1A0GB
GYTLWNDQIVKDEEVKIDKEDRGYQFGDGVYEVVKVYNGEMFTVNEHIDRLYASAEKIRITIPYTKDKFHQLLHELVEKNELNTGHIYFQVTRGTSPRAHQFPENTVKPVIIGYTKENPRPLENLEKGVKATFVEDIRWLRCDIKSLNLLGAVLAKQEAHEKGCYEAILHRNNTVTEGSSSNVFGIKDGILYTHPANNMIAKGITRDVVIACANEINMPVKEIPFTTHEALKMDELFVTSTTSEITPVIEIDGKLIRDGKVGEWTRKLQKQFETKIPKPLHI
CEEEECCEEEEHHHCCECCCEHHHHCCCEEEEEEEEECCEECCHHHHHHHHHHHHHHCCCCCCCCHHHHHHHHHHHHHHHCCCCEEEEEEEECCECCCCCCCCCCCCCCEEEEEEEECCCCHHHHHHCEEEEEEECCCCCCCCCCECCCHHHHHHHHHHHHCCCCEEEEEECCEEEEECCCEEEEEECCEEEECCCCCCCCCCHHHHHHHHHHHHCCCCEECCCCEHHHHCCCCEEEEEECCCEEEEEEEECCEECCCCCCCHHHHHHHHHHHCCCCCCCCC
0 0 0 0 0 0 0 0 0 0 0 0 0 0 0 0 0 0 0 0 0 0 0 0 0 0 0 0 0 0 0 0 0 0 0 0 0 0 0 0 0 0 0 0 0 0 0 0 0 0 0 0 0 0 0 0 0 0 0 0 0 0 0 0 0 0 0 0 0 0 0 0 0 0 0 0 0 0 0 0 0 0 0 0 0 0 0 0 0 0 0 0 0 0 0 0 0 0 0 0 0 0 0 0 0 0 0 0 0 0 0 0 0 0 0 0 0 0 0 0 0 0 0 0 0 0 0 0 0 0 0 0 0 0 0 0 0 0 0 0 0 0 0 0 0 0 0 0 0 0 0 0 0 0 0 0 0 0 0 0 0 0 0 0 0 0 0 0 0 0 0 0 0 0 0 0 0 0 0 0 0 0 0 0 0 0 0 0 0 0 0 0 0 0 0 0 0 0 0 0 0 0 0 0 0 0 0 0 0 0 0 0 0 0 0 0 0 0 0 0 0 0 0 0 0 0 0 0 0 0 0 0 0 0 0 0 0 0 0 0 0 0 0 0 0 0 0 0 0 0 0 0 0 0 0 0 0 0 0 0 0 0 0 0 0 0 0 0 0 0 0 0 0 0 0 0 0 0 0 0 0 0 
0 0 0 0 0 0 0 0 0 0 0 0 0 0 0 0 0 0 0 0 0 0 0 0 0 0 0 0 0 0 0 0 0 0 0 0 0 0 0 0 0 0 0 0 0 0 0 0 0 0 0 0 0 0 0 0 0 0 0 0 0 0 0 0 0 0 0 0 0 0 0 0 0 0 0 0 0 0 0 0 0 0 0 0 0 0 0 0 0 0 0 0 0 0 0 0 0 0 0 0 0 0 0 0 0 0 0 0 0 0 0 0 0 0 0 0 0 0 0 0 0 0 0 0 0 0 0 0 0 0 0 0 0 0 0 0 0 0 0 0 0 0 0 0 0 0 0 0 0 0 0 0 0 0 0 0 0 0 0 0 0 0 0 0 0 0 0 0 0 0 0 0 0 0 0 0 0 0 0 0 0 0 0 0 0 0 0 0 0 0 0 0 0 0 0 0 0 0 0 0 0 0 0 0 0 0 0 0 0 0 0 0 0 0 0 0 0 0 0 0 0 0 0 0 0 0 0 0 0 0 0 0 0 0 0 0 0 0 0 0 0 0 0 0 0 0 0 0 0 0 0 0 0 0 0 0 0 0 0 0 0 0 0 0 0 0 0 0 0 0 0 0 0 0 0 0 0 0 0 0 0 0 
0 0.00409461 0.00387407 0.0064729 0.0076453 0.00696919 0.00790122 0.887367 0.0158285 0.0130432 0.0302117 0.0143284 0.0125456 0.0198294 0.0140867 0.0148516 0.0175307 0.0134217 0.0188913 0.0128556 0.0117733 0.0103463 0.00965829 0.0101848 0.0106395 0.0105351 0.00994552 0.00964158 0.0110726 0.00997618 0.0101252 0.0101481 0.00973625 0.00957291 0.00867127 0.00841276 0.00830812 0.00929229 0.00852937 0.00849289 0.00867654 0.00871264 0.00863229 0.00852144 0.00931112 0.00870739 0.00832874 0.00840835 0.00840587 0.00843464 0.00831759 0.00862045 0.0083362 0.00822477 0.00831461 0.00871924 0.00852555 0.0083426 0.00832855 0.00848917 0.00838522 0.00847084 0.00846222 0.00832857 0.00833849 0.00838699 0.0086989 0.00831214 0.00829823 0.00946328 0.00839565 0.00843528 0.00843481 0.00836382 0.00835191 0.00883953 0.00850204 0.00836911 0.00838933 0.0085471 0.00834802 0.00842935 0.00867093 0.00905359 0.00835953 0.0086073 
0.00409461 0 0.00407049 0.00384456 0.00427081 0.0054799 0.887574 0.0188973 0.00849297 0.00700197 0.0147017 0.0280665 0.0190389 0.019402 0.0200223 0.018838 0.0190208 0.0203102 0.0104867 0.0102215 0.00930192 0.0101994 0.0132919 0.0134877 0.0131092 0.0124271 0.0121174 0.0120131 0.00901027 0.00834507 0.00987059 0.0117356 0.0117623 0.0102533 0.00910782 0.00839222 0.00845471 0.00819814 0.00835164 0.00864845 0.00874277 0.00899577 0.00861087 0.0085366 0.00827193 0.00812726 0.00818156 0.00853453 0.00873816 0.00851035 0.0085223 0.008214 0.00811806 0.00834093 0.00846499 0.00844862 0.00816602 0.00813281 0.00840627 0.00855566 0.00845778 0.00836405 0.00820375 0.00816056 0.00840162 0.00843185 0.00827202 0.00825445 0.00822462 0.0083502 0.00835766 0.00840296 0.00847356 0.00845106 0.00836375 0.00833185 0.00842476 0.00839513 0.00839789 0.00842046 0.00844551 0.00849816 0.00848825 0.00852751 0.00832084 0.00834795 
0.00387407 0.00407049 0 0.00376756 0.00416232 0.927943 0.012019 0.00399003 0.0087992 0.00673221 0.0107412 0.0336499 0.017081 0.0186929 0.0155282 0.0166823 0.0169348 0.0218097 0.0100953 0.00873742 0.0104987 0.00934767 0.0120222 0.0145023 0.0123173 0.0122362 0.0131948 0.0155979 0.00891861 0.00819086 0.00934579 0.01334 0.0117524 0.0107304 0.00892322 0.00847886 0.00827026 0.00814876 0.00834425 0.0085288 0.00911695 0.00870791 0.0087318 0.00881014 0.00829366 0.00814766 0.00821445 0.00852949 0.00866744 0.00861419 0.00836865 0.00824105 0.00809854 0.00836759 0.0083855 0.00832477 0.00824933 0.00816128 0.00836807 0.00853456 0.00844712 0.00824546 0.00822434 0.00823968 0.00843351 0.00829628 0.00825083 0.00821892 0.00815841 0.00814379 0.00832908 0.00842669 0.00856066 0.00846683 0.0084054 0.00827935 0.00837974 0.00837506 0.00844899 0.00857755 0.00843485 0.00849878 0.00846907 0.00838804 0.00829192 0.00833601 
0.0064729 0.00384456 0.00376756 0 0.966754 0.00442075 0.00388573 0.0040554 0.00773832 0.00762462 0.0193486 0.0105074 0.0138409 0.0123679 0.0107848 0.0104573 0.0108941 0.0109545 0.0124418 0.0118348 0.0114702 0.0120381 0.00993585 0.00895407 0.0101082 0.00892701 0.00932934 0.00985054 0.0106901 0.00987397 0.0131326 0.00899655 0.00908846 0.00895873 0.008449 0.00829834 0.00818484 0.00824004 0.00922553 0.00841229 0.00844919 0.00858081 0.0083607 0.00827439 0.00835755 0.00863079 0.00830324 0.00844981 0.00845123 0.00842024 0.00818559 0.00820909 0.00842941 0.00820016 0.00824516 0.00825074 0.00819969 0.00843597 0.00828761 0.00845412 0.00831139 0.00822173 0.0081594 0.0086408 0.00827093 0.00821038 0.00824094 0.00816071 0.00824882 0.00873241 0.00830412 0.00841293 0.00861791 0.00823967 0.00823608 0.00822339 0.00851459 0.00829725 0.00824175 0.00829687 0.00824561 0.00828667 0.00829618 0.00838052 0.00827451 0.00833168 
0.0076453 0.00427081 0.00416232 0.966754 0 0.00383258 0.00381068 0.00402145 0.00620704 0.00745584 0.018905 0.0091426 0.00937951 0.0180738 0.0086512 0.009511 0.0121064 0.0102566 0.0143088 0.0109299 0.0098048 0.00947933 0.00914499 0.00871994 0.0096533 0.00866069 0.00913837 0.00905975 0.0102748 0.0107931 0.00931126 0.00922218 0.00883434 0.00858659 0.00836963 0.00820537 0.0082267 0.00899481 0.0082207 0.00857716 0.00838595 0.00848611 0.00827747 0.00820391 0.008846 0.0089414 0.0083437 0.00832231 0.00835211 0.00823587 0.00820469 0.00830199 0.00847338 0.00818476 0.00821153 0.00820252 0.00826157 0.0082018 0.00829158 0.00827388 0.00834023 0.00823477 0.00834026 0.00820505 0.00831592 0.00822518 0.00833237 0.00809862 0.00822565 0.0105299 0.00821617 0.00838269 0.00833184 0.00829868 0.00829858 0.00839104 0.00832909 0.00833887 0.00830153 0.00830809 0.00833787 0.00830251 0.00862426 0.00845315 0.00824244 0.00847548 
0.00696919 0.0054799 0.927943 0.00442075 0.00383258 0 0.00377732 0.00377945 0.00833934 0.00592101 0.0118301 0.0168129 0.0164787 0.0109535 0.0143 0.0114758 0.0110325 0.0152074 0.0104564 0.00905973 0.0093052 0.0093469 0.0099019 0.0120159 0.00942544 0.0117704 0.00989995 0.0103753 0.00885807 0.00849228 0.00902225 0.0102281 0.0100268 0.00953674 0.00866554 0.00831409 0.00833789 0.00828694 0.00826137 0.00839726 0.00883445 0.00868393 0.00848914 0.00842113 0.00824396 0.00824356 0.0082223 0.00852568 0.00859865 0.0085143 0.00839366 0.00821921 0.00814623 0.00835948 0.00840325 0.00841695 0.0082032 0.0082078 0.00842944 0.00849438 0.00844412 0.00837025 0.00819406 0.00825569 0.0083806 0.00838588 0.00827875 0.00828344 0.00826703 0.00837236 0.00838525 0.00846042 0.00843104 0.00841719 0.00834227 0.0083356 0.00860947 0.00838092 0.00839428 0.00841538 0.00841119 0.00850641 0.00842928 0.00873529 0.00835047 0.00829618 
0.00790122 0.887574 0.012019 0.00388573 0.00381068 0.00377732 0 0.00379429 0.00693581 0.00539626 0.0150376 0.0262285 0.0106053 0.0114664 0.0103955 0.0104574 0.0104245 0.012213 0.00935222 0.00917917 0.010715 0.00969415 0.0110676 0.00996506 0.00990621 0.0093157 0.0100114 0.0112101 0.00862953 0.00847627 0.00963485 0.0102147 0.0094598 0.00908768 0.00852275 0.00824247 0.00823662 0.00817173 0.00875875 0.0084331 0.0084785 0.00849142 0.00831232 0.00829402 0.00821378 0.00821214 0.0081915 0.00847074 0.00848193 0.0083698 0.0082857 0.00817528 0.00823119 0.00835709 0.00830105 0.00830305 0.00817713 0.00829249 0.00828551 0.00839039 0.00835625 0.0082706 0.00820588 0.00840659 0.00834329 0.00824305 0.0082414 0.00820754 0.00812472 0.00835477 0.00827374 0.00832071 0.00833938 0.00830473 0.00826599 0.00819472 0.00838526 0.0082796 0.00827803 0.00837962 0.00830955 0.00831559 0.00828123 0.00831262 0.00825379 0.0082088 
0.887367 0.0188973 0.00399003 0.0040554 0.00402145 0.00377945 0.00379429 0 0.019581 0.00648776 0.0260055 0.00929217 0.00864598 0.00970462 0.00836766 0.0084271 0.009575 0.00871835 0.00937488 0.0130399 0.0104087 0.0136771 0.0103579 0.00860083 0.00910294 0.00891848 0.00881857 0.00874534 0.00901947 0.010362 0.0122079 0.00883337 0.00861675 0.00858582 0.00841827 0.00828272 0.00816617 0.00822301 0.0102323 0.00845197 0.00835039 0.00851491 0.00829822 0.00822391 0.00830255 0.00906715 0.00839034 0.00848913 0.00831439 0.00825299 0.00819286 0.00815251 0.00866195 0.00823575 0.00822565 0.0082059 0.00814209 0.0085238 0.00823687 0.00831269 0.00828423 0.00815694 0.00813089 0.00874456 0.00841054 0.00819161 0.00838679 0.00829656 0.00820846 0.00949942 0.00839212 0.0083258 0.0083273 0.00821231 0.0081574 0.00824703 0.00878347 0.00823987 0.00822419 0.00826016 0.00824334 0.00823115 0.00827795 0.00826994 0.00837761 0.00830586 
0.0158285 0.00849297 0.0087992 0.00773832 0.00620704 0.00833934 0.00693581 0.019581 0 0.0518224 0.0141424 0.0117629 0.0099576 0.00812981 0.00986509 0.0109691 0.00847294 0.0142294 0.0227978 0.0116857 0.0327139 0.0192943 0.00909489 0.0102155 0.00848597 0.0101529 0.00864557 0.00987512 0.010946 0.015954 0.0147853 0.00980124 0.00946417 0.00874324 0.00850542 0.00838522 0.00827752 0.00901622 0.0184903 0.00821936 0.0105742 0.00834127 0.00855256 0.00922973 0.00860991 0.0127698 0.00973596 0.00938369 0.00830223 0.00846965 0.00821369 0.00914574 0.00939211 0.00932314 0.00836139 0.00823031 0.00952123 0.00956086 0.00849547 0.00838613 0.00823902 0.00874827 0.0085657 0.00947622 0.00836369 0.00831761 0.00875481 0.00948888 0.00920529 0.0107294 0.0086419 0.00878346 0.00836027 0.00850144 0.00825955 0.00900219 0.00903344 0.00887336 0.00832857 0.0083669 0.00843424 0.00993807 0.00826361 0.0124285 0.00951315 0.00904247 
0.0130432 0.00700197 0.00673221 0.00762462 0.00745584 0.00592101 0.00539626 0.00648776 0.0518224 0 0.0136976 0.00629116 0.00537571 0.00544213 0.00666519 0.00613765 0.00635465 0.00663797 0.00802063 0.0118277 0.018275 0.0126861 0.00981621 0.00856202 0.00883764 0.00874593 0.00874041 0.00901127 0.0105241 0.031261 0.0123426 0.00923751 0.00858806 0.00851338 0.00822614 0.00820022 0.00813268 0.00866304 0.00935683 0.00837312 0.00826351 0.00830443 0.00831497 0.00824878 0.00915024 0.0108543 0.00843146 0.00831974 0.00820183 0.00822103 0.00821762 0.00835065 0.00871061 0.0081725 0.00817755 0.00827287 0.0084728 0.00855811 0.00821291 0.00819033 0.0082364 0.00817739 0.00831921 0.00839902 0.00819747 0.00824762 0.00843871 0.00831439 0.00824748 0.0145004 0.00826496 0.00825648 0.00821408 0.00819359 0.00822105 0.00849988 0.00850599 0.00822223 0.00818704 0.00818473 0.00819292 0.0082133 0.00838893 0.00845757 0.00837637 0.00852624 
0.0302117 0.0147017 0.0107412 0.0193486 0.018905 0.0118301 0.0150376 0.0260055 0.0141424 0.0136976 0 0.0038032 0.00381872 0.00379638 0.00378381 0.00397188 0.00423296 0.00552053 0.00962652 0.00697601 0.00970078 0.0301233 0.0114568 0.0113689 0.0116552 0.0121624 0.0110507 0.0117303 0.0390842 0.0116081 0.013546 0.0114414 0.0110159 0.00974267 0.00898429 0.00864958 0.00869561 0.0112514 0.00844819 0.00863213 0.00883128 0.00901387 0.00878697 0.00907978 0.0106383 0.00952046 0.0085088 0.00848988 0.00861966 0.00848927 0.00849382 0.00891146 0.00824445 0.00824947 0.00834482 0.00849691 0.00874287 0.00823978 0.00836448 0.00867396 0.00852144 0.00845882 0.00863188 0.00826468 0.0083217 0.00858284 0.00889159 0.00810891 0.00818469 0.00934409 0.00823202 0.00837331 0.00839294 0.00840291 0.00840057 0.0085844 0.00824788 0.00832206 0.00834906 0.00837623 0.00835883 0.00840906 0.00849228 0.00877182 0.00811247 0.00849159 
0.0143284 0.0280665 0.0336499 0.0105074 0.0091426 0.0168129 0.0262285 0.00929217 0.0117629 0.00629116 0.0038032 0 0.00382463 0.00376343 0.00379837 0.00386593 0.00440185 0.0058561 0.00586937 0.00623342 0.00751233 0.0131795 0.0295333 0.0163949 0.0178958 0.0206796 0.0202942 0.0564309 0.0111133 0.00894932 0.0114488 0.0229595 0.0200889 0.0166454 0.0106762 0.00905043 0.00936283 0.00853121 0.00848951 0.00941485 0.0105325 0.010423 0.010069 0.00981438 0.00876276 0.00845165 0.00834637 0.0091785 0.00967269 0.00939227 0.00871938 0.00842037 0.00813197 0.00844188 0.00872033 0.0087613 0.00841218 0.00823702 0.00887547 0.00923376 0.00908308 0.00853695 0.00840602 0.00824708 0.00885166 0.00917902 0.00854923 0.00815322 0.00819894 0.00831774 0.00835432 0.00869598 0.00855173 0.00856041 0.00846541 0.00832319 0.00839798 0.00844418 0.00843066 0.00841631 0.00843095 0.00849637 0.00847317 0.00838763 0.00820258 0.008256 
0.0125456 0.0190389 0.017081 0.0138409 0.00937951 0.0164787 0.0106053 0.00864598 0.0099576 0.00537571 0.00381872 0.00382463 0 0.00375972 0.0037738 0.00381145 0.00392223 0.00428161 0.00421044 0.00560409 0.0072743 0.014993 0.0168111 0.048823 0.0234991 0.0465101 0.0657208 0.0207376 0.0112028 0.00856267 0.00985376 0.0230443 0.0373037 0.0277501 0.0153365 0.0104342 0.00849483 0.00862043 0.00844902 0.00927792 0.0152363 0.0132685 0.0129706 0.0093143 0.00906001 0.00834274 0.00847984 0.00940032 0.0107379 0.010213 0.00875672 0.00837277 0.00823956 0.00854195 0.00895085 0.00876223 0.00834621 0.00833888 0.00918137 0.0101466 0.00937742 0.00858402 0.0083526 0.00840377 0.00907169 0.0087804 0.00856602 0.00826101 0.00817537 0.00817693 0.00836902 0.00862862 0.00874098 0.00868239 0.00832563 0.00839741 0.00835662 0.00846926 0.00847106 0.00854136 0.00845441 0.00862615 0.00842988 0.00841043 0.00821323 0.00824462 
0.0198294 0.019402 0.0186929 0.0123679 0.0180738 0.0109535 0.0114664 0.00970462 0.00812981 0.00544213 0.00379638 0.00376343 0.00375972 0 0.00374789 0.00376806 0.00379916 0.00378582 0.00386079 0.00499506 0.00634084 0.0157299 0.0361223 0.0251722 0.0795491 0.0606834 0.0469502 0.0235273 0.0122915 0.00870423 0.0124464 0.0256508 0.0497329 0.035449 0.0221804 0.0117761 0.00908472 0.00858174 0.00866151 0.011949 0.0136434 0.0210629 0.0140826 0.00974261 0.00910479 0.00864328 0.00851182 0.0100187 0.0127945 0.0113157 0.00877134 0.00847633 0.00843366 0.00858086 0.00956959 0.0090185 0.00839224 0.00854704 0.00931987 0.0105175 0.0104664 0.00850846 0.00839351 0.00858675 0.00898804 0.00907626 0.00838313 0.00820088 0.00819046 0.00839755 0.00847899 0.00871901 0.00897984 0.00869089 0.0084227 0.00831005 0.00856586 0.00849832 0.00866742 0.0085545 0.00848034 0.00856782 0.00856839 0.00829625 0.00825671 0.00820809 
0.0140867 0.0200223 0.0155282 0.0107848 0.0086512 0.0143 0.0103955 0.00836766 0.00986509 0.00666519 0.00378381 0.00379837 0.0037738 0.00374789 0 0.00376359 0.00376084 0.003766 0.00378551 0.00412151 0.00810883 0.0317134 0.0185919 0.065455 0.0562102 0.0479849 0.033489 0.022306 0.0116607 0.00850491 0.0108365 0.0309104 0.0442817 0.049823 0.0186063 0.0115464 0.00862271 0.00846291 0.00899529 0.00932793 0.0235012 0.0152882 0.0149263 0.0101787 0.00891516 0.0083641 0.00846898 0.00982938 0.0126811 0.0105758 0.00893979 0.00848513 0.0082419 0.00859133 0.00939799 0.00894351 0.00836965 0.00838844 0.00918166 0.0104849 0.00963168 0.00901085 0.00835424 0.00847397 0.009 0.00894553 0.0088037 0.00820507 0.00818935 0.00819345 0.00846544 0.00888345 0.00868796 0.00874504 0.00842491 0.00829202 0.00855321 0.00857386 0.00855657 0.00869578 0.00850755 0.00870521 0.00843953 0.00834578 0.00823606 0.00824595 
0.0148516 0.018838 0.0166823 0.0104573 0.009511 0.0114758 0.0104574 0.0084271 0.0109691 0.00613765 0.00397188 0.00386593 0.00381145 0.00376806 0.00376359 0 0.00378986 0.00381198 0.00383297 0.00416993 0.00578852 0.0157387 0.0296778 0.0753604 0.0342481 0.0466627 0.0373552 0.0234118 0.0114385 0.00848563 0.0118936 0.0265311 0.070133 0.0404506 0.0203822 0.0111536 0.00881327 0.00841251 0.00889489 0.010018 0.0177272 0.0170217 0.014741 0.00952448 0.00869196 0.00835141 0.00848342 0.00957793 0.010849 0.0112284 0.0087856 0.00833967 0.00831249 0.00853128 0.00910666 0.00888858 0.00830123 0.0084759 0.0091078 0.00979647 0.0101806 0.00868821 0.00833584 0.00842978 0.00890769 0.00874149 0.00845064 0.00819713 0.00817727 0.00817499 0.0086328 0.00872625 0.00865316 0.00865909 0.0083451 0.00823111 0.00872882 0.00845642 0.00849967 0.00845845 0.00840113 0.00862978 0.00834222 0.00838184 0.00819753 0.00823625 
0.0175307 0.0190208 0.0169348 0.0108941 0.0121064 0.0110325 0.0104245 0.009575 0.00847294 0.00635465 0.00423296 0.00440185 0.00392223 0.00379916 0.00376084 0.00378986 0 0.00375806 0.00379848 0.00735723 0.0119971 0.0258895 0.0820769 0.0213316 0.0661003 0.0232705 0.0572817 0.0220105 0.0113089 0.0087758 0.0119524 0.0327547 0.0505014 0.033881 0.018925 0.0105653 0.00882461 0.00855999 0.00888473 0.0133142 0.0121876 0.0187804 0.0148979 0.0091865 0.00884832 0.008507 0.00855812 0.00947941 0.012415 0.0104262 0.00899944 0.00837247 0.00853106 0.00852711 0.00943632 0.00896514 0.00834134 0.0085348 0.00903071 0.0110388 0.0100315 0.00875515 0.00836862 0.00854224 0.00892771 0.009024 0.00836333 0.0082305 0.00811547 0.008362 0.00846759 0.00873434 0.00890029 0.00881693 0.00837175 0.00829227 0.00852788 0.00856354 0.00860453 0.00878697 0.00848264 0.00866171 0.00852825 0.00827535 0.00822801 0.00822576 
0.0134217 0.0203102 0.0218097 0.0109545 0.0102566 0.0152074 0.012213 0.00871835 0.0142294 0.00663797 0.00552053 0.0058561 0.00428161 0.00378582 0.003766 0.00381198 0.00375806 0 0.00385714 0.00646018 0.969997 0.0266389 0.0197982 0.0257233 0.0143889 0.0219556 0.0158875 0.0332946 0.0127221 0.00908142 0.0153606 0.0252288 0.0172363 0.0156941 0.0108318 0.00887141 0.00873103 0.00836943 0.00958268 0.00897539 0.0119201 0.00986863 0.00921599 0.0102089 0.00863456 0.00862016 0.00849521 0.00937679 0.00910791 0.0096479 0.0085472 0.00832883 0.00841665 0.00895737 0.00861908 0.00874849 0.0082541 0.0086422 0.00885305 0.0096759 0.00899151 0.00841294 0.00825177 0.00879571 0.00906298 0.00880859 0.00850452 0.00816346 0.008178 0.00855358 0.0086671 0.00862727 0.00863867 0.0083892 0.00832343 0.00823698 0.00873265 0.0083895 0.00844288 0.0084339 0.00832616 0.00838205 0.00827927 0.00828987 0.00828714 0.00822389 
0.0188913 0.0104867 0.0100953 0.0124418 0.0143088 0.0104564 0.00935222 0.00937488 0.0227978 0.00802063 0.00962652 0.00586937 0.00421044 0.00386079 0.00378551 0.00383297 0.00379848 0.00385714 0 0.990192 0.0092634 0.0263361 0.0116827 0.0110859 0.0132811 0.00983223 0.0107323 0.0119326 0.0146037 0.0125443 0.0172007 0.0100167 0.0101284 0.00942424 0.00871028 0.0084131 0.00827436 0.00856117 0.0122047 0.0085461 0.0088036 0.00870333 0.0085562 0.00854539 0.00890528 0.00963147 0.00881076 0.00862942 0.00858184 0.00849505 0.00829776 0.00828923 0.00880866 0.00841451 0.00831054 0.00834582 0.00841483 0.00876766 0.00847846 0.00855013 0.00849564 0.00824834 0.00833977 0.00937166 0.00847289 0.00832393 0.00854945 0.00834566 0.00822947 0.00873777 0.00846273 0.00840806 0.00847538 0.00828894 0.00821473 0.00830699 0.00852958 0.00823848 0.00823481 0.00826389 0.00823679 0.00832938 0.00832075 0.00882814 0.00839019 0.00831569 
0.0128556 0.0102215 0.00873742 0.0118348 0.0109299 0.00905973 0.00917917 0.0130399 0.0116857 0.0118277 0.00697601 0.00623342 0.00560409 0.00499506 0.00412151 0.00416993 0.00735723 0.00646018 0.990192 0 0.00436443 0.0121857 0.0121455 0.00905482 0.00896635 0.00922959 0.0092809 0.0101738 0.0120004 0.0151011 0.00967807 0.0091908 0.00860239 0.00846658 0.00825603 0.00814017 0.00822866 0.00899328 0.00826596 0.00892461 0.00818909 0.00857452 0.0082566 0.0082482 0.00889874 0.00927914 0.00820151 0.00832089 0.00827169 0.00819229 0.00821285 0.00824423 0.00868828 0.00819514 0.00821871 0.00819512 0.00820245 0.00822589 0.00812595 0.00824746 0.00817441 0.00809772 0.00822871 0.00818599 0.00824942 0.00818706 0.00827007 0.00807627 0.00821593 0.0105225 0.00809219 0.00822114 0.00819773 0.00819335 0.00819577 0.00827475 0.00832245 0.00819191 0.0081601 0.0081936 0.00815078 0.00821209 0.00843568 0.00830198 0.00811269 0.00835272 
0.0117733 0.00930192 0.0104987 0.0114702 0.0098048 0.0093052 0.010715 0.0104087 0.0327139 0.018275 0.00970078 0.00751233 0.0072743 0.00634084 0.00810883 0.00578852 0.0119971 0.969997 0.0092634 0.00436443 0 0.0162437 0.0102944 0.010798 0.0109328 0.0110718 0.0110739 0.0161728 0.0163741 0.0144686 0.0121042 0.00944239 0.00936134 0.00896371 0.00840005 0.00825502 0.00838065 0.00860461 0.0106566 0.00832294 0.00851267 0.00837426 0.00837538 0.00865785 0.00870527 0.00910301 0.00836104 0.00836654 0.00832543 0.00833677 0.00836867 0.00835106 0.00835541 0.00823153 0.00821906 0.00848056 0.00842063 0.00828259 0.00825718 0.0083113 0.00825661 0.00827357 0.00827478 0.00842702 0.00828774 0.00835729 0.00838678 0.00830484 0.00830478 0.00873907 0.00833399 0.0082483 0.0083243 0.00820579 0.00822735 0.00834518 0.00853321 0.0082156 0.00822292 0.00824099 0.0081743 0.0082643 0.00825242 0.00843628 0.00819604 0.0082369 
0.0103463 0.0101994 0.00934767 0.0120381 0.00947933 0.0093469 0.00969415 0.0136771 0.0192943 0.0126861 0.0301233 0.0131795 0.014993 0.0157299 0.0317134 0.0157387 0.0258895 0.0266389 0.0263361 0.0121857 0.0162437 0 0.00410035 0.00384677 0.00381426 0.00384894 0.00397041 0.0041308 0.0106234 0.00932698 0.0423469 0.0177098 0.0146241 0.0121184 0.0101838 0.0100546 0.00957151 0.104319 0.0129423 0.00992898 0.0129674 0.00971731 0.0119797 0.0103915 0.0166513 0.0141311 0.0112983 0.0100239 0.00905065 0.00937258 0.0091816 0.0137011 0.00903333 0.00871504 0.00850712 0.00907176 0.0120609 0.00904067 0.00876013 0.0088701 0.00885318 0.00912905 0.0098258 0.00883492 0.00872584 0.00904392 0.0114234 0.00824871 0.00838152 0.00963359 0.00844494 0.00842838 0.00835524 0.0083972 0.00831218 0.00918113 0.00846586 0.00837635 0.00826796 0.00826355 0.00829364 0.00865379 0.00820937 0.00938331 0.00809493 0.00843175 
0.00965829 0.0132919 0.0120222 0.00993585 0.00914499 0.0099019 0.0110676 0.0103579 0.00909489 0.00981621 0.0114568 0.0295333 0.0168111 0.0361223 0.0185919 0.0296778 0.0820769 0.0197982 0.0116827 0.0121455 0.0102944 0.00410035 0 0.00378847 0.00377922 0.00377899 0.00377373 0.00454964 0.00410849 0.00762696 0.0291195 0.0745046 0.0297371 0.024448 0.0174282 0.0109056 0.122588 0.0103223 0.00945024 0.0303868 0.010466 0.0285086 0.0200348 0.0147794 0.0130475 0.0109027 0.00956009 0.0154478 0.0226351 0.0134318 0.0143816 0.00876573 0.00876887 0.00884555 0.0121791 0.0119985 0.00933423 0.00910392 0.0112671 0.0153384 0.0157249 0.00946032 0.00879801 0.00883284 0.0111515 0.0117406 0.00920609 0.00818059 0.00817756 0.00858158 0.00861859 0.00927688 0.00983248 0.00888244 0.00897957 0.0087962 0.00848664 0.00853981 0.00860516 0.00855116 0.00899233 0.00848465 0.00900747 0.0083172 0.00815979 0.0083676 
0.0101848 0.0134877 0.0145023 0.00895407 0.00871994 0.0120159 0.00996506 0.00860083 0.0102155 0.00856202 0.0113689 0.0163949 0.048823 0.0251722 0.065455 0.0753604 0.0213316 0.0257233 0.0110859 0.00905482 0.010798 0.00384677 0.00378847 0 0.00377251 0.0037558 0.0037777 0.00374311 0.00384418 0.0046758 0.0221473 0.0461472 0.0476371 0.0447089 0.019566 0.151659 0.00914051 0.00881529 0.0144171 0.00959962 0.0799364 0.0167852 0.0351577 0.0173507 0.00996298 0.00913318 0.00939014 0.0217268 0.0271492 0.0483836 0.0104954 0.00967259 0.00840996 0.0120294 0.0136362 0.0115883 0.00897069 0.00930791 0.0153003 0.0259246 0.0178782 0.0115418 0.00867834 0.00969509 0.013075 0.0120816 0.00893526 0.00822289 0.00812251 0.00817794 0.00867711 0.00989441 0.0111494 0.0122553 0.00893241 0.00853636 0.00859344 0.00925257 0.00895863 0.00996775 0.00924843 0.00972279 0.0086119 0.00845124 0.00825086 0.00818716 
0.0106395 0.0131092 0.0123173 0.0101082 0.0096533 0.00942544 0.00990621 0.00910294 0.00848597 0.00883764 0.0116552 0.0178958 0.0234991 0.0795491 0.0562102 0.0342481 0.0661003 0.0143889 0.0132811 0.00896635 0.0109328 0.00381426 0.00377922 0.00377251 0 0.00376407 0.00369785 0.00375005 0.00379176 0.0040808 0.0238339 0.0334426 0.0854648 0.0505099 0.215081 0.0123571 0.0105503 0.00927211 0.00923452 0.0318249 0.0123429 0.0991421 0.0319546 0.0133178 0.0122653 0.00909254 0.0100437 0.0171297 0.0649077 0.0264755 0.0175399 0.00889013 0.00941682 0.00905939 0.0209494 0.0127086 0.00941381 0.00966093 0.0121413 0.033431 0.0255208 0.00993652 0.00887044 0.00976811 0.0115056 0.0134431 0.00920623 0.00815933 0.00815517 0.00837734 0.00865437 0.00939508 0.0116609 0.00978414 0.00934454 0.00839373 0.0087993 0.00864925 0.0101073 0.00893052 0.00917715 0.00924998 0.00890767 0.00831466 0.00820178 0.00821492 
0.0105351 0.0124271 0.0122362 0.00892701 0.00866069 0.0117704 0.0093157 0.00891848 0.0101529 0.00874593 0.0121624 0.0206796 0.0465101 0.0606834 0.0479849 0.0466627 0.0232705 0.0219556 0.00983223 0.00922959 0.0110718 0.00384894 0.00377899 0.0037558 0.00376407 0 0.00374864 0.00376199 0.0037783 0.00400404 0.0184757 0.0514534 0.0519501 0.277353 0.0229027 0.0165938 0.00995284 0.00897349 0.0142061 0.0100915 0.0940704 0.0229745 0.0300647 0.0175991 0.00963377 0.00934882 0.00977936 0.027443 0.0277347 0.0397804 0.0103997 0.00896265 0.00856251 0.0120703 0.0130721 0.011714 0.00873299 0.00938013 0.0198525 0.0246383 0.0202923 0.011568 0.00853052 0.0093965 0.012824 0.0118869 0.00886611 0.00822201 0.00814678 0.00827018 0.00883014 0.0110388 0.00980979 0.0113498 0.00872003 0.00851545 0.0086869 0.0098443 0.00892483 0.00985661 0.00900595 0.00989624 0.00860048 0.00832886 0.00819962 0.00821492 
0.00994552 0.0121174 0.0131948 0.00932934 0.00913837 0.00989995 0.0100114 0.00881857 0.00864557 0.00874041 0.0110507 0.0202942 0.0657208 0.0469502 0.033489 0.0373552 0.0572817 0.0158875 0.0107323 0.0092809 0.0110739 0.00397041 0.00377373 0.0037777 0.00369785 0.00374864 0 0.00375229 0.00378576 0.00387128 0.0363134 0.046579 0.315304 0.0326493 0.0305743 0.0157498 0.0106314 0.0092756 0.00942349 0.0287327 0.0184394 0.0574872 0.0423095 0.0157184 0.0109878 0.00928413 0.0102778 0.0201389 0.0572017 0.0310832 0.0142767 0.00880178 0.00893035 0.00922496 0.0219832 0.01294 0.00882334 0.00988961 0.0128539 0.0322839 0.0237679 0.00954271 0.00860792 0.0092639 0.012526 0.0132784 0.00898418 0.00815343 0.00815073 0.00856227 0.00965693 0.00936321 0.0109356 0.0100523 0.00937526 0.0084217 0.00866837 0.00873853 0.00958501 0.00893898 0.00947453 0.00941778 0.00889481 0.0083033 0.00819394 0.00815539 
0.00964158 0.0120131 0.0155979 0.00985054 0.00905975 0.0103753 0.0112101 0.00874534 0.00987512 0.00901127 0.0117303 0.0564309 0.0207376 0.0235273 0.022306 0.0234118 0.0220105 0.0332946 0.0119326 0.0101738 0.0161728 0.0041308 0.00454964 0.00374311 0.00375005 0.00376199 0.00375229 0 0.00377699 0.00494033 0.0247288 0.333148 0.0298134 0.0484405 0.018162 0.0173228 0.014812 0.0098502 0.0132339 0.0148811 0.0219634 0.0151329 0.0237675 0.0347 0.014281 0.0104073 0.00994205 0.0167938 0.0217863 0.0230818 0.0163363 0.00904756 0.00869653 0.0132886 0.010754 0.0186314 0.00925218 0.00922792 0.0155703 0.0155889 0.014968 0.0121933 0.008617 0.00990143 0.0126892 0.0164003 0.00948793 0.00823801 0.00819964 0.00844041 0.00863361 0.00975718 0.00922815 0.00961444 0.00880614 0.00847806 0.00843346 0.00908516 0.00868531 0.00892771 0.00875133 0.0090463 0.00853054 0.00837382 0.0081541 0.00820249 
0.0110726 0.00901027 0.00891861 0.0106901 0.0102748 0.00885807 0.00862953 0.00901947 0.010946 0.0105241 0.0390842 0.0111133 0.0112028 0.0122915 0.0116607 0.0114385 0.0113089 0.0127221 0.0146037 0.0120004 0.0163741 0.0106234 0.00410849 0.00384418 0.00379176 0.0037783 0.00378576 0.00377699 0 0.0325397 0.181079 0.0176887 0.0376513 0.0179315 0.0180935 0.0113623 0.0121458 0.0133487 0.0172063 0.0115041 0.0109306 0.0128617 0.0114248 0.0130606 0.0215801 0.0142342 0.0131092 0.0104974 0.0109999 0.0128643 0.0105096 0.00949027 0.0108408 0.00896285 0.00899603 0.0108245 0.011639 0.0132671 0.00934682 0.0102199 0.00983851 0.00878531 0.00895376 0.0130599 0.00945236 0.0105752 0.0106119 0.00833195 0.00817122 0.00940344 0.0092233 0.00866971 0.00879778 0.0088706 0.00852351 0.00898226 0.00937518 0.00844579 0.00838812 0.00837442 0.00842939 0.00857939 0.00835464 0.00853619 0.00840158 0.00820022 
0.00997618 0.00834507 0.00819086 0.00987397 0.0107931 0.00849228 0.00847627 0.010362 0.015954 0.031261 0.0116081 0.00894932 0.00856267 0.00870423 0.00850491 0.00848563 0.0087758 0.00908142 0.0125443 0.0151011 0.0144686 0.00932698 0.00762696 0.0046758 0.0040808 0.00400404 0.00387128 0.00494033 0.0325397 0 0.0236435 0.0122183 0.0105681 0.012396 0.00962814 0.00863684 0.00875248 0.0132725 0.0129632 0.0102178 0.00850767 0.00942745 0.0088253 0.00888879 0.0141317 0.0542598 0.0103766 0.00899554 0.00849894 0.00845122 0.00850995 0.009834 0.0129302 0.00865721 0.00828631 0.00873266 0.0106029 0.0119141 0.00834908 0.00838712 0.00831623 0.00832824 0.00935504 0.012044 0.00854509 0.00848962 0.0100887 0.00910947 0.0091421 0.0186869 0.00892126 0.00820541 0.00819319 0.008126 0.00836698 0.0094455 0.00982287 0.00812692 0.00812708 0.0081083 0.00813946 0.00806325 0.00854904 0.00869622 0.00920743 0.00916047 
0.0101252 0.00987059 0.00934579 0.0131326 0.00931126 0.00902225 0.00963485 0.0122079 0.0147853 0.0123426 0.013546 0.0114488 0.00985376 0.0124464 0.0108365 0.0118936 0.0119524 0.0153606 0.0172007 0.00967807 0.0121042 0.0423469 0.0291195 0.0221473 0.0238339 0.0184757 0.0363134 0.0247288 0.181079 0.0236435 0 0.0038975 0.00380366 0.00377936 0.00375723 0.00393149 0.00391197 0.00636364 0.013583 0.0154801 0.0130621 0.0147287 0.0127224 0.0161629 0.0496066 0.0266835 0.0303281 0.022681 0.0156792 0.0120186 0.0119616 0.0193698 0.0145873 0.0106637 0.00992074 0.0112619 0.0171469 0.0158755 0.0138178 0.0127455 0.0128806 0.0116335 0.0139633 0.0151073 0.0110191 0.0116626 0.0181426 0.00888953 0.0090841 0.013456 0.0110077 0.00995222 0.00922301 0.00926627 0.00913597 0.0121043 0.00999953 0.0096815 0.00869324 0.00897719 0.00885935 0.0091711 0.0092892 0.0103063 0.00830038 0.00870367 
0.0101481 0.0117356 0.01334 0.00899655 0.00922218 0.0102281 0.0102147 0.00883337 0.00980124 0.00923751 0.0114414 0.0229595 0.0230443 0.0256508 0.0309104 0.0265311 0.0327547 0.0252288 0.0100167 0.0091908 0.00944239 0.0177098 0.0745046 0.0461472 0.0334426 0.0514534 0.046579 0.333148 0.0176887 0.0122183 0.0038975 0 0.0038098 0.00379354 0.00389462 0.00385945 0.00423334 0.00410564 0.0163216 0.0213786 0.024264 0.0187442 0.032179 0.0479736 0.019052 0.014193 0.0165175 0.0706197 0.0398508 0.0371639 0.0237137 0.0102538 0.00983215 0.0168983 0.0190135 0.0200565 0.0102575 0.0117414 0.0294105 0.0382681 0.0304121 0.0166386 0.00949913 0.0136586 0.025615 0.0253116 0.0102399 0.00868449 0.00820878 0.00873545 0.0101398 0.0133151 0.0124217 0.0149336 0.0109677 0.00909069 0.00938403 0.0107513 0.0106168 0.0112363 0.0103103 0.0110992 0.00992696 0.00857948 0.00821627 0.00825358 
0.00973625 0.0117623 0.0117524 0.00908846 0.00883434 0.0100268 0.0094598 0.00861675 0.00946417 0.00858806 0.0110159 0.0200889 0.0373037 0.0497329 0.0442817 0.070133 0.0505014 0.0172363 0.0101284 0.00860239 0.00936134 0.0146241 0.0297371 0.0476371 0.0854648 0.0519501 0.315304 0.0298134 0.0376513 0.0105681 0.00380366 0.0038098 0 0.00377871 0.00377681 0.00380661 0.00380352 0.00379322 0.0100314 0.0195832 0.0189308 0.0353846 0.051129 0.0409149 0.0166815 0.0106284 0.0133904 0.0341174 0.10599 0.0701739 0.0190602 0.0100908 0.00946971 0.0128706 0.0346983 0.0195765 0.0104933 0.011131 0.0253432 0.0591047 0.0554415 0.0129154 0.00918628 0.0114975 0.0284677 0.0237986 0.0105898 0.00827383 0.00820456 0.00870913 0.00974328 0.0132706 0.0205026 0.0197177 0.011221 0.00924129 0.0093896 0.0106473 0.0118948 0.0129719 0.0154387 0.0126035 0.00998261 0.00849384 0.00825019 0.00825825 
0.00957291 0.0102533 0.0107304 0.00895873 0.00858659 0.00953674 0.00908768 0.00858582 0.00874324 0.00851338 0.00974267 0.0166454 0.0277501 0.035449 0.049823 0.0404506 0.033881 0.0156941 0.00942424 0.00846658 0.00896371 0.0121184 0.024448 0.0447089 0.0505099 0.277353 0.0326493 0.0484405 0.0179315 0.012396 0.00377936 0.00379354 0.00377871 0 0.0037689 0.00376936 0.00379365 0.0037855 0.00875904 0.0119857 0.0278004 0.0450205 0.056439 0.0182925 0.0147957 0.0101836 0.0111796 0.0311905 0.0601518 0.0531729 0.0167482 0.00959577 0.00908608 0.0119865 0.0250412 0.0187134 0.0103907 0.0105191 0.0213603 0.0462279 0.0297073 0.0137675 0.00890382 0.0108451 0.0165162 0.0223076 0.0105014 0.0082324 0.00817615 0.00863162 0.00918604 0.0124324 0.0161105 0.0167231 0.0104922 0.00871083 0.00908261 0.00989181 0.0107693 0.0115587 0.0117662 0.0123307 0.0092647 0.00844713 0.00822536 0.00818473 
0.00867127 0.00910782 0.00892322 0.008449 0.00836963 0.00866554 0.00852275 0.00841827 0.00850542 0.00822614 0.00898429 0.0106762 0.0153365 0.0221804 0.0186063 0.0203822 0.018925 0.0108318 0.00871028 0.00825603 0.00840005 0.0101838 0.0174282 0.019566 0.215081 0.0229027 0.0305743 0.018162 0.0180935 0.00962814 0.00375723 0.00389462 0.00377681 0.0037689 0 0.00375005 0.00374913 0.00382487 0.00830537 0.0110785 0.0304266 0.0517753 0.0264697 0.0139713 0.0110953 0.00908278 0.0101694 0.0167868 0.0347243 0.0285849 0.0123312 0.00890209 0.00885962 0.009546 0.015091 0.0128455 0.00886076 0.0091384 0.0136821 0.0219578 0.0229372 0.0095761 0.00854757 0.00912006 0.0124499 0.0119981 0.00914309 0.0081506 0.00810267 0.00839841 0.00854412 0.010084 0.0110999 0.0109077 0.00903387 0.008555 0.00867838 0.00932634 0.00964323 0.00951613 0.00946409 0.00924625 0.00871711 0.00829194 0.00812416 0.00814148 
0.00841276 0.00839222 0.00847886 0.00829834 0.00820537 0.00831409 0.00824247 0.00828272 0.00838522 0.00820022 0.00864958 0.00905043 0.0104342 0.0117761 0.0115464 0.0111536 0.0105653 0.00887141 0.0084131 0.00814017 0.00825502 0.0100546 0.0109056 0.151659 0.0123571 0.0165938 0.0157498 0.0173228 0.0113623 0.00863684 0.00393149 0.00385945 0.00380661 0.00376936 0.00375005 0 0.00384545 0.00376486 0.00773601 0.0212919 0.030995 0.0208966 0.0165603 0.00996516 0.00901857 0.00853769 0.00955158 0.0117586 0.0177086 0.0156429 0.00903324 0.00861812 0.00852136 0.00920025 0.0104753 0.00885803 0.00844628 0.00861659 0.00953556 0.0133221 0.0108197 0.00863218 0.00835583 0.00880886 0.0100752 0.00950967 0.00848296 0.0080957 0.00812777 0.00831899 0.00841032 0.00870918 0.0088757 0.00923398 0.00837994 0.00833808 0.00840423 0.00851292 0.00865585 0.00863775 0.00858288 0.00911146 0.00838927 0.00831374 0.00810762 0.0081477 
0.00830812 0.00845471 0.00827026 0.00818484 0.0082267 0.00833789 0.00823662 0.00816617 0.00827752 0.00813268 0.00869561 0.00936283 0.00849483 0.00908472 0.00862271 0.00881327 0.00882461 0.00873103 0.00827436 0.00822866 0.00838065 0.00957151 0.122588 0.00914051 0.0105503 0.00995284 0.0106314 0.014812 0.0121458 0.00875248 0.00391197 0.00423334 0.00380352 0.00379365 0.00374913 0.00384545 0 0.00387493 0.0101286 0.0545263 0.0121559 0.0104198 0.0119109 0.00971172 0.00807937 0.00936659 0.0091537 0.0114958 0.0100188 0.00980665 0.00949738 0.00829326 0.00872524 0.00924206 0.00861096 0.00930963 0.00841812 0.00884745 0.00938819 0.00908275 0.00907338 0.0086524 0.00822422 0.00936883 0.00960524 0.00913404 0.00847143 0.00810239 0.00812463 0.00833121 0.00835749 0.00857361 0.00846335 0.00835693 0.00830345 0.00819261 0.00835035 0.0083668 0.00827977 0.00840293 0.00837954 0.00830036 0.0082159 0.0082268 0.00810075 0.00808395 
0.00929229 0.00819814 0.00814876 0.00824004 0.00899481 0.00828694 0.00817173 0.00822301 0.00901622 0.00866304 0.0112514 0.00853121 0.00862043 0.00858174 0.00846291 0.00841251 0.00855999 0.00836943 0.00856117 0.00899328 0.00860461 0.104319 0.0103223 0.00881529 0.00927211 0.00897349 0.0092756 0.0098502 0.0133487 0.0132725 0.00636364 0.00410564 0.00379322 0.0037855 0.00382487 0.00376486 0.00387493 0 0.059152 0.00989901 0.00930651 0.00825985 0.00840812 0.00762688 0.0111165 0.0115077 0.0122845 0.00949253 0.00910821 0.00878539 0.00871474 0.00853808 0.0126719 0.00898488 0.00859918 0.00862581 0.00922094 0.0134745 0.00852564 0.00867561 0.0086639 0.00833039 0.00854243 0.0136323 0.00863536 0.00867396 0.00869577 0.00856885 0.00830908 0.0100255 0.00947107 0.00829066 0.00832703 0.00826858 0.0082409 0.00828301 0.00947923 0.00818562 0.00817831 0.00824186 0.00821159 0.00822904 0.00817828 0.00821516 0.00849779 0.0081531 
0.00852937 0.00835164 0.00834425 0.00922553 0.0082207 0.00826137 0.00875875 0.0102323 0.0184903 0.00935683 0.00844819 0.00848951 0.00844902 0.00866151 0.00899529 0.00889489 0.00888473 0.00958268 0.0122047 0.00826596 0.0106566 0.0129423 0.00945024 0.0144171 0.00923452 0.0142061 0.00942349 0.0132339 0.0172063 0.0129632 0.013583 0.0163216 0.0100314 0.00875904 0.00830537 0.00773601 0.0101286 0.059152 0 0.00385568 0.00385497 0.00381217 0.00390059 0.00401788 0.00456588 0.0176274 0.0214156 0.0129326 0.0103434 0.0110864 0.00973359 0.0321458 0.00948073 0.0119635 0.00891006 0.00967233 0.0246243 0.010186 0.0107059 0.00974436 0.0100661 0.0117728 0.0142505 0.0104736 0.00907687 0.00972418 0.0164705 0.00920429 0.00922748 0.0112026 0.00892937 0.00889962 0.00848253 0.00874619 0.00853184 0.0122484 0.00845265 0.00888007 0.00837739 0.0085545 0.00844222 0.00889214 0.00857035 0.0134374 0.00819895 0.00865469 
0.00849289 0.00864845 0.0085288 0.00841229 0.00857716 0.00839726 0.0084331 0.00845197 0.00821936 0.00837312 0.00863213 0.00941485 0.00927792 0.011949 0.00932793 0.010018 0.0133142 0.00897539 0.0085461 0.00892461 0.00832294 0.00992898 0.0303868 0.00959962 0.0318249 0.0100915 0.0287327 0.0148811 0.0115041 0.0102178 0.0154801 0.0213786 0.0195832 0.0119857 0.0110785 0.0212919 0.0545263 0.00989901 0.00385568 0 0.00376601 0.00381517 0.00373419 0.00378722 0.00441101 0.00903963 0.0144166 0.0200656 0.0212783 0.0119031 0.0189189 0.00892767 0.0120981 0.00886562 0.0140433 0.0147657 0.00887572 0.0115596 0.0105878 0.017236 0.0183961 0.0093826 0.00903145 0.0102573 0.0121073 0.0122631 0.00954373 0.00836691 0.00825211 0.00999915 0.00893302 0.00918482 0.0119192 0.00927819 0.0103506 0.00872261 0.00939592 0.00848365 0.00953302 0.00894797 0.00979289 0.00854466 0.0120595 0.0082516 0.0083126 0.00840659 
0.00867654 0.00874277 0.00911695 0.00844919 0.00838595 0.00883445 0.0084785 0.00835039 0.0105742 0.00826351 0.00883128 0.0105325 0.0152363 0.0136434 0.0235012 0.0177272 0.0121876 0.0119201 0.0088036 0.00818909 0.00851267 0.0129674 0.010466 0.0799364 0.0123429 0.0940704 0.0184394 0.0219634 0.0109306 0.00850767 0.0130621 0.024264 0.0189308 0.0278004 0.0304266 0.030995 0.0121559 0.00930651 0.00385497 0.00376601 0 0.00378382 0.00381301 0.00378113 0.00378042 0.00803283 0.0304003 0.0318029 0.0249842 0.0394737 0.0139705 0.0102937 0.00877112 0.0206497 0.0124736 0.0117733 0.0102857 0.00938851 0.0281103 0.0251278 0.0181939 0.0165538 0.0088289 0.0101131 0.0177676 0.0131924 0.00941702 0.00844019 0.0081729 0.00825167 0.00922091 0.0138792 0.0133159 0.0228153 0.00984533 0.00872214 0.00874277 0.0125022 0.00993996 0.0130038 0.0107084 0.0166301 0.00882966 0.00943707 0.00821035 0.00813104 
0.00871264 0.00899577 0.00870791 0.00858081 0.00848611 0.00868393 0.00849142 0.00851491 0.00834127 0.00830443 0.00901387 0.010423 0.0132685 0.0210629 0.0152882 0.0170217 0.0187804 0.00986863 0.00870333 0.00857452 0.00837426 0.00971731 0.0285086 0.0167852 0.0991421 0.0229745 0.0574872 0.0151329 0.0128617 0.00942745 0.0147287 0.0187442 0.0353846 0.0450205 0.0517753 0.0208966 0.0104198 0.00825985 0.00381217 0.00381517 0.00378382 0 0.00377158 0.00375066 0.00386335 0.00846444 0.0173414 0.0629079 0.0713893 0.0492122 0.0136962 0.00927705 0.0126108 0.0109023 0.0273818 0.0159959 0.00962359 0.0119081 0.0158268 0.0492891 0.0377836 0.00991771 0.00971582 0.0117069 0.0171917 0.0155965 0.010606 0.00833437 0.00825628 0.0102514 0.00985257 0.0116886 0.0236135 0.0151892 0.0109512 0.00876689 0.00985723 0.00983585 0.0135296 0.0110033 0.014934 0.0102671 0.010511 0.00834723 0.00823329 0.00820043 
