1AK2A
PKGVRAVLLGPPGAGKGTQAPKLAKNFCVCHLATGDMLRAMVASGSELGKKLKATMDAGKLVSDEMVLELIEKNLETPPCKNGFLLDGFPRTVRQAEMLDDLMEKRKEKLDSVIEFSIPDSLLIRRITGRLIHPQSGRSYHEEFNPPKEPMKDDITGEPLIRRSDDNKKALKIRLEAYHTQTTPLVEYYSKRGIHSAIDASQTPDVVFASILAAFSKATS
CCCCEEEEECCCCCCHHHHHHHHHHHHCCEEEEHHHHHHHHHHHCCHHHHHHHHHHHCCCCCCHHHHHHHHHHHHCCHHHCCCEEEECCCCCHHHHHHHHHHHHHHCCCCCEEEEEECCHHHHHHHHHCCEECCCCCCEEECCCECCCCCCECCCCCCECEECCCCCHHHHHHHHHHHHHHHHHHHHHHHHCCCEEEEECCCCHHHHHHHHHHHHHHHCC
0 0 0 0 0 0 0 0 0 0 0 0 0 0 0 0 0 0 0 0 0 0 0 0 0 0 0 0 0 0 0 0 0 0 0 0 0 0 0 0 0 0 0 0 0 0 0 0 0 0 0 0 0 0 0 0 0 0 0 0 0 0 0 0 0 0 0 0 0 0 0 0 0 0 0 0 0 0 0 0 0 0 0 0 0 0 0 0 0 0 0 0 0 0 0 0 0 0 0 0 0 0 0 0 0 0 0 0 0 0 0 0 0 0 0 0 0 0 0 0 0 0 0 0 0 0 0 0 0 0 0 0 0 0 0 0 0 0 0 0 0 0 0 0 0 0 0 0 0 0 0 0 0 0 0 0 0 0 0 0 0 0 0 0 0 0 0 0 0 0 0 0 0 0 0 0 0 0 0 0 0 0 0 0 0 0 0 0 0 0 0 0 0 0 0 0 0 0 0 0 0 0 0 0 0 0 0 0 0 0 0 0 0 0 0 0 0 0 0 0 
0 0 0 0 0 0 0 0 0 0 0 0 0 0 0 0 0 0 0 0 0 0 0 0 0 0 0 0 0 0 0 0 0 0 0 0 0 0 0 0 0 0 0 0 0 0 0 0 0 0 0 0 0 0 0 0 0 0 0 0 0 0 0 0 0 0 0 0 0 0 0 0 0 0 0 0 0 0 0 0 0 0 0 0 0 0 0 0 0 0 0 0 0 0 0 0 0 0 0 0 0 0 0 0 0 0 0 0 0 0 0 0 0 0 0 0 0 0 0 0 0 0 0 0 0 0 0 0 0 0 0 0 0 0 0 0 0 0 0 0 0 0 0 0 0 0 0 0 0 0 0 0 0 0 0 0 0 0 0 0 0 0 0 0 0 0 0 0 0 0 0 0 0 0 0 0 0 0 0 0 0 0 0 0 0 0 0 0 0 0 0 0 0 0 0 0 0 0 0 0 0 0 0 0 0 0 0 0 0 0 0 0 0 0 0 0 0 0 0 0 
0 0.0039974 0.00384707 0.00391681 0.0047157 0.253265 0.0348818 0.0132093 0.0501025 0.020535 0.0118843 0.0109381 0.0127193 0.0221787 0.0106522 0.0108195 0.0109797 0.00947618 0.013307 0.00872354 0.00900884 0.00873366 0.00824195 0.00903324 0.00880634 0.00890508 0.00894778 0.00843865 0.00876413 0.00845108 0.00838799 0.00847268 0.00845534 0.00852016 
0.0039974 0 0.0038583 0.0047065 0.00385891 0.132535 0.125594 0.0561255 0.0143011 0.017421 0.0289189 0.0174167 0.0102475 0.0164385 0.0206445 0.021752 0.0123454 0.0171505 0.00882452 0.00862675 0.00861486 0.0083947 0.00877983 0.00847606 0.00815769 0.00822556 0.00822331 0.00831058 0.00829952 0.00826681 0.00879309 0.00850621 0.00864145 0.00840659 
0.00384707 0.0038583 0 0.00393491 0.00382157 0.0481315 0.165827 0.0430328 0.013635 0.0141245 0.0409714 0.0197183 0.010291 0.0150723 0.0263407 0.0471026 0.0530789 0.0118264 0.00910821 0.00860875 0.00832329 0.00847923 0.00844351 0.00838197 0.00806517 0.00813956 0.00813318 0.00835241 0.00817039 0.00828403 0.00869181 0.00897173 0.00857814 0.00827545 
0.00391681 0.0047065 0.00393491 0 0.00413114 0.0288877 0.0524641 0.135912 0.068992 0.0129536 0.030374 0.0468253 0.0155942 0.0121591 0.022312 0.0534566 0.0274874 0.0162712 0.00915021 0.00870937 0.0086754 0.00844271 0.00851467 0.00856476 0.00813502 0.0081542 0.0081762 0.00819226 0.00822035 0.00828846 0.0084911 0.00845807 0.00868088 0.00830666 
0.0047157 0.00385891 0.00382157 0.00413114 0 0.0387116 0.0149158 0.0513036 0.126096 0.0224092 0.012076 0.0174837 0.0272087 0.0154107 0.0111935 0.0124164 0.0111757 0.00989343 0.0109186 0.00940244 0.00887714 0.00910861 0.00842228 0.00887811 0.00869116 0.00877377 0.00889089 0.00896813 0.00841409 0.00864312 0.00826793 0.00821319 0.00825121 0.00841616 
0.253265 0.132535 0.0481315 0.0288877 0.0387116 0 0.00379365 0.00376787 0.00386723 0.142366 0.0103775 0.0110407 0.012177 0.0126145 0.00958845 0.0100736 0.00884213 0.0109622 0.0102167 0.00862989 0.00909375 0.00846738 0.00819855 0.00870845 0.00853318 0.00853927 0.00856545 0.00827539 0.0085775 0.00825853 0.00828504 0.00820488 0.00851311 0.00825666 
0.0348818 0.125594 0.165827 0.0524641 0.0149158 0.00379365 0 0.00376192 0.00376495 0.021974 0.199266 0.0117742 0.00954956 0.0103486 0.0208568 0.0107337 0.0273573 0.00851893 0.0101925 0.00835278 0.00836375 0.00831352 0.00824237 0.00842844 0.00810312 0.0081194 0.00808408 0.00822151 0.00814789 0.00820357 0.00829535 0.00864078 0.00830707 0.00821304 
0.0132093 0.0561255 0.0430328 0.135912 0.0513036 0.00376787 0.00376192 0 0.00375189 0.0141836 0.0214541 0.254073 0.0162526 0.0119109 0.0113009 0.0204636 0.00924203 0.0210355 0.008565 0.00879791 0.00878242 0.00831127 0.00884741 0.00858577 0.00809216 0.00811273 0.00813246 0.00822614 0.00811124 0.00819215 0.0084612 0.00828574 0.00841942 0.00816197 
0.0501025 0.0143011 0.013635 0.068992 0.126096 0.00386723 0.00376495 0.00375189 0 0.0150193 0.014852 0.0209123 0.233984 0.0140855 0.0102517 0.00943996 0.0112823 0.00867824 0.0111089 0.010138 0.00875985 0.0092425 0.00844758 0.00844883 0.00885692 0.0090133 0.00887884 0.00861802 0.00828654 0.00871364 0.0082101 0.00830992 0.00818401 0.00824876 
0.020535 0.017421 0.0141245 0.0129536 0.0224092 0.142366 0.021974 0.0141836 0.0150193 0 0.00434133 0.00408821 0.00511459 0.238379 0.0409847 0.0262024 0.0139173 0.0141196 0.0259174 0.0128279 0.0156688 0.0106879 0.00938283 0.0154496 0.010546 0.0103752 0.0103074 0.00878115 0.0118316 0.00844374 0.00851896 0.00852977 0.00872978 0.00951559 
0.0118843 0.0289189 0.0409714 0.030374 0.012076 0.0103775 0.199266 0.0214541 0.014852 0.00434133 0 0.00410393 0.00382492 0.0802153 0.196912 0.0519053 0.039214 0.0247506 0.0111117 0.0108753 0.0107809 0.00912072 0.0131067 0.00950136 0.00836048 0.00842703 0.00841651 0.00853529 0.00860947 0.00841441 0.0093313 0.00910854 0.00923073 0.00851042 
0.0109381 0.0174167 0.0197183 0.0468253 0.0174837 0.0110407 0.0117742 0.254073 0.0209123 0.00408821 0.00410393 0 0.00398729 0.0200219 0.0515345 0.0816064 0.053526 0.0974534 0.014787 0.0106653 0.0108863 0.0098961 0.0120054 0.0092805 0.00875512 0.00859069 0.00893143 0.00909645 0.00849712 0.0087418 0.00909867 0.00880158 0.00985971 0.0083181 
0.0127193 0.0102475 0.010291 0.0155942 0.0272087 0.012177 0.00954956 0.0162526 0.233984 0.00511459 0.00382492 0.00398729 0 0.0145755 0.0170438 0.035331 0.0358941 0.0583318 0.132543 0.0116449 0.0128497 0.0104353 0.0088332 0.0108839 0.00931653 0.00961169 0.00996355 0.00906049 0.00912587 0.00920738 0.0085765 0.00858523 0.00891207 0.00952656 
0.0221787 0.0164385 0.0150723 0.0121591 0.0154107 0.0126145 0.0103486 0.0119109 0.0140855 0.238379 0.0802153 0.0200219 0.0145755 0 0.00390098 0.00386957 0.00384051 0.00386226 0.00465854 0.0519889 0.0236899 0.0523026 0.0112097 0.0420569 0.0124144 0.0130908 0.0165929 0.0101449 0.0140608 0.00984085 0.0104535 0.00975781 0.0109756 0.0119933 
0.0106522 0.0206445 0.0263407 0.022312 0.0111935 0.00958845 0.0208568 0.0113009 0.0102517 0.0409847 0.196912 0.0515345 0.0170438 0.00390098 0 0.00380012 0.00378092 0.00383177 0.0038733 0.0283713 0.0181698 0.0132791 0.0489979 0.0104978 0.00913669 0.00941437 0.00933155 0.00997243 0.00964204 0.00881398 0.0119954 0.0136211 0.0116609 0.00929224 
0.0108195 0.021752 0.0471026 0.0534566 0.0124164 0.0100736 0.0107337 0.0204636 0.00943996 0.0262024 0.0519053 0.0816064 0.035331 0.00386957 0.00380012 0 0.00375902 0.00382792 0.00378885 0.0103596 0.0108069 0.0142182 0.012238 0.0111923 0.0084179 0.00855181 0.0089899 0.00883983 0.0087295 0.0085094 0.025598 0.0119893 0.0197975 0.00875678 
0.0109797 0.0123454 0.0530789 0.0274874 0.0111757 0.00884213 0.0273573 0.00924203 0.0112823 0.0139173 0.039214 0.053526 0.0358941 0.00384051 0.00378092 0.00375902 0 0.00375214 0.00382977 0.00945612 0.0156565 0.0174399 0.0111035 0.0111392 0.00922054 0.00917268 0.0106257 0.0102961 0.00852782 0.0105261 0.00915948 0.0430544 0.0089952 0.0110532 
0.00947618 0.0171505 0.0118264 0.0162712 0.00989343 0.0109622 0.00851893 0.0210355 0.00867824 0.0141196 0.0247506 0.0974534 0.0583318 0.00386226 0.00383177 0.00382792 0.00375214 0 0.00375727 0.0232548 0.0193949 0.00916679 0.0437347 0.011789 0.00879926 0.00889696 0.00900725 0.00929702 0.0100428 0.00851511 0.0236118 0.00839091 0.0249634 0.00849569 
0.013307 0.00882452 0.00910821 0.00915021 0.0109186 0.0102167 0.0101925 0.008565 0.0111089 0.0259174 0.0111117 0.014787 0.132543 0.00465854 0.0038733 0.00378885 0.00382977 0.00375727 0 0.0264173 0.0202027 0.0320889 0.00999413 0.0749882 0.0148401 0.0163314 0.0187533 0.0162565 0.0102493 0.0219974 0.00846152 0.0103917 0.00843576 0.0210132 
0.00872354 0.00862675 0.00860875 0.00870937 0.00940244 0.00862989 0.00835278 0.00879791 0.010138 0.0128279 0.0108753 0.0106653 0.0116449 0.0519889 0.0283713 0.0103596 0.00945612 0.0232548 0.0264173 0 0.0049935 0.00832067 0.70741 0.0338093 0.0132604 0.0166669 0.0176052 0.010389 0.0306093 0.00906585 0.01035 0.00850836 0.00969167 0.00971619 
0.00900884 0.00861486 0.00832329 0.0086754 0.00887714 0.00909375 0.00836375 0.00878242 0.00875985 0.0156688 0.0107809 0.0108863 0.0128497 0.0236899 0.0181698 0.0108069 0.0156565 0.0193949 0.0202027 0.0049935 0 0.88311 0.0152114 0.00735733 0.0100514 0.0170684 0.0134607 0.044077 0.0108923 0.0114936 0.00897445 0.00843698 0.00905394 0.00955103 
0.00873366 0.0083947 0.00847923 0.00844271 0.00910861 0.00846738 0.00831352 0.00831127 0.0092425 0.0106879 0.00912072 0.0098961 0.0104353 0.0523026 0.0132791 0.0142182 0.0174399 0.00916679 0.0320889 0.00832067 0.88311 0 0.00446037 0.00403264 0.0127978 0.0157535 0.02393 0.0119656 0.0155738 0.0111262 0.00857034 0.0104693 0.0084596 0.0124688 
0.00824195 0.00877983 0.00844351 0.00851467 0.00842228 0.00819855 0.00824237 0.00884741 0.00844758 0.00938283 0.0131067 0.0120054 0.0088332 0.0112097 0.0489979 0.012238 0.0111035 0.0437347 0.00999413 0.70741 0.0152114 0.00446037 0 0.00379216 0.00683529 0.013251 0.009105 0.0142605 0.0142798 0.00862565 0.0114818 0.0085634 0.0117386 0.00861357 
0.00903324 0.00847606 0.00838197 0.00856476 0.00887811 0.00870845 0.00842844 0.00858577 0.00844883 0.0154496 0.00950136 0.0092805 0.0108839 0.0420569 0.0104978 0.0111923 0.0111392 0.011789 0.0749882 0.0338093 0.00735733 0.00403264 0.00379216 0 0.403535 0.00936806 0.0171896 0.013922 0.013186 0.0117416 0.00873311 0.00875233 0.00876273 0.00988312 
0.00880634 0.00815769 0.00806517 0.00813502 0.00869116 0.00853318 0.00810312 0.00809216 0.00885692 0.010546 0.00836048 0.00875512 0.00931653 0.0124144 0.00913669 0.0084179 0.00922054 0.00879926 0.0148401 0.0132604 0.0100514 0.0127978 0.00683529 0.403535 0 0.139029 0.015598 0.0166719 0.0153053 0.0107888 0.00831517 0.00823365 0.00827058 0.0104672 
0.00890508 0.00822556 0.00813956 0.0081542 0.00877377 0.00853927 0.0081194 0.00811273 0.0090133 0.0103752 0.00842703 0.00859069 0.00961169 0.0130908 0.00941437 0.00855181 0.00917268 0.00889696 0.0163314 0.0166669 0.0170684 0.0157535 0.013251 0.00936806 0.139029 0 0.875846 0.0133524 0.0265843 0.0139976 0.00848974 0.0086129 0.00850286 0.0118037 
0.00894778 0.00822331 0.00813318 0.0081762 0.00889089 0.00856545 0.00808408 0.00813246 0.00887884 0.0103074 0.00841651 0.00893143 0.00996355 0.0165929 0.00933155 0.0089899 0.0106257 0.00900725 0.0187533 0.0176052 0.0134607 0.02393 0.009105 0.0171896 0.015598 0.875846 0 0.0157427 0.00531211 0.0457693 0.00954623 0.0113768 0.00908768 0.0144443 
0.00843865 0.00831058 0.00835241 0.00819226 0.00896813 0.00827539 0.00822151 0.00822614 0.00861802 0.00878115 0.00853529 0.00909645 0.00906049 0.0101449 0.00997243 0.00883983 0.0102961 0.00929702 0.0162565 0.010389 0.044077 0.0119656 0.0142605 0.013922 0.0166719 0.0133524 0.0157427 0 0.00977468 0.0118732 0.0113343 0.0129938 0.0131532 0.0151833 
0.00876413 0.00829952 0.00817039 0.00822035 0.00841409 0.0085775 0.00814789 0.00811124 0.00828654 0.0118316 0.00860947 0.00849712 0.00912587 0.0140608 0.00964204 0.0087295 0.00852782 0.0100428 0.0102493 0.0306093 0.0108923 0.0155738 0.0142798 0.013186 0.0153053 0.0265843 0.00531211 0.00977468 0 0.0196166 0.011725 0.00934507 0.0202853 0.022519 
0.00845108 0.00826681 0.00828403 0.00828846 0.00864312 0.00825853 0.00820357 0.00819215 0.00871364 0.00844374 0.00841441 0.0087418 0.00920738 0.00984085 0.00881398 0.0085094 0.0105261 0.00851511 0.0219974 0.00906585 0.0114936 0.0111262 0.00862565 0.0117416 0.0107888 0.0139976 0.0457693 0.0118732 0.0196166 0 0.00403681 0.00383501 0.00384097 0.00743315 
0.00838799 0.00879309 0.00869181 0.0084911 0.00826793 0.00828504 0.00829535 0.0084612 0.0082101 0.00851896 0.0093313 0.00909867 0.0085765 0.0104535 0.0119954 0.025598 0.00915948 0.0236118 0.00846152 0.01035 0.00897445 0.00857034 0.0114818 0.00873311 0.00831517 0.00848974 0.00954623 0.0113343 0.011725 0.00403681 0 0.00377269 0.00381307 0.0037782 
0.00847268 0.00850621 0.00897173 0.00845807 0.00821319 0.00820488 0.00864078 0.00828574 0.00830992 0.00852977 0.00910854 0.00880158 0.00858523 0.00975781 0.0136211 0.0119893 0.0430544 0.00839091 0.0103917 0.00850836 0.00843698 0.0104693 0.0085634 0.00875233 0.00823365 0.0086129 0.0113768 0.0129938 0.00934507 0.00383501 0.00377269 0 0.00374947 0.00381955 
0.00845534 0.00864145 0.00857814 0.00868088 0.00825121 0.00851311 0.00830707 0.00841942 0.00818401 0.00872978 0.00923073 0.00985971 0.00891207 0.0109756 0.0116609 0.0197975 0.0089952 0.0249634 0.00843576 0.00969167 0.00905394 0.0084596 0.0117386 0.00876273 0.00827058 0.00850286 0.00908768 0.0131532 0.0202853 0.00384097 0.00381307 0.00374947 0 0.00377599 
0.00852016 0.00840659 0.00827545 0.00830666 0.00841616 0.00825666 0.00821304 0.00816197 0.00824876 0.00951559 0.00851042 0.0083181 0.00952656 0.0119933 0.00929224 0.00875678 0.0110532 0.00849569 0.0210132 0.00971619 0.00955103 0.0124688 0.00861357 0.00988312 0.0104672 0.0118037 0.0144443 0.0151833 0.022519 0.00743315 0.0037782 0.00381955 0.00377599 0 
