1B2MA
ACDYTCGSNCYSSSDVSTAQAAGYQLHEDGETVGSNSYPHKYNNYEGFDFSVSSPYYEWPILSSGDVYSGGSPGADRVVFNENNQLAGVITHTGASGNNFVECT
CCCEEECCEEECHHHHHHHHHHHHHHHHCCCCECCCCECEEECCCCCCCCCCCCCEEEEEECCCCCECCCCCCCCEEEEEECCCCEEEEEECCCCCCCCCEECC
0 0 0 0 0 0 0 0 0 0 0 0 0 0 0 0 0 0 0 0 0 0 0 0 0 0 0 0 0 0 0 0 0 0 0 0 0 0 0 0 0 0 0 0 0 0 0 0 0 0 0 0 0 0 0 0 0 0 0 0 0 0 0 0 0 0 0 0 0 0 0 0 0 0 0 0 0 0 0 0 0 0 0 0 0 0 0 0 0 0 0 0 0 0 0 0 0 0 0 0 0 0 0 0 
0 0 0 0 0 0 0 0 0 0 0 0 0 0 0 0 0 0 0 0 0 0 0 0 0 0 0 0 0 0 0 0 0 0 0 0 0 0 0 0 0 0 0 0 0 0 0 0 0 0 0 0 0 0 0 0 0 0 0 0 0 0 0 0 0 0 0 0 0 0 0 0 0 0 0 0 0 0 0 0 0 0 0 0 0 0 0 0 0 0 0 0 0 0 0 0 0 0 0 0 0 0 0 0 
0 0.00379541 0.00458895 0.00522541 0.0065346 0.91328 0.0147519 0.0113614 0.0110124 0.00862631 0.0492291 0.00942954 0.00948956 0.00962605 0.0105312 0.0095569 0.0170987 0.0100363 0.00889723 0.00968763 0.0119015 0.00969861 0.00979477 0.0125826 0.00857878 0.00870615 0.00903028 0.00889615 0.00913067 0.0109082 0.00844676 0.00851864 
0.00379541 0 0.00379258 0.00705891 0.97522 0.0041961 0.0108349 0.00914839 0.00864646 0.0392657 0.00838862 0.00947861 0.0120083 0.0114513 0.0086213 0.0171524 0.00896603 0.0096664 0.0084495 0.011436 0.0090785 0.0137675 0.0120123 0.00868299 0.00864483 0.00875875 0.00950856 0.00986648 0.0104078 0.00947876 0.00852977 0.00902597 
0.00458895 0.00379258 0 0.972637 0.0039572 0.00588866 0.0178852 0.0121836 0.0133245 0.00827012 0.0138282 0.0180435 0.00998978 0.00901748 0.0099602 0.00849176 0.0117746 0.0110283 0.0115508 0.00927442 0.0097094 0.00893477 0.00910865 0.00983505 0.00992653 0.00869172 0.00870454 0.00909609 0.00913474 0.0100205 0.00936024 0.00848838 
0.00522541 0.00705891 0.972637 0 0.00387761 0.00418063 0.0173059 0.00979707 0.00845625 0.008713 0.0158339 0.00889188 0.00864201 0.00921402 0.00863427 0.00885791 0.0112351 0.00999028 0.00845146 0.00878306 0.00882924 0.00870018 0.0088655 0.0102257 0.00844251 0.00820511 0.00839079 0.00855347 0.00835159 0.0103247 0.00812231 0.00905423 
0.0065346 0.97522 0.0039572 0.00387761 0 0.00529509 0.0161598 0.00906169 0.00813004 0.0176413 0.0088948 0.00917065 0.010375 0.00870966 0.00846205 0.00979697 0.00863787 0.00901404 0.00837726 0.00896976 0.00858613 0.00868593 0.00935085 0.00849159 0.0082339 0.00841363 0.00837963 0.00850496 0.00868725 0.00859966 0.00852269 0.00829252 
0.91328 0.0041961 0.00588866 0.00418063 0.00529509 0 0.0249318 0.0123438 0.0179691 0.00855601 0.0166254 0.0191752 0.00944742 0.00871484 0.00930826 0.00850195 0.011846 0.0120397 0.0130446 0.00901584 0.00917171 0.00883707 0.00872578 0.0107307 0.0108676 0.00861431 0.00874414 0.00892538 0.00875955 0.0102007 0.00965938 0.0085197 
0.0147519 0.0108349 0.0178852 0.0173059 0.0161598 0.0249318 0 0.925698 0.00458547 0.00734948 0.0134482 0.0156446 0.00946296 0.00852553 0.00808743 0.00989677 0.0147369 0.0430179 0.0137298 0.00956225 0.00903024 0.00869687 0.0108529 0.0144936 0.0117732 0.0090815 0.00855966 0.0084745 0.00885423 0.0153046 0.011206 0.0106676 
0.0113614 0.00914839 0.0121836 0.00979707 0.00906169 0.0123438 0.925698 0 0.00404678 0.00517259 0.00707405 0.0107025 0.00780005 0.00752478 0.010005 0.00905505 0.0122406 0.0242504 0.0104353 0.00887932 0.00893026 0.00896208 0.0094918 0.0127154 0.00955035 0.00856132 0.00868312 0.00916879 0.0086498 0.0133288 0.00909433 0.0112009 
0.0110124 0.00864646 0.0133245 0.00845625 0.00813004 0.0179691 0.00458547 0.00404678 0 0.00386414 0.00387675 0.00876982 0.00859085 0.376241 0.010265 0.00781544 0.0112773 0.00932146 0.00911087 0.00973423 0.0122785 0.0114302 0.00969435 0.0102614 0.00895768 0.00889774 0.0103223 0.0104969 0.0093896 0.0125389 0.00825176 0.00881041 
0.00862631 0.0392657 0.00827012 0.008713 0.0176413 0.00855601 0.00734948 0.00517259 0.00386414 0 0.00396794 0.0096005 0.518866 0.00898481 0.00808187 0.0120342 0.00827933 0.00942371 0.00883844 0.0126294 0.00906987 0.0123735 0.0125171 0.0084232 0.00884293 0.00943262 0.00916836 0.00994582 0.0110528 0.00892645 0.00895686 0.00841055 
0.0492291 0.00838862 0.0138282 0.0158339 0.0088948 0.0166254 0.0134482 0.00707405 0.00387675 0.00396794 0 0.612502 0.0116029 0.00916012 0.00883242 0.0110712 0.012065 0.0134186 0.0136384 0.00995136 0.0102025 0.00956199 0.00991355 0.0121594 0.0120782 0.0090471 0.00932823 0.0105742 0.00987781 0.0108453 0.0107103 0.00854429 
0.00942954 0.00947861 0.0180435 0.00889188 0.00917065 0.0191752 0.0156446 0.0107025 0.00876982 0.0096005 0.612502 0 0.00393412 0.00376645 0.00375771 0.00389971 0.00424945 0.0107511 0.0144157 0.0137606 0.0100728 0.0112186 0.0145908 0.498245 0.0117045 0.0099923 0.0108288 0.0101265 0.0118377 0.0346911 0.00922589 0.0140566 
0.00948956 0.0120083 0.00998978 0.00864201 0.010375 0.00944742 0.00946296 0.00780005 0.00859085 0.518866 0.0116029 0.00393412 0 0.00376539 0.00375193 0.003779 0.00378893 0.006296 0.0102473 0.0197619 0.020966 0.0162802 0.532598 0.0107166 0.00885123 0.0119036 0.0145627 0.0196139 0.0286297 0.0118438 0.0100033 0.0088914 
0.00962605 0.0114513 0.00901748 0.00921402 0.00870966 0.00871484 0.00852553 0.00752478 0.376241 0.00898481 0.00916012 0.00376645 0.00376539 0 0.0042198 0.00374324 0.00377252 0.00538753 0.00833023 0.0176881 0.0238946 0.591046 0.0169483 0.009501 0.00971024 0.0099188 0.0285902 0.047431 0.0210616 0.0135537 0.00902258 0.00969016 
0.0105312 0.0086213 0.0099602 0.00863427 0.00846205 0.00930826 0.00808743 0.010005 0.010265 0.00808187 0.00883242 0.00375771 0.00375193 0.0042198 0 0.00375538 0.00375908 0.00458125 0.00806153 0.0157372 0.643646 0.0363741 0.0172494 0.00874705 0.00852273 0.0113822 0.0291964 0.0288098 0.0170125 0.00966238 0.00877533 0.00854533 
0.0095569 0.0171524 0.00849176 0.00885791 0.00979697 0.00850195 0.00989677 0.00905505 0.00781544 0.0120342 0.0110712 0.00389971 0.003779 0.00374324 0.00375538 0 0.00374975 0.00695043 0.0176623 0.46043 0.0199233 0.0378816 0.0171384 0.00932396 0.00972039 0.0159556 0.0154187 0.0213368 0.0276192 0.0121892 0.00960045 0.00955598 
0.0170987 0.00896603 0.0117746 0.0112351 0.00863787 0.011846 0.0147369 0.0122406 0.0112773 0.00827933 0.012065 0.00424945 0.00378893 0.00377252 0.00375908 0.00374975 0 0.571999 0.103042 0.0157443 0.0166618 0.0124758 0.0195438 0.024625 0.0160881 0.0104118 0.0116396 0.0117898 0.0172032 0.0341945 0.0138379 0.0105808 
0.0100363 0.0096664 0.0110283 0.00999028 0.00901404 0.0120397 0.0430179 0.0242504 0.00932146 0.00942371 0.0134186 0.0107511 0.006296 0.00538753 0.00458125 0.00695043 0.571999 0 0.0541617 0.00819596 0.00745793 0.00965543 0.0129751 0.0123533 0.0106634 0.00892815 0.00883686 0.00879124 0.0103117 0.0210703 0.020822 0.0133941 
0.00889723 0.0084495 0.0115508 0.00845146 0.00837726 0.0130446 0.0137298 0.0104353 0.00911087 0.00883844 0.0136384 0.0144157 0.0102473 0.00833023 0.00806153 0.0176623 0.103042 0.0541617 0 0.00390038 0.0038285 0.00382307 0.00402056 0.00495133 0.00633773 0.00607694 0.0081708 0.00866352 0.0192359 0.860227 0.00945864 0.0120793 
0.00968763 0.011436 0.00927442 0.00878306 0.00896976 0.00901584 0.00956225 0.00887932 0.00973423 0.0126294 0.00995136 0.0137606 0.0197619 0.0176881 0.0157372 0.46043 0.0157443 0.00819596 0.00390038 0 0.0037658 0.00377719 0.0038773 0.00393329 0.00610044 0.00815812 0.0134432 0.0221803 0.883677 0.0230671 0.0175125 0.00988325 
0.0119015 0.0090785 0.0097094 0.00882924 0.00858613 0.00917171 0.00903024 0.00893026 0.0122785 0.00906987 0.0102025 0.0100728 0.020966 0.0238946 0.643646 0.0199233 0.0166618 0.00745793 0.0038285 0.0037658 0 0.00383463 0.00381142 0.00385872 0.00707053 0.00964672 0.0395384 0.863664 0.0457381 0.0105318 0.0097955 0.0091743 
0.00969861 0.0137675 0.00893477 0.00870018 0.00868593 0.00883707 0.00869687 0.00896208 0.0114302 0.0123735 0.00956199 0.0112186 0.0162802 0.591046 0.0363741 0.0378816 0.0124758 0.00965543 0.00382307 0.00377719 0.00383463 0 0.00378154 0.00377308 0.00649562 0.0415854 0.783621 0.0576715 0.014884 0.00825209 0.00866802 0.0102697 
0.00979477 0.0120123 0.00910865 0.0088655 0.00935085 0.00872578 0.0108529 0.0094918 0.00969435 0.0125171 0.00991355 0.0145908 0.532598 0.0169483 0.0172494 0.0171384 0.0195438 0.0129751 0.00402056 0.0038773 0.00381142 0.00378154 0 0.00408563 0.514138 0.176359 0.0412798 0.0150972 0.0159023 0.0113945 0.0162213 0.0120812 
0.0125826 0.00868299 0.00983505 0.0102257 0.00849159 0.0107307 0.0144936 0.0127154 0.0102614 0.0084232 0.0121594 0.498245 0.0107166 0.009501 0.00874705 0.00932396 0.024625 0.0123533 0.00495133 0.00393329 0.00385872 0.00377308 0.00408563 0 0.200634 0.0103224 0.00590817 0.00518869 0.0090223 0.00841469 0.0137212 0.0108048 
0.00857878 0.00864483 0.00992653 0.00844251 0.0082339 0.0108676 0.0117732 0.00955035 0.00895768 0.00884293 0.0120782 0.0117045 0.00885123 0.00971024 0.00852273 0.00972039 0.0160881 0.0106634 0.00633773 0.00610044 0.00707053 0.00649562 0.514138 0.200634 0 0.00386187 0.00378055 0.00376653 0.00381988 0.00472479 0.00812082 0.0129464 
0.00870615 0.00875875 0.00869172 0.00820511 0.00841363 0.00861431 0.0090815 0.00856132 0.00889774 0.00943262 0.0090471 0.0099923 0.0119036 0.0099188 0.0113822 0.0159556 0.0104118 0.00892815 0.00607694 0.00815812 0.00964672 0.0415854 0.176359 0.0103224 0.00386187 0 0.00374861 0.00377292 0.00380917 0.00382963 0.0134284 0.0083121 
0.00903028 0.00950856 0.00870454 0.00839079 0.00837963 0.00874414 0.00855966 0.00868312 0.0103223 0.00916836 0.00932823 0.0108288 0.0145627 0.0285902 0.0291964 0.0154187 0.0116396 0.00883686 0.0081708 0.0134432 0.0395384 0.783621 0.0412798 0.00590817 0.00378055 0.00374861 0 0.00373564 0.0038295 0.00381573 0.00914687 0.014316 
0.00889615 0.00986648 0.00909609 0.00855347 0.00850496 0.00892538 0.0084745 0.00916879 0.0104969 0.00994582 0.0105742 0.0101265 0.0196139 0.047431 0.0288098 0.0213368 0.0117898 0.00879124 0.00866352 0.0221803 0.863664 0.0576715 0.0150972 0.00518869 0.00376653 0.00377292 0.00373564 0 0.00376343 0.00376604 0.011212 0.0304354 
0.00913067 0.0104078 0.00913474 0.00835159 0.00868725 0.00875955 0.00885423 0.0086498 0.0093896 0.0110528 0.00987781 0.0118377 0.0286297 0.0210616 0.0170125 0.0276192 0.0172032 0.0103117 0.0192359 0.883677 0.0457381 0.014884 0.0159023 0.0090223 0.00381988 0.00380917 0.0038295 0.00376343 0 0.00381392 0.0355201 0.218451 
0.0109082 0.00947876 0.0100205 0.0103247 0.00859966 0.0102007 0.0153046 0.0133288 0.0125389 0.00892645 0.0108453 0.0346911 0.0118438 0.0135537 0.00966238 0.0121892 0.0341945 0.0210703 0.860227 0.0230671 0.0105318 0.00825209 0.0113945 0.00841469 0.00472479 0.00382963 0.00381573 0.00376604 0.00381392 0 0.417923 0.0178013 
0.00844676 0.00852977 0.00936024 0.00812231 0.00852269 0.00965938 0.011206 0.00909433 0.00825176 0.00895686 0.0107103 0.00922589 0.0100033 0.00902258 0.00877533 0.00960045 0.0138379 0.020822 0.00945864 0.0175125 0.0097955 0.00866802 0.0162213 0.0137212 0.00812082 0.0134284 0.00914687 0.011212 0.0355201 0.417923 0 0.00437171 
0.00851864 0.00902597 0.00848838 0.00905423 0.00829252 0.0085197 0.0106676 0.0112009 0.00881041 0.00841055 0.00854429 0.0140566 0.0088914 0.00969016 0.00854533 0.00955598 0.0105808 0.0133941 0.0120793 0.00988325 0.0091743 0.0102697 0.0120812 0.0108048 0.0129464 0.0083121 0.014316 0.0304354 0.218451 0.0178013 0.00437171 0 
