1C0GS
MGSVVEHPEFLKAGKEPGLQIWRVEKFDLVPVPTCLYGDFFTGDAYVILKTVQLRNGNLQYDLHYWLGNECSQDESGAAAIFTVQLDDYLNGRAVQHREVQGFESATFLGYFKSGLKYKKGGVASGF
CCCCCCCHHHHHCCCCCEEEEEEEECCEEEECCHHHCCEEECCCEEEEEEEEECCCCCEEEEEEEEECCCCCHHHHHHHHHHHHHHHHHCCCCEEEEEEECCCCCHHHHHCCCCCCEEECCCCCCCC
0 0 0 0 0 0 0 0 0 0 0 0 0 0 0 0 0 0 0 0 0 0 0 0 0 0 0 0 0 0 0 0 0 0 0 0 0 0 0 0 0 0 0 0 0 0 0 0 0 0 0 0 0 0 0 0 0 0 0 0 0 0 0 0 0 0 0 0 0 0 0 0 0 0 0 0 0 0 0 0 0 0 0 0 0 0 0 0 0 0 0 0 0 0 0 0 0 0 0 0 0 0 0 0 0 0 0 0 0 0 0 0 0 0 0 0 0 0 0 0 0 0 0 0 0 0 0 
0 0 0 0 0 0 0 0 0 0 0 0 0 0 0 0 0 0 0 0 0 0 0 0 0 0 0 0 0 0 0 0 0 0 0 0 0 0 0 0 0 0 0 0 0 0 0 0 0 0 0 0 0 0 0 0 0 0 0 0 0 0 0 0 0 0 0 0 0 0 0 0 0 0 0 0 0 0 0 0 0 0 0 0 0 0 0 0 0 0 0 0 0 0 0 0 0 0 0 0 0 0 0 0 0 0 0 0 0 0 0 0 0 0 0 0 0 0 0 0 0 0 0 0 0 0 0 
0 0.00396308 0.00382441 0.0037839 0.00376697 0.00394027 0.0041178 0.00654141 0.00957062 0.00637137 0.00781265 0.0221574 0.0147184 0.00839133 0.0428245 0.0137462 0.0147223 0.0114797 0.012072 0.0104549 0.0109017 0.00992313 0.0100729 0.0526279 0.0100506 0.0103821 0.00889545 0.0110878 0.00891258 0.010514 0.00915991 0.0128527 0.0180887 0.00889362 0.00853528 0.00821461 0.0082147 0.00835565 0.00827804 0.0110768 0.00893236 0.00841506 0.00936271 
0.00396308 0 0.00377243 0.00375947 0.00376018 0.00380264 0.00679284 0.00391499 0.00562622 0.0102263 0.00808496 0.0112167 0.00832148 0.0708277 0.0131537 0.020467 0.0278967 0.0365477 0.0183703 0.0247947 0.012781 0.0150585 0.0264301 0.00960947 0.0131662 0.00964868 0.0308268 0.0101991 0.037423 0.0118741 0.0341551 0.0185758 0.0112693 0.00936507 0.00925232 0.00975237 0.00970086 0.00863963 0.0115428 0.0090851 0.00828834 0.0094052 0.00850117 
0.00382441 0.00377243 0 0.00374656 0.00374431 0.00390051 0.00375627 0.00384186 0.00596632 0.00630035 0.0089738 0.00723512 0.0383321 0.0171665 0.0475294 0.0111958 0.027601 0.0335052 0.0498606 0.0335198 0.0534174 0.0222095 0.0101409 0.0102787 0.00854484 0.0252792 0.0118242 0.0719586 0.0186304 0.122035 0.0348519 0.0303947 0.0200483 0.0086957 0.0129399 0.0121313 0.0115101 0.0155473 0.0101946 0.00869477 0.00884171 0.00840851 0.00837549 
0.0037839 0.00375947 0.00374656 0 0.0037583 0.00376205 0.00373078 0.00380407 0.00432253 0.00609764 0.00599009 0.0710189 0.0277049 0.0392798 0.00887426 0.0112869 0.0218611 0.051895 0.0671154 0.0769498 0.0362391 0.0238782 0.0124236 0.00898336 0.00978006 0.00959164 0.0447962 0.0249707 0.10064 0.0497976 0.111223 0.0264248 0.0119488 0.00915214 0.0101447 0.0156164 0.0171674 0.0109568 0.011985 0.00871197 0.00833888 0.0085743 0.00835802 
0.00376697 0.00376018 0.00374431 0.0037583 0 0.00375208 0.00375672 0.00380194 0.00401494 0.00598117 0.0307925 0.605514 0.0096572 0.00850313 0.00900922 0.011686 0.0199517 0.0560919 0.0563123 0.0558647 0.0311908 0.0167187 0.0107713 0.00894558 0.00907273 0.0126729 0.0239101 0.0358258 0.0703696 0.0682703 0.0522354 0.024336 0.0104402 0.00898576 0.0108879 0.0149573 0.0127701 0.0114483 0.0112229 0.00865387 0.0084184 0.00847013 0.00829307 
0.00394027 0.00380264 0.00390051 0.00376205 0.00375208 0 0.00375363 0.00378589 0.0055857 0.0263335 0.775048 0.0458318 0.00919933 0.00813748 0.010895 0.00991989 0.0353101 0.035406 0.0487853 0.0275837 0.0374827 0.0153372 0.00966721 0.00920193 0.00890078 0.0149204 0.0134999 0.0549537 0.0198673 0.0610085 0.0267477 0.0209488 0.0107569 0.00877535 0.0120286 0.0107871 0.0105602 0.0105961 0.0087374 0.00857632 0.00861813 0.0083424 0.00829746 
0.0041178 0.00679284 0.00375627 0.00373078 0.00375672 0.00375363 0 0.00387895 0.00410428 0.854704 0.00416777 0.00440989 0.00721025 0.0367765 0.00780432 0.0221733 0.0210705 0.021951 0.0132773 0.0203004 0.0113139 0.012095 0.0100106 0.00822897 0.0157947 0.00936 0.0173264 0.00994021 0.032331 0.00979691 0.0214657 0.015868 0.0096196 0.0107219 0.008597 0.00904956 0.00877475 0.00838689 0.00954432 0.00835128 0.00825797 0.00931098 0.00817595 
0.00654141 0.00391499 0.00384186 0.00380407 0.00380194 0.00378589 0.00387895 0 0.937265 0.00381726 0.00385966 0.00399955 0.0163968 0.00725824 0.0108025 0.0259248 0.0124158 0.0102741 0.0147645 0.00996412 0.0107811 0.00868311 0.00999834 0.00956662 0.0137008 0.00981545 0.00893868 0.00953497 0.00910704 0.0108994 0.0092306 0.0112094 0.0154486 0.0107677 0.00868039 0.0087605 0.00835425 0.00841 0.0083955 0.0084626 0.0100826 0.00831765 0.00824759 
0.00957062 0.00562622 0.00596632 0.00432253 0.00401494 0.0055857 0.00410428 0.937265 0 0.00380172 0.00380185 0.00494644 0.0212942 0.00659658 0.0992294 0.0101823 0.0114807 0.00987623 0.0109774 0.0103215 0.0106153 0.00903311 0.0108046 0.0243627 0.00946315 0.0122847 0.00840008 0.0121429 0.00852287 0.0110126 0.00869075 0.00969264 0.0142517 0.00923929 0.00933826 0.0083915 0.00838372 0.00930339 0.0083447 0.0126573 0.0101022 0.00851805 0.0100214 
0.00637137 0.0102263 0.00630035 0.00609764 0.00598117 0.0263335 0.854704 0.00381726 0.00380172 0 0.00402937 0.0037921 0.00548422 0.0514076 0.0167929 0.0100849 0.0114455 0.0259736 0.011765 0.0140717 0.0103115 0.011515 0.013398 0.00855136 0.0119354 0.00832881 0.0205517 0.00910495 0.0171824 0.00895272 0.0153932 0.0109676 0.00919568 0.00993942 0.00852401 0.00913678 0.00897829 0.00835401 0.0101962 0.00824297 0.00820458 0.0088377 0.00834101 
0.00781265 0.00808496 0.0089738 0.00599009 0.0307925 0.775048 0.00416777 0.00385966 0.00380185 0.00402937 0 0.00390201 0.0153058 0.0207931 0.0196037 0.00800133 0.0162202 0.0115279 0.0125319 0.0106388 0.0110733 0.00956506 0.00857771 0.00807703 0.00850518 0.0129988 0.00857852 0.0116639 0.00931651 0.0122947 0.00974277 0.0127635 0.00895346 0.00860704 0.0090466 0.0085056 0.00835985 0.00854339 0.00849298 0.0082519 0.00830921 0.00851443 0.00809418 
0.0221574 0.0112167 0.00723512 0.0710189 0.605514 0.0458318 0.00440989 0.00399955 0.00494644 0.0037921 0.00390201 0 0.050357 0.0102022 0.010514 0.0312573 0.0222494 0.0109852 0.0132759 0.0124397 0.0103535 0.00902367 0.00907208 0.00908739 0.0173999 0.00947269 0.010104 0.00940079 0.00974391 0.00988142 0.00996634 0.0102673 0.0114883 0.0139391 0.00924307 0.00867496 0.00884357 0.00844381 0.00855993 0.00900022 0.0117469 0.00833273 0.00832862 
0.0147184 0.00832148 0.0383321 0.0277049 0.0096572 0.00919933 0.00721025 0.0163968 0.0212942 0.00548422 0.0153058 0.050357 0 0.0044306 0.00409536 0.00491261 0.0100204 0.0279585 0.0223775 0.00679805 0.00717771 0.00648049 0.00811798 0.0229825 0.00760441 0.0101738 0.00785471 0.0103666 0.00800237 0.00956118 0.00845473 0.00981408 0.014528 0.00894061 0.00896452 0.00846092 0.00853821 0.00909107 0.00832596 0.0124703 0.00923921 0.00834117 0.00985522 
0.00839133 0.0708277 0.0171665 0.0392798 0.00850313 0.00813748 0.0367765 0.00725824 0.00659658 0.0514076 0.0207931 0.0102022 0.0044306 0 0.00386278 0.00572532 0.0319493 0.0277916 0.00664446 0.00741282 0.00660306 0.00695423 0.0104852 0.00695799 0.00901618 0.00818134 0.0116113 0.00805453 0.0107077 0.0082532 0.0105338 0.0150326 0.00919099 0.00869398 0.00878298 0.00847931 0.00846069 0.00832964 0.0104748 0.00840866 0.00817979 0.0116096 0.00821279 
0.0428245 0.0131537 0.0475294 0.00887426 0.00900922 0.010895 0.00780432 0.0108025 0.0992294 0.0167929 0.0196037 0.010514 0.00409536 0.00386278 0 0.100704 0.00884157 0.00433748 0.00545242 0.00526779 0.00719217 0.00642372 0.00673881 0.00729241 0.0101547 0.0091331 0.00796488 0.0092843 0.00827523 0.010021 0.00942348 0.012904 0.0229098 0.011237 0.00897079 0.00858186 0.00837892 0.00862447 0.00844567 0.00965693 0.0107989 0.00835755 0.00856131 
0.0137462 0.020467 0.0111958 0.0112869 0.011686 0.00991989 0.0221733 0.0259248 0.0101823 0.0100849 0.00800133 0.0312573 0.00491261 0.00572532 0.100704 0 0.00378217 0.00381285 0.00379945 0.00385344 0.00394868 0.00390291 0.0045935 0.00936596 0.00910454 0.00827199 0.00906341 0.00835333 0.0103258 0.00881294 0.0127592 0.0115618 0.888832 0.0129268 0.00962886 0.0093534 0.00905811 0.00907223 0.0104181 0.0154012 0.00903138 0.00881073 0.0119172 
0.0147223 0.0278967 0.027601 0.0218611 0.0199517 0.0353101 0.0210705 0.0124158 0.0114807 0.0114455 0.0162202 0.0222494 0.0100204 0.0319493 0.00884157 0.00378217 0 0.00378947 0.00378037 0.00382491 0.00385051 0.00429978 0.00460674 0.00514022 0.00729439 0.0104277 0.0094712 0.01456 0.0112914 0.0176815 0.0235693 0.951367 0.0163233 0.0108383 0.019412 0.0117552 0.0117728 0.0121945 0.0139491 0.0105825 0.00930354 0.00991305 0.00881286 
0.0114797 0.0365477 0.0335052 0.051895 0.0560919 0.035406 0.021951 0.0102741 0.00987623 0.0259736 0.0115279 0.0109852 0.0279585 0.0277916 0.00433748 0.00381285 0.00378947 0 0.00376625 0.0037813 0.00378503 0.00379595 0.00422749 0.00386312 0.00784812 0.00819763 0.0155695 0.0105317 0.0250893 0.0213069 0.968109 0.0198281 0.0156893 0.0122353 0.0141374 0.0216806 0.0192834 0.0175587 0.0135818 0.010098 0.0101379 0.00963646 0.00868381 
0.012072 0.0183703 0.0498606 0.0671154 0.0563123 0.0487853 0.0132773 0.0147645 0.0109774 0.011765 0.0125319 0.0132759 0.0223775 0.00664446 0.00545242 0.00379945 0.00378037 0.00376625 0 0.00376646 0.00381146 0.0037736 0.00376316 0.00386998 0.00700543 0.0126508 0.00923665 0.0136577 0.0250944 0.951459 0.0228562 0.0226394 0.00968572 0.0116802 0.0170431 0.0184075 0.024705 0.0180218 0.012836 0.00989196 0.00940283 0.0091723 0.00856065 
0.0104549 0.0247947 0.0335198 0.0769498 0.0558647 0.0275837 0.0203004 0.00996412 0.0103215 0.0140717 0.0106388 0.0124397 0.00679805 0.00741282 0.00526779 0.00385344 0.00382491 0.0037813 0.00376646 0 0.00375919 0.00378995 0.00380521 0.00384608 0.00719158 0.00794495 0.0110036 0.0129739 0.93954 0.0167078 0.01967 0.0109389 0.0126607 0.00972321 0.0130335 0.0222978 0.0176032 0.0154292 0.0201139 0.00958107 0.00874294 0.00929588 0.00870692 
0.0109017 0.012781 0.0534174 0.0362391 0.0311908 0.0374827 0.0113139 0.0107811 0.0106153 0.0103115 0.0110733 0.0103535 0.00717771 0.00660306 0.00719217 0.00394868 0.00385051 0.00378503 0.00381146 0.00375919 0 0.00375022 0.00377278 0.00378457 0.00650857 0.00915156 0.0127715 0.971087 0.0234699 0.0128965 0.0109439 0.0121483 0.00913644 0.010096 0.0145282 0.0137873 0.0136666 0.0130098 0.0102919 0.00900212 0.00901334 0.00852551 0.00849573 
0.00992313 0.0150585 0.0222095 0.0238782 0.0167187 0.0153372 0.012095 0.00868311 0.00903311 0.011515 0.00956506 0.00902367 0.00648049 0.00695423 0.00642372 0.00390291 0.00429978 0.00379595 0.0037736 0.00378995 0.00375022 0 0.00377307 0.00376136 0.00560699 0.0087171 0.98014 0.0241455 0.0115989 0.00750548 0.0116019 0.00817702 0.00812084 0.0096611 0.0100226 0.0109204 0.0100662 0.00982828 0.00894905 0.00886938 0.00853301 0.00853686 0.00833699 
0.0100729 0.0264301 0.0101409 0.0124236 0.0107713 0.00966721 0.0100106 0.00999834 0.0108046 0.013398 0.00857771 0.00907208 0.00811798 0.0104852 0.00673881 0.0045935 0.00460674 0.00422749 0.00376316 0.00380521 0.00377278 0.00377307 0 0.00388259 0.0116463 0.972594 0.0118028 0.00682007 0.00750364 0.00747743 0.00745192 0.00797778 0.00728582 0.0104998 0.00948258 0.00891743 0.00914807 0.00862182 0.00950933 0.00841371 0.00929404 0.00918898 0.00824661 
0.0526279 0.00960947 0.0102787 0.00898336 0.00894558 0.00920193 0.00822897 0.00956662 0.0243627 0.00855136 0.00807703 0.00908739 0.0229825 0.00695799 0.00729241 0.00936596 0.00514022 0.00386312 0.00386998 0.00384608 0.00378457 0.00376136 0.00388259 0 0.995523 0.00735829 0.00503846 0.00835899 0.00570553 0.00643065 0.00676429 0.00672287 0.00788626 0.0132498 0.00895279 0.00867668 0.00851053 0.00852497 0.0086123 0.0090125 0.0144024 0.00830899 0.00843318 
0.0100506 0.0131662 0.00854484 0.00978006 0.00907273 0.00890078 0.0157947 0.0137008 0.00946315 0.0119354 0.00850518 0.0173999 0.00760441 0.00901618 0.0101547 0.00910454 0.00729439 0.00784812 0.00700543 0.00719158 0.00650857 0.00560699 0.0116463 0.995523 0 0.00382689 0.00384832 0.00379326 0.00391526 0.00377179 0.00410807 0.00402393 0.0069499 0.0258215 0.0087647 0.00919574 0.00872284 0.00872118 0.0108606 0.0137344 0.00891053 0.00926174 0.0118313 
0.0103821 0.00964868 0.0252792 0.00959164 0.0126729 0.0149204 0.00936 0.00981545 0.0122847 0.00832881 0.0129988 0.00947269 0.0101738 0.00818134 0.0091331 0.00827199 0.0104277 0.00819763 0.0126508 0.00794495 0.00915156 0.0087171 0.972594 0.00735829 0.00382689 0 0.00374883 0.00374489 0.00374251 0.00377239 0.00376071 0.00493803 0.00404257 0.00975357 0.0250323 0.00862992 0.00914661 0.012161 0.00923294 0.00930501 0.00907213 0.00922757 0.00849523 
0.00889545 0.0308268 0.0118242 0.0447962 0.0239101 0.0134999 0.0173264 0.00893868 0.00840008 0.0205517 0.00857852 0.010104 0.00785471 0.0116113 0.00796488 0.00906341 0.0094712 0.0155695 0.00923665 0.0110036 0.0127715 0.98014 0.0118028 0.00503846 0.00384832 0.00374883 0 0.00376086 0.00376376 0.00375204 0.00460883 0.00378938 0.00386123 0.102743 0.00969948 0.0276436 0.012269 0.0110888 0.0116943 0.00880543 0.00865802 0.00877326 0.00840976 
0.0110878 0.0101991 0.0719586 0.0249707 0.0358258 0.0549537 0.00994021 0.00953497 0.0121429 0.00910495 0.0116639 0.00940079 0.0103666 0.00805453 0.0092843 0.00835333 0.01456 0.0105317 0.0136577 0.0129739 0.971087 0.0241455 0.00682007 0.00835899 0.00379326 0.00374489 0.00376086 0 0.00373998 0.00377728 0.00370206 0.0037587 0.00383908 0.0123567 0.199143 0.0122864 0.0207844 0.0217557 0.00993616 0.00977486 0.00933897 0.00860797 0.00857621 
0.00891258 0.037423 0.0186304 0.10064 0.0703696 0.0198673 0.032331 0.00910704 0.00852287 0.0171824 0.00931651 0.00974391 0.00800237 0.0107077 0.00827523 0.0103258 0.0112914 0.0250893 0.0250944 0.93954 0.0234699 0.0115989 0.00750364 0.00570553 0.00391526 0.00374251 0.00376376 0.00373998 0 0.00374282 0.00374676 0.00376852 0.00379461 0.0237121 0.014258 0.239109 0.0228241 0.0235105 0.0145933 0.00956778 0.00862954 0.00920851 0.00861306 
0.010514 0.0118741 0.122035 0.0497976 0.0682703 0.0610085 0.00979691 0.0108994 0.0110126 0.00895272 0.0122947 0.00988142 0.00956118 0.0082532 0.010021 0.00881294 0.0176815 0.0213069 0.951459 0.0167078 0.0128965 0.00750548 0.00747743 0.00643065 0.00377179 0.00377239 0.00375204 0.00377728 0.00374282 0 0.00374818 0.00375726 0.00376905 0.0126594 0.056032 0.0249288 0.246853 0.0295991 0.0145593 0.00971434 0.00949526 0.00873337 0.00866449 
0.00915991 0.0341551 0.0348519 0.111223 0.0522354 0.0267477 0.0214657 0.0092306 0.00869075 0.0153932 0.00974277 0.00996634 0.00845473 0.0105338 0.00942348 0.0127592 0.0235693 0.968109 0.0228562 0.01967 0.0109439 0.0116019 0.00745192 0.00676429 0.00410807 0.00376071 0.00460883 0.00370206 0.00374676 0.00374818 0 0.00376377 0.00376568 0.0178702 0.0218103 0.0481964 0.0357655 0.235301 0.0181828 0.0117974 0.00878543 0.00943357 0.00898123 
0.0128527 0.0185758 0.0303947 0.0264248 0.024336 0.0209488 0.015868 0.0112094 0.00969264 0.0109676 0.0127635 0.0102673 0.00981408 0.0150326 0.012904 0.0115618 0.951367 0.0198281 0.0226394 0.0109389 0.0121483 0.00817702 0.00797778 0.00672287 0.00402393 0.00493803 0.00378938 0.0037587 0.00376852 0.00375726 0.00376377 0 0.00375876 0.010802 0.0307487 0.02344 0.02433 0.0202602 0.279296 0.0142417 0.00964513 0.0122118 0.00868701 
0.0180887 0.0112693 0.0200483 0.0119488 0.0104402 0.0107569 0.0096196 0.0154486 0.0142517 0.00919568 0.00895346 0.0114883 0.014528 0.00919099 0.0229098 0.888832 0.0163233 0.0156893 0.00968572 0.0126607 0.00913644 0.00812084 0.00728582 0.00788626 0.0069499 0.00404257 0.00386123 0.00383908 0.00379461 0.00376905 0.00376568 0.00375876 0 0.021056 0.0127421 0.0154695 0.0127353 0.0138077 0.0140872 0.228644 0.0133991 0.00860107 0.00950072 
0.00889362 0.00936507 0.0086957 0.00915214 0.00898576 0.00877535 0.0107219 0.0107677 0.00923929 0.00993942 0.00860704 0.0139391 0.00894061 0.00869398 0.011237 0.0129268 0.0108383 0.0122353 0.0116802 0.00972321 0.010096 0.0096611 0.0104998 0.0132498 0.0258215 0.00975357 0.102743 0.0123567 0.0237121 0.0126594 0.0178702 0.010802 0.021056 0 0.00445646 0.00383097 0.00383213 0.00387693 0.00459489 0.00497013 0.0211411 0.0102845 0.0217848 
0.00853528 0.00925232 0.0129399 0.0101447 0.0108879 0.0120286 0.008597 0.00868039 0.00933826 0.00852401 0.0090466 0.00924307 0.00896452 0.00878298 0.00897079 0.00962886 0.019412 0.0141374 0.0170431 0.0130335 0.0145282 0.0100226 0.00948258 0.00895279 0.0087647 0.0250323 0.00969948 0.199143 0.014258 0.056032 0.0218103 0.0307487 0.0127421 0.00445646 0 0.00374827 0.00375873 0.00378434 0.00376494 0.00436988 0.0119382 0.0168872 0.0086089 
0.00821461 0.00975237 0.0121313 0.0156164 0.0149573 0.0107871 0.00904956 0.0087605 0.0083915 0.00913678 0.0085056 0.00867496 0.00846092 0.00847931 0.00858186 0.0093534 0.0117552 0.0216806 0.0184075 0.0222978 0.0137873 0.0109204 0.00891743 0.00867668 0.00919574 0.00862992 0.0276436 0.0122864 0.239109 0.0249288 0.0481964 0.02344 0.0154695 0.00383097 0.00374827 0 0.003759 0.0037665 0.00392142 0.0038035 0.0147805 0.00872706 0.0107214 
0.0082147 0.00970086 0.0115101 0.0171674 0.0127701 0.0105602 0.00877475 0.00835425 0.00838372 0.00897829 0.00835985 0.00884357 0.00853821 0.00846069 0.00837892 0.00905811 0.0117728 0.0192834 0.024705 0.0176032 0.0136666 0.0100662 0.00914807 0.00851053 0.00872284 0.00914661 0.012269 0.0207844 0.0228241 0.246853 0.0357655 0.02433 0.0127353 0.00383213 0.00375873 0.003759 0 0.00375112 0.00375538 0.00376897 0.00890423 0.0114419 0.0105593 
0.00835565 0.00863963 0.0155473 0.0109568 0.0114483 0.0105961 0.00838689 0.00841 0.00930339 0.00835401 0.00854339 0.00844381 0.00909107 0.00832964 0.00862447 0.00907223 0.0121945 0.0175587 0.0180218 0.0154292 0.0130098 0.00982828 0.00862182 0.00852497 0.00872118 0.012161 0.0110888 0.0217557 0.0235105 0.0295991 0.235301 0.0202602 0.0138077 0.00387693 0.00378434 0.0037665 0.00375112 0 0.00374191 0.00378922 0.0156913 0.00934647 0.0107542 
0.00827804 0.0115428 0.0101946 0.011985 0.0112229 0.0087374 0.00954432 0.0083955 0.0083447 0.0101962 0.00849298 0.00855993 0.00832596 0.0104748 0.00844567 0.0104181 0.0139491 0.0135818 0.012836 0.0201139 0.0102919 0.00894905 0.00950933 0.0086123 0.0108606 0.00923294 0.0116943 0.00993616 0.0145933 0.0145593 0.0181828 0.279296 0.0140872 0.00459489 0.00376494 0.00392142 0.00375538 0.00374191 0 0.00377026 0.00895092 0.096569 0.00974278 
0.0110768 0.0090851 0.00869477 0.00871197 0.00865387 0.00857632 0.00835128 0.0084626 0.0126573 0.00824297 0.0082519 0.00900022 0.0124703 0.00840866 0.00965693 0.0154012 0.0105825 0.010098 0.00989196 0.00958107 0.00900212 0.00886938 0.00841371 0.0090125 0.0137344 0.00930501 0.00880543 0.00977486 0.00956778 0.00971434 0.0117974 0.0142417 0.228644 0.00497013 0.00436988 0.0038035 0.00376897 0.00378922 0.00377026 0 0.0535599 0.01037 0.0333784 
0.00893236 0.00828834 0.00884171 0.00833888 0.0084184 0.00861813 0.00825797 0.0100826 0.0101022 0.00820458 0.00830921 0.0117469 0.00923921 0.00817979 0.0107989 0.00903138 0.00930354 0.0101379 0.00940283 0.00874294 0.00901334 0.00853301 0.00929404 0.0144024 0.00891053 0.00907213 0.00865802 0.00933897 0.00862954 0.00949526 0.00878543 0.00964513 0.0133991 0.0211411 0.0119382 0.0147805 0.00890423 0.0156913 0.00895092 0.0535599 0 0.00402507 0.00831921 
0.00841506 0.0094052 0.00840851 0.0085743 0.00847013 0.0083424 0.00931098 0.00831765 0.00851805 0.0088377 0.00851443 0.00833273 0.00834117 0.0116096 0.00835755 0.00881073 0.00991305 0.00963646 0.0091723 0.00929588 0.00852551 0.00853686 0.00918898 0.00830899 0.00926174 0.00922757 0.00877326 0.00860797 0.00920851 0.00873337 0.00943357 0.0122118 0.00860107 0.0102845 0.0168872 0.00872706 0.0114419 0.00934647 0.096569 0.01037 0.00402507 0 0.00403559 
0.00936271 0.00850117 0.00837549 0.00835802 0.00829307 0.00829746 0.00817595 0.00824759 0.0100214 0.00834101 0.00809418 0.00832862 0.00985522 0.00821279 0.00856131 0.0119172 0.00881286 0.00868381 0.00856065 0.00870692 0.00849573 0.00833699 0.00824661 0.00843318 0.0118313 0.00849523 0.00840976 0.00857621 0.00861306 0.00866449 0.00898123 0.00868701 0.00950072 0.0217848 0.0086089 0.0107214 0.0105593 0.0107542 0.00974278 0.0333784 0.00831921 0.00403559 0 
