1D9YA
DITVYNGQHKEAAQAVADAFTRATGIKVKLNCAKGDQLAGQIKEEGSRSPADVFYSEQIPALATLSAANLLEPLPASTINETRGKGVPVAAKKDWVALSGRSRVVVYDTRKLSEKDLEKSVLNYATPKWKNRIGYVPTSGAFLEQIVAIVKLKGEAAALKWLKGLKEYGKPYAKNSVALQAVENGEIDAALINNYYWHAFAREKGVQNVHTRLNFVRHRDPGALVTYSGAAVLKSSQNKDEAKKFVAFLAGKEGQRALTAVRAEYPLNPHVVSTFNLEPIAKLEAPQVSATTVSEKEHATRLLEQAGMK
CEEEEECCCHHHHHHHHHHHHHHHCCCEEEEECCHHHHHHHHHHHHHHCCCCEEEECCHHHHHHHHHCCCECCCCCCHHHHCCCCCCCECCCCCCEEEEEEEEEEEEECCCCCHHHCCCCHHHHCCHHHCCCEEECCCCHHHHHHHHHHHHHHCHHHHHHHHHHHHHHCEECCCHHHHHHHHHCCCCCEEEEECHHHHHHHHHHCHHHCCEEEECCCCCCHHHCEEEEEEEEECCCCCHHHHHHHHHHHHCHHHHHHHHHHCCCEECCCCCCCCCCCCCHHHHCCCCCCCCCHHHHHHHHHHHHHHCCC
0 0 0 0 0 0 0 0 0 0 0 0 0 0 0 0 0 0 0 0 0 0 0 0 0 0 0 0 0 0 0 0 0 0 0 0 0 0 0 0 0 0 0 0 0 0 0 0 0 0 0 0 0 0 0 0 0 0 0 0 0 0 0 0 0 0 0 0 0 0 0 0 0 0 0 0 0 0 0 0 0 0 0 0 0 0 0 0 0 0 0 0 0 0 0 0 0 0 0 0 0 0 0 0 0 0 0 0 0 0 0 0 0 0 0 0 0 0 0 0 0 0 0 0 0 0 0 0 0 0 0 0 0 0 0 0 0 0 0 0 0 0 0 0 0 0 0 0 0 0 0 0 0 0 0 0 0 0 0 0 0 0 0 0 0 0 0 0 0 0 0 0 0 0 0 0 0 0 0 0 0 0 0 0 0 0 0 0 0 0 0 0 0 0 0 0 0 0 0 0 0 0 0 0 0 0 0 0 0 0 0 0 0 0 0 0 0 0 0 0 0 0 0 0 0 0 0 0 0 0 0 0 0 0 0 0 0 0 0 0 0 0 0 0 0 0 0 0 0 0 0 0 0 0 0 0 0 0 0 0 0 0 0 0 0 0 0 0 0 0 0 0 0 0 0 0 0 0 0 0 0 0 0 0 0 0 0 0 0 0 0 0 0 0 0 0 0 0 0 0 0 0 0 0 0 0 0 0 0 
0 0 0 0 0 0 0 0 0 0 0 0 0 0 0 0 0 0 0 0 0 0 0 0 0 0 0 0 0 0 0 0 0 0 0 0 0 0 0 0 0 0 0 0 0 0 0 0 0 0 0 0 0 0 0 0 0 0 0 0 0 0 0 0 0 0 0 0 0 0 0 0 0 0 0 0 0 0 0 0 0 0 0 0 0 0 0 0 0 0 0 0 0 0 0 0 0 0 0 0 0 0 0 0 0 0 0 0 0 0 0 0 0 0 0 0 0 0 0 0 0 0 0 0 0 0 0 0 0 0 0 0 0 0 0 0 0 0 0 0 0 0 0 0 0 0 0 0 0 0 0 0 0 0 0 0 0 0 0 0 0 0 0 0 0 0 0 0 0 0 0 0 0 0 0 0 0 0 0 0 0 0 0 0 0 0 0 0 0 0 0 0 0 0 0 0 0 0 0 0 0 0 0 0 0 0 0 0 0 0 0 0 0 0 0 0 0 0 0 0 0 0 0 0 0 0 0 0 0 0 0 0 0 0 0 0 0 0 0 0 0 0 0 0 0 0 0 0 0 0 0 0 0 0 0 0 0 0 0 0 0 0 0 0 0 0 0 0 0 0 0 0 0 0 0 0 0 0 0 0 0 0 0 0 0 0 0 0 0 0 0 0 0 0 0 0 0 0 0 0 0 0 0 0 0 0 0 0 0 
0 0.00402979 0.00387661 0.00390838 0.00465405 0.74675 0.0158622 0.0568557 0.0107105 0.0518986 0.0583401 0.0247902 0.0164 0.0211388 0.0147058 0.011155 0.0173061 0.0118771 0.0177319 0.010279 0.0146991 0.00968195 0.01211 0.011876 0.0154964 0.0130659 0.0146812 0.011344 0.0117134 0.00994345 0.00903597 0.0113412 0.00817399 0.00844785 0.00910723 0.00865398 0.00883066 0.00883006 0.00897438 0.00899235 0.00830865 0.00858967 0.00865307 0.00878562 0.00841601 0.00856781 0.0084178 0.00841614 0.00847883 0.0087249 0.0087078 0.00991368 0.00849214 0.00879062 
0.00402979 0 0.00386394 0.00393836 0.00394562 0.0364017 0.800797 0.0100956 0.0803386 0.010558 0.0558594 0.0776212 0.0329366 0.0117563 0.00957203 0.00943095 0.0117421 0.022295 0.0135926 0.019821 0.0115765 0.0147647 0.0113529 0.0194613 0.019584 0.0295578 0.0181314 0.0129518 0.0090552 0.00859317 0.0104281 0.00920367 0.00813809 0.00819271 0.00870708 0.00881386 0.00909494 0.0086821 0.00842294 0.00823357 0.00855341 0.0084701 0.0084049 0.00827193 0.00861482 0.00846241 0.00844841 0.00837851 0.00846702 0.00870084 0.00865886 0.0085368 0.00845319 0.00856726 
0.00387661 0.00386394 0 0.004 0.00381613 0.0663011 0.011942 0.661235 0.0097122 0.0114775 0.0211019 0.0744786 0.0387959 0.0120865 0.00856544 0.00837634 0.0102321 0.0152237 0.0353177 0.0157859 0.0199173 0.0142097 0.0183253 0.0178931 0.0328883 0.0288425 0.034915 0.0108268 0.00867224 0.00871867 0.00878501 0.00909285 0.00815703 0.00814458 0.00863631 0.0090698 0.00948264 0.00866312 0.00849619 0.00838773 0.00837355 0.00856804 0.00828626 0.00872582 0.00854942 0.00874574 0.00856438 0.00857265 0.00869766 0.00886489 0.00858828 0.00833315 0.00849168 0.0083841 
0.00390838 0.00393836 0.004 0 0.00381931 0.0152883 0.0498687 0.0129701 0.444405 0.0116999 0.0307511 0.0347935 0.0787385 0.0192757 0.00979339 0.00882066 0.00976683 0.0167652 0.0129729 0.0142505 0.0108667 0.0123476 0.0102785 0.0139946 0.0144127 0.0206807 0.017494 0.0137348 0.00887942 0.00854048 0.00920547 0.00882177 0.00812956 0.00817389 0.00841195 0.00882734 0.0088302 0.00853801 0.0087642 0.00821136 0.00840949 0.00844351 0.00819662 0.00825243 0.00852547 0.00842492 0.00841185 0.00843133 0.00839247 0.00860751 0.00849462 0.00822074 0.0083683 0.00843251 
0.00465405 0.00394562 0.00381613 0.00381931 0 0.0270607 0.0116331 0.0139502 0.0152625 0.392109 0.0185877 0.0117046 0.0188638 0.0447296 0.0132692 0.0123031 0.0134837 0.00960172 0.00960287 0.00953811 0.00910248 0.00917707 0.00919951 0.00927422 0.0101982 0.00989905 0.0100239 0.00995011 0.00963306 0.00899434 0.00860812 0.0094629 0.00824463 0.00823174 0.00861788 0.00849834 0.00845993 0.00825873 0.00859337 0.00830144 0.00824311 0.00815199 0.00824415 0.00854567 0.00835599 0.00833002 0.00825688 0.00826046 0.00823651 0.0083018 0.0081903 0.0083656 0.00840871 0.0083746 
0.74675 0.0364017 0.0663011 0.0152883 0.0270607 0 0.00473035 0.00406357 0.00399338 0.00505078 0.0919861 0.0212031 0.0141977 0.0228622 0.0265466 0.0150186 0.021489 0.0107711 0.0120651 0.00877344 0.011598 0.00879896 0.0106476 0.00998297 0.0149858 0.0109686 0.010687 0.0100567 0.0140686 0.0139307 0.00880574 0.0108238 0.00823311 0.00852842 0.0105484 0.00885606 0.00880329 0.00851448 0.00875477 0.0116446 0.00819893 0.00928091 0.00842632 0.00957618 0.00827651 0.00885672 0.00831871 0.00855256 0.0084961 0.00850764 0.00836793 0.00980506 0.00860619 0.00855301 
0.0158622 0.800797 0.011942 0.0498687 0.0116331 0.00473035 0 0.00376633 0.00401861 0.00393322 0.0350933 0.0419188 0.0197462 0.0100615 0.00928789 0.0100533 0.0093866 0.0174828 0.0089776 0.0153809 0.00871195 0.0111689 0.00879006 0.01265 0.0107376 0.0157518 0.0109415 0.0108327 0.00859907 0.0083849 0.00993526 0.00860332 0.00878518 0.00836083 0.00843995 0.00886412 0.00852075 0.00848131 0.00826572 0.00817273 0.00892559 0.00832622 0.00831811 0.0082332 0.00843013 0.0083351 0.00835648 0.00830959 0.00837816 0.00845819 0.00843739 0.00825086 0.00836955 0.00832703 
0.0568557 0.0100956 0.661235 0.0129701 0.0139502 0.00406357 0.00376633 0 0.00383442 0.00374317 0.022342 0.0293777 0.0167383 0.0103389 0.00985787 0.00830633 0.00949358 0.0107478 0.0256538 0.00933632 0.0181614 0.00939259 0.0140637 0.0106279 0.0182305 0.015815 0.0186143 0.00984064 0.00855428 0.00915002 0.00839076 0.00861537 0.00803641 0.00811084 0.00850096 0.00857836 0.00910234 0.00845242 0.00828444 0.0088101 0.00832075 0.00841272 0.00820011 0.0084649 0.00836763 0.00841064 0.00834856 0.00837646 0.00839513 0.00845119 0.00832274 0.00831796 0.00834395 0.00826868 
0.0107105 0.0803386 0.0097122 0.444405 0.0152625 0.00399338 0.00401861 0.00383442 0 0.00385442 0.0126098 0.0262013 0.0415066 0.0120124 0.00954974 0.00906109 0.00886321 0.0110654 0.0086983 0.0110441 0.00855232 0.00924376 0.00850938 0.00980429 0.0091369 0.0102016 0.00949007 0.00955425 0.00837981 0.00825833 0.00870534 0.00845874 0.00817811 0.00818693 0.00820914 0.00854028 0.00831483 0.00831242 0.00826099 0.0080792 0.00817738 0.00821691 0.0081587 0.00812969 0.00819667 0.00818609 0.00815008 0.00816083 0.00814558 0.00822747 0.00825466 0.00817623 0.00819745 0.00818129 
0.0518986 0.010558 0.0114775 0.0116999 0.392109 0.00505078 0.00393322 0.00374317 0.00385442 0 0.0180554 0.0113984 0.0343659 0.0411588 0.0143801 0.0113132 0.0128692 0.00863149 0.00893428 0.00855084 0.00895992 0.00861976 0.00888942 0.00857776 0.00941919 0.00886786 0.00898996 0.00882863 0.00893003 0.00937155 0.00842157 0.00859038 0.00826326 0.0081983 0.00907463 0.00835132 0.00829216 0.00821356 0.00838111 0.00840621 0.008224 0.00819669 0.00825622 0.00839878 0.00823331 0.00826307 0.00821079 0.00819833 0.00815145 0.00827379 0.00820415 0.00825377 0.00825771 0.00824415 
0.0583401 0.0558594 0.0211019 0.0307511 0.0185877 0.0919861 0.0350933 0.022342 0.0126098 0.0180554 0 0.00384721 0.00383476 0.00418075 0.0260179 0.0212294 0.0559813 0.0237334 0.0179873 0.0153835 0.0159349 0.0133081 0.0160361 0.0185066 0.0268968 0.026247 0.0204828 0.0152426 0.0163476 0.0125537 0.0110571 0.0162319 0.00815858 0.00877054 0.0106591 0.0110553 0.0096163 0.00918197 0.00994905 0.0086015 0.00834964 0.00874057 0.00884654 0.00877988 0.00861767 0.00864013 0.00858073 0.00862368 0.00869137 0.00892203 0.00873487 0.00949377 0.00818535 0.00843173 
0.0247902 0.0776212 0.0744786 0.0347935 0.0117046 0.0212031 0.0419188 0.0293777 0.0262013 0.0113984 0.00384721 0 0.00383682 0.00376892 0.0152669 0.0134017 0.0226646 0.107271 0.0348913 0.0325271 0.0206983 0.0252112 0.021179 0.0362361 0.0423077 0.0622086 0.0448655 0.0355218 0.0100188 0.00947155 0.0193366 0.0104928 0.00815531 0.0082628 0.00979013 0.0118766 0.0131868 0.00997449 0.00871236 0.00829437 0.00868233 0.00946733 0.00840148 0.00840703 0.00898638 0.00905769 0.00896568 0.0089052 0.00881541 0.00911198 0.00887321 0.00846143 0.00829343 0.00836911 
0.0164 0.0329366 0.0387959 0.0787385 0.0188638 0.0141977 0.0197462 0.0167383 0.0415066 0.0343659 0.00383476 0.00383682 0 0.0038106 0.0172884 0.0131577 0.0160562 0.0390143 0.0431482 0.0212825 0.0226412 0.0175764 0.0174467 0.0191374 0.0282125 0.0315233 0.0421719 0.0374611 0.0117686 0.00981608 0.0144108 0.0129162 0.00837897 0.00823534 0.00963345 0.0121931 0.010597 0.010168 0.00902832 0.00824991 0.00863167 0.00866667 0.00833716 0.00847269 0.00874641 0.00854922 0.00864268 0.00863252 0.00849786 0.00906053 0.00857975 0.00826242 0.00822244 0.00818367 
0.0211388 0.0117563 0.0120865 0.0192757 0.0447296 0.0228622 0.0100615 0.0103389 0.0120124 0.0411588 0.00418075 0.00376892 0.0038106 0 0.0554611 0.0189605 0.0227255 0.0130813 0.0134213 0.014654 0.0118363 0.0122664 0.0112231 0.0115753 0.0129921 0.0133736 0.0134188 0.019275 0.0141826 0.0111832 0.00988462 0.014037 0.00858516 0.00822185 0.0106559 0.00944966 0.00884474 0.00881072 0.00901579 0.00842428 0.00823437 0.00830741 0.00868906 0.00899761 0.00831973 0.00832756 0.00832549 0.00834336 0.00835826 0.00838406 0.00826562 0.00830183 0.00822607 0.00825639 
0.0147058 0.00957203 0.00856544 0.00979339 0.0132692 0.0265466 0.00928789 0.00985787 0.00954974 0.0143801 0.0260179 0.0152669 0.0172884 0.0554611 0 0.179856 0.0178601 0.011012 0.00979769 0.00922564 0.00905263 0.00886785 0.00860229 0.009106 0.00937076 0.00935915 0.00945693 0.0140416 0.0166562 0.0144353 0.00977617 0.0128372 0.00936666 0.00981862 0.00988687 0.00833044 0.00818805 0.00838751 0.0100016 0.0100485 0.00822692 0.00821742 0.00945277 0.0101132 0.00825973 0.00821356 0.00822775 0.00810221 0.00816172 0.00819049 0.00823397 0.00974801 0.00837592 0.00849818 
0.011155 0.00943095 0.00837634 0.00882066 0.0123031 0.0150186 0.0100533 0.00830633 0.00906109 0.0113132 0.0212294 0.0134017 0.0131577 0.0189605 0.179856 0 0.143482 0.00817603 0.00680503 0.00678148 0.00687053 0.00752676 0.00720353 0.0080661 0.00824252 0.00894593 0.00889053 0.0106499 0.013929 0.0149497 0.0124727 0.0137584 0.0102947 0.00969593 0.0103795 0.00860108 0.0082974 0.00847746 0.0104055 0.00913171 0.00839685 0.00826489 0.00989407 0.00936076 0.00828494 0.0082287 0.00822651 0.00813627 0.00821627 0.0083028 0.0084046 0.0091491 0.0083588 0.00854364 
0.0173061 0.0117421 0.0102321 0.00976683 0.0134837 0.021489 0.0093866 0.00949358 0.00886321 0.0128692 0.0559813 0.0226646 0.0160562 0.0227255 0.0178601 0.143482 0 0.00379287 0.00379839 0.00378555 0.00379032 0.00384897 0.004061 0.00427928 0.00577033 0.00845905 0.00791043 0.011299 0.0333566 0.0671831 0.0124808 0.0278393 0.00839906 0.0099316 0.0160814 0.0113032 0.0105571 0.00986162 0.0137454 0.00971694 0.00843675 0.00921371 0.010436 0.00894518 0.00864881 0.00863492 0.00852236 0.00859538 0.00898154 0.00906428 0.00885963 0.0112406 0.00819679 0.00845365 
0.0118771 0.022295 0.0152237 0.0167652 0.00960172 0.0107711 0.0174828 0.0107478 0.0110654 0.00863149 0.0237334 0.107271 0.0390143 0.0130813 0.011012 0.00817603 0.00379287 0 0.00384306 0.00376919 0.00377701 0.00373432 0.00386142 0.004416 0.00570707 0.00716774 0.0133021 0.0173004 0.00680022 0.0143492 0.0610145 0.0110192 0.00855845 0.00840185 0.0110761 0.027234 0.0180146 0.0143544 0.0093605 0.00853409 0.00998458 0.0104736 0.00888713 0.00865718 0.0100562 0.00985811 0.0104668 0.00989003 0.0106385 0.0107742 0.0106464 0.0085652 0.00830574 0.00827439 
0.0177319 0.0135926 0.0353177 0.0129729 0.00960287 0.0120651 0.0089776 0.0256538 0.0086983 0.00893428 0.0179873 0.0348913 0.0431482 0.0134213 0.00979769 0.00680503 0.00379839 0.00384306 0 0.00375758 0.0037596 0.0037788 0.00395236 0.00394422 0.00437798 0.00966145 0.0150399 0.00817264 0.00639178 0.0216976 0.0124847 0.018102 0.00821638 0.00833809 0.0112612 0.0161294 0.0388986 0.0131621 0.0097457 0.0087517 0.00889382 0.01162 0.00885312 0.00905809 0.0094933 0.0112508 0.00964232 0.0116078 0.0108278 0.0122823 0.00975744 0.00867157 0.00831152 0.00822444 
0.010279 0.019821 0.0157859 0.0142505 0.00953811 0.00877344 0.0153809 0.00933632 0.0110441 0.00855084 0.0153835 0.0325271 0.0212825 0.014654 0.00922564 0.00678148 0.00378555 0.00376919 0.00375758 0 0.00374458 0.00375123 0.00377492 0.00376617 0.00423434 0.00614057 0.00744061 0.00592436 0.00575188 0.0105559 0.0157326 0.0124889 0.00832967 0.00825699 0.00984274 0.0190635 0.0228032 0.0122511 0.0100894 0.00831492 0.00971323 0.00882659 0.00911508 0.00854679 0.00991288 0.00954121 0.0113205 0.00942787 0.0113892 0.010636 0.00913976 0.00856974 0.00828935 0.0082531 
0.0146991 0.0115765 0.0199173 0.0108667 0.00910248 0.011598 0.00871195 0.0181614 0.00855232 0.00895992 0.0159349 0.0206983 0.0226412 0.0118363 0.00905263 0.00687053 0.00379032 0.00377701 0.0037596 0.00374458 0 0.00374244 0.0037468 0.00387942 0.0040892 0.00419133 0.00451437 0.00447019 0.00467855 0.0151325 0.0118011 0.0141199 0.00817455 0.00824461 0.0118089 0.0148476 0.0225444 0.0117264 0.00943966 0.00885206 0.00851421 0.0104557 0.00855506 0.00919622 0.0091391 0.0114478 0.00928858 0.0111578 0.00986704 0.0108315 0.00894853 0.00842874 0.00825646 0.00822732 
0.00968195 0.0147647 0.0142097 0.0123476 0.00917707 0.00879896 0.0111689 0.00939259 0.00924376 0.00861976 0.0133081 0.0252112 0.0175764 0.0122664 0.00886785 0.00752676 0.00384897 0.00373432 0.0037788 0.00375123 0.00374244 0 0.00374447 0.00389826 0.00384828 0.00376211 0.00408933 0.00401727 0.00425905 0.0149919 0.0149499 0.012911 0.00825901 0.00818891 0.00973486 0.0171514 0.0203575 0.0115628 0.00984105 0.00830381 0.0091618 0.00864852 0.00897699 0.00846959 0.00980328 0.00934984 0.0111876 0.00944354 0.0105683 0.0100245 0.00935919 0.00853092 0.00826133 0.0082483 
0.01211 0.0113529 0.0183253 0.0102785 0.00919951 0.0106476 0.00879006 0.0140637 0.00850938 0.00888942 0.0160361 0.021179 0.0174467 0.0112231 0.00860229 0.00720353 0.004061 0.00386142 0.00395236 0.00377492 0.0037468 0.00374447 0 0.00375853 0.00374222 0.00381197 0.00383721 0.00382026 0.00388003 0.0207825 0.0120255 0.0132054 0.00817996 0.00826702 0.0110517 0.0153776 0.0233079 0.0108199 0.00972208 0.00890951 0.00854705 0.00948864 0.00852714 0.00923469 0.00907436 0.011148 0.0093097 0.0107584 0.00964539 0.0106479 0.00903807 0.0085196 0.00828989 0.00827167 
0.011876 0.0194613 0.0178931 0.0139946 0.00927422 0.00998297 0.01265 0.0106279 0.00980429 0.00857776 0.0185066 0.0362361 0.0191374 0.0115753 0.009106 0.0080661 0.00427928 0.004416 0.00394422 0.00376617 0.00387942 0.00389826 0.00375853 0 0.00376027 0.00382853 0.0038132 0.00375422 0.00381765 0.0231293 0.0202284 0.0125065 0.00840533 0.00836575 0.0118617 0.0258389 0.0280406 0.0137792 0.00973311 0.00862477 0.00963357 0.00939053 0.00892936 0.00874607 0.0108224 0.0105782 0.0119413 0.0101994 0.0132336 0.0112467 0.00949656 0.00856383 0.00826482 0.00824216 
0.0154964 0.019584 0.0328883 0.0144127 0.0101982 0.0149858 0.0107376 0.0182305 0.0091369 0.00941919 0.0268968 0.0423077 0.0282125 0.0129921 0.00937076 0.00824252 0.00577033 0.00570707 0.00437798 0.00423434 0.0040892 0.00384828 0.00374222 0.00376027 0 0.00377747 0.00377747 0.00385999 0.00380064 0.0461819 0.0221514 0.01757 0.0083323 0.00844104 0.015647 0.0322335 0.0483495 0.0176312 0.010703 0.00951851 0.00957961 0.0131596 0.00905988 0.0100255 0.0104001 0.0139158 0.0113565 0.0148186 0.0130404 0.0157745 0.0104968 0.0088199 0.00834396 0.00832558 
0.0130659 0.0295578 0.0288425 0.0206807 0.00989905 0.0109686 0.0157518 0.015815 0.0102016 0.00886786 0.026247 0.0622086 0.0315233 0.0133736 0.00935915 0.00894593 0.00845905 0.00716774 0.00966145 0.00614057 0.00419133 0.00376211 0.00381197 0.00382853 0.00377747 0 0.00376308 0.00382752 0.00378081 0.0348309 0.0433002 0.0175869 0.008473 0.00850607 0.0142387 0.0437799 0.0550965 0.0221818 0.0105294 0.00912516 0.0114388 0.011846 0.00970454 0.00941344 0.0125051 0.012973 0.014439 0.0123172 0.0151806 0.0165747 0.0106816 0.00884349 0.00830148 0.00833192 
0.0146812 0.0181314 0.034915 0.017494 0.0100239 0.010687 0.0109415 0.0186143 0.00949007 0.00898996 0.0204828 0.0448655 0.0421719 0.0134188 0.00945693 0.00889053 0.00791043 0.0133021 0.0150399 0.00744061 0.00451437 0.00408933 0.00383721 0.0038132 0.00377747 0.00376308 0 0.00377999 0.00376993 0.0475025 0.040255 0.0309635 0.00846337 0.00850424 0.0138789 0.0288986 0.0712651 0.0197357 0.0110467 0.00892254 0.0103965 0.0161951 0.00927111 0.00959534 0.0107968 0.0137225 0.0117399 0.0140225 0.0123363 0.0160931 0.0106081 0.00888439 0.00835546 0.00835306 
0.011344 0.0129518 0.0108268 0.0137348 0.00995011 0.0100567 0.0108327 0.00984064 0.00955425 0.00882863 0.0152426 0.0355218 0.0374611 0.019275 0.0140416 0.0106499 0.011299 0.0173004 0.00817264 0.00592436 0.00447019 0.00401727 0.00382026 0.00375422 0.00385999 0.00382752 0.00377999 0 0.00389753 0.0243383 0.137571 0.040711 0.00994752 0.00926943 0.0116066 0.0183299 0.0139523 0.0189584 0.0107479 0.00904838 0.00964153 0.0106511 0.00938145 0.00947039 0.010473 0.00932582 0.00923801 0.00938354 0.00912992 0.00975755 0.0101374 0.0086196 0.00836984 0.00837393 
0.0117134 0.0090552 0.00867224 0.00887942 0.00963306 0.0140686 0.00859907 0.00855428 0.00837981 0.00893003 0.0163476 0.0100188 0.0117686 0.0141826 0.0166562 0.013929 0.0333566 0.00680022 0.00639178 0.00575188 0.00467855 0.00425905 0.00388003 0.00381765 0.00380064 0.00378081 0.00376993 0.00389753 0 0.0263992 0.0132831 0.23389 0.00924325 0.00853277 0.012096 0.00995567 0.00883557 0.00945441 0.0115573 0.0107632 0.00842462 0.00894256 0.00934098 0.0109959 0.00863478 0.00849519 0.00851292 0.00857802 0.0085889 0.00859895 0.00839679 0.00862246 0.00828892 0.00825573 
0.00994345 0.00859317 0.00871867 0.00854048 0.00899434 0.0139307 0.0083849 0.00915002 0.00825833 0.00937155 0.0125537 0.00947155 0.00981608 0.0111832 0.0144353 0.0149497 0.0671831 0.0143492 0.0216976 0.0105559 0.0151325 0.0149919 0.0207825 0.0231293 0.0461819 0.0348309 0.0475025 0.0243383 0.0263992 0 0.00408839 0.00390886 0.0181764 0.0169648 0.0257419 0.011873 0.0124776 0.00990629 0.0152838 0.0148522 0.00875464 0.00997522 0.010499 0.00962735 0.00865202 0.00893938 0.0085379 0.00877116 0.0087213 0.00892915 0.00898459 0.0115621 0.00821287 0.00852188 
0.00903597 0.0104281 0.00878501 0.00920547 0.00860812 0.00880574 0.00993526 0.00839076 0.00870534 0.00842157 0.0110571 0.0193366 0.0144108 0.00988462 0.00977617 0.0124727 0.0124808 0.0610145 0.0124847 0.0157326 0.0118011 0.0149499 0.0120255 0.0202284 0.0221514 0.0433002 0.040255 0.137571 0.0132831 0.00408839 0 0.00387071 0.0582375 0.033022 0.0127258 0.064946 0.0167665 0.0272562 0.0109261 0.00874057 0.0125482 0.0107551 0.00975693 0.00904843 0.0130541 0.00897201 0.0093528 0.00904996 0.00952872 0.0102805 0.0117582 0.00881776 0.00851759 0.0083447 
0.0113412 0.00920367 0.00909285 0.00882177 0.0094629 0.0108238 0.00860332 0.00861537 0.00845874 0.00859038 0.0162319 0.0104928 0.0129162 0.014037 0.0128372 0.0137584 0.0278393 0.0110192 0.018102 0.0124889 0.0141199 0.012911 0.0132054 0.0125065 0.01757 0.0175869 0.0309635 0.040711 0.23389 0.00390886 0.00387071 0 0.0190104 0.04343 0.0307913 0.0125436 0.0246256 0.0183037 0.0287274 0.015545 0.00887511 0.0118422 0.014001 0.0155066 0.0090819 0.0100136 0.00914144 0.00974563 0.00973325 0.0101117 0.00994213 0.01077 0.00863773 0.00825802 
0.00817399 0.00813809 0.00815703 0.00812956 0.00824463 0.00823311 0.00878518 0.00803641 0.00817811 0.00826326 0.00815858 0.00815531 0.00837897 0.00858516 0.00936666 0.0102947 0.00839906 0.00855845 0.00821638 0.00832967 0.00817455 0.00825901 0.00817996 0.00840533 0.0083323 0.008473 0.00846337 0.00994752 0.00924325 0.0181764 0.0582375 0.0190104 0 0.015585 0.0092859 0.0166787 0.00999628 0.0153538 0.0200634 0.00869859 0.00935452 0.00906565 0.0122075 0.00882645 0.00866451 0.0082809 0.00853627 0.00824023 0.00832451 0.00834369 0.00941566 0.0102261 0.00823818 0.00874866 
0.00844785 0.00819271 0.00814458 0.00817389 0.00823174 0.00852842 0.00836083 0.00811084 0.00818693 0.0081983 0.00877054 0.0082628 0.00823534 0.00822185 0.00981862 0.00969593 0.0099316 0.00840185 0.00833809 0.00825699 0.00824461 0.00818891 0.00826702 0.00836575 0.00844104 0.00850607 0.00850424 0.00926943 0.00853277 0.0169648 0.033022 0.04343 0.015585 0 0.0243824 0.0111016 0.0120671 0.016944 0.0167693 0.0123167 0.0089161 0.00874049 0.00976543 0.0125634 0.00865222 0.00837674 0.00836369 0.00836811 0.00841718 0.00858301 0.0091747 0.008961 0.00887702 0.00818187 
0.00910723 0.00870708 0.00863631 0.00841195 0.00861788 0.0105484 0.00843995 0.00850096 0.00820914 0.00907463 0.0106591 0.00979013 0.00963345 0.0106559 0.00988687 0.0103795 0.0160814 0.0110761 0.0112612 0.00984274 0.0118089 0.00973486 0.0110517 0.0118617 0.015647 0.0142387 0.0138789 0.0116066 0.012096 0.0257419 0.0127258 0.0307913 0.0092859 0.0243824 0 0.00419983 0.00381045 0.00378476 0.00439264 0.126402 0.0205302 0.0192484 0.0282562 0.0339003 0.0158415 0.0153813 0.0126847 0.0178898 0.0157806 0.0167939 0.0158716 0.0297601 0.00998312 0.0119643 
0.00865398 0.00881386 0.0090698 0.00882734 0.00849834 0.00885606 0.00886412 0.00857836 0.00854028 0.00835132 0.0110553 0.0118766 0.0121931 0.00944966 0.00833044 0.00860108 0.0113032 0.027234 0.0161294 0.0190635 0.0148476 0.0171514 0.0153776 0.0258389 0.0322335 0.0437799 0.0288986 0.0183299 0.00995567 0.011873 0.064946 0.0125436 0.0166787 0.0111016 0.00419983 0 0.00376343 0.00377819 0.00388994 0.0803625 0.157836 0.03502 0.0168182 0.0192351 0.0714853 0.0201598 0.0330617 0.0228507 0.0363276 0.0388 0.0410066 0.0133588 0.0104155 0.00900398 
0.00883066 0.00909494 0.00948264 0.0088302 0.00845993 0.00880329 0.00852075 0.00910234 0.00831483 0.00829216 0.0096163 0.0131868 0.010597 0.00884474 0.00818805 0.0082974 0.0105571 0.0180146 0.0388986 0.0228032 0.0225444 0.0203575 0.0233079 0.0280406 0.0483495 0.0550965 0.0712651 0.0139523 0.00883557 0.0124776 0.0167665 0.0246256 0.00999628 0.0120671 0.00381045 0.00376343 0 0.00375175 0.00375033 0.0217292 0.0893323 0.0767012 0.0133551 0.0161763 0.0274574 0.0727842 0.0271124 0.0419456 0.0355377 0.101632 0.0252844 0.0118354 0.00863956 0.00885673 
0.00883006 0.0086821 0.00866312 0.00853801 0.00825873 0.00851448 0.00848131 0.00845242 0.00831242 0.00821356 0.00918197 0.00997449 0.010168 0.00881072 0.00838751 0.00847746 0.00986162 0.0143544 0.0131621 0.0122511 0.0117264 0.0115628 0.0108199 0.0137792 0.0176312 0.0221818 0.0197357 0.0189584 0.00945441 0.00990629 0.0272562 0.0183037 0.0153538 0.016944 0.00378476 0.00377819 0.00375175 0 0.00383591 0.0148623 0.0383463 0.148751 0.0362885 0.0150102 0.0274113 0.0180953 0.0225595 0.0160556 0.0253475 0.023177 0.0527617 0.0127797 0.00972577 0.00976052 
0.00897438 0.00842294 0.00849619 0.0087642 0.00859337 0.00875477 0.00826572 0.00828444 0.00826099 0.00838111 0.00994905 0.00871236 0.00902832 0.00901579 0.0100016 0.0104055 0.0137454 0.0093605 0.0097457 0.0100894 0.00943966 0.00984105 0.00972208 0.00973311 0.010703 0.0105294 0.0110467 0.0107479 0.0115573 0.0152838 0.0109261 0.0287274 0.0200634 0.0167693 0.00439264 0.00388994 0.00375033 0.00383591 0 0.0193744 0.0113427 0.0300241 0.124187 0.0339567 0.0150686 0.0131326 0.0112665 0.01419 0.0126796 0.0127412 0.0146831 0.0244293 0.0123474 0.0101704 
0.00899235 0.00823357 0.00838773 0.00821136 0.00830144 0.0116446 0.00817273 0.0088101 0.0080792 0.00840621 0.0086015 0.00829437 0.00824991 0.00842428 0.0100485 0.00913171 0.00971694 0.00853409 0.0087517 0.00831492 0.00885206 0.00830381 0.00890951 0.00862477 0.00951851 0.00912516 0.00892254 0.00904838 0.0107632 0.0148522 0.00874057 0.015545 0.00869859 0.0123167 0.126402 0.0803625 0.0217292 0.0148623 0.0193744 0 0.00389029 0.00396495 0.00393759 0.0202327 0.00839237 0.0168071 0.0142298 0.0112225 0.0104471 0.0102327 0.0124165 0.0581574 0.0102717 0.0116603 
0.00830865 0.00855341 0.00837355 0.00840949 0.00824311 0.00819893 0.00892559 0.00832075 0.00817738 0.008224 0.00834964 0.00868233 0.00863167 0.00823437 0.00822692 0.00839685 0.00843675 0.00998458 0.00889382 0.00971323 0.00851421 0.0091618 0.00854705 0.00963357 0.00957961 0.0114388 0.0103965 0.00964153 0.00842462 0.00875464 0.0125482 0.00887511 0.00935452 0.0089161 0.0205302 0.157836 0.0893323 0.0383463 0.0113427 0.00389029 0 0.00377624 0.00379516 0.00871996 0.0407081 0.0100701 0.0211888 0.00844563 0.0108883 0.0164795 0.0247924 0.00917226 0.0107702 0.00871811 
0.00858967 0.0084701 0.00856804 0.00844351 0.00815199 0.00928091 0.00832622 0.00841272 0.00821691 0.00819669 0.00874057 0.00946733 0.00866667 0.00830741 0.00821742 0.00826489 0.00921371 0.0104736 0.01162 0.00882659 0.0104557 0.00864852 0.00948864 0.00939053 0.0131596 0.011846 0.0161951 0.0106511 0.00894256 0.00997522 0.0107551 0.0118422 0.00906565 0.00874049 0.0192484 0.03502 0.0767012 0.148751 0.0300241 0.00396495 0.00377624 0 0.00387445 0.0179844 0.0161972 0.0334164 0.00918398 0.0132273 0.0133222 0.0198247 0.017922 0.0129956 0.00942104 0.00916031 
0.00865307 0.0084049 0.00828626 0.00819662 0.00824415 0.00842632 0.00831811 0.00820011 0.0081587 0.00825622 0.00884654 0.00840148 0.00833716 0.00868906 0.00945277 0.00989407 0.010436 0.00888713 0.00885312 0.00911508 0.00855506 0.00897699 0.00852714 0.00892936 0.00905988 0.00970454 0.00927111 0.00938145 0.00934098 0.010499 0.00975693 0.014001 0.0122075 0.00976543 0.0282562 0.0168182 0.0133551 0.0362885 0.124187 0.00393759 0.00379516 0.00387445 0 0.0245954 0.022095 0.00999981 0.00967094 0.0089741 0.0136723 0.0115992 0.0193899 0.0232771 0.0120075 0.0102467 
0.00878562 0.00827193 0.00872582 0.00825243 0.00854567 0.00957618 0.0082332 0.0084649 0.00812969 0.00839878 0.00877988 0.00840703 0.00847269 0.00899761 0.0101132 0.00936076 0.00894518 0.00865718 0.00905809 0.00854679 0.00919622 0.00846959 0.00923469 0.00874607 0.0100255 0.00941344 0.00959534 0.00947039 0.0109959 0.00962735 0.00904843 0.0155066 0.00882645 0.0125634 0.0339003 0.0192351 0.0161763 0.0150102 0.0339567 0.0202327 0.00871996 0.0179844 0.0245954 0 0.00379887 0.00380083 0.00381696 0.00382783 0.00396479 0.00404178 0.00428711 0.0120219 0.0162637 0.0218221 
0.00841601 0.00861482 0.00854942 0.00852547 0.00835599 0.00827651 0.00843013 0.00836763 0.00819667 0.00823331 0.00861767 0.00898638 0.00874641 0.00831973 0.00825973 0.00828494 0.00864881 0.0100562 0.0094933 0.00991288 0.0091391 0.00980328 0.00907436 0.0108224 0.0104001 0.0125051 0.0107968 0.010473 0.00863478 0.00865202 0.0130541 0.0090819 0.00866451 0.00865222 0.0158415 0.0714853 0.0274574 0.0274113 0.0150686 0.00839237 0.0407081 0.0161972 0.022095 0.00379887 0 0.00394837 0.00380225 0.00371393 0.0038288 0.00457841 0.00855528 0.0048825 0.025834 0.0104215 
0.00856781 0.00846241 0.00874574 0.00842492 0.00833002 0.00885672 0.0083351 0.00841064 0.00818609 0.00826307 0.00864013 0.00905769 0.00854922 0.00832756 0.00821356 0.0082287 0.00863492 0.00985811 0.0112508 0.00954121 0.0114478 0.00934984 0.011148 0.0105782 0.0139158 0.012973 0.0137225 0.00932582 0.00849519 0.00893938 0.00897201 0.0100136 0.0082809 0.00837674 0.0153813 0.0201598 0.0727842 0.0180953 0.0131326 0.0168071 0.0100701 0.0334164 0.00999981 0.00380083 0.00394837 0 0.00376538 0.00376716 0.00391416 0.00390766 0.00379566 0.00765156 0.0105241 0.00931194 
0.0084178 0.00844841 0.00856438 0.00841185 0.00825688 0.00831871 0.00835648 0.00834856 0.00815008 0.00821079 0.00858073 0.00896568 0.00864268 0.00832549 0.00822775 0.00822651 0.00852236 0.0104668 0.00964232 0.0113205 0.00928858 0.0111876 0.0093097 0.0119413 0.0113565 0.014439 0.0117399 0.00923801 0.00851292 0.0085379 0.0093528 0.00914144 0.00853627 0.00836369 0.0126847 0.0330617 0.0271124 0.0225595 0.0112665 0.0142298 0.0211888 0.00918398 0.00967094 0.00381696 0.00380225 0.00376538 0 0.00375147 0.00379381 0.00382665 0.00378567 0.00381654 0.0122214 0.00915426 
0.00841614 0.00837851 0.00857265 0.00843133 0.00826046 0.00855256 0.00830959 0.00837646 0.00816083 0.00819833 0.00862368 0.0089052 0.00863252 0.00834336 0.00810221 0.00813627 0.00859538 0.00989003 0.0116078 0.00942787 0.0111578 0.00944354 0.0107584 0.0101994 0.0148186 0.0123172 0.0140225 0.00938354 0.00857802 0.00877116 0.00904996 0.00974563 0.00824023 0.00836811 0.0178898 0.0228507 0.0419456 0.0160556 0.01419 0.0112225 0.00844563 0.0132273 0.0089741 0.00382783 0.00371393 0.00376716 0.00375147 0 0.00377987 0.00380457 0.00378416 0.00380796 0.0137829 0.00950141 
0.00847883 0.00846702 0.00869766 0.00839247 0.00823651 0.0084961 0.00837816 0.00839513 0.00814558 0.00815145 0.00869137 0.00881541 0.00849786 0.00835826 0.00816172 0.00821627 0.00898154 0.0106385 0.0108278 0.0113892 0.00986704 0.0105683 0.00964539 0.0132336 0.0130404 0.0151806 0.0123363 0.00912992 0.0085889 0.0087213 0.00952872 0.00973325 0.00832451 0.00841718 0.0157806 0.0363276 0.0355377 0.0253475 0.0126796 0.0104471 0.0108883 0.0133222 0.0136723 0.00396479 0.0038288 0.00391416 0.00379381 0.00377987 0 0.0037515 0.00380942 0.00381302 0.0143156 0.0103657 
0.0087249 0.00870084 0.00886489 0.00860751 0.0083018 0.00850764 0.00845819 0.00845119 0.00822747 0.00827379 0.00892203 0.00911198 0.00906053 0.00838406 0.00819049 0.0083028 0.00906428 0.0107742 0.0122823 0.010636 0.0108315 0.0100245 0.0106479 0.0112467 0.0157745 0.0165747 0.0160931 0.00975755 0.00859895 0.00892915 0.0102805 0.0101117 0.00834369 0.00858301 0.0167939 0.0388 0.101632 0.023177 0.0127412 0.0102327 0.0164795 0.0198247 0.0115992 0.00404178 0.00457841 0.00390766 0.00382665 0.00380457 0.0037515 0 0.00376311 0.00380149 0.0154672 0.0103758 
0.0087078 0.00865886 0.00858828 0.00849462 0.0081903 0.00836793 0.00843739 0.00832274 0.00825466 0.00820415 0.00873487 0.00887321 0.00857975 0.00826562 0.00823397 0.0084046 0.00885963 0.0106464 0.00975744 0.00913976 0.00894853 0.00935919 0.00903807 0.00949656 0.0104968 0.0106816 0.0106081 0.0101374 0.00839679 0.00898459 0.0117582 0.00994213 0.00941566 0.0091747 0.0158716 0.0410066 0.0252844 0.0527617 0.0146831 0.0124165 0.0247924 0.017922 0.0193899 0.00428711 0.00855528 0.00379566 0.00378567 0.00378416 0.00380942 0.00376311 0 0.00383106 0.0281081 0.0154575 
0.00991368 0.0085368 0.00833315 0.00822074 0.0083656 0.00980506 0.00825086 0.00831796 0.00817623 0.00825377 0.00949377 0.00846143 0.00826242 0.00830183 0.00974801 0.0091491 0.0112406 0.0085652 0.00867157 0.00856974 0.00842874 0.00853092 0.0085196 0.00856383 0.0088199 0.00884349 0.00888439 0.0086196 0.00862246 0.0115621 0.00881776 0.01077 0.0102261 0.008961 0.0297601 0.0133588 0.0118354 0.0127797 0.0244293 0.0581574 0.00917226 0.0129956 0.0232771 0.0120219 0.0048825 0.00765156 0.00381654 0.00380796 0.00381302 0.00380149 0.00383106 0 0.0275889 0.0203466 
0.00849214 0.00845319 0.00849168 0.0083683 0.00840871 0.00860619 0.00836955 0.00834395 0.00819745 0.00825771 0.00818535 0.00829343 0.00822244 0.00822607 0.00837592 0.0083588 0.00819679 0.00830574 0.00831152 0.00828935 0.00825646 0.00826133 0.00828989 0.00826482 0.00834396 0.00830148 0.00835546 0.00836984 0.00828892 0.00821287 0.00851759 0.00863773 0.00823818 0.00887702 0.00998312 0.0104155 0.00863956 0.00972577 0.0123474 0.0102717 0.0107702 0.00942104 0.0120075 0.0162637 0.025834 0.0105241 0.0122214 0.0137829 0.0143156 0.0154672 0.0281081 0.0275889 0 0.00800272 
0.00879062 0.00856726 0.0083841 0.00843251 0.0083746 0.00855301 0.00832703 0.00826868 0.00818129 0.00824415 0.00843173 0.00836911 0.00818367 0.00825639 0.00849818 0.00854364 0.00845365 0.00827439 0.00822444 0.0082531 0.00822732 0.0082483 0.00827167 0.00824216 0.00832558 0.00833192 0.00835306 0.00837393 0.00825573 0.00852188 0.0083447 0.00825802 0.00874866 0.00818187 0.0119643 0.00900398 0.00885673 0.00976052 0.0101704 0.0116603 0.00871811 0.00916031 0.0102467 0.0218221 0.0104215 0.00931194 0.00915426 0.00950141 0.0103657 0.0103758 0.0154575 0.0203466 0.00800272 0 
