1DI2A
MPVGSLQELAVQKGWRLPEYTVAQESGPPHKREFTITCRVETFVETGSGTSKQVAKRVAAEKLLTKFKT
CHHHHHHHHHHHHCCCCCEEEEEEEECCHHHCEEEEEEEECCEEEEEEECCHHHHHHHHHHHHHHHHHC
0 0 0 0 0 0 0 0 0 0 0 0 0 0 0 0 0 0 0 0 0 0 0 0 0 0 0 0 0 0 0 0 0 0 0 0 0 0 0 0 0 0 0 0 0 0 0 0 0 0 0 0 0 0 0 0 0 0 0 0 0 0 0 0 0 0 0 0 0 
0 0 0 0 0 0 0 0 0 0 0 0 0 0 0 0 0 0 0 0 0 0 0 0 0 0 0 0 0 0 0 0 0 0 0 0 0 0 0 0 0 0 0 0 0 0 0 0 0 0 0 0 0 0 0 0 0 0 0 0 0 0 0 0 0 0 0 0 0 
0 0.0039361 0.00385812 0.0038251 0.00381862 0.00537461 0.00396944 0.00771277 0.00908282 0.00710421 0.0103114 0.00798561 0.0106305 0.0103592 0.461388 0.112823 0.0104106 0.00861047 0.00817055 0.00909992 0.0082348 0.011643 0.0110672 
0.0039361 0 0.00387077 0.00378361 0.0038011 0.00394368 0.00640866 0.00434202 0.00616639 0.0133144 0.00780161 0.0111093 0.00877172 0.592468 0.0647077 0.0176032 0.0104568 0.00870964 0.00885282 0.00810529 0.0121472 0.00842842 0.0100599 
0.00385812 0.00387077 0 0.00378713 0.00380991 0.00394733 0.00384314 0.00393359 0.00914126 0.00700967 0.0116731 0.00780501 0.577438 0.0501933 0.0218702 0.00784013 0.00882898 0.00911021 0.00834771 0.0103825 0.00819976 0.0103103 0.0082488 
0.0038251 0.00378361 0.00378713 0 0.00380336 0.00375397 0.00387534 0.00380622 0.0082115 0.00777921 0.0074095 0.502773 0.0909983 0.0151259 0.00807479 0.0089086 0.00916353 0.00815605 0.00861906 0.00817413 0.00995437 0.00804643 0.00865713 
0.00381862 0.0038011 0.00380991 0.00380336 0 0.0037747 0.00376528 0.0038242 0.00688342 0.00720393 0.0840478 0.177371 0.01623 0.0079343 0.00803575 0.00773933 0.00833426 0.00823389 0.00818839 0.00882515 0.00826914 0.00855995 0.00816535 
0.00537461 0.00394368 0.00394733 0.00375397 0.0037747 0 0.00376218 0.00369734 0.00536682 0.0226073 0.741838 0.0123296 0.00788063 0.00963835 0.00748917 0.00708816 0.00817491 0.0081442 0.00860567 0.00816351 0.00819875 0.00851402 0.0080843 
0.00396944 0.00640866 0.00384314 0.00387534 0.00376528 0.00376218 0 0.00387153 0.00655485 0.919015 0.0108158 0.00737144 0.00650485 0.00704526 0.00687662 0.00659675 0.00824046 0.00905762 0.00761277 0.00780221 0.0080274 0.00840216 0.00822274 
0.00771277 0.00434202 0.00393359 0.00380622 0.0038242 0.00369734 0.00387153 0 0.926069 0.00660302 0.0110435 0.00553105 0.00610457 0.00620602 0.00633772 0.00666061 0.0140179 0.00835918 0.00722273 0.00753166 0.00780501 0.00774481 0.00853907 
0.00908282 0.00616639 0.00914126 0.0082115 0.00688342 0.00536682 0.00655485 0.926069 0 0.00423793 0.00382245 0.00376741 0.00387793 0.00377301 0.00475461 0.0061427 0.00623121 0.00614893 0.00599134 0.0100064 0.00637336 0.0112411 0.0267887 
0.00710421 0.0133144 0.00700967 0.00777921 0.00720393 0.0226073 0.919015 0.00660302 0.00423793 0 0.00377833 0.00376479 0.00376208 0.00400616 0.00382179 0.00482587 0.00683869 0.00614379 0.00785662 0.00665016 0.0114086 0.0134505 0.844695 
0.0103114 0.00780161 0.0116731 0.0074095 0.0840478 0.741838 0.0108158 0.0110435 0.00382245 0.00377833 0 0.00377131 0.00373713 0.00379774 0.00387487 0.00387096 0.00525402 0.00952684 0.00615131 0.0100879 0.0113549 0.943735 0.0104788 
0.00798561 0.0111093 0.00780501 0.502773 0.177371 0.0123296 0.00737144 0.00553105 0.00376741 0.00376479 0.00377131 0 0.00377484 0.00389164 0.00379768 0.00394422 0.00544344 0.00505988 0.010041 0.00982099 0.9592 0.00899457 0.00948936 
0.0106305 0.00877172 0.577438 0.0909983 0.01623 0.00788063 0.00650485 0.00610457 0.00387793 0.00376208 0.00373713 0.00377484 0 0.00379987 0.00384839 0.00376162 0.00398341 0.0110193 0.00979605 0.964461 0.00768185 0.0100283 0.00678385 
0.0103592 0.592468 0.0501933 0.0151259 0.0079343 0.00963835 0.00704526 0.00620602 0.00377301 0.00400616 0.00379774 0.00389164 0.00379987 0 0.00377536 0.00391174 0.0051377 0.0074533 0.959602 0.00525296 0.0114675 0.00561634 0.0156954 
0.461388 0.0647077 0.0218702 0.00807479 0.00803575 0.00748917 0.00687662 0.00633772 0.00475461 0.00382179 0.00387487 0.00379768 0.00384839 0.00377536 0 0.00376414 0.00543709 0.979743 0.00406682 0.00914203 0.00445643 0.010987 0.00583453 
0.112823 0.0176032 0.00784013 0.0089086 0.00773933 0.00708816 0.00659675 0.00666061 0.0061427 0.00482587 0.00387096 0.00394422 0.00376162 0.00391174 0.00376414 0 0.98227 0.00388366 0.0057803 0.00385374 0.00524871 0.00434968 0.00939325 
0.0104106 0.0104568 0.00882898 0.00916353 0.00833426 0.00817491 0.00824046 0.0140179 0.00623121 0.00683869 0.00525402 0.00544344 0.00398341 0.0051377 0.00543709 0.98227 0 0.00387057 0.00377819 0.0038367 0.00395048 0.0039888 0.010498 
0.00861047 0.00870964 0.00911021 0.00815605 0.00823389 0.0081442 0.00905762 0.00835918 0.00614893 0.00614379 0.00952684 0.00505988 0.0110193 0.0074533 0.979743 0.00388366 0.00387057 0 0.00375488 0.00380076 0.00379869 0.00583318 0.00452841 
0.00817055 0.00885282 0.00834771 0.00861906 0.00818839 0.00860567 0.00761277 0.00722273 0.00599134 0.00785662 0.00615131 0.010041 0.00979605 0.959602 0.00406682 0.0057803 0.00377819 0.00375488 0 0.00374381 0.00378061 0.00387461 0.00380728 
0.00909992 0.00810529 0.0103825 0.00817413 0.00882515 0.00816351 0.00780221 0.00753166 0.0100064 0.00665016 0.0100879 0.00982099 0.964461 0.00525296 0.00914203 0.00385374 0.0038367 0.00380076 0.00374381 0 0.00379666 0.00384761 0.00375888 
0.0082348 0.0121472 0.00819976 0.00995437 0.00826914 0.00819875 0.0080274 0.00780501 0.00637336 0.0114086 0.0113549 0.9592 0.00768185 0.0114675 0.00445643 0.00524871 0.00395048 0.00379869 0.00378061 0.00379666 0 0.00375054 0.00382847 
0.011643 0.00842842 0.0103103 0.00804643 0.00855995 0.00851402 0.00840216 0.00774481 0.0112411 0.0134505 0.943735 0.00899457 0.0100283 0.00561634 0.010987 0.00434968 0.0039888 0.00583318 0.00387461 0.00384761 0.00375054 0 0.00401096 
0.0110672 0.0100599 0.0082488 0.00865713 0.00816535 0.0080843 0.00822274 0.00853907 0.0267887 0.844695 0.0104788 0.00948936 0.00678385 0.0156954 0.00583453 0.00939325 0.010498 0.00452841 0.00380728 0.00375888 0.00382847 0.00401096 0 
