1DIIB
AVLPKGVTQGEFNKAVQKFRALLGDDNVLVESDQLVPYNKIMMPVENAAHAPSAAVTATTVEQVQGVVKICNEHKIPIWTISTGRNFGYGSAAPVQRGQVILDLKKMNKIIKIDPEMCYALVEPGVTFGQMYDYIQENNLPVMLSFSAPSAIAGPVGNTMDRGVGYTPYGEHFMMQCGMEVVLANGDVYRTGMGGVPGSNTWQIFKWGYGPTLDGMFTQANYGICTKMGFWLMPKPPVFKPFEVIFEDEADIVEIVDALRPLRMSNTIPNSVVIASTLWEAGSAHLTRAQYTTEPGHTPDSVIKQMQKDTGMGAWNLYAALYGTQEQVDVNWKIVTDVFKKLGKGRIVTQEEAGDTQPFKYRAQLMSGVPNLQEFGLYNWRGGGGSMWFAPVSEARGSECKKQAAMAKRVLHKYGLDYVAEFIVAPRDMHHVIDVLYDRTNPEETKRADACFNELLDEFEKEGYAVYRVNTRFQDRVAQSYGPVKRKLEHAIKRAVDPNNILAPGRSGIDLNNDF
CCCCCCCCHHHHHHHHHHHHHHHCCCCEECCHHHHHHHHCCCCCCCHHHHCCCEEEECCCHHHHHHHHHHHHHCCCCEEEECCCCCCCCCCCCCCCCCCEEEECCCCCCEEEEECCCCEEEECCCCCHHHHHHHHHHCCCCEECCCCCCHHHCCHHHHHHCCCECCCCCCECCCCEEEEEEECCCCCEEECCCCCCCCCCCCCCCCCCCCCCCHHHHCCCCCCEEEEEEEECEECCCEEEEEEEEECCHHHHHHHHHHHHHHHHCCCCCCCEEEEEHHHHHHHCCCCCCCCCCCCCCCCHHHHHHHHHHHCCCCEEEEEEEEECHHHHHHHHHHHHHHHHHHCCCEEECCCCCCCCCCHHHHHHHCCCCCCCHHHHHHCCCCCCEEEEECEEEECCHHHHHHHHHHHHHHHHHCCCCCCEEEEECCCEEEEEEEEEECCCCHHHHHHHHHHHHHHHHHHHHCCCCECCCCHHHHHHHHHHHCHHHHHHHHHHHHHHCCCCCECCCHHHCCCCCCC
0 0 0 0 0 0 0 0 0 0 0 0 0 0 0 0 0 0 0 0 0 0 0 0 0 0 0 0 0 0 0 0 0 0 0 0 0 0 0 0 0 0 0 0 0 0 0 0 0 0 0 0 0 0 0 0 0 0 0 0 0 0 0 0 0 0 0 0 0 0 0 0 0 0 0 0 0 0 0 0 0 0 0 0 0 0 0 0 0 0 0 0 0 0 0 0 0 0 0 0 0 0 0 0 0 0 0 0 0 0 0 0 0 0 0 0 0 0 0 0 0 0 0 0 0 0 0 0 0 0 0 0 0 0 0 0 0 0 0 0 0 0 0 0 0 0 0 0 0 0 0 0 0 0 0 0 0 0 0 0 0 0 0 0 0 0 0 0 0 0 0 0 0 0 0 0 0 0 0 0 0 0 0 0 0 0 0 0 0 0 0 0 0 0 0 0 0 0 0 0 0 0 0 0 0 0 0 0 0 0 0 0 0 0 0 0 0 0 0 0 0 0 0 0 0 0 0 0 0 0 0 0 0 0 0 0 0 0 0 0 0 0 0 0 0 0 0 0 0 0 0 0 0 0 0 0 0 0 0 0 0 0 0 0 0 0 0 0 0 0 0 0 0 0 0 0 0 0 0 0 0 0 0 0 0 0 0 0 0 0 0 0 0 0 0 0 0 0 0 0 0 0 0 0 0 0 0 0 0 0 0 0 0 0 0 0 0 0 0 0 0 0 0 0 0 0 0 0 0 0 0 0 0 0 0 0 0 0 0 0 0 0 0 0 0 0 0 0 0 0 0 0 0 0 0 0 0 0 0 0 0 0 0 0 0 0 0 0 0 0 0 0 0 0 0 0 0 0 0 0 0 0 0 0 0 0 0 0 0 0 0 0 0 0 0 0 0 0 0 0 0 0 0 0 0 0 0 0 0 0 0 0 0 0 0 0 0 0 0 0 0 0 0 0 0 0 0 0 0 0 0 0 0 0 0 0 0 0 0 0 0 0 0 0 0 0 0 0 0 0 0 0 0 0 0 0 0 0 0 0 0 0 0 0 0 0 0 0 0 0 0 0 0 0 0 0 0 0 0 0 0 0 0 0 0 0 0 0 0 0 0 0 0 0 0 0 0 0 0 0 0 0 0 0 0 0 0 0 0 0 0 0 0 0 0 
0 0 0 0 0 0 0 0 0 0 0 0 0 0 0 0 0 0 0 0 0 0 0 0 0 0 0 0 0 0 0 0 0 0 0 0 0 0 0 0 0 0 0 0 0 0 0 0 0 0 0 0 0 0 0 0 0 0 0 0 0 0 0 0 0 0 0 0 0 0 0 0 0 0 0 0 0 0 0 0 0 0 0 0 0 0 0 0 0 0 0 0 0 0 0 0 0 0 0 0 0 0 0 0 0 0 0 0 0 0 0 0 0 0 0 0 0 0 0 0 0 0 0 0 0 0 0 0 0 0 0 0 0 0 0 0 0 0 0 0 0 0 0 0 0 0 0 0 0 0 0 0 0 0 0 0 0 0 0 0 0 0 0 0 0 0 0 0 0 0 0 0 0 0 0 0 0 0 0 0 0 0 0 0 0 0 0 0 0 0 0 0 0 0 0 0 0 0 0 0 0 0 0 0 0 0 0 0 0 0 0 0 0 0 0 0 0 0 0 0 0 0 0 0 0 0 0 0 0 0 0 0 0 0 0 0 0 0 0 0 0 0 0 0 0 0 0 0 0 0 0 0 0 0 0 0 0 0 0 0 0 0 0 0 0 0 0 0 0 0 0 0 0 0 0 0 0 0 0 0 0 0 0 0 0 0 0 0 0 0 0 0 0 0 0 0 0 0 0 0 0 0 0 0 0 0 0 0 0 0 0 0 0 0 0 0 0 0 0 0 0 0 0 0 0 0 0 0 0 0 0 0 0 0 0 0 0 0 0 0 0 0 0 0 0 0 0 0 0 0 0 0 0 0 0 0 0 0 0 0 0 0 0 0 0 0 0 0 0 0 0 0 0 0 0 0 0 0 0 0 0 0 0 0 0 0 0 0 0 0 0 0 0 0 0 0 0 0 0 0 0 0 0 0 0 0 0 0 0 0 0 0 0 0 0 0 0 0 0 0 0 0 0 0 0 0 0 0 0 0 0 0 0 0 0 0 0 0 0 0 0 0 0 0 0 0 0 0 0 0 0 0 0 0 0 0 0 0 0 0 0 0 0 0 0 0 0 0 0 0 0 0 0 0 0 0 0 0 0 0 0 0 0 0 0 0 0 0 0 0 0 0 0 0 0 0 0 0 0 0 0 0 0 0 0 0 0 0 0 0 0 0 0 0 0 
0 0.00899331 0.0571765 0.0306908 0.0443024 0.0284755 0.0152459 0.00939272 0.0105105 0.0126486 0.0116559 0.010223 0.0108654 0.0120677 0.00974956 0.00859644 0.00857136 0.00953465 0.00933802 0.00952128 0.00899654 0.0098177 0.0106597 0.0086316 0.00878267 0.00863016 0.00853343 0.00829639 0.00831186 0.00824837 0.00824648 0.00836693 0.00855591 0.00892773 0.00814219 0.00820261 0.00847519 0.00825518 0.00830812 0.00820814 0.00829096 0.00828422 0.00827985 0.00828248 0.00823945 0.00813677 0.00823272 0.00829424 0.00827707 0.00828318 0.00823756 0.00835566 0.00830647 0.00835744 0.00827046 0.00846283 0.0084015 0.00844917 0.00839392 0.00838577 0.00847267 0.00846153 0.00855722 0.00853918 0.00853507 0.00855313 0.00853274 0.0084896 0.00848827 0.00889307 0.00880731 0.00869831 0.00896713 0.00882125 0.00877803 0.00877354 0.00905717 0.00927687 0.00888151 0.00893541 0.00930465 0.0101049 0.0110799 0.0102391 0.010517 0.0108221 0.0113501 0.00974644 0.00927662 0.00963323 0.0100285 0.0105032 0.0110481 0.0110132 0.0110258 0.011295 0.0134979 0.0196727 0.0414047 
0.00899331 0 0.0243007 0.0338227 0.0449204 0.0448922 0.0150674 0.00984246 0.00923111 0.0116471 0.0130181 0.00985637 0.0100649 0.0105005 0.0116236 0.00870336 0.00842779 0.00868198 0.0087515 0.0104565 0.0088857 0.008764 0.00942913 0.00916241 0.00851251 0.00901488 0.00857474 0.00850927 0.00827286 0.00822467 0.00822067 0.00834116 0.00838856 0.00843738 0.00854364 0.0084298 0.00826156 0.00856822 0.00836225 0.00816857 0.00820058 0.00820379 0.00822631 0.00826251 0.00827947 0.00820233 0.0082189 0.00831561 0.00821246 0.00820959 0.00821361 0.00826118 0.0082557 0.00827462 0.00824669 0.00838532 0.00848355 0.00850891 0.00837597 0.00838661 0.00845352 0.00865303 0.00863547 0.00853634 0.00854943 0.0085347 0.0084905 0.00846928 0.0085548 0.00866851 0.00900521 0.0087314 0.0087215 0.00954 0.00884412 0.00873406 0.00900753 0.00904713 0.00887555 0.00909449 0.00915567 0.00970628 0.0114788 0.00980204 0.00997774 0.00981854 0.0112789 0.0101995 0.00947513 0.00949111 0.00967898 0.00994235 0.0104284 0.0103293 0.0103635 0.0106721 0.0129704 0.020467 0.0410309 
0.0571765 0.0243007 0 0.00397487 0.00385034 0.00419535 0.252249 0.0269139 0.0152605 0.0262833 0.107377 0.0245209 0.0210885 0.0249121 0.01981 0.012618 0.0105298 0.0142282 0.0121543 0.0223148 0.0193812 0.013945 0.0260717 0.0111286 0.0101573 0.00929507 0.00935393 0.0101491 0.00901385 0.00920811 0.00922792 0.00918999 0.0103521 0.0116207 0.00842244 0.00861763 0.00949468 0.00856773 0.00849313 0.00924976 0.00862811 0.00882639 0.0085701 0.00886934 0.00893758 0.00816418 0.00838939 0.00824674 0.00834949 0.00842124 0.00835815 0.00869672 0.00868257 0.00875605 0.00842818 0.00899316 0.00835506 0.00845735 0.00870529 0.00857918 0.00866901 0.00836264 0.00839431 0.00844823 0.00863172 0.00859134 0.00866533 0.00867991 0.0084244 0.00865993 0.00842406 0.008473 0.00863047 0.00846458 0.00846315 0.00853656 0.00861107 0.00883664 0.00873394 0.00850642 0.00872061 0.00925999 0.00932638 0.00914914 0.00956434 0.00954078 0.0102369 0.00879857 0.00885085 0.0090087 0.00935251 0.00966157 0.00980288 0.00981192 0.00995569 0.00975774 0.0110404 0.0135077 0.0249326 
0.0306908 0.0338227 0.00397487 0 0.00383402 0.00380915 0.104866 0.29005 0.0346607 0.0129564 0.0231121 0.225662 0.0408523 0.0159688 0.0106709 0.0211268 0.0336973 0.0148413 0.0101722 0.0148288 0.0473542 0.0392562 0.0127845 0.0109296 0.00947089 0.00842295 0.00823001 0.00913187 0.0108452 0.0117401 0.0103977 0.0115209 0.0126085 0.0101566 0.00849444 0.00868933 0.00870024 0.00890711 0.00877207 0.00891339 0.00902937 0.00906143 0.00946503 0.00895581 0.00879441 0.00827507 0.00816576 0.00837824 0.00842813 0.0085813 0.00859308 0.00897625 0.00884351 0.00912612 0.00863324 0.00841958 0.00839787 0.00907928 0.00895705 0.00866208 0.00851623 0.00848583 0.00878409 0.00888567 0.00886648 0.00890973 0.0088982 0.00880815 0.00867404 0.0085114 0.00849358 0.00870924 0.00854272 0.00863733 0.00909268 0.00912477 0.00930908 0.0088739 0.00856483 0.0090873 0.00921088 0.00913159 0.0096198 0.0101117 0.010437 0.010344 0.00954911 0.00886513 0.00957954 0.00992439 0.0101243 0.0103635 0.0104054 0.0104929 0.0105535 0.0102625 0.00994565 0.0121557 0.0187565 
0.0443024 0.0449204 0.00385034 0.00383402 0 0.00397144 0.0406734 0.0633807 0.203907 0.0296358 0.0214806 0.0346497 0.283634 0.0208966 0.0117751 0.0160271 0.0142692 0.0304817 0.00898612 0.0129757 0.0325917 0.0459983 0.0212104 0.0103388 0.0100083 0.00879012 0.00856116 0.00982039 0.010793 0.0116897 0.0105804 0.0113286 0.0134932 0.00957444 0.00860568 0.00897182 0.00851141 0.00922775 0.00897603 0.00908357 0.00885968 0.00911838 0.00904158 0.00887447 0.00850427 0.00817691 0.00823112 0.00821389 0.00845604 0.00844146 0.00854209 0.00880284 0.00904283 0.00895563 0.00850015 0.00825378 0.00864788 0.00879234 0.00877417 0.00844274 0.0083537 0.00849208 0.00871789 0.00875207 0.00875288 0.00871196 0.00875837 0.00863536 0.00845963 0.00841262 0.00847252 0.00871102 0.00845092 0.00881434 0.00895187 0.00899556 0.00918286 0.00873569 0.00858099 0.00907651 0.00921823 0.00915502 0.00986812 0.0101513 0.0106982 0.0104365 0.00953941 0.00925749 0.0102919 0.0103295 0.0105482 0.0106928 0.010571 0.0107041 0.0106264 0.0106042 0.00996599 0.0123795 0.0212971 
0.0284755 0.0448922 0.00419535 0.00380915 0.00397144 0 0.0293192 0.0140081 0.0517986 0.20173 0.0244148 0.018865 0.0159601 0.146526 0.0184688 0.0101533 0.0112202 0.0097386 0.0142303 0.0270262 0.0115198 0.0138526 0.0185344 0.0114046 0.00939995 0.0110974 0.0110791 0.0113515 0.00885037 0.00913891 0.0088191 0.00980612 0.00900189 0.010073 0.0104386 0.00832932 0.00941865 0.0102151 0.00879051 0.00847419 0.0083931 0.00855662 0.00853997 0.00827879 0.00851176 0.00831228 0.00829002 0.00868555 0.00837663 0.00824333 0.0082438 0.00839293 0.00834878 0.00831729 0.00819624 0.00838201 0.00893322 0.0085794 0.00857466 0.00822867 0.00835558 0.00882067 0.00858331 0.00843357 0.00848759 0.00841096 0.00846235 0.00839638 0.00838287 0.00843581 0.00892051 0.00856092 0.00850782 0.00921955 0.0085869 0.00852257 0.00860589 0.00867122 0.00866587 0.00868259 0.00869319 0.00919219 0.0101631 0.00927759 0.00913844 0.00926424 0.00952571 0.00976687 0.00892808 0.00940214 0.00914198 0.00941871 0.00939989 0.00961471 0.0095344 0.00961409 0.0101775 0.015475 0.0295497 
0.0152459 0.0150674 0.252249 0.104866 0.0406734 0.0293192 0 0.00380308 0.00380431 0.00402597 0.357444 0.0267049 0.0264922 0.0328778 0.0233235 0.0161278 0.0112534 0.0144704 0.0152807 0.0265405 0.0190348 0.0151324 0.0277923 0.0137781 0.0113537 0.00958195 0.0091655 0.00969951 0.00964872 0.00985688 0.00984138 0.00987673 0.0113789 0.0145931 0.00882593 0.00837043 0.010067 0.00876438 0.00855758 0.00875218 0.00856943 0.00891399 0.00865357 0.00850971 0.00876054 0.00823229 0.0083661 0.00833916 0.0082713 0.00849862 0.0083999 0.008806 0.00866659 0.00873116 0.00832784 0.00887541 0.00843918 0.00829297 0.00855528 0.00835284 0.00848322 0.00832549 0.00827219 0.00836725 0.00833209 0.00852744 0.0083822 0.00843867 0.00822453 0.00847657 0.00830249 0.0083508 0.00844668 0.00838036 0.00836616 0.00841865 0.00842888 0.00860653 0.00847461 0.00842427 0.00848568 0.00869834 0.0087482 0.00863246 0.00866792 0.00875784 0.0092883 0.00850363 0.00854448 0.00859505 0.0086029 0.00868632 0.00880533 0.00884281 0.00894785 0.00899794 0.00958056 0.0109485 0.0171288 
0.00939272 0.00984246 0.0269139 0.29005 0.0633807 0.0140081 0.00380308 0 0.00382311 0.00377005 0.0441405 0.420496 0.0413827 0.0131058 0.0122221 0.0158475 0.0153103 0.0183388 0.00865003 0.011093 0.0878858 0.0221453 0.012722 0.0103094 0.00877813 0.00827437 0.00814552 0.00893285 0.0115983 0.0107073 0.0130711 0.011498 0.0219285 0.00945847 0.00827797 0.00934927 0.00846004 0.00848325 0.00912577 0.0093309 0.00917355 0.00980806 0.0089215 0.00927384 0.00841838 0.00815842 0.0081488 0.00822077 0.008294 0.0086869 0.00853764 0.00907281 0.00912782 0.00913591 0.00841754 0.00837694 0.00824542 0.0086089 0.00867924 0.0083249 0.00823496 0.00832075 0.00851079 0.00867936 0.00864255 0.00857114 0.00857321 0.00852126 0.0084067 0.0083304 0.00836277 0.00845922 0.00839413 0.00841649 0.00854773 0.00861454 0.0086212 0.00854806 0.00839156 0.00853888 0.00863916 0.00859899 0.00868687 0.00884267 0.00893243 0.00892402 0.00876365 0.0083672 0.00867846 0.0087541 0.00891337 0.00904673 0.00908894 0.00918676 0.0092704 0.00896709 0.00900303 0.00945468 0.0129466 
0.0105105 0.00923111 0.0152605 0.0346607 0.203907 0.0517986 0.00380431 0.00382311 0 0.00393433 0.0165682 0.0839267 0.352032 0.0219651 0.0103081 0.0132488 0.0236882 0.0121903 0.0104569 0.0121995 0.0173196 0.0739779 0.0106822 0.00951948 0.00991355 0.00866101 0.00875138 0.00933615 0.00990834 0.0121065 0.0093164 0.0119715 0.0111072 0.00979891 0.0087359 0.00850786 0.00892732 0.00879914 0.00918726 0.00898143 0.00894356 0.00886608 0.00924115 0.0085631 0.00849693 0.00807619 0.00819237 0.00812815 0.00844677 0.00841524 0.00861938 0.0087912 0.00897045 0.00890985 0.00841987 0.00816639 0.00832314 0.00878261 0.00861162 0.0083231 0.00818109 0.00831331 0.00858069 0.00856265 0.0085629 0.00848102 0.00853509 0.00842748 0.00836021 0.00824778 0.00842812 0.00845236 0.00834287 0.00843937 0.00861459 0.00853551 0.00868707 0.00847625 0.0083422 0.00866302 0.00865996 0.00868062 0.00881369 0.0090871 0.00899179 0.00907647 0.00862581 0.00869224 0.00883115 0.0090636 0.00912789 0.009312 0.00926446 0.00952681 0.00936766 0.00913804 0.0088127 0.00989333 0.0131067 
0.0126486 0.0116471 0.0262833 0.0129564 0.0296358 0.20173 0.00402597 0.00377005 0.00393433 0 0.0409414 0.0203765 0.070476 0.42586 0.0249142 0.0109357 0.00942301 0.0143705 0.0136788 0.0193512 0.012765 0.0118903 0.0459203 0.0128039 0.00975916 0.0108847 0.00942862 0.0113126 0.0088686 0.00870754 0.00971111 0.00889235 0.00986539 0.0111138 0.0089552 0.00862837 0.00871642 0.00947082 0.00855908 0.00852661 0.00832397 0.00849273 0.00834161 0.00870578 0.00835189 0.0081919 0.00822498 0.00849726 0.00820445 0.00821358 0.00822033 0.00845124 0.00839032 0.00835369 0.00822718 0.00845553 0.00839742 0.00827749 0.0083767 0.00830928 0.00825577 0.00834558 0.00831299 0.00832544 0.00837196 0.00829957 0.00837521 0.00827376 0.0082304 0.00831685 0.00840132 0.00842418 0.00831241 0.00858731 0.00847 0.00847576 0.00845237 0.00855006 0.00843835 0.00848172 0.00847101 0.00857947 0.00876881 0.00862271 0.0086588 0.00862741 0.00892848 0.00861089 0.00858835 0.00866193 0.00872464 0.00865865 0.00880384 0.00880773 0.00873993 0.00873233 0.00912546 0.0105711 0.0145998 
0.0116559 0.0130181 0.107377 0.0231121 0.0214806 0.0244148 0.357444 0.0441405 0.0165682 0.0409414 0 0.00388567 0.00384193 0.00407935 0.020076 0.00968625 0.0147556 0.0634373 0.0576104 0.0258503 0.0201547 0.0164253 0.0410304 0.0175594 0.0135763 0.0116918 0.010684 0.0152784 0.0110209 0.0109982 0.0122126 0.0110601 0.0154471 0.0197597 0.00996665 0.00915578 0.0133639 0.0093652 0.00898469 0.00893768 0.00908942 0.00921477 0.00886985 0.00923938 0.00943417 0.00857438 0.00881065 0.00878944 0.0084628 0.00856785 0.00853054 0.00933842 0.00905196 0.00948795 0.0086396 0.0104234 0.00868325 0.00870947 0.00900691 0.00866312 0.00887294 0.00837794 0.00844436 0.00851114 0.00853741 0.00859048 0.00856404 0.00862081 0.00843266 0.00868866 0.00825806 0.00841884 0.0085551 0.00839216 0.00848811 0.00852996 0.0084997 0.00868113 0.00859457 0.00855712 0.00857202 0.00904164 0.00886342 0.00889986 0.00881358 0.00893081 0.00967321 0.0084844 0.00866673 0.0086341 0.00877985 0.00893038 0.00907967 0.00903227 0.00916644 0.00915035 0.00997813 0.0108843 0.0155858 
0.010223 0.00985637 0.0245209 0.225662 0.0346497 0.018865 0.0267049 0.420496 0.0839267 0.0203765 0.00388567 0 0.00402462 0.00383452 0.0103816 0.0288303 0.0617021 0.062748 0.0111716 0.0156841 0.0533679 0.0456851 0.0132943 0.0195254 0.0116619 0.00952687 0.00851565 0.0123489 0.0245094 0.0299413 0.0163092 0.0315216 0.0216314 0.0139204 0.0103352 0.00995936 0.00975199 0.0102415 0.0102323 0.0110996 0.0112907 0.0109933 0.012487 0.0105444 0.00928549 0.00834142 0.00832452 0.00860007 0.00883078 0.00921397 0.00916263 0.0108921 0.0117822 0.0108458 0.00976268 0.00864421 0.0083787 0.00942221 0.0100199 0.00893519 0.00862607 0.00833962 0.00871859 0.00899955 0.0087361 0.00884803 0.00874294 0.00874548 0.00847427 0.0083147 0.00836827 0.00849142 0.00838805 0.00848294 0.00865904 0.00872963 0.00884885 0.00859893 0.00842067 0.00869002 0.008795 0.0088765 0.00902444 0.00937597 0.00931724 0.00923289 0.00904843 0.00843702 0.00892992 0.00884266 0.00916232 0.00944963 0.00955809 0.00961584 0.00961414 0.00924379 0.00909184 0.00960823 0.0120162 
0.0108654 0.0100649 0.0210885 0.0408523 0.283634 0.0159601 0.0264922 0.0413827 0.352032 0.070476 0.00384193 0.00402462 0 0.00393809 0.0396893 0.0450343 0.0316812 0.0343495 0.00732747 0.0117515 0.0500656 0.0588945 0.0374642 0.0163335 0.014519 0.0107523 0.00983053 0.0125957 0.0235118 0.0164789 0.0358341 0.0165093 0.0689905 0.0152301 0.0103912 0.0146365 0.00976202 0.0117335 0.0118365 0.0117671 0.0105633 0.014296 0.0114942 0.0131612 0.00923569 0.00830554 0.00840612 0.00897393 0.00910685 0.009136 0.00940282 0.0110719 0.0106449 0.0126891 0.00957363 0.00876276 0.00922465 0.00986175 0.010215 0.00918794 0.00843865 0.00854766 0.00881976 0.00894818 0.00901888 0.00890243 0.00903519 0.00879161 0.00840628 0.00833094 0.0084641 0.00853194 0.00830598 0.00857974 0.00872375 0.00881593 0.00887932 0.00858638 0.00840038 0.00877844 0.00889891 0.00876133 0.00919003 0.00937493 0.00929363 0.00926682 0.00889278 0.00855429 0.00895996 0.00891499 0.00910551 0.00936461 0.00948057 0.00958949 0.00957671 0.00933866 0.00905494 0.00969854 0.0123814 
0.0120677 0.0105005 0.0249121 0.0159688 0.0208966 0.146526 0.0328778 0.0131058 0.0219651 0.42586 0.00407935 0.00383452 0.00393809 0 0.0370333 0.0136407 0.0107119 0.00874145 0.0105807 0.0250975 0.0118191 0.0208541 0.0758897 0.0196567 0.0264119 0.0136275 0.0124375 0.0164264 0.0100481 0.0148574 0.0104527 0.0126307 0.0118999 0.0326745 0.0131964 0.00882288 0.0135805 0.0126867 0.00920539 0.00941473 0.00925247 0.00918206 0.00983082 0.00907204 0.00930355 0.00858591 0.00828593 0.0103863 0.00840873 0.0085412 0.00859603 0.00885623 0.00943039 0.00896336 0.00870044 0.0090664 0.00906896 0.00879822 0.0089682 0.00855651 0.00866845 0.00845177 0.00848538 0.00873179 0.00850973 0.00846564 0.00846926 0.00839449 0.00829841 0.00835467 0.00845565 0.00842838 0.00827541 0.00869096 0.0085037 0.00846722 0.00855033 0.00853749 0.00841986 0.00852861 0.00863175 0.00876164 0.00897728 0.00888625 0.00869888 0.00884198 0.00886649 0.00856542 0.00861063 0.00850628 0.00856578 0.00873754 0.00869513 0.00882566 0.00879646 0.0089255 0.00898438 0.0103395 0.0130587 
0.00974956 0.0116236 0.01981 0.0106709 0.0117751 0.0184688 0.0233235 0.0122221 0.0103081 0.0249142 0.020076 0.0103816 0.0396893 0.0370333 0 0.00395945 0.0037806 0.0042521 0.00686525 0.00607383 0.00876267 0.00978425 0.604447 0.0222265 0.0112422 0.012019 0.0100607 0.0105686 0.00929328 0.00898889 0.00949446 0.00901474 0.0109475 0.0144289 0.00896265 0.00922068 0.0112947 0.00866966 0.0083821 0.00840789 0.00843358 0.00864465 0.00830383 0.00851908 0.00843538 0.00840078 0.00862482 0.00885619 0.00816334 0.00823542 0.00829249 0.00847657 0.00836219 0.00843739 0.00827606 0.0096053 0.00848799 0.00823122 0.00823097 0.00828317 0.00857408 0.00824514 0.00818496 0.00826059 0.00826009 0.00833493 0.0083043 0.00831507 0.00825478 0.00853121 0.0083398 0.00835459 0.00841704 0.0083382 0.00837805 0.00839767 0.00844018 0.00843798 0.00835706 0.00841829 0.00845775 0.0086302 0.00885221 0.00853269 0.00856566 0.00850854 0.00910569 0.00841326 0.00853382 0.00838699 0.00850826 0.00850063 0.00860602 0.0085462 0.00858349 0.00864813 0.00965136 0.0104908 0.0145021 
0.00859644 0.00870336 0.012618 0.0211268 0.0160271 0.0101533 0.0161278 0.0158475 0.0132488 0.0109357 0.00968625 0.0288303 0.0450343 0.0136407 0.00395945 0 0.00378994 0.0038267 0.00379301 0.00502577 0.00892651 0.0655196 0.162621 0.0120528 0.00910646 0.00886165 0.00832182 0.00990453 0.013202 0.0102393 0.0139962 0.0106279 0.0153722 0.00934006 0.00882273 0.00940223 0.00857941 0.00909123 0.00902375 0.00903468 0.00902669 0.00958386 0.00878538 0.00943882 0.00839113 0.00829484 0.00819124 0.00828066 0.00841425 0.00848347 0.00858969 0.00915116 0.00926754 0.00947634 0.00856814 0.00838919 0.00858273 0.00859405 0.00863338 0.00847331 0.00828033 0.00833394 0.00837183 0.00844074 0.00847249 0.00848429 0.00839555 0.0083767 0.00834773 0.00823214 0.00834131 0.00839499 0.00832523 0.00838537 0.00846687 0.0085784 0.00845869 0.00850081 0.00837421 0.00847606 0.00853232 0.00849419 0.00859991 0.00862062 0.00866425 0.00858852 0.00861127 0.00837064 0.00853959 0.00853472 0.00865852 0.00870841 0.00871932 0.00871433 0.00875909 0.00867933 0.00873822 0.00905197 0.0110693 
0.00857136 0.00842779 0.0105298 0.0336973 0.0142692 0.0112202 0.0112534 0.0153103 0.0236882 0.00942301 0.0147556 0.0617021 0.0316812 0.0107119 0.0037806 0.00378994 0 0.00376703 0.00376517 0.00532238 0.0284939 0.840713 0.00815412 0.00973613 0.0097766 0.00856361 0.00862055 0.010929 0.0108477 0.037337 0.0106171 0.0408925 0.0111315 0.0114446 0.0096129 0.00842293 0.0102352 0.00904832 0.00930621 0.0116347 0.0117749 0.00981498 0.0169786 0.00913863 0.0095288 0.00865575 0.00817378 0.00823399 0.00866193 0.00881883 0.00901366 0.00960975 0.0120655 0.00986869 0.00957948 0.00839152 0.00835557 0.00892923 0.00919786 0.0086349 0.00837141 0.00831807 0.00853954 0.00860885 0.0088506 0.00857834 0.00867883 0.00853401 0.00843736 0.0082195 0.00842083 0.00838311 0.00831302 0.0085756 0.00857234 0.00865899 0.00864433 0.00857726 0.00857748 0.00852652 0.00862497 0.00860623 0.00875307 0.0088053 0.00890214 0.0087347 0.00852176 0.00851359 0.008593 0.0087681 0.0088401 0.00892896 0.00899098 0.00926471 0.00909157 0.0089152 0.00872942 0.00899492 0.010715 
0.00953465 0.00868198 0.0142282 0.0148413 0.0304817 0.0097386 0.0144704 0.0183388 0.0121903 0.0143705 0.0634373 0.062748 0.0343495 0.00874145 0.0042521 0.0038267 0.00376703 0 0.00377951 0.00664204 0.911992 0.010922 0.00771486 0.0138771 0.0103793 0.0104982 0.00900101 0.0106027 0.0169352 0.0093927 0.0189629 0.00929472 0.0231097 0.00993204 0.00937722 0.0125615 0.00842325 0.00959005 0.00904489 0.00897894 0.00873108 0.0111609 0.00888871 0.0102356 0.00845505 0.00832131 0.00825164 0.00879309 0.00856205 0.00861484 0.00844898 0.0091482 0.008794 0.0093334 0.00832548 0.00844057 0.00859406 0.00866476 0.00876108 0.00842842 0.00819072 0.00856036 0.0083024 0.00838628 0.00843335 0.00839283 0.00845372 0.00832746 0.00827147 0.00816614 0.00837692 0.00835401 0.00823821 0.00841553 0.00839312 0.00842813 0.00844909 0.00843203 0.00831283 0.00843045 0.00848526 0.00839227 0.00855334 0.008545 0.00858477 0.00849776 0.00846456 0.00841824 0.00848572 0.00844789 0.00847638 0.00852498 0.0085829 0.00866297 0.00862319 0.00860097 0.00859988 0.00896842 0.0103875 
0.00933802 0.0087515 0.0121543 0.0101722 0.00898612 0.0142303 0.0152807 0.00865003 0.0104569 0.0136788 0.0576104 0.0111716 0.00732747 0.0105807 0.00686525 0.00379301 0.00376517 0.00377951 0 0.953304 0.00423657 0.00480968 0.00534566 0.0117897 0.0115834 0.0112669 0.0110767 0.0114074 0.00859492 0.00952376 0.00850009 0.00922782 0.00873646 0.0121727 0.0116963 0.00843716 0.00955779 0.0094376 0.00848995 0.00834902 0.00835535 0.0083737 0.00854625 0.00835243 0.00848042 0.00815661 0.00818363 0.00856164 0.0082533 0.00818634 0.00826068 0.00831193 0.0084485 0.00847436 0.00825158 0.00841395 0.00860373 0.00823818 0.00833761 0.00821989 0.00827437 0.00828938 0.00822627 0.00825954 0.00820876 0.00817405 0.00823063 0.00817803 0.00814228 0.00826151 0.00839982 0.0082743 0.00824985 0.00848249 0.00842534 0.00836102 0.00838631 0.00836596 0.00832497 0.00842867 0.008355 0.00845706 0.00848682 0.00854645 0.00843226 0.00841469 0.00853528 0.00840456 0.00843057 0.0083935 0.00838871 0.00844175 0.00840532 0.00853552 0.00844884 0.00851265 0.00852555 0.00943732 0.0111262 
0.00952128 0.0104565 0.0223148 0.0148288 0.0129757 0.0270262 0.0265405 0.011093 0.0121995 0.0193512 0.0258503 0.0156841 0.0117515 0.0250975 0.00607383 0.00502577 0.00532238 0.00664204 0.953304 0 0.00382302 0.00382588 0.00400337 0.0290207 0.018636 0.0140668 0.0117054 0.0167658 0.0118773 0.0118423 0.0118881 0.0121071 0.0135381 0.0257249 0.0104764 0.00892691 0.0154382 0.0107071 0.00894896 0.00921558 0.00951597 0.00902371 0.00960487 0.00948642 0.00951889 0.00838971 0.00925971 0.00888266 0.00856425 0.00850435 0.00865155 0.00914664 0.00891867 0.00899453 0.00918338 0.0109292 0.00857823 0.00846081 0.00873923 0.00880717 0.00918076 0.00831458 0.00832391 0.00832644 0.00839281 0.00841721 0.00842721 0.00838509 0.00834223 0.00849329 0.00820968 0.00831106 0.0083508 0.0082816 0.00832972 0.00842395 0.00834602 0.00846481 0.00837453 0.00837732 0.00836382 0.00860412 0.00845929 0.00849657 0.00850576 0.00846939 0.00883856 0.00835102 0.00842689 0.0085606 0.00853524 0.00856872 0.00861478 0.00861753 0.00873313 0.00853934 0.00894543 0.00971883 0.0120694 
0.00899654 0.0088857 0.0193812 0.0473542 0.0325917 0.0115198 0.0190348 0.0878858 0.0173196 0.012765 0.0201547 0.0533679 0.0500656 0.0118191 0.00876267 0.00892651 0.0284939 0.911992 0.00423657 0.00382302 0 0.00378968 0.00386114 0.0594064 0.0153726 0.0110714 0.0087611 0.0145527 0.0364436 0.0252369 0.0325591 0.0248036 0.040076 0.0133721 0.00962991 0.0165098 0.00957575 0.0106654 0.0118903 0.0117833 0.0116435 0.0150987 0.0115111 0.0133249 0.00910172 0.00838832 0.00829344 0.00893725 0.00900953 0.00940934 0.00962819 0.0119569 0.011182 0.0128688 0.00931119 0.00916442 0.0086516 0.00946099 0.0096595 0.00896737 0.00860184 0.00839321 0.00861605 0.00889377 0.00867101 0.00878118 0.00860376 0.00865883 0.00837635 0.00824528 0.0083559 0.00834988 0.00821771 0.00842437 0.0085107 0.00857975 0.00851883 0.00850926 0.0083932 0.00850591 0.00855136 0.00857281 0.00870308 0.00889093 0.00883957 0.00883966 0.00867475 0.00841143 0.00855948 0.00856105 0.00865182 0.00889657 0.00890798 0.00901677 0.00900713 0.00890117 0.00875217 0.00919991 0.0100957 
0.0098177 0.008764 0.013945 0.0392562 0.0459983 0.0138526 0.0151324 0.0221453 0.0739779 0.0118903 0.0164253 0.0456851 0.0588945 0.0208541 0.00978425 0.0655196 0.840713 0.010922 0.00480968 0.00382588 0.00378968 0 0.00653056 0.0390677 0.0363483 0.0106537 0.0104512 0.0141498 0.0225147 0.0420956 0.0179475 0.0319047 0.0362999 0.0189414 0.0113909 0.0128327 0.0108027 0.0107503 0.0123848 0.0127143 0.0130918 0.0126401 0.0179943 0.0116479 0.00942302 0.00834803 0.00833124 0.00877503 0.00997235 0.00918242 0.00967409 0.0107319 0.0142407 0.0116116 0.0108794 0.00844388 0.00885866 0.00963984 0.0102397 0.0089092 0.00845278 0.00831166 0.00869455 0.00887709 0.00894548 0.00876936 0.00878681 0.00867077 0.00837434 0.0082343 0.00838167 0.00839147 0.00819988 0.00840575 0.0085756 0.00859514 0.00868291 0.00845675 0.008328 0.00859893 0.00860108 0.00851809 0.00882541 0.00908465 0.00889011 0.00894853 0.00856659 0.00843994 0.00873256 0.00875151 0.00884157 0.00899365 0.00902222 0.00918362 0.00909885 0.00897841 0.00862883 0.00914188 0.0101863 
0.0106597 0.00942913 0.0260717 0.0127845 0.0212104 0.0185344 0.0277923 0.012722 0.0106822 0.0459203 0.0410304 0.0132943 0.0374642 0.0758897 0.604447 0.162621 0.00815412 0.00771486 0.00534566 0.00400337 0.00386114 0.00653056 0 0.0440335 0.0477857 0.0185778 0.0149446 0.01926 0.0145207 0.0134873 0.018682 0.0112408 0.0245006 0.0321964 0.015017 0.0111131 0.0131717 0.0165798 0.0099307 0.00972812 0.00951572 0.0104232 0.00982867 0.0104975 0.0110682 0.00896747 0.0083688 0.0116301 0.00846827 0.00857856 0.00882166 0.00972104 0.00985375 0.00947802 0.00914063 0.010081 0.0103229 0.00917787 0.00937466 0.00869044 0.00882317 0.00868733 0.00843266 0.00863614 0.0084025 0.00843626 0.00843998 0.00842969 0.00823699 0.0083447 0.00841234 0.00825888 0.00824213 0.00884541 0.00845612 0.00848358 0.00844659 0.00859584 0.00845359 0.00846093 0.00848461 0.00867979 0.00917305 0.00867875 0.00866351 0.00858991 0.00898147 0.00859842 0.00857307 0.00855797 0.0086163 0.00861918 0.00864944 0.00870441 0.00871028 0.00870569 0.0090617 0.0102453 0.0129761 
0.0086316 0.00916241 0.0111286 0.0109296 0.0103388 0.0114046 0.0137781 0.0103094 0.00951948 0.0128039 0.0175594 0.0195254 0.0163335 0.0196567 0.0222265 0.0120528 0.00973613 0.0138771 0.0117897 0.0290207 0.0594064 0.0390677 0.0440335 0 0.00509341 0.0371273 0.0222692 0.0155069 0.0181603 0.01078 0.0108804 0.0115883 0.0179959 0.0226472 0.0107155 0.0139315 0.0125275 0.010305 0.00943538 0.00939004 0.0089809 0.00904867 0.00893065 0.0106624 0.00918394 0.00833524 0.0103356 0.00894506 0.00837202 0.00842795 0.00845603 0.00892343 0.00897204 0.00885205 0.00864979 0.0101349 0.00893254 0.00858372 0.00849412 0.00848942 0.00880651 0.00821857 0.00823628 0.0083733 0.00828098 0.00835318 0.00833481 0.00827687 0.00815744 0.00836607 0.00810246 0.00827436 0.00819435 0.00813993 0.00825147 0.00832207 0.00825998 0.00834485 0.00818272 0.00832299 0.00828304 0.00849504 0.0083413 0.00846552 0.00844339 0.00836497 0.00869518 0.00828094 0.00843688 0.00840594 0.00848427 0.00855696 0.00856233 0.00850602 0.00855846 0.00846038 0.00867889 0.00906592 0.0103567 
0.00878267 0.00851251 0.0101573 0.00947089 0.0100083 0.00939995 0.0113537 0.00877813 0.00991355 0.00975916 0.0135763 0.0116619 0.014519 0.0264119 0.0112422 0.00910646 0.0097766 0.0103793 0.0115834 0.018636 0.0153726 0.0363483 0.0477857 0.00509341 0 0.052284 0.020041 0.0214331 0.0123855 0.0130205 0.010291 0.0110405 0.0138447 0.0165218 0.0122975 0.0109685 0.0123209 0.0126132 0.00894978 0.00899231 0.00866739 0.00865831 0.00870874 0.00900217 0.008536 0.00861447 0.00836391 0.00890571 0.00834827 0.00830598 0.00829239 0.00851889 0.00869972 0.00856905 0.00863099 0.00878915 0.00884932 0.00844938 0.00852786 0.00855526 0.00853171 0.00826314 0.00830492 0.00830476 0.00827409 0.00826151 0.00824115 0.00823565 0.00816278 0.00822885 0.00823429 0.008164 0.00816667 0.00828033 0.00837843 0.00827678 0.00837812 0.00837054 0.00825549 0.00842723 0.00838438 0.00843188 0.0085965 0.00862331 0.00846294 0.00857552 0.00854903 0.00842106 0.00856991 0.00842738 0.00845383 0.00856663 0.00848284 0.00853082 0.00852218 0.00854891 0.00851485 0.00899671 0.00959451 
0.00863016 0.00901488 0.00929507 0.00842295 0.00879012 0.0110974 0.00958195 0.00827437 0.00866101 0.0108847 0.0116918 0.00952687 0.0107523 0.0136275 0.012019 0.00886165 0.00856361 0.0104982 0.0112669 0.0140668 0.0110714 0.0106537 0.0185778 0.0371273 0.052284 0 0.845273 0.0118423 0.00968103 0.00812117 0.00950634 0.00843814 0.0125608 0.0281757 0.0122477 0.0112976 0.0164833 0.0138695 0.0091259 0.00855542 0.00873952 0.00874963 0.00847687 0.00891921 0.0091721 0.00886914 0.0109734 0.00980549 0.00831591 0.00829798 0.00826021 0.00848905 0.00846302 0.00840518 0.00890881 0.0125249 0.00942744 0.00832066 0.00843437 0.00920535 0.00965013 0.00840661 0.00812353 0.00818854 0.00818725 0.00822663 0.00828817 0.00819557 0.00825112 0.00863694 0.00827141 0.00819448 0.00840661 0.00823801 0.00812843 0.00816516 0.00814124 0.00827587 0.00823277 0.00817754 0.00816136 0.00861501 0.00846705 0.0084182 0.00837383 0.00842857 0.00900125 0.00833867 0.00848222 0.00841158 0.00840385 0.00837885 0.00840481 0.00839783 0.00838787 0.00853209 0.00896166 0.010082 0.0120123 
0.00853343 0.00857474 0.00935393 0.00823001 0.00856116 0.0110791 0.0091655 0.00814552 0.00875138 0.00942862 0.010684 0.00851565 0.00983053 0.0124375 0.0100607 0.00832182 0.00862055 0.00900101 0.0110767 0.0117054 0.0087611 0.0104512 0.0149446 0.0222692 0.020041 0.845273 0 0.00991101 0.00526921 0.00441779 0.00468118 0.0064024 0.00737292 0.0124427 0.0110456 0.00866946 0.0145027 0.012403 0.00851037 0.00866173 0.00853272 0.00841039 0.00855289 0.00873776 0.00920345 0.00941832 0.0096507 0.00957423 0.00826693 0.0082466 0.00824536 0.00846816 0.00859633 0.00833934 0.00889087 0.011134 0.00934597 0.00834184 0.00846444 0.0094572 0.010057 0.00841338 0.00808316 0.00821748 0.00822109 0.00826586 0.00826665 0.00817363 0.0083114 0.00839838 0.00830181 0.00816176 0.00822844 0.00815042 0.00814575 0.0081413 0.00815338 0.008169 0.00821856 0.0081957 0.00814537 0.00842758 0.00833281 0.00833813 0.0082451 0.00836711 0.00867806 0.00824039 0.00830685 0.00825291 0.00828352 0.00831591 0.0083415 0.00833834 0.00833595 0.00845656 0.0084911 0.00935296 0.011205 
0.00829639 0.00850927 0.0101491 0.00913187 0.00982039 0.0113515 0.00969951 0.00893285 0.00933615 0.0113126 0.0152784 0.0123489 0.0125957 0.0164264 0.0105686 0.00990453 0.010929 0.0106027 0.0114074 0.0167658 0.0145527 0.0141498 0.01926 0.0155069 0.0214331 0.0118423 0.00991101 0 0.00382152 0.00380534 0.0037944 0.00382358 0.00393107 0.00651338 0.0115529 0.00713744 0.0196121 0.0215786 0.0123044 0.0123433 0.0139933 0.0113216 0.0129319 0.0112154 0.0214202 0.0089861 0.0107315 0.0108201 0.00990285 0.0098799 0.0105295 0.0124344 0.0125773 0.0129714 0.0109118 0.0163102 0.0112481 0.0101119 0.0107092 0.0104017 0.013689 0.00856545 0.00855949 0.00885391 0.00891621 0.00894857 0.00893747 0.00868543 0.00842006 0.00950168 0.00820931 0.00821887 0.00848451 0.00812399 0.00827207 0.00833448 0.0082684 0.00838978 0.00823972 0.00836033 0.00851247 0.00832977 0.00831841 0.00842478 0.00851391 0.00840891 0.00867475 0.00824368 0.00839574 0.008411 0.00849411 0.00854919 0.00860997 0.00852021 0.00868005 0.0084203 0.00869247 0.00870246 0.00920853 
0.00831186 0.00827286 0.00901385 0.0108452 0.010793 0.00885037 0.00964872 0.0115983 0.00990834 0.0088686 0.0110209 0.0245094 0.0235118 0.0100481 0.00929328 0.013202 0.0108477 0.0169352 0.00859492 0.0118773 0.0364436 0.0225147 0.0145207 0.0181603 0.0123855 0.00968103 0.00526921 0.00382152 0 0.00378236 0.00378409 0.00379109 0.00398456 0.00394908 0.00668793 0.017466 0.00730124 0.018512 0.0227548 0.0283743 0.0160096 0.0326978 0.0171896 0.0558111 0.0100291 0.00874139 0.00870888 0.0100176 0.0111818 0.0124808 0.0122576 0.0204508 0.0206381 0.0297356 0.0129395 0.00990751 0.00999651 0.0153382 0.016385 0.0123144 0.00944926 0.00856125 0.00901559 0.00997008 0.00979302 0.0101834 0.0100359 0.00946277 0.00871416 0.00831787 0.00812681 0.00825629 0.00818015 0.00827648 0.00848354 0.00856091 0.00841797 0.00837956 0.00829194 0.00847762 0.00840784 0.00834165 0.00844011 0.00857109 0.00873667 0.00854016 0.00838025 0.00832798 0.00850615 0.00849644 0.00864826 0.0087151 0.00867489 0.00866065 0.00862892 0.008522 0.00843098 0.00874275 0.00875843 
0.00824837 0.00822467 0.00920811 0.0117401 0.0116897 0.00913891 0.00985688 0.0107073 0.0121065 0.00870754 0.0109982 0.0299413 0.0164789 0.0148574 0.00898889 0.0102393 0.037337 0.0093927 0.00952376 0.0118423 0.0252369 0.0420956 0.0134873 0.01078 0.0130205 0.00812117 0.00441779 0.00380534 0.00378236 0 0.00377184 0.00382195 0.00379335 0.00382868 0.0123445 0.00657891 0.0099413 0.0174246 0.0347158 0.0364722 0.0462228 0.0220702 0.114387 0.0135287 0.02317 0.00879561 0.0085002 0.00992528 0.0142944 0.0165204 0.0217911 0.0251374 0.0636597 0.0262746 0.0232728 0.00922588 0.00987042 0.0204841 0.0266413 0.0126934 0.0100563 0.00847057 0.00939254 0.0109631 0.0128035 0.0104106 0.0131634 0.00983717 0.00920167 0.00827514 0.00818554 0.00831081 0.00819847 0.00823318 0.00841815 0.00866666 0.00861339 0.00831832 0.00828833 0.00848936 0.0085168 0.00831759 0.00838235 0.00866778 0.0087014 0.00855118 0.00834174 0.00826538 0.00846715 0.00859391 0.00863894 0.0088972 0.00868149 0.00869987 0.00865035 0.00855948 0.00839829 0.00847184 0.00862079 
0.00824648 0.00822067 0.00922792 0.0103977 0.0105804 0.0088191 0.00984138 0.0130711 0.0093164 0.00971111 0.0122126 0.0163092 0.0358341 0.0104527 0.00949446 0.0139962 0.0106171 0.0189629 0.00850009 0.0118881 0.0325591 0.0179475 0.018682 0.0108804 0.010291 0.00950634 0.00468118 0.0037944 0.00378409 0.00377184 0 0.00375227 0.00380046 0.00379334 0.00678951 0.0104515 0.012872 0.0385998 0.0261355 0.0310148 0.0320891 0.15031 0.0158422 0.0453477 0.0124184 0.0086315 0.00872291 0.0099867 0.0105711 0.0229901 0.0171982 0.0505937 0.0282273 0.0822486 0.0111149 0.0117241 0.0101533 0.0140704 0.0229936 0.0135491 0.00992625 0.00858905 0.00910577 0.0116924 0.0104897 0.0124448 0.0102187 0.0108385 0.00851328 0.00832634 0.00814781 0.00827868 0.00823179 0.00829138 0.00849468 0.00856292 0.00848571 0.00837055 0.00836697 0.00848573 0.00838008 0.0082562 0.00844444 0.00858061 0.00872807 0.00849298 0.00831474 0.00857504 0.00849038 0.00849788 0.00858588 0.00859255 0.00867182 0.00861287 0.00865576 0.00846039 0.00843089 0.00853527 0.00872056 
0.00836693 0.00834116 0.00918999 0.0115209 0.0113286 0.00980612 0.00987673 0.011498 0.0119715 0.00889235 0.0110601 0.0315216 0.0165093 0.0126307 0.00901474 0.0106279 0.0408925 0.00929472 0.00922782 0.0121071 0.0248036 0.0319047 0.0112408 0.0115883 0.0110405 0.00843814 0.0064024 0.00382358 0.00379109 0.00382195 0.00375227 0 0.00376009 0.00378651 0.0110985 0.00849924 0.750739 0.0155163 0.0189143 0.0459115 0.110484 0.0166133 0.0805 0.0136707 0.0225051 0.00913791 0.00862453 0.0101549 0.0187923 0.0185219 0.0265977 0.0281865 0.0757572 0.0236949 0.0241362 0.00941146 0.0102491 0.0204617 0.0242855 0.0113833 0.00964957 0.00859103 0.00983972 0.0106885 0.0134136 0.0108487 0.0128847 0.00969975 0.00908032 0.0084653 0.00824869 0.00839603 0.0082367 0.00827543 0.00847484 0.00883144 0.0086377 0.0083458 0.00841666 0.00841301 0.00851607 0.00829805 0.00843571 0.00860118 0.00880652 0.00860649 0.00832342 0.00829727 0.00845814 0.00865198 0.00872682 0.00885158 0.00874062 0.0088156 0.00870726 0.00859535 0.0084689 0.00847203 0.00858519 
0.00855591 0.00838856 0.0103521 0.0126085 0.0134932 0.00900189 0.0113789 0.0219285 0.0111072 0.00986539 0.0154471 0.0216314 0.0689905 0.0118999 0.0109475 0.0153722 0.0111315 0.0231097 0.00873646 0.0135381 0.040076 0.0362999 0.0245006 0.0179959 0.0138447 0.0125608 0.00737292 0.00393107 0.00398456 0.00379335 0.00380046 0.00376009 0 0.00395052 0.010818 0.842151 0.010666 0.0205135 0.0461045 0.0538642 0.0199675 0.0481744 0.0182942 0.0884793 0.0113549 0.00959893 0.00928332 0.0148354 0.0150365 0.0155239 0.0151893 0.0335531 0.0235339 0.0468502 0.0184489 0.011099 0.0137093 0.0167343 0.0217841 0.0158282 0.00964223 0.00916659 0.0098292 0.0127513 0.0105156 0.0122904 0.0100364 0.0105432 0.0087933 0.00846554 0.00825903 0.00848981 0.0082906 0.00834607 0.00843717 0.00858782 0.00858658 0.00832338 0.00832115 0.00848639 0.00850777 0.00830573 0.00849036 0.00861776 0.00879321 0.00870636 0.00840123 0.00842815 0.00845217 0.00858804 0.00864253 0.00876226 0.00876062 0.00880192 0.00878186 0.00865209 0.00848225 0.00869269 0.00899319 
0.00892773 0.00843738 0.0116207 0.0101566 0.00957444 0.010073 0.0145931 0.00945847 0.00979891 0.0111138 0.0197597 0.0139204 0.0152301 0.0326745 0.0144289 0.00934006 0.0114446 0.00993204 0.0121727 0.0257249 0.0133721 0.0189414 0.0321964 0.0226472 0.0165218 0.0281757 0.0124427 0.00651338 0.00394908 0.00382868 0.00379334 0.00378651 0.00395052 0 0.807359 0.00754119 0.0155009 0.0627433 0.0237975 0.0155339 0.0176509 0.0140382 0.0176565 0.0162646 0.0297189 0.0120304 0.0111328 0.0228539 0.0106869 0.0106385 0.0114715 0.0146824 0.0210574 0.014174 0.0166024 0.0161077 0.0178786 0.0133582 0.0147338 0.0117565 0.0115269 0.0102984 0.00947846 0.00973596 0.010236 0.0093796 0.0094177 0.00893298 0.00873113 0.00856658 0.00847787 0.00820946 0.00859634 0.00857958 0.00830197 0.00839399 0.0082885 0.00831442 0.0083221 0.00831002 0.0082675 0.00836645 0.0086187 0.00853353 0.00853776 0.00842948 0.00844315 0.00843368 0.00843255 0.00855527 0.00844091 0.00849967 0.00848933 0.00865513 0.00855162 0.00841831 0.00844345 0.00927936 0.0100195 
0.00814219 0.00854364 0.00842244 0.00849444 0.00860568 0.0104386 0.00882593 0.00827797 0.0087359 0.0089552 0.00996665 0.0103352 0.0103912 0.0131964 0.00896265 0.00882273 0.0096129 0.00937722 0.0116963 0.0104764 0.00962991 0.0113909 0.015017 0.0107155 0.0122975 0.0122477 0.0110456 0.0115529 0.00668793 0.0123445 0.00678951 0.0110985 0.010818 0.807359 0 0.00397831 0.00420487 0.0646197 0.0119211 0.0136136 0.0134347 0.0103783 0.0145377 0.0106636 0.0181052 0.00886347 0.0125347 0.00992161 0.0102192 0.00919347 0.00978166 0.010101 0.0118772 0.00983872 0.0125654 0.0142491 0.0102354 0.00957962 0.00946964 0.00931283 0.0130309 0.00838936 0.00853797 0.00859241 0.0086322 0.00854271 0.00855167 0.00834225 0.00848996 0.00884705 0.00817678 0.00816215 0.00845412 0.00806295 0.00817012 0.00828592 0.00822385 0.00830579 0.00812943 0.00826086 0.00824486 0.00837136 0.00818667 0.00832344 0.00833313 0.00831636 0.0086821 0.00818378 0.00833671 0.00832894 0.00837806 0.00836858 0.00836014 0.00835099 0.00835348 0.00835643 0.00867534 0.00871821 0.0097943 
