1DJLA
PMEISGTHTEINLDNAIDMIREANSIIITPGYGLCAAKAQYPIADLVKMLTEQGKKVRFGIHPVAGRMPGQLNVLLAEAGVPYDIVLEMDEINHDFPDTDLVLVIGANDTVNSAAQEDPNSIIAGMPVLEVWKSKQVIVMKRSLGVGYAAVDNPIFYKPNTAMLLGDAKKTCDALQAKVRES
CCCCCCCCCECCHHHHHHHHHHCCEEEEEECHHHHHHCCHHHHHHHHHHHHHCCCEEEEEECCCCCCCCCHHHHHHHHCCCCHHHEEEHHHHHHHHHHCCEEEEECCCHHHCCHHHHCCCCCCCCCCCCCHHHCCEEEEEECCCCCCCCCCCCHHHHCCCEEEEECCHHHHHHHHHHHHHCC
0 0 0 0 0 0 0 0 0 0 0 0 0 0 0 0 0 0 0 0 0 0 0 0 0 0 0 0 0 0 0 0 0 0 0 0 0 0 0 0 0 0 0 0 0 0 0 0 0 0 0 0 0 0 0 0 0 0 0 0 0 0 0 0 0 0 0 0 0 0 0 0 0 0 0 0 0 0 0 0 0 0 0 0 0 0 0 0 0 0 0 0 0 0 0 0 0 0 0 0 0 0 0 0 0 0 0 0 0 0 0 0 0 0 0 0 0 0 0 0 0 0 0 0 0 0 0 0 0 0 0 0 0 0 0 0 0 0 0 0 0 0 0 0 0 0 0 0 0 0 0 0 0 0 0 0 0 0 0 0 0 0 0 0 0 0 0 0 0 0 0 0 0 0 0 0 0 0 0 0 0 0 
0 0 0 0 0 0 0 0 0 0 0 0 0 0 0 0 0 0 0 0 0 0 0 0 0 0 0 0 0 0 0 0 0 0 0 0 0 0 0 0 0 0 0 0 0 0 0 0 0 0 0 0 0 0 0 0 0 0 0 0 0 0 0 0 0 0 0 0 0 0 0 0 0 0 0 0 0 0 0 0 0 0 0 0 0 0 0 0 0 0 0 0 0 0 0 0 0 0 0 0 0 0 0 0 0 0 0 0 0 0 0 0 0 0 0 0 0 0 0 0 0 0 0 0 0 0 0 0 0 0 0 0 0 0 0 0 0 0 0 0 0 0 0 0 0 0 0 0 0 0 0 0 0 0 0 0 0 0 0 0 0 0 0 0 0 0 0 0 0 0 0 0 0 0 0 0 0 0 0 0 0 0 
0 0.0193671 0.0116212 0.0113237 0.00908255 0.0114536 0.0181551 0.0243355 0.00974068 0.009547 0.00894201 0.00936029 0.011259 0.0118515 0.00839653 0.0130848 0.0103304 0.00862002 0.0083773 0.00887715 0.0104566 0.00968161 0.00822996 0.00824367 0.00817271 0.00823797 0.00915449 0.00896566 0.00812117 0.00815702 0.00821105 0.00871878 
0.0193671 0 0.00424144 0.0037847 0.0037921 0.00382908 0.00469808 0.738908 0.0217063 0.0185486 0.0140576 0.0158352 0.0228025 0.0154208 0.00955672 0.0207221 0.0261353 0.0225318 0.0151994 0.0136667 0.0196207 0.0120055 0.0104878 0.0101091 0.00987027 0.00903083 0.0107172 0.0087546 0.00848444 0.00866247 0.00839412 0.00870083 
0.0116212 0.00424144 0 0.00377596 0.00380295 0.00416657 0.00385996 0.0475017 0.819757 0.0143345 0.0819575 0.0308184 0.0182742 0.0120992 0.0167632 0.0100429 0.0687215 0.062012 0.0868281 0.0286353 0.0162781 0.0107115 0.0179361 0.0188663 0.018229 0.0136532 0.00951909 0.00847343 0.00987145 0.010122 0.0097949 0.00873915 
0.0113237 0.0037847 0.00377596 0 0.00384253 0.00380415 0.00381809 0.0865466 0.0256382 0.761351 0.0487268 0.0920891 0.0114558 0.0223023 0.0112396 0.0146784 0.0254526 0.208973 0.152343 0.107767 0.0170599 0.0104793 0.0259674 0.0636802 0.0661627 0.0166147 0.00906324 0.00876593 0.0119852 0.0188451 0.0112254 0.0086618 
0.00908255 0.0037921 0.00380295 0.00384253 0 0.00380068 0.00377119 0.0168934 0.138136 0.046455 0.783367 0.0378761 0.0272037 0.0171212 0.0151625 0.0106658 0.0338514 0.0573337 0.360149 0.0637901 0.0398063 0.0103248 0.0215209 0.0673958 0.0601501 0.0161391 0.0090692 0.00874154 0.0141419 0.017387 0.0113184 0.00854 
0.0114536 0.00382908 0.00416657 0.00380415 0.00380068 0 0.00386025 0.0227162 0.016223 0.126689 0.027359 0.554539 0.0135558 0.0134814 0.0146138 0.0133226 0.0116881 0.0357934 0.0267433 0.164323 0.0178124 0.00945268 0.0113709 0.0219642 0.0208002 0.012353 0.00849354 0.00903641 0.00941199 0.00969769 0.00893983 0.00837035 
0.0181551 0.00469808 0.00385996 0.00381809 0.00377119 0.00386025 0 0.014811 0.0165447 0.0156858 0.0344914 0.0197176 0.324623 0.0219391 0.0112029 0.0129537 0.0219717 0.01028 0.0132116 0.0107361 0.0380024 0.0116499 0.00918225 0.00890087 0.00920321 0.00878423 0.00909944 0.00952948 0.00849334 0.00847491 0.00839071 0.00827425 
0.0243355 0.738908 0.0475017 0.0865466 0.0168934 0.0227162 0.014811 0 0.00489957 0.00389658 0.00382682 0.00407425 0.004751 0.0447313 0.00936154 0.0698744 0.0243256 0.0203372 0.012747 0.0165321 0.0202431 0.0150119 0.00962847 0.0101087 0.00976484 0.0100473 0.0122358 0.00937992 0.00826013 0.00881448 0.00855788 0.00995027 
0.00974068 0.0217063 0.819757 0.0256382 0.138136 0.016223 0.0165447 0.00489957 0 0.00376435 0.00379247 0.00394739 0.00391752 0.042461 0.0673368 0.00897319 0.0575587 0.0487771 0.0637583 0.0206068 0.0173027 0.012268 0.0337508 0.0168308 0.0231415 0.0130669 0.0100639 0.00849447 0.0114793 0.00927018 0.0102116 0.00837355 
0.009547 0.0185486 0.0143345 0.761351 0.046455 0.126689 0.0156858 0.00389658 0.00376435 0 0.00376506 0.00376189 0.00376971 0.0328055 0.0107085 0.0186958 0.0164606 0.080556 0.0591144 0.0587466 0.0126439 0.0102376 0.0156298 0.0668237 0.0521246 0.015265 0.00895591 0.00866741 0.00971646 0.0189094 0.00927008 0.00840205 
0.00894201 0.0140576 0.0819575 0.0487268 0.783367 0.027359 0.0344914 0.00382682 0.00379247 0.00376506 0 0.00374767 0.00381312 0.150061 0.0225544 0.014663 0.0312196 0.0424759 0.202429 0.0443 0.0324273 0.0109694 0.0247973 0.065355 0.0727992 0.014855 0.0096995 0.00892853 0.0145519 0.0171824 0.01188 0.00864603 
0.00936029 0.0158352 0.0308184 0.0920891 0.0378761 0.554539 0.0197176 0.00407425 0.00394739 0.00376189 0.00374767 0 0.00385887 0.0180339 0.32147 0.0403654 0.0157708 0.0817082 0.0391048 0.174415 0.0251459 0.0114095 0.0207977 0.0319797 0.031422 0.0225733 0.00903551 0.00920888 0.0136166 0.0151505 0.0111231 0.00857359 
0.011259 0.0228025 0.0182742 0.0114558 0.0272037 0.0135558 0.324623 0.004751 0.00391752 0.00376971 0.00381312 0.00385887 0 0.0212957 0.0158926 0.243805 0.0316561 0.019318 0.0215376 0.024232 0.109638 0.0146407 0.0114178 0.0108595 0.0118185 0.0109752 0.0112203 0.0113418 0.0094037 0.0089694 0.00940479 0.00901933 
0.0118515 0.0154208 0.0120992 0.0223023 0.0171212 0.0134814 0.0219391 0.0447313 0.042461 0.0328055 0.150061 0.0180339 0.0212957 0 0.00378421 0.00381507 0.0126696 0.0189903 0.0256126 0.0241025 0.0403129 0.0182813 0.0152091 0.0158264 0.0169603 0.0129622 0.0224453 0.00988479 0.00982857 0.0107226 0.0101169 0.0138099 
0.00839653 0.00955672 0.0167632 0.0112396 0.0151625 0.0146138 0.0112029 0.00936154 0.0673368 0.0107085 0.0225544 0.32147 0.0158926 0.00378421 0 0.00389722 0.00921374 0.0312327 0.0170271 0.0324076 0.0142187 0.0102916 0.0162396 0.0124249 0.0120449 0.0187537 0.0097504 0.00877095 0.0109462 0.00918078 0.0147786 0.00854844 
0.0130848 0.0207221 0.0100429 0.0146784 0.0106658 0.0133226 0.0129537 0.0698744 0.00897319 0.0186958 0.014663 0.0403654 0.243805 0.00381507 0.00389722 0 0.0162117 0.0148628 0.0116323 0.0176107 0.0255067 0.0198627 0.0106817 0.0116897 0.0131612 0.0120901 0.0126017 0.0153324 0.00944696 0.010455 0.00916619 0.00959125 
0.0103304 0.0261353 0.0687215 0.0254526 0.0338514 0.0116881 0.0219717 0.0243256 0.0575587 0.0164606 0.0312196 0.0157708 0.0316561 0.0126696 0.00921374 0.0162117 0 0.00393209 0.00385367 0.00386972 0.00431694 0.722433 0.0494773 0.043095 0.0205639 0.0191368 0.0227236 0.0187903 0.0200649 0.0150259 0.0114926 0.0175126 
0.00862002 0.0225318 0.062012 0.208973 0.0573337 0.0357934 0.01028 0.0203372 0.0487771 0.080556 0.0424759 0.0817082 0.019318 0.0189903 0.0312327 0.0148628 0.00393209 0 0.00389278 0.00390437 0.00401499 0.109224 0.796005 0.0591699 0.11478 0.0318741 0.0146192 0.0125057 0.0421155 0.037472 0.0256278 0.0101986 
0.0083773 0.0151994 0.0868281 0.152343 0.360149 0.0267433 0.0132116 0.012747 0.0637583 0.0591144 0.202429 0.0391048 0.0215376 0.0256126 0.0170271 0.0116323 0.00385367 0.00389278 0 0.00389981 0.00382796 0.0942662 0.0996551 0.754838 0.140569 0.0607211 0.0118226 0.0119843 0.0386602 0.095885 0.0301397 0.00995992 
0.00887715 0.0136667 0.0286353 0.107767 0.0637901 0.164323 0.0107361 0.0165321 0.0206068 0.0587466 0.0443 0.174415 0.024232 0.0241025 0.0324076 0.0176107 0.00386972 0.00390437 0.00389981 0 0.00424582 0.0240855 0.0938838 0.120272 0.696828 0.112643 0.0280244 0.0117641 0.0323052 0.0426124 0.0427614 0.0109294 
0.0104566 0.0196207 0.0162781 0.0170599 0.0398063 0.0178124 0.0380024 0.0202431 0.0173027 0.0126439 0.0324273 0.0251459 0.109638 0.0403129 0.0142187 0.0255067 0.00431694 0.00401499 0.00382796 0.00424582 0 0.0238138 0.0279417 0.0775582 0.0603372 0.57278 0.0733335 0.0244423 0.0153398 0.0158299 0.0185065 0.0182106 
0.00968161 0.0120055 0.0107115 0.0104793 0.0103248 0.00945268 0.0116499 0.0150119 0.012268 0.0102376 0.0109694 0.0114095 0.0146407 0.0182813 0.0102916 0.0198627 0.722433 0.109224 0.0942662 0.0240855 0.0238138 0 0.00539254 0.00381023 0.00384883 0.00386878 0.00478554 0.113026 0.0188411 0.0154697 0.0115001 0.0219828 
0.00822996 0.0104878 0.0179361 0.0259674 0.0215209 0.0113709 0.00918225 0.00962847 0.0337508 0.0156298 0.0247973 0.0207977 0.0114178 0.0152091 0.0162396 0.0106817 0.0494773 0.796005 0.0996551 0.0938838 0.0279417 0.00539254 0 0.00379026 0.00379718 0.00411125 0.00392706 0.284854 0.101036 0.0266374 0.0450445 0.0130557 
0.00824367 0.0101091 0.0188663 0.0636802 0.0673958 0.0219642 0.00890087 0.0101087 0.0168308 0.0668237 0.065355 0.0319797 0.0108595 0.0158264 0.0124249 0.0116897 0.043095 0.0591699 0.754838 0.120272 0.0775582 0.00381023 0.00379026 0 0.00377689 0.0037997 0.00377486 0.0230783 0.298117 0.150018 0.0386241 0.00988326 
0.00817271 0.00987027 0.018229 0.0661627 0.0601501 0.0208002 0.00920321 0.00976484 0.0231415 0.0521246 0.0727992 0.031422 0.0118185 0.0169603 0.0120449 0.0131612 0.0205639 0.11478 0.140569 0.696828 0.0603372 0.00384883 0.00379718 0.00377689 0 0.0037674 0.00377226 0.0291451 0.0579422 0.465153 0.0343569 0.0152719 
0.00823797 0.00903083 0.0136532 0.0166147 0.0161391 0.012353 0.00878423 0.0100473 0.0130669 0.015265 0.014855 0.0225733 0.0109752 0.0129622 0.0187537 0.0120901 0.0191368 0.0318741 0.0607211 0.112643 0.57278 0.00386878 0.00411125 0.0037997 0.0037674 0 0.00408196 0.0318621 0.0614881 0.0392554 0.385287 0.0212849 
0.00915449 0.0107172 0.00951909 0.00906324 0.0090692 0.00849354 0.00909944 0.0122358 0.0100639 0.00895591 0.0096995 0.00903551 0.0112203 0.0224453 0.0097504 0.0126017 0.0227236 0.0146192 0.0118226 0.0280244 0.0733335 0.00478554 0.00392706 0.00377486 0.00377226 0.00408196 0 0.0316247 0.0206381 0.0160622 0.0462648 0.256009 
0.00896566 0.0087546 0.00847343 0.00876593 0.00874154 0.00903641 0.00952948 0.00937992 0.00849447 0.00866741 0.00892853 0.00920888 0.0113418 0.00988479 0.00877095 0.0153324 0.0187903 0.0125057 0.0119843 0.0117641 0.0244423 0.113026 0.284854 0.0230783 0.0291451 0.0318621 0.0316247 0 0.00401922 0.00381749 0.00385811 0.00665903 
0.00812117 0.00848444 0.00987145 0.0119852 0.0141419 0.00941199 0.00849334 0.00826013 0.0114793 0.00971646 0.0145519 0.0136166 0.0094037 0.00982857 0.0109462 0.00944696 0.0200649 0.0421155 0.0386602 0.0323052 0.0153398 0.0188411 0.101036 0.298117 0.0579422 0.0614881 0.0206381 0.00401922 0 0.00376314 0.00417992 0.00417884 
0.00815702 0.00866247 0.010122 0.0188451 0.017387 0.00969769 0.00847491 0.00881448 0.00927018 0.0189094 0.0171824 0.0151505 0.0089694 0.0107226 0.00918078 0.010455 0.0150259 0.037472 0.095885 0.0426124 0.0158299 0.0154697 0.0266374 0.150018 0.465153 0.0392554 0.0160622 0.00381749 0.00376314 0 0.00376411 0.00382276 
0.00821105 0.00839412 0.0097949 0.0112254 0.0113184 0.00893983 0.00839071 0.00855788 0.0102116 0.00927008 0.01188 0.0111231 0.00940479 0.0101169 0.0147786 0.00916619 0.0114926 0.0256278 0.0301397 0.0427614 0.0185065 0.0115001 0.0450445 0.0386241 0.0343569 0.385287 0.0462648 0.00385811 0.00417992 0.00376411 0 0.00382268 
0.00871878 0.00870083 0.00873915 0.0086618 0.00854 0.00837035 0.00827425 0.00995027 0.00837355 0.00840205 0.00864603 0.00857359 0.00901933 0.0138099 0.00854844 0.00959125 0.0175126 0.0101986 0.00995992 0.0109294 0.0182106 0.0219828 0.0130557 0.00988326 0.0152719 0.0212849 0.256009 0.00665903 0.00417884 0.00382276 0.00382268 0 
