1DQNB
MICSVTGKPVKDVLSTFFKDRNDVLESEVKKFHLLATFEECKALAADTARRMNEYYKDVAEPVTLVALLTGAYLYASLLTVHLTFPYTLHFVKVSSYKGTRQESVVFDEEDLKQLKEKREVVLIDEYVDSGHTIFSIQEQIKHAKICSCFVKDVDAIKKHSALADTKMFYGYTPMPKGSWLIGFGLDDNGLRRGWAHLFDINLSESEVTEFRRRLTEHIKGLNINGVNRY
CECCCCCCEHHHHHHHHHCCCCCCCHHHHHHCEEEECHHHHHHHHHHHHHHHHHHCCCCCCCEEEEEECCCHHHHHHHHHCCCCCCEEEEEECCEEEECCCCEEEECCHHHHHHHCCCCCEEEEEEEECCCHHHHHHHHHCCCCEEEEEEECCHHHHHCCCCCCCCCEEEEECCCCCCCCEEECCECECCECCCCCCEEECCCCHHHHHHHHHHHHHHHHCCCCCCCCCC
0 0 0 0 0 0 0 0 0 0 0 0 0 0 0 0 0 0 0 0 0 0 0 0 0 0 0 0 0 0 0 0 0 0 0 0 0 0 0 0 0 0 0 0 0 0 0 0 0 0 0 0 0 0 0 0 0 0 0 0 0 0 0 0 0 0 0 0 0 0 0 0 0 0 0 0 0 0 0 0 0 0 0 0 0 0 0 0 0 0 0 0 0 0 0 0 0 0 0 0 0 0 0 0 0 0 0 0 0 0 0 0 0 0 0 0 0 0 0 0 0 0 0 0 0 0 0 0 0 0 0 0 0 0 0 0 0 0 0 0 0 0 0 0 0 0 0 0 0 0 0 0 0 0 0 0 0 0 0 0 0 0 0 0 0 0 0 0 0 0 0 0 0 0 0 0 0 0 0 0 0 0 0 0 0 0 0 0 0 0 0 0 0 0 0 0 0 0 0 0 0 0 0 0 0 0 0 0 0 0 0 0 0 0 0 0 0 0 0 0 0 0 0 0 0 0 0 0 0 0 
0 0 0 0 0 0 0 0 0 0 0 0 0 0 0 0 0 0 0 0 0 0 0 0 0 0 0 0 0 0 0 0 0 0 0 0 0 0 0 0 0 0 0 0 0 0 0 0 0 0 0 0 0 0 0 0 0 0 0 0 0 0 0 0 0 0 0 0 0 0 0 0 0 0 0 0 0 0 0 0 0 0 0 0 0 0 0 0 0 0 0 0 0 0 0 0 0 0 0 0 0 0 0 0 0 0 0 0 0 0 0 0 0 0 0 0 0 0 0 0 0 0 0 0 0 0 0 0 0 0 0 0 0 0 0 0 0 0 0 0 0 0 0 0 0 0 0 0 0 0 0 0 0 0 0 0 0 0 0 0 0 0 0 0 0 0 0 0 0 0 0 0 0 0 0 0 0 0 0 0 0 0 0 0 0 0 0 0 0 0 0 0 0 0 0 0 0 0 0 0 0 0 0 0 0 0 0 0 0 0 0 0 0 0 0 0 0 0 0 0 0 0 0 0 0 0 0 0 0 0 
0 0.837829 0.0265176 0.0218419 0.0308346 0.0365141 0.0189096 0.0124814 0.0103251 0.0107182 0.0110225 0.0154348 0.0143055 0.0103504 0.00859994 0.00880662 0.00876166 0.0109127 0.0104939 0.00863613 0.00859887 0.00992013 0.00992716 0.00886816 0.0086489 0.010135 0.0117108 0.010129 0.00926072 0.00887658 0.0084601 0.00840799 0.00848256 0.0109153 0.0111472 0.00855217 0.00826169 0.00835019 0.00832588 0.00848623 0.00974503 0.0095684 0.00856266 0.0082728 0.0082233 0.00873941 0.00968395 0.00836584 0.00939596 0.0116194 0.0110013 0.0122262 0.00984406 0.00851719 0.0100423 
0.837829 0 0.0452804 0.0136249 0.0152372 0.0341323 0.0224061 0.0126835 0.0093931 0.0102409 0.0104706 0.0144 0.0148501 0.00975273 0.00836477 0.00901394 0.00874726 0.0109398 0.0119371 0.00887709 0.00858232 0.0103002 0.0109226 0.00908829 0.00845937 0.0112148 0.0133482 0.0089841 0.00867076 0.00862655 0.00827696 0.00829865 0.00874028 0.00974194 0.0111042 0.0085118 0.00819551 0.0083381 0.00825735 0.00839807 0.00894962 0.00959233 0.00857153 0.00818221 0.00813759 0.00888772 0.00956819 0.00835916 0.00855635 0.0106308 0.0109783 0.0133415 0.00982029 0.00845301 0.0093659 
0.0265176 0.0452804 0 0.00424804 0.00385623 0.00420787 0.0629632 0.0349434 0.0168576 0.0143559 0.016629 0.0266727 0.0129784 0.0119452 0.00895378 0.0112594 0.00984973 0.0162879 0.010142 0.0084954 0.00893531 0.0135997 0.00912945 0.00914569 0.00883777 0.0191221 0.0137481 0.0114034 0.0112908 0.00933406 0.0093614 0.00904217 0.0103917 0.0121815 0.00916612 0.00857029 0.00874489 0.00910885 0.00871294 0.0107217 0.0139597 0.00838896 0.00820218 0.00843126 0.00832111 0.010819 0.00838487 0.00824853 0.00964304 0.0088554 0.00904815 0.00943228 0.00848023 0.00842706 0.0101656 
0.0218419 0.0136249 0.00424804 0 0.00391967 0.0037945 0.15921 0.106547 0.0964852 0.0751482 0.0477592 0.017665 0.017414 0.0137616 0.0307597 0.0108711 0.022059 0.0108871 0.0086365 0.00905714 0.00958649 0.00919722 0.00891325 0.00925987 0.015684 0.00955341 0.0157712 0.0279912 0.0292306 0.0185137 0.0141305 0.0155477 0.011405 0.0101128 0.00885318 0.0109903 0.0107973 0.0107756 0.010796 0.0101445 0.00939948 0.00838515 0.00891957 0.00883125 0.00881447 0.0084022 0.00897012 0.00876219 0.00859196 0.00855499 0.00860555 0.00836625 0.00855919 0.00879889 0.00918453 
0.0308346 0.0152372 0.00385623 0.00391967 0 0.00380455 0.0161523 0.11749 0.0871251 0.136511 0.167436 0.0356977 0.0131914 0.0321846 0.0114676 0.0241479 0.022387 0.0103871 0.00979452 0.00975741 0.00933659 0.00856999 0.00903403 0.0128457 0.0114375 0.0111936 0.0113604 0.0304635 0.034092 0.0196285 0.0171577 0.0172409 0.0154754 0.00912485 0.00942185 0.0111823 0.0119732 0.0122619 0.011052 0.0126917 0.00902694 0.00864867 0.00876546 0.00928808 0.00915407 0.0084586 0.00874166 0.00890758 0.00882255 0.00826424 0.00821447 0.00862578 0.00883501 0.00898175 0.00864995 
0.0365141 0.0341323 0.00420787 0.0037945 0.00380455 0 0.0233395 0.0199491 0.0371334 0.0554164 0.0865783 0.197522 0.0337217 0.0112553 0.0130556 0.0100403 0.0131241 0.0175719 0.0131159 0.00877513 0.00859149 0.00995813 0.0147608 0.00894172 0.00991247 0.0117705 0.0246138 0.0134419 0.0137917 0.0133425 0.0110425 0.0112778 0.0101207 0.0125085 0.012036 0.00978114 0.0100985 0.00991951 0.0101476 0.00948752 0.0105676 0.00991721 0.00898195 0.00853761 0.00863601 0.00868163 0.0111458 0.00843993 0.00914505 0.0102999 0.00896958 0.0102319 0.0109018 0.0084225 0.00874118 
0.0189096 0.0224061 0.0629632 0.15921 0.0161523 0.0233395 0 0.00387789 0.00383031 0.00380582 0.00386436 0.00501328 0.283725 0.0130175 0.01584 0.00934783 0.0127424 0.0349523 0.0113818 0.00912235 0.00975684 0.0135166 0.0127761 0.00985625 0.0111806 0.0185182 0.0365286 0.0240422 0.0144482 0.0124114 0.00981493 0.0100689 0.0109379 0.0183485 0.0111807 0.0110533 0.00933455 0.00964258 0.00967572 0.00992148 0.0189346 0.00932605 0.00842567 0.00841298 0.00859078 0.0109284 0.00976504 0.00841682 0.00987336 0.0101856 0.0100738 0.00941716 0.00903571 0.00846868 0.0101063 
0.0124814 0.0126835 0.0349434 0.106547 0.11749 0.0199491 0.00387789 0 0.00384069 0.00382849 0.00388177 0.00409747 0.099289 0.393273 0.0109537 0.0418963 0.0188943 0.0111606 0.0107994 0.010568 0.00996255 0.0102122 0.00935314 0.0227316 0.01259 0.0122235 0.0312952 0.0965945 0.0554844 0.024011 0.0356598 0.0248798 0.0186899 0.010606 0.0127349 0.0181341 0.0201378 0.0241401 0.0153235 0.0221189 0.0111989 0.00937333 0.00961181 0.0120617 0.00938863 0.00970543 0.009418 0.0101511 0.00988605 0.00859411 0.00855258 0.00844711 0.00892984 0.00940914 0.00937463 
0.0103251 0.0093931 0.0168576 0.0964852 0.0871251 0.0371334 0.00383031 0.00384069 0 0.00380412 0.00379537 0.00386549 0.0557606 0.0387657 0.400227 0.0221157 0.0298626 0.011487 0.00927044 0.00973027 0.00984726 0.0088709 0.00996673 0.0119039 0.0168236 0.0109227 0.0260051 0.0698378 0.148041 0.106067 0.0536222 0.0553726 0.0220135 0.0109836 0.00982237 0.0254854 0.0427273 0.0449729 0.0527416 0.0166514 0.0114214 0.00908646 0.0111759 0.0164621 0.0119163 0.0090066 0.0101694 0.0107465 0.0104968 0.00853145 0.0084456 0.0084189 0.00964404 0.0103188 0.00910294 
0.0107182 0.0102409 0.0143559 0.0751482 0.136511 0.0554164 0.00380582 0.00382849 0.00380412 0 0.00380481 0.0038042 0.0393691 0.102827 0.0621874 0.316632 0.0163835 0.0157832 0.0102577 0.011333 0.00950322 0.00915919 0.00968094 0.0134338 0.0162163 0.0120444 0.027404 0.086509 0.201113 0.113053 0.0711859 0.0682923 0.0202996 0.0128508 0.0120138 0.0294287 0.0583656 0.0585252 0.0443556 0.0241029 0.0123929 0.00960905 0.0116922 0.0245978 0.0112754 0.00995059 0.0109804 0.0112828 0.0118581 0.00863163 0.0084745 0.00854935 0.00989794 0.0105715 0.00952334 
0.0110225 0.0104706 0.016629 0.0477592 0.167436 0.0865783 0.00386436 0.00388177 0.00379537 0.00380481 0 0.00427659 0.038929 0.0716547 0.0515635 0.0315216 0.415873 0.013914 0.0110707 0.0111367 0.0130483 0.00919246 0.00965124 0.0149346 0.026961 0.013119 0.0198821 0.066211 0.0796308 0.0502752 0.0375175 0.0298712 0.0367955 0.0119475 0.0120257 0.0234953 0.0260351 0.0257555 0.0238248 0.0285334 0.0128156 0.00980807 0.0130621 0.0142377 0.0149265 0.00888009 0.0112353 0.0143911 0.0103109 0.00902397 0.00841135 0.0097231 0.0153799 0.0106351 0.00910161 
0.0154348 0.0144 0.0266727 0.017665 0.0356977 0.197522 0.00501328 0.00409747 0.00386549 0.0038042 0.00427659 0 0.0355537 0.0188587 0.0194991 0.0389468 0.0397426 0.382087 0.0152361 0.00930838 0.00997809 0.0186776 0.0157064 0.0101383 0.0121693 0.0285801 0.0290788 0.0227998 0.0289782 0.0237525 0.0178769 0.0155704 0.0152931 0.027193 0.018588 0.0130884 0.0131618 0.0129482 0.0124617 0.0155728 0.0219303 0.013285 0.0092114 0.00937291 0.00958606 0.0109774 0.0138533 0.0095692 0.0126625 0.0106471 0.00960296 0.0117705 0.0154781 0.0098356 0.0100802 
0.0143055 0.0148501 0.0129784 0.017414 0.0131914 0.0337217 0.283725 0.099289 0.0557606 0.0393691 0.038929 0.0355537 0 0.0038096 0.0038096 0.00380135 0.00385187 0.0044718 0.00462495 0.00615105 0.0102583 0.0133194 0.0093383 0.0105276 0.0137089 0.0279846 0.0675188 0.0321054 0.018683 0.0157335 0.0117515 0.0126134 0.0131311 0.028555 0.0141191 0.0169336 0.0126078 0.0108514 0.0132131 0.0108334 0.0365048 0.0101597 0.00945204 0.00873561 0.00966045 0.0130796 0.0106173 0.00896767 0.0121064 0.0111423 0.0103914 0.0113631 0.00958661 0.0090792 0.0115379 
0.0103504 0.00975273 0.0119452 0.0137616 0.0321846 0.0112553 0.0130175 0.393273 0.0387657 0.102827 0.0716547 0.0188587 0.0038096 0 0.00380134 0.00380364 0.00385093 0.00384676 0.00443825 0.00549418 0.0227467 0.0229264 0.00811063 0.0118329 0.0113579 0.012991 0.0195181 0.0594638 0.0350498 0.0148641 0.0252736 0.0194055 0.0192435 0.00977864 0.0146385 0.0142904 0.0135764 0.0276993 0.011021 0.032951 0.0101185 0.00900365 0.00892062 0.0125687 0.0104963 0.00952079 0.00947767 0.0101722 0.00973791 0.00833907 0.00833854 0.00838514 0.0087533 0.00962982 0.00917288 
0.00859994 0.00836477 0.00895378 0.0307597 0.0114676 0.0130556 0.01584 0.0109537 0.400227 0.0621874 0.0515635 0.0194991 0.0038096 0.00380134 0 0.00374858 0.0037461 0.00398028 0.00419871 0.00827064 0.0115028 0.0101133 0.00765499 0.0072813 0.0112012 0.00777149 0.0204164 0.0207546 0.0452423 0.0648181 0.0234267 0.0259716 0.0122288 0.010545 0.00892248 0.0211961 0.0284933 0.0139845 0.0843712 0.0107297 0.0105908 0.00921364 0.0120406 0.0107278 0.0124615 0.00854869 0.0101464 0.00947548 0.00943975 0.00916035 0.00883439 0.00840565 0.00886718 0.00974173 0.00880626 
0.00880662 0.00901394 0.0112594 0.0108711 0.0241479 0.0100403 0.00934783 0.0418963 0.0221157 0.316632 0.0315216 0.0389468 0.00380135 0.00380364 0.00374858 0 0.00374842 0.0037517 0.00441544 0.00632263 0.00920774 0.00608042 0.00660316 0.00953568 0.00726704 0.011555 0.0109796 0.0364982 0.0655766 0.0218567 0.0468106 0.0358446 0.0125935 0.00902095 0.0121167 0.0121286 0.0201565 0.0704163 0.0138407 0.0227574 0.00946607 0.00891527 0.00900038 0.0299862 0.00922114 0.00928555 0.00913947 0.00950118 0.00992907 0.00840768 0.00819265 0.00834301 0.00892478 0.00946001 0.00944292 
0.00876166 0.00874726 0.00984973 0.022059 0.022387 0.0131241 0.0127424 0.0188943 0.0298626 0.0163835 0.415873 0.0397426 0.00385187 0.00385093 0.0037461 0.00374842 0 0.00375927 0.00487098 0.0209923 0.00447259 0.00450417 0.00686839 0.00743104 0.0100956 0.00885319 0.0138601 0.0366469 0.0244824 0.0271481 0.0138281 0.0144898 0.0231197 0.0107417 0.00991701 0.0190634 0.0223382 0.0123464 0.0174575 0.0160011 0.0120926 0.00879025 0.0116016 0.00906299 0.0122457 0.00890688 0.00931604 0.0111998 0.00959105 0.00915551 0.00843586 0.00866715 0.00899447 0.00983759 0.00852016 
0.0109127 0.0109398 0.0162879 0.0108871 0.0103871 0.0175719 0.0349523 0.0111606 0.011487 0.0157832 0.013914 0.382087 0.0044718 0.00384676 0.00398028 0.0037517 0.00375927 0 0.0250498 0.00403972 0.00405385 0.00456459 0.00850581 0.00690477 0.00844311 0.0122716 0.0456891 0.0121897 0.012351 0.0120876 0.0106992 0.0104536 0.0101363 0.0258887 0.0149759 0.0108631 0.0101258 0.00972557 0.00957907 0.00993681 0.0153422 0.0126826 0.00879306 0.00862051 0.00887272 0.0109143 0.0121976 0.00863634 0.0100633 0.0118089 0.0112252 0.0107114 0.0107131 0.00864648 0.0094326 
0.0104939 0.0119371 0.010142 0.0086365 0.00979452 0.0131159 0.0113818 0.0107994 0.00927044 0.0102577 0.0110707 0.0152361 0.00462495 0.00443825 0.00419871 0.00441544 0.00487098 0.0250498 0 0.00406094 0.00389273 0.00481031 0.00496999 0.0066535 0.0101871 0.923509 0.01618 0.0104748 0.00981108 0.00934368 0.00919183 0.0088379 0.0100153 0.0124179 0.0105823 0.00873594 0.00857101 0.00900213 0.00852125 0.00950107 0.012674 0.00866107 0.00824253 0.0083334 0.00837735 0.010094 0.00846091 0.00827474 0.00891143 0.00880574 0.00896889 0.00926485 0.00847523 0.00840927 0.00976089 
0.00863613 0.00887709 0.0084954 0.00905714 0.00975741 0.00877513 0.00912235 0.010568 0.00973027 0.011333 0.0111367 0.00930838 0.00615105 0.00549418 0.00827064 0.00632263 0.0209923 0.00403972 0.00406094 0 0.00406255 0.00379175 0.00471152 0.0082487 0.929308 0.00851897 0.0103776 0.0148961 0.0118165 0.00934298 0.00877351 0.00971863 0.00985738 0.00884776 0.00865659 0.00910761 0.0091349 0.00904217 0.00937122 0.00940644 0.00881529 0.00823854 0.00839017 0.00847327 0.00842537 0.00841338 0.00826511 0.00840457 0.00830897 0.00818817 0.00822537 0.00825873 0.00818207 0.00842817 0.00872768 
0.00859887 0.00858232 0.00893531 0.00958649 0.00933659 0.00859149 0.00975684 0.00996255 0.00984726 0.00950322 0.0130483 0.00997809 0.0102583 0.0227467 0.0115028 0.00920774 0.00447259 0.00405385 0.00389273 0.00406255 0 0.00393655 0.00638711 0.96565 0.0122137 0.00641126 0.0103955 0.0109396 0.0103714 0.00904004 0.00902442 0.00883042 0.00981628 0.00869159 0.00866227 0.00943175 0.00872978 0.00868046 0.00896054 0.00915172 0.00856936 0.00834426 0.00859157 0.00827612 0.00845763 0.00823084 0.00834768 0.00883231 0.0083026 0.00833122 0.00817232 0.00841733 0.00843762 0.00843573 0.00830706 
0.00992013 0.0103002 0.0135997 0.00919722 0.00856999 0.00995813 0.0135166 0.0102122 0.0088709 0.00915919 0.00919246 0.0186776 0.0133194 0.0229264 0.0101133 0.00608042 0.00450417 0.00456459 0.00481031 0.00379175 0.00393655 0 0.966912 0.00486423 0.00453861 0.00566972 0.013079 0.0097411 0.0095305 0.00893801 0.00892766 0.00888647 0.00856962 0.0100936 0.0133708 0.00879128 0.00853992 0.00874568 0.00853289 0.0087161 0.0094325 0.0100795 0.0084059 0.00830242 0.0081976 0.0090363 0.00989759 0.00821352 0.00895285 0.00963289 0.00867412 0.0103524 0.00991978 0.008285 0.00873464 
0.00992716 0.0109226 0.00912945 0.00891325 0.00903403 0.0147608 0.0127761 0.00935314 0.00996673 0.00968094 0.00965124 0.0157064 0.0093383 0.00811063 0.00765499 0.00660316 0.00686839 0.00850581 0.00496999 0.00471152 0.00638711 0.966912 0 0.0038386 0.0038215 0.00438734 0.0190257 0.0100433 0.0122589 0.00983928 0.00895095 0.00849347 0.00982144 0.0194637 0.00992728 0.0091592 0.00870782 0.00866884 0.00901796 0.00872237 0.0184769 0.0090194 0.00834402 0.00828691 0.00857103 0.0108666 0.00885611 0.0084058 0.00933559 0.00938937 0.00939219 0.00934854 0.00870293 0.00848923 0.0103266 
0.00886816 0.00908829 0.00914569 0.00925987 0.0128457 0.00894172 0.00985625 0.0227316 0.0119039 0.0134338 0.0149346 0.0101383 0.0105276 0.0118329 0.0072813 0.00953568 0.00743104 0.00690477 0.0066535 0.0082487 0.96565 0.00486423 0.0038386 0 0.00385021 0.00391336 0.0134045 0.0325362 0.0208137 0.0116305 0.0114696 0.0126996 0.0190457 0.00931152 0.0111874 0.0107267 0.0100952 0.0130822 0.00957464 0.0152055 0.00938824 0.00862011 0.0088503 0.0107127 0.00862723 0.00891874 0.00874523 0.00882635 0.0084716 0.00829816 0.00829395 0.0083708 0.00839425 0.00873126 0.00912762 
0.0086489 0.00845937 0.00883777 0.015684 0.0114375 0.00991247 0.0111806 0.01259 0.0168236 0.0162163 0.026961 0.0121693 0.0137089 0.0113579 0.0112012 0.00726704 0.0100956 0.00844311 0.0101871 0.929308 0.0122137 0.00453861 0.0038215 0.00385021 0 0.00376788 0.0180292 0.0342207 0.0392365 0.0264095 0.0124397 0.0136732 0.0189438 0.0115866 0.00897689 0.016815 0.0113456 0.00981235 0.0186773 0.0135093 0.0100797 0.00907306 0.0110006 0.00880266 0.0112592 0.00847045 0.00925331 0.0106277 0.00900441 0.00868159 0.00868721 0.00849427 0.00878613 0.0094548 0.00890503 
0.010135 0.0112148 0.0191221 0.00955341 0.0111936 0.0117705 0.0185182 0.0122235 0.0109227 0.0120444 0.013119 0.0285801 0.0279846 0.012991 0.00777149 0.011555 0.00885319 0.0122716 0.923509 0.00851897 0.00641126 0.00566972 0.00438734 0.00391336 0.00376788 0 0.0302746 0.0212301 0.0175022 0.0167833 0.0157844 0.0123656 0.013668 0.0224186 0.0234378 0.0106919 0.0102495 0.0116984 0.00956537 0.0118671 0.0144843 0.0146065 0.00891081 0.00951756 0.00867102 0.0116127 0.0146304 0.00887194 0.010969 0.0108865 0.00924436 0.012265 0.0117349 0.0088456 0.0100611 
0.0117108 0.0133482 0.0137481 0.0157712 0.0113604 0.0246138 0.0365286 0.0312952 0.0260051 0.027404 0.0198821 0.0290788 0.0675188 0.0195181 0.0204164 0.0109796 0.0138601 0.0456891 0.01618 0.0103776 0.0103955 0.013079 0.0190257 0.0134045 0.0180292 0.0302746 0 0.00404904 0.00388401 0.00455211 0.00388092 0.00387653 0.0042253 0.00876292 0.0914128 0.0434857 0.0145425 0.0165713 0.0168867 0.0152227 0.0499921 0.0424785 0.016955 0.0106185 0.0114248 0.0236351 0.0290505 0.012378 0.0197812 0.021962 0.0150714 0.016042 0.0190767 0.0118912 0.0205652 
0.010129 0.0089841 0.0114034 0.0279912 0.0304635 0.0134419 0.0240422 0.0965945 0.0698378 0.086509 0.066211 0.0227998 0.0321054 0.0594638 0.0207546 0.0364982 0.0366469 0.0121897 0.0104748 0.0148961 0.0109396 0.0097411 0.0100433 0.0325362 0.0342207 0.0212301 0.00404904 0 0.00390508 0.0038218 0.00401614 0.00389498 0.00469604 0.00465033 0.29418 0.0787387 0.0635744 0.0258543 0.0399243 0.04669 0.0207309 0.0162476 0.0432693 0.0236021 0.0315249 0.0115327 0.0218522 0.0400963 0.0171996 0.0112179 0.0101634 0.0105551 0.0168756 0.033583 0.0117805 
0.00926072 0.00867076 0.0112908 0.0292306 0.034092 0.0137917 0.0144482 0.0554844 0.148041 0.201113 0.0796308 0.0289782 0.018683 0.0350498 0.0452423 0.0655766 0.0244824 0.012351 0.00981108 0.0118165 0.0103714 0.0095305 0.0122589 0.0208137 0.0392365 0.0175022 0.00388401 0.00390508 0 0.00380086 0.0037614 0.00390052 0.00382578 0.00427296 0.0247236 0.327744 0.0446993 0.114349 0.049435 0.0554772 0.0189731 0.0149578 0.0239366 0.0657926 0.0208069 0.0136193 0.0239103 0.0269037 0.020513 0.010257 0.00939333 0.0100911 0.0175824 0.0192649 0.0138875 
0.00887658 0.00862655 0.00933406 0.0185137 0.0196285 0.0133425 0.0124114 0.024011 0.106067 0.113053 0.0502752 0.0237525 0.0157335 0.0148641 0.0648181 0.0218567 0.0271481 0.0120876 0.00934368 0.00934298 0.00904004 0.00893801 0.00983928 0.0116305 0.0264095 0.0167833 0.00455211 0.0038218 0.00380086 0 0.00375733 0.00375506 0.00391275 0.0038262 0.0190641 0.034535 0.346946 0.0397955 0.100444 0.0253888 0.0200947 0.0116853 0.0235892 0.0253682 0.0228307 0.0118428 0.0164721 0.0192754 0.0179528 0.0103338 0.00945008 0.00935205 0.012319 0.0151645 0.0122193 
0.0084601 0.00827696 0.0093614 0.0141305 0.0171577 0.0110425 0.00981493 0.0356598 0.0536222 0.0711859 0.0375175 0.0178769 0.0117515 0.0252736 0.0234267 0.0468106 0.0138281 0.0106992 0.00919183 0.00877351 0.00902442 0.00892766 0.00895095 0.0114696 0.0124397 0.0157844 0.00388092 0.00401614 0.0037614 0.00375733 0 0.00376033 0.00376167 0.0037787 0.0123636 0.0359162 0.0349454 0.41023 0.0253255 0.0318015 0.0119063 0.01146 0.0140367 0.0321361 0.0146396 0.0113347 0.01186 0.0150889 0.0140603 0.00929554 0.00908184 0.00894298 0.0110664 0.0125929 0.0108943 
0.00840799 0.00829865 0.00904217 0.0155477 0.0172409 0.0112778 0.0100689 0.0248798 0.0553726 0.0682923 0.0298712 0.0155704 0.0126134 0.0194055 0.0259716 0.0358446 0.0144898 0.0104536 0.0088379 0.00971863 0.00883042 0.00888647 0.00849347 0.0126996 0.0136732 0.0123656 0.00387653 0.00389498 0.00390052 0.00375506 0.00376033 0 0.00377157 0.00375854 0.0255284 0.0398225 0.0865077 0.0396164 0.177171 0.0176565 0.0182535 0.010692 0.0156339 0.0345636 0.0158451 0.0107221 0.012425 0.0143309 0.0134944 0.0088799 0.00855231 0.00863344 0.0114093 0.0123286 0.0104763 
0.00848256 0.00874028 0.0103917 0.011405 0.0154754 0.0101207 0.0109379 0.0186899 0.0220135 0.0202996 0.0367955 0.0152931 0.0131311 0.0192435 0.0122288 0.0125935 0.0231197 0.0101363 0.0100153 0.00985738 0.00981628 0.00856962 0.00982144 0.0190457 0.0189438 0.013668 0.0042253 0.00469604 0.00382578 0.00391275 0.00376167 0.00377157 0 0.00384547 0.0233877 0.0962869 0.0243795 0.0380508 0.0187145 0.30887 0.0167231 0.010893 0.0158791 0.0135193 0.0181107 0.00999609 0.0122903 0.0210194 0.0123495 0.00964737 0.00887266 0.0101228 0.0119725 0.0165003 0.00935017 
0.0109153 0.00974194 0.0121815 0.0101128 0.00912485 0.0125085 0.0183485 0.010606 0.0109836 0.0128508 0.0119475 0.027193 0.028555 0.00977864 0.010545 0.00902095 0.0107417 0.0258887 0.0124179 0.00884776 0.00869159 0.0100936 0.0194637 0.00931152 0.0115866 0.0224186 0.00876292 0.00465033 0.00427296 0.0038262 0.0037787 0.00375854 0.00384547 0 0.0843632 0.0248945 0.0289715 0.013794 0.0220043 0.0219422 0.382424 0.0193729 0.0109149 0.00893225 0.0109365 0.0157776 0.0198612 0.0105005 0.0248797 0.0177264 0.0150411 0.0169781 0.0186811 0.0100145 0.0141872 
0.0111472 0.0111042 0.00916612 0.00885318 0.00942185 0.012036 0.0111807 0.0127349 0.00982237 0.0120138 0.0120257 0.018588 0.0141191 0.0146385 0.00892248 0.0121167 0.00991701 0.0149759 0.0105823 0.00865659 0.00866227 0.0133708 0.00992728 0.0111874 0.00897689 0.0234378 0.0914128 0.29418 0.0247236 0.0190641 0.0123636 0.0255284 0.0233877 0.0843632 0 0.00400732 0.0037789 0.00377277 0.00378717 0.00398015 0.00477968 0.0426364 0.0101713 0.0118003 0.00991267 0.0304017 0.0179224 0.0116642 0.0208503 0.0125819 0.0134287 0.0169362 0.0168401 0.0121791 0.0243498 
0.00855217 0.0085118 0.00857029 0.0109903 0.0111823 0.00978114 0.0110533 0.0181341 0.0254854 0.0294287 0.0234953 0.0130884 0.0169336 0.0142904 0.0211961 0.0121286 0.0190634 0.0108631 0.00873594 0.00910761 0.00943175 0.00879128 0.0091592 0.0107267 0.016815 0.0106919 0.0434857 0.0787387 0.327744 0.034535 0.0359162 0.0398225 0.0962869 0.0248945 0.00400732 0 0.00377173 0.00377867 0.00397063 0.00383115 0.00410314 0.0669376 0.0335277 0.0151357 0.0320931 0.0147527 0.0190592 0.0259491 0.0141308 0.0117162 0.010588 0.0105198 0.0154438 0.0272802 0.0129046 
0.00826169 0.00819551 0.00874489 0.0107973 0.0119732 0.0100985 0.00933455 0.0201378 0.0427273 0.0583656 0.0260351 0.0131618 0.0126078 0.0135764 0.0284933 0.0201565 0.0223382 0.0101258 0.00857101 0.0091349 0.00872978 0.00853992 0.00870782 0.0100952 0.0113456 0.0102495 0.0145425 0.0635744 0.0446993 0.346946 0.0349454 0.0865077 0.0243795 0.0289715 0.0037789 0.00377173 0 0.00375361 0.00382206 0.00379706 0.00380161 0.0152355 0.0481317 0.0284568 0.0230186 0.0117358 0.012463 0.0141714 0.0136594 0.00992594 0.00908754 0.00926493 0.0148741 0.0168396 0.0123115 
0.00835019 0.0083381 0.00910885 0.0107756 0.0122619 0.00991951 0.00964258 0.0241401 0.0449729 0.0585252 0.0257555 0.0129482 0.0108514 0.0276993 0.0139845 0.0704163 0.0123464 0.00972557 0.00900213 0.00904217 0.00868046 0.00874568 0.00866884 0.0130822 0.00981235 0.0116984 0.0165713 0.0258543 0.114349 0.0397955 0.41023 0.0396164 0.0380508 0.013794 0.00377277 0.00377867 0.00375361 0 0.00376094 0.00377792 0.0037695 0.0205492 0.0228234 0.151297 0.0168772 0.0122829 0.0144107 0.0136966 0.014895 0.00971664 0.00891787 0.009448 0.0150249 0.0151666 0.0125841 
0.00832588 0.00825735 0.00871294 0.010796 0.011052 0.0101476 0.00967572 0.0153235 0.0527416 0.0443556 0.0238248 0.0124617 0.0132131 0.011021 0.0843712 0.0138407 0.0174575 0.00957907 0.00852125 0.00937122 0.00896054 0.00853289 0.00901796 0.00957464 0.0186773 0.00956537 0.0168867 0.0399243 0.049435 0.100444 0.0253255 0.177171 0.0187145 0.0220043 0.00378717 0.00397063 0.00382206 0.00376094 0 0.0037683 0.00376569 0.0159705 0.059599 0.0331467 0.0362154 0.0127754 0.0128163 0.0170351 0.0120651 0.0111733 0.00936358 0.00928924 0.0137702 0.0159606 0.0118509 
0.00848623 0.00839807 0.0107217 0.0101445 0.0126917 0.00948752 0.00992148 0.0221189 0.0166514 0.0241029 0.0285334 0.0155728 0.0108334 0.032951 0.0107297 0.0227574 0.0160011 0.00993681 0.00950107 0.00940644 0.00915172 0.0087161 0.00872237 0.0152055 0.0135093 0.0118671 0.0152227 0.04669 0.0554772 0.0253888 0.0318015 0.0176565 0.30887 0.0219422 0.00398015 0.00383115 0.00379706 0.00377792 0.0037683 0 0.00377425 0.0224917 0.0256057 0.0506454 0.0538205 0.0265789 0.0155491 0.0434038 0.0257103 0.0103183 0.0113023 0.011524 0.0155745 0.0544729 0.0132017 
0.00974503 0.00894962 0.0139597 0.00939948 0.00902694 0.0105676 0.0189346 0.0111989 0.0114214 0.0123929 0.0128156 0.0219303 0.0365048 0.0101185 0.0105908 0.00946607 0.0120926 0.0153422 0.012674 0.00881529 0.00856936 0.0094325 0.0184769 0.00938824 0.0100797 0.0144843 0.0499921 0.0207309 0.0189731 0.0200947 0.0119063 0.0182535 0.0167231 0.382424 0.00477968 0.00410314 0.00380161 0.0037695 0.00376569 0.00377425 0 0.0250242 0.0283049 0.0138754 0.039464 0.113322 0.0303379 0.0156734 0.0499985 0.0246134 0.0163192 0.0241734 0.030642 0.0134664 0.0252001 
0.0095684 0.00959233 0.00838896 0.00838515 0.00864867 0.00991721 0.00932605 0.00937333 0.00908646 0.00960905 0.00980807 0.013285 0.0101597 0.00900365 0.00921364 0.00891527 0.00879025 0.0126826 0.00866107 0.00823854 0.00834426 0.0100795 0.0090194 0.00862011 0.00907306 0.0146065 0.0424785 0.0162476 0.0149578 0.0116853 0.01146 0.010692 0.010893 0.0193729 0.0426364 0.0669376 0.0152355 0.0205492 0.0159705 0.0224917 0.0250242 0 0.00399529 0.00378938 0.00379054 0.00556322 0.0126964 0.00938119 0.0283569 0.0210324 0.0148724 0.0182193 0.019819 0.013775 0.0313067 
0.00856266 0.00857153 0.00820218 0.00891957 0.00876546 0.00898195 0.00842567 0.00961181 0.0111759 0.0116922 0.0130621 0.0092114 0.00945204 0.00892062 0.0120406 0.00900038 0.0116016 0.00879306 0.00824253 0.00839017 0.00859157 0.0084059 0.00834402 0.0088503 0.0110006 0.00891081 0.016955 0.0432693 0.0239366 0.0235892 0.0140367 0.0156339 0.0158791 0.0109149 0.0101713 0.0335277 0.0481317 0.0228234 0.059599 0.0256057 0.0283049 0.00399529 0 0.00380426 0.00379113 0.00382735 0.00849453 0.0205602 0.0359103 0.0110454 0.0126652 0.00993624 0.0124068 0.0380536 0.0125296 
0.0082728 0.00818221 0.00843126 0.00883125 0.00928808 0.00853761 0.00841298 0.0120617 0.0164621 0.0245978 0.0142377 0.00937291 0.00873561 0.0125687 0.0107278 0.0299862 0.00906299 0.00862051 0.0083334 0.00847327 0.00827612 0.00830242 0.00828691 0.0107127 0.00880266 0.00951756 0.0106185 0.0236021 0.0657926 0.0253682 0.0321361 0.0345636 0.0135193 0.00893225 0.0118003 0.0151357 0.0284568 0.151297 0.0331467 0.0506454 0.0138754 0.00378938 0.00380426 0 0.00374751 0.00375884 0.0125768 0.0131805 0.0156002 0.00786253 0.0076467 0.00837445 0.014691 0.0110875 0.0144422 
0.0082233 0.00813759 0.00832111 0.00881447 0.00915407 0.00863601 0.00859078 0.00938863 0.0119163 0.0112754 0.0149265 0.00958606 0.00966045 0.0104963 0.0124615 0.00922114 0.0122457 0.00887272 0.00837735 0.00842537 0.00845763 0.0081976 0.00857103 0.00862723 0.0112592 0.00867102 0.0114248 0.0315249 0.0208069 0.0228307 0.0146396 0.0158451 0.0181107 0.0109365 0.00991267 0.0320931 0.0230186 0.0168772 0.0362154 0.0538205 0.039464 0.00379054 0.00379113 0.00374751 0 0.00376801 0.0235595 0.0533779 0.0234128 0.00878679 0.00842679 0.0105695 0.0137925 0.0619415 0.013011 
0.00873941 0.00888772 0.010819 0.0084022 0.0084586 0.00868163 0.0109284 0.00970543 0.0090066 0.00995059 0.00888009 0.0109774 0.0130796 0.00952079 0.00854869 0.00928555 0.00890688 0.0109143 0.010094 0.00841338 0.00823084 0.0090363 0.0108666 0.00891874 0.00847045 0.0116127 0.0236351 0.0115327 0.0136193 0.0118428 0.0113347 0.0107221 0.00999609 0.0157776 0.0304017 0.0147527 0.0117358 0.0122829 0.0127754 0.0265789 0.113322 0.00556322 0.00382735 0.00375884 0.00376801 0 0.0358647 0.0156261 0.0348141 0.0152291 0.0142567 0.0262006 0.0322484 0.013431 0.0289296 
0.00968395 0.00956819 0.00838487 0.00897012 0.00874166 0.0111458 0.00976504 0.009418 0.0101694 0.0109804 0.0112353 0.0138533 0.0106173 0.00947767 0.0101464 0.00913947 0.00931604 0.0121976 0.00846091 0.00826511 0.00834768 0.00989759 0.00885611 0.00874523 0.00925331 0.0146304 0.0290505 0.0218522 0.0239103 0.0164721 0.01186 0.012425 0.0122903 0.0198612 0.0179224 0.0190592 0.012463 0.0144107 0.0128163 0.0155491 0.0303379 0.0126964 0.00849453 0.0125768 0.0235595 0.0358647 0 0.00386316 0.00387034 0.00813945 0.00952391 0.0163181 0.0365879 0.0195717 0.209314 
0.00836584 0.00835916 0.00824853 0.00876219 0.00890758 0.00843993 0.00841682 0.0101511 0.0107465 0.0112828 0.0143911 0.0095692 0.00896767 0.0101722 0.00947548 0.00950118 0.0111998 0.00863634 0.00827474 0.00840457 0.00883231 0.00821352 0.0084058 0.00882635 0.0106277 0.00887194 0.012378 0.0400963 0.0269037 0.0192754 0.0150889 0.0143309 0.0210194 0.0105005 0.0116642 0.0259491 0.0141714 0.0136966 0.0170351 0.0434038 0.0156734 0.00938119 0.0205602 0.0131805 0.0533779 0.0156261 0.00386316 0 0.00402078 0.00462878 0.0154255 0.0148032 0.0163185 0.500664 0.0134627 
0.00939596 0.00855635 0.00964304 0.00859196 0.00882255 0.00914505 0.00987336 0.00988605 0.0104968 0.0118581 0.0103109 0.0126625 0.0121064 0.00973791 0.00943975 0.00992907 0.00959105 0.0100633 0.00891143 0.00830897 0.0083026 0.00895285 0.00933559 0.0084716 0.00900441 0.010969 0.0197812 0.0171996 0.020513 0.0179528 0.0140603 0.0134944 0.0123495 0.0248797 0.0208503 0.0141308 0.0136594 0.014895 0.0120651 0.0257103 0.0499985 0.0283569 0.0359103 0.0156002 0.0234128 0.0348141 0.00387034 0.00402078 0 0.421413 0.00576915 0.0171158 0.0655931 0.0211779 0.0808931 
0.0116194 0.0106308 0.0088554 0.00855499 0.00826424 0.0102999 0.0101856 0.00859411 0.00853145 0.00863163 0.00902397 0.0106471 0.0111423 0.00833907 0.00916035 0.00840768 0.00915551 0.0118089 0.00880574 0.00818817 0.00833122 0.00963289 0.00938937 0.00829816 0.00868159 0.0108865 0.021962 0.0112179 0.010257 0.0103338 0.00929554 0.0088799 0.00964737 0.0177264 0.0125819 0.0117162 0.00992594 0.00971664 0.0111733 0.0103183 0.0246134 0.0210324 0.0110454 0.00786253 0.00878679 0.0152291 0.00813945 0.00462878 0.421413 0 0.0564734 0.0721575 0.0359627 0.0136004 0.0272321 
0.0110013 0.0109783 0.00904815 0.00860555 0.00821447 0.00896958 0.0100738 0.00855258 0.0084456 0.0084745 0.00841135 0.00960296 0.0103914 0.00833854 0.00883439 0.00819265 0.00843586 0.0112252 0.00896889 0.00822537 0.00817232 0.00867412 0.00939219 0.00829395 0.00868721 0.00924436 0.0150714 0.0101634 0.00939333 0.00945008 0.00908184 0.00855231 0.00887266 0.0150411 0.0134287 0.010588 0.00908754 0.00891787 0.00936358 0.0113023 0.0163192 0.0148724 0.0126652 0.0076467 0.00842679 0.0142567 0.00952391 0.0154255 0.00576915 0.0564734 0 0.867191 0.0151319 0.0200779 0.0268635 
0.0122262 0.0133415 0.00943228 0.00836625 0.00862578 0.0102319 0.00941716 0.00844711 0.0084189 0.00854935 0.0097231 0.0117705 0.0113631 0.00838514 0.00840565 0.00834301 0.00866715 0.0107114 0.00926485 0.00825873 0.00841733 0.0103524 0.00934854 0.0083708 0.00849427 0.012265 0.016042 0.0105551 0.0100911 0.00935205 0.00894298 0.00863344 0.0101228 0.0169781 0.0169362 0.0105198 0.00926493 0.009448 0.00928924 0.011524 0.0241734 0.0182193 0.00993624 0.00837445 0.0105695 0.0262006 0.0163181 0.0148032 0.0171158 0.0721575 0.867191 0 0.0440748 0.0219162 0.0349002 
0.00984406 0.00982029 0.00848023 0.00855919 0.00883501 0.0109018 0.00903571 0.00892984 0.00964404 0.00989794 0.0153799 0.0154781 0.00958661 0.0087533 0.00886718 0.00892478 0.00899447 0.0107131 0.00847523 0.00818207 0.00843762 0.00991978 0.00870293 0.00839425 0.00878613 0.0117349 0.0190767 0.0168756 0.0175824 0.012319 0.0110664 0.0114093 0.0119725 0.0186811 0.0168401 0.0154438 0.0148741 0.0150249 0.0137702 0.0155745 0.030642 0.019819 0.0124068 0.014691 0.0137925 0.0322484 0.0365879 0.0163185 0.0655931 0.0359627 0.0151319 0.0440748 0 0.00395435 0.00451343 
0.00851719 0.00845301 0.00842706 0.00879889 0.00898175 0.0084225 0.00846868 0.00940914 0.0103188 0.0105715 0.0106351 0.0098356 0.0090792 0.00962982 0.00974173 0.00946001 0.00983759 0.00864648 0.00840927 0.00842817 0.00843573 0.008285 0.00848923 0.00873126 0.0094548 0.0088456 0.0118912 0.033583 0.0192649 0.0151645 0.0125929 0.0123286 0.0165003 0.0100145 0.0121791 0.0272802 0.0168396 0.0151666 0.0159606 0.0544729 0.0134664 0.013775 0.0380536 0.0110875 0.0619415 0.013431 0.0195717 0.500664 0.0211779 0.0136004 0.0200779 0.0219162 0.00395435 0 0.00419602 
0.0100423 0.0093659 0.0101656 0.00918453 0.00864995 0.00874118 0.0101063 0.00937463 0.00910294 0.00952334 0.00910161 0.0100802 0.0115379 0.00917288 0.00880626 0.00944292 0.00852016 0.0094326 0.00976089 0.00872768 0.00830706 0.00873464 0.0103266 0.00912762 0.00890503 0.0100611 0.0205652 0.0117805 0.0138875 0.0122193 0.0108943 0.0104763 0.00935017 0.0141872 0.0243498 0.0129046 0.0123115 0.0125841 0.0118509 0.0132017 0.0252001 0.0313067 0.0125296 0.0144422 0.013011 0.0289296 0.209314 0.0134627 0.0808931 0.0272321 0.0268635 0.0349002 0.00451343 0.00419602 0 
