1EXSA
VEVTPIMTELDTQKVAGTWHTVAMAVSDVSLLDAKSSPLKAYVEGLKPTPEGDLEILLQKRENDKCAQEVLLAKKTDIPAVFKINALDENQLFLLDTDYDSHLLLCMENSASPEHSLVCQSLARTLEVDDQIREKFEDALKTLSVPMRILPAQLEEQCRV
CCCCCCCCCCCHHHHCEECEEEEEEEECCCCCCCCCCHHHEEEEEEEECCCCCEEEEEEEEECCEEEEEEEEEEECCCCCCEEEEECCEEEEEEEEECCCCEEEEEEECCCCHHHHCEEEEEECCCCCCHHHHHHHHHHHCCCCCCEEECCCCCCCCCCC
0 0 0 0 0 0 0 0 0 0 0 0 0 0 0 0 0 0 0 0 0 0 0 0 0 0 0 0 0 0 0 0 0 0 0 0 0 0 0 0 0 0 0 0 0 0 0 0 0 0 0 0 0 0 0 0 0 0 0 0 0 0 0 0 0 0 0 0 0 0 0 0 0 0 0 0 0 0 0 0 0 0 0 0 0 0 0 0 0 0 0 0 0 0 0 0 0 0 0 0 0 0 0 0 0 0 0 0 0 0 0 0 0 0 0 0 0 0 0 0 0 0 0 0 0 0 0 0 0 0 0 0 0 0 0 0 0 0 0 0 0 0 0 0 0 0 0 0 0 0 0 0 0 0 0 0 0 0 0 0 
0 0 0 0 0 0 0 0 0 0 0 0 0 0 0 0 0 0 0 0 0 0 0 0 0 0 0 0 0 0 0 0 0 0 0 0 0 0 0 0 0 0 0 0 0 0 0 0 0 0 0 0 0 0 0 0 0 0 0 0 0 0 0 0 0 0 0 0 0 0 0 0 0 0 0 0 0 0 0 0 0 0 0 0 0 0 0 0 0 0 0 0 0 0 0 0 0 0 0 0 0 0 0 0 0 0 0 0 0 0 0 0 0 0 0 0 0 0 0 0 0 0 0 0 0 0 0 0 0 0 0 0 0 0 0 0 0 0 0 0 0 0 0 0 0 0 0 0 0 0 0 0 0 0 0 0 0 0 0 0 
0 0.00666437 0.00396517 0.00732004 0.00537855 0.00393586 0.00396688 0.00413898 0.00501979 0.0174501 0.0109411 0.00953064 0.00879822 0.00850706 0.00846144 0.00853246 0.0084315 0.0145717 0.00989498 0.00915443 0.00998243 0.00845657 0.00891367 0.00876245 0.00877517 0.00940893 0.0104343 0.0083828 0.00839895 0.00829425 0.00831432 0.00847612 0.00846491 0.00849129 0.00836899 0.00840866 0.00866277 0.0100774 0.00890475 0.00824338 0.00847345 0.00848308 0.0101484 0.00829054 0.00829283 0.0082023 0.00832137 0.00847551 0.0084584 0.00827508 0.00838686 0.00996938 0.00846395 0.0085018 0.00852714 0.00841722 0.00834224 0.00860047 0.00940881 0.00827224 0.00829119 0.00829013 0.00847664 0.0085013 0.00906893 0.00829332 0.00817441 0.00868019 
0.00666437 0 0.00932418 0.00404513 0.00371711 0.00376848 0.00395326 0.00397341 0.0167241 0.00541649 0.00827311 0.00936627 0.00913445 0.0093353 0.00907459 0.00837466 0.00978411 0.00910077 0.01008 0.00934137 0.00844036 0.00920772 0.00884832 0.00936214 0.00878571 0.00904533 0.00870363 0.00931876 0.00829224 0.0082878 0.00849149 0.00843485 0.00873064 0.00856972 0.00890502 0.00841075 0.0088104 0.00840632 0.00872376 0.00871329 0.00840232 0.00903491 0.00888612 0.00888619 0.00830642 0.0086027 0.00881008 0.0091953 0.00907359 0.00862129 0.00872773 0.00858627 0.00913736 0.00882489 0.00980758 0.00929461 0.00914253 0.00891956 0.00860742 0.00868399 0.00834239 0.00865944 0.00850793 0.00852832 0.00869501 0.00815545 0.00821144 0.0082576 
0.00396517 0.00932418 0 0.00376111 0.00381792 0.00380996 0.00383858 0.00385762 0.00387922 0.00649652 0.00913789 0.00938939 0.0114037 0.0106436 0.0101374 0.0114674 0.010208 0.031762 0.0100996 0.00989167 0.0129059 0.0103415 0.0116502 0.0110699 0.0118262 0.00918678 0.0119145 0.00882776 0.00860215 0.00892457 0.00904515 0.00941084 0.0104498 0.010634 0.0100823 0.009727 0.00892346 0.0110461 0.00940836 0.00887839 0.010166 0.00880626 0.0115109 0.00890311 0.00880259 0.00940569 0.0105817 0.0112349 0.0111813 0.00989436 0.0096734 0.0115684 0.00920933 0.00971872 0.0134487 0.0123948 0.0114906 0.00909147 0.0101521 0.00938668 0.00954779 0.0107216 0.0102504 0.00881178 0.0103394 0.00842545 0.00826938 0.00956208 
0.00732004 0.00404513 0.00376111 0 0.00377786 0.00383663 0.00378041 0.00380537 0.00419869 0.0038949 0.0103155 0.0138929 0.0160527 0.0166748 0.0148538 0.0121278 0.0289402 0.0104187 0.00999822 0.0179709 0.0114799 0.016933 0.0128589 0.0248222 0.01337 0.0138962 0.00893446 0.00872522 0.00950545 0.00947247 0.0103138 0.00982254 0.0126702 0.0128708 0.0136671 0.0100557 0.0106297 0.0087174 0.00903643 0.013262 0.00970625 0.0163782 0.00894836 0.00923403 0.0102175 0.0116494 0.0121047 0.0199868 0.0161892 0.0128927 0.0114533 0.00866305 0.00961677 0.0167284 0.019695 0.0193793 0.0158255 0.0121823 0.008782 0.0092388 0.0123971 0.0132317 0.011349 0.0106869 0.0084812 0.00837132 0.00853274 0.00838074 
0.00537855 0.00371711 0.00381792 0.00377786 0 0.003778 0.00379539 0.00370955 0.0037697 0.00392182 0.0108636 0.0112897 0.0317479 0.0171112 0.0201437 0.0393513 0.0103837 0.0109745 0.0125842 0.00961164 0.0328777 0.0108109 0.0420358 0.0168279 0.0205265 0.01064 0.00896063 0.0086184 0.00935917 0.0104201 0.00998609 0.0183575 0.0115297 0.032752 0.0126071 0.0198199 0.00889374 0.00893244 0.0109353 0.00915319 0.0303743 0.00916898 0.0109649 0.00910019 0.0116338 0.0115874 0.0302028 0.0248961 0.0282849 0.0275186 0.0097541 0.00890374 0.00984 0.0164933 0.0376869 0.0358331 0.0279147 0.0126475 0.00882306 0.00984944 0.0134823 0.0182673 0.0177254 0.00949486 0.00880562 0.00870691 0.00835066 0.00848677 
0.00393586 0.00376848 0.00380996 0.00383663 0.003778 0 0.00378314 0.00379706 0.00380546 0.00379686 0.00953003 0.0145232 0.0250175 0.0333211 0.0409947 0.0156746 0.017519 0.0113533 0.00996378 0.0198216 0.0136659 0.0390598 0.0178589 0.041066 0.0197811 0.0120264 0.00897527 0.00887288 0.00925875 0.0119374 0.0167707 0.014134 0.0316768 0.0176721 0.0335618 0.0132735 0.0113062 0.00878078 0.00934234 0.0187743 0.0121834 0.0174913 0.00989645 0.0093457 0.0109425 0.0254512 0.0210132 0.0560748 0.0411698 0.0251131 0.013491 0.00907796 0.00960866 0.0216039 0.0507947 0.0552029 0.0468258 0.013687 0.00962046 0.0101057 0.0149242 0.0297694 0.0222658 0.0122722 0.00913577 0.00864805 0.00864263 0.00862562 
0.00396688 0.00395326 0.00383858 0.00378041 0.00379539 0.00378314 0 0.00376735 0.00379613 0.00377481 0.0118246 0.0146369 0.0417474 0.0506503 0.0327018 0.0259405 0.0139241 0.011716 0.0134225 0.0128799 0.0299358 0.0197514 0.0413793 0.0249034 0.0263427 0.0122411 0.00960781 0.00896333 0.00959095 0.0120001 0.0125623 0.0215208 0.0153522 0.0363629 0.0236854 0.0203616 0.00959344 0.00924605 0.0118332 0.0120908 0.022796 0.0112476 0.011434 0.0101902 0.0132802 0.0172143 0.0340999 0.0461279 0.0464742 0.0280388 0.0111242 0.00916808 0.011639 0.0204373 0.0631816 0.0660697 0.0376259 0.0132001 0.00923816 0.0103072 0.0190164 0.0252391 0.0251401 0.0107623 0.00942561 0.00891976 0.00857282 0.00891937 
0.00413898 0.00397341 0.00385762 0.00380537 0.00370955 0.00379706 0.00376735 0 0.00377059 0.0037613 0.0110441 0.0232611 0.0530141 0.0313918 0.0222179 0.0203954 0.0137607 0.01133 0.0103577 0.0182434 0.0177786 0.0259813 0.0216008 0.0267944 0.0202307 0.0119253 0.00934922 0.00873656 0.00950192 0.0114378 0.0139295 0.012677 0.0196915 0.0240533 0.0222847 0.0143259 0.0100877 0.00892967 0.00949999 0.0127893 0.0169147 0.0127388 0.0101961 0.00952426 0.0115877 0.0186859 0.022497 0.0365499 0.0302165 0.0236461 0.0116431 0.00926303 0.00990781 0.0309936 0.0507212 0.0427421 0.0334675 0.0128309 0.00930913 0.0114093 0.015126 0.0233516 0.0198076 0.0106614 0.00909654 0.00861072 0.0085009 0.00883785 
0.00501979 0.0167241 0.00387922 0.00419869 0.0037697 0.00380546 0.00379613 0.00377059 0 0.00380701 0.0198857 0.0557808 0.0177153 0.0214611 0.0145618 0.0125027 0.0199004 0.011339 0.0122979 0.0108564 0.0126753 0.0102845 0.0125457 0.0121189 0.0117154 0.0115072 0.00910505 0.00944383 0.0103858 0.00906984 0.00922832 0.00983573 0.00957609 0.0109986 0.00989805 0.00928078 0.00964095 0.00862773 0.0104141 0.0106025 0.00999922 0.0105456 0.0108738 0.00943272 0.0106155 0.010158 0.0109032 0.0124277 0.0124068 0.0104769 0.0103586 0.00864456 0.0142006 0.0144933 0.0140238 0.0139712 0.0126125 0.0111378 0.00870658 0.00930904 0.0119196 0.0100325 0.00993888 0.00987301 0.00855473 0.00864237 0.00846713 0.00830817 
0.0174501 0.00541649 0.00649652 0.0038949 0.00392182 0.00379686 0.00377481 0.0037613 0.00380701 0 0.0395469 0.0105353 0.0137447 0.00976251 0.0097595 0.0103045 0.00967262 0.0173915 0.0237611 0.0108147 0.0103606 0.00935366 0.010777 0.0100224 0.00952281 0.00985512 0.0123646 0.0190337 0.00941108 0.00890832 0.00870801 0.00917828 0.00892778 0.0095048 0.00905564 0.00903094 0.00854368 0.00960587 0.0219267 0.00914184 0.00908031 0.00881295 0.0119676 0.0136675 0.00937177 0.00864963 0.00916988 0.00937666 0.00931015 0.00897424 0.00855385 0.00961257 0.0156107 0.0100991 0.00942836 0.00944554 0.00926695 0.00860329 0.00913293 0.0138839 0.0087907 0.00870813 0.00875415 0.00844254 0.00918162 0.0108781 0.00836469 0.0084946 
0.0109411 0.00827311 0.00913789 0.0103155 0.0108636 0.00953003 0.0118246 0.0110441 0.0198857 0.0395469 0 0.00380563 0.00381414 0.00378437 0.00378663 0.0039809 0.00386656 0.0050237 0.0136615 0.00643298 0.011859 0.00704229 0.0104329 0.00793056 0.124098 0.252344 0.0548911 0.00779989 0.0102175 0.00874237 0.00816763 0.0136477 0.00902305 0.0163452 0.00923802 0.0144118 0.00988787 0.0244002 0.026293 0.00904072 0.0196825 0.00909348 0.0316553 0.01067 0.0140513 0.00916627 0.016168 0.0113855 0.0127004 0.0126305 0.00955192 0.0290811 0.0138566 0.0140531 0.0115134 0.0118371 0.0110667 0.010992 0.0157601 0.0114696 0.0112326 0.0105511 0.0110537 0.0102226 0.0171685 0.0132369 0.00838863 0.0154389 
0.00953064 0.00936627 0.00938939 0.0138929 0.0112897 0.0145232 0.0146369 0.0232611 0.0557808 0.0105353 0.00380563 0 0.00374517 0.00375716 0.00376152 0.00377367 0.0040739 0.00397972 0.00633417 0.0119588 0.00736228 0.00944958 0.0084145 0.201094 0.313314 0.0552053 0.0114126 0.0090166 0.00844585 0.00874677 0.0106446 0.00883799 0.0145495 0.00958584 0.0149133 0.00894993 0.0171968 0.0108117 0.00936709 0.0227111 0.0088208 0.0262879 0.00978619 0.01128 0.00937838 0.0169181 0.0102392 0.0289227 0.015186 0.0104539 0.0193823 0.00939625 0.0106636 0.0156471 0.0221865 0.0147988 0.0156165 0.0128694 0.0106231 0.00955551 0.0108992 0.0139267 0.0118515 0.0122187 0.00966996 0.00838123 0.00982602 0.00865761 
0.00879822 0.00913445 0.0114037 0.0160527 0.0317479 0.0250175 0.0417474 0.0530141 0.0177153 0.0137447 0.00381414 0.00374517 0 0.00375686 0.00377826 0.00378545 0.00378922 0.00388168 0.00831828 0.00736927 0.0198429 0.00841176 0.254646 0.314611 0.0691126 0.0157577 0.00816537 0.00780339 0.00921116 0.00921148 0.00921866 0.0182903 0.0095324 0.0260115 0.0102737 0.0264896 0.00877154 0.00897472 0.0126801 0.00903943 0.0606879 0.00940002 0.0117972 0.00931529 0.015784 0.0119436 0.0519008 0.0234675 0.0409368 0.0377497 0.00981245 0.00926904 0.00994823 0.0232525 0.0369226 0.0537435 0.0307109 0.017111 0.00914184 0.0103401 0.0180647 0.0225401 0.0314128 0.011354 0.00905122 0.00928838 0.00840251 0.00878836 
0.00850706 0.0093353 0.0106436 0.0166748 0.0171112 0.0333211 0.0506503 0.0313918 0.0214611 0.00976251 0.00378437 0.00375716 0.00375686 0 0.00376245 0.003766 0.00385726 0.00378893 0.0063867 0.0139069 0.00873678 0.0560744 0.380529 0.0724281 0.0094288 0.0081646 0.00798011 0.00813581 0.00811424 0.00886304 0.010876 0.0103619 0.0151713 0.0124266 0.0198481 0.0110906 0.0104093 0.00888169 0.00959769 0.0165931 0.0124796 0.0137877 0.0100899 0.0102475 0.0106513 0.0245971 0.0186291 0.0520735 0.0323746 0.0232979 0.0115242 0.00879272 0.0100022 0.0170563 0.0491636 0.0405652 0.0416539 0.0120222 0.00911903 0.0103428 0.0143287 0.0311683 0.0234275 0.0122444 0.00908557 0.00874147 0.0086792 0.00865253 
0.00846144 0.00907459 0.0101374 0.0148538 0.0201437 0.0409947 0.0327018 0.0222179 0.0145618 0.0097595 0.00378663 0.00376152 0.00377826 0.00376245 0 0.0037603 0.00377902 0.00377547 0.00679391 0.00891352 0.0235266 0.728309 0.0400178 0.0114999 0.00924824 0.00840018 0.00809827 0.00790985 0.0082795 0.00880103 0.0101488 0.0103449 0.0124281 0.0139293 0.0225561 0.00982069 0.0114676 0.00910799 0.00991408 0.0148675 0.0103772 0.015249 0.0096847 0.0103032 0.0103235 0.0201648 0.0154442 0.0310361 0.032147 0.0157027 0.0115233 0.00886122 0.0105668 0.0147073 0.0363171 0.0515139 0.0257708 0.0116002 0.00911266 0.0100792 0.0150952 0.0207959 0.0256042 0.0104396 0.00899605 0.00866442 0.00850826 0.00849915 
0.00853246 0.00837466 0.0114674 0.0121278 0.0393513 0.0156746 0.0259405 0.0203954 0.0125027 0.0103045 0.0039809 0.00377367 0.00378545 0.003766 0.0037603 0 0.00374262 0.00377408 0.0107619 0.00761331 0.908009 0.00915069 0.016991 0.00769109 0.008144 0.00835986 0.00722553 0.00740901 0.00846825 0.00884078 0.00849702 0.014547 0.00859619 0.0273793 0.00849537 0.0235731 0.00832972 0.00979962 0.014479 0.00832376 0.0599156 0.00896046 0.0104293 0.00867569 0.0146425 0.00941299 0.0404136 0.0174877 0.0172949 0.0300212 0.00868067 0.0100345 0.00915946 0.0175933 0.0415879 0.0306717 0.0175734 0.0103815 0.00901875 0.0100808 0.0146475 0.0202578 0.0167502 0.00936671 0.0088315 0.00931 0.00828069 0.00889581 
0.0084315 0.00978411 0.010208 0.0289402 0.0103837 0.017519 0.0139241 0.0137607 0.0199004 0.00967262 0.00386656 0.0040739 0.00378922 0.00385726 0.00377902 0.00374262 0 0.00375767 0.00693193 0.922987 0.0072055 0.0122163 0.00679616 0.00866076 0.00727206 0.00665294 0.00674083 0.00816773 0.0083194 0.00791332 0.0101733 0.00811439 0.0130602 0.00830061 0.0445006 0.00818528 0.0128152 0.00852439 0.00864107 0.0317932 0.00828046 0.0231718 0.00856191 0.010901 0.00859123 0.0170994 0.00898437 0.0134726 0.0138146 0.00895657 0.0165023 0.00824539 0.0100938 0.0138078 0.0130687 0.0113158 0.0126508 0.0103802 0.00851305 0.00982088 0.00976528 0.0101235 0.0101377 0.0101738 0.00832368 0.00833665 0.00947656 0.00817633 
0.0145717 0.00910077 0.031762 0.0104187 0.0109745 0.0113533 0.011716 0.01133 0.011339 0.0173915 0.0050237 0.00397972 0.00388168 0.00378893 0.00377547 0.00377408 0.00375767 0 0.901772 0.00724722 0.0102129 0.00540812 0.00738134 0.0063031 0.00646131 0.00670803 0.00669136 0.0112596 0.00842118 0.0083324 0.00755216 0.0102039 0.00803569 0.0114589 0.00845093 0.0114583 0.0106584 0.0108542 0.0597132 0.00885499 0.0114512 0.00856158 0.0189603 0.0148628 0.0122758 0.00864725 0.0102591 0.00959689 0.00953584 0.00985697 0.00860565 0.0109761 0.021826 0.0111514 0.00979161 0.00963163 0.00920483 0.0093339 0.00976565 0.0175631 0.00945623 0.00913882 0.00893194 0.00868952 0.00985654 0.0141495 0.00844812 0.00864099 
0.00989498 0.01008 0.0100996 0.00999822 0.0125842 0.00996378 0.0134225 0.0103577 0.0122979 0.0237611 0.0136615 0.00633417 0.00831828 0.0063867 0.00679391 0.0107619 0.00693193 0.901772 0 0.00378842 0.0039754 0.00379584 0.00400539 0.00392516 0.0043197 0.00485789 0.0096523 0.00585683 0.00693128 0.00651474 0.0069962 0.00981281 0.00794855 0.0258777 0.0164606 0.675505 0.0209201 0.0781671 0.0235733 0.00866546 0.0173312 0.00902358 0.038927 0.0105749 0.0114286 0.00853206 0.0138375 0.00951288 0.0127865 0.0107907 0.00965225 0.0513829 0.0166951 0.0118601 0.0104263 0.010769 0.00966327 0.01229 0.0240591 0.00983185 0.010002 0.00936639 0.00952217 0.0107049 0.0236714 0.0146738 0.00869841 0.0211047 
0.00915443 0.00934137 0.00989167 0.0179709 0.00961164 0.0198216 0.0128799 0.0182434 0.0108564 0.0108147 0.00643298 0.0119588 0.00736927 0.0139069 0.00891352 0.00761331 0.922987 0.00724722 0.00378842 0 0.00376839 0.0037896 0.00377776 0.00382605 0.00385028 0.00436884 0.00395165 0.00616689 0.00615493 0.00677284 0.00915726 0.00728048 0.0311138 0.00888742 0.851245 0.00980897 0.0634322 0.00875228 0.00871669 0.0498684 0.0081484 0.045206 0.00858072 0.0128349 0.00856012 0.0190289 0.00874448 0.0291579 0.012782 0.00924936 0.0221048 0.00860901 0.0118527 0.0140223 0.0164978 0.0132774 0.0158049 0.0107143 0.00977144 0.00987962 0.00991688 0.0149083 0.0115061 0.0120797 0.00881768 0.0083817 0.0135498 0.00846264 
0.00998243 0.00844036 0.0129059 0.0114799 0.0328777 0.0136659 0.0299358 0.0177786 0.0126753 0.0103606 0.011859 0.00736228 0.0198429 0.00873678 0.0235266 0.908009 0.0072055 0.0102129 0.0039754 0.00376839 0 0.00374127 0.00380523 0.00378056 0.00390127 0.00393763 0.00402682 0.00490674 0.00747102 0.00723349 0.00666688 0.0362276 0.00864681 0.893901 0.0106542 0.0594999 0.00777534 0.00924847 0.0197988 0.00820201 0.0873941 0.00849797 0.0127351 0.0085322 0.0190204 0.00853465 0.041775 0.0107378 0.0227019 0.03988 0.00866345 0.0132299 0.0118392 0.0203489 0.0202714 0.0310525 0.0150801 0.0121963 0.0098807 0.0101615 0.0178967 0.0142841 0.0253363 0.0102486 0.00967212 0.0131131 0.00827817 0.010722 
0.00845657 0.00920772 0.0103415 0.016933 0.0108109 0.0390598 0.0197514 0.0259813 0.0102845 0.00935366 0.00704229 0.00944958 0.00841176 0.0560744 0.728309 0.00915069 0.0122163 0.00540812 0.00379584 0.0037896 0.00374127 0 0.00374576 0.003766 0.00377091 0.00377588 0.00380632 0.0056012 0.00550821 0.0059458 0.0214033 0.0072324 0.86767 0.00982008 0.0431683 0.00747579 0.0106085 0.00826827 0.00821931 0.0384096 0.00807485 0.0207055 0.00848481 0.0109286 0.00842622 0.0353794 0.00904475 0.0365874 0.0250753 0.00999926 0.0148189 0.00841022 0.0102937 0.0122138 0.037763 0.024479 0.0281934 0.0125583 0.00902143 0.0104115 0.0104386 0.030667 0.0178438 0.0110111 0.00886349 0.00840475 0.0105648 0.00846345 
0.00891367 0.00884832 0.0116502 0.0128589 0.0420358 0.0178589 0.0413793 0.0216008 0.0125457 0.010777 0.0104329 0.0084145 0.254646 0.380529 0.0400178 0.016991 0.00679616 0.00738134 0.00400539 0.00377776 0.00380523 0.00374576 0 0.00375088 0.00375306 0.00377592 0.00380432 0.00393438 0.00572588 0.00932711 0.0060645 0.886628 0.0112217 0.036185 0.00747301 0.0127134 0.0077076 0.00821571 0.0163634 0.0082026 0.0313807 0.00855892 0.0113401 0.00830182 0.0164959 0.00883595 0.0297698 0.0164147 0.0279161 0.0278441 0.00914204 0.0102832 0.00981764 0.0202229 0.0294131 0.0424379 0.0375292 0.0124889 0.00938123 0.00978406 0.0226648 0.0189146 0.0235538 0.0149211 0.00931799 0.00995767 0.00837008 0.00931918 
0.00876245 0.00936214 0.0110699 0.0248222 0.0168279 0.041066 0.0249034 0.0267944 0.0121189 0.0100224 0.00793056 0.201094 0.314611 0.0724281 0.0114999 0.00769109 0.00866076 0.0063031 0.00392516 0.00382605 0.00378056 0.003766 0.00375088 0 0.00377522 0.00375335 0.00376608 0.00417033 0.00541378 0.00513534 0.874212 0.0234712 0.0286168 0.00828731 0.0101309 0.0075832 0.00861846 0.00783074 0.00822994 0.015284 0.00848777 0.0171921 0.00876122 0.0104828 0.00891998 0.0168211 0.0118928 0.0255901 0.0199564 0.0136748 0.0118831 0.00871168 0.00977227 0.01478 0.0366798 0.0367492 0.0276871 0.0115384 0.00920371 0.0115886 0.0132778 0.0216163 0.027926 0.0105506 0.00894277 0.00857755 0.00873259 0.0085629 
0.00877517 0.00878571 0.0118262 0.01337 0.0205265 0.0197811 0.0263427 0.0202307 0.0117154 0.00952281 0.124098 0.313314 0.0691126 0.0094288 0.00924824 0.008144 0.00727206 0.00646131 0.0043197 0.00385028 0.00390127 0.00377091 0.00375306 0.00377522 0 0.003777 0.00375484 0.00455061 0.0113774 0.851661 0.010406 0.0175072 0.0159614 0.0080472 0.00870147 0.00749121 0.00864152 0.00730592 0.00923856 0.00881039 0.012676 0.00956576 0.00926657 0.00912872 0.0107662 0.0144996 0.0126666 0.0155227 0.0167877 0.0146169 0.0097959 0.00875817 0.0107966 0.01414 0.0324508 0.0261739 0.0197146 0.0112308 0.00896676 0.0103673 0.0120366 0.0202874 0.0151105 0.0106068 0.00883501 0.00879584 0.00860683 0.0085443 
0.00940893 0.00904533 0.00918678 0.0138962 0.01064 0.0120264 0.0122411 0.0119253 0.0115072 0.00985512 0.252344 0.0552053 0.0157577 0.0081646 0.00840018 0.00835986 0.00665294 0.00670803 0.00485789 0.00436884 0.00393763 0.00377588 0.00377592 0.00375335 0.003777 0 0.00406506 0.00915396 0.94659 0.00544462 0.00618282 0.00544248 0.00616685 0.00745745 0.00663736 0.00834245 0.00700158 0.00936254 0.0107601 0.0107908 0.0100226 0.00888698 0.00894851 0.00913402 0.012478 0.00872231 0.0105032 0.00980675 0.0104063 0.010221 0.00900216 0.00856392 0.010599 0.0160222 0.0120559 0.0123245 0.0115285 0.010382 0.00870422 0.0100823 0.0131192 0.00981868 0.0102793 0.00978615 0.00861946 0.00920919 0.00844549 0.00827451 
0.0104343 0.00870363 0.0119145 0.00893446 0.00896063 0.00897527 0.00960781 0.00934922 0.00910505 0.0123646 0.0548911 0.0114126 0.00816537 0.00798011 0.00809827 0.00722553 0.00674083 0.00669136 0.0096523 0.00395165 0.00402682 0.00380632 0.00380432 0.00376608 0.00375484 0.00406506 0 0.996644 0.00404322 0.0130664 0.00386748 0.00446991 0.00573088 0.0058218 0.00650302 0.00612986 0.00623035 0.00657888 0.0153577 0.00860453 0.00788847 0.0079788 0.00899511 0.0158935 0.00889337 0.00825328 0.00859581 0.00902662 0.00902845 0.00862942 0.00856868 0.00894739 0.01704 0.00989712 0.0091951 0.00924119 0.00901616 0.00879085 0.00915768 0.0167144 0.00885644 0.00861736 0.00873065 0.00850353 0.00926303 0.0107579 0.00831804 0.00839994 
0.0083828 0.00931876 0.00882776 0.00872522 0.0086184 0.00887288 0.00896333 0.00873656 0.00944383 0.0190337 0.00779989 0.0090166 0.00780339 0.00813581 0.00790985 0.00740901 0.00816773 0.0112596 0.00585683 0.00616689 0.00490674 0.0056012 0.00393438 0.00417033 0.00455061 0.00915396 0.996644 0 0.00536464 0.00375462 0.00389022 0.00386392 0.00436675 0.00433111 0.0139238 0.00432681 0.0063116 0.00839979 0.00774913 0.00888212 0.00728851 0.00926134 0.0120289 0.00877293 0.00791606 0.00838497 0.00830984 0.00965645 0.0160416 0.00811397 0.012574 0.012999 0.0101931 0.00870548 0.0088763 0.00871977 0.00872004 0.00876599 0.0141859 0.00892656 0.00844195 0.00865152 0.00864732 0.00873352 0.0123502 0.00852943 0.00880889 0.0104044 
0.00839895 0.00829224 0.00860215 0.00950545 0.00935917 0.00925875 0.00959095 0.00950192 0.0103858 0.00941108 0.0102175 0.00844585 0.00921116 0.00811424 0.0082795 0.00846825 0.0083194 0.00842118 0.00693128 0.00615493 0.00747102 0.00550821 0.00572588 0.00541378 0.0113774 0.94659 0.00404322 0.00536464 0 0.00375709 0.00376532 0.00383197 0.00383632 0.00425399 0.00405771 0.00493471 0.0055186 0.00658955 0.00767083 0.007669 0.00888535 0.00854803 0.00833429 0.00807158 0.00850232 0.00825306 0.011846 0.0165912 0.00897451 0.0103666 0.00887637 0.00961652 0.00958543 0.0109345 0.00923496 0.00974582 0.00919437 0.0101786 0.00896788 0.00901999 0.008978 0.00919554 0.00887826 0.0089657 0.00869 0.00849945 0.00855794 0.00874903 
0.00829425 0.0082878 0.00892457 0.00947247 0.0104201 0.0119374 0.0120001 0.0114378 0.00906984 0.00890832 0.00874237 0.00874677 0.00921148 0.00886304 0.00880103 0.00884078 0.00791332 0.0083324 0.00651474 0.00677284 0.00723349 0.0059458 0.00932711 0.00513534 0.851661 0.00544462 0.0130664 0.00375462 0.00375709 0 0.00376395 0.00374658 0.00378962 0.00381358 0.00415902 0.00412056 0.00453211 0.0042052 0.00696695 0.0072944 0.00891616 0.00772838 0.00813029 0.00792226 0.00816037 0.00933608 0.0145201 0.00913384 0.0105317 0.00927464 0.00866079 0.00846981 0.00871059 0.00928131 0.0112154 0.0110312 0.0112538 0.00930379 0.00863396 0.00887173 0.00930115 0.00985692 0.0105985 0.0087063 0.00851982 0.008436 0.008197 0.00837277 
0.00831432 0.00849149 0.00904515 0.0103138 0.00998609 0.0167707 0.0125623 0.0139295 0.00922832 0.00870801 0.00816763 0.0106446 0.00921866 0.010876 0.0101488 0.00849702 0.0101733 0.00755216 0.0069962 0.00915726 0.00666688 0.0214033 0.0060645 0.874212 0.010406 0.00618282 0.00386748 0.00389022 0.00376532 0.00376395 0 0.00370637 0.0037664 0.00376189 0.00383587 0.00401037 0.0039845 0.0038512 0.00693711 0.0106906 0.00699989 0.0123133 0.00735442 0.00896247 0.008188 0.0199895 0.00824995 0.0118189 0.0096433 0.00932377 0.00937257 0.00812865 0.00916933 0.0101874 0.0112868 0.013581 0.0111978 0.00893309 0.0085037 0.00911407 0.00919993 0.0119074 0.0109786 0.00887657 0.00845106 0.00827113 0.00850869 0.00823362 
0.00847612 0.00843485 0.00941084 0.00982254 0.0183575 0.014134 0.0215208 0.012677 0.00983573 0.00917828 0.0136477 0.00883799 0.0182903 0.0103619 0.0103449 0.014547 0.00811439 0.0102039 0.00981281 0.00728048 0.0362276 0.0072324 0.886628 0.0234712 0.0175072 0.00544248 0.00446991 0.00386392 0.00383197 0.00374658 0.00370637 0 0.00381279 0.00380603 0.00374834 0.00399687 0.00395387 0.00400802 0.0124616 0.00711747 0.0188707 0.00770375 0.0119488 0.00791674 0.0188783 0.00817639 0.0185327 0.01006 0.0134123 0.0166222 0.00843929 0.0103603 0.00977846 0.0120873 0.0171899 0.0142183 0.0118154 0.0101349 0.00893886 0.00924875 0.0129472 0.011781 0.0128231 0.00952114 0.00906175 0.0103406 0.0082677 0.00956671 
0.00846491 0.00873064 0.0104498 0.0126702 0.0115297 0.0316768 0.0153522 0.0196915 0.00957609 0.00892778 0.00902305 0.0145495 0.0095324 0.0151713 0.0124281 0.00859619 0.0130602 0.00803569 0.00794855 0.0311138 0.00864681 0.86767 0.0112217 0.0286168 0.0159614 0.00616685 0.00573088 0.00436675 0.00383632 0.00378962 0.0037664 0.00381279 0 0.00374723 0.00379523 0.00376325 0.00385155 0.0038526 0.00754938 0.0201274 0.00710951 0.021536 0.0174744 0.0221122 0.00790717 0.017444 0.00844263 0.0197856 0.013805 0.0088781 0.0119153 0.00834163 0.0103374 0.0120164 0.0150166 0.0156526 0.0148207 0.00919617 0.00890229 0.011328 0.0104762 0.0173032 0.0143268 0.00947538 0.00868863 0.00851451 0.0104232 0.00836375 
0.00849129 0.00856972 0.010634 0.0128708 0.032752 0.0176721 0.0363629 0.0240533 0.0109986 0.0095048 0.0163452 0.00958584 0.0260115 0.0124266 0.0139293 0.0273793 0.00830061 0.0114589 0.0258777 0.00888742 0.893901 0.00982008 0.036185 0.00828731 0.0080472 0.00745745 0.0058218 0.00433111 0.00425399 0.00381358 0.00376189 0.00380603 0.00374723 0 0.00374831 0.00379002 0.00387623 0.00393052 0.0119142 0.00737924 0.0241495 0.00912914 0.237746 0.00761944 0.0229408 0.00826715 0.0224114 0.0106236 0.0126186 0.0246017 0.00866701 0.0110051 0.010325 0.0159233 0.0209282 0.0218635 0.0167182 0.0106187 0.00912799 0.00992955 0.0189417 0.0153734 0.020074 0.0111262 0.00945918 0.0114126 0.00837573 0.00954996 
0.00836899 0.00890502 0.0100823 0.0136671 0.0126071 0.0335618 0.0236854 0.0222847 0.00989805 0.00905564 0.00923802 0.0149133 0.0102737 0.0198481 0.0225561 0.00849537 0.0445006 0.00845093 0.0164606 0.851245 0.0106542 0.0431683 0.00747301 0.0101309 0.00870147 0.00663736 0.00650302 0.0139238 0.00405771 0.00415902 0.00383587 0.00374834 0.00379523 0.00374831 0 0.00374508 0.00380058 0.00379275 0.00649361 0.0190525 0.00773537 0.39451 0.00924142 0.00895507 0.00761474 0.0174358 0.00819661 0.0168263 0.0130722 0.00969014 0.0139639 0.00840347 0.010603 0.0107666 0.017236 0.0171738 0.0169422 0.00981988 0.00887425 0.010709 0.0101094 0.0219484 0.0184231 0.0103613 0.00878692 0.00868851 0.0109617 0.00847383 
0.00840866 0.00841075 0.009727 0.0100557 0.0198199 0.0132735 0.0203616 0.0143259 0.00928078 0.00903094 0.0144118 0.00894993 0.0264896 0.0110906 0.00982069 0.0235731 0.00818528 0.0114583 0.675505 0.00980897 0.0594999 0.00747579 0.0127134 0.0075832 0.00749121 0.00834245 0.00612986 0.00432681 0.00493471 0.00412056 0.00401037 0.00399687 0.00376325 0.00379002 0.00374508 0 0.00375218 0.00381889 0.0150643 0.00832844 0.498392 0.00873015 0.0107812 0.00686503 0.0130429 0.0076592 0.0130016 0.00948223 0.0115676 0.0171971 0.00856371 0.0134388 0.0099012 0.0119584 0.013769 0.0157706 0.0116832 0.0101559 0.00877504 0.00941581 0.0131693 0.0129931 0.0145249 0.00932608 0.00920385 0.0103002 0.00823348 0.0094287 
0.00866277 0.0088104 0.00892346 0.0106297 0.00889374 0.0113062 0.00959344 0.0100877 0.00964095 0.00854368 0.00988787 0.0171968 0.00877154 0.0104093 0.0114676 0.00832972 0.0128152 0.0106584 0.0209201 0.0634322 0.00777534 0.0106085 0.0077076 0.00861846 0.00864152 0.00700158 0.00623035 0.0063116 0.0055186 0.00453211 0.0039845 0.00395387 0.00385155 0.00387623 0.00380058 0.00375218 0 0.00404249 0.00969902 0.805752 0.0074648 0.0154653 0.00650388 0.0204431 0.00767521 0.00883585 0.00793589 0.0112239 0.0107911 0.00854887 0.0127502 0.00806896 0.0108734 0.0114315 0.0104827 0.00958151 0.0103277 0.00971403 0.0086139 0.0105832 0.010213 0.00922822 0.00951786 0.0101929 0.00875855 0.00898895 0.0101431 0.00826436 
0.0100774 0.00840632 0.0110461 0.0087174 0.00893244 0.00878078 0.00924605 0.00892967 0.00862773 0.00960587 0.0244002 0.0108117 0.00897472 0.00888169 0.00910799 0.00979962 0.00852439 0.0108542 0.0781671 0.00875228 0.00924847 0.00826827 0.00821571 0.00783074 0.00730592 0.00936254 0.00657888 0.00839979 0.00658955 0.0042052 0.0038512 0.00400802 0.0038526 0.00393052 0.00379275 0.00381889 0.00404249 0 0.883389 0.00784598 0.00667903 0.00580646 0.00836615 0.0109342 0.0088096 0.00680858 0.00853936 0.0124272 0.00930148 0.00846935 0.00858663 0.00919336 0.0161645 0.0107039 0.00880025 0.00933619 0.00852081 0.00855002 0.0089046 0.018618 0.00917665 0.00864982 0.00875254 0.00852381 0.0100501 0.0150745 0.00838959 0.00875301 
0.00890475 0.00872376 0.00940836 0.00903643 0.0109353 0.00934234 0.0118332 0.00949999 0.0104141 0.0219267 0.026293 0.00936709 0.0126801 0.00959769 0.00991408 0.014479 0.00864107 0.0597132 0.0235733 0.00871669 0.0197988 0.00821931 0.0163634 0.00822994 0.00923856 0.0107601 0.0153577 0.00774913 0.00767083 0.00696695 0.00693711 0.0124616 0.00754938 0.0119142 0.00649361 0.0150643 0.00969902 0.883389 0 0.00385647 0.00403018 0.00381223 0.00521376 0.00457034 0.00587762 0.00536681 0.19063 0.019425 0.0133532 0.00893538 0.00782752 0.0500533 0.0135905 0.0109546 0.00965702 0.00985249 0.00930863 0.0111273 0.029838 0.011744 0.0123017 0.00976807 0.0103295 0.010444 0.0338678 0.0201004 0.0091023 0.0328105 
0.00824338 0.00871329 0.00887839 0.013262 0.00915319 0.0187743 0.0120908 0.0127893 0.0106025 0.00914184 0.00904072 0.0227111 0.00903943 0.0165931 0.0148675 0.00832376 0.0317932 0.00885499 0.00866546 0.0498684 0.00820201 0.0384096 0.0082026 0.015284 0.00881039 0.0107908 0.00860453 0.00888212 0.007669 0.0072944 0.0106906 0.00711747 0.0201274 0.00737924 0.0190525 0.00832844 0.805752 0.00784598 0.00385647 0 0.00374693 0.00403973 0.00378485 0.0047487 0.00459125 0.254974 0.0111536 0.0114765 0.00794883 0.00703974 0.0351408 0.00697584 0.00936926 0.0122889 0.0103731 0.00994013 0.0105568 0.0137861 0.00968492 0.0103533 0.0105355 0.0181742 0.011301 0.0167605 0.00906711 0.00861846 0.0222384 0.00859834 
0.00847345 0.00840232 0.010166 0.00970625 0.0303743 0.0121834 0.022796 0.0169147 0.00999922 0.00908031 0.0196825 0.0088208 0.0606879 0.0124796 0.0103772 0.0599156 0.00828046 0.0114512 0.0173312 0.0081484 0.0873941 0.00807485 0.0313807 0.00848777 0.012676 0.0100226 0.00788847 0.00728851 0.00888535 0.00891616 0.00699989 0.0188707 0.00710951 0.0241495 0.00773537 0.498392 0.0074648 0.00667903 0.00403018 0.00374693 0 0.00374201 0.0038366 0.00389318 0.03667 0.0169093 0.0189349 0.00727685 0.00800148 0.0153695 0.00635117 0.0091181 0.00876992 0.00978359 0.0118308 0.0134037 0.0126026 0.0102528 0.00861712 0.00994789 0.0164439 0.0131192 0.0354027 0.00974118 0.0104305 0.0163923 0.00823771 0.012465 
0.00848308 0.00903491 0.00880626 0.0163782 0.00916898 0.0174913 0.0112476 0.0127388 0.0105456 0.00881295 0.00909348 0.0262879 0.00940002 0.0137877 0.015249 0.00896046 0.0231718 0.00856158 0.00902358 0.045206 0.00849797 0.0207055 0.00855892 0.0171921 0.00956576 0.00888698 0.0079788 0.00926134 0.00854803 0.00772838 0.0123133 0.00770375 0.021536 0.00912914 0.39451 0.00873015 0.0154653 0.00580646 0.00381223 0.00403973 0.00374201 0 0.00381163 0.00580463 0.0219859 0.0068781 0.00429345 0.00705709 0.00969008 0.00589653 0.00885985 0.00598028 0.00836328 0.0117322 0.013366 0.00997484 0.0105958 0.0110075 0.00874616 0.0106427 0.0107405 0.0171685 0.0119107 0.0159148 0.00948423 0.00883511 0.023893 0.0083624 
0.0101484 0.00888612 0.0115109 0.00894836 0.0109649 0.00989645 0.011434 0.0101961 0.0108738 0.0119676 0.0316553 0.00978619 0.0117972 0.0100899 0.0096847 0.0104293 0.00856191 0.0189603 0.038927 0.00858072 0.0127351 0.00848481 0.0113401 0.00876122 0.00926657 0.00894851 0.00899511 0.0120289 0.00833429 0.00813029 0.00735442 0.0119488 0.0174744 0.237746 0.00924142 0.0107812 0.00650388 0.00836615 0.00521376 0.00378485 0.0038366 0.00381163 0 0.350577 0.0203023 0.0057986 0.00427997 0.00555354 0.00570689 0.00665419 0.00619293 0.00734267 0.0140589 0.0107114 0.00989729 0.0100928 0.00891371 0.00961661 0.0119082 0.0204516 0.015446 0.0100362 0.0103431 0.0100244 0.0165022 0.0203549 0.00886725 0.011727 
0.00829054 0.00888619 0.00890311 0.00923403 0.00910019 0.0093457 0.0101902 0.00952426 0.00943272 0.0136675 0.01067 0.01128 0.00931529 0.0102475 0.0103032 0.00867569 0.010901 0.0148628 0.0105749 0.0128349 0.0085322 0.0109286 0.00830182 0.0104828 0.00912872 0.00913402 0.0158935 0.00877293 0.00807158 0.00792226 0.00896247 0.00791674 0.0221122 0.00761944 0.00895507 0.00686503 0.0204431 0.0109342 0.00457034 0.0047487 0.00389318 0.00580463 0.350577 0 0.00381736 0.00377325 0.0037631 0.00384882 0.00394813 0.0040022 0.00432577 0.00995933 0.00904867 0.0079479 0.00755353 0.00770518 0.00849416 0.0184101 0.0362028 0.0145556 0.0128614 0.0114069 0.00936172 0.0112611 0.0169281 0.0093129 0.0101003 0.0133962 
0.00829283 0.00830642 0.00880259 0.0102175 0.0116338 0.0109425 0.0132802 0.0115877 0.0106155 0.00937177 0.0140513 0.00937838 0.015784 0.0106513 0.0103235 0.0146425 0.00859123 0.0122758 0.0114286 0.00856012 0.0190204 0.00842622 0.0164959 0.00891998 0.0107662 0.012478 0.00889337 0.00791606 0.00850232 0.00816037 0.008188 0.0188783 0.00790717 0.0229408 0.00761474 0.0130429 0.00767521 0.0088096 0.00587762 0.00459125 0.03667 0.0219859 0.0203023 0.00381736 0 0.00377066 0.00376833 0.00378092 0.00383782 0.00405904 0.00401244 0.00500346 0.00661341 0.00875677 0.00794942 0.00881269 0.00813477 0.0197398 0.0286713 0.0234231 0.0138408 0.0108069 0.0135132 0.0122375 0.00968044 0.0113222 0.00890074 0.010391 
0.0082023 0.0086027 0.00940569 0.0116494 0.0115874 0.0254512 0.0172143 0.0186859 0.010158 0.00864963 0.00916627 0.0169181 0.0119436 0.0245971 0.0201648 0.00941299 0.0170994 0.00864725 0.00853206 0.0190289 0.00853465 0.0353794 0.00883595 0.0168211 0.0144996 0.00872231 0.00825328 0.00838497 0.00825306 0.00933608 0.0199895 0.00817639 0.017444 0.00826715 0.0174358 0.0076592 0.00883585 0.00680858 0.00536681 0.254974 0.0169093 0.0068781 0.0057986 0.00377325 0.00377066 0 0.00374287 0.00375278 0.00376545 0.00374442 0.00419029 0.00378442 0.00702201 0.00708474 0.00876187 0.0085185 0.014249 0.0229989 0.543401 0.00972517 0.0100095 0.0181254 0.0163269 0.0102034 0.0086489 0.00848302 0.0102215 0.00842286 
0.00832137 0.00881008 0.0105817 0.0121047 0.0302028 0.0210132 0.0340999 0.022497 0.0109032 0.00916988 0.016168 0.0102392 0.0519008 0.0186291 0.0154442 0.0404136 0.00898437 0.0102591 0.0138375 0.00874448 0.041775 0.00904475 0.0297698 0.0118928 0.0126666 0.0105032 0.00859581 0.00830984 0.011846 0.0145201 0.00824995 0.0185327 0.00844263 0.0224114 0.00819661 0.0130016 0.00793589 0.00853936 0.19063 0.0111536 0.0189349 0.00429345 0.00427997 0.0037631 0.00376833 0.00374287 0 0.00376784 0.00377321 0.00380199 0.00376448 0.0040194 0.0061314 0.00855934 0.00892771 0.0137464 0.0192328 0.871105 0.0120543 0.00974426 0.0158271 0.0185369 0.0156013 0.0115005 0.0102596 0.0133792 0.00870787 0.0107476 
0.00847551 0.0091953 0.0112349 0.0199868 0.0248961 0.0560748 0.0461279 0.0365499 0.0124277 0.00937666 0.0113855 0.0289227 0.0234675 0.0520735 0.0310361 0.0174877 0.0134726 0.00959689 0.00951288 0.0291579 0.0107378 0.0365874 0.0164147 0.0255901 0.0155227 0.00980675 0.00902662 0.00965645 0.0165912 0.00913384 0.0118189 0.01006 0.0197856 0.0106236 0.0168263 0.00948223 0.0112239 0.0124272 0.019425 0.0114765 0.00727685 0.00705709 0.00555354 0.00384882 0.00378092 0.00375278 0.00376784 0 0.00375962 0.00374872 0.00379933 0.00383863 0.00747107 0.00836818 0.0130933 0.0175392 0.936481 0.0153389 0.00892227 0.0121762 0.0195948 0.0208464 0.0250866 0.012422 0.0107571 0.0103749 0.0130845 0.00925145 
0.0084584 0.00907359 0.0111813 0.0161892 0.0282849 0.0411698 0.0464742 0.0302165 0.0124068 0.00931015 0.0127004 0.015186 0.0409368 0.0323746 0.032147 0.0172949 0.0138146 0.00953584 0.0127865 0.012782 0.0227019 0.0250753 0.0279161 0.0199564 0.0167877 0.0104063 0.00902845 0.0160416 0.00897451 0.0105317 0.0096433 0.0134123 0.013805 0.0126186 0.0130722 0.0115676 0.0107911 0.00930148 0.0133532 0.00794883 0.00800148 0.00969008 0.00570689 0.00394813 0.00383782 0.00376545 0.00377321 0.00375962 0 0.00376935 0.00378128 0.00383175 0.0057451 0.0242006 0.0173043 0.952704 0.0311259 0.0106329 0.00812894 0.0111783 0.0160968 0.0277377 0.0182037 0.0175793 0.00984263 0.0130878 0.0105127 0.00947555 
0.00827508 0.00862129 0.00989436 0.0128927 0.0275186 0.0251131 0.0280388 0.0236461 0.0104769 0.00897424 0.0126305 0.0104539 0.0377497 0.0232979 0.0157027 0.0300212 0.00895657 0.00985697 0.0107907 0.00924936 0.03988 0.00999926 0.0278441 0.0136748 0.0146169 0.010221 0.00862942 0.00811397 0.0103666 0.00927464 0.00932377 0.0166222 0.0088781 0.0246017 0.00969014 0.0171971 0.00854887 0.00846935 0.00893538 0.00703974 0.0153695 0.00589653 0.00665419 0.0040022 0.00405904 0.00374442 0.00380199 0.00374872 0.00376935 0 0.00374961 0.00376679 0.00556062 0.0102348 0.909875 0.0243624 0.0106762 0.00762276 0.00678657 0.00916191 0.0138797 0.0159811 0.0245646 0.0105495 0.0096422 0.0112931 0.00865233 0.0102067 
0.00838686 0.00872773 0.0096734 0.0114533 0.0097541 0.013491 0.0111242 0.0116431 0.0103586 0.00855385 0.00955192 0.0193823 0.00981245 0.0115242 0.0115233 0.00868067 0.0165023 0.00860565 0.00965225 0.0221048 0.00866345 0.0148189 0.00914204 0.0118831 0.0097959 0.00900216 0.00856868 0.012574 0.00887637 0.00866079 0.00937257 0.00843929 0.0119153 0.00866701 0.0139639 0.00856371 0.0127502 0.00858663 0.00782752 0.0351408 0.00635117 0.00885985 0.00619293 0.00432577 0.00401244 0.00419029 0.00376448 0.00379933 0.00378128 0.00374961 0 0.00383304 0.00918042 0.910225 0.0173639 0.00853915 0.00814893 0.00820791 0.0064217 0.00941481 0.0114129 0.0145288 0.00989065 0.0168225 0.00919209 0.00942929 0.0220535 0.00843295 
0.00996938 0.00858627 0.0115684 0.00866305 0.00890374 0.00907796 0.00916808 0.00926303 0.00864456 0.00961257 0.0290811 0.00939625 0.00926904 0.00879272 0.00886122 0.0100345 0.00824539 0.0109761 0.0513829 0.00860901 0.0132299 0.00841022 0.0102832 0.00871168 0.00875817 0.00856392 0.00894739 0.012999 0.00961652 0.00846981 0.00812865 0.0103603 0.00834163 0.0110051 0.00840347 0.0134388 0.00806896 0.00919336 0.0500533 0.00697584 0.0091181 0.00598028 0.00734267 0.00995933 0.00500346 0.00378442 0.0040194 0.00383863 0.00383175 0.00376679 0.00383304 0 0.921052 0.037784 0.0064438 0.00528291 0.00574071 0.00594862 0.00711372 0.0154755 0.0160589 0.00880722 0.00912157 0.00852866 0.0149055 0.0377175 0.00853314 0.0132883 
0.00846395 0.00913736 0.00920933 0.00961677 0.00984 0.00960866 0.011639 0.00990781 0.0142006 0.0156107 0.0138566 0.0106636 0.00994823 0.0100022 0.0105668 0.00915946 0.0100938 0.021826 0.0166951 0.0118527 0.0118392 0.0102937 0.00981764 0.00977227 0.0107966 0.010599 0.01704 0.0101931 0.00958543 0.00871059 0.00916933 0.00977846 0.0103374 0.010325 0.010603 0.0099012 0.0108734 0.0161645 0.0135905 0.00936926 0.00876992 0.00836328 0.0140589 0.00904867 0.00661341 0.00702201 0.0061314 0.00747107 0.0057451 0.00556062 0.00918042 0.921052 0 0.00380385 0.00376802 0.00377722 0.00380413 0.00393796 0.00512079 0.0104526 0.00958863 0.009173 0.00964741 0.0149641 0.513855 0.0163483 0.0115789 0.0230787 
0.0085018 0.00882489 0.00971872 0.0167284 0.0164933 0.0216039 0.0204373 0.0309936 0.0144933 0.0100991 0.0140531 0.0156471 0.0232525 0.0170563 0.0147073 0.0175933 0.0138078 0.0111514 0.0118601 0.0140223 0.0203489 0.0122138 0.0202229 0.01478 0.01414 0.0160222 0.00989712 0.00870548 0.0109345 0.00928131 0.0101874 0.0120873 0.0120164 0.0159233 0.0107666 0.0119584 0.0114315 0.0107039 0.0109546 0.0122889 0.00978359 0.0117322 0.0107114 0.0079479 0.00875677 0.00708474 0.00855934 0.00836818 0.0242006 0.0102348 0.910225 0.037784 0.00380385 0 0.00377522 0.0037615 0.00379383 0.00416406 0.00390393 0.00803341 0.0136458 0.0113113 0.0130224 0.717881 0.0284529 0.0136349 0.0198105 0.0126294 
0.00852714 0.00980758 0.0134487 0.019695 0.0376869 0.0507947 0.0631816 0.0507212 0.0140238 0.00942836 0.0115134 0.0221865 0.0369226 0.0491636 0.0363171 0.0415879 0.0130687 0.00979161 0.0104263 0.0164978 0.0202714 0.037763 0.0294131 0.0366798 0.0324508 0.0120559 0.0091951 0.0088763 0.00923496 0.0112154 0.0112868 0.0171899 0.0150166 0.0209282 0.017236 0.013769 0.0104827 0.00880025 0.00965702 0.0103731 0.0118308 0.013366 0.00989729 0.00755353 0.00794942 0.00876187 0.00892771 0.0130933 0.0173043 0.909875 0.0173639 0.0064438 0.00376802 0.00377522 0 0.00375519 0.00374593 0.00377762 0.0037869 0.00896139 0.012752 0.0135441 0.786847 0.0278255 0.0144491 0.0118103 0.0109322 0.0097793 
