1F3EA
RPRFSFSIAAREGKARTGTIEMKRGVIRTPAFMPVGTAATVKALKPETVRATGADIILGNTYHLMLRPGAERIAKLGGLHSFMGWDRPILTDSGGYQVMSLSSLTKQSEEGVTFKSHLDGSRHMLSPERSIEIQHLLGSDIVMAFDECTPYPATPSRAASSMERSMRWAKRSRDAFDSRKEQAENAALFGIQQGSVFENLRQQSADALAEIGFDGYAVGGLAVGEGQDEMFRVLDFSVPMLPDDKPHYLMGVGKPDDIVGAVERGIDMFDCVLPTRSGRNGQAFTWDGPINIRNARFSEDLKPLDSECHCAVCQKWSRAYIHHLIRAGEILGAMLMTEHNIAFYQQLMQKIRDSISEGRFSQFAQDFRARYF
CCCCEEEEEEEECCEEEEEEEECCEEEEECEEECEECCCCECCECHHHHHHCCCCCEEECHHHHHHCCCHHHHHHCCCHHHHHCCCCCEEECCCHHHHHHHCEEEEECCCCEEEECCCCCCEEEECHHHHHHHHHHHCCCEEECCCCCCCCCCCHHHHHHHHHHHHHHHHHHHHHHHCCHHHHHHCEEEEEECCCCCHHHHHHHHHHHHHHCCCEEEECCCCCCCCHHHHHHHHHHHHHHCCCCCCEEECCECCHHHHHHHHHCCCCEEECCHHHHHCCCCEECCCCCCEECCCHHHCCCCCCCCCCCCCHHHHHCCHHHHHHHHHCCCHHHHHHHHHHHHHHHHHHHHHHHHHHHCCCHHHHHHHHHHHHC
0 0 0 0 0 0 0 0 0 0 0 0 0 0 0 0 0 0 0 0 0 0 0 0 0 0 0 0 0 0 0 0 0 0 0 0 0 0 0 0 0 0 0 0 0 0 0 0 0 0 0 0 0 0 0 0 0 0 0 0 0 0 0 0 0 0 0 0 0 0 0 0 0 0 0 0 0 0 0 0 0 0 0 0 0 0 0 0 0 0 0 0 0 0 0 0 0 0 0 0 0 0 0 0 0 0 0 0 0 0 0 0 0 0 0 0 0 0 0 0 0 0 0 0 0 0 0 0 0 0 0 0 0 0 0 0 0 0 0 0 0 0 0 0 0 0 0 0 0 0 0 0 0 0 0 0 0 0 0 0 0 0 0 0 0 0 0 0 0 0 0 0 0 0 0 0 0 0 0 0 0 0 0 0 0 0 0 0 0 0 0 0 0 0 0 0 0 0 0 0 0 0 0 0 0 0 0 0 0 0 0 0 0 0 0 0 0 0 0 0 0 0 0 0 0 0 0 0 0 0 0 0 0 0 0 0 0 0 0 0 0 0 0 0 0 0 0 0 0 0 0 0 0 0 0 0 0 0 0 0 0 0 0 0 0 0 0 0 0 0 0 0 0 0 0 0 0 0 0 0 0 0 0 0 0 0 0 0 0 0 0 0 0 0 0 0 0 0 0 0 0 0 0 0 0 0 0 0 0 0 0 0 0 0 0 0 0 0 0 0 0 0 0 0 0 0 0 0 0 0 0 0 0 0 0 0 0 0 0 0 0 0 0 0 0 0 0 0 0 0 0 0 0 0 0 0 0 0 0 0 0 0 0 0 0 0 0 0 0 0 0 0 
0 0 0 0 0 0 0 0 0 0 0 0 0 0 0 0 0 0 0 0 0 0 0 0 0 0 0 0 0 0 0 0 0 0 0 0 0 0 0 0 0 0 0 0 0 0 0 0 0 0 0 0 0 0 0 0 0 0 0 0 0 0 0 0 0 0 0 0 0 0 0 0 0 0 0 0 0 0 0 0 0 0 0 0 0 0 0 0 0 0 0 0 0 0 0 0 0 0 0 0 0 0 0 0 0 0 0 0 0 0 0 0 0 0 0 0 0 0 0 0 0 0 0 0 0 0 0 0 0 0 0 0 0 0 0 0 0 0 0 0 0 0 0 0 0 0 0 0 0 0 0 0 0 0 0 0 0 0 0 0 0 0 0 0 0 0 0 0 0 0 0 0 0 0 0 0 0 0 0 0 0 0 0 0 0 0 0 0 0 0 0 0 0 0 0 0 0 0 0 0 0 0 0 0 0 0 0 0 0 0 0 0 0 0 0 0 0 0 0 0 0 0 0 0 0 0 0 0 0 0 0 0 0 0 0 0 0 0 0 0 0 0 0 0 0 0 0 0 0 0 0 0 0 0 0 0 0 0 0 0 0 0 0 0 0 0 0 0 0 0 0 0 0 0 0 0 0 0 0 0 0 0 0 0 0 0 0 0 0 0 0 0 0 0 0 0 0 0 0 0 0 0 0 0 0 0 0 0 0 0 0 0 0 0 0 0 0 0 0 0 0 0 0 0 0 0 0 0 0 0 0 0 0 0 0 0 0 0 0 0 0 0 0 0 0 0 0 0 0 0 0 0 0 0 0 0 0 0 0 0 0 0 0 0 0 0 0 0 0 0 0 0 
0 0.00380684 0.00395493 0.00380719 0.0042287 0.00384834 0.00628933 0.00765946 0.00721301 0.0080397 0.00871733 0.00735799 0.0179931 0.00789246 0.729598 0.149849 0.0106377 0.0184859 0.0081056 0.025382 0.0110471 0.0136852 0.0125283 0.0126536 0.0134064 0.0124686 0.0152935 0.0164406 0.0220632 0.00973406 0.0203973 0.0115849 0.00871367 0.0142105 0.00987089 0.00827308 0.00851944 0.00878941 0.0104088 0.00867071 0.00931217 0.00856167 0.0118852 0.00886783 0.00822791 0.00889847 0.00914166 0.00863544 0.00849033 0.0101842 0.00837299 0.00827606 0.00835714 0.00836039 0.00824598 0.00864113 0.00826119 0.00829553 0.0084304 0.00859951 0.00859355 0.00845434 0.00854458 0.00880909 0.00861504 0.00838608 0.00879704 0.00908187 0.00859482 0.00864253 0.0107219 
0.00380684 0 0.00380391 0.0039358 0.00378183 0.00423311 0.00429711 0.00416027 0.0075408 0.00706781 0.00713664 0.0128848 0.00741067 0.810765 0.0637244 0.0422376 0.0165993 0.00778858 0.0340813 0.00848198 0.0118694 0.00954015 0.0174838 0.0105001 0.0101516 0.0140925 0.0204035 0.0182952 0.0116067 0.0184595 0.0105146 0.00934927 0.0105008 0.00924833 0.00814128 0.00927899 0.00822248 0.00843884 0.00868149 0.00871551 0.00822194 0.0117117 0.00826937 0.00814109 0.0088336 0.00823046 0.00892087 0.00840422 0.0088166 0.00848238 0.00843108 0.00850689 0.00849578 0.00845176 0.00839698 0.00822929 0.00828088 0.00842168 0.00836623 0.0082954 0.0084152 0.00835073 0.00850823 0.00852755 0.00850793 0.00851329 0.00846678 0.00837474 0.00876696 0.00977832 0.00842311 
0.00395493 0.00380391 0 0.0037435 0.00382609 0.00378388 0.0038125 0.00384842 0.00590871 0.00697499 0.00861637 0.00695978 0.757002 0.0249466 0.0477519 0.00722675 0.00792143 0.0187889 0.00789589 0.0148335 0.00796634 0.0106187 0.012119 0.00889106 0.00881488 0.00828961 0.00863564 0.00875572 0.0118804 0.00882944 0.00932553 0.00901153 0.00844428 0.00901117 0.00862398 0.00813031 0.00863514 0.00834156 0.00831866 0.00824789 0.0095655 0.00839221 0.00874034 0.00822575 0.0082412 0.00869479 0.00824287 0.00832585 0.0084394 0.00836506 0.00820726 0.00832832 0.00859265 0.0085876 0.00824835 0.00816087 0.00819415 0.00835369 0.00832664 0.00817572 0.00829005 0.00837914 0.00831939 0.00822829 0.00845982 0.00839517 0.00844175 0.00840409 0.00838657 0.00854711 0.00877336 
0.00380719 0.0039358 0.0037435 0 0.00368997 0.00378315 0.00380372 0.00383265 0.0051465 0.00580698 0.0066632 0.663635 0.0689657 0.0447922 0.00664339 0.00739497 0.0114368 0.00776884 0.0179977 0.00795197 0.00984082 0.00846737 0.00981515 0.00911714 0.00858831 0.00883493 0.0120674 0.0100229 0.00937692 0.00980319 0.00923146 0.008679 0.00863398 0.00869708 0.00817068 0.00831866 0.0081917 0.00814807 0.00818036 0.00832848 0.00830441 0.00895581 0.00823763 0.00809123 0.00824106 0.00823576 0.00832285 0.00836979 0.00857365 0.0084722 0.00827296 0.00843671 0.00865198 0.00846636 0.00830479 0.00820347 0.0082368 0.00834084 0.00831276 0.00823368 0.00832347 0.00836272 0.00833743 0.00825574 0.00855297 0.00846702 0.00841627 0.00833074 0.00841977 0.00891185 0.0083849 
0.0042287 0.00378183 0.00382609 0.00368997 0 0.00374621 0.00381018 0.00379882 0.00441163 0.00665154 0.0913598 0.107833 0.0396689 0.00627266 0.00830317 0.00632042 0.0075662 0.0132088 0.00758177 0.0155858 0.00770868 0.00902287 0.00918129 0.00848928 0.00886058 0.0083141 0.00872088 0.00870588 0.0109026 0.00874047 0.00941828 0.00900656 0.00839052 0.00888253 0.00872343 0.00811554 0.00854216 0.00832044 0.00818974 0.00824134 0.00882963 0.0082769 0.00850624 0.00819193 0.00819858 0.0086973 0.00823569 0.00832941 0.00847029 0.00848491 0.00829181 0.00834638 0.00832205 0.00830587 0.00824383 0.00816561 0.00823112 0.00833758 0.00833002 0.00818571 0.00832373 0.00833643 0.00828753 0.00820323 0.00846463 0.00838761 0.00838 0.00838634 0.00840373 0.0085205 0.00872831 
0.00384834 0.00423311 0.00378388 0.00378315 0.00374621 0 0.0037611 0.00375753 0.00479055 0.0438347 0.675815 0.0465987 0.0055661 0.0103844 0.0060324 0.00756855 0.0103663 0.00741344 0.0232207 0.00773272 0.00944709 0.00828601 0.00958033 0.00943375 0.00851257 0.00884001 0.0125658 0.0105429 0.00952493 0.00924587 0.00947475 0.0087676 0.00862218 0.00866617 0.00821364 0.00831935 0.0082129 0.00814279 0.00820899 0.00827435 0.00824494 0.00890815 0.00822124 0.00810986 0.00827308 0.00814943 0.00830939 0.00827914 0.00839404 0.00830931 0.00824459 0.00838111 0.00830755 0.00838236 0.00830708 0.008172 0.00821465 0.00836369 0.00833401 0.00819428 0.00832506 0.00836547 0.00831458 0.00825516 0.00851721 0.00841152 0.00843391 0.00833036 0.00840928 0.00884577 0.00840577 
0.00628933 0.00429711 0.0038125 0.00380372 0.00381018 0.0037611 0 0.00387142 0.0140353 0.928072 0.014457 0.0046668 0.00656574 0.0061145 0.00686054 0.00593949 0.00768451 0.0179937 0.00753797 0.0122817 0.00734556 0.00847119 0.0129388 0.00815021 0.00936207 0.00868396 0.00977365 0.00927363 0.0102699 0.010516 0.00891097 0.00923981 0.009078 0.00851303 0.00848503 0.00826674 0.00815586 0.00817586 0.00812802 0.00861377 0.0086032 0.00821329 0.00816312 0.00842935 0.00816225 0.00819287 0.00817552 0.00833948 0.00829792 0.00823454 0.0083437 0.00829404 0.0082447 0.00828862 0.0082077 0.00814358 0.00815248 0.00837624 0.00823287 0.0081166 0.00825789 0.00824121 0.00819529 0.008186 0.00836439 0.00843577 0.00834946 0.0083258 0.00839755 0.00842291 0.00846521 
0.00765946 0.00416027 0.00384842 0.00383265 0.00379882 0.00375753 0.00387142 0 0.972573 0.00468253 0.00397581 0.00411953 0.00415763 0.00532109 0.00539063 0.00582817 0.0145375 0.00773016 0.00762045 0.0070744 0.00724895 0.0108687 0.0087359 0.00884057 0.011994 0.00996717 0.0146426 0.0144443 0.0138124 0.00862453 0.0103388 0.0128277 0.00837336 0.00985822 0.0098919 0.00828823 0.00822358 0.0081236 0.00825781 0.0106892 0.00829778 0.00820368 0.00830249 0.00886294 0.00825045 0.00816228 0.00834806 0.00890886 0.00823614 0.00833113 0.0086749 0.00822121 0.00823046 0.00824211 0.00816542 0.00821135 0.00824721 0.00828568 0.00821816 0.00820661 0.00833658 0.00823778 0.00827707 0.00838825 0.00840307 0.00834494 0.00831347 0.00832218 0.00840041 0.00867055 0.00846421 
0.00721301 0.0075408 0.00590871 0.0051465 0.00441163 0.00479055 0.0140353 0.972573 0 0.00380815 0.00379959 0.0038119 0.00383057 0.00424566 0.0039566 0.00786453 0.00709482 0.0065396 0.00756975 0.00856992 0.0109593 0.00829335 0.0147063 0.0884862 0.00995355 0.0186641 0.0335299 0.0331786 0.0218469 0.0107046 0.0253694 0.0112022 0.00888575 0.0163119 0.00849639 0.00834555 0.00822666 0.00854144 0.0108578 0.008934 0.00882899 0.00922345 0.0108392 0.008382 0.00816457 0.00835478 0.0102523 0.00894923 0.00835608 0.00952095 0.00830293 0.00819799 0.00834691 0.00826372 0.00819398 0.00830654 0.00819532 0.00825249 0.00827561 0.00845811 0.00829197 0.00828144 0.00840144 0.0084476 0.00841478 0.0083374 0.00842032 0.00829053 0.00849026 0.00890432 0.00878624 
0.0080397 0.00706781 0.00697499 0.00580698 0.00665154 0.0438347 0.928072 0.00468253 0.00380815 0 0.00378752 0.00374702 0.00380639 0.00383795 0.00442361 0.00397593 0.00585257 0.00749715 0.00688501 0.0119926 0.00741131 0.020404 0.078705 0.011585 0.0106993 0.00952188 0.0103052 0.0110704 0.0156982 0.0251086 0.0110593 0.0103863 0.0117011 0.00981075 0.00843051 0.00824559 0.00828815 0.00832039 0.00824278 0.00843233 0.00965516 0.008702 0.00876951 0.00813185 0.00826517 0.00845783 0.00837224 0.00854651 0.0093324 0.00891667 0.00814081 0.00852244 0.00852808 0.00859267 0.00839171 0.00820603 0.00818292 0.00838624 0.00837782 0.00830368 0.00823196 0.00837911 0.00830424 0.00819769 0.00842869 0.00861385 0.00836293 0.00832981 0.00841653 0.00845811 0.00853301 
0.00871733 0.00713664 0.00861637 0.0066632 0.0913598 0.675815 0.014457 0.00397581 0.00379959 0.00378752 0 0.00374576 0.00378645 0.00373913 0.00378382 0.00378206 0.00544454 0.00722099 0.00729376 0.00798629 0.0144732 0.0556835 0.0111667 0.00807603 0.00806804 0.00847673 0.00895014 0.00909504 0.0138446 0.0108613 0.0119446 0.0102975 0.0092699 0.00987077 0.00850208 0.00828266 0.00883728 0.00826101 0.00829402 0.00877388 0.00888462 0.00891904 0.00855065 0.00818499 0.00834808 0.00871157 0.00845797 0.00882973 0.00886172 0.00888009 0.0083211 0.00862165 0.00917391 0.00890067 0.00845015 0.00821473 0.00824857 0.00849316 0.00838334 0.00817473 0.00830773 0.00832648 0.0082777 0.00822962 0.00850677 0.00841273 0.00841242 0.0083175 0.00836051 0.00854322 0.00841656 
0.00735799 0.0128848 0.00695978 0.663635 0.107833 0.0465987 0.0046668 0.00411953 0.0038119 0.00374702 0.00374576 0 0.00376615 0.00433788 0.00380862 0.00391 0.00606083 0.00518463 0.0158724 0.00866064 0.827568 0.00866771 0.00931452 0.00843375 0.00807148 0.00868646 0.0110061 0.0115843 0.0121367 0.013322 0.0109287 0.00946785 0.0102146 0.00975532 0.00828501 0.00874912 0.00834546 0.0082947 0.00857655 0.0088454 0.0086441 0.0112888 0.00840265 0.00816864 0.0085947 0.00848931 0.00899853 0.00900071 0.00944121 0.00912952 0.00829497 0.00881438 0.00883691 0.00893856 0.00848936 0.00826748 0.00830179 0.00840247 0.00835463 0.00824953 0.00828925 0.00838996 0.00831057 0.00824761 0.00851348 0.00847057 0.00841357 0.00830274 0.0083859 0.00882778 0.00836193 
0.0179931 0.00741067 0.757002 0.0689657 0.0396689 0.0055661 0.00656574 0.00415763 0.00383057 0.00380639 0.00378645 0.00376615 0 0.00368202 0.0039422 0.00377026 0.00406367 0.0187285 0.00741342 0.950775 0.00688048 0.00740247 0.0100176 0.0079513 0.00852437 0.00820992 0.00836834 0.00826043 0.0133872 0.0100612 0.0106652 0.00959751 0.00880333 0.00933553 0.00948548 0.00815857 0.00918749 0.0089027 0.00828198 0.00839325 0.0113969 0.00845052 0.00938161 0.00847784 0.00825025 0.0101222 0.00829867 0.00858566 0.00875458 0.00887603 0.00830333 0.00851369 0.00861833 0.0087013 0.00830347 0.00819859 0.00820105 0.00838203 0.00838437 0.00815914 0.00830985 0.0083376 0.00828287 0.00818223 0.00848475 0.00847704 0.00846366 0.00843928 0.00839898 0.00837584 0.00895582 
0.00789246 0.810765 0.0249466 0.0447922 0.00627266 0.0103844 0.0061145 0.00532109 0.00424566 0.00383795 0.00373913 0.00433788 0.00368202 0 0.00374148 0.00379676 0.00756841 0.00544331 0.955536 0.00726484 0.00646261 0.00649416 0.00733167 0.0132982 0.00717561 0.00865297 0.0123653 0.011424 0.0103407 0.0116127 0.0103031 0.00907983 0.00935122 0.00924875 0.00817561 0.00909327 0.00844694 0.00822948 0.00841746 0.00860779 0.00839965 0.012012 0.00832991 0.00812637 0.00855883 0.00826695 0.00866941 0.00864775 0.00885567 0.00872946 0.00832182 0.00858393 0.00868228 0.00865703 0.00848699 0.00822311 0.00826214 0.00842307 0.00840008 0.00830212 0.00831991 0.00838907 0.00839833 0.00831035 0.008477 0.00864986 0.00841441 0.00833457 0.00845812 0.00920258 0.00837803 
0.729598 0.0637244 0.0477519 0.00664339 0.00830317 0.0060324 0.00686054 0.00539063 0.0039566 0.00442361 0.00378382 0.00380862 0.0039422 0.00374148 0 0.00375945 0.00533075 0.981371 0.00423125 0.00656549 0.00482599 0.00634454 0.00765699 0.00681632 0.00779262 0.00800116 0.00862364 0.00907134 0.013277 0.0141724 0.0110661 0.0106265 0.0104152 0.010201 0.0100819 0.00825145 0.00871049 0.00882376 0.0082245 0.0087864 0.0115508 0.00830094 0.00883353 0.00842727 0.00824776 0.00964652 0.00826788 0.00865231 0.00925613 0.00855418 0.00837774 0.00842339 0.00839753 0.0085155 0.00831802 0.00823059 0.00815146 0.00839436 0.00830373 0.00812729 0.00824743 0.00830207 0.00819401 0.00818605 0.00833946 0.00840619 0.0083545 0.00839421 0.00836536 0.00838761 0.00884343 
0.149849 0.0422376 0.00722675 0.00739497 0.00632042 0.00756855 0.00593949 0.00582817 0.00786453 0.00397593 0.00378206 0.00391 0.00377026 0.00379676 0.00375945 0 0.989294 0.0040884 0.00433293 0.0039373 0.0043541 0.00583228 0.00639449 0.00617973 0.00888087 0.00828322 0.0198281 0.0241487 0.0172487 0.0103027 0.0142043 0.0153115 0.00936604 0.011916 0.00983751 0.00870878 0.00821998 0.00816774 0.00894398 0.0131624 0.00832028 0.00940504 0.00835883 0.00879597 0.00832744 0.00819105 0.0093283 0.00958237 0.00837308 0.00885878 0.00869151 0.00827367 0.00824648 0.00830202 0.00816425 0.00828578 0.00829951 0.0082949 0.00824225 0.00835559 0.00837945 0.00825579 0.00831013 0.00869445 0.00848786 0.00836203 0.00834662 0.00827953 0.00844349 0.00932579 0.00837903 
0.0106377 0.0165993 0.00792143 0.0114368 0.0075662 0.0103663 0.00768451 0.0145375 0.00709482 0.00585257 0.00544454 0.00606083 0.00406367 0.00756841 0.00533075 0.989294 0 0.00380127 0.00385168 0.00387728 0.00505018 0.00397406 0.00442407 0.0065884 0.00632805 0.0143153 0.0251123 0.0288913 0.0283052 0.0117886 0.0278401 0.0129765 0.00948627 0.0171173 0.00867019 0.00876395 0.00830485 0.00879543 0.0129935 0.00961864 0.00842463 0.0106207 0.0105461 0.00846492 0.00859979 0.00836471 0.0131883 0.00918012 0.00852152 0.0105468 0.00841402 0.00819874 0.00828787 0.00826509 0.00828031 0.00829048 0.00836115 0.00820942 0.0082188 0.00839056 0.00825433 0.00827424 0.00838221 0.0085341 0.00839817 0.00833138 0.00834621 0.0082531 0.00853872 0.00944856 0.00853685 
0.0184859 0.00778858 0.0187889 0.00776884 0.0132088 0.00741344 0.0179937 0.00773016 0.0065396 0.00749715 0.00722099 0.00518463 0.0187285 0.00544331 0.981371 0.0040884 0.00380127 0 0.00375595 0.00384319 0.00377568 0.00381916 0.00475876 0.00409898 0.00990529 0.00710394 0.00795571 0.00862315 0.0170577 0.0173442 0.0106297 0.0108806 0.00993351 0.0105062 0.00887576 0.00824353 0.00871254 0.00942329 0.00852619 0.00840281 0.0117688 0.00864647 0.0098192 0.0082478 0.00823575 0.0100132 0.00828307 0.00858826 0.00893396 0.00857956 0.00814186 0.00840859 0.00843513 0.0085637 0.00837986 0.00820238 0.0081613 0.0083968 0.00841212 0.008246 0.00822065 0.00840934 0.00828002 0.00823767 0.00839843 0.00850472 0.00842511 0.00837109 0.00839965 0.0084909 0.00888799 
0.0081056 0.0340813 0.00789589 0.0179977 0.00758177 0.0232207 0.00753797 0.00762045 0.00756975 0.00688501 0.00729376 0.0158724 0.00741342 0.955536 0.00423125 0.00433293 0.00385168 0.00375595 0 0.0037475 0.00376522 0.00389992 0.00412068 0.00520655 0.00503932 0.0069125 0.00905416 0.00872518 0.0112447 0.0190106 0.011425 0.00946818 0.0101049 0.00981349 0.00825287 0.00907813 0.00846338 0.00825837 0.00832686 0.0086369 0.00856486 0.0118776 0.00836531 0.00815464 0.00851239 0.00830438 0.00929229 0.00882108 0.00889035 0.00887447 0.00835909 0.00864184 0.00887008 0.00870251 0.00860319 0.00827727 0.00825446 0.0084655 0.00841383 0.00824639 0.00829939 0.00836816 0.00837434 0.00828917 0.00850423 0.0084413 0.00839766 0.00828466 0.00838304 0.00894845 0.00834758 
0.025382 0.00848198 0.0148335 0.00795197 0.0155858 0.00773272 0.0122817 0.0070744 0.00856992 0.0119926 0.00798629 0.00866064 0.950775 0.00726484 0.00656549 0.0039373 0.00387728 0.00384319 0.0037475 0 0.0037653 0.00378879 0.00411346 0.00376286 0.00425456 0.00604836 0.00721146 0.00764504 0.0170374 0.0181666 0.0152258 0.0121413 0.0129089 0.0118205 0.00920939 0.00845646 0.00854553 0.00866873 0.00827025 0.00926993 0.0123671 0.00860191 0.00873571 0.00855034 0.00836386 0.00973056 0.00853006 0.00909988 0.00985345 0.0087664 0.00846666 0.00849307 0.00853689 0.00883179 0.00837478 0.00819991 0.00820043 0.00839585 0.0084073 0.00814988 0.0082333 0.00828864 0.00816999 0.00819894 0.00832658 0.00840208 0.00829736 0.00830765 0.0083141 0.00836228 0.00848747 
0.0110471 0.0118694 0.00796634 0.00984082 0.00770868 0.00944709 0.00734556 0.00724895 0.0109593 0.00741131 0.0144732 0.827568 0.00688048 0.00646261 0.00482599 0.0043541 0.00505018 0.00377568 0.00376522 0.0037653 0 0.00380457 0.00379738 0.00383746 0.00419776 0.00475297 0.00850719 0.00875315 0.0165887 0.00940602 0.0126866 0.0129646 0.00961116 0.0113751 0.00943556 0.00833095 0.0082339 0.00814645 0.00826387 0.0103548 0.00837493 0.00911058 0.00849243 0.00847306 0.00829204 0.00820671 0.00878593 0.0099927 0.00897227 0.0102001 0.0085252 0.0083615 0.00833419 0.00851859 0.00821123 0.00825876 0.00829561 0.00827441 0.00828084 0.00828274 0.00829211 0.00824405 0.0082454 0.00825074 0.00858503 0.00834198 0.00829916 0.00825801 0.00836396 0.0085354 0.00835566 
0.0136852 0.00954015 0.0106187 0.00846737 0.00902287 0.00828601 0.00847119 0.0108687 0.00829335 0.020404 0.0556835 0.00866771 0.00740247 0.00649416 0.00634454 0.00583228 0.00397406 0.00381916 0.00389992 0.00378879 0.00380457 0 0.00383556 0.00375457 0.00381563 0.00492247 0.00809979 0.00941424 0.0347353 0.0122728 0.0386755 0.0139828 0.0100758 0.0207285 0.00903996 0.00847458 0.0086793 0.00843656 0.0100388 0.00946187 0.0105625 0.00979892 0.0120927 0.00841569 0.00873758 0.00911265 0.0111233 0.0100596 0.00999191 0.0126013 0.00866732 0.00860102 0.00922762 0.0111215 0.0084493 0.00847785 0.00818731 0.0083736 0.00830308 0.00844053 0.00821292 0.00819277 0.0082886 0.00818852 0.00853483 0.00832512 0.0083494 0.00818169 0.00834701 0.0082886 0.00846216 
0.0125283 0.0174838 0.012119 0.00981515 0.00918129 0.00958033 0.0129388 0.0087359 0.0147063 0.078705 0.0111667 0.00931452 0.0100176 0.00733167 0.00765699 0.00639449 0.00442407 0.00475876 0.00412068 0.00411346 0.00379738 0.00383556 0 0.00377892 0.00382895 0.0046971 0.00890535 0.0130947 0.0276756 0.228147 0.0179183 0.0124853 0.0571448 0.0131884 0.00888073 0.00887245 0.00842974 0.00924207 0.00833316 0.00990614 0.0123365 0.0130235 0.00910855 0.00824759 0.00882941 0.0100734 0.00887697 0.0098441 0.0172762 0.010582 0.00839188 0.00908556 0.00906086 0.00886997 0.0090318 0.0084046 0.00820315 0.00841451 0.00882083 0.00854137 0.00820558 0.0085015 0.00831188 0.00820404 0.00835504 0.00871891 0.00834888 0.00833359 0.00858019 0.00838913 0.0086122 
0.0126536 0.0105001 0.00889106 0.00911714 0.00848928 0.00943375 0.00815021 0.00884057 0.0884862 0.011585 0.00807603 0.00843375 0.0079513 0.0132982 0.00681632 0.00617973 0.0065884 0.00409898 0.00520655 0.00376286 0.00383746 0.00375457 0.00377892 0 0.0037849 0.00383811 0.00675357 0.00735062 0.0735598 0.0114425 0.0326104 0.0186061 0.00954456 0.0195716 0.0100007 0.00831935 0.00852221 0.00824648 0.00839447 0.010713 0.00951349 0.00950044 0.00863974 0.00836952 0.00846907 0.00872234 0.00955488 0.0108208 0.0090139 0.0108751 0.00876561 0.00857789 0.0091916 0.00890338 0.00836065 0.00833521 0.00839242 0.00834726 0.00845046 0.00835513 0.00830208 0.00825624 0.00823668 0.00823618 0.00879247 0.00848987 0.00826637 0.00822825 0.00835446 0.00836244 0.00830177 
0.0134064 0.0101516 0.00881488 0.00858831 0.00886058 0.00851257 0.00936207 0.011994 0.00995355 0.0106993 0.00806804 0.00807148 0.00852437 0.00717561 0.00779262 0.00888087 0.00632805 0.00990529 0.00503932 0.00425456 0.00419776 0.00381563 0.00382895 0.0037849 0 0.00439888 0.0129749 0.0673458 0.015943 0.0708084 0.0277701 0.0122754 0.0135533 0.018911 0.00878932 0.00828422 0.00820295 0.00851724 0.00897358 0.00971931 0.0101487 0.00963938 0.01061 0.00843323 0.00836898 0.00884791 0.0112922 0.00958011 0.00984405 0.0109233 0.00894991 0.00836216 0.00870899 0.00878052 0.00826337 0.00862881 0.00817945 0.00827553 0.00823038 0.00831281 0.00811471 0.0081391 0.00815729 0.00812519 0.00820427 0.00823371 0.00818935 0.00812978 0.0082395 0.00825562 0.00826074 
0.0124686 0.0140925 0.00828961 0.00883493 0.0083141 0.00884001 0.00868396 0.00996717 0.0186641 0.00952188 0.00847673 0.00868646 0.00820992 0.00865297 0.00800116 0.00828322 0.0143153 0.00710394 0.0069125 0.00604836 0.00475297 0.00492247 0.0046971 0.00383811 0.00439888 0 0.545476 0.0179768 0.0305452 0.0276796 0.024082 0.014094 0.0129677 0.0137219 0.00971274 0.00834715 0.00813546 0.00818014 0.00859674 0.0109423 0.00846894 0.00877326 0.00863532 0.00883434 0.00835173 0.00821473 0.00913099 0.00990132 0.00888456 0.00897225 0.00868691 0.0083022 0.00822925 0.00825148 0.00820731 0.00828547 0.00827987 0.00825501 0.00830868 0.00833752 0.00819991 0.00825047 0.00822734 0.00829141 0.00833504 0.00845558 0.00829755 0.00825379 0.00837685 0.00872226 0.00847179 
0.0152935 0.0204035 0.00863564 0.0120674 0.00872088 0.0125658 0.00977365 0.0146426 0.0335299 0.0103052 0.00895014 0.0110061 0.00836834 0.0123653 0.00862364 0.0198281 0.0251123 0.00795571 0.00905416 0.00721146 0.00850719 0.00809979 0.00890535 0.00675357 0.0129749 0.545476 0 0.778342 0.0323658 0.0302679 0.0284452 0.0232673 0.0139508 0.0185039 0.0134566 0.0103253 0.00873906 0.00882775 0.0141944 0.0181477 0.00867006 0.0117911 0.0103193 0.0115282 0.00936442 0.00825043 0.0144029 0.012234 0.00918721 0.0100001 0.0101554 0.00832012 0.00833146 0.00824218 0.00813776 0.00891695 0.00950716 0.00840635 0.0081682 0.00887157 0.00897767 0.00826219 0.00865194 0.0112969 0.00893407 0.00840826 0.00842238 0.00858716 0.00899464 0.0121096 0.00872298 
0.0164406 0.0182952 0.00875572 0.0100229 0.00870588 0.0105429 0.00927363 0.0144443 0.0331786 0.0110704 0.00909504 0.0115843 0.00826043 0.011424 0.00907134 0.0241487 0.0288913 0.00862315 0.00872518 0.00764504 0.00875315 0.00941424 0.0130947 0.00735062 0.0673458 0.0179768 0.778342 0 0.0219394 0.0180484 0.0445278 0.0217618 0.0137913 0.0160297 0.0166821 0.00940662 0.00859488 0.00879972 0.0131807 0.0161397 0.00897423 0.00982034 0.0117605 0.0119761 0.00960375 0.00825819 0.0141095 0.0119956 0.00870448 0.0121006 0.010767 0.00825817 0.00824745 0.00846246 0.00819514 0.00900194 0.00938591 0.00827808 0.00817405 0.00878471 0.00911749 0.00824835 0.00866067 0.011322 0.00887495 0.00838734 0.00857303 0.0090919 0.00882123 0.0101608 0.00971007 
0.0220632 0.0116067 0.0118804 0.00937692 0.0109026 0.00952493 0.0102699 0.0138124 0.0218469 0.0156982 0.0138446 0.0121367 0.0133872 0.0103407 0.013277 0.0172487 0.0283052 0.0170577 0.0112447 0.0170374 0.0165887 0.0347353 0.0276756 0.0735598 0.015943 0.0305452 0.0323658 0.0219394 0 0.00400944 0.0038815 0.579697 0.0214783 0.0559741 0.0120097 0.00915772 0.00939923 0.00976847 0.015822 0.0159887 0.0143646 0.0119947 0.0214646 0.00991337 0.00956772 0.0103621 0.0204524 0.0202833 0.0133277 0.0210644 0.00914061 0.00931651 0.0101379 0.00971545 0.00891258 0.00912326 0.00849671 0.00863292 0.00868487 0.00921401 0.00837188 0.00835943 0.00843377 0.00844456 0.00868684 0.00868943 0.00845271 0.008185 0.00853445 0.00836241 0.00887497 
0.00973406 0.0184595 0.00882944 0.00980319 0.00874047 0.00924587 0.010516 0.00862453 0.0107046 0.0251086 0.0108613 0.013322 0.0100612 0.0116127 0.0141724 0.0103027 0.0117886 0.0173442 0.0190106 0.0181666 0.00940602 0.0122728 0.228147 0.0114425 0.0708084 0.0276796 0.0302679 0.0180484 0.00400944 0 0.00400609 0.0232373 0.796732 0.0174683 0.00981738 0.0109815 0.00866219 0.0114421 0.00873179 0.0110978 0.0147026 0.0239248 0.00971688 0.00844342 0.00980652 0.0138493 0.0103474 0.0120824 0.0360432 0.0119793 0.00893573 0.0100662 0.00984932 0.01032 0.00985745 0.00853814 0.00846432 0.00882632 0.00912481 0.00872037 0.00823808 0.00884172 0.00838726 0.00822279 0.00865216 0.00882455 0.00832945 0.00838806 0.0086154 0.00831867 0.00862235 
0.0203973 0.0105146 0.00932553 0.00923146 0.00941828 0.00947475 0.00891097 0.0103388 0.0253694 0.0110593 0.0119446 0.0109287 0.0106652 0.0103031 0.0110661 0.0142043 0.0278401 0.0106297 0.011425 0.0152258 0.0126866 0.0386755 0.0179183 0.0326104 0.0277701 0.024082 0.0284452 0.0445278 0.0038815 0.00400609 0 0.0392407 0.019358 0.662915 0.0189736 0.0100398 0.00887077 0.0090116 0.0119583 0.0219752 0.0108039 0.0126075 0.0155282 0.012334 0.00899177 0.00917536 0.0168329 0.0195573 0.0113843 0.0223631 0.0120108 0.00892176 0.00933913 0.00987744 0.00939739 0.00941793 0.00948957 0.00886731 0.00845061 0.00896657 0.00873714 0.00831586 0.00832362 0.00861738 0.00961813 0.00838099 0.008293 0.0083661 0.00836032 0.00843745 0.00871955 
0.0115849 0.00934927 0.00901153 0.008679 0.00900656 0.0087676 0.00923981 0.0128277 0.0112022 0.0103863 0.0102975 0.00946785 0.00959751 0.00907983 0.0106265 0.0153115 0.0129765 0.0108806 0.00946818 0.0121413 0.0129646 0.0139828 0.0124853 0.0186061 0.0122754 0.014094 0.0232673 0.0217618 0.579697 0.0232373 0.0392407 0 0.00384894 0.00395547 0.0176226 0.00912432 0.0256053 0.020322 0.053398 0.0170287 0.0170947 0.0131011 0.0296367 0.0149147 0.0109401 0.0122124 0.0247373 0.0315832 0.0139022 0.0291487 0.0107655 0.00952548 0.0100309 0.0107221 0.00926684 0.0126805 0.00892949 0.0086777 0.00916948 0.0104716 0.0085089 0.00818645 0.00891552 0.00844141 0.00883892 0.0082906 0.00846569 0.00808735 0.00827952 0.00837951 0.00847637 
0.00871367 0.0105008 0.00844428 0.00863398 0.00839052 0.00862218 0.009078 0.00837336 0.00888575 0.0117011 0.0092699 0.0102146 0.00880333 0.00935122 0.0104152 0.00936604 0.00948627 0.00993351 0.0101049 0.0129089 0.00961116 0.0100758 0.0571448 0.00954456 0.0135533 0.0129677 0.0139508 0.0137913 0.0214783 0.796732 0.019358 0.00384894 0 0.0041832 0.0099198 0.074542 0.0105258 0.0498357 0.0091188 0.013625 0.0187654 0.0560247 0.0104346 0.00887778 0.0176553 0.0222759 0.0120901 0.0131499 0.111952 0.0148146 0.0094497 0.0119782 0.0107397 0.0112375 0.0140663 0.00926382 0.00869784 0.00915193 0.0102735 0.00904766 0.00825706 0.00905577 0.00851934 0.00815246 0.00842999 0.00893871 0.00834733 0.00828398 0.00847004 0.00824579 0.00845199 
0.0142105 0.00924833 0.00901117 0.00869708 0.00888253 0.00866617 0.00851303 0.00985822 0.0163119 0.00981075 0.00987077 0.00975532 0.00933553 0.00924875 0.010201 0.011916 0.0171173 0.0105062 0.00981349 0.0118205 0.0113751 0.0207285 0.0131884 0.0195716 0.018911 0.0137219 0.0185039 0.0160297 0.0559741 0.0174683 0.662915 0.00395547 0.0041832 0 0.0412901 0.0112783 0.0115833 0.0118271 0.0335899 0.0218354 0.0182922 0.0170683 0.0365164 0.0221446 0.0105254 0.0139278 0.0355224 0.0240454 0.0148812 0.0656994 0.0145568 0.00974343 0.0104085 0.010467 0.00980143 0.011651 0.0112058 0.0095051 0.008858 0.0105158 0.00941329 0.00846627 0.00865203 0.00915848 0.00924792 0.00847713 0.00846603 0.00850764 0.00848792 0.00845859 0.00865851 
0.00987089 0.00814128 0.00862398 0.00817068 0.00872343 0.00821364 0.00848503 0.0098919 0.00849639 0.00843051 0.00850208 0.00828501 0.00948548 0.00817561 0.0100819 0.00983751 0.00867019 0.00887576 0.00825287 0.00920939 0.00943556 0.00903996 0.00888073 0.0100007 0.00878932 0.00971274 0.0134566 0.0166821 0.0120097 0.00981738 0.0189736 0.0176226 0.0099198 0.0412901 0 0.0044501 0.00379929 0.00424137 0.00624914 0.00522414 0.00744753 0.00705146 0.54133 0.0140327 0.00845358 0.00998593 0.0255161 0.011783 0.00955435 0.0185743 0.00916865 0.00838681 0.00878138 0.00864521 0.00851909 0.00921048 0.0082744 0.00839563 0.00831219 0.00897614 0.00830173 0.00812873 0.00858753 0.00844336 0.00834738 0.00812544 0.00841322 0.00822887 0.008481 0.00834396 0.00883784 
0.00827308 0.00927899 0.00813031 0.00831866 0.00811554 0.00831935 0.00826674 0.00828823 0.00834555 0.00824559 0.00828266 0.00874912 0.00815857 0.00909327 0.00825145 0.00870878 0.00876395 0.00824353 0.00907813 0.00845646 0.00833095 0.00847458 0.00887245 0.00831935 0.00828422 0.00834715 0.0103253 0.00940662 0.00915772 0.0109815 0.0100398 0.00912432 0.074542 0.0112783 0.0044501 0 0.00381902 0.00382764 0.00384801 0.0050841 0.00641703 0.128001 0.0476042 0.00765379 0.00879913 0.00887553 0.00890815 0.0100009 0.0108552 0.00939347 0.00864656 0.00848329 0.00875066 0.00884538 0.00869217 0.00824355 0.00812484 0.00826545 0.00830951 0.00825854 0.00809552 0.00840387 0.00819177 0.00809519 0.00824337 0.0083784 0.00820254 0.00816479 0.00821814 0.00845752 0.00817684 
0.00851944 0.00822248 0.00863514 0.0081917 0.00854216 0.0082129 0.00815586 0.00822358 0.00822666 0.00828815 0.00883728 0.00834546 0.00918749 0.00844694 0.00871049 0.00821998 0.00830485 0.00871254 0.00846338 0.00854553 0.0082339 0.0086793 0.00842974 0.00852221 0.00820295 0.00813546 0.00873906 0.00859488 0.00939923 0.00866219 0.00887077 0.0256053 0.0105258 0.0115833 0.00379929 0.00381902 0 0.00379317 0.00378119 0.00475754 0.022266 0.139148 0.00770159 0.0077105 0.0079777 0.00923323 0.00753674 0.0104727 0.00872024 0.00929338 0.00854488 0.00885679 0.00905284 0.0097286 0.00841465 0.00824686 0.00820687 0.00831425 0.00836102 0.00817513 0.00815043 0.00824458 0.00817847 0.00812334 0.00829858 0.008251 0.00816484 0.00815819 0.0081596 0.00827474 0.00823578 
0.00878941 0.00843884 0.00834156 0.00814807 0.00832044 0.00814279 0.00817586 0.0081236 0.00854144 0.00832039 0.00826101 0.0082947 0.0089027 0.00822948 0.00882376 0.00816774 0.00879543 0.00942329 0.00825837 0.00866873 0.00814645 0.00843656 0.00924207 0.00824648 0.00851724 0.00818014 0.00882775 0.00879972 0.00976847 0.0114421 0.0090116 0.020322 0.0498357 0.0118271 0.00424137 0.00382764 0.00379317 0 0.00400794 0.0116896 0.863679 0.00850821 0.00591993 0.00874941 0.010756 0.00810169 0.0082967 0.00943772 0.0193831 0.0089578 0.00920037 0.00889883 0.00863383 0.00876696 0.00844221 0.0082319 0.00822407 0.00838314 0.00828172 0.00822934 0.00817591 0.00827828 0.00824708 0.00810077 0.00819208 0.00842215 0.00819855 0.00819793 0.00819225 0.00821691 0.00822997 
0.0104088 0.00868149 0.00831866 0.00818036 0.00818974 0.00820899 0.00812802 0.00825781 0.0108578 0.00824278 0.00829402 0.00857655 0.00828198 0.00841746 0.0082245 0.00894398 0.0129935 0.00852619 0.00832686 0.00827025 0.00826387 0.0100388 0.00833316 0.00839447 0.00897358 0.00859674 0.0141944 0.0131807 0.015822 0.00873179 0.0119583 0.053398 0.0091188 0.0335899 0.00624914 0.00384801 0.00378119 0.00400794 0 0.920646 0.00639042 0.00508886 0.00525137 0.0124716 0.00757456 0.00783885 0.00866611 0.0226612 0.00919142 0.0117253 0.0121276 0.00845821 0.00844134 0.00840434 0.00827446 0.00851021 0.00949155 0.00856803 0.00817983 0.0083215 0.00868309 0.0081442 0.00814791 0.0084252 0.00834689 0.00817266 0.00821471 0.00818918 0.00823108 0.00854191 0.00814906 
0.00867071 0.00871551 0.00824789 0.00832848 0.00824134 0.00827435 0.00861377 0.0106892 0.008934 0.00843233 0.00877388 0.0088454 0.00839325 0.00860779 0.0087864 0.0131624 0.00961864 0.00840281 0.0086369 0.00926993 0.0103548 0.00946187 0.00990614 0.010713 0.00971931 0.0109423 0.0181477 0.0161397 0.0159887 0.0110978 0.0219752 0.0170287 0.013625 0.0218354 0.00522414 0.0050841 0.00475754 0.0116896 0.920646 0 0.00382752 0.00385937 0.00426081 0.00675098 0.00706928 0.00863566 0.954039 0.0176708 0.0136931 0.031915 0.0107892 0.00961214 0.0107444 0.0103799 0.010293 0.0121864 0.00888619 0.00871802 0.00914954 0.0107784 0.00831823 0.00833802 0.00893461 0.00855897 0.00856416 0.0082706 0.00838798 0.00805991 0.0082186 0.00835586 0.00838298 
0.00931217 0.00822194 0.0095655 0.00830441 0.00882963 0.00824494 0.0086032 0.00829778 0.00882899 0.00965516 0.00888462 0.0086441 0.0113969 0.00839965 0.0115508 0.00832028 0.00842463 0.0117688 0.00856486 0.0123671 0.00837493 0.0105625 0.0123365 0.00951349 0.0101487 0.00846894 0.00867006 0.00897423 0.0143646 0.0147026 0.0108039 0.0170947 0.0187654 0.0182922 0.00744753 0.00641703 0.022266 0.863679 0.00639042 0.00382752 0 0.00385689 0.0039587 0.00653273 0.00845614 0.975991 0.0114271 0.0167649 0.0325618 0.0111133 0.0100518 0.0128114 0.0124723 0.0189093 0.0098289 0.00950939 0.00860586 0.00956049 0.0100514 0.00882452 0.00836487 0.00859773 0.00860045 0.00814821 0.00847901 0.00853398 0.00828836 0.00816748 0.00822783 0.00821814 0.00848914 
0.00856167 0.0117117 0.00839221 0.00895581 0.0082769 0.00890815 0.00821329 0.00820368 0.00922345 0.008702 0.00891904 0.0112888 0.00845052 0.012012 0.00830094 0.00940504 0.0106207 0.00864647 0.0118776 0.00860191 0.00911058 0.00979892 0.0130235 0.00950044 0.00963938 0.00877326 0.0117911 0.00982034 0.0119947 0.0239248 0.0126075 0.0131011 0.0560247 0.0170683 0.00705146 0.128001 0.139148 0.00850821 0.00508886 0.00385937 0.00385689 0 0.00378075 0.0140379 0.966447 0.01006 0.0114831 0.0157458 0.034377 0.0229725 0.0103815 0.013836 0.0146527 0.0114792 0.020036 0.0101403 0.00925047 0.0103595 0.0102364 0.00917291 0.00847329 0.00864842 0.00848796 0.00827068 0.00868658 0.00877871 0.00830381 0.00816515 0.00830754 0.00848825 0.00815167 
0.0118852 0.00826937 0.00874034 0.00823763 0.00850624 0.00822124 0.00816312 0.00830249 0.0108392 0.00876951 0.00855065 0.00840265 0.00938161 0.00832991 0.00883353 0.00835883 0.0105461 0.0098192 0.00836531 0.00873571 0.00849243 0.0120927 0.00910855 0.00863974 0.01061 0.00863532 0.0103193 0.0117605 0.0214646 0.00971688 0.0155282 0.0296367 0.0104346 0.0365164 0.54133 0.0476042 0.00770159 0.00591993 0.00525137 0.00426081 0.0039587 0.00378075 0 0.978532 0.00612107 0.00677509 0.00705572 0.0189233 0.0123012 0.023633 0.0159396 0.0093049 0.0094766 0.00914136 0.00870578 0.010493 0.0107524 0.00907447 0.0084479 0.00895963 0.00954905 0.00829228 0.00828619 0.00867956 0.00876217 0.00829233 0.00831662 0.0085922 0.00829152 0.00823325 0.00862809 
0.00886783 0.00814109 0.00822575 0.00809123 0.00819193 0.00810986 0.00842935 0.00886294 0.008382 0.00813185 0.00818499 0.00816864 0.00847784 0.00812637 0.00842727 0.00879597 0.00846492 0.0082478 0.00815464 0.00855034 0.00847306 0.00841569 0.00824759 0.00836952 0.00843323 0.00883434 0.0115282 0.0119761 0.00991337 0.00844342 0.012334 0.0149147 0.00887778 0.0221446 0.0140327 0.00765379 0.0077105 0.00874941 0.0124716 0.00675098 0.00653273 0.0140379 0.978532 0 0.00421721 0.0038346 0.00465336 0.0109408 0.00862073 0.0187865 0.00950447 0.00831607 0.00845245 0.00857026 0.00837792 0.0092017 0.00823263 0.00819698 0.00826808 0.00875685 0.00823475 0.00806643 0.00832012 0.00836337 0.0081106 0.00807961 0.00834515 0.00807737 0.00818183 0.00819251 0.00841011 
0.00822791 0.0088336 0.0082412 0.00824106 0.00819858 0.00827308 0.00816225 0.00825045 0.00816457 0.00826517 0.00834808 0.0085947 0.00825025 0.00855883 0.00824776 0.00832744 0.00859979 0.00823575 0.00851239 0.00836386 0.00829204 0.00873758 0.00882941 0.00846907 0.00836898 0.00835173 0.00936442 0.00960375 0.00956772 0.00980652 0.00899177 0.0109401 0.0176553 0.0105254 0.00845358 0.00879913 0.0079777 0.010756 0.00757456 0.00706928 0.00845614 0.966447 0.00612107 0.00421721 0 0.00383286 0.00377509 0.0108294 0.0182679 0.0103629 0.00960051 0.010818 0.0111883 0.0113532 0.00902961 0.00841212 0.00839888 0.00873884 0.00857001 0.00852815 0.00820383 0.00836355 0.00822527 0.00808491 0.00824029 0.0083216 0.00821413 0.00809616 0.00818944 0.00828884 0.00815033 
0.00889847 0.00823046 0.00869479 0.00823576 0.0086973 0.00814943 0.00819287 0.00816228 0.00835478 0.00845783 0.00871157 0.00848931 0.0101222 0.00826695 0.00964652 0.00819105 0.00836471 0.0100132 0.00830438 0.00973056 0.00820671 0.00911265 0.0100734 0.00872234 0.00884791 0.00821473 0.00825043 0.00825819 0.0103621 0.0138493 0.00917536 0.0122124 0.0222759 0.0139278 0.00998593 0.00887553 0.00923323 0.00810169 0.00783885 0.00863566 0.975991 0.01006 0.00677509 0.0038346 0.00383286 0 0.00374735 0.0125673 0.106051 0.0148888 0.00994837 0.0126735 0.0118713 0.0142965 0.0118946 0.00899108 0.0087089 0.00913573 0.00979993 0.00861245 0.0083984 0.00866158 0.00828816 0.00806082 0.00838337 0.00858222 0.00825181 0.0081553 0.00822616 0.00811932 0.00820122 
0.00914166 0.00892087 0.00824287 0.00832285 0.00823569 0.00830939 0.00817552 0.00834806 0.0102523 0.00837224 0.00845797 0.00899853 0.00829867 0.00866941 0.00826788 0.0093283 0.0131883 0.00828307 0.00929229 0.00853006 0.00878593 0.0111233 0.00887697 0.00955488 0.0112922 0.00913099 0.0144029 0.0141095 0.0204524 0.0103474 0.0168329 0.0247373 0.0120901 0.0355224 0.0255161 0.00890815 0.00753674 0.0082967 0.00866611 0.954039 0.0114271 0.0114831 0.00705572 0.00465336 0.00377509 0.00374735 0 0.0179364 0.0190267 0.094511 0.018367 0.0101753 0.0117856 0.0102817 0.0103769 0.012992 0.013325 0.00938923 0.00891343 0.0117141 0.0134973 0.00836186 0.00866543 0.00907523 0.00928665 0.00844741 0.00852485 0.00829658 0.00830762 0.00879004 0.00825428 
0.00863544 0.00840422 0.00832585 0.00836979 0.00832941 0.00827914 0.00833948 0.00890886 0.00894923 0.00854651 0.00882973 0.00900071 0.00858566 0.00864775 0.00865231 0.00958237 0.00918012 0.00858826 0.00882108 0.00909988 0.0099927 0.0100596 0.0098441 0.0108208 0.00958011 0.00990132 0.012234 0.0119956 0.0202833 0.0120824 0.0195573 0.0315832 0.0131499 0.0240454 0.011783 0.0100009 0.0104727 0.00943772 0.0226612 0.0176708 0.0167649 0.0157458 0.0189233 0.0109408 0.0108294 0.0125673 0.0179364 0 0.0038141 0.00382028 0.508905 0.0226351 0.0451366 0.0277302 0.0151072 0.0165604 0.0128121 0.0149881 0.0108172 0.0181846 0.0100333 0.00940443 0.0108392 0.00896946 0.00920887 0.00930116 0.00976036 0.00817142 0.00838225 0.00841273 0.00842964 
0.00849033 0.0088166 0.0084394 0.00857365 0.00847029 0.00839404 0.00829792 0.00823614 0.00835608 0.0093324 0.00886172 0.00944121 0.00875458 0.00885567 0.00925613 0.00837308 0.00852152 0.00893396 0.00889035 0.00985345 0.00897227 0.00999191 0.0172762 0.0090139 0.00984405 0.00888456 0.00918721 0.00870448 0.0133277 0.0360432 0.0113843 0.0139022 0.111952 0.0148812 0.00955435 0.0108552 0.00872024 0.0193831 0.00919142 0.0136931 0.0325618 0.034377 0.0123012 0.00862073 0.0182679 0.106051 0.0190267 0.0038141 0 0.0040332 0.0162472 0.408625 0.0351299 0.0760656 0.105558 0.0177482 0.0114248 0.0198822 0.030729 0.0133495 0.00935937 0.0141256 0.00936957 0.00836201 0.00964234 0.0115395 0.00899092 0.00819356 0.00866471 0.00828591 0.00848874 
0.0101842 0.00848238 0.00836506 0.0084722 0.00848491 0.00830931 0.00823454 0.00833113 0.00952095 0.00891667 0.00888009 0.00912952 0.00887603 0.00872946 0.00855418 0.00885878 0.0105468 0.00857956 0.00887447 0.0087664 0.0102001 0.0126013 0.010582 0.0108751 0.0109233 0.00897225 0.0100001 0.0121006 0.0210644 0.0119793 0.0223631 0.0291487 0.0148146 0.0656994 0.0185743 0.00939347 0.00929338 0.0089578 0.0117253 0.031915 0.0111133 0.0229725 0.023633 0.0187865 0.0103629 0.0148888 0.094511 0.00382028 0.0040332 0 0.0320983 0.0207556 0.246487 0.0401907 0.110145 0.246464 0.0198499 0.0141431 0.0142107 0.036145 0.0129436 0.00963254 0.0106131 0.0095799 0.012275 0.00962438 0.00986611 0.00867264 0.00862802 0.00904264 0.00835102 
