1FGYA
TFFNPDREGWLLKLGGRVKTWKRRWFILTDNCLYYFEYTTDKEPRGIIPLENLSIREVLDPRKPNCFELYNPSHKGQVIKACKTEADGRVVEGNHVVYRISAPSPEEKEEWXKSIKASISRDPFYDX
CCCCCCEEEEEEEECCCCCCEEEEEEEEECCEEEEECCCCCCCCCEEEECCCCEEEEECCCCCCCEEEEECCCCCCCCCCCEEECCCCCEEECCCCEEEEECCCHHHHHHHHHHHHHHHHHCCCCCC
0 0 0 0 0 0 0 0 0 0 0 0 0 0 0 0 0 0 0 0 0 0 0 0 0 0 0 0 0 0 0 0 0 0 0 0 0 0 0 0 0 0 0 0 0 0 0 0 0 0 0 0 0 0 0 0 0 0 0 0 0 0 0 0 0 0 0 0 0 0 0 0 0 0 0 0 0 0 0 0 0 0 0 0 0 0 0 0 0 0 0 0 0 0 0 0 0 0 0 0 0 0 0 0 0 0 0 0 0 0 0 0 0 0 0 0 0 0 0 0 0 0 0 0 0 0 0 
0 0 0 0 0 0 0 0 0 0 0 0 0 0 0 0 0 0 0 0 0 0 0 0 0 0 0 0 0 0 0 0 0 0 0 0 0 0 0 0 0 0 0 0 0 0 0 0 0 0 0 0 0 0 0 0 0 0 0 0 0 0 0 0 0 0 0 0 0 0 0 0 0 0 0 0 0 0 0 0 0 0 0 0 0 0 0 0 0 0 0 0 0 0 0 0 0 0 0 0 0 0 0 0 0 0 0 0 0 0 0 0 0 0 0 0 0 0 0 0 0 0 0 0 0 0 0 
0 0.00390072 0.0038034 0.00391233 0.0038514 0.00388699 0.00450587 0.0087437 0.00798622 0.00682834 0.00714521 0.00743311 0.00816509 0.0107281 0.0139745 0.618616 0.0309277 0.0118725 0.00889311 0.0092629 0.0122122 0.0221314 0.0141421 0.00935505 0.00979029 0.0162309 0.0106442 0.00918892 0.00848474 0.00982896 0.0137873 0.0092162 0.00877389 0.0086392 0.00902384 0.0135418 0.00912098 0.00871141 0.0104855 0.00978762 0.00851133 0.0103403 0.00863503 0.00851297 0.00842878 0.00872706 0.0102269 
0.00390072 0 0.00376753 0.00379329 0.00375022 0.00376881 0.00444211 0.00383957 0.00628723 0.00651321 0.00648597 0.00675613 0.0117168 0.0115448 0.792306 0.0147465 0.00847716 0.00940482 0.0121672 0.0121312 0.0136209 0.00852091 0.0100103 0.0135864 0.0114154 0.00949801 0.010045 0.00862893 0.00922849 0.00986696 0.00838522 0.00927277 0.00913775 0.0125424 0.00911976 0.00900496 0.00874594 0.00964569 0.0084476 0.00841926 0.00840976 0.00870875 0.00835595 0.00875865 0.0111815 0.00858189 0.00904101 
0.0038034 0.00376753 0 0.00375658 0.00376148 0.00376423 0.00382583 0.00383425 0.00669101 0.00891822 0.00676213 0.00755823 0.0120456 0.894734 0.0166795 0.010213 0.00857814 0.00827394 0.0114548 0.0132428 0.00953801 0.0106663 0.0104049 0.0117384 0.0104572 0.00890094 0.00859277 0.0171484 0.00899102 0.00893133 0.0106281 0.00860822 0.0158939 0.00982679 0.011658 0.00864465 0.00821438 0.00842226 0.00823471 0.00831069 0.0082957 0.00819745 0.00834643 0.011464 0.00937164 0.0119084 0.00846363 
0.00391233 0.00379329 0.00375658 0 0.00371881 0.00374457 0.00381557 0.00379309 0.00726931 0.00725806 0.00855296 0.00987256 0.917953 0.0182745 0.0165393 0.00888146 0.0085938 0.00953937 0.00977219 0.0124855 0.0137842 0.00850782 0.0105628 0.013516 0.00974857 0.0101216 0.0119509 0.00856557 0.0139353 0.0108896 0.00836609 0.00964369 0.00922527 0.0310173 0.00906559 0.00971465 0.00911065 0.00817278 0.00850602 0.00854432 0.0082199 0.00924514 0.00866755 0.0087374 0.0213633 0.00901117 0.00934214 
0.0038514 0.00375022 0.00376148 0.00371881 0 0.00375155 0.00379479 0.00383371 0.00588243 0.00768032 0.00766573 0.932924 0.0142249 0.0129331 0.00942136 0.0114525 0.00913647 0.00819182 0.0107353 0.0115697 0.0106818 0.0101267 0.0107416 0.0111925 0.0123565 0.00922523 0.0085913 0.0148434 0.00963072 0.00929437 0.0100457 0.00864647 0.0187728 0.0106146 0.0156307 0.00899305 0.00819854 0.00852956 0.00834023 0.00825637 0.00829244 0.00826981 0.00833025 0.0116778 0.0104235 0.0127094 0.00858559 
0.00388699 0.00376881 0.00376423 0.00374457 0.00375155 0 0.00377538 0.00376005 0.00653788 0.00836562 0.895071 0.0139348 0.00850171 0.00902753 0.0153049 0.00890167 0.00808771 0.00890354 0.0102734 0.0138613 0.0104123 0.00840827 0.0104315 0.0135799 0.0120613 0.00959187 0.0101197 0.00886478 0.0136558 0.0102857 0.00850256 0.00949581 0.0105967 0.0300452 0.0102493 0.00916112 0.00878073 0.00828961 0.00835435 0.0084249 0.00822985 0.00854823 0.00866202 0.00924896 0.0198138 0.00957773 0.00904953 
0.00450587 0.00444211 0.00382583 0.00381557 0.00379479 0.00377538 0 0.00380288 0.0135408 0.97133 0.0095191 0.00743351 0.00869862 0.0126551 0.0119979 0.0138005 0.010289 0.0112985 0.0164158 0.0120696 0.0199175 0.00915823 0.0138007 0.0149072 0.0219536 0.0121972 0.0114573 0.0142849 0.00953652 0.0117057 0.00897541 0.0107873 0.0161674 0.0134518 0.0217569 0.0104536 0.00898103 0.00913004 0.00835718 0.00895016 0.00882286 0.0084957 0.00890209 0.0114738 0.0107283 0.0187527 0.00942318 
0.0087437 0.00383957 0.00383425 0.00379309 0.00383371 0.00376005 0.00380288 0 0.946204 0.0102118 0.00539975 0.00673958 0.00819018 0.0107377 0.00854832 0.0108851 0.012489 0.0148633 0.0104449 0.010493 0.0151109 0.0155294 0.0207302 0.0107364 0.0126631 0.0198212 0.0213087 0.0105212 0.00900831 0.00913009 0.013457 0.0178315 0.010556 0.0103645 0.0118992 0.0178246 0.01227 0.00864702 0.00938191 0.0110979 0.00851615 0.00936328 0.0110164 0.00896399 0.0090195 0.00984032 0.0112437 
0.00798622 0.00628723 0.00669101 0.00726931 0.00588243 0.00653788 0.0135408 0.946204 0 0.00420021 0.00374718 0.00383462 0.00384626 0.00420391 0.00390993 0.0044457 0.00719606 0.00620747 0.00617452 0.00679927 0.00997636 0.0560378 0.0113026 0.00965225 0.00901616 0.0489561 0.010864 0.00898331 0.00854367 0.00931049 0.0222924 0.00999435 0.00877256 0.00883255 0.00862188 0.0184645 0.00973098 0.00879032 0.0123821 0.00966147 0.00855557 0.011842 0.0086996 0.00870971 0.0083694 0.00843521 0.0120761 
0.00682834 0.00651321 0.00891822 0.00725806 0.00768032 0.00836562 0.97133 0.0102118 0.00420021 0 0.00389958 0.00369444 0.00376444 0.00381402 0.00411681 0.00479015 0.00394849 0.00521326 0.00612534 0.00754441 0.0313587 0.00946528 0.00905726 0.0100284 0.0332495 0.0095882 0.00891923 0.00913836 0.00854616 0.0127284 0.00877723 0.00871308 0.00979173 0.00928398 0.0127888 0.00939288 0.00863537 0.0090618 0.00889834 0.0085723 0.00878608 0.00878225 0.00836932 0.00865011 0.00879702 0.0101275 0.0090847 
0.00714521 0.00648597 0.00676213 0.00855296 0.00766573 0.895071 0.0095191 0.00539975 0.00374718 0.00389958 0 0.00372379 0.00374436 0.00375951 0.0037501 0.0038199 0.00374619 0.00488938 0.00575443 0.0163916 0.00649407 0.00622119 0.00964856 0.0312916 0.00922815 0.00829209 0.00896982 0.00902867 0.00990959 0.00871532 0.00828305 0.0092357 0.00969093 0.0167201 0.0093866 0.00870648 0.00872855 0.00839412 0.0082042 0.0085171 0.00830428 0.0082124 0.00846441 0.00910071 0.0125017 0.00907736 0.00862615 
0.00743311 0.00675613 0.00755823 0.00987256 0.932924 0.0139348 0.00743351 0.00673958 0.00383462 0.00369444 0.00372379 0 0.003744 0.00374873 0.00368855 0.00376631 0.00380334 0.00445667 0.0130543 0.00730206 0.00784106 0.0130158 0.040688 0.0126806 0.0102205 0.00904388 0.00902462 0.0140898 0.00963526 0.00940576 0.0089465 0.00947215 0.0261366 0.0163139 0.0120105 0.00934691 0.00868586 0.0084448 0.00846221 0.00860222 0.00836501 0.00836697 0.00888353 0.011698 0.0136457 0.0115541 0.00890952 
0.00816509 0.0117168 0.0120456 0.917953 0.0142249 0.00850171 0.00869862 0.00819018 0.00384626 0.00376444 0.00374436 0.003744 0 0.0037586 0.00370338 0.00376463 0.00383602 0.0159396 0.00567338 0.00886668 0.015298 0.82578 0.0109089 0.0139976 0.0125812 0.0115592 0.0117369 0.011533 0.0160446 0.0106278 0.00958982 0.0115865 0.0215022 0.0393197 0.0142035 0.0115325 0.0094008 0.0085752 0.00888149 0.00913319 0.0085396 0.00920291 0.0105261 0.0130752 0.0321946 0.0184408 0.010028 
0.0107281 0.0115448 0.894734 0.0182745 0.0129331 0.00902753 0.0126551 0.0107377 0.00420391 0.00381402 0.00375951 0.00374873 0.0037586 0 0.003759 0.00376869 0.0042093 0.00408478 0.00774369 0.0180106 0.95225 0.0128017 0.0128152 0.015417 0.0203631 0.0123477 0.0120092 0.0189979 0.0153345 0.0138274 0.0102879 0.0116789 0.0336597 0.0327497 0.0288418 0.011017 0.00974187 0.00937368 0.00878773 0.0090152 0.00933419 0.00883448 0.00997653 0.0220439 0.0378121 0.0270446 0.00975837 
0.0139745 0.792306 0.0166795 0.0165393 0.00942136 0.0153049 0.0119979 0.00854832 0.00390993 0.00411681 0.0037501 0.00368855 0.00370338 0.003759 0 0.00375967 0.00377825 0.00425194 0.00651834 0.968426 0.0131845 0.00558913 0.0110726 0.0202898 0.0150085 0.0113796 0.0138006 0.0115972 0.0310905 0.0137402 0.00930432 0.0126422 0.0199115 0.0822604 0.0189134 0.0114776 0.0100668 0.00892631 0.00888328 0.00900674 0.00883078 0.00903324 0.0113466 0.015314 0.0609866 0.0213794 0.0106565 
0.618616 0.0147465 0.010213 0.00888146 0.0114525 0.00890167 0.0138005 0.0108851 0.0044457 0.00479015 0.0038199 0.00376631 0.00376463 0.00376869 0.00375967 0 0.00409859 0.00507496 0.980648 0.00625578 0.00602266 0.00554318 0.0115683 0.0145189 0.0198433 0.0116534 0.012207 0.0284046 0.00952887 0.0140372 0.0109262 0.0117392 0.0251046 0.014509 0.034882 0.0124092 0.0101979 0.0109045 0.00877967 0.00983701 0.0102869 0.00880956 0.00956977 0.0181223 0.0127639 0.030359 0.00959383 
0.0309277 0.00847716 0.00857814 0.0085938 0.00913647 0.00808771 0.010289 0.012489 0.00719606 0.00394849 0.00374619 0.00380334 0.00383602 0.0042093 0.00377825 0.00409859 0 0.985297 0.0082467 0.00439066 0.00578465 0.0122236 0.0153822 0.0108212 0.010633 0.0167618 0.034148 0.0110615 0.00894214 0.00872049 0.0153833 0.0198884 0.0112428 0.00997159 0.0114426 0.0195573 0.0148429 0.00868013 0.00992405 0.0145965 0.00858033 0.0106955 0.0142216 0.00995937 0.00946092 0.0111125 0.0136624 
0.0118725 0.00940482 0.00827394 0.00953937 0.00819182 0.00890354 0.0112985 0.0148633 0.00620747 0.00521326 0.00488938 0.00445667 0.0159396 0.00408478 0.00425194 0.00507496 0.985297 0 0.0038578 0.00377373 0.00391107 0.00417069 0.010702 0.0107125 0.0108909 0.795456 0.016549 0.00907434 0.00908699 0.0142211 0.0181626 0.0158652 0.0106665 0.0123809 0.0103193 0.0304072 0.012707 0.00919352 0.0157228 0.0103664 0.00866501 0.0159237 0.0120802 0.00981629 0.010728 0.00975217 0.0237424 
0.00889311 0.0121672 0.0114548 0.00977219 0.0107353 0.0102734 0.0164158 0.0104449 0.00617452 0.00612534 0.00575443 0.0130543 0.00567338 0.00774369 0.00651834 0.980648 0.0082467 0.0038578 0 0.00379146 0.00404155 0.00382124 0.0105426 0.0123113 0.794502 0.0188491 0.00891685 0.0152864 0.00961512 0.0161499 0.0116498 0.0101768 0.0231918 0.0172207 0.0401476 0.0104504 0.00915074 0.0110508 0.008952 0.00870887 0.0101542 0.00887668 0.00898838 0.0169155 0.016718 0.0409171 0.00977364 
0.0092629 0.0121312 0.0132428 0.0124855 0.0115697 0.0138613 0.0120696 0.010493 0.00679927 0.00754441 0.0163916 0.00730206 0.00886668 0.0180106 0.968426 0.00625578 0.00439066 0.00377373 0.00379146 0 0.00377246 0.00376782 0.0117676 0.804168 0.0291192 0.0158043 0.0104484 0.0124977 0.0207128 0.0103662 0.00932777 0.0110336 0.0177308 0.0709445 0.014487 0.0121959 0.00943623 0.00897486 0.00910008 0.00898385 0.00869684 0.00923928 0.00936753 0.0128821 0.0712185 0.0150777 0.0107173 
0.0122122 0.0136209 0.00953801 0.0137842 0.0106818 0.0104123 0.0199175 0.0151109 0.00997636 0.0313587 0.00649407 0.00784106 0.015298 0.95225 0.0131845 0.00602266 0.00578465 0.00391107 0.00404155 0.00377246 0 0.00421787 0.697183 0.0311002 0.0350129 0.0120911 0.012885 0.0193285 0.00939221 0.0229095 0.0102961 0.0131958 0.0269266 0.0141682 0.023441 0.0114766 0.0106203 0.010929 0.00910486 0.0102122 0.0105598 0.00956704 0.00976032 0.028645 0.0143588 0.0208079 0.0113687 
0.0221314 0.00852091 0.0106663 0.00850782 0.0101267 0.00840827 0.00915823 0.0155294 0.0560378 0.00946528 0.00622119 0.0130158 0.82578 0.0128017 0.00558913 0.00554318 0.0122236 0.00417069 0.00382124 0.00376782 0.00421787 0 0.045108 0.0157519 0.0100496 0.0137477 0.0266147 0.0111456 0.00839639 0.00829162 0.0341949 0.024089 0.0117754 0.00931726 0.0114064 0.0153129 0.0140055 0.0091074 0.00983883 0.0149797 0.00889423 0.00978213 0.0501746 0.0110354 0.00901872 0.0106527 0.011459 
0.0141421 0.0100103 0.0104049 0.0105628 0.0107416 0.0104315 0.0138007 0.0207302 0.0113026 0.00905726 0.00964856 0.040688 0.0109089 0.0128152 0.0110726 0.0115683 0.0153822 0.010702 0.0105426 0.0117676 0.697183 0.045108 0 0.00394776 0.00382471 0.00410362 0.00624975 0.00669733 0.0109794 0.05293 0.0853027 0.0146273 0.0125647 0.0110395 0.0231519 0.0251407 0.0156154 0.0109106 0.0178735 0.0159248 0.0101859 0.0163194 0.0166155 0.0178326 0.0115451 0.0157513 0.0223566 
0.00935505 0.0135864 0.0117384 0.013516 0.0111925 0.0135799 0.0149072 0.0107364 0.00965225 0.0100284 0.0312916 0.0126806 0.0139976 0.015417 0.0202898 0.0145189 0.0108212 0.0107125 0.0123113 0.804168 0.0311002 0.0157519 0.00394776 0 0.00387021 0.00378109 0.00520331 0.00770769 0.0365137 0.0446641 0.00747025 0.0118137 0.0142466 0.0246954 0.0184696 0.0120266 0.0112381 0.011313 0.015469 0.00989149 0.0116173 0.0104692 0.0114558 0.0184268 0.0447132 0.02009 0.0122333 
0.00979029 0.0114154 0.0104572 0.00974857 0.0123565 0.0120613 0.0219536 0.0126631 0.00901616 0.0332495 0.00922815 0.0102205 0.0125812 0.0203631 0.0150085 0.0198433 0.010633 0.0108909 0.794502 0.0291192 0.0350129 0.0100496 0.00382471 0.00387021 0 0.00386619 0.00982436 0.0608718 0.0154525 0.0113707 0.00683967 0.00929471 0.0242859 0.0153806 0.0255962 0.0112676 0.0102954 0.0197655 0.00868624 0.00995533 0.0114845 0.00882787 0.00980118 0.0459688 0.0178642 0.0460987 0.0102165 
0.0162309 0.00949801 0.00890094 0.0101216 0.00922523 0.00959187 0.0121972 0.0198212 0.0489561 0.0095882 0.00829209 0.00904388 0.0115592 0.0123477 0.0113796 0.0116534 0.0167618 0.795456 0.0188491 0.0158043 0.0120911 0.0137477 0.00410362 0.00378109 0.00386619 0 0.0423784 0.0222429 0.00434056 0.00508078 0.00667506 0.0235465 0.0124597 0.0126342 0.0111145 0.0277897 0.0351114 0.00907677 0.0111 0.0191221 0.00925526 0.013904 0.0336756 0.0115899 0.0143079 0.0133614 0.0237946 
0.0106442 0.010045 0.00859277 0.0119509 0.0085913 0.0101197 0.0114573 0.0213087 0.010864 0.00891923 0.00896982 0.00902462 0.0117369 0.0120092 0.0138006 0.012207 0.034148 0.016549 0.00891685 0.0104484 0.012885 0.0266147 0.00624975 0.00520331 0.00982436 0.0423784 0 0.00400362 0.00378611 0.00397749 0.00438229 0.00901035 0.00721403 0.00971321 0.0201603 0.930767 0.0174777 0.00924329 0.025607 0.0126223 0.00914113 0.0357064 0.0140478 0.00952154 0.0161366 0.0101162 0.0619947 
0.00918892 0.00862893 0.0171484 0.00856557 0.0148434 0.00886478 0.0142849 0.0105212 0.00898331 0.00913836 0.00902867 0.0140898 0.011533 0.0189979 0.0115972 0.0284046 0.0110615 0.00907434 0.0152864 0.0124977 0.0193285 0.0111456 0.00669733 0.00770769 0.0608718 0.0222429 0.00400362 0 0.00375318 0.00383779 0.00405615 0.006363 0.0111269 0.0119429 0.936385 0.0108731 0.00853798 0.0184772 0.00926231 0.0100905 0.0144587 0.00902213 0.00913393 0.0275446 0.00965679 0.0593868 0.0095757 
0.00848474 0.00922849 0.00899102 0.0139353 0.00963072 0.0136558 0.00953652 0.00900831 0.00854367 0.00854616 0.00990959 0.00963526 0.0160446 0.0153345 0.0310905 0.00952887 0.00894214 0.00908699 0.00961512 0.0207128 0.00939221 0.00839639 0.0109794 0.0365137 0.0154525 0.00434056 0.00378611 0.00375318 0 0.00376467 0.00377301 0.0094783 0.00872001 0.910593 0.010142 0.00829275 0.00891497 0.00814871 0.00834255 0.00921727 0.00850534 0.00863301 0.0092578 0.00944562 0.0491193 0.00965147 0.00975962 
0.00982896 0.00986696 0.00893133 0.0108896 0.00929437 0.0102857 0.0117057 0.00913009 0.00931049 0.0127284 0.00871532 0.00940576 0.0106278 0.0138274 0.0137402 0.0140372 0.00872049 0.0142211 0.0161499 0.0103662 0.0229095 0.00829162 0.05293 0.0446641 0.0113707 0.00508078 0.00397749 0.00383779 0.00376467 0 0.00382625 0.0096931 0.903108 0.0125274 0.00877713 0.00761033 0.0106124 0.00933383 0.00886713 0.0110247 0.0104164 0.00969508 0.0106808 0.0207887 0.0143207 0.0163907 0.00959361 
0.0137873 0.00838522 0.0106281 0.00836609 0.0100457 0.00850256 0.00897541 0.013457 0.0222924 0.00877723 0.00828305 0.0089465 0.00958982 0.0102879 0.00930432 0.0109262 0.0153833 0.0181626 0.0116498 0.00932777 0.0102961 0.0341949 0.0853027 0.00747025 0.00683967 0.00667506 0.00438229 0.00405615 0.00377301 0.00382625 0 0.842665 0.0145952 0.00658235 0.00766237 0.0108383 0.0116506 0.0111689 0.00953281 0.0186216 0.00982415 0.00954963 0.0196378 0.0127581 0.0091881 0.0124257 0.0121784 
0.0092162 0.00927277 0.00860822 0.00964369 0.00864647 0.00949581 0.0107873 0.0178315 0.00999435 0.00871308 0.0092357 0.00947215 0.0115865 0.0116789 0.0126422 0.0117392 0.0198884 0.0158652 0.0101768 0.0110336 0.0131958 0.024089 0.0146273 0.0118137 0.00929471 0.0235465 0.00901035 0.006363 0.0094783 0.0096931 0.842665 0 0.00393746 0.00379991 0.00383519 0.00450093 0.0206721 0.00855856 0.0717857 0.0112577 0.00910547 0.0311832 0.0182771 0.0105337 0.0154919 0.011473 0.178682 
0.00877389 0.00913775 0.0158939 0.00922527 0.0187728 0.0105967 0.0161674 0.010556 0.00877256 0.00979173 0.00969093 0.0261366 0.0215022 0.0336597 0.0199115 0.0251046 0.0112428 0.0106665 0.0231918 0.0177308 0.0269266 0.0117754 0.0125647 0.0142466 0.0242859 0.0124597 0.00721403 0.0111269 0.00872001 0.903108 0.0145952 0.00393746 0 0.00376222 0.00379871 0.00380579 0.00832276 0.0435728 0.0170299 0.00991499 0.0215206 0.00979201 0.0108226 0.0418738 0.0117664 0.269415 0.0113797 
0.0086392 0.0125424 0.00982679 0.0310173 0.0106146 0.0300452 0.0134518 0.0103645 0.00883255 0.00928398 0.0167201 0.0163139 0.0393197 0.0327497 0.0822604 0.014509 0.00997159 0.0123809 0.0172207 0.0709445 0.0141682 0.00931726 0.0110395 0.0246954 0.0153806 0.0126342 0.00971321 0.0119429 0.910593 0.0125274 0.00658235 0.00379991 0.00376222 0 0.0037536 0.00377959 0.0354028 0.0102561 0.0564743 0.0130092 0.00891672 0.0107268 0.0126676 0.0111483 0.395656 0.0125277 0.0154079 
0.00902384 0.00911976 0.011658 0.00906559 0.0156307 0.0102493 0.0217569 0.0118992 0.00862188 0.0127888 0.0093866 0.0120105 0.0142035 0.0288418 0.0189134 0.034882 0.0114426 0.0103193 0.0401476 0.014487 0.023441 0.0114064 0.0231519 0.0184696 0.0255962 0.0111145 0.0201603 0.936385 0.010142 0.00877713 0.00766237 0.00383519 0.00379871 0.0037536 0 0.00426175 0.0134141 0.147485 0.0116715 0.0100575 0.0208231 0.00940889 0.0104758 0.242086 0.0130323 0.126322 0.0112679 
0.0135418 0.00900496 0.00864465 0.00971465 0.00899305 0.00916112 0.0104536 0.0178246 0.0184645 0.00939288 0.00870648 0.00934691 0.0115325 0.011017 0.0114776 0.0124092 0.0195573 0.0304072 0.0104504 0.0121959 0.0114766 0.0153129 0.0251407 0.0120266 0.0112676 0.0277897 0.930767 0.0108731 0.00829275 0.00761033 0.0108383 0.00450093 0.00380579 0.00377959 0.00426175 0 0.0757653 0.00973673 0.0241122 0.0200121 0.00973091 0.0189102 0.189946 0.0120029 0.0151127 0.0138097 0.0528319 
0.00912098 0.00874594 0.00821438 0.00911065 0.00819854 0.00878073 0.00898103 0.01227 0.00973098 0.00863537 0.00872855 0.00868586 0.0094008 0.00974187 0.0100668 0.0101979 0.0148429 0.012707 0.00915074 0.00943623 0.0106203 0.0140055 0.0156154 0.0112381 0.0102954 0.0351114 0.0174777 0.00853798 0.00891497 0.0106124 0.0116506 0.0206721 0.00832276 0.0354028 0.0134141 0.0757653 0 0.00398729 0.00433037 0.00857976 0.00872871 0.963308 0.00966726 0.0087307 0.0168527 0.0101804 0.087664 
0.00871141 0.00964569 0.00842226 0.00817278 0.00852956 0.00828961 0.00913004 0.00864702 0.00879032 0.0090618 0.00839412 0.0084448 0.0085752 0.00937368 0.00892631 0.0109045 0.00868013 0.00919352 0.0110508 0.00897486 0.010929 0.0091074 0.0109106 0.011313 0.0197655 0.00907677 0.00924329 0.0184772 0.00814871 0.00933383 0.0111689 0.00855856 0.0435728 0.0102561 0.147485 0.00973673 0.00398729 0 0.0038708 0.0111916 0.9564 0.00776298 0.0074959 0.0208916 0.00856241 0.0541021 0.0120263 
0.0104855 0.0084476 0.00823471 0.00850602 0.00834023 0.00835435 0.00835718 0.00938191 0.0123821 0.00889834 0.0082042 0.00846221 0.00888149 0.00878773 0.00888328 0.00877967 0.00992405 0.0157228 0.008952 0.00910008 0.00910486 0.00983883 0.0178735 0.015469 0.00868624 0.0111 0.025607 0.00926231 0.00834255 0.00886713 0.00953281 0.0717857 0.0170299 0.0564743 0.0116715 0.0241122 0.00433037 0.0038708 0 0.962908 0.006602 0.00782193 0.0164513 0.0099028 0.0206804 0.0130177 0.0169129 
0.00978762 0.00841926 0.00831069 0.00854432 0.00825637 0.0084249 0.00895016 0.0110979 0.00966147 0.0085723 0.0085171 0.00860222 0.00913319 0.0090152 0.00900674 0.00983701 0.0145965 0.0103664 0.00870887 0.00898385 0.0102122 0.0149797 0.0159248 0.00989149 0.00995533 0.0191221 0.0126223 0.0100905 0.00921727 0.0110247 0.0186216 0.0112577 0.00991499 0.0130092 0.0100575 0.0200121 0.00857976 0.0111916 0.962908 0 0.00491193 0.00442797 0.00601831 0.0115707 0.104292 0.0203237 0.0244779 
0.00851133 0.00840976 0.0082957 0.0082199 0.00829244 0.00822985 0.00882286 0.00851615 0.00855557 0.00878608 0.00830428 0.00836501 0.0085396 0.00933419 0.00883078 0.0102869 0.00858033 0.00866501 0.0101542 0.00869684 0.0105598 0.00889423 0.0101859 0.0116173 0.0114845 0.00925526 0.00914113 0.0144587 0.00850534 0.0104164 0.00982415 0.00910547 0.0215206 0.00891672 0.0208231 0.00973091 0.00872871 0.9564 0.006602 0.00491193 0 0.00383854 0.00659726 0.0593281 0.00869 0.0132527 0.00661289 
0.0103403 0.00870875 0.00819745 0.00924514 0.00826981 0.00854823 0.0084957 0.00936328 0.011842 0.00878225 0.0082124 0.00836697 0.00920291 0.00883448 0.00903324 0.00880956 0.0106955 0.0159237 0.00887668 0.00923928 0.00956704 0.00978213 0.0163194 0.0104692 0.00882787 0.013904 0.0357064 0.00902213 0.00863301 0.00969508 0.00954963 0.0311832 0.00979201 0.0107268 0.00940889 0.0189102 0.963308 0.00776298 0.00782193 0.00442797 0.00383854 0 0.100207 0.00896687 0.00781671 0.00623034 0.00885234 
0.00863503 0.00835595 0.00834643 0.00866755 0.00833025 0.00866202 0.00890209 0.0110164 0.0086996 0.00836932 0.00846441 0.00888353 0.0105261 0.00997653 0.0113466 0.00956977 0.0142216 0.0120802 0.00898838 0.00936753 0.00976032 0.0501746 0.0166155 0.0114558 0.00980118 0.0336756 0.0140478 0.00913393 0.0092578 0.0106808 0.0196378 0.0182771 0.0108226 0.0126676 0.0104758 0.189946 0.00966726 0.0074959 0.0164513 0.00601831 0.00659726 0.100207 0 0.00382109 0.00378871 0.00381592 0.00470907 
0.00851297 0.00875865 0.011464 0.0087374 0.0116778 0.00924896 0.0114738 0.00896399 0.00870971 0.00865011 0.00910071 0.011698 0.0130752 0.0220439 0.015314 0.0181223 0.00995937 0.00981629 0.0169155 0.0128821 0.028645 0.0110354 0.0178326 0.0184268 0.0459688 0.0115899 0.00952154 0.0275446 0.00944562 0.0207887 0.0127581 0.0105337 0.0418738 0.0111483 0.242086 0.0120029 0.0087307 0.0208916 0.0099028 0.0115707 0.0593281 0.00896687 0.00382109 0 0.00376279 0.00374348 0.00385796 
0.00842878 0.0111815 0.00937164 0.0213633 0.0104235 0.0198138 0.0107283 0.0090195 0.0083694 0.00879702 0.0125017 0.0136457 0.0321946 0.0378121 0.0609866 0.0127639 0.00946092 0.010728 0.016718 0.0712185 0.0143588 0.00901872 0.0115451 0.0447132 0.0178642 0.0143079 0.0161366 0.00965679 0.0491193 0.0143207 0.0091881 0.0154919 0.0117664 0.395656 0.0130323 0.0151127 0.0168527 0.00856241 0.0206804 0.104292 0.00869 0.00781671 0.00378871 0.00376279 0 0.00376232 0.00380962 
0.00872706 0.00858189 0.0119084 0.00901117 0.0127094 0.00957773 0.0187527 0.00984032 0.00843521 0.0101275 0.00907736 0.0115541 0.0184408 0.0270446 0.0213794 0.030359 0.0111125 0.00975217 0.0409171 0.0150777 0.0208079 0.0106527 0.0157513 0.02009 0.0460987 0.0133614 0.0101162 0.0593868 0.00965147 0.0163907 0.0124257 0.011473 0.269415 0.0125277 0.126322 0.0138097 0.0101804 0.0541021 0.0130177 0.0203237 0.0132527 0.00623034 0.00381592 0.00374348 0.00376232 0 0.00377989 
0.0102269 0.00904101 0.00846363 0.00934214 0.00858559 0.00904953 0.00942318 0.0112437 0.0120761 0.0090847 0.00862615 0.00890952 0.010028 0.00975837 0.0106565 0.00959383 0.0136624 0.0237424 0.00977364 0.0107173 0.0113687 0.011459 0.0223566 0.0122333 0.0102165 0.0237946 0.0619947 0.0095757 0.00975962 0.00959361 0.0121784 0.178682 0.0113797 0.0154079 0.0112679 0.0528319 0.087664 0.0120263 0.0169129 0.0244779 0.00661289 0.00885234 0.00470907 0.00385796 0.00380962 0.00377989 0 
