1FN8A
IVGGTSASAGDFPFIVSISRNGGPWCGGSLLNANTVLTAAHCVSGYAQSGFQIRAGSLSRTSGGITSSLSSVRVHPSYSGNNNDLAILKLSTSIPSGGNIGYARLAASGSDPVAGSSATVAGWGATSEGGSSTPVNLLKVTVPIVSRATCRAQYGTSAITNQMFCAGVSSGGKDSCQGDSGGPIVDSSNTLIGAVSWGNGCARPNYSGVYASVGALRSFIDTYA
CECCEECCCCCCCCEEEEEECCEEEEEEEEEECCEEEECHHHHCCCCHHHEEEEECCCECCCCCEEECEEEEEECCCCECCECCCEEEEECCCCCCECCECCCCECCCCCCCCCCCEEEEEECCCCCCCCCCCCCECEEEEEEEECHHHHHHHHCCCCCCCCEEEECCCCCCCECCCCCCCCEEECCCCCEEEEEEECCCCCCCCCCEEEEECCCCHHHHHHHC
0 0 0 0 0 0 0 0 0 0 0 0 0 0 0 0 0 0 0 0 0 0 0 0 0 0 0 0 0 0 0 0 0 0 0 0 0 0 0 0 0 0 0 0 0 0 0 0 0 0 0 0 0 0 0 0 0 0 0 0 0 0 0 0 0 0 0 0 0 0 0 0 0 0 0 0 0 0 0 0 0 0 0 0 0 0 0 0 0 0 0 0 0 0 0 0 0 0 0 0 0 0 0 0 0 0 0 0 0 0 0 0 0 0 0 0 0 0 0 0 0 0 0 0 0 0 0 0 0 0 0 0 0 0 0 0 0 0 0 0 0 0 0 0 0 0 0 0 0 0 0 0 0 0 0 0 0 0 0 0 0 0 0 0 0 0 0 0 0 0 0 0 0 0 0 0 0 0 0 0 0 0 0 0 0 0 0 0 0 0 0 0 0 0 0 0 0 0 0 0 0 0 0 0 0 0 0 0 0 0 0 0 0 0 0 0 0 0 0 0 0 0 0 0 
0 0 0 0 0 0 0 0 0 0 0 0 0 0 0 0 0 0 0 0 0 0 0 0 0 0 0 0 0 0 0 0 0 0 0 0 0 0 0 0 0 0 0 0 0 0 0 0 0 0 0 0 0 0 0 0 0 0 0 0 0 0 0 0 0 0 0 0 0 0 0 0 0 0 0 0 0 0 0 0 0 0 0 0 0 0 0 0 0 0 0 0 0 0 0 0 0 0 0 0 0 0 0 0 0 0 0 0 0 0 0 0 0 0 0 0 0 0 0 0 0 0 0 0 0 0 0 0 0 0 0 0 0 0 0 0 0 0 0 0 0 0 0 0 0 0 0 0 0 0 0 0 0 0 0 0 0 0 0 0 0 0 0 0 0 0 0 0 0 0 0 0 0 0 0 0 0 0 0 0 0 0 0 0 0 0 0 0 0 0 0 0 0 0 0 0 0 0 0 0 0 0 0 0 0 0 0 0 0 0 0 0 0 0 0 0 0 0 0 0 0 0 0 0 
0 0.573641 0.0551519 0.0438467 0.0187884 0.0172308 0.0220711 0.0203544 0.0198881 0.0176837 0.0110697 0.00986055 0.0137725 0.0116363 0.0196438 0.014448 0.0126628 0.0188682 0.0301685 0.0315949 0.0194134 0.0263104 0.0627728 0.0471774 0.0116091 0.0110043 0.0131995 0.0235576 0.047976 0.0137485 0.00961593 0.0144668 0.0148501 0.00979993 0.00866881 0.00861462 0.00904166 0.0124139 0.0216487 0.019562 0.0214134 0.0113305 0.00987053 0.0122655 0.0160814 0.0147119 0.0244272 0.0214691 0.00942397 0.00918886 0.00873438 0.00973352 0.0099568 0.0121931 0.0191593 0.00900981 0.00843707 0.00879645 0.00857316 0.00893766 0.00836663 0.00873937 0.00975921 0.00883134 0.00835413 0.00894295 0.00962704 0.00947769 0.00852616 0.00833494 0.00877215 0.00915881 0.00826227 0.00839345 0.00828945 0.00842753 0.00824002 0.00867 0.00878464 0.00824347 0.00832651 0.00850708 0.00858416 
0.573641 0 0.0131495 0.00958148 0.01055 0.0100145 0.00799269 0.00861409 0.0108853 0.00745737 0.0075316 0.00763813 0.00762502 0.00787959 0.00800666 0.00832699 0.00858127 0.0187064 0.0139035 0.011528 0.0101311 0.0101518 0.0203952 0.00904971 0.00870907 0.0084919 0.00978518 0.0130329 0.0128016 0.00884857 0.00944087 0.0085672 0.00823649 0.00822868 0.00812411 0.00822514 0.00832848 0.00992359 0.0106924 0.00997812 0.00897827 0.00828875 0.00821993 0.00919115 0.00973292 0.00991468 0.00969336 0.00980892 0.00841533 0.00812176 0.00814062 0.00809304 0.00815982 0.00834274 0.0086761 0.00816797 0.00815062 0.00811356 0.00843244 0.00811704 0.0081412 0.00815627 0.00839607 0.00812944 0.00808632 0.00827158 0.00842042 0.00840715 0.00804556 0.00818159 0.00847728 0.00810373 0.00815192 0.00820096 0.00817291 0.00822632 0.00816482 0.00829274 0.00809136 0.00817939 0.00819087 0.00823889 0.00834686 
0.0551519 0.0131495 0 0.0363484 0.00814226 0.00882497 0.00758259 0.00878272 0.0074888 0.00850876 0.00730027 0.00753043 0.00766932 0.00810113 0.00812156 0.00888065 0.0136596 0.0114065 0.0114515 0.0132796 0.00974698 0.0100627 0.0144605 0.0122489 0.00900399 0.00866839 0.0104223 0.00962418 0.0188934 0.0115443 0.00950748 0.00855909 0.0091537 0.00849445 0.00821884 0.00842565 0.00847677 0.00887696 0.0118644 0.00984748 0.0111776 0.00843209 0.00830053 0.00901176 0.0087654 0.0104197 0.00971821 0.00906119 0.00893925 0.00822093 0.00825609 0.00817882 0.00823139 0.00831626 0.00902121 0.00854854 0.0082277 0.00823144 0.00866057 0.00822782 0.0082326 0.00818586 0.00824312 0.00837148 0.00821614 0.00828395 0.00832668 0.00844844 0.00817607 0.0082389 0.00821937 0.00828419 0.00817255 0.00814782 0.00820337 0.00818563 0.00817443 0.00822539 0.00828623 0.00820479 0.00818289 0.00821345 0.00823803 
0.0438467 0.00958148 0.0363484 0 0.00387503 0.00381019 0.00392493 0.00392759 0.00448942 0.0049661 0.00521613 0.00607497 0.00606663 0.0114447 0.0256147 0.699057 0.0318917 0.0141518 0.023868 0.0131228 0.0136474 0.0150225 0.0532076 0.0119677 0.015358 0.00997375 0.0210814 0.0157688 0.0200625 0.0101395 0.0100777 0.0108809 0.0101736 0.00926034 0.00945952 0.00928722 0.00971359 0.0153 0.0112925 0.0109001 0.0213458 0.0141882 0.0110255 0.0146668 0.0133996 0.0107864 0.0103353 0.0110493 0.00924234 0.00875445 0.00988962 0.00941308 0.0094637 0.00987156 0.0113499 0.00873258 0.00965629 0.00855563 0.00938286 0.00854597 0.0086951 0.0092774 0.00937037 0.00887488 0.00848676 0.00895819 0.00908497 0.00867453 0.00825259 0.00826183 0.00868531 0.00839307 0.00825469 0.00843968 0.00832955 0.00823613 0.0082658 0.00837712 0.00825004 0.00816452 0.00826453 0.00845423 0.00893374 
0.0187884 0.01055 0.00814226 0.00387503 0 0.00379586 0.00376526 0.00389291 0.00387346 0.00423173 0.00570734 0.00612327 0.0160282 0.0372571 0.745681 0.0232547 0.0133934 0.0121287 0.00820019 0.0116031 0.0208732 0.0320526 0.011675 0.0197663 0.00999611 0.070912 0.0103639 0.0266837 0.00877509 0.00981233 0.0089975 0.0119366 0.0105279 0.0105058 0.00979408 0.0140912 0.0127313 0.0101955 0.00823368 0.00827765 0.0181487 0.0288308 0.0400472 0.01113 0.0127924 0.00820827 0.00877432 0.00885995 0.00834354 0.0137001 0.0112647 0.023901 0.0106161 0.0094704 0.00837848 0.00904121 0.0089229 0.0129308 0.00948925 0.011892 0.00934855 0.00951362 0.00863366 0.00856999 0.00892128 0.0105994 0.00899126 0.00820676 0.00834795 0.00844688 0.00839471 0.00841255 0.00934079 0.00897969 0.00895266 0.00903476 0.00863449 0.00840695 0.00832776 0.00881978 0.00862577 0.00869244 0.00846215 
0.0172308 0.0100145 0.00882497 0.00381019 0.00379586 0 0.0038112 0.00378169 0.00377029 0.00526326 0.00591056 0.00847005 0.0781445 0.775075 0.0191549 0.0159024 0.00919453 0.00887987 0.00897039 0.00990361 0.0248247 0.021233 0.0169608 0.00914116 0.066264 0.0106872 0.0858758 0.00995003 0.00953545 0.00878021 0.0103376 0.00912399 0.00935271 0.0114406 0.0172401 0.016617 0.0154489 0.00910423 0.00847675 0.00840229 0.0171642 0.0362061 0.0233737 0.034767 0.00868794 0.00852081 0.00843824 0.00844346 0.0091948 0.00921715 0.0366115 0.0138617 0.0184716 0.00908937 0.00880518 0.00937831 0.0121509 0.00891652 0.0213738 0.00890622 0.0133465 0.00930321 0.0085991 0.00879033 0.00961885 0.00995431 0.00877003 0.00821292 0.00844627 0.00858639 0.00846765 0.00843771 0.00914842 0.00969508 0.00980755 0.00882242 0.00892641 0.00832995 0.00832154 0.00858177 0.00889529 0.00873576 0.00856307 
0.0220711 0.00799269 0.00758259 0.00392493 0.00376526 0.0038112 0 0.00375769 0.00376326 0.00844805 0.0169503 0.176732 0.663855 0.0110126 0.0117476 0.00862487 0.0130394 0.0083629 0.00685403 0.012259 0.0133715 0.0224613 0.0104661 0.0194919 0.00872829 0.159878 0.00913199 0.0136525 0.00848146 0.00980486 0.00844483 0.0149858 0.0111402 0.00957113 0.0121 0.0198148 0.00921074 0.00937549 0.00823314 0.00818292 0.0119773 0.020014 0.066499 0.00982634 0.0108143 0.00822726 0.00839688 0.00845898 0.00827516 0.013954 0.0102615 0.0280575 0.0104704 0.00893422 0.00823016 0.00928737 0.00857723 0.0161309 0.00871611 0.0117636 0.00901995 0.00942826 0.00856123 0.00853617 0.00872722 0.0091242 0.008521 0.0081481 0.00830242 0.00847552 0.00848936 0.00828 0.00888159 0.00937553 0.00869249 0.00868641 0.00853972 0.00827558 0.0082899 0.00851904 0.00855317 0.00870723 0.00842043 
0.0203544 0.00861409 0.00878272 0.00392759 0.00389291 0.00378169 0.00375769 0 0.00401878 0.00696419 0.937186 0.0421626 0.00564503 0.00639187 0.00605395 0.0080887 0.00745299 0.00730923 0.00941729 0.00990567 0.0261664 0.0107418 0.0119654 0.00928673 0.0488005 0.00882074 0.0173816 0.00890231 0.0103353 0.00958072 0.0100752 0.00852903 0.00860702 0.00965366 0.0088692 0.00864235 0.00950911 0.00869415 0.00910704 0.00839414 0.0106444 0.02001 0.00940291 0.0123472 0.00854048 0.0086416 0.00857805 0.0084691 0.00874854 0.00870425 0.0102328 0.00882651 0.00999306 0.00865361 0.00866425 0.00835713 0.00928597 0.00834932 0.00918402 0.00832039 0.00848712 0.00836219 0.00824524 0.00832298 0.00858977 0.00856885 0.00823921 0.00814695 0.00839537 0.00831169 0.00818852 0.0083189 0.00842901 0.00840951 0.00836671 0.00833124 0.00832875 0.0082332 0.00823161 0.00841451 0.00830215 0.00835891 0.00820238 
0.0198881 0.0108853 0.0074888 0.00448942 0.00387346 0.00377029 0.00376326 0.00401878 0 0.983019 0.0211413 0.0046895 0.00393429 0.00429365 0.00511139 0.00901704 0.00617305 0.00679337 0.00649172 0.0140286 0.0137714 0.00900003 0.00936825 0.0424151 0.00870064 0.00951771 0.00874914 0.0117573 0.0114338 0.0142814 0.00848029 0.00953116 0.0139935 0.00873734 0.00828164 0.00854127 0.00836741 0.00912658 0.0102362 0.00918585 0.0178977 0.00902893 0.00876046 0.00857177 0.00955116 0.00920072 0.00948413 0.00970637 0.00907865 0.00862234 0.00836283 0.00840324 0.00828296 0.00857001 0.00880853 0.010137 0.00827819 0.00828134 0.00829368 0.00820648 0.0081981 0.00822404 0.00821438 0.00852174 0.00843259 0.00822253 0.00827294 0.00837849 0.00829127 0.0082193 0.00830232 0.00845654 0.00823491 0.00826949 0.00822262 0.00827346 0.0081661 0.00824941 0.00837722 0.0082638 0.00821655 0.00823532 0.0082165 
0.0176837 0.00745737 0.00850876 0.0049661 0.00423173 0.00526326 0.00844805 0.00696419 0.983019 0 0.00431971 0.0037589 0.00375245 0.00377197 0.00385443 0.0041975 0.0043737 0.0054457 0.0117165 0.00661857 0.00631035 0.00713053 0.0212224 0.00806141 0.00824003 0.0082623 0.00929551 0.0226232 0.0114136 0.00871526 0.00918421 0.00941108 0.00870769 0.00832325 0.00832356 0.00843569 0.00844314 0.0123808 0.00990541 0.0091206 0.00901247 0.00847212 0.0084306 0.00892195 0.0112125 0.00872671 0.00866171 0.00965962 0.0082922 0.00810883 0.00821907 0.0081347 0.00815622 0.00832167 0.00866387 0.00816592 0.00813591 0.00819865 0.00840969 0.00814937 0.00810149 0.0082244 0.00907139 0.00813797 0.00803837 0.00809799 0.00847273 0.00822738 0.00804581 0.00809864 0.00832075 0.00807386 0.00802954 0.00816986 0.00811074 0.00809684 0.00803939 0.00817671 0.00805887 0.00802638 0.00818361 0.00811626 0.00830211 
0.0110697 0.0075316 0.00730027 0.00521613 0.00570734 0.00591056 0.0169503 0.937186 0.0211413 0.00431971 0 0.00384965 0.00378277 0.00374378 0.00388428 0.00423498 0.00430666 0.00512209 0.00461284 0.00564781 0.00624808 0.00971702 0.0069971 0.00793089 0.00811049 0.00920633 0.0102484 0.00899213 0.0082932 0.00830061 0.00878604 0.00830825 0.00842651 0.00832152 0.0083669 0.00845888 0.0089344 0.00840799 0.00826663 0.008087 0.00898781 0.00972984 0.00932815 0.00952174 0.00839472 0.00807273 0.00805229 0.00820353 0.00811395 0.00830288 0.00837363 0.00857223 0.00839159 0.00820994 0.00812717 0.00817236 0.00827878 0.00821742 0.00828615 0.00819559 0.00817749 0.00845062 0.00810406 0.00813939 0.008307 0.00837967 0.00820545 0.00810286 0.00816195 0.00829662 0.00818686 0.00814873 0.00843978 0.00840697 0.00851789 0.0083729 0.00837816 0.00821719 0.00813168 0.00832892 0.00827447 0.00833303 0.0081775 
0.00986055 0.00763813 0.00753043 0.00607497 0.00612327 0.00847005 0.176732 0.0421626 0.0046895 0.0037589 0.00384965 0 0.00374483 0.00374662 0.00371737 0.00382429 0.00399191 0.00411034 0.00386363 0.00545807 0.00720728 0.0071435 0.00720667 0.00807234 0.00966931 0.0182218 0.0160398 0.00884051 0.00836877 0.00833845 0.00841773 0.00854306 0.00880001 0.00873965 0.00909153 0.0095015 0.00867472 0.00862035 0.00820834 0.00815831 0.00941229 0.0117519 0.0167283 0.009906 0.00839021 0.00806734 0.00818597 0.00822334 0.00846519 0.00847002 0.0119355 0.0110669 0.00947555 0.00853914 0.00821968 0.00882459 0.00869338 0.00898452 0.00938067 0.00852455 0.00895332 0.00858412 0.0085507 0.00877 0.00840866 0.00866656 0.00832564 0.00811649 0.00821156 0.00829578 0.0082378 0.00823935 0.0083741 0.008604 0.00853581 0.00850247 0.00840736 0.00823268 0.00819679 0.00826921 0.00841959 0.00833523 0.00825964 
0.0137725 0.00762502 0.00766932 0.00606663 0.0160282 0.0781445 0.663855 0.00564503 0.00393429 0.00375245 0.00378277 0.00374483 0 0.00374041 0.00378392 0.00385434 0.00381581 0.00379733 0.00382188 0.0053497 0.00628903 0.0156751 0.00608776 0.0090095 0.0086759 0.0353773 0.00956663 0.00971219 0.00834385 0.00848304 0.00849794 0.00925287 0.00910436 0.00868262 0.00953384 0.00949844 0.00913802 0.00879436 0.00818309 0.00813381 0.0113733 0.0149028 0.0231719 0.0104838 0.0090275 0.00808838 0.00816984 0.00825906 0.00827439 0.00993029 0.0107779 0.019939 0.010451 0.0102423 0.00823967 0.00871049 0.00900753 0.0106632 0.0092194 0.0101489 0.00872867 0.00918482 0.00834902 0.00844843 0.00979139 0.00893854 0.00854822 0.00818893 0.00826096 0.00839839 0.00847591 0.0081915 0.00851826 0.00882557 0.00883233 0.00866428 0.00852305 0.00822433 0.00823779 0.00908539 0.00845191 0.0084329 0.00828235 
0.0116363 0.00787959 0.00810113 0.0114447 0.0372571 0.775075 0.0110126 0.00639187 0.00429365 0.00377197 0.00374378 0.00374662 0.00374041 0 0.0037568 0.0037615 0.00376127 0.00376524 0.00378808 0.00417672 0.00661332 0.00738014 0.0078192 0.00976603 0.01605 0.00971242 0.0220889 0.00913626 0.00871464 0.00849075 0.00889032 0.00897044 0.00906117 0.00952494 0.00987555 0.00930103 0.0103769 0.00925018 0.00827637 0.00822488 0.0123761 0.0183569 0.0189913 0.0150553 0.00873923 0.00815071 0.00825109 0.00834372 0.00850752 0.00911928 0.018752 0.012703 0.012661 0.00983063 0.00829216 0.00889046 0.00972136 0.00896314 0.0121214 0.00878873 0.0110177 0.00905224 0.00857737 0.00903703 0.00891953 0.0098663 0.0085784 0.00818536 0.00821789 0.0084038 0.00834798 0.00827268 0.00887167 0.00925279 0.00870311 0.00867223 0.00876498 0.00826809 0.00828176 0.00837008 0.00845686 0.00857823 0.00838208 
0.0196438 0.00800666 0.00812156 0.0256147 0.745681 0.0191549 0.0117476 0.00605395 0.00511139 0.00385443 0.00388428 0.00371737 0.00378392 0.0037568 0 0.00371877 0.00380053 0.00377297 0.00381774 0.00426506 0.0077193 0.00782009 0.109715 0.0220191 0.00867852 0.0325107 0.00936059 0.0115064 0.00842874 0.00883064 0.00846655 0.010869 0.00963798 0.009208 0.0102072 0.0108754 0.00928587 0.00984348 0.00816055 0.00813441 0.0135742 0.0228705 0.0354992 0.0104568 0.0104228 0.00812057 0.00827492 0.00837296 0.00830956 0.0117541 0.012022 0.0233221 0.010613 0.0103816 0.00829721 0.00888981 0.00952566 0.013292 0.00950943 0.0112627 0.0090417 0.0092423 0.00879661 0.00846478 0.00897337 0.00900104 0.00886359 0.00817707 0.00840091 0.00847832 0.00857292 0.00831385 0.00886098 0.00901426 0.00939212 0.00883674 0.00861806 0.00826213 0.00825085 0.00850749 0.00848211 0.00853215 0.00835226 
0.014448 0.00832699 0.00888065 0.699057 0.0232547 0.0159024 0.00862487 0.0080887 0.00901704 0.0041975 0.00423498 0.00382429 0.00385434 0.0037615 0.00371877 0 0.00389193 0.003781 0.0039331 0.00759404 0.00817533 0.566574 0.10066 0.00833375 0.020763 0.0104737 0.020882 0.0100895 0.00878302 0.00894305 0.0088927 0.00918688 0.00948413 0.00965989 0.0129651 0.0101231 0.0109437 0.00934734 0.00848299 0.00827705 0.0153502 0.0282134 0.0232896 0.01838 0.0092914 0.00825381 0.00835353 0.00837054 0.00884679 0.00912081 0.0231583 0.0149988 0.0125481 0.00950454 0.00841592 0.00903062 0.0105853 0.00986545 0.0149451 0.0088247 0.0102849 0.00936337 0.00846073 0.0086689 0.00893262 0.00915935 0.00875706 0.00821439 0.00834137 0.00843863 0.00839818 0.00856275 0.00884591 0.00956621 0.00896211 0.00869495 0.00880697 0.0083578 0.00823465 0.008527 0.00860257 0.00866007 0.00848201 
0.0126628 0.00858127 0.0136596 0.0318917 0.0133934 0.00919453 0.0130394 0.00745299 0.00617305 0.0043737 0.00430666 0.00399191 0.00381581 0.00376127 0.00380053 0.00389193 0 0.00376112 0.00376613 0.00451062 0.614925 0.125023 0.00731076 0.00931442 0.00850948 0.0171898 0.0104053 0.0096953 0.00878146 0.00905062 0.0086942 0.00958726 0.00913917 0.00910349 0.0104046 0.0119595 0.00941811 0.00918146 0.00840841 0.00835438 0.0119259 0.0228987 0.0398928 0.0110566 0.00915283 0.0082769 0.00827948 0.0084666 0.00841785 0.00983253 0.0131864 0.0187318 0.0119279 0.00899277 0.00838344 0.00921772 0.00882286 0.0106621 0.00949242 0.00946978 0.0095473 0.00897288 0.00846925 0.00841369 0.00870217 0.00907207 0.00858098 0.00814969 0.00828311 0.00843117 0.00835074 0.0083319 0.00882661 0.00905626 0.00900273 0.00865955 0.00866611 0.0082569 0.00827086 0.00852785 0.00852901 0.00865805 0.00841206 
0.0188682 0.0187064 0.0114065 0.0141518 0.0121287 0.00887987 0.0083629 0.00730923 0.00679337 0.0054457 0.00512209 0.00411034 0.00379733 0.00376524 0.00377297 0.003781 0.00376112 0 0.00387578 0.0275963 0.189168 0.00971365 0.00450126 0.0101596 0.00901142 0.012031 0.0108746 0.0118697 0.00972513 0.0106977 0.00946214 0.00955392 0.00953787 0.00962661 0.00908124 0.00898709 0.00983449 0.00917311 0.00938994 0.00860646 0.0127034 0.0214101 0.0135246 0.0111402 0.00999769 0.00875051 0.00892693 0.00918225 0.0088513 0.0099505 0.00947814 0.0105881 0.0117963 0.00957871 0.00843597 0.00875931 0.00896868 0.00905711 0.00861451 0.00880318 0.00857684 0.00914239 0.00850877 0.00841654 0.00861723 0.00883274 0.00834697 0.00819585 0.00823449 0.00834376 0.00823684 0.00836473 0.00845541 0.00879317 0.00845583 0.00849089 0.00837254 0.0082238 0.0082047 0.00841691 0.00829839 0.00836662 0.00829498 
0.0301685 0.0139035 0.0114515 0.023868 0.00820019 0.00897039 0.00685403 0.00941729 0.00649172 0.0117165 0.00461284 0.00386363 0.00382188 0.00378808 0.00381774 0.0039331 0.00376613 0.00387578 0 0.852564 0.00558814 0.0040592 0.00652915 0.012125 0.00886342 0.00838881 0.0108727 0.0112644 0.0170453 0.0147508 0.00931649 0.00904535 0.0129497 0.0096129 0.00848323 0.00855254 0.00882722 0.0111164 0.013627 0.011701 0.0203576 0.0104202 0.00889343 0.0114659 0.00984464 0.0114791 0.0109502 0.0104448 0.0112905 0.00901341 0.00904222 0.00858877 0.00901369 0.00949769 0.0107222 0.0105217 0.00861118 0.00827 0.00920239 0.00822 0.0084925 0.00829237 0.0084389 0.00916119 0.00844286 0.0084055 0.00836859 0.0086259 0.00849483 0.00827269 0.00842329 0.00891083 0.00826558 0.00831643 0.00835196 0.00828589 0.00819528 0.0082661 0.00859654 0.00836978 0.00825475 0.00822865 0.0082843 
0.0315949 0.011528 0.0132796 0.0131228 0.0116031 0.00990361 0.012259 0.00990567 0.0140286 0.00661857 0.00564781 0.00545807 0.0053497 0.00417672 0.00426506 0.00759404 0.00451062 0.0275963 0.852564 0 0.00380955 0.00380119 0.0041452 0.0119782 0.00942522 0.0142174 0.0265912 0.0358018 0.0149391 0.0131472 0.0098745 0.0184165 0.0122688 0.0100658 0.00947812 0.0102984 0.00984453 0.0179714 0.0119987 0.0118874 0.0267597 0.0140681 0.0127467 0.0215019 0.0202076 0.0116504 0.0127026 0.0125941 0.00982923 0.0093241 0.00932696 0.0100261 0.00898265 0.0108153 0.0117164 0.00942189 0.00890895 0.009206 0.00909916 0.00913186 0.00865668 0.00905671 0.0100201 0.00911741 0.00836827 0.00885571 0.00990464 0.00859068 0.00829935 0.00835895 0.00871566 0.0085061 0.00835997 0.00847413 0.00844169 0.00834195 0.00830482 0.00868167 0.00829543 0.0082316 0.00835985 0.00857378 0.00856973 
0.0194134 0.0101311 0.00974698 0.0136474 0.0208732 0.0248247 0.0133715 0.0261664 0.0137714 0.00631035 0.00624808 0.00720728 0.00628903 0.00661332 0.0077193 0.00817533 0.614925 0.189168 0.00558814 0.00380955 0 0.00394729 0.00379698 0.00814309 0.0212199 0.0213658 0.0617787 0.0117597 0.010038 0.00934268 0.0149105 0.0101603 0.00995871 0.0106011 0.0113328 0.0111132 0.0180043 0.0108009 0.00907878 0.00869498 0.0184022 0.0388093 0.0741424 0.023561 0.0103636 0.00895392 0.00870551 0.00927127 0.00876227 0.00984899 0.0209076 0.0146853 0.0149156 0.00928074 0.00881394 0.00889378 0.0104526 0.0100248 0.0119041 0.0088398 0.00987598 0.0102459 0.00873427 0.00868503 0.00916688 0.0105928 0.00894104 0.00816572 0.00883845 0.0085458 0.00871964 0.00844612 0.00908578 0.0092291 0.0090409 0.00869821 0.00895595 0.00839667 0.00827653 0.00850144 0.00856784 0.00895982 0.00868409 
0.0263104 0.0101518 0.0100627 0.0150225 0.0320526 0.021233 0.0224613 0.0107418 0.00900003 0.00713053 0.00971702 0.0071435 0.0156751 0.00738014 0.00782009 0.566574 0.125023 0.00971365 0.0040592 0.00380119 0.00394729 0 0.00379208 0.0122307 0.0128478 0.033627 0.0270979 0.0152428 0.0099518 0.0129666 0.0123834 0.012175 0.0107475 0.0124963 0.0101409 0.0138803 0.0160135 0.0115896 0.0095981 0.00913216 0.0168189 0.0982572 0.0443078 0.0260393 0.0148641 0.00924169 0.00997577 0.00941637 0.00914468 0.0157043 0.0138463 0.0345672 0.0227651 0.0146848 0.00885667 0.0104959 0.0106064 0.0148536 0.0102051 0.0110563 0.00956632 0.0152188 0.00902246 0.00900705 0.0102285 0.0129227 0.00943552 0.00835603 0.00836745 0.00898402 0.00847528 0.00886186 0.00940294 0.0101433 0.00937507 0.00985602 0.00939014 0.008706 0.0084263 0.00887748 0.00873459 0.00897016 0.00850544 
0.0627728 0.0203952 0.0144605 0.0532076 0.011675 0.0169608 0.0104661 0.0119654 0.00936825 0.0212224 0.0069971 0.00720667 0.00608776 0.0078192 0.109715 0.10066 0.00731076 0.00450126 0.00652915 0.0041452 0.00379698 0.00379208 0 0.0136791 0.0186055 0.0091862 0.015224 0.0429679 0.0290825 0.023352 0.0123825 0.0145377 0.022838 0.0123242 0.0101564 0.00975012 0.0132093 0.022803 0.0297146 0.017935 0.0987553 0.0232221 0.0156417 0.0273149 0.0177393 0.021454 0.0181278 0.0163753 0.0223036 0.0104392 0.0146874 0.0147445 0.0202203 0.0204867 0.0194693 0.0195966 0.0109752 0.00913164 0.012105 0.0086457 0.0100054 0.00999102 0.0118242 0.0131423 0.0100074 0.00999691 0.0101599 0.00962706 0.00928682 0.00878805 0.00970982 0.0129204 0.00958187 0.0092139 0.00925704 0.00864725 0.00902923 0.00910851 0.00982223 0.00879844 0.00908204 0.00862543 0.00874336 
0.0471774 0.00904971 0.0122489 0.0119677 0.0197663 0.00914116 0.0194919 0.00928673 0.0424151 0.00806141 0.00793089 0.00807234 0.0090095 0.00976603 0.0220191 0.00833375 0.00931442 0.0101596 0.012125 0.0119782 0.00814309 0.0122307 0.0136791 0 0.00383712 0.00396876 0.00385663 0.00831047 0.00480848 0.00715628 0.00686285 0.0363734 0.0134402 0.0137496 0.00878556 0.0195081 0.0105838 0.056287 0.011565 0.011695 0.0165654 0.0123936 0.0166188 0.0106495 0.0988085 0.0124166 0.0177479 0.0209451 0.00858638 0.013639 0.0090872 0.0151877 0.00931907 0.0151975 0.00979953 0.00927787 0.00897915 0.013418 0.00843497 0.0251775 0.00838219 0.0114602 0.0145749 0.00904808 0.00839893 0.00941036 0.0113047 0.00919191 0.00820399 0.0159014 0.0115029 0.00861245 0.00851497 0.00850902 0.00848137 0.00840926 0.00827661 0.00899736 0.00853678 0.00847729 0.00826404 0.00923608 0.00897173 
0.0116091 0.00870907 0.00900399 0.015358 0.00999611 0.066264 0.00872829 0.0488005 0.00870064 0.00824003 0.00811049 0.00966931 0.0086759 0.01605 0.00867852 0.020763 0.00850948 0.00901142 0.00886342 0.00942522 0.0212199 0.0128478 0.0186055 0.00383712 0 0.00374271 0.00394807 0.00377822 0.00476576 0.00635857 0.0488711 0.00791268 0.0105437 0.00942944 0.0161714 0.00859051 0.0328266 0.00939062 0.00961073 0.00907079 0.0134386 0.0211444 0.0104448 0.0597 0.00880267 0.00928179 0.00875505 0.0091108 0.00933977 0.00863854 0.0272965 0.00918233 0.0197221 0.00886576 0.00942707 0.00866415 0.0122501 0.00834672 0.0269185 0.00833888 0.012923 0.00913734 0.00849206 0.00889112 0.0091423 0.00976212 0.00880073 0.00818488 0.0083432 0.00856485 0.0084967 0.00845172 0.00856419 0.00887201 0.00869416 0.00856397 0.00878034 0.008369 0.00836273 0.00829957 0.00859351 0.00874169 0.0084418 
0.0110043 0.0084919 0.00866839 0.00997375 0.070912 0.0106872 0.159878 0.00882074 0.00951771 0.0082623 0.00920633 0.0182218 0.0353773 0.00971242 0.0325107 0.0104737 0.0171898 0.012031 0.00838881 0.0142174 0.0213658 0.033627 0.0091862 0.00396876 0.00374271 0 0.00374651 0.00379169 0.00400108 0.0401589 0.00829088 0.23109 0.0147947 0.00896234 0.0101747 0.0412503 0.00852589 0.0100892 0.00817838 0.00817764 0.0134191 0.021527 0.124225 0.00956345 0.0172303 0.0084282 0.00958835 0.0118657 0.00850726 0.0253483 0.0103293 0.0979825 0.0108657 0.0103585 0.00860604 0.0109936 0.00890776 0.0541896 0.00902406 0.0371854 0.00909643 0.0108444 0.0091846 0.00892531 0.00989076 0.0101518 0.00897281 0.00819891 0.00833893 0.00865328 0.00855069 0.0085809 0.00917707 0.0101621 0.00938622 0.00958572 0.00886049 0.00839893 0.00850465 0.00880781 0.0088274 0.0099321 0.00855678 
0.0131995 0.00978518 0.0104223 0.0210814 0.0103639 0.0858758 0.00913199 0.0173816 0.00874914 0.00929551 0.0102484 0.0160398 0.00956663 0.0220889 0.00936059 0.020882 0.0104053 0.0108746 0.0108727 0.0265912 0.0617787 0.0270979 0.015224 0.00385663 0.00394807 0.00374651 0 0.00375539 0.031823 0.0125308 0.352866 0.00929576 0.0087548 0.0134633 0.0145174 0.00839045 0.015502 0.00978044 0.0109393 0.00950844 0.0157696 0.0483262 0.011503 0.0579193 0.00870737 0.0113636 0.00961763 0.00969822 0.0132774 0.00946739 0.0371847 0.0107504 0.0287681 0.0101011 0.0100373 0.00958815 0.0194473 0.00855371 0.0213026 0.00841064 0.0114261 0.00928343 0.00853729 0.00910802 0.00970595 0.0106693 0.00873291 0.00829156 0.00866873 0.00863997 0.00851612 0.00869621 0.00879666 0.00918341 0.00909497 0.00873653 0.00867965 0.00829297 0.00838332 0.00868291 0.00871476 0.00850264 0.00836282 
0.0235576 0.0130329 0.00962418 0.0157688 0.0266837 0.00995003 0.0136525 0.00890231 0.0117573 0.0226232 0.00899213 0.00884051 0.00971219 0.00913626 0.0115064 0.0100895 0.0096953 0.0118697 0.0112644 0.0358018 0.0117597 0.0152428 0.0429679 0.00831047 0.00377822 0.00379169 0.00375539 0 0.0330921 0.244596 0.0086914 0.0311914 0.0231565 0.0105202 0.00771164 0.0091768 0.00910254 0.0139673 0.0125339 0.0113208 0.0284278 0.0115691 0.0135691 0.01042 0.0297652 0.0123197 0.0174112 0.0162168 0.0109002 0.0142628 0.00879932 0.0117993 0.00982343 0.0148586 0.010266 0.0130382 0.00857223 0.0111235 0.00833126 0.0100163 0.00832062 0.00928735 0.0105856 0.0100497 0.0087112 0.00902348 0.00943468 0.00906538 0.00909136 0.00881994 0.00871197 0.00971422 0.00864012 0.00884544 0.00861494 0.00862785 0.00843026 0.00861003 0.00902612 0.00857116 0.00843751 0.00883826 0.00840483 
0.047976 0.0128016 0.0188934 0.0200625 0.00877509 0.00953545 0.00848146 0.0103353 0.0114338 0.0114136 0.0082932 0.00836877 0.00834385 0.00871464 0.00842874 0.00878302 0.00878146 0.00972513 0.0170453 0.0149391 0.010038 0.0099518 0.0290825 0.00480848 0.00476576 0.00400108 0.031823 0.0330921 0 0.0217768 0.0080015 0.00618546 0.0102418 0.00672745 0.00657546 0.00676045 0.00730969 0.0106443 0.0498969 0.0583186 0.0171409 0.0104177 0.00870574 0.014905 0.014697 0.0571949 0.0426531 0.059097 0.0129979 0.0089136 0.00910953 0.00835459 0.00873467 0.00991172 0.042216 0.0103402 0.00906128 0.00821077 0.00938782 0.00816707 0.00845273 0.00844235 0.01041 0.00977885 0.00823808 0.00832692 0.00920909 0.0106487 0.0088176 0.00829213 0.00898883 0.00916401 0.00816319 0.00817483 0.00811131 0.00812828 0.00816303 0.00862465 0.00870249 0.0081451 0.00818385 0.00840156 0.00890535 
0.0137485 0.00884857 0.0115443 0.0101395 0.00981233 0.00878021 0.00980486 0.00958072 0.0142814 0.00871526 0.00830061 0.00833845 0.00848304 0.00849075 0.00883064 0.00894305 0.00905062 0.0106977 0.0147508 0.0131472 0.00934268 0.0129666 0.023352 0.00715628 0.00635857 0.0401589 0.0125308 0.244596 0.0217768 0 0.00394528 0.00391848 0.00403566 0.00446312 0.00473735 0.00548228 0.00623132 0.0124132 0.00968812 0.00915765 0.0135412 0.00991787 0.0110043 0.0121088 0.0335438 0.0121787 0.0134427 0.0144732 0.00937791 0.00916193 0.00887326 0.00893299 0.00869808 0.0109571 0.0103326 0.00868573 0.00870531 0.00875881 0.00895297 0.00884118 0.00836733 0.00897235 0.0107306 0.00833973 0.00820255 0.00850002 0.0104941 0.00887521 0.00822344 0.00820927 0.00909 0.00827153 0.00819548 0.0082738 0.00821231 0.00817013 0.00820401 0.00873761 0.00818397 0.00807062 0.00819763 0.00846957 0.00866086 
0.00961593 0.00944087 0.00950748 0.0100777 0.0089975 0.0103376 0.00844483 0.0100752 0.00848029 0.00918421 0.00878604 0.00841773 0.00849794 0.00889032 0.00846655 0.0088927 0.0086942 0.00946214 0.00931649 0.0098745 0.0149105 0.0123834 0.0123825 0.00686285 0.0488711 0.00829088 0.352866 0.0086914 0.0080015 0.00394528 0 0.00379915 0.00381874 0.00463026 0.00462185 0.00437959 0.00552725 0.0126208 0.0088794 0.008209 0.00986764 0.0164547 0.00899839 0.0322747 0.0088911 0.0120287 0.0104048 0.0104613 0.00961243 0.00933574 0.00942769 0.00859502 0.0120666 0.00855876 0.00882125 0.0086457 0.00961241 0.00833415 0.00936913 0.00832295 0.00855696 0.00872971 0.00846271 0.00846335 0.00856668 0.00873936 0.00843881 0.00824661 0.00819422 0.00831574 0.00825996 0.00833047 0.00827091 0.00827515 0.00832671 0.00821312 0.00845328 0.00820846 0.00820425 0.00830744 0.0083048 0.00840156 0.00823551 
0.0144668 0.0085672 0.00855909 0.0108809 0.0119366 0.00912399 0.0149858 0.00852903 0.00953116 0.00941108 0.00830825 0.00854306 0.00925287 0.00897044 0.010869 0.00918688 0.00958726 0.00955392 0.00904535 0.0184165 0.0101603 0.012175 0.0145377 0.0363734 0.00791268 0.23109 0.00929576 0.0311914 0.00618546 0.00391848 0.00379915 0 0.00579199 0.00380099 0.00401802 0.0048741 0.00417093 0.00430062 0.00676301 0.00667954 0.0243725 0.0103146 0.014028 0.00889518 0.0259766 0.0104508 0.0140809 0.0162673 0.00920036 0.0113845 0.00892187 0.0146056 0.00886884 0.00993634 0.00995577 0.0105182 0.00847042 0.0125827 0.00867337 0.0135854 0.00844398 0.00881327 0.00935431 0.00907138 0.00860806 0.00846733 0.0089065 0.00842819 0.00830493 0.00831089 0.00858516 0.00851894 0.00840347 0.00860625 0.00858679 0.00835926 0.00834948 0.00843285 0.00834181 0.00822395 0.00852033 0.00839983 0.00844862 
0.0148501 0.00823649 0.0091537 0.0101736 0.0105279 0.00935271 0.0111402 0.00860702 0.0139935 0.00870769 0.00842651 0.00880001 0.00910436 0.00906117 0.00963798 0.00948413 0.00913917 0.00953787 0.0129497 0.0122688 0.00995871 0.0107475 0.022838 0.0134402 0.0105437 0.0147947 0.0087548 0.0231565 0.0102418 0.00403566 0.00381874 0.00579199 0 0.00388249 0.00377059 0.00508741 0.0038509 0.00491934 0.00647867 0.00783518 0.010208 0.0109435 0.0122418 0.0109926 0.211516 0.0142234 0.0135255 0.0176981 0.00933503 0.0116386 0.00925645 0.0107797 0.00916849 0.0125341 0.00961062 0.00906161 0.00857676 0.0120322 0.00873341 0.0128648 0.00867657 0.00885153 0.0155926 0.0085189 0.0084204 0.00903009 0.0106053 0.00903376 0.00821003 0.00814156 0.0107194 0.00854186 0.00826933 0.00867058 0.00862768 0.00847545 0.00837787 0.00855876 0.00823908 0.00824817 0.00823109 0.00836331 0.00849884 
0.00979993 0.00822868 0.00849445 0.00926034 0.0105058 0.0114406 0.00957113 0.00965366 0.00873734 0.00832325 0.00832152 0.00873965 0.00868262 0.00952494 0.009208 0.00965989 0.00910349 0.00962661 0.0096129 0.0100658 0.0106011 0.0124963 0.0123242 0.0137496 0.00942944 0.00896234 0.0134633 0.0105202 0.00672745 0.00446312 0.00463026 0.00380099 0.00388249 0 0.00376487 0.00377747 0.00389883 0.00410175 0.00667293 0.00652747 0.0100942 0.0129636 0.0103028 0.0755992 0.0418793 0.00872725 0.0090499 0.00981877 0.00884844 0.00940855 0.0108168 0.0101317 0.0103267 0.00877926 0.00899072 0.00846636 0.00971291 0.00860816 0.0103254 0.00851414 0.00894356 0.00878919 0.00849702 0.00827309 0.00851451 0.00871153 0.00864444 0.00815015 0.00811767 0.00830638 0.00837941 0.00817971 0.00828164 0.0083892 0.00861624 0.00835156 0.00829257 0.00827239 0.00812697 0.00818567 0.0083448 0.00850521 0.00833069 
0.00866881 0.00812411 0.00821884 0.00945952 0.00979408 0.0172401 0.0121 0.0088692 0.00828164 0.00832356 0.0083669 0.00909153 0.00953384 0.00987555 0.0102072 0.0129651 0.0104046 0.00908124 0.00848323 0.00947812 0.0113328 0.0101409 0.0101564 0.00878556 0.0161714 0.0101747 0.0145174 0.00771164 0.00657546 0.00473735 0.00462185 0.00401802 0.00377059 0.00376487 0 0.00378513 0.00378834 0.00374607 0.00476974 0.00588599 0.00899321 0.0118019 0.0214763 0.332676 0.0102095 0.0083142 0.00839203 0.0085444 0.00912397 0.00902086 0.0174265 0.0152513 0.0102399 0.00868797 0.00850985 0.00901487 0.00949512 0.00991138 0.0127958 0.00889313 0.0095906 0.008827 0.00838643 0.00836557 0.00874507 0.00902683 0.00842035 0.00812093 0.00817963 0.00826425 0.00823439 0.0082631 0.00840221 0.00893928 0.00885931 0.00854543 0.00844577 0.00819843 0.0081382 0.00828863 0.00846626 0.00843007 0.00836652 
0.00861462 0.00822514 0.00842565 0.00928722 0.0140912 0.016617 0.0198148 0.00864235 0.00854127 0.00843569 0.00845888 0.0095015 0.00949844 0.00930103 0.0108754 0.0101231 0.0119595 0.00898709 0.00855254 0.0102984 0.0111132 0.0138803 0.00975012 0.0195081 0.00859051 0.0412503 0.00839045 0.0091768 0.00676045 0.00548228 0.00437959 0.0048741 0.00508741 0.00377747 0.00378513 0 0.00377191 0.00376813 0.00464282 0.00588486 0.010573 0.0114993 0.480127 0.010726 0.0108514 0.00851958 0.00916619 0.00952833 0.00869144 0.0131864 0.0136367 0.0226456 0.00926094 0.00870707 0.00845562 0.00905891 0.0103003 0.0146621 0.0100831 0.0132058 0.00931057 0.00915415 0.00852342 0.00850718 0.00908814 0.00906473 0.00851476 0.00829992 0.00824565 0.00845461 0.0085402 0.00847651 0.00848547 0.00895247 0.00891966 0.00870478 0.00852783 0.00829806 0.0082395 0.00831169 0.00866239 0.00864351 0.00834894 
0.00904166 0.00832848 0.00847677 0.00971359 0.0127313 0.0154489 0.00921074 0.00950911 0.00836741 0.00844314 0.0089344 0.00867472 0.00913802 0.0103769 0.00928587 0.0109437 0.00941811 0.00983449 0.00882722 0.00984453 0.0180043 0.0160135 0.0132093 0.0105838 0.0328266 0.00852589 0.015502 0.00910254 0.00730969 0.00623132 0.00552725 0.00417093 0.0038509 0.00389883 0.00378834 0.00377191 0 0.00375335 0.00470055 0.00638318 0.0105585 0.575149 0.00938364 0.0226048 0.00832892 0.00928815 0.00954893 0.00967699 0.00954306 0.0125461 0.0146692 0.0111329 0.017072 0.00925907 0.0089733 0.00899967 0.0126471 0.00930814 0.0108419 0.0085763 0.00956035 0.0100979 0.00864853 0.00854919 0.00925691 0.00970642 0.00864379 0.00821253 0.00825833 0.00840645 0.00842459 0.00846526 0.00884689 0.00880908 0.00870369 0.00879179 0.00844125 0.00830192 0.00827551 0.00836153 0.00845118 0.00866072 0.00846863 
0.0124139 0.00992359 0.00887696 0.0153 0.0101955 0.00910423 0.00937549 0.00869415 0.00912658 0.0123808 0.00840799 0.00862035 0.00879436 0.00925018 0.00984348 0.00934734 0.00918146 0.00917311 0.0111164 0.0179714 0.0108009 0.0115896 0.022803 0.056287 0.00939062 0.0100892 0.00978044 0.0139673 0.0106443 0.0124132 0.0126208 0.00430062 0.00491934 0.00410175 0.00374607 0.00376813 0.00375335 0 0.0122018 0.00975748 0.491039 0.0102064 0.0239408 0.0127553 0.0143819 0.0141168 0.0144555 0.0129167 0.0165667 0.0112083 0.00972111 0.0103737 0.0103403 0.0151686 0.0118217 0.0152427 0.00893313 0.0088422 0.00933749 0.00885082 0.00868549 0.00911632 0.00989121 0.0106705 0.00874204 0.00867346 0.00914662 0.0089415 0.00874636 0.00831524 0.00872249 0.00958477 0.00833328 0.00835782 0.00846978 0.00838477 0.00833065 0.00845943 0.00868295 0.00831923 0.00831364 0.0083059 0.00842851 
0.0216487 0.0106924 0.0118644 0.0112925 0.00823368 0.00847675 0.00823314 0.00910704 0.0102362 0.00990541 0.00826663 0.00820834 0.00818309 0.00827637 0.00816055 0.00848299 0.00840841 0.00938994 0.013627 0.0119987 0.00907878 0.0095981 0.0297146 0.011565 0.00961073 0.00817838 0.0109393 0.0125339 0.0498969 0.00968812 0.0088794 0.00676301 0.00647867 0.00667293 0.00476974 0.00464282 0.00470055 0.0122018 0 0.967533 0.0113133 0.00844384 0.00679702 0.00983374 0.00912612 0.0377373 0.0301268 0.0467215 0.0126481 0.009013 0.00906679 0.00837011 0.00904697 0.0111743 0.018904 0.0100462 0.00881589 0.008175 0.00943587 0.00811457 0.00844847 0.00872821 0.0110543 0.00935202 0.00820814 0.00831039 0.0094895 0.0110564 0.00891639 0.00823263 0.00930225 0.0092415 0.0081903 0.00819314 0.00814647 0.00808062 0.00819933 0.00887263 0.00898043 0.00811203 0.00815527 0.00827221 0.0093567 
0.019562 0.00997812 0.00984748 0.0109001 0.00827765 0.00840229 0.00818292 0.00839414 0.00918585 0.0091206 0.008087 0.00815831 0.00813381 0.00822488 0.00813441 0.00827705 0.00835438 0.00860646 0.011701 0.0118874 0.00869498 0.00913216 0.017935 0.011695 0.00907079 0.00817764 0.00950844 0.0113208 0.0583186 0.00915765 0.008209 0.00667954 0.00783518 0.00652747 0.00588599 0.00588486 0.00638318 0.00975748 0.967533 0 0.0123447 0.00503122 0.0041393 0.00544774 0.00546067 0.0255242 0.0223866 0.0367101 0.0122593 0.0102987 0.00906364 0.00849346 0.0089551 0.0103842 0.0295774 0.0105314 0.00857414 0.00818668 0.00911921 0.00813121 0.00842197 0.00860177 0.00980414 0.00919726 0.0082039 0.00826509 0.00898446 0.0105684 0.00882373 0.00820966 0.0091229 0.00911319 0.00820656 0.00812192 0.00809047 0.00806447 0.00813747 0.00859523 0.00871651 0.00807991 0.00810807 0.0082571 0.00886688 
0.0214134 0.00897827 0.0111776 0.0213458 0.0181487 0.0171642 0.0119773 0.0106444 0.0178977 0.00901247 0.00898781 0.00941229 0.0113733 0.0123761 0.0135742 0.0153502 0.0119259 0.0127034 0.0203576 0.0267597 0.0184022 0.0168189 0.0987553 0.0165654 0.0134386 0.0134191 0.0157696 0.0284278 0.0171409 0.0135412 0.00986764 0.0243725 0.010208 0.0100942 0.00899321 0.010573 0.0105585 0.491039 0.0113133 0.0123447 0 0.0038963 0.00382821 0.00392575 0.00466672 0.0124304 0.0167674 0.0271006 0.0427453 0.0176064 0.0220264 0.0168653 0.0148328 0.0290239 0.0238173 0.0170952 0.0172598 0.0135841 0.0135473 0.0116579 0.0135435 0.0128661 0.0260246 0.0129255 0.0131833 0.0132491 0.0203333 0.0103475 0.0109832 0.00998387 0.0179507 0.0124908 0.011862 0.0138269 0.0126245 0.0108518 0.0102156 0.0119789 0.0100214 0.00929352 0.0102204 0.010674 0.0122072 
0.0113305 0.00828875 0.00843209 0.0141882 0.0288308 0.0362061 0.020014 0.02001 0.00902893 0.00847212 0.00972984 0.0117519 0.0149028 0.0183569 0.0228705 0.0282134 0.0228987 0.0214101 0.0104202 0.0140681 0.0388093 0.0982572 0.0232221 0.0123936 0.0211444 0.021527 0.0483262 0.0115691 0.0104177 0.00991787 0.0164547 0.0103146 0.0109435 0.0129636 0.0118019 0.0114993 0.575149 0.0102064 0.00844384 0.00503122 0.0038963 0 0.00378256 0.00383124 0.00385478 0.00680278 0.0103476 0.0132795 0.0145633 0.0510184 0.0348496 0.0388213 0.0503873 0.0140382 0.0122343 0.0128918 0.031251 0.0218365 0.0233332 0.0183776 0.0197257 0.0236917 0.0113062 0.010638 0.021371 0.0283083 0.0134729 0.00836531 0.00951276 0.0123419 0.0100814 0.00989157 0.0168923 0.0187905 0.0181798 0.014701 0.0142593 0.00914714 0.00891929 0.0112151 0.0119206 0.0131033 0.00926524 
0.00987053 0.00821993 0.00830053 0.0110255 0.0400472 0.0233737 0.066499 0.00940291 0.00876046 0.0084306 0.00932815 0.0167283 0.0231719 0.0189913 0.0354992 0.0232896 0.0398928 0.0135246 0.00889343 0.0127467 0.0741424 0.0443078 0.0156417 0.0166188 0.0104448 0.124225 0.011503 0.0135691 0.00870574 0.0110043 0.00899839 0.014028 0.0122418 0.0103028 0.0214763 0.480127 0.00938364 0.0239408 0.00679702 0.0041393 0.00382821 0.00378256 0 0.00377224 0.00378357 0.00620941 0.0098146 0.0118708 0.0116386 0.0294204 0.0460573 0.148771 0.016683 0.0155493 0.00956663 0.0155067 0.0161107 0.0769064 0.0122431 0.0432571 0.0194835 0.0171646 0.0101561 0.0112147 0.0260964 0.0203381 0.0114005 0.00847172 0.00914499 0.0096621 0.0101311 0.0100836 0.0145736 0.0243349 0.0218568 0.0244646 0.0129515 0.00895283 0.00878498 0.0109306 0.0133796 0.0126689 0.00890873 
0.0122655 0.00919115 0.00901176 0.0146668 0.01113 0.034767 0.00982634 0.0123472 0.00857177 0.00892195 0.00952174 0.009906 0.0104838 0.0150553 0.0104568 0.01838 0.0110566 0.0111402 0.0114659 0.0215019 0.023561 0.0260393 0.0273149 0.0106495 0.0597 0.00956345 0.0579193 0.01042 0.014905 0.0121088 0.0322747 0.00889518 0.0109926 0.0755992 0.332676 0.010726 0.0226048 0.0127553 0.00983374 0.00544774 0.00392575 0.00383124 0.00377224 0 0.00408653 0.0193266 0.00902464 0.0133349 0.0200822 0.0125351 0.0565728 0.0232845 0.0883362 0.0161714 0.0141671 0.0141726 0.0393254 0.00944692 0.0295614 0.00909277 0.0177883 0.0177719 0.00991214 0.0116841 0.0147504 0.0199698 0.0106848 0.00874551 0.00924145 0.00999265 0.00921318 0.0104981 0.0113794 0.0113164 0.0122757 0.00995289 0.0133207 0.00865201 0.00989359 0.00988424 0.00989076 0.00956674 0.00924356 
