1FX3B
QPVLQIQRIYVKDVSFEAPNLPHIFQQEWKPKLGFDLSTETTQVGDDLYEVVLNISVETTLEDSGDVAFICEVKQAGVFTISGLEDVQMAHCLTSQCPNMLFPYARELVSNLVNRGTFPALNLSPVNFDALFVEYMNRQQAENAEEKSE
CCEEEEEEEEEEEEEEECCCCCHHHHCCCCEEEEEEEEEEEEEEECCEEEEEEEEEEEEEECCCCCEEEEEEEEEEEEEEEECCCHHHHHHHHHCHHHHHHHHHHHHHHHHHHHHHCCCCCCCCCCCHHHHHHHHHHHHHHHHHHHHCC
0 0 0 0 0 0 0 0 0 0 0 0 0 0 0 0 0 0 0 0 0 0 0 0 0 0 0 0 0 0 0 0 0 0 0 0 0 0 0 0 0 0 0 0 0 0 0 0 0 0 0 0 0 0 0 0 0 0 0 0 0 0 0 0 0 0 0 0 0 0 0 0 0 0 0 0 0 0 0 0 0 0 0 0 0 0 0 0 0 0 0 0 0 0 0 0 0 0 0 0 0 0 0 0 0 0 0 0 0 0 0 0 0 0 0 0 0 0 0 0 0 0 0 0 0 0 0 0 0 0 0 0 0 0 0 0 0 0 0 0 0 0 0 0 0 0 0 0 0 
0 0 0 0 0 0 0 0 0 0 0 0 0 0 0 0 0 0 0 0 0 0 0 0 0 0 0 0 0 0 0 0 0 0 0 0 0 0 0 0 0 0 0 0 0 0 0 0 0 0 0 0 0 0 0 0 0 0 0 0 0 0 0 0 0 0 0 0 0 0 0 0 0 0 0 0 0 0 0 0 0 0 0 0 0 0 0 0 0 0 0 0 0 0 0 0 0 0 0 0 0 0 0 0 0 0 0 0 0 0 0 0 0 0 0 0 0 0 0 0 0 0 0 0 0 0 0 0 0 0 0 0 0 0 0 0 0 0 0 0 0 0 0 0 0 0 0 0 0 
0 0.00423844 0.00390207 0.00384225 0.00406696 0.00386692 0.00397276 0.00458193 0.00786389 0.00697822 0.00663775 0.00603371 0.00940704 0.00772905 0.0494879 0.0117161 0.00916673 0.00865589 0.00977376 0.00876234 0.00948817 0.00854387 0.00915919 0.00877312 0.00910536 0.00894114 0.00907005 0.00931264 0.00900812 0.0141212 0.0134819 0.00972362 0.0106285 0.00967542 0.012021 0.0092326 0.0133977 0.00877959 0.0116635 0.00858086 0.0103003 0.00871014 0.0132624 0.0150687 0.0121002 0.0101158 0.00935725 0.0098329 0.00849354 0.00994885 0.00851508 0.00900806 0.00840166 0.0087128 0.0086938 0.00865876 0.00858828 0.00981519 0.00889593 0.0318751 
0.00423844 0 0.00383617 0.00390418 0.00384379 0.0038553 0.00414917 0.00505898 0.00570902 0.00604975 0.00495002 0.00902517 0.00629449 0.0322743 0.00699334 0.00982384 0.00930636 0.0117065 0.00835918 0.01297 0.00823675 0.0116054 0.00832448 0.00995873 0.0085225 0.00894613 0.00892545 0.0087321 0.0106486 0.00875601 0.00911233 0.0212647 0.00977394 0.0308679 0.0100698 0.032254 0.0091624 0.0287696 0.0087733 0.0213666 0.00870299 0.0221499 0.00950255 0.0137978 0.0114149 0.0142479 0.0151205 0.00986532 0.0145536 0.008663 0.0174184 0.00844128 0.010784 0.00952076 0.0101783 0.0107276 0.0122847 0.00989341 0.0372139 0.00876676 
0.00390207 0.00383617 0 0.00383827 0.00387598 0.00386955 0.00380565 0.0042068 0.00392245 0.00437589 0.00869313 0.00467422 0.0332298 0.00603356 0.0109914 0.00809025 0.00975654 0.0083063 0.0163625 0.00809753 0.0177293 0.00819258 0.0124232 0.00866218 0.010953 0.00891686 0.0100018 0.0116028 0.00910385 0.00931196 0.0108669 0.00863214 0.0398985 0.00957472 0.0510243 0.01001 0.0718118 0.00859754 0.0602162 0.00845546 0.0630872 0.00872738 0.0258841 0.00842384 0.00947291 0.0154638 0.0183522 0.0187321 0.00871661 0.0481274 0.00829317 0.0235056 0.00914913 0.0109862 0.0145331 0.0139452 0.0115717 0.0614341 0.00860421 0.00952305 
0.00384225 0.00390418 0.00383827 0 0.0038072 0.00371853 0.00382253 0.00381665 0.00411812 0.00737568 0.00400643 0.0323985 0.00494071 0.0144824 0.00557668 0.00876518 0.00802904 0.0138918 0.00798366 0.0159227 0.00801342 0.0131573 0.00816892 0.0111404 0.00841389 0.00990234 0.00934725 0.00884051 0.015576 0.00864648 0.00860081 0.0178487 0.00948843 0.0512614 0.01017 0.0519584 0.00903618 0.0607861 0.00838046 0.0753701 0.00852736 0.0412508 0.00852021 0.0139053 0.0121407 0.0118107 0.0242592 0.0105844 0.0352714 0.00846807 0.0432565 0.00827703 0.0139311 0.0110311 0.0108793 0.0133095 0.0468465 0.0101695 0.0175379 0.00860071 
0.00406696 0.00384379 0.00387598 0.0038072 0 0.00376311 0.00375505 0.00378109 0.00374814 0.00394144 0.0117743 0.00405563 0.0081695 0.00465911 0.00864564 0.00792614 0.00954456 0.00802549 0.0143691 0.00799383 0.0108244 0.00804655 0.0101526 0.00839706 0.010389 0.00854592 0.00975623 0.010729 0.00873552 0.00844408 0.00972572 0.00906734 0.028835 0.0124114 0.0378087 0.0120418 0.0424853 0.00866495 0.0539606 0.00856793 0.0365387 0.00908137 0.0146046 0.0085586 0.00941057 0.0198665 0.0208789 0.0243012 0.00915495 0.0368338 0.00850235 0.0183188 0.00994399 0.0128851 0.0169354 0.0315751 0.0130677 0.0378608 0.00931946 0.0088995 
0.00386692 0.0038553 0.00386955 0.00371853 0.00376311 0 0.00374989 0.0036588 0.00384531 0.00793168 0.00389717 0.00453523 0.00497737 0.00546059 0.00500508 0.00817806 0.00932727 0.0101827 0.00950669 0.00916034 0.00910108 0.00942768 0.0134836 0.00951912 0.0102924 0.00919849 0.0114186 0.0112323 0.00901847 0.00882448 0.00917518 0.0146474 0.0193186 0.0365813 0.0329244 0.0416949 0.0179177 0.0337861 0.0118812 0.023234 0.0119642 0.0196961 0.0114044 0.00969591 0.0113279 0.0183824 0.0514773 0.0200084 0.0230361 0.0133436 0.0149905 0.0103703 0.0176791 0.0157019 0.0410518 0.0218164 0.0340294 0.0224299 0.0124718 0.00917762 
0.00397276 0.00414917 0.00380565 0.00382253 0.00375505 0.00374989 0 0.0038026 0.00389356 0.0037589 0.00379075 0.00458743 0.00412337 0.00466145 0.00452531 0.00887542 0.0100214 0.0127697 0.00894311 0.0137711 0.00864819 0.0137291 0.00875474 0.0121578 0.00922507 0.0140652 0.00921591 0.00936197 0.00919558 0.00861759 0.00994513 0.0141158 0.0237435 0.0495113 0.0315281 0.0592856 0.026562 0.035881 0.0138773 0.0295697 0.0129068 0.0307398 0.0114487 0.0103992 0.0117099 0.0262573 0.0390474 0.02938 0.0298488 0.0134622 0.0199943 0.0102474 0.019455 0.0287399 0.0269113 0.047987 0.0324345 0.0416166 0.0162696 0.00927329 
0.00458193 0.00505898 0.0042068 0.00381665 0.00378109 0.0036588 0.0038026 0 0.00376119 0.00375307 0.00381362 0.00376588 0.00461076 0.00401196 0.00441758 0.00840645 0.0123952 0.00968517 0.0136721 0.0087125 0.0223558 0.00889793 0.0159269 0.00927864 0.0163937 0.00923666 0.0103647 0.0111069 0.00882194 0.00908618 0.0102904 0.0160459 0.0391704 0.0312238 0.0673809 0.0402598 0.0633377 0.0178477 0.0405731 0.0115388 0.0374329 0.0177272 0.0189345 0.00976356 0.0148731 0.0277439 0.067792 0.0442431 0.017287 0.0424784 0.0117001 0.026108 0.0307498 0.0230438 0.0598385 0.0354709 0.0492937 0.0654457 0.0124485 0.00997971 
0.00786389 0.00570902 0.00392245 0.00411812 0.00374814 0.00384531 0.00389356 0.00376119 0 0.00377586 0.00377134 0.00386858 0.00387017 0.00399885 0.0040018 0.00882793 0.00962086 0.0105594 0.00881432 0.0140971 0.00909876 0.0260116 0.00920028 0.0112559 0.0115226 0.0107512 0.00940726 0.00908726 0.0094003 0.00854282 0.0113474 0.01296 0.0213224 0.0323964 0.0359005 0.0478107 0.0227455 0.0301695 0.0122121 0.0263892 0.0132566 0.0237426 0.0139772 0.0103842 0.0117886 0.024851 0.0403796 0.0268698 0.0278348 0.0135287 0.0234354 0.0111213 0.0172917 0.0260495 0.020278 0.045211 0.0306259 0.024411 0.0145187 0.00942266 
0.00697822 0.00604975 0.00437589 0.00737568 0.00394144 0.00793168 0.0037589 0.00375307 0.00377586 0 0.00374285 0.00376557 0.00378463 0.00389304 0.00394359 0.00761549 0.0117555 0.00999412 0.00946176 0.0143206 0.0129107 0.0131986 0.0124872 0.00894437 0.00940744 0.00853031 0.00884648 0.00986382 0.00844608 0.00827732 0.00901848 0.0132789 0.0153812 0.0382431 0.0181184 0.0479573 0.014362 0.0248653 0.0105616 0.0243441 0.0102569 0.0258232 0.00898982 0.00975114 0.0124593 0.0166025 0.0413275 0.0188927 0.0220167 0.0113424 0.023869 0.00941863 0.023335 0.0153455 0.0289354 0.0246835 0.0285938 0.0182631 0.012718 0.00924414 
0.00663775 0.00495002 0.00869313 0.00400643 0.0117743 0.00389717 0.00379075 0.00381362 0.00377134 0.00374285 0 0.00367805 0.00397626 0.00376227 0.0039377 0.00759803 0.00954789 0.00819881 0.032658 0.00917267 0.0201315 0.0110007 0.0144355 0.00845361 0.00892811 0.00857223 0.00923519 0.00948178 0.00835352 0.00853297 0.00992623 0.00873779 0.03807 0.0105425 0.0636632 0.01101 0.0667343 0.00890064 0.054655 0.008719 0.0618034 0.00893748 0.02076 0.00850974 0.0100407 0.0177172 0.0233924 0.0290798 0.0101283 0.0583933 0.00856201 0.0432271 0.00940544 0.0141254 0.0239897 0.0219238 0.0132496 0.0436062 0.00932645 0.00913164 
0.00603371 0.00902517 0.00467422 0.0323985 0.00405563 0.00453523 0.00458743 0.00376588 0.00386858 0.00376557 0.00367805 0 0.00374341 0.00434873 0.00375435 0.00846379 0.00778205 0.0267402 0.0085448 0.0320246 0.00794 0.0184977 0.00786254 0.0118207 0.00802516 0.00912352 0.00861036 0.00824187 0.00885676 0.0082349 0.00859625 0.0230677 0.00913065 0.079669 0.00994622 0.0801079 0.00875151 0.0965579 0.00833193 0.109306 0.00844394 0.0504037 0.00849772 0.0134455 0.0128673 0.0139422 0.0353848 0.013077 0.0711678 0.00861652 0.103035 0.00850316 0.0205692 0.0197646 0.0150453 0.0194917 0.0326924 0.0115259 0.0150535 0.00877394 
0.00940704 0.00629449 0.0332298 0.00494071 0.0081695 0.00497737 0.00412337 0.00461076 0.00387017 0.00378463 0.00397626 0.00374341 0 0.00376215 0.00397111 0.00712316 0.0288521 0.0107398 0.0451811 0.00835974 0.0273728 0.00826178 0.0128892 0.00926664 0.0136124 0.00909163 0.00959064 0.0112952 0.00868566 0.00910915 0.0113386 0.0087059 0.0551927 0.00960744 0.0507304 0.0101501 0.0721365 0.00844177 0.117772 0.0083946 0.0701549 0.00876763 0.0203895 0.00853023 0.0098683 0.016473 0.023535 0.0303302 0.00889084 0.11005 0.0084017 0.0324041 0.0102746 0.0113499 0.0181613 0.0162347 0.0109461 0.0474734 0.00890283 0.00926729 
0.00772905 0.0322743 0.00603356 0.0144824 0.00465911 0.00546059 0.00466145 0.00401196 0.00399885 0.00389304 0.00376227 0.00434873 0.00376215 0 0.00376106 0.0137667 0.0105149 0.0244645 0.00822219 0.0205859 0.00782255 0.0144757 0.00807148 0.0122259 0.00832912 0.00897855 0.00876219 0.0084594 0.014304 0.00893491 0.00920651 0.0282329 0.00911382 0.0286299 0.0094721 0.0354463 0.0086918 0.0523426 0.00828394 0.0477222 0.00840738 0.0271616 0.0087299 0.0180692 0.0133134 0.0168116 0.0201157 0.00972749 0.0480615 0.00849435 0.0314311 0.00825949 0.0144497 0.0108576 0.0108527 0.0109692 0.0161106 0.00933002 0.0237598 0.00901998 
0.0494879 0.00699334 0.0109914 0.00557668 0.00864564 0.00500508 0.00452531 0.00441758 0.0040018 0.00394359 0.0039377 0.00375435 0.00397111 0.00376106 0 0.0340672 0.0118284 0.00760957 0.0168711 0.00744332 0.0124904 0.00796073 0.0126266 0.00824954 0.00931609 0.00844642 0.00892883 0.00942715 0.00842959 0.0143503 0.0272183 0.00965239 0.0147573 0.00887532 0.0130991 0.00911399 0.0238645 0.00847532 0.0260349 0.00838153 0.0173097 0.00871902 0.0140578 0.00984377 0.0220398 0.0126517 0.010271 0.0310052 0.00848133 0.0156037 0.00830489 0.0126907 0.00862772 0.00948382 0.0102784 0.0100357 0.00903255 0.0142625 0.00864765 0.0122387 
0.0117161 0.00982384 0.00809025 0.00876518 0.00792614 0.00817806 0.00887542 0.00840645 0.00882793 0.00761549 0.00759803 0.00846379 0.00712316 0.0137667 0.0340672 0 0.00376165 0.00375621 0.00383648 0.00382302 0.00382956 0.00384526 0.00400877 0.00439566 0.00494049 0.00540988 0.00602431 0.0068578 0.00658021 0.0111607 0.00710072 0.00886301 0.00779196 0.00837747 0.00792681 0.00890365 0.00790535 0.00914202 0.00806356 0.00929954 0.0081517 0.00976774 0.017464 0.236714 0.0126428 0.00897199 0.00923134 0.00843075 0.0085709 0.00833542 0.00879614 0.00830495 0.00850043 0.00849104 0.00893594 0.0085854 0.00897764 0.0084802 0.00893829 0.0108918 
0.00916673 0.00930636 0.00975654 0.00802904 0.00954456 0.00932727 0.0100214 0.0123952 0.00962086 0.0117555 0.00954789 0.00778205 0.0288521 0.0105149 0.0118284 0.00376165 0 0.00376301 0.00377549 0.00377343 0.00383883 0.00383069 0.00398682 0.00406851 0.00449632 0.00489171 0.0055269 0.00581962 0.00741336 0.00656964 0.00694286 0.00748629 0.00867407 0.00800775 0.0116031 0.0079944 0.0133541 0.00788559 0.0106947 0.00805504 0.0152572 0.0116434 0.434941 0.00951905 0.00923027 0.01408 0.0102151 0.010129 0.0084523 0.0127531 0.00836289 0.00953488 0.00852647 0.0104978 0.00975716 0.0143814 0.009123 0.0127122 0.00861374 0.00890813 
0.00865589 0.0117065 0.0083063 0.0138918 0.00802549 0.0101827 0.0127697 0.00968517 0.0105594 0.00999412 0.00819881 0.0267402 0.0107398 0.0244645 0.00760957 0.00375621 0.00376301 0 0.0039502 0.00376103 0.00377084 0.00383397 0.00392477 0.00418916 0.00421959 0.00831984 0.00531603 0.00602298 0.00613817 0.00614401 0.00688169 0.00942672 0.00772061 0.0135272 0.00881347 0.0180771 0.00788605 0.0169638 0.00791206 0.0296881 0.0103181 0.484243 0.00930114 0.0107061 0.0105261 0.010575 0.0130069 0.00939953 0.0145066 0.00842755 0.0143486 0.00837643 0.010345 0.00952266 0.0144338 0.0107175 0.0130312 0.00964417 0.010125 0.00850164 
0.00977376 0.00835918 0.0163625 0.00798366 0.0143691 0.00950669 0.00894311 0.0136721 0.00881432 0.00946176 0.032658 0.0085448 0.0451811 0.00822219 0.0168711 0.00383648 0.00377549 0.0039502 0 0.00376679 0.00378487 0.00377045 0.0039396 0.00406553 0.0046164 0.00417343 0.00483401 0.00637753 0.00547906 0.0081644 0.00680625 0.00714247 0.0120661 0.00776966 0.0215408 0.00782702 0.0203147 0.00776064 0.0306332 0.00992278 0.569124 0.00917377 0.0133171 0.00828487 0.00893353 0.0114142 0.01121 0.0129727 0.00850493 0.0184379 0.00829918 0.0176052 0.00882984 0.0101404 0.0107612 0.0122217 0.00962966 0.023508 0.00850047 0.00887028 
0.00876234 0.01297 0.00809753 0.0159227 0.00799383 0.00916034 0.0137711 0.0087125 0.0140971 0.0143206 0.00917267 0.0320246 0.00835974 0.0205859 0.00744332 0.00382302 0.00377343 0.00376103 0.00376679 0 0.00373025 0.00377477 0.00378912 0.00415664 0.00412797 0.00440979 0.00621224 0.00473286 0.00556229 0.00599893 0.00650825 0.00946651 0.00726069 0.0197126 0.00771997 0.0219571 0.00761821 0.0298083 0.00857716 0.61559 0.00866915 0.0209418 0.00816104 0.0154354 0.0102259 0.0094551 0.0139792 0.00898412 0.0161591 0.00827373 0.0160195 0.00822574 0.0100007 0.00960409 0.010094 0.0102438 0.0165829 0.00910021 0.010755 0.00856981 
0.00948817 0.00823675 0.0177293 0.00801342 0.0108244 0.00910108 0.00864819 0.0223558 0.00909876 0.0129107 0.0201315 0.00794 0.0273728 0.00782255 0.0124904 0.00382956 0.00383883 0.00377084 0.00378487 0.00373025 0 0.0036643 0.00375964 0.00435228 0.00403231 0.00409942 0.00430797 0.00492356 0.00456225 0.00523138 0.00696419 0.00692144 0.0126183 0.00734486 0.0158496 0.00754388 0.0243149 0.00827563 0.674969 0.00828792 0.0244674 0.00790416 0.0147287 0.00860433 0.00865515 0.01025 0.0098131 0.0116496 0.00827667 0.0189001 0.00816075 0.0119655 0.00849589 0.00953712 0.0114031 0.0115016 0.00893366 0.0191153 0.00840439 0.00889505 
0.00854387 0.0116054 0.00819258 0.0131573 0.00804655 0.00942768 0.0137291 0.00889793 0.0260116 0.0131986 0.0110007 0.0184977 0.00826178 0.0144757 0.00796073 0.00384526 0.00383069 0.00383397 0.00377045 0.00377477 0.0036643 0 0.00379412 0.00375007 0.00386058 0.00388778 0.00422327 0.00403881 0.00425583 0.00424128 0.00591348 0.00999519 0.00670696 0.0104972 0.00727748 0.0147461 0.00789694 0.621624 0.00985382 0.0187479 0.00774434 0.0144694 0.0081531 0.00889693 0.00920548 0.00890032 0.012865 0.00870305 0.0131441 0.00823155 0.0134939 0.00820562 0.0105299 0.00983349 0.00943512 0.0100195 0.0121189 0.0089256 0.00987222 0.0086089 
0.00915919 0.00832448 0.0124232 0.00816892 0.0101526 0.0134836 0.00875474 0.0159269 0.00920028 0.0124872 0.0144355 0.00786254 0.0128892 0.00807148 0.0126266 0.00400877 0.00398682 0.00392477 0.0039396 0.00378912 0.00375964 0.00379412 0 0.00376435 0.00376025 0.00393486 0.00420257 0.00468292 0.00392726 0.00405895 0.00608225 0.00664716 0.00838136 0.00709549 0.0158782 0.00823887 0.671013 0.0178783 0.0182214 0.00780103 0.0230606 0.00788387 0.00915791 0.00810722 0.00866404 0.00957838 0.00954167 0.0114415 0.00832764 0.0142185 0.00815632 0.0121841 0.00868174 0.00919897 0.0101524 0.0103305 0.00933649 0.0150023 0.00846744 0.00890096 
0.00877312 0.00995873 0.00866218 0.0111404 0.00839706 0.00951912 0.0121578 0.00927864 0.0112559 0.00894437 0.00845361 0.0118207 0.00926664 0.0122259 0.00824954 0.00439566 0.00406851 0.00418916 0.00406553 0.00415664 0.00435228 0.00375007 0.00376435 0 0.00375025 0.00375413 0.00404322 0.00412424 0.00403081 0.00388434 0.00505037 0.0078569 0.0065642 0.0109308 0.00812108 0.593837 0.0314165 0.0128878 0.00752589 0.0103401 0.00776708 0.00899437 0.00812183 0.00855914 0.0091559 0.00885557 0.0109745 0.00876028 0.0105177 0.0084587 0.0104255 0.0083568 0.00884021 0.00894331 0.00969639 0.00947782 0.0109153 0.00902489 0.00906665 0.00858602 
0.00910536 0.0085225 0.010953 0.00841389 0.010389 0.0102924 0.00922507 0.0163937 0.0115226 0.00940744 0.00892811 0.00802516 0.0136124 0.00832912 0.00931609 0.00494049 0.00449632 0.00421959 0.0046164 0.00412797 0.00403231 0.00386058 0.00376025 0.00375025 0 0.00394654 0.00379034 0.00391661 0.00388681 0.00396265 0.00564178 0.00610699 0.00867343 0.00770474 0.585601 0.0350928 0.0130677 0.00741319 0.0127885 0.00806786 0.00888116 0.00792 0.00837392 0.00828881 0.00884625 0.00922445 0.00937369 0.00941409 0.00845138 0.0114993 0.00827884 0.00940217 0.00848655 0.00894138 0.00991921 0.00971268 0.00898025 0.0111364 0.00849194 0.00877451 
0.00894114 0.00894613 0.00891686 0.00990234 0.00854592 0.00919849 0.0140652 0.00923666 0.0107512 0.00853031 0.00857223 0.00912352 0.00909163 0.00897855 0.00844642 0.00540988 0.00489171 0.00831984 0.00417343 0.00440979 0.00409942 0.00388778 0.00393486 0.00375413 0.00394654 0 0.00372293 0.00376962 0.00390509 0.00381237 0.00419004 0.00568665 0.00716071 0.54277 0.105107 0.010172 0.00716334 0.00928054 0.00728905 0.00846805 0.00782573 0.00792373 0.00826994 0.00838115 0.00873303 0.00895342 0.00954311 0.00872052 0.00946908 0.00861893 0.0092357 0.00840306 0.00853062 0.0088605 0.0088505 0.00917334 0.0098063 0.00923675 0.00876377 0.00866269 
0.00907005 0.00892545 0.0100018 0.00934725 0.00975623 0.0114186 0.00921591 0.0103647 0.00940726 0.00884648 0.00923519 0.00861036 0.00959064 0.00876219 0.00892883 0.00602431 0.0055269 0.00531603 0.00483401 0.00621224 0.00430797 0.00422327 0.00420257 0.00404322 0.00379034 0.00372293 0 0.00382653 0.00378 0.0042152 0.00411016 0.00585085 0.51081 0.201094 0.00959106 0.00806477 0.00752942 0.00732471 0.00760259 0.0084955 0.00792431 0.00941677 0.00824795 0.00812002 0.00899086 0.00912543 0.00923001 0.00958626 0.00861572 0.00958852 0.00878703 0.00864898 0.00861393 0.0087465 0.00913322 0.00934752 0.00962487 0.0100443 0.00878058 0.00869614 
0.00931264 0.0087321 0.0116028 0.00884051 0.010729 0.0112323 0.00936197 0.0111069 0.00908726 0.00986382 0.00948178 0.00824187 0.0112952 0.0084594 0.00942715 0.0068578 0.00581962 0.00602298 0.00637753 0.00473286 0.00492356 0.00403881 0.00468292 0.00412424 0.00391661 0.00376962 0.00382653 0 0.00378652 0.00376282 0.00419301 0.336408 0.314893 0.00892455 0.00778378 0.00681661 0.00766463 0.00684674 0.00809653 0.00768731 0.00974187 0.00811785 0.00844355 0.007775 0.0086486 0.0094156 0.0111526 0.00918691 0.0085682 0.0103643 0.0082974 0.00952169 0.00858779 0.0088413 0.00951094 0.0099014 0.00950998 0.0126716 0.00871796 0.00857137 
0.00900812 0.0106486 0.00910385 0.015576 0.00873552 0.00901847 0.00919558 0.00882194 0.0094003 0.00844608 0.00835352 0.00885676 0.00868566 0.014304 0.00842959 0.00658021 0.00741336 0.00613817 0.00547906 0.00556229 0.00456225 0.00425583 0.00392726 0.00403081 0.00388681 0.00390509 0.00378 0.00378652 0 0.00409438 0.0194324 0.34359 0.00652914 0.00509424 0.00585617 0.00685623 0.00584564 0.00693024 0.00664161 0.00820929 0.00717618 0.00757397 0.00743843 0.00774821 0.00898938 0.0115943 0.00985641 0.00869632 0.00900471 0.00852948 0.00906659 0.00828081 0.00883457 0.00857933 0.00894375 0.00923858 0.00933339 0.00909198 0.0099868 0.00936912 
0.0141212 0.00875601 0.00931196 0.00864648 0.00844408 0.00882448 0.00861759 0.00908618 0.00854282 0.00827732 0.00853297 0.0082349 0.00910915 0.00893491 0.0143503 0.0111607 0.00656964 0.00614401 0.0081644 0.00599893 0.00523138 0.00424128 0.00405895 0.00388434 0.00396265 0.00381237 0.0042152 0.00376282 0.00409438 0 0.954492 0.00625571 0.0042158 0.0042905 0.00528173 0.00503283 0.00599786 0.00668781 0.0062507 0.00689863 0.00670768 0.0070101 0.00744309 0.00799134 0.014098 0.00998035 0.00919077 0.00857134 0.00845475 0.00875931 0.00829604 0.00840924 0.00859831 0.0085806 0.00893974 0.00882348 0.00894212 0.00901674 0.00992572 0.0114097 
0.0134819 0.00911233 0.0108669 0.00860081 0.00972572 0.00917518 0.00994513 0.0102904 0.0113474 0.00901848 0.00992623 0.00859625 0.0113386 0.00920651 0.0272183 0.00710072 0.00694286 0.00688169 0.00680625 0.00650825 0.00696419 0.00591348 0.00608225 0.00505037 0.00564178 0.00419004 0.00411016 0.00419301 0.0194324 0.954492 0 0.00383125 0.00382337 0.00378572 0.00387786 0.00382935 0.00405669 0.00419228 0.00545369 0.00511883 0.00706151 0.00617763 0.00918843 0.0217314 0.0101132 0.0102598 0.0092799 0.017664 0.0082193 0.0118626 0.00822306 0.0100935 0.00850742 0.00934896 0.0101005 0.0102708 0.0100777 0.319896 0.0108947 0.0206064 
0.00972362 0.0212647 0.00863214 0.0178487 0.00906734 0.0146474 0.0141158 0.0160459 0.01296 0.0132789 0.00873779 0.0230677 0.0087059 0.0282329 0.00965239 0.00886301 0.00748629 0.00942672 0.00714247 0.00946651 0.00692144 0.00999519 0.00664716 0.0078569 0.00610699 0.00568665 0.00585085 0.336408 0.34359 0.00625571 0.00383125 0 0.00374775 0.00378615 0.00379417 0.00391488 0.00387832 0.00440202 0.00419956 0.00760251 0.00524977 0.00855176 0.00765234 0.0188467 0.00995467 0.014072 0.0157202 0.00980177 0.0156109 0.00835902 0.019227 0.00830473 0.0141487 0.0106718 0.0158967 0.0161216 0.522608 0.0131768 0.0244633 0.0109788 
0.0106285 0.00977394 0.0398985 0.00948843 0.028835 0.0193186 0.0237435 0.0391704 0.0213224 0.0153812 0.03807 0.00913065 0.0551927 0.00911382 0.0147573 0.00779196 0.00867407 0.00772061 0.0120661 0.00726069 0.0126183 0.00670696 0.00838136 0.0065642 0.00867343 0.00716071 0.51081 0.314893 0.00652914 0.0042158 0.00382337 0.00374775 0 0.00375498 0.00376866 0.00379664 0.00391495 0.00382073 0.00473424 0.00422862 0.00858052 0.00597812 0.0126215 0.00713133 0.00928327 0.0147572 0.0175251 0.0421236 0.00929079 0.043045 0.00842477 0.0240637 0.0109122 0.0190227 0.0391626 0.661747 0.0236367 0.0699866 0.0117902 0.0116133 
0.00967542 0.0308679 0.00957472 0.0512614 0.0124114 0.0365813 0.0495113 0.0312238 0.0323964 0.0382431 0.0105425 0.079669 0.00960744 0.0286299 0.00887532 0.00837747 0.00800775 0.0135272 0.00776966 0.0197126 0.00734486 0.0104972 0.00709549 0.0109308 0.00770474 0.54277 0.201094 0.00892455 0.00509424 0.0042905 0.00378572 0.00378615 0.00375498 0 0.00375453 0.0037998 0.00377639 0.00394363 0.00376757 0.00869668 0.00446926 0.0136707 0.0067793 0.00778274 0.00965875 0.0142354 0.039934 0.0120343 0.0480233 0.0086166 0.0306983 0.00894224 0.0360225 0.0430467 0.684687 0.0494544 0.0676467 0.0179516 0.0284089 0.00981399 
0.012021 0.0100698 0.0510243 0.01017 0.0378087 0.0329244 0.0315281 0.0673809 0.0359005 0.0181184 0.0636632 0.00994622 0.0507304 0.0094721 0.0130991 0.00792681 0.0116031 0.00881347 0.0215408 0.00771997 0.0158496 0.00727748 0.0158782 0.00812108 0.585601 0.105107 0.00959106 0.00778378 0.00585617 0.00528173 0.00387786 0.00379417 0.00376866 0.00375453 0 0.00377365 0.00376665 0.00380507 0.00425878 0.00388132 0.00497748 0.00472111 0.00654935 0.00677651 0.00957072 0.0167412 0.0206641 0.0355062 0.00907405 0.0351601 0.00874618 0.0228314 0.0190281 0.653864 0.0521866 0.0475868 0.0225104 0.0915699 0.0112513 0.0120775 
0.0092326 0.032254 0.01001 0.0519584 0.0120418 0.0416949 0.0592856 0.0402598 0.0478107 0.0479573 0.01101 0.0801079 0.0101501 0.0354463 0.00911399 0.00890365 0.0079944 0.0180771 0.00782702 0.0219571 0.00754388 0.0147461 0.00823887 0.593837 0.0350928 0.010172 0.00806477 0.00681661 0.00685623 0.00503283 0.00382935 0.00391488 0.00379664 0.0037998 0.00377365 0 0.0037562 0.00395041 0.00377882 0.00402096 0.00386 0.00468339 0.00428819 0.00633766 0.00979684 0.0135407 0.0319889 0.0132428 0.0325626 0.00859483 0.0228636 0.0111166 0.705914 0.0237094 0.0298582 0.0349074 0.0788768 0.0168985 0.0329144 0.0109299 
0.0133977 0.0091624 0.0718118 0.00903618 0.0424853 0.0179177 0.026562 0.0633377 0.0227455 0.014362 0.0667343 0.00875151 0.0721365 0.0086918 0.0238645 0.00790535 0.0133541 0.00788605 0.0203147 0.00761821 0.0243149 0.00789694 0.671013 0.0314165 0.0130677 0.00716334 0.00752942 0.00766463 0.00584564 0.00599786 0.00405669 0.00387832 0.00391495 0.00377639 0.00376665 0.0037562 0 0.00376053 0.00390142 0.0037377 0.00400532 0.00386945 0.00435651 0.00547872 0.00802731 0.0149492 0.015064 0.017415 0.00818453 0.0344044 0.00930368 0.876561 0.0220499 0.0160682 0.0306775 0.0367545 0.0126713 0.0616536 0.0102158 0.0135819 
0.00877959 0.0287696 0.00859754 0.0607861 0.00866495 0.0337861 0.035881 0.0178477 0.0301695 0.0248653 0.00890064 0.0965579 0.00844177 0.0523426 0.00847532 0.00914202 0.00788559 0.0169638 0.00776064 0.0298083 0.00827563 0.621624 0.0178783 0.0128878 0.00741319 0.00928054 0.00732471 0.00684674 0.00693024 0.00668781 0.00419228 0.00440202 0.00382073 0.00394363 0.00380507 0.00395041 0.00376053 0 0.00376668 0.0039351 0.00381394 0.00419175 0.00387238 0.00466444 0.0120716 0.0114163 0.0137475 0.00939238 0.0302206 0.00930529 0.924123 0.0092286 0.0161546 0.0144552 0.01721 0.0160077 0.0330128 0.010432 0.0249279 0.00987326 
0.0116635 0.0087733 0.0602162 0.00838046 0.0539606 0.0118812 0.0138773 0.0405731 0.0122121 0.0105616 0.054655 0.00833193 0.117772 0.00828394 0.0260349 0.00806356 0.0106947 0.00791206 0.0306332 0.00857716 0.674969 0.00985382 0.0182214 0.00752589 0.0127885 0.00728905 0.00760259 0.00809653 0.00664161 0.0062507 0.00545369 0.00419956 0.00473424 0.00376757 0.00425878 0.00377882 0.00390142 0.00376668 0 0.00372619 0.00401523 0.00381181 0.00407485 0.00385771 0.00707435 0.00983283 0.0102918 0.0128892 0.0102185 0.919244 0.00826688 0.0210307 0.00965421 0.0123066 0.0132897 0.0162251 0.00999363 0.0372942 0.00873128 0.0106368 
0.00858086 0.0213666 0.00845546 0.0753701 0.00856793 0.023234 0.0295697 0.0115388 0.0263892 0.0243441 0.008719 0.109306 0.0083946 0.0477222 0.00838153 0.00929954 0.00805504 0.0296881 0.00992278 0.61559 0.00828792 0.0187479 0.00780103 0.0103401 0.00806786 0.00846805 0.0084955 0.00768731 0.00820929 0.00689863 0.00511883 0.00760251 0.00422862 0.00869668 0.00388132 0.00402096 0.0037377 0.0039351 0.00372619 0 0.00374797 0.00402567 0.00376916 0.00423295 0.00838569 0.00830638 0.0103344 0.020043 0.890262 0.00868183 0.0266492 0.00771292 0.0154203 0.0100064 0.0102897 0.0119167 0.018897 0.00911203 0.019585 0.00933056 
0.0103003 0.00870299 0.0630872 0.00852736 0.0365387 0.0119642 0.0129068 0.0374329 0.0132566 0.0102569 0.0618034 0.00844394 0.0701549 0.00840738 0.0173097 0.0081517 0.0152572 0.0103181 0.569124 0.00866915 0.0244674 0.00774434 0.0230606 0.00776708 0.00888116 0.00782573 0.00792431 0.00974187 0.00717618 0.00670768 0.00706151 0.00524977 0.00858052 0.00446926 0.00497748 0.00386 0.00400532 0.00381394 0.00401523 0.00374797 0 0.00380378 0.00387758 0.00377596 0.0067565 0.0095553 0.0156459 0.783483 0.00804445 0.0285004 0.00708969 0.0133543 0.00803535 0.00880561 0.0120779 0.0126785 0.00917629 0.0267489 0.00868162 0.0100605 
0.00871014 0.0221499 0.00872738 0.0412508 0.00908137 0.0196961 0.0307398 0.0177272 0.0237426 0.0258232 0.00893748 0.0504037 0.00876763 0.0271616 0.00871902 0.00976774 0.0116434 0.484243 0.00917377 0.0209418 0.00790416 0.0144694 0.00788387 0.00899437 0.00792 0.00792373 0.00941677 0.00811785 0.00757397 0.0070101 0.00617763 0.00855176 0.00597812 0.0136707 0.00472111 0.00468339 0.00386945 0.00419175 0.00381181 0.00402567 0.00380378 0 0.00376928 0.00385102 0.0107238 0.0136459 0.711335 0.0116841 0.0216029 0.00704901 0.020931 0.00748065 0.0108336 0.0152907 0.0106645 0.0129507 0.0271356 0.00999642 0.0202605 0.0096447 
0.0132624 0.00950255 0.0258841 0.00852021 0.0146046 0.0114044 0.0114487 0.0189345 0.0139772 0.00898982 0.02076 0.00849772 0.0203895 0.0087299 0.0140578 0.017464 0.434941 0.00930114 0.0133171 0.00816104 0.0147287 0.0081531 0.00915791 0.00812183 0.00837392 0.00826994 0.00824795 0.00844355 0.00743843 0.00744309 0.00918843 0.00765234 0.0126215 0.0067793 0.00654935 0.00428819 0.00435651 0.00387238 0.00407485 0.00376916 0.00387758 0.00376928 0 0.00380495 0.097309 0.379097 0.0200364 0.0174133 0.0067348 0.0116684 0.00665257 0.00990002 0.00843121 0.00821063 0.00999852 0.0113605 0.00930381 0.0213381 0.00969123 0.0112285 
0.0150687 0.0137978 0.00842384 0.0139053 0.0085586 0.00969591 0.0103992 0.00976356 0.0103842 0.00975114 0.00850974 0.0134455 0.00853023 0.0180692 0.00984377 0.236714 0.00951905 0.0107061 0.00828487 0.0154354 0.00860433 0.00889693 0.00810722 0.00855914 0.00828881 0.00838115 0.00812002 0.007775 0.00774821 0.00799134 0.0217314 0.0188467 0.00713133 0.00778274 0.00677651 0.00633766 0.00547872 0.00466444 0.00385771 0.00423295 0.00377596 0.00385102 0.00380495 0 0.355638 0.0165308 0.0123637 0.00629149 0.00918721 0.00613474 0.0106928 0.00684022 0.00745316 0.00793569 0.00850902 0.00872863 0.0101894 0.00909329 0.0125917 0.0115054 
0.0121002 0.0114149 0.00947291 0.0121407 0.00941057 0.0113279 0.0117099 0.0148731 0.0117886 0.0124593 0.0100407 0.0128673 0.0098683 0.0133134 0.0220398 0.0126428 0.00923027 0.0105261 0.00893353 0.0102259 0.00865515 0.00920548 0.00866404 0.0091559 0.00884625 0.00873303 0.00899086 0.0086486 0.00898938 0.014098 0.0101132 0.00995467 0.00928327 0.00965875 0.00957072 0.00979684 0.00802731 0.0120716 0.00707435 0.00838569 0.0067565 0.0107238 0.097309 0.355638 0 0.00400895 0.00379342 0.00379128 0.00388724 0.00388308 0.00429408 0.00398985 0.00488202 0.00592873 0.00645771 0.00719523 0.00966769 0.0104516 0.0219743 0.0423093 
0.0101158 0.0142479 0.0154638 0.0118107 0.0198665 0.0183824 0.0262573 0.0277439 0.024851 0.0166025 0.0177172 0.0139422 0.016473 0.0168116 0.0126517 0.00897199 0.01408 0.010575 0.0114142 0.0094551 0.01025 0.00890032 0.00957838 0.00885557 0.00922445 0.00895342 0.00912543 0.0094156 0.0115943 0.00998035 0.0102598 0.014072 0.0147572 0.0142354 0.0167412 0.0135407 0.0149492 0.0114163 0.00983283 0.00830638 0.0095553 0.0136459 0.379097 0.0165308 0.00400895 0 0.0037981 0.00379177 0.00378144 0.00387146 0.0038013 0.0040859 0.00515227 0.00549939 0.00833873 0.00897488 0.00854918 0.0121115 0.0250252 0.0122589 
0.00935725 0.0151205 0.0183522 0.0242592 0.0208789 0.0514773 0.0390474 0.067792 0.0403796 0.0413275 0.0233924 0.0353848 0.023535 0.0201157 0.010271 0.00923134 0.0102151 0.0130069 0.01121 0.0139792 0.0098131 0.012865 0.00954167 0.0109745 0.00937369 0.00954311 0.00923001 0.0111526 0.00985641 0.00919077 0.0092799 0.0157202 0.0175251 0.039934 0.0206641 0.0319889 0.015064 0.0137475 0.0102918 0.0103344 0.0156459 0.711335 0.0200364 0.0123637 0.00379342 0.0037981 0 0.00375826 0.00377252 0.00378979 0.00381456 0.00394657 0.00397542 0.00469988 0.00734013 0.0114521 0.0124864 0.0306021 0.0173634 0.00955541 
0.0098329 0.00986532 0.0187321 0.0105844 0.0243012 0.0200084 0.02938 0.0442431 0.0268698 0.0188927 0.0290798 0.013077 0.0303302 0.00972749 0.0310052 0.00843075 0.010129 0.00939953 0.0129727 0.00898412 0.0116496 0.00870305 0.0114415 0.00876028 0.00941409 0.00872052 0.00958626 0.00918691 0.00869632 0.00857134 0.017664 0.00980177 0.0421236 0.0120343 0.0355062 0.0132428 0.017415 0.00939238 0.0128892 0.020043 0.783483 0.0116841 0.0174133 0.00629149 0.00379128 0.00379177 0.00375826 0 0.00369351 0.00375928 0.00374974 0.00389633 0.00504076 0.00390212 0.00528009 0.0079028 0.0178058 0.0151962 0.0100266 0.00860478 
0.00849354 0.0145536 0.00871661 0.0352714 0.00915495 0.0230361 0.0298488 0.017287 0.0278348 0.0220167 0.0101283 0.0711678 0.00889084 0.0480615 0.00848133 0.0085709 0.0084523 0.0145066 0.00850493 0.0161591 0.00827667 0.0131441 0.00832764 0.0105177 0.00845138 0.00946908 0.00861572 0.0085682 0.00900471 0.00845475 0.0082193 0.0156109 0.00929079 0.0480233 0.00907405 0.0325626 0.00818453 0.0302206 0.0102185 0.890262 0.00804445 0.0216029 0.0067348 0.00918721 0.00388724 0.00378144 0.00377252 0.00369351 0 0.00375481 0.00386806 0.0037779 0.00388637 0.00399252 0.00449635 0.0139858 0.0103165 0.00637405 0.00856426 0.00805165 
0.00994885 0.008663 0.0481274 0.00846807 0.0368338 0.0133436 0.0134622 0.0424784 0.0135287 0.0113424 0.0583933 0.00861652 0.11005 0.00849435 0.0156037 0.00833542 0.0127531 0.00842755 0.0184379 0.00827373 0.0189001 0.00823155 0.0142185 0.0084587 0.0114993 0.00861893 0.00958852 0.0103643 0.00852948 0.00875931 0.0118626 0.00835902 0.043045 0.0086166 0.0351601 0.00859483 0.0344044 0.00930529 0.919244 0.00868183 0.0285004 0.00704901 0.0116684 0.00613474 0.00388308 0.00387146 0.00378979 0.00375928 0.00375481 0 0.00373344 0.00383035 0.00376243 0.00387458 0.00613411 0.0042879 0.0042222 0.0192664 0.00574399 0.00698908 
0.00851508 0.0174184 0.00829317 0.0432565 0.00850235 0.0149905 0.0199943 0.0117001 0.0234354 0.023869 0.00856201 0.103035 0.0084017 0.0314311 0.00830489 0.00879614 0.00836289 0.0143486 0.00829918 0.0160195 0.00816075 0.0134939 0.00815632 0.0104255 0.00827884 0.0092357 0.00878703 0.0082974 0.00906659 0.00829604 0.00822306 0.019227 0.00842477 0.0306983 0.00874618 0.0228636 0.00930368 0.924123 0.00826688 0.0266492 0.00708969 0.020931 0.00665257 0.0106928 0.00429408 0.0038013 0.00381456 0.00374974 0.00386806 0.00373344 0 0.00373902 0.00375092 0.00394309 0.00377922 0.00428045 0.00543225 0.00421676 0.0097544 0.00551616 
0.00900806 0.00844128 0.0235056 0.00827703 0.0183188 0.0103703 0.0102474 0.026108 0.0111213 0.00941863 0.0432271 0.00850316 0.0324041 0.00825949 0.0126907 0.00830495 0.00953488 0.00837643 0.0176052 0.00822574 0.0119655 0.00820562 0.0121841 0.0083568 0.00940217 0.00840306 0.00864898 0.00952169 0.00828081 0.00840924 0.0100935 0.00830473 0.0240637 0.00894224 0.0228314 0.0111166 0.876561 0.0092286 0.0210307 0.00771292 0.0133543 0.00748065 0.00990002 0.00684022 0.00398985 0.0040859 0.00394657 0.00389633 0.0037779 0.00383035 0.00373902 0 0.00374052 0.0037686 0.00376847 0.00391256 0.0054919 0.00537296 0.00418492 0.00475503 
0.00840166 0.010784 0.00914913 0.0139311 0.00994399 0.0176791 0.019455 0.0307498 0.0172917 0.023335 0.00940544 0.0205692 0.0102746 0.0144497 0.00862772 0.00850043 0.00852647 0.010345 0.00882984 0.0100007 0.00849589 0.0105299 0.00868174 0.00884021 0.00848655 0.00853062 0.00861393 0.00858779 0.00883457 0.00859831 0.00850742 0.0141487 0.0109122 0.0360225 0.0190281 0.705914 0.0220499 0.0161546 0.00965421 0.0154203 0.00803535 0.0108336 0.00843121 0.00745316 0.00488202 0.00515227 0.00397542 0.00504076 0.00388637 0.00376243 0.00375092 0.00374052 0 0.00374195 0.00383992 0.00380739 0.00389877 0.00393583 0.00401634 0.00450726 
0.0087128 0.00952076 0.0109862 0.0110311 0.0128851 0.0157019 0.0287399 0.0230438 0.0260495 0.0153455 0.0141254 0.0197646 0.0113499 0.0108576 0.00948382 0.00849104 0.0104978 0.00952266 0.0101404 0.00960409 0.00953712 0.00983349 0.00919897 0.00894331 0.00894138 0.0088605 0.0087465 0.0088413 0.00857933 0.0085806 0.00934896 0.0106718 0.0190227 0.0430467 0.653864 0.0237094 0.0160682 0.0144552 0.0123066 0.0100064 0.00880561 0.0152907 0.00821063 0.00793569 0.00592873 0.00549939 0.00469988 0.00390212 0.00399252 0.00387458 0.00394309 0.0037686 0.00374195 0 0.00375097 0.00375856 0.00380713 0.00376485 0.00381971 0.00396255 
0.0086938 0.0101783 0.0145331 0.0108793 0.0169354 0.0410518 0.0269113 0.0598385 0.020278 0.0289354 0.0239897 0.0150453 0.0181613 0.0108527 0.0102784 0.00893594 0.00975716 0.0144338 0.0107612 0.010094 0.0114031 0.00943512 0.0101524 0.00969639 0.00991921 0.0088505 0.00913322 0.00951094 0.00894375 0.00893974 0.0101005 0.0158967 0.0391626 0.684687 0.0521866 0.0298582 0.0306775 0.01721 0.0132897 0.0102897 0.0120779 0.0106645 0.00999852 0.00850902 0.00645771 0.00833873 0.00734013 0.00528009 0.00449635 0.00613411 0.00377922 0.00376847 0.00383992 0.00375097 0 0.00377053 0.00377851 0.00379984 0.00381345 0.00433878 
0.00865876 0.0107276 0.0139452 0.0133095 0.0315751 0.0218164 0.047987 0.0354709 0.045211 0.0246835 0.0219238 0.0194917 0.0162347 0.0109692 0.0100357 0.0085854 0.0143814 0.0107175 0.0122217 0.0102438 0.0115016 0.0100195 0.0103305 0.00947782 0.00971268 0.00917334 0.00934752 0.0099014 0.00923858 0.00882348 0.0102708 0.0161216 0.661747 0.0494544 0.0475868 0.0349074 0.0367545 0.0160077 0.0162251 0.0119167 0.0126785 0.0129507 0.0113605 0.00872863 0.00719523 0.00897488 0.0114521 0.0079028 0.0139858 0.0042879 0.00428045 0.00391256 0.00380739 0.00375856 0.00377053 0 0.00390599 0.00389304 0.00417874 0.00390862 
0.00858828 0.0122847 0.0115717 0.0468465 0.0130677 0.0340294 0.0324345 0.0492937 0.0306259 0.0285938 0.0132496 0.0326924 0.0109461 0.0161106 0.00903255 0.00897764 0.009123 0.0130312 0.00962966 0.0165829 0.00893366 0.0121189 0.00933649 0.0109153 0.00898025 0.0098063 0.00962487 0.00950998 0.00933339 0.00894212 0.0100777 0.522608 0.0236367 0.0676467 0.0225104 0.0788768 0.0126713 0.0330128 0.00999363 0.018897 0.00917629 0.0271356 0.00930381 0.0101894 0.00966769 0.00854918 0.0124864 0.0178058 0.0103165 0.0042222 0.00543225 0.0054919 0.00389877 0.00380713 0.00377851 0.00390599 0 0.00401335 0.00390726 0.00383192 
0.00981519 0.00989341 0.0614341 0.0101695 0.0378608 0.0224299 0.0416166 0.0654457 0.024411 0.0182631 0.0436062 0.0115259 0.0474734 0.00933002 0.0142625 0.0084802 0.0127122 0.00964417 0.023508 0.00910021 0.0191153 0.0089256 0.0150023 0.00902489 0.0111364 0.00923675 0.0100443 0.0126716 0.00909198 0.00901674 0.319896 0.0131768 0.0699866 0.0179516 0.0915699 0.0168985 0.0616536 0.010432 0.0372942 0.00911203 0.0267489 0.00999642 0.0213381 0.00909329 0.0104516 0.0121115 0.0306021 0.0151962 0.00637405 0.0192664 0.00421676 0.00537296 0.00393583 0.00376485 0.00379984 0.00389304 0.00401335 0 0.00377471 0.00380769 
0.00889593 0.0372139 0.00860421 0.0175379 0.00931946 0.0124718 0.0162696 0.0124485 0.0145187 0.012718 0.00932645 0.0150535 0.00890283 0.0237598 0.00864765 0.00893829 0.00861374 0.010125 0.00850047 0.010755 0.00840439 0.00987222 0.00846744 0.00906665 0.00849194 0.00876377 0.00878058 0.00871796 0.0099868 0.00992572 0.0108947 0.0244633 0.0117902 0.0284089 0.0112513 0.0329144 0.0102158 0.0249279 0.00873128 0.019585 0.00868162 0.0202605 0.00969123 0.0125917 0.0219743 0.0250252 0.0173634 0.0100266 0.00856426 0.00574399 0.0097544 0.00418492 0.00401634 0.00381971 0.00381345 0.00417874 0.00390726 0.00377471 0 0.00391978 
0.0318751 0.00876676 0.00952305 0.00860071 0.0088995 0.00917762 0.00927329 0.00997971 0.00942266 0.00924414 0.00913164 0.00877394 0.00926729 0.00901998 0.0122387 0.0108918 0.00890813 0.00850164 0.00887028 0.00856981 0.00889505 0.0086089 0.00890096 0.00858602 0.00877451 0.00866269 0.00869614 0.00857137 0.00936912 0.0114097 0.0206064 0.0109788 0.0116133 0.00981399 0.0120775 0.0109299 0.0135819 0.00987326 0.0106368 0.00933056 0.0100605 0.0096447 0.0112285 0.0115054 0.0423093 0.0122589 0.00955541 0.00860478 0.00805165 0.00698908 0.00551616 0.00475503 0.00450726 0.00396255 0.00433878 0.00390862 0.00383192 0.00380769 0.00391978 0 
