1H7RA
MHTAEFLETEPTEISSVLAGGYNHPLLRQWQSERQLTKNMLIFPLFISDNPDDFTEIDSLPNINRIGVNRLKDYLKPLVAKGLRSVILFGVPLIPGTKDPVGTAADDPAGPVIQGIKFIREYFPELYIICDVCLCEYTSHGHCGVLYDDGTINRERSVSRLAAVAVNYAKAGAHCVAPSDMIDGRIRDIKRGLINANLAHKTFVLSYAAKFSGNLYGPFRDAACSAPSNGDRKCYQLPPAGRGLARRALERDMSEGADGIIVKPSTFYLDIMRDASEICKDLPICAYHVSGEYAMLHAAAEKGVVDLKTIAFESHQGFLRAGARLIITYLAPEFLDWLDEEN
CCCCCCCCCCCCCHHHCCHHHCCCHHHHHHCCCCCCCHHHEEEEEEEECCCCCEEECCCCCCCEEECHHHHHHHHHHHHHCCCCEEEEEEECCCCCCCECCCHHHHCCCCHHHHHHHHHHHHCCCCEEEEEECCCCCECCCCCCCECCCCCECHHHHHHHHHHHHHHHHHHCCCEEEECCCCCCHHHHHHHHHHHCCCCCCCEEEEEEEEECCCCCHHHHHHHCCCCCCCCCCCCCECCCCHHHHHHHHHHHHHCCCCEEEEECCHHHHHHHHHHHHHCCCCCEEEEECHHHHHHHHHHHHCCCCCHHHHHHHHHHHHHHHCCCEEEECCHHHHHHHCCCCC
0 0 0 0 0 0 0 0 0 0 0 0 0 0 0 0 0 0 0 0 0 0 0 0 0 0 0 0 0 0 0 0 0 0 0 0 0 0 0 0 0 0 0 0 0 0 0 0 0 0 0 0 0 0 0 0 0 0 0 0 0 0 0 0 0 0 0 0 0 0 0 0 0 0 0 0 0 0 0 0 0 0 0 0 0 0 0 0 0 0 0 0 0 0 0 0 0 0 0 0 0 0 0 0 0 0 0 0 0 0 0 0 0 0 0 0 0 0 0 0 0 0 0 0 0 0 0 0 0 0 0 0 0 0 0 0 0 0 0 0 0 0 0 0 0 0 0 0 0 0 0 0 0 0 0 0 0 0 0 0 0 0 0 0 0 0 0 0 0 0 0 0 0 0 0 0 0 0 0 0 0 0 0 0 0 0 0 0 0 0 0 0 0 0 0 0 0 0 0 0 0 0 0 0 0 0 0 0 0 0 0 0 0 0 0 0 0 0 0 0 0 0 0 0 0 0 0 0 0 0 0 0 0 0 0 0 0 0 0 0 0 0 0 0 0 0 0 0 0 0 0 0 0 0 0 0 0 0 0 0 0 0 0 0 0 0 0 0 0 0 0 0 0 0 0 0 0 0 0 0 0 0 0 0 0 0 0 0 0 0 0 0 0 0 0 0 0 0 0 0 0 0 0 0 0 0 0 0 0 0 0 0 0 0 0 0 0 0 0 0 0 0 0 0 0 0 0 0 0 0 0 0 0 0 0 0 0 0 0 0 0 0 
0 0 0 0 0 0 0 0 0 0 0 0 0 0 0 0 0 0 0 0 0 0 0 0 0 0 0 0 0 0 0 0 0 0 0 0 0 0 0 0 0 0 0 0 0 0 0 0 0 0 0 0 0 0 0 0 0 0 0 0 0 0 0 0 0 0 0 0 0 0 0 0 0 0 0 0 0 0 0 0 0 0 0 0 0 0 0 0 0 0 0 0 0 0 0 0 0 0 0 0 0 0 0 0 0 0 0 0 0 0 0 0 0 0 0 0 0 0 0 0 0 0 0 0 0 0 0 0 0 0 0 0 0 0 0 0 0 0 0 0 0 0 0 0 0 0 0 0 0 0 0 0 0 0 0 0 0 0 0 0 0 0 0 0 0 0 0 0 0 0 0 0 0 0 0 0 0 0 0 0 0 0 0 0 0 0 0 0 0 0 0 0 0 0 0 0 0 0 0 0 0 0 0 0 0 0 0 0 0 0 0 0 0 0 0 0 0 0 0 0 0 0 0 0 0 0 0 0 0 0 0 0 0 0 0 0 0 0 0 0 0 0 0 0 0 0 0 0 0 0 0 0 0 0 0 0 0 0 0 0 0 0 0 0 0 0 0 0 0 0 0 0 0 0 0 0 0 0 0 0 0 0 0 0 0 0 0 0 0 0 0 0 0 0 0 0 0 0 0 0 0 0 0 0 0 0 0 0 0 0 0 0 0 0 0 0 0 0 0 0 0 0 0 0 0 0 0 0 0 0 0 0 0 0 0 0 0 0 0 0 0 0 
0 0.00391348 0.00389251 0.00388895 0.00392363 0.00396015 0.00398574 0.00512115 0.00692768 0.00642657 0.0108215 0.0123406 0.00995866 0.0393621 0.0195575 0.0193245 0.015958 0.0133606 0.0134433 0.0145292 0.0212801 0.0125124 0.00958136 0.0130454 0.0104803 0.0111848 0.0101676 0.016822 0.00975336 0.00990282 0.0107811 0.00900793 0.00862922 0.0085943 0.0097092 0.00855992 0.00840223 0.0083561 0.0086602 0.0085015 0.00856446 0.00859382 0.0084014 0.00940314 0.00861916 0.00837722 0.00847186 0.00868068 0.00848331 0.00861176 0.00851912 0.00837886 0.00853103 0.00834796 0.0088582 0.00858593 0.00870294 0.00859889 0.00924101 
0.00391348 0 0.0038577 0.00387985 0.00391233 0.00394001 0.00409489 0.00394834 0.00613347 0.00749831 0.0084096 0.0138822 0.0249676 0.0155174 0.0295902 0.0343642 0.048305 0.0285775 0.0294833 0.0246106 0.0116689 0.00891871 0.0104577 0.0160854 0.0170556 0.0189947 0.0172129 0.0114051 0.00836776 0.00846326 0.00855105 0.00891194 0.00971742 0.00978891 0.00852493 0.00865096 0.00888661 0.00889683 0.00987396 0.00943259 0.00971451 0.00884327 0.00878852 0.00860418 0.00813435 0.00873138 0.00866907 0.00870883 0.00856647 0.00832454 0.0083442 0.00843523 0.00858714 0.00842353 0.00839142 0.008413 0.00868735 0.0086852 0.00881269 
0.00389251 0.0038577 0 0.0038354 0.00384154 0.00386462 0.0038457 0.00388385 0.00672675 0.00784221 0.00799065 0.0116764 0.0196411 0.0108564 0.0129795 0.0700305 0.0524764 0.0913453 0.0670072 0.0276441 0.00948476 0.00856902 0.00957391 0.0183116 0.0307051 0.0352593 0.0162576 0.0116723 0.00822251 0.00833677 0.00824807 0.00894503 0.0100803 0.00919207 0.00838518 0.00893417 0.00900603 0.00919038 0.00964532 0.0096051 0.00984323 0.00976334 0.00908978 0.00834833 0.00818037 0.00879734 0.0085992 0.00893719 0.00854214 0.00829928 0.00879825 0.00852004 0.0086987 0.00860141 0.00837211 0.00862184 0.00882739 0.00881883 0.00873642 
0.00388895 0.00387985 0.0038354 0 0.00384248 0.00384905 0.00383158 0.00377952 0.00723198 0.00654965 0.00843721 0.013108 0.0129549 0.009885 0.0146206 0.0242829 0.165767 0.088008 0.0933008 0.0180768 0.00986602 0.00832164 0.00970785 0.0192559 0.0371616 0.0361196 0.0173823 0.0109111 0.00826409 0.00831555 0.00820918 0.0092766 0.00953199 0.00942443 0.00842233 0.00851845 0.00910231 0.00904062 0.00926596 0.00923597 0.00913479 0.00916619 0.00889901 0.00845948 0.00811889 0.00855437 0.00887348 0.00876697 0.00849284 0.00856791 0.00836035 0.00848337 0.00860305 0.00851739 0.00839431 0.00852147 0.00863504 0.00859259 0.008682 
0.00392363 0.00391233 0.00384154 0.00384248 0 0.00384481 0.00385801 0.00377233 0.00566459 0.00666774 0.0345279 0.0159032 0.011541 0.011013 0.0144913 0.047431 0.0944644 0.262608 0.0526543 0.0246067 0.0103508 0.00858855 0.00999992 0.0272755 0.0424447 0.0540936 0.0179647 0.0137031 0.00826733 0.00840044 0.0084135 0.00941475 0.0113662 0.00977796 0.00860851 0.00891812 0.00909426 0.00974124 0.0101849 0.00985499 0.00953692 0.00986234 0.00915685 0.00838969 0.00814298 0.00894412 0.00865714 0.00899831 0.00867279 0.00831735 0.00898213 0.00854295 0.00875576 0.00864042 0.00850098 0.00855803 0.00873285 0.00881592 0.00879121 
0.00396015 0.00394001 0.00386462 0.00384905 0.00384481 0 0.0037853 0.00378189 0.00631384 0.027249 0.170116 0.0129297 0.0163332 0.0108969 0.018031 0.0371093 0.166983 0.0947301 0.153126 0.0347648 0.0121145 0.00855877 0.0119076 0.0211018 0.0560597 0.0437338 0.0280056 0.0149934 0.00829501 0.00841481 0.00839324 0.00953992 0.0115344 0.0114537 0.00867816 0.00885664 0.00909411 0.0110815 0.0109276 0.0102281 0.0102563 0.00973394 0.00958673 0.00861033 0.00814783 0.0103016 0.0089023 0.00939859 0.00868222 0.00837602 0.00845106 0.0086358 0.00888227 0.00865989 0.00844947 0.00862445 0.00888239 0.00887707 0.00882441 
0.00398574 0.00409489 0.0038457 0.00383158 0.00385801 0.0037853 0 0.0038317 0.035915 0.206712 0.00991226 0.0144084 0.0429859 0.0133908 0.0163091 0.0409732 0.03473 0.04856 0.035381 0.126351 0.0155589 0.00934579 0.0112653 0.0212732 0.0186109 0.0216479 0.0316342 0.0152163 0.00872366 0.00871166 0.00882799 0.009262 0.010005 0.0100897 0.00868324 0.00866592 0.00889971 0.00912449 0.00893396 0.00904982 0.00898204 0.00904763 0.00872799 0.00849901 0.00815738 0.00870779 0.00872959 0.00876917 0.00869184 0.00825991 0.00850972 0.00854409 0.00852587 0.00852413 0.00841331 0.00863234 0.00886996 0.00921898 0.00875847 
0.00512115 0.00394834 0.00388385 0.00377952 0.00377233 0.00378189 0.0038317 0 0.306562 0.00847106 0.016077 0.022192 0.0105227 0.0242939 0.0290296 0.0127564 0.0136831 0.0139376 0.0143643 0.0138398 0.0388493 0.0122217 0.0178398 0.0100442 0.0102205 0.0102393 0.010727 0.013183 0.0105318 0.00983342 0.0103743 0.0100578 0.00855308 0.00861057 0.00875253 0.00945678 0.00853111 0.00842949 0.00860321 0.00833624 0.00839692 0.00832493 0.00826865 0.00836637 0.00836424 0.00858199 0.0087115 0.00832152 0.00829659 0.0082276 0.00871042 0.00837668 0.00831101 0.00829137 0.00837432 0.00872984 0.00854844 0.00864431 0.00860972 
0.00692768 0.00613347 0.00672675 0.00723198 0.00566459 0.00631384 0.035915 0.306562 0 0.00396368 0.00435338 0.00733446 0.00888368 0.744431 0.0172401 0.0105646 0.0101364 0.0093177 0.00919493 0.0105078 0.0188965 0.0120584 0.00975241 0.00868869 0.0089102 0.00863023 0.00875856 0.0114924 0.00987899 0.0100757 0.0107016 0.00841557 0.00823208 0.00829867 0.00906898 0.00833898 0.00807983 0.00817629 0.00815484 0.00817447 0.00822228 0.00816374 0.00817276 0.00870731 0.00863701 0.00822328 0.00818594 0.00824601 0.0082894 0.00841365 0.00816977 0.00824401 0.00823657 0.00825418 0.00847006 0.00840229 0.008396 0.00834725 0.00870864 
0.00642657 0.00749831 0.00784221 0.00654965 0.00666774 0.027249 0.206712 0.00847106 0.00396368 0 0.00377294 0.00661908 0.725406 0.00736729 0.0117608 0.0222132 0.00983372 0.0100657 0.00978221 0.0134874 0.00886135 0.00962172 0.00904077 0.0118465 0.00861929 0.00864338 0.00930573 0.00857504 0.00840015 0.00832249 0.00849708 0.00839472 0.00834608 0.00828301 0.0082653 0.00821817 0.00838681 0.00822664 0.00831209 0.00825791 0.00835954 0.00831446 0.00831686 0.0082542 0.00822028 0.00825421 0.00835537 0.00833661 0.00840557 0.00815342 0.00825912 0.00831753 0.00835548 0.00837932 0.00824898 0.00855223 0.00858509 0.00860724 0.00851294 
0.0108215 0.0084096 0.00799065 0.00843721 0.0345279 0.170116 0.00991226 0.016077 0.00435338 0.00377294 0 0.750164 0.00654351 0.0071512 0.01828 0.0109367 0.0106214 0.0105499 0.0100439 0.0105062 0.00971128 0.010933 0.0201899 0.00862482 0.00876983 0.00881217 0.00882226 0.00974516 0.00999868 0.00957099 0.00986658 0.00888006 0.00831937 0.00825467 0.00825572 0.00942911 0.00823945 0.00831177 0.00830585 0.00819278 0.00827085 0.00824575 0.0082342 0.0082413 0.00827484 0.00837428 0.00836019 0.00825667 0.00822032 0.00819259 0.00833876 0.00830338 0.00825885 0.00821736 0.00833776 0.00865048 0.00847922 0.00838903 0.00850838 
0.0123406 0.0138822 0.0116764 0.013108 0.0159032 0.0129297 0.0144084 0.022192 0.00733446 0.00661908 0.750164 0 0.00385267 0.00388997 0.0840745 0.023769 0.0211771 0.018448 0.0160547 0.0154533 0.0237697 0.0121283 0.0120769 0.0122089 0.0116793 0.0115444 0.0109151 0.0175817 0.00981548 0.0104387 0.0111748 0.00966133 0.00877215 0.00883236 0.0100779 0.00876982 0.00831812 0.0087026 0.00847 0.00870492 0.00852495 0.00852896 0.00838373 0.00879808 0.00841437 0.00839973 0.00846409 0.00833105 0.00840354 0.00839659 0.00836379 0.00833333 0.00835084 0.0082882 0.00848195 0.00849432 0.00847862 0.00841026 0.00864655 
0.00995866 0.0249676 0.0196411 0.0129549 0.011541 0.0163332 0.0429859 0.0105227 0.00888368 0.725406 0.00654351 0.00385267 0 0.00378092 0.018752 0.0733512 0.0292456 0.0260376 0.020924 0.110437 0.0124378 0.00984313 0.0105786 0.0152157 0.0123535 0.0108865 0.0249358 0.0103499 0.00868111 0.00860155 0.00859691 0.00934623 0.00973314 0.0102156 0.00846086 0.00860924 0.00876554 0.00863069 0.00876728 0.00856028 0.00872811 0.00868934 0.00885145 0.0084282 0.00812095 0.00838093 0.00854807 0.00877261 0.00860502 0.00827331 0.00838205 0.00844596 0.00838512 0.00848204 0.00829521 0.00852893 0.00876374 0.0087881 0.00860438 
0.0393621 0.0155174 0.0108564 0.009885 0.011013 0.0108969 0.0133908 0.0242939 0.744431 0.00736729 0.0071512 0.00388997 0.00378092 0 0.0243575 0.0166958 0.0212355 0.017513 0.022837 0.0191639 0.0780128 0.0164214 0.0159038 0.0109296 0.00993329 0.0106749 0.0110475 0.0186194 0.0119167 0.0119709 0.0142581 0.0113184 0.00872486 0.00864614 0.00901179 0.00964819 0.00850108 0.00868351 0.00873838 0.00850746 0.00884923 0.00848675 0.0086084 0.00858329 0.0085396 0.00856274 0.00855864 0.00849136 0.00830955 0.00820885 0.00868724 0.00827292 0.00837888 0.00828092 0.00831286 0.00873226 0.0084744 0.00840228 0.00849484 
0.0195575 0.0295902 0.0129795 0.0146206 0.0144913 0.018031 0.0163091 0.0290296 0.0172401 0.0117608 0.01828 0.0840745 0.018752 0.0243575 0 0.00427813 0.00386467 0.00389583 0.00388242 0.00411448 0.0050805 0.0235577 0.352302 0.0222733 0.018233 0.0120245 0.013133 0.022807 0.0130619 0.0130889 0.0161556 0.0145105 0.0108421 0.00930957 0.0119731 0.0110388 0.0089779 0.00872896 0.00873765 0.00890718 0.00915767 0.00914972 0.00874483 0.00999412 0.00865254 0.00884101 0.00852499 0.00879547 0.00854854 0.00881592 0.00865528 0.0083749 0.0083565 0.00834764 0.00856495 0.00858725 0.00854762 0.00847615 0.00874711 
0.0193245 0.0343642 0.0700305 0.0242829 0.047431 0.0371093 0.0409732 0.0127564 0.0105646 0.0222132 0.0109367 0.023769 0.0733512 0.0166958 0.00427813 0 0.00380355 0.00380238 0.00381017 0.00380965 0.00416024 0.0106374 0.0365956 0.400453 0.0217928 0.0452297 0.0259988 0.0150465 0.0092356 0.0096739 0.011987 0.0165308 0.0186632 0.0128603 0.00972412 0.0102918 0.010468 0.0108699 0.0103805 0.0106493 0.0109442 0.0109118 0.0103381 0.00886697 0.00821977 0.00862439 0.00874866 0.00896988 0.00885084 0.00842142 0.0083512 0.00846762 0.00853741 0.00849943 0.00841356 0.00853648 0.00865077 0.00859037 0.00859613 
0.015958 0.048305 0.0524764 0.165767 0.0944644 0.166983 0.03473 0.0136831 0.0101364 0.00983372 0.0106214 0.0211771 0.0292456 0.0212355 0.00386467 0.00380355 0 0.00379832 0.00377985 0.00383827 0.00384091 0.00712421 0.0476148 0.0584831 0.404074 0.0778081 0.0715888 0.0142795 0.00888867 0.00918371 0.00909332 0.0132849 0.0288597 0.016282 0.00970412 0.0106086 0.0152998 0.0161909 0.0198292 0.0178925 0.0161114 0.0161154 0.0115099 0.00896214 0.00815539 0.00943113 0.00967087 0.0112467 0.00947512 0.00851738 0.00854111 0.00864555 0.0096021 0.00883054 0.00855976 0.00860019 0.00880596 0.00885565 0.008797 
0.0133606 0.0285775 0.0913453 0.088008 0.262608 0.0947301 0.04856 0.0139376 0.0093177 0.0100657 0.0105499 0.018448 0.0260376 0.017513 0.00389583 0.00380238 0.00379832 0 0.00378187 0.00379956 0.00378733 0.00667191 0.0229698 0.093832 0.128691 0.413255 0.0347558 0.0246224 0.00859879 0.0090758 0.00893965 0.0122616 0.0236591 0.0165067 0.00981045 0.0102309 0.0128658 0.0206386 0.0206983 0.0165614 0.0164252 0.0174225 0.0118237 0.00882587 0.00812373 0.00920096 0.00993503 0.0107821 0.00941951 0.00847168 0.00845757 0.00883163 0.00927656 0.00892654 0.0085512 0.00862069 0.00885591 0.00886476 0.0086889 
0.0134433 0.0294833 0.0670072 0.0933008 0.0526543 0.153126 0.035381 0.0143643 0.00919493 0.00978221 0.0100439 0.0160547 0.020924 0.022837 0.00388242 0.00381017 0.00377985 0.00378187 0 0.00376264 0.00377176 0.00661109 0.021763 0.0591997 0.15763 0.094891 0.141106 0.016455 0.00894126 0.00888559 0.00889264 0.012583 0.0187268 0.0159859 0.00938496 0.00982694 0.0121263 0.015126 0.0150268 0.0141097 0.0137839 0.0145235 0.0106098 0.00894641 0.00819374 0.0094593 0.00942049 0.0104678 0.00910737 0.00834802 0.00868477 0.00861752 0.00906152 0.00893195 0.00843559 0.00850449 0.00868129 0.00868422 0.00851831 
0.0145292 0.0246106 0.0276441 0.0180768 0.0246067 0.0347648 0.126351 0.0138398 0.0105078 0.0134874 0.0105062 0.0154533 0.110437 0.0191639 0.00411448 0.00380965 0.00383827 0.00379956 0.00376264 0 0.00376139 0.00963139 0.0288868 0.0493994 0.0390734 0.0541547 0.0872636 0.0771716 0.00977796 0.0102414 0.00961549 0.0115766 0.0164406 0.017491 0.00918614 0.00956297 0.0122187 0.0114962 0.0115631 0.0107579 0.0106465 0.0106429 0.0107644 0.00861134 0.00810201 0.00905551 0.00888007 0.00930613 0.0085587 0.00820121 0.00833762 0.00841657 0.00846893 0.00848877 0.00823264 0.00840225 0.00853362 0.00860678 0.00839819 
0.0212801 0.0116689 0.00948476 0.00986602 0.0103508 0.0121145 0.0155589 0.0388493 0.0188965 0.00886135 0.00971128 0.0237697 0.0124378 0.0780128 0.0050805 0.00416024 0.00384091 0.00378733 0.00377176 0.00376139 0 0.169747 0.0222056 0.0148171 0.0154404 0.0168217 0.0324445 0.0392083 0.0156686 0.0138167 0.0145859 0.0144255 0.00915322 0.00930027 0.010031 0.0114827 0.00917124 0.00863142 0.00891027 0.00857759 0.00891033 0.00851 0.00866653 0.00903846 0.0085975 0.00912888 0.00861207 0.00840779 0.00823648 0.00835992 0.00859297 0.00824164 0.00818779 0.00824987 0.00827899 0.00862093 0.0084017 0.00834922 0.00848049 
0.0125124 0.00891871 0.00856902 0.00832164 0.00858855 0.00855877 0.00934579 0.0122217 0.0120584 0.00962172 0.010933 0.0121283 0.00984313 0.0164214 0.0235577 0.0106374 0.00712421 0.00667191 0.00661109 0.00963139 0.169747 0 0.0229563 0.0106802 0.00975477 0.0102374 0.0113521 0.0181072 0.0517108 0.0330387 0.0477864 0.0106357 0.00865582 0.00833218 0.0102366 0.0104343 0.00831279 0.00815864 0.00819584 0.00816406 0.00816988 0.0081526 0.00819226 0.0100806 0.0114891 0.00886728 0.00824306 0.00816835 0.00826558 0.00827924 0.00853112 0.00819825 0.0081317 0.0081446 0.00840796 0.00873393 0.00835486 0.00824785 0.00855316 
0.00958136 0.0104577 0.00957391 0.00970785 0.00999992 0.0119076 0.0112653 0.0178398 0.00975241 0.00904077 0.0201899 0.0120769 0.0105786 0.0159038 0.352302 0.0365956 0.0476148 0.0229698 0.021763 0.0288868 0.0222056 0.0229563 0 0.00401162 0.00380115 0.00384237 0.0038233 0.00444529 0.0111812 0.0190405 0.0282405 0.0220315 0.0143139 0.0112891 0.0176514 0.0276346 0.00981939 0.00959293 0.00999786 0.00940392 0.0106591 0.00973263 0.012046 0.0134171 0.00967776 0.00905363 0.00943883 0.00948532 0.00920732 0.00980712 0.00852844 0.00839007 0.00847726 0.00858366 0.00954542 0.00870583 0.00887539 0.00855569 0.00909956 
0.0130454 0.0160854 0.0183116 0.0192559 0.0272755 0.0211018 0.0212732 0.0100442 0.00868869 0.0118465 0.00862482 0.0122089 0.0152157 0.0109296 0.0222733 0.400453 0.0584831 0.093832 0.0591997 0.0493994 0.0148171 0.0106802 0.00401162 0 0.0037715 0.00379215 0.00385586 0.00385569 0.0069107 0.0127159 0.0146513 0.0340949 0.0533032 0.0191622 0.0116392 0.011272 0.0324817 0.0165354 0.0162716 0.0194657 0.0156591 0.0215795 0.0128802 0.0104309 0.0082191 0.00992877 0.0112521 0.0112447 0.0111507 0.00857832 0.00864254 0.00899286 0.00926121 0.00904582 0.00850373 0.00848095 0.0086148 0.00866301 0.00855939 
0.0104803 0.0170556 0.0307051 0.0371616 0.0424447 0.0560597 0.0186109 0.0102205 0.0089102 0.00861929 0.00876983 0.0116793 0.0123535 0.00993329 0.018233 0.0217928 0.404074 0.128691 0.15763 0.0390734 0.0154404 0.00975477 0.00380115 0.0037715 0 0.00375888 0.00378468 0.00377502 0.00578848 0.00933757 0.00990382 0.0478942 0.029815 0.0282936 0.0114832 0.0138796 0.0172932 0.03926 0.0391726 0.0257999 0.0302449 0.0257588 0.014225 0.0093204 0.00815419 0.0093962 0.0104991 0.0151851 0.0102075 0.0087145 0.00858053 0.00905505 0.0103602 0.00940578 0.00849508 0.00843017 0.00860631 0.00855788 0.00889184 
0.0111848 0.0189947 0.0352593 0.0361196 0.0540936 0.0437338 0.0216479 0.0102393 0.00863023 0.00864338 0.00881217 0.0115444 0.0108865 0.0106749 0.0120245 0.0452297 0.0778081 0.413255 0.094891 0.0541547 0.0168217 0.0102374 0.00384237 0.00379215 0.00375888 0 0.00376291 0.00376577 0.00534657 0.00914278 0.00997851 0.0220967 0.0911672 0.0181517 0.0172382 0.0108154 0.0296489 0.0337637 0.034107 0.0325051 0.0266779 0.0376794 0.012094 0.00947646 0.00819425 0.00980564 0.0128914 0.0147187 0.0121776 0.00861499 0.00887943 0.0092272 0.0100705 0.00981202 0.00841642 0.00847277 0.00863042 0.00876744 0.00837287 
0.0101676 0.0172129 0.0162576 0.0173823 0.0179647 0.0280056 0.0316342 0.010727 0.00875856 0.00930573 0.00882226 0.0109151 0.0249358 0.0110475 0.013133 0.0259988 0.0715888 0.0347558 0.141106 0.0872636 0.0324445 0.0113521 0.0038233 0.00385586 0.00378468 0.00376291 0 0.00377165 0.00737439 0.0101974 0.0114564 0.0161641 0.0304729 0.191644 0.0140341 0.012638 0.0171833 0.0186268 0.0262164 0.0185249 0.0206319 0.0150562 0.0260778 0.00985103 0.00815629 0.00915357 0.0109636 0.0117362 0.0108614 0.00865468 0.00866676 0.00887907 0.00929382 0.00899916 0.00846249 0.00831579 0.00859862 0.00897063 0.00836865 
0.016822 0.0114051 0.0116723 0.0109111 0.0137031 0.0149934 0.0152163 0.013183 0.0114924 0.00857504 0.00974516 0.0175817 0.0103499 0.0186194 0.022807 0.0150465 0.0142795 0.0246224 0.016455 0.0771716 0.0392083 0.0181072 0.00444529 0.00385569 0.00377502 0.00376577 0.00377165 0 0.0105479 0.0219178 0.0222844 0.0231311 0.0189441 0.015426 0.0950666 0.016091 0.0140649 0.0122202 0.0128623 0.0140245 0.0124401 0.0122313 0.0116706 0.0161282 0.00873676 0.0121009 0.00983034 0.00980832 0.0104866 0.00868848 0.0108164 0.00860312 0.0086198 0.00889681 0.00854609 0.00854064 0.00832504 0.00840892 0.00847486 
0.00975336 0.00836776 0.00822251 0.00826409 0.00826733 0.00829501 0.00872366 0.0105318 0.00987899 0.00840015 0.00999868 0.00981548 0.00868111 0.0119167 0.0130619 0.0092356 0.00888867 0.00859879 0.00894126 0.00977796 0.0156686 0.0517108 0.0111812 0.0069107 0.00578848 0.00534657 0.00737439 0.0105479 0 0.275439 0.107659 0.0158233 0.00962865 0.0101383 0.0165267 0.011991 0.00873317 0.00837883 0.00848517 0.0083656 0.00838975 0.00828994 0.00884256 0.0116787 0.0129475 0.00926054 0.00829781 0.0082219 0.00843376 0.00914647 0.00876625 0.0082098 0.0081649 0.00820038 0.00889366 0.00847108 0.00835364 0.00818551 0.00883275 
0.00990282 0.00846326 0.00833677 0.00831555 0.00840044 0.00841481 0.00871166 0.00983342 0.0100757 0.00832249 0.00957099 0.0104387 0.00860155 0.0119709 0.0130889 0.0096739 0.00918371 0.0090758 0.00888559 0.0102414 0.0138167 0.0330387 0.0190405 0.0127159 0.00933757 0.00914278 0.0101974 0.0219178 0.275439 0 0.925138 0.0166089 0.0149771 0.0125731 0.0187497 0.0134167 0.00955649 0.00865938 0.00861817 0.00853642 0.00860753 0.00867776 0.00929176 0.0128784 0.0146403 0.0102932 0.0086519 0.00832163 0.00855851 0.00888263 0.00941098 0.00824404 0.00821639 0.00821679 0.00876153 0.00907456 0.00849315 0.00828593 0.00895029 
0.0107811 0.00855105 0.00824807 0.00820918 0.0084135 0.00839324 0.00882799 0.0103743 0.0107016 0.00849708 0.00986658 0.0111748 0.00859691 0.0142581 0.0161556 0.011987 0.00909332 0.00893965 0.00889264 0.00961549 0.0145859 0.0477864 0.0282405 0.0146513 0.00990382 0.00997851 0.0114564 0.0222844 0.107659 0.925138 0 0.0194457 0.0124694 0.0121318 0.0277817 0.0215796 0.0114714 0.00880191 0.00885011 0.00892141 0.00872546 0.00880215 0.00992058 0.0154839 0.030948 0.0111442 0.0087442 0.00838598 0.00867911 0.00965836 0.00997287 0.00822365 0.00822134 0.00834505 0.00967082 0.00965193 0.00838914 0.00825369 0.00939784 
0.00900793 0.00891194 0.00894503 0.0092766 0.00941475 0.00953992 0.009262 0.0100578 0.00841557 0.00839472 0.00888006 0.00966133 0.00934623 0.0113184 0.0145105 0.0165308 0.0132849 0.0122616 0.012583 0.0115766 0.0144255 0.0106357 0.0220315 0.0340949 0.0478942 0.0220967 0.0161641 0.0231311 0.0158233 0.0166089 0.0194457 0 0.00393676 0.00380932 0.00409215 0.627363 0.0279129 0.0192751 0.0132062 0.0184613 0.0164054 0.0161698 0.0129695 0.0242352 0.0111021 0.0181106 0.0156607 0.011741 0.0149454 0.0116064 0.0122368 0.0102941 0.00952744 0.0092497 0.0108322 0.00905439 0.00883284 0.00861491 0.00881158 
0.00862922 0.00971742 0.0100803 0.00953199 0.0113662 0.0115344 0.010005 0.00855308 0.00823208 0.00834608 0.00831937 0.00877215 0.00973314 0.00872486 0.0108421 0.0186632 0.0288597 0.0236591 0.0187268 0.0164406 0.00915322 0.00865582 0.0143139 0.0533032 0.029815 0.0911672 0.0304729 0.0189441 0.00962865 0.0149771 0.0124694 0.00393676 0 0.00385291 0.00380109 0.0666976 0.5758 0.0316867 0.0541796 0.022324 0.0239057 0.035235 0.0235212 0.011465 0.00869525 0.0150562 0.0221887 0.0291202 0.0150106 0.00954704 0.0100479 0.0106387 0.0137975 0.0105746 0.00888747 0.00874302 0.00887349 0.00934429 0.00880461 
0.0085943 0.00978891 0.00919207 0.00942443 0.00977796 0.0114537 0.0100897 0.00861057 0.00829867 0.00828301 0.00825467 0.00883236 0.0102156 0.00864614 0.00930957 0.0128603 0.016282 0.0165067 0.0159859 0.017491 0.00930027 0.00833218 0.0112891 0.0191622 0.0282936 0.0181517 0.191644 0.015426 0.0101383 0.0125731 0.0121318 0.00380932 0.00385291 0 0.00390763 0.0267954 0.0265668 0.139606 0.0386689 0.0244442 0.0288638 0.0355966 0.0644967 0.0134523 0.00850102 0.0102744 0.0156619 0.018554 0.0208577 0.00926788 0.00992128 0.0115371 0.0138829 0.0114933 0.00937919 0.00866401 0.00914676 0.0089856 0.00862529 
0.0097092 0.00852493 0.00838518 0.00842233 0.00860851 0.00867816 0.00868324 0.00875253 0.00906898 0.0082653 0.00825572 0.0100779 0.00846086 0.00901179 0.0119731 0.00972412 0.00970412 0.00981045 0.00938496 0.00918614 0.010031 0.0102366 0.0176514 0.0116392 0.0114832 0.0172382 0.0140341 0.0950666 0.0165267 0.0187497 0.0277817 0.00409215 0.00380109 0.00390763 0 0.0147765 0.0240626 0.0196985 0.0645273 0.0314356 0.0246192 0.0173618 0.0273362 0.07142 0.0123689 0.016213 0.0112899 0.00970736 0.0107272 0.0102123 0.0134424 0.00886513 0.00910036 0.00928258 0.00977704 0.00934157 0.00847076 0.00850438 0.00890397 
0.00855992 0.00865096 0.00893417 0.00851845 0.00891812 0.00885664 0.00866592 0.00945678 0.00833898 0.00821817 0.00942911 0.00876982 0.00860924 0.00964819 0.0110388 0.0102918 0.0106086 0.0102309 0.00982694 0.00956297 0.0114827 0.0104343 0.0276346 0.011272 0.0138796 0.0108154 0.012638 0.016091 0.011991 0.0134167 0.0215796 0.627363 0.0666976 0.0267954 0.0147765 0 0.00386981 0.00378223 0.00381652 0.00387858 0.0040339 0.00417892 0.00739474 0.00901008 0.0213356 0.0352704 0.0190726 0.0156642 0.0146258 0.020548 0.0159202 0.0119264 0.0103177 0.0100257 0.0146207 0.0108485 0.00970401 0.00905897 0.0105478 
0.00840223 0.00888661 0.00900603 0.00910231 0.00909426 0.00909411 0.00889971 0.00853111 0.00807983 0.00838681 0.00823945 0.00831812 0.00876554 0.00850108 0.0089779 0.010468 0.0152998 0.0128658 0.0121263 0.0122187 0.00917124 0.00831279 0.00981939 0.0324817 0.0172932 0.0296489 0.0171833 0.0140649 0.00873317 0.00955649 0.0114714 0.0279129 0.5758 0.0265668 0.0240626 0.00386981 0 0.00377768 0.00380714 0.00384833 0.0038546 0.00461209 0.00473835 0.00522562 0.0121427 0.0282538 0.0380342 0.0384118 0.0273915 0.010201 0.0131444 0.0168609 0.0196824 0.0154458 0.00949594 0.00949508 0.0104937 0.0109649 0.00896138 
0.0083561 0.00889683 0.00919038 0.00904062 0.00974124 0.0110815 0.00912449 0.00842949 0.00817629 0.00822664 0.00831177 0.0087026 0.00863069 0.00868351 0.00872896 0.0108699 0.0161909 0.0206386 0.015126 0.0114962 0.00863142 0.00815864 0.00959293 0.0165354 0.03926 0.0337637 0.0186268 0.0122202 0.00837883 0.00865938 0.00880191 0.0192751 0.0316867 0.139606 0.0196985 0.00378223 0.00377768 0 0.00377783 0.0037727 0.00377473 0.00378126 0.00396184 0.00391438 0.00949607 0.0160109 0.0380246 0.0457636 0.0200423 0.0106384 0.0105075 0.0153175 0.032422 0.0123386 0.00991718 0.00891495 0.0109937 0.0107514 0.00951565 
0.0086602 0.00987396 0.00964532 0.00926596 0.0101849 0.0109276 0.00893396 0.00860321 0.00815484 0.00831209 0.00830585 0.00847 0.00876728 0.00873838 0.00873765 0.0103805 0.0198292 0.0206983 0.0150268 0.0115631 0.00891027 0.00819584 0.00999786 0.0162716 0.0391726 0.034107 0.0262164 0.0128623 0.00848517 0.00861817 0.00885011 0.0132062 0.0541796 0.0386689 0.0645273 0.00381652 0.00380714 0.00377783 0 0.00375786 0.00379103 0.00374619 0.00384041 0.00392211 0.0100638 0.0189002 0.038803 0.0565297 0.0225065 0.012835 0.0111167 0.020329 0.0261813 0.0143553 0.0109784 0.00919933 0.0102886 0.0116368 0.0101094 
0.0085015 0.00943259 0.0096051 0.00923597 0.00985499 0.0102281 0.00904982 0.00833624 0.00817447 0.00825791 0.00819278 0.00870492 0.00856028 0.00850746 0.00890718 0.0106493 0.0178925 0.0165614 0.0141097 0.0107579 0.00857759 0.00816406 0.00940392 0.0194657 0.0257999 0.0325051 0.0185249 0.0140245 0.0083656 0.00853642 0.00892141 0.0184613 0.022324 0.0244442 0.0314356 0.00387858 0.00384833 0.0037727 0.00375786 0 0.00375702 0.00379801 0.00381348 0.00384332 0.0113325 0.0196948 0.0305574 0.036233 0.0253443 0.0115409 0.0119349 0.013909 0.0236141 0.0146473 0.0106767 0.00918379 0.0106224 0.0113266 0.00926084 
0.00856446 0.00971451 0.00984323 0.00913479 0.00953692 0.0102563 0.00898204 0.00839692 0.00822228 0.00835954 0.00827085 0.00852495 0.00872811 0.00884923 0.00915767 0.0109442 0.0161114 0.0164252 0.0137839 0.0106465 0.00891033 0.00816988 0.0106591 0.0156591 0.0302449 0.0266779 0.0206319 0.0124401 0.00838975 0.00860753 0.00872546 0.0164054 0.0239057 0.0288638 0.0246192 0.0040339 0.0038546 0.00377473 0.00379103 0.00375702 0 0.00375222 0.00380374 0.00387924 0.0100905 0.0194083 0.030158 0.0541045 0.0208901 0.0118174 0.0107792 0.0183337 0.026204 0.016018 0.0108926 0.00922117 0.0113348 0.0105936 0.00974285 
0.00859382 0.00884327 0.00976334 0.00916619 0.00986234 0.00973394 0.00904763 0.00832493 0.00816374 0.00831446 0.00824575 0.00852896 0.00868934 0.00848675 0.00914972 0.0109118 0.0161154 0.0174225 0.0145235 0.0106429 0.00851 0.0081526 0.00973263 0.0215795 0.0257588 0.0376794 0.0150562 0.0122313 0.00828994 0.00867776 0.00880215 0.0161698 0.035235 0.0355966 0.0173618 0.00417892 0.00461209 0.00378126 0.00374619 0.00379801 0.00375222 0 0.00376631 0.00377992 0.0117349 0.0237837 0.0452929 0.0432263 0.0389199 0.00996883 0.0126798 0.0158138 0.0361296 0.0139956 0.00967319 0.00987532 0.0110304 0.0121145 0.00917957 
0.0084014 0.00878852 0.00908978 0.00889901 0.00915685 0.00958673 0.00872799 0.00826865 0.00817276 0.00831686 0.0082342 0.00838373 0.00885145 0.0086084 0.00874483 0.0103381 0.0115099 0.0118237 0.0106098 0.0107644 0.00866653 0.00819226 0.012046 0.0128802 0.014225 0.012094 0.0260778 0.0116706 0.00884256 0.00929176 0.00992058 0.0129695 0.0235212 0.0644967 0.0273362 0.00739474 0.00473835 0.00396184 0.00384041 0.00381348 0.00380374 0.00376631 0 0.00382467 0.0163201 0.0128736 0.0278476 0.036155 0.0323046 0.0169279 0.010745 0.0208174 0.0165864 0.0159424 0.0121359 0.00920087 0.0100987 0.0111327 0.00957008 
0.00940314 0.00860418 0.00834833 0.00845948 0.00838969 0.00861033 0.00849901 0.00836637 0.00870731 0.0082542 0.0082413 0.00879808 0.0084282 0.00858329 0.00999412 0.00886697 0.00896214 0.00882587 0.00894641 0.00861134 0.00903846 0.0100806 0.0134171 0.0104309 0.0093204 0.00947646 0.00985103 0.0161282 0.0116787 0.0128784 0.0154839 0.0242352 0.011465 0.0134523 0.07142 0.00901008 0.00522562 0.00391438 0.00392211 0.00384332 0.00387924 0.00377992 0.00382467 0 0.175037 0.0192846 0.0188308 0.0144994 0.0351393 0.0205307 0.0255643 0.0114419 0.0105766 0.0109231 0.014508 0.011034 0.00909697 0.00923819 0.00995397 
0.00861916 0.00813435 0.00818037 0.00811889 0.00814298 0.00814783 0.00815738 0.00836424 0.00863701 0.00822028 0.00827484 0.00841437 0.00812095 0.0085396 0.00865254 0.00821977 0.00815539 0.00812373 0.00819374 0.00810201 0.0085975 0.0114891 0.00967776 0.0082191 0.00815419 0.00819425 0.00815629 0.00873676 0.0129475 0.0146403 0.030948 0.0111021 0.00869525 0.00850102 0.0123689 0.0213356 0.0121427 0.00949607 0.0100638 0.0113325 0.0100905 0.0117349 0.0163201 0.175037 0 0.0347566 0.0125427 0.00988299 0.0184018 0.0206895 0.0148396 0.00881557 0.00836154 0.00884006 0.0143567 0.0112322 0.00844662 0.00834569 0.0101801 
0.00837722 0.00873138 0.00879734 0.00855437 0.00894412 0.0103016 0.00870779 0.00858199 0.00822328 0.00825421 0.00837428 0.00839973 0.00838093 0.00856274 0.00884101 0.00862439 0.00943113 0.00920096 0.0094593 0.00905551 0.00912888 0.00886728 0.00905363 0.00992877 0.0093962 0.00980564 0.00915357 0.0121009 0.00926054 0.0102932 0.0111442 0.0181106 0.0150562 0.0102744 0.016213 0.0352704 0.0282538 0.0160109 0.0189002 0.0196948 0.0194083 0.0237837 0.0128736 0.0192846 0.0347566 0 0.00388485 0.00381847 0.00381961 0.00499469 0.135538 0.0359107 0.0164415 0.0148833 0.0301479 0.0299859 0.0186074 0.011942 0.0190251 
0.00847186 0.00866907 0.0085992 0.00887348 0.00865714 0.0089023 0.00872959 0.0087115 0.00818594 0.00835537 0.00836019 0.00846409 0.00854807 0.00855864 0.00852499 0.00874866 0.00967087 0.00993503 0.00942049 0.00888007 0.00861207 0.00824306 0.00943883 0.0112521 0.0104991 0.0128914 0.0109636 0.00983034 0.00829781 0.0086519 0.0087442 0.0156607 0.0221887 0.0156619 0.0112899 0.0190726 0.0380342 0.0380246 0.038803 0.0305574 0.030158 0.0452929 0.0278476 0.0188308 0.0125427 0.00388485 0 0.00376293 0.0037857 0.0038898 0.41616 0.0836753 0.0995862 0.0398537 0.0164584 0.0212725 0.0352363 0.0319435 0.0135793 
0.00868068 0.00870883 0.00893719 0.00876697 0.00899831 0.00939859 0.00876917 0.00832152 0.00824601 0.00833661 0.00825667 0.00833105 0.00877261 0.00849136 0.00879547 0.00896988 0.0112467 0.0107821 0.0104678 0.00930613 0.00840779 0.00816835 0.00948532 0.0112447 0.0151851 0.0147187 0.0117362 0.00980832 0.0082219 0.00832163 0.00838598 0.011741 0.0291202 0.018554 0.00970736 0.0156642 0.0384118 0.0457636 0.0565297 0.036233 0.0541045 0.0432263 0.036155 0.0144994 0.00988299 0.00381847 0.00376293 0 0.00380782 0.00383325 0.0347523 0.439081 0.0948225 0.0767063 0.0147692 0.0131942 0.0497778 0.0296683 0.0166065 
0.00848331 0.00856647 0.00854214 0.00849284 0.00867279 0.00868222 0.00869184 0.00829659 0.0082894 0.00840557 0.00822032 0.00840354 0.00860502 0.00830955 0.00854854 0.00885084 0.00947512 0.00941951 0.00910737 0.0085587 0.00823648 0.00826558 0.00920732 0.0111507 0.0102075 0.0121776 0.0108614 0.0104866 0.00843376 0.00855851 0.00867911 0.0149454 0.0150106 0.0208577 0.0107272 0.0146258 0.0273915 0.0200423 0.0225065 0.0253443 0.0208901 0.0389199 0.0323046 0.0351393 0.0184018 0.00381961 0.0037857 0.00380782 0 0.00392589 0.0442084 0.0575253 0.406644 0.107117 0.0492928 0.0157157 0.021169 0.0731645 0.016652 
0.00861176 0.00832454 0.00829928 0.00856791 0.00831735 0.00837602 0.00825991 0.0082276 0.00841365 0.00815342 0.00819259 0.00839659 0.00827331 0.00820885 0.00881592 0.00842142 0.00851738 0.00847168 0.00834802 0.00820121 0.00835992 0.00827924 0.00980712 0.00857832 0.0087145 0.00861499 0.00865468 0.00868848 0.00914647 0.00888263 0.00965836 0.0116064 0.00954704 0.00926788 0.0102123 0.020548 0.010201 0.0106384 0.012835 0.0115409 0.0118174 0.00996883 0.0169279 0.0205307 0.0206895 0.00499469 0.0038898 0.00383325 0.00392589 0 0.0239314 0.0335374 0.0250582 0.139684 0.0990338 0.0140544 0.011934 0.0125523 0.0191246 
0.00851912 0.0083442 0.00879825 0.00836035 0.00898213 0.00845106 0.00850972 0.00871042 0.00816977 0.00825912 0.00833876 0.00836379 0.00838205 0.00868724 0.00865528 0.0083512 0.00854111 0.00845757 0.00868477 0.00833762 0.00859297 0.00853112 0.00852844 0.00864254 0.00858053 0.00887943 0.00866676 0.0108164 0.00876625 0.00941098 0.00997287 0.0122368 0.0100479 0.00992128 0.0134424 0.0159202 0.0131444 0.0105075 0.0111167 0.0119349 0.0107792 0.0126798 0.010745 0.0255643 0.0148396 0.135538 0.41616 0.0347523 0.0442084 0.0239314 0 0.00385007 0.00379868 0.00385464 0.004239 0.159766 0.0283723 0.0145143 0.0384542 
0.00837886 0.00843523 0.00852004 0.00848337 0.00854295 0.0086358 0.00854409 0.00837668 0.00824401 0.00831753 0.00830338 0.00833333 0.00844596 0.00827292 0.0083749 0.00846762 0.00864555 0.00883163 0.00861752 0.00841657 0.00824164 0.00819825 0.00839007 0.00899286 0.00905505 0.0092272 0.00887907 0.00860312 0.0082098 0.00824404 0.00822365 0.0102941 0.0106387 0.0115371 0.00886513 0.0119264 0.0168609 0.0153175 0.020329 0.013909 0.0183337 0.0158138 0.0208174 0.0114419 0.00881557 0.0359107 0.0836753 0.439081 0.0575253 0.0335374 0.00385007 0 0.00381839 0.00379236 0.0037782 0.385959 0.0718125 0.0649161 0.0151417 
0.00853103 0.00858714 0.0086987 0.00860305 0.00875576 0.00888227 0.00852587 0.00831101 0.00823657 0.00835548 0.00825885 0.00835084 0.00838512 0.00837888 0.0083565 0.00853741 0.0096021 0.00927656 0.00906152 0.00846893 0.00818779 0.0081317 0.00847726 0.00926121 0.0103602 0.0100705 0.00929382 0.0086198 0.0081649 0.00821639 0.00822134 0.00952744 0.0137975 0.0138829 0.00910036 0.0103177 0.0196824 0.032422 0.0261813 0.0236141 0.026204 0.0361296 0.0165864 0.0105766 0.00836154 0.0164415 0.0995862 0.0948225 0.406644 0.0250582 0.00379868 0.00381839 0 0.00377569 0.00377387 0.0287306 0.512552 0.0545294 0.0241784 
0.00834796 0.00842353 0.00860141 0.00851739 0.00864042 0.00865989 0.00852413 0.00829137 0.00825418 0.00837932 0.00821736 0.0082882 0.00848204 0.00828092 0.00834764 0.00849943 0.00883054 0.00892654 0.00893195 0.00848877 0.00824987 0.0081446 0.00858366 0.00904582 0.00940578 0.00981202 0.00899916 0.00889681 0.00820038 0.00821679 0.00834505 0.0092497 0.0105746 0.0114933 0.00928258 0.0100257 0.0154458 0.0123386 0.0143553 0.0146473 0.016018 0.0139956 0.0159424 0.0109231 0.00884006 0.0148833 0.0398537 0.0767063 0.107117 0.139684 0.00385464 0.00379236 0.00377569 0 0.00376862 0.0387596 0.032218 0.545116 0.0312408 
0.0088582 0.00839142 0.00837211 0.00839431 0.00850098 0.00844947 0.00841331 0.00837432 0.00847006 0.00824898 0.00833776 0.00848195 0.00829521 0.00831286 0.00856495 0.00841356 0.00855976 0.0085512 0.00843559 0.00823264 0.00827899 0.00840796 0.00954542 0.00850373 0.00849508 0.00841642 0.00846249 0.00854609 0.00889366 0.00876153 0.00967082 0.0108322 0.00888747 0.00937919 0.00977704 0.0146207 0.00949594 0.00991718 0.0109784 0.0106767 0.0108926 0.00967319 0.0121359 0.014508 0.0143567 0.0301479 0.0164584 0.0147692 0.0492928 0.0990338 0.004239 0.0037782 0.00377387 0.00376862 0 0.0180075 0.0172098 0.05089 0.445545 
0.00858593 0.008413 0.00862184 0.00852147 0.00855803 0.00862445 0.00863234 0.00872984 0.00840229 0.00855223 0.00865048 0.00849432 0.00852893 0.00873226 0.00858725 0.00853648 0.00860019 0.00862069 0.00850449 0.00840225 0.00862093 0.00873393 0.00870583 0.00848095 0.00843017 0.00847277 0.00831579 0.00854064 0.00847108 0.00907456 0.00965193 0.00905439 0.00874302 0.00866401 0.00934157 0.0108485 0.00949508 0.00891495 0.00919933 0.00918379 0.00922117 0.00987532 0.00920087 0.011034 0.0112322 0.0299859 0.0212725 0.0131942 0.0157157 0.0140544 0.159766 0.385959 0.0287306 0.0387596 0.0180075 0 0.00430492 0.00384411 0.00496127 
0.00870294 0.00868735 0.00882739 0.00863504 0.00873285 0.00888239 0.00886996 0.00854844 0.008396 0.00858509 0.00847922 0.00847862 0.00876374 0.0084744 0.00854762 0.00865077 0.00880596 0.00885591 0.00868129 0.00853362 0.0084017 0.00835486 0.00887539 0.0086148 0.00860631 0.00863042 0.00859862 0.00832504 0.00835364 0.00849315 0.00838914 0.00883284 0.00887349 0.00914676 0.00847076 0.00970401 0.0104937 0.0109937 0.0102886 0.0106224 0.0113348 0.0110304 0.0100987 0.00909697 0.00844662 0.0186074 0.0352363 0.0497778 0.021169 0.011934 0.0283723 0.0718125 0.512552 0.032218 0.0172098 0.00430492 0 0.00418078 0.00390624 
0.00859889 0.0086852 0.00881883 0.00859259 0.00881592 0.00887707 0.00921898 0.00864431 0.00834725 0.00860724 0.00838903 0.00841026 0.0087881 0.00840228 0.00847615 0.00859037 0.00885565 0.00886476 0.00868422 0.00860678 0.00834922 0.00824785 0.00855569 0.00866301 0.00855788 0.00876744 0.00897063 0.00840892 0.00818551 0.00828593 0.00825369 0.00861491 0.00934429 0.0089856 0.00850438 0.00905897 0.0109649 0.0107514 0.0116368 0.0113266 0.0105936 0.0121145 0.0111327 0.00923819 0.00834569 0.011942 0.0319435 0.0296683 0.0731645 0.0125523 0.0145143 0.0649161 0.0545294 0.545116 0.05089 0.00384411 0.00418078 0 0.00402499 
0.00924101 0.00881269 0.00873642 0.008682 0.00879121 0.00882441 0.00875847 0.00860972 0.00870864 0.00851294 0.00850838 0.00864655 0.00860438 0.00849484 0.00874711 0.00859613 0.008797 0.0086889 0.00851831 0.00839819 0.00848049 0.00855316 0.00909956 0.00855939 0.00889184 0.00837287 0.00836865 0.00847486 0.00883275 0.00895029 0.00939784 0.00881158 0.00880461 0.00862529 0.00890397 0.0105478 0.00896138 0.00951565 0.0101094 0.00926084 0.00974285 0.00917957 0.00957008 0.00995397 0.0101801 0.0190251 0.0135793 0.0166065 0.016652 0.0191246 0.0384542 0.0151417 0.0241784 0.0312408 0.445545 0.00496127 0.00390624 0.00402499 0 
