1H8YA
SSITENTSWNKEFSAEAVNGVFVLCKSSSKSCATNNLARASKEYLPASTFKIPSAIIGLETGVIKNEHQVFKWDGKPRAMKQWERDLSLRGAIQVSAVPVFQQIAREVGEVRMQKYLKKFSYGNQNISGGIDKFWLEGQLRISAVNQVEFLESLFLNKLSASKENQLIVKEALVTEAAPEYLVHSKTGFSGVGTESNPGVAWWVGWVEKGTEVYFFAFNMDIDNENKLPLRKSIPTKIMASEGIIGG
CCEEECCCCHHHHHCCCCCEEEEEEECCCCCEEECCHHHHHCEECCHHHHHHHHHHHHHHCCCCCCCCCCECCCCCCCCCHHHCCCECHHHHHHCCCHHHHHHHHHHHHHHHHHHHHHHCCCCCCCCCCCCCCHHHHCCCCEEHHHHHHHHHHHHCCCCCCCHHHHHHHHHHCEEEECCCEEEEEEEEECCCECCCCEEEEEEEEEEEECCEEEEEEEEEEECCHHHCCHHHHHHHHHHHHCCCCCC
0 0 0 0 0 0 0 0 0 0 0 0 0 0 0 0 0 0 0 0 0 0 0 0 0 0 0 0 0 0 0 0 0 0 0 0 0 0 0 0 0 0 0 0 0 0 0 0 0 0 0 0 0 0 0 0 0 0 0 0 0 0 0 0 0 0 0 0 0 0 0 0 0 0 0 0 0 0 0 0 0 0 0 0 0 0 0 0 0 0 0 0 0 0 0 0 0 0 0 0 0 0 0 0 0 0 0 0 0 0 0 0 0 0 0 0 0 0 0 0 0 0 0 0 0 0 0 0 0 0 0 0 0 0 0 0 0 0 0 0 0 0 0 0 0 0 0 0 0 0 0 0 0 0 0 0 0 0 0 0 0 0 0 0 0 0 0 0 0 0 0 0 0 0 0 0 0 0 0 0 0 0 0 0 0 0 0 0 0 0 0 0 0 0 0 0 0 0 0 0 0 0 0 0 0 0 0 0 0 0 0 0 0 0 0 0 0 0 0 0 0 0 0 0 0 0 0 0 0 0 0 0 0 0 0 0 0 0 0 0 0 0 0 0 0 0 0 
0 0 0 0 0 0 0 0 0 0 0 0 0 0 0 0 0 0 0 0 0 0 0 0 0 0 0 0 0 0 0 0 0 0 0 0 0 0 0 0 0 0 0 0 0 0 0 0 0 0 0 0 0 0 0 0 0 0 0 0 0 0 0 0 0 0 0 0 0 0 0 0 0 0 0 0 0 0 0 0 0 0 0 0 0 0 0 0 0 0 0 0 0 0 0 0 0 0 0 0 0 0 0 0 0 0 0 0 0 0 0 0 0 0 0 0 0 0 0 0 0 0 0 0 0 0 0 0 0 0 0 0 0 0 0 0 0 0 0 0 0 0 0 0 0 0 0 0 0 0 0 0 0 0 0 0 0 0 0 0 0 0 0 0 0 0 0 0 0 0 0 0 0 0 0 0 0 0 0 0 0 0 0 0 0 0 0 0 0 0 0 0 0 0 0 0 0 0 0 0 0 0 0 0 0 0 0 0 0 0 0 0 0 0 0 0 0 0 0 0 0 0 0 0 0 0 0 0 0 0 0 0 0 0 0 0 0 0 0 0 0 0 0 0 0 0 0 
0 0.00538913 0.00767064 0.0189684 0.0137656 0.0196013 0.0138415 0.0134772 0.017067 0.0216272 0.0170392 0.0101307 0.0325317 0.0110166 0.014836 0.0128476 0.0116615 0.00906144 0.0087055 0.00849354 0.00812885 0.00828745 0.008944 0.0086004 0.00818392 0.00824647 0.00821819 0.00822538 0.00817486 0.00823157 0.00826584 0.00909788 0.00951645 0.00857065 0.00815973 0.00825903 0.00824544 0.0083039 0.00826233 0.00821981 0.00822812 0.00828006 0.00831153 0.00843841 0.00896438 0.00875808 0.00827772 0.00835454 0.0083675 0.00834791 0.00832365 0.00832229 0.00829645 0.00831213 0.00840699 0.00929131 
0.00538913 0 0.00422257 0.0124902 0.0365064 0.0121392 0.0115646 0.0101014 0.0186262 0.00918701 0.0107796 0.0561594 0.00982356 0.0105389 0.0106333 0.00976711 0.00925382 0.00842393 0.00833987 0.00827748 0.00815496 0.00817119 0.00832361 0.00840567 0.00829512 0.00818288 0.0082243 0.00818942 0.00820691 0.00822939 0.00818677 0.00824652 0.0088501 0.00817163 0.0081791 0.00818031 0.00820566 0.00823201 0.00822832 0.00818592 0.00819522 0.00823581 0.00819746 0.00823281 0.00820033 0.00823107 0.00828806 0.00825723 0.00827926 0.00826443 0.0082811 0.00825053 0.00819304 0.00824196 0.00832342 0.00832934 
0.00767064 0.00422257 0 0.0439918 0.0168914 0.014491 0.0112178 0.0110201 0.0100653 0.0111034 0.0272897 0.00983278 0.0131395 0.0131707 0.0101149 0.0117563 0.0111377 0.00863964 0.00824667 0.00925348 0.00827628 0.00813697 0.00823417 0.009244 0.0084193 0.0081737 0.00815486 0.0081613 0.00816867 0.0081623 0.008103 0.00822441 0.00924545 0.00856018 0.00829775 0.00811633 0.00816677 0.00820583 0.00817475 0.00814303 0.00818565 0.00816382 0.00817028 0.00812395 0.00815251 0.00868911 0.00835162 0.00826572 0.00820988 0.00821012 0.0082233 0.00816153 0.00814319 0.0081849 0.00811424 0.00821335 
0.0189684 0.0124902 0.0439918 0 0.00406503 0.00386516 0.00386512 0.00388167 0.00426537 0.00599886 0.0114597 0.00904316 0.0445942 0.0119431 0.019884 0.0181637 0.0164832 0.00960323 0.0094754 0.00840525 0.00815046 0.00830725 0.00903671 0.00854464 0.00822643 0.00844676 0.00840358 0.00854421 0.008274 0.00851908 0.00822903 0.00899853 0.00899206 0.00816992 0.00814291 0.00825205 0.00835695 0.00872414 0.00832155 0.00861552 0.0083662 0.0085432 0.00817597 0.00827755 0.00869049 0.00824654 0.00819513 0.00833041 0.00842327 0.00871599 0.00838634 0.00867612 0.00824856 0.00856274 0.00822736 0.00880493 
0.0137656 0.0365064 0.0168914 0.00406503 0 0.00381878 0.00382919 0.00383367 0.00399498 0.00427651 0.00768936 0.0240219 0.0128318 0.0115488 0.0179781 0.00924212 0.0103567 0.00866641 0.00852033 0.00816072 0.0082746 0.00844958 0.00854059 0.00822946 0.008449 0.00870015 0.00864764 0.00850673 0.00863316 0.00848771 0.00854347 0.00848645 0.00829373 0.00810048 0.00827855 0.00835318 0.00860978 0.0086948 0.00881237 0.00848799 0.00855114 0.00846859 0.00846889 0.00846086 0.00841923 0.00813425 0.00834396 0.00843111 0.0086053 0.00849745 0.00871113 0.00848213 0.00846257 0.00837004 0.00844665 0.00839847 
0.0196013 0.0121392 0.014491 0.00386516 0.00381878 0 0.00380645 0.00380746 0.00383002 0.0038337 0.00987819 0.00898209 0.0108839 0.0131195 0.0103037 0.00912072 0.00906121 0.00845355 0.00844813 0.00849264 0.00865148 0.00859919 0.00831185 0.00853628 0.00888127 0.0102216 0.0100653 0.0095141 0.00948176 0.00978107 0.00883262 0.00829826 0.00818234 0.0082008 0.0085321 0.00916144 0.010055 0.0109979 0.0098854 0.00974348 0.00984474 0.0097246 0.00873931 0.0084629 0.00836042 0.00825551 0.0085363 0.00901809 0.009521 0.00957616 0.00917116 0.00946234 0.00874693 0.00897952 0.00849749 0.00829001 
0.0138415 0.0115646 0.0112178 0.00386512 0.00382919 0.00380645 0 0.0037816 0.00379368 0.0037887 0.00775357 0.00882831 0.119159 0.00939605 0.0103889 0.00905724 0.0090751 0.00871512 0.00838982 0.00844895 0.00873371 0.00857379 0.00826578 0.00854255 0.00900714 0.0103051 0.0101616 0.0094792 0.00937291 0.00944239 0.00879724 0.00824861 0.00810321 0.00817161 0.00850966 0.00923295 0.00962395 0.0102501 0.00972376 0.00941926 0.00953211 0.0091455 0.00870789 0.00834333 0.00822629 0.00820364 0.00848354 0.00896143 0.00961774 0.00933682 0.00974633 0.00905699 0.00873872 0.00871616 0.0085008 0.00827485 
0.0134772 0.0101014 0.0110201 0.00388167 0.00383367 0.00380746 0.0037816 0 0.00378829 0.00376323 0.00746207 0.113879 0.0807346 0.0093068 0.00943864 0.00863459 0.0086369 0.00834788 0.008333 0.00827754 0.00842192 0.00841373 0.00822393 0.00848554 0.00858369 0.00952603 0.00914422 0.00902196 0.008829 0.00886663 0.00844624 0.0081781 0.00815736 0.00816271 0.00833175 0.00876294 0.0089925 0.00931903 0.00905121 0.00895292 0.00885593 0.00887876 0.00848194 0.00824023 0.00817717 0.0082627 0.0083875 0.00879332 0.00891405 0.00910263 0.00882196 0.0087139 0.00844574 0.00849113 0.008307 0.00822025 
0.017067 0.0186262 0.0100653 0.00426537 0.00399498 0.00383002 0.00379368 0.00378829 0 0.00387806 0.118734 0.0945354 0.0566859 0.00922521 0.0184961 0.0109524 0.00972972 0.00871991 0.00837567 0.00853128 0.00828877 0.00826663 0.00820047 0.00900273 0.00852895 0.00856654 0.0084934 0.0083874 0.00833887 0.00848274 0.00826671 0.00813723 0.00834332 0.00815308 0.00833136 0.00837682 0.00849789 0.00863583 0.00852881 0.00841644 0.0083949 0.008365 0.00826649 0.00809993 0.00817838 0.00831101 0.00843686 0.00839364 0.00844407 0.00834511 0.00853187 0.0083054 0.00821755 0.00817523 0.00816077 0.00815067 
0.0216272 0.00918701 0.0111034 0.00599886 0.00427651 0.0038337 0.0037887 0.00376323 0.00387806 0 0.0831296 0.0131177 0.00728483 0.0114936 0.010489 0.0121883 0.0111425 0.0086853 0.00839175 0.0091131 0.00818033 0.00816167 0.00835424 0.00917183 0.0083161 0.00835006 0.00823764 0.00822407 0.00821971 0.00818429 0.00817219 0.00826914 0.00857751 0.00834025 0.00821221 0.00819445 0.00820857 0.00842744 0.0082374 0.00818868 0.0082309 0.00828395 0.0081511 0.00816852 0.00812018 0.00852001 0.00822322 0.00852431 0.00834028 0.00839424 0.00826511 0.00819478 0.00810955 0.00815777 0.0081369 0.00811599 
0.0170392 0.0107796 0.0272897 0.0114597 0.00768936 0.00987819 0.00775357 0.00746207 0.118734 0.0831296 0 0.00380513 0.0041405 0.00770517 0.104795 0.026366 0.0200856 0.0108624 0.0100131 0.00880477 0.00813269 0.00818009 0.0091086 0.00879373 0.00817968 0.00826759 0.00828522 0.00822676 0.00819818 0.00819212 0.0081537 0.00901693 0.00935954 0.00830733 0.00813957 0.00822209 0.00824913 0.00825566 0.00823076 0.00822259 0.00827398 0.00821301 0.00820404 0.00819401 0.00862318 0.00832995 0.00833943 0.00826862 0.00829056 0.00830772 0.00823337 0.00822469 0.00820115 0.00831815 0.0082509 0.00901793 
0.0101307 0.0561594 0.00983278 0.00904316 0.0240219 0.00898209 0.00882831 0.113879 0.0945354 0.0131177 0.00380513 0 0.0037747 0.0457148 0.0453635 0.00925468 0.0104933 0.00855607 0.00878341 0.00817569 0.00820384 0.0081973 0.00823856 0.00815351 0.00825509 0.00834119 0.00831203 0.00826607 0.00829462 0.0082718 0.00820272 0.00818808 0.00831478 0.00805618 0.00814945 0.00822857 0.00833073 0.00839886 0.00835673 0.00825708 0.00826397 0.00831456 0.00825584 0.00820765 0.00816413 0.00814108 0.00829303 0.00828607 0.00838374 0.00835739 0.00837498 0.00830869 0.00825023 0.0082405 0.00824949 0.0081661 
0.0325317 0.00982356 0.0131395 0.0445942 0.0128318 0.0108839 0.119159 0.0807346 0.0566859 0.00728483 0.0041405 0.0037747 0 0.0636314 0.0163622 0.0144816 0.014714 0.009786 0.00853803 0.00976923 0.00838599 0.00828757 0.0084207 0.00980406 0.00852808 0.00848097 0.0083391 0.00830252 0.00822543 0.00831212 0.00822944 0.0084756 0.00908579 0.00868792 0.00834142 0.00821895 0.00827875 0.00851679 0.00830889 0.00823057 0.00827736 0.00831407 0.00824467 0.00830507 0.00820551 0.00893705 0.00829417 0.00836979 0.00829962 0.00827485 0.00826051 0.0082595 0.00817535 0.00826268 0.00829999 0.00812683 
0.0110166 0.0105389 0.0131707 0.0119431 0.0115488 0.0131195 0.00939605 0.0093068 0.00922521 0.0114936 0.00770517 0.0457148 0.0636314 0 0.00807376 0.0247562 0.0239583 0.00948881 0.0120509 0.00831919 0.00811496 0.00826235 0.00878655 0.00830038 0.00815643 0.00822125 0.00821032 0.00820839 0.00818394 0.00813904 0.00812003 0.00847081 0.009506 0.00818613 0.00809415 0.00816284 0.00817363 0.00822696 0.00818202 0.00817655 0.00820691 0.00818611 0.0081362 0.00812643 0.00855842 0.00849666 0.00814656 0.00831289 0.00822756 0.00823124 0.00820057 0.00818636 0.00817973 0.00814086 0.00816869 0.00828848 
0.014836 0.0106333 0.0101149 0.019884 0.0179781 0.0103037 0.0103889 0.00943864 0.0184961 0.010489 0.104795 0.0453635 0.0163622 0.00807376 0 0.0496344 0.0197735 0.0135927 0.00880245 0.00927925 0.00821036 0.00818243 0.00828504 0.00894693 0.00821075 0.00826057 0.00824546 0.00824707 0.0082069 0.00824201 0.00821261 0.00831449 0.0090001 0.0083834 0.00815528 0.00810964 0.00819055 0.00823966 0.00823915 0.0082521 0.00823771 0.00822231 0.00815785 0.00815911 0.00825846 0.0084408 0.00820355 0.00817864 0.00823381 0.00820342 0.00820467 0.00819679 0.00816537 0.0081808 0.00816584 0.00825977 
0.0128476 0.00976711 0.0117563 0.0181637 0.00924212 0.00912072 0.00905724 0.00863459 0.0109524 0.0121883 0.026366 0.00925468 0.0144816 0.0247562 0.0496344 0 0.789005 0.0183415 0.0146908 0.0135618 0.00817644 0.00815252 0.00975762 0.0105456 0.00821711 0.0081302 0.00813987 0.00812498 0.00808817 0.00810313 0.00816626 0.00921363 0.0126212 0.00873271 0.00818671 0.00810143 0.00808423 0.00814385 0.00808648 0.0081037 0.00811504 0.00810536 0.00809905 0.00811689 0.00870947 0.00925682 0.00843486 0.00814716 0.008181 0.00817704 0.00813294 0.00811904 0.008077 0.00837086 0.00807576 0.00929198 
0.0116615 0.00925382 0.0111377 0.0164832 0.0103567 0.00906121 0.0090751 0.0086369 0.00972972 0.0111425 0.0200856 0.0104933 0.014714 0.0239583 0.0197735 0.789005 0 0.0599893 0.031987 0.016768 0.00848943 0.00840117 0.0108304 0.0130919 0.00873859 0.00841089 0.00831635 0.00831969 0.00821617 0.00825406 0.0084168 0.00995848 0.0154516 0.00960942 0.00845609 0.00823431 0.00824895 0.00824701 0.00829541 0.00824167 0.00826632 0.00818194 0.00822849 0.00816768 0.0089989 0.00992738 0.00851682 0.00822271 0.00830114 0.00835676 0.00822821 0.00827635 0.00817583 0.00842611 0.00820154 0.00979403 
0.00906144 0.00842393 0.00863964 0.00960323 0.00866641 0.00845355 0.00871512 0.00834788 0.00871991 0.0086853 0.0108624 0.00855607 0.009786 0.00948881 0.0135927 0.0183415 0.0599893 0 0.00425263 0.0296916 0.017216 0.0133978 0.0308125 0.0201097 0.0148616 0.0102129 0.0095855 0.0104966 0.00971459 0.00955443 0.010495 0.0146483 0.0182254 0.0116747 0.0110282 0.0090068 0.00910505 0.00942261 0.00936285 0.00931772 0.00917779 0.00887864 0.0088306 0.00885611 0.0104118 0.0100137 0.0095875 0.0085507 0.00918317 0.0092027 0.00875107 0.00897077 0.00850895 0.00923111 0.00831621 0.0116362 
0.0087055 0.00833987 0.00824667 0.0094754 0.00852033 0.00844813 0.00838982 0.008333 0.00837567 0.00839175 0.0100131 0.00878341 0.00853803 0.0120509 0.00880245 0.0146908 0.031987 0.00425263 0 0.0248439 0.0117076 0.0168811 0.0200549 0.0202448 0.0117404 0.00995762 0.00976432 0.0105991 0.010519 0.00953475 0.0108402 0.0101508 0.0159118 0.0126486 0.00995606 0.00905047 0.00924758 0.00952422 0.00971964 0.009097 0.00910694 0.00915791 0.0087707 0.0086174 0.00880266 0.0119101 0.00966974 0.00899436 0.0094701 0.00931014 0.00934634 0.00899652 0.00888006 0.008689 0.0096228 0.00831324 
0.00849354 0.00827748 0.00925348 0.00840525 0.00816072 0.00849264 0.00844895 0.00827754 0.00853128 0.0091131 0.00880477 0.00817569 0.00976923 0.00831919 0.00927925 0.0135618 0.016768 0.0296916 0.0248439 0 0.00596012 0.0038307 0.00615757 0.00513151 0.00620579 0.0261516 0.295313 0.0605944 0.0086675 0.0081865 0.00785631 0.0406499 0.0137855 0.0101664 0.0103496 0.00968492 0.0100925 0.0109524 0.00986569 0.0100327 0.0101331 0.0107797 0.0103749 0.0111236 0.0249304 0.0110127 0.0105381 0.0102988 0.0116771 0.0121586 0.0114874 0.0107102 0.0102966 0.0110528 0.00926968 0.0332206 
0.00812885 0.00815496 0.00827628 0.00815046 0.0082746 0.00865148 0.00873371 0.00842192 0.00828877 0.00818033 0.00813269 0.00820384 0.00838599 0.00811496 0.00821036 0.00817644 0.00848943 0.017216 0.0117076 0.00596012 0 0.00383178 0.00380164 0.00565582 0.0178129 0.0777437 0.0636136 0.00811879 0.00713441 0.00759187 0.0139568 0.00844244 0.00843271 0.00840147 0.0109895 0.0107134 0.0125897 0.0128063 0.0122784 0.0110632 0.0123755 0.0120246 0.011881 0.0109462 0.00907221 0.00889845 0.0114736 0.0128226 0.0157574 0.0151728 0.0140949 0.0141495 0.0113855 0.0103535 0.0100665 0.00894729 
0.00828745 0.00817119 0.00813697 0.00830725 0.00844958 0.00859919 0.00857379 0.00841373 0.00826663 0.00816167 0.00818009 0.0081973 0.00828757 0.00826235 0.00818243 0.00815252 0.00840117 0.0133978 0.0168811 0.0038307 0.00383178 0 0.00377634 0.0113337 0.0873335 0.193443 0.00773896 0.00776274 0.00776477 0.0113102 0.00813106 0.00740407 0.00816845 0.00904572 0.0108723 0.0109625 0.0119211 0.0128551 0.0137074 0.0110836 0.0118089 0.0136338 0.0102859 0.0109684 0.00871403 0.0101843 0.0104183 0.0129156 0.0137374 0.0140435 0.0130349 0.0114502 0.0112377 0.00931141 0.0143257 0.0084196 
0.008944 0.00832361 0.00823417 0.00903671 0.00854059 0.00831185 0.00826578 0.00822393 0.00820047 0.00835424 0.0091086 0.00823856 0.0084207 0.00878655 0.00828504 0.00975762 0.0108304 0.0308125 0.0200549 0.00615757 0.00380164 0.00377634 0 0.097232 0.224929 0.00416901 0.00494744 0.00573502 0.00728536 0.00674488 0.00713057 0.00899295 0.0111729 0.0142496 0.0111821 0.00911466 0.00926368 0.00956301 0.010095 0.009248 0.00958431 0.0100034 0.00952902 0.00908461 0.0107579 0.0160346 0.0113863 0.00973094 0.0104504 0.00990526 0.00987398 0.00927087 0.00962863 0.00952619 0.0087154 0.0106497 
0.0086004 0.00840567 0.009244 0.00854464 0.00822946 0.00853628 0.00854255 0.00848554 0.00900273 0.00917183 0.00879373 0.00815351 0.00980406 0.00830038 0.00894693 0.0105456 0.0130919 0.0201097 0.0202448 0.00513151 0.00565582 0.0113337 0.097232 0 0.00381473 0.00378647 0.00379375 0.00385024 0.00384053 0.004236 0.00525465 0.00987639 0.0126587 0.0126663 0.00859143 0.00917087 0.00903894 0.0111062 0.0124535 0.0112507 0.012875 0.0113077 0.0154112 0.012451 0.0661823 0.0166355 0.012262 0.0110372 0.0118616 0.0125611 0.0114496 0.0114367 0.0105498 0.0106251 0.0102095 0.024884 
0.00818392 0.00829512 0.0084193 0.00822643 0.008449 0.00888127 0.00900714 0.00858369 0.00852895 0.0083161 0.00817968 0.00825509 0.00852808 0.00815643 0.00821075 0.00821711 0.00873859 0.0148616 0.0117404 0.00620579 0.0178129 0.0873335 0.224929 0.00381473 0 0.00376474 0.00376243 0.00377704 0.00378773 0.00389404 0.00509258 0.00536919 0.00802123 0.00790039 0.0124712 0.0106275 0.0133198 0.0172064 0.017429 0.0214314 0.0181729 0.0302799 0.0116807 0.073677 0.0106754 0.0103192 0.0177316 0.015991 0.0221557 0.0178092 0.0243813 0.0159248 0.0181008 0.0118475 0.0194247 0.00997835 
0.00824647 0.00818288 0.0081737 0.00844676 0.00870015 0.0102216 0.0103051 0.00952603 0.00856654 0.00835006 0.00826759 0.00834119 0.00848097 0.00822125 0.00826057 0.0081302 0.00841089 0.0102129 0.00995762 0.0261516 0.0777437 0.193443 0.00416901 0.00378647 0.00376474 0 0.00375202 0.00376133 0.0037626 0.00384876 0.00385082 0.00403187 0.00663958 0.00809293 0.00881467 0.015874 0.0204975 0.0257304 0.0339279 0.0286477 0.0423362 0.0276 0.0896997 0.0101171 0.00903066 0.00923154 0.0133019 0.0272137 0.0335078 0.0431431 0.0293343 0.0466907 0.0185101 0.0408291 0.0105232 0.00950238 
0.00821819 0.0082243 0.00815486 0.00840358 0.00864764 0.0100653 0.0101616 0.00914422 0.0084934 0.00823764 0.00828522 0.00831203 0.0083391 0.00821032 0.00824546 0.00813987 0.00831635 0.0095855 0.00976432 0.295313 0.0636136 0.00773896 0.00494744 0.00379375 0.00376243 0.00375202 0 0.00375084 0.00376719 0.00378737 0.00377044 0.00402813 0.00675361 0.00760045 0.0100624 0.0149013 0.0234697 0.0331437 0.0381056 0.0340932 0.0233617 0.101341 0.0135001 0.0123455 0.00912853 0.00952914 0.0108259 0.0238266 0.0346333 0.0272808 0.0409255 0.0243774 0.0488228 0.013917 0.0131502 0.00901525 
0.00822538 0.00818942 0.0081613 0.00854421 0.00850673 0.0095141 0.0094792 0.00902196 0.0083874 0.00822407 0.00822676 0.00826607 0.00830252 0.00820839 0.00824707 0.00812498 0.00831969 0.0104966 0.0105991 0.0605944 0.00811879 0.00776274 0.00573502 0.00385024 0.00377704 0.00376133 0.00375084 0 0.00374886 0.00377604 0.0037771 0.00379495 0.00616656 0.00765138 0.0101024 0.0144619 0.0219607 0.0308727 0.0405401 0.0188437 0.09402 0.017251 0.0165327 0.00975005 0.00959536 0.00912705 0.0113247 0.0210546 0.0246735 0.0338123 0.0232551 0.0551814 0.0164907 0.0197062 0.0106791 0.0100286 
0.00817486 0.00820691 0.00816867 0.008274 0.00863316 0.00948176 0.00937291 0.008829 0.00833887 0.00821971 0.00819818 0.00829462 0.00822543 0.00818394 0.0082069 0.00808817 0.00821617 0.00971459 0.010519 0.0086675 0.00713441 0.00776477 0.00728536 0.00384053 0.00378773 0.0037626 0.00376719 0.00374886 0 0.00374233 0.00378872 0.0037862 0.0057672 0.00774092 0.0104617 0.024992 0.0219344 0.0480299 0.0234878 0.0942517 0.0142352 0.0186493 0.0118084 0.011651 0.00884946 0.00895777 0.0112502 0.0183009 0.0329426 0.0247281 0.0519124 0.022137 0.0185418 0.0151219 0.0109924 0.00895329 
0.00823157 0.00822939 0.0081623 0.00851908 0.00848771 0.00978107 0.00944239 0.00886663 0.00848274 0.00818429 0.00819212 0.0082718 0.00831212 0.00813904 0.00824201 0.00810313 0.00825406 0.00955443 0.00953475 0.0081865 0.00759187 0.0113102 0.00674488 0.004236 0.00389404 0.00384876 0.00378737 0.00377604 0.00374233 0 0.00375362 0.00376816 0.00568928 0.00872571 0.0265087 0.0203315 0.0441577 0.0228792 0.109893 0.0154476 0.0158642 0.0162757 0.0129384 0.00919741 0.00911594 0.00915134 0.0102261 0.022486 0.0232562 0.0536845 0.0226055 0.0214417 0.0183149 0.0175328 0.0103809 0.00915944 
0.00826584 0.00818677 0.008103 0.00822903 0.00854347 0.00883262 0.00879724 0.00844624 0.00826671 0.00817219 0.0081537 0.00820272 0.00822944 0.00812003 0.00821261 0.00816626 0.0084168 0.010495 0.0108402 0.00785631 0.0139568 0.00813106 0.00713057 0.00525465 0.00509258 0.00385082 0.00377044 0.0037771 0.00378872 0.00375362 0 0.00396605 0.0141805 0.0552928 0.0324603 0.0485929 0.0153175 0.108681 0.0182305 0.0108558 0.0110633 0.0120992 0.0106851 0.010416 0.00862526 0.00961553 0.013616 0.0110974 0.0188841 0.0131136 0.0149151 0.0132808 0.0125564 0.00962067 0.0158801 0.00910082 
0.00909788 0.00824652 0.00822441 0.00899853 0.00848645 0.00829826 0.00824861 0.0081781 0.00813723 0.00826914 0.00901693 0.00818808 0.0084756 0.00847081 0.00831449 0.00921363 0.00995848 0.0146483 0.0101508 0.0406499 0.00844244 0.00740407 0.00899295 0.00987639 0.00536919 0.00403187 0.00402813 0.00379495 0.0037862 0.00376816 0.00396605 0 0.177365 0.0140339 0.033374 0.0106978 0.0551874 0.011832 0.0096854 0.00850759 0.0094947 0.0117971 0.00915309 0.00902328 0.0109326 0.0148118 0.0102155 0.0108962 0.0104175 0.0103702 0.00977961 0.00960405 0.00919892 0.0095073 0.00888119 0.0128823 
0.00951645 0.0088501 0.00924545 0.00899206 0.00829373 0.00818234 0.00810321 0.00815736 0.00834332 0.00857751 0.00935954 0.00831478 0.00908579 0.009506 0.0090001 0.0126212 0.0154516 0.0182254 0.0159118 0.0137855 0.00843271 0.00816845 0.0111729 0.0126587 0.00802123 0.00663958 0.00675361 0.00616656 0.0057672 0.00568928 0.0141805 0.177365 0 0.580576 0.00776154 0.00562974 0.0057087 0.00597512 0.00626098 0.00604239 0.00663019 0.00714563 0.00738579 0.00797769 0.0114128 0.012222 0.00941239 0.00834623 0.00859553 0.00846855 0.00837021 0.00831811 0.00847139 0.00842394 0.0092848 0.0149762 
0.00857065 0.00817163 0.00856018 0.00816992 0.00810048 0.0082008 0.00817161 0.00816271 0.00815308 0.00834025 0.00830733 0.00805618 0.00868792 0.00818613 0.0083834 0.00873271 0.00960942 0.0116747 0.0126486 0.0101664 0.00840147 0.00904572 0.0142496 0.0126663 0.00790039 0.00809293 0.00760045 0.00765138 0.00774092 0.00872571 0.0552928 0.0140339 0.580576 0 0.00380047 0.00376905 0.00373885 0.00377035 0.00377213 0.00384184 0.00463598 0.00530343 0.00648454 0.00660514 0.016665 0.00912638 0.00704763 0.0078796 0.00850951 0.00838902 0.00901336 0.00825519 0.00874621 0.00836177 0.00915669 0.0302486 
0.00815973 0.0081791 0.00829775 0.00814291 0.00827855 0.0085321 0.00850966 0.00833175 0.00833136 0.00821221 0.00813957 0.00814945 0.00834142 0.00809415 0.00815528 0.00818671 0.00845609 0.0110282 0.00995606 0.0103496 0.0109895 0.0108723 0.0111821 0.00859143 0.0124712 0.00881467 0.0100624 0.0101024 0.0104617 0.0265087 0.0324603 0.033374 0.00776154 0.00380047 0 0.00376384 0.00376598 0.00378527 0.00380994 0.00378374 0.00411476 0.00541891 0.00569905 0.00783143 0.00776828 0.00653198 0.00825555 0.0086867 0.00958252 0.0116363 0.0111283 0.0125959 0.00975343 0.0108011 0.0251501 0.523842 
0.00825903 0.00818031 0.00811633 0.00825205 0.00835318 0.00916144 0.00923295 0.00876294 0.00837682 0.00819445 0.00822209 0.00822857 0.00821895 0.00816284 0.00810964 0.00810143 0.00823431 0.0090068 0.00905047 0.00968492 0.0107134 0.0109625 0.00911466 0.00917087 0.0106275 0.015874 0.0149013 0.0144619 0.024992 0.0203315 0.0485929 0.0106978 0.00562974 0.00376905 0.00376384 0 0.00375062 0.00376785 0.00378048 0.00378067 0.0042941 0.00489389 0.00504913 0.00554997 0.00596795 0.00672908 0.00796023 0.00992708 0.0142532 0.0127985 0.0175891 0.0112654 0.0140481 0.0259131 0.644657 0.0160609 
0.00824544 0.00820566 0.00816677 0.00835695 0.00860978 0.010055 0.00962395 0.0089925 0.00849789 0.00820857 0.00824913 0.00833073 0.00827875 0.00817363 0.00819055 0.00808423 0.00824895 0.00910505 0.00924758 0.0100925 0.0125897 0.0119211 0.00926368 0.00903894 0.0133198 0.0204975 0.0234697 0.0219607 0.0219344 0.0441577 0.0153175 0.0551874 0.0057087 0.00373885 0.00376598 0.00375062 0 0.00375036 0.00376462 0.00376162 0.00376877 0.00408504 0.00425754 0.00469844 0.00555524 0.00698902 0.00814823 0.0112608 0.0170948 0.0192556 0.0130992 0.0172137 0.0330883 0.813091 0.0250893 0.00939745 
0.0083039 0.00823201 0.00820583 0.00872414 0.0086948 0.0109979 0.0102501 0.00931903 0.00863583 0.00842744 0.00825566 0.00839886 0.00851679 0.00822696 0.00823966 0.00814385 0.00824701 0.00942261 0.00952422 0.0109524 0.0128063 0.0128551 0.00956301 0.0111062 0.0172064 0.0257304 0.0331437 0.0308727 0.0480299 0.0228792 0.108681 0.011832 0.00597512 0.00377035 0.00378527 0.00376785 0.00375036 0 0.003749 0.00377161 0.00374153 0.00380403 0.00403793 0.00390769 0.00453559 0.00690553 0.0087974 0.0108975 0.0189172 0.0185164 0.018066 0.0595349 0.860542 0.0477293 0.0129877 0.00949747 
0.00826233 0.00822832 0.00817475 0.00832155 0.00881237 0.0098854 0.00972376 0.00905121 0.00852881 0.0082374 0.00823076 0.00835673 0.00830889 0.00818202 0.00823915 0.00808648 0.00829541 0.00936285 0.00971964 0.00986569 0.0122784 0.0137074 0.010095 0.0124535 0.017429 0.0339279 0.0381056 0.0405401 0.0234878 0.109893 0.0182305 0.0096854 0.00626098 0.00377213 0.00380994 0.00378048 0.00376462 0.003749 0 0.00374449 0.00376921 0.00380292 0.00380553 0.00388154 0.0040683 0.00677047 0.00820952 0.0123968 0.0128127 0.0153731 0.0682243 0.881048 0.0441231 0.0170664 0.0105718 0.0102421 
0.00821981 0.00818592 0.00814303 0.00861552 0.00848799 0.00974348 0.00941926 0.00895292 0.00841644 0.00818868 0.00822259 0.00825708 0.00823057 0.00817655 0.0082521 0.0081037 0.00824167 0.00931772 0.009097 0.0100327 0.0110632 0.0110836 0.009248 0.0112507 0.0214314 0.0286477 0.0340932 0.0188437 0.0942517 0.0154476 0.0108558 0.00850759 0.00604239 0.00384184 0.00378374 0.00378067 0.00376162 0.00377161 0.00374449 0 0.0037443 0.00378631 0.00376496 0.00377633 0.00380621 0.00534692 0.0073572 0.00848646 0.00994855 0.0332209 0.848514 0.0631509 0.00972991 0.0100584 0.00881177 0.00859308 
0.00822812 0.00819522 0.00818565 0.0083662 0.00855114 0.00984474 0.00953211 0.00885593 0.0083949 0.0082309 0.00827398 0.00826397 0.00827736 0.00820691 0.00823771 0.00811504 0.00826632 0.00917779 0.00910694 0.0101331 0.0123755 0.0118089 0.00958431 0.012875 0.0181729 0.0423362 0.0233617 0.09402 0.0142352 0.0158642 0.0110633 0.0094947 0.00663019 0.00463598 0.00411476 0.0042941 0.00376877 0.00374153 0.00376921 0.0037443 0 0.00375187 0.00377615 0.00377842 0.00379089 0.00937064 0.00651559 0.00998373 0.0170645 0.898924 0.0550888 0.014499 0.0100683 0.0106703 0.00849145 0.0088613 
0.00828006 0.00823581 0.00816382 0.0085432 0.00846859 0.0097246 0.0091455 0.00887876 0.008365 0.00828395 0.00821301 0.00831456 0.00831407 0.00818611 0.00822231 0.00810536 0.00818194 0.00887864 0.00915791 0.0107797 0.0120246 0.0136338 0.0100034 0.0113077 0.0302799 0.0276 0.101341 0.017251 0.0186493 0.0162757 0.0120992 0.0117971 0.00714563 0.00530343 0.00541891 0.00489389 0.00408504 0.00380403 0.00380292 0.00378631 0.00375187 0 0.00374793 0.0037658 0.00378658 0.00438934 0.00757193 0.0119735 0.960586 0.0420929 0.0182252 0.0108977 0.0155304 0.00899448 0.00974364 0.00860212 
0.00831153 0.00819746 0.00817028 0.00817597 0.00846889 0.00873931 0.00870789 0.00848194 0.00826649 0.0081511 0.00820404 0.00825584 0.00824467 0.0081362 0.00815785 0.00809905 0.00822849 0.0088306 0.0087707 0.0103749 0.011881 0.0102859 0.00952902 0.0154112 0.0116807 0.0896997 0.0135001 0.0165327 0.0118084 0.0129384 0.0106851 0.00915309 0.00738579 0.00648454 0.00569905 0.00504913 0.00425754 0.00403793 0.00380553 0.00376496 0.00377615 0.00374793 0 0.00374649 0.00375004 0.00486715 0.00875236 0.979921 0.0289472 0.0110638 0.00988513 0.0173738 0.00822881 0.00888656 0.00766461 0.0088224 
0.00843841 0.00823281 0.00812395 0.00827755 0.00846086 0.0084629 0.00834333 0.00824023 0.00809993 0.00816852 0.00819401 0.00820765 0.00830507 0.00812643 0.00815911 0.00811689 0.00816768 0.00885611 0.0086174 0.0111236 0.0109462 0.0109684 0.00908461 0.012451 0.073677 0.0101171 0.0123455 0.00975005 0.011651 0.00919741 0.010416 0.00902328 0.00797769 0.00660514 0.00783143 0.00554997 0.00469844 0.00390769 0.00388154 0.00377633 0.00377842 0.0037658 0.00374649 0 0.00382907 0.00540942 0.994533 0.00541782 0.00653128 0.00664048 0.00853666 0.00764709 0.00731871 0.00713855 0.0077032 0.00706882 
0.00896438 0.00820033 0.00815251 0.00869049 0.00841923 0.00836042 0.00822629 0.00817717 0.00817838 0.00812018 0.00862318 0.00816413 0.00820551 0.00855842 0.00825846 0.00870947 0.0089989 0.0104118 0.00880266 0.0249304 0.00907221 0.00871403 0.0107579 0.0661823 0.0106754 0.00903066 0.00912853 0.00959536 0.00884946 0.00911594 0.00862526 0.0109326 0.0114128 0.016665 0.00776828 0.00596795 0.00555524 0.00453559 0.0040683 0.00380621 0.00379089 0.00378658 0.00375004 0.00382907 0 0.998761 0.00599482 0.00443848 0.00434265 0.00622672 0.00629066 0.00646497 0.00638534 0.00675378 0.00671136 0.00703515 
0.00875808 0.00823107 0.00868911 0.00824654 0.00813425 0.00825551 0.00820364 0.0082627 0.00831101 0.00852001 0.00832995 0.00814108 0.00893705 0.00849666 0.0084408 0.00925682 0.00992738 0.0100137 0.0119101 0.0110127 0.00889845 0.0101843 0.0160346 0.0166355 0.0103192 0.00923154 0.00952914 0.00912705 0.00895777 0.00915134 0.00961553 0.0148118 0.012222 0.00912638 0.00653198 0.00672908 0.00698902 0.00690553 0.00677047 0.00534692 0.00937064 0.00438934 0.00486715 0.00540942 0.998761 0 0.00403562 0.00379103 0.003781 0.0038101 0.00389728 0.0040415 0.004628 0.00496912 0.00645949 0.00897705 
0.00827772 0.00828806 0.00835162 0.00819513 0.00834396 0.0085363 0.00848354 0.0083875 0.00843686 0.00822322 0.00833943 0.00829303 0.00829417 0.00814656 0.00820355 0.00843486 0.00851682 0.0095875 0.00966974 0.0105381 0.0114736 0.0104183 0.0113863 0.012262 0.0177316 0.0133019 0.0108259 0.0113247 0.0112502 0.0102261 0.013616 0.0102155 0.00941239 0.00704763 0.00825555 0.00796023 0.00814823 0.0087974 0.00820952 0.0073572 0.00651559 0.00757193 0.00875236 0.994533 0.00599482 0.00403562 0 0.00377407 0.00378761 0.00378348 0.00381469 0.00393932 0.00395173 0.00485032 0.0052341 0.0107612 
0.00835454 0.00825723 0.00826572 0.00833041 0.00843111 0.00901809 0.00896143 0.00879332 0.00839364 0.00852431 0.00826862 0.00828607 0.00836979 0.00831289 0.00817864 0.00814716 0.00822271 0.0085507 0.00899436 0.0102988 0.0128226 0.0129156 0.00973094 0.0110372 0.015991 0.0272137 0.0238266 0.0210546 0.0183009 0.022486 0.0110974 0.0108962 0.00834623 0.0078796 0.0086867 0.00992708 0.0112608 0.0108975 0.0123968 0.00848646 0.00998373 0.0119735 0.979921 0.00541782 0.00443848 0.00379103 0.00377407 0 0.00376377 0.00376717 0.00377589 0.00381631 0.00384994 0.00397349 0.0046803 0.00523022 
0.0083675 0.00827926 0.00820988 0.00842327 0.0086053 0.009521 0.00961774 0.00891405 0.00844407 0.00834028 0.00829056 0.00838374 0.00829962 0.00822756 0.00823381 0.008181 0.00830114 0.00918317 0.0094701 0.0116771 0.0157574 0.0137374 0.0104504 0.0118616 0.0221557 0.0335078 0.0346333 0.0246735 0.0329426 0.0232562 0.0188841 0.0104175 0.00859553 0.00850951 0.00958252 0.0142532 0.0170948 0.0189172 0.0128127 0.00994855 0.0170645 0.960586 0.0289472 0.00653128 0.00434265 0.003781 0.00378761 0.00376377 0 0.00375347 0.00379009 0.00378879 0.00383459 0.00431303 0.00386899 0.00544431 
0.00834791 0.00826443 0.00821012 0.00871599 0.00849745 0.00957616 0.00933682 0.00910263 0.00834511 0.00839424 0.00830772 0.00835739 0.00827485 0.00823124 0.00820342 0.00817704 0.00835676 0.0092027 0.00931014 0.0121586 0.0151728 0.0140435 0.00990526 0.0125611 0.0178092 0.0431431 0.0272808 0.0338123 0.0247281 0.0536845 0.0131136 0.0103702 0.00846855 0.00838902 0.0116363 0.0127985 0.0192556 0.0185164 0.0153731 0.0332209 0.898924 0.0420929 0.0110638 0.00664048 0.00622672 0.0038101 0.00378348 0.00376717 0.00375347 0 0.00375783 0.00378096 0.00378951 0.00382776 0.00380344 0.00411755 
0.00832365 0.0082811 0.0082233 0.00838634 0.00871113 0.00917116 0.00974633 0.00882196 0.00853187 0.00826511 0.00823337 0.00837498 0.00826051 0.00820057 0.00820467 0.00813294 0.00822821 0.00875107 0.00934634 0.0114874 0.0140949 0.0130349 0.00987398 0.0114496 0.0243813 0.0293343 0.0409255 0.0232551 0.0519124 0.0226055 0.0149151 0.00977961 0.00837021 0.00901336 0.0111283 0.0175891 0.0130992 0.018066 0.0682243 0.848514 0.0550888 0.0182252 0.00988513 0.00853666 0.00629066 0.00389728 0.00381469 0.00377589 0.00379009 0.00375783 0 0.00375739 0.00378974 0.00377863 0.00381621 0.00389167 
0.00832229 0.00825053 0.00816153 0.00867612 0.00848213 0.00946234 0.00905699 0.0087139 0.0083054 0.00819478 0.00822469 0.00830869 0.0082595 0.00818636 0.00819679 0.00811904 0.00827635 0.00897077 0.00899652 0.0107102 0.0141495 0.0114502 0.00927087 0.0114367 0.0159248 0.0466907 0.0243774 0.0551814 0.022137 0.0214417 0.0132808 0.00960405 0.00831811 0.00825519 0.0125959 0.0112654 0.0172137 0.0595349 0.881048 0.0631509 0.014499 0.0108977 0.0173738 0.00764709 0.00646497 0.0040415 0.00393932 0.00381631 0.00378879 0.00378096 0.00375739 0 0.00375008 0.00376721 0.00378921 0.00383831 
0.00829645 0.00819304 0.00814319 0.00824856 0.00846257 0.00874693 0.00873872 0.00844574 0.00821755 0.00810955 0.00820115 0.00825023 0.00817535 0.00817973 0.00816537 0.008077 0.00817583 0.00850895 0.00888006 0.0102966 0.0113855 0.0112377 0.00962863 0.0105498 0.0181008 0.0185101 0.0488228 0.0164907 0.0185418 0.0183149 0.0125564 0.00919892 0.00847139 0.00874621 0.00975343 0.0140481 0.0330883 0.860542 0.0441231 0.00972991 0.0100683 0.0155304 0.00822881 0.00731871 0.00638534 0.004628 0.00395173 0.00384994 0.00383459 0.00378951 0.00378974 0.00375008 0 0.00375275 0.00378604 0.00376905 
0.00831213 0.00824196 0.0081849 0.00856274 0.00837004 0.00897952 0.00871616 0.00849113 0.00817523 0.00815777 0.00831815 0.0082405 0.00826268 0.00814086 0.0081808 0.00837086 0.00842611 0.00923111 0.008689 0.0110528 0.0103535 0.00931141 0.00952619 0.0106251 0.0118475 0.0408291 0.013917 0.0197062 0.0151219 0.0175328 0.00962067 0.0095073 0.00842394 0.00836177 0.0108011 0.0259131 0.813091 0.0477293 0.0170664 0.0100584 0.0106703 0.00899448 0.00888656 0.00713855 0.00675378 0.00496912 0.00485032 0.00397349 0.00431303 0.00382776 0.00377863 0.00376721 0.00375275 0 0.00374227 0.0037768 
0.00840699 0.00832342 0.00811424 0.00822736 0.00844665 0.00849749 0.0085008 0.008307 0.00816077 0.0081369 0.0082509 0.00824949 0.00829999 0.00816869 0.00816584 0.00807576 0.00820154 0.00831621 0.0096228 0.00926968 0.0100665 0.0143257 0.0087154 0.0102095 0.0194247 0.0105232 0.0131502 0.0106791 0.0109924 0.0103809 0.0158801 0.00888119 0.0092848 0.00915669 0.0251501 0.644657 0.0250893 0.0129877 0.0105718 0.00881177 0.00849145 0.00974364 0.00766461 0.0077032 0.00671136 0.00645949 0.0052341 0.0046803 0.00386899 0.00380344 0.00381621 0.00378921 0.00378604 0.00374227 0 0.00378506 
0.00929131 0.00832934 0.00821335 0.00880493 0.00839847 0.00829001 0.00827485 0.00822025 0.00815067 0.00811599 0.00901793 0.0081661 0.00812683 0.00828848 0.00825977 0.00929198 0.00979403 0.0116362 0.00831324 0.0332206 0.00894729 0.0084196 0.0106497 0.024884 0.00997835 0.00950238 0.00901525 0.0100286 0.00895329 0.00915944 0.00910082 0.0128823 0.0149762 0.0302486 0.523842 0.0160609 0.00939745 0.00949747 0.0102421 0.00859308 0.0088613 0.00860212 0.0088224 0.00706882 0.00703515 0.00897705 0.0107612 0.00523022 0.00544431 0.00411755 0.00389167 0.00383831 0.00376905 0.0037768 0.00378506 0 
