1HK9E
GQSLQDPFLNALRRERVPVSIYLVNGIKLQGQIESFDQFVILLKNTVSQMVYKHAISTVVPSRPVSH
CCCCHHHHHHHHHHHCCCEEEEECCCCEEEEEEEEECCCEEEEECCCEEEEEHHHEEEEEECCCCCC
0 0 0 0 0 0 0 0 0 0 0 0 0 0 0 0 0 0 0 0 0 0 0 0 0 0 0 0 0 0 0 0 0 0 0 0 0 0 0 0 0 0 0 0 0 0 0 0 0 0 0 0 0 0 0 0 0 0 0 0 0 0 0 0 0 0 0 
0 0 0 0 0 0 0 0 0 0 0 0 0 0 0 0 0 0 0 0 0 0 0 0 0 0 0 0 0 0 0 0 0 0 0 0 0 0 0 0 0 0 0 0 0 0 0 0 0 0 0 0 0 0 0 0 0 0 0 0 0 0 0 0 0 0 0 
0 0.00391094 0.00389411 0.00391388 0.0049363 0.00716359 0.0148162 0.00697443 0.601083 0.0287466 0.0638273 0.00906965 0.0101019 0.0475751 0.0202854 0.0335255 0.0121706 0.0179562 0.0200244 0.0131722 0.0182832 0.0127694 0.013609 0.0431943 0.0203593 0.0144638 0.0145124 0.0212624 0.010551 0.0482248 
0.00391094 0 0.00381542 0.00389182 0.00387673 0.015001 0.006638 0.723169 0.00991547 0.0997938 0.00741008 0.0104212 0.034174 0.00818354 0.0213961 0.0208742 0.0289382 0.0124051 0.0113241 0.0136887 0.019775 0.0236106 0.0238244 0.0118419 0.0103915 0.0220377 0.0336098 0.0152729 0.103127 0.00924937 
0.00389411 0.00381542 0 0.00377643 0.00387926 0.00520221 0.88714 0.00698385 0.136337 0.00681693 0.0294705 0.0091082 0.00833845 0.00913142 0.0108126 0.034558 0.0173813 0.0225864 0.00946094 0.00960494 0.0203069 0.0376509 0.0141084 0.0103414 0.0151757 0.0143839 0.0327589 0.195397 0.0103228 0.0112157 
0.00391388 0.00389182 0.00377643 0 0.0037968 0.850709 0.00858899 0.0618759 0.00597364 0.0219814 0.00818616 0.008873 0.0157327 0.00822522 0.0135454 0.0231992 0.0214807 0.0127625 0.0106683 0.0124855 0.0345163 0.0176825 0.023613 0.0119569 0.0119865 0.0220689 0.070778 0.0149306 0.0368536 0.00933744 
0.0049363 0.00387673 0.00387926 0.0037968 0 0.013324 0.0254677 0.00429561 0.0077411 0.00608062 0.0100324 0.00655172 0.00794811 0.0098991 0.0212647 0.0172569 0.012037 0.0158497 0.0147182 0.0214471 0.0118701 0.0110292 0.0136415 0.016214 0.0854109 0.0165041 0.0112202 0.0141263 0.0119356 0.0142137 
0.00716359 0.015001 0.00520221 0.850709 0.013324 0 0.00435839 0.00405838 0.00378606 0.00566086 0.00406544 0.00520043 0.00509991 0.00745955 0.0115066 0.00918532 0.00998375 0.00908655 0.0256268 0.0122384 0.00862488 0.0153163 0.0287735 0.045378 0.00961732 0.0106515 0.0117336 0.00986545 0.0136555 0.0165121 
0.0148162 0.006638 0.88714 0.00858899 0.0254677 0.00435839 0 0.00379931 0.00396788 0.00378081 0.00470995 0.00389012 0.00438467 0.00539065 0.00712428 0.0109086 0.00783918 0.0286646 0.00789948 0.00799837 0.0378486 0.0343326 0.0320203 0.00898198 0.0127547 0.0101807 0.0133315 0.0200395 0.0107164 0.0135897 
0.00697443 0.723169 0.00698385 0.0618759 0.00429561 0.00405838 0.00379931 0 0.00366705 0.00394407 0.00375227 0.00386053 0.00390436 0.00391755 0.00663274 0.00712769 0.010037 0.00666862 0.0101227 0.0173168 0.0204902 0.0410733 0.00812331 0.0137885 0.0085258 0.00998043 0.014546 0.010119 0.0185728 0.00836873 
0.601083 0.00991547 0.136337 0.00597364 0.0077411 0.00378606 0.00396788 0.00366705 0 0.00370469 0.00391496 0.00375801 0.00383464 0.00417796 0.00512142 0.0128628 0.0143906 0.0224308 0.0239363 0.020847 0.037696 0.00973209 0.0104982 0.0104352 0.0131609 0.00980307 0.0157564 0.0259427 0.00939565 0.0139425 
0.0287466 0.0997938 0.00681693 0.0219814 0.00608062 0.00566086 0.00378081 0.00394407 0.00370469 0 0.00367963 0.00376744 0.00381378 0.00380252 0.0104224 0.00680598 0.0207647 0.0200871 0.307303 0.0154442 0.00853717 0.00951326 0.00853049 0.0107176 0.00816221 0.0112402 0.0166701 0.010192 0.0373194 0.00846799 
0.0638273 0.00741008 0.0294705 0.00818616 0.0100324 0.00406544 0.00470995 0.00375227 0.00391496 0.00367963 0 0.00375015 0.00376626 0.00417165 0.00494501 0.0085283 0.0121964 0.43782 0.0263884 0.00733512 0.0086773 0.00895633 0.0135322 0.00674411 0.0134646 0.00943388 0.0140485 0.0576647 0.00876553 0.0105471 
0.00906965 0.0104212 0.0091082 0.008873 0.00655172 0.00520043 0.00389012 0.00386053 0.00375801 0.00376744 0.00375015 0 0.0037504 0.00376238 0.00457616 0.0331771 0.139269 0.0376563 0.00592652 0.00700653 0.00762609 0.00936686 0.00708929 0.00660575 0.00821148 0.0100958 0.025721 0.0127792 0.0096625 0.00839029 
0.0101019 0.034174 0.00833845 0.0157327 0.00794811 0.00509991 0.00438467 0.00390436 0.00383464 0.00381378 0.00376626 0.0037504 0 0.00384843 0.00739465 0.0997542 0.279642 0.00647675 0.00586199 0.00693502 0.00973122 0.0170748 0.00839231 0.00689771 0.00951238 0.0220286 0.0232518 0.0106743 0.0162285 0.00857541 
0.0475751 0.00818354 0.00913142 0.00822522 0.0098991 0.00745955 0.00539065 0.00391755 0.00417796 0.00380252 0.00417165 0.00376238 0.00384843 0 0.141673 0.262078 0.00418526 0.0052001 0.00505007 0.00972363 0.0074355 0.00714398 0.00749826 0.00951785 0.0717157 0.00980089 0.0098375 0.0101627 0.008636 0.0128766 
0.0202854 0.0213961 0.0108126 0.0135454 0.0212647 0.0115066 0.00712428 0.00663274 0.00512142 0.0104224 0.00494501 0.00457616 0.00739465 0.141673 0 0.00384514 0.00379873 0.00390641 0.00717655 0.00554739 0.00590479 0.00646066 0.0102101 0.934903 0.00848474 0.0107157 0.011119 0.0116976 0.0113642 0.0296072 
0.0335255 0.0208742 0.034558 0.0231992 0.0172569 0.00918532 0.0109086 0.00712769 0.0128628 0.00680598 0.0085283 0.0331771 0.0997542 0.262078 0.00384514 0 0.00383984 0.00383162 0.00389947 0.0053261 0.00943336 0.0140881 0.939286 0.0105689 0.00808606 0.0118861 0.0181711 0.016938 0.0256929 0.0121407 
0.0121706 0.0289382 0.0173813 0.0214807 0.012037 0.00998375 0.00783918 0.010037 0.0143906 0.0207647 0.0121964 0.139269 0.279642 0.00418526 0.00379873 0.00383984 0 0.00381758 0.00384585 0.00440997 0.00979528 0.915074 0.0227934 0.0048597 0.00726857 0.0131854 0.0165031 0.0292365 0.0128417 0.0108809 
0.0179562 0.0124051 0.0225864 0.0127625 0.0158497 0.00908655 0.0286646 0.00666862 0.0224308 0.0200871 0.43782 0.0376563 0.00647675 0.0052001 0.00390641 0.00383162 0.00381758 0 0.00403657 0.0047024 0.94524 0.0183993 0.00533768 0.0043794 0.00831206 0.00951303 0.0144461 0.0132703 0.0113832 0.0098168 
0.0200244 0.0113241 0.00946094 0.0106683 0.0147182 0.0256268 0.00789948 0.0101227 0.0239363 0.307303 0.0263884 0.00592652 0.00586199 0.00505007 0.00717655 0.00389947 0.00384585 0.00403657 0 0.986341 0.00459795 0.00450731 0.00414752 0.00572494 0.0114381 0.0105508 0.010958 0.00828172 0.00809176 0.0092804 
0.0131722 0.0136887 0.00960494 0.0124855 0.0214471 0.0122384 0.00799837 0.0173168 0.020847 0.0154442 0.00733512 0.00700653 0.00693502 0.00972363 0.00554739 0.0053261 0.00440997 0.0047024 0.986341 0 0.00392091 0.00379352 0.00378905 0.00407119 0.00410948 0.00481814 0.0064776 0.00803446 0.00754378 0.0239708 
0.0182832 0.019775 0.0203069 0.0345163 0.0118701 0.00862488 0.0378486 0.0204902 0.037696 0.00853717 0.0086773 0.00762609 0.00973122 0.0074355 0.00590479 0.00943336 0.00979528 0.94524 0.00459795 0.00392091 0 0.00375095 0.00379314 0.00376499 0.00388437 0.00483825 0.00970761 0.00876134 0.0210683 0.00909362 
0.0127694 0.0236106 0.0376509 0.0176825 0.0110292 0.0153163 0.0343326 0.0410733 0.00973209 0.00951326 0.00895633 0.00936686 0.0170748 0.00714398 0.00646066 0.0140881 0.915074 0.0183993 0.00450731 0.00379352 0.00375095 0 0.00374873 0.00376219 0.00385543 0.00501085 0.0103355 0.0209774 0.00770155 0.00683834 
0.013609 0.0238244 0.0141084 0.023613 0.0136415 0.0287735 0.0320203 0.00812331 0.0104982 0.00853049 0.0135322 0.00708929 0.00839231 0.00749826 0.0102101 0.939286 0.0227934 0.00533768 0.00414752 0.00378905 0.00379314 0.00374873 0 0.00376469 0.00397642 0.00675649 0.0123215 0.00584488 0.00575395 0.00639222 
0.0431943 0.0118419 0.0103414 0.0119569 0.016214 0.045378 0.00898198 0.0137885 0.0104352 0.0107176 0.00674411 0.00660575 0.00689771 0.00951785 0.934903 0.0105689 0.0048597 0.0043794 0.00572494 0.00407119 0.00376499 0.00376219 0.00376469 0 0.00807474 0.00577265 0.00388266 0.00405929 0.00392778 0.00505032 
0.0203593 0.0103915 0.0151757 0.0119865 0.0854109 0.00961732 0.0127547 0.0085258 0.0131609 0.00816221 0.0134646 0.00821148 0.00951238 0.0717157 0.00848474 0.00808606 0.00726857 0.00831206 0.0114381 0.00410948 0.00388437 0.00385543 0.00397642 0.00807474 0 0.00383518 0.00382073 0.0039091 0.00384745 0.00441189 
0.0144638 0.0220377 0.0143839 0.0220689 0.0165041 0.0106515 0.0101807 0.00998043 0.00980307 0.0112402 0.00943388 0.0100958 0.0220286 0.00980089 0.0107157 0.0118861 0.0131854 0.00951303 0.0105508 0.00481814 0.00483825 0.00501085 0.00675649 0.00577265 0.00383518 0 0.00378738 0.00380808 0.00381905 0.00385761 
0.0145124 0.0336098 0.0327589 0.070778 0.0112202 0.0117336 0.0133315 0.014546 0.0157564 0.0166701 0.0140485 0.025721 0.0232518 0.0098375 0.011119 0.0181711 0.0165031 0.0144461 0.010958 0.0064776 0.00970761 0.0103355 0.0123215 0.00388266 0.00382073 0.00378738 0 0.00381168 0.00380523 0.00381043 
0.0212624 0.0152729 0.195397 0.0149306 0.0141263 0.00986545 0.0200395 0.010119 0.0259427 0.010192 0.0576647 0.0127792 0.0106743 0.0101627 0.0116976 0.016938 0.0292365 0.0132703 0.00828172 0.00803446 0.00876134 0.0209774 0.00584488 0.00405929 0.0039091 0.00380808 0.00381168 0 0.0037969 0.00380112 
0.010551 0.103127 0.0103228 0.0368536 0.0119356 0.0136555 0.0107164 0.0185728 0.00939565 0.0373194 0.00876553 0.0096625 0.0162285 0.008636 0.0113642 0.0256929 0.0128417 0.0113832 0.00809176 0.00754378 0.0210683 0.00770155 0.00575395 0.00392778 0.00384745 0.00381905 0.00380523 0.0037969 0 0.00376491 
0.0482248 0.00924937 0.0112157 0.00933744 0.0142137 0.0165121 0.0135897 0.00836873 0.0139425 0.00846799 0.0105471 0.00839029 0.00857541 0.0128766 0.0296072 0.0121407 0.0108809 0.0098168 0.0092804 0.0239708 0.00909362 0.00683834 0.00639222 0.00505032 0.00441189 0.00385761 0.00381043 0.00380112 0.00376491 0 
