1I0RB
MDVEAFYKISYGLYIVTSESNGRKCGQIANTVFQLTSKPVQIAVCLNKENDTHNAVKESGAFGVSVLELETPMEFIGRFGFRKSSEFEKFDGVEYKTGKTGVPLVTQHAVAVIEAKVVKECDVGTHTLFVGEAVDAEVLKDAEVLTYADYHLMKKGKTPRTATVYFES
CCHHHHHHCCCECEEEEEEECCEEEEEEECCEEEEEECCEEEEEEEECCCHHHHHHHHHCEEEEEEEECCCCHHHHHHCCCCCCCHHHHHCCCCEEECCCCCEEECCCEEEEEEEEEEEEEECCCEEEEEEEEEEEEECCCCCECEHHHHHHHHHCCCCHHHCCEEEC
0 0 0 0 0 0 0 0 0 0 0 0 0 0 0 0 0 0 0 0 0 0 0 0 0 0 0 0 0 0 0 0 0 0 0 0 0 0 0 0 0 0 0 0 0 0 0 0 0 0 0 0 0 0 0 0 0 0 0 0 0 0 0 0 0 0 0 0 0 0 0 0 0 0 0 0 0 0 0 0 0 0 0 0 0 0 0 0 0 0 0 0 0 0 0 0 0 0 0 0 0 0 0 0 0 0 0 0 0 0 0 0 0 0 0 0 0 0 0 0 0 0 0 0 0 0 0 0 0 0 0 0 0 0 0 0 0 0 0 0 0 0 0 0 0 0 0 0 0 0 0 0 0 0 0 0 0 0 0 0 0 0 0 0 0 0 0 0 
0 0 0 0 0 0 0 0 0 0 0 0 0 0 0 0 0 0 0 0 0 0 0 0 0 0 0 0 0 0 0 0 0 0 0 0 0 0 0 0 0 0 0 0 0 0 0 0 0 0 0 0 0 0 0 0 0 0 0 0 0 0 0 0 0 0 0 0 0 0 0 0 0 0 0 0 0 0 0 0 0 0 0 0 0 0 0 0 0 0 0 0 0 0 0 0 0 0 0 0 0 0 0 0 0 0 0 0 0 0 0 0 0 0 0 0 0 0 0 0 0 0 0 0 0 0 0 0 0 0 0 0 0 0 0 0 0 0 0 0 0 0 0 0 0 0 0 0 0 0 0 0 0 0 0 0 0 0 0 0 0 0 0 0 0 0 0 0 
0 0.00400081 0.00444969 0.00393428 0.00389366 0.00415196 0.00445631 0.00676977 0.00668477 0.00647895 0.00671214 0.00846003 0.00823601 0.0100969 0.0350548 0.0351336 0.0114129 0.0107084 0.0105204 0.0120962 0.0193329 0.0221803 0.01302 0.0133581 0.0119655 0.0120625 0.0116726 0.0117322 0.0173283 0.0139713 0.0103934 0.0106868 0.0109997 0.0101737 0.0106841 0.0107656 0.0169622 0.00922838 0.00829304 0.010542 0.00948467 0.00966489 0.0109822 0.0105568 0.00935099 0.0092517 0.00944304 0.00911114 0.00893181 0.0089716 0.00853916 0.00845204 0.00828482 0.00827682 0.00826641 0.00830954 0.00946139 0.00930152 0.00850286 0.00871968 0.0093974 0.0087202 0.00895291 0.00837248 0.00834355 0.00827246 0.00823297 0.00843804 0.00822988 0.009114 0.00975063 0.0137623 0.00897694 0.00851646 0.00920227 
0.00400081 0 0.00391782 0.00381486 0.0038201 0.00382713 0.00392844 0.00419932 0.00591969 0.00656522 0.0077702 0.00841253 0.0109073 0.0245973 0.943429 0.0184463 0.0121512 0.0177922 0.0122838 0.0131257 0.0248251 0.0159085 0.0186592 0.0206007 0.0259502 0.0248921 0.0214733 0.0150648 0.0186622 0.0127625 0.0160235 0.0257691 0.0184841 0.0325514 0.0217291 0.0129531 0.0252906 0.00900552 0.00830348 0.011897 0.0109407 0.0111206 0.0166098 0.0111363 0.013784 0.0199276 0.0191573 0.0179667 0.0135221 0.0117207 0.0115915 0.00935071 0.00941805 0.00925572 0.0090041 0.00870909 0.0107195 0.00923854 0.00950285 0.0153035 0.014704 0.0118589 0.0103153 0.0107141 0.00893645 0.00903833 0.00946007 0.00853652 0.00887411 0.00993762 0.00914569 0.0110117 0.0101448 0.00842545 0.010001 
0.00444969 0.00391782 0 0.00378301 0.00381399 0.00383485 0.00377769 0.00390697 0.00491698 0.0117848 0.0072125 0.0114233 0.0215811 0.960702 0.0154067 0.0124667 0.0224522 0.0187491 0.0179098 0.0266125 0.012228 0.0147314 0.0494043 0.0383164 0.0470777 0.043753 0.0396115 0.0301053 0.0112315 0.0124915 0.0357359 0.0453283 0.0443837 0.0514105 0.0410397 0.0415398 0.0116551 0.0090188 0.00884407 0.00849636 0.00975358 0.0174136 0.0102052 0.011833 0.0235141 0.0368337 0.0317611 0.0248555 0.0175592 0.01618 0.0111238 0.0111204 0.00932496 0.00939502 0.00936166 0.0098598 0.00865417 0.00898061 0.0128944 0.01819 0.0254603 0.012144 0.0124265 0.00998487 0.00933671 0.00918877 0.00919531 0.00941095 0.00869357 0.00837747 0.00836311 0.00887018 0.00900193 0.00895619 0.00931497 
0.00393428 0.00381486 0.00378301 0 0.00385135 0.0038106 0.00378165 0.00379537 0.00450516 0.00575728 0.00829969 0.017249 0.95481 0.0128406 0.00967511 0.00884106 0.0152304 0.0190763 0.0284418 0.0113056 0.010107 0.0122037 0.0179531 0.0563929 0.0435588 0.0721976 0.0579475 0.0187504 0.0101942 0.0101972 0.0276812 0.0412006 0.0960664 0.0444406 0.113131 0.0200979 0.0103271 0.00853112 0.00832917 0.00841698 0.00935333 0.0132087 0.0110459 0.00995812 0.0218907 0.0495309 0.0363823 0.0591465 0.0173399 0.0255767 0.0119747 0.0139167 0.0102252 0.0111475 0.00985298 0.00932464 0.0084757 0.0088134 0.0115983 0.0275957 0.0277683 0.0186123 0.0150781 0.0109555 0.00956357 0.00951939 0.00949307 0.00974088 0.00844852 0.0083422 0.00835778 0.00866473 0.00866032 0.00866996 0.0090892 
0.00389366 0.0038201 0.00381399 0.00385135 0 0.00382559 0.0038098 0.00376706 0.00435323 0.00612852 0.0121214 0.97411 0.0213044 0.00917161 0.00849127 0.00929933 0.0101364 0.0376945 0.0107487 0.0131752 0.00940557 0.00987503 0.0219757 0.0185704 0.0488393 0.0515517 0.0310501 0.0129103 0.00977816 0.0100363 0.0134161 0.0486001 0.018797 0.110573 0.024917 0.0158265 0.0106024 0.00846164 0.00827451 0.00850784 0.00893375 0.0102513 0.00960511 0.00973364 0.0144309 0.0241132 0.0365057 0.0149808 0.0283267 0.0103529 0.0197073 0.00905712 0.0109252 0.00937814 0.0100274 0.00829012 0.00862017 0.0086618 0.0107419 0.0156445 0.0207824 0.0137046 0.00997495 0.0115734 0.00864552 0.00878376 0.0100287 0.00858432 0.00859007 0.00820998 0.00833409 0.00858803 0.00884227 0.00829519 0.00864067 
0.00415196 0.00382713 0.00383485 0.0038106 0.00382559 0 0.00380242 0.00376711 0.00399743 0.0101354 0.945288 0.0190538 0.009002 0.00701332 0.00882024 0.00741056 0.0160297 0.00949365 0.0146125 0.00856197 0.00904668 0.0101876 0.00959319 0.0363227 0.0174195 0.0229629 0.0156821 0.0123099 0.00933246 0.00932887 0.0136855 0.0137273 0.0695149 0.0133043 0.031758 0.0106734 0.0093311 0.00841101 0.00817435 0.00834704 0.00840237 0.00969255 0.00902266 0.00865096 0.0111946 0.0198927 0.0125519 0.0250315 0.00947031 0.0178231 0.00860522 0.0122372 0.00841855 0.00914656 0.00838255 0.00897264 0.00825256 0.00892034 0.00884529 0.012895 0.0115447 0.00975547 0.0109006 0.00866783 0.00924684 0.00834395 0.00845211 0.00939795 0.00820368 0.00838007 0.00820117 0.00828626 0.00829194 0.00837881 0.00840319 
0.00445631 0.00392844 0.00377769 0.00378165 0.0038098 0.00380242 0 0.00376683 0.00602217 0.980916 0.00419066 0.00485024 0.00519443 0.00848395 0.00662825 0.017835 0.00872912 0.0105114 0.00737738 0.0089907 0.00761833 0.00851233 0.0225421 0.0109928 0.0127388 0.00961062 0.0117721 0.0111754 0.0087471 0.00968163 0.010359 0.0245596 0.00941234 0.013735 0.00964147 0.0115293 0.00885097 0.00840918 0.00848856 0.00830182 0.00864303 0.00937084 0.008639 0.00914632 0.00916196 0.00962339 0.0107879 0.00874425 0.0107398 0.00828153 0.00936894 0.00823262 0.00831024 0.00821812 0.00840854 0.00815559 0.00844002 0.00835686 0.00901968 0.00899076 0.00897878 0.00853714 0.00831508 0.00854552 0.00813807 0.00824594 0.00829582 0.00816078 0.00829732 0.00813485 0.00824819 0.00836962 0.00888575 0.00820063 0.00827706 
0.00676977 0.00419932 0.00390697 0.00379537 0.00376706 0.00376711 0.00376683 0 0.995295 0.00444683 0.00393549 0.00384121 0.00462292 0.00532869 0.00651683 0.0110866 0.00729988 0.00648922 0.00689187 0.0068192 0.00734008 0.0161503 0.00938892 0.0100796 0.00870971 0.0092705 0.00892378 0.00866004 0.00941365 0.0142739 0.0124546 0.00904123 0.00967798 0.00881477 0.00924379 0.00872131 0.00999424 0.00944221 0.00812836 0.00834404 0.00968681 0.00842848 0.00906918 0.0108072 0.00851959 0.00865852 0.00847951 0.0087469 0.00835318 0.0089394 0.00822029 0.00848184 0.00812574 0.00813428 0.00815462 0.00830902 0.00820705 0.00964165 0.0083624 0.00840192 0.00848674 0.00825493 0.0084723 0.00817885 0.00834673 0.00811765 0.00815961 0.00839019 0.00815287 0.00822669 0.00894855 0.00851568 0.00901426 0.00835233 0.0083289 
0.00668477 0.00591969 0.00491698 0.00450516 0.00435323 0.00399743 0.00602217 0.995295 0 0.00380078 0.0037489 0.00375535 0.00392817 0.00595482 0.00437293 0.00553911 0.00579505 0.00715035 0.00621936 0.00814509 0.0317927 0.00730646 0.00894249 0.00834133 0.00853859 0.00855795 0.00940069 0.0119464 0.0165113 0.00966615 0.00919915 0.00912784 0.00868392 0.00956408 0.008794 0.00971307 0.0154084 0.00862922 0.00815837 0.00977435 0.0087855 0.00850177 0.0096642 0.0088647 0.00842469 0.00844839 0.00849225 0.00833013 0.00869478 0.00856523 0.00873395 0.00813642 0.00816688 0.00808009 0.00821837 0.00808897 0.00907678 0.00835134 0.0083214 0.00820911 0.00836464 0.00823014 0.0081412 0.00844831 0.0080698 0.00809232 0.00817533 0.00806546 0.0082049 0.00869172 0.00874836 0.00995689 0.00901237 0.00849445 0.00907059 
0.00647895 0.00656522 0.0117848 0.00575728 0.00612852 0.0101354 0.980916 0.00444683 0.00380078 0 0.00375461 0.00378036 0.00377525 0.00382218 0.00390846 0.00527173 0.00745701 0.00690883 0.00695133 0.036342 0.0160753 0.00722227 0.00953626 0.00988939 0.0105092 0.0109695 0.0105534 0.0129006 0.00907141 0.00903798 0.0109608 0.0115572 0.0118965 0.0114045 0.0134366 0.0114961 0.00923677 0.00837256 0.00841373 0.00830801 0.00841641 0.00923877 0.00858803 0.00860416 0.00987241 0.0103982 0.00985328 0.01018 0.00965148 0.00910763 0.00863027 0.00856223 0.00832233 0.00832712 0.00818424 0.00834574 0.00825189 0.00826571 0.00867244 0.0095039 0.00942765 0.0084687 0.00895974 0.00830557 0.00830518 0.0082749 0.00832681 0.00836166 0.00822922 0.00823184 0.00818235 0.0083834 0.00819759 0.00833237 0.00837545 
0.00671214 0.0077702 0.0072125 0.00829969 0.0121214 0.945288 0.00419066 0.00393549 0.0037489 0.00375461 0 0.00375403 0.0037756 0.00375353 0.00376807 0.00447085 0.00482518 0.00647755 0.0357473 0.0259855 0.00775509 0.006824 0.00893719 0.0113058 0.0130567 0.0156618 0.0131809 0.00988138 0.0085889 0.00946917 0.0108612 0.0194827 0.0202736 0.0223131 0.0243706 0.0115616 0.00983745 0.00842902 0.0082377 0.00827181 0.00869259 0.00946176 0.00887705 0.00902833 0.0117754 0.0217356 0.0207439 0.0182816 0.0137233 0.0121589 0.011055 0.00930884 0.00902431 0.00919723 0.00915407 0.0084182 0.00833119 0.00839593 0.00928992 0.0140252 0.0159785 0.0124203 0.0102502 0.00974832 0.00870641 0.00871536 0.00881316 0.00875442 0.00829896 0.0081957 0.00812262 0.0083004 0.00839494 0.00822907 0.00866893 
0.00846003 0.00841253 0.0114233 0.017249 0.97411 0.0190538 0.00485024 0.00384121 0.00375535 0.00378036 0.00375403 0 0.00375605 0.00380683 0.00376189 0.00405451 0.00508839 0.0601854 0.0322059 0.0202451 0.00671401 0.0069303 0.00943328 0.0146596 0.0178927 0.0226555 0.0191448 0.0135831 0.0106573 0.00936899 0.017097 0.0295526 0.0367529 0.0390701 0.0367959 0.0162371 0.00978779 0.00853344 0.00869803 0.00845362 0.00909996 0.0114711 0.00988217 0.0095478 0.0182236 0.0348584 0.0376275 0.030556 0.0191856 0.0167987 0.0120246 0.0110291 0.00992468 0.0109899 0.00998981 0.00878511 0.00847146 0.00880329 0.0138636 0.0253681 0.0295342 0.0170793 0.0146989 0.0111876 0.0100865 0.00998222 0.00990265 0.00907042 0.0084527 0.00829477 0.00820452 0.00847535 0.00840126 0.00841292 0.00871381 
0.00823601 0.0109073 0.0215811 0.95481 0.0213044 0.009002 0.00519443 0.00462292 0.00392817 0.00377525 0.0037756 0.00375605 0 0.00375986 0.00376188 0.00442612 0.027683 0.0325607 0.0288659 0.00886782 0.0055818 0.00696878 0.00980846 0.0199924 0.0213025 0.0184834 0.0198472 0.0148758 0.0102775 0.0106444 0.0162243 0.0355395 0.0427861 0.0435806 0.0422529 0.0174967 0.0107568 0.00852491 0.00836942 0.00848577 0.0090168 0.0124331 0.0105721 0.00960955 0.0177939 0.0395627 0.0390392 0.0323702 0.0232531 0.0158782 0.0126351 0.011596 0.00982481 0.0100045 0.00922929 0.00913539 0.00847118 0.0087996 0.0107323 0.0244597 0.0244819 0.0177006 0.0117919 0.0114369 0.00919644 0.00960167 0.00921224 0.00913305 0.00843294 0.00821529 0.00822959 0.00844096 0.00840452 0.00827704 0.00865702 
0.0100969 0.0245973 0.960702 0.0128406 0.00917161 0.00701332 0.00848395 0.00532869 0.00595482 0.00382218 0.00375353 0.00380683 0.00375986 0 0.00377558 0.00671541 0.0392104 0.0104841 0.00708914 0.00592267 0.00690264 0.00728586 0.0161618 0.012794 0.012639 0.0144272 0.0141809 0.0249704 0.0109157 0.010186 0.0174419 0.0225835 0.0191764 0.0184422 0.021129 0.0311986 0.0134154 0.00850187 0.00927789 0.00876725 0.00893268 0.0154532 0.0104775 0.00965811 0.0141253 0.0166888 0.0166581 0.0160348 0.01201 0.0108679 0.00998687 0.00879335 0.00862465 0.00863796 0.00873671 0.00864891 0.00856826 0.00860435 0.0112453 0.0116836 0.0145045 0.0106103 0.00989416 0.00913894 0.00856753 0.00851486 0.00894642 0.00841632 0.00849119 0.00829784 0.00831426 0.0087522 0.00915758 0.00841061 0.0084756 
0.0350548 0.943429 0.0154067 0.00967511 0.00849127 0.00882024 0.00662825 0.00651683 0.00437293 0.00390846 0.00376807 0.00376189 0.00376188 0.00377558 0 0.0432977 0.0061746 0.00401026 0.00406797 0.00455218 0.00513884 0.0110233 0.0117839 0.0103735 0.0091626 0.0112938 0.0151702 0.0112002 0.0157194 0.0163989 0.0123077 0.0123687 0.0143725 0.0120207 0.0129026 0.0159519 0.0181612 0.0119282 0.00833206 0.00945191 0.0116734 0.0109838 0.0156117 0.0166739 0.011734 0.0112547 0.011919 0.0105922 0.0104346 0.00972932 0.00884407 0.00893951 0.0083441 0.00850349 0.00846333 0.00863634 0.00884258 0.0118531 0.00903598 0.0101828 0.00993522 0.0101731 0.00907055 0.00891992 0.00853071 0.00839544 0.00832628 0.00883671 0.00827156 0.00855792 0.00986454 0.0102902 0.010487 0.00856815 0.00851216 
0.0351336 0.0184463 0.0124667 0.00884106 0.00929933 0.00741056 0.017835 0.0110866 0.00553911 0.00527173 0.00447085 0.00405451 0.00442612 0.00671541 0.0432977 0 0.00386392 0.00376822 0.00378193 0.0038549 0.00485461 0.00483115 0.00625196 0.00740775 0.00832946 0.180353 0.0364602 0.0305636 0.0284441 0.013028 0.0116509 0.012971 0.0111744 0.013273 0.0117548 0.0132865 0.0233735 0.00940547 0.00854231 0.0133779 0.010699 0.0110372 0.0170682 0.01227 0.0126656 0.0121412 0.0117469 0.00986256 0.0118855 0.00938119 0.00936201 0.00873065 0.00849744 0.00863541 0.00850089 0.00851633 0.010636 0.00918288 0.00948586 0.00975162 0.0103171 0.00911263 0.00919665 0.00877819 0.00840539 0.00829118 0.00839068 0.00835345 0.00851656 0.00971083 0.00911745 0.0114387 0.00879913 0.00866964 0.00981309 
0.0114129 0.0121512 0.0224522 0.0152304 0.0101364 0.0160297 0.00872912 0.00729988 0.00579505 0.00745701 0.00482518 0.00508839 0.027683 0.0392104 0.0061746 0.00386392 0 0.00377761 0.00378393 0.0038829 0.00389201 0.00424198 0.0062117 0.00852244 0.154533 0.0333746 0.0240444 0.0181381 0.00790409 0.00967481 0.0248373 0.0151336 0.0298298 0.0153625 0.0259246 0.016069 0.0101394 0.00882383 0.00918979 0.00866884 0.00900434 0.0169493 0.00987337 0.0100692 0.0210935 0.0255655 0.0177863 0.0369043 0.011113 0.0181375 0.00908571 0.0111303 0.00868426 0.00945719 0.00865932 0.0102286 0.00852414 0.0088331 0.0124446 0.0184266 0.0188594 0.0142975 0.0124068 0.00916295 0.00947782 0.00905175 0.00873203 0.00918694 0.0084472 0.00854863 0.00825201 0.00864772 0.0083923 0.00857126 0.00876376 
0.0107084 0.0177922 0.0187491 0.0190763 0.0376945 0.00949365 0.0105114 0.00648922 0.00715035 0.00690883 0.00647755 0.0601854 0.0325607 0.0104841 0.00401026 0.00376822 0.00377761 0 0.00374846 0.00378399 0.00378895 0.00413675 0.00597771 0.12746 0.0593417 0.0178331 0.025979 0.00839674 0.00747161 0.00959358 0.0113054 0.0475737 0.0158202 0.0681211 0.022688 0.0179462 0.0104937 0.00873189 0.00848121 0.00858699 0.00942213 0.0116557 0.00981786 0.0100535 0.0203051 0.0301269 0.0776288 0.0175992 0.0489088 0.0105281 0.0255394 0.00924887 0.012714 0.00979855 0.0112519 0.00847231 0.00887655 0.00875601 0.01183 0.0248997 0.0423574 0.0205872 0.0119148 0.0174198 0.00908283 0.0102552 0.0111236 0.00854732 0.00909037 0.00825916 0.00834008 0.00859782 0.00877463 0.00840828 0.00882795 
0.0105204 0.0122838 0.0179098 0.0284418 0.0107487 0.0146125 0.00737738 0.00689187 0.00621936 0.00695133 0.0357473 0.0322059 0.0288659 0.00708914 0.00406797 0.00378193 0.00378393 0.00374846 0 0.00376975 0.00377206 0.00392178 0.0163249 0.0646869 0.0106976 0.0391124 0.00769764 0.00739294 0.00632558 0.00906046 0.015921 0.01337 0.0452193 0.0127324 0.0418768 0.0127964 0.0100936 0.0085928 0.00833633 0.00846219 0.00881055 0.0104917 0.00963841 0.00936498 0.0141447 0.0429361 0.0184308 0.0487441 0.0102424 0.0277423 0.00917753 0.0169721 0.00883817 0.0109957 0.00883641 0.010319 0.00838398 0.0086403 0.0103617 0.0229673 0.0214956 0.0127292 0.0149032 0.00945664 0.00998902 0.00921366 0.00879684 0.0105254 0.00827661 0.00826854 0.00823858 0.00830256 0.0083089 0.00832265 0.00874573 
0.0120962 0.0131257 0.0266125 0.0113056 0.0131752 0.00856197 0.0089907 0.0068192 0.00814509 0.036342 0.0259855 0.0202451 0.00886782 0.00592267 0.00455218 0.0038549 0.0038829 0.00378399 0.00376975 0 0.00382853 0.0040657 0.372222 0.00468491 0.019233 0.00585786 0.00725409 0.0066744 0.00639703 0.00996832 0.0120103 0.0173423 0.00971603 0.0170103 0.0102759 0.0149582 0.00964554 0.00870083 0.0091262 0.00860565 0.00921316 0.0112179 0.00985749 0.00983807 0.0124751 0.010738 0.0170239 0.00917356 0.0136561 0.00850416 0.0105929 0.00834273 0.00858203 0.00841574 0.00869864 0.0082988 0.00849998 0.00886353 0.00979538 0.00948309 0.0107038 0.00938017 0.00856252 0.00890725 0.00828455 0.00826951 0.00859058 0.00823559 0.00865651 0.00817494 0.00839408 0.00861442 0.00922679 0.0083267 0.00835234 
0.0193329 0.0248251 0.012228 0.010107 0.00940557 0.00904668 0.00761833 0.00734008 0.0317927 0.0160753 0.00775509 0.00671401 0.0055818 0.00690264 0.00513884 0.00485461 0.00389201 0.00378895 0.00377206 0.00382853 0 0.52582 0.00412963 0.00665714 0.00439341 0.004676 0.00546137 0.00558638 0.00558214 0.0160796 0.0119247 0.00925654 0.0103524 0.00956437 0.00975604 0.0099534 0.0114293 0.0138753 0.00835276 0.0088485 0.0126618 0.0094225 0.00990344 0.01781 0.0103994 0.0103789 0.00917695 0.00958019 0.00870404 0.00933222 0.00841047 0.00879609 0.00830121 0.00831825 0.00837033 0.00829697 0.00864111 0.0131736 0.00901883 0.0088061 0.00888764 0.00869432 0.00867335 0.00838159 0.00857223 0.00828567 0.00824733 0.00875475 0.00823433 0.00831153 0.0107237 0.00939531 0.0107585 0.00842073 0.00869608 
0.0221803 0.0159085 0.0147314 0.0122037 0.00987503 0.0101876 0.00851233 0.0161503 0.00730646 0.00722227 0.006824 0.0069303 0.00696878 0.00728586 0.0110233 0.00483115 0.00424198 0.00413675 0.00392178 0.0040657 0.52582 0 0.00376508 0.00377419 0.00377383 0.00379409 0.0038203 0.00383693 0.00432866 0.0111253 0.012865 0.00958417 0.0124081 0.00988159 0.0118071 0.0157994 0.0258156 0.0109514 0.00852358 0.012827 0.011222 0.0105754 0.0172925 0.0122205 0.011215 0.0105611 0.00955283 0.0100785 0.00887335 0.0107935 0.00859052 0.0100073 0.00831225 0.00840012 0.00836448 0.00905957 0.00966566 0.0105439 0.00933237 0.00962509 0.00965011 0.00894251 0.00951239 0.00851367 0.00919649 0.00834432 0.00844413 0.00892698 0.00832342 0.0113155 0.00976887 0.0107101 0.00905618 0.008871 0.00913018 
0.01302 0.0186592 0.0494043 0.0179531 0.0219757 0.00959319 0.0225421 0.00938892 0.00894249 0.00953626 0.00893719 0.00943328 0.00980846 0.0161618 0.0117839 0.00625196 0.0062117 0.00597771 0.0163249 0.372222 0.00412963 0.00376508 0 0.00377059 0.00377308 0.00382536 0.00382096 0.00387308 0.00388377 0.0117889 0.0203637 0.0201698 0.0119061 0.0320179 0.0270343 0.0375273 0.012074 0.0089908 0.0103254 0.00894614 0.0100128 0.0225971 0.00997251 0.0113449 0.0314951 0.0214587 0.0334571 0.0147538 0.0268608 0.0104306 0.0202348 0.00931609 0.0117331 0.0088265 0.0101942 0.00865262 0.00932326 0.00882602 0.0154101 0.0173207 0.0211536 0.0131514 0.0109193 0.0155445 0.0089904 0.00965138 0.00959859 0.00855727 0.0105048 0.0085437 0.00850444 0.00913117 0.00934614 0.00863908 0.00920344 
0.0133581 0.0206007 0.0383164 0.0563929 0.0185704 0.0363227 0.0109928 0.0100796 0.00834133 0.00988939 0.0113058 0.0146596 0.0199924 0.012794 0.0103735 0.00740775 0.00852244 0.12746 0.0646869 0.00468491 0.00665714 0.00377419 0.00377059 0 0.00379378 0.0037765 0.00377919 0.00380054 0.00382618 0.0107886 0.0263039 0.0240263 0.0645155 0.0332829 0.0820837 0.0172955 0.0134692 0.010322 0.00877923 0.00903973 0.0114527 0.0159881 0.0127443 0.0127771 0.0265581 0.0898334 0.0390741 0.112701 0.0186519 0.0593518 0.0122913 0.029751 0.0100777 0.0169167 0.0103469 0.0114043 0.00868308 0.0100261 0.0164372 0.0571248 0.052065 0.0276766 0.039293 0.012358 0.0163713 0.0113313 0.0114906 0.0156949 0.00870467 0.00883186 0.00851026 0.00868082 0.00872155 0.0088708 0.00981712 
0.0119655 0.0259502 0.0470777 0.0435588 0.0488393 0.0174195 0.0127388 0.00870971 0.00853859 0.0105092 0.0130567 0.0178927 0.0213025 0.012639 0.0091626 0.00832946 0.154533 0.0593417 0.0106976 0.019233 0.00439341 0.00377383 0.00377308 0.00379378 0 0.0037893 0.00376578 0.00380155 0.00378749 0.0105289 0.0212225 0.0520193 0.0502095 0.0810802 0.0298908 0.0349327 0.0122395 0.00935064 0.00905146 0.0090667 0.0114452 0.0205146 0.0126332 0.0119707 0.0476251 0.0686091 0.126976 0.0472906 0.083827 0.0178313 0.0352795 0.0134344 0.0186145 0.0127512 0.016362 0.00936445 0.00931193 0.00922381 0.0221368 0.0521037 0.0774005 0.043981 0.0223463 0.0259195 0.0128615 0.0147233 0.0169805 0.0106472 0.00991653 0.00850302 0.00856609 0.00876124 0.00918522 0.00872346 0.0101043 
0.0120625 0.0248921 0.043753 0.0721976 0.0515517 0.0229629 0.00961062 0.0092705 0.00855795 0.0109695 0.0156618 0.0226555 0.0184834 0.0144272 0.0112938 0.180353 0.0333746 0.0178331 0.0391124 0.00585786 0.004676 0.00379409 0.00382536 0.0037765 0.0037893 0 0.00376129 0.00375353 0.00377695 0.0101494 0.0265912 0.0526511 0.0764074 0.0473141 0.0716903 0.0191105 0.0122773 0.00947647 0.00877214 0.00893166 0.0113267 0.0192044 0.0129129 0.0144019 0.0356151 0.114782 0.0649438 0.12932 0.0261039 0.0466837 0.0170959 0.0290868 0.0123592 0.0202413 0.0115509 0.0119095 0.00899855 0.00990971 0.0195178 0.0670245 0.0909781 0.0377617 0.0368102 0.0180405 0.0155935 0.0156142 0.0135058 0.017221 0.00899276 0.00865408 0.00862548 0.00891788 0.00893854 0.00887122 0.0105149 
0.0116726 0.0214733 0.0396115 0.0579475 0.0310501 0.0156821 0.0117721 0.00892378 0.00940069 0.0105534 0.0131809 0.0191448 0.0198472 0.0141809 0.0151702 0.0364602 0.0240444 0.025979 0.00769764 0.00725409 0.00546137 0.0038203 0.00382096 0.00377919 0.00376578 0.00376129 0 0.00377744 0.00375593 0.0118287 0.0396093 0.0898473 0.0421533 0.0676483 0.0356405 0.0231902 0.0104675 0.00932452 0.00908172 0.00893708 0.0104763 0.0182313 0.012223 0.0117814 0.0371145 0.061818 0.0991974 0.0357195 0.0536537 0.0178687 0.0275935 0.0129676 0.0146887 0.0123995 0.0137247 0.00918011 0.00917474 0.00912773 0.0192203 0.05113 0.0631609 0.0343496 0.020642 0.0194687 0.0120967 0.0121896 0.015052 0.00988503 0.00936632 0.00841677 0.00844495 0.00861812 0.00923031 0.00857404 0.00964568 
0.0117322 0.0150648 0.0301053 0.0187504 0.0129103 0.0123099 0.0111754 0.00866004 0.0119464 0.0129006 0.00988138 0.0135831 0.0148758 0.0249704 0.0112002 0.0305636 0.0181381 0.00839674 0.00739294 0.0066744 0.00558638 0.00383693 0.00387308 0.00380054 0.00380155 0.00375353 0.00377744 0 0.00387677 0.0163697 0.0665912 0.0289766 0.0197481 0.0146205 0.0193938 0.0256058 0.0116328 0.00921799 0.0103742 0.00882351 0.0103205 0.0232415 0.0125756 0.0122425 0.0210673 0.0243098 0.0165103 0.0257084 0.0107347 0.0147448 0.00926614 0.00998586 0.00899403 0.00924916 0.00889618 0.0100483 0.00854717 0.00958808 0.0136936 0.0140458 0.0163418 0.0126576 0.0105839 0.00931555 0.0088243 0.0091973 0.00879847 0.00906001 0.00853785 0.00831963 0.00865857 0.00846324 0.00926692 0.00883438 0.00863766 
0.0173283 0.0186622 0.0112315 0.0101942 0.00977816 0.00933246 0.0087471 0.00941365 0.0165113 0.00907141 0.0085889 0.0106573 0.0102775 0.0109157 0.0157194 0.0284441 0.00790409 0.00747161 0.00632558 0.00639703 0.00558214 0.00432866 0.00388377 0.00382618 0.00378749 0.00377695 0.00375593 0.00387677 0 0.0414446 0.0193233 0.0176838 0.0118976 0.0102298 0.0104652 0.0129974 0.0177428 0.0131195 0.00848075 0.00926689 0.0129576 0.0106155 0.0128909 0.0173112 0.0113826 0.0101408 0.01038 0.0093156 0.00993287 0.00910961 0.00857747 0.00876854 0.00833149 0.00839087 0.00842565 0.00849208 0.00903252 0.0128103 0.00902109 0.00899947 0.00951671 0.00886659 0.00870654 0.00863578 0.0084486 0.00825932 0.00832843 0.00850487 0.00830202 0.00847135 0.0105093 0.00981524 0.0109192 0.00866592 0.00855773 
0.0139713 0.0127625 0.0124915 0.0101972 0.0100363 0.00932887 0.00968163 0.0142739 0.00966615 0.00903798 0.00946917 0.00936899 0.0106444 0.010186 0.0163989 0.013028 0.00967481 0.00959358 0.00906046 0.00996832 0.0160796 0.0111253 0.0117889 0.0107886 0.0105289 0.0101494 0.0118287 0.0163697 0.0414446 0 0.00402148 0.00379348 0.00375782 0.00385818 0.00380201 0.0039651 0.00675438 0.0143004 0.00875997 0.01784 0.0117461 0.0101562 0.0223008 0.0120694 0.0119372 0.0105917 0.0107415 0.0104042 0.0104754 0.00928594 0.0248391 0.00896202 0.00871192 0.00847978 0.00910527 0.00869656 0.0121823 0.00995789 0.00915657 0.00963783 0.00941072 0.00936285 0.00879763 0.009481 0.00869353 0.00840488 0.00877088 0.00839685 0.0088616 0.0119371 0.0105874 0.0146038 0.00916643 0.00875668 0.010631 
0.0103934 0.0160235 0.0357359 0.0276812 0.0134161 0.0136855 0.010359 0.0124546 0.00919915 0.0109608 0.0108612 0.017097 0.0162243 0.0174419 0.0123077 0.0116509 0.0248373 0.0113054 0.015921 0.0120103 0.0119247 0.012865 0.0203637 0.0263039 0.0212225 0.0265912 0.0396093 0.0665912 0.0193233 0.00402148 0 0.00376642 0.00379578 0.00382048 0.00456174 0.00438154 0.0043118 0.015399 0.0127648 0.00935888 0.0111375 0.0227902 0.0105065 0.0178488 0.0265527 0.0390005 0.0209211 0.0240337 0.0106921 0.0685747 0.00954946 0.0148224 0.00889465 0.0107773 0.00877998 0.0128098 0.00884403 0.00983103 0.0136174 0.0189195 0.0217167 0.0119208 0.0135298 0.0101754 0.0099145 0.00918932 0.00885632 0.00989492 0.00886297 0.00964619 0.00875229 0.0090039 0.0089793 0.00902716 0.00906626 
0.0106868 0.0257691 0.0453283 0.0412006 0.0486001 0.0137273 0.0245596 0.00904123 0.00912784 0.0115572 0.0194827 0.0295526 0.0355395 0.0225835 0.0123687 0.012971 0.0151336 0.0475737 0.01337 0.0173423 0.00925654 0.00958417 0.0201698 0.0240263 0.0520193 0.0526511 0.0898473 0.0289766 0.0176838 0.00379348 0.00376642 0 0.00376217 0.00376902 0.00376815 0.0037761 0.00395083 0.0152717 0.0106866 0.00992767 0.0116284 0.0151482 0.0126694 0.0118718 0.04378 0.0451989 0.0933795 0.0213022 0.167369 0.0122627 0.038953 0.0105218 0.0211603 0.0106206 0.0176343 0.00910875 0.0104787 0.00926626 0.0201902 0.04197 0.0537535 0.0371176 0.0180728 0.026243 0.0102143 0.0126684 0.0174888 0.0100214 0.0128404 0.00849239 0.00861551 0.00906105 0.00956023 0.00864716 0.00982711 
0.0109997 0.0184841 0.0443837 0.0960664 0.018797 0.0695149 0.00941234 0.00967798 0.00868392 0.0118965 0.0202736 0.0367529 0.0427861 0.0191764 0.0143725 0.0111744 0.0298298 0.0158202 0.0452193 0.00971603 0.0103524 0.0124081 0.0119061 0.0645155 0.0502095 0.0764074 0.0421533 0.0197481 0.0118976 0.00375782 0.00379578 0.00376217 0 0.00377848 0.00382854 0.0037865 0.00382146 0.0155831 0.012122 0.00961408 0.0109887 0.0164227 0.0141191 0.0135269 0.0318113 0.101864 0.0319075 0.279763 0.0126479 0.0670976 0.0104108 0.0482766 0.00992188 0.0224405 0.00957183 0.0168576 0.0087385 0.00987952 0.0169684 0.0607303 0.060896 0.0324236 0.0458559 0.0119614 0.0211853 0.0143578 0.0105042 0.0251836 0.00847914 0.00960028 0.00856689 0.00868819 0.00880018 0.00920165 0.0093872 
0.0101737 0.0325514 0.0514105 0.0444406 0.110573 0.0133043 0.013735 0.00881477 0.00956408 0.0114045 0.0223131 0.0390701 0.0435806 0.0184422 0.0120207 0.013273 0.0153625 0.0681211 0.0127324 0.0170103 0.00956437 0.00988159 0.0320179 0.0332829 0.0810802 0.0473141 0.0676483 0.0146205 0.0102298 0.00385818 0.00382048 0.00376902 0.00377848 0 0.00376091 0.00380341 0.00379748 0.0149075 0.0116002 0.0113417 0.0123921 0.0165828 0.0120439 0.0128566 0.042228 0.0458911 0.292421 0.0211647 0.102707 0.0113119 0.0602838 0.0105339 0.0238705 0.0111341 0.0198954 0.00891808 0.0102386 0.00964147 0.0222512 0.0530286 0.0928074 0.0440011 0.0156539 0.0368298 0.0113827 0.0150513 0.0238487 0.00952489 0.0127093 0.00852919 0.00879185 0.00897374 0.0102456 0.00876697 0.0100704 
0.0106841 0.0217291 0.0410397 0.113131 0.024917 0.031758 0.00964147 0.00924379 0.008794 0.0134366 0.0243706 0.0367959 0.0422529 0.021129 0.0129026 0.0117548 0.0259246 0.022688 0.0418768 0.0102759 0.00975604 0.0118071 0.0270343 0.0820837 0.0298908 0.0716903 0.0356405 0.0193938 0.0104652 0.00380201 0.00456174 0.00376815 0.00382854 0.00376091 0 0.00376162 0.00376608 0.0246023 0.015776 0.0124221 0.0110358 0.0176925 0.0150006 0.0123833 0.026681 0.202912 0.0430593 0.0948028 0.0159797 0.0549405 0.0120737 0.0324085 0.0110768 0.0186257 0.0102781 0.0130561 0.00907345 0.0096577 0.0164257 0.0643447 0.0674285 0.0302841 0.034529 0.0139341 0.0176328 0.0150118 0.0110299 0.0170309 0.00891868 0.00869818 0.00863585 0.00868378 0.00888768 0.0101708 0.0099391 
0.0107656 0.0129531 0.0415398 0.0200979 0.0158265 0.0106734 0.0115293 0.00872131 0.00971307 0.0114961 0.0115616 0.0162371 0.0174967 0.0311986 0.0159519 0.0132865 0.016069 0.0179462 0.0127964 0.0149582 0.0099534 0.0157994 0.0375273 0.0172955 0.0349327 0.0191105 0.0231902 0.0256058 0.0129974 0.0039651 0.00438154 0.0037761 0.0037865 0.00380341 0.00376162 0 0.00379624 0.0144817 0.0374807 0.0183147 0.0116816 0.0431966 0.0154145 0.0125139 0.0788712 0.0193081 0.0269586 0.0159769 0.0190412 0.0111164 0.0127994 0.011385 0.00974027 0.00945792 0.00964981 0.0110885 0.00925805 0.0100541 0.0187545 0.0210151 0.0229761 0.0198271 0.0119577 0.0109584 0.0102212 0.00922447 0.00939594 0.00907843 0.00946712 0.00856262 0.00915666 0.00880037 0.00983191 0.0098932 0.00901274 
0.0169622 0.0252906 0.0116551 0.0103271 0.0106024 0.0093311 0.00885097 0.00999424 0.0154084 0.00923677 0.00983745 0.00978779 0.0107568 0.0134154 0.0181612 0.0233735 0.0101394 0.0104937 0.0100936 0.00964554 0.0114293 0.0258156 0.012074 0.0134692 0.0122395 0.0122773 0.0104675 0.0116328 0.0177428 0.00675438 0.0043118 0.00395083 0.00382146 0.00379748 0.00376608 0.00379624 0 0.0154545 0.0108539 0.0997844 0.016957 0.0141636 0.0454898 0.0496249 0.0116726 0.0119663 0.0125045 0.0111353 0.0103757 0.0098193 0.00951239 0.0089282 0.00885448 0.00870015 0.0087878 0.00870819 0.0117669 0.016306 0.0105213 0.00998534 0.0122288 0.0100128 0.00917483 0.00943395 0.00865013 0.00854329 0.00871964 0.00878152 0.00866509 0.00898106 0.0138807 0.012054 0.0139754 0.00909112 0.00918648 
0.00922838 0.00900552 0.0090188 0.00853112 0.00846164 0.00841101 0.00840918 0.00944221 0.00862922 0.00837256 0.00842902 0.00853344 0.00852491 0.00850187 0.0119282 0.00940547 0.00882383 0.00873189 0.0085928 0.00870083 0.0138753 0.0109514 0.0089908 0.010322 0.00935064 0.00947647 0.00932452 0.00921799 0.0131195 0.0143004 0.015399 0.0152717 0.0155831 0.0149075 0.0246023 0.0144817 0.0154545 0 0.00436862 0.00393499 0.00896102 0.0090338 0.95538 0.00831552 0.00869857 0.0101678 0.0104331 0.00910092 0.00874217 0.0226612 0.00956086 0.010371 0.00867669 0.00848844 0.00849888 0.0096339 0.0143015 0.010911 0.00931733 0.0096482 0.00933399 0.009143 0.0091084 0.00887049 0.00978098 0.00854808 0.00862406 0.010358 0.00903764 0.0192624 0.0129491 0.0143904 0.00991935 0.00930297 0.011957 
0.00829304 0.00830348 0.00884407 0.00832917 0.00827451 0.00817435 0.00848856 0.00812836 0.00815837 0.00841373 0.0082377 0.00869803 0.00836942 0.00927789 0.00833206 0.00854231 0.00918979 0.00848121 0.00833633 0.0091262 0.00835276 0.00852358 0.0103254 0.00877923 0.00905146 0.00877214 0.00908172 0.0103742 0.00848075 0.00875997 0.0127648 0.0106866 0.012122 0.0116002 0.015776 0.0374807 0.0108539 0.00436862 0 0.00376197 0.00637334 0.909936 0.00685328 0.00750795 0.0112842 0.00850328 0.00916324 0.00839655 0.0095876 0.00805415 0.00824361 0.00825341 0.00798219 0.00795204 0.00830375 0.0095969 0.00812333 0.00877093 0.00975867 0.00880385 0.0093021 0.00864025 0.00840604 0.00855976 0.00861834 0.00834676 0.00848774 0.00868604 0.00973707 0.00842719 0.00911695 0.00906777 0.00885946 0.0100745 0.00848057 
0.010542 0.011897 0.00849636 0.00841698 0.00850784 0.00834704 0.00830182 0.00834404 0.00977435 0.00830801 0.00827181 0.00845362 0.00848577 0.00876725 0.00945191 0.0133779 0.00866884 0.00858699 0.00846219 0.00860565 0.0088485 0.012827 0.00894614 0.00903973 0.0090667 0.00893166 0.00893708 0.00882351 0.00926689 0.01784 0.00935888 0.00992767 0.00961408 0.0113417 0.0124221 0.0183147 0.0997844 0.00393499 0.00376197 0 0.93887 0.00499831 0.00557381 0.0164254 0.00883814 0.00828782 0.0122104 0.0112536 0.00872786 0.00770549 0.00883627 0.00766108 0.00828914 0.00784294 0.00817017 0.00807014 0.010189 0.0144496 0.00950054 0.0090077 0.00929282 0.00899899 0.00848362 0.00904684 0.0084205 0.00838028 0.00874565 0.00853413 0.00892517 0.0091181 0.0137538 0.0123075 0.0191524 0.00866442 0.00934757 
0.00948467 0.0109407 0.00975358 0.00935333 0.00893375 0.00840237 0.00864303 0.00968681 0.0087855 0.00841641 0.00869259 0.00909996 0.0090168 0.00893268 0.0116734 0.010699 0.00900434 0.00942213 0.00881055 0.00921316 0.0126618 0.011222 0.0100128 0.0114527 0.0114452 0.0113267 0.0104763 0.0103205 0.0129576 0.0117461 0.0111375 0.0116284 0.0109887 0.0123921 0.0110358 0.0116816 0.016957 0.00896102 0.00637334 0.93887 0 0.00380828 0.00386677 0.00553474 0.00871945 0.016862 0.0514101 0.00758605 0.00766265 0.00653375 0.00910769 0.00727154 0.00978667 0.00748452 0.00815993 0.00860735 0.0165479 0.0126671 0.0101279 0.0106694 0.0108084 0.010035 0.00900253 0.0103114 0.00895783 0.00878964 0.00905259 0.00914807 0.0103883 0.0139659 0.017795 0.0197195 0.0148726 0.0100234 0.0142412 
0.00966489 0.0111206 0.0174136 0.0132087 0.0102513 0.00969255 0.00937084 0.00842848 0.00850177 0.00923877 0.00946176 0.0114711 0.0124331 0.0154532 0.0109838 0.0110372 0.0169493 0.0116557 0.0104917 0.0112179 0.0094225 0.0105754 0.0225971 0.0159881 0.0205146 0.0192044 0.0182313 0.0232415 0.0106155 0.0101562 0.0227902 0.0151482 0.0164227 0.0165828 0.0176925 0.0431966 0.0141636 0.0090338 0.909936 0.00499831 0.00380828 0 0.00396709 0.00588278 0.0264596 0.0363175 0.00811265 0.0089169 0.00666843 0.00807495 0.0073521 0.00818024 0.00715121 0.00767201 0.00796346 0.0156026 0.00916685 0.0106646 0.0242836 0.0155363 0.0174926 0.0132319 0.0114094 0.0102207 0.00949716 0.00921808 0.00909748 0.009191 0.0131167 0.0103295 0.0120805 0.012125 0.0103321 0.022812 0.01126 
0.0109822 0.0166098 0.0102052 0.0110459 0.00960511 0.00902266 0.008639 0.00906918 0.0096642 0.00858803 0.00887705 0.00988217 0.0105721 0.0104775 0.0156117 0.0170682 0.00987337 0.00981786 0.00963841 0.00985749 0.00990344 0.0172925 0.00997251 0.0127443 0.0126332 0.0129129 0.012223 0.0125756 0.0128909 0.0223008 0.0105065 0.0126694 0.0141191 0.0120439 0.0150006 0.0154145 0.0454898 0.95538 0.00685328 0.00557381 0.00386677 0.00396709 0 0.0518229 0.0242255 0.00485663 0.00550745 0.00584962 0.00636135 0.00737418 0.00718633 0.00729744 0.00706916 0.00785232 0.0072505 0.00885294 0.0101536 0.0171066 0.0105817 0.0123756 0.0144948 0.0118247 0.0109309 0.00951803 0.00940783 0.00873251 0.00895287 0.00952627 0.0091659 0.0132637 0.0173945 0.0147111 0.0232335 0.0117887 0.015613 
0.0105568 0.0111363 0.011833 0.00995812 0.00973364 0.00865096 0.00914632 0.0108072 0.0088647 0.00860416 0.00902833 0.0095478 0.00960955 0.00965811 0.0166739 0.01227 0.0100692 0.0100535 0.00936498 0.00983807 0.01781 0.0122205 0.0113449 0.0127771 0.0119707 0.0144019 0.0117814 0.0122425 0.0173112 0.0120694 0.0178488 0.0118718 0.0135269 0.0128566 0.0123833 0.0125139 0.0496249 0.00831552 0.00750795 0.0164254 0.00553474 0.00588278 0.0518229 0 0.00381867 0.00377831 0.00381817 0.00387462 0.0039884 0.00398536 0.00449167 0.00513895 0.00622287 0.00597749 0.00671756 0.00678213 0.015669 0.0109593 0.0119872 0.00953462 0.0125759 0.0108679 0.0095735 0.0123162 0.00919969 0.00960612 0.00989103 0.00933257 0.0118572 0.0196345 0.020511 0.025728 0.0188395 0.011017 0.0211347 
0.00935099 0.013784 0.0235141 0.0218907 0.0144309 0.0111946 0.00916196 0.00851959 0.00842469 0.00987241 0.0117754 0.0182236 0.0177939 0.0141253 0.011734 0.0126656 0.0210935 0.0203051 0.0141447 0.0124751 0.0103994 0.011215 0.0314951 0.0265581 0.0476251 0.0356151 0.0371145 0.0210673 0.0113826 0.0119372 0.0265527 0.04378 0.0318113 0.042228 0.026681 0.0788712 0.0116726 0.00869857 0.0112842 0.00883814 0.00871945 0.0264596 0.0242255 0.00381867 0 0.00379213 0.00382408 0.00379486 0.0038466 0.00390874 0.00387553 0.00481734 0.0049333 0.00596048 0.0064258 0.0147882 0.00759965 0.010567 0.0142566 0.0219883 0.0213665 0.0164554 0.0152817 0.011188 0.0149569 0.0107086 0.0115599 0.0154053 0.0146045 0.0429888 0.0150631 0.0120113 0.0115775 0.0222172 0.0153633 
0.0092517 0.0199276 0.0368337 0.0495309 0.0241132 0.0198927 0.00962339 0.00865852 0.00844839 0.0103982 0.0217356 0.0348584 0.0395627 0.0166888 0.0112547 0.0121412 0.0255655 0.0301269 0.0429361 0.010738 0.0103789 0.0105611 0.0214587 0.0898334 0.0686091 0.114782 0.061818 0.0243098 0.0101408 0.0105917 0.0390005 0.0451989 0.101864 0.0458911 0.202912 0.0193081 0.0119663 0.0101678 0.00850328 0.00828782 0.016862 0.0363175 0.00485663 0.00377831 0.00379213 0 0.00377209 0.00376131 0.00376819 0.00391808 0.0039318 0.00428676 0.00426326 0.00740103 0.00861811 0.00733127 0.00762234 0.00963092 0.0147676 0.0242365 0.0329387 0.021589 0.0179688 0.018504 0.0126623 0.0166676 0.0149558 0.0293684 0.0510826 0.161838 0.0103041 0.00984538 0.0132667 0.0117868 0.0187833 
0.00944304 0.0191573 0.0317611 0.0363823 0.0365057 0.0125519 0.0107879 0.00847951 0.00849225 0.00985328 0.0207439 0.0376275 0.0390392 0.0166581 0.011919 0.0117469 0.0177863 0.0776288 0.0184308 0.0170239 0.00917695 0.00955283 0.0334571 0.0390741 0.126976 0.0649438 0.0991974 0.0165103 0.01038 0.0107415 0.0209211 0.0933795 0.0319075 0.292421 0.0430593 0.0269586 0.0125045 0.0104331 0.00916324 0.0122104 0.0514101 0.00811265 0.00550745 0.00381817 0.00382408 0.00377209 0 0.00376295 0.00375792 0.00376303 0.00397587 0.00391287 0.00575438 0.00458527 0.00754431 0.00655988 0.0103921 0.00911521 0.0120149 0.0246348 0.0403515 0.0241398 0.0144404 0.0225727 0.0110589 0.0152742 0.0377601 0.0395782 0.392848 0.0126902 0.0109481 0.0109297 0.0147822 0.0116066 0.0162755 
0.00911114 0.0179667 0.0248555 0.0591465 0.0149808 0.0250315 0.00874425 0.0087469 0.00833013 0.01018 0.0182816 0.030556 0.0323702 0.0160348 0.0105922 0.00986256 0.0369043 0.0175992 0.0487441 0.00917356 0.00958019 0.0100785 0.0147538 0.112701 0.0472906 0.12932 0.0357195 0.0257084 0.0093156 0.0104042 0.0240337 0.0213022 0.279763 0.0211647 0.0948028 0.0159769 0.0111353 0.00910092 0.00839655 0.0112536 0.00758605 0.0089169 0.00584962 0.00387462 0.00379486 0.00376131 0.00376295 0 0.00374466 0.00379187 0.00377328 0.00402174 0.0047503 0.00429864 0.00439831 0.00670422 0.00497513 0.00727262 0.00894919 0.0241879 0.019972 0.0158678 0.0216277 0.00952444 0.0232014 0.0147332 0.0351664 0.433885 0.0094283 0.010867 0.0100837 0.0100136 0.00956642 0.0144097 0.0132146 
0.00893181 0.0135221 0.0175592 0.0173399 0.0283267 0.00947031 0.0107398 0.00835318 0.00869478 0.00965148 0.0137233 0.0191856 0.0232531 0.01201 0.0104346 0.0118855 0.011113 0.0489088 0.0102424 0.0136561 0.00870404 0.00887335 0.0268608 0.0186519 0.083827 0.0261039 0.0536537 0.0107347 0.00993287 0.0104754 0.0106921 0.167369 0.0126479 0.102707 0.0159797 0.0190412 0.0103757 0.00874217 0.0095876 0.00872786 0.00766265 0.00666843 0.00636135 0.0039884 0.0038466 0.00376819 0.00375792 0.00374466 0 0.00372415 0.00380805 0.00376697 0.00388921 0.00379433 0.00495569 0.00395039 0.00556814 0.00738914 0.012379 0.0136408 0.0174212 0.0123098 0.00838708 0.0255372 0.00942065 0.134352 0.392816 0.00822534 0.0203023 0.00835961 0.00951326 0.0102935 0.0137067 0.00881341 0.0155793 
0.0089716 0.0117207 0.01618 0.0255767 0.0103529 0.0178231 0.00828153 0.0089394 0.00856523 0.00910763 0.0121589 0.0167987 0.0158782 0.0108679 0.00972932 0.00938119 0.0181375 0.0105281 0.0277423 0.00850416 0.00933222 0.0107935 0.0104306 0.0593518 0.0178313 0.0466837 0.0178687 0.0147448 0.00910961 0.00928594 0.0685747 0.0122627 0.0670976 0.0113119 0.0549405 0.0111164 0.0098193 0.0226612 0.00805415 0.00770549 0.00653375 0.00807495 0.00737418 0.00398536 0.00390874 0.00391808 0.00376303 0.00379187 0.00372415 0 0.00417122 0.00381022 0.00376179 0.00407856 0.00382006 0.00480181 0.00384002 0.00826794 0.00752151 0.0172028 0.0107894 0.00936081 0.0183226 0.00936505 0.56664 0.0953309 0.00843523 0.0348005 0.00803616 0.0128564 0.0107132 0.0085342 0.00934149 0.0143529 0.011031 
