1IGUB
PDPDKLKKAIVQVEHDERPARLILNRRPPAEGYAWLKYEDDGQEFEANLADVKLVALIEG
CCCCECCCEEEEEEECCEEEEECCCECCCCCCEEEEEECCCCCEEEEEHHHCEEEEEEEC
0 0 0 0 0 0 0 0 0 0 0 0 0 0 0 0 0 0 0 0 0 0 0 0 0 0 0 0 0 0 0 0 0 0 0 0 0 0 0 0 0 0 0 0 0 0 0 0 0 0 0 0 0 0 0 0 0 0 0 0 
0 0 0 0 0 0 0 0 0 0 0 0 0 0 0 0 0 0 0 0 0 0 0 0 0 0 0 0 0 0 0 0 0 0 0 0 0 0 0 0 0 0 0 0 0 0 0 0 0 0 0 0 0 0 0 0 0 0 0 0 
0 0.0178881 0.00565301 0.00392908 0.00441773 0.00411015 0.00638705 0.00794244 0.00743234 0.00787658 0.00729142 0.0114525 0.0116133 0.04309 0.0204105 0.0085463 0.00995575 0.00837673 0.01176 0.0131176 0.0212064 0.0100248 0.0112157 0.00876241 0.0236267 0.0303656 0.00917218 0.0104615 0.00907616 0.00895116 0.00884107 0.0142023 
0.0178881 0 0.00391697 0.00378224 0.00381914 0.0038188 0.00422018 0.00527517 0.00649739 0.00681371 0.00858029 0.0117559 0.0288451 0.0372808 0.044858 0.0171589 0.0121556 0.012743 0.0135968 0.0312888 0.0239823 0.0145828 0.0114199 0.0166327 0.0298214 0.0517424 0.0389227 0.0226034 0.0252724 0.0145541 0.012789 0.0543602 
0.00565301 0.00391697 0 0.00379046 0.0037905 0.00378634 0.0041599 0.00401543 0.0049197 0.00666377 0.00653549 0.0228633 0.0335227 0.0211481 0.0143466 0.0231594 0.0198091 0.0121164 0.0267233 0.0103012 0.0105214 0.0135757 0.015353 0.0207245 0.0118895 0.0179459 0.045494 0.0438713 0.0595195 0.0343213 0.0417605 0.0203834 
0.00392908 0.00378224 0.00379046 0 0.00376567 0.00383167 0.00377303 0.00403607 0.00478783 0.00506268 0.0143308 0.0146838 0.495396 0.00793711 0.00868985 0.0289977 0.0122264 0.0583867 0.00937416 0.0127372 0.00921421 0.0229858 0.0111662 0.0214393 0.010618 0.0113537 0.0601943 0.0497118 0.0877519 0.10375 0.0212484 0.0217717 
0.00441773 0.00381914 0.0037905 0.00376567 0 0.00376176 0.0038385 0.00377696 0.00413295 0.0125532 0.00736188 0.94999 0.0214836 0.00684817 0.0137318 0.00884955 0.0693407 0.00905141 0.0332095 0.00852571 0.0157556 0.00871573 0.0504198 0.00891363 0.0170652 0.0215696 0.0116346 0.0634369 0.082912 0.0531775 0.0167085 0.0277365 
0.00411015 0.0038188 0.00378634 0.00383167 0.00376176 0 0.00375128 0.00377778 0.00493587 0.0044982 0.93374 0.00983732 0.0118561 0.00723733 0.00783355 0.0408275 0.00806097 0.0493743 0.00822018 0.028964 0.00826295 0.0371794 0.00859251 0.025736 0.00846839 0.00873964 0.0673902 0.0185627 0.0426076 0.0219275 0.0131589 0.0141956 
0.00638705 0.00422018 0.0041599 0.00377303 0.0038385 0.00375128 0 0.00381148 0.00528899 0.986087 0.00404402 0.0134891 0.00524197 0.00618424 0.0199 0.00800426 0.0229157 0.00811621 0.0342072 0.00800642 0.0252818 0.00829446 0.0263325 0.00822345 0.0140243 0.0207914 0.0100038 0.0182304 0.00986646 0.0107902 0.0133729 0.0204835 
0.00794244 0.00527517 0.00401543 0.00403607 0.00377696 0.00377778 0.00381148 0 0.996273 0.00407064 0.00471649 0.00385677 0.00521582 0.0103234 0.00887796 0.0119861 0.00769393 0.0118923 0.0076618 0.0198788 0.00990556 0.0166484 0.00822642 0.0135321 0.0092725 0.0126162 0.0184295 0.00862709 0.00978757 0.00930595 0.00910858 0.0163509 
0.00743234 0.00649739 0.0049197 0.00478783 0.00413295 0.00493587 0.00528899 0.996273 0 0.0038296 0.00376631 0.00400807 0.00436934 0.00660484 0.00690943 0.00681351 0.00885527 0.0110915 0.0102661 0.0401291 0.0107527 0.00851063 0.011304 0.00947619 0.0163586 0.0138789 0.00935205 0.00942417 0.00956097 0.00879195 0.00883586 0.022706 
0.00787658 0.00681371 0.00666377 0.00506268 0.0125532 0.0044982 0.986087 0.00407064 0.0038296 0 0.00375099 0.00396641 0.00376503 0.00579912 0.00692125 0.00750871 0.0266947 0.0080083 0.0408675 0.00968879 0.00929045 0.00837361 0.00975019 0.00898904 0.0111982 0.0117869 0.00905419 0.0116209 0.00974968 0.00892047 0.00948336 0.0121626 
0.00729142 0.00858029 0.00653549 0.0143308 0.00736188 0.93374 0.00404402 0.00471649 0.00376631 0.00375099 0 0.00377058 0.00389256 0.0042159 0.00713835 0.0194888 0.00743136 0.0352974 0.00774515 0.0928002 0.00794744 0.02045 0.00801697 0.0167244 0.00803829 0.00868578 0.0397201 0.00967776 0.0178933 0.0133029 0.00958163 0.0115263 
0.0114525 0.0117559 0.0228633 0.0146838 0.94999 0.00983732 0.0134891 0.00385677 0.00400807 0.00396641 0.00377058 0 0.0037776 0.00815726 0.025893 0.009555 0.0355057 0.0084369 0.175588 0.00771598 0.0212575 0.00826189 0.0239156 0.00841255 0.0162633 0.0289694 0.00956246 0.0287358 0.013275 0.0139609 0.0154228 0.0200042 
0.0116133 0.0288451 0.0335227 0.495396 0.0214836 0.0118561 0.00524197 0.00521582 0.00436934 0.00376503 0.00389256 0.0037776 0 0.032864 0.0147889 0.0245884 0.0135801 0.0734013 0.00797741 0.0240419 0.0100619 0.0214702 0.00875591 0.021805 0.0110566 0.0144853 0.033212 0.0106443 0.0148126 0.0129049 0.0155558 0.0272832 
0.04309 0.0372808 0.0211481 0.00793711 0.00684817 0.00723733 0.00618424 0.0103234 0.00660484 0.00579912 0.0042159 0.00815726 0.032864 0 0.0231921 0.014475 0.00571493 0.00615739 0.00611641 0.016487 0.00941948 0.00946522 0.00759603 0.0111152 0.0120322 0.0205766 0.0131645 0.00862967 0.00897803 0.00885727 0.00904609 0.0144781 
0.0204105 0.044858 0.0143466 0.00868985 0.0137318 0.00783355 0.0199 0.00887796 0.00690943 0.00692125 0.00713835 0.025893 0.0147889 0.0231921 0 0.00747748 0.00379514 0.00372329 0.00471458 0.00441141 0.009568 0.00617818 0.0103847 0.00913402 0.942893 0.0183414 0.00802819 0.0129837 0.00913836 0.0108077 0.0092644 0.0332702 
0.0085463 0.0171589 0.0231594 0.0289977 0.00884955 0.0408275 0.00800426 0.0119861 0.00681351 0.00750871 0.0194888 0.009555 0.0245884 0.014475 0.00747748 0 0.00375046 0.00384048 0.00382625 0.00641808 0.00548969 0.0138269 0.00719371 0.971889 0.0121779 0.00768544 0.0418415 0.00858753 0.0214167 0.0101421 0.0250622 0.0115854 
0.00995575 0.0121556 0.0198091 0.0122264 0.0693407 0.00806097 0.0229157 0.00769393 0.00885527 0.0266947 0.00743136 0.0355057 0.0135801 0.00571493 0.00379514 0.00375046 0 0.00376061 0.00397645 0.00378092 0.00891457 0.00637982 0.981807 0.010385 0.00905395 0.0140947 0.00813775 0.0284757 0.00955024 0.0137935 0.00919098 0.0165557 
0.00837673 0.012743 0.0121164 0.0583867 0.00905141 0.0493743 0.00811621 0.0118923 0.0110915 0.0080083 0.0352974 0.0084369 0.0734013 0.00615739 0.00372329 0.00384048 0.00376061 0 0.00373594 0.00399445 0.00549047 0.967524 0.00789174 0.0219858 0.00510822 0.00753219 0.0346461 0.00842118 0.0203415 0.0108521 0.0145897 0.0113856 
0.01176 0.0135968 0.0267233 0.00937416 0.0332095 0.00822018 0.0342072 0.0076618 0.0102661 0.0408675 0.00774515 0.175588 0.00797741 0.00611641 0.00471458 0.00382625 0.00397645 0.00373594 0 0.0047632 0.964652 0.0100249 0.0261369 0.00487047 0.00847382 0.0218796 0.0079654 0.0179338 0.00898342 0.0142452 0.00982152 0.0218066 
0.0131176 0.0312888 0.0103012 0.0127372 0.00852571 0.028964 0.00800642 0.0198788 0.0401291 0.00968879 0.0928002 0.00771598 0.0240419 0.016487 0.00441141 0.00641808 0.00378092 0.00399445 0.0047632 0 0.0265088 0.0410113 0.00449216 0.00842891 0.00493409 0.00949917 0.0278943 0.00802586 0.0110386 0.00991627 0.0118258 0.0147186 
0.0212064 0.0239823 0.0105214 0.00921421 0.0157556 0.00826295 0.0252818 0.00990556 0.0107527 0.00929045 0.00794744 0.0212575 0.0100619 0.00941948 0.009568 0.00548969 0.00891457 0.00549047 0.964652 0.0265088 0 0.00424816 0.00476995 0.00405809 0.00614982 0.00934932 0.00581607 0.00951974 0.00877789 0.024909 0.0108994 0.0452104 
0.0100248 0.0145828 0.0135757 0.0229858 0.00871573 0.0371794 0.00829446 0.0166484 0.00851063 0.00837361 0.02045 0.00826189 0.0214702 0.00946522 0.00617818 0.0138269 0.00637982 0.967524 0.0100249 0.0410113 0.00424816 0 0.00375157 0.00422321 0.00379246 0.00427648 0.025718 0.00984307 0.0389101 0.0143397 0.0268258 0.0218956 
0.0112157 0.0114199 0.015353 0.0111662 0.0504198 0.00859251 0.0263325 0.00822642 0.011304 0.00975019 0.00801697 0.0239156 0.00875591 0.00759603 0.0103847 0.00719371 0.981807 0.00789174 0.0261369 0.00449216 0.00476995 0.00375157 0 0.00374164 0.00388492 0.0126875 0.00511236 0.0658215 0.0105845 0.00980808 0.00832959 0.00981062 
0.00876241 0.0166327 0.0207245 0.0214393 0.00891363 0.025736 0.00822345 0.0135321 0.00947619 0.00898904 0.0167244 0.00841255 0.021805 0.0111152 0.00913402 0.971889 0.010385 0.0219858 0.00487047 0.00842891 0.00405809 0.00422321 0.00374164 0 0.00374813 0.00445211 0.0648574 0.00612156 0.00902436 0.00679508 0.00673652 0.00836471 
0.0236267 0.0298214 0.0118895 0.010618 0.0170652 0.00846839 0.0140243 0.0092725 0.0163586 0.0111982 0.00803829 0.0162633 0.0110566 0.0120322 0.942893 0.0121779 0.00905395 0.00510822 0.00847382 0.00493409 0.00614982 0.00379246 0.00388492 0.00374813 0 0.056439 0.00427834 0.00486507 0.00410262 0.00438658 0.00475154 0.00951792 
0.0303656 0.0517424 0.0179459 0.0113537 0.0215696 0.00873964 0.0207914 0.0126162 0.0138789 0.0117869 0.00868578 0.0289694 0.0144853 0.0205766 0.0183414 0.00768544 0.0140947 0.00753219 0.0218796 0.00949917 0.00934932 0.00427648 0.0126875 0.00445211 0.056439 0 0.0042441 0.00386572 0.00392171 0.00391879 0.00421229 0.0143243 
0.00917218 0.0389227 0.045494 0.0601943 0.0116346 0.0673902 0.0100038 0.0184295 0.00935205 0.00905419 0.0397201 0.00956246 0.033212 0.0131645 0.00802819 0.0418415 0.00813775 0.0346461 0.0079654 0.0278943 0.00581607 0.025718 0.00511236 0.0648574 0.00427834 0.0042441 0 0.00376529 0.00377651 0.00382946 0.00496268 0.00480109 
0.0104615 0.0226034 0.0438713 0.0497118 0.0634369 0.0185627 0.0182304 0.00862709 0.00942417 0.0116209 0.00967776 0.0287358 0.0106443 0.00862967 0.0129837 0.00858753 0.0284757 0.00842118 0.0179338 0.00802586 0.00951974 0.00984307 0.0658215 0.00612156 0.00486507 0.00386572 0.00376529 0 0.00377461 0.00384148 0.00380161 0.00387354 
0.00907616 0.0252724 0.0595195 0.0877519 0.082912 0.0426076 0.00986646 0.00978757 0.00956097 0.00974968 0.0178933 0.013275 0.0148126 0.00897803 0.00913836 0.0214167 0.00955024 0.0203415 0.00898342 0.0110386 0.00877789 0.0389101 0.0105845 0.00902436 0.00410262 0.00392171 0.00377651 0.00377461 0 0.00385245 0.00376592 0.00412809 
0.00895116 0.0145541 0.0343213 0.10375 0.0531775 0.0219275 0.0107902 0.00930595 0.00879195 0.00892047 0.0133029 0.0139609 0.0129049 0.00885727 0.0108077 0.0101421 0.0137935 0.0108521 0.0142452 0.00991627 0.024909 0.0143397 0.00980808 0.00679508 0.00438658 0.00391879 0.00382946 0.00384148 0.00385245 0 0.00378234 0.00372634 
0.00884107 0.012789 0.0417605 0.0212484 0.0167085 0.0131589 0.0133729 0.00910858 0.00883586 0.00948336 0.00958163 0.0154228 0.0155558 0.00904609 0.0092644 0.0250622 0.00919098 0.0145897 0.00982152 0.0118258 0.0108994 0.0268258 0.00832959 0.00673652 0.00475154 0.00421229 0.00496268 0.00380161 0.00376592 0.00378234 0 0.0039859 
0.0142023 0.0543602 0.0203834 0.0217717 0.0277365 0.0141956 0.0204835 0.0163509 0.022706 0.0121626 0.0115263 0.0200042 0.0272832 0.0144781 0.0332702 0.0115854 0.0165557 0.0113856 0.0218066 0.0147186 0.0452104 0.0218956 0.00981062 0.00836471 0.00951792 0.0143243 0.00480109 0.00387354 0.00412809 0.00372634 0.0039859 0 
