1IN0A
PSFDIVSEITLHEVRNAVENANRVLSTRYDFRGVEAVIELNEKNETIKITTESDFQLEQLIEILIGSCIKRGIEHSSLDIPAESEHHGKLYSKEIKLKQGIETEMAKKITKLVKDSKIKVQTQIQGEQVRVTGKSRDDLQAVIQLVKSAELGQPFQFNNFRD
CEEEEECCCCHHHHHHHHHHHHHHHCCEHHHCCCCEEEEEECCCCEEEEEECCHHHHHHHHHHHHHHHHHCCCCHHHEECCCCCEEECCEEEEEEEECCCCCHHHHHHHHHHHHHHCCCEEEEEECCEEEEEECCHHHHHHHHHHHHHCCCCCCCEEEEEEC
0 0 0 0 0 0 0 0 0 0 0 0 0 0 0 0 0 0 0 0 0 0 0 0 0 0 0 0 0 0 0 0 0 0 0 0 0 0 0 0 0 0 0 0 0 0 0 0 0 0 0 0 0 0 0 0 0 0 0 0 0 0 0 0 0 0 0 0 0 0 0 0 0 0 0 0 0 0 0 0 0 0 0 0 0 0 0 0 0 0 0 0 0 0 0 0 0 0 0 0 0 0 0 0 0 0 0 0 0 0 0 0 0 0 0 0 0 0 0 0 0 0 0 0 0 0 0 0 0 0 0 0 0 0 0 0 0 0 0 0 0 0 0 0 0 0 0 0 0 0 0 0 0 0 0 0 0 0 0 0 0 0 
0 0 0 0 0 0 0 0 0 0 0 0 0 0 0 0 0 0 0 0 0 0 0 0 0 0 0 0 0 0 0 0 0 0 0 0 0 0 0 0 0 0 0 0 0 0 0 0 0 0 0 0 0 0 0 0 0 0 0 0 0 0 0 0 0 0 0 0 0 0 0 0 0 0 0 0 0 0 0 0 0 0 0 0 0 0 0 0 0 0 0 0 0 0 0 0 0 0 0 0 0 0 0 0 0 0 0 0 0 0 0 0 0 0 0 0 0 0 0 0 0 0 0 0 0 0 0 0 0 0 0 0 0 0 0 0 0 0 0 0 0 0 0 0 0 0 0 0 0 0 0 0 0 0 0 0 0 0 0 0 0 0 
0 0.00392987 0.00389922 0.0038778 0.00598327 0.0696045 0.0274493 0.0560978 0.0129578 0.0528152 0.0110373 0.0404615 0.0313175 0.014943 0.0434985 0.0141717 0.0445185 0.0294828 0.00925214 0.0100813 0.00913327 0.0084103 0.0103676 0.00936595 0.0101073 0.011694 0.00996335 0.0167154 0.00989701 0.0181577 0.0133249 0.00979127 0.00875093 0.00848846 0.00846635 0.00835902 0.00916735 0.00906865 0.00877839 0.0120605 0.0100213 0.018603 0.0104365 0.00873738 0.00835178 0.00841958 0.00825643 0.00828569 0.0105162 
0.00392987 0 0.00385095 0.00380068 0.00385893 0.0120169 0.0937124 0.0116284 0.0978184 0.00954216 0.0528209 0.0089495 0.0109954 0.0869726 0.0111096 0.104044 0.0150205 0.017376 0.0103896 0.00829258 0.00843172 0.00937657 0.0082328 0.00943906 0.00959117 0.00957612 0.0164531 0.00878586 0.0255665 0.00919534 0.0109231 0.0101263 0.00824043 0.00912047 0.00838444 0.00868998 0.00820156 0.00827701 0.0119269 0.0089435 0.0149182 0.00849902 0.00912289 0.00815908 0.00974289 0.00834219 0.00822649 0.00849698 0.00829971 
0.00389922 0.00385095 0 0.00376908 0.00377652 0.0099209 0.0107815 0.0862248 0.0134777 0.143952 0.00903588 0.00979429 0.0140819 0.010782 0.189666 0.0196923 0.0394056 0.0115628 0.00860068 0.00868657 0.00864579 0.0083085 0.00851164 0.00852654 0.0124372 0.0158369 0.0123439 0.0343171 0.0101351 0.0166901 0.00929895 0.00838535 0.00895919 0.00866639 0.00988775 0.00830016 0.0083377 0.00852723 0.00924288 0.0227859 0.00989622 0.00999777 0.00854034 0.00871813 0.0087156 0.00877204 0.00853035 0.00829008 0.00854936 
0.0038778 0.00380068 0.00376908 0 0.00378554 0.0107036 0.0239517 0.0147036 0.0556722 0.0148346 0.0489441 0.00894875 0.0106309 0.0461809 0.0162695 0.0556857 0.0262 0.017876 0.0103914 0.00895924 0.0086268 0.00892241 0.00842248 0.00948701 0.0117224 0.0109666 0.0164051 0.00998177 0.0144444 0.0110164 0.0106552 0.00930827 0.00854916 0.00914945 0.00860761 0.00860089 0.00821848 0.00888951 0.0111881 0.0105551 0.0125904 0.00869493 0.00859976 0.0083638 0.00854344 0.0086253 0.0084497 0.00832723 0.0083334 
0.00598327 0.00385893 0.00377652 0.00378554 0 0.0298377 0.0238504 0.0171332 0.012052 0.0150244 0.0153976 0.0358704 0.0278029 0.013135 0.013955 0.0120541 0.0164975 0.0252706 0.0136707 0.00967558 0.0108087 0.00827787 0.00880553 0.0130922 0.00889081 0.00874262 0.0086021 0.00901098 0.00860671 0.00905019 0.0109905 0.0103651 0.00842959 0.0082977 0.00825666 0.00822183 0.00842454 0.0107491 0.00874443 0.00895512 0.00870727 0.00849251 0.00884122 0.00879353 0.00825236 0.00829666 0.00817331 0.00817037 0.00830382 
0.0696045 0.0120169 0.0099209 0.0107036 0.0298377 0 0.0192642 0.00578095 0.00542499 0.00537379 0.0060285 0.00922083 0.0110554 0.0101934 0.0078304 0.00773706 0.00955809 0.019027 0.0240992 0.0123843 0.0121044 0.0085395 0.0101634 0.0148929 0.00894664 0.00839673 0.00841977 0.00852963 0.00866147 0.00891515 0.0116039 0.0125766 0.00835339 0.00814901 0.00826462 0.00820873 0.00955781 0.0100098 0.00842998 0.00832969 0.00819287 0.00869713 0.0112767 0.00973707 0.00824961 0.00810792 0.0081287 0.00816888 0.00881138 
0.0274493 0.0937124 0.0107815 0.0239517 0.0238504 0.0192642 0 0.00383242 0.00431168 0.00381464 0.00601519 0.00462253 0.00687646 0.0142905 0.00745964 0.0153306 0.0138209 0.958815 0.0153217 0.00980402 0.0101412 0.00902169 0.0109646 0.017507 0.00936566 0.00931889 0.0136543 0.00859217 0.0294208 0.00893663 0.0400918 0.0194125 0.00819323 0.00985894 0.00816792 0.00951243 0.00933932 0.00911824 0.0122268 0.00855085 0.0146317 0.00872008 0.0299696 0.00821999 0.0100677 0.00815902 0.00813868 0.00878168 0.00904425 
0.0560978 0.0116284 0.0862248 0.0147036 0.0171332 0.00578095 0.00383242 0 0.00377057 0.00413918 0.00388219 0.00412006 0.00674463 0.00670372 0.0176639 0.00826929 0.98221 0.013114 0.00871522 0.00937072 0.00968383 0.00863103 0.00901906 0.00882936 0.0112263 0.0106529 0.00849131 0.0349961 0.00841253 0.0471847 0.00850246 0.00830676 0.010244 0.00838733 0.0100994 0.00822686 0.00878162 0.00889961 0.00840129 0.0197896 0.00826954 0.0261003 0.0082589 0.00963836 0.00816941 0.00852905 0.00818521 0.00825586 0.00858404 
0.0129578 0.0978184 0.0134777 0.0556722 0.012052 0.00542499 0.00431168 0.00377057 0 0.00376153 0.00406066 0.0037702 0.00489492 0.01563 0.00810857 0.981635 0.00974828 0.00915518 0.013593 0.00828022 0.00860602 0.00871741 0.0082818 0.012471 0.00909958 0.0097798 0.0387681 0.00849784 0.103822 0.0085036 0.0149862 0.0140104 0.00823826 0.0152773 0.00830778 0.00936071 0.00815282 0.00866827 0.0169233 0.00876042 0.0608811 0.00822061 0.0107723 0.00816946 0.0114536 0.00822263 0.00833642 0.00856971 0.00837643 
0.0528152 0.00954216 0.143952 0.0148346 0.0150244 0.00537379 0.00381464 0.00413918 0.00376153 0 0.00374495 0.00385043 0.00607094 0.007306 0.995053 0.00943293 0.00985646 0.00723534 0.00866703 0.00939873 0.0111033 0.00845621 0.0096029 0.0093285 0.0117983 0.0151247 0.00872908 0.0937123 0.00852655 0.0302693 0.00847564 0.00873006 0.012798 0.00856167 0.0140092 0.0082577 0.00912179 0.00990045 0.00847707 0.0509353 0.0085079 0.015139 0.00825776 0.0106751 0.00825061 0.00946953 0.00843981 0.00814538 0.00905393 
0.0110373 0.0528209 0.00903588 0.0489441 0.0153976 0.0060285 0.00601519 0.00388219 0.00406066 0.00374495 0 0.00386419 0.00590624 0.994238 0.00678488 0.0106207 0.00716393 0.00733357 0.0172758 0.00883732 0.00874649 0.00910043 0.00816252 0.0126217 0.00898533 0.0085219 0.0206601 0.00830334 0.0180768 0.0084102 0.0128767 0.0128822 0.00822152 0.00879612 0.00813989 0.00896489 0.00809867 0.00871798 0.0175783 0.00826796 0.0133383 0.00820236 0.0100816 0.00815994 0.0098654 0.00819095 0.00813736 0.00829523 0.00815842 
0.0404615 0.0089495 0.00979429 0.00894875 0.0358704 0.00922083 0.00462253 0.00412006 0.0037702 0.00385043 0.00386419 0 0.993124 0.00659853 0.00485606 0.00502889 0.0062179 0.0076684 0.0117712 0.0103145 0.0134755 0.00820377 0.00959196 0.0148162 0.00889431 0.00876489 0.00829689 0.00941006 0.00826957 0.00964035 0.00965887 0.0100097 0.00841517 0.00821345 0.00836084 0.0081548 0.00873903 0.014437 0.00857263 0.00898482 0.00822438 0.00877469 0.00856444 0.00956853 0.00818121 0.00822366 0.00818903 0.00816762 0.00834078 
0.0313175 0.0109954 0.0140819 0.0106309 0.0278029 0.0110554 0.00687646 0.00674463 0.00489492 0.00607094 0.00590624 0.993124 0 0.0038914 0.0038361 0.00379281 0.00404254 0.0050523 0.0133225 0.0133536 0.0110907 0.00841566 0.014945 0.0125766 0.00946311 0.00976384 0.00872889 0.0117371 0.00924495 0.0380082 0.0147427 0.0111204 0.00882156 0.00828955 0.00862345 0.00836415 0.0123798 0.00952438 0.00867784 0.0103686 0.00843985 0.0113825 0.012251 0.0100878 0.00820025 0.00829276 0.00813885 0.0082613 0.00927064 
0.014943 0.0869726 0.010782 0.0461809 0.013135 0.0101934 0.0142905 0.00670372 0.01563 0.007306 0.994238 0.00659853 0.0038914 0 0.00384745 0.00379361 0.00381323 0.00411138 0.0344093 0.00869977 0.00908195 0.0106138 0.0088777 0.0149767 0.0100808 0.00984887 0.0240722 0.00861097 0.0953305 0.00882058 0.0184339 0.0167716 0.00829821 0.0122648 0.00824749 0.0120597 0.00854633 0.00869218 0.0173514 0.00865266 0.0270871 0.00881156 0.0173187 0.00824571 0.0117723 0.00821464 0.00822314 0.0090894 0.00843441 
0.0434985 0.0111096 0.189666 0.0162695 0.013955 0.0078304 0.00745964 0.0176639 0.00810857 0.995053 0.00678488 0.00485606 0.0038361 0.00384745 0 0.0037539 0.00387685 0.00381639 0.00977769 0.0111271 0.0113748 0.00843058 0.00909207 0.00921282 0.0152092 0.0202618 0.00954161 0.206629 0.0087989 0.0540345 0.00879607 0.00858274 0.014867 0.00867722 0.0206399 0.00835727 0.00903854 0.00971073 0.00902832 0.0880364 0.00969226 0.024902 0.00831789 0.0110816 0.00835043 0.0094315 0.00903668 0.00820102 0.00903367 
0.0141717 0.104044 0.0196923 0.0556857 0.0120541 0.00773706 0.0153306 0.00826929 0.981635 0.00943293 0.0106207 0.00502889 0.00379281 0.00379361 0.0037539 0 0.00374967 0.0038303 0.0217354 0.00894369 0.00924809 0.00903311 0.00851723 0.0115723 0.0110478 0.0131174 0.107555 0.00899106 0.0998278 0.00908131 0.0154622 0.0152193 0.0084201 0.021483 0.00851832 0.00994619 0.00825649 0.00882312 0.0260891 0.0106835 0.0735266 0.00846834 0.0102858 0.00833857 0.0110475 0.00849971 0.00869909 0.00852019 0.00851259 
0.0445185 0.0150205 0.0394056 0.0262 0.0164975 0.00955809 0.0138209 0.98221 0.00974828 0.00985646 0.00716393 0.0062179 0.00404254 0.00381323 0.00387685 0.00374967 0 0.00382071 0.0215544 0.0164463 0.0109419 0.011082 0.0096488 0.0102953 0.0133309 0.0466621 0.00887109 0.0218062 0.00888216 0.057517 0.010045 0.0100542 0.0124376 0.00848557 0.0095674 0.00870179 0.00851491 0.011516 0.00945696 0.0226005 0.00906998 0.014735 0.00843492 0.00964102 0.00834893 0.00860883 0.00877953 0.00816155 0.00835499 
0.0294828 0.017376 0.0115628 0.017876 0.0252706 0.019027 0.958815 0.013114 0.00915518 0.00723534 0.00733357 0.0076684 0.0050523 0.00411138 0.00381639 0.0038303 0.00382071 0 0.0269672 0.02322 0.0173498 0.00934003 0.0227183 0.0228133 0.0246158 0.0101383 0.0115642 0.00870087 0.0142317 0.0100406 0.0353664 0.0196889 0.00851631 0.00855317 0.00840838 0.0084791 0.00935531 0.0139022 0.0130999 0.00893425 0.00980002 0.00864817 0.011992 0.0100634 0.00836632 0.00830989 0.00824631 0.00820318 0.00850981 
0.00925214 0.0103896 0.00860068 0.0103914 0.0136707 0.0240992 0.0153217 0.00871522 0.013593 0.00866703 0.0172758 0.0117712 0.0133225 0.0344093 0.00977769 0.0217354 0.0215544 0.0269672 0 0.00384314 0.00417897 0.0579397 0.0116118 0.00752615 0.00676913 0.00684107 0.00938872 0.0216504 0.0314466 0.00810806 0.0465615 0.0220649 0.00870897 0.0101826 0.00841326 0.0109314 0.0104224 0.00889994 0.0117787 0.00853097 0.0118482 0.00917345 0.0372408 0.00817572 0.0106408 0.00822563 0.00815335 0.00902606 0.00932571 
0.0100813 0.00829258 0.00868657 0.00895924 0.00967558 0.0123843 0.00980402 0.00937072 0.00828022 0.00939873 0.00883732 0.0103145 0.0133536 0.00869977 0.0111271 0.00894369 0.0164463 0.02322 0.00384314 0 0.0746273 0.00435385 0.00562405 0.00819067 0.00712573 0.007125 0.0135304 0.015543 0.0071995 0.0215869 0.00822223 0.00990032 0.00860413 0.00829034 0.00836116 0.00851635 0.00952678 0.0117247 0.0085076 0.00938969 0.00825925 0.0101399 0.00915195 0.00951126 0.00812881 0.00816192 0.00815117 0.00827716 0.00851765 
0.00913327 0.00843172 0.00864579 0.0086268 0.0108087 0.0121044 0.0101412 0.00968383 0.00860602 0.0111033 0.00874649 0.0134755 0.0110907 0.00908195 0.0113748 0.00924809 0.0109419 0.0173498 0.00417897 0.0746273 0 0.00383272 0.00425124 0.00508596 0.00641923 0.808656 0.00744985 0.00615966 0.00623237 0.00924332 0.0101676 0.0118004 0.00902542 0.00851022 0.00869891 0.00853456 0.0116981 0.00954844 0.00877872 0.0110301 0.00846408 0.0107837 0.0125326 0.00961985 0.00819828 0.00830372 0.00820134 0.00837518 0.0103171 
0.0084103 0.00937657 0.0083085 0.00892241 0.00827787 0.0085395 0.00902169 0.00863103 0.00871741 0.00845621 0.00910043 0.00820377 0.00841566 0.0106138 0.00843058 0.00903311 0.011082 0.00934003 0.0579397 0.00435385 0.00383272 0 0.00377896 0.00478135 0.846045 0.00409013 0.00469243 0.00453376 0.00643558 0.00645326 0.00627362 0.00909646 0.00854917 0.00845085 0.00820271 0.00882535 0.00821593 0.00830285 0.00977472 0.00837532 0.00870892 0.00926316 0.00865742 0.00813317 0.00859646 0.00812612 0.00810544 0.00836367 0.00813886 
0.0103676 0.0082328 0.00851164 0.00842248 0.00880553 0.0101634 0.0109646 0.00901906 0.0082818 0.0096029 0.00816252 0.00959196 0.014945 0.0088777 0.00909207 0.00851723 0.0096488 0.0227183 0.0116118 0.00562405 0.00425124 0.00377896 0 0.956665 0.00399564 0.00380463 0.0039603 0.00434937 0.00448125 0.0058695 0.0060371 0.0109394 0.00847273 0.00823698 0.00850453 0.00823279 0.00897873 0.0123319 0.00866988 0.00909996 0.00839441 0.00873411 0.00930129 0.00958906 0.00819335 0.00814105 0.00812702 0.00810458 0.00846088 
0.00936595 0.00943906 0.00852654 0.00948701 0.0130922 0.0148929 0.017507 0.00882936 0.012471 0.0093285 0.0126217 0.0148162 0.0125766 0.0149767 0.00921282 0.0115723 0.0102953 0.0228133 0.00752615 0.00819067 0.00508596 0.00478135 0.956665 0 0.00383658 0.00378856 0.00391173 0.00384056 0.00472911 0.00446347 0.0101292 0.0483051 0.00890824 0.00996683 0.00866932 0.00974175 0.0143557 0.0110232 0.0129663 0.00990855 0.0133162 0.0103901 0.03681 0.0089839 0.00962917 0.00831979 0.00814942 0.00884968 0.0124444 
0.0101073 0.00959117 0.0124372 0.0117224 0.00889081 0.00894664 0.00936566 0.0112263 0.00909958 0.0117983 0.00898533 0.00889431 0.00946311 0.0100808 0.0152092 0.0110478 0.0133309 0.0246158 0.00676913 0.00712573 0.00641923 0.846045 0.00399564 0.00383658 0 0.00382369 0.00374333 0.00378325 0.00383087 0.00636084 0.00417995 0.0114361 0.0145157 0.00881531 0.00949739 0.00935625 0.00891265 0.00910174 0.0128522 0.0144652 0.00932258 0.016087 0.00953079 0.00897614 0.00851311 0.00852928 0.00833423 0.00846985 0.00910698 
0.011694 0.00957612 0.0158369 0.0109666 0.00874262 0.00839673 0.00931889 0.0106529 0.0097798 0.0151247 0.0085219 0.00876489 0.00976384 0.00984887 0.0202618 0.0131174 0.0466621 0.0101383 0.00684107 0.007125 0.808656 0.00409013 0.00380463 0.00378856 0.00382369 0 0.00374284 0.00376094 0.00377695 0.00385822 0.00383346 0.0212101 0.0105357 0.0101482 0.0125086 0.00893084 0.00962155 0.00994231 0.00961387 0.0186073 0.0132533 0.0115639 0.00885289 0.00896476 0.00855994 0.00864602 0.00864826 0.00841337 0.0110824 
0.00996335 0.0164531 0.0123439 0.0164051 0.0086021 0.00841977 0.0136543 0.00849131 0.0387681 0.00872908 0.0206601 0.00829689 0.00872889 0.0240722 0.00954161 0.107555 0.00887109 0.0115642 0.00938872 0.0135304 0.00744985 0.00469243 0.0039603 0.00391173 0.00374333 0.00374284 0 0.00375406 0.0038524 0.00384958 0.00390925 0.0279985 0.00922925 0.0238227 0.00848687 0.0164794 0.00882296 0.00885675 0.0165281 0.0100379 0.074339 0.00849666 0.013349 0.0083919 0.0129057 0.00850513 0.00868747 0.00959685 0.00860289 
0.0167154 0.00878586 0.0343171 0.00998177 0.00901098 0.00852963 0.00859217 0.0349961 0.00849784 0.0937123 0.00830334 0.00941006 0.0117371 0.00861097 0.206629 0.00899106 0.0218062 0.00870087 0.0216504 0.015543 0.00615966 0.00453376 0.00434937 0.00384056 0.00378325 0.00376094 0.00375406 0 0.00374814 0.00388837 0.00376793 0.00972102 0.029198 0.00898672 0.0238423 0.00870155 0.010208 0.0103706 0.00903018 0.112227 0.00866476 0.0335508 0.00834151 0.0136405 0.00860796 0.0112896 0.00914687 0.00826285 0.00965127 
0.00989701 0.0255665 0.0101351 0.0144444 0.00860671 0.00866147 0.0294208 0.00841253 0.103822 0.00852655 0.0180768 0.00826957 0.00924495 0.0953305 0.0087989 0.0998278 0.00888216 0.0142317 0.0314466 0.0071995 0.00623237 0.00643558 0.00448125 0.00472911 0.00383087 0.00377695 0.0038524 0.00374814 0 0.0037417 0.00397649 0.0705519 0.00879962 0.0551374 0.00883917 0.0188404 0.00829742 0.00953956 0.0482319 0.0089611 0.133297 0.00840087 0.0171608 0.00831895 0.0226683 0.00841136 0.00854354 0.00920336 0.00860394 
0.0181577 0.00919534 0.0166901 0.0110164 0.00905019 0.00891515 0.00893663 0.0471847 0.0085036 0.0302693 0.0084102 0.00964035 0.0380082 0.00882058 0.0540345 0.00908131 0.057517 0.0100406 0.00810806 0.0215869 0.00924332 0.00645326 0.0058695 0.00446347 0.00636084 0.00385822 0.00384958 0.00388837 0.0037417 0 0.00375547 0.0107752 0.049973 0.00918319 0.0214806 0.0114917 0.0115129 0.0171971 0.0101549 0.057263 0.00861624 0.0335756 0.0083793 0.0185598 0.0085402 0.00989881 0.00879474 0.00838695 0.00968956 
0.0133249 0.0109231 0.00929895 0.0106552 0.0109905 0.0116039 0.0400918 0.00850246 0.0149862 0.00847564 0.0128767 0.00965887 0.0147427 0.0184339 0.00879607 0.0154622 0.010045 0.0353664 0.0465615 0.00822223 0.0101676 0.00627362 0.0060371 0.0101292 0.00417995 0.00383346 0.00390925 0.00376793 0.00397649 0.00375547 0 0.0461243 0.00896127 0.0133714 0.00954657 0.0196115 0.0201792 0.0148033 0.020645 0.00955982 0.022409 0.00992514 0.041355 0.0114353 0.0115886 0.00829506 0.00826234 0.00898016 0.0095851 
0.00979127 0.0101263 0.00838535 0.00930827 0.0103651 0.0125766 0.0194125 0.00830676 0.0140104 0.00873006 0.0128822 0.0100097 0.0111204 0.0167716 0.00858274 0.0152193 0.0100542 0.0196889 0.0220649 0.00990032 0.0118004 0.00909646 0.0109394 0.0483051 0.0114361 0.0212101 0.0279985 0.00972102 0.0705519 0.0107752 0.0461243 0 0.00377222 0.00386986 0.00387085 0.00665771 0.00474841 0.00606624 0.00933211 0.00700091 0.0217454 0.0166714 0.977241 0.0102205 0.0159651 0.00839649 0.00865955 0.0106468 0.0161351 
0.00875093 0.00824043 0.00895919 0.00854916 0.00842959 0.00835339 0.00819323 0.010244 0.00823826 0.012798 0.00822152 0.00841517 0.00882156 0.00829821 0.014867 0.0084201 0.0124376 0.00851631 0.00870897 0.00860413 0.00902542 0.00854917 0.00847273 0.00890824 0.0145157 0.0105357 0.00922925 0.029198 0.00879962 0.049973 0.00896127 0.00377222 0 0.00375338 0.00383531 0.00385625 0.0043283 0.00488731 0.00558955 0.00988823 0.00924137 0.969707 0.00747537 0.0117367 0.00839846 0.00984389 0.00845762 0.00894859 0.00936619 
0.00848846 0.00912047 0.00866639 0.00914945 0.0082977 0.00814901 0.00985894 0.00838733 0.0152773 0.00856167 0.00879612 0.00821345 0.00828955 0.0122648 0.00867722 0.021483 0.00848557 0.00855317 0.0101826 0.00829034 0.00851022 0.00845085 0.00823698 0.00996683 0.00881531 0.0101482 0.0238227 0.00898672 0.0551374 0.00918319 0.0133714 0.00386986 0.00375338 0 0.00384114 0.00378299 0.0037752 0.00406845 0.0058121 0.00664784 0.984989 0.00670159 0.00705817 0.00856143 0.0130577 0.00842513 0.00881305 0.00903792 0.00842762 
0.00846635 0.00838444 0.00988775 0.00860761 0.00825666 0.00826462 0.00816792 0.0100994 0.00830778 0.0140092 0.00813989 0.00836084 0.00862345 0.00824749 0.0206399 0.00851832 0.0095674 0.00840838 0.00841326 0.00836116 0.00869891 0.00820271 0.00850453 0.00866932 0.00949739 0.0125086 0.00848687 0.0238423 0.00883917 0.0214806 0.00954657 0.00387085 0.00383531 0.00384114 0 0.0037648 0.00378179 0.00433633 0.00569162 0.989015 0.00680361 0.00654752 0.00536821 0.0110281 0.00829685 0.0109844 0.00866563 0.00834976 0.00966049 
0.00835902 0.00868998 0.00830016 0.00860089 0.00822183 0.00820873 0.00951243 0.00822686 0.00936071 0.0082577 0.00896489 0.0081548 0.00836415 0.0120597 0.00835727 0.00994619 0.00870179 0.0084791 0.0109314 0.00851635 0.00853456 0.00882535 0.00823279 0.00974175 0.00935625 0.00893084 0.0164794 0.00870155 0.0188404 0.0114917 0.0196115 0.00665771 0.00385625 0.00378299 0.0037648 0 0.00384968 0.00472726 0.989847 0.00423073 0.00746142 0.00479472 0.00643012 0.00845531 0.0181401 0.00824445 0.00827679 0.00996075 0.00889862 
0.00916735 0.00820156 0.0083377 0.00821848 0.00842454 0.00955781 0.00933932 0.00878162 0.00815282 0.00912179 0.00809867 0.00873903 0.0123798 0.00854633 0.00903854 0.00825649 0.00851491 0.00935531 0.0104224 0.00952678 0.0116981 0.00821593 0.00897873 0.0143557 0.00891265 0.00962155 0.00882296 0.010208 0.00829742 0.0115129 0.0201792 0.00474841 0.0043283 0.0037752 0.00378179 0.00384968 0 0.997758 0.00489436 0.00440796 0.00412219 0.00492066 0.00462662 0.0173423 0.00833099 0.00828052 0.00836324 0.00832978 0.012236 
0.00906865 0.00827701 0.00852723 0.00888951 0.0107491 0.0100098 0.00911824 0.00889961 0.00866827 0.00990045 0.00871798 0.014437 0.00952438 0.00869218 0.00971073 0.00882312 0.011516 0.0139022 0.00889994 0.0117247 0.00954844 0.00830285 0.0123319 0.0110232 0.00910174 0.00994231 0.00885675 0.0103706 0.00953956 0.0171971 0.0148033 0.00606624 0.00488731 0.00406845 0.00433633 0.00472726 0.997758 0 0.00397786 0.00381879 0.00378619 0.00411948 0.0050887 0.0521672 0.00920654 0.00940332 0.0083782 0.00961113 0.0358075 
0.00877839 0.0119269 0.00924288 0.0111881 0.00874443 0.00842998 0.0122268 0.00840129 0.0169233 0.00847707 0.0175783 0.00857263 0.00867784 0.0173514 0.00902832 0.0260891 0.00945696 0.0130999 0.0117787 0.0085076 0.00877872 0.00977472 0.00866988 0.0129663 0.0128522 0.00961387 0.0165281 0.00903018 0.0482319 0.0101549 0.020645 0.00933211 0.00558955 0.0058121 0.00569162 0.989847 0.00489436 0.00397786 0 0.00377719 0.003914 0.00449475 0.00444599 0.0115007 0.0618633 0.00852043 0.00980607 0.0193244 0.0106751 
0.0120605 0.0089435 0.0227859 0.0105551 0.00895512 0.00832969 0.00855085 0.0197896 0.00876042 0.0509353 0.00826796 0.00898482 0.0103686 0.00865266 0.0880364 0.0106835 0.0226005 0.00893425 0.00853097 0.00938969 0.0110301 0.00837532 0.00909996 0.00990855 0.0144652 0.0186073 0.0100379 0.112227 0.0089611 0.057263 0.00955982 0.00700091 0.00988823 0.00664784 0.989015 0.00423073 0.00440796 0.00381879 0.00377719 0 0.00378862 0.00403461 0.00379871 0.0483585 0.00873064 0.0474684 0.0178557 0.00897407 0.0127825 
0.0100213 0.0149182 0.00989622 0.0125904 0.00870727 0.00819287 0.0146317 0.00826954 0.0608811 0.0085079 0.0133383 0.00822438 0.00843985 0.0270871 0.00969226 0.0735266 0.00906998 0.00980002 0.0118482 0.00825925 0.00846408 0.00870892 0.00839441 0.0133162 0.00932258 0.0132533 0.074339 0.00866476 0.133297 0.00861624 0.022409 0.0217454 0.00924137 0.984989 0.00680361 0.00746142 0.00412219 0.00378619 0.003914 0.00378862 0 0.00378472 0.0041088 0.00876722 0.112322 0.0104156 0.0120196 0.0126188 0.00964938 
0.018603 0.00849902 0.00999777 0.00869493 0.00849251 0.00869713 0.00872008 0.0261003 0.00822061 0.015139 0.00820236 0.00877469 0.0113825 0.00881156 0.024902 0.00846834 0.014735 0.00864817 0.00917345 0.0101399 0.0107837 0.00926316 0.00873411 0.0103901 0.016087 0.0115639 0.00849666 0.0335508 0.00840087 0.0335756 0.00992514 0.0166714 0.969707 0.00670159 0.00654752 0.00479472 0.00492066 0.00411948 0.00449475 0.00403461 0.00378472 0 0.00383388 0.0633141 0.00880534 0.0209474 0.0107841 0.0109726 0.0139093 
0.0104365 0.00912289 0.00854034 0.00859976 0.00884122 0.0112767 0.0299696 0.0082589 0.0107723 0.00825776 0.0100816 0.00856444 0.012251 0.0173187 0.00831789 0.0102858 0.00843492 0.011992 0.0372408 0.00915195 0.0125326 0.00865742 0.00930129 0.03681 0.00953079 0.00885289 0.013349 0.00834151 0.0171608 0.0083793 0.041355 0.977241 0.00747537 0.00705817 0.00536821 0.00643012 0.00462662 0.0050887 0.00444599 0.00379871 0.0041088 0.00383388 0 0.0104794 0.0292085 0.00847511 0.00935717 0.0135252 0.0369459 
0.00873738 0.00815908 0.00871813 0.0083638 0.00879353 0.00973707 0.00821999 0.00963836 0.00816946 0.0106751 0.00815994 0.00956853 0.0100878 0.00824571 0.0110816 0.00833857 0.00964102 0.0100634 0.00817572 0.00951126 0.00961985 0.00813317 0.00958906 0.0089839 0.00897614 0.00896476 0.0083919 0.0136405 0.00831895 0.0185598 0.0114353 0.0102205 0.0117367 0.00856143 0.0110281 0.00845531 0.0173423 0.0521672 0.0115007 0.0483585 0.00876722 0.0633141 0.0104794 0 0.00388469 0.00391377 0.00387721 0.0042632 0.015507 
0.00835178 0.00974289 0.0087156 0.00854344 0.00825236 0.00824961 0.0100677 0.00816941 0.0114536 0.00825061 0.0098654 0.00818121 0.00820025 0.0117723 0.00835043 0.0110475 0.00834893 0.00836632 0.0106408 0.00812881 0.00819828 0.00859646 0.00819335 0.00962917 0.00851311 0.00855994 0.0129057 0.00860796 0.0226683 0.0085402 0.0115886 0.0159651 0.00839846 0.0130577 0.00829685 0.0181401 0.00833099 0.00920654 0.0618633 0.00873064 0.112322 0.00880534 0.0292085 0.00388469 0 0.00380471 0.00375164 0.00497277 0.00390098 
0.00841958 0.00834219 0.00877204 0.0086253 0.00829666 0.00810792 0.00815902 0.00852905 0.00822263 0.00946953 0.00819095 0.00822366 0.00829276 0.00821464 0.0094315 0.00849971 0.00860883 0.00830989 0.00822563 0.00816192 0.00830372 0.00812612 0.00814105 0.00831979 0.00852928 0.00864602 0.00850513 0.0112896 0.00841136 0.00989881 0.00829506 0.00839649 0.00984389 0.00842513 0.0109844 0.00824445 0.00828052 0.00940332 0.00852043 0.0474684 0.0104156 0.0209474 0.00847511 0.00391377 0.00380471 0 0.00397188 0.00379038 0.00467112 
0.00825643 0.00822649 0.00853035 0.0084497 0.00817331 0.0081287 0.00813868 0.00818521 0.00833642 0.00843981 0.00813736 0.00818903 0.00813885 0.00822314 0.00903668 0.00869909 0.00877953 0.00824631 0.00815335 0.00815117 0.00820134 0.00810544 0.00812702 0.00814942 0.00833423 0.00864826 0.00868747 0.00914687 0.00854354 0.00879474 0.00826234 0.00865955 0.00845762 0.00881305 0.00866563 0.00827679 0.00836324 0.0083782 0.00980607 0.0178557 0.0120196 0.0107841 0.00935717 0.00387721 0.00375164 0.00397188 0 0.00416912 0.00377594 
0.00828569 0.00849698 0.00829008 0.00832723 0.00817037 0.00816888 0.00878168 0.00825586 0.00856971 0.00814538 0.00829523 0.00816762 0.0082613 0.0090894 0.00820102 0.00852019 0.00816155 0.00820318 0.00902606 0.00827716 0.00837518 0.00836367 0.00810458 0.00884968 0.00846985 0.00841337 0.00959685 0.00826285 0.00920336 0.00838695 0.00898016 0.0106468 0.00894859 0.00903792 0.00834976 0.00996075 0.00832978 0.00961113 0.0193244 0.00897407 0.0126188 0.0109726 0.0135252 0.0042632 0.00497277 0.00379038 0.00416912 0 0.00737058 
0.0105162 0.00829971 0.00854936 0.0083334 0.00830382 0.00881138 0.00904425 0.00858404 0.00837643 0.00905393 0.00815842 0.00834078 0.00927064 0.00843441 0.00903367 0.00851259 0.00835499 0.00850981 0.00932571 0.00851765 0.0103171 0.00813886 0.00846088 0.0124444 0.00910698 0.0110824 0.00860289 0.00965127 0.00860394 0.00968956 0.0095851 0.0161351 0.00936619 0.00842762 0.00966049 0.00889862 0.012236 0.0358075 0.0106751 0.0127825 0.00964938 0.0139093 0.0369459 0.015507 0.00390098 0.00467112 0.00377594 0.00737058 0 
