1INIA
THLDVCAVVPAAGFGRRMQTECPKQYLSIGNQTILEHSVHALLAHPRVKRVVIAISPGDSRFAQLPLANHPQITVVDGGDERADSVLAGLKAAGDAQWVLVHDAARPCLHQDDLARLLALSETSRTGGILAAPVRDTMKRAEPGKNAIAHTVDRNGLWHALTPQFFPRELLHDCLTRALNEGATITDEASALEYCGFHPQLVEGRADNIKVTRPEDLALAEFYLT
CCCCEEEEEECCCCCCCCCCCCCHHHCEECCEEHHHHHHHHHHCCCCEEEEEEEECCCCCCHHHCHHHHCCCEEEEECCCCHHHHHHHHHCCCCCCCEEEECCCCCCCCCHHHHHHHHHHHHCCCCCEEEEEECCCCEEEECCCCCCEEEEECCCCCEEEEEEEEEEHHHHHHHHHHHHHCCCCCCCHHHHHHHCCCCCEEEECCCCCCCCCCHHHHHHHHHHCC
0 0 0 0 0 0 0 0 0 0 0 0 0 0 0 0 0 0 0 0 0 0 0 0 0 0 0 0 0 0 0 0 0 0 0 0 0 0 0 0 0 0 0 0 0 0 0 0 0 0 0 0 0 0 0 0 0 0 0 0 0 0 0 0 0 0 0 0 0 0 0 0 0 0 0 0 0 0 0 0 0 0 0 0 0 0 0 0 0 0 0 0 0 0 0 0 0 0 0 0 0 0 0 0 0 0 0 0 0 0 0 0 0 0 0 0 0 0 0 0 0 0 0 0 0 0 0 0 0 0 0 0 0 0 0 0 0 0 0 0 0 0 0 0 0 0 0 0 0 0 0 0 0 0 0 0 0 0 0 0 0 0 0 0 0 0 0 0 0 0 0 0 0 0 0 0 0 0 0 0 0 0 0 0 0 0 0 0 0 0 0 0 0 0 0 0 0 0 0 0 0 0 0 0 0 0 0 0 0 0 0 0 0 0 0 0 0 0 0 0 0 0 0 0 0 
0 0 0 0 0 0 0 0 0 0 0 0 0 0 0 0 0 0 0 0 0 0 0 0 0 0 0 0 0 0 0 0 0 0 0 0 0 0 0 0 0 0 0 0 0 0 0 0 0 0 0 0 0 0 0 0 0 0 0 0 0 0 0 0 0 0 0 0 0 0 0 0 0 0 0 0 0 0 0 0 0 0 0 0 0 0 0 0 0 0 0 0 0 0 0 0 0 0 0 0 0 0 0 0 0 0 0 0 0 0 0 0 0 0 0 0 0 0 0 0 0 0 0 0 0 0 0 0 0 0 0 0 0 0 0 0 0 0 0 0 0 0 0 0 0 0 0 0 0 0 0 0 0 0 0 0 0 0 0 0 0 0 0 0 0 0 0 0 0 0 0 0 0 0 0 0 0 0 0 0 0 0 0 0 0 0 0 0 0 0 0 0 0 0 0 0 0 0 0 0 0 0 0 0 0 0 0 0 0 0 0 0 0 0 0 0 0 0 0 0 0 0 0 0 0 
0 0.00397109 0.00389188 0.00394893 0.00384583 0.00509298 0.0286211 0.0253056 0.0146894 0.020306 0.0242712 0.0239614 0.0119835 0.0184746 0.0139699 0.0295434 0.0132943 0.0314736 0.0172672 0.00944447 0.00927386 0.0096786 0.0128529 0.0117114 0.0100598 0.00934194 0.0124123 0.00934991 0.00858668 0.00881543 0.00884752 0.00853544 0.00961989 0.00861399 0.00814011 0.00825267 0.00915623 0.00839916 0.00816759 0.00820859 0.00820641 0.00871968 0.00825477 0.00820136 0.00827194 0.00833933 0.00824611 0.00846054 0.00833364 0.00866014 0.0083468 0.00922741 0.00822172 0.00819409 0.00824322 0.00882221 
0.00397109 0 0.00381451 0.00381016 0.00381768 0.00385945 0.0253849 0.0164806 0.0134824 0.0121556 0.0134613 0.0189227 0.0678895 0.040114 0.0904884 0.0431362 0.0529435 0.0149361 0.0132466 0.0143339 0.0136635 0.0144831 0.0106575 0.0115464 0.019465 0.0177805 0.0109702 0.0102648 0.0102337 0.0106602 0.0108375 0.00985601 0.00869735 0.00830956 0.00826249 0.00826627 0.00839616 0.0082275 0.00835216 0.00836224 0.00828482 0.00824391 0.00814112 0.0083093 0.0085116 0.00881046 0.00852769 0.00859394 0.00890163 0.00894263 0.00876287 0.00845336 0.00816816 0.00835979 0.00828885 0.00849085 
0.00389188 0.00381451 0 0.00382227 0.00381845 0.00380712 0.0162213 0.0111113 0.0100429 0.0105019 0.0141572 0.0237553 0.0403666 0.228742 0.106533 0.203552 0.0520369 0.0196119 0.0120492 0.0179267 0.0348537 0.0221289 0.0102094 0.0134371 0.0368579 0.036602 0.0140426 0.0105787 0.0135554 0.0199709 0.0180805 0.00985175 0.00887419 0.00825618 0.00851606 0.00839096 0.00837142 0.00830899 0.00853823 0.00890211 0.00841602 0.00823663 0.00821518 0.00860191 0.00959992 0.0103637 0.0102517 0.0108056 0.0108802 0.0114419 0.00947231 0.0083615 0.00827244 0.00847281 0.00850235 0.00843974 
0.00394893 0.00381016 0.00382227 0 0.0037879 0.00376536 0.0171275 0.0130239 0.0103408 0.0104839 0.0143468 0.0215687 0.116791 0.0715402 0.266191 0.168494 0.0891775 0.0151413 0.0113358 0.0248607 0.0370307 0.0194461 0.00984013 0.0127257 0.0366221 0.0382013 0.0147855 0.0110579 0.0136068 0.0263284 0.0173638 0.0102513 0.00875212 0.00838526 0.00840582 0.00845122 0.00830365 0.00829542 0.00863988 0.00887413 0.00841358 0.00816255 0.00824733 0.00848243 0.00973439 0.00997289 0.0104257 0.0103878 0.0125381 0.0112343 0.00932934 0.00841553 0.00828688 0.00851793 0.00846808 0.00820764 
0.00384583 0.00381768 0.00381845 0.0037879 0 0.00398341 0.0284987 0.0157536 0.0120961 0.0117304 0.0125649 0.0342886 0.0156713 0.0349392 0.0466964 0.1284 0.129712 0.0264088 0.0112515 0.0133126 0.0142225 0.0223788 0.0110204 0.0104702 0.0191498 0.0426464 0.0143617 0.0103507 0.013622 0.0125016 0.011191 0.0101338 0.00839623 0.00844935 0.00826141 0.00827391 0.00816781 0.00831358 0.00833121 0.00848456 0.0081848 0.00814222 0.00814763 0.00843934 0.00860625 0.00903668 0.00866104 0.0089629 0.00906183 0.00913032 0.00874427 0.00828476 0.00825654 0.00838018 0.00833271 0.00821603 
0.00509298 0.00385945 0.00380712 0.00376536 0.00398341 0 0.0136115 0.0368264 0.0163829 0.0158577 0.0583506 0.00972838 0.0134644 0.0153742 0.0195516 0.0328922 0.0816877 0.056903 0.0220966 0.00912745 0.0102611 0.0130941 0.0187885 0.0178004 0.0111617 0.0171898 0.0230333 0.0171612 0.010917 0.0108982 0.0107781 0.00880418 0.0087484 0.00988624 0.0083415 0.00817945 0.00851781 0.0106809 0.00828401 0.00827819 0.0082256 0.0083988 0.00963881 0.00825673 0.00831778 0.00839765 0.00839546 0.00836563 0.00847801 0.00847898 0.00839945 0.00827533 0.00860375 0.00819746 0.00819687 0.00842107 
0.0286211 0.0253849 0.0162213 0.0171275 0.0284987 0.0136115 0 0.00435704 0.00453622 0.975564 0.0118012 0.0101945 0.0107008 0.00925838 0.0140647 0.0112838 0.0172051 0.0213838 0.00959452 0.0110139 0.00966796 0.00884287 0.0166647 0.00914408 0.00960326 0.00978387 0.0107512 0.00896973 0.00852805 0.00865318 0.00874395 0.00833279 0.00988946 0.00839271 0.00840547 0.00829761 0.00851893 0.0086291 0.0082198 0.00831475 0.00834291 0.00836571 0.00843975 0.00819769 0.00838642 0.00822912 0.00841941 0.0082382 0.00831661 0.0083416 0.0084148 0.00915987 0.0082614 0.00824629 0.0081572 0.00945916 
0.0253056 0.0164806 0.0111113 0.0130239 0.0157536 0.0368264 0.00435704 0 0.991822 0.0041258 0.0340407 0.00866784 0.00856656 0.0125503 0.0091651 0.0112011 0.0158119 0.0154442 0.0255455 0.00848585 0.00846695 0.0115195 0.00911674 0.0132673 0.00954837 0.00914019 0.0104713 0.0101154 0.00857149 0.00829951 0.00824563 0.00847336 0.00812927 0.0098483 0.00820919 0.00811611 0.0084029 0.00871752 0.00820869 0.00812883 0.00811635 0.00843571 0.0084781 0.00814404 0.00816082 0.00817326 0.00816761 0.0081455 0.00822716 0.00822584 0.00826242 0.00816896 0.00839913 0.00816775 0.00862977 0.00817186 
0.0146894 0.0134824 0.0100429 0.0103408 0.0120961 0.0163829 0.00453622 0.991822 0 0.00536708 0.0117027 0.00889665 0.00794573 0.00891174 0.00872293 0.00995485 0.0118846 0.0171838 0.0128209 0.00928117 0.00855655 0.00912093 0.0112801 0.0101932 0.00995676 0.00919773 0.0106948 0.00898917 0.00834266 0.00819633 0.00822455 0.00819511 0.00876924 0.00860649 0.00809808 0.00812906 0.00850288 0.00840975 0.00807182 0.00806533 0.00811572 0.00847746 0.00828275 0.00807051 0.00808532 0.00809885 0.00806371 0.00813998 0.00810068 0.00811115 0.00817348 0.00860001 0.00817994 0.00807163 0.00809392 0.00825398 
0.020306 0.0121556 0.0105019 0.0104839 0.0117304 0.0158577 0.975564 0.0041258 0.00536708 0 0.0133289 0.00867219 0.00701353 0.00853267 0.00880393 0.00961219 0.0149906 0.0137278 0.0150006 0.0095381 0.00894791 0.00921532 0.0107386 0.0135785 0.0102862 0.00946279 0.0099081 0.0115499 0.00874639 0.00835784 0.00841982 0.00848328 0.0086989 0.00911864 0.00826025 0.00821954 0.0083247 0.00872695 0.00818074 0.00815709 0.00829403 0.00816775 0.00849683 0.00817856 0.00817309 0.00822175 0.00821221 0.00824739 0.00823291 0.00833712 0.00849188 0.00864433 0.00838705 0.00817242 0.00815364 0.00830881 
0.0242712 0.0134613 0.0141572 0.0143468 0.0125649 0.0583506 0.0118012 0.0340407 0.0117027 0.0133289 0 0.00393072 0.0038085 0.00400094 0.0039187 0.00400822 0.0042747 0.0120696 0.0448626 0.00963777 0.00958992 0.0142231 0.0188727 0.0159257 0.0116502 0.0107098 0.0219441 0.00964091 0.00871802 0.00883251 0.00895546 0.00899327 0.0137715 0.00925066 0.00822265 0.00857809 0.0117382 0.00854705 0.00819621 0.00823621 0.00846418 0.010736 0.0083272 0.0082101 0.00819126 0.00830866 0.00820995 0.00836899 0.0082226 0.00831567 0.00865009 0.0103141 0.00814938 0.00813002 0.00825092 0.00877828 
0.0239614 0.0189227 0.0237553 0.0215687 0.0342886 0.00972838 0.0101945 0.00866784 0.00889665 0.00867219 0.00393072 0 0.00380991 0.00378908 0.00383893 0.00383581 0.00443366 0.0039034 0.0119779 0.0138801 0.00997114 0.0105134 0.00902441 0.00972759 0.0180917 0.0154211 0.00938375 0.00891454 0.0097098 0.0104025 0.00988442 0.00885678 0.00856113 0.00827037 0.00817065 0.00821581 0.00831626 0.00814445 0.00817455 0.00815122 0.00818176 0.00816247 0.00812843 0.00817334 0.00837728 0.00835781 0.00841451 0.00835201 0.00878674 0.00891766 0.00852388 0.00836498 0.00808747 0.0082409 0.00813625 0.00831085 
0.0119835 0.0678895 0.0403666 0.116791 0.0156713 0.0134644 0.0107008 0.00856656 0.00794573 0.00701353 0.0038085 0.00380991 0 0.00375235 0.00380614 0.003866 0.00374757 0.00381182 0.015027 0.0186882 0.0203099 0.00977834 0.0107399 0.0109668 0.0259325 0.0184645 0.0100302 0.00990699 0.0118088 0.0173827 0.0194349 0.00921685 0.00873034 0.00843569 0.00851074 0.00841601 0.00827174 0.00842368 0.00834441 0.00873762 0.00829699 0.0081639 0.0083956 0.00837377 0.00922461 0.00989377 0.009588 0.00963743 0.0116601 0.0112982 0.00864389 0.00854825 0.00830587 0.00836742 0.00837246 0.00828553 
0.0184746 0.040114 0.228742 0.0715402 0.0349392 0.0153742 0.00925838 0.0125503 0.00891174 0.00853267 0.00400094 0.00378908 0.00375235 0 0.00381561 0.00381155 0.00378652 0.00380525 0.207659 0.02412 0.032156 0.0186879 0.00968402 0.0194864 0.0382547 0.0193506 0.0123131 0.0133196 0.0185692 0.0341937 0.0211249 0.0126686 0.00875179 0.0092321 0.00862412 0.00855456 0.00856339 0.00863836 0.00876269 0.00929267 0.00842821 0.00840246 0.00850437 0.00858526 0.0107366 0.0125573 0.0103943 0.0136015 0.0130039 0.0131212 0.00977032 0.00860821 0.0083917 0.0084338 0.00886111 0.00837498 
0.0139699 0.0904884 0.106533 0.266191 0.0466964 0.0195516 0.0140647 0.0091651 0.00872293 0.00880393 0.0039187 0.00383893 0.00380614 0.00381561 0 0.00381228 0.00380886 0.00379818 0.0180966 0.318125 0.0377107 0.0194298 0.0125186 0.0174183 0.059251 0.0446693 0.0152681 0.0141225 0.038543 0.0556894 0.0640808 0.0116552 0.010091 0.00892448 0.00988965 0.00900365 0.00859786 0.00900243 0.00960508 0.0102656 0.00914947 0.00838351 0.00891098 0.00952254 0.0131028 0.015025 0.0159706 0.0141921 0.0207731 0.0196524 0.0103068 0.00879219 0.00862123 0.00874207 0.00867729 0.00859993 
0.0295434 0.0431362 0.203552 0.168494 0.1284 0.0328922 0.0112838 0.0112011 0.00995485 0.00961219 0.00400822 0.00383581 0.003866 0.00381155 0.00381228 0 0.00383826 0.00381707 0.0331192 0.027039 0.417021 0.0369711 0.0153559 0.0229156 0.0703276 0.0780036 0.0250054 0.0194244 0.0437039 0.0977731 0.0539155 0.0213907 0.0096851 0.00958958 0.00908271 0.00929391 0.00875354 0.00892131 0.00925959 0.0118244 0.00882538 0.00845499 0.00881343 0.00935051 0.0141814 0.0193918 0.0162259 0.0190524 0.027264 0.0252385 0.0117484 0.00903315 0.00860568 0.00877163 0.00919632 0.00867386 
0.0132943 0.0529435 0.0520369 0.0891775 0.129712 0.0816877 0.0172051 0.0158119 0.0118846 0.0149906 0.0042747 0.00443366 0.00374757 0.00378652 0.00380886 0.00383826 0 0.00379057 0.0182413 0.0435884 0.0292735 0.481224 0.0258627 0.0152239 0.0517522 0.165112 0.0403286 0.0144928 0.0431337 0.0315269 0.0291568 0.022797 0.0106735 0.00909517 0.00956124 0.00943978 0.00851272 0.00895611 0.00940914 0.00929678 0.00910005 0.00835398 0.00867685 0.00939738 0.0105633 0.0114785 0.0110529 0.0114958 0.0143957 0.0158409 0.0115782 0.00899321 0.00916948 0.00897331 0.00867555 0.00837569 
0.0314736 0.0149361 0.0196119 0.0151413 0.0264088 0.056903 0.0213838 0.0154442 0.0171838 0.0137278 0.0120696 0.0039034 0.00381182 0.00380525 0.00379818 0.00381707 0.00379057 0 0.0331055 0.0124244 0.017122 0.0378459 0.501887 0.0238776 0.0158879 0.0224696 0.0617614 0.0280422 0.0123833 0.0118597 0.0108131 0.00981347 0.0103329 0.0159801 0.00863372 0.00852855 0.0087949 0.0139578 0.00859347 0.00841147 0.00837267 0.00866564 0.0115052 0.00860236 0.00863147 0.00881678 0.00869664 0.00877387 0.00912085 0.00913954 0.00890103 0.00882338 0.0098454 0.00840795 0.00853137 0.00866358 
0.0172672 0.0132466 0.0120492 0.0113358 0.0112515 0.0220966 0.00959452 0.0255455 0.0128209 0.0150006 0.0448626 0.0119779 0.015027 0.207659 0.0180966 0.0331192 0.0182413 0.0331055 0 0.00396308 0.00387191 0.00476056 0.00426034 0.0734418 0.0164243 0.0107118 0.0291664 0.0133946 0.0106829 0.0100101 0.00985915 0.0105035 0.0153433 0.0130039 0.00866795 0.00921514 0.0176055 0.0102479 0.00883854 0.00869185 0.00894734 0.0148805 0.00910418 0.00889644 0.00847738 0.00879509 0.00844714 0.00869438 0.00855112 0.00855441 0.00889774 0.0117127 0.00838289 0.00819928 0.00907707 0.00892055 
0.00944447 0.0143339 0.0179267 0.0248607 0.0133126 0.00912745 0.0110139 0.00848585 0.00928117 0.0095381 0.00963777 0.0138801 0.0186882 0.02412 0.318125 0.027039 0.0435884 0.0124244 0.00396308 0 0.00379098 0.00379106 0.00391631 0.0249221 0.0587825 0.0224603 0.009546 0.0101677 0.0123204 0.0132272 0.0120863 0.00946134 0.00956203 0.00872619 0.00877531 0.00884575 0.00879191 0.00863601 0.00861706 0.00840589 0.00889798 0.00836644 0.00861091 0.00845732 0.0086944 0.00866169 0.00896555 0.00864874 0.00943619 0.00950501 0.00886572 0.00865881 0.00831991 0.00831899 0.00823524 0.00863147 
0.00927386 0.0136635 0.0348537 0.0370307 0.0142225 0.0102611 0.00966796 0.00846695 0.00855655 0.00894791 0.00958992 0.00997114 0.0203099 0.032156 0.0377107 0.417021 0.0292735 0.017122 0.00387191 0.00379098 0 0.00385805 0.00378809 0.016505 0.059103 0.0228167 0.011073 0.00986292 0.0128557 0.0194902 0.0215785 0.00940585 0.00902053 0.00885766 0.00887311 0.00863766 0.00839347 0.00862769 0.00846284 0.00939691 0.00849107 0.00825189 0.00859871 0.00843123 0.00970522 0.00992323 0.0101938 0.00968447 0.0115669 0.01165 0.00882048 0.00846493 0.00827754 0.0083239 0.00831945 0.00836845 
0.0096786 0.0144831 0.0221289 0.0194461 0.0223788 0.0130941 0.00884287 0.0115195 0.00912093 0.00921532 0.0142231 0.0105134 0.00977834 0.0186879 0.0194298 0.0369711 0.481224 0.0378459 0.00476056 0.00379106 0.00385805 0 0.00377167 0.0168206 0.0413898 0.115611 0.0241116 0.0103841 0.015808 0.0162686 0.0120017 0.0147787 0.00846409 0.00956274 0.0086233 0.0087457 0.00869576 0.00861215 0.0086863 0.00839421 0.00850956 0.00837767 0.00834764 0.00854214 0.0084277 0.0090345 0.00851261 0.00931178 0.00947352 0.00954213 0.0100296 0.00838353 0.00826695 0.00822926 0.00851734 0.00812082 
0.0128529 0.0106575 0.0102094 0.00984013 0.0110204 0.0187885 0.0166647 0.00911674 0.0112801 0.0107386 0.0188727 0.00902441 0.0107399 0.00968402 0.0125186 0.0153559 0.0258627 0.501887 0.00426034 0.00391631 0.00378809 0.00377167 0 0.0146194 0.0151988 0.0653772 0.161503 0.0184905 0.0113116 0.0101796 0.0107775 0.00868644 0.0157959 0.0128746 0.00893217 0.00853827 0.00923977 0.0124835 0.0088976 0.00849861 0.00854029 0.00882826 0.0110941 0.00847031 0.00855515 0.00844603 0.00870032 0.00840709 0.00876671 0.008795 0.0085076 0.00922478 0.00920842 0.00835671 0.00818658 0.00909352 
0.0117114 0.0115464 0.0134371 0.0127257 0.0104702 0.0178004 0.00914408 0.0132673 0.0101932 0.0135785 0.0159257 0.00972759 0.0109668 0.0194864 0.0174183 0.0229156 0.0152239 0.0238776 0.0734418 0.0249221 0.016505 0.0168206 0.0146194 0 0.00437859 0.00381555 0.00397976 0.284462 0.0325117 0.0190406 0.0131576 0.0122833 0.0203885 0.0148693 0.00927502 0.00950009 0.0164771 0.0120415 0.00904583 0.00896828 0.00910903 0.0140196 0.0102296 0.00925103 0.00926631 0.0105079 0.00931458 0.00997015 0.0109671 0.0102033 0.0111411 0.0174402 0.00893912 0.0084853 0.00866864 0.00975561 
0.0100598 0.019465 0.0368579 0.0366221 0.0191498 0.0111617 0.00960326 0.00954837 0.00995676 0.0102862 0.0116502 0.0180917 0.0259325 0.0382547 0.059251 0.0703276 0.0517522 0.0158879 0.0164243 0.0587825 0.059103 0.0413898 0.0151988 0.00437859 0 0.00388906 0.00378744 0.107322 0.264571 0.0572494 0.0476928 0.0268396 0.0135757 0.0104137 0.0119635 0.0132702 0.0106091 0.00961779 0.0112821 0.0103057 0.0111462 0.00946131 0.00884713 0.0117678 0.0132334 0.0154109 0.0140875 0.0151275 0.0202342 0.0214504 0.0170795 0.0102334 0.0085578 0.00956179 0.00946503 0.00894099 
0.00934194 0.0177805 0.036602 0.0382013 0.0426464 0.0171898 0.00978387 0.00914019 0.00919773 0.00946279 0.0107098 0.0154211 0.0184645 0.0193506 0.0446693 0.0780036 0.165112 0.0224696 0.0107118 0.0224603 0.0228167 0.115611 0.0653772 0.00381555 0.00388906 0 0.00397873 0.027984 0.0782491 0.126802 0.0741758 0.106932 0.0136971 0.0102552 0.0125557 0.0146369 0.00913098 0.00978638 0.0105848 0.00978284 0.0121449 0.0087475 0.0089835 0.0107865 0.0126028 0.0145538 0.0167394 0.0148886 0.0256029 0.0393847 0.0249764 0.0102448 0.00899194 0.00992721 0.0104255 0.0087105 
0.0124123 0.0109702 0.0140426 0.0147855 0.0143617 0.0230333 0.0107512 0.0104713 0.0106948 0.0099081 0.0219441 0.00938375 0.0100302 0.0123131 0.0152681 0.0250054 0.0403286 0.0617614 0.0291664 0.009546 0.011073 0.0241116 0.161503 0.00397976 0.00378744 0.00397873 0 0.0254314 0.028758 0.0560349 0.0737845 0.0426238 0.105242 0.0179573 0.00936328 0.00970366 0.0162814 0.0141779 0.00922183 0.00903649 0.00938314 0.0108202 0.0134428 0.00929885 0.00916947 0.0103916 0.00957894 0.0104775 0.0132356 0.012936 0.0131437 0.0142404 0.0114365 0.00860561 0.00920235 0.00919123 
0.00934991 0.0102648 0.0105787 0.0110579 0.0103507 0.0171612 0.00896973 0.0101154 0.00898917 0.0115499 0.00964091 0.00891454 0.00990699 0.0133196 0.0141225 0.0194244 0.0144928 0.0280422 0.0133946 0.0101677 0.00986292 0.0103841 0.0184905 0.284462 0.107322 0.027984 0.0254314 0 0.0038819 0.00384499 0.00384114 0.0038918 0.00536935 0.00845989 0.00708315 0.00870428 0.0212925 0.0156627 0.0099927 0.00993873 0.0105185 0.0222893 0.0124353 0.00999273 0.0097021 0.0113782 0.0101746 0.0158923 0.0122351 0.0136052 0.0142398 0.0288142 0.0114242 0.00909005 0.00928326 0.0161714 
0.00858668 0.0102337 0.0135554 0.0136068 0.013622 0.010917 0.00852805 0.00857149 0.00834266 0.00874639 0.00871802 0.0097098 0.0118088 0.0185692 0.038543 0.0437039 0.0431337 0.0123833 0.0106829 0.0123204 0.0128557 0.015808 0.0113116 0.0325117 0.264571 0.0782491 0.028758 0.0038819 0 0.00380845 0.00380811 0.00391028 0.00388355 0.00620881 0.00725759 0.012521 0.0161919 0.0108288 0.012511 0.00946379 0.0133809 0.0111028 0.00940263 0.0125993 0.0124001 0.0146206 0.0328969 0.0165627 0.0211094 0.0230602 0.0254404 0.0119021 0.00930294 0.0101787 0.0124999 0.00968911 
0.00881543 0.0106602 0.0199709 0.0263284 0.0125016 0.0108982 0.00865318 0.00829951 0.00819633 0.00835784 0.00883251 0.0104025 0.0173827 0.0341937 0.0556894 0.0977731 0.0315269 0.0118597 0.0100101 0.0132272 0.0194902 0.0162686 0.0101796 0.0190406 0.0572494 0.126802 0.0560349 0.00384499 0.00380845 0 0.00377683 0.00377717 0.00378372 0.00682179 0.0100867 0.0138907 0.0395337 0.010422 0.00935956 0.0134875 0.00953413 0.00905977 0.00930485 0.0112778 0.0166182 0.058648 0.0194703 0.0245039 0.0335423 0.0515798 0.014896 0.010575 0.00946262 0.0122551 0.0107832 0.00920561 
0.00884752 0.0108375 0.0180805 0.0173638 0.011191 0.0107781 0.00874395 0.00824563 0.00822455 0.00841982 0.00895546 0.00988442 0.0194349 0.0211249 0.0640808 0.0539155 0.0291568 0.0108131 0.00985915 0.0120863 0.0215785 0.0120017 0.0107775 0.0131576 0.0476928 0.0741758 0.0737845 0.00384114 0.00380811 0.00377683 0 0.00376322 0.00378011 0.00590633 0.0100748 0.0312847 0.0215084 0.00914888 0.0106187 0.0111873 0.00924868 0.00908653 0.00988041 0.0105196 0.051527 0.0196404 0.0196577 0.0169621 0.0470718 0.0344022 0.0133909 0.010754 0.0100116 0.0118677 0.011874 0.00972714 
0.00853544 0.00985601 0.00985175 0.0102513 0.0101338 0.00880418 0.00833279 0.00847336 0.00819511 0.00848328 0.00899327 0.00885678 0.00921685 0.0126686 0.0116552 0.0213907 0.022797 0.00981347 0.0105035 0.00946134 0.00940585 0.0147787 0.00868644 0.0122833 0.0268396 0.106932 0.0426238 0.0038918 0.00391028 0.00377717 0.00376322 0 0.0037638 0.00916021 0.0174595 0.0106961 0.00659228 0.00894258 0.00962857 0.00859711 0.00984903 0.00882904 0.00924919 0.0494663 0.0091421 0.0117574 0.0137702 0.0159711 0.0122741 0.0143131 0.019936 0.00998058 0.00920501 0.00902221 0.0132753 0.00841847 
0.00961989 0.00869735 0.00887419 0.00875212 0.00839623 0.0087484 0.00988946 0.00812927 0.00876924 0.0086989 0.0137715 0.00856113 0.00873034 0.00875179 0.010091 0.0096851 0.0106735 0.0103329 0.0153433 0.00956203 0.00902053 0.00846409 0.0157959 0.0203885 0.0135757 0.0136971 0.105242 0.00536935 0.00388355 0.00378372 0.00378011 0.0037638 0 0.0305569 0.0114679 0.00478809 0.00566091 0.0134842 0.00857049 0.00822789 0.00941058 0.011067 0.0559691 0.0087768 0.00899554 0.00888379 0.0103962 0.00852567 0.00997906 0.00977398 0.00999072 0.0134538 0.0143143 0.00923949 0.00838955 0.0114627 
0.00861399 0.00830956 0.00825618 0.00838526 0.00844935 0.00988624 0.00839271 0.0098483 0.00860649 0.00911864 0.00925066 0.00827037 0.00843569 0.0092321 0.00892448 0.00958958 0.00909517 0.0159801 0.0130039 0.00872619 0.00885766 0.00956274 0.0128746 0.0148693 0.0104137 0.0102552 0.0179573 0.00845989 0.00620881 0.00682179 0.00590633 0.00916021 0.0305569 0 0.00397606 0.00381213 0.00533667 0.00729148 0.00691979 0.0108425 0.0472383 0.574814 0.00928934 0.00853149 0.00825075 0.00943158 0.00844367 0.00878021 0.00894713 0.00939089 0.0220179 0.0229863 0.00981783 0.00877086 0.00921065 0.0140176 
0.00814011 0.00826249 0.00851606 0.00840582 0.00826141 0.0083415 0.00840547 0.00820919 0.00809808 0.00826025 0.00822265 0.00817065 0.00851074 0.00862412 0.00988965 0.00908271 0.00956124 0.00863372 0.00866795 0.00877531 0.00887311 0.0086233 0.00893217 0.00927502 0.0119635 0.0125557 0.00936328 0.00708315 0.00725759 0.0100867 0.0100748 0.0174595 0.0114679 0.00397606 0 0.00497685 0.00378425 0.00650672 0.00974756 0.0423142 0.413231 0.00833408 0.00823245 0.00821974 0.00892853 0.00844521 0.00841173 0.00880703 0.0104202 0.0125313 0.0108874 0.00881471 0.00869105 0.00881765 0.00855633 0.00937096 
0.00825267 0.00826627 0.00839096 0.00845122 0.00827391 0.00817945 0.00829761 0.00811611 0.00812906 0.00821954 0.00857809 0.00821581 0.00841601 0.00855456 0.00900365 0.00929391 0.00943978 0.00852855 0.00921514 0.00884575 0.00863766 0.0087457 0.00853827 0.00950009 0.0132702 0.0146369 0.00970366 0.00870428 0.012521 0.0138907 0.0312847 0.0106961 0.00478809 0.00381213 0.00497685 0 0.00383939 0.00953939 0.0947071 0.264772 0.00748813 0.00669188 0.00880029 0.00917643 0.0082733 0.00824954 0.00839667 0.00939944 0.0112875 0.0135927 0.0101064 0.00803837 0.00936711 0.00903258 0.00864892 0.00859102 
0.00915623 0.00839616 0.00837142 0.00830365 0.00816781 0.00851781 0.00851893 0.0084029 0.00850288 0.0083247 0.0117382 0.00831626 0.00827174 0.00856339 0.00859786 0.00875354 0.00851272 0.0087949 0.0176055 0.00879191 0.00839347 0.00869576 0.00923977 0.0164771 0.0106091 0.00913098 0.0162814 0.0212925 0.0161919 0.0395337 0.0215084 0.00659228 0.00566091 0.00533667 0.00378425 0.00383939 0 0.558421 0.0323345 0.0063004 0.0064479 0.00697534 0.0141431 0.00835405 0.00810381 0.00856301 0.00851782 0.0100373 0.0108407 0.0100349 0.00854153 0.00895677 0.0136019 0.00876437 0.0087631 0.0090349 
0.00839916 0.0082275 0.00830899 0.00829542 0.00831358 0.0106809 0.0086291 0.00871752 0.00840975 0.00872695 0.00854705 0.00814445 0.00842368 0.00863836 0.00900243 0.00892131 0.00895611 0.0139578 0.0102479 0.00863601 0.00862769 0.00861215 0.0124835 0.0120415 0.00961779 0.00978638 0.0141779 0.0156627 0.0108288 0.010422 0.00914888 0.00894258 0.0134842 0.00729148 0.00650672 0.00953939 0.558421 0 0.0038871 0.00381736 0.00401376 0.00510543 0.00716511 0.00654328 0.00686943 0.016165 0.0853416 0.0275614 0.00859366 0.00833373 0.00858863 0.0261498 0.0114377 0.00943122 0.00908718 0.0164191 
0.00816759 0.00835216 0.00853823 0.00863988 0.00833121 0.00828401 0.0082198 0.00820869 0.00807182 0.00818074 0.00819621 0.00817455 0.00834441 0.00876269 0.00960508 0.00925959 0.00940914 0.00859347 0.00883854 0.00861706 0.00846284 0.0086863 0.0088976 0.00904583 0.0112821 0.0105848 0.00922183 0.0099927 0.012511 0.00935956 0.0106187 0.00962857 0.00857049 0.00691979 0.00974756 0.0947071 0.0323345 0.0038871 0 0.00375923 0.0039517 0.00398158 0.00599908 0.00659904 0.0104786 0.0767196 0.0265057 0.00773571 0.0075584 0.00808752 0.00979946 0.0071893 0.00914835 0.00931706 0.00909979 0.00903817 
0.00820859 0.00836224 0.00890211 0.00887413 0.00848456 0.00827819 0.00831475 0.00812883 0.00806533 0.00815709 0.00823621 0.00815122 0.00873762 0.00929267 0.0102656 0.0118244 0.00929678 0.00841147 0.00869185 0.00840589 0.00939691 0.00839421 0.00849861 0.00896828 0.0103057 0.00978284 0.00903649 0.00993873 0.00946379 0.0134875 0.0111873 0.00859711 0.00822789 0.0108425 0.0423142 0.264772 0.0063004 0.00381736 0.00375923 0 0.00378266 0.00377809 0.00595406 0.0108494 0.0912713 0.0577812 0.00849734 0.00703266 0.00761283 0.00922919 0.00726055 0.0066597 0.00888008 0.0092668 0.00874757 0.00874241 
0.00820641 0.00828482 0.00841602 0.00841358 0.0081848 0.0082256 0.00834291 0.00811635 0.00811572 0.00829403 0.00846418 0.00818176 0.00829699 0.00842821 0.00914947 0.00882538 0.00910005 0.00837267 0.00894734 0.00889798 0.00849107 0.00850956 0.00854029 0.00910903 0.0111462 0.0121449 0.00938314 0.0105185 0.0133809 0.00953413 0.00924868 0.00984903 0.00941058 0.0472383 0.413231 0.00748813 0.0064479 0.00401376 0.0039517 0.00378266 0 0.00378091 0.00833216 0.114133 0.0451807 0.00742135 0.00666431 0.00687691 0.00762994 0.00847263 0.0070495 0.00611763 0.00987533 0.00959551 0.00907285 0.00885803 
0.00871968 0.00824391 0.00823663 0.00816255 0.00814222 0.0083988 0.00836571 0.00843571 0.00847746 0.00816775 0.010736 0.00816247 0.0081639 0.00840246 0.00838351 0.00845499 0.00835398 0.00866564 0.0148805 0.00836644 0.00825189 0.00837767 0.00882826 0.0140196 0.00946131 0.0087475 0.0108202 0.0222893 0.0111028 0.00905977 0.00908653 0.00882904 0.011067 0.574814 0.00833408 0.00669188 0.00697534 0.00510543 0.00398158 0.00377809 0.00378091 0 0.190689 0.0183855 0.00568958 0.00606559 0.00659048 0.00656939 0.00700401 0.00728533 0.0064626 0.00639903 0.012861 0.00875548 0.00885088 0.00933255 
0.00825477 0.00814112 0.00821518 0.00824733 0.00814763 0.00963881 0.00843975 0.0084781 0.00828275 0.00849683 0.0083272 0.00812843 0.0083956 0.00850437 0.00891098 0.00881343 0.00867685 0.0115052 0.00910418 0.00861091 0.00859871 0.00834764 0.0110941 0.0102296 0.00884713 0.0089835 0.0134428 0.0124353 0.00940263 0.00930485 0.00988041 0.00924919 0.0559691 0.00928934 0.00823245 0.00880029 0.0141431 0.00716511 0.00599908 0.00595406 0.00833216 0.190689 0 0.00398068 0.0037728 0.00384895 0.00388868 0.0045886 0.00396062 0.00495138 0.00460759 0.00977312 0.0148156 0.00918782 0.00896251 0.0183606 
0.00820136 0.0083093 0.00860191 0.00848243 0.00843934 0.00825673 0.00819769 0.00814404 0.00807051 0.00817856 0.0082101 0.00817334 0.00837377 0.00858526 0.00952254 0.00935051 0.00939738 0.00860236 0.00889644 0.00845732 0.00843123 0.00854214 0.00847031 0.00925103 0.0117678 0.0107865 0.00929885 0.00999273 0.0125993 0.0112778 0.0105196 0.0494663 0.0087768 0.00853149 0.00821974 0.00917643 0.00835405 0.00654328 0.00659904 0.0108494 0.114133 0.0183855 0.00398068 0 0.00375354 0.00377063 0.00378007 0.00375449 0.0038196 0.00408735 0.00466287 0.00419183 0.0103214 0.0131028 0.0115935 0.00889951 
0.00827194 0.0085116 0.00959992 0.00973439 0.00860625 0.00831778 0.00838642 0.00816082 0.00808532 0.00817309 0.00819126 0.00837728 0.00922461 0.0107366 0.0131028 0.0141814 0.0105633 0.00863147 0.00847738 0.0086944 0.00970522 0.0084277 0.00855515 0.00926631 0.0132334 0.0126028 0.00916947 0.0097021 0.0124001 0.0166182 0.051527 0.0091421 0.00899554 0.00825075 0.00892853 0.0082733 0.00810381 0.00686943 0.0104786 0.0912713 0.0451807 0.00568958 0.0037728 0.00375354 0 0.00375746 0.00377875 0.00380593 0.00383456 0.00419166 0.00386365 0.00378282 0.0129221 0.0141792 0.009719 0.00935339 
0.00833933 0.00881046 0.0103637 0.00997289 0.00903668 0.00839765 0.00822912 0.00817326 0.00809885 0.00822175 0.00830866 0.00835781 0.00989377 0.0125573 0.015025 0.0193918 0.0114785 0.00881678 0.00879509 0.00866169 0.00992323 0.0090345 0.00844603 0.0105079 0.0154109 0.0145538 0.0103916 0.0113782 0.0146206 0.058648 0.0196404 0.0117574 0.00888379 0.00943158 0.00844521 0.00824954 0.00856301 0.016165 0.0767196 0.0577812 0.00742135 0.00606559 0.00384895 0.00377063 0.00375746 0 0.00376137 0.00377619 0.0038195 0.00386492 0.00378804 0.00379998 0.0145301 0.0132106 0.0130846 0.00941129 
0.00824611 0.00852769 0.0102517 0.0104257 0.00866104 0.00839546 0.00841941 0.00816761 0.00806371 0.00821221 0.00820995 0.00841451 0.009588 0.0103943 0.0159706 0.0162259 0.0110529 0.00869664 0.00844714 0.00896555 0.0101938 0.00851261 0.00870032 0.00931458 0.0140875 0.0167394 0.00957894 0.0101746 0.0328969 0.0194703 0.0196577 0.0137702 0.0103962 0.00844367 0.00841173 0.00839667 0.00851782 0.0853416 0.0265057 0.00849734 0.00666431 0.00659048 0.00388868 0.00378007 0.00377875 0.00376137 0 0.00378635 0.00376898 0.00376559 0.00377745 0.00386903 0.0148033 0.0173135 0.0101113 0.0104741 
0.00846054 0.00859394 0.0108056 0.0103878 0.0089629 0.00836563 0.0082382 0.0081455 0.00813998 0.00824739 0.00836899 0.00835201 0.00963743 0.0136015 0.0141921 0.0190524 0.0114958 0.00877387 0.00869438 0.00864874 0.00968447 0.00931178 0.00840709 0.00997015 0.0151275 0.0148886 0.0104775 0.0158923 0.0165627 0.0245039 0.0169621 0.0159711 0.00852567 0.00878021 0.00880703 0.00939944 0.0100373 0.0275614 0.00773571 0.00703266 0.00687691 0.00656939 0.0045886 0.00375449 0.00380593 0.00377619 0.00378635 0 0.00375479 0.00378918 0.00376071 0.00375559 0.0161811 0.0175663 0.0174477 0.00887076 
0.00833364 0.00890163 0.0108802 0.0125381 0.00906183 0.00847801 0.00831661 0.00822716 0.00810068 0.00823291 0.0082226 0.00878674 0.0116601 0.0130039 0.0207731 0.027264 0.0143957 0.00912085 0.00855112 0.00943619 0.0115669 0.00947352 0.00876671 0.0109671 0.0202342 0.0256029 0.0132356 0.0122351 0.0211094 0.0335423 0.0470718 0.0122741 0.00997906 0.00894713 0.0104202 0.0112875 0.0108407 0.00859366 0.0075584 0.00761283 0.00762994 0.00700401 0.00396062 0.0038196 0.00383456 0.0038195 0.00376898 0.00375479 0 0.00375076 0.00375146 0.00375573 0.0388876 0.0291694 0.0159935 0.0106287 
0.00866014 0.00894263 0.0114419 0.0112343 0.00913032 0.00847898 0.0083416 0.00822584 0.00811115 0.00833712 0.00831567 0.00891766 0.0112982 0.0131212 0.0196524 0.0252385 0.0158409 0.00913954 0.00855441 0.00950501 0.01165 0.00954213 0.008795 0.0102033 0.0214504 0.0393847 0.012936 0.0136052 0.0230602 0.0515798 0.0344022 0.0143131 0.00977398 0.00939089 0.0125313 0.0135927 0.0100349 0.00833373 0.00808752 0.00922919 0.00847263 0.00728533 0.00495138 0.00408735 0.00419166 0.00386492 0.00376559 0.00378918 0.00375076 0 0.00374752 0.00374401 0.0232908 0.0597735 0.0276063 0.0116647 
0.0083468 0.00876287 0.00947231 0.00932934 0.00874427 0.00839945 0.0084148 0.00826242 0.00817348 0.00849188 0.00865009 0.00852388 0.00864389 0.00977032 0.0103068 0.0117484 0.0115782 0.00890103 0.00889774 0.00886572 0.00882048 0.0100296 0.0085076 0.0111411 0.0170795 0.0249764 0.0131437 0.0142398 0.0254404 0.014896 0.0133909 0.019936 0.00999072 0.0220179 0.0108874 0.0101064 0.00854153 0.00858863 0.00979946 0.00726055 0.0070495 0.0064626 0.00460759 0.00466287 0.00386365 0.00378804 0.00377745 0.00376071 0.00375146 0.00374752 0 0.00375206 0.0122706 0.0195173 0.080641 0.0117129 
0.00922741 0.00845336 0.0083615 0.00841553 0.00828476 0.00827533 0.00915987 0.00816896 0.00860001 0.00864433 0.0103141 0.00836498 0.00854825 0.00860821 0.00879219 0.00903315 0.00899321 0.00882338 0.0117127 0.00865881 0.00846493 0.00838353 0.00922478 0.0174402 0.0102334 0.0102448 0.0142404 0.0288142 0.0119021 0.010575 0.010754 0.00998058 0.0134538 0.0229863 0.00881471 0.00803837 0.00895677 0.0261498 0.0071893 0.0066597 0.00611763 0.00639903 0.00977312 0.00419183 0.00378282 0.00379998 0.00386903 0.00375559 0.00375573 0.00374401 0.00375206 0 0.0163216 0.0102945 0.0158881 0.0787518 
0.00822172 0.00816816 0.00827244 0.00828688 0.00825654 0.00860375 0.0082614 0.00839913 0.00817994 0.00838705 0.00814938 0.00808747 0.00830587 0.0083917 0.00862123 0.00860568 0.00916948 0.0098454 0.00838289 0.00831991 0.00827754 0.00826695 0.00920842 0.00893912 0.0085578 0.00899194 0.0114365 0.0114242 0.00930294 0.00946262 0.0100116 0.00920501 0.0143143 0.00981783 0.00869105 0.00936711 0.0136019 0.0114377 0.00914835 0.00888008 0.00987533 0.012861 0.0148156 0.0103214 0.0129221 0.0145301 0.0148033 0.0161811 0.0388876 0.0232908 0.0122706 0.0163216 0 0.0041261 0.00387263 0.00586429 
0.00819409 0.00835979 0.00847281 0.00851793 0.00838018 0.00819746 0.00824629 0.00816775 0.00807163 0.00817242 0.00813002 0.0082409 0.00836742 0.0084338 0.00874207 0.00877163 0.00897331 0.00840795 0.00819928 0.00831899 0.0083239 0.00822926 0.00835671 0.0084853 0.00956179 0.00992721 0.00860561 0.00909005 0.0101787 0.0122551 0.0118677 0.00902221 0.00923949 0.00877086 0.00881765 0.00903258 0.00876437 0.00943122 0.00931706 0.0092668 0.00959551 0.00875548 0.00918782 0.0131028 0.0141792 0.0132106 0.0173135 0.0175663 0.0291694 0.0597735 0.0195173 0.0102945 0.0041261 0 0.00397251 0.00398752 
0.00824322 0.00828885 0.00850235 0.00846808 0.00833271 0.00819687 0.0081572 0.00862977 0.00809392 0.00815364 0.00825092 0.00813625 0.00837246 0.00886111 0.00867729 0.00919632 0.00867555 0.00853137 0.00907707 0.00823524 0.00831945 0.00851734 0.00818658 0.00866864 0.00946503 0.0104255 0.00920235 0.00928326 0.0124999 0.0107832 0.011874 0.0132753 0.00838955 0.00921065 0.00855633 0.00864892 0.0087631 0.00908718 0.00909979 0.00874757 0.00907285 0.00885088 0.00896251 0.0115935 0.009719 0.0130846 0.0101113 0.0174477 0.0159935 0.0276063 0.080641 0.0158881 0.00387263 0.00397251 0 0.00379793 
0.00882221 0.00849085 0.00843974 0.00820764 0.00821603 0.00842107 0.00945916 0.00817186 0.00825398 0.00830881 0.00877828 0.00831085 0.00828553 0.00837498 0.00859993 0.00867386 0.00837569 0.00866358 0.00892055 0.00863147 0.00836845 0.00812082 0.00909352 0.00975561 0.00894099 0.0087105 0.00919123 0.0161714 0.00968911 0.00920561 0.00972714 0.00841847 0.0114627 0.0140176 0.00937096 0.00859102 0.0090349 0.0164191 0.00903817 0.00874241 0.00885803 0.00933255 0.0183606 0.00889951 0.00935339 0.00941129 0.0104741 0.00887076 0.0106287 0.0116647 0.0117129 0.0787518 0.00586429 0.00398752 0.00379793 0 
