1J27A
MKAYLGLYTARLETPARSLKEKRALIKPALERLKARFPVSAARLYGLDAWGYEVVGFTLLGNDPAWVEETMRAAARFLAEAGGFQVALEEFRLEAFEL
CEEEEEEEEEEEECCCCCHHHHHHHHHHHHHHHHHHCCCEEEEEECCCCCCEEEEEEEEEECCHHHHHHHHHHHHHHHHHCCCCEEEEEEEEEEEEEC
0 0 0 0 0 0 0 0 0 0 0 0 0 0 0 0 0 0 0 0 0 0 0 0 0 0 0 0 0 0 0 0 0 0 0 0 0 0 0 0 0 0 0 0 0 0 0 0 0 0 0 0 0 0 0 0 0 0 0 0 0 0 0 0 0 0 0 0 0 0 0 0 0 0 0 0 0 0 0 0 0 0 0 0 0 0 0 0 0 0 0 0 0 0 0 0 0 0 
0 0 0 0 0 0 0 0 0 0 0 0 0 0 0 0 0 0 0 0 0 0 0 0 0 0 0 0 0 0 0 0 0 0 0 0 0 0 0 0 0 0 0 0 0 0 0 0 0 0 0 0 0 0 0 0 0 0 0 0 0 0 0 0 0 0 0 0 0 0 0 0 0 0 0 0 0 0 0 0 0 0 0 0 0 0 0 0 0 0 0 0 0 0 0 0 0 0 
0 0.0047618 0.00403002 0.00390451 0.00388044 0.00445957 0.00487157 0.00588979 0.00634527 0.00993778 0.00763741 0.0465131 0.0738032 0.0104475 0.0104351 0.0103544 0.00914084 0.015396 0.0124115 0.00971422 0.0112279 0.0104791 0.0130443 0.0108474 0.0124497 0.00921416 0.0112531 0.0129846 0.0107369 0.00869664 0.00859793 0.00845501 0.00834826 0.00862042 0.00830756 0.00874884 0.00842961 0.00878534 0.00875444 0.00930543 0.0115164 
0.0047618 0 0.00385356 0.00386901 0.00383815 0.00389934 0.00444577 0.00437533 0.00586784 0.00597004 0.0165954 0.00878685 0.0301558 0.0406398 0.0102057 0.0100409 0.0127119 0.010225 0.00975419 0.0148099 0.0114835 0.0154118 0.0142459 0.0155652 0.0115561 0.0125519 0.012622 0.0106861 0.00878437 0.00910326 0.0085644 0.00841489 0.00855211 0.00833343 0.00866235 0.00852757 0.00865059 0.00854787 0.00860995 0.00991025 0.0091825 
0.00403002 0.00385356 0 0.00385684 0.0038471 0.00388841 0.00398772 0.00409087 0.00503546 0.0109706 0.00699034 0.00731118 0.0143623 0.0148017 0.0132052 0.0143834 0.00970266 0.00911379 0.00880713 0.0131786 0.0163292 0.0302502 0.0215965 0.031761 0.0139321 0.0285229 0.0105962 0.0167779 0.00854341 0.00909112 0.00893067 0.00932787 0.00895499 0.00903738 0.0090421 0.0092101 0.00998678 0.00905952 0.0107671 0.00890762 0.00928629 
0.00390451 0.00386901 0.00385684 0 0.00383768 0.00386194 0.00388706 0.00392896 0.0047844 0.0050736 0.0044716 0.00690941 0.016965 0.0111324 0.0161644 0.0144137 0.00922545 0.0090537 0.00919879 0.00976534 0.0342781 0.0151951 0.0471567 0.0126339 0.0374279 0.011132 0.0392017 0.00863072 0.00888615 0.00844046 0.00981846 0.00883256 0.00963006 0.00896245 0.00875369 0.010401 0.00875606 0.0107572 0.00896091 0.00910641 0.00897205 
0.00388044 0.00383815 0.0038471 0.00383768 0 0.0037736 0.00380967 0.00381947 0.00419244 0.00405466 0.00436225 0.00463621 0.0112151 0.0291066 0.011907 0.0125736 0.0107347 0.00858787 0.00858762 0.0167384 0.0101679 0.0465783 0.0117715 0.0450961 0.00992693 0.115082 0.00878001 0.0105609 0.00827338 0.0100318 0.00859457 0.00931431 0.00906191 0.00880031 0.00965578 0.00882382 0.0112207 0.0087464 0.00947634 0.00865631 0.00894167 
0.00445957 0.00389934 0.00388841 0.00386194 0.0037736 0 0.00375321 0.0037412 0.00381747 0.00393003 0.00384518 0.00446227 0.0222057 0.0103874 0.0191692 0.0152086 0.00899872 0.00957027 0.00922548 0.00915722 0.0399539 0.0119092 0.0594565 0.01001 0.129522 0.00958192 0.016882 0.00853503 0.00890732 0.00842204 0.0102718 0.00874061 0.0097135 0.00913905 0.00877802 0.013499 0.00881844 0.00961811 0.0088743 0.00910174 0.00906842 
0.00487157 0.00444577 0.00398772 0.00388706 0.00380967 0.00375321 0 0.00375754 0.00382426 0.00386402 0.00381448 0.00403177 0.0148237 0.0278674 0.0118403 0.0125295 0.0111974 0.00904767 0.00875457 0.0178775 0.011371 0.0673509 0.0117097 0.135552 0.0100493 0.0407691 0.00911379 0.0105488 0.00841482 0.00990628 0.00871676 0.00980581 0.00902535 0.00889491 0.012439 0.00881414 0.0102843 0.00872516 0.00945739 0.00869229 0.00916684 
0.00588979 0.00437533 0.00409087 0.00392896 0.00381947 0.0037412 0.00375754 0 0.00376827 0.00387428 0.00379935 0.00394673 0.034778 0.0115919 0.0178279 0.0172909 0.00921455 0.0119504 0.0101564 0.00957654 0.0513739 0.012192 0.143548 0.0099119 0.0530808 0.00998587 0.0201553 0.00872835 0.0095983 0.00850981 0.0115218 0.00904288 0.00942833 0.011997 0.00868236 0.0115037 0.0087261 0.0103088 0.00936465 0.00979066 0.00905569 
0.00634527 0.00586784 0.00503546 0.0047844 0.00419244 0.00381747 0.00382426 0.00376827 0 0.00374952 0.00400528 0.00378724 0.0101637 0.0477615 0.0166091 0.0111119 0.0199768 0.00848215 0.00868902 0.0315878 0.00980982 0.1738 0.0101324 0.0757117 0.00946514 0.0662789 0.00864251 0.010956 0.00829383 0.0119042 0.00854842 0.00983682 0.0104977 0.00853905 0.0108615 0.00842221 0.0121143 0.00861061 0.00987001 0.00869914 0.00895983 
0.00993778 0.00597004 0.0109706 0.0050736 0.00405466 0.00393003 0.00386402 0.00387428 0.00374952 0 0.00377797 0.00404203 0.0417825 0.0100245 0.0256125 0.0361521 0.00880745 0.0112926 0.0141159 0.00923249 0.144203 0.0106879 0.0840226 0.00927134 0.0687554 0.00919192 0.0171843 0.00844259 0.0104443 0.00833412 0.01358 0.0104034 0.00903333 0.00996937 0.00845315 0.0123423 0.0087184 0.0112715 0.00933996 0.00951499 0.00908658 
0.00763741 0.0165954 0.00699034 0.0044716 0.00436225 0.00384518 0.00381448 0.00379935 0.00400528 0.00377797 0 0.00379004 0.00889955 0.0557916 0.0125109 0.00996145 0.0619471 0.00854464 0.00870495 0.10524 0.00889557 0.0340826 0.0091486 0.0416539 0.00851528 0.0272348 0.00890211 0.0123817 0.00842204 0.0117405 0.0083785 0.00868647 0.00845134 0.00824654 0.0092794 0.00822935 0.00979989 0.00831563 0.00864546 0.00882842 0.0089052 
0.0465131 0.00878685 0.00731118 0.00690941 0.00463621 0.00446227 0.00403177 0.00394673 0.00378724 0.00404203 0.00379004 0 0.0412096 0.0112735 0.0124043 0.0124744 0.0109488 0.0594415 0.0752192 0.00999619 0.013033 0.00917262 0.0262277 0.00893246 0.015463 0.00918998 0.0134185 0.0108738 0.0190631 0.00853382 0.00968396 0.00878382 0.0088247 0.0092714 0.00864964 0.00975669 0.00874833 0.00954921 0.00914313 0.00922988 0.00994857 
0.0738032 0.0301558 0.0143623 0.016965 0.0112151 0.0222057 0.0148237 0.034778 0.0101637 0.0417825 0.00889955 0.0412096 0 0.00395617 0.0038824 0.00402357 0.00396459 0.0111958 0.0111519 0.00733019 0.0112669 0.007993 0.0249076 0.0111449 0.704148 0.00911727 0.0193984 0.0131603 0.0234159 0.00886781 0.0107367 0.00939609 0.00927761 0.00997231 0.00895791 0.0110467 0.00921012 0.0106235 0.00979179 0.0108009 0.0182132 
0.0104475 0.0406398 0.0148017 0.0111324 0.0291066 0.0103874 0.0278674 0.0115919 0.0477615 0.0100245 0.0557916 0.0112735 0.00395617 0 0.00376244 0.00377268 0.00440103 0.00384042 0.00647712 0.0127715 0.00742413 0.0279186 0.0112378 0.797553 0.00840289 0.0268412 0.00884307 0.0141032 0.00862041 0.0150482 0.00840632 0.00928251 0.00878533 0.00840948 0.0103022 0.00844975 0.010633 0.00860652 0.00929761 0.0101418 0.0111311 
0.0104351 0.0102057 0.0132052 0.0161644 0.011907 0.0191692 0.0118403 0.0178279 0.0166091 0.0256125 0.0125109 0.0124043 0.0038824 0.00376244 0 0.00380997 0.00378473 0.00379114 0.00680224 0.00672089 0.0251356 0.021006 0.727818 0.00913177 0.0170203 0.00823275 0.00969779 0.0079118 0.0092729 0.00897031 0.00925667 0.00908092 0.00891244 0.00895566 0.00882739 0.00927399 0.00902037 0.00887124 0.00978234 0.00869664 0.00917613 
0.0103544 0.0100409 0.0143834 0.0144137 0.0125736 0.0152086 0.0125295 0.0172909 0.0111119 0.0361521 0.00996145 0.0124744 0.00402357 0.00377268 0.00380997 0 0.00375549 0.003787 0.00554153 0.0212678 0.0513948 0.530933 0.0223604 0.00885416 0.0100108 0.00902454 0.00973062 0.00843731 0.00946173 0.00858071 0.0100666 0.0090096 0.00878802 0.00919095 0.00864086 0.00997827 0.00859554 0.0105817 0.00916252 0.00867586 0.0089265 
0.00914084 0.0127119 0.00970266 0.00922545 0.0107347 0.00899872 0.0111974 0.00921455 0.0199768 0.00880745 0.0619471 0.0109488 0.00396459 0.00440103 0.00378473 0.00375549 0 0.00382415 0.00945523 0.114309 0.0778805 0.00985879 0.00699894 0.00993567 0.00726368 0.0100004 0.00757423 0.00779637 0.00843547 0.0107716 0.00847314 0.00862602 0.00852127 0.00843248 0.00887798 0.00837281 0.00917504 0.00857075 0.00854247 0.00889591 0.00912094 
0.015396 0.010225 0.00911379 0.0090537 0.00858787 0.00957027 0.00904767 0.0119504 0.00848215 0.0112926 0.00854464 0.0594415 0.0111958 0.00384042 0.00379114 0.003787 0.00382415 0 0.12656 0.0512572 0.0200852 0.00607405 0.00996622 0.00686776 0.00915057 0.00688375 0.0080441 0.00833635 0.017719 0.00860087 0.00889834 0.00854949 0.00864416 0.00865959 0.00858574 0.00888522 0.00860794 0.0087043 0.00867252 0.00874797 0.00949079 
0.0124115 0.00975419 0.00880713 0.00919879 0.00858762 0.00922548 0.00875457 0.0101564 0.00868902 0.0141159 0.00870495 0.0752192 0.0111519 0.00647712 0.00680224 0.00554153 0.00945523 0.12656 0 0.00390753 0.00376028 0.0037895 0.00388838 0.00387968 0.00471345 0.00419206 0.00559236 0.00800411 0.024395 0.00880671 0.00931942 0.0086465 0.00875813 0.00878047 0.00872877 0.00934223 0.00870329 0.00940601 0.00886411 0.00963332 0.0155478 
0.00971422 0.0148099 0.0131786 0.00976534 0.0167384 0.00915722 0.0178775 0.00957654 0.0315878 0.00923249 0.10524 0.00999619 0.00733019 0.0127715 0.00672089 0.0212678 0.114309 0.0512572 0.00390753 0 0.00375976 0.0037824 0.00378681 0.00396138 0.00392848 0.0068441 0.00477622 0.00709601 0.00985439 0.0308587 0.00891518 0.00980787 0.008951 0.00871959 0.0105114 0.00897842 0.0114694 0.00899929 0.0098566 0.0136514 0.0121173 
0.0112279 0.0114835 0.0163292 0.0342781 0.0101679 0.0399539 0.011371 0.0513739 0.00980982 0.144203 0.00889557 0.013033 0.0112669 0.00742413 0.0251356 0.0513948 0.0778805 0.0200852 0.00376028 0.00375976 0 0.00376059 0.00380361 0.00380903 0.00469512 0.00387207 0.004286 0.0040981 0.0137277 0.00939582 0.0168559 0.00980347 0.0100657 0.0120745 0.00902066 0.0154069 0.00934827 0.0110253 0.0120856 0.00953401 0.0103544 
0.0104791 0.0154118 0.0302502 0.0151951 0.0465783 0.0119092 0.0673509 0.012192 0.1738 0.0106879 0.0340826 0.00917262 0.007993 0.0279186 0.021006 0.530933 0.00985879 0.00607405 0.0037895 0.0037824 0.00376059 0 0.00375373 0.00381356 0.00398499 0.00420613 0.00381232 0.00421313 0.00995659 0.0223949 0.00955739 0.0143401 0.0103687 0.00932877 0.0133447 0.00955571 0.0128008 0.010466 0.0114299 0.0111764 0.0123619 
0.0130443 0.0142459 0.0215965 0.0471567 0.0117715 0.0594565 0.0117097 0.143548 0.0101324 0.0840226 0.0091486 0.0262277 0.0249076 0.0112378 0.727818 0.0223604 0.00699894 0.00996622 0.00388838 0.00378681 0.00380361 0.00375373 0 0.00376972 0.00383223 0.00378749 0.00380915 0.00380281 0.0199052 0.0106289 0.0244815 0.0108052 0.0113013 0.0169906 0.00941381 0.0204222 0.0109831 0.0150816 0.0117846 0.0115507 0.012937 
0.0108474 0.0155652 0.031761 0.0126339 0.0450961 0.01001 0.135552 0.0099119 0.0757117 0.00927134 0.0416539 0.00893246 0.0111449 0.797553 0.00913177 0.00885416 0.00993567 0.00686776 0.00387968 0.00396138 0.00380903 0.00381356 0.00376972 0 0.00378109 0.00381133 0.00379838 0.00442685 0.00946004 0.0284474 0.00992073 0.0136814 0.0144006 0.00930959 0.0145456 0.00960897 0.0173019 0.00946319 0.0118983 0.0098134 0.0119439 
0.0124497 0.0115561 0.0139321 0.0374279 0.00992693 0.129522 0.0100493 0.0530808 0.00946514 0.0687554 0.00851528 0.015463 0.704148 0.00840289 0.0170203 0.0100108 0.00726368 0.00915057 0.00471345 0.00392848 0.00469512 0.00398499 0.00383223 0.00378109 0 0.00376936 0.00385967 0.00378214 0.0216528 0.00996272 0.0185845 0.011809 0.0179591 0.0135062 0.00928055 0.0175629 0.00939604 0.0127369 0.0117272 0.00983434 0.0109731 
0.00921416 0.0125519 0.0285229 0.011132 0.115082 0.00958192 0.0407691 0.00998587 0.0662789 0.00919192 0.0272348 0.00918998 0.00911727 0.0268412 0.00823275 0.00902454 0.0100004 0.00688375 0.00419206 0.0068441 0.00387207 0.00420613 0.00378749 0.00381133 0.00376936 0 0.00374984 0.00378331 0.00973283 0.0274242 0.0104306 0.0236106 0.019568 0.0100634 0.0164829 0.0109944 0.0176554 0.0118566 0.0124763 0.00987001 0.0110323 
0.0112531 0.012622 0.0105962 0.0392017 0.00878001 0.016882 0.00911379 0.0201553 0.00864251 0.0171843 0.00890211 0.0134185 0.0193984 0.00884307 0.00969779 0.00973062 0.00757423 0.0080441 0.00559236 0.00477622 0.004286 0.00381232 0.00380915 0.00379838 0.00385967 0.00374984 0 0.00381818 0.0186494 0.00949688 0.0239397 0.012782 0.0136451 0.0111964 0.00936085 0.0135808 0.0113436 0.0101833 0.00974802 0.0133327 0.0116236 
0.0129846 0.0106861 0.0167779 0.00863072 0.0105609 0.00853503 0.0105488 0.00872835 0.010956 0.00844259 0.0123817 0.0108738 0.0131603 0.0141032 0.0079118 0.00843731 0.00779637 0.00833635 0.00800411 0.00709601 0.0040981 0.00421313 0.00380281 0.00442685 0.00378214 0.00378331 0.00381818 0 0.0236724 0.0210281 0.0101927 0.0160339 0.0105987 0.00968204 0.0176254 0.0178136 0.00995334 0.00883449 0.00915454 0.0112233 0.0231779 
0.0107369 0.00878437 0.00854341 0.00888615 0.00827338 0.00890732 0.00841482 0.0095983 0.00829383 0.0104443 0.00842204 0.0190631 0.0234159 0.00862041 0.0092729 0.00946173 0.00843547 0.017719 0.024395 0.00985439 0.0137277 0.00995659 0.0199052 0.00946004 0.0216528 0.00973283 0.0186494 0.0236724 0 0.00416565 0.0038819 0.0041655 0.00390694 0.00609388 0.00456681 0.00677348 0.00644187 0.00778358 0.00804781 0.0181869 0.0523826 
0.00869664 0.00910326 0.00909112 0.00844046 0.0100318 0.00842204 0.00990628 0.00850981 0.0119042 0.00833412 0.0117405 0.00853382 0.00886781 0.0150482 0.00897031 0.00858071 0.0107716 0.00860087 0.00880671 0.0308587 0.00939582 0.0223949 0.0106289 0.0284474 0.00996272 0.0274242 0.00949688 0.0210281 0.00416565 0 0.00382224 0.00382834 0.00395896 0.00393822 0.00450088 0.00459246 0.00661956 0.00805735 0.00739698 0.0223654 0.0112729 
0.00859793 0.0085644 0.00893067 0.00981846 0.00859457 0.0102718 0.00871676 0.0115218 0.00854842 0.01358 0.0083785 0.00968396 0.0107367 0.00840632 0.00925667 0.0100666 0.00847314 0.00889834 0.00931942 0.00891518 0.0168559 0.00955739 0.0244815 0.00992073 0.0185845 0.0104306 0.0239397 0.0101927 0.0038819 0.00382224 0 0.00379569 0.00380368 0.00403424 0.00429027 0.00871368 0.00563353 0.00648176 0.0189705 0.0107695 0.00913036 
0.00845501 0.00841489 0.00932787 0.00883256 0.00931431 0.00874061 0.00980581 0.00904288 0.00983682 0.0104034 0.00868647 0.00878382 0.00939609 0.00928251 0.00908092 0.0090096 0.00862602 0.00854949 0.0086465 0.00980787 0.00980347 0.0143401 0.0108052 0.0136814 0.011809 0.0236106 0.012782 0.0160339 0.0041655 0.00382834 0.00379569 0 0.00377127 0.003809 0.00397699 0.00404499 0.00451923 0.0119308 0.00670937 0.00709005 0.00712883 
0.00834826 0.00855211 0.00895499 0.00963006 0.00906191 0.0097135 0.00902535 0.00942833 0.0104977 0.00903333 0.00845134 0.0088247 0.00927761 0.00878533 0.00891244 0.00878802 0.00852127 0.00864416 0.00875813 0.008951 0.0100657 0.0103687 0.0113013 0.0144006 0.0179591 0.019568 0.0136451 0.0105987 0.00390694 0.00395896 0.00380368 0.00377127 0 0.00381812 0.00377105 0.00400812 0.00439948 0.00494413 0.00497905 0.00542203 0.00716187 
0.00862042 0.00833343 0.00903738 0.00896245 0.00880031 0.00913905 0.00889491 0.011997 0.00853905 0.00996937 0.00824654 0.0092714 0.00997231 0.00840948 0.00895566 0.00919095 0.00843248 0.00865959 0.00878047 0.00871959 0.0120745 0.00932877 0.0169906 0.00930959 0.0135062 0.0100634 0.0111964 0.00968204 0.00609388 0.00393822 0.00403424 0.003809 0.00381812 0 0.00399078 0.00385961 0.00397029 0.00410645 0.0046975 0.00460689 0.00674494 
0.00830756 0.00866235 0.0090421 0.00875369 0.00965578 0.00877802 0.012439 0.00868236 0.0108615 0.00845315 0.0092794 0.00864964 0.00895791 0.0103022 0.00882739 0.00864086 0.00887798 0.00858574 0.00872877 0.0105114 0.00902066 0.0133447 0.00941381 0.0145456 0.00928055 0.0164829 0.00936085 0.0176254 0.00456681 0.00450088 0.00429027 0.00397699 0.00377105 0.00399078 0 0.00412124 0.00384815 0.00411168 0.00417868 0.0047801 0.00588074 
0.00874884 0.00852757 0.0092101 0.010401 0.00882382 0.013499 0.00881414 0.0115037 0.00842221 0.0123423 0.00822935 0.00975669 0.0110467 0.00844975 0.00927399 0.00997827 0.00837281 0.00888522 0.00934223 0.00897842 0.0154069 0.00955571 0.0204222 0.00960897 0.0175629 0.0109944 0.0135808 0.0178136 0.00677348 0.00459246 0.00871368 0.00404499 0.00400812 0.00385961 0.00412124 0 0.00384825 0.00392302 0.00432029 0.0040301 0.00508265 
0.00842961 0.00865059 0.00998678 0.00875606 0.0112207 0.00881844 0.0102843 0.0087261 0.0121143 0.0087184 0.00979989 0.00874833 0.00921012 0.010633 0.00902037 0.00859554 0.00917504 0.00860794 0.00870329 0.0114694 0.00934827 0.0128008 0.0109831 0.0173019 0.00939604 0.0176554 0.0113436 0.00995334 0.00644187 0.00661956 0.00563353 0.00451923 0.00439948 0.00397029 0.00384815 0.00384825 0 0.00403501 0.00388247 0.00407537 0.0138989 
0.00878534 0.00854787 0.00905952 0.0107572 0.0087464 0.00961811 0.00872516 0.0103088 0.00861061 0.0112715 0.00831563 0.00954921 0.0106235 0.00860652 0.00887124 0.0105817 0.00857075 0.0087043 0.00940601 0.00899929 0.0110253 0.010466 0.0150816 0.00946319 0.0127369 0.0118566 0.0101833 0.00883449 0.00778358 0.00805735 0.00648176 0.0119308 0.00494413 0.00410645 0.00411168 0.00392302 0.00403501 0 0.00395077 0.00395969 0.00418546 
0.00875444 0.00860995 0.0107671 0.00896091 0.00947634 0.0088743 0.00945739 0.00936465 0.00987001 0.00933996 0.00864546 0.00914313 0.00979179 0.00929761 0.00978234 0.00916252 0.00854247 0.00867252 0.00886411 0.0098566 0.0120856 0.0114299 0.0117846 0.0118983 0.0117272 0.0124763 0.00974802 0.00915454 0.00804781 0.00739698 0.0189705 0.00670937 0.00497905 0.0046975 0.00417868 0.00432029 0.00388247 0.00395077 0 0.00427111 0.00392637 
0.00930543 0.00991025 0.00890762 0.00910641 0.00865631 0.00910174 0.00869229 0.00979066 0.00869914 0.00951499 0.00882842 0.00922988 0.0108009 0.0101418 0.00869664 0.00867586 0.00889591 0.00874797 0.00963332 0.0136514 0.00953401 0.0111764 0.0115507 0.0098134 0.00983434 0.00987001 0.0133327 0.0112233 0.0181869 0.0223654 0.0107695 0.00709005 0.00542203 0.00460689 0.0047801 0.0040301 0.00407537 0.00395969 0.00427111 0 0.00410059 
0.0115164 0.0091825 0.00928629 0.00897205 0.00894167 0.00906842 0.00916684 0.00905569 0.00895983 0.00908658 0.0089052 0.00994857 0.0182132 0.0111311 0.00917613 0.0089265 0.00912094 0.00949079 0.0155478 0.0121173 0.0103544 0.0123619 0.012937 0.0119439 0.0109731 0.0110323 0.0116236 0.0231779 0.0523826 0.0112729 0.00913036 0.00712883 0.00716187 0.00674494 0.00588074 0.00508265 0.0138989 0.00418546 0.00392637 0.00410059 0 
