1KDKA
DPPAVHLSNGPGQEPIAVMTFDLTKITKTSSSFEVRTWDPEGVIFYGDTNPKDDWFMLGLRDGRPEIQLHNHWAQLTVGAGPRLDDGRWHQVEVKMEGDSVLLEVDGEEVLRLRQVSGPLTSKRHPIMRIALGGLLFPASNLRLPLVPALDGCLRRDSWLDKQAEISASAPTSLRSC
CCCCEECCCCCCCCCCEEEEEECCCCCCCEEEEEEEECCCCEEEEEEEEECCCEEEEEEEECCEEEEEEECCCCEEEEECCCCCCCCCCEEEEEEEECCEEEEEECCEEEEEECCCCCCCCCCCCCEEEEEECCCCCCHHHCCCCCCCCCCEEEEEEEECCHHHEEEEECCCCCCEC
0 0 0 0 0 0 0 0 0 0 0 0 0 0 0 0 0 0 0 0 0 0 0 0 0 0 0 0 0 0 0 0 0 0 0 0 0 0 0 0 0 0 0 0 0 0 0 0 0 0 0 0 0 0 0 0 0 0 0 0 0 0 0 0 0 0 0 0 0 0 0 0 0 0 0 0 0 0 0 0 0 0 0 0 0 0 0 0 0 0 0 0 0 0 0 0 0 0 0 0 0 0 0 0 0 0 0 0 0 0 0 0 0 0 0 0 0 0 0 0 0 0 0 0 0 0 0 0 0 0 0 0 0 0 0 0 0 0 0 0 0 0 0 0 0 0 0 0 0 0 0 0 0 0 0 0 0 0 0 0 0 0 0 0 0 0 0 0 0 0 0 0 0 0 0 0 0 
0 0 0 0 0 0 0 0 0 0 0 0 0 0 0 0 0 0 0 0 0 0 0 0 0 0 0 0 0 0 0 0 0 0 0 0 0 0 0 0 0 0 0 0 0 0 0 0 0 0 0 0 0 0 0 0 0 0 0 0 0 0 0 0 0 0 0 0 0 0 0 0 0 0 0 0 0 0 0 0 0 0 0 0 0 0 0 0 0 0 0 0 0 0 0 0 0 0 0 0 0 0 0 0 0 0 0 0 0 0 0 0 0 0 0 0 0 0 0 0 0 0 0 0 0 0 0 0 0 0 0 0 0 0 0 0 0 0 0 0 0 0 0 0 0 0 0 0 0 0 0 0 0 0 0 0 0 0 0 0 0 0 0 0 0 0 0 0 0 0 0 0 0 0 0 0 0 
0 0.0104981 0.0276203 0.0409041 0.0154877 0.0117622 0.0183826 0.0248587 0.0153465 0.0150561 0.0094462 0.011994 0.00961796 0.0109412 0.0102608 0.0240979 0.0183959 0.013254 0.00982977 0.0103303 0.00977254 0.00940656 0.00907328 0.0104425 0.0125862 0.010829 0.0103956 0.00977394 0.00959416 0.0100795 0.00935581 0.0117506 0.0133224 0.00996811 0.0107802 0.00875262 0.00955655 0.00890091 0.0101485 0.0113757 0.00988243 0.00957482 0.00848305 0.00892562 0.0114655 0.00928181 0.00834281 0.00869553 0.00869753 0.00890503 0.00841023 0.00925581 0.00960699 0.00970093 0.00915016 0.0086203 0.00894665 0.00963227 0.0122867 0.00903042 0.00839277 0.00829315 0.0083616 0.00893498 0.0109316 0.00863484 0.00883359 0.00831928 0.00862244 0.00862661 0.00977186 0.00848998 0.00823796 0.00821495 0.00820717 0.00822221 0.00825442 0.00824942 0.00885219 0.00832792 0.00832677 0.00839122 0.00837001 0.00946198 0.00998166 
0.0104981 0 0.060248 0.0273435 0.0116474 0.011276 0.020108 0.0195011 0.0199074 0.0130038 0.0100907 0.00984195 0.0148218 0.00883103 0.0171519 0.0111861 0.0199211 0.0135018 0.0104016 0.0105778 0.0107293 0.00921574 0.00919482 0.00974158 0.00952147 0.0130331 0.0121367 0.00978129 0.010581 0.00938565 0.0101755 0.010943 0.0111788 0.0160085 0.00951529 0.00979599 0.00916141 0.00943112 0.00950031 0.0103364 0.0124213 0.00896624 0.00879516 0.00859771 0.00999778 0.0103517 0.00858641 0.00848533 0.00952365 0.00852771 0.0086572 0.00835751 0.00886455 0.0107594 0.00954827 0.00919794 0.0090014 0.00958377 0.00894936 0.00963036 0.00861522 0.00836752 0.00856745 0.00884968 0.00848041 0.00930342 0.00852948 0.00886539 0.00857859 0.0089427 0.00902307 0.00889392 0.00854344 0.00828265 0.00826442 0.00827652 0.00829696 0.00827288 0.0083223 0.00873045 0.00822837 0.00829119 0.00825016 0.00844073 0.00956304 
0.0276203 0.060248 0 0.00395177 0.00383332 0.00387215 0.0039361 0.00527771 0.0161767 0.0100135 0.00974729 0.0111874 0.0271903 0.0601533 0.0319462 0.0527558 0.025268 0.0187707 0.0144776 0.0158389 0.0143934 0.012616 0.0102099 0.0117309 0.0178692 0.0165756 0.0128938 0.0192552 0.015292 0.0159015 0.0167411 0.0150859 0.018749 0.0161931 0.0122109 0.0124644 0.0143442 0.0120454 0.0126405 0.0168572 0.0131657 0.00958103 0.00884746 0.00957909 0.0157534 0.010527 0.0091244 0.0104682 0.0111952 0.0104859 0.00949179 0.00943938 0.0115802 0.0113562 0.0109712 0.0109335 0.0117825 0.0115397 0.0174612 0.00906149 0.00859849 0.00867173 0.00875886 0.0094366 0.0122694 0.00858463 0.00871323 0.00874602 0.00979568 0.00980406 0.0123577 0.00874927 0.0084234 0.00854002 0.00838171 0.00825931 0.00831414 0.00834712 0.00888091 0.00827786 0.00813783 0.00826639 0.00849553 0.00960496 0.0095654 
0.0409041 0.0273435 0.00395177 0 0.00378759 0.00382456 0.00388123 0.00395741 0.0100185 0.0133584 0.011935 0.0284184 0.0551297 0.0487888 0.0382914 0.0106859 0.0159701 0.0416958 0.02476 0.0275039 0.0295291 0.015448 0.0154859 0.013573 0.00962085 0.0103961 0.0366519 0.0252505 0.0515179 0.0277949 0.0385857 0.0195183 0.0112919 0.010074 0.014774 0.0240795 0.026084 0.0307492 0.0169913 0.0105304 0.00914948 0.011304 0.0101791 0.0116389 0.0105587 0.00938862 0.0129126 0.0136421 0.0195405 0.0147667 0.0123297 0.00994911 0.00895391 0.00960788 0.0178983 0.0236364 0.0188585 0.0201571 0.0102573 0.00849254 0.00911911 0.00940507 0.0106806 0.0106785 0.00897262 0.00849357 0.00910264 0.0115123 0.0116708 0.0129735 0.00985498 0.0085629 0.00923047 0.00933806 0.00858341 0.00847304 0.00847272 0.00847108 0.00835612 0.00826656 0.0083152 0.00833368 0.00828846 0.008384 0.00836295 
0.0154877 0.0116474 0.00383332 0.00378759 0 0.00377866 0.00378341 0.00381384 0.00842834 0.0114448 0.0199808 0.0487415 0.0331655 0.0275413 0.00874394 0.00932107 0.0117558 0.0191271 0.0377493 0.0562375 0.023779 0.0267551 0.0173018 0.0114081 0.00875462 0.00990611 0.0190127 0.0659356 0.039625 0.0889531 0.0319321 0.0208041 0.00991945 0.00896895 0.0164991 0.0200397 0.0892521 0.0298376 0.0202833 0.00970882 0.00892045 0.0134484 0.0119419 0.0117748 0.00904843 0.00971191 0.011057 0.0346977 0.0181782 0.0408274 0.0126296 0.0106509 0.00841962 0.00911561 0.0201682 0.0286503 0.0593873 0.0118969 0.0101193 0.00843654 0.00898397 0.0123671 0.0196101 0.00959637 0.0088756 0.00829846 0.00980865 0.0120204 0.0217089 0.0130201 0.0100245 0.00887589 0.00943247 0.0105591 0.00953723 0.00872298 0.00888149 0.00859689 0.0084281 0.00828263 0.00833875 0.00858081 0.0083372 0.00824283 0.00829445 
0.0117622 0.011276 0.00387215 0.00382456 0.00377866 0 0.00376171 0.00377301 0.00897966 0.0234758 0.0675491 0.04779 0.0284992 0.00915436 0.0116178 0.00860892 0.0109551 0.0177661 0.036927 0.0324958 0.027099 0.0179511 0.0225185 0.0100795 0.00918566 0.00952776 0.0220389 0.0348612 0.0766551 0.0250424 0.0666789 0.0126278 0.00982792 0.0102949 0.0101291 0.0638604 0.0242119 0.0841069 0.0110584 0.0106279 0.00932031 0.00998453 0.0177462 0.0096204 0.00967565 0.0090274 0.0145029 0.0150838 0.0412285 0.0151196 0.0249934 0.00891219 0.00864684 0.00933888 0.0145313 0.0542904 0.0222974 0.0174963 0.00934953 0.00847027 0.00912006 0.0119998 0.0118325 0.0113746 0.00851507 0.00850959 0.00876016 0.0214563 0.0123626 0.0152362 0.00983915 0.00858645 0.00939021 0.0100883 0.00916979 0.00897449 0.00860483 0.00859191 0.00835976 0.00829102 0.00831006 0.00845612 0.00822457 0.00817576 0.00823864 
0.0183826 0.020108 0.0039361 0.00388123 0.00378341 0.00376171 0 0.0037944 0.0219329 0.0649383 0.0303939 0.0284292 0.00823322 0.0115635 0.00828773 0.00920343 0.0123703 0.023373 0.0160977 0.0210387 0.0187627 0.0161796 0.0110736 0.0143851 0.00860295 0.0106185 0.0183769 0.0252848 0.0187168 0.0312461 0.0155073 0.0443246 0.0100658 0.00943201 0.0288786 0.0107963 0.0345575 0.0109049 0.0330448 0.00917399 0.00935688 0.0162689 0.00886379 0.0133511 0.00888441 0.0099148 0.0104477 0.0166865 0.0100007 0.0186718 0.0092845 0.0110253 0.00833987 0.0101203 0.0205357 0.0127694 0.0210447 0.0113976 0.00993252 0.00898812 0.00917929 0.0089646 0.0107966 0.00909925 0.00890479 0.00844626 0.0160854 0.00940596 0.0135529 0.0115461 0.0102179 0.00874252 0.00923304 0.00897005 0.00861595 0.00829948 0.00840678 0.00832861 0.00830478 0.00849001 0.00823426 0.00827646 0.00819377 0.00810789 0.00827734 
0.0248587 0.0195011 0.00527771 0.00395741 0.00381384 0.00377301 0.0037944 0 0.0554687 0.0280674 0.0177456 0.00831815 0.010177 0.00765108 0.00910094 0.00902862 0.0188817 0.0127373 0.0112324 0.0128484 0.0122252 0.0101459 0.0100664 0.00904783 0.0123286 0.016637 0.0121076 0.012458 0.0128958 0.0104178 0.014099 0.0102063 0.0168193 0.0231127 0.00929991 0.0125806 0.0102564 0.0113887 0.00927434 0.0166965 0.018463 0.00889638 0.00903536 0.00861209 0.0132379 0.0160206 0.00893021 0.00920942 0.0106991 0.00950496 0.00944457 0.00851647 0.0100628 0.0176349 0.0101745 0.0107923 0.00961676 0.0101652 0.00952699 0.0126818 0.00902434 0.00885292 0.0086915 0.00904763 0.00861178 0.0147689 0.00851563 0.00924836 0.0087329 0.00916265 0.00998693 0.0100403 0.0089408 0.00845531 0.00827379 0.00820943 0.0082107 0.00826486 0.00855021 0.00925766 0.00827861 0.00827596 0.0082341 0.00831702 0.00921031 
0.0153465 0.0199074 0.0161767 0.0100185 0.00842834 0.00897966 0.0219329 0.0554687 0 0.00387124 0.00376869 0.00378689 0.00383093 0.00382471 0.00404914 0.00652461 0.00828039 0.00778389 0.00850974 0.00860483 0.00895602 0.00851435 0.0173974 0.034671 0.0331625 0.0111605 0.00972454 0.00999245 0.0101795 0.00992894 0.010863 0.0110763 0.0249354 0.012503 0.010181 0.0109687 0.00986457 0.0114374 0.00935719 0.0310396 0.0130494 0.00933134 0.00940862 0.00919587 0.0180341 0.0100795 0.00917147 0.00912392 0.0111984 0.00890451 0.00973269 0.00903704 0.020838 0.0104967 0.00939839 0.0093508 0.00907034 0.0111588 0.0154632 0.00898224 0.0084731 0.00850366 0.00836745 0.00997297 0.0118639 0.00857268 0.00840254 0.0088402 0.00878337 0.00963137 0.010783 0.00850781 0.00819566 0.00835246 0.00826992 0.00821826 0.00814255 0.00830555 0.00940125 0.00832518 0.00809227 0.00827859 0.00830573 0.00924485 0.00940916 
0.0150561 0.0130038 0.0100135 0.0133584 0.0114448 0.0234758 0.0649383 0.0280674 0.00387124 0 0.00376939 0.00376262 0.00378225 0.00377919 0.00392391 0.00407897 0.00665243 0.00907529 0.00875121 0.0101527 0.0103357 0.0161988 0.0364513 0.0329582 0.00855768 0.00918244 0.0120774 0.0171296 0.0116185 0.0213889 0.0114398 0.028091 0.0106693 0.00862895 0.0202427 0.00970629 0.0310207 0.00948848 0.0350708 0.00928119 0.00876496 0.0235896 0.00863451 0.0162045 0.00919788 0.0100491 0.00956141 0.0187773 0.00940333 0.0233877 0.00872717 0.0299207 0.00890934 0.00892068 0.0214668 0.0119541 0.0232558 0.0102105 0.0119772 0.00828595 0.00872505 0.00876615 0.012009 0.00899993 0.0106051 0.00820388 0.00991909 0.00870817 0.0161175 0.00992897 0.010129 0.00849214 0.00872163 0.00886495 0.00847058 0.0083571 0.00834017 0.00834092 0.00955568 0.00820269 0.00835243 0.00816867 0.00830939 0.0082318 0.00843396 
0.0094462 0.0100907 0.00974729 0.011935 0.0199808 0.0675491 0.0303939 0.0177456 0.00376869 0.00376939 0 0.00374454 0.003762 0.00377755 0.00382151 0.00383027 0.00647014 0.00849858 0.010889 0.0124504 0.0309175 0.0317458 0.0351079 0.00866729 0.00969966 0.00800232 0.0132178 0.015256 0.0391537 0.013061 0.055115 0.00992145 0.00938728 0.0105331 0.00888558 0.0564814 0.0114334 0.112865 0.00932888 0.0136276 0.0100493 0.00873861 0.0308848 0.00890635 0.0106261 0.00872783 0.0197909 0.0103427 0.0824083 0.010592 0.0707094 0.00858924 0.00935938 0.0093111 0.0118509 0.0617105 0.0144001 0.0245003 0.00865084 0.00844814 0.00898554 0.0122221 0.0104492 0.0157388 0.00831211 0.00851264 0.00838964 0.02479 0.0106291 0.0192249 0.00930875 0.00853916 0.00935307 0.0100829 0.00924275 0.00856238 0.00859505 0.00892922 0.00833354 0.00831877 0.00826052 0.00854539 0.00820823 0.00822317 0.00815401 
0.011994 0.00984195 0.0111874 0.0284184 0.0487415 0.04779 0.0284292 0.00831815 0.00378689 0.00376262 0.00374454 0 0.00374439 0.00377163 0.00377669 0.00381338 0.0056751 0.00845077 0.0137143 0.0288013 0.0442419 0.0435286 0.00890635 0.0100815 0.00749644 0.00888005 0.0115324 0.0275587 0.0134537 0.0558888 0.0119189 0.0190891 0.00959504 0.00829757 0.0284689 0.00966771 0.145044 0.00980238 0.0363087 0.00892832 0.00854118 0.0330923 0.00889299 0.0181714 0.00873217 0.0104997 0.00938048 0.0886289 0.0096751 0.150909 0.00912074 0.0168407 0.00840384 0.00917887 0.0329222 0.0151924 0.0837554 0.0101585 0.0124129 0.00835033 0.00915733 0.0111679 0.0248013 0.0088829 0.0106819 0.00823126 0.0129856 0.00951449 0.0472795 0.0110244 0.011194 0.00907916 0.00922845 0.0107625 0.00906797 0.00887773 0.0100224 0.00845689 0.00855708 0.00823498 0.0084394 0.00839896 0.00838717 0.00823316 0.00831825 
0.00961796 0.0148218 0.0271903 0.0551297 0.0331655 0.0284992 0.00823322 0.010177 0.00383093 0.00378225 0.003762 0.00374439 0 0.00379319 0.00378853 0.00375856 0.0049253 0.00858054 0.0269558 0.0524982 0.0383175 0.0107636 0.0101589 0.00706918 0.00787385 0.00787658 0.0131722 0.0108909 0.038578 0.00935206 0.0330049 0.00920493 0.00975806 0.0134753 0.00848717 0.0939996 0.0100676 0.101293 0.00874333 0.0132109 0.0134197 0.0086059 0.0296258 0.00859767 0.0114463 0.00857411 0.0267628 0.00934991 0.169342 0.00931334 0.0462863 0.00846282 0.010002 0.0105564 0.0106531 0.0694365 0.0112353 0.0339847 0.00859737 0.00861993 0.00935636 0.0113008 0.00976934 0.0178826 0.00833433 0.0091474 0.00827115 0.0336157 0.00990538 0.0208659 0.00943801 0.00845127 0.00933623 0.0101249 0.00984118 0.00970968 0.00845387 0.00882881 0.00829094 0.00868639 0.00823885 0.00867545 0.00824946 0.00829045 0.00821153 
0.0109412 0.00883103 0.0601533 0.0487888 0.0275413 0.00915436 0.0115635 0.00765108 0.00382471 0.00377919 0.00377755 0.00377163 0.00379319 0 0.00374143 0.00385054 0.00482775 0.0244548 0.0413642 0.0338179 0.0102192 0.00957002 0.00711771 0.00772396 0.0070296 0.0079939 0.00907282 0.0317036 0.00941268 0.0285588 0.00925823 0.0124977 0.00886714 0.00804186 0.0456035 0.0088137 0.0776685 0.00900861 0.0225982 0.00864534 0.00832306 0.0271526 0.00852487 0.0137602 0.00852481 0.0139305 0.00866122 0.116789 0.00881045 0.0595064 0.00859507 0.0141281 0.0083392 0.00892075 0.0251989 0.0108135 0.0565706 0.00900372 0.0118491 0.00831474 0.0087524 0.00981248 0.0163703 0.00835932 0.0111749 0.00819651 0.0157349 0.00854761 0.030569 0.00913271 0.0100689 0.00927769 0.00865218 0.00941289 0.0091813 0.00834343 0.00883276 0.00827722 0.00851418 0.00824089 0.00834904 0.00822527 0.00825996 0.00820595 0.00830936 
0.0102608 0.0171519 0.0319462 0.0382914 0.00874394 0.0116178 0.00828773 0.00910094 0.00404914 0.00392391 0.00382151 0.00377669 0.00378853 0.00374143 0 0.00375976 0.00894012 0.0409006 0.027473 0.00982068 0.00915931 0.0067146 0.00733356 0.00680362 0.00658211 0.00755022 0.0173086 0.00860058 0.0130709 0.00834081 0.0162107 0.00890327 0.00837143 0.0227642 0.00875205 0.0247165 0.00874563 0.0265748 0.00869075 0.0116491 0.0126675 0.00846002 0.012647 0.00864569 0.00989738 0.00863804 0.0419692 0.00852708 0.0249058 0.00874473 0.0166581 0.00843721 0.0087876 0.0116732 0.00988962 0.0216272 0.00918235 0.0193851 0.00840098 0.00888229 0.00963656 0.00860335 0.00848567 0.0132829 0.00819185 0.00913655 0.00827754 0.0129807 0.00840309 0.0132179 0.00877367 0.00838417 0.00916107 0.00861661 0.00838109 0.0082074 0.00817127 0.00834923 0.00816841 0.00841661 0.00815917 0.00832567 0.00812327 0.00812287 0.00831161 
0.0240979 0.0111861 0.0527558 0.0106859 0.00932107 0.00860892 0.00920343 0.00902862 0.00652461 0.00407897 0.00383027 0.00381338 0.00375856 0.00385054 0.00375976 0 0.0317379 0.0345014 0.00518777 0.0102073 0.00555954 0.0064966 0.00590504 0.00626786 0.0060925 0.0157106 0.0081496 0.00915196 0.00834798 0.00992783 0.00856757 0.00960523 0.0115133 0.0118115 0.0137243 0.00853039 0.0120821 0.00860127 0.011282 0.00906846 0.0107369 0.0140619 0.00830368 0.00927219 0.00917276 0.028189 0.00830749 0.011523 0.00846892 0.0112889 0.00829109 0.00988592 0.00875228 0.0133739 0.0113809 0.00875757 0.0108079 0.00862924 0.0128391 0.0115596 0.00860608 0.00836289 0.00919895 0.00827237 0.0111327 0.00915777 0.00972824 0.00822298 0.00948595 0.00840878 0.0107042 0.0102966 0.0085887 0.0083989 0.00841437 0.0082089 0.00822531 0.00814388 0.0084243 0.00882824 0.00836472 0.00815731 0.00815738 0.00820992 0.00971528 
0.0183959 0.0199211 0.025268 0.0159701 0.0117558 0.0109551 0.0123703 0.0188817 0.00828039 0.00665243 0.00647014 0.0056751 0.0049253 0.00482775 0.00894012 0.0317379 0 0.00388394 0.00378951 0.00381392 0.00381606 0.00384627 0.00385678 0.00421222 0.00692675 0.00675337 0.00765023 0.00820328 0.00874075 0.00925954 0.0104768 0.0365636 0.341359 0.0164457 0.0103655 0.0101805 0.0121099 0.0105342 0.0105963 0.0179596 0.0149141 0.0127296 0.0098565 0.0108585 0.0238825 0.0122744 0.00945974 0.011692 0.0106917 0.0113227 0.0095987 0.00997729 0.0138009 0.0157911 0.0136656 0.0102661 0.0114888 0.0110724 0.0198384 0.00975177 0.00875455 0.00879538 0.00882828 0.00964442 0.0154486 0.00892877 0.00959754 0.00872889 0.0102396 0.00949087 0.0125605 0.0096584 0.00840834 0.00851317 0.00841402 0.00837193 0.00825137 0.00845219 0.0101736 0.00832247 0.00837029 0.00826428 0.00848462 0.00956079 0.00988245 
0.013254 0.0135018 0.0187707 0.0416958 0.0191271 0.0177661 0.023373 0.0127373 0.00778389 0.00907529 0.00849858 0.00845077 0.00858054 0.0244548 0.0409006 0.0345014 0.00388394 0 0.00377134 0.00377711 0.00379674 0.00381696 0.00385805 0.00483585 0.00439066 0.00679688 0.00892854 0.00986704 0.00915054 0.0155478 0.0417717 0.418041 0.0816416 0.0107771 0.0185432 0.0123726 0.0171923 0.0153837 0.0185397 0.0105312 0.0101643 0.0162901 0.0100527 0.0174356 0.010249 0.00980596 0.0155584 0.0148488 0.0176864 0.0153755 0.011298 0.0126065 0.00992787 0.0100664 0.0317601 0.0220951 0.0226182 0.0179778 0.0110354 0.00857806 0.00994256 0.00985174 0.0116803 0.0120363 0.00967698 0.00860241 0.0101395 0.0114131 0.0155538 0.014347 0.0103188 0.00873571 0.0102271 0.00953095 0.00894135 0.00862651 0.00866764 0.0089892 0.00859237 0.00841382 0.0082728 0.00833826 0.00852281 0.00855016 0.00836403 
0.00982977 0.0104016 0.0144776 0.02476 0.0377493 0.036927 0.0160977 0.0112324 0.00850974 0.00875121 0.010889 0.0137143 0.0269558 0.0413642 0.027473 0.00518777 0.00378951 0.00377134 0 0.00376947 0.00376533 0.00376928 0.0042046 0.00393888 0.00386494 0.00633786 0.00922363 0.011193 0.0175623 0.0261835 0.430353 0.090536 0.0127936 0.00900824 0.00995964 0.0243209 0.0226288 0.0310381 0.0119915 0.0104387 0.00993874 0.00973419 0.0203552 0.0101427 0.0102622 0.00955134 0.0154118 0.0248932 0.0397381 0.0242345 0.0261643 0.0100314 0.00906046 0.00994062 0.0208012 0.0669293 0.0503447 0.023619 0.00984399 0.00865002 0.00978562 0.0143006 0.0208075 0.0121128 0.00891602 0.00892738 0.0099595 0.0243883 0.0301242 0.0238951 0.0117379 0.00943219 0.010546 0.0142672 0.0108134 0.00938034 0.00941997 0.00953115 0.00866292 0.00850374 0.00846406 0.00892022 0.0084318 0.00833139 0.00838017 
0.0103303 0.0105778 0.0158389 0.0275039 0.0562375 0.0324958 0.0210387 0.0128484 0.00860483 0.0101527 0.0124504 0.0288013 0.0524982 0.0338179 0.00982068 0.0102073 0.00381392 0.00377711 0.00376947 0 0.00375696 0.00374993 0.00376002 0.00380429 0.00380049 0.00553652 0.00761487 0.0137841 0.0117866 0.614352 0.10771 0.0389133 0.00977651 0.00830541 0.0127446 0.0140338 0.0374 0.0198733 0.0175304 0.0110589 0.00915329 0.0171233 0.0108756 0.0160239 0.00990191 0.0106974 0.0145654 0.0375028 0.0224432 0.0455696 0.0167901 0.0122961 0.00883628 0.0103454 0.0289287 0.0474981 0.0693496 0.0197307 0.0122632 0.00871551 0.0100859 0.0145189 0.0230723 0.0116564 0.00942182 0.00854361 0.0119111 0.018879 0.0413504 0.0225677 0.0154505 0.00942317 0.0114461 0.0142303 0.0117634 0.0101203 0.00978566 0.00917479 0.00889788 0.00844228 0.0084518 0.00901794 0.00844905 0.00831768 0.00831987 
0.00977254 0.0107293 0.0143934 0.0295291 0.023779 0.027099 0.0187627 0.0122252 0.00895602 0.0103357 0.0309175 0.0442419 0.0383175 0.0102192 0.00915931 0.00555954 0.00381606 0.00379674 0.00376533 0.00375696 0 0.0037527 0.00374949 0.00376207 0.00377126 0.00477594 0.00891493 0.0102442 0.663755 0.0663936 0.0605826 0.00965697 0.00868385 0.00862181 0.00893658 0.0155865 0.0143324 0.0194381 0.0108583 0.0118171 0.00938175 0.00958595 0.0139428 0.00961797 0.0111381 0.00946374 0.014918 0.0167801 0.0336289 0.0181327 0.0220917 0.00935126 0.0091719 0.0100087 0.0167766 0.0480755 0.0273044 0.0241847 0.00986283 0.00861669 0.00930986 0.0135314 0.0131358 0.0147898 0.00903905 0.00853336 0.010411 0.0213926 0.0184133 0.0235972 0.0117401 0.00936223 0.0106208 0.0127524 0.0105656 0.00921432 0.00892594 0.0089988 0.00854207 0.00855056 0.00834052 0.0087229 0.00830048 0.00828598 0.00822169 
0.00940656 0.00921574 0.012616 0.015448 0.0267551 0.0179511 0.0161796 0.0101459 0.00851435 0.0161988 0.0317458 0.0435286 0.0107636 0.00957002 0.0067146 0.0064966 0.00384627 0.00381696 0.00376928 0.00374993 0.0037527 0 0.00373478 0.00377447 0.00376258 0.00410852 0.00559009 0.629573 0.0596399 0.0518039 0.00972875 0.0089817 0.00801905 0.00707295 0.01 0.00871651 0.0165753 0.00986373 0.0124378 0.00882339 0.0083571 0.0116491 0.00916004 0.011915 0.0090441 0.00970784 0.00979058 0.0268538 0.0123434 0.0299481 0.010135 0.0101887 0.00862774 0.00914581 0.0183115 0.0195465 0.0422526 0.0114868 0.00977894 0.00850678 0.00885431 0.0103929 0.0151215 0.00910827 0.00901783 0.00832687 0.0104016 0.0108704 0.0243442 0.0111814 0.0107845 0.00926932 0.00963919 0.0106646 0.0097375 0.0085311 0.00882543 0.00844047 0.00850252 0.0083079 0.00827237 0.00841742 0.00826519 0.00817393 0.0081761 
0.00907328 0.00919482 0.0102099 0.0154859 0.0173018 0.0225185 0.0110736 0.0100664 0.0173974 0.0364513 0.0351079 0.00890635 0.0101589 0.00711771 0.00733356 0.00590504 0.00385678 0.00385805 0.0042046 0.00376002 0.00374949 0.00373478 0 0.00375519 0.00374824 0.00405634 0.528925 0.0695328 0.0409485 0.00705264 0.00892818 0.0072917 0.00674906 0.00752491 0.00755533 0.0123054 0.00908272 0.0132689 0.00871275 0.00880741 0.00869179 0.00871115 0.0117446 0.00880472 0.00886836 0.00870661 0.0118271 0.0114532 0.0222883 0.0107189 0.0138814 0.00887786 0.00853418 0.00902004 0.0104299 0.0318069 0.0134545 0.013541 0.00872073 0.00837633 0.00870922 0.0101509 0.00987269 0.00963542 0.0083461 0.0083161 0.00856137 0.0168988 0.0105974 0.0118205 0.00880052 0.0085662 0.00899041 0.0103298 0.00875369 0.00848581 0.00838614 0.00842609 0.00832728 0.00829765 0.00815183 0.00831487 0.0081529 0.00815092 0.00810304 
0.0104425 0.00974158 0.0117309 0.013573 0.0114081 0.0100795 0.0143851 0.00904783 0.034671 0.0329582 0.00866729 0.0100815 0.00706918 0.00772396 0.00680362 0.00626786 0.00421222 0.00483585 0.00393888 0.00380429 0.00376207 0.00377447 0.00375519 0 0.00385932 0.0588045 0.0938835 0.0147427 0.00511436 0.00710095 0.00691382 0.00680582 0.00678758 0.00781141 0.0125521 0.00742236 0.0099188 0.00813852 0.00949946 0.0078785 0.00889521 0.0121736 0.0083871 0.00976007 0.00858503 0.00968887 0.00971656 0.0103203 0.00882886 0.010656 0.00845446 0.00933072 0.00840003 0.00956952 0.0141771 0.00958332 0.0112693 0.00946119 0.00893296 0.0089073 0.00898235 0.00843594 0.00876817 0.00851989 0.00855771 0.00842005 0.00978047 0.00843316 0.00932997 0.0091571 0.00917821 0.00869903 0.00864342 0.00829263 0.00819106 0.00810913 0.00813165 0.00814524 0.00820319 0.00827737 0.00810366 0.00806597 0.00809933 0.008091 0.00833819 
0.0125862 0.00952147 0.0178692 0.00962085 0.00875462 0.00918566 0.00860295 0.0123286 0.0331625 0.00855768 0.00969966 0.00749644 0.00787385 0.0070296 0.00658211 0.0060925 0.00692675 0.00439066 0.00386494 0.00380049 0.00377126 0.00376258 0.00374824 0.00385932 0 0.725522 0.00525468 0.00391462 0.00427947 0.00448628 0.00599958 0.00579829 0.00657743 0.0172292 0.00696528 0.00728111 0.00720059 0.00749893 0.00716875 0.00805155 0.0129135 0.00903751 0.00832166 0.00806327 0.0100068 0.0122804 0.0083449 0.00850306 0.00896021 0.00845077 0.00853328 0.00824234 0.00902543 0.0142897 0.00951775 0.00900701 0.00861394 0.00896331 0.00864182 0.012318 0.00887603 0.00842913 0.00832064 0.00840004 0.00837583 0.0102061 0.00824721 0.00841446 0.00836783 0.00843748 0.0092302 0.00925875 0.00845319 0.00831556 0.0081784 0.00814223 0.00810205 0.00812568 0.00820357 0.00908995 0.00814734 0.00811871 0.00805688 0.00817935 0.008955 
0.010829 0.0130331 0.0165756 0.0103961 0.00990611 0.00952776 0.0106185 0.016637 0.0111605 0.00918244 0.00800232 0.00888005 0.00787658 0.0079939 0.00755022 0.0157106 0.00675337 0.00679688 0.00633786 0.00553652 0.00477594 0.00410852 0.00405634 0.0588045 0.725522 0 0.0037593 0.00375263 0.00378751 0.00377125 0.00378598 0.00398702 0.00515589 0.00560481 0.00597808 0.0064189 0.00706673 0.00709377 0.00719269 0.0292427 0.0268875 0.00876298 0.00852877 0.009199 0.0129859 0.0102727 0.00881164 0.0100397 0.00974132 0.00985528 0.0088976 0.00938482 0.0117786 0.0107479 0.0112502 0.00947647 0.0102954 0.00996273 0.0157525 0.00910045 0.00874391 0.00874631 0.00861801 0.00914721 0.0134326 0.00855928 0.00865166 0.00850986 0.0094484 0.00893562 0.0111775 0.00877018 0.00850958 0.00855069 0.00842584 0.00828239 0.00823419 0.00834498 0.0104803 0.00820927 0.00813101 0.00819443 0.00820691 0.00896597 0.00952632 
0.0103956 0.0121367 0.0128938 0.0366519 0.0190127 0.0220389 0.0183769 0.0121076 0.00972454 0.0120774 0.0132178 0.0115324 0.0131722 0.00907282 0.0173086 0.0081496 0.00765023 0.00892854 0.00922363 0.00761487 0.00891493 0.00559009 0.528925 0.0938835 0.00525468 0.0037593 0 0.00374559 0.003753 0.00377099 0.00377307 0.00388414 0.00446218 0.00543812 0.00646665 0.00702375 0.00935577 0.0084914 0.0205951 0.753829 0.0102108 0.00964295 0.010754 0.010954 0.0102836 0.00945433 0.0159369 0.0116462 0.0174624 0.0110596 0.0131973 0.00971644 0.00938562 0.00990698 0.0193121 0.0283554 0.0169853 0.0215337 0.00964941 0.00876638 0.00982579 0.00999489 0.0104819 0.0129865 0.0088241 0.0086913 0.00942598 0.0126617 0.0116671 0.0210702 0.00971049 0.00893812 0.0102892 0.00951201 0.00912768 0.00853441 0.00860547 0.00943053 0.00832726 0.00836456 0.00820925 0.00836737 0.00827196 0.0084142 0.00843472 
0.00977394 0.00978129 0.0192552 0.0252505 0.0659356 0.0348612 0.0252848 0.012458 0.00999245 0.0171296 0.015256 0.0275587 0.0108909 0.0317036 0.00860058 0.00915196 0.00820328 0.00986704 0.011193 0.0137841 0.0102442 0.629573 0.0695328 0.0147427 0.00391462 0.00375263 0.00374559 0 0.00374991 0.00376676 0.00379595 0.00379205 0.00421585 0.00463815 0.00741842 0.00823184 0.0122746 0.0137162 0.897894 0.00996791 0.00801644 0.0122899 0.00944988 0.0127105 0.00916435 0.0114602 0.0124036 0.0441581 0.0145097 0.0520715 0.0133783 0.0134619 0.00875902 0.0106832 0.0336491 0.032492 0.087759 0.0148767 0.0117118 0.008812 0.0102762 0.013976 0.0329219 0.0110312 0.0103082 0.00860561 0.0134036 0.0157028 0.0660098 0.0170635 0.0141434 0.0105626 0.0119074 0.0181543 0.0129993 0.0105023 0.013522 0.00916523 0.00872679 0.00850797 0.0085242 0.0090075 0.00847651 0.00821929 0.00824744 
0.00959416 0.010581 0.015292 0.0515179 0.039625 0.0766551 0.0187168 0.0128958 0.0101795 0.0116185 0.0391537 0.0134537 0.038578 0.00941268 0.0130709 0.00834798 0.00874075 0.00915054 0.0175623 0.0117866 0.663755 0.0596399 0.0409485 0.00511436 0.00427947 0.00378751 0.003753 0.00374991 0 0.00375169 0.00375191 0.00376718 0.00390813 0.00543069 0.00568349 0.0081799 0.0114671 0.956433 0.0138126 0.00800161 0.00850983 0.00879313 0.0181063 0.00942966 0.010755 0.0101186 0.021886 0.0151909 0.0672383 0.0149229 0.0414911 0.0096844 0.00934467 0.0111764 0.019995 0.101032 0.0304552 0.0384129 0.00969514 0.00893659 0.0104418 0.0207728 0.016346 0.021861 0.00885714 0.00894569 0.0102883 0.0488038 0.02139 0.0385804 0.0117445 0.0100012 0.0146439 0.0165958 0.0143037 0.0133445 0.00981396 0.0100646 0.00880848 0.00887978 0.00855876 0.00969406 0.00844134 0.00834942 0.00829025 
0.0100795 0.00938565 0.0159015 0.0277949 0.0889531 0.0250424 0.0312461 0.0104178 0.00992894 0.0213889 0.013061 0.0558888 0.00935206 0.0285588 0.00834081 0.00992783 0.00925954 0.0155478 0.0261835 0.614352 0.0663936 0.0518039 0.00705264 0.00710095 0.00448628 0.00377125 0.00377099 0.00376676 0.00375169 0 0.00376354 0.00376822 0.00397583 0.00398458 0.00762906 0.00689716 0.955904 0.0104942 0.00932244 0.00649137 0.00774681 0.0144047 0.00851864 0.0259547 0.00903498 0.0114656 0.0105176 0.0551946 0.0125881 0.072779 0.0100688 0.0159748 0.00870297 0.0102899 0.0392132 0.0267883 0.120711 0.011907 0.01384 0.00876452 0.0109997 0.0145038 0.0342319 0.0098954 0.0116188 0.0084434 0.0264852 0.0129541 0.0773504 0.0156427 0.0159286 0.0101229 0.0121666 0.018361 0.014393 0.0103182 0.0103694 0.00904809 0.00887092 0.00860264 0.00869465 0.00887383 0.00843378 0.00829196 0.0083776 
0.00935581 0.0101755 0.0167411 0.0385857 0.0319321 0.0666789 0.0155073 0.014099 0.010863 0.0114398 0.055115 0.0119189 0.0330049 0.00925823 0.0162107 0.00856757 0.0104768 0.0417717 0.430353 0.10771 0.0605826 0.00972875 0.00892818 0.00691382 0.00599958 0.00378598 0.00377307 0.00379595 0.00375191 0.00376354 0 0.00375616 0.00377677 0.00453219 0.00468307 0.960432 0.0120278 0.0144698 0.00634669 0.00722551 0.00807824 0.00802638 0.0166804 0.00904116 0.0103335 0.00992929 0.0204113 0.0125423 0.0592385 0.0121393 0.0376306 0.00911535 0.00946491 0.0118518 0.0149201 0.0843279 0.0218962 0.0328852 0.00947327 0.00914327 0.00996084 0.0173472 0.0146391 0.0212374 0.0087618 0.00908431 0.00941751 0.0404704 0.0162606 0.0316524 0.0113206 0.0106432 0.0135377 0.014717 0.0121204 0.00965086 0.00962292 0.00932923 0.00864203 0.00953471 0.00847885 0.00969832 0.00833585 0.0082959 0.00825456 
0.0117506 0.010943 0.0150859 0.0195183 0.0208041 0.0126278 0.0443246 0.0102063 0.0110763 0.028091 0.00992145 0.0190891 0.00920493 0.0124977 0.00890327 0.00960523 0.0365636 0.418041 0.090536 0.0389133 0.00965697 0.0089817 0.0072917 0.00680582 0.00579829 0.00398702 0.00388414 0.00379205 0.00376718 0.00376822 0.00375616 0 0.00411589 0.0056696 0.992273 0.00468686 0.0112333 0.00553984 0.00913217 0.00631251 0.00849267 0.0155659 0.00867706 0.0122519 0.00897527 0.0123302 0.0116373 0.0149574 0.0095842 0.0168638 0.00890721 0.0150716 0.00868723 0.0107673 0.0274925 0.0119299 0.0237541 0.0151965 0.012974 0.00958084 0.00959601 0.00929429 0.0124977 0.0106202 0.00992244 0.00880551 0.0134333 0.00933201 0.0147161 0.0176042 0.0160615 0.00945688 0.010377 0.00963527 0.00863986 0.00835444 0.00847198 0.00869439 0.00854851 0.0087501 0.00837411 0.00819886 0.00831365 0.00811568 0.00848316 
0.0133224 0.0111788 0.018749 0.0112919 0.00991945 0.00982792 0.0100658 0.0168193 0.0249354 0.0106693 0.00938728 0.00959504 0.00975806 0.00886714 0.00837143 0.0115133 0.341359 0.0816416 0.0127936 0.00977651 0.00868385 0.00801905 0.00674906 0.00678758 0.00657743 0.00515589 0.00446218 0.00421585 0.00390813 0.00397583 0.00377677 0.00411589 0 0.997799 0.00472643 0.0047027 0.00477837 0.0047464 0.00555426 0.00642552 0.00956123 0.00908393 0.00790101 0.00789786 0.010506 0.014731 0.00873371 0.00964662 0.00894265 0.00933534 0.00847657 0.00907329 0.00976368 0.0167906 0.01077 0.00966931 0.00966839 0.0105562 0.0122928 0.0135366 0.00896166 0.00880395 0.00879325 0.00915117 0.0104711 0.0113603 0.00870417 0.00857233 0.00908436 0.00992255 0.0166678 0.0112043 0.00895858 0.00844127 0.00843324 0.00821956 0.00819419 0.00828568 0.00883392 0.00926104 0.00823083 0.00815514 0.0081755 0.00829277 0.00925249 
0.00996811 0.0160085 0.0161931 0.010074 0.00896895 0.0102949 0.00943201 0.0231127 0.012503 0.00862895 0.0105331 0.00829757 0.0134753 0.00804186 0.0227642 0.0118115 0.0164457 0.0107771 0.00900824 0.00830541 0.00862181 0.00707295 0.00752491 0.00781141 0.0172292 0.00560481 0.00543812 0.00463815 0.00543069 0.00398458 0.00453219 0.0056696 0.997799 0 0.00380166 0.00381893 0.00378916 0.00403452 0.00397138 0.00548653 0.0102183 0.00614926 0.00817795 0.00697815 0.0166171 0.00921484 0.0169722 0.00821619 0.0146417 0.00821413 0.0157626 0.00846254 0.0239054 0.0132692 0.00926476 0.0108857 0.00860168 0.0177801 0.0110652 0.0102681 0.00977988 0.00857239 0.00835789 0.0137043 0.00998566 0.0102481 0.00821731 0.0104565 0.0083466 0.0109115 0.010797 0.00877441 0.00833649 0.0082733 0.00820258 0.00831818 0.00809086 0.00846331 0.0088097 0.00849351 0.00809158 0.00850024 0.00833171 0.00981903 0.00986128 
0.0107802 0.00951529 0.0122109 0.014774 0.0164991 0.0101291 0.0288786 0.00929991 0.010181 0.0202427 0.00888558 0.0284689 0.00848717 0.0456035 0.00875205 0.0137243 0.0103655 0.0185432 0.00995964 0.0127446 0.00893658 0.01 0.00755533 0.0125521 0.00696528 0.00597808 0.00646665 0.00741842 0.00568349 0.00762906 0.00468307 0.992273 0.00472643 0.00380166 0 0.00374913 0.00378292 0.00380481 0.00437267 0.00381816 0.00564977 0.0126061 0.00649214 0.0142793 0.00963121 0.0356332 0.00834902 0.0225463 0.00840293 0.0423827 0.0083197 0.0417735 0.00852407 0.00984648 0.029029 0.00951882 0.0302789 0.00904248 0.0167113 0.00870324 0.00893105 0.00919977 0.0144866 0.00873008 0.014859 0.00836942 0.0157392 0.00849318 0.0271595 0.00932774 0.0104307 0.00935576 0.00892598 0.00903112 0.00859343 0.00829848 0.00891151 0.00826607 0.00868062 0.00830603 0.00847983 0.00814146 0.00847026 0.00826935 0.00911426 
0.00875262 0.00979599 0.0124644 0.0240795 0.0200397 0.0638604 0.0107963 0.0125806 0.0109687 0.00970629 0.0564814 0.00966771 0.0939996 0.0088137 0.0247165 0.00853039 0.0101805 0.0123726 0.0243209 0.0140338 0.0155865 0.00871651 0.0123054 0.00742236 0.00728111 0.0064189 0.00702375 0.00823184 0.0081799 0.00689716 0.960432 0.00468686 0.0047027 0.00381893 0.00374913 0 0.00374698 0.00376056 0.00375289 0.00379448 0.00761 0.00585142 0.0108516 0.00802838 0.872235 0.00856986 0.0200789 0.0088419 0.0943435 0.00852397 0.0566991 0.00842683 0.010418 0.0109108 0.0108406 0.0930211 0.0110356 0.0439308 0.00878997 0.00880356 0.0103218 0.0132845 0.0101188 0.0260462 0.00856566 0.00997039 0.00865074 0.0538801 0.0107026 0.0373311 0.00953724 0.00925746 0.0120617 0.0123739 0.0106206 0.00988394 0.00872872 0.00959787 0.00839367 0.00949022 0.00834164 0.00947927 0.00824487 0.00832328 0.00823367 
0.00955655 0.00916141 0.0143442 0.026084 0.0892521 0.0242119 0.0345575 0.0102564 0.00986457 0.0310207 0.0114334 0.145044 0.0100676 0.0776685 0.00874563 0.0120821 0.0121099 0.0171923 0.0226288 0.0374 0.0143324 0.0165753 0.00908272 0.0099188 0.00720059 0.00706673 0.00935577 0.0122746 0.0114671 0.955904 0.0120278 0.0112333 0.00477837 0.00378916 0.00378292 0.00374698 0 0.00375401 0.00376358 0.00375404 0.0045562 0.0274871 0.00811125 0.946049 0.0168604 0.0117981 0.00953536 0.066973 0.00897127 0.092265 0.00861803 0.0209964 0.00856402 0.0102624 0.0444969 0.0146999 0.177311 0.0101559 0.0147942 0.00884642 0.0101052 0.0126379 0.0396982 0.00927261 0.0124312 0.00841812 0.0256501 0.010112 0.154555 0.0124659 0.0157797 0.0109992 0.0112107 0.0183822 0.014112 0.00973335 0.0121835 0.00897266 0.00934771 0.00846176 0.00895351 0.00878645 0.0085649 0.00821943 0.00833896 
0.00890091 0.00943112 0.0120454 0.0307492 0.0298376 0.0841069 0.0109049 0.0113887 0.0114374 0.00948848 0.112865 0.00980238 0.101293 0.00900861 0.0265748 0.00860127 0.0105342 0.0153837 0.0310381 0.0198733 0.0194381 0.00986373 0.0132689 0.00813852 0.00749893 0.00709377 0.0084914 0.0137162 0.956433 0.0104942 0.0144698 0.00553984 0.0047464 0.00403452 0.00380481 0.00376056 0.00375401 0 0.00374916 0.00376886 0.0112639 0.00577653 0.972967 0.0103435 0.00836799 0.00838079 0.0190337 0.0086469 0.0609142 0.00889976 0.0392653 0.0084473 0.0101099 0.0125237 0.00995965 0.114209 0.0122283 0.0356196 0.00884076 0.00893216 0.00992701 0.0158136 0.0107429 0.0326009 0.00848111 0.0102057 0.00865283 0.063223 0.0103692 0.0336584 0.0100958 0.00917896 0.0115956 0.0137 0.0107702 0.0103114 0.00892658 0.00992129 0.00858894 0.00961961 0.00832673 0.0103272 0.00837857 0.00838514 0.00823583 
0.0101485 0.00950031 0.0126405 0.0169913 0.0202833 0.0110584 0.0330448 0.00927434 0.00935719 0.0350708 0.00932888 0.0363087 0.00874333 0.0225982 0.00869075 0.011282 0.0105963 0.0185397 0.0119915 0.0175304 0.0108583 0.0124378 0.00871275 0.00949946 0.00716875 0.00719269 0.0205951 0.897894 0.0138126 0.00932244 0.00634669 0.00913217 0.00555426 0.00397138 0.00437267 0.00375289 0.00376358 0.00374916 0 0.00378246 0.0046359 0.979579 0.00965661 0.0138939 0.00591962 0.0112741 0.00853023 0.01987 0.00833202 0.0230253 0.00829155 0.0226357 0.00816853 0.00938514 0.0360777 0.010268 0.029486 0.0115743 0.0159762 0.00867676 0.0100607 0.00937708 0.0130703 0.00888553 0.0117572 0.00829472 0.0241334 0.00865233 0.0191754 0.0136292 0.0153704 0.00941899 0.0106558 0.00917191 0.00892071 0.00833429 0.00849774 0.00865329 0.00871679 0.00832175 0.00845679 0.00814377 0.00829885 0.00816608 0.00838463 
0.0113757 0.0103364 0.0168572 0.0105304 0.00970882 0.0106279 0.00917399 0.0166965 0.0310396 0.00928119 0.0136276 0.00892832 0.0132109 0.00864534 0.0116491 0.00906846 0.0179596 0.0105312 0.0104387 0.0110589 0.0118171 0.00882339 0.00880741 0.0078785 0.00805155 0.0292427 0.753829 0.00996791 0.00800161 0.00649137 0.00722551 0.00631251 0.00642552 0.00548653 0.00381816 0.00379448 0.00375404 0.00376886 0.00378246 0 0.957458 0.0047113 0.004719 0.00455734 0.00732523 0.0106178 0.0090141 0.00781371 0.011313 0.0087134 0.0119455 0.0082216 0.0116102 0.0230963 0.0100183 0.0116482 0.00912359 0.0133128 0.0100922 0.0145509 0.00936852 0.00884387 0.00866104 0.011364 0.00900877 0.017109 0.0085525 0.0100456 0.00864385 0.0113047 0.0144599 0.0107069 0.00920779 0.0084886 0.00832206 0.00824583 0.00819695 0.00835826 0.00926592 0.0101203 0.00830174 0.00828607 0.00813374 0.00843702 0.00952208 
0.00988243 0.0124213 0.0131657 0.00914948 0.00892045 0.00932031 0.00935688 0.018463 0.0130494 0.00876496 0.0100493 0.00854118 0.0134197 0.00832306 0.0126675 0.0107369 0.0149141 0.0101643 0.00993874 0.00915329 0.00938175 0.0083571 0.00869179 0.00889521 0.0129135 0.0268875 0.0102108 0.00801644 0.00850983 0.00774681 0.00807824 0.00849267 0.00956123 0.0102183 0.00564977 0.00761 0.0045562 0.0112639 0.0046359 0.957458 0 0.00382826 0.00389535 0.00384094 0.00470747 0.00744915 0.00776129 0.00739907 0.0748894 0.0104493 0.0344052 0.00792427 0.0270643 0.0128585 0.00938689 0.0109091 0.00857044 0.0157996 0.0108414 0.0104714 0.00954628 0.00864814 0.0084284 0.0134125 0.0103657 0.0116625 0.00842613 0.0111112 0.00855737 0.0116047 0.0110629 0.00966106 0.00852864 0.00838492 0.00829795 0.00870079 0.00816433 0.00881145 0.00882151 0.00862425 0.00818011 0.00860374 0.00848295 0.00980266 0.00985839 
0.00957482 0.00896624 0.00958103 0.011304 0.0134484 0.00998453 0.0162689 0.00889638 0.00933134 0.0235896 0.00873861 0.0330923 0.0086059 0.0271526 0.00846002 0.0140619 0.0127296 0.0162901 0.00973419 0.0171233 0.00958595 0.0116491 0.00871115 0.0121736 0.00903751 0.00876298 0.00964295 0.0122899 0.00879313 0.0144047 0.00802638 0.0155659 0.00908393 0.00614926 0.0126061 0.00585142 0.0274871 0.00577653 0.979579 0.0047113 0.00382826 0 0.00377163 0.00380126 0.00381565 0.00853349 0.00699273 0.0466223 0.00917076 0.0509615 0.00774257 0.0440114 0.00841232 0.00897361 0.0210254 0.00876514 0.025007 0.00900605 0.0200227 0.0094906 0.00929297 0.00945996 0.0130392 0.00847686 0.0170897 0.00834266 0.0174674 0.00846255 0.0361457 0.00888512 0.00987471 0.00919542 0.00916339 0.00899202 0.00923833 0.00849847 0.00965658 0.0083082 0.00910851 0.00845625 0.00857737 0.00840465 0.00872471 0.0086477 0.0089389 
0.00848305 0.00879516 0.00884746 0.0101791 0.0119419 0.0177462 0.00886379 0.00903536 0.00940862 0.00863451 0.0308848 0.00889299 0.0296258 0.00852487 0.012647 0.00830368 0.0098565 0.0100527 0.0203552 0.0108756 0.0139428 0.00916004 0.0117446 0.0083871 0.00832166 0.00852877 0.010754 0.00944988 0.0181063 0.00851864 0.0166804 0.00867706 0.00790101 0.00817795 0.00649214 0.0108516 0.00811125 0.972967 0.00965661 0.004719 0.00389535 0.00377163 0 0.00375005 0.00386313 0.0072217 0.0242172 0.0127084 0.068608 0.00765827 0.0259488 0.00761482 0.00833249 0.00991881 0.00862886 0.0353194 0.00885052 0.013691 0.00825886 0.00889352 0.00932247 0.0102338 0.00884341 0.0122059 0.00827482 0.0102424 0.00833513 0.0290284 0.00904826 0.0131714 0.0085542 0.00860506 0.00925484 0.0102063 0.0088929 0.00885107 0.00844174 0.00916872 0.00825313 0.008512 0.00822055 0.00913669 0.00851145 0.00856621 0.00836965 
0.00892562 0.00859771 0.00957909 0.0116389 0.0117748 0.0096204 0.0133511 0.00861209 0.00919587 0.0162045 0.00890635 0.0181714 0.00859767 0.0137602 0.00864569 0.00927219 0.0108585 0.0174356 0.0101427 0.0160239 0.00961797 0.011915 0.00880472 0.00976007 0.00806327 0.009199 0.010954 0.0127105 0.00942966 0.0259547 0.00904116 0.0122519 0.00789786 0.00697815 0.0142793 0.00802838 0.946049 0.0103435 0.0138939 0.00455734 0.00384094 0.00380126 0.00375005 0 0.00377625 0.0348994 0.0177154 0.032696 0.00840697 0.0169064 0.00756556 0.011935 0.00749224 0.00889205 0.019661 0.00971926 0.0165501 0.0102109 0.0119829 0.00930097 0.00953601 0.00890278 0.0109087 0.0089718 0.00982735 0.00849068 0.0150571 0.00860044 0.0137737 0.0113808 0.011145 0.008882 0.00970482 0.00865869 0.00849942 0.0081905 0.00829775 0.00831873 0.0084778 0.00839312 0.00824417 0.00813564 0.00824217 0.00815512 0.00834871 
