1LC3A
MITNSGKFGVVVVGVGRAGSVRLRDLKDPRSAAFLNLIGFVSRRELGSLDEVRQISLEDALRSQEIDVAYICSESSSHEDYIRQFLQAGKHVLVEYPMTLSFAAAQELWELAAQKGRVLHEEHVELLMEEFEFLRREVLGKELLKGSLRFTASPLEEERFGFPAFSGISRLTWLVSLFGELSLISATLEERKEDQYMKMTVQLETQNKGLLSWIEEKGPGLKRNRYVNFQFTSGSLEEVPSVGVNKNIFLKDQDIFVQKLLDQVSAEDLAAEKKRIMHCLGLASDIQKLCHQ
CCCCCCCEEEEEECCCHHHHHHHHHHCCHHHHCCEEEEEEECCCCCCEECCEEECCHHHHHHCCCCCEEEECCCHHHHHHHHHHHHHCCCEEEEECCCCCCHHHHHHHHHHHHHCCCCEEEECHHHHCHHHHHHHHHHCCCCEEEEEEEEEECCCCHHHHCCHHHHCHHHHHHHHHHHCCCEEEEEEEEEEHHHCEEEEEEEEECCCCCEEEEEEEECCCCCCEEEEEEEECCCEECCCCCCCCCCCHHHHHHHHHHHHHCCCCCHHHHHHHHHHHHHHHHHHHHHHHHHHC
0 0 0 0 0 0 0 0 0 0 0 0 0 0 0 0 0 0 0 0 0 0 0 0 0 0 0 0 0 0 0 0 0 0 0 0 0 0 0 0 0 0 0 0 0 0 0 0 0 0 0 0 0 0 0 0 0 0 0 0 0 0 0 0 0 0 0 0 0 0 0 0 0 0 0 0 0 0 0 0 0 0 0 0 0 0 0 0 0 0 0 0 0 0 0 0 0 0 0 0 0 0 0 0 0 0 0 0 0 0 0 0 0 0 0 0 0 0 0 0 0 0 0 0 0 0 0 0 0 0 0 0 0 0 0 0 0 0 0 0 0 0 0 0 0 0 0 0 0 0 0 0 0 0 0 0 0 0 0 0 0 0 0 0 0 0 0 0 0 0 0 0 0 0 0 0 0 0 0 0 0 0 0 0 0 0 0 0 0 0 0 0 0 0 0 0 0 0 0 0 0 0 0 0 0 0 0 0 0 0 0 0 0 0 0 0 0 0 0 0 0 0 0 0 0 0 0 0 0 0 0 0 0 0 0 0 0 0 0 0 0 0 0 0 0 0 0 0 0 0 0 0 0 0 0 0 0 0 0 0 0 0 0 0 0 0 0 0 0 0 0 0 0 0 0 0 0 0 0 0 0 0 0 0 0 0 0 0 0 0 0 0 
0 0 0 0 0 0 0 0 0 0 0 0 0 0 0 0 0 0 0 0 0 0 0 0 0 0 0 0 0 0 0 0 0 0 0 0 0 0 0 0 0 0 0 0 0 0 0 0 0 0 0 0 0 0 0 0 0 0 0 0 0 0 0 0 0 0 0 0 0 0 0 0 0 0 0 0 0 0 0 0 0 0 0 0 0 0 0 0 0 0 0 0 0 0 0 0 0 0 0 0 0 0 0 0 0 0 0 0 0 0 0 0 0 0 0 0 0 0 0 0 0 0 0 0 0 0 0 0 0 0 0 0 0 0 0 0 0 0 0 0 0 0 0 0 0 0 0 0 0 0 0 0 0 0 0 0 0 0 0 0 0 0 0 0 0 0 0 0 0 0 0 0 0 0 0 0 0 0 0 0 0 0 0 0 0 0 0 0 0 0 0 0 0 0 0 0 0 0 0 0 0 0 0 0 0 0 0 0 0 0 0 0 0 0 0 0 0 0 0 0 0 0 0 0 0 0 0 0 0 0 0 0 0 0 0 0 0 0 0 0 0 0 0 0 0 0 0 0 0 0 0 0 0 0 0 0 0 0 0 0 0 0 0 0 0 0 0 0 0 0 0 0 0 0 0 0 0 0 0 0 0 0 0 0 0 0 0 0 0 0 0 0 
0 0.00417371 0.003881 0.00403311 0.00410869 0.00765099 0.34458 0.0383408 0.0174501 0.0140079 0.0151479 0.0155596 0.035241 0.0137895 0.0181582 0.0253149 0.00996488 0.0201642 0.0416673 0.0164865 0.012745 0.0220736 0.0147761 0.0122531 0.00954879 0.0105927 0.0151662 0.00959045 0.0085643 0.00867147 0.00993437 0.00977413 0.00822931 0.00826389 0.00895438 0.00826892 0.00889242 0.00845416 0.00876089 0.00888085 0.0109331 0.00884457 0.00825895 0.00827033 0.00832534 0.0088518 0.00840953 0.0084968 0.00822515 0.00840952 0.00878032 0.0085302 0.0082715 0.00824481 0.00852274 0.00832479 0.00845409 0.00832273 0.00851285 0.00895585 0.00976748 0.00831098 0.00834841 0.0085128 0.00837771 0.00849963 0.00848672 0.00925488 0.00885639 0.0082486 0.00830439 0.00860004 0.00830286 0.00873213 0.00841249 0.0100789 0.00852653 0.00911458 
0.00417371 0 0.00380837 0.00382403 0.00414738 0.00433531 0.0519711 0.312467 0.0598428 0.0285871 0.0326121 0.0410601 0.0144339 0.0108401 0.0103585 0.0106944 0.0181528 0.0120924 0.022634 0.0683616 0.0330356 0.0134048 0.0108361 0.0241798 0.0222677 0.0145728 0.0106705 0.00912212 0.00954759 0.00939793 0.00869679 0.00833202 0.00837552 0.00853678 0.00842347 0.00905971 0.0085965 0.00950111 0.00883724 0.00899605 0.00905681 0.00829012 0.00827833 0.00828564 0.00833802 0.0083479 0.0084194 0.00833405 0.00825947 0.00838307 0.00821414 0.00820885 0.00826222 0.00844176 0.00846074 0.00841047 0.00845163 0.008397 0.00840372 0.00849282 0.00824567 0.00840037 0.00841486 0.00862944 0.00848212 0.0084621 0.00851293 0.0085791 0.0082188 0.00826882 0.00829034 0.00836199 0.00834308 0.00839535 0.0084446 0.00849765 0.00824513 0.00829178 
0.003881 0.00380837 0 0.00386873 0.00385302 0.00388428 0.0525707 0.0386424 0.274299 0.140485 0.114029 0.0362613 0.014984 0.00922857 0.00907731 0.0126089 0.00985642 0.011058 0.0403681 0.0572564 0.0489187 0.017967 0.0106362 0.0304198 0.0587686 0.0186535 0.0103778 0.00974569 0.0116697 0.00981043 0.0090203 0.00854117 0.00855118 0.00891855 0.00958174 0.00963423 0.00979618 0.00978742 0.0115733 0.00891856 0.00869197 0.00840594 0.00845957 0.00852312 0.00861333 0.00877946 0.00869397 0.00867654 0.00841251 0.00821477 0.00809423 0.00842836 0.00845624 0.00889189 0.00926334 0.008722 0.00909105 0.00868622 0.00853461 0.00834573 0.00836098 0.00860406 0.00890914 0.00934602 0.00892103 0.0089455 0.00852191 0.00848916 0.00825685 0.00834725 0.00839136 0.0086147 0.00843929 0.00875962 0.00828969 0.00829928 0.00819317 0.00822011 
0.00403311 0.00382403 0.00386873 0 0.00385297 0.00383864 0.0300768 0.0574666 0.0810444 0.271795 0.200839 0.0443928 0.0190904 0.00970246 0.00926212 0.0115347 0.0103994 0.0120854 0.0213536 0.0908201 0.07 0.0190719 0.0119974 0.0389687 0.0673627 0.0180041 0.0107731 0.0101062 0.0113921 0.0110593 0.00888183 0.00871531 0.00867296 0.00916762 0.00920759 0.0100809 0.0094064 0.0107583 0.0101569 0.0088754 0.00853063 0.00850607 0.0084787 0.00858182 0.00868662 0.00871735 0.00880423 0.00863102 0.00846831 0.00821709 0.00810124 0.00828871 0.00849659 0.0090579 0.00899282 0.00882038 0.00925292 0.00891311 0.00856421 0.00827863 0.00844479 0.00865112 0.00907905 0.00937529 0.00918716 0.00895376 0.00862613 0.00834125 0.00827849 0.00837477 0.00845557 0.00857926 0.00855946 0.00873624 0.00837519 0.0083432 0.00824554 0.00825516 
0.00410869 0.00414738 0.00385302 0.00385297 0 0.00390764 0.0270708 0.0325903 0.0992386 0.0698919 0.172264 0.352685 0.0284726 0.012329 0.0103642 0.0126538 0.0247352 0.0127008 0.01679 0.0540264 0.181117 0.0254191 0.0117468 0.0268626 0.0305334 0.0342354 0.0103659 0.0100756 0.0115295 0.0112185 0.00896391 0.00877925 0.00879926 0.00872067 0.00902007 0.0090237 0.00922271 0.00918243 0.0101303 0.0088924 0.00852728 0.00861413 0.00850171 0.00853892 0.00853167 0.00864511 0.00877519 0.00853341 0.00847194 0.00822099 0.00808653 0.00837781 0.00844802 0.00884494 0.00877879 0.00868966 0.0087882 0.0089403 0.00850663 0.00820885 0.00869166 0.00856026 0.00886432 0.00898681 0.00873497 0.00868797 0.00852856 0.00829219 0.00836471 0.00839421 0.00839134 0.00843432 0.00847737 0.00854413 0.00827446 0.00822661 0.00837485 0.00820783 
0.00765099 0.00433531 0.00388428 0.00383864 0.00390764 0 0.0352531 0.0209959 0.024989 0.042403 0.0491691 0.194147 0.31916 0.0155949 0.0140745 0.027593 0.0104595 0.0201739 0.0288414 0.017302 0.025983 0.113383 0.017454 0.0144413 0.0149889 0.0164698 0.0143293 0.0151706 0.0101572 0.00965791 0.0094027 0.0107944 0.00865873 0.00845783 0.00882316 0.00882556 0.00878667 0.00917437 0.00908552 0.00864096 0.00885159 0.00984762 0.00839788 0.00849053 0.00843466 0.00854915 0.00866106 0.00849679 0.00835771 0.00813147 0.00815064 0.00931483 0.00845589 0.00884858 0.00855654 0.00863902 0.00892789 0.00843969 0.00833288 0.00836713 0.00946776 0.0085296 0.00900383 0.00869499 0.00847211 0.00842678 0.00826439 0.00842911 0.00864848 0.00840648 0.00832142 0.00840204 0.00840653 0.00846669 0.00815963 0.00837315 0.00865669 0.00847681 
0.34458 0.0519711 0.0525707 0.0300768 0.0270708 0.0352531 0 0.00396137 0.00394775 0.00395013 0.00416843 0.00448461 0.00988477 0.0112893 0.0192287 0.0188258 0.0108252 0.0311679 0.0429834 0.0181184 0.0120987 0.0263424 0.0165109 0.016376 0.00987089 0.0117741 0.0201619 0.0106041 0.00874902 0.00871216 0.0115616 0.0122135 0.00826452 0.00823763 0.0103715 0.00823765 0.0102363 0.00843834 0.00960483 0.00893336 0.0142431 0.0086957 0.00856189 0.00858157 0.0082933 0.0100047 0.0082964 0.00947992 0.00815255 0.00851621 0.00883559 0.00879563 0.00857258 0.00818875 0.00880106 0.00824206 0.00903659 0.00824294 0.00905536 0.00883691 0.00878647 0.00844045 0.00829325 0.00832234 0.00837787 0.00820839 0.008311 0.00913644 0.00917791 0.00831803 0.00822231 0.00896281 0.00817291 0.00905346 0.00823182 0.0103566 0.00862693 0.0101879 
0.0383408 0.312467 0.0386424 0.0574666 0.0325903 0.0209959 0.00396137 0 0.00377611 0.00383502 0.00387149 0.00405807 0.00481391 0.0100641 0.00842158 0.0083224 0.0186405 0.0174507 0.0129817 0.0331507 0.0274957 0.0111058 0.0131072 0.0193768 0.0233509 0.0144584 0.00978944 0.00920849 0.0105254 0.009019 0.00872137 0.00839497 0.00841506 0.00884632 0.00825702 0.0110792 0.00837621 0.0113781 0.00867762 0.00989098 0.0087205 0.00872034 0.00825185 0.00824941 0.00874625 0.00828803 0.0093028 0.00824232 0.00828971 0.00822046 0.00826109 0.00815243 0.00823978 0.00855103 0.00857134 0.00848739 0.00865065 0.00861143 0.00831683 0.00863691 0.00841186 0.00829437 0.00842566 0.00851746 0.0083771 0.00848662 0.00841419 0.00846022 0.00816027 0.0081852 0.00830331 0.00825548 0.00846284 0.0084251 0.00847075 0.0082993 0.00837013 0.00824281 
0.0174501 0.0598428 0.274299 0.0810444 0.0992386 0.024989 0.00394775 0.00377611 0 0.00382027 0.003847 0.00388445 0.0039815 0.0068866 0.00884267 0.0123897 0.00970653 0.0115319 0.0241677 0.0408959 0.0232775 0.0142464 0.0116932 0.0333954 0.0404887 0.0176447 0.0102536 0.00975435 0.0114231 0.0104368 0.00895061 0.00886178 0.00865973 0.0086372 0.0119406 0.00881586 0.012655 0.00952223 0.0150198 0.00869358 0.00868306 0.00824626 0.00848949 0.00866762 0.00871659 0.00923829 0.00874909 0.00915069 0.00841501 0.00825644 0.00811237 0.0082677 0.00852301 0.00878294 0.00935168 0.00901983 0.00946617 0.00896326 0.00863585 0.00829645 0.00826142 0.00858375 0.00890923 0.00939492 0.00915476 0.00892277 0.00865905 0.00831386 0.00819614 0.00825095 0.00837676 0.00868967 0.00842763 0.00887 0.00824625 0.00830045 0.00818216 0.00824386 
0.0140079 0.0285871 0.140485 0.271795 0.0698919 0.042403 0.00395013 0.00383502 0.00382027 0 0.00381453 0.00382889 0.00381615 0.00758288 0.00926014 0.00926907 0.00969463 0.013591 0.0197685 0.0350157 0.0327494 0.0164637 0.0116246 0.0452455 0.0564055 0.0203565 0.0108816 0.00990067 0.0133669 0.0107018 0.00967848 0.00856391 0.00868089 0.00969524 0.00942524 0.0135347 0.00961319 0.0137045 0.0109096 0.00917271 0.0088751 0.00835273 0.00839218 0.00862896 0.00892056 0.00875213 0.00922569 0.00866435 0.00848635 0.00822318 0.00811686 0.00822727 0.008456 0.00923555 0.00931298 0.00904407 0.00924934 0.0091347 0.00847329 0.00825747 0.00830728 0.00853542 0.00912957 0.00923964 0.00898823 0.00879705 0.00854858 0.00838306 0.00814079 0.00827012 0.00837841 0.00847248 0.00845262 0.00854284 0.00822103 0.00824244 0.00819299 0.00818455 
0.0151479 0.0326121 0.114029 0.200839 0.172264 0.0491691 0.00416843 0.00387149 0.003847 0.00381453 0 0.00379346 0.00380181 0.00818801 0.0117483 0.0117886 0.0129037 0.014185 0.0174096 0.0536161 0.046834 0.0187965 0.0124356 0.0419863 0.0947456 0.0245323 0.0116656 0.0102209 0.0153727 0.0131274 0.0096767 0.00860445 0.00928348 0.00959293 0.0111569 0.0108442 0.0117008 0.0117519 0.0141815 0.00941839 0.00884536 0.00839265 0.00848171 0.00873725 0.00891251 0.00903922 0.00941666 0.00911298 0.00851115 0.00828776 0.00815222 0.00825603 0.00860189 0.00969376 0.00982949 0.00933995 0.00998722 0.00922248 0.00864219 0.00836174 0.00833684 0.00861904 0.00934693 0.0102449 0.0098391 0.00926896 0.00886192 0.00859094 0.00816475 0.00827581 0.00841821 0.00862669 0.00852866 0.00884097 0.00835839 0.00828925 0.00816163 0.00818257 
0.0155596 0.0410601 0.0362613 0.0443928 0.352685 0.194147 0.00448461 0.00405807 0.00388445 0.00382889 0.00379346 0 0.00383728 0.0231718 0.0484935 0.0120047 0.0563538 0.0180023 0.0186797 0.0487909 0.158528 0.0286245 0.0133476 0.0316749 0.0329766 0.0630573 0.0132675 0.0109518 0.0138778 0.0182206 0.0101086 0.0091151 0.00898558 0.00903557 0.00897493 0.00995053 0.00938293 0.010533 0.0101475 0.00989706 0.00870812 0.00872497 0.00849186 0.00851575 0.0084534 0.00862704 0.00864796 0.00854069 0.00834592 0.00821355 0.00813765 0.00864168 0.00849599 0.00897213 0.00906249 0.00867748 0.00886367 0.00868321 0.00847014 0.00822106 0.00861418 0.00849839 0.00921624 0.0089745 0.00888053 0.00882671 0.00857472 0.00830177 0.0082278 0.00834782 0.00836247 0.00839574 0.00845986 0.00843594 0.00819511 0.00817143 0.00830819 0.00816332 
0.035241 0.0144339 0.014984 0.0190904 0.0284726 0.31916 0.00988477 0.00481391 0.0039815 0.00381615 0.00380181 0.00383728 0 0.0769054 0.0158677 0.0504971 0.0105022 0.0792936 0.0271648 0.0155754 0.0193734 0.0824505 0.0207383 0.0133556 0.0120855 0.0152748 0.0200476 0.0165765 0.00990943 0.00938834 0.0114342 0.0122934 0.00882847 0.00836663 0.00871783 0.00854376 0.00861433 0.00869618 0.00864921 0.00862264 0.00944861 0.0105336 0.00842768 0.00833998 0.00830638 0.0083317 0.00852832 0.00829964 0.00836217 0.0081268 0.00818246 0.00948984 0.00855315 0.00862487 0.00835393 0.00834051 0.00841707 0.0084365 0.00820641 0.00839027 0.0095915 0.00841886 0.00858737 0.00876912 0.00862346 0.00848609 0.00830697 0.00848535 0.00877675 0.0083312 0.00821936 0.00825932 0.00836037 0.00834519 0.00821268 0.00829218 0.00877598 0.00857183 
0.0137895 0.0108401 0.00922857 0.00970246 0.012329 0.0155949 0.0112893 0.0100641 0.0068866 0.00758288 0.00818801 0.0231718 0.0769054 0 0.0226726 0.00505223 0.572072 0.0692115 0.0108258 0.0130667 0.0118873 0.0143113 0.0137698 0.0100018 0.00907027 0.0102558 0.0128418 0.00968625 0.008443 0.00832604 0.00955648 0.00971502 0.00841883 0.00862278 0.00812948 0.0087045 0.00811186 0.00875083 0.00813935 0.00871086 0.00933676 0.00978816 0.00830901 0.00829411 0.00874231 0.00817933 0.00894971 0.00817862 0.00841879 0.00839975 0.00882229 0.0087888 0.00826998 0.00838737 0.00815343 0.00833808 0.00817117 0.00853 0.00814329 0.00901899 0.0089075 0.0081504 0.00819416 0.00818273 0.00814785 0.00817225 0.00815673 0.00871621 0.0094411 0.00830779 0.00838058 0.00825803 0.0084423 0.00819142 0.00839318 0.00859145 0.00915364 0.00878535 
0.0181582 0.0103585 0.00907731 0.00926212 0.0103642 0.0140745 0.0192287 0.00842158 0.00884267 0.00926014 0.0117483 0.0484935 0.0158677 0.0226726 0 0.899651 0.00845016 0.00483996 0.0157971 0.0113693 0.0115469 0.0128581 0.0125948 0.00961476 0.00856572 0.00950873 0.00937956 0.011289 0.00832851 0.00827998 0.00858432 0.0115161 0.00833925 0.00811177 0.00841153 0.00814222 0.00830003 0.00820423 0.00817188 0.00829535 0.00862394 0.00920023 0.00821968 0.00816564 0.00817083 0.00845147 0.00822898 0.00827244 0.00816688 0.0081777 0.00827489 0.00897439 0.00821137 0.00812848 0.00814312 0.00812731 0.00816558 0.00813673 0.0082835 0.00835148 0.00868491 0.00816284 0.00813402 0.00816064 0.00813019 0.00820897 0.0081821 0.00833077 0.00872818 0.00822586 0.00813657 0.00818263 0.00813572 0.00824737 0.00816365 0.00857552 0.00863655 0.00893497 
0.0253149 0.0106944 0.0126089 0.0115347 0.0126538 0.027593 0.0188258 0.0083224 0.0123897 0.00926907 0.0117886 0.0120047 0.0504971 0.00505223 0.899651 0 0.00414283 0.00406351 0.024615 0.0188801 0.0246043 0.0721353 0.0139414 0.0122768 0.00986225 0.0121025 0.023989 0.0106838 0.00871388 0.00897443 0.0127445 0.0113382 0.00828068 0.00835384 0.00955574 0.00827074 0.00935028 0.00829969 0.00874327 0.00911157 0.0161296 0.00871011 0.00840666 0.00827592 0.00833257 0.00927208 0.00835372 0.00896487 0.00819605 0.00893996 0.00933489 0.00838943 0.00828035 0.00815505 0.00847938 0.00822681 0.00866973 0.00818817 0.00882571 0.00904514 0.00845285 0.00821575 0.00821394 0.0082275 0.00828084 0.00822605 0.0083575 0.00943863 0.00888552 0.00825534 0.00820485 0.00879807 0.0081447 0.00887582 0.00824515 0.0108058 0.00867065 0.0100755 
0.00996488 0.0181528 0.00985642 0.0103994 0.0247352 0.0104595 0.0108252 0.0186405 0.00970653 0.00969463 0.0129037 0.0563538 0.0105022 0.572072 0.00845016 0.00414283 0 0.00405958 0.0106838 0.0550423 0.101173 0.0123247 0.0100386 0.0148043 0.0107658 0.0158191 0.00895936 0.00883089 0.00910705 0.00922345 0.008381 0.0084667 0.00839676 0.00815428 0.00815271 0.00844311 0.00818892 0.00865872 0.00832033 0.00887621 0.00839168 0.00836722 0.00818679 0.00815415 0.00820884 0.00819465 0.00831826 0.00816106 0.00818471 0.00818185 0.00818839 0.00813035 0.00820221 0.00822855 0.00823761 0.00817478 0.00828935 0.00818508 0.00816022 0.00827929 0.00822822 0.00821998 0.00820706 0.00828835 0.00821115 0.00821311 0.00822905 0.00828689 0.00817565 0.00819858 0.00814182 0.00818292 0.0081422 0.00819567 0.00819858 0.00825628 0.008256 0.00823805 
0.0201642 0.0120924 0.011058 0.0120854 0.0127008 0.0201739 0.0311679 0.0174507 0.0115319 0.013591 0.014185 0.0180023 0.0792936 0.0692115 0.00483996 0.00406351 0.00405958 0 0.0419831 0.0310645 0.0226194 0.0313767 0.0272276 0.0111213 0.0110473 0.0109596 0.0144521 0.0152227 0.0091824 0.00874725 0.00951316 0.0126273 0.00863054 0.00833614 0.00829224 0.00901866 0.00830327 0.00922759 0.008312 0.00864567 0.00852264 0.0117567 0.00833668 0.00821515 0.00849189 0.00820448 0.00881881 0.00817425 0.00844343 0.0081054 0.00814673 0.00986935 0.00846741 0.00827575 0.00825129 0.00831973 0.00823308 0.00850965 0.00819272 0.00881075 0.00985727 0.00826804 0.0082673 0.00824491 0.00823052 0.00821814 0.00835526 0.00828205 0.00887982 0.00827098 0.00832876 0.00817036 0.00842849 0.00821419 0.00821529 0.0082136 0.00881332 0.00831133 
0.0416673 0.022634 0.0403681 0.0213536 0.01679 0.0288414 0.0429834 0.0129817 0.0241677 0.0197685 0.0174096 0.0186797 0.0271648 0.0108258 0.0157971 0.024615 0.0106838 0.0419831 0 0.00412786 0.00383154 0.00388369 0.665199 0.0630955 0.0250896 0.017367 0.0314772 0.0309377 0.0116274 0.0116488 0.0167714 0.01715 0.00911643 0.00884619 0.0135454 0.00920638 0.0134391 0.00929125 0.0134998 0.00975435 0.0174736 0.00915475 0.00867789 0.00879634 0.00861729 0.0105203 0.00874547 0.00951041 0.00830099 0.00856903 0.00949417 0.00872451 0.00887412 0.00845062 0.00963119 0.00879448 0.00989564 0.0087294 0.00956456 0.00906319 0.00874725 0.00863985 0.0087223 0.00897212 0.00892205 0.0086594 0.00858988 0.00918485 0.00881078 0.00843663 0.00856603 0.00937129 0.00856704 0.00935707 0.00827182 0.00958601 0.00846773 0.00943936 
0.0164865 0.0683616 0.0572564 0.0908201 0.0540264 0.017302 0.0181184 0.0331507 0.0408959 0.0350157 0.0536161 0.0487909 0.0155754 0.0130667 0.0113693 0.0188801 0.0550423 0.0310645 0.00412786 0 0.00388456 0.0039256 0.0610261 0.734393 0.0898672 0.0746065 0.0136176 0.0194516 0.0392097 0.0190524 0.0114107 0.0101459 0.0109716 0.0101741 0.0108974 0.0129587 0.0120288 0.0154903 0.0159705 0.0135082 0.0103777 0.0086164 0.00885735 0.00890504 0.00917966 0.00970329 0.00958544 0.00903214 0.00861592 0.00861692 0.0085091 0.0084518 0.00895597 0.00993533 0.010163 0.00953217 0.0102704 0.00928975 0.00883852 0.0086947 0.0086046 0.00902082 0.00965889 0.0100822 0.0100288 0.00931856 0.00911921 0.00863945 0.00820433 0.00835378 0.00856394 0.00858989 0.00878583 0.00870687 0.00859856 0.00845167 0.00822917 0.00831514 
0.012745 0.0330356 0.0489187 0.07 0.181117 0.025983 0.0120987 0.0274957 0.0232775 0.0327494 0.046834 0.158528 0.0193734 0.0118873 0.0115469 0.0246043 0.101173 0.0226194 0.00383154 0.00388456 0 0.003934 0.0314869 0.0425945 0.632549 0.174066 0.045891 0.0139354 0.0422197 0.058369 0.0154441 0.00971153 0.0127661 0.0117264 0.0104925 0.0154101 0.0114912 0.0176945 0.0179776 0.0203911 0.00927878 0.00897994 0.0090337 0.00971055 0.00971828 0.00995809 0.0108213 0.00963745 0.00940725 0.00843837 0.00824452 0.00881873 0.0092762 0.0111041 0.0114531 0.0108759 0.0113707 0.0115535 0.00909057 0.00847877 0.00885639 0.00950015 0.0105764 0.0117084 0.0104705 0.0103984 0.009646 0.00837887 0.00816089 0.00836713 0.00864311 0.00880052 0.0090608 0.0090856 0.00863388 0.00825159 0.00829821 0.00813654 
0.0220736 0.0134048 0.017967 0.0190719 0.0254191 0.113383 0.0263424 0.0111058 0.0142464 0.0164637 0.0187965 0.0286245 0.0824505 0.0143113 0.0128581 0.0721353 0.0123247 0.0313767 0.00388369 0.0039256 0.003934 0 0.0185478 0.0440967 0.0269005 0.5097 0.175197 0.0318204 0.0129515 0.022378 0.0313279 0.0176432 0.00932652 0.00898014 0.00981802 0.00922092 0.00990689 0.00974336 0.0111693 0.0105727 0.0141424 0.0106946 0.00849976 0.00853925 0.00843362 0.00887723 0.00854527 0.00857414 0.00847445 0.00842737 0.00842993 0.00973311 0.00881492 0.00864583 0.00920636 0.00873203 0.0092111 0.00871624 0.00923573 0.00882833 0.0102369 0.00861123 0.00895235 0.00919372 0.0092052 0.00902474 0.00910674 0.00882441 0.00862962 0.008236 0.00828217 0.00835263 0.00862612 0.0084204 0.0084987 0.00877316 0.00850339 0.00853288 
0.0147761 0.0108361 0.0106362 0.0119974 0.0117468 0.017454 0.0165109 0.0131072 0.0116932 0.0116246 0.0124356 0.0133476 0.0207383 0.0137698 0.0125948 0.0139414 0.0100386 0.0272276 0.665199 0.0610261 0.0314869 0.0185478 0 0.00448879 0.00380047 0.00387277 0.00660356 0.168345 0.018058 0.0109025 0.0206891 0.0158426 0.00904494 0.00974322 0.0089719 0.0116229 0.00894985 0.0114993 0.00945335 0.0132865 0.0178078 0.0102502 0.00864538 0.00832735 0.00934174 0.00848025 0.00977379 0.00835137 0.008448 0.009386 0.0103518 0.00914042 0.00831107 0.00862304 0.00859486 0.00903247 0.00863527 0.00906742 0.00845354 0.0105199 0.00968216 0.00837142 0.00860255 0.00876208 0.00859057 0.00864039 0.00861956 0.0103831 0.00855361 0.00813593 0.00845057 0.00818743 0.0086472 0.00822961 0.00853675 0.00977281 0.0088765 0.00864399 
0.0122531 0.0241798 0.0304198 0.0389687 0.0268626 0.0144413 0.016376 0.0193768 0.0333954 0.0452455 0.0419863 0.0316749 0.0133556 0.0100018 0.00961476 0.0122768 0.0148043 0.0111213 0.0630955 0.734393 0.0425945 0.0440967 0.00448879 0 0.00381197 0.00394251 0.00389541 0.508555 0.0537825 0.0451305 0.0120656 0.0158926 0.0143237 0.00955858 0.0210114 0.0112911 0.0248058 0.0129318 0.0277878 0.0133933 0.0136426 0.00892281 0.00945428 0.0106016 0.00958846 0.013467 0.00928236 0.0104014 0.00888203 0.00873013 0.00847537 0.00887168 0.0108127 0.00987806 0.0153365 0.0103244 0.0142386 0.00942363 0.0107884 0.00862409 0.00884064 0.0106637 0.010854 0.0124874 0.0118473 0.0104422 0.010172 0.00886133 0.00824876 0.00839756 0.00856986 0.00921729 0.00866719 0.0093359 0.00846123 0.0086234 0.00823742 0.00825767 
0.00954879 0.0222677 0.0587686 0.0673627 0.0305334 0.0149889 0.00987089 0.0233509 0.0404887 0.0564055 0.0947456 0.0329766 0.0120855 0.00907027 0.00856572 0.00986225 0.0107658 0.0110473 0.0250896 0.0898672 0.632549 0.0269005 0.00380047 0.00381197 0 0.00380824 0.00377543 0.0322457 0.602714 0.0298899 0.0165189 0.00971468 0.0125064 0.021844 0.0136066 0.0280621 0.0149782 0.0361681 0.0255351 0.0185556 0.00948738 0.00878181 0.00972286 0.0108666 0.0154785 0.0107504 0.0192094 0.00975394 0.0116763 0.00844869 0.00830506 0.00860919 0.00952909 0.0172002 0.0142125 0.0159341 0.0129209 0.0176591 0.00908632 0.00875435 0.00891718 0.0100978 0.0148313 0.0172213 0.0145273 0.0146858 0.0102987 0.00874586 0.00820671 0.00848705 0.00898886 0.00922409 0.0105981 0.00964611 0.00938516 0.00841208 0.0082382 0.00815548 
0.0105927 0.0145728 0.0186535 0.0180041 0.0342354 0.0164698 0.0117741 0.0144584 0.0176447 0.0203565 0.0245323 0.0630573 0.0152748 0.0102558 0.00950873 0.0121025 0.0158191 0.0109596 0.017367 0.0746065 0.174066 0.5097 0.00387277 0.00394251 0.00380824 0 0.00382418 0.0383261 0.0269506 0.663042 0.0165183 0.013309 0.0121518 0.00943709 0.0123964 0.0104151 0.0128825 0.0115798 0.0199665 0.0133328 0.0122491 0.00966915 0.00914162 0.0090885 0.00886173 0.0106602 0.00924155 0.00921576 0.00853874 0.00852706 0.00828086 0.0092757 0.00991232 0.00965899 0.0108872 0.00949995 0.0116466 0.00918266 0.00979287 0.00840622 0.00957262 0.00942429 0.00993049 0.0103822 0.0100772 0.00957479 0.00997635 0.00848275 0.00840852 0.00838611 0.00853821 0.00882661 0.00874639 0.00911113 0.00831573 0.00844751 0.00831976 0.00824542 
0.0151662 0.0106705 0.0103778 0.0107731 0.0103659 0.0143293 0.0201619 0.00978944 0.0102536 0.0108816 0.0116656 0.0132675 0.0200476 0.0128418 0.00937956 0.023989 0.00895936 0.0144521 0.0314772 0.0136176 0.045891 0.175197 0.00660356 0.00389541 0.00377543 0.00382418 0 0.0187663 0.0236016 0.03633 0.510593 0.0218789 0.00941235 0.00907214 0.00969931 0.0099321 0.00956964 0.00962401 0.0095049 0.0107841 0.0115241 0.0130945 0.00866765 0.00846335 0.00852266 0.00881798 0.0087668 0.00863881 0.00834952 0.00825478 0.00838376 0.011913 0.00900365 0.00864966 0.00882249 0.00886245 0.00871503 0.00850345 0.00846192 0.00886847 0.0114273 0.00905843 0.00880193 0.0090235 0.00870937 0.00870912 0.00856658 0.00896202 0.00910731 0.00852573 0.00826847 0.0083231 0.00834929 0.00837364 0.00827058 0.0085424 0.00889002 0.00835579 
0.00959045 0.00912212 0.00974569 0.0101062 0.0100756 0.0151706 0.0106041 0.00920849 0.00975435 0.00990067 0.0102209 0.0109518 0.0165765 0.00968625 0.011289 0.0106838 0.00883089 0.0152227 0.0309377 0.0194516 0.0139354 0.0318204 0.168345 0.508555 0.0322457 0.0383261 0.0187663 0 0.0041084 0.00383055 0.00392926 0.0519607 0.0125185 0.0107295 0.0108348 0.0124962 0.0100067 0.0144788 0.0110008 0.0128411 0.0303818 0.0117439 0.00913322 0.00870042 0.00931405 0.0092949 0.00956496 0.00892047 0.00858101 0.00944037 0.0124024 0.00952222 0.00893272 0.00898468 0.0100711 0.00930907 0.0100045 0.00922069 0.00904462 0.012423 0.00953117 0.0089427 0.00940354 0.00978525 0.00940293 0.00928653 0.0095184 0.0128078 0.0086205 0.00819893 0.00851555 0.0085904 0.00874423 0.00859729 0.00862752 0.0105186 0.00879207 0.00926387 
0.0085643 0.00954759 0.0116697 0.0113921 0.0115295 0.0101572 0.00874902 0.0105254 0.0114231 0.0133669 0.0153727 0.0138778 0.00990943 0.008443 0.00832851 0.00871388 0.00910705 0.0091824 0.0116274 0.0392097 0.0422197 0.0129515 0.018058 0.0537825 0.602714 0.0269506 0.0236016 0.0041084 0 0.00381074 0.00375743 0.0205793 0.0264495 0.0188727 0.0122304 0.0168273 0.0109099 0.015476 0.0158429 0.0207368 0.0111766 0.00875661 0.00930482 0.00899863 0.00979497 0.00951199 0.0107357 0.00884124 0.00936217 0.0088077 0.00857202 0.0085965 0.00988618 0.0130616 0.0105412 0.0120901 0.0106542 0.0121254 0.0095186 0.00888342 0.00866388 0.00955954 0.0122498 0.0125656 0.0116195 0.0121511 0.0103243 0.00905801 0.00815402 0.00830796 0.00861476 0.00878673 0.00898353 0.00899494 0.00878844 0.00845937 0.00824416 0.00817054 
0.00867147 0.00939793 0.00981043 0.0110593 0.0112185 0.00965791 0.00871216 0.009019 0.0104368 0.0107018 0.0131274 0.0182206 0.00938834 0.00832604 0.00827998 0.00897443 0.00922345 0.00874725 0.0116488 0.0190524 0.058369 0.022378 0.0109025 0.0451305 0.0298899 0.663042 0.03633 0.00383055 0.00381074 0 0.00375922 0.0113781 0.0269118 0.0199282 0.0156855 0.0158789 0.0158252 0.0168974 0.0321216 0.0311732 0.0124602 0.00924618 0.00911701 0.00893044 0.00871633 0.0100994 0.00880359 0.00960168 0.00860824 0.0087522 0.0082844 0.00882926 0.01035 0.00968724 0.0106233 0.00946536 0.0107336 0.00993643 0.0107823 0.00844595 0.00897873 0.00959866 0.00981451 0.0113074 0.0114318 0.0109153 0.0114834 0.00866731 0.00819457 0.00823589 0.00836432 0.0085925 0.00867063 0.00946672 0.00838367 0.00837238 0.00821431 0.00809741 
0.00993437 0.00869679 0.0090203 0.00888183 0.00896391 0.0094027 0.0115616 0.00872137 0.00895061 0.00967848 0.0096767 0.0101086 0.0114342 0.00955648 0.00858432 0.0127445 0.008381 0.00951316 0.0167714 0.0114107 0.0154441 0.0313279 0.0206891 0.0120656 0.0165189 0.0165183 0.510593 0.00392926 0.00375743 0.00375922 0 0.0219711 0.0103562 0.010694 0.0125316 0.0115155 0.010267 0.0125204 0.0147328 0.0168883 0.0318936 0.012809 0.00861231 0.00843629 0.00862563 0.00872788 0.00894969 0.00863308 0.00853353 0.00830695 0.00859595 0.0125822 0.00890882 0.00887656 0.00939578 0.00928783 0.00915808 0.00878121 0.0088649 0.00922769 0.0112096 0.00873635 0.00932289 0.00923815 0.00910952 0.00889763 0.00915592 0.00924748 0.00897619 0.00828198 0.00824581 0.00841246 0.00840388 0.00845038 0.00840638 0.00866743 0.0087344 0.00828215 
0.00977413 0.00833202 0.00854117 0.00871531 0.00877925 0.0107944 0.0122135 0.00839497 0.00886178 0.00856391 0.00860445 0.0091151 0.0122934 0.00971502 0.0115161 0.0113382 0.0084667 0.0126273 0.01715 0.0101459 0.00971153 0.0176432 0.0158426 0.0158926 0.00971468 0.013309 0.0218789 0.0519607 0.0205793 0.0113781 0.0219711 0 0.00421832 0.00385749 0.00409496 0.00397708 0.00451964 0.00415249 0.00608489 0.00708852 0.0270971 0.0242684 0.0115844 0.0104893 0.00942388 0.013641 0.00937293 0.0127877 0.00898982 0.0116084 0.0284047 0.0117337 0.0104009 0.0086449 0.0109071 0.00927164 0.0113113 0.00931593 0.0117185 0.0156461 0.0104799 0.00951741 0.00900909 0.00905996 0.00914638 0.00866529 0.0096148 0.0163393 0.00995125 0.00872869 0.00873167 0.00989107 0.00869961 0.0100122 0.00899585 0.0178325 0.00926929 0.0122428 
0.00822931 0.00837552 0.00855118 0.00867296 0.00879926 0.00865873 0.00826452 0.00841506 0.00865973 0.00868089 0.00928348 0.00898558 0.00882847 0.00841883 0.00833925 0.00828068 0.00839676 0.00863054 0.00911643 0.0109716 0.0127661 0.00932652 0.00904494 0.0143237 0.0125064 0.0121518 0.00941235 0.0125185 0.0264495 0.0269118 0.0103562 0.00421832 0 0.00377399 0.00379216 0.00382191 0.00387295 0.00413532 0.0041031 0.00589463 0.00629715 0.0106318 0.0118495 0.00878536 0.00934905 0.00967596 0.00939492 0.00940762 0.00872986 0.013631 0.0088459 0.00880234 0.00895747 0.00897158 0.0103814 0.00973563 0.0106431 0.00927742 0.00988122 0.00927572 0.00884193 0.00900465 0.00922304 0.010482 0.00972662 0.0100721 0.0092007 0.00944879 0.00835523 0.00836263 0.00847276 0.00857936 0.0087338 0.00877177 0.00868831 0.00918991 0.00853329 0.00851781 
0.00826389 0.00853678 0.00891855 0.00916762 0.00872067 0.00845783 0.00823763 0.00884632 0.0086372 0.00969524 0.00959293 0.00903557 0.00836663 0.00862278 0.00811177 0.00835384 0.00815428 0.00833614 0.00884619 0.0101741 0.0117264 0.00898014 0.00974322 0.00955858 0.021844 0.00943709 0.00907214 0.0107295 0.0188727 0.0199282 0.010694 0.00385749 0.00377399 0 0.00372365 0.00382514 0.0038402 0.00393295 0.00792733 0.00421742 0.00410458 0.0144272 0.00881152 0.009778 0.012463 0.00857039 0.0189357 0.0084091 0.0238798 0.00826345 0.00845245 0.00904443 0.0086092 0.0166029 0.0090158 0.0171092 0.00875116 0.0244747 0.00833849 0.00992254 0.00969264 0.00846143 0.0133674 0.0106694 0.0111146 0.0111828 0.00902438 0.00858742 0.00849607 0.00821279 0.00935496 0.00839118 0.0136498 0.00841999 0.00988523 0.00821505 0.00902817 0.00810076 
0.00895438 0.00842347 0.00958174 0.00920759 0.00902007 0.00882316 0.0103715 0.00825702 0.0119406 0.00942524 0.0111569 0.00897493 0.00871783 0.00812948 0.00841153 0.00955574 0.00815271 0.00829224 0.0135454 0.0108974 0.0104925 0.00981802 0.0089719 0.0210114 0.0136066 0.0123964 0.00969931 0.0108348 0.0122304 0.0156855 0.0125316 0.00409496 0.00379216 0.00372365 0 0.00373958 0.00407163 0.00384057 0.00401135 0.00378883 0.00452 0.00962918 0.0152564 0.0122604 0.00843299 0.0364342 0.00838002 0.0684569 0.00849846 0.0102468 0.008591 0.00965279 0.0150455 0.00868733 0.0423463 0.00878754 0.0530093 0.00863019 0.0228943 0.0083493 0.00866277 0.0146486 0.0100416 0.0158833 0.0146694 0.0119761 0.00923649 0.00891431 0.00845846 0.0088459 0.00830788 0.0206803 0.00824189 0.0285052 0.00814264 0.0120414 0.00811595 0.00940526 
0.00826892 0.00905971 0.00963423 0.0100809 0.0090237 0.00882556 0.00823765 0.0110792 0.00881586 0.0135347 0.0108442 0.00995053 0.00854376 0.0087045 0.00814222 0.00827074 0.00844311 0.00901866 0.00920638 0.0129587 0.0154101 0.00922092 0.0116229 0.0112911 0.0280621 0.0104151 0.0099321 0.0124962 0.0168273 0.0158789 0.0115155 0.00397708 0.00382191 0.00382514 0.00373958 0 0.00374524 0.00388193 0.00387605 0.00386936 0.00383847 0.0183943 0.0115765 0.00961945 0.036236 0.00837697 0.0972623 0.00841091 0.0228156 0.00841097 0.00910503 0.0103655 0.00851148 0.0477138 0.00893572 0.0689796 0.00894384 0.0605234 0.00831794 0.0128132 0.0112993 0.00859886 0.0263692 0.0144788 0.0142912 0.0151251 0.00980966 0.0093952 0.00892645 0.00832923 0.0158073 0.00828598 0.0415412 0.00827183 0.0166048 0.00822788 0.00960682 0.00813229 
0.00889242 0.0085965 0.00979618 0.0094064 0.00922271 0.00878667 0.0102363 0.00837621 0.012655 0.00961319 0.0117008 0.00938293 0.00861433 0.00811186 0.00830003 0.00935028 0.00818892 0.00830327 0.0134391 0.0120288 0.0114912 0.00990689 0.00894985 0.0248058 0.0149782 0.0128825 0.00956964 0.0100067 0.0109099 0.0158252 0.010267 0.00451964 0.00387295 0.0038402 0.00407163 0.00374524 0 0.00374715 0.00394903 0.00380085 0.0039825 0.00975142 0.0146468 0.0166927 0.00842589 0.0935685 0.00835735 0.043374 0.00847552 0.00988452 0.00847059 0.0092163 0.0185689 0.00877279 0.0971847 0.00893791 0.0598654 0.00853439 0.0214594 0.0083887 0.00844644 0.0153482 0.0105291 0.0190106 0.0168724 0.0125684 0.00956654 0.00885851 0.00833745 0.00951385 0.00828924 0.0357679 0.00830019 0.0305913 0.00817753 0.0103309 0.00812413 0.00917483 
0.00845416 0.00950111 0.00978742 0.0107583 0.00918243 0.00917437 0.00843834 0.0113781 0.00952223 0.0137045 0.0117519 0.010533 0.00869618 0.00875083 0.00820423 0.00829969 0.00865872 0.00922759 0.00929125 0.0154903 0.0176945 0.00974336 0.0114993 0.0129318 0.0361681 0.0115798 0.00962401 0.0144788 0.015476 0.0168974 0.0125204 0.00415249 0.00413532 0.00393295 0.00384057 0.00388193 0.00374715 0 0.003751 0.00381556 0.00376131 0.0177975 0.0125326 0.0138323 0.0879049 0.00864069 0.0605432 0.00866715 0.0235053 0.00854207 0.00904716 0.0100601 0.00873184 0.106615 0.0101375 0.0620535 0.00918839 0.0606253 0.00845128 0.0126643 0.0116548 0.00889182 0.0306736 0.0206442 0.0194409 0.0202092 0.0103374 0.00910676 0.00907642 0.00850308 0.030978 0.00855961 0.0406466 0.00851702 0.0151666 0.00828719 0.00932162 0.00813752 
0.00876089 0.00883724 0.0115733 0.0101569 0.0101303 0.00908552 0.00960483 0.00867762 0.0150198 0.0109096 0.0141815 0.0101475 0.00864921 0.00813935 0.00817188 0.00874327 0.00832033 0.008312 0.0134998 0.0159705 0.0179776 0.0111693 0.00945335 0.0277878 0.0255351 0.0199665 0.0095049 0.0110008 0.0158429 0.0321216 0.0147328 0.00608489 0.0041031 0.00792733 0.00401135 0.00387605 0.00394903 0.003751 0 0.00374825 0.00379018 0.0138443 0.0195334 0.0529517 0.0102195 0.0678203 0.0091231 0.0460505 0.00911232 0.0100543 0.0086088 0.00964533 0.0498352 0.0104802 0.0627001 0.0103209 0.0634995 0.00948016 0.0219873 0.00867713 0.00899933 0.0167874 0.0156496 0.0312243 0.0275518 0.0187931 0.0120206 0.00930272 0.00840449 0.0222469 0.00867507 0.0287121 0.00889358 0.0283018 0.00836783 0.00946552 0.00821793 0.00871229 
0.00888085 0.00899605 0.00891856 0.0088754 0.0088924 0.00864096 0.00893336 0.00989098 0.00869358 0.00917271 0.00941839 0.00989706 0.00862264 0.00871086 0.00829535 0.00911157 0.00887621 0.00864567 0.00975435 0.0135082 0.0203911 0.0105727 0.0132865 0.0133933 0.0185556 0.0133328 0.0107841 0.0128411 0.0207368 0.0311732 0.0168883 0.00708852 0.00589463 0.00421742 0.00378883 0.00386936 0.00380085 0.00381556 0.00374825 0 0.00392761 0.0182006 0.0262798 0.00963188 0.0347626 0.00937527 0.0340743 0.00901686 0.0152667 0.0107846 0.00958547 0.0425788 0.0116999 0.0252229 0.00930275 0.0258366 0.00898482 0.0208095 0.0090199 0.0115855 0.0131231 0.0111187 0.0146343 0.0126273 0.0112299 0.0118815 0.0134309 0.00969541 0.0303466 0.00893277 0.0106149 0.00846904 0.0145216 0.00848721 0.0136476 0.00833144 0.010765 0.00839754 
0.0109331 0.00905681 0.00869197 0.00853063 0.00852728 0.00885159 0.0142431 0.0087205 0.00868306 0.0088751 0.00884536 0.00870812 0.00944861 0.00933676 0.00862394 0.0161296 0.00839168 0.00852264 0.0174736 0.0103777 0.00927878 0.0141424 0.0178078 0.0136426 0.00948738 0.0122491 0.0115241 0.0303818 0.0111766 0.0124602 0.0318936 0.0270971 0.00629715 0.00410458 0.00452 0.00383847 0.0039825 0.00376131 0.00379018 0.00392761 0 0.0268816 0.0114008 0.0146725 0.00956239 0.0236725 0.00977221 0.0190183 0.00920653 0.0101361 0.0132473 0.0213259 0.0173919 0.0087293 0.0184026 0.00923291 0.0137407 0.00886429 0.0125514 0.00971393 0.0179765 0.0136509 0.00944244 0.0100305 0.0101263 0.00909374 0.0093411 0.0117995 0.0136162 0.0115408 0.00837773 0.0106067 0.00831485 0.0101551 0.00826136 0.0129651 0.0112297 0.0110241 
0.00884457 0.00829012 0.00840594 0.00850607 0.00861413 0.00984762 0.0086957 0.00872034 0.00824626 0.00835273 0.00839265 0.00872497 0.0105336 0.00978816 0.00920023 0.00871011 0.00836722 0.0117567 0.00915475 0.0086164 0.00897994 0.0106946 0.0102502 0.00892281 0.00878181 0.00966915 0.0130945 0.0117439 0.00875661 0.00924618 0.012809 0.0242684 0.0106318 0.0144272 0.00962918 0.0183943 0.00975142 0.0177975 0.0138443 0.0182006 0.0268816 0 0.00414187 0.00388162 0.00466793 0.00401236 0.0057351 0.00479069 0.00624079 0.00585786 0.0203302 0.00857254 0.00767472 0.0112935 0.00809318 0.0120911 0.00881109 0.0151847 0.0112229 0.459655 0.0335582 0.00897669 0.0114675 0.0101268 0.00960408 0.0103914 0.0109856 0.0229227 0.0151853 0.00982908 0.0125662 0.00903991 0.0128019 0.0086063 0.0138544 0.0170706 0.0136806 0.0120479 
0.00825895 0.00827833 0.00845957 0.0084787 0.00850171 0.00839788 0.00856189 0.00825185 0.00848949 0.00839218 0.00848171 0.00849186 0.00842768 0.00830901 0.00821968 0.00840666 0.00818679 0.00833668 0.00867789 0.00885735 0.0090337 0.00849976 0.00864538 0.00945428 0.00972286 0.00914162 0.00866765 0.00913322 0.00930482 0.00911701 0.00861231 0.0115844 0.0118495 0.00881152 0.0152564 0.0115765 0.0146468 0.0125326 0.0195334 0.0262798 0.0114008 0.00414187 0 0.00401633 0.00383553 0.00397278 0.00400725 0.00517505 0.0044541 0.00656381 0.00445473 0.00667236 0.00995311 0.00803143 0.00992889 0.0102934 0.0110133 0.00973363 0.38822 0.111284 0.00972955 0.0126889 0.00978852 0.0111452 0.0112333 0.0102892 0.0119369 0.00977828 0.00942069 0.0100452 0.00904512 0.0116546 0.00909391 0.0121715 0.010727 0.0105791 0.00963186 0.00918634 
0.00827033 0.00828564 0.00852312 0.00858182 0.00853892 0.00849053 0.00858157 0.00824941 0.00866762 0.00862896 0.00873725 0.00851575 0.00833998 0.00829411 0.00816564 0.00827592 0.00815415 0.00821515 0.00879634 0.00890504 0.00971055 0.00853925 0.00832735 0.0106016 0.0108666 0.0090885 0.00846335 0.00870042 0.00899863 0.00893044 0.00843629 0.0104893 0.00878536 0.009778 0.0122604 0.00961945 0.0166927 0.0138323 0.0529517 0.00963188 0.0146725 0.00388162 0.00401633 0 0.00375938 0.0038261 0.0038872 0.00412295 0.00440077 0.00389937 0.0040134 0.00658046 0.00857477 0.00811578 0.010657 0.00819691 0.0131825 0.0527451 0.233904 0.00952419 0.0091997 0.00999703 0.0106082 0.0130564 0.0117672 0.011741 0.00916023 0.009022 0.00898659 0.00888477 0.00957316 0.0125682 0.010052 0.0147919 0.00869903 0.0105267 0.00874717 0.0091876 
0.00832534 0.00833802 0.00861333 0.00868662 0.00853167 0.00843466 0.0082933 0.00874625 0.00871659 0.00892056 0.00891251 0.0084534 0.00830638 0.00874231 0.00817083 0.00833257 0.00820884 0.00849189 0.00861729 0.00917966 0.00971828 0.00843362 0.00934174 0.00958846 0.0154785 0.00886173 0.00852266 0.00931405 0.00979497 0.00871633 0.00862563 0.00942388 0.00934905 0.012463 0.00843299 0.036236 0.00842589 0.0879049 0.0102195 0.0347626 0.00956239 0.00466793 0.00383553 0.00375938 0 0.00377889 0.00394216 0.00380206 0.003945 0.00419205 0.00394196 0.00680729 0.0070727 0.0125513 0.00809465 0.0174549 0.0161312 0.87828 0.00912867 0.0106206 0.0115104 0.00835159 0.0158511 0.0112671 0.0122319 0.0144322 0.00930239 0.00894999 0.00986158 0.00885709 0.0172449 0.00862034 0.040357 0.00850218 0.0246719 0.00839569 0.0106867 0.00831352 
0.0088518 0.0083479 0.00877946 0.00871735 0.00864511 0.00854915 0.0100047 0.00828803 0.00923829 0.00875213 0.00903922 0.00862704 0.0083317 0.00817933 0.00845147 0.00927208 0.00819465 0.00820448 0.0105203 0.00970329 0.00995809 0.00887723 0.00848025 0.013467 0.0107504 0.0106602 0.00881798 0.0092949 0.00951199 0.0100994 0.00872788 0.013641 0.00967596 0.00857039 0.0364342 0.00837697 0.0935685 0.00864069 0.0678203 0.00937527 0.0236725 0.00401236 0.00397278 0.0038261 0.00377889 0 0.00376659 0.00393954 0.00389636 0.00384921 0.00380676 0.00601434 0.0101697 0.00725871 0.023889 0.0116314 0.961818 0.00873902 0.0176267 0.00819993 0.00863892 0.0203063 0.00935478 0.0156308 0.0151912 0.0106488 0.0115554 0.00950659 0.00990471 0.012015 0.00869441 0.0498507 0.00846547 0.0689407 0.00832964 0.0171377 0.00839952 0.0118692 
0.00840953 0.0084194 0.00869397 0.00880423 0.00877519 0.00866106 0.0082964 0.0093028 0.00874909 0.00922569 0.00941666 0.00864796 0.00852832 0.00894971 0.00822898 0.00835372 0.00831826 0.00881881 0.00874547 0.00958544 0.0108213 0.00854527 0.00977379 0.00928236 0.0192094 0.00924155 0.0087668 0.00956496 0.0107357 0.00880359 0.00894969 0.00937293 0.00939492 0.0189357 0.00838002 0.0972623 0.00835735 0.0605432 0.0091231 0.0340743 0.00977221 0.0057351 0.00400725 0.0038872 0.00394216 0.00376659 0 0.00378107 0.00388707 0.00378361 0.00385442 0.00625679 0.00677859 0.0216642 0.0120555 0.964372 0.00812102 0.0344732 0.00768577 0.0135054 0.0141936 0.0082311 0.0199064 0.0110672 0.0120414 0.0137869 0.00959018 0.0103464 0.0106218 0.00894523 0.03171 0.0083621 0.0842562 0.00844388 0.0263613 0.00868756 0.0118596 0.0083826 
