1LQVB
LQRLHMLQISYFRDPYHVWYQGNASLGGHLTHVLEGPDTNTTIIQLQPLQEPESWARTQSGLQSYLLQFHGLVRLVHQERTLAFPLTIRCFLGCELPPEGSRAHVFFEVAVNGSSFVSFRPERALWQADTQVTSGVVTFTLQQLNAYNRTRYELREFLEDTCVQYVQKHISAE
CCEEEEEEEEEEEECCEEEEEEEEEECCEEEEEEEECCCCCEEEECCCCCCHHHHHHHHHHHHHHHHHHHHHHHHHHHHHCCCCCEEEEEEEEEECCCCCCCCEEEEEEEECCEEEEEEECCCCEEEECCCCCCHHHHHHHHHHCCCCCCCHHHHHHHHCHHHHHHHHHHHHC
0 0 0 0 0 0 0 0 0 0 0 0 0 0 0 0 0 0 0 0 0 0 0 0 0 0 0 0 0 0 0 0 0 0 0 0 0 0 0 0 0 0 0 0 0 0 0 0 0 0 0 0 0 0 0 0 0 0 0 0 0 0 0 0 0 0 0 0 0 0 0 0 0 0 0 0 0 0 0 0 0 0 0 0 0 0 0 0 0 0 0 0 0 0 0 0 0 0 0 0 0 0 0 0 0 0 0 0 0 0 0 0 0 0 0 0 0 0 0 0 0 0 0 0 0 0 0 0 0 0 0 0 0 0 0 0 0 0 0 0 0 0 0 0 0 0 0 0 0 0 0 0 0 0 0 0 0 0 0 0 0 0 0 0 0 0 0 0 0 0 0 0 0 
0 0 0 0 0 0 0 0 0 0 0 0 0 0 0 0 0 0 0 0 0 0 0 0 0 0 0 0 0 0 0 0 0 0 0 0 0 0 0 0 0 0 0 0 0 0 0 0 0 0 0 0 0 0 0 0 0 0 0 0 0 0 0 0 0 0 0 0 0 0 0 0 0 0 0 0 0 0 0 0 0 0 0 0 0 0 0 0 0 0 0 0 0 0 0 0 0 0 0 0 0 0 0 0 0 0 0 0 0 0 0 0 0 0 0 0 0 0 0 0 0 0 0 0 0 0 0 0 0 0 0 0 0 0 0 0 0 0 0 0 0 0 0 0 0 0 0 0 0 0 0 0 0 0 0 0 0 0 0 0 0 0 0 0 0 0 0 0 0 0 0 0 0 
0 0.00395764 0.00383892 0.00382709 0.00383633 0.00394377 0.00443119 0.00475659 0.00644918 0.00676944 0.0130184 0.0219195 0.0104185 0.00777433 0.0111293 0.00816142 0.0123075 0.00809702 0.0157618 0.00847409 0.0287623 0.02203 0.0236288 0.0104121 0.0103182 0.00919747 0.012328 0.00899507 0.0176943 0.014241 0.0415897 0.009513 0.0177907 0.0190635 0.00957469 0.0107117 0.00850144 0.00981466 0.00832641 0.00920953 0.0083137 0.00892379 0.00882257 0.0131182 0.00953977 0.0083176 0.00869696 0.00839329 0.00889504 0.00834254 0.0092191 0.0098171 0.00847223 0.00828835 0.00838702 0.00845939 0.00881538 0.00869003 0.0105975 0.00890511 0.0081215 0.00845739 0.00904511 
0.00395764 0 0.00379762 0.00379401 0.00379079 0.00379162 0.00383243 0.00423861 0.00449311 0.0076403 0.00750303 0.0068447 0.00675854 0.0143928 0.00743529 0.0161941 0.00788066 0.0232284 0.00785728 0.0450409 0.0261483 0.334854 0.0107577 0.0148129 0.0110383 0.0178154 0.00935756 0.0452277 0.00989829 0.0154131 0.00945886 0.0981306 0.0119175 0.0164184 0.0118977 0.008588 0.020934 0.00845839 0.0187404 0.00879566 0.0176843 0.00945408 0.0211315 0.00872668 0.00843422 0.0127541 0.00882788 0.012239 0.00863422 0.0119382 0.00865942 0.00991526 0.00814262 0.00839408 0.00897302 0.0102249 0.00863296 0.011807 0.0085177 0.00817823 0.00875345 0.00823014 0.00827722 
0.00383892 0.00379762 0 0.00375514 0.00378453 0.00380459 0.00381639 0.00386181 0.00474935 0.00538021 0.00642987 0.00621646 0.00776794 0.00689284 0.015835 0.00771925 0.0205772 0.00780226 0.0370956 0.0103759 0.434721 0.0524405 0.010373 0.010712 0.0138662 0.0121561 0.0505356 0.00906071 0.0225763 0.00851603 0.0192336 0.00923022 0.0322818 0.00893101 0.00876558 0.0225213 0.00927222 0.0379157 0.00932234 0.0320444 0.0111407 0.0307933 0.00885058 0.0118254 0.0092755 0.00925156 0.0173691 0.00992782 0.0194906 0.00943934 0.00915 0.00834751 0.00818843 0.00859183 0.0104596 0.0112528 0.0180945 0.00864204 0.00870231 0.00863348 0.00838289 0.00838578 0.00824001 
0.00382709 0.00379401 0.00375514 0 0.00374251 0.0037809 0.00380537 0.00382361 0.00395313 0.00445013 0.00472183 0.00508799 0.00624874 0.0107671 0.00714359 0.0185427 0.00746852 0.0350531 0.00922854 0.463458 0.0697503 0.0530924 0.00880431 0.0097356 0.0130026 0.0233823 0.00900349 0.0413635 0.00873416 0.0106039 0.00874965 0.0361328 0.00926947 0.0115946 0.0108699 0.00850386 0.0403793 0.00910916 0.0342477 0.0100173 0.0469828 0.0109897 0.0219969 0.00896913 0.00846903 0.013623 0.00995396 0.0215375 0.00963564 0.0143072 0.00889845 0.00842487 0.00813458 0.00851565 0.0115626 0.016149 0.00939404 0.0109748 0.00837258 0.00823512 0.00887205 0.00822438 0.00825737 
0.00383633 0.00379079 0.00378453 0.00374251 0 0.00374482 0.00380784 0.00398509 0.00383671 0.00388029 0.00387093 0.00422663 0.00658078 0.00691348 0.0124776 0.00727033 0.0234264 0.00805811 0.393542 0.0682882 0.0851122 0.00859386 0.00880278 0.00947359 0.0134599 0.00961259 0.0260292 0.00894461 0.0150681 0.00841587 0.0126662 0.0094534 0.0196465 0.00880823 0.00868685 0.0148421 0.00990773 0.0243976 0.00995503 0.0344084 0.0131105 0.0364936 0.00973236 0.00982341 0.00877037 0.010096 0.015779 0.0106698 0.0179538 0.00948035 0.00935349 0.00830966 0.0081539 0.00855185 0.0114514 0.0133204 0.0144713 0.00926873 0.00846024 0.00827085 0.00849785 0.00829402 0.00820245 
0.00394377 0.00379162 0.00380459 0.0037809 0.00374482 0 0.00374827 0.00380117 0.00380872 0.00382152 0.003857 0.00385034 0.00607914 0.00967558 0.00700303 0.0263197 0.00793278 0.411432 0.0785206 0.100408 0.0103581 0.00977587 0.00832115 0.0109776 0.0112884 0.0227461 0.0104497 0.0227577 0.00934408 0.0104682 0.0100716 0.0173436 0.011216 0.0110404 0.00957682 0.00986529 0.0191096 0.0110294 0.0243567 0.0120182 0.0290239 0.0142457 0.0126532 0.00890863 0.00866869 0.0117354 0.0125894 0.0139759 0.011276 0.0116867 0.00885125 0.00840351 0.00818083 0.00892161 0.0115361 0.0137892 0.0116645 0.00961598 0.00850563 0.00827773 0.0086369 0.00830064 0.00819061 
0.00443119 0.00383243 0.00381639 0.00380537 0.00380784 0.00374827 0 0.00376076 0.00378673 0.00380459 0.00377761 0.0038836 0.00735177 0.00713792 0.0203166 0.00875355 0.364471 0.0780492 0.0947685 0.0102336 0.0115528 0.00855294 0.00939678 0.00956717 0.0128095 0.0104571 0.0223322 0.00992251 0.0126715 0.0087616 0.0118672 0.0133362 0.0137588 0.00933851 0.0101249 0.0103751 0.0130011 0.0155081 0.0107082 0.0156441 0.0138195 0.0156904 0.00926399 0.00944302 0.00855686 0.0100509 0.0118672 0.0109959 0.0120967 0.00986566 0.00894691 0.00836977 0.0083463 0.00840842 0.0100693 0.0120036 0.0109632 0.00911485 0.00840472 0.00822414 0.00842884 0.0081924 0.00815487 
0.00475659 0.00423861 0.00386181 0.00382361 0.00398509 0.00380117 0.00376076 0 0.00376173 0.003779 0.00379922 0.00378138 0.00440912 0.0191315 0.00662674 0.473785 0.0269831 0.0979645 0.00756333 0.0151393 0.00786932 0.00896776 0.00850013 0.00998005 0.011619 0.0154921 0.0093028 0.0233067 0.00856496 0.00944813 0.00943749 0.0177113 0.00929913 0.0105036 0.0096193 0.00893139 0.0266966 0.0094473 0.0244574 0.0103327 0.0215742 0.0110238 0.0123268 0.00886642 0.00852228 0.0117442 0.0101218 0.0140534 0.00994859 0.0122706 0.00857482 0.00833369 0.00815533 0.00852729 0.010598 0.0128365 0.0104158 0.00960029 0.00835465 0.00821565 0.00862879 0.00817672 0.0081582 
0.00644918 0.00449311 0.00474935 0.00395313 0.00383671 0.00380872 0.00378673 0.00376173 0 0.00378673 0.00379652 0.00376627 0.00616353 0.00542264 0.479939 0.0222007 0.12784 0.00669919 0.0185041 0.00732296 0.0128685 0.007712 0.00923695 0.01013 0.011272 0.00931656 0.0304918 0.00816548 0.0166326 0.00828496 0.0158658 0.00874074 0.0248758 0.00880451 0.00851452 0.0196077 0.00870187 0.0314314 0.00874072 0.0242156 0.00988953 0.0180577 0.00871131 0.00909248 0.00922673 0.00886088 0.0143808 0.00928737 0.0164472 0.00879226 0.00876247 0.00821621 0.00815198 0.00857245 0.00971129 0.0116512 0.0132139 0.00842178 0.00852931 0.00848866 0.00819406 0.00836955 0.00818125 
0.00676944 0.0076403 0.00538021 0.00445013 0.00388029 0.00382152 0.00380459 0.003779 0.00378673 0 0.00376236 0.00375009 0.00407641 0.457824 0.0289741 0.153321 0.00609291 0.0134974 0.00671139 0.0117822 0.00720068 0.00881061 0.00877897 0.00911263 0.00969075 0.0142947 0.00800367 0.0221191 0.00818057 0.00978741 0.00900438 0.0313594 0.00857552 0.010531 0.0135963 0.00833569 0.0317379 0.00845766 0.0212015 0.00859553 0.0148015 0.00888087 0.00988557 0.0084219 0.00828727 0.0107937 0.00877662 0.0127503 0.00855561 0.00976744 0.0082862 0.00825917 0.00819293 0.00824731 0.0093234 0.00993368 0.00872652 0.00932205 0.0082109 0.00813197 0.00861231 0.00810088 0.00817891 
0.0130184 0.00750303 0.00642987 0.00472183 0.00387093 0.003857 0.00377761 0.00379922 0.00379652 0.00376236 0 0.00377315 0.0212768 0.161068 0.0200941 0.00576946 0.0124041 0.00616385 0.00782116 0.00676464 0.00915228 0.007262 0.00981531 0.0106463 0.0106663 0.00797515 0.0111504 0.0081471 0.0124339 0.00805821 0.0148944 0.0101131 0.0154702 0.00866169 0.00892781 0.0127677 0.00841214 0.0109479 0.00842915 0.0100316 0.00867471 0.00975566 0.00872894 0.00861874 0.00864205 0.00881174 0.00912167 0.00838066 0.00902173 0.00829404 0.0083748 0.00818524 0.00831931 0.00848984 0.00862432 0.00852122 0.00888972 0.00834963 0.00815147 0.00834319 0.00820239 0.00813621 0.00808395 
0.0219195 0.0068447 0.00621646 0.00508799 0.00422663 0.00385034 0.0038836 0.00378138 0.00376627 0.00375009 0.00377315 0 0.646376 0.00590669 0.00390774 0.00482217 0.0047515 0.00524749 0.00602007 0.00663723 0.00692692 0.00770985 0.0117631 0.00864968 0.0076896 0.0086348 0.00795434 0.00812707 0.00828697 0.00950952 0.0183867 0.00953578 0.00897822 0.0105089 0.0121704 0.00935997 0.00853659 0.0087514 0.00843497 0.00838472 0.00848839 0.00852934 0.00858178 0.00911809 0.0100476 0.00833916 0.00831689 0.00841327 0.00835068 0.00826374 0.0081964 0.00842544 0.00902525 0.00839606 0.0082833 0.00832401 0.0082629 0.00819076 0.00833896 0.00880622 0.00815659 0.0081199 0.00813232 
0.0104185 0.00675854 0.00776794 0.00624874 0.00658078 0.00607914 0.00735177 0.00440912 0.00616353 0.00407641 0.0212768 0.646376 0 0.00379804 0.00380979 0.00383648 0.0039007 0.00382723 0.00419615 0.00457923 0.017426 0.00933424 0.00772068 0.00704312 0.00723593 0.00754342 0.010583 0.00766555 0.0288175 0.0199935 0.0290425 0.00871281 0.0343642 0.0136392 0.00922306 0.0108188 0.00840797 0.0100496 0.00824345 0.00944827 0.00836024 0.00888493 0.0083897 0.0212272 0.00906871 0.00832424 0.00854473 0.00826751 0.00888593 0.00823274 0.00863536 0.00937859 0.00827221 0.00828929 0.0083049 0.00840184 0.00864865 0.00829321 0.0101544 0.00851377 0.00809088 0.00822344 0.00844112 
0.00777433 0.0143928 0.00689284 0.0107671 0.00691348 0.00967558 0.00713792 0.0191315 0.00542264 0.457824 0.161068 0.00590669 0.00379804 0 0.00375305 0.00379878 0.00376647 0.00391686 0.00385868 0.00502408 0.00572222 0.00714212 0.00672291 0.00656504 0.00763843 0.00907741 0.00752176 0.0304926 0.00876965 0.0217581 0.00875616 0.104725 0.00896223 0.0133613 0.0131678 0.00830489 0.0249712 0.0082905 0.0191903 0.00831128 0.0132458 0.0087025 0.038369 0.00845755 0.00826322 0.0109967 0.00842156 0.0123375 0.00828393 0.0102471 0.00857784 0.0085838 0.00810994 0.00821201 0.00886722 0.00938152 0.0083336 0.0113747 0.0083277 0.00810132 0.00881316 0.00819635 0.00828555 
0.0111293 0.00743529 0.015835 0.00714359 0.0124776 0.00700303 0.0203166 0.00662674 0.479939 0.0289741 0.0200941 0.00390774 0.00380979 0.00375305 0 0.00374597 0.00380661 0.00377782 0.00425521 0.0038722 0.00454423 0.00461781 0.0073665 0.00689425 0.00809472 0.0070906 0.0275719 0.00750565 0.0396626 0.0181814 0.0420491 0.00819022 0.0253132 0.00815857 0.00822893 0.0217437 0.00834502 0.039737 0.00837175 0.0260415 0.00880685 0.0328518 0.00845747 0.0090485 0.00897064 0.00851151 0.016274 0.00866763 0.0184297 0.00854268 0.00884906 0.00819216 0.00813541 0.00844432 0.00933223 0.0102726 0.0170435 0.00827314 0.00851034 0.00877059 0.00822424 0.00840435 0.00816665 
0.00816142 0.0161941 0.00771925 0.0185427 0.00727033 0.0263197 0.00875355 0.473785 0.0222007 0.153321 0.00576946 0.00482217 0.00383648 0.00379878 0.00374597 0 0.00373549 0.00380958 0.00379347 0.00418209 0.00388918 0.00464563 0.00667059 0.00686337 0.00762447 0.0141526 0.00744842 0.0558828 0.0305033 0.52465 0.0081519 0.0278665 0.00831128 0.0112688 0.0132134 0.00826787 0.0508768 0.00836492 0.0315037 0.00851064 0.0411172 0.00919568 0.0122809 0.00870648 0.00826071 0.0137316 0.00876073 0.0188727 0.00861069 0.0128048 0.0083807 0.00830058 0.00811655 0.00833981 0.00986163 0.0132779 0.00884456 0.0113962 0.00826021 0.00815465 0.00891031 0.00813009 0.00821601 
0.0123075 0.00788066 0.0205772 0.00746852 0.0234264 0.00793278 0.364471 0.0269831 0.12784 0.00609291 0.0124041 0.0047515 0.0039007 0.00376647 0.00380661 0.00373549 0 0.00372083 0.00381734 0.00374992 0.00391944 0.00382721 0.00636266 0.00699966 0.0166672 0.00681856 0.0302445 0.0153556 0.7164 0.00715121 0.0143455 0.0079131 0.0170907 0.00797834 0.00829908 0.0190605 0.00824837 0.0306227 0.00834972 0.0306062 0.00883994 0.015469 0.00839285 0.00920081 0.00906889 0.00845995 0.0145403 0.00858126 0.0177386 0.00847548 0.00876474 0.00820375 0.0081422 0.00842352 0.00938903 0.0101147 0.0133825 0.00824066 0.0084473 0.00864432 0.00815341 0.00835479 0.00813351 
0.00809702 0.0232284 0.00780226 0.0350531 0.00805811 0.411432 0.0780492 0.0979645 0.00669919 0.0134974 0.00616385 0.00524749 0.00382723 0.00391686 0.00377782 0.00380958 0.00372083 0 0.00374001 0.00382969 0.00377683 0.00386626 0.0057941 0.0159058 0.00761336 0.0223664 0.0372036 0.867828 0.00748215 0.0084592 0.00779695 0.0205609 0.00813703 0.010475 0.0139159 0.00823752 0.0476714 0.00833747 0.0481772 0.0086349 0.0233624 0.00951547 0.012616 0.00870826 0.00824769 0.0151052 0.00892991 0.0198476 0.00860454 0.0132217 0.0083834 0.00831275 0.00812428 0.00833778 0.0102296 0.0129733 0.00884122 0.011201 0.0081714 0.00811876 0.00895397 0.0081073 0.00820004 
0.0157618 0.00785728 0.0370956 0.00922854 0.393542 0.0785206 0.0947685 0.00756333 0.0185041 0.00671139 0.00782116 0.00602007 0.00419615 0.00385868 0.00425521 0.00379347 0.00381734 0.00374001 0 0.00374823 0.00382112 0.00376303 0.0150385 0.00596486 0.00969096 0.0657172 0.786341 0.00668552 0.0105853 0.00674307 0.0122141 0.00784641 0.0237616 0.00806988 0.00833288 0.0221959 0.00840383 0.0553512 0.00859422 0.027723 0.00961929 0.0182848 0.0089252 0.00927283 0.00964679 0.00875055 0.0202813 0.00894565 0.0233874 0.00878938 0.00919902 0.00823653 0.00819975 0.00863917 0.0100162 0.0110822 0.0188072 0.00854533 0.00870918 0.00897233 0.00821774 0.00847995 0.00815963 
0.00847409 0.0450409 0.0103759 0.463458 0.0682882 0.100408 0.0102336 0.0151393 0.00732296 0.0117822 0.00676464 0.00663723 0.00457923 0.00502408 0.0038722 0.00418209 0.00374992 0.00382969 0.00374823 0 0.00376034 0.00378428 0.00591842 0.0120529 0.198123 0.693655 0.00696104 0.0142634 0.00702759 0.00716747 0.00778665 0.0231367 0.00874215 0.0102725 0.0150524 0.0084456 0.0793204 0.00879125 0.0302992 0.00942386 0.0284589 0.0108024 0.0119623 0.0089895 0.00842987 0.0181343 0.00981481 0.0233835 0.00950641 0.0148456 0.00867108 0.00843328 0.00821367 0.00850506 0.0113868 0.0173022 0.00992547 0.011434 0.00851511 0.00826652 0.00901551 0.00818998 0.00821166 
0.0287623 0.0261483 0.434721 0.0697503 0.0851122 0.0103581 0.0115528 0.00786932 0.0128685 0.00720068 0.00915228 0.00692692 0.017426 0.00572222 0.00454423 0.00388918 0.00391944 0.00377683 0.00382112 0.00376034 0 0.0038125 0.00881972 0.892856 0.0839112 0.0065016 0.0077609 0.00651097 0.00913862 0.00677518 0.0204036 0.00863102 0.0220899 0.00867748 0.00908057 0.0442491 0.00865601 0.0179034 0.0086979 0.0138954 0.00932554 0.0122947 0.0103188 0.0103874 0.0100928 0.00907338 0.0143294 0.00879051 0.0121754 0.00852939 0.00920539 0.00838032 0.00851464 0.00888572 0.00906488 0.00920127 0.0116086 0.00850331 0.00848406 0.00889558 0.00822388 0.00841695 0.00820356 
0.02203 0.334854 0.0524405 0.0530924 0.00859386 0.00977587 0.00855294 0.00896776 0.007712 0.00881061 0.007262 0.00770985 0.00933424 0.00714212 0.00461781 0.00464563 0.00382721 0.00386626 0.00376303 0.00378428 0.0038125 0 0.978176 0.00782236 0.00511734 0.0049813 0.00484368 0.00682611 0.00648859 0.00936668 0.0121191 0.0143399 0.00826519 0.0136542 0.0333307 0.00881406 0.0131482 0.00849802 0.0102731 0.00838583 0.00930354 0.00889176 0.0104539 0.0100723 0.0112935 0.00925935 0.0085577 0.00956003 0.00832131 0.00882048 0.00837708 0.00926219 0.0100758 0.00861692 0.00856561 0.00921496 0.00842854 0.00902936 0.0084568 0.00916271 0.00837284 0.0081744 0.00855589 
0.0236288 0.0107577 0.010373 0.00880431 0.00880278 0.00832115 0.00939678 0.00850013 0.00923695 0.00877897 0.00981531 0.0117631 0.00772068 0.00672291 0.0073665 0.00667059 0.00636266 0.0057941 0.0150385 0.00591842 0.00881972 0.978176 0 0.00387009 0.00377163 0.00387369 0.00390132 0.00426999 0.00438499 0.0107887 0.0100782 0.00754772 0.0115168 0.0171936 0.0133504 0.00998113 0.0103025 0.00912482 0.00864479 0.00864292 0.00858664 0.00890069 0.00898063 0.0138064 0.00914801 0.00876677 0.00844517 0.00853881 0.00844128 0.00859346 0.00939113 0.0113875 0.0083957 0.00819484 0.00831544 0.00837433 0.00845656 0.00905308 0.0113274 0.00857076 0.0081445 0.008611 0.00995217 
0.0104121 0.0148129 0.010712 0.0097356 0.00947359 0.0109776 0.00956717 0.00998005 0.01013 0.00911263 0.0106463 0.00864968 0.00704312 0.00656504 0.00689425 0.00686337 0.00699966 0.0159058 0.00596486 0.0120529 0.892856 0.00782236 0.00387009 0 0.00378424 0.00381856 0.00389787 0.00393108 0.00455667 0.00448958 0.00761858 0.00797369 0.0156622 0.00873397 0.0105972 0.0153523 0.0096983 0.00993813 0.00953474 0.00979555 0.0131204 0.0099152 0.0101355 0.00878076 0.00887781 0.00904512 0.00977023 0.00916652 0.00924529 0.00865163 0.00909187 0.00880228 0.00815996 0.00843324 0.00886957 0.00916156 0.00929122 0.0089053 0.00896009 0.00821631 0.00821747 0.00833608 0.00828762 
0.0103182 0.0110383 0.0138662 0.0130026 0.0134599 0.0112884 0.0128095 0.011619 0.011272 0.00969075 0.0106663 0.0076896 0.00723593 0.00763843 0.00809472 0.00762447 0.0166672 0.00761336 0.00969096 0.198123 0.0839112 0.00511734 0.00377163 0.00378424 0 0.00376708 0.003779 0.00379482 0.00386187 0.00386447 0.00829471 0.00772693 0.00853243 0.012025 0.0117624 0.0107464 0.0123064 0.012886 0.0105149 0.0196293 0.0116192 0.0151598 0.00936454 0.0102404 0.00851199 0.0105283 0.0109203 0.0100872 0.0111349 0.00984163 0.00904068 0.00838113 0.00816502 0.00836332 0.00968744 0.011795 0.011493 0.00901988 0.00848692 0.00829059 0.00834757 0.00822578 0.00817504 
0.00919747 0.0178154 0.0121561 0.0233823 0.00961259 0.0227461 0.0104571 0.0154921 0.00931656 0.0142947 0.00797515 0.0086348 0.00754342 0.00907741 0.0070906 0.0141526 0.00681856 0.0223664 0.0657172 0.693655 0.0065016 0.0049813 0.00387369 0.00381856 0.00376708 0 0.00375726 0.00379357 0.0037961 0.00382334 0.00663287 0.0108252 0.00863799 0.564829 0.0159454 0.00899428 0.023948 0.00922939 0.0357191 0.00984766 0.0201603 0.0107072 0.0119506 0.00941319 0.00849046 0.0119098 0.0103383 0.0164543 0.0103465 0.0124626 0.00880426 0.00850321 0.0082196 0.00850476 0.0115387 0.0160405 0.0110275 0.00993026 0.00846156 0.0082714 0.0090605 0.00818948 0.00821545 
0.012328 0.00935756 0.0505356 0.00900349 0.0260292 0.0104497 0.0223322 0.0093028 0.0304918 0.00800367 0.0111504 0.00795434 0.010583 0.00752176 0.0275719 0.00744842 0.0302445 0.0372036 0.786341 0.00696104 0.0077609 0.00484368 0.00390132 0.00389787 0.003779 0.00375726 0 0.00375912 0.00388431 0.00376475 0.0109565 0.00696316 0.746318 0.0133471 0.00918719 0.0245639 0.00908258 0.0609861 0.00969419 0.0422276 0.010678 0.0270924 0.00921471 0.00968987 0.00962564 0.00913316 0.0226998 0.00947651 0.0238469 0.00917274 0.00957817 0.00836199 0.00822811 0.00879311 0.0106811 0.0150947 0.0224763 0.00861127 0.00883592 0.00894389 0.00822533 0.00875762 0.00824397 
0.00899507 0.0452277 0.00906071 0.0413635 0.00894461 0.0227577 0.00992251 0.0233067 0.00816548 0.0221191 0.0081471 0.00812707 0.00766555 0.0304926 0.00750565 0.0558828 0.0153556 0.867828 0.00668552 0.0142634 0.00651097 0.00682611 0.00426999 0.00393108 0.00379482 0.00379357 0.00375912 0 0.00375583 0.00396136 0.00595174 0.793749 0.00891998 0.0269742 0.0151629 0.00857092 0.0964339 0.00855741 0.0512937 0.00892496 0.0316212 0.010093 0.0127312 0.00916183 0.00839364 0.0171509 0.0098371 0.0252446 0.00892032 0.0142678 0.00884309 0.0084391 0.00822388 0.00847592 0.0134304 0.0192486 0.00975339 0.0123062 0.00832628 0.0081818 0.00957137 0.0081612 0.00825921 
0.0176943 0.00989829 0.0225763 0.00873416 0.0150681 0.00934408 0.0126715 0.00856496 0.0166326 0.00818057 0.0124339 0.00828697 0.0288175 0.00876965 0.0396626 0.0305033 0.7164 0.00748215 0.0105853 0.00702759 0.00913862 0.00648859 0.00438499 0.00455667 0.00386187 0.0037961 0.00388431 0.00375583 0 0.00378325 0.675504 0.0095772 0.0468402 0.00697709 0.00910612 0.0307036 0.00852269 0.0237534 0.00859889 0.0172047 0.00898517 0.0131472 0.0106701 0.011154 0.0101007 0.00891731 0.014163 0.00847494 0.0125278 0.00839458 0.00925167 0.00832978 0.00867734 0.00905103 0.00882216 0.00904689 0.0121403 0.00861429 0.00864938 0.00935929 0.00821924 0.00874553 0.00815377 
0.014241 0.0154131 0.00851603 0.0106039 0.00841587 0.0104682 0.0087616 0.00944813 0.00828496 0.00978741 0.00805821 0.00950952 0.0199935 0.0217581 0.0181814 0.52465 0.00715121 0.0084592 0.00674307 0.00716747 0.00677518 0.00936668 0.0107887 0.00448958 0.00386447 0.00382334 0.00376475 0.00396136 0.00378325 0 0.0307135 0.0426516 0.00572114 0.00914671 0.0281023 0.00894769 0.011386 0.00846614 0.0106745 0.00832173 0.00983216 0.00872463 0.00957267 0.0104952 0.0112849 0.00941564 0.00846324 0.00950162 0.0083125 0.00889113 0.00833448 0.00903118 0.0104522 0.00854707 0.00846851 0.00890737 0.00843377 0.00874105 0.00860447 0.00938798 0.00845063 0.00817701 0.0083517 
0.0415897 0.00945886 0.0192336 0.00874965 0.0126662 0.0100716 0.0118672 0.00943749 0.0158658 0.00900438 0.0148944 0.0183867 0.0290425 0.00875616 0.0420491 0.0081519 0.0143455 0.00779695 0.0122141 0.00778665 0.0204036 0.0121191 0.0100782 0.00761858 0.00829471 0.00663287 0.0109565 0.00595174 0.675504 0.0307135 0 0.00391436 0.00398392 0.00460948 0.0193371 0.0425761 0.00888139 0.0316303 0.00846598 0.0142377 0.00854118 0.0107069 0.00921471 0.0244291 0.0179348 0.00889106 0.0117293 0.00844639 0.01153 0.00857047 0.011188 0.0138547 0.00906091 0.0093214 0.00887997 0.00887237 0.0109332 0.0089521 0.023303 0.0114657 0.00816789 0.0102038 0.0108841 
0.009513 0.0981306 0.00923022 0.0361328 0.0094534 0.0173436 0.0133362 0.0177113 0.00874074 0.0313594 0.0101131 0.00953578 0.00871281 0.104725 0.00819022 0.0278665 0.0079131 0.0205609 0.00784641 0.0231367 0.00863102 0.0143399 0.00754772 0.00797369 0.00772693 0.0108252 0.00696316 0.793749 0.0095772 0.0426516 0.00391436 0 0.00379819 0.00386497 0.0585658 0.00969986 0.125959 0.00885533 0.0452248 0.00882716 0.0281361 0.00990291 0.0209621 0.00921165 0.00866811 0.0312432 0.00878322 0.0218718 0.00874127 0.0158224 0.0096109 0.009175 0.00832415 0.00847051 0.011322 0.0139261 0.00920365 0.018301 0.00870079 0.00823934 0.0131489 0.00834739 0.00852147 
0.0177907 0.0119175 0.0322818 0.00926947 0.0196465 0.011216 0.0137588 0.00929913 0.0248758 0.00857552 0.0154702 0.00897822 0.0343642 0.00896223 0.0253132 0.00831128 0.0170907 0.00813703 0.0237616 0.00874215 0.0220899 0.00826519 0.0115168 0.0156622 0.00853243 0.00863799 0.746318 0.00891998 0.0468402 0.00572114 0.00398392 0.00379819 0 0.00379319 0.0102737 0.119786 0.00961165 0.060762 0.00918247 0.0395549 0.00980325 0.0332141 0.0119885 0.0123483 0.0127781 0.00968857 0.0244542 0.00898496 0.019402 0.00870893 0.0103072 0.00847945 0.0086804 0.010859 0.00911443 0.00991515 0.0189443 0.00877721 0.00865006 0.0099708 0.00832423 0.00887889 0.00822727 
0.0190635 0.0164184 0.00893101 0.0115946 0.00880823 0.0110404 0.00933851 0.0105036 0.00880451 0.010531 0.00866169 0.0105089 0.0136392 0.0133613 0.00815857 0.0112688 0.00797834 0.010475 0.00806988 0.0102725 0.00867748 0.0136542 0.0171936 0.00873397 0.012025 0.564829 0.0133471 0.0269742 0.00697709 0.00914671 0.00460948 0.00386497 0.00379319 0 0.0325352 0.00951439 0.0220496 0.00963226 0.0188305 0.00947929 0.0157608 0.0111549 0.0157434 0.0272534 0.0133321 0.0112109 0.00879764 0.0107099 0.00852406 0.00955381 0.00870885 0.00945 0.0113143 0.00878413 0.00890267 0.00971885 0.00868253 0.00976543 0.0090185 0.0097421 0.00886708 0.00828217 0.0085071 
0.00957469 0.0118977 0.00876558 0.0108699 0.00868685 0.00957682 0.0101249 0.0096193 0.00851452 0.0135963 0.00892781 0.0121704 0.00922306 0.0131678 0.00822893 0.0132134 0.00829908 0.0139159 0.00833288 0.0150524 0.00908057 0.0333307 0.0133504 0.0105972 0.0117624 0.0159454 0.00918719 0.0151629 0.00910612 0.0281023 0.0193371 0.0585658 0.0102737 0.0325352 0 0.00388542 0.00408062 0.00384254 0.00434048 0.00390111 0.00501304 0.00411119 0.0067621 0.00849289 0.0110281 0.0118822 0.00879975 0.0131158 0.00833347 0.0171277 0.0122691 0.025548 0.0112259 0.00908146 0.011429 0.0113887 0.00892469 0.0225511 0.0137437 0.00942306 0.0126382 0.00862386 0.0247584 
0.0107117 0.008588 0.0225213 0.00850386 0.0148421 0.00986529 0.0103751 0.00893139 0.0196077 0.00833569 0.0127677 0.00935997 0.0108188 0.00830489 0.0217437 0.00826787 0.0190605 0.00823752 0.0221959 0.0084456 0.0442491 0.00881406 0.00998113 0.0153523 0.0107464 0.00899428 0.0245639 0.00857092 0.0307036 0.00894769 0.0425761 0.00969986 0.119786 0.00951439 0.00388542 0 0.00379405 0.00381019 0.00372415 0.00396255 0.0037755 0.00515785 0.00444037 0.00708149 0.0129394 0.00971342 0.017036 0.00818041 0.0224545 0.00812337 0.0171785 0.0139981 0.00985867 0.0148094 0.00976445 0.00971163 0.0286998 0.00885808 0.0164621 0.0165555 0.00839504 0.0273248 0.00861776 
0.00850144 0.020934 0.00927222 0.0403793 0.00990773 0.0191096 0.0130011 0.0266966 0.00870187 0.0317379 0.00841214 0.00853659 0.00840797 0.0249712 0.00834502 0.0508768 0.00824837 0.0476714 0.00840383 0.0793204 0.00865601 0.0131482 0.0103025 0.0096983 0.0123064 0.023948 0.00908258 0.0964339 0.00852269 0.011386 0.00888139 0.125959 0.00961165 0.0220496 0.00408062 0.00379405 0 0.00375183 0.00393381 0.00379088 0.00389604 0.00382744 0.00479861 0.00395433 0.00721067 0.0235891 0.00817458 0.0385481 0.00793737 0.0271301 0.0120144 0.322677 0.00913359 0.00863624 0.014389 0.0225953 0.00895421 0.0316828 0.00838846 0.00836184 0.0424919 0.00842475 0.00991636 
0.00981466 0.00845839 0.0379157 0.00910916 0.0243976 0.0110294 0.0155081 0.0094473 0.0314314 0.00845766 0.0109479 0.0087514 0.0100496 0.0082905 0.039737 0.00836492 0.0306227 0.00833747 0.0553512 0.00879125 0.0179034 0.00849802 0.00912482 0.00993813 0.012886 0.00922939 0.0609861 0.00855741 0.0237534 0.00846614 0.0316303 0.00885533 0.060762 0.00963226 0.00384254 0.00381019 0.00375183 0 0.00372076 0.00391687 0.00374086 0.00385479 0.00381749 0.00421385 0.0136444 0.0073811 0.018929 0.00759099 0.0295456 0.00947258 0.59402 0.00885155 0.00825438 0.0110104 0.0104762 0.00965011 0.0377343 0.00840565 0.011725 0.0198925 0.00827992 0.0154243 0.00832715 
0.00832641 0.0187404 0.00932234 0.0342477 0.00995503 0.0243567 0.0107082 0.0244574 0.00874072 0.0212015 0.00842915 0.00843497 0.00824345 0.0191903 0.00837175 0.0315037 0.00834972 0.0481772 0.00859422 0.0302992 0.0086979 0.0102731 0.00864479 0.00953474 0.0105149 0.0357191 0.00969419 0.0512937 0.00859889 0.0106745 0.00846598 0.0452248 0.00918247 0.0188305 0.00434048 0.00372415 0.00393381 0.00372076 0 0.00374869 0.00376974 0.00375571 0.0038567 0.00380401 0.00703952 0.0191427 0.00754577 0.029292 0.00913234 0.855404 0.0108402 0.00921995 0.00815782 0.00846151 0.0127752 0.0289815 0.00882379 0.025628 0.00851581 0.00835396 0.0183127 0.00856982 0.00945183 
0.00920953 0.00879566 0.0320444 0.0100173 0.0344084 0.0120182 0.0156441 0.0103327 0.0242156 0.00859553 0.0100316 0.00838472 0.00944827 0.00831128 0.0260415 0.00851064 0.0306062 0.0086349 0.027723 0.00942386 0.0138954 0.00838583 0.00864292 0.00979555 0.0196293 0.00984766 0.0422276 0.00892496 0.0172047 0.00832173 0.0142377 0.00882716 0.0395549 0.00947929 0.00390111 0.00396255 0.00379088 0.00391687 0.00374869 0 0.00374891 0.00376338 0.00377444 0.00376908 0.011876 0.00727874 0.0201409 0.00859157 0.913165 0.0115596 0.00998582 0.0123778 0.00806049 0.00948438 0.0122017 0.0097035 0.0350663 0.00844425 0.0105585 0.011551 0.00833291 0.0119161 0.00839175 
0.0083137 0.0176843 0.0111407 0.0469828 0.0131105 0.0290239 0.0138195 0.0215742 0.00988953 0.0148015 0.00867471 0.00848839 0.00836024 0.0132458 0.00880685 0.0411172 0.00883994 0.0233624 0.00961929 0.0284589 0.00932554 0.00930354 0.00858664 0.0131204 0.0116192 0.0201603 0.010678 0.0316212 0.00898517 0.00983216 0.00854118 0.0281361 0.00980325 0.0157608 0.00501304 0.0037755 0.00389604 0.00374086 0.00376974 0.00374891 0 0.00375249 0.00375133 0.00373523 0.00709759 0.0137108 0.00856208 0.919528 0.00888324 0.00994118 0.00853362 0.00875038 0.00782439 0.00875486 0.0107803 0.0182744 0.0094588 0.0196301 0.00853147 0.00849708 0.01618 0.00881067 0.00950746 
0.00892379 0.00945408 0.0307933 0.0109897 0.0364936 0.0142457 0.0156904 0.0110238 0.0180577 0.00888087 0.00975566 0.00852934 0.00888493 0.0087025 0.0328518 0.00919568 0.015469 0.00951547 0.0182848 0.0108024 0.0122947 0.00889176 0.00890069 0.0099152 0.0151598 0.0107072 0.0270924 0.010093 0.0131472 0.00872463 0.0107069 0.00990291 0.0332141 0.0111549 0.00411119 0.00515785 0.00382744 0.00385479 0.00375571 0.00376338 0.00375249 0 0.00374185 0.0037868 0.0190538 0.00865963 0.915742 0.00896057 0.0135401 0.00865226 0.00957973 0.00830732 0.00769756 0.00925299 0.0125771 0.0112954 0.0286668 0.00883305 0.0117419 0.0113343 0.00883179 0.017836 0.00855665 
0.00882257 0.0211315 0.00885058 0.0219969 0.00973236 0.0126532 0.00926399 0.0123268 0.00871131 0.00988557 0.00872894 0.00858178 0.0083897 0.038369 0.00845747 0.0122809 0.00839285 0.012616 0.0089252 0.0119623 0.0103188 0.0104539 0.00898063 0.0101355 0.00936454 0.0119506 0.00921471 0.0127312 0.0106701 0.00957267 0.00921471 0.0209621 0.0119885 0.0157434 0.0067621 0.00444037 0.00479861 0.00381749 0.0038567 0.00377444 0.00375133 0.00374185 0 0.00409028 0.0092087 0.938131 0.00877023 0.0144782 0.00717089 0.00970003 0.0115172 0.00947989 0.00852527 0.0103984 0.0113415 0.0186046 0.00906142 0.0386019 0.00865352 0.00901516 0.0154604 0.0107729 0.0094757 
0.0131182 0.00872668 0.0118254 0.00896913 0.00982341 0.00890863 0.00944302 0.00886642 0.00909248 0.0084219 0.00861874 0.00911809 0.0212272 0.00845755 0.0090485 0.00870648 0.00920081 0.00870826 0.00927283 0.0089895 0.0103874 0.0100723 0.0138064 0.00878076 0.0102404 0.00941319 0.00968987 0.00916183 0.011154 0.0104952 0.0244291 0.00921165 0.0123483 0.0272534 0.00849289 0.00708149 0.00395433 0.00421385 0.00380401 0.00376908 0.00373523 0.0037868 0.00409028 0 0.902787 0.00791625 0.0183288 0.00840989 0.0105609 0.00736656 0.00925161 0.0123797 0.0120736 0.00930271 0.00942039 0.0101835 0.0146337 0.00984794 0.0218038 0.0197815 0.00936251 0.0147991 0.00918633 
0.00953977 0.00843422 0.0092755 0.00846903 0.00877037 0.00866869 0.00855686 0.00852228 0.00922673 0.00828727 0.00864205 0.0100476 0.00906871 0.00826322 0.00897064 0.00826071 0.00906889 0.00824769 0.00964679 0.00842987 0.0100928 0.0112935 0.00914801 0.00887781 0.00851199 0.00849046 0.00962564 0.00839364 0.0101007 0.0112849 0.0179348 0.00866811 0.0127781 0.0133321 0.0110281 0.0129394 0.00721067 0.0136444 0.00703952 0.011876 0.00709759 0.0190538 0.0092087 0.902787 0 0.00393082 0.00378975 0.00379865 0.00395034 0.00388914 0.00435974 0.00718182 0.00609037 0.00669575 0.00705156 0.00797512 0.0117642 0.00906656 0.07388 0.0461225 0.00992624 0.012123 0.0127285 
0.0083176 0.0127541 0.00925156 0.013623 0.010096 0.0117354 0.0100509 0.0117442 0.00886088 0.0107937 0.00881174 0.00833916 0.00832424 0.0109967 0.00851151 0.0137316 0.00845995 0.0151052 0.00875055 0.0181343 0.00907338 0.00925935 0.00876677 0.00904512 0.0105283 0.0119098 0.00913316 0.0171509 0.00891731 0.00941564 0.00889106 0.0312432 0.00968857 0.0112109 0.0118822 0.00971342 0.0235891 0.0073811 0.0191427 0.00727874 0.0137108 0.00865963 0.938131 0.00791625 0.00393082 0 0.00376344 0.00377631 0.00378811 0.00381824 0.00471528 0.00452881 0.00521761 0.006192 0.00733882 0.0098821 0.00794339 0.0953486 0.0847242 0.0106383 0.021909 0.0120081 0.0107456 
0.00869696 0.00882788 0.0173691 0.00995396 0.015779 0.0125894 0.0118672 0.0101218 0.0143808 0.00877662 0.00912167 0.00831689 0.00854473 0.00842156 0.016274 0.00876073 0.0145403 0.00892991 0.0202813 0.00981481 0.0143294 0.0085577 0.00844517 0.00977023 0.0109203 0.0103383 0.0226998 0.0098371 0.014163 0.00846324 0.0117293 0.00878322 0.0244542 0.00879764 0.00879975 0.017036 0.00817458 0.018929 0.00754577 0.0201409 0.00856208 0.915742 0.00877023 0.0183288 0.00378975 0.00376344 0 0.00371757 0.00379143 0.00377334 0.00377376 0.00397141 0.00493682 0.00699971 0.00849562 0.0081812 0.0651927 0.0832982 0.258818 0.00954926 0.00792014 0.0147307 0.00805971 
0.00839329 0.012239 0.00992782 0.0215375 0.0106698 0.0139759 0.0109959 0.0140534 0.00928737 0.0127503 0.00838066 0.00841327 0.00826751 0.0123375 0.00866763 0.0188727 0.00858126 0.0198476 0.00894565 0.0233835 0.00879051 0.00956003 0.00853881 0.00916652 0.0100872 0.0164543 0.00947651 0.0252446 0.00847494 0.00950162 0.00844639 0.0218718 0.00898496 0.0107099 0.0131158 0.00818041 0.0385481 0.00759099 0.029292 0.00859157 0.919528 0.00896057 0.0144782 0.00840989 0.00379865 0.00377631 0.00371757 0 0.00374279 0.00378626 0.00381075 0.00384023 0.00438926 0.00618245 0.00843807 0.0651275 0.0916635 0.385275 0.00717995 0.00774017 0.0164697 0.00788917 0.010029 
0.00889504 0.00863422 0.0194906 0.00963564 0.0179538 0.011276 0.0120967 0.00994859 0.0164472 0.00855561 0.00902173 0.00835068 0.00888593 0.00828393 0.0184297 0.00861069 0.0177386 0.00860454 0.0233874 0.00950641 0.0121754 0.00832131 0.00844128 0.00924529 0.0111349 0.0103465 0.0238469 0.00892032 0.0125278 0.0083125 0.01153 0.00874127 0.019402 0.00852406 0.00833347 0.0224545 0.00793737 0.0295456 0.00913234 0.913165 0.00888324 0.0135401 0.00717089 0.0105609 0.00395034 0.00378811 0.00379143 0.00374279 0 0.00373884 0.00376271 0.00379034 0.00419275 0.00996282 0.0401272 0.146025 0.631218 0.00696542 0.00723071 0.0109754 0.00745065 0.0105098 0.00790782 
0.00834254 0.0119382 0.00943934 0.0143072 0.00948035 0.0116867 0.00986566 0.0122706 0.00879226 0.00976744 0.00829404 0.00826374 0.00823274 0.0102471 0.00854268 0.0128048 0.00847548 0.0132217 0.00878938 0.0148456 0.00852939 0.00882048 0.00859346 0.00865163 0.00984163 0.0124626 0.00917274 0.0142678 0.00839458 0.00889113 0.00857047 0.0158224 0.00870893 0.00955381 0.0171277 0.00812337 0.0271301 0.00947258 0.855404 0.0115596 0.00994118 0.00865226 0.00970003 0.00736656 0.00388914 0.00381824 0.00377334 0.00378626 0.00373884 0 0.00375894 0.00378932 0.00461684 0.0207859 0.213919 0.574814 0.00848548 0.00783222 0.00628939 0.00726352 0.0123182 0.00795496 0.00834308 
0.0092191 0.00865942 0.00915 0.00889845 0.00935349 0.00885125 0.00894691 0.00857482 0.00876247 0.0082862 0.0083748 0.0081964 0.00863536 0.00857784 0.00884906 0.0083807 0.00876474 0.0083834 0.00919902 0.00867108 0.00920539 0.00837708 0.00939113 0.00909187 0.00904068 0.00880426 0.00957817 0.00884309 0.00925167 0.00833448 0.011188 0.0096109 0.0103072 0.00870885 0.0122691 0.0171785 0.0120144 0.59402 0.0108402 0.00998582 0.00853362 0.00957973 0.0115172 0.00925161 0.00435974 0.00471528 0.00377376 0.00381075 0.00376271 0.00375894 0 0.00384338 0.0082234 0.944701 0.054417 0.00577559 0.00713277 0.00664033 0.00667126 0.00879359 0.0107302 0.0122631 0.0078278 
0.0098171 0.00991526 0.00834751 0.00842487 0.00830966 0.00840351 0.00836977 0.00833369 0.00821621 0.00825917 0.00818524 0.00842544 0.00937859 0.0085838 0.00819216 0.00830058 0.00820375 0.00831275 0.00823653 0.00843328 0.00838032 0.00926219 0.0113875 0.00880228 0.00838113 0.00850321 0.00836199 0.0084391 0.00832978 0.00903118 0.0138547 0.009175 0.00847945 0.00945 0.025548 0.0139981 0.322677 0.00885155 0.00921995 0.0123778 0.00875038 0.00830732 0.00947989 0.0123797 0.00718182 0.00452881 0.00397141 0.00384023 0.00379034 0.00378932 0.00384338 0 0.99122 0.0135128 0.00407167 0.00464273 0.00436092 0.00572298 0.00671903 0.0128204 0.00836608 0.00713411 0.0072836 
0.00847223 0.00814262 0.00818843 0.00813458 0.0081539 0.00818083 0.0083463 0.00815533 0.00815198 0.00819293 0.00831931 0.00902525 0.00827221 0.00810994 0.00813541 0.00811655 0.0081422 0.00812428 0.00819975 0.00821367 0.00851464 0.0100758 0.0083957 0.00815996 0.00816502 0.0082196 0.00822811 0.00822388 0.00867734 0.0104522 0.00906091 0.00832415 0.0086804 0.0113143 0.0112259 0.00985867 0.00913359 0.00825438 0.00815782 0.00806049 0.00782439 0.00769756 0.00852527 0.0120736 0.00609037 0.00521761 0.00493682 0.00438926 0.00419275 0.00461684 0.0082234 0.99122 0 0.00391558 0.00376329 0.00382624 0.0038721 0.00411855 0.0059773 0.00640378 0.00585763 0.00625051 0.0126562 
0.00828835 0.00839408 0.00859183 0.00851565 0.00855185 0.00892161 0.00840842 0.00852729 0.00857245 0.00824731 0.00848984 0.00839606 0.00828929 0.00821201 0.00844432 0.00833981 0.00842352 0.00833778 0.00863917 0.00850506 0.00888572 0.00861692 0.00819484 0.00843324 0.00836332 0.00850476 0.00879311 0.00847592 0.00905103 0.00854707 0.0093214 0.00847051 0.010859 0.00878413 0.00908146 0.0148094 0.00863624 0.0110104 0.00846151 0.00948438 0.00875486 0.00925299 0.0103984 0.00930271 0.00669575 0.006192 0.00699971 0.00618245 0.00996282 0.0207859 0.944701 0.0135128 0.00391558 0 0.00374998 0.00375627 0.00380999 0.00389593 0.00416488 0.00629983 0.00602545 0.0148341 0.00733905 
0.00838702 0.00897302 0.0104596 0.0115626 0.0114514 0.0115361 0.0100693 0.010598 0.00971129 0.0093234 0.00862432 0.0082833 0.0083049 0.00886722 0.00933223 0.00986163 0.00938903 0.0102296 0.0100162 0.0113868 0.00906488 0.00856561 0.00831544 0.00886957 0.00968744 0.0115387 0.0106811 0.0134304 0.00882216 0.00846851 0.00887997 0.011322 0.00911443 0.00890267 0.011429 0.00976445 0.014389 0.0104762 0.0127752 0.0122017 0.0107803 0.0125771 0.0113415 0.00942039 0.00705156 0.00733882 0.00849562 0.00843807 0.0401272 0.213919 0.054417 0.00407167 0.00376329 0.00374998 0 0.00377414 0.00374857 0.00376002 0.00378402 0.00587524 0.00932306 0.00736017 0.0159337 
0.00845939 0.0102249 0.0112528 0.016149 0.0133204 0.0137892 0.0120036 0.0128365 0.0116512 0.00993368 0.00852122 0.00832401 0.00840184 0.00938152 0.0102726 0.0132779 0.0101147 0.0129733 0.0110822 0.0173022 0.00920127 0.00921496 0.00837433 0.00916156 0.011795 0.0160405 0.0150947 0.0192486 0.00904689 0.00890737 0.00887237 0.0139261 0.00991515 0.00971885 0.0113887 0.00971163 0.0225953 0.00965011 0.0289815 0.0097035 0.0182744 0.0112954 0.0186046 0.0101835 0.00797512 0.0098821 0.0081812 0.0651275 0.146025 0.574814 0.00577559 0.00464273 0.00382624 0.00375627 0.00377414 0 0.00375071 0.00376914 0.00376906 0.00557508 0.00794297 0.00779289 0.71112 
0.00881538 0.00863296 0.0180945 0.00939404 0.0144713 0.0116645 0.0109632 0.0104158 0.0132139 0.00872652 0.00888972 0.0082629 0.00864865 0.0083336 0.0170435 0.00884456 0.0133825 0.00884122 0.0188072 0.00992547 0.0116086 0.00842854 0.00845656 0.00929122 0.011493 0.0110275 0.0224763 0.00975339 0.0121403 0.00843377 0.0109332 0.00920365 0.0189443 0.00868253 0.00892469 0.0286998 0.00895421 0.0377343 0.00882379 0.0350663 0.0094588 0.0286668 0.00906142 0.0146337 0.0117642 0.00794339 0.0651927 0.0916635 0.631218 0.00848548 0.00713277 0.00436092 0.0038721 0.00380999 0.00374857 0.00375071 0 0.0037494 0.00381395 0.00629718 0.0065585 0.920308 0.008727 
0.00869003 0.011807 0.00864204 0.0109748 0.00926873 0.00961598 0.00911485 0.00960029 0.00842178 0.00932205 0.00834963 0.00819076 0.00829321 0.0113747 0.00827314 0.0113962 0.00824066 0.011201 0.00854533 0.011434 0.00850331 0.00902936 0.00905308 0.0089053 0.00901988 0.00993026 0.00861127 0.0123062 0.00861429 0.00874105 0.0089521 0.018301 0.00877721 0.00976543 0.0225511 0.00885808 0.0316828 0.00840565 0.025628 0.00844425 0.0196301 0.00883305 0.0386019 0.00984794 0.00906656 0.0953486 0.0832982 0.385275 0.00696542 0.00783222 0.00664033 0.00572298 0.00411855 0.00389593 0.00376002 0.00376914 0.0037494 0 0.00375349 0.0047462 0.948803 0.00693405 0.00721304 
0.0105975 0.0085177 0.00870231 0.00837258 0.00846024 0.00850563 0.00840472 0.00835465 0.00852931 0.0082109 0.00815147 0.00833896 0.0101544 0.0083277 0.00851034 0.00826021 0.0084473 0.0081714 0.00870918 0.00851511 0.00848406 0.0084568 0.0113274 0.00896009 0.00848692 0.00846156 0.00883592 0.00832628 0.00864938 0.00860447 0.023303 0.00870079 0.00865006 0.0090185 0.0137437 0.0164621 0.00838846 0.011725 0.00851581 0.0105585 0.00853147 0.0117419 0.00865352 0.0218038 0.07388 0.0847242 0.258818 0.00717995 0.00723071 0.00628939 0.00667126 0.00671903 0.0059773 0.00416488 0.00378402 0.00376906 0.00381395 0.00375349 0 0.945924 0.00487685 0.00468787 0.00478809 
