1M1SA
HSXINVDPPTGNYPATGGNSTHNITSESDSRLAFKVKSSNNEHYRVRPVYGFVDAKGKSKLDINRLPGPPKEDKIVIQYAEVPAEETDPXAPFKAGAQQGEIIVKLIAA
CCCEEEECCEEEECCCCEEEEEEEEECCCCEEEEEEEECCCCCEEEECCEEEECCCCEEEEEEEECCCCCCEEEEEEEEEEECCCCCCCCHHHHCCCCCEEEEEEEEEC
0 0 0 0 0 0 0 0 0 0 0 0 0 0 0 0 0 0 0 0 0 0 0 0 0 0 0 0 0 0 0 0 0 0 0 0 0 0 0 0 0 0 0 0 0 0 0 0 0 0 0 0 0 0 0 0 0 0 0 0 0 0 0 0 0 0 0 0 0 0 0 0 0 0 0 0 0 0 0 0 0 0 0 0 0 0 0 0 0 0 0 0 0 0 0 0 0 0 0 0 0 0 0 0 0 0 0 0 0 
0 0 0 0 0 0 0 0 0 0 0 0 0 0 0 0 0 0 0 0 0 0 0 0 0 0 0 0 0 0 0 0 0 0 0 0 0 0 0 0 0 0 0 0 0 0 0 0 0 0 0 0 0 0 0 0 0 0 0 0 0 0 0 0 0 0 0 0 0 0 0 0 0 0 0 0 0 0 0 0 0 0 0 0 0 0 0 0 0 0 0 0 0 0 0 0 0 0 0 0 0 0 0 0 0 0 0 0 0 
0 0.00384334 0.00454632 0.00454188 0.00433378 0.00639324 0.00561081 0.178514 0.00998206 0.00735539 0.0166063 0.00775886 0.0158552 0.00862045 0.036396 0.0143481 0.221854 0.0173589 0.0204109 0.00954249 0.0248566 0.00882782 0.0267217 0.00944819 0.0604895 0.027792 0.008832 0.0314965 0.0127817 0.0128678 0.0139871 0.0100685 0.0404489 0.00932867 0.0200827 0.00844368 0.0235916 0.00858317 0.0157403 0.00945499 0.0286101 0.00995776 0.0141787 0.00849179 0.022867 0.00990975 0.0138052 0.00928787 0.00951736 0.01083 0.0089818 0.0298117 0.0143764 0.00826831 0.0121604 0.00847313 0.0128191 0.0085048 0.0127467 0.00910131 0.018584 
0.00384334 0 0.00383003 0.00391279 0.00446877 0.00633637 0.162053 0.00675796 0.00657613 0.0248259 0.0070202 0.0165943 0.00769296 0.0415416 0.0116925 0.289217 0.00874671 0.0157781 0.012916 0.0461948 0.00887104 0.0511633 0.00829824 0.0759444 0.00843632 0.00952053 0.0714469 0.00857278 0.0137606 0.0129628 0.0134508 0.0293653 0.00913372 0.0173995 0.00842978 0.0521633 0.00857065 0.0644666 0.00900191 0.0354461 0.00888769 0.0129366 0.00844399 0.0283595 0.0103241 0.0456924 0.012148 0.0188518 0.0125102 0.00870517 0.0279157 0.00832072 0.00851345 0.0141778 0.00833729 0.0165436 0.00839284 0.0166247 0.00835113 0.0149669 0.00871616 
0.00454632 0.00383003 0 0.00381942 0.00395511 0.142975 0.00389573 0.00513169 0.00899506 0.00714656 0.0105966 0.00675772 0.0147034 0.00798139 0.195957 0.00819051 0.0131515 0.00995135 0.0274421 0.00841487 0.0226255 0.00822843 0.0401567 0.00827595 0.0139509 0.0157308 0.0086872 0.0303708 0.00832132 0.00893714 0.0189258 0.0103235 0.010748 0.00856133 0.0263141 0.00827985 0.0284473 0.00843525 0.0341418 0.00861709 0.00936558 0.00837311 0.016297 0.00831562 0.0216987 0.00898159 0.0164414 0.00951198 0.00889438 0.0120469 0.00829131 0.00960083 0.0102311 0.00841628 0.0112426 0.00824775 0.0123006 0.0082659 0.0123521 0.00837543 0.00972374 
0.00454188 0.00391279 0.00381942 0 0.158572 0.00392051 0.00417458 0.00397462 0.00699465 0.00817112 0.00615922 0.00757685 0.0080518 0.070559 0.00707003 0.00803912 0.00765068 0.014163 0.00873801 0.0102565 0.00862441 0.0114908 0.00812005 0.0099977 0.00860852 0.0124321 0.0100881 0.00825876 0.00900681 0.0126523 0.00878819 0.00899449 0.0088696 0.0172259 0.008362 0.0102014 0.00851502 0.0109106 0.00844032 0.00893719 0.00875222 0.0115281 0.00830413 0.00925416 0.0084837 0.00939968 0.0085899 0.00883324 0.00888965 0.00831295 0.00868134 0.00820947 0.00964654 0.00920696 0.00816073 0.00884443 0.00814138 0.00898365 0.00812469 0.00877107 0.00838962 
0.00433378 0.00446877 0.00395511 0.158572 0 0.0044094 0.00389104 0.00385394 0.00472556 0.0064471 0.00638912 0.174217 0.0072696 0.00924429 0.00642331 0.0112571 0.0102961 0.0117921 0.00858553 0.0097857 0.00844859 0.0128529 0.00800008 0.0151731 0.0115 0.0107726 0.0105964 0.00853937 0.0231829 0.0117551 0.0089294 0.0098466 0.0128938 0.0122365 0.0085288 0.0127969 0.00840236 0.01173 0.0084937 0.0113007 0.0128132 0.0112256 0.0083128 0.0101149 0.00864152 0.0102242 0.00858212 0.0089851 0.00873052 0.00827976 0.01017 0.00979454 0.00845858 0.00886276 0.00820778 0.00968435 0.00825874 0.00987859 0.00823755 0.00952452 0.00973078 
0.00639324 0.00633637 0.142975 0.00392051 0.0044094 0 0.00378098 0.00383909 0.00466232 0.0058367 0.228993 0.00627742 0.0125166 0.00594928 0.011398 0.00724942 0.0103253 0.00804763 0.0181488 0.00858056 0.0199588 0.00802127 0.0255131 0.00840134 0.0154327 0.0115792 0.0083915 0.0637383 0.00849227 0.00886792 0.0180334 0.00933067 0.0105401 0.00828905 0.0209429 0.00834473 0.0263811 0.00844553 0.0226317 0.00882491 0.0101057 0.00828652 0.0140845 0.00833044 0.0239541 0.0091057 0.0160948 0.0100019 0.00910355 0.0128376 0.00832277 0.0110295 0.00981379 0.00810802 0.012314 0.00822072 0.0130657 0.00818844 0.0136958 0.00832325 0.010803 
0.00561081 0.162053 0.00389573 0.00417458 0.00389104 0.00378098 0 0.00376006 0.0115992 0.329263 0.00536398 0.0083256 0.00531881 0.0097113 0.00602624 0.0144828 0.00668769 0.0104221 0.00877419 0.0149338 0.00794058 0.0209092 0.00791202 0.0475239 0.0079825 0.00904921 0.0644117 0.00820646 0.00959967 0.0105466 0.00927375 0.0150615 0.00838868 0.0191803 0.00827032 0.0220249 0.0082939 0.0295349 0.00857094 0.0163141 0.00836473 0.0119506 0.00833489 0.0145773 0.00859262 0.0178557 0.00926617 0.010703 0.0106382 0.00830731 0.0158058 0.0081392 0.00845321 0.0127292 0.00814846 0.0107015 0.00816612 0.0119428 0.00819716 0.0124474 0.00827309 
0.178514 0.00675796 0.00513169 0.00397462 0.00385394 0.00383909 0.00376006 0 0.279688 0.00457375 0.00581418 0.0042717 0.00629604 0.00526945 0.00665171 0.00629614 0.0084575 0.00968582 0.00992311 0.00782648 0.0124853 0.00775126 0.0121178 0.00790958 0.0130284 0.0374159 0.0083114 0.0119245 0.00820047 0.00983525 0.0102574 0.00858293 0.0128905 0.0096542 0.0116091 0.00827197 0.0133348 0.00833196 0.0103863 0.00840092 0.00988048 0.00885123 0.00976709 0.00823554 0.0101595 0.00866977 0.00927796 0.0090389 0.00845422 0.00926663 0.00824987 0.0101203 0.0146287 0.00816489 0.00923717 0.00816672 0.00971593 0.00814186 0.00978803 0.00833262 0.00982153 
0.00998206 0.00657613 0.00899506 0.00699465 0.00472556 0.00466232 0.0115992 0.279688 0 0.0039434 0.00376288 0.0038013 0.00388308 0.00383618 0.00399914 0.00435233 0.00865484 0.00672966 0.00732006 0.00758335 0.00941302 0.00860384 0.0116547 0.00886971 0.234144 0.0109932 0.0086703 0.0146695 0.0160048 0.0098491 0.00924236 0.0101587 0.0244398 0.00906076 0.0109118 0.00850758 0.012097 0.00848249 0.00983992 0.00918013 0.0659076 0.00917903 0.0091244 0.00841434 0.010566 0.00892484 0.0101029 0.00875616 0.0136334 0.0085704 0.00923194 0.0184325 0.00888678 0.00821058 0.00872653 0.00835644 0.00932878 0.0083749 0.00971188 0.00863485 0.0173458 
0.00735539 0.0248259 0.00714656 0.00817112 0.0064471 0.0058367 0.329263 0.00457375 0.0039434 0 0.00381235 0.00379575 0.00372984 0.00400992 0.00374463 0.0129381 0.00404581 0.00653645 0.00672472 0.00846184 0.00748692 0.0124171 0.00810615 0.235541 0.0135602 0.00833692 0.0107168 0.00842266 0.00984079 0.00903636 0.00878198 0.0118242 0.0087788 0.0101777 0.00838153 0.013184 0.00824071 0.0140741 0.00850571 0.0820628 0.00905054 0.00905347 0.00831567 0.0114487 0.00869059 0.013387 0.00910653 0.0152002 0.00921292 0.00857034 0.0120894 0.00830073 0.00814478 0.00863591 0.00817942 0.00960671 0.00818173 0.00975569 0.00821924 0.0181825 0.00849515 
0.0166063 0.0070202 0.0105966 0.00615922 0.00638912 0.228993 0.00536398 0.00581418 0.00376288 0.00381235 0 0.00375519 0.00376381 0.00378182 0.00392764 0.00395598 0.00399139 0.00616884 0.0078596 0.00688144 0.0126016 0.00747626 0.213003 0.0102458 0.0507765 0.00854121 0.00800124 0.0118611 0.00802724 0.00844175 0.0110264 0.00867177 0.00924944 0.00818632 0.0120829 0.00834497 0.0229561 0.00854125 0.110007 0.00852235 0.0135776 0.00827154 0.00998861 0.00852389 0.0247757 0.00990585 0.0344761 0.0114026 0.0109195 0.0137759 0.00837672 0.00903214 0.00871518 0.00820628 0.0117999 0.00839026 0.0147939 0.00832341 0.0196222 0.00831288 0.0104967 
0.00775886 0.0165943 0.00675772 0.00757685 0.174217 0.00627742 0.0083256 0.0042717 0.0038013 0.00379575 0.00375519 0 0.00372365 0.00379518 0.00375468 0.00388992 0.00378547 0.00631428 0.00626045 0.0113495 0.00751135 0.18953 0.00914372 0.0854233 0.00710339 0.00814672 0.0117399 0.00783155 0.00893292 0.00939461 0.00889066 0.0103049 0.00821623 0.010607 0.00822787 0.0247941 0.00825128 0.137114 0.00847571 0.015553 0.00831643 0.00961921 0.00839569 0.0217096 0.00890031 0.045431 0.0107289 0.0182068 0.0126304 0.00864178 0.013204 0.00815607 0.00821983 0.0100655 0.00827439 0.0152649 0.00828916 0.0274489 0.0083138 0.0113125 0.00837576 
0.0158552 0.00769296 0.0147034 0.0080518 0.0072696 0.0125166 0.00531881 0.00629604 0.00388308 0.00372984 0.00376381 0.00372365 0 0.00377966 0.00377991 0.00377251 0.00386495 0.00518597 0.00769649 0.00716902 0.194626 0.0169493 0.0983999 0.00709996 0.012673 0.0102917 0.00795539 0.0171712 0.00806752 0.00858479 0.0144112 0.00916715 0.0103665 0.00813105 0.0221239 0.00824376 0.173397 0.00844099 0.0415336 0.00851315 0.0106576 0.00830501 0.0159685 0.0084801 0.0742825 0.010199 0.0444494 0.0174043 0.011725 0.0221074 0.0085902 0.0111223 0.011279 0.00822856 0.0231399 0.00847015 0.0419614 0.0084654 0.0268672 0.00835041 0.0123115 
0.00862045 0.0415416 0.00798139 0.070559 0.00924429 0.00594928 0.0097113 0.00526945 0.00383618 0.00400992 0.00378182 0.00379518 0.00377966 0 0.00374946 0.00386189 0.00378092 0.00487987 0.00553977 0.207235 0.00980647 0.102609 0.00663028 0.03217 0.0069931 0.00789024 0.0171135 0.00795471 0.0129143 0.011011 0.00901164 0.0137532 0.00845228 0.0145429 0.00824293 0.193519 0.00838107 0.088798 0.00897867 0.0237546 0.00850612 0.0112114 0.00834456 0.0605492 0.010093 0.0783335 0.0157365 0.0319347 0.0169715 0.00929797 0.026629 0.00830226 0.00829459 0.0159006 0.00852035 0.0495585 0.00866237 0.0360556 0.00864752 0.0199951 0.00892896 
0.036396 0.0116925 0.195957 0.00707003 0.00642331 0.011398 0.00602624 0.00665171 0.00399914 0.00374463 0.00392764 0.00375468 0.00377991 0.00374946 0 0.00375425 0.00377264 0.00431167 0.153485 0.0192119 0.0661926 0.00635647 0.0215717 0.00681152 0.00900012 0.0116141 0.00796102 0.0376385 0.00799672 0.00882581 0.0190987 0.0100451 0.0115429 0.00822307 0.115215 0.00843052 0.0625443 0.00869201 0.072237 0.00910721 0.0110039 0.0083815 0.0206233 0.00899872 0.0773278 0.0160829 0.069033 0.0201292 0.0133969 0.0302559 0.00867831 0.0108479 0.0104231 0.00834727 0.0463104 0.00884683 0.038331 0.00864966 0.0364812 0.00852147 0.0139764 
0.0143481 0.289217 0.00819051 0.00803912 0.0112571 0.00724942 0.0144828 0.00629614 0.00435233 0.0129381 0.00395598 0.00388992 0.00377251 0.00386189 0.00375425 0 0.00389751 0.219507 0.0303102 0.0281997 0.00602563 0.0136821 0.00649743 0.00922791 0.00688139 0.00862332 0.0361181 0.00803164 0.00865478 0.0115246 0.0115588 0.0289271 0.00856605 0.118584 0.00873368 0.0193792 0.00855057 0.0250114 0.0090839 0.0248397 0.0086608 0.0119943 0.00888525 0.017036 0.0106778 0.0265549 0.012627 0.0149366 0.013817 0.00892655 0.0175984 0.00847095 0.00897155 0.0236992 0.00846875 0.0131585 0.00846608 0.0132987 0.00859336 0.013926 0.00873127 
0.221854 0.00874671 0.0131515 0.00765068 0.0102961 0.0103253 0.00668769 0.0084575 0.00865484 0.00404581 0.00399139 0.00378547 0.00386495 0.00378092 0.00377264 0.00389751 0 0.0422083 0.0369787 0.00430273 0.00969894 0.00518502 0.00761779 0.00599195 0.0109454 0.0240094 0.0080552 0.0107137 0.00800913 0.011612 0.01131 0.00947545 0.0225804 0.0113933 0.0129198 0.00835535 0.0136748 0.00862343 0.0120068 0.00897995 0.0148537 0.0104435 0.0101771 0.00868418 0.0115393 0.00957393 0.0118617 0.0101982 0.00938009 0.00939085 0.00853233 0.0112671 0.0233368 0.00858681 0.00951556 0.00838833 0.00979239 0.00837523 0.00958956 0.00856426 0.0128834 
0.0173589 0.0157781 0.00995135 0.014163 0.0117921 0.00804763 0.0104221 0.00968582 0.00672966 0.00653645 0.00616884 0.00631428 0.00518597 0.00487987 0.00431167 0.219507 0.0422083 0 0.00389179 0.00380644 0.00380117 0.00396901 0.00410454 0.00441554 0.0144046 0.0086854 0.00820983 0.0180857 0.0192066 0.0134433 0.00936812 0.0230814 0.0444798 0.0173788 0.00965719 0.011877 0.00959329 0.0117979 0.00926713 0.016549 0.0193749 0.0178078 0.00946477 0.0114206 0.0118578 0.0140662 0.0104019 0.0112895 0.0106202 0.00991666 0.0127627 0.0174333 0.010269 0.0096031 0.00871283 0.0103671 0.00892513 0.0105014 0.00882859 0.0125062 0.0148104 
0.0204109 0.012916 0.0274421 0.00873801 0.00858553 0.0181488 0.00877419 0.00992311 0.00732006 0.00672472 0.0078596 0.00626045 0.00769649 0.00553977 0.153485 0.0303102 0.0369787 0.00389179 0 0.0037607 0.00377351 0.00382301 0.00399042 0.00399407 0.00430714 0.008859 0.0142128 0.0228382 0.0102271 0.00945004 0.0292072 0.0312799 0.0150143 0.00842381 0.0190904 0.00878158 0.0236483 0.00940137 0.0273529 0.0123552 0.0135773 0.00926299 0.0186829 0.0098589 0.0432475 0.016947 0.0450966 0.0156182 0.0166945 0.0176553 0.0119406 0.0125347 0.0102112 0.00918386 0.0143525 0.0094727 0.0183733 0.00915587 0.0283245 0.0105256 0.0139801 
0.00954249 0.0461948 0.00841487 0.0102565 0.0097857 0.00858056 0.0149338 0.00782648 0.00758335 0.00846184 0.00688144 0.0113495 0.00716902 0.207235 0.0192119 0.0281997 0.00430273 0.00380644 0.0037607 0 0.00374382 0.0037839 0.00377487 0.00396677 0.00381813 0.00680766 0.0123694 0.00700343 0.0420272 0.0142645 0.0126808 0.0384968 0.00924645 0.0107972 0.00842075 0.0264722 0.0090546 0.0646534 0.0119929 0.0207827 0.00883614 0.0100237 0.00907875 0.0428738 0.0155613 0.1179 0.0247742 0.0537367 0.0271405 0.0139865 0.0229176 0.00865676 0.00888643 0.0160056 0.0100356 0.0327891 0.0104556 0.0543029 0.0116143 0.0198244 0.0103638 
0.0248566 0.00887104 0.0226255 0.00862441 0.00844859 0.0199588 0.00794058 0.0124853 0.00941302 0.00748692 0.0126016 0.00751135 0.194626 0.00980647 0.0661926 0.00602563 0.00969894 0.00380117 0.00377351 0.00374382 0 0.0037523 0.00399777 0.00384345 0.00397938 0.0113072 0.00780714 0.0501247 0.0297916 0.0103286 0.0231743 0.00971685 0.0189495 0.00804581 0.0198435 0.00832916 0.0561273 0.00887442 0.0586443 0.00963413 0.0130173 0.00849757 0.0179366 0.0093801 0.0988504 0.0165078 0.070007 0.0232071 0.0241444 0.0331202 0.00910484 0.0127175 0.0116973 0.00876193 0.0371346 0.00910485 0.067946 0.00916694 0.0511047 0.00858352 0.0183421 
0.00882782 0.0511633 0.00822843 0.0114908 0.0128529 0.00802127 0.0209092 0.00775126 0.00860384 0.0124171 0.00747626 0.18953 0.0169493 0.102609 0.00635647 0.0136821 0.00518502 0.00396901 0.00382301 0.0037839 0.0037523 0 0.00376152 0.00415524 0.00376908 0.00592149 0.0239935 0.0135154 0.0701796 0.0112999 0.00866263 0.0152624 0.00800412 0.0144536 0.00821798 0.0372229 0.00821479 0.0724604 0.0089257 0.018983 0.00853191 0.0120248 0.00834398 0.0443309 0.0101492 0.066199 0.0144914 0.0608799 0.0204962 0.00977263 0.0258982 0.00845821 0.00874585 0.0210068 0.0089538 0.0464398 0.00894812 0.0451851 0.00880112 0.0237706 0.00883559 
0.0267217 0.00829824 0.0401567 0.00812005 0.00800008 0.0255131 0.00791202 0.0121178 0.0116547 0.00810615 0.213003 0.00914372 0.0983999 0.00663028 0.0215717 0.00649743 0.00761779 0.00410454 0.00399042 0.00377487 0.00399777 0.00376152 0 0.00374607 0.00396423 0.0192927 0.0117251 0.120021 0.00700709 0.00761642 0.0124475 0.00816011 0.0115957 0.00776699 0.0347986 0.00790245 0.0848652 0.00814483 0.0459696 0.00863704 0.0118099 0.00827018 0.0231101 0.0083975 0.063203 0.0106729 0.08628 0.0151785 0.0124595 0.0317701 0.00868784 0.0147329 0.0146763 0.00826196 0.0661284 0.00850957 0.0617036 0.00834439 0.0425838 0.00843718 0.0173049 
0.00944819 0.0759444 0.00827595 0.0099977 0.0151731 0.00840134 0.0475239 0.00790958 0.00886971 0.235541 0.0102458 0.0854233 0.00709996 0.03217 0.00681152 0.00922791 0.00599195 0.00441554 0.00399407 0.00396677 0.00384345 0.00415524 0.00374607 0 0.00387346 0.0424834 0.150979 0.00562922 0.00685805 0.0108309 0.00916345 0.0134926 0.00772286 0.0352634 0.00836159 0.0607828 0.00812792 0.0259941 0.00834584 0.0228207 0.00846146 0.0188423 0.00847311 0.0222862 0.00923153 0.047582 0.0104163 0.0138974 0.0122168 0.00856232 0.0242845 0.00845464 0.00893269 0.0258171 0.0085135 0.0217863 0.00848518 0.0175371 0.0084474 0.0191672 0.00852426 
0.0604895 0.00843632 0.0139509 0.00860852 0.0115 0.0154327 0.0079825 0.0130284 0.234144 0.0135602 0.0507765 0.00710339 0.012673 0.0069931 0.00900012 0.00688139 0.0109454 0.0144046 0.00430714 0.00381813 0.00397938 0.00376908 0.00396423 0.00387346 0 0.0795602 0.00544047 0.00730354 0.00557093 0.0104648 0.00884334 0.00793015 0.0325889 0.0105978 0.0259316 0.0078599 0.0148573 0.00809922 0.0141534 0.00926009 0.0147258 0.0104307 0.0142304 0.0084888 0.0270372 0.00938853 0.0115356 0.00989413 0.00921485 0.0108549 0.00839348 0.0149174 0.03854 0.00872999 0.0129297 0.00826981 0.0132595 0.00828165 0.0126107 0.00838189 0.0164362 
0.027792 0.00952053 0.0157308 0.0124321 0.0107726 0.0115792 0.00904921 0.0374159 0.0109932 0.00833692 0.00854121 0.00814672 0.0102917 0.00789024 0.0116141 0.00862332 0.0240094 0.0086854 0.008859 0.00680766 0.0113072 0.00592149 0.0192927 0.0424834 0.0795602 0 0.00381381 0.00395145 0.00477818 0.00491318 0.00575063 0.0438512 0.112303 0.00771529 0.00869963 0.00736727 0.0100144 0.0080829 0.0133309 0.0127916 0.458989 0.0106205 0.0103182 0.00858535 0.0175191 0.00969282 0.0134486 0.00981988 0.0105057 0.010443 0.0101168 0.0352749 0.0135623 0.00877495 0.0112308 0.00895499 0.01203 0.00893996 0.0117479 0.0093713 0.0259663 
0.008832 0.0714469 0.0086872 0.0100881 0.0105964 0.0083915 0.0644117 0.0083114 0.0086703 0.0107168 0.00800124 0.0117399 0.00795539 0.0171135 0.00796102 0.0361181 0.0080552 0.00820983 0.0142128 0.0123694 0.00780714 0.0239935 0.0117251 0.150979 0.00544047 0.00381381 0 0.00481551 0.00406125 0.00458684 0.029303 0.0719637 0.0075394 0.00899571 0.00662578 0.0132408 0.00705587 0.0162908 0.00835971 0.52115 0.00976718 0.0102956 0.00827628 0.0197407 0.00922052 0.0317373 0.0105948 0.0171252 0.0121452 0.00914164 0.0398328 0.00851318 0.00864873 0.01626 0.0086068 0.0181969 0.00863116 0.0197612 0.00866842 0.0286108 0.00924419 
0.0314965 0.00857278 0.0303708 0.00825876 0.00853937 0.0637383 0.00820646 0.0119245 0.0146695 0.00842266 0.0118611 0.00783155 0.0171712 0.00795471 0.0376385 0.00803164 0.0107137 0.0180857 0.0228382 0.00700343 0.0501247 0.0135154 0.120021 0.00562922 0.00730354 0.00395145 0.00481551 0 0.00385272 0.00462715 0.0357534 0.00424868 0.007433 0.00620213 0.0186635 0.0064532 0.0208062 0.00782685 0.392031 0.00817399 0.00987446 0.008492 0.0265095 0.00821354 0.0206343 0.00926746 0.0174821 0.0108904 0.00988109 0.0188996 0.00836474 0.0133014 0.017247 0.00882813 0.0196936 0.00842103 0.0227252 0.0083923 0.0352768 0.00852868 0.0125718 
0.0127817 0.0137606 0.00832132 0.00900681 0.0231829 0.00849227 0.00959967 0.00820047 0.0160048 0.00984079 0.00802724 0.00893292 0.00806752 0.0129143 0.00799672 0.00865478 0.00800913 0.0192066 0.0102271 0.0420272 0.0297916 0.0701796 0.00700709 0.00685805 0.00557093 0.00477818 0.00406125 0.00385272 0 0.158591 0.00438332 0.00418018 0.00427322 0.0142146 0.00637794 0.00855593 0.00704193 0.206864 0.0081083 0.00864771 0.00777462 0.0176059 0.00826602 0.00973129 0.00875278 0.0102215 0.00895922 0.00951355 0.0099471 0.00852 0.00956233 0.00837524 0.012723 0.0114452 0.00851614 0.00997439 0.00832577 0.0116905 0.00841457 0.0097652 0.00875138 
0.0128678 0.0129628 0.00893714 0.0126523 0.0117551 0.00886792 0.0105466 0.00983525 0.0098491 0.00903636 0.00844175 0.00939461 0.00858479 0.011011 0.00882581 0.0115246 0.011612 0.0134433 0.00945004 0.0142645 0.0103286 0.0112999 0.00761642 0.0108309 0.0104648 0.00491318 0.00458684 0.00462715 0.158591 0 0.00386601 0.00381295 0.0041842 0.00701955 0.00570837 0.0117327 0.0479716 0.043893 0.00913865 0.0111472 0.0146782 0.0124249 0.00803012 0.0125527 0.0100129 0.0114622 0.0099951 0.0105201 0.0102985 0.0089919 0.0129261 0.0119144 0.0103338 0.00979244 0.00885554 0.0102642 0.00895841 0.0102639 0.00884402 0.0105602 0.013568 
0.0139871 0.0134508 0.0189258 0.00878819 0.0089294 0.0180334 0.00927375 0.0102574 0.00924236 0.00878198 0.0110264 0.00889066 0.0144112 0.00901164 0.0190987 0.0115588 0.01131 0.00936812 0.0292072 0.0126808 0.0231743 0.00866263 0.0124475 0.00916345 0.00884334 0.00575063 0.029303 0.0357534 0.00438332 0.00386601 0 0.00386267 0.00381071 0.00430078 0.0229372 0.0435031 0.0668378 0.0083684 0.0102722 0.0106974 0.00906267 0.00801331 0.0162128 0.00966612 0.0260526 0.0157762 0.022916 0.0149514 0.0113568 0.0184613 0.0102595 0.0123472 0.0108737 0.0099538 0.0170273 0.0104666 0.0184766 0.0103067 0.0186293 0.0120184 0.0164695 
0.0100685 0.0293653 0.0103235 0.00899449 0.0098466 0.00933067 0.0150615 0.00858293 0.0101587 0.0118242 0.00867177 0.0103049 0.00916715 0.0137532 0.0100451 0.0289271 0.00947545 0.0230814 0.0312799 0.0384968 0.00971685 0.0152624 0.00816011 0.0134926 0.00793015 0.0438512 0.0719637 0.00424868 0.00418018 0.00381295 0.00386267 0 0.00397734 0.0116619 0.10073 0.0622454 0.00696366 0.0103948 0.00802711 0.0134559 0.00692597 0.0105604 0.00909994 0.0125963 0.0108534 0.0208144 0.0139466 0.0168382 0.0138088 0.00927242 0.025316 0.00878115 0.00947744 0.0152062 0.00918268 0.0136737 0.00946505 0.0135974 0.00942662 0.0237404 0.0106738 
0.0404489 0.00913372 0.010748 0.0088696 0.0128938 0.0105401 0.00838868 0.0128905 0.0244398 0.0087788 0.00924944 0.00821623 0.0103665 0.00845228 0.0115429 0.00856605 0.0225804 0.0444798 0.0150143 0.00924645 0.0189495 0.00800412 0.0115957 0.00772286 0.0325889 0.112303 0.0075394 0.007433 0.00427322 0.0041842 0.00381071 0.00397734 0 0.120714 0.0739052 0.00427495 0.0183516 0.00567549 0.0098331 0.00702385 0.0112336 0.0101937 0.0110524 0.00839475 0.0119179 0.00908369 0.011637 0.0098294 0.0095482 0.0107162 0.00851648 0.0173701 0.0282186 0.00938558 0.0108257 0.00862527 0.0112364 0.00857292 0.0112173 0.00895314 0.0223932 
0.00932867 0.0173995 0.00856133 0.0172259 0.0122365 0.00828905 0.0191803 0.0096542 0.00906076 0.0101777 0.00818632 0.010607 0.00813105 0.0145429 0.00822307 0.118584 0.0113933 0.0173788 0.00842381 0.0107972 0.00804581 0.0144536 0.00776699 0.0352634 0.0105978 0.00771529 0.00899571 0.00620213 0.0142146 0.00701955 0.00430078 0.0116619 0.120714 0 0.00397083 0.00405948 0.00376207 0.00434489 0.00379529 0.00558099 0.00587664 0.00926895 0.00656529 0.0101232 0.00738313 0.0106367 0.0085117 0.0128386 0.061313 0.00856862 0.0228896 0.0130969 0.00925709 0.0130422 0.00838809 0.0134961 0.00843856 0.0145763 0.00835493 0.0500561 0.013723 
0.0200827 0.00842978 0.0263141 0.008362 0.0085288 0.0209429 0.00827032 0.0116091 0.0109118 0.00838153 0.0120829 0.00822787 0.0221239 0.00824293 0.115215 0.00873368 0.0129198 0.00965719 0.0190904 0.00842075 0.0198435 0.00821798 0.0347986 0.00836159 0.0259316 0.00869963 0.00662578 0.0186635 0.00637794 0.00570837 0.0229372 0.10073 0.0739052 0.00397083 0 0.00374194 0.00387703 0.00375442 0.0042187 0.00382381 0.00420689 0.00624957 0.0155957 0.00726496 0.0157213 0.00850792 0.0301338 0.044269 0.0121095 0.0189238 0.00851688 0.0158383 0.0151717 0.00845368 0.0241094 0.00837321 0.0276152 0.00832718 0.0615835 0.00875107 0.0199656 
0.00844368 0.0521633 0.00827985 0.0102014 0.0127969 0.00834473 0.0220249 0.00827197 0.00850758 0.013184 0.00834497 0.0247941 0.00824376 0.193519 0.00843052 0.0193792 0.00835535 0.011877 0.00878158 0.0264722 0.00832916 0.0372229 0.00790245 0.0607828 0.0078599 0.00736727 0.0132408 0.0064532 0.00855593 0.0117327 0.0435031 0.0622454 0.00427495 0.00405948 0.00374194 0 0.00373276 0.00417176 0.00374891 0.00392905 0.00384215 0.00817072 0.00647449 0.0166796 0.00741898 0.0408303 0.0204802 0.0243923 0.0133326 0.00789281 0.0193276 0.00775365 0.00852557 0.0249384 0.00850469 0.0522144 0.0085204 0.138348 0.00860308 0.0332019 0.00880051 
0.0235916 0.00857065 0.0284473 0.00851502 0.00840236 0.0263811 0.0082939 0.0133348 0.012097 0.00824071 0.0229561 0.00825128 0.173397 0.00838107 0.0625443 0.00855057 0.0136748 0.00959329 0.0236483 0.0090546 0.0561273 0.00821479 0.0848652 0.00812792 0.0148573 0.0100144 0.00705587 0.0208062 0.00704193 0.0479716 0.0668378 0.00696366 0.0183516 0.00376207 0.00387703 0.00373276 0 0.00374383 0.00388116 0.00375626 0.00385405 0.00568047 0.0141115 0.00702542 0.0643795 0.0160712 0.0371369 0.0101035 0.0120793 0.0217025 0.00795792 0.0139195 0.0185781 0.00836066 0.0602581 0.00872006 0.155929 0.0087119 0.0779058 0.0086186 0.0278159 
0.00858317 0.0644666 0.00843525 0.0109106 0.01173 0.00844553 0.0295349 0.00833196 0.00848249 0.0140741 0.00854125 0.137114 0.00844099 0.088798 0.00869201 0.0250114 0.00862343 0.0117979 0.00940137 0.0646534 0.00887442 0.0724604 0.00814483 0.0259941 0.00809922 0.0080829 0.0162908 0.00782685 0.206864 0.043893 0.0083684 0.0103948 0.00567549 0.00434489 0.00375442 0.00417176 0.00374383 0 0.0037411 0.00376654 0.00375898 0.00867842 0.0066927 0.0606722 0.0306588 0.0492514 0.0100834 0.0138934 0.0123687 0.00773486 0.0254579 0.00764486 0.00851302 0.034058 0.00880905 0.133158 0.00877859 0.0838332 0.00895419 0.0462731 0.00946435 
0.0157403 0.00900191 0.0341418 0.00844032 0.0084937 0.0226317 0.00857094 0.0103863 0.00983992 0.00850571 0.110007 0.00847571 0.0415336 0.00897867 0.072237 0.0090839 0.0120068 0.00926713 0.0273529 0.0119929 0.0586443 0.0089257 0.0459696 0.00834584 0.0141534 0.0133309 0.00835971 0.392031 0.0081083 0.00913865 0.0102722 0.00802711 0.0098331 0.00379529 0.0042187 0.00374891 0.00388116 0.0037411 0 0.00374579 0.00376897 0.00522051 0.0309856 0.0330688 0.0818579 0.00935638 0.0230667 0.0102795 0.00907849 0.0275434 0.00783258 0.0106255 0.0149291 0.00854314 0.111147 0.00930659 0.0723918 0.00932704 0.0954078 0.0091663 0.0304372 
0.00945499 0.0354461 0.00861709 0.00893719 0.0113007 0.00882491 0.0163141 0.00840092 0.00918013 0.0820628 0.00852235 0.015553 0.00851315 0.0237546 0.00910721 0.0248397 0.00897995 0.016549 0.0123552 0.0207827 0.00963413 0.018983 0.00863704 0.0228207 0.00926009 0.0127916 0.52115 0.00817399 0.00864771 0.0111472 0.0106974 0.0134559 0.00702385 0.00558099 0.00382381 0.00392905 0.00375626 0.00376654 0.00374579 0 0.00376023 0.0346964 0.0161838 0.0302564 0.00816083 0.0110597 0.0108475 0.0103454 0.0099641 0.00733255 0.0162443 0.00749476 0.00948601 0.0490909 0.00870812 0.0223542 0.00911705 0.0266501 0.00899824 0.0339346 0.00985518 
0.0286101 0.00888769 0.00936558 0.00875222 0.0128132 0.0101057 0.00836473 0.00988048 0.0659076 0.00905054 0.0135776 0.00831643 0.0106576 0.00850612 0.0110039 0.0086608 0.0148537 0.0193749 0.0135773 0.00883614 0.0130173 0.00853191 0.0118099 0.00846146 0.0147258 0.458989 0.00976718 0.00987446 0.00777462 0.0146782 0.00906267 0.00692597 0.0112336 0.00587664 0.00420689 0.00384215 0.00385405 0.00375898 0.00376897 0.00376023 0 0.0200181 0.0269015 0.00695626 0.00795199 0.0075435 0.00855069 0.00733021 0.00950037 0.00856583 0.00758338 0.0110259 0.0483034 0.0094845 0.0129799 0.008549 0.0121043 0.00870922 0.0124038 0.00872616 0.0211933 
0.00995776 0.0129366 0.00837311 0.0115281 0.0112256 0.00828652 0.0119506 0.00885123 0.00917903 0.00905347 0.00827154 0.00961921 0.00830501 0.0112114 0.0083815 0.0119943 0.0104435 0.0178078 0.00926299 0.0100237 0.00849757 0.0120248 0.00827018 0.0188423 0.0104307 0.0106205 0.0102956 0.008492 0.0176059 0.0124249 0.00801331 0.0105604 0.0101937 0.00926895 0.00624957 0.00817072 0.00568047 0.00867842 0.00522051 0.0346964 0.0200181 0 0.00413917 0.00383567 0.0038102 0.0038482 0.00384441 0.00406151 0.00395965 0.0042329 0.00746698 0.00707656 0.0125497 0.0118143 0.00819862 0.0146585 0.0082916 0.014171 0.00829834 0.0211664 0.0135484 
0.0141787 0.00844399 0.016297 0.00830413 0.0083128 0.0140845 0.00833489 0.00976709 0.0091244 0.00831567 0.00998861 0.00839569 0.0159685 0.00834456 0.0206233 0.00888525 0.0101771 0.00946477 0.0186829 0.00907875 0.0179366 0.00834398 0.0231101 0.00847311 0.0142304 0.0103182 0.00827628 0.0265095 0.00826602 0.00803012 0.0162128 0.00909994 0.0110524 0.00656529 0.0155957 0.00647449 0.0141115 0.0066927 0.0309856 0.0161838 0.0269015 0.00413917 0 0.00375804 0.00375609 0.00378099 0.00379718 0.00377807 0.00389301 0.00518841 0.00454035 0.00714897 0.0129354 0.00846762 0.021403 0.0082706 0.0258472 0.00819162 0.030416 0.00872137 0.0206941 
0.00849179 0.0283595 0.00831562 0.00925416 0.0101149 0.00833044 0.0145773 0.00823554 0.00841434 0.0114487 0.00852389 0.0217096 0.0084801 0.0605492 0.00899872 0.017036 0.00868418 0.0114206 0.0098589 0.0428738 0.0093801 0.0443309 0.0083975 0.0222862 0.0084888 0.00858535 0.0197407 0.00821354 0.00973129 0.0125527 0.00966612 0.0125963 0.00839475 0.0101232 0.00726496 0.0166796 0.00702542 0.0606722 0.0330688 0.0302564 0.00695626 0.00383567 0.00375804 0 0.00374331 0.00377111 0.00377534 0.00380591 0.00391218 0.00391774 0.00580705 0.00445066 0.00887358 0.0256493 0.00835828 0.0384093 0.00844052 0.0905248 0.00855863 0.0258063 0.0107412 
0.022867 0.0103241 0.0216987 0.0084837 0.00864152 0.0239541 0.00859262 0.0101595 0.010566 0.00869059 0.0247757 0.00890031 0.0742825 0.010093 0.0773278 0.0106778 0.0115393 0.0118578 0.0432475 0.0155613 0.0988504 0.0101492 0.063203 0.00923153 0.0270372 0.0175191 0.00922052 0.0206343 0.00875278 0.0100129 0.0260526 0.0108534 0.0119179 0.00738313 0.0157213 0.00741898 0.0643795 0.0306588 0.0818579 0.00816083 0.00795199 0.0038102 0.00375609 0.00374331 0 0.00375172 0.00376093 0.00379401 0.00380477 0.00408731 0.00380984 0.0046773 0.0334368 0.00971124 0.0668901 0.00943378 0.119345 0.0104711 0.0952684 0.0115784 0.0357405 
0.00990975 0.0456924 0.00898159 0.00939968 0.0102242 0.0091057 0.0178557 0.00866977 0.00892484 0.013387 0.00990585 0.045431 0.010199 0.0783335 0.0160829 0.0265549 0.00957393 0.0140662 0.016947 0.1179 0.0165078 0.066199 0.0106729 0.047582 0.00938853 0.00969282 0.0317373 0.00926746 0.0102215 0.0114622 0.0157762 0.0208144 0.00908369 0.0106367 0.00850792 0.0408303 0.0160712 0.0492514 0.00935638 0.0110597 0.0075435 0.0038482 0.00378099 0.00377111 0.00375172 0 0.00376235 0.00377276 0.00378703 0.0038046 0.00383563 0.00394893 0.0113384 0.0715373 0.0133022 0.11212 0.0111409 0.0661337 0.021747 0.0413937 0.0131732 
0.0138052 0.012148 0.0164414 0.0085899 0.00858212 0.0160948 0.00926617 0.00927796 0.0101029 0.00910653 0.0344761 0.0107289 0.0444494 0.0157365 0.069033 0.012627 0.0118617 0.0104019 0.0450966 0.0247742 0.070007 0.0144914 0.08628 0.0104163 0.0115356 0.0134486 0.0105948 0.0174821 0.00895922 0.0099951 0.022916 0.0139466 0.011637 0.0085117 0.0301338 0.0204802 0.0371369 0.0100834 0.0230667 0.0108475 0.00855069 0.00384441 0.00379718 0.00377534 0.00376093 0.00376235 0 0.00376101 0.0037883 0.00380509 0.00381337 0.00395484 0.0191436 0.00998797 0.10885 0.0158994 0.0555836 0.0187159 0.0785949 0.0139992 0.0320075 
0.00928787 0.0188518 0.00951198 0.00883324 0.0089851 0.0100019 0.010703 0.0090389 0.00875616 0.0152002 0.0114026 0.0182068 0.0174043 0.0319347 0.0201292 0.0149366 0.0101982 0.0112895 0.0156182 0.0537367 0.0232071 0.0608799 0.0151785 0.0138974 0.00989413 0.00981988 0.0171252 0.0108904 0.00951355 0.0105201 0.0149514 0.0168382 0.0098294 0.0128386 0.044269 0.0243923 0.0101035 0.0138934 0.0102795 0.0103454 0.00733021 0.00406151 0.00377807 0.00380591 0.00379401 0.00377276 0.00376101 0 0.00375629 0.00375563 0.00381396 0.00380341 0.0105804 0.0504587 0.0140914 0.0393187 0.0299403 0.0330813 0.0151085 0.022931 0.0164818 
0.00951736 0.0125102 0.00889438 0.00888965 0.00873052 0.00910355 0.0106382 0.00845422 0.0136334 0.00921292 0.0109195 0.0126304 0.011725 0.0169715 0.0133969 0.013817 0.00938009 0.0106202 0.0166945 0.0271405 0.0241444 0.0204962 0.0124595 0.0122168 0.00921485 0.0105057 0.0121452 0.00988109 0.0099471 0.0102985 0.0113568 0.0138088 0.0095482 0.061313 0.0121095 0.0133326 0.0120793 0.0123687 0.00907849 0.0099641 0.00950037 0.00395965 0.00389301 0.00391218 0.00380477 0.00378703 0.0037883 0.00375629 0 0.00379751 0.00378475 0.00375838 0.0650769 0.0131081 0.0187194 0.0333429 0.0173197 0.0223982 0.0157809 0.0161082 0.0151967 
0.01083 0.00870517 0.0120469 0.00831295 0.00827976 0.0128376 0.00830731 0.00926663 0.0085704 0.00857034 0.0137759 0.00864178 0.0221074 0.00929797 0.0302559 0.00892655 0.00939085 0.00991666 0.0176553 0.0139865 0.0331202 0.00977263 0.0317701 0.00856232 0.0108549 0.010443 0.00914164 0.0188996 0.00852 0.0089919 0.0184613 0.00927242 0.0107162 0.00856862 0.0189238 0.00789281 0.0217025 0.00773486 0.0275434 0.00733255 0.00856583 0.0042329 0.00518841 0.00391774 0.00408731 0.0038046 0.00380509 0.00375563 0.00379751 0 0.00375314 0.00381443 0.0138476 0.0102583 0.0681771 0.00999855 0.0365507 0.0095153 0.0428095 0.00913163 0.0208967 
0.0089818 0.0279157 0.00829131 0.00868134 0.01017 0.00832277 0.0158058 0.00824987 0.00923194 0.0120894 0.00837672 0.013204 0.0085902 0.026629 0.00867831 0.0175984 0.00853233 0.0127627 0.0119406 0.0229176 0.00910484 0.0258982 0.00868784 0.0242845 0.00839348 0.0101168 0.0398328 0.00836474 0.00956233 0.0129261 0.0102595 0.025316 0.00851648 0.0228896 0.00851688 0.0193276 0.00795792 0.0254579 0.00783258 0.0162443 0.00758338 0.00746698 0.00454035 0.00580705 0.00380984 0.00383563 0.00381337 0.00381396 0.00378475 0.00375314 0 0.00374704 0.0117246 0.0782518 0.00944638 0.0389043 0.00907221 0.0405295 0.00904044 0.0649537 0.00997709 
0.0298117 0.00832072 0.00960083 0.00820947 0.00979454 0.0110295 0.0081392 0.0101203 0.0184325 0.00830073 0.00903214 0.00815607 0.0111223 0.00830226 0.0108479 0.00847095 0.0112671 0.0174333 0.0125347 0.00865676 0.0127175 0.00845821 0.0147329 0.00845464 0.0149174 0.0352749 0.00851318 0.0133014 0.00837524 0.0119144 0.0123472 0.00878115 0.0173701 0.0130969 0.0158383 0.00775365 0.0139195 0.00764486 0.0106255 0.00749476 0.0110259 0.00707656 0.00714897 0.00445066 0.0046773 0.00394893 0.00395484 0.00380341 0.00375838 0.00381443 0.00374704 0 0.0522072 0.00893728 0.0195103 0.00879285 0.0178937 0.00846613 0.0164157 0.00900266 0.0761548 
0.0143764 0.00851345 0.0102311 0.00964654 0.00845858 0.00981379 0.00845321 0.0146287 0.00888678 0.00814478 0.00871518 0.00821983 0.011279 0.00829459 0.0104231 0.00897155 0.0233368 0.010269 0.0102112 0.00888643 0.0116973 0.00874585 0.0146763 0.00893269 0.03854 0.0135623 0.00864873 0.017247 0.012723 0.0103338 0.0108737 0.00947744 0.0282186 0.00925709 0.0151717 0.00852557 0.0185781 0.00851302 0.0149291 0.00948601 0.0483034 0.0125497 0.0129354 0.00887358 0.0334368 0.0113384 0.0191436 0.0105804 0.0650769 0.0138476 0.0117246 0.0522072 0 0.0041347 0.00404242 0.0038601 0.00456891 0.0040509 0.00567999 0.0051227 0.0375062 
0.00826831 0.0141778 0.00841628 0.00920696 0.00886276 0.00810802 0.0127292 0.00816489 0.00821058 0.00863591 0.00820628 0.0100655 0.00822856 0.0159006 0.00834727 0.0236992 0.00858681 0.0096031 0.00918386 0.0160056 0.00876193 0.0210068 0.00826196 0.0258171 0.00872999 0.00877495 0.01626 0.00882813 0.0114452 0.00979244 0.0099538 0.0152062 0.00938558 0.0130422 0.00845368 0.0249384 0.00836066 0.034058 0.00854314 0.0490909 0.0094845 0.0118143 0.00846762 0.0256493 0.00971124 0.0715373 0.00998797 0.0504587 0.0131081 0.0102583 0.0782518 0.00893728 0.0041347 0 0.0038075 0.00380491 0.00386186 0.004312 0.0042053 0.0180644 0.00620771 
0.0121604 0.00833729 0.0112426 0.00816073 0.00820778 0.012314 0.00814846 0.00923717 0.00872653 0.00817942 0.0117999 0.00827439 0.0231399 0.00852035 0.0463104 0.00846875 0.00951556 0.00871283 0.0143525 0.0100356 0.0371346 0.0089538 0.0661284 0.0085135 0.0129297 0.0112308 0.0086068 0.0196936 0.00851614 0.00885554 0.0170273 0.00918268 0.0108257 0.00838809 0.0241094 0.00850469 0.0602581 0.00880905 0.111147 0.00870812 0.0129799 0.00819862 0.021403 0.00835828 0.0668901 0.0133022 0.10885 0.0140914 0.0187194 0.0681771 0.00944638 0.0195103 0.00404242 0.0038075 0 0.0037594 0.00390962 0.00384439 0.00501286 0.00393907 0.00776086 
0.00847313 0.0165436 0.00824775 0.00884443 0.00968435 0.00822072 0.0107015 0.00816672 0.00835644 0.00960671 0.00839026 0.0152649 0.00847015 0.0495585 0.00884683 0.0131585 0.00838833 0.0103671 0.0094727 0.0327891 0.00910485 0.0464398 0.00850957 0.0217863 0.00826981 0.00895499 0.0181969 0.00842103 0.00997439 0.0102642 0.0104666 0.0136737 0.00862527 0.0134961 0.00837321 0.0522144 0.00872006 0.133158 0.00930659 0.0223542 0.008549 0.0146585 0.0082706 0.0384093 0.00943378 0.11212 0.0158994 0.0393187 0.0333429 0.00999855 0.0389043 0.00879285 0.0038601 0.00380491 0.0037594 0 0.00378619 0.00399611 0.00388049 0.00394235 0.00487725 
0.0128191 0.00839284 0.0123006 0.00814138 0.00825874 0.0130657 0.00816612 0.00971593 0.00932878 0.00818173 0.0147939 0.00828916 0.0419614 0.00866237 0.038331 0.00846608 0.00979239 0.00892513 0.0183733 0.0104556 0.067946 0.00894812 0.0617036 0.00848518 0.0132595 0.01203 0.00863116 0.0227252 0.00832577 0.00895841 0.0184766 0.00946505 0.0112364 0.00843856 0.0276152 0.0085204 0.155929 0.00877859 0.0723918 0.00911705 0.0121043 0.0082916 0.0258472 0.00844052 0.119345 0.0111409 0.0555836 0.0299403 0.0173197 0.0365507 0.00907221 0.0178937 0.00456891 0.00386186 0.00390962 0.00378619 0 0.00377364 0.00407778 0.00391334 0.00458073 
0.0085048 0.0166247 0.0082659 0.00898365 0.00987859 0.00818844 0.0119428 0.00814186 0.0083749 0.00975569 0.00832341 0.0274489 0.0084654 0.0360556 0.00864966 0.0132987 0.00837523 0.0105014 0.00915587 0.0543029 0.00916694 0.0451851 0.00834439 0.0175371 0.00828165 0.00893996 0.0197612 0.0083923 0.0116905 0.0102639 0.0103067 0.0135974 0.00857292 0.0145763 0.00832718 0.138348 0.0087119 0.0838332 0.00932704 0.0266501 0.00870922 0.014171 0.00819162 0.0905248 0.0104711 0.0661337 0.0187159 0.0330813 0.0223982 0.0095153 0.0405295 0.00846613 0.0040509 0.004312 0.00384439 0.00399611 0.00377364 0 0.00384761 0.00393337 0.00385693 
0.0127467 0.00835113 0.0123521 0.00812469 0.00823755 0.0136958 0.00819716 0.00978803 0.00971188 0.00821924 0.0196222 0.0083138 0.0268672 0.00864752 0.0364812 0.00859336 0.00958956 0.00882859 0.0283245 0.0116143 0.0511047 0.00880112 0.0425838 0.0084474 0.0126107 0.0117479 0.00866842 0.0352768 0.00841457 0.00884402 0.0186293 0.00942662 0.0112173 0.00835493 0.0615835 0.00860308 0.0779058 0.00895419 0.0954078 0.00899824 0.0124038 0.00829834 0.030416 0.00855863 0.0952684 0.021747 0.0785949 0.0151085 0.0157809 0.0428095 0.00904044 0.0164157 0.00567999 0.0042053 0.00501286 0.00388049 0.00407778 0.00384761 0 0.00376705 0.00390884 
0.00910131 0.0149669 0.00837543 0.00877107 0.00952452 0.00832325 0.0124474 0.00833262 0.00863485 0.0181825 0.00831288 0.0113125 0.00835041 0.0199951 0.00852147 0.013926 0.00856426 0.0125062 0.0105256 0.0198244 0.00858352 0.0237706 0.00843718 0.0191672 0.00838189 0.0093713 0.0286108 0.00852868 0.0097652 0.0105602 0.0120184 0.0237404 0.00895314 0.0500561 0.00875107 0.0332019 0.0086186 0.0462731 0.0091663 0.0339346 0.00872616 0.0211664 0.00872137 0.0258063 0.0115784 0.0413937 0.0139992 0.022931 0.0161082 0.00913163 0.0649537 0.00900266 0.0051227 0.0180644 0.00393907 0.00394235 0.00391334 0.00393337 0.00376705 0 0.00388367 
0.018584 0.00871616 0.00972374 0.00838962 0.00973078 0.010803 0.00827309 0.00982153 0.0173458 0.00849515 0.0104967 0.00837576 0.0123115 0.00892896 0.0139764 0.00873127 0.0128834 0.0148104 0.0139801 0.0103638 0.0183421 0.00883559 0.0173049 0.00852426 0.0164362 0.0259663 0.00924419 0.0125718 0.00875138 0.013568 0.0164695 0.0106738 0.0223932 0.013723 0.0199656 0.00880051 0.0278159 0.00946435 0.0304372 0.00985518 0.0211933 0.0135484 0.0206941 0.0107412 0.0357405 0.0131732 0.0320075 0.0164818 0.0151967 0.0208967 0.00997709 0.0761548 0.0375062 0.00620771 0.00776086 0.00487725 0.00458073 0.00385693 0.00390884 0.00388367 0 
