1M6JA
GAGKFVVGGNWKCNGTLASIETLTKGVAASVDAELAKKVEVIVGVPFIYIPKVQQILAGEANGANILVSAENAWTKSGAYTGEVHVGMLVDCQVPYVILGHSERRQIFHESNEQVAEKVKVAIDAGLKVIACIGETEAQRIANQTEEVVAAQLKAINNAISKEAWKNIILAYEPVWAIGTGKTATPDQAQEVHQYIRKWMTENISKEVAEATRIQYGGSVNPANCNELAKKADIDGFLVGGASLDAAKFKTIINSVSEKL
CCCCEEEEEECCECCCHHHHHHHHHHHHHHCCHHHHCCEEEEEEECHHHHHHHHHHHHCCCCHHHEEEEECCCECCCECCCCCCEHHHHHHCCCCEEEECCHHHHHHCCCCHHHHHHHHHHHHHHCCEEEEEECCCHHHHHCCCHHHHHHHHHHHHHHHCCCHHHHHEEEEECCHHHCCCCCCCCHHHHHHHHHHHHHHHHHHCCHHHHHHCCEEECCCCCCCCHHHHHCCCCCCEEEECHHHHCHHHHHHHHHHHHHCC
0 0 0 0 0 0 0 0 0 0 0 0 0 0 0 0 0 0 0 0 0 0 0 0 0 0 0 0 0 0 0 0 0 0 0 0 0 0 0 0 0 0 0 0 0 0 0 0 0 0 0 0 0 0 0 0 0 0 0 0 0 0 0 0 0 0 0 0 0 0 0 0 0 0 0 0 0 0 0 0 0 0 0 0 0 0 0 0 0 0 0 0 0 0 0 0 0 0 0 0 0 0 0 0 0 0 0 0 0 0 0 0 0 0 0 0 0 0 0 0 0 0 0 0 0 0 0 0 0 0 0 0 0 0 0 0 0 0 0 0 0 0 0 0 0 0 0 0 0 0 0 0 0 0 0 0 0 0 0 0 0 0 0 0 0 0 0 0 0 0 0 0 0 0 0 0 0 0 0 0 0 0 0 0 0 0 0 0 0 0 0 0 0 0 0 0 0 0 0 0 0 0 0 0 0 0 0 0 0 0 0 0 0 0 0 0 0 0 0 0 0 0 0 0 0 0 0 0 0 0 0 0 0 0 0 0 0 0 0 0 0 0 0 0 0 0 0 0 0 0 0 0 0 0 0 0 0 0 0 0 
0 0 0 0 0 0 0 0 0 0 0 0 0 0 0 0 0 0 0 0 0 0 0 0 0 0 0 0 0 0 0 0 0 0 0 0 0 0 0 0 0 0 0 0 0 0 0 0 0 0 0 0 0 0 0 0 0 0 0 0 0 0 0 0 0 0 0 0 0 0 0 0 0 0 0 0 0 0 0 0 0 0 0 0 0 0 0 0 0 0 0 0 0 0 0 0 0 0 0 0 0 0 0 0 0 0 0 0 0 0 0 0 0 0 0 0 0 0 0 0 0 0 0 0 0 0 0 0 0 0 0 0 0 0 0 0 0 0 0 0 0 0 0 0 0 0 0 0 0 0 0 0 0 0 0 0 0 0 0 0 0 0 0 0 0 0 0 0 0 0 0 0 0 0 0 0 0 0 0 0 0 0 0 0 0 0 0 0 0 0 0 0 0 0 0 0 0 0 0 0 0 0 0 0 0 0 0 0 0 0 0 0 0 0 0 0 0 0 0 0 0 0 0 0 0 0 0 0 0 0 0 0 0 0 0 0 0 0 0 0 0 0 0 0 0 0 0 0 0 0 0 0 0 0 0 0 0 0 0 0 
0 0.00399704 0.00380446 0.00379541 0.00376393 0.00614936 0.0107807 0.437958 0.0198235 0.0239174 0.013819 0.017064 0.0124743 0.0210638 0.0279349 0.00978821 0.0129348 0.00979467 0.0142299 0.010689 0.0122357 0.0130609 0.0185638 0.011947 0.0100111 0.0113321 0.00936694 0.00924444 0.00940666 0.00961325 0.00921041 0.00993037 0.00997927 0.00841503 0.00879018 0.00868258 0.00895619 0.00859178 0.00832804 0.00859578 0.00849928 0.00847062 0.00845802 0.00871244 
0.00399704 0 0.00381334 0.00377306 0.0038726 0.00391565 0.0048976 0.0279688 0.593062 0.0340702 0.086438 0.0312176 0.0468507 0.0104146 0.0139241 0.0247942 0.0141263 0.0227229 0.0104652 0.00885846 0.00863895 0.00984712 0.0120862 0.0293851 0.0220344 0.0110113 0.00901875 0.010658 0.0124242 0.0164631 0.0125244 0.00898141 0.0085454 0.00867291 0.00965405 0.00894509 0.0085931 0.00850174 0.00864952 0.00856953 0.00832976 0.00876069 0.00871956 0.00852259 
0.00380446 0.00381334 0 0.00409981 0.00375888 0.00381233 0.00428598 0.0345302 0.0251336 0.536205 0.0686824 0.208865 0.0243207 0.0128928 0.0131109 0.0141114 0.0650835 0.0184946 0.0127536 0.00853589 0.00866106 0.0084173 0.0116856 0.0265288 0.038969 0.0150802 0.00879728 0.0106872 0.0195036 0.0282224 0.0153892 0.00928784 0.00881602 0.0090454 0.0116658 0.00972656 0.0085661 0.00863208 0.00860961 0.00847659 0.00852299 0.00877677 0.00877582 0.00834495 
0.00379541 0.00377306 0.00409981 0 0.0037569 0.00376003 0.0038904 0.015546 0.0593574 0.0453447 0.530883 0.0443134 0.0599345 0.0102574 0.0118061 0.0152739 0.0330652 0.0226915 0.0105046 0.00866111 0.00842579 0.0085012 0.00996868 0.0266954 0.0310662 0.0148887 0.00874372 0.00981665 0.0168849 0.0220807 0.0152916 0.00945482 0.00860196 0.0089636 0.0104163 0.00985659 0.00870225 0.00849597 0.00854365 0.00845092 0.00843827 0.00866348 0.00865431 0.00835576 
0.00376393 0.0038726 0.00375888 0.0037569 0 0.00394361 0.00405129 0.0158282 0.0200253 0.0704653 0.0209329 0.324514 0.0394675 0.017162 0.0109388 0.0109633 0.0142035 0.0213334 0.015856 0.00875443 0.00864354 0.00841846 0.0100472 0.0139544 0.0285959 0.019328 0.00850141 0.00973201 0.00986692 0.0116363 0.0141618 0.00900854 0.00839725 0.00860644 0.00962259 0.00913812 0.00862681 0.00833818 0.00848053 0.00832287 0.00828055 0.00844777 0.00853521 0.00829452 
0.00614936 0.00391565 0.00381233 0.00376003 0.00394361 0 0.0270961 0.0132123 0.0183479 0.0132309 0.0261867 0.0181115 0.210022 0.0183499 0.0127338 0.00922945 0.00945569 0.0123251 0.0151202 0.0109851 0.00957061 0.0101107 0.011378 0.00885481 0.0103247 0.0167606 0.0101079 0.00840104 0.00928998 0.009352 0.00939538 0.00922746 0.00868398 0.00829016 0.00843393 0.00832619 0.00856596 0.00822415 0.00830578 0.00831049 0.00831957 0.008248 0.00823957 0.00829573 
0.0107807 0.0048976 0.00428598 0.0038904 0.00405129 0.0270961 0 0.0499458 0.010792 0.0132438 0.0106753 0.0136249 0.0127085 0.0308841 0.0195917 0.00870561 0.00869991 0.00871141 0.0107013 0.0140557 0.0265894 0.0163021 0.0109651 0.00868414 0.00852989 0.0104405 0.00891398 0.00843869 0.00838144 0.00839647 0.00831444 0.00870893 0.0097707 0.00827496 0.00820437 0.00831554 0.00863601 0.00861241 0.00815434 0.008459 0.00840188 0.00830668 0.00816188 0.00847252 
0.437958 0.0279688 0.0345302 0.015546 0.0158282 0.0132123 0.0499458 0 0.00425292 0.00384296 0.00383155 0.00394685 0.00395745 0.00497489 0.0984178 0.0114897 0.0148331 0.0103967 0.0344199 0.0129059 0.023129 0.0168777 0.0406599 0.0166391 0.0122487 0.0208741 0.0106096 0.0126234 0.0101753 0.0101018 0.00949984 0.0123279 0.0118019 0.00849247 0.00872372 0.00898383 0.00959419 0.00936613 0.00837636 0.00852652 0.0086143 0.00845411 0.00828672 0.00865588 
0.0198235 0.593062 0.0251336 0.0593574 0.0200253 0.0183479 0.010792 0.00425292 0 0.00380003 0.0038009 0.00384521 0.00405389 0.00399493 0.0180839 0.14306 0.0117067 0.0482595 0.0100544 0.010953 0.00951784 0.0126085 0.0194546 0.0923303 0.0327042 0.0120038 0.0119227 0.0157599 0.0204891 0.0259046 0.0208268 0.0102943 0.00891208 0.00958345 0.010861 0.00970991 0.00903059 0.00856194 0.00860318 0.00888231 0.00843412 0.00865263 0.00858852 0.0084812 
0.0239174 0.0340702 0.536205 0.0453447 0.0704653 0.0132309 0.0132438 0.00384296 0.00380003 0 0.00379302 0.00380783 0.00380061 0.00380615 0.202593 0.0150248 0.274782 0.0131479 0.0202694 0.00896047 0.0105473 0.00929906 0.0266005 0.0696798 0.0600025 0.0196527 0.0095079 0.0275848 0.0665949 0.0919136 0.0284158 0.0121481 0.0106655 0.0107468 0.0223581 0.0122084 0.00957791 0.00921255 0.00915772 0.0088303 0.00901697 0.00916171 0.00901482 0.00895355 
0.013819 0.086438 0.0686824 0.530883 0.0209329 0.0261867 0.0106753 0.00383155 0.0038009 0.00379302 0 0.00381576 0.00379756 0.00377769 0.0143266 0.391267 0.0363921 0.0976763 0.0123578 0.00969496 0.00917631 0.00992509 0.0176354 0.0826957 0.075777 0.0260224 0.0109248 0.0189396 0.0819945 0.136429 0.0431819 0.0123292 0.00945648 0.0122425 0.0221271 0.0129962 0.00926334 0.00910189 0.00907882 0.00883764 0.00868658 0.00951617 0.00910876 0.00864083 
0.017064 0.0312176 0.208865 0.0443134 0.324514 0.0181115 0.0136249 0.00394685 0.00384521 0.00380783 0.00381576 0 0.00379692 0.00376038 0.0333599 0.0168586 0.510093 0.0256561 0.0353687 0.00940993 0.00989977 0.0095288 0.0204878 0.0697475 0.106435 0.0270517 0.0100513 0.0216547 0.0742721 0.109652 0.0415517 0.0135964 0.0103194 0.0110387 0.0220715 0.0134629 0.0094573 0.00945895 0.0091187 0.00887459 0.00871587 0.00905492 0.00906481 0.00869663 
0.0124743 0.0468507 0.0243207 0.0599345 0.0394675 0.210022 0.0127085 0.00395745 0.00405389 0.00380061 0.00379756 0.00379692 0 0.00376307 0.0138426 0.0399763 0.0244945 0.558661 0.0312343 0.0140105 0.0104186 0.0123242 0.0130989 0.0428738 0.102974 0.0406567 0.0106538 0.0141655 0.0206448 0.0386832 0.0517441 0.0129547 0.00943214 0.0106099 0.0142387 0.0130789 0.00921088 0.00870483 0.00890951 0.00835792 0.00854038 0.00882566 0.00867466 0.00825269 
0.0210638 0.0104146 0.0128928 0.0102574 0.017162 0.0183499 0.0308841 0.00497489 0.00399493 0.00380615 0.00377769 0.00376038 0.00376307 0 0.0190989 0.00923531 0.0235285 0.0164311 0.41756 0.014408 0.0175347 0.0128644 0.0230233 0.0112586 0.0133649 0.0378833 0.0118392 0.00953408 0.0102378 0.0121778 0.0108532 0.0121592 0.0123218 0.0087831 0.00878896 0.00905597 0.0090242 0.00927156 0.00840217 0.00851373 0.0086068 0.00843037 0.00842065 0.00848617 
0.0279349 0.0139241 0.0131109 0.0118061 0.0109388 0.0127338 0.0195917 0.0984178 0.0180839 0.202593 0.0143266 0.0333599 0.0138426 0.0190989 0 0.00380825 0.00395659 0.00384893 0.00447323 0.00447112 0.0132129 0.00820628 0.039553 0.018781 0.0136871 0.0351843 0.0102517 0.0242644 0.0123058 0.0148269 0.0108649 0.017997 0.0152578 0.00951063 0.010999 0.0105837 0.0141439 0.0116663 0.00845387 0.0095126 0.00941347 0.00857899 0.00830265 0.00897688 
0.00978821 0.0247942 0.0141114 0.0152739 0.0109633 0.00922945 0.00870561 0.0114897 0.14306 0.0150248 0.391267 0.0168586 0.0399763 0.00923531 0.00380825 0 0.00375066 0.00378775 0.00379209 0.00495624 0.00590649 0.0108208 0.0233944 0.0441884 0.0283063 0.0108651 0.0141219 0.0109692 0.0264502 0.0224674 0.0212 0.00971882 0.00862378 0.011185 0.0117021 0.0132993 0.0088504 0.00870975 0.00863745 0.00848941 0.00848385 0.00870995 0.0085264 0.00845374 
0.0129348 0.0141263 0.0650835 0.0330652 0.0142035 0.00945569 0.00869991 0.0148331 0.0117067 0.274782 0.0363921 0.510093 0.0244945 0.0235285 0.00395659 0.00375066 0 0.00377852 0.0037605 0.00416019 0.00752421 0.00710443 0.0220983 0.0609124 0.0594907 0.0188814 0.00969251 0.0382356 0.0379837 0.0868962 0.028602 0.0130212 0.0107518 0.0107366 0.0331062 0.0146186 0.00956888 0.00870413 0.00892283 0.00878055 0.00860813 0.00904217 0.00886102 0.00852573 
0.00979467 0.0227229 0.0184946 0.0226915 0.0213334 0.0123251 0.00871141 0.0103967 0.0482595 0.0131479 0.0976763 0.0256561 0.558661 0.0164311 0.00384893 0.00378775 0.00377852 0 0.00383274 0.00541998 0.00806036 0.01508 0.0160216 0.0495393 0.117766 0.0245704 0.0131262 0.0125761 0.0217048 0.0270357 0.0718577 0.0140761 0.00916117 0.0132596 0.0132315 0.0161493 0.00975157 0.00875683 0.00890304 0.00869225 0.00836771 0.00878021 0.00855273 0.00830209 
0.0142299 0.0104652 0.0127536 0.0105046 0.015856 0.0151202 0.0107013 0.0344199 0.0100544 0.0202694 0.0123578 0.0353687 0.0312343 0.41756 0.00447323 0.00379209 0.0037605 0.00383274 0 0.00907282 0.0172537 0.00899509 0.0289812 0.0152179 0.0319377 0.159249 0.0123344 0.0123843 0.0110372 0.0163934 0.0176904 0.0342631 0.0162959 0.00937448 0.00998569 0.0104593 0.0139585 0.00990585 0.00866989 0.00984237 0.00900173 0.00881209 0.0083641 0.00879932 
0.010689 0.00885846 0.00853589 0.00866111 0.00875443 0.0109851 0.0140557 0.0129059 0.010953 0.00896047 0.00969496 0.00940993 0.0140105 0.014408 0.00447112 0.00495624 0.00416019 0.00541998 0.00907282 0 0.191909 0.156336 0.0157173 0.0134705 0.0137628 0.0213837 0.0131106 0.00908778 0.00920663 0.00910555 0.0105605 0.0129787 0.0096972 0.00866736 0.00846304 0.0087959 0.0105778 0.00854919 0.00819154 0.00895474 0.00842519 0.00820163 0.00820503 0.00895179 
0.0122357 0.00863895 0.00866106 0.00842579 0.00864354 0.00957061 0.0265894 0.023129 0.00951784 0.0105473 0.00917631 0.00989977 0.0104186 0.0175347 0.0132129 0.00590649 0.00752421 0.00806036 0.0172537 0.191909 0 0.0412279 0.0290532 0.0134537 0.0136456 0.0248232 0.0110292 0.0125546 0.008765 0.00891068 0.00981626 0.0128047 0.0140756 0.00865842 0.00838637 0.00846818 0.0105889 0.00957836 0.00868943 0.00869117 0.00863532 0.00813569 0.0082531 0.00894595 
0.0130609 0.00984712 0.0084173 0.0085012 0.00841846 0.0101107 0.0163021 0.0168777 0.0126085 0.00929906 0.00992509 0.0095288 0.0123242 0.0128644 0.00820628 0.0108208 0.00710443 0.01508 0.00899509 0.156336 0.0412279 0 0.0111282 0.0118538 0.0088816 0.015766 0.0322256 0.0112123 0.011868 0.0098435 0.0117484 0.0145585 0.0113863 0.0103605 0.00858256 0.00929176 0.0106719 0.00957465 0.00864601 0.00926154 0.00931243 0.00834487 0.00828427 0.00924893 
0.0185638 0.0120862 0.0116856 0.00996868 0.0100472 0.011378 0.0109651 0.0406599 0.0194546 0.0266005 0.0176354 0.0204878 0.0130989 0.0230233 0.039553 0.0233944 0.0220983 0.0160216 0.0289812 0.0157173 0.0290532 0.0111282 0 0.00388965 0.00380928 0.0040035 0.632048 0.0577157 0.0628161 0.0178793 0.0158407 0.0284392 0.0265707 0.0150251 0.0132467 0.0112347 0.0184214 0.0152189 0.00911594 0.0103982 0.00952084 0.00922842 0.00878063 0.0094002 
0.011947 0.0293851 0.0265288 0.0266954 0.0139544 0.00885481 0.00868414 0.0166391 0.0923303 0.0696798 0.0826957 0.0697475 0.0428738 0.0112586 0.018781 0.0441884 0.0609124 0.0495393 0.0152179 0.0134705 0.0134537 0.0118538 0.00388965 0 0.00387226 0.00379981 0.046865 0.758476 0.0689626 0.199307 0.0474367 0.0156668 0.0218679 0.0371192 0.04875 0.0306913 0.0112481 0.0115485 0.0104899 0.0097205 0.00926324 0.0103895 0.0101756 0.00889689 
0.0100111 0.0220344 0.038969 0.0310662 0.0285959 0.0103247 0.00852989 0.0122487 0.0327042 0.0600025 0.075777 0.106435 0.102974 0.0133649 0.0136871 0.0283063 0.0594907 0.117766 0.0319377 0.0137628 0.0136456 0.0088816 0.00380928 0.00387226 0 0.00394696 0.0271148 0.0383956 0.542033 0.146347 0.4654 0.0288207 0.0125643 0.0321738 0.0698559 0.103664 0.0167982 0.0109418 0.0132368 0.0107887 0.0115151 0.0122708 0.0117605 0.00926994 
0.0113321 0.0110113 0.0150802 0.0148887 0.019328 0.0167606 0.0104405 0.0208741 0.0120038 0.0196527 0.0260224 0.0270517 0.0406567 0.0378833 0.0351843 0.0108651 0.0188814 0.0245704 0.159249 0.0213837 0.0248232 0.015766 0.0040035 0.00379981 0.00394696 0 0.0167887 0.025743 0.0429509 0.398101 0.116302 0.429177 0.023369 0.0136682 0.0258524 0.0315973 0.0603253 0.0117902 0.00967837 0.015062 0.0118305 0.00981392 0.00946913 0.0102967 
0.00936694 0.00901875 0.00879728 0.00874372 0.00850141 0.0101079 0.00891398 0.0106096 0.0119227 0.0095079 0.0109248 0.0100513 0.0106538 0.0118392 0.0102517 0.0141219 0.00969251 0.0131262 0.0123344 0.0131106 0.0110292 0.0322256 0.632048 0.046865 0.0271148 0.0167887 0 0.0079831 0.00384369 0.00381964 0.00412054 0.00502337 0.0278836 0.0219491 0.0194981 0.0146402 0.0181886 0.010053 0.00902238 0.0103182 0.00967867 0.00871578 0.00921499 0.0103063 
0.00924444 0.010658 0.0106872 0.00981665 0.00973201 0.00840104 0.00843869 0.0126234 0.0157599 0.0275848 0.0189396 0.0216547 0.0141655 0.00953408 0.0242644 0.0109692 0.0382356 0.0125761 0.0123843 0.00908778 0.0125546 0.0112123 0.0577157 0.758476 0.0383956 0.025743 0.0079831 0 0.00380575 0.00379435 0.00398655 0.0041164 0.455823 0.0326654 0.0437575 0.0283313 0.0137329 0.0172832 0.012616 0.00976378 0.0132689 0.0149083 0.0104003 0.00935532 
0.00940666 0.0124242 0.0195036 0.0168849 0.00986692 0.00928998 0.00838144 0.0101753 0.0204891 0.0665949 0.0819945 0.0742721 0.0206448 0.0102378 0.0123058 0.0264502 0.0379837 0.0217048 0.0110372 0.00920663 0.008765 0.011868 0.0628161 0.0689626 0.542033 0.0429509 0.00384369 0.00380575 0 0.00377259 0.00380242 0.00379237 0.0308102 0.502964 0.0860923 0.0693182 0.0132413 0.018248 0.0117493 0.0110789 0.0132044 0.0169039 0.0148466 0.00976402 
0.00961325 0.0164631 0.0282224 0.0220807 0.0116363 0.009352 0.00839647 0.0101018 0.0259046 0.0919136 0.136429 0.109652 0.0386832 0.0121778 0.0148269 0.0224674 0.0868962 0.0270357 0.0163934 0.00910555 0.00891068 0.0098435 0.0178793 0.199307 0.146347 0.398101 0.00381964 0.00379435 0.00377259 0 0.00376882 0.00377347 0.0657723 0.0592314 0.702462 0.0545805 0.0448632 0.019423 0.0180027 0.0157197 0.0151664 0.022363 0.0223482 0.0114886 
0.00921041 0.0125244 0.0153892 0.0152916 0.0141618 0.00939538 0.00831444 0.00949984 0.0208268 0.0284158 0.0431819 0.0415517 0.0517441 0.0108532 0.0108649 0.0212 0.028602 0.0718577 0.0176904 0.0105605 0.00981626 0.0117484 0.0158407 0.0474367 0.4654 0.116302 0.00412054 0.00398655 0.00380242 0.00376882 0 0.00404936 0.020771 0.0892389 0.0989668 0.771308 0.0344117 0.0140629 0.0294384 0.0164413 0.0131185 0.0170936 0.0290749 0.0104816 
0.00993037 0.00898141 0.00928784 0.00945482 0.00900854 0.00922746 0.00870893 0.0123279 0.0102943 0.0121481 0.0123292 0.0135964 0.0129547 0.0121592 0.017997 0.00971882 0.0130212 0.0140761 0.0342631 0.0129787 0.0128047 0.0145585 0.0284392 0.0156668 0.0288207 0.429177 0.00502337 0.0041164 0.00379237 0.00377347 0.00404936 0 0.0227412 0.0149698 0.0666195 0.0469477 0.647517 0.0161038 0.0102242 0.0255061 0.0131586 0.0107004 0.0110323 0.0115422 
0.00997927 0.0085454 0.00881602 0.00860196 0.00839725 0.00868398 0.0097707 0.0118019 0.00891208 0.0106655 0.00945648 0.0103194 0.00943214 0.0123218 0.0152578 0.00862378 0.0107518 0.00916117 0.0162959 0.0096972 0.0140756 0.0113863 0.0265707 0.0218679 0.0125643 0.023369 0.0278836 0.455823 0.0308102 0.0657723 0.020771 0.0227412 0 0.00379493 0.00383974 0.00382992 0.00400082 0.136765 0.0120129 0.0209604 0.0190527 0.0152549 0.00981787 0.0200299 
0.00841503 0.00867291 0.0090454 0.0089636 0.00860644 0.00829016 0.00827496 0.00849247 0.00958345 0.0107468 0.0122425 0.0110387 0.0106099 0.0087831 0.00951063 0.011185 0.0107366 0.0132596 0.00937448 0.00866736 0.00865842 0.0103605 0.0150251 0.0371192 0.0321738 0.0136682 0.0219491 0.0326654 0.502964 0.0592314 0.0892389 0.0149698 0.00379493 0 0.00377726 0.00379401 0.00386481 0.0676699 0.0459086 0.0109332 0.0203433 0.024798 0.0207955 0.0103545 
0.00879018 0.00965405 0.0116658 0.0104163 0.00962259 0.00843393 0.00820437 0.00872372 0.010861 0.0223581 0.0221271 0.0220715 0.0142387 0.00878896 0.010999 0.0117021 0.0331062 0.0132315 0.00998569 0.00846304 0.00838637 0.00858256 0.0132467 0.04875 0.0698559 0.0258524 0.0194981 0.0437575 0.0860923 0.702462 0.0989668 0.0666195 0.00383974 0.00377726 0 0.00376715 0.00381849 0.30789 0.0387726 0.0307644 0.0165098 0.0567481 0.0338188 0.0138747 
0.00868258 0.00894509 0.00972656 0.00985659 0.00913812 0.00832619 0.00831554 0.00898383 0.00970991 0.0122084 0.0129962 0.0134629 0.0130789 0.00905597 0.0105837 0.0132993 0.0146186 0.0161493 0.0104593 0.0087959 0.00846818 0.00929176 0.0112347 0.0306913 0.103664 0.0315973 0.0146402 0.0283313 0.0693182 0.0545805 0.771308 0.0469477 0.00382992 0.00379401 0.00376715 0 0.00404308 0.0223869 0.541055 0.0462662 0.017596 0.0257261 0.0832917 0.012276 
0.00895619 0.0085931 0.0085661 0.00870225 0.00862681 0.00856596 0.00863601 0.00959419 0.00903059 0.00957791 0.00926334 0.0094573 0.00921088 0.0090242 0.0141439 0.0088504 0.00956888 0.00975157 0.0139585 0.0105778 0.0105889 0.0106719 0.0184214 0.0112481 0.0167982 0.0603253 0.0181886 0.0137329 0.0132413 0.0448632 0.0344117 0.647517 0.00400082 0.00386481 0.00381849 0.00404308 0 0.0337402 0.0186126 0.597072 0.0227687 0.014085 0.0140016 0.0246312 
0.00859178 0.00850174 0.00863208 0.00849597 0.00833818 0.00822415 0.00861241 0.00936613 0.00856194 0.00921255 0.00910189 0.00945895 0.00870483 0.00927156 0.0116663 0.00870975 0.00870413 0.00875683 0.00990585 0.00854919 0.00957836 0.00957465 0.0152189 0.0115485 0.0109418 0.0117902 0.010053 0.0172832 0.018248 0.019423 0.0140629 0.0161038 0.136765 0.0676699 0.30789 0.0223869 0.0337402 0 0.0039247 0.00384465 0.136096 0.0586158 0.0173254 0.0495868 
0.00832804 0.00864952 0.00860961 0.00854365 0.00848053 0.00830578 0.00815434 0.00837636 0.00860318 0.00915772 0.00907882 0.0091187 0.00890951 0.00840217 0.00845387 0.00863745 0.00892283 0.00890304 0.00866989 0.00819154 0.00868943 0.00864601 0.00911594 0.0104899 0.0132368 0.00967837 0.00902238 0.012616 0.0117493 0.0180027 0.0294384 0.0102242 0.0120129 0.0459086 0.0387726 0.541055 0.0186126 0.0039247 0 0.00398115 0.0280651 0.137518 0.233186 0.0124134 
0.00859578 0.00856953 0.00847659 0.00845092 0.00832287 0.00831049 0.008459 0.00852652 0.00888231 0.0088303 0.00883764 0.00887459 0.00835792 0.00851373 0.0095126 0.00848941 0.00878055 0.00869225 0.00984237 0.00895474 0.00869117 0.00926154 0.0103982 0.0097205 0.0107887 0.015062 0.0103182 0.00976378 0.0110789 0.0157197 0.0164413 0.0255061 0.0209604 0.0109332 0.0307644 0.0462662 0.597072 0.00384465 0.00398115 0 0.0319707 0.0850296 0.138376 0.190045 
0.00849928 0.00832976 0.00852299 0.00843827 0.00828055 0.00831957 0.00840188 0.0086143 0.00843412 0.00901697 0.00868658 0.00871587 0.00854038 0.0086068 0.00941347 0.00848385 0.00860813 0.00836771 0.00900173 0.00842519 0.00863532 0.00931243 0.00952084 0.00926324 0.0115151 0.0118305 0.00967867 0.0132689 0.0132044 0.0151664 0.0131185 0.0131586 0.0190527 0.0203433 0.0165098 0.017596 0.0227687 0.136096 0.0280651 0.0319707 0 0.00382799 0.00383978 0.0052962 
0.00847062 0.00876069 0.00877677 0.00866348 0.00844777 0.008248 0.00830668 0.00845411 0.00865263 0.00916171 0.00951617 0.00905492 0.00882566 0.00843037 0.00857899 0.00870995 0.00904217 0.00878021 0.00881209 0.00820163 0.00813569 0.00834487 0.00922842 0.0103895 0.0122708 0.00981392 0.00871578 0.0149083 0.0169039 0.022363 0.0170936 0.0107004 0.0152549 0.024798 0.0567481 0.0257261 0.014085 0.0586158 0.137518 0.0850296 0.00382799 0 0.00392237 0.00382835 
0.00845802 0.00871956 0.00877582 0.00865431 0.00853521 0.00823957 0.00816188 0.00828672 0.00858852 0.00901482 0.00910876 0.00906481 0.00867466 0.00842065 0.00830265 0.0085264 0.00886102 0.00855273 0.0083641 0.00820503 0.0082531 0.00828427 0.00878063 0.0101756 0.0117605 0.00946913 0.00921499 0.0104003 0.0148466 0.0223482 0.0290749 0.0110323 0.00981787 0.0207955 0.0338188 0.0832917 0.0140016 0.0173254 0.233186 0.138376 0.00383978 0.00392237 0 0.00385955 
0.00871244 0.00852259 0.00834495 0.00835576 0.00829452 0.00829573 0.00847252 0.00865588 0.0084812 0.00895355 0.00864083 0.00869663 0.00825269 0.00848617 0.00897688 0.00845374 0.00852573 0.00830209 0.00879932 0.00895179 0.00894595 0.00924893 0.0094002 0.00889689 0.00926994 0.0102967 0.0103063 0.00935532 0.00976402 0.0114886 0.0104816 0.0115422 0.0200299 0.0103545 0.0138747 0.012276 0.0246312 0.0495868 0.0124134 0.190045 0.0052962 0.00382835 0.00385955 0 
