1MGTA
MLSVEKFRVGERVVWIGVIFSGRVQGIAFAFDRGTLMKRIHDLAEHLGKRGVSISLDVQPSDYPEKVFKVLIGELDNASFLRELSFEGVTPFEKKVYEWLTKNVKRGSVITYGDLAKALNTSPRAVGGAMKRNPYPIVVPCHRVVAHDGIGYYSSGIEEKKFLLEIEGV
CEEEEEEEECCEEEEEEEEECCCEEEEEEECCHHHHHHHHHHHHHHHHHCCCCCCCCECCCCHHHHHHHHHCCCCCHHHHHHHECCCCCCHHHHHHHHHHHHHCCCCCCEEHHHHHHHCCCCHHHHHHHHHCCCCCCCCCHHHEEECCECCCCCCCHHHHHHHHHHCCC
0 0 0 0 0 0 0 0 0 0 0 0 0 0 0 0 0 0 0 0 0 0 0 0 0 0 0 0 0 0 0 0 0 0 0 0 0 0 0 0 0 0 0 0 0 0 0 0 0 0 0 0 0 0 0 0 0 0 0 0 0 0 0 0 0 0 0 0 0 0 0 0 0 0 0 0 0 0 0 0 0 0 0 0 0 0 0 0 0 0 0 0 0 0 0 0 0 0 0 0 0 0 0 0 0 0 0 0 0 0 0 0 0 0 0 0 0 0 0 0 0 0 0 0 0 0 0 0 0 0 0 0 0 0 0 0 0 0 0 0 0 0 0 0 0 0 0 0 0 0 0 0 0 0 0 0 0 0 0 0 0 0 0 0 0 0 0 0 0 
0 0 0 0 0 0 0 0 0 0 0 0 0 0 0 0 0 0 0 0 0 0 0 0 0 0 0 0 0 0 0 0 0 0 0 0 0 0 0 0 0 0 0 0 0 0 0 0 0 0 0 0 0 0 0 0 0 0 0 0 0 0 0 0 0 0 0 0 0 0 0 0 0 0 0 0 0 0 0 0 0 0 0 0 0 0 0 0 0 0 0 0 0 0 0 0 0 0 0 0 0 0 0 0 0 0 0 0 0 0 0 0 0 0 0 0 0 0 0 0 0 0 0 0 0 0 0 0 0 0 0 0 0 0 0 0 0 0 0 0 0 0 0 0 0 0 0 0 0 0 0 0 0 0 0 0 0 0 0 0 0 0 0 0 0 0 0 0 0 
0 0.00615115 0.00398637 0.00412732 0.00436362 0.00624666 0.00884385 0.0257216 0.0140533 0.0101709 0.018423 0.0138346 0.0148058 0.0261278 0.127973 0.593256 0.263406 0.0314983 0.0268084 0.0246174 0.0304191 0.0292333 0.0214035 0.0469255 0.0199686 0.01124 0.00932723 0.0105302 0.00927691 0.00828897 0.0107851 0.00877439 
0.00615115 0 0.00400368 0.00393499 0.00403869 0.0043325 0.00937747 0.00778651 0.00883361 0.0111569 0.0114222 0.0123132 0.0177092 0.0771514 0.632049 0.21751 0.0185491 0.0194224 0.0354039 0.0297173 0.0250272 0.0251297 0.0462502 0.0208238 0.0121218 0.00906192 0.00917874 0.00895207 0.00888257 0.00842342 0.00905832 0.0082845 
0.00398637 0.00400368 0 0.00406206 0.00391323 0.00420614 0.00419852 0.00522329 0.00963581 0.0099986 0.0115501 0.0140605 0.0778331 0.662315 0.187504 0.0188143 0.0135581 0.013329 0.0187215 0.0236852 0.0259186 0.0372656 0.0191854 0.0143314 0.0104822 0.00879798 0.00859811 0.00880832 0.00901251 0.00842336 0.0084231 0.00823638 
0.00412732 0.00393499 0.00406206 0 0.00391226 0.00393994 0.00410143 0.00443594 0.00775469 0.00966964 0.0113737 0.052833 0.659532 0.152905 0.0236201 0.0155813 0.0116492 0.0133078 0.0131291 0.0184033 0.0241237 0.0374996 0.0147314 0.0123596 0.0095384 0.00837944 0.00834935 0.00863755 0.00856275 0.00847764 0.00838006 0.00818576 
0.00436362 0.00403869 0.00391323 0.00391226 0 0.00403371 0.00396807 0.00402259 0.00645427 0.0139824 0.0184885 0.705858 0.104273 0.0201329 0.0100897 0.0125972 0.0102835 0.0106103 0.0131494 0.0174742 0.0249712 0.0146078 0.0130036 0.0123294 0.00986247 0.00829794 0.00841566 0.00845469 0.00847398 0.00844398 0.00833595 0.00830804 
0.00624666 0.0043325 0.00420614 0.00393994 0.00403371 0 0.00386058 0.00400543 0.00872023 0.0159727 0.80635 0.0914731 0.0215981 0.010474 0.0145755 0.0103963 0.0129634 0.0115623 0.0133688 0.0233378 0.014903 0.0160598 0.0133224 0.0139929 0.0113361 0.00929403 0.00923108 0.0087674 0.00959361 0.00841073 0.00859073 0.00819495 
0.00884385 0.00937747 0.00419852 0.00410143 0.00396807 0.00386058 0 0.00397133 0.0156136 0.929952 0.0175678 0.0135024 0.00942002 0.0117621 0.00957603 0.0112722 0.00971034 0.0140596 0.0266631 0.0123582 0.0125872 0.0134939 0.0184699 0.0126757 0.0117134 0.00880382 0.00883289 0.00874305 0.00864326 0.00836714 0.00824015 0.00846721 
0.0257216 0.00778651 0.00522329 0.00443594 0.00402259 0.00400543 0.00397133 0 0.980191 0.0176542 0.0100501 0.00672491 0.00825632 0.00884902 0.00932733 0.00838403 0.0130625 0.0415859 0.0144057 0.0122455 0.0123081 0.0123778 0.0125615 0.0199351 0.0199599 0.0168386 0.0106457 0.00955449 0.012925 0.00833167 0.00917059 0.00962802 
0.0140533 0.00883361 0.00963581 0.00775469 0.00645427 0.00872023 0.0156136 0.980191 0 0.00431095 0.00401001 0.00416171 0.00430036 0.00505037 0.00681491 0.00991307 0.0231303 0.0116748 0.0104446 0.0102164 0.0114054 0.0121027 0.0187371 0.0535462 0.0208681 0.0109356 0.00970793 0.0100438 0.00882852 0.00833399 0.0108725 0.0092876 
0.0101709 0.0111569 0.0099986 0.00966964 0.0139824 0.0159727 0.929952 0.0176542 0.00431095 0 0.00393076 0.00391775 0.00391671 0.00416095 0.00531571 0.00972141 0.00901574 0.00831574 0.0101028 0.0112503 0.0129934 0.0157111 0.0391858 0.0311975 0.0127362 0.00861914 0.00865316 0.00860959 0.00859619 0.0085785 0.00882855 0.00837485 
0.018423 0.0114222 0.0115501 0.0113737 0.0184885 0.80635 0.0175678 0.0100501 0.00401001 0.00393076 0 0.00388053 0.00388908 0.00395418 0.00412495 0.00570325 0.00675481 0.010238 0.0111536 0.012368 0.013261 0.025445 0.0613876 0.236803 0.0111506 0.00929959 0.00864963 0.0089433 0.00949635 0.00852046 0.00878389 0.00826551 
0.0138346 0.0123132 0.0140605 0.052833 0.705858 0.0914731 0.0135024 0.00672491 0.00416171 0.00391775 0.00388053 0 0.00388447 0.00387231 0.00403041 0.00420482 0.00583987 0.00939895 0.0128651 0.015519 0.0216859 0.0878684 0.37375 0.192019 0.0102621 0.00888877 0.00874327 0.00891944 0.00970204 0.00879939 0.0089074 0.00823061 
0.0148058 0.0177092 0.0778331 0.659532 0.104273 0.0215981 0.00942002 0.00825632 0.00430036 0.00391671 0.00388908 0.00388447 0 0.00388525 0.00388962 0.00396262 0.0043443 0.0101991 0.0166796 0.0279476 0.124733 0.388086 0.304017 0.0193848 0.0106034 0.00936217 0.00874867 0.00924962 0.00970975 0.00885088 0.00883835 0.00819854 
0.0261278 0.0771514 0.662315 0.152905 0.0201329 0.010474 0.0117621 0.00884902 0.00505037 0.00416095 0.00395418 0.00387231 0.00388525 0 0.00388293 0.00392754 0.00398165 0.00973652 0.0221386 0.0994499 0.402771 0.306939 0.0215592 0.0166806 0.0108203 0.00917482 0.00895616 0.00891436 0.0100133 0.00884148 0.00902921 0.00818106 
0.127973 0.632049 0.187504 0.0236201 0.0100897 0.0145755 0.00957603 0.00932733 0.00681491 0.00531571 0.00412495 0.00403041 0.00388962 0.00388293 0 0.00389026 0.00391457 0.0146167 0.0718128 0.455697 0.299471 0.0216697 0.0206879 0.0141648 0.0106396 0.00922981 0.00879459 0.00903964 0.0100124 0.00886427 0.00884091 0.00817403 
0.593256 0.21751 0.0188143 0.0155813 0.0125972 0.0103963 0.0112722 0.00838403 0.00991307 0.00972141 0.00570325 0.00420482 0.00396262 0.00392754 0.00389026 0 0.00404085 0.0622017 0.671769 0.199526 0.0175116 0.0117972 0.012797 0.0141045 0.0139176 0.010755 0.00969478 0.00930898 0.0094895 0.0086442 0.00861169 0.00845671 
0.263406 0.0185491 0.0135581 0.0116492 0.0102835 0.0129634 0.00971034 0.0130625 0.0231303 0.00901574 0.00675481 0.00583987 0.0043443 0.00398165 0.00391457 0.00404085 0 0.894799 0.0341581 0.00819736 0.00910844 0.00893627 0.0101619 0.0151061 0.0215703 0.0189895 0.0118998 0.00988105 0.0134417 0.00843733 0.00925345 0.00957484 
0.0314983 0.0194224 0.013329 0.0133078 0.0106103 0.0115623 0.0140596 0.0415859 0.0116748 0.00831574 0.010238 0.00939895 0.0101991 0.00973652 0.0146167 0.0622017 0.894799 0 0.00417438 0.00393122 0.00410872 0.0044322 0.00643678 0.0135059 0.0450694 0.0143736 0.0112774 0.0132701 0.00988337 0.00863623 0.0125882 0.00921389 
0.0268084 0.0354039 0.0187215 0.0131291 0.0131494 0.0133688 0.0266631 0.0144057 0.0104446 0.0101028 0.0111536 0.0128651 0.0166796 0.0221386 0.0718128 0.671769 0.0341581 0.00417438 0 0.00394923 0.00393127 0.00397876 0.00452718 0.00759396 0.018303 0.0103635 0.0100977 0.00980944 0.0100912 0.0091967 0.0094324 0.00826246 
0.0246174 0.0297173 0.0236852 0.0184033 0.0174742 0.0233378 0.0123582 0.0122455 0.0102164 0.0112503 0.012368 0.015519 0.0279476 0.0994499 0.455697 0.199526 0.00819736 0.00393122 0.00394923 0 0.0038979 0.00388988 0.00395189 0.00452368 0.014007 0.00953232 0.00889534 0.00915271 0.00996777 0.00894104 0.0089658 0.00821273 
0.0304191 0.0250272 0.0259186 0.0241237 0.0249712 0.014903 0.0125872 0.0123081 0.0114054 0.0129934 0.013261 0.0216859 0.124733 0.402771 0.299471 0.0175116 0.00910844 0.00410872 0.00393127 0.0038979 0 0.00386687 0.00388033 0.00397204 0.0136852 0.00961629 0.00926478 0.00928786 0.0104549 0.00904987 0.00927224 0.00821236 
0.0292333 0.0251297 0.0372656 0.0374996 0.0146078 0.0160598 0.0134939 0.0123778 0.0121027 0.0157111 0.025445 0.0878684 0.388086 0.306939 0.0216697 0.0117972 0.00893627 0.0044322 0.00397876 0.00388988 0.00386687 0 0.00386911 0.00392107 0.0127814 0.00970509 0.00905822 0.00892437 0.0107386 0.00911105 0.00916119 0.00819216 
0.0214035 0.0462502 0.0191854 0.0147314 0.0130036 0.0133224 0.0184699 0.0125615 0.0187371 0.0391858 0.0613876 0.37375 0.304017 0.0215592 0.0206879 0.012797 0.0101619 0.00643678 0.00452718 0.00395189 0.00388033 0.00386911 0 0.00391277 0.0189551 0.0130317 0.0109966 0.0101799 0.0110797 0.00963073 0.00917121 0.00831602 
0.0469255 0.0208238 0.0143314 0.0123596 0.0123294 0.0139929 0.0126757 0.0199351 0.0535462 0.0311975 0.236803 0.192019 0.0193848 0.0166806 0.0141648 0.0141045 0.0151061 0.0135059 0.00759396 0.00452368 0.00397204 0.00392107 0.00391277 0 0.0502656 0.017847 0.0146383 0.0109335 0.015166 0.00898066 0.00982646 0.00970028 
0.0199686 0.0121218 0.0104822 0.0095384 0.00986247 0.0113361 0.0117134 0.0199599 0.0208681 0.0127362 0.0111506 0.0102621 0.0106034 0.0108203 0.0106396 0.0139176 0.0215703 0.0450694 0.018303 0.014007 0.0136852 0.0127814 0.0189551 0.0502656 0 0.147685 0.0181636 0.0177455 0.0116515 0.00871214 0.0104103 0.0147166 
0.01124 0.00906192 0.00879798 0.00837944 0.00829794 0.00929403 0.00880382 0.0168386 0.0109356 0.00861914 0.00929959 0.00888877 0.00936217 0.00917482 0.00922981 0.010755 0.0189895 0.0143736 0.0103635 0.00953232 0.00961629 0.00970509 0.0130317 0.017847 0.147685 0 0.0747623 0.0297933 0.0150278 0.0110173 0.01355 0.0153758 
0.00932723 0.00917874 0.00859811 0.00834935 0.00841566 0.00923108 0.00883289 0.0106457 0.00970793 0.00865316 0.00864963 0.00874327 0.00874867 0.00895616 0.00879459 0.00969478 0.0118998 0.0112774 0.0100977 0.00889534 0.00926478 0.00905822 0.0109966 0.0146383 0.0181636 0.0747623 0 0.00473553 0.0582875 0.0271802 0.0222295 0.0179047 
0.0105302 0.00895207 0.00880832 0.00863755 0.00845469 0.0087674 0.00874305 0.00955449 0.0100438 0.00860959 0.0089433 0.00891944 0.00924962 0.00891436 0.00903964 0.00930898 0.00988105 0.0132701 0.00980944 0.00915271 0.00928786 0.00892437 0.0101799 0.0109335 0.0177455 0.0297933 0.00473553 0 0.0183052 0.0718293 0.038057 0.0184773 
0.00927691 0.00888257 0.00901251 0.00856275 0.00847398 0.00959361 0.00864326 0.012925 0.00882852 0.00859619 0.00949635 0.00970204 0.00970975 0.0100133 0.0100124 0.0094895 0.0134417 0.00988337 0.0100912 0.00996777 0.0104549 0.0107386 0.0110797 0.015166 0.0116515 0.0150278 0.0582875 0.0183052 0 0.0038235 0.00407125 0.004251 
0.00828897 0.00842342 0.00842336 0.00847764 0.00844398 0.00841073 0.00836714 0.00833167 0.00833399 0.0085785 0.00852046 0.00879939 0.00885088 0.00884148 0.00886427 0.0086442 0.00843733 0.00863623 0.0091967 0.00894104 0.00904987 0.00911105 0.00963073 0.00898066 0.00871214 0.0110173 0.0271802 0.0718293 0.0038235 0 0.00394985 0.0158927 
0.0107851 0.00905832 0.0084231 0.00838006 0.00833595 0.00859073 0.00824015 0.00917059 0.0108725 0.00882855 0.00878389 0.0089074 0.00883835 0.00902921 0.00884091 0.00861169 0.00925345 0.0125882 0.0094324 0.0089658 0.00927224 0.00916119 0.00917121 0.00982646 0.0104103 0.01355 0.0222295 0.038057 0.00407125 0.00394985 0 0.311618 
0.00877439 0.0082845 0.00823638 0.00818576 0.00830804 0.00819495 0.00846721 0.00962802 0.0092876 0.00837485 0.00826551 0.00823061 0.00819854 0.00818106 0.00817403 0.00845671 0.00957484 0.00921389 0.00826246 0.00821273 0.00821236 0.00819216 0.00831602 0.00970028 0.0147166 0.0153758 0.0179047 0.0184773 0.004251 0.0158927 0.311618 0 
