1MOGA
VFKKVLLTGTSEESFTAAADDAIDRAEDTLDNVVWAEVVDQGVEIGAVEERTYQTEVQVAFELDGSQ
CEEEEEEEEEECCCHHHHHHHHHHHHHHHCCCEEEEEEEEEEEECCCCCCCEEEEEEEEEEECCCCC
0 0 0 0 0 0 0 0 0 0 0 0 0 0 0 0 0 0 0 0 0 0 0 0 0 0 0 0 0 0 0 0 0 0 0 0 0 0 0 0 0 0 0 0 0 0 0 0 0 0 0 0 0 0 0 0 0 0 0 0 0 0 0 0 0 0 0 
0 0 0 0 0 0 0 0 0 0 0 0 0 0 0 0 0 0 0 0 0 0 0 0 0 0 0 0 0 0 0 0 0 0 0 0 0 0 0 0 0 0 0 0 0 0 0 0 0 0 0 0 0 0 0 0 0 0 0 0 0 0 0 0 0 0 0 
0 0.00490831 0.00389522 0.00634485 0.00413327 0.00504359 0.00446925 0.00595835 0.00830818 0.0461691 0.0797765 0.0175129 0.0128049 0.0155226 0.0140608 0.0112838 0.0113812 0.0101776 0.0102471 0.0111625 0.0112994 0.0220126 0.0179023 0.0117172 0.0102417 0.0118669 0.0125901 0.0140262 0.0134652 0.0141431 0.014658 0.0119801 0.0466569 
0.00490831 0 0.00498896 0.00386044 0.00404241 0.00394058 0.00436802 0.00449607 0.00963881 0.00632491 0.0136255 0.0140318 0.00911264 0.00974388 0.00930642 0.00934074 0.00875533 0.00869786 0.00863268 0.00870906 0.0104948 0.0093226 0.00996249 0.00952641 0.00896253 0.00993971 0.00981717 0.0115286 0.010587 0.0118339 0.0106492 0.0242174 0.00943377 
0.00389522 0.00498896 0 0.00400644 0.00384486 0.00399228 0.00397306 0.0059017 0.00573722 0.00436795 0.0121775 0.0102883 0.0155252 0.00962766 0.0106659 0.00975419 0.00923306 0.00916597 0.00898685 0.0133037 0.00859162 0.00911348 0.0096484 0.00911112 0.0101972 0.00982101 0.0130439 0.0104308 0.0150725 0.0116076 0.06627 0.00948719 0.00900727 
0.00634485 0.00386044 0.00400644 0 0.00390762 0.00384033 0.00428059 0.00415306 0.00389438 0.00421718 0.0192201 0.0105273 0.0102549 0.0129693 0.0098475 0.011181 0.00957 0.00962207 0.0131706 0.00915664 0.00961466 0.00882668 0.00987766 0.0103831 0.00906572 0.0133956 0.00954373 0.0224113 0.0104005 0.0561451 0.0104751 0.0115726 0.00881563 
0.00413327 0.00404241 0.00384486 0.00390762 0 0.00400159 0.00379579 0.00384168 0.00396667 0.00393483 0.00978859 0.0158344 0.0132254 0.00956257 0.0168738 0.0106503 0.0115186 0.0142412 0.00912488 0.0103028 0.00898417 0.0106759 0.00948476 0.00912912 0.0139732 0.00908102 0.0330702 0.00929516 0.0765362 0.00972235 0.0324822 0.00935924 0.0102403 
0.00504359 0.00394058 0.00399228 0.00384033 0.00400159 0 0.00376185 0.00376866 0.00377688 0.00401782 0.0142332 0.00964635 0.0154011 0.0130968 0.00915852 0.0218786 0.0113482 0.00893622 0.0103763 0.00864988 0.00975521 0.0086869 0.00881099 0.00964275 0.0088958 0.021057 0.00922466 0.0716342 0.00959458 0.0471711 0.00971601 0.0198346 0.00880128 
0.00446925 0.00436802 0.00397306 0.00428059 0.00379579 0.00376185 0 0.00380624 0.00386543 0.00385096 0.00898661 0.0144316 0.0133436 0.00968846 0.0222333 0.010366 0.0095396 0.00972315 0.00874423 0.0095916 0.00853553 0.0112981 0.00933448 0.00860247 0.0144173 0.0086902 0.0619519 0.00867413 0.0408991 0.00893784 0.039852 0.00873218 0.0119961 
0.00595835 0.00449607 0.0059017 0.00415306 0.00384168 0.00376866 0.00380624 0 0.00378702 0.00383433 0.0213894 0.00887764 0.0147349 0.0213861 0.0092997 0.0140168 0.00926327 0.00877212 0.00913244 0.00878767 0.0106859 0.00876685 0.00933994 0.0111619 0.00888893 0.0329885 0.00866113 0.037593 0.00904065 0.0374543 0.00893547 0.0203815 0.00865753 
0.00830818 0.00963881 0.00573722 0.00389438 0.00396667 0.00377688 0.00386543 0.00378702 0 0.00451263 0.00947646 0.0158947 0.0110752 0.0134757 0.0133735 0.00867054 0.00907212 0.00865448 0.00834678 0.00922062 0.00903423 0.0109956 0.0104977 0.00948614 0.0231813 0.00860531 0.0133964 0.00841424 0.0189477 0.00873214 0.0147357 0.00940685 0.0124346 
0.0461691 0.00632491 0.00436795 0.00421718 0.00393483 0.00401782 0.00385096 0.00383433 0.00451263 0 0.0264922 0.00935302 0.0122598 0.0135635 0.00855027 0.00954141 0.00835027 0.00855001 0.00829817 0.00857803 0.00902255 0.0121578 0.0162154 0.0208862 0.00858195 0.00961754 0.00844708 0.0102514 0.0084262 0.00970408 0.00851376 0.0101399 0.00995413 
0.0797765 0.0136255 0.0121775 0.0192201 0.00978859 0.0142332 0.00898661 0.0213894 0.00947646 0.0264922 0 0.00414874 0.00379599 0.00395763 0.00409162 0.00405998 0.00407885 0.00413574 0.00433461 0.00578807 0.00604873 0.0143364 0.00917531 0.00880057 0.00801003 0.011327 0.00845257 0.0132941 0.00862757 0.0140541 0.00966437 0.0845863 0.0948057 
0.0175129 0.0140318 0.0102883 0.0105273 0.0158344 0.00964635 0.0144316 0.00887764 0.0158947 0.00935302 0.00414874 0 0.00376713 0.00378427 0.00373811 0.00383361 0.00402038 0.00400417 0.00437755 0.00455475 0.0091088 0.00712515 0.00797744 0.00839219 0.00923741 0.00872932 0.0126903 0.00871707 0.0162486 0.0105255 0.0349549 0.110765 0.0271346 
0.0128049 0.00911264 0.0155252 0.0102549 0.0132254 0.0154011 0.0133436 0.0147349 0.0110752 0.0122598 0.00379599 0.00376713 0 0.00375509 0.00374502 0.00416626 0.00376018 0.00390166 0.00393085 0.00561215 0.00441111 0.00565067 0.00750128 0.00849984 0.00913851 0.00938875 0.00938355 0.00924704 0.0180807 0.0133083 0.421779 0.0272258 0.0110314 
0.0155226 0.00974388 0.00962766 0.0129693 0.00956257 0.0130968 0.00968846 0.0213861 0.0134757 0.0135635 0.00395763 0.00378427 0.00375509 0 0.00375612 0.00374618 0.00383201 0.00383602 0.00446725 0.00390736 0.00449597 0.00459191 0.00805392 0.0103922 0.00789789 0.0111979 0.00768929 0.0211347 0.00870974 0.559836 0.0231244 0.013253 0.0108923 
0.0140608 0.00930642 0.0106659 0.0098475 0.0168738 0.00915852 0.0222333 0.0092997 0.0133735 0.00855027 0.00409162 0.00373811 0.00374502 0.00375612 0 0.00373996 0.0037674 0.00397749 0.00384997 0.00572246 0.00394427 0.00476334 0.00751012 0.00831945 0.00894241 0.007895 0.0150362 0.00847987 0.582014 0.0289815 0.0268663 0.00858596 0.0112112 
0.0112838 0.00934074 0.00975419 0.011181 0.0106503 0.0218786 0.010366 0.0140168 0.00867054 0.00954141 0.00405998 0.00383361 0.00416626 0.00374618 0.00373996 0 0.00379581 0.0037616 0.00390546 0.00386396 0.0048308 0.00445688 0.00687675 0.00862083 0.00756178 0.0114625 0.00882609 0.518818 0.0436725 0.0223457 0.00937553 0.0121697 0.00920142 
0.0113812 0.00875533 0.00923306 0.00957 0.0115186 0.0113482 0.0095396 0.00926327 0.00907212 0.00835027 0.00407885 0.00402038 0.00376018 0.00383201 0.0037674 0.00379581 0 0.00374789 0.00376961 0.00385653 0.00387522 0.00402525 0.00636176 0.00722479 0.00747606 0.00882276 0.0583009 0.132118 0.0112569 0.0100663 0.0095846 0.00886305 0.00856665 
0.0101776 0.00869786 0.00916597 0.00962207 0.0142412 0.00893622 0.00972315 0.00877212 0.00865448 0.00855001 0.00413574 0.00400417 0.00390166 0.00383602 0.00397749 0.0037616 0.00374789 0 0.00377718 0.00376704 0.00394887 0.00391207 0.0065874 0.0076616 0.00824864 0.0227242 0.684777 0.00822542 0.00996355 0.00910834 0.0129876 0.00829849 0.0084427 
0.0102471 0.00863268 0.00898685 0.0131706 0.00912488 0.0103763 0.00874423 0.00913244 0.00834678 0.00829817 0.00433461 0.00437755 0.00393085 0.00446725 0.00384997 0.00390546 0.00376961 0.00377718 0 0.00371801 0.00374891 0.00391202 0.00585695 0.008533 0.0122239 0.806256 0.00745566 0.00851869 0.00801258 0.00997719 0.00813834 0.00815042 0.00796728 
0.0111625 0.00870906 0.0133037 0.00915664 0.0103028 0.00864988 0.0095916 0.00878767 0.00922062 0.00857803 0.00578807 0.00455475 0.00561215 0.00390736 0.00572246 0.00386396 0.00385653 0.00376704 0.00371801 0 0.00405105 0.00377589 0.00637707 0.0128191 0.853471 0.0128328 0.00920919 0.00808947 0.00934863 0.00812398 0.00940032 0.00813155 0.00943728 
0.0112994 0.0104948 0.00859162 0.00961466 0.00898417 0.00975521 0.00853553 0.0106859 0.00903423 0.00902255 0.00604873 0.0091088 0.00441111 0.00449597 0.00394427 0.0048308 0.00387522 0.00394887 0.00374891 0.00405105 0 0.00386566 0.00756777 0.939955 0.00679387 0.00707296 0.00656764 0.0101523 0.00750626 0.0200172 0.00762916 0.0124782 0.00791433 
0.0220126 0.0093226 0.00911348 0.00882668 0.0106759 0.0086869 0.0112981 0.00876685 0.0109956 0.0121578 0.0143364 0.00712515 0.00565067 0.00459191 0.00476334 0.00445688 0.00402525 0.00391207 0.00391202 0.00377589 0.00386566 0 0.922215 0.00755512 0.00709554 0.00649844 0.00837182 0.00708383 0.014223 0.0075929 0.00966819 0.00907511 0.0166771 
0.0179023 0.00996249 0.0096484 0.00987766 0.00948476 0.00881099 0.00933448 0.00933994 0.0104977 0.0162154 0.00917531 0.00797744 0.00750128 0.00805392 0.00751012 0.00687675 0.00636176 0.0065874 0.00585695 0.00637707 0.00756777 0.922215 0 0.00397923 0.00378371 0.00408338 0.00393275 0.00407689 0.00428007 0.00434368 0.00522617 0.00569931 0.0182304 
0.0117172 0.00952641 0.00911112 0.0103831 0.00912912 0.00964275 0.00860247 0.0111619 0.00948614 0.0208862 0.00880057 0.00839219 0.00849984 0.0103922 0.00831945 0.00862083 0.00722479 0.0076616 0.008533 0.0128191 0.939955 0.00755512 0.00397923 0 0.00380086 0.00381559 0.00376167 0.00398887 0.0038611 0.00427152 0.00422715 0.0153605 0.00597419 
0.0102417 0.00896253 0.0101972 0.00906572 0.0139732 0.0088958 0.0144173 0.00888893 0.0231813 0.00858195 0.00801003 0.00923741 0.00913851 0.00789789 0.00894241 0.00756178 0.00747606 0.00824864 0.0122239 0.853471 0.00679387 0.00709554 0.00378371 0.00380086 0 0.00369081 0.00378137 0.00377533 0.00399857 0.00383171 0.00917642 0.00455852 0.00850898 
0.0118669 0.00993971 0.00982101 0.0133956 0.00908102 0.021057 0.0086902 0.0329885 0.00860531 0.00961754 0.011327 0.00872932 0.00938875 0.0111979 0.007895 0.0114625 0.00882276 0.0227242 0.806256 0.0128328 0.00707296 0.00649844 0.00408338 0.00381559 0.00369081 0 0.00376472 0.00389681 0.00378432 0.00539092 0.00388436 0.00456358 0.00407759 
0.0125901 0.00981717 0.0130439 0.00954373 0.0330702 0.00922466 0.0619519 0.00866113 0.0133964 0.00844708 0.00845257 0.0126903 0.00938355 0.00768929 0.0150362 0.00882609 0.0583009 0.684777 0.00745566 0.00920919 0.00656764 0.00837182 0.00393275 0.00376167 0.00378137 0.00376472 0 0.00395546 0.00381636 0.00379601 0.00383052 0.00381012 0.00460169 
0.0140262 0.0115286 0.0104308 0.0224113 0.00929516 0.0716342 0.00867413 0.037593 0.00841424 0.0102514 0.0132941 0.00871707 0.00924704 0.0211347 0.00847987 0.518818 0.132118 0.00822542 0.00851869 0.00808947 0.0101523 0.00708383 0.00407689 0.00398887 0.00377533 0.00389681 0.00395546 0 0.00374773 0.00386146 0.00377867 0.00399647 0.00388053 
0.0134652 0.010587 0.0150725 0.0104005 0.0765362 0.00959458 0.0408991 0.00904065 0.0189477 0.0084262 0.00862757 0.0162486 0.0180807 0.00870974 0.582014 0.0436725 0.0112569 0.00996355 0.00801258 0.00934863 0.00750626 0.014223 0.00428007 0.0038611 0.00399857 0.00378432 0.00381636 0.00374773 0 0.00374795 0.00383794 0.00382354 0.00420635 
0.0141431 0.0118339 0.0116076 0.0561451 0.00972235 0.0471711 0.00893784 0.0374543 0.00873214 0.00970408 0.0140541 0.0105255 0.0133083 0.559836 0.0289815 0.0223457 0.0100663 0.00910834 0.00997719 0.00812398 0.0200172 0.0075929 0.00434368 0.00427152 0.00383171 0.00539092 0.00379601 0.00386146 0.00374795 0 0.00377243 0.00385398 0.00377053 
0.014658 0.0106492 0.06627 0.0104751 0.0324822 0.00971601 0.039852 0.00893547 0.0147357 0.00851376 0.00966437 0.0349549 0.421779 0.0231244 0.0268663 0.00937553 0.0095846 0.0129876 0.00813834 0.00940032 0.00762916 0.00966819 0.00522617 0.00422715 0.00917642 0.00388436 0.00383052 0.00377867 0.00383794 0.00377243 0 0.0037576 0.00376165 
0.0119801 0.0242174 0.00948719 0.0115726 0.00935924 0.0198346 0.00873218 0.0203815 0.00940685 0.0101399 0.0845863 0.110765 0.0272258 0.013253 0.00858596 0.0121697 0.00886305 0.00829849 0.00815042 0.00813155 0.0124782 0.00907511 0.00569931 0.0153605 0.00455852 0.00456358 0.00381012 0.00399647 0.00382354 0.00385398 0.0037576 0 0.00376758 
0.0466569 0.00943377 0.00900727 0.00881563 0.0102403 0.00880128 0.0119961 0.00865753 0.0124346 0.00995413 0.0948057 0.0271346 0.0110314 0.0108923 0.0112112 0.00920142 0.00856665 0.0084427 0.00796728 0.00943728 0.00791433 0.0166771 0.0182304 0.00597419 0.00850898 0.00407759 0.00460169 0.00388053 0.00420635 0.00377053 0.00376165 0.00376758 0 
