1NO5B
FAQLDIKSEELAIVKTILQQLVPDYTVWAFGSRVKGKAKKYSDLDLAIISEEPLDFLARDRLKEAFSESDLPWRVDLLDWATTSEDFREIIRKVYVVIQEKE
CCCCCCCHHHHHHHHHHHHHHCCCCEEEEECCCCCCCCCCCCCEEEEEECCCCCCHHHHHHHHHHHHHCCCCCCEEEEEHHHCCHHHHHHHHHCCEEEECCC
0 0 0 0 0 0 0 0 0 0 0 0 0 0 0 0 0 0 0 0 0 0 0 0 0 0 0 0 0 0 0 0 0 0 0 0 0 0 0 0 0 0 0 0 0 0 0 0 0 0 0 0 0 0 0 0 0 0 0 0 0 0 0 0 0 0 0 0 0 0 0 0 0 0 0 0 0 0 0 0 0 0 0 0 0 0 0 0 0 0 0 0 0 0 0 0 0 0 0 0 0 0 
0 0 0 0 0 0 0 0 0 0 0 0 0 0 0 0 0 0 0 0 0 0 0 0 0 0 0 0 0 0 0 0 0 0 0 0 0 0 0 0 0 0 0 0 0 0 0 0 0 0 0 0 0 0 0 0 0 0 0 0 0 0 0 0 0 0 0 0 0 0 0 0 0 0 0 0 0 0 0 0 0 0 0 0 0 0 0 0 0 0 0 0 0 0 0 0 0 0 0 0 0 0 
0 0.00385128 0.00382774 0.00383006 0.00442635 0.0207444 0.0148942 0.009738 0.0166298 0.014233 0.292473 0.0205038 0.0126646 0.0102727 0.0103458 0.0171554 0.0121771 0.0101582 0.0100727 0.0128997 
0.00385128 0 0.00377296 0.00378126 0.00386655 0.0242827 0.0149181 0.064118 0.0213434 0.439852 0.0122731 0.026135 0.0209446 0.041744 0.0231769 0.0107667 0.0177942 0.0143481 0.0201495 0.0102639 
0.00382774 0.00377296 0 0.0037769 0.00378543 0.0175405 0.0790008 0.0372854 0.653093 0.0338124 0.0168624 0.0118556 0.033057 0.0754397 0.0228202 0.0156796 0.0118419 0.0394101 0.0200978 0.0090654 
0.00383006 0.00378126 0.0037769 0 0.00396376 0.0138466 0.0364694 0.394153 0.0308717 0.156899 0.0172334 0.0108257 0.016479 0.0195164 0.0614608 0.0152335 0.0114951 0.0139684 0.0241918 0.00928128 
0.00442635 0.00386655 0.00378543 0.00396376 0 0.0435842 0.211966 0.0143029 0.02732 0.0239933 0.0909737 0.0175663 0.00943551 0.0102596 0.0119351 0.0239649 0.0197711 0.00906704 0.00967503 0.0113038 
0.0207444 0.0242827 0.0175405 0.0138466 0.0435842 0 0.00381623 0.00376887 0.00380505 0.00387571 0.00474559 0.438367 0.0151078 0.0209128 0.0122579 0.0205541 0.0355583 0.010381 0.0128297 0.0196424 
0.0148942 0.0149181 0.0790008 0.0364694 0.211966 0.00381623 0 0.00378455 0.00377971 0.00379448 0.00384482 0.0429648 0.509853 0.0151573 0.0243432 0.0136763 0.0102633 0.0510191 0.0136997 0.0107321 
0.009738 0.064118 0.0372854 0.394153 0.0143029 0.00376887 0.00378455 0 0.00377214 0.00377161 0.00380168 0.179812 0.0344263 0.517608 0.0218353 0.0128437 0.031664 0.0158317 0.0362711 0.0111599 
0.0166298 0.0213434 0.653093 0.0308717 0.02732 0.00380505 0.00377971 0.00377214 0 0.00384591 0.00379893 0.0295593 0.225124 0.128777 0.263468 0.0214965 0.0177101 0.0826945 0.0265672 0.0124357 
0.014233 0.439852 0.0338124 0.156899 0.0239933 0.00387571 0.00379448 0.00377161 0.00384591 0 0.00387931 0.0260774 0.0301708 0.12393 0.199298 0.257507 0.0163648 0.0250715 0.115732 0.0117466 
0.292473 0.0122731 0.0168624 0.0172334 0.0909737 0.00474559 0.00384482 0.00380168 0.00379893 0.00387931 0 0.0183628 0.014205 0.0244454 0.0972073 0.129079 0.0385811 0.0118825 0.0145514 0.0233189 
0.0205038 0.026135 0.0118556 0.0108257 0.0175663 0.438367 0.0429648 0.179812 0.0295593 0.0260774 0.0183628 0 0.00528217 0.00386019 0.00388357 0.00388324 0.162317 0.0103863 0.0188405 0.0424141 
0.0126646 0.0209446 0.033057 0.016479 0.00943551 0.0151078 0.509853 0.0344263 0.225124 0.0301708 0.014205 0.00528217 0 0.00375974 0.00374822 0.00381631 0.0156341 0.131078 0.016744 0.010989 
0.0102727 0.041744 0.0754397 0.0195164 0.0102596 0.0209128 0.0151573 0.517608 0.128777 0.12393 0.0244454 0.00386019 0.00375974 0 0.00381103 0.00375001 0.0493861 0.0304352 0.0488531 0.0127789 
0.0103458 0.0231769 0.0228202 0.0614608 0.0119351 0.0122579 0.0243432 0.0218353 0.263468 0.199298 0.0972073 0.00388357 0.00374822 0.00381103 0 0.0037591 0.0172873 0.0266603 0.0791141 0.0140944 
0.0171554 0.0107667 0.0156796 0.0152335 0.0239649 0.0205541 0.0136763 0.0128437 0.0214965 0.257507 0.129079 0.00388324 0.00381631 0.00375001 0.0037591 0 0.0126636 0.01257 0.0230743 0.0777159 
0.0121771 0.0177942 0.0118419 0.0114951 0.0197711 0.0355583 0.0102633 0.031664 0.0177101 0.0163648 0.0385811 0.162317 0.0156341 0.0493861 0.0172873 0.0126636 0 0.00390706 0.00458067 0.00936155 
0.0101582 0.0143481 0.0394101 0.0139684 0.00906704 0.010381 0.0510191 0.0158317 0.0826945 0.0250715 0.0118825 0.0103863 0.131078 0.0304352 0.0266603 0.01257 0.00390706 0 0.004519 0.00393764 
0.0100727 0.0201495 0.0200978 0.0241918 0.00967503 0.0128297 0.0136997 0.0362711 0.0265672 0.115732 0.0145514 0.0188405 0.016744 0.0488531 0.0791141 0.0230743 0.00458067 0.004519 0 0.00386693 
0.0128997 0.0102639 0.0090654 0.00928128 0.0113038 0.0196424 0.0107321 0.0111599 0.0124357 0.0117466 0.0233189 0.0424141 0.010989 0.0127789 0.0140944 0.0777159 0.00936155 0.00393764 0.00386693 0 
