1O4VA
PRVGIIMGSDSDLPVMKQAAEILEEFGIDYEITIVSAHRTPDRMFEYAKNAEERGIEVIIAGAGGAAHLPGMVASITHLPVIGVPVKTSTLNGLDSLFSIVQMPGGVPVATVAINNAKNAGILAASILGIKYPEIARKVKEYKERMKREVLEKAQRLEQIGYKEYLNQK
CEEEEEECCHHHHHHHHHHHHHHHHCCCEEEEEECCCCCCHHHHHHHHHHCCCCCCCEEEEEEECCCCHHHHHHHHCCCCEEEEEECCCCCCCHHHHHHHHCCCCCCCCEECCCCCHHHHHHHHHHHHHCCCHHHHHHHHHHHHHHHHHHHHHHHHHHHHHHHHHHHHC
0 0 0 0 0 0 0 0 0 0 0 0 0 0 0 0 0 0 0 0 0 0 0 0 0 0 0 0 0 0 0 0 0 0 0 0 0 0 0 0 0 0 0 0 0 0 0 0 0 0 0 0 0 0 0 0 0 0 0 0 0 0 0 0 0 0 0 0 0 0 0 0 0 0 0 0 0 0 0 0 0 0 0 0 0 0 0 0 0 0 0 0 0 0 0 0 0 0 0 0 0 0 0 0 0 0 0 0 0 0 0 0 0 0 0 0 0 0 0 0 0 0 0 0 0 0 0 0 0 0 0 0 0 0 0 0 0 0 0 0 0 0 0 0 0 0 0 0 0 0 0 0 0 0 0 0 0 0 0 0 0 0 0 0 0 0 0 0 0 
0 0 0 0 0 0 0 0 0 0 0 0 0 0 0 0 0 0 0 0 0 0 0 0 0 0 0 0 0 0 0 0 0 0 0 0 0 0 0 0 0 0 0 0 0 0 0 0 0 0 0 0 0 0 0 0 0 0 0 0 0 0 0 0 0 0 0 0 0 0 0 0 0 0 0 0 0 0 0 0 0 0 0 0 0 0 0 0 0 0 0 0 0 0 0 0 0 0 0 0 0 0 0 0 0 0 0 0 0 0 0 0 0 0 0 0 0 0 0 0 0 0 0 0 0 0 0 0 0 0 0 0 0 0 0 0 0 0 0 0 0 0 0 0 0 0 0 0 0 0 0 0 0 0 0 0 0 0 0 0 0 0 0 0 0 0 0 0 0 
0 0.00442514 0.00386727 0.00382842 0.00392831 0.00429055 0.708365 0.0124881 0.0260914 0.0100283 0.023609 0.024375 0.0548039 0.0334253 0.0275901 0.0188441 0.0165319 0.00939824 0.0162204 0.0163229 0.0166914 0.0146743 0.0110401 0.0100017 0.0107062 0.00890453 0.00973892 
0.00442514 0 0.00389973 0.00384705 0.00393172 0.00387449 0.0146992 0.724235 0.0102723 0.04589 0.0125113 0.0168577 0.162488 0.0781985 0.0564925 0.0291245 0.015799 0.0295828 0.00893345 0.0365066 0.0361796 0.0234919 0.0234947 0.0105 0.0119223 0.00872065 0.00854029 
0.00386727 0.00389973 0 0.00395647 0.00378956 0.00378706 0.0444762 0.0142257 0.553043 0.0139942 0.0435221 0.0131903 0.0369709 0.278092 0.110547 0.0954508 0.0840225 0.0128277 0.0122376 0.0177993 0.0460205 0.0954638 0.0363299 0.0171467 0.00973042 0.00873379 0.00879626 
0.00382842 0.00384705 0.00395647 0 0.00380978 0.00377676 0.0116856 0.0744456 0.0200905 0.529679 0.0162635 0.0239421 0.042434 0.105265 0.391462 0.132485 0.0961486 0.0225665 0.0101312 0.0159569 0.0431231 0.109223 0.0687167 0.0142995 0.0110551 0.00861677 0.00853586 
0.00392831 0.00393172 0.00378956 0.00380978 0 0.00396532 0.0139827 0.0153776 0.0344216 0.0122845 0.610336 0.0259514 0.0227174 0.055884 0.0849105 0.173834 0.0347468 0.0551803 0.0123595 0.0144296 0.0208538 0.0406672 0.0219583 0.0204996 0.0118355 0.00886719 0.0090423 
0.00429055 0.00387449 0.00378706 0.00377676 0.00396532 0 0.0173095 0.0120832 0.0138799 0.0142347 0.0179543 0.691858 0.0261938 0.0152941 0.030899 0.0228942 0.0303745 0.0182916 0.0287556 0.0186279 0.0124074 0.0164942 0.0109845 0.0108772 0.0229444 0.00958674 0.00952991 
0.708365 0.0146992 0.0444762 0.0116856 0.0139827 0.0173095 0 0.00428725 0.00389669 0.00379792 0.00488729 0.00541664 0.0243204 0.0117709 0.00978195 0.00961555 0.00906667 0.00920701 0.018176 0.0100399 0.00889939 0.00932651 0.00842986 0.00988783 0.0100285 0.00849786 0.0113387 
0.0124881 0.724235 0.0142257 0.0744456 0.0153776 0.0120832 0.00428725 0 0.00376991 0.00377498 0.00387281 0.00385344 0.0426609 0.0218614 0.0157592 0.0116896 0.00945272 0.0152973 0.00835572 0.011607 0.0129628 0.0094374 0.0120395 0.00865889 0.00989961 0.00843555 0.00837848 
0.0260914 0.0102723 0.553043 0.0200905 0.0344216 0.0138799 0.00389669 0.00376991 0 0.00397847 0.00380861 0.00387989 0.012189 0.0274815 0.0190179 0.0146173 0.0182241 0.00854782 0.00902137 0.00894257 0.00997764 0.0176268 0.00949899 0.00969114 0.00832132 0.00849626 0.00874718 
0.0100283 0.04589 0.0139942 0.529679 0.0122845 0.0142347 0.00379792 0.00377498 0.00397847 0 0.00379142 0.00378582 0.023873 0.0167293 0.0322385 0.0249202 0.0115396 0.0106362 0.0082478 0.011262 0.0117709 0.0117432 0.0155741 0.00836108 0.0098319 0.00831533 0.00830748 
0.023609 0.0125113 0.0435221 0.0162635 0.610336 0.0179543 0.00488729 0.00387281 0.00380861 0.00379142 0 0.00378925 0.0150075 0.053372 0.0344245 0.0207896 0.0225394 0.0145976 0.010225 0.0103433 0.0130194 0.0164985 0.00930894 0.0113873 0.00842319 0.00897021 0.00908613 
0.024375 0.0168577 0.0131903 0.0239421 0.0259514 0.691858 0.00541664 0.00385344 0.00387989 0.00378582 0.00378925 0 0.0355682 0.0210792 0.0438451 0.0352177 0.0233664 0.024525 0.0348192 0.0235535 0.0124782 0.0135966 0.0100095 0.00942466 0.015817 0.0109462 0.00947032 
0.0548039 0.162488 0.0369709 0.042434 0.0227174 0.0261938 0.0243204 0.0426609 0.012189 0.023873 0.0150075 0.0355682 0 0.00404991 0.00388853 0.00384026 0.00390538 0.00414907 0.00790557 0.135992 0.0921268 0.0259132 0.0257644 0.0127998 0.0402134 0.0160997 0.0207829 
0.0334253 0.0781985 0.278092 0.105265 0.055884 0.0152941 0.0117709 0.0218614 0.0274815 0.0167293 0.053372 0.0210792 0.00404991 0 0.00382903 0.00379239 0.00384683 0.00403941 0.00429159 0.374875 0.0911126 0.0974196 0.0229001 0.0403436 0.0125453 0.0158812 0.0116679 
0.0275901 0.0564925 0.110547 0.391462 0.0849105 0.030899 0.00978195 0.0157592 0.0190179 0.0322385 0.0344245 0.0438451 0.00388853 0.00382903 0 0.00378808 0.00383346 0.00382103 0.00382606 0.041707 0.399844 0.0715425 0.143825 0.0194029 0.0232401 0.0102219 0.0111426 
0.0188441 0.0291245 0.0954508 0.132485 0.173834 0.0228942 0.00961555 0.0116896 0.0146173 0.0249202 0.0207896 0.0352177 0.00384026 0.00379239 0.00378808 0 0.00379826 0.00378141 0.0038319 0.0329504 0.0426515 0.447927 0.0297079 0.0400902 0.0149063 0.0102067 0.010552 
0.0165319 0.015799 0.0840225 0.0961486 0.0347468 0.0303745 0.00906667 0.00945272 0.0182241 0.0115396 0.0225394 0.0233664 0.00390538 0.00384683 0.00383346 0.00379826 0 0.00381848 0.00376925 0.0253956 0.0452531 0.0532057 0.38171 0.0165664 0.0173692 0.00916445 0.00941662 
0.00939824 0.0295828 0.0128277 0.0225665 0.0551803 0.0182916 0.00920701 0.0152973 0.00854782 0.0106362 0.0145976 0.024525 0.00414907 0.00403941 0.00382103 0.00378141 0.00381848 0 0.00389407 0.0151947 0.0415154 0.0670205 0.019977 0.191485 0.018722 0.0104855 0.0092746 
0.0162204 0.00893345 0.0122376 0.0101312 0.0123595 0.0287556 0.018176 0.00835572 0.00902137 0.0082478 0.010225 0.0348192 0.00790557 0.00429159 0.00382606 0.0038319 0.00376925 0.00389407 0 0.0204481 0.0214261 0.0309975 0.0146732 0.0195942 0.174207 0.0122212 0.0132352 
0.0163229 0.0365066 0.0177993 0.0159569 0.0144296 0.0186279 0.0100399 0.011607 0.00894257 0.011262 0.0103433 0.0235535 0.135992 0.374875 0.041707 0.0329504 0.0253956 0.0151947 0.0204481 0 0.00397916 0.00384931 0.00386824 0.00388688 0.00433799 0.0811925 0.0189861 
0.0166914 0.0361796 0.0460205 0.0431231 0.0208538 0.0124074 0.00889939 0.0129628 0.00997764 0.0117709 0.0130194 0.0124782 0.0921268 0.0911126 0.399844 0.0426515 0.0452531 0.0415154 0.0214261 0.00397916 0 0.00384766 0.00381787 0.0038239 0.00384336 0.0624553 0.016582 
0.0146743 0.0234919 0.0954638 0.109223 0.0406672 0.0164942 0.00932651 0.0094374 0.0176268 0.0117432 0.0164985 0.0135966 0.0259132 0.0974196 0.0715425 0.447927 0.0532057 0.0670205 0.0309975 0.00384931 0.00384766 0 0.0037587 0.00377507 0.00379628 0.0228427 0.0140748 
0.0110401 0.0234947 0.0363299 0.0687167 0.0219583 0.0109845 0.00842986 0.0120395 0.00949899 0.0155741 0.00930894 0.0100095 0.0257644 0.0229001 0.143825 0.0297079 0.38171 0.019977 0.0146732 0.00386824 0.00381787 0.0037587 0 0.00375109 0.00375678 0.0138796 0.0143594 
0.0100017 0.0105 0.0171467 0.0142995 0.0204996 0.0108772 0.00988783 0.00865889 0.00969114 0.00836108 0.0113873 0.00942466 0.0127998 0.0403436 0.0194029 0.0400902 0.0165664 0.191485 0.0195942 0.00388688 0.0038239 0.00377507 0.00375109 0 0.00374688 0.0258517 0.0188518 
0.0107062 0.0119223 0.00973042 0.0110551 0.0118355 0.0229444 0.0100285 0.00989961 0.00832132 0.0098319 0.00842319 0.015817 0.0402134 0.0125453 0.0232401 0.0149063 0.0173692 0.018722 0.174207 0.00433799 0.00384336 0.00379628 0.00375678 0.00374688 0 0.0223101 0.0339764 
0.00890453 0.00872065 0.00873379 0.00861677 0.00886719 0.00958674 0.00849786 0.00843555 0.00849626 0.00831533 0.00897021 0.0109462 0.0160997 0.0158812 0.0102219 0.0102067 0.00916445 0.0104855 0.0122212 0.0811925 0.0624553 0.0228427 0.0138796 0.0258517 0.0223101 0 0.00655342 
0.00973892 0.00854029 0.00879626 0.00853586 0.0090423 0.00952991 0.0113387 0.00837848 0.00874718 0.00830748 0.00908613 0.00947032 0.0207829 0.0116679 0.0111426 0.010552 0.00941662 0.0092746 0.0132352 0.0189861 0.016582 0.0140748 0.0143594 0.0188518 0.0339764 0.00655342 0 
