1O7VA
GQKSNRKDYSLTMQSSVTVQEGMCVHVRCSFSYPVDSQTDSDPVHGYWFRAGNDISWKAPVATNNPAWAVQEETRDRFHLLGDPQTKNCTLSIRDARMSDAGRYFFRMEKGNIKWNYKYDQLSVNVT
CCCCCHHHCEEECCCEEEECCCCCEEECCEEECCCCCCCCCCCCEEEEEECCCCHHHCCCCEECCCCCCCCCCCCCCEEECCCHHHCECCEEECCCCHHHCEEEEEEEEECCEEEECCCCCEEEEEC
0 0 0 0 0 0 0 0 0 0 0 0 0 0 0 0 0 0 0 0 0 0 0 0 0 0 0 0 0 0 0 0 0 0 0 0 0 0 0 0 0 0 0 0 0 0 0 0 0 0 0 0 0 0 0 0 0 0 0 0 0 0 0 0 0 0 0 0 0 0 0 0 0 0 0 0 0 0 0 0 0 0 0 0 0 0 0 0 0 0 0 0 0 0 0 0 0 0 0 0 0 0 0 0 0 0 0 0 0 0 0 0 0 0 0 0 0 0 0 0 0 0 0 0 0 0 0 
0 0 0 0 0 0 0 0 0 0 0 0 0 0 0 0 0 0 0 0 0 0 0 0 0 0 0 0 0 0 0 0 0 0 0 0 0 0 0 0 0 0 0 0 0 0 0 0 0 0 0 0 0 0 0 0 0 0 0 0 0 0 0 0 0 0 0 0 0 0 0 0 0 0 0 0 0 0 0 0 0 0 0 0 0 0 0 0 0 0 0 0 0 0 0 0 0 0 0 0 0 0 0 0 0 0 0 0 0 0 0 0 0 0 0 0 0 0 0 0 0 0 0 0 0 0 0 
0 0.00390326 0.00473711 0.00741135 0.00469432 0.157459 0.0423163 0.00713155 0.0166642 0.0139183 0.0341308 0.00822693 0.2807 0.0256956 0.00833748 0.0117086 0.0101701 0.0102817 0.0241555 0.0108665 0.0126157 0.00889527 0.0117237 0.00894672 0.013725 0.0087371 0.0107039 0.010677 0.00854096 0.00838414 0.00840895 0.00882267 0.00842456 0.00928439 0.0083405 0.00968036 0.0102697 0.00845295 0.00842722 0.00827396 0.0115527 0.00847739 0.00930044 0.00827663 0.0104913 0.00898604 
0.00390326 0 0.0037603 0.00415554 0.0864748 0.00685377 0.00840622 0.0116021 0.010457 0.0134817 0.00788408 0.579487 0.00842242 0.00840841 0.0460832 0.00863428 0.00928312 0.0223424 0.00881472 0.00999868 0.00964608 0.0113349 0.00916625 0.0115644 0.00819545 0.0125875 0.00919559 0.0108311 0.00843482 0.0083672 0.00859303 0.00843155 0.00945888 0.00834598 0.0100953 0.00832972 0.00825241 0.00880161 0.00816854 0.00865099 0.00808938 0.00935258 0.00824661 0.0104301 0.00819256 0.0108006 
0.00473711 0.0037603 0 0.0678937 0.00441607 0.00540529 0.00431058 0.00931027 0.00864259 0.00764405 0.309945 0.00779012 0.0239667 0.0350159 0.00877341 0.0102956 0.0107992 0.00945955 0.0142578 0.014038 0.00970559 0.0125921 0.0104623 0.00853849 0.0142687 0.0114358 0.00977289 0.0086234 0.00934652 0.00852 0.0084141 0.00894962 0.0084009 0.00898204 0.00832584 0.00862953 0.0083494 0.00873311 0.0085307 0.00810701 0.00918076 0.00952828 0.00911148 0.00817797 0.0102174 0.00836668 
0.00741135 0.00415554 0.0678937 0 0.00387628 0.00406846 0.00403319 0.00565488 0.00858524 0.0267192 0.022918 0.00692231 0.0301948 0.0222462 0.00827803 0.00993756 0.00919519 0.00943848 0.0175817 0.0107677 0.0113269 0.00942637 0.012456 0.00871708 0.0134507 0.00886628 0.0100911 0.00966437 0.00858274 0.00841618 0.00832022 0.00890396 0.00831076 0.00908555 0.00820134 0.00904907 0.00873931 0.00835827 0.00848652 0.00815729 0.0111978 0.00842458 0.00927632 0.00815059 0.0107671 0.00872174 
0.00469432 0.0864748 0.00441607 0.00387628 0 0.00377994 0.00411946 0.00827719 0.0178658 0.0553942 0.00694838 0.0545653 0.00837748 0.00873015 0.03498 0.00923247 0.0106113 0.0174988 0.00975455 0.0116407 0.0114605 0.0165177 0.00856994 0.0164733 0.00817203 0.0178626 0.00863902 0.0185937 0.00911457 0.00819406 0.00983643 0.00879016 0.0130826 0.00857188 0.0149342 0.00837369 0.00925931 0.00997062 0.00810535 0.00953009 0.00819402 0.0106106 0.00820207 0.0135387 0.00845655 0.0138423 
0.157459 0.00685377 0.00540529 0.00406846 0.00377994 0 0.00377487 0.00666049 0.0737297 0.00545786 0.0484163 0.00691265 0.0100061 0.0207572 0.00869624 0.0129274 0.0131909 0.0108304 0.0120913 0.0117408 0.00915808 0.00893312 0.0285804 0.00832081 0.0107596 0.00891029 0.0252063 0.00830075 0.00854488 0.00972135 0.00858283 0.0124204 0.00868847 0.014469 0.00841103 0.0104454 0.00823558 0.00833972 0.0099001 0.00826069 0.00937022 0.00875448 0.0118695 0.00836876 0.0165064 0.00832147 
0.0423163 0.00840622 0.00431058 0.00403319 0.00411946 0.00377487 0 0.0743383 0.00465585 0.0155428 0.00675616 0.00991137 0.0140211 0.0110103 0.0119236 0.00925672 0.00933885 0.011074 0.010174 0.0133321 0.0116206 0.0387011 0.00829416 0.0164649 0.00989496 0.0251686 0.00841714 0.0168878 0.01304 0.00831174 0.00892991 0.00863031 0.00969451 0.00869196 0.0102407 0.00836138 0.00896272 0.0148807 0.00824302 0.00853632 0.00823963 0.0153325 0.00828431 0.0103078 0.0082932 0.0129053 
0.00713155 0.0116021 0.00931027 0.00565488 0.00827719 0.00666049 0.0743383 0 0.00385348 0.00390531 0.00400184 0.00648627 0.0187732 0.0136402 0.0103717 0.00999495 0.00912019 0.012969 0.0229999 0.0125277 0.0183823 0.0191367 0.00900397 0.0429062 0.0088807 0.0180658 0.00904815 0.0537387 0.00929744 0.00834118 0.0093528 0.00900391 0.0103894 0.00864246 0.0105654 0.00856365 0.0130495 0.009781 0.0081554 0.0089104 0.00876675 0.0117838 0.00836273 0.0113398 0.00844366 0.0186148 
0.0166642 0.010457 0.00864259 0.00858524 0.0178658 0.0737297 0.00465585 0.00385348 0 0.00375979 0.0080873 0.0155301 0.00404497 0.0114049 0.0133523 0.00957173 0.0220921 0.0125069 0.0103424 0.0142808 0.0104583 0.00889564 0.10869 0.00853289 0.0105103 0.00895978 0.129216 0.00835018 0.00840965 0.0100842 0.00847832 0.0106001 0.0092575 0.0118469 0.00840783 0.0129864 0.0082688 0.00813758 0.00910054 0.00832192 0.00866071 0.00840201 0.0116659 0.00850628 0.0161766 0.00834594 
0.0139183 0.0134817 0.00764405 0.0267192 0.0553942 0.00545786 0.0155428 0.00390531 0.00375979 0 0.00503349 0.00427464 0.0041446 0.00865523 0.0149858 0.00946556 0.0101287 0.0144361 0.0105726 0.0134955 0.0118561 0.0658409 0.00827873 0.0304485 0.00900554 0.0996436 0.00839705 0.0238841 0.0158489 0.0086763 0.00954995 0.00932876 0.0108781 0.00874531 0.0130397 0.00840372 0.00953238 0.0137812 0.00816819 0.00895235 0.00824351 0.0154674 0.00826013 0.0157225 0.00838674 0.0163413 
0.0341308 0.00788408 0.309945 0.022918 0.00694838 0.0484163 0.00675616 0.00400184 0.0080873 0.00503349 0 0.00378677 0.00394363 0.0419387 0.00773608 0.0568323 0.0167091 0.00966364 0.0259616 0.0125754 0.0141072 0.00939732 0.023143 0.0089624 0.0225272 0.00922772 0.0171866 0.0101236 0.00846242 0.00888651 0.00857564 0.00950996 0.00860443 0.0102813 0.00836465 0.0104708 0.00945129 0.00819097 0.00889897 0.0082631 0.012433 0.00871181 0.0111372 0.0082595 0.0127454 0.00939795 
0.00822693 0.579487 0.00779012 0.00692231 0.0545653 0.00691265 0.00991137 0.00648627 0.0155301 0.00427464 0.00378677 0 0.00378078 0.00862439 0.129548 0.0104452 0.012167 0.032717 0.00809378 0.017397 0.0136546 0.0149323 0.0106011 0.01273 0.00855376 0.0150616 0.0115418 0.0124298 0.0084758 0.00860289 0.00896375 0.00904197 0.011566 0.00872303 0.0139068 0.0086498 0.00873084 0.00856098 0.00822936 0.00983514 0.00815704 0.00913183 0.0083349 0.0123474 0.00838417 0.0108109 
0.2807 0.00842242 0.0239667 0.0301948 0.00837748 0.0100061 0.0140211 0.0187732 0.00404497 0.0041446 0.00394363 0.00378078 0 0.0835534 0.00762191 0.0133506 0.0125558 0.0102717 0.0429238 0.0150759 0.0150707 0.016574 0.0107446 0.0102641 0.0177999 0.0146223 0.0122009 0.0105891 0.0110025 0.00895872 0.0089434 0.0101793 0.00929169 0.0102639 0.00898601 0.00926466 0.00944132 0.00948282 0.00854069 0.00822364 0.0096357 0.0114658 0.00907447 0.00845344 0.00962502 0.00994229 
0.0256956 0.00840841 0.0350159 0.0222462 0.00873015 0.0207572 0.0110103 0.0136402 0.0114049 0.00865523 0.0419387 0.00862439 0.0835534 0 0.00383075 0.00382914 0.00380222 0.00382114 0.00430769 0.0123405 0.0150093 0.0113536 0.0139983 0.0098443 0.0144318 0.0103739 0.0125599 0.0122581 0.00890234 0.00892002 0.00863701 0.00963538 0.00916636 0.0117874 0.00848498 0.0192967 0.0102137 0.00842445 0.00857156 0.00828247 0.0111403 0.00899062 0.00993401 0.0086048 0.0122497 0.0104052 
0.00833748 0.0460832 0.00877341 0.00827803 0.03498 0.00869624 0.0119236 0.0103717 0.0133523 0.0149858 0.00773608 0.129548 0.00762191 0.00383075 0 0.00378324 0.00376572 0.00378369 0.0038224 0.0103482 0.00927089 0.0126566 0.0101851 0.0117708 0.00832668 0.0149433 0.0113908 0.011641 0.00876512 0.00878976 0.0109125 0.0100417 0.0176728 0.009925 0.027871 0.010024 0.00911117 0.00840756 0.00832926 0.0101771 0.00825563 0.00938246 0.00875747 0.0166004 0.00896497 0.0157631 
0.0117086 0.00863428 0.0102956 0.00993756 0.00923247 0.0129274 0.00925672 0.00999495 0.00957173 0.00946556 0.0568323 0.0104452 0.0133506 0.00382914 0.00378324 0 0.00375437 0.00374849 0.00384229 0.00825107 0.00852427 0.00972584 0.010866 0.00979728 0.00876172 0.0122043 0.0117289 0.0102007 0.00886113 0.0099905 0.0120965 0.0237709 0.0207707 0.0465395 0.0192941 0.0122302 0.00865322 0.00837251 0.00920608 0.00878128 0.00857985 0.00871913 0.0115397 0.0143982 0.0138419 0.0103664 
0.0101701 0.00928312 0.0107992 0.00919519 0.0106113 0.0131909 0.00933885 0.00912019 0.0220921 0.0101287 0.0167091 0.012167 0.0125558 0.00380222 0.00376572 0.00375437 0 0.00380342 0.00375243 0.011469 0.0134465 0.0128492 0.0143962 0.010584 0.00857889 0.0102914 0.0141542 0.00988384 0.00880439 0.00999118 0.0151033 0.0269195 0.0382798 0.0440636 0.017326 0.0126971 0.00881279 0.00829872 0.00938563 0.00913491 0.00873364 0.00882926 0.013678 0.0147621 0.0135677 0.0121613 
0.0102817 0.0223424 0.00945955 0.00943848 0.0174988 0.0108304 0.011074 0.012969 0.0125069 0.0144361 0.00966364 0.032717 0.0102717 0.00382114 0.00378369 0.00374849 0.00380342 0 0.00376819 0.0213267 0.0339733 0.0142436 0.0159457 0.014164 0.00972954 0.0153208 0.0160969 0.0125914 0.00954589 0.0110853 0.012612 0.0275831 0.0415618 0.0144353 0.016539 0.0118257 0.00914269 0.00861111 0.00863048 0.0100186 0.00854194 0.0104251 0.010246 0.0141988 0.0106239 0.0121022 
0.0241555 0.00881472 0.0142578 0.0175817 0.00975455 0.0120913 0.010174 0.0229999 0.0103424 0.0105726 0.0259616 0.00809378 0.0429238 0.00430769 0.0038224 0.00384229 0.00375243 0.00376819 0 0.0588745 0.0183028 0.0196166 0.0134969 0.0159866 0.0174602 0.016311 0.0134317 0.011052 0.0160132 0.00950178 0.0147318 0.0119955 0.010325 0.0108698 0.00949392 0.00968281 0.00899577 0.0114391 0.00875022 0.00833642 0.00948229 0.0138121 0.00967433 0.00864571 0.00993712 0.0110736 
0.0108665 0.00999868 0.014038 0.0107677 0.0116407 0.0117408 0.0133321 0.0125277 0.0142808 0.0134955 0.0125754 0.017397 0.0150759 0.0123405 0.0103482 0.00825107 0.011469 0.0213267 0.0588745 0 0.00653793 0.02415 0.0668219 0.0288038 0.0222324 0.0152125 0.0204183 0.0181911 0.00961119 0.00970539 0.00887635 0.00981248 0.00963401 0.0094068 0.00905892 0.0104509 0.0119573 0.00981226 0.00870864 0.00922531 0.011091 0.0103179 0.00995283 0.00874101 0.00981065 0.0151868 
0.0126157 0.00964608 0.00970559 0.0113269 0.0114605 0.00915808 0.0116206 0.0183823 0.0104583 0.0118561 0.0141072 0.0136546 0.0150707 0.0150093 0.00927089 0.00852427 0.0134465 0.0339733 0.0183028 0.00653793 0 0.0554704 0.020388 0.0461952 0.0145977 0.021911 0.0147312 0.021145 0.0139552 0.00859051 0.00877543 0.00957183 0.00945252 0.00929143 0.00923512 0.00975797 0.00940472 0.0129973 0.00838466 0.00842427 0.00916081 0.0148704 0.0088696 0.00889581 0.0102475 0.0114303 
0.00889527 0.0113349 0.0125921 0.00942637 0.0165177 0.00893312 0.0387011 0.0191367 0.00889564 0.0658409 0.00939732 0.0149323 0.016574 0.0113536 0.0126566 0.00972584 0.0128492 0.0142436 0.0196166 0.02415 0.0554704 0 0.00386705 0.00475181 0.00688379 0.0276219 0.0161595 0.734102 0.0126966 0.00876372 0.0132933 0.00910166 0.0126482 0.00916609 0.01448 0.0102878 0.0353874 0.0140799 0.00832691 0.0147167 0.01313 0.0239921 0.009005 0.0228026 0.009512 0.0710664 
0.0117237 0.00916625 0.0104623 0.012456 0.00856994 0.0285804 0.00829416 0.00900397 0.10869 0.00827873 0.023143 0.0106011 0.0107446 0.0139983 0.0101851 0.010866 0.0143962 0.0159457 0.0134969 0.0668219 0.020388 0.00386705 0 0.00384555 0.0161158 0.00972402 0.856949 0.00781271 0.00842172 0.0211208 0.00851794 0.0133016 0.00947761 0.0149966 0.00848605 0.0357853 0.00865461 0.00861056 0.0205792 0.00864229 0.0106509 0.00919497 0.0438945 0.00865408 0.055575 0.00857471 
0.00894672 0.0115644 0.00853849 0.00871708 0.0164733 0.00832081 0.0164649 0.0429062 0.00853289 0.0304485 0.0089624 0.01273 0.0102641 0.0098443 0.0117708 0.00979728 0.010584 0.014164 0.0159866 0.0288038 0.0461952 0.00475181 0.00384555 0 0.00617908 0.619442 0.00738811 0.0299429 0.0153693 0.00824063 0.0107871 0.00911841 0.012722 0.00873595 0.0177586 0.00879737 0.0118772 0.0240164 0.00822524 0.00967923 0.00848467 0.029867 0.00843819 0.0178701 0.00863153 0.04518 
0.013725 0.00819545 0.0142687 0.0134507 0.00817203 0.0107596 0.00989496 0.0088807 0.0105103 0.00900554 0.0225272 0.00855376 0.0177999 0.0144318 0.00832668 0.00876172 0.00857889 0.00972954 0.0174602 0.0222324 0.0145977 0.00688379 0.0161158 0.00617908 0 0.00696205 0.00448657 0.00425079 0.00622874 0.00659889 0.00655128 0.00741064 0.0074091 0.00832309 0.00682936 0.00999658 0.00962956 0.00892557 0.00838746 0.00802051 0.022868 0.0108987 0.0113628 0.00816996 0.0264055 0.0130764 
0.0087371 0.0125875 0.0114358 0.00886628 0.0178626 0.00891029 0.0251686 0.0180658 0.00895978 0.0996436 0.00922772 0.0150616 0.0146223 0.0103739 0.0149433 0.0122043 0.0102914 0.0153208 0.016311 0.0152125 0.021911 0.0276219 0.00972402 0.619442 0.00696205 0 0.00382088 0.00468643 0.00939192 0.0074302 0.0228695 0.00906924 0.0160565 0.00851778 0.0133168 0.0091663 0.0283228 0.0130891 0.00816998 0.0145271 0.012026 0.0322871 0.0100842 0.042648 0.0101897 0.112477 
0.0107039 0.00919559 0.00977289 0.0100911 0.00863902 0.0252063 0.00841714 0.00904815 0.129216 0.00839705 0.0171866 0.0115418 0.0122009 0.0125599 0.0113908 0.0117289 0.0141542 0.0160969 0.0134317 0.0204183 0.0147312 0.0161595 0.856949 0.00738811 0.00448657 0.00382088 0 0.00400484 0.00585827 0.0339229 0.011978 0.0126605 0.0078172 0.0124967 0.00769836 0.0303131 0.00840586 0.0078701 0.0206044 0.00911772 0.0128533 0.00986991 0.0699763 0.00896019 0.105939 0.00992864 
0.010677 0.0108311 0.0086234 0.00966437 0.0185937 0.00830075 0.0168878 0.0537387 0.00835018 0.0238841 0.0101236 0.0124298 0.0105891 0.0122581 0.011641 0.0102007 0.00988384 0.0125914 0.011052 0.0181911 0.021145 0.734102 0.00781271 0.0299429 0.00425079 0.00468643 0.00400484 0 0.034167 0.00899842 0.0127499 0.00769969 0.00958721 0.00699019 0.0133477 0.00740727 0.0123167 0.0391042 0.00812785 0.00949189 0.00892253 0.0506673 0.0091928 0.0199828 0.00881467 0.0689179 
0.00854096 0.00843482 0.00934652 0.00858274 0.00911457 0.00854488 0.01304 0.00929744 0.00840965 0.0158489 0.00846242 0.0084758 0.0110025 0.00890234 0.00876512 0.00886113 0.00880439 0.00954589 0.0160132 0.00961119 0.0139552 0.0126966 0.00842172 0.0153693 0.00622874 0.00939192 0.00585827 0.034167 0 0.00405666 0.00381829 0.00381719 0.00392317 0.00396456 0.00440355 0.00395889 0.00606439 0.00577063 0.00598893 0.00815555 0.0114958 0.010588 0.00846773 0.023808 0.0114384 0.16684 
0.00838414 0.0083672 0.00852 0.00841618 0.00819406 0.00972135 0.00831174 0.00834118 0.0100842 0.0086763 0.00888651 0.00860289 0.00895872 0.00892002 0.00878976 0.0099905 0.00999118 0.0110853 0.00950178 0.00970539 0.00859051 0.00876372 0.0211208 0.00824063 0.00659889 0.0074302 0.0339229 0.00899842 0.00405666 0 0.00414618 0.00376748 0.00380331 0.00378217 0.00378354 0.00617502 0.0046328 0.00548039 0.00650309 0.00729624 0.0104832 0.00786871 0.0281336 0.00862675 0.106117 0.0199921 
0.00840895 0.00859303 0.0084141 0.00832022 0.00983643 0.00858283 0.00892991 0.0093528 0.00847832 0.00954995 0.00857564 0.00896375 0.0089434 0.00863701 0.0109125 0.0120965 0.0151033 0.012612 0.0147318 0.00887635 0.00877543 0.0132933 0.00851794 0.0107871 0.00655128 0.0228695 0.011978 0.0127499 0.00381829 0.00414618 0 0.00377058 0.00375182 0.00372894 0.00431025 0.0039095 0.00390981 0.00626164 0.00669456 0.00710254 0.00661667 0.0252266 0.00917444 0.128493 0.00939322 0.0187414 
0.00882267 0.00843155 0.00894962 0.00890396 0.00879016 0.0124204 0.00863031 0.00900391 0.0106001 0.00932876 0.00950996 0.00904197 0.0101793 0.00963538 0.0100417 0.0237709 0.0269195 0.0275831 0.0119955 0.00981248 0.00957183 0.00910166 0.0133016 0.00911841 0.00741064 0.00906924 0.0126605 0.00769969 0.00381719 0.00376748 0.00377058 0 0.00375615 0.00377166 0.00375325 0.00379921 0.00384315 0.00503965 0.00770876 0.0063641 0.00854806 0.00943106 0.0701441 0.0110478 0.0198129 0.0138889 
0.00842456 0.00945888 0.0084009 0.00831076 0.0130826 0.00868847 0.00969451 0.0103894 0.0092575 0.0108781 0.00860443 0.011566 0.00929169 0.00916636 0.0176728 0.0207707 0.0382798 0.0415618 0.010325 0.00963401 0.00945252 0.0126482 0.00947761 0.012722 0.0074091 0.0160565 0.0078172 0.00958721 0.00392317 0.00380331 0.00375182 0.00375615 0 0.00374326 0.0037711 0.00375205 0.0038505 0.00492039 0.00472963 0.0116987 0.00818894 0.0620054 0.00952582 0.0274247 0.00948529 0.0274057 
0.00928439 0.00834598 0.00898204 0.00908555 0.00857188 0.014469 0.00869196 0.00864246 0.0118469 0.00874531 0.0102813 0.00872303 0.0102639 0.0117874 0.009925 0.0465395 0.0440636 0.0144353 0.0108698 0.0094068 0.00929143 0.00916609 0.0149966 0.00873595 0.00832309 0.00851778 0.0124967 0.00699019 0.00396456 0.00378217 0.00372894 0.00377166 0.00374326 0 0.00374826 0.00378085 0.00378111 0.00396869 0.00911856 0.00600062 0.83869 0.00808191 0.0259242 0.00853235 0.0287049 0.0112406 
0.0083405 0.0100953 0.00832584 0.00820134 0.0149342 0.00841103 0.0102407 0.0105654 0.00840783 0.0130397 0.00836465 0.0139068 0.00898601 0.00848498 0.027871 0.0192941 0.017326 0.016539 0.00949392 0.00905892 0.00923512 0.01448 0.00848605 0.0177586 0.00682936 0.0133168 0.00769836 0.0133477 0.00440355 0.00378354 0.00431025 0.00375325 0.0037711 0.00374826 0 0.00375175 0.00376486 0.00735704 0.00570017 0.907273 0.00601213 0.0154469 0.00758352 0.0272143 0.00778059 0.0431089 
0.00968036 0.00832972 0.00862953 0.00904907 0.00837369 0.0104454 0.00836138 0.00856365 0.0129864 0.00840372 0.0104708 0.0086498 0.00926466 0.0192967 0.010024 0.0122302 0.0126971 0.0118257 0.00968281 0.0104509 0.00975797 0.0102878 0.0357853 0.00879737 0.00999658 0.0091663 0.0303131 0.00740727 0.00395889 0.00617502 0.0039095 0.00379921 0.00375205 0.00378085 0.00375175 0 0.00397165 0.00613464 0.945559 0.00407801 0.00689713 0.00742383 0.0219861 0.00747658 0.0171997 0.0111289 
0.0102697 0.00825241 0.0083494 0.00873931 0.00925931 0.00823558 0.00896272 0.0130495 0.0082688 0.00953238 0.00945129 0.00873084 0.00944132 0.0102137 0.00911117 0.00865322 0.00881279 0.00914269 0.00899577 0.0119573 0.00940472 0.0353874 0.00865461 0.0118772 0.00962956 0.0283228 0.00840586 0.0123167 0.00606439 0.0046328 0.00390981 0.00384315 0.0038505 0.00378111 0.00376486 0.00397165 0 0.984506 0.0039522 0.0069177 0.0042464 0.0186807 0.00784454 0.00843321 0.0132189 0.0406039 
0.00845295 0.00880161 0.00873311 0.00835827 0.00997062 0.00833972 0.0148807 0.009781 0.00813758 0.0137812 0.00819097 0.00856098 0.00948282 0.00842445 0.00840756 0.00837251 0.00829872 0.00861111 0.0114391 0.00981226 0.0129973 0.0140799 0.00861056 0.0240164 0.00892557 0.0130891 0.0078701 0.0391042 0.00577063 0.00548039 0.00626164 0.00503965 0.00492039 0.00396869 0.00735704 0.00613464 0.984506 0 0.00392853 0.0038676 0.00451002 0.00687996 0.00641418 0.0702376 0.033608 0.267701 
0.00842722 0.00816854 0.0085307 0.00848652 0.00810535 0.0099001 0.00824302 0.0081554 0.00910054 0.00816819 0.00889897 0.00822936 0.00854069 0.00857156 0.00832926 0.00920608 0.00938563 0.00863048 0.00875022 0.00870864 0.00838466 0.00832691 0.0205792 0.00822524 0.00838746 0.00816998 0.0206044 0.00812785 0.00598893 0.00650309 0.00669456 0.00770876 0.00472963 0.00911856 0.00570017 0.945559 0.0039522 0.00392853 0 0.00389766 0.00485046 0.00547095 0.0480624 0.0176847 0.149974 0.00734017 
0.00827396 0.00865099 0.00810701 0.00815729 0.00953009 0.00826069 0.00853632 0.0089104 0.00832192 0.00895235 0.0082631 0.00983514 0.00822364 0.00828247 0.0101771 0.00878128 0.00913491 0.0100186 0.00833642 0.00922531 0.00842427 0.0147167 0.00864229 0.00967923 0.00802051 0.0145271 0.00911772 0.00949189 0.00815555 0.00729624 0.00710254 0.0063641 0.0116987 0.00600062 0.907273 0.00407801 0.0069177 0.0038676 0.00389766 0 0.00375318 0.0260783 0.0132778 0.128216 0.00662514 0.0118467 
0.0115527 0.00808938 0.00918076 0.0111978 0.00819402 0.00937022 0.00823963 0.00876675 0.00866071 0.00824351 0.012433 0.00815704 0.0096357 0.0111403 0.00825563 0.00857985 0.00873364 0.00854194 0.00948229 0.011091 0.00916081 0.01313 0.0106509 0.00848467 0.022868 0.012026 0.0128533 0.00892253 0.0114958 0.0104832 0.00661667 0.00854806 0.00818894 0.83869 0.00601213 0.00689713 0.0042464 0.00451002 0.00485046 0.00375318 0 0.0180352 0.0806649 0.00481304 0.00680608 0.00672862 
0.00847739 0.00935258 0.00952828 0.00842458 0.0106106 0.00875448 0.0153325 0.0117838 0.00840201 0.0154674 0.00871181 0.00913183 0.0114658 0.00899062 0.00938246 0.00871913 0.00882926 0.0104251 0.0138121 0.0103179 0.0148704 0.0239921 0.00919497 0.029867 0.0108987 0.0322871 0.00986991 0.0506673 0.010588 0.00786871 0.0252266 0.00943106 0.0620054 0.00808191 0.0154469 0.00742383 0.0186807 0.00687996 0.00547095 0.0260783 0.0180352 0 0.00381812 0.00387695 0.00388313 0.00733612 
0.00930044 0.00824661 0.00911148 0.00927632 0.00820207 0.0118695 0.00828431 0.00836273 0.0116659 0.00826013 0.0111372 0.0083349 0.00907447 0.00993401 0.00875747 0.0115397 0.013678 0.010246 0.00967433 0.00995283 0.0088696 0.009005 0.0438945 0.00843819 0.0113628 0.0100842 0.0699763 0.0091928 0.00846773 0.0281336 0.00917444 0.0701441 0.00952582 0.0259242 0.00758352 0.0219861 0.00784454 0.00641418 0.0480624 0.0132778 0.0806649 0.00381812 0 0.00377108 0.0038421 0.00390993 
0.00827663 0.0104301 0.00817797 0.00815059 0.0135387 0.00836876 0.0103078 0.0113398 0.00850628 0.0157225 0.0082595 0.0123474 0.00845344 0.0086048 0.0166004 0.0143982 0.0147621 0.0141988 0.00864571 0.00874101 0.00889581 0.0228026 0.00865408 0.0178701 0.00816996 0.042648 0.00896019 0.0199828 0.023808 0.00862675 0.128493 0.0110478 0.0274247 0.00853235 0.0272143 0.00747658 0.00843321 0.0702376 0.0176847 0.128216 0.00481304 0.00387695 0.00377108 0 0.00376662 0.00403338 
0.0104913 0.00819256 0.0102174 0.0107671 0.00845655 0.0165064 0.0082932 0.00844366 0.0161766 0.00838674 0.0127454 0.00838417 0.00962502 0.0122497 0.00896497 0.0138419 0.0135677 0.0106239 0.00993712 0.00981065 0.0102475 0.009512 0.055575 0.00863153 0.0264055 0.0101897 0.105939 0.00881467 0.0114384 0.106117 0.00939322 0.0198129 0.00948529 0.0287049 0.00778059 0.0171997 0.0132189 0.033608 0.149974 0.00662514 0.00680608 0.00388313 0.0038421 0.00376662 0 0.00385983 
0.00898604 0.0108006 0.00836668 0.00872174 0.0138423 0.00832147 0.0129053 0.0186148 0.00834594 0.0163413 0.00939795 0.0108109 0.00994229 0.0104052 0.0157631 0.0103664 0.0121613 0.0121022 0.0110736 0.0151868 0.0114303 0.0710664 0.00857471 0.04518 0.0130764 0.112477 0.00992864 0.0689179 0.16684 0.0199921 0.0187414 0.0138889 0.0274057 0.0112406 0.0431089 0.0111289 0.0406039 0.267701 0.00734017 0.0118467 0.00672862 0.00733612 0.00390993 0.00403338 0.00385983 0 
