1PHTA
AEGYQYRALYDYKKEREEDIDLHLGDILTVNKGSLVALGFSDGQEARPEEIGWLNGYNETTGERGDFPGTYVEYIGRKKISPP
CEEEEEEECCCECCCCCCECCECCCCEEEEEHHHHHCCCCCCCHHHCHHHHCEEEEEECCCCEEEEEEHHHEEEEEEEECCCC
0 0 0 0 0 0 0 0 0 0 0 0 0 0 0 0 0 0 0 0 0 0 0 0 0 0 0 0 0 0 0 0 0 0 0 0 0 0 0 0 0 0 0 0 0 0 0 0 0 0 0 0 0 0 0 0 0 0 0 0 0 0 0 0 0 0 0 0 0 0 0 0 0 0 0 0 0 0 0 0 0 0 0 
0 0 0 0 0 0 0 0 0 0 0 0 0 0 0 0 0 0 0 0 0 0 0 0 0 0 0 0 0 0 0 0 0 0 0 0 0 0 0 0 0 0 0 0 0 0 0 0 0 0 0 0 0 0 0 0 0 0 0 0 0 0 0 0 0 0 0 0 0 0 0 0 0 0 0 0 0 0 0 0 0 0 0 
0 0.00390817 0.00430479 0.00399761 0.00389734 0.00729296 0.00619588 0.00956294 0.0134904 0.0150213 0.130595 0.0125113 0.049082 0.0106309 0.0402698 0.016344 0.00915777 0.0117342 0.00882943 0.0113287 0.0103148 0.00904603 0.00871975 0.00842616 0.0110513 0.0084862 0.0163941 0.00891282 0.0106882 0.00854651 0.00881007 0.0085638 0.00955604 0.00870338 0.0111431 
0.00390817 0 0.0038427 0.00385204 0.00390751 0.00403104 0.00414898 0.00646521 0.00704582 0.0106584 0.00992725 0.0815415 0.0111138 0.050891 0.0101313 0.00911188 0.0113546 0.00854413 0.0100679 0.00903835 0.00864995 0.00842612 0.00856443 0.00927179 0.0085242 0.0109997 0.00971339 0.00956109 0.0084786 0.00888079 0.00840742 0.00897887 0.00849528 0.00940189 0.00869327 
0.00430479 0.0038427 0 0.00384979 0.00383373 0.00381457 0.00407949 0.00462839 0.00678471 0.00807554 0.0134709 0.0140606 0.0889067 0.0104281 0.0110616 0.0104013 0.00905488 0.0103891 0.0107438 0.00895589 0.00875936 0.00834183 0.00853816 0.00929962 0.0110782 0.0114381 0.00896514 0.00887359 0.00923383 0.00949408 0.00885135 0.00953293 0.0117051 0.00843951 0.00874366 
0.00399761 0.00385204 0.00384979 0 0.00425613 0.00378651 0.00395271 0.00446053 0.00711753 0.0074893 0.0154876 0.0136113 0.0663485 0.0134597 0.0117298 0.00936481 0.00923992 0.0136682 0.00909292 0.0103192 0.00847916 0.00843109 0.00900104 0.0094742 0.01952 0.00860817 0.00932975 0.00902043 0.0097547 0.00941319 0.0106746 0.0125655 0.00973269 0.00865905 0.00878935 
0.00389734 0.00390751 0.00383373 0.00425613 0 0.00382676 0.00380442 0.00470558 0.00695321 0.0130145 0.00968967 0.0562819 0.0151257 0.0251407 0.00888777 0.00864173 0.0142429 0.00868449 0.0146944 0.00838482 0.00969707 0.008423 0.00858129 0.015084 0.00865943 0.011885 0.00871054 0.0136019 0.00875738 0.0219974 0.00873616 0.0113584 0.00877471 0.00873932 0.00857238 
0.00729296 0.00403104 0.00381457 0.00378651 0.00382676 0 0.00380757 0.0132522 0.0110247 0.00886547 0.0705767 0.0151455 0.0496504 0.00858426 0.00937231 0.0197224 0.00944029 0.0125187 0.008601 0.0124368 0.00834052 0.00945706 0.0157949 0.0084822 0.0128722 0.00857651 0.00988778 0.00940118 0.0263607 0.00911995 0.00969549 0.00847166 0.00932488 0.00852159 0.00848595 
0.00619588 0.00414898 0.00407949 0.00395271 0.00380442 0.00380757 0 0.070224 0.00963936 0.0309574 0.0190896 0.02096 0.00967141 0.0181115 0.00874368 0.0121332 0.0117661 0.00833981 0.010481 0.00840544 0.0101502 0.0142579 0.00873176 0.011171 0.00835498 0.00908211 0.00878646 0.162705 0.00875311 0.00905746 0.00835934 0.00988127 0.00837136 0.00860387 0.00883446 
0.00956294 0.00646521 0.00462839 0.00446053 0.00470558 0.0132522 0.070224 0 0.0908891 0.436468 0.0129512 0.0153025 0.00893707 0.0219276 0.0143049 0.0111916 0.00977414 0.00820356 0.010061 0.00885156 0.0202322 0.0104014 0.00848818 0.0103374 0.0081597 0.00909533 0.0132055 0.0298957 0.00866152 0.008803 0.00834451 0.00926667 0.00848268 0.00918934 0.0131679 
0.0134904 0.00704582 0.00678471 0.00711753 0.00695321 0.0110247 0.00963936 0.0908891 0 0.0567672 0.0159175 0.00829203 0.00873198 0.00778995 0.00923744 0.0116265 0.00868383 0.00869777 0.00844839 0.00999875 0.0116737 0.0102821 0.00864298 0.00835514 0.00878279 0.00840531 0.0146832 0.012581 0.00879167 0.0082778 0.00843701 0.00833018 0.00848729 0.00887118 0.0109459 
0.0150213 0.0106584 0.00807554 0.0074893 0.0130145 0.00886547 0.0309574 0.436468 0.0567672 0 0.0129473 0.011833 0.00515513 0.0108924 0.00528215 0.0105158 0.0122901 0.00826607 0.0119923 0.00863617 0.0218694 0.0116749 0.008436 0.0128196 0.00827796 0.00948845 0.0123395 0.0488334 0.00857353 0.00988713 0.00826585 0.0111026 0.00845035 0.00926731 0.0130707 
0.130595 0.00992725 0.0134709 0.0154876 0.00968967 0.0705767 0.0190896 0.0129512 0.0159175 0.0129473 0 0.00399915 0.00412725 0.00389484 0.00626014 0.0568888 0.00902691 0.0182766 0.00839055 0.017454 0.0126114 0.0110637 0.00969082 0.00853817 0.0137014 0.00896533 0.024928 0.0112165 0.0106394 0.00947189 0.0101647 0.0094801 0.0110597 0.0110122 0.0162265 
0.0125113 0.0815415 0.0140606 0.0136113 0.0562819 0.0151455 0.02096 0.0153025 0.00829203 0.011833 0.00399915 0 0.00386968 0.00384959 0.00381044 0.0109796 0.14181 0.00867684 0.0364605 0.00878641 0.0112927 0.00906157 0.00887913 0.0255144 0.00867539 0.0204903 0.00923192 0.0214066 0.00888037 0.0190213 0.00910763 0.0147254 0.0092128 0.0135684 0.00979807 
0.049082 0.0111138 0.0889067 0.0663485 0.0151257 0.0496504 0.00967141 0.00893707 0.00873198 0.00515513 0.00412725 0.00386968 0 0.00376111 0.00378372 0.0332498 0.0097359 0.159935 0.0101642 0.0548614 0.00884949 0.0101701 0.0141285 0.00922509 0.103379 0.00869416 0.0117766 0.00956007 0.0237644 0.0121495 0.0229192 0.0101768 0.0322696 0.00938437 0.00979789 
0.0106309 0.050891 0.0104281 0.0134597 0.0251407 0.00858426 0.0181115 0.0219276 0.00778995 0.0108924 0.00389484 0.00384959 0.00376111 0 0.00381277 0.0092537 0.115123 0.00832282 0.0329559 0.0101571 0.0160646 0.0104432 0.00894952 0.0355998 0.00850226 0.019636 0.00884594 0.0482583 0.00895942 0.0118434 0.00847173 0.0138756 0.00880088 0.00953168 0.00866215 
0.0402698 0.0101313 0.0110616 0.0117298 0.00888777 0.00937231 0.00874368 0.0143049 0.00923744 0.00528215 0.00626014 0.00381044 0.00378372 0.00381277 0 0.0510038 0.00881231 0.0134355 0.00804295 0.0179182 0.0124192 0.0142705 0.019973 0.00813142 0.011702 0.00854825 0.011928 0.0236904 0.0110489 0.00861888 0.00936163 0.00909372 0.0089632 0.00869153 0.00934162 
0.016344 0.00911188 0.0104013 0.00936481 0.00864173 0.0197224 0.0121332 0.0111916 0.0116265 0.0105158 0.0568888 0.0109796 0.0332498 0.0092537 0.0510038 0 0.0102988 0.00380574 0.00374422 0.0042577 0.00609801 0.00525626 0.00595795 0.00550677 0.00826084 0.00888998 0.962351 0.00707061 0.0164133 0.00799075 0.0103435 0.00852356 0.0133644 0.00923115 0.0220326 
0.00915777 0.0113546 0.00905488 0.00923992 0.0142429 0.00944029 0.0117661 0.00977414 0.00868383 0.0122901 0.00902691 0.14181 0.0097359 0.115123 0.00881231 0.0102988 0 0.00373935 0.00375844 0.00397996 0.00413071 0.0054554 0.00589525 0.0132385 0.00717502 0.960533 0.00609282 0.00946914 0.00712025 0.0109324 0.00791635 0.0119899 0.00801132 0.0124953 0.00892704 
0.0117342 0.00854413 0.0103891 0.0136682 0.00868449 0.0125187 0.00833981 0.00820356 0.00869777 0.00826607 0.0182766 0.00867684 0.159935 0.00832282 0.0134355 0.00380574 0.00373935 0 0.00376342 0.00379363 0.00375205 0.00410825 0.00697838 0.00581247 0.968698 0.00574856 0.00748901 0.00599451 0.00898276 0.00761048 0.009174 0.00768549 0.0102512 0.00804939 0.00812578 
0.00882943 0.0100679 0.0107438 0.00909292 0.0146944 0.008601 0.010481 0.010061 0.00844839 0.0119923 0.00839055 0.0364605 0.0101642 0.0329559 0.00804295 0.00374422 0.00375844 0.00376342 0 0.00375107 0.00379115 0.00489069 0.00633284 0.983118 0.00601432 0.00880229 0.00484663 0.00954799 0.00672925 0.012338 0.00779835 0.0145898 0.00970568 0.00980919 0.00844012 
0.0113287 0.00903835 0.00895589 0.0103192 0.00838482 0.0124368 0.00840544 0.00885156 0.00999875 0.00863617 0.017454 0.00878641 0.0548614 0.0101571 0.0179182 0.0042577 0.00397996 0.00379363 0.00375107 0 0.00491806 0.00747215 0.992814 0.00505078 0.00889959 0.00508753 0.00521504 0.00613755 0.0136646 0.00749217 0.00910795 0.00763222 0.00879734 0.00801711 0.00898906 
0.0103148 0.00864995 0.00875936 0.00847916 0.00969707 0.00834052 0.0101502 0.0202322 0.0116737 0.0218694 0.0126114 0.0112927 0.00884949 0.0160646 0.0124192 0.00609801 0.00413071 0.00375205 0.00379115 0.00491806 0 0.98886 0.00483924 0.00670797 0.00431391 0.00486979 0.00488528 0.0307717 0.00689868 0.0087836 0.00746913 0.0085003 0.0078413 0.00798181 0.00948057 
0.00904603 0.00842612 0.00834183 0.00843109 0.008423 0.00945706 0.0142579 0.0104014 0.0102821 0.0116749 0.0110637 0.00906157 0.0101701 0.0104432 0.0142705 0.00525626 0.0054554 0.00410825 0.00489069 0.00747215 0.98886 0 0.00410737 0.00370623 0.00386039 0.00425422 0.00479336 0.0042381 0.0053942 0.00682266 0.00690907 0.00762299 0.00835851 0.010612 0.0209358 
0.00871975 0.00856443 0.00853816 0.00900104 0.00858129 0.0157949 0.00873176 0.00848818 0.00864298 0.008436 0.00969082 0.00887913 0.0141285 0.00894952 0.019973 0.00595795 0.00589525 0.00697838 0.00633284 0.992814 0.00483924 0.00410737 0 0.00374322 0.00380855 0.0037401 0.0040661 0.0040005 0.00525748 0.00668056 0.0080473 0.00728226 0.0107181 0.00947816 0.00893023 
0.00842616 0.00927179 0.00929962 0.0094742 0.015084 0.0084822 0.011171 0.0103374 0.00835514 0.0128196 0.00853817 0.0255144 0.00922509 0.0355998 0.00813142 0.00550677 0.0132385 0.00581247 0.983118 0.00505078 0.00670797 0.00370623 0.00374322 0 0.00405141 0.00381981 0.00375002 0.00484879 0.0044753 0.0136549 0.00999891 0.0175721 0.00733068 0.00825901 0.00728585 
0.0110513 0.0085242 0.0110782 0.01952 0.00865943 0.0128722 0.00835498 0.0081597 0.00878279 0.00827796 0.0137014 0.00867539 0.103379 0.00850226 0.011702 0.00826084 0.00717502 0.968698 0.00601432 0.00889959 0.00431391 0.00386039 0.00380855 0.00405141 0 0.00374454 0.0037672 0.00379185 0.00532993 0.00645003 0.00721013 0.00660352 0.00839051 0.00636073 0.00707123 
0.0084862 0.0109997 0.0114381 0.00860817 0.011885 0.00857651 0.00908211 0.00909533 0.00840531 0.00948845 0.00896533 0.0204903 0.00869416 0.019636 0.00854825 0.00888998 0.960533 0.00574856 0.00880229 0.00508753 0.00486979 0.00425422 0.0037401 0.00381981 0.00374454 0 0.00374147 0.00402412 0.00608435 0.00827539 0.00452437 0.00666365 0.0058356 0.00625075 0.00612091 
0.0163941 0.00971339 0.00896514 0.00932975 0.00871054 0.00988778 0.00878646 0.0132055 0.0146832 0.0123395 0.024928 0.00923192 0.0117766 0.00884594 0.011928 0.962351 0.00609282 0.00748901 0.00484663 0.00521504 0.00488528 0.00479336 0.0040661 0.00375002 0.0037672 0.00374147 0 0.00743973 0.00412637 0.00383578 0.00381101 0.0040453 0.00479759 0.00532712 0.00556945 
0.00891282 0.00956109 0.00887359 0.00902043 0.0136019 0.00940118 0.162705 0.0298957 0.012581 0.0488334 0.0112165 0.0214066 0.00956007 0.0482583 0.0236904 0.00707061 0.00946914 0.00599451 0.00954799 0.00613755 0.0307717 0.0042381 0.0040005 0.00484879 0.00379185 0.00402412 0.00743973 0 0.00379712 0.00390746 0.00383127 0.0039083 0.00392767 0.00475765 0.00908917 
0.0106882 0.0084786 0.00923383 0.0097547 0.00875738 0.0263607 0.00875311 0.00866152 0.00879167 0.00857353 0.0106394 0.00888037 0.0237644 0.00895942 0.0110489 0.0164133 0.00712025 0.00898276 0.00672925 0.0136646 0.00689868 0.0053942 0.00525748 0.0044753 0.00532993 0.00608435 0.00412637 0.00379712 0 0.00377575 0.00377053 0.0037944 0.00384016 0.00409236 0.00448707 
0.00854651 0.00888079 0.00949408 0.00941319 0.0219974 0.00911995 0.00905746 0.008803 0.0082778 0.00988713 0.00947189 0.0190213 0.0121495 0.0118434 0.00861888 0.00799075 0.0109324 0.00761048 0.012338 0.00749217 0.0087836 0.00682266 0.00668056 0.0136549 0.00645003 0.00827539 0.00383578 0.00390746 0.00377575 0 0.00375706 0.00383792 0.00754095 0.0039758 0.00423569 
0.00881007 0.00840742 0.00885135 0.0106746 0.00873616 0.00969549 0.00835934 0.00834451 0.00843701 0.00826585 0.0101647 0.00910763 0.0229192 0.00847173 0.00936163 0.0103435 0.00791635 0.009174 0.00779835 0.00910795 0.00746913 0.00690907 0.0080473 0.00999891 0.00721013 0.00452437 0.00381101 0.00383127 0.00377053 0.00375706 0 0.00383609 0.00387989 0.00384074 0.00409367 
0.0085638 0.00897887 0.00953293 0.0125655 0.0113584 0.00847166 0.00988127 0.00926667 0.00833018 0.0111026 0.0094801 0.0147254 0.0101768 0.0138756 0.00909372 0.00852356 0.0119899 0.00768549 0.0145898 0.00763222 0.0085003 0.00762299 0.00728226 0.0175721 0.00660352 0.00666365 0.0040453 0.0039083 0.0037944 0.00383792 0.00383609 0 0.00384435 0.0038088 0.00416696 
0.00955604 0.00849528 0.0117051 0.00973269 0.00877471 0.00932488 0.00837136 0.00848268 0.00848729 0.00845035 0.0110597 0.0092128 0.0322696 0.00880088 0.0089632 0.0133644 0.00801132 0.0102512 0.00970568 0.00879734 0.0078413 0.00835851 0.0107181 0.00733068 0.00839051 0.0058356 0.00479759 0.00392767 0.00384016 0.00754095 0.00387989 0.00384435 0 0.00386137 0.00392769 
0.00870338 0.00940189 0.00843951 0.00865905 0.00873932 0.00852159 0.00860387 0.00918934 0.00887118 0.00926731 0.0110122 0.0135684 0.00938437 0.00953168 0.00869153 0.00923115 0.0124953 0.00804939 0.00980919 0.00801711 0.00798181 0.010612 0.00947816 0.00825901 0.00636073 0.00625075 0.00532712 0.00475765 0.00409236 0.0039758 0.00384074 0.0038088 0.00386137 0 0.00426104 
0.0111431 0.00869327 0.00874366 0.00878935 0.00857238 0.00848595 0.00883446 0.0131679 0.0109459 0.0130707 0.0162265 0.00979807 0.00979789 0.00866215 0.00934162 0.0220326 0.00892704 0.00812578 0.00844012 0.00898906 0.00948057 0.0209358 0.00893023 0.00728585 0.00707123 0.00612091 0.00556945 0.00908917 0.00448707 0.00423569 0.00409367 0.00416696 0.00392769 0.00426104 0 
