1QG3B
LGAPQNPNAKAAGSRKIHFNWLPPSGKPMGYRVKYWIQGDSESEAHLLDSKVPSVELTNLYPYCDYEMKVCAYGAQGEGPYSSLVSCRTHQEVPSEPGRLAFNVVSSTVTQLSWAEPAETNGEITAYEVCYGLVNDDNRPIGPMKKVLVDNPKNRMLLIENLRESQPYRYTVKARNGAGWGPEREAIINLATQ
CCCCEEEEEEECCCCCEEEEEECCCCCCCEEEEEEEECCCCHHHCEEEEECCCEEEECCCCCCCEEEEEEEEEECCEECCCCCCEEEECCCCCCCCCCCCEEEECCCCCEEEECCCCCCCCCCCCEEEEEEEEECCCCCECCCCEEEEECCCCCCEEEECCCCCCCCEEEEEEEEECCEECCCEEEEECHHHC
0 0 0 0 0 0 0 0 0 0 0 0 0 0 0 0 0 0 0 0 0 0 0 0 0 0 0 0 0 0 0 0 0 0 0 0 0 0 0 0 0 0 0 0 0 0 0 0 0 0 0 0 0 0 0 0 0 0 0 0 0 0 0 0 0 0 0 0 0 0 0 0 0 0 0 0 0 0 0 0 0 0 0 0 0 0 0 0 0 0 0 0 0 0 0 0 0 0 0 0 0 0 0 0 0 0 0 0 0 0 0 0 0 0 0 0 0 0 0 0 0 0 0 0 0 0 0 0 0 0 0 0 0 0 0 0 0 0 0 0 0 0 0 0 0 0 0 0 0 0 0 0 0 0 0 0 0 0 0 0 0 0 0 0 0 0 0 0 0 0 0 0 0 0 0 0 0 0 0 0 0 0 0 0 0 0 0 0 0 0 0 0 0 
0 0 0 0 0 0 0 0 0 0 0 0 0 0 0 0 0 0 0 0 0 0 0 0 0 0 0 0 0 0 0 0 0 0 0 0 0 0 0 0 0 0 0 0 0 0 0 0 0 0 0 0 0 0 0 0 0 0 0 0 0 0 0 0 0 0 0 0 0 0 0 0 0 0 0 0 0 0 0 0 0 0 0 0 0 0 0 0 0 0 0 0 0 0 0 0 0 0 0 0 0 0 0 0 0 0 0 0 0 0 0 0 0 0 0 0 0 0 0 0 0 0 0 0 0 0 0 0 0 0 0 0 0 0 0 0 0 0 0 0 0 0 0 0 0 0 0 0 0 0 0 0 0 0 0 0 0 0 0 0 0 0 0 0 0 0 0 0 0 0 0 0 0 0 0 0 0 0 0 0 0 0 0 0 0 0 0 0 0 0 0 0 0 
0 0.00397114 0.00384469 0.00385023 0.00383429 0.00405666 0.00483449 0.0083691 0.00699299 0.00682397 0.00712175 0.00985298 0.20977 0.0186848 0.0105092 0.00840397 0.0105262 0.00876591 0.0121987 0.0088543 0.0131912 0.00996242 0.00860645 0.00840798 0.00840801 0.0131579 0.00951156 0.00952608 0.00849144 0.0159603 0.00876095 0.00880957 0.00862169 0.00936592 0.00895036 0.0111419 0.00934271 0.00908639 0.00858686 0.0112096 0.00823529 0.00883129 0.00874193 0.008167 0.00847971 0.00889524 0.00847564 0.00825073 0.00814358 0.00861256 0.00855572 0.00820465 0.00821115 0.00861291 0.00825704 0.0084008 0.00826504 0.00836208 0.00821887 0.00832963 0.00828828 0.00825458 0.00858898 0.00850563 0.00809804 0.00804473 0.00817139 0.00814681 0.00866331 0.00811364 0.00813605 0.00809702 0.00865079 0.00809519 0.00813083 0.00833435 0.00820847 0.00825965 0.0081496 0.00827606 0.0080951 0.00830022 0.0080309 0.00812733 0.00805934 0.00809354 0.00824403 0.00811304 0.00840975 
0.00397114 0 0.00385676 0.00381945 0.00379552 0.00388646 0.00381133 0.00590862 0.00961503 0.00604767 0.00756209 0.0127597 0.117737 0.00875697 0.00825992 0.0114984 0.00814165 0.0200109 0.00862694 0.0137418 0.00807052 0.00921078 0.00879478 0.00832505 0.00974341 0.00819559 0.00994531 0.00845866 0.0195867 0.00823936 0.00924898 0.00855678 0.0103212 0.0086138 0.0154679 0.00868051 0.0124607 0.00940599 0.0098246 0.0081979 0.00818491 0.00818542 0.00811861 0.0102931 0.00814099 0.00844391 0.00876938 0.00812108 0.00852338 0.0081358 0.00823273 0.00876937 0.00828687 0.00827774 0.00816509 0.00824518 0.00853808 0.00831541 0.00853964 0.00839303 0.00837595 0.00825265 0.00818144 0.0080653 0.00806897 0.00808827 0.00809264 0.00818689 0.00815892 0.0082605 0.0081189 0.00833921 0.00816523 0.00807413 0.00836544 0.00830544 0.0083816 0.00829918 0.00838448 0.00827987 0.00824367 0.00814376 0.00804842 0.00810326 0.0080413 0.00825994 0.00825934 0.00829932 0.00815129 
0.00384469 0.00385676 0 0.0037523 0.00385403 0.00376805 0.00391794 0.00854103 0.00628913 0.0102011 0.00674745 0.438458 0.00677759 0.00769121 0.0103277 0.00779077 0.028685 0.00812835 0.0145065 0.00833645 0.00872193 0.00843514 0.0093068 0.0107111 0.0081361 0.00993669 0.00819703 0.02562 0.00820998 0.0134928 0.00822756 0.0147046 0.00840702 0.0288784 0.00871043 0.022719 0.00962213 0.0177566 0.00856665 0.00843599 0.00822736 0.00801183 0.00983707 0.00818429 0.0111425 0.00811877 0.00815926 0.00979079 0.0080937 0.00835145 0.00871282 0.00819447 0.00900611 0.00828724 0.00841695 0.00842226 0.00847337 0.00940149 0.00854915 0.00923723 0.00870711 0.00825673 0.00818567 0.00807022 0.00806694 0.00808864 0.00839097 0.00814376 0.00834086 0.00811982 0.00844466 0.00819441 0.0085137 0.00822225 0.00819301 0.00854522 0.00828247 0.00868546 0.00827562 0.00848444 0.00819445 0.00815004 0.0081528 0.00803135 0.00819107 0.00815906 0.0085234 0.00819746 0.00830444 
0.00385023 0.00381945 0.0037523 0 0.00377569 0.00384895 0.00375743 0.00523778 0.0120222 0.00678511 0.878052 0.00688245 0.00733759 0.00872494 0.00779392 0.0241405 0.00798275 0.024362 0.00894672 0.00958064 0.00851855 0.0108556 0.00871663 0.0086276 0.0109882 0.00822737 0.0179085 0.00823264 0.0363793 0.00831067 0.0124522 0.00843673 0.0350838 0.00883387 0.0318503 0.00981646 0.0257999 0.0111885 0.0104232 0.00840103 0.00818369 0.00859674 0.00815635 0.015627 0.00820141 0.00963471 0.0106775 0.00818045 0.00953007 0.00824874 0.00827456 0.00966966 0.00825289 0.00918516 0.00825081 0.00836467 0.0100614 0.00869318 0.0107887 0.00942218 0.00918454 0.00837057 0.00823367 0.0081049 0.00816618 0.00816705 0.00821812 0.00840235 0.00817838 0.00872131 0.00817392 0.00863128 0.00817998 0.00813431 0.00839319 0.00838167 0.00884605 0.00837424 0.00874788 0.00829868 0.00831803 0.00817899 0.00813321 0.00812531 0.00811579 0.00836035 0.00816229 0.008421 0.00821922 
0.00383429 0.00379552 0.00385403 0.00377569 0 0.00376236 0.00385576 0.0133405 0.00651752 0.903922 0.00670192 0.0101713 0.00615798 0.00804345 0.0172543 0.00806092 0.0367926 0.00875851 0.0185858 0.00984999 0.00876064 0.00864779 0.0100471 0.0112224 0.00841993 0.0111394 0.00835237 0.0431778 0.00847983 0.0156654 0.00828159 0.0233695 0.00888024 0.0377759 0.00978712 0.0336606 0.0115547 0.0199659 0.00908295 0.00888536 0.0084627 0.00806992 0.0112759 0.00823318 0.0143285 0.00825884 0.00818209 0.0118961 0.00817374 0.00840153 0.00923795 0.0083183 0.0118214 0.00835428 0.00853604 0.00878653 0.00908086 0.0113951 0.00931749 0.0102904 0.00932509 0.00838526 0.00822318 0.00807457 0.00808516 0.008094 0.00843528 0.00828482 0.00848955 0.0081486 0.00921129 0.00828291 0.00909365 0.00846975 0.0083123 0.00921869 0.00852343 0.00941118 0.00838632 0.00899677 0.00828288 0.00823804 0.00816463 0.00806741 0.00817084 0.00821258 0.00863995 0.00827128 0.0083213 
0.00405666 0.00388646 0.00376805 0.00384895 0.00376236 0 0.00375077 0.00580981 0.926518 0.00598508 0.0103965 0.00622172 0.00656526 0.0112685 0.00843168 0.0192235 0.00810693 0.0346111 0.00913947 0.00984664 0.00867499 0.0124707 0.00883173 0.00859116 0.0116441 0.00832742 0.0199207 0.00846756 0.0323518 0.0083136 0.0175997 0.00856706 0.0176454 0.00869137 0.0157167 0.0093368 0.0127657 0.0097975 0.0116672 0.00835802 0.00850262 0.00876199 0.00840343 0.0150226 0.00827367 0.00900942 0.011644 0.00818605 0.0100145 0.00823945 0.00858063 0.0108539 0.00830898 0.00884343 0.00834686 0.00844297 0.00917555 0.00867583 0.00889353 0.00854514 0.00855087 0.0082911 0.00814434 0.00816255 0.00835914 0.00825831 0.0082241 0.00845264 0.00812292 0.0087384 0.00819094 0.00863088 0.00820988 0.00820014 0.00844798 0.00834794 0.00845298 0.00832451 0.00839129 0.00829539 0.00835805 0.00821143 0.00810008 0.0081325 0.00812699 0.00842262 0.00816606 0.00841455 0.00816803 
0.00483449 0.00381133 0.00391794 0.00375743 0.00385576 0.00375077 0 0.857249 0.00533196 0.00594957 0.0052089 0.00675161 0.00654369 0.0132283 0.0170397 0.00797261 0.0103684 0.00861488 0.00937575 0.0103354 0.0105222 0.0142126 0.00876244 0.00845489 0.00827609 0.0129115 0.0121198 0.0172378 0.00843627 0.0217433 0.0106758 0.0115706 0.00865273 0.0105276 0.00898919 0.0101883 0.00906965 0.00919047 0.00878781 0.0104228 0.0104986 0.00844835 0.0248586 0.00842641 0.0093236 0.00893777 0.00955869 0.00929404 0.00824737 0.00876719 0.0130016 0.00843231 0.00854239 0.00852615 0.00967903 0.00955724 0.00835659 0.00856659 0.00842275 0.0085818 0.00842609 0.00824172 0.00856097 0.00893024 0.00890465 0.0082348 0.00824733 0.00814289 0.00845535 0.00867746 0.00880696 0.00815903 0.00885089 0.00910277 0.00839587 0.00848731 0.00827164 0.00835417 0.00824395 0.00836094 0.00818285 0.00824524 0.00832147 0.0081767 0.00856154 0.00818034 0.00831962 0.00822895 0.00831486 
0.0083691 0.00590862 0.00854103 0.00523778 0.0133405 0.00580981 0.857249 0 0.00383447 0.00387605 0.00380457 0.00418214 0.00438454 0.00784716 0.00903036 0.00759245 0.0168432 0.00871706 0.0448206 0.0140979 0.0224418 0.0113582 0.0115671 0.00936273 0.00890633 0.0415177 0.0112574 0.0229963 0.00909579 0.0900842 0.0094379 0.015403 0.00868422 0.020306 0.00891781 0.0173426 0.00946921 0.0118656 0.00957356 0.0195229 0.00984959 0.00981056 0.0173325 0.00830164 0.0151458 0.0100939 0.00907034 0.012201 0.00836726 0.0135786 0.0126741 0.0083473 0.0100226 0.0096291 0.010268 0.00924773 0.00843322 0.00970595 0.00834291 0.00943349 0.00843924 0.00856799 0.00944155 0.00968055 0.00866676 0.00832849 0.00877459 0.00839453 0.0112546 0.00854414 0.00979419 0.00821868 0.0131958 0.00948001 0.00812885 0.00941247 0.00822611 0.00964748 0.00820672 0.00906087 0.00819118 0.00895684 0.00832718 0.00819123 0.00872916 0.00815125 0.00907777 0.00814429 0.00934498 
0.00699299 0.00961503 0.00628913 0.0120222 0.00651752 0.926518 0.00533196 0.00383447 0 0.00377053 0.00413533 0.00378923 0.00392596 0.00749532 0.00694887 0.0173358 0.00808596 0.0696314 0.0148612 0.0109456 0.0087439 0.0116143 0.00901978 0.00877056 0.0164399 0.00837492 0.0187034 0.00842748 0.0840709 0.00855479 0.0145127 0.00867171 0.0281068 0.00881382 0.0403574 0.00934694 0.0251459 0.0111211 0.0165722 0.00861015 0.00843187 0.00937109 0.00823825 0.0235615 0.00824411 0.0117634 0.0120789 0.00817941 0.0128262 0.00833179 0.00844835 0.0147984 0.00829766 0.0100117 0.00837733 0.00846611 0.0106115 0.0087466 0.0112905 0.00903318 0.00897426 0.00872502 0.00831067 0.00831508 0.00837133 0.00825156 0.00825746 0.0092911 0.00830107 0.00910291 0.00814417 0.0107648 0.00824527 0.00821141 0.00889256 0.00839131 0.00974593 0.00831827 0.00904004 0.0083074 0.00854058 0.00821013 0.0081235 0.00814406 0.00809273 0.00840558 0.00823769 0.00868132 0.00821145 
0.00682397 0.00604767 0.0102011 0.00678511 0.903922 0.00598508 0.00594957 0.00387605 0.00377053 0 0.00374581 0.00379357 0.00375582 0.00611806 0.0127239 0.00744443 0.0718154 0.00826103 0.0109631 0.00828495 0.00753497 0.00802655 0.00960578 0.0107161 0.00817384 0.0109114 0.00820918 0.0676529 0.00827836 0.0181808 0.00819084 0.0264061 0.00876216 0.068058 0.00981592 0.0536737 0.0116838 0.0342018 0.00949099 0.00919598 0.00875617 0.00811814 0.0126911 0.00832197 0.0202097 0.00824134 0.00823332 0.015701 0.00834392 0.00862039 0.00960547 0.00849446 0.0164918 0.00828581 0.00906354 0.0092556 0.00988558 0.0187877 0.00987693 0.0135973 0.00951836 0.00868645 0.00825211 0.00805333 0.00811808 0.00823243 0.00876853 0.0082975 0.00849726 0.00817789 0.00997666 0.00825133 0.0089143 0.0084673 0.00837984 0.00979383 0.00869026 0.0100685 0.00855989 0.0103198 0.00829085 0.00821177 0.00823908 0.00815533 0.00824147 0.00821074 0.00903233 0.0083624 0.0084182 
0.00712175 0.00756209 0.00674745 0.878052 0.00670192 0.0103965 0.0052089 0.00380457 0.00413533 0.00374581 0 0.00373927 0.00376988 0.00683601 0.00677168 0.076498 0.00684297 0.0109365 0.00767539 0.00728063 0.0072672 0.010076 0.00851921 0.00835381 0.00996918 0.00801536 0.0186487 0.00822912 0.0303131 0.0082168 0.0122979 0.00849119 0.0499345 0.00910744 0.036517 0.0107783 0.0353473 0.0126585 0.0110071 0.00847424 0.00823652 0.00866375 0.00820896 0.017773 0.0083779 0.00941591 0.0112327 0.00827837 0.0101867 0.00835106 0.00830973 0.0118947 0.00857402 0.00912651 0.0082841 0.00866305 0.0120551 0.00912463 0.0134714 0.0100744 0.00962825 0.00850636 0.00819165 0.00807325 0.00813156 0.00818701 0.00824015 0.00854828 0.00820017 0.00881655 0.00819215 0.00876291 0.00828107 0.00814371 0.00859331 0.00846599 0.0102721 0.00850956 0.00961956 0.00842399 0.00844068 0.00829443 0.00808271 0.0081084 0.00807417 0.00836945 0.00822545 0.00855707 0.00832014 
0.00985298 0.0127597 0.438458 0.00688245 0.0101713 0.00622172 0.00675161 0.00418214 0.00378923 0.00379357 0.00373927 0 0.00391176 0.00654724 0.102631 0.00759377 0.0154948 0.0068159 0.00793961 0.00749104 0.00680051 0.00894913 0.0110087 0.00854684 0.00824306 0.0102446 0.0084053 0.0335144 0.00840985 0.0128991 0.00844092 0.0194761 0.00866931 0.0188104 0.0092925 0.0168293 0.00958571 0.0126358 0.0101235 0.00860102 0.00851168 0.00827834 0.0102841 0.0083085 0.0116051 0.0083963 0.00832115 0.0104594 0.00823022 0.008313 0.00894784 0.00836538 0.0101267 0.00821801 0.00844838 0.00872024 0.00851571 0.0101033 0.00892288 0.00922067 0.00867978 0.00841099 0.00821002 0.00809078 0.00813411 0.0081471 0.00820129 0.00812523 0.0082303 0.00819221 0.00859669 0.00814557 0.0085236 0.00823734 0.0082849 0.00848356 0.00842045 0.00859538 0.00834693 0.00842165 0.00816369 0.008152 0.00806845 0.00807402 0.00812287 0.00817027 0.0082709 0.00822479 0.00819679 
0.20977 0.117737 0.00677759 0.00733759 0.00615798 0.00656526 0.00654369 0.00438454 0.00392596 0.00375582 0.00376988 0.00391176 0 0.138114 0.0094731 0.00764564 0.00616862 0.00632714 0.00650076 0.00657622 0.00683505 0.0114519 0.00799795 0.0077169 0.00812351 0.00806345 0.016453 0.00844216 0.00931692 0.00872334 0.0140177 0.00854873 0.00930068 0.00859495 0.00946533 0.00883498 0.00909046 0.00961713 0.00883576 0.00870543 0.00870584 0.00849653 0.0100318 0.008593 0.00827042 0.00884078 0.00991667 0.00819662 0.00824366 0.00819181 0.0096652 0.00834788 0.00827988 0.00880819 0.00869459 0.00836175 0.00840281 0.0083666 0.00832609 0.00851021 0.00835387 0.00818936 0.00824165 0.00832763 0.00836471 0.00816186 0.0081424 0.00814887 0.00812927 0.00859491 0.00816739 0.00816568 0.00824111 0.00834307 0.00827872 0.00820297 0.00832773 0.00820701 0.00824958 0.00818832 0.00819348 0.00821088 0.00819695 0.00816503 0.00827783 0.00817533 0.00813839 0.00820439 0.00810324 
0.0186848 0.00875697 0.00769121 0.00872494 0.00804345 0.0112685 0.0132283 0.00784716 0.00749532 0.00611806 0.00683601 0.00654724 0.138114 0 0.00398305 0.00381086 0.0037621 0.00383528 0.00382616 0.00392539 0.00635572 0.00824309 0.00732672 0.00810555 0.00974754 0.0265263 0.0129167 0.00986367 0.0163958 0.0198348 0.0119967 0.00880843 0.0104541 0.00915744 0.0115694 0.00958308 0.0160701 0.0093481 0.04039 0.0182684 0.00886897 0.0121605 0.00942686 0.00879131 0.00880463 0.0196175 0.00980857 0.00836262 0.00878021 0.0107341 0.00885833 0.00866179 0.00839797 0.0136273 0.00880247 0.00842405 0.00858165 0.00848961 0.00852058 0.00876942 0.00909763 0.00868195 0.00979216 0.00926491 0.00823205 0.00812986 0.00818432 0.00857046 0.00955467 0.0083204 0.00819738 0.00846715 0.00917784 0.00824257 0.00818136 0.00825929 0.00862012 0.00831688 0.00846692 0.00827756 0.00830594 0.00861048 0.00805245 0.00823591 0.0081211 0.0081605 0.0081693 0.00820176 0.00885997 
0.0105092 0.00825992 0.0103277 0.00779392 0.0172543 0.00843168 0.0170397 0.00903036 0.00694887 0.0127239 0.00677168 0.102631 0.0094731 0.00398305 0 0.00376363 0.00378189 0.00375487 0.00378466 0.00453387 0.00401343 0.00684778 0.00881781 0.00792213 0.0105316 0.133723 0.00842855 0.0271962 0.00898925 0.0295988 0.00847283 0.0245117 0.00862243 0.0227238 0.00973977 0.0318249 0.0108681 0.0765886 0.0122375 0.0109826 0.0093382 0.00846277 0.0113698 0.00856121 0.0253763 0.00903145 0.00841063 0.0123876 0.0085922 0.00946935 0.00944906 0.00845363 0.0154228 0.00839716 0.00871921 0.00939702 0.00918502 0.0112183 0.0091163 0.011119 0.00923504 0.00926953 0.00872207 0.00827898 0.00811552 0.00814987 0.00839005 0.00833608 0.00873353 0.00815865 0.0091713 0.00829219 0.00913862 0.00833799 0.00832575 0.00924216 0.00842349 0.0094445 0.00838757 0.00906965 0.00833643 0.00849965 0.00810188 0.00812184 0.00810185 0.00818814 0.00847999 0.00836843 0.00838199 
0.00840397 0.0114984 0.00779077 0.0241405 0.00806092 0.0192235 0.00797261 0.00759245 0.0173358 0.00744443 0.076498 0.00759377 0.00764564 0.00381086 0.00376363 0 0.00373804 0.00375718 0.00379125 0.00378476 0.00380305 0.00819936 0.0078596 0.00813764 0.124387 0.00944016 0.0171932 0.00819817 0.0277085 0.00812725 0.0129555 0.00853014 0.0339307 0.00957659 0.0602441 0.0103965 0.108468 0.0141147 0.0147054 0.00862592 0.00856524 0.00859377 0.00845603 0.0320301 0.00848059 0.0102746 0.0116461 0.00834275 0.0110773 0.00839606 0.00855199 0.0194323 0.008629 0.00953401 0.00857892 0.00904656 0.0164806 0.0115197 0.0189712 0.0121741 0.0141368 0.00896739 0.0082966 0.0081799 0.00825897 0.00834353 0.00844683 0.00888496 0.00821026 0.00891973 0.00836635 0.0098981 0.00829014 0.00826926 0.00895609 0.00875051 0.0116464 0.00867394 0.0110549 0.00857079 0.0091071 0.00825738 0.00813694 0.00814866 0.00810294 0.00846268 0.00839937 0.00966176 0.00828487 
0.0105262 0.00814165 0.028685 0.00798275 0.0367926 0.00810693 0.0103684 0.0168432 0.00808596 0.0718154 0.00684297 0.0154948 0.00616862 0.0037621 0.00378189 0.00373804 0 0.00374518 0.00376412 0.00376547 0.00379811 0.00734054 0.0092308 0.0893203 0.0101925 0.0374125 0.00818565 0.0388137 0.008584 0.0162697 0.00828479 0.0275758 0.00979785 0.0617596 0.0108432 0.15979 0.0143201 0.0452579 0.010154 0.00979102 0.00923053 0.00826659 0.0176798 0.00856096 0.0210233 0.00859264 0.00841086 0.0201769 0.00837962 0.00871852 0.0133612 0.00871777 0.0167773 0.00850009 0.00916493 0.0111019 0.0119466 0.0281633 0.0156918 0.0236882 0.0135563 0.00931084 0.00840279 0.00811102 0.00821184 0.0082488 0.0090912 0.00829719 0.00866053 0.00823643 0.0105513 0.00834241 0.00923149 0.00883135 0.00855024 0.0118194 0.00896026 0.0141359 0.0089357 0.011248 0.0083176 0.00824378 0.00813539 0.0081341 0.00818177 0.0082096 0.00940452 0.00846806 0.00853253 
0.00876591 0.0200109 0.00812835 0.024362 0.00875851 0.0346111 0.00861488 0.00871706 0.0696314 0.00826103 0.0109365 0.0068159 0.00632714 0.00383528 0.00375487 0.00375718 0.00374518 0 0.0037463 0.00375643 0.00376028 0.00956863 0.0747983 0.010711 0.0345649 0.00976023 0.0119095 0.00857185 0.0197979 0.00844474 0.0107589 0.00978866 0.0382522 0.0114406 0.165656 0.0137682 0.0656221 0.0188405 0.0170418 0.00904505 0.00857008 0.0086793 0.00866318 0.0213415 0.0088524 0.0102774 0.0112175 0.00857841 0.0109091 0.00848232 0.00877349 0.0183924 0.00918984 0.00954803 0.00894464 0.0101238 0.0241086 0.0146585 0.0292919 0.0160134 0.0154681 0.00965292 0.00849562 0.0080777 0.00823902 0.0084369 0.00865976 0.00885931 0.0083067 0.00871067 0.00847337 0.00916703 0.00846293 0.00829727 0.00903972 0.00921823 0.0135133 0.00918994 0.0109618 0.00893871 0.00866588 0.0082949 0.00816668 0.00813706 0.00813541 0.00853833 0.00837047 0.00880895 0.00828765 
0.0121987 0.00862694 0.0145065 0.00894672 0.0185858 0.00913947 0.00937575 0.0448206 0.0148612 0.0109631 0.00767539 0.00793961 0.00650076 0.00382616 0.00378466 0.00379125 0.00376412 0.0037463 0 0.00375653 0.0037544 0.0721929 0.0137481 0.0401925 0.018436 0.0100235 0.00892302 0.0140641 0.00974695 0.0107854 0.00878626 0.0158661 0.014674 0.0800414 0.0153436 0.0541171 0.018247 0.0532955 0.013362 0.00993616 0.00864844 0.00841883 0.0105756 0.00979939 0.0130291 0.00992679 0.00887207 0.0113578 0.00892241 0.00888599 0.00973246 0.0104631 0.0140984 0.00904546 0.00882489 0.0116243 0.0160041 0.0291667 0.0155718 0.0207123 0.0138132 0.00995614 0.00848004 0.00808536 0.00820373 0.00824395 0.00937048 0.00856916 0.00841567 0.00827507 0.00920823 0.00863557 0.0085968 0.0084727 0.00856623 0.0132044 0.009916 0.011749 0.00946662 0.0102287 0.00848498 0.00829963 0.00812381 0.00809812 0.00817431 0.00826215 0.00863898 0.00866852 0.00849509 
0.0088543 0.0137418 0.00833645 0.00958064 0.00984999 0.00984664 0.0103354 0.0140979 0.0109456 0.00828495 0.00728063 0.00749104 0.00657622 0.00392539 0.00453387 0.00378476 0.00376547 0.00375643 0.00375653 0 0.0048383 0.0154597 0.032289 0.0131313 0.00890125 0.00786659 0.00927443 0.0128253 0.0105603 0.00864466 0.00937489 0.0133891 0.0606825 0.0112574 0.0163959 0.0106773 0.0170929 0.0124628 0.0184153 0.00874296 0.0089969 0.00865536 0.00923031 0.0112919 0.0105506 0.00874926 0.00997588 0.009339 0.00887419 0.00839467 0.00934181 0.0105862 0.0103085 0.00879871 0.00945552 0.00929336 0.0109892 0.00972415 0.0101947 0.00958303 0.00993355 0.00867347 0.00831727 0.00812486 0.00818496 0.008307 0.00830796 0.00826688 0.00820443 0.0084476 0.00845323 0.00843994 0.00851172 0.00823829 0.00934565 0.00870027 0.00930433 0.0086328 0.00853104 0.00844181 0.00838036 0.00823997 0.00806933 0.00809438 0.00811721 0.00822468 0.00834188 0.00862407 0.0082115 
0.0131912 0.00807052 0.00872193 0.00851855 0.00876064 0.00867499 0.0105222 0.0224418 0.0087439 0.00753497 0.0072672 0.00680051 0.00683505 0.00635572 0.00401343 0.00380305 0.00379811 0.00376028 0.0037544 0.0048383 0 0.039343 0.00724733 0.00648436 0.00656705 0.00875854 0.0130658 0.00997886 0.00807792 0.0122143 0.0130089 0.0488985 0.00886383 0.00965202 0.00962365 0.00994971 0.0093453 0.00980446 0.00938607 0.01118 0.0100967 0.00866852 0.0152169 0.0085911 0.00878388 0.00930484 0.010697 0.00861195 0.00833493 0.00848112 0.0140754 0.00841767 0.00868871 0.00885862 0.00956802 0.00970313 0.00862123 0.00864624 0.00849556 0.0087832 0.00850474 0.0082951 0.00836224 0.0086821 0.00867315 0.00822246 0.00820109 0.00818041 0.00818994 0.00879112 0.00839676 0.00820418 0.0083019 0.00895765 0.00834443 0.00863817 0.00841938 0.00830802 0.00826833 0.00834857 0.00818402 0.00815263 0.00822831 0.00811083 0.00838262 0.00819591 0.00820556 0.00818011 0.00819109 
0.00996242 0.00921078 0.00843514 0.0108556 0.00864779 0.0124707 0.0142126 0.0113582 0.0116143 0.00802655 0.010076 0.00894913 0.0114519 0.00824309 0.00684778 0.00819936 0.00734054 0.00956863 0.0721929 0.0154597 0.039343 0 0.00385861 0.00376691 0.00409265 0.00436675 0.00562598 0.00503262 0.0147242 0.0661251 0.0182846 0.00751355 0.00967587 0.00821043 0.010067 0.0109039 0.0109603 0.00903513 0.011267 0.0182732 0.00888901 0.0155037 0.00994577 0.0102492 0.00873361 0.0234091 0.0132805 0.00867576 0.00964957 0.0129349 0.00927194 0.00907984 0.00832297 0.0152147 0.00893521 0.00850978 0.00892866 0.00846689 0.00881065 0.00858885 0.00865192 0.00895076 0.0109027 0.0103851 0.00844991 0.00824594 0.00822867 0.00895685 0.0104726 0.00897839 0.00820576 0.0102241 0.00996062 0.00839144 0.00817941 0.00840942 0.00874175 0.00854597 0.00858789 0.00835798 0.00843455 0.0092164 0.0081213 0.00840357 0.00813703 0.00816465 0.00815919 0.00837013 0.00926748 
0.00860645 0.00879478 0.0093068 0.00871663 0.0100471 0.00883173 0.00876244 0.0115671 0.00901978 0.00960578 0.00851921 0.0110087 0.00799795 0.00732672 0.00881781 0.0078596 0.0092308 0.0747983 0.0137481 0.032289 0.00724733 0.00385861 0 0.00389855 0.0039118 0.0038301 0.00438288 0.00860938 0.0375381 0.0256824 0.00753047 0.00984148 0.00835726 0.00980159 0.00958357 0.0101187 0.0105614 0.0145073 0.0112247 0.00860254 0.00868064 0.00821027 0.0100227 0.0089883 0.0101509 0.00881777 0.0087361 0.00924777 0.00892344 0.00839087 0.00881286 0.00887027 0.0100791 0.00832603 0.00844155 0.00875197 0.00898631 0.00984631 0.00869683 0.00910202 0.00881109 0.00855498 0.00830444 0.00818773 0.0081888 0.00813318 0.00820372 0.00830075 0.00831749 0.00819817 0.00841887 0.00827443 0.00832138 0.00826004 0.00829336 0.00839487 0.00878721 0.00836249 0.00836177 0.00828851 0.00823605 0.00816741 0.00809144 0.00808966 0.00807016 0.00814648 0.00822157 0.0082678 0.00820827 
0.00840798 0.00832505 0.0107111 0.0086276 0.0112224 0.00859116 0.00845489 0.00936273 0.00877056 0.0107161 0.00835381 0.00854684 0.0077169 0.00810555 0.00792213 0.00813764 0.0893203 0.010711 0.0401925 0.0131313 0.00648436 0.00376691 0.00389855 0 0.00373994 0.00375039 0.00440643 0.031718 0.019214 0.00645647 0.00686545 0.0082725 0.00861064 0.0100369 0.00905988 0.0102907 0.014395 0.0140264 0.00875148 0.00829799 0.00813931 0.00798658 0.00891023 0.00866909 0.00988415 0.00850966 0.0086081 0.00917868 0.00851812 0.00830888 0.00845681 0.0090588 0.00971454 0.00836282 0.00836978 0.00852688 0.0103725 0.0100392 0.00970825 0.00993099 0.00987144 0.00838672 0.00818961 0.00811276 0.00809512 0.00812655 0.00842838 0.00819657 0.00823183 0.0081844 0.00841907 0.00825992 0.00830801 0.00814078 0.00828631 0.00878458 0.00847681 0.00863196 0.00838669 0.00850629 0.00826385 0.00816315 0.0080781 0.00807235 0.00808297 0.00810996 0.00834517 0.00827048 0.00819736 
0.00840801 0.00974341 0.0081361 0.0109882 0.00841993 0.0116441 0.00827609 0.00890633 0.0164399 0.00817384 0.00996918 0.00824306 0.00812351 0.00974754 0.0105316 0.124387 0.0101925 0.0345649 0.018436 0.00890125 0.00656705 0.00409265 0.0039118 0.00373994 0 0.00382813 0.0116313 0.00834768 0.0064904 0.00470744 0.00879527 0.00781517 0.0130903 0.00811627 0.0103474 0.00883478 0.0103841 0.00902225 0.0126561 0.00819504 0.00841277 0.00865401 0.00864178 0.0148482 0.0086368 0.00907313 0.0117303 0.00847294 0.00943025 0.0082958 0.00909192 0.0102442 0.00887542 0.00897267 0.00852874 0.00863463 0.00906594 0.0086102 0.0092627 0.00885167 0.00869916 0.00872499 0.00823138 0.00819451 0.00831861 0.00825072 0.00822839 0.00842592 0.00818235 0.00854012 0.00826182 0.00887799 0.00824954 0.00840228 0.00842972 0.00839416 0.00858228 0.00835655 0.00842081 0.00826015 0.00819332 0.00819249 0.00809361 0.00810146 0.00819634 0.0082107 0.00821509 0.00825302 0.00820081 
0.0131579 0.00819559 0.00993669 0.00822737 0.0111394 0.00832742 0.0129115 0.0415177 0.00837492 0.0109114 0.00801536 0.0102446 0.00806345 0.0265263 0.133723 0.00944016 0.0374125 0.00976023 0.0100235 0.00786659 0.00875854 0.00436675 0.0038301 0.00375039 0.00382813 0 0.0209726 0.00761978 0.00394176 0.0094065 0.00826742 0.0122442 0.00738176 0.00989746 0.00886867 0.00973224 0.0083974 0.00901889 0.00865603 0.0105825 0.0124804 0.00889819 0.0365253 0.00832066 0.0108764 0.00933123 0.0109897 0.0109742 0.0082622 0.0101808 0.0236976 0.00838257 0.00956388 0.00882498 0.0136325 0.00974331 0.00840357 0.00918669 0.00840251 0.00883164 0.00842529 0.00821291 0.00884507 0.00905729 0.00934932 0.00824304 0.0081888 0.00815346 0.00925032 0.00902866 0.00899086 0.00813796 0.00965505 0.00970894 0.00827227 0.00842736 0.00823419 0.00846178 0.00819821 0.00829007 0.0081643 0.00826865 0.00831342 0.00810301 0.00858336 0.00819118 0.00829751 0.00820547 0.00834537 
0.00951156 0.00994531 0.00819703 0.0179085 0.00835237 0.0199207 0.0121198 0.0112574 0.0187034 0.00820918 0.0186487 0.0084053 0.016453 0.0129167 0.00842855 0.0171932 0.00818565 0.0119095 0.00892302 0.00927443 0.0130658 0.00562598 0.00438288 0.00440643 0.0116313 0.0209726 0 0.00384283 0.00401159 0.00499796 0.0108132 0.00703385 0.02695 0.0151053 0.0167318 0.00745498 0.0101648 0.0083158 0.0108285 0.014857 0.00884796 0.0141628 0.00963268 0.0148492 0.00838751 0.0537893 0.0228354 0.00845012 0.0141855 0.0117369 0.0105915 0.0117643 0.00827874 0.0363797 0.0093124 0.00908551 0.00953163 0.00853657 0.00921613 0.00857692 0.00864111 0.00899332 0.0107086 0.0101181 0.0088612 0.00835414 0.00828377 0.0096425 0.00976301 0.0099896 0.00820753 0.0102013 0.00899269 0.00903317 0.00844874 0.0082189 0.00928185 0.00826733 0.00945707 0.00820766 0.00872609 0.00882558 0.00818188 0.00841582 0.0083532 0.00852217 0.00811791 0.0086944 0.00880794 
0.00952608 0.00845866 0.02562 0.00823264 0.0431778 0.00846756 0.0172378 0.0229963 0.00842748 0.0676529 0.00822912 0.0335144 0.00844216 0.00986367 0.0271962 0.00819817 0.0388137 0.00857185 0.0140641 0.0128253 0.00997886 0.00503262 0.00860938 0.031718 0.00834768 0.00761978 0.00384283 0 0.00379681 0.00473181 0.00608528 0.0694071 0.0080357 0.0205233 0.00794845 0.0145633 0.00837407 0.0143202 0.0104215 0.0121795 0.0116763 0.00821155 0.0213546 0.00835584 0.068604 0.00883903 0.00867768 0.0469258 0.00867691 0.0125645 0.0154083 0.00847794 0.0392871 0.00835253 0.0103366 0.0119208 0.00949574 0.0176189 0.00920515 0.012098 0.0102508 0.00919201 0.00919471 0.00878486 0.00851068 0.00879256 0.00968678 0.00835216 0.0112254 0.00832313 0.0130066 0.00821332 0.0126745 0.00955123 0.00825485 0.0109555 0.00838156 0.0113798 0.00826102 0.0110921 0.00829536 0.00883521 0.00833187 0.00806402 0.008438 0.00817537 0.010288 0.00829673 0.00902725 
0.00849144 0.0195867 0.00820998 0.0363793 0.00847983 0.0323518 0.00843627 0.00909579 0.0840709 0.00827836 0.0303131 0.00840985 0.00931692 0.0163958 0.00898925 0.0277085 0.008584 0.0197979 0.00974695 0.0105603 0.00807792 0.0147242 0.0375381 0.019214 0.0064904 0.00394176 0.00401159 0.00379681 0 0.00386742 0.0657803 0.00810476 0.0172425 0.00682752 0.0115101 0.00738227 0.0114704 0.00880647 0.0137202 0.00789024 0.00856857 0.0120254 0.00875864 0.0931 0.00846675 0.0134581 0.0315802 0.00854231 0.0203027 0.00861466 0.0093292 0.0501792 0.00876343 0.0128057 0.00917943 0.0103116 0.0130138 0.00892983 0.0141647 0.00982935 0.00943667 0.0100909 0.00825732 0.00850304 0.00930009 0.00913747 0.00858642 0.0114696 0.00820258 0.0112385 0.00837206 0.0153432 0.00826507 0.00889387 0.00969525 0.00845772 0.0113683 0.00843018 0.0113867 0.00829366 0.00928102 0.00821107 0.00832999 0.00822465 0.00836128 0.00943626 0.00821921 0.00995018 0.00823835 
0.0159603 0.00823936 0.0134928 0.00831067 0.0156654 0.0083136 0.0217433 0.0900842 0.00855479 0.0181808 0.0082168 0.0128991 0.00872334 0.0198348 0.0295988 0.00812725 0.0162697 0.00844474 0.0107854 0.00864466 0.0122143 0.0661251 0.0256824 0.00645647 0.00470744 0.0094065 0.00499796 0.00473181 0.00386742 0 0.00898096 0.0370371 0.00614804 0.00983107 0.00680484 0.00990396 0.00779599 0.00971952 0.0102455 0.01311 0.0130894 0.00861451 0.0791622 0.00850942 0.0182409 0.00932735 0.0111451 0.0208086 0.00834959 0.013446 0.0599744 0.00863065 0.0137855 0.00885889 0.0198075 0.013049 0.00866848 0.0115582 0.00869802 0.00984198 0.00891176 0.00839504 0.0100782 0.00983996 0.0105495 0.00840683 0.00860972 0.00827703 0.0125775 0.0097827 0.0116396 0.00820158 0.0131643 0.0120382 0.00854473 0.00965082 0.00834747 0.00993898 0.00828731 0.00932937 0.00818377 0.00912741 0.00838371 0.00818403 0.00931619 0.00838958 0.00915867 0.00818156 0.0090804 
0.00876095 0.00924898 0.00822756 0.0124522 0.00828159 0.0175997 0.0106758 0.0094379 0.0145127 0.00819084 0.0122979 0.00844092 0.0140177 0.0119967 0.00847283 0.0129555 0.00828479 0.0107589 0.00878626 0.00937489 0.0130089 0.0182846 0.00753047 0.00686545 0.00879527 0.00826742 0.0108132 0.00608528 0.0657803 0.00898096 0 0.00378017 0.00379801 0.0037885 0.00385334 0.0037678 0.00403102 0.00441771 0.00512528 0.00675089 0.0061421 0.0116985 0.00782244 0.0148994 0.00836339 0.0935189 0.0253952 0.0084201 0.0142054 0.0122308 0.00979177 0.0109732 0.00837345 0.0347279 0.0100991 0.00894157 0.0097826 0.00859877 0.0096056 0.00893855 0.00957627 0.00938961 0.0122665 0.009746 0.00862728 0.00830706 0.00823843 0.00948737 0.00982443 0.00976262 0.00817812 0.00981787 0.00920179 0.00900907 0.00854343 0.00830782 0.00953955 0.00833628 0.00949507 0.00830133 0.00905179 0.00866951 0.00816653 0.00844249 0.00816324 0.00843503 0.0081665 0.00877784 0.00891849 
0.00880957 0.00855678 0.0147046 0.00843673 0.0233695 0.00856706 0.0115706 0.015403 0.00867171 0.0264061 0.00849119 0.0194761 0.00854873 0.00880843 0.0245117 0.00853014 0.0275758 0.00978866 0.0158661 0.0133891 0.0488985 0.00751355 0.00984148 0.0082725 0.00781517 0.0122442 0.00703385 0.0694071 0.00810476 0.0370371 0.00378017 0 0.00376026 0.00376239 0.00380094 0.00380099 0.00411161 0.00400487 0.00523648 0.00431837 0.00721231 0.00646769 0.0115162 0.0081818 0.115435 0.0104468 0.00876774 0.0341478 0.00964573 0.0110451 0.0119685 0.00926127 0.036051 0.00872394 0.0107234 0.0140009 0.0108152 0.019514 0.0115069 0.0179392 0.0128959 0.0209007 0.00963466 0.00823004 0.00827023 0.00849222 0.00906222 0.00851848 0.0094242 0.00828965 0.0120306 0.00831529 0.00959001 0.00850241 0.00864594 0.0111623 0.00873213 0.0147447 0.00841571 0.0144037 0.00843727 0.00900133 0.00806687 0.00806052 0.00812691 0.00818251 0.00931733 0.00839886 0.00897076 
0.00862169 0.0103212 0.00840702 0.0350838 0.00888024 0.0176454 0.00865273 0.00868422 0.0281068 0.00876216 0.0499345 0.00866931 0.00930068 0.0104541 0.00862243 0.0339307 0.00979785 0.0382522 0.014674 0.0606825 0.00886383 0.00967587 0.00835726 0.00861064 0.0130903 0.00738176 0.02695 0.0080357 0.0172425 0.00614804 0.00379801 0.00376026 0 0.00374295 0.00376301 0.00376879 0.00380429 0.00402235 0.00393902 0.00390142 0.0052734 0.00720962 0.0076038 0.0717157 0.00848079 0.0141499 0.0156756 0.00944111 0.0171426 0.00860855 0.00901568 0.0359851 0.0089693 0.0136917 0.00936862 0.0121363 0.0324321 0.0143797 0.0466102 0.0171237 0.0332334 0.0260065 0.00872892 0.00816183 0.00835095 0.00866052 0.00924353 0.0103686 0.00833864 0.00899541 0.00856636 0.0121481 0.00842548 0.00846382 0.0101845 0.00997445 0.0250981 0.00984951 0.0263688 0.00909602 0.011623 0.00830795 0.00811968 0.00809264 0.00814703 0.00867733 0.0087331 0.0108796 0.00835075 
0.00936592 0.0086138 0.0288784 0.00883387 0.0377759 0.00869137 0.0105276 0.020306 0.00881382 0.068058 0.00910744 0.0188104 0.00859495 0.00915744 0.0227238 0.00957659 0.0617596 0.0114406 0.0800414 0.0112574 0.00965202 0.00821043 0.00980159 0.0100369 0.00811627 0.00989746 0.0151053 0.0205233 0.00682752 0.00983107 0.0037885 0.00376239 0.00374295 0 0.00374948 0.00380325 0.00378202 0.00383581 0.00381587 0.00389496 0.00534247 0.00584874 0.0495271 0.00828925 0.0288847 0.0135031 0.00906731 0.0278359 0.00870995 0.00987689 0.0179821 0.00946829 0.0359272 0.00903553 0.0108465 0.0188569 0.0176981 0.0687098 0.0218167 0.0638035 0.0268327 0.0127916 0.00914043 0.00811277 0.00842872 0.00857471 0.0121251 0.00866668 0.00938468 0.00838943 0.0152817 0.0086224 0.00977186 0.00908425 0.00970497 0.0312548 0.012584 0.0451282 0.010057 0.0243808 0.00855208 0.00878537 0.00813735 0.00806812 0.00828584 0.00824674 0.0119911 0.00866107 0.00932211 
0.00895036 0.0154679 0.00871043 0.0318503 0.00978712 0.0157167 0.00898919 0.00891781 0.0403574 0.00981592 0.036517 0.0092925 0.00946533 0.0115694 0.00973977 0.0602441 0.0108432 0.165656 0.0153436 0.0163959 0.00962365 0.010067 0.00958357 0.00905988 0.0103474 0.00886867 0.0167318 0.00794845 0.0115101 0.00680484 0.00385334 0.00380094 0.00376301 0.00374948 0 0.00375614 0.00377112 0.00380197 0.00383459 0.0040435 0.00443785 0.00856689 0.00784925 0.0192944 0.0118148 0.0358267 0.0153047 0.00892383 0.0172714 0.00925267 0.00963308 0.0373248 0.0100949 0.0138798 0.0105754 0.0143621 0.0617268 0.0236073 0.0966724 0.0271179 0.0358097 0.013797 0.00900364 0.0082209 0.00861371 0.00928794 0.00951651 0.0112455 0.00842294 0.00919517 0.00905584 0.0127426 0.00874966 0.00874491 0.0140406 0.0125907 0.0490568 0.0120905 0.0339514 0.0112336 0.0106282 0.00836069 0.00819753 0.00810738 0.00822931 0.00899406 0.00889426 0.0119717 0.00868009 
0.0111419 0.00868051 0.022719 0.00981646 0.0336606 0.0093368 0.0101883 0.0173426 0.00934694 0.0536737 0.0107783 0.0168293 0.00883498 0.00958308 0.0318249 0.0103965 0.15979 0.0137682 0.0541171 0.0106773 0.00994971 0.0109039 0.0101187 0.0102907 0.00883478 0.00973224 0.00745498 0.0145633 0.00738227 0.00990396 0.0037678 0.00380099 0.00376879 0.00380325 0.00375614 0 0.00375723 0.00378079 0.00379431 0.00376957 0.00497508 0.00455012 0.0124231 0.00988044 0.0419186 0.011007 0.00913159 0.0244669 0.00904395 0.00980132 0.0158488 0.0114385 0.030504 0.00930357 0.0123847 0.029509 0.0259594 0.097403 0.0312527 0.0521395 0.0274198 0.0149921 0.00978374 0.00814321 0.00859062 0.00866958 0.0138144 0.00896422 0.0103823 0.00851184 0.0147424 0.00926394 0.00973771 0.0105108 0.011169 0.0460048 0.0147806 0.0478625 0.0116131 0.0256147 0.00884231 0.00892273 0.00815507 0.00807441 0.00870247 0.00832066 0.0129264 0.00904252 0.0098088 
0.00934271 0.0124607 0.00962213 0.0257999 0.0115547 0.0127657 0.00906965 0.00946921 0.0251459 0.0116838 0.0353473 0.00958571 0.00909046 0.0160701 0.0108681 0.108468 0.0143201 0.0656221 0.018247 0.0170929 0.0093453 0.0109603 0.0105614 0.014395 0.0103841 0.0083974 0.0101648 0.00837407 0.0114704 0.00779599 0.00403102 0.00411161 0.00380429 0.00378202 0.00377112 0.00375723 0 0.00375746 0.00380363 0.00375051 0.00388859 0.005279 0.0097363 0.0351396 0.0115556 0.0164693 0.0131986 0.00955922 0.0162197 0.00903859 0.0105552 0.032289 0.012122 0.0132362 0.0131389 0.01774 0.0757355 0.0335252 0.05601 0.0320989 0.0409541 0.0141336 0.00901683 0.0081592 0.00847736 0.00947202 0.0102084 0.0118051 0.00852651 0.00892521 0.00948003 0.0118113 0.00898978 0.00889055 0.0156872 0.0167237 0.0439975 0.0155375 0.0267595 0.0117567 0.0100147 0.00839473 0.00818109 0.00808333 0.00824003 0.00893836 0.00938765 0.0113564 0.00891225 
0.00908639 0.00940599 0.0177566 0.0111885 0.0199659 0.0097975 0.00919047 0.0118656 0.0111211 0.0342018 0.0126585 0.0126358 0.00961713 0.0093481 0.0765886 0.0141147 0.0452579 0.0188405 0.0532955 0.0124628 0.00980446 0.00903513 0.0145073 0.0140264 0.00902225 0.00901889 0.0083158 0.0143202 0.00880647 0.00971952 0.00441771 0.00400487 0.00402235 0.00383581 0.00380197 0.00378079 0.00375746 0 0.00376417 0.00376332 0.00411641 0.00759102 0.0279157 0.0111449 0.0181358 0.0112655 0.0101681 0.0213337 0.00999197 0.00951883 0.01125 0.0166317 0.0318381 0.0103925 0.0106455 0.0316974 0.0364813 0.050093 0.0321469 0.0453425 0.0293939 0.0159187 0.00942102 0.00814331 0.00845138 0.00894619 0.0125604 0.00935764 0.00902378 0.00849987 0.0119026 0.0103725 0.0090332 0.00975939 0.0110594 0.032086 0.0164568 0.0278629 0.0122362 0.018408 0.00902373 0.00845857 0.00819409 0.00811561 0.00830873 0.00839886 0.0106991 0.0096106 0.00919067 
0.00858686 0.0098246 0.00856665 0.0104232 0.00908295 0.0116672 0.00878781 0.00957356 0.0165722 0.00949099 0.0110071 0.0101235 0.00883576 0.04039 0.0122375 0.0147054 0.010154 0.0170418 0.013362 0.0184153 0.00938607 0.011267 0.0112247 0.00875148 0.0126561 0.00865603 0.0108285 0.0104215 0.0137202 0.0102455 0.00512528 0.00523648 0.00393902 0.00381587 0.00383459 0.00379431 0.00380363 0.00376417 0 0.00390261 0.00673829 0.849022 0.00951765 0.0158326 0.0104249 0.0126842 0.0133365 0.010903 0.0165728 0.00911277 0.011291 0.0207579 0.0141779 0.0127059 0.0156951 0.0189205 0.0172407 0.0133253 0.0166808 0.0139755 0.0132556 0.0135069 0.00908133 0.00848573 0.00855385 0.00880979 0.00865057 0.0100734 0.0084653 0.00915884 0.00917881 0.0109528 0.00898987 0.00905865 0.0142496 0.00959123 0.0122512 0.0102204 0.0104381 0.00879699 0.00972969 0.00834676 0.00819425 0.00821821 0.00828531 0.00881652 0.00848326 0.00939976 0.00894424 
0.0112096 0.0081979 0.00843599 0.00840103 0.00888536 0.00835802 0.0104228 0.0195229 0.00861015 0.00919598 0.00847424 0.00860102 0.00870543 0.0182684 0.0109826 0.00862592 0.00979102 0.00904505 0.00993616 0.00874296 0.01118 0.0182732 0.00860254 0.00829799 0.00819504 0.0105825 0.014857 0.0121795 0.00789024 0.01311 0.00675089 0.00431837 0.00390142 0.00389496 0.0040435 0.00376957 0.00375051 0.00376332 0.00390261 0 0.96742 0.00389726 0.0196265 0.00785287 0.0109366 0.0102689 0.0152354 0.0101494 0.00843027 0.0109307 0.0248763 0.00917373 0.0109292 0.0124184 0.0245524 0.0115565 0.00945413 0.00963953 0.00933915 0.010021 0.00901032 0.00882683 0.0105137 0.0104708 0.0109221 0.00836346 0.00842603 0.00832731 0.00935378 0.0106097 0.00900785 0.00832028 0.00906332 0.0120439 0.0085404 0.00913618 0.00865198 0.00901072 0.00848438 0.00884175 0.00827141 0.00850778 0.00853661 0.00829975 0.00910426 0.00827909 0.00842855 0.00837946 0.00891094 
0.00823529 0.00818491 0.00822736 0.00818369 0.0084627 0.00850262 0.0104986 0.00984959 0.00843187 0.00875617 0.00823652 0.00851168 0.00870584 0.00886897 0.0093382 0.00856524 0.00923053 0.00857008 0.00864844 0.0089969 0.0100967 0.00888901 0.00868064 0.00813931 0.00841277 0.0124804 0.00884796 0.0116763 0.00856857 0.0130894 0.0061421 0.00721231 0.0052734 0.00534247 0.00443785 0.00497508 0.00388859 0.00411641 0.00673829 0.96742 0 0.00911309 0.0066713 0.0114976 0.0166276 0.0117071 0.00913904 0.0104591 0.00883536 0.0121363 0.01074 0.00898393 0.00922143 0.0111301 0.00951667 0.00941354 0.00872553 0.00859362 0.00838974 0.00862962 0.00835242 0.00874458 0.0105986 0.0100681 0.00852448 0.00837755 0.0082208 0.0085086 0.0101167 0.00841545 0.00854607 0.00834653 0.00977232 0.00845784 0.00859352 0.00825088 0.0082976 0.00829471 0.00827919 0.00817091 0.00827781 0.00877364 0.00812638 0.00840208 0.008191 0.00822377 0.00815448 0.0081317 0.00905301 
