1T3UB
SNTLTVQILDKEYCINCPDDERANLESAARYLDGKXREIRSSGKVIGADRVAVXAALNITHDLLHRKERLDQESSSTRERVRELLDRVDRALA
CEEEEEEECCEEEEEEECHHHHHHHHHHHHHHHHHHHHHHCCCCCCCHHHHHHHHHHHHHHHHHHHHHHHHHHHHHHHHHHHHHHHHCCCCCC
0 0 0 0 0 0 0 0 0 0 0 0 0 0 0 0 0 0 0 0 0 0 0 0 0 0 0 0 0 0 0 0 0 0 0 0 0 0 0 0 0 0 0 0 0 0 0 0 0 0 0 0 0 0 0 0 0 0 0 0 0 0 0 0 0 0 0 0 0 0 0 0 0 0 0 0 0 0 0 0 0 0 0 0 0 0 0 0 0 0 0 0 0 
0 0 0 0 0 0 0 0 0 0 0 0 0 0 0 0 0 0 0 0 0 0 0 0 0 0 0 0 0 0 0 0 0 0 0 0 0 0 0 0 0 0 0 0 0 0 0 0 0 0 0 0 0 0 0 0 0 0 0 0 0 0 0 0 0 0 0 0 0 0 0 0 0 0 0 0 0 0 0 0 0 0 0 0 0 0 0 0 0 0 0 0 0 
0 0.00481041 0.00395262 0.00412996 0.00420606 0.0045673 0.00750761 0.00681307 0.00656564 0.00842164 0.0077987 0.0104354 0.0194188 0.909852 
0.00481041 0 0.00388065 0.00405024 0.00382284 0.00581365 0.00392042 0.00548427 0.00939574 0.00599494 0.0124332 0.00781154 0.952814 0.00774492 
0.00395262 0.00388065 0 0.00384207 0.00443155 0.00390185 0.0041736 0.0067284 0.00496805 0.0125371 0.00685351 0.957787 0.00733217 0.0106563 
0.00412996 0.00405024 0.00384207 0 0.00384508 0.00430993 0.00383867 0.00406417 0.00786602 0.00488954 0.976789 0.00889528 0.0149786 0.00575239 
0.00420606 0.00382284 0.00443155 0.00384508 0 0.00383174 0.00382637 0.00854958 0.00430164 0.95616 0.0058221 0.0158308 0.00524449 0.00803063 
0.0045673 0.00581365 0.00390185 0.00430993 0.00383174 0 0.00377648 0.00426552 0.977879 0.00420106 0.00655549 0.00432344 0.0106148 0.00482898 
0.00750761 0.00392042 0.0041736 0.00383867 0.00382637 0.00377648 0 0.993956 0.00405685 0.00411058 0.00394291 0.00535035 0.00438262 0.00613119 
0.00681307 0.00548427 0.0067284 0.00406417 0.00854958 0.00426552 0.993956 0 0.00376017 0.0038194 0.00391283 0.00396991 0.00389247 0.0101252 
0.00656564 0.00939574 0.00496805 0.00786602 0.00430164 0.977879 0.00405685 0.00376017 0 0.00380354 0.00379372 0.00369966 0.0044052 0.00377077 
0.00842164 0.00599494 0.0125371 0.00488954 0.95616 0.00420106 0.00411058 0.0038194 0.00380354 0 0.00376923 0.00384056 0.003771 0.00400358 
0.0077987 0.0124332 0.00685351 0.976789 0.0058221 0.00655549 0.00394291 0.00391283 0.00379372 0.00376923 0 0.0037396 0.00383431 0.00379536 
0.0104354 0.00781154 0.957787 0.00889528 0.0158308 0.00432344 0.00535035 0.00396991 0.00369966 0.00384056 0.0037396 0 0.0037399 0.00377632 
0.0194188 0.952814 0.00733217 0.0149786 0.00524449 0.0106148 0.00438262 0.00389247 0.0044052 0.003771 0.00383431 0.0037399 0 0.00382726 
0.909852 0.00774492 0.0106563 0.00575239 0.00803063 0.00482898 0.00613119 0.0101252 0.00377077 0.00400358 0.00379536 0.00377632 0.00382726 0 
