1V4SA
TLVEQILAEFQLQEEDLKKVMRRMQKEMDRGLRLETHEEASVKMLPTYVRSTPEGSEVGDFLSLDLGGTNFRVMLVKVGEGEEGQWSVKTKHQMYSIPEDAMTGTAEMLFDYISECISDFLDKHQMKHKKLPLGFTFSFPVRHEDIDKGILLNWTKGFKASGAEGNNVVGLLRDAIKRRGDFEMDVVAMVNDTVATMISCYYEDHQCEVGMIVGTGCNACYMEEMQNVELVEGDEGRMCVNTEWGAFGDSGELDEFLLEYDRLVDESSANPGQQLYEKLIGGKYMGELVRLVLLRLVDENLLFHGEASEQLRTRGAFETRFVSQVESDTGDRKQIYNILSTLGLRPSTTDCDIVRRACESVSTRAAHMCSAGLAGVINRMRESRSEDVMRITVGVDGSVYKLHPSFKERFHASVRRLTPSCEITFIESEEGSGRGAALVSAVACKKAC
CHHHHHHHHHCCCHHHHHHHHHHHHHHHHHHHCCCCCCCCCCCCEEEEEECCCCCCCCEEEEEEEECCCEEEEEEEEECCCCCCCCEEEEEEEEEECCCCCCCCEHHHHHHHHHHHHHHHHHCCCCCCCCCEEEEEECCCEEEEECCEEEECCCCCCCCCECCCCCEHHHHHHHHHCCCCCCCCEEEEEECHHHHHHHHHHCCCCCEEEEEEECCCEEEEEEEEHHHCCCCCCCCCEEEEECCHHHCCCCCCCCCCCCHHHHHHHHCCCCCCCCHHHHHHCCCCHHHHHHHHHHHHHHCCCCHHHCCCCHHHCCCCCCHHHHHHHCCCCCCCHHHHHHHHHCCCCCCHHHHHHHHHHHHHHHHHHHHHHHHHHHHHHHHHHCCCCCCCEEEEEEEECHHHHHCCCHHHHHHHHHHHHCCCEEEEEEECCCHHHHHHHHHHHHHHHHHC
0 0 0 0 0 0 0 0 0 0 0 0 0 0 0 0 0 0 0 0 0 0 0 0 0 0 0 0 0 0 0 0 0 0 0 0 0 0 0 0 0 0 0 0 0 0 0 0 0 0 0 0 0 0 0 0 0 0 0 0 0 0 0 0 0 0 0 0 0 0 0 0 0 0 0 0 0 0 0 0 0 0 0 0 0 0 0 0 0 0 0 0 0 0 0 0 0 0 0 0 0 0 0 0 0 0 0 0 0 0 0 0 0 0 0 0 0 0 0 0 0 0 0 0 0 0 0 0 0 0 0 0 0 0 0 0 0 0 0 0 0 0 0 0 0 0 0 0 0 0 0 0 0 0 0 0 0 0 0 0 0 0 0 0 0 0 0 0 0 0 0 0 0 0 0 0 0 0 0 0 0 0 0 0 0 0 0 0 0 0 0 0 0 0 0 0 0 0 0 0 0 0 0 0 0 0 0 0 0 0 0 0 0 0 0 0 0 0 0 0 0 0 0 0 0 0 0 0 0 0 0 0 0 0 0 0 0 0 0 0 0 0 0 0 0 0 0 0 0 0 0 0 0 0 0 0 0 0 0 0 0 0 0 0 0 0 0 0 0 0 0 0 0 0 0 0 0 0 0 0 0 0 0 0 0 0 0 0 0 0 0 0 0 0 0 0 0 0 0 0 0 0 0 0 0 0 0 0 0 0 0 0 0 0 0 0 0 0 0 0 0 0 0 0 0 0 0 0 0 0 0 0 0 0 0 0 0 0 0 0 0 0 0 0 0 0 0 0 0 0 0 0 0 0 0 0 0 0 0 0 0 0 0 0 0 0 0 0 0 0 0 0 0 0 0 0 0 0 0 0 0 0 0 0 0 0 0 0 0 0 0 0 0 0 0 0 0 0 0 0 0 0 0 0 0 0 0 0 0 0 0 0 0 0 0 0 0 0 0 0 0 0 0 0 0 0 0 0 0 0 0 0 0 0 0 0 0 0 0 0 0 0 0 0 0 0 0 0 
0 0 0 0 0 0 0 0 0 0 0 0 0 0 0 0 0 0 0 0 0 0 0 0 0 0 0 0 0 0 0 0 0 0 0 0 0 0 0 0 0 0 0 0 0 0 0 0 0 0 0 0 0 0 0 0 0 0 0 0 0 0 0 0 0 0 0 0 0 0 0 0 0 0 0 0 0 0 0 0 0 0 0 0 0 0 0 0 0 0 0 0 0 0 0 0 0 0 0 0 0 0 0 0 0 0 0 0 0 0 0 0 0 0 0 0 0 0 0 0 0 0 0 0 0 0 0 0 0 0 0 0 0 0 0 0 0 0 0 0 0 0 0 0 0 0 0 0 0 0 0 0 0 0 0 0 0 0 0 0 0 0 0 0 0 0 0 0 0 0 0 0 0 0 0 0 0 0 0 0 0 0 0 0 0 0 0 0 0 0 0 0 0 0 0 0 0 0 0 0 0 0 0 0 0 0 0 0 0 0 0 0 0 0 0 0 0 0 0 0 0 0 0 0 0 0 0 0 0 0 0 0 0 0 0 0 0 0 0 0 0 0 0 0 0 0 0 0 0 0 0 0 0 0 0 0 0 0 0 0 0 0 0 0 0 0 0 0 0 0 0 0 0 0 0 0 0 0 0 0 0 0 0 0 0 0 0 0 0 0 0 0 0 0 0 0 0 0 0 0 0 0 0 0 0 0 0 0 0 0 0 0 0 0 0 0 0 0 0 0 0 0 0 0 0 0 0 0 0 0 0 0 0 0 0 0 0 0 0 0 0 0 0 0 0 0 0 0 0 0 0 0 0 0 0 0 0 0 0 0 0 0 0 0 0 0 0 0 0 0 0 0 0 0 0 0 0 0 0 0 0 0 0 0 0 0 0 0 0 0 0 0 0 0 0 0 0 0 0 0 0 0 0 0 0 0 0 0 0 0 0 0 0 0 0 0 0 0 0 0 0 0 0 0 0 0 0 0 0 0 0 0 0 0 0 0 0 0 0 0 0 0 0 0 0 0 0 0 
0 0.00380074 0.00381303 0.00383126 0.00380429 0.00501673 0.00970449 0.00719191 0.0105886 0.0123945 0.0156444 0.0273276 0.0356544 0.0367781 0.0111536 0.00939659 0.012397 0.0115866 0.0135035 0.0128251 0.0111565 0.0117614 0.0199534 0.0113832 0.00901717 0.00890096 0.00851928 0.00853362 0.00850037 0.00858105 0.00888173 0.00926073 0.0143805 0.0150698 0.0092151 0.00948461 0.00926055 0.00961015 0.00894112 0.0119822 0.0088072 0.00835996 0.00833205 0.00820349 0.00861188 0.00845674 0.00843061 0.00884916 0.00905663 0.00858392 0.00868448 0.00830702 0.00851618 0.00861614 0.00910258 0.00873276 0.00891621 0.00876982 0.00832867 0.00845752 0.00848758 0.00868087 0.00838155 0.00874482 0.00816987 0.00832764 0.00855537 0.00842298 0.00847484 0.00843507 0.00825783 0.00823152 0.00813529 0.00833972 0.00854808 0.00831177 0.00831727 0.00899281 0.00872769 0.00898306 0.00898863 0.00925096 0.00885774 0.00891619 0.00894359 0.0094139 0.00936724 0.0102539 0.0100175 0.0096159 0.009536 0.00973829 
0.00380074 0 0.00378664 0.00380356 0.00386745 0.00385769 0.00665436 0.00728658 0.0103362 0.0135319 0.0414863 0.0558258 0.022777 0.0117371 0.00805954 0.02034 0.00999937 0.0196614 0.0166329 0.0137586 0.0137317 0.0138535 0.0102735 0.00906527 0.0105456 0.00888111 0.00878971 0.00871922 0.00890395 0.00890298 0.00917679 0.0205987 0.00906773 0.00885885 0.00852841 0.0126711 0.0107092 0.0129097 0.0101019 0.00896735 0.00863901 0.00863262 0.00855446 0.00854374 0.00822681 0.00823237 0.00930748 0.00863823 0.00841147 0.00809641 0.00817507 0.00832557 0.00925944 0.00898741 0.00957986 0.00925404 0.00852251 0.0082156 0.00864559 0.00888842 0.00897371 0.00920515 0.00868345 0.0083264 0.00816177 0.00855539 0.00856698 0.00876442 0.00854861 0.00852969 0.00837504 0.0081764 0.00814882 0.00842474 0.00855495 0.00854493 0.00827691 0.00867188 0.00858381 0.00876877 0.0087021 0.00886463 0.00870017 0.00871088 0.00846643 0.00900564 0.00874446 0.0100416 0.00914894 0.00956217 0.00923608 0.0089325 
0.00381303 0.00378664 0 0.0037783 0.00379576 0.00377105 0.00746501 0.00872836 0.0268584 0.0383031 0.0510497 0.0232967 0.017829 0.011446 0.00921879 0.00985809 0.0280404 0.0186085 0.0416995 0.0223515 0.0203287 0.0150055 0.0112052 0.00961293 0.0101344 0.0115688 0.0117982 0.0090861 0.00959133 0.0106182 0.0149687 0.00968118 0.0101761 0.00871179 0.00896126 0.0127228 0.0228485 0.0204171 0.0120772 0.00957764 0.00931537 0.00928133 0.00969356 0.00845062 0.00838559 0.00840705 0.00903327 0.00945701 0.00857195 0.00813667 0.00820492 0.00851112 0.00930232 0.0108131 0.0118334 0.00960435 0.00868396 0.0085057 0.00861522 0.00951849 0.00961689 0.00981281 0.00914743 0.00847303 0.00830307 0.00840598 0.00876963 0.00884555 0.00891919 0.00871558 0.00847723 0.00818454 0.00836758 0.00842537 0.00875299 0.00854849 0.00827344 0.00859495 0.00872033 0.00893396 0.00890328 0.00930716 0.00888742 0.00885414 0.00856367 0.00894545 0.00900831 0.0103112 0.00968554 0.0101198 0.00947844 0.00899613 
0.00383126 0.00380356 0.0037783 0 0.00375881 0.00376904 0.00872452 0.0141407 0.0561076 0.036986 0.0394178 0.016059 0.013435 0.0114255 0.00986538 0.0106646 0.0165564 0.0186805 0.0215723 0.0321648 0.0153754 0.0204028 0.010788 0.00967646 0.0093826 0.0154748 0.00950337 0.00950218 0.00943644 0.0130651 0.01086 0.010228 0.010536 0.00888322 0.00868392 0.011909 0.0224946 0.0156368 0.0115573 0.0092344 0.00882721 0.00913749 0.00940822 0.00851513 0.00844318 0.00832973 0.00917184 0.00896824 0.00856376 0.00812489 0.00820531 0.00847495 0.00886294 0.010531 0.011034 0.00919999 0.00851997 0.00828223 0.0085648 0.00922666 0.00923457 0.00950799 0.00890426 0.00829217 0.00821643 0.00850557 0.00868458 0.00878907 0.00872605 0.00867884 0.00853348 0.00820928 0.00814027 0.00843781 0.00873447 0.00848949 0.00831741 0.00881807 0.00881525 0.00902807 0.0089202 0.00902915 0.00893904 0.00879085 0.0085544 0.00927789 0.00940656 0.0108699 0.0101111 0.0104477 0.0098729 0.00920696 
0.00380429 0.00386745 0.00379576 0.00375881 0 0.00408464 0.034158 0.0421821 0.0172421 0.0309454 0.0122885 0.0111692 0.0120906 0.010558 0.00901424 0.0196222 0.00998176 0.0147738 0.0134021 0.0111829 0.0184068 0.0159532 0.0140221 0.00999943 0.0156067 0.0085443 0.00887785 0.00859134 0.0090505 0.00874669 0.00875196 0.0125254 0.00894868 0.008853 0.00881418 0.014667 0.00982709 0.0138992 0.00946996 0.00953466 0.00895953 0.00854333 0.00861144 0.00840347 0.00823285 0.00833452 0.00963873 0.00850889 0.00863384 0.00823943 0.00822488 0.00829863 0.00954724 0.00858589 0.00918712 0.00864109 0.0083272 0.0082617 0.00838105 0.00849671 0.00849483 0.00857184 0.00848817 0.00826196 0.00813245 0.0083416 0.00833618 0.00840507 0.00834774 0.00830822 0.00841192 0.00814977 0.00813892 0.00846714 0.00840034 0.00835 0.0081635 0.0093502 0.00878012 0.00906098 0.00894379 0.00896661 0.00891098 0.00889347 0.00858175 0.0101185 0.00932542 0.0114921 0.00937642 0.0103037 0.00968566 0.00914371 
0.00501673 0.00385769 0.00377105 0.00376904 0.00408464 0 0.0564914 0.0121563 0.0146357 0.010845 0.00879359 0.00793778 0.00926341 0.00890769 0.019521 0.00932935 0.0104037 0.00913483 0.00943692 0.0112011 0.00921866 0.0109927 0.0123215 0.0394106 0.00883972 0.00856155 0.0083533 0.00873891 0.00841989 0.00840184 0.00866809 0.0085306 0.0103701 0.0123258 0.0120187 0.0087763 0.00935223 0.0088139 0.00921002 0.00869324 0.010631 0.00842003 0.00828375 0.00817957 0.00835684 0.00946853 0.00864745 0.00831519 0.00834044 0.00962679 0.00883703 0.00937398 0.00830509 0.00841327 0.00844899 0.00825009 0.00838938 0.00867756 0.00832858 0.00825339 0.00829344 0.00838997 0.0082109 0.00829433 0.00858696 0.0082302 0.00823124 0.00823361 0.00820449 0.00819733 0.00818318 0.00816368 0.00829017 0.0083036 0.00826459 0.00820966 0.00816845 0.00948481 0.00875639 0.00867523 0.00874301 0.00864874 0.0086828 0.00855319 0.00878754 0.0103117 0.00990044 0.0095601 0.00982855 0.00938254 0.00916562 0.00938553 
0.00970449 0.00665436 0.00746501 0.00872452 0.034158 0.0564914 0 0.00451939 0.00377812 0.00388886 0.00382194 0.00400612 0.00401323 0.00604452 0.00665539 0.00700746 0.00651166 0.00762647 0.00818358 0.0162798 0.0163368 0.0352189 0.805194 0.00967522 0.00861938 0.00846435 0.00864831 0.008396 0.00829275 0.00837448 0.00835411 0.00929132 0.0127328 0.0144461 0.00891717 0.00864063 0.00841283 0.00854739 0.00836826 0.0117344 0.00878831 0.00814061 0.00833715 0.00820208 0.00873554 0.00847771 0.00861575 0.00832017 0.00967298 0.00878964 0.00904643 0.00818944 0.00828463 0.00825098 0.00839161 0.00836092 0.00873964 0.00838155 0.00809869 0.00812503 0.00822784 0.00814032 0.00814923 0.00840286 0.00809847 0.0081317 0.00810747 0.00813271 0.00813024 0.00819381 0.00812135 0.00828969 0.00805729 0.00814402 0.00814181 0.00815423 0.00819431 0.00952153 0.00850228 0.00873668 0.00849346 0.00856106 0.00844862 0.00864028 0.00885403 0.0105299 0.00885761 0.009726 0.00935642 0.00921392 0.00908102 0.00943947 
0.00719191 0.00728658 0.00872836 0.0141407 0.0421821 0.0121563 0.00451939 0 0.00376442 0.00376609 0.00376542 0.00375098 0.00421137 0.00408373 0.00600162 0.00614764 0.00736388 0.00753507 0.00864215 0.0112491 0.0166641 0.815095 0.00900478 0.00880516 0.00873375 0.0091388 0.00834621 0.00845416 0.00838995 0.00852353 0.0107015 0.00918824 0.0112188 0.0100844 0.00875727 0.00899464 0.010812 0.00901197 0.0102124 0.00885965 0.0082244 0.00893881 0.0082322 0.00851393 0.00843988 0.00832411 0.00842176 0.0098856 0.00830328 0.00818021 0.00818801 0.00839018 0.00839189 0.00876759 0.00902915 0.00891398 0.0083512 0.00812818 0.00840916 0.0083992 0.00847975 0.00864289 0.00843279 0.00827219 0.00812669 0.00827294 0.00839703 0.00841052 0.00840307 0.00834161 0.00829346 0.00816557 0.00816537 0.00835466 0.00839672 0.00833575 0.00816334 0.00856889 0.00869103 0.00867354 0.00871579 0.00872782 0.0086048 0.00857594 0.00859372 0.00870625 0.00929255 0.00946664 0.0095721 0.00914493 0.0089407 0.00897374 
0.0105886 0.0103362 0.0268584 0.0561076 0.0172421 0.0146357 0.00377812 0.00376442 0 0.00375512 0.00375592 0.00379955 0.0038564 0.00388127 0.00595188 0.00704932 0.00738105 0.00948517 0.0181474 0.0860189 0.800464 0.0140184 0.0101061 0.00912766 0.00908655 0.00899598 0.00880615 0.00864008 0.0093214 0.00983928 0.0103751 0.0108648 0.00972732 0.00877025 0.00889437 0.0124488 0.0144721 0.0190244 0.0100627 0.00925345 0.00922868 0.00845739 0.00957509 0.00847266 0.00851918 0.00832741 0.00955066 0.00872648 0.00866952 0.00817218 0.00814745 0.00829991 0.00938043 0.0100176 0.0115056 0.00955211 0.00874727 0.00825776 0.00845847 0.00907226 0.00932523 0.00990385 0.00912105 0.00855145 0.00819983 0.00843155 0.00884172 0.00912646 0.00865807 0.00896966 0.00848449 0.00843418 0.00810617 0.00844526 0.00872206 0.00869008 0.00831734 0.00871355 0.00870244 0.00893865 0.00876173 0.0088851 0.00878867 0.00872321 0.00850583 0.00910133 0.00906607 0.0102288 0.0092998 0.0097243 0.0093289 0.00897678 
0.0123945 0.0135319 0.0383031 0.036986 0.0309454 0.010845 0.00388886 0.00376609 0.00375512 0 0.00376855 0.00377073 0.00376505 0.00390141 0.00541677 0.00736272 0.00779727 0.0275643 0.0561913 0.785897 0.0149736 0.00913777 0.010496 0.00894258 0.0097771 0.00960299 0.00943514 0.00875808 0.00945694 0.0103142 0.0110315 0.0100687 0.0102046 0.00895187 0.00927242 0.0201907 0.024301 0.0396553 0.0127567 0.0117805 0.0098129 0.00983551 0.0100567 0.00884135 0.0084609 0.00866288 0.010929 0.00942216 0.00927098 0.00819508 0.00822282 0.00882 0.0101092 0.0127464 0.0159251 0.0110902 0.00913522 0.00839291 0.00876907 0.0101947 0.0109179 0.0117618 0.00952835 0.00868098 0.00828107 0.00857018 0.00913722 0.0092726 0.00948843 0.00896358 0.00860567 0.00823226 0.00820687 0.00851835 0.00902324 0.00872176 0.00850871 0.00870133 0.00872646 0.00892329 0.00886512 0.0091647 0.00888208 0.00889038 0.00850096 0.0090039 0.00899545 0.0100455 0.00926851 0.00952639 0.00935665 0.0090194 
0.0156444 0.0414863 0.0510497 0.0394178 0.0122885 0.00879359 0.00382194 0.00376542 0.00375592 0.00376855 0 0.00375679 0.00379699 0.00377256 0.00576044 0.00575696 0.0237754 0.0396443 0.856219 0.0241935 0.0113445 0.0164385 0.00887899 0.00984463 0.00916894 0.0178656 0.00959142 0.00962452 0.0103811 0.0109085 0.0135297 0.0103607 0.013297 0.00894933 0.0106879 0.0162387 0.0659085 0.0205157 0.0230919 0.00997555 0.00971973 0.0125118 0.0105765 0.00989954 0.00905392 0.00873089 0.0104862 0.0128778 0.00883272 0.0082475 0.00824737 0.00902811 0.0105239 0.0146585 0.0180368 0.0120255 0.0092106 0.00850536 0.00961595 0.0101978 0.0135924 0.0121485 0.0104075 0.00867485 0.00837461 0.00889136 0.00918161 0.00998938 0.0105576 0.00970338 0.00893661 0.00851397 0.00835614 0.00866622 0.0102022 0.0092502 0.00842242 0.00867797 0.00879075 0.00895813 0.00903627 0.00924241 0.0090881 0.00900323 0.00851423 0.00896619 0.00917797 0.00985965 0.00962462 0.00982963 0.00935504 0.00896893 
0.0273276 0.0558258 0.0232967 0.016059 0.0111692 0.00793778 0.00400612 0.00375098 0.00379955 0.00377073 0.00375679 0 0.00377645 0.00376815 0.00445828 0.0223376 0.0267186 0.883645 0.0137895 0.00923525 0.0192351 0.00822769 0.0101851 0.0092564 0.0144135 0.0090263 0.0109006 0.0105333 0.00931976 0.0116863 0.00947066 0.0184766 0.00923626 0.0086132 0.00930785 0.0466801 0.0176919 0.114545 0.0111038 0.0129022 0.0106755 0.0088363 0.0163692 0.008732 0.00843688 0.00854604 0.0158335 0.00904548 0.00960525 0.00818902 0.00823145 0.00848001 0.0130293 0.01232 0.0200167 0.0118215 0.00914884 0.00856409 0.0086149 0.0126933 0.0107388 0.0124234 0.0102058 0.00869389 0.00834004 0.00853728 0.00945638 0.00927008 0.00926231 0.00932981 0.00859515 0.00821044 0.00825904 0.00862428 0.00894477 0.00918967 0.0082897 0.00891332 0.00871836 0.00897165 0.0089927 0.00919364 0.00893722 0.0089787 0.00842674 0.00917903 0.00881397 0.00997375 0.00921348 0.00968039 0.00936626 0.00874023 
0.0356544 0.022777 0.017829 0.013435 0.0120906 0.00926341 0.00401323 0.00421137 0.0038564 0.00376505 0.00379699 0.00377645 0 0.00377524 0.0277855 0.0298033 0.811728 0.00909717 0.0105106 0.0106182 0.0078645 0.0235639 0.00810564 0.00914003 0.00938924 0.0112856 0.00892125 0.00843715 0.00834626 0.00917116 0.0172715 0.0116235 0.0173994 0.0096302 0.0134304 0.0120958 0.0420205 0.0125933 0.0541341 0.0102591 0.00887734 0.0152631 0.00871957 0.010556 0.00895705 0.00865389 0.00917514 0.0144431 0.00906168 0.00843413 0.00845461 0.0088382 0.00907641 0.0108213 0.0126763 0.011985 0.00896727 0.00825427 0.00902106 0.00951375 0.00968315 0.0098923 0.0100713 0.00858703 0.00821341 0.00865081 0.00884976 0.00914239 0.00918272 0.00880049 0.00862715 0.00820699 0.00810645 0.00855445 0.0090297 0.00880557 0.00853485 0.00847221 0.00870414 0.00881049 0.00892595 0.00897979 0.00883365 0.00894256 0.00853063 0.00855855 0.00906409 0.00911157 0.00932801 0.00924506 0.00918471 0.00889272 
0.0367781 0.0117371 0.011446 0.0114255 0.010558 0.00890769 0.00604452 0.00408373 0.00388127 0.00390141 0.00377256 0.00376815 0.00377524 0 0.0921838 0.196254 0.00480791 0.00537987 0.00589285 0.00635581 0.0081658 0.00772338 0.0113313 0.0123036 0.00924526 0.00803126 0.00833249 0.00806465 0.00811386 0.00872683 0.0085584 0.0147218 0.0134517 0.017351 0.010951 0.0149989 0.00959539 0.013197 0.0101272 0.0203101 0.0187496 0.00830355 0.00862315 0.00834947 0.00976425 0.00949623 0.00980008 0.00848987 0.01251 0.00970817 0.00887658 0.00932961 0.00881723 0.00925401 0.00971742 0.008653 0.00973829 0.00903125 0.00844582 0.00842315 0.00868353 0.00878267 0.00852114 0.00930758 0.00912093 0.00835861 0.00839533 0.00855194 0.00839047 0.0083145 0.00835729 0.00824391 0.00828512 0.00844531 0.00845331 0.008289 0.00843062 0.00941985 0.00855163 0.00861082 0.00877839 0.00863014 0.00850133 0.00882584 0.00885586 0.0100022 0.00870405 0.00918104 0.00881402 0.00885717 0.00911578 0.00894021 
0.0111536 0.00805954 0.00921879 0.00986538 0.00901424 0.019521 0.00665539 0.00600162 0.00595188 0.00541677 0.00576044 0.00445828 0.0277855 0.0921838 0 0.00394437 0.00381046 0.00379752 0.003853 0.00392077 0.00393182 0.0062274 0.00751094 0.0106295 0.00758748 0.00848907 0.00814655 0.00799885 0.00800217 0.00799437 0.0120776 0.0250177 0.636831 0.0288718 0.0113265 0.00848291 0.00916739 0.00843992 0.0106962 0.0111607 0.00857051 0.00900769 0.00814835 0.00845627 0.0118311 0.00996502 0.00826941 0.0104728 0.00996129 0.0113169 0.0127058 0.0100272 0.00827464 0.00874731 0.00860279 0.00862871 0.00934132 0.00822026 0.00835058 0.00819866 0.00837205 0.00830433 0.00826537 0.0092118 0.00836542 0.00820308 0.00815334 0.00814335 0.00819864 0.00836335 0.00819996 0.00887243 0.00813433 0.00827577 0.00815437 0.00824546 0.00865625 0.00864668 0.00879058 0.00838288 0.00865381 0.0084248 0.00846537 0.00841756 0.00933417 0.00895367 0.00968812 0.00880496 0.00994009 0.00879223 0.00866766 0.00996841 
0.00939659 0.02034 0.00985809 0.0106646 0.0196222 0.00932935 0.00700746 0.00614764 0.00704932 0.00736272 0.00575696 0.0223376 0.0298033 0.196254 0.00394437 0 0.00375905 0.00376236 0.00379621 0.0038292 0.00406876 0.00405689 0.00570033 0.00767276 0.010142 0.00762394 0.00856399 0.00765113 0.00805723 0.0147008 0.0290668 0.642083 0.0104555 0.00978078 0.00907844 0.0265877 0.00889255 0.0236576 0.00896853 0.0139432 0.0104825 0.0083573 0.0109771 0.00876589 0.00845848 0.00853916 0.0160356 0.00865034 0.00964698 0.00850114 0.00833328 0.00825369 0.0119435 0.00876765 0.0104823 0.0088372 0.00881474 0.00863733 0.00835838 0.00903843 0.00883417 0.00877093 0.00856533 0.00846912 0.00824526 0.00827121 0.00846679 0.0085634 0.00851676 0.0084998 0.00836765 0.00831425 0.00814235 0.00837555 0.00838295 0.00874594 0.00820699 0.00945261 0.00855306 0.00904371 0.00857868 0.00876867 0.00850858 0.00879306 0.00847927 0.0100885 0.0086451 0.010456 0.00884316 0.00940301 0.00920841 0.00879812 
0.012397 0.00999937 0.0280404 0.0165564 0.00998176 0.0104037 0.00651166 0.00736388 0.00738105 0.00779727 0.0237754 0.0267186 0.811728 0.00480791 0.00381046 0.00375905 0 0.00376984 0.0037817 0.00374196 0.00375751 0.00461185 0.00403785 0.00812205 0.0070605 0.0128405 0.00796548 0.00852467 0.0144919 0.0666886 0.675403 0.00997572 0.0139913 0.0101396 0.0104937 0.011088 0.055053 0.013551 0.0243493 0.00940216 0.00908311 0.0142892 0.00919346 0.0091772 0.00887908 0.00933094 0.00898856 0.0148841 0.00862766 0.00824266 0.00840066 0.00950252 0.00915406 0.0141909 0.0140706 0.0118183 0.00904205 0.00826399 0.00924303 0.00951626 0.0113774 0.0116966 0.00925995 0.00883554 0.0081889 0.00873418 0.00905925 0.00912672 0.0100688 0.00931224 0.00866159 0.00837108 0.00814462 0.008518 0.0092791 0.00865824 0.00840131 0.00849463 0.00877829 0.00875418 0.00871993 0.00880639 0.00867503 0.00866232 0.00848673 0.00850831 0.00931734 0.00948127 0.00954369 0.00925378 0.0089562 0.00887064 
0.0115866 0.0196614 0.0186085 0.0186805 0.0147738 0.00913483 0.00762647 0.00753507 0.00948517 0.0275643 0.0396443 0.883645 0.00909717 0.00537987 0.00379752 0.00376236 0.00376984 0 0.00378664 0.00377038 0.00380409 0.00379106 0.00394837 0.00763891 0.00925138 0.00850146 0.0106355 0.014105 0.071969 0.620504 0.0107898 0.020559 0.00973994 0.00869949 0.0112953 0.042192 0.0223976 0.0848213 0.012305 0.0128945 0.0125309 0.00975598 0.0177633 0.00936018 0.00863865 0.00904317 0.0184548 0.00981328 0.009796 0.00821751 0.00830807 0.00877672 0.0148644 0.0159455 0.0334905 0.0135728 0.00965298 0.00927053 0.00914893 0.0142928 0.01456 0.0166744 0.0117378 0.00872887 0.00869143 0.00882486 0.0101722 0.0108741 0.0105939 0.0108627 0.00895193 0.00828902 0.00837183 0.00933609 0.00955876 0.00965018 0.00850623 0.00893774 0.00879787 0.00899782 0.00899793 0.00912498 0.00893966 0.00887616 0.00842699 0.00912442 0.00888645 0.00993817 0.00918342 0.0095455 0.00913678 0.00882517 
0.0135035 0.0166329 0.0416995 0.0215723 0.0134021 0.00943692 0.00818358 0.00864215 0.0181474 0.0561913 0.856219 0.0137895 0.0105106 0.00589285 0.003853 0.00379621 0.0037817 0.00378664 0 0.00380426 0.00378099 0.00385839 0.00384497 0.00982661 0.00809531 0.0104161 0.0260869 0.0735152 0.610529 0.0124477 0.0129713 0.0103315 0.0107448 0.00894848 0.0150267 0.0304395 0.0697891 0.0475895 0.0201412 0.0140096 0.0110713 0.0137031 0.0121245 0.0105276 0.0092863 0.00943061 0.0141634 0.0132198 0.00971618 0.00828298 0.00836215 0.00957437 0.0133899 0.0274649 0.0315889 0.0174492 0.00988168 0.00870079 0.00969591 0.0144898 0.0163019 0.0171096 0.0120576 0.0091224 0.00848849 0.00901376 0.0103675 0.0111475 0.0119055 0.0100759 0.00902374 0.00850086 0.00844179 0.00899311 0.010432 0.00905652 0.00873047 0.00867074 0.0087378 0.00901974 0.00892099 0.00926956 0.00897821 0.00896543 0.00844138 0.00882843 0.0090698 0.00961477 0.00941206 0.00959634 0.00919919 0.00899141 
0.0128251 0.0137586 0.0223515 0.0321648 0.0111829 0.0112011 0.0162798 0.0112491 0.0860189 0.785897 0.0241935 0.00923525 0.0106182 0.00635581 0.00392077 0.0038292 0.00374196 0.00377038 0.00380426 0 0.00377643 0.00379928 0.00381377 0.00853944 0.00931668 0.0131167 0.146955 0.561526 0.0115328 0.0102173 0.0108859 0.0113719 0.0128328 0.00951898 0.0107909 0.0227342 0.0590198 0.0284089 0.0394761 0.0106022 0.01012 0.014234 0.0114305 0.0116798 0.00920062 0.0090793 0.0112606 0.0149338 0.00946533 0.00835418 0.00846937 0.0093082 0.0113033 0.0186394 0.0288449 0.014235 0.00951381 0.00871448 0.0096685 0.0110067 0.0157015 0.0156846 0.011145 0.00880115 0.00838889 0.00887636 0.0101201 0.0104955 0.0111753 0.00996179 0.00875587 0.00826563 0.00821796 0.00882383 0.0096841 0.00989177 0.00864404 0.00863816 0.00878796 0.00886851 0.00894643 0.00899742 0.00895064 0.00879498 0.00852002 0.00872321 0.00918576 0.00936836 0.00945318 0.00929747 0.00911279 0.00894954 
0.0111565 0.0137317 0.0203287 0.0153754 0.0184068 0.00921866 0.0163368 0.0166641 0.800464 0.0149736 0.0113445 0.0192351 0.0078645 0.0081658 0.00393182 0.00406876 0.00375751 0.00380409 0.00378099 0.00377643 0 0.00379741 0.00380433 0.00832762 0.0104382 0.297559 0.23532 0.00774441 0.00820733 0.00888397 0.0101467 0.016534 0.00925096 0.0081318 0.0103016 0.0354767 0.016311 0.0823515 0.010235 0.0133822 0.0131534 0.00876345 0.0262473 0.00889229 0.00849242 0.00883892 0.0212092 0.00899562 0.0105457 0.00816479 0.00820807 0.00852405 0.0130834 0.0139052 0.0197436 0.0110703 0.00939691 0.00898631 0.00854807 0.0133057 0.0106814 0.0133696 0.0103872 0.00856837 0.00843846 0.00863816 0.00976635 0.00954956 0.00958115 0.00940299 0.00865245 0.00826591 0.00827907 0.00888734 0.00931113 0.00899958 0.00839851 0.00942677 0.00871179 0.00912979 0.00880144 0.00909961 0.00879759 0.00890189 0.00845425 0.009899 0.0088187 0.0102908 0.0090211 0.00955548 0.00929445 0.00880693 
0.0117614 0.0138535 0.0150055 0.0204028 0.0159532 0.0109927 0.0352189 0.815095 0.0140184 0.00913777 0.0164385 0.00822769 0.0235639 0.00772338 0.0062274 0.00405689 0.00461185 0.00379106 0.00385839 0.00379928 0.00379741 0 0.00376874 0.014557 0.334324 0.148137 0.00776481 0.0076082 0.00740507 0.00842789 0.0119039 0.0102299 0.0167603 0.0131958 0.0117044 0.0121765 0.0375881 0.0114837 0.0487226 0.00953237 0.00917778 0.0260761 0.00846021 0.0105355 0.00900953 0.00940817 0.00986178 0.0203343 0.00881028 0.00898045 0.00900404 0.010785 0.00957321 0.0111534 0.0129804 0.0143974 0.00870157 0.00842494 0.00962955 0.00913737 0.0100868 0.01016 0.00988937 0.00851442 0.00830586 0.00877145 0.0088017 0.00896418 0.00936954 0.00864371 0.0085011 0.00830269 0.00824769 0.00863138 0.00902224 0.00868284 0.0083239 0.00862557 0.00893353 0.00876657 0.00891008 0.00884196 0.00889106 0.00886934 0.00862393 0.00866308 0.00995897 0.00903384 0.0100369 0.00905488 0.00907683 0.00931575 
0.0199534 0.0102735 0.0112052 0.010788 0.0140221 0.0123215 0.805194 0.00900478 0.0101061 0.010496 0.00887899 0.0101851 0.00810564 0.0113313 0.00751094 0.00570033 0.00403785 0.00394837 0.00384497 0.00381377 0.00380433 0.00376874 0 0.466846 0.0572688 0.00736969 0.00711058 0.00670184 0.00713978 0.00698321 0.00685859 0.0117239 0.0115758 0.0127642 0.0132566 0.0161709 0.009397 0.0139964 0.00984252 0.0235463 0.029034 0.00840615 0.00933498 0.00842504 0.00961235 0.0111425 0.0128432 0.00865866 0.0140217 0.0107458 0.00963594 0.00978327 0.00925634 0.00891342 0.00961448 0.00885469 0.00973761 0.0101574 0.0083567 0.00847693 0.008587 0.00883821 0.00853075 0.00901378 0.00940951 0.00831159 0.00833971 0.00838723 0.00844087 0.00834592 0.00848537 0.00821608 0.00871081 0.00843558 0.00835364 0.00839755 0.00831967 0.00994961 0.00854501 0.00899559 0.00859414 0.00869091 0.00850376 0.0087864 0.00858836 0.0113299 0.0087799 0.0102857 0.00886766 0.0093213 0.00930517 0.00892601 
0.0113832 0.00906527 0.00961293 0.00967646 0.00999943 0.0394106 0.00967522 0.00880516 0.00912766 0.00894258 0.00984463 0.0092564 0.00914003 0.0123036 0.0106295 0.00767276 0.00812205 0.00763891 0.00982661 0.00853944 0.00832762 0.014557 0.466846 0 0.00380814 0.00375679 0.00380736 0.00383556 0.00383838 0.00395107 0.00401592 0.00507931 0.0213035 0.0118789 0.0152776 0.00931103 0.0102914 0.00909059 0.00973871 0.0155485 0.00982457 0.0086717 0.00861644 0.00866507 0.0110086 0.00941668 0.00900766 0.00909917 0.0117322 0.01007 0.0102345 0.00906864 0.00839606 0.00879891 0.00884157 0.00859404 0.0101112 0.00843592 0.0081906 0.00825356 0.00847992 0.00839882 0.00832909 0.00892479 0.00821643 0.00812331 0.00821791 0.00822193 0.00835931 0.00820895 0.00835424 0.00899698 0.00811431 0.00828779 0.0082487 0.0082236 0.00843613 0.00884981 0.00844079 0.00849142 0.00842858 0.00845643 0.00838421 0.00848275 0.00873737 0.00929641 0.00862302 0.00890823 0.00890291 0.00867392 0.00868054 0.00919458 
0.00901717 0.0105456 0.0101344 0.0093826 0.0156067 0.00883972 0.00861938 0.00873375 0.00908655 0.0097771 0.00916894 0.0144135 0.00938924 0.00924526 0.00758748 0.010142 0.0070605 0.00925138 0.00809531 0.00931668 0.0104382 0.334324 0.0572688 0.00380814 0 0.00375298 0.00374402 0.00379917 0.00380597 0.00380392 0.00403792 0.0182828 0.00580127 0.00704536 0.00901607 0.0154135 0.00911089 0.0117334 0.00926278 0.00974482 0.00876214 0.00852514 0.00873574 0.0087217 0.00841366 0.00839755 0.00974499 0.00910734 0.00855896 0.00826263 0.00829821 0.00818561 0.00868609 0.00862845 0.0095953 0.00863816 0.00844002 0.00817013 0.00825535 0.00852224 0.0085302 0.00879147 0.00844882 0.00822926 0.00808517 0.00821052 0.00840427 0.00838869 0.00837332 0.00830534 0.00835054 0.00824207 0.00806012 0.00829324 0.0083732 0.00848887 0.0081573 0.00865055 0.00851654 0.0085542 0.00848704 0.00856126 0.00843451 0.00848072 0.00843765 0.00888593 0.00860356 0.00895902 0.00872682 0.00873161 0.00862309 0.00867496 
0.00890096 0.00888111 0.0115688 0.0154748 0.0085443 0.00856155 0.00846435 0.0091388 0.00899598 0.00960299 0.0178656 0.0090263 0.0112856 0.00803126 0.00848907 0.00762394 0.0128405 0.00850146 0.0104161 0.0131167 0.297559 0.148137 0.00736969 0.00375679 0.00375298 0 0.0037538 0.00374779 0.00389398 0.00387836 0.0063708 0.00401046 0.00422732 0.00626167 0.00908805 0.00868591 0.0168471 0.00971297 0.0101929 0.00881123 0.0084226 0.00901564 0.00858529 0.00843067 0.00855165 0.00845252 0.00859943 0.00877228 0.00831951 0.00825016 0.0082658 0.00860908 0.00837683 0.00952878 0.0102415 0.00885635 0.00829421 0.00816614 0.00843771 0.00850144 0.00901814 0.00896787 0.00859063 0.00826211 0.00812421 0.00825373 0.00847794 0.00846229 0.00860272 0.00843839 0.00830819 0.00821568 0.00809695 0.00836702 0.00842123 0.00839065 0.00825674 0.00852861 0.00859091 0.00856506 0.00860718 0.00859267 0.00855392 0.00849288 0.00846466 0.00860607 0.00881606 0.00903442 0.00902568 0.00890786 0.00872152 0.00874436 
0.00851928 0.00878971 0.0117982 0.00950337 0.00887785 0.0083533 0.00864831 0.00834621 0.00880615 0.00943514 0.00959142 0.0109006 0.00892125 0.00833249 0.00814655 0.00856399 0.00796548 0.0106355 0.0260869 0.146955 0.23532 0.00776481 0.00711058 0.00380736 0.00374402 0.0037538 0 0.00376756 0.00374709 0.00453122 0.00387043 0.00382758 0.00385325 0.00602297 0.00881422 0.0106743 0.0094829 0.0124157 0.00860427 0.00865649 0.00869885 0.00840565 0.00914255 0.00829499 0.00830301 0.00833134 0.00894377 0.00838211 0.00833174 0.00815196 0.00817159 0.00824469 0.00866697 0.00881626 0.00963347 0.00853551 0.00834375 0.00824276 0.00820283 0.00861285 0.00877189 0.00877793 0.00847281 0.00821244 0.00810154 0.00822399 0.00851338 0.00845656 0.00846219 0.00839677 0.00826146 0.00823208 0.00805966 0.00834143 0.00842813 0.00835136 0.0081518 0.0086005 0.0085419 0.00854557 0.00854927 0.00853963 0.00850341 0.00841482 0.00846336 0.00890747 0.0086402 0.00898792 0.00875414 0.00882644 0.00870747 0.00870415 
0.00853362 0.00871922 0.0090861 0.00950218 0.00859134 0.00873891 0.008396 0.00845416 0.00864008 0.00875808 0.00962452 0.0105333 0.00843715 0.00806465 0.00799885 0.00765113 0.00852467 0.014105 0.0735152 0.561526 0.00774441 0.0076082 0.00670184 0.00383556 0.00379917 0.00374779 0.00376756 0 0.00573721 0.00374965 0.00384355 0.00381518 0.00377758 0.00573779 0.00884497 0.00868033 0.0116383 0.00898434 0.00884547 0.00864986 0.0083336 0.00850658 0.00854029 0.00832644 0.00835771 0.00838897 0.00848402 0.00841646 0.00825262 0.00811405 0.00814681 0.00826437 0.00830487 0.00870197 0.00883372 0.00845241 0.00829155 0.00810465 0.00826239 0.00845578 0.00862474 0.00860413 0.00839557 0.00817362 0.00807875 0.00817916 0.00837281 0.00839822 0.00839072 0.00832488 0.0082471 0.00819494 0.00805152 0.00831093 0.00835068 0.00825204 0.00816511 0.00847433 0.00852075 0.00849268 0.0085056 0.00850394 0.00845692 0.00844603 0.00843057 0.00860006 0.00869696 0.0089572 0.00883918 0.00877974 0.00855077 0.00867891 
0.00850037 0.00890395 0.00959133 0.00943644 0.0090505 0.00841989 0.00829275 0.00838995 0.0093214 0.00945694 0.0103811 0.00931976 0.00834626 0.00811386 0.00800217 0.00805723 0.0144919 0.071969 0.610529 0.0115328 0.00820733 0.00740507 0.00713978 0.00383838 0.00380597 0.00389398 0.00374709 0.00573721 0 0.00370931 0.00375134 0.00381849 0.00377227 0.00551159 0.00885363 0.0101728 0.00968504 0.0114029 0.0087575 0.00870351 0.00847377 0.00842462 0.008701 0.00836057 0.00829753 0.00835311 0.00872473 0.00849356 0.00829119 0.00809122 0.00808768 0.00820943 0.00848391 0.00889883 0.0096559 0.00842992 0.00835058 0.00814781 0.00820857 0.0084674 0.00886138 0.00864359 0.00833333 0.00819662 0.00807252 0.00820562 0.0084027 0.00836019 0.00847467 0.00830408 0.00831055 0.00821672 0.00806388 0.00829371 0.00841205 0.00827679 0.00812462 0.00850911 0.00843057 0.00847247 0.00846367 0.00844179 0.00842402 0.00836469 0.0084247 0.00872279 0.00856581 0.00890032 0.00860699 0.00871242 0.00859145 0.00863837 
0.00858105 0.00890298 0.0106182 0.0130651 0.00874669 0.00840184 0.00837448 0.00852353 0.00983928 0.0103142 0.0109085 0.0116863 0.00917116 0.00872683 0.00799437 0.0147008 0.0666886 0.620504 0.0124477 0.0102173 0.00888397 0.00842789 0.00698321 0.00395107 0.00380392 0.00387836 0.00453122 0.00374965 0.00370931 0 0.00375131 0.00374666 0.00376372 0.00511189 0.00902632 0.0106612 0.0129223 0.01312 0.00992179 0.00885584 0.00844995 0.00863198 0.00898439 0.00856865 0.00830234 0.00844654 0.00882802 0.00858629 0.00838386 0.00810466 0.00816085 0.0082706 0.00865254 0.00912114 0.0107418 0.00866503 0.00830706 0.00813993 0.00824164 0.00872107 0.0091097 0.00893418 0.00860267 0.0082857 0.00808181 0.00823671 0.00851453 0.00851931 0.00835521 0.00851991 0.00826545 0.00817952 0.00805687 0.00834339 0.00844967 0.00827236 0.00818967 0.00845531 0.00848466 0.00849054 0.00848048 0.00848858 0.00846881 0.00840518 0.00839881 0.00852987 0.00858719 0.00890479 0.0087283 0.00875192 0.0085334 0.00860906 
0.00888173 0.00917679 0.0149687 0.01086 0.00875196 0.00866809 0.00835411 0.0107015 0.0103751 0.0110315 0.0135297 0.00947066 0.0172715 0.0085584 0.0120776 0.0290668 0.675403 0.0107898 0.0129713 0.0108859 0.0101467 0.0119039 0.00685859 0.00401592 0.00403792 0.0063708 0.00387043 0.00384355 0.00375134 0.00375131 0 0.00377017 0.00376176 0.00522668 0.00966105 0.0117342 0.0259441 0.0107332 0.0135677 0.00866685 0.00857245 0.00986322 0.00879747 0.00881804 0.00843642 0.00879036 0.00875916 0.0111925 0.00836907 0.00818688 0.00822819 0.00845877 0.00855852 0.0111749 0.010808 0.00889511 0.00848513 0.0081759 0.00850127 0.00876392 0.0091904 0.00928192 0.00862646 0.00839833 0.00811238 0.00825021 0.00860241 0.00858379 0.00869615 0.00848708 0.00831419 0.00825698 0.00810246 0.00853526 0.00865293 0.00837805 0.00822249 0.00849485 0.00856755 0.00852803 0.00857597 0.00857699 0.00850513 0.00840396 0.00842108 0.00849879 0.00879458 0.00885241 0.00896114 0.00880244 0.00856869 0.00863131 
0.00926073 0.0205987 0.00968118 0.010228 0.0125254 0.0085306 0.00929132 0.00918824 0.0108648 0.0100687 0.0103607 0.0184766 0.0116235 0.0147218 0.0250177 0.642083 0.00997572 0.020559 0.0103315 0.0113719 0.016534 0.0102299 0.0117239 0.00507931 0.0182828 0.00401046 0.00382758 0.00381518 0.00381849 0.00374666 0.00377017 0 0.0037908 0.00523441 0.0102397 0.0477317 0.0115725 0.0358068 0.0124346 0.0124568 0.010801 0.00871425 0.0105445 0.0087994 0.00852923 0.00853131 0.0182155 0.00861182 0.0105303 0.00826694 0.00829745 0.00830149 0.0120086 0.00879433 0.0106454 0.00964938 0.00922282 0.00864821 0.00834637 0.00911743 0.00874263 0.00909547 0.00902802 0.00837946 0.00821589 0.00825482 0.00873689 0.00848816 0.00856021 0.00849997 0.00830141 0.00830345 0.00813641 0.00837908 0.00849281 0.00853139 0.00838527 0.00882327 0.00843945 0.00864598 0.00852013 0.00856508 0.00850531 0.00854963 0.00839226 0.00924041 0.00852983 0.0093644 0.00865614 0.00886318 0.00871834 0.00850879 
0.0143805 0.00906773 0.0101761 0.010536 0.00894868 0.0103701 0.0127328 0.0112188 0.00972732 0.0102046 0.013297 0.00923626 0.0173994 0.0134517 0.636831 0.0104555 0.0139913 0.00973994 0.0107448 0.0128328 0.00925096 0.0167603 0.0115758 0.0213035 0.00580127 0.00422732 0.00385325 0.00377758 0.00377227 0.00376372 0.00376176 0.0037908 0 0.0381875 0.0253328 0.0103542 0.032973 0.0104396 0.052008 0.0136855 0.0154008 0.010747 0.00847596 0.009007 0.0104406 0.0165884 0.0088677 0.0119364 0.00942692 0.0125276 0.0119311 0.0185981 0.00864782 0.00930353 0.00903692 0.00905194 0.00932302 0.00907623 0.0087138 0.00839221 0.00871869 0.00865324 0.00857438 0.00895883 0.00945604 0.00832667 0.00836735 0.00844657 0.00842565 0.00836314 0.00841394 0.0084818 0.00855921 0.00829768 0.00835972 0.00834121 0.00846866 0.00868199 0.00866235 0.00847659 0.00861346 0.00845531 0.00851958 0.0084626 0.0087076 0.0088377 0.00954741 0.00858098 0.00947559 0.00867458 0.00858233 0.00885741 
0.0150698 0.00885885 0.00871179 0.00888322 0.008853 0.0123258 0.0144461 0.0100844 0.00877025 0.00895187 0.00894933 0.0086132 0.0096302 0.017351 0.0288718 0.00978078 0.0101396 0.00869949 0.00894848 0.00951898 0.0081318 0.0131958 0.0127642 0.0118789 0.00704536 0.00626167 0.00602297 0.00573779 0.00551159 0.00511189 0.00522668 0.00523441 0.0381875 0 0.029339 0.0114981 0.010922 0.00961662 0.0168595 0.0186436 0.0151551 0.0109266 0.0081399 0.00921355 0.0160135 0.0184908 0.00911495 0.0115333 0.0114391 0.0532382 0.0841333 0.0200852 0.00872021 0.00860019 0.00849535 0.00886003 0.0113077 0.0109714 0.00896207 0.00816781 0.00831513 0.00829039 0.00832818 0.0110487 0.0121824 0.00830908 0.0082492 0.00838245 0.00832263 0.00823782 0.0086326 0.0108475 0.010314 0.00832941 0.00846581 0.00832459 0.00909914 0.00991265 0.00913345 0.00836226 0.00885499 0.00841605 0.00860421 0.00843296 0.0109622 0.00988138 0.0106158 0.00852607 0.010557 0.00863852 0.00910033 0.0114161 
0.0092151 0.00852841 0.00896126 0.00868392 0.00881418 0.0120187 0.00891717 0.00875727 0.00889437 0.00927242 0.0106879 0.00930785 0.0134304 0.010951 0.0113265 0.00907844 0.0104937 0.0112953 0.0150267 0.0107909 0.0103016 0.0117044 0.0132566 0.0152776 0.00901607 0.00908805 0.00881422 0.00884497 0.00885363 0.00902632 0.00966105 0.0102397 0.0253328 0.029339 0 0.00382733 0.00378934 0.00376618 0.00408478 0.0042811 0.00549667 0.0071824 0.00629867 0.00815548 0.0180678 0.0105774 0.00894598 0.0136286 0.0132743 0.0152504 0.017979 0.0253003 0.00990668 0.0114767 0.0111393 0.0129927 0.0145307 0.00995769 0.00933843 0.0094685 0.00986157 0.0100157 0.00985002 0.0115261 0.00904376 0.00869165 0.00870868 0.00869381 0.00891795 0.00855662 0.0088845 0.0103352 0.00872716 0.00839187 0.00883417 0.00862467 0.00952508 0.00834435 0.00835692 0.00834423 0.00836713 0.00836825 0.00828235 0.00833061 0.00852951 0.0083713 0.00850822 0.00844019 0.00880758 0.00846914 0.0083456 0.00864715 
0.00948461 0.0126711 0.0127228 0.011909 0.014667 0.0087763 0.00864063 0.00899464 0.0124488 0.0201907 0.0162387 0.0466801 0.0120958 0.0149989 0.00848291 0.0265877 0.011088 0.042192 0.0304395 0.0227342 0.0354767 0.0121765 0.0161709 0.00931103 0.0154135 0.00868591 0.0106743 0.00868033 0.0101728 0.0106612 0.0117342 0.0477317 0.0103542 0.0114981 0.00382733 0 0.00378069 0.00378495 0.00384751 0.00385766 0.00563748 0.00546614 0.00765213 0.0104589 0.024777 0.00782628 0.0185916 0.00946122 0.0134507 0.0092236 0.0092838 0.00921957 0.0660811 0.0168683 0.0437903 0.0234598 0.0146436 0.0101734 0.0103073 0.0232359 0.0163123 0.0421554 0.0161748 0.0121049 0.0087251 0.0102678 0.013058 0.013951 0.0118161 0.0139009 0.0112346 0.00964799 0.00835087 0.0102722 0.010881 0.0150484 0.00932201 0.00848339 0.00839825 0.00852837 0.00851476 0.00854324 0.00855704 0.00856717 0.00832971 0.00854036 0.00844107 0.00863429 0.00853261 0.00862924 0.00861134 0.00845603 
0.00926055 0.0107092 0.0228485 0.0224946 0.00982709 0.00935223 0.00841283 0.010812 0.0144721 0.024301 0.0659085 0.0176919 0.0420205 0.00959539 0.00916739 0.00889255 0.055053 0.0223976 0.0697891 0.0590198 0.016311 0.0375881 0.009397 0.0102914 0.00911089 0.0168471 0.0094829 0.0116383 0.00968504 0.0129223 0.0259441 0.0115725 0.032973 0.010922 0.00378934 0.00378069 0 0.00376917 0.00379199 0.00383487 0.00407739 0.011378 0.00864494 0.0359267 0.0178416 0.00911722 0.00996312 0.0257016 0.00892851 0.00895998 0.00871253 0.0126194 0.0118856 0.082564 0.0580813 0.0373538 0.0114263 0.00867095 0.0214166 0.0177003 0.0717646 0.0345216 0.0254785 0.0106675 0.00874213 0.0132376 0.0196205 0.0239784 0.0353079 0.015325 0.0124725 0.00891224 0.00848563 0.0100187 0.0255862 0.0123546 0.0106531 0.00842398 0.00850597 0.00855879 0.0085157 0.00867403 0.00861041 0.00844639 0.00833198 0.00837809 0.00848043 0.00859798 0.00871851 0.00869576 0.00843674 0.00842151 
0.00961015 0.0129097 0.0204171 0.0156368 0.0138992 0.0088139 0.00854739 0.00901197 0.0190244 0.0396553 0.0205157 0.114545 0.0125933 0.013197 0.00843992 0.0236576 0.013551 0.0848213 0.0475895 0.0284089 0.0823515 0.0114837 0.0139964 0.00909059 0.0117334 0.00971297 0.0124157 0.00898434 0.0114029 0.01312 0.0107332 0.0358068 0.0104396 0.00961662 0.00376618 0.00378495 0.00376917 0 0.0037618 0.00380011 0.00496004 0.00882306 0.0557465 0.0242024 0.00590719 0.00707914 0.021246 0.00813382 0.0166313 0.00860176 0.00831125 0.00934392 0.0463035 0.0323055 0.101389 0.0288995 0.0149246 0.0100472 0.00989133 0.0808576 0.0240128 0.061761 0.0223583 0.0115651 0.00949558 0.0099726 0.0251335 0.0235168 0.018815 0.025617 0.0111601 0.00963551 0.00864535 0.0117141 0.017328 0.0184659 0.00935649 0.00852642 0.00853691 0.00866028 0.00892509 0.00876977 0.00866139 0.00865471 0.00837748 0.00850004 0.00851826 0.00878782 0.00874155 0.00885251 0.00865835 0.00850221 
