1VIEA
PSNATFGMGDRVRKKSGAAWQGQIVGWYCTNLTPEGYAVESEAHPGSVQIYPVAALERIN
CCCCCCCCCCEEEECCCCCCEEEEEEEECCCCCCCEEEEEECCCCCCEEEEEHHHEEECC
0 0 0 0 0 0 0 0 0 0 0 0 0 0 0 0 0 0 0 0 0 0 0 0 0 0 0 0 0 0 0 0 0 0 0 0 0 0 0 0 0 0 0 0 0 0 0 0 0 0 0 0 0 0 0 0 0 0 0 0 
0 0 0 0 0 0 0 0 0 0 0 0 0 0 0 0 0 0 0 0 0 0 0 0 0 0 0 0 0 0 0 0 0 0 0 0 0 0 0 0 0 0 0 0 0 0 0 0 0 0 0 0 0 0 0 0 0 0 0 0 
0 0.00401594 0.00499301 0.00497318 0.0172642 0.00688539 0.718326 0.0145639 0.0255512 0.00721769 0.0244461 0.0211426 0.0109946 0.00996815 0.0165315 0.00860057 0.0181568 0.0143165 0.0149631 0.0116098 0.0103204 0.0118343 0.0256938 0.0091559 0.0099269 0.0172423 
0.00401594 0 0.0042125 0.00430069 0.00515061 0.79923 0.00822783 0.0579592 0.00656 0.0213746 0.0122864 0.0146685 0.0114414 0.0157383 0.0098754 0.0307082 0.00891252 0.031583 0.0163974 0.00955819 0.0118648 0.0247451 0.00963385 0.0255026 0.00953468 0.0220009 
0.00499301 0.0042125 0 0.00376124 0.796519 0.00693479 0.0267904 0.00681616 0.0120951 0.00750081 0.0106193 0.00736246 0.0141722 0.0147389 0.0164999 0.0100983 0.0306321 0.00818088 0.0114343 0.0213315 0.0167436 0.00893834 0.00973317 0.0111622 0.0425577 0.00929535 
0.00497318 0.00430069 0.00376124 0 0.0117853 0.0193015 0.00515963 0.0401471 0.0061937 0.0104596 0.00637187 0.0113502 0.0226128 0.0114777 0.00963851 0.0135618 0.00840358 0.0157616 0.0357706 0.0138608 0.00895464 0.00960598 0.00880739 0.188053 0.008936 0.0102266 
0.0172642 0.00515061 0.796519 0.0117853 0 0.00367725 0.00499869 0.00377327 0.00387704 0.00381095 0.00566609 0.00618047 0.00722314 0.00729068 0.00887835 0.00715095 0.014462 0.0132792 0.0118724 0.009452 0.00922161 0.0105687 0.0338366 0.00812268 0.00946559 0.0226127 
0.00688539 0.79923 0.00693479 0.0193015 0.00367725 0 0.00377635 0.00386742 0.00374042 0.00457459 0.00383754 0.00405085 0.00711976 0.0110378 0.00786331 0.0222405 0.00815331 0.474694 0.0120882 0.00832598 0.00968285 0.0198335 0.0088493 0.0166742 0.00924693 0.0094513 
0.718326 0.00822783 0.0267904 0.00515963 0.00499869 0.00377635 0 0.0036844 0.00379332 0.0037603 0.0038489 0.00392429 0.0103794 0.00885389 0.016629 0.00758859 0.561736 0.0306868 0.0083521 0.012328 0.0209376 0.00852879 0.00995388 0.00829422 0.0103769 0.0089314 
0.0145639 0.0579592 0.00681616 0.0401471 0.00377327 0.00386742 0.0036844 0 0.00374477 0.00380278 0.00375471 0.0038837 0.0137786 0.0168473 0.00954284 0.517927 0.039574 0.0186028 0.0129742 0.0092056 0.0124027 0.0093837 0.0083742 0.0164792 0.00839061 0.00921553 
0.0255512 0.00656 0.0120951 0.0061937 0.00387704 0.00374042 0.00379332 0.00374477 0 0.00374438 0.00376153 0.00374973 0.0073695 0.00766014 0.0316125 0.069604 0.0176488 0.00669388 0.00827216 0.0103371 0.0102519 0.00878165 0.00790134 0.00816149 0.00933919 0.0085948 
0.00721769 0.0213746 0.00750081 0.0104596 0.00381095 0.00457459 0.0037603 0.00380278 0.00374438 0 0.00381545 0.00379153 0.00917147 0.0239402 0.666339 0.0278026 0.00801274 0.00876331 0.00889933 0.0089946 0.0167548 0.00895694 0.00781217 0.0124145 0.00829539 0.014266 
0.0244461 0.0122864 0.0106193 0.00637187 0.00566609 0.00383754 0.0038489 0.00375471 0.00376153 0.00381545 0 0.00376328 0.011097 0.746821 0.0128554 0.00771877 0.0124902 0.00671846 0.00850712 0.0114471 0.0093982 0.00990602 0.00965112 0.00871448 0.0576755 0.00983041 
0.0211426 0.0146685 0.00736246 0.0113502 0.00618047 0.00405085 0.00392429 0.0038837 0.00374973 0.00379153 0.00376328 0 0.799071 0.0168631 0.00886768 0.00767234 0.00710379 0.00918196 0.0145185 0.00849477 0.00871911 0.00806593 0.00822021 0.0882946 0.00863272 0.0116968 
0.0109946 0.0114414 0.0141722 0.0226128 0.00722314 0.00711976 0.0103794 0.0137786 0.0073695 0.00917147 0.011097 0.799071 0 0.00416933 0.00384608 0.00402997 0.00400251 0.00497844 0.00927216 0.00759418 0.0105424 0.0090401 0.858216 0.00884653 0.00909846 0.0275687 
0.00996815 0.0157383 0.0147389 0.0114777 0.00729068 0.0110378 0.00885389 0.0168473 0.00766014 0.0239402 0.746821 0.0168631 0.00416933 0 0.00375319 0.00379179 0.00383582 0.00391644 0.00703312 0.00954676 0.0102144 0.84409 0.022707 0.0101744 0.0170749 0.0141786 
0.0165315 0.0098754 0.0164999 0.00963851 0.00887835 0.00786331 0.016629 0.00954284 0.0316125 0.666339 0.0128554 0.00886768 0.00384608 0.00375319 0 0.00381327 0.00388064 0.00381987 0.00867674 0.00955115 0.884725 0.0189005 0.0209582 0.00923247 0.0107885 0.00955941 
0.00860057 0.0307082 0.0100983 0.0135618 0.00715095 0.0222405 0.00758859 0.517927 0.069604 0.0278026 0.00771877 0.00767234 0.00402997 0.00379179 0.00381327 0 0.00374926 0.00379834 0.0105137 0.747588 0.0306244 0.0115238 0.00586236 0.00959815 0.00775804 0.0170987 
0.0181568 0.00891252 0.0306321 0.00840358 0.014462 0.00815331 0.561736 0.039574 0.0176488 0.00801274 0.0124902 0.00710379 0.00400251 0.00383582 0.00388064 0.00374926 0 0.0039118 0.790112 0.0233885 0.00653319 0.00658315 0.00688809 0.00667735 0.017114 0.00913083 
0.0143165 0.031583 0.00818088 0.0157616 0.0132792 0.474694 0.0306868 0.0186028 0.00669388 0.00876331 0.00671846 0.00918196 0.00497844 0.00391644 0.00381987 0.00379834 0.0039118 0 0.109209 0.00577828 0.00511499 0.00544038 0.00517668 0.0283924 0.00688864 0.0118184 
0.0149631 0.0163974 0.0114343 0.0357706 0.0118724 0.0120882 0.0083521 0.0129742 0.00827216 0.00889933 0.00850712 0.0145185 0.00927216 0.00703312 0.00867674 0.0105137 0.790112 0.109209 0 0.00412303 0.00378789 0.00493677 0.00668056 0.00602306 0.00484684 0.0230007 
0.0116098 0.00955819 0.0213315 0.0138608 0.009452 0.00832598 0.012328 0.0092056 0.0103371 0.0089946 0.0114471 0.00849477 0.00759418 0.00954676 0.00955115 0.747588 0.0233885 0.00577828 0.00412303 0 0.00376953 0.00375955 0.00388754 0.00391058 0.00622371 0.00881679 
0.0103204 0.0118648 0.0167436 0.00895464 0.00922161 0.00968285 0.0209376 0.0124027 0.0102519 0.0167548 0.0093982 0.00871911 0.0105424 0.0102144 0.884725 0.0306244 0.00653319 0.00511499 0.00378789 0.00376953 0 0.00374475 0.0037589 0.00407317 0.00449776 0.008944 
0.0118343 0.0247451 0.00893834 0.00960598 0.0105687 0.0198335 0.00852879 0.0093837 0.00878165 0.00895694 0.00990602 0.00806593 0.0090401 0.84409 0.0189005 0.0115238 0.00658315 0.00544038 0.00493677 0.00375955 0.00374475 0 0.00380186 0.00437469 0.0189273 0.00811107 
0.0256938 0.00963385 0.00973317 0.00880739 0.0338366 0.0088493 0.00995388 0.0083742 0.00790134 0.00781217 0.00965112 0.00822021 0.858216 0.022707 0.0209582 0.00586236 0.00688809 0.00517668 0.00668056 0.00388754 0.0037589 0.00380186 0 0.0373138 0.00474003 0.00404752 
0.0091559 0.0255026 0.0111622 0.188053 0.00812268 0.0166742 0.00829422 0.0164792 0.00816149 0.0124145 0.00871448 0.0882946 0.00884653 0.0101744 0.00923247 0.00959815 0.00667735 0.0283924 0.00602306 0.00391058 0.00407317 0.00437469 0.0373138 0 0.00378529 0.00442688 
0.0099269 0.00953468 0.0425577 0.008936 0.00946559 0.00924693 0.0103769 0.00839061 0.00933919 0.00829539 0.0576755 0.00863272 0.00909846 0.0170749 0.0107885 0.00775804 0.017114 0.00688864 0.00484684 0.00622371 0.00449776 0.0189273 0.00474003 0.00378529 0 0.00459407 
0.0172423 0.0220009 0.00929535 0.0102266 0.0226127 0.0094513 0.0089314 0.00921553 0.0085948 0.014266 0.00983041 0.0116968 0.0275687 0.0141786 0.00955941 0.0170987 0.00913083 0.0118184 0.0230007 0.00881679 0.008944 0.00811107 0.00404752 0.00442688 0.00459407 0 
