2ARCB
DPLLPGYSFNAHLVAGLTPIEANGYLDFFIDRPLGMKGYILNLTIRGQGVVKNQGREFVCRPGDILLFPPGEIHHYGRHPEAREWYHQWVYFRPRAYWHEWLNWPSIFANTGFFRPDEAHQPHFSDLFGQIINAGQGEGRYSELLAINLLEQLLLRRMEAINES
CCCCCCCCCCCCCEEEEEEEECCCCCCCCEEECCCCCCEEEEEEEEECEEEEECCEEEEECCCCEEEECCCCCEEEEECCCCCEEEEEEEEECCCHHHHHHHCCCEEECCEEEECCCCCCHHHHHHHHHHHHHHHCCCCCCHHHHHHHHHHHHHHHHHHHHCCC
0 0 0 0 0 0 0 0 0 0 0 0 0 0 0 0 0 0 0 0 0 0 0 0 0 0 0 0 0 0 0 0 0 0 0 0 0 0 0 0 0 0 0 0 0 0 0 0 0 0 0 0 0 0 0 0 0 0 0 0 0 0 0 0 0 0 0 0 0 0 0 0 0 0 0 0 0 0 0 0 0 0 0 0 0 0 0 0 0 0 0 0 0 0 0 0 0 0 0 0 0 0 0 0 0 0 0 0 0 0 0 0 0 0 0 0 0 0 0 0 0 0 0 0 0 0 0 0 0 0 0 0 0 0 0 0 0 0 0 0 0 0 0 0 0 0 0 0 0 0 0 0 0 0 0 0 0 0 0 0 0 0 0 0 
0 0 0 0 0 0 0 0 0 0 0 0 0 0 0 0 0 0 0 0 0 0 0 0 0 0 0 0 0 0 0 0 0 0 0 0 0 0 0 0 0 0 0 0 0 0 0 0 0 0 0 0 0 0 0 0 0 0 0 0 0 0 0 0 0 0 0 0 0 0 0 0 0 0 0 0 0 0 0 0 0 0 0 0 0 0 0 0 0 0 0 0 0 0 0 0 0 0 0 0 0 0 0 0 0 0 0 0 0 0 0 0 0 0 0 0 0 0 0 0 0 0 0 0 0 0 0 0 0 0 0 0 0 0 0 0 0 0 0 0 0 0 0 0 0 0 0 0 0 0 0 0 0 0 0 0 0 0 0 0 0 0 0 0 
0 0.00405914 0.00383876 0.00383519 0.00387008 0.00391706 0.0039894 0.0169063 0.0180473 0.0105995 0.0172131 0.0235506 0.0182831 0.0145701 0.016906 0.0120652 0.0124356 0.0109167 0.0149456 0.0104666 0.0147888 0.0120885 0.0117059 0.0122921 0.016866 0.0108335 0.0101766 0.010398 0.0103348 0.0266532 0.0444803 0.0168755 0.0147382 0.0232875 0.0109908 0.00917546 0.0101016 0.00957172 0.0194323 0.0109974 0.00947273 0.0100138 0.0107283 0.0113364 0.0121804 0.0125747 0.0181266 0.018284 0.00893773 0.00841669 0.0115562 0.00890833 0.00866659 0.00918513 0.0105123 
0.00405914 0 0.00380117 0.00380971 0.00558105 0.00385715 0.00384513 0.00403728 0.00983249 0.0148012 0.00893452 0.019277 0.0357917 0.0286292 0.0176274 0.0200794 0.0122291 0.0147315 0.0118438 0.0094043 0.0123126 0.0260913 0.0144439 0.0142981 0.00954262 0.00901916 0.0110304 0.0122515 0.0167324 0.0117201 0.020942 0.0629672 0.0276104 0.0118258 0.00979126 0.0144636 0.0157251 0.0227507 0.00959592 0.0103442 0.0141324 0.0135984 0.0146194 0.0168404 0.0186946 0.026529 0.0189626 0.010075 0.00876333 0.00910161 0.00857019 0.00866196 0.00981012 0.0100345 0.00883597 
0.00383876 0.00380117 0 0.00379173 0.00376479 0.00379088 0.00373663 0.00387577 0.0115561 0.0111464 0.00966415 0.00996453 0.0219926 0.0227245 0.0337994 0.0174178 0.0218079 0.0126671 0.0111947 0.00955088 0.0120525 0.0142782 0.0239229 0.0108805 0.00999458 0.0084546 0.00928485 0.0147347 0.0128521 0.0108315 0.0164082 0.0341535 0.0298945 0.0113735 0.00937227 0.0115206 0.0211387 0.012882 0.0100268 0.00954085 0.0121878 0.0185356 0.0201368 0.0258187 0.0539521 0.0354997 0.0137098 0.0108897 0.00864239 0.00837216 0.00872183 0.0083475 0.00929792 0.00922821 0.00879202 
0.00383519 0.00380971 0.00379173 0 0.00374597 0.00369799 0.0037275 0.00391794 0.00720089 0.00698139 0.00780943 0.0114191 0.0110154 0.0231884 0.016815 0.0238451 0.0117516 0.0117582 0.0116968 0.0085904 0.010193 0.011418 0.0119683 0.011478 0.00861265 0.0085997 0.00912378 0.0115873 0.0102278 0.00946756 0.0114923 0.0164605 0.0182136 0.00981561 0.00856236 0.0120209 0.0111059 0.0128511 0.00908943 0.00868491 0.0094819 0.0130416 0.0153796 0.0365602 0.0245357 0.0197977 0.0108049 0.00915761 0.00826457 0.00821292 0.00827774 0.00835162 0.0084059 0.00862743 0.00830462 
0.00387008 0.00558105 0.00376479 0.00374597 0 0.00376955 0.00374664 0.00382053 0.00719034 0.00683389 0.0102693 0.00851359 0.00994724 0.0116211 0.012272 0.0126116 0.0101025 0.0104129 0.00860734 0.00822218 0.00906884 0.00880792 0.0124409 0.009015 0.0084376 0.00826359 0.00894794 0.00946615 0.00880181 0.0087878 0.0102492 0.0127489 0.0111297 0.00870666 0.00879958 0.00863187 0.0117252 0.00871878 0.00849723 0.00864801 0.00941403 0.0101347 0.0179752 0.0123455 0.0119999 0.0119187 0.00896682 0.00876597 0.00825497 0.00820021 0.00824424 0.00819053 0.00847698 0.00828339 0.00836109 
0.00391706 0.00385715 0.00379088 0.00369799 0.00376955 0 0.00374329 0.00384779 0.00628101 0.0105137 0.00744103 0.0101611 0.00989203 0.0110116 0.0185253 0.00872608 0.0132787 0.00855535 0.00942785 0.00794091 0.00940299 0.0105052 0.00902246 0.0116185 0.00823751 0.00885718 0.0091547 0.00960465 0.00973787 0.00863981 0.0108824 0.0126319 0.0117164 0.0087235 0.00856974 0.0102421 0.00899705 0.00913967 0.00844293 0.00899363 0.00949416 0.0309823 0.0120529 0.0106339 0.0127559 0.0102648 0.0108227 0.00836895 0.00836988 0.00825743 0.00820466 0.00829537 0.00831642 0.00922034 0.00822743 
0.0039894 0.00384513 0.00373663 0.0037275 0.00374664 0.00374329 0 0.00383869 0.0304239 0.00730105 0.0104421 0.00943489 0.0153437 0.0146141 0.00953023 0.0237388 0.0083217 0.0123825 0.00850383 0.0126608 0.0106832 0.00988209 0.0120282 0.00840012 0.0110523 0.00838987 0.00939626 0.00914218 0.00932694 0.0116067 0.0117082 0.0195415 0.0154842 0.0100442 0.00941502 0.00869491 0.0100752 0.00971839 0.00871827 0.00897253 0.0141186 0.00951338 0.0109618 0.00969461 0.00951448 0.0111732 0.00882815 0.0116397 0.00827227 0.00835749 0.00863632 0.00831934 0.00895734 0.00823846 0.00897017 
0.0169063 0.00403728 0.00387577 0.00391794 0.00382053 0.00384779 0.00383869 0 0.0175477 0.0115179 0.00700297 0.0252681 0.0107762 0.0088951 0.0222275 0.00852718 0.0203099 0.00820229 0.0104461 0.00837422 0.0125438 0.0106274 0.00837793 0.0126612 0.00858121 0.0140273 0.00912404 0.00870856 0.0107728 0.00923009 0.0161219 0.0103992 0.0121331 0.0112276 0.0113346 0.00908028 0.00863628 0.00907157 0.00958429 0.0115751 0.00886524 0.00874565 0.00868234 0.00869254 0.00916059 0.00855082 0.0100047 0.00870695 0.00909065 0.00832381 0.00892793 0.0106351 0.00826197 0.0091316 0.00828715 
0.0180473 0.00983249 0.0115561 0.00720089 0.00719034 0.00628101 0.0304239 0.0175477 0 0.00398422 0.00405705 0.00784281 0.0169855 0.041937 0.0100905 0.0171851 0.0069761 0.00984726 0.00743793 0.0146164 0.00933474 0.00911292 0.012339 0.00839304 0.0295803 0.00898158 0.00913395 0.00900852 0.00891141 0.0459902 0.0158515 0.0122501 0.0112838 0.0243074 0.0108002 0.00857508 0.0100177 0.00909776 0.0160748 0.00958306 0.00872127 0.00886386 0.00932965 0.00919235 0.0091867 0.00972353 0.00877966 0.0318316 0.00861415 0.0082735 0.0147056 0.00870271 0.00879091 0.00831506 0.0151012 
0.0105995 0.0148012 0.0111464 0.00698139 0.00683389 0.0105137 0.00730105 0.0115179 0.00398422 0 0.00401058 0.0120662 0.0351828 0.0120734 0.00966659 0.0060702 0.006839 0.0065626 0.00766502 0.00615895 0.00745828 0.0101794 0.00778514 0.0126765 0.00756189 0.00840728 0.00909819 0.00839834 0.0114821 0.00815715 0.00960929 0.0119225 0.0133978 0.00867246 0.00851297 0.0108975 0.00842075 0.00977679 0.00842618 0.00855741 0.00956769 0.00856843 0.0088058 0.00892003 0.00894584 0.00874244 0.010542 0.0083658 0.00821958 0.00953911 0.00821256 0.00827514 0.00838808 0.00887718 0.00820136 
0.0172131 0.00893452 0.00966415 0.00780943 0.0102693 0.00744103 0.0104421 0.00700297 0.00405705 0.00401058 0 0.0565277 0.027209 0.00845887 0.00570493 0.0067062 0.00669664 0.00661908 0.00610432 0.00676838 0.0102551 0.00858966 0.01011 0.00734472 0.00721331 0.0120467 0.00867179 0.00826775 0.00818051 0.00888705 0.0145198 0.00977883 0.00913296 0.00885541 0.0166192 0.00833355 0.0101071 0.00858016 0.00852696 0.0127241 0.00913781 0.00853789 0.00861636 0.00861293 0.00864992 0.00898686 0.0083977 0.00882875 0.00990173 0.00821044 0.00853887 0.0102911 0.00906498 0.00819645 0.00843177 
0.0235506 0.019277 0.00996453 0.0114191 0.00851359 0.0101611 0.00943489 0.0252681 0.00784281 0.0120662 0.0565277 0 0.00593449 0.00378359 0.0037903 0.00381947 0.00422257 0.00408297 0.00613634 0.00639329 0.00648944 0.00803455 0.00833085 0.0107929 0.0160278 0.00829962 0.00903836 0.0214455 0.0152208 0.0410167 0.0304936 0.0182051 0.0162715 0.032918 0.0120885 0.010561 0.00936669 0.0109891 0.0268361 0.0129755 0.0101539 0.0102443 0.0107944 0.0107725 0.0116784 0.0125132 0.0159967 0.0736111 0.00941286 0.00937383 0.0142028 0.0102235 0.00910993 0.0101892 0.0146493 
0.0182831 0.0357917 0.0219926 0.0110154 0.00994724 0.00989203 0.0153437 0.0107762 0.0169855 0.0351828 0.027209 0.00593449 0 0.00375413 0.00377339 0.00381216 0.00404447 0.0053322 0.00472945 0.0046725 0.00705312 0.0106273 0.00993292 0.0116504 0.0114178 0.00792352 0.0203036 0.013512 0.024274 0.0121136 0.0214895 0.0442163 0.0369633 0.0143593 0.0108916 0.0135353 0.0149224 0.0211602 0.011356 0.0108967 0.019893 0.0187784 0.0198136 0.0176284 0.0254567 0.0229342 0.0869803 0.0104439 0.00937399 0.00978411 0.00989217 0.00882061 0.0108274 0.0130079 0.00887826 
0.0145701 0.0286292 0.0227245 0.0231884 0.0116211 0.0110116 0.0146141 0.0088951 0.041937 0.0120734 0.00845887 0.00378359 0.00375413 0 0.00374996 0.00376591 0.00378557 0.00386703 0.00381539 0.00414372 0.00624386 0.0079497 0.0124463 0.00697643 0.00799912 0.00782286 0.00952494 0.0174714 0.0101444 0.01151 0.0167934 0.0432696 0.029665 0.0118154 0.0106376 0.0130455 0.029585 0.0136835 0.00993769 0.0111528 0.0231921 0.0259961 0.0294635 0.0423303 0.0421015 0.178188 0.0141747 0.0130317 0.00933294 0.00933048 0.00871798 0.00903866 0.0198908 0.0107448 0.00986669 
0.016906 0.0176274 0.0337994 0.016815 0.012272 0.0185253 0.00953023 0.0222275 0.0100905 0.00966659 0.00570493 0.0037903 0.00377339 0.00374996 0 0.00375348 0.00376874 0.00376132 0.00378244 0.00386794 0.00439557 0.00920825 0.00738056 0.0144874 0.0140909 0.00757226 0.0273267 0.0111736 0.0118951 0.00868326 0.0131611 0.0382202 0.0309817 0.0145559 0.00959752 0.0296816 0.0138809 0.016585 0.0111958 0.0122043 0.0157148 0.0361474 0.0318531 0.0278435 0.216523 0.0213221 0.0447322 0.0102117 0.00985118 0.0087536 0.00942533 0.00912452 0.0099627 0.0210043 0.00865368 
0.0120652 0.0200794 0.0174178 0.0238451 0.0126116 0.00872608 0.0237388 0.00852718 0.0171851 0.0060702 0.0067062 0.00381947 0.00381216 0.00376591 0.00375348 0 0.00374254 0.00378357 0.00373013 0.00405587 0.00703971 0.00509646 0.0153235 0.0136059 0.0203974 0.00941172 0.00789936 0.00964655 0.00805035 0.013061 0.0152277 0.0194758 0.0214258 0.0108892 0.0117986 0.00968566 0.0233913 0.0110764 0.0105529 0.0103839 0.0136615 0.0164427 0.0243764 0.132117 0.0186623 0.0558708 0.0109393 0.0165177 0.00873113 0.00876241 0.00915581 0.00854775 0.0133525 0.00872953 0.0107927 
0.0124356 0.0122291 0.0218079 0.0117516 0.0101025 0.0132787 0.0083217 0.0203099 0.0069761 0.006839 0.00669664 0.00422257 0.00404447 0.00378557 0.00376874 0.00374254 0 0.00375806 0.00379782 0.00534409 0.00396379 0.00875047 0.0176368 0.0354217 0.005531 0.00646916 0.00779711 0.00766071 0.0185211 0.00907141 0.010604 0.0170196 0.02079 0.0179729 0.00890809 0.0172075 0.0100385 0.0145563 0.00975645 0.00958502 0.0111149 0.0159174 0.0918129 0.0158398 0.0369585 0.0125031 0.0237125 0.00919882 0.00870864 0.00847793 0.0090616 0.00877376 0.00860225 0.0124946 0.00867825 
0.0109167 0.0147315 0.0126671 0.0117582 0.0104129 0.00855535 0.0123825 0.00820229 0.00984726 0.0065626 0.00661908 0.00408297 0.0053322 0.00386703 0.00376132 0.00378357 0.00375806 0 0.00414605 0.00384118 0.00523422 0.0120212 0.0408567 0.00437686 0.00512977 0.00664218 0.00737702 0.00932309 0.00795843 0.00953178 0.0134259 0.0143172 0.0198032 0.00939615 0.00926939 0.00854695 0.0139303 0.0093062 0.00894791 0.00927951 0.00951639 0.0465221 0.0127856 0.0158596 0.0118131 0.0219237 0.00898153 0.0104207 0.00845347 0.00832765 0.00849924 0.00832831 0.00978157 0.0084714 0.00895945 
0.0149456 0.0118438 0.0111947 0.0116968 0.00860734 0.00942785 0.00850383 0.0104461 0.00743793 0.00766502 0.00610432 0.00613634 0.00472945 0.00381539 0.00378244 0.00373013 0.00379782 0.00414605 0 0.00407054 0.00607991 0.0309547 0.00425877 0.00491831 0.00401086 0.00623489 0.0192509 0.00742595 0.0092867 0.00684861 0.0109799 0.0257411 0.0142326 0.00861798 0.00888802 0.0109826 0.00835192 0.0101687 0.00828077 0.00897407 0.0356903 0.00913492 0.00955985 0.00911781 0.0112492 0.0104947 0.0120773 0.00834306 0.00838881 0.00877005 0.00834994 0.00873313 0.00882144 0.0100157 0.00825031 
0.0104666 0.0094043 0.00955088 0.0085904 0.00822218 0.00794091 0.0126608 0.00837422 0.0146164 0.00615895 0.00676838 0.00639329 0.0046725 0.00414372 0.00386794 0.00405587 0.00534409 0.00384118 0.00407054 0 0.0394268 0.00388378 0.00435687 0.00378295 0.00425823 0.0077291 0.00594491 0.00592631 0.0060506 0.00861751 0.0208632 0.00861879 0.00961587 0.00895022 0.00961932 0.00811719 0.00878613 0.00838058 0.00858599 0.0194331 0.00865696 0.00881884 0.00900397 0.00952851 0.00911034 0.00978438 0.00875389 0.0111316 0.00874468 0.00818277 0.00903761 0.00881067 0.00842546 0.00818381 0.00913785 
0.0147888 0.0123126 0.0120525 0.010193 0.00906884 0.00940299 0.0106832 0.0125438 0.00933474 0.00745828 0.0102551 0.00648944 0.00705312 0.00624386 0.00439557 0.00703971 0.00396379 0.00523422 0.00607991 0.0394268 0 0.00385921 0.00377108 0.00379665 0.00504126 0.00437661 0.00533649 0.00540564 0.00799403 0.906599 0.0114306 0.0116378 0.0109789 0.0196862 0.00950411 0.00859978 0.0119848 0.00921395 0.0719905 0.0108681 0.0094165 0.0102702 0.0107466 0.0115332 0.0114819 0.0120727 0.0103102 0.0322892 0.00919096 0.00847251 0.0149474 0.00909542 0.00865836 0.00887238 0.0124601 
0.0120885 0.0260913 0.0142782 0.011418 0.00880792 0.0105052 0.00988209 0.0106274 0.00911292 0.0101794 0.00858966 0.00803455 0.0106273 0.0079497 0.00920825 0.00509646 0.00875047 0.0120212 0.0309547 0.00388378 0.00385921 0 0.00395975 0.0038412 0.00384673 0.00434232 0.00937621 0.00809 0.957515 0.0199851 0.00936094 0.0158266 0.0196014 0.0131916 0.00877147 0.017163 0.00984542 0.126783 0.0181884 0.0110253 0.0153726 0.0129433 0.0156396 0.0130048 0.016395 0.0132873 0.0276937 0.0103956 0.00954962 0.0107371 0.00926962 0.00899128 0.00966557 0.0146087 0.00894003 
0.0117059 0.0144439 0.0239229 0.0119683 0.0124409 0.00902246 0.0120282 0.00837793 0.012339 0.00778514 0.01011 0.00833085 0.00993292 0.0124463 0.00738056 0.0153235 0.0176368 0.0408567 0.00425877 0.00435687 0.00377108 0.00395975 0 0.00375592 0.0037693 0.00458553 0.0147966 0.968874 0.0247773 0.00657456 0.00854389 0.0191341 0.0235635 0.00858318 0.0102337 0.00889855 0.0820845 0.0138469 0.0102397 0.00952528 0.0119952 0.0174731 0.0146377 0.0169472 0.0172088 0.0401284 0.0104695 0.0109718 0.00890368 0.0086965 0.00872502 0.00861535 0.0127041 0.00880431 0.00940853 
0.0122921 0.0142981 0.0108805 0.011478 0.009015 0.0116185 0.00840012 0.0126612 0.00839304 0.0126765 0.00734472 0.0107929 0.0116504 0.00697643 0.0144874 0.0136059 0.0354217 0.00437686 0.00491831 0.00378295 0.00379665 0.0038412 0.00375592 0 0.00380696 0.00671605 0.982304 0.00499528 0.00709411 0.00460916 0.0100632 0.0125774 0.0121907 0.00814364 0.00886841 0.0592528 0.00969904 0.013212 0.00898811 0.0101055 0.0139128 0.010796 0.00986989 0.0106196 0.0220881 0.0108441 0.0208607 0.0087055 0.00903178 0.0106782 0.00861435 0.00979174 0.00924258 0.016128 0.00843959 
0.016866 0.00954262 0.00999458 0.00861265 0.0084376 0.00823751 0.0110523 0.00858121 0.0295803 0.00756189 0.00721331 0.0160278 0.0114178 0.00799912 0.0140909 0.0203974 0.005531 0.00512977 0.00401086 0.00425823 0.00504126 0.00384673 0.0037693 0.00380696 0 0.997488 0.00414999 0.00399121 0.00391076 0.00465909 0.0124454 0.00803658 0.00764617 0.00808044 0.0188087 0.00812553 0.0105968 0.00842575 0.0090596 0.0116581 0.00926515 0.00860751 0.00892001 0.00971353 0.00909993 0.00922883 0.00873639 0.0130081 0.0100721 0.00856904 0.00994573 0.011249 0.00940141 0.00827015 0.010208 
0.0108335 0.00901916 0.0084546 0.0085997 0.00826359 0.00885718 0.00838987 0.0140273 0.00898158 0.00840728 0.0120467 0.00829962 0.00792352 0.00782286 0.00757226 0.00941172 0.00646916 0.00664218 0.00623489 0.0077291 0.00437661 0.00434232 0.00458553 0.00671605 0.997488 0 0.0042596 0.0037777 0.00434991 0.00523594 0.00698861 0.0061392 0.00699727 0.0945763 0.00865945 0.00734221 0.0073829 0.00778668 0.0251432 0.00963991 0.00815963 0.00886567 0.00829855 0.00898957 0.00840463 0.00845273 0.00895039 0.0303974 0.00862552 0.0086169 0.0119616 0.00922087 0.00833743 0.00858387 0.0113867 
0.0101766 0.0110304 0.00928485 0.00912378 0.00894794 0.0091547 0.00939626 0.00912404 0.00913395 0.00909819 0.00867179 0.00903836 0.0203036 0.00952494 0.0273267 0.00789936 0.00779711 0.00737702 0.0192509 0.00594491 0.00533649 0.00937621 0.0147966 0.982304 0.00414999 0.0042596 0 0.00382794 0.0041758 0.00384976 0.00553054 0.00684234 0.0537147 0.0226063 0.00747489 0.0081504 0.00853806 0.0154408 0.011705 0.00876481 0.00994827 0.0130742 0.0100309 0.00900559 0.0100015 0.010257 0.0176467 0.00966152 0.00877352 0.00920725 0.00913436 0.00884449 0.00871083 0.00965644 0.00878542 
0.010398 0.0122515 0.0147347 0.0115873 0.00946615 0.00960465 0.00914218 0.00870856 0.00900852 0.00839834 0.00826775 0.0214455 0.013512 0.0174714 0.0111736 0.00964655 0.00766071 0.00932309 0.00742595 0.00592631 0.00540564 0.00809 0.968874 0.00499528 0.00399121 0.0037777 0.00382794 0 0.00374357 0.00375342 0.00523372 0.0154446 0.0424449 0.013233 0.0068237 0.0190435 0.0107858 0.00844187 0.00839407 0.00915361 0.0107186 0.0124138 0.0115184 0.0103685 0.0152043 0.0177035 0.0105027 0.00898513 0.00876051 0.00889819 0.00863365 0.0086012 0.0107613 0.00944051 0.00861212 
0.0103348 0.0167324 0.0128521 0.0102278 0.00880181 0.00973787 0.00932694 0.0107728 0.00891141 0.0114821 0.00818051 0.0152208 0.024274 0.0101444 0.0118951 0.00805035 0.0185211 0.00795843 0.0092867 0.0060506 0.00799403 0.957515 0.0247773 0.00709411 0.00391076 0.00434991 0.0041758 0.00374357 0 0.00377208 0.0202565 0.0329649 0.0226319 0.00659797 0.00824369 0.016798 0.0098637 0.0109135 0.00827759 0.00965603 0.0131254 0.0110424 0.00999727 0.0115679 0.0147762 0.0120584 0.0154482 0.00981575 0.00878106 0.0105459 0.00904432 0.0094144 0.0101307 0.0140527 0.00895731 
0.0266532 0.0117201 0.0108315 0.00946756 0.0087878 0.00863981 0.0116067 0.00923009 0.0459902 0.00815715 0.00888705 0.0410167 0.0121136 0.01151 0.00868326 0.013061 0.00907141 0.00953178 0.00684861 0.00861751 0.906599 0.0199851 0.00657456 0.00460916 0.00465909 0.00523594 0.00384976 0.00375342 0.00377208 0 0.0812321 0.0202566 0.00530563 0.00727893 0.0147682 0.00749383 0.0112175 0.00800179 0.00953264 0.0184988 0.0128332 0.0105157 0.00919386 0.011325 0.0106512 0.00954086 0.00956553 0.01683 0.0128558 0.00880206 0.0116809 0.0193126 0.0110118 0.00871541 0.0118485 
0.0444803 0.020942 0.0164082 0.0114923 0.0102492 0.0108824 0.0117082 0.0161219 0.0158515 0.00960929 0.0145198 0.0304936 0.0214895 0.0167934 0.0131611 0.0152277 0.010604 0.0134259 0.0109799 0.0208632 0.0114306 0.00936094 0.00854389 0.0100632 0.0124454 0.00698861 0.00553054 0.00523372 0.0202565 0.0812321 0 0.00385243 0.00382119 0.00464951 0.0091758 0.00745237 0.00991127 0.0309341 0.107193 0.0166502 0.0108477 0.0111663 0.0119565 0.0124727 0.0115083 0.0170984 0.0133945 0.0376973 0.0134388 0.0105513 0.0193419 0.0166189 0.0115893 0.0109287 0.0227416 
0.0168755 0.0629672 0.0341535 0.0164605 0.0127489 0.0126319 0.0195415 0.0103992 0.0122501 0.0119225 0.00977883 0.0182051 0.0442163 0.0432696 0.0382202 0.0194758 0.0170196 0.0143172 0.0257411 0.00861879 0.0116378 0.0158266 0.0191341 0.0125774 0.00803658 0.0061392 0.00684234 0.0154446 0.0329649 0.0202566 0.00385243 0 0.00407141 0.00383012 0.00667013 0.013309 0.0243067 0.0590644 0.0189039 0.0101235 0.0188752 0.0157524 0.0161354 0.0179069 0.029355 0.0268063 0.0443922 0.01265 0.0148876 0.0154441 0.0106812 0.0112969 0.0238365 0.0217324 0.0105854 
0.0147382 0.0276104 0.0298945 0.0182136 0.0111297 0.0117164 0.0154842 0.0121331 0.0112838 0.0133978 0.00913296 0.0162715 0.0369633 0.029665 0.0309817 0.0214258 0.02079 0.0198032 0.0142326 0.00961587 0.0109789 0.0196014 0.0235635 0.0121907 0.00764617 0.00699727 0.0537147 0.0424449 0.0226319 0.00530563 0.00382119 0.00407141 0 0.00393164 0.00915778 0.0364231 0.0555586 0.0178645 0.00758515 0.0116636 0.0141013 0.02202 0.0107903 0.0155022 0.019489 0.0496725 0.0355093 0.0139056 0.0103263 0.018041 0.0113663 0.0106076 0.0200501 0.0399421 0.0103836 
0.0232875 0.0118258 0.0113735 0.00981561 0.00870666 0.0087235 0.0100442 0.0112276 0.0243074 0.00867246 0.00885541 0.032918 0.0143593 0.0118154 0.0145559 0.0108892 0.0179729 0.00939615 0.00861798 0.00895022 0.0196862 0.0131916 0.00858318 0.00814364 0.00808044 0.0945763 0.0226063 0.013233 0.00659797 0.00727893 0.00464951 0.00383012 0.00393164 0 0.0135387 0.0525679 0.00859072 0.00557342 0.00776835 0.0118219 0.00929032 0.0082444 0.00808149 0.00971345 0.0222273 0.0115771 0.0136267 0.017043 0.0152258 0.00946717 0.0130033 0.0222608 0.0112972 0.010797 0.0125287 
0.0109908 0.00979126 0.00937227 0.00856236 0.00879958 0.00856974 0.00941502 0.0113346 0.0108002 0.00851297 0.0166192 0.0120885 0.0108916 0.0106376 0.00959752 0.0117986 0.00890809 0.00926939 0.00888802 0.00961932 0.00950411 0.00877147 0.0102337 0.00886841 0.0188087 0.00865945 0.00747489 0.0068237 0.00824369 0.0147682 0.0091758 0.00667013 0.00915778 0.0135387 0 0.00379828 0.0037917 0.00377827 0.00497203 0.00563945 0.00562451 0.00689619 0.0280709 0.0457274 0.0111563 0.00848241 0.00880123 0.0690209 0.00975642 0.00908586 0.0165738 0.0111253 0.0092885 0.00924492 0.0180091 
0.00917546 0.0144636 0.0115206 0.0120209 0.00863187 0.0102421 0.00869491 0.00908028 0.00857508 0.0108975 0.00833355 0.010561 0.0135353 0.0130455 0.0296816 0.00968566 0.0172075 0.00854695 0.0109826 0.00811719 0.00859978 0.017163 0.00889855 0.0592528 0.00812553 0.00734221 0.0081504 0.0190435 0.016798 0.00749383 0.00745237 0.013309 0.0364231 0.0525679 0.00379828 0 0.00375158 0.00378304 0.00381551 0.00520498 0.0114397 0.0306242 0.0823136 0.019074 0.0101702 0.00803317 0.0252647 0.0078202 0.0116793 0.0117088 0.00854729 0.00930807 0.00921259 0.0212087 0.00871837 
0.0101016 0.0157251 0.0211387 0.0111059 0.0117252 0.00899705 0.0100752 0.00863628 0.0100177 0.00842075 0.0101071 0.00936669 0.0149224 0.029585 0.0138809 0.0233913 0.0100385 0.0139303 0.00835192 0.00878613 0.0119848 0.00984542 0.0820845 0.00969904 0.0105968 0.0073829 0.00853806 0.0107858 0.0098637 0.0112175 0.00991127 0.0243067 0.0555586 0.00859072 0.0037917 0.00375158 0 0.00374744 0.00374684 0.00603671 0.0177736 0.0615347 0.0258109 0.00782924 0.00846719 0.0367671 0.00803935 0.0105609 0.010537 0.00869519 0.0111001 0.00889697 0.0207998 0.0101051 0.0110245 
0.00957172 0.0227507 0.012882 0.0128511 0.00871878 0.00913967 0.00971839 0.00907157 0.00909776 0.00977679 0.00858016 0.0109891 0.0211602 0.0136835 0.016585 0.0110764 0.0145563 0.0093062 0.0101687 0.00838058 0.00921395 0.126783 0.0138469 0.013212 0.00842575 0.00778668 0.0154408 0.00844187 0.0109135 0.00800179 0.0309341 0.0590644 0.0178645 0.00557342 0.00377827 0.00378304 0.00374744 0 0.00388338 0.00910418 0.0651767 0.0426201 0.00728 0.0068384 0.0448247 0.00684858 0.00926886 0.00729808 0.00899338 0.015463 0.00898143 0.0117922 0.0119163 0.0158312 0.0091596 
0.0194323 0.00959592 0.0100268 0.00908943 0.00849723 0.00844293 0.00871827 0.00958429 0.0160748 0.00842618 0.00852696 0.0268361 0.011356 0.00993769 0.0111958 0.0105529 0.00975645 0.00894791 0.00828077 0.00858599 0.0719905 0.0181884 0.0102397 0.00898811 0.0090596 0.0251432 0.011705 0.00839407 0.00827759 0.00953264 0.107193 0.0189039 0.00758515 0.00776835 0.00497203 0.00381551 0.00374684 0.00388338 0 0.116515 0.0545015 0.0058599 0.00520281 0.0359717 0.00680309 0.00739985 0.00724976 0.0101802 0.0122125 0.00879434 0.0112798 0.0191383 0.00965083 0.00987102 0.0107876 
0.0109974 0.0103442 0.00954085 0.00868491 0.00864801 0.00899363 0.00897253 0.0115751 0.00958306 0.00855741 0.0127241 0.0129755 0.0108967 0.0111528 0.0122043 0.0103839 0.00958502 0.00927951 0.00897407 0.0194331 0.0108681 0.0110253 0.00952528 0.0101055 0.0116581 0.00963991 0.00876481 0.00915361 0.00965603 0.0184988 0.0166502 0.0101235 0.0116636 0.0118219 0.00563945 0.00520498 0.00603671 0.00910418 0.116515 0 0.00375922 0.00375682 0.00376804 0.00381561 0.00382774 0.00398713 0.00717416 0.00989267 0.0122244 0.00899896 0.0157104 0.0106657 0.00892714 0.00975374 0.0203181 
0.00947273 0.0141324 0.0121878 0.0094819 0.00941403 0.00949416 0.0141186 0.00886524 0.00872127 0.00956769 0.00913781 0.0101539 0.019893 0.0231921 0.0157148 0.0136615 0.0111149 0.00951639 0.0356903 0.00865696 0.0094165 0.0153726 0.0119952 0.0139128 0.00926515 0.00815963 0.00994827 0.0107186 0.0131254 0.0128332 0.0108477 0.0188752 0.0141013 0.00929032 0.00562451 0.0114397 0.0177736 0.0651767 0.0545015 0.00375922 0 0.00404142 0.00378093 0.00375123 0.00379217 0.00400308 0.00708427 0.00415286 0.0108604 0.0199728 0.010183 0.00997733 0.0149184 0.0170227 0.017278 
0.0100138 0.0135984 0.0185356 0.0130416 0.0101347 0.0309823 0.00951338 0.00874565 0.00886386 0.00856843 0.00853789 0.0102443 0.0187784 0.0259961 0.0361474 0.0164427 0.0159174 0.0465221 0.00913492 0.00881884 0.0102702 0.0129433 0.0174731 0.010796 0.00860751 0.00886567 0.0130742 0.0124138 0.0110424 0.0105157 0.0111663 0.0157524 0.02202 0.0082444 0.00689619 0.0306242 0.0615347 0.0426201 0.0058599 0.00375682 0.00404142 0 0.00374382 0.00376816 0.00375749 0.00383915 0.00399818 0.00396523 0.00989773 0.00916563 0.00936508 0.00877711 0.0180114 0.0178899 0.0165193 
0.0107283 0.0146194 0.0201368 0.0153796 0.0179752 0.0120529 0.0109618 0.00868234 0.00932965 0.0088058 0.00861636 0.0107944 0.0198136 0.0294635 0.0318531 0.0243764 0.0918129 0.0127856 0.00955985 0.00900397 0.0107466 0.0156396 0.0146377 0.00986989 0.00892001 0.00829855 0.0100309 0.0115184 0.00999727 0.00919386 0.0119565 0.0161354 0.0107903 0.00808149 0.0280709 0.0823136 0.0258109 0.00728 0.00520281 0.00376804 0.00378093 0.00374382 0 0.00373889 0.00375531 0.00376316 0.00379598 0.00380603 0.00768747 0.00786877 0.00806834 0.00932013 0.0139675 0.0146057 0.00910676 
0.0113364 0.0168404 0.0258187 0.0365602 0.0123455 0.0106339 0.00969461 0.00869254 0.00919235 0.00892003 0.00861293 0.0107725 0.0176284 0.0423303 0.0278435 0.132117 0.0158398 0.0158596 0.00911781 0.00952851 0.0115332 0.0130048 0.0169472 0.0106196 0.00971353 0.00898957 0.00900559 0.0103685 0.0115679 0.011325 0.0124727 0.0179069 0.0155022 0.00971345 0.0457274 0.019074 0.00782924 0.0068384 0.0359717 0.00381561 0.00375123 0.00376816 0.00373889 0 0.00374879 0.00376163 0.0038029 0.00378338 0.0078221 0.00800247 0.00841952 0.00939383 0.0113921 0.0106475 0.0105734 
0.0121804 0.0186946 0.0539521 0.0245357 0.0119999 0.0127559 0.00951448 0.00916059 0.0091867 0.00894584 0.00864992 0.0116784 0.0254567 0.0421015 0.216523 0.0186623 0.0369585 0.0118131 0.0112492 0.00911034 0.0114819 0.016395 0.0172088 0.0220881 0.00909993 0.00840463 0.0100015 0.0152043 0.0147762 0.0106512 0.0115083 0.029355 0.019489 0.0222273 0.0111563 0.0101702 0.00846719 0.0448247 0.00680309 0.00382774 0.00379217 0.00375749 0.00375531 0.00374879 0 0.00398848 0.00378609 0.00377034 0.00950434 0.0100986 0.0227832 0.00974943 0.0112721 0.0206851 0.0106174 
0.0125747 0.026529 0.0354997 0.0197977 0.0119187 0.0102648 0.0111732 0.00855082 0.00972353 0.00874244 0.00898686 0.0125132 0.0229342 0.178188 0.0213221 0.0558708 0.0125031 0.0219237 0.0104947 0.00978438 0.0120727 0.0132873 0.0401284 0.0108441 0.00922883 0.00845273 0.010257 0.0177035 0.0120584 0.00954086 0.0170984 0.0268063 0.0496725 0.0115771 0.00848241 0.00803317 0.0367671 0.00684858 0.00739985 0.00398713 0.00400308 0.00383915 0.00376316 0.00376163 0.00398848 0 0.00374719 0.00378502 0.0124745 0.024691 0.0191734 0.00906837 0.0176446 0.0144433 0.0111423 
0.0181266 0.0189626 0.0137098 0.0108049 0.00896682 0.0108227 0.00882815 0.0100047 0.00877966 0.010542 0.0083977 0.0159967 0.0869803 0.0141747 0.0447322 0.0109393 0.0237125 0.00898153 0.0120773 0.00875389 0.0103102 0.0276937 0.0104695 0.0208607 0.00873639 0.00895039 0.0176467 0.0105027 0.0154482 0.00956553 0.0133945 0.0443922 0.0355093 0.0136267 0.00880123 0.0252647 0.00803935 0.00926886 0.00724976 0.00717416 0.00708427 0.00399818 0.00379598 0.0038029 0.00378609 0.00374719 0 0.00381433 0.0290231 0.0910255 0.0114419 0.0111815 0.0266427 0.0684871 0.0118815 
0.018284 0.010075 0.0108897 0.00915761 0.00876597 0.00836895 0.0116397 0.00870695 0.0318316 0.0083658 0.00882875 0.0736111 0.0104439 0.0130317 0.0102117 0.0165177 0.00919882 0.0104207 0.00834306 0.0111316 0.0322892 0.0103956 0.0109718 0.0087055 0.0130081 0.0303974 0.00966152 0.00898513 0.00981575 0.01683 0.0376973 0.01265 0.0139056 0.017043 0.0690209 0.0078202 0.0105609 0.00729808 0.0101802 0.00989267 0.00415286 0.00396523 0.00380603 0.00378338 0.00377034 0.00378502 0.00381433 0 0.0214139 0.00995732 0.056641 0.0345531 0.0139176 0.0118369 0.0576455 
0.00893773 0.00876333 0.00864239 0.00826457 0.00825497 0.00836988 0.00827227 0.00909065 0.00861415 0.00821958 0.00990173 0.00941286 0.00937399 0.00933294 0.00985118 0.00873113 0.00870864 0.00845347 0.00838881 0.00874468 0.00919096 0.00954962 0.00890368 0.00903178 0.0100721 0.00862552 0.00877352 0.00876051 0.00878106 0.0128558 0.0134388 0.0148876 0.0103263 0.0152258 0.00975642 0.0116793 0.010537 0.00899338 0.0122125 0.0122244 0.0108604 0.00989773 0.00768747 0.0078221 0.00950434 0.0124745 0.0290231 0.0214139 0 0.00432938 0.00385879 0.00399385 0.0123344 0.0722929 0.0564522 
0.00841669 0.00910161 0.00837216 0.00821292 0.00820021 0.00825743 0.00835749 0.00832381 0.0082735 0.00953911 0.00821044 0.00937383 0.00978411 0.00933048 0.0087536 0.00876241 0.00847793 0.00832765 0.00877005 0.00818277 0.00847251 0.0107371 0.0086965 0.0106782 0.00856904 0.0086169 0.00920725 0.00889819 0.0105459 0.00880206 0.0105513 0.0154441 0.018041 0.00946717 0.00908586 0.0117088 0.00869519 0.015463 0.00879434 0.00899896 0.0199728 0.00916563 0.00786877 0.00800247 0.0100986 0.024691 0.0910255 0.00995732 0.00432938 0 0.00378933 0.00731819 0.1144 0.0889477 0.00494149 
0.0115562 0.00857019 0.00872183 0.00827774 0.00824424 0.00820466 0.00863632 0.00892793 0.0147056 0.00821256 0.00853887 0.0142028 0.00989217 0.00871798 0.00942533 0.00915581 0.0090616 0.00849924 0.00834994 0.00903761 0.0149474 0.00926962 0.00872502 0.00861435 0.00994573 0.0119616 0.00913436 0.00863365 0.00904432 0.0116809 0.0193419 0.0106812 0.0113663 0.0130033 0.0165738 0.00854729 0.0111001 0.00898143 0.0112798 0.0157104 0.010183 0.00936508 0.00806834 0.00841952 0.0227832 0.0191734 0.0114419 0.056641 0.00385879 0.00378933 0 0.587324 0.0316553 0.0040053 0.00508907 
0.00890833 0.00866196 0.0083475 0.00835162 0.00819053 0.00829537 0.00831934 0.0106351 0.00870271 0.00827514 0.0102911 0.0102235 0.00882061 0.00903866 0.00912452 0.00854775 0.00877376 0.00832831 0.00873313 0.00881067 0.00909542 0.00899128 0.00861535 0.00979174 0.011249 0.00922087 0.00884449 0.0086012 0.0094144 0.0193126 0.0166189 0.0112969 0.0106076 0.0222608 0.0111253 0.00930807 0.00889697 0.0117922 0.0191383 0.0106657 0.00997733 0.00877711 0.00932013 0.00939383 0.00974943 0.00906837 0.0111815 0.0345531 0.00399385 0.00731819 0.587324 0 0.00391664 0.00383626 0.00509173 
0.00866659 0.00981012 0.00929792 0.0084059 0.00847698 0.00831642 0.00895734 0.00826197 0.00879091 0.00838808 0.00906498 0.00910993 0.0108274 0.0198908 0.0099627 0.0133525 0.00860225 0.00978157 0.00882144 0.00842546 0.00865836 0.00966557 0.0127041 0.00924258 0.00940141 0.00833743 0.00871083 0.0107613 0.0101307 0.0110118 0.0115893 0.0238365 0.0200501 0.0112972 0.0092885 0.00921259 0.0207998 0.0119163 0.00965083 0.00892714 0.0149184 0.0180114 0.0139675 0.0113921 0.0112721 0.0176446 0.0266427 0.0139176 0.0123344 0.1144 0.0316553 0.00391664 0 0.00591069 0.00391857 
0.00918513 0.0100345 0.00922821 0.00862743 0.00828339 0.00922034 0.00823846 0.0091316 0.00831506 0.00887718 0.00819645 0.0101892 0.0130079 0.0107448 0.0210043 0.00872953 0.0124946 0.0084714 0.0100157 0.00818381 0.00887238 0.0146087 0.00880431 0.016128 0.00827015 0.00858387 0.00965644 0.00944051 0.0140527 0.00871541 0.0109287 0.0217324 0.0399421 0.010797 0.00924492 0.0212087 0.0101051 0.0158312 0.00987102 0.00975374 0.0170227 0.0178899 0.0146057 0.0106475 0.0206851 0.0144433 0.0684871 0.0118369 0.0722929 0.0889477 0.0040053 0.00383626 0.00591069 0 0.00396926 
0.0105123 0.00883597 0.00879202 0.00830462 0.00836109 0.00822743 0.00897017 0.00828715 0.0151012 0.00820136 0.00843177 0.0146493 0.00887826 0.00986669 0.00865368 0.0107927 0.00867825 0.00895945 0.00825031 0.00913785 0.0124601 0.00894003 0.00940853 0.00843959 0.010208 0.0113867 0.00878542 0.00861212 0.00895731 0.0118485 0.0227416 0.0105854 0.0103836 0.0125287 0.0180091 0.00871837 0.0110245 0.0091596 0.0107876 0.0203181 0.017278 0.0165193 0.00910676 0.0105734 0.0106174 0.0111423 0.0118815 0.0576455 0.0564522 0.00494149 0.00508907 0.00509173 0.00391857 0.00396926 0 
