1A9NA
VKLTAELIEQAAQYTNAVRDRELDLRGYKIPVIENLGATLDQFDAIDFSDNEIRKLDGFPLLRRLKTLLVNNNRICRIGEGLDQALPDLTELILTNNSLVELGDLDPLASLKSLTYLCILRNPVTNKKHYRLYVIYKVPQVRVLDFQKVKLKERQEAEKMFK
CCCCHHHHHCCCEEECCCCCEEEECCCCCCCCCCCHHHHCCCCCEEECCCCCCCEECCCCCCCCCCEEECCCCCCCEECCCHHHHCCCCCEEECCCCCCCCHHHHHHHHHCCCCCEEECCCCHHHHCCCHHHHHHHHCCCCCEECCEECCHHHHHHHHHCCC
0 0 0 0 0 0 0 0 0 0 0 0 0 0 0 0 0 0 0 0 0 0 0 0 0 0 0 0 0 0 0 0 0 0 0 0 0 0 0 0 0 0 0 0 0 0 0 0 0 0 0 0 0 0 0 0 0 0 0 0 0 0 0 0 0 0 0 0 0 0 0 0 0 0 0 0 0 0 0 0 0 0 0 0 0 0 0 0 0 0 0 0 0 0 0 0 0 0 0 0 0 0 0 0 0 0 0 0 0 0 0 0 0 0 0 0 0 0 0 0 0 0 0 0 0 0 0 0 0 0 0 0 0 0 0 0 0 0 0 0 0 0 0 0 0 0 0 0 0 0 0 0 0 0 0 0 0 0 0 0 0 0 
0 0 0 0 0 0 0 0 0 0 0 0 0 0 0 0 0 0 0 0 0 0 0 0 0 0 0 0 0 0 0 0 0 0 0 0 0 0 0 0 0 0 0 0 0 0 0 0 0 0 0 0 0 0 0 0 0 0 0 0 0 0 0 0 0 0 0 0 0 0 0 0 0 0 0 0 0 0 0 0 0 0 0 0 0 0 0 0 0 0 0 0 0 0 0 0 0 0 0 0 0 0 0 0 0 0 0 0 0 0 0 0 0 0 0 0 0 0 0 0 0 0 0 0 0 0 0 0 0 0 0 0 0 0 0 0 0 0 0 0 0 0 0 0 0 0 0 0 0 0 0 0 0 0 0 0 0 0 0 0 0 0 
0 0.00332235 0.00416788 0.00980901 0.0101486 0.685213 0.0792328 0.0248068 0.00991519 0.0234593 0.0132986 0.0129208 0.0157827 0.00967274 0.0176985 0.0108844 0.0108222 0.0116494 0.00865306 0.0148677 0.0093088 0.00820093 0.0103185 0.00848367 0.00868189 0.00833311 0.00882086 
0.00332235 0 0.00331844 0.00640013 0.818822 0.0452046 0.00715641 0.0123054 0.1339 0.00992604 0.0123085 0.0151741 0.010386 0.0442776 0.00962561 0.0101703 0.00985237 0.00912345 0.021974 0.00873706 0.00888732 0.0100663 0.00851625 0.00845061 0.00849246 0.00830532 0.00818142 
0.00416788 0.00331844 0 0.885475 0.0131905 0.00667604 0.00994254 0.0324644 0.0106045 0.0561852 0.0167244 0.0100556 0.0211516 0.00964678 0.0231133 0.0130138 0.0094968 0.0155127 0.0092351 0.0147425 0.0105466 0.00853419 0.00964252 0.00967265 0.00836996 0.00870606 0.00823781 
0.00980901 0.00640013 0.885475 0 0.00321824 0.00322716 0.00359569 0.0891298 0.0140753 0.0248888 0.0188108 0.0126705 0.025044 0.0101315 0.0197365 0.0127825 0.011248 0.0148692 0.00935734 0.0145895 0.00948887 0.00863295 0.0110011 0.0087214 0.0092342 0.00815175 0.00930618 
0.0101486 0.818822 0.0131905 0.00321824 0 0.00324923 0.00317406 0.406867 0.0654975 0.0155115 0.0130035 0.0104437 0.0143199 0.0228467 0.0116162 0.0117895 0.00948555 0.011842 0.0133458 0.00974734 0.00933027 0.00950375 0.00911355 0.00850634 0.00833101 0.00830951 0.0080252 
0.685213 0.0452046 0.00667604 0.00322716 0.00324923 0 0.003299 0.0192243 0.636488 0.0183901 0.0180401 0.0131302 0.0114769 0.0400077 0.0132339 0.0112555 0.0106987 0.0107231 0.0282955 0.0103333 0.00947813 0.012325 0.00933705 0.00892647 0.00862501 0.00832299 0.00809911 
0.0792328 0.00715641 0.00994254 0.00359569 0.00317406 0.003299 0 0.0374389 0.0180145 0.728316 0.0167441 0.0175219 0.0198352 0.0113032 0.0751278 0.0209336 0.0119273 0.0168625 0.00998088 0.0348414 0.0114565 0.00899354 0.0134958 0.00975686 0.00868018 0.00913257 0.00832872 
0.0248068 0.0123054 0.0324644 0.0891298 0.406867 0.0192243 0.0374389 0 0.0033298 0.00341951 0.0258945 0.0288467 0.34417 0.0150195 0.0414661 0.0188329 0.0187546 0.0566323 0.0144092 0.0267215 0.0189523 0.0109412 0.0197189 0.0107008 0.0122744 0.00886123 0.00939026 
0.00991519 0.1339 0.0106045 0.0140753 0.0654975 0.636488 0.0180145 0.0033298 0 0.00360597 0.0307458 0.0413463 0.0148844 0.692371 0.0135854 0.0304603 0.0181834 0.0121004 0.184916 0.0117815 0.0107271 0.0389258 0.0102287 0.0110435 0.0102348 0.00938551 0.00845957 
0.0234593 0.00992604 0.0561852 0.0248888 0.0155115 0.0183901 0.728316 0.00341951 0.00360597 0 0.0186975 0.0114386 0.0331522 0.0158683 0.507966 0.0184113 0.0196039 0.0243715 0.0110711 0.153331 0.0137323 0.0101904 0.0353199 0.0105661 0.0101447 0.0094824 0.00899753 
0.0132986 0.0123085 0.0167244 0.0188108 0.0130035 0.0180401 0.0167441 0.0258945 0.0307458 0.0186975 0 0.00527242 0.0188817 0.136543 0.0564813 0.0777505 0.0256405 0.0212778 0.0186194 0.0177058 0.0136065 0.0136964 0.0138024 0.0116808 0.0110411 0.00920764 0.00923914 
0.0129208 0.0151741 0.0100556 0.0126705 0.0104437 0.0131302 0.0175219 0.0288467 0.0413463 0.0114386 0.00527242 0 0.0707315 0.0569952 0.0289395 0.02598 0.0700611 0.0131107 0.0242921 0.0117992 0.0140733 0.0124918 0.00973133 0.0121693 0.00947609 0.0120667 0.00842814 
0.0157827 0.010386 0.0211516 0.025044 0.0143199 0.0114769 0.0198352 0.34417 0.0148844 0.0331522 0.0188817 0.0707315 0 0.00340726 0.00346967 0.0256584 0.019098 0.415469 0.0129637 0.03394 0.0600304 0.0111472 0.0261038 0.0134169 0.0132718 0.0101953 0.0105335 
0.00967274 0.0442776 0.00964678 0.0101315 0.0228467 0.0400077 0.0113032 0.0150195 0.692371 0.0158683 0.136543 0.0569952 0.00340726 0 0.00534342 0.0271853 0.0494814 0.0196184 0.684758 0.012931 0.0131956 0.0933749 0.0116951 0.0141693 0.0114956 0.0102445 0.00875654 
0.0176985 0.00962561 0.0231133 0.0197365 0.0116162 0.0132339 0.0751278 0.0414661 0.0135854 0.507966 0.0564813 0.0289395 0.00346967 0.00534342 0 0.0276949 0.0139125 0.0746719 0.0176539 0.469022 0.0192728 0.0127236 0.0618736 0.0142159 0.0129042 0.0122298 0.0101842 
0.0108844 0.0101703 0.0130138 0.0127825 0.0117895 0.0112555 0.0209336 0.0188329 0.0304603 0.0184113 0.0777505 0.02598 0.0256584 0.0271853 0.0276949 0 0.00370643 0.0377679 0.101706 0.0507305 0.0259448 0.0175324 0.0276275 0.0168307 0.017733 0.0102263 0.0121251 
0.0108222 0.00985237 0.0094968 0.011248 0.00948555 0.0106987 0.0119273 0.0187546 0.0181834 0.0196039 0.0256405 0.0700611 0.019098 0.0494814 0.0139125 0.00370643 0 0.0296422 0.0613643 0.0678676 0.0143182 0.0282002 0.0125877 0.019635 0.0103737 0.0160872 0.00876768 
0.0116494 0.00912345 0.0155127 0.0148692 0.011842 0.0107231 0.0168625 0.0566323 0.0121004 0.0243715 0.0212778 0.0131107 0.415469 0.0196184 0.0746719 0.0377679 0.0296422 0 0.00333415 0.00340544 0.69973 0.0163572 0.0775416 0.0186899 0.0184163 0.0117268 0.0144492 
0.00865306 0.021974 0.0092351 0.00935734 0.0133458 0.0282955 0.00998088 0.0144092 0.184916 0.0110711 0.0186194 0.0242921 0.0129637 0.684758 0.0176539 0.101706 0.0613643 0.00333415 0 0.00417378 0.0285154 0.905656 0.0161475 0.0261835 0.0156663 0.0132732 0.00978865 
0.0148677 0.00873706 0.0147425 0.0145895 0.00974734 0.0103333 0.0348414 0.0267215 0.0117815 0.153331 0.0177058 0.0117992 0.03394 0.012931 0.469022 0.0507305 0.0678676 0.00340544 0.00417378 0 0.0501271 0.0180784 0.802688 0.016364 0.0189354 0.0142437 0.011936 
0.0093088 0.00888732 0.0105466 0.00948887 0.00933027 0.00947813 0.0114565 0.0189523 0.0107271 0.0137323 0.0136065 0.0140733 0.0600304 0.0131956 0.0192728 0.0259448 0.0143182 0.69973 0.0285154 0.0501271 0 0.00327726 0.00331944 0.329563 0.0255813 0.0183918 0.0149818 
0.00820093 0.0100663 0.00853419 0.00863295 0.00950375 0.012325 0.00899354 0.0109412 0.0389258 0.0101904 0.0136964 0.0124918 0.0111472 0.0933749 0.0127236 0.0175324 0.0282002 0.0163572 0.905656 0.0180784 0.00327726 0 0.00379915 0.0851138 0.194713 0.0228753 0.0135717 
0.0103185 0.00851625 0.00964252 0.0110011 0.00911355 0.00933705 0.0134958 0.0197189 0.0102287 0.0353199 0.0138024 0.00973133 0.0261038 0.0116951 0.0618736 0.0276275 0.0125877 0.0775416 0.0161475 0.802688 0.00331944 0.00379915 0 0.0323472 0.0634202 0.036407 0.0135835 
0.00848367 0.00845061 0.00967265 0.0087214 0.00850634 0.00892647 0.00975686 0.0107008 0.0110435 0.0105661 0.0116808 0.0121693 0.0134169 0.0141693 0.0142159 0.0168307 0.019635 0.0186899 0.0261835 0.016364 0.329563 0.0851138 0.0323472 0 0.00617604 0.0049851 0.90863 
0.00868189 0.00849246 0.00836996 0.0092342 0.00833101 0.00862501 0.00868018 0.0122744 0.0102348 0.0101447 0.0110411 0.00947609 0.0132718 0.0114956 0.0129042 0.017733 0.0103737 0.0184163 0.0156663 0.0189354 0.0255813 0.194713 0.0634202 0.00617604 0 0.926154 0.00611896 
0.00833311 0.00830532 0.00870606 0.00815175 0.00830951 0.00832299 0.00913257 0.00886123 0.00938551 0.0094824 0.00920764 0.0120667 0.0101953 0.0102445 0.0122298 0.0102263 0.0160872 0.0117268 0.0132732 0.0142437 0.0183918 0.0228753 0.036407 0.0049851 0.926154 0 0.00386122 
0.00882086 0.00818142 0.00823781 0.00930618 0.0080252 0.00809911 0.00832872 0.00939026 0.00845957 0.00899753 0.00923914 0.00842814 0.0105335 0.00875654 0.0101842 0.0121251 0.00876768 0.0144492 0.00978865 0.011936 0.0149818 0.0135717 0.0135835 0.90863 0.00611896 0.00386122 0 
