1AG6A
VEVLLGGDDGSLAFLPGDFSVASGEEIVFKNNAGFPHNVVFDEDEIPSGVDAAKISMSEEDLLNAPGETYKVTLTEKGTYKFYCSPHQGAGMVGKVTVN
CEEEECCCCCCCCEECCEEEECCCCEEEEEECCCCCECCEECHHHCCCCCCHHHHCCCCCCCECCCCCEEEEECCCCEEEEEECHHHCCCCCEEEEEEC
0 0 0 0 0 0 0 0 0 0 0 0 0 0 0 0 0 0 0 0 0 0 0 0 0 0 0 0 0 0 0 0 0 0 0 0 0 0 0 0 0 0 0 0 0 0 0 0 0 0 0 0 0 0 0 0 0 0 0 0 0 0 0 0 0 0 0 0 0 0 0 0 0 0 0 0 0 0 0 0 0 0 0 0 0 0 0 0 0 0 0 0 0 0 0 0 0 0 0 
0 0 0 0 0 0 0 0 0 0 0 0 0 0 0 0 0 0 0 0 0 0 0 0 0 0 0 0 0 0 0 0 0 0 0 0 0 0 0 0 0 0 0 0 0 0 0 0 0 0 0 0 0 0 0 0 0 0 0 0 0 0 0 0 0 0 0 0 0 0 0 0 0 0 0 0 0 0 0 0 0 0 0 0 0 0 0 0 0 0 0 0 0 0 0 0 0 0 0 
0 0.00330611 0.00344158 0.00412809 0.0188065 0.0183774 0.0711971 0.00906855 0.0693743 0.0198996 0.129476 0.0122844 0.165719 0.0108233 0.0241069 0.0153784 0.0166948 0.024885 0.0200761 0.0117009 0.0171214 0.00886585 0.0218292 0.00874004 0.031154 0.00969595 0.0102733 0.00853496 0.0129182 0.00972181 0.0249414 0.0108547 0.00851461 0.0124505 0.00854773 0.0177963 0.0121934 
0.00330611 0 0.00324928 0.00328124 0.0313178 0.01259 0.00756813 0.097164 0.00983713 0.0516425 0.00930972 0.204877 0.00914056 0.205388 0.009949 0.0156532 0.0124351 0.0118657 0.0171173 0.0123807 0.00822152 0.0302096 0.00849455 0.0534132 0.00886373 0.00993517 0.00827774 0.0160723 0.00919135 0.018373 0.00973294 0.00805773 0.0176521 0.00833221 0.0242567 0.00936998 0.0273408 
0.00344158 0.00324928 0 0.00321249 0.0112374 0.0237643 0.0365455 0.00859003 0.0636335 0.00870535 0.02258 0.00927365 0.0798161 0.0099609 0.163573 0.00912653 0.00947993 0.0138223 0.0113294 0.00864997 0.0107206 0.00847631 0.0329057 0.00861097 0.012929 0.00825958 0.0103936 0.00840725 0.0190662 0.012147 0.0102309 0.00875272 0.00826273 0.0158353 0.0083967 0.0242359 0.00871736 
0.00412809 0.00328124 0.00321249 0 0.0268386 0.0113235 0.0105513 0.0216231 0.0114878 0.0663611 0.0121591 0.0154371 0.00958951 0.0196394 0.0127613 0.140029 0.0145775 0.0186957 0.0203487 0.0173385 0.0103764 0.0134757 0.00847805 0.0128565 0.0104185 0.0124437 0.00829824 0.0092268 0.00888123 0.0124645 0.0145262 0.00974623 0.00925564 0.00820715 0.00957336 0.00926904 0.0207965 
0.0188065 0.0313178 0.0112374 0.0268386 0 0.00639116 0.00351154 0.0149379 0.00643656 0.022884 0.00998392 0.00888861 0.0078244 0.00846163 0.0112833 0.0324435 0.02631 0.015467 0.0334202 0.023661 0.0106261 0.0103714 0.00860605 0.0108141 0.0133197 0.0101069 0.00833412 0.00844282 0.00854945 0.00995449 0.0134341 0.00911303 0.00914813 0.00809642 0.00916001 0.0090716 0.0169388 
0.0183774 0.01259 0.0237643 0.0113235 0.00639116 0 0.0540107 0.00365633 0.00436423 0.00387298 0.00878968 0.00742355 0.00749252 0.00796014 0.0183875 0.00805787 0.0119931 0.0162233 0.0115376 0.0137006 0.0106755 0.00863873 0.0083861 0.00858852 0.0094321 0.00961385 0.00821711 0.00814796 0.00819614 0.0087248 0.0091229 0.00899421 0.00812976 0.00802225 0.00806594 0.00864334 0.00901706 
0.0711971 0.00756813 0.0365455 0.0105513 0.00351154 0.0540107 0 0.00322092 0.00352515 0.00341723 0.00734486 0.00475547 0.0190454 0.0261404 0.0340838 0.0097519 0.00885662 0.0119387 0.0134947 0.0114886 0.0117777 0.0082443 0.0173838 0.00827135 0.0392789 0.00841148 0.00892226 0.00814203 0.00983973 0.00829657 0.0196971 0.00929692 0.00802486 0.0107234 0.00810074 0.0146092 0.00962017 
0.00906855 0.097164 0.00859003 0.0216231 0.0149379 0.00365633 0.00322092 0 0.00319456 0.00437777 0.0039849 0.0333662 0.0138204 0.0743306 0.00700706 0.0100786 0.00834934 0.00904055 0.0129464 0.0124511 0.00820196 0.0257618 0.00832845 0.0558101 0.0087539 0.00979151 0.00811998 0.0142789 0.00857709 0.0153435 0.00911523 0.00801402 0.0163471 0.00807995 0.0209485 0.00871735 0.0211142 
0.0693743 0.00983713 0.0636335 0.0114878 0.00643656 0.00436423 0.00352515 0.00319456 0 0.0031543 0.0515509 0.010641 0.0409179 0.00622802 0.00879547 0.00569441 0.00692446 0.0137371 0.0106832 0.00881806 0.0197342 0.00855692 0.0491348 0.00852492 0.0216393 0.00855806 0.0182657 0.00845695 0.0162981 0.00989046 0.0127901 0.0108994 0.00827652 0.0222771 0.00836957 0.0411932 0.00837793 
0.0198996 0.0516425 0.00870535 0.0663611 0.022884 0.00387298 0.00341723 0.00437777 0.0031543 0 0.043129 0.0530437 0.00518467 0.00715988 0.0049253 0.006989 0.0121225 0.0144512 0.0182327 0.0331181 0.0119464 0.0368857 0.00847438 0.0190583 0.0092736 0.024262 0.00857977 0.0106368 0.00859491 0.0109188 0.0108498 0.0108535 0.014306 0.00819203 0.0140166 0.00856451 0.0407215 
0.129476 0.00930972 0.02258 0.0121591 0.00998392 0.00878968 0.00734486 0.0039849 0.0515509 0.043129 0 0.00326791 0.00325129 0.00321212 0.00389301 0.00412564 0.00825958 0.0111855 0.0125107 0.0154764 0.0209502 0.00874726 0.0205973 0.00882349 0.0828794 0.009615 0.010125 0.00871262 0.0101645 0.00886773 0.029749 0.01181 0.0082875 0.0126292 0.00840248 0.0254217 0.0127538 
0.0122844 0.204877 0.00927365 0.0154371 0.00888861 0.00742355 0.00475547 0.0333662 0.010641 0.0530437 0.00326791 0 0.00317372 0.00322043 0.00323524 0.00326889 0.00555542 0.00841293 0.0142625 0.0163518 0.00875465 0.0291887 0.0087205 0.134007 0.00933444 0.0105889 0.00866691 0.0152723 0.00938728 0.0373867 0.00959378 0.00840094 0.0188061 0.0086011 0.0352341 0.00999987 0.029025 
0.165719 0.00914056 0.0798161 0.00958951 0.0078244 0.00749252 0.0190454 0.0138204 0.0409179 0.00518467 0.00325129 0.00317372 0 0.00316049 0.00318479 0.00316465 0.00477864 0.00847168 0.00822655 0.00865758 0.0133665 0.00852097 0.207338 0.00876474 0.0197219 0.00845237 0.0145011 0.00948902 0.0705185 0.0109485 0.0123166 0.00948431 0.00857778 0.0601139 0.00909356 0.0486271 0.0101944 
0.0108233 0.205388 0.0099609 0.0196394 0.00846163 0.00796014 0.0261404 0.0743306 0.00622802 0.00715988 0.00321212 0.00322043 0.00316049 0 0.00314596 0.00316679 0.0070106 0.00881756 0.0119808 0.0100255 0.0084084 0.102953 0.00903825 0.0381703 0.00881993 0.0097099 0.00854117 0.0339781 0.0121746 0.0238808 0.00970427 0.00841109 0.0264368 0.009204 0.0476202 0.00929558 0.0274969 
0.0241069 0.009949 0.163573 0.0127613 0.0112833 0.0183875 0.0340838 0.00700706 0.00879547 0.0049253 0.00389301 0.00323524 0.00318479 0.00314596 0 0.0031524 0.00521293 0.0156277 0.0126078 0.00877378 0.0789481 0.00896141 0.0221296 0.00915413 0.0138351 0.00870222 0.0178387 0.00890488 0.0159555 0.0154407 0.0116039 0.0117833 0.00885811 0.0170923 0.00865648 0.0258171 0.00918063 
0.0153784 0.0156532 0.00912653 0.140029 0.0324435 0.00805787 0.0097519 0.0100786 0.00569441 0.006989 0.00412564 0.00326889 0.00316465 0.00316679 0.0031524 0 0.0210422 0.0128637 0.014033 0.0211063 0.0110598 0.0113129 0.00858441 0.0111746 0.0106558 0.0153917 0.00843733 0.00923283 0.00895598 0.0124939 0.0143714 0.0110903 0.00999216 0.0081764 0.00953079 0.00862094 0.0183164 
0.0166948 0.0124351 0.00947993 0.0145775 0.02631 0.0119931 0.00885662 0.00834934 0.00692446 0.0121225 0.00825958 0.00555542 0.00477864 0.0070106 0.00521293 0.0210422 0 0.0161122 0.00810595 0.197462 0.0106094 0.0106642 0.00879521 0.0100281 0.0146675 0.0111839 0.00832771 0.00870634 0.00844316 0.0102572 0.016348 0.00970364 0.00955586 0.00810042 0.00910486 0.0090632 0.0241366 
0.024885 0.0118657 0.0138223 0.0186957 0.015467 0.0162233 0.0119387 0.00904055 0.0137371 0.0144512 0.0111855 0.00841293 0.00847168 0.00881756 0.0156277 0.0128637 0.0161122 0 0.00417018 0.0337868 0.0137655 0.0108194 0.0121248 0.0124027 0.0207165 0.00963269 0.0094459 0.00896688 0.0102558 0.0140059 0.0207962 0.00965988 0.00927802 0.00954343 0.00902995 0.0154147 0.0151683 
0.0200761 0.0171173 0.0113294 0.0203487 0.0334202 0.0115376 0.0134947 0.0129464 0.0106832 0.0182327 0.0125107 0.0142625 0.00822655 0.0119808 0.0126078 0.014033 0.00810595 0.00417018 0 0.0760224 0.0165314 0.0207932 0.0116305 0.0206069 0.0295946 0.0169113 0.00982329 0.00983805 0.0100027 0.0163966 0.0213139 0.0145525 0.0116033 0.00892535 0.0102784 0.0123624 0.0156674 
0.0117009 0.0123807 0.00864997 0.0173385 0.023661 0.0137006 0.0114886 0.0124511 0.00881806 0.0331181 0.0154764 0.0163518 0.00865758 0.0100255 0.00877378 0.0211063 0.197462 0.0337868 0.0760224 0 0.0838737 0.0162817 0.00490945 0.00774822 0.00953316 0.0121687 0.00719265 0.00786299 0.00766434 0.00945693 0.027012 0.0133938 0.0116477 0.00862813 0.0112432 0.0105118 0.0457293 
0.0171214 0.00822152 0.0107206 0.0103764 0.0106261 0.0106755 0.0117777 0.00820196 0.0197342 0.0119464 0.0209502 0.00875465 0.0133665 0.0084084 0.0789481 0.0110598 0.0106094 0.0137655 0.0165314 0.0838737 0 0.00328053 0.00435506 0.00328515 0.00692997 0.00480021 0.00657484 0.00655389 0.0234526 0.0226431 0.0726325 0.0130323 0.00819154 0.0159479 0.00827913 0.0576691 0.0156304 
0.00886585 0.0302096 0.00847631 0.0134757 0.0103714 0.00863873 0.0082443 0.0257618 0.00855692 0.0368857 0.00874726 0.0291887 0.00852097 0.102953 0.00896141 0.0113129 0.0106642 0.0108194 0.0207932 0.0162817 0.00328053 0 0.00321789 0.00347047 0.00322842 0.00554427 0.00575204 0.032731 0.0113212 0.023172 0.00688188 0.00827947 0.0284565 0.00821793 0.0604299 0.00909572 0.0525048 
0.0218292 0.00849455 0.0329057 0.00847805 0.00860605 0.0083861 0.0173838 0.00832845 0.0491348 0.00847438 0.0205973 0.0087205 0.207338 0.00903825 0.0221296 0.00858441 0.00879521 0.0121248 0.0116305 0.00490945 0.00435506 0.00321789 0 0.0031469 0.00344753 0.00395769 0.0310157 0.00960656 0.026805 0.00696196 0.0102601 0.0141803 0.0081707 0.0919173 0.00826677 0.0758688 0.00885277 
0.00874004 0.0534132 0.00861097 0.0128565 0.0108141 0.00858852 0.00827135 0.0558101 0.00852492 0.0190583 0.00882349 0.134007 0.00876474 0.0381703 0.00915413 0.0111746 0.0100281 0.0124027 0.0206069 0.00774822 0.00328515 0.00347047 0.0031469 0 0.00316638 0.0189966 0.00772648 0.0344303 0.00738258 0.0102675 0.00557372 0.00835791 0.0491282 0.00830441 0.0671464 0.00913943 0.0537807 
0.031154 0.00886373 0.012929 0.0104185 0.0133197 0.0094321 0.0392789 0.0087539 0.0216393 0.0092736 0.0828794 0.00933444 0.0197219 0.00881993 0.0138351 0.0106558 0.0146675 0.0207165 0.0295946 0.00953316 0.00692997 0.00322842 0.00344753 0.00316638 0 0.0183089 0.026178 0.0065229 0.00558884 0.00611408 0.00814362 0.0687652 0.00831454 0.0318356 0.00821818 0.0358209 0.0139812 
0.00969595 0.00993517 0.00825958 0.0124437 0.0101069 0.00961385 0.00841148 0.00979151 0.00855806 0.024262 0.009615 0.0105889 0.00845237 0.0097099 0.00870222 0.0153917 0.0111839 0.00963269 0.0169113 0.0121687 0.00480021 0.00554427 0.00395769 0.0189966 0.0183089 0 0.00322811 0.00318849 0.00318787 0.00341828 0.00422148 0.00796556 0.009637 0.00802846 0.011159 0.0133938 0.933248 
0.0102733 0.00827774 0.0103936 0.00829824 0.00833412 0.00821711 0.00892226 0.00811998 0.0182657 0.00857977 0.010125 0.00866691 0.0145011 0.00854117 0.0178387 0.00843733 0.00832771 0.0094459 0.00982329 0.00719265 0.00657484 0.00575204 0.0310157 0.00772648 0.026178 0.00322811 0 0.00317349 0.00319359 0.00332043 0.00328386 0.00849939 0.0067535 0.0121781 0.00828294 0.979683 0.0123736 
0.00853496 0.0160723 0.00840725 0.0092268 0.00844282 0.00814796 0.00814203 0.0142789 0.00845695 0.0106368 0.00871262 0.0152723 0.00948902 0.0339781 0.00890488 0.00923283 0.00870634 0.00896688 0.00983805 0.00786299 0.00655389 0.032731 0.00960656 0.0344303 0.0065229 0.00318849 0.00317349 0 0.00322154 0.00319288 0.00322607 0.00721082 0.00913633 0.00830969 0.976264 0.0116171 0.0228082 
0.0129182 0.00919135 0.0190662 0.00888123 0.00854945 0.00819614 0.00983973 0.00857709 0.0162981 0.00859491 0.0101645 0.00938728 0.0705185 0.0121746 0.0159555 0.00895598 0.00844316 0.0102558 0.0100027 0.00766434 0.0234526 0.0113212 0.026805 0.00738258 0.00558884 0.00318787 0.00319359 0.00322154 0 0.00314951 0.00318267 0.0123706 0.0072357 0.973298 0.0108871 0.0238889 0.0121528 
0.00972181 0.018373 0.012147 0.0124645 0.00995449 0.0087248 0.00829657 0.0153435 0.00989046 0.0109188 0.00886773 0.0373867 0.0109485 0.0238808 0.0154407 0.0124939 0.0102572 0.0140059 0.0163966 0.00945693 0.0226431 0.023172 0.00696196 0.0102675 0.00611408 0.00341828 0.00332043 0.00319288 0.00314951 0 0.00318452 0.0146234 0.965999 0.00860538 0.0136485 0.0124461 0.0303224 
0.0249414 0.00973294 0.0102309 0.0145262 0.0134341 0.0091229 0.0196971 0.00911523 0.0127901 0.0108498 0.029749 0.00959378 0.0123166 0.00970427 0.0116039 0.0143714 0.016348 0.0207962 0.0213139 0.027012 0.0726325 0.00688188 0.0102601 0.00557372 0.00814362 0.00422148 0.00328386 0.00322607 0.00318267 0.00318452 0 0.962317 0.00585725 0.00922492 0.00733752 0.0119129 0.0437167 
0.0108547 0.00805773 0.00875272 0.00974623 0.00911303 0.00899421 0.00929692 0.00801402 0.0108994 0.0108535 0.01181 0.00840094 0.00948431 0.00841109 0.0117833 0.0110903 0.00970364 0.00965988 0.0145525 0.0133938 0.0130323 0.00827947 0.0141803 0.00835791 0.0687652 0.00796556 0.00849939 0.00721082 0.0123706 0.0146234 0.962317 0 0.00320878 0.00334751 0.00324116 0.00563555 0.00480102 
0.00851461 0.0176521 0.00826273 0.00925564 0.00914813 0.00812976 0.00802486 0.0163471 0.00827652 0.014306 0.0082875 0.0188061 0.00857778 0.0264368 0.00885811 0.00999216 0.00955586 0.00927802 0.0116033 0.0116477 0.00819154 0.0284565 0.0081707 0.0491282 0.00831454 0.009637 0.0067535 0.00913633 0.0072357 0.965999 0.00585725 0.00320878 0 0.00318355 0.0034503 0.00324162 0.00505925 
0.0124505 0.00833221 0.0158353 0.00820715 0.00809642 0.00802225 0.0107234 0.00807995 0.0222771 0.00819203 0.0126292 0.0086011 0.0601139 0.009204 0.0170923 0.0081764 0.00810042 0.00954343 0.00892535 0.00862813 0.0159479 0.00821793 0.0919173 0.00830441 0.0318356 0.00802846 0.0121781 0.00830969 0.973298 0.00860538 0.00922492 0.00334751 0.00318355 0 0.00316674 0.00338892 0.00326011 
0.00854773 0.0242567 0.0083967 0.00957336 0.00916001 0.00806594 0.00810074 0.0209485 0.00836957 0.0140166 0.00840248 0.0352341 0.00909356 0.0476202 0.00865648 0.00953079 0.00910486 0.00902995 0.0102784 0.0112432 0.00827913 0.0604299 0.00826677 0.0671464 0.00821818 0.011159 0.00828294 0.976264 0.0108871 0.0136485 0.00733752 0.00324116 0.0034503 0.00316674 0 0.00317173 0.00389125 
0.0177963 0.00936998 0.0242359 0.00926904 0.0090716 0.00864334 0.0146092 0.00871735 0.0411932 0.00856451 0.0254217 0.00999987 0.0486271 0.00929558 0.0258171 0.00862094 0.0090632 0.0154147 0.0123624 0.0105118 0.0576691 0.00909572 0.0758688 0.00913943 0.0358209 0.0133938 0.979683 0.0116171 0.0238889 0.0124461 0.0119129 0.00563555 0.00324162 0.00338892 0.00317173 0 0.00323242 
0.0121934 0.0273408 0.00871736 0.0207965 0.0169388 0.00901706 0.00962017 0.0211142 0.00837793 0.0407215 0.0127538 0.029025 0.0101944 0.0274969 0.00918063 0.0183164 0.0241366 0.0151683 0.0156674 0.0457293 0.0156304 0.0525048 0.00885277 0.0537807 0.0139812 0.933248 0.0123736 0.0228082 0.0121528 0.0303224 0.0437167 0.00480102 0.00505925 0.00326011 0.00389125 0.00323242 0 
