1AGYA
RTTRDDLINGNSASCRDVIFIYARGSTETGNLGTLGPSIASNLESAFGKDGVWIQGVGGAYRATLGDNALPRGTSSAAIREMLGLFQQANTKCPDATLIAGGYSQGAALAAASIEDLDSAIRDKIAGTVLFGYTKNLQNRGRIPNYPADRTKVFCNTGDLVCTGSLIVAAPHLAYGPDARGPAPEFLIEKVRAVRGS
CCCCEHHHHCCHHHCCCEEEEEECCCCCCCCCCCCHHHHHHHHHHHHCCCCEEEEECCCCCCCCHHHHHCCCCCCHHHHHHHHHHHHHHHHHCCCCEEEEEEECHHHHHHHHHHHHCCHHHHCCEEEEEEECCCCCCCCCCCCCCCCHHHEEEECCCCCHHHHCCCCCCHHHHCCHHHHHCHHHHHHHHHHHHHHCC
0 0 0 0 0 0 0 0 0 0 0 0 0 0 0 0 0 0 0 0 0 0 0 0 0 0 0 0 0 0 0 0 0 0 0 0 0 0 0 0 0 0 0 0 0 0 0 0 0 0 0 0 0 0 0 0 0 0 0 0 0 0 0 0 0 0 0 0 0 0 0 0 0 0 0 0 0 0 0 0 0 0 0 0 0 0 0 0 0 0 0 0 0 0 0 0 0 0 0 0 0 0 0 0 0 0 0 0 0 0 0 0 0 0 0 0 0 0 0 0 0 0 0 0 0 0 0 0 0 0 0 0 0 0 0 0 0 0 0 0 0 0 0 0 0 0 0 0 0 0 0 0 0 0 0 0 0 0 0 0 0 0 0 0 0 0 0 0 0 0 0 0 0 0 0 0 0 0 0 0 0 0 0 0 0 0 0 0 0 0 0 0 0 0 0 0 0 
0 0 0 0 0 0 0 0 0 0 0 0 0 0 0 0 0 0 0 0 0 0 0 0 0 0 0 0 0 0 0 0 0 0 0 0 0 0 0 0 0 0 0 0 0 0 0 0 0 0 0 0 0 0 0 0 0 0 0 0 0 0 0 0 0 0 0 0 0 0 0 0 0 0 0 0 0 0 0 0 0 0 0 0 0 0 0 0 0 0 0 0 0 0 0 0 0 0 0 0 0 0 0 0 0 0 0 0 0 0 0 0 0 0 0 0 0 0 0 0 0 0 0 0 0 0 0 0 0 0 0 0 0 0 0 0 0 0 0 0 0 0 0 0 0 0 0 0 0 0 0 0 0 0 0 0 0 0 0 0 0 0 0 0 0 0 0 0 0 0 0 0 0 0 0 0 0 0 0 0 0 0 0 0 0 0 0 0 0 0 0 0 0 0 0 0 0 
0 0.0157872 0.0111678 0.00714225 0.00752532 0.0078353 0.0142241 0.0150315 0.00978336 0.00884039 0.00911313 0.0144832 0.0153907 0.0086834 0.0081888 0.00827158 0.00806871 0.00806291 0.00936735 0.00964576 0.00819665 0.00801477 0.00800666 0.00799046 0.00816988 0.00878716 0.00914877 0.00794755 0.00787043 0.00810304 
0.0157872 0 0.00334021 0.00321518 0.00321333 0.00325171 0.0047533 0.636126 0.0283362 0.0224844 0.0122717 0.0204576 0.0487555 0.0208262 0.0169488 0.0121013 0.0103702 0.00981682 0.0124027 0.0146848 0.00920078 0.0106072 0.0101743 0.0107329 0.00979932 0.0116116 0.00966872 0.00825767 0.00834003 0.00889662 
0.0111678 0.00334021 0 0.00322402 0.00321273 0.00333941 0.00327165 0.0948408 0.611943 0.0339587 0.0469962 0.0166796 0.0179601 0.0957698 0.0400135 0.0450849 0.0248561 0.0150266 0.00912462 0.0112403 0.0162232 0.0191514 0.0232216 0.0216184 0.018787 0.00986139 0.00887905 0.00853304 0.00919731 0.00842669 
0.00714225 0.00321518 0.00322402 0 0.00320771 0.0031933 0.00321215 0.0693166 0.106966 0.534993 0.0513894 0.023465 0.015605 0.0374521 0.155397 0.0705457 0.0717241 0.0179309 0.00977582 0.0100563 0.0182971 0.034535 0.0358886 0.0438891 0.0270379 0.011183 0.00844617 0.00908115 0.00948109 0.00850596 
0.00752532 0.00321333 0.00321273 0.00320771 0 0.0031731 0.00327007 0.0395925 0.120569 0.207822 0.305226 0.0193158 0.0141286 0.0375387 0.0737292 0.109606 0.0392378 0.0180413 0.010361 0.00981293 0.0138245 0.0299752 0.0312634 0.0289743 0.0230777 0.0112855 0.00850975 0.00850309 0.00951609 0.00836452 
0.0078353 0.00325171 0.00333941 0.0031933 0.0031731 0 0.00337546 0.0181607 0.0897103 0.104704 0.147854 0.238566 0.0152642 0.0243296 0.032294 0.0266073 0.0252574 0.0232013 0.0111732 0.00932711 0.0122448 0.0186799 0.0150005 0.0141005 0.0210341 0.0127036 0.0084715 0.0084929 0.00927778 0.00826394 
0.0142241 0.0047533 0.00327165 0.00321215 0.00327007 0.00337546 0 0.0342877 0.0166183 0.0440109 0.0828236 0.172057 0.0217273 0.0148221 0.0127061 0.0142526 0.0125181 0.0144264 0.014666 0.0130251 0.00976131 0.0107386 0.0107506 0.0103212 0.012029 0.0147631 0.0106691 0.00826603 0.00830805 0.00874987 
0.0150315 0.636126 0.0948408 0.0693166 0.0395925 0.0181607 0.0342877 0 0.00340169 0.00321372 0.00322736 0.00360618 0.222901 0.0340707 0.0180122 0.013414 0.0112584 0.0103211 0.0176697 0.014228 0.00975097 0.0114178 0.0105838 0.0119624 0.0103847 0.016461 0.00881817 0.00814547 0.00889794 0.0100363 
0.00978336 0.0283362 0.611943 0.106966 0.120569 0.0897103 0.0166183 0.00340169 0 0.00318957 0.00319946 0.00325302 0.0721966 0.150305 0.0458683 0.0380925 0.0193148 0.0219536 0.00975717 0.00973867 0.0271455 0.0183128 0.0365536 0.01813 0.0297797 0.0103774 0.00857193 0.00871318 0.0109035 0.00854314 
0.00884039 0.0224844 0.0339587 0.534993 0.207822 0.104704 0.0440109 0.00321372 0.00318957 0 0.00314851 0.00320417 0.0240216 0.0803078 0.172417 0.0740218 0.0773026 0.0143437 0.0103002 0.0105873 0.0130936 0.0624876 0.0280492 0.084981 0.0226601 0.0123753 0.00943052 0.0090296 0.00992059 0.00866022 
0.00911313 0.0122717 0.0469962 0.0513894 0.305226 0.147854 0.0828236 0.00322736 0.00319946 0.00314851 0 0.00318185 0.0199911 0.0474041 0.0670634 0.0991816 0.0526243 0.0740764 0.0115036 0.0101492 0.0183369 0.0147642 0.0203232 0.0139995 0.05094 0.0141739 0.008629 0.00878172 0.0107837 0.00839262 
0.0144832 0.0204576 0.0166796 0.023465 0.0193158 0.238566 0.172057 0.00360618 0.00325302 0.00320417 0.00318185 0 0.0215399 0.0233012 0.0436184 0.0393916 0.0494606 0.0542675 0.0788602 0.0158599 0.010033 0.0156366 0.0115171 0.0109108 0.0148929 0.0332721 0.0109903 0.00845825 0.00872659 0.00947384 
0.0153907 0.0487555 0.0179601 0.015605 0.0141286 0.0152642 0.0217273 0.222901 0.0721966 0.0240216 0.0199911 0.0215399 0 0.00340525 0.00330683 0.00331062 0.00323838 0.003545 0.0109105 0.287626 0.0205779 0.0162896 0.0192791 0.01499 0.0150369 0.0303759 0.0131305 0.0101385 0.0119347 0.017414 
0.0086834 0.0208262 0.0957698 0.0374521 0.0375387 0.0243296 0.0148221 0.0340707 0.150305 0.0803078 0.0474041 0.0233012 0.00340525 0 0.00325293 0.0032197 0.00327087 0.00329971 0.00373089 0.114219 0.317278 0.0314624 0.0395965 0.0346843 0.0380785 0.013745 0.0136743 0.012534 0.0164207 0.0105358 
0.0081888 0.0169488 0.0400135 0.155397 0.0737292 0.032294 0.0127061 0.0180122 0.0458683 0.172417 0.0670634 0.0436184 0.00330683 0.00325293 0 0.00318629 0.00321026 0.00327864 0.00324525 0.0507502 0.0417399 0.495634 0.0435891 0.120005 0.0429797 0.0195574 0.0108814 0.0161898 0.0165021 0.00965551 
0.00827158 0.0121013 0.0450849 0.0705457 0.109606 0.0266073 0.0142526 0.013414 0.0380925 0.0740218 0.0991816 0.0393916 0.00331062 0.0032197 0.00318629 0 0.00316932 0.00318437 0.00338501 0.0199258 0.0571237 0.0553446 0.510287 0.0426874 0.0708034 0.0204805 0.0102697 0.0109966 0.0169156 0.00985444 
0.00806871 0.0103702 0.0248561 0.0717241 0.0392378 0.0252574 0.0125181 0.0112584 0.0193148 0.0773026 0.0526243 0.0494606 0.00323838 0.00327087 0.00321026 0.00316932 0 0.003148 0.0031592 0.0199815 0.0244586 0.120949 0.032393 0.483209 0.0308887 0.0268826 0.00965723 0.0112215 0.0130285 0.00969141 
0.00806291 0.00981682 0.0150266 0.0179309 0.0180413 0.0232013 0.0144264 0.0103211 0.0219536 0.0143437 0.0740764 0.0542675 0.003545 0.00329971 0.00327864 0.00318437 0.003148 0 0.00369726 0.0115004 0.0507159 0.0422885 0.0444477 0.0183532 0.593373 0.0343793 0.00932048 0.0103462 0.0179318 0.0101333 
0.00936735 0.0124027 0.00912462 0.00977582 0.010361 0.0111732 0.014666 0.0176697 0.00975717 0.0103002 0.0115036 0.0788602 0.0109105 0.00373089 0.00324525 0.00338501 0.0031592 0.00369726 0 0.0247575 0.0125746 0.0287397 0.0174179 0.0262069 0.0289693 0.516029 0.0147174 0.00927955 0.00930203 0.0151433 
0.00964576 0.0146848 0.0112403 0.0100563 0.00981293 0.00932711 0.0130251 0.014228 0.00973867 0.0105873 0.0101492 0.0158599 0.287626 0.114219 0.0507502 0.0199258 0.0199815 0.0115004 0.0247575 0 0.00325643 0.00324318 0.00332503 0.00338818 0.00349127 0.00411112 0.0575828 0.0127138 0.0109651 0.03197 
0.00819665 0.00920078 0.0162232 0.0182971 0.0138245 0.0122448 0.00976131 0.00975097 0.0271455 0.0130936 0.0183369 0.010033 0.0205779 0.317278 0.0417399 0.0571237 0.0244586 0.0507159 0.0125746 0.00325643 0 0.00316891 0.00318627 0.0033901 0.00326771 0.00360979 0.0125059 0.0213895 0.0316146 0.0107139 
0.00801477 0.0106072 0.0191514 0.034535 0.0299752 0.0186799 0.0107386 0.0114178 0.0183128 0.0624876 0.0147642 0.0156366 0.0162896 0.0314624 0.495634 0.0553446 0.120949 0.0422885 0.0287397 0.00324318 0.00316891 0 0.00317767 0.0032117 0.00327888 0.0032674 0.0175207 0.023771 0.023441 0.0154927 
0.00800666 0.0101743 0.0232216 0.0358886 0.0312634 0.0150005 0.0107506 0.0105838 0.0365536 0.0280492 0.0203232 0.0115171 0.0192791 0.0395965 0.0435891 0.510287 0.032393 0.0444477 0.0174179 0.00332503 0.00318627 0.00317767 0 0.00317401 0.00320761 0.00337444 0.114711 0.0181818 0.0364541 0.0145799 
0.00799046 0.0107329 0.0216184 0.0438891 0.0289743 0.0141005 0.0103212 0.0119624 0.01813 0.084981 0.0139995 0.0109108 0.01499 0.0346843 0.120005 0.0426874 0.483209 0.0183532 0.0262069 0.00338818 0.0033901 0.0032117 0.00317401 0 0.00321644 0.00319008 0.0192871 0.211567 0.0211379 0.0146362 
0.00816988 0.00979932 0.018787 0.0270379 0.0230777 0.0210341 0.012029 0.0103847 0.0297797 0.0226601 0.05094 0.0148929 0.0150369 0.0380785 0.0429797 0.0708034 0.0308887 0.593373 0.0289693 0.00349127 0.00326771 0.00327888 0.00320761 0.00321644 0 0.0033239 0.0142518 0.0160325 0.51717 0.0144447 
0.00878716 0.0116116 0.00986139 0.011183 0.0112855 0.0127036 0.0147631 0.016461 0.0103774 0.0123753 0.0141739 0.0332721 0.0303759 0.013745 0.0195574 0.0204805 0.0268826 0.0343793 0.516029 0.00411112 0.00360979 0.0032674 0.00337444 0.00319008 0.0033239 0 0.0205386 0.0129208 0.0280855 0.466764 
0.00914877 0.00966872 0.00887905 0.00844617 0.00850975 0.0084715 0.0106691 0.00881817 0.00857193 0.00943052 0.008629 0.0109903 0.0131305 0.0136743 0.0108814 0.0102697 0.00965723 0.00932048 0.0147174 0.0575828 0.0125059 0.0175207 0.114711 0.0192871 0.0142518 0.0205386 0 0.00324379 0.0032585 0.00390676 
0.00794755 0.00825767 0.00853304 0.00908115 0.00850309 0.0084929 0.00826603 0.00814547 0.00871318 0.0090296 0.00878172 0.00845825 0.0101385 0.012534 0.0161898 0.0109966 0.0112215 0.0103462 0.00927955 0.0127138 0.0213895 0.023771 0.0181818 0.211567 0.0160325 0.0129208 0.00324379 0 0.00321803 0.00326768 
0.00787043 0.00834003 0.00919731 0.00948109 0.00951609 0.00927778 0.00830805 0.00889794 0.0109035 0.00992059 0.0107837 0.00872659 0.0119347 0.0164207 0.0165021 0.0169156 0.0130285 0.0179318 0.00930203 0.0109651 0.0316146 0.023441 0.0364541 0.0211379 0.51717 0.0280855 0.0032585 0.00321803 0 0.00315613 
0.00810304 0.00889662 0.00842669 0.00850596 0.00836452 0.00826394 0.00874987 0.0100363 0.00854314 0.00866022 0.00839262 0.00947384 0.017414 0.0105358 0.00965551 0.00985444 0.00969141 0.0101333 0.0151433 0.03197 0.0107139 0.0154927 0.0145799 0.0146362 0.0144447 0.466764 0.00390676 0.00326768 0.00315613 0 
