1B13A
MKKYTCTVCAYIYNPEDGDPDNGVNPGTDFKDIPDDWVCPLCGVGKDQFEEVEE
CCCEEECCCCCEECCCCCEHHHCECCCCCHHHCCCCCECCCCCCEHHHEEECCC
0 0 0 0 0 0 0 0 0 0 0 0 0 0 0 0 0 0 0 0 0 0 0 0 0 0 0 0 0 0 0 0 0 0 0 0 0 0 0 0 0 0 0 0 0 0 0 0 0 0 0 0 0 0 
0 0 0 0 0 0 0 0 0 0 0 0 0 0 0 0 0 0 0 0 0 0 0 0 0 0 0 0 0 0 0 0 0 0 0 0 0 0 0 0 0 0 0 0 0 0 0 0 0 0 0 0 0 0 
0 0.00317092 0.00480175 0.00596773 0.738114 0.00746257 0.0138778 0.0109218 0.0142223 0.0171519 0.00864897 0.0816098 
0.00317092 0 0.00320652 0.696353 0.0167637 0.00647245 0.00796373 0.0130623 0.0137645 0.00873718 0.159646 0.00848843 
0.00480175 0.00320652 0 0.01919 0.00704448 0.00600354 0.0207964 0.011749 0.0113463 0.226289 0.0085122 0.0114992 
0.00596773 0.696353 0.01919 0 0.00500958 0.00989414 0.0112232 0.024429 0.0369903 0.00906989 0.0172259 0.0130893 
0.738114 0.0167637 0.00704448 0.00500958 0 0.0360131 0.011557 0.0161862 0.0127617 0.0215051 0.00943697 0.0108211 
0.00746257 0.00647245 0.00600354 0.00989414 0.0360131 0 0.711937 0.0190219 0.0698318 0.0107046 0.0100856 0.00962682 
0.0138778 0.00796373 0.0207964 0.0112232 0.011557 0.711937 0 0.0557785 0.030721 0.0251677 0.00908916 0.0155099 
0.0109218 0.0130623 0.011749 0.024429 0.0161862 0.0190219 0.0557785 0 0.843249 0.00593547 0.0100742 0.00942423 
0.0142223 0.0137645 0.0113463 0.0369903 0.0127617 0.0698318 0.030721 0.843249 0 0.0045615 0.00375012 0.00515957 
0.0171519 0.00873718 0.226289 0.00906989 0.0215051 0.0107046 0.0251677 0.00593547 0.0045615 0 0.00319389 0.0035711 
0.00864897 0.159646 0.0085122 0.0172259 0.00943697 0.0100856 0.00908916 0.0100742 0.00375012 0.00319389 0 0.00337379 
0.0816098 0.00848843 0.0114992 0.0130893 0.0108211 0.00962682 0.0155099 0.00942423 0.00515957 0.0035711 0.00337379 0 
