1B66A
LRRRARLSRLVSFSASHRLHSPSLSAEENLKVFGKCNNPNGHGHNYKVVVTIHGEIDPVTGMVMNLTDLKEYMEEAIMKPLDHKNLDLDVPYFADVVSTTENVAVYIWENLQRLLPVGALYKVKVYETDNNIVVYKGE
CCCEEEEEEEEEEEEEECCCCCCCCHHHHHHHHHHHHCCCCEEEEEEEEEEEEEECCCCCCCCCCHHHHHHHHHHHCHHHHCCEEHHHHCHHHCCCCCCHHHHHHHHHHHHHHHCCCCCEEEEEEEEECCEEEEECCC
0 0 0 0 0 0 0 0 0 0 0 0 0 0 0 0 0 0 0 0 0 0 0 0 0 0 0 0 0 0 0 0 0 0 0 0 0 0 0 0 0 0 0 0 0 0 0 0 0 0 0 0 0 0 0 0 0 0 0 0 0 0 0 0 0 0 0 0 0 0 0 0 0 0 0 0 0 0 0 0 0 0 0 0 0 0 0 0 0 0 0 0 0 0 0 0 0 0 0 0 0 0 0 0 0 0 0 0 0 0 0 0 0 0 0 0 0 0 0 0 0 0 0 0 0 0 0 0 0 0 0 0 0 0 0 0 0 0 
0 0 0 0 0 0 0 0 0 0 0 0 0 0 0 0 0 0 0 0 0 0 0 0 0 0 0 0 0 0 0 0 0 0 0 0 0 0 0 0 0 0 0 0 0 0 0 0 0 0 0 0 0 0 0 0 0 0 0 0 0 0 0 0 0 0 0 0 0 0 0 0 0 0 0 0 0 0 0 0 0 0 0 0 0 0 0 0 0 0 0 0 0 0 0 0 0 0 0 0 0 0 0 0 0 0 0 0 0 0 0 0 0 0 0 0 0 0 0 0 0 0 0 0 0 0 0 0 0 0 0 0 0 0 0 0 0 0 
0 0.00426131 0.00351343 0.00350448 0.00366707 0.0037148 0.00406983 0.00558415 0.00614395 0.00608403 0.00886292 0.00654144 0.0126077 0.0294532 0.0124331 0.00885229 0.00874448 0.00896957 0.00915465 0.0103111 0.010108 0.0105388 0.0104696 0.0143883 0.00904678 0.00931802 0.0100131 0.125288 0.00888481 0.00956978 0.00870124 0.00818768 0.00831259 0.00832141 0.00833841 0.00804361 0.00832581 0.00850722 0.00965147 0.00849554 0.00801956 0.00803872 0.0086316 0.010808 
0.00426131 0 0.00331888 0.00334838 0.00335853 0.0033551 0.00356094 0.0046022 0.00416771 0.00606645 0.00525035 0.00740552 0.0103576 0.0136509 0.00924018 0.0107609 0.0091301 0.0084887 0.0122722 0.00885696 0.0175026 0.0109197 0.0311442 0.00969513 0.013607 0.00862068 0.16903 0.00975916 0.00848082 0.00806954 0.00826393 0.00842252 0.00822338 0.00893363 0.00815594 0.00860328 0.00813957 0.00915044 0.00837866 0.00798207 0.00806796 0.00818758 0.00835315 0.00891525 
0.00351343 0.00331888 0 0.00330206 0.00322715 0.00328986 0.00345823 0.00342886 0.00559719 0.00387846 0.00798389 0.00517765 0.0088397 0.006193 0.0101453 0.00953054 0.0088263 0.0124884 0.00867355 0.0178124 0.0102097 0.0441389 0.0122493 0.0325194 0.0101987 0.22811 0.00870473 0.00936456 0.00806927 0.00801356 0.00817536 0.00841304 0.00911781 0.00826235 0.0100175 0.00828146 0.0102295 0.00820679 0.00812322 0.00797624 0.00804072 0.00824393 0.00848492 0.00817576 
0.00350448 0.00334838 0.00330206 0 0.00326379 0.00322931 0.00321945 0.00334119 0.00334122 0.00387985 0.00360773 0.00660331 0.00466919 0.00746464 0.00851644 0.00915079 0.0124095 0.00836571 0.0154213 0.00852683 0.040249 0.0100129 0.0335963 0.00926399 0.257441 0.00840491 0.0113269 0.00843886 0.00810294 0.00789019 0.00809249 0.00866105 0.00846927 0.0111019 0.00828904 0.0107948 0.0081464 0.00843246 0.0079957 0.00790824 0.0079629 0.0084091 0.00811108 0.00848984 
0.00366707 0.00335853 0.00322715 0.00326379 0 0.00316242 0.00320689 0.00326343 0.0034344 0.00335509 0.00902406 0.00367209 0.00504059 0.00491912 0.00904588 0.0100235 0.00882006 0.0114089 0.00854665 0.0221165 0.00936016 0.0285098 0.00996232 0.3341 0.00872348 0.0127334 0.00845374 0.00987083 0.0079889 0.00797853 0.00823696 0.00840085 0.00900412 0.00832967 0.0100829 0.00819781 0.0104992 0.00821158 0.00807152 0.00790384 0.00802704 0.008094 0.00837354 0.00816095 
0.0037148 0.0033551 0.00328986 0.00322931 0.00316242 0 0.00316182 0.00323549 0.00320966 0.0088084 0.00337101 0.00374821 0.00380379 0.00456733 0.00873862 0.009564 0.010591 0.00835027 0.0162739 0.00852698 0.0225261 0.00981838 0.365905 0.00954953 0.0166107 0.00839333 0.0147782 0.00841919 0.00806013 0.00789242 0.00799959 0.00852675 0.00841755 0.00999066 0.00830162 0.00994356 0.00816958 0.00832656 0.00797626 0.00785283 0.00791026 0.00828429 0.00806477 0.00812527 
0.00406983 0.00356094 0.00345823 0.00321945 0.00320689 0.00316182 0 0.00316836 0.00334908 0.00316742 0.00333999 0.00319206 0.00412949 0.00354885 0.0099948 0.0108608 0.00854135 0.0160623 0.00845255 0.0192295 0.00877515 0.422382 0.00985328 0.0344409 0.0086168 0.0386699 0.00857331 0.00974 0.00795907 0.00805078 0.00821583 0.00828151 0.0101607 0.00819765 0.0111419 0.00825084 0.00925245 0.00819188 0.00802813 0.00793249 0.00804193 0.00809171 0.00835806 0.00805787 
0.00558415 0.0046022 0.00342886 0.00334119 0.00326343 0.00323549 0.00316836 0 0.00315698 0.00333976 0.00315723 0.00362314 0.00319867 0.00388453 0.0089962 0.0103627 0.0227012 0.00827274 0.0265178 0.00839743 0.478954 0.00995055 0.0654517 0.00906377 0.0865295 0.00841181 0.0170767 0.00825922 0.00833889 0.00797752 0.00822964 0.00992102 0.00894981 0.0177033 0.00832265 0.01415 0.00858774 0.00912895 0.00799446 0.00793261 0.00802703 0.00934909 0.00823916 0.00910274 
0.00614395 0.00416771 0.00559719 0.00334122 0.0034344 0.00320966 0.00334908 0.00315698 0 0.00315139 0.00326448 0.00315634 0.00335971 0.00319826 0.0143694 0.0161363 0.00854905 0.0376494 0.008513 0.509511 0.00876202 0.0692747 0.00974085 0.14089 0.0086236 0.055863 0.00834177 0.0109059 0.00808724 0.00879648 0.00853957 0.00855297 0.0126681 0.00843325 0.0219529 0.00834232 0.0110096 0.00822276 0.00808045 0.00803233 0.00834925 0.00818552 0.00968198 0.0080501 
0.00608403 0.00606645 0.00387846 0.00387985 0.00335509 0.0088084 0.00316742 0.00333976 0.00315139 0 0.00315185 0.00329262 0.0031569 0.00339607 0.0125134 0.0094707 0.0372248 0.00847878 0.519032 0.00864262 0.0672813 0.00927302 0.123676 0.00912477 0.0743258 0.00847385 0.0209934 0.00835045 0.00837905 0.00809123 0.00833968 0.0107293 0.00875663 0.0260949 0.00850923 0.0194747 0.00860862 0.0090021 0.00800187 0.00804918 0.00810738 0.0103746 0.00824498 0.00960969 
0.00886292 0.00525035 0.00798389 0.00360773 0.00902406 0.00337101 0.00333999 0.00315723 0.00326448 0.00315185 0 0.003151 0.00319391 0.00315922 0.0137844 0.0165864 0.00973473 0.525698 0.00847389 0.044072 0.00875137 0.0846289 0.00964464 0.0756708 0.00852139 0.0413226 0.00838825 0.0106632 0.00804806 0.00847105 0.00842175 0.00843686 0.0135769 0.00825652 0.0179474 0.00839558 0.0103752 0.00824719 0.00819766 0.00807473 0.00829831 0.00824965 0.00921454 0.00802831 
0.00654144 0.00740552 0.00517765 0.00660331 0.00367209 0.00374821 0.00319206 0.00362314 0.00315634 0.00329262 0.003151 0 0.00314144 0.00318721 0.00957989 0.017978 0.521854 0.00867118 0.0324475 0.00884882 0.0879189 0.0107579 0.070223 0.00917278 0.0507904 0.00857531 0.0172701 0.00828713 0.00824151 0.00821187 0.00827922 0.00949519 0.00875894 0.0180463 0.00842627 0.0126381 0.00836413 0.0084786 0.00796526 0.00789729 0.00809693 0.00949062 0.00823057 0.00876013 
0.0126077 0.0103576 0.0088397 0.00466919 0.00504059 0.00380379 0.00412949 0.00319867 0.00335971 0.0031569 0.00319391 0.00314144 0 0.00315591 0.021406 0.482962 0.00906464 0.0272566 0.00872833 0.0438699 0.00895866 0.0360712 0.00973527 0.0310081 0.00874801 0.0180157 0.00856294 0.010147 0.00823592 0.00917844 0.00845981 0.00852556 0.00971374 0.00812849 0.0105561 0.00824198 0.00864443 0.00826905 0.00800476 0.00796606 0.00836201 0.008092 0.00892071 0.00808202 
0.0294532 0.0136509 0.006193 0.00746464 0.00491912 0.00456733 0.00354885 0.00388453 0.00319826 0.00339607 0.00315922 0.00318721 0.00315591 0 0.403889 0.00869237 0.0206838 0.00862255 0.0298219 0.00970341 0.0246332 0.0102622 0.0209082 0.00919813 0.0164951 0.00856753 0.0127791 0.00903255 0.00971952 0.00874091 0.0101829 0.00940586 0.00810586 0.00996658 0.00805426 0.00875046 0.00810618 0.00826539 0.00800695 0.00838009 0.00794273 0.00833759 0.0079667 0.00920479 
0.0124331 0.00924018 0.0101453 0.00851644 0.00904588 0.00873862 0.0099948 0.0089962 0.0143694 0.0125134 0.0137844 0.00957989 0.021406 0.403889 0 0.00329161 0.00317453 0.00331423 0.00319001 0.0035406 0.00345112 0.00469565 0.00438852 0.00723526 0.00516367 0.0064796 0.00550582 0.0143654 0.00950912 0.0135383 0.00849853 0.00832627 0.0085783 0.00814148 0.00864619 0.00816817 0.00814678 0.00894317 0.00968762 0.00802545 0.00796467 0.00791722 0.00829867 0.0104123 
0.00885229 0.0107609 0.00953054 0.00915079 0.0100235 0.009564 0.0108608 0.0103627 0.0161363 0.0094707 0.0165864 0.017978 0.482962 0.00869237 0.00329161 0 0.00314507 0.00320296 0.00310766 0.00324801 0.00362665 0.00350263 0.00430738 0.00426399 0.00523411 0.00542685 0.00696033 0.00790889 0.00915668 0.00885596 0.00840572 0.00937663 0.00880447 0.00916434 0.00931855 0.00864406 0.00997811 0.00851493 0.0099813 0.00792204 0.00832896 0.0083673 0.00875752 0.00834509 
0.00874448 0.0091301 0.0088263 0.0124095 0.00882006 0.010591 0.00854135 0.0227012 0.00854905 0.0372248 0.00973473 0.521854 0.00906464 0.0206838 0.00317453 0.00314507 0 0.00315245 0.00317909 0.00323231 0.00331513 0.00361399 0.00348663 0.00395936 0.00520474 0.00427309 0.00796278 0.00558307 0.00834597 0.00811798 0.00841294 0.008962 0.00951988 0.0125629 0.00846012 0.0135718 0.00859752 0.013604 0.00810628 0.00791507 0.00811217 0.00903464 0.0082634 0.00872473 
0.00896957 0.0084887 0.0124884 0.00836571 0.0114089 0.00835027 0.0160623 0.00827274 0.0376494 0.00847878 0.525698 0.00867118 0.0272566 0.00862255 0.00331423 0.00320296 0.00315245 0 0.00314643 0.00337956 0.00319118 0.00324467 0.00334545 0.00444962 0.00334994 0.00769829 0.00374165 0.00616326 0.00831176 0.0084921 0.00839169 0.00884413 0.0112898 0.00837086 0.0261209 0.00852875 0.0142627 0.00833016 0.00819224 0.00793069 0.00843215 0.008134 0.0104101 0.00822155 
0.00915465 0.0122722 0.00867355 0.0154213 0.00854665 0.0162739 0.00845255 0.0265178 0.008513 0.519032 0.00847389 0.0324475 0.00872833 0.0298219 0.00319001 0.00310766 0.00317909 0.00314643 0 0.00316744 0.00324049 0.00335543 0.00341056 0.00334704 0.00911054 0.00324753 0.00518579 0.00412757 0.00938677 0.00840791 0.00902786 0.011256 0.00923442 0.0381186 0.00853731 0.0343437 0.00856109 0.0110751 0.00823412 0.00818901 0.00827459 0.0115058 0.00824864 0.00957783 
0.0103111 0.00885696 0.0178124 0.00852683 0.0221165 0.00852698 0.0192295 0.00839743 0.509511 0.00864262 0.044072 0.00884882 0.0438699 0.00970341 0.0035406 0.00324801 0.00323231 0.00337956 0.00316744 0 0.00314428 0.00321375 0.00322247 0.00710631 0.00324179 0.00448371 0.0033261 0.0052314 0.00891356 0.00964468 0.00948722 0.0100076 0.0296715 0.00890183 0.0729565 0.00886644 0.0332032 0.00866168 0.00858784 0.00814884 0.00930189 0.0085646 0.0133028 0.00853164 
0.010108 0.0175026 0.0102097 0.040249 0.00936016 0.0225261 0.00877515 0.478954 0.00876202 0.0672813 0.00875137 0.0879189 0.00895866 0.0246332 0.00345112 0.00362665 0.00331513 0.00319118 0.00324049 0.00314428 0 0.00318107 0.00322812 0.00319814 0.00361498 0.00317734 0.00412091 0.0033144 0.0119759 0.00882163 0.0117356 0.025126 0.0131747 0.0992671 0.00999113 0.109321 0.00977638 0.0173303 0.00820319 0.00884675 0.00858403 0.0188757 0.00879195 0.0104296 
0.0105388 0.0109197 0.0441389 0.0100129 0.0285098 0.00981838 0.422382 0.00995055 0.0692747 0.00927302 0.0846289 0.0107579 0.0360712 0.0102622 0.00469565 0.00350263 0.00361399 0.00324467 0.00335543 0.00321375 0.00318107 0 0.00317722 0.00320162 0.00322669 0.00327917 0.00334662 0.00341927 0.0102194 0.0118943 0.0135724 0.0208652 0.0697291 0.0128283 0.186203 0.0134661 0.0716851 0.00964305 0.0105325 0.00848649 0.0118567 0.0111033 0.0187246 0.00919141 
0.0104696 0.0311442 0.0122493 0.0335963 0.00996232 0.365905 0.00985328 0.0654517 0.00974085 0.123676 0.00964464 0.070223 0.00973527 0.0209082 0.00438852 0.00430738 0.00348663 0.00334545 0.00341056 0.00322247 0.00322812 0.00317722 0 0.00323634 0.00321095 0.00322965 0.00346141 0.00322766 0.0141889 0.00950391 0.0141414 0.0375138 0.0200665 0.192873 0.0135184 0.139765 0.0130738 0.0215639 0.00866018 0.00877398 0.00945254 0.0271844 0.00962688 0.0123433 
0.0143883 0.00969513 0.0325194 0.00926399 0.3341 0.00954953 0.0344409 0.00906377 0.14089 0.00912477 0.0756708 0.00917278 0.0310081 0.00919813 0.00723526 0.00426399 0.00395936 0.00444962 0.00334704 0.00710631 0.00319814 0.00320162 0.00323634 0 0.00318981 0.00325304 0.00319262 0.00340794 0.0104019 0.0123849 0.0128095 0.0158272 0.0892862 0.0115424 0.176095 0.0110824 0.0592947 0.00942064 0.00910525 0.00852957 0.0108515 0.00995408 0.0197548 0.00921868 
0.00904678 0.013607 0.0101987 0.257441 0.00872348 0.0166107 0.0086168 0.0865295 0.0086236 0.0743258 0.00852139 0.0507904 0.00874801 0.0164951 0.00516367 0.00523411 0.00520474 0.00334994 0.00911054 0.00324179 0.00361498 0.00322669 0.00321095 0.00318981 0 0.00318668 0.00320086 0.00316422 0.0105054 0.00884535 0.0104629 0.0325711 0.0109459 0.101687 0.00948109 0.0770695 0.00958248 0.0123166 0.00829899 0.00845548 0.008486 0.0189881 0.00864328 0.010755 
0.00931802 0.00862068 0.22811 0.00840491 0.0127334 0.00839333 0.0386699 0.00841181 0.055863 0.00847385 0.0413226 0.00857531 0.0180157 0.00856753 0.0064796 0.00542685 0.00427309 0.00769829 0.00324753 0.00448371 0.00317734 0.00327917 0.00322965 0.00325304 0.00318668 0 0.00314612 0.00327442 0.0090435 0.010079 0.0104144 0.0102923 0.0301927 0.00891336 0.0578413 0.00891933 0.0187808 0.00858593 0.00836073 0.00809308 0.00886966 0.00861861 0.0112424 0.00833119 
0.0100131 0.16903 0.00870473 0.0113269 0.00845374 0.0147782 0.00857331 0.0170767 0.00834177 0.0209934 0.00838825 0.0172701 0.00856294 0.0127791 0.00550582 0.00696033 0.00796278 0.00374165 0.00518579 0.0033261 0.00412091 0.00334662 0.00346141 0.00319262 0.00320086 0.00314612 0 0.00315348 0.0130706 0.0106771 0.00975793 0.0147573 0.00928256 0.0237663 0.00839103 0.0169433 0.00858289 0.0101358 0.00836491 0.0084165 0.00839015 0.00986242 0.00837501 0.00978843 
0.125288 0.00975916 0.00936456 0.00843886 0.00987083 0.00841919 0.00974 0.00825922 0.0109059 0.00835045 0.0106632 0.00828713 0.010147 0.00903255 0.0143654 0.00790889 0.00558307 0.00616326 0.00412757 0.0052314 0.0033144 0.00341927 0.00322766 0.00340794 0.00316422 0.00327442 0.00315348 0 0.0138497 0.0205495 0.0159164 0.00962435 0.0105117 0.00822103 0.00927367 0.00844088 0.00882575 0.00826954 0.00858041 0.00979414 0.00868568 0.00816296 0.00886444 0.00858106 
0.00888481 0.00848082 0.00806927 0.00810294 0.0079889 0.00806013 0.00795907 0.00833889 0.00808724 0.00837905 0.00804806 0.00824151 0.00823592 0.00971952 0.00950912 0.00915668 0.00834597 0.00831176 0.00938677 0.00891356 0.0119759 0.0102194 0.0141889 0.0104019 0.0105054 0.0090435 0.0130706 0.0138497 0 0.00814924 0.0211255 0.0140199 0.0089882 0.010347 0.00864761 0.00942453 0.00869795 0.00929032 0.0103338 0.00975863 0.00892397 0.00853482 0.00872334 0.0126592 
0.00956978 0.00806954 0.00801356 0.00789019 0.00797853 0.00789242 0.00805078 0.00797752 0.00879648 0.00809123 0.00847105 0.00821187 0.00917844 0.00874091 0.0135383 0.00885596 0.00811798 0.0084921 0.00840791 0.00964468 0.00882163 0.0118943 0.00950391 0.0123849 0.00884535 0.010079 0.0106771 0.0205495 0.00814924 0 0.0294528 0.0111432 0.0133599 0.00886173 0.0112717 0.00897594 0.00972583 0.00967628 0.0100566 0.0115197 0.008718 0.00853289 0.0102967 0.00896963 
0.00870124 0.00826393 0.00817536 0.00809249 0.00823696 0.00799959 0.00821583 0.00822964 0.00853957 0.00833968 0.00842175 0.00827922 0.00845981 0.0101829 0.00849853 0.00840572 0.00841294 0.00839169 0.00902786 0.00948722 0.0117356 0.0135724 0.0141414 0.0128095 0.0104629 0.0104144 0.00975793 0.0159164 0.0211255 0.0294528 0 0.0032895 0.00328366 0.003297 0.00335157 0.00334914 0.00354919 0.00475005 0.0104528 0.00590729 0.00704667 0.00755788 0.0122666 0.0539321 
0.00818768 0.00842252 0.00841304 0.00866105 0.00840085 0.00852675 0.00828151 0.00992102 0.00855297 0.0107293 0.00843686 0.00949519 0.00852556 0.00940586 0.00832627 0.00937663 0.008962 0.00884413 0.011256 0.0100076 0.025126 0.0208652 0.0375138 0.0158272 0.0325711 0.0102923 0.0147573 0.00962435 0.0140199 0.0111432 0.0032895 0 0.00317001 0.00319203 0.0032775 0.00330245 0.00360285 0.00457057 0.0040941 0.00553843 0.0073042 0.0086009 0.0249646 0.0138697 
0.00831259 0.00822338 0.00911781 0.00846927 0.00900412 0.00841755 0.0101607 0.00894981 0.0126681 0.00875663 0.0135769 0.00875894 0.00971374 0.00810586 0.0085783 0.00880447 0.00951988 0.0112898 0.00923442 0.0296715 0.0131747 0.0697291 0.0200665 0.0892862 0.0109459 0.0301927 0.00928256 0.0105117 0.0089882 0.0133599 0.00328366 0.00317001 0 0.0031394 0.00316535 0.00319742 0.0032809 0.00323172 0.00329389 0.00492462 0.00754562 0.0094875 0.0142243 0.010203 
0.00832141 0.00893363 0.00826235 0.0111019 0.00832967 0.00999066 0.00819765 0.0177033 0.00843325 0.0260949 0.00825652 0.0180463 0.00812849 0.00996658 0.00814148 0.00916434 0.0125629 0.00837086 0.0381186 0.00890183 0.0992671 0.0128283 0.192873 0.0115424 0.101687 0.00891336 0.0237663 0.00822103 0.010347 0.00886173 0.003297 0.00319203 0.0031394 0 0.00314841 0.00325595 0.00316885 0.00317251 0.00327973 0.00447392 0.00840257 0.0157052 0.00719829 0.488586 
0.00833841 0.00815594 0.0100175 0.00828904 0.0100829 0.00830162 0.0111419 0.00832265 0.0219529 0.00850923 0.0179474 0.00842627 0.0105561 0.00805426 0.00864619 0.00931855 0.00846012 0.0261209 0.00853731 0.0729565 0.00999113 0.186203 0.0135184 0.176095 0.00948109 0.0578413 0.00839103 0.00927367 0.00864761 0.0112717 0.00335157 0.0032775 0.00316535 0.00314841 0 0.00314751 0.00317471 0.00318626 0.0032937 0.00417764 0.0141566 0.0052555 0.542277 0.0358648 
0.00804361 0.00860328 0.00828146 0.0107948 0.00819781 0.00994356 0.00825084 0.01415 0.00834232 0.0194747 0.00839558 0.0126381 0.00824198 0.00875046 0.00816817 0.00864406 0.0135718 0.00852875 0.0343437 0.00886644 0.109321 0.0134661 0.139765 0.0110824 0.0770695 0.00891933 0.0169433 0.00844088 0.00942453 0.00897594 0.00334914 0.00330245 0.00319742 0.00325595 0.00314751 0 0.00314671 0.00317553 0.00320263 0.00499176 0.00448684 0.535691 0.046862 0.0347149 
0.00832581 0.00813957 0.0102295 0.0081464 0.0104992 0.00816958 0.00925245 0.00858774 0.0110096 0.00860862 0.0103752 0.00836413 0.00864443 0.00810618 0.00814678 0.00997811 0.00859752 0.0142627 0.00856109 0.0332032 0.00977638 0.0716851 0.0130738 0.0592947 0.00958248 0.0187808 0.00858289 0.00882575 0.00869795 0.00972583 0.00354919 0.00360285 0.0032809 0.00316885 0.00317471 0.00314671 0 0.00330913 0.00327081 0.00463185 0.441637 0.0363882 0.0558557 0.00678737 
0.00850722 0.00915044 0.00820679 0.00843246 0.00821158 0.00832656 0.00819188 0.00912895 0.00822276 0.0090021 0.00824719 0.0084786 0.00826905 0.00826539 0.00894317 0.00851493 0.013604 0.00833016 0.0110751 0.00866168 0.0173303 0.00964305 0.0215639 0.00942064 0.0123166 0.00858593 0.0101358 0.00826954 0.00929032 0.00967628 0.00475005 0.00457057 0.00323172 0.00317251 0.00318626 0.00317553 0.00330913 0 0.00340444 0.0230391 0.0740726 0.0216581 0.00447352 0.00593103 
0.00965147 0.00837866 0.00812322 0.0079957 0.00807152 0.00797626 0.00802813 0.00799446 0.00808045 0.00800187 0.00819766 0.00796526 0.00800476 0.00800695 0.00968762 0.0099813 0.00810628 0.00819224 0.00823412 0.00858784 0.00820319 0.0105325 0.00866018 0.00910525 0.00829899 0.00836073 0.00836491 0.00858041 0.0103338 0.0100566 0.0104528 0.0040941 0.00329389 0.00327973 0.0032937 0.00320263 0.00327081 0.00340444 0 0.879128 0.00472676 0.00343812 0.00344449 0.00504992 
0.00849554 0.00798207 0.00797624 0.00790824 0.00790384 0.00785283 0.00793249 0.00793261 0.00803233 0.00804918 0.00807473 0.00789729 0.00796606 0.00838009 0.00802545 0.00792204 0.00791507 0.00793069 0.00818901 0.00814884 0.00884675 0.00848649 0.00877398 0.00852957 0.00845548 0.00809308 0.0084165 0.00979414 0.00975863 0.0115197 0.00590729 0.00553843 0.00492462 0.00447392 0.00417764 0.00499176 0.00463185 0.0230391 0.879128 0 0.00318084 0.00318832 0.00331187 0.00544109 
0.00801956 0.00806796 0.00804072 0.0079629 0.00802704 0.00791026 0.00804193 0.00802703 0.00834925 0.00810738 0.00829831 0.00809693 0.00836201 0.00794273 0.00796467 0.00832896 0.00811217 0.00843215 0.00827459 0.00930189 0.00858403 0.0118567 0.00945254 0.0108515 0.008486 0.00886966 0.00839015 0.00868568 0.00892397 0.008718 0.00704667 0.0073042 0.00754562 0.00840257 0.0141566 0.00448684 0.441637 0.0740726 0.00472676 0.00318084 0 0.0031897 0.00380154 0.00342661 
0.00803872 0.00818758 0.00824393 0.0084091 0.008094 0.00828429 0.00809171 0.00934909 0.00818552 0.0103746 0.00824965 0.00949062 0.008092 0.00833759 0.00791722 0.0083673 0.00903464 0.008134 0.0115058 0.0085646 0.0188757 0.0111033 0.0271844 0.00995408 0.0189881 0.00861861 0.00986242 0.00816296 0.00853482 0.00853289 0.00755788 0.0086009 0.0094875 0.0157052 0.0052555 0.535691 0.0363882 0.0216581 0.00343812 0.00318832 0.0031897 0 0.00324743 0.00326596 
0.0086316 0.00835315 0.00848492 0.00811108 0.00837354 0.00806477 0.00835806 0.00823916 0.00968198 0.00824498 0.00921454 0.00823057 0.00892071 0.0079667 0.00829867 0.00875752 0.0082634 0.0104101 0.00824864 0.0133028 0.00879195 0.0187246 0.00962688 0.0197548 0.00864328 0.0112424 0.00837501 0.00886444 0.00872334 0.0102967 0.0122666 0.0249646 0.0142243 0.00719829 0.542277 0.046862 0.0558557 0.00447352 0.00344449 0.00331187 0.00380154 0.00324743 0 0.00318286 
0.010808 0.00891525 0.00817576 0.00848984 0.00816095 0.00812527 0.00805787 0.00910274 0.0080501 0.00960969 0.00802831 0.00876013 0.00808202 0.00920479 0.0104123 0.00834509 0.00872473 0.00822155 0.00957783 0.00853164 0.0104296 0.00919141 0.0123433 0.00921868 0.010755 0.00833119 0.00978843 0.00858106 0.0126592 0.00896963 0.0539321 0.0138697 0.010203 0.488586 0.0358648 0.0347149 0.00678737 0.00593103 0.00504992 0.00544109 0.00342661 0.00326596 0.00318286 0 
