1BSLB
MKFGLFFLNFMNSKRSSDQVIEEMLDTAHYVDQLKFDTLAVYENHFSNNGVVGAPLTVAGFLLGMTKNAKVASLNHVITTHHPVRVAEEACLLDQMSEGRFAFGFSDCEKSADMRFFNRPTDSQFQLFSECHKIINDAFTTGYCHPNNDFYSFPKISVNPHAFTEGGPAQFVNATSKEVVEWAAKLGLPLVFRWDDSNAQRKEYAGLYHEVAQAHGVDVSQVRHKLTLLVNQNVDGEAARAEARVYLEEFVRESYSNTDFEQKMGELLSENAIGTYEESTQAARVAIECCGAADLLMSFESMEDKAQQRAVIDVVNANIVKYHS
CEEEEEECCECCCCCCHHHHHHHHHHHHHHHHCCCCCEEEECCCCCCCECCCCCHHHHHHHHHHCCCCCEEEEEEEEHHHCCHHHHHHHHHHHHHHCCCCEEEEEECCCCHHHHHHCCCCCCCHHHHHHHHHHHHHHHHHHCEECCECCCCECCCEECCCCCCCCCCCCEEEECCCHHHHHHHHHHCCCEEECCCCCHHHHHHHHHHHHHHHHHCCCCHHHCCCEEEEEEEECCCHHHHHHHHHHHCHHHHHHHCCCCCHHHHHHHHHHHCEEECHHHHHHHHHHHHHHHCCCEEEEECCCCCCHHHHHHHHHHHHHHCHHHHC
0 0 0 0 0 0 0 0 0 0 0 0 0 0 0 0 0 0 0 0 0 0 0 0 0 0 0 0 0 0 0 0 0 0 0 0 0 0 0 0 0 0 0 0 0 0 0 0 0 0 0 0 0 0 0 0 0 0 0 0 0 0 0 0 0 0 0 0 0 0 0 0 0 0 0 0 0 0 0 0 0 0 0 0 0 0 0 0 0 0 0 0 0 0 0 0 0 0 0 0 0 0 0 0 0 0 0 0 0 0 0 0 0 0 0 0 0 0 0 0 0 0 0 0 0 0 0 0 0 0 0 0 0 0 0 0 0 0 0 0 0 0 0 0 0 0 0 0 0 0 0 0 0 0 0 0 0 0 0 0 0 0 0 0 0 0 0 0 0 0 0 0 0 0 0 0 0 0 0 0 0 0 0 0 0 0 0 0 0 0 0 0 0 0 0 0 0 0 0 0 0 0 0 0 0 0 0 0 0 0 0 0 0 0 0 0 0 0 0 0 0 0 0 0 0 0 0 0 0 0 0 0 0 0 0 0 0 0 0 0 0 0 0 0 0 0 0 0 0 0 0 0 0 0 0 0 0 0 0 0 0 0 0 0 0 0 0 0 0 0 0 0 0 0 0 0 0 0 0 0 0 0 0 0 0 0 0 0 0 0 0 0 0 0 0 0 0 0 0 0 0 0 0 0 0 0 0 0 0 0 0 0 0 0 0 0 0 0 0 0 0 0 0 0 
0 0 0 0 0 0 0 0 0 0 0 0 0 0 0 0 0 0 0 0 0 0 0 0 0 0 0 0 0 0 0 0 0 0 0 0 0 0 0 0 0 0 0 0 0 0 0 0 0 0 0 0 0 0 0 0 0 0 0 0 0 0 0 0 0 0 0 0 0 0 0 0 0 0 0 0 0 0 0 0 0 0 0 0 0 0 0 0 0 0 0 0 0 0 0 0 0 0 0 0 0 0 0 0 0 0 0 0 0 0 0 0 0 0 0 0 0 0 0 0 0 0 0 0 0 0 0 0 0 0 0 0 0 0 0 0 0 0 0 0 0 0 0 0 0 0 0 0 0 0 0 0 0 0 0 0 0 0 0 0 0 0 0 0 0 0 0 0 0 0 0 0 0 0 0 0 0 0 0 0 0 0 0 0 0 0 0 0 0 0 0 0 0 0 0 0 0 0 0 0 0 0 0 0 0 0 0 0 0 0 0 0 0 0 0 0 0 0 0 0 0 0 0 0 0 0 0 0 0 0 0 0 0 0 0 0 0 0 0 0 0 0 0 0 0 0 0 0 0 0 0 0 0 0 0 0 0 0 0 0 0 0 0 0 0 0 0 0 0 0 0 0 0 0 0 0 0 0 0 0 0 0 0 0 0 0 0 0 0 0 0 0 0 0 0 0 0 0 0 0 0 0 0 0 0 0 0 0 0 0 0 0 0 0 0 0 0 0 0 0 0 0 0 0 
0 0.00331078 0.00326782 0.0032656 0.00342301 0.00568222 0.00931133 0.127692 0.0145138 0.0229897 0.0195073 0.010933 0.0195288 0.009888 0.0107661 0.0129122 0.00923041 0.0128946 0.00967061 0.0139909 0.00955013 0.0098348 0.00986678 0.0102129 0.00860945 0.0103608 0.00829157 0.00794304 0.00820084 0.00890916 0.0080346 0.00830444 0.00813015 0.00823312 0.00817006 0.0084634 0.00827066 0.00824901 0.00814106 0.00829954 0.00811324 0.00816786 0.00820931 0.00818992 0.00810455 0.00806701 0.00823693 0.00816839 0.00825558 0.00844025 0.0083404 0.00843326 0.00839517 0.00850808 0.0088129 
0.00331078 0 0.00325361 0.00325193 0.00352876 0.00333311 0.00545046 0.0291822 0.179127 0.0160893 0.0140986 0.00960877 0.00886153 0.0367766 0.0132803 0.0115063 0.0187818 0.0110818 0.0165411 0.0101741 0.00965396 0.009945 0.0131122 0.0100321 0.0118436 0.00878378 0.00785569 0.00798938 0.00780439 0.00783058 0.00815597 0.00807418 0.00812956 0.00828027 0.0084244 0.00818285 0.00819252 0.00837789 0.00806903 0.0080371 0.00832259 0.00832505 0.00840035 0.00837437 0.00829621 0.0081375 0.00801893 0.00827009 0.0083987 0.00829576 0.00835651 0.00849088 0.00853742 0.00846029 0.00848206 
0.00326782 0.00325361 0 0.00321444 0.00320047 0.00319869 0.00396929 0.112098 0.0372172 0.0881573 0.0109305 0.00869538 0.010736 0.0126251 0.0308388 0.0470801 0.0193824 0.043315 0.0126777 0.0103091 0.00900248 0.016812 0.0177172 0.0266696 0.0100188 0.00866866 0.00809627 0.00791673 0.00779677 0.00791147 0.00803977 0.00814593 0.00825646 0.00901879 0.00891696 0.00825744 0.00842869 0.00854044 0.00824387 0.0081304 0.00839034 0.00856082 0.00862055 0.00859254 0.0085208 0.00822182 0.00811052 0.00820239 0.00819615 0.00821452 0.00838898 0.00860781 0.00869236 0.00858295 0.00840034 
0.0032656 0.00325193 0.00321444 0 0.00319226 0.00318723 0.00396257 0.025077 0.322946 0.0385292 0.023117 0.00857863 0.00914089 0.0221426 0.0378454 0.0319973 0.0476501 0.0308931 0.0165927 0.0106786 0.00938293 0.0136559 0.0402784 0.0227999 0.0125091 0.00903668 0.00803417 0.00810386 0.0077962 0.00787475 0.0081058 0.00818489 0.0084167 0.00896836 0.00941211 0.00833474 0.00848392 0.0089728 0.00853828 0.00820278 0.00869888 0.00882312 0.00896085 0.00893801 0.00877583 0.00831003 0.00809345 0.00828726 0.00848473 0.00825936 0.00849539 0.00898507 0.009026 0.0089543 0.00849712 
0.00342301 0.00352876 0.00320047 0.00319226 0 0.00330487 0.00585077 0.0245291 0.0428477 0.470566 0.0244676 0.0111365 0.0113145 0.018602 0.0160404 0.0253312 0.0175222 0.0176068 0.0234724 0.0120313 0.00941864 0.0153789 0.0150338 0.0145807 0.0153364 0.00934297 0.00812013 0.00811365 0.00787162 0.00800304 0.00825477 0.00826478 0.00816041 0.00873801 0.00906847 0.00829386 0.00848838 0.008923 0.00840105 0.0081128 0.00846288 0.00857245 0.00865961 0.00868846 0.00853363 0.00828284 0.00800397 0.00829501 0.0085579 0.00825509 0.00847775 0.00885371 0.0088687 0.00894324 0.00854848 
0.00568222 0.00333311 0.00319869 0.00318723 0.00330487 0 0.0133572 0.0288333 0.0248694 0.047358 0.332276 0.0166449 0.0159888 0.0117781 0.0112343 0.0122678 0.0115706 0.0114037 0.0121934 0.0179059 0.0147974 0.00999981 0.0103584 0.0104524 0.0112206 0.0113604 0.00891506 0.00817086 0.00850625 0.00881911 0.00877801 0.00857053 0.00871649 0.00848329 0.00852187 0.00878066 0.00931961 0.00849814 0.00870288 0.00862761 0.00839018 0.00839533 0.00841725 0.00847263 0.0083438 0.00813553 0.00814758 0.00883452 0.00858107 0.00819489 0.00904665 0.00869726 0.00858878 0.0085814 0.00858425 
0.00931133 0.00545046 0.00396929 0.00396257 0.00585077 0.0133572 0 0.0232178 0.0161449 0.0224347 0.0411001 0.15922 0.0120023 0.00968137 0.00859284 0.0086684 0.00852199 0.00853711 0.00978103 0.0119971 0.0110314 0.00844429 0.0083986 0.00823855 0.0088177 0.00959672 0.00890206 0.00819795 0.00917708 0.00984252 0.00879433 0.00854855 0.00823046 0.00796612 0.00801381 0.00853655 0.0087618 0.00802267 0.00837077 0.0086192 0.00801404 0.00803794 0.00805419 0.00803595 0.00801068 0.0079166 0.00841689 0.00866744 0.00825604 0.00863319 0.00880388 0.0083015 0.0082188 0.00835213 0.00887575 
0.127692 0.0291822 0.112098 0.025077 0.0245291 0.0288333 0.0232178 0 0.00324402 0.0032263 0.00353344 0.00978464 0.43914 0.0142247 0.0166836 0.0170118 0.0122698 0.0140168 0.0149658 0.0225002 0.015896 0.0144292 0.0128115 0.0128924 0.0106951 0.0158261 0.00843289 0.00848925 0.00862904 0.00936465 0.0083863 0.00896399 0.0088064 0.00868529 0.00852433 0.0094802 0.00876109 0.00819111 0.00859545 0.00837922 0.00817434 0.00823652 0.00842983 0.00836363 0.00825991 0.00814527 0.00830335 0.0083427 0.00813807 0.0085044 0.00824684 0.00825672 0.00830318 0.00832842 0.00854492 
0.0145138 0.179127 0.0372172 0.322946 0.0428477 0.0248694 0.0161449 0.00324402 0 0.00320011 0.0032029 0.00977686 0.0171923 0.522435 0.0268185 0.0252103 0.0303171 0.0242852 0.0252522 0.0122215 0.0141804 0.0211105 0.0380032 0.021173 0.0211276 0.0103358 0.00810451 0.00838823 0.00786328 0.00794742 0.00856232 0.00825014 0.00885146 0.00948942 0.0101511 0.00900424 0.0091049 0.00916748 0.00876466 0.00817937 0.00876576 0.00881628 0.00902538 0.00896292 0.00892033 0.00845136 0.0081374 0.00827292 0.00839437 0.00823251 0.00830218 0.00861274 0.00866396 0.00868675 0.00855159 
0.0229897 0.0160893 0.0881573 0.0385292 0.470566 0.047358 0.0224347 0.0032263 0.00320011 0 0.00319127 0.00856699 0.0496302 0.0205986 0.298949 0.040301 0.0293513 0.0427335 0.0585327 0.018126 0.0103628 0.0368508 0.0219892 0.0409884 0.0363155 0.0118926 0.00873748 0.00821364 0.00794182 0.00823661 0.00844951 0.00881989 0.00864409 0.0104455 0.0109303 0.00902776 0.00895233 0.00957929 0.00850312 0.00823838 0.00874684 0.00900165 0.00899803 0.00923417 0.00891527 0.0084164 0.00800813 0.00819318 0.00840059 0.00812823 0.00829261 0.00858326 0.00878443 0.00864934 0.00836302 
0.0195073 0.0140986 0.0109305 0.023117 0.0244676 0.332276 0.0411001 0.00353344 0.0032029 0.00319127 0 0.0376853 0.0195201 0.0242739 0.0148269 0.110293 0.018154 0.0257837 0.0227128 0.0410196 0.0201887 0.011047 0.0137358 0.0123783 0.0168813 0.0200947 0.00916937 0.00842746 0.00872973 0.00891632 0.00916086 0.00869017 0.00923101 0.00911744 0.00923416 0.0093846 0.00973479 0.00870347 0.00874619 0.00855143 0.00845652 0.00827691 0.00846097 0.00846122 0.00837351 0.0081435 0.00814754 0.00851645 0.00844137 0.00812207 0.00879133 0.00851829 0.00841675 0.00852492 0.0084182 
0.010933 0.00960877 0.00869538 0.00857863 0.0111365 0.0166449 0.15922 0.00978464 0.00977686 0.00856699 0.0376853 0 0.0196429 0.0124513 0.0128086 0.0105398 0.0173567 0.00903775 0.012236 0.0269083 0.0147278 0.00888562 0.0085588 0.00843386 0.0093755 0.0120284 0.00940059 0.00893441 0.0115426 0.0111209 0.00956395 0.00897337 0.00848684 0.00791409 0.0080815 0.00907645 0.00887636 0.0079492 0.0084047 0.00833947 0.00792515 0.00791249 0.00795858 0.00792701 0.0079145 0.0079115 0.00834064 0.00857786 0.00793787 0.0085332 0.00834512 0.0080143 0.00804636 0.00803301 0.00832736 
0.0195288 0.00886153 0.010736 0.00914089 0.0113145 0.0159888 0.0120023 0.43914 0.0171923 0.0496302 0.0195201 0.0196429 0 0.00326548 0.00318126 0.00329903 0.0031562 0.00333985 0.00351335 0.00687309 0.0625622 0.01971 0.0109042 0.0115312 0.00972191 0.0175621 0.0117401 0.00850211 0.0106518 0.0147502 0.00894525 0.013804 0.010185 0.00881197 0.008963 0.0114985 0.00886382 0.00859131 0.00883584 0.00903575 0.00798848 0.00861835 0.00834924 0.00845465 0.00810095 0.00814725 0.00837133 0.00810441 0.00808438 0.00828463 0.00848302 0.00809301 0.00815602 0.00815153 0.00847457 
0.009888 0.0367766 0.0126251 0.0221426 0.018602 0.0117781 0.00968137 0.0142247 0.522435 0.0205986 0.0242739 0.0124513 0.00326548 0 0.00317077 0.00320381 0.00327383 0.00322799 0.00424849 0.00323386 0.185179 0.0386613 0.0296918 0.0143056 0.0231534 0.0104667 0.00839456 0.00940503 0.00810986 0.00815981 0.00980787 0.00863472 0.00989768 0.0110195 0.0126036 0.00880457 0.0096512 0.00911587 0.00909309 0.00815633 0.00918669 0.0089003 0.00929344 0.00914005 0.00888472 0.00850101 0.00811761 0.00819764 0.00832508 0.00813915 0.00826922 0.00853531 0.00864749 0.0086048 0.00835348 
0.0107661 0.0132803 0.0308388 0.0378454 0.0160404 0.0112343 0.00859284 0.0166836 0.0268185 0.298949 0.0148269 0.0128086 0.00318126 0.00317077 0 0.00316206 0.00317996 0.00321631 0.00319997 0.00319981 0.0376995 0.0799015 0.0398685 0.0381866 0.014079 0.0110023 0.00838589 0.00836053 0.00795759 0.00817273 0.00837857 0.00857768 0.00894751 0.0129211 0.0116891 0.00956127 0.00922016 0.00905045 0.00867704 0.00823816 0.0088012 0.00928832 0.00960516 0.00936276 0.00919499 0.00839397 0.00811241 0.00805433 0.00810214 0.00806053 0.00811841 0.00832051 0.00845298 0.00837004 0.00839684 
0.0129122 0.0115063 0.0470801 0.0319973 0.0253312 0.0122678 0.0086684 0.0170118 0.0252103 0.040301 0.110293 0.0105398 0.00329903 0.00320381 0.00316206 0 0.00315478 0.00318314 0.00317897 0.00322959 0.0359589 0.0963279 0.082518 0.0573385 0.0162116 0.0109742 0.00882419 0.00833694 0.00806285 0.00829664 0.00843236 0.00886824 0.00886342 0.0140676 0.0128329 0.00974943 0.00913473 0.00952962 0.00901757 0.00850601 0.00899216 0.0111142 0.00989435 0.0106919 0.0094422 0.00857617 0.00811027 0.00820266 0.00832007 0.00818219 0.00833109 0.0087115 0.00872378 0.0085629 0.00834928 
0.00923041 0.0187818 0.0193824 0.0476501 0.0175222 0.0115706 0.00852199 0.0122698 0.0303171 0.0293513 0.018154 0.0173567 0.0031562 0.00327383 0.00317996 0.00315478 0 0.00315123 0.00316626 0.00315263 0.0292512 0.0251046 0.160411 0.044996 0.0231103 0.0118173 0.0082435 0.00851981 0.0078909 0.00799445 0.00851933 0.00836886 0.00891888 0.0105745 0.0144798 0.00907041 0.00885263 0.00883396 0.00894183 0.00817297 0.00909552 0.00912083 0.0101608 0.00945256 0.00938301 0.00842557 0.00803177 0.00810143 0.00822809 0.00801296 0.00820451 0.0084962 0.00856682 0.00837141 0.00824712 
0.0128946 0.0110818 0.043315 0.0308931 0.0176068 0.0114037 0.00853711 0.0140168 0.0242852 0.0427335 0.0257837 0.00903775 0.00333985 0.00322799 0.00321631 0.00318314 0.00315123 0 0.00315571 0.00316561 0.0228422 0.0710196 0.0409082 0.173263 0.0206238 0.0155207 0.0087798 0.00839519 0.00802018 0.00823751 0.00847331 0.00886391 0.00878909 0.0137293 0.0126841 0.00967354 0.00925163 0.00940729 0.0089085 0.00826054 0.00890772 0.0102007 0.00967703 0.00997559 0.00911307 0.00858909 0.00811194 0.00814062 0.00823861 0.00814473 0.00817085 0.00849995 0.00863155 0.00852119 0.00827998 
0.00967061 0.0165411 0.0126777 0.0165927 0.0234724 0.0121934 0.00978103 0.0149658 0.0252522 0.0585327 0.0227128 0.012236 0.00351335 0.00424849 0.00319997 0.00317897 0.00316626 0.00315571 0 0.0031569 0.0201723 0.0367174 0.0486491 0.0347896 0.311955 0.0316759 0.00981971 0.00935775 0.00838048 0.00859867 0.0093996 0.00924069 0.0099321 0.0113353 0.0155762 0.0099081 0.0105185 0.0108397 0.00901477 0.00859031 0.00947866 0.0093053 0.0094802 0.00907189 0.00894741 0.00850359 0.00803402 0.00811561 0.00842126 0.00811903 0.00821665 0.00845455 0.00852355 0.0084192 0.00822875 
0.0139909 0.0101741 0.0103091 0.0106786 0.0120313 0.0179059 0.0119971 0.0225002 0.0122215 0.018126 0.0410196 0.0269083 0.00687309 0.00323386 0.00319981 0.00322959 0.00315263 0.00316561 0.0031569 0 0.019781 0.0162279 0.0190292 0.0245343 0.0433091 0.283933 0.0127995 0.00890411 0.010111 0.0102741 0.0106469 0.00979377 0.0118442 0.00950981 0.00988013 0.0112402 0.0122254 0.00895592 0.00918209 0.00917804 0.00826362 0.00853993 0.00833571 0.00847429 0.00833903 0.00821525 0.00806022 0.00833057 0.0081201 0.00801922 0.00829557 0.00818823 0.00824246 0.00809893 0.00814832 
0.00955013 0.00965396 0.00900248 0.00938293 0.00941864 0.0147974 0.0110314 0.015896 0.0141804 0.0103628 0.0201887 0.0147278 0.0625622 0.185179 0.0376995 0.0359589 0.0292512 0.0228422 0.0201723 0.019781 0 0.0075728 0.00323776 0.00325306 0.00334838 0.00562986 0.0208691 0.0162875 0.0111246 0.0123751 0.0135411 0.0130882 0.014763 0.00973455 0.0107442 0.0143532 0.0139464 0.00906543 0.0125491 0.0086625 0.00859913 0.00849769 0.0091376 0.00865812 0.00865533 0.00844071 0.00971011 0.00840459 0.00801659 0.00882175 0.00841398 0.00826204 0.00826904 0.00836501 0.00859715 
0.0098348 0.009945 0.016812 0.0136559 0.0153789 0.00999981 0.00844429 0.0144292 0.0211105 0.0368508 0.011047 0.00888562 0.01971 0.0386613 0.0799015 0.0963279 0.0251046 0.0710196 0.0367174 0.0162279 0.0075728 0 0.00318268 0.00319658 0.00322662 0.00327528 0.0205653 0.00958602 0.00869009 0.00926388 0.00952067 0.0116619 0.0107953 0.0288779 0.0167472 0.0116705 0.0103175 0.0133065 0.00976331 0.00894687 0.00983046 0.0134059 0.0106531 0.0130049 0.00993905 0.00907648 0.00819455 0.00819091 0.00856675 0.00819505 0.00820685 0.00864029 0.00856119 0.00865487 0.0081582 
0.00986678 0.0131122 0.0177172 0.0402784 0.0150338 0.0103584 0.0083986 0.0128115 0.0380032 0.0219892 0.0137358 0.0085588 0.0109042 0.0296918 0.0398685 0.082518 0.160411 0.0409082 0.0486491 0.0190292 0.00323776 0.00318268 0 0.00317453 0.0031707 0.00325563 0.0105154 0.0102463 0.00832948 0.00841828 0.00984035 0.00897167 0.015288 0.0186788 0.0289587 0.0116098 0.0119781 0.0112582 0.0105185 0.00869233 0.0127599 0.0130391 0.0196801 0.0154248 0.0143641 0.00941736 0.00846505 0.00863767 0.0085946 0.00831532 0.00867409 0.00912685 0.00948206 0.00934965 0.00877305 
0.0102129 0.0100321 0.0266696 0.0227999 0.0145807 0.0104524 0.00823855 0.0128924 0.021173 0.0409884 0.0123783 0.00843386 0.0115312 0.0143056 0.0381866 0.0573385 0.044996 0.173263 0.0347896 0.0245343 0.00325306 0.00319658 0.00317453 0 0.00315475 0.00317328 0.0159516 0.00901047 0.00856729 0.00887393 0.00908203 0.0100077 0.0111063 0.0354684 0.0210713 0.012867 0.0111257 0.013059 0.0106693 0.00895081 0.0105528 0.017596 0.0141482 0.0177169 0.0131608 0.00936488 0.00846902 0.00851093 0.00837163 0.00822586 0.00834263 0.00894882 0.0090384 0.00880366 0.00848612 
0.00860945 0.0118436 0.0100188 0.0125091 0.0153364 0.0112206 0.0088177 0.0106951 0.0211276 0.0363155 0.0168813 0.0093755 0.00972191 0.0231534 0.014079 0.0162116 0.0231103 0.0206238 0.311955 0.0433091 0.00334838 0.00322662 0.0031707 0.00315475 0 0.00350549 0.015015 0.0366221 0.00944516 0.00960796 0.0117503 0.0139255 0.011148 0.0160805 0.0790006 0.0141515 0.0116831 0.0154524 0.0119853 0.00854831 0.0101893 0.00956121 0.0107227 0.0102029 0.00963773 0.00887606 0.00822927 0.00818148 0.00848251 0.0081593 0.00825645 0.00844545 0.00843704 0.00860378 0.00822135 
0.0103608 0.00878378 0.00866866 0.00903668 0.00934297 0.0113604 0.00959672 0.0158261 0.0103358 0.0118926 0.0200947 0.0120284 0.0175621 0.0104667 0.0110023 0.0109742 0.0118173 0.0155207 0.0316759 0.283933 0.00562986 0.00327528 0.00325563 0.00317328 0.00350549 0 0.0306793 0.0203846 0.0142205 0.0139197 0.0123869 0.0127403 0.0132203 0.0097781 0.0135465 0.0271653 0.0135013 0.00936965 0.0140432 0.00980171 0.00856998 0.0085426 0.00882443 0.00862533 0.00863009 0.00855328 0.00873317 0.0085005 0.00808191 0.00817402 0.00833301 0.00809711 0.00814567 0.00816058 0.00818254 
0.00829157 0.00785569 0.00809627 0.00803417 0.00812013 0.00891506 0.00890206 0.00843289 0.00810451 0.00873748 0.00916937 0.00940059 0.0117401 0.00839456 0.00838589 0.00882419 0.0082435 0.0087798 0.00981971 0.0127995 0.0208691 0.0205653 0.0105154 0.0159516 0.015015 0.0306793 0 0.0106166 0.0105608 0.0671828 0.00702128 0.338763 0.00976292 0.0191663 0.0112522 0.0189641 0.00974913 0.011286 0.0122016 0.00918087 0.00818294 0.0084341 0.00826152 0.00833875 0.00820289 0.00883346 0.0089221 0.00808522 0.00820983 0.00869169 0.00808352 0.00797563 0.00803042 0.0080172 0.00855717 
0.00794304 0.00798938 0.00791673 0.00810386 0.00811365 0.00817086 0.00819795 0.00848925 0.00838823 0.00821364 0.00842746 0.00893441 0.00850211 0.00940503 0.00836053 0.00833694 0.00851981 0.00839519 0.00935775 0.00890411 0.0162875 0.00958602 0.0102463 0.00901047 0.0366221 0.0203846 0.0106166 0 0.0578393 0.00595677 0.260569 0.00765193 0.0121063 0.0104394 0.0142889 0.0110247 0.016067 0.00976916 0.0105914 0.00891682 0.00867137 0.00830144 0.0085706 0.00832985 0.00838315 0.00825931 0.00853475 0.00822264 0.00813055 0.00817663 0.00795871 0.008 0.00800449 0.00838398 0.00796406 
0.00820084 0.00780439 0.00779677 0.0077962 0.00787162 0.00850625 0.00917708 0.00862904 0.00786328 0.00794182 0.00872973 0.0115426 0.0106518 0.00810986 0.00795759 0.00806285 0.0078909 0.00802018 0.00838048 0.010111 0.0111246 0.00869009 0.00832948 0.00856729 0.00944516 0.0142205 0.0105608 0.0578393 0 0.888626 0.00756024 0.0492264 0.0104396 0.00960154 0.00963205 0.0163096 0.0109851 0.00937329 0.011198 0.00920907 0.00801214 0.00805439 0.00803846 0.00802901 0.00791134 0.00817283 0.00892722 0.00837764 0.00801945 0.00872728 0.00813079 0.00778794 0.00777871 0.00784058 0.00833641 
0.00890916 0.00783058 0.00791147 0.00787475 0.00800304 0.00881911 0.00984252 0.00936465 0.00794742 0.00823661 0.00891632 0.0111209 0.0147502 0.00815981 0.00817273 0.00829664 0.00799445 0.00823751 0.00859867 0.0102741 0.0123751 0.00926388 0.00841828 0.00887393 0.00960796 0.0139197 0.0671828 0.00595677 0.888626 0 0.050832 0.0255266 0.0121665 0.0105045 0.0101676 0.0191422 0.0144455 0.0108639 0.0116604 0.0121737 0.00830933 0.00843518 0.00819417 0.00832614 0.00802969 0.00836 0.00912886 0.00904775 0.00804668 0.00885625 0.0089664 0.00784097 0.00786044 0.00794083 0.00873565 
0.0080346 0.00815597 0.00803977 0.0081058 0.00825477 0.00877801 0.00879433 0.0083863 0.00856232 0.00844951 0.00916086 0.00956395 0.00894525 0.00980787 0.00837857 0.00843236 0.00851933 0.00847331 0.0093996 0.0106469 0.0135411 0.00952067 0.00984035 0.00908203 0.0117503 0.0123869 0.00702128 0.260569 0.00756024 0.050832 0 0.00432674 0.020789 0.0187812 0.0251421 0.018216 0.0222559 0.0129747 0.0174217 0.00992004 0.009909 0.00864806 0.00890258 0.0086766 0.00875005 0.00890455 0.0117002 0.00831954 0.00834189 0.00911059 0.0081757 0.00831599 0.00810792 0.00829795 0.00845041 
0.00830444 0.00807418 0.00814593 0.00818489 0.00826478 0.00857053 0.00854855 0.00896399 0.00825014 0.00881989 0.00869017 0.00897337 0.013804 0.00863472 0.00857768 0.00886824 0.00836886 0.00886391 0.00924069 0.00979377 0.0130882 0.0116619 0.00897167 0.0100077 0.0139255 0.0127403 0.338763 0.00765193 0.0492264 0.0255266 0.00432674 0 0.0129816 0.02733 0.0216919 0.0250275 0.0189261 0.0219453 0.0149561 0.0135266 0.00929657 0.00935169 0.00915237 0.00950887 0.00872616 0.00997167 0.00913413 0.00918191 0.00852106 0.00842677 0.00886324 0.00827662 0.0082204 0.00842202 0.0083548 
0.00813015 0.00812956 0.00825646 0.0084167 0.00816041 0.00871649 0.00823046 0.0088064 0.00885146 0.00864409 0.00923101 0.00848684 0.010185 0.00989768 0.00894751 0.00886342 0.00891888 0.00878909 0.0099321 0.0118442 0.014763 0.0107953 0.015288 0.0111063 0.011148 0.0132203 0.00976292 0.0121063 0.0104396 0.0121665 0.020789 0.0129816 0 0.00319842 0.00321939 0.00344775 0.0835293 0.0186656 0.0325281 0.0172283 0.0145388 0.010888 0.0135529 0.0122946 0.0114264 0.0100303 0.0148296 0.00918085 0.00825931 0.0106106 0.00889121 0.00886361 0.0085085 0.0087253 0.00889151 
0.00823312 0.00828027 0.00901879 0.00896836 0.00873801 0.00848329 0.00796612 0.00868529 0.00948942 0.0104455 0.00911744 0.00791409 0.00881197 0.0110195 0.0129211 0.0140676 0.0105745 0.0137293 0.0113353 0.00950981 0.00973455 0.0288779 0.0186788 0.0354684 0.0160805 0.0097781 0.0191663 0.0104394 0.00960154 0.0105045 0.0187812 0.02733 0.00319842 0 0.00321051 0.00316516 0.163939 0.115161 0.021499 0.0148349 0.0362296 0.0379632 0.0254524 0.0312026 0.0249945 0.0169443 0.00908404 0.0090859 0.00916852 0.00866533 0.00873458 0.0101067 0.0107676 0.0100748 0.00864928 
0.00817006 0.0084244 0.00891696 0.00941211 0.00906847 0.00852187 0.00801381 0.00852433 0.0101511 0.0109303 0.00923416 0.0080815 0.008963 0.0126036 0.0116891 0.0128329 0.0144798 0.0126841 0.0155762 0.00988013 0.0107442 0.0167472 0.0289587 0.0210713 0.0790006 0.0135465 0.0112522 0.0142889 0.00963205 0.0101676 0.0251421 0.0216919 0.00321939 0.00321051 0 0.00352496 0.0656007 0.34014 0.0524765 0.0120585 0.0307803 0.028408 0.0293179 0.026888 0.0291562 0.0251649 0.0101093 0.00979974 0.0104984 0.00884239 0.00907044 0.0106876 0.0123142 0.0135931 0.00896988 
0.0084634 0.00818285 0.00825744 0.00833474 0.00829386 0.00878066 0.00853655 0.0094802 0.00900424 0.00902776 0.0093846 0.00907645 0.0114985 0.00880457 0.00956127 0.00974943 0.00907041 0.00967354 0.0099081 0.0112402 0.0143532 0.0116705 0.0116098 0.012867 0.0141515 0.0271653 0.0189641 0.0110247 0.0163096 0.0191422 0.018216 0.0250275 0.00344775 0.00316516 0.00352496 0 0.0334757 0.0557321 0.303544 0.0259137 0.012477 0.0159923 0.0175985 0.0148766 0.0122488 0.0128403 0.0129259 0.0134876 0.00927951 0.0108174 0.0107739 0.00925614 0.00910959 0.00954634 0.00995453 
0.00827066 0.00819252 0.00842869 0.00848392 0.00848838 0.00931961 0.0087618 0.00876109 0.0091049 0.00895233 0.00973479 0.00887636 0.00886382 0.0096512 0.00922016 0.00913473 0.00885263 0.00925163 0.0105185 0.0122254 0.0139464 0.0103175 0.0119781 0.0111257 0.0116831 0.0135013 0.00974913 0.016067 0.0109851 0.0144455 0.0222559 0.0189261 0.0835293 0.163939 0.0656007 0.0334757 0 0.00330845 0.00322894 0.311809 0.0408447 0.0263464 0.0259161 0.0242416 0.0209785 0.0124563 0.0299147 0.0118027 0.00950713 0.0175688 0.0109062 0.0107449 0.00984957 0.0104641 0.0120294 
0.00824901 0.00837789 0.00854044 0.0089728 0.008923 0.00849814 0.00802267 0.00819111 0.00916748 0.00957929 0.00870347 0.0079492 0.00859131 0.00911587 0.00905045 0.00952962 0.00883396 0.00940729 0.0108397 0.00895592 0.00906543 0.0133065 0.0112582 0.013059 0.0154524 0.00936965 0.011286 0.00976916 0.00937329 0.0108639 0.0129747 0.0219453 0.0186656 0.115161 0.34014 0.0557321 0.00330845 0 0.00338027 0.0309967 0.16187 0.0378311 0.0366569 0.0329299 0.0265656 0.0808928 0.0107288 0.0104022 0.018772 0.00888646 0.00950952 0.0107419 0.0108166 0.0141107 0.00910671 
0.00814106 0.00806903 0.00824387 0.00853828 0.00840105 0.00870288 0.00837077 0.00859545 0.00876466 0.00850312 0.00874619 0.0084047 0.00883584 0.00909309 0.00867704 0.00901757 0.00894183 0.0089085 0.00901477 0.00918209 0.0125491 0.00976331 0.0105185 0.0106693 0.0119853 0.0140432 0.0122016 0.0105914 0.011198 0.0116604 0.0174217 0.0149561 0.0325281 0.021499 0.0524765 0.303544 0.00322894 0.00338027 0 0.0204344 0.0239909 0.0717029 0.0311656 0.033075 0.0425277 0.0355806 0.077693 0.0154291 0.00962344 0.0115893 0.0113646 0.00984541 0.00991749 0.0113405 0.0111266 
0.00829954 0.0080371 0.0081304 0.00820278 0.0081128 0.00862761 0.0086192 0.00837922 0.00817937 0.00823838 0.00855143 0.00833947 0.00903575 0.00815633 0.00823816 0.00850601 0.00817297 0.00826054 0.00859031 0.00917804 0.0086625 0.00894687 0.00869233 0.00895081 0.00854831 0.00980171 0.00918087 0.00891682 0.00920907 0.0121737 0.00992004 0.0135266 0.0172283 0.0148349 0.0120585 0.0259137 0.311809 0.0309967 0.0204344 0 0.00322425 0.00322762 0.00332949 0.00328381 0.00339388 0.00359959 0.00732893 0.0340306 0.0114475 0.0209261 0.0192012 0.0102583 0.0109807 0.01082 0.0181002 
0.00811324 0.00832259 0.00839034 0.00869888 0.00846288 0.00839018 0.00801404 0.00817434 0.00876576 0.00874684 0.00845652 0.00792515 0.00798848 0.00918669 0.0088012 0.00899216 0.00909552 0.00890772 0.00947866 0.00826362 0.00859913 0.00983046 0.0127599 0.0105528 0.0101893 0.00856998 0.00818294 0.00867137 0.00801214 0.00830933 0.009909 0.00929657 0.0145388 0.0362296 0.0307803 0.012477 0.0408447 0.16187 0.0239909 0.00322425 0 0.00318066 0.00321363 0.00323323 0.00324032 0.00347017 0.00367517 0.0244065 0.0292706 0.0117644 0.0118122 0.0381762 0.0156686 0.0331501 0.00984383 
0.00816786 0.00832505 0.00856082 0.00882312 0.00857245 0.00839533 0.00803794 0.00823652 0.00881628 0.00900165 0.00827691 0.00791249 0.00861835 0.0089003 0.00928832 0.0111142 0.00912083 0.0102007 0.0093053 0.00853993 0.00849769 0.0134059 0.0130391 0.017596 0.00956121 0.0085426 0.0084341 0.00830144 0.00805439 0.00843518 0.00864806 0.00935169 0.010888 0.0379632 0.028408 0.0159923 0.0263464 0.0378311 0.0717029 0.00322762 0.00318066 0 0.00316951 0.00318557 0.00317741 0.00323533 0.00325116 0.0310924 0.0191158 0.0107985 0.0143201 0.0213686 0.0813845 0.0182181 0.0124421 
0.00820931 0.00840035 0.00862055 0.00896085 0.00865961 0.00841725 0.00805419 0.00842983 0.00902538 0.00899803 0.00846097 0.00795858 0.00834924 0.00929344 0.00960516 0.00989435 0.0101608 0.00967703 0.0094802 0.00833571 0.0091376 0.0106531 0.0196801 0.0141482 0.0107227 0.00882443 0.00826152 0.0085706 0.00803846 0.00819417 0.00890258 0.00915237 0.0135529 0.0254524 0.0293179 0.0175985 0.0259161 0.0366569 0.0311656 0.00332949 0.00321363 0.00316951 0 0.00317086 0.00319456 0.00323648 0.00324415 0.0308912 0.0194564 0.0131654 0.0123642 0.0466998 0.0421383 0.0344585 0.0108678 
0.00818992 0.00837437 0.00859254 0.00893801 0.00868846 0.00847263 0.00803595 0.00836363 0.00896292 0.00923417 0.00846122 0.00792701 0.00845465 0.00914005 0.00936276 0.0106919 0.00945256 0.00997559 0.00907189 0.00847429 0.00865812 0.0130049 0.0154248 0.0177169 0.0102029 0.00862533 0.00833875 0.00832985 0.00802901 0.00832614 0.0086766 0.00950887 0.0122946 0.0312026 0.026888 0.0148766 0.0242416 0.0329299 0.033075 0.00328381 0.00323323 0.00318557 0.00317086 0 0.00316245 0.00321648 0.00318041 0.0263095 0.0209717 0.0109099 0.0159529 0.0296977 0.068655 0.0295376 0.0124491 
0.00810455 0.00829621 0.0085208 0.00877583 0.00853363 0.0083438 0.00801068 0.00825991 0.00892033 0.00891527 0.00837351 0.0079145 0.00810095 0.00888472 0.00919499 0.0094422 0.00938301 0.00911307 0.00894741 0.00833903 0.00865533 0.00993905 0.0143641 0.0131608 0.00963773 0.00863009 0.00820289 0.00838315 0.00791134 0.00802969 0.00875005 0.00872616 0.0114264 0.0249945 0.0291562 0.0122488 0.0209785 0.0265656 0.0425277 0.00339388 0.00324032 0.00317741 0.00319456 0.00316245 0 0.00317605 0.00315751 0.0847795 0.0170776 0.0144554 0.0118736 0.0314673 0.0467032 0.0288811 0.0107312 
0.00806701 0.0081375 0.00822182 0.00831003 0.00828284 0.00813553 0.0079166 0.00814527 0.00845136 0.0084164 0.0081435 0.0079115 0.00814725 0.00850101 0.00839397 0.00857617 0.00842557 0.00858909 0.00850359 0.00821525 0.00844071 0.00907648 0.00941736 0.00936488 0.00887606 0.00855328 0.00883346 0.00825931 0.00817283 0.00836 0.00890455 0.00997167 0.0100303 0.0169443 0.0251649 0.0128403 0.0124563 0.0808928 0.0355806 0.00359959 0.00347017 0.00323533 0.00323648 0.00321648 0.00317605 0 0.00319899 0.0140436 0.261707 0.0118509 0.0135023 0.0157697 0.0210214 0.0268263 0.0113964 
0.00823693 0.00801893 0.00811052 0.00809345 0.00800397 0.00814758 0.00841689 0.00830335 0.0081374 0.00800813 0.00814754 0.00834064 0.00837133 0.00811761 0.00811241 0.00811027 0.00803177 0.00811194 0.00803402 0.00806022 0.00971011 0.00819455 0.00846505 0.00846902 0.00822927 0.00873317 0.0089221 0.00853475 0.00892722 0.00912886 0.0117002 0.00913413 0.0148296 0.00908404 0.0101093 0.0129259 0.0299147 0.0107288 0.077693 0.00732893 0.00367517 0.00325116 0.00324415 0.00318041 0.00315751 0.00319899 0 0.0207746 0.0111637 0.254856 0.0156188 0.0126922 0.0100578 0.0115149 0.0118245 
0.00816839 0.00827009 0.00820239 0.00828726 0.00829501 0.00883452 0.00866744 0.0083427 0.00827292 0.00819318 0.00851645 0.00857786 0.00810441 0.00819764 0.00805433 0.00820266 0.00810143 0.00814062 0.00811561 0.00833057 0.00840459 0.00819091 0.00863767 0.00851093 0.00818148 0.0085005 0.00808522 0.00822264 0.00837764 0.00904775 0.00831954 0.00918191 0.00918085 0.0090859 0.00979974 0.0134876 0.0118027 0.0104022 0.0154291 0.0340306 0.0244065 0.0310924 0.0308912 0.0263095 0.0847795 0.0140436 0.0207746 0 0.00320243 0.00327282 0.118541 0.0201829 0.0361341 0.0157433 0.0349161 
0.00825558 0.0083987 0.00819615 0.00848473 0.0085579 0.00858107 0.00825604 0.00813807 0.00839437 0.00840059 0.00844137 0.00793787 0.00808438 0.00832508 0.00810214 0.00832007 0.00822809 0.00823861 0.00842126 0.0081201 0.00801659 0.00856675 0.0085946 0.00837163 0.00848251 0.00808191 0.00820983 0.00813055 0.00801945 0.00804668 0.00834189 0.00852106 0.00825931 0.00916852 0.0104984 0.00927951 0.00950713 0.018772 0.00962344 0.0114475 0.0292706 0.0191158 0.0194564 0.0209717 0.0170776 0.261707 0.0111637 0.00320243 0 0.00325574 0.0156858 0.070645 0.0193833 0.221965 0.0115601 
0.00844025 0.00829576 0.00821452 0.00825936 0.00825509 0.00819489 0.00863319 0.0085044 0.00823251 0.00812823 0.00812207 0.0085332 0.00828463 0.00813915 0.00806053 0.00818219 0.00801296 0.00814473 0.00811903 0.00801922 0.00882175 0.00819505 0.00831532 0.00822586 0.0081593 0.00817402 0.00869169 0.00817663 0.00872728 0.00885625 0.00911059 0.00842677 0.0106106 0.00866533 0.00884239 0.0108174 0.0175688 0.00888646 0.0115893 0.0209261 0.0117644 0.0107985 0.0131654 0.0109099 0.0144554 0.0118509 0.254856 0.00327282 0.00325574 0 0.0197294 0.0140801 0.0304744 0.024072 0.13012 
0.0083404 0.00835651 0.00838898 0.00849539 0.00847775 0.00904665 0.00880388 0.00824684 0.00830218 0.00829261 0.00879133 0.00834512 0.00848302 0.00826922 0.00811841 0.00833109 0.00820451 0.00817085 0.00821665 0.00829557 0.00841398 0.00820685 0.00867409 0.00834263 0.00825645 0.00833301 0.00808352 0.00795871 0.00813079 0.0089664 0.0081757 0.00886324 0.00889121 0.00873458 0.00907044 0.0107739 0.0109062 0.00950952 0.0113646 0.0192012 0.0118122 0.0143201 0.0123642 0.0159529 0.0118736 0.0135023 0.0156188 0.118541 0.0156858 0.0197294 0 0.00323225 0.00321987 0.00322037 0.00427383 
0.00843326 0.00849088 0.00860781 0.00898507 0.00885371 0.00869726 0.0083015 0.00825672 0.00861274 0.00858326 0.00851829 0.0080143 0.00809301 0.00853531 0.00832051 0.0087115 0.0084962 0.00849995 0.00845455 0.00818823 0.00826204 0.00864029 0.00912685 0.00894882 0.00844545 0.00809711 0.00797563 0.008 0.00778794 0.00784097 0.00831599 0.00827662 0.00886361 0.0101067 0.0106876 0.00925614 0.0107449 0.0107419 0.00984541 0.0102583 0.0381762 0.0213686 0.0466998 0.0296977 0.0314673 0.0157697 0.0126922 0.0201829 0.070645 0.0140801 0.00323225 0 0.00320421 0.00321348 0.00327996 
0.00839517 0.00853742 0.00869236 0.009026 0.0088687 0.00858878 0.0082188 0.00830318 0.00866396 0.00878443 0.00841675 0.00804636 0.00815602 0.00864749 0.00845298 0.00872378 0.00856682 0.00863155 0.00852355 0.00824246 0.00826904 0.00856119 0.00948206 0.0090384 0.00843704 0.00814567 0.00803042 0.00800449 0.00777871 0.00786044 0.00810792 0.0082204 0.0085085 0.0107676 0.0123142 0.00910959 0.00984957 0.0108166 0.00991749 0.0109807 0.0156686 0.0813845 0.0421383 0.068655 0.0467032 0.0210214 0.0100578 0.0361341 0.0193833 0.0304744 0.00321987 0.00320421 0 0.00316804 0.00318006 
0.00850808 0.00846029 0.00858295 0.0089543 0.00894324 0.0085814 0.00835213 0.00832842 0.00868675 0.00864934 0.00852492 0.00803301 0.00815153 0.0086048 0.00837004 0.0085629 0.00837141 0.00852119 0.0084192 0.00809893 0.00836501 0.00865487 0.00934965 0.00880366 0.00860378 0.00816058 0.0080172 0.00838398 0.00784058 0.00794083 0.00829795 0.00842202 0.0087253 0.0100748 0.0135931 0.00954634 0.0104641 0.0141107 0.0113405 0.01082 0.0331501 0.0182181 0.0344585 0.0295376 0.0288811 0.0268263 0.0115149 0.0157433 0.221965 0.024072 0.00322037 0.00321348 0.00316804 0 0.00318319 
0.0088129 0.00848206 0.00840034 0.00849712 0.00854848 0.00858425 0.00887575 0.00854492 0.00855159 0.00836302 0.0084182 0.00832736 0.00847457 0.00835348 0.00839684 0.00834928 0.00824712 0.00827998 0.00822875 0.00814832 0.00859715 0.0081582 0.00877305 0.00848612 0.00822135 0.00818254 0.00855717 0.00796406 0.00833641 0.00873565 0.00845041 0.0083548 0.00889151 0.00864928 0.00896988 0.00995453 0.0120294 0.00910671 0.0111266 0.0181002 0.00984383 0.0124421 0.0108678 0.0124491 0.0107312 0.0113964 0.0118245 0.0349161 0.0115601 0.13012 0.00427383 0.00327996 0.00318006 0.00318319 0 
