1C3HA
AYMYRSAFSVGLETRVTVPNVPIRFTKIFYNQQNHYDGSTGKFYCNIPGLYYFSYHITVYMKDVKVSLFKKDKAVLFTYDQYQEKNVDQASGSVLLHLEVGDQVWLQVYGDGDHNGLYADNVNDSTFTGFLLYHDTN
CCCCCCEEEEECCCCCCCCCCECCCCEEEECCCCCEECCCCEEECCCCEEEEEEEEEEEECEEEEEEEEECCEEEEEECCCCCECCEEEEEEEEEEEECCCCEEEEEEEEECCCCCCCCCCCCCCEEEEEEEEECCC
0 0 0 0 0 0 0 0 0 0 0 0 0 0 0 0 0 0 0 0 0 0 0 0 0 0 0 0 0 0 0 0 0 0 0 0 0 0 0 0 0 0 0 0 0 0 0 0 0 0 0 0 0 0 0 0 0 0 0 0 0 0 0 0 0 0 0 0 0 0 0 0 0 0 0 0 0 0 0 0 0 0 0 0 0 0 0 0 0 0 0 0 0 0 0 0 0 0 0 0 0 0 0 0 0 0 0 0 0 0 0 0 0 0 0 0 0 0 0 0 0 0 0 0 0 0 0 0 0 0 0 0 0 0 0 0 0 
0 0 0 0 0 0 0 0 0 0 0 0 0 0 0 0 0 0 0 0 0 0 0 0 0 0 0 0 0 0 0 0 0 0 0 0 0 0 0 0 0 0 0 0 0 0 0 0 0 0 0 0 0 0 0 0 0 0 0 0 0 0 0 0 0 0 0 0 0 0 0 0 0 0 0 0 0 0 0 0 0 0 0 0 0 0 0 0 0 0 0 0 0 0 0 0 0 0 0 0 0 0 0 0 0 0 0 0 0 0 0 0 0 0 0 0 0 0 0 0 0 0 0 0 0 0 0 0 0 0 0 0 0 0 0 0 0 
0 0.0033089 0.0032813 0.00319928 0.00436197 0.0231344 0.0256058 0.01268 0.0116834 0.0364401 0.0101762 0.0119766 0.014413 0.00991017 0.0290719 0.0202482 0.0130839 0.0111607 0.0128852 0.0118762 0.0127261 0.0110212 0.0171693 0.0126281 0.0170171 0.0110154 0.0192337 0.0101588 0.00992877 0.010362 0.0115948 0.0109989 0.0126349 0.00998035 0.0114155 0.0147676 0.00979954 0.009847 0.010083 0.00912739 0.0104158 0.0141438 0.0100873 0.00944579 0.00902569 0.00962865 0.00888795 0.00919812 0.00894062 0.0104219 0.00940563 0.0116988 0.0100777 0.0100607 0.0116222 0.00935004 0.00910686 0.0100039 0.00988676 0.00964912 0.00865696 0.0083738 0.00840047 0.0094987 0.008587 0.00855105 0.00851583 0.00852356 0.00970675 0.00882259 0.00929679 0.00881774 0.0106504 
0.0033089 0 0.00327729 0.00328209 0.00326708 0.00858931 0.0239194 0.0269974 0.0413261 0.0169365 0.0100002 0.00900568 0.00961069 0.0360184 0.00993888 0.0216619 0.0278177 0.0255405 0.0245147 0.0298516 0.0144862 0.0382221 0.0163765 0.0538814 0.0168253 0.0486255 0.0105795 0.0104698 0.00993369 0.0205261 0.0117669 0.0389095 0.0185227 0.0256183 0.0149724 0.0103084 0.00858769 0.0129769 0.0130504 0.0200568 0.0152053 0.010987 0.00816519 0.00917211 0.0126965 0.0131884 0.0207921 0.0108143 0.0172834 0.0126966 0.0218554 0.0199311 0.0266877 0.0118354 0.0105274 0.0085723 0.014772 0.0113888 0.020686 0.0118118 0.0136157 0.00907325 0.00886266 0.00826387 0.00882606 0.0115621 0.00996814 0.0134767 0.0118572 0.010757 0.0108449 0.0111006 0.00933163 
0.0032813 0.00327729 0 0.00316029 0.0031976 0.00773915 0.015441 0.0575703 0.0431534 0.0211212 0.00905003 0.00880571 0.0213168 0.00942405 0.0152954 0.013829 0.0193859 0.0484932 0.0495695 0.0201672 0.0802462 0.0164427 0.0840833 0.0183595 0.142081 0.0150967 0.0244475 0.00942341 0.0188116 0.0115198 0.0465913 0.0146634 0.0768822 0.0276183 0.0115584 0.00900859 0.00866982 0.010356 0.0236371 0.0213097 0.0225495 0.00981498 0.00804639 0.00897339 0.0133201 0.0282998 0.0162198 0.02926 0.0133326 0.0301806 0.0189999 0.0554289 0.0256419 0.019337 0.00866104 0.00963419 0.0101697 0.0362012 0.0170698 0.0355447 0.0131843 0.0116337 0.00870215 0.00812457 0.00905912 0.00989817 0.0181834 0.0136354 0.0158747 0.0143559 0.014958 0.010094 0.0087896 
0.00319928 0.00328209 0.00316029 0 0.0032074 0.0100222 0.0164717 0.0899888 0.0648311 0.0189121 0.0110873 0.00973104 0.0105152 0.054873 0.0098579 0.0149641 0.0315992 0.0212576 0.0198763 0.0392502 0.0117455 0.0376276 0.011883 0.0537831 0.0121376 0.0556861 0.0109787 0.0124783 0.00934596 0.0195741 0.0100504 0.0324735 0.0126074 0.0201657 0.0133336 0.00903947 0.00902645 0.0124261 0.0123078 0.0180732 0.0166288 0.0114897 0.00834396 0.00959552 0.0135049 0.0119844 0.0181675 0.0102199 0.0175117 0.0104839 0.0218354 0.0159867 0.0287289 0.0109613 0.0105477 0.00863577 0.0164219 0.0102025 0.024353 0.0112789 0.0124019 0.00896665 0.00907522 0.00827379 0.00907241 0.0134341 0.0093687 0.0120046 0.0103621 0.0111154 0.0111464 0.0114138 0.00892761 
0.00436197 0.00326708 0.0031976 0.0032074 0 0.0901388 0.0666639 0.0161974 0.023074 0.0729103 0.014555 0.0129688 0.0282518 0.0103106 0.0287949 0.0240166 0.0117752 0.0122159 0.0145302 0.0100933 0.0151563 0.0100713 0.0178047 0.0105217 0.0140873 0.0114345 0.0216638 0.0121024 0.0110068 0.00883357 0.0124038 0.00952296 0.0120761 0.0106079 0.0099653 0.0115708 0.0134332 0.00972396 0.0100125 0.00942093 0.0119996 0.0149567 0.0100901 0.0144104 0.0098123 0.00994109 0.00912946 0.0100286 0.00898461 0.011669 0.0101151 0.0118191 0.00961948 0.0119635 0.00959953 0.0118927 0.0089297 0.0103323 0.00938306 0.00965491 0.00881876 0.00849687 0.00839871 0.00891207 0.0122834 0.00880882 0.00925233 0.00867603 0.00942198 0.00892185 0.00897588 0.00913531 0.00980185 
0.0231344 0.00858931 0.00773915 0.0100222 0.0901388 0 0.00994233 0.0045047 0.00466882 0.0128239 0.0118538 0.0100014 0.0138053 0.00979355 0.0166431 0.0171416 0.00945307 0.00895137 0.00924766 0.00878697 0.00879888 0.00871194 0.00917095 0.00876082 0.0088738 0.00939948 0.0105784 0.0100447 0.00886911 0.00844411 0.00908288 0.00877925 0.00884713 0.00852267 0.00948262 0.0127158 0.0115897 0.0091546 0.00848666 0.00847685 0.00880252 0.0113597 0.0361522 0.0106274 0.00835918 0.0082128 0.00814466 0.00820017 0.00813553 0.00816662 0.0083146 0.0084085 0.00847814 0.00854595 0.010314 0.0105066 0.00817575 0.00820611 0.00820921 0.0080518 0.00800753 0.00799116 0.00811248 0.00865656 0.0103748 0.00806273 0.00801978 0.00794361 0.007966 0.00797657 0.0079535 0.0081314 0.0094819 
0.0256058 0.0239194 0.015441 0.0164717 0.0666639 0.00994233 0 0.00326852 0.00331784 0.00490121 0.00589931 0.00665456 0.0112615 0.008796 0.0276707 0.0201119 0.0112596 0.00963202 0.0110768 0.00994319 0.00907568 0.00960469 0.0097234 0.0114007 0.00972712 0.0100496 0.0126793 0.00981925 0.00966156 0.00988688 0.00924203 0.0106968 0.00975881 0.00900584 0.00993694 0.0128237 0.0103261 0.0105055 0.00939755 0.00910901 0.00928592 0.012173 0.00984351 0.0101556 0.00878788 0.00882963 0.00879564 0.00858626 0.00864214 0.00884661 0.0091347 0.00938288 0.0090272 0.00888985 0.0107484 0.00902969 0.00898241 0.00860486 0.00896031 0.00865905 0.00844488 0.00831543 0.00817583 0.00903667 0.00853544 0.00840237 0.00824295 0.00824419 0.00858136 0.00838732 0.00851556 0.00856729 0.00932597 
0.01268 0.0269974 0.0575703 0.0899888 0.0161974 0.0045047 0.00326852 0 0.0035922 0.00317718 0.00613446 0.00706365 0.011291 0.0125004 0.00911197 0.0136327 0.0238857 0.0189345 0.0136814 0.0113059 0.0116497 0.0130579 0.0121412 0.0135511 0.0151059 0.0135287 0.00934065 0.00962322 0.0113717 0.0113439 0.011935 0.014551 0.0144582 0.014452 0.0105904 0.00974563 0.00901046 0.0145936 0.0141445 0.0151846 0.0129901 0.0090947 0.0083793 0.0091736 0.0107101 0.0114698 0.0117116 0.00996414 0.0108221 0.011057 0.0137788 0.0145958 0.0169916 0.010395 0.00868632 0.0087544 0.011327 0.0112148 0.0123494 0.0108324 0.0096241 0.00888294 0.00861089 0.00811506 0.00851547 0.00894113 0.0100397 0.00928799 0.010604 0.00989529 0.00960723 0.0092685 0.00869208 
0.0116834 0.0413261 0.0431534 0.0648311 0.023074 0.00466882 0.00331784 0.0035922 0 0.00317668 0.00659059 0.0373215 0.00997233 0.0236234 0.0107216 0.015832 0.0373895 0.0172837 0.0154829 0.0137895 0.0143811 0.0120961 0.0161348 0.0132889 0.0154657 0.022094 0.0127087 0.00899545 0.0114091 0.0102354 0.0112789 0.0118196 0.0123779 0.0138355 0.0127491 0.00915962 0.00881551 0.0113579 0.0114973 0.0156691 0.0174179 0.0103582 0.00842036 0.00915761 0.0124077 0.0117255 0.0105611 0.0108179 0.0102209 0.0111166 0.0115278 0.0163154 0.0158514 0.0143191 0.00880129 0.0085661 0.0107752 0.0111159 0.012108 0.0116259 0.00955787 0.00888861 0.00853158 0.00807773 0.0085362 0.0101153 0.00928279 0.0097255 0.0097398 0.010006 0.0103791 0.0101919 0.00862059 
0.0364401 0.0169365 0.0211212 0.0189121 0.0729103 0.0128239 0.00490121 0.00317718 0.00317668 0 0.0360785 0.00533515 0.0473502 0.00859814 0.0480696 0.0269157 0.0118469 0.0153694 0.0127759 0.0102273 0.0107572 0.00983684 0.0114324 0.010737 0.0110451 0.0126476 0.0202395 0.014438 0.0092823 0.00936147 0.00987141 0.0102921 0.0110358 0.0108906 0.00966508 0.0128661 0.0145906 0.00979021 0.00966825 0.00956944 0.0129691 0.0169981 0.0123033 0.0159147 0.00960234 0.00983165 0.0105418 0.00962842 0.00973955 0.0100504 0.0101466 0.0108695 0.0108292 0.0105954 0.01043 0.0118672 0.00912668 0.00997249 0.0101247 0.00932574 0.00907504 0.00857864 0.00833046 0.00841323 0.0134912 0.00906301 0.00875264 0.00881908 0.00923172 0.00913697 0.00910283 0.00947061 0.00957823 
0.0101762 0.0100002 0.00905003 0.0110873 0.014555 0.0118538 0.00589931 0.00613446 0.00659059 0.0360785 0 0.00568031 0.00645246 0.919446 0.0193094 0.00746309 0.00834246 0.00821428 0.00771488 0.0112296 0.0071052 0.00801973 0.00762837 0.0082491 0.00796018 0.00948005 0.0104639 0.00825668 0.00838848 0.00861066 0.00836656 0.00891067 0.00847947 0.0085263 0.010126 0.014921 0.00894321 0.00917316 0.00848712 0.00855148 0.00926541 0.0134958 0.0138826 0.00878167 0.0085683 0.00837372 0.00834972 0.00831782 0.00833612 0.00833336 0.00840327 0.00843588 0.00851175 0.0086636 0.0126086 0.00827424 0.00849105 0.00820357 0.00853271 0.00832562 0.00821628 0.00815824 0.00825069 0.00879766 0.00821147 0.00818778 0.00807899 0.00817927 0.00819609 0.0081899 0.00825902 0.00852696 0.0098745 
0.0119766 0.00900568 0.00880571 0.00973104 0.0129688 0.0100014 0.00665456 0.00706365 0.0373215 0.00533515 0.00568031 0 0.944501 0.0106485 0.00452147 0.0074952 0.00712671 0.00695665 0.00786186 0.00710738 0.00720624 0.00711923 0.0079136 0.00765062 0.0082431 0.0083787 0.00875498 0.0081507 0.00862422 0.00806119 0.00845691 0.00835875 0.00866912 0.00833345 0.0100051 0.00890394 0.010092 0.00876767 0.00843839 0.00854389 0.00910788 0.00970001 0.0105087 0.00940543 0.00847491 0.00841499 0.00831972 0.00831346 0.00834646 0.00837152 0.00842881 0.00861281 0.00848476 0.00869476 0.00849754 0.00921278 0.00841024 0.00818673 0.00842575 0.00823304 0.00817606 0.00808911 0.00807369 0.00804526 0.00878432 0.00813131 0.00812012 0.00806153 0.00816285 0.00811341 0.00815401 0.00827773 0.00848103 
0.014413 0.00961069 0.0213168 0.0105152 0.0282518 0.0138053 0.0112615 0.011291 0.00997233 0.0473502 0.00645246 0.944501 0 0.00552627 0.00344531 0.00552714 0.00806501 0.0169488 0.0108424 0.00712643 0.0113896 0.00678977 0.00933995 0.00753708 0.00994083 0.00874495 0.0240208 0.00809898 0.0125394 0.00800502 0.0142335 0.00864052 0.0121218 0.00885612 0.011179 0.0202398 0.0106313 0.00948114 0.0102627 0.00901699 0.0126834 0.0169972 0.0142442 0.0102384 0.00915858 0.00999168 0.00881071 0.00987226 0.00857321 0.0102728 0.00907783 0.0106231 0.00936244 0.0131141 0.0123148 0.0108552 0.00872544 0.0109838 0.00889201 0.00994842 0.00867012 0.00869639 0.00934724 0.0111212 0.00922902 0.00820022 0.00879183 0.00836524 0.00882584 0.0086077 0.008749 0.00933007 0.0140693 
0.00991017 0.0360184 0.00942405 0.054873 0.0103106 0.00979355 0.008796 0.0125004 0.0236234 0.00859814 0.919446 0.0106485 0.00552627 0 0.00319405 0.00847807 0.0349025 0.0106337 0.0101465 0.00821036 0.00614796 0.00795307 0.00673288 0.00961509 0.00734881 0.0366109 0.00835949 0.00904892 0.0085107 0.0119935 0.00830321 0.0201581 0.00888435 0.0122801 0.0144824 0.00971261 0.00865233 0.0125329 0.00926592 0.0105712 0.0131738 0.0131995 0.00928228 0.00948551 0.0107316 0.00956648 0.0109788 0.00890134 0.0125418 0.00901685 0.0116647 0.0100087 0.0152048 0.0119371 0.011346 0.00819839 0.0283609 0.00883481 0.0141318 0.00911254 0.0101467 0.00866062 0.0103988 0.00847637 0.00835605 0.0138467 0.00865826 0.0100039 0.00971806 0.0092347 0.00930689 0.0124157 0.00922866 
0.0290719 0.00993888 0.0152954 0.0098579 0.0287949 0.0166431 0.0276707 0.00911197 0.0107216 0.0480696 0.0193094 0.00452147 0.00344531 0.00319405 0 0.0226926 0.00882202 0.00561442 0.00795658 0.0049633 0.00706792 0.00573437 0.00741677 0.00638991 0.0108142 0.00738958 0.0113075 0.00945767 0.0101547 0.00781105 0.0171446 0.00840934 0.0126071 0.00938938 0.0098684 0.0111366 0.0165106 0.00965016 0.0102434 0.00940388 0.0131067 0.0197456 0.0128531 0.0176105 0.0122286 0.0103498 0.00976408 0.0108565 0.00946445 0.0133482 0.00956587 0.0114887 0.00970408 0.0154126 0.00933613 0.0307096 0.00883241 0.0120173 0.00907323 0.0107529 0.00912603 0.00932952 0.00851838 0.00880442 0.0179873 0.00897427 0.00972083 0.00897223 0.00983834 0.00930911 0.00966064 0.00957483 0.0104768 
0.0202482 0.0216619 0.013829 0.0149641 0.0240166 0.0171416 0.0201119 0.0136327 0.015832 0.0269157 0.00746309 0.0074952 0.00552714 0.00847807 0.0226926 0 0.00319433 0.00322995 0.00321749 0.0032231 0.00326769 0.0033512 0.00349782 0.00388996 0.00538925 0.00698456 0.0126629 0.00700193 0.00699848 0.00850729 0.00999461 0.0117893 0.0124756 0.0119604 0.0256157 0.0475333 0.0106542 0.0140032 0.0110675 0.0112991 0.0123867 0.0247762 0.0134766 0.0179544 0.013866 0.0127106 0.0121168 0.0109518 0.0121849 0.0127274 0.0157747 0.0160089 0.0151089 0.0138033 0.120182 0.0112698 0.0150536 0.0119317 0.0143884 0.0123353 0.0121909 0.00953589 0.0107933 0.0151082 0.0120431 0.0109004 0.0103479 0.0106059 0.0116434 0.0116953 0.0116089 0.011746 0.0190426 
0.0130839 0.0278177 0.0193859 0.0315992 0.0117752 0.00945307 0.0112596 0.0238857 0.0373895 0.0118469 0.00834246 0.00712671 0.00806501 0.0349025 0.00882202 0.00319433 0 0.00325084 0.00318609 0.00331614 0.00322494 0.00365964 0.00351972 0.00436293 0.0052897 0.0159117 0.00639403 0.0059229 0.00759846 0.00813507 0.00895539 0.0141428 0.015301 0.0170047 0.0453467 0.0106676 0.00923895 0.0130537 0.0142555 0.0142937 0.0194177 0.0118855 0.00889585 0.0155338 0.0161619 0.0168605 0.0167364 0.0130324 0.0164628 0.0185549 0.0187949 0.0278472 0.0203976 0.140377 0.0120738 0.00922523 0.0198872 0.0181801 0.0216377 0.0182961 0.0141749 0.0116781 0.0118306 0.00917659 0.00915352 0.0138505 0.0137211 0.0146321 0.0183681 0.0161158 0.0175102 0.019711 0.010386 
0.0111607 0.0255405 0.0484932 0.0212576 0.0122159 0.00895137 0.00963202 0.0189345 0.0172837 0.0153694 0.00821428 0.00695665 0.0169488 0.0106337 0.00561442 0.00322995 0.00325084 0 0.00320197 0.00317873 0.00316129 0.00329294 0.00370913 0.0038052 0.0069348 0.00575837 0.00956177 0.00652329 0.0069093 0.00885504 0.012724 0.0122466 0.0189763 0.0271658 0.0117904 0.0099638 0.00870586 0.0146116 0.014305 0.0229895 0.0140106 0.0112717 0.00854332 0.00983742 0.0166177 0.0235374 0.027538 0.0201386 0.0261585 0.0243175 0.0420534 0.0365402 0.214716 0.0174856 0.011868 0.00964748 0.0165515 0.0337122 0.0443807 0.0385869 0.0300475 0.0163409 0.011117 0.00882213 0.0100093 0.0133126 0.0202031 0.0254874 0.0346353 0.0372698 0.0361238 0.0217187 0.0103186 
0.0128852 0.0245147 0.0495695 0.0198763 0.0145302 0.00924766 0.0110768 0.0136814 0.0154829 0.0127759 0.00771488 0.00786186 0.0108424 0.0101465 0.00795658 0.00321749 0.00318609 0.00320197 0 0.00316731 0.00316238 0.00318933 0.00325346 0.00356722 0.00346673 0.00402098 0.00535364 0.00617392 0.00675285 0.0135847 0.0136458 0.0122513 0.0330738 0.0134291 0.011403 0.0206958 0.00895913 0.0106824 0.0192436 0.0177871 0.0211202 0.0125061 0.00876855 0.0104074 0.0149632 0.0324837 0.0267652 0.0320853 0.0205048 0.0442371 0.0232831 0.243493 0.0299988 0.0300749 0.0102408 0.0107812 0.0148054 0.052405 0.0328468 0.0534 0.0242689 0.0284576 0.0102534 0.00930082 0.0102465 0.0144325 0.027569 0.0245602 0.042179 0.0379787 0.0447458 0.0183432 0.0106464 
0.0118762 0.0298516 0.0201672 0.0392502 0.0100933 0.00878697 0.00994319 0.0113059 0.0137895 0.0102273 0.0112296 0.00710738 0.00712643 0.00821036 0.0049633 0.0032231 0.00331614 0.00317873 0.00316731 0 0.00314739 0.00316629 0.00319472 0.0032185 0.00326228 0.004222 0.00357942 0.00651096 0.00668927 0.01271 0.00756315 0.0373639 0.00887919 0.016438 0.0143168 0.0179997 0.00804466 0.0115909 0.0117727 0.017588 0.0133593 0.0131191 0.00848094 0.0109718 0.0142388 0.0203889 0.0372342 0.0137144 0.0402782 0.0138068 0.244636 0.0212153 0.0822325 0.011554 0.0151797 0.00896347 0.0271504 0.0173503 0.0844832 0.0223794 0.0462881 0.0131659 0.0142097 0.00867598 0.0101111 0.0203399 0.0181363 0.0350703 0.0317934 0.0393229 0.0327906 0.0216482 0.00979351 
0.0127261 0.0144862 0.0802462 0.0117455 0.0151563 0.00879888 0.00907568 0.0116497 0.0143811 0.0107572 0.0071052 0.00720624 0.0113896 0.00614796 0.00706792 0.00326769 0.00322494 0.00316129 0.00316238 0.00314739 0 0.00365046 0.00317545 0.00316359 0.00323258 0.00335625 0.00354255 0.00384677 0.0091875 0.00508312 0.0174622 0.00728746 0.0218205 0.0110232 0.0323264 0.00785299 0.00775448 0.00952326 0.0145306 0.0120176 0.0214283 0.0106876 0.00840299 0.00962412 0.0154473 0.032927 0.0154295 0.0398897 0.0110757 0.237176 0.013656 0.0893992 0.0167485 0.0449937 0.00932574 0.0119964 0.0110536 0.0948505 0.0190663 0.10035 0.016275 0.0241502 0.00968205 0.00873485 0.0106303 0.0123019 0.0362496 0.0226583 0.0429642 0.0299396 0.041048 0.0163559 0.00980776 
0.0110212 0.0382221 0.0164427 0.0376276 0.0100713 0.00871194 0.00960469 0.0130579 0.0120961 0.00983684 0.00801973 0.00711923 0.00678977 0.00795307 0.00573437 0.0033512 0.00365964 0.00329294 0.00318933 0.00316629 0.00365046 0 0.00314551 0.0032157 0.00315986 0.00321693 0.00344997 0.012515 0.00387217 0.020367 0.00566455 0.0147613 0.0100725 0.0288212 0.00873799 0.00857423 0.00780343 0.0114887 0.0101373 0.0177051 0.0105851 0.022039 0.00833903 0.0099808 0.0163694 0.0159401 0.0420271 0.0106515 0.218757 0.0117112 0.0785913 0.0158777 0.106214 0.0104719 0.0164299 0.00898493 0.040946 0.0155222 0.133972 0.0160294 0.0603221 0.0111391 0.0104265 0.00939908 0.00996512 0.024324 0.0177814 0.0379747 0.0248164 0.0399594 0.0316279 0.0187983 0.0100168 
0.0171693 0.0163765 0.0840833 0.011883 0.0178047 0.00917095 0.0097234 0.0121412 0.0161348 0.0114324 0.00762837 0.0079136 0.00933995 0.00673288 0.00741677 0.00349782 0.00351972 0.00370913 0.00325346 0.00319472 0.00317545 0.00314551 0 0.00314354 0.00319136 0.00317825 0.00350106 0.00336035 0.0208436 0.00382654 0.0196798 0.00684243 0.0373786 0.00808491 0.0122163 0.00796013 0.00764061 0.00946018 0.0130293 0.010885 0.0305808 0.0112418 0.00872269 0.0102345 0.0154342 0.0291845 0.0138429 0.192821 0.0103299 0.059529 0.0143135 0.100888 0.0161898 0.049783 0.00887006 0.0138449 0.0123741 0.125992 0.0161246 0.143779 0.0137531 0.0203971 0.0102694 0.00882131 0.0128257 0.0187749 0.0424387 0.0176879 0.0496481 0.0347387 0.0358333 0.0175129 0.0100633 
0.0126281 0.0538814 0.0183595 0.0537831 0.0105217 0.00876082 0.0114007 0.0135511 0.0132889 0.010737 0.0082491 0.00765062 0.00753708 0.00961509 0.00638991 0.00388996 0.00436293 0.0038052 0.00356722 0.0032185 0.00316359 0.0032157 0.00314354 0 0.00323902 0.00325616 0.0031908 0.0137129 0.00328685 0.00710355 0.00481119 0.0310885 0.00666238 0.013398 0.00789153 0.00708781 0.00735521 0.0103311 0.0108095 0.0292462 0.0112209 0.0136644 0.00824093 0.0102858 0.0150558 0.0175527 0.205586 0.0103936 0.0600476 0.0130307 0.100284 0.0217986 0.137484 0.0105128 0.0159298 0.00910113 0.0547111 0.0148264 0.219888 0.014904 0.0606754 0.0126776 0.0101713 0.00905274 0.0168251 0.0342127 0.0148524 0.0556552 0.0320731 0.0453186 0.0392167 0.0174927 0.0100331 
0.0170171 0.0168253 0.142081 0.0121376 0.0140873 0.0088738 0.00972712 0.0151059 0.0154657 0.0110451 0.00796018 0.0082431 0.00994083 0.00734881 0.0108142 0.00538925 0.0052897 0.0069348 0.00346673 0.00326228 0.00323258 0.00315986 0.00319136 0.00323902 0 0.00315595 0.00318092 0.00329113 0.0158963 0.00404703 0.0275739 0.00478766 0.0221048 0.00724244 0.00744143 0.0064217 0.00727045 0.00899228 0.0216563 0.0116246 0.0225792 0.00984523 0.00852118 0.00975707 0.014706 0.167508 0.017502 0.0501987 0.0116014 0.0681451 0.0165296 0.0983803 0.0207323 0.040742 0.00889037 0.0194114 0.0110203 0.139465 0.0166281 0.118362 0.0152172 0.0205255 0.0102785 0.00858136 0.0127956 0.0121861 0.0508698 0.0205625 0.0446658 0.0347584 0.0384208 0.0167306 0.00961569 
0.0110154 0.0486255 0.0150967 0.0556861 0.0114345 0.00939948 0.0100496 0.0135287 0.022094 0.0126476 0.00948005 0.0083787 0.00874495 0.0366109 0.00738958 0.00698456 0.0159117 0.00575837 0.00402098 0.004222 0.00335625 0.00321693 0.00317825 0.00325616 0.00315595 0 0.00316793 0.00323128 0.00356256 0.0145628 0.00342122 0.0126853 0.00496769 0.00678596 0.00739485 0.00640599 0.00648878 0.0183104 0.00884293 0.0196338 0.0146182 0.0147015 0.00848984 0.0103953 0.121544 0.0156665 0.0254174 0.0120533 0.029372 0.0129169 0.0316738 0.0160291 0.0430994 0.016971 0.0139703 0.00900612 0.0379072 0.0189523 0.0497402 0.0134685 0.0229406 0.0100487 0.012472 0.00900095 0.0103905 0.033967 0.012634 0.0218819 0.0182794 0.0169849 0.0181567 0.0279153 0.0099608 
0.0192337 0.0105795 0.0244475 0.0109787 0.0216638 0.0105784 0.0126793 0.00934065 0.0127087 0.0202395 0.0104639 0.00875498 0.0240208 0.00835949 0.0113075 0.0126629 0.00639403 0.00956177 0.00535364 0.00357942 0.00354255 0.00344997 0.00350106 0.0031908 0.00318092 0.00316793 0 0.00337468 0.00347296 0.0032141 0.00340849 0.00338812 0.00406153 0.0039728 0.00568866 0.00545804 0.00927493 0.00711136 0.00849477 0.00828729 0.0113467 0.0146422 0.0101018 0.101198 0.0102307 0.0149893 0.0113913 0.0171437 0.0109691 0.0180366 0.011363 0.0233127 0.0119278 0.0180587 0.0108767 0.0160612 0.0101835 0.0221494 0.0124413 0.0227541 0.0104571 0.0107816 0.00905526 0.00998251 0.0187558 0.010008 0.0152883 0.0121221 0.016078 0.0133901 0.0163247 0.0128642 0.0121108 
0.0101588 0.0104698 0.00942341 0.0124783 0.0121024 0.0100447 0.00981925 0.00962322 0.00899545 0.014438 0.00825668 0.0081507 0.00809898 0.00904892 0.00945767 0.00700193 0.0059229 0.00652329 0.00617392 0.00651096 0.00384677 0.012515 0.00336035 0.0137129 0.00329113 0.00323128 0.00337468 0 0.00311608 0.00317773 0.00319071 0.00323946 0.00328013 0.00345575 0.00416581 0.00606161 0.00524851 0.00623989 0.00637899 0.00732822 0.0123352 0.0454485 0.00885961 0.0101144 0.00897402 0.00911872 0.0112523 0.00860738 0.0109096 0.00929189 0.0152812 0.0108707 0.0154141 0.0090664 0.0256199 0.00907867 0.0123964 0.00946785 0.0159185 0.00959842 0.0118722 0.00894527 0.00865563 0.0220172 0.00920691 0.00993836 0.00908213 0.0108434 0.0103797 0.0108896 0.0107034 0.00985731 0.0136629 
0.00992877 0.00993369 0.0188116 0.00934596 0.0110068 0.00886911 0.00966156 0.0113717 0.0114091 0.0092823 0.00838848 0.00862422 0.0125394 0.0085107 0.0101547 0.00699848 0.00759846 0.0069093 0.00675285 0.00668927 0.0091875 0.00387217 0.0208436 0.00328685 0.0158963 0.00356256 0.00347296 0.00311608 0 0.00311028 0.00321012 0.00316871 0.00317818 0.00322682 0.00333555 0.00340275 0.00527792 0.00619123 0.00670762 0.00718027 0.0452876 0.00749642 0.0081963 0.00937003 0.0117139 0.0107106 0.00896195 0.0136686 0.00862644 0.0170436 0.0106286 0.019926 0.00928244 0.0293345 0.00840264 0.0150494 0.00901199 0.0275555 0.00913716 0.0244087 0.00887987 0.00945641 0.0123721 0.00829563 0.00973552 0.00866424 0.0139091 0.0092197 0.0136387 0.0103981 0.010278 0.0121192 0.00885318 
0.010362 0.0205261 0.0115198 0.0195741 0.00883357 0.00844411 0.00988688 0.0113439 0.0102354 0.00936147 0.00861066 0.00806119 0.00800502 0.0119935 0.00781105 0.00850729 0.00813507 0.00885504 0.0135847 0.01271 0.00508312 0.020367 0.00382654 0.00710355 0.00404703 0.0145628 0.0032141 0.00317773 0.00311028 0 0.00314848 0.00322667 0.00335708 0.00324876 0.00341589 0.00335585 0.00487576 0.00597845 0.00687548 0.0457196 0.00715181 0.0162952 0.00932683 0.0102557 0.00961305 0.00987774 0.0183531 0.00858716 0.022763 0.00934674 0.0294192 0.00994185 0.0469916 0.00868129 0.0151901 0.00840271 0.0370084 0.00925663 0.061121 0.0095475 0.0211435 0.0127362 0.00861967 0.00873678 0.00868471 0.0203906 0.00969941 0.0248471 0.0135502 0.0142394 0.0207803 0.0100485 0.00906516 
0.0115948 0.0117669 0.0465913 0.0100504 0.0124038 0.00908288 0.00924203 0.011935 0.0112789 0.00987141 0.00836656 0.00845691 0.0142335 0.00830321 0.0171446 0.00999461 0.00895539 0.012724 0.0136458 0.00756315 0.0174622 0.00566455 0.0196798 0.00481119 0.0275739 0.00342122 0.00340849 0.00319071 0.00321012 0.00314848 0 0.00316115 0.00318165 0.00318547 0.00317775 0.00330654 0.00470479 0.00568676 0.0423753 0.00682114 0.0319017 0.0553705 0.0104277 0.00880542 0.011223 0.0158466 0.00975389 0.0219014 0.00930366 0.0334192 0.0103011 0.062531 0.0104238 0.029159 0.00868064 0.0191991 0.00925301 0.0916699 0.0102936 0.0587046 0.0112205 0.0117682 0.00930043 0.00835344 0.0116072 0.00932455 0.033256 0.0121183 0.0242598 0.0235737 0.0176818 0.0122712 0.00937709 
0.0109989 0.0389095 0.0146634 0.0324735 0.00952296 0.00877925 0.0106968 0.014551 0.0118196 0.0102921 0.00891067 0.00835875 0.00864052 0.0201581 0.00840934 0.0117893 0.0141428 0.0122466 0.0122513 0.0373639 0.00728746 0.0147613 0.00684243 0.0310885 0.00478766 0.0126853 0.00338812 0.00323946 0.00316871 0.00322667 0.00316115 0 0.00316188 0.00323039 0.00322364 0.00344243 0.00379441 0.0305264 0.00657264 0.0256379 0.0726644 0.552096 0.00777011 0.0110048 0.0117735 0.0124122 0.028664 0.00944513 0.0343264 0.0100488 0.0701288 0.0140989 0.0709237 0.00936356 0.0177537 0.00883498 0.0695202 0.0110006 0.145923 0.012682 0.0442275 0.0120481 0.00969025 0.00897667 0.00967956 0.0359391 0.0118683 0.0421777 0.0267722 0.0286473 0.0320879 0.0143094 0.00995242 
0.0126349 0.0185227 0.0768822 0.0126074 0.0120761 0.00884713 0.00975881 0.0144582 0.0123779 0.0110358 0.00847947 0.00866912 0.0121218 0.00888435 0.0126071 0.0124756 0.015301 0.0189763 0.0330738 0.00887919 0.0218205 0.0100725 0.0373786 0.00666238 0.0221048 0.00496769 0.00406153 0.00328013 0.00317818 0.00335708 0.00318165 0.00316188 0 0.00315941 0.00318771 0.00322909 0.0120132 0.00505353 0.0220547 0.0976597 0.683754 0.00828747 0.00710132 0.00879529 0.0117506 0.0199464 0.0129896 0.0256395 0.0100582 0.0499245 0.0140493 0.0731911 0.0157901 0.0330426 0.0090952 0.0161504 0.0106473 0.126829 0.0149896 0.105542 0.0157983 0.0176806 0.00985196 0.0086845 0.0139975 0.0108266 0.0472903 0.0229643 0.0478879 0.0367146 0.0384088 0.0171408 0.00966248 
0.00998035 0.0256183 0.0276183 0.0201657 0.0106079 0.00852267 0.00900584 0.014452 0.0138355 0.0108906 0.0085263 0.00833345 0.00885612 0.0122801 0.00938938 0.0119604 0.0170047 0.0271658 0.0134291 0.016438 0.0110232 0.0288212 0.00808491 0.013398 0.00724244 0.00678596 0.0039728 0.00345575 0.00322682 0.00324876 0.00318547 0.00323039 0.00315941 0 0.0031557 0.00324286 0.00358125 0.0324549 0.151421 0.636932 0.0134742 0.00698756 0.00673608 0.00894545 0.0108772 0.0172717 0.0200934 0.0109833 0.0339622 0.0119027 0.0334974 0.0211609 0.0582435 0.010827 0.0115786 0.00885102 0.023533 0.0157237 0.0710508 0.0176512 0.0329505 0.0132394 0.010284 0.00868405 0.00955108 0.0191886 0.0200903 0.0267826 0.0270119 0.0320626 0.0323001 0.0160273 0.0099947 
0.0114155 0.0149724 0.0115584 0.0133336 0.0099653 0.00948262 0.00993694 0.0105904 0.0127491 0.00966508 0.010126 0.0100051 0.011179 0.0144824 0.0098684 0.0256157 0.0453467 0.0117904 0.011403 0.0143168 0.0323264 0.00873799 0.0122163 0.00789153 0.00744143 0.00739485 0.00568866 0.00416581 0.00333555 0.00341589 0.00317775 0.00322364 0.00318771 0.0031557 0 0.00316973 0.0171272 0.836401 0.0986361 0.0201886 0.00547695 0.00664362 0.00751085 0.01024 0.0150148 0.0118024 0.0101111 0.0203355 0.00950954 0.0125466 0.0110811 0.0161271 0.0109543 0.0160378 0.00989627 0.010275 0.0115057 0.0122328 0.011097 0.0132963 0.00992753 0.0103585 0.00915872 0.00882385 0.0113341 0.0153379 0.0109528 0.0107536 0.0127291 0.011749 0.0114669 0.0146099 0.00964193 
0.0147676 0.0103084 0.00900859 0.00903947 0.0115708 0.0127158 0.0128237 0.00974563 0.00915962 0.0128661 0.014921 0.00890394 0.0202398 0.00971261 0.0111366 0.0475333 0.0106676 0.0099638 0.0206958 0.0179997 0.00785299 0.00857423 0.00796013 0.00708781 0.0064217 0.00640599 0.00545804 0.00606161 0.00340275 0.00335585 0.00330654 0.00344243 0.00322909 0.00324286 0.00316973 0 0.94008 0.0315609 0.003527 0.00355283 0.00422253 0.00499894 0.00960739 0.0205076 0.00984561 0.00828193 0.0183908 0.00853668 0.00944331 0.00943137 0.0107323 0.00932107 0.0101049 0.0095162 0.0114337 0.0153255 0.00965206 0.00929968 0.00956485 0.00891859 0.00889994 0.00864447 0.00847407 0.00885483 0.0197638 0.0107405 0.00899635 0.00912077 0.00952879 0.0094094 0.00898827 0.00941258 0.00964769 
0.00979954 0.00858769 0.00866982 0.00902645 0.0134332 0.0115897 0.0103261 0.00901046 0.00881551 0.0145906 0.00894321 0.010092 0.0106313 0.00865233 0.0165106 0.0106542 0.00923895 0.00870586 0.00895913 0.00804466 0.00775448 0.00780343 0.00764061 0.00735521 0.00727045 0.00648878 0.00927493 0.00524851 0.00527792 0.00487576 0.00470479 0.00379441 0.0120132 0.00358125 0.0171272 0.94008 0 0.00381055 0.00317091 0.00320296 0.00329299 0.00403666 0.00871121 0.00736353 0.00701216 0.00758877 0.00822779 0.011192 0.029628 0.0117919 0.00864302 0.00905915 0.00896004 0.0106383 0.0155951 0.0117763 0.00877678 0.00927465 0.0089611 0.00909851 0.00859113 0.00888619 0.00929404 0.0122539 0.010277 0.00846393 0.00871446 0.00857844 0.00895071 0.00862006 0.00872862 0.00968611 0.0160208 
0.009847 0.0129769 0.010356 0.0124261 0.00972396 0.0091546 0.0105055 0.0145936 0.0113579 0.00979021 0.00917316 0.00876767 0.00948114 0.0125329 0.00965016 0.0140032 0.0130537 0.0146116 0.0106824 0.0115909 0.00952326 0.0114887 0.00946018 0.0103311 0.00899228 0.0183104 0.00711136 0.00623989 0.00619123 0.00597845 0.00568676 0.0305264 0.00505353 0.0324549 0.836401 0.0315609 0.00381055 0 0.00319694 0.00315348 0.00340855 0.003239 0.00560202 0.00713083 0.00855409 0.00901701 0.0275078 0.0428128 0.027291 0.0106089 0.0124093 0.0102678 0.0140879 0.0126783 0.0102678 0.0104488 0.0216095 0.0105304 0.0127933 0.01108 0.0116043 0.00937079 0.00998228 0.00885945 0.0107433 0.0107678 0.00986695 0.0118335 0.0135277 0.0121109 0.0115493 0.012643 0.009743 
0.010083 0.0130504 0.0236371 0.0123078 0.0100125 0.00848666 0.00939755 0.0141445 0.0114973 0.00966825 0.00848712 0.00843839 0.0102627 0.00926592 0.0102434 0.0110675 0.0142555 0.014305 0.0192436 0.0117727 0.0145306 0.0101373 0.0130293 0.0108095 0.0216563 0.00884293 0.00849477 0.00637899 0.00670762 0.00687548 0.0423753 0.00657264 0.0220547 0.151421 0.0986361 0.003527 0.00317091 0.00319694 0 0.00324216 0.00317424 0.00317578 0.00486996 0.00758684 0.00814643 0.0186786 0.0476073 0.0434261 0.0109811 0.0136726 0.0123511 0.0193834 0.021391 0.0115838 0.00885272 0.00937909 0.0117848 0.0235706 0.0133976 0.0205089 0.0128542 0.011752 0.00933745 0.00844808 0.0105062 0.0107105 0.0172034 0.0163207 0.024255 0.0205871 0.0276078 0.0120047 0.00957524 
0.00912739 0.0200568 0.0213097 0.0180732 0.00942093 0.00847685 0.00910901 0.0151846 0.0156691 0.00956944 0.00855148 0.00854389 0.00901699 0.0105712 0.00940388 0.0112991 0.0142937 0.0229895 0.0177871 0.017588 0.0120176 0.0177051 0.010885 0.0292462 0.0116246 0.0196338 0.00828729 0.00732822 0.00718027 0.0457196 0.00682114 0.0256379 0.0976597 0.636932 0.0201886 0.00355283 0.00320296 0.00315348 0.00324216 0 0.00315656 0.00318111 0.00480109 0.0079215 0.0114201 0.0446781 0.0696038 0.0110009 0.0223541 0.0102336 0.018446 0.0149462 0.030211 0.0103807 0.0109297 0.00861845 0.0195401 0.0145963 0.0379522 0.0150325 0.0218099 0.0127199 0.0092474 0.00877433 0.00981914 0.0190915 0.0148141 0.0264295 0.0224785 0.0312738 0.0297375 0.0152024 0.00999613 
0.0104158 0.0152053 0.0225495 0.0166288 0.0119996 0.00880252 0.00928592 0.0129901 0.0174179 0.0129691 0.00926541 0.00910788 0.0126834 0.0131738 0.0131067 0.0123867 0.0194177 0.0140106 0.0211202 0.0133593 0.0214283 0.0105851 0.0305808 0.0112209 0.0225792 0.0146182 0.0113467 0.0123352 0.0452876 0.00715181 0.0319017 0.0726644 0.683754 0.0134742 0.00547695 0.00422253 0.00329299 0.00340855 0.00317424 0.00315656 0 0.00317501 0.0121425 0.00946324 0.0696084 0.0588797 0.0134334 0.0131681 0.00918179 0.0155075 0.010833 0.0213083 0.0111221 0.0400434 0.00886843 0.0119793 0.00989494 0.0275995 0.0119582 0.0241099 0.0116138 0.0101486 0.012898 0.00863395 0.0120593 0.0124988 0.0198336 0.0124757 0.0213644 0.0178607 0.0198146 0.025641 0.0104422 
0.0141438 0.010987 0.00981498 0.0114897 0.0149567 0.0113597 0.012173 0.0090947 0.0103582 0.0169981 0.0134958 0.00970001 0.0169972 0.0131995 0.0197456 0.0247762 0.0118855 0.0112717 0.0125061 0.0131191 0.0106876 0.022039 0.0112418 0.0136644 0.00984523 0.0147015 0.0146422 0.0454485 0.00749642 0.0162952 0.0553705 0.552096 0.00828747 0.00698756 0.00664362 0.00499894 0.00403666 0.003239 0.00317578 0.00318111 0.00317501 0 0.0123153 0.0458216 0.0524929 0.0100874 0.0100316 0.00826698 0.0102131 0.00828751 0.011746 0.0102811 0.013088 0.0117229 0.0293968 0.0115708 0.0115942 0.00954684 0.0134969 0.00967665 0.0106731 0.00922587 0.00896897 0.011041 0.0203202 0.0135205 0.0103233 0.0121269 0.0109976 0.0108539 0.0109072 0.014316 0.015346 
0.0100873 0.00816519 0.00804639 0.00834396 0.0100901 0.0361522 0.00984351 0.0083793 0.00842036 0.0123033 0.0138826 0.0105087 0.0142442 0.00928228 0.0128531 0.0134766 0.00889585 0.00854332 0.00876855 0.00848094 0.00840299 0.00833903 0.00872269 0.00824093 0.00852118 0.00848984 0.0101018 0.00885961 0.0081963 0.00932683 0.0104277 0.00777011 0.00710132 0.00673608 0.00751085 0.00960739 0.00871121 0.00560202 0.00486996 0.00480109 0.0121425 0.0123153 0 0.632133 0.00537874 0.00328334 0.00321976 0.00360972 0.00387741 0.00507447 0.00552693 0.00598684 0.00598379 0.0069438 0.00921198 0.00932122 0.0077764 0.00801786 0.00795285 0.00818215 0.00806155 0.008105 0.00851356 0.0103702 0.0132574 0.00866682 0.00853888 0.00822121 0.00835093 0.00834514 0.0083183 0.00906257 0.0129469 
0.00944579 0.00917211 0.00897339 0.00959552 0.0144104 0.0106274 0.0101556 0.0091736 0.00915761 0.0159147 0.00878167 0.00940543 0.0102384 0.00948551 0.0176105 0.0179544 0.0155338 0.00983742 0.0104074 0.0109718 0.00962412 0.0099808 0.0102345 0.0102858 0.00975707 0.0103953 0.101198 0.0101144 0.00937003 0.0102557 0.00880542 0.0110048 0.00879529 0.00894545 0.01024 0.0205076 0.00736353 0.00713083 0.00758684 0.0079215 0.00946324 0.0458216 0.632133 0 0.00320218 0.00315803 0.00317761 0.00318809 0.0032589 0.00341107 0.00433703 0.00445129 0.00552622 0.00621997 0.0268163 0.00925143 0.0114881 0.00819533 0.00879928 0.00953337 0.00919042 0.00888688 0.00959846 0.0174 0.015137 0.0101453 0.00940222 0.00977315 0.0102994 0.00963277 0.0102625 0.0104282 0.0263085 
0.00902569 0.0126965 0.0133201 0.0135049 0.0098123 0.00835918 0.00878788 0.0107101 0.0124077 0.00960234 0.0085683 0.00847491 0.00915858 0.0107316 0.0122286 0.013866 0.0161619 0.0166177 0.0149632 0.0142388 0.0154473 0.0163694 0.0154342 0.0150558 0.014706 0.121544 0.0102307 0.00897402 0.0117139 0.00961305 0.011223 0.0117735 0.0117506 0.0108772 0.0150148 0.00984561 0.00701216 0.00855409 0.00814643 0.0114201 0.0696084 0.0524929 0.00537874 0.00320218 0 0.0031869 0.00318612 0.00322478 0.00319253 0.00335655 0.00350902 0.00495424 0.00525561 0.0202945 0.00570562 0.0071083 0.00821622 0.00971302 0.0118049 0.0114419 0.0107066 0.00958157 0.0156024 0.0102881 0.0107795 0.0162924 0.0148117 0.0138962 0.0157154 0.0180095 0.0139415 0.026578 0.0106048 
0.00962865 0.0131884 0.0282998 0.0119844 0.00994109 0.0082128 0.00882963 0.0114698 0.0117255 0.00983165 0.00837372 0.00841499 0.00999168 0.00956648 0.0103498 0.0127106 0.0168605 0.0235374 0.0324837 0.0203889 0.032927 0.0159401 0.0291845 0.0175527 0.167508 0.0156665 0.0149893 0.00911872 0.0107106 0.00987774 0.0158466 0.0124122 0.0199464 0.0172717 0.0118024 0.00828193 0.00758877 0.00901701 0.0186786 0.0446781 0.0588797 0.0100874 0.00328334 0.00315803 0.0031869 0 0.00315494 0.00315738 0.00313478 0.003217 0.00368899 0.00349833 0.0133042 0.00494194 0.00470198 0.00692346 0.00803471 0.0145192 0.0107157 0.0209286 0.0118042 0.0133747 0.014221 0.0175905 0.0131553 0.0132144 0.0234912 0.0182684 0.0324184 0.0232482 0.0460082 0.0156927 0.011338 
0.00888795 0.0207921 0.0162198 0.0181675 0.00912946 0.00814466 0.00879564 0.0117116 0.0105611 0.0105418 0.00834972 0.00831972 0.00881071 0.0109788 0.00976408 0.0121168 0.0167364 0.027538 0.0267652 0.0372342 0.0154295 0.0420271 0.0138429 0.205586 0.017502 0.0254174 0.0113913 0.0112523 0.00896195 0.0183531 0.00975389 0.028664 0.0129896 0.0200934 0.0101111 0.0183908 0.00822779 0.0275078 0.0476073 0.0696038 0.0134334 0.0100316 0.00321976 0.00317761 0.00318612 0.00315494 0 0.00316202 0.00317874 0.00319493 0.00327885 0.0231061 0.00438191 0.00355385 0.00451949 0.00603917 0.0118611 0.00844496 0.021291 0.0100536 0.0197071 0.0109615 0.0197733 0.058357 0.010278 0.0244571 0.0140188 0.0337633 0.0247701 0.0477751 0.0302625 0.0180153 0.0116745 
0.00919812 0.0108143 0.02926 0.0102199 0.0100286 0.00820017 0.00858626 0.00996414 0.0108179 0.00962842 0.00831782 0.00831346 0.00987226 0.00890134 0.0108565 0.0109518 0.0130324 0.0201386 0.0320853 0.0137144 0.0398897 0.0106515 0.192821 0.0103936 0.0501987 0.0120533 0.0171437 0.00860738 0.0136686 0.00858716 0.0219014 0.00944513 0.0256395 0.0109833 0.0203355 0.00853668 0.011192 0.0428128 0.0434261 0.0110009 0.0131681 0.00826698 0.00360972 0.00318809 0.00322478 0.00315738 0.00316202 0 0.00315307 0.00319545 0.00345838 0.00332165 0.00338947 0.0033802 0.00343398 0.00801298 0.00692418 0.0137405 0.00820617 0.0200697 0.00963122 0.014212 0.0423703 0.0146386 0.0116318 0.00990657 0.0281011 0.0143316 0.0389443 0.0229334 0.0244712 0.0169962 0.0102508 
0.00894062 0.0172834 0.0133326 0.0175117 0.00898461 0.00813553 0.00864214 0.0108221 0.0102209 0.00973955 0.00833612 0.00834646 0.00857321 0.0125418 0.00946445 0.0121849 0.0164628 0.0261585 0.0205048 0.0402782 0.0110757 0.218757 0.0103299 0.0600476 0.0116014 0.029372 0.0109691 0.0109096 0.00862644 0.022763 0.00930366 0.0343264 0.0100582 0.0339622 0.00950954 0.00944331 0.029628 0.027291 0.0109811 0.0223541 0.00918179 0.0102131 0.00387741 0.0032589 0.00319253 0.00313478 0.00317874 0.00315307 0 0.00319706 0.00328658 0.00317388 0.00325189 0.00324206 0.00345533 0.00535357 0.0130854 0.00779202 0.031795 0.00959739 0.0268556 0.0556881 0.0157092 0.00990465 0.00969614 0.0230921 0.012182 0.0296611 0.0217646 0.0251493 0.0258896 0.0156716 0.0111457 
0.0104219 0.0126966 0.0301806 0.0104839 0.011669 0.00816662 0.00884661 0.011057 0.0111166 0.0100504 0.00833336 0.00837152 0.0102728 0.00901685 0.0133482 0.0127274 0.0185549 0.0243175 0.0442371 0.0138068 0.237176 0.0117112 0.059529 0.0130307 0.0681451 0.0129169 0.0180366 0.00929189 0.0170436 0.00934674 0.0334192 0.0100488 0.0499245 0.0119027 0.0125466 0.00943137 0.0117919 0.0106089 0.0136726 0.0102336 0.0155075 0.00828751 0.00507447 0.00341107 0.00335655 0.003217 0.00319493 0.00319545 0.00319706 0 0.00315674 0.00317745 0.00319487 0.00323103 0.00321152 0.00701915 0.00704091 0.0228918 0.00985818 0.0460774 0.0660211 0.02883 0.0126692 0.00883252 0.0137579 0.010698 0.0362303 0.0184931 0.0295387 0.0306554 0.0298166 0.0174748 0.0117908 
0.00940563 0.0218554 0.0189999 0.0218354 0.0101151 0.0083146 0.0091347 0.0137788 0.0115278 0.0101466 0.00840327 0.00842881 0.00907783 0.0116647 0.00956587 0.0157747 0.0187949 0.0420534 0.0232831 0.244636 0.013656 0.0785913 0.0143135 0.100284 0.0165296 0.0316738 0.011363 0.0152812 0.0106286 0.0294192 0.0103011 0.0701288 0.0140493 0.0334974 0.0110811 0.0107323 0.00864302 0.0124093 0.0123511 0.018446 0.010833 0.011746 0.00552693 0.00433703 0.00350902 0.00368899 0.00327885 0.00345838 0.00328658 0.00315674 0 0.0031787 0.00324005 0.00325715 0.00325565 0.00532758 0.0257002 0.00995209 0.0456144 0.0883783 0.0449832 0.0111792 0.0100985 0.00877436 0.0109247 0.0318451 0.0152994 0.0324702 0.0373183 0.0335482 0.0401701 0.0202651 0.0126818 
0.0116988 0.0199311 0.0554289 0.0159867 0.0118191 0.0084085 0.00938288 0.0145958 0.0163154 0.0108695 0.00843588 0.00861281 0.0106231 0.0100087 0.0114887 0.0160089 0.0278472 0.0365402 0.243493 0.0212153 0.0893992 0.0158777 0.100888 0.0217986 0.0983803 0.0160291 0.0233127 0.0108707 0.019926 0.00994185 0.062531 0.0140989 0.0731911 0.0211609 0.0161271 0.00932107 0.00905915 0.0102678 0.0193834 0.0149462 0.0213083 0.0102811 0.00598684 0.00445129 0.00495424 0.00349833 0.0231061 0.00332165 0.00317388 0.00317745 0.0031787 0 0.00316964 0.00322251 0.00319004 0.0108503 0.0103243 0.0532386 0.0590585 0.0594273 0.0113445 0.01084 0.00933486 0.00790097 0.0177632 0.0140083 0.0415418 0.0251948 0.0451724 0.0429144 0.0473363 0.0275559 0.0124351 
