1C9KB
MILVTGGARSGKSRHAEALIGDAPQVLYIATSQILDDEMAARIQHHKDGRPAHWRTAECWRHLDTLITADLAPDDAILLECITTMVTNLLFALGGENDPEQWDYAAMERAIDDEIQILIAACQRCPAKVVLVTNEVGMGIVPENRLARHFRDIAGRVNQRLAAAADEVWLVVSGIGVKIK
CEEEEECCCCCHHHHHHHHHCCCCCEEEEECCCCCCHHHHHHHHHHHHHCCCCEEEECCCCCHHHCCCCCCCCCCEEEEECHHHHHHHHHHHHHCCCCHHHCCHHHHHHHHHHHHHHHHHHHHHCCCEEEEEEECCCCCCCCCCHHHHHHHHHHHHHHHHHHHHCCEEEEEECCEEEECC
0 0 0 0 0 0 0 0 0 0 0 0 0 0 0 0 0 0 0 0 0 0 0 0 0 0 0 0 0 0 0 0 0 0 0 0 0 0 0 0 0 0 0 0 0 0 0 0 0 0 0 0 0 0 0 0 0 0 0 0 0 0 0 0 0 0 0 0 0 0 0 0 0 0 0 0 0 0 0 0 0 0 0 0 0 0 0 0 0 0 0 0 0 0 0 0 0 0 0 0 0 0 0 0 0 0 0 0 0 0 0 0 0 0 0 0 0 0 0 0 0 0 0 0 0 0 0 0 0 0 0 0 0 0 0 0 0 0 0 0 0 0 0 0 0 0 0 0 0 0 0 0 0 0 0 0 0 0 0 0 0 0 0 0 0 0 0 0 0 0 0 0 0 0 0 0 0 0 0 0 
0 0 0 0 0 0 0 0 0 0 0 0 0 0 0 0 0 0 0 0 0 0 0 0 0 0 0 0 0 0 0 0 0 0 0 0 0 0 0 0 0 0 0 0 0 0 0 0 0 0 0 0 0 0 0 0 0 0 0 0 0 0 0 0 0 0 0 0 0 0 0 0 0 0 0 0 0 0 0 0 0 0 0 0 0 0 0 0 0 0 0 0 0 0 0 0 0 0 0 0 0 0 0 0 0 0 0 0 0 0 0 0 0 0 0 0 0 0 0 0 0 0 0 0 0 0 0 0 0 0 0 0 0 0 0 0 0 0 0 0 0 0 0 0 0 0 0 0 0 0 0 0 0 0 0 0 0 0 0 0 0 0 0 0 0 0 0 0 0 0 0 0 0 0 0 0 0 0 0 0 
0 0.00343473 0.00330058 0.00337755 0.00419348 0.618242 0.0614191 0.0669043 0.0341098 0.0821066 0.027804 0.0156224 0.0142927 0.0239904 0.0506454 0.0399547 0.0380523 0.0306024 0.0332564 0.0125101 0.0132102 0.0207337 0.0184918 0.0155455 0.0117062 0.010824 0.00891245 0.00886163 0.0096903 0.0115369 0.0119432 0.0122089 0.00832607 0.00817556 0.0088944 0.00896285 
0.00343473 0 0.00332075 0.00332706 0.00328631 0.112625 0.525873 0.0574628 0.0855637 0.0202078 0.0142903 0.0312689 0.0193507 0.0120288 0.0231837 0.145013 0.0614172 0.0502749 0.0142083 0.00961467 0.0153855 0.0258374 0.0287155 0.0174076 0.0116482 0.00905105 0.00856318 0.0093986 0.0106696 0.0123624 0.0102356 0.00924451 0.0081684 0.00843898 0.00839951 0.00836083 
0.00330058 0.00332075 0 0.00329089 0.00321464 0.0635373 0.0951019 0.475857 0.0513683 0.026725 0.0111398 0.0238792 0.0157289 0.0112629 0.012975 0.0462187 0.19779 0.0586289 0.016919 0.00887268 0.0141949 0.0279794 0.030558 0.0303055 0.0110526 0.00906907 0.00847515 0.00919023 0.0115558 0.0141203 0.0107122 0.00918323 0.00808216 0.00832551 0.00847983 0.00813269 
0.00337755 0.00332706 0.00329089 0 0.00338189 0.0221358 0.0779473 0.088916 0.359154 0.0318564 0.0104183 0.0149699 0.0188035 0.0103813 0.0102847 0.0255984 0.0334099 0.075708 0.0170102 0.00915578 0.00972447 0.0124654 0.0160847 0.0114001 0.0113324 0.00846609 0.00806656 0.00857369 0.00928723 0.00947587 0.0093 0.00840613 0.00793549 0.00821523 0.00813749 0.0080193 
0.00419348 0.00328631 0.00321464 0.00338189 0 0.0262222 0.0195617 0.0498453 0.0953772 0.387488 0.0142094 0.0102443 0.00974734 0.0204244 0.0185629 0.0106523 0.0129107 0.0188806 0.0408201 0.00959043 0.00930519 0.00918495 0.00995072 0.00948987 0.00864961 0.0112515 0.00815799 0.0081602 0.00833057 0.00883073 0.00856295 0.00949947 0.00826223 0.0079653 0.00804803 0.00803298 
0.618242 0.112625 0.0635373 0.0221358 0.0262222 0 0.00330228 0.00324054 0.00329971 0.00383438 0.268546 0.0119338 0.0176573 0.0191622 0.0777647 0.0199433 0.0152928 0.0120763 0.0255423 0.0110943 0.0101882 0.010927 0.0109437 0.00990195 0.00980752 0.0105492 0.00842251 0.00813958 0.00867289 0.00893374 0.00924629 0.00992428 0.00804022 0.00795251 0.0080889 0.00918387 
0.0614191 0.525873 0.0951019 0.0779473 0.0195617 0.00330228 0 0.00320199 0.00321102 0.00322618 0.0772115 0.298415 0.0154661 0.0152734 0.0156762 0.203666 0.0346588 0.0356676 0.0136171 0.00907805 0.0178353 0.0213191 0.0261262 0.0147908 0.0112422 0.00873193 0.00822188 0.00907886 0.00956182 0.0118685 0.00995633 0.00891333 0.00809738 0.00825634 0.00847727 0.0081947 
0.0669043 0.0574628 0.475857 0.088916 0.0498453 0.00324054 0.00320199 0 0.00318499 0.00324378 0.0355141 0.0921629 0.243545 0.0118006 0.0165188 0.0389501 0.319926 0.0367296 0.0225786 0.0100055 0.0132147 0.0503223 0.0493809 0.0338341 0.0122444 0.00909925 0.00859118 0.00950827 0.013363 0.0165188 0.0115794 0.00908918 0.00813768 0.00880658 0.00865787 0.00858029 
0.0341098 0.0855637 0.0513683 0.359154 0.0953772 0.00329971 0.00321102 0.00318499 0 0.00324837 0.0175415 0.0658152 0.0989456 0.0786472 0.0134804 0.0410744 0.0343089 0.282521 0.020568 0.0108049 0.0161869 0.0159409 0.0248061 0.0178302 0.0144646 0.00988113 0.00837266 0.00939682 0.00965252 0.0114477 0.0109834 0.00904458 0.00822117 0.00837182 0.00845098 0.0081527 
0.0821066 0.0202078 0.026725 0.0318564 0.387488 0.00383438 0.00322618 0.00324378 0.00324837 0 0.028128 0.0156235 0.0292392 0.165327 0.0309262 0.0149091 0.018688 0.0172222 0.143516 0.0131545 0.0101587 0.0114945 0.0119717 0.0103069 0.00949257 0.0106246 0.00918809 0.00861027 0.0088856 0.00942089 0.00878787 0.00943566 0.00926553 0.00832881 0.00812172 0.00811976 
0.027804 0.0142903 0.0111398 0.0104183 0.0142094 0.268546 0.0772115 0.0355141 0.0175415 0.028128 0 0.00341947 0.00322619 0.00354945 0.0447041 0.0209367 0.0148961 0.012466 0.0262896 0.0104931 0.0096175 0.00982156 0.00925414 0.00872055 0.00916095 0.0103321 0.00823297 0.00809274 0.00837835 0.00839554 0.00845435 0.00967369 0.00794852 0.00794578 0.00797195 0.00912314 
0.0156224 0.0312689 0.0238792 0.0149699 0.0102443 0.0119338 0.298415 0.0921629 0.0658152 0.0156235 0.00341947 0 0.00319823 0.00336012 0.0269975 0.0548851 0.0489218 0.0288693 0.0118142 0.00860422 0.0164151 0.0118603 0.015484 0.0137281 0.00980427 0.00886019 0.00805893 0.00849031 0.00863293 0.00999698 0.00916039 0.00848624 0.0079568 0.00799813 0.00909325 0.00813525 
0.0142927 0.0193507 0.0157289 0.0188035 0.00974734 0.0176573 0.0154661 0.243545 0.0989456 0.0292392 0.00322619 0.00319823 0 0.00315803 0.014141 0.0348206 0.0555826 0.0312193 0.0126679 0.0116543 0.00916644 0.0130261 0.0137164 0.0103109 0.0120676 0.0083928 0.00854512 0.00854907 0.00936207 0.00916473 0.00916521 0.00829055 0.00791183 0.00879438 0.00815018 0.00814692 
0.0239904 0.0120288 0.0112629 0.0103813 0.0204244 0.0191622 0.0152734 0.0118006 0.0786472 0.165327 0.00354945 0.00336012 0.00315803 0 0.0209814 0.0191562 0.0143692 0.0610841 0.0624685 0.00941522 0.0151029 0.00924144 0.0103889 0.00978467 0.00885459 0.0113294 0.00827631 0.00924649 0.00823918 0.00909612 0.00854595 0.0091661 0.0106787 0.00798639 0.00886289 0.00792697 
0.0506454 0.0231837 0.012975 0.0102847 0.0185629 0.0777647 0.0156762 0.0165188 0.0134804 0.0309262 0.0447041 0.0269975 0.014141 0.0209814 0 0.003242 0.00323522 0.00321186 0.00355513 0.607789 0.036906 0.0461379 0.0135826 0.0146775 0.0116123 0.0179906 0.0104307 0.010863 0.00975885 0.0104746 0.0107047 0.0160061 0.00878436 0.00829409 0.00871052 0.011589 
0.0399547 0.145013 0.0462187 0.0255984 0.0106523 0.0199433 0.203666 0.0389501 0.0410744 0.0149091 0.0209367 0.0548851 0.0348206 0.0191562 0.003242 0 0.00321053 0.00326133 0.00323818 0.0419842 0.631586 0.0636022 0.167213 0.026515 0.0271542 0.0104561 0.0108721 0.0185601 0.0227281 0.0331308 0.0170728 0.0114341 0.00869778 0.0087417 0.010163 0.00896555 
0.0380523 0.0614172 0.19779 0.0334099 0.0129107 0.0152928 0.0346588 0.319926 0.0343089 0.018688 0.0148961 0.0489218 0.0555826 0.0143692 0.00323522 0.00321053 0 0.00317375 0.00319236 0.040321 0.042588 0.589518 0.123897 0.266449 0.0225401 0.0138692 0.00946037 0.0152341 0.0520661 0.0631542 0.0270241 0.0120098 0.00852194 0.00962764 0.00991499 0.00861061 
0.0306024 0.0502749 0.0586289 0.075708 0.0188806 0.0120763 0.0356676 0.0367296 0.282521 0.0172222 0.012466 0.0288693 0.0312193 0.0610841 0.00321186 0.00326133 0.00317375 0 0.00320601 0.013281 0.0768929 0.0572203 0.529765 0.084281 0.253639 0.0207761 0.0096103 0.0154686 0.0163011 0.040406 0.0428269 0.0151887 0.00883419 0.00863613 0.0137652 0.0084989 
0.0332564 0.0142083 0.016919 0.0170102 0.0408201 0.0255423 0.0136171 0.0225786 0.020568 0.143516 0.0262896 0.0118142 0.0126679 0.0624685 0.00355513 0.00323818 0.00319236 0.00320601 0 0.0202789 0.0150273 0.0511536 0.0331505 0.218904 0.0323199 0.219209 0.0119051 0.00957342 0.011549 0.0140558 0.0143979 0.0243301 0.0117486 0.0086912 0.00863994 0.0100647 
0.0125101 0.00961467 0.00887268 0.00915578 0.00959043 0.0110943 0.00907805 0.0100055 0.0108049 0.0131545 0.0104931 0.00860422 0.0116543 0.00941522 0.607789 0.0419842 0.040321 0.013281 0.0202789 0 0.00356116 0.00331378 0.00334131 0.00328694 0.00433016 0.0043353 0.151049 0.0104495 0.0181987 0.0110062 0.0166127 0.0190507 0.00980008 0.0104151 0.00883749 0.033102 
0.0132102 0.0153855 0.0141949 0.00972447 0.00930519 0.0101882 0.0178353 0.0132147 0.0161869 0.0101587 0.0096175 0.0164151 0.00916644 0.0151029 0.036906 0.631586 0.042588 0.0768929 0.0150273 0.00356116 0 0.00320304 0.0032557 0.00327309 0.00324015 0.00363767 0.0519731 0.247338 0.0167063 0.0607223 0.0235584 0.0149107 0.0135587 0.00945419 0.0281512 0.00937389 
0.0207337 0.0258374 0.0279794 0.0124654 0.00918495 0.010927 0.0213191 0.0503223 0.0159409 0.0114945 0.00982156 0.0118603 0.0130261 0.00924144 0.0461379 0.0636022 0.589518 0.0572203 0.0511536 0.00331378 0.00320304 0 0.0032484 0.0032095 0.00321722 0.00327527 0.0956334 0.0619019 0.197461 0.0851984 0.0468332 0.0163493 0.00986034 0.0188531 0.0111987 0.0106116 
0.0184918 0.0287155 0.030558 0.0160847 0.00995072 0.0109437 0.0261262 0.0493809 0.0248061 0.0119717 0.00925414 0.015484 0.0137164 0.0103889 0.0135826 0.167213 0.123897 0.529765 0.0331505 0.00334131 0.0032557 0.0032484 0 0.0031876 0.0032019 0.0032028 0.0355983 0.083046 0.186651 0.200777 0.0605254 0.0268933 0.0108587 0.0125684 0.0160873 0.0106426 
0.0155455 0.0174076 0.0303055 0.0114001 0.00948987 0.00990195 0.0147908 0.0338341 0.0178302 0.0103069 0.00872055 0.0137281 0.0103109 0.00978467 0.0146775 0.026515 0.266449 0.084281 0.218904 0.00328694 0.00327309 0.0032095 0.0031876 0 0.0031643 0.00317703 0.0191312 0.0672279 0.128034 0.176671 0.0689067 0.018198 0.0104156 0.00981352 0.0171287 0.00967723 
0.0117062 0.0116482 0.0110526 0.0113324 0.00864961 0.00980752 0.0112422 0.0122444 0.0144646 0.00949257 0.00916095 0.00980427 0.0120676 0.00885459 0.0116123 0.0271542 0.0225401 0.253639 0.0323199 0.00433016 0.00324015 0.00321722 0.0032019 0.0031643 0 0.00332262 0.0148462 0.0191956 0.0531956 0.0819461 0.151774 0.0369405 0.00964108 0.0126397 0.0156628 0.0103891 
0.010824 0.00905105 0.00906907 0.00846609 0.0112515 0.0105492 0.00873193 0.00909925 0.00988113 0.0106246 0.0103321 0.00886019 0.0083928 0.0113294 0.0179906 0.0104561 0.0138692 0.0207761 0.219209 0.0043353 0.00363767 0.00327527 0.0032028 0.00317703 0.00332262 0 0.0117488 0.0129738 0.0181037 0.0321221 0.0863471 0.136657 0.0187649 0.00868823 0.0125934 0.0136642 
0.00891245 0.00856318 0.00847515 0.00806656 0.00815799 0.00842251 0.00822188 0.00859118 0.00837266 0.00918809 0.00823297 0.00805893 0.00854512 0.00827631 0.0104307 0.0108721 0.00946037 0.0096103 0.0119051 0.151049 0.0519731 0.0956334 0.0355983 0.0191312 0.0148462 0.0117488 0 0.00317668 0.00321393 0.00323605 0.00321717 0.00364368 0.00411083 0.00616112 0.00532676 0.027874 
0.00886163 0.0093986 0.00919023 0.00857369 0.0081602 0.00813958 0.00907886 0.00950827 0.00939682 0.00861027 0.00809274 0.00849031 0.00854907 0.00924649 0.010863 0.0185601 0.0152341 0.0154686 0.00957342 0.0104495 0.247338 0.0619019 0.083046 0.0672279 0.0191956 0.0129738 0.00317668 0 0.00315892 0.00319816 0.00320294 0.00336507 0.0041967 0.00457985 0.0161259 0.00896459 
0.0096903 0.0106696 0.0115558 0.00928723 0.00833057 0.00867289 0.00956182 0.013363 0.00965252 0.0088856 0.00837835 0.00863293 0.00936207 0.00823918 0.00975885 0.0227281 0.0520661 0.0163011 0.011549 0.0181987 0.0167063 0.197461 0.186651 0.128034 0.0531956 0.0181037 0.00321393 0.00315892 0 0.00317849 0.00322037 0.00327881 0.00347959 0.0121307 0.00656803 0.856427 
0.0115369 0.0123624 0.0141203 0.00947587 0.00883073 0.00893374 0.0118685 0.0165188 0.0114477 0.00942089 0.00839554 0.00999698 0.00916473 0.00909612 0.0104746 0.0331308 0.0631542 0.040406 0.0140558 0.0110062 0.0607223 0.0851984 0.200777 0.176671 0.0819461 0.0321221 0.00323605 0.00319816 0.00317849 0 0.00318888 0.00322688 0.00695772 0.00612613 0.872207 0.0151009 
0.0119432 0.0102356 0.0107122 0.0093 0.00856295 0.00924629 0.00995633 0.0115794 0.0109834 0.00878787 0.00845435 0.00916039 0.00916521 0.00854595 0.0107047 0.0170728 0.0270241 0.0428269 0.0143979 0.0166127 0.0235584 0.0468332 0.0605254 0.0689067 0.151774 0.0863471 0.00321717 0.00320294 0.00322037 0.00318888 0 0.00324137 0.00422486 0.944862 0.00535629 0.011172 
0.0122089 0.00924451 0.00918323 0.00840613 0.00949947 0.00992428 0.00891333 0.00908918 0.00904458 0.00943566 0.00967369 0.00848624 0.00829055 0.0091661 0.0160061 0.0114341 0.0120098 0.0151887 0.0243301 0.0190507 0.0149107 0.0163493 0.0268933 0.018198 0.0369405 0.136657 0.00364368 0.00336507 0.00327881 0.00322688 0.00324137 0 0.930924 0.00459275 0.00405664 0.00503496 
0.00832607 0.0081684 0.00808216 0.00793549 0.00826223 0.00804022 0.00809738 0.00813768 0.00822117 0.00926553 0.00794852 0.0079568 0.00791183 0.0106787 0.00878436 0.00869778 0.00852194 0.00883419 0.0117486 0.00980008 0.0135587 0.00986034 0.0108587 0.0104156 0.00964108 0.0187649 0.00411083 0.0041967 0.00347959 0.00695772 0.00422486 0.930924 0 0.00320324 0.00362882 0.00409455 
0.00817556 0.00843898 0.00832551 0.00821523 0.0079653 0.00795251 0.00825634 0.00880658 0.00837182 0.00832881 0.00794578 0.00799813 0.00879438 0.00798639 0.00829409 0.0087417 0.00962764 0.00863613 0.0086912 0.0104151 0.00945419 0.0188531 0.0125684 0.00981352 0.0126397 0.00868823 0.00616112 0.00457985 0.0121307 0.00612613 0.944862 0.00459275 0.00320324 0 0.00322519 0.00368935 
0.0088944 0.00839951 0.00847983 0.00813749 0.00804803 0.0080889 0.00847727 0.00865787 0.00845098 0.00812172 0.00797195 0.00909325 0.00815018 0.00886289 0.00871052 0.010163 0.00991499 0.0137652 0.00863994 0.00883749 0.0281512 0.0111987 0.0160873 0.0171287 0.0156628 0.0125934 0.00532676 0.0161259 0.00656803 0.872207 0.00535629 0.00405664 0.00362882 0.00322519 0 0.00316342 
0.00896285 0.00836083 0.00813269 0.0080193 0.00803298 0.00918387 0.0081947 0.00858029 0.0081527 0.00811976 0.00912314 0.00813525 0.00814692 0.00792697 0.011589 0.00896555 0.00861061 0.0084989 0.0100647 0.033102 0.00937389 0.0106116 0.0106426 0.00967723 0.0103891 0.0136642 0.027874 0.00896459 0.856427 0.0151009 0.011172 0.00503496 0.00409455 0.00368935 0.00316342 0 
