1CQXB
MLTQKTKDIVKATAPVLAEHGYDIIKCFYQRMFEAHPELKNVFNMAHQEQGQQQQALARAVYAYAENIEDPNSLMAVLKNIANKHASLGVKPEQYPIVGEHLLAAIKEVLGNAATDDIISAWAQAYGNLADVLMGMESELYERSAEQPGGWKGWRTFVIREKRPESDVITSFILEPADGGPVVNFEPGQYTSVAIDVPALGLQQIRQYSLSDMPNGRTYRISVKREGGGPQPPGYVSNLLHDHVNVGDQVKLAAPYGSFHIDVDAKTPIVLISGGVGLTPMVSMLKVALQAPPRQVVFVHGARNSAVHAMRDRLREAAKTYENLDLFVFYDQPLPEDVQGRDYDYPGLVDVKQIEKSILLPDADYYICGPIPFMRMQHDALKNLGIHEARIHYEVFGPDLFAE
CCCHHHHHHHHHHHHHHHHCHHHHHHHHHHHHHHHCHHHHHCCCCCCCCHHHHHHHHHHHHHHHHHHCCCHHHHHHHHHHHHHHHHHHCCCHHHHHHHHHHHHHHHHHHHHHHCCHHHHHHHHHHHHHHHHHHHHHHHHHHHHHHHCCCCCCCCEEEEEEEEEECCCCEEEEEEEECCCCCCCCCCCCCEEEEEEEECCCCEEEEEEEECCCCCCCCCEEEEEECCCCCCCCCCHHHHHHHHHCCCCCEEEECCCECCCCCCCCCCCCEEEEECCCCHHHHHHHHHHHCCCCCCCEEEEEEECCCCCCHHHHHHHHHHHHCCCEEEEEEECCCCCCCCECCCECEECCCCCCCCHHHHCCCCCEEEEECCHHHHHHHHHHHHCCCCCHHHEEECCCCCCCCCC
0 0 0 0 0 0 0 0 0 0 0 0 0 0 0 0 0 0 0 0 0 0 0 0 0 0 0 0 0 0 0 0 0 0 0 0 0 0 0 0 0 0 0 0 0 0 0 0 0 0 0 0 0 0 0 0 0 0 0 0 0 0 0 0 0 0 0 0 0 0 0 0 0 0 0 0 0 0 0 0 0 0 0 0 0 0 0 0 0 0 0 0 0 0 0 0 0 0 0 0 0 0 0 0 0 0 0 0 0 0 0 0 0 0 0 0 0 0 0 0 0 0 0 0 0 0 0 0 0 0 0 0 0 0 0 0 0 0 0 0 0 0 0 0 0 0 0 0 0 0 0 0 0 0 0 0 0 0 0 0 0 0 0 0 0 0 0 0 0 0 0 0 0 0 0 0 0 0 0 0 0 0 0 0 0 0 0 0 0 0 0 0 0 0 0 0 0 0 0 0 0 0 0 0 0 0 0 0 0 0 0 0 0 0 0 0 0 0 0 0 0 0 0 0 0 0 0 0 0 0 0 0 0 0 0 0 0 0 0 0 0 0 0 0 0 0 0 0 0 0 0 0 0 0 0 0 0 0 0 0 0 0 0 0 0 0 0 0 0 0 0 0 0 0 0 0 0 0 0 0 0 0 0 0 0 0 0 0 0 0 0 0 0 0 0 0 0 0 0 0 0 0 0 0 0 0 0 0 0 0 0 0 0 0 0 0 0 0 0 0 0 0 0 0 0 0 0 0 0 0 0 0 0 0 0 0 0 0 0 0 0 0 0 0 0 0 0 0 0 0 0 0 0 0 0 0 0 0 0 0 0 0 0 0 0 0 0 0 0 0 0 0 0 0 0 0 0 0 0 0 0 0 0 0 0 0 0 0 0 0 0 0 0 0 0 0 0 0 0 0 0 0 0 
0 0 0 0 0 0 0 0 0 0 0 0 0 0 0 0 0 0 0 0 0 0 0 0 0 0 0 0 0 0 0 0 0 0 0 0 0 0 0 0 0 0 0 0 0 0 0 0 0 0 0 0 0 0 0 0 0 0 0 0 0 0 0 0 0 0 0 0 0 0 0 0 0 0 0 0 0 0 0 0 0 0 0 0 0 0 0 0 0 0 0 0 0 0 0 0 0 0 0 0 0 0 0 0 0 0 0 0 0 0 0 0 0 0 0 0 0 0 0 0 0 0 0 0 0 0 0 0 0 0 0 0 0 0 0 0 0 0 0 0 0 0 0 0 0 0 0 0 0 0 0 0 0 0 0 0 0 0 0 0 0 0 0 0 0 0 0 0 0 0 0 0 0 0 0 0 0 0 0 0 0 0 0 0 0 0 0 0 0 0 0 0 0 0 0 0 0 0 0 0 0 0 0 0 0 0 0 0 0 0 0 0 0 0 0 0 0 0 0 0 0 0 0 0 0 0 0 0 0 0 0 0 0 0 0 0 0 0 0 0 0 0 0 0 0 0 0 0 0 0 0 0 0 0 0 0 0 0 0 0 0 0 0 0 0 0 0 0 0 0 0 0 0 0 0 0 0 0 0 0 0 0 0 0 0 0 0 0 0 0 0 0 0 0 0 0 0 0 0 0 0 0 0 0 0 0 0 0 0 0 0 0 0 0 0 0 0 0 0 0 0 0 0 0 0 0 0 0 0 0 0 0 0 0 0 0 0 0 0 0 0 0 0 0 0 0 0 0 0 0 0 0 0 0 0 0 0 0 0 0 0 0 0 0 0 0 0 0 0 0 0 0 0 0 0 0 0 0 0 0 0 0 0 0 0 0 0 0 0 0 0 0 0 0 0 0 0 0 0 0 0 0 0 
0 0.00329753 0.00329027 0.00317769 0.00341853 0.00326737 0.00324208 0.00414892 0.00438779 0.0128099 0.00874349 0.00821801 0.00805331 0.010959 0.00863578 0.01636 0.00850552 0.0689413 0.0131382 0.0150002 0.00929406 0.0109538 0.00884138 0.0143891 0.00899981 0.0567588 0.0100588 0.00879005 0.00882375 0.00921093 0.00905922 0.00841409 0.010793 0.0116786 0.0108862 0.00844749 0.0103865 0.0085957 0.0118912 0.0118148 0.00838368 0.00926509 0.00815725 0.0126909 0.00898404 0.00920127 0.00842223 0.0084562 0.00856471 0.00902926 0.00841432 0.00802443 0.0082924 0.00809373 0.00808586 0.00809666 0.00815699 0.00810344 0.00799477 0.0081647 0.00820139 0.00840319 0.00809698 0.0083723 0.00850048 0.0083956 0.00789365 0.00802454 0.00802025 0.0082171 0.00811594 0.00812508 0.00818322 0.0081936 0.008031 0.00829109 
0.00329753 0 0.00317436 0.00315475 0.00314049 0.00313203 0.00318908 0.00327772 0.00679724 0.00371181 0.00639368 0.0136377 0.0117695 0.00887666 0.021655 0.00808721 0.0635496 0.0106472 0.0243386 0.0132067 0.0243564 0.0103667 0.0331726 0.0088978 0.0466717 0.00849774 0.0102788 0.0124094 0.0139516 0.0105854 0.00960389 0.0128207 0.0100428 0.0106256 0.00904993 0.0211382 0.00930455 0.0255016 0.0097035 0.00974257 0.0086676 0.00812763 0.0128265 0.00831944 0.00823528 0.00868045 0.0111616 0.0111906 0.00918025 0.00829183 0.00802172 0.00899334 0.00900766 0.00870584 0.00853814 0.00841445 0.00796555 0.00787581 0.00851431 0.00822114 0.00863582 0.00854376 0.00833564 0.00802502 0.00791964 0.0078183 0.00787031 0.00791081 0.00797964 0.00828967 0.00838525 0.00824027 0.00807567 0.00791922 0.00802278 0.00814447 
0.00329027 0.00317436 0 0.00321264 0.00316194 0.00317628 0.0031692 0.00704017 0.00319324 0.00411638 0.00801506 0.00979106 0.0108405 0.0185867 0.00898755 0.0495213 0.0108785 0.459351 0.0127113 0.0314325 0.0156017 0.0755998 0.0132903 0.121057 0.00914397 0.0133958 0.0115025 0.0165494 0.0207344 0.0218545 0.0212635 0.0177723 0.0208703 0.00942374 0.0140721 0.0120581 0.108308 0.0144928 0.0276087 0.00892868 0.00816073 0.0216178 0.00878148 0.0117969 0.00817516 0.0105815 0.0166324 0.0216936 0.0127068 0.00887873 0.00928148 0.00958153 0.0127947 0.0120834 0.0102079 0.0088433 0.0082416 0.00839099 0.00836837 0.00998214 0.00920271 0.00948448 0.00866626 0.00828322 0.00785548 0.00799387 0.0079644 0.0078592 0.00825081 0.00871636 0.0092868 0.00879712 0.0084275 0.00863963 0.0082378 0.00823899 
0.00317769 0.00315475 0.00321264 0 0.00314873 0.00316006 0.00322481 0.00315479 0.00376045 0.00707791 0.00695297 0.00861238 0.01168 0.00912396 0.0489499 0.0107057 0.592646 0.0211522 0.0132036 0.0108499 0.0505217 0.0137922 0.0969305 0.0105254 0.0305297 0.00889648 0.0112225 0.0135041 0.0286738 0.0173401 0.0231462 0.0287159 0.0105052 0.013438 0.00911401 0.0411089 0.0148503 0.0865312 0.0101664 0.0106188 0.00938127 0.00842422 0.0158382 0.00861153 0.00819021 0.00991604 0.0174913 0.0211279 0.0102395 0.00895739 0.00838687 0.0098235 0.0114679 0.0112312 0.0102223 0.00856342 0.00824249 0.00809912 0.00863381 0.00863101 0.00980323 0.00910376 0.00869381 0.00824602 0.00792743 0.0079 0.00794676 0.00795032 0.00821783 0.00851721 0.0088942 0.00847818 0.00848449 0.00813785 0.00809888 0.008163 
0.00341853 0.00314049 0.00316194 0.00314873 0 0.00316746 0.00316093 0.00329387 0.003211 0.00333629 0.00636313 0.00790642 0.0087823 0.0330032 0.0169455 0.540251 0.0434363 0.01122 0.00930186 0.0161946 0.0127024 0.0758876 0.0115117 0.0524677 0.00900363 0.0106401 0.00990324 0.0114055 0.0162861 0.0244383 0.0166583 0.0115382 0.0137809 0.00923635 0.0113354 0.0103748 0.062676 0.011431 0.0154543 0.00932728 0.00813088 0.0134562 0.00844227 0.00965972 0.00817465 0.00938661 0.0118106 0.0148063 0.010192 0.00862108 0.00891011 0.00882356 0.011168 0.0100473 0.0093653 0.00851303 0.00819169 0.00817188 0.00827449 0.00934103 0.00885342 0.00917574 0.00845574 0.00826648 0.00790794 0.00794934 0.00790994 0.00795237 0.00811253 0.00849108 0.00875389 0.00836023 0.00836735 0.00834881 0.00823101 0.00817358 
0.00326737 0.00313203 0.00317628 0.00316006 0.00316746 0 0.00315541 0.00316312 0.00318473 0.00320085 0.00512049 0.00711803 0.0295606 0.0203095 0.119721 0.0968034 0.00772032 0.00708759 0.00995616 0.0107913 0.0317341 0.0131306 0.0195761 0.0126546 0.0106252 0.00849518 0.00904632 0.0102218 0.017013 0.0140941 0.0120974 0.0117543 0.00931915 0.00904948 0.00921958 0.0161516 0.0129342 0.0167241 0.00986344 0.00845623 0.00821997 0.00847716 0.0085427 0.00859699 0.00800614 0.00868955 0.0111815 0.0122863 0.00926632 0.00834987 0.00823588 0.00889207 0.00992143 0.00907053 0.00907314 0.00828014 0.00807602 0.00799865 0.0082681 0.00864134 0.00875434 0.00867958 0.00829909 0.00802019 0.00791817 0.00787423 0.00789588 0.00785453 0.00801565 0.00826653 0.00845895 0.00827492 0.00816552 0.00800183 0.00803863 0.0080621 
0.00324208 0.00318908 0.0031692 0.00322481 0.00316093 0.00315541 0 0.0031745 0.00317435 0.00316426 0.0041861 0.0150531 0.015352 0.0312526 0.548093 0.0069372 0.00784938 0.00598271 0.0100409 0.0120542 0.0152508 0.012395 0.019493 0.00975099 0.0110926 0.00839841 0.00914099 0.0100268 0.0136573 0.0120121 0.0109424 0.0110956 0.00887594 0.00935071 0.0088074 0.0123865 0.0105052 0.0196683 0.0086979 0.00857531 0.00824808 0.00830405 0.00891982 0.00817614 0.00802066 0.00846476 0.00981408 0.011521 0.00853999 0.0081971 0.0081125 0.00853843 0.00894062 0.00877982 0.0085182 0.00820303 0.00798539 0.00798167 0.00829291 0.00825561 0.00850521 0.00835921 0.00807712 0.00801326 0.0078921 0.00789136 0.00790255 0.0078658 0.00808313 0.00808668 0.00835642 0.00815501 0.0079602 0.00797671 0.00803891 0.00802289 
0.00414892 0.00327772 0.00704017 0.00315479 0.00329387 0.00316312 0.0031745 0 0.00318025 0.00316429 0.0100368 0.0069082 0.0202922 0.594002 0.00648049 0.00924137 0.00583208 0.00734032 0.0113834 0.0124546 0.00899156 0.0172952 0.00918978 0.0211094 0.0084406 0.0100214 0.00906243 0.00929329 0.0100292 0.0100256 0.0098945 0.00888287 0.00984323 0.00849583 0.0094089 0.00849102 0.0230741 0.00880023 0.0101662 0.00833474 0.00794398 0.0102502 0.00799822 0.00855983 0.00798247 0.00847599 0.0087295 0.00961753 0.00841074 0.00812537 0.00805632 0.00812229 0.00894978 0.00863432 0.00836265 0.00819136 0.00797105 0.00804327 0.00799793 0.0083828 0.00825398 0.00830576 0.00808423 0.00802491 0.00792046 0.00788207 0.00786304 0.00789938 0.00798991 0.00820677 0.00815427 0.00815035 0.00821653 0.00803238 0.0080595 0.00799535 
0.00438779 0.00679724 0.00319324 0.00376045 0.003211 0.00318473 0.00317435 0.00318025 0 0.00420287 0.00518569 0.0240181 0.568286 0.00562833 0.00867564 0.00541741 0.00637358 0.00539434 0.0124397 0.00865144 0.0106282 0.00871741 0.0113688 0.00843431 0.0104247 0.00813462 0.0100139 0.0106462 0.00929007 0.00867061 0.00856469 0.00923516 0.00868496 0.00875695 0.00888637 0.0137196 0.0084444 0.00979394 0.00845591 0.00827643 0.00847486 0.00817965 0.00871221 0.0080842 0.00811171 0.00821331 0.00860389 0.00859015 0.00817585 0.00801923 0.00793016 0.00824485 0.00834739 0.00816061 0.00811482 0.0080676 0.00790037 0.00783655 0.00813868 0.00808474 0.00813549 0.00815024 0.00798187 0.0080246 0.00785634 0.0078372 0.00778536 0.00779958 0.00796937 0.00806229 0.00809653 0.00800901 0.00789542 0.00794717 0.00792699 0.00791234 
0.0128099 0.00371181 0.00411638 0.00707791 0.00333629 0.00320085 0.00316426 0.00316429 0.00420287 0 0.0246145 0.482134 0.00354424 0.00538152 0.00486512 0.0056601 0.00530002 0.00577277 0.0134985 0.0101421 0.00851175 0.00976846 0.00916167 0.00914979 0.00866634 0.00978911 0.0169027 0.00892692 0.00878 0.00865676 0.00858775 0.00828925 0.00882257 0.00898192 0.0188725 0.00856902 0.00877909 0.00847202 0.00856649 0.00843223 0.00905828 0.00865886 0.0079305 0.00874117 0.00925392 0.0104005 0.00824892 0.00825695 0.00805704 0.00827829 0.00854755 0.00798058 0.00807816 0.00800888 0.00796348 0.00792028 0.00797236 0.00834279 0.00788517 0.00795696 0.00799984 0.0079575 0.00789741 0.0079405 0.00818773 0.00849456 0.00784682 0.00788265 0.00811726 0.00798257 0.00797215 0.00797078 0.00801004 0.00811704 0.00793848 0.0079604 
0.00874349 0.00639368 0.00801506 0.00695297 0.00636313 0.00512049 0.0041861 0.0100368 0.00518569 0.0246145 0 0.00326219 0.00318047 0.00321907 0.00325756 0.00352487 0.00339752 0.00615293 0.031724 0.0111483 0.0129057 0.01148 0.0117499 0.013338 0.0115916 0.0349993 0.0171696 0.0109388 0.0105255 0.0109277 0.00984024 0.0095617 0.0125769 0.0226744 0.0174478 0.0116674 0.0119256 0.0118274 0.0123679 0.0260935 0.00948342 0.0102517 0.00920949 0.0157828 0.0105995 0.0127994 0.0103545 0.00967738 0.0095129 0.0115368 0.00945181 0.00843851 0.00890917 0.008689 0.00853966 0.00856079 0.00871846 0.00855105 0.00813727 0.00840539 0.00840149 0.00843116 0.00843338 0.00904446 0.00886709 0.00877467 0.00801741 0.00812721 0.00861747 0.00835381 0.00825367 0.00823026 0.00857639 0.00839654 0.00797025 0.00842451 
0.00821801 0.0136377 0.00979106 0.00861238 0.00790642 0.00711803 0.0150531 0.0069082 0.0240181 0.482134 0.00326219 0 0.00316946 0.00317914 0.00322463 0.00312122 0.00333464 0.0034258 0.013291 0.0261469 0.0119705 0.0184782 0.0142682 0.0203302 0.0249239 0.0104546 0.0105438 0.0167079 0.0180215 0.0142458 0.0127535 0.0141048 0.0191723 0.0107537 0.0118599 0.0194769 0.0215773 0.0155793 0.0343493 0.00988444 0.00864697 0.0100313 0.009847 0.0104406 0.00861 0.0109546 0.0179125 0.0160005 0.0119752 0.00918067 0.00856989 0.00953515 0.0110367 0.0109819 0.00926226 0.00898731 0.00839247 0.00808622 0.00848151 0.00869974 0.00907344 0.00938468 0.00884962 0.00843567 0.00797029 0.00789411 0.00794497 0.00788779 0.00815648 0.00859584 0.00860458 0.00862368 0.00828645 0.00802856 0.00816298 0.00810124 
0.00805331 0.0117695 0.0108405 0.01168 0.0087823 0.0295606 0.015352 0.0202922 0.568286 0.00354424 0.00318047 0.00316946 0 0.00317776 0.00319606 0.00318677 0.00319729 0.00320106 0.0148435 0.0110185 0.0336403 0.0160923 0.0615416 0.0190086 0.0218063 0.00921923 0.0105043 0.0144956 0.0284045 0.0184053 0.0206586 0.0365655 0.0121462 0.0129701 0.0109759 0.0320888 0.0231259 0.103554 0.0114543 0.0244937 0.00862309 0.00976506 0.0137521 0.00950015 0.00835664 0.0106277 0.0230885 0.0384965 0.0133243 0.0096291 0.00872801 0.0106904 0.0170618 0.0138751 0.0131875 0.00955171 0.00833984 0.0082216 0.00885538 0.00940008 0.0105956 0.0101037 0.00920771 0.0082979 0.00783957 0.00788795 0.00795879 0.00789619 0.00821613 0.00883296 0.0102479 0.00862235 0.00834307 0.00815885 0.00817593 0.00815274 
0.010959 0.00887666 0.0185867 0.00912396 0.0330032 0.0203095 0.0312526 0.594002 0.00562833 0.00538152 0.00321907 0.00317914 0.00317776 0 0.00316653 0.00316721 0.00320134 0.00326781 0.0112458 0.024773 0.0150003 0.0698183 0.0197829 0.0577239 0.00959133 0.0121029 0.0115268 0.0155203 0.0198397 0.0258447 0.0244833 0.0143503 0.0230833 0.010242 0.0144326 0.01372 0.182973 0.0173507 0.0548835 0.00907581 0.00840666 0.0199568 0.00943814 0.0127083 0.00839757 0.0124688 0.0263115 0.0312326 0.023395 0.00971357 0.00915222 0.0109779 0.0190552 0.0175599 0.0135941 0.00946151 0.00853143 0.00836609 0.00861006 0.0112805 0.0100855 0.0113439 0.00900871 0.00840571 0.00794198 0.0079846 0.0079461 0.00788492 0.00820557 0.00925624 0.00952584 0.00888986 0.00869452 0.00824601 0.00824967 0.0082683 
0.00863578 0.021655 0.00898755 0.0489499 0.0169455 0.119721 0.548093 0.00648049 0.00867564 0.00486512 0.00325756 0.00322463 0.00319606 0.00316653 0 0.00321874 0.00322412 0.00317242 0.0152263 0.0105315 0.0716852 0.0140758 0.0770945 0.00969984 0.0251964 0.00876784 0.0100477 0.0117333 0.026529 0.0224483 0.0152389 0.0284032 0.0102303 0.0155648 0.00968094 0.088789 0.0137734 0.164289 0.0100959 0.0120761 0.00924616 0.00872383 0.0220278 0.00908773 0.00855054 0.010293 0.0225549 0.0372117 0.01268 0.0101026 0.00872929 0.0111664 0.0150993 0.0134947 0.0128694 0.00875202 0.00822366 0.00812477 0.00908286 0.00898818 0.0109571 0.00969034 0.00877523 0.00835188 0.00788959 0.00786758 0.0079345 0.00787719 0.00820249 0.00848739 0.00965354 0.00838586 0.00847591 0.0080407 0.00812447 0.00806182 
0.01636 0.00808721 0.0495213 0.0107057 0.540251 0.0968034 0.0069372 0.00924137 0.00541741 0.0056601 0.00352487 0.00312122 0.00318677 0.00316721 0.00321874 0 0.00314805 0.00321331 0.0109802 0.0336376 0.0121444 0.0626385 0.00910235 0.0481887 0.00834886 0.0125248 0.00987108 0.0114453 0.0179875 0.0146622 0.0144835 0.0100035 0.0164057 0.00887444 0.0182895 0.0101093 0.163736 0.009998 0.0217476 0.00868903 0.0082458 0.0238113 0.00853888 0.0144046 0.00828166 0.0125715 0.0145497 0.0202356 0.0151739 0.00903531 0.0094298 0.00955838 0.0141314 0.0128488 0.0100269 0.00876612 0.00838002 0.00839611 0.00822837 0.0104893 0.00927038 0.00966391 0.00864126 0.00833206 0.0079395 0.00803897 0.0079206 0.00794069 0.00815617 0.0087245 0.00887902 0.0085694 0.00837631 0.00835445 0.00817245 0.00817471 
0.00850552 0.0635496 0.0108785 0.592646 0.0434363 0.00772032 0.00784938 0.00583208 0.00637358 0.00530002 0.00339752 0.00333464 0.00319729 0.00320134 0.00322412 0.00314805 0 0.0032616 0.0349181 0.0114895 0.0594443 0.00856388 0.0230117 0.00820732 0.0244754 0.00782239 0.00967124 0.0159932 0.0130316 0.00925929 0.00888055 0.0134835 0.00912587 0.0134445 0.0098321 0.0642774 0.00891659 0.0220718 0.00889768 0.0093078 0.00981516 0.00836322 0.0177247 0.00835789 0.00876051 0.00916094 0.0115148 0.0106359 0.00945679 0.00861332 0.00834363 0.00935908 0.00943388 0.00863303 0.00869439 0.00828618 0.00790494 0.00787303 0.00857985 0.00827233 0.00864826 0.00844239 0.00817689 0.00802582 0.00792292 0.00788587 0.00787657 0.00784692 0.00821162 0.00817618 0.00837914 0.00809851 0.00796358 0.0079416 0.0079954 0.00790649 
0.0689413 0.0106472 0.459351 0.0211522 0.01122 0.00708759 0.00598271 0.00734032 0.00539434 0.00577277 0.00615293 0.0034258 0.00320106 0.00326781 0.00317242 0.00321331 0.0032616 0 0.0221031 0.0244845 0.00789391 0.0136218 0.00795739 0.0166741 0.00757512 0.0144714 0.0323587 0.00962187 0.00920048 0.00905926 0.00989171 0.00824336 0.0105684 0.00944722 0.0516445 0.00888707 0.0108604 0.00850064 0.0106607 0.00860134 0.0100068 0.0131373 0.00809459 0.0117729 0.0105942 0.0138689 0.00879631 0.00870218 0.00882537 0.00911265 0.0104835 0.00814539 0.00821182 0.00826708 0.00811891 0.0080868 0.00811737 0.0101347 0.00791216 0.00816309 0.00805923 0.00815751 0.0079668 0.00814686 0.00845944 0.00908671 0.00789066 0.00791817 0.00828683 0.00815759 0.0080629 0.00803687 0.00808808 0.00841146 0.00798539 0.00801445 
0.0131382 0.0243386 0.0127113 0.0132036 0.00930186 0.00995616 0.0100409 0.0113834 0.0124397 0.0134985 0.031724 0.013291 0.0148435 0.0112458 0.0152263 0.0109802 0.0349181 0.0221031 0 0.00322874 0.00315506 0.00318356 0.00323919 0.00329705 0.00370527 0.00945589 0.00700158 0.00724909 0.00741395 0.00884007 0.00809521 0.00996247 0.0181693 0.954994 0.0167146 0.0148117 0.0103493 0.0141837 0.01133 0.0311414 0.0113929 0.00881561 0.0131292 0.0141976 0.0143929 0.0131934 0.0109935 0.0107808 0.0103945 0.0166627 0.00918179 0.00886157 0.00915565 0.00889585 0.00881974 0.00882068 0.0097655 0.00818735 0.00830259 0.00831702 0.00859481 0.00852613 0.00885739 0.00980891 0.00874716 0.00828477 0.00790747 0.00818784 0.00830761 0.00822643 0.00835611 0.00822759 0.0089906 0.00803985 0.00791975 0.00842404 
0.0150002 0.0132067 0.0314325 0.0108499 0.0161946 0.0107913 0.0120542 0.0124546 0.00865144 0.0101421 0.0111483 0.0261469 0.0110185 0.024773 0.0105315 0.0336376 0.0114895 0.0244845 0.00322874 0 0.00321967 0.00320023 0.00321962 0.00346203 0.00327528 0.00344319 0.0064352 0.00767292 0.00855141 0.00759385 0.00942777 0.0104851 0.955861 0.0132925 0.0171156 0.0120444 0.0368783 0.0107652 0.0346494 0.00977147 0.00854727 0.0206731 0.00951796 0.0140878 0.00870776 0.0161321 0.0273288 0.0205863 0.0179046 0.00951214 0.00960297 0.0107812 0.013616 0.0136196 0.00995485 0.0101692 0.00847536 0.00823229 0.00838496 0.0099693 0.00951352 0.0101727 0.00902503 0.0084052 0.00782704 0.00784943 0.00793874 0.00790325 0.00811511 0.00888936 0.00912859 0.00881321 0.00831566 0.00801902 0.00820979 0.00808585 
0.00929406 0.0243564 0.0156017 0.0505217 0.0127024 0.0317341 0.0152508 0.00899156 0.0106282 0.00851175 0.0129057 0.0119705 0.0336403 0.0150003 0.0716852 0.0121444 0.0594443 0.00789391 0.00315506 0.00321967 0 0.00316771 0.00316493 0.00321428 0.00319541 0.00322414 0.00678228 0.00930765 0.0117749 0.0101011 0.0127141 0.967525 0.0165082 0.0131867 0.00990448 0.0376064 0.0125437 0.107089 0.0104383 0.0120732 0.00959122 0.00989655 0.0277261 0.00960875 0.00891604 0.0122642 0.0360803 0.0627683 0.0161627 0.0118719 0.00893184 0.0148663 0.0272596 0.0190966 0.0211709 0.0108802 0.00842782 0.00823147 0.00966022 0.00978814 0.013974 0.0118277 0.0103289 0.00849642 0.00784778 0.00785999 0.00797738 0.00781677 0.00820215 0.00885114 0.0108721 0.00892294 0.00845293 0.0080396 0.00818658 0.00812393 
0.0109538 0.0103667 0.0755998 0.0137922 0.0758876 0.0131306 0.012395 0.0172952 0.00871741 0.00976846 0.01148 0.0184782 0.0160923 0.0698183 0.0140758 0.0626385 0.00856388 0.0136218 0.00318356 0.00320023 0.00316771 0 0.00316891 0.00321109 0.00319331 0.00327961 0.00624292 0.00719912 0.00905725 0.0107535 0.961072 0.0213542 0.0183355 0.00824404 0.0165744 0.0110157 0.126986 0.0116732 0.0367503 0.0092931 0.00879716 0.0302401 0.00960931 0.0207765 0.00849958 0.0183935 0.0350992 0.0451691 0.0341102 0.0107362 0.0112254 0.0126849 0.0345558 0.0319528 0.0195544 0.0114512 0.00914924 0.00858518 0.00859752 0.0167354 0.0111167 0.0176102 0.00968202 0.00884706 0.00785652 0.00797731 0.00801752 0.0079313 0.00823783 0.00961385 0.0100365 0.00940191 0.00864199 0.00832352 0.00835479 0.00833311 
0.00884138 0.0331726 0.0132903 0.0969305 0.0115117 0.0195761 0.019493 0.00918978 0.0113688 0.00916167 0.0117499 0.0142682 0.0615416 0.0197829 0.0770945 0.00910235 0.0230117 0.00795739 0.00323919 0.00321962 0.00316493 0.00316891 0 0.00316249 0.00320843 0.0031617 0.00515869 0.00791525 0.0124878 0.949615 0.0211951 0.0165072 0.00849108 0.0139007 0.00952566 0.0608054 0.0115442 0.100537 0.00995268 0.0126332 0.0106782 0.00941416 0.037775 0.00925724 0.00931577 0.0115658 0.039974 0.0600419 0.0153307 0.0125977 0.00897384 0.0203695 0.0253521 0.0222927 0.0205463 0.00943482 0.00852907 0.00825768 0.0106189 0.00939534 0.0149648 0.0108608 0.0101675 0.00865813 0.00789814 0.00801936 0.00805178 0.00789833 0.00836416 0.00873046 0.00976663 0.00886663 0.00852032 0.00811033 0.00830338 0.00812286 
0.0143891 0.0088978 0.121057 0.0105254 0.0524677 0.0126546 0.00975099 0.0211094 0.00843431 0.00914979 0.013338 0.0203302 0.0190086 0.0577239 0.00969984 0.0481887 0.00820732 0.0166741 0.00329705 0.00346203 0.00321428 0.00321109 0.00316249 0 0.00315723 0.00319807 0.00440703 0.00796213 0.964415 0.0191809 0.0169259 0.00666994 0.0154473 0.0073647 0.0176382 0.0108725 0.0920229 0.0102415 0.0225623 0.00912915 0.00865559 0.0412156 0.00888891 0.0180601 0.00846486 0.0139388 0.021653 0.0370283 0.0223522 0.00954542 0.0105183 0.0104308 0.0316887 0.0196532 0.012512 0.00930234 0.008722 0.00876489 0.0083507 0.0140078 0.0104876 0.0130409 0.00932095 0.00875713 0.00791066 0.0084449 0.00796157 0.00794978 0.00826298 0.0090684 0.00948073 0.00917724 0.00847829 0.00842609 0.00828722 0.00820797 
0.00899981 0.0466717 0.00914397 0.0305297 0.00900363 0.0106252 0.0110926 0.0084406 0.0104247 0.00866634 0.0115916 0.0249239 0.0218063 0.00959133 0.0251964 0.00834886 0.0244754 0.00757512 0.00370527 0.00327528 0.00319541 0.00319331 0.00320843 0.00315723 0 0.00315577 0.00693011 0.994638 0.00979035 0.00584613 0.0056776 0.0125244 0.00639745 0.0101586 0.0100218 0.030966 0.00869592 0.0230907 0.00863106 0.0100394 0.0134256 0.00859552 0.0354182 0.00898931 0.00949077 0.010121 0.0182905 0.0155961 0.0126211 0.0104084 0.00864703 0.0122394 0.010575 0.0100023 0.00965019 0.0086678 0.00805336 0.00810458 0.00950385 0.00842517 0.00926489 0.00870179 0.0088286 0.00818148 0.00790968 0.00792261 0.00785399 0.00786348 0.00842025 0.00849572 0.00874621 0.0083851 0.00804028 0.00799283 0.00812162 0.00791788 
0.0567588 0.00849774 0.0133958 0.00889648 0.0106401 0.00849518 0.00839841 0.0100214 0.00813462 0.00978911 0.0349993 0.0104546 0.00921923 0.0121029 0.00876784 0.0125248 0.00782239 0.0144714 0.00945589 0.00344319 0.00322414 0.00327961 0.0031617 0.00319807 0.00315577 0 0.996134 0.00640137 0.01406 0.00406725 0.00582009 0.00479593 0.00769855 0.00597704 0.0260125 0.00848829 0.011817 0.00826179 0.0124248 0.00850828 0.0100218 0.0178901 0.00824507 0.0188769 0.0115576 0.0189526 0.00954446 0.00922671 0.00998766 0.010566 0.0136589 0.00836796 0.00877526 0.00853763 0.00842689 0.00840715 0.00859058 0.0108698 0.00795488 0.0083103 0.00816873 0.00832566 0.00810322 0.0083112 0.00838485 0.00927348 0.00788966 0.00802178 0.00821284 0.00819857 0.00814606 0.00801903 0.00824048 0.00851833 0.00794664 0.00795395 
0.0100588 0.0102788 0.0115025 0.0112225 0.00990324 0.00904632 0.00914099 0.00906243 0.0100139 0.0169027 0.0171696 0.0105438 0.0105043 0.0115268 0.0100477 0.00987108 0.00967124 0.0323587 0.00700158 0.0064352 0.00678228 0.00624292 0.00515869 0.00440703 0.00693011 0.996134 0 0.00325368 0.00318343 0.00316732 0.00329641 0.00324885 0.00329311 0.00658303 0.0180135 0.00926566 0.0101536 0.011117 0.0129337 0.0360673 0.0116629 0.0100196 0.00985806 0.0197705 0.0126001 0.0152439 0.0117733 0.0103443 0.00980969 0.0156133 0.0100328 0.00898508 0.00920696 0.00877582 0.0088679 0.00891942 0.0129894 0.00820979 0.00813901 0.00825864 0.00837549 0.00846145 0.00878933 0.0094276 0.00883795 0.00839817 0.00789647 0.00810801 0.00815277 0.00818077 0.00818534 0.00827827 0.0085927 0.00811339 0.00785391 0.00826294 
0.00879005 0.0124094 0.0165494 0.0135041 0.0114055 0.0102218 0.0100268 0.00929329 0.0106462 0.00892692 0.0109388 0.0167079 0.0144956 0.0155203 0.0117333 0.0114453 0.0159932 0.00962187 0.00724909 0.00767292 0.00930765 0.00719912 0.00791525 0.00796213 0.994638 0.00640137 0.00325368 0 0.00316954 0.00316464 0.00319831 0.00319919 0.00341794 0.0035407 0.00853906 0.012322 0.00987772 0.0120847 0.0237727 0.0272069 0.010843 0.0114573 0.0119301 0.0105101 0.00895746 0.012096 0.0251981 0.0183713 0.0174177 0.00965726 0.00901884 0.0107873 0.0129611 0.0110533 0.0101584 0.0107626 0.00842445 0.00809501 0.00845477 0.00903689 0.00915033 0.00969038 0.00932557 0.00840274 0.0079092 0.00782169 0.007908 0.00792892 0.00803367 0.00854372 0.00884657 0.00859375 0.0082632 0.00794375 0.00812777 0.00804193 
0.00882375 0.0139516 0.0207344 0.0286738 0.0162861 0.017013 0.0136573 0.0100292 0.00929007 0.00878 0.0105255 0.0180215 0.0284045 0.0198397 0.026529 0.0179875 0.0130316 0.00920048 0.00741395 0.00855141 0.0117749 0.00905725 0.0124878 0.964415 0.00979035 0.01406 0.00318343 0.00316954 0 0.00315084 0.00315144 0.00322321 0.00317562 0.00337839 0.00818829 0.012324 0.0115089 0.0399862 0.0304951 0.0325513 0.00927174 0.0105604 0.0169862 0.0104908 0.00878875 0.0120755 0.0292354 0.0534358 0.0176112 0.0111834 0.00931977 0.0149079 0.0249868 0.0218673 0.0202047 0.00999339 0.00869922 0.0081058 0.00940447 0.010418 0.0130866 0.0131393 0.0101576 0.00849866 0.00786441 0.00790076 0.00794638 0.00780351 0.00818812 0.00888865 0.0102529 0.00905667 0.00856328 0.00806145 0.00816024 0.00808599 
0.00921093 0.0105854 0.0218545 0.0173401 0.0244383 0.0140941 0.0120121 0.0100256 0.00867061 0.00865676 0.0109277 0.0142458 0.0184053 0.0258447 0.0224483 0.0146622 0.00925929 0.00905926 0.00884007 0.00759385 0.0101011 0.0107535 0.949615 0.0191809 0.00584613 0.00406725 0.00316732 0.00316464 0.00315084 0 0.00316132 0.00317324 0.00317064 0.00319812 0.0104698 0.0081237 0.0388623 0.0216745 0.0360293 0.011364 0.00891005 0.0121107 0.0103433 0.011109 0.00866493 0.0121387 0.0227825 0.0331445 0.0189527 0.0105966 0.00935101 0.0111459 0.0247205 0.0222554 0.0149074 0.0100157 0.00891623 0.00830031 0.00844943 0.0106428 0.0115697 0.0120704 0.00929947 0.00838625 0.00780793 0.00785443 0.00791121 0.00790567 0.00816785 0.00865102 0.00985512 0.0086611 0.00846393 0.00826399 0.00810918 0.00800134 
0.00905922 0.00960389 0.0212635 0.0231462 0.0166583 0.0120974 0.0109424 0.0098945 0.00856469 0.00858775 0.00984024 0.0127535 0.0206586 0.0244833 0.0152389 0.0144835 0.00888055 0.00989171 0.00809521 0.00942777 0.0127141 0.961072 0.0211951 0.0169259 0.0056776 0.00582009 0.00329641 0.00319831 0.00315144 0.00316132 0 0.00316151 0.00323827 0.00321097 0.00794787 0.0251172 0.0440772 0.0313921 0.0145443 0.00847501 0.00870254 0.0106211 0.00984424 0.0104172 0.00850204 0.0109083 0.018384 0.0278409 0.0138845 0.00934391 0.0092914 0.0101192 0.0184782 0.0170068 0.0124483 0.00930196 0.0085046 0.00832444 0.00837579 0.00973916 0.0103216 0.0105069 0.00883495 0.00836811 0.00781891 0.00793058 0.00791989 0.00779777 0.0081384 0.0086659 0.00923779 0.00851946 0.00811364 0.00812809 0.0080871 0.00796876 
0.00841409 0.0128207 0.0177723 0.0287159 0.0115382 0.0117543 0.0110956 0.00888287 0.00923516 0.00828925 0.0095617 0.0141048 0.0365655 0.0143503 0.0284032 0.0100035 0.0134835 0.00824336 0.00996247 0.0104851 0.967525 0.0213542 0.0165072 0.00666994 0.0125244 0.00479593 0.00324885 0.00319919 0.00322321 0.00317324 0.00316151 0 0.00316154 0.00320101 0.0387692 0.0606744 0.0282831 0.0256012 0.0103299 0.0081324 0.00892649 0.009151 0.0179522 0.00899152 0.00846754 0.0102044 0.019296 0.0341672 0.0119321 0.00974876 0.0086235 0.0111947 0.0171476 0.0140745 0.0130507 0.00891959 0.00829644 0.0079977 0.00863959 0.00901593 0.0104047 0.00991166 0.00873334 0.00823449 0.00780269 0.00781124 0.00788704 0.0078776 0.00820771 0.00844561 0.00960534 0.00855015 0.00809616 0.00805445 0.00807319 0.0080054 
0.010793 0.0100428 0.0208703 0.0105052 0.0137809 0.00931915 0.00887594 0.00984323 0.00868496 0.00882257 0.0125769 0.0191723 0.0121462 0.0230833 0.0102303 0.0164057 0.00912587 0.0105684 0.0181693 0.955861 0.0165082 0.0183355 0.00849108 0.0154473 0.00639745 0.00769855 0.00329311 0.00341794 0.00317562 0.00317064 0.00323827 0.00316154 0 0.00317151 0.0590324 0.029351 0.0276895 0.00810476 0.0135979 0.00764346 0.0088505 0.0310964 0.00933693 0.0146572 0.0095421 0.0129309 0.0203821 0.0162853 0.0275809 0.0105004 0.0103461 0.0102584 0.0126043 0.0116859 0.00967679 0.00979784 0.00861938 0.00838574 0.00849414 0.00980787 0.00897172 0.00914119 0.00874393 0.00851508 0.0078657 0.00796478 0.00780629 0.00798361 0.00809488 0.00891534 0.0086163 0.00867784 0.00811187 0.0080947 0.00811129 0.00794568 
0.0116786 0.0106256 0.00942374 0.013438 0.00923635 0.00904948 0.00935071 0.00849583 0.00875695 0.00898192 0.0226744 0.0107537 0.0129701 0.010242 0.0155648 0.00887444 0.0134445 0.00944722 0.954994 0.0132925 0.0131867 0.00824404 0.0139007 0.0073647 0.0101586 0.00597704 0.00658303 0.0035407 0.00337839 0.00319812 0.00321097 0.00320101 0.00317151 0 0.0427085 0.032208 0.0070577 0.00990478 0.0079788 0.0135924 0.0170187 0.00899102 0.0137521 0.011821 0.0185156 0.0172886 0.0107826 0.0120128 0.0117642 0.0222554 0.0104067 0.00951326 0.00959579 0.00920153 0.00931775 0.00882242 0.00896524 0.00884572 0.00836914 0.0083182 0.00887665 0.00849023 0.00878969 0.00847428 0.00845565 0.00891002 0.00798166 0.00790356 0.00885445 0.00819356 0.0084671 0.00816368 0.00858833 0.0081121 0.00792432 0.00799297 
0.0108862 0.00904993 0.0140721 0.00911401 0.0113354 0.00921958 0.0088074 0.0094089 0.00888637 0.0188725 0.0174478 0.0118599 0.0109759 0.0144326 0.00968094 0.0182895 0.0098321 0.0516445 0.0167146 0.0171156 0.00990448 0.0165744 0.00952566 0.0176382 0.0100218 0.0260125 0.0180135 0.00853906 0.00818829 0.0104698 0.00794787 0.0387692 0.0590324 0.0427085 0 0.00330773 0.00320413 0.00323509 0.00330906 0.00502699 0.0400416 0.0168981 0.0102159 0.0483789 0.0154654 0.0314109 0.0144178 0.0116063 0.013064 0.0181378 0.0164635 0.00960019 0.0103766 0.00988011 0.00926453 0.0109558 0.0127048 0.0094202 0.00826077 0.00923548 0.0086336 0.00907942 0.00942205 0.0125307 0.00938137 0.00888988 0.00804354 0.00856138 0.00830242 0.00872292 0.00836388 0.0087575 0.00916222 0.00833013 0.00787864 0.00873255 
0.00844749 0.0211382 0.0120581 0.0411089 0.0103748 0.0161516 0.0123865 0.00849102 0.0137196 0.00856902 0.0116674 0.0194769 0.0320888 0.01372 0.088789 0.0101093 0.0642774 0.00888707 0.0148117 0.0120444 0.0376064 0.0110157 0.0608054 0.0108725 0.030966 0.00848829 0.00926566 0.012322 0.012324 0.0081237 0.0251172 0.0606744 0.029351 0.032208 0.00330773 0 0.00316628 0.00320188 0.00321687 0.00333214 0.0303216 0.0147244 0.0734017 0.00977028 0.0122315 0.019071 0.0519724 0.0415644 0.0188961 0.0151509 0.00927827 0.0270098 0.0202758 0.0181246 0.0204314 0.0134077 0.00899205 0.00819555 0.0123967 0.00913447 0.0154826 0.0122562 0.0132153 0.00867764 0.00795078 0.00787246 0.00796801 0.00788362 0.00838705 0.00865392 0.0106229 0.00937942 0.00850002 0.00802886 0.00830226 0.00810431 
0.0103865 0.00930455 0.108308 0.0148503 0.062676 0.0129342 0.0105052 0.0230741 0.0084444 0.00877909 0.0119256 0.0215773 0.0231259 0.182973 0.0137734 0.163736 0.00891659 0.0108604 0.0103493 0.0368783 0.0125437 0.126986 0.0115442 0.0920229 0.00869592 0.011817 0.0101536 0.00987772 0.0115089 0.0388623 0.0440772 0.0282831 0.0276895 0.0070577 0.00320413 0.00316628 0 0.00315792 0.00317161 0.00320676 0.022505 0.135848 0.00977905 0.0253527 0.00875645 0.0238137 0.043124 0.0665294 0.0423345 0.010603 0.0141542 0.0146887 0.0647366 0.0523576 0.0245703 0.0136021 0.00945228 0.00929962 0.00873257 0.0299397 0.0157632 0.0251929 0.0115773 0.00907267 0.00784526 0.0080463 0.00801439 0.0078614 0.00817437 0.0114437 0.0120362 0.0104842 0.00887648 0.00854647 0.00830433 0.00841958 
0.0085957 0.0255016 0.0144928 0.0865312 0.011431 0.0167241 0.0196683 0.00880023 0.00979394 0.00847202 0.0118274 0.0155793 0.103554 0.0173507 0.164289 0.009998 0.0220718 0.00850064 0.0141837 0.0107652 0.107089 0.0116732 0.100537 0.0102415 0.0230907 0.00826179 0.011117 0.0120847 0.0399862 0.0216745 0.0313921 0.0256012 0.00810476 0.00990478 0.00323509 0.00320188 0.00315792 0 0.0031586 0.00321987 0.0378457 0.0143962 0.0873423 0.0108836 0.00966045 0.0142225 0.0472988 0.090167 0.0176745 0.0140387 0.00990625 0.0305005 0.0368284 0.0342642 0.0295144 0.0104079 0.00910997 0.00831592 0.0140279 0.00977821 0.0239888 0.0151464 0.0107121 0.00879408 0.00796134 0.00794753 0.0080492 0.00784445 0.00881998 0.00910592 0.0127746 0.00919337 0.00891322 0.00819151 0.00827288 0.00817669 
0.0118912 0.0097035 0.0276087 0.0101664 0.0154543 0.00986344 0.0086979 0.0101662 0.00845591 0.00856649 0.0123679 0.0343493 0.0114543 0.0548835 0.0100959 0.0217476 0.00889768 0.0106607 0.01133 0.0346494 0.0104383 0.0367503 0.00995268 0.0225623 0.00863106 0.0124248 0.0129337 0.0237727 0.0304951 0.0360293 0.0145443 0.0103299 0.0135979 0.0079788 0.00330906 0.00321687 0.00317161 0.0031586 0 0.00321103 0.0104843 0.0781914 0.031865 0.0517908 0.0104597 0.0192092 0.0291898 0.0204721 0.0361924 0.0115192 0.0128945 0.011568 0.0189791 0.0156158 0.0102303 0.0115248 0.00904858 0.0104716 0.00842761 0.012523 0.0102193 0.0103771 0.00996669 0.00879941 0.00799403 0.00839388 0.00786357 0.00807147 0.00815602 0.00920968 0.00868098 0.00965561 0.00843744 0.00848922 0.00818327 0.007964 
0.0118148 0.00974257 0.00892868 0.0106188 0.00932728 0.00845623 0.00857531 0.00833474 0.00827643 0.00843223 0.0260935 0.00988444 0.0244937 0.00907581 0.0120761 0.00868903 0.0093078 0.00860134 0.0311414 0.00977147 0.0120732 0.0092931 0.0126332 0.00912915 0.0100394 0.00850828 0.0360673 0.0272069 0.0325513 0.011364 0.00847501 0.0081324 0.00764346 0.0135924 0.00502699 0.00333214 0.00320676 0.00321987 0.00321103 0 0.0369378 0.00994212 0.0255025 0.0377079 0.0197221 0.0227063 0.0118698 0.010732 0.0104286 0.0153577 0.0127375 0.0110394 0.00974561 0.0088709 0.00915502 0.00860332 0.00888893 0.00960879 0.00894849 0.00850388 0.00886949 0.0086196 0.00845025 0.00841008 0.00871264 0.00967901 0.00801439 0.00798249 0.0091547 0.00840148 0.00836921 0.00812916 0.00825625 0.0083373 0.00800087 0.00793649 
0.00838368 0.0086676 0.00816073 0.00938127 0.00813088 0.00821997 0.00824808 0.00794398 0.00847486 0.00905828 0.00948342 0.00864697 0.00862309 0.00840666 0.00924616 0.0082458 0.00981516 0.0100068 0.0113929 0.00854727 0.00959122 0.00879716 0.0106782 0.00865559 0.0134256 0.0100218 0.0116629 0.010843 0.00927174 0.00891005 0.00870254 0.00892649 0.0088505 0.0170187 0.0400416 0.0303216 0.022505 0.0378457 0.0104843 0.0369378 0 0.00327152 0.0055716 0.00357887 0.00693063 0.0282933 0.0139202 0.0113839 0.0112707 0.0191977 0.0107702 0.0112215 0.00955519 0.0090605 0.00948487 0.00891214 0.0103914 0.00844136 0.00896588 0.00811488 0.00970879 0.00834092 0.00888112 0.00991941 0.0098374 0.00895703 0.00814606 0.00852072 0.00850673 0.00802021 0.00829497 0.00819072 0.00872452 0.00789331 0.00786699 0.00835775 
0.00926509 0.00812763 0.0216178 0.00842422 0.0134562 0.00847716 0.00830405 0.0102502 0.00817965 0.00865886 0.0102517 0.0100313 0.00976506 0.0199568 0.00872383 0.0238113 0.00836322 0.0131373 0.00881561 0.0206731 0.00989655 0.0302401 0.00941416 0.0412156 0.00859552 0.0178901 0.0100196 0.0114573 0.0105604 0.0121107 0.0106211 0.009151 0.0310964 0.00899102 0.0168981 0.0147244 0.135848 0.0143962 0.0781914 0.00994212 0.00327152 0 0.00319289 0.00430439 0.00390083 0.0285926 0.0448175 0.0219918 0.0254508 0.00976667 0.0200298 0.0128313 0.0213983 0.0168149 0.00994425 0.0112765 0.010487 0.0112086 0.00835195 0.0213091 0.0096223 0.0125991 0.00955143 0.00975881 0.00846456 0.00888991 0.00813656 0.00836352 0.00797794 0.0104126 0.00918622 0.00918658 0.00840661 0.00901174 0.00823411 0.00813259 
0.00815725 0.0128265 0.00878148 0.0158382 0.00844227 0.0085427 0.00891982 0.00799822 0.00871221 0.0079305 0.00920949 0.009847 0.0137521 0.00943814 0.0220278 0.00853888 0.0177247 0.00809459 0.0131292 0.00951796 0.0277261 0.00960931 0.037775 0.00888891 0.0354182 0.00824507 0.00985806 0.0119301 0.0169862 0.0103433 0.00984424 0.0179522 0.00933693 0.0137521 0.0102159 0.0734017 0.00977905 0.0873423 0.031865 0.0255025 0.0055716 0.00319289 0 0.00318066 0.00450542 0.0155706 0.042159 0.0664798 0.0208716 0.0190908 0.00915329 0.0302943 0.0188781 0.0138582 0.0170724 0.0135283 0.00870202 0.00835895 0.019434 0.00870655 0.0141082 0.0111005 0.0135831 0.00844311 0.00806096 0.0080831 0.00813683 0.00790369 0.00891862 0.00884514 0.0104302 0.00970912 0.00839262 0.00806767 0.00837494 0.00797313 
0.0126909 0.00831944 0.0117969 0.00861153 0.00965972 0.00859699 0.00817614 0.00855983 0.0080842 0.00874117 0.0157828 0.0104406 0.00950015 0.0127083 0.00908773 0.0144046 0.00835789 0.0117729 0.0141976 0.0140878 0.00960875 0.0207765 0.00925724 0.0180601 0.00898931 0.0188769 0.0197705 0.0105101 0.0104908 0.011109 0.0104172 0.00899152 0.0146572 0.011821 0.0483789 0.00977028 0.0253527 0.0108836 0.0517908 0.0377079 0.00357887 0.00430439 0.00318066 0 0.00641601 0.0472164 0.0225475 0.0271488 0.0878103 0.0403232 0.0394104 0.0105038 0.0156368 0.0143245 0.0112337 0.0135053 0.0165789 0.0245523 0.00850744 0.0113698 0.00977815 0.0106417 0.0100237 0.0132368 0.00959765 0.0133013 0.00847861 0.00860123 0.00943377 0.00993501 0.00895829 0.00991421 0.00997157 0.0105625 0.00824977 0.00823952 
0.00898404 0.00823528 0.00817516 0.00819021 0.00817465 0.00800614 0.00802066 0.00798247 0.00811171 0.00925392 0.0105995 0.00861 0.00835664 0.00839757 0.00855054 0.00828166 0.00876051 0.0105942 0.0143929 0.00870776 0.00891604 0.00849958 0.00931577 0.00846486 0.00949077 0.0115576 0.0126001 0.00895746 0.00878875 0.00866493 0.00850204 0.00846754 0.0095421 0.0185156 0.0154654 0.0122315 0.00875645 0.00966045 0.0104597 0.0197221 0.00693063 0.00390083 0.00450542 0.00641601 0 0.0215221 0.0154776 0.0119646 0.0200459 0.0370068 0.0134198 0.012689 0.00900442 0.00945334 0.00885798 0.0101618 0.0137621 0.0104408 0.00849398 0.00833281 0.00850201 0.00841421 0.00946856 0.0119944 0.0161455 0.0146146 0.00837672 0.00937483 0.00926536 0.00829509 0.00812536 0.00843277 0.0105858 0.00837524 0.00803187 0.00904856 
0.00920127 0.00868045 0.0105815 0.00991604 0.00938661 0.00868955 0.00846476 0.00847599 0.00821331 0.0104005 0.0127994 0.0109546 0.0106277 0.0124688 0.010293 0.0125715 0.00916094 0.0138689 0.0131934 0.0161321 0.0122642 0.0183935 0.0115658 0.0139388 0.010121 0.0189526 0.0152439 0.012096 0.0120755 0.0121387 0.0109083 0.0102044 0.0129309 0.0172886 0.0314109 0.019071 0.0238137 0.0142225 0.0192092 0.0227063 0.0282933 0.0285926 0.0155706 0.0472164 0.0215221 0 0.00326853 0.00325215 0.00324635 0.00344638 0.561826 0.0357066 0.0376978 0.014185 0.0144278 0.0136482 0.0218353 0.0175093 0.0113472 0.0144867 0.0132619 0.0145264 0.0127744 0.0196075 0.0106133 0.011323 0.00859677 0.0112326 0.0119892 0.0134424 0.0114793 0.0106185 0.0163029 0.00905635 0.00814884 0.0102775 
0.00842223 0.0111616 0.0166324 0.0174913 0.0118106 0.0111815 0.00981408 0.0087295 0.00860389 0.00824892 0.0103545 0.0179125 0.0230885 0.0263115 0.0225549 0.0145497 0.0115148 0.00879631 0.0109935 0.0273288 0.0360803 0.0350992 0.039974 0.021653 0.0182905 0.00954446 0.0117733 0.0251981 0.0292354 0.0227825 0.018384 0.019296 0.0203821 0.0107826 0.0144178 0.0519724 0.043124 0.0472988 0.0291898 0.0118698 0.0139202 0.0448175 0.042159 0.0225475 0.0154776 0.00326853 0 0.00324406 0.00325451 0.00323493 0.10878 0.631981 0.0585124 0.0972251 0.0296538 0.0307977 0.0114823 0.0120452 0.0230482 0.0281438 0.0587909 0.0464437 0.0332959 0.0111485 0.00872209 0.00903093 0.00880635 0.00841169 0.0102891 0.0381175 0.0280188 0.0240887 0.0102344 0.0086345 0.00893569 0.00854937 
