1D7CB
XSASQFTDPTTGFQFTGITDPVHDVTYGFVFPPLATSGAQSTEFIGEVVAPIASKWIGIALGGAMNNDLLLVAWANGNQIVSSTRWATGYVQPTAYTGTATLTTLPETTINSTHWKWVFRCQGCTEWNNGGGIDVTSQGVLAWAFSNVAVDDPSDPQSTFSEHTDFGFFGIDYSTAHSANYQNYLNGDSG
CECEEEECCCCCCEEEEEEECCCCEEEEEEECCCCCCCCCCCCEEEEEEEECCCCEEEEECCCCCCCCCEEEEEEECCEEEEEEEECCCCCCCEECCCCCEEEECCCCEECCCEEEEEEEEECCCECCCCCECCCCCEEEEEEEEECCCCCCCCCCCCCCCCCCEEEEEEEEHHHCECCCHHHHHCCCCC
0 0 0 0 0 0 0 0 0 0 0 0 0 0 0 0 0 0 0 0 0 0 0 0 0 0 0 0 0 0 0 0 0 0 0 0 0 0 0 0 0 0 0 0 0 0 0 0 0 0 0 0 0 0 0 0 0 0 0 0 0 0 0 0 0 0 0 0 0 0 0 0 0 0 0 0 0 0 0 0 0 0 0 0 0 0 0 0 0 0 0 0 0 0 0 0 0 0 0 0 0 0 0 0 0 0 0 0 0 0 0 0 0 0 0 0 0 0 0 0 0 0 0 0 0 0 0 0 0 0 0 0 0 0 0 0 0 0 0 0 0 0 0 0 0 0 0 0 0 0 0 0 0 0 0 0 0 0 0 0 0 0 0 0 0 0 0 0 0 0 0 0 0 0 0 0 0 0 0 0 0 0 0 0 0 0 0 0 0 0 
0 0 0 0 0 0 0 0 0 0 0 0 0 0 0 0 0 0 0 0 0 0 0 0 0 0 0 0 0 0 0 0 0 0 0 0 0 0 0 0 0 0 0 0 0 0 0 0 0 0 0 0 0 0 0 0 0 0 0 0 0 0 0 0 0 0 0 0 0 0 0 0 0 0 0 0 0 0 0 0 0 0 0 0 0 0 0 0 0 0 0 0 0 0 0 0 0 0 0 0 0 0 0 0 0 0 0 0 0 0 0 0 0 0 0 0 0 0 0 0 0 0 0 0 0 0 0 0 0 0 0 0 0 0 0 0 0 0 0 0 0 0 0 0 0 0 0 0 0 0 0 0 0 0 0 0 0 0 0 0 0 0 0 0 0 0 0 0 0 0 0 0 0 0 0 0 0 0 0 0 0 0 0 0 0 0 0 0 0 0 
0 0.00586693 0.00337427 0.00341117 0.0166695 0.0223603 0.00730242 0.0103951 0.0114532 0.084576 0.0209619 0.0108792 0.0189548 0.0129042 0.00954761 0.0104307 0.0100666 0.0122948 0.0159273 0.0261988 0.0103565 0.00964669 0.0101623 0.0101016 0.010201 0.00989267 0.0156022 0.016508 0.00974069 0.00973818 0.00959041 0.0149091 0.0187364 0.0115514 0.00955028 0.00907031 0.0092429 0.00815755 0.00949139 0.0179922 0.00877465 0.00869239 0.00870434 0.00843799 0.00819536 0.00851408 0.0120435 0.00968594 0.00905976 0.0170378 0.00829711 0.00847506 0.0115887 0.0108842 0.00916098 0.0107216 0.00826439 0.00814474 0.0081203 0.00842497 0.00800686 0.00846171 0.00805945 0.00903191 0.00978744 0.0121091 0.00927693 0.00801609 0.00788292 0.00796293 0.00807795 0.008153 0.00799725 0.00805185 0.00962936 0.00842208 0.00793269 0.00781539 0.00790817 0.0078932 0.00796552 0.00798131 0.00931311 0.0111786 
0.00586693 0 0.00357655 0.00340036 0.00580395 0.00726101 0.00656148 0.0224121 0.834229 0.0191192 0.0137947 0.00915902 0.00940149 0.00863091 0.00949944 0.00983117 0.00999036 0.00983069 0.0174376 0.00995362 0.00908081 0.00956775 0.0106266 0.00970784 0.0101881 0.00940211 0.0133578 0.0100751 0.00900994 0.00972545 0.0098808 0.0120885 0.00978016 0.00929967 0.0103483 0.00962691 0.00856459 0.00817788 0.00845451 0.00867765 0.00830167 0.00866912 0.00880163 0.00851092 0.00839568 0.00864669 0.00946968 0.00793017 0.00810632 0.0101569 0.00810631 0.00809708 0.0103879 0.00822597 0.00817179 0.00814664 0.00801907 0.0085013 0.00854125 0.0083702 0.00831565 0.00835041 0.00808196 0.00871114 0.00809352 0.00835442 0.00797783 0.00789006 0.00789221 0.0080379 0.00812111 0.00829747 0.0081424 0.00801335 0.00830998 0.00784711 0.00787506 0.00789977 0.00790629 0.00787776 0.00799223 0.0079096 0.00833586 0.00808839 
0.00337427 0.00357655 0 0.00350719 0.00324947 0.00663123 0.00807055 0.855841 0.0133568 0.00805679 0.00852283 0.00616138 0.00784431 0.0104723 0.00906018 0.010279 0.0101348 0.0122029 0.00862922 0.00992018 0.00973553 0.00997449 0.0114309 0.0100718 0.0107833 0.0102907 0.00898211 0.00860416 0.00950395 0.0118337 0.0103359 0.00862541 0.00888276 0.011015 0.0115751 0.00946174 0.00896718 0.00825986 0.008015 0.00814012 0.00869494 0.00889956 0.00872384 0.00847422 0.00853603 0.00849889 0.00840531 0.00792653 0.00800742 0.00837112 0.00818118 0.00847243 0.00827387 0.00800521 0.00801285 0.00792276 0.00815029 0.00847282 0.00851328 0.00864314 0.0083042 0.00872703 0.00846775 0.00792967 0.00786712 0.00786069 0.00781761 0.00791581 0.0079575 0.00807892 0.00821677 0.00825944 0.00824416 0.00801109 0.00794236 0.00786581 0.00799294 0.00806231 0.00789962 0.00808832 0.00798733 0.00800449 0.00796093 0.00781819 
0.00341117 0.00340036 0.00350719 0 0.00322878 0.00770479 0.925714 0.0070757 0.0120646 0.0101874 0.00657676 0.00617014 0.00843354 0.00888408 0.0113 0.00949876 0.0117241 0.00987825 0.00901322 0.00924563 0.013376 0.00991301 0.00968084 0.010006 0.00985789 0.0103776 0.00867187 0.00880414 0.0102687 0.0100429 0.0118624 0.0089417 0.00955138 0.0113881 0.0101442 0.00928284 0.00874224 0.00842133 0.00797892 0.00806981 0.00889582 0.0085901 0.00887961 0.00869928 0.00863434 0.00844472 0.0084453 0.00799771 0.00814772 0.00846205 0.00962807 0.00819686 0.00821696 0.00801074 0.00827673 0.00791734 0.00839934 0.00816728 0.0088472 0.00833431 0.00871434 0.00812877 0.00864668 0.00793111 0.00789827 0.00789495 0.00783978 0.00801027 0.00793951 0.00816732 0.00823894 0.00841903 0.00830743 0.00816248 0.00800486 0.0078064 0.00797767 0.00815082 0.00795264 0.00804925 0.00807023 0.00809606 0.0079138 0.00788419 
0.0166695 0.00580395 0.00324947 0.00322878 0 0.980187 0.00608628 0.0100502 0.00702625 0.0059941 0.00621864 0.00573088 0.0129327 0.0102786 0.00914863 0.00987317 0.00847962 0.011111 0.0124801 0.0371781 0.00981432 0.0111565 0.00985725 0.00968889 0.00937149 0.00878004 0.0103198 0.0156849 0.00954433 0.00931249 0.00940957 0.013023 0.0201269 0.0102179 0.00929732 0.00879263 0.00847783 0.0080906 0.00843921 0.0131249 0.00905496 0.00853341 0.00875694 0.00876402 0.00837437 0.00848339 0.00951989 0.00949676 0.00835037 0.017526 0.00834708 0.00842525 0.00876753 0.00990161 0.00816728 0.0103037 0.00821744 0.00827954 0.00811914 0.00845246 0.00806767 0.00837269 0.00797228 0.00832899 0.00845309 0.00975344 0.00929867 0.00821752 0.0080221 0.00810117 0.00826702 0.00814728 0.00810705 0.00805027 0.00813748 0.00832596 0.00805813 0.00799844 0.00804959 0.00797268 0.00802087 0.00787855 0.00833569 0.00935799 
0.0223603 0.00726101 0.00663123 0.00770479 0.980187 0 0.00318813 0.00445115 0.00328563 0.0031755 0.00471243 0.00356889 0.00556092 0.00807362 0.00684103 0.00784272 0.00762395 0.0411614 0.388575 0.013988 0.0100155 0.00929323 0.0121713 0.00915384 0.0112276 0.0108577 0.0190763 0.0130336 0.00948745 0.0106787 0.0104089 0.0200589 0.0138995 0.0104416 0.00953226 0.00983867 0.00861494 0.00868701 0.010623 0.0137662 0.00843825 0.00924248 0.00914125 0.00852384 0.00844131 0.00988266 0.0114033 0.0088767 0.00875898 0.0181958 0.00797082 0.00909711 0.0136144 0.00957187 0.00874766 0.00889191 0.00792268 0.00899876 0.00847509 0.00934151 0.0081325 0.00957205 0.00803278 0.0102458 0.00938733 0.0100328 0.0080495 0.00785299 0.00803936 0.00803773 0.00825193 0.00848489 0.00820104 0.00841169 0.00900036 0.00790773 0.00794732 0.0079297 0.00817582 0.00795343 0.00834691 0.00792684 0.0098316 0.00857074 
0.00730242 0.00656148 0.00807055 0.925714 0.00608628 0.00318813 0 0.00316672 0.00315697 0.00329373 0.00321515 0.00340487 0.00607451 0.00648912 0.00823118 0.00731064 0.0382706 0.440895 0.0121224 0.0109667 0.0172671 0.0161969 0.0107454 0.0222245 0.0117684 0.0156017 0.0114779 0.0110237 0.0234859 0.0119177 0.0283149 0.00950841 0.0122946 0.0228271 0.0192751 0.0121987 0.0116838 0.0101379 0.00845798 0.00820922 0.0135484 0.0111661 0.0115983 0.0115467 0.0140411 0.00947093 0.0100378 0.00807089 0.00832269 0.00807296 0.0154948 0.00853585 0.00843568 0.00803621 0.00851228 0.00796947 0.0108741 0.00870985 0.0154828 0.00936394 0.0175578 0.00827236 0.0139441 0.00802677 0.00790392 0.00783744 0.00781129 0.00816049 0.00827207 0.00890878 0.00956583 0.00972826 0.00994441 0.00882052 0.00852036 0.00806379 0.00810503 0.00899564 0.00814243 0.00889972 0.00819584 0.00848793 0.00796325 0.00788429 
0.0103951 0.0224121 0.855841 0.0070757 0.0100502 0.00445115 0.00316672 0 0.00315182 0.00316722 0.00324701 0.00315936 0.0051791 0.0075463 0.00728698 0.0167868 0.693134 0.012396 0.00720521 0.0123397 0.0120023 0.0146032 0.0259652 0.0145751 0.023057 0.0120932 0.00962858 0.0106678 0.0112811 0.0377264 0.0135869 0.0113449 0.0124267 0.0190562 0.0258999 0.0212764 0.0129321 0.00903763 0.00823771 0.00885551 0.00963133 0.016242 0.0195415 0.0173706 0.0126116 0.0115307 0.0089899 0.00801547 0.00806754 0.00976425 0.00854958 0.00888832 0.00874816 0.00802072 0.00802661 0.0082537 0.00845255 0.0155354 0.014116 0.0189944 0.0106298 0.0163956 0.00850128 0.00836254 0.00789358 0.00785915 0.00789896 0.00810008 0.00887234 0.00899983 0.011674 0.0114479 0.0119144 0.00872237 0.0081605 0.00792803 0.00827162 0.00857312 0.00897989 0.00856509 0.00908169 0.00834133 0.00817179 0.00783954 
0.0114532 0.834229 0.0133568 0.0120646 0.00702625 0.00328563 0.00315697 0.00315182 0 0.0046893 0.00318547 0.00317642 0.00472346 0.00769214 0.0156882 0.887255 0.0150066 0.009609 0.00720648 0.0109851 0.0157716 0.0168613 0.0249278 0.0224278 0.0224061 0.0134085 0.00996442 0.0102669 0.0189576 0.0332377 0.0163624 0.011119 0.0114299 0.0227206 0.0289283 0.0282439 0.015422 0.00962521 0.00843668 0.00879291 0.0106773 0.0176244 0.0260004 0.018703 0.0145522 0.0111783 0.00947199 0.00823424 0.00832602 0.00923693 0.00924906 0.00941455 0.00890497 0.00804674 0.0081468 0.00825598 0.00954843 0.0161012 0.019199 0.0191027 0.0139428 0.0126566 0.00942914 0.00843416 0.00789881 0.00790319 0.0079545 0.00835975 0.0086504 0.00993404 0.0122554 0.0136827 0.0117542 0.00892072 0.00838543 0.0081526 0.00835524 0.00914011 0.00848346 0.00888932 0.00855196 0.00832267 0.00817427 0.00786407 
0.084576 0.0191192 0.00805679 0.0101874 0.0059941 0.0031755 0.00329373 0.00316722 0.0046893 0 0.00315683 0.00315655 0.00574106 0.007446 0.925827 0.0109275 0.0149404 0.00795533 0.00761246 0.0106562 0.0127861 0.0207734 0.0157406 0.0244448 0.0186014 0.0121558 0.0103601 0.0102577 0.014571 0.0209296 0.020943 0.0100273 0.0113502 0.0202835 0.0349468 0.0199289 0.0157992 0.00948799 0.0083075 0.00840237 0.0125088 0.0173343 0.0148921 0.0168315 0.0153342 0.00975544 0.00937191 0.00819328 0.00823651 0.00838355 0.0131651 0.00865566 0.00881957 0.00815265 0.00823125 0.00817515 0.010288 0.0123768 0.0241207 0.0117632 0.0190197 0.00906106 0.0112479 0.00812263 0.00791263 0.00791493 0.00790403 0.00826581 0.00870988 0.00952282 0.0114009 0.011819 0.0102647 0.00875838 0.00850741 0.00794294 0.00823753 0.00901803 0.00836401 0.00915664 0.00836611 0.00894782 0.00800021 0.00783109 
0.0209619 0.0137947 0.00852283 0.00657676 0.00621864 0.00471243 0.00321515 0.00324701 0.00318547 0.00315683 0 0.003217 0.00746692 0.944209 0.00538572 0.00714823 0.00717546 0.00965762 0.00652017 0.0133985 0.0126599 0.011187 0.0166651 0.00983571 0.0110389 0.0114902 0.00896514 0.0102331 0.0108001 0.0136642 0.0144294 0.0118013 0.0123493 0.0150434 0.0122482 0.0118916 0.00900363 0.00908389 0.00819418 0.011155 0.00966707 0.0105987 0.011571 0.010333 0.00927526 0.0104351 0.00903145 0.00877346 0.00822349 0.0168044 0.00851088 0.0100945 0.00848148 0.00877775 0.00826457 0.00917996 0.00844818 0.0112608 0.00918621 0.0108075 0.00846561 0.0102624 0.0082039 0.00840751 0.00798306 0.00863237 0.008304 0.00826867 0.00834235 0.00842245 0.00900393 0.00881138 0.00899253 0.00832638 0.00797582 0.00809052 0.00840052 0.00814681 0.0082186 0.00817542 0.00835124 0.00802519 0.00822101 0.00815698 
0.0108792 0.00915902 0.00616138 0.00617014 0.00573088 0.00356889 0.00340487 0.00315936 0.00317642 0.00315655 0.003217 0 0.912691 0.00370393 0.00421381 0.00404346 0.00527972 0.00578432 0.00568797 0.0121891 0.0112057 0.00961099 0.0093553 0.00947457 0.00922454 0.00932363 0.00990934 0.0143634 0.00935777 0.00939063 0.00985881 0.0110009 0.017489 0.0106791 0.0103952 0.00919605 0.00877624 0.00814081 0.00821246 0.00912842 0.00897585 0.00870477 0.00890672 0.00905759 0.0086376 0.00851528 0.00889441 0.00840421 0.00810165 0.00941648 0.00946329 0.00808547 0.00832626 0.00827246 0.00824557 0.00828501 0.00851708 0.00812632 0.00892623 0.00820506 0.00876225 0.00813007 0.00877652 0.0079472 0.00797879 0.00837715 0.00813221 0.00803794 0.00784576 0.00819597 0.00817158 0.00834591 0.00817769 0.00808051 0.00808348 0.00813892 0.00787094 0.00804908 0.00792459 0.00797794 0.00795221 0.00799024 0.00792261 0.00834067 
0.0189548 0.00940149 0.00784431 0.00843354 0.0129327 0.00556092 0.00607451 0.0051791 0.00472346 0.00574106 0.00746692 0.912691 0 0.00321575 0.00321326 0.00319998 0.00321827 0.0033013 0.00434526 0.0350596 0.0101612 0.0124001 0.0114357 0.0152477 0.0135102 0.115073 0.0307499 0.0173375 0.0167564 0.0104039 0.0168762 0.0183755 0.0295569 0.017193 0.0161261 0.0109111 0.0107369 0.00908036 0.011301 0.0110164 0.0127888 0.0104468 0.0104481 0.0102114 0.010175 0.0100063 0.0183656 0.00860524 0.0109948 0.00964652 0.010782 0.00888459 0.0148208 0.00869105 0.0113907 0.00835894 0.00897233 0.00887728 0.0112784 0.00898273 0.0113498 0.00868277 0.0114094 0.00892229 0.008727 0.00909017 0.0080071 0.00809588 0.00813181 0.00858757 0.00882587 0.00944591 0.00885465 0.00867133 0.0102038 0.00798977 0.00804312 0.00829848 0.00802397 0.00842826 0.00807689 0.00874944 0.00841786 0.0085705 
0.0129042 0.00863091 0.0104723 0.00888408 0.0102786 0.00807362 0.00648912 0.0075463 0.00769214 0.007446 0.944209 0.00370393 0.00321575 0 0.00321089 0.00318377 0.00319995 0.00321732 0.00333543 0.0137654 0.0253829 0.0108492 0.0205239 0.0147313 0.344734 0.0294912 0.0117093 0.012196 0.0131969 0.0303916 0.0150414 0.0128623 0.0142195 0.0343495 0.0177109 0.0188416 0.0103908 0.0111988 0.00914902 0.00949129 0.010701 0.0157098 0.0160367 0.0138289 0.0126695 0.0203454 0.0101987 0.00863286 0.00835215 0.0120377 0.00853148 0.012456 0.00956056 0.00859604 0.00850035 0.00851176 0.00859974 0.0137841 0.0118633 0.0174938 0.00968042 0.015255 0.00891964 0.00939897 0.00804784 0.00802123 0.00789319 0.0081102 0.0085245 0.00885037 0.0105717 0.0100899 0.0105078 0.00965252 0.00828616 0.00796503 0.0081496 0.00841437 0.00893873 0.00827855 0.00856739 0.00814601 0.00860879 0.00784819 
0.00954761 0.00949944 0.00906018 0.0113 0.00914863 0.00684103 0.00823118 0.00728698 0.0156882 0.925827 0.00538572 0.00421381 0.00321326 0.00321089 0 0.00316603 0.00317625 0.00319779 0.00319326 0.0136859 0.0122211 0.0278086 0.0203965 0.491009 0.029427 0.0156099 0.010676 0.0103696 0.0226051 0.0186944 0.032156 0.012129 0.0158195 0.0270372 0.0619989 0.0265758 0.0284574 0.0107594 0.00867843 0.00891011 0.0158315 0.02048 0.0307937 0.0298636 0.0310379 0.0129835 0.0119908 0.00825226 0.00849742 0.00873983 0.0148736 0.00906507 0.00987776 0.00817329 0.00833627 0.00825943 0.0120601 0.0148953 0.04506 0.0205296 0.0398953 0.0109032 0.0176875 0.00867366 0.00801622 0.00798149 0.00796363 0.00839429 0.00963651 0.0117403 0.0153317 0.0163641 0.0165672 0.0095816 0.00864282 0.00808213 0.00838923 0.00981993 0.00854358 0.0100813 0.00856103 0.00870925 0.00820267 0.00791173 
0.0104307 0.00983117 0.010279 0.00949876 0.00987317 0.00784272 0.00731064 0.0167868 0.887255 0.0109275 0.00714823 0.00404346 0.00319998 0.00318377 0.00316603 0 0.00317002 0.00319454 0.00320881 0.0143241 0.0271745 0.0265375 0.539226 0.0248967 0.0291662 0.0141319 0.0109789 0.0116613 0.015919 0.0480763 0.0190672 0.0141965 0.0161974 0.0384519 0.0406117 0.061717 0.0182168 0.0101991 0.00877799 0.00940783 0.0127262 0.034893 0.0392134 0.0315357 0.0181975 0.018854 0.0104814 0.00844188 0.00847486 0.0105042 0.00966704 0.0120631 0.00971198 0.00822659 0.00842997 0.00849401 0.0107109 0.0324154 0.0263382 0.039732 0.0157523 0.0230318 0.0095601 0.00871301 0.00792829 0.00790549 0.00796129 0.00862727 0.010715 0.0118238 0.0196125 0.0200244 0.0171398 0.00977726 0.00856638 0.00820477 0.00850918 0.00919161 0.00993012 0.00898914 0.0092838 0.00843548 0.00823866 0.00790175 
0.0100666 0.00999036 0.0101348 0.0117241 0.00847962 0.00762395 0.0382706 0.693134 0.0150066 0.0149404 0.00717546 0.00527972 0.00321827 0.00319995 0.00317625 0.00317002 0 0.0031615 0.00316874 0.0196445 0.0282989 0.513749 0.0437642 0.0569123 0.0247694 0.0245868 0.0136682 0.0126197 0.024166 0.0335333 0.0353875 0.0116252 0.0192339 0.0413134 0.0976755 0.0372972 0.0348643 0.0108081 0.00857809 0.00886676 0.0235478 0.0370916 0.0435397 0.0336549 0.0293252 0.0143129 0.0111765 0.0084181 0.00864811 0.00919932 0.0150886 0.00986135 0.00972862 0.0082407 0.00830855 0.00834129 0.014998 0.0209983 0.0692548 0.0232733 0.0377493 0.0128922 0.012492 0.00865596 0.00793671 0.00793392 0.00804823 0.00865195 0.0117873 0.0129491 0.0218771 0.0215318 0.0174389 0.0102308 0.00869564 0.00818968 0.00852971 0.0111681 0.00932491 0.010191 0.00877671 0.00949377 0.00818068 0.00792117 
0.0122948 0.00983069 0.0122029 0.00987825 0.011111 0.0411614 0.440895 0.012396 0.009609 0.00795533 0.00965762 0.00578432 0.0033013 0.00321732 0.00319779 0.00319454 0.0031615 0 0.00320344 0.0245574 0.421746 0.0339983 0.0302973 0.0168532 0.0231216 0.028952 0.0148634 0.0117788 0.0171562 0.0294303 0.0374459 0.0189452 0.0155097 0.0412333 0.0251439 0.0241205 0.0130475 0.0123326 0.00862105 0.00997172 0.0130979 0.0198368 0.0221996 0.0184676 0.0125259 0.0218022 0.0110312 0.0093526 0.00877281 0.0124872 0.00900064 0.0123763 0.00931127 0.00879683 0.00835853 0.00926127 0.00932946 0.0188462 0.0136126 0.0188021 0.0111373 0.0133641 0.00890314 0.00946998 0.00807814 0.00822041 0.00801444 0.00863871 0.0088307 0.0097309 0.0111624 0.0117457 0.011414 0.0102582 0.00849482 0.00808394 0.00879985 0.00863559 0.00870717 0.00867307 0.00854025 0.00840359 0.00841699 0.00803763 
0.0159273 0.0174376 0.00862922 0.00901322 0.0124801 0.388575 0.0121224 0.00720521 0.00720648 0.00761246 0.00652017 0.00568797 0.00434526 0.00333543 0.00319326 0.00320881 0.00316874 0.00320344 0 0.168222 0.0144504 0.0140068 0.0101594 0.0125992 0.0110165 0.0119915 0.0121261 0.0156591 0.0129807 0.0109234 0.0179033 0.0204395 0.0320203 0.0130729 0.0137059 0.0103306 0.00990908 0.00871787 0.00915612 0.0129717 0.0114667 0.00984462 0.0110265 0.0104966 0.00995041 0.00999044 0.0136089 0.0103971 0.009026 0.0148773 0.00987019 0.0085735 0.00956169 0.0101619 0.00846619 0.0107893 0.00971303 0.00892521 0.00994311 0.00919321 0.00962939 0.0086963 0.0089384 0.00914845 0.00866296 0.010257 0.0091945 0.00846773 0.0081529 0.00863969 0.00885129 0.00901851 0.00890689 0.00851869 0.00848192 0.00865269 0.00811616 0.00838917 0.00803568 0.00819611 0.00813864 0.00818197 0.0082431 0.00925475 
0.0261988 0.00995362 0.00992018 0.00924563 0.0371781 0.013988 0.0109667 0.0123397 0.0109851 0.0106562 0.0133985 0.0121891 0.0350596 0.0137654 0.0136859 0.0143241 0.0196445 0.0245574 0.168222 0 0.00325962 0.00322839 0.00325985 0.00324795 0.00346779 0.00350522 0.00823266 0.00715308 0.00855184 0.00834532 0.0168474 0.033487 0.0382983 0.0227483 0.0151327 0.0130251 0.0104032 0.0103881 0.0154729 0.0176414 0.0143056 0.0126405 0.0117854 0.011856 0.0103397 0.012413 0.0222352 0.0101464 0.0130855 0.0194706 0.00985038 0.0111167 0.0227744 0.010377 0.0122988 0.00936858 0.009135 0.0102801 0.0118534 0.0106693 0.0105707 0.0105987 0.0151171 0.0116316 0.00993818 0.0101412 0.00815632 0.00820922 0.0085657 0.00866671 0.0100053 0.0103546 0.00968291 0.0102859 0.0125641 0.0081586 0.00819941 0.00819982 0.00820168 0.00824976 0.00842206 0.00848012 0.0102534 0.00895569 
0.0103565 0.00908081 0.00973553 0.013376 0.00981432 0.0100155 0.0172671 0.0120023 0.0157716 0.0127861 0.0126599 0.0112057 0.0101612 0.0253829 0.0122211 0.0271745 0.0282989 0.421746 0.0144504 0.00325962 0 0.0031589 0.00322688 0.00341675 0.00324701 0.00364192 0.00326823 0.00689703 0.0073722 0.0112407 0.0182151 0.0126328 0.0205903 0.037197 0.022912 0.0160871 0.0122886 0.0113537 0.00948235 0.00968367 0.0211731 0.0149659 0.0176105 0.014781 0.0133486 0.0193312 0.0111288 0.00916463 0.00873766 0.0104047 0.0109156 0.0131898 0.0102902 0.00894223 0.00881011 0.00834089 0.0101834 0.0137387 0.0189725 0.0182666 0.0132974 0.0216081 0.0113233 0.00906699 0.00805079 0.00804603 0.00802287 0.00868301 0.00907658 0.0106271 0.0133045 0.0143948 0.015354 0.0103623 0.00887292 0.00807028 0.00864347 0.00908594 0.00873537 0.00913401 0.00872453 0.0086611 0.00847142 0.00788119 
0.00964669 0.00956775 0.00997449 0.00991301 0.0111565 0.00929323 0.0161969 0.0146032 0.0168613 0.0207734 0.011187 0.00961099 0.0124001 0.0108492 0.0278086 0.0265375 0.513749 0.0339983 0.0140068 0.00322839 0.0031589 0 0.00318014 0.00320053 0.00320999 0.00320543 0.00328365 0.0055391 0.00904886 0.0106565 0.0183571 0.0182515 0.016751 0.0266893 0.0328514 0.0260354 0.0159803 0.0108832 0.00865374 0.00936256 0.0139226 0.0261649 0.0252576 0.0274763 0.0234994 0.0148321 0.0124526 0.00849519 0.00862478 0.00948475 0.0146119 0.00966424 0.00989362 0.00846179 0.00848778 0.00850599 0.0137387 0.0177944 0.0538988 0.0218559 0.061238 0.0134309 0.0173142 0.00874146 0.00810564 0.0079837 0.00797485 0.00864557 0.0107883 0.0143805 0.0230909 0.0310032 0.0246383 0.0107216 0.00894754 0.00824804 0.00868384 0.011451 0.0096918 0.0104009 0.00975382 0.00914168 0.00814036 0.00800657 
0.0101623 0.0106266 0.0114309 0.00968084 0.00985725 0.0121713 0.0107454 0.0259652 0.0249278 0.0157406 0.0166651 0.0093553 0.0114357 0.0205239 0.0203965 0.539226 0.0437642 0.0302973 0.0101594 0.00325985 0.00322688 0.00318014 0 0.00320838 0.00323188 0.00319899 0.00323818 0.00614469 0.00798292 0.0176394 0.0238474 0.0328798 0.0241206 0.027255 0.0385569 0.0285683 0.0243173 0.0112815 0.00901893 0.0104451 0.0159173 0.0285993 0.0456228 0.0306626 0.0219668 0.0188637 0.0116054 0.00870634 0.00861905 0.0146041 0.0100646 0.0147792 0.010465 0.00893629 0.00837391 0.00921502 0.0107449 0.0481897 0.0276112 0.0976987 0.015688 0.0382211 0.00941796 0.00953838 0.00808248 0.00813443 0.00811288 0.00876956 0.0129659 0.0141461 0.0315513 0.0280443 0.0228054 0.0107866 0.00892815 0.00818563 0.00891775 0.0107809 0.0116531 0.00957718 0.0114698 0.00845019 0.00862638 0.00803407 
0.0101016 0.00970784 0.0100718 0.010006 0.00968889 0.00915384 0.0222245 0.0145751 0.0224278 0.0244448 0.00983571 0.00947457 0.0152477 0.0147313 0.491009 0.0248967 0.0569123 0.0168532 0.0125992 0.00324795 0.00341675 0.00320053 0.00320838 0 0.00317537 0.00316719 0.00319186 0.00590519 0.0113332 0.0171385 0.0407645 0.0144048 0.0181808 0.0291342 0.0334964 0.0348918 0.0187019 0.0172352 0.0088039 0.00933995 0.0163451 0.026013 0.0321864 0.0307728 0.0224876 0.0133705 0.0118936 0.00860773 0.0087579 0.00961816 0.0170166 0.00975099 0.0118344 0.00856183 0.00859593 0.00855639 0.0179555 0.0157117 0.166706 0.0219424 0.0457748 0.0119494 0.0164538 0.00885799 0.00802822 0.00803831 0.0081159 0.00881681 0.0107058 0.017524 0.0281974 0.0300322 0.0206777 0.010833 0.00920932 0.00835268 0.00848848 0.0113802 0.00937878 0.0119833 0.0093993 0.00989963 0.00828522 0.00799815 
0.010201 0.0101881 0.0107833 0.00985789 0.00937149 0.0112276 0.0117684 0.023057 0.0224061 0.0186014 0.0110389 0.00922454 0.0135102 0.344734 0.029427 0.0291662 0.0247694 0.0231216 0.0110165 0.00346779 0.00324701 0.00320999 0.00323188 0.00317537 0 0.00318947 0.00314021 0.00477252 0.0105242 0.0417765 0.0128742 0.00998879 0.01638 0.0207622 0.0442543 0.0253129 0.0237167 0.00997514 0.00962574 0.0107113 0.0147227 0.0300592 0.0340859 0.025797 0.0194325 0.0157438 0.010895 0.0089185 0.0087506 0.0140225 0.0108671 0.013853 0.0101808 0.00899499 0.00864834 0.00986391 0.0106213 0.0805357 0.0292006 0.0518688 0.0182946 0.0280029 0.00951807 0.00920193 0.00817352 0.00812122 0.00821705 0.00877829 0.0124621 0.0170927 0.0268043 0.0272605 0.0228381 0.0100169 0.00896575 0.00824516 0.00878336 0.0106873 0.0107642 0.00939002 0.0109276 0.00870655 0.00847747 0.00803906 
0.00989267 0.00940211 0.0102907 0.0103776 0.00878004 0.0108577 0.0156017 0.0120932 0.0134085 0.0121558 0.0114902 0.00932363 0.115073 0.0294912 0.0156099 0.0141319 0.0245868 0.028952 0.0119915 0.00350522 0.00364192 0.00320543 0.00319899 0.00316719 0.00318947 0 0.00328351 0.00821218 0.0268885 0.0174532 0.0109782 0.00897649 0.0121239 0.0299304 0.0177544 0.0151013 0.0115423 0.0122797 0.00847799 0.00990485 0.0239358 0.0140905 0.0166314 0.0132917 0.0119687 0.0198512 0.0109296 0.00945749 0.0102002 0.0121063 0.0125525 0.0110041 0.00945945 0.00911866 0.00869068 0.0090147 0.0272821 0.0125596 0.0195521 0.0129452 0.013593 0.0101805 0.0111339 0.00888265 0.00829692 0.00860031 0.00819517 0.00899168 0.00884427 0.00996773 0.0123773 0.0124269 0.0110969 0.0102141 0.00856741 0.00844473 0.00868761 0.00918163 0.00844412 0.00888731 0.00867628 0.00883871 0.00815191 0.00817685 
0.0156022 0.0133578 0.00898211 0.00867187 0.0103198 0.0190763 0.0114779 0.00962858 0.00996442 0.0103601 0.00896514 0.00990934 0.0307499 0.0117093 0.010676 0.0109789 0.0136682 0.0148634 0.0121261 0.00823266 0.00326823 0.00328365 0.00323818 0.00319186 0.00314021 0.00328351 0 0.0198819 0.00908932 0.00433242 0.00611373 0.00815762 0.0276505 0.0137522 0.01089 0.0108032 0.00935976 0.00971504 0.00948972 0.0198233 0.0113497 0.00993674 0.0101438 0.0106303 0.00960194 0.0103804 0.0140257 0.0138954 0.0101172 0.0241949 0.0110084 0.0089265 0.0104362 0.0135343 0.00910809 0.022586 0.00967969 0.00939183 0.00961217 0.009589 0.00956307 0.00882471 0.00876145 0.00884303 0.00920079 0.0111431 0.0103784 0.00890359 0.00838307 0.00876569 0.00915193 0.00908975 0.00922479 0.00852007 0.00879537 0.00960371 0.00834278 0.00828629 0.00810176 0.0082741 0.00817661 0.00836357 0.00827917 0.00997449 
0.016508 0.0100751 0.00860416 0.00880414 0.0156849 0.0130336 0.0110237 0.0106678 0.0102669 0.0102577 0.0102331 0.0143634 0.0173375 0.012196 0.0103696 0.0116613 0.0126197 0.0117788 0.0156591 0.00715308 0.00689703 0.0055391 0.00614469 0.00590519 0.00477252 0.00821218 0.0198819 0 0.00318099 0.00317286 0.00322263 0.00382348 0.0197451 0.00980784 0.0099421 0.0142565 0.210623 0.0123043 0.0129397 0.0123189 0.0118223 0.0106486 0.0103369 0.010838 0.00991547 0.0115185 0.016855 0.0107342 0.0124462 0.0204214 0.00985541 0.00954695 0.0202317 0.00972757 0.0110685 0.00978306 0.00948929 0.0101186 0.0113429 0.0121594 0.00998274 0.00987209 0.00928434 0.0120976 0.00965525 0.00948055 0.00824942 0.00849659 0.00867508 0.00903234 0.00971485 0.00990057 0.00951055 0.00902747 0.0118979 0.00834379 0.00819206 0.00835083 0.00817565 0.00829148 0.00829247 0.00836356 0.00946473 0.00874542 
0.00974069 0.00900994 0.00950395 0.0102687 0.00954433 0.00948745 0.0234859 0.0112811 0.0189576 0.014571 0.0108001 0.00935777 0.0167564 0.0131969 0.0226051 0.015919 0.024166 0.0171562 0.0129807 0.00855184 0.0073722 0.00904886 0.00798292 0.0113332 0.0105242 0.0268885 0.00908932 0.00318099 0 0.00316602 0.00318934 0.00324037 0.0142727 0.0394399 0.0157219 0.472241 0.0146825 0.0274191 0.0083955 0.00922947 0.0205949 0.0129421 0.0151026 0.0154782 0.0130419 0.0141258 0.0108036 0.0098134 0.00960132 0.0114441 0.0170335 0.0116314 0.0107088 0.00924552 0.00909095 0.00883878 0.0149664 0.0113874 0.0377763 0.0135818 0.0217159 0.00972252 0.0158867 0.00881301 0.00816758 0.0081007 0.00807197 0.00911915 0.00906767 0.0126781 0.0146028 0.0170955 0.0148466 0.0122816 0.00910215 0.00816169 0.00872783 0.00952157 0.00866208 0.0100003 0.0088154 0.00948587 0.00816799 0.00801796 
0.00973818 0.00972545 0.0118337 0.0100429 0.00931249 0.0106787 0.0119177 0.0377264 0.0332377 0.0209296 0.0136642 0.00939063 0.0104039 0.0303916 0.0186944 0.0480763 0.0335333 0.0294303 0.0109234 0.00834532 0.0112407 0.0106565 0.0176394 0.0171385 0.0417765 0.0174532 0.00433242 0.00317286 0.00316602 0 0.00315869 0.00318575 0.0172534 0.0199632 0.674649 0.0250644 0.0230707 0.00880984 0.00780909 0.0087005 0.0156468 0.0211919 0.0289128 0.0194925 0.0140672 0.0168412 0.0119733 0.00935168 0.00941951 0.0128664 0.0112813 0.0159009 0.0100736 0.00881907 0.00856246 0.00959506 0.0118575 0.0538354 0.027729 0.0634417 0.0179195 0.047159 0.00991163 0.0098792 0.00818286 0.00805209 0.00808586 0.00913586 0.0151574 0.017209 0.0384048 0.0447752 0.0389766 0.0125104 0.00916823 0.00836715 0.00974724 0.0118072 0.0135486 0.0101343 0.0155627 0.00883771 0.00866789 0.00802091 
0.00959041 0.0098808 0.0103359 0.0118624 0.00940957 0.0104089 0.0283149 0.0135869 0.0163624 0.020943 0.0144294 0.00985881 0.0168762 0.0150414 0.032156 0.0190672 0.0353875 0.0374459 0.0179033 0.0168474 0.0182151 0.0183571 0.0238474 0.0407645 0.0128742 0.0109782 0.00611373 0.00322263 0.00318934 0.00315869 0 0.00336018 0.0194204 0.701088 0.030102 0.0347485 0.017045 0.0168858 0.00744907 0.010486 0.019535 0.0196724 0.0224305 0.0177384 0.0134255 0.0223856 0.0184013 0.0113063 0.011521 0.0123935 0.0205521 0.0141075 0.0116289 0.0096685 0.0100691 0.00960782 0.0230088 0.0123142 0.0410066 0.0151297 0.0377813 0.0108574 0.022504 0.00979411 0.00873909 0.00865862 0.00839434 0.00959936 0.00986695 0.0138547 0.017579 0.0255875 0.0169405 0.0146678 0.00986362 0.00852911 0.00881936 0.0110514 0.0090181 0.0108577 0.00872051 0.00975167 0.00819829 0.00833409 
0.0149091 0.0120885 0.00862541 0.0089417 0.013023 0.0200589 0.00950841 0.0113449 0.011119 0.0100273 0.0118013 0.0110009 0.0183755 0.0128623 0.012129 0.0141965 0.0116252 0.0189452 0.0204395 0.033487 0.0126328 0.0182515 0.0328798 0.0144048 0.00998879 0.00897649 0.00815762 0.00382348 0.00324037 0.00318575 0.00336018 0 0.574497 0.0303411 0.0240074 0.0167011 0.0142994 0.0078852 0.0109528 0.0142145 0.0118568 0.0121346 0.0136501 0.0136782 0.0101372 0.0159758 0.0639776 0.0148343 0.0128963 0.0324333 0.00941182 0.0106424 0.01624 0.0162665 0.00948394 0.0148218 0.00939076 0.0115509 0.00996658 0.01385 0.00946874 0.0117808 0.00885805 0.0138754 0.00964261 0.0117711 0.010027 0.00858574 0.00876766 0.00888904 0.0109009 0.010012 0.0102184 0.0103304 0.011631 0.0092151 0.00847181 0.0084935 0.00839496 0.00838884 0.00836931 0.00849594 0.00900005 0.0101476 
0.0187364 0.00978016 0.00888276 0.00955138 0.0201269 0.0138995 0.0122946 0.0124267 0.0114299 0.0113502 0.0123493 0.017489 0.0295569 0.0142195 0.0158195 0.0161974 0.0192339 0.0155097 0.0320203 0.0382983 0.0205903 0.016751 0.0241206 0.0181808 0.01638 0.0121239 0.0276505 0.0197451 0.0142727 0.0172534 0.0194204 0.574497 0 0.00327836 0.00321062 0.00325437 0.00326189 0.00340943 0.00414337 0.00936885 0.00736944 0.00758708 0.00901607 0.00865038 0.0167827 0.848823 0.0776971 0.0129229 0.0197252 0.0360858 0.0112977 0.0123768 0.0305991 0.0136534 0.0159261 0.0143122 0.0112964 0.0131637 0.0154338 0.0157219 0.0125715 0.0127052 0.0114062 0.0168747 0.0118659 0.013029 0.0089228 0.00923295 0.00973119 0.0106413 0.0135017 0.0141151 0.0128618 0.0111942 0.0199582 0.00902434 0.00848104 0.0090128 0.00845123 0.00886007 0.00873818 0.00915957 0.0116026 0.00956155 
0.0115514 0.00929967 0.011015 0.0113881 0.0102179 0.0104416 0.0228271 0.0190562 0.0227206 0.0202835 0.0150434 0.0106791 0.017193 0.0343495 0.0270372 0.0384519 0.0413134 0.0412333 0.0130729 0.0227483 0.037197 0.0266893 0.027255 0.0291342 0.0207622 0.0299304 0.0137522 0.00980784 0.0394399 0.0199632 0.701088 0.0303411 0.00327836 0 0.00322108 0.00319033 0.00334073 0.00394969 0.00333448 0.00619728 0.00874071 0.00872776 0.0112369 0.0141323 0.901959 0.0271532 0.0122182 0.0125125 0.0116169 0.0185936 0.0234848 0.0182286 0.0146347 0.0118754 0.0105418 0.0101359 0.0229231 0.0204487 0.0460205 0.0272527 0.0286071 0.0131574 0.0196082 0.0103043 0.00879637 0.00864805 0.0084519 0.0107678 0.0120521 0.0192385 0.0230612 0.0323378 0.0251846 0.0172281 0.0107961 0.00885706 0.0102229 0.0120906 0.0103144 0.0104945 0.0105208 0.0113516 0.00894638 0.00832556 
0.00955028 0.0103483 0.0115751 0.0101442 0.00929732 0.00953226 0.0192751 0.0258999 0.0289283 0.0349468 0.0122482 0.0103952 0.0161261 0.0177109 0.0619989 0.0406117 0.0976755 0.0251439 0.0137059 0.0151327 0.022912 0.0328514 0.0385569 0.0334964 0.0442543 0.0177544 0.01089 0.0099421 0.0157219 0.674649 0.030102 0.0240074 0.00321062 0.00322108 0 0.00316881 0.00316961 0.00317105 0.00316846 0.00409664 0.0066913 0.00928183 0.0187729 0.926663 0.0182746 0.0101803 0.00843296 0.00890098 0.00973344 0.0129318 0.014976 0.0140592 0.0113338 0.00894378 0.00902015 0.00956011 0.0166557 0.0372193 0.0581153 0.0594858 0.0319539 0.030749 0.0143469 0.009819 0.00842364 0.00818386 0.00837705 0.00997934 0.0156414 0.0215132 0.0509877 0.0494445 0.0445252 0.0139336 0.00986032 0.00879626 0.00950657 0.0162646 0.0131312 0.0151546 0.0131858 0.010507 0.00872106 0.00814158 
0.00907031 0.00962691 0.00946174 0.00928284 0.00879263 0.00983867 0.0121987 0.0212764 0.0282439 0.0199289 0.0118916 0.00919605 0.0109111 0.0188416 0.0265758 0.061717 0.0372972 0.0241205 0.0103306 0.0130251 0.0160871 0.0260354 0.0285683 0.0348918 0.0253129 0.0151013 0.0108032 0.0142565 0.472241 0.0250644 0.0347485 0.0167011 0.00325437 0.00319033 0.00316881 0 0.00315581 0.00314331 0.00315233 0.00372387 0.00658315 0.0165283 0.943267 0.022925 0.00849823 0.0103694 0.00749064 0.00856539 0.00969195 0.0124427 0.0118859 0.012514 0.0110466 0.00879469 0.00866653 0.00957382 0.0127245 0.0284572 0.0487334 0.0370311 0.029605 0.0243176 0.0115448 0.00990306 0.00836817 0.00819401 0.00838944 0.0094161 0.014046 0.0205259 0.0340025 0.0461842 0.0300584 0.0132953 0.0094175 0.00842192 0.0100913 0.0115824 0.0143621 0.0114528 0.0116067 0.00906019 0.00876739 0.0081894 
0.0092429 0.00856459 0.00896718 0.00874224 0.00847783 0.00861494 0.0116838 0.0129321 0.015422 0.0157992 0.00900363 0.00877624 0.0107369 0.0103908 0.0284574 0.0182168 0.0348643 0.0130475 0.00990908 0.0104032 0.0122886 0.0159803 0.0243173 0.0187019 0.0237167 0.0115423 0.00935976 0.210623 0.0146825 0.0230707 0.017045 0.0142994 0.00326189 0.00334073 0.00316961 0.00315581 0 0.0031417 0.00317062 0.00356505 0.0110955 0.956656 0.0244386 0.00895983 0.00601769 0.0101559 0.00634444 0.00779818 0.00882225 0.0104758 0.0116286 0.0100386 0.00954274 0.00858241 0.00859606 0.00888945 0.010969 0.0164522 0.0245558 0.0216192 0.0166732 0.0130749 0.0108166 0.00874871 0.00812025 0.00807785 0.00817554 0.00909825 0.0102916 0.0126191 0.0227953 0.021166 0.0169022 0.00962909 0.00889342 0.00821092 0.00850298 0.0120327 0.00934729 0.0105112 0.00959151 0.00884125 0.00845048 0.00795478 
0.00815755 0.00817788 0.00825986 0.00842133 0.0080906 0.00868701 0.0101379 0.00903763 0.00962521 0.00948799 0.00908389 0.00814081 0.00908036 0.0111988 0.0107594 0.0101991 0.0108081 0.0123326 0.00871787 0.0103881 0.0113537 0.0108832 0.0112815 0.0172352 0.00997514 0.0122797 0.00971504 0.0123043 0.0274191 0.00880984 0.0168858 0.0078852 0.00340943 0.00394969 0.00317105 0.00314331 0.0031417 0 0.00323125 0.00610076 0.996936 0.00397555 0.00657569 0.00450968 0.00602646 0.00600614 0.00575978 0.00753052 0.00854269 0.0101419 0.0120322 0.00909477 0.00861747 0.00877683 0.00847409 0.00871417 0.010931 0.0101675 0.0103756 0.00972775 0.0105079 0.0089883 0.00931065 0.00863103 0.00832337 0.00835641 0.0082809 0.00869865 0.00842052 0.00901412 0.0096988 0.010157 0.00975596 0.00932649 0.00829579 0.00803323 0.00830031 0.00839754 0.0080942 0.00833385 0.00819632 0.00852521 0.00796227 0.00802914 
0.00949139 0.00845451 0.008015 0.00797892 0.00843921 0.010623 0.00845798 0.00823771 0.00843668 0.0083075 0.00819418 0.00821246 0.011301 0.00914902 0.00867843 0.00877799 0.00857809 0.00862105 0.00915612 0.0154729 0.00948235 0.00865374 0.00901893 0.0088039 0.00962574 0.00847799 0.00948972 0.0129397 0.0083955 0.00780909 0.00744907 0.0109528 0.00414337 0.00333448 0.00316846 0.00315233 0.00317062 0.00323125 0 0.998551 0.00357843 0.00333161 0.00336619 0.00364502 0.00356787 0.00451789 0.00447146 0.00813969 0.00758365 0.0204198 0.00850076 0.00841962 0.0093432 0.010709 0.00859535 0.0119421 0.00905787 0.00886118 0.00879786 0.00900595 0.00858242 0.00861099 0.00835539 0.00956363 0.00886733 0.00984085 0.00943857 0.00825656 0.00807285 0.00814748 0.00854298 0.0085447 0.00836268 0.008218 0.00862177 0.0088684 0.00802591 0.00797669 0.0079835 0.008016 0.00799284 0.00811604 0.00829983 0.00877759 
0.0179922 0.00867765 0.00814012 0.00806981 0.0131249 0.0137662 0.00820922 0.00885551 0.00879291 0.00840237 0.011155 0.00912842 0.0110164 0.00949129 0.00891011 0.00940783 0.00886676 0.00997172 0.0129717 0.0176414 0.00968367 0.00936256 0.0104451 0.00933995 0.0107113 0.00990485 0.0198233 0.0123189 0.00922947 0.0087005 0.010486 0.0142145 0.00936885 0.00619728 0.00409664 0.00372387 0.00356505 0.00610076 0.998551 0 0.00323704 0.00317144 0.00320677 0.00320016 0.00319471 0.00378595 0.00504234 0.00839037 0.0105603 0.046218 0.00819434 0.0110887 0.0218959 0.013456 0.010689 0.0136364 0.00871161 0.010011 0.00899535 0.00986884 0.0089008 0.0111409 0.0084791 0.0133278 0.0116299 0.0113964 0.00914821 0.00836689 0.00838577 0.0084155 0.00880038 0.0088958 0.0087869 0.0089906 0.0113954 0.00829494 0.00821904 0.00805548 0.00812363 0.00798853 0.00826831 0.00814176 0.0107061 0.00901627 
0.00877465 0.00830167 0.00869494 0.00889582 0.00905496 0.00843825 0.0135484 0.00963133 0.0106773 0.0125088 0.00966707 0.00897585 0.0127888 0.010701 0.0158315 0.0127262 0.0235478 0.0130979 0.0114667 0.0143056 0.0211731 0.0139226 0.0159173 0.0163451 0.0147227 0.0239358 0.0113497 0.0118223 0.0205949 0.0156468 0.019535 0.0118568 0.00736944 0.00874071 0.0066913 0.00658315 0.0110955 0.996936 0.00357843 0.00323704 0 0.00317309 0.00317665 0.00316839 0.00319613 0.00332583 0.00369406 0.00696144 0.00905797 0.0097471 0.0296059 0.0137971 0.0138015 0.0100644 0.0102863 0.00881656 0.0167796 0.010301 0.0221833 0.0125071 0.015501 0.0099206 0.0242119 0.00968257 0.00854785 0.00855001 0.00833987 0.0096853 0.00933852 0.0115229 0.0123512 0.013839 0.0135477 0.0120831 0.00941302 0.00830752 0.00895023 0.00940095 0.00848419 0.00920943 0.00864378 0.00973751 0.00825293 0.00817324 
0.00869239 0.00866912 0.00889956 0.0085901 0.00853341 0.00924248 0.0111661 0.016242 0.0176244 0.0173343 0.0105987 0.00870477 0.0104468 0.0157098 0.02048 0.034893 0.0370916 0.0198368 0.00984462 0.0126405 0.0149659 0.0261649 0.0285993 0.026013 0.0300592 0.0140905 0.00993674 0.0106486 0.0129421 0.0211919 0.0196724 0.0121346 0.00758708 0.00872776 0.00928183 0.0165283 0.956656 0.00397555 0.00333161 0.00317144 0.00317309 0 0.00322204 0.00318741 0.00317314 0.00321286 0.00325999 0.0067757 0.00816127 0.0135027 0.0104684 0.0157626 0.0108795 0.00897822 0.0085735 0.00921287 0.0101229 0.0239095 0.0245661 0.0323084 0.0161892 0.022302 0.00986016 0.0095246 0.00841435 0.00825675 0.00830827 0.0090134 0.0120605 0.0147202 0.0302871 0.0298998 0.0264381 0.0110629 0.00924526 0.00840746 0.00907706 0.0112176 0.0113978 0.01038 0.0112018 0.00916178 0.0086081 0.00805739 
0.00870434 0.00880163 0.00872384 0.00887961 0.00875694 0.00914125 0.0115983 0.0195415 0.0260004 0.0148921 0.011571 0.00890672 0.0104481 0.0160367 0.0307937 0.0392134 0.0435397 0.0221996 0.0110265 0.0117854 0.0176105 0.0252576 0.0456228 0.0321864 0.0340859 0.0166314 0.0101438 0.0103369 0.0151026 0.0289128 0.0224305 0.0136501 0.00901607 0.0112369 0.0187729 0.943267 0.0244386 0.00657569 0.00336619 0.00320677 0.00317665 0.00322204 0 0.00318063 0.0031839 0.00321505 0.00324546 0.0063522 0.00781882 0.0123894 0.0120081 0.0140477 0.0166792 0.00900054 0.00872691 0.0093775 0.0119057 0.0264584 0.030718 0.0350401 0.0238367 0.0219117 0.0106751 0.0102163 0.00864804 0.00842449 0.00831178 0.00984103 0.0138891 0.01973 0.0322462 0.0469636 0.0275871 0.0133891 0.00985059 0.00837635 0.00908857 0.012901 0.0131566 0.0115048 0.0129104 0.00902885 0.00904493 0.00835899 
0.00843799 0.00851092 0.00847422 0.00869928 0.00876402 0.00852384 0.0115467 0.0173706 0.018703 0.0168315 0.010333 0.00905759 0.0102114 0.0138289 0.0298636 0.0315357 0.0336549 0.0184676 0.0104966 0.011856 0.014781 0.0274763 0.0306626 0.0307728 0.025797 0.0132917 0.0106303 0.010838 0.0154782 0.0194925 0.0177384 0.0136782 0.00865038 0.0141323 0.926663 0.022925 0.00895983 0.00450968 0.00364502 0.00320016 0.00316839 0.00318741 0.00318063 0 0.00314907 0.0031897 0.0031998 0.00533731 0.00752917 0.0114405 0.012345 0.0152559 0.0135312 0.00869227 0.00866636 0.00929247 0.0115297 0.0192194 0.0322105 0.0321543 0.0232814 0.0164574 0.01237 0.00948025 0.00835794 0.00834941 0.00813662 0.00917262 0.0111206 0.0161664 0.0296138 0.0290215 0.0255747 0.013431 0.00983313 0.00837258 0.00894122 0.0118595 0.0110217 0.0108412 0.0104861 0.00926324 0.00870783 0.00811259 
