1DJ7B
MNVGDRVRVTSSVVVYHHPEHKKTAFDLQGMEGEVAAVLTEWQGRPISANLPVLVKFEQRFKAHFRPDEVTLI
CCCCCEEEECCCCEECCCCCCCCCCEECCCCEEEEEEECCEECCEECCCCCCEEEEECCCEEEEECHHHEEEC
0 0 0 0 0 0 0 0 0 0 0 0 0 0 0 0 0 0 0 0 0 0 0 0 0 0 0 0 0 0 0 0 0 0 0 0 0 0 0 0 0 0 0 0 0 0 0 0 0 0 0 0 0 0 0 0 0 0 0 0 0 0 0 0 0 0 0 0 0 0 0 0 0 
0 0 0 0 0 0 0 0 0 0 0 0 0 0 0 0 0 0 0 0 0 0 0 0 0 0 0 0 0 0 0 0 0 0 0 0 0 0 0 0 0 0 0 0 0 0 0 0 0 0 0 0 0 0 0 0 0 0 0 0 0 0 0 0 0 0 0 0 0 0 0 0 0 
0 0.00318621 0.00597526 0.00399528 0.0275228 0.0105121 0.017836 0.0264028 0.0319047 0.00839816 0.0686102 0.0085484 0.0196788 0.00965298 0.0600974 0.00933342 0.0102987 0.0102613 0.0149827 0.0138889 0.0135502 0.00865815 0.0299081 0.0113323 0.0098446 0.0155368 0.00834253 0.0192758 0.0116843 0.00845343 0.0109598 0.0119518 
0.00318621 0 0.00320641 0.00432725 0.00508959 0.0185976 0.0267477 0.0115527 0.00816493 0.282153 0.00847868 0.0476205 0.00895876 0.0870297 0.00907762 0.0139256 0.00938367 0.00928364 0.00946647 0.0314749 0.0126672 0.0850195 0.00879607 0.0261891 0.0226826 0.00871572 0.0770847 0.00895847 0.019779 0.0211226 0.00874637 0.0753094 
0.00597526 0.00320641 0 0.00321528 0.0356125 0.0147102 0.0106929 0.0192264 0.135069 0.00876024 0.066072 0.00883047 0.0531744 0.00994144 0.0184209 0.00941109 0.00942525 0.0101301 0.0122762 0.0124107 0.0658858 0.00938707 0.0712599 0.00847802 0.00998785 0.0743987 0.00876473 0.0369517 0.00845826 0.00992025 0.0520184 0.00891613 
0.00399528 0.00432725 0.00321528 0 0.00669949 0.00879282 0.0327315 0.0102016 0.0117898 0.0274964 0.00865891 0.0313466 0.00886035 0.0219021 0.0121102 0.0218617 0.0101663 0.0107235 0.00970086 0.0553442 0.0104152 0.0338321 0.00856897 0.0422123 0.0802104 0.00864317 0.0185606 0.00862656 0.0276355 0.136723 0.00887432 0.0261889 
0.0275228 0.00508959 0.0356125 0.00669949 0 0.00400987 0.0202253 0.39813 0.0294628 0.00964689 0.0161317 0.00880205 0.0135405 0.0106226 0.0359535 0.0103805 0.0136664 0.0117662 0.0270691 0.0154431 0.0188832 0.00911952 0.0197771 0.0111709 0.0105147 0.0180046 0.00888118 0.0133781 0.0128177 0.0094012 0.0161585 0.0121737 
0.0105121 0.0185976 0.0147102 0.00879282 0.00400987 0 0.35008 0.0127737 0.00893089 0.0227587 0.0104337 0.0131314 0.010328 0.0235019 0.0142931 0.0213233 0.00962038 0.0141271 0.0103251 0.0318483 0.0103383 0.0117799 0.00995617 0.0166012 0.0259788 0.00880535 0.0107922 0.00965505 0.0125924 0.0338329 0.00948902 0.0172934 
0.017836 0.0267477 0.0106929 0.0327315 0.0202253 0.35008 0 0.00695779 0.00688487 0.0415098 0.0153973 0.00685164 0.006047 0.00820738 0.0135406 0.00799608 0.0182911 0.00895338 0.0296107 0.0158637 0.0112432 0.0099527 0.00945064 0.0197145 0.016702 0.00947932 0.00927403 0.0090409 0.0235756 0.013182 0.00978514 0.0162144 
0.0264028 0.0115527 0.0192264 0.0102016 0.39813 0.0127737 0.00695779 0 0.0580548 0.00519624 0.00389644 0.00444504 0.00544043 0.00623454 0.00757483 0.00888341 0.00630048 0.010976 0.0098072 0.0150678 0.0101525 0.00842676 0.0123658 0.00922013 0.0115258 0.00976023 0.00852751 0.0115354 0.00980973 0.0122723 0.0113541 0.00977298 
0.0319047 0.00816493 0.135069 0.0117898 0.0294628 0.00893089 0.00688487 0.0580548 0 0.0032277 0.00320948 0.00319316 0.00353796 0.00339711 0.0107912 0.00456261 0.00613481 0.00625196 0.0165534 0.0120201 0.0120753 0.00853149 0.0218747 0.0107143 0.0101979 0.0124792 0.00868118 0.01348 0.014433 0.0091498 0.0104678 0.0156528 
0.00839816 0.282153 0.00876024 0.0274964 0.00964689 0.0227587 0.0415098 0.00519624 0.0032277 0 0.0031782 0.00319249 0.00316212 0.00350512 0.00325472 0.00409414 0.00458259 0.00564922 0.00979837 0.0178917 0.0119612 0.0330498 0.00903353 0.0658768 0.0160177 0.00866996 0.0305493 0.00881276 0.0209706 0.014409 0.00910306 0.0271322 
0.0686102 0.00847868 0.066072 0.00865891 0.0161317 0.0104337 0.0153973 0.00389644 0.00320948 0.0031782 0 0.00310173 0.00321684 0.00318823 0.00372774 0.00351 0.00444759 0.00546249 0.00965202 0.0167057 0.0293041 0.00916299 0.178951 0.00979626 0.00886256 0.0299574 0.00895773 0.0294498 0.00915645 0.00898855 0.0126284 0.010877 
0.0085484 0.0476205 0.00883047 0.0313466 0.00880205 0.0131314 0.00685164 0.00444504 0.00319316 0.00319249 0.00310173 0 0.0031578 0.00321304 0.00319439 0.00346134 0.00397133 0.00528095 0.00711213 0.0187686 0.0110807 0.183146 0.0123551 0.0167917 0.0142881 0.00845161 0.0785551 0.00875823 0.0135957 0.0145642 0.00859562 0.0235968 
0.0196788 0.00895876 0.0531744 0.00886035 0.0135405 0.010328 0.006047 0.00544043 0.00353796 0.00316212 0.00321684 0.0031578 0 0.0031906 0.00321825 0.00330663 0.00390121 0.00525812 0.0123035 0.0133024 0.0377943 0.0225641 0.0248393 0.00907223 0.00920323 0.037107 0.00978568 0.0167476 0.0090399 0.00918778 0.0116913 0.0123139 
0.00965298 0.0870297 0.00994144 0.0219021 0.0106226 0.0235019 0.00820738 0.00623454 0.00339711 0.00350512 0.00318823 0.00321304 0.0031906 0 0.00315842 0.00394393 0.010534 0.00728955 0.0104827 0.0289668 0.0972826 0.0242964 0.0123069 0.0141287 0.0246377 0.0110151 0.023732 0.0107823 0.0118452 0.0227364 0.0106872 0.0204511 
0.0600974 0.00907762 0.0184209 0.0121102 0.0359535 0.0142931 0.0135406 0.00757483 0.0107912 0.00325472 0.00372774 0.00319439 0.00321825 0.00315842 0 0.0176407 0.00380129 0.00853113 0.019219 0.136806 0.0161152 0.00929464 0.0202161 0.0110937 0.0172428 0.0171801 0.00889709 0.0148722 0.0121188 0.0257484 0.0119256 0.014881 
0.00933342 0.0139256 0.00941109 0.0218617 0.0103805 0.0213233 0.00799608 0.00888341 0.00456261 0.00409414 0.00351 0.00346134 0.00330663 0.00394393 0.0176407 0 0.00342884 0.00763916 0.970608 0.00823553 0.0101988 0.00806666 0.00881099 0.0250028 0.0124656 0.00842258 0.00849944 0.00861642 0.023042 0.0117525 0.0100371 0.0223312 
0.0102987 0.00938367 0.00942525 0.0101663 0.0136664 0.00962038 0.0182911 0.00630048 0.00613481 0.00458259 0.00444759 0.00397133 0.00390121 0.010534 0.00380129 0.00342884 0 0.985125 0.00400404 0.00860139 0.00770753 0.00788175 0.00906073 0.00739931 0.0106556 0.0085928 0.00783008 0.00894322 0.00860945 0.0125586 0.00997819 0.0114629 
0.0102613 0.00928364 0.0101301 0.0107235 0.0117662 0.0141271 0.00895338 0.010976 0.00625196 0.00564922 0.00546249 0.00528095 0.00525812 0.00728955 0.00853113 0.00763916 0.985125 0 0.00847326 0.00582657 0.0109101 0.00731109 0.00802873 0.00665681 0.00689936 0.00744341 0.00685637 0.00781194 0.0111261 0.0088219 0.0117793 0.0124624 
0.0149827 0.00946647 0.0122762 0.00970086 0.0270691 0.0103251 0.0296107 0.0098072 0.0165534 0.00979837 0.00965202 0.00711213 0.0123035 0.0104827 0.019219 0.970608 0.00400404 0.00847326 0 0.00903922 0.0110512 0.00549338 0.0110002 0.00651038 0.0116919 0.00867071 0.0070187 0.0106834 0.00831976 0.0271554 0.0131742 0.00978768 
0.0138889 0.0314749 0.0124107 0.0553442 0.0154431 0.0318483 0.0158637 0.0150678 0.0120201 0.0178917 0.0167057 0.0187686 0.0133024 0.0289668 0.136806 0.00823553 0.00860139 0.00582657 0.00903922 0 0.0032843 0.0032651 0.00325709 0.00390171 0.00711054 0.00603877 0.010408 0.0137773 0.957363 0.0132 0.00984184 0.0909778 
0.0135502 0.0126672 0.0658858 0.0104152 0.0188832 0.0103383 0.0112432 0.0101525 0.0120753 0.0119612 0.0293041 0.0110807 0.0377943 0.0972826 0.0161152 0.0101988 0.00770753 0.0109101 0.0110512 0.0032843 0 0.00319434 0.00339157 0.00321782 0.00526902 0.0104103 0.0102076 0.973723 0.00738919 0.00720314 0.0301798 0.015007 
0.00865815 0.0850195 0.00938707 0.0338321 0.00911952 0.0117799 0.0099527 0.00842676 0.00853149 0.0330498 0.00916299 0.183146 0.0225641 0.0242964 0.00929464 0.00806666 0.00788175 0.00731109 0.00549338 0.0032651 0.00319434 0 0.00317432 0.00332049 0.00716988 0.00474707 0.984366 0.00632767 0.00644647 0.0205688 0.00727966 0.049871 
0.0299081 0.00879607 0.0712599 0.00856897 0.0197771 0.00995617 0.00945064 0.0123658 0.0218747 0.00903353 0.178951 0.0123551 0.0248393 0.0123069 0.0202161 0.00881099 0.00906073 0.00802873 0.0110002 0.00325709 0.00339157 0.00317432 0 0.00317032 0.0127952 0.994573 0.00430758 0.0115046 0.00386727 0.00617962 0.0246107 0.0127325 
0.0113323 0.0261891 0.00847802 0.0422123 0.0111709 0.0166012 0.0197145 0.00922013 0.0107143 0.0658768 0.00979626 0.0167917 0.00907223 0.0141287 0.0110937 0.0250028 0.00739931 0.00665681 0.00651038 0.00390171 0.00321782 0.00332049 0.00317032 0 0.98528 0.00338199 0.00405183 0.00354495 0.00614559 0.0598343 0.00646672 0.0211121 
0.0098446 0.0226826 0.00998785 0.0802104 0.0105147 0.0259788 0.016702 0.0115258 0.0101979 0.0160177 0.00886256 0.0142881 0.00920323 0.0246377 0.0172428 0.0124656 0.0106556 0.00689936 0.0116919 0.00711054 0.00526902 0.00716988 0.0127952 0.98528 0 0.00321095 0.00325633 0.00324595 0.0111346 0.0107266 0.00509631 0.0651223 
0.0155368 0.00871572 0.0743987 0.00864317 0.0180046 0.00880535 0.00947932 0.00976023 0.0124792 0.00866996 0.0299574 0.00845161 0.037107 0.0110151 0.0171801 0.00842258 0.0085928 0.00744341 0.00867071 0.00603877 0.0104103 0.00474707 0.994573 0.00338199 0.00321095 0 0.00313876 0.00341502 0.00318751 0.00333588 0.0248443 0.0100346 
0.00834253 0.0770847 0.00876473 0.0185606 0.00888118 0.0107922 0.00927403 0.00852751 0.00868118 0.0305493 0.00895773 0.0785551 0.00978568 0.023732 0.00889709 0.00849944 0.00783008 0.00685637 0.0070187 0.010408 0.0102076 0.984366 0.00430758 0.00405183 0.00325633 0.00313876 0 0.0031379 0.00318264 0.0116859 0.00365764 0.0229246 
0.0192758 0.00895847 0.0369517 0.00862656 0.0133781 0.00965505 0.0090409 0.0115354 0.01348 0.00881276 0.0294498 0.00875823 0.0167476 0.0107823 0.0148722 0.00861642 0.00894322 0.00781194 0.0106834 0.0137773 0.973723 0.00632767 0.0115046 0.00354495 0.00324595 0.00341502 0.0031379 0 0.00330405 0.00338629 0.0113877 0.00799222 
0.0116843 0.019779 0.00845826 0.0276355 0.0128177 0.0125924 0.0235756 0.00980973 0.014433 0.0209706 0.00915645 0.0135957 0.0090399 0.0118452 0.0121188 0.023042 0.00860945 0.0111261 0.00831976 0.957363 0.00738919 0.00644647 0.00386727 0.00614559 0.0111346 0.00318751 0.00318264 0.00330405 0 0.0126387 0.00352895 0.0111742 
0.00845343 0.0211226 0.00992025 0.136723 0.0094012 0.0338329 0.013182 0.0122723 0.0091498 0.014409 0.00898855 0.0145642 0.00918778 0.0227364 0.0257484 0.0117525 0.0125586 0.0088219 0.0271554 0.0132 0.00720314 0.0205688 0.00617962 0.0598343 0.0107266 0.00333588 0.0116859 0.00338629 0.0126387 0 0.00322819 0.00420822 
0.0109598 0.00874637 0.0520184 0.00887432 0.0161585 0.00948902 0.00978514 0.0113541 0.0104678 0.00910306 0.0126284 0.00859562 0.0116913 0.0106872 0.0119256 0.0100371 0.00997819 0.0117793 0.0131742 0.00984184 0.0301798 0.00727966 0.0246107 0.00646672 0.00509631 0.0248443 0.00365764 0.0113877 0.00352895 0.00322819 0 0.00321764 
0.0119518 0.0753094 0.00891613 0.0261889 0.0121737 0.0172934 0.0162144 0.00977298 0.0156528 0.0271322 0.010877 0.0235968 0.0123139 0.0204511 0.014881 0.0223312 0.0114629 0.0124624 0.00978768 0.0909778 0.015007 0.049871 0.0127325 0.0211121 0.0651223 0.0100346 0.0229246 0.00799222 0.0111742 0.00420822 0.00321764 0 
