1DJ9A
SWQEKINAALDARGAADALRRRYPVAQGAGRWLVADDRQYLNFSSNDYLGLSHHPQIIRAWQQGAEQFGIGSGGSGHVSGYSVVHQALEEELAEWLGYSRALLFISGFAANQAVIAAMMAKEDRIAADRLSHASLLEAASLSPSQLRRFAHNDVTHLARLLASPCPGQQMVVTEGVFSMDGDSAPLAEIQQVTQQHNGWLMVDDAHGTGVIGEQGRGSCWLQKVKPELLVVTFGKGFGVSGAAVLCSSTVADYLLQFARHLIYSTSMPPAQAQALRASLAVIRSDEGDARREKLAALITRFRAGVQDLPFTLADSCSAIQPLIVGDNSRALQLAEKLRQQGCWVTGIRPPTVPAGIARLRLTLTAAHEMQDIDRLLEVLHGNG
CHHHHHHHHHHHHHCCCCCCCCCCCCECCCCEEEECCEEEEECCCCCCCCHHHCHHHHHHHHHHHHHHCCCCCCCCCCCCCCHHHHHHHHHHHHHHCCCEEEEECCHHHHHHHHHHHHCCCCCEEEEECCCCHHHHHHHHHCCCEEEEECCCCHHHHHHHHHCCCCCCEEEEEECECCCCCCECCHHHHHHHHHHCCCEEEEECCCCCCCCCHHHCCHHHHCCCCCCEEEEECCCCCCCCCEEEEECHHHHHHHHHHCHHHHCCCCCCHHHHHHHHHHHHHHHCHHHHHHHHHHHHHHHHHHHHHHHCCCCCCCCCCCEECCECCCCECCECCHHHHHHCCEECCEECCCCCCCCCCEECEECCCCCCHHHHHHHHHHHHCCC
0 0 0 0 0 0 0 0 0 0 0 0 0 0 0 0 0 0 0 0 0 0 0 0 0 0 0 0 0 0 0 0 0 0 0 0 0 0 0 0 0 0 0 0 0 0 0 0 0 0 0 0 0 0 0 0 0 0 0 0 0 0 0 0 0 0 0 0 0 0 0 0 0 0 0 0 0 0 0 0 0 0 0 0 0 0 0 0 0 0 0 0 0 0 0 0 0 0 0 0 0 0 0 0 0 0 0 0 0 0 0 0 0 0 0 0 0 0 0 0 0 0 0 0 0 0 0 0 0 0 0 0 0 0 0 0 0 0 0 0 0 0 0 0 0 0 0 0 0 0 0 0 0 0 0 0 0 0 0 0 0 0 0 0 0 0 0 0 0 0 0 0 0 0 0 0 0 0 0 0 0 0 0 0 0 0 0 0 0 0 0 0 0 0 0 0 0 0 0 0 0 0 0 0 0 0 0 0 0 0 0 0 0 0 0 0 0 0 0 0 0 0 0 0 0 0 0 0 0 0 0 0 0 0 0 0 0 0 0 0 0 0 0 0 0 0 0 0 0 0 0 0 0 0 0 0 0 0 0 0 0 0 0 0 0 0 0 0 0 0 0 0 0 0 0 0 0 0 0 0 0 0 0 0 0 0 0 0 0 0 0 0 0 0 0 0 0 0 0 0 0 0 0 0 0 0 0 0 0 0 0 0 0 0 0 0 0 0 0 0 0 0 0 0 0 0 0 0 0 0 0 0 0 0 0 0 0 0 0 0 0 0 0 0 0 0 0 0 0 0 0 0 0 0 0 0 0 0 0 0 0 0 0 0 0 0 0 0 0 0 0 0 0 0 0 0 0 0 0 0 0 0 0 
0 0 0 0 0 0 0 0 0 0 0 0 0 0 0 0 0 0 0 0 0 0 0 0 0 0 0 0 0 0 0 0 0 0 0 0 0 0 0 0 0 0 0 0 0 0 0 0 0 0 0 0 0 0 0 0 0 0 0 0 0 0 0 0 0 0 0 0 0 0 0 0 0 0 0 0 0 0 0 0 0 0 0 0 0 0 0 0 0 0 0 0 0 0 0 0 0 0 0 0 0 0 0 0 0 0 0 0 0 0 0 0 0 0 0 0 0 0 0 0 0 0 0 0 0 0 0 0 0 0 0 0 0 0 0 0 0 0 0 0 0 0 0 0 0 0 0 0 0 0 0 0 0 0 0 0 0 0 0 0 0 0 0 0 0 0 0 0 0 0 0 0 0 0 0 0 0 0 0 0 0 0 0 0 0 0 0 0 0 0 0 0 0 0 0 0 0 0 0 0 0 0 0 0 0 0 0 0 0 0 0 0 0 0 0 0 0 0 0 0 0 0 0 0 0 0 0 0 0 0 0 0 0 0 0 0 0 0 0 0 0 0 0 0 0 0 0 0 0 0 0 0 0 0 0 0 0 0 0 0 0 0 0 0 0 0 0 0 0 0 0 0 0 0 0 0 0 0 0 0 0 0 0 0 0 0 0 0 0 0 0 0 0 0 0 0 0 0 0 0 0 0 0 0 0 0 0 0 0 0 0 0 0 0 0 0 0 0 0 0 0 0 0 0 0 0 0 0 0 0 0 0 0 0 0 0 0 0 0 0 0 0 0 0 0 0 0 0 0 0 0 0 0 0 0 0 0 0 0 0 0 0 0 0 0 0 0 0 0 0 0 0 0 0 0 0 0 0 0 0 0 0 0 
0 0.0197121 0.00453785 0.0119818 0.00982452 0.00771376 0.00684821 0.00673974 0.00862647 0.0868852 0.010045 0.0083606 0.00809624 0.00840486 0.0117559 0.00985698 0.00812819 0.00792914 0.00807623 0.00889052 0.00928639 0.00800356 0.00782883 0.00793544 0.00876068 0.00855821 0.00789448 0.00791557 0.00782039 0.00793684 0.00795436 0.00944887 0.0104767 0.0083955 0.00788981 0.0079229 0.0078683 0.00805429 0.00845898 0.00798667 0.00791192 0.0079369 0.00848404 0.00840252 0.00803389 0.00788714 0.00795123 0.00848128 0.00859658 0.00836342 0.0107724 0.0117766 0.0119531 0.00905491 0.00898989 0.00920127 0.00895314 0.0101287 0.00953123 0.00921899 0.00994875 
0.0197121 0 0.00338826 0.00326261 0.00364789 0.00401095 0.00562615 0.00731546 0.905951 0.0483277 0.0123199 0.00976103 0.0104214 0.0101541 0.0144946 0.0106371 0.00919921 0.00913697 0.00963011 0.00954746 0.00841788 0.00794672 0.00806311 0.00853159 0.00861565 0.00826857 0.00832303 0.00914568 0.0084074 0.00833728 0.00835276 0.00831682 0.00866544 0.007955 0.00803469 0.0083047 0.00820268 0.0083148 0.00807842 0.00812845 0.00826173 0.00814147 0.00847675 0.00796982 0.00809815 0.00813896 0.00821054 0.00843922 0.00813248 0.00833646 0.00877541 0.00850635 0.00874009 0.00820422 0.00846484 0.00836592 0.00841801 0.00860803 0.00878994 0.00847357 0.00916005 
0.00453785 0.00338826 0 0.00315988 0.00321492 0.00364556 0.00668561 0.943694 0.0363372 0.00551297 0.0116191 0.0191204 0.0178891 0.0155685 0.00960608 0.00920215 0.015206 0.0138973 0.00993954 0.00863179 0.00799627 0.00903801 0.00865079 0.00836255 0.00826566 0.00814389 0.00938373 0.00970369 0.00989681 0.00885783 0.00836585 0.00803917 0.00781577 0.00791804 0.00852294 0.00867126 0.00866093 0.0081231 0.00827913 0.00848415 0.00847341 0.00847259 0.00808669 0.0080523 0.00835362 0.00849391 0.00829669 0.00816643 0.00832663 0.0084748 0.00834622 0.00830483 0.00844071 0.0083483 0.00843147 0.00849655 0.00847855 0.00861761 0.00869637 0.0085594 0.00896684 
0.0119818 0.00326261 0.00315988 0 0.00319034 0.00436824 0.981419 0.0066642 0.00512868 0.00648688 0.00952105 0.0116874 0.0185984 0.0199201 0.00947753 0.00966733 0.0117131 0.0116064 0.0115889 0.0083199 0.0087065 0.00812254 0.00834388 0.00833485 0.0079705 0.00824366 0.00901354 0.0102732 0.00916945 0.00867962 0.00821723 0.00800659 0.00798954 0.00809733 0.00836822 0.00847166 0.00847176 0.00800513 0.00828602 0.0084359 0.00834179 0.00829518 0.00806246 0.00812998 0.00842855 0.00828863 0.00820312 0.00804764 0.0083006 0.00851019 0.00841339 0.00826716 0.00829061 0.00829769 0.00839802 0.00834107 0.00846762 0.00850435 0.00838037 0.00837238 0.00876367 
0.00982452 0.00364789 0.00321492 0.00319034 0 0.987147 0.00474953 0.00356301 0.00363073 0.00543623 0.0135973 0.0108462 0.00998982 0.0108234 0.0161026 0.0139061 0.0101846 0.00951457 0.00888944 0.00951832 0.00945522 0.00905703 0.00821537 0.00815882 0.00866236 0.00920387 0.00887842 0.00876407 0.00906892 0.0082783 0.00864389 0.00926735 0.00863536 0.00854099 0.00821938 0.00834965 0.00812404 0.00815712 0.0090676 0.00827843 0.00813629 0.00806694 0.00813397 0.00893055 0.00837226 0.00810357 0.00796437 0.0082372 0.00869625 0.00843476 0.00871229 0.00891347 0.00962696 0.00854501 0.00857514 0.00868851 0.00886379 0.00878907 0.0091687 0.00899186 0.00893654 
0.00771376 0.00401095 0.00364556 0.00436824 0.987147 0 0.00322866 0.00317595 0.00320575 0.00349587 0.0242803 0.00960165 0.0086198 0.00906143 0.0120709 0.00935272 0.00847155 0.00825715 0.00846105 0.00909846 0.00813143 0.00798335 0.00791032 0.008065 0.00876157 0.00793138 0.00791778 0.00808547 0.00799715 0.0079967 0.00806257 0.00812476 0.0086509 0.00787152 0.00788968 0.00789764 0.00794915 0.00798667 0.00823377 0.00794261 0.00801705 0.00794796 0.00816206 0.00806874 0.00800952 0.00796872 0.00799741 0.00824067 0.00805871 0.00837567 0.00879228 0.00855721 0.00901177 0.00818203 0.00838324 0.00827623 0.00835143 0.00832259 0.00852772 0.00838127 0.00898588 
0.00684821 0.00562615 0.00668561 0.981419 0.00474953 0.00322866 0 0.00314965 0.00319559 0.00319087 0.0127995 0.0189603 0.011194 0.0115258 0.00923869 0.00886467 0.0092718 0.0093892 0.00901377 0.00822949 0.00819184 0.00800771 0.00825861 0.00827396 0.00795349 0.00790834 0.00832066 0.0085963 0.00862099 0.00852325 0.0080567 0.00793987 0.00800375 0.00784503 0.00814103 0.00824606 0.00819697 0.00802322 0.00806827 0.00819082 0.00826462 0.00825002 0.00804802 0.00801227 0.00815548 0.00824007 0.00817607 0.00805902 0.00822053 0.0082744 0.008285 0.00823628 0.00831787 0.00824676 0.008263 0.00830002 0.0082634 0.00836998 0.00838076 0.00835742 0.00857924 
0.00673974 0.00731546 0.943694 0.0066642 0.00356301 0.00317595 0.00314965 0 0.00314109 0.00316288 0.0141418 0.0216244 0.0615591 0.0185309 0.0095158 0.00882946 0.0142099 0.0156675 0.00966928 0.00848232 0.00797577 0.00862747 0.00875342 0.008237 0.00806817 0.00814663 0.00879498 0.010837 0.0100952 0.00871715 0.00840296 0.00802222 0.00784709 0.00802523 0.00832734 0.00877596 0.00853489 0.00811472 0.00818188 0.008403 0.0087679 0.00833634 0.00813877 0.00803263 0.00841586 0.00860819 0.00822373 0.00814466 0.00824325 0.00825743 0.00825498 0.00817343 0.00839712 0.0082502 0.00826147 0.00827433 0.00822412 0.00832572 0.00855051 0.00840938 0.00852782 
0.00862647 0.905951 0.0363372 0.00512868 0.00363073 0.00320575 0.00319559 0.00314109 0 0.00342406 0.0163684 0.0293563 0.0426616 0.103447 0.0114799 0.00968013 0.0161106 0.0159617 0.0153348 0.0085464 0.00827387 0.00873906 0.00852596 0.00861419 0.00804557 0.0083184 0.00966455 0.0109452 0.0110111 0.0094897 0.00831127 0.00810422 0.00793853 0.00796864 0.00864106 0.00888664 0.00891347 0.00821018 0.00838018 0.00855154 0.00874538 0.00841439 0.00811741 0.00808045 0.00848124 0.00854217 0.00828465 0.00811968 0.00831298 0.00851009 0.00832817 0.00823695 0.00824978 0.00828894 0.00837821 0.00837091 0.00845266 0.00851777 0.00835521 0.00841402 0.00869391 
0.0868852 0.0483277 0.00551297 0.00648688 0.00543623 0.00349587 0.00319087 0.00316288 0.00342406 0 0.0115113 0.0117818 0.0283185 0.0479654 0.11164 0.0137925 0.0117802 0.0128898 0.0115719 0.0103395 0.0100826 0.00828238 0.00890553 0.00919222 0.00862427 0.00955756 0.0087967 0.00984504 0.00917084 0.00917989 0.00969997 0.00957122 0.00844459 0.00848158 0.00817853 0.00852143 0.00853271 0.008919 0.00876662 0.00833912 0.00849962 0.00832014 0.0083516 0.00844367 0.0083018 0.00836655 0.00814136 0.00813405 0.00834247 0.00849611 0.00865781 0.00844698 0.00840846 0.00831374 0.00848564 0.00846291 0.00866601 0.00867629 0.00838919 0.0086084 0.00879604 
0.010045 0.0123199 0.0116191 0.00952105 0.0135973 0.0242803 0.0127995 0.0141418 0.0163684 0.0115113 0 0.00332306 0.00319282 0.00319557 0.00368179 0.156185 0.01758 0.0118736 0.0114118 0.0137499 0.0182867 0.00874167 0.0088776 0.00915765 0.0125691 0.0139261 0.0113433 0.00950435 0.00973917 0.00914981 0.00963877 0.00945121 0.00954052 0.00845382 0.00818831 0.00822912 0.00866774 0.00936276 0.00913467 0.00827073 0.00825987 0.00824585 0.00874418 0.00836077 0.00811035 0.00823144 0.00814122 0.00862125 0.00792131 0.00806527 0.00828606 0.00809985 0.00828719 0.00812422 0.00811056 0.00814148 0.00817509 0.00818122 0.00833258 0.00821813 0.00839543 
0.0083606 0.00976103 0.0191204 0.0116874 0.0108462 0.00960165 0.0189603 0.0216244 0.0293563 0.0117818 0.00332306 0 0.00317453 0.0032181 0.00331999 0.0820804 0.12888 0.0246777 0.0182915 0.0125921 0.00969967 0.0191209 0.0093371 0.012934 0.0108754 0.0113266 0.0264809 0.0225497 0.021523 0.0125315 0.00933587 0.00900994 0.00841504 0.00821717 0.0108038 0.0098415 0.0110821 0.00892538 0.0088099 0.00966852 0.00905726 0.00983411 0.00877347 0.00809294 0.00899816 0.00881453 0.00892041 0.00853775 0.00814246 0.00815172 0.00807973 0.00807889 0.00819613 0.00817229 0.00816932 0.00819859 0.00819305 0.00825604 0.00833566 0.0082084 0.00849026 
0.00809624 0.0104214 0.0178891 0.0185984 0.00998982 0.0086198 0.011194 0.0615591 0.0426616 0.0283185 0.00319282 0.00317453 0 0.00321867 0.0031892 0.0405623 0.124532 0.149411 0.0250846 0.0108442 0.0098205 0.0105328 0.0281265 0.012812 0.00923237 0.00985183 0.0248114 0.0814914 0.0684589 0.0203499 0.0127912 0.00895586 0.00832548 0.00872628 0.0131296 0.0271839 0.0125921 0.00929978 0.00971446 0.0108638 0.0189083 0.0121252 0.00934347 0.0084868 0.00967827 0.0142437 0.0100668 0.0088304 0.00832468 0.00822845 0.00808729 0.00803019 0.00805224 0.00826791 0.00822639 0.00833833 0.0083025 0.00830013 0.00833899 0.00843547 0.00848845 
0.00840486 0.0101541 0.0155685 0.0199201 0.0108234 0.00906143 0.0115258 0.0185309 0.103447 0.0479654 0.00319557 0.0032181 0.00321867 0 0.00328646 0.0226494 0.0831365 0.111275 0.180835 0.0164599 0.0116999 0.0135185 0.0135626 0.0209944 0.00967593 0.010394 0.0233279 0.0375984 0.0366559 0.0440202 0.0128611 0.0105409 0.00866694 0.00905282 0.0111815 0.0148689 0.0182001 0.00973157 0.00921654 0.012756 0.0128685 0.0116788 0.00919739 0.00859041 0.00983664 0.0101313 0.00942021 0.00931324 0.00822689 0.0082943 0.00815566 0.0080562 0.00815486 0.00821975 0.008177 0.00830558 0.00831352 0.00836836 0.00833714 0.00839838 0.00851956 
0.0117559 0.0144946 0.00960608 0.00947753 0.0161026 0.0120709 0.00923869 0.0095158 0.0114799 0.11164 0.00368179 0.00331999 0.0031892 0.00328646 0 0.0268957 0.0259055 0.0411637 0.0849363 0.146894 0.0158847 0.0113649 0.00883192 0.00929605 0.0163511 0.0169852 0.0109338 0.0118227 0.0116459 0.0230561 0.0145421 0.0179057 0.0118552 0.0124875 0.0093125 0.00923399 0.0103538 0.0125373 0.0131441 0.0101158 0.00935024 0.00937 0.0101426 0.0119047 0.00914476 0.00880794 0.00869136 0.0101934 0.00851153 0.00817602 0.00885404 0.00868762 0.00885842 0.00823624 0.00824461 0.00837522 0.00842587 0.0084592 0.0084553 0.00853261 0.00856119 
0.00985698 0.0106371 0.00920215 0.00966733 0.0139061 0.00935272 0.00886467 0.00882946 0.00968013 0.0137925 0.156185 0.0820804 0.0405623 0.0226494 0.0268957 0 0.00329231 0.00319001 0.00327006 0.00353319 0.566734 0.00940621 0.0126343 0.021566 0.0319071 0.0453294 0.0252037 0.0170488 0.0132201 0.0124305 0.0161415 0.0131897 0.013463 0.011766 0.00986576 0.0108439 0.010824 0.014379 0.0125361 0.0104314 0.00980944 0.0097642 0.0130002 0.0087123 0.00914699 0.00911274 0.0093117 0.0112499 0.00809704 0.00827121 0.00877084 0.00823687 0.00833748 0.0080981 0.00824185 0.00823441 0.00826996 0.00837214 0.00841458 0.00842203 0.00862658 
0.00812819 0.00919921 0.015206 0.0117131 0.0101846 0.00847155 0.0092718 0.0142099 0.0161106 0.0117802 0.01758 0.12888 0.124532 0.0831365 0.0259055 0.00329231 0 0.0031747 0.00321935 0.00323061 0.0189141 0.53629 0.0137047 0.053176 0.0129058 0.0170603 0.0699156 0.0454711 0.0402526 0.0316306 0.0127056 0.0102244 0.00947451 0.00930786 0.0225443 0.0212697 0.0205822 0.0109342 0.0116002 0.0161142 0.0158367 0.0160007 0.00973666 0.00876024 0.0118414 0.013185 0.0109837 0.00908392 0.00830139 0.00835711 0.00818192 0.00795435 0.00808583 0.00819181 0.00829624 0.00830001 0.00832598 0.00858702 0.00848012 0.0083642 0.00872167 
0.00792914 0.00913697 0.0138973 0.0116064 0.00951457 0.00825715 0.0093892 0.0156675 0.0159617 0.0128898 0.0118736 0.0246777 0.149411 0.111275 0.0411637 0.00319001 0.0031747 0 0.00315626 0.00317495 0.0181011 0.0227724 0.568687 0.0145601 0.0169887 0.0122782 0.0272114 0.0920881 0.0747071 0.027203 0.0190203 0.00993777 0.00867483 0.00994533 0.0169478 0.0395747 0.018886 0.0117674 0.0107224 0.0158049 0.0298932 0.0166161 0.00998317 0.00869548 0.0111707 0.0196818 0.011454 0.00894409 0.00833556 0.00819174 0.00810215 0.00795157 0.00808917 0.00817457 0.0082016 0.0083162 0.00817429 0.00833816 0.00846954 0.00838292 0.00857269 
0.00807623 0.00963011 0.00993954 0.0115889 0.00888944 0.00846105 0.00901377 0.00966928 0.0153348 0.0115719 0.0114118 0.0182915 0.0250846 0.180835 0.0849363 0.00327006 0.00321935 0.00315626 0 0.0033485 0.0205865 0.0414346 0.0150934 0.487798 0.0110789 0.012087 0.0198625 0.0298187 0.0428183 0.04943 0.0122079 0.0113844 0.00909583 0.00986392 0.0137761 0.0157312 0.0245033 0.0119989 0.00965244 0.014971 0.0124283 0.0132398 0.00954818 0.00946317 0.0102071 0.0107453 0.0106759 0.00947048 0.00812948 0.00816857 0.00813407 0.00802129 0.0080312 0.00811189 0.00797348 0.0081386 0.00805278 0.00815487 0.00817643 0.00816524 0.00831586 
0.00889052 0.00954746 0.00863179 0.0083199 0.00951832 0.00909846 0.00822949 0.00848232 0.0085464 0.0103395 0.0137499 0.0125921 0.0108442 0.0164599 0.146894 0.00353319 0.00323061 0.00317495 0.0033485 0 0.0177193 0.0151411 0.0101182 0.00993613 0.423175 0.0137706 0.0113474 0.0102348 0.0110284 0.0190745 0.0142852 0.0139689 0.0108016 0.0109567 0.00920352 0.00890875 0.0100251 0.0107297 0.0120338 0.00899517 0.00868634 0.00921517 0.00939239 0.0106258 0.00848469 0.0085349 0.00842695 0.010726 0.00813431 0.00800077 0.00816232 0.0081404 0.00843633 0.0080376 0.00799872 0.00816511 0.00807465 0.00808581 0.0081774 0.008177 0.00812616 
0.00928639 0.00841788 0.00799627 0.0087065 0.00945522 0.00813143 0.00819184 0.00797577 0.00827387 0.0100826 0.0182867 0.00969967 0.0098205 0.0116999 0.0158847 0.566734 0.0189141 0.0181011 0.0205865 0.0177193 0 0.00319914 0.00323728 0.00568767 0.00358192 0.0379949 0.0132507 0.0129274 0.0105206 0.0146808 0.0144633 0.0143231 0.0172217 0.0145694 0.00837365 0.00943257 0.00869167 0.0178788 0.00917335 0.00862065 0.00886689 0.00844768 0.0157158 0.00848546 0.00856569 0.00818596 0.00899967 0.0100191 0.00797171 0.00796302 0.00898028 0.00845567 0.0082899 0.00795577 0.00804341 0.00803006 0.00797489 0.00811314 0.00796468 0.00802006 0.00836517 
0.00800356 0.00794672 0.00903801 0.00812254 0.00905703 0.00798335 0.00800771 0.00862747 0.00873906 0.00828238 0.00874167 0.0191209 0.0105328 0.0135185 0.0113649 0.00940621 0.53629 0.0227724 0.0414346 0.0151411 0.00319914 0 0.00332182 0.00328803 0.00343983 0.011207 0.05011 0.0167736 0.0215783 0.0127929 0.0101792 0.00886784 0.00907979 0.00830779 0.0127152 0.00942696 0.0174183 0.00889764 0.00986005 0.00971861 0.00910131 0.0131705 0.00867003 0.00823519 0.00868216 0.0090131 0.00879513 0.00942155 0.0080584 0.00799658 0.00802293 0.00786849 0.00830021 0.0079293 0.00797208 0.00806059 0.00805242 0.00805637 0.00836168 0.00812028 0.00806401 
0.00782883 0.00806311 0.00865079 0.00834388 0.00821537 0.00791032 0.00825861 0.00875342 0.00852596 0.00890553 0.0088776 0.0093371 0.0281265 0.0135626 0.00883192 0.0126343 0.0137047 0.568687 0.0150934 0.0101182 0.00323728 0.00332182 0 0.00317823 0.00317445 0.0140944 0.019978 0.0672296 0.0218306 0.0146429 0.0105747 0.0085741 0.00835155 0.00845015 0.00970038 0.0200745 0.00954751 0.00897014 0.00873041 0.00919538 0.0166631 0.0090614 0.00878962 0.00805003 0.00893735 0.012356 0.0089896 0.00823145 0.00805468 0.00793227 0.00797928 0.00783536 0.0079596 0.00795271 0.00792675 0.00804657 0.00793387 0.00806988 0.00805453 0.00808225 0.00800576 
0.00793544 0.00853159 0.00836255 0.00833485 0.00815882 0.008065 0.00827396 0.008237 0.00861419 0.00919222 0.00915765 0.012934 0.012812 0.0209944 0.00929605 0.021566 0.053176 0.0145601 0.487798 0.00993613 0.00568767 0.00328803 0.00317823 0 0.00327057 0.0114759 0.0459106 0.0248676 0.033257 0.0265721 0.010629 0.00987628 0.00911132 0.00983107 0.0115596 0.0109443 0.013629 0.00927816 0.0090381 0.0127354 0.0105428 0.0104042 0.009161 0.00868693 0.00930398 0.00938339 0.00915679 0.0082817 0.00797925 0.00799563 0.00806017 0.00795108 0.00792569 0.00792064 0.00790532 0.00802346 0.00792363 0.00807745 0.00799248 0.0081533 0.00795123 
0.00876068 0.00861565 0.00826566 0.0079705 0.00866236 0.00876157 0.00795349 0.00806817 0.00804557 0.00862427 0.0125691 0.0108754 0.00923237 0.00967593 0.0163511 0.0319071 0.0129058 0.0169887 0.0110789 0.423175 0.00358192 0.00343983 0.00317445 0.00327057 0 0.0304383 0.0154325 0.0148485 0.0152453 0.023515 0.020041 0.015642 0.0144821 0.0116442 0.00960011 0.00909023 0.0100416 0.0106983 0.0188286 0.00910843 0.00878976 0.00937507 0.00939649 0.0124269 0.00868402 0.00848834 0.00838918 0.0102817 0.00805471 0.00799789 0.00831044 0.0084055 0.00888808 0.00803963 0.00802633 0.00812584 0.00809159 0.00806196 0.00830135 0.00831069 0.0080864 
0.00855821 0.00826857 0.00814389 0.00824366 0.00920387 0.00793138 0.00790834 0.00814663 0.0083184 0.00955756 0.0139261 0.0113266 0.00985183 0.010394 0.0169852 0.0453294 0.0170603 0.0122782 0.012087 0.0137706 0.0379949 0.011207 0.0140944 0.0114759 0.0304383 0 0.00323431 0.00321712 0.00317106 0.0032661 0.00354538 0.00458068 0.0117947 0.0302687 0.0122765 0.0117244 0.0113504 0.0210614 0.0266032 0.0118561 0.0110509 0.0104689 0.0168795 0.0139637 0.0103243 0.0102384 0.00981009 0.0135013 0.00809056 0.00817633 0.00865006 0.00829616 0.00852539 0.00784662 0.00808329 0.00794111 0.00803374 0.00825 0.00833587 0.00804851 0.00831698 
0.00789448 0.00832303 0.00938373 0.00901354 0.00887842 0.00791778 0.00832066 0.00879498 0.00966455 0.0087967 0.0113433 0.0264809 0.0248114 0.0233279 0.0109338 0.0252037 0.0699156 0.0272114 0.0198625 0.0113474 0.0132507 0.05011 0.019978 0.0459106 0.0154325 0.00323431 0 0.00321679 0.00317345 0.00323984 0.00321238 0.00394199 0.0081664 0.119564 0.0679885 0.0244008 0.0229511 0.0129039 0.0321088 0.0382969 0.025648 0.0291231 0.011541 0.0115706 0.0270211 0.0235998 0.0172412 0.0103752 0.00839154 0.0083352 0.00834864 0.00786666 0.00804407 0.00802663 0.00812223 0.00824112 0.00808419 0.00842843 0.00822994 0.00837704 0.00834145 
0.00791557 0.00914568 0.00970369 0.0102732 0.00876407 0.00808547 0.0085963 0.010837 0.0109452 0.00984504 0.00950435 0.0225497 0.0814914 0.0375984 0.0118227 0.0170488 0.0454711 0.0920881 0.0298187 0.0102348 0.0129274 0.0167736 0.0672296 0.0248676 0.0148485 0.00321712 0.00321679 0 0.00318929 0.00323628 0.00325476 0.00341274 0.00690856 0.0171248 0.194551 0.0984226 0.0341538 0.0169296 0.0157605 0.0562111 0.104426 0.0286462 0.0137019 0.0112248 0.0297503 0.0825083 0.0256081 0.0100822 0.00864224 0.00840674 0.00813587 0.00789552 0.00803096 0.00811004 0.00814762 0.00851109 0.00819812 0.00837338 0.0085249 0.0084876 0.00872087 
0.00782039 0.0084074 0.00989681 0.00916945 0.00906892 0.00799715 0.00862099 0.0100952 0.0110111 0.00917084 0.00973917 0.021523 0.0684589 0.0366559 0.0116459 0.0132201 0.0402526 0.0747071 0.0428183 0.0110284 0.0105206 0.0215783 0.0218306 0.033257 0.0152453 0.00317106 0.00317345 0.00318929 0 0.00322021 0.00317621 0.00329668 0.00642433 0.0142714 0.0300197 0.325673 0.0527681 0.0180008 0.0165857 0.0388949 0.0915184 0.0469149 0.0121623 0.0116326 0.0277065 0.0671644 0.0236537 0.0105748 0.00849477 0.00849774 0.00810934 0.00789329 0.00797841 0.00811867 0.00811302 0.00834342 0.00812069 0.00822492 0.00843052 0.00839926 0.00855775 
0.00793684 0.00833728 0.00885783 0.00867962 0.0082783 0.0079967 0.00852325 0.00871715 0.0094897 0.00917989 0.00914981 0.0125315 0.0203499 0.0440202 0.0230561 0.0124305 0.0316306 0.027203 0.04943 0.0190745 0.0146808 0.0127929 0.0146429 0.0265721 0.023515 0.0032661 0.00323984 0.00323628 0.00322021 0 0.00317529 0.0034506 0.00688954 0.0129855 0.0399415 0.0325672 0.309699 0.0480214 0.0132095 0.0235635 0.0309604 0.0677085 0.0181804 0.010908 0.0187483 0.0229066 0.0334005 0.010904 0.00855772 0.00853583 0.00811655 0.00791949 0.00799179 0.00810035 0.00808375 0.00819476 0.00811668 0.00814241 0.00829539 0.0082055 0.0084491 
0.00795436 0.00835276 0.00836585 0.00821723 0.00864389 0.00806257 0.0080567 0.00840296 0.00831127 0.00969997 0.00963877 0.00933587 0.0127912 0.0128611 0.0145421 0.0161415 0.0127056 0.0190203 0.0122079 0.0142852 0.0144633 0.0101792 0.0105747 0.010629 0.020041 0.00354538 0.00321238 0.00325476 0.00317621 0.00317529 0 0.00322525 0.00931293 0.0243841 0.0126875 0.0336465 0.0253875 0.12472 0.019728 0.0131347 0.0199762 0.0166101 0.0182533 0.0146213 0.0101661 0.0150376 0.0120039 0.0129269 0.00831576 0.0082556 0.00837266 0.00815754 0.00818197 0.00802385 0.00807565 0.00818062 0.00814407 0.00815247 0.00843146 0.0083442 0.00835384 
0.00944887 0.00831682 0.00803917 0.00800659 0.00926735 0.00812476 0.00793987 0.00802222 0.00810422 0.00957122 0.00945121 0.00900994 0.00895586 0.0105409 0.0179057 0.0131897 0.0102244 0.00993777 0.0113844 0.0139689 0.0143231 0.00886784 0.0085741 0.00987628 0.015642 0.00458068 0.00394199 0.00341274 0.00329668 0.0034506 0.00322525 0 0.890318 0.0122725 0.0115598 0.012111 0.0372358 0.040876 0.0131869 0.0100316 0.0102412 0.0113969 0.0202569 0.0145037 0.0101434 0.00911539 0.0109517 0.0164349 0.00842593 0.00827353 0.0100484 0.00885727 0.00943187 0.00850274 0.00819538 0.00829444 0.00857545 0.00860776 0.00830045 0.00833363 0.00852837 
0.0104767 0.00866544 0.00781577 0.00798954 0.00863536 0.0086509 0.00800375 0.00784709 0.00793853 0.00844459 0.00954052 0.00841504 0.00832548 0.00866694 0.0118552 0.013463 0.00947451 0.00867483 0.00909583 0.0108016 0.0172217 0.00907979 0.00835155 0.00911132 0.0144821 0.0117947 0.0081664 0.00690856 0.00642433 0.00688954 0.00931293 0.890318 0 0.0191419 0.00882379 0.00963424 0.00985747 0.0284618 0.0141875 0.00998973 0.00888073 0.00937368 0.0149057 0.0151951 0.00913554 0.00849034 0.00935503 0.0125686 0.00861505 0.00808711 0.0109031 0.0109194 0.0103547 0.00831567 0.0083643 0.00845071 0.00817884 0.00919728 0.00818186 0.00820648 0.00878559 
0.0083955 0.007955 0.00791804 0.00809733 0.00854099 0.00787152 0.00784503 0.00802523 0.00796864 0.00848158 0.00845382 0.00821717 0.00872628 0.00905282 0.0124875 0.011766 0.00930786 0.00994533 0.00986392 0.0109567 0.0145694 0.00830779 0.00845015 0.00983107 0.0116442 0.0302687 0.119564 0.0171248 0.0142714 0.0129855 0.0243841 0.0122725 0.0191419 0 0.0032984 0.00314764 0.00323971 0.00382635 0.0836317 0.0135995 0.0156336 0.0109101 0.0370591 0.0117757 0.011322 0.0111535 0.0122701 0.0170303 0.00831857 0.00847689 0.00988772 0.00850181 0.00862437 0.00786788 0.00820739 0.00797725 0.00803678 0.00820741 0.00806801 0.00808672 0.00858827 
0.00788981 0.00803469 0.00852294 0.00836822 0.00821938 0.00788968 0.00814103 0.00832734 0.00864106 0.00817853 0.00818831 0.0108038 0.0131296 0.0111815 0.0093125 0.00986576 0.0225443 0.0169478 0.0137761 0.00920352 0.00837365 0.0127152 0.00970038 0.0115596 0.00960011 0.0122765 0.0679885 0.194551 0.0300197 0.0399415 0.0126875 0.0115598 0.00882379 0.0032984 0 0.00319944 0.00320043 0.00328753 0.0807645 0.14882 0.0161001 0.0590612 0.0106587 0.0108401 0.0289317 0.021282 0.0173685 0.0114393 0.00844375 0.0082652 0.00813412 0.0078531 0.00790651 0.0080102 0.00808088 0.00821199 0.00810576 0.0081636 0.00836505 0.0084255 0.00821628 
0.0079229 0.0083047 0.00867126 0.00847166 0.00834965 0.00789764 0.00824606 0.00877596 0.00888664 0.00852143 0.00822912 0.0098415 0.0271839 0.0148689 0.00923399 0.0108439 0.0212697 0.0395747 0.0157312 0.00890875 0.00943257 0.00942696 0.0200745 0.0109443 0.00909023 0.0117244 0.0244008 0.0984226 0.325673 0.0325672 0.0336465 0.012111 0.00963424 0.00314764 0.00319944 0 0.00315376 0.00316204 0.253251 0.0619029 0.280361 0.0224128 0.0150746 0.0110814 0.0247784 0.0654142 0.0229007 0.0104414 0.0086152 0.00840397 0.00816392 0.0079304 0.00803614 0.00816488 0.00816759 0.00836155 0.00812998 0.0082527 0.00836855 0.00853047 0.00833056 
0.0078683 0.00820268 0.00866093 0.00847176 0.00812404 0.00794915 0.00819697 0.00853489 0.00891347 0.00853271 0.00866774 0.0110821 0.0125921 0.0182001 0.0103538 0.010824 0.0205822 0.018886 0.0245033 0.0100251 0.00869167 0.0174183 0.00954751 0.013629 0.0100416 0.0113504 0.0229511 0.0341538 0.0527681 0.309699 0.0253875 0.0372358 0.00985747 0.00323971 0.00320043 0.00315376 0 0.00335442 0.0173682 0.309155 0.0747924 0.332881 0.0158852 0.014741 0.0284501 0.0295636 0.041683 0.0158452 0.00932707 0.00914773 0.00831272 0.00790972 0.00818135 0.00831185 0.00818517 0.00877122 0.00835956 0.00823467 0.00873449 0.00850945 0.00829054 
0.00805429 0.0083148 0.0081231 0.00800513 0.00815712 0.00798667 0.00802322 0.00811472 0.00821018 0.008919 0.00936276 0.00892538 0.00929978 0.00973157 0.0125373 0.014379 0.0109342 0.0117674 0.0119989 0.0107297 0.0178788 0.00889764 0.00897014 0.00927816 0.0106983 0.0210614 0.0129039 0.0169296 0.0180008 0.0480214 0.12472 0.040876 0.0284618 0.00382635 0.00328753 0.00316204 0.00335442 0 0.0367384 0.019028 0.234714 0.0750133 0.213627 0.0284857 0.0168031 0.012857 0.0208196 0.0225969 0.0108326 0.00878525 0.00908355 0.00854295 0.00852462 0.00835682 0.00821585 0.00869116 0.00833955 0.00861363 0.00826737 0.00845349 0.00842598 
0.00845898 0.00807842 0.00827913 0.00828602 0.0090676 0.00823377 0.00806827 0.00818188 0.00838018 0.00876662 0.00913467 0.0088099 0.00971446 0.00921654 0.0131441 0.0125361 0.0116002 0.0107224 0.00965244 0.0120338 0.00917335 0.00986005 0.00873041 0.0090381 0.0188286 0.0266032 0.0321088 0.0157605 0.0165857 0.0132095 0.019728 0.0131869 0.0141875 0.0836317 0.0807645 0.253251 0.0173682 0.0367384 0 0.00331443 0.0032273 0.00329267 0.00381143 0.0240625 0.0114666 0.0138526 0.0154526 0.607374 0.0104118 0.0104002 0.0100191 0.00921182 0.0106034 0.00844404 0.00892894 0.00888581 0.00955528 0.00851666 0.0122995 0.00986801 0.00898514 
0.00798667 0.00812845 0.00848415 0.0084359 0.00827843 0.00794261 0.00819082 0.008403 0.00855154 0.00833912 0.00827073 0.00966852 0.0108638 0.012756 0.0101158 0.0104314 0.0161142 0.0158049 0.014971 0.00899517 0.00862065 0.00971861 0.00919538 0.0127354 0.00910843 0.0118561 0.0382969 0.0562111 0.0388949 0.0235635 0.0131347 0.0100316 0.00998973 0.0135995 0.14882 0.0619029 0.309155 0.019028 0.00331443 0 0.00318898 0.00319951 0.00328661 0.0102607 0.0304554 0.0200476 0.821983 0.0177213 0.0107043 0.00992938 0.00907795 0.00801782 0.00820724 0.00839309 0.0086019 0.00893509 0.00874838 0.00858323 0.00924353 0.00934567 0.00850549 
0.00791192 0.00826173 0.00847341 0.00834179 0.00813629 0.00801705 0.00826462 0.0087679 0.00874538 0.00849962 0.00825987 0.00905726 0.0189083 0.0128685 0.00935024 0.00980944 0.0158367 0.0298932 0.0124283 0.00868634 0.00886689 0.00910131 0.0166631 0.0105428 0.00878976 0.0110509 0.025648 0.104426 0.0915184 0.0309604 0.0199762 0.0102412 0.00888073 0.0156336 0.0161001 0.280361 0.0747924 0.234714 0.0032273 0.00318898 0 0.00317556 0.00317965 0.0104631 0.0225721 0.885216 0.0245778 0.0124833 0.0110877 0.00988059 0.00881432 0.00802829 0.00808816 0.00833857 0.00848932 0.00866323 0.00849798 0.00863991 0.00914572 0.00936399 0.00885305 
0.0079369 0.00814147 0.00847259 0.00829518 0.00806694 0.00794796 0.00825002 0.00833634 0.00841439 0.00832014 0.00824585 0.00983411 0.0121252 0.0116788 0.00937 0.0097642 0.0160007 0.0166161 0.0132398 0.00921517 0.00844768 0.0131705 0.0090614 0.0104042 0.00937507 0.0104689 0.0291231 0.0286462 0.0469149 0.0677085 0.0166101 0.0113969 0.00937368 0.0109101 0.0590612 0.0224128 0.332881 0.0750133 0.00329267 0.00319951 0.00317556 0 0.00335002 0.0163339 0.945326 0.0363394 0.045478 0.0106832 0.0122067 0.0105722 0.00889741 0.00818941 0.00846165 0.00878894 0.0087566 0.00935066 0.00907956 0.00887765 0.0100868 0.00951741 0.00887262 
0.00848404 0.00847675 0.00808669 0.00806246 0.00813397 0.00816206 0.00804802 0.00813877 0.00811741 0.0083516 0.00874418 0.00877347 0.00934347 0.00919739 0.0101426 0.0130002 0.00973666 0.00998317 0.00954818 0.00939239 0.0157158 0.00867003 0.00878962 0.009161 0.00939649 0.0168795 0.011541 0.0137019 0.0121623 0.0181804 0.0182533 0.0202569 0.0149057 0.0370591 0.0106587 0.0150746 0.0158852 0.213627 0.00381143 0.00328661 0.00317965 0.00335002 0 0.920443 0.0244716 0.019848 0.0242405 0.0351374 0.0124177 0.0100059 0.012878 0.0107862 0.0102124 0.00910043 0.00967496 0.00992771 0.00927825 0.0106323 0.00889366 0.00934257 0.00974183 
0.00840252 0.00796982 0.0080523 0.00812998 0.00893055 0.00806874 0.00801227 0.00803263 0.00808045 0.00844367 0.00836077 0.00809294 0.0084868 0.00859041 0.0119047 0.0087123 0.00876024 0.00869548 0.00946317 0.0106258 0.00848546 0.00823519 0.00805003 0.00868693 0.0124269 0.0139637 0.0115706 0.0112248 0.0116326 0.010908 0.0146213 0.0145037 0.0151951 0.0117757 0.0108401 0.0110814 0.014741 0.0284857 0.0240625 0.0102607 0.0104631 0.0163339 0.920443 0 0.0035287 0.00321895 0.00333298 0.0226215 0.0240802 0.0137991 0.0119925 0.0099585 0.0102061 0.00830936 0.0102343 0.00863052 0.00986889 0.00855603 0.00974435 0.00911073 0.0109288 
0.00803389 0.00809815 0.00835362 0.00842855 0.00837226 0.00800952 0.00815548 0.00841586 0.00848124 0.0083018 0.00811035 0.00899816 0.00967827 0.00983664 0.00914476 0.00914699 0.0118414 0.0111707 0.0102071 0.00848469 0.00856569 0.00868216 0.00893735 0.00930398 0.00868402 0.0103243 0.0270211 0.0297503 0.0277065 0.0187483 0.0101661 0.0101434 0.00913554 0.011322 0.0289317 0.0247784 0.0284501 0.0168031 0.0114666 0.0304554 0.0225721 0.945326 0.0244716 0.0035287 0 0.00320817 0.00345247 0.00359393 0.0168414 0.0146074 0.00946481 0.00822499 0.00835269 0.00848749 0.00856638 0.00895288 0.00867471 0.00883091 0.00916405 0.00957173 0.00894883 
0.00788714 0.00813896 0.00849391 0.00828863 0.00810357 0.00796872 0.00824007 0.00860819 0.00854217 0.00836655 0.00823144 0.00881453 0.0142437 0.0101313 0.00880794 0.00911274 0.013185 0.0196818 0.0107453 0.0085349 0.00818596 0.0090131 0.012356 0.00938339 0.00848834 0.0102384 0.0235998 0.0825083 0.0671644 0.0229066 0.0150376 0.00911539 0.00849034 0.0111535 0.021282 0.0654142 0.0295636 0.012857 0.0138526 0.0200476 0.885216 0.0363394 0.019848 0.00321895 0.00320817 0 0.00317564 0.00317687 0.0277556 0.0100526 0.00890835 0.00797179 0.00821241 0.00841195 0.0085437 0.00899975 0.00877102 0.00867886 0.0106543 0.0101189 0.00867572 
0.00795123 0.00821054 0.00829669 0.00820312 0.00796437 0.00799741 0.00817607 0.00822373 0.00828465 0.00814136 0.00814122 0.00892041 0.0100668 0.00942021 0.00869136 0.0093117 0.0109837 0.011454 0.0106759 0.00842695 0.00899967 0.00879513 0.0089896 0.00915679 0.00838918 0.00981009 0.0172412 0.0256081 0.0236537 0.0334005 0.0120039 0.0109517 0.00935503 0.0122701 0.0173685 0.0229007 0.041683 0.0208196 0.0154526 0.821983 0.0245778 0.045478 0.0242405 0.00333298 0.00345247 0.00317564 0 0.00326375 0.0138604 0.0154692 0.00962926 0.00892872 0.00837553 0.00883058 0.00938436 0.00913092 0.00935568 0.00933716 0.00913886 0.00906282 0.00950537 
0.00848128 0.00843922 0.00816643 0.00804764 0.0082372 0.00824067 0.00805902 0.00814466 0.00811968 0.00813405 0.00862125 0.00853775 0.0088304 0.00931324 0.0101934 0.0112499 0.00908392 0.00894409 0.00947048 0.010726 0.0100191 0.00942155 0.00823145 0.0082817 0.0102817 0.0135013 0.0103752 0.0100822 0.0105748 0.010904 0.0129269 0.0164349 0.0125686 0.0170303 0.0114393 0.0104414 0.0158452 0.0225969 0.607374 0.0177213 0.0124833 0.0106832 0.0351374 0.0226215 0.00359393 0.00317687 0.00326375 0 0.014718 0.0150842 0.0148071 0.013595 0.0159051 0.0107215 0.010269 0.0115709 0.0113475 0.0113939 0.0111625 0.0106757 0.00930619 
0.00859658 0.00813248 0.00832663 0.0083006 0.00869625 0.00805871 0.00822053 0.00824325 0.00831298 0.00834247 0.00792131 0.00814246 0.00832468 0.00822689 0.00851153 0.00809704 0.00830139 0.00833556 0.00812948 0.00813431 0.00797171 0.0080584 0.00805468 0.00797925 0.00805471 0.00809056 0.00839154 0.00864224 0.00849477 0.00855772 0.00831576 0.00842593 0.00861505 0.00831857 0.00844375 0.0086152 0.00932707 0.0108326 0.0104118 0.0107043 0.0110877 0.0122067 0.0124177 0.0240802 0.0168414 0.0277556 0.0138604 0.014718 0 0.00361855 0.00499775 0.0232435 0.0234193 0.0190165 0.027191 0.0229676 0.0322105 0.0221607 0.0243528 0.0179221 0.0222371 
0.00836342 0.00833646 0.0084748 0.00851019 0.00843476 0.00837567 0.0082744 0.00825743 0.00851009 0.00849611 0.00806527 0.00815172 0.00822845 0.0082943 0.00817602 0.00827121 0.00835711 0.00819174 0.00816857 0.00800077 0.00796302 0.00799658 0.00793227 0.00799563 0.00799789 0.00817633 0.0083352 0.00840674 0.00849774 0.00853583 0.0082556 0.00827353 0.00808711 0.00847689 0.0082652 0.00840397 0.00914773 0.00878525 0.0104002 0.00992938 0.00988059 0.0105722 0.0100059 0.0137991 0.0146074 0.0100526 0.0154692 0.0150842 0.00361855 0 0.0501188 0.01131 0.013281 0.0250532 0.0174546 0.028517 0.0191194 0.0287608 0.0152667 0.0291754 0.0178131 
0.0107724 0.00877541 0.00834622 0.00841339 0.00871229 0.00879228 0.008285 0.00825498 0.00832817 0.00865781 0.00828606 0.00807973 0.00808729 0.00815566 0.00885404 0.00877084 0.00818192 0.00810215 0.00813407 0.00816232 0.00898028 0.00802293 0.00797928 0.00806017 0.00831044 0.00865006 0.00834864 0.00813587 0.00810934 0.00811655 0.00837266 0.0100484 0.0109031 0.00988772 0.00813412 0.00816392 0.00831272 0.00908355 0.0100191 0.00907795 0.00881432 0.00889741 0.012878 0.0119925 0.00946481 0.00890835 0.00962926 0.0148071 0.00499775 0.0501188 0 0.121597 0.0353018 0.0270142 0.0319148 0.0246208 0.0292298 0.0322134 0.0135413 0.0148916 0.021872 
0.0117766 0.00850635 0.00830483 0.00826716 0.00891347 0.00855721 0.00823628 0.00817343 0.00823695 0.00844698 0.00809985 0.00807889 0.00803019 0.0080562 0.00868762 0.00823687 0.00795435 0.00795157 0.00802129 0.0081404 0.00845567 0.00786849 0.00783536 0.00795108 0.0084055 0.00829616 0.00786666 0.00789552 0.00789329 0.00791949 0.00815754 0.00885727 0.0109194 0.00850181 0.0078531 0.0079304 0.00790972 0.00854295 0.00921182 0.00801782 0.00802829 0.00818941 0.0107862 0.0099585 0.00822499 0.00797179 0.00892872 0.013595 0.0232435 0.01131 0.121597 0 0.808299 0.010596 0.023131 0.0163861 0.0178976 0.025424 0.0124843 0.0143047 0.0203361 
0.0119531 0.00874009 0.00844071 0.00829061 0.00962696 0.00901177 0.00831787 0.00839712 0.00824978 0.00840846 0.00828719 0.00819613 0.00805224 0.00815486 0.00885842 0.00833748 0.00808583 0.00808917 0.0080312 0.00843633 0.0082899 0.00830021 0.0079596 0.00792569 0.00888808 0.00852539 0.00804407 0.00803096 0.00797841 0.00799179 0.00818197 0.00943187 0.0103547 0.00862437 0.00790651 0.00803614 0.00818135 0.00852462 0.0106034 0.00820724 0.00808816 0.00846165 0.0102124 0.0102061 0.00835269 0.00821241 0.00837553 0.0159051 0.0234193 0.013281 0.0353018 0.808299 0 0.0495576 0.0248117 0.018179 0.0314155 0.0242174 0.0255537 0.0225098 0.0188092 
0.00905491 0.00820422 0.0083483 0.00829769 0.00854501 0.00818203 0.00824676 0.0082502 0.00828894 0.00831374 0.00812422 0.00817229 0.00826791 0.00821975 0.00823624 0.0080981 0.00819181 0.00817457 0.00811189 0.0080376 0.00795577 0.0079293 0.00795271 0.00792064 0.00803963 0.00784662 0.00802663 0.00811004 0.00811867 0.00810035 0.00802385 0.00850274 0.00831567 0.00786788 0.0080102 0.00816488 0.00831185 0.00835682 0.00844404 0.00839309 0.00833857 0.00878894 0.00910043 0.00830936 0.00848749 0.00841195 0.00883058 0.0107215 0.0190165 0.0250532 0.0270142 0.010596 0.0495576 0 0.00622734 0.00456587 0.123249 0.0174082 0.0205903 0.017272 0.0373871 
0.00898989 0.00846484 0.00843147 0.00839802 0.00857514 0.00838324 0.008263 0.00826147 0.00837821 0.00848564 0.00811056 0.00816932 0.00822639 0.008177 0.00824461 0.00824185 0.00829624 0.0082016 0.00797348 0.00799872 0.00804341 0.00797208 0.00792675 0.00790532 0.00802633 0.00808329 0.00812223 0.00814762 0.00811302 0.00808375 0.00807565 0.00819538 0.0083643 0.00820739 0.00808088 0.00816759 0.00818517 0.00821585 0.00892894 0.0086019 0.00848932 0.0087566 0.00967496 0.0102343 0.00856638 0.0085437 0.00938436 0.010269 0.027191 0.0174546 0.0319148 0.023131 0.0248117 0.00622734 0 0.149681 0.00380914 0.0700523 0.010029 0.0561798 0.0238858 
0.00920127 0.00836592 0.00849655 0.00834107 0.00868851 0.00827623 0.00830002 0.00827433 0.00837091 0.00846291 0.00814148 0.00819859 0.00833833 0.00830558 0.00837522 0.00823441 0.00830001 0.0083162 0.0081386 0.00816511 0.00803006 0.00806059 0.00804657 0.00802346 0.00812584 0.00794111 0.00824112 0.00851109 0.00834342 0.00819476 0.00818062 0.00829444 0.00845071 0.00797725 0.00821199 0.00836155 0.00877122 0.00869116 0.00888581 0.00893509 0.00866323 0.00935066 0.00992771 0.00863052 0.00895288 0.00899975 0.00913092 0.0115709 0.0229676 0.028517 0.0246208 0.0163861 0.018179 0.00456587 0.149681 0 0.00364922 0.0190576 0.4254 0.0178857 0.0349373 
0.00895314 0.00841801 0.00847855 0.00846762 0.00886379 0.00835143 0.0082634 0.00822412 0.00845266 0.00866601 0.00817509 0.00819305 0.0083025 0.00831352 0.00842587 0.00826996 0.00832598 0.00817429 0.00805278 0.00807465 0.00797489 0.00805242 0.00793387 0.00792363 0.00809159 0.00803374 0.00808419 0.00819812 0.00812069 0.00811668 0.00814407 0.00857545 0.00817884 0.00803678 0.00810576 0.00812998 0.00835956 0.00833955 0.00955528 0.00874838 0.00849798 0.00907956 0.00927825 0.00986889 0.00867471 0.00877102 0.00935568 0.0113475 0.0322105 0.0191194 0.0292298 0.0178976 0.0314155 0.123249 0.00380914 0.00364922 0 0.476634 0.0231073 0.0665457 0.0250385 
0.0101287 0.00860803 0.00861761 0.00850435 0.00878907 0.00832259 0.00836998 0.00832572 0.00851777 0.00867629 0.00818122 0.00825604 0.00830013 0.00836836 0.0084592 0.00837214 0.00858702 0.00833816 0.00815487 0.00808581 0.00811314 0.00805637 0.00806988 0.00807745 0.00806196 0.00825 0.00842843 0.00837338 0.00822492 0.00814241 0.00815247 0.00860776 0.00919728 0.00820741 0.0081636 0.0082527 0.00823467 0.00861363 0.00851666 0.00858323 0.00863991 0.00887765 0.0106323 0.00855603 0.00883091 0.00867886 0.00933716 0.0113939 0.0221607 0.0287608 0.0322134 0.025424 0.0242174 0.0174082 0.0700523 0.0190576 0.476634 0 0.00356045 0.0033409 0.0702437 
0.00953123 0.00878994 0.00869637 0.00838037 0.0091687 0.00852772 0.00838076 0.00855051 0.00835521 0.00838919 0.00833258 0.00833566 0.00833899 0.00833714 0.0084553 0.00841458 0.00848012 0.00846954 0.00817643 0.0081774 0.00796468 0.00836168 0.00805453 0.00799248 0.00830135 0.00833587 0.00822994 0.0085249 0.00843052 0.00829539 0.00843146 0.00830045 0.00818186 0.00806801 0.00836505 0.00836855 0.00873449 0.00826737 0.0122995 0.00924353 0.00914572 0.0100868 0.00889366 0.00974435 0.00916405 0.0106543 0.00913886 0.0111625 0.0243528 0.0152667 0.0135413 0.0124843 0.0255537 0.0205903 0.010029 0.4254 0.0231073 0.00356045 0 0.0246586 0.00331738 
