1DKXA
VLLLDVTPLSLGIETMGGVMTTLIAKNTTIPTKHSQVFSTAEDNQSAVTIHVLQGERKRAADNKSLGQFNLDGINPAPRGMPQIEVTFDIDADGILHVSAKDKNSGKEQKITIKASSGLNEDEIQKMVRDAEANAEADRKFDELVQTRNQGDHLLHSTRKQVEEAGDKLPADDKTAIESALTALETALKGEDKAAIEAKMQELAQVSQKLMEIAQQQHA
CCCCCECCCCEEEEECCCEEEEEECCCCECCEEEEEEEEECCCCCCEEEEEEEECCCCEHHHCEEEEEEEEECCCCCCCCCCCEEEEEEECCCCCEEEEEEECCCCCEEEEEECCCCCCCHHHHHHHHHHHHHCHHHHHHHHHHHHHHHHHHHHHHHHHHHHHHHHHHCCHHHHHHHHHHHHHHHHHHCCCCHHHHHHHHHHHHHHCHHHHHHHHHHCC
0 0 0 0 0 0 0 0 0 0 0 0 0 0 0 0 0 0 0 0 0 0 0 0 0 0 0 0 0 0 0 0 0 0 0 0 0 0 0 0 0 0 0 0 0 0 0 0 0 0 0 0 0 0 0 0 0 0 0 0 0 0 0 0 0 0 0 0 0 0 0 0 0 0 0 0 0 0 0 0 0 0 0 0 0 0 0 0 0 0 0 0 0 0 0 0 0 0 0 0 0 0 0 0 0 0 0 0 0 0 0 0 0 0 0 0 0 0 0 0 0 0 0 0 0 0 0 0 0 0 0 0 0 0 0 0 0 0 0 0 0 0 0 0 0 0 0 0 0 0 0 0 0 0 0 0 0 0 0 0 0 0 0 0 0 0 0 0 0 0 0 0 0 0 0 0 0 0 0 0 0 0 0 0 0 0 0 0 0 0 0 0 0 0 0 0 0 0 0 0 0 0 0 0 0 0 0 0 0 0 0 0 0 0 0 0 0 0 0 
0 0 0 0 0 0 0 0 0 0 0 0 0 0 0 0 0 0 0 0 0 0 0 0 0 0 0 0 0 0 0 0 0 0 0 0 0 0 0 0 0 0 0 0 0 0 0 0 0 0 0 0 0 0 0 0 0 0 0 0 0 0 0 0 0 0 0 0 0 0 0 0 0 0 0 0 0 0 0 0 0 0 0 0 0 0 0 0 0 0 0 0 0 0 0 0 0 0 0 0 0 0 0 0 0 0 0 0 0 0 0 0 0 0 0 0 0 0 0 0 0 0 0 0 0 0 0 0 0 0 0 0 0 0 0 0 0 0 0 0 0 0 0 0 0 0 0 0 0 0 0 0 0 0 0 0 0 0 0 0 0 0 0 0 0 0 0 0 0 0 0 0 0 0 0 0 0 0 0 0 0 0 0 0 0 0 0 0 0 0 0 0 0 0 0 0 0 0 0 0 0 0 0 0 0 0 0 0 0 0 0 0 0 0 0 0 0 0 0 
0 0.0314145 0.0050973 0.00369527 0.00606364 0.00685912 0.0133729 0.0079787 0.00767974 0.00791911 0.0114794 0.077492 0.14218 0.0188411 0.00982508 0.00818875 0.00853583 0.00833326 0.00873096 0.00887036 0.0104604 0.0170269 0.0159657 0.010885 0.00955905 0.00948591 0.00966871 0.00884727 0.00961563 0.0116892 0.0660437 0.0106537 0.00824831 0.00812741 0.00818557 0.00803705 0.00842664 0.00850769 0.00851343 0.0105025 0.0130506 0.00882134 0.00838822 0.00845998 0.00860032 0.00854427 0.0109185 0.0101848 0.00826556 0.00809543 0.00812948 0.00801429 0.00823284 0.00929945 0.00957306 0.00810974 0.00792358 0.00829772 0.00859683 0.0130515 
0.0314145 0 0.0032537 0.00325619 0.00322044 0.0037595 0.00866968 0.00620496 0.00698354 0.0185747 0.303956 0.404262 0.0153997 0.0200143 0.0106304 0.00884637 0.00870907 0.0107731 0.00925471 0.012716 0.0124649 0.0340806 0.0214933 0.0311523 0.0122281 0.0477344 0.0138785 0.0217233 0.0119288 0.0255842 0.0194689 0.011874 0.00932344 0.00935371 0.00889209 0.00872668 0.0114632 0.00860701 0.0146945 0.0122316 0.0200965 0.00876833 0.0165938 0.00879076 0.0176011 0.00886841 0.0356449 0.0133217 0.00921163 0.0149243 0.00881133 0.012782 0.00854612 0.0128616 0.00818958 0.00818198 0.00812513 0.0112603 0.00866324 0.0269635 
0.0050973 0.0032537 0 0.00319236 0.0032084 0.0032289 0.00447837 0.00956895 0.0193713 0.816861 0.0731298 0.00900473 0.014659 0.00892305 0.0129156 0.00826638 0.0122474 0.00988174 0.0217911 0.0102895 0.0352243 0.012328 0.0145978 0.0174143 0.0489078 0.0122324 0.068634 0.0153418 0.0385629 0.0145444 0.0128469 0.00903367 0.0128092 0.00883517 0.0115398 0.013949 0.00845973 0.0246848 0.00851025 0.00984775 0.00856572 0.0340593 0.00981226 0.0459556 0.0094662 0.0339342 0.00880242 0.00890491 0.0212194 0.00953465 0.0242102 0.0090417 0.015464 0.00848566 0.00802367 0.00826093 0.00946673 0.00847895 0.0214388 0.0088105 
0.00369527 0.00325619 0.00319236 0 0.00314656 0.00320257 0.00367996 0.0107568 0.917848 0.0381576 0.00968826 0.00953407 0.00705051 0.0105806 0.00825679 0.0150565 0.00940414 0.0118438 0.00886081 0.0331329 0.0108017 0.013064 0.00969037 0.0191573 0.0128228 0.109099 0.0119479 0.125277 0.019465 0.0107985 0.00848082 0.00872641 0.00857962 0.0128745 0.00985309 0.00842815 0.0280924 0.00847144 0.0158725 0.00839109 0.0144911 0.0085046 0.0654557 0.0089472 0.0573185 0.00887667 0.0123511 0.00957883 0.00914154 0.0404427 0.0090356 0.0225605 0.00839675 0.0091747 0.00803949 0.00829791 0.00819356 0.0233806 0.0084671 0.01141 
0.00606364 0.00322044 0.0032084 0.00314656 0 0.00317258 0.0188603 0.947467 0.0223297 0.0147891 0.00656436 0.00700321 0.00951643 0.00769865 0.0161376 0.00816365 0.00910541 0.00812872 0.0148611 0.00953 0.039121 0.0117728 0.0112187 0.013133 0.0270596 0.0104509 0.0419134 0.0130503 0.0337794 0.0119697 0.0110055 0.00865543 0.0100425 0.00850677 0.00886184 0.0126489 0.00840266 0.0125001 0.0083992 0.00956914 0.00829532 0.0201041 0.0088446 0.0182848 0.00872935 0.0174007 0.00839128 0.00833899 0.0166587 0.00878851 0.0123952 0.00850984 0.0104116 0.0081404 0.00806859 0.00803659 0.0108311 0.00824527 0.0133343 0.00824331 
0.00685912 0.0037595 0.0032289 0.00320257 0.00317258 0 0.977815 0.017846 0.00484769 0.00337017 0.00538642 0.00742008 0.00950217 0.0222464 0.00781715 0.00746803 0.00752931 0.00848097 0.00853544 0.0105158 0.0120022 0.015307 0.0179823 0.0131928 0.00968781 0.0127548 0.0122119 0.011039 0.0117629 0.0205456 0.0137818 0.012889 0.0085038 0.00847889 0.00883116 0.0081766 0.009069 0.00826942 0.00892026 0.00959727 0.0198444 0.00840989 0.00976072 0.00878887 0.0101545 0.00857218 0.0106811 0.0121278 0.00875537 0.00998921 0.00841647 0.00873862 0.008239 0.00882008 0.00879626 0.00871018 0.0080176 0.00872884 0.00834524 0.0100634 
0.0133729 0.00866968 0.00447837 0.00367996 0.0188603 0.977815 0 0.0033649 0.00319482 0.00323027 0.00336004 0.00483623 0.0169527 0.00649044 0.00770499 0.00715216 0.0104738 0.00855104 0.0254282 0.0113056 0.0171654 0.0364116 0.0125759 0.0126835 0.0132038 0.0139595 0.0139647 0.0120215 0.011767 0.0204222 0.0296367 0.00987229 0.00866944 0.00854903 0.00857116 0.00906835 0.0087644 0.0101191 0.00971399 0.0139271 0.00954747 0.00963897 0.00977848 0.00988976 0.00964959 0.0113812 0.01886 0.00986455 0.00912027 0.00993442 0.00950424 0.00876339 0.0118187 0.0133133 0.00816983 0.00798229 0.00835563 0.00847645 0.010709 0.0169681 
0.0079787 0.00620496 0.00956895 0.0107568 0.947467 0.017846 0.0033649 0 0.00327678 0.00318762 0.00337244 0.00326523 0.0065951 0.00661551 0.00780232 0.00951369 0.0084345 0.034136 0.0123363 0.0113303 0.0302524 0.0115565 0.0110748 0.0178297 0.0170516 0.0212323 0.0203871 0.0150123 0.0182521 0.0124855 0.014589 0.00878113 0.0094355 0.00913036 0.00941574 0.0103128 0.00916624 0.0100897 0.00992379 0.0088886 0.0093388 0.0109233 0.0118053 0.0109332 0.0138127 0.0125494 0.0107718 0.00932864 0.0116406 0.0110294 0.0107798 0.0115959 0.0101907 0.00848345 0.00801568 0.00822943 0.00891462 0.00958448 0.0124587 0.00953276 
0.00767974 0.00698354 0.0193713 0.917848 0.0223297 0.00484769 0.00319482 0.00327678 0 0.00320501 0.00322404 0.00323161 0.00405186 0.00660922 0.00728129 0.0133471 0.0203881 0.0177003 0.0115371 0.0232141 0.010064 0.0103071 0.0103094 0.0151197 0.0192478 0.0374954 0.0214452 0.0331644 0.0158526 0.0108914 0.00949161 0.00890296 0.00909737 0.0108749 0.011765 0.0100394 0.0163252 0.00987196 0.0105901 0.00874365 0.0116004 0.0101511 0.0284119 0.0169863 0.0251299 0.00957513 0.0116907 0.00950136 0.0109748 0.0243838 0.0159365 0.0174689 0.00872575 0.00858772 0.00803757 0.00847626 0.00850037 0.0199147 0.00911784 0.00959129 
0.00791911 0.0185747 0.816861 0.0381576 0.0147891 0.00337017 0.00323027 0.00318762 0.00320501 0 0.00319028 0.0031887 0.00416946 0.00555548 0.0126477 0.0142318 0.0162455 0.0081734 0.0256662 0.00979415 0.0117162 0.00906982 0.0106696 0.01507 0.0347108 0.020612 0.0376357 0.0260234 0.0151572 0.0100448 0.00978379 0.00996599 0.00967448 0.010696 0.0104552 0.0122122 0.0106639 0.0179245 0.00874533 0.00890961 0.00987537 0.0163482 0.0253589 0.0276721 0.0139117 0.0139656 0.00908102 0.00973622 0.0168798 0.0249108 0.0231174 0.0123261 0.0099657 0.00822787 0.00811037 0.00836123 0.0114119 0.0109713 0.0120951 0.00908348 
0.0114794 0.303956 0.0731298 0.00968826 0.00656436 0.00538642 0.00336004 0.00337244 0.00322404 0.00319028 0 0.00320725 0.00678069 0.0126016 0.0150588 0.0105721 0.00788039 0.0216304 0.00800278 0.00969128 0.0149644 0.00920913 0.0114474 0.0266284 0.0155435 0.021269 0.0192992 0.018609 0.0359941 0.0134531 0.0117719 0.0105144 0.0148903 0.00942288 0.00994374 0.0099722 0.0101952 0.00970917 0.0112235 0.00899582 0.0123998 0.0189625 0.0164231 0.0127979 0.0130751 0.013072 0.00967608 0.0110591 0.0204356 0.0147685 0.0124776 0.01079 0.00996991 0.00843419 0.00839891 0.00877392 0.00888802 0.0101581 0.0113108 0.0099161 
0.077492 0.404262 0.00900473 0.00953407 0.00700321 0.00742008 0.00483623 0.00326523 0.00323161 0.0031887 0.00320725 0 0.0124791 0.029073 0.0126299 0.00659145 0.00838477 0.00602032 0.00787706 0.00903318 0.013351 0.0160711 0.0230356 0.0186733 0.0123697 0.0155557 0.0113731 0.0133747 0.0150202 0.0401141 0.0170801 0.0203702 0.00989305 0.0103529 0.00947659 0.00893698 0.0105546 0.00902505 0.0105514 0.0121217 0.0404912 0.00961835 0.0118272 0.00933148 0.0119051 0.0093189 0.01379 0.02005 0.0102978 0.0114488 0.00918803 0.0101471 0.00871205 0.0106589 0.0100987 0.00867443 0.00838571 0.00995055 0.00912595 0.0162099 
0.14218 0.0153997 0.014659 0.00705051 0.00951643 0.00950217 0.0169527 0.0065951 0.00405186 0.00416946 0.00678069 0.0124791 0 0.0065463 0.0057763 0.00353347 0.00364819 0.00358421 0.00448106 0.00467656 0.00739464 0.0111711 0.0128499 0.0107548 0.00993014 0.00835936 0.0112595 0.00848801 0.0103597 0.0145346 0.181014 0.0169236 0.00968414 0.00849501 0.0085271 0.00951289 0.00846648 0.0133073 0.00844981 0.0176245 0.01048 0.0152489 0.00826976 0.0109676 0.00820536 0.0112571 0.0109659 0.0114758 0.0102963 0.00823805 0.00929428 0.00813932 0.0104866 0.0103251 0.0136101 0.00828869 0.00936954 0.00798413 0.0135376 0.0107332 
0.0188411 0.0200143 0.00892305 0.0105806 0.00769865 0.0222464 0.00649044 0.00661551 0.00660922 0.00555548 0.0126016 0.029073 0.0065463 0 0.00320907 0.00319333 0.00322066 0.00318469 0.00327653 0.00337967 0.00365587 0.00641473 0.00891858 0.0106226 0.00878951 0.010785 0.0088655 0.0126463 0.0132945 0.0540567 0.0184264 0.0104511 0.00873137 0.00891087 0.00875984 0.00844772 0.0111001 0.0086954 0.0105608 0.0126554 0.0190319 0.00869285 0.0117818 0.00877953 0.0121843 0.00854531 0.0398904 0.0127175 0.00889275 0.010018 0.00872884 0.00969292 0.0085321 0.0150323 0.00864079 0.00843086 0.00819561 0.0107432 0.00872332 0.0272815 
0.00982508 0.0106304 0.0129156 0.00825679 0.0161376 0.00781715 0.00770499 0.00780232 0.00728129 0.0126477 0.0150588 0.0126299 0.0057763 0.00320907 0 0.00313979 0.00316276 0.00319281 0.00337238 0.00351322 0.00471703 0.00376813 0.00704442 0.00872139 0.00863664 0.0087179 0.0128393 0.0116935 0.0395261 0.0138045 0.0110844 0.00879862 0.00931068 0.00834707 0.00848637 0.00931747 0.00841128 0.0109868 0.0221704 0.00852427 0.00889213 0.0106528 0.008657 0.0108708 0.00848636 0.0222478 0.00847685 0.00843311 0.0104289 0.00855923 0.00970313 0.0085454 0.00975062 0.0081989 0.00807545 0.00802444 0.00849125 0.00832217 0.0113307 0.00856927 
0.00818875 0.00884637 0.00826638 0.0150565 0.00816365 0.00746803 0.00715216 0.00951369 0.0133471 0.0142318 0.0105721 0.00659145 0.00353347 0.00319333 0.00313979 0 0.00312718 0.00330971 0.00316876 0.00321664 0.00333321 0.00320686 0.00604952 0.00689367 0.00821424 0.0127633 0.00930057 0.0289788 0.0166157 0.00971984 0.00767236 0.00823709 0.00829986 0.00865493 0.00849589 0.00837878 0.00974834 0.0243664 0.00868754 0.00821912 0.0096026 0.00850172 0.0138932 0.00894641 0.0277115 0.00860391 0.00892659 0.00846989 0.00858953 0.0107823 0.00872099 0.01085 0.008252 0.0081418 0.00798188 0.00812724 0.00812637 0.0106523 0.00838819 0.00931356 
0.00853583 0.00870907 0.0122474 0.00940414 0.00910541 0.00752931 0.0104738 0.0084345 0.0203881 0.0162455 0.00788039 0.00838477 0.00364819 0.00322066 0.00316276 0.00312718 0 0.00327581 0.00315505 0.00321372 0.00322223 0.00326088 0.00602374 0.00669408 0.00944292 0.00840204 0.0241493 0.0332746 0.00952819 0.00803199 0.00787405 0.00834383 0.00841119 0.00848713 0.00878867 0.00977339 0.010533 0.00960955 0.00840555 0.00855555 0.00911785 0.00946735 0.00911548 0.0382666 0.00901074 0.013917 0.00853649 0.00840419 0.00915948 0.00884069 0.0100469 0.00865423 0.00852266 0.0081937 0.00810323 0.0080572 0.00933938 0.00910385 0.00877469 0.0086054 
0.00833326 0.0107731 0.00988174 0.0118438 0.00812872 0.00848097 0.00855104 0.034136 0.0177003 0.0081734 0.0216304 0.00602032 0.00358421 0.00318469 0.00319281 0.00330971 0.00327581 0 0.00313062 0.00321716 0.00318408 0.00323301 0.00538696 0.00711194 0.00791559 0.0305447 0.0255583 0.0174928 0.00817077 0.00812256 0.00741063 0.0081053 0.00841819 0.00866197 0.00879642 0.011901 0.00978025 0.00852635 0.00916098 0.00827119 0.00974784 0.00868906 0.0456658 0.00910151 0.0165959 0.00864976 0.00895783 0.00850831 0.00874046 0.0137575 0.00892917 0.0125891 0.00835294 0.0082027 0.00804444 0.0116617 0.00824384 0.0101413 0.00857984 0.00921875 
0.00873096 0.00925471 0.0217911 0.00886081 0.0148611 0.00853544 0.0254282 0.0123363 0.0115371 0.0256662 0.00800278 0.00787706 0.00448106 0.00327653 0.00337238 0.00316876 0.00315505 0.00313062 0 0.00314483 0.00318567 0.00316926 0.00551299 0.00698102 0.0358603 0.0190691 0.0225003 0.00983539 0.011089 0.00932043 0.00792667 0.00845261 0.00919339 0.00859008 0.0101772 0.0120547 0.00843736 0.0150183 0.00838204 0.00943966 0.00860887 0.0439209 0.00952313 0.0455721 0.00915636 0.0141534 0.00862642 0.00857119 0.0154659 0.00962095 0.0242345 0.00907706 0.0106456 0.00814259 0.00815413 0.00799619 0.011199 0.00903813 0.0146988 0.00849244 
0.00887036 0.012716 0.0102895 0.0331329 0.00953 0.0105158 0.0113056 0.0113303 0.0232141 0.00979415 0.00969128 0.00903318 0.00467656 0.00337967 0.00351322 0.00321664 0.00321372 0.00321716 0.00314483 0 0.00316849 0.00317131 0.00557061 0.0271145 0.0261989 0.0271958 0.00902226 0.0148143 0.00878654 0.00901961 0.00782182 0.0087147 0.00881403 0.0123255 0.0108547 0.00904621 0.0148474 0.00875248 0.0117311 0.00860177 0.0236124 0.00899341 0.0497121 0.00953073 0.033001 0.00944936 0.0102398 0.0100261 0.0102851 0.0375677 0.0101912 0.0207628 0.00874861 0.00871467 0.00808734 0.00904602 0.00851271 0.0182625 0.00867515 0.0109204 
0.0104604 0.0124649 0.0352243 0.0108017 0.039121 0.0120022 0.0171654 0.0302524 0.010064 0.0117162 0.0149644 0.013351 0.00739464 0.00365587 0.00471703 0.00333321 0.00322223 0.00318408 0.00318567 0.00316849 0 0.00318352 0.033709 0.0233214 0.0261292 0.0099184 0.0181014 0.00965279 0.0188969 0.0128629 0.00891777 0.00958403 0.0155658 0.00927284 0.00959357 0.0129464 0.00876871 0.0132801 0.00959291 0.012159 0.00964043 0.0371974 0.0100644 0.0189657 0.010079 0.0299048 0.00979036 0.00968792 0.0284674 0.0109466 0.0158165 0.00985405 0.0133388 0.00848391 0.00861466 0.00859177 0.00996021 0.00917017 0.019105 0.00953727 
0.0170269 0.0340806 0.012328 0.013064 0.0117728 0.015307 0.0364116 0.0115565 0.0103071 0.00906982 0.00920913 0.0160711 0.0111711 0.00641473 0.00376813 0.00320686 0.00326088 0.00323301 0.00316926 0.00317131 0.00318352 0 0.0247242 0.0247783 0.0182528 0.0075507 0.0105145 0.00876875 0.00896859 0.0226493 0.013808 0.0220696 0.00894198 0.00875768 0.0102369 0.00899776 0.00989627 0.00926643 0.0163887 0.0172433 0.0339857 0.0111689 0.0114984 0.0100041 0.0110482 0.00982758 0.0131321 0.0197303 0.010456 0.0112328 0.0096014 0.00992944 0.00885915 0.00984802 0.0115278 0.00874129 0.00842017 0.00899338 0.00931638 0.0118964 
0.0159657 0.0214933 0.0145978 0.00969037 0.0112187 0.0179823 0.0125759 0.0110748 0.0103094 0.0106696 0.0114474 0.0230356 0.0128499 0.00891858 0.00704442 0.00604952 0.00602374 0.00538696 0.00551299 0.00557061 0.033709 0.0247242 0 0.00323101 0.00319521 0.00320888 0.0032302 0.00320401 0.00364369 0.00432076 0.0114964 0.0137476 0.00784124 0.0084558 0.008449 0.00959089 0.00931202 0.0110648 0.0131516 0.272377 0.0206208 0.0136423 0.0112399 0.011275 0.0120133 0.0102062 0.0184807 0.0189435 0.0147428 0.0106902 0.0111635 0.00943894 0.0105612 0.014039 0.00946506 0.00877979 0.00857842 0.0103917 0.0102821 0.0186025 
0.010885 0.0311523 0.0174143 0.0191573 0.013133 0.0131928 0.0126835 0.0178297 0.0151197 0.01507 0.0266284 0.0186733 0.0107548 0.0106226 0.00872139 0.00689367 0.00669408 0.00711194 0.00698102 0.0271145 0.0233214 0.0247783 0.00323101 0 0.00318992 0.00323484 0.00321868 0.00412499 0.00402524 0.00415997 0.00619192 0.00721478 0.0135051 0.00898182 0.01096 0.0185832 0.0153801 0.0192387 0.398715 0.0103171 0.0355303 0.0142971 0.0376675 0.0118011 0.0240288 0.0125598 0.02044 0.0169225 0.0294082 0.0301454 0.0118246 0.0243628 0.0111967 0.0197591 0.00843193 0.0108478 0.009117 0.0162707 0.0136441 0.0167124 
0.00955905 0.0122281 0.0489078 0.0128228 0.0270596 0.00968781 0.0132038 0.0170516 0.0192478 0.0347108 0.0155435 0.0123697 0.00993014 0.00878951 0.00863664 0.00821424 0.00944292 0.00791559 0.0358603 0.0261989 0.0261292 0.0182528 0.00319521 0.00318992 0 0.00316657 0.00320883 0.00322392 0.00343603 0.00384998 0.00463171 0.00703403 0.00947074 0.0112909 0.0151925 0.0324001 0.0128537 0.51972 0.0100725 0.0116945 0.00964847 0.0642419 0.0149473 0.0864358 0.0128052 0.0442553 0.00960269 0.0112474 0.0656999 0.0194612 0.0833245 0.0123425 0.032693 0.0090368 0.00867533 0.00889386 0.0253591 0.0123273 0.0374579 0.00935833 
0.00948591 0.0477344 0.0122324 0.109099 0.0104509 0.0127548 0.0139595 0.0212323 0.0374954 0.020612 0.021269 0.0155557 0.00835936 0.010785 0.0087179 0.0127633 0.00840204 0.0305447 0.0190691 0.0271958 0.0099184 0.0075507 0.00320888 0.00323484 0.00316657 0 0.00328724 0.0031893 0.0031924 0.00329126 0.00354997 0.00776302 0.0121882 0.016035 0.0166172 0.0213508 0.619607 0.0120221 0.02149 0.00914891 0.0309227 0.0103762 0.199066 0.0112794 0.163565 0.0102023 0.0258089 0.0227365 0.0150788 0.175009 0.0137452 0.110206 0.00946615 0.011286 0.00851546 0.0119661 0.0093787 0.0857218 0.00959139 0.020906 
0.00966871 0.0138785 0.068634 0.0119479 0.0419134 0.0122119 0.0139647 0.0203871 0.0214452 0.0376357 0.0192992 0.0113731 0.0112595 0.0088655 0.0128393 0.00930057 0.0241493 0.0255583 0.0225003 0.00902226 0.0181014 0.0105145 0.0032302 0.00321868 0.00320883 0.00328724 0 0.00322628 0.00318638 0.00326415 0.00399043 0.0108723 0.0110112 0.0113159 0.0284064 0.595512 0.0094709 0.0342035 0.0090066 0.0114858 0.00987413 0.062517 0.0133388 0.149058 0.0126187 0.0486217 0.0107335 0.0130324 0.0682946 0.0165289 0.127463 0.0121887 0.0224958 0.00912201 0.00887 0.00913028 0.0295259 0.0107822 0.0445259 0.00981026 
0.00884727 0.0217233 0.0153418 0.125277 0.0130503 0.011039 0.0120215 0.0150123 0.0331644 0.0260234 0.018609 0.0133747 0.00848801 0.0126463 0.0116935 0.0289788 0.0332746 0.0174928 0.00983539 0.0148143 0.00965279 0.00876875 0.00320401 0.00412499 0.00322392 0.0031893 0.00322628 0 0.003155 0.00317459 0.00346676 0.0103565 0.0108295 0.0479757 0.396012 0.0101008 0.0359907 0.00969199 0.0117032 0.00909707 0.0168945 0.0108567 0.105837 0.0133725 0.0763551 0.0126639 0.0156771 0.0165655 0.015681 0.0943012 0.0180815 0.0514239 0.0111349 0.00984276 0.0083807 0.0115409 0.0105895 0.0354174 0.0110368 0.0137072 
0.00961563 0.0119288 0.0385629 0.019465 0.0337794 0.0117629 0.011767 0.0182521 0.0158526 0.0151572 0.0359941 0.0150202 0.0103597 0.0132945 0.0395261 0.0166157 0.00952819 0.00817077 0.011089 0.00878654 0.0188969 0.00896859 0.00364369 0.00402524 0.00343603 0.0031924 0.00318638 0.003155 0 0.00321528 0.0178182 0.0183577 0.187265 0.080669 0.0087989 0.0108388 0.00890607 0.00899466 0.0157945 0.0101879 0.0105949 0.0204516 0.0155121 0.0169024 0.0131114 0.0354472 0.0119486 0.0110349 0.0288537 0.0172882 0.018451 0.0136841 0.0171782 0.0090917 0.00890252 0.00931198 0.0103244 0.0105353 0.0166341 0.0101866 
0.0116892 0.0255842 0.0145444 0.0107985 0.0119697 0.0205456 0.0204222 0.0124855 0.0108914 0.0100448 0.0134531 0.0401141 0.0145346 0.0540567 0.0138045 0.00971984 0.00803199 0.00812256 0.00932043 0.00901961 0.0128629 0.0226493 0.00432076 0.00415997 0.00384998 0.00329126 0.00326415 0.00317459 0.00321528 0 0.0312124 0.163169 0.0653071 0.00734554 0.00815527 0.00891864 0.00782951 0.0100765 0.00820917 0.0216589 0.0169516 0.0105928 0.0110287 0.0116149 0.0114411 0.0148051 0.0217844 0.0170937 0.0124201 0.0126533 0.014039 0.010999 0.0109207 0.0132613 0.0100136 0.00851207 0.00856697 0.00910572 0.0117089 0.0135522 
0.0660437 0.0194689 0.0128469 0.00848082 0.0110055 0.0137818 0.0296367 0.014589 0.00949161 0.00978379 0.0117719 0.0170801 0.181014 0.0184264 0.0110844 0.00767236 0.00787405 0.00741063 0.00792667 0.00782182 0.00891777 0.013808 0.0114964 0.00619192 0.00463171 0.00354997 0.00399043 0.00346676 0.0178182 0.0312124 0 0.102319 0.00441904 0.00331138 0.00340267 0.00371253 0.00431526 0.00505062 0.00481643 0.00839457 0.0189529 0.0161487 0.00873885 0.0126243 0.00885094 0.0118906 0.0120993 0.0215905 0.0131422 0.00897501 0.010437 0.00884565 0.0122049 0.0120224 0.0250154 0.00965635 0.009667 0.00878717 0.0158423 0.0137266 
0.0106537 0.011874 0.00903367 0.00872641 0.00865543 0.012889 0.00987229 0.00878113 0.00890296 0.00996599 0.0105144 0.0203702 0.0169236 0.0104511 0.00879862 0.00823709 0.00834383 0.0081053 0.00845261 0.0087147 0.00958403 0.0220696 0.0137476 0.00721478 0.00703403 0.00776302 0.0108723 0.0103565 0.0183577 0.163169 0.102319 0 0.00325951 0.00319463 0.00317727 0.00350444 0.00374829 0.0048189 0.00425304 0.0147734 0.0114486 0.00884885 0.0106581 0.00954811 0.0101167 0.00897026 0.0236483 0.0145895 0.0107003 0.00983595 0.00924655 0.00919941 0.0101611 0.0146427 0.0101426 0.00848188 0.00889728 0.00928743 0.010274 0.0210413 
0.00824831 0.00932344 0.0128092 0.00857962 0.0100425 0.0085038 0.00866944 0.0094355 0.00909737 0.00967448 0.0148903 0.00989305 0.00968414 0.00873137 0.00931068 0.00829986 0.00841119 0.00841819 0.00919339 0.00881403 0.0155658 0.00894198 0.00784124 0.0135051 0.00947074 0.0121882 0.0110112 0.0108295 0.187265 0.0653071 0.00441904 0.00325951 0 0.00314794 0.00315663 0.00318541 0.00326145 0.00445641 0.00405717 0.0112467 0.00793554 0.0332225 0.00909439 0.0123682 0.00900242 0.0218852 0.00961588 0.00975032 0.014078 0.00955478 0.0114662 0.00993718 0.0145586 0.00855565 0.00844268 0.00858282 0.00943963 0.00874004 0.0212046 0.00891968 
0.00812741 0.00935371 0.00883517 0.0128745 0.00850677 0.00847889 0.00854903 0.00913036 0.0108749 0.010696 0.00942288 0.0103529 0.00849501 0.00891087 0.00834707 0.00865493 0.00848713 0.00866197 0.00859008 0.0123255 0.00927284 0.00875768 0.0084558 0.00898182 0.0112909 0.016035 0.0113159 0.0479757 0.080669 0.00734554 0.00331138 0.00319463 0.00314794 0 0.00312457 0.00315035 0.00348337 0.00321276 0.00371959 0.00315579 0.0103633 0.00814023 0.0144284 0.00867137 0.0162507 0.00978284 0.0167631 0.00909824 0.00926055 0.0129732 0.010308 0.0153633 0.0088668 0.00882631 0.00823417 0.00853402 0.00859299 0.0202941 0.00914506 0.011739 
0.00818557 0.00889209 0.0115398 0.00985309 0.00886184 0.00883116 0.00857116 0.00941574 0.011765 0.0104552 0.00994374 0.00947659 0.0085271 0.00875984 0.00848637 0.00849589 0.00878867 0.00879642 0.0101772 0.0108547 0.00959357 0.0102369 0.008449 0.01096 0.0151925 0.0166172 0.0284064 0.396012 0.0087989 0.00815527 0.00340267 0.00317727 0.00315663 0.00312457 0 0.00368325 0.00326252 0.00345975 0.00333514 0.00320321 0.0101323 0.00909648 0.0105521 0.0106754 0.0166843 0.0128682 0.0111561 0.00917075 0.0105836 0.0127481 0.0110127 0.0113922 0.009152 0.00860938 0.00831246 0.00848422 0.00910769 0.0100346 0.00951107 0.0107836 
0.00803705 0.00872668 0.013949 0.00842815 0.0126489 0.0081766 0.00906835 0.0103128 0.0100394 0.0122122 0.0099722 0.00893698 0.00951289 0.00844772 0.00931747 0.00837878 0.00977339 0.011901 0.0120547 0.00904621 0.0129464 0.00899776 0.00959089 0.0185832 0.0324001 0.0213508 0.595512 0.0101008 0.0108388 0.00891864 0.00371253 0.00350444 0.00318541 0.00315035 0.00368325 0 0.00322081 0.00348496 0.00320197 0.0042156 0.00727171 0.014816 0.00854938 0.0650052 0.00934154 0.0248166 0.00786616 0.00866185 0.0177057 0.00928986 0.0227209 0.00851441 0.0122116 0.00805842 0.00860468 0.00832731 0.0114783 0.00845016 0.0261922 0.00825595 
0.00842664 0.0114632 0.00845973 0.0280924 0.00840266 0.009069 0.0087644 0.00916624 0.0163252 0.0106639 0.0101952 0.0105546 0.00846648 0.0111001 0.00841128 0.00974834 0.010533 0.00978025 0.00843736 0.0148474 0.00876871 0.00989627 0.00931202 0.0153801 0.0128537 0.619607 0.0094709 0.0359907 0.00890607 0.00782951 0.00431526 0.00374829 0.00326145 0.00348337 0.00326252 0.00322081 0 0.00317777 0.00341753 0.00320861 0.0305365 0.00740818 0.0997765 0.0106511 0.0463142 0.00799934 0.0158602 0.0118877 0.00847731 0.0330053 0.00827702 0.0266703 0.00830749 0.0109537 0.00851082 0.0102947 0.00828697 0.0580065 0.00840533 0.0180402 
0.00850769 0.00860701 0.0246848 0.00847144 0.0125001 0.00826942 0.0101191 0.0100897 0.00987196 0.0179245 0.00970917 0.00902505 0.0133073 0.0086954 0.0109868 0.0243664 0.00960955 0.00852635 0.0150183 0.00875248 0.0132801 0.00926643 0.0110648 0.0192387 0.51972 0.0120221 0.0342035 0.00969199 0.00899466 0.0100765 0.00505062 0.0048189 0.00445641 0.00321276 0.00345975 0.00348496 0.00317777 0 0.00314116 0.00352526 0.00701194 0.0982302 0.00908254 0.084232 0.00807926 0.0235511 0.00802714 0.00893888 0.0272884 0.00845382 0.0316209 0.00839928 0.0181305 0.00825285 0.00968287 0.00817441 0.0474125 0.0084511 0.0381877 0.00837292 
0.00851343 0.0146945 0.00851025 0.0158725 0.0083992 0.00892026 0.00971399 0.00992379 0.0105901 0.00874533 0.0112235 0.0105514 0.00844981 0.0105608 0.0221704 0.00868754 0.00840555 0.00916098 0.00838204 0.0117311 0.00959291 0.0163887 0.0131516 0.398715 0.0100725 0.02149 0.0090066 0.0117032 0.0157945 0.00820917 0.00481643 0.00425304 0.00405717 0.00371959 0.00333514 0.00320197 0.00341753 0.00314116 0 0.0032139 0.087167 0.00800725 0.0360748 0.00767648 0.0240437 0.00775189 0.0112897 0.0119319 0.00854095 0.0240785 0.00821239 0.0265507 0.00816634 0.0102259 0.00844488 0.0152105 0.0082596 0.0379297 0.00841112 0.0191084 
0.0105025 0.0122316 0.00984775 0.00839109 0.00956914 0.00959727 0.0139271 0.0088886 0.00874365 0.00890961 0.00899582 0.0121217 0.0176245 0.0126554 0.00852427 0.00821912 0.00855555 0.00827119 0.00943966 0.00860177 0.012159 0.0172433 0.272377 0.0103171 0.0116945 0.00914891 0.0114858 0.00909707 0.0101879 0.0216589 0.00839457 0.0147734 0.0112467 0.00315579 0.00320321 0.0042156 0.00320861 0.00352526 0.0032139 0 0.0137861 0.0135805 0.00742655 0.0103723 0.00764925 0.0102786 0.00964457 0.0116778 0.0118412 0.00874729 0.0120535 0.00851636 0.0127935 0.00900994 0.0160091 0.00814633 0.0103162 0.00845431 0.0148934 0.00924658 
0.0130506 0.0200965 0.00856572 0.0144911 0.00829532 0.0198444 0.00954747 0.0093388 0.0116004 0.00987537 0.0123998 0.0404912 0.01048 0.0190319 0.00889213 0.0096026 0.00911785 0.00974784 0.00860887 0.0236124 0.00964043 0.0339857 0.0206208 0.0355303 0.00964847 0.0309227 0.00987413 0.0168945 0.0105949 0.0169516 0.0189529 0.0114486 0.00793554 0.0103633 0.0101323 0.00727171 0.0305365 0.00701194 0.087167 0.0137861 0 0.00321255 0.00350829 0.00323235 0.00408529 0.00328703 0.00646233 0.0149455 0.00686878 0.0162185 0.00726333 0.019497 0.00939218 0.913474 0.0109224 0.0126002 0.00838934 0.0328824 0.00907345 0.163416 
0.00882134 0.00876833 0.0340593 0.0085046 0.0201041 0.00840989 0.00963897 0.0109233 0.0101511 0.0163482 0.0189625 0.00961835 0.0152489 0.00869285 0.0106528 0.00850172 0.00946735 0.00868906 0.0439209 0.00899341 0.0371974 0.0111689 0.0136423 0.0142971 0.0642419 0.0103762 0.062517 0.0108567 0.0204516 0.0105928 0.0161487 0.00884885 0.0332225 0.00814023 0.00909648 0.014816 0.00740818 0.0982302 0.00800725 0.0135805 0.00321255 0 0.0031959 0.00330217 0.00320738 0.00380699 0.00331572 0.00634341 0.0248459 0.00686147 0.014075 0.00810138 0.95651 0.00901743 0.0103212 0.00861371 0.0322927 0.00835723 0.168005 0.00887307 
0.00838822 0.0165938 0.00981226 0.0654557 0.0088446 0.00976072 0.00977848 0.0118053 0.0284119 0.0253589 0.0164231 0.0118272 0.00826976 0.0117818 0.008657 0.0138932 0.00911548 0.0456658 0.00952313 0.0497121 0.0100644 0.0114984 0.0112399 0.0376675 0.0149473 0.199066 0.0133388 0.105837 0.0155121 0.0110287 0.00873885 0.0106581 0.00909439 0.0144284 0.0105521 0.00854938 0.0997765 0.00908254 0.0360748 0.00742655 0.00350829 0.0031959 0 0.00322159 0.00330313 0.00321199 0.00470604 0.00997026 0.00725654 0.0202658 0.00814768 0.970788 0.0080204 0.0087149 0.00802742 0.0135986 0.00830711 0.148069 0.00887819 0.0322654 
0.00845998 0.00879076 0.0459556 0.0089472 0.0182848 0.00878887 0.00988976 0.0109332 0.0169863 0.0276721 0.0127979 0.00933148 0.0109676 0.00877953 0.0108708 0.00894641 0.0382666 0.00910151 0.0455721 0.00953073 0.0189657 0.0100041 0.011275 0.0118011 0.0864358 0.0112794 0.149058 0.0133725 0.0169024 0.0116149 0.0126243 0.00954811 0.0123682 0.00867137 0.0106754 0.0650052 0.0106511 0.084232 0.00767648 0.0103723 0.00323235 0.00330217 0.00322159 0 0.00315318 0.00319972 0.00320153 0.00538781 0.0143575 0.00838266 0.955649 0.00842262 0.0102158 0.0067649 0.00904692 0.00806884 0.0504617 0.00839149 0.0519959 0.00887351 
0.00860032 0.0176011 0.0094662 0.0573185 0.00872935 0.0101545 0.00964959 0.0138127 0.0251299 0.0139117 0.0130751 0.0119051 0.00820536 0.0121843 0.00848636 0.0277115 0.00901074 0.0165959 0.00915636 0.033001 0.010079 0.0110482 0.0120133 0.0240288 0.0128052 0.163565 0.0126187 0.0763551 0.0131114 0.0114411 0.00885094 0.0101167 0.00900242 0.0162507 0.0166843 0.00934154 0.0463142 0.00807926 0.0240437 0.00764925 0.00408529 0.00320738 0.00330313 0.00315318 0 0.00316703 0.00319209 0.00847192 0.00651631 0.965353 0.00802256 0.0186364 0.00692427 0.00844804 0.0077673 0.0127573 0.00821455 0.0543372 0.0083037 0.0344705 
0.00854427 0.00886841 0.0339342 0.00887667 0.0174007 0.00857218 0.0113812 0.0125494 0.00957513 0.0139656 0.013072 0.0093189 0.0112571 0.00854531 0.0222478 0.00860391 0.013917 0.00864976 0.0141534 0.00944936 0.0299048 0.00982758 0.0102062 0.0125598 0.0442553 0.0102023 0.0486217 0.0126639 0.0354472 0.0148051 0.0118906 0.00897026 0.0218852 0.00978284 0.0128682 0.0248166 0.00799934 0.0235511 0.00775189 0.0102786 0.00328703 0.00380699 0.00321199 0.00319972 0.00316703 0 0.00316052 0.00450442 0.966668 0.00707077 0.0128864 0.00655746 0.0101911 0.00590075 0.00912106 0.00814358 0.0149959 0.00803269 0.0532296 0.00885337 
0.0109185 0.0356449 0.00880242 0.0123511 0.00839128 0.0106811 0.01886 0.0107718 0.0116907 0.00908102 0.00967608 0.01379 0.0109659 0.0398904 0.00847685 0.00892659 0.00853649 0.00895783 0.00862642 0.0102398 0.00979036 0.0131321 0.0184807 0.02044 0.00960269 0.0258089 0.0107335 0.0156771 0.0119486 0.0217844 0.0120993 0.0236483 0.00961588 0.0167631 0.0111561 0.00786616 0.0158602 0.00802714 0.0112897 0.00964457 0.00646233 0.00331572 0.00470604 0.00320153 0.00319209 0.00316052 0 0.981465 0.00535969 0.0103418 0.00496899 0.0105846 0.00579479 0.00684545 0.0118731 0.00917112 0.00740582 0.0183472 0.0089472 0.0328142 
0.0101848 0.0133217 0.00890491 0.00957883 0.00833899 0.0121278 0.00986455 0.00932864 0.00950136 0.00973622 0.0110591 0.02005 0.0114758 0.0127175 0.00843311 0.00846989 0.00840419 0.00850831 0.00857119 0.0100261 0.00968792 0.0197303 0.0189435 0.0169225 0.0112474 0.0227365 0.0130324 0.0165655 0.0110349 0.0170937 0.0215905 0.0145895 0.00975032 0.00909824 0.00917075 0.00866185 0.0118877 0.00893888 0.0119319 0.0116778 0.0149455 0.00634341 0.00997026 0.00538781 0.00847192 0.00450442 0.981465 0 0.00324158 0.00324808 0.00320992 0.00325439 0.00328869 0.00402788 0.00782612 0.00665057 0.00707272 0.0126365 0.0103003 0.913233 
0.00826556 0.00921163 0.0212194 0.00914154 0.0166587 0.00875537 0.00912027 0.0116406 0.0109748 0.0168798 0.0204356 0.0102978 0.0102963 0.00889275 0.0104289 0.00858953 0.00915948 0.00874046 0.0154659 0.0102851 0.0284674 0.010456 0.0147428 0.0294082 0.0656999 0.0150788 0.0682946 0.015681 0.0288537 0.0124201 0.0131422 0.0107003 0.014078 0.00926055 0.0105836 0.0177057 0.00847731 0.0272884 0.00854095 0.0118412 0.00686878 0.0248459 0.00725654 0.0143575 0.00651631 0.966668 0.00535969 0.00324158 0 0.00323207 0.00317899 0.00327276 0.00329754 0.00323238 0.00559194 0.00634821 0.0103428 0.00758559 0.958191 0.026342 
0.00809543 0.0149243 0.00953465 0.0404427 0.00878851 0.00998921 0.00993442 0.0110294 0.0243838 0.0249108 0.0147685 0.0114488 0.00823805 0.010018 0.00855923 0.0107823 0.00884069 0.0137575 0.00962095 0.0375677 0.0109466 0.0112328 0.0106902 0.0301454 0.0194612 0.175009 0.0165289 0.0943012 0.0172882 0.0126533 0.00897501 0.00983595 0.00955478 0.0129732 0.0127481 0.00928986 0.0330053 0.00845382 0.0240785 0.00874729 0.0162185 0.00686147 0.0202658 0.00838266 0.965353 0.00707077 0.0103418 0.00324808 0.00323207 0 0.00321603 0.00320743 0.00323176 0.00326444 0.00534271 0.00667847 0.00643953 0.927066 0.0139001 0.0230342 
0.00812948 0.00881133 0.0242102 0.0090356 0.0123952 0.00841647 0.00950424 0.0107798 0.0159365 0.0231174 0.0124776 0.00918803 0.00929428 0.00872884 0.00970313 0.00872099 0.0100469 0.00892917 0.0242345 0.0101912 0.0158165 0.0096014 0.0111635 0.0118246 0.0833245 0.0137452 0.127463 0.0180815 0.018451 0.014039 0.010437 0.00924655 0.0114662 0.010308 0.0110127 0.0227209 0.00827702 0.0316209 0.00821239 0.0120535 0.00726333 0.014075 0.00814768 0.955649 0.00802256 0.0128864 0.00496899 0.00320992 0.00317899 0.00321603 0 0.0031537 0.00319229 0.0031593 0.00527954 0.0060096 0.940368 0.0113297 0.0246531 0.00852193 
0.00801429 0.012782 0.0090417 0.0225605 0.00850984 0.00873862 0.00876339 0.0115959 0.0174689 0.0123261 0.01079 0.0101471 0.00813932 0.00969292 0.0085454 0.01085 0.00865423 0.0125891 0.00907706 0.0207628 0.00985405 0.00992944 0.00943894 0.0243628 0.0123425 0.110206 0.0121887 0.0514239 0.0136841 0.010999 0.00884565 0.00919941 0.00993718 0.0153633 0.0113922 0.00851441 0.0266703 0.00839928 0.0265507 0.00851636 0.019497 0.00810138 0.970788 0.00842262 0.0186364 0.00655746 0.0105846 0.00325439 0.00327276 0.00320743 0.0031537 0 0.00316277 0.00316319 0.00503459 0.900578 0.022537 0.0381029 0.007324 0.0254502 
0.00823284 0.00854612 0.015464 0.00839675 0.0104116 0.008239 0.0118187 0.0101907 0.00872575 0.0099657 0.00996991 0.00871205 0.0104866 0.0085321 0.00975062 0.008252 0.00852266 0.00835294 0.0106456 0.00874861 0.0133388 0.00885915 0.0105612 0.0111967 0.032693 0.00946615 0.0224958 0.0111349 0.0171782 0.0109207 0.0122049 0.0101611 0.0145586 0.0088668 0.009152 0.0122116 0.00830749 0.0181305 0.00816634 0.0127935 0.00939218 0.95651 0.0080204 0.0102158 0.00692427 0.0101911 0.00579479 0.00328869 0.00329754 0.00323176 0.00319229 0.00316277 0 0.00325184 0.900615 0.0272665 0.0113909 0.00586552 0.0157078 0.00649336 
0.00929945 0.0128616 0.00848566 0.0091747 0.0081404 0.00882008 0.0133133 0.00848345 0.00858772 0.00822787 0.00843419 0.0106589 0.0103251 0.0150323 0.0081989 0.0081418 0.0081937 0.0082027 0.00814259 0.00871467 0.00848391 0.00984802 0.014039 0.0197591 0.0090368 0.011286 0.00912201 0.00984276 0.0090917 0.0132613 0.0120224 0.0146427 0.00855565 0.00882631 0.00860938 0.00805842 0.0109537 0.00825285 0.0102259 0.00900994 0.913474 0.00901743 0.0087149 0.0067649 0.00844804 0.00590075 0.00684545 0.00402788 0.00323238 0.00326444 0.0031593 0.00316319 0.00325184 0 0.062738 0.00461404 0.00367403 0.00682397 0.0053259 0.0129627 
0.00957306 0.00818958 0.00802367 0.00803949 0.00806859 0.00879626 0.00816983 0.00801568 0.00803757 0.00811037 0.00839891 0.0100987 0.0136101 0.00864079 0.00807545 0.00798188 0.00810323 0.00804444 0.00815413 0.00808734 0.00861466 0.0115278 0.00946506 0.00843193 0.00867533 0.00851546 0.00887 0.0083807 0.00890252 0.0100136 0.0250154 0.0101426 0.00844268 0.00823417 0.00831246 0.00860468 0.00851082 0.00968287 0.00844488 0.0160091 0.0109224 0.0103212 0.00802742 0.00904692 0.0077673 0.00912106 0.0118731 0.00782612 0.00559194 0.00534271 0.00527954 0.00503459 0.900615 0.062738 0 0.00394278 0.00331481 0.00350631 0.00434348 0.0100659 
0.00810974 0.00818198 0.00826093 0.00829791 0.00803659 0.00871018 0.00798229 0.00822943 0.00847626 0.00836123 0.00877392 0.00867443 0.00828869 0.00843086 0.00802444 0.00812724 0.0080572 0.0116617 0.00799619 0.00904602 0.00859177 0.00874129 0.00877979 0.0108478 0.00889386 0.0119661 0.00913028 0.0115409 0.00931198 0.00851207 0.00965635 0.00848188 0.00858282 0.00853402 0.00848422 0.00832731 0.0102947 0.00817441 0.0152105 0.00814633 0.0126002 0.00861371 0.0135986 0.00806884 0.0127573 0.00814358 0.00917112 0.00665057 0.00634821 0.00667847 0.0060096 0.900578 0.0272665 0.00461404 0.00394278 0 0.0031584 0.00317086 0.00338413 0.00408235 
0.00792358 0.00812513 0.00946673 0.00819356 0.0108311 0.0080176 0.00835563 0.00891462 0.00850037 0.0114119 0.00888802 0.00838571 0.00936954 0.00819561 0.00849125 0.00812637 0.00933938 0.00824384 0.011199 0.00851271 0.00996021 0.00842017 0.00857842 0.009117 0.0253591 0.0093787 0.0295259 0.0105895 0.0103244 0.00856697 0.009667 0.00889728 0.00943963 0.00859299 0.00910769 0.0114783 0.00828697 0.0474125 0.0082596 0.0103162 0.00838934 0.0322927 0.00830711 0.0504617 0.00821455 0.0149959 0.00740582 0.00707272 0.0103428 0.00643953 0.940368 0.022537 0.0113909 0.00367403 0.00331481 0.0031584 0 0.00315516 0.00346232 0.00319509 
0.00829772 0.0112603 0.00847895 0.0233806 0.00824527 0.00872884 0.00847645 0.00958448 0.0199147 0.0109713 0.0101581 0.00995055 0.00798413 0.0107432 0.00832217 0.0106523 0.00910385 0.0101413 0.00903813 0.0182625 0.00917017 0.00899338 0.0103917 0.0162707 0.0123273 0.0857218 0.0107822 0.0354174 0.0105353 0.00910572 0.00878717 0.00928743 0.00874004 0.0202941 0.0100346 0.00845016 0.0580065 0.0084511 0.0379297 0.00845431 0.0328824 0.00835723 0.148069 0.00839149 0.0543372 0.00803269 0.0183472 0.0126365 0.00758559 0.927066 0.0113297 0.0381029 0.00586552 0.00682397 0.00350631 0.00317086 0.00315516 0 0.00314552 0.00500885 
0.00859683 0.00866324 0.0214388 0.0084671 0.0133343 0.00834524 0.010709 0.0124587 0.00911784 0.0120951 0.0113108 0.00912595 0.0135376 0.00872332 0.0113307 0.00838819 0.00877469 0.00857984 0.0146988 0.00867515 0.019105 0.00931638 0.0102821 0.0136441 0.0374579 0.00959139 0.0445259 0.0110368 0.0166341 0.0117089 0.0158423 0.010274 0.0212046 0.00914506 0.00951107 0.0261922 0.00840533 0.0381877 0.00841112 0.0148934 0.00907345 0.168005 0.00887819 0.0519959 0.0083037 0.0532296 0.0089472 0.0103003 0.958191 0.0139001 0.0246531 0.007324 0.0157078 0.0053259 0.00434348 0.00338413 0.00346232 0.00314552 0 0.00320137 
0.0130515 0.0269635 0.0088105 0.01141 0.00824331 0.0100634 0.0169681 0.00953276 0.00959129 0.00908348 0.0099161 0.0162099 0.0107332 0.0272815 0.00856927 0.00931356 0.0086054 0.00921875 0.00849244 0.0109204 0.00953727 0.0118964 0.0186025 0.0167124 0.00935833 0.020906 0.00981026 0.0137072 0.0101866 0.0135522 0.0137266 0.0210413 0.00891968 0.011739 0.0107836 0.00825595 0.0180402 0.00837292 0.0191084 0.00924658 0.163416 0.00887307 0.0322654 0.00887351 0.0344705 0.00885337 0.0328142 0.913233 0.026342 0.0230342 0.00852193 0.0254502 0.00649336 0.0129627 0.0100659 0.00408235 0.00319509 0.00500885 0.00320137 0 
