1DORA
MLNTTFANAKFANPFMNASGVHCMTIEDLEELKASQAGAYITKSSTLEKREGNPLPRYVDLELGSINSMGLPNLGFDYYLDYVLKNQKENAQEGPIFFSIAGMSAAENIAMLKKIQESDFSGITELNLSCPNVPGKPQLAYDFEATEKLLKEVFTFFTKPLGVKLPPYFDLVHFDIMAEILNQFPLTYVNSVNSIGNGLFIDPEAESVVIKPKDGFGGIGGAYIKPTALANVRAFYTRLKPEIQIIGTGGIETGQDAFEHLLCGATMLQIGTALHKEGPAIFDRIIKELEEIMNQKGYQSIADFHGKLKSL
CCCEEECCEEECCCEEECCCCCCCCHHHHHHHHHCCCCCCECCCECCCCECCCCCCCEEEECCEEEECCCCCECCHHHHHHHHHHHHHCCCCCCCCEEEECCCCHHHHHHHHHHHHHCCCCCEEEEECCCCCCCCCCCHHHCHHHHHHHHHHHCCCCCCCEEEEECCCCCHHHHHHHHHHHHCCCCCEEEECCCEEEEECEECCCCEECCCHHHHEEEEECHHHHHHHHHHHHHHHCCCCCCCEEEEECCCCCHHHHHHHHHHCCCEEEECHHHHHHCCHHHHHHHHHHHHHHHHHCCCCHHHCCCCCECC
0 0 0 0 0 0 0 0 0 0 0 0 0 0 0 0 0 0 0 0 0 0 0 0 0 0 0 0 0 0 0 0 0 0 0 0 0 0 0 0 0 0 0 0 0 0 0 0 0 0 0 0 0 0 0 0 0 0 0 0 0 0 0 0 0 0 0 0 0 0 0 0 0 0 0 0 0 0 0 0 0 0 0 0 0 0 0 0 0 0 0 0 0 0 0 0 0 0 0 0 0 0 0 0 0 0 0 0 0 0 0 0 0 0 0 0 0 0 0 0 0 0 0 0 0 0 0 0 0 0 0 0 0 0 0 0 0 0 0 0 0 0 0 0 0 0 0 0 0 0 0 0 0 0 0 0 0 0 0 0 0 0 0 0 0 0 0 0 0 0 0 0 0 0 0 0 0 0 0 0 0 0 0 0 0 0 0 0 0 0 0 0 0 0 0 0 0 0 0 0 0 0 0 0 0 0 0 0 0 0 0 0 0 0 0 0 0 0 0 0 0 0 0 0 0 0 0 0 0 0 0 0 0 0 0 0 0 0 0 0 0 0 0 0 0 0 0 0 0 0 0 0 0 0 0 0 0 0 0 0 0 0 0 0 0 0 0 0 0 0 0 0 0 0 0 0 0 0 0 0 0 0 0 0 0 0 0 0 0 0 0 0 0 0 0 0 0 0 0 0 0 0 0 0 0 0 0 0 0 0 0 
0 0 0 0 0 0 0 0 0 0 0 0 0 0 0 0 0 0 0 0 0 0 0 0 0 0 0 0 0 0 0 0 0 0 0 0 0 0 0 0 0 0 0 0 0 0 0 0 0 0 0 0 0 0 0 0 0 0 0 0 0 0 0 0 0 0 0 0 0 0 0 0 0 0 0 0 0 0 0 0 0 0 0 0 0 0 0 0 0 0 0 0 0 0 0 0 0 0 0 0 0 0 0 0 0 0 0 0 0 0 0 0 0 0 0 0 0 0 0 0 0 0 0 0 0 0 0 0 0 0 0 0 0 0 0 0 0 0 0 0 0 0 0 0 0 0 0 0 0 0 0 0 0 0 0 0 0 0 0 0 0 0 0 0 0 0 0 0 0 0 0 0 0 0 0 0 0 0 0 0 0 0 0 0 0 0 0 0 0 0 0 0 0 0 0 0 0 0 0 0 0 0 0 0 0 0 0 0 0 0 0 0 0 0 0 0 0 0 0 0 0 0 0 0 0 0 0 0 0 0 0 0 0 0 0 0 0 0 0 0 0 0 0 0 0 0 0 0 0 0 0 0 0 0 0 0 0 0 0 0 0 0 0 0 0 0 0 0 0 0 0 0 0 0 0 0 0 0 0 0 0 0 0 0 0 0 0 0 0 0 0 0 0 0 0 0 0 0 0 0 0 0 0 0 0 0 0 0 0 0 0 
0 0.0032112 0.00391429 0.00568006 0.00444156 0.954073 0.0107252 0.00789522 0.0203613 0.020623 0.0152242 0.0133681 0.0125745 0.0100639 0.00864721 0.0360076 0.0102447 0.00885149 0.0104079 0.0111039 0.0110273 0.0101024 0.00994625 0.00887723 0.0134994 0.00873312 0.00842474 0.00822283 0.00892179 0.00882086 0.00895386 0.00816999 0.0083176 0.00807884 0.00920335 0.00848975 0.00819805 0.00800015 0.00829787 0.00830601 0.0081631 0.0080392 0.0079967 0.00826476 0.00851195 0.00795052 0.00818176 0.00832363 0.00817546 0.00809484 0.00818928 0.00809973 0.00847343 0.00841965 0.00862083 0.00828853 0.00836693 0.00850517 0.00869719 0.00837367 0.00834529 0.00886887 0.0104094 
0.0032112 0 0.0031725 0.00354058 0.995166 0.00393208 0.00634925 0.0448919 0.00709922 0.0128033 0.0106723 0.00902631 0.00934492 0.0110571 0.0171521 0.00822493 0.0090713 0.0182755 0.00976459 0.00901339 0.00853877 0.00966243 0.00876511 0.0122594 0.00831695 0.00826976 0.00829738 0.00871979 0.00819426 0.00846649 0.00787734 0.00830373 0.0081216 0.00837694 0.00798695 0.00806406 0.00816677 0.00813741 0.00803149 0.00795771 0.00797363 0.0080059 0.0080266 0.00794186 0.0078914 0.00812865 0.00799757 0.00807229 0.00789746 0.00795693 0.00804547 0.00803026 0.00801364 0.00838049 0.00823259 0.00814575 0.00827811 0.00827212 0.00816847 0.00835258 0.00845851 0.00836117 0.00909853 
0.00391429 0.0031725 0 0.983255 0.00340326 0.00527193 0.0147644 0.00683717 0.0123894 0.0158916 0.0156587 0.0122167 0.0213714 0.0100059 0.00828116 0.0159833 0.01674 0.0090161 0.00999991 0.0102777 0.010502 0.0110959 0.00978192 0.0084425 0.0100153 0.0103111 0.00868728 0.00851718 0.00891072 0.00861204 0.00929816 0.00835331 0.0082764 0.00827946 0.00830719 0.00851283 0.00821115 0.00827772 0.00818994 0.00833868 0.00818211 0.00797869 0.0080136 0.00835517 0.00848777 0.00795905 0.00821592 0.00807771 0.00841644 0.00800494 0.00803597 0.00800832 0.00815506 0.00823908 0.00849569 0.00815592 0.00820277 0.00827371 0.00847762 0.00834682 0.00823344 0.00840309 0.00956761 
0.00568006 0.00354058 0.983255 0 0.0032432 0.00752332 0.0038587 0.00512322 0.029347 0.021536 0.0183812 0.0133755 0.0120255 0.00989871 0.00866935 0.0390118 0.0104567 0.00911111 0.0109225 0.011724 0.0116898 0.00898249 0.0104475 0.00858419 0.0134481 0.00864692 0.00856401 0.00812054 0.0090507 0.00857948 0.0092088 0.00814523 0.00859778 0.00814425 0.00904035 0.00841034 0.00815979 0.00800788 0.0082691 0.00820968 0.00807053 0.00799974 0.00794625 0.00834474 0.00861223 0.00794532 0.00804544 0.00820088 0.0081494 0.00807845 0.00808149 0.00806993 0.00825546 0.00821459 0.00856906 0.00820605 0.00830069 0.00836114 0.00830118 0.00830634 0.00826464 0.0086881 0.0103041 
0.00444156 0.995166 0.00340326 0.0032432 0 0.00343127 0.00473809 0.0489201 0.00465146 0.0130282 0.0101237 0.00932355 0.0090689 0.00871294 0.0147173 0.00818675 0.00889525 0.0133219 0.009516 0.00892302 0.00846882 0.00949245 0.00854958 0.0133957 0.00816673 0.00825299 0.0081695 0.00865115 0.00821215 0.00867937 0.00785548 0.00831478 0.00814198 0.00849397 0.00794571 0.00807077 0.00815489 0.00819418 0.00799687 0.00794569 0.0080508 0.00803426 0.00808018 0.00793864 0.00789376 0.00817603 0.00804301 0.00797034 0.00789058 0.00794487 0.00806645 0.00804273 0.00801891 0.00852164 0.00817773 0.00812868 0.00818678 0.00820683 0.00810184 0.00827403 0.0083136 0.00825446 0.00900923 
0.954073 0.00393208 0.00527193 0.00752332 0.00343127 0 0.0366722 0.00375949 0.00562562 0.0194765 0.0185284 0.0138718 0.0228001 0.0102712 0.0082721 0.0188432 0.0170368 0.00940098 0.0105231 0.0104724 0.0116653 0.0117973 0.0122828 0.00838185 0.0106691 0.0108783 0.00874217 0.00813862 0.00941247 0.00836107 0.010679 0.00856371 0.00867267 0.00815424 0.00844192 0.00853901 0.00819478 0.00823628 0.00815282 0.00836684 0.00806043 0.00798647 0.00803606 0.00838023 0.00846279 0.00794068 0.00819082 0.00815423 0.00824316 0.00803922 0.00801303 0.00801189 0.00804703 0.00828192 0.00857652 0.00814743 0.0081526 0.00820588 0.0086626 0.00839196 0.00821362 0.00837417 0.00969388 
0.0107252 0.00634925 0.0147644 0.0038587 0.00473809 0.0366722 0 0.00320962 0.00321275 0.0401728 0.0189657 0.0128905 0.0136052 0.0117562 0.0155434 0.0185331 0.0134042 0.0148077 0.0125489 0.0191421 0.011458 0.0132114 0.0121667 0.0115456 0.0150765 0.00915955 0.00906458 0.00895789 0.00894587 0.0110582 0.00939573 0.00828212 0.0084828 0.00841603 0.00957843 0.00859505 0.00819595 0.00819713 0.00845194 0.00820359 0.00801157 0.0080759 0.00800595 0.00802059 0.00804315 0.00795176 0.00799229 0.0080789 0.00791733 0.00794565 0.00813447 0.0080466 0.00836765 0.00809507 0.00826708 0.0081757 0.00818729 0.00829718 0.00813621 0.00824956 0.00818843 0.00865995 0.00901075 
0.00789522 0.0448919 0.00683717 0.00512322 0.0489201 0.00375949 0.00320962 0 0.00360765 0.0351907 0.0168129 0.00962936 0.0116265 0.0142768 0.0187487 0.00909289 0.0110413 0.0217644 0.0348129 0.011943 0.00957784 0.010382 0.014989 0.0170968 0.0104044 0.00853888 0.00971342 0.00906299 0.0122218 0.00887114 0.00816861 0.00910106 0.00904081 0.00889304 0.00818933 0.00832516 0.00859702 0.00871452 0.00818858 0.00794894 0.00835983 0.00827471 0.00823085 0.00804592 0.00803552 0.0080347 0.00798444 0.00819651 0.00806842 0.00822664 0.00835952 0.0083861 0.00809667 0.00809965 0.00858883 0.008532 0.00854948 0.00830309 0.00831311 0.00852895 0.00865884 0.00843139 0.00840364 
0.0203613 0.00709922 0.0123894 0.029347 0.00465146 0.00562562 0.00321275 0.00360765 0 0.0555611 0.0252903 0.0130405 0.0200503 0.0112452 0.0117502 0.0241409 0.0201248 0.0124311 0.0170763 0.053307 0.0120856 0.0174871 0.0113526 0.0140913 0.0188485 0.0137127 0.00906703 0.00951908 0.0100214 0.0123411 0.00973796 0.00871359 0.00894337 0.00858204 0.0088975 0.00854435 0.00832511 0.00835305 0.00848057 0.00850191 0.00816575 0.0081531 0.00804548 0.00819209 0.00803655 0.00796936 0.00830516 0.00834258 0.00840696 0.00809011 0.00810768 0.00811573 0.00843065 0.00837377 0.00844627 0.0082392 0.00836669 0.00870496 0.00846834 0.00832592 0.00843527 0.00844316 0.00906645 
0.020623 0.0128033 0.0158916 0.021536 0.0130282 0.0194765 0.0401728 0.0351907 0.0555611 0 0.109443 0.0357519 0.0185696 0.011108 0.0120237 0.0204815 0.0177759 0.0110391 0.0154562 0.0205155 0.0668158 0.0173181 0.011654 0.0115505 0.01749 0.0121373 0.00980006 0.00870951 0.0098989 0.0122179 0.0100141 0.00843715 0.00845329 0.00842984 0.0104035 0.00911238 0.00813549 0.00835285 0.00936829 0.00851443 0.00801928 0.00798144 0.00795163 0.00829085 0.00834099 0.00832094 0.00844977 0.00833263 0.00819064 0.00800162 0.00799771 0.00803248 0.00874864 0.00873545 0.00819459 0.00806504 0.00822593 0.00864157 0.00842219 0.00814572 0.008247 0.00881903 0.0112498 
0.0152242 0.0106723 0.0156587 0.0183812 0.0101237 0.0185284 0.0189657 0.0168129 0.0252903 0.109443 0 0.188439 0.0188057 0.00954806 0.0091054 0.0214527 0.0166373 0.0102993 0.011142 0.0168199 0.0520131 0.0152654 0.00954987 0.00997287 0.0150166 0.012338 0.00874701 0.00836575 0.00899248 0.0110805 0.0098349 0.00820403 0.00820795 0.00812876 0.00957327 0.00873648 0.00798237 0.00796938 0.00864357 0.00846065 0.00798082 0.00793912 0.00790832 0.00807293 0.0081814 0.00821561 0.00851547 0.00830114 0.0081272 0.00796698 0.0079141 0.00791196 0.00878122 0.00844243 0.0080835 0.00799424 0.00803705 0.0084343 0.00834449 0.0080681 0.00803922 0.00872849 0.0117927 
0.0133681 0.00902631 0.0122167 0.0133755 0.00932355 0.0138718 0.0128905 0.00962936 0.0130405 0.0357519 0.188439 0 0.0540389 0.00686644 0.00613553 0.00913706 0.00839558 0.00695589 0.00774046 0.0118288 0.163411 0.0110629 0.00841395 0.00866389 0.0108421 0.0105575 0.00824446 0.0080603 0.00809369 0.00961353 0.0088609 0.00803353 0.00781951 0.00799544 0.0088937 0.00857473 0.00783079 0.00783097 0.00852778 0.00841075 0.00782924 0.00776441 0.00781084 0.00789887 0.00832265 0.00823962 0.00860223 0.0081505 0.00802871 0.00778409 0.00777392 0.00780102 0.00834972 0.00843619 0.00792581 0.00787973 0.00784878 0.00801391 0.00812519 0.00793182 0.00790496 0.00821996 0.0110272 
0.0125745 0.00934492 0.0213714 0.0120255 0.0090689 0.0228001 0.0136052 0.0116265 0.0200503 0.0185696 0.0188057 0.0540389 0 0.00328373 0.00329986 0.00993512 0.00390025 0.00451516 0.0177231 0.872103 0.0108498 0.0242684 0.0122611 0.0124952 0.0192857 0.0111893 0.00921224 0.00966405 0.00987242 0.016465 0.00913794 0.00846712 0.00859548 0.0098033 0.0110822 0.00848456 0.00820758 0.00838326 0.00908114 0.00825976 0.00801205 0.00807305 0.00811075 0.00847403 0.00839854 0.00823962 0.00800358 0.00851621 0.00790341 0.00798247 0.00808959 0.00794238 0.00896223 0.0082555 0.00814686 0.00812149 0.00811196 0.00815385 0.00804193 0.0081406 0.0081139 0.00854628 0.00938087 
0.0100639 0.0110571 0.0100059 0.00989871 0.00871294 0.0102712 0.0117562 0.0142768 0.0112452 0.011108 0.00954806 0.00686644 0.00328373 0 0.0032401 0.00328027 0.00358093 0.00746337 0.931925 0.00526089 0.00653745 0.0109096 0.0509185 0.0111382 0.0115438 0.00909996 0.0159741 0.0108889 0.0263509 0.00865529 0.00941127 0.00869566 0.0119 0.0087137 0.0083952 0.00837296 0.00867902 0.00867251 0.00812028 0.00812249 0.00840581 0.00827104 0.00824765 0.00815446 0.00811485 0.00792516 0.00807881 0.00802627 0.00791767 0.00843492 0.0082439 0.00820026 0.00814212 0.00812421 0.00835566 0.00818049 0.00818353 0.0079613 0.0080281 0.00829556 0.00820437 0.00811328 0.00818226 
0.00864721 0.0171521 0.00828116 0.00866935 0.0147173 0.0082721 0.0155434 0.0187487 0.0117502 0.0120237 0.0091054 0.00613553 0.00329986 0.0032401 0 0.00319656 0.00447411 0.962419 0.00395319 0.00355238 0.0057585 0.0167262 0.0105461 0.0558597 0.00900314 0.0112677 0.00943088 0.0210774 0.00958669 0.0117686 0.00825955 0.0104588 0.0087285 0.0103027 0.00811283 0.00831523 0.00847221 0.00838796 0.00809635 0.00806884 0.00820883 0.00829557 0.00808521 0.0079695 0.00788675 0.00796143 0.00796136 0.0079135 0.00795894 0.00805307 0.0083111 0.00807852 0.00800802 0.00827146 0.00818693 0.00830034 0.0081635 0.00791186 0.0080858 0.00822962 0.00821817 0.00795316 0.00816572 
0.0360076 0.00822493 0.0159833 0.0390118 0.00818675 0.0188432 0.0185331 0.00909289 0.0241409 0.0204815 0.0214527 0.00913706 0.00993512 0.00328027 0.00319656 0 0.947799 0.00343924 0.00352463 0.00353181 0.00878675 0.0138498 0.0179025 0.00881543 0.0318547 0.0148638 0.0118308 0.00858289 0.0138293 0.00925093 0.0153744 0.00853665 0.0102612 0.00815019 0.0113686 0.00932083 0.00824936 0.00817921 0.0087182 0.00847493 0.00835429 0.00804259 0.00804922 0.00903394 0.00939024 0.00796559 0.00828726 0.0084226 0.00878121 0.00815214 0.0080069 0.00805341 0.0082779 0.00809256 0.00834193 0.0080887 0.00802188 0.00840616 0.00818132 0.00822267 0.0080062 0.00828261 0.00905876 
0.0102447 0.0090713 0.01674 0.0104567 0.00889525 0.0170368 0.0134042 0.0110413 0.0201248 0.0177759 0.0166373 0.00839558 0.00390025 0.00358093 0.00447411 0.947799 0 0.00321698 0.00325619 0.00354342 0.0068159 0.0924959 0.0168969 0.0148348 0.0251655 0.0127774 0.0115296 0.0101658 0.0132984 0.0164947 0.0103793 0.00931862 0.00979221 0.00986351 0.0135254 0.00956044 0.0086625 0.00860781 0.0101827 0.00821664 0.00823194 0.00824821 0.00826199 0.00828612 0.00844083 0.00828618 0.00808343 0.00857867 0.00789333 0.00812107 0.00824133 0.0080801 0.00907704 0.00824789 0.00834366 0.00822104 0.00841391 0.0082117 0.00830176 0.00823999 0.00814962 0.00884896 0.00901363 
0.00885149 0.0182755 0.0090161 0.00911111 0.0133219 0.00940098 0.0148077 0.0217644 0.0124311 0.0110391 0.0102993 0.00695589 0.00451516 0.00746337 0.962419 0.00343924 0.00321698 0 0.00327957 0.00317448 0.00724506 0.0639956 0.102358 0.0498564 0.0107539 0.0108985 0.0141427 0.0387496 0.012021 0.011458 0.00920669 0.0157214 0.0122545 0.0134754 0.00873415 0.00874441 0.00981167 0.00922931 0.00841819 0.00824587 0.00911945 0.00886406 0.00842578 0.00828479 0.00818555 0.0079938 0.00815699 0.00831212 0.00811871 0.00838549 0.00902854 0.00839985 0.00815489 0.00834382 0.00884408 0.00869324 0.00867827 0.00834423 0.00819239 0.00866467 0.00865396 0.00825028 0.0081826 
0.0104079 0.00976459 0.00999991 0.0109225 0.009516 0.0105231 0.0125489 0.0348129 0.0170763 0.0154562 0.011142 0.00774046 0.0177231 0.931925 0.00395319 0.00352463 0.00325619 0.00327957 0 0.00321102 0.00685824 0.022343 0.129397 0.0803442 0.0272515 0.0108518 0.0234211 0.0139008 0.0752553 0.00990093 0.00989326 0.00997132 0.0150096 0.0107164 0.0100446 0.00868905 0.00986163 0.0101161 0.00852124 0.00829197 0.00884687 0.00894079 0.00870773 0.0084643 0.00811828 0.00800943 0.00810097 0.00841115 0.00805582 0.00845009 0.00870167 0.00875991 0.00834547 0.00801587 0.00873069 0.00870306 0.00878389 0.00817215 0.00815851 0.00854001 0.00848062 0.00845577 0.00810664 
0.0111039 0.00901339 0.0102777 0.011724 0.00892302 0.0104724 0.0191421 0.011943 0.053307 0.0205155 0.0168199 0.0118288 0.872103 0.00526089 0.00355238 0.00353181 0.00354342 0.00317448 0.00321102 0 0.0197878 0.0365298 0.0172642 0.0702549 0.102918 0.0203007 0.0101599 0.0131517 0.0103274 0.0628454 0.0109325 0.0102231 0.0090536 0.0101507 0.00989679 0.00998725 0.00848921 0.00909291 0.00895186 0.00898264 0.00826021 0.00834911 0.00836356 0.00832827 0.00816362 0.00794834 0.00844046 0.0082455 0.00841379 0.00820411 0.00862262 0.00809112 0.00867153 0.00837964 0.00818299 0.00822745 0.00809364 0.00858789 0.00821784 0.00808502 0.00808078 0.00833849 0.00848708 
0.0110273 0.00853877 0.010502 0.0116898 0.00846882 0.0116653 0.011458 0.00957784 0.0120856 0.0668158 0.0520131 0.163411 0.0108498 0.00653745 0.0057585 0.00878675 0.0068159 0.00724506 0.00685824 0.0197878 0 0.0198191 0.0157662 0.0166782 0.045049 0.0121753 0.00957136 0.00878628 0.00990423 0.0130883 0.0108653 0.00847095 0.00824116 0.00849644 0.0106646 0.0089066 0.00802914 0.00805617 0.00902289 0.00866141 0.00803246 0.00785756 0.00797003 0.00804493 0.00824905 0.00812594 0.00861307 0.00834872 0.0081798 0.00786852 0.00792442 0.00792683 0.00876534 0.00827845 0.0079874 0.00792681 0.00792907 0.00839508 0.0081454 0.00795099 0.00790072 0.00844603 0.0100103 
0.0101024 0.00966243 0.0110959 0.00898249 0.00949245 0.0117973 0.0132114 0.010382 0.0174871 0.0173181 0.0152654 0.0110629 0.0242684 0.0109096 0.0167262 0.0138498 0.0924959 0.0639956 0.022343 0.0365298 0.0198191 0 0.00325643 0.00319786 0.00335626 0.504264 0.024685 0.0298536 0.0141729 0.0567875 0.0147827 0.0181053 0.012285 0.0205982 0.0178341 0.0145839 0.0107789 0.0109435 0.0143392 0.010396 0.00977424 0.00925998 0.00886549 0.0099058 0.00870786 0.00924 0.00872202 0.00989498 0.00830437 0.00847477 0.00882754 0.0084806 0.0111179 0.00970782 0.00860315 0.00897625 0.00885245 0.00902753 0.0089748 0.0086288 0.0087047 0.00890768 0.00913608 
0.00994625 0.00876511 0.00978192 0.0104475 0.00854958 0.0122828 0.0121667 0.014989 0.0113526 0.011654 0.00954987 0.00841395 0.0122611 0.0509185 0.0105461 0.0179025 0.0168969 0.102358 0.129397 0.0172642 0.0157662 0.00325643 0 0.00322581 0.00333529 0.0412195 0.610601 0.0253225 0.155168 0.0106832 0.0271761 0.0164372 0.0738099 0.0140671 0.0155113 0.0117864 0.0256672 0.0135409 0.0104509 0.00980605 0.0153557 0.0114007 0.01042 0.00964443 0.00928825 0.00818075 0.00876579 0.00967487 0.00851061 0.00955544 0.0108127 0.010026 0.00866064 0.00827438 0.0122963 0.00990876 0.0103428 0.00866687 0.00847103 0.00974265 0.00897165 0.00865122 0.00808424 
0.00887723 0.0122594 0.0084425 0.00858419 0.0133957 0.00838185 0.0115456 0.0170968 0.0140913 0.0115505 0.00997287 0.00866389 0.0124952 0.0111382 0.0558597 0.00881543 0.0148348 0.0498564 0.0803442 0.0702549 0.0166782 0.00319786 0.00322581 0 0.0031828 0.0328486 0.0185866 0.608573 0.0482183 0.0901289 0.00993434 0.0424771 0.0150931 0.0722127 0.0111876 0.0124557 0.0141427 0.0233207 0.0103051 0.00952259 0.0113005 0.0140174 0.0107008 0.0090786 0.00850727 0.00840712 0.00860391 0.0088049 0.00904849 0.00905762 0.0115973 0.00965384 0.00881506 0.00865304 0.0096287 0.0112587 0.00970872 0.00898771 0.0085093 0.00934339 0.00945294 0.00843387 0.00796537 
0.0134994 0.00831695 0.0100153 0.0134481 0.00816673 0.0106691 0.0150765 0.0104044 0.0188485 0.01749 0.0150166 0.0108421 0.0192857 0.0115438 0.00900314 0.0318547 0.0251655 0.0107539 0.0272515 0.102918 0.045049 0.00335626 0.00333529 0.0031828 0 0.0202986 0.0598599 0.0179564 0.507315 0.138483 0.0313413 0.0107072 0.0176666 0.0113318 0.0292965 0.0138986 0.0112199 0.0114407 0.0131706 0.0125065 0.00948175 0.00908543 0.00912819 0.00968389 0.0103126 0.00822243 0.00957056 0.00936957 0.0115858 0.00903647 0.00891088 0.0092035 0.00986508 0.00834088 0.0092231 0.00884203 0.00930111 0.00948769 0.00867074 0.00863617 0.00841744 0.00936257 0.00854628 
0.00873312 0.00826976 0.0103111 0.00864692 0.00825299 0.0108783 0.00915955 0.00853888 0.0137127 0.0121373 0.012338 0.0105575 0.0111893 0.00909996 0.0112677 0.0148638 0.0127774 0.0108985 0.0108518 0.0203007 0.0121753 0.504264 0.0412195 0.0328486 0.0202986 0 0.00339083 0.00321839 0.00333037 0.00413013 0.0683775 0.0224136 0.0126069 0.0171208 0.02604 0.0159692 0.0101513 0.0113641 0.0193347 0.0110328 0.00958741 0.00900111 0.00968815 0.0118254 0.00947905 0.0110052 0.0095186 0.0118908 0.00869654 0.00872278 0.00867031 0.00877059 0.0134094 0.00952431 0.00874301 0.00861089 0.00920678 0.0103694 0.00876248 0.00850993 0.00853235 0.0103464 0.00953145 
0.00842474 0.00829738 0.00868728 0.00856401 0.0081695 0.00874217 0.00906458 0.00971342 0.00906703 0.00980006 0.00874701 0.00824446 0.00921224 0.0159741 0.00943088 0.0118308 0.0115296 0.0141427 0.0234211 0.0101599 0.00957136 0.024685 0.610601 0.0185866 0.0598599 0.00339083 0 0.00320671 0.00322084 0.00353436 0.364826 0.0522225 0.0430665 0.0189982 0.0148876 0.0126407 0.0229077 0.0139157 0.0110118 0.0104081 0.0145648 0.0118839 0.0118253 0.00929943 0.0098695 0.0082137 0.00887022 0.0095912 0.00867584 0.0101982 0.0116059 0.0100856 0.0089741 0.00844199 0.0123819 0.0102441 0.0114737 0.00861088 0.00844396 0.00995901 0.00918367 0.00873623 0.00818892 
0.00822283 0.00871979 0.00851718 0.00812054 0.00865115 0.00813862 0.00895789 0.00906299 0.00951908 0.00870951 0.00836575 0.0080603 0.00966405 0.0108889 0.0210774 0.00858289 0.0101658 0.0387496 0.0139008 0.0131517 0.00878628 0.0298536 0.0253225 0.608573 0.0179564 0.00321839 0.00320671 0 0.00319121 0.00317075 0.0209818 0.432934 0.0746939 0.0601479 0.0116194 0.0139137 0.020895 0.0265819 0.0100958 0.0105535 0.0144652 0.0350421 0.0106684 0.0111056 0.00850032 0.00847031 0.00868405 0.00882067 0.00933133 0.00983584 0.0233384 0.00941421 0.00944526 0.00939483 0.00987997 0.0183496 0.0106701 0.00916986 0.00880396 0.00960532 0.0100724 0.0084806 0.00789883 
0.00892179 0.00819426 0.00891072 0.0090507 0.00821215 0.00941247 0.00894587 0.0122218 0.0100214 0.0098989 0.00899248 0.00809369 0.00987242 0.0263509 0.00958669 0.0138293 0.0132984 0.012021 0.0752553 0.0103274 0.00990423 0.0141729 0.155168 0.0482183 0.507315 0.00333037 0.00322084 0.00319121 0 0.00335527 0.0406372 0.0274173 0.475816 0.0708384 0.0391312 0.0124366 0.0372706 0.0206048 0.0143319 0.0116944 0.0229161 0.0113872 0.0176177 0.0103007 0.0105617 0.00833894 0.00970275 0.0118326 0.00991796 0.0125374 0.0116381 0.0192196 0.00975191 0.00899119 0.0154231 0.0107098 0.0147305 0.00898537 0.00880868 0.0110676 0.00922671 0.00940833 0.00807497 
0.00882086 0.00846649 0.00861204 0.00857948 0.00867937 0.00836107 0.0110582 0.00887114 0.0123411 0.0122179 0.0110805 0.00961353 0.016465 0.00865529 0.0117686 0.00925093 0.0164947 0.011458 0.00990093 0.0628454 0.0130883 0.0567875 0.0106832 0.0901289 0.138483 0.00413013 0.00353436 0.00317075 0.00335527 0 0.0151068 0.0376563 0.026376 0.443655 0.140201 0.0258833 0.0102272 0.0197481 0.0200563 0.0174835 0.0097658 0.0109296 0.00954672 0.0102605 0.00966958 0.0101873 0.0118222 0.0101789 0.0136167 0.00912314 0.00986046 0.00974977 0.014219 0.0118615 0.0085618 0.00912402 0.00950192 0.0118921 0.00985812 0.0087338 0.00913061 0.00892197 0.0089826 
0.00895386 0.00787734 0.00929816 0.0092088 0.00785548 0.010679 0.00939573 0.00816861 0.00973796 0.0100141 0.0098349 0.0088609 0.00913794 0.00941127 0.00825955 0.0153744 0.0103793 0.00920669 0.00989326 0.0109325 0.0108653 0.0147827 0.0271761 0.00993434 0.0313413 0.0683775 0.364826 0.0209818 0.0406372 0.0151068 0 0.00322747 0.00325434 0.00325002 0.00401978 0.0979971 0.0289232 0.0117589 0.031703 0.0259922 0.0171391 0.0102736 0.0111418 0.0218412 0.0135357 0.0117036 0.0123137 0.0231376 0.0133292 0.0103863 0.0100696 0.00987925 0.0207912 0.011454 0.0159541 0.0102481 0.0100169 0.0135307 0.0100576 0.01216 0.00874569 0.014665 0.009093 
0.00816999 0.00830373 0.00835331 0.00814523 0.00831478 0.00856371 0.00828212 0.00910106 0.00871359 0.00843715 0.00820403 0.00803353 0.00846712 0.00869566 0.0104588 0.00853665 0.00931862 0.0157214 0.00997132 0.0102231 0.00847095 0.0181053 0.0164372 0.0424771 0.0107072 0.0224136 0.0522225 0.432934 0.0274173 0.0376563 0.00322747 0 0.00320428 0.00321344 0.00328457 0.472173 0.042738 0.0701885 0.0152727 0.0163201 0.0251855 0.018864 0.0172798 0.0105566 0.0118927 0.009812 0.0126237 0.0108429 0.0103401 0.0138062 0.0202809 0.0144004 0.0109236 0.011834 0.0161241 0.0168495 0.0181403 0.00965959 0.0102789 0.0105477 0.0152015 0.00928224 0.00817833 
0.0083176 0.0081216 0.0082764 0.00859778 0.00814198 0.00867267 0.0084828 0.00904081 0.00894337 0.00845329 0.00820795 0.00781951 0.00859548 0.0119 0.0087285 0.0102612 0.00979221 0.0122545 0.0150096 0.0090536 0.00824116 0.012285 0.0738099 0.0150931 0.0176666 0.0126069 0.0430665 0.0746939 0.475816 0.026376 0.00325434 0.00320428 0 0.00317419 0.00322633 0.0362536 0.59642 0.0268226 0.0195173 0.0153802 0.0325364 0.0361621 0.0172988 0.0161642 0.0103079 0.00876331 0.00968273 0.0113843 0.0124986 0.0142159 0.0364922 0.0181601 0.0111588 0.00971492 0.0309526 0.0410096 0.0212047 0.0114295 0.00998212 0.0208662 0.0117109 0.0112347 0.00798523 
0.00807884 0.00837694 0.00827946 0.00814425 0.00849397 0.00815424 0.00841603 0.00889304 0.00858204 0.00842984 0.00812876 0.00799544 0.0098033 0.0087137 0.0103027 0.00815019 0.00986351 0.0134754 0.0107164 0.0101507 0.00849644 0.0205982 0.0140671 0.0722127 0.0113318 0.0171208 0.0189982 0.0601479 0.0708384 0.443655 0.00325002 0.00321344 0.00317419 0 0.00331692 0.0615818 0.0328785 0.569844 0.0188201 0.0175547 0.0327842 0.0245753 0.0259489 0.0113608 0.0136434 0.0120244 0.0148229 0.0123695 0.0122821 0.0165818 0.0215766 0.0230221 0.0132308 0.0122512 0.0134783 0.0168716 0.0287797 0.0124526 0.0117748 0.0109435 0.0219821 0.00997709 0.00812489 
0.00920335 0.00798695 0.00830719 0.00904035 0.00794571 0.00844192 0.00957843 0.00818933 0.0088975 0.0104035 0.00957327 0.0088937 0.0110822 0.0083952 0.00811283 0.0113686 0.0135254 0.00873415 0.0100446 0.00989679 0.0106646 0.0178341 0.0155113 0.0111876 0.0292965 0.02604 0.0148876 0.0116194 0.0391312 0.140201 0.00401978 0.00328457 0.00322633 0.00331692 0 0.0189289 0.0248037 0.0291568 0.486856 0.0246116 0.0164164 0.0136254 0.0149923 0.0214499 0.0200081 0.0113213 0.0166458 0.0161557 0.029034 0.0114893 0.0114381 0.0128319 0.0255656 0.0113449 0.0121127 0.00989862 0.0132086 0.0158102 0.0146338 0.0106612 0.00932158 0.0154257 0.00885132 
0.00848975 0.00806406 0.00851283 0.00841034 0.00807077 0.00853901 0.00859505 0.00832516 0.00854435 0.00911238 0.00873648 0.00857473 0.00848456 0.00837296 0.00831523 0.00932083 0.00956044 0.00874441 0.00868905 0.00998725 0.0089066 0.0145839 0.0117864 0.0124557 0.0138986 0.0159692 0.0126407 0.0139137 0.0124366 0.0258833 0.0979971 0.472173 0.0362536 0.0615818 0.0189289 0 0.00331493 0.00323126 0.00344372 0.00666089 0.00668286 0.024721 0.0411593 0.0281566 0.0157918 0.0164243 0.0162891 0.0396346 0.0155714 0.0140924 0.0129371 0.0115611 0.0295219 0.0372315 0.0187213 0.0164442 0.0122125 0.0189391 0.0153503 0.0128967 0.0110262 0.019314 0.00991231 
0.00819805 0.00816677 0.00821115 0.00815979 0.00815489 0.00819478 0.00819595 0.00859702 0.00832511 0.00813549 0.00798237 0.00783079 0.00820758 0.00867902 0.00847221 0.00824936 0.0086625 0.00981167 0.00986163 0.00848921 0.00802914 0.0107789 0.0256672 0.0141427 0.0112199 0.0101513 0.0229077 0.020895 0.0372706 0.0102272 0.0289232 0.042738 0.59642 0.0328785 0.0248037 0.00331493 0 0.00322514 0.00319489 0.005056 0.0174682 0.0284316 0.0273553 0.00697838 0.00899746 0.00691252 0.0207725 0.0130139 0.0133173 0.0157142 0.0248752 0.0283599 0.0118344 0.0104506 0.0625981 0.0278523 0.0353444 0.0114851 0.0116864 0.0265315 0.0186779 0.0116939 0.00811826 
0.00800015 0.00813741 0.00827772 0.00800788 0.00819418 0.00823628 0.00819713 0.00871452 0.00835305 0.00835285 0.00796938 0.00783097 0.00838326 0.00867251 0.00838796 0.00817921 0.00860781 0.00922931 0.0101161 0.00909291 0.00805617 0.0109435 0.0135409 0.0233207 0.0114407 0.0113641 0.0139157 0.0265819 0.0206048 0.0197481 0.0117589 0.0701885 0.0268226 0.569844 0.0291568 0.00323126 0.00322514 0 0.00323942 0.0077403 0.0267 0.0179587 0.00825877 0.0065114 0.00691362 0.00799337 0.0110165 0.0178413 0.0119 0.0155295 0.0283329 0.0463508 0.0190498 0.0119311 0.0162901 0.0477623 0.0471323 0.0231486 0.0110559 0.0195284 0.0360404 0.0120281 0.008153 
0.00829787 0.00803149 0.00818994 0.0082691 0.00799687 0.00815282 0.00845194 0.00818858 0.00848057 0.00936829 0.00864357 0.00852778 0.00908114 0.00812028 0.00809635 0.0087182 0.0101827 0.00841819 0.00852124 0.00895186 0.00902289 0.0143392 0.0104509 0.0103051 0.0131706 0.0193347 0.0110118 0.0100958 0.0143319 0.0200563 0.031703 0.0152727 0.0195173 0.0188201 0.486856 0.00344372 0.00319489 0.00323942 0 0.0235757 0.00978604 0.00465143 0.00533852 0.00672985 0.00788019 0.00693791 0.0155501 0.0151163 0.0232042 0.012995 0.0122125 0.0194491 0.0434852 0.0140556 0.0126997 0.0109766 0.0342415 0.0348119 0.0181458 0.0113078 0.0127966 0.0253622 0.0096158 
0.00830601 0.00795771 0.00833868 0.00820968 0.00794569 0.00836684 0.00820359 0.00794894 0.00850191 0.00851443 0.00846065 0.00841075 0.00825976 0.00812249 0.00806884 0.00847493 0.00821664 0.00824587 0.00829197 0.00898264 0.00866141 0.010396 0.00980605 0.00952259 0.0125065 0.0110328 0.0104081 0.0105535 0.0116944 0.0174835 0.0259922 0.0163201 0.0153802 0.0175547 0.0246116 0.00666089 0.005056 0.0077403 0.0235757 0 0.00323558 0.0031958 0.00326404 0.00399183 0.00377757 0.0131682 0.0110403 0.015748 0.0127156 0.00914563 0.0111504 0.0170039 0.0384415 0.0234319 0.0118862 0.0133737 0.0120711 0.0204215 0.0140255 0.0108524 0.0104834 0.0167414 0.0101297 
0.0081631 0.00797363 0.00818211 0.00807053 0.0080508 0.00806043 0.00801157 0.00835983 0.00816575 0.00801928 0.00798082 0.00782924 0.00801205 0.00840581 0.00820883 0.00835429 0.00823194 0.00911945 0.00884687 0.00826021 0.00803246 0.00977424 0.0153557 0.0113005 0.00948175 0.00958741 0.0145648 0.0144652 0.0229161 0.0097658 0.0171391 0.0251855 0.0325364 0.0327842 0.0164164 0.00668286 0.0174682 0.0267 0.00978604 0.00323558 0 0.00318918 0.00319759 0.00317882 0.00335867 0.00441136 0.00891822 0.0172137 0.0115058 0.0122031 0.0187158 0.0509924 0.0120446 0.0103874 0.0414034 0.0173793 0.0289424 0.0115552 0.0108484 0.0209373 0.0150221 0.0125532 0.00814936 
0.0080392 0.0080059 0.00797869 0.00799974 0.00803426 0.00798647 0.0080759 0.00827471 0.0081531 0.00798144 0.00793912 0.00776441 0.00807305 0.00827104 0.00829557 0.00804259 0.00824821 0.00886406 0.00894079 0.00834911 0.00785756 0.00925998 0.0114007 0.0140174 0.00908543 0.00900111 0.0118839 0.0350421 0.0113872 0.0109296 0.0102736 0.018864 0.0361621 0.0245753 0.0136254 0.024721 0.0284316 0.0179587 0.00465143 0.0031958 0.00318918 0 0.00314926 0.00315275 0.00329689 0.00358287 0.00666997 0.00749656 0.00954757 0.0126599 0.0543806 0.0164541 0.0124989 0.0112928 0.0146256 0.0583879 0.0180325 0.0131121 0.0102781 0.0149351 0.0197682 0.0105774 0.00796102 
0.0079967 0.0080266 0.0080136 0.00794625 0.00808018 0.00803606 0.00800595 0.00823085 0.00804548 0.00795163 0.00790832 0.00781084 0.00811075 0.00824765 0.00808521 0.00804922 0.00826199 0.00842578 0.00870773 0.00836356 0.00797003 0.00886549 0.01042 0.0107008 0.00912819 0.00968815 0.0118253 0.0106684 0.0176177 0.00954672 0.0111418 0.0172798 0.0172988 0.0259489 0.0149923 0.0411593 0.0273553 0.00825877 0.00533852 0.00326404 0.00319759 0.00314926 0 0.00319324 0.00344445 0.0105633 0.00707913 0.0103921 0.00930806 0.0882057 0.0160041 0.0248009 0.0147871 0.00968529 0.0176857 0.0129232 0.036941 0.0115633 0.0104068 0.013831 0.0144571 0.0109963 0.00816658 
0.00826476 0.00794186 0.00835517 0.00834474 0.00793864 0.00838023 0.00802059 0.00804592 0.00819209 0.00829085 0.00807293 0.00789887 0.00847403 0.00815446 0.0079695 0.00903394 0.00828612 0.00828479 0.0084643 0.00832827 0.00804493 0.0099058 0.00964443 0.0090786 0.00968389 0.0118254 0.00929943 0.0111056 0.0103007 0.0102605 0.0218412 0.0105566 0.0161642 0.0113608 0.0214499 0.0281566 0.00697838 0.0065114 0.00672985 0.00399183 0.00317882 0.00315275 0.00319324 0 0.00660684 0.00320348 0.00760659 0.00778838 0.126564 0.00843715 0.0109623 0.0101347 0.0135653 0.0102357 0.01075 0.0125423 0.0124618 0.0215621 0.0123178 0.0108291 0.0112443 0.0123797 0.0087337 
0.00851195 0.0078914 0.00848777 0.00861223 0.00789376 0.00846279 0.00804315 0.00803552 0.00803655 0.00834099 0.0081814 0.00832265 0.00839854 0.00811485 0.00788675 0.00939024 0.00844083 0.00818555 0.00811828 0.00816362 0.00824905 0.00870786 0.00928825 0.00850727 0.0103126 0.00947905 0.0098695 0.00850032 0.0105617 0.00966958 0.0135357 0.0118927 0.0103079 0.0136434 0.0200081 0.0157918 0.00899746 0.00691362 0.00788019 0.00377757 0.00335867 0.00329689 0.00344445 0.00660684 0 0.00335234 0.00489497 0.894275 0.00702542 0.00810331 0.00890526 0.0129193 0.0173423 0.0103712 0.0135955 0.00941323 0.0138167 0.015043 0.0103901 0.0111264 0.0101299 0.0146539 0.00926071 
0.00795052 0.00812865 0.00795905 0.00794532 0.00817603 0.00794068 0.00795176 0.0080347 0.00796936 0.00832094 0.00821561 0.00823962 0.00823962 0.00792516 0.00796143 0.00796559 0.00828618 0.0079938 0.00800943 0.00794834 0.00812594 0.00924 0.00818075 0.00840712 0.00822243 0.0110052 0.0082137 0.00847031 0.00833894 0.0101873 0.0117036 0.009812 0.00876331 0.0120244 0.0113213 0.0164243 0.00691252 0.00799337 0.00693791 0.0131682 0.00441136 0.00358287 0.0105633 0.00320348 0.00335234 0 0.96504 0.00635073 0.0108836 0.00780801 0.00886961 0.0102003 0.0128774 0.0154567 0.00880791 0.00901921 0.0108954 0.0140681 0.010978 0.00875056 0.0102765 0.0099563 0.0102292 
0.00818176 0.00799757 0.00821592 0.00804544 0.00804301 0.00819082 0.00799229 0.00798444 0.00830516 0.00844977 0.00851547 0.00860223 0.00800358 0.00807881 0.00796136 0.00828726 0.00808343 0.00815699 0.00810097 0.00844046 0.00861307 0.00872202 0.00876579 0.00860391 0.00957056 0.0095186 0.00887022 0.00868405 0.00970275 0.0118222 0.0123137 0.0126237 0.00968273 0.0148229 0.0166458 0.0162891 0.0207725 0.0110165 0.0155501 0.0110403 0.00891822 0.00666997 0.00707913 0.00760659 0.00489497 0.96504 0 0.00400778 0.00469436 0.00774413 0.0103459 0.0103518 0.014411 0.0248209 0.0125073 0.0103345 0.0130488 0.0162446 0.011893 0.010666 0.0104178 0.0145098 0.0107274 
0.00832363 0.00807229 0.00807771 0.00820088 0.00797034 0.00815423 0.0080789 0.00819651 0.00834258 0.00833263 0.00830114 0.0081505 0.00851621 0.00802627 0.0079135 0.0084226 0.00857867 0.00831212 0.00841115 0.0082455 0.00834872 0.00989498 0.00967487 0.0088049 0.00936957 0.0118908 0.0095912 0.00882067 0.0118326 0.0101789 0.0231376 0.0108429 0.0113843 0.0123695 0.0161557 0.0396346 0.0130139 0.0178413 0.0151163 0.015748 0.0172137 0.00749656 0.0103921 0.00778838 0.894275 0.00635073 0.00400778 0 0.016092 0.00839554 0.00690121 0.0224218 0.0122534 0.014583 0.0187559 0.0111869 0.0177055 0.0184839 0.0176391 0.0109983 0.0112993 0.015199 0.00983195 
0.00817546 0.00789746 0.00841644 0.0081494 0.00789058 0.00824316 0.00791733 0.00806842 0.00840696 0.00819064 0.0081272 0.00802871 0.00790341 0.00791767 0.00795894 0.00878121 0.00789333 0.00811871 0.00805582 0.00841379 0.0081798 0.00830437 0.00851061 0.00904849 0.0115858 0.00869654 0.00867584 0.00933133 0.00991796 0.0136167 0.0133292 0.0103401 0.0124986 0.0122821 0.029034 0.0155714 0.0133173 0.0119 0.0232042 0.0127156 0.0115058 0.00954757 0.00930806 0.126564 0.00702542 0.0108836 0.00469436 0.016092 0 0.00323125 0.00319433 0.00322387 0.00496882 0.0422289 0.0171109 0.0119296 0.0129756 0.025971 0.0118167 0.0111668 0.011158 0.0253826 0.00982063 
0.00809484 0.00795693 0.00800494 0.00807845 0.00794487 0.00803922 0.00794565 0.00822664 0.00809011 0.00800162 0.00796698 0.00778409 0.00798247 0.00843492 0.00805307 0.00815214 0.00812107 0.00838549 0.00845009 0.00820411 0.00786852 0.00847477 0.00955544 0.00905762 0.00903647 0.00872278 0.0101982 0.00983584 0.0125374 0.00912314 0.0103863 0.0138062 0.0142159 0.0165818 0.0114893 0.0140924 0.0157142 0.0155295 0.012995 0.00914563 0.0122031 0.0126599 0.0882057 0.00843715 0.00810331 0.00780801 0.00774413 0.00839554 0.00323125 0 0.00315624 0.00320861 0.00511133 0.026048 0.0836169 0.0174307 0.0226854 0.0120722 0.0114973 0.0159638 0.0161058 0.0138879 0.00816561 
0.00818928 0.00804547 0.00803597 0.00808149 0.00806645 0.00801303 0.00813447 0.00835952 0.00810768 0.00799771 0.0079141 0.00777392 0.00808959 0.0082439 0.0083111 0.0080069 0.00824133 0.00902854 0.00870167 0.00862262 0.00792442 0.00882754 0.0108127 0.0115973 0.00891088 0.00867031 0.0116059 0.0233384 0.0116381 0.00986046 0.0100696 0.0202809 0.0364922 0.0215766 0.0114381 0.0129371 0.0248752 0.0283329 0.0122125 0.0111504 0.0187158 0.0543806 0.0160041 0.0109623 0.00890526 0.00886961 0.0103459 0.00690121 0.00319433 0.00315624 0 0.00340158 0.0031742 0.0305925 0.0445782 0.194162 0.0356673 0.0180244 0.011738 0.0219318 0.0301105 0.0116302 0.0081492 
0.00809973 0.00803026 0.00800832 0.00806993 0.00804273 0.00801189 0.0080466 0.0083861 0.00811573 0.00803248 0.00791196 0.00780102 0.00794238 0.00820026 0.00807852 0.00805341 0.0080801 0.00839985 0.00875991 0.00809112 0.00792683 0.0084806 0.010026 0.00965384 0.0092035 0.00877059 0.0100856 0.00941421 0.0192196 0.00974977 0.00987925 0.0144004 0.0181601 0.0230221 0.0128319 0.0115611 0.0283599 0.0463508 0.0194491 0.0170039 0.0509924 0.0164541 0.0248009 0.0101347 0.0129193 0.0102003 0.0103518 0.0224218 0.00322387 0.00320861 0.00340158 0 0.00352139 0.0129498 0.0542717 0.0598127 0.25915 0.0296935 0.0108839 0.0226631 0.0379424 0.0218988 0.00827975 
0.00847343 0.00801364 0.00815506 0.00825546 0.00801891 0.00804703 0.00836765 0.00809667 0.00843065 0.00874864 0.00878122 0.00834972 0.00896223 0.00814212 0.00800802 0.0082779 0.00907704 0.00815489 0.00834547 0.00867153 0.00876534 0.0111179 0.00866064 0.00881506 0.00986508 0.0134094 0.0089741 0.00944526 0.00975191 0.014219 0.0207912 0.0109236 0.0111588 0.0132308 0.0255656 0.0295219 0.0118344 0.0190498 0.0434852 0.0384415 0.0120446 0.0124989 0.0147871 0.0135653 0.0173423 0.0128774 0.014411 0.0122534 0.00496882 0.00511133 0.0031742 0.00352139 0 0.024523 0.0130429 0.0323761 0.065289 0.246525 0.0223047 0.0125808 0.0158215 0.0336227 0.0121936 
0.00841965 0.00838049 0.00823908 0.00821459 0.00852164 0.00828192 0.00809507 0.00809965 0.00837377 0.00873545 0.00844243 0.00843619 0.0082555 0.00812421 0.00827146 0.00809256 0.00824789 0.00834382 0.00801587 0.00837964 0.00827845 0.00970782 0.00827438 0.00865304 0.00834088 0.00952431 0.00844199 0.00939483 0.00899119 0.0118615 0.011454 0.011834 0.00971492 0.0122512 0.0113449 0.0372315 0.0104506 0.0119311 0.0140556 0.0234319 0.0103874 0.0112928 0.00968529 0.0102357 0.0103712 0.0154567 0.0248209 0.014583 0.0422289 0.026048 0.0305925 0.0129498 0.024523 0 0.00322757 0.00317125 0.00322366 0.00359218 0.0916413 0.014465 0.0185719 0.0175959 0.0148214 
0.00862083 0.00823259 0.00849569 0.00856906 0.00817773 0.00857652 0.00826708 0.00858883 0.00844627 0.00819459 0.0080835 0.00792581 0.00814686 0.00835566 0.00818693 0.00834193 0.00834366 0.00884408 0.00873069 0.00818299 0.0079874 0.00860315 0.0122963 0.0096287 0.0092231 0.00874301 0.0123819 0.00987997 0.0154231 0.0085618 0.0159541 0.0161241 0.0309526 0.0134783 0.0121127 0.0187213 0.0625981 0.0162901 0.0126997 0.0118862 0.0414034 0.0146256 0.0176857 0.01075 0.0135955 0.00880791 0.0125073 0.0187559 0.0171109 0.0836169 0.0445782 0.0542717 0.0130429 0.00322757 0 0.00320581 0.00318972 0.00327641 0.104139 0.203386 0.019653 0.0258738 0.00870737 
0.00828853 0.00814575 0.00815592 0.00820605 0.00812868 0.00814743 0.0081757 0.008532 0.0082392 0.00806504 0.00799424 0.00787973 0.00812149 0.00818049 0.00830034 0.0080887 0.00822104 0.00869324 0.00870306 0.00822745 0.00792681 0.00897625 0.00990876 0.0112587 0.00884203 0.00861089 0.0102441 0.0183496 0.0107098 0.00912402 0.0102481 0.0168495 0.0410096 0.0168716 0.00989862 0.0164442 0.0278523 0.0477623 0.0109766 0.0133737 0.0173793 0.0583879 0.0129232 0.0125423 0.00941323 0.00901921 0.0103345 0.0111869 0.0119296 0.0174307 0.194162 0.0598127 0.0323761 0.00317125 0.00320581 0 0.00318953 0.00319382 0.22303 0.086136 0.118161 0.0123796 0.00872681 
0.00836693 0.00827811 0.00820277 0.00830069 0.00818678 0.0081526 0.00818729 0.00854948 0.00836669 0.00822593 0.00803705 0.00784878 0.00811196 0.00818353 0.0081635 0.00802188 0.00841391 0.00867827 0.00878389 0.00809364 0.00792907 0.00885245 0.0103428 0.00970872 0.00930111 0.00920678 0.0114737 0.0106701 0.0147305 0.00950192 0.0100169 0.0181403 0.0212047 0.0287797 0.0132086 0.0122125 0.0353444 0.0471323 0.0342415 0.0120711 0.0289424 0.0180325 0.036941 0.0124618 0.0138167 0.0108954 0.0130488 0.0177055 0.0129756 0.0226854 0.0356673 0.25915 0.065289 0.00322366 0.00318972 0.00318953 0 0.00342609 0.0196667 0.364765 0.206354 0.0879369 0.00877719 
0.00850517 0.00827212 0.00827371 0.00836114 0.00820683 0.00820588 0.00829718 0.00830309 0.00870496 0.00864157 0.0084343 0.00801391 0.00815385 0.0079613 0.00791186 0.00840616 0.0082117 0.00834423 0.00817215 0.00858789 0.00839508 0.00902753 0.00866687 0.00898771 0.00948769 0.0103694 0.00861088 0.00916986 0.00898537 0.0118921 0.0135307 0.00965959 0.0114295 0.0124526 0.0158102 0.0189391 0.0114851 0.0231486 0.0348119 0.0204215 0.0115552 0.0131121 0.0115633 0.0215621 0.015043 0.0140681 0.0162446 0.0184839 0.025971 0.0120722 0.0180244 0.0296935 0.246525 0.00359218 0.00327641 0.00319382 0.00342609 0 0.0300679 0.0216975 0.40284 0.202689 0.0129629 
