1E42B
GGYVAPKAVWLPAVKAKGLEISGTFTHRQGHIYMEMNFTNKALQHMTDFAIQFNKNSFGVIPSTPLAIHTPLMPNQSIDVSLPLNTLGPVMKMEPLNNLQVAVKNNIDVFYFSCLIPLNVLFVEDGKMERQVFLATWKDIPNENELQFQIKECHLNADTVSSKLQNNNVYTIAKRNVEGQDMLYQSLKLTNGIWILAELRIQPGNPNYTLSLKCRAPEVSQYIYQVYDSILKN
CCCCCCCEEEECHHHCCCEEEEEEEEEECCEEEEEEEEEECCCCCECCCEEEECCECCCCEECCCCCCCCCECCCCEEEEEEEEECCCCECCCCCCCEEEEEEECCCCEEEEEEECCHHHHECCCCCCCHHHHHHHHHHCCHHHCEEEEECCCCCCHHHHHHHHHCCCCEEEEEEEECCEEEEEEEEEECCCCEEEEEEEECCCCCCEEEEEEECCHHHHHHHHHHHHHHHCC
0 0 0 0 0 0 0 0 0 0 0 0 0 0 0 0 0 0 0 0 0 0 0 0 0 0 0 0 0 0 0 0 0 0 0 0 0 0 0 0 0 0 0 0 0 0 0 0 0 0 0 0 0 0 0 0 0 0 0 0 0 0 0 0 0 0 0 0 0 0 0 0 0 0 0 0 0 0 0 0 0 0 0 0 0 0 0 0 0 0 0 0 0 0 0 0 0 0 0 0 0 0 0 0 0 0 0 0 0 0 0 0 0 0 0 0 0 0 0 0 0 0 0 0 0 0 0 0 0 0 0 0 0 0 0 0 0 0 0 0 0 0 0 0 0 0 0 0 0 0 0 0 0 0 0 0 0 0 0 0 0 0 0 0 0 0 0 0 0 0 0 0 0 0 0 0 0 0 0 0 0 0 0 0 0 0 0 0 0 0 0 0 0 0 0 0 0 0 0 0 0 0 0 0 0 0 0 0 0 0 0 0 0 0 0 0 0 0 0 0 0 0 0 0 0 0 0 0 0 0 0 0 0 
0 0 0 0 0 0 0 0 0 0 0 0 0 0 0 0 0 0 0 0 0 0 0 0 0 0 0 0 0 0 0 0 0 0 0 0 0 0 0 0 0 0 0 0 0 0 0 0 0 0 0 0 0 0 0 0 0 0 0 0 0 0 0 0 0 0 0 0 0 0 0 0 0 0 0 0 0 0 0 0 0 0 0 0 0 0 0 0 0 0 0 0 0 0 0 0 0 0 0 0 0 0 0 0 0 0 0 0 0 0 0 0 0 0 0 0 0 0 0 0 0 0 0 0 0 0 0 0 0 0 0 0 0 0 0 0 0 0 0 0 0 0 0 0 0 0 0 0 0 0 0 0 0 0 0 0 0 0 0 0 0 0 0 0 0 0 0 0 0 0 0 0 0 0 0 0 0 0 0 0 0 0 0 0 0 0 0 0 0 0 0 0 0 0 0 0 0 0 0 0 0 0 0 0 0 0 0 0 0 0 0 0 0 0 0 0 0 0 0 0 0 0 0 0 0 0 0 0 0 0 0 0 0 
0 0.00318009 0.0032134 0.00413763 0.0095356 0.00841787 0.0227385 0.0170064 0.0451852 0.00912305 0.00848288 0.0097814 0.0100938 0.0155242 0.01055 0.00961141 0.00953882 0.00988032 0.00949541 0.0106176 0.00935643 0.00971002 0.0103657 0.019327 0.011196 0.0133087 0.0105813 0.00982733 0.0172322 0.0100162 0.00921015 0.010051 0.0100919 0.00897869 0.00848653 0.00820396 0.00906744 0.00839564 0.00851617 0.0083961 0.00853221 0.00968227 0.00888956 0.00858475 0.00831718 0.00811311 0.00867699 0.00865439 0.0087562 0.00992191 0.00843488 0.00813637 0.00829897 0.00821106 0.00808754 0.00833667 0.00880774 0.00897837 0.00810226 0.00784298 0.0080599 0.0080958 0.00870206 0.00802992 0.00811416 0.00806865 0.00795883 0.00787503 0.00787302 0.0078408 0.00803851 0.00788909 0.00797505 0.00802915 0.00806827 0.00798673 0.00800984 0.00800212 0.00807307 0.00803029 0.00878271 0.00803826 0.00815155 0.00810312 0.00819126 0.00806758 0.00818353 0.00802729 0.0085795 0.00803432 0.00801397 0.00812571 0.00816722 0.00808607 0.00807927 0.00825002 
0.00318009 0 0.00316476 0.0031539 0.00711278 0.0263897 0.0246887 0.0370939 0.0101975 0.0103684 0.00935866 0.0124029 0.0114473 0.00889264 0.00922698 0.0193009 0.0135093 0.0159932 0.0112535 0.0177459 0.0120607 0.0123802 0.0178665 0.00930153 0.0093766 0.0110629 0.0172983 0.0162849 0.00943223 0.00854394 0.00876404 0.00884594 0.00825108 0.00837968 0.00927338 0.0100469 0.0102769 0.0106977 0.0103239 0.0101546 0.00982902 0.00874194 0.00800953 0.00843167 0.00956862 0.00960945 0.00991337 0.011178 0.00934621 0.00880508 0.00822902 0.00928897 0.00908006 0.00846484 0.00904543 0.0084924 0.00833228 0.00841579 0.00793749 0.00802927 0.00831966 0.00869656 0.00814991 0.00814575 0.00855141 0.00856401 0.00830784 0.00820882 0.00809958 0.0080005 0.00787485 0.00793119 0.00823628 0.00851435 0.00864672 0.00856394 0.00836404 0.00825167 0.00824217 0.00832482 0.00809066 0.00806801 0.00831134 0.00844175 0.00851569 0.00835563 0.00842588 0.00830222 0.00824563 0.00806892 0.00820286 0.00836465 0.00833637 0.00835516 0.0081588 0.00803803 
0.0032134 0.00316476 0 0.00316659 0.0238779 0.0376969 0.0143748 0.0113844 0.00830869 0.0103053 0.00920363 0.0103261 0.00897986 0.00814235 0.00955955 0.0104835 0.0187437 0.0107726 0.0174286 0.00994034 0.0155222 0.0132058 0.0148142 0.00936672 0.00936209 0.0124342 0.0114262 0.0173874 0.00906205 0.00926814 0.00902616 0.00889621 0.00888157 0.00941898 0.00867348 0.0096705 0.00893143 0.0119644 0.00922717 0.0108797 0.0107027 0.00912259 0.00828646 0.00896155 0.00891935 0.0111508 0.0102467 0.0113613 0.00954521 0.00841739 0.00944162 0.00950544 0.0102979 0.00875876 0.00959336 0.00860982 0.00895227 0.00878652 0.00818373 0.00828506 0.00834281 0.00845268 0.00805516 0.0082666 0.00846947 0.00837791 0.00828715 0.0081561 0.00801077 0.00794821 0.0078551 0.00793333 0.00823776 0.00839636 0.00870239 0.008544 0.00833051 0.0082818 0.00829729 0.00817354 0.00795751 0.00812441 0.00828543 0.00853827 0.00854435 0.00844065 0.00859617 0.0081677 0.00801563 0.00801872 0.00816428 0.00828491 0.00847531 0.00830173 0.00815431 0.0079663 
0.00413763 0.0031539 0.00316659 0 0.0574898 0.0078352 0.00810307 0.00535795 0.00772156 0.00640586 0.00763498 0.00642114 0.00693931 0.00678438 0.00993036 0.00925776 0.00864198 0.00872238 0.00812958 0.00861492 0.00978108 0.0097185 0.00848308 0.0142721 0.0193696 0.0132981 0.0119887 0.00898999 0.0145562 0.0134805 0.00980925 0.00954873 0.0145124 0.0103002 0.00868611 0.00821631 0.0096217 0.00825653 0.008863 0.00835748 0.00974902 0.00870383 0.0106724 0.00988507 0.00988088 0.00822113 0.00925839 0.00844745 0.00892497 0.00860874 0.00975054 0.00879899 0.00826903 0.00876159 0.00810408 0.00839175 0.00852572 0.0109114 0.00902853 0.00793012 0.00824866 0.00795525 0.00836148 0.00907136 0.00804189 0.00804251 0.0079814 0.0079553 0.00794073 0.00787221 0.00798129 0.00812722 0.00801533 0.00804319 0.00814124 0.0081364 0.00797997 0.00797451 0.00799819 0.00790382 0.00829149 0.00819846 0.00802852 0.0080771 0.00812532 0.00799908 0.00823436 0.0079011 0.00833225 0.00842298 0.00797217 0.00811843 0.00803597 0.0080709 0.00794609 0.00814854 
0.0095356 0.00711278 0.0238779 0.0574898 0 0.00355963 0.00323244 0.0031861 0.00319111 0.00331625 0.00358994 0.00361516 0.00523759 0.0124315 0.00631991 0.00825973 0.00712258 0.0103242 0.00755466 0.0197784 0.00824617 0.00945476 0.0214914 0.925479 0.015024 0.0133106 0.0121425 0.00974744 0.0523634 0.0164896 0.0104802 0.0192734 0.0142903 0.0092373 0.00942884 0.00854066 0.0109458 0.00910309 0.0112517 0.00904809 0.012545 0.0148053 0.0119328 0.00975836 0.0100038 0.0086795 0.0109474 0.00939737 0.0131915 0.015442 0.00918452 0.00903576 0.00847896 0.00903886 0.00831842 0.00966279 0.0120024 0.0104004 0.00847391 0.00787213 0.00861254 0.00842552 0.0124453 0.00875658 0.00831176 0.00858622 0.00820454 0.00813893 0.0081564 0.00797018 0.00856998 0.00808026 0.00804587 0.0083493 0.00841859 0.00841054 0.00843696 0.00820566 0.00839594 0.00829226 0.0106728 0.00821124 0.00840734 0.0084452 0.00867233 0.00830159 0.00882375 0.00827664 0.0104475 0.00868616 0.00812219 0.00843679 0.00850986 0.00847674 0.00822272 0.00926625 
0.00841787 0.0263897 0.0376969 0.0078352 0.00355963 0 0.00317751 0.00318559 0.00324545 0.0032393 0.00353747 0.00381194 0.00482256 0.00462942 0.00710699 0.00657499 0.0133721 0.00812649 0.030071 0.00778425 0.014817 0.0121934 0.967385 0.0146208 0.00953809 0.0200666 0.00962716 0.0586169 0.00971982 0.00916403 0.0125105 0.00906687 0.00886281 0.00922835 0.00847301 0.0173382 0.00860796 0.0292093 0.00892042 0.0216051 0.00961271 0.0131978 0.00828791 0.00989746 0.00887125 0.0182116 0.00954704 0.0245418 0.0102068 0.0113282 0.00884571 0.00905578 0.0144736 0.00860749 0.0144628 0.00880965 0.0104753 0.00872036 0.00794455 0.00865357 0.00848662 0.0111162 0.0082033 0.00815908 0.00926087 0.00845605 0.00852206 0.00841012 0.00814176 0.00812891 0.00795771 0.00808108 0.00841253 0.00873066 0.00883807 0.00909492 0.00867256 0.00854709 0.00838615 0.00904055 0.00816344 0.00836435 0.00845485 0.008876 0.00887709 0.00896575 0.00856416 0.00874909 0.00829625 0.00814602 0.00834427 0.00850763 0.00866772 0.00849604 0.00848478 0.00824296 
0.0227385 0.0246887 0.0143748 0.00810307 0.00323244 0.00317751 0 0.00314927 0.0031691 0.0031985 0.00328203 0.00406614 0.00335407 0.00374658 0.00530308 0.0106522 0.00760442 0.0231973 0.00730945 0.0176205 0.00949427 0.963299 0.0111536 0.0114464 0.00875744 0.00867305 0.0577361 0.00868371 0.0146489 0.00878319 0.00863193 0.00988726 0.00885686 0.00830079 0.0162815 0.00860611 0.0575731 0.00927033 0.0655398 0.00971616 0.0250363 0.00906814 0.00821073 0.00860702 0.0192457 0.00989454 0.0583786 0.0113725 0.0197336 0.00883328 0.00893416 0.0150476 0.00947267 0.0309616 0.00890465 0.019705 0.00865876 0.00903572 0.00825402 0.00804521 0.0138182 0.008487 0.00930688 0.00862849 0.00876857 0.00968 0.00925373 0.00873785 0.00848346 0.00814874 0.00798858 0.00803565 0.00861409 0.0099668 0.0104756 0.00952484 0.00996237 0.00881202 0.00955147 0.00831374 0.00869903 0.00819938 0.00912743 0.00920256 0.0109231 0.00854277 0.0106096 0.00859753 0.00892485 0.00818155 0.00823691 0.00939714 0.00880832 0.00952273 0.0084258 0.00830004 
0.0170064 0.0370939 0.0113844 0.00535795 0.0031861 0.00318559 0.00314927 0 0.00314533 0.00318013 0.00335847 0.00327794 0.0031966 0.00327865 0.00634379 0.00610789 0.0146682 0.00668585 0.0144508 0.00768194 0.977163 0.0122229 0.0118133 0.00793834 0.0082173 0.0177019 0.00889473 0.0247571 0.0087424 0.00875329 0.00949553 0.00860802 0.00829971 0.00925492 0.00837301 0.0338027 0.00877469 0.0617768 0.00919549 0.0383184 0.00903406 0.0117481 0.0081811 0.0102365 0.00863476 0.0422335 0.0105397 0.0372752 0.00979004 0.0142065 0.00886007 0.00899461 0.027632 0.00896546 0.0256052 0.00865413 0.0105271 0.00858871 0.00799191 0.00919275 0.00860309 0.00982688 0.00818706 0.00828365 0.0095835 0.00867803 0.00884731 0.00859659 0.00822315 0.00816977 0.00789959 0.00800804 0.00853743 0.00977812 0.00935541 0.0100646 0.00862015 0.0100668 0.00837188 0.0091862 0.00801927 0.00839234 0.00839798 0.0095632 0.00902988 0.0101873 0.00859866 0.00881738 0.00807594 0.00814604 0.00838108 0.00854132 0.00942608 0.00849843 0.00832494 0.0081828 
0.0451852 0.0101975 0.00830869 0.00772156 0.00319111 0.00324545 0.0031691 0.00314533 0 0.00314759 0.00318388 0.00317362 0.00323208 0.0031979 0.00411574 0.012011 0.00682229 0.0181027 0.00774361 0.982991 0.0116971 0.0160247 0.00777131 0.0107187 0.00858446 0.00866993 0.0306693 0.00861085 0.0166306 0.00880002 0.00863068 0.0100565 0.00892553 0.00827685 0.0180187 0.00866267 0.0674416 0.00944055 0.0652197 0.00959185 0.0249953 0.00889451 0.00842229 0.00856687 0.0234313 0.0100523 0.0535691 0.0116732 0.0318846 0.00891259 0.00858492 0.0193891 0.0101781 0.0336271 0.00922381 0.0197409 0.0086953 0.00895412 0.00855347 0.00808727 0.0117671 0.00837183 0.00903144 0.00866801 0.00872594 0.00992681 0.00939057 0.00851452 0.00854978 0.00807106 0.00790782 0.00800126 0.0088211 0.00941986 0.0109828 0.00946851 0.0103012 0.0087098 0.00960616 0.00832872 0.00876385 0.00825007 0.00915347 0.00895455 0.0108433 0.00854667 0.0101114 0.00846507 0.00876768 0.0083096 0.00825978 0.00924797 0.00897594 0.00913806 0.00839526 0.00831959 
0.00912305 0.0103684 0.0103053 0.00640586 0.00331625 0.0032393 0.0031985 0.00318013 0.00314759 0 0.00315403 0.00317908 0.00316024 0.0032127 0.00692111 0.00490968 0.0109645 0.00647966 0.98626 0.0101148 0.0183338 0.00766331 0.0183215 0.00748696 0.00792853 0.0139693 0.00864118 0.0257441 0.0093258 0.00868031 0.00945526 0.00861771 0.00843845 0.00953834 0.00828205 0.0433094 0.00865355 0.0670785 0.00911555 0.0310786 0.00896651 0.0153583 0.00813474 0.0104527 0.00869039 0.041527 0.0102643 0.0506077 0.010012 0.010375 0.00944414 0.00879339 0.0299749 0.0088131 0.0259512 0.00870801 0.0104898 0.00859064 0.00797636 0.00908766 0.0085561 0.0104101 0.00826723 0.00826489 0.00979239 0.00859281 0.0086028 0.00838871 0.00813141 0.00808725 0.00789507 0.00800714 0.0084569 0.00966221 0.00932937 0.00955776 0.00864631 0.00926929 0.0083791 0.00886835 0.00804975 0.00831297 0.00854443 0.00921261 0.0090023 0.00944703 0.00857085 0.00845622 0.00811486 0.00814308 0.00833343 0.00856721 0.00909202 0.0085334 0.00833422 0.00830685 
0.00848288 0.00935866 0.00920363 0.00763498 0.00358994 0.00353747 0.00328203 0.00335847 0.00318388 0.00315403 0 0.00317197 0.00318098 0.00320516 0.00334069 0.00651767 0.00581379 0.985668 0.0136558 0.0171315 0.00634535 0.0177553 0.007139 0.0087455 0.00803446 0.00860866 0.0255126 0.00902863 0.0150809 0.00854351 0.00858559 0.00975069 0.00874095 0.00823395 0.016728 0.00878384 0.0411863 0.00924553 0.0362461 0.00950136 0.0167042 0.00896308 0.00822151 0.00843811 0.0161894 0.00975144 0.0428484 0.0116623 0.0150287 0.00904225 0.00860583 0.0147477 0.00929638 0.0266407 0.00922599 0.0138876 0.00866567 0.00843868 0.00808817 0.0080297 0.0103812 0.00832177 0.00860783 0.00830352 0.00855599 0.00903381 0.00868406 0.00831623 0.00834855 0.00809653 0.00792582 0.00797023 0.00852108 0.00898748 0.0101903 0.0092138 0.00947477 0.00830597 0.00920206 0.00831289 0.0085587 0.0082117 0.00868931 0.00881025 0.00979537 0.00844547 0.00936053 0.0083372 0.00858814 0.00817674 0.00825486 0.00882189 0.00866638 0.00902845 0.00840805 0.00817719 
0.0097814 0.0124029 0.0103261 0.00642114 0.00361516 0.00381194 0.00406614 0.00327794 0.00317362 0.00317908 0.00317197 0 0.00314993 0.00315976 0.00372779 0.00438985 0.978444 0.0101464 0.00953809 0.0052274 0.0148127 0.00616737 0.00885398 0.00647473 0.00732877 0.0129078 0.00862741 0.0184939 0.00862668 0.00866348 0.00918844 0.00857078 0.00836365 0.0107049 0.00828828 0.0273355 0.00872549 0.0336557 0.00909106 0.0184683 0.00891278 0.0102111 0.00812193 0.0101934 0.00874593 0.0272088 0.0099829 0.0229518 0.00943258 0.00926557 0.00916038 0.00877694 0.0210936 0.00873656 0.0175774 0.00859294 0.00917344 0.00847069 0.00797143 0.00902089 0.00849218 0.00904965 0.00809963 0.00811677 0.00920402 0.00856225 0.00839086 0.00835113 0.00808942 0.00808558 0.00789056 0.00789615 0.00830124 0.00906916 0.00884099 0.00921529 0.0085101 0.0092238 0.0083003 0.00856525 0.00803794 0.00818438 0.0084027 0.00882589 0.00873982 0.00895794 0.00834646 0.00829687 0.00803599 0.00800846 0.00818725 0.008303 0.00869653 0.00829657 0.00816336 0.00810504 
0.0100938 0.0114473 0.00897986 0.00693931 0.00523759 0.00482256 0.00335407 0.0031966 0.00323208 0.00316024 0.00318098 0.00314993 0 0.00321425 0.00365335 0.993841 0.00460927 0.0067843 0.00412375 0.00938365 0.00549967 0.007394 0.00632287 0.00673543 0.00763696 0.00910486 0.0229105 0.00827614 0.010171 0.00890044 0.00862118 0.00934509 0.00903867 0.00948914 0.0116936 0.00850636 0.0121244 0.00853043 0.0111725 0.00865661 0.0116253 0.00852203 0.00851796 0.00839526 0.0147295 0.00855152 0.0106642 0.00900349 0.0103551 0.00840307 0.00834139 0.0136103 0.00854193 0.0103597 0.00832518 0.00982768 0.00867741 0.00857101 0.00846392 0.00793373 0.00894398 0.0079866 0.00835345 0.00836368 0.00834795 0.00829614 0.00825083 0.00798981 0.00800873 0.0079204 0.00788152 0.00807479 0.00828213 0.00827437 0.00872208 0.00835534 0.0084194 0.00814211 0.0082688 0.00802972 0.00825497 0.00804415 0.00828805 0.00832995 0.00840365 0.0082252 0.00838424 0.00797243 0.00822753 0.00827804 0.00813938 0.00818364 0.00816706 0.00817635 0.007979 0.00795525 
0.0155242 0.00889264 0.00814235 0.00678438 0.0124315 0.00462942 0.00374658 0.00327865 0.0031979 0.0032127 0.00320516 0.00315976 0.00321425 0 0.998355 0.00458116 0.00338713 0.00344394 0.00811848 0.00400371 0.00496403 0.00533422 0.00568332 0.00606396 0.00862295 0.0175069 0.00897586 0.00841066 0.00863772 0.0110454 0.00968947 0.00898834 0.0105799 0.0144262 0.0084774 0.00879184 0.00859207 0.00900736 0.00839908 0.00844744 0.00878374 0.00879497 0.00943482 0.0118043 0.00859742 0.00846831 0.00852101 0.008564 0.00851326 0.00850989 0.0101954 0.0086471 0.00839066 0.00837673 0.00821804 0.00818489 0.00814007 0.0099296 0.00850439 0.00798889 0.00814117 0.00800386 0.00800264 0.00857302 0.00814743 0.00798621 0.00794776 0.00791236 0.00785937 0.00788064 0.00783191 0.0081106 0.00803823 0.00802723 0.00808755 0.00820354 0.00800498 0.00798962 0.00796156 0.00792663 0.00796102 0.00813623 0.0080136 0.00801367 0.00806987 0.00801372 0.00798798 0.00800523 0.00797788 0.00819845 0.00797417 0.00802431 0.00802425 0.00795222 0.00798746 0.00789958 
0.01055 0.00922698 0.00955955 0.00993036 0.00631991 0.00710699 0.00530308 0.00634379 0.00411574 0.00692111 0.00334069 0.00372779 0.00365335 0.998355 0 0.00339087 0.00317966 0.00316897 0.00319556 0.00321247 0.0034737 0.00334253 0.00507288 0.00610696 0.00708616 0.0242204 0.00759365 0.0173307 0.0116561 0.0112054 0.0121465 0.0104278 0.010749 0.0114845 0.00825409 0.0108165 0.00828442 0.0125273 0.00827804 0.0104324 0.00838441 0.0484626 0.00956196 0.0113781 0.00812972 0.009556 0.00834992 0.0110668 0.00889532 0.016401 0.00983546 0.00815259 0.00895614 0.00798708 0.00887663 0.00815503 0.0126444 0.00934521 0.00793089 0.008231 0.00791081 0.00922451 0.00834003 0.00811018 0.00825436 0.0080413 0.00801615 0.00799649 0.00783099 0.0080261 0.00794186 0.00826828 0.0078968 0.00809342 0.0080435 0.0080807 0.00796012 0.00816705 0.00792488 0.00879931 0.00842648 0.00825587 0.00790728 0.00804994 0.008063 0.00822516 0.00800748 0.00842586 0.00807937 0.00813922 0.00799785 0.00799894 0.00829565 0.00803509 0.00808547 0.00806615 
0.00961141 0.0193009 0.0104835 0.00925776 0.00825973 0.00657499 0.0106522 0.00610789 0.012011 0.00490968 0.00651767 0.00438985 0.993841 0.00458116 0.00339087 0 0.00318685 0.00315052 0.00316833 0.00320546 0.00321776 0.00363485 0.00428661 0.00453289 0.00609687 0.00758248 0.0353411 0.00863306 0.0182341 0.00859428 0.00869631 0.0107921 0.00943554 0.0083608 0.0163501 0.00846666 0.0259859 0.00870533 0.0205658 0.00863973 0.0901317 0.00888126 0.0084117 0.00839376 0.0176266 0.00866492 0.0251701 0.00945496 0.0195875 0.00959019 0.00868924 0.0128558 0.0084474 0.0136087 0.00832301 0.0143282 0.00842172 0.00868786 0.00808978 0.00791456 0.00942263 0.00824858 0.00876314 0.00813316 0.00825016 0.00850005 0.00819383 0.00816627 0.0080824 0.00795415 0.00793941 0.00787104 0.00821659 0.00852532 0.00872344 0.0086304 0.00858007 0.00820055 0.00855299 0.00817841 0.00834332 0.00797808 0.00834883 0.0083843 0.00871692 0.00842373 0.00867752 0.00816983 0.00831547 0.0079385 0.00813878 0.00850541 0.00847159 0.00848007 0.00827384 0.00814047 
0.00953882 0.0135093 0.0187437 0.00864198 0.00712258 0.0133721 0.00760442 0.0146682 0.00682229 0.0109645 0.00581379 0.978444 0.00460927 0.00338713 0.00317966 0.00318685 0 0.00315342 0.00318188 0.00317874 0.00322059 0.0035789 0.00330234 0.00346126 0.00560551 0.010653 0.00796688 0.0241618 0.00846134 0.00806577 0.00916869 0.0087489 0.00849293 0.00963445 0.00847943 0.0353577 0.00891975 0.0569616 0.00924543 0.15895 0.0094053 0.0164559 0.0082706 0.0108364 0.0089848 0.0478475 0.0112379 0.045894 0.00990545 0.0136588 0.00932933 0.00957983 0.0289312 0.00889118 0.0398237 0.00865605 0.011489 0.00890893 0.00804779 0.00902892 0.00851978 0.0100258 0.00826809 0.00826941 0.00944791 0.00872146 0.00872629 0.00884725 0.00843049 0.00811876 0.00790201 0.007992 0.00851038 0.00934489 0.00968288 0.0100753 0.00894769 0.0101631 0.00879417 0.00872192 0.00822884 0.00831547 0.00852719 0.00958954 0.00980848 0.00967864 0.00881443 0.00884085 0.00841557 0.00810017 0.00831527 0.00843509 0.00922119 0.00871551 0.00882582 0.00807276 
0.00988032 0.0159932 0.0107726 0.00872238 0.0103242 0.00812649 0.0231973 0.00668585 0.0181027 0.00647966 0.985668 0.0101464 0.0067843 0.00344394 0.00316897 0.00315052 0.00315342 0 0.00314987 0.00316605 0.0031788 0.00324854 0.00317671 0.00339214 0.00551191 0.00741987 0.0170751 0.00793056 0.0165572 0.00796073 0.00855433 0.00988457 0.00993679 0.00831794 0.0182971 0.00905919 0.0515724 0.00974002 0.250063 0.009607 0.031266 0.00922613 0.0086936 0.00878967 0.0263001 0.0102777 0.0740078 0.0119059 0.0357983 0.00916568 0.00890118 0.0168074 0.0102118 0.0576063 0.00923117 0.0206995 0.00881212 0.00925893 0.00824547 0.00813562 0.0125537 0.0084568 0.00897002 0.00857541 0.00883065 0.00976854 0.00880589 0.00863382 0.00822465 0.00812584 0.00790281 0.00804415 0.00866062 0.0106975 0.010769 0.0102824 0.0100915 0.00957891 0.00977448 0.00837097 0.00829762 0.00819841 0.00936994 0.00943984 0.0109596 0.00864352 0.0102721 0.00836613 0.00827321 0.00813519 0.00816786 0.00945 0.0090549 0.00960401 0.00827541 0.00851222 
0.00949541 0.0112535 0.0174286 0.00812958 0.00755466 0.030071 0.00730945 0.0144508 0.00774361 0.98626 0.0136558 0.00953809 0.00412375 0.00811848 0.00319556 0.00316833 0.00318188 0.00314987 0 0.00316026 0.00316258 0.00317228 0.00315333 0.00326766 0.0050955 0.0105953 0.00725626 0.0203348 0.00984879 0.00773096 0.0089185 0.00872014 0.00837461 0.0116135 0.00844355 0.0341555 0.00891654 0.286112 0.00939683 0.0542113 0.00951915 0.0179606 0.00823628 0.011122 0.0089782 0.0547707 0.0108595 0.0713999 0.0116118 0.011165 0.00988229 0.00922438 0.0671654 0.0091088 0.0356694 0.00921141 0.0128732 0.00910221 0.0081223 0.00893843 0.00876057 0.011258 0.00811751 0.00840192 0.00965977 0.00878613 0.00963238 0.00876705 0.00856349 0.00812236 0.00795012 0.00809598 0.00889039 0.010446 0.0107884 0.0128769 0.00944522 0.00984538 0.00895086 0.00938586 0.00833315 0.00826539 0.00849778 0.0112396 0.00981038 0.0106622 0.00879319 0.00884951 0.00812583 0.00815374 0.00836694 0.00861444 0.0102104 0.00886393 0.00885964 0.008164 
0.0106176 0.0177459 0.00994034 0.00861492 0.0197784 0.00778425 0.0176205 0.00768194 0.982991 0.0101148 0.0171315 0.0052274 0.00938365 0.00400371 0.00321247 0.00320546 0.00317874 0.00316605 0.00316026 0 0.00319116 0.00315016 0.00319516 0.0031652 0.00509954 0.00625653 0.0289208 0.00898673 0.0428875 0.00713186 0.00815584 0.00938228 0.00943966 0.00838129 0.0227646 0.00852008 0.246173 0.00915038 0.0696192 0.00926235 0.0337055 0.00906212 0.00843242 0.00875515 0.0322991 0.00950925 0.0807284 0.0113333 0.0245378 0.00873727 0.00887515 0.0485422 0.00934164 0.0378345 0.00906911 0.0208159 0.00875938 0.00946949 0.00854738 0.00816587 0.0134104 0.00833083 0.00936432 0.00895841 0.00876204 0.0104725 0.00924012 0.00895656 0.00828477 0.00806781 0.00796656 0.00813062 0.00889683 0.0102558 0.0117887 0.0107465 0.0100726 0.0087686 0.0103971 0.00831106 0.00853819 0.00819655 0.00946115 0.00926838 0.012285 0.00863497 0.0119089 0.00829758 0.00850314 0.00822867 0.00842086 0.00996135 0.0090309 0.0103544 0.00839121 0.00845026 
0.00935643 0.0120607 0.0155222 0.00978108 0.00824617 0.014817 0.00949427 0.977163 0.0116971 0.0183338 0.00634535 0.0148127 0.00549967 0.00496403 0.0034737 0.00321776 0.00322059 0.0031788 0.00316258 0.00319116 0 0.00317393 0.00316376 0.0031798 0.00464157 0.0116886 0.00774063 0.0548039 0.0118444 0.00721866 0.00892458 0.00844976 0.00855601 0.0104046 0.00835261 0.203652 0.00879537 0.0788988 0.00910197 0.0446545 0.00981649 0.0121715 0.008271 0.0136358 0.00892634 0.0651036 0.0106562 0.0549633 0.00980223 0.0117268 0.0190758 0.00907525 0.0435688 0.00903477 0.0315495 0.00877228 0.0114358 0.00919206 0.00805119 0.00968319 0.00871518 0.0117873 0.00832432 0.00833555 0.0104484 0.00895161 0.00912821 0.00864302 0.00821996 0.00821995 0.007958 0.00815964 0.0088328 0.0101573 0.010514 0.0108857 0.00915376 0.0103239 0.00865266 0.00883612 0.00817646 0.00874519 0.00866119 0.0117564 0.00947612 0.0104449 0.00861706 0.0089843 0.00819057 0.00818435 0.00844158 0.00875876 0.00978647 0.00897754 0.00879921 0.00817987 
0.00971002 0.0123802 0.0132058 0.0097185 0.00945476 0.0121934 0.963299 0.0122229 0.0160247 0.00766331 0.0177553 0.00616737 0.007394 0.00533422 0.00334253 0.00363485 0.0035789 0.00324854 0.00317228 0.00315016 0.00317393 0 0.00316935 0.0031547 0.00417968 0.00675711 0.0556918 0.0100956 0.0151132 0.00689428 0.00820654 0.0135498 0.00906311 0.00828167 0.144802 0.00869808 0.0423528 0.00902165 0.0445903 0.00954097 0.0170766 0.00877934 0.00839683 0.00898252 0.0275742 0.00992729 0.0438084 0.0108452 0.018917 0.00885427 0.00881634 0.0200001 0.00925211 0.0291027 0.00892061 0.0158279 0.00866075 0.0089601 0.00839011 0.00806558 0.0129343 0.00820788 0.00873145 0.0087623 0.00862226 0.0109869 0.00880859 0.0086196 0.0083861 0.00805577 0.00802311 0.00798897 0.00854732 0.0101247 0.0107989 0.0099042 0.00986841 0.00870147 0.00938396 0.00831448 0.00855412 0.00813041 0.00932542 0.009283 0.0111966 0.00883228 0.0103054 0.00829467 0.00853729 0.00830197 0.00825323 0.0093949 0.00905848 0.00920462 0.00832842 0.00893231 
0.0103657 0.0178665 0.0148142 0.00848308 0.0214914 0.967385 0.0111536 0.0118133 0.00777131 0.0183215 0.007139 0.00885398 0.00632287 0.00568332 0.00507288 0.00428661 0.00330234 0.00317671 0.00315333 0.00319516 0.00316376 0.00316935 0 0.00320805 0.00672693 0.0461749 0.00941994 0.0334018 0.00691975 0.00744057 0.0121821 0.00933741 0.00945909 0.131382 0.00885439 0.0142873 0.00853126 0.0206579 0.00870505 0.0119382 0.0101152 0.0114696 0.00878243 0.0135106 0.00916993 0.0161105 0.00900064 0.015149 0.0101172 0.00993512 0.0106076 0.00915044 0.018448 0.0086126 0.0117211 0.00865632 0.0104026 0.0102584 0.00818067 0.00893174 0.00826516 0.0101931 0.00817231 0.00840961 0.0104451 0.00833547 0.00834363 0.00814361 0.008027 0.00817343 0.0079038 0.00795291 0.0085237 0.00860445 0.00903198 0.00902488 0.00850412 0.00865488 0.00827297 0.00884765 0.00801828 0.00829327 0.00833826 0.00879944 0.00877807 0.00902571 0.0082798 0.00869719 0.00799368 0.00808196 0.00853846 0.0083353 0.0084372 0.00846921 0.00837404 0.0079761 
0.019327 0.00930153 0.00936672 0.0142721 0.925479 0.0146208 0.0114464 0.00793834 0.0107187 0.00748696 0.0087455 0.00647473 0.00673543 0.00606396 0.00610696 0.00453289 0.00346126 0.00339214 0.00326766 0.0031652 0.0031798 0.0031547 0.00320805 0 0.0278347 0.0127662 0.0152042 0.00745258 0.0149967 0.0096193 0.0117143 0.0148387 0.022717 0.0129824 0.0102575 0.00849325 0.0133557 0.00888328 0.00976418 0.00879492 0.0113122 0.0104253 0.0131554 0.0124133 0.0127576 0.00868927 0.0107741 0.00879187 0.010412 0.00913147 0.010275 0.011042 0.00853518 0.0106013 0.00841736 0.00927008 0.00910261 0.0131655 0.0100266 0.00795759 0.00874559 0.00807634 0.00915981 0.0103893 0.00825717 0.0083136 0.00820456 0.00797692 0.00793365 0.00793819 0.00800876 0.00836139 0.00812438 0.00832486 0.00862167 0.00833659 0.00836277 0.00807693 0.00831355 0.00793937 0.00854027 0.00827471 0.00830368 0.00814414 0.00845978 0.00808249 0.00852135 0.00793782 0.00856745 0.00876955 0.00812298 0.00811809 0.00813818 0.00811162 0.00802731 0.00817239 
0.011196 0.0093766 0.00936209 0.0193696 0.015024 0.00953809 0.00875744 0.0082173 0.00858446 0.00792853 0.00803446 0.00732877 0.00763696 0.00862295 0.00708616 0.00609687 0.00560551 0.00551191 0.0050955 0.00509954 0.00464157 0.00417968 0.00672693 0.0278347 0 0.016911 0.00498031 0.00369034 0.00561306 0.0232455 0.0126586 0.0146728 0.200996 0.0108921 0.00876365 0.0084017 0.00914284 0.00887539 0.00848358 0.00831851 0.00943104 0.0118922 0.0506817 0.0105922 0.00897798 0.00822428 0.00850678 0.00839935 0.0092995 0.0121948 0.00968612 0.00850936 0.00831747 0.00825662 0.00799567 0.00837055 0.0091559 0.0193812 0.00873313 0.00788654 0.00815125 0.00792791 0.0103862 0.00899179 0.00798449 0.00792585 0.0078673 0.00791026 0.00789153 0.00787465 0.00839923 0.00806705 0.00788998 0.00784578 0.0079146 0.00789334 0.00788921 0.00785553 0.00798367 0.00789822 0.00946835 0.00870247 0.00794779 0.00793272 0.00799652 0.00791724 0.00815325 0.00790416 0.00927305 0.00861598 0.00792928 0.00796995 0.007926 0.00793561 0.00791084 0.00848443 
0.0133087 0.0110629 0.0124342 0.0132981 0.0133106 0.0200666 0.00867305 0.0177019 0.00866993 0.0139693 0.00860866 0.0129078 0.00910486 0.0175069 0.0242204 0.00758248 0.010653 0.00741987 0.0105953 0.00625653 0.0116886 0.00675711 0.0461749 0.0127662 0.016911 0 0.00323654 0.00496488 0.00362994 0.00669427 0.0166442 0.0134427 0.0142258 0.0183988 0.008446 0.0180323 0.00837154 0.0214236 0.00852478 0.0153845 0.00892599 0.0420834 0.0117567 0.0205384 0.00848969 0.0147054 0.0089736 0.0203839 0.00938302 0.0460321 0.0136417 0.00858012 0.0134034 0.00830577 0.0126676 0.00837619 0.0270212 0.0103257 0.00802964 0.00928079 0.00804537 0.0130154 0.00863175 0.00835131 0.00924185 0.00814598 0.00831835 0.00818467 0.00803815 0.00862022 0.00834957 0.0081851 0.00803167 0.00860021 0.00823102 0.00860672 0.00808747 0.00863093 0.00801114 0.0104791 0.00871569 0.00930235 0.00808509 0.00839148 0.00839668 0.00896301 0.00801396 0.00969648 0.00850254 0.00832855 0.00835396 0.00810701 0.0091676 0.008077 0.00910645 0.00835935 
0.0105813 0.0172983 0.0114262 0.0119887 0.0121425 0.00962716 0.0577361 0.00889473 0.0306693 0.00864118 0.0255126 0.00862741 0.0229105 0.00897586 0.00759365 0.0353411 0.00796688 0.0170751 0.00725626 0.0289208 0.00774063 0.0556918 0.00941994 0.0152042 0.00498031 0.00323654 0 0.00323947 0.00343829 0.00387373 0.00811624 0.0259839 0.0119544 0.00837863 0.032242 0.00841975 0.0520361 0.00860773 0.0352451 0.00869745 0.0370336 0.00919872 0.00955872 0.00858457 0.0422981 0.00867168 0.0508169 0.00936148 0.0614903 0.00882327 0.00901668 0.0319529 0.00866849 0.0341172 0.0085737 0.0329239 0.00868439 0.00963865 0.00973604 0.00802766 0.0180101 0.00829073 0.0121955 0.00909782 0.00845656 0.0102798 0.00904975 0.00825507 0.00862575 0.0083074 0.00846878 0.00804619 0.00862911 0.0094173 0.00990274 0.00944647 0.00963086 0.00840032 0.0107744 0.00827129 0.0114642 0.00807031 0.00943246 0.00897545 0.0105582 0.00862537 0.0121495 0.00828607 0.01067 0.00877167 0.00821845 0.0099188 0.00866204 0.0097224 0.00836504 0.00900975 
0.00982733 0.0162849 0.0173874 0.00898999 0.00974744 0.0586169 0.00868371 0.0247571 0.00861085 0.0257441 0.00902863 0.0184939 0.00827614 0.00841066 0.0173307 0.00863306 0.0241618 0.00793056 0.0203348 0.00898673 0.0548039 0.0100956 0.0334018 0.00745258 0.00369034 0.00496488 0.00323947 0 0.00319814 0.0132568 0.0388919 0.0112713 0.00831528 0.0194331 0.00822546 0.0381959 0.00826398 0.0300399 0.00842536 0.0379637 0.00883581 0.0164162 0.00906905 0.0127947 0.0086776 0.0433435 0.00883878 0.0495455 0.00906266 0.0118212 0.0108553 0.00879451 0.0352246 0.00841881 0.0262394 0.00841744 0.0126368 0.00946052 0.00801325 0.0118975 0.00812127 0.0136795 0.00800753 0.00828605 0.0119225 0.00814837 0.00812157 0.00819691 0.00798862 0.0082053 0.00784041 0.00795999 0.00855691 0.00846945 0.00864269 0.00882295 0.00822497 0.0087469 0.00806458 0.00961842 0.0079035 0.00913511 0.00843426 0.00918243 0.00853356 0.00943012 0.0080994 0.00959102 0.00796735 0.00830514 0.00880586 0.00819127 0.00902314 0.00837472 0.00858134 0.00789554 
0.0172322 0.00943223 0.00906205 0.0145562 0.0523634 0.00971982 0.0146489 0.0087424 0.0166306 0.0093258 0.0150809 0.00862668 0.010171 0.00863772 0.0116561 0.0182341 0.00846134 0.0165572 0.00984879 0.0428875 0.0118444 0.0151132 0.00691975 0.0149967 0.00561306 0.00362994 0.00343829 0.00319814 0 0.0839314 0.0113938 0.0147445 0.0205853 0.0135167 0.0144943 0.00833019 0.0172255 0.00848441 0.0229012 0.00832728 0.0148418 0.00934437 0.0179223 0.0111212 0.0247968 0.00836471 0.0235771 0.00860498 0.0141989 0.00883645 0.0115425 0.0161687 0.00839636 0.0169697 0.00829215 0.0118796 0.00881358 0.0153448 0.0134918 0.00797491 0.0106798 0.00805937 0.0127145 0.0124355 0.00818046 0.00858721 0.00838027 0.00808417 0.00804944 0.00797336 0.00886128 0.00871395 0.00819039 0.00830796 0.00841624 0.00838227 0.00841846 0.00807636 0.00872005 0.00793857 0.010841 0.00841588 0.00878558 0.00819513 0.00866186 0.00801686 0.00941675 0.00790836 0.00990049 0.00987267 0.00809215 0.0084104 0.00813282 0.00832212 0.00801557 0.00870854 
0.0100162 0.00854394 0.00926814 0.0134805 0.0164896 0.00916403 0.00878319 0.00875329 0.00880002 0.00868031 0.00854351 0.00866348 0.00890044 0.0110454 0.0112054 0.00859428 0.00806577 0.00796073 0.00773096 0.00713186 0.00721866 0.00689428 0.00744057 0.0096193 0.0232455 0.00669427 0.00387373 0.0132568 0.0839314 0 0.0464072 0.00733651 0.0618459 0.0101153 0.00889549 0.00808983 0.00870841 0.00909884 0.00818835 0.00841334 0.00917725 0.0130107 0.0737872 0.0119829 0.00911204 0.00845121 0.00872931 0.00874282 0.00927548 0.0148056 0.0101262 0.00857632 0.00846538 0.00835166 0.00801381 0.00836503 0.010722 0.0180599 0.00889539 0.00791243 0.00805015 0.00805313 0.0105506 0.00943674 0.00794495 0.00786488 0.00788469 0.00785231 0.00783586 0.00783102 0.00830534 0.00812251 0.0078058 0.00783994 0.00786063 0.00787688 0.00781823 0.00782608 0.00788909 0.00795682 0.00912569 0.00847936 0.00789287 0.00787079 0.00791141 0.00787418 0.00808083 0.00792153 0.00916771 0.00840038 0.00792702 0.00794957 0.00789803 0.00788122 0.00792787 0.00909823 
0.00921015 0.00876404 0.00902616 0.00980925 0.0104802 0.0125105 0.00863193 0.00949553 0.00863068 0.00945526 0.00858559 0.00918844 0.00862118 0.00968947 0.0121465 0.00869631 0.00916869 0.00855433 0.0089185 0.00815584 0.00892458 0.00820654 0.0121821 0.0117143 0.0126586 0.0166442 0.00811624 0.0388919 0.0113938 0.0464072 0 0.00578827 0.0100116 0.0122898 0.00776097 0.0115711 0.0080035 0.0101796 0.00799631 0.00898217 0.00881966 0.0263047 0.0117062 0.0114339 0.00848409 0.00975448 0.00849538 0.00927997 0.00920511 0.0137839 0.00955736 0.0087561 0.00892639 0.00836825 0.00891772 0.00852845 0.0114949 0.0104157 0.00814955 0.00830791 0.00818558 0.00934175 0.00826525 0.00835733 0.0085218 0.00808077 0.0079401 0.007924 0.00784989 0.00798179 0.00790351 0.00806074 0.00797937 0.00807399 0.008089 0.00823143 0.00804091 0.00807126 0.00806589 0.00859339 0.00807438 0.00833409 0.00800264 0.00808111 0.0081077 0.00815352 0.00810094 0.00829753 0.00810964 0.00804855 0.00822975 0.00813482 0.00819557 0.0080701 0.00812871 0.00803209 
0.010051 0.00884594 0.00889621 0.00954873 0.0192734 0.00906687 0.00988726 0.00860802 0.0100565 0.00861771 0.00975069 0.00857078 0.00934509 0.00898834 0.0104278 0.0107921 0.0087489 0.00988457 0.00872014 0.00938228 0.00844976 0.0135498 0.00933741 0.0148387 0.0146728 0.0134427 0.0259839 0.0112713 0.0147445 0.00733651 0.00578827 0 0.0172866 0.00993263 0.0120817 0.00780109 0.011821 0.00819893 0.00950183 0.00792741 0.0203979 0.0120845 0.016013 0.0110598 0.0124484 0.00838364 0.0105862 0.00868008 0.0131633 0.00939296 0.0102273 0.0116515 0.00852661 0.0102559 0.00831984 0.00999256 0.0091641 0.0151003 0.0102035 0.00791454 0.00911537 0.00806265 0.00967169 0.00989888 0.00816911 0.00808784 0.00804464 0.00791588 0.00784171 0.0078786 0.00808605 0.00844368 0.0080654 0.00800884 0.00822246 0.00812784 0.00806077 0.00790445 0.00833774 0.00794678 0.00900648 0.00817092 0.00817209 0.00804981 0.00823403 0.00804651 0.00838941 0.00791339 0.00858328 0.00853891 0.00804595 0.00808177 0.00810137 0.00815645 0.00793126 0.00835097 
0.0100919 0.00825108 0.00888157 0.0145124 0.0142903 0.00886281 0.00885686 0.00829971 0.00892553 0.00843845 0.00874095 0.00836365 0.00903867 0.0105799 0.010749 0.00943554 0.00849293 0.00993679 0.00837461 0.00943966 0.00855601 0.00906311 0.00945909 0.022717 0.200996 0.0142258 0.0119544 0.00831528 0.0205853 0.0618459 0.0100116 0.0172866 0 0.0183862 0.0047139 0.00346342 0.00496258 0.00421415 0.00515435 0.00521499 0.00618745 0.00758131 0.0602363 0.0118848 0.0107743 0.00830976 0.0100709 0.00875141 0.012181 0.014441 0.0105263 0.0103443 0.00841998 0.00953024 0.00821908 0.00985901 0.011784 0.0320096 0.0104078 0.00791636 0.00904236 0.00806454 0.0162492 0.010213 0.00822985 0.00809567 0.00821102 0.00788106 0.00793004 0.00793882 0.00943512 0.00830226 0.0079821 0.00796114 0.00794849 0.0080107 0.00795844 0.0078726 0.00828287 0.00793381 0.0123971 0.00860354 0.00827799 0.007917 0.00812842 0.00788526 0.00857485 0.00788126 0.0116086 0.00894724 0.00796123 0.00800803 0.007906 0.0080258 0.00792191 0.0100202 
0.00897869 0.00837968 0.00941898 0.0103002 0.0092373 0.00922835 0.00830079 0.00925492 0.00827685 0.00953834 0.00823395 0.0107049 0.00948914 0.0144262 0.0114845 0.0083608 0.00963445 0.00831794 0.0116135 0.00838129 0.0104046 0.00828167 0.131382 0.0129824 0.0108921 0.0183988 0.00837863 0.0194331 0.0135167 0.0101153 0.0122898 0.00993263 0.0183862 0 0.00328656 0.00330059 0.00322229 0.0039338 0.00340193 0.00734223 0.00333066 0.00988299 0.00847041 0.0119706 0.00786799 0.011352 0.0084429 0.0141816 0.00914412 0.0347262 0.0120397 0.00870208 0.0112466 0.00830908 0.0123084 0.00842638 0.0241958 0.0107542 0.00822248 0.00870421 0.00812534 0.0109718 0.00942954 0.00827373 0.00847746 0.0081002 0.0082105 0.00820997 0.0080895 0.00858231 0.00856609 0.00797925 0.00790741 0.00826944 0.00804904 0.00840301 0.00796527 0.0082306 0.00796702 0.0114379 0.00891361 0.00848475 0.0079718 0.00806718 0.0080033 0.00848288 0.00794415 0.00928672 0.00865882 0.00800826 0.00800927 0.0079377 0.00828862 0.00796939 0.00845253 0.00834715 
0.00848653 0.00927338 0.00867348 0.00868611 0.00942884 0.00847301 0.0162815 0.00837301 0.0180187 0.00828205 0.016728 0.00828828 0.0116936 0.0084774 0.00825409 0.0163501 0.00847943 0.0182971 0.00844355 0.0227646 0.00835261 0.144802 0.00885439 0.0102575 0.00876365 0.008446 0.032242 0.00822546 0.0144943 0.00889549 0.00776097 0.0120817 0.0047139 0.00328656 0 0.00350641 0.00341185 0.00315408 0.00340745 0.00321244 0.00429344 0.00346941 0.00610968 0.00731671 0.0179881 0.00803302 0.0252856 0.00861847 0.0228739 0.00938688 0.00927628 0.0195014 0.00838608 0.0200437 0.00825358 0.0239846 0.0084867 0.00898765 0.00919132 0.00797102 0.014402 0.00820546 0.0119623 0.00841723 0.00803769 0.00907042 0.00837648 0.00803374 0.00815717 0.00811064 0.00842668 0.00793386 0.00817615 0.00841834 0.00857437 0.00835509 0.00854995 0.00794576 0.0139894 0.00810198 0.00968515 0.00789701 0.00863049 0.00824339 0.00949619 0.0079549 0.0108246 0.0080447 0.00939351 0.00832844 0.00794486 0.00858134 0.00808174 0.00860806 0.00825407 0.00848984 
0.00820396 0.0100469 0.0096705 0.00821631 0.00854066 0.0173382 0.00860611 0.0338027 0.00866267 0.0433094 0.00878384 0.0273355 0.00850636 0.00879184 0.0108165 0.00846666 0.0353577 0.00905919 0.0341555 0.00852008 0.203652 0.00869808 0.0142873 0.00849325 0.0084017 0.0180323 0.00841975 0.0381959 0.00833019 0.00808983 0.0115711 0.00780109 0.00346342 0.00330059 0.00350641 0 0.0031297 0.00322497 0.00320049 0.00379984 0.00313176 0.00345877 0.00534004 0.0143105 0.00785237 0.0325656 0.00884913 0.0350672 0.0088857 0.0127431 0.012716 0.0085083 0.0439973 0.00842896 0.0484475 0.00839542 0.0128322 0.00861155 0.00807642 0.0135276 0.00824979 0.0154546 0.00822679 0.00826794 0.0115974 0.00831986 0.00883515 0.00885162 0.00805177 0.00840368 0.00788267 0.00799778 0.00832834 0.0101789 0.00958847 0.0103296 0.00856143 0.0124957 0.0081528 0.0124557 0.00795115 0.0089201 0.0082532 0.00973123 0.00859085 0.0152601 0.0081529 0.0110372 0.00805566 0.00799324 0.00880765 0.00827319 0.0122462 0.0082968 0.00934734 0.00812253 
0.00906744 0.0102769 0.00893143 0.0096217 0.0109458 0.00860796 0.0575731 0.00877469 0.0674416 0.00865355 0.0411863 0.00872549 0.0121244 0.00859207 0.00828442 0.0259859 0.00891975 0.0515724 0.00891654 0.246173 0.00879537 0.0423528 0.00853126 0.0133557 0.00914284 0.00837154 0.0520361 0.00826398 0.0172255 0.00870841 0.0080035 0.011821 0.00496258 0.00322229 0.00341185 0.0031297 0 0.0031816 0.00326259 0.00316174 0.00316331 0.00326615 0.005408 0.00729879 0.0236382 0.00829371 0.0539457 0.00892265 0.0393211 0.00843552 0.00900855 0.0281295 0.00849784 0.0691161 0.00847943 0.0392844 0.00866064 0.00992745 0.0108688 0.00818928 0.0324344 0.00836781 0.0128886 0.00962138 0.00845381 0.0163306 0.0107014 0.00849043 0.00987923 0.00801201 0.00884398 0.00806942 0.00867989 0.011504 0.0132393 0.0110289 0.0162037 0.00848887 0.0183726 0.00985426 0.0116057 0.00812301 0.0108074 0.00933794 0.017633 0.00857461 0.0195334 0.00821022 0.0110024 0.00888657 0.00807784 0.0131547 0.00868906 0.0148304 0.0101932 0.0101418 
0.00839564 0.0106977 0.0119644 0.00825653 0.00910309 0.0292093 0.00927033 0.0617768 0.00944055 0.0670785 0.00924553 0.0336557 0.00853043 0.00900736 0.0125273 0.00870533 0.0569616 0.00974002 0.286112 0.00915038 0.0788988 0.00902165 0.0206579 0.00888328 0.00887539 0.0214236 0.00860773 0.0300399 0.00848441 0.00909884 0.0101796 0.00819893 0.00421415 0.0039338 0.00315408 0.00322497 0.0031816 0 0.00315241 0.00311922 0.0031588 0.00332901 0.00504735 0.0115664 0.00777672 0.0517654 0.00966804 0.0584622 0.00896955 0.0134652 0.0141316 0.0085882 0.090786 0.00850596 0.0559051 0.00851898 0.0125143 0.00922902 0.00827366 0.0152042 0.00842194 0.0202738 0.00822784 0.00869252 0.0165313 0.00913225 0.0102638 0.0108252 0.00819187 0.00843643 0.00785594 0.00812482 0.00915538 0.0150019 0.0122917 0.0181114 0.00949656 0.0169767 0.00854262 0.0146878 0.0080406 0.010071 0.00859622 0.0162073 0.00977294 0.0229074 0.0084841 0.0116672 0.00804845 0.00822166 0.00977188 0.00868973 0.0172628 0.00907734 0.00949286 0.00818394 
