1ESRA
XPDSVSIPITCCFNVINRKIPIQRLESYTRITNIQCPKEAVIFKTQRGKEVCADPKERWVRDSMKHLDQIFQNLKP
CCCCCCCCCCCCCCCCCCCCCHHHEEEEEECCCCCCCCCCEEEEECCCCEEEECCCCHHHHHHHHHHHHHHHHCCC
0 0 0 0 0 0 0 0 0 0 0 0 0 0 0 0 0 0 0 0 0 0 0 0 0 0 0 0 0 0 0 0 0 0 0 0 0 0 0 0 0 0 0 0 0 0 0 0 0 0 0 0 0 0 0 0 0 0 0 0 0 0 0 0 0 0 0 0 0 0 0 0 0 0 0 0 
0 0 0 0 0 0 0 0 0 0 0 0 0 0 0 0 0 0 0 0 0 0 0 0 0 0 0 0 0 0 0 0 0 0 0 0 0 0 0 0 0 0 0 0 0 0 0 0 0 0 0 0 0 0 0 0 0 0 0 0 0 0 0 0 0 0 0 0 0 0 0 0 0 0 0 0 
0 0.00327997 0.00329494 0.00341976 0.00329399 0.00432642 0.00764551 0.00772265 0.0109607 0.00838577 0.53667 0.0112088 0.0115706 0.0114606 0.0269846 
0.00327997 0 0.00325032 0.00325402 0.00348246 0.00326246 0.00788582 0.007895 0.00788624 0.0641238 0.112781 0.00903093 0.00921883 0.0146555 0.0108618 
0.00329494 0.00325032 0 0.00332919 0.00323891 0.00325425 0.00772741 0.0121102 0.0153016 0.812923 0.0106407 0.0089129 0.00889487 0.0116611 0.0092874 
0.00341976 0.00325402 0.00332919 0 0.00371459 0.00326775 0.0098574 0.0110387 0.904981 0.0113385 0.0132967 0.00823193 0.0147591 0.00910528 0.00980565 
0.00329399 0.00348246 0.00323891 0.00371459 0 0.00367767 0.012494 0.871333 0.0118242 0.0155149 0.00729024 0.0106446 0.0104483 0.013043 0.00951054 
0.00432642 0.00326246 0.00325425 0.00326775 0.00367767 0 0.871348 0.0105538 0.00976359 0.00760176 0.00871337 0.0137004 0.00899527 0.0101229 0.0124854 
0.00764551 0.00788582 0.00772741 0.0098574 0.012494 0.871348 0 0.00330998 0.00323187 0.00327811 0.00401087 0.00740288 0.00721461 0.0106419 0.913585 
0.00772265 0.007895 0.0121102 0.0110387 0.871333 0.0105538 0.00330998 0 0.00319066 0.0032314 0.00321238 0.00598183 0.00966074 0.927728 0.0267804 
0.0109607 0.00788624 0.0153016 0.904981 0.0118242 0.00976359 0.00323187 0.00319066 0 0.00316252 0.00319174 0.00448078 0.915698 0.0279462 0.0127108 
0.00838577 0.0641238 0.812923 0.0113385 0.0155149 0.00760176 0.00327811 0.0032314 0.00316252 0 0.00318979 0.941687 0.0160554 0.0213761 0.00688537 
0.53667 0.112781 0.0106407 0.0132967 0.00729024 0.00871337 0.00401087 0.00321238 0.00319174 0.00318979 0 0.019033 0.00531833 0.00407373 0.00668796 
0.0112088 0.00903093 0.0089129 0.00823193 0.0106446 0.0137004 0.00740288 0.00598183 0.00448078 0.941687 0.019033 0 0.00324306 0.00322915 0.004087 
0.0115706 0.00921883 0.00889487 0.0147591 0.0104483 0.00899527 0.00721461 0.00966074 0.915698 0.0160554 0.00531833 0.00324306 0 0.00313857 0.0031842 
0.0114606 0.0146555 0.0116611 0.00910528 0.013043 0.0101229 0.0106419 0.927728 0.0279462 0.0213761 0.00407373 0.00322915 0.00313857 0 0.00316336 
0.0269846 0.0108618 0.0092874 0.00980565 0.00951054 0.0124854 0.913585 0.0267804 0.0127108 0.00688537 0.00668796 0.004087 0.0031842 0.00316336 0 
