1EZGB
QCTGGADCTSCTGACTGCGNCPNAVTCTNSQHCVKANTCTGSTDCNTAQTCTNSKDCFEANTCTDSTNCYKATACTNSSGCP
CCECCCCCCCCCCEEECCCCCCCCCEEECCCCCCCCCEEECCCCCCCCCEEECCCCCCCCCEEECCCCCCCCCEEECCCCCC
0 0 0 0 0 0 0 0 0 0 0 0 0 0 0 0 0 0 0 0 0 0 0 0 0 0 0 0 0 0 0 0 0 0 0 0 0 0 0 0 0 0 0 0 0 0 0 0 0 0 0 0 0 0 0 0 0 0 0 0 0 0 0 0 0 0 0 0 0 0 0 0 0 0 0 0 0 0 0 0 0 0 
0 0 0 0 0 0 0 0 0 0 0 0 0 0 0 0 0 0 0 0 0 0 0 0 0 0 0 0 0 0 0 0 0 0 0 0 0 0 0 0 0 0 0 0 0 0 0 0 0 0 0 0 0 0 0 0 0 0 0 0 0 0 0 0 0 0 0 0 0 0 0 0 0 0 0 0 0 0 0 0 0 0 
0 0.0413727 0.0142859 0.0448305 0.0129153 0.0131558 0.0148667 0.0142783 0.0106695 0.0136292 0.0124282 0.00976934 0.0116267 0.0113888 0.0087859 0.0112774 0.00992038 0.00854015 0.00934703 
0.0413727 0 0.00321807 0.00324199 0.0802365 0.0124198 0.0951746 0.0143109 0.010431 0.0214222 0.0143135 0.0104878 0.0253701 0.0113325 0.00975447 0.0178363 0.00900423 0.00884053 0.0134451 
0.0142859 0.00321807 0 0.00326683 0.00955335 0.80662 0.0123442 0.01134 0.0657183 0.0105201 0.00981215 0.0504553 0.010392 0.00926309 0.0306951 0.00987762 0.0085694 0.0129078 0.00849729 
0.0448305 0.00324199 0.00326683 0 0.0736081 0.00930022 0.154842 0.026162 0.0114616 0.0205342 0.0182382 0.00974498 0.0147035 0.017949 0.00972917 0.0135322 0.0125361 0.0085327 0.00935347 
0.0129153 0.0802365 0.00955335 0.0736081 0 0.00318918 0.0032512 0.112376 0.00824512 0.0809422 0.0212803 0.0101997 0.0191647 0.0180164 0.00937993 0.0239612 0.0104964 0.00892766 0.0148224 
0.0131558 0.0124198 0.80662 0.00930022 0.00318918 0 0.00358682 0.00842979 0.887453 0.00933308 0.0111079 0.0691483 0.0103202 0.0100553 0.0509147 0.00987794 0.0095783 0.0199088 0.0085858 
0.0148667 0.0951746 0.0123442 0.154842 0.0032512 0.00358682 0 0.101961 0.00879524 0.179738 0.0204396 0.0103216 0.0158749 0.0192167 0.00990697 0.0141259 0.0145026 0.00857776 0.00934689 
0.0142783 0.0143109 0.01134 0.026162 0.112376 0.00842979 0.101961 0 0.00320183 0.00323664 0.101131 0.00739127 0.122296 0.0170614 0.00958034 0.0197541 0.011148 0.00925457 0.0183969 
0.0106695 0.010431 0.0657183 0.0114616 0.00824512 0.887453 0.00879524 0.00320183 0 0.00399795 0.00664071 0.879546 0.00820691 0.0101257 0.06587 0.0100736 0.00901889 0.031157 0.00877433 
0.0136292 0.0214222 0.0105201 0.0205342 0.0809422 0.00933308 0.179738 0.00323664 0.00399795 0 0.0620094 0.0075533 0.179953 0.0153285 0.0111497 0.0211087 0.0172717 0.00876188 0.0104702 
0.0124282 0.0143135 0.00981215 0.0182382 0.0212803 0.0111079 0.0204396 0.101131 0.00664071 0.0620094 0 0.00317197 0.00324645 0.0904188 0.00781165 0.103389 0.0120333 0.00897001 0.0190782 
0.00976934 0.0104878 0.0504553 0.00974498 0.0101997 0.0691483 0.0103216 0.00739127 0.879546 0.0075533 0.00317197 0 0.00380531 0.0074672 0.863139 0.008859 0.00956742 0.0748597 0.00872413 
0.0116267 0.0253701 0.010392 0.0147035 0.0191647 0.0103202 0.0158749 0.122296 0.00820691 0.179953 0.00324645 0.00380531 0 0.119627 0.00729096 0.166583 0.0137357 0.00888368 0.0104994 
0.0113888 0.0113325 0.00926309 0.017949 0.0180164 0.0100553 0.0192167 0.0170614 0.0101257 0.0153285 0.0904188 0.0074672 0.119627 0 0.00323613 0.0032265 0.0540005 0.0067414 0.23889 
0.0087859 0.00975447 0.0306951 0.00972917 0.00937993 0.0509147 0.00990697 0.00958034 0.06587 0.0111497 0.00781165 0.863139 0.00729096 0.00323613 0 0.00360764 0.00692011 0.782531 0.0119881 
0.0112774 0.0178363 0.00987762 0.0135322 0.0239612 0.00987794 0.0141259 0.0197541 0.0100736 0.0211087 0.103389 0.008859 0.166583 0.0032265 0.00360764 0 0.242047 0.00679487 0.128366 
0.00992038 0.00900423 0.0085694 0.0125361 0.0104964 0.0095783 0.0145026 0.011148 0.00901889 0.0172717 0.0120333 0.00956742 0.0137357 0.0540005 0.00692011 0.242047 0 0.00376019 0.00431665 
0.00854015 0.00884053 0.0129078 0.0085327 0.00892766 0.0199088 0.00857776 0.00925457 0.031157 0.00876188 0.00897001 0.0748597 0.00888368 0.0067414 0.782531 0.00679487 0.00376019 0 0.00319333 
0.00934703 0.0134451 0.00849729 0.00935347 0.0148224 0.0085858 0.00934689 0.0183969 0.00877433 0.0104702 0.0190782 0.00872413 0.0104994 0.23889 0.0119881 0.128366 0.00431665 0.00319333 0 
