1F47B
MDKPKRKEAVIIMNVAAHHGSELNGELLLNSIQQAGFIFGDMNIYHRHLSPDGSGPALFSLANMVKPGTFDPEMKDFTTPGVTIFMQVPSYGDELQLFKLMLQSAQHIADEVGGVVLDDQRRMMTPQKLREYQDIIREVKDANA
CCCCCCCCEEEEEEEECCCCCCEEHHHHHHHHHHCCCEECHHHCEEEECCCCCCCCEEEEEEECECCCCCCCCCCCCEECEEEEEEEECCCCCHHHHHHHHHHHHHHHHHHHCCEEEECCCCECCHHHHHHHHHHHHHHHHHCC
0 0 0 0 0 0 0 0 0 0 0 0 0 0 0 0 0 0 0 0 0 0 0 0 0 0 0 0 0 0 0 0 0 0 0 0 0 0 0 0 0 0 0 0 0 0 0 0 0 0 0 0 0 0 0 0 0 0 0 0 0 0 0 0 0 0 0 0 0 0 0 0 0 0 0 0 0 0 0 0 0 0 0 0 0 0 0 0 0 0 0 0 0 0 0 0 0 0 0 0 0 0 0 0 0 0 0 0 0 0 0 0 0 0 0 0 0 0 0 0 0 0 0 0 0 0 0 0 0 0 0 0 0 0 0 0 0 0 0 0 0 0 0 0 
0 0 0 0 0 0 0 0 0 0 0 0 0 0 0 0 0 0 0 0 0 0 0 0 0 0 0 0 0 0 0 0 0 0 0 0 0 0 0 0 0 0 0 0 0 0 0 0 0 0 0 0 0 0 0 0 0 0 0 0 0 0 0 0 0 0 0 0 0 0 0 0 0 0 0 0 0 0 0 0 0 0 0 0 0 0 0 0 0 0 0 0 0 0 0 0 0 0 0 0 0 0 0 0 0 0 0 0 0 0 0 0 0 0 0 0 0 0 0 0 0 0 0 0 0 0 0 0 0 0 0 0 0 0 0 0 0 0 0 0 0 0 0 0 
0 0.00331418 0.00319346 0.00316703 0.00325792 0.00328081 0.00370025 0.00779392 0.0157755 0.0106234 0.0152717 0.0286654 0.0170291 0.0111046 0.0126348 0.0188069 0.0182822 0.010393 0.0119349 0.0103899 0.0127227 0.0109034 0.0138906 0.0180277 0.00969017 0.0121931 0.00994727 0.0126017 0.00944049 0.0120807 0.00906771 0.0124463 0.00903991 0.026166 0.00879571 0.00890486 0.00996698 0.0109434 0.00903402 
0.00331418 0 0.0032006 0.00323871 0.00324506 0.00326138 0.00338396 0.0036331 0.00731675 0.0073701 0.0181139 0.0105826 0.0158345 0.0338731 0.0170272 0.0102463 0.0142544 0.0373699 0.0158148 0.034809 0.0140343 0.0236157 0.0117342 0.0097356 0.0105829 0.00831107 0.0128172 0.0208917 0.0426818 0.0161443 0.0317069 0.0108375 0.0592256 0.00861771 0.00959671 0.00983837 0.0105558 0.0086541 0.00815114 
0.00319346 0.0032006 0 0.00319359 0.00322761 0.00323104 0.00325245 0.00323274 0.0066497 0.00514191 0.0101213 0.00934106 0.0138903 0.0326873 0.0219934 0.0105966 0.0116709 0.0268576 0.0905475 0.0302256 0.0885275 0.0211371 0.0218084 0.0089866 0.00853547 0.0100049 0.013963 0.0505198 0.048096 0.146409 0.0301956 0.114651 0.0100499 0.00966701 0.00935898 0.0154526 0.0124137 0.00873365 0.0079536 
0.00316703 0.00323871 0.00319359 0 0.00318551 0.00320057 0.00319172 0.00319363 0.005716 0.00558186 0.0108735 0.00966366 0.0141234 0.0362494 0.0211694 0.01179 0.0114816 0.0317915 0.0393323 0.113683 0.0311545 0.037909 0.0182163 0.00912843 0.00892544 0.00858099 0.0201235 0.0222 0.132295 0.0604587 0.196361 0.0208122 0.0180468 0.00881679 0.00964029 0.0130746 0.0121856 0.00895007 0.00793276 
0.00325792 0.00324506 0.00322761 0.00318551 0 0.00318053 0.00321389 0.00318485 0.00558298 0.00466449 0.0100767 0.0093429 0.0135057 0.0283992 0.0245114 0.0124966 0.0117996 0.0185599 0.103016 0.0389342 0.0768119 0.0328781 0.0218252 0.00931092 0.00839689 0.00971772 0.0125869 0.0564584 0.0310875 0.257463 0.033404 0.0571889 0.0103288 0.00983523 0.00912463 0.0131142 0.0114094 0.00900511 0.00790715 
0.00328081 0.00326138 0.00323104 0.00320057 0.00318053 0 0.00317409 0.00320491 0.0047678 0.0100562 0.00995734 0.00919621 0.0138217 0.0258426 0.0196957 0.0122491 0.010469 0.0268578 0.0260671 0.0962883 0.0241117 0.028577 0.0222556 0.00895891 0.00937722 0.00868728 0.0178366 0.0155675 0.21628 0.0323366 0.0829447 0.0160182 0.0185413 0.00864946 0.0100129 0.0112745 0.0128534 0.00889304 0.00796661 
0.00370025 0.00338396 0.00325245 0.00319172 0.00321389 0.00317409 0 0.00322527 0.0218551 0.0119404 0.0160337 0.0145564 0.0144934 0.0320418 0.0284789 0.011264 0.0114665 0.0185438 0.0272925 0.01456 0.0278958 0.0326294 0.0143514 0.0100291 0.00884427 0.00988268 0.0101156 0.0714554 0.0137949 0.0395088 0.0136222 0.0247197 0.00979415 0.00943655 0.00922755 0.0116926 0.0112428 0.00899217 0.00793172 
0.00779392 0.0036331 0.00323274 0.00319363 0.00318485 0.00320491 0.00322527 0 0.0161373 0.00812302 0.0166568 0.0137808 0.0433782 0.0137164 0.0137639 0.0216725 0.0177943 0.011188 0.0127388 0.0177747 0.0106717 0.0190451 0.0274865 0.0161547 0.014734 0.00868552 0.0286796 0.0113327 0.0146804 0.0104538 0.0157262 0.00920625 0.0115936 0.00897842 0.0131912 0.00899275 0.00901943 0.00994848 0.00889788 
0.0157755 0.00731675 0.0066497 0.005716 0.00558298 0.0047678 0.0218551 0.0161373 0 0.00382224 0.00859773 0.10755 0.00956305 0.0108237 0.0120329 0.0270147 0.0113775 0.00990846 0.00941257 0.00862441 0.00938272 0.00974026 0.00993701 0.0222627 0.00905012 0.0167639 0.00862167 0.00995781 0.0083892 0.00907642 0.00836603 0.00961585 0.00822167 0.0145292 0.00829958 0.0084206 0.00872561 0.00882514 0.00934427 
0.0106234 0.0073701 0.00514191 0.00558186 0.00466449 0.0100562 0.0119404 0.00812302 0.00382224 0 0.0950868 0.00848399 0.0244632 0.00746563 0.0199381 0.00998197 0.014006 0.00979134 0.00931604 0.010857 0.00893104 0.0103507 0.0115433 0.0131777 0.048145 0.00815384 0.0111383 0.00880627 0.00941293 0.0087399 0.0091785 0.00857303 0.0109785 0.00825199 0.0105612 0.00813427 0.00873477 0.0082692 0.0096191 
0.0152717 0.0181139 0.0101213 0.0108735 0.0100767 0.00995734 0.0160337 0.0166568 0.00859773 0.0950868 0 0.00678683 0.00451278 0.520339 0.0193785 0.00899931 0.0107145 0.0097504 0.00925407 0.00953988 0.00888345 0.0153524 0.0171292 0.0130992 0.0128151 0.00878598 0.008853 0.00903756 0.00900219 0.00865722 0.00890153 0.00846021 0.0109222 0.00957717 0.00947567 0.00833505 0.00902812 0.00919085 0.0100797 
0.0286654 0.0105826 0.00934106 0.00966366 0.0093429 0.00919621 0.0145564 0.0137808 0.10755 0.00848399 0.00678683 0 0.808367 0.00483884 0.00590956 0.00449996 0.0108518 0.00929026 0.00909249 0.00842563 0.00934862 0.0143253 0.0100526 0.0197962 0.0146461 0.00961875 0.0120786 0.0101704 0.00875275 0.00928881 0.00874785 0.00970937 0.00866655 0.00961639 0.0108125 0.00866627 0.00911764 0.00868839 0.00980313 
0.0170291 0.0158345 0.0138903 0.0141234 0.0135057 0.0138217 0.0144934 0.0433782 0.00956305 0.0244632 0.00451278 0.808367 0 0.00319002 0.00322822 0.00373359 0.00880668 0.00762445 0.0218575 0.0637687 0.374107 0.0139501 0.0251587 0.0150967 0.0157805 0.0106008 0.011755 0.0127627 0.0122687 0.0119872 0.0129818 0.00983142 0.0143442 0.0134966 0.0102104 0.00924274 0.0113011 0.0152599 0.0115621 
0.0111046 0.0338731 0.0326873 0.0362494 0.0283992 0.0258426 0.0320418 0.0137164 0.0108237 0.00746563 0.520339 0.00483884 0.00319002 0 0.00317098 0.00316557 0.00935015 0.0322245 0.0310709 0.450301 0.0145674 0.0204544 0.00828505 0.00892683 0.0101887 0.00984138 0.0121124 0.0213027 0.0250413 0.025098 0.0164101 0.0165012 0.0142957 0.0092372 0.00894493 0.0141892 0.0128788 0.00909284 0.00803198 
0.0126348 0.0170272 0.0219934 0.0211694 0.0245114 0.0196957 0.0284789 0.0137639 0.0120329 0.0199381 0.0193785 0.00590956 0.00322822 0.00317098 0 0.00316099 0.0281545 0.085832 0.336582 0.01021 0.0148971 0.0185934 0.00873527 0.0078226 0.0103136 0.00925075 0.0109679 0.0221291 0.0151819 0.0179199 0.0162254 0.0156696 0.0111727 0.0088987 0.0102474 0.0112261 0.0163318 0.00868828 0.00810012 
0.0188069 0.0102463 0.0105966 0.01179 0.0124966 0.0122491 0.011264 0.0216725 0.0270147 0.00998197 0.00899931 0.00449996 0.00373359 0.00316557 0.00316099 0 0.369167 0.0418342 0.00888652 0.0132766 0.0068346 0.00851506 0.01005 0.0100521 0.0109477 0.00914274 0.0134837 0.0118353 0.0101462 0.0121047 0.010527 0.0103817 0.00911156 0.00961344 0.0112208 0.00950708 0.00939247 0.01022 0.00840823 
0.0182822 0.0142544 0.0116709 0.0114816 0.0117996 0.010469 0.0114665 0.0177943 0.0113775 0.014006 0.0107145 0.0108518 0.00880668 0.00935015 0.0281545 0.369167 0 0.00321667 0.00317555 0.00319873 0.0033083 0.00327646 0.00435119 0.00593423 0.0199058 0.0109092 0.0130038 0.0157996 0.0112171 0.01165 0.0105582 0.00978567 0.0134558 0.0255471 0.0121919 0.00971522 0.0110325 0.0130709 0.010301 
0.010393 0.0373699 0.0268576 0.0317915 0.0185599 0.0268578 0.0185438 0.011188 0.00990846 0.00979134 0.0097504 0.00929026 0.00762445 0.0322245 0.085832 0.0418342 0.00321667 0 0.00320435 0.003202 0.00326088 0.00321792 0.00330007 0.00394069 0.0114745 0.00981235 0.0118195 0.022962 0.0260405 0.0178354 0.0180453 0.0148009 0.0288069 0.00946037 0.00971426 0.0154342 0.0140719 0.0100331 0.0081878 
0.0119349 0.0158148 0.0905475 0.0393323 0.103016 0.0260671 0.0272925 0.0127388 0.00941257 0.00931604 0.00925407 0.00909249 0.0218575 0.0310709 0.336582 0.00888652 0.00317555 0.00320435 0 0.00318755 0.00317911 0.00318366 0.00324035 0.00339353 0.00912848 0.0106426 0.0115456 0.0282378 0.0185774 0.0681389 0.0238983 0.0633588 0.00978972 0.010478 0.0102656 0.0167058 0.0143109 0.0100591 0.00822319 
0.0103899 0.034809 0.0302256 0.113683 0.0389342 0.0962883 0.01456 0.0177747 0.00862441 0.010857 0.00953988 0.00842563 0.0637687 0.450301 0.01021 0.0132766 0.00319873 0.003202 0.00318755 0 0.00316664 0.00322285 0.00321171 0.00324481 0.012858 0.00882148 0.0160278 0.0128388 0.0693185 0.0242841 0.141888 0.0123847 0.0217953 0.00880396 0.0140214 0.0161082 0.0160981 0.0101993 0.00827525 
0.0127227 0.0140343 0.0885275 0.0311545 0.0768119 0.0241117 0.0278958 0.0106717 0.00938272 0.00893104 0.00888345 0.00934862 0.374107 0.0145674 0.0148971 0.0068346 0.0033083 0.00326088 0.00317911 0.00316664 0 0.00314974 0.00317665 0.00319505 0.00815612 0.0128338 0.0110035 0.0308395 0.0196438 0.129094 0.0130953 0.0414344 0.00923931 0.00997309 0.0099318 0.01865 0.0139298 0.00921017 0.00804214 
0.0109034 0.0236157 0.0211371 0.037909 0.0328781 0.028577 0.0326294 0.0190451 0.00974026 0.0103507 0.0153524 0.0143253 0.0139501 0.0204544 0.0185934 0.00851506 0.00327646 0.00321792 0.00318366 0.00322285 0.00314974 0 0.00332153 0.00317204 0.0187649 0.00891765 0.0119289 0.0295725 0.0740586 0.0167947 0.0348551 0.0116475 0.0238842 0.00963904 0.0116146 0.0166701 0.0242199 0.01096 0.00839499 
0.0138906 0.0117342 0.0218084 0.0182163 0.0218252 0.0222556 0.0143514 0.0274865 0.00993701 0.0115433 0.0171292 0.0100526 0.0251587 0.00828505 0.00873527 0.01005 0.00435119 0.00330007 0.00324035 0.00321171 0.00317665 0.00332153 0 0.00323201 0.0111949 0.0102684 0.0256158 0.0333157 0.0169633 0.0194901 0.0150279 0.0124497 0.0165819 0.0117115 0.0148936 0.0109992 0.012266 0.0135014 0.00891775 
0.0180277 0.0097356 0.0089866 0.00912843 0.00931092 0.00895891 0.0100291 0.0161547 0.0222627 0.0131777 0.0130992 0.0197962 0.0150967 0.00892683 0.0078226 0.0100521 0.00593423 0.00394069 0.00339353 0.00324481 0.00319505 0.00317204 0.00323201 0 0.0440957 0.0116253 0.0140919 0.019514 0.00922644 0.00823249 0.00932919 0.00862236 0.00871386 0.0141311 0.0138071 0.00930642 0.0101835 0.0132071 0.0207748 
0.00969017 0.0105829 0.00853547 0.00892544 0.00839689 0.00937722 0.00884427 0.014734 0.00905012 0.048145 0.0128151 0.0146461 0.0157805 0.0101887 0.0103136 0.0109477 0.0199058 0.0114745 0.00912848 0.012858 0.00815612 0.0187649 0.0111949 0.0440957 0 0.00870676 0.00319999 0.00842916 0.00360212 0.00338089 0.00361313 0.00411451 0.00697239 0.0056174 0.0261758 0.00961508 0.0117038 0.0122851 0.0197442 
0.0121931 0.00831107 0.0100049 0.00858099 0.00971772 0.00868728 0.00988268 0.00868552 0.0167639 0.00815384 0.00878598 0.00961875 0.0106008 0.00984138 0.00925075 0.00914274 0.0109092 0.00981235 0.0106426 0.00882148 0.0128338 0.00891765 0.0102684 0.0116253 0.00870676 0 0.00366457 0.00325422 0.00316921 0.00342886 0.00331925 0.00425705 0.00367423 0.00490024 0.0103951 0.0106678 0.00982655 0.0101864 0.00869277 
0.00994727 0.0128172 0.013963 0.0201235 0.0125869 0.0178366 0.0101156 0.0286796 0.00862167 0.0111383 0.008853 0.0120786 0.011755 0.0121124 0.0109679 0.0134837 0.0130038 0.0118195 0.0115456 0.0160278 0.0110035 0.0119289 0.0256158 0.0140919 0.00319999 0.00366457 0 0.00320821 0.00317915 0.00323436 0.00320522 0.00334987 0.00331182 0.00391592 0.0469114 0.012353 0.0123498 0.0140793 0.0101941 
0.0126017 0.0208917 0.0505198 0.0222 0.0564584 0.0155675 0.0714554 0.0113327 0.00995781 0.00880627 0.00903756 0.0101704 0.0127627 0.0213027 0.0221291 0.0118353 0.0157996 0.022962 0.0282378 0.0128388 0.0308395 0.0295725 0.0333157 0.019514 0.00842916 0.00325422 0.00320821 0 0.00320205 0.00318579 0.00321161 0.00326069 0.00363037 0.00374146 0.0300906 0.0840782 0.0183625 0.0140701 0.00875016 
0.00944049 0.0426818 0.048096 0.132295 0.0310875 0.21628 0.0137949 0.0146804 0.0083892 0.00941293 0.00900219 0.00875275 0.0122687 0.0250413 0.0151819 0.0101462 0.0112171 0.0260405 0.0185774 0.0693185 0.0196438 0.0740586 0.0169633 0.00922644 0.00360212 0.00316921 0.00317915 0.00320205 0 0.0031688 0.00317085 0.00321889 0.00323994 0.00323421 0.0377243 0.0329632 0.034694 0.0107456 0.00875744 
0.0120807 0.0161443 0.146409 0.0604587 0.257463 0.0323366 0.0395088 0.0104538 0.00907642 0.0087399 0.00865722 0.00928881 0.0119872 0.025098 0.0179199 0.0121047 0.01165 0.0178354 0.0681389 0.0242841 0.129094 0.0167947 0.0194901 0.00823249 0.00338089 0.00342886 0.00323436 0.00318579 0.0031688 0 0.00317551 0.00318414 0.0032125 0.00322513 0.0220706 0.0680442 0.029286 0.0129224 0.00838489 
0.00906771 0.0317069 0.0301956 0.196361 0.033404 0.0829447 0.0136222 0.0157262 0.00836603 0.0091785 0.00890153 0.00874785 0.0129818 0.0164101 0.0162254 0.010527 0.0105582 0.0180453 0.0238983 0.141888 0.0130953 0.0348551 0.0150279 0.00932919 0.00361313 0.00331925 0.00320522 0.00321161 0.00317085 0.00317551 0 0.0031968 0.0031819 0.00315957 0.0314634 0.0280877 0.0459541 0.0110977 0.00875133 
0.0124463 0.0108375 0.114651 0.0208122 0.0571889 0.0160182 0.0247197 0.00920625 0.00961585 0.00857303 0.00846021 0.00970937 0.00983142 0.0165012 0.0156696 0.0103817 0.00978567 0.0148009 0.0633588 0.0123847 0.0414344 0.0116475 0.0124497 0.00862236 0.00411451 0.00425705 0.00334987 0.00326069 0.00321889 0.00318414 0.0031968 0 0.00316657 0.00319503 0.0141404 0.0776631 0.0181165 0.0134428 0.00824595 
0.00903991 0.0592256 0.0100499 0.0180468 0.0103288 0.0185413 0.00979415 0.0115936 0.00822167 0.0109785 0.0109222 0.00866655 0.0143442 0.0142957 0.0111727 0.00911156 0.0134558 0.0288069 0.00978972 0.0217953 0.00923931 0.0238842 0.0165819 0.00871386 0.00697239 0.00367423 0.00331182 0.00363037 0.00323994 0.0032125 0.0031819 0.00316657 0 0.00316726 0.0230841 0.0228416 0.0822939 0.0114991 0.00976387 
0.026166 0.00861771 0.00966701 0.00881679 0.00983523 0.00864946 0.00943655 0.00897842 0.0145292 0.00825199 0.00957717 0.00961639 0.0134966 0.0092372 0.0088987 0.00961344 0.0255471 0.00946037 0.010478 0.00880396 0.00997309 0.00963904 0.0117115 0.0141311 0.0056174 0.00490024 0.00391592 0.00374146 0.00323421 0.00322513 0.00315957 0.00319503 0.00316726 0 0.0108614 0.0133385 0.030694 0.0568317 0.0100253 
0.00879571 0.00959671 0.00935898 0.00964029 0.00912463 0.0100129 0.00922755 0.0131912 0.00829958 0.0105612 0.00947567 0.0108125 0.0102104 0.00894493 0.0102474 0.0112208 0.0121919 0.00971426 0.0102656 0.0140214 0.0099318 0.0116146 0.0148936 0.0138071 0.0261758 0.0103951 0.0469114 0.0300906 0.0377243 0.0220706 0.0314634 0.0141404 0.0230841 0.0108614 0 0.00340627 0.00367198 0.0046693 0.0156277 
0.00890486 0.00983837 0.0154526 0.0130746 0.0131142 0.0112745 0.0116926 0.00899275 0.0084206 0.00813427 0.00833505 0.00866627 0.00924274 0.0141892 0.0112261 0.00950708 0.00971522 0.0154342 0.0167058 0.0161082 0.01865 0.0166701 0.0109992 0.00930642 0.00961508 0.0106678 0.012353 0.0840782 0.0329632 0.0680442 0.0280877 0.0776631 0.0228416 0.0133385 0.00340627 0 0.00338799 0.00318206 0.00546087 
0.00996698 0.0105558 0.0124137 0.0121856 0.0114094 0.0128534 0.0112428 0.00901943 0.00872561 0.00873477 0.00902812 0.00911764 0.0113011 0.0128788 0.0163318 0.00939247 0.0110325 0.0140719 0.0143109 0.0160981 0.0139298 0.0242199 0.012266 0.0101835 0.0117038 0.00982655 0.0123498 0.0183625 0.034694 0.029286 0.0459541 0.0181165 0.0822939 0.030694 0.00367198 0.00338799 0 0.00319624 0.140252 
0.0109434 0.0086541 0.00873365 0.00895007 0.00900511 0.00889304 0.00899217 0.00994848 0.00882514 0.0082692 0.00919085 0.00868839 0.0152599 0.00909284 0.00868828 0.01022 0.0130709 0.0100331 0.0100591 0.0101993 0.00921017 0.01096 0.0135014 0.0132071 0.0122851 0.0101864 0.0140793 0.0140701 0.0107456 0.0129224 0.0110977 0.0134428 0.0114991 0.0568317 0.0046693 0.00318206 0.00319624 0 0.116613 
0.00903402 0.00815114 0.0079536 0.00793276 0.00790715 0.00796661 0.00793172 0.00889788 0.00934427 0.0096191 0.0100797 0.00980313 0.0115621 0.00803198 0.00810012 0.00840823 0.010301 0.0081878 0.00822319 0.00827525 0.00804214 0.00839499 0.00891775 0.0207748 0.0197442 0.00869277 0.0101941 0.00875016 0.00875744 0.00838489 0.00875133 0.00824595 0.00976387 0.0100253 0.0156277 0.00546087 0.140252 0.116613 0 
