1F9PA
NLAKGKEESLDSDLYAELRCMCIKTTSGIHPKNIQSLEVIGKGTHCNQVEVIATLKDGRKICLDPDAPRIKKIVQKKLAGD
CCCCCCCCCCCCCCHHHCCCCCCCCCCCCCHHHEEEEEEECCECCECCCEEEEEECCCCEEEECCCCHHHHHHHHHHHCCC
0 0 0 0 0 0 0 0 0 0 0 0 0 0 0 0 0 0 0 0 0 0 0 0 0 0 0 0 0 0 0 0 0 0 0 0 0 0 0 0 0 0 0 0 0 0 0 0 0 0 0 0 0 0 0 0 0 0 0 0 0 0 0 0 0 0 0 0 0 0 0 0 0 0 0 0 0 0 0 0 0 
0 0 0 0 0 0 0 0 0 0 0 0 0 0 0 0 0 0 0 0 0 0 0 0 0 0 0 0 0 0 0 0 0 0 0 0 0 0 0 0 0 0 0 0 0 0 0 0 0 0 0 0 0 0 0 0 0 0 0 0 0 0 0 0 0 0 0 0 0 0 0 0 0 0 0 0 0 0 0 0 0 
0 0.0032743 0.00328814 0.00345264 0.00327865 0.00360462 0.0040971 0.00583759 0.00965918 0.00658332 0.00849218 0.00884937 0.0109897 0.0109569 0.426116 0.00961552 0.0130748 0.0101731 0.0336406 
0.0032743 0 0.00334862 0.00332443 0.00328959 0.00330424 0.0034053 0.00386303 0.00465327 0.00708731 0.00831913 0.010315 0.0101963 0.0704923 0.041155 0.00899138 0.00909021 0.0114811 0.00959033 
0.00328814 0.00334862 0 0.00337437 0.00329733 0.00344134 0.00349051 0.00385739 0.00461565 0.00895267 0.00896618 0.0250668 0.0173 0.479358 0.00879585 0.00908366 0.00991951 0.0111083 0.00853946 
0.00345264 0.00332443 0.00337437 0 0.00330918 0.0038315 0.00331708 0.00355162 0.00454111 0.00717563 0.0228732 0.00959049 0.578122 0.00783218 0.0118323 0.00843462 0.01176 0.00847971 0.00923299 
0.00327865 0.00328959 0.00329733 0.00330918 0 0.00325762 0.00324096 0.00368263 0.00390157 0.0143991 0.0103311 0.591311 0.0101823 0.0135567 0.00818473 0.0125324 0.00851203 0.0132232 0.0084783 
0.00360462 0.00330424 0.00344134 0.0038315 0.00325762 0 0.00327381 0.00385709 0.00632669 0.00719181 0.679765 0.00834274 0.0153792 0.0103015 0.00954374 0.00885049 0.0149202 0.0101982 0.00931289 
0.0040971 0.0034053 0.00349051 0.00331708 0.00324096 0.00327381 0 0.0146999 0.00469388 0.52903 0.00855569 0.00967827 0.00973462 0.0108293 0.010055 0.0135992 0.00920339 0.00944455 0.0121305 
0.00583759 0.00386303 0.00385739 0.00355162 0.00368263 0.00385709 0.0146999 0 0.926637 0.00655021 0.00845904 0.00503076 0.00552312 0.00626211 0.0122094 0.00853574 0.00722035 0.00804512 0.0116876 
0.00965918 0.00465327 0.00461565 0.00454111 0.00390157 0.00632669 0.00469388 0.926637 0 0.00738195 0.00412007 0.00331983 0.00362049 0.00430516 0.00943996 0.00663766 0.0075764 0.00686592 0.0129066 
0.00658332 0.00708731 0.00895267 0.00717563 0.0143991 0.00719181 0.52903 0.00655021 0.00738195 0 0.00323063 0.00320135 0.00321251 0.00350734 0.00397447 0.00989897 0.00661201 0.00995982 0.034417 
0.00849218 0.00831913 0.00896618 0.0228732 0.0103311 0.679765 0.00855569 0.00845904 0.00412007 0.00323063 0 0.00324574 0.0031877 0.00334757 0.00359972 0.00552589 0.0171385 0.0162431 0.850681 
0.00884937 0.010315 0.0250668 0.00959049 0.591311 0.00834274 0.00967827 0.00503076 0.00331983 0.00320135 0.00324574 0 0.0031861 0.00322463 0.00323032 0.00609402 0.00751758 0.922546 0.012975 
0.0109897 0.0101963 0.0173 0.578122 0.0101823 0.0153792 0.00973462 0.00552312 0.00362049 0.00321251 0.0031877 0.0031861 0 0.00326285 0.00326345 0.00689721 0.922569 0.0143514 0.0137854 
0.0109569 0.0704923 0.479358 0.00783218 0.0135567 0.0103015 0.0108293 0.00626211 0.00430516 0.00350734 0.00334757 0.00322463 0.00326285 0 0.00329279 0.937277 0.0184046 0.0286083 0.00723921 
0.426116 0.041155 0.00879585 0.0118323 0.00818473 0.00954374 0.010055 0.0122094 0.00943996 0.00397447 0.00359972 0.00323032 0.00326345 0.00329279 0 0.024418 0.0137175 0.00470877 0.0103734 
0.00961552 0.00899138 0.00908366 0.00843462 0.0125324 0.00885049 0.0135992 0.00853574 0.00663766 0.00989897 0.00552589 0.00609402 0.00689721 0.937277 0.024418 0 0.00321355 0.00328009 0.00346316 
0.0130748 0.00909021 0.00991951 0.01176 0.00851203 0.0149202 0.00920339 0.00722035 0.0075764 0.00661201 0.0171385 0.00751758 0.922569 0.0184046 0.0137175 0.00321355 0 0.00322879 0.0032214 
0.0101731 0.0114811 0.0111083 0.00847971 0.0132232 0.0101982 0.00944455 0.00804512 0.00686592 0.00995982 0.0162431 0.922546 0.0143514 0.0286083 0.00470877 0.00328009 0.00322879 0 0.00315726 
0.0336406 0.00959033 0.00853946 0.00923299 0.0084783 0.00931289 0.0121305 0.0116876 0.0129066 0.034417 0.850681 0.012975 0.0137854 0.00723921 0.0103734 0.00346316 0.0032214 0.00315726 0 
