1FLTX
GRPFVEMYSEIPEIIHMTEGRELVIPCRVTSPNITVTLKKFPLDTLIPDGKRIIWDSRKGFIISNATYKEIGLLTCEATVNGHLYKTNYLTHRQT
CCCECCCCCCCCEEEEECCCCCEEECCCECCCCCCCEEEECCCEEECCCCCCEEEECCCEEEECCCCHHHCEEEEEEEEECCEEEEEEEEEEECC
0 0 0 0 0 0 0 0 0 0 0 0 0 0 0 0 0 0 0 0 0 0 0 0 0 0 0 0 0 0 0 0 0 0 0 0 0 0 0 0 0 0 0 0 0 0 0 0 0 0 0 0 0 0 0 0 0 0 0 0 0 0 0 0 0 0 0 0 0 0 0 0 0 0 0 0 0 0 0 0 0 0 0 0 0 0 0 0 0 0 0 0 0 0 0 
0 0 0 0 0 0 0 0 0 0 0 0 0 0 0 0 0 0 0 0 0 0 0 0 0 0 0 0 0 0 0 0 0 0 0 0 0 0 0 0 0 0 0 0 0 0 0 0 0 0 0 0 0 0 0 0 0 0 0 0 0 0 0 0 0 0 0 0 0 0 0 0 0 0 0 0 0 0 0 0 0 0 0 0 0 0 0 0 0 0 0 0 0 0 0 
0 0.0146483 0.00796814 0.00688861 0.00771229 0.0254532 0.0205687 0.0121794 0.0166535 0.281078 0.0167199 0.0133216 0.00972237 0.0198386 0.0139333 0.0107445 0.0239504 0.0156186 0.00904384 0.00894294 0.0119198 0.0155047 0.00955219 0.0104806 0.0170422 0.0135503 0.00908202 0.00864802 0.00880617 0.0087198 0.00843324 0.00859055 0.00884707 0.0143446 0.0098664 0.00839333 0.00831179 0.00800689 0.0081914 0.00819935 0.00833172 0.00822724 0.0082362 0.00888719 0.0121509 
0.0146483 0 0.00323051 0.0031719 0.00331527 0.00335544 0.00750945 0.0112518 0.0109638 0.0135689 0.117345 0.00922948 0.0188256 0.0184729 0.0135338 0.0138494 0.0175118 0.0149742 0.0116744 0.00903092 0.0132682 0.0200678 0.0162381 0.0142636 0.0142299 0.0255892 0.0140122 0.00985913 0.0114535 0.00962249 0.0118569 0.00924383 0.0133406 0.0113994 0.00930373 0.00872934 0.00838876 0.00918846 0.00927357 0.00960939 0.01031 0.0092327 0.0101181 0.0101518 0.0127923 
0.00796814 0.00323051 0 0.003164 0.00319667 0.00329676 0.00826685 0.0149106 0.0275389 0.0134296 0.0127626 0.0434681 0.0151176 0.0115587 0.0100397 0.0137566 0.0112486 0.0153661 0.0129445 0.0125771 0.00882537 0.0147333 0.0350632 0.0131279 0.0108611 0.0115203 0.0263382 0.018379 0.0167131 0.017295 0.0135881 0.0171021 0.0105528 0.00944946 0.00851494 0.00903509 0.0101269 0.00983367 0.0110944 0.0122891 0.0146682 0.0139792 0.0135193 0.0120921 0.00912972 
0.00688861 0.0031719 0.003164 0 0.0031768 0.00317512 0.00725097 0.00917915 0.104746 0.00789749 0.0103689 0.0265874 0.0147246 0.0100176 0.00930563 0.00917166 0.011096 0.0108471 0.0123636 0.0150678 0.008564 0.0106842 0.0217411 0.0162934 0.0099673 0.0110101 0.0188446 0.045122 0.0174347 0.030523 0.0125251 0.0298545 0.00919932 0.00948027 0.00831025 0.00889607 0.0133266 0.0103657 0.0173254 0.0136879 0.0212686 0.024006 0.0230637 0.0104534 0.00890572 
0.00771229 0.00331527 0.00319667 0.0031768 0 0.00319907 0.00706902 0.165338 0.00564573 0.00623417 0.0353768 0.00969248 0.0392655 0.0110406 0.00908782 0.0214755 0.00907562 0.00935133 0.0238984 0.0110833 0.0104224 0.0101863 0.0182944 0.0283115 0.00992724 0.011564 0.0202356 0.0116654 0.0320558 0.00974598 0.0337338 0.0089116 0.0297628 0.00830837 0.0088242 0.00999462 0.00872458 0.0121764 0.00908115 0.011307 0.0144354 0.0121999 0.0138706 0.0121256 0.00868449 
0.0254532 0.00335544 0.00329676 0.00317512 0.00319907 0 0.165104 0.0040929 0.00689374 0.0286725 0.0109502 0.020343 0.00849493 0.0146283 0.0165986 0.00852774 0.0198125 0.0309686 0.00851582 0.00962753 0.00980359 0.0213686 0.0114012 0.00922331 0.0167098 0.0191663 0.0104788 0.011107 0.00901436 0.0142318 0.00865526 0.0124271 0.00829574 0.0146629 0.0114167 0.00840884 0.0096462 0.00819964 0.00885754 0.00890902 0.00944723 0.009655 0.00893799 0.00926264 0.010482 
0.0205687 0.00750945 0.00826685 0.00725097 0.00706902 0.165104 0 0.0032212 0.00391112 0.0139827 0.0126108 0.0420953 0.00974499 0.0578033 0.0148928 0.00969776 0.0723514 0.0272912 0.0100178 0.0102603 0.012975 0.0263275 0.0144968 0.0112681 0.0386158 0.0161671 0.0127197 0.0115883 0.00964993 0.0149688 0.00935086 0.015704 0.00972564 0.0426364 0.0094558 0.00880469 0.0103374 0.00881777 0.0103341 0.00964848 0.0101056 0.0098711 0.00987459 0.0114119 0.0224719 
0.0121794 0.0112518 0.0149106 0.00917915 0.165338 0.0040929 0.0032212 0 0.00331164 0.00380227 0.049702 0.0106868 0.0912831 0.00897856 0.00986968 0.0863835 0.00929136 0.0102596 0.0248189 0.0106879 0.00979 0.0111835 0.0214043 0.0330373 0.00919973 0.0122605 0.0186926 0.00963698 0.014465 0.00893367 0.0159377 0.00873721 0.0272624 0.00848728 0.00957118 0.0107522 0.00858776 0.00980168 0.00861047 0.00938343 0.0101428 0.00974241 0.0100424 0.0133228 0.00853477 
0.0166535 0.0109638 0.0275389 0.104746 0.00564573 0.00689374 0.00391112 0.00331164 0 0.02625 0.0106342 0.0406595 0.00828547 0.0114345 0.0157594 0.00821997 0.0159313 0.0174189 0.00845526 0.0102033 0.00926817 0.0149202 0.0120705 0.00995706 0.0160917 0.0150432 0.01076 0.012156 0.0101011 0.0129603 0.00887973 0.0137149 0.00860212 0.0144855 0.00981232 0.00838494 0.00930347 0.00855593 0.00916148 0.00913498 0.00969171 0.0105825 0.00982375 0.00923235 0.0104422 
0.281078 0.0135689 0.0134296 0.00789749 0.00623417 0.0286725 0.0139827 0.00380227 0.02625 0 0.0139748 0.0256526 0.00725168 0.0158151 0.0107612 0.00771629 0.0346713 0.0297929 0.00983352 0.00975085 0.0129489 0.0252885 0.0167478 0.0104318 0.0356579 0.0175599 0.0109768 0.0097486 0.00919184 0.0130863 0.00868699 0.0135653 0.00868473 0.0340387 0.0111738 0.00836536 0.0102965 0.00819134 0.00936331 0.00919015 0.00887442 0.00903147 0.00869895 0.00976893 0.0196445 
0.0167199 0.117345 0.0127626 0.0103689 0.0353768 0.0109502 0.0126108 0.049702 0.0106342 0.0139748 0 0.0033122 0.00348321 0.00422888 0.00476512 0.0093508 0.0245846 0.0234127 0.0127605 0.00880376 0.032549 0.0204803 0.0116275 0.0232146 0.0170567 0.0306598 0.011587 0.00948278 0.0157594 0.00872013 0.0287035 0.00852949 0.0460794 0.011554 0.0154001 0.0105002 0.00856249 0.0124588 0.00898854 0.0103198 0.0113952 0.00944897 0.0111417 0.0131522 0.0155143 
0.0133216 0.00922948 0.0434681 0.0265874 0.00969248 0.020343 0.0420953 0.0106868 0.0406595 0.0256526 0.0033122 0 0.00319425 0.00324893 0.00565682 0.00565224 0.684589 0.0169984 0.00815241 0.0279803 0.00843154 0.0121875 0.0251758 0.0121107 0.0211974 0.0103716 0.0156621 0.0227474 0.00930411 0.0338429 0.00884331 0.0578425 0.00886007 0.0241469 0.00861847 0.00875638 0.0176043 0.00857817 0.0138225 0.0103012 0.0113342 0.0143533 0.0111968 0.0134068 0.01368 
0.00972237 0.0188256 0.0151176 0.0147246 0.0392655 0.00849493 0.00974499 0.0912831 0.00828547 0.00725168 0.00348321 0.00319425 0 0.00315851 0.00585084 0.756793 0.00499209 0.0073252 0.0215122 0.00822217 0.00925568 0.0128498 0.0154533 0.0204329 0.00847988 0.0133076 0.0186057 0.0104358 0.0256785 0.0091513 0.0330928 0.00876626 0.0241524 0.00829356 0.00929515 0.0120284 0.00859324 0.0135465 0.0089711 0.0103351 0.0119949 0.0102537 0.0144021 0.0116514 0.00857464 
0.0198386 0.0184729 0.0115587 0.0100176 0.0110406 0.0146283 0.0578033 0.00897856 0.0114345 0.0158151 0.00422888 0.00324893 0.00315851 0 0.7211 0.00353309 0.00409196 0.0447085 0.00715331 0.00774982 0.00924783 0.0182237 0.0168675 0.0100571 0.0117042 0.0236199 0.0117739 0.0112853 0.0177973 0.0157592 0.00915811 0.0102077 0.0088073 0.0109773 0.0159439 0.0089912 0.00936801 0.00866783 0.00896713 0.00914 0.00960427 0.00994158 0.00955131 0.00949292 0.0107229 
0.0139333 0.0135338 0.0100397 0.00930563 0.00908782 0.0165986 0.0148928 0.00986968 0.0157594 0.0107612 0.00476512 0.00565682 0.00585084 0.7211 0 0.00324044 0.00380014 0.00534907 0.00777438 0.00837654 0.0130506 0.00856228 0.0081997 0.0111485 0.0207474 0.0120331 0.00916273 0.0118905 0.00888616 0.00906452 0.00885668 0.00905444 0.00974351 0.0166783 0.00890348 0.00854863 0.0088522 0.00845928 0.00868843 0.00861449 0.00887677 0.00865702 0.00877874 0.00918066 0.0161877 
0.0107445 0.0138494 0.0137566 0.00917166 0.0214755 0.00852774 0.00969776 0.0863835 0.00821997 0.00771629 0.0093508 0.00565224 0.756793 0.00353309 0.00324044 0 0.00335228 0.0075948 0.0165207 0.00806227 0.00561827 0.00799483 0.0119368 0.0158877 0.00851815 0.0110375 0.032044 0.00877991 0.0101627 0.00871988 0.0100888 0.00863386 0.016262 0.00854345 0.00922052 0.0103696 0.0085712 0.00912085 0.00859167 0.00897526 0.00937812 0.00887377 0.00921998 0.0119317 0.00869122 
0.0239504 0.0175118 0.0112486 0.011096 0.00907562 0.0198125 0.0723514 0.00929136 0.0159313 0.0346713 0.0245846 0.684589 0.00499209 0.00409196 0.00380014 0.00335228 0 0.0238596 0.0110023 0.00463827 0.00536205 0.0171605 0.0117751 0.00861699 0.0155584 0.0407246 0.0113093 0.0103301 0.00935464 0.0110345 0.00877493 0.0125411 0.00886135 0.0162718 0.0154939 0.00883108 0.0102244 0.00848851 0.00940066 0.00914195 0.00943061 0.00945464 0.00971622 0.00929913 0.0122731 
0.0156186 0.0149742 0.0153661 0.0108471 0.00935133 0.0309686 0.0272912 0.0102596 0.0174189 0.0297929 0.0234127 0.0169984 0.0073252 0.0447085 0.00534907 0.0075948 0.0238596 0 0.00319443 0.00334535 0.00348385 0.00431159 0.00476444 0.00896031 0.94955 0.00986733 0.0103177 0.00961129 0.00885297 0.0118678 0.00919718 0.0145079 0.00974191 0.0476027 0.00955153 0.00912579 0.0101175 0.00879221 0.01031 0.00946152 0.00990569 0.0102926 0.00969831 0.0114912 0.0257473 
0.00904384 0.0116744 0.0129445 0.0123636 0.0238984 0.00851582 0.0100178 0.0248189 0.00845526 0.00983352 0.0127605 0.00815241 0.0215122 0.00715331 0.00777438 0.0165207 0.0110023 0.00319443 0 0.00316615 0.0032019 0.00385155 0.00620188 0.976009 0.00680814 0.00854027 0.0116382 0.0112165 0.0121645 0.00878838 0.0208524 0.00884705 0.0278161 0.00849738 0.00863927 0.00900553 0.00883835 0.0105233 0.00920269 0.0107508 0.0129009 0.0100624 0.0132055 0.0116147 0.00878557 
0.00894294 0.00903092 0.0125771 0.0150678 0.0110833 0.00962753 0.0102603 0.0106879 0.0102033 0.00975085 0.00880376 0.0279803 0.00822217 0.00774982 0.00837654 0.00806227 0.00463827 0.00334535 0.00316615 0 0.00316652 0.00391225 0.99024 0.00906046 0.0054329 0.00749442 0.0118327 0.01473 0.00972766 0.0136269 0.00891668 0.0129064 0.00920998 0.00917271 0.00831535 0.00899476 0.00916803 0.00880302 0.00947564 0.00915818 0.0100125 0.0114284 0.0117475 0.0135853 0.0092426 
0.0119198 0.0132682 0.00882537 0.008564 0.0104224 0.00980359 0.012975 0.00979 0.00926817 0.0129489 0.032549 0.00843154 0.00925568 0.00924783 0.0130506 0.00561827 0.00536205 0.00348385 0.0032019 0.00316652 0 0.96181 0.00676081 0.00385582 0.00367482 0.0132072 0.00854996 0.00804026 0.0101118 0.00816417 0.0123166 0.00823304 0.00940259 0.00849467 0.0125562 0.00866837 0.00857131 0.00867959 0.00831242 0.00895092 0.00930731 0.00897659 0.00928354 0.00916223 0.0104443 
0.0155047 0.0200678 0.0147333 0.0106842 0.0101863 0.0213686 0.0263275 0.0111835 0.0149202 0.0252885 0.0204803 0.0121875 0.0128498 0.0182237 0.00856228 0.00799483 0.0171605 0.00431159 0.00385155 0.00391225 0.96181 0 0.00331289 0.00336311 0.00423245 0.00838205 0.0090251 0.0124666 0.0306279 0.0174009 0.0160633 0.00943195 0.0110941 0.0242619 0.00969593 0.00866952 0.00917948 0.00971341 0.0102243 0.0100353 0.0112661 0.0105838 0.0112233 0.0125149 0.0293103 
0.00955219 0.0162381 0.0350632 0.0217411 0.0182944 0.0114012 0.0144968 0.0214043 0.0120705 0.0167478 0.0116275 0.0251758 0.0154533 0.0168675 0.0081997 0.0119368 0.0117751 0.00476444 0.00620188 0.99024 0.00676081 0.00331289 0 0.00323389 0.00330211 0.00736278 0.0409398 0.0402386 0.0204124 0.0180603 0.00992878 0.0138286 0.0159446 0.0118219 0.00853524 0.0116735 0.0106323 0.0109422 0.0117068 0.0141405 0.0171361 0.0146055 0.0169893 0.0275695 0.0128981 
0.0104806 0.0142636 0.0131279 0.0162934 0.0283115 0.00922331 0.0112681 0.0330373 0.00995706 0.0104318 0.0232146 0.0121107 0.0204329 0.0100571 0.0111485 0.0158877 0.00861699 0.00896031 0.976009 0.00906046 0.00385582 0.00336311 0.00323389 0 0.00322375 0.0163493 0.0541438 0.019957 0.0233439 0.00868981 0.0154394 0.010116 0.0199178 0.00866507 0.0100545 0.0108336 0.00942603 0.0118175 0.0103851 0.0107135 0.0143951 0.0132279 0.0208135 0.0214658 0.0124006 
0.0170422 0.0142299 0.0108611 0.0099673 0.00992724 0.0167098 0.0386158 0.00919973 0.0160917 0.0356579 0.0170567 0.0211974 0.00847988 0.0117042 0.0207474 0.00851815 0.0155584 0.94955 0.00680814 0.0054329 0.00367482 0.00423245 0.00330211 0.00322375 0 0.0248545 0.0151643 0.0109993 0.00720347 0.0101533 0.00702269 0.0115124 0.00764193 0.0161702 0.012093 0.00923573 0.0100244 0.00853193 0.00877796 0.00943996 0.00962716 0.0113904 0.0104397 0.0164507 0.0144667 
0.0135503 0.0255892 0.0115203 0.0110101 0.011564 0.0191663 0.0161671 0.0122605 0.0150432 0.0175599 0.0306598 0.0103716 0.0133076 0.0236199 0.0120331 0.0110375 0.0407246 0.00986733 0.00854027 0.00749442 0.0132072 0.00838205 0.00736278 0.0163493 0.0248545 0 0.00316411 0.00321212 0.00320452 0.00325677 0.00331402 0.00368838 0.00393109 0.00654282 0.00578672 0.00600544 0.00736347 0.00783591 0.00964002 0.0083434 0.0120401 0.0184624 0.803104 0.0224711 0.0412789 
0.00908202 0.0140122 0.0263382 0.0188446 0.0202356 0.0104788 0.0127197 0.0186926 0.01076 0.0109768 0.011587 0.0156621 0.0186057 0.0117739 0.00916273 0.032044 0.0113093 0.0103177 0.0116382 0.0118327 0.00854996 0.0090251 0.0409398 0.0541438 0.0151643 0.00316411 0 0.00319411 0.00316884 0.00320645 0.00322177 0.0035434 0.0054904 0.00464908 0.00547622 0.00708943 0.00713624 0.00858297 0.00850104 0.0131036 0.0200408 0.872318 0.0309716 0.0343581 0.0116847 
0.00864802 0.00985913 0.018379 0.045122 0.0116654 0.011107 0.0115883 0.00963698 0.012156 0.0097486 0.00948278 0.0227474 0.0104358 0.0112853 0.0118905 0.00877991 0.0103301 0.00961129 0.0112165 0.01473 0.00804026 0.0124666 0.0402386 0.019957 0.0109993 0.00321212 0.00319411 0 0.00316555 0.00316302 0.00318291 0.00327761 0.00326023 0.00342442 0.00533635 0.00630814 0.010347 0.00784344 0.00925111 0.0163855 0.910542 0.0198695 0.0231243 0.0116434 0.0114197 
0.00880617 0.0114535 0.0167131 0.0174347 0.0320558 0.00901436 0.00964993 0.014465 0.0101011 0.00919184 0.0157594 0.00930411 0.0256785 0.0177973 0.00888616 0.0101627 0.00935464 0.00885297 0.0121645 0.00972766 0.0101118 0.0306279 0.0204124 0.0233439 0.00720347 0.00320452 0.00316884 0.00316555 0 0.00315813 0.00320608 0.00315852 0.00322075 0.00323793 0.00460936 0.00926126 0.00640454 0.00911654 0.0103879 0.915569 0.0219096 0.0150954 0.0128097 0.0123069 0.00940786 
0.0087198 0.00962249 0.017295 0.030523 0.00974598 0.0142318 0.0149688 0.00893367 0.0129603 0.0130863 0.00872013 0.0338429 0.0091513 0.0157592 0.00906452 0.00871988 0.0110345 0.0118678 0.00878838 0.0136269 0.00816417 0.0174009 0.0180603 0.00868981 0.0101533 0.00325677 0.00320645 0.00316302 0.00315813 0 0.00317092 0.00319896 0.00320937 0.00322481 0.00419323 0.0046378 0.00871121 0.00774389 0.927359 0.0144562 0.0140763 0.0103766 0.0101942 0.0103325 0.0104406 
0.00843324 0.0118569 0.0135881 0.0125251 0.0337338 0.00865526 0.00935086 0.0159377 0.00887973 0.00868699 0.0287035 0.00884331 0.0330928 0.00915811 0.00885668 0.0100888 0.00877493 0.00919718 0.0208524 0.00891668 0.0123166 0.0160633 0.00992878 0.0154394 0.00702269 0.00331402 0.00322177 0.00318291 0.00320608 0.00317092 0 0.0031622 0.00319305 0.00316506 0.00356841 0.00594493 0.00450966 0.962696 0.00935669 0.00961142 0.00965091 0.00769722 0.0121109 0.00920564 0.00857195 
0.00859055 0.00924383 0.0171021 0.0298545 0.0089116 0.0124271 0.015704 0.00873721 0.0137149 0.0135653 0.00852949 0.0578425 0.00876626 0.0102077 0.00905444 0.00863386 0.0125411 0.0145079 0.00884705 0.0129064 0.00823304 0.00943195 0.0138286 0.010116 0.0115124 0.00368838 0.0035434 0.00327761 0.00315852 0.00319896 0.0031622 0 0.00317211 0.00327249 0.00466636 0.00410429 0.97706 0.00723057 0.0221093 0.00684806 0.00761778 0.00985017 0.00952897 0.00822644 0.00983761 
0.00884707 0.0133406 0.0105528 0.00919932 0.0297628 0.00829574 0.00972564 0.0272624 0.00860212 0.00868473 0.0460794 0.00886007 0.0241524 0.0088073 0.00974351 0.016262 0.00886135 0.00974191 0.0278161 0.00920998 0.00940259 0.0110941 0.0159446 0.0199178 0.00764193 0.00393109 0.0054904 0.00326023 0.00322075 0.00320937 0.00319305 0.00317211 0 0.00317629 0.00505071 0.996741 0.00414474 0.0162863 0.00508745 0.00671581 0.00840301 0.00713498 0.00952204 0.0100154 0.00753823 
0.0143446 0.0113994 0.00944946 0.00948027 0.00830837 0.0146629 0.0426364 0.00848728 0.0144855 0.0340387 0.011554 0.0241469 0.00829356 0.0109773 0.0166783 0.00854345 0.0162718 0.0476027 0.00849738 0.00917271 0.00849467 0.0242619 0.0118219 0.00866507 0.0161702 0.00654282 0.00464908 0.00342442 0.00323793 0.00322481 0.00316506 0.00327249 0.00317629 0 0.99766 0.0041453 0.00535106 0.00341662 0.00412813 0.00488322 0.0061573 0.00661889 0.00707199 0.00667606 0.00863805 
0.0098664 0.00930373 0.00851494 0.00831025 0.0088242 0.0114167 0.0094558 0.00957118 0.00981232 0.0111738 0.0154001 0.00861847 0.00929515 0.0159439 0.00890348 0.00922052 0.0154939 0.00955153 0.00863927 0.00831535 0.0125562 0.00969593 0.00853524 0.0100545 0.012093 0.00578672 0.00547622 0.00533635 0.00460936 0.00419323 0.00356841 0.00466636 0.00505071 0.99766 0 0.00322939 0.00317908 0.00324454 0.0032188 0.00329401 0.00339824 0.00403844 0.0052394 0.0058826 0.0107515 
0.00839333 0.00872934 0.00903509 0.00889607 0.00999462 0.00840884 0.00880469 0.0107522 0.00838494 0.00836536 0.0105002 0.00875638 0.0120284 0.0089912 0.00854863 0.0103696 0.00883108 0.00912579 0.00900553 0.00899476 0.00866837 0.00866952 0.0116735 0.0108336 0.00923573 0.00600544 0.00708943 0.00630814 0.00926126 0.0046378 0.00594493 0.00410429 0.996741 0.0041453 0.00322939 0 0.00316199 0.00317049 0.0031493 0.00319902 0.00338971 0.0038845 0.00434991 0.00766305 0.00635539 
0.00831179 0.00838876 0.0101269 0.0133266 0.00872458 0.0096462 0.0103374 0.00858776 0.00930347 0.0102965 0.00856249 0.0176043 0.00859324 0.00936801 0.0088522 0.0085712 0.0102244 0.0101175 0.00883835 0.00916803 0.00857131 0.00917948 0.0106323 0.00942603 0.0100244 0.00736347 0.00713624 0.010347 0.00640454 0.00871121 0.00450966 0.97706 0.00414474 0.00535106 0.00317908 0.00316199 0 0.00314487 0.00314694 0.00318257 0.00321598 0.00334927 0.00574436 0.00396543 0.00503425 
0.00800689 0.00918846 0.00983367 0.0103657 0.0121764 0.00819964 0.00881777 0.00980168 0.00855593 0.00819134 0.0124588 0.00857817 0.0135465 0.00866783 0.00845928 0.00912085 0.00848851 0.00879221 0.0105233 0.00880302 0.00867959 0.00971341 0.0109422 0.0118175 0.00853193 0.00783591 0.00858297 0.00784344 0.00911654 0.00774389 0.962696 0.00723057 0.0162863 0.00341662 0.00324454 0.00317049 0.00314487 0 0.00313279 0.00318924 0.00318579 0.00331253 0.00383251 0.00347862 0.00410937 
0.0081914 0.00927357 0.0110944 0.0173254 0.00908115 0.00885754 0.0103341 0.00861047 0.00916148 0.00936331 0.00898854 0.0138225 0.0089711 0.00896713 0.00868843 0.00859167 0.00940066 0.01031 0.00920269 0.00947564 0.00831242 0.0102243 0.0117068 0.0103851 0.00877796 0.00964002 0.00850104 0.00925111 0.0103879 0.927359 0.00935669 0.0221093 0.00508745 0.00412813 0.0032188 0.0031493 0.00314694 0.00313279 0 0.00315697 0.00316652 0.00349156 0.00316426 0.00316899 0.0035778 
0.00819935 0.00960939 0.0122891 0.0136879 0.011307 0.00890902 0.00964848 0.00938343 0.00913498 0.00919015 0.0103198 0.0103012 0.0103351 0.00914 0.00861449 0.00897526 0.00914195 0.00946152 0.0107508 0.00915818 0.00895092 0.0100353 0.0141405 0.0107135 0.00943996 0.0083434 0.0131036 0.0163855 0.915569 0.0144562 0.00961142 0.00684806 0.00671581 0.00488322 0.00329401 0.00319902 0.00318257 0.00318924 0.00315697 0 0.00315513 0.00321231 0.00320938 0.00318328 0.00351543 
0.00833172 0.01031 0.0146682 0.0212686 0.0144354 0.00944723 0.0101056 0.0101428 0.00969171 0.00887442 0.0113952 0.0113342 0.0119949 0.00960427 0.00887677 0.00937812 0.00943061 0.00990569 0.0129009 0.0100125 0.00930731 0.0112661 0.0171361 0.0143951 0.00962716 0.0120401 0.0200408 0.910542 0.0219096 0.0140763 0.00965091 0.00761778 0.00840301 0.0061573 0.00339824 0.00338971 0.00321598 0.00318579 0.00316652 0.00315513 0 0.00317046 0.0031839 0.00324455 0.00337462 
0.00822724 0.0092327 0.0139792 0.024006 0.0121999 0.009655 0.0098711 0.00974241 0.0105825 0.00903147 0.00944897 0.0143533 0.0102537 0.00994158 0.00865702 0.00887377 0.00945464 0.0102926 0.0100624 0.0114284 0.00897659 0.0105838 0.0146055 0.0132279 0.0113904 0.0184624 0.872318 0.0198695 0.0150954 0.0103766 0.00769722 0.00985017 0.00713498 0.00661889 0.00403844 0.0038845 0.00334927 0.00331253 0.00349156 0.00321231 0.00317046 0 0.00318839 0.00323772 0.00324892 
0.0082362 0.0101181 0.0135193 0.0230637 0.0138706 0.00893799 0.00987459 0.0100424 0.00982375 0.00869895 0.0111417 0.0111968 0.0144021 0.00955131 0.00877874 0.00921998 0.00971622 0.00969831 0.0132055 0.0117475 0.00928354 0.0112233 0.0169893 0.0208135 0.0104397 0.803104 0.0309716 0.0231243 0.0128097 0.0101942 0.0121109 0.00952897 0.00952204 0.00707199 0.0052394 0.00434991 0.00574436 0.00383251 0.00316426 0.00320938 0.0031839 0.00318839 0 0.00316993 0.00318793 
0.00888719 0.0101518 0.0120921 0.0104534 0.0121256 0.00926264 0.0114119 0.0133228 0.00923235 0.00976893 0.0131522 0.0134068 0.0116514 0.00949292 0.00918066 0.0119317 0.00929913 0.0114912 0.0116147 0.0135853 0.00916223 0.0125149 0.0275695 0.0214658 0.0164507 0.0224711 0.0343581 0.0116434 0.0123069 0.0103325 0.00920564 0.00822644 0.0100154 0.00667606 0.0058826 0.00766305 0.00396543 0.00347862 0.00316899 0.00318328 0.00324455 0.00323772 0.00316993 0 0.00329576 
0.0121509 0.0127923 0.00912972 0.00890572 0.00868449 0.010482 0.0224719 0.00853477 0.0104422 0.0196445 0.0155143 0.01368 0.00857464 0.0107229 0.0161877 0.00869122 0.0122731 0.0257473 0.00878557 0.0092426 0.0104443 0.0293103 0.0128981 0.0124006 0.0144667 0.0412789 0.0116847 0.0114197 0.00940786 0.0104406 0.00857195 0.00983761 0.00753823 0.00863805 0.0107515 0.00635539 0.00503425 0.00410937 0.0035778 0.00351543 0.00337462 0.00324892 0.00318793 0.00329576 0 
