1G0SB
PVTFGKNDVEIIARETLYRGFFSLDLYRFRHRLFNGQMSHEVRREIFERGHAAVLLPFDPVRDEVVLIEQIRIAAYDTSETPWLLEMVAGMIEEGESVEDVARREAIEEAGLIVKRTKPVLSFLASPGGTSERSSIMVGEVDATTASGIHGLADENEDIRVHVVSREQAYQWVEEGKIDNAASVIALQWLQLHHQALKNEWA
CCCCCHHHEEEEEEEEEEECCCEEEEEEEEEECCCCCECCCEEEEEEECCCEEEEEEEECCCCEEEEEEEECHHHHHHCCCCEEEECEEEECCCCCCHHHHHHHHHHHHHCCCCCCEEEEEEEECCCCCECCEEEEEEEECCHHHCCCCCCCCCCCCCCEEEEEEHHHHHHHHHCCCCCEHHHHHHHHHHHHHHHHHHHHHC
0 0 0 0 0 0 0 0 0 0 0 0 0 0 0 0 0 0 0 0 0 0 0 0 0 0 0 0 0 0 0 0 0 0 0 0 0 0 0 0 0 0 0 0 0 0 0 0 0 0 0 0 0 0 0 0 0 0 0 0 0 0 0 0 0 0 0 0 0 0 0 0 0 0 0 0 0 0 0 0 0 0 0 0 0 0 0 0 0 0 0 0 0 0 0 0 0 0 0 0 0 0 0 0 0 0 0 0 0 0 0 0 0 0 0 0 0 0 0 0 0 0 0 0 0 0 0 0 0 0 0 0 0 0 0 0 0 0 0 0 0 0 0 0 0 0 0 0 0 0 0 0 0 0 0 0 0 0 0 0 0 0 0 0 0 0 0 0 0 0 0 0 0 0 0 0 0 0 0 0 0 0 0 0 0 0 0 0 0 0 0 0 0 0 0 0 0 0 0 0 0 0 
0 0 0 0 0 0 0 0 0 0 0 0 0 0 0 0 0 0 0 0 0 0 0 0 0 0 0 0 0 0 0 0 0 0 0 0 0 0 0 0 0 0 0 0 0 0 0 0 0 0 0 0 0 0 0 0 0 0 0 0 0 0 0 0 0 0 0 0 0 0 0 0 0 0 0 0 0 0 0 0 0 0 0 0 0 0 0 0 0 0 0 0 0 0 0 0 0 0 0 0 0 0 0 0 0 0 0 0 0 0 0 0 0 0 0 0 0 0 0 0 0 0 0 0 0 0 0 0 0 0 0 0 0 0 0 0 0 0 0 0 0 0 0 0 0 0 0 0 0 0 0 0 0 0 0 0 0 0 0 0 0 0 0 0 0 0 0 0 0 0 0 0 0 0 0 0 0 0 0 0 0 0 0 0 0 0 0 0 0 0 0 0 0 0 0 0 0 0 0 0 0 0 
0 0.00328322 0.00332036 0.00335948 0.00342074 0.00352733 0.00347103 0.0035791 0.00381495 0.00468662 0.0105961 0.00700214 0.00860787 0.00743094 0.0085678 0.00910373 0.00921471 0.0124355 0.0093673 0.277729 0.155945 0.016043 0.0141149 0.00891523 0.00977267 0.0100245 0.0106254 0.0117794 0.0248607 0.013898 0.0119273 0.012992 0.0127557 0.0112382 0.010616 0.0155288 0.0188704 0.0108016 0.0125315 0.0115226 0.0118946 0.0113466 0.0101578 0.0102257 0.0378499 0.00982372 0.00919688 0.0107356 0.0118565 0.00911776 0.00900622 0.00958652 0.0121398 0.00963407 0.00797988 0.0082613 0.00828924 0.00857998 0.00827182 0.00914949 0.0108723 0.00876868 0.00803243 0.00833322 0.00830681 0.00863528 0.00833823 0.00854723 0.00870082 0.00991377 0.00791662 0.00823969 0.00820478 0.00813515 0.00869949 0.0096959 0.00873031 
0.00328322 0 0.00332768 0.00333576 0.00325913 0.00329914 0.0033604 0.00340017 0.00363073 0.00503999 0.00586091 0.00696997 0.00725931 0.00857664 0.00906601 0.0101107 0.0110475 0.00936886 0.257552 0.0588063 0.0536998 0.00899827 0.009025 0.00991483 0.00901488 0.0105823 0.0103844 0.0131463 0.0101677 0.00937397 0.0148503 0.0146249 0.0154902 0.0115435 0.0128862 0.0110207 0.0096866 0.010116 0.0114219 0.0161417 0.0148625 0.0106223 0.0106249 0.0114332 0.00934014 0.00953037 0.00980515 0.00957833 0.00901692 0.00867858 0.00904485 0.0103835 0.00876857 0.00813368 0.00805607 0.00817449 0.00848442 0.00837109 0.00915264 0.00841478 0.00851948 0.00794551 0.00810015 0.00824959 0.00902677 0.00893106 0.00956556 0.0086233 0.00854925 0.00854186 0.00811941 0.00821572 0.00827304 0.00844609 0.00811702 0.00851739 0.00794894 
0.00332036 0.00332768 0 0.00329502 0.00328817 0.00335725 0.00336201 0.00417657 0.00735317 0.00472906 0.00486914 0.0073501 0.00855323 0.00963201 0.0100416 0.0110079 0.0122244 0.192586 0.0809346 0.0933542 0.00890926 0.0085326 0.0102158 0.00883435 0.0106437 0.0108838 0.0151314 0.00962741 0.00889646 0.00985481 0.011868 0.0225 0.0216566 0.0175735 0.0170797 0.0106812 0.00880692 0.00949267 0.0138573 0.0212653 0.0205285 0.0165901 0.0161001 0.00931398 0.00938458 0.00918487 0.0101857 0.00964359 0.00919061 0.00902658 0.00884392 0.00898658 0.00846311 0.00842447 0.00807277 0.00831292 0.00864464 0.0099487 0.00880705 0.00850517 0.00816409 0.00798752 0.00811231 0.00848039 0.00888309 0.0101296 0.00935941 0.00912275 0.00859424 0.00824418 0.00811817 0.00834559 0.00861869 0.00844259 0.0082168 0.00804512 0.00783271 
0.00335948 0.00333576 0.00329502 0 0.00327474 0.00329361 0.0036646 0.00351566 0.00400105 0.0038451 0.00427377 0.00694395 0.00777302 0.00882673 0.00923999 0.00959791 0.0409291 0.180998 0.0950105 0.013134 0.00872729 0.00842285 0.00931501 0.00887 0.00927587 0.0118036 0.00991157 0.00926219 0.00872771 0.0095783 0.0102433 0.0165775 0.0174561 0.0131711 0.0129126 0.00929015 0.00866462 0.00948037 0.0104947 0.0167715 0.0162038 0.0142495 0.0110945 0.00881605 0.00913503 0.00913411 0.00894468 0.00896945 0.00892184 0.00868052 0.00851801 0.00855255 0.00842516 0.0083137 0.00790686 0.00826044 0.00847135 0.00868131 0.00849957 0.00819558 0.00807726 0.00795676 0.00810211 0.00818284 0.00880687 0.00895182 0.00892615 0.00870705 0.00825847 0.00811173 0.00801307 0.00827594 0.00823736 0.00841312 0.00807953 0.00802746 0.00783453 
0.00342074 0.00325913 0.00328817 0.00327474 0 0.00363114 0.00335415 0.0118576 0.00335329 0.00345798 0.00360294 0.00670163 0.00794082 0.00870491 0.00818753 0.0164355 0.496041 0.0656809 0.0101534 0.00853688 0.00823325 0.00825869 0.0091901 0.00870361 0.00976564 0.00943567 0.0099716 0.00901158 0.00868324 0.00914318 0.0106385 0.0130375 0.0162497 0.0125753 0.0116255 0.00930655 0.00852716 0.00932432 0.0104503 0.0146343 0.0172393 0.0112523 0.0102909 0.00941033 0.00886841 0.0087096 0.00915602 0.00900344 0.00869504 0.00848369 0.00845234 0.00847674 0.00841608 0.00813711 0.00796343 0.00809016 0.00846027 0.00848537 0.00842852 0.00819004 0.00798991 0.00796608 0.00795087 0.00818845 0.00847067 0.00871198 0.00872792 0.00841385 0.00831526 0.00809437 0.00801367 0.00810645 0.00824018 0.00824293 0.00804269 0.00799844 0.00782099 
0.00352733 0.00329914 0.00335725 0.00329361 0.00363114 0 0.00340072 0.00326828 0.00335824 0.00332372 0.00341127 0.00625197 0.008318 0.00772079 0.0106957 0.507101 0.0838676 0.0136321 0.00796437 0.00875586 0.00799887 0.00818945 0.00931243 0.00888616 0.00891878 0.00945295 0.00930284 0.00910544 0.00856948 0.00912725 0.00980939 0.015689 0.0128355 0.0112302 0.0114096 0.00897679 0.00861782 0.00908795 0.0100167 0.0154008 0.012798 0.0106739 0.0103978 0.0087789 0.0089674 0.00867211 0.00884294 0.00872567 0.00855434 0.00834909 0.00841088 0.00840768 0.00839447 0.00816217 0.00787301 0.00813887 0.00830905 0.00847276 0.00834047 0.00808327 0.00812542 0.00793303 0.00798314 0.0080774 0.00854391 0.00872076 0.00848811 0.00852685 0.00817805 0.00804769 0.00795859 0.0081734 0.00813298 0.00822727 0.00799442 0.00797968 0.00781843 
0.00347103 0.0033604 0.00336201 0.0036646 0.00335415 0.00340072 0 0.00331287 0.00325377 0.00329342 0.00326053 0.00551034 0.00945148 0.00911047 0.469613 0.138063 0.0127062 0.0076527 0.00801473 0.00795749 0.00775936 0.0080807 0.0096631 0.00852597 0.0090565 0.00922184 0.00995857 0.00876717 0.00856464 0.00910483 0.0103595 0.0123104 0.0135702 0.0112582 0.0101304 0.00917275 0.00841431 0.00922485 0.0107164 0.01367 0.0128011 0.0122769 0.010114 0.00878345 0.00922944 0.00893379 0.00875513 0.0087868 0.0085919 0.00839939 0.00842489 0.00842141 0.00827177 0.00830245 0.00796868 0.00809341 0.00841411 0.00852979 0.00834711 0.00817223 0.00799399 0.00799871 0.00799883 0.0082198 0.00841078 0.00865423 0.00869372 0.00845635 0.00821988 0.00804224 0.00802977 0.00815451 0.00819734 0.00823819 0.00802867 0.00798878 0.00783136 
0.0035791 0.00340017 0.00417657 0.00351566 0.0118576 0.00326828 0.00331287 0 0.00328868 0.00324597 0.00319961 0.00463062 0.00751568 0.371053 0.174265 0.0134264 0.00759422 0.00777935 0.00775173 0.00750341 0.00780973 0.00800216 0.00908336 0.00872777 0.00889264 0.0103263 0.00937453 0.00894181 0.00854165 0.0092402 0.0119238 0.0134726 0.014632 0.0113425 0.0103289 0.00886641 0.00856046 0.0095444 0.0102763 0.014396 0.0165265 0.011351 0.0100701 0.00927097 0.00883667 0.00878912 0.00915831 0.00876245 0.00879125 0.0085112 0.0084991 0.00845149 0.00847829 0.008323 0.0078814 0.00811182 0.00838905 0.00850327 0.00838011 0.00814919 0.00804103 0.00796185 0.00798582 0.00811663 0.00850306 0.00868397 0.00874147 0.00840881 0.0082378 0.00803977 0.00803798 0.00816461 0.00816743 0.00824377 0.00802092 0.00799909 0.00782241 
0.00381495 0.00363073 0.00735317 0.00400105 0.00335329 0.00335824 0.00325377 0.00328868 0 0.00321487 0.00317703 0.00539261 0.0660602 0.245929 0.0165817 0.00725494 0.00676971 0.00743557 0.00688894 0.00717772 0.00736998 0.00780623 0.00931834 0.00857915 0.00950422 0.00951967 0.0102491 0.00880401 0.00860533 0.00886677 0.00961717 0.013496 0.0150726 0.0106694 0.0113727 0.00913305 0.00853492 0.00885084 0.0100966 0.0172355 0.0135767 0.0107957 0.0106367 0.00877717 0.00898775 0.00882242 0.00888545 0.00907704 0.00864361 0.00848328 0.00847062 0.00856309 0.00835652 0.00810634 0.00795552 0.00817012 0.00844854 0.00848814 0.00837726 0.00818376 0.00802096 0.00796325 0.00795159 0.00819723 0.00851628 0.00871405 0.00849802 0.00849228 0.00821509 0.00807506 0.00796018 0.0081556 0.00824968 0.00821435 0.00805182 0.00807302 0.00783458 
0.00468662 0.00503999 0.00472906 0.0038451 0.00345798 0.00332372 0.00329342 0.00324597 0.00321487 0 0.00324545 0.0166984 0.680547 0.0127744 0.00705338 0.0074135 0.00811666 0.00678504 0.00720574 0.007068 0.0071838 0.00803721 0.00955562 0.0105074 0.00866421 0.00920184 0.00899991 0.0117534 0.00860982 0.00937416 0.0128998 0.0120053 0.012802 0.0101677 0.00967788 0.0122311 0.00851958 0.00937537 0.0123658 0.0114845 0.0125901 0.01008 0.00975873 0.00978395 0.00872405 0.00892029 0.0101857 0.00988416 0.00841628 0.0084253 0.00887618 0.00887137 0.0081856 0.00825908 0.00796452 0.00803941 0.00821548 0.00844644 0.00823686 0.00842286 0.00809086 0.00800114 0.00815619 0.00822353 0.00830312 0.00849024 0.00839606 0.00849081 0.0082893 0.00803841 0.00797619 0.00823531 0.00812978 0.00812195 0.00804494 0.00792605 0.00783568 
0.0105961 0.00586091 0.00486914 0.00427377 0.00360294 0.00341127 0.00326053 0.00319961 0.00317703 0.00324545 0 0.918096 0.024217 0.00445626 0.00589942 0.00595341 0.00650197 0.00584642 0.0061332 0.00600684 0.00754773 0.0148815 0.022196 0.00947936 0.00851202 0.00862189 0.00872889 0.00970876 0.0121007 0.0185397 0.0100646 0.00987199 0.00994477 0.00886024 0.00888679 0.00980336 0.0111654 0.0194247 0.010468 0.0096917 0.00986724 0.00910189 0.00894044 0.00893634 0.0096751 0.0154095 0.00902888 0.00876462 0.00952506 0.010602 0.00868041 0.00848495 0.00889518 0.00971363 0.00808125 0.00787441 0.00817477 0.00808687 0.00821476 0.00802169 0.00869703 0.0092995 0.00985841 0.00810855 0.00804864 0.00813739 0.00817907 0.00820904 0.00805323 0.00842402 0.00867842 0.00796224 0.00797114 0.00800214 0.00787266 0.00821457 0.00817729 
0.00700214 0.00696997 0.0073501 0.00694395 0.00670163 0.00625197 0.00551034 0.00463062 0.00539261 0.0166984 0.918096 0 0.00318078 0.0031801 0.00322449 0.00322503 0.00352869 0.00350082 0.00427022 0.00466696 0.0133787 0.0155339 0.0099627 0.00964347 0.0088646 0.0098434 0.0105726 0.0120641 0.060592 0.0214188 0.0182453 0.0169077 0.0152718 0.0107501 0.0122955 0.0129311 0.0216441 0.030984 0.0141576 0.0176324 0.0142809 0.01156 0.0116109 0.0116315 0.0221365 0.0172399 0.0107049 0.0104364 0.0180649 0.011729 0.00974137 0.00981902 0.0139837 0.00898296 0.00811355 0.00834899 0.00848979 0.00845529 0.00895965 0.00893055 0.0123498 0.00993217 0.00932918 0.00845623 0.00888274 0.0088297 0.0090742 0.00959889 0.00877822 0.0122006 0.00882098 0.00802019 0.00823461 0.00829953 0.00815456 0.0108258 0.00890214 
0.00860787 0.00725931 0.00855323 0.00777302 0.00794082 0.008318 0.00945148 0.00751568 0.0660602 0.680547 0.024217 0.00318078 0 0.00318385 0.00319021 0.00319771 0.00326269 0.00363899 0.00341256 0.00852301 0.00589646 0.00743096 0.0109203 0.0102473 0.010558 0.0131032 0.0156215 0.0534571 0.0121191 0.0149882 0.0398405 0.0295141 0.0288657 0.0259947 0.0167596 0.0328083 0.0105109 0.0119886 0.0757444 0.0312475 0.0333395 0.0264437 0.0183729 0.0175163 0.0138032 0.0125838 0.0219094 0.0289235 0.011027 0.0107399 0.0170936 0.0131769 0.00915562 0.00879919 0.00842547 0.00929778 0.00976524 0.0129328 0.00940507 0.0144221 0.00906422 0.00814407 0.00847353 0.0108457 0.0105727 0.0147261 0.0121147 0.0115849 0.0126742 0.00873722 0.0082982 0.00930963 0.00897016 0.0086421 0.00902607 0.00830488 0.0079554 
0.00743094 0.00857664 0.00963201 0.00882673 0.00870491 0.00772079 0.00911047 0.371053 0.245929 0.0127744 0.00445626 0.0031801 0.00318385 0 0.00315693 0.00316224 0.00320023 0.00321464 0.0107299 0.00330767 0.00390195 0.00660822 0.00812441 0.00993219 0.0117594 0.0145392 0.064086 0.019755 0.0175782 0.012003 0.0198297 0.0574434 0.0431082 0.0309525 0.0458489 0.0155993 0.0114376 0.0159356 0.0206747 0.0976598 0.0652746 0.0366912 0.0501018 0.0158884 0.0106944 0.012222 0.0287296 0.0150919 0.0182237 0.0148374 0.0144284 0.0118622 0.00920173 0.00825719 0.00941227 0.0108512 0.0143479 0.0126166 0.022532 0.0103061 0.00910455 0.00806249 0.00859459 0.00988688 0.0180586 0.017657 0.0209874 0.0188325 0.0108211 0.0093864 0.00898481 0.00915392 0.00941825 0.010506 0.00846634 0.00834722 0.00791542 
0.0085678 0.00906601 0.0100416 0.00923999 0.00818753 0.0106957 0.469613 0.174265 0.0165817 0.00705338 0.00589942 0.00322449 0.00319021 0.00315693 0 0.0031572 0.00317004 0.0032876 0.00322099 0.00326713 0.00365333 0.00651152 0.00832287 0.00987682 0.0105805 0.0672411 0.0166173 0.0263575 0.0211848 0.0117926 0.023515 0.0384394 0.0477711 0.038208 0.0289178 0.0200453 0.0102854 0.0119049 0.0342458 0.0568953 0.0747868 0.0569758 0.0345015 0.0179246 0.0116672 0.0126615 0.0223882 0.0223725 0.0158104 0.0142802 0.0154523 0.0124147 0.00923068 0.00844355 0.00853429 0.0113743 0.0129124 0.0189793 0.0142729 0.0118721 0.00910773 0.00806173 0.00866003 0.0110591 0.0149973 0.0218541 0.0226842 0.0187634 0.015682 0.00873637 0.00865028 0.00918771 0.0110889 0.00940378 0.0087237 0.00826147 0.00792338 
0.00910373 0.0101107 0.0110079 0.00959791 0.0164355 0.507101 0.138063 0.0134264 0.00725494 0.0074135 0.00595341 0.00322503 0.00319771 0.00316224 0.0031572 0 0.00316119 0.00315991 0.00316744 0.00317775 0.00330298 0.00623577 0.00920153 0.00925955 0.058111 0.0151292 0.0275529 0.0275283 0.034653 0.0108499 0.0202566 0.0425467 0.0469738 0.036387 0.0311204 0.0186527 0.0103479 0.0122231 0.0337288 0.0675967 0.0642677 0.0578501 0.0424269 0.0161373 0.0128669 0.0118389 0.0190449 0.0225621 0.0152382 0.0136351 0.0146417 0.0127769 0.00914429 0.00844589 0.00877623 0.0110059 0.0148656 0.0166225 0.0141274 0.0135233 0.00886352 0.00815966 0.00880027 0.0110342 0.0157774 0.0268067 0.0199654 0.0216867 0.0116429 0.00897493 0.00862669 0.00958849 0.0096265 0.00955128 0.00869617 0.00831058 0.00792673 
0.00921471 0.0110475 0.0122244 0.0409291 0.496041 0.0838676 0.0127062 0.00759422 0.00676971 0.00811666 0.00650197 0.00352869 0.00326269 0.00320023 0.00317004 0.00316119 0 0.00314697 0.00317023 0.00317769 0.00325833 0.00645713 0.00802654 0.0450055 0.0113185 0.0204846 0.0294007 0.0456711 0.0119862 0.0100998 0.015946 0.0341496 0.0330925 0.0201116 0.0317588 0.0124669 0.0105292 0.0135793 0.0159134 0.0567713 0.0601367 0.0280113 0.0331567 0.014912 0.00941617 0.0112305 0.0203775 0.0135145 0.0171724 0.0116757 0.0129363 0.0104701 0.0091058 0.00826896 0.0087214 0.0108102 0.011124 0.011149 0.0163992 0.00903742 0.00890688 0.00813353 0.00854329 0.0093554 0.0163836 0.0131929 0.0214916 0.0134535 0.00998076 0.00869626 0.00876401 0.00855128 0.00903318 0.00967045 0.0083412 0.00833655 0.00789525 
0.0124355 0.00936886 0.192586 0.180998 0.0656809 0.0136321 0.0076527 0.00777935 0.00743557 0.00678504 0.00584642 0.00350082 0.00363899 0.00321464 0.0032876 0.00315991 0.00314697 0 0.00314692 0.00318919 0.00316964 0.0054239 0.0545154 0.00774751 0.0187443 0.0192137 0.0523297 0.0128311 0.00921959 0.0095229 0.0130311 0.0198941 0.0243443 0.0288038 0.014978 0.0170979 0.00895789 0.0095076 0.0327864 0.0261553 0.0364725 0.0365091 0.0201579 0.0119355 0.0128357 0.0101914 0.0127673 0.0215855 0.0116209 0.011716 0.0111891 0.0118344 0.0086544 0.00877179 0.00820901 0.00936583 0.0108623 0.0171281 0.00917726 0.0139249 0.00854169 0.00809275 0.00852424 0.0107878 0.0103346 0.0264959 0.0115674 0.0138506 0.0101504 0.00847436 0.00817743 0.00951325 0.00918867 0.00874906 0.00889639 0.0080705 0.00787754 
0.0093673 0.257552 0.0809346 0.0950105 0.0101534 0.00796437 0.00801473 0.00775173 0.00688894 0.00720574 0.0061332 0.00427022 0.00341256 0.0107299 0.00322099 0.00316744 0.00317023 0.00314692 0 0.00314138 0.00325514 0.00797654 0.00712088 0.019645 0.010362 0.0289416 0.0146108 0.010418 0.00944214 0.00905818 0.0121725 0.0243091 0.0169099 0.0111342 0.0227064 0.00966657 0.00946961 0.0166911 0.0105452 0.0435767 0.0255365 0.016146 0.0214439 0.0118698 0.00865156 0.0104172 0.0155824 0.0104616 0.0136003 0.0104317 0.0113455 0.00978304 0.00869291 0.00897329 0.00858118 0.00910986 0.010311 0.00895121 0.0197352 0.00852299 0.00854314 0.00798371 0.00842645 0.00845317 0.0152719 0.00962305 0.0146447 0.0101545 0.00891084 0.00843018 0.00883219 0.00828358 0.00886531 0.00951442 0.0081429 0.00851572 0.00797475 
0.277729 0.0588063 0.0933542 0.013134 0.00853688 0.00875586 0.00795749 0.00750341 0.00717772 0.007068 0.00600684 0.00466696 0.00852301 0.00330767 0.00326713 0.00317775 0.00317769 0.00318919 0.00314138 0 0.00314561 0.00586715 0.0354679 0.0122039 0.0148749 0.0093436 0.0103208 0.0125798 0.00859619 0.0104621 0.0137142 0.0126331 0.0123687 0.0131959 0.00999888 0.021725 0.00857132 0.00968199 0.0453534 0.0117563 0.0198029 0.014025 0.0112523 0.0116947 0.0131214 0.0105195 0.0134158 0.0210224 0.00900416 0.00957398 0.0121888 0.0111079 0.00843114 0.00957815 0.00817469 0.00867029 0.00876158 0.0118836 0.00845225 0.0135306 0.00836056 0.00826182 0.00852851 0.0109701 0.00861989 0.0132031 0.0089056 0.00959785 0.00965271 0.00827935 0.00806476 0.00973268 0.00844142 0.0082297 0.00939974 0.00800129 0.00788618 
0.155945 0.0536998 0.00890926 0.00872729 0.00823325 0.00799887 0.00775936 0.00780973 0.00736998 0.0071838 0.00754773 0.0133787 0.00589646 0.00390195 0.00365333 0.00330298 0.00325833 0.00316964 0.00325514 0.00314561 0 0.483294 0.0134282 0.0181799 0.00773393 0.00783237 0.00906837 0.0103587 0.012647 0.0139077 0.0113915 0.0108991 0.0116747 0.0089769 0.00998465 0.0111623 0.0142262 0.0249743 0.0103475 0.0122081 0.0124288 0.0101627 0.0102256 0.0106816 0.0102763 0.0198199 0.0101673 0.00927172 0.0138065 0.0130213 0.00884977 0.00946434 0.00912227 0.00920209 0.0082577 0.0081521 0.00844985 0.00835557 0.00899 0.00832891 0.0097386 0.00923465 0.0109925 0.00823296 0.00860127 0.00839687 0.00885423 0.00847491 0.00839183 0.00895547 0.00958975 0.00800265 0.00816237 0.00822261 0.00796966 0.00836992 0.00841741 
0.016043 0.00899827 0.0085326 0.00842285 0.00825869 0.00818945 0.0080807 0.00800216 0.00780623 0.00803721 0.0148815 0.0155339 0.00743096 0.00660822 0.00651152 0.00623577 0.00645713 0.0054239 0.00797654 0.00586715 0.483294 0 0.0662887 0.00828094 0.00365608 0.00391564 0.00494461 0.00600969 0.00904539 0.00856787 0.00811129 0.00763945 0.00808789 0.00724535 0.00774083 0.0119617 0.021288 0.0153535 0.00944384 0.00852991 0.00872627 0.00835025 0.00836834 0.00940054 0.0145326 0.0132661 0.00862708 0.00860248 0.00976575 0.0097108 0.00826348 0.00847682 0.0106659 0.00997253 0.00796293 0.00789049 0.0079301 0.00799114 0.00799656 0.00803513 0.00982806 0.0139942 0.00923045 0.00792928 0.00789847 0.00795981 0.00792679 0.00796806 0.0080034 0.010325 0.00871868 0.00783104 0.00781622 0.00785079 0.00784088 0.00913783 0.0102485 
0.0141149 0.009025 0.0102158 0.00931501 0.0091901 0.00931243 0.0096631 0.00908336 0.00931834 0.00955562 0.022196 0.0099627 0.0109203 0.00812441 0.00832287 0.00920153 0.00802654 0.0545154 0.00712088 0.0354679 0.0134282 0.0662887 0 0.00335763 0.00321404 0.00321278 0.00324348 0.00379485 0.00471803 0.00636479 0.00638703 0.01007 0.00788272 0.00756331 0.0103656 0.152723 0.151081 0.0105736 0.0126303 0.00995022 0.0097147 0.00987368 0.00904523 0.00996044 0.0626219 0.0111817 0.00904297 0.00989992 0.0133766 0.00916919 0.0088237 0.00968124 0.0154065 0.0119968 0.0080575 0.00826234 0.00870134 0.00857413 0.00814824 0.00928209 0.0120946 0.0100021 0.00850986 0.00835193 0.00829556 0.00864098 0.00829328 0.00836284 0.00890104 0.0116833 0.00806371 0.008405 0.00811409 0.00803101 0.00885104 0.00966348 0.00900506 
0.00891523 0.00991483 0.00883435 0.00887 0.00870361 0.00888616 0.00852597 0.00872777 0.00857915 0.0105074 0.00947936 0.00964347 0.0102473 0.00993219 0.00987682 0.00925955 0.0450055 0.00774751 0.019645 0.0122039 0.0181799 0.00828094 0.00335763 0 0.00315332 0.00320482 0.00325245 0.00325587 0.00341952 0.00530214 0.00693137 0.00748506 0.00839109 0.0199353 0.0984306 0.0906218 0.00908514 0.00954348 0.013246 0.0116282 0.0119467 0.00917968 0.0107176 0.0180564 0.00908116 0.0101315 0.0126198 0.01053 0.00899035 0.00904921 0.0100232 0.00994013 0.00882156 0.00821176 0.00828859 0.00860143 0.00867367 0.00839873 0.00954935 0.00865063 0.00892072 0.00812758 0.00812502 0.00840904 0.00896336 0.0087597 0.00958459 0.00916289 0.00912061 0.00870427 0.00807862 0.0081112 0.00805782 0.00852579 0.00834337 0.00864802 0.0079609 
0.00977267 0.00901488 0.0106437 0.00927587 0.00976564 0.00891878 0.0090565 0.00889264 0.00950422 0.00866421 0.00851202 0.0088646 0.010558 0.0117594 0.0105805 0.058111 0.0113185 0.0187443 0.010362 0.0148749 0.00773393 0.00365608 0.00321404 0.00315332 0 0.00330085 0.00318731 0.00322478 0.00320449 0.00476532 0.00654591 0.0082254 0.0267839 0.110501 0.0940908 0.0103923 0.00695371 0.00898098 0.0113419 0.016585 0.0162128 0.0176612 0.0178862 0.00949961 0.0088734 0.0101226 0.0123133 0.0119643 0.0102149 0.0100322 0.0103095 0.00963772 0.00849483 0.00839782 0.00817785 0.0093302 0.0100556 0.0110324 0.0100764 0.009605 0.00852356 0.00796919 0.00818894 0.00899802 0.0104147 0.0144843 0.0127174 0.0126161 0.00928263 0.00837447 0.00814104 0.00856419 0.00883779 0.00875023 0.00822027 0.00807206 0.00783475 
0.0100245 0.0105823 0.0108838 0.0118036 0.00943567 0.00945295 0.00922184 0.0103263 0.00951967 0.00920184 0.00862189 0.0098434 0.0131032 0.0145392 0.0672411 0.0151292 0.0204846 0.0192137 0.0289416 0.0093436 0.00783237 0.00391564 0.00321278 0.00320482 0.00330085 0 0.00322061 0.00316587 0.00320082 0.00390897 0.00584544 0.0266315 0.138225 0.0834829 0.0247634 0.00849939 0.006715 0.00903024 0.0140085 0.0189847 0.0274342 0.0192002 0.0165745 0.00997278 0.00938724 0.0126345 0.0171515 0.0121516 0.015658 0.0116143 0.0118783 0.00976012 0.00887198 0.00854318 0.00859029 0.0100379 0.0128169 0.0137325 0.0144987 0.00961692 0.00875474 0.00800317 0.00873581 0.0100523 0.0164012 0.0195626 0.0233119 0.0143445 0.0101279 0.00864167 0.00856662 0.00881878 0.0101111 0.00964168 0.00835823 0.00836981 0.0079185 
0.0106254 0.0103844 0.0151314 0.00991157 0.0099716 0.00930284 0.00995857 0.00937453 0.0102491 0.00899991 0.00872889 0.0105726 0.0156215 0.064086 0.0166173 0.0275529 0.0294007 0.0523297 0.0146108 0.0103208 0.00906837 0.00494461 0.00324348 0.00325245 0.00318731 0.00322061 0 0.00314648 0.0031986 0.00376148 0.0199108 0.148322 0.112424 0.01641 0.00817937 0.00801398 0.00680879 0.0091947 0.0144333 0.032807 0.0313626 0.0218409 0.0164329 0.0122879 0.00951959 0.0131315 0.020975 0.0223987 0.0140453 0.0125503 0.0151679 0.0132756 0.00890957 0.00852841 0.00907803 0.0126518 0.0138489 0.0171285 0.0195069 0.0110784 0.00898685 0.00816657 0.00880132 0.011863 0.0245086 0.0316379 0.0239932 0.0256603 0.0121108 0.00901091 0.00862693 0.00952414 0.0102492 0.0104361 0.00881622 0.00838076 0.00790196 
0.0117794 0.0131463 0.00962741 0.00926219 0.00901158 0.00910544 0.00876717 0.00894181 0.00880401 0.0117534 0.00970876 0.0120641 0.0534571 0.019755 0.0263575 0.0275283 0.0456711 0.0128311 0.010418 0.0125798 0.0103587 0.00600969 0.00379485 0.00325587 0.00322478 0.00316587 0.00314648 0 0.00315191 0.00681057 0.120875 0.0977013 0.0222527 0.00878657 0.00841602 0.0096725 0.00810332 0.00932275 0.0225076 0.0238407 0.0253319 0.0140411 0.0176074 0.0184828 0.0106137 0.0139762 0.0300583 0.0358518 0.0158715 0.0126677 0.0182364 0.0192087 0.00993867 0.0087947 0.0093756 0.0095577 0.0103166 0.0117068 0.0119473 0.0170993 0.0104245 0.00905977 0.00958255 0.0130029 0.0144606 0.0158282 0.0161559 0.0158605 0.0159385 0.00901551 0.00939649 0.00910405 0.00953867 0.00937435 0.00883136 0.00834212 0.00808199 
0.0248607 0.0101677 0.00889646 0.00872771 0.00868324 0.00856948 0.00856464 0.00854165 0.00860533 0.00860982 0.0121007 0.060592 0.0121191 0.0175782 0.0211848 0.034653 0.0119862 0.00921959 0.00944214 0.00859619 0.012647 0.00904539 0.00471803 0.00341952 0.00320449 0.00320082 0.0031986 0.00315191 0 0.0996797 0.086159 0.00554848 0.00508713 0.00456776 0.0060602 0.00845009 0.0089682 0.0176125 0.0208387 0.0119032 0.0121819 0.010875 0.0103616 0.0152757 0.0148744 0.0332013 0.0125572 0.0122821 0.0166815 0.0186802 0.0111821 0.0102989 0.013075 0.0141657 0.00858269 0.00855767 0.00918706 0.00909292 0.00941787 0.00937947 0.013514 0.0130065 0.0183582 0.00948429 0.00933905 0.0101961 0.0101173 0.0105204 0.00925479 0.0110823 0.0104183 0.00836406 0.00836685 0.00839447 0.00826005 0.00885748 0.00850354 
0.013898 0.00937397 0.00985481 0.0095783 0.00914318 0.00912725 0.00910483 0.0092402 0.00886677 0.00937416 0.0185397 0.0214188 0.0149882 0.012003 0.0117926 0.0108499 0.0100998 0.0095229 0.00905818 0.0104621 0.0139077 0.00856787 0.00636479 0.00530214 0.00476532 0.00390897 0.00376148 0.00681057 0.0996797 0 0.00323029 0.003179 0.00320518 0.00318488 0.00324358 0.00331429 0.00815863 0.0107767 0.0100185 0.009022 0.00961414 0.00875575 0.0102688 0.014887 0.331812 0.0235703 0.0120147 0.0123136 0.0188308 0.0125433 0.0106791 0.0105679 0.0153525 0.0127125 0.0084247 0.00872282 0.00899707 0.00876565 0.00877268 0.00954425 0.0138251 0.0105276 0.0094078 0.00930761 0.00884552 0.00946865 0.00896274 0.00914125 0.00933133 0.0194553 0.00892336 0.00837456 0.00830676 0.00834096 0.00851111 0.010248 0.00928429 
0.0119273 0.0148503 0.011868 0.0102433 0.0106385 0.00980939 0.0103595 0.0119238 0.00961717 0.0128998 0.0100646 0.0182453 0.0398405 0.0198297 0.023515 0.0202566 0.015946 0.0130311 0.0121725 0.0137142 0.0113915 0.00811129 0.00638703 0.00693137 0.00654591 0.00584544 0.0199108 0.120875 0.086159 0.00323029 0 0.00323175 0.00318944 0.00319673 0.00323483 0.00387604 0.0034553 0.00766312 0.0127763 0.0109299 0.0130607 0.0120004 0.0484873 0.238252 0.0362581 0.0221802 0.0350705 0.0206676 0.0142236 0.0133234 0.023568 0.016972 0.0105477 0.00919702 0.0123839 0.0106155 0.0127907 0.0127626 0.014782 0.0161102 0.00996977 0.00854128 0.00962244 0.0144173 0.0174777 0.0177228 0.0232 0.016543 0.0250113 0.00973572 0.0092966 0.00990783 0.00961166 0.00979234 0.00947554 0.00907663 0.00821942 
0.012992 0.0146249 0.0225 0.0165775 0.0130375 0.015689 0.0123104 0.0134726 0.013496 0.0120053 0.00987199 0.0169077 0.0295141 0.0574434 0.0384394 0.0425467 0.0341496 0.0198941 0.0243091 0.0126331 0.0108991 0.00763945 0.01007 0.00748506 0.0082254 0.0266315 0.148322 0.0977013 0.00554848 0.003179 0.00323175 0 0.00320686 0.00318929 0.00320913 0.00325309 0.00328765 0.00799186 0.0109318 0.0208032 0.0245576 0.0632562 0.254687 0.0400943 0.0122905 0.0184146 0.0492544 0.0261987 0.0220204 0.019435 0.0297137 0.0164857 0.0105497 0.00932825 0.0111414 0.026498 0.0245954 0.0327902 0.0434155 0.01884 0.011663 0.00869698 0.0102447 0.0224175 0.0480833 0.0631095 0.0655267 0.0721877 0.0193629 0.0103389 0.0100993 0.0125043 0.0183494 0.0185842 0.00982281 0.00880569 0.00815026 
0.0127557 0.0154902 0.0216566 0.0174561 0.0162497 0.0128355 0.0135702 0.014632 0.0150726 0.012802 0.00994477 0.0152718 0.0288657 0.0431082 0.0477711 0.0469738 0.0330925 0.0243443 0.0169099 0.0123687 0.0116747 0.00808789 0.00788272 0.00839109 0.0267839 0.138225 0.112424 0.0222527 0.00508713 0.00320518 0.00318944 0.00320686 0 0.00319144 0.00321032 0.00321548 0.00322899 0.00762042 0.0119198 0.0151645 0.0883056 0.248206 0.0630925 0.0140915 0.00954318 0.0212949 0.0309773 0.0306036 0.0213566 0.0277324 0.0231218 0.0174607 0.0109078 0.009401 0.0114903 0.0205737 0.0315097 0.0382566 0.0453412 0.0181064 0.0120406 0.00863675 0.011135 0.0203917 0.05165 0.0678969 0.126343 0.0575184 0.0264915 0.0102798 0.00995275 0.0128901 0.0216204 0.0191285 0.0100232 0.00874048 0.00818775 
0.0112382 0.0115435 0.0175735 0.0131711 0.0125753 0.0112302 0.0112582 0.0113425 0.0106694 0.0101677 0.00886024 0.0107501 0.0259947 0.0309525 0.038208 0.036387 0.0201116 0.0288038 0.0111342 0.0131959 0.0089769 0.00724535 0.00756331 0.0199353 0.110501 0.0834829 0.01641 0.00878657 0.00456776 0.00318488 0.00319673 0.00318929 0.00319144 0 0.00315049 0.00317757 0.00318024 0.00454072 0.00934416 0.0584529 0.246797 0.0557172 0.0204965 0.0090871 0.00733006 0.0134585 0.0259203 0.0216026 0.0180121 0.0148198 0.0200954 0.0143225 0.00934541 0.00911711 0.00937089 0.0156777 0.0215361 0.0359382 0.0213385 0.0182414 0.00975057 0.00844655 0.00924257 0.0168218 0.0304797 0.0767101 0.0492615 0.0537292 0.0159366 0.00934989 0.00885125 0.0112678 0.0149594 0.0149044 0.00943929 0.00847288 0.00807632 
0.010616 0.0128862 0.0170797 0.0129126 0.0116255 0.0114096 0.0101304 0.0103289 0.0113727 0.00967788 0.00888679 0.0122955 0.0167596 0.0458489 0.0289178 0.0311204 0.0317588 0.014978 0.0227064 0.00999888 0.00998465 0.00774083 0.0103656 0.0984306 0.0940908 0.0247634 0.00817937 0.00841602 0.0060602 0.00324358 0.00323483 0.00320913 0.00321032 0.00315049 0 0.00314989 0.00319107 0.00478358 0.0378413 0.347487 0.0830823 0.0132792 0.011352 0.0083048 0.00672429 0.0129405 0.0293422 0.0219752 0.0174943 0.015563 0.0233234 0.0170615 0.00915781 0.0086642 0.0103027 0.0156418 0.0184801 0.0185328 0.0377184 0.0123661 0.0100968 0.00839529 0.00975983 0.0135125 0.0438797 0.0345548 0.0642627 0.0386797 0.015656 0.00939376 0.00924421 0.00975543 0.0146906 0.013529 0.00870511 0.00857197 0.0079919 
0.0155288 0.0110207 0.0106812 0.00929015 0.00930655 0.00897679 0.00917275 0.00886641 0.00913305 0.0122311 0.00980336 0.0129311 0.0328083 0.0155993 0.0200453 0.0186527 0.0124669 0.0170979 0.00966657 0.021725 0.0111623 0.0119617 0.152723 0.0906218 0.0103923 0.00849939 0.00801398 0.0096725 0.00845009 0.00331429 0.00387604 0.00325309 0.00321548 0.00317757 0.00314989 0 0.00316553 0.0084196 0.766517 0.0276234 0.0120297 0.00893926 0.00893441 0.00915176 0.00937778 0.0136481 0.0233365 0.0534187 0.0146235 0.0128634 0.0187073 0.0245237 0.0111142 0.00999408 0.00955689 0.0099238 0.0107231 0.0139459 0.0107472 0.0319513 0.0111663 0.00975819 0.012908 0.0167518 0.0117143 0.0205093 0.0155988 0.0198656 0.0207163 0.0097952 0.00983079 0.0113002 0.00964854 0.00947345 0.00968343 0.00844587 0.00825205 
0.0188704 0.0096866 0.00880692 0.00866462 0.00852716 0.00861782 0.00841431 0.00856046 0.00853492 0.00851958 0.0111654 0.0216441 0.0105109 0.0114376 0.0102854 0.0103479 0.0105292 0.00895789 0.00946961 0.00857132 0.0142262 0.021288 0.151081 0.00908514 0.00695371 0.006715 0.00680879 0.00810332 0.0089682 0.00815863 0.0034553 0.00328765 0.00322899 0.00318024 0.00319107 0.00316553 0 0.904731 0.0100622 0.00533112 0.00579071 0.00531337 0.00608273 0.00962487 0.00613668 0.0177832 0.0107099 0.010434 0.017189 0.0148591 0.0100717 0.010843 0.0115849 0.0122516 0.00839762 0.00856011 0.00924142 0.00884932 0.00932963 0.00906757 0.0141682 0.0118924 0.0157637 0.00888567 0.00918533 0.0094628 0.00956768 0.00956979 0.00932844 0.0120393 0.00994535 0.00828776 0.00840212 0.00834373 0.00829962 0.00870913 0.00848089 
0.0108016 0.010116 0.00949267 0.00948037 0.00932432 0.00908795 0.00922485 0.0095444 0.00885084 0.00937537 0.0194247 0.030984 0.0119886 0.0159356 0.0119049 0.0122231 0.0135793 0.0095076 0.0166911 0.00968199 0.0249743 0.0153535 0.0105736 0.00954348 0.00898098 0.00903024 0.0091947 0.00932275 0.0176125 0.0107767 0.00766312 0.00799186 0.00762042 0.00454072 0.00478358 0.0084196 0.904731 0 0.00322931 0.00317599 0.00322664 0.00319906 0.00319624 0.00334913 0.00469823 0.023983 0.01246 0.0100722 0.0269801 0.0134758 0.012037 0.0118046 0.0327748 0.0122688 0.00947085 0.00945482 0.0101763 0.00919201 0.0112394 0.00990803 0.0246804 0.0122268 0.010995 0.010025 0.0106857 0.0100762 0.011059 0.0102708 0.0105919 0.0281768 0.0125473 0.00865508 0.00878547 0.00895392 0.0086038 0.013961 0.0106305 
0.0125315 0.0114219 0.0138573 0.0104947 0.0104503 0.0100167 0.0107164 0.0102763 0.0100966 0.0123658 0.010468 0.0141576 0.0757444 0.0206747 0.0342458 0.0337288 0.0159134 0.0327864 0.0105452 0.0453534 0.0103475 0.00944384 0.0126303 0.013246 0.0113419 0.0140085 0.0144333 0.0225076 0.0208387 0.0100185 0.0127763 0.0109318 0.0119198 0.00934416 0.0378413 0.766517 0.0100622 0.00322931 0 0.00321732 0.00323809 0.00323294 0.00361034 0.00373065 0.00367671 0.0308778 0.0368918 0.0416857 0.0109864 0.0152755 0.0248443 0.048113 0.010751 0.0110006 0.0110816 0.0155401 0.0154284 0.0252645 0.012554 0.0454066 0.0104709 0.00900646 0.0103835 0.0256608 0.0194066 0.0385638 0.0266507 0.0259189 0.0314645 0.011003 0.00949401 0.0136011 0.0115103 0.0107296 0.0136051 0.00880461 0.00849053 
0.0115226 0.0161417 0.0212653 0.0167715 0.0146343 0.0154008 0.01367 0.014396 0.0172355 0.0114845 0.0096917 0.0176324 0.0312475 0.0976598 0.0568953 0.0675967 0.0567713 0.0261553 0.0435767 0.0117563 0.0122081 0.00852991 0.00995022 0.0116282 0.016585 0.0189847 0.032807 0.0238407 0.0119032 0.009022 0.0109299 0.0208032 0.0151645 0.0584529 0.347487 0.0276234 0.00533112 0.00317599 0.00321732 0 0.00324439 0.00318755 0.00323562 0.00317678 0.00325991 0.0166747 0.0483341 0.0153036 0.0215138 0.0203516 0.0544488 0.0180039 0.0116481 0.0096545 0.0147135 0.0237957 0.0345151 0.0319683 0.0756442 0.0168355 0.0125582 0.00887917 0.0112797 0.0252278 0.0832591 0.0597074 0.10898 0.081559 0.0205381 0.0113536 0.011278 0.0129854 0.0268088 0.0275833 0.0100142 0.00910356 0.00821685 
0.0118946 0.0148625 0.0205285 0.0162038 0.0172393 0.012798 0.0128011 0.0165265 0.0135767 0.0125901 0.00986724 0.0142809 0.0333395 0.0652746 0.0747868 0.0642677 0.0601367 0.0364725 0.0255365 0.0198029 0.0124288 0.00872627 0.0097147 0.0119467 0.0162128 0.0274342 0.0313626 0.0253319 0.0121819 0.00961414 0.0130607 0.0245576 0.0883056 0.246797 0.0830823 0.0120297 0.00579071 0.00322664 0.00323809 0.00324439 0 0.00319066 0.00318043 0.00318333 0.00343234 0.0231929 0.0189019 0.0258472 0.0370002 0.0522286 0.0194105 0.0212162 0.0110139 0.0102143 0.0134373 0.0236639 0.0266441 0.0518059 0.0418633 0.023752 0.0145157 0.00895846 0.0109954 0.0247944 0.0600685 0.072486 0.11144 0.065692 0.0282959 0.0110366 0.0107748 0.0136269 0.0295426 0.0260364 0.010487 0.00927889 0.00839498 
0.0113466 0.0106223 0.0165901 0.0142495 0.0112523 0.0106739 0.0122769 0.011351 0.0107957 0.01008 0.00910189 0.01156 0.0264437 0.0366912 0.0569758 0.0578501 0.0280113 0.0365091 0.016146 0.014025 0.0101627 0.00835025 0.00987368 0.00917968 0.0176612 0.0192002 0.0218409 0.0140411 0.010875 0.00875575 0.0120004 0.0632562 0.248206 0.0557172 0.0132792 0.00893926 0.00531337 0.00319906 0.00323294 0.00318755 0.00319066 0 0.00317396 0.00316919 0.00322576 0.011005 0.0155408 0.0291464 0.473557 0.0139615 0.0147027 0.0133 0.0106755 0.00991844 0.00992363 0.0168788 0.0272613 0.0294073 0.0259091 0.0209527 0.0115211 0.0086324 0.0109179 0.0188761 0.031117 0.0879737 0.0556771 0.0482796 0.0226156 0.0107036 0.00924995 0.0142877 0.018943 0.0147802 0.010917 0.00877056 0.00813588 
0.0101578 0.0106249 0.0161001 0.0110945 0.0102909 0.0103978 0.010114 0.0100701 0.0106367 0.00975873 0.00894044 0.0116109 0.0183729 0.0501018 0.0345015 0.0424269 0.0331567 0.0201579 0.0214439 0.0112523 0.0102256 0.00836834 0.00904523 0.0107176 0.0178862 0.0165745 0.0164329 0.0176074 0.0103616 0.0102688 0.0484873 0.254687 0.0630925 0.0204965 0.011352 0.00893441 0.00608273 0.00319624 0.00361034 0.00323562 0.00318043 0.00317396 0 0.00318715 0.00315817 0.0174836 0.0219287 0.549444 0.0241562 0.0108242 0.0126348 0.0146129 0.00904476 0.00901503 0.010877 0.0195329 0.0156542 0.0197323 0.0245122 0.0133355 0.0103232 0.00865408 0.00999186 0.0140825 0.0491872 0.0351911 0.0417561 0.0375212 0.015035 0.00958082 0.00998555 0.0100518 0.0132515 0.0143708 0.00934959 0.00853537 0.00802566 
0.0102257 0.0114332 0.00931398 0.00881605 0.00941033 0.0087789 0.00878345 0.00927097 0.00877717 0.00978395 0.00893634 0.0116315 0.0175163 0.0158884 0.0179246 0.0161373 0.014912 0.0119355 0.0118698 0.0116947 0.0106816 0.00940054 0.00996044 0.0180564 0.00949961 0.00997278 0.0122879 0.0184828 0.0152757 0.014887 0.238252 0.0400943 0.0140915 0.0090871 0.0083048 0.00915176 0.00962487 0.00334913 0.00373065 0.00317678 0.00318333 0.00316919 0.00318715 0 0.0032114 0.0146897 0.670564 0.0215876 0.0176061 0.00970208 0.0190145 0.0148864 0.00960465 0.00920671 0.0129398 0.00942745 0.0104645 0.0109095 0.0131157 0.0147019 0.0117971 0.00945662 0.0102082 0.0167732 0.0150938 0.0125169 0.0191612 0.0161048 0.0162743 0.0101467 0.00932727 0.00951608 0.00961243 0.00982966 0.00885323 0.00921485 0.0082391 
0.0378499 0.00934014 0.00938458 0.00913503 0.00886841 0.0089674 0.00922944 0.00883667 0.00898775 0.00872405 0.0096751 0.0221365 0.0138032 0.0106944 0.0116672 0.0128669 0.00941617 0.0128357 0.00865156 0.0131214 0.0102763 0.0145326 0.0626219 0.00908116 0.0088734 0.00938724 0.00951959 0.0106137 0.0148744 0.331812 0.0362581 0.0122905 0.00954318 0.00733006 0.00672429 0.00937778 0.00613668 0.00469823 0.00367671 0.00325991 0.00343234 0.00322576 0.00315817 0.0032114 0 0.525559 0.00881599 0.0142524 0.0104314 0.0218111 0.00873098 0.00943578 0.00993147 0.0381958 0.00894059 0.00888909 0.0102787 0.0103751 0.00894469 0.0107498 0.0133318 0.0145868 0.0314033 0.0112005 0.00950659 0.0128026 0.0102599 0.0108511 0.0105112 0.0107809 0.00990277 0.0104286 0.00907958 0.00844699 0.0100734 0.00843592 0.00960637 
0.00982372 0.00953037 0.00918487 0.00913411 0.0087096 0.00867211 0.00893379 0.00878912 0.00882242 0.00892029 0.0154095 0.0172399 0.0125838 0.012222 0.0126615 0.0118389 0.0112305 0.0101914 0.0104172 0.0105195 0.0198199 0.0132661 0.0111817 0.0101315 0.0101226 0.0126345 0.0131315 0.0139762 0.0332013 0.0235703 0.0221802 0.0184146 0.0212949 0.0134585 0.0129405 0.0136481 0.0177832 0.023983 0.0308778 0.0166747 0.0231929 0.011005 0.0174836 0.0146897 0.525559 0 0.0031972 0.00321013 0.00323228 0.00340212 0.00361247 0.00430421 0.0177754 0.0335422 0.0126473 0.0105625 0.011049 0.0111364 0.0114231 0.0128897 0.0244651 0.015014 0.0135692 0.0126645 0.0123873 0.0205043 0.0139521 0.0125813 0.0123104 0.0265785 0.0131116 0.0098881 0.00961484 0.00964773 0.00916073 0.0151644 0.0118846 
0.00919688 0.00980515 0.0101857 0.00894468 0.00915602 0.00884294 0.00875513 0.00915831 0.00888545 0.0101857 0.00902888 0.0107049 0.0219094 0.0287296 0.0223882 0.0190449 0.0203775 0.0127673 0.0155824 0.0134158 0.0101673 0.00862708 0.00904297 0.0126198 0.0123133 0.0171515 0.020975 0.0300583 0.0125572 0.0120147 0.0350705 0.0492544 0.0309773 0.0259203 0.0293422 0.0233365 0.0107099 0.01246 0.0368918 0.0483341 0.0189019 0.0155408 0.0219287 0.670564 0.00881599 0.0031972 0 0.00317905 0.00316206 0.00324809 0.00342568 0.0193649 0.00441223 0.0113541 0.0212997 0.0142983 0.0143595 0.0140096 0.0199313 0.0202088 0.011771 0.00913458 0.0103436 0.0189812 0.0350266 0.0238747 0.0305593 0.0265514 0.0232649 0.0115327 0.0101127 0.0118516 0.0148797 0.0136075 0.0104966 0.00991692 0.00829923 
0.0107356 0.00957833 0.00964359 0.00896945 0.00900344 0.00872567 0.0087868 0.00876245 0.00907704 0.00988416 0.00876462 0.0104364 0.0289235 0.0150919 0.0223725 0.0225621 0.0135145 0.0215855 0.0104616 0.0210224 0.00927172 0.00860248 0.00989992 0.01053 0.0119643 0.0121516 0.0223987 0.0358518 0.0122821 0.0123136 0.0206676 0.0261987 0.0306036 0.0216026 0.0219752 0.0534187 0.010434 0.0100722 0.0416857 0.0153036 0.0258472 0.0291464 0.549444 0.0215876 0.0142524 0.00321013 0.00317905 0 0.0031601 0.00317419 0.00371976 0.00334492 0.00372746 0.0123563 0.0111418 0.0133647 0.0130551 0.0207723 0.0140833 0.0517383 0.0125531 0.00970774 0.0103074 0.0226175 0.0165855 0.0327161 0.0238652 0.0367734 0.0408025 0.0111929 0.00923801 0.0176618 0.0117254 0.0119436 0.0141938 0.00907743 0.00849409 
