1G0UK
TTTLAFRFQGGIIVAVDSRATAGNWVASQTVKKVIEINPFLLGTMAGGAADCQFWETWLGSQCRLHELREKERISVAAASKILSNLVYQYKGAGLSMGTMICGYTRKEGPTIYYVDSDGTRLKGDIFCVGSGQTFAYGVLDSNYKWDLSVEDALYLGKRSILAAAHRDAYSGGSVNLYHVTEDGWIYHGNHDVGELFWKVKEEEGSFNNVIG
CCEEEEEECCEEEEEECCCEEECCEEEECCCCCEEEEECCEEEECCECHHHHHHHHHHHHHHHHHHHHHHCCCCCHHHHHHHHHHHHHHCCCCCCCEEEEEEEEECCCEEEEEEEECCCEEEEECEEEECCCHHHHHHHHHHHCCCCCCHHHHHHHHHHHHHHHHHHECCCCCEEEEEEEECCEEEEEEEEEHHHHHHHHHHHHCCCCCCCC
0 0 0 0 0 0 0 0 0 0 0 0 0 0 0 0 0 0 0 0 0 0 0 0 0 0 0 0 0 0 0 0 0 0 0 0 0 0 0 0 0 0 0 0 0 0 0 0 0 0 0 0 0 0 0 0 0 0 0 0 0 0 0 0 0 0 0 0 0 0 0 0 0 0 0 0 0 0 0 0 0 0 0 0 0 0 0 0 0 0 0 0 0 0 0 0 0 0 0 0 0 0 0 0 0 0 0 0 0 0 0 0 0 0 0 0 0 0 0 0 0 0 0 0 0 0 0 0 0 0 0 0 0 0 0 0 0 0 0 0 0 0 0 0 0 0 0 0 0 0 0 0 0 0 0 0 0 0 0 0 0 0 0 0 0 0 0 0 0 0 0 0 0 0 0 0 0 0 0 0 0 0 0 0 0 0 0 0 0 0 0 0 0 0 0 0 0 0 0 0 0 0 0 0 0 0 0 0 0 0 0 0 
0 0 0 0 0 0 0 0 0 0 0 0 0 0 0 0 0 0 0 0 0 0 0 0 0 0 0 0 0 0 0 0 0 0 0 0 0 0 0 0 0 0 0 0 0 0 0 0 0 0 0 0 0 0 0 0 0 0 0 0 0 0 0 0 0 0 0 0 0 0 0 0 0 0 0 0 0 0 0 0 0 0 0 0 0 0 0 0 0 0 0 0 0 0 0 0 0 0 0 0 0 0 0 0 0 0 0 0 0 0 0 0 0 0 0 0 0 0 0 0 0 0 0 0 0 0 0 0 0 0 0 0 0 0 0 0 0 0 0 0 0 0 0 0 0 0 0 0 0 0 0 0 0 0 0 0 0 0 0 0 0 0 0 0 0 0 0 0 0 0 0 0 0 0 0 0 0 0 0 0 0 0 0 0 0 0 0 0 0 0 0 0 0 0 0 0 0 0 0 0 0 0 0 0 0 0 0 0 0 0 0 0 
0 0.00326623 0.00329085 0.00323595 0.00358227 0.00463817 0.00690322 0.00809811 0.00876015 0.008888 0.0269297 0.91832 0.0153244 0.0115288 0.0250787 0.0195689 0.0137814 0.0141887 0.0323759 0.0556427 0.0141171 0.0148007 0.0116982 0.0341251 0.0229386 0.0131721 0.0115149 0.0253942 0.0190329 0.010702 0.00909543 0.0096149 0.00922237 0.0100531 0.0104886 0.00922664 0.00883602 0.0117325 0.00826582 0.00830654 0.00877067 0.00864502 0.00923413 0.00932116 0.00938467 0.0108878 0.00909058 0.00818443 0.00835679 0.00905793 0.00897965 0.00870742 0.00867701 0.00916001 0.0110422 0.00808635 0.00838312 0.00818028 0.00829667 0.0082215 0.00834923 0.00837767 0.00822505 0.00879367 0.00820923 0.00795274 0.00799034 0.00796418 0.00793367 0.00791525 0.0078584 0.00798956 0.00815314 
0.00326623 0 0.00322435 0.00323473 0.0032007 0.00337098 0.00417467 0.00735127 0.00845991 0.0194563 0.933783 0.0306993 0.010139 0.0123453 0.00987556 0.0115023 0.0347501 0.0305257 0.0128785 0.0207337 0.0683895 0.0131042 0.0429688 0.00950896 0.0191091 0.0249743 0.0368691 0.0134321 0.0104718 0.00975046 0.0134293 0.0150785 0.0198702 0.0189396 0.0186175 0.0131694 0.0108548 0.00855176 0.00818474 0.00948827 0.00976194 0.0152191 0.0126623 0.0135583 0.0124962 0.00867506 0.00855724 0.00874343 0.00941855 0.00862152 0.00930377 0.00912625 0.0107821 0.0118485 0.00898138 0.00803675 0.00823098 0.00891665 0.00908156 0.00997864 0.00921469 0.00941129 0.00868425 0.00815414 0.00807417 0.00823273 0.00824392 0.00824283 0.0082706 0.00816424 0.00812382 0.00831358 0.0080012 
0.00329085 0.00322435 0 0.00319882 0.0032041 0.00316451 0.00350851 0.00605774 0.0264761 0.916676 0.0412916 0.00810768 0.00848061 0.00865248 0.0088599 0.0106364 0.0226782 0.0165912 0.0222983 0.0145015 0.0127451 0.130907 0.00968738 0.0123213 0.011685 0.0394503 0.0208025 0.0144087 0.00920536 0.00900169 0.0126704 0.0281372 0.024831 0.0363214 0.0227462 0.0211765 0.00957937 0.0085277 0.00811153 0.00892901 0.018253 0.014022 0.0232479 0.0191092 0.0101139 0.00883518 0.00841439 0.00904151 0.00972767 0.00989573 0.00846571 0.00962468 0.0115531 0.0122243 0.00876339 0.00797692 0.00836632 0.0086754 0.0100533 0.00940542 0.0101642 0.00996203 0.00857082 0.00817858 0.00801586 0.00828853 0.00823743 0.00826129 0.00822178 0.00810625 0.00820404 0.00810855 0.00797683 
0.00323595 0.00323473 0.00319882 0 0.00316697 0.00328242 0.00389525 0.0209138 0.923707 0.0372988 0.0104007 0.00845625 0.00818974 0.00747939 0.00943661 0.0109076 0.0135018 0.0163032 0.0104094 0.00975262 0.0523382 0.0108625 0.0422426 0.00890458 0.015717 0.0159679 0.0238281 0.0121168 0.00863556 0.00968144 0.0108765 0.0173143 0.0231141 0.0241166 0.0195348 0.0136692 0.00976486 0.00858645 0.00815382 0.00983746 0.0104335 0.0210216 0.0138439 0.0147707 0.0117148 0.00861616 0.00842331 0.00873294 0.0135801 0.00835949 0.0106689 0.010049 0.0095518 0.0112144 0.00867658 0.00805343 0.0082435 0.00895447 0.00881699 0.00997154 0.00915362 0.00900051 0.00873342 0.00821261 0.00804738 0.00816153 0.00820742 0.00811997 0.00810877 0.00805829 0.00800165 0.00803264 0.00802747 
0.00358227 0.0032007 0.0032041 0.00316697 0 0.00316459 0.00548783 0.961079 0.0275233 0.00506722 0.0085986 0.00698032 0.00711685 0.00957835 0.0068895 0.00940274 0.0154855 0.0126061 0.0108335 0.0147352 0.0099141 0.0435577 0.00869843 0.0110757 0.0100059 0.025668 0.0180199 0.0130474 0.0101805 0.00842269 0.0095274 0.0110067 0.0101015 0.0112945 0.0103388 0.0103531 0.00929501 0.00813991 0.00808891 0.00840943 0.0100821 0.00898735 0.0105499 0.0102419 0.00865694 0.00834451 0.00891073 0.00926771 0.00846038 0.00956708 0.00793363 0.00836648 0.00899199 0.0100299 0.00848132 0.00791664 0.0082595 0.00820684 0.00894507 0.00856585 0.00877208 0.00877158 0.00817704 0.00794498 0.0078786 0.00804456 0.0080803 0.00804928 0.00799478 0.00797563 0.00786772 0.00799226 0.00798226 
0.00463817 0.00337098 0.00316451 0.00328242 0.00316459 0 0.944941 0.00762946 0.0036789 0.00369601 0.00443796 0.00707181 0.0157651 0.00609372 0.00689592 0.014719 0.00957584 0.0101889 0.0114431 0.0160493 0.016898 0.00842412 0.0160098 0.00872988 0.0221968 0.00973436 0.0122281 0.0155289 0.0123839 0.012962 0.00922898 0.00875163 0.00925637 0.00921082 0.00889406 0.00873944 0.00869326 0.00842201 0.00881454 0.0085658 0.00834928 0.00883704 0.00887472 0.0087182 0.00878717 0.00861362 0.0101839 0.00814125 0.00890915 0.00796483 0.01213 0.00926298 0.00866038 0.00845937 0.0086532 0.00862197 0.00829549 0.00824766 0.0081667 0.00817147 0.00814377 0.00813379 0.00810864 0.00817113 0.00863696 0.00800674 0.00796505 0.00800698 0.00801929 0.0079191 0.00799454 0.00809721 0.0078988 
0.00690322 0.00417467 0.00350851 0.00389525 0.00548783 0.944941 0 0.00331672 0.00319939 0.00325368 0.00329423 0.00442367 0.00570986 0.00573743 0.0148604 0.00925209 0.0101229 0.0117846 0.0366787 0.0386669 0.0113022 0.0130548 0.00987887 0.0211238 0.0178554 0.0137657 0.0108102 0.0229703 0.02185 0.0115579 0.00906807 0.00981065 0.0098891 0.0109 0.00953863 0.00947398 0.00888196 0.010872 0.00855876 0.00833401 0.0091275 0.00876269 0.00931829 0.0095441 0.00934271 0.0112846 0.00860127 0.00827232 0.00832193 0.00915639 0.00866713 0.00921713 0.00872854 0.00895408 0.0108965 0.00819862 0.00841036 0.00824079 0.00837861 0.00843399 0.0084888 0.00849375 0.00820043 0.00851741 0.00814979 0.00801284 0.00801629 0.00801363 0.00798957 0.00792298 0.00793232 0.00793256 0.00810578 
0.00809811 0.00735127 0.00605774 0.0209138 0.961079 0.00762946 0.00331672 0 0.00323607 0.00325488 0.00337373 0.00434201 0.00635701 0.0115181 0.00933354 0.0136065 0.0233142 0.0335186 0.0162689 0.0236675 0.0471977 0.0148452 0.0334894 0.0140729 0.023196 0.0268632 0.0362835 0.0150968 0.0110189 0.0103314 0.0149141 0.0192103 0.023437 0.025304 0.0203255 0.014588 0.0113556 0.0093852 0.00826612 0.0101811 0.0116613 0.0152591 0.0168 0.0159341 0.0148561 0.00974645 0.0087403 0.00916424 0.00991849 0.00935785 0.00871838 0.00954856 0.0113772 0.0135175 0.00947004 0.00805389 0.00821436 0.00881039 0.00915755 0.00944301 0.00944789 0.00922187 0.00886793 0.00846785 0.00801978 0.00829124 0.00825776 0.00824147 0.0081882 0.00816303 0.00812229 0.00823754 0.008036 
0.00876015 0.00845991 0.0264761 0.923707 0.0275233 0.0036789 0.00319939 0.00323607 0 0.00322065 0.00324075 0.00332317 0.005073 0.00574241 0.00970532 0.0105045 0.0201554 0.0240975 0.0126156 0.0140413 0.0218887 0.0629494 0.0171572 0.010464 0.0236813 0.0406777 0.0277935 0.0158802 0.00924167 0.0103938 0.0148623 0.0485414 0.0602638 0.0669624 0.0461148 0.0327433 0.0110329 0.00876009 0.0083616 0.0106202 0.0213746 0.0329622 0.0333249 0.0326075 0.0138854 0.00918645 0.00880948 0.00960732 0.0120487 0.0093207 0.00941841 0.0149654 0.0158303 0.0140308 0.00955292 0.00807776 0.00848019 0.00909434 0.010923 0.0108402 0.0113457 0.0114447 0.00901588 0.00826734 0.00802659 0.00829505 0.00844424 0.00837946 0.00840953 0.00819429 0.00820099 0.00818827 0.00800277 
0.008888 0.0194563 0.916676 0.0372988 0.00506722 0.00369601 0.00325368 0.00325488 0.00322065 0 0.00326186 0.00320173 0.00431373 0.00690171 0.0109303 0.0181125 0.0165907 0.0137307 0.0114474 0.0141189 0.0355362 0.0442738 0.0200778 0.00959055 0.0189168 0.0571334 0.0435744 0.019682 0.0104149 0.0114562 0.0186919 0.049434 0.0627721 0.0801517 0.0556823 0.0368147 0.012493 0.00901856 0.00848672 0.0112252 0.0234809 0.0342565 0.0365308 0.0338234 0.015932 0.00931191 0.00895398 0.00991459 0.0159518 0.00980915 0.0100441 0.0131126 0.0141755 0.0169486 0.0100906 0.0080869 0.0088337 0.00945765 0.0106803 0.0120336 0.0119137 0.0115464 0.00895893 0.00838101 0.0081249 0.0083273 0.00836853 0.00837617 0.00831443 0.00817214 0.00811294 0.00813053 0.00802994 
0.0269297 0.933783 0.0412916 0.0104007 0.0085986 0.00443796 0.00329423 0.00337373 0.00324075 0.00326186 0 0.00338266 0.00606459 0.014866 0.0082133 0.0106704 0.0200354 0.0196076 0.0137531 0.0186136 0.0268178 0.0265026 0.0222391 0.0120717 0.0131939 0.042683 0.108127 0.041768 0.0122447 0.0108565 0.0180048 0.0235724 0.0250068 0.0314897 0.0262974 0.020278 0.0161705 0.00887147 0.00848183 0.010463 0.0134597 0.0159037 0.0170662 0.0180566 0.0180595 0.00953439 0.00984202 0.0102397 0.0103772 0.00987226 0.00893407 0.00934596 0.0124484 0.0189197 0.0098942 0.00819161 0.00879987 0.00929154 0.011164 0.0104278 0.0104377 0.0105569 0.00894721 0.00815186 0.00816387 0.00831946 0.00848926 0.00826028 0.00831598 0.00815954 0.00817063 0.00814071 0.00803855 
0.91832 0.0306993 0.00810768 0.00845625 0.00698032 0.00707181 0.00442367 0.00434201 0.00332317 0.00320173 0.00338266 0 0.0251465 0.00609366 0.00456659 0.0170762 0.0112249 0.0132815 0.0890415 0.0368797 0.0145177 0.0103327 0.0176328 0.0154581 0.0289732 0.0133133 0.0323636 0.108378 0.0262991 0.0161808 0.0109946 0.0118321 0.0123067 0.013703 0.0122865 0.0107147 0.0110931 0.0106967 0.0101384 0.00973487 0.00934263 0.0103389 0.010669 0.0103889 0.0110325 0.0114169 0.0136053 0.00895535 0.00908558 0.00833268 0.00962648 0.0113357 0.0100104 0.0106764 0.0120744 0.008729 0.00933659 0.00856257 0.0087336 0.00894037 0.0087576 0.00890694 0.00837271 0.008483 0.00846224 0.00812044 0.00797138 0.00801356 0.00799433 0.00792044 0.00796817 0.00795924 0.00799409 
0.0153244 0.010139 0.00848061 0.00818974 0.00711685 0.0157651 0.00570986 0.00635701 0.005073 0.00431373 0.00606459 0.0251465 0 0.00347704 0.00368209 0.0042283 0.00794123 0.294119 0.280248 0.0108468 0.00870347 0.00934582 0.0119809 0.0173465 0.0122884 0.00965768 0.0114147 0.02162 0.0153134 0.00914925 0.00863015 0.00893779 0.00879789 0.0086866 0.00861818 0.00874386 0.00850063 0.0108908 0.00802994 0.00836142 0.00836245 0.00855956 0.00859122 0.00857225 0.00862816 0.00971498 0.00826147 0.00805343 0.00825839 0.00833969 0.009499 0.0083191 0.00822092 0.00820455 0.00971094 0.00801222 0.00813261 0.00797667 0.00808158 0.00805005 0.00806638 0.00807598 0.00809997 0.00840312 0.00799749 0.0078486 0.00789637 0.00789104 0.00787512 0.00787412 0.0078224 0.00787741 0.00806201 
0.0115288 0.0123453 0.00865248 0.00747939 0.00957835 0.00609372 0.00573743 0.0115181 0.00574241 0.00690171 0.014866 0.00609366 0.00347704 0 0.00323691 0.00488567 0.770193 0.0143502 0.00467473 0.00800089 0.00896823 0.00915297 0.00928067 0.00765337 0.00989138 0.0130143 0.0134496 0.00908921 0.0103219 0.00832626 0.00865468 0.00826979 0.00836553 0.00842873 0.00822206 0.00827425 0.00854162 0.00805952 0.00801842 0.00822947 0.00812687 0.00816797 0.00822827 0.00834227 0.00831068 0.0080796 0.00848752 0.00829613 0.00801588 0.00837978 0.00790047 0.00799615 0.00827176 0.00871481 0.00805972 0.00790684 0.00812864 0.00803599 0.00807165 0.00802771 0.00803981 0.00811137 0.00796748 0.00793621 0.00797622 0.00806839 0.00795651 0.00793374 0.00790164 0.00789334 0.00788552 0.00787786 0.00790691 
0.0250787 0.00987556 0.0088599 0.00943661 0.0068895 0.00689592 0.0148604 0.00933354 0.00970532 0.0109303 0.0082133 0.00456659 0.00368209 0.00323691 0 0.940764 0.00832428 0.00336993 0.00374851 0.0107894 0.00855422 0.00793571 0.0135135 0.0087563 0.0164731 0.010907 0.00968337 0.0113479 0.0132805 0.0102173 0.00853459 0.00824102 0.00842451 0.00869302 0.00814421 0.00826784 0.00814611 0.00832117 0.00870179 0.00821104 0.00819209 0.00824432 0.00821684 0.00822115 0.00809474 0.00821439 0.0103664 0.00815198 0.00807925 0.00788712 0.00817833 0.00852468 0.00823997 0.00798037 0.00850224 0.00817019 0.00838517 0.00804532 0.00801826 0.00802041 0.00802472 0.00802381 0.00789949 0.00799819 0.008292 0.0080452 0.00789995 0.00792805 0.00786634 0.00784752 0.00785246 0.00784825 0.00784418 
0.0195689 0.0115023 0.0106364 0.0109076 0.00940274 0.014719 0.00925209 0.0136065 0.0105045 0.0181125 0.0106704 0.0170762 0.0042283 0.00488567 0.940764 0 0.00322667 0.00319172 0.003676 0.00856882 0.00786323 0.0211292 0.0350898 0.0397419 0.0107584 0.00859791 0.0100182 0.0365321 0.0167664 0.0107606 0.00854792 0.00938053 0.00942038 0.0095473 0.00927056 0.00915116 0.00924065 0.0122996 0.00831705 0.00835511 0.00856124 0.0089274 0.00911335 0.00925926 0.00940774 0.0109535 0.00861448 0.00831162 0.0082973 0.00893843 0.00931633 0.00869736 0.00847898 0.00878911 0.0112091 0.00820432 0.00805506 0.00808652 0.00822544 0.00833015 0.00837087 0.00829876 0.00816767 0.00849934 0.00792944 0.0079017 0.00794083 0.00788988 0.00790027 0.00783134 0.00782925 0.00786073 0.00806526 
0.0137814 0.0347501 0.0226782 0.0135018 0.0154855 0.00957584 0.0101229 0.0233142 0.0201554 0.0165907 0.0200354 0.0112249 0.00794123 0.770193 0.00832428 0.00322667 0 0.0031923 0.00325703 0.00615441 0.0237487 0.0426271 0.0398339 0.00761239 0.0101402 0.0213488 0.0332595 0.0121781 0.0102522 0.0101436 0.0148739 0.0167076 0.0168954 0.0174976 0.0158423 0.0136888 0.0106299 0.00865215 0.00820128 0.009444 0.0115917 0.0124115 0.0136508 0.0141753 0.01171 0.00905031 0.00826681 0.00891168 0.0099253 0.00894034 0.0085143 0.00893768 0.0108459 0.0121921 0.0090251 0.00797547 0.00808155 0.00847213 0.008804 0.0090611 0.00890207 0.00887028 0.0083798 0.00806895 0.00787049 0.00810526 0.00809126 0.00812471 0.00797957 0.00798551 0.00793377 0.00800822 0.00792856 
0.0141887 0.0305257 0.0165912 0.0163032 0.0126061 0.0101889 0.0117846 0.0335186 0.0240975 0.0137307 0.0196076 0.0132815 0.294119 0.0143502 0.00336993 0.00319172 0.0031923 0 0.00319574 0.025484 0.0558348 0.0234586 0.00847699 0.00612283 0.00864608 0.023384 0.0244456 0.0134759 0.00987455 0.0121758 0.0158645 0.0184891 0.0176505 0.024064 0.0185842 0.0172446 0.0145166 0.00881922 0.00834609 0.0105345 0.011058 0.0148233 0.0155369 0.0183348 0.0173633 0.00924003 0.00915469 0.00993195 0.00969862 0.00945637 0.00858124 0.00918745 0.0114775 0.0180419 0.00951969 0.00823872 0.00850433 0.00901497 0.00928991 0.0100023 0.00965337 0.00958131 0.0086893 0.00802661 0.00790191 0.00818286 0.00825523 0.008154 0.00807652 0.00804217 0.00800701 0.00804497 0.00794673 
0.0323759 0.0128785 0.0222983 0.0104094 0.0108335 0.0114431 0.0366787 0.0162689 0.0126156 0.0114474 0.0137531 0.0890415 0.280248 0.00467473 0.00374851 0.003676 0.00325703 0.00319574 0 0.0422998 0.00917418 0.00590232 0.00532226 0.00622183 0.0208327 0.010102 0.01174 0.0246431 0.0381927 0.0184687 0.00992851 0.0103504 0.0109399 0.0113404 0.0112748 0.00963607 0.00960228 0.00991376 0.0105757 0.00883897 0.00934734 0.0096448 0.00980531 0.00973321 0.00927586 0.0111079 0.0141367 0.0089731 0.00861126 0.00836798 0.00854555 0.0101875 0.00925756 0.00967235 0.0109649 0.00868979 0.00924479 0.00822259 0.00843971 0.00844284 0.00841165 0.00850942 0.00814262 0.00825588 0.00840376 0.00820834 0.00798948 0.00801274 0.00794372 0.00793108 0.00793025 0.00798651 0.00797008 
0.0556427 0.0207337 0.0145015 0.00975262 0.0147352 0.0160493 0.0386669 0.0236675 0.0140413 0.0141189 0.0186136 0.0368797 0.0108468 0.00800089 0.0107894 0.00856882 0.00615441 0.025484 0.0422998 0 0.0032186 0.00319087 0.00324757 0.00478404 0.00453042 0.00588516 0.00803038 0.916913 0.0187632 0.0233498 0.0101239 0.0126349 0.0108447 0.0117177 0.0103603 0.0100662 0.00960567 0.0143795 0.00917118 0.00890916 0.00947521 0.00945439 0.0105188 0.0102539 0.0104753 0.0137247 0.00969535 0.00874399 0.00858264 0.0101269 0.0100379 0.00936008 0.00928327 0.00936996 0.0126419 0.00837652 0.00842766 0.0082821 0.00837546 0.00843769 0.00858973 0.00852476 0.00827736 0.00924327 0.00807732 0.00790971 0.00798556 0.00790567 0.00789864 0.00785733 0.00783094 0.00791583 0.00836027 
0.0141171 0.0683895 0.0127451 0.0523382 0.0099141 0.016898 0.0113022 0.0471977 0.0218887 0.0355362 0.0268178 0.0145177 0.00870347 0.00896823 0.00855422 0.00786323 0.0237487 0.0558348 0.00917418 0.0032186 0 0.0031726 0.00324904 0.00319982 0.00448241 0.0046931 0.864172 0.036181 0.00639279 0.0132287 0.0194207 0.0198298 0.0277111 0.0209889 0.0200882 0.0139135 0.0130339 0.00895073 0.00864509 0.0112178 0.0100777 0.0217745 0.0150885 0.0162849 0.0152069 0.0089305 0.00880587 0.00890762 0.0132072 0.00882259 0.012065 0.00983625 0.0126782 0.0124927 0.00960973 0.0080511 0.00829849 0.0101409 0.00905668 0.011192 0.0101999 0.00954218 0.00907537 0.00824172 0.00809575 0.00818663 0.00821652 0.00814432 0.0081931 0.00801569 0.00804592 0.00813372 0.00796952 
0.0148007 0.0131042 0.130907 0.0108625 0.0435577 0.00842412 0.0130548 0.0148452 0.0629494 0.0442738 0.0265026 0.0103327 0.00934582 0.00915297 0.00793571 0.0211292 0.0426271 0.0234586 0.00590232 0.00319087 0.0031726 0 0.00314525 0.00317634 0.00371481 0.831086 0.0334291 0.0139567 0.00571354 0.00996879 0.0153408 0.0414401 0.0271702 0.0403905 0.0249389 0.0292935 0.0103516 0.0085616 0.00837615 0.00916672 0.0300119 0.0135613 0.0302426 0.0296242 0.0103054 0.00917867 0.0085158 0.0112642 0.00951389 0.0137592 0.00829864 0.0106916 0.0141917 0.0139413 0.00880247 0.00802831 0.00861082 0.00852579 0.0137477 0.00961022 0.0107695 0.0118432 0.0085348 0.00813932 0.00808305 0.00831121 0.00826571 0.00835904 0.00822557 0.00816818 0.00817071 0.00810277 0.00808017 
0.0116982 0.0429688 0.00968738 0.0422426 0.00869843 0.0160098 0.00987887 0.0334894 0.0171572 0.0200778 0.0222391 0.0176328 0.0119809 0.00928067 0.0135135 0.0350898 0.0398339 0.00847699 0.00532226 0.00324757 0.00324904 0.00314525 0 0.00317142 0.0888975 0.0470592 0.00523072 0.00496629 0.00515138 0.0127516 0.0166132 0.0118098 0.0140407 0.0164827 0.0141997 0.0112784 0.0126759 0.008619 0.00843772 0.012064 0.00888953 0.0158382 0.0106236 0.0107589 0.0181897 0.00857231 0.00982563 0.00882578 0.0105247 0.00832835 0.00971404 0.00909807 0.0105373 0.0122593 0.00877481 0.00805264 0.00821465 0.00888376 0.00843999 0.0093007 0.00888918 0.00860667 0.00865561 0.00808489 0.00799383 0.00803513 0.00817053 0.00804112 0.00795109 0.00797753 0.00790897 0.00791044 0.00784058 
0.0341251 0.00950896 0.0123213 0.00890458 0.0110757 0.00872988 0.0211238 0.0140729 0.010464 0.00959055 0.0120717 0.0154581 0.0173465 0.00765337 0.0087563 0.0397419 0.00761239 0.00612283 0.00622183 0.00478404 0.00319982 0.00317634 0.00317142 0 0.892103 0.00353434 0.00335686 0.00481051 0.00694645 0.0116358 0.00903878 0.00938715 0.0092242 0.00950425 0.0088754 0.00904475 0.00852345 0.00867815 0.00984793 0.00839176 0.00922698 0.00880559 0.00891016 0.00916634 0.00839097 0.00955199 0.0117688 0.00875625 0.00826802 0.00825914 0.00812484 0.00935832 0.0084692 0.00851929 0.00909003 0.00829278 0.00869959 0.00795235 0.00833875 0.0081086 0.00809325 0.00810783 0.00806502 0.00798004 0.00810887 0.00797828 0.00790016 0.0079022 0.00787846 0.00788444 0.00786125 0.00787673 0.00786186 
0.0229386 0.0191091 0.011685 0.015717 0.0100059 0.0221968 0.0178554 0.023196 0.0236813 0.0189168 0.0131939 0.0289732 0.0122884 0.00989138 0.0164731 0.0107584 0.0101402 0.00864608 0.0208327 0.00453042 0.00448241 0.00371481 0.0888975 0.892103 0 0.00322386 0.00320938 0.00336949 0.00567988 0.0563549 0.0130773 0.0117789 0.0117746 0.0111921 0.0113985 0.00981367 0.0101975 0.0134328 0.00900895 0.00903838 0.00922441 0.01026 0.0104492 0.0103475 0.0110563 0.0122023 0.00952844 0.00867773 0.00894252 0.0093919 0.0113061 0.00948413 0.00962994 0.0094968 0.0135548 0.00824585 0.00817542 0.00840783 0.00842739 0.00873489 0.00878052 0.00872009 0.00863862 0.00919702 0.00797205 0.00795366 0.00795544 0.00794947 0.00790682 0.00787643 0.007868 0.00793762 0.00825018 
0.0131721 0.0249743 0.0394503 0.0159679 0.025668 0.00973436 0.0137657 0.0268632 0.0406777 0.0571334 0.042683 0.0133133 0.00965768 0.0130143 0.010907 0.00859791 0.0213488 0.023384 0.010102 0.00588516 0.0046931 0.831086 0.0470592 0.00353434 0.00322386 0 0.00316425 0.00320412 0.0121528 0.0132317 0.0322703 0.0224949 0.0251127 0.0238067 0.0213292 0.0194542 0.0131902 0.00889681 0.00839262 0.00985291 0.0162621 0.0134773 0.02046 0.0218964 0.0151371 0.0101021 0.00855748 0.00976855 0.0106819 0.0104226 0.00864128 0.00932256 0.0149748 0.0173587 0.00971175 0.00806 0.00827077 0.0086354 0.00997396 0.00927584 0.0098846 0.00968002 0.00865234 0.00813906 0.00804338 0.00823449 0.00817874 0.00814101 0.00807199 0.00802134 0.00794998 0.0080823 0.00793287 
0.0115149 0.0368691 0.0208025 0.0238281 0.0180199 0.0122281 0.0108102 0.0362835 0.0277935 0.0435744 0.108127 0.0323636 0.0114147 0.0134496 0.00968337 0.0100182 0.0332595 0.0244456 0.01174 0.00803038 0.864172 0.0334291 0.00523072 0.00335686 0.00320938 0.00316425 0 0.00369179 0.00353389 0.0198477 0.0305594 0.0325279 0.025817 0.0448767 0.0256024 0.0254181 0.0214506 0.00944119 0.00857443 0.0121985 0.0136437 0.0186247 0.020385 0.0238885 0.0302816 0.0104037 0.00932575 0.0110529 0.0115322 0.00989117 0.00921801 0.00988629 0.014666 0.030332 0.0103418 0.00828577 0.00832831 0.00941785 0.00946435 0.0103783 0.009867 0.0100421 0.00927087 0.00823084 0.0080767 0.00816668 0.00840402 0.00814841 0.00816562 0.00804768 0.0080654 0.00799648 0.00793831 
0.0253942 0.0134321 0.0144087 0.0121168 0.0130474 0.0155289 0.0229703 0.0150968 0.0158802 0.019682 0.041768 0.108378 0.02162 0.00908921 0.0113479 0.0365321 0.0121781 0.0134759 0.0246431 0.916913 0.036181 0.0139567 0.00496629 0.00481051 0.00336949 0.00320412 0.00369179 0 0.00937206 0.0175598 0.0158919 0.0146307 0.0178768 0.0167778 0.0185472 0.0135279 0.0144647 0.0131686 0.0108629 0.00966741 0.0111926 0.0110597 0.0137258 0.0118384 0.0124895 0.0221404 0.0153157 0.00942597 0.00888957 0.00963785 0.00915038 0.0115928 0.0100829 0.012377 0.0195372 0.00913293 0.009512 0.00832155 0.00892879 0.00851531 0.00865886 0.00872489 0.00873503 0.00890681 0.00849961 0.0080656 0.00796139 0.00795599 0.00789248 0.00789207 0.00788479 0.00791068 0.00793753 
0.0190329 0.0104718 0.00920536 0.00863556 0.0101805 0.0123839 0.02185 0.0110189 0.00924167 0.0104149 0.0122447 0.0262991 0.0153134 0.0103219 0.0132805 0.0167664 0.0102522 0.00987455 0.0381927 0.0187632 0.00639279 0.00571354 0.00515138 0.00694645 0.00567988 0.0121528 0.00353389 0.00937206 0 0.0297192 0.00945907 0.0102978 0.00957754 0.0112621 0.00922678 0.00982752 0.00960785 0.0156549 0.0108768 0.00867509 0.00877558 0.00851776 0.00972634 0.00863067 0.00907442 0.011889 0.0145002 0.00879507 0.00809939 0.0088452 0.00836662 0.0091916 0.00848638 0.0087006 0.0105219 0.0103553 0.0090657 0.00785298 0.00789559 0.00787935 0.00789854 0.00791288 0.00790903 0.00867038 0.00863965 0.00783646 0.00779173 0.0078401 0.00780955 0.00777647 0.0077771 0.00784925 0.00850953 
0.010702 0.00975046 0.00900169 0.00968144 0.00842269 0.012962 0.0115579 0.0103314 0.0103938 0.0114562 0.0108565 0.0161808 0.00914925 0.00832626 0.0102173 0.0107606 0.0101436 0.0121758 0.0184687 0.0233498 0.0132287 0.00996879 0.0127516 0.0116358 0.0563549 0.0132317 0.0198477 0.0175598 0.0297192 0 0.0031947 0.00320138 0.00321869 0.00322077 0.00322524 0.00329868 0.00412166 0.00760005 0.00573405 0.00649262 0.00780903 0.0082072 0.00931206 0.0098279 0.0133274 0.0477757 0.0306742 0.00988089 0.0105068 0.0102386 0.0173482 0.0116178 0.0133373 0.012757 0.0203055 0.00928258 0.00910529 0.0095151 0.00900542 0.00959573 0.00938733 0.00931237 0.00953 0.0120691 0.00839273 0.00799738 0.00808317 0.00803133 0.00801954 0.00795266 0.00793982 0.00807795 0.00890681 
0.00909543 0.0134293 0.0126704 0.0108765 0.0095274 0.00922898 0.00906807 0.0149141 0.0148623 0.0186919 0.0180048 0.0109946 0.00863015 0.00865468 0.00853459 0.00854792 0.0148739 0.0158645 0.00992851 0.0101239 0.0194207 0.0153408 0.0166132 0.00903878 0.0130773 0.0322703 0.0305594 0.0158919 0.00945907 0.0031947 0 0.00316998 0.00317479 0.00317217 0.00315289 0.00344312 0.00706972 0.00383799 0.00510734 0.00714584 0.011002 0.00936565 0.00979121 0.0221936 0.0458691 0.723335 0.00943048 0.0125633 0.00977392 0.0148525 0.00936914 0.00995253 0.0200027 0.0306435 0.0117221 0.00898472 0.00872338 0.0123717 0.0125456 0.0155257 0.0143839 0.0153299 0.0132316 0.00958982 0.00815415 0.00874013 0.00841047 0.00826542 0.00822814 0.0081291 0.00818863 0.0083964 0.00820492 
0.0096149 0.0150785 0.0281372 0.0173143 0.0110067 0.00875163 0.00981065 0.0192103 0.0485414 0.049434 0.0235724 0.0118321 0.00893779 0.00826979 0.00824102 0.00938053 0.0167076 0.0184891 0.0103504 0.0126349 0.0198298 0.0414401 0.0118098 0.00938715 0.0117789 0.0224949 0.0325279 0.0146307 0.0102978 0.00320138 0.00316998 0 0.00317144 0.00320172 0.00318991 0.00346081 0.00326662 0.00336264 0.00588449 0.00626438 0.00973737 0.00899566 0.0162008 0.0422362 0.858604 0.0116215 0.00888299 0.0110789 0.0146683 0.0114531 0.00961165 0.0114961 0.0249162 0.0182248 0.0125764 0.00871458 0.00995381 0.0143528 0.0396468 0.0273509 0.038608 0.036443 0.0163204 0.00908177 0.00841921 0.00871622 0.00990489 0.00910911 0.00895272 0.00900581 0.00887638 0.00832606 0.00827244 
0.00922237 0.0198702 0.024831 0.0231141 0.0101015 0.00925637 0.0098891 0.023437 0.0602638 0.0627721 0.0250068 0.0123067 0.00879789 0.00836553 0.00842451 0.00942038 0.0168954 0.0176505 0.0109399 0.0108447 0.0277111 0.0271702 0.0140407 0.0092242 0.0117746 0.0251127 0.025817 0.0178768 0.00957754 0.00321869 0.00317479 0.00317144 0 0.00315883 0.00322749 0.0032404 0.00314214 0.00328037 0.00473063 0.00716328 0.00789119 0.0144311 0.0271505 0.945317 0.01665 0.00943398 0.00911924 0.0128819 0.0132651 0.0105868 0.00959749 0.0153257 0.0265005 0.027856 0.0117066 0.00882597 0.00954723 0.0209684 0.0297373 0.0498708 0.043532 0.0430762 0.0140156 0.00935783 0.00846387 0.00902451 0.00998717 0.0098109 0.00945474 0.00881733 0.00855568 0.0084021 0.00831776 
0.0100531 0.0189396 0.0363214 0.0241166 0.0112945 0.00921082 0.0109 0.025304 0.0669624 0.0801517 0.0314897 0.013703 0.0086866 0.00842873 0.00869302 0.0095473 0.0174976 0.024064 0.0113404 0.0117177 0.0209889 0.0403905 0.0164827 0.00950425 0.0111921 0.0238067 0.0448767 0.0167778 0.0112621 0.00322077 0.00317217 0.00320172 0.00315883 0 0.00316244 0.00317798 0.00316846 0.00320785 0.00397744 0.00550951 0.00955495 0.0297766 0.930298 0.036205 0.0116386 0.00796262 0.00951569 0.0111032 0.0140829 0.0115864 0.0104748 0.0126239 0.0224183 0.0358486 0.0160154 0.00937178 0.0108593 0.0190022 0.0541322 0.0571112 0.0587891 0.0517336 0.0197598 0.0097286 0.00862807 0.00944651 0.0113369 0.0101922 0.0104472 0.00897359 0.00888347 0.00856617 0.00838779 
0.0104886 0.0186175 0.0227462 0.0195348 0.0103388 0.00889406 0.00953863 0.0203255 0.0461148 0.0556823 0.0262974 0.0122865 0.00861818 0.00822206 0.00814421 0.00927056 0.0158423 0.0185842 0.0112748 0.0103603 0.0200882 0.0249389 0.0141997 0.0088754 0.0113985 0.0213292 0.0256024 0.0185472 0.00922678 0.00322524 0.00315289 0.00318991 0.00322749 0.00316244 0 0.00315218 0.00316326 0.00314961 0.0033849 0.00534764 0.0136713 0.931687 0.0177842 0.0131373 0.0087866 0.00903999 0.00853761 0.0102073 0.0117273 0.0143292 0.00893487 0.0107654 0.0191889 0.0249476 0.01344 0.00891157 0.00991064 0.0184155 0.0341658 0.0458784 0.0390618 0.0415183 0.0155862 0.00926352 0.00841021 0.00896792 0.0101001 0.0107154 0.00914801 0.00893159 0.00873816 0.0086656 0.00824457 
0.00922664 0.0131694 0.0211765 0.0136692 0.0103531 0.00873944 0.00947398 0.014588 0.0327433 0.0368147 0.020278 0.0107147 0.00874386 0.00827425 0.00826784 0.00915116 0.0136888 0.0172446 0.00963607 0.0100662 0.0139135 0.0292935 0.0112784 0.00904475 0.00981367 0.0194542 0.0254181 0.0135279 0.00982752 0.00329868 0.00344312 0.00346081 0.0032404 0.00317798 0.00315218 0 0.00314335 0.00319756 0.00387665 0.00736907 0.964561 0.0146874 0.0154881 0.0140267 0.0137372 0.00705545 0.00780253 0.0108958 0.0124612 0.01037 0.00926957 0.0102963 0.0215265 0.0256325 0.0137855 0.00870467 0.00994445 0.0154797 0.0385262 0.0227663 0.0338996 0.031844 0.0138863 0.00901249 0.00853611 0.00924944 0.0110365 0.00903378 0.00896409 0.00882512 0.00864414 0.00839903 0.00828993 
0.00883602 0.0108548 0.00957937 0.00976486 0.00929501 0.00869326 0.00888196 0.0113556 0.0110329 0.012493 0.0161705 0.0110931 0.00850063 0.00854162 0.00814611 0.00924065 0.0106299 0.0145166 0.00960228 0.00960567 0.0130339 0.0103516 0.0126759 0.00852345 0.0101975 0.0131902 0.0214506 0.0144647 0.00960785 0.00412166 0.00706972 0.00326662 0.00314214 0.00316846 0.00316326 0.00314335 0 0.00329493 0.00598099 0.983604 0.00540118 0.0106439 0.00883906 0.011645 0.0106305 0.0068009 0.00864099 0.0155356 0.00952479 0.00914464 0.00813988 0.00974522 0.0176011 0.0457401 0.0176964 0.00959268 0.0102165 0.012349 0.0112597 0.0131045 0.0127266 0.0133333 0.0128616 0.00891324 0.00839742 0.00885867 0.00846594 0.00845154 0.00827524 0.00824951 0.00815648 0.00836772 0.00810409 
0.0117325 0.00855176 0.0085277 0.00858645 0.00813991 0.00842201 0.010872 0.0093852 0.00876009 0.00901856 0.00887147 0.0106967 0.0108908 0.00805952 0.00832117 0.0122996 0.00865215 0.00881922 0.00991376 0.0143795 0.00895073 0.0085616 0.008619 0.00867815 0.0134328 0.00889681 0.00944119 0.0131686 0.0156549 0.00760005 0.00383799 0.00336264 0.00328037 0.00320785 0.00314961 0.00319756 0.00329493 0 0.987423 0.00416309 0.00448052 0.00373489 0.00478478 0.00525782 0.00620861 0.00682889 0.0185619 0.00877301 0.00755956 0.00767442 0.00790842 0.012825 0.00993843 0.00995568 0.0220382 0.00999243 0.0132974 0.00881461 0.00912124 0.00885614 0.00906396 0.00891793 0.00879672 0.00919908 0.0122519 0.00846592 0.00824116 0.00809768 0.00818685 0.00804969 0.00810099 0.00810835 0.00808653 
0.00826582 0.00818474 0.00811153 0.00815382 0.00808891 0.00881454 0.00855876 0.00826612 0.0083616 0.00848672 0.00848183 0.0101384 0.00802994 0.00801842 0.00870179 0.00831705 0.00820128 0.00834609 0.0105757 0.00917118 0.00864509 0.00837615 0.00843772 0.00984793 0.00900895 0.00839262 0.00857443 0.0108629 0.0108768 0.00573405 0.00510734 0.00588449 0.00473063 0.00397744 0.0033849 0.00387665 0.00598099 0.987423 0 0.00337911 0.00316117 0.00318181 0.003176 0.00319649 0.0032922 0.00456839 0.00547218 0.00611233 0.00605697 0.00654439 0.0112937 0.00706702 0.00899674 0.0250464 0.0253453 0.00930652 0.0089015 0.00867737 0.00881732 0.00851411 0.00893634 0.00866725 0.00888007 0.0111604 0.00808909 0.00795235 0.00797169 0.00789026 0.00782665 0.00781666 0.00778494 0.00787353 0.00867782 
0.00830654 0.00948827 0.00892901 0.00983746 0.00840943 0.0085658 0.00833401 0.0101811 0.0106202 0.0112252 0.010463 0.00973487 0.00836142 0.00822947 0.00821104 0.00835511 0.009444 0.0105345 0.00883897 0.00890916 0.0112178 0.00916672 0.012064 0.00839176 0.00903838 0.00985291 0.0121985 0.00966741 0.00867509 0.00649262 0.00714584 0.00626438 0.00716328 0.00550951 0.00534764 0.00736907 0.983604 0.00416309 0.00337911 0 0.00315961 0.00315162 0.00316897 0.00318185 0.00410561 0.00328785 0.00543979 0.00642751 0.00713467 0.00731707 0.00693608 0.00802342 0.0302147 0.0256029 0.00979414 0.00863028 0.00856816 0.0142314 0.0096051 0.0135821 0.011239 0.0112974 0.0132893 0.00878825 0.00818739 0.00837344 0.00840987 0.00815949 0.00833529 0.00800907 0.0081765 0.00837125 0.00801481 
0.00877067 0.00976194 0.018253 0.0104335 0.0100821 0.00834928 0.0091275 0.0116613 0.0213746 0.0234809 0.0134597 0.00934263 0.00836245 0.00812687 0.00819209 0.00856124 0.0115917 0.011058 0.00934734 0.00947521 0.0100777 0.0300119 0.00888953 0.00922698 0.00922441 0.0162621 0.0136437 0.0111926 0.00877558 0.00780903 0.011002 0.00973737 0.00789119 0.00955495 0.0136713 0.964561 0.00540118 0.00448052 0.00316117 0.00315961 0 0.0031578 0.00315055 0.0031868 0.00318059 0.00332491 0.00506464 0.00957986 0.00621692 0.00924083 0.00776458 0.0440608 0.0242967 0.0124369 0.0113598 0.00868575 0.00994967 0.0103581 0.043053 0.0141082 0.0289498 0.0330816 0.0100023 0.00961745 0.00830669 0.00873264 0.0089687 0.00893973 0.00853692 0.00878099 0.00865744 0.00826684 0.00850874 
0.00864502 0.0152191 0.014022 0.0210216 0.00898735 0.00883704 0.00876269 0.0152591 0.0329622 0.0342565 0.0159037 0.0103389 0.00855956 0.00816797 0.00824432 0.0089274 0.0124115 0.0148233 0.0096448 0.00945439 0.0217745 0.0135613 0.0158382 0.00880559 0.01026 0.0134773 0.0186247 0.0110597 0.00851776 0.0082072 0.00936565 0.00899566 0.0144311 0.0297766 0.931687 0.0146874 0.0106439 0.00373489 0.00318181 0.00315162 0.0031578 0 0.00317238 0.00316535 0.00318237 0.00320547 0.00443786 0.0059799 0.0124131 0.00826611 0.806812 0.0130904 0.0105468 0.0179692 0.0101141 0.00939861 0.009421 0.0238448 0.0192076 0.0623797 0.0420356 0.0281408 0.0181956 0.00925069 0.0088152 0.00879784 0.0100476 0.00930792 0.00970954 0.00887972 0.00876569 0.00871825 0.00828304 
0.00923413 0.0126623 0.0232479 0.0138439 0.0105499 0.00887472 0.00931829 0.0168 0.0333249 0.0365308 0.0170662 0.010669 0.00859122 0.00822827 0.00821684 0.00911335 0.0136508 0.0155369 0.00980531 0.0105188 0.0150885 0.0302426 0.0106236 0.00891016 0.0104492 0.02046 0.020385 0.0137258 0.00972634 0.00931206 0.00979121 0.0162008 0.0271505 0.930298 0.0177842 0.0154881 0.00883906 0.00478478 0.003176 0.00316897 0.00315055 0.00317238 0 0.00331002 0.00316673 0.00320898 0.00490478 0.0144416 0.00943417 0.885782 0.0157456 0.00773004 0.0128098 0.0132499 0.013149 0.0093275 0.0123226 0.0163896 0.0603948 0.0419858 0.0565452 0.0411591 0.0156228 0.00964867 0.00855041 0.00971323 0.00994962 0.01049 0.00967725 0.00920948 0.00906109 0.00855878 0.00854399 
0.00932116 0.0135583 0.0191092 0.0147707 0.0102419 0.0087182 0.0095441 0.0159341 0.0326075 0.0338234 0.0180566 0.0103889 0.00857225 0.00834227 0.00822115 0.00925926 0.0141753 0.0183348 0.00973321 0.0102539 0.0162849 0.0296242 0.0107589 0.00916634 0.0103475 0.0218964 0.0238885 0.0118384 0.00863067 0.0098279 0.0221936 0.0422362 0.945317 0.036205 0.0131373 0.0140267 0.011645 0.00525782 0.00319649 0.00318185 0.0031868 0.00316535 0.00331002 0 0.00315688 0.0031742 0.00424719 0.0149829 0.946801 0.0119677 0.00644455 0.00891235 0.0141952 0.0197753 0.0104193 0.00956596 0.011268 0.019173 0.0595122 0.0394661 0.0406841 0.0567881 0.0177539 0.00989559 0.00891382 0.0093994 0.0107783 0.0100093 0.00952903 0.00915995 0.00904818 0.00866261 0.00857512 
0.00938467 0.0124962 0.0101139 0.0117148 0.00865694 0.00878717 0.00934271 0.0148561 0.0138854 0.015932 0.0180595 0.0110325 0.00862816 0.00831068 0.00809474 0.00940774 0.01171 0.0173633 0.00927586 0.0104753 0.0152069 0.0103054 0.0181897 0.00839097 0.0110563 0.0151371 0.0302816 0.0124895 0.00907442 0.0133274 0.0458691 0.858604 0.01665 0.0116386 0.0087866 0.0137372 0.0106305 0.00620861 0.0032922 0.00410561 0.00318059 0.00318237 0.00316673 0.00315688 0 0.00318844 0.00595008 0.983402 0.00862625 0.00499697 0.00510906 0.00690418 0.0151168 0.0140119 0.0100855 0.0120865 0.0115058 0.027726 0.0125598 0.0249123 0.0182236 0.0163001 0.027774 0.00923609 0.00907285 0.0092446 0.00892622 0.00853138 0.00859679 0.00839771 0.00836569 0.00862921 0.00821654 
0.0108878 0.00867506 0.00883518 0.00861616 0.00834451 0.00861362 0.0112846 0.00974645 0.00918645 0.00931191 0.00953439 0.0114169 0.00971498 0.0080796 0.00821439 0.0109535 0.00905031 0.00924003 0.0111079 0.0137247 0.0089305 0.00917867 0.00857231 0.00955199 0.0122023 0.0101021 0.0104037 0.0221404 0.011889 0.0477757 0.723335 0.0116215 0.00943398 0.00796262 0.00903999 0.00705545 0.0068009 0.00682889 0.00456839 0.00328785 0.00332491 0.00320547 0.00320898 0.0031742 0.00318844 0 0.974967 0.00941358 0.00336229 0.00349916 0.00410481 0.0111801 0.00803977 0.00791169 0.0155637 0.0116578 0.0191054 0.00933799 0.0115592 0.00955967 0.0110395 0.0104271 0.00939525 0.0137588 0.0112406 0.00867192 0.00831883 0.00831308 0.00827055 0.00815811 0.00809285 0.00820413 0.00838069 
0.00909058 0.00855724 0.00841439 0.00842331 0.00891073 0.0101839 0.00860127 0.0087403 0.00880948 0.00895398 0.00984202 0.0136053 0.00826147 0.00848752 0.0103664 0.00861448 0.00826681 0.00915469 0.0141367 0.00969535 0.00880587 0.0085158 0.00982563 0.0117688 0.00952844 0.00855748 0.00932575 0.0153157 0.0145002 0.0306742 0.00943048 0.00888299 0.00911924 0.00951569 0.00853761 0.00780253 0.00864099 0.0185619 0.00547218 0.00543979 0.00506464 0.00443786 0.00490478 0.00424719 0.00595008 0.974967 0 0.00341113 0.00322765 0.00335159 0.00347101 0.00334065 0.00422034 0.00492926 0.0471713 0.0110268 0.0104781 0.00985431 0.00928625 0.0101302 0.00955009 0.00974925 0.0111452 0.017558 0.0085513 0.00820226 0.00820798 0.00814592 0.00821668 0.00808646 0.00803857 0.00846257 0.0120481 
0.00818443 0.00874343 0.00904151 0.00873294 0.00926771 0.00814125 0.00827232 0.00916424 0.00960732 0.00991459 0.0102397 0.00895535 0.00805343 0.00829613 0.00815198 0.00831162 0.00891168 0.00993195 0.0089731 0.00874399 0.00890762 0.0112642 0.00882578 0.00875625 0.00867773 0.00976855 0.0110529 0.00942597 0.00879507 0.00988089 0.0125633 0.0110789 0.0128819 0.0111032 0.0102073 0.0108958 0.0155356 0.00877301 0.00611233 0.00642751 0.00957986 0.0059799 0.0144416 0.0149829 0.983402 0.00941358 0.00341113 0 0.00317836 0.00331063 0.00343685 0.00324295 0.00443438 0.0408099 0.0212166 0.00908301 0.00979627 0.0104811 0.0191023 0.0100623 0.0138847 0.0154731 0.0115439 0.0101805 0.00827296 0.00856788 0.0085193 0.00847271 0.00816912 0.00826037 0.00820376 0.0086147 0.00827078 
0.00835679 0.00941855 0.00972767 0.0135801 0.00846038 0.00890915 0.00832193 0.00991849 0.0120487 0.0159518 0.0103772 0.00908558 0.00825839 0.00801588 0.00807925 0.0082973 0.0099253 0.00969862 0.00861126 0.00858264 0.0132072 0.00951389 0.0105247 0.00826802 0.00894252 0.0106819 0.0115322 0.00888957 0.00809939 0.0105068 0.00977392 0.0146683 0.0132651 0.0140829 0.0117273 0.0124612 0.00952479 0.00755956 0.00605697 0.00713467 0.00621692 0.0124131 0.00943417 0.946801 0.00862625 0.00336229 0.00322765 0.00317836 0 0.00315436 0.0032457 0.00346284 0.0276307 0.0279827 0.00422851 0.00961006 0.00884279 0.0184039 0.0111379 0.0329483 0.0161414 0.0154993 0.0137639 0.0087232 0.00857307 0.00864105 0.00950567 0.00869729 0.00938066 0.00845287 0.00878023 0.00838051 0.00810917 
0.00905793 0.00862152 0.00989573 0.00835949 0.00956708 0.00796483 0.00915639 0.00935785 0.0093207 0.00980915 0.00987226 0.00833268 0.00833969 0.00837978 0.00788712 0.00893843 0.00894034 0.00945637 0.00836798 0.0101269 0.00882259 0.0137592 0.00832835 0.00825914 0.0093919 0.0104226 0.00989117 0.00963785 0.0088452 0.0102386 0.0148525 0.0114531 0.0105868 0.0115864 0.0143292 0.01037 0.00914464 0.00767442 0.00654439 0.00731707 0.00924083 0.00826611 0.885782 0.0119677 0.00499697 0.00349916 0.00335159 0.00331063 0.00315436 0 0.00319637 0.00331964 0.00915453 0.00358131 0.0035412 0.0103816 0.0134374 0.00950897 0.0218421 0.00939097 0.0130542 0.0155473 0.00985944 0.00892876 0.00894363 0.01021 0.00842036 0.00844894 0.00825927 0.00832258 0.00820125 0.00821249 0.00837594 
0.00897965 0.00930377 0.00846571 0.0106689 0.00793363 0.01213 0.00866713 0.00871838 0.00941841 0.0100441 0.00893407 0.00962648 0.009499 0.00790047 0.00817833 0.00931633 0.0085143 0.00858124 0.00854555 0.0100379 0.012065 0.00829864 0.00971404 0.00812484 0.0113061 0.00864128 0.00921801 0.00915038 0.00836662 0.0173482 0.00936914 0.00961165 0.00959749 0.0104748 0.00893487 0.00926957 0.00813988 0.00790842 0.0112937 0.00693608 0.00776458 0.806812 0.0157456 0.00644455 0.00510906 0.00410481 0.00347101 0.00343685 0.0032457 0.00319637 0 0.014509 0.00344739 0.00321899 0.00334278 0.0109597 0.010423 0.013067 0.00906782 0.0157501 0.0109763 0.00995838 0.00988893 0.00974028 0.0141587 0.00817484 0.0084962 0.00829019 0.00888616 0.00824499 0.00847515 0.00828009 0.00798176 
