1GGVA
MLTEGISIQSYDGHTFGALVGSPAKAPAPVIVIAQEIFGVNAFMRETVSWLVDQGYAAVCPDLYARQAPGTALDPQDEAQREQAYKLWQAFDMEAGVGDLEAAIRYARHQPYSNGKVGLVGYXLGGALAFLVAAKGYVDRAVGYYGVGLEKQLNKVPEVKHPALFHMGGQDHFVPAPSRQLITEGFGANPLLQVHWYEEAGHSFARTSSSGYVASAAALANERTLDFLAPLQ
CCCCCCCEECCCCCEECEEEECCCCCCEEEEEEECCCCECCHHHHHHHHHHHHCCCEEEEECHHHHCCCCCECCCCCHHHHHHHHHHHHHCCHHHHHHHHHHHHHHHHCCCCEEEEEEEEEECHHHHHHHHHHHHCCCCEEEEECCCCHHHHHHHHHHCCCCEEEEEECCCCCCCHHHHHHHHHHHHHCCCEEEEEECCCCCCCCCCCCCCCCHHHHHHHHHHHHHHHHHHC
0 0 0 0 0 0 0 0 0 0 0 0 0 0 0 0 0 0 0 0 0 0 0 0 0 0 0 0 0 0 0 0 0 0 0 0 0 0 0 0 0 0 0 0 0 0 0 0 0 0 0 0 0 0 0 0 0 0 0 0 0 0 0 0 0 0 0 0 0 0 0 0 0 0 0 0 0 0 0 0 0 0 0 0 0 0 0 0 0 0 0 0 0 0 0 0 0 0 0 0 0 0 0 0 0 0 0 0 0 0 0 0 0 0 0 0 0 0 0 0 0 0 0 0 0 0 0 0 0 0 0 0 0 0 0 0 0 0 0 0 0 0 0 0 0 0 0 0 0 0 0 0 0 0 0 0 0 0 0 0 0 0 0 0 0 0 0 0 0 0 0 0 0 0 0 0 0 0 0 0 0 0 0 0 0 0 0 0 0 0 0 0 0 0 0 0 0 0 0 0 0 0 0 0 0 0 0 0 0 0 0 0 0 0 0 0 0 0 0 0 0 0 0 0 0 0 0 0 0 0 0 0 
0 0 0 0 0 0 0 0 0 0 0 0 0 0 0 0 0 0 0 0 0 0 0 0 0 0 0 0 0 0 0 0 0 0 0 0 0 0 0 0 0 0 0 0 0 0 0 0 0 0 0 0 0 0 0 0 0 0 0 0 0 0 0 0 0 0 0 0 0 0 0 0 0 0 0 0 0 0 0 0 0 0 0 0 0 0 0 0 0 0 0 0 0 0 0 0 0 0 0 0 0 0 0 0 0 0 0 0 0 0 0 0 0 0 0 0 0 0 0 0 0 0 0 0 0 0 0 0 0 0 0 0 0 0 0 0 0 0 0 0 0 0 0 0 0 0 0 0 0 0 0 0 0 0 0 0 0 0 0 0 0 0 0 0 0 0 0 0 0 0 0 0 0 0 0 0 0 0 0 0 0 0 0 0 0 0 0 0 0 0 0 0 0 0 0 0 0 0 0 0 0 0 0 0 0 0 0 0 0 0 0 0 0 0 0 0 0 0 0 0 0 0 0 0 0 0 0 0 0 0 0 0 
0 0.00336237 0.00583086 0.833942 0.00789947 0.0156748 0.0110317 0.0324852 0.00996389 0.0102096 0.00983264 0.0116296 0.0125199 0.0135383 0.0189422 0.0187689 0.0123127 0.012202 0.00957384 0.00971494 0.0184338 0.0114062 0.00819978 0.00799769 0.00815962 0.00790079 0.00846893 0.00826932 0.00840971 0.00831771 0.00873748 0.00945344 0.00849934 0.00810482 0.00833499 0.00824133 0.00828795 0.00819958 0.00822303 0.00818087 0.00800435 0.00799558 0.00813637 0.00886754 0.00802056 0.00819949 0.00799182 0.00810857 0.00823065 
0.00336237 0 0.959111 0.00614846 0.0116152 0.0111224 0.018616 0.00888143 0.0123037 0.00950789 0.00963203 0.0100576 0.0113333 0.0186343 0.0148441 0.0192932 0.0168365 0.00969255 0.00924446 0.00992675 0.0104285 0.0137395 0.00852492 0.00794831 0.00779181 0.00797409 0.00787765 0.008108 0.00806786 0.00802057 0.00821101 0.00871102 0.00846145 0.00815743 0.00800227 0.0080322 0.00809726 0.00824882 0.00804386 0.00803937 0.00803478 0.00791521 0.00797122 0.00799691 0.0079963 0.00796493 0.00794456 0.00796304 0.00791735 
0.00583086 0.959111 0 0.00372056 0.00324631 0.00476895 0.00387405 0.00692113 0.00714344 0.00780365 0.00787042 0.00972703 0.00988389 0.015248 0.0221839 0.0241198 0.0135169 0.010295 0.00939484 0.00970174 0.0134788 0.0169928 0.00805786 0.00786354 0.00782499 0.00798989 0.00788046 0.00815083 0.00815361 0.00803217 0.00830585 0.00954357 0.0081648 0.0080403 0.00811002 0.0080881 0.00822591 0.00802751 0.00805011 0.00803441 0.0079809 0.00805245 0.00804802 0.00786211 0.00798887 0.00795842 0.00793378 0.00800889 0.00808182 
0.833942 0.00614846 0.00372056 0 0.00547684 0.00349203 0.0034272 0.00365645 0.0071001 0.00691925 0.0101306 0.0136564 0.0140263 0.0156439 0.0155947 0.0149514 0.0146021 0.014451 0.0103466 0.010754 0.0153704 0.0103177 0.00830114 0.00789647 0.00806724 0.00793033 0.00836884 0.00867096 0.0090883 0.0084953 0.00878115 0.0099892 0.00908167 0.00818045 0.00831947 0.00830819 0.00832511 0.00845485 0.00817253 0.008248 0.00817916 0.00801152 0.00808545 0.00854043 0.00794829 0.0081061 0.00801482 0.00807454 0.008042 
0.00789947 0.0116152 0.00324631 0.00547684 0 0.00336916 0.00321036 0.00334147 0.00618237 0.00866908 0.028257 0.0507324 0.0258137 0.0186184 0.026497 0.0146904 0.0221836 0.0169687 0.0243777 0.0122073 0.0270998 0.0108219 0.00840197 0.00815664 0.00862757 0.00899039 0.0102849 0.0136569 0.0143109 0.0120389 0.010058 0.0156999 0.00909777 0.00881857 0.00977524 0.00963493 0.00954509 0.00891351 0.00889754 0.00955457 0.00913297 0.00827081 0.00884206 0.00838058 0.00804157 0.00834576 0.00836951 0.00852964 0.00852615 
0.0156748 0.0111224 0.00476895 0.00349203 0.00336916 0 0.00325121 0.00320176 0.0124414 0.0365026 0.0411164 0.0420834 0.0341011 0.03835 0.0135919 0.0109201 0.0149869 0.0683745 0.0350267 0.040147 0.0134678 0.00964226 0.00822377 0.00835227 0.00865768 0.00879218 0.00967693 0.0148736 0.0154563 0.0122781 0.0120531 0.00951984 0.00880958 0.0100014 0.0109725 0.00992501 0.0085645 0.0088812 0.00954565 0.0101013 0.00918071 0.00862945 0.00812577 0.00818165 0.00863377 0.00881581 0.00870518 0.00850925 0.00806198 
0.0110317 0.018616 0.00387405 0.0034272 0.00321036 0.00325121 0 0.0032568 0.0286154 0.0425106 0.0149564 0.019543 0.0276476 0.0293729 0.0150019 0.0125082 0.0167124 0.0250239 0.0525135 0.0221212 0.0127076 0.01036 0.00868265 0.00840475 0.00832214 0.00852041 0.0091489 0.0118382 0.0133129 0.0109609 0.0123245 0.0105409 0.00877038 0.0099315 0.00989804 0.00986068 0.00878048 0.00872862 0.00941831 0.00941273 0.00918195 0.00849233 0.00817277 0.00813769 0.00842152 0.00857149 0.00861044 0.00858418 0.00805933 
0.0324852 0.00888143 0.00692113 0.00365645 0.00334147 0.00320176 0.0032568 0 0.0409501 0.00998626 0.00942961 0.0136275 0.0100866 0.0106416 0.021199 0.0164761 0.0245795 0.0225182 0.0109736 0.012175 0.0174349 0.0140449 0.0111483 0.00827376 0.00835048 0.00820265 0.0089553 0.00926961 0.00993395 0.00927194 0.00950415 0.0114135 0.0110973 0.00876981 0.00876144 0.00869844 0.00918864 0.0100561 0.00841048 0.00852285 0.0083373 0.00812608 0.00823256 0.00876684 0.00801628 0.00830223 0.00820156 0.00807982 0.00800527 
0.00996389 0.0123037 0.00714344 0.0071001 0.00618237 0.0124414 0.0286154 0.0409501 0 0.00326707 0.00318933 0.00319519 0.00319324 0.00324654 0.00368197 0.00778649 0.0695659 0.0118303 0.0127586 0.00937978 0.0249715 0.0121868 0.00829259 0.00791505 0.00795871 0.00800622 0.00846747 0.00852588 0.0106889 0.00826684 0.00849921 0.0113298 0.00918735 0.00809768 0.00824934 0.00815607 0.00893677 0.00829533 0.00819066 0.0081738 0.00812434 0.00814578 0.00823679 0.00826885 0.00790077 0.00802596 0.00799304 0.0080132 0.00809871 
0.0102096 0.00950789 0.00780365 0.00691925 0.00866908 0.0365026 0.0425106 0.00998626 0.00326707 0 0.00316602 0.00317684 0.00316239 0.00314246 0.00329618 0.00687723 0.0250168 0.100329 0.014071 0.0206699 0.0105485 0.00952367 0.00824894 0.00834504 0.00843847 0.00890109 0.00936927 0.0128766 0.0122905 0.00984229 0.0107769 0.00906543 0.00854339 0.00938239 0.00974497 0.00908124 0.0084103 0.00851779 0.00877294 0.00918604 0.00905046 0.00850161 0.00809982 0.00803918 0.00837597 0.00839286 0.00852697 0.00846307 0.0079844 
0.00983264 0.00963203 0.00787042 0.0101306 0.028257 0.0411164 0.0149564 0.00942961 0.00318933 0.00316602 0 0.00319117 0.00320515 0.00323163 0.00327772 0.00693361 0.162559 0.0407779 0.185977 0.0149259 0.0182918 0.00906489 0.00881473 0.00894906 0.0110507 0.0125129 0.023174 0.0406517 0.0464453 0.0330449 0.0144833 0.0116302 0.0100748 0.0126385 0.021863 0.0124195 0.00950713 0.00917187 0.0125276 0.0147852 0.0140258 0.00947231 0.00849671 0.00831888 0.00862626 0.00961524 0.00982285 0.00906004 0.00836 
0.0116296 0.0100576 0.00972703 0.0136564 0.0507324 0.0420834 0.019543 0.0136275 0.00319519 0.00317684 0.00319117 0 0.00320857 0.00322632 0.0032187 0.00580953 0.0396333 0.405905 0.0857485 0.0795325 0.011918 0.00954327 0.00929331 0.00972452 0.0130437 0.0194043 0.0323374 0.0711767 0.0999309 0.0537868 0.0272026 0.0112095 0.0108946 0.0211508 0.0282879 0.0186068 0.00992998 0.00996134 0.0159431 0.0214801 0.0184944 0.00969519 0.008668 0.00854417 0.00892508 0.0106119 0.0108848 0.0097663 0.00837071 
0.0125199 0.0113333 0.00988389 0.0140263 0.0258137 0.0341011 0.0276476 0.0100866 0.00319324 0.00316239 0.00320515 0.00320857 0 0.00320622 0.00318393 0.00564712 0.0436137 0.081038 0.578183 0.0326817 0.0254301 0.00950642 0.00931369 0.00991273 0.0136111 0.0164206 0.0329228 0.0686848 0.0878579 0.0691914 0.0242371 0.0126059 0.0114109 0.0178994 0.0416453 0.0168859 0.0104554 0.0102689 0.0178881 0.0219481 0.0206992 0.0100437 0.00856196 0.00873634 0.00930863 0.0111213 0.0108984 0.0101549 0.00858866 
0.0135383 0.0186343 0.015248 0.0156439 0.0186184 0.03835 0.0293729 0.0106416 0.00324654 0.00314246 0.00323163 0.00322632 0.00320622 0 0.0032312 0.00814348 0.0255386 0.107058 0.0784514 0.338358 0.0185767 0.0124141 0.00922785 0.0101354 0.00970576 0.0104964 0.0135083 0.0272332 0.0385534 0.0259422 0.0396479 0.0134169 0.0101776 0.0154977 0.0183059 0.0200476 0.010873 0.0106711 0.0127243 0.0142653 0.0131279 0.0108361 0.00862733 0.00847041 0.00882544 0.00949746 0.00952339 0.00937947 0.00823906 
0.0189422 0.0148441 0.0221839 0.0155947 0.026497 0.0135919 0.0150019 0.021199 0.00368197 0.00329618 0.00327772 0.0032187 0.00318393 0.0032312 0 0.0246414 0.0452383 0.0184569 0.0525801 0.0374493 0.119529 0.0152074 0.0117615 0.00846544 0.00847201 0.00863146 0.00958046 0.0110246 0.0129739 0.0115181 0.0140023 0.0204698 0.0108264 0.00922771 0.00986847 0.00990742 0.0123806 0.0110463 0.00924301 0.00923439 0.00952824 0.00861067 0.00869075 0.00854469 0.0080893 0.00852115 0.00848606 0.00839336 0.00818833 
0.0187689 0.0192932 0.0241198 0.0149514 0.0146904 0.0109201 0.0125082 0.0164761 0.00778649 0.00687723 0.00693361 0.00580953 0.00564712 0.00814348 0.0246414 0 0.0304252 0.0159518 0.0137772 0.0208773 0.035839 0.155811 0.00990313 0.00815864 0.00810687 0.00815143 0.00835956 0.00884195 0.00866313 0.00854277 0.00923248 0.0163627 0.010166 0.00861582 0.0082132 0.00849961 0.0101587 0.0102206 0.00845114 0.00824547 0.00814715 0.00809103 0.00859601 0.00857136 0.00804415 0.00811459 0.00801123 0.00802491 0.00844273 
0.0123127 0.0168365 0.0135169 0.0146021 0.0221836 0.0149869 0.0167124 0.0245795 0.0695659 0.0250168 0.162559 0.0396333 0.0436137 0.0255386 0.0452383 0.0304252 0 0.00329029 0.00322336 0.00327338 0.0063162 0.0247527 0.0121526 0.00850892 0.00864183 0.0087594 0.0121957 0.0121531 0.0115057 0.0101522 0.0111228 0.0191213 0.016315 0.00934378 0.00961352 0.00914598 0.0128919 0.0106411 0.00890257 0.00908694 0.00866442 0.00930668 0.0101014 0.00853696 0.00806763 0.00828695 0.00830132 0.00866544 0.00889188 
0.012202 0.00969255 0.010295 0.014451 0.0169687 0.0683745 0.0250239 0.0225182 0.0118303 0.100329 0.0407779 0.405905 0.081038 0.107058 0.0184569 0.0159518 0.00329029 0 0.00321312 0.00322936 0.00320748 0.0103137 0.0127225 0.0123414 0.0114312 0.0146876 0.0174619 0.0379293 0.0411932 0.0243947 0.0279751 0.0115357 0.0123952 0.0275717 0.0197295 0.0221896 0.00955633 0.0124098 0.0165319 0.0156161 0.0150119 0.0100165 0.00852249 0.00857366 0.008914 0.00955914 0.010107 0.00951508 0.00826488 
0.00957384 0.00924446 0.00939484 0.0103466 0.0243777 0.0350267 0.0525135 0.0109736 0.0127586 0.014071 0.185977 0.0857485 0.578183 0.0784514 0.0525801 0.0137772 0.00322336 0.00321312 0 0.00315078 0.00315608 0.00764916 0.0123334 0.0105432 0.0148218 0.0172182 0.0253936 0.045585 0.0737669 0.0728416 0.0219286 0.0145154 0.0122686 0.0173897 0.0660386 0.0190248 0.0119517 0.0103627 0.0166021 0.0303357 0.0253341 0.0104635 0.00870296 0.00844869 0.00882316 0.0110116 0.0129016 0.00966051 0.0084725 
0.00971494 0.00992675 0.00970174 0.010754 0.0122073 0.040147 0.0221212 0.012175 0.00937978 0.0206699 0.0149259 0.0795325 0.0326817 0.338358 0.0374493 0.0208773 0.00327338 0.00322936 0.00315078 0 0.00319078 0.00974673 0.0101237 0.0104523 0.00923515 0.0100834 0.0105328 0.0188795 0.0303885 0.0168438 0.0343947 0.0122853 0.00954774 0.0159123 0.0141081 0.0204377 0.0102386 0.00949451 0.0144483 0.0122077 0.011798 0.0102688 0.00846619 0.00832436 0.00868097 0.00906811 0.0090075 0.00924474 0.00853017 
0.0184338 0.0104285 0.0134788 0.0153704 0.0270998 0.0134678 0.0127076 0.0174349 0.0249715 0.0105485 0.0182918 0.011918 0.0254301 0.0185767 0.119529 0.035839 0.0063162 0.00320748 0.00315608 0.00319078 0 0.0224946 0.0181241 0.00946969 0.00947871 0.00888273 0.0125423 0.0120584 0.0143653 0.0128733 0.01416 0.024241 0.0182613 0.00968661 0.0102035 0.0094944 0.0138023 0.0152531 0.00918998 0.00937426 0.00925337 0.00880461 0.00917341 0.0101697 0.00810175 0.00844258 0.00845413 0.00845739 0.00826407 
0.0114062 0.0137395 0.0169928 0.0103177 0.0108219 0.00964226 0.01036 0.0140449 0.0121868 0.00952367 0.00906489 0.00954327 0.00950642 0.0124141 0.0152074 0.155811 0.0247527 0.0103137 0.00764916 0.00974673 0.0224946 0 0.0199868 0.00928762 0.0085784 0.009417 0.00904844 0.00986417 0.00930241 0.0091393 0.010327 0.0223677 0.0120672 0.0091378 0.00828813 0.00871 0.0108796 0.0116946 0.00825068 0.00806732 0.00801402 0.00821991 0.00940511 0.00924604 0.00821206 0.00783426 0.00789863 0.00801607 0.00875067 
0.00819978 0.00852492 0.00805786 0.00830114 0.00840197 0.00822377 0.00868265 0.0111483 0.00829259 0.00824894 0.00881473 0.00929331 0.00931369 0.00922785 0.0117615 0.00990313 0.0121526 0.0127225 0.0123334 0.0101237 0.0181241 0.0199868 0 0.00368419 0.00318716 0.00334043 0.00345105 0.00333162 0.00355928 0.00421799 0.00418208 0.0155391 0.0155952 0.0103863 0.00974454 0.00984347 0.0192665 0.0107268 0.00893123 0.00933283 0.00872639 0.00924947 0.0114739 0.00845611 0.00800445 0.00839789 0.0082465 0.00905144 0.00956078 
0.00799769 0.00794831 0.00786354 0.00789647 0.00815664 0.00835227 0.00840475 0.00827376 0.00791505 0.00834504 0.00894906 0.00972452 0.00991273 0.0101354 0.00846544 0.00815864 0.00850892 0.0123414 0.0105432 0.0104523 0.00946969 0.00928762 0.00368419 0 0.0031432 0.00320744 0.00323668 0.00321084 0.00341727 0.00336763 0.00643138 0.00416043 0.0106239 0.012146 0.00991193 0.0128284 0.00860451 0.00903711 0.0103437 0.00917231 0.00984214 0.00916275 0.00848552 0.00811112 0.00834198 0.00829699 0.00889427 0.00868969 0.0082461 
0.00815962 0.00779181 0.00782499 0.00806724 0.00862757 0.00865768 0.00832214 0.00835048 0.00795871 0.00843847 0.0110507 0.0130437 0.0136111 0.00970576 0.00847201 0.00810687 0.00864183 0.0114312 0.0148218 0.00923515 0.00947871 0.0085784 0.00318716 0.0031432 0 0.00321309 0.00318041 0.00323099 0.00328082 0.00373061 0.0032281 0.00328937 0.0130556 0.0112937 0.0148609 0.00947324 0.00883444 0.0090569 0.00954977 0.0137054 0.00953405 0.0089019 0.00839489 0.00877559 0.00813817 0.0108426 0.00879224 0.00885595 0.00821727 
0.00790079 0.00797409 0.00798989 0.00793033 0.00899039 0.00879218 0.00852041 0.00820265 0.00800622 0.00890109 0.0125129 0.0194043 0.0164206 0.0104964 0.00863146 0.00815143 0.0087594 0.0146876 0.0172182 0.0100834 0.00888273 0.009417 0.00334043 0.00320744 0.00321309 0 0.00316698 0.0032139 0.00433116 0.00323768 0.00332188 0.00353137 0.0151557 0.0197803 0.0131399 0.0124535 0.00898102 0.00911165 0.0142064 0.0117188 0.0169573 0.00900591 0.00849768 0.00808828 0.010791 0.0084948 0.0149012 0.00895704 0.008225 
0.00846893 0.00787765 0.00788046 0.00836884 0.0102849 0.00967693 0.0091489 0.0089553 0.00846747 0.00936927 0.023174 0.0323374 0.0329228 0.0135083 0.00958046 0.00835956 0.0121957 0.0174619 0.0253936 0.0105328 0.0125423 0.00904844 0.00345105 0.00323668 0.00318041 0.00316698 0 0.00320927 0.00319809 0.00319202 0.00322759 0.00324336 0.0333606 0.0243121 0.0199547 0.0114552 0.0104384 0.013826 0.0135701 0.0330001 0.0124807 0.0114064 0.00916952 0.0109642 0.00843954 0.0253637 0.0101603 0.0105602 0.00873131 
0.00826932 0.008108 0.00815083 0.00867096 0.0136569 0.0148736 0.0118382 0.00926961 0.00852588 0.0128766 0.0406517 0.0711767 0.0686848 0.0272332 0.0110246 0.00884195 0.0121531 0.0379293 0.045585 0.0188795 0.0120584 0.00986417 0.00333162 0.00321084 0.00323099 0.0032139 0.00320927 0 0.00317579 0.00316943 0.00319697 0.00324385 0.231057 0.0372343 0.0529165 0.0239997 0.0137729 0.0129811 0.0528915 0.0318925 0.0597641 0.0123383 0.0101777 0.00891699 0.0235822 0.0127578 0.0451761 0.0129739 0.00925378 
0.00840971 0.00806786 0.00815361 0.0090883 0.0143109 0.0154563 0.0133129 0.00993395 0.0106889 0.0122905 0.0464453 0.0999309 0.0878579 0.0385534 0.0129739 0.00866313 0.0115057 0.0411932 0.0737669 0.0303885 0.0143653 0.00930241 0.00355928 0.00341727 0.00328082 0.00433116 0.00319809 0.00317579 0 0.00315829 0.00319344 0.0031964 0.0329577 0.378601 0.0493011 0.0647334 0.0167213 0.0146182 0.0315029 0.111081 0.0419882 0.025466 0.010206 0.00996333 0.0103443 0.0457661 0.0268021 0.0236723 0.00950563 
0.00831771 0.00802057 0.00803217 0.0084953 0.0120389 0.0122781 0.0109609 0.00927194 0.00826684 0.00984229 0.0330449 0.0537868 0.0691914 0.0259422 0.0115181 0.00854277 0.0101522 0.0243947 0.0728416 0.0168438 0.0128733 0.0091393 0.00421799 0.00336763 0.00373061 0.00323768 0.00319202 0.00316943 0.00315829 0 0.00316456 0.00315143 0.0296768 0.0285488 0.489225 0.0196121 0.0158688 0.011016 0.0292922 0.0477065 0.0667992 0.0121647 0.0101977 0.0087209 0.0114242 0.0192602 0.0324428 0.0123894 0.00912051 
0.00873748 0.00821101 0.00830585 0.00878115 0.010058 0.0120531 0.0123245 0.00950415 0.00849921 0.0107769 0.0144833 0.0272026 0.0242371 0.0396479 0.0140023 0.00923248 0.0111228 0.0279751 0.0219286 0.0343947 0.01416 0.010327 0.00418208 0.00643138 0.0032281 0.00332188 0.00322759 0.00319697 0.00319344 0.00316456 0 0.00323767 0.0157117 0.0744968 0.0240496 0.540976 0.0293356 0.0140224 0.0347216 0.0327459 0.02359 0.0362489 0.0112176 0.00936515 0.012775 0.0136558 0.0138103 0.0261732 0.00939433 
0.00945344 0.00871102 0.00954357 0.0099892 0.0156999 0.00951984 0.0105409 0.0114135 0.0113298 0.00906543 0.0116302 0.0112095 0.0126059 0.0134169 0.0204698 0.0163627 0.0191213 0.0115357 0.0145154 0.0122853 0.024241 0.0223677 0.0155391 0.00416043 0.00328937 0.00353137 0.00324336 0.00324385 0.0031964 0.00315143 0.00323767 0 0.0294902 0.0151299 0.0322522 0.0328755 0.467119 0.0318117 0.0152422 0.0131443 0.0141679 0.0127763 0.0268213 0.0177623 0.00957228 0.00986189 0.0100923 0.0115054 0.0133409 
0.00849934 0.00846145 0.0081648 0.00908167 0.00909777 0.00880958 0.00877038 0.0110973 0.00918735 0.00854339 0.0100748 0.0108946 0.0114109 0.0101776 0.0108264 0.010166 0.016315 0.0123952 0.0122686 0.00954774 0.0182613 0.0120672 0.0155952 0.0106239 0.0130556 0.0151557 0.0333606 0.231057 0.0329577 0.0296768 0.0157117 0.0294902 0 0.00325137 0.00319567 0.00323354 0.00398635 0.186792 0.0415477 0.0132039 0.0129864 0.011586 0.0193888 0.0264463 0.0106633 0.0122318 0.010785 0.0113601 0.0157795 
0.00810482 0.00815743 0.0080403 0.00818045 0.00881857 0.0100014 0.0099315 0.00876981 0.00809768 0.00938239 0.0126385 0.0211508 0.0178994 0.0154977 0.00922771 0.00861582 0.00934378 0.0275717 0.0173897 0.0159123 0.00968661 0.0091378 0.0103863 0.012146 0.0112937 0.0197803 0.0243121 0.0372343 0.378601 0.0285488 0.0744968 0.0151299 0.00325137 0 0.00316861 0.00320531 0.0032497 0.373377 0.130571 0.0509126 0.0296857 0.0250407 0.0110859 0.0108056 0.024852 0.0183549 0.020737 0.022959 0.00954932 
0.00833499 0.00800227 0.00811002 0.00831947 0.00977524 0.0109725 0.00989804 0.00876144 0.00824934 0.00974497 0.021863 0.0282879 0.0416453 0.0183059 0.00986847 0.0082132 0.00961352 0.0197295 0.0660386 0.0141081 0.0102035 0.00828813 0.00974454 0.00991193 0.0148609 0.0131399 0.0199547 0.0529165 0.0493011 0.489225 0.0240496 0.0322522 0.00319567 0.00316861 0 0.00316881 0.00316419 0.0255987 0.291229 0.108729 0.150326 0.0230128 0.0104594 0.00989615 0.0124525 0.0466994 0.0423909 0.017184 0.00968135 
0.00824133 0.0080322 0.0080881 0.00830819 0.00963493 0.00992501 0.00986068 0.00869844 0.00815607 0.00908124 0.0124195 0.0186068 0.0168859 0.0200476 0.00990742 0.00849961 0.00914598 0.0221896 0.0190248 0.0204377 0.0094944 0.00871 0.00984347 0.0128284 0.00947324 0.0124535 0.0114552 0.0239997 0.0647334 0.0196121 0.540976 0.0328755 0.00323354 0.00320531 0.00316881 0 0.00337121 0.0287007 0.066264 0.355522 0.0902029 0.120618 0.0131933 0.00936224 0.0185811 0.014506 0.0256837 0.0311617 0.00988173 
0.00828795 0.00809726 0.00822591 0.00832511 0.00954509 0.0085645 0.00878048 0.00918864 0.00893677 0.0084103 0.00950713 0.00992998 0.0104554 0.010873 0.0123806 0.0101587 0.0128919 0.00955633 0.0119517 0.0102386 0.0138023 0.0108796 0.0192665 0.00860451 0.00883444 0.00898102 0.0104384 0.0137729 0.0167213 0.0158688 0.0293356 0.467119 0.00398635 0.0032497 0.00316419 0.00337121 0 0.0198533 0.0421864 0.0422805 0.13418 0.0869097 0.131473 0.0154816 0.0102354 0.0113169 0.0101019 0.015966 0.0151233 
0.00819958 0.00824882 0.00802751 0.00845485 0.00891351 0.0088812 0.00872862 0.0100561 0.00829533 0.00851779 0.00917187 0.00996134 0.0102689 0.0106711 0.0110463 0.0102206 0.0106411 0.0124098 0.0103627 0.00949451 0.0152531 0.0116946 0.0107268 0.00903711 0.0090569 0.00911165 0.013826 0.0129811 0.0146182 0.011016 0.0140224 0.0318117 0.186792 0.373377 0.0255987 0.0287007 0.0198533 0 0.0032733 0.00316819 0.00321568 0.0032247 0.00381312 0.444889 0.0173674 0.0144588 0.0116566 0.0136001 0.028327 
0.00822303 0.00804386 0.00805011 0.00817253 0.00889754 0.00954565 0.00941831 0.00841048 0.00819066 0.00877294 0.0125276 0.0159431 0.0178881 0.0127243 0.00924301 0.00845114 0.00890257 0.0165319 0.0166021 0.0144483 0.00918998 0.00825068 0.00893123 0.0103437 0.00954977 0.0142064 0.0135701 0.0528915 0.0315029 0.0292922 0.0347216 0.0152422 0.0415477 0.130571 0.291229 0.066264 0.0421864 0.0032733 0 0.00317852 0.00320369 0.0033301 0.0031903 0.0365662 0.547799 0.0173447 0.0429777 0.037014 0.0110984 
0.00818087 0.00803937 0.00803441 0.008248 0.00955457 0.0101013 0.00941273 0.00852285 0.0081738 0.00918604 0.0147852 0.0214801 0.0219481 0.0142653 0.00923439 0.00824547 0.00908694 0.0156161 0.0303357 0.0122077 0.00937426 0.00806732 0.00933283 0.00917231 0.0137054 0.0117188 0.0330001 0.0318925 0.111081 0.0477065 0.0327459 0.0131443 0.0132039 0.0509126 0.108729 0.355522 0.0422805 0.00316819 0.00317852 0 0.00315676 0.0031747 0.00316333 0.0282971 0.0198575 0.581627 0.0385019 0.0392853 0.0103541 
0.00800435 0.00803478 0.0079809 0.00817916 0.00913297 0.00918071 0.00918195 0.0083373 0.00812434 0.00905046 0.0140258 0.0184944 0.0206992 0.0131279 0.00952824 0.00814715 0.00866442 0.0150119 0.0253341 0.011798 0.00925337 0.00801402 0.00872639 0.00984214 0.00953405 0.0169573 0.0124807 0.0597641 0.0419882 0.0667992 0.02359 0.0141679 0.0129864 0.0296857 0.150326 0.0902029 0.13418 0.00321568 0.00320369 0.00315676 0 0.00315641 0.00315894 0.0142103 0.0744419 0.0317977 0.606396 0.0200837 0.0127198 
0.00799558 0.00791521 0.00805245 0.00801152 0.00827081 0.00862945 0.00849233 0.00812608 0.00814578 0.00850161 0.00947231 0.00969519 0.0100437 0.0108361 0.00861067 0.00809103 0.00930668 0.0100165 0.0104635 0.0102688 0.00880461 0.00821991 0.00924947 0.00916275 0.0089019 0.00900591 0.0114064 0.0123383 0.025466 0.0121647 0.0362489 0.0127763 0.011586 0.0250407 0.0230128 0.120618 0.0869097 0.0032247 0.0033301 0.0031747 0.00315641 0 0.00314853 0.0159795 0.0175329 0.0366015 0.0207176 0.543987 0.00982537 
0.00813637 0.00797122 0.00804802 0.00808545 0.00884206 0.00812577 0.00817277 0.00823256 0.00823679 0.00809982 0.00849671 0.008668 0.00856196 0.00862733 0.00869075 0.00859601 0.0101014 0.00852249 0.00870296 0.00846619 0.00917341 0.00940511 0.0114739 0.00848552 0.00839489 0.00849768 0.00916952 0.0101777 0.010206 0.0101977 0.0112176 0.0268213 0.0193888 0.0110859 0.0104594 0.0131933 0.131473 0.00381312 0.0031903 0.00316333 0.00315894 0.00314853 0 0.0208746 0.0103955 0.0177065 0.0173451 0.0228145 0.33384 
0.00886754 0.00799691 0.00786211 0.00854043 0.00838058 0.00818165 0.00813769 0.00876684 0.00826885 0.00803918 0.00831888 0.00854417 0.00873634 0.00847041 0.00854469 0.00857136 0.00853696 0.00857366 0.00844869 0.00832436 0.0101697 0.00924604 0.00845611 0.00811112 0.00877559 0.00808828 0.0109642 0.00891699 0.00996333 0.0087209 0.00936515 0.0177623 0.0264463 0.0108056 0.00989615 0.00936224 0.0154816 0.444889 0.0365662 0.0282971 0.0142103 0.0159795 0.0208746 0 0.00321695 0.00326429 0.00323573 0.00360632 0.00657947 
0.00802056 0.0079963 0.00798887 0.00794829 0.00804157 0.00863377 0.00842152 0.00801628 0.00790077 0.00837597 0.00862626 0.00892508 0.00930863 0.00882544 0.0080893 0.00804415 0.00806763 0.008914 0.00882316 0.00868097 0.00810175 0.00821206 0.00800445 0.00834198 0.00813817 0.010791 0.00843954 0.0235822 0.0103443 0.0114242 0.012775 0.00957228 0.0106633 0.024852 0.0124525 0.0185811 0.0102354 0.0173674 0.547799 0.0198575 0.0744419 0.0175329 0.0103955 0.00321695 0 0.00314827 0.00314055 0.00322563 0.00320407 
0.00819949 0.00796493 0.00795842 0.0081061 0.00834576 0.00881581 0.00857149 0.00830223 0.00802596 0.00839286 0.00961524 0.0106119 0.0111213 0.00949746 0.00852115 0.00811459 0.00828695 0.00955914 0.0110116 0.00906811 0.00844258 0.00783426 0.00839789 0.00829699 0.0108426 0.0084948 0.0253637 0.0127578 0.0457661 0.0192602 0.0136558 0.00986189 0.0122318 0.0183549 0.0466994 0.014506 0.0113169 0.0144588 0.0173447 0.581627 0.0317977 0.0366015 0.0177065 0.00326429 0.00314827 0 0.00314447 0.00315751 0.00316944 
0.00799182 0.00794456 0.00793378 0.00801482 0.00836951 0.00870518 0.00861044 0.00820156 0.00799304 0.00852697 0.00982285 0.0108848 0.0108984 0.00952339 0.00848606 0.00801123 0.00830132 0.010107 0.0129016 0.0090075 0.00845413 0.00789863 0.0082465 0.00889427 0.00879224 0.0149012 0.0101603 0.0451761 0.0268021 0.0324428 0.0138103 0.0100923 0.010785 0.020737 0.0423909 0.0256837 0.0101019 0.0116566 0.0429777 0.0385019 0.606396 0.0207176 0.0173451 0.00323573 0.00314055 0.00314447 0 0.00314949 0.00316904 
0.00810857 0.00796304 0.00800889 0.00807454 0.00852964 0.00850925 0.00858418 0.00807982 0.0080132 0.00846307 0.00906004 0.0097663 0.0101549 0.00937947 0.00839336 0.00802491 0.00866544 0.00951508 0.00966051 0.00924474 0.00845739 0.00801607 0.00905144 0.00868969 0.00885595 0.00895704 0.0105602 0.0129739 0.0236723 0.0123894 0.0261732 0.0115054 0.0113601 0.022959 0.017184 0.0311617 0.015966 0.0136001 0.037014 0.0392853 0.0200837 0.543987 0.0228145 0.00360632 0.00322563 0.00315751 0.00314949 0 0.0032336 
0.00823065 0.00791735 0.00808182 0.008042 0.00852615 0.00806198 0.00805933 0.00800527 0.00809871 0.0079844 0.00836 0.00837071 0.00858866 0.00823906 0.00818833 0.00844273 0.00889188 0.00826488 0.0084725 0.00853017 0.00826407 0.00875067 0.00956078 0.0082461 0.00821727 0.008225 0.00873131 0.00925378 0.00950563 0.00912051 0.00939433 0.0133409 0.0157795 0.00954932 0.00968135 0.00988173 0.0151233 0.028327 0.0110984 0.0103541 0.0127198 0.00982537 0.33384 0.00657947 0.00320407 0.00316944 0.00316904 0.0032336 0 
