1GMXA
MDQFECINVADAHQKLQEKEAVLVDIRDPQSFAMGHAVQAFHLTNDTLGAFMRDNDFDTPVMVMCYHGNSSKGAAQYLLQQGYDVVYSIDGGFEAWQRQFPAEVAYGA
CCCCEEECHHHHHHHHHCCCCEEEECCCHHHHHHCEECCCEECCHHHHHHHHHHCCCCCCEEEECCCCCHHHHHHHHHHHHCCCCEEEECCHHHHHHHHCHHHEECCC
0 0 0 0 0 0 0 0 0 0 0 0 0 0 0 0 0 0 0 0 0 0 0 0 0 0 0 0 0 0 0 0 0 0 0 0 0 0 0 0 0 0 0 0 0 0 0 0 0 0 0 0 0 0 0 0 0 0 0 0 0 0 0 0 0 0 0 0 0 0 0 0 0 0 0 0 0 0 0 0 0 0 0 0 0 0 0 0 0 0 0 0 0 0 0 0 0 0 0 0 0 0 0 0 0 0 0 0 
0 0 0 0 0 0 0 0 0 0 0 0 0 0 0 0 0 0 0 0 0 0 0 0 0 0 0 0 0 0 0 0 0 0 0 0 0 0 0 0 0 0 0 0 0 0 0 0 0 0 0 0 0 0 0 0 0 0 0 0 0 0 0 0 0 0 0 0 0 0 0 0 0 0 0 0 0 0 0 0 0 0 0 0 0 0 0 0 0 0 0 0 0 0 0 0 0 0 0 0 0 0 0 0 0 0 0 0 
0 0.00337784 0.00430084 0.0567645 0.0187806 0.0167565 0.0366873 0.00965404 0.011672 0.0105579 0.0125851 0.0124772 0.0100892 0.010531 0.0134643 0.00901806 0.00847936 0.00900638 0.0100741 0.00829215 0.00879522 
0.00337784 0 0.00346326 0.0173569 0.0515102 0.0776463 0.0125503 0.013947 0.00903354 0.013954 0.0106987 0.00944627 0.024248 0.0189157 0.00914029 0.00886346 0.010333 0.010389 0.00824027 0.00861875 0.00815945 
0.00430084 0.00346326 0 0.0131128 0.0179807 0.0273533 0.0500139 0.0116231 0.0153786 0.0123796 0.0128054 0.028596 0.00993307 0.0126077 0.0133086 0.0172455 0.00919709 0.00865694 0.0111824 0.0163972 0.00856979 
0.0567645 0.0173569 0.0131128 0 0.00331261 0.00325251 0.00365543 0.0154812 0.0129318 0.0269435 0.0192499 0.1451 0.0229331 0.0139 0.0232063 0.0190474 0.0116141 0.0133609 0.013054 0.00903025 0.00984639 
0.0187806 0.0515102 0.0179807 0.00331261 0 0.00324578 0.00317276 0.00965889 0.0207092 0.0126669 0.0180814 0.0278523 0.283101 0.0352366 0.0122096 0.0119143 0.033921 0.0153465 0.0103571 0.00938522 0.0083936 
0.0167565 0.0776463 0.0273533 0.00325251 0.00324578 0 0.00325493 0.0189605 0.0258081 0.0525413 0.0169566 0.0227395 0.0483589 0.408317 0.0235856 0.0129865 0.0226373 0.0266916 0.0117974 0.0103589 0.00897465 
0.0366873 0.0125503 0.0500139 0.00365543 0.00317276 0.00325493 0 0.016488 0.0232216 0.0199166 0.165626 0.0203887 0.0199685 0.0560809 0.296475 0.0169486 0.0117638 0.016491 0.0157078 0.0112718 0.00951811 
0.00965404 0.013947 0.0116231 0.0154812 0.00965889 0.0189605 0.016488 0 0.00357209 0.0142412 0.105518 0.0145776 0.0139465 0.0137957 0.0173865 0.0100088 0.00928126 0.0113667 0.0105177 0.00865191 0.0108562 
0.011672 0.00903354 0.0153786 0.0129318 0.0207092 0.0258081 0.0232216 0.00357209 0 0.0695974 0.00509344 0.0207001 0.0158914 0.0174494 0.01268 0.0128612 0.00943178 0.00936331 0.00971411 0.024726 0.00852212 
0.0105579 0.013954 0.0123796 0.0269435 0.0126669 0.0525413 0.0199166 0.0142412 0.0695974 0 0.00767912 0.019488 0.0456125 0.0252173 0.0189326 0.0119097 0.0100841 0.0157621 0.0100388 0.00916578 0.0105563 
0.0125851 0.0106987 0.0128054 0.0192499 0.0180814 0.0169566 0.165626 0.105518 0.00509344 0.00767912 0 0.0188558 0.0177645 0.044533 0.052399 0.0144574 0.0106184 0.0118693 0.00918444 0.0153312 0.00942784 
0.0124772 0.00944627 0.028596 0.1451 0.0278523 0.0227395 0.0203887 0.0145776 0.0207001 0.019488 0.0188558 0 0.00320193 0.0032095 0.00344796 0.586989 0.0207728 0.0182152 0.0282203 0.0130296 0.0127136 
0.0100892 0.024248 0.00993307 0.0229331 0.283101 0.0483589 0.0199685 0.0139465 0.0158914 0.0456125 0.0177645 0.00320193 0 0.00320748 0.00317524 0.066022 0.707873 0.0373189 0.0132377 0.0115217 0.00965596 
0.010531 0.0189157 0.0126077 0.0139 0.0352366 0.408317 0.0560809 0.0137957 0.0174494 0.0252173 0.044533 0.0032095 0.00320748 0 0.00335941 0.0239249 0.0660833 0.720768 0.0172624 0.0154714 0.010324 
0.0134643 0.00914029 0.0133086 0.0232063 0.0122096 0.0235856 0.296475 0.0173865 0.01268 0.0189326 0.052399 0.00344796 0.00317524 0.00335941 0 0.031914 0.0474215 0.046089 0.256158 0.0167691 0.012049 
0.00901806 0.00886346 0.0172455 0.0190474 0.0119143 0.0129865 0.0169486 0.0100088 0.0128612 0.0119097 0.0144574 0.586989 0.066022 0.0239249 0.031914 0 0.00324123 0.00327203 0.00416543 0.012152 0.0178571 
0.00847936 0.010333 0.00919709 0.0116141 0.033921 0.0226373 0.0117638 0.00928126 0.00943178 0.0100841 0.0106184 0.0207728 0.707873 0.0660833 0.0474215 0.00324123 0 0.00321986 0.00318959 0.0175982 0.0105466 
0.00900638 0.010389 0.00865694 0.0133609 0.0153465 0.0266916 0.016491 0.0113667 0.00936331 0.0157621 0.0118693 0.0182152 0.0373189 0.720768 0.046089 0.00327203 0.00321986 0 0.00315686 0.0132521 0.0142014 
0.0100741 0.00824027 0.0111824 0.013054 0.0103571 0.0117974 0.0157078 0.0105177 0.00971411 0.0100388 0.00918444 0.0282203 0.0132377 0.0172624 0.256158 0.00416543 0.00318959 0.00315686 0 0.0311653 0.011859 
0.00829215 0.00861875 0.0163972 0.00903025 0.00938522 0.0103589 0.0112718 0.00865191 0.024726 0.00916578 0.0153312 0.0130296 0.0115217 0.0154714 0.0167691 0.012152 0.0175982 0.0132521 0.0311653 0 0.00356201 
0.00879522 0.00815945 0.00856979 0.00984639 0.0083936 0.00897465 0.00951811 0.0108562 0.00852212 0.0105563 0.00942784 0.0127136 0.00965596 0.010324 0.012049 0.0178571 0.0105466 0.0142014 0.011859 0.00356201 0 
