1GWYB
ALAGTIIAGASLTFQVLDKVLEELGKVSRKIAVGIDNESGGTWTALNAYFRSGTTDVILPEFVPNTKALLYSGRKDTGPVATGAVAAFAYYMSSGNTLGVMFSVPFDYNWYSNWWDVKIYSGKRRADQGMYEDLYYGNPYRGDNGWHEKNLGYGLRMKGIMTSAGEAKMQIKISR
CCCCCEEEHHHCCHHHHHHHHHCCCCCCCEEEEEEEEECCCCEEEEEEEEEECECCCCCCCEECCCEEEEEEEECCCCCCCCCEEEEEEEEECCCEEEEEEEEECCCCCCCCCEEEEEEEEECCCCCHHHHHHHHCCCCEECCCCEEEEEEECCEEEEEEECCCCEEEEEEEEEC
0 0 0 0 0 0 0 0 0 0 0 0 0 0 0 0 0 0 0 0 0 0 0 0 0 0 0 0 0 0 0 0 0 0 0 0 0 0 0 0 0 0 0 0 0 0 0 0 0 0 0 0 0 0 0 0 0 0 0 0 0 0 0 0 0 0 0 0 0 0 0 0 0 0 0 0 0 0 0 0 0 0 0 0 0 0 0 0 0 0 0 0 0 0 0 0 0 0 0 0 0 0 0 0 0 0 0 0 0 0 0 0 0 0 0 0 0 0 0 0 0 0 0 0 0 0 0 0 0 0 0 0 0 0 0 0 0 0 0 0 0 0 0 0 0 0 0 0 0 0 0 0 0 0 0 0 0 0 0 0 0 0 0 0 0 0 0 0 0 0 0 0 0 0 0 
0 0 0 0 0 0 0 0 0 0 0 0 0 0 0 0 0 0 0 0 0 0 0 0 0 0 0 0 0 0 0 0 0 0 0 0 0 0 0 0 0 0 0 0 0 0 0 0 0 0 0 0 0 0 0 0 0 0 0 0 0 0 0 0 0 0 0 0 0 0 0 0 0 0 0 0 0 0 0 0 0 0 0 0 0 0 0 0 0 0 0 0 0 0 0 0 0 0 0 0 0 0 0 0 0 0 0 0 0 0 0 0 0 0 0 0 0 0 0 0 0 0 0 0 0 0 0 0 0 0 0 0 0 0 0 0 0 0 0 0 0 0 0 0 0 0 0 0 0 0 0 0 0 0 0 0 0 0 0 0 0 0 0 0 0 0 0 0 0 0 0 0 0 0 0 
0 0.00334478 0.00445509 0.0827416 0.0248489 0.0200994 0.0153179 0.014884 0.0107159 0.0113272 0.00915277 0.0178957 0.0117917 0.0146284 0.00901829 0.0107179 0.00929078 0.00857394 0.00965548 0.00891155 0.0106559 0.0114616 0.0162522 0.0114639 0.0105364 0.0138302 0.01034 0.00998085 0.00926599 0.00900342 0.00905182 0.00882716 0.0157964 0.00975727 0.00920928 0.00936116 0.00955204 0.00888893 0.00885378 0.00843156 0.0091476 0.0109483 0.00961171 0.00837787 0.00847644 0.00890891 0.00885007 0.00860832 0.00868906 0.00933335 0.00889335 0.00868192 0.00813878 0.00830075 0.00833094 0.0089052 0.00845262 0.00814266 0.00866607 0.00882567 0.00813408 0.00864471 0.00804554 0.00785403 0.00793962 0.00795528 0.00814077 0.007923 0.00824186 0.00838972 0.0080926 0.00802416 0.0081781 0.00805927 0.00805268 0.00871086 0.00847291 0.00803035 0.00836671 0.00817804 0.00835555 0.00816516 0.00850578 0.00819043 0.0086271 
0.00334478 0 0.00315595 0.0152619 0.0929308 0.0229553 0.0331579 0.0197563 0.018102 0.00898801 0.0310439 0.00879464 0.014907 0.00951431 0.0140473 0.00872815 0.00937465 0.0105394 0.00857317 0.0128855 0.00981339 0.00928187 0.00966913 0.00949373 0.0109933 0.00881465 0.0209861 0.00962158 0.0109498 0.00981525 0.0090325 0.0134434 0.00876212 0.00910993 0.0110801 0.010364 0.0101199 0.00962472 0.00915177 0.00938301 0.00886017 0.00913046 0.0085122 0.00867816 0.00879265 0.00878824 0.0102201 0.00862919 0.0106079 0.00913573 0.00895214 0.00796095 0.00841563 0.00812837 0.0096925 0.00814908 0.00920407 0.00833919 0.00817098 0.0081946 0.00818179 0.00802478 0.0078277 0.00795854 0.00795337 0.00801708 0.00788502 0.00837538 0.00787075 0.00817369 0.00799712 0.00858367 0.00805707 0.00845004 0.00831428 0.00809627 0.00787762 0.00835038 0.00820934 0.0087771 0.00826124 0.00910667 0.00817202 0.00887545 0.00790913 
0.00445509 0.00315595 0 0.0277442 0.0129243 0.0363175 0.0165613 0.0198739 0.0131156 0.0188552 0.00984038 0.028823 0.0152488 0.0176278 0.0088301 0.0118742 0.00928719 0.00917176 0.0122278 0.00881429 0.0115325 0.0112224 0.0256642 0.0133964 0.00906903 0.0266424 0.00964589 0.0113599 0.0101761 0.0103967 0.0106406 0.00922438 0.01382 0.0190036 0.00976428 0.0101154 0.0111263 0.010247 0.0096187 0.00876833 0.0109924 0.00856465 0.0149202 0.00936806 0.0085518 0.00969594 0.00975269 0.00997797 0.00929751 0.0100383 0.00856788 0.0107152 0.0081677 0.00864358 0.00817037 0.00938978 0.00822743 0.00813731 0.00843374 0.00823751 0.00939607 0.00825901 0.0087797 0.00804737 0.00790329 0.0078956 0.00801283 0.00791234 0.00824141 0.00861982 0.00863873 0.00796512 0.00811461 0.00814245 0.00834183 0.00828357 0.00960153 0.00816762 0.00816379 0.00817067 0.00834168 0.00813398 0.00836831 0.00804686 0.00881165 
0.0827416 0.0152619 0.0277442 0 0.00355261 0.00323823 0.00320809 0.0032026 0.00351401 0.00363293 0.00378769 0.00805772 0.00862838 0.0107999 0.00805673 0.0095392 0.00902999 0.00862153 0.0162743 0.0129523 0.023012 0.0320203 0.0264059 0.0201519 0.0138401 0.0318911 0.0244963 0.0155061 0.0129921 0.0130533 0.0122711 0.0115219 0.0554598 0.0213315 0.0185696 0.016603 0.0186552 0.0137052 0.0116768 0.0102657 0.0118979 0.0152603 0.0141741 0.0124364 0.0103891 0.0134738 0.0132811 0.0127658 0.0108291 0.0199872 0.0120908 0.0111293 0.00870365 0.00917572 0.00906239 0.0111472 0.00988634 0.00872839 0.00906505 0.0102827 0.00856806 0.0102239 0.00795284 0.00794857 0.00796813 0.00805491 0.00821623 0.00799695 0.00876704 0.00820456 0.00848416 0.00812232 0.00837876 0.00846147 0.00865652 0.010029 0.00917408 0.00824404 0.00849836 0.00883752 0.00903504 0.00868306 0.00884826 0.00838682 0.0113097 
0.0248489 0.0929308 0.0129243 0.00355261 0 0.00319773 0.00320732 0.00324154 0.00356799 0.00331576 0.00474794 0.00346182 0.0131805 0.00787557 0.0142479 0.00965073 0.0101475 0.018534 0.0132176 0.0361378 0.0185028 0.02494 0.0103354 0.0120858 0.0113609 0.0169132 0.0788654 0.0311481 0.0336682 0.0254361 0.0150669 0.0439511 0.0103682 0.0312268 0.0426888 0.0505368 0.0371554 0.0359504 0.0208215 0.0229808 0.0120502 0.0106001 0.0129523 0.0153875 0.0304261 0.0230578 0.0519363 0.0191226 0.0469994 0.0124017 0.0128284 0.00961297 0.0196728 0.0102189 0.0305449 0.0115743 0.0256468 0.0106564 0.00970389 0.0090068 0.00860431 0.00825223 0.00810014 0.00807432 0.00817239 0.00848135 0.00824328 0.00917628 0.00803353 0.00948061 0.00827869 0.0115542 0.00851056 0.011985 0.00990031 0.00874926 0.00819575 0.0101086 0.00920604 0.0150095 0.0091818 0.0146339 0.00848347 0.0113206 0.00837289 
0.0200994 0.0229553 0.0363175 0.00323823 0.00319773 0 0.00318892 0.0032172 0.00329854 0.00319047 0.00321598 0.00329442 0.00660424 0.0117358 0.00938939 0.011734 0.0143888 0.0158761 0.0555035 0.0226664 0.0301411 0.0129626 0.0105822 0.00996337 0.00880856 0.0117488 0.0276042 0.0997176 0.08146 0.0513518 0.0625043 0.0153064 0.0117807 0.0150372 0.0498538 0.092761 0.109264 0.0598636 0.0625625 0.0293392 0.0204646 0.0090809 0.0114521 0.0279394 0.0295288 0.10754 0.0560378 0.138852 0.0342183 0.0447024 0.009617 0.00961433 0.0117562 0.0352846 0.0169976 0.074617 0.0186809 0.0220948 0.00945907 0.00830623 0.00812605 0.00832153 0.00798987 0.00823245 0.00852562 0.00875636 0.0105445 0.00836723 0.00824427 0.0082445 0.0100641 0.00985945 0.0155391 0.013607 0.012129 0.00869476 0.00852838 0.00899698 0.0169013 0.0132006 0.0216427 0.0116549 0.0165257 0.00879017 0.0105916 
0.0153179 0.0331579 0.0165613 0.00320809 0.00320732 0.00318892 0 0.00320614 0.00318221 0.00316263 0.00317368 0.00319777 0.00935935 0.00838267 0.0112238 0.0095835 0.0174499 0.0295858 0.014359 0.0258056 0.0101775 0.0140857 0.0102608 0.00940243 0.00878386 0.0105611 0.02565 0.0662001 0.0694385 0.0925142 0.0312025 0.0258422 0.0108567 0.0167378 0.0299237 0.0899807 0.109377 0.0758144 0.0410477 0.0484005 0.0138759 0.011137 0.0110106 0.0152587 0.0599792 0.0441093 0.1674 0.0476872 0.123772 0.0176578 0.0145455 0.00903151 0.0188779 0.0144344 0.0593949 0.0216748 0.0485552 0.0152816 0.0100345 0.00850316 0.00829895 0.00819949 0.00800606 0.00812778 0.0084013 0.00916491 0.00866132 0.00897042 0.0082697 0.00879716 0.00845735 0.0121125 0.0102362 0.0159431 0.0103646 0.0091627 0.00854208 0.0103894 0.0139852 0.02383 0.012917 0.0174484 0.010054 0.0102371 0.00924359 
0.014884 0.0197563 0.0198739 0.0032026 0.00324154 0.0032172 0.00320614 0 0.00318099 0.00323544 0.00316288 0.00333272 0.00638634 0.00955746 0.0115902 0.0169067 0.0530341 0.0133441 0.0253775 0.00935142 0.0255 0.0145707 0.00993179 0.00979264 0.00880629 0.0109171 0.019486 0.0547002 0.100466 0.0500258 0.0433034 0.0142261 0.0126526 0.0125418 0.0329969 0.0603513 0.0936832 0.051038 0.0453835 0.0258656 0.0186145 0.00911759 0.00983753 0.0231121 0.022245 0.094287 0.04322 0.109502 0.0277566 0.0423299 0.00982044 0.00969627 0.0111768 0.0302301 0.0146375 0.0593483 0.0149861 0.0193984 0.00956629 0.00859685 0.00816133 0.00831756 0.00800901 0.00828948 0.00875145 0.0088033 0.00928371 0.00841738 0.00830357 0.00844297 0.00895133 0.0096731 0.0124021 0.0134301 0.0114387 0.00889994 0.00827275 0.00918175 0.017334 0.0144521 0.0192549 0.0117408 0.0124394 0.00924488 0.0098087 
0.0107159 0.018102 0.0131156 0.00351401 0.00356799 0.00329854 0.00318221 0.00318099 0 0.00330943 0.00315018 0.00315569 0.0107471 0.00587886 0.023578 0.0305259 0.0175415 0.012818 0.00725046 0.0169257 0.00778072 0.0115846 0.00805351 0.00877642 0.00849695 0.00921095 0.0218351 0.0301846 0.0463153 0.0455752 0.0179698 0.0196204 0.00932314 0.0124351 0.0190688 0.0536555 0.0509142 0.0432342 0.0278874 0.0289435 0.0103878 0.0100216 0.0113948 0.0104652 0.045022 0.0238298 0.0868852 0.0231082 0.0753855 0.0116422 0.013618 0.00855203 0.0137725 0.0111802 0.04487 0.0109143 0.0317203 0.0107624 0.00876609 0.00851623 0.00814865 0.00807812 0.00800236 0.00817239 0.00825297 0.0087107 0.00840503 0.00858053 0.00806481 0.00870989 0.00822431 0.0112594 0.00929453 0.0126455 0.00920486 0.00845961 0.00809518 0.00927329 0.00990358 0.0174484 0.0104727 0.0173636 0.00883287 0.0102457 0.00864406 
0.0113272 0.00898801 0.0188552 0.00363293 0.00331576 0.00319047 0.00316263 0.00323544 0.00330943 0 0.00314299 0.00330438 0.00428964 0.0177626 0.0208703 0.0141015 0.00690744 0.00616012 0.0125053 0.00664985 0.0112458 0.00686621 0.00771239 0.00830996 0.00800193 0.00942856 0.00986374 0.0238755 0.0172202 0.0162119 0.0194001 0.013038 0.00958267 0.00927633 0.0125614 0.0236508 0.0255636 0.0179749 0.0197076 0.0116001 0.0121358 0.00842065 0.00939792 0.0130977 0.0107585 0.0325096 0.0159731 0.0349413 0.0120775 0.0196605 0.00845444 0.00876933 0.00887119 0.018917 0.00903417 0.0268396 0.00908787 0.00968367 0.00842663 0.00810272 0.00799014 0.00796804 0.00787948 0.00796555 0.00812351 0.00811047 0.00844056 0.00799738 0.00801892 0.00795841 0.00828163 0.00824534 0.00913893 0.0091283 0.00907315 0.00810355 0.00802385 0.00827366 0.0096926 0.00914335 0.0109455 0.00872287 0.009317 0.00829817 0.00870612 
0.00915277 0.0310439 0.00984038 0.00378769 0.00474794 0.00321598 0.00317368 0.00316288 0.00315018 0.00314299 0 0.00319276 0.0156895 0.00734198 0.0195694 0.00594653 0.00559252 0.00731582 0.00629371 0.010006 0.00663975 0.00669248 0.00705599 0.00834439 0.00964606 0.00882849 0.0211327 0.0109792 0.013595 0.0129505 0.0106665 0.015124 0.010377 0.0102168 0.0141537 0.014287 0.0135416 0.0140206 0.0105828 0.0113476 0.00963585 0.00908085 0.0151327 0.00962979 0.0117523 0.0107014 0.0171305 0.0113538 0.0157894 0.0112378 0.010059 0.00814296 0.00999095 0.00858752 0.012598 0.00891124 0.0101955 0.00876849 0.00848616 0.00819345 0.00816054 0.00792949 0.0079802 0.00803322 0.00789181 0.00800566 0.00795256 0.00817686 0.0078602 0.00818689 0.00801972 0.00864634 0.00803228 0.00893104 0.00857334 0.00824768 0.00799945 0.00848999 0.0082109 0.00957391 0.00863793 0.0095789 0.00822232 0.00848829 0.00807767 
0.0178957 0.00879464 0.028823 0.00805772 0.00346182 0.00329442 0.00319777 0.00333272 0.00315569 0.00330438 0.00319276 0 0.029309 0.0084665 0.00341967 0.00573474 0.00407841 0.00478194 0.00636725 0.0074977 0.00660598 0.0062715 0.0104288 0.0102396 0.00817731 0.0145173 0.00924933 0.00979479 0.00911883 0.00977224 0.00941734 0.00856634 0.0117256 0.0162677 0.00957236 0.0097193 0.0102868 0.00928373 0.00951487 0.00863337 0.00949256 0.00868339 0.0134923 0.0093632 0.00851975 0.00987301 0.00893527 0.00993395 0.00883845 0.0108357 0.00877301 0.00996965 0.00808159 0.00863676 0.00829892 0.00882446 0.00824444 0.00815571 0.00815305 0.00808766 0.00865432 0.00808992 0.00836789 0.00795679 0.00788032 0.00789034 0.00794986 0.0078796 0.00818992 0.00816473 0.00836897 0.00791381 0.00821975 0.00813218 0.00843213 0.00819601 0.00909379 0.00802634 0.00821233 0.00814256 0.00822382 0.00812663 0.00821753 0.00798303 0.00832455 
0.0117917 0.014907 0.0152488 0.00862838 0.0131805 0.00660424 0.00935935 0.00638634 0.0107471 0.00428964 0.0156895 0.029309 0 0.00324177 0.00332201 0.00320667 0.0033952 0.00378967 0.00336341 0.00654054 0.00449045 0.0174463 0.00891719 0.00976698 0.0257358 0.010592 0.0142783 0.0088854 0.00967573 0.00932681 0.00940191 0.0131591 0.0241819 0.0112741 0.0101796 0.0104026 0.00963342 0.00978414 0.00952587 0.00988315 0.00911087 0.053487 0.00908151 0.00862522 0.00994838 0.00913936 0.0101899 0.00867482 0.010982 0.00909782 0.0215407 0.00814837 0.00866638 0.0081507 0.0109927 0.00823914 0.0104707 0.00878964 0.00847696 0.0183079 0.00813047 0.0085764 0.00786865 0.00786181 0.00802637 0.00815089 0.00792574 0.00841072 0.0082189 0.00927188 0.00781604 0.00926212 0.00795263 0.00865887 0.00808714 0.0100045 0.0079236 0.0082119 0.00802449 0.00867009 0.00812311 0.00942263 0.0081172 0.00967146 0.00847636 
0.0146284 0.00951431 0.0176278 0.0107999 0.00787557 0.0117358 0.00838267 0.00955746 0.00587886 0.0177626 0.00734198 0.0084665 0.00324177 0 0.00318141 0.00321499 0.00316863 0.00318412 0.00367873 0.00328823 0.00864092 0.00386956 0.00689606 0.0127815 0.00778736 0.0169229 0.0101866 0.0177798 0.0101462 0.0105889 0.0128297 0.0110177 0.0107649 0.0113098 0.0113755 0.0122925 0.0146311 0.0101619 0.0123413 0.00892726 0.0360212 0.00866197 0.00930134 0.00975238 0.00902839 0.0182526 0.0107373 0.0160645 0.00901889 0.0214186 0.00856504 0.00943125 0.00839435 0.011084 0.00840564 0.0209212 0.00863616 0.00859338 0.00911416 0.00811384 0.00807471 0.00841926 0.00790142 0.00792148 0.00807807 0.00795453 0.00838193 0.00797864 0.00821798 0.00785891 0.00933629 0.00801159 0.00968764 0.00864026 0.00911365 0.00817848 0.008533 0.00813862 0.00894131 0.00841916 0.00999177 0.00828302 0.00974568 0.00817925 0.00866259 
0.00901829 0.0140473 0.0088301 0.00805673 0.0142479 0.00938939 0.0112238 0.0115902 0.023578 0.0208703 0.0195694 0.00341967 0.00332201 0.00318141 0 0.00315795 0.00314709 0.00460114 0.00338072 0.00611672 0.00325148 0.00382433 0.00433385 0.00725295 0.00862272 0.00806921 0.0174418 0.0104375 0.0169951 0.0131805 0.0136648 0.0116008 0.00872815 0.00946413 0.0128277 0.0227057 0.0154213 0.0172494 0.0115344 0.0373511 0.00880055 0.00983383 0.00869877 0.00895835 0.0192566 0.0132054 0.030013 0.0123883 0.0358486 0.00938743 0.0097237 0.00807339 0.0110079 0.0089514 0.0287014 0.00890862 0.0198268 0.010231 0.00826686 0.00834926 0.00804198 0.00793889 0.007858 0.00801395 0.00809041 0.00829746 0.00809235 0.00844059 0.00798321 0.00882541 0.00800299 0.011622 0.00848563 0.0111937 0.00915959 0.00821734 0.00791313 0.0089814 0.00864836 0.012889 0.00906256 0.0162932 0.00852356 0.00940214 0.00871163 
0.0107179 0.00872815 0.0118742 0.0095392 0.00965073 0.011734 0.0095835 0.0169067 0.0305259 0.0141015 0.00594653 0.00573474 0.00320667 0.00321499 0.00315795 0 0.00325874 0.00318507 0.00347492 0.00315868 0.00378185 0.00333127 0.00440435 0.00739406 0.00704965 0.00973052 0.00936168 0.016072 0.0116251 0.0153052 0.0109834 0.0093641 0.00918832 0.0103032 0.0112805 0.0161868 0.0213109 0.0126709 0.0306509 0.0107779 0.0115835 0.00836242 0.00917488 0.00979771 0.0100074 0.0212017 0.0159528 0.0289949 0.0128476 0.0137472 0.00852743 0.00871051 0.0086493 0.0122959 0.00948218 0.0235006 0.0101576 0.00930994 0.00872724 0.00815639 0.00804213 0.008027 0.00790701 0.00793078 0.00802069 0.00803157 0.00878179 0.00798833 0.00802428 0.007945 0.00901285 0.00813854 0.00998271 0.00887168 0.00883691 0.00817116 0.00815216 0.00832898 0.0097968 0.00905545 0.0109174 0.00891611 0.00982724 0.00824808 0.00840441 
0.00929078 0.00937465 0.00928719 0.00902999 0.0101475 0.0143888 0.0174499 0.0530341 0.0175415 0.00690744 0.00559252 0.00407841 0.0033952 0.00316863 0.00314709 0.00325874 0 0.00319398 0.00318874 0.0032985 0.00321279 0.00327089 0.0034612 0.00625218 0.00713255 0.00831085 0.0104424 0.0111315 0.0179082 0.011138 0.0112658 0.00907036 0.00978399 0.00928431 0.0108575 0.0185107 0.0132277 0.0173816 0.011828 0.0124857 0.00893902 0.00881517 0.00873417 0.0089152 0.0122524 0.0139049 0.0185239 0.0165656 0.0133913 0.0104215 0.00893916 0.00815875 0.00886264 0.0104724 0.0105641 0.0110208 0.00992471 0.011102 0.0082969 0.00818968 0.00801067 0.00789352 0.00791538 0.00797466 0.00802379 0.00809219 0.00833482 0.00808005 0.00792043 0.00803979 0.00803351 0.00856493 0.00890986 0.00887332 0.00888674 0.00813117 0.00789925 0.00827136 0.00887349 0.0094899 0.0094032 0.0093131 0.00896639 0.00822227 0.00864052 
0.00857394 0.0105394 0.00917176 0.00862153 0.018534 0.0158761 0.0295858 0.0133441 0.012818 0.00616012 0.00731582 0.00478194 0.00378967 0.00318412 0.00460114 0.00318507 0.00319398 0 0.00324823 0.00318172 0.00326659 0.00326663 0.00322088 0.00614089 0.00647744 0.00778686 0.0123834 0.0183307 0.0124191 0.0132715 0.00941639 0.0118738 0.00860453 0.00890837 0.0109638 0.0153378 0.0202061 0.0156086 0.0128353 0.0112648 0.00920214 0.00858367 0.00841244 0.00909081 0.0122245 0.0132783 0.0252325 0.0111882 0.0179426 0.0094258 0.0088406 0.00825774 0.00999627 0.00880529 0.0133774 0.00917442 0.0156793 0.00883408 0.00839535 0.00807743 0.0079643 0.00800797 0.00786795 0.00786914 0.00795289 0.00803415 0.00792704 0.00827828 0.00790871 0.00814553 0.00790867 0.00865706 0.00816867 0.00927189 0.00848879 0.00809607 0.00787407 0.008412 0.00852412 0.0098084 0.00864798 0.0107312 0.008253 0.00907604 0.00807794 
0.00965548 0.00857317 0.0122278 0.0162743 0.0132176 0.0555035 0.014359 0.0253775 0.00725046 0.0125053 0.00629371 0.00636725 0.00336341 0.00367873 0.00338072 0.00347492 0.00318874 0.00324823 0 0.00319715 0.00334139 0.00319426 0.00343591 0.00631324 0.00639779 0.00935812 0.0108963 0.019297 0.0154511 0.0114804 0.0176555 0.00895932 0.015126 0.00936412 0.0104394 0.0188356 0.0198568 0.0140884 0.0161531 0.0104289 0.010586 0.00841442 0.00881465 0.00976966 0.00971881 0.035716 0.013252 0.0272799 0.0104634 0.0152626 0.0083795 0.00871686 0.00842672 0.0163819 0.00869598 0.0286287 0.00896458 0.00958203 0.00854591 0.0081279 0.00795868 0.00801413 0.00804038 0.00801669 0.00810296 0.00803252 0.00846899 0.00798955 0.0081061 0.00804458 0.00856761 0.00801944 0.00967257 0.00854093 0.00894863 0.0081428 0.00817931 0.00811228 0.0102712 0.00873248 0.0124919 0.00842198 0.0106964 0.00814752 0.00998207 
0.00891155 0.0128855 0.00881429 0.0129523 0.0361378 0.0226664 0.0258056 0.00935142 0.0169257 0.00664985 0.010006 0.0074977 0.00654054 0.00328823 0.00611672 0.00315868 0.0032985 0.00318172 0.00319715 0 0.00314225 0.00326521 0.00315376 0.0061132 0.00943911 0.00749764 0.0160403 0.0135612 0.0136487 0.0138928 0.00970604 0.0183016 0.00907014 0.00921116 0.0118308 0.0206712 0.0169954 0.01455 0.0128881 0.0160567 0.00923655 0.0102756 0.00852238 0.0090525 0.0253663 0.0106332 0.0305865 0.0107631 0.0302552 0.00940243 0.0110491 0.00805156 0.0120748 0.00857618 0.0289061 0.00845246 0.0217371 0.00951937 0.00834191 0.00880357 0.00811668 0.00809772 0.00787165 0.00800511 0.00802477 0.00826927 0.00790508 0.00900393 0.00792395 0.00897254 0.00789358 0.0129118 0.00817636 0.0105403 0.00840908 0.0083793 0.00787319 0.00908631 0.008365 0.0136347 0.00851939 0.0160697 0.00812964 0.0109526 0.00804442 
0.0106559 0.00981339 0.0115325 0.023012 0.0185028 0.0301411 0.0101775 0.0255 0.00778072 0.0112458 0.00663975 0.00660598 0.00449045 0.00864092 0.00325148 0.00378185 0.00321279 0.00326659 0.00334139 0.00314225 0 0.0031727 0.00348558 0.0103068 0.0073756 0.0112659 0.0121602 0.0151873 0.0127506 0.0125921 0.0162783 0.0105009 0.0104137 0.0118545 0.0138193 0.0141213 0.014922 0.0123111 0.0156433 0.00934689 0.0167067 0.00831004 0.00999563 0.0149216 0.00929303 0.02196 0.01117 0.0207094 0.00983664 0.022575 0.00840908 0.00972045 0.0085099 0.0135457 0.00852562 0.0178018 0.008562 0.00864664 0.00890951 0.00803709 0.00822126 0.00811173 0.00792827 0.00797556 0.00789134 0.00794427 0.00807263 0.00788744 0.0080211 0.00798935 0.0102633 0.00799674 0.00883927 0.00825797 0.00948691 0.00815589 0.00836909 0.00819235 0.0093121 0.00849832 0.0108959 0.00830598 0.00937024 0.00809635 0.00843377 
0.0114616 0.00928187 0.0112224 0.0320203 0.02494 0.0129626 0.0140857 0.0145707 0.0115846 0.00686621 0.00669248 0.0062715 0.0174463 0.00386956 0.00382433 0.00333127 0.00327089 0.00326663 0.00319426 0.00326521 0.0031727 0 0.00377334 0.00675828 0.00718023 0.0148586 0.0112626 0.0102286 0.0113941 0.0157857 0.00982915 0.00942484 0.0109127 0.0140584 0.0102501 0.0126571 0.0116629 0.0129166 0.0101104 0.01087 0.0089167 0.0108041 0.0141009 0.00890221 0.0122434 0.0106442 0.0137395 0.0105708 0.0127212 0.00928426 0.0113157 0.0090277 0.00950897 0.00846775 0.0108304 0.00872581 0.00944806 0.00874394 0.00819842 0.00839613 0.00855984 0.00798231 0.00814431 0.00796728 0.00793194 0.00816626 0.00788986 0.00810962 0.00794531 0.00881044 0.00805608 0.00838441 0.00817432 0.00851341 0.00829915 0.00850296 0.00832746 0.0083866 0.00823155 0.00947985 0.00836567 0.00903491 0.00814088 0.00830495 0.00852727 
0.0162522 0.00966913 0.0256642 0.0264059 0.0103354 0.0105822 0.0102608 0.00993179 0.00805351 0.00771239 0.00705599 0.0104288 0.00891719 0.00689606 0.00433385 0.00440435 0.0034612 0.00322088 0.00343591 0.00315376 0.00348558 0.00377334 0 0.056788 0.0236663 0.0148795 0.010832 0.0112686 0.0103688 0.00996169 0.00888967 0.00823933 0.0322008 0.0196729 0.0108323 0.0095636 0.00974604 0.00943549 0.00926039 0.00890526 0.0108877 0.0127423 0.0206659 0.010614 0.00893627 0.00976496 0.00967969 0.00958989 0.00909629 0.0105487 0.0114199 0.0123493 0.00809721 0.00867629 0.00821332 0.00930139 0.00847799 0.00834041 0.00857832 0.0107558 0.0110572 0.0104882 0.0096856 0.00824434 0.00789326 0.00791082 0.00803921 0.00800055 0.0101231 0.00982323 0.00909329 0.00797042 0.00811477 0.00795265 0.00840858 0.010842 0.0114402 0.00820682 0.00825639 0.00794639 0.00826061 0.00802587 0.00845323 0.00821948 0.0103371 
0.0114639 0.00949373 0.0133964 0.0201519 0.0120858 0.00996337 0.00940243 0.00979264 0.00877642 0.00830996 0.00834439 0.0102396 0.00976698 0.0127815 0.00725295 0.00739406 0.00625218 0.00614089 0.00631324 0.0061132 0.0103068 0.00675828 0.056788 0 0.00392829 0.00621858 0.0427472 0.00909321 0.00516329 0.00565111 0.00555843 0.00579428 0.011948 0.0127002 0.0107299 0.00918976 0.00919695 0.00933622 0.00879429 0.00863803 0.00975833 0.0105108 0.0129904 0.010167 0.00853931 0.00903467 0.00944356 0.00918234 0.00913932 0.0106182 0.00965941 0.00960612 0.00848843 0.0083346 0.00843493 0.00901674 0.00853899 0.00834532 0.0085244 0.0089697 0.00858363 0.00914436 0.00817253 0.0079805 0.00786808 0.00793135 0.00797771 0.00812054 0.00820215 0.00833 0.00839806 0.00796015 0.00806765 0.00800981 0.00827215 0.00844451 0.00873233 0.00800376 0.00810382 0.00814841 0.00821156 0.00817807 0.00826899 0.00812975 0.00880116 
0.0105364 0.0109933 0.00906903 0.0138401 0.0113609 0.00880856 0.00878386 0.00880629 0.00849695 0.00800193 0.00964606 0.00817731 0.0257358 0.00778736 0.00862272 0.00704965 0.00713255 0.00647744 0.00639779 0.00943911 0.0073756 0.00718023 0.0236663 0.00392829 0 0.100223 0.0100488 0.00365271 0.00410009 0.00456635 0.00453364 0.00777226 0.00574928 0.0116997 0.00897066 0.00868557 0.00836788 0.00847677 0.00832116 0.00856058 0.00871562 0.0118393 0.0142257 0.00859928 0.00851298 0.00850109 0.00882044 0.00845668 0.00877987 0.00869278 0.00894408 0.0089351 0.0086416 0.00821474 0.009009 0.00821458 0.00871479 0.00840617 0.00831127 0.00882392 0.0107565 0.00806463 0.00832663 0.00812127 0.00792413 0.00801716 0.00784293 0.00845899 0.00790327 0.00999995 0.00798632 0.00848864 0.00788655 0.0080436 0.00817003 0.00810443 0.00838326 0.00828714 0.00784099 0.0081091 0.00797185 0.00867369 0.00786757 0.00904006 0.0079407 
0.0138302 0.00881465 0.0266424 0.0318911 0.0169132 0.0117488 0.0105611 0.0109171 0.00921095 0.00942856 0.00882849 0.0145173 0.010592 0.0169229 0.00806921 0.00973052 0.00831085 0.00778686 0.00935812 0.00749764 0.0112659 0.0148586 0.0148795 0.00621858 0.100223 0 0.00342141 0.00318876 0.00318859 0.00323437 0.00332934 0.00332363 0.00609798 0.0162383 0.0116822 0.00945388 0.0105071 0.00954834 0.0117622 0.00960466 0.014088 0.0154474 0.0144297 0.0121583 0.00893666 0.0107114 0.00948183 0.0100843 0.00947939 0.0140656 0.0107425 0.0122279 0.00837476 0.00923982 0.00840607 0.0108636 0.00887268 0.0083993 0.00971364 0.0101377 0.00831883 0.0104317 0.00820213 0.00787454 0.00790682 0.0079223 0.00851715 0.00797435 0.00898383 0.00811379 0.00879346 0.00792541 0.00840738 0.0080349 0.00856395 0.0111279 0.0103531 0.00796835 0.00846786 0.0081479 0.00871719 0.00813311 0.00923937 0.00818021 0.0103258 
0.01034 0.0209861 0.00964589 0.0244963 0.0788654 0.0276042 0.02565 0.019486 0.0218351 0.00986374 0.0211327 0.00924933 0.0142783 0.0101866 0.0174418 0.00936168 0.0104424 0.0123834 0.0108963 0.0160403 0.0121602 0.0112626 0.010832 0.0427472 0.0100488 0.00342141 0 0.00318446 0.00320205 0.00324573 0.00334509 0.00474794 0.00363246 0.0140563 0.0210649 0.021977 0.013607 0.0171346 0.0222025 0.0253379 0.0134193 0.0156607 0.0110544 0.0152517 0.0173941 0.0145229 0.0244941 0.0129176 0.0219682 0.0133886 0.0119087 0.00970439 0.0188376 0.00985415 0.0235868 0.0102418 0.0183762 0.0122702 0.00980012 0.0105581 0.00888659 0.00894481 0.00815659 0.00831172 0.00820163 0.00862932 0.00847746 0.00939623 0.00840723 0.00948603 0.00835212 0.0109391 0.00841823 0.0121306 0.0098277 0.00923585 0.00816626 0.0111428 0.00894139 0.0166992 0.00913358 0.0173095 0.00881047 0.0125428 0.00896477 
0.00998085 0.00962158 0.0113599 0.0155061 0.0311481 0.0997176 0.0662001 0.0547002 0.0301846 0.0238755 0.0109792 0.00979479 0.0088854 0.0177798 0.0104375 0.016072 0.0111315 0.0183307 0.019297 0.0135612 0.0151873 0.0102286 0.0112686 0.00909321 0.00365271 0.00318876 0.00318446 0 0.00317663 0.0031806 0.00313023 0.00318355 0.00336893 0.0114985 0.0206135 0.0253667 0.0377296 0.036164 0.0369456 0.0221427 0.0204354 0.00936821 0.00994458 0.0145255 0.0183398 0.0460579 0.0360236 0.0548177 0.0255206 0.0199489 0.00973264 0.0102133 0.0112428 0.0293373 0.0138669 0.0533665 0.0212716 0.0164511 0.0109247 0.00877732 0.00846229 0.00847589 0.00809916 0.00834009 0.00868332 0.00910445 0.0113831 0.00844101 0.00841472 0.0083343 0.0103335 0.00949766 0.0161486 0.0153193 0.0126765 0.00898087 0.00830718 0.00934927 0.0200425 0.0182101 0.0297813 0.0124341 0.0241938 0.00905021 0.0097692 
0.00926599 0.0109498 0.0101761 0.0129921 0.0336682 0.08146 0.0694385 0.100466 0.0463153 0.0172202 0.013595 0.00911883 0.00967573 0.0101462 0.0169951 0.0116251 0.0179082 0.0124191 0.0154511 0.0136487 0.0127506 0.0113941 0.0103688 0.00516329 0.00410009 0.00318859 0.00320205 0.00317663 0 0.00317589 0.0031572 0.00316397 0.00322408 0.0127783 0.0212074 0.0487493 0.0419322 0.0503728 0.0318765 0.0298784 0.013556 0.0105172 0.00934421 0.0151102 0.0228516 0.0335622 0.0508607 0.0501734 0.037601 0.0209204 0.0119739 0.00932632 0.0164552 0.0163423 0.0273042 0.0310813 0.032945 0.0170309 0.0106557 0.00915076 0.00847894 0.00853405 0.00818086 0.00857307 0.00884163 0.0100944 0.00958974 0.00899476 0.00835575 0.00877575 0.0089665 0.013112 0.0125644 0.021287 0.0135935 0.00934361 0.00831469 0.0107639 0.0175504 0.0371093 0.0225814 0.0268334 0.0115838 0.0114645 0.00955969 
0.00900342 0.00981525 0.0103967 0.0130533 0.0254361 0.0513518 0.0925142 0.0500258 0.0455752 0.0162119 0.0129505 0.00977224 0.00932681 0.0105889 0.0131805 0.0153052 0.011138 0.0132715 0.0114804 0.0138928 0.0125921 0.0157857 0.00996169 0.00565111 0.00456635 0.00323437 0.00324573 0.0031806 0.00317589 0 0.00315162 0.00314307 0.00327476 0.0117558 0.0301766 0.0332146 0.0680908 0.037138 0.0270677 0.0181317 0.0161793 0.00931219 0.00952788 0.0126367 0.0211318 0.0265832 0.0545394 0.0316059 0.0391393 0.0181604 0.0113078 0.00935003 0.0121912 0.0163536 0.0337017 0.0211195 0.0233667 0.0145565 0.00975363 0.00876267 0.0084897 0.00842682 0.0081532 0.00834981 0.00864997 0.00911655 0.00923251 0.0085838 0.00836817 0.00860672 0.00858152 0.0116515 0.0125705 0.0155404 0.0125975 0.0095974 0.00836746 0.0100435 0.0175669 0.0244081 0.0208533 0.0157983 0.0108877 0.0100875 0.00909422 
0.00905182 0.0090325 0.0106406 0.0122711 0.0150669 0.0625043 0.0312025 0.0433034 0.0179698 0.0194001 0.0106665 0.00941734 0.00940191 0.0128297 0.0136648 0.0109834 0.0112658 0.00941639 0.0176555 0.00970604 0.0162783 0.00982915 0.00888967 0.00555843 0.00453364 0.00332934 0.00334509 0.00313023 0.0031572 0.00315162 0 0.00316494 0.00315829 0.0147228 0.0203241 0.0440945 0.0301791 0.0190499 0.0136864 0.0146352 0.0120723 0.00852173 0.00948882 0.0121568 0.0146678 0.0333939 0.0217238 0.0373427 0.0192506 0.0201099 0.0100597 0.0095313 0.0103424 0.029542 0.0123271 0.0239569 0.0134104 0.0137781 0.00992909 0.00858461 0.00846755 0.00858925 0.00797896 0.00829969 0.00841992 0.00854043 0.00898367 0.0083554 0.00833285 0.00834112 0.00898647 0.00972763 0.0108974 0.013401 0.0112674 0.00893614 0.00828697 0.00961136 0.0146023 0.0168115 0.0173761 0.0111698 0.011401 0.00874013 0.00951571 
0.00882716 0.0134434 0.00922438 0.0115219 0.0439511 0.0153064 0.0258422 0.0142261 0.0196204 0.013038 0.015124 0.00856634 0.0131591 0.0110177 0.0116008 0.0093641 0.00907036 0.0118738 0.00895932 0.0183016 0.0105009 0.00942484 0.00823933 0.00579428 0.00777226 0.00332363 0.00474794 0.00318355 0.00316397 0.00314307 0.00316494 0 0.00339244 0.0287019 0.0420783 0.0320411 0.0211148 0.0124523 0.0114635 0.011456 0.0102601 0.00866009 0.00964372 0.0144426 0.0147392 0.0135591 0.0210449 0.0135838 0.0208437 0.0135449 0.0117474 0.00877152 0.0311355 0.00977238 0.0149947 0.0101183 0.0140873 0.0101034 0.00956062 0.00870028 0.00926109 0.00834679 0.0082205 0.00836381 0.00834201 0.00849727 0.0082388 0.00913666 0.00823678 0.00938456 0.00907548 0.0106883 0.00891202 0.0106214 0.0110375 0.0088328 0.0105835 0.0113739 0.0114351 0.0137728 0.00982584 0.0127364 0.0085051 0.0111289 0.00853719 
0.0157964 0.00876212 0.01382 0.0554598 0.0103682 0.0117807 0.0108567 0.0126526 0.00932314 0.00958267 0.010377 0.0117256 0.0241819 0.0107649 0.00872815 0.00918832 0.00978399 0.00860453 0.015126 0.00907014 0.0104137 0.0109127 0.0322008 0.011948 0.00574928 0.00609798 0.00363246 0.00336893 0.00322408 0.00327476 0.00315829 0.00339244 0 0.0337834 0.0277745 0.0132337 0.0128136 0.0108141 0.0136932 0.00867734 0.0110361 0.0104399 0.0222018 0.011865 0.00981395 0.0116236 0.00998161 0.0120415 0.0100937 0.0114212 0.0122071 0.0236738 0.00875563 0.0115002 0.00898812 0.0117882 0.00918154 0.00925292 0.00888626 0.0101387 0.0130204 0.00907092 0.0112351 0.00866521 0.00819303 0.00818626 0.00817302 0.00832466 0.00957976 0.0111766 0.0106958 0.00833672 0.00851551 0.00856644 0.00948588 0.0117588 0.0130462 0.00879213 0.00909259 0.00965374 0.00937823 0.00850248 0.00844507 0.00834535 0.0101804 
0.00975727 0.00910993 0.0190036 0.0213315 0.0312268 0.0150372 0.0167378 0.0125418 0.0124351 0.00927633 0.0102168 0.0162677 0.0112741 0.0113098 0.00946413 0.0103032 0.00928431 0.00890837 0.00936412 0.00921116 0.0118545 0.0140584 0.0196729 0.0127002 0.0116997 0.0162383 0.0140563 0.0114985 0.0127783 0.0117558 0.0147228 0.0287019 0.0337834 0 0.00330586 0.00319127 0.00323609 0.00327649 0.00332608 0.00334218 0.00430206 0.00691491 0.00819484 0.00745215 0.00976681 0.00855991 0.0126657 0.00949435 0.0109942 0.0287153 0.772924 0.0111874 0.0099113 0.00997173 0.00995585 0.0119374 0.0121691 0.00945649 0.0114796 0.0171628 0.00903603 0.0137404 0.00832999 0.00812993 0.00814602 0.00826061 0.00842422 0.00883031 0.0111403 0.00881093 0.00881886 0.0088219 0.00885573 0.00950905 0.00955746 0.0140648 0.00961248 0.00875319 0.00912538 0.0104625 0.0100662 0.0100996 0.00987521 0.00993655 0.014559 
0.00920928 0.0110801 0.00976428 0.0185696 0.0426888 0.0498538 0.0299237 0.0329969 0.0190688 0.0125614 0.0141537 0.00957236 0.0101796 0.0113755 0.0128277 0.0112805 0.0108575 0.0109638 0.0104394 0.0118308 0.0138193 0.0102501 0.0108323 0.0107299 0.00897066 0.0116822 0.0210649 0.0206135 0.0212074 0.0301766 0.0203241 0.0420783 0.0277745 0.00330586 0 0.00321697 0.00320537 0.00323355 0.00321787 0.00341933 0.0040525 0.00421538 0.00730831 0.0079894 0.00840686 0.0145143 0.0124774 0.0165796 0.0301585 0.84724 0.0182013 0.0109287 0.0160191 0.0116251 0.0131266 0.0151508 0.0156096 0.011374 0.0124561 0.0102565 0.00982894 0.00887247 0.00828967 0.00859549 0.00871781 0.00872483 0.00872328 0.00939843 0.00867613 0.00924716 0.00902645 0.00973129 0.0107612 0.013219 0.0152087 0.0101071 0.0087664 0.0102087 0.0123277 0.018984 0.0150959 0.0135616 0.0121947 0.0151504 0.0101862 
0.00936116 0.010364 0.0101154 0.016603 0.0505368 0.092761 0.0899807 0.0603513 0.0536555 0.0236508 0.014287 0.0097193 0.0104026 0.0122925 0.0227057 0.0161868 0.0185107 0.0153378 0.0188356 0.0206712 0.0141213 0.0126571 0.0095636 0.00918976 0.00868557 0.00945388 0.021977 0.0253667 0.0487493 0.0332146 0.0440945 0.0320411 0.0132337 0.00319127 0.00321697 0 0.00320607 0.0032039 0.00320881 0.00335778 0.00329194 0.00328289 0.00658786 0.00828641 0.011082 0.0114027 0.0222009 0.0342413 0.860716 0.0195655 0.0228687 0.0100802 0.0154681 0.0168571 0.0196103 0.0259853 0.0254984 0.0231522 0.011623 0.009872 0.00882399 0.00884092 0.00843715 0.00942071 0.00960385 0.0103191 0.0113258 0.00934886 0.00876915 0.00943691 0.00977191 0.0169786 0.017571 0.0338903 0.015974 0.0108013 0.00871506 0.0126166 0.0258271 0.044242 0.0300653 0.0320427 0.022942 0.0131599 0.0113811 
0.00955204 0.0101199 0.0111263 0.0186552 0.0371554 0.109264 0.109377 0.0936832 0.0509142 0.0255636 0.0135416 0.0102868 0.00963342 0.0146311 0.0154213 0.0213109 0.0132277 0.0202061 0.0198568 0.0169954 0.014922 0.0116629 0.00974604 0.00919695 0.00836788 0.0105071 0.013607 0.0377296 0.0419322 0.0680908 0.0301791 0.0211148 0.0128136 0.00323609 0.00320537 0.00320607 0 0.00317804 0.00319905 0.00319656 0.00326628 0.00331542 0.00599708 0.00943678 0.00845449 0.0158469 0.0290494 0.915782 0.0298289 0.0286811 0.00894707 0.0110704 0.013863 0.017353 0.0218906 0.0296056 0.0318373 0.0185642 0.012787 0.00936417 0.00908252 0.0088247 0.00838534 0.00902003 0.00965109 0.0111732 0.0118352 0.00923853 0.00889676 0.00927829 0.012112 0.0141522 0.0215837 0.0259841 0.0210777 0.0104753 0.00920487 0.0130641 0.0298859 0.0429798 0.0516392 0.031045 0.0223206 0.0128223 0.0140686 
0.00888893 0.00962472 0.010247 0.0137052 0.0359504 0.0598636 0.0758144 0.051038 0.0432342 0.0179749 0.0140206 0.00928373 0.00978414 0.0101619 0.0172494 0.0126709 0.0173816 0.0156086 0.0140884 0.01455 0.0123111 0.0129166 0.00943549 0.00933622 0.00847677 0.00954834 0.0171346 0.036164 0.0503728 0.037138 0.0190499 0.0124523 0.0108141 0.00327649 0.00323355 0.0032039 0.00317804 0 0.0031674 0.00317094 0.00324843 0.00324403 0.00582368 0.00720824 0.0113205 0.0243062 0.917546 0.026461 0.0312658 0.0119766 0.009536 0.00916351 0.0129007 0.013711 0.0211271 0.0209204 0.0231871 0.0143583 0.0110104 0.00908464 0.00887826 0.00875151 0.00838674 0.00913049 0.0091058 0.00991718 0.0100559 0.00901566 0.00866502 0.00922605 0.00962522 0.0167502 0.013301 0.0265413 0.0152701 0.0107215 0.00878846 0.0119329 0.0195753 0.0451876 0.0284868 0.0250489 0.0145346 0.0120541 0.0111931 
0.00885378 0.00915177 0.0096187 0.0116768 0.0208215 0.0625625 0.0410477 0.0453835 0.0278874 0.0197076 0.0105828 0.00951487 0.00952587 0.0123413 0.0115344 0.0306509 0.011828 0.0128353 0.0161531 0.0128881 0.0156433 0.0101104 0.00926039 0.00879429 0.00832116 0.0117622 0.0222025 0.0369456 0.0318765 0.0270677 0.0136864 0.0114635 0.0136932 0.00332608 0.00321787 0.00320881 0.00319905 0.0031674 0 0.00315842 0.00320882 0.00318464 0.00404033 0.010309 0.019747 0.917842 0.0218267 0.0241332 0.0120298 0.010709 0.00756744 0.0097921 0.0109909 0.0150695 0.0134109 0.0226838 0.0149997 0.0156417 0.0100518 0.00917251 0.00861585 0.00860372 0.0084581 0.00885462 0.00907417 0.0104023 0.0101781 0.00860606 0.00867596 0.00901217 0.0100601 0.0108094 0.0188026 0.0143929 0.0152866 0.00963692 0.00879071 0.010281 0.0273591 0.027746 0.0287485 0.0167539 0.0156587 0.00970601 0.0105681 
0.00843156 0.00938301 0.00876833 0.0102657 0.0229808 0.0293392 0.0484005 0.0258656 0.0289435 0.0116001 0.0113476 0.00863337 0.00988315 0.00892726 0.0373511 0.0107779 0.0124857 0.0112648 0.0104289 0.0160567 0.00934689 0.01087 0.00890526 0.00863803 0.00856058 0.00960466 0.0253379 0.0221427 0.0298784 0.0181317 0.0146352 0.011456 0.00867734 0.00334218 0.00341933 0.00335778 0.00319656 0.00317094 0.00315842 0 0.00315702 0.00318125 0.00394797 0.0311347 0.896344 0.0242022 0.0152905 0.00924055 0.0137712 0.0075234 0.00772241 0.00845497 0.0146227 0.0105359 0.0202298 0.010603 0.0195124 0.0111397 0.00958614 0.00950609 0.00857312 0.00876104 0.00830418 0.00867775 0.0089104 0.00903265 0.00887911 0.00928099 0.00840159 0.00889884 0.00862291 0.0161454 0.010014 0.0180636 0.0105017 0.00945176 0.00839173 0.0111891 0.0129606 0.0277049 0.014959 0.0207623 0.0110342 0.0118356 0.00922119 
0.0091476 0.00886017 0.0109924 0.0118979 0.0120502 0.0204646 0.0138759 0.0186145 0.0103878 0.0121358 0.00963585 0.00949256 0.00911087 0.0360212 0.00880055 0.0115835 0.00893902 0.00920214 0.010586 0.00923655 0.0167067 0.0089167 0.0108877 0.00975833 0.00871562 0.014088 0.0134193 0.0204354 0.013556 0.0161793 0.0120723 0.0102601 0.0110361 0.00430206 0.0040525 0.00329194 0.00326628 0.00324843 0.00320882 0.00315702 0 0.00339923 0.0121289 0.930987 0.00579515 0.00887795 0.00668751 0.010602 0.00776277 0.0104861 0.00635735 0.0107555 0.0106295 0.0127702 0.0087417 0.0169739 0.00936203 0.0105673 0.0117345 0.00849774 0.0101434 0.00955339 0.00862356 0.00925046 0.0085052 0.00844855 0.00879694 0.00850582 0.00873776 0.00861446 0.0138229 0.00875177 0.0100402 0.00923215 0.0172203 0.00972377 0.009614 0.00936964 0.0124807 0.0111628 0.01521 0.00933873 0.0113697 0.00901041 0.0105707 
0.0109483 0.00913046 0.00856465 0.0152603 0.0106001 0.0090809 0.011137 0.00911759 0.0100216 0.00842065 0.00908085 0.00868339 0.053487 0.00866197 0.00983383 0.00836242 0.00881517 0.00858367 0.00841442 0.0102756 0.00831004 0.0108041 0.0127423 0.0105108 0.0118393 0.0154474 0.0156607 0.00936821 0.0105172 0.00931219 0.00852173 0.00866009 0.0104399 0.00691491 0.00421538 0.00328289 0.00331542 0.00324403 0.00318464 0.00318125 0.00339923 0 0.418287 0.0163489 0.00369048 0.00583808 0.00549538 0.00525905 0.00755696 0.00541774 0.00698819 0.011368 0.00979435 0.00808468 0.0109287 0.00839658 0.010518 0.00869812 0.00833995 0.0161311 0.0144362 0.00865827 0.010884 0.00847491 0.00825844 0.00826729 0.0080265 0.00883897 0.00838528 0.028379 0.00838606 0.0096109 0.00826626 0.00882317 0.0085375 0.00995752 0.0100218 0.00921227 0.00836508 0.0103461 0.00858358 0.0103332 0.00818416 0.0106224 0.00865635 
0.00961171 0.0085122 0.0149202 0.0141741 0.0129523 0.0114521 0.0110106 0.00983753 0.0113948 0.00939792 0.0151327 0.0134923 0.00908151 0.00930134 0.00869877 0.00917488 0.00873417 0.00841244 0.00881465 0.00852238 0.00999563 0.0141009 0.0206659 0.0129904 0.0142257 0.0144297 0.0110544 0.00994458 0.00934421 0.00952788 0.00948882 0.00964372 0.0222018 0.00819484 0.00730831 0.00658786 0.00599708 0.00582368 0.00404033 0.00394797 0.0121289 0.418287 0 0.00329998 0.00323425 0.00321582 0.0032375 0.00328788 0.00341461 0.00377965 0.0060906 0.00813381 0.00767257 0.00827933 0.00872538 0.00966387 0.0106548 0.00912583 0.179063 0.0952445 0.00901466 0.0153375 0.00822042 0.00815378 0.00820742 0.00818354 0.00844334 0.0086878 0.0117085 0.00874578 0.00879535 0.0086281 0.00872274 0.009293 0.00962657 0.0171434 0.00966647 0.00854672 0.00902563 0.00908965 0.00934164 0.00975589 0.0089992 0.0106037 0.0176894 
0.00837787 0.00867816 0.00936806 0.0124364 0.0153875 0.0279394 0.0152587 0.0231121 0.0104652 0.0130977 0.00962979 0.0093632 0.00862522 0.00975238 0.00895835 0.00979771 0.0089152 0.00909081 0.00976966 0.0090525 0.0149216 0.00890221 0.010614 0.010167 0.00859928 0.0121583 0.0152517 0.0145255 0.0151102 0.0126367 0.0121568 0.0144426 0.011865 0.00745215 0.0079894 0.00828641 0.00943678 0.00720824 0.010309 0.0311347 0.930987 0.0163489 0.00329998 0 0.00322833 0.00322284 0.00325502 0.00324261 0.00330142 0.00366734 0.00382174 0.00796034 0.00884604 0.0109956 0.00897176 0.0130374 0.012343 0.284848 0.0238038 0.00905661 0.00976929 0.0093213 0.00820239 0.0083063 0.00838071 0.00843013 0.0086848 0.00870496 0.00854216 0.00871366 0.00943691 0.00851737 0.0112038 0.0100267 0.0142178 0.00947841 0.00889626 0.00928752 0.0118186 0.0118488 0.0207426 0.00949615 0.0139388 0.00955795 0.021737 
