1H2CA
VSSAFILEAMVNVISGPKVLMKQIPIWLPLGVADQKTYSFDSTTAAIMLASYTITHFGKATNPLVRVNRLGPGIPDHPLRLLRIGNQAFLQEFVLPPVQLPQYFTFDLTALKLITQPLPAATWT
CCEEEEEEEEEEEEEECCEEEEEEEEEEEEEEECCCCCCHHHHHHHHHHCCEEEEEECCCCCCEEEEEECCCCCCCCCCHHHHCCEEEEEHHHHCCCCCCCCCCEEEEEEEEEEEEECCCCCCC
0 0 0 0 0 0 0 0 0 0 0 0 0 0 0 0 0 0 0 0 0 0 0 0 0 0 0 0 0 0 0 0 0 0 0 0 0 0 0 0 0 0 0 0 0 0 0 0 0 0 0 0 0 0 0 0 0 0 0 0 0 0 0 0 0 0 0 0 0 0 0 0 0 0 0 0 0 0 0 0 0 0 0 0 0 0 0 0 0 0 0 0 0 0 0 0 0 0 0 0 0 0 0 0 0 0 0 0 0 0 0 0 0 0 0 0 0 0 0 0 0 0 0 0 
0 0 0 0 0 0 0 0 0 0 0 0 0 0 0 0 0 0 0 0 0 0 0 0 0 0 0 0 0 0 0 0 0 0 0 0 0 0 0 0 0 0 0 0 0 0 0 0 0 0 0 0 0 0 0 0 0 0 0 0 0 0 0 0 0 0 0 0 0 0 0 0 0 0 0 0 0 0 0 0 0 0 0 0 0 0 0 0 0 0 0 0 0 0 0 0 0 0 0 0 0 0 0 0 0 0 0 0 0 0 0 0 0 0 0 0 0 0 0 0 0 0 0 0 
0 0.0032824 0.00329741 0.00331315 0.00336975 0.00387411 0.00444864 0.00376343 0.00392685 0.00647496 0.00609119 0.00648817 0.00711199 0.017123 0.0113288 0.00795145 0.0117966 0.00948205 0.0123002 0.00945493 0.0100389 0.0100705 0.0113088 0.0121243 0.0101005 0.010809 0.01094 0.0553915 0.108777 0.0148954 0.010831 0.0107199 0.0101601 0.0100034 0.0136263 0.0115433 0.00971211 0.00999046 0.0108864 0.00947687 0.0117482 0.00851453 0.00816564 0.00825425 0.00908827 0.0105688 0.00871787 0.00890815 0.00826113 0.00836184 0.00812228 0.00834753 0.00836688 0.00856347 0.00847274 0.0083035 0.00808855 0.00800054 0.00905242 
0.0032824 0 0.0032746 0.00319044 0.00320484 0.00321142 0.0034418 0.00346643 0.00421725 0.00417608 0.00616694 0.00645325 0.0107566 0.00673091 0.00769595 0.00950489 0.00837084 0.010049 0.00979852 0.0178649 0.0102722 0.0159553 0.0175439 0.0194881 0.0141666 0.025471 0.101348 0.15225 0.011348 0.01346 0.0166183 0.0226343 0.0166912 0.0187023 0.0114281 0.0102283 0.0231358 0.01349 0.014688 0.0135561 0.0103767 0.00828334 0.00925799 0.00965666 0.0130647 0.00979274 0.00828631 0.0102492 0.00899457 0.00941119 0.00906565 0.00914646 0.0108002 0.00927024 0.0102689 0.00916263 0.0085297 0.00854553 0.00822961 
0.00329741 0.0032746 0 0.00319839 0.00319853 0.00319725 0.00333001 0.00349362 0.00368259 0.00506731 0.00626363 0.0167337 0.0104053 0.00642183 0.00867079 0.00946571 0.0127434 0.00980102 0.0171124 0.0112617 0.0120023 0.0217651 0.0222768 0.0223606 0.0395219 0.204683 0.171231 0.0138943 0.00994449 0.0112859 0.0216393 0.0378547 0.0320934 0.0183015 0.0112481 0.0111709 0.0212934 0.0400761 0.0254715 0.0128059 0.00959007 0.00868417 0.00999328 0.0191734 0.0122491 0.00935529 0.00910719 0.0121209 0.0143613 0.01252 0.0136347 0.0136246 0.0128144 0.0185335 0.0167972 0.0146178 0.0101675 0.00838136 0.00861383 
0.00331315 0.00319044 0.00319839 0 0.00313868 0.00317452 0.00313072 0.00325686 0.00390562 0.00389281 0.0102419 0.0120681 0.00545623 0.00595594 0.00903768 0.00831995 0.00869085 0.0113669 0.0117667 0.0101421 0.0156134 0.0126632 0.0379814 0.0214304 0.695965 0.0217981 0.0217438 0.0137583 0.00937952 0.0115146 0.0226442 0.019941 0.0366532 0.0141098 0.0106583 0.011476 0.0137201 0.0421566 0.0126303 0.0177896 0.00904637 0.00892995 0.0092603 0.0151993 0.00970473 0.00973359 0.00918741 0.0100241 0.0166717 0.00953802 0.0124545 0.0107531 0.0105652 0.017286 0.0115379 0.0150203 0.00899016 0.00856717 0.00820339 
0.00336975 0.00320484 0.00319853 0.00313868 0 0.00314413 0.00319582 0.00318573 0.00327155 0.00527965 0.0045679 0.00389293 0.00391042 0.00491216 0.00642338 0.00721271 0.00789148 0.00940878 0.0076524 0.0171556 0.00719431 0.0347034 0.00968702 0.790354 0.0090477 0.0204266 0.0101489 0.0112877 0.0103883 0.0156087 0.00950762 0.0682434 0.0104115 0.0160831 0.00986383 0.00891914 0.030391 0.00937499 0.0746485 0.00863947 0.0116972 0.00824456 0.011205 0.00883111 0.0136552 0.00910427 0.00806564 0.0206724 0.00848551 0.0264854 0.00847931 0.0104066 0.017639 0.00881637 0.0247772 0.00914555 0.00940981 0.00811909 0.00814717 
0.00387411 0.00321142 0.00319725 0.00317452 0.00314413 0 0.00314593 0.00319413 0.00320145 0.00462745 0.003242 0.00337845 0.00339279 0.00371273 0.00707933 0.00728666 0.00784026 0.00787461 0.0181742 0.0064496 0.034042 0.008209 0.875485 0.00982595 0.0279565 0.00882071 0.0236985 0.0107394 0.00966283 0.00890094 0.0397815 0.0101698 0.0494789 0.0108823 0.00969507 0.0108202 0.00906268 0.0854543 0.00882321 0.0302184 0.0083663 0.00987518 0.0083502 0.0181709 0.00934399 0.00980064 0.0107597 0.00834988 0.0324806 0.00847217 0.0131002 0.0103433 0.00855944 0.0347237 0.00890198 0.0112226 0.00875598 0.00820693 0.00809513 
0.00444864 0.0034418 0.00333001 0.00313072 0.00319582 0.00314593 0 0.00315742 0.00317157 0.00318082 0.00330743 0.00349155 0.00327732 0.00342516 0.0060781 0.00788635 0.00754075 0.0104715 0.00619356 0.0288916 0.00793794 0.905462 0.0126439 0.0274741 0.00867434 0.0238285 0.0109695 0.0182347 0.0097558 0.0178407 0.0088764 0.0659011 0.0105972 0.015185 0.00950131 0.00925993 0.0357417 0.0095744 0.0741503 0.00862517 0.0101746 0.00819192 0.0121534 0.00899871 0.0117164 0.00911776 0.00813193 0.020316 0.00845622 0.0224879 0.0092184 0.0102127 0.0195171 0.00935952 0.0191523 0.0092231 0.00913827 0.00816594 0.00807862 
0.00376343 0.00346643 0.00349362 0.00325686 0.00318573 0.00319413 0.00315742 0 0.00314806 0.00316808 0.00319115 0.00324214 0.00328239 0.00330145 0.00575813 0.00657767 0.00796855 0.00616514 0.0230903 0.00846832 0.87413 0.00960716 0.0313933 0.00789005 0.0198254 0.00879582 0.0350153 0.0118705 0.00886446 0.00904192 0.035292 0.0105548 0.0479928 0.01172 0.00964302 0.0112121 0.00970687 0.0871371 0.00952442 0.0194254 0.00865675 0.00907157 0.00846688 0.0156209 0.00932586 0.00982202 0.00970354 0.008841 0.0237319 0.00887933 0.0123867 0.0117788 0.00939505 0.0214087 0.00994273 0.0118064 0.00878947 0.00809558 0.00817799 
0.00392685 0.00421725 0.00368259 0.00390562 0.00327155 0.00320145 0.00317157 0.00314806 0 0.00315624 0.00318884 0.00318848 0.00319721 0.00320568 0.00565673 0.008771 0.00900229 0.00880882 0.0102004 0.88831 0.00803765 0.019518 0.00858329 0.0289942 0.00840775 0.0202703 0.0111492 0.012318 0.00984974 0.0193212 0.0093636 0.0789913 0.0136422 0.0190063 0.0101178 0.00980597 0.0408344 0.0113412 0.0751743 0.00953818 0.0108628 0.00831563 0.0117608 0.0106603 0.0130718 0.00923856 0.00835171 0.0198009 0.00931325 0.0279099 0.0110092 0.0120214 0.021265 0.0109026 0.0243211 0.00997637 0.00954688 0.00818655 0.00800314 
0.00647496 0.00417608 0.00506731 0.00389281 0.00527965 0.00462745 0.00318082 0.00316808 0.00315624 0 0.00316474 0.00322214 0.00317475 0.00318112 0.00556245 0.00486986 0.00504896 0.016427 0.879647 0.00695031 0.00908166 0.00705675 0.0302523 0.00768009 0.0243111 0.00852288 0.0212478 0.010781 0.00914742 0.00937629 0.0475472 0.0132079 0.0492992 0.0122514 0.00918063 0.0123597 0.010814 0.0796636 0.00966458 0.0236799 0.0086763 0.00943484 0.00873922 0.0198506 0.00951964 0.00973382 0.0117945 0.00883522 0.0304803 0.00897925 0.0138656 0.0120956 0.00947195 0.0294637 0.00982394 0.0128814 0.00908688 0.00825677 0.00825916 
0.00609119 0.00616694 0.00626363 0.0102419 0.0045679 0.003242 0.00330743 0.00319115 0.00318884 0.00316474 0 0.00317893 0.00319166 0.00317828 0.00389747 0.00531565 0.0357144 0.809495 0.00643405 0.0165323 0.00566486 0.0168853 0.00808296 0.0186504 0.00868943 0.0156116 0.0100757 0.0103018 0.00942156 0.018674 0.0125557 0.0510098 0.0110649 0.0122187 0.00915506 0.00945475 0.0289733 0.0104812 0.0568441 0.0090822 0.00927058 0.00830926 0.0104971 0.00907387 0.010323 0.0087291 0.00820128 0.0150385 0.00878733 0.0166973 0.0092637 0.00914527 0.0152652 0.00899704 0.0163651 0.0094406 0.00867356 0.00814042 0.00813072 
0.00648817 0.00645325 0.0167337 0.0120681 0.00389293 0.00337845 0.00349155 0.00324214 0.00318848 0.00322214 0.00317893 0 0.00316243 0.00315995 0.00367469 0.114271 0.172288 0.010627 0.00909592 0.00535065 0.00715672 0.00734873 0.00886899 0.00798636 0.0101464 0.0087382 0.0102039 0.00929848 0.00793743 0.00981273 0.0105349 0.0110245 0.0149522 0.00999916 0.00862088 0.00894374 0.00907735 0.0171114 0.00956106 0.00968746 0.00823765 0.00829863 0.00823476 0.00967921 0.00860854 0.00848209 0.00838653 0.00855552 0.00932295 0.00879777 0.00864325 0.00876862 0.00860518 0.00932499 0.00891871 0.00880251 0.00827672 0.00799427 0.00800031 
0.00711199 0.0107566 0.0104053 0.00545623 0.00391042 0.00339279 0.00327732 0.00328239 0.00319721 0.00317475 0.00319166 0.00316243 0 0.00324133 0.00531107 0.171631 0.00554325 0.00482904 0.00770347 0.0048551 0.00482301 0.00583531 0.00632249 0.00625765 0.00694483 0.00732206 0.00907218 0.00849236 0.00778171 0.0100809 0.012821 0.00911779 0.00953768 0.0107229 0.00855324 0.0105736 0.00983788 0.00981949 0.0087397 0.00892901 0.00819362 0.00869908 0.00845514 0.00857777 0.00853555 0.00835956 0.00913196 0.0084825 0.00837821 0.00824378 0.00827074 0.00808199 0.00824742 0.00827135 0.00835153 0.00820178 0.00800283 0.00795344 0.00787333 
0.017123 0.00673091 0.00642183 0.00595594 0.00491216 0.00371273 0.00342516 0.00330145 0.00320568 0.00318112 0.00317828 0.00315995 0.00324133 0 0.938743 0.00376953 0.0036811 0.00335471 0.00390244 0.0037454 0.00365022 0.00491282 0.00508044 0.00532929 0.00614589 0.00673652 0.00666839 0.00669942 0.00723706 0.0183085 0.00891701 0.00868968 0.00854484 0.00833933 0.00878052 0.0142723 0.0090511 0.00825366 0.00875219 0.00808592 0.00834163 0.00936079 0.00806002 0.00799464 0.00815142 0.00816933 0.00864287 0.00852959 0.00796794 0.0084247 0.00787693 0.0079623 0.00812706 0.0079413 0.00810449 0.00794683 0.00787709 0.00784218 0.00786776 
0.0113288 0.00769595 0.00867079 0.00903768 0.00642338 0.00707933 0.0060781 0.00575813 0.00565673 0.00556245 0.00389747 0.00367469 0.00531107 0.938743 0 0.00321093 0.00315002 0.00404906 0.00327337 0.00347129 0.00327113 0.00379404 0.00385425 0.0049139 0.00543054 0.00608942 0.00643293 0.00727801 0.0258452 0.0199271 0.00983742 0.0102066 0.00953648 0.00902062 0.0141109 0.0128326 0.0101008 0.00965093 0.0100561 0.00967053 0.0133625 0.00875197 0.00823995 0.00821452 0.00889636 0.0153803 0.00911075 0.00938003 0.00826298 0.00839163 0.00814416 0.00818154 0.00852303 0.00820624 0.0088095 0.00818288 0.00836621 0.0082528 0.00997951 
0.00795145 0.00950489 0.00946571 0.00831995 0.00721271 0.00728666 0.00788635 0.00657767 0.008771 0.00486986 0.00531565 0.114271 0.171631 0.00376953 0.00321093 0 0.00743121 0.00315089 0.00317853 0.00351132 0.00320289 0.00332105 0.00433693 0.0047567 0.00471858 0.00545705 0.00596794 0.0114372 0.00679989 0.0103205 0.0152999 0.0094235 0.00988903 0.0101518 0.00877706 0.00948312 0.00983653 0.0103976 0.00902441 0.00986312 0.00873892 0.00818957 0.00827706 0.00864026 0.00890822 0.00870924 0.00832039 0.00859278 0.00846716 0.00828094 0.00818539 0.00873653 0.00823933 0.00888045 0.00837298 0.00879965 0.00824942 0.00829206 0.00809543 
0.0117966 0.00837084 0.0127434 0.00869085 0.00789148 0.00784026 0.00754075 0.00796855 0.00900229 0.00504896 0.0357144 0.172288 0.00554325 0.0036811 0.00315002 0.00743121 0 0.00315057 0.00315927 0.00324059 0.00317575 0.00326528 0.00339737 0.00419398 0.00446812 0.00456483 0.00636734 0.00550094 0.00619715 0.010337 0.00938179 0.0113015 0.0101086 0.00870087 0.00886707 0.00882769 0.00893835 0.0101246 0.0100839 0.00972596 0.00835905 0.00805957 0.00810402 0.00903959 0.00841999 0.00874244 0.00803561 0.00863784 0.00839294 0.00866834 0.00860042 0.00812522 0.00909971 0.00826215 0.00950844 0.00851954 0.00818354 0.00807526 0.0079498 
0.00948205 0.010049 0.00980102 0.0113669 0.00940878 0.00787461 0.0104715 0.00616514 0.00880882 0.016427 0.809495 0.010627 0.00482904 0.00335471 0.00404906 0.00315089 0.00315057 0 0.00340549 0.00315254 0.00315205 0.00316748 0.00328383 0.0039 0.00328575 0.00450076 0.00459461 0.00616082 0.00577917 0.0102974 0.00927352 0.0134962 0.00935378 0.0106336 0.00867293 0.00974548 0.00963063 0.00918767 0.0208657 0.00865991 0.00877303 0.00802245 0.0086526 0.00839013 0.00974753 0.00849271 0.00812882 0.00929739 0.00821398 0.0117324 0.0081352 0.00929769 0.00858396 0.0090086 0.00963845 0.00837649 0.00839407 0.0080843 0.00796931 
0.0123002 0.00979852 0.0171124 0.0117667 0.0076524 0.0181742 0.00619356 0.0230903 0.0102004 0.879647 0.00643405 0.00909592 0.00770347 0.00390244 0.00327337 0.00317853 0.00315927 0.00340549 0 0.00308074 0.00311777 0.00314696 0.00319404 0.00320483 0.00695595 0.0033152 0.00411604 0.00423849 0.0044312 0.00890004 0.0276896 0.00890633 0.0227274 0.00898103 0.00950078 0.0108536 0.00885271 0.0336907 0.00850841 0.0185641 0.00821331 0.00900442 0.00815151 0.0127703 0.0085632 0.00893942 0.00940439 0.00827707 0.0160756 0.00827024 0.0111667 0.00840448 0.00869163 0.0128254 0.00870509 0.0097874 0.00852184 0.00799999 0.00795527 
0.00945493 0.0178649 0.0112617 0.0101421 0.0171556 0.0064496 0.0288916 0.00846832 0.88831 0.00695031 0.0165323 0.00535065 0.0048551 0.0037454 0.00347129 0.00351132 0.00324059 0.00315254 0.00308074 0 0.00313807 0.0031675 0.00314738 0.00521027 0.00318212 0.00424199 0.00346026 0.00364747 0.00513061 0.0213799 0.00862467 0.0497122 0.00869757 0.0187265 0.00871237 0.0089901 0.0219711 0.00879049 0.0530064 0.00839319 0.00941777 0.00810716 0.0135041 0.00832463 0.00993778 0.00851741 0.00807946 0.0183795 0.00813476 0.0232787 0.00821549 0.0095424 0.0137962 0.00849824 0.0217128 0.00842389 0.00866041 0.00807132 0.00796694 
0.0100389 0.0102722 0.0120023 0.0156134 0.00719431 0.034042 0.00793794 0.87413 0.00803765 0.00908166 0.00566486 0.00715672 0.00482301 0.00365022 0.00327113 0.00320289 0.00317575 0.00315205 0.00311777 0.00313807 0 0.00314226 0.00317732 0.00309988 0.00311791 0.00315727 0.00335329 0.00340371 0.00375953 0.00834373 0.0381628 0.00830148 0.0281015 0.00864157 0.00854532 0.0104997 0.00853747 0.0600771 0.00836808 0.0170263 0.00817702 0.0107308 0.00821827 0.0161722 0.00841446 0.00897111 0.0108884 0.00813908 0.0259551 0.00826223 0.0148384 0.00930888 0.00842278 0.0200425 0.00855987 0.011484 0.00850993 0.00829337 0.00793648 
0.0100705 0.0159553 0.0217651 0.0126632 0.0347034 0.008209 0.905462 0.00960716 0.019518 0.00705675 0.0168853 0.00734873 0.00583531 0.00491282 0.00379404 0.00332105 0.00326528 0.00316748 0.00314696 0.0031675 0.00314226 0 0.00316192 0.00316164 0.00314913 0.00321132 0.00327707 0.00330331 0.00355017 0.0277138 0.0089456 0.0674927 0.00952788 0.0141473 0.00985054 0.00946115 0.032963 0.00910697 0.0914352 0.00863896 0.0114722 0.0082649 0.0144886 0.00886696 0.0160952 0.0091372 0.00813142 0.0325933 0.00855592 0.0418724 0.0088105 0.0112398 0.0273587 0.00898765 0.0317585 0.00946853 0.0101067 0.00821156 0.00828788 
0.0113088 0.0175439 0.0222768 0.0379814 0.00968702 0.875485 0.0126439 0.0313933 0.00858329 0.0302523 0.00808296 0.00886899 0.00632249 0.00508044 0.00385425 0.00433693 0.00339737 0.00328383 0.00319404 0.00314738 0.00317732 0.00316192 0 0.00315138 0.00314863 0.0032119 0.00315999 0.00317457 0.00362441 0.0094513 0.0416646 0.00936535 0.0497234 0.0104431 0.0123895 0.012944 0.00922922 0.104743 0.00872192 0.0351868 0.00841068 0.0105712 0.00839779 0.0263085 0.00900971 0.00970062 0.0120631 0.00829017 0.0448393 0.00847998 0.0177166 0.0120976 0.00888101 0.040887 0.00899245 0.0150415 0.00898223 0.00862716 0.00800616 
0.0121243 0.0194881 0.0223606 0.0214304 0.790354 0.00982595 0.0274741 0.00789005 0.0289942 0.00768009 0.0186504 0.00798636 0.00625765 0.00532929 0.0049139 0.0047567 0.00419398 0.0039 0.00320483 0.00521027 0.00309988 0.00316164 0.00315138 0 0.00313697 0.00317044 0.00318619 0.00342202 0.00322742 0.0177855 0.00900394 0.0594373 0.0104671 0.0154417 0.00929989 0.00875909 0.0257594 0.00923664 0.0661343 0.00865237 0.00909382 0.0081548 0.0137898 0.00895853 0.0106821 0.00871786 0.00810572 0.0207269 0.00841337 0.0241055 0.00901761 0.00962337 0.0176314 0.00908093 0.0196467 0.00900073 0.00942072 0.00818355 0.00807346 
0.0101005 0.0141666 0.0395219 0.695965 0.0090477 0.0279565 0.00867434 0.0198254 0.00840775 0.0243111 0.00868943 0.0101464 0.00694483 0.00614589 0.00543054 0.00471858 0.00446812 0.00328575 0.00695595 0.00318212 0.00311791 0.00314913 0.00314863 0.00313697 0 0.00315993 0.00315274 0.00316454 0.00333432 0.00903579 0.0274937 0.00929516 0.0409381 0.00993726 0.0092878 0.0107073 0.00908084 0.0379113 0.00859212 0.0131716 0.00824508 0.00960553 0.00828094 0.0138483 0.00861295 0.00892906 0.00905346 0.00828715 0.01867 0.00853281 0.011649 0.0103872 0.00859482 0.0212637 0.00899734 0.011325 0.0087526 0.00803727 0.007954 
0.010809 0.025471 0.204683 0.0217981 0.0204266 0.00882071 0.0238285 0.00879582 0.0202703 0.00852288 0.0156116 0.0087382 0.00732206 0.00673652 0.00608942 0.00545705 0.00456483 0.00450076 0.0033152 0.00424199 0.00315727 0.00321132 0.0032119 0.00317044 0.00315993 0 0.00316406 0.00319152 0.00322057 0.0210831 0.0100906 0.0396649 0.0100645 0.0115962 0.0107889 0.00961433 0.020898 0.00919069 0.0337048 0.00862512 0.00972202 0.00819094 0.0108019 0.00877283 0.0108459 0.00889893 0.0081555 0.0183061 0.00850824 0.0179992 0.00899423 0.00969529 0.0150339 0.00880345 0.0181718 0.00887308 0.00882278 0.00814029 0.00831638 
0.01094 0.101348 0.171231 0.0217438 0.0101489 0.0236985 0.0109695 0.0350153 0.0111492 0.0212478 0.0100757 0.0102039 0.00907218 0.00666839 0.00643293 0.00596794 0.00636734 0.00459461 0.00411604 0.00346026 0.00335329 0.00327707 0.00315999 0.00318619 0.00315274 0.00316406 0 0.00317535 0.00316147 0.0122149 0.0432351 0.0141687 0.0269061 0.0162327 0.0093964 0.0102491 0.0097489 0.0339938 0.00947267 0.0119596 0.00851327 0.00884172 0.00852805 0.0138024 0.009082 0.00901277 0.00884388 0.00864808 0.01454 0.00876579 0.0100765 0.00969759 0.00904758 0.0150249 0.00953015 0.0105374 0.00867246 0.0081557 0.0081207 
0.0553915 0.15225 0.0138943 0.0137583 0.0112877 0.0107394 0.0182347 0.0118705 0.012318 0.010781 0.0103018 0.00929848 0.00849236 0.00669942 0.00727801 0.0114372 0.00550094 0.00616082 0.00423849 0.00364747 0.00340371 0.00330331 0.00317457 0.00342202 0.00316454 0.00319152 0.00317535 0 0.00507049 0.0126516 0.0248361 0.0279166 0.0174959 0.0322931 0.00984739 0.0105832 0.0130452 0.00981009 0.0101996 0.0119235 0.00883823 0.00889271 0.0108894 0.00863132 0.0100335 0.00912754 0.0120948 0.00967735 0.00876973 0.00875069 0.00865217 0.00848448 0.00883959 0.00860269 0.00893365 0.00870924 0.00832198 0.00816178 0.00808996 
0.108777 0.011348 0.00994449 0.00937952 0.0103883 0.00966283 0.0097558 0.00886446 0.00984974 0.00914742 0.00942156 0.00793743 0.00778171 0.00723706 0.0258452 0.00679989 0.00619715 0.00577917 0.0044312 0.00513061 0.00375953 0.00355017 0.00362441 0.00322742 0.00333432 0.00322057 0.00316147 0.00507049 0 0.062056 0.0108015 0.013879 0.0122116 0.0127031 0.0279379 0.0219611 0.0103089 0.00875796 0.010474 0.00907628 0.0121569 0.013429 0.00847799 0.00858073 0.00864484 0.0110742 0.0106314 0.00938872 0.00823433 0.00893593 0.00825698 0.00815343 0.0087561 0.00812773 0.0089769 0.00820368 0.00814487 0.00806916 0.00831622 
0.0148954 0.01346 0.0112859 0.0115146 0.0156087 0.00890094 0.0178407 0.00904192 0.0193212 0.00937629 0.018674 0.00981273 0.0100809 0.0183085 0.0199271 0.0103205 0.010337 0.0102974 0.00890004 0.0213799 0.00834373 0.0277138 0.0094513 0.0177855 0.00903579 0.0210831 0.0122149 0.0126516 0.062056 0 0.00325001 0.00353627 0.00321934 0.00338292 0.00586756 0.00748295 0.0118874 0.00784512 0.0212382 0.0168659 0.879754 0.00925916 0.0123215 0.00871572 0.014149 0.0236198 0.00889213 0.0213025 0.00832176 0.0155389 0.00853939 0.0115211 0.0135751 0.00850896 0.0186595 0.00880169 0.00965313 0.00905422 0.0163643 
0.010831 0.0166183 0.0216393 0.0226442 0.00950762 0.0397815 0.0088764 0.035292 0.0093636 0.0475472 0.0125557 0.0105349 0.012821 0.00891701 0.00983742 0.0152999 0.00938179 0.00927352 0.0276896 0.00862467 0.0381628 0.0089456 0.0416646 0.00900394 0.0274937 0.0100906 0.0432351 0.0248361 0.0108015 0.00325001 0 0.00318815 0.00312973 0.003454 0.00339166 0.0071737 0.00666643 0.020394 0.00761785 0.943515 0.00968923 0.0157475 0.00850562 0.0208464 0.0108059 0.0134765 0.0196496 0.00857371 0.0446162 0.00839164 0.0240434 0.0113146 0.00864649 0.0353649 0.00892314 0.0130801 0.00884783 0.0125771 0.00905454 
0.0107199 0.0226343 0.0378547 0.019941 0.0682434 0.0101698 0.0659011 0.0105548 0.0789913 0.0132079 0.0510098 0.0110245 0.00911779 0.00868968 0.0102066 0.0094235 0.0113015 0.0134962 0.00890633 0.0497122 0.00830148 0.0674927 0.00936535 0.0594373 0.00929516 0.0396649 0.0141687 0.0279166 0.013879 0.00353627 0.00318815 0 0.00319046 0.00324294 0.003201 0.00523737 0.012728 0.00820142 0.937037 0.00825238 0.00923045 0.00848579 0.0230998 0.00910616 0.017542 0.00936876 0.00852707 0.0616622 0.00859327 0.0882342 0.00917415 0.011894 0.0414302 0.00923346 0.06044 0.0102603 0.0129737 0.00852653 0.0083814 
0.0101601 0.0166912 0.0320934 0.0366532 0.0104115 0.0494789 0.0105972 0.0479928 0.0136422 0.0492992 0.0110649 0.0149522 0.00953768 0.00854484 0.00953648 0.00988903 0.0101086 0.00935378 0.0227274 0.00869757 0.0281015 0.00952788 0.0497234 0.0104671 0.0409381 0.0100645 0.0269061 0.0174959 0.0122116 0.00321934 0.00312973 0.00319046 0 0.00316613 0.00317858 0.00566785 0.00686622 0.933964 0.00735356 0.0132364 0.00652398 0.0116017 0.0086823 0.0365028 0.00996533 0.00996141 0.025296 0.0088359 0.0820913 0.00874842 0.0177114 0.0138424 0.00954336 0.0424145 0.00987847 0.0180087 0.00966605 0.00860308 0.00838217 
0.0100034 0.0187023 0.0183015 0.0141098 0.0160831 0.0108823 0.015185 0.01172 0.0190063 0.0122514 0.0122187 0.00999916 0.0107229 0.00833933 0.00902062 0.0101518 0.00870087 0.0106336 0.00898103 0.0187265 0.00864157 0.0141473 0.0104431 0.0154417 0.00993726 0.0115962 0.0162327 0.0322931 0.0127031 0.00338292 0.003454 0.00324294 0.00316613 0 0.00326059 0.00619046 0.938142 0.008828 0.00744426 0.00727474 0.00693477 0.0085416 0.0163975 0.00911611 0.0133176 0.00950764 0.00905526 0.0253488 0.00909774 0.010269 0.00901154 0.00903038 0.0100174 0.00925804 0.0120757 0.00924376 0.00875525 0.00872493 0.00811543 
0.0136263 0.0114281 0.0112481 0.0106583 0.00986383 0.00969507 0.00950131 0.00964302 0.0101178 0.00918063 0.00915506 0.00862088 0.00855324 0.00878052 0.0141109 0.00877706 0.00886707 0.00867293 0.00950078 0.00871237 0.00854532 0.00985054 0.0123895 0.00929989 0.0092878 0.0107889 0.0093964 0.00984739 0.0279379 0.00586756 0.00339166 0.003201 0.00317858 0.00326059 0 0.879315 0.00599917 0.00578302 0.00535437 0.00602947 0.00679706 0.0153411 0.00909857 0.00869813 0.00889885 0.0123993 0.0174027 0.00994194 0.00896394 0.00909618 0.00894792 0.00886632 0.0108588 0.00919297 0.00905327 0.00849626 0.00849106 0.00824239 0.00878667 
0.0115433 0.0102283 0.0111709 0.011476 0.00891914 0.0108202 0.00925993 0.0112121 0.00980597 0.0123597 0.00945475 0.00894374 0.0105736 0.0142723 0.0128326 0.00948312 0.00882769 0.00974548 0.0108536 0.0089901 0.0104997 0.00946115 0.012944 0.00875909 0.0107073 0.00961433 0.0102491 0.0105832 0.0219611 0.00748295 0.0071737 0.00523737 0.00566785 0.00619046 0.879315 0 0.00324684 0.00326993 0.00319317 0.00355636 0.00393209 0.0269141 0.00857073 0.0098914 0.0104958 0.291588 0.0143297 0.0107491 0.0108485 0.00901968 0.0100807 0.0106572 0.0102091 0.0113917 0.00969137 0.00945773 0.00880935 0.00976564 0.0206245 
0.00971211 0.0231358 0.0212934 0.0137201 0.030391 0.00906268 0.0357417 0.00970687 0.0408344 0.010814 0.0289733 0.00907735 0.00983788 0.0090511 0.0101008 0.00983653 0.00893835 0.00963063 0.00885271 0.0219711 0.00853747 0.032963 0.00922922 0.0257594 0.00908084 0.020898 0.0097489 0.0130452 0.0103089 0.0118874 0.00666643 0.012728 0.00686622 0.938142 0.00599917 0.00324684 0 0.00321583 0.0033143 0.00322346 0.0035718 0.00928291 0.0264951 0.00916179 0.331272 0.0112359 0.00883462 0.0382298 0.00851396 0.0254207 0.00877141 0.014996 0.0197915 0.00927105 0.0312907 0.00894285 0.0116948 0.012166 0.0094871 
0.00999046 0.01349 0.0400761 0.0421566 0.00937499 0.0854543 0.0095744 0.0871371 0.0113412 0.0796636 0.0104812 0.0171114 0.00981949 0.00825366 0.00965093 0.0103976 0.0101246 0.00918767 0.0336907 0.00879049 0.0600771 0.00910697 0.104743 0.00923664 0.0379113 0.00919069 0.0339938 0.00981009 0.00875796 0.00784512 0.020394 0.00820142 0.933964 0.008828 0.00578302 0.00326993 0.00321583 0 0.00314666 0.00349945 0.00317375 0.0217129 0.00853763 0.569678 0.0099449 0.010754 0.0215666 0.00850619 0.0880719 0.00851701 0.0253638 0.01357 0.00926825 0.0679569 0.00977061 0.023009 0.0104206 0.00916795 0.00859884 
0.0108864 0.014688 0.0254715 0.0126303 0.0746485 0.00882321 0.0741503 0.00952442 0.0751743 0.00966458 0.0568441 0.00956106 0.0087397 0.00875219 0.0100561 0.00902441 0.0100839 0.0208657 0.00850841 0.0530064 0.00836808 0.0914352 0.00872192 0.0661343 0.00859212 0.0337048 0.00947267 0.0101996 0.010474 0.0212382 0.00761785 0.937037 0.00735356 0.00744426 0.00535437 0.00319317 0.0033143 0.00314666 0 0.00315035 0.00324135 0.00754313 0.597524 0.00990278 0.0313932 0.00775898 0.0083606 0.0636186 0.00835233 0.0615296 0.00874086 0.0111328 0.0424521 0.00875437 0.056216 0.0101417 0.0119056 0.00869334 0.00867912 
0.00947687 0.0135561 0.0128059 0.0177896 0.00863947 0.0302184 0.00862517 0.0194254 0.00953818 0.0236799 0.0090822 0.00968746 0.00892901 0.00808592 0.00967053 0.00986312 0.00972596 0.00865991 0.0185641 0.00839319 0.0170263 0.00863896 0.0351868 0.00865237 0.0131716 0.00862512 0.0119596 0.0119235 0.00907628 0.0168659 0.943515 0.00825238 0.0132364 0.00727474 0.00602947 0.00355636 0.00322346 0.00349945 0.00315035 0 0.00393299 0.423713 0.0082119 0.0618284 0.0122399 0.0108402 0.0360638 0.00869082 0.0414336 0.00840063 0.0106346 0.00988197 0.0086047 0.0224848 0.00883836 0.0102571 0.00851756 0.00869049 0.00842536 
0.0117482 0.0103767 0.00959007 0.00904637 0.0116972 0.0083663 0.0101746 0.00865675 0.0108628 0.0086763 0.00927058 0.00823765 0.00819362 0.00834163 0.0133625 0.00873892 0.00835905 0.00877303 0.00821331 0.00941777 0.00817702 0.0114722 0.00841068 0.00909382 0.00824508 0.00972202 0.00851327 0.00883823 0.0121569 0.879754 0.00968923 0.00923045 0.00652398 0.00693477 0.00679706 0.00393209 0.0035718 0.00317375 0.00324135 0.00393299 0 0.0130091 0.0158311 0.00865093 0.0140798 0.0176191 0.0108174 0.0179267 0.00840936 0.0102215 0.00864985 0.0086327 0.0135179 0.00857635 0.0100471 0.00843997 0.00843236 0.00821536 0.00871282 
0.00851453 0.00828334 0.00868417 0.00892995 0.00824456 0.00987518 0.00819192 0.00907157 0.00831563 0.00943484 0.00830926 0.00829863 0.00869908 0.00936079 0.00875197 0.00818957 0.00805957 0.00802245 0.00900442 0.00810716 0.0107308 0.0082649 0.0105712 0.0081548 0.00960553 0.00819094 0.00884172 0.00889271 0.013429 0.00925916 0.0157475 0.00848579 0.0116017 0.0085416 0.0153411 0.0269141 0.00928291 0.0217129 0.00754313 0.423713 0.0130091 0 0.00343655 0.00325913 0.00327853 0.00423118 0.0310257 0.00764208 0.026543 0.00797271 0.0157075 0.00995902 0.00812646 0.0152486 0.00827115 0.00963394 0.00871958 0.0096781 0.0177403 
0.00816564 0.00925799 0.00999328 0.0092603 0.011205 0.0083502 0.0121534 0.00846688 0.0117608 0.00873922 0.0104971 0.00823476 0.00845514 0.00806002 0.00823995 0.00827706 0.00810402 0.0086526 0.00815151 0.0135041 0.00821827 0.0144886 0.00839779 0.0137898 0.00828094 0.0108019 0.00852805 0.0108894 0.00847799 0.0123215 0.00850562 0.0230998 0.0086823 0.0163975 0.00909857 0.00857073 0.0264951 0.00853763 0.597524 0.0082119 0.0158311 0.00343655 0 0.00319582 0.00321899 0.00317303 0.00746721 0.033384 0.00774749 0.02525 0.00853249 0.0096009 0.0137877 0.00814263 0.0203595 0.00834688 0.00896938 0.0119314 0.00878189 
0.00825425 0.00965666 0.0191734 0.0151993 0.00883111 0.0181709 0.00899871 0.0156209 0.0106603 0.0198506 0.00907387 0.00967921 0.00857777 0.00799464 0.00821452 0.00864026 0.00903959 0.00839013 0.0127703 0.00832463 0.0161722 0.00886696 0.0263085 0.00895853 0.0138483 0.00877283 0.0138024 0.00863132 0.00858073 0.00871572 0.0208464 0.00910616 0.0365028 0.00911611 0.00869813 0.0098914 0.00916179 0.569678 0.00990278 0.0618284 0.00865093 0.00325913 0.00319582 0 0.00315731 0.00315554 0.0204597 0.00839132 0.0524852 0.00950897 0.0183844 0.0111557 0.00858983 0.034859 0.00870522 0.0139234 0.0101549 0.00849414 0.00838122 
0.00908827 0.0130647 0.0122491 0.00970473 0.0136552 0.00934399 0.0117164 0.00932586 0.0130718 0.00951964 0.010323 0.00860854 0.00853555 0.00815142 0.00889636 0.00890822 0.00841999 0.00974753 0.0085632 0.00993778 0.00841446 0.0160952 0.00900971 0.0106821 0.00861295 0.0108459 0.009082 0.0100335 0.00864484 0.014149 0.0108059 0.017542 0.00996533 0.0133176 0.00889885 0.0104958 0.331272 0.0099449 0.0313932 0.0122399 0.0140798 0.00327853 0.00321899 0.00315731 0 0.00315589 0.0118885 0.0397678 0.00874895 0.0119406 0.00951147 0.00879214 0.012813 0.00872758 0.0118419 0.00855602 0.00868196 0.00984882 0.00842092 
0.0105688 0.00979274 0.00935529 0.00973359 0.00910427 0.00980064 0.00911776 0.00982202 0.00923856 0.00973382 0.0087291 0.00848209 0.00835956 0.00816933 0.0153803 0.00870924 0.00874244 0.00849271 0.00893942 0.00851741 0.00897111 0.0091372 0.00970062 0.00871786 0.00892906 0.00889893 0.00901277 0.00912754 0.0110742 0.0236198 0.0134765 0.00936876 0.00996141 0.00950764 0.0123993 0.291588 0.0112359 0.010754 0.00775898 0.0108402 0.0176191 0.00423118 0.00317303 0.00315554 0.00315589 0 0.0406467 0.00825837 0.00957137 0.00654458 0.00776271 0.00834446 0.00805486 0.0109965 0.00831086 0.00875634 0.00811301 0.00800446 0.00941351 
0.00871787 0.00828631 0.00910719 0.00918741 0.00806564 0.0107597 0.00813193 0.00970354 0.00835171 0.0117945 0.00820128 0.00838653 0.00913196 0.00864287 0.00911075 0.00832039 0.00803561 0.00812882 0.00940439 0.00807946 0.0108884 0.00813142 0.0120631 0.00810572 0.00905346 0.0081555 0.00884388 0.0120948 0.0106314 0.00889213 0.0196496 0.00852707 0.025296 0.00905526 0.0174027 0.0143297 0.00883462 0.0215666 0.0083606 0.0360638 0.0108174 0.0310257 0.00746721 0.0204597 0.0118885 0.0406467 0 0.00330061 0.00372119 0.00313888 0.00405126 0.00511056 0.00379491 0.00869259 0.00412692 0.00643443 0.00574004 0.00716609 0.0254484 
0.00890815 0.0102492 0.0121209 0.0100241 0.0206724 0.00834988 0.020316 0.008841 0.0198009 0.00883522 0.0150385 0.00855552 0.0084825 0.00852959 0.00938003 0.00859278 0.00863784 0.00929739 0.00827707 0.0183795 0.00813908 0.0325933 0.00829017 0.0207269 0.00828715 0.0183061 0.00864808 0.00967735 0.00938872 0.0213025 0.00857371 0.0616622 0.0088359 0.0253488 0.00994194 0.0107491 0.0382298 0.00850619 0.0636186 0.00869082 0.0179267 0.00764208 0.033384 0.00839132 0.0397678 0.00825837 0.00330061 0 0.00317459 0.00344691 0.00319229 0.00349646 0.00472481 0.00331301 0.00981779 0.00412331 0.00623586 0.00770871 0.00705274 
0.00826113 0.00899457 0.0143613 0.0166717 0.00848551 0.0324806 0.00845622 0.0237319 0.00931325 0.0304803 0.00878733 0.00932295 0.00837821 0.00796794 0.00826298 0.00846716 0.00839294 0.00821398 0.0160756 0.00813476 0.0259551 0.00855592 0.0448393 0.00841337 0.01867 0.00850824 0.01454 0.00876973 0.00823433 0.00832176 0.0446162 0.00859327 0.0820913 0.00909774 0.00896394 0.0108485 0.00851396 0.0880719 0.00835233 0.0414336 0.00840936 0.026543 0.00774749 0.0524852 0.00874895 0.00957137 0.00372119 0.00317459 0 0.00308319 0.00322043 0.00315067 0.00323908 0.00612454 0.00333642 0.00445254 0.00635685 0.0044848 0.00544857 
0.00836184 0.00941119 0.01252 0.00953802 0.0264854 0.00847217 0.0224879 0.00887933 0.0279099 0.00897925 0.0166973 0.00879777 0.00824378 0.0084247 0.00839163 0.00828094 0.00866834 0.0117324 0.00827024 0.0232787 0.00826223 0.0418724 0.00847998 0.0241055 0.00853281 0.0179992 0.00876579 0.00875069 0.00893593 0.0155389 0.00839164 0.0882342 0.00874842 0.010269 0.00909618 0.00901968 0.0254207 0.00851701 0.0615296 0.00840063 0.0102215 0.00797271 0.02525 0.00950897 0.0119406 0.00654458 0.00313888 0.00344691 0.00308319 0 0.0030985 0.00318688 0.00347728 0.00340079 0.00489951 0.00680366 0.00376884 0.00418664 0.00411367 
0.00812228 0.00906565 0.0136347 0.0124545 0.00847931 0.0131002 0.0092184 0.0123867 0.0110092 0.0138656 0.0092637 0.00864325 0.00827074 0.00787693 0.00814416 0.00818539 0.00860042 0.0081352 0.0111667 0.00821549 0.0148384 0.0088105 0.0177166 0.00901761 0.011649 0.00899423 0.0100765 0.00865217 0.00825698 0.00853939 0.0240434 0.00917415 0.0177114 0.00901154 0.00894792 0.0100807 0.00877141 0.0253638 0.00874086 0.0106346 0.00864985 0.0157075 0.00853249 0.0183844 0.00951147 0.00776271 0.00405126 0.00319229 0.00322043 0.0030985 0 0.00316495 0.00318967 0.00342013 0.00345679 0.00351551 0.0034585 0.00388476 0.00399347 
0.00834753 0.00914646 0.0136246 0.0107531 0.0104066 0.0103433 0.0102127 0.0117788 0.0120214 0.0120956 0.00914527 0.00876862 0.00808199 0.0079623 0.00818154 0.00873653 0.00812522 0.00929769 0.00840448 0.0095424 0.00930888 0.0112398 0.0120976 0.00962337 0.0103872 0.00969529 0.00969759 0.00848448 0.00815343 0.0115211 0.0113146 0.011894 0.0138424 0.00903038 0.00886632 0.0106572 0.014996 0.01357 0.0111328 0.00988197 0.0086327 0.00995902 0.0096009 0.0111557 0.00879214 0.00834446 0.00511056 0.00349646 0.00315067 0.00318688 0.00316495 0 0.00308943 0.00323847 0.00333644 0.00329004 0.00360306 0.00507 0.003818 
0.00836688 0.0108002 0.0128144 0.0105652 0.017639 0.00855944 0.0195171 0.00939505 0.021265 0.00947195 0.0152652 0.00860518 0.00824742 0.00812706 0.00852303 0.00823933 0.00909971 0.00858396 0.00869163 0.0137962 0.00842278 0.0273587 0.00888101 0.0176314 0.00859482 0.0150339 0.00904758 0.00883959 0.0087561 0.0135751 0.00864649 0.0414302 0.00954336 0.0100174 0.0108588 0.0102091 0.0197915 0.00926825 0.0424521 0.0086047 0.0135179 0.00812646 0.0137877 0.00858983 0.012813 0.00805486 0.00379491 0.00472481 0.00323908 0.00347728 0.00318967 0.00308943 0 0.00315056 0.00326877 0.00326361 0.00333978 0.00349815 0.00325815 
0.00856347 0.00927024 0.0185335 0.017286 0.00881637 0.0347237 0.00935952 0.0214087 0.0109026 0.0294637 0.00899704 0.00932499 0.00827135 0.0079413 0.00820624 0.00888045 0.00826215 0.0090086 0.0128254 0.00849824 0.0200425 0.00898765 0.040887 0.00908093 0.0212637 0.00880345 0.0150249 0.00860269 0.00812773 0.00850896 0.0353649 0.00923346 0.0424145 0.00925804 0.00919297 0.0113917 0.00927105 0.0679569 0.00875437 0.0224848 0.00857635 0.0152486 0.00814263 0.034859 0.00872758 0.0109965 0.00869259 0.00331301 0.00612454 0.00340079 0.00342013 0.00323847 0.00315056 0 0.00316136 0.00318715 0.0031428 0.00326015 0.00359247 
0.00847274 0.0102689 0.0167972 0.0115379 0.0247772 0.00890198 0.0191523 0.00994273 0.0243211 0.00982394 0.0163651 0.00891871 0.00835153 0.00810449 0.0088095 0.00837298 0.00950844 0.00963845 0.00870509 0.0217128 0.00855987 0.0317585 0.00899245 0.0196467 0.00899734 0.0181718 0.00953015 0.00893365 0.0089769 0.0186595 0.00892314 0.06044 0.00987847 0.0120757 0.00905327 0.00969137 0.0312907 0.00977061 0.056216 0.00883836 0.0100471 0.00827115 0.0203595 0.00870522 0.0118419 0.00831086 0.00412692 0.00981779 0.00333642 0.00489951 0.00345679 0.00333644 0.00326877 0.00316136 0 0.0032331 0.0031617 0.0032302 0.00322239 
0.0083035 0.00916263 0.0146178 0.0150203 0.00914555 0.0112226 0.0092231 0.0118064 0.00997637 0.0128814 0.0094406 0.00880251 0.00820178 0.00794683 0.00818288 0.00879965 0.00851954 0.00837649 0.0097874 0.00842389 0.011484 0.00946853 0.0150415 0.00900073 0.011325 0.00887308 0.0105374 0.00870924 0.00820368 0.00880169 0.0130801 0.0102603 0.0180087 0.00924376 0.00849626 0.00945773 0.00894285 0.023009 0.0101417 0.0102571 0.00843997 0.00963394 0.00834688 0.0139234 0.00855602 0.00875634 0.00643443 0.00412331 0.00445254 0.00680366 0.00351551 0.00329004 0.00326361 0.00318715 0.0032331 0 0.00320322 0.00319314 0.00322689 
0.00808855 0.0085297 0.0101675 0.00899016 0.00940981 0.00875598 0.00913827 0.00878947 0.00954688 0.00908688 0.00867356 0.00827672 0.00800283 0.00787709 0.00836621 0.00824942 0.00818354 0.00839407 0.00852184 0.00866041 0.00850993 0.0101067 0.00898223 0.00942072 0.0087526 0.00882278 0.00867246 0.00832198 0.00814487 0.00965313 0.00884783 0.0129737 0.00966605 0.00875525 0.00849106 0.00880935 0.0116948 0.0104206 0.0119056 0.00851756 0.00843236 0.00871958 0.00896938 0.0101549 0.00868196 0.00811301 0.00574004 0.00623586 0.00635685 0.00376884 0.0034585 0.00360306 0.00333978 0.0031428 0.0031617 0.00320322 0 0.00326404 0.00316973 
0.00800054 0.00854553 0.00838136 0.00856717 0.00811909 0.00820693 0.00816594 0.00809558 0.00818655 0.00825677 0.00814042 0.00799427 0.00795344 0.00784218 0.0082528 0.00829206 0.00807526 0.0080843 0.00799999 0.00807132 0.00829337 0.00821156 0.00862716 0.00818355 0.00803727 0.00814029 0.0081557 0.00816178 0.00806916 0.00905422 0.0125771 0.00852653 0.00860308 0.00872493 0.00824239 0.00976564 0.012166 0.00916795 0.00869334 0.00869049 0.00821536 0.0096781 0.0119314 0.00849414 0.00984882 0.00800446 0.00716609 0.00770871 0.0044848 0.00418664 0.00388476 0.00507 0.00349815 0.00326015 0.0032302 0.00319314 0.00326404 0 0.00323313 
0.00905242 0.00822961 0.00861383 0.00820339 0.00814717 0.00809513 0.00807862 0.00817799 0.00800314 0.00825916 0.00813072 0.00800031 0.00787333 0.00786776 0.00997951 0.00809543 0.0079498 0.00796931 0.00795527 0.00796694 0.00793648 0.00828788 0.00800616 0.00807346 0.007954 0.00831638 0.0081207 0.00808996 0.00831622 0.0163643 0.00905454 0.0083814 0.00838217 0.00811543 0.00878667 0.0206245 0.0094871 0.00859884 0.00867912 0.00842536 0.00871282 0.0177403 0.00878189 0.00838122 0.00842092 0.00941351 0.0254484 0.00705274 0.00544857 0.00411367 0.00399347 0.003818 0.00325815 0.00359247 0.00322239 0.00322689 0.00316973 0.00323313 0 
