1HUFA
LSLSDLHRQVSRLVQQESGDCTGKLRGNVAANKETTFQGLTIASGARESEKVFAQTVLSHVANVVLTQEDTAKLLQSTVKHNLNNYDLRSVGNGNSVLVSLRSDQMTLQDAKVLLEAALRQES
CCHHHHHHHHHHHHHCCCCCCEEEECCCEEECCCCCCCCCCHHHCCCHHHHHHHHHHHHHCCCCCECHHHHHHHHHHHHHHCCCCEEEEEEECCEEEEEEECCCCCEHHHHHHHHHHHHHHHC
0 0 0 0 0 0 0 0 0 0 0 0 0 0 0 0 0 0 0 0 0 0 0 0 0 0 0 0 0 0 0 0 0 0 0 0 0 0 0 0 0 0 0 0 0 0 0 0 0 0 0 0 0 0 0 0 0 0 0 0 0 0 0 0 0 0 0 0 0 0 0 0 0 0 0 0 0 0 0 0 0 0 0 0 0 0 0 0 0 0 0 0 0 0 0 0 0 0 0 0 0 0 0 0 0 0 0 0 0 0 0 0 0 0 0 0 0 0 0 0 0 0 0 
0 0 0 0 0 0 0 0 0 0 0 0 0 0 0 0 0 0 0 0 0 0 0 0 0 0 0 0 0 0 0 0 0 0 0 0 0 0 0 0 0 0 0 0 0 0 0 0 0 0 0 0 0 0 0 0 0 0 0 0 0 0 0 0 0 0 0 0 0 0 0 0 0 0 0 0 0 0 0 0 0 0 0 0 0 0 0 0 0 0 0 0 0 0 0 0 0 0 0 0 0 0 0 0 0 0 0 0 0 0 0 0 0 0 0 0 0 0 0 0 0 0 0 
0 0.00323442 0.00325927 0.00623328 0.00481755 0.0092814 0.0570433 0.077565 0.00946424 0.00870735 0.0081661 0.00837034 0.00811569 0.00836896 0.011068 0.00845955 0.00860565 0.00871059 0.00887069 0.00864071 0.0092802 0.0104863 0.0136014 
0.00323442 0 0.00332691 0.00322173 0.00504896 0.0203866 0.763062 0.0121453 0.00961653 0.00950472 0.0100609 0.00866878 0.00846928 0.00891697 0.00825301 0.00818093 0.0106035 0.0114852 0.0123524 0.0112137 0.00936917 0.011953 0.00882297 
0.00325927 0.00332691 0 0.00336631 0.0175116 0.949275 0.00806172 0.0115282 0.00986411 0.0142676 0.00876196 0.00889777 0.00875861 0.0086053 0.00826159 0.00883196 0.00960708 0.0100491 0.0110159 0.00952063 0.014126 0.00841288 0.00980849 
0.00623328 0.00322173 0.00336631 0 0.968348 0.00428717 0.00748831 0.0182859 0.0220679 0.00871717 0.00854355 0.00833291 0.00818362 0.00834711 0.0082861 0.0100382 0.00893268 0.00881657 0.00913895 0.00879811 0.00828287 0.0130498 0.00896394 
0.00481755 0.00504896 0.0175116 0.968348 0 0.00336392 0.00388943 0.0537227 0.012306 0.00839442 0.00895179 0.00858583 0.00845581 0.00919561 0.0123488 0.00842439 0.00873826 0.00888761 0.00925066 0.00903159 0.00914086 0.0243694 0.0110998 
0.0092814 0.0203866 0.949275 0.00428717 0.00336392 0 0.00338284 0.0146144 0.00958622 0.0113045 0.00844112 0.00837403 0.00837779 0.00870324 0.0081912 0.0084125 0.00937184 0.0089233 0.00958415 0.00871229 0.0144594 0.00835528 0.0107524 
0.0570433 0.763062 0.00806172 0.00748831 0.00388943 0.00338284 0 0.0428656 0.0209891 0.00992332 0.00893557 0.00884992 0.00871155 0.00871278 0.00919325 0.0128308 0.0103093 0.0102125 0.0105304 0.00946317 0.00889743 0.0139933 0.0104243 
0.077565 0.0121453 0.0115282 0.0182859 0.0537227 0.0146144 0.0428656 0 0.0385779 0.0114786 0.0101106 0.00873187 0.00835299 0.00946132 0.0193321 0.015081 0.013475 0.0104831 0.0104608 0.010122 0.0110046 0.0352637 0.0961608 
0.00946424 0.00961653 0.00986411 0.0220679 0.012306 0.00958622 0.0209891 0.0385779 0 0.00358178 0.00316768 0.00321276 0.00350747 0.00514501 0.00924145 0.0051748 0.00608824 0.00796076 0.00713541 0.00804027 0.069783 0.810198 0.0176059 
0.00870735 0.00950472 0.0142676 0.00871717 0.00839442 0.0113045 0.00992332 0.0114786 0.00358178 0 0.00324743 0.00318763 0.00338241 0.00415043 0.00378133 0.00423574 0.00584247 0.00585847 0.00873115 0.0540313 0.745147 0.0207779 0.007457 
0.0081661 0.0100609 0.00876196 0.00854355 0.00895179 0.00844112 0.00893557 0.0101106 0.00316768 0.00324743 0 0.00313749 0.00316297 0.00328338 0.00318424 0.00332685 0.00504015 0.00643189 0.235726 0.362062 0.0237987 0.00837922 0.00581422 
0.00837034 0.00866878 0.00889777 0.00833291 0.00858583 0.00837403 0.00884992 0.00873187 0.00321276 0.00318763 0.00313749 0 0.00317383 0.00328195 0.00324204 0.00346053 0.00622924 0.313675 0.329606 0.0508009 0.00827723 0.00644012 0.00585743 
0.00811569 0.00846928 0.00875861 0.00818362 0.00845581 0.00837779 0.00871155 0.00835299 0.00350747 0.00338241 0.00316297 0.00317383 0 0.00327306 0.00317486 0.00343975 0.228586 0.424221 0.0599108 0.0067522 0.00575505 0.00567572 0.00554686 
0.00836896 0.00891697 0.0086053 0.00834711 0.00919561 0.00870324 0.00871278 0.00946132 0.00514501 0.00415043 0.00328338 0.00328195 0.00327306 0 0.00329372 0.0174212 0.65308 0.023597 0.00404505 0.00447986 0.00509454 0.00604197 0.00564381 
0.011068 0.00825301 0.00826159 0.0082861 0.0123488 0.0081912 0.00919325 0.0193321 0.00924145 0.00378133 0.00318424 0.00324204 0.00317486 0.00329372 0 0.96742 0.0280386 0.00349344 0.00333983 0.00351846 0.0042278 0.00518902 0.00586 
0.00845955 0.00818093 0.00883196 0.0100382 0.00842439 0.0084125 0.0128308 0.015081 0.0051748 0.00423574 0.00332685 0.00346053 0.00343975 0.0174212 0.96742 0 0.0144122 0.00322756 0.0032153 0.00324394 0.00358041 0.00405167 0.00637047 
0.00860565 0.0106035 0.00960708 0.00893268 0.00873826 0.00937184 0.0103093 0.013475 0.00608824 0.00584247 0.00504015 0.00622924 0.228586 0.65308 0.0280386 0.0144122 0 0.00315932 0.00320459 0.00321587 0.00333365 0.00363897 0.00478896 
0.00871059 0.0114852 0.0100491 0.00881657 0.00888761 0.0089233 0.0102125 0.0104831 0.00796076 0.00585847 0.00643189 0.313675 0.424221 0.023597 0.00349344 0.00322756 0.00315932 0 0.00326786 0.00325522 0.0032584 0.00327277 0.00430306 
0.00887069 0.0123524 0.0110159 0.00913895 0.00925066 0.00958415 0.0105304 0.0104608 0.00713541 0.00873115 0.235726 0.329606 0.0599108 0.00404505 0.00333983 0.0032153 0.00320459 0.00326786 0 0.00321878 0.00320775 0.00324684 0.00364727 
0.00864071 0.0112137 0.00952063 0.00879811 0.00903159 0.00871229 0.00946317 0.010122 0.00804027 0.0540313 0.362062 0.0508009 0.0067522 0.00447986 0.00351846 0.00324394 0.00321587 0.00325522 0.00321878 0 0.0031645 0.00327391 0.0033547 
0.0092802 0.00936917 0.014126 0.00828287 0.00914086 0.0144594 0.00889743 0.0110046 0.069783 0.745147 0.0237987 0.00827723 0.00575505 0.00509454 0.0042278 0.00358041 0.00333365 0.0032584 0.00320775 0.0031645 0 0.00319755 0.00506081 
0.0104863 0.011953 0.00841288 0.0130498 0.0243694 0.00835528 0.0139933 0.0352637 0.810198 0.0207779 0.00837922 0.00644012 0.00567572 0.00604197 0.00518902 0.00405167 0.00363897 0.00327277 0.00324684 0.00327391 0.00319755 0 0.00418113 
0.0136014 0.00882297 0.00980849 0.00896394 0.0110998 0.0107524 0.0104243 0.0961608 0.0176059 0.007457 0.00581422 0.00585743 0.00554686 0.00564381 0.00586 0.00637047 0.00478896 0.00430306 0.00364727 0.0033547 0.00506081 0.00418113 0 
