1HZAA
MQRGKVKWFNNEKGYGFIEVEGGSDVFVHFTAIQGEGFKTLEEGQEVSFEIVQGNRGPQAANVTKEA
CEEEEEEEEECCCCEEEEECCCCCCEEEEHHHECCCCCCCCCCCCEEEEEEEEECCEEEEEEEEECC
0 0 0 0 0 0 0 0 0 0 0 0 0 0 0 0 0 0 0 0 0 0 0 0 0 0 0 0 0 0 0 0 0 0 0 0 0 0 0 0 0 0 0 0 0 0 0 0 0 0 0 0 0 0 0 0 0 0 0 0 0 0 0 0 0 0 0 
0 0 0 0 0 0 0 0 0 0 0 0 0 0 0 0 0 0 0 0 0 0 0 0 0 0 0 0 0 0 0 0 0 0 0 0 0 0 0 0 0 0 0 0 0 0 0 0 0 0 0 0 0 0 0 0 0 0 0 0 0 0 0 0 0 0 0 
0 0.00327869 0.00330056 0.00405526 0.00335983 0.00394227 0.00549693 0.00864654 0.0080019 0.00734288 0.00842724 0.00835991 0.0226387 0.0243161 0.0210607 0.0149417 0.0247199 0.0312977 0.0139485 0.0101916 0.0106565 0.0106469 0.049514 0.00905907 0.0097461 0.00957972 0.00893221 0.0171651 0.00871438 0.00838179 0.00880563 0.0102452 0.0114525 0.00940909 0.0128313 0.00917785 0.0250981 
0.00327869 0 0.00327151 0.0033551 0.00324047 0.00327701 0.00342656 0.00378404 0.00347948 0.00645734 0.00596288 0.0154729 0.00755582 0.00989386 0.00842176 0.0479392 0.0107961 0.0123178 0.00829903 0.0104661 0.00888301 0.0434654 0.00837476 0.0145696 0.00839516 0.00843372 0.0148876 0.00815654 0.00815152 0.00856843 0.00879436 0.00985718 0.00970846 0.0115599 0.00847502 0.0193196 0.00848643 
0.00330056 0.00327151 0 0.00329959 0.00332542 0.00328363 0.00352079 0.00372885 0.00318761 0.00538477 0.0129755 0.00772172 0.0161735 0.0074909 0.0470881 0.00916148 0.0236074 0.00818808 0.0106009 0.00830057 0.0405795 0.00845373 0.0503569 0.00856508 0.0119187 0.0178197 0.00832229 0.0118675 0.00830227 0.00839301 0.00887253 0.0111035 0.0128213 0.00888534 0.0314453 0.0082887 0.010822 
0.00405526 0.0033551 0.00329959 0 0.00322594 0.00335598 0.00515024 0.00321349 0.00338506 0.00685627 0.00619895 0.0238003 0.00654288 0.523461 0.00929219 0.0298758 0.00824544 0.0122483 0.00819485 0.0157552 0.00836944 0.0610003 0.00844371 0.0250116 0.0100819 0.00844652 0.0160275 0.00827301 0.00835318 0.00854061 0.00971179 0.0111258 0.0107137 0.0346594 0.00853739 0.0146762 0.00870039 
0.00335983 0.00324047 0.00332542 0.00322594 0 0.00320761 0.00314222 0.00339862 0.00310093 0.0045002 0.0132402 0.00572512 0.533043 0.0575857 0.0162223 0.00802655 0.0190379 0.00729444 0.00918517 0.00837318 0.0273989 0.00851031 0.0396298 0.00886589 0.010344 0.0159309 0.0083077 0.0103342 0.0084889 0.00848865 0.00896121 0.010247 0.016818 0.00930487 0.0230245 0.00856161 0.00964799 
0.00394227 0.00327701 0.00328363 0.00335598 0.00320761 0 0.00320551 0.00319725 0.00323825 0.0111539 0.00607264 0.0878118 0.140188 0.0149057 0.00763893 0.0120794 0.00783798 0.00873118 0.00788445 0.0108574 0.00867732 0.0207938 0.00963297 0.0127904 0.0109739 0.00905299 0.0108216 0.00840433 0.00826659 0.00852565 0.00929545 0.014527 0.0124708 0.0179426 0.00917493 0.0103236 0.00836485 
0.00549693 0.00342656 0.00352079 0.00515024 0.00314222 0.00320551 0 0.00317417 0.003195 0.00661797 0.0244449 0.918769 0.00964907 0.00810457 0.00780507 0.0112117 0.00906727 0.00841218 0.00802618 0.00905448 0.00943594 0.0237707 0.0100233 0.0132482 0.00989498 0.00973309 0.00940563 0.00842569 0.00824044 0.00840496 0.0101763 0.0125781 0.0155813 0.0142217 0.0106546 0.00943396 0.00823955 
0.00864654 0.00378404 0.00372885 0.00321349 0.00339862 0.00319725 0.00317417 0 0.00332324 0.00613159 0.982777 0.00556754 0.0183484 0.00507152 0.0100603 0.00856257 0.0124402 0.00632125 0.00927076 0.00890491 0.0206919 0.00869032 0.0144102 0.00866582 0.00889433 0.00991807 0.00863417 0.0091406 0.00831454 0.00916638 0.00862458 0.00954387 0.00978585 0.00872776 0.0102924 0.00857203 0.00857426 
0.0080019 0.00347948 0.00318761 0.00338506 0.00310093 0.00323825 0.003195 0.00332324 0 0.976701 0.00922268 0.00796739 0.00411353 0.00591353 0.00902812 0.00858374 0.00623189 0.00762461 0.00987592 0.0181102 0.00863646 0.0098049 0.00853352 0.00882267 0.00838419 0.00826789 0.00878616 0.00869006 0.0107032 0.00837812 0.0086918 0.0086226 0.00832875 0.00904416 0.00823167 0.00836488 0.0081911 
0.00734288 0.00645734 0.00538477 0.00685627 0.0045002 0.0111539 0.00661797 0.00613159 0.976701 0 0.00329774 0.00323873 0.00329708 0.00664674 0.00574861 0.00846915 0.00618715 0.694469 0.00805291 0.0148781 0.00859896 0.0121315 0.00854966 0.0100706 0.00857182 0.00832777 0.0100332 0.0120939 0.00868683 0.00855504 0.00862981 0.00873528 0.00935413 0.00945437 0.00850811 0.0103283 0.0148692 
0.00842724 0.00596288 0.0129755 0.00619895 0.0132402 0.00607264 0.0244449 0.982777 0.00922268 0.00329774 0 0.00320979 0.00327287 0.00319567 0.00711961 0.00623503 0.804469 0.0187936 0.00725918 0.0084663 0.0261442 0.00890113 0.0221711 0.00903153 0.00991283 0.0102612 0.00927915 0.0103942 0.0083736 0.00889638 0.00885004 0.0119851 0.0119813 0.00944412 0.0170875 0.00943598 0.011511 
0.00835991 0.0154729 0.00772172 0.0238003 0.00572512 0.0878118 0.918769 0.00556754 0.00796739 0.00323873 0.00320979 0 0.00317714 0.00329624 0.00535368 0.731337 0.00916459 0.0119598 0.00604255 0.0145084 0.0085777 0.0732565 0.00885223 0.0212492 0.0112047 0.00913345 0.0162467 0.00842622 0.00849473 0.00863105 0.0108287 0.0137182 0.0130555 0.0270804 0.00899745 0.014638 0.00862556 
0.0226387 0.00755582 0.0161735 0.00654288 0.533043 0.140188 0.00964907 0.0183484 0.00411353 0.00329708 0.00327287 0.00317714 0 0.00318397 0.641347 0.00680272 0.0308853 0.00455983 0.006843 0.00854156 0.0556377 0.00854289 0.0301295 0.00866618 0.0101712 0.0130157 0.00864909 0.0113817 0.00846324 0.0088865 0.00918013 0.0103953 0.01293 0.00906717 0.0209114 0.0088326 0.00973913 
0.0243161 0.00989386 0.0074909 0.523461 0.0575857 0.0149057 0.00810457 0.00507152 0.00591353 0.00664674 0.00319567 0.00329624 0.00318397 0 0.0112151 0.0191221 0.00406046 0.00572393 0.00655712 0.043373 0.00892775 0.0203396 0.00860227 0.0147121 0.00865901 0.00850954 0.0143473 0.00878427 0.0149863 0.00890467 0.0100044 0.0116417 0.00978173 0.0125167 0.00881158 0.0109241 0.00912405 
0.0210607 0.00842176 0.0470881 0.00929219 0.0162223 0.00763893 0.00780507 0.0100603 0.00902812 0.00574861 0.00711961 0.00535368 0.641347 0.0112151 0 0.00317707 0.00346669 0.00355415 0.00373186 0.0140333 0.0235727 0.00854348 0.0237965 0.00869729 0.0109453 0.0102599 0.00890156 0.0309918 0.00979439 0.00919555 0.00922294 0.0104958 0.0114427 0.00965675 0.0178051 0.00985583 0.0343169 
0.0149417 0.0479392 0.00916148 0.0298758 0.00802655 0.0120794 0.0112117 0.00856257 0.00858374 0.00846915 0.00623503 0.731337 0.00680272 0.0191221 0.00317707 0 0.00317002 0.00319938 0.00331652 0.0230619 0.010601 0.0544662 0.00868508 0.0213248 0.0095216 0.00904871 0.0224637 0.00860824 0.00892855 0.0101436 0.0125776 0.0121632 0.0124354 0.024838 0.00875598 0.0253292 0.00934863 
0.0247199 0.0107961 0.0236074 0.00824544 0.0190379 0.00783798 0.00906727 0.0124402 0.00623189 0.00618715 0.804469 0.00916459 0.0308853 0.00406046 0.00346669 0.00317002 0 0.00318316 0.00350537 0.0104365 0.0461127 0.00915153 0.0281995 0.00842066 0.0102887 0.0141226 0.00905797 0.010864 0.00879651 0.00986656 0.00920599 0.0113764 0.0128724 0.00917517 0.0259636 0.00919816 0.00953929 
0.0312977 0.0123178 0.00818808 0.0122483 0.00729444 0.00873118 0.00841218 0.00632125 0.00762461 0.694469 0.0187936 0.0119598 0.00455983 0.00572393 0.00355415 0.00319938 0.00318316 0 0.00363955 0.0245793 0.0075072 0.0168459 0.00774157 0.00988177 0.00833325 0.00811479 0.0135207 0.00818359 0.0139438 0.00869575 0.0106259 0.00978558 0.00988727 0.0133933 0.00890418 0.0109118 0.00897478 
0.0139485 0.00829903 0.0106009 0.00819485 0.00918517 0.00788445 0.00802618 0.00927076 0.00987592 0.00805291 0.00725918 0.00604255 0.006843 0.00655712 0.00373186 0.00331652 0.00350537 0.00363955 0 0.0157031 0.0132467 0.00741666 0.0085772 0.00648883 0.00656534 0.00796886 0.00740392 0.017192 0.00842401 0.00792958 0.00884157 0.00953221 0.00973563 0.00914591 0.0104157 0.0096097 0.0172134 
0.0101916 0.0104661 0.00830057 0.0157552 0.00837318 0.0108574 0.00905448 0.00890491 0.0181102 0.0148781 0.0084663 0.0145084 0.00854156 0.043373 0.0140333 0.0230619 0.0104365 0.0245793 0.0157031 0 0.00329617 0.0037068 0.00320686 0.00328773 0.00327042 0.00369974 0.0053182 0.00538801 0.00599818 0.00567288 0.00664214 0.00676848 0.00804293 0.0101928 0.00796523 0.0632111 0.214309 
0.0106565 0.00888301 0.0405795 0.00836944 0.0273989 0.00867732 0.00943594 0.0206919 0.00863646 0.00859896 0.0261442 0.0085777 0.0556377 0.00892775 0.0235727 0.010601 0.0461127 0.0075072 0.0132467 0.00329617 0 0.00316006 0.00329993 0.00317034 0.00321058 0.00393036 0.00327387 0.00651168 0.00469661 0.00584935 0.00615694 0.00808317 0.00796938 0.00704533 0.0722039 0.10288 0.138577 
0.0106469 0.0434654 0.00845373 0.0610003 0.00851031 0.0207938 0.0237707 0.00869032 0.0098049 0.0121315 0.00890113 0.0732565 0.00854289 0.0203396 0.00854348 0.0544662 0.00915153 0.0168459 0.00741666 0.0037068 0.00316006 0 0.00314696 0.00318205 0.00320942 0.00319661 0.00510073 0.00317721 0.00485665 0.0055178 0.00822625 0.00760627 0.0077816 0.0798764 0.0669546 0.225416 0.00908639 
0.049514 0.00837476 0.0503569 0.00844371 0.0396298 0.00963297 0.0100233 0.0144102 0.00853352 0.00854966 0.0221711 0.00885223 0.0301295 0.00860227 0.0237965 0.00868508 0.0281995 0.00774157 0.0085772 0.00320686 0.00329993 0.00314696 0 0.00316771 0.00317062 0.00329585 0.00319123 0.00365611 0.00408349 0.00651017 0.00545581 0.0100626 0.0247464 0.258336 0.161006 0.00776779 0.0137569 
0.00905907 0.0145696 0.00856508 0.0250116 0.00886589 0.0127904 0.0132482 0.00866582 0.00882267 0.0100706 0.00903153 0.0212492 0.00866618 0.0147121 0.00869729 0.0213248 0.00842066 0.00988177 0.00648883 0.00328773 0.00317034 0.00318205 0.00316771 0 0.00317341 0.00315681 0.00325609 0.00318897 0.00469638 0.00420596 0.00759668 0.0172337 0.814865 0.0607513 0.00707663 0.0104277 0.00959617 
0.0097461 0.00839516 0.0119187 0.0100819 0.010344 0.0109739 0.00989498 0.00889433 0.00838419 0.00857182 0.00991283 0.0112047 0.0101712 0.00865901 0.0109453 0.0095216 0.0102887 0.00833325 0.00656534 0.00327042 0.00321058 0.00320942 0.00317062 0.00317341 0 0.00315484 0.00317316 0.00317812 0.00369271 0.00670789 0.00622758 0.885395 0.0196281 0.00613292 0.00710263 0.0068773 0.00728111 
0.00957972 0.00843372 0.0178197 0.00844652 0.0159309 0.00905299 0.00973309 0.00991807 0.00826789 0.00832777 0.0102612 0.00913345 0.0130157 0.00850954 0.0102599 0.00904871 0.0141226 0.00811479 0.00796886 0.00369974 0.00393036 0.00319661 0.00329585 0.00315681 0.00315484 0 0.00315229 0.00319479 0.00419392 0.00674142 0.877112 0.0244158 0.00963982 0.00580694 0.00984587 0.00638849 0.00779184 
0.00893221 0.0148876 0.00832229 0.0160275 0.0083077 0.0108216 0.00940563 0.00863417 0.00878616 0.0100332 0.00927915 0.0162467 0.00864909 0.0143473 0.00890156 0.0224637 0.00905797 0.0135207 0.00740392 0.0053182 0.00327387 0.00510073 0.00319123 0.00325609 0.00317316 0.00315229 0 0.00319581 0.00860072 0.963492 0.00413106 0.00419497 0.00466888 0.00688769 0.00552344 0.00927552 0.00616014 
0.0171651 0.00815654 0.0118675 0.00827301 0.0103342 0.00840433 0.00842569 0.0091406 0.00869006 0.0120939 0.0103942 0.00842622 0.0113817 0.00878427 0.0309918 0.00860824 0.010864 0.00818359 0.017192 0.00538801 0.00651168 0.00317721 0.00365611 0.00318897 0.00317812 0.00319479 0.00319581 0 0.990729 0.00330399 0.00373221 0.00352726 0.00341594 0.00342237 0.00587639 0.00498894 0.0068449 
0.00871438 0.00815152 0.00830227 0.00835318 0.0084889 0.00826659 0.00824044 0.00831454 0.0107032 0.00868683 0.0083736 0.00849473 0.00846324 0.0149863 0.00979439 0.00892855 0.00879651 0.0139438 0.00842401 0.00599818 0.00469661 0.00485665 0.00408349 0.00469638 0.00369271 0.00419392 0.00860072 0.990729 0 0.00333502 0.00315709 0.00321642 0.00322092 0.00324317 0.00343668 0.00392892 0.00922332 
0.00838179 0.00856843 0.00839301 0.00854061 0.00848865 0.00852565 0.00840496 0.00916638 0.00837812 0.00855504 0.00889638 0.00863105 0.0088865 0.00890467 0.00919555 0.0101436 0.00986656 0.00869575 0.00792958 0.00567288 0.00584935 0.0055178 0.00651017 0.00420596 0.00670789 0.00674142 0.963492 0.00330399 0.00333502 0 0.00314456 0.00319929 0.00315754 0.0032028 0.00345241 0.00649521 0.00523957 
0.00880563 0.00879436 0.00887253 0.00971179 0.00896121 0.00929545 0.0101763 0.00862458 0.0086918 0.00862981 0.00885004 0.0108287 0.00918013 0.0100044 0.00922294 0.0125776 0.00920599 0.0106259 0.00884157 0.00664214 0.00615694 0.00822625 0.00545581 0.00759668 0.00622758 0.877112 0.00413106 0.00373221 0.00315709 0.00314456 0 0.00315236 0.00317263 0.00315417 0.00312121 0.00327037 0.00363731 
0.0102452 0.00985718 0.0111035 0.0111258 0.010247 0.014527 0.0125781 0.00954387 0.0086226 0.00873528 0.0119851 0.0137182 0.0103953 0.0116417 0.0104958 0.0121632 0.0113764 0.00978558 0.00953221 0.00676848 0.00808317 0.00760627 0.0100626 0.0172337 0.885395 0.0244158 0.00419497 0.00352726 0.00321642 0.00319929 0.00315236 0 0.0031678 0.00317097 0.0032292 0.00317962 0.00365593 
0.0114525 0.00970846 0.0128213 0.0107137 0.016818 0.0124708 0.0155813 0.00978585 0.00832875 0.00935413 0.0119813 0.0130555 0.01293 0.00978173 0.0114427 0.0124354 0.0128724 0.00988727 0.00973563 0.00804293 0.00796938 0.0077816 0.0247464 0.814865 0.0196281 0.00963982 0.00466888 0.00341594 0.00322092 0.00315754 0.00317263 0.0031678 0 0.00317416 0.00318436 0.00321031 0.00331216 
0.00940909 0.0115599 0.00888534 0.0346594 0.00930487 0.0179426 0.0142217 0.00872776 0.00904416 0.00945437 0.00944412 0.0270804 0.00906717 0.0125167 0.00965675 0.024838 0.00917517 0.0133933 0.00914591 0.0101928 0.00704533 0.0798764 0.258336 0.0607513 0.00613292 0.00580694 0.00688769 0.00342237 0.00324317 0.0032028 0.00315417 0.00317097 0.00317416 0 0.0031528 0.00319447 0.00323087 
0.0128313 0.00847502 0.0314453 0.00853739 0.0230245 0.00917493 0.0106546 0.0102924 0.00823167 0.00850811 0.0170875 0.00899745 0.0209114 0.00881158 0.0178051 0.00875598 0.0259636 0.00890418 0.0104157 0.00796523 0.0722039 0.0669546 0.161006 0.00707663 0.00710263 0.00984587 0.00552344 0.00587639 0.00343668 0.00345241 0.00312121 0.0032292 0.00318436 0.0031528 0 0.00316715 0.00323126 
0.00917785 0.0193196 0.0082887 0.0146762 0.00856161 0.0103236 0.00943396 0.00857203 0.00836488 0.0103283 0.00943598 0.014638 0.0088326 0.0109241 0.00985583 0.0253292 0.00919816 0.0109118 0.0096097 0.0632111 0.10288 0.225416 0.00776779 0.0104277 0.0068773 0.00638849 0.00927552 0.00498894 0.00392892 0.00649521 0.00327037 0.00317962 0.00321031 0.00319447 0.00316715 0 0.00325484 
0.0250981 0.00848643 0.010822 0.00870039 0.00964799 0.00836485 0.00823955 0.00857426 0.0081911 0.0148692 0.011511 0.00862556 0.00973913 0.00912405 0.0343169 0.00934863 0.00953929 0.00897478 0.0172134 0.214309 0.138577 0.00908639 0.0137569 0.00959617 0.00728111 0.00779184 0.00616014 0.0068449 0.00922332 0.00523957 0.00363731 0.00365593 0.00331216 0.00323087 0.00323126 0.00325484 0 
