1IBYA
EHNFNVVINAYDTTIPELNVEGVTVKNIRAFNVLNEPETLVVKKGDAVKVVVENKSPISEGFSIDAFGVQEVIKAGETKTISFTADKAGAFTIWCQLHPKNIHLPGTLNVVE
CCCEEEEEEEEEEEEEEEEECCEEEEEEEEEEEEEECCEEEEECCCEEEEEEEECCCCCEEEEEHHHCEEEEECCCCEEEEEEECCCCEEEEEECCCCCCCCECCEEEEEEC
0 0 0 0 0 0 0 0 0 0 0 0 0 0 0 0 0 0 0 0 0 0 0 0 0 0 0 0 0 0 0 0 0 0 0 0 0 0 0 0 0 0 0 0 0 0 0 0 0 0 0 0 0 0 0 0 0 0 0 0 0 0 0 0 0 0 0 0 0 0 0 0 0 0 0 0 0 0 0 0 0 0 0 0 0 0 0 0 0 0 0 0 0 0 0 0 0 0 0 0 0 0 0 0 0 0 0 0 0 0 0 0 
0 0 0 0 0 0 0 0 0 0 0 0 0 0 0 0 0 0 0 0 0 0 0 0 0 0 0 0 0 0 0 0 0 0 0 0 0 0 0 0 0 0 0 0 0 0 0 0 0 0 0 0 0 0 0 0 0 0 0 0 0 0 0 0 0 0 0 0 0 0 0 0 0 0 0 0 0 0 0 0 0 0 0 0 0 0 0 0 0 0 0 0 0 0 0 0 0 0 0 0 0 0 0 0 0 0 0 0 0 0 0 0 
0 0.00343416 0.00331503 0.003402 0.00339481 0.00395989 0.00371551 0.00718372 0.00581374 0.0108439 0.007547 0.00893514 0.00821968 0.00814856 0.0156398 0.0105488 0.0567052 0.023698 0.00944769 0.0192821 0.00943902 0.00947475 0.0132437 0.00997215 0.0112924 0.0117685 0.0104134 0.0110513 0.0104238 0.0111983 0.0222223 0.0178895 0.0135263 0.0126378 0.015434 0.0289179 0.0113445 0.0185315 0.00905983 0.0195951 0.00959873 0.0141179 0.00992027 0.027151 0.0102956 0.00871819 0.00958623 0.0101766 0.0272959 0.0122495 0.00814515 0.00925277 0.00903875 0.0300297 0.00995699 0.00885539 0.00850791 0.0109357 0.0083479 0.0117782 0.0123652 0.0102458 0.0082561 0.00886668 0.00847421 0.00933093 0.0102015 0.0111927 0.0105657 0.00908298 0.00959122 0.00934649 0.0102851 0.0139149 
0.00343416 0 0.00319522 0.00322276 0.00327897 0.00325896 0.00362327 0.00359518 0.00656632 0.00513945 0.00830432 0.00647445 0.00759945 0.0129603 0.00786356 0.0350738 0.0104578 0.00879065 0.0369809 0.00855707 0.0129596 0.0124316 0.00984653 0.0164862 0.0139586 0.0125003 0.0184434 0.0126055 0.0139829 0.0240194 0.00991322 0.0293716 0.0179838 0.0356769 0.0157091 0.012127 0.0149122 0.0098197 0.0451553 0.011379 0.0550662 0.00927543 0.0464987 0.00947653 0.0102043 0.0147227 0.0108821 0.0198861 0.00910757 0.00841716 0.00993376 0.00873364 0.0155465 0.0100331 0.00894308 0.00846678 0.013868 0.00850878 0.0189587 0.00926167 0.0121633 0.00916649 0.012137 0.0106701 0.0151233 0.00963807 0.0107551 0.00870401 0.00910987 0.0114047 0.0113053 0.0120349 0.0136327 0.00983818 
0.00331503 0.00319522 0 0.00321738 0.00325736 0.00327049 0.00327441 0.00438045 0.00364445 0.00697422 0.00581988 0.00974541 0.00762664 0.00788208 0.019104 0.00896214 0.00960962 0.0139756 0.00858555 0.0278186 0.010275 0.0130225 0.0254021 0.0176638 0.0262059 0.030931 0.0183824 0.0356873 0.0301526 0.0134956 0.0225405 0.0188552 0.033775 0.0329587 0.0189663 0.011104 0.00971624 0.0426407 0.0127743 0.108213 0.0176493 0.111921 0.0101266 0.0104443 0.0114022 0.0151024 0.0461626 0.0100072 0.0116856 0.0109798 0.00872057 0.0241579 0.00921763 0.0116838 0.00861998 0.0110418 0.00938601 0.0310314 0.0106986 0.0188841 0.00940709 0.0104816 0.0138111 0.0364948 0.0198325 0.0177855 0.00989674 0.00875934 0.0104109 0.0143694 0.0247859 0.023658 0.014381 0.0133261 
0.003402 0.00322276 0.00321738 0 0.00319471 0.00322864 0.00326097 0.00332521 0.00383976 0.00376454 0.0061707 0.00676771 0.00788523 0.0113602 0.009395 0.00892342 0.0106446 0.00873098 0.0128811 0.0101642 0.0121259 0.015725 0.0135294 0.0206638 0.0252861 0.0222956 0.0294052 0.0254532 0.0287719 0.0447349 0.27701 0.0141923 0.0188743 0.0504222 0.0154399 0.0120644 0.0115426 0.0124384 0.0387239 0.0290535 0.0828371 0.019038 0.0150661 0.0105991 0.0109956 0.0216501 0.0218526 0.0139648 0.00997641 0.00902798 0.0131228 0.0119626 0.0112648 0.00958636 0.00875442 0.0086545 0.0170011 0.0120805 0.0209128 0.0117524 0.0099472 0.00967629 0.0171679 0.0281779 0.0277214 0.0121503 0.0109262 0.00872662 0.0103 0.0144688 0.0263773 0.0240148 0.0150292 0.0119176 
0.00339481 0.00327897 0.00325736 0.00319471 0 0.003204 0.00322174 0.00327221 0.00333272 0.00354179 0.00571224 0.00534534 0.0147717 0.00806923 0.0084637 0.00990619 0.0084266 0.00979108 0.0105003 0.0113989 0.0123625 0.0135143 0.0150138 0.0211146 0.0210295 0.0307842 0.0264525 0.0246696 0.0502831 0.562528 0.012896 0.0147136 0.0188871 0.0384249 0.0170762 0.0118418 0.0111775 0.0138845 0.026335 0.0533703 0.0397491 0.0262143 0.0176716 0.00979124 0.0156727 0.0148665 0.0266868 0.0124685 0.0101258 0.0102068 0.00969678 0.0137818 0.0100605 0.010074 0.00888516 0.00938002 0.0117 0.0141077 0.0172317 0.0110433 0.0103011 0.00983684 0.0170217 0.0252312 0.0241933 0.01181 0.0110868 0.00888438 0.0104636 0.0159814 0.0228738 0.024958 0.0147805 0.012374 
0.00395989 0.00325896 0.00327049 0.00322864 0.003204 0 0.00316823 0.00321239 0.00323251 0.00334837 0.00375619 0.00694631 0.0070153 0.00583029 0.0127838 0.00709545 0.00776944 0.00977735 0.00851552 0.0155564 0.00922427 0.0130015 0.0153838 0.010744 0.0233543 0.0216433 0.0256996 0.0413467 0.687535 0.0165586 0.00984417 0.0121548 0.0174141 0.021797 0.0141366 0.0108792 0.00974644 0.0174489 0.0159079 0.0441036 0.0159701 0.0375032 0.00975871 0.0105174 0.0102857 0.012583 0.0224311 0.0103445 0.0110182 0.00936258 0.00862297 0.0121179 0.00904268 0.0101569 0.00866929 0.0090389 0.0093612 0.0170683 0.00950322 0.0140124 0.00900472 0.00980416 0.0118709 0.0208076 0.0144226 0.0141332 0.00955906 0.00849853 0.0105956 0.0118684 0.020421 0.0165621 0.0122397 0.0114969 
0.00371551 0.00362327 0.00327441 0.00326097 0.00322174 0.00316823 0 0.00317311 0.00322981 0.00324626 0.00350478 0.00357085 0.00399227 0.00570516 0.00568944 0.00753864 0.0066871 0.00780237 0.0139241 0.00815747 0.0124907 0.0115634 0.00932168 0.0182219 0.0116658 0.0167206 0.0410837 0.696265 0.0242154 0.0145933 0.00851532 0.0119675 0.010481 0.0250139 0.010437 0.0101889 0.0115161 0.00910735 0.0308978 0.0114369 0.0541379 0.00988344 0.0188521 0.00847965 0.00965519 0.0110259 0.0122958 0.0118434 0.00885784 0.00857843 0.00959619 0.00940573 0.0101226 0.00891574 0.00880509 0.008278 0.013672 0.00876822 0.021497 0.00862912 0.0102359 0.00870684 0.012094 0.0120169 0.0198699 0.0091821 0.0102677 0.0082625 0.00921014 0.0112219 0.0125833 0.0153349 0.0113017 0.00942393 
0.00718372 0.00359518 0.00438045 0.00332521 0.00327221 0.00321239 0.00317311 0 0.00326171 0.00336646 0.00327867 0.00337173 0.00407646 0.00364774 0.00924768 0.00540278 0.00686326 0.0107126 0.00754699 0.0191767 0.00787816 0.00917797 0.0152315 0.0092394 0.0179437 0.0548408 0.725831 0.0217347 0.016313 0.010056 0.0156294 0.00967406 0.0154431 0.013389 0.0123953 0.00978865 0.00878644 0.0274085 0.00887095 0.0577267 0.00943948 0.0439027 0.00865433 0.0107076 0.00930066 0.00995319 0.0188719 0.0090028 0.0105929 0.00999808 0.00836591 0.0138978 0.00849953 0.0108325 0.00834501 0.00976289 0.00846368 0.0222092 0.00846168 0.0158629 0.00852994 0.00909014 0.00956612 0.0171894 0.0104915 0.0126552 0.00865424 0.00841994 0.00951811 0.0103075 0.0148481 0.0121616 0.0106793 0.0106281 
0.00581374 0.00656632 0.00364445 0.00383976 0.00333272 0.00323251 0.00322981 0.00326171 0 0.00316921 0.00327325 0.00328948 0.00328649 0.00454384 0.00380237 0.0051771 0.00560058 0.00699324 0.0151279 0.00744072 0.00986981 0.0112548 0.00859551 0.0169899 0.0287253 0.769652 0.0197261 0.0131035 0.0105173 0.0138358 0.00842573 0.0111474 0.00920682 0.0203355 0.00957463 0.0096326 0.0122817 0.00857876 0.0498009 0.009534 0.0562657 0.00886905 0.021916 0.00845692 0.00909704 0.0109936 0.0103593 0.0125152 0.00868598 0.00842437 0.00998693 0.00918892 0.0105959 0.00863915 0.00915724 0.00828192 0.0190437 0.00847742 0.0292911 0.00848119 0.0105623 0.00852643 0.0114447 0.0108417 0.0190331 0.00887796 0.0100813 0.0083096 0.00894633 0.0104071 0.0116739 0.013856 0.0104954 0.00920777 
0.0108439 0.00513945 0.00697422 0.00376454 0.00354179 0.00334837 0.00324626 0.00336646 0.00316921 0 0.00321194 0.00328248 0.00358375 0.00331499 0.00459225 0.00385539 0.00484984 0.0104878 0.00706481 0.0159634 0.00810063 0.00863858 0.0156156 0.0140929 0.874209 0.0175611 0.0128888 0.0139146 0.0142116 0.00938815 0.00895674 0.00993514 0.0147472 0.00998181 0.0124286 0.00937881 0.00873384 0.0261653 0.00871592 0.0583583 0.00923104 0.03352 0.00855323 0.0104082 0.00945646 0.00940758 0.0146156 0.0088846 0.010491 0.0108517 0.00834623 0.012638 0.00845094 0.0123635 0.00847493 0.0100696 0.00837869 0.024613 0.00851424 0.0149689 0.00856648 0.00935967 0.00931813 0.0153791 0.00985107 0.0122968 0.00871895 0.0084558 0.00958196 0.010204 0.0133908 0.0120287 0.00989695 0.0108758 
0.007547 0.00830432 0.00581988 0.0061707 0.00571224 0.00375619 0.00350478 0.00327867 0.00327325 0.00321194 0 0.00326686 0.00330352 0.00343856 0.0033335 0.0036825 0.00439868 0.00667763 0.0111373 0.00762398 0.0104162 0.0129076 0.0124034 0.902191 0.0137103 0.0139054 0.0114759 0.0118406 0.0103365 0.0111331 0.00863427 0.0115003 0.00950613 0.0175778 0.00959392 0.0100903 0.0123429 0.00933714 0.027979 0.00977032 0.0318179 0.0090372 0.0135999 0.00907816 0.00929414 0.00999522 0.0102684 0.011491 0.00880046 0.00860399 0.00901627 0.00922726 0.00946127 0.00918819 0.0092965 0.00829456 0.0139553 0.00862646 0.0181532 0.00858821 0.010063 0.00869298 0.0105793 0.00998511 0.0157314 0.00901971 0.0092511 0.00851064 0.00948144 0.010304 0.0115263 0.0129316 0.0100469 0.00945447 
0.00893514 0.00647445 0.00974541 0.00676771 0.00534534 0.00694631 0.00357085 0.00337173 0.00328948 0.00328248 0.00326686 0 0.00334191 0.00333954 0.00341199 0.00330898 0.00346837 0.00660642 0.0074141 0.0115934 0.00888405 0.0181582 0.823808 0.0112756 0.013822 0.0109902 0.0120912 0.00987904 0.0111917 0.00980038 0.00840275 0.00955206 0.0109432 0.0105789 0.010114 0.00890764 0.00897113 0.0126698 0.00909277 0.0209018 0.0100041 0.0191791 0.00903127 0.00887618 0.00877392 0.00906452 0.010864 0.0087909 0.0089471 0.0093368 0.00838391 0.00927976 0.00853134 0.00968921 0.00860877 0.00885637 0.00850406 0.0119497 0.00888657 0.00949148 0.00860331 0.00884358 0.00930977 0.0104375 0.00964946 0.0095405 0.00850845 0.00830627 0.00919404 0.00971778 0.0109881 0.0103925 0.00923809 0.00918235 
0.00821968 0.00759945 0.00762664 0.00788523 0.0147717 0.0070153 0.00399227 0.00407646 0.00328649 0.00358375 0.00330352 0.00334191 0 0.00320151 0.00328301 0.0033029 0.00334465 0.00560485 0.00681577 0.008787 0.0149468 0.485076 0.0210531 0.00900714 0.00901694 0.0105508 0.00910075 0.00943023 0.00918927 0.00896021 0.00843144 0.00922354 0.00953707 0.0112879 0.00991613 0.00918444 0.00919426 0.011137 0.0106751 0.0154161 0.0134009 0.0118445 0.00962739 0.00873493 0.0086884 0.00920417 0.0102344 0.00903128 0.00902666 0.00893532 0.00829823 0.00919597 0.00851666 0.00934025 0.00871286 0.00848527 0.00889888 0.010201 0.00914779 0.0096313 0.00858453 0.00843051 0.00919509 0.0106855 0.0102811 0.00952779 0.00847782 0.00820438 0.00876958 0.00957411 0.0115177 0.011436 0.00973625 0.00919993 
0.00814856 0.0129603 0.00788208 0.0113602 0.00806923 0.00583029 0.00570516 0.00364774 0.00454384 0.00331499 0.00343856 0.00333954 0.00320151 0 0.00320142 0.0033342 0.00324325 0.00430068 0.011681 0.00826245 0.85787 0.024492 0.00674367 0.00923885 0.00905854 0.00818761 0.00956836 0.00887033 0.00880942 0.0117439 0.00808947 0.0100187 0.00903166 0.0147432 0.00967257 0.00922293 0.0107416 0.0086949 0.0255625 0.00994482 0.0312609 0.00932966 0.0117191 0.00846488 0.00903969 0.00956202 0.00950605 0.0103971 0.00854703 0.0085104 0.00943945 0.00890445 0.00981419 0.0088477 0.00918725 0.00827628 0.0131126 0.00865221 0.0174655 0.00849046 0.010651 0.00876127 0.0101747 0.0101634 0.0136638 0.00864968 0.00891795 0.00827338 0.00897821 0.0100409 0.0112183 0.0123196 0.010174 0.00887976 
0.0156398 0.00786356 0.019104 0.009395 0.0084637 0.0127838 0.00568944 0.00924768 0.00380237 0.00459225 0.0033335 0.00341199 0.00328301 0.00320142 0 0.00318485 0.00328284 0.0075586 0.0069855 0.975206 0.00976212 0.00653831 0.00974964 0.00756629 0.00835471 0.00972727 0.00858926 0.00968355 0.0164265 0.00920893 0.0087053 0.00963585 0.0144929 0.0108725 0.0126121 0.00953298 0.00930367 0.0242365 0.00865914 0.0464263 0.00956003 0.0322697 0.00862805 0.010729 0.00901582 0.00941201 0.0163687 0.00876242 0.0103721 0.0113232 0.00828182 0.0144931 0.00847344 0.0136295 0.00869481 0.0102981 0.00842024 0.0215895 0.00849759 0.014574 0.00867387 0.00918007 0.00915159 0.0152123 0.00960803 0.0121013 0.00847354 0.00845683 0.0096233 0.0101859 0.0142149 0.0120634 0.00985798 0.0104092 
0.0105488 0.0350738 0.00896214 0.00892342 0.00990619 0.00709545 0.00753864 0.00540278 0.0051771 0.00385539 0.0036825 0.00330898 0.0033029 0.0033342 0.00318485 0 0.00347086 0.00551955 0.993096 0.00494065 0.00624603 0.00659096 0.00618681 0.00710178 0.00727467 0.00791713 0.00740222 0.00908098 0.00801207 0.0105308 0.00758507 0.0141271 0.00997489 0.0127444 0.00954108 0.00892411 0.0130422 0.00917667 0.0149029 0.00896155 0.0183439 0.00861979 0.0145877 0.00854027 0.00903717 0.0116255 0.00884175 0.0115417 0.00853809 0.00897455 0.0118198 0.00868674 0.0103847 0.0085927 0.0106639 0.00859281 0.0116093 0.0084639 0.0120904 0.00856522 0.00969307 0.00901986 0.0109071 0.00889235 0.0109735 0.00880081 0.00860561 0.00888615 0.0097932 0.00998441 0.00940035 0.00943094 0.0100553 0.00892757 
0.0567052 0.0104578 0.00960962 0.0106446 0.0084266 0.00776944 0.0066871 0.00686326 0.00560058 0.00484984 0.00439868 0.00346837 0.00334465 0.00324325 0.00328284 0.00347086 0 0.995052 0.00473116 0.00452556 0.0041829 0.00425063 0.00595679 0.00624445 0.00685963 0.00716478 0.00684692 0.00739617 0.00779615 0.00783277 0.00877681 0.0176087 0.0124825 0.00914507 0.00986883 0.00976736 0.014586 0.0161628 0.00873189 0.0114821 0.0094829 0.0106464 0.00853303 0.0117131 0.0158707 0.00916736 0.00976887 0.00870406 0.00971196 0.0197191 0.00878439 0.00876995 0.00832352 0.0122039 0.0136346 0.00963057 0.00836057 0.0109316 0.00848492 0.00974042 0.00983289 0.0138521 0.00917258 0.00904475 0.00860405 0.00872784 0.00893286 0.011051 0.0144386 0.0105075 0.0096184 0.00953955 0.00923487 0.0102615 
0.023698 0.00879065 0.0139756 0.00873098 0.00979108 0.00977735 0.00780237 0.0107126 0.00699324 0.0104878 0.00667763 0.00660642 0.00560485 0.00430068 0.0075586 0.00551955 0.995052 0 0.00339261 0.00354906 0.00331225 0.00332886 0.00428617 0.0040003 0.00534146 0.00625591 0.00666487 0.00714544 0.00766875 0.00909863 0.018117 0.0119515 0.0123421 0.0101217 0.0177139 0.0393915 0.0108576 0.0218845 0.00940398 0.0233861 0.00996122 0.0171229 0.0110217 0.0441539 0.0118107 0.00943294 0.0102806 0.0113988 0.0387316 0.0135755 0.00849064 0.0104533 0.0102041 0.0455044 0.0106898 0.0105439 0.009046 0.0140701 0.0088561 0.0184488 0.0148749 0.0127364 0.00879607 0.00969339 0.00887492 0.0110719 0.0115354 0.0134099 0.0125908 0.0107596 0.0108056 0.0103759 0.0118524 0.0220004 
0.00944769 0.0369809 0.00858555 0.0128811 0.0105003 0.00851552 0.0139241 0.00754699 0.0151279 0.00706481 0.0111373 0.0074141 0.00681577 0.011681 0.0069855 0.993096 0.00473116 0.00339261 0 0.00321062 0.00325429 0.00334773 0.0033857 0.00479286 0.00405217 0.00556491 0.00616108 0.00688838 0.00689056 0.0148883 0.00748014 0.0109503 0.00902604 0.0180672 0.0131428 0.0111946 0.0140553 0.00858719 0.0390813 0.0097568 0.0399764 0.00885455 0.052154 0.00955242 0.0110232 0.0124482 0.00915103 0.023017 0.00931964 0.0086379 0.0120595 0.00881118 0.0252912 0.0102268 0.0113901 0.00851038 0.0205224 0.00846003 0.0331187 0.00905526 0.0170246 0.00945395 0.0126428 0.00949686 0.0162223 0.00901218 0.0128733 0.00922065 0.00959224 0.0115618 0.0102778 0.0116262 0.013751 0.0100814 
0.0192821 0.00855707 0.0278186 0.0101642 0.0113989 0.0155564 0.00815747 0.0191767 0.00744072 0.0159634 0.00762398 0.0115934 0.008787 0.00826245 0.975206 0.00494065 0.00452556 0.00354906 0.00321062 0 0.00321683 0.003266 0.00330392 0.0032643 0.00409111 0.00381699 0.00573726 0.00661395 0.00903187 0.00704422 0.00637293 0.00833602 0.015572 0.0110064 0.0120907 0.00918018 0.00840191 0.0299764 0.00882927 0.0426413 0.00944898 0.0574208 0.00843786 0.0110072 0.00937164 0.00961028 0.0203702 0.00887222 0.0111079 0.0125775 0.00845938 0.0202562 0.00864532 0.0145919 0.00889422 0.0113011 0.00847395 0.0432858 0.00863872 0.0219446 0.00901637 0.0100586 0.00977107 0.0228362 0.0101578 0.0156983 0.00877181 0.00858579 0.0102052 0.0107494 0.015481 0.0140546 0.0117647 0.0124291 
0.00943902 0.0129596 0.010275 0.0121259 0.0123625 0.00922427 0.0124907 0.00787816 0.00986981 0.00810063 0.0104162 0.00888405 0.0149468 0.85787 0.00976212 0.00624603 0.0041829 0.00331225 0.00325429 0.00321683 0 0.00315976 0.003207 0.00325414 0.00325454 0.00331371 0.00358568 0.00676553 0.00599969 0.00647393 0.00563352 0.00888377 0.00846672 0.0119798 0.00936219 0.00864943 0.00977979 0.00943078 0.0177979 0.0125338 0.0213885 0.0103459 0.0127125 0.00852382 0.00974068 0.0111923 0.0116856 0.0106919 0.00869984 0.00878106 0.00962739 0.00965959 0.00947398 0.00879152 0.00880986 0.00844381 0.0139 0.00930134 0.0163606 0.00931199 0.00924983 0.00884426 0.0120307 0.0133476 0.0169817 0.00997193 0.00914424 0.00835323 0.00916986 0.0112489 0.0153938 0.0162321 0.0107742 0.0101441 
0.00947475 0.0124316 0.0130225 0.015725 0.0135143 0.0130015 0.0115634 0.00917797 0.0112548 0.00863858 0.0129076 0.0181582 0.485076 0.024492 0.00653831 0.00659096 0.00425063 0.00332886 0.00334773 0.003266 0.00315976 0 0.00315467 0.00321684 0.003242 0.00323096 0.00416416 0.0038271 0.00468147 0.00558052 0.00537261 0.0077449 0.00803687 0.0148807 0.00864981 0.00873575 0.00884396 0.00961308 0.0214917 0.0141543 0.0258594 0.0125381 0.011632 0.0086832 0.00980565 0.0123731 0.012781 0.011775 0.0090071 0.00894491 0.0101697 0.0103818 0.0104101 0.00908386 0.00881715 0.00887589 0.0139689 0.009439 0.0203119 0.00916072 0.0104726 0.00939368 0.0139909 0.0169221 0.0209495 0.00977134 0.0110813 0.00847166 0.00928663 0.0139694 0.0191449 0.0208576 0.0129201 0.010783 
0.0132437 0.00984653 0.0254021 0.0135294 0.0150138 0.0153838 0.00932168 0.0152315 0.00859551 0.0156156 0.0124034 0.823808 0.0210531 0.00674367 0.00974964 0.00618681 0.00595679 0.00428617 0.0033857 0.00330392 0.003207 0.00315467 0 0.00316404 0.00317927 0.00334889 0.00333213 0.00339498 0.00414061 0.00413997 0.00469841 0.00735926 0.00977951 0.00877445 0.0102562 0.00828332 0.00839681 0.0225821 0.0100129 0.0408984 0.0110729 0.0301902 0.00895913 0.010049 0.0107736 0.0118198 0.0256332 0.00947222 0.011338 0.0116243 0.00884662 0.0171224 0.00888906 0.0123635 0.00903304 0.0115517 0.00896277 0.0333382 0.00924656 0.0193348 0.00895423 0.0106195 0.0133993 0.0289317 0.0132226 0.0193228 0.009459 0.00875454 0.0104765 0.0143057 0.0261733 0.022494 0.0137394 0.0139708 
0.00997215 0.0164862 0.0176638 0.0206638 0.0211146 0.010744 0.0182219 0.0092394 0.0169899 0.0140929 0.902191 0.0112756 0.00900714 0.00923885 0.00756629 0.00710178 0.00624445 0.0040003 0.00479286 0.0032643 0.00325414 0.00321684 0.00316404 0 0.00317108 0.00317174 0.00326761 0.00331416 0.00357082 0.0034818 0.00411515 0.00771257 0.00773412 0.0128308 0.00873046 0.00884032 0.0113051 0.00946478 0.0317711 0.0124573 0.040186 0.0100615 0.0183634 0.00894185 0.0113887 0.0174192 0.0167287 0.0166596 0.0093075 0.00924218 0.0115864 0.0118204 0.0124704 0.00938705 0.00933547 0.00874285 0.0225075 0.00960531 0.0354127 0.00979759 0.0117713 0.010045 0.0187163 0.0202836 0.0407412 0.0116085 0.0133789 0.00898655 0.0107877 0.0166022 0.0273066 0.0307267 0.0159514 0.0137844 
0.0112924 0.0139586 0.0262059 0.0252861 0.0210295 0.0233543 0.0116658 0.0179437 0.0287253 0.874209 0.0137103 0.013822 0.00901694 0.00905854 0.00835471 0.00727467 0.00685963 0.00534146 0.00405217 0.00409111 0.00325454 0.003242 0.00317927 0.00317108 0 0.00316253 0.00318407 0.00321844 0.00327426 0.00330135 0.00340097 0.0071967 0.00886476 0.0123194 0.0102515 0.00802254 0.00858776 0.0171708 0.0134179 0.0323596 0.0138396 0.0288562 0.0102859 0.0100883 0.0112212 0.0161723 0.034814 0.0120977 0.0112928 0.0101458 0.00929397 0.0158531 0.00985916 0.0100635 0.00868966 0.0125903 0.0105 0.0236544 0.0127409 0.017128 0.0100584 0.0108177 0.0166404 0.0432623 0.0260899 0.0199554 0.0114447 0.00947046 0.0113649 0.0191366 0.0370728 0.0378312 0.0203132 0.0180535 
0.0117685 0.0125003 0.030931 0.0222956 0.0307842 0.0216433 0.0167206 0.0548408 0.769652 0.0175611 0.0139054 0.0109902 0.0105508 0.00818761 0.00972727 0.00791713 0.00716478 0.00625591 0.00556491 0.00381699 0.00331371 0.00323096 0.00334889 0.00317174 0.00316253 0 0.00317171 0.00319306 0.00323989 0.00325148 0.00322838 0.0073196 0.00836573 0.0134358 0.00808095 0.0188009 0.00871963 0.0130331 0.0166946 0.0176686 0.0205675 0.0168507 0.012078 0.00956456 0.012158 0.0168993 0.0245396 0.013226 0.0100807 0.0102034 0.00980214 0.0147617 0.010216 0.010104 0.00926562 0.00946124 0.0128226 0.0150438 0.0170923 0.0139486 0.0101878 0.0110524 0.0202604 0.0342971 0.0333512 0.0166894 0.0128272 0.0090142 0.0114462 0.0205153 0.0371369 0.0419334 0.0198303 0.0221908 
0.0104134 0.0184434 0.0183824 0.0294052 0.0264525 0.0256996 0.0410837 0.725831 0.0197261 0.0128888 0.0114759 0.0120912 0.00910075 0.00956836 0.00858926 0.00740222 0.00684692 0.00666487 0.00616108 0.00573726 0.00358568 0.00416416 0.00333213 0.00326761 0.00318407 0.00317171 0 0.00315834 0.00319688 0.00320432 0.00318685 0.00617219 0.00721458 0.00950178 0.0130726 0.0225659 0.00867642 0.0116891 0.0167582 0.0188111 0.0192534 0.0148564 0.0122589 0.0134495 0.0106504 0.0167081 0.0216462 0.0141751 0.010357 0.0100379 0.0111707 0.0120461 0.0109261 0.00947314 0.00894597 0.00974888 0.0149801 0.0126354 0.0220629 0.0111456 0.0109469 0.0111415 0.0196184 0.0337883 0.0333024 0.0173659 0.0115487 0.00924687 0.010757 0.0213604 0.0365908 0.0376456 0.0230739 0.0164068 
0.0110513 0.0126055 0.0356873 0.0254532 0.0246696 0.0413467 0.696265 0.0217347 0.0131035 0.0139146 0.0118406 0.00987904 0.00943023 0.00887033 0.00968355 0.00908098 0.00739617 0.00714544 0.00688838 0.00661395 0.00676553 0.0038271 0.00339498 0.00331416 0.00321844 0.00319306 0.00315834 0 0.0032088 0.00317843 0.0031187 0.00665615 0.00625661 0.0228349 0.0360372 0.00904076 0.00733254 0.0112755 0.0136615 0.0176534 0.0152529 0.0173768 0.011627 0.0108737 0.011148 0.0143734 0.0268647 0.0147622 0.00972742 0.0103697 0.0092632 0.0155434 0.0107927 0.00991775 0.00883803 0.00970501 0.0106186 0.020018 0.0139991 0.0133571 0.00987862 0.010012 0.0181981 0.0362319 0.041379 0.0151076 0.0113812 0.00887965 0.0114026 0.019544 0.0380338 0.0454598 0.0176939 0.0191645 
0.0104238 0.0139829 0.0301526 0.0287719 0.0502831 0.687535 0.0242154 0.016313 0.0105173 0.0142116 0.0103365 0.0111917 0.00918927 0.00880942 0.0164265 0.00801207 0.00779615 0.00766875 0.00689056 0.00903187 0.00599969 0.00468147 0.00414061 0.00357082 0.00327426 0.00323989 0.00319688 0.0032088 0 0.00317781 0.00316431 0.0044814 0.0163986 0.0573097 0.0109972 0.00611783 0.00734922 0.0106639 0.0113039 0.0189821 0.0133019 0.0158638 0.0123936 0.0144424 0.0105184 0.015632 0.0321343 0.0134934 0.0107424 0.00934528 0.00940845 0.0147377 0.0102531 0.00955329 0.00877331 0.00956622 0.0114722 0.0142153 0.0153744 0.013435 0.00953853 0.00995045 0.0162307 0.0482448 0.0318445 0.0181493 0.0107566 0.0089572 0.0101891 0.0174477 0.0412602 0.0352205 0.0167727 0.0178639 
0.0111983 0.0240194 0.0134956 0.0447349 0.562528 0.0165586 0.0145933 0.010056 0.0138358 0.00938815 0.0111331 0.00980038 0.00896021 0.0117439 0.00920893 0.0105308 0.00783277 0.00909863 0.0148883 0.00704422 0.00647393 0.00558052 0.00413997 0.0034818 0.00330135 0.00325148 0.00320432 0.00317843 0.00317781 0 0.00320857 0.00560358 0.0276695 0.00665013 0.00530148 0.00569543 0.00808201 0.00948589 0.0109885 0.010618 0.0148491 0.0128714 0.0295186 0.0117824 0.0111645 0.0205398 0.0135363 0.0203778 0.00996137 0.00973487 0.0109473 0.00971864 0.0118204 0.00943995 0.0100997 0.00942271 0.0111254 0.00999305 0.013984 0.0131916 0.0114468 0.010577 0.0222944 0.0148925 0.0174106 0.0160682 0.014968 0.00998816 0.0118181 0.0180278 0.0157643 0.0162869 0.0213463 0.0127718 
0.0222223 0.00991322 0.0225405 0.27701 0.012896 0.00984417 0.00851532 0.0156294 0.00842573 0.00895674 0.00863427 0.00840275 0.00843144 0.00808947 0.0087053 0.00758507 0.00877681 0.018117 0.00748014 0.00637293 0.00563352 0.00537261 0.00469841 0.00411515 0.00340097 0.00322838 0.00318685 0.0031187 0.00316431 0.00320857 0 0.0850712 0.00400359 0.00356441 0.00376365 0.00448763 0.00866847 0.00811152 0.0071836 0.0091123 0.00922946 0.0215986 0.00910164 0.0108587 0.0154094 0.00957147 0.0106213 0.00997501 0.0105174 0.0149981 0.00859828 0.00863267 0.00860975 0.0108319 0.0137422 0.00887194 0.00877301 0.00935907 0.00879043 0.00978373 0.0118479 0.0163181 0.00972021 0.0107096 0.00944692 0.0104465 0.0149724 0.0138385 0.0170504 0.0105478 0.010322 0.0102489 0.0100741 0.0131498 
0.0178895 0.0293716 0.0188552 0.0141923 0.0147136 0.0121548 0.0119675 0.00967406 0.0111474 0.00993514 0.0115003 0.00955206 0.00922354 0.0100187 0.00963585 0.0141271 0.0176087 0.0119515 0.0109503 0.00833602 0.00888377 0.0077449 0.00735926 0.00771257 0.0071967 0.0073196 0.00617219 0.00665615 0.0044814 0.00560358 0.0850712 0 0.00321692 0.00319422 0.00328202 0.00425451 0.00896739 0.00756138 0.0113284 0.0279022 0.0873713 0.0398442 0.0194612 0.0168055 0.0130238 0.0106985 0.010609 0.0161426 0.0198014 0.0107573 0.010154 0.00916563 0.012381 0.0279642 0.0131394 0.00921614 0.0125774 0.00940439 0.0148044 0.0109873 0.0341863 0.0205833 0.0126031 0.010885 0.0123714 0.0126244 0.0249011 0.0159159 0.014859 0.015234 0.012409 0.013567 0.0149866 0.0240471 
0.0135263 0.0179838 0.033775 0.0188743 0.0188871 0.0174141 0.010481 0.0154431 0.00920682 0.0147472 0.00950613 0.0109432 0.00953707 0.00903166 0.0144929 0.00997489 0.0124825 0.0123421 0.00902604 0.015572 0.00846672 0.00803687 0.00977951 0.00773412 0.00886476 0.00836573 0.00721458 0.00625661 0.0163986 0.0276695 0.00400359 0.00321692 0 0.00318236 0.00321012 0.00323984 0.00462504 0.0160097 0.0341528 0.0683696 0.033642 0.0231241 0.00955278 0.00938251 0.0109791 0.0149532 0.0161384 0.0130348 0.0136852 0.0105152 0.00962947 0.0125671 0.0148826 0.0133772 0.00918639 0.012608 0.00971105 0.0276587 0.0102757 0.0418731 0.0105965 0.0124035 0.0174789 0.025154 0.0178027 0.0262736 0.0101454 0.00997266 0.0118663 0.0189205 0.0212445 0.0226546 0.0191775 0.0157973 
0.0126378 0.0356769 0.0329587 0.0504222 0.0384249 0.021797 0.0250139 0.013389 0.0203355 0.00998181 0.0175778 0.0105789 0.0112879 0.0147432 0.0108725 0.0127444 0.00914507 0.0101217 0.0180672 0.0110064 0.0119798 0.0148807 0.00877445 0.0128308 0.0123194 0.0134358 0.00950178 0.0228349 0.0573097 0.00665013 0.00356441 0.00319422 0.00318236 0 0.00316242 0.00317809 0.00564881 0.0167493 0.136888 0.047176 0.0333285 0.00990857 0.0104513 0.00728411 0.0115753 0.0163685 0.0229448 0.0168955 0.0091432 0.010395 0.0119793 0.0225371 0.0136029 0.0095617 0.0106927 0.00911177 0.0352008 0.0117333 0.0862519 0.0117523 0.0139111 0.0122509 0.0264286 0.0514546 0.100828 0.0137483 0.0173485 0.00993818 0.0126788 0.0262678 0.0529375 0.0650815 0.0233017 0.0215728 
0.015434 0.0157091 0.0189663 0.0154399 0.0170762 0.0141366 0.010437 0.0123953 0.00957463 0.0124286 0.00959392 0.010114 0.00991613 0.00967257 0.0126121 0.00954108 0.00986883 0.0177139 0.0131428 0.0120907 0.00936219 0.00864981 0.0102562 0.00873046 0.0102515 0.00808095 0.0130726 0.0360372 0.0109972 0.00530148 0.00376365 0.00328202 0.00321012 0.00316242 0 0.00321024 0.0219025 0.154407 0.0120165 0.0146989 0.00856254 0.00946879 0.00658347 0.00774632 0.0106331 0.0197271 0.0133041 0.0125835 0.0100274 0.0105001 0.0123474 0.0102294 0.010738 0.0107995 0.0106665 0.0145788 0.00938831 0.0259969 0.00964431 0.0264147 0.0107172 0.0133266 0.0226011 0.0298979 0.0123223 0.0279224 0.010829 0.0117059 0.0132267 0.0232873 0.0202508 0.0165678 0.0240216 0.0148207 
0.0289179 0.012127 0.011104 0.0120644 0.0118418 0.0108792 0.0101889 0.00978865 0.0096326 0.00937881 0.0100903 0.00890764 0.00918444 0.00922293 0.00953298 0.00892411 0.00976736 0.0393915 0.0111946 0.00918018 0.00864943 0.00873575 0.00828332 0.00884032 0.00802254 0.0188009 0.0225659 0.00904076 0.00611783 0.00569543 0.00448763 0.00425451 0.00323984 0.00317809 0.00321024 0 0.271445 0.0143239 0.0057116 0.00499167 0.00860559 0.00745978 0.00612673 0.00810904 0.014989 0.010855 0.00984685 0.00970624 0.00794556 0.0194677 0.00980237 0.00911496 0.00887501 0.0136069 0.0210734 0.0101365 0.0105075 0.00964233 0.00939985 0.00975331 0.0138804 0.0196901 0.0171908 0.0105702 0.0108922 0.00951609 0.0133817 0.0150211 0.022861 0.0132246 0.011362 0.0108736 0.0108982 0.0158236 
0.0113445 0.0149122 0.00971624 0.0115426 0.0111775 0.00974644 0.0115161 0.00878644 0.0122817 0.00873384 0.0123429 0.00897113 0.00919426 0.0107416 0.00930367 0.0130422 0.014586 0.0108576 0.0140553 0.00840191 0.00977979 0.00884396 0.00839681 0.0113051 0.00858776 0.00871963 0.00867642 0.00733254 0.00734922 0.00808201 0.00866847 0.00896739 0.00462504 0.00564881 0.0219025 0.271445 0 0.00325798 0.00355586 0.00322147 0.00342051 0.0036158 0.00555678 0.00400731 0.00679052 0.0074821 0.00731164 0.0107498 0.00886808 0.00847559 0.00981439 0.00858261 0.0168455 0.0157343 0.0143667 0.00865106 0.0168295 0.00860127 0.0163397 0.00905033 0.0771055 0.0124822 0.00967733 0.00923662 0.0105654 0.00897051 0.0214758 0.0126852 0.0113805 0.0104704 0.0101408 0.0104846 0.0118615 0.0171719 
0.0185315 0.0098197 0.0426407 0.0124384 0.0138845 0.0174489 0.00910735 0.0274085 0.00857876 0.0261653 0.00933714 0.0126698 0.011137 0.0086949 0.0242365 0.00917667 0.0161628 0.0218845 0.00858719 0.0299764 0.00943078 0.00961308 0.0225821 0.00946478 0.0171708 0.0130331 0.0116891 0.0112755 0.0106639 0.00948589 0.00811152 0.00756138 0.0160097 0.0167493 0.154407 0.0143239 0.00325798 0 0.00322516 0.00332751 0.00328164 0.0160092 0.00329618 0.00410052 0.00742959 0.0070968 0.00954542 0.00806587 0.0234596 0.0142573 0.00854641 0.0157414 0.010616 0.027611 0.00952121 0.0265387 0.00860707 0.0446094 0.00869587 0.152689 0.00950169 0.0164856 0.0126763 0.021531 0.0101949 0.0365558 0.00933501 0.010843 0.0125153 0.0180379 0.0177172 0.0146622 0.0186255 0.0186411 
0.00905983 0.0451553 0.0127743 0.0387239 0.026335 0.0159079 0.0308978 0.00887095 0.0498009 0.00871592 0.027979 0.00909277 0.0106751 0.0255625 0.00865914 0.0149029 0.00873189 0.00940398 0.0390813 0.00882927 0.0177979 0.0214917 0.0100129 0.0317711 0.0134179 0.0166946 0.0167582 0.0136615 0.0113039 0.0109885 0.0071836 0.0113284 0.0341528 0.136888 0.0120165 0.0057116 0.00355586 0.00322516 0 0.00319959 0.00330683 0.00326748 0.00337017 0.0032686 0.00606697 0.00893517 0.00999331 0.0209128 0.00951277 0.00927405 0.0156043 0.0107955 0.0183665 0.00876665 0.014527 0.00862655 0.0636935 0.00865086 0.262308 0.00890014 0.0203667 0.0104733 0.02358 0.0132027 0.0755612 0.00914206 0.0192042 0.00981987 0.0114078 0.019419 0.0202138 0.0309604 0.0167046 0.0129566 
0.0195951 0.011379 0.108213 0.0290535 0.0533703 0.0441036 0.0114369 0.0577267 0.009534 0.0583583 0.00977032 0.0209018 0.0154161 0.00994482 0.0464263 0.00896155 0.0114821 0.0233861 0.0097568 0.0426413 0.0125338 0.0141543 0.0408984 0.0124573 0.0323596 0.0176686 0.0188111 0.0176534 0.0189821 0.010618 0.0091123 0.0279022 0.0683696 0.047176 0.0146989 0.00499167 0.00322147 0.00332751 0.00319959 0 0.00325287 0.00326035 0.00325417 0.00333589 0.00705729 0.00879787 0.0175889 0.0169874 0.0245621 0.0136939 0.00852051 0.0256743 0.0091447 0.0223324 0.00911542 0.0212945 0.00902905 0.259667 0.00942568 0.0588697 0.00955489 0.019107 0.0151776 0.119368 0.0168875 0.0536686 0.0101107 0.0104165 0.0150152 0.0266151 0.0586919 0.0437631 0.0217253 0.0279761 
0.00959873 0.0550662 0.0176493 0.0828371 0.0397491 0.0159701 0.0541379 0.00943948 0.0562657 0.00923104 0.0318179 0.0100041 0.0134009 0.0312609 0.00956003 0.0183439 0.0094829 0.00996122 0.0399764 0.00944898 0.0213885 0.0258594 0.0110729 0.040186 0.0138396 0.0205675 0.0192534 0.0152529 0.0133019 0.0148491 0.00922946 0.0873713 0.033642 0.0333285 0.00856254 0.00860559 0.00342051 0.00328164 0.00330683 0.00325287 0 0.00320991 0.00327528 0.00318488 0.00597652 0.0126219 0.0136503 0.0292871 0.00641748 0.00796982 0.0158439 0.00994843 0.031557 0.00938638 0.012313 0.00870032 0.201888 0.00904494 0.116343 0.00927125 0.0234679 0.0114014 0.0449049 0.0209322 0.118352 0.00976615 0.0221561 0.0100584 0.012878 0.0350065 0.0361662 0.0537823 0.0253828 0.0155631 
0.0141179 0.00927543 0.111921 0.019038 0.0262143 0.0375032 0.00988344 0.0439027 0.00886905 0.03352 0.0090372 0.0191791 0.0118445 0.00932966 0.0322697 0.00861979 0.0106464 0.0171229 0.00885455 0.0574208 0.0103459 0.0125381 0.0301902 0.0100615 0.0288562 0.0168507 0.0148564 0.0173768 0.0158638 0.0128714 0.0215986 0.0398442 0.0231241 0.00990857 0.00946879 0.00745978 0.0036158 0.0160092 0.00326748 0.00326035 0.00320991 0 0.00315383 0.00318035 0.00652019 0.0279594 0.0413867 0.00868708 0.0063454 0.0114641 0.00785861 0.0310824 0.00873228 0.0149475 0.00861608 0.0803413 0.00878944 0.0715932 0.00896129 0.0519294 0.00935893 0.0119606 0.0118537 0.06167 0.0146481 0.0382674 0.00950348 0.00973189 0.0117357 0.0178753 0.0429612 0.0280202 0.0153373 0.0269599 
0.00992027 0.0464987 0.0101266 0.0150661 0.0176716 0.00975871 0.0188521 0.00865433 0.021916 0.00855323 0.0135999 0.00903127 0.00962739 0.0117191 0.00862805 0.0145877 0.00853303 0.0110217 0.052154 0.00843786 0.0127125 0.011632 0.00895913 0.0183634 0.0102859 0.012078 0.0122589 0.011627 0.0123936 0.0295186 0.00910164 0.0194612 0.00955278 0.0104513 0.00658347 0.00612673 0.00555678 0.00329618 0.00337017 0.00325417 0.00327528 0.00315383 0 0.00324321 0.0184348 0.0301264 0.00996502 0.00664769 0.00432149 0.00624971 0.0298455 0.00837528 0.0134988 0.00795095 0.0775795 0.00893061 0.0248826 0.00840595 0.0285324 0.0090786 0.0168661 0.0106374 0.0230697 0.010828 0.0229051 0.00974958 0.0169491 0.0105768 0.01244 0.0176919 0.0129833 0.0140885 0.018769 0.0111758 
0.027151 0.00947653 0.0104443 0.0105991 0.00979124 0.0105174 0.00847965 0.0107076 0.00845692 0.0104082 0.00907816 0.00887618 0.00873493 0.00846488 0.010729 0.00854027 0.0117131 0.0441539 0.00955242 0.0110072 0.00852382 0.0086832 0.010049 0.00894185 0.0100883 0.00956456 0.0134495 0.0108737 0.0144424 0.0117824 0.0108587 0.0168055 0.00938251 0.00728411 0.00774632 0.00810904 0.00400731 0.00410052 0.0032686 0.00333589 0.00318488 0.00318035 0.00324321 0 0.0179534 0.0078816 0.00497308 0.00443902 0.00486107 0.0271368 0.00714493 0.00786312 0.007218 0.0218739 0.0179474 0.0105027 0.00837199 0.0125797 0.00856698 0.0148024 0.0110082 0.0218099 0.00968092 0.0103529 0.00905271 0.0116422 0.0114776 0.0145374 0.0192876 0.0107577 0.0104022 0.00983066 0.0102169 0.0152029 
0.0102956 0.0102043 0.0114022 0.0109956 0.0156727 0.0102857 0.00965519 0.00930066 0.00909704 0.00945646 0.00929414 0.00877392 0.0086884 0.00903969 0.00901582 0.00903717 0.0158707 0.0118107 0.0110232 0.00937164 0.00974068 0.00980565 0.0107736 0.0113887 0.0112212 0.012158 0.0106504 0.011148 0.0105184 0.0111645 0.0154094 0.0130238 0.0109791 0.0115753 0.0106331 0.014989 0.00679052 0.00742959 0.00606697 0.00705729 0.00597652 0.00652019 0.0184348 0.0179534 0 0.00317269 0.00316161 0.00322286 0.00339019 0.0038834 0.00633383 0.00576498 0.0103666 0.902635 0.00882936 0.00830046 0.00918691 0.0100414 0.00947863 0.0100821 0.0208773 0.0155961 0.0126797 0.0112106 0.0102155 0.0129574 0.0186798 0.0140449 0.0142254 0.0133768 0.0118311 0.0116412 0.0193092 0.0239537 
0.00871819 0.0147227 0.0151024 0.0216501 0.0148665 0.012583 0.0110259 0.00995319 0.0109936 0.00940758 0.00999522 0.00906452 0.00920417 0.00956202 0.00941201 0.0116255 0.00916736 0.00943294 0.0124482 0.00961028 0.0111923 0.0123731 0.0118198 0.0174192 0.0161723 0.0168993 0.0167081 0.0143734 0.015632 0.0205398 0.00957147 0.0106985 0.0149532 0.0163685 0.0197271 0.010855 0.0074821 0.0070968 0.00893517 0.00879787 0.0126219 0.0279594 0.0301264 0.0078816 0.00317269 0 0.00316989 0.0031932 0.00316281 0.00369946 0.00609264 0.00807464 0.919067 0.0126428 0.00726972 0.00865585 0.0110106 0.00938733 0.0112392 0.0132397 0.0115908 0.0107906 0.0168314 0.0147667 0.0191425 0.0171425 0.0126301 0.00973785 0.010223 0.0214572 0.0198222 0.0278671 0.027908 0.0148633 
0.00958623 0.0108821 0.0461626 0.0218526 0.0266868 0.0224311 0.0122958 0.0188719 0.0103593 0.0146156 0.0102684 0.010864 0.0102344 0.00950605 0.0163687 0.00884175 0.00976887 0.0102806 0.00915103 0.0203702 0.0116856 0.012781 0.0256332 0.0167287 0.034814 0.0245396 0.0216462 0.0268647 0.0321343 0.0135363 0.0106213 0.010609 0.0161384 0.0229448 0.0133041 0.00984685 0.00731164 0.00954542 0.00999331 0.0175889 0.0136503 0.0413867 0.00996502 0.00497308 0.00316161 0.00316989 0 0.00316417 0.00316599 0.00370187 0.0080471 0.944605 0.00931485 0.00839562 0.00737481 0.00952887 0.0086019 0.0134378 0.00983664 0.0179339 0.0100237 0.0133447 0.0139222 0.0420112 0.0344662 0.0203691 0.0116906 0.00927641 0.013553 0.0181963 0.0539407 0.0385786 0.0170959 0.024773 
0.0101766 0.0198861 0.0100072 0.0139648 0.0124685 0.0103445 0.0118434 0.0090028 0.0125152 0.0088846 0.011491 0.0087909 0.00903128 0.0103971 0.00876242 0.0115417 0.00870406 0.0113988 0.023017 0.00887222 0.0106919 0.011775 0.00947222 0.0166596 0.0120977 0.013226 0.0141751 0.0147622 0.0134934 0.0203778 0.00997501 0.0161426 0.0130348 0.0168955 0.0125835 0.00970624 0.0107498 0.00806587 0.0209128 0.0169874 0.0292871 0.00868708 0.00664769 0.00443902 0.00322286 0.0031932 0.00316417 0 0.00315171 0.00338171 0.959943 0.00479713 0.00874354 0.00548832 0.010809 0.00790049 0.0119715 0.00801138 0.015146 0.00910091 0.0194094 0.0122664 0.0187493 0.0129842 0.0162663 0.0112708 0.0199933 0.0119946 0.0133813 0.0210539 0.0150786 0.0166293 0.0189137 0.0120149 
0.0272959 0.00910757 0.0116856 0.00997641 0.0101258 0.0110182 0.00885784 0.0105929 0.00868598 0.010491 0.00880046 0.0089471 0.00902666 0.00854703 0.0103721 0.00853809 0.00971196 0.0387316 0.00931964 0.0111079 0.00869984 0.0090071 0.011338 0.0093075 0.0112928 0.0100807 0.010357 0.00972742 0.0107424 0.00996137 0.0105174 0.0198014 0.0136852 0.0091432 0.0100274 0.00794556 0.00886808 0.0234596 0.00951277 0.0245621 0.00641748 0.0063454 0.00432149 0.00486107 0.00339019 0.00316281 0.00316599 0.00315171 0 0.95737 0.00338561 0.00365538 0.0033213 0.0052381 0.00729448 0.00822958 0.00587511 0.00919984 0.00672957 0.0196678 0.00832614 0.0173445 0.0124702 0.0101344 0.00899556 0.0118676 0.00984963 0.0156851 0.0246945 0.0114072 0.0117357 0.0112634 0.0102142 0.021694 
0.0122495 0.00841716 0.0109798 0.00902798 0.0102068 0.00936258 0.00857843 0.00999808 0.00842437 0.0108517 0.00860399 0.0093368 0.00893532 0.0085104 0.0113232 0.00897455 0.0197191 0.0135755 0.0086379 0.0125775 0.00878106 0.00894491 0.0116243 0.00924218 0.0101458 0.0102034 0.0100379 0.0103697 0.00934528 0.00973487 0.0149981 0.0107573 0.0105152 0.010395 0.0105001 0.0194677 0.00847559 0.0142573 0.00927405 0.0136939 0.00796982 0.0114641 0.00624971 0.0271368 0.0038834 0.00369946 0.00370187 0.00338171 0.95737 0 0.00334882 0.00319059 0.0032975 0.00504134 0.00453987 0.00510343 0.00494958 0.0386971 0.0424954 0.0432111 0.00916874 0.0103972 0.00846325 0.00910479 0.00827284 0.0300003 0.014836 0.0131363 0.0118699 0.0105168 0.0110802 0.0121349 0.0110376 0.0344495 
0.00814515 0.00993376 0.00872057 0.0131228 0.00969678 0.00862297 0.00959619 0.00836591 0.00998693 0.00834623 0.00901627 0.00838391 0.00829823 0.00943945 0.00828182 0.0118198 0.00878439 0.00849064 0.0120595 0.00845938 0.00962739 0.0101697 0.00884662 0.0115864 0.00929397 0.00980214 0.0111707 0.0092632 0.00940845 0.0109473 0.00859828 0.010154 0.00962947 0.0119793 0.0123474 0.00980237 0.00981439 0.00854641 0.0156043 0.00852051 0.0158439 0.00785861 0.0298455 0.00714493 0.00633383 0.00609264 0.0080471 0.959943 0.00338561 0.00334882 0 0.00318889 0.0032857 0.00338197 0.00539892 0.00538757 0.0286293 0.013398 0.0368724 0.00830895 0.0124365 0.00849083 0.0102525 0.0090106 0.0164141 0.0101828 0.0112018 0.00908403 0.00963756 0.0107559 0.0106484 0.0117234 0.0150336 0.010158 
