1IHFA
ALTKAEMSEYLFDKLGLSKRDAKELVELFFEEIRRALENGEQVKLSGFGNFDLRDKNQRPGRNPKTGEDIPITARRVVTFRPGQKLKSRVENASPK
CECHHHHHHHHHHHHCCCHHHHHHHHHHHHHHHHHHHHCCCCEEECCCEEEEEEEECCEEEECCCCCCEEEECCEEEEEEEECHHHHHHHHCCCCC
0 0 0 0 0 0 0 0 0 0 0 0 0 0 0 0 0 0 0 0 0 0 0 0 0 0 0 0 0 0 0 0 0 0 0 0 0 0 0 0 0 0 0 0 0 0 0 0 0 0 0 0 0 0 0 0 0 0 0 0 0 0 0 0 0 0 0 0 0 0 0 0 0 0 0 0 0 0 0 0 0 0 0 0 0 0 0 0 0 0 0 0 0 0 0 0 
0 0 0 0 0 0 0 0 0 0 0 0 0 0 0 0 0 0 0 0 0 0 0 0 0 0 0 0 0 0 0 0 0 0 0 0 0 0 0 0 0 0 0 0 0 0 0 0 0 0 0 0 0 0 0 0 0 0 0 0 0 0 0 0 0 0 0 0 0 0 0 0 0 0 0 0 0 0 0 0 0 0 0 0 0 0 0 0 0 0 0 0 0 0 0 0 
0 0.0608681 0.0185808 0.0795401 0.0254599 0.00960607 0.0142506 0.0141669 0.0114464 0.00894118 0.00959525 0.0151155 0.0135688 0.0091009 0.0104785 0.0127113 0.0132187 0.00999719 0.0087343 0.0151366 0.0136647 0.0103471 0.00901293 0.00910873 0.0085256 0.0106323 0.00823058 0.0173427 
0.0608681 0 0.0033348 0.00508194 0.00739508 0.00617886 0.885186 0.00816809 0.0110123 0.00576241 0.00881911 0.0142199 0.00820945 0.00749914 0.0150386 0.0173476 0.0114671 0.0139887 0.00915434 0.0492973 0.0137492 0.0244051 0.00916468 0.0182912 0.00873188 0.0221503 0.00877422 0.0668859 
0.0185808 0.0033348 0 0.00323896 0.0133447 0.969297 0.00476891 0.00782585 0.00478818 0.00682031 0.00709016 0.00608426 0.00713028 0.0125823 0.00802816 0.00937783 0.0107261 0.00855686 0.0231187 0.00887813 0.0194129 0.0093481 0.0171312 0.00861101 0.0338108 0.00848073 0.0615224 0.00838676 
0.0795401 0.00508194 0.00323896 0 0.972359 0.0035012 0.00547853 0.00361806 0.00709267 0.00493882 0.00511451 0.00527492 0.0122403 0.00651292 0.00931845 0.00717363 0.0123791 0.0131461 0.0082539 0.0174035 0.012211 0.0163109 0.00837975 0.0169216 0.0086358 0.0255185 0.00818729 0.013995 
0.0254599 0.00739508 0.0133447 0.972359 0 0.00324628 0.00324341 0.00324974 0.00338203 0.00325535 0.00354615 0.00583959 0.00488003 0.00540994 0.00695622 0.0143246 0.00913007 0.00852492 0.0101321 0.0304187 0.0106584 0.0096157 0.00889012 0.0105651 0.00872662 0.0113891 0.00881792 0.28349 
0.00960607 0.00617886 0.969297 0.0035012 0.00324628 0 0.00319362 0.00316451 0.00318351 0.00330053 0.00373629 0.00349026 0.00441963 0.0051777 0.00693804 0.006662 0.00805687 0.00786828 0.0250023 0.00850583 0.0103754 0.0085194 0.0131246 0.00838965 0.0201005 0.00853731 0.340578 0.00832282 
0.0142506 0.885186 0.00476891 0.00547853 0.00324341 0.00319362 0 0.00315845 0.0031701 0.0031598 0.00332067 0.00325762 0.00460929 0.00463467 0.00832322 0.0068379 0.00820487 0.0177821 0.00806 0.0107569 0.00808404 0.0141616 0.00832284 0.0274629 0.00844892 0.429107 0.00824669 0.0115193 
0.0141669 0.00816809 0.00782585 0.00361806 0.00324974 0.00316451 0.00315845 0 0.00313986 0.00315513 0.00315078 0.00330213 0.0037865 0.00462548 0.00430903 0.0150485 0.0233398 0.00732046 0.0113793 0.00810897 0.0128732 0.00824131 0.0287205 0.00833512 0.491658 0.00851303 0.018831 0.00840186 
0.0114464 0.0110123 0.00478818 0.00709267 0.00338203 0.00318351 0.0031701 0.00313986 0 0.00315031 0.00316355 0.00322536 0.00382471 0.00374581 0.020738 0.0536572 0.00756651 0.00919699 0.00734477 0.0104757 0.00804472 0.0154406 0.00817593 0.452475 0.00837011 0.0240516 0.00803668 0.0111313 
0.00894118 0.00576241 0.00682031 0.00493882 0.00325535 0.00330053 0.0031598 0.00315513 0.00315031 0 0.00314604 0.00317688 0.00575793 0.0151298 0.027724 0.00702614 0.00792138 0.00691796 0.00840564 0.0074774 0.0101757 0.0081798 0.360797 0.00817733 0.015609 0.00831885 0.00952746 0.00810154 
0.00959525 0.00881911 0.00709016 0.00511451 0.00354615 0.00373629 0.00332067 0.00315078 0.00316355 0.00314604 0 0.00404859 0.00858401 0.0688608 0.00550964 0.00338595 0.00661255 0.0121026 0.00652506 0.00724371 0.00837865 0.334571 0.00783032 0.00947392 0.00820335 0.00973504 0.00820614 0.00788835 
0.0151155 0.0142199 0.00608426 0.00527492 0.00583959 0.00349026 0.00325762 0.00330213 0.00322536 0.00317688 0.00404859 0 0.147266 0.0033467 0.00694754 0.00338699 0.0199389 0.00610757 0.00604967 0.00727796 0.373273 0.00849898 0.00841789 0.00794239 0.00997677 0.00846061 0.00814311 0.00761045 
0.0135688 0.00820945 0.00713028 0.0122403 0.00488003 0.00441963 0.00460929 0.0037865 0.00382471 0.00575793 0.00858401 0.147266 0 0.00320584 0.00328519 0.00687436 0.00546775 0.00517375 0.00695279 0.859667 0.0078175 0.00757226 0.00760228 0.00886774 0.0080517 0.00873944 0.00803094 0.0279566 
0.0091009 0.00749914 0.0125823 0.00651292 0.00540994 0.0051777 0.00463467 0.00462548 0.00374581 0.0151298 0.0688608 0.0033467 0.00320584 0 0.00345024 0.00326569 0.00593404 0.00583274 0.899342 0.00692256 0.00904914 0.00654776 0.00992494 0.00734345 0.00935956 0.00764222 0.0153375 0.00795407 
0.0104785 0.0150386 0.00802816 0.00931845 0.00695622 0.00693804 0.00832322 0.00430903 0.020738 0.027724 0.00550964 0.00694754 0.00328519 0.00345024 0 0.00334855 0.0054619 0.945286 0.00706259 0.00831136 0.00764997 0.0198865 0.006795 0.00976133 0.00737375 0.01923 0.00810765 0.00835915 
0.0127113 0.0173476 0.00937783 0.00717363 0.0143246 0.006662 0.0068379 0.0150485 0.0536572 0.00702614 0.00338595 0.00338699 0.00687436 0.00326569 0.00334855 0 0.986247 0.00446246 0.00522754 0.00546748 0.0214909 0.00735497 0.00745315 0.00694365 0.0267698 0.00801053 0.0074344 0.00682597 
0.0132187 0.0114671 0.0107261 0.0123791 0.00913007 0.00805687 0.00820487 0.0233398 0.00756651 0.00792138 0.00661255 0.0199389 0.00546775 0.00593404 0.0054619 0.986247 0 0.00335076 0.00382108 0.00372481 0.00588485 0.00406342 0.0112124 0.0208007 0.0284251 0.00615435 0.00727921 0.0117879 
0.00999719 0.0139887 0.00855686 0.0131461 0.00852492 0.00786828 0.0177821 0.00732046 0.00919699 0.00691796 0.0121026 0.00610757 0.00517375 0.00583274 0.945286 0.00446246 0.00335076 0 0.00322832 0.003224 0.00338288 0.0131807 0.0152389 0.0280022 0.00443319 0.00683817 0.00545308 0.00590104 
0.0087343 0.00915434 0.0231187 0.0082539 0.0101321 0.0250023 0.00806 0.0113793 0.00734477 0.00840564 0.00652506 0.00604967 0.00695279 0.899342 0.00706259 0.00522754 0.00382108 0.00322832 0 0.00315402 0.00614791 0.0146488 0.0104985 0.00357126 0.00576749 0.00440729 0.00718638 0.00445213 
0.0151366 0.0492973 0.00887813 0.0174035 0.0304187 0.00850583 0.0107569 0.00810897 0.0104757 0.0074774 0.00724371 0.00727796 0.859667 0.00692256 0.00831136 0.00546748 0.00372481 0.003224 0.00315402 0 0.0186611 0.0158369 0.00331601 0.00396003 0.00344017 0.00608764 0.00392116 0.00451804 
0.0136647 0.0137492 0.0194129 0.012211 0.0106584 0.0103754 0.00808404 0.0128732 0.00804472 0.0101757 0.00837865 0.373273 0.0078175 0.00904914 0.00764997 0.0214909 0.00588485 0.00338288 0.00614791 0.0186611 0 0.00351957 0.00336056 0.00320835 0.00375781 0.00341676 0.00400925 0.00512791 
0.0103471 0.0244051 0.0093481 0.0163109 0.0096157 0.0085194 0.0141616 0.00824131 0.0154406 0.0081798 0.334571 0.00849898 0.00757226 0.00654776 0.0198865 0.00735497 0.00406342 0.0131807 0.0146488 0.0158369 0.00351957 0 0.00322425 0.00322222 0.00317365 0.00348329 0.00605838 0.00399936 
0.00901293 0.00916468 0.0171312 0.00837975 0.00889012 0.0131246 0.00832284 0.0287205 0.00817593 0.360797 0.00783032 0.00841789 0.00760228 0.00992494 0.006795 0.00745315 0.0112124 0.0152389 0.0104985 0.00331601 0.00336056 0.00322425 0 0.00314856 0.00317503 0.00316769 0.00367854 0.00320617 
0.00910873 0.0182912 0.00861101 0.0169216 0.0105651 0.00838965 0.0274629 0.00833512 0.452475 0.00817733 0.00947392 0.00794239 0.00886774 0.00734345 0.00976133 0.00694365 0.0208007 0.0280022 0.00357126 0.00396003 0.00320835 0.00322222 0.00314856 0 0.00315424 0.00323155 0.00319022 0.00339488 
0.0085256 0.00873188 0.0338108 0.0086358 0.00872662 0.0201005 0.00844892 0.491658 0.00837011 0.015609 0.00820335 0.00997677 0.0080517 0.00935956 0.00737375 0.0267698 0.0284251 0.00443319 0.00576749 0.00344017 0.00375781 0.00317365 0.00317503 0.00315424 0 0.00314899 0.00323159 0.003202 
0.0106323 0.0221503 0.00848073 0.0255185 0.0113891 0.00853731 0.429107 0.00851303 0.0240516 0.00831885 0.00973504 0.00846061 0.00873944 0.00764222 0.01923 0.00801053 0.00615435 0.00683817 0.00440729 0.00608764 0.00341676 0.00348329 0.00316769 0.00323155 0.00314899 0 0.00314513 0.00334094 
0.00823058 0.00877422 0.0615224 0.00818729 0.00881792 0.340578 0.00824669 0.018831 0.00803668 0.00952746 0.00820614 0.00814311 0.00803094 0.0153375 0.00810765 0.0074344 0.00727921 0.00545308 0.00718638 0.00392116 0.00400925 0.00605838 0.00367854 0.00319022 0.00323159 0.00314513 0 0.00323501 
0.0173427 0.0668859 0.00838676 0.013995 0.28349 0.00832282 0.0115193 0.00840186 0.0111313 0.00810154 0.00788835 0.00761045 0.0279566 0.00795407 0.00835915 0.00682597 0.0117879 0.00590104 0.00445213 0.00451804 0.00512791 0.00399936 0.00320617 0.00339488 0.003202 0.00334094 0.00323501 0 
