1IHGA
SHPSPQAKPSNPSNPRVFFDVDIGGERVGRIVLELFADIVPKTAENFRALCTGEKGIGPTTGKPLHFKGCPFHRIIKKFMIQGGDFSNQNGTGGESIYGEKFEDENFHYKHDKEGLLSMANAGSNTNGSQFFITTVPTPHLDGKHVVFGQVIKGMGVAKILENVEVKGEKPAKLCVIAECGELKEGDDWGIFPKDGSGDSHPDFPEDADVDLKDVDKILLISEDLKNIGNTFFKSQNWEMAIKKYTKVLRYVEGSRAAAEDADGAKLQPVALSCVLNIGACKLKMSDWQGAVDSCLEALEIDPSNTKALYRRAQGWQGLKEYDQALADLKKAQEIAPEDKAIQAELLKVKQKIKAQKDKEKAAY
CECCCCCCCCCCCCCEEEEEEEECCEEEEEEEEEECCCCCHHHHHHHHHHHHCCCCECCCCCCECCCCCCEEEEEECCCEEEECCCCCCCCCCCCECCECCECCCCCCECCCCCCEEEECCCCCCCECCCEEEECCCCHHHCCCCCEEEEEEECHHHHHHHHCCCEECCEECCCEEEEEEEEECCCCCCCCCCCCCCCCCCCCCHHHCCCCCCCHHHHHHHHHHHHHHHHHHHHCCCHHHHHHHHHHHHHHHHHHHHHCCHHHHHHHHHHHHHHHHHHHHHHHHCCCHHHHHHHHHHHHCCCCCCHHHHHHHHHHHHHCCCHHHHHHHHHHHHHHCCCCHHHHHHHHHHHHHHHHHHHHHHCCC
0 0 0 0 0 0 0 0 0 0 0 0 0 0 0 0 0 0 0 0 0 0 0 0 0 0 0 0 0 0 0 0 0 0 0 0 0 0 0 0 0 0 0 0 0 0 0 0 0 0 0 0 0 0 0 0 0 0 0 0 0 0 0 0 0 0 0 0 0 0 0 0 0 0 0 0 0 0 0 0 0 0 0 0 0 0 0 0 0 0 0 0 0 0 0 0 0 0 0 0 0 0 0 0 0 0 0 0 0 0 0 0 0 0 0 0 0 0 0 0 0 0 0 0 0 0 0 0 0 0 0 0 0 0 0 0 0 0 0 0 0 0 0 0 0 0 0 0 0 0 0 0 0 0 0 0 0 0 0 0 0 0 0 0 0 0 0 0 0 0 0 0 0 0 0 0 0 0 0 0 0 0 0 0 0 0 0 0 0 0 0 0 0 0 0 0 0 0 0 0 0 0 0 0 0 0 0 0 0 0 0 0 0 0 0 0 0 0 0 0 0 0 0 0 0 0 0 0 0 0 0 0 0 0 0 0 0 0 0 0 0 0 0 0 0 0 0 0 0 0 0 0 0 0 0 0 0 0 0 0 0 0 0 0 0 0 0 0 0 0 0 0 0 0 0 0 0 0 0 0 0 0 0 0 0 0 0 0 0 0 0 0 0 0 0 0 0 0 0 0 0 0 0 0 0 0 0 0 0 0 0 0 0 0 0 0 0 0 0 0 0 0 0 0 0 0 0 0 0 0 0 0 0 0 0 0 0 0 0 0 0 0 0 0 0 0 0 0 0 0 0 0 0 0 0 0 0 0 0 0 0 0 0 0 
0 0 0 0 0 0 0 0 0 0 0 0 0 0 0 0 0 0 0 0 0 0 0 0 0 0 0 0 0 0 0 0 0 0 0 0 0 0 0 0 0 0 0 0 0 0 0 0 0 0 0 0 0 0 0 0 0 0 0 0 0 0 0 0 0 0 0 0 0 0 0 0 0 0 0 0 0 0 0 0 0 0 0 0 0 0 0 0 0 0 0 0 0 0 0 0 0 0 0 0 0 0 0 0 0 0 0 0 0 0 0 0 0 0 0 0 0 0 0 0 0 0 0 0 0 0 0 0 0 0 0 0 0 0 0 0 0 0 0 0 0 0 0 0 0 0 0 0 0 0 0 0 0 0 0 0 0 0 0 0 0 0 0 0 0 0 0 0 0 0 0 0 0 0 0 0 0 0 0 0 0 0 0 0 0 0 0 0 0 0 0 0 0 0 0 0 0 0 0 0 0 0 0 0 0 0 0 0 0 0 0 0 0 0 0 0 0 0 0 0 0 0 0 0 0 0 0 0 0 0 0 0 0 0 0 0 0 0 0 0 0 0 0 0 0 0 0 0 0 0 0 0 0 0 0 0 0 0 0 0 0 0 0 0 0 0 0 0 0 0 0 0 0 0 0 0 0 0 0 0 0 0 0 0 0 0 0 0 0 0 0 0 0 0 0 0 0 0 0 0 0 0 0 0 0 0 0 0 0 0 0 0 0 0 0 0 0 0 0 0 0 0 0 0 0 0 0 0 0 0 0 0 0 0 0 0 0 0 0 0 0 0 0 0 0 0 0 0 0 0 0 0 0 0 0 0 0 0 0 0 0 0 0 0 
0 0.051919 0.0169131 0.012273 0.0152971 0.00967156 0.0138726 0.0171158 0.0245164 0.0159396 0.00964706 0.00992859 0.0105792 0.010866 0.0112664 0.0116072 0.0111999 0.0115583 0.0640603 0.0297574 0.0328228 0.0116729 0.0103685 0.0089276 0.00827137 0.00918425 0.0133501 0.0146045 0.00909366 0.00879085 0.011054 0.015847 0.0175946 0.0254388 0.0329225 0.0104165 0.00813427 0.00868454 0.0095844 0.0131818 0.010838 0.00833006 0.0083247 0.00986649 0.00955998 0.0081328 0.00812937 0.00791395 0.00808174 0.00810604 0.0085322 0.00985596 0.00851757 0.00935956 0.00893827 0.00997227 0.00828298 0.00823243 0.00806386 0.00794632 0.00798145 0.00799626 0.00793278 0.009045 
0.051919 0 0.00320906 0.00321449 0.00318701 0.00318037 0.00321491 0.00371687 0.00473661 0.00600792 0.00700335 0.00615753 0.00741141 0.0116045 0.00966294 0.0140489 0.0318582 0.857223 0.0415985 0.013829 0.0149927 0.0121815 0.0112906 0.0103873 0.0120431 0.0121399 0.0197426 0.0211371 0.00985562 0.0113509 0.0134952 0.0116981 0.00923903 0.00998116 0.00945011 0.0109148 0.008952 0.0097799 0.0106654 0.00923774 0.00969866 0.0101747 0.00972725 0.013538 0.00959997 0.00886884 0.00873315 0.00885338 0.0084576 0.0086284 0.0101062 0.00803037 0.0080409 0.00800599 0.00828495 0.00938013 0.00863084 0.0083707 0.00836761 0.00828278 0.00838159 0.00829506 0.00839837 0.0087031 
0.0169131 0.00320906 0 0.00318573 0.00317232 0.00317869 0.0033824 0.00395098 0.00377773 0.00535774 0.00861887 0.00723086 0.00996499 0.0119151 0.0277848 0.0372868 0.922444 0.0373726 0.0192006 0.00984341 0.00937384 0.0101661 0.0240972 0.0211376 0.018612 0.0384912 0.0119864 0.0116362 0.0335433 0.0158036 0.0107905 0.0086583 0.00855664 0.00875622 0.00860289 0.00922852 0.0134955 0.0117573 0.009341 0.00802939 0.0104956 0.0136038 0.0170218 0.00962517 0.00944918 0.0110725 0.0120861 0.0102745 0.0117337 0.0100766 0.00869379 0.00805777 0.0079274 0.00792199 0.0080357 0.00891607 0.009414 0.00963162 0.00958909 0.00871231 0.00905197 0.00904539 0.00915612 0.00828135 
0.012273 0.00321449 0.00318573 0 0.00315736 0.00323897 0.00324897 0.00346456 0.00328402 0.00534217 0.00790523 0.00780833 0.0107921 0.0301363 0.0349066 0.946623 0.0198865 0.0325249 0.00957515 0.00902686 0.00871168 0.0109416 0.0186525 0.0275926 0.0584429 0.0169014 0.0107842 0.0119189 0.0162272 0.0332737 0.0105135 0.0087964 0.00820472 0.00825298 0.00828357 0.00952214 0.0134301 0.0193779 0.00892911 0.00791263 0.00992218 0.0194126 0.0154755 0.0103891 0.0106129 0.0131386 0.0135364 0.0148745 0.0125707 0.0109145 0.0091893 0.00804357 0.0079982 0.00802177 0.00802916 0.00903591 0.0119159 0.0106964 0.010113 0.0101581 0.00920452 0.00990967 0.00894928 0.0083816 
0.0152971 0.00318701 0.00317232 0.00315736 0 0.00314991 0.00317067 0.00318131 0.00329718 0.00573533 0.0068461 0.0054732 0.0118039 0.032921 0.939995 0.0138549 0.0262077 0.00980055 0.0208368 0.00869062 0.00897447 0.00997067 0.0164712 0.0359314 0.024325 0.0346765 0.0121455 0.0105037 0.0343185 0.0120879 0.0171703 0.00891457 0.00830417 0.0087737 0.00862849 0.0100301 0.015976 0.0122302 0.0101872 0.00793487 0.0111112 0.0126728 0.0201764 0.00981091 0.0102499 0.0123422 0.0182001 0.0130425 0.0155286 0.0109675 0.00912865 0.00801934 0.00795377 0.00789659 0.008024 0.00944618 0.0101727 0.0117249 0.0123806 0.00971798 0.00994707 0.00942818 0.00896745 0.0085251 
0.00967156 0.00318037 0.00317869 0.00323897 0.00314991 0 0.00313742 0.00316919 0.00318026 0.00440688 0.00656532 0.00529018 0.0333665 0.945837 0.0111644 0.0190404 0.00881781 0.0346644 0.00824376 0.00894935 0.00858149 0.00993522 0.0162775 0.0198419 0.0521636 0.0139928 0.010027 0.0119751 0.0110487 0.0398058 0.0102811 0.00858891 0.00796894 0.0080898 0.00811419 0.00946155 0.0108757 0.022085 0.00881372 0.00789382 0.00893848 0.0167403 0.0116287 0.0107841 0.00922308 0.0118247 0.0133437 0.0155987 0.0120863 0.0101132 0.00893941 0.00796752 0.00798786 0.00796764 0.00801481 0.00857878 0.0108799 0.0114748 0.010117 0.0110135 0.00868024 0.00981982 0.00884598 0.00817167 
0.0138726 0.00321491 0.0033824 0.00324897 0.00317067 0.00313742 0 0.0031558 0.00324425 0.00394594 0.00538366 0.0828471 0.847513 0.0109814 0.0224825 0.00795071 0.0266572 0.00771341 0.0113886 0.00838725 0.00829364 0.0110476 0.0194465 0.0346251 0.0195038 0.0189903 0.0105029 0.00979819 0.0429728 0.0109045 0.0125401 0.00859029 0.00864384 0.00890037 0.00881414 0.00930449 0.0193814 0.0105424 0.00928054 0.00789833 0.0119069 0.0115522 0.0209649 0.00900194 0.010349 0.0117956 0.0178268 0.0114174 0.014522 0.0114389 0.00898014 0.00806457 0.00791643 0.00785734 0.00797631 0.00932802 0.00986818 0.0110564 0.0128249 0.00883332 0.0103957 0.00902399 0.00858393 0.00836464 
0.0171158 0.00371687 0.00395098 0.00346456 0.00318131 0.00316919 0.0031558 0 0.003234 0.0063055 0.961577 0.0287553 0.00649829 0.0130915 0.00691024 0.0128104 0.0088148 0.0205352 0.00961709 0.0104762 0.010129 0.0114351 0.0153746 0.012577 0.0207463 0.0150304 0.0100182 0.0145545 0.0107386 0.0557025 0.0102214 0.0105099 0.00818475 0.00840398 0.00827668 0.0100241 0.00986965 0.0243911 0.00878163 0.008287 0.00911339 0.0180208 0.0113584 0.00958372 0.00917982 0.0104737 0.00976222 0.0104433 0.0094417 0.0093625 0.00854724 0.00803017 0.00797321 0.00793788 0.00798439 0.00865247 0.0102734 0.00974319 0.00882541 0.00935582 0.00841829 0.0085764 0.00865232 0.00822594 
0.0245164 0.00473661 0.00377773 0.00328402 0.00329718 0.00318026 0.00324425 0.003234 0 0.975062 0.0132429 0.00655991 0.00391239 0.00407564 0.0071283 0.00599543 0.00854064 0.00752988 0.0115366 0.0120487 0.0114263 0.0122306 0.0123239 0.0100079 0.00921774 0.0111988 0.0127353 0.0131192 0.0128058 0.0088631 0.0275408 0.0102177 0.0104697 0.0145 0.0126326 0.0122709 0.00960529 0.00899321 0.0102914 0.00930748 0.0136589 0.00875191 0.0110782 0.0103201 0.00965156 0.00865947 0.00901706 0.0084651 0.00861692 0.0084425 0.00895519 0.00833941 0.00792289 0.00796417 0.00816649 0.00903502 0.00832339 0.00843577 0.00850573 0.0079927 0.0080978 0.00818807 0.00796074 0.0085123 
0.0159396 0.00600792 0.00535774 0.00534217 0.00573533 0.00440688 0.00394594 0.0063055 0.975062 0 0.00427647 0.00316912 0.00320369 0.00324306 0.00356902 0.00366584 0.00412312 0.00528421 0.00895338 0.0131033 0.0131352 0.00888897 0.00845983 0.0085464 0.00852443 0.00960009 0.0154625 0.00920285 0.00833555 0.00843072 0.0102309 0.0098731 0.00952903 0.00958468 0.00886847 0.00819467 0.00803618 0.00811846 0.0099133 0.0086151 0.00828515 0.00817577 0.00835535 0.0105266 0.00802346 0.00806528 0.00789906 0.00796842 0.0079668 0.00803229 0.0084394 0.00828596 0.00814846 0.00801181 0.00830888 0.00812923 0.00796002 0.00801955 0.00788914 0.00787293 0.00793077 0.00790542 0.00794739 0.00872142 
0.00964706 0.00700335 0.00861887 0.00790523 0.0068461 0.00656532 0.00538366 0.961577 0.0132429 0.00427647 0 0.00314282 0.00315625 0.00320255 0.00317982 0.00326842 0.00358521 0.00519129 0.00441402 0.00875134 0.00890317 0.00872932 0.00912597 0.00905377 0.00956948 0.00994 0.00917839 0.00905949 0.00889992 0.0097201 0.00857113 0.00830497 0.00799663 0.00804864 0.00802475 0.00812142 0.00826316 0.00862663 0.00818468 0.00786557 0.00810016 0.00873283 0.0086805 0.00837257 0.00807438 0.00827109 0.00817205 0.0082439 0.00817807 0.00822108 0.0081167 0.00782214 0.00787748 0.00788082 0.00787835 0.00801101 0.00836662 0.00829614 0.00822893 0.00825489 0.00809267 0.00811184 0.00808319 0.00791239 
0.00992859 0.00615753 0.00723086 0.00780833 0.0054732 0.00529018 0.0828471 0.0287553 0.00655991 0.00316912 0.00314282 0 0.00314732 0.00317322 0.00320547 0.00318051 0.00363122 0.00318692 0.00343078 0.00889199 0.00834936 0.00860178 0.0102991 0.0116094 0.0127819 0.0118577 0.00942671 0.00859812 0.0119568 0.00944812 0.00926787 0.00824437 0.00810267 0.00821981 0.00810815 0.00825803 0.00915714 0.00911309 0.00840839 0.00782233 0.00862757 0.00917365 0.0104996 0.00892956 0.00842539 0.0086615 0.00943539 0.00876475 0.0091637 0.00874026 0.0081937 0.00787346 0.00783402 0.00778941 0.00786971 0.00813127 0.00846119 0.00873783 0.00864259 0.00842026 0.00836496 0.00825712 0.00821479 0.0082592 
0.0105792 0.00741141 0.00996499 0.0107921 0.0118039 0.0333665 0.847513 0.00649829 0.00391239 0.00320369 0.00315625 0.00314732 0 0.00319678 0.00318351 0.00320423 0.00321789 0.00341805 0.00333589 0.00927735 0.00889419 0.00977498 0.0165031 0.0182305 0.02203 0.0148136 0.0103197 0.0104642 0.0185344 0.0115028 0.0113309 0.00846806 0.00834611 0.00850672 0.00829479 0.00892981 0.0128254 0.0109898 0.00910309 0.00794411 0.00965955 0.0121448 0.0140001 0.00934128 0.00941489 0.0108821 0.0135243 0.0120396 0.0128063 0.00950628 0.0088216 0.00796569 0.007842 0.00781249 0.00798642 0.00872382 0.00954934 0.0105908 0.0105022 0.00899313 0.00881525 0.00881487 0.00865813 0.00826019 
0.010866 0.0116045 0.0119151 0.0301363 0.032921 0.945837 0.0109814 0.0130915 0.00407564 0.00324306 0.00320255 0.00317322 0.00319678 0 0.00328344 0.00313787 0.00328562 0.00394351 0.00331035 0.0108617 0.00913009 0.0128912 0.019565 0.0279812 0.0394453 0.0155083 0.0160286 0.013087 0.0141669 0.0263571 0.0109115 0.00909209 0.00816204 0.00826875 0.00827562 0.011128 0.0117138 0.0193338 0.00915726 0.00798839 0.0104494 0.0189901 0.0153792 0.011007 0.0103248 0.0132517 0.0147868 0.0167885 0.0129962 0.0101877 0.00933787 0.0079868 0.00792196 0.00793931 0.00791157 0.0090167 0.0110936 0.0113616 0.0101305 0.00999551 0.00901224 0.0095959 0.00879137 0.00818393 
0.0112664 0.00966294 0.0277848 0.0349066 0.939995 0.0111644 0.0224825 0.00691024 0.0071283 0.00356902 0.00317982 0.00320547 0.00318351 0.00328344 0 0.00317118 0.00324976 0.00321737 0.00337607 0.00982431 0.00906339 0.010839 0.0234906 0.032665 0.0258447 0.037065 0.0108464 0.010989 0.036235 0.0114419 0.0122095 0.00886257 0.00852345 0.00874072 0.00882932 0.00970661 0.0171349 0.0117711 0.00992414 0.00793775 0.0122305 0.0130883 0.0209635 0.0100401 0.0109026 0.0134562 0.0205977 0.0155069 0.0182857 0.0110742 0.00899351 0.00806961 0.00798713 0.00791217 0.00799841 0.00920421 0.0105797 0.0115687 0.0174622 0.00932518 0.010045 0.00955786 0.00902015 0.00854866 
0.0116072 0.0140489 0.0372868 0.946623 0.0138549 0.0190404 0.00795071 0.0128104 0.00599543 0.00366584 0.00326842 0.00318051 0.00320423 0.00313787 0.00317118 0 0.00318512 0.00320592 0.00319527 0.0112805 0.00957558 0.0134851 0.0205789 0.0342884 0.0767551 0.0173219 0.011413 0.0149627 0.0141144 0.0417477 0.010776 0.00923381 0.00839429 0.00848586 0.00831713 0.0114611 0.0132162 0.0271725 0.00950133 0.00811593 0.0113586 0.0261163 0.0167193 0.0117782 0.0113791 0.0145492 0.0166942 0.0200111 0.0145039 0.0105818 0.00951443 0.00798107 0.00787443 0.00792299 0.00793264 0.00899696 0.0121679 0.012303 0.0105905 0.0116035 0.00879936 0.00973728 0.0093958 0.0081726 
0.0111999 0.0318582 0.922444 0.0198865 0.0262077 0.00881781 0.0266572 0.0088148 0.00854064 0.00412312 0.00358521 0.00363122 0.00321789 0.00328562 0.00324976 0.00318512 0 0.00319337 0.0032586 0.0115153 0.00918915 0.0102647 0.0255497 0.0619956 0.0352342 0.02502 0.0117772 0.0101891 0.0495112 0.0145287 0.0156089 0.00899625 0.00851409 0.00914587 0.00903552 0.0101342 0.0217588 0.0148656 0.0104103 0.00802822 0.0118921 0.0158167 0.031586 0.0108281 0.0110722 0.0155321 0.0208208 0.0140553 0.0172248 0.0121552 0.00941713 0.00803935 0.00791502 0.00788305 0.00805443 0.00931197 0.0109552 0.0132766 0.0135975 0.00942283 0.0101743 0.00960519 0.00878529 0.0086842 
0.0115583 0.857223 0.0373726 0.0325249 0.00980055 0.0346644 0.00771341 0.0205352 0.00752988 0.00528421 0.00519129 0.00318692 0.00341805 0.00394351 0.00321737 0.00320592 0.00319337 0 0.00344644 0.018356 0.0116483 0.015579 0.0320303 0.0236753 0.0313681 0.036096 0.0113402 0.0182438 0.014818 0.0788194 0.0157061 0.0106678 0.00847572 0.00889599 0.00890219 0.0126099 0.0133156 0.0394746 0.0103703 0.00845868 0.0107877 0.022439 0.0199513 0.0107294 0.0117937 0.0138139 0.01111 0.0122343 0.0108004 0.0113254 0.0101996 0.00805758 0.00788767 0.00800088 0.00794493 0.0088313 0.0113731 0.0105784 0.00913619 0.0094864 0.00852213 0.0087211 0.00883521 0.00810844 
0.0640603 0.0415985 0.0192006 0.00957515 0.0208368 0.00824376 0.0113886 0.00961709 0.0115366 0.00895338 0.00441402 0.00343078 0.00333589 0.00331035 0.00337607 0.00319527 0.0032586 0.00344644 0 0.0341507 0.0125534 0.0214006 0.0180608 0.0136596 0.0101666 0.0143124 0.0211396 0.0192512 0.0138717 0.0109343 0.0362933 0.0118421 0.0112345 0.0136392 0.011907 0.0152607 0.0104875 0.010177 0.0123841 0.0101874 0.0178545 0.00953348 0.012707 0.0115942 0.0115309 0.00917531 0.00942298 0.00870333 0.00877593 0.00886764 0.00944985 0.00827779 0.00793966 0.0080702 0.00809538 0.00990332 0.00908913 0.00850407 0.00856122 0.0082875 0.00812371 0.00826896 0.0081291 0.00861674 
0.0297574 0.013829 0.00984341 0.00902686 0.00869062 0.00894935 0.00838725 0.0104762 0.0120487 0.0131033 0.00875134 0.00889199 0.00927735 0.0108617 0.00982431 0.0112805 0.0115153 0.018356 0.0341507 0 0.933843 0.0137692 0.0103745 0.0076351 0.00792189 0.00925808 0.0198448 0.0139654 0.00871314 0.00941564 0.0131986 0.0313954 0.0232933 0.0292875 0.0257251 0.0125132 0.00827876 0.00903043 0.0103417 0.0230498 0.0116904 0.00854169 0.00846422 0.0132253 0.0101276 0.00828369 0.00804947 0.0079807 0.00801523 0.00826955 0.00999243 0.00930557 0.00877386 0.00929098 0.00930409 0.00914929 0.00812224 0.0079136 0.00783588 0.00788313 0.00779653 0.00780619 0.0079306 0.00912541 
0.0328228 0.0149927 0.00937384 0.00871168 0.00897447 0.00858149 0.00829364 0.010129 0.0114263 0.0131352 0.00890317 0.00834936 0.00889419 0.00913009 0.00906339 0.00957558 0.00918915 0.0116483 0.0125534 0.933843 0 0.0673922 0.00681583 0.00492841 0.00558448 0.00615626 0.0100417 0.0150376 0.0079815 0.00770638 0.00976248 0.0473842 0.0277608 0.0333659 0.026899 0.0139023 0.00847577 0.00920126 0.0108806 0.0270032 0.0123596 0.00874359 0.00868717 0.0117476 0.0106835 0.00812797 0.00805471 0.00802288 0.00817429 0.00831248 0.00954689 0.00987451 0.00869706 0.00965894 0.00912643 0.00975979 0.00830155 0.00795591 0.00788483 0.00795712 0.00784878 0.00782395 0.00790156 0.00900516 
0.0116729 0.0121815 0.0101661 0.0109416 0.00997067 0.00993522 0.0110476 0.0114351 0.0122306 0.00888897 0.00872932 0.00860178 0.00977498 0.0128912 0.010839 0.0134851 0.0102647 0.015579 0.0214006 0.0137692 0.0673922 0 0.00324401 0.00317307 0.00317947 0.00318185 0.00455135 0.00515932 0.0051727 0.00894413 0.0175974 0.0169948 0.0112527 0.011084 0.010034 0.0112011 0.009202 0.0115274 0.0140036 0.0100364 0.00950823 0.0100658 0.00998275 0.0156121 0.00985303 0.00889204 0.00878763 0.00941461 0.00865534 0.0091561 0.0113214 0.00810562 0.00834466 0.00806433 0.00851674 0.00879386 0.00909567 0.00846734 0.00823329 0.00836196 0.00803726 0.0081983 0.00856094 0.00899864 
0.0103685 0.0112906 0.0240972 0.0186525 0.0164712 0.0162775 0.0194465 0.0153746 0.0123239 0.00845983 0.00912597 0.0102991 0.0165031 0.019565 0.0234906 0.0205789 0.0255497 0.0320303 0.0180608 0.0103745 0.00681583 0.00324401 0 0.00318053 0.00316885 0.00369709 0.00321092 0.00392296 0.00622178 0.00931147 0.168815 0.0163479 0.0118544 0.0109548 0.0104621 0.011396 0.0158459 0.0154949 0.0118356 0.00938031 0.0115509 0.0158309 0.0232123 0.0130751 0.010191 0.0133784 0.0132034 0.0129229 0.0132083 0.0127306 0.0107961 0.00824991 0.00813162 0.00794182 0.00828447 0.00927321 0.011015 0.00971588 0.0108927 0.00890534 0.00904891 0.0093827 0.00962945 0.00874388 
0.0089276 0.0103873 0.0211376 0.0275926 0.0359314 0.0198419 0.0346251 0.012577 0.0100079 0.0085464 0.00905377 0.0116094 0.0182305 0.0279812 0.032665 0.0342884 0.0619956 0.0236753 0.0136596 0.0076351 0.00492841 0.00317307 0.00318053 0 0.0032255 0.00318479 0.00317034 0.00468658 0.00918807 0.0208595 0.232185 0.00942429 0.00828072 0.00943502 0.0089924 0.0103323 0.0167953 0.0148196 0.0118332 0.0081379 0.0119063 0.0186924 0.0186926 0.012799 0.0112923 0.0141654 0.0195538 0.0204231 0.0216787 0.0121914 0.0097162 0.00814614 0.00788831 0.00786679 0.00801484 0.00931506 0.011029 0.0160263 0.0142078 0.0113827 0.010691 0.0104787 0.00911796 0.00854252 
0.00827137 0.0120431 0.018612 0.0584429 0.024325 0.0521636 0.0195038 0.0207463 0.00921774 0.00852443 0.00956948 0.0127819 0.02203 0.0394453 0.0258447 0.0767551 0.0352342 0.0313681 0.0101666 0.00792189 0.00558448 0.00317947 0.00316885 0.0032255 0 0.00315413 0.00315929 0.00411241 0.00885213 0.607885 0.0178283 0.00943607 0.00823678 0.00867094 0.00853871 0.0122564 0.013064 0.0292 0.0093127 0.00820218 0.0122846 0.0283905 0.0187059 0.0109076 0.0117776 0.0154779 0.0222131 0.0244991 0.0204512 0.0132354 0.0099045 0.00807278 0.007903 0.0079784 0.00793435 0.00908487 0.0151442 0.0163775 0.0124109 0.0151021 0.0103416 0.0113566 0.00931578 0.008394 
0.00918425 0.0121399 0.0384912 0.0169014 0.0346765 0.0139928 0.0189903 0.0150304 0.0111988 0.00960009 0.00994 0.0118577 0.0148136 0.0155083 0.037065 0.0173219 0.02502 0.036096 0.0143124 0.00925808 0.00615626 0.00318185 0.00369709 0.00318479 0.00315413 0 0.00327585 0.00975097 0.848826 0.0128101 0.00477208 0.00981105 0.0093702 0.0116035 0.0103366 0.0116812 0.0245459 0.0187771 0.0119336 0.00865928 0.0135003 0.0234417 0.0256964 0.0116556 0.0116645 0.0201241 0.0154617 0.0131811 0.0119454 0.0174037 0.00982491 0.00862544 0.00797089 0.00803688 0.00810449 0.00973819 0.0111846 0.0108318 0.0116754 0.0102702 0.00920539 0.00903349 0.00940538 0.0084289 
0.0133501 0.0197426 0.0119864 0.0107842 0.0121455 0.010027 0.0105029 0.0100182 0.0127353 0.0154625 0.00917839 0.00942671 0.0103197 0.0160286 0.0108464 0.011413 0.0117772 0.0113402 0.0211396 0.0198448 0.0100417 0.00455135 0.00321092 0.00317034 0.00315929 0.00327585 0 0.899014 0.00396011 0.00465938 0.0048263 0.0162865 0.018959 0.0258867 0.0238221 0.0245837 0.0112934 0.0113005 0.0133677 0.0159887 0.027302 0.0108523 0.012938 0.0192425 0.017222 0.0112373 0.0103417 0.00932655 0.0095803 0.00981135 0.0113457 0.0095206 0.00808704 0.00849445 0.00851262 0.0137062 0.0094277 0.00894143 0.00889683 0.00825258 0.00839215 0.00857305 0.00826509 0.0086475 
0.0146045 0.0211371 0.0116362 0.0119189 0.0105037 0.0119751 0.00979819 0.0145545 0.0131192 0.00920285 0.00905949 0.00859812 0.0104642 0.013087 0.010989 0.0149627 0.0101891 0.0182438 0.0192512 0.0139654 0.0150376 0.00515932 0.00392296 0.00468658 0.00411241 0.00975097 0.899014 0 0.00318376 0.0031971 0.0034831 0.0259962 0.0118853 0.0140236 0.0132334 0.0244355 0.00952508 0.0146147 0.0196875 0.0139554 0.0142979 0.0139106 0.0106595 0.067166 0.0148926 0.0106798 0.00975119 0.0115805 0.00949465 0.00975335 0.0169718 0.00854544 0.00867997 0.00835507 0.00904972 0.010251 0.0117118 0.00958939 0.00860697 0.00881893 0.00823046 0.00851547 0.0099953 0.0108597 
0.00909366 0.00985562 0.0335433 0.0162272 0.0343185 0.0110487 0.0429728 0.0107386 0.0128058 0.00833555 0.00889992 0.0119568 0.0185344 0.0141669 0.036235 0.0141144 0.0495112 0.014818 0.0138717 0.00871314 0.0079815 0.0051727 0.00622178 0.00918807 0.00885213 0.848826 0.00396011 0.00318376 0 0.00321382 0.0031671 0.00870327 0.0099868 0.00998974 0.0105682 0.0116389 0.0415649 0.0161984 0.0128204 0.00831762 0.0141736 0.0214617 0.0875818 0.0132314 0.0115741 0.0183346 0.0217373 0.0128091 0.0193674 0.0187585 0.00978971 0.00860522 0.00806777 0.00788272 0.00834734 0.00970103 0.0119601 0.0145945 0.0152261 0.0089747 0.0113316 0.0105004 0.00913905 0.00903579 
0.00879085 0.0113509 0.0158036 0.0332737 0.0120879 0.0398058 0.0109045 0.0557025 0.0088631 0.00843072 0.0097201 0.00944812 0.0115028 0.0263571 0.0114419 0.0417477 0.0145287 0.0788194 0.0109343 0.00941564 0.00770638 0.00894413 0.00931147 0.0208595 0.607885 0.0128101 0.00465938 0.0031971 0.00321382 0 0.00321438 0.0152157 0.0105181 0.00883289 0.0091628 0.0141235 0.0250802 0.100972 0.0109961 0.00928963 0.011371 0.0901529 0.0298434 0.0139073 0.0142489 0.0234485 0.0119365 0.0151804 0.014793 0.0282081 0.0123802 0.008111 0.0080909 0.00804717 0.00817227 0.00886844 0.0153361 0.0118478 0.010393 0.0130269 0.0092024 0.00941895 0.0128266 0.00836793 
0.011054 0.0134952 0.0107905 0.0105135 0.0171703 0.0102811 0.0125401 0.0102214 0.0275408 0.0102309 0.00857113 0.00926787 0.0113309 0.0109115 0.0122095 0.010776 0.0156089 0.0157061 0.0362933 0.0131986 0.00976248 0.0175974 0.168815 0.232185 0.0178283 0.00477208 0.0048263 0.0034831 0.0031671 0.00321438 0 0.0244107 0.0178395 0.0222107 0.0154259 0.019849 0.0168439 0.0248111 0.0460637 0.012493 0.0395995 0.0125974 0.0248278 0.0393998 0.015684 0.0121972 0.0120268 0.0101867 0.0104727 0.0121318 0.021469 0.00863662 0.00809922 0.0081804 0.0083569 0.0112426 0.00938307 0.00963988 0.0095309 0.00881094 0.0087479 0.00873073 0.00893378 0.00970385 
0.015847 0.0116981 0.0086583 0.0087964 0.00891457 0.00858891 0.00859029 0.0105099 0.0102177 0.0098731 0.00830497 0.00824437 0.00846806 0.00909209 0.00886257 0.00923381 0.00899625 0.0106678 0.0118421 0.0313954 0.0473842 0.0169948 0.0163479 0.00942429 0.00943607 0.00981105 0.0162865 0.0259962 0.00870327 0.0152157 0.0244107 0 0.74237 0.0320185 0.0554102 0.0185802 0.00910826 0.0175162 0.0178965 0.0869329 0.0144121 0.0121271 0.0105421 0.0244565 0.0137615 0.00951306 0.00901464 0.00869041 0.00897834 0.00981856 0.0132205 0.011438 0.00982879 0.0108407 0.0103552 0.0106021 0.00931228 0.00860303 0.00835618 0.0084357 0.00809745 0.00825043 0.00875865 0.0104081 
0.0175946 0.00923903 0.00855664 0.00820472 0.00830417 0.00796894 0.00864384 0.00818475 0.0104697 0.00952903 0.00799663 0.00810267 0.00834611 0.00816204 0.00852345 0.00839429 0.00851409 0.00847572 0.0112345 0.0232933 0.0277608 0.0112527 0.0118544 0.00828072 0.00823678 0.0093702 0.018959 0.0118853 0.0099868 0.0105181 0.0178395 0.74237 0 0.215794 0.113826 0.0146331 0.00882038 0.00955797 0.0197046 0.0547264 0.0135696 0.00914283 0.010427 0.0181728 0.010465 0.00861982 0.00864863 0.00826339 0.00849402 0.00894396 0.011733 0.0104322 0.00918633 0.00887988 0.0114151 0.0117876 0.00848592 0.00825394 0.00819188 0.00793024 0.00796103 0.00803453 0.00799739 0.0108752 
0.0254388 0.00998116 0.00875622 0.00825298 0.0087737 0.0080898 0.00890037 0.00840398 0.0145 0.00958468 0.00804864 0.00821981 0.00850672 0.00826875 0.00874072 0.00848586 0.00914587 0.00889599 0.0136392 0.0292875 0.0333659 0.011084 0.0109548 0.00943502 0.00867094 0.0116035 0.0258867 0.0140236 0.00998974 0.00883289 0.0222107 0.0320185 0.215794 0 0.303891 0.013085 0.00983816 0.0130695 0.0192934 0.109114 0.0186715 0.010435 0.0107116 0.0225592 0.0123391 0.0092635 0.00902677 0.00848045 0.00873714 0.00970047 0.0130447 0.0151645 0.01045 0.00944724 0.0163099 0.0148407 0.00898 0.0084657 0.00893122 0.00796373 0.00817729 0.00824797 0.0082471 0.0157264 
0.0329225 0.00945011 0.00860289 0.00828357 0.00862849 0.00811419 0.00881414 0.00827668 0.0126326 0.00886847 0.00802475 0.00810815 0.00829479 0.00827562 0.00882932 0.00831713 0.00903552 0.00890219 0.011907 0.0257251 0.026899 0.010034 0.0104621 0.0089924 0.00853871 0.0103366 0.0238221 0.0132334 0.0105682 0.0091628 0.0154259 0.0554102 0.113826 0.303891 0 0.0154593 0.00610854 0.0061924 0.00877336 0.0479539 0.0163851 0.00976346 0.0104066 0.0252931 0.0155765 0.00977389 0.00914862 0.00860493 0.00905441 0.0102717 0.0133579 0.0149012 0.0102064 0.00917142 0.0147466 0.0132605 0.00885956 0.00845318 0.00916408 0.00808343 0.0083776 0.00827552 0.00818216 0.0151085 
0.0104165 0.0109148 0.00922852 0.00952214 0.0100301 0.00946155 0.00930449 0.0100241 0.0122709 0.00819467 0.00812142 0.00825803 0.00892981 0.011128 0.00970661 0.0114611 0.0101342 0.0126099 0.0152607 0.0125132 0.0139023 0.0112011 0.011396 0.0103323 0.0122564 0.0116812 0.0245837 0.0244355 0.0116389 0.0141235 0.019849 0.0185802 0.0146331 0.013085 0.0154593 0 0.00328061 0.00324313 0.00355549 0.014282 0.0127915 0.0149192 0.0225313 0.430737 0.0210209 0.0139357 0.012447 0.0169333 0.0117604 0.0126561 0.0242026 0.0098179 0.0115417 0.0090929 0.0121054 0.015732 0.0159495 0.0129013 0.00990254 0.0103757 0.00896208 0.00920164 0.0125217 0.0168292 
0.00813427 0.008952 0.0134955 0.0134301 0.015976 0.0108757 0.0193814 0.00986965 0.00960529 0.00803618 0.00826316 0.00915714 0.0128254 0.0117138 0.0171349 0.0132162 0.0217588 0.0133156 0.0104875 0.00827876 0.00847577 0.009202 0.0158459 0.0167953 0.013064 0.0245459 0.0112934 0.00952508 0.0415649 0.0250802 0.0168439 0.00910826 0.00882038 0.00983816 0.00610854 0.00328061 0 0.00331912 0.00320733 0.00594889 0.0117001 0.0151799 0.613857 0.0172398 0.0168765 0.0207745 0.0274081 0.0161898 0.0242162 0.0333717 0.0110407 0.00868107 0.00846357 0.0082451 0.00856523 0.0108857 0.0237957 0.0176818 0.0223636 0.0103604 0.0134825 0.0126446 0.0121474 0.010827 
0.00868454 0.0097799 0.0117573 0.0193779 0.0122302 0.022085 0.0105424 0.0243911 0.00899321 0.00811846 0.00862663 0.00911309 0.0109898 0.0193338 0.0117711 0.0271725 0.0148656 0.0394746 0.010177 0.00903043 0.00920126 0.0115274 0.0154949 0.0148196 0.0292 0.0187771 0.0113005 0.0146147 0.0161984 0.100972 0.0248111 0.0175162 0.00955797 0.0130695 0.0061924 0.00324313 0.00331912 0 0.00326622 0.00977233 0.0113583 0.749382 0.0263668 0.032742 0.0213177 0.0341716 0.0147729 0.0235178 0.0263865 0.0510809 0.0333438 0.00891505 0.00896081 0.008682 0.00865348 0.0103171 0.0285789 0.0249224 0.0135284 0.0309711 0.0106296 0.0129096 0.0262 0.00904659 
0.0095844 0.0106654 0.009341 0.00892911 0.0101872 0.00881372 0.00928054 0.00878163 0.0102914 0.0099133 0.00818468 0.00840839 0.00910309 0.00915726 0.00992414 0.00950133 0.0104103 0.0103703 0.0123841 0.0103417 0.0108806 0.0140036 0.0118356 0.0118332 0.0093127 0.0119336 0.0133677 0.0196875 0.0128204 0.0109961 0.0460637 0.0178965 0.0197046 0.0192934 0.00877336 0.00355549 0.00320733 0.00326622 0 0.0326299 0.663625 0.0157626 0.0301987 0.0299882 0.0247031 0.0140998 0.0134538 0.0107698 0.0109071 0.016886 0.0354159 0.0117815 0.00879786 0.00905955 0.00906471 0.0196092 0.0103666 0.0109534 0.0114187 0.00906925 0.00961111 0.00940453 0.00911148 0.0109668 
0.0131818 0.00923774 0.00802939 0.00791263 0.00793487 0.00789382 0.00789833 0.008287 0.00930748 0.0086151 0.00786557 0.00782233 0.00794411 0.00798839 0.00793775 0.00811593 0.00802822 0.00845868 0.0101874 0.0230498 0.0270032 0.0100364 0.00938031 0.0081379 0.00820218 0.00865928 0.0159887 0.0139554 0.00831762 0.00928963 0.012493 0.0869329 0.0547264 0.109114 0.0479539 0.014282 0.00594889 0.00977233 0.0326299 0 0.0113578 0.0055934 0.00384686 0.00701745 0.0129244 0.00923502 0.00855021 0.00887824 0.00870925 0.0108065 0.0202363 0.015346 0.0125867 0.012506 0.0165343 0.0125875 0.00969147 0.00869474 0.00829498 0.00833202 0.00805369 0.00822446 0.00899736 0.0134306 
0.010838 0.00969866 0.0104956 0.00992218 0.0111112 0.00893848 0.0119069 0.00911339 0.0136589 0.00828515 0.00810016 0.00862757 0.00965955 0.0104494 0.0122305 0.0113586 0.0118921 0.0107877 0.0178545 0.0116904 0.0123596 0.00950823 0.0115509 0.0119063 0.0122846 0.0135003 0.027302 0.0142979 0.0141736 0.011371 0.0395995 0.0144121 0.0135696 0.0186715 0.0163851 0.0127915 0.0117001 0.0113583 0.663625 0.0113578 0 0.00319006 0.00330699 0.00374736 0.0220547 0.014963 0.0276134 0.0312784 0.0419503 0.018459 0.0363142 0.0117369 0.0127118 0.00970259 0.0164879 0.0405861 0.0208093 0.0177419 0.0151517 0.0101552 0.0116548 0.0108832 0.0125042 0.031098 
0.00833006 0.0101747 0.0136038 0.0194126 0.0126728 0.0167403 0.0115522 0.0180208 0.00875191 0.00817577 0.00873283 0.00917365 0.0121448 0.0189901 0.0130883 0.0261163 0.0158167 0.022439 0.00953348 0.00854169 0.00874359 0.0100658 0.0158309 0.0186924 0.0283905 0.0234417 0.0108523 0.0139106 0.0214617 0.0901529 0.0125974 0.0121271 0.00914283 0.010435 0.00976346 0.0149192 0.0151799 0.749382 0.0157626 0.0055934 0.00319006 0 0.00324148 0.00321264 0.0567549 0.0641224 0.0354489 0.079966 0.0348482 0.0340123 0.0160854 0.0108742 0.00948778 0.00931561 0.0090939 0.015025 0.0867332 0.0383943 0.0189822 0.0287639 0.0125216 0.0191326 0.0373455 0.00992208 
0.0083247 0.00972725 0.0170218 0.0154755 0.0201764 0.0116287 0.0209649 0.0113584 0.0110782 0.00835535 0.0086805 0.0104996 0.0140001 0.0153792 0.0209635 0.0167193 0.031586 0.0199513 0.012707 0.00846422 0.00868717 0.00998275 0.0232123 0.0186926 0.0187059 0.0256964 0.012938 0.0106595 0.0875818 0.0298434 0.0248278 0.0105421 0.010427 0.0107116 0.0104066 0.0225313 0.613857 0.0263668 0.0301987 0.00384686 0.00330699 0.00324148 0 0.00325991 0.0411543 0.0818928 0.0629984 0.0312169 0.0524878 0.0623981 0.0179403 0.0100008 0.0091289 0.00869301 0.00956424 0.0134932 0.0299738 0.0468071 0.0283742 0.0180723 0.0214054 0.0173913 0.0235007 0.0114225 
0.00986649 0.013538 0.00962517 0.0103891 0.00981091 0.0107841 0.00900194 0.00958372 0.0103201 0.0105266 0.00837257 0.00892956 0.00934128 0.011007 0.0100401 0.0117782 0.0108281 0.0107294 0.0115942 0.0132253 0.0117476 0.0156121 0.0130751 0.012799 0.0109076 0.0116556 0.0192425 0.067166 0.0132314 0.0139073 0.0393998 0.0244565 0.0181728 0.0225592 0.0252931 0.430737 0.0172398 0.032742 0.0299882 0.00701745 0.00374736 0.00321264 0.00325991 0 0.0572398 0.0347114 0.0291515 0.0270726 0.0197742 0.025505 0.0520349 0.0162932 0.0105891 0.012513 0.0111641 0.0324824 0.0160223 0.013323 0.0144903 0.0113272 0.0119651 0.0122572 0.0126127 0.0168357 
0.00955998 0.00959997 0.00944918 0.0106129 0.0102499 0.00922308 0.010349 0.00917982 0.00965156 0.00802346 0.00807438 0.00842539 0.00941489 0.0103248 0.0109026 0.0113791 0.0110722 0.0117937 0.0115309 0.0101276 0.0106835 0.00985303 0.010191 0.0112923 0.0117776 0.0116645 0.017222 0.0148926 0.0115741 0.0142489 0.015684 0.0137615 0.010465 0.0123391 0.0155765 0.0210209 0.0168765 0.0213177 0.0247031 0.0129244 0.0220547 0.0567549 0.0411543 0.0572398 0 0.00331098 0.00322466 0.00323392 0.00335566 0.00353022 0.00514916 0.0111057 0.0148145 0.00985911 0.0159225 0.0395469 0.035217 0.0188296 0.0123498 0.0131341 0.0100854 0.0125837 0.0182559 0.0237726 
0.0081328 0.00886884 0.0110725 0.0131386 0.0123422 0.0118247 0.0117956 0.0104737 0.00865947 0.00806528 0.00827109 0.0086615 0.0108821 0.0132517 0.0134562 0.0145492 0.0155321 0.0138139 0.00917531 0.00828369 0.00812797 0.00889204 0.0133784 0.0141654 0.0154779 0.0201241 0.0112373 0.0106798 0.0183346 0.0234485 0.0121972 0.00951306 0.00861982 0.0092635 0.00977389 0.0139357 0.0207745 0.0341716 0.0140998 0.00923502 0.014963 0.0641224 0.0818928 0.0347114 0.00331098 0 0.00319861 0.00317696 0.00328159 0.0032206 0.00337388 0.0116149 0.00939124 0.00910668 0.00926982 0.0161732 0.0476865 0.0249221 0.0238894 0.0141228 0.0177684 0.0139292 0.0309781 0.0123962 
0.00812937 0.00873315 0.0120861 0.0135364 0.0182001 0.0133437 0.0178268 0.00976222 0.00901706 0.00789906 0.00817205 0.00943539 0.0135243 0.0147868 0.0205977 0.0166942 0.0208208 0.01111 0.00942298 0.00804947 0.00805471 0.00878763 0.0132034 0.0195538 0.0222131 0.0154617 0.0103417 0.00975119 0.0217373 0.0119365 0.0120268 0.00901464 0.00864863 0.00902677 0.00914862 0.012447 0.0274081 0.0147729 0.0134538 0.00855021 0.0276134 0.0354489 0.0629984 0.0291515 0.00322466 0.00319861 0 0.00316425 0.0031083 0.00320644 0.00321534 0.00823092 0.00882393 0.00775003 0.00844888 0.0148369 0.022805 0.044483 0.0292471 0.0249581 0.0230069 0.0241399 0.0136174 0.0120714 
0.00791395 0.00885338 0.0102745 0.0148745 0.0130425 0.0155987 0.0114174 0.0104433 0.0084651 0.00796842 0.0082439 0.00876475 0.0120396 0.0167885 0.0155069 0.0200111 0.0140553 0.0122343 0.00870333 0.0079807 0.00802288 0.00941461 0.0129229 0.0204231 0.0244991 0.0131811 0.00932655 0.0115805 0.0128091 0.0151804 0.0101867 0.00869041 0.00826339 0.00848045 0.00860493 0.0169333 0.0161898 0.0235178 0.0107698 0.00887824 0.0312784 0.079966 0.0312169 0.0270726 0.00323392 0.00317696 0.00316425 0 0.00316887 0.00316079 0.00323773 0.00812588 0.00861146 0.00778353 0.00808294 0.011846 0.0287027 0.0332717 0.043026 0.0307138 0.0220476 0.0170257 0.0209939 0.00939277 
0.00808174 0.0084576 0.0117337 0.0125707 0.0155286 0.0120863 0.014522 0.0094417 0.00861692 0.0079668 0.00817807 0.0091637 0.0128063 0.0129962 0.0182857 0.0145039 0.0172248 0.0108004 0.00877593 0.00801523 0.00817429 0.00865534 0.0132083 0.0216787 0.0204512 0.0119454 0.0095803 0.00949465 0.0193674 0.014793 0.0104727 0.00897834 0.00849402 0.00873714 0.00905441 0.0117604 0.0242162 0.0263865 0.0109071 0.00870925 0.0419503 0.0348482 0.0524878 0.0197742 0.00335566 0.00328159 0.0031083 0.00316887 0 0.00316106 0.00316204 0.0100547 0.00961229 0.00762912 0.00842614 0.0143811 0.0278752 0.0861144 0.0332491 0.0312032 0.0213293 0.0240646 0.0146988 0.0106085 
0.00810604 0.0086284 0.0100766 0.0109145 0.0109675 0.0101132 0.0114389 0.0093625 0.0084425 0.00803229 0.00822108 0.00874026 0.00950628 0.0101877 0.0110742 0.0105818 0.0121552 0.0113254 0.00886764 0.00826955 0.00831248 0.0091561 0.0127306 0.0121914 0.0132354 0.0174037 0.00981135 0.00975335 0.0187585 0.0282081 0.0121318 0.00981856 0.00894396 0.00970047 0.0102717 0.0126561 0.0333717 0.0510809 0.016886 0.0108065 0.018459 0.0340123 0.0623981 0.025505 0.00353022 0.0032206 0.00320644 0.00316079 0.00316106 0 0.00322582 0.0140567 0.0131927 0.0081735 0.0104556 0.0133381 0.0507098 0.0238397 0.0255733 0.0156164 0.0215242 0.0140554 0.0370048 0.010418 
0.0085322 0.0101062 0.00869379 0.0091893 0.00912865 0.00893941 0.00898014 0.00854724 0.00895519 0.0084394 0.0081167 0.0081937 0.0088216 0.00933787 0.00899351 0.00951443 0.00941713 0.0101996 0.00944985 0.00999243 0.00954689 0.0113214 0.0107961 0.0097162 0.0099045 0.00982491 0.0113457 0.0169718 0.00978971 0.0123802 0.021469 0.0132205 0.011733 0.0130447 0.0133579 0.0242026 0.0110407 0.0333438 0.0354159 0.0202363 0.0363142 0.0160854 0.0179403 0.0520349 0.00514916 0.00337388 0.00321534 0.00323773 0.00316204 0.00322582 0 0.0154496 0.0105157 0.0100549 0.00924724 0.0445812 0.0127507 0.0175379 0.0124466 0.0117096 0.00999214 0.0122633 0.0173717 0.0199586 
0.00985596 0.00803037 0.00805777 0.00804357 0.00801934 0.00796752 0.00806457 0.00803017 0.00833941 0.00828596 0.00782214 0.00787346 0.00796569 0.0079868 0.00806961 0.00798107 0.00803935 0.00805758 0.00827779 0.00930557 0.00987451 0.00810562 0.00824991 0.00814614 0.00807278 0.00862544 0.0095206 0.00854544 0.00860522 0.008111 0.00863662 0.011438 0.0104322 0.0151645 0.0149012 0.0098179 0.00868107 0.00891505 0.0117815 0.015346 0.0117369 0.0108742 0.0100008 0.0162932 0.0111057 0.0116149 0.00823092 0.00812588 0.0100547 0.0140567 0.0154496 0 0.0127725 0.00525313 0.972865 0.00837184 0.0161974 0.00852883 0.00814909 0.00633534 0.00625147 0.00725913 0.00811252 0.0248906 
0.00851757 0.0080409 0.0079274 0.0079982 0.00795377 0.00798786 0.00791643 0.00797321 0.00792289 0.00814846 0.00787748 0.00783402 0.007842 0.00792196 0.00798713 0.00787443 0.00791502 0.00788767 0.00793966 0.00877386 0.00869706 0.00834466 0.00813162 0.00788831 0.007903 0.00797089 0.00808704 0.00867997 0.00806777 0.0080909 0.00809922 0.00982879 0.00918633 0.01045 0.0102064 0.0115417 0.00846357 0.00896081 0.00879786 0.0125867 0.0127118 0.00948778 0.0091289 0.0105891 0.0148145 0.00939124 0.00882393 0.00861146 0.00961229 0.0131927 0.0105157 0.0127725 0 0.985124 0.0044488 0.00744452 0.0070734 0.0120234 0.00617226 0.00603741 0.00609777 0.00660543 0.00812287 0.0076838 
0.00935956 0.00800599 0.00792199 0.00802177 0.00789659 0.00796764 0.00785734 0.00793788 0.00796417 0.00801181 0.00788082 0.00778941 0.00781249 0.00793931 0.00791217 0.00792299 0.00788305 0.00800088 0.0080702 0.00929098 0.00965894 0.00806433 0.00794182 0.00786679 0.0079784 0.00803688 0.00849445 0.00835507 0.00788272 0.00804717 0.0081804 0.0108407 0.00887988 0.00944724 0.00917142 0.0090929 0.0082451 0.008682 0.00905955 0.012506 0.00970259 0.00931561 0.00869301 0.012513 0.00985911 0.00910668 0.00775003 0.00778353 0.00762912 0.0081735 0.0100549 0.00525313 0.985124 0 0.0113403 0.00483406 0.013432 0.00598524 0.00413343 0.00488784 0.00491207 0.00550022 0.00579478 0.00924753 
0.00893827 0.00828495 0.0080357 0.00802916 0.008024 0.00801481 0.00797631 0.00798439 0.00816649 0.00830888 0.00787835 0.00786971 0.00798642 0.00791157 0.00799841 0.00793264 0.00805443 0.00794493 0.00809538 0.00930409 0.00912643 0.00851674 0.00828447 0.00801484 0.00793435 0.00810449 0.00851262 0.00904972 0.00834734 0.00817227 0.0083569 0.0103552 0.0114151 0.0163099 0.0147466 0.0121054 0.00856523 0.00865348 0.00906471 0.0165343 0.0164879 0.0090939 0.00956424 0.0111641 0.0159225 0.00926982 0.00844888 0.00808294 0.00842614 0.0104556 0.00924724 0.972865 0.0044488 0.0113403 0 0.0119179 0.0041383 0.00337892 0.00395618 0.00359028 0.0045612 0.00493842 0.00632182 0.00954673 
0.00997227 0.00938013 0.00891607 0.00903591 0.00944618 0.00857878 0.00932802 0.00865247 0.00903502 0.00812923 0.00801101 0.00813127 0.00872382 0.0090167 0.00920421 0.00899696 0.00931197 0.0088313 0.00990332 0.00914929 0.00975979 0.00879386 0.00927321 0.00931506 0.00908487 0.00973819 0.0137062 0.010251 0.00970103 0.00886844 0.0112426 0.0106021 0.0117876 0.0148407 0.0132605 0.015732 0.0108857 0.0103171 0.0196092 0.0125875 0.0405861 0.015025 0.0134932 0.0324824 0.0395469 0.0161732 0.0148369 0.011846 0.0143811 0.0133381 0.0445812 0.00837184 0.00744452 0.00483406 0.0119179 0 0.00325573 0.00321536 0.00320714 0.00319701 0.00321359 0.00341899 0.00376617 0.024082 
0.00828298 0.00863084 0.009414 0.0119159 0.0101727 0.0108799 0.00986818 0.0102734 0.00832339 0.00796002 0.00836662 0.00846119 0.00954934 0.0110936 0.0105797 0.0121679 0.0109552 0.0113731 0.00908913 0.00812224 0.00830155 0.00909567 0.011015 0.011029 0.0151442 0.0111846 0.0094277 0.0117118 0.0119601 0.0153361 0.00938307 0.00931228 0.00848592 0.00898 0.00885956 0.0159495 0.0237957 0.0285789 0.0103666 0.00969147 0.0208093 0.0867332 0.0299738 0.0160223 0.035217 0.0476865 0.022805 0.0287027 0.0278752 0.0507098 0.0127507 0.0161974 0.0070734 0.013432 0.0041383 0.00325573 0 0.00318308 0.00319825 0.00319059 0.0031908 0.00326577 0.00983819 0.0065493 
