1IIBA
KKHIYLFSSAGMSTSLLVSKMRAQAEKYEVPVIIEAFPETLAGEKGQNADVVLLGPQIAYMLPEIQRLLPNKPVEVIDSLLYGKVDGLGVLKAAVAAIKKAAA
CEEEEEEECCHHHHHHHHHHHHHHHHHCCCCEEEEEEEHHHHHHHHCCCCEEEECHHHHHHHHHHHHHCCCCCEEECCHHHHHCCCHHHHHHHHHHHHHHHHC
0 0 0 0 0 0 0 0 0 0 0 0 0 0 0 0 0 0 0 0 0 0 0 0 0 0 0 0 0 0 0 0 0 0 0 0 0 0 0 0 0 0 0 0 0 0 0 0 0 0 0 0 0 0 0 0 0 0 0 0 0 0 0 0 0 0 0 0 0 0 0 0 0 0 0 0 0 0 0 0 0 0 0 0 0 0 0 0 0 0 0 0 0 0 0 0 0 0 0 0 0 0 0 
0 0 0 0 0 0 0 0 0 0 0 0 0 0 0 0 0 0 0 0 0 0 0 0 0 0 0 0 0 0 0 0 0 0 0 0 0 0 0 0 0 0 0 0 0 0 0 0 0 0 0 0 0 0 0 0 0 0 0 0 0 0 0 0 0 0 0 0 0 0 0 0 0 0 0 0 0 0 0 0 0 0 0 0 0 0 0 0 0 0 0 0 0 0 0 0 0 0 0 0 0 0 0 
0 0.00343154 0.00325316 0.00331557 0.0033437 0.00348552 0.0069764 0.611733 0.0115469 0.0215548 0.00923015 0.0116897 0.0109358 0.0188835 0.0388857 0.0188328 0.0126145 0.0275287 0.0152909 0.00840886 0.012258 
0.00343154 0 0.0032579 0.00330364 0.00327061 0.00358897 0.00332779 0.033275 0.69413 0.00936235 0.033964 0.0124709 0.0107166 0.0103217 0.0287418 0.0869246 0.0236389 0.0121734 0.0097454 0.0208955 0.00926781 
0.00325316 0.0032579 0 0.00324991 0.00325566 0.00319395 0.0032461 0.166212 0.0143406 0.599372 0.0120856 0.0380764 0.0116667 0.00955012 0.126353 0.064045 0.0407402 0.0126065 0.0204905 0.00886156 0.00960309 
0.00331557 0.00330364 0.00324991 0 0.00317432 0.00318317 0.00320145 0.02546 0.140258 0.0164148 0.535859 0.0253742 0.0129948 0.0107688 0.0235583 0.176531 0.0431089 0.0185174 0.0100996 0.0152468 0.00988385 
0.0033437 0.00327061 0.00325566 0.00317432 0 0.00317958 0.00322835 0.0313204 0.0278599 0.121905 0.0254929 0.430186 0.0117948 0.0104899 0.0216652 0.0603944 0.189752 0.0201161 0.0119254 0.0109827 0.0122723 
0.00348552 0.00358897 0.00319395 0.00318317 0.00317958 0 0.00327106 0.024803 0.0328356 0.0146668 0.0337439 0.0152427 0.299953 0.0110502 0.0151788 0.0415633 0.0819593 0.0752072 0.00997651 0.018429 0.0111537 
0.0069764 0.00332779 0.0032461 0.00320145 0.00322835 0.00327106 0 0.031184 0.0114382 0.0229354 0.0117549 0.0177036 0.0182387 0.202342 0.0249545 0.0149826 0.0216283 0.0302134 0.0294121 0.00891495 0.0124295 
0.611733 0.033275 0.166212 0.02546 0.0313204 0.024803 0.031184 0 0.00323231 0.00354734 0.00332273 0.00329234 0.00516532 0.00474985 0.0349582 0.027364 0.0149002 0.0439478 0.0491935 0.0100038 0.0297774 
0.0115469 0.69413 0.0143406 0.140258 0.0278599 0.0328356 0.0114382 0.00323231 0 0.0031964 0.00323137 0.00329422 0.00322988 0.00340244 0.0129519 0.0266017 0.0388687 0.0124245 0.00920532 0.0538268 0.00989788 
0.0215548 0.00936235 0.599372 0.0164148 0.121905 0.0146668 0.0229354 0.00354734 0.0031964 0 0.00317979 0.00319987 0.00322256 0.00318548 0.0176398 0.0189751 0.0138545 0.0144067 0.0244341 0.00904773 0.0101116 
0.00923015 0.033964 0.0120856 0.535859 0.0254929 0.0337439 0.0117549 0.00332273 0.00323137 0.00317979 0 0.00315929 0.00317709 0.00316733 0.0122801 0.0171387 0.0186983 0.0123635 0.00897363 0.0108244 0.00924315 
0.0116897 0.0124709 0.0380764 0.0253742 0.430186 0.0152427 0.0177036 0.00329234 0.00329422 0.00319987 0.00315929 0 0.00317188 0.00319566 0.00957334 0.0327871 0.0153162 0.0106958 0.0101558 0.00967882 0.00937571 
0.0109358 0.0107166 0.0116667 0.0129948 0.0117948 0.299953 0.0182387 0.00516532 0.00322988 0.00322256 0.00317709 0.00317188 0 0.00314942 0.0127036 0.0107213 0.0208661 0.0107431 0.0114235 0.0101868 0.0090199 
0.0188835 0.0103217 0.00955012 0.0107688 0.0104899 0.0110502 0.202342 0.00474985 0.00340244 0.00318548 0.00316733 0.00319566 0.00314942 0 0.0116281 0.00994206 0.00891518 0.0129767 0.0159479 0.00923502 0.010046 
0.0388857 0.0287418 0.126353 0.0235583 0.0216652 0.0151788 0.0249545 0.0349582 0.0129519 0.0176398 0.0122801 0.00957334 0.0127036 0.0116281 0 0.00348055 0.00327485 0.00386585 0.151482 0.0157907 0.0243065 
0.0188328 0.0869246 0.064045 0.176531 0.0603944 0.0415633 0.0149826 0.027364 0.0266017 0.0189751 0.0171387 0.0327871 0.0107213 0.00994206 0.00348055 0 0.00332375 0.00324406 0.476026 0.0982847 0.0198185 
0.0126145 0.0236389 0.0407402 0.0431089 0.189752 0.0819593 0.0216283 0.0149002 0.0388687 0.0138545 0.0186983 0.0153162 0.0208661 0.00891518 0.00327485 0.00332375 0 0.00335118 0.0190586 0.561445 0.0339715 
0.0275287 0.0121734 0.0126065 0.0185174 0.0201161 0.0752072 0.0302134 0.0439478 0.0124245 0.0144067 0.0123635 0.0106958 0.0107431 0.0129767 0.00386585 0.00324406 0.00335118 0 0.0229199 0.0140135 0.549955 
0.0152909 0.0097454 0.0204905 0.0100996 0.0119254 0.00997651 0.0294121 0.0491935 0.00920532 0.0244341 0.00897363 0.0101558 0.0114235 0.0159479 0.151482 0.476026 0.0190586 0.0229199 0 0.00322724 0.00357178 
0.00840886 0.0208955 0.00886156 0.0152468 0.0109827 0.018429 0.00891495 0.0100038 0.0538268 0.00904773 0.0108244 0.00967882 0.0101868 0.00923502 0.0157907 0.0982847 0.561445 0.0140135 0.00322724 0 0.00328952 
0.012258 0.00926781 0.00960309 0.00988385 0.0122723 0.0111537 0.0124295 0.0297774 0.00989788 0.0101116 0.00924315 0.00937571 0.0090199 0.010046 0.0243065 0.0198185 0.0339715 0.549955 0.00357178 0.00328952 0 
