1IUGB
DWLLTPGPVRLHPKALEALARPQLHHRTEAAREVFLKARGLLREAFRTEGEVLILTGSGTLAMEALVKNLFAPGERVLVPVYGKFSERFYEIALEAGLVVERLDYPYGDTPRPEDVAKEGYAGLLLVHSETSTGALADLPALARAFKEKNPEGLVGADMVTSLLVGEVALEAMGVDAAASGSQXGLMCPPGLGFVALSPRALERLKPRGYYLDLARELKAQKEGESAWTPAINLVLAVAAVLEEVLPRLEEHLALKAWQNALLYGVGEEGGLRPVPKRFSPAVAAFYLPEGVPYARVKEAFAQRGAVIAGGQGPLKGKVFRLSLMGAYDRYEALGVAGMFREVLEEIL
CEECCCCCCCCCHHHHHHHCCCCCCCCCHHHHHHHHHHHHHHHHHHCCCCEEEEEECCHHHHHHHHHHHHCCCCCEEEEEECCHHHHHHHHHHHHCCCEEEEEECCCCCCCCCCCCCCCCCCEEEEECEECCCCEECCHHHHHHHHHHHCCCCEEEEECCCCCCCCCCCCHHHCCCEEEEECCCCCCCCCCEEEEEECHHHHHCCCCCCCCCCHHHHHHHHCCCCCCCCCCHHHHHHHHHHHHHHHHHHHHHHHHHHHHHHHHHHHHHHCCCCECCCCECCCCEEEECCCCCCHHHHHHHHHCCCEECEECCHHHCCCEEEECCCCCCCHHHHHHHHHHHHHHHHHHC
0 0 0 0 0 0 0 0 0 0 0 0 0 0 0 0 0 0 0 0 0 0 0 0 0 0 0 0 0 0 0 0 0 0 0 0 0 0 0 0 0 0 0 0 0 0 0 0 0 0 0 0 0 0 0 0 0 0 0 0 0 0 0 0 0 0 0 0 0 0 0 0 0 0 0 0 0 0 0 0 0 0 0 0 0 0 0 0 0 0 0 0 0 0 0 0 0 0 0 0 0 0 0 0 0 0 0 0 0 0 0 0 0 0 0 0 0 0 0 0 0 0 0 0 0 0 0 0 0 0 0 0 0 0 0 0 0 0 0 0 0 0 0 0 0 0 0 0 0 0 0 0 0 0 0 0 0 0 0 0 0 0 0 0 0 0 0 0 0 0 0 0 0 0 0 0 0 0 0 0 0 0 0 0 0 0 0 0 0 0 0 0 0 0 0 0 0 0 0 0 0 0 0 0 0 0 0 0 0 0 0 0 0 0 0 0 0 0 0 0 0 0 0 0 0 0 0 0 0 0 0 0 0 0 0 0 0 0 0 0 0 0 0 0 0 0 0 0 0 0 0 0 0 0 0 0 0 0 0 0 0 0 0 0 0 0 0 0 0 0 0 0 0 0 0 0 0 0 0 0 0 0 0 0 0 0 0 0 0 0 0 0 0 0 0 0 0 0 0 0 0 0 0 0 0 0 0 0 0 0 0 0 0 0 0 0 0 0 0 0 0 0 0 0 0 0 0 0 0 0 0 0 0 0 0 0 0 0 0 0 0 0 0 0 0 0 0 0 
0 0 0 0 0 0 0 0 0 0 0 0 0 0 0 0 0 0 0 0 0 0 0 0 0 0 0 0 0 0 0 0 0 0 0 0 0 0 0 0 0 0 0 0 0 0 0 0 0 0 0 0 0 0 0 0 0 0 0 0 0 0 0 0 0 0 0 0 0 0 0 0 0 0 0 0 0 0 0 0 0 0 0 0 0 0 0 0 0 0 0 0 0 0 0 0 0 0 0 0 0 0 0 0 0 0 0 0 0 0 0 0 0 0 0 0 0 0 0 0 0 0 0 0 0 0 0 0 0 0 0 0 0 0 0 0 0 0 0 0 0 0 0 0 0 0 0 0 0 0 0 0 0 0 0 0 0 0 0 0 0 0 0 0 0 0 0 0 0 0 0 0 0 0 0 0 0 0 0 0 0 0 0 0 0 0 0 0 0 0 0 0 0 0 0 0 0 0 0 0 0 0 0 0 0 0 0 0 0 0 0 0 0 0 0 0 0 0 0 0 0 0 0 0 0 0 0 0 0 0 0 0 0 0 0 0 0 0 0 0 0 0 0 0 0 0 0 0 0 0 0 0 0 0 0 0 0 0 0 0 0 0 0 0 0 0 0 0 0 0 0 0 0 0 0 0 0 0 0 0 0 0 0 0 0 0 0 0 0 0 0 0 0 0 0 0 0 0 0 0 0 0 0 0 0 0 0 0 0 0 0 0 0 0 0 0 0 0 0 0 0 0 0 0 0 0 0 0 0 0 0 0 0 0 0 0 0 0 0 0 0 0 0 0 0 0 0 0 
0 0.00751001 0.0365221 0.0261148 0.0315236 0.0252961 0.0223613 0.01769 0.0122258 0.0107241 0.0108979 0.00951762 0.0110002 0.0107879 0.00979979 0.0086296 0.00819577 0.00823194 0.00813924 0.00929732 0.00881218 0.00868096 0.00872792 0.00869054 0.00840034 0.00811961 0.00837847 0.00885489 0.00879157 0.00865004 0.00844303 0.00844131 0.00818879 0.00819649 0.00856711 0.00847588 0.00829 0.00838457 0.00799888 0.00822491 0.00813439 0.00832466 0.00826514 0.00848469 0.00856109 0.00860176 0.00847223 0.00856269 0.00854321 0.00849563 0.00869529 0.00879846 0.00869516 0.00849775 0.00884691 0.008785 0.00871344 0.00867401 0.00923794 
0.00751001 0 0.0123871 0.0180442 0.0143118 0.0317418 0.0388932 0.0387087 0.0106913 0.0113782 0.00979469 0.00959695 0.0122951 0.0126323 0.00955147 0.00954176 0.00818056 0.00810379 0.00893477 0.00863319 0.00950804 0.00907434 0.0086684 0.00899083 0.00834588 0.00870964 0.00833292 0.00959462 0.00844677 0.00906635 0.00870273 0.00829276 0.00837996 0.00841276 0.00881202 0.0082983 0.00820914 0.00814559 0.00815153 0.00829512 0.0081582 0.00818534 0.00816398 0.00818195 0.008503 0.00838952 0.00853204 0.0087444 0.00847013 0.00846871 0.00859722 0.00890163 0.00869644 0.0087055 0.00874059 0.00900835 0.0088501 0.00882702 0.00916607 
0.0365221 0.0123871 0 0.00332585 0.00330969 0.00325366 0.00337572 0.00449118 0.230734 0.0110029 0.0141361 0.00982926 0.0111356 0.0186457 0.0273121 0.00841213 0.00942027 0.00920368 0.00851952 0.0343015 0.0111486 0.00949491 0.00943355 0.0092828 0.00991022 0.00876341 0.00906441 0.00858726 0.0106853 0.0092707 0.00850393 0.00872156 0.0086596 0.00947741 0.00847786 0.00845587 0.00825843 0.00849918 0.00843034 0.00816227 0.00799695 0.00816328 0.00817375 0.00847254 0.00967697 0.0085504 0.00844504 0.00820409 0.0081746 0.00806669 0.00867586 0.00810719 0.00827149 0.00815895 0.0081899 0.00827029 0.00823382 0.00823078 0.00838086 
0.0261148 0.0180442 0.00332585 0 0.00327165 0.00318008 0.00355935 0.0032462 0.042838 0.312411 0.0202953 0.0232091 0.0211614 0.0119297 0.00917324 0.0376404 0.00961599 0.0105168 0.0185658 0.00947794 0.0193115 0.0197272 0.0162581 0.0177597 0.0102608 0.00904467 0.00883726 0.0086788 0.00878872 0.00922948 0.0118945 0.0125151 0.0120372 0.00876399 0.00938272 0.0102265 0.00999078 0.00891826 0.00853756 0.00818182 0.00861449 0.00932592 0.00929256 0.00925687 0.00882362 0.00800545 0.00797452 0.00825235 0.00838601 0.00837146 0.00831754 0.00825201 0.00826773 0.00814848 0.00823737 0.00824109 0.00845328 0.00853706 0.00845084 
0.0315236 0.0143118 0.00330969 0.00327165 0 0.00318937 0.00320889 0.00320926 0.0456535 0.0693345 0.255052 0.0654202 0.0226475 0.0116652 0.0124043 0.0114467 0.0303254 0.0243282 0.0104325 0.00988468 0.0119372 0.0426085 0.0715178 0.0271313 0.0142583 0.00923275 0.00883867 0.00853096 0.00860715 0.0100206 0.0223358 0.0313317 0.0125623 0.00963933 0.0102834 0.0136619 0.0131963 0.0101253 0.00861748 0.00866 0.00953758 0.0121743 0.0123089 0.0101447 0.00889001 0.00799863 0.00792249 0.00838999 0.00863082 0.00856574 0.00831577 0.00828093 0.00840474 0.00824045 0.00816484 0.00838551 0.00864496 0.00879074 0.00850314 
0.0252961 0.0317418 0.00325366 0.00318008 0.00318937 0 0.00316934 0.00320051 0.0225735 0.0551541 0.228423 0.29804 0.0332299 0.0187963 0.0116591 0.013007 0.0302514 0.0385679 0.0120628 0.0110656 0.0140507 0.0343414 0.111672 0.0427239 0.0193883 0.00997964 0.00921151 0.00887523 0.00880006 0.0106986 0.0225901 0.0485601 0.0180223 0.0102969 0.0113867 0.0149167 0.0184641 0.0111092 0.00877595 0.00901759 0.0102313 0.0145473 0.0134498 0.0118106 0.00894639 0.00799988 0.00797367 0.00858603 0.00872407 0.00863198 0.00836771 0.00841492 0.00847036 0.00827885 0.00822773 0.00845667 0.00885275 0.00885347 0.0086533 
0.0223613 0.0388932 0.00337572 0.00355935 0.00320889 0.00316934 0 0.00336716 0.0142407 0.0478657 0.0699853 0.135269 0.355635 0.0307206 0.0106516 0.0196442 0.0108509 0.0112878 0.0327426 0.010435 0.0128588 0.0232868 0.0266143 0.0745129 0.0150925 0.0126927 0.0104087 0.00980648 0.00932704 0.0103246 0.015677 0.0167313 0.024565 0.0107882 0.0104843 0.0118439 0.0118242 0.0105804 0.00891145 0.00898785 0.00944401 0.0103707 0.0104594 0.0103673 0.00914283 0.00798843 0.00793232 0.0084229 0.00841135 0.00848822 0.00814766 0.00836259 0.00858403 0.00819661 0.00840875 0.00839699 0.00862508 0.00869179 0.00841825 
0.01769 0.0387087 0.00449118 0.0032462 0.00320926 0.00320051 0.00336716 0 0.0300857 0.01494 0.0246322 0.0319545 0.107047 0.348085 0.0234123 0.0097693 0.00943659 0.00955394 0.00971255 0.0275375 0.0163112 0.0128463 0.0148836 0.0175378 0.0166919 0.0133132 0.0133579 0.013627 0.0108897 0.014439 0.0103798 0.0106582 0.0105385 0.0162744 0.0119981 0.00958197 0.00918391 0.00922425 0.0101253 0.0101471 0.00870885 0.00885027 0.00895192 0.00910745 0.0102014 0.0082333 0.00845231 0.00871151 0.00823941 0.00812243 0.00810263 0.00848233 0.00840664 0.00831682 0.00829737 0.00873323 0.00827709 0.00828203 0.00843789 
0.0122258 0.0106913 0.230734 0.042838 0.0456535 0.0225735 0.0142407 0.0300857 0 0.00328696 0.00319279 0.00319895 0.00341094 0.00395695 0.610612 0.00885247 0.0107455 0.0116397 0.0092207 0.0331598 0.0182132 0.0114928 0.0102634 0.0101865 0.012221 0.00971045 0.00970735 0.00942293 0.01224 0.0108605 0.00871434 0.00899626 0.00904822 0.0106326 0.00965442 0.00871781 0.00826596 0.00876004 0.00897222 0.0085081 0.00810301 0.00828696 0.00838465 0.00867837 0.0104916 0.00871711 0.00846968 0.00817217 0.00814105 0.00809953 0.00836129 0.00807818 0.00821742 0.00807615 0.00812011 0.00819259 0.00815978 0.00814386 0.00843146 
0.0107241 0.0113782 0.0110029 0.312411 0.0693345 0.0551541 0.0478657 0.01494 0.00328696 0 0.00319487 0.00323705 0.00344031 0.00341951 0.0190504 0.676793 0.0105331 0.0141317 0.0268109 0.0104837 0.0454428 0.0427245 0.022901 0.0186081 0.0119328 0.00981031 0.00962301 0.0101767 0.00925643 0.0125304 0.0181791 0.0143895 0.0136735 0.00903925 0.0149795 0.0117571 0.0114804 0.00935187 0.00866019 0.00861508 0.0095598 0.0103286 0.0111894 0.0103478 0.00944152 0.0080112 0.00791242 0.00835408 0.00849337 0.00840822 0.00826175 0.00819121 0.00825702 0.00821449 0.00820713 0.0082121 0.00849659 0.00866487 0.00838678 
0.0108979 0.00979469 0.0141361 0.0202953 0.255052 0.228423 0.0699853 0.0246322 0.00319279 0.00319487 0 0.00317828 0.00319172 0.00320462 0.052712 0.0159563 0.520027 0.0307679 0.0141078 0.012334 0.0134313 0.0767745 0.0732735 0.0399135 0.0161556 0.010499 0.00912112 0.00896289 0.00916713 0.0116962 0.0374097 0.0474324 0.0171073 0.0110857 0.0120651 0.023221 0.0209262 0.0125432 0.00871631 0.00919101 0.0116394 0.0172341 0.0199119 0.0125315 0.00912252 0.00794202 0.00786055 0.00837181 0.0085496 0.00846615 0.00831832 0.00814091 0.00827857 0.00813734 0.00816939 0.0082466 0.00850163 0.00872527 0.00850637 
0.00951762 0.00959695 0.00982926 0.0232091 0.0654202 0.29804 0.135269 0.0319545 0.00319895 0.00323705 0.00317828 0 0.00316103 0.00316594 0.0162073 0.039496 0.0299271 0.482473 0.0131039 0.0148507 0.0131056 0.0309749 0.136151 0.0399472 0.019362 0.0105419 0.00927812 0.00913082 0.00889298 0.0113047 0.0228707 0.0700138 0.0193709 0.011566 0.0132737 0.0183895 0.031458 0.0125842 0.00922621 0.00924924 0.0113527 0.0191705 0.0175791 0.0137714 0.0090682 0.00793024 0.00790202 0.00850821 0.00873059 0.00849777 0.00819101 0.00816741 0.00824899 0.00816552 0.00806216 0.00826508 0.00855147 0.00873352 0.00839436 
0.0110002 0.0122951 0.0111356 0.0211614 0.0226475 0.0332299 0.355635 0.107047 0.00341094 0.00344031 0.00319172 0.00316103 0 0.00320454 0.0182486 0.0209608 0.0305455 0.0170621 0.48004 0.011549 0.0137226 0.0282284 0.0268446 0.0744857 0.0149032 0.0147832 0.011434 0.0105802 0.0102098 0.010716 0.0219736 0.0192384 0.0300565 0.0124877 0.0102681 0.0158494 0.0128375 0.0136448 0.00897614 0.00892565 0.0105282 0.0117591 0.0109631 0.0127527 0.00912212 0.0079138 0.00785297 0.00825466 0.008346 0.00838753 0.0080422 0.00807067 0.0082299 0.00802454 0.00812268 0.00818641 0.00829531 0.00840146 0.0082464 
0.0107879 0.0126323 0.0186457 0.0119297 0.0116652 0.0187963 0.0307206 0.348085 0.00395695 0.00341951 0.00320462 0.00316594 0.00320454 0 0.025104 0.016405 0.0121083 0.0157309 0.0254686 0.48502 0.0217675 0.0131276 0.0165368 0.0212713 0.031834 0.0168096 0.0182128 0.0153416 0.0118334 0.0186931 0.0111621 0.012975 0.0148019 0.0278709 0.0161277 0.0100677 0.0102162 0.00985452 0.0117999 0.0108866 0.00912927 0.00918617 0.00930638 0.00979488 0.0111848 0.00804506 0.00814263 0.00846058 0.00818631 0.00813944 0.00815608 0.00828206 0.00823532 0.0082152 0.00822698 0.0083431 0.00822825 0.00823211 0.0082689 
0.00979979 0.00955147 0.0273121 0.00917324 0.0124043 0.0116591 0.0106516 0.0234123 0.610612 0.0190504 0.052712 0.0162073 0.0182486 0.025104 0 0.00327356 0.00352214 0.00331466 0.00321268 0.00744514 0.0265765 0.0142129 0.0111502 0.0130233 0.0151212 0.0109891 0.0122359 0.0114046 0.018243 0.0146347 0.0108163 0.0103354 0.00995118 0.0148754 0.0120383 0.00980203 0.00877814 0.00968975 0.0106709 0.00849744 0.00841283 0.00859397 0.00861725 0.00977408 0.012428 0.00916595 0.00889105 0.00848698 0.00809679 0.00814998 0.00902878 0.00815209 0.0082503 0.00813508 0.00813576 0.00841367 0.00808776 0.00825711 0.00848209 
0.0086296 0.00954176 0.00841213 0.0376404 0.0114467 0.013007 0.0196442 0.0097693 0.00885247 0.676793 0.0159563 0.039496 0.0209608 0.016405 0.00327356 0 0.00319309 0.00316345 0.00445113 0.00329219 0.0504318 0.0277897 0.0132605 0.0143857 0.010605 0.00933024 0.00979145 0.00990067 0.0088695 0.0104348 0.0144687 0.0132651 0.0131544 0.00900919 0.0111877 0.00985726 0.0107388 0.0088762 0.0089294 0.00853618 0.00867164 0.00959936 0.00958476 0.00915625 0.00967122 0.00793272 0.00789229 0.00821472 0.00845345 0.00857048 0.00804747 0.00822167 0.00821736 0.00815367 0.00812182 0.00818105 0.00842353 0.00843456 0.00830116 
0.00819577 0.00818056 0.00942027 0.00961599 0.0303254 0.0302514 0.0108509 0.00943659 0.0107455 0.0105331 0.520027 0.0299271 0.0305455 0.0121083 0.00352214 0.00319309 0 0.00326759 0.0031629 0.00331239 0.0119664 0.0336864 0.0332907 0.0165178 0.0111959 0.00929997 0.00863678 0.00866176 0.00858285 0.00935047 0.0151484 0.0180879 0.0114514 0.00900334 0.00923281 0.0116874 0.0131224 0.00961023 0.00844134 0.00831967 0.00931783 0.0117292 0.0124754 0.0101678 0.00863677 0.00789253 0.0078472 0.00814937 0.00838052 0.0081607 0.00804038 0.00803521 0.00807678 0.00808086 0.00796669 0.00798075 0.00816742 0.00831645 0.0080913 
0.00823194 0.00810379 0.00920368 0.0105168 0.0243282 0.0385679 0.0112878 0.00955394 0.0116397 0.0141317 0.0307679 0.482473 0.0170621 0.0157309 0.00331466 0.00316345 0.00326759 0 0.00314969 0.00322315 0.0116652 0.0305568 0.0653238 0.0300521 0.0120971 0.0089183 0.00886429 0.00870604 0.00853633 0.010203 0.0129556 0.0245743 0.010238 0.00923884 0.00938276 0.0122872 0.0138757 0.00937124 0.00842525 0.00842053 0.00917598 0.0120685 0.0112393 0.010512 0.00853629 0.00783152 0.00780961 0.00817303 0.00837604 0.00819836 0.0080275 0.00802387 0.00804377 0.00806007 0.00793542 0.008076 0.0082301 0.00833089 0.00804248 
0.00813924 0.00893477 0.00851952 0.0185658 0.0104325 0.0120628 0.0327426 0.00971255 0.0092207 0.0268109 0.0141078 0.0131039 0.48004 0.0254686 0.00321268 0.00445113 0.0031629 0.00314969 0 0.0031815 0.0151839 0.0281668 0.0279931 0.0798747 0.0160883 0.0118624 0.0105229 0.0102502 0.00941541 0.00993193 0.0132317 0.0112006 0.0199307 0.00905797 0.00984505 0.0104268 0.0108627 0.00924888 0.008702 0.00858026 0.00880223 0.00951023 0.00946382 0.00906827 0.00912066 0.00789475 0.00792538 0.008253 0.00832027 0.00819925 0.00808498 0.00806395 0.00810963 0.00805992 0.00798761 0.00814179 0.00825379 0.00834844 0.00809547 
0.00929732 0.00863319 0.0343015 0.00947794 0.00988468 0.0110656 0.010435 0.0275375 0.0331598 0.0104837 0.012334 0.0148507 0.011549 0.48502 0.00744514 0.00329219 0.00331239 0.00322315 0.0031815 0 0.0161777 0.0155883 0.0232939 0.0301328 0.0411129 0.0162652 0.0268192 0.0116665 0.0148485 0.017454 0.0107166 0.0104542 0.00971404 0.02037 0.0130306 0.00993381 0.00877748 0.00935065 0.00931652 0.01113 0.00908782 0.00875316 0.00898233 0.00924697 0.00977946 0.00818494 0.00847026 0.00842785 0.00807849 0.00800154 0.00811949 0.00813313 0.00819253 0.0081249 0.00800062 0.00836535 0.00810433 0.00800063 0.00805135 
0.00881218 0.00950804 0.0111486 0.0193115 0.0119372 0.0140507 0.0128588 0.0163112 0.0182132 0.0454428 0.0134313 0.0131056 0.0137226 0.0217675 0.0265765 0.0504318 0.0119664 0.0116652 0.0151839 0.0161777 0 0.003288 0.00325467 0.00327078 0.00347395 0.00343619 0.00707302 0.00977641 0.0157162 0.253309 0.0207062 0.0203732 0.0123993 0.0322823 0.0484576 0.0196095 0.0121968 0.0106942 0.0151739 0.0157626 0.0113765 0.0120477 0.0119558 0.0114101 0.0230684 0.0089266 0.00865855 0.00900051 0.00834413 0.00850399 0.00874824 0.00841975 0.00832821 0.00834533 0.00818055 0.00846693 0.00840681 0.00840491 0.00853853 
0.00868096 0.00907434 0.00949491 0.0197272 0.0426085 0.0343414 0.0232868 0.0128463 0.0114928 0.0427245 0.0767745 0.0309749 0.0282284 0.0131276 0.0142129 0.0277897 0.0336864 0.0305568 0.0281668 0.0155883 0.003288 0 0.00319677 0.00322686 0.0032161 0.00357253 0.00490666 0.0109454 0.0130112 0.0420703 0.387231 0.023526 0.0593138 0.0116393 0.0300656 0.0614433 0.0262992 0.0194752 0.0112479 0.0115336 0.0214813 0.0277833 0.0274743 0.0245649 0.0135728 0.00797686 0.00790531 0.00855772 0.00873061 0.00885889 0.00857697 0.00821119 0.00829034 0.00867499 0.00823083 0.00806265 0.00849901 0.00883593 0.00834088 
0.00872792 0.0086684 0.00943355 0.0162581 0.0715178 0.111672 0.0266143 0.0148836 0.0102634 0.022901 0.0732735 0.136151 0.0268446 0.0165368 0.0111502 0.0132605 0.0332907 0.0653238 0.0279931 0.0232939 0.00325467 0.00319677 0 0.0031838 0.00315577 0.00322289 0.00410693 0.00787945 0.00879346 0.0278562 0.0445932 0.494935 0.0235904 0.0224136 0.0191242 0.0434681 0.0953517 0.022254 0.0114409 0.0112148 0.0225854 0.0507974 0.0749359 0.0279916 0.0112627 0.00795325 0.00788982 0.00931845 0.00935995 0.00926937 0.00864717 0.00822787 0.00845818 0.00840324 0.00830225 0.00828151 0.00878328 0.00929562 0.00847308 
0.00869054 0.00899083 0.0092828 0.0177597 0.0271313 0.0427239 0.0745129 0.0175378 0.0101865 0.0186081 0.0399135 0.0399472 0.0744857 0.0212713 0.0130233 0.0143857 0.0165178 0.0300521 0.0798747 0.0301328 0.00327078 0.00322686 0.0031838 0 0.00315949 0.00322026 0.00648174 0.0073961 0.0127788 0.0178831 0.101673 0.0432275 0.441962 0.0305724 0.0178147 0.0538967 0.0394996 0.052774 0.0138791 0.0122896 0.0208228 0.0337357 0.0280588 0.0562585 0.013967 0.00790137 0.00790787 0.00919214 0.00900271 0.00916639 0.00833878 0.00826549 0.00845753 0.00829531 0.00820631 0.00823063 0.00869675 0.00892541 0.00831828 
0.00840034 0.00834588 0.00991022 0.0102608 0.0142583 0.0193883 0.0150925 0.0166919 0.012221 0.0119328 0.0161556 0.019362 0.0149032 0.031834 0.0151212 0.010605 0.0111959 0.0120971 0.0160883 0.0411129 0.00347395 0.0032161 0.00315577 0.00315949 0 0.00557986 0.00319879 0.00719148 0.00771091 0.0563394 0.0157195 0.0485148 0.0243588 0.209121 0.029826 0.0150934 0.0197691 0.0140831 0.0184198 0.0154526 0.0110862 0.0152032 0.0168911 0.0143734 0.016271 0.00811852 0.00802868 0.00898471 0.00837254 0.00836502 0.00839975 0.00818815 0.00835445 0.00822986 0.00818916 0.00841242 0.00815776 0.0082969 0.00889683 
0.00811961 0.00870964 0.00876341 0.00904467 0.00923275 0.00997964 0.0126927 0.0133132 0.00971045 0.00981031 0.010499 0.0105419 0.0147832 0.0168096 0.0109891 0.00933024 0.00929997 0.0089183 0.0118624 0.0162652 0.00343619 0.00357253 0.00322289 0.00322026 0.00557986 0 0.0034323 0.0043747 0.739829 0.0161947 0.0172206 0.0128851 0.0398568 0.0262832 0.0133163 0.0128084 0.0100854 0.0156827 0.0145 0.0099649 0.00944064 0.00968755 0.00969978 0.0124853 0.0156308 0.00825333 0.00806276 0.00822524 0.00818068 0.00803398 0.0083577 0.0080809 0.0081663 0.00797782 0.00803541 0.00809915 0.00814492 0.0080362 0.00813034 
0.00837847 0.00833292 0.00906441 0.00883726 0.00883867 0.00921151 0.0104087 0.0133579 0.00970735 0.00962301 0.00912112 0.00927812 0.011434 0.0182128 0.0122359 0.00979145 0.00863678 0.00886429 0.0105229 0.0268192 0.00707302 0.00490666 0.00410693 0.00648174 0.00319879 0.0034323 0 0.750146 0.0106881 0.0177715 0.0140657 0.0252436 0.0242872 0.0353747 0.0137396 0.011287 0.00956439 0.0124792 0.0125952 0.0111337 0.00897743 0.00911653 0.00915295 0.0112155 0.0140714 0.00815742 0.00820401 0.00817581 0.00808591 0.00809093 0.00810179 0.00812703 0.0080936 0.00798227 0.00807684 0.00809266 0.00798281 0.00796023 0.00809888 
0.00885489 0.00959462 0.00858726 0.0086788 0.00853096 0.00887523 0.00980648 0.013627 0.00942293 0.0101767 0.00896289 0.00913082 0.0105802 0.0153416 0.0114046 0.00990067 0.00866176 0.00870604 0.0102502 0.0116665 0.00977641 0.0109454 0.00787945 0.0073961 0.00719148 0.0043747 0.750146 0 0.0175615 0.0191862 0.0259358 0.0163599 0.0277852 0.016314 0.0137141 0.0114519 0.00954099 0.0109846 0.0139645 0.00965502 0.00918289 0.00903705 0.0089816 0.0102717 0.0185371 0.00883621 0.00855919 0.00830313 0.00808761 0.00820438 0.00847349 0.00809484 0.00813234 0.00800485 0.00834112 0.00801788 0.00804365 0.00811234 0.00836187 
0.00879157 0.00844677 0.0106853 0.00878872 0.00860715 0.00880006 0.00932704 0.0108897 0.01224 0.00925643 0.00916713 0.00889298 0.0102098 0.0118334 0.018243 0.0088695 0.00858285 0.00853633 0.00941541 0.0148485 0.0157162 0.0130112 0.00879346 0.0127788 0.00771091 0.739829 0.0106881 0.0175615 0 0.0279984 0.017775 0.0153739 0.0353741 0.0874692 0.0157918 0.0114436 0.00897803 0.0117807 0.0110706 0.0137757 0.00924441 0.00887806 0.00884906 0.0121886 0.0123089 0.00854869 0.00883546 0.00912532 0.00823807 0.00812233 0.00829816 0.00832657 0.00850534 0.00817647 0.00822312 0.00865352 0.00823729 0.00808193 0.00831353 
0.00865004 0.00906635 0.0092707 0.00922948 0.0100206 0.0106986 0.0103246 0.014439 0.0108605 0.0125304 0.0116962 0.0113047 0.010716 0.0186931 0.0146347 0.0104348 0.00935047 0.010203 0.00993193 0.017454 0.253309 0.0420703 0.0278562 0.0178831 0.0563394 0.0161947 0.0177715 0.0191862 0.0279984 0 0.00334325 0.00323327 0.00326663 0.00368467 0.140556 0.0263984 0.014755 0.0158628 0.0314044 0.0192031 0.0191951 0.0154113 0.0141701 0.0156971 0.0367665 0.00957416 0.00899996 0.0105554 0.00868183 0.00884126 0.0109429 0.00836133 0.00862138 0.00857161 0.00861361 0.00855152 0.00828514 0.00867195 0.00899551 
0.00844303 0.00870273 0.00850393 0.0118945 0.0223358 0.0225901 0.015677 0.0103798 0.00871434 0.0181791 0.0374097 0.0228707 0.0219736 0.0111621 0.0108163 0.0144687 0.0151484 0.0129556 0.0132317 0.0107166 0.0207062 0.387231 0.0445932 0.101673 0.0157195 0.0172206 0.0140657 0.0259358 0.017775 0.00334325 0 0.00321707 0.00319432 0.00322362 0.106123 0.136481 0.0311268 0.0299372 0.0125263 0.0154177 0.0323967 0.0375483 0.0346399 0.0368133 0.0156968 0.00809208 0.00792882 0.00927398 0.0102413 0.00970556 0.00878397 0.00831878 0.00857195 0.00879387 0.00841303 0.00822702 0.00941521 0.0096035 0.00854514 
0.00844131 0.00829276 0.00872156 0.0125151 0.0313317 0.0485601 0.0167313 0.0106582 0.00899626 0.0143895 0.0474324 0.0700138 0.0192384 0.012975 0.0103354 0.0132651 0.0180879 0.0245743 0.0112006 0.0104542 0.0203732 0.023526 0.494935 0.0432275 0.0485148 0.0128851 0.0252436 0.0163599 0.0153739 0.00323327 0.00321707 0 0.00315402 0.00316974 0.268338 0.0790321 0.202104 0.0255123 0.0142816 0.0146532 0.0280506 0.0592977 0.0728798 0.0387704 0.0145492 0.00798487 0.00786618 0.00998146 0.0109924 0.0102239 0.00910036 0.00840474 0.00881498 0.00939264 0.00837983 0.00858931 0.00946709 0.0106027 0.00905751 
0.00818879 0.00837996 0.0086596 0.0120372 0.0125623 0.0180223 0.024565 0.0105385 0.00904822 0.0136735 0.0171073 0.0193709 0.0300565 0.0148019 0.00995118 0.0131544 0.0114514 0.010238 0.0199307 0.00971404 0.0123993 0.0593138 0.0235904 0.441962 0.0243588 0.0398568 0.0242872 0.0277852 0.0353741 0.00326663 0.00319432 0.00315402 0 0.0048914 0.026344 0.303989 0.0823028 0.195783 0.0186042 0.0148686 0.0261413 0.0347809 0.0347723 0.0641603 0.0215862 0.00796269 0.00798284 0.00952999 0.00984796 0.0103328 0.00862415 0.00850334 0.00847709 0.00887509 0.00814448 0.00829138 0.00874389 0.00888828 0.00843102 
0.00819649 0.00841276 0.00947741 0.00876399 0.00963933 0.0102969 0.0107882 0.0162744 0.0106326 0.00903925 0.0110857 0.011566 0.0124877 0.0278709 0.0148754 0.00900919 0.00900334 0.00923884 0.00905797 0.02037 0.0322823 0.0116393 0.0224136 0.0305724 0.209121 0.0262832 0.0353747 0.016314 0.0874692 0.00368467 0.00322362 0.00316974 0.0048914 0 0.0309093 0.0232719 0.145216 0.0715225 0.183541 0.0205919 0.015244 0.0157975 0.015316 0.0272206 0.0438091 0.00861587 0.00885279 0.0102059 0.00856317 0.00846681 0.00930219 0.00856509 0.00856706 0.00870726 0.00827647 0.00875268 0.00821158 0.00837842 0.00853513 
0.00856711 0.00881202 0.00847786 0.00938272 0.0102834 0.0113867 0.0104843 0.0119981 0.00965442 0.0149795 0.0120651 0.0132737 0.0102681 0.0161277 0.0120383 0.0111877 0.00923281 0.00938276 0.00984505 0.0130306 0.0484576 0.0300656 0.0191242 0.0178147 0.029826 0.0133163 0.0137396 0.0137141 0.0157918 0.140556 0.106123 0.268338 0.026344 0.0309093 0 0.00329761 0.00321789 0.0032693 0.00366633 0.0275582 0.0171151 0.0165972 0.0307352 0.025963 0.672881 0.0112391 0.00961959 0.014188 0.0099128 0.0104339 0.0121677 0.0096481 0.0095713 0.00894592 0.00913198 0.00890788 0.00899342 0.00932696 0.009864 
0.00847588 0.0082983 0.00845587 0.0102265 0.0136619 0.0149167 0.0118439 0.00958197 0.00871781 0.0117571 0.023221 0.0183895 0.0158494 0.0100677 0.00980203 0.00985726 0.0116874 0.0122872 0.0104268 0.00993381 0.0196095 0.0614433 0.0434681 0.0538967 0.0150934 0.0128084 0.011287 0.0114519 0.0114436 0.0263984 0.136481 0.0790321 0.303989 0.0232719 0.00329761 0 0.00320343 0.00322749 0.00317965 0.0232139 0.0234567 0.0364586 0.0361928 0.775981 0.0135485 0.00868581 0.0081766 0.0121889 0.0137411 0.0107896 0.0100931 0.00875086 0.00880696 0.00929111 0.00862874 0.00864428 0.0103365 0.0108031 0.00903809 
0.00829 0.00820914 0.00825843 0.00999078 0.0131963 0.0184641 0.0118242 0.00918391 0.00826596 0.0114804 0.0209262 0.031458 0.0128375 0.0102162 0.00877814 0.0107388 0.0131224 0.0138757 0.0108627 0.00877748 0.0121968 0.0262992 0.0953517 0.0394996 0.0197691 0.0100854 0.00956439 0.00954099 0.00897803 0.014755 0.0311268 0.202104 0.0823028 0.145216 0.00321789 0.00320343 0 0.00317224 0.0031575 0.0109786 0.0447774 0.0489491 0.773679 0.0149152 0.0177576 0.00815342 0.00810234 0.00979826 0.0121113 0.0127092 0.00900241 0.00838866 0.00885748 0.0089181 0.0082423 0.00840797 0.00963172 0.0103749 0.00918594 
0.00838457 0.00814559 0.00849918 0.00891826 0.0101253 0.0111092 0.0105804 0.00922425 0.00876004 0.00935187 0.0125432 0.0125842 0.0136448 0.00985452 0.00968975 0.0088762 0.00961023 0.00937124 0.00924888 0.00935065 0.0106942 0.0194752 0.022254 0.052774 0.0140831 0.0156827 0.0124792 0.0109846 0.0117807 0.0158628 0.0299372 0.0255123 0.195783 0.0715225 0.0032693 0.00322749 0.00317224 0 0.00320039 0.0122442 0.0280891 0.694543 0.012937 0.0705538 0.0127232 0.0083632 0.00818677 0.00995925 0.0100518 0.0102656 0.00950429 0.00840372 0.00882555 0.00877735 0.00829082 0.00848628 0.00893196 0.010027 0.00847674 
0.00799888 0.00815153 0.00843034 0.00853756 0.00861748 0.00877595 0.00891145 0.0101253 0.00897222 0.00866019 0.00871631 0.00922621 0.00897614 0.0117999 0.0106709 0.0089294 0.00844134 0.00842525 0.008702 0.00931652 0.0151739 0.0112479 0.0114409 0.0138791 0.0184198 0.0145 0.0125952 0.0139645 0.0110706 0.0314044 0.0125263 0.0142816 0.0186042 0.183541 0.00366633 0.00317965 0.0031575 0.00320039 0 0.028185 0.534534 0.0157159 0.0204118 0.0135542 0.046623 0.00902261 0.00934234 0.0112394 0.00859233 0.00886941 0.00929092 0.00928873 0.00877666 0.00876467 0.00840124 0.00880793 0.00828924 0.00846378 0.0085751 
0.00822491 0.00829512 0.00816227 0.00818182 0.00866 0.00901759 0.00898785 0.0101471 0.0085081 0.00861508 0.00919101 0.00924924 0.00892565 0.0108866 0.00849744 0.00853618 0.00831967 0.00842053 0.00858026 0.01113 0.0157626 0.0115336 0.0112148 0.0122896 0.0154526 0.0099649 0.0111337 0.00965502 0.0137757 0.0192031 0.0154177 0.0146532 0.0148686 0.0205919 0.0275582 0.0232139 0.0109786 0.0122442 0.028185 0 0.00341544 0.00322782 0.00328841 0.00334201 0.00555055 0.0161305 0.00987191 0.0105132 0.00929919 0.00935248 0.0119173 0.00828031 0.00930341 0.00865372 0.00940469 0.00827824 0.00870578 0.00875828 0.0106472 
0.00813439 0.0081582 0.00799695 0.00861449 0.00953758 0.0102313 0.00944401 0.00870885 0.00810301 0.0095598 0.0116394 0.0113527 0.0105282 0.00912927 0.00841283 0.00867164 0.00931783 0.00917598 0.00880223 0.00908782 0.0113765 0.0214813 0.0225854 0.0208228 0.0110862 0.00944064 0.00897743 0.00918289 0.00924441 0.0191951 0.0323967 0.0280506 0.0261413 0.015244 0.0171151 0.0234567 0.0447774 0.0280891 0.534534 0.00341544 0 0.00320351 0.00321163 0.00364674 0.00362402 0.00979769 0.00828499 0.0111524 0.0124415 0.0104716 0.00951672 0.0087107 0.00867199 0.00891576 0.00835847 0.00834892 0.00955815 0.0104488 0.00896467 
0.00832466 0.00818534 0.00816328 0.00932592 0.0121743 0.0145473 0.0103707 0.00885027 0.00828696 0.0103286 0.0172341 0.0191705 0.0117591 0.00918617 0.00859397 0.00959936 0.0117292 0.0120685 0.00951023 0.00875316 0.0120477 0.0277833 0.0507974 0.0337357 0.0152032 0.00968755 0.00911653 0.00903705 0.00887806 0.0154113 0.0375483 0.0592977 0.0347809 0.0157975 0.0165972 0.0364586 0.0489491 0.694543 0.0157159 0.00322782 0.00320351 0 0.00321839 0.00318912 0.00322701 0.00947049 0.00825745 0.0118312 0.0145653 0.0141729 0.0111048 0.00850407 0.00909465 0.00933382 0.00853789 0.00857741 0.0105696 0.0126784 0.0098285 
0.00826514 0.00816398 0.00817375 0.00929256 0.0123089 0.0134498 0.0104594 0.00895192 0.00838465 0.0111894 0.0199119 0.0175791 0.0109631 0.00930638 0.00861725 0.00958476 0.0124754 0.0112393 0.00946382 0.00898233 0.0119558 0.0274743 0.0749359 0.0280588 0.0168911 0.00969978 0.00915295 0.0089816 0.00884906 0.0141701 0.0346399 0.0728798 0.0347723 0.015316 0.0307352 0.0361928 0.773679 0.012937 0.0204118 0.00328841 0.00321163 0.00321839 0 0.00316963 0.0031929 0.00971227 0.0082157 0.0115728 0.0153403 0.0192434 0.0100005 0.00863654 0.00935466 0.00954296 0.00854978 0.00874327 0.0110274 0.0122749 0.00968166 
0.00848469 0.00818195 0.00847254 0.00925687 0.0101447 0.0118106 0.0103673 0.00910745 0.00867837 0.0103478 0.0125315 0.0137714 0.0127527 0.00979488 0.00977408 0.00915625 0.0101678 0.010512 0.00906827 0.00924697 0.0114101 0.0245649 0.0279916 0.0562585 0.0143734 0.0124853 0.0112155 0.0102717 0.0121886 0.0156971 0.0368133 0.0387704 0.0641603 0.0272206 0.025963 0.775981 0.0149152 0.0705538 0.0135542 0.00334201 0.00364674 0.00318912 0.00316963 0 0.00324191 0.0106316 0.00900356 0.0121176 0.0234564 0.0173649 0.0118335 0.00912351 0.0103716 0.0107896 0.00891197 0.00946798 0.0101908 0.0152385 0.00946588 
0.00856109 0.008503 0.00967697 0.00882362 0.00889001 0.00894639 0.00914283 0.0102014 0.0104916 0.00944152 0.00912252 0.0090682 0.00912212 0.0111848 0.012428 0.00967122 0.00863677 0.00853629 0.00912066 0.00977946 0.0230684 0.0135728 0.0112627 0.013967 0.016271 0.0156308 0.0140714 0.0185371 0.0123089 0.0367665 0.0156968 0.0145492 0.0215862 0.0438091 0.672881 0.0135485 0.0177576 0.0127232 0.046623 0.00555055 0.00362402 0.00322701 0.0031929 0.00324191 0 0.0171562 0.0161803 0.0224564 0.0118283 0.0131636 0.015178 0.0122919 0.0115383 0.0124407 0.0100417 0.0134267 0.00948811 0.00902839 0.0106283 
0.00860176 0.00838952 0.0085504 0.00800545 0.00799863 0.00799988 0.00798843 0.0082333 0.00871711 0.0080112 0.00794202 0.00793024 0.0079138 0.00804506 0.00916595 0.00793272 0.00789253 0.00783152 0.00789475 0.00818494 0.0089266 0.00797686 0.00795325 0.00790137 0.00811852 0.00825333 0.00815742 0.00883621 0.00854869 0.00957416 0.00809208 0.00798487 0.00796269 0.00861587 0.0112391 0.00868581 0.00815342 0.0083632 0.00902261 0.0161305 0.00979769 0.00947049 0.00971227 0.0106316 0.0171562 0 0.367638 0.0155434 0.00872746 0.00898628 0.0114458 0.0247392 0.0182428 0.0155771 0.0193279 0.015801 0.00968631 0.0101225 0.0132909 
0.00847223 0.00853204 0.00844504 0.00797452 0.00792249 0.00797367 0.00793232 0.00845231 0.00846968 0.00791242 0.00786055 0.00790202 0.00785297 0.00814263 0.00889105 0.00789229 0.0078472 0.00780961 0.00792538 0.00847026 0.00865855 0.00790531 0.00788982 0.00790787 0.00802868 0.00806276 0.00820401 0.00855919 0.00883546 0.00899996 0.00792882 0.00786618 0.00798284 0.00885279 0.00961959 0.0081766 0.00810234 0.00818677 0.00934234 0.00987191 0.00828499 0.00825745 0.0082157 0.00900356 0.0161803 0.367638 0 0.0149564 0.00543338 0.00451139 0.00695861 0.0252852 0.0142808 0.017155 0.0194036 0.0152438 0.00992476 0.0103895 0.0129749 
0.00856269 0.0087444 0.00820409 0.00825235 0.00838999 0.00858603 0.0084229 0.00871151 0.00817217 0.00835408 0.00837181 0.00850821 0.00825466 0.00846058 0.00848698 0.00821472 0.00814937 0.00817303 0.008253 0.00842785 0.00900051 0.00855772 0.00931845 0.00919214 0.00898471 0.00822524 0.00817581 0.00830313 0.00912532 0.0105554 0.00927398 0.00998146 0.00952999 0.0102059 0.014188 0.0121889 0.00979826 0.00995925 0.0112394 0.0105132 0.0111524 0.0118312 0.0115728 0.0121176 0.0224564 0.0155434 0.0149564 0 0.00328192 0.00331161 0.00349594 0.057549 0.0472926 0.014669 0.0234829 0.0310939 0.0218026 0.0182383 0.0566085 
0.00854321 0.00847013 0.0081746 0.00838601 0.00863082 0.00872407 0.00841135 0.00823941 0.00814105 0.00849337 0.0085496 0.00873059 0.008346 0.00818631 0.00809679 0.00845345 0.00838052 0.00837604 0.00832027 0.00807849 0.00834413 0.00873061 0.00935995 0.00900271 0.00837254 0.00818068 0.00808591 0.00808761 0.00823807 0.00868183 0.0102413 0.0109924 0.00984796 0.00856317 0.0099128 0.0137411 0.0121113 0.0100518 0.00859233 0.00929919 0.0124415 0.0145653 0.0153403 0.0234564 0.0118283 0.00872746 0.00543338 0.00328192 0 0.00319218 0.00321439 0.0357869 0.0381168 0.0171646 0.0114167 0.0145402 0.0410392 0.104847 0.0133495 
0.00849563 0.00846871 0.00806669 0.00837146 0.00856574 0.00863198 0.00848822 0.00812243 0.00809953 0.00840822 0.00846615 0.00849777 0.00838753 0.00813944 0.00814998 0.00857048 0.0081607 0.00819836 0.00819925 0.00800154 0.00850399 0.00885889 0.00926937 0.00916639 0.00836502 0.00803398 0.00809093 0.00820438 0.00812233 0.00884126 0.00970556 0.0102239 0.0103328 0.00846681 0.0104339 0.0107896 0.0127092 0.0102656 0.00886941 0.00935248 0.0104716 0.0141729 0.0192434 0.0173649 0.0131636 0.00898628 0.00451139 0.00331161 0.00319218 0 0.00318934 0.0233213 0.0320556 0.0246503 0.0155455 0.0129776 0.0930563 0.033537 0.0167227 
0.00869529 0.00859722 0.00867586 0.00831754 0.00831577 0.00836771 0.00814766 0.00810263 0.00836129 0.00826175 0.00831832 0.00819101 0.0080422 0.00815608 0.00902878 0.00804747 0.00804038 0.0080275 0.00808498 0.00811949 0.00874824 0.00857697 0.00864717 0.00833878 0.00839975 0.0083577 0.00810179 0.00847349 0.00829816 0.0109429 0.00878397 0.00910036 0.00862415 0.00930219 0.0121677 0.0100931 0.00900241 0.00950429 0.00929092 0.0119173 0.00951672 0.0111048 0.0100005 0.0118335 0.015178 0.0114458 0.00695861 0.00349594 0.00321439 0.00318934 0 0.0217934 0.039718 0.0477121 0.0345613 0.0639868 0.0116354 0.0257651 0.0247323 
0.00879846 0.00890163 0.00810719 0.00825201 0.00828093 0.00841492 0.00836259 0.00848233 0.00807818 0.00819121 0.00814091 0.00816741 0.00807067 0.00828206 0.00815209 0.00822167 0.00803521 0.00802387 0.00806395 0.00813313 0.00841975 0.00821119 0.00822787 0.00826549 0.00818815 0.0080809 0.00812703 0.00809484 0.00832657 0.00836133 0.00831878 0.00840474 0.00850334 0.00856509 0.0096481 0.00875086 0.00838866 0.00840372 0.00928873 0.00828031 0.0087107 0.00850407 0.00863654 0.00912351 0.0122919 0.0247392 0.0252852 0.057549 0.0357869 0.0233213 0.0217934 0 0.00483426 0.00328996 0.010795 0.0180994 0.0140415 0.0128726 0.0706057 
0.00869516 0.00869644 0.00827149 0.00826773 0.00840474 0.00847036 0.00858403 0.00840664 0.00821742 0.00825702 0.00827857 0.00824899 0.0082299 0.00823532 0.0082503 0.00821736 0.00807678 0.00804377 0.00810963 0.00819253 0.00832821 0.00829034 0.00845818 0.00845753 0.00835445 0.0081663 0.0080936 0.00813234 0.00850534 0.00862138 0.00857195 0.00881498 0.00847709 0.00856706 0.0095713 0.00880696 0.00885748 0.00882555 0.00877666 0.00930341 0.00867199 0.00909465 0.00935466 0.0103716 0.0115383 0.0182428 0.0142808 0.0472926 0.0381168 0.0320556 0.039718 0.00483426 0 0.00811706 0.0037148 0.0217377 0.0296201 0.0589278 0.0297154 
0.00849775 0.0087055 0.00815895 0.00814848 0.00824045 0.00827885 0.00819661 0.00831682 0.00807615 0.00821449 0.00813734 0.00816552 0.00802454 0.0082152 0.00813508 0.00815367 0.00808086 0.00806007 0.00805992 0.0081249 0.00834533 0.00867499 0.00840324 0.00829531 0.00822986 0.00797782 0.00798227 0.00800485 0.00817647 0.00857161 0.00879387 0.00939264 0.00887509 0.00870726 0.00894592 0.00929111 0.0089181 0.00877735 0.00876467 0.00865372 0.00891576 0.00933382 0.00954296 0.0107896 0.0124407 0.0155771 0.017155 0.014669 0.0171646 0.0246503 0.0477121 0.00328996 0.00811706 0 0.00354 0.0225351 0.0675227 0.242218 0.0307774 
0.00884691 0.00874059 0.0081899 0.00823737 0.00816484 0.00822773 0.00840875 0.00829737 0.00812011 0.00820713 0.00816939 0.00806216 0.00812268 0.00822698 0.00813576 0.00812182 0.00796669 0.00793542 0.00798761 0.00800062 0.00818055 0.00823083 0.00830225 0.00820631 0.00818916 0.00803541 0.00807684 0.00834112 0.00822312 0.00861361 0.00841303 0.00837983 0.00814448 0.00827647 0.00913198 0.00862874 0.0082423 0.00829082 0.00840124 0.00940469 0.00835847 0.00853789 0.00854978 0.00891197 0.0100417 0.0193279 0.0194036 0.0234829 0.0114167 0.0155455 0.0345613 0.010795 0.0037148 0.00354 0 0.0953728 0.135463 0.0286258 0.0285724 
0.008785 0.00900835 0.00827029 0.00824109 0.00838551 0.00845667 0.00839699 0.00873323 0.00819259 0.0082121 0.0082466 0.00826508 0.00818641 0.0083431 0.00841367 0.00818105 0.00798075 0.008076 0.00814179 0.00836535 0.00846693 0.00806265 0.00828151 0.00823063 0.00841242 0.00809915 0.00809266 0.00801788 0.00865352 0.00855152 0.00822702 0.00858931 0.00829138 0.00875268 0.00890788 0.00864428 0.00840797 0.00848628 0.00880793 0.00827824 0.00834892 0.00857741 0.00874327 0.00946798 0.0134267 0.015801 0.0152438 0.0310939 0.0145402 0.0129776 0.0639868 0.0180994 0.0217377 0.0225351 0.0953728 0 0.00323791 0.0033447 0.00534722 
0.00871344 0.0088501 0.00823382 0.00845328 0.00864496 0.00885275 0.00862508 0.00827709 0.00815978 0.00849659 0.00850163 0.00855147 0.00829531 0.00822825 0.00808776 0.00842353 0.00816742 0.0082301 0.00825379 0.00810433 0.00840681 0.00849901 0.00878328 0.00869675 0.00815776 0.00814492 0.00798281 0.00804365 0.00823729 0.00828514 0.00941521 0.00946709 0.00874389 0.00821158 0.00899342 0.0103365 0.00963172 0.00893196 0.00828924 0.00870578 0.00955815 0.0105696 0.0110274 0.0101908 0.00948811 0.00968631 0.00992476 0.0218026 0.0410392 0.0930563 0.0116354 0.0140415 0.0296201 0.0675227 0.135463 0.00323791 0 0.00354924 0.00330989 
0.00867401 0.00882702 0.00823078 0.00853706 0.00879074 0.00885347 0.00869179 0.00828203 0.00814386 0.00866487 0.00872527 0.00873352 0.00840146 0.00823211 0.00825711 0.00843456 0.00831645 0.00833089 0.00834844 0.00800063 0.00840491 0.00883593 0.00929562 0.00892541 0.0082969 0.0080362 0.00796023 0.00811234 0.00808193 0.00867195 0.0096035 0.0106027 0.00888828 0.00837842 0.00932696 0.0108031 0.0103749 0.010027 0.00846378 0.00875828 0.0104488 0.0126784 0.0122749 0.0152385 0.00902839 0.0101225 0.0103895 0.0182383 0.104847 0.033537 0.0257651 0.0128726 0.0589278 0.242218 0.0286258 0.0033447 0.00354924 0 0.00318675 
0.00923794 0.00916607 0.00838086 0.00845084 0.00850314 0.0086533 0.00841825 0.00843789 0.00843146 0.00838678 0.00850637 0.00839436 0.0082464 0.0082689 0.00848209 0.00830116 0.0080913 0.00804248 0.00809547 0.00805135 0.00853853 0.00834088 0.00847308 0.00831828 0.00889683 0.00813034 0.00809888 0.00836187 0.00831353 0.00899551 0.00854514 0.00905751 0.00843102 0.00853513 0.009864 0.00903809 0.00918594 0.00847674 0.0085751 0.0106472 0.00896467 0.0098285 0.00968166 0.00946588 0.0106283 0.0132909 0.0129749 0.0566085 0.0133495 0.0167227 0.0247323 0.0706057 0.0297154 0.0307774 0.0285724 0.00534722 0.00330989 0.00318675 0 
