1IZ1B
MEFRQLKYFIAVAEAGNMAAAAKRLHVSQPPITRQMQALEADLGVVLLERSHRGIELTAAGHAFLEDARRILELAGRSGDRSRAAARGDVGELSVAYFGTPIYRSLPLLLRAFLTSTPTATVSLTHMTKDEQVEGLLAGTIHVGFSRFFPRHPGIEIVNIAQEDLYLAVHRSQSGKFGKTCKLADLRAVELTLFPRGGRPSFADEVIGLFKHAGIEPRIARVVEDATAALALTMAGAASSIVPASVAAIRWPDIAFARIVGTRVKVPISCIFRKEKQPPILARFVEHVRRSAKD
CCHHHHHHHHHHHHHCCHHHHHHHHCCCHHHHHHHHHHHHHHHCCCCEEECCCCEEECHHHHHHHHHHHHHHHHHHHHHHHHHHHHHCCCEEEEEEECCHHHHCHHHHHHHHHHHHCCCEEEEEEECCHHHHHHHHHHCCCCEEEECCCCCCCCEEEEEEEEEEEEEEEEHHHHHHCCCEECHHHHCCCEEEECCCCCCCCHHHHHHHHHHHHCCCCEEEEECCCHHHHHHHHHCCCCEEEEEHHHHHCECCCEEEEEECCCCCEEEEEEEEECCCCCHHHHHHHHHHHHHCCC
0 0 0 0 0 0 0 0 0 0 0 0 0 0 0 0 0 0 0 0 0 0 0 0 0 0 0 0 0 0 0 0 0 0 0 0 0 0 0 0 0 0 0 0 0 0 0 0 0 0 0 0 0 0 0 0 0 0 0 0 0 0 0 0 0 0 0 0 0 0 0 0 0 0 0 0 0 0 0 0 0 0 0 0 0 0 0 0 0 0 0 0 0 0 0 0 0 0 0 0 0 0 0 0 0 0 0 0 0 0 0 0 0 0 0 0 0 0 0 0 0 0 0 0 0 0 0 0 0 0 0 0 0 0 0 0 0 0 0 0 0 0 0 0 0 0 0 0 0 0 0 0 0 0 0 0 0 0 0 0 0 0 0 0 0 0 0 0 0 0 0 0 0 0 0 0 0 0 0 0 0 0 0 0 0 0 0 0 0 0 0 0 0 0 0 0 0 0 0 0 0 0 0 0 0 0 0 0 0 0 0 0 0 0 0 0 0 0 0 0 0 0 0 0 0 0 0 0 0 0 0 0 0 0 0 0 0 0 0 0 0 0 0 0 0 0 0 0 0 0 0 0 0 0 0 0 0 0 0 0 0 0 0 0 0 0 0 0 0 0 0 0 0 0 0 0 0 0 0 0 0 0 0 0 0 0 0 0 0 0 0 0 0 0 
0 0 0 0 0 0 0 0 0 0 0 0 0 0 0 0 0 0 0 0 0 0 0 0 0 0 0 0 0 0 0 0 0 0 0 0 0 0 0 0 0 0 0 0 0 0 0 0 0 0 0 0 0 0 0 0 0 0 0 0 0 0 0 0 0 0 0 0 0 0 0 0 0 0 0 0 0 0 0 0 0 0 0 0 0 0 0 0 0 0 0 0 0 0 0 0 0 0 0 0 0 0 0 0 0 0 0 0 0 0 0 0 0 0 0 0 0 0 0 0 0 0 0 0 0 0 0 0 0 0 0 0 0 0 0 0 0 0 0 0 0 0 0 0 0 0 0 0 0 0 0 0 0 0 0 0 0 0 0 0 0 0 0 0 0 0 0 0 0 0 0 0 0 0 0 0 0 0 0 0 0 0 0 0 0 0 0 0 0 0 0 0 0 0 0 0 0 0 0 0 0 0 0 0 0 0 0 0 0 0 0 0 0 0 0 0 0 0 0 0 0 0 0 0 0 0 0 0 0 0 0 0 0 0 0 0 0 0 0 0 0 0 0 0 0 0 0 0 0 0 0 0 0 0 0 0 0 0 0 0 0 0 0 0 0 0 0 0 0 0 0 0 0 0 0 0 0 0 0 0 0 0 0 0 0 0 0 0 0 0 0 0 0 0 
0 0.00333922 0.00430209 0.0063763 0.0100251 0.978376 0.0115653 0.00854127 0.0112974 0.00941428 0.0122661 0.0114068 0.0358027 0.0124843 0.00852652 0.0105971 0.00881737 0.00911631 0.0087291 0.0137262 0.00963573 0.00860898 0.00892621 0.0129154 0.00895139 0.00799229 0.00832967 0.00827823 0.00832068 0.00830607 0.0080117 0.00804134 0.00812178 0.00800938 0.00834174 0.00822588 0.00872068 0.00857103 0.00846876 0.010282 0.00821224 0.0116665 0.00819527 0.00826421 0.00827015 0.0104055 0.00797893 0.00796633 0.00804301 0.00807743 0.00853589 0.00821315 0.0081152 0.008351 0.00811772 0.00905967 0.00863556 0.0084085 0.00826102 0.00834319 0.00820759 0.00818214 0.00892077 0.00836971 0.00818055 0.00819619 0.00822346 0.0085674 0.00837592 0.00824356 0.00818465 0.00921962 
0.00333922 0 0.00351614 0.00553153 0.983846 0.0061607 0.00916378 0.0155598 0.00855486 0.0102481 0.00892356 0.0280259 0.00928368 0.00865209 0.0111538 0.00837429 0.00943481 0.00851185 0.0101755 0.00824931 0.00843571 0.00988334 0.00881709 0.00832556 0.00835488 0.00819012 0.00799813 0.00800546 0.00814342 0.00798279 0.00794054 0.00794178 0.00792622 0.00798481 0.0080114 0.008201 0.00816313 0.0082276 0.0084498 0.00826588 0.00828767 0.00809764 0.00819606 0.00821379 0.00838794 0.00816343 0.00788155 0.00811855 0.00802073 0.00806344 0.00797312 0.00799848 0.00816 0.00811635 0.00806502 0.00802944 0.00803057 0.00799221 0.00816947 0.00815132 0.00809753 0.00811171 0.0079845 0.00811151 0.00811609 0.00810891 0.0080906 0.00818469 0.00831127 0.00813755 0.00814595 0.00814973 
0.00430209 0.00351614 0 0.975876 0.00421396 0.0051783 0.0162896 0.00903852 0.00942396 0.00928325 0.00981337 0.00872747 0.01148 0.0180086 0.00866106 0.00847166 0.00856503 0.00864768 0.00838938 0.00828919 0.0095779 0.00828963 0.00820284 0.0084049 0.0116555 0.00834211 0.00790697 0.00807879 0.00802893 0.00815745 0.00801735 0.00793454 0.00808107 0.00792382 0.00810274 0.00806294 0.00806235 0.00810299 0.00799384 0.00817464 0.00827086 0.00831454 0.00844712 0.00825511 0.0080093 0.00806839 0.00838421 0.00792817 0.00792722 0.00794228 0.00794748 0.00832296 0.00808839 0.0080567 0.00793253 0.00794202 0.00822343 0.00823946 0.00804603 0.00806715 0.00805385 0.00794611 0.00807595 0.00810493 0.00797977 0.00801259 0.00800132 0.00817482 0.00806969 0.00805182 0.00798953 0.00807392 
0.0063763 0.00553153 0.975876 0 0.00322339 0.00411642 0.0946126 0.00956044 0.0217016 0.00954598 0.0194975 0.0107675 0.0303856 0.0210498 0.00854596 0.0164091 0.00875387 0.0102516 0.0087614 0.0130003 0.0128037 0.00869804 0.00949787 0.0124363 0.0113919 0.00805728 0.0083663 0.00891271 0.00820966 0.00884485 0.00807961 0.00803386 0.00829384 0.00796842 0.00868974 0.00821626 0.00929628 0.0084632 0.00882024 0.0110396 0.00814252 0.0113402 0.00822045 0.00874486 0.00824576 0.0101247 0.00798127 0.00815651 0.00796279 0.00805645 0.00835698 0.00844138 0.00809141 0.00831256 0.00811773 0.0085276 0.00848468 0.00859924 0.00815558 0.00833148 0.00827142 0.00813237 0.00932673 0.00799095 0.00841321 0.00806962 0.00832219 0.0082435 0.00838632 0.00818759 0.00817444 0.00883175 
0.0100251 0.983846 0.00421396 0.00322339 0 0.00327475 0.0106911 0.0843705 0.00899387 0.0329817 0.0112574 0.0678433 0.0112669 0.00858066 0.0282445 0.00850969 0.0169892 0.00872344 0.0103347 0.00916927 0.00913467 0.0140366 0.00984143 0.00868798 0.0081077 0.008933 0.00835685 0.00807709 0.0103411 0.00813253 0.00804078 0.00822218 0.00800319 0.00868315 0.0082115 0.00999519 0.00843139 0.00962427 0.00894291 0.00881417 0.00948723 0.00798826 0.0092183 0.00824882 0.0093667 0.00841533 0.00802643 0.0080956 0.00812694 0.00813325 0.0083206 0.00804829 0.00860786 0.00837923 0.00833185 0.00806688 0.00831254 0.00812297 0.00857282 0.00840087 0.00815149 0.00822734 0.00798768 0.00827909 0.00808703 0.00825266 0.00826446 0.00838444 0.00836589 0.00828127 0.00827239 0.00813761 
0.978376 0.0061607 0.0051783 0.00411642 0.00327475 0 0.0259067 0.00949222 0.0335857 0.011593 0.0420983 0.0176085 0.0585942 0.0491423 0.00896917 0.0142274 0.00907693 0.0111193 0.00951519 0.00905304 0.0197336 0.00921174 0.0108949 0.0103811 0.0199425 0.00836058 0.00836673 0.00888517 0.00816418 0.00899322 0.00832039 0.00802469 0.00861158 0.00803252 0.00894441 0.00832287 0.00922938 0.00863733 0.00860008 0.0097327 0.00844079 0.0106759 0.00887277 0.00893524 0.00850805 0.0090316 0.00882467 0.00809068 0.0079994 0.00824877 0.00808374 0.00938108 0.00820188 0.00823248 0.00808074 0.00838253 0.00887796 0.00908009 0.00818466 0.00825208 0.00826334 0.00804559 0.00855298 0.00841109 0.00817602 0.00808162 0.00835454 0.00831014 0.00829346 0.00826929 0.00812059 0.00832106 
0.0115653 0.00916378 0.0162896 0.0946126 0.0106911 0.0259067 0 0.00327003 0.00339676 0.00329821 0.00329288 0.00333702 0.00483537 0.327396 0.00932967 0.0123392 0.00900841 0.0099669 0.0089422 0.0179951 0.013964 0.00959974 0.00956561 0.012792 0.0109663 0.00822731 0.00844935 0.00885734 0.00841991 0.0087312 0.00816112 0.00830372 0.00827388 0.00811881 0.00874819 0.00859372 0.010028 0.00867226 0.00927239 0.0112035 0.00824158 0.0116996 0.00822299 0.00888287 0.00839453 0.0107068 0.00795473 0.00801889 0.00791145 0.00802235 0.00832698 0.00834745 0.00807166 0.00815647 0.00801665 0.00874352 0.00823349 0.00834858 0.00802409 0.00806856 0.00803532 0.00793599 0.0095035 0.0079143 0.00811587 0.00798311 0.00808278 0.00809705 0.00811894 0.00807636 0.00796377 0.00860582 
0.00854127 0.0155598 0.00903852 0.00956044 0.0843705 0.00949222 0.00327003 0 0.00315204 0.00320679 0.00318019 0.00410389 0.00343019 0.0127023 0.478931 0.00862369 0.0261933 0.0086783 0.0165651 0.00975081 0.00893176 0.0188659 0.00971276 0.00905854 0.00817256 0.00991871 0.00842698 0.00822383 0.0128489 0.00808652 0.00887963 0.00859704 0.00800894 0.00972478 0.0081815 0.0133611 0.00880947 0.0113998 0.00883364 0.00880595 0.00866432 0.00798756 0.0096611 0.00825287 0.0104778 0.00837136 0.00817122 0.00795585 0.00811759 0.0080532 0.0083008 0.00792184 0.00836852 0.00825312 0.00822907 0.00810223 0.00807146 0.00808221 0.00826869 0.00857602 0.00813456 0.00845899 0.00795285 0.0083188 0.00808288 0.00817977 0.00819396 0.00828223 0.00845937 0.00823301 0.00820696 0.0081884 
0.0112974 0.00855486 0.00942396 0.0217016 0.00899387 0.0335857 0.00339676 0.00315204 0 0.00319407 0.00313027 0.00318282 0.00335117 0.0566282 0.00957319 0.533244 0.00887182 0.0450816 0.00973914 0.00882896 0.0165217 0.0102565 0.0140847 0.0091177 0.0114806 0.00848983 0.00967394 0.0212316 0.00862537 0.018035 0.0087064 0.00852598 0.0132441 0.00824551 0.0272925 0.0091031 0.0296743 0.0119091 0.00989834 0.00897569 0.00789475 0.00919703 0.00800764 0.0155701 0.00880141 0.00966263 0.00790664 0.0083818 0.00823892 0.00851867 0.00816278 0.00850751 0.00865291 0.00998931 0.00834346 0.00819881 0.00783901 0.00848027 0.00885301 0.00899297 0.0088504 0.00846288 0.00833349 0.0079482 0.00862437 0.00851969 0.00897618 0.00900512 0.00879159 0.00882589 0.00843188 0.00836753 
0.00941428 0.0102481 0.00928325 0.00954598 0.0329817 0.011593 0.00329821 0.00320679 0.00319407 0 0.00315734 0.00317773 0.00323934 0.0119716 0.135441 0.0103557 0.612615 0.0109547 0.0158517 0.0121361 0.0102669 0.0464715 0.0115381 0.0109154 0.00845817 0.0139193 0.0134109 0.00942529 0.0577843 0.00909688 0.0124059 0.0143486 0.00849027 0.0275395 0.00907042 0.0535413 0.0136703 0.0485793 0.0107203 0.00903805 0.00848004 0.00807566 0.0114808 0.00907661 0.0168733 0.00987036 0.00822494 0.00829008 0.0093055 0.0085289 0.00836345 0.0083484 0.00945166 0.0100132 0.00889578 0.00824744 0.00799037 0.00872074 0.00948944 0.0100896 0.00904727 0.00904995 0.00803237 0.00844857 0.00852264 0.00912135 0.00932544 0.00959227 0.00939254 0.0101333 0.00876568 0.00826196 
0.0122661 0.00892356 0.00981337 0.0194975 0.0112574 0.0420983 0.00329288 0.00318019 0.00313027 0.00315734 0 0.00316374 0.00320191 0.0723001 0.018085 0.222785 0.019426 0.505371 0.013936 0.0109759 0.0293686 0.018198 0.0406405 0.00988354 0.0109526 0.00932862 0.0162048 0.0285687 0.0106195 0.0235995 0.0116057 0.0101715 0.0200187 0.0092073 0.0320537 0.0128066 0.0558994 0.0271889 0.0130631 0.00981902 0.00813819 0.00918042 0.00847633 0.0216346 0.0128082 0.0113758 0.00803995 0.00902089 0.00869963 0.00893312 0.00817563 0.00898585 0.00921669 0.0123982 0.00861148 0.00882159 0.00788617 0.00895124 0.00971223 0.00991277 0.0107381 0.00847743 0.008291 0.00824366 0.00904192 0.00917935 0.0112043 0.00982684 0.0103189 0.00929909 0.00890334 0.00834066 
0.0114068 0.0280259 0.00872747 0.0107675 0.0678433 0.0176085 0.00333702 0.00410389 0.00318282 0.00317773 0.00316374 0 0.00338858 0.0139489 0.0556703 0.018017 0.0808607 0.0245746 0.481515 0.0157295 0.0119488 0.0511268 0.0383424 0.0152774 0.00924043 0.0121875 0.0125053 0.00987688 0.0169765 0.00974531 0.0109796 0.0124821 0.00886145 0.0109276 0.0101355 0.018994 0.0177101 0.0275268 0.0156529 0.0095138 0.00846348 0.00876584 0.0096811 0.0111995 0.0212396 0.0112744 0.00813454 0.00847715 0.00853553 0.00859162 0.00830249 0.00852094 0.00986973 0.0105324 0.00886975 0.00827071 0.00803549 0.00876394 0.0095185 0.0092118 0.00873545 0.0087939 0.00809665 0.00812092 0.00851674 0.00860038 0.0091306 0.00907537 0.00953298 0.00947706 0.00848092 0.00810122 
0.0358027 0.00928368 0.01148 0.0303856 0.0112669 0.0585942 0.00483537 0.00343019 0.00335117 0.00323934 0.00320191 0.00338858 0 0.029363 0.0130984 0.0258484 0.0213771 0.0373083 0.0334971 0.529815 0.0238074 0.0127957 0.0217399 0.0248085 0.0214388 0.00989185 0.00923901 0.00921821 0.00955223 0.00912359 0.00943765 0.00904197 0.00875312 0.00879293 0.00910446 0.0105954 0.0111604 0.0114867 0.0115625 0.0104634 0.0104135 0.00976091 0.0115438 0.00961825 0.0102742 0.014624 0.00973089 0.0082357 0.00816937 0.00834872 0.00864854 0.0097295 0.00941547 0.00899681 0.00832625 0.00856834 0.00895962 0.0100029 0.00912595 0.00878968 0.00838455 0.00820018 0.00819625 0.00900014 0.00820621 0.00834277 0.00869719 0.0092766 0.00884214 0.0086489 0.00841517 0.00834652 
0.0124843 0.00865209 0.0180086 0.0210498 0.00858066 0.0491423 0.327396 0.0127023 0.0566282 0.0119716 0.0723001 0.0139489 0.029363 0 0.00335593 0.00347904 0.00324653 0.00351124 0.00348669 0.00377299 0.0661416 0.0106885 0.0129647 0.0234204 0.0406419 0.0089284 0.00973037 0.013592 0.00876517 0.0170012 0.00879524 0.00873665 0.0118729 0.00845407 0.0148887 0.00888129 0.0171946 0.00966467 0.0119977 0.0230086 0.00901802 0.0359375 0.00884207 0.014522 0.00886314 0.0240799 0.00837603 0.00908996 0.00822821 0.00909308 0.00934495 0.00947802 0.00863878 0.00872892 0.00857801 0.0110567 0.00822275 0.0102535 0.00822653 0.00843251 0.00917814 0.00827463 0.0139298 0.00803014 0.00904217 0.0080355 0.00871721 0.00838404 0.0086987 0.00835091 0.0081266 0.00973509 
0.00852652 0.0111538 0.00866106 0.00854596 0.0282445 0.00896917 0.00932967 0.478931 0.00957319 0.135441 0.018085 0.0556703 0.0130984 0.00335593 0 0.00317278 0.00327688 0.00322547 0.00335595 0.00347235 0.0132712 0.045557 0.0120019 0.011917 0.00868113 0.02013 0.00986375 0.00854597 0.0368388 0.0084981 0.0103946 0.0100484 0.00835446 0.0186877 0.00859328 0.0359249 0.0101297 0.0269621 0.0117596 0.010027 0.0125816 0.00846797 0.0189689 0.00912743 0.0282075 0.00916995 0.00917252 0.00810853 0.00899406 0.0083856 0.00932418 0.00816392 0.0103968 0.00873554 0.00909195 0.00840595 0.00840008 0.008363 0.00913336 0.0100913 0.00839031 0.0106874 0.00799142 0.00913518 0.00822026 0.00901592 0.00861877 0.00956107 0.00872765 0.00873712 0.00871759 0.00834119 
0.0105971 0.00837429 0.00847166 0.0164091 0.00850969 0.0142274 0.0123392 0.00862369 0.533244 0.0103557 0.222785 0.018017 0.0258484 0.00347904 0.00317278 0 0.00316768 0.00327396 0.00321479 0.00324324 0.0410224 0.012905 0.0247142 0.0095098 0.0161168 0.00877748 0.013582 0.042334 0.00907746 0.0381754 0.00940805 0.00897449 0.0282331 0.00854722 0.0620634 0.00993362 0.0777973 0.0180328 0.0131116 0.0104424 0.0082464 0.0127842 0.00863385 0.0562938 0.0105957 0.0136541 0.00807726 0.0102953 0.00871406 0.010662 0.00813927 0.00926478 0.00934494 0.0169284 0.00858673 0.00902042 0.00788658 0.00925499 0.00977577 0.0102266 0.0137196 0.00855166 0.00880645 0.00803164 0.00994483 0.00873573 0.0131202 0.0101145 0.0117972 0.00961104 0.0088659 0.0083781 
0.00881737 0.00943481 0.00856503 0.00875387 0.0169892 0.00907693 0.00900841 0.0261933 0.00887182 0.612615 0.019426 0.0808607 0.0213771 0.00324653 0.00327688 0.00316768 0 0.00315012 0.00317785 0.00329174 0.015458 0.0597711 0.0186103 0.0152541 0.00880395 0.0178553 0.0144149 0.00933248 0.0640762 0.00929192 0.0142107 0.018764 0.00862949 0.0343019 0.00927193 0.0724624 0.0158828 0.0645146 0.0123384 0.00974007 0.00951326 0.00850554 0.0162829 0.0101237 0.0281755 0.0101896 0.0090973 0.00837248 0.012912 0.00879734 0.00892234 0.00850139 0.0142999 0.0116415 0.00939711 0.0085194 0.00810474 0.00883888 0.0109511 0.0131203 0.00926678 0.0107119 0.0081343 0.00897237 0.0085225 0.0110869 0.00980483 0.0135622 0.0109535 0.0116922 0.00911401 0.0085327 
0.00911631 0.00851185 0.00864768 0.0102516 0.00872344 0.0111193 0.0099669 0.0086783 0.0450816 0.0109547 0.505371 0.0245746 0.0373083 0.00351124 0.00322547 0.00327396 0.00315012 0 0.00314836 0.0032036 0.029382 0.021158 0.0498316 0.0139222 0.0107622 0.00996603 0.0149917 0.0235286 0.00983871 0.018843 0.0116786 0.00962125 0.0206301 0.00894488 0.0237008 0.0118271 0.042552 0.0266494 0.0141663 0.00990125 0.00833358 0.0102241 0.00868034 0.02658 0.0143475 0.0131652 0.00817924 0.00925386 0.0092302 0.00968469 0.00835135 0.00878611 0.00958737 0.0157144 0.00867562 0.0091106 0.00787994 0.00896423 0.00963743 0.0101693 0.0112082 0.00852202 0.00831986 0.00812557 0.00893527 0.00894481 0.0116156 0.00991726 0.0116296 0.00965746 0.00914 0.00838821 
0.0087291 0.0101755 0.00838938 0.0087614 0.0103347 0.00951519 0.0089422 0.0165651 0.00973914 0.0158517 0.013936 0.481515 0.0334971 0.00348669 0.00335595 0.00321479 0.00317785 0.00314836 0 0.00317356 0.0129708 0.0654649 0.0683193 0.0143849 0.0097372 0.0107851 0.0114679 0.00945493 0.00971375 0.0106123 0.00940672 0.010565 0.00911124 0.0092635 0.00956321 0.0111147 0.013695 0.0162257 0.0140317 0.0102044 0.0086631 0.00945476 0.00902152 0.0111908 0.0151983 0.0113888 0.00815761 0.00858847 0.00822956 0.00874839 0.00817491 0.00833022 0.00913421 0.00941347 0.00878366 0.00855284 0.00798774 0.00879739 0.00904545 0.00881763 0.008494 0.00852978 0.00817983 0.00798245 0.00865301 0.00837758 0.00901353 0.00877625 0.00942083 0.00884802 0.00843876 0.00815967 
0.0137262 0.00824931 0.00828919 0.0130003 0.00916927 0.00905304 0.0179951 0.00975081 0.00882896 0.0121361 0.0109759 0.0157295 0.529815 0.00377299 0.00347235 0.00324324 0.00329174 0.0032036 0.00317356 0 0.0186473 0.0211936 0.0416625 0.0559378 0.0156957 0.0110739 0.00911909 0.00870804 0.0140317 0.0090013 0.00909872 0.00905675 0.00874641 0.010076 0.00875934 0.0119267 0.00937341 0.0109469 0.0103405 0.0109407 0.0124743 0.00921622 0.0168336 0.00880455 0.0106745 0.0133545 0.0105755 0.00809656 0.00832207 0.00814203 0.00890058 0.00980546 0.00868612 0.00855237 0.00824491 0.00844781 0.00914239 0.00913856 0.00842135 0.00855178 0.00820311 0.00818332 0.00794746 0.00881301 0.0080579 0.00856216 0.00837448 0.00918759 0.00851911 0.00844092 0.00818174 0.0080624 
0.00963573 0.00843571 0.0095779 0.0128037 0.00913467 0.0197336 0.013964 0.00893176 0.0165217 0.0102669 0.0293686 0.0119488 0.0238074 0.0661416 0.0132712 0.0410224 0.015458 0.029382 0.0129708 0.0186473 0 0.00322932 0.00324008 0.00338946 0.0192798 0.00717351 0.00988959 0.0444838 0.0130364 0.0150591 0.00833163 0.00832386 0.0126929 0.00800146 0.0141308 0.00982936 0.0255964 0.0123599 0.0135803 0.0202411 0.00979449 0.0348278 0.0135652 0.0238112 0.0118997 0.0335582 0.00934845 0.00987008 0.00878161 0.0100906 0.011631 0.0111952 0.0112987 0.0125018 0.00951484 0.0132124 0.00858728 0.0136739 0.00970119 0.00957834 0.0110558 0.00850216 0.0111078 0.00876943 0.0101031 0.00845129 0.0106164 0.00960729 0.0115493 0.00962955 0.0089075 0.00965983 
0.00860898 0.00988334 0.00828963 0.00869804 0.0140366 0.00921174 0.00959974 0.0188659 0.0102565 0.0464715 0.018198 0.0511268 0.0127957 0.0106885 0.045557 0.012905 0.0597711 0.021158 0.0654649 0.0211936 0.00322932 0 0.00323433 0.00317456 0.00683152 0.0212418 0.0747613 0.0122201 0.0183109 0.00890752 0.0093682 0.0136999 0.00854605 0.0146571 0.00976663 0.0199905 0.0214673 0.0360061 0.0208388 0.0108163 0.0116137 0.00999326 0.0142453 0.0191219 0.0427352 0.0127463 0.00887278 0.00925622 0.0124642 0.0108875 0.00918663 0.00895993 0.0203047 0.0168317 0.0131549 0.00923069 0.00812618 0.010011 0.0164297 0.0134102 0.0105163 0.0110477 0.00828939 0.00945145 0.00895785 0.0118175 0.0110635 0.0150832 0.012307 0.0133072 0.0103044 0.00868851 
0.00892621 0.00881709 0.00820284 0.00949787 0.00984143 0.0108949 0.00956561 0.00971276 0.0140847 0.0115381 0.0406405 0.0383424 0.0217399 0.0129647 0.0120019 0.0247142 0.0186103 0.0498316 0.0683193 0.0416625 0.00324008 0.00323433 0 0.00320736 0.0197081 0.0424804 0.0182894 0.0112418 0.00865565 0.0109781 0.0109247 0.00863758 0.0121901 0.00827967 0.0158562 0.0126935 0.0319498 0.0254444 0.0320029 0.0122731 0.00904621 0.0137941 0.00993537 0.0252487 0.0305381 0.0253526 0.0084527 0.0108562 0.00921124 0.0136211 0.0094982 0.00999488 0.0119314 0.0163769 0.0111894 0.00955187 0.0083459 0.0103291 0.0120066 0.0115962 0.0108347 0.00946723 0.00874129 0.00835331 0.00986265 0.00873654 0.0151496 0.00992186 0.0131265 0.0110603 0.0102357 0.0087727 
0.0129154 0.00832556 0.0084049 0.0124363 0.00868798 0.0103811 0.012792 0.00905854 0.0091177 0.0109154 0.00988354 0.0152774 0.0248085 0.0234204 0.011917 0.0095098 0.0152541 0.0139222 0.0143849 0.0559378 0.00338946 0.00317456 0.00320736 0 0.0392862 0.0139893 0.00825816 0.00638123 0.00780474 0.00730578 0.00754814 0.00781332 0.00795046 0.00770443 0.00901927 0.0118072 0.00980623 0.0136099 0.0126433 0.0136546 0.0137293 0.0112097 0.017386 0.0096603 0.0143631 0.02441 0.012785 0.00843146 0.00853499 0.00913523 0.0103185 0.0117531 0.00942888 0.009098 0.00889166 0.00898836 0.0100347 0.0106498 0.00909987 0.009146 0.00850835 0.0085542 0.00834192 0.00904225 0.00830466 0.00846798 0.00875532 0.00903524 0.00871045 0.00869157 0.00852035 0.00859949 
0.00895139 0.00835488 0.0116555 0.0113919 0.0081077 0.0199425 0.0109663 0.00817256 0.0114806 0.00845817 0.0109526 0.00924043 0.0214388 0.0406419 0.00868113 0.0161168 0.00880395 0.0107622 0.0097372 0.0156957 0.0192798 0.00683152 0.0197081 0.0392862 0 0.0033146 0.00321781 0.00352428 0.00327278 0.00375769 0.00332921 0.00346002 0.00448999 0.00435747 0.00672381 0.00575444 0.00795799 0.00677991 0.0134048 0.0438507 0.00965515 0.0548467 0.0107354 0.0151616 0.00975523 0.0310504 0.00895378 0.00918167 0.008452 0.0104467 0.013225 0.00987416 0.00864888 0.00928276 0.00893038 0.0149633 0.00883026 0.00931395 0.00846433 0.00841208 0.00919626 0.00828608 0.017755 0.00826893 0.00883638 0.00807633 0.0088148 0.00834663 0.00874332 0.00826123 0.00848244 0.0117559 
0.00799229 0.00819012 0.00834211 0.00805728 0.008933 0.00836058 0.00822731 0.00991871 0.00848983 0.0139193 0.00932862 0.0121875 0.00989185 0.0089284 0.02013 0.00877748 0.0178553 0.00996603 0.0107851 0.0110739 0.00717351 0.0212418 0.0424804 0.0139893 0.0033146 0 0.00334037 0.00316653 0.00333359 0.00317715 0.00322814 0.00357809 0.00348481 0.00479475 0.00463839 0.00739731 0.00642064 0.0108521 0.00884054 0.00597587 0.011288 0.00869251 0.0119756 0.0101179 0.0152689 0.00987079 0.00891748 0.0083477 0.00927541 0.00903346 0.00922616 0.00836217 0.00986461 0.00930029 0.00949985 0.00867652 0.00817724 0.00857375 0.00922569 0.00899631 0.00849275 0.00922363 0.00820359 0.00832038 0.00812239 0.00853367 0.00856133 0.00907677 0.00872274 0.00856587 0.00893308 0.00865103 
0.00832967 0.00799813 0.00790697 0.0083663 0.00835685 0.00836673 0.00844935 0.00842698 0.00967394 0.0134109 0.0162048 0.0125053 0.00923901 0.00973037 0.00986375 0.013582 0.0144149 0.0149917 0.0114679 0.00911909 0.00988959 0.0747613 0.0182894 0.00825816 0.00321781 0.00334037 0 0.00311672 0.00317288 0.00318535 0.00322387 0.00329706 0.00346524 0.00360369 0.00395104 0.00613033 0.00651074 0.0118645 0.00602025 0.00502738 0.00834407 0.00832778 0.0100349 0.011041 0.0129422 0.00916346 0.00860438 0.00880355 0.0100028 0.00888265 0.00865674 0.00859647 0.00950818 0.0137161 0.00873981 0.00857964 0.0080467 0.00884484 0.0092088 0.0115797 0.00977712 0.00861181 0.00809863 0.00824859 0.00845382 0.00918804 0.010658 0.0116496 0.0108859 0.0108253 0.00914042 0.00822405 
0.00827823 0.00800546 0.00807879 0.00891271 0.00807709 0.00888517 0.00885734 0.00822383 0.0212316 0.00942529 0.0285687 0.00987688 0.00921821 0.013592 0.00854597 0.042334 0.00933248 0.0235286 0.00945493 0.00870804 0.0444838 0.0122201 0.0112418 0.00638123 0.00352428 0.00316653 0.00311672 0 0.00316179 0.00315011 0.00318406 0.00326246 0.00635878 0.00323078 0.00608086 0.00405086 0.0113696 0.00601676 0.00583361 0.00468904 0.00793076 0.010831 0.00878742 0.0220676 0.00954026 0.0112367 0.00832504 0.0103386 0.00867331 0.0111518 0.00833929 0.00918147 0.00945652 0.0163254 0.00862719 0.00870126 0.00786988 0.00924506 0.00958395 0.0102778 0.0121842 0.00829496 0.00889087 0.00796687 0.00955062 0.00858473 0.013461 0.00999874 0.01311 0.00967227 0.00866015 0.00829796 
0.00832068 0.00814342 0.00802893 0.00820966 0.0103411 0.00816418 0.00841991 0.0128489 0.00862537 0.0577843 0.0106195 0.0169765 0.00955223 0.00876517 0.0368388 0.00907746 0.0640762 0.00983871 0.00971375 0.0140317 0.0130364 0.0183109 0.00865565 0.00780474 0.00327278 0.00333359 0.00317288 0.00316179 0 0.00313342 0.00317099 0.00313006 0.00314929 0.004399 0.00325139 0.0154931 0.0041107 0.0076278 0.00456638 0.00411128 0.0100088 0.00795129 0.0162767 0.00911889 0.0200056 0.00996439 0.0103387 0.00851079 0.0160717 0.00858506 0.0103016 0.00861015 0.0158842 0.0118042 0.00933021 0.00850729 0.008888 0.0089013 0.01136 0.013644 0.00914397 0.013588 0.00809494 0.0097034 0.00819059 0.0154709 0.00945756 0.0214686 0.0113319 0.012323 0.00912995 0.00820284 
0.00830607 0.00798279 0.00815745 0.00884485 0.00813253 0.00899322 0.0087312 0.00808652 0.018035 0.00909688 0.0235995 0.00974531 0.00912359 0.0170012 0.0084981 0.0381754 0.00929192 0.018843 0.0106123 0.0090013 0.0150591 0.00890752 0.0109781 0.00730578 0.00375769 0.00317715 0.00318535 0.00315011 0.00313342 0 0.00315835 0.00314731 0.0032718 0.00317539 0.00559261 0.00338764 0.00843739 0.00409253 0.0040849 0.003569 0.00754006 0.0110714 0.00883509 0.025009 0.00910477 0.0117548 0.00832834 0.0109513 0.00859508 0.0108094 0.00846378 0.00919663 0.00906049 0.0149081 0.00872357 0.00910198 0.00785399 0.00914609 0.00923034 0.0100338 0.0145957 0.00828163 0.00902025 0.00796879 0.00962631 0.00884416 0.0148731 0.0100535 0.0141484 0.0109398 0.00862318 0.00872368 
0.0080117 0.00794054 0.00801735 0.00807961 0.00804078 0.00832039 0.00816112 0.00887963 0.0087064 0.0124059 0.0116057 0.0109796 0.00943765 0.00879524 0.0103946 0.00940805 0.0142107 0.0116786 0.00940672 0.00909872 0.00833163 0.0093682 0.0109247 0.00754814 0.00332921 0.00322814 0.00322387 0.00318406 0.00317099 0.00315835 0 0.00324544 0.00316488 0.00332156 0.00326848 0.00355189 0.00363293 0.00525413 0.00364639 0.00344193 0.00742624 0.00732526 0.00956046 0.0093542 0.0113986 0.00939471 0.00850697 0.00861155 0.00925532 0.00865009 0.00846079 0.00832049 0.010028 0.0108646 0.00901334 0.00846979 0.00789848 0.0087702 0.00930945 0.0106579 0.00884492 0.00861598 0.00811888 0.00812138 0.00812836 0.00919829 0.00995086 0.0119046 0.0106632 0.0101268 0.00897315 0.00842042 
0.00804134 0.00794178 0.00793454 0.00803386 0.00822218 0.00802469 0.00830372 0.00859704 0.00852598 0.0143486 0.0101715 0.0124821 0.00904197 0.00873665 0.0100484 0.00897449 0.018764 0.00962125 0.010565 0.00905675 0.00832386 0.0136999 0.00863758 0.00781332 0.00346002 0.00357809 0.00329706 0.00326246 0.00313006 0.00314731 0.00324544 0 0.00396921 0.00323304 0.00320408 0.00327742 0.00340565 0.00332852 0.00324567 0.00324902 0.00710803 0.00662735 0.0100377 0.00897269 0.0124909 0.00942703 0.00849584 0.00837291 0.0100569 0.00844914 0.00866493 0.00841737 0.00951198 0.0111073 0.00862684 0.00841664 0.00795474 0.00847518 0.00915785 0.00990394 0.00911119 0.00856913 0.00806478 0.00812536 0.0082114 0.00920284 0.0096209 0.0118258 0.00963656 0.00989192 0.00848035 0.00813253 
0.00812178 0.00792622 0.00808107 0.00829384 0.00800319 0.00861158 0.00827388 0.00800894 0.0132441 0.00849027 0.0200187 0.00886145 0.00875312 0.0118729 0.00835446 0.0282331 0.00862949 0.0206301 0.00911124 0.00874641 0.0126929 0.00854605 0.0121901 0.00795046 0.00448999 0.00348481 0.00346524 0.00635878 0.00314929 0.0032718 0.00316488 0.00396921 0 0.00314626 0.00314224 0.00317559 0.00328257 0.00325314 0.00321936 0.00323491 0.00631886 0.00753935 0.00841393 0.0183448 0.00874897 0.0110125 0.00825968 0.00940002 0.00829515 0.00957774 0.00820472 0.00868484 0.00878246 0.0121509 0.00852389 0.00857338 0.00781005 0.00904836 0.0091579 0.00904747 0.0106816 0.0081327 0.00873277 0.0079181 0.00947245 0.00835228 0.0112946 0.00888439 0.0122435 0.00890298 0.00867 0.00827577 
0.00800938 0.00798481 0.00792382 0.00796842 0.00868315 0.00803252 0.00811881 0.00972478 0.00824551 0.0275395 0.0092073 0.0109276 0.00879293 0.00845407 0.0186877 0.00854722 0.0343019 0.00894488 0.0092635 0.010076 0.00800146 0.0146571 0.00827967 0.00770443 0.00435747 0.00479475 0.00360369 0.00323078 0.004399 0.00317539 0.00332156 0.00323304 0.00314626 0 0.00314074 0.00316237 0.00317089 0.00318712 0.00317585 0.00322456 0.00775073 0.00602129 0.0152092 0.00854913 0.0149393 0.00873859 0.00945183 0.00831788 0.0120028 0.008346 0.00911529 0.0084128 0.0106335 0.00975616 0.00882726 0.00824725 0.00800269 0.00848598 0.00965736 0.0108145 0.00845845 0.00933034 0.00796935 0.00899675 0.00805772 0.0111947 0.00870373 0.0131783 0.00925366 0.0103571 0.00869276 0.00818115 
0.00834174 0.0080114 0.00810274 0.00868974 0.0082115 0.00894441 0.00874819 0.0081815 0.0272925 0.00907042 0.0320537 0.0101355 0.00910446 0.0148887 0.00859328 0.0620634 0.00927193 0.0237008 0.00956321 0.00875934 0.0141308 0.00976663 0.0158562 0.00901927 0.00672381 0.00463839 0.00395104 0.00608086 0.00325139 0.00559261 0.00326848 0.00320408 0.00314224 0.00314074 0 0.00314836 0.00320925 0.00319284 0.00319628 0.00319253 0.00624774 0.0106516 0.00872696 0.0378609 0.00894322 0.011932 0.00826291 0.0145676 0.00854745 0.0122367 0.00846572 0.00968233 0.00951368 0.0196021 0.00882719 0.0098041 0.00785275 0.00973948 0.010449 0.0108255 0.0161436 0.00836519 0.00991389 0.00798773 0.0127414 0.00884387 0.0213495 0.0102374 0.0175363 0.0110365 0.00895347 0.00839151 
0.00822588 0.008201 0.00806294 0.00821626 0.00999519 0.00832287 0.00859372 0.0133611 0.0091031 0.0535413 0.0128066 0.018994 0.0105954 0.00888129 0.0359249 0.00993362 0.0724624 0.0118271 0.0111147 0.0119267 0.00982936 0.0199905 0.0126935 0.0118072 0.00575444 0.00739731 0.00613033 0.00405086 0.0154931 0.00338764 0.00355189 0.00327742 0.00317559 0.00316237 0.00314836 0 0.00316072 0.00319155 0.00317789 0.00317538 0.0104966 0.00708527 0.0316171 0.0101621 0.0286464 0.0110747 0.0113082 0.00884384 0.0227956 0.00903864 0.0123635 0.00912657 0.0210858 0.0171907 0.0115968 0.00900629 0.00836935 0.0099188 0.0166799 0.0212572 0.00973497 0.016767 0.00820605 0.0103544 0.0085835 0.0210743 0.0110803 0.0326977 0.0145216 0.0199152 0.0103305 0.00872267 
0.00872068 0.00816313 0.00806235 0.00929628 0.00843139 0.00922938 0.010028 0.00880947 0.0296743 0.0136703 0.0558994 0.0177101 0.0111604 0.0171946 0.0101297 0.0777973 0.0158828 0.042552 0.013695 0.00937341 0.0255964 0.0214673 0.0319498 0.00980623 0.00795799 0.00642064 0.00651074 0.0113696 0.0041107 0.00843739 0.00363293 0.00340565 0.00328257 0.00317089 0.00320925 0.00316072 0 0.0031524 0.00317586 0.00316614 0.00688278 0.01177 0.0115378 0.0549576 0.0169009 0.0196342 0.00896154 0.0210122 0.00995295 0.0216849 0.00890582 0.0119149 0.0181939 0.0456611 0.0118126 0.0105922 0.00810339 0.0135649 0.0184506 0.0197295 0.0365649 0.0091597 0.00979128 0.00860882 0.0163955 0.0119579 0.0441936 0.0174558 0.0396043 0.0181427 0.0113222 0.00891465 
0.00857103 0.0082276 0.00810299 0.0084632 0.00962427 0.00863733 0.00867226 0.0113998 0.0119091 0.0485793 0.0271889 0.0275268 0.0114867 0.00966467 0.0269621 0.0180328 0.0645146 0.0266494 0.0162257 0.0109469 0.0123599 0.0360061 0.0254444 0.0136099 0.00677991 0.0108521 0.0118645 0.00601676 0.0076278 0.00409253 0.00525413 0.00332852 0.00325314 0.00318712 0.00319284 0.00319155 0.0031524 0 0.0031546 0.00315371 0.00770126 0.00986095 0.0201071 0.0191408 0.0354892 0.0165866 0.00975527 0.00992942 0.0273271 0.0105651 0.0107852 0.0100716 0.0307694 0.0393468 0.014528 0.00954038 0.00822346 0.0124714 0.0225483 0.0322143 0.0157758 0.0142502 0.00852199 0.00977188 0.00981607 0.0247466 0.0211577 0.0393794 0.0245677 0.0299802 0.011324 0.00885169 
0.00846876 0.0084498 0.00799384 0.00882024 0.00894291 0.00860008 0.00927239 0.00883364 0.00989834 0.0107203 0.0130631 0.0156529 0.0115625 0.0119977 0.0117596 0.0131116 0.0123384 0.0141663 0.0140317 0.0103405 0.0135803 0.0208388 0.0320029 0.0126433 0.0134048 0.00884054 0.00602025 0.00583361 0.00456638 0.0040849 0.00364639 0.00324567 0.00321936 0.00317585 0.00319628 0.00317789 0.00317586 0.0031546 0 0.00316191 0.009189 0.016734 0.0133476 0.0249203 0.0404046 0.0202647 0.00981025 0.0119971 0.00920779 0.0149066 0.00942531 0.0131636 0.0138558 0.0145906 0.0113314 0.00968001 0.00895972 0.0112522 0.0142244 0.0115462 0.0104924 0.00958831 0.00890616 0.00910079 0.0100299 0.00972022 0.0114309 0.0114043 0.0137028 0.0108429 0.0113508 0.00840344 
0.010282 0.00826588 0.00817464 0.0110396 0.00881417 0.0097327 0.0112035 0.00880595 0.00897569 0.00903805 0.00981902 0.0095138 0.0104634 0.0230086 0.010027 0.0104424 0.00974007 0.00990125 0.0102044 0.0109407 0.0202411 0.0108163 0.0122731 0.0136546 0.0438507 0.00597587 0.00502738 0.00468904 0.00411128 0.003569 0.00344193 0.00324902 0.00323491 0.00322456 0.00319253 0.00317538 0.00316614 0.00315371 0.00316191 0 0.0214107 0.010008 0.0165764 0.0118834 0.0170924 0.0257897 0.0149252 0.00915559 0.00894552 0.00893317 0.0105019 0.0145648 0.0100165 0.00950547 0.00897831 0.00935371 0.0106982 0.0179062 0.00939281 0.00921229 0.00878104 0.00845755 0.00877033 0.00974955 0.00885259 0.00839381 0.00903822 0.00907595 0.00905963 0.00889897 0.00886549 0.00861975 
0.00821224 0.00828767 0.00827086 0.00814252 0.00948723 0.00844079 0.00824158 0.00866432 0.00789475 0.00848004 0.00813819 0.00846348 0.0104135 0.00901802 0.0125816 0.0082464 0.00951326 0.00833358 0.0086631 0.0124743 0.00979449 0.0116137 0.00904621 0.0137293 0.00965515 0.011288 0.00834407 0.00793076 0.0100088 0.00754006 0.00742624 0.00710803 0.00631886 0.00775073 0.00624774 0.0104966 0.00688278 0.00770126 0.009189 0.0214107 0 0.00419151 0.0204214 0.00896943 0.0221482 0.0132884 0.0192619 0.00865165 0.008868 0.00880642 0.0169812 0.00920038 0.00935197 0.00842364 0.00881929 0.0108449 0.0184769 0.00900588 0.00879918 0.00831388 0.00805281 0.00940874 0.00842686 0.0116771 0.00807995 0.00830009 0.00810799 0.00826006 0.00813857 0.00816227 0.00837626 0.00914246 
0.0116665 0.00809764 0.00831454 0.0113402 0.00798826 0.0106759 0.0116996 0.00798756 0.00919703 0.00807566 0.00918042 0.00876584 0.00976091 0.0359375 0.00846797 0.0127842 0.00850554 0.0102241 0.00945476 0.00921622 0.0348278 0.00999326 0.0137941 0.0112097 0.0548467 0.00869251 0.00832778 0.010831 0.00795129 0.0110714 0.00732526 0.00662735 0.00753935 0.00602129 0.0106516 0.00708527 0.01177 0.00986095 0.016734 0.010008 0.00419151 0 0.0108268 0.0177279 0.00651839 0.0193272 0.0126949 0.0147379 0.00853427 0.0142565 0.00965338 0.0212334 0.00941446 0.00954158 0.00915123 0.0132868 0.0111463 0.0188825 0.00925981 0.00853786 0.00988949 0.00819151 0.0171375 0.00878237 0.0108951 0.00813665 0.00915651 0.00835672 0.00874408 0.00849291 0.00909351 0.00971481 
0.00819527 0.00819606 0.00844712 0.00822045 0.0092183 0.00887277 0.00822299 0.0096611 0.00800764 0.0114808 0.00847633 0.0096811 0.0115438 0.00884207 0.0189689 0.00863385 0.0162829 0.00868034 0.00902152 0.0168336 0.0135652 0.0142453 0.00993537 0.017386 0.0107354 0.0119756 0.0100349 0.00878742 0.0162767 0.00883509 0.00956046 0.0100377 0.00841393 0.0152092 0.00872696 0.0316171 0.0115378 0.0201071 0.0133476 0.0165764 0.0204214 0.0108268 0 0.00321085 0.00328044 0.00350752 0.276926 0.0138142 0.0176335 0.00974602 0.0494144 0.0117101 0.0191298 0.0103423 0.0118248 0.0132733 0.0166374 0.0112406 0.0107705 0.010332 0.00864632 0.0158957 0.00958863 0.0200236 0.00845084 0.0109893 0.00887557 0.0122327 0.00901629 0.00997402 0.00977202 0.0115258 
0.00826421 0.00821379 0.00825511 0.00874486 0.00824882 0.00893524 0.00888287 0.00825287 0.0155701 0.00907661 0.0216346 0.0111995 0.00961825 0.014522 0.00912743 0.0562938 0.0101237 0.02658 0.0111908 0.00880455 0.0238112 0.0191219 0.0252487 0.0096603 0.0151616 0.0101179 0.011041 0.0220676 0.00911889 0.025009 0.0093542 0.00897269 0.0183448 0.00854913 0.0378609 0.0101621 0.0549576 0.0191408 0.0249203 0.0118834 0.00896943 0.0177279 0.00321085 0 0.00321484 0.003194 0.0185148 0.295192 0.037666 0.0680973 0.0112125 0.0197492 0.0163438 0.0428782 0.0124431 0.0125831 0.00837752 0.0171268 0.0176691 0.0138728 0.0280858 0.00922897 0.0148966 0.00851757 0.0256449 0.010183 0.0283197 0.0123708 0.0249648 0.0140732 0.0123278 0.00934468 
0.00827015 0.00838794 0.0080093 0.00824576 0.0093667 0.00850805 0.00839453 0.0104778 0.00880141 0.0168733 0.0128082 0.0212396 0.0102742 0.00886314 0.0282075 0.0105957 0.0281755 0.0143475 0.0151983 0.0106745 0.0118997 0.0427352 0.0305381 0.0143631 0.00975523 0.0152689 0.0129422 0.00954026 0.0200056 0.00910477 0.0113986 0.0124909 0.00874897 0.0149393 0.00894322 0.0286464 0.0169009 0.0354892 0.0404046 0.0170924 0.0221482 0.00651839 0.00328044 0.00321484 0 0.00327807 0.028202 0.0238967 0.122338 0.197989 0.0296186 0.0120878 0.0400172 0.0225295 0.0244819 0.010547 0.010333 0.0132209 0.0346451 0.0289626 0.0123959 0.0247977 0.00882438 0.0130077 0.0104595 0.0212083 0.0138631 0.0293553 0.0210606 0.0276655 0.0164325 0.00913628 
0.0104055 0.00816343 0.00806839 0.0101247 0.00841533 0.0090316 0.0107068 0.00837136 0.00966263 0.00987036 0.0113758 0.0112744 0.014624 0.0240799 0.00916995 0.0136541 0.0101896 0.0131652 0.0113888 0.0133545 0.0335582 0.0127463 0.0253526 0.02441 0.0310504 0.00987079 0.00916346 0.0112367 0.00996439 0.0117548 0.00939471 0.00942703 0.0110125 0.00873859 0.011932 0.0110747 0.0196342 0.0165866 0.0202647 0.0257897 0.0132884 0.0193272 0.00350752 0.003194 0.00327807 0 0.0183438 0.0206712 0.0162709 0.0739161 0.230107 0.0339458 0.0130396 0.018536 0.0127695 0.0187126 0.0136515 0.0270396 0.0148415 0.0139946 0.0123259 0.00963034 0.0159732 0.0129277 0.0114992 0.00965281 0.0180659 0.0127954 0.0166093 0.0124647 0.0131711 0.0116667 
0.00797893 0.00788155 0.00838421 0.00798127 0.00802643 0.00882467 0.00795473 0.00817122 0.00790664 0.00822494 0.00803995 0.00813454 0.00973089 0.00837603 0.00917252 0.00807726 0.0090973 0.00817924 0.00815761 0.0105755 0.00934845 0.00887278 0.0084527 0.012785 0.00895378 0.00891748 0.00860438 0.00832504 0.0103387 0.00832834 0.00850697 0.00849584 0.00825968 0.00945183 0.00826291 0.0113082 0.00896154 0.00975527 0.00981025 0.0149252 0.0192619 0.0126949 0.276926 0.0185148 0.028202 0.0183438 0 0.00323137 0.0032537 0.00344024 0.00477142 0.0165656 0.0145586 0.0197075 0.0116838 0.0370506 0.019941 0.0118217 0.0119836 0.00981623 0.00871718 0.0146254 0.0130874 0.019431 0.00876585 0.0106733 0.00868955 0.0113094 0.00874825 0.00971697 0.00954235 0.0169895 
0.00796633 0.00811855 0.00792817 0.00815651 0.0080956 0.00809068 0.00801889 0.00795585 0.0083818 0.00829008 0.00902089 0.00847715 0.0082357 0.00908996 0.00810853 0.0102953 0.00837248 0.00925386 0.00858847 0.00809656 0.00987008 0.00925622 0.0108562 0.00843146 0.00918167 0.0083477 0.00880355 0.0103386 0.00851079 0.0109513 0.00861155 0.00837291 0.00940002 0.00831788 0.0145676 0.00884384 0.0210122 0.00992942 0.0119971 0.00915559 0.00865165 0.0147379 0.0138142 0.295192 0.0238967 0.0206712 0.00323137 0 0.00315095 0.00321898 0.00317352 0.0206455 0.0183443 0.0155717 0.0205985 0.0101112 0.00836255 0.0144005 0.0138092 0.010442 0.0172432 0.00921938 0.0108568 0.0086688 0.0185402 0.0090561 0.0230907 0.0101932 0.0155469 0.0104769 0.0140977 0.0089012 
0.00804301 0.00802073 0.00792722 0.00796279 0.00812694 0.0079994 0.00791145 0.00811759 0.00823892 0.0093055 0.00869963 0.00853553 0.00816937 0.00822821 0.00899406 0.00871406 0.012912 0.0092302 0.00822956 0.00832207 0.00878161 0.0124642 0.00921124 0.00853499 0.008452 0.00927541 0.0100028 0.00867331 0.0160717 0.00859508 0.00925532 0.0100569 0.00829515 0.0120028 0.00854745 0.0227956 0.00995295 0.0273271 0.00920779 0.00894552 0.008868 0.00853427 0.0176335 0.037666 0.122338 0.0162709 0.0032537 0.00315095 0 0.00318393 0.00320414 0.0103372 0.0239217 0.0329762 0.0111718 0.00790544 0.00888184 0.00979823 0.0124174 0.0187504 0.00957102 0.0118558 0.00844311 0.0108172 0.00870292 0.0264764 0.0101119 0.0251208 0.0115325 0.0232056 0.00999273 0.0086551 
0.00807743 0.00806344 0.00794228 0.00805645 0.00813325 0.00824877 0.00802235 0.0080532 0.00851867 0.0085289 0.00893312 0.00859162 0.00834872 0.00909308 0.0083856 0.010662 0.00879734 0.00968469 0.00874839 0.00814203 0.0100906 0.0108875 0.0136211 0.00913523 0.0104467 0.00903346 0.00888265 0.0111518 0.00858506 0.0108094 0.00865009 0.00844914 0.00957774 0.008346 0.0122367 0.00903864 0.0216849 0.0105651 0.0149066 0.00893317 0.00880642 0.0142565 0.00974602 0.0680973 0.197989 0.0739161 0.00344024 0.00321898 0.00318393 0 0.00323614 0.011934 0.0394966 0.0485558 0.015582 0.0118462 0.00892462 0.0128126 0.0193651 0.0110399 0.0152649 0.00926381 0.0116159 0.0089199 0.0280004 0.00936129 0.0189719 0.0106858 0.0290091 0.0120138 0.0147444 0.00877447 
0.00853589 0.00797312 0.00794748 0.00835698 0.0083206 0.00808374 0.00832698 0.0083008 0.00816278 0.00836345 0.00817563 0.00830249 0.00864854 0.00934495 0.00932418 0.00813927 0.00892234 0.00835135 0.00817491 0.00890058 0.011631 0.00918663 0.0094982 0.0103185 0.013225 0.00922616 0.00865674 0.00833929 0.0103016 0.00846378 0.00846079 0.00866493 0.00820472 0.00911529 0.00846572 0.0123635 0.00890582 0.0107852 0.00942531 0.0105019 0.0169812 0.00965338 0.0494144 0.0112125 0.0296186 0.230107 0.00477142 0.00317352 0.00320414 0.00323614 0 0.0496977 0.0170241 0.0150821 0.0228449 0.0127031 0.0192766 0.0211556 0.0110579 0.012186 0.00882841 0.0179052 0.0097183 0.0403539 0.00886515 0.0123451 0.00928951 0.0149187 0.00965606 0.0104154 0.00997745 0.0106489 
