1JB0E
VQRGSKVKILRPESYWYNEVGTVASVDQTPGVKYPVIVRFDKVNYTGYSGSASGVNTNNFALHEVQEVA
CCCCCEEEECCCCCCCECCEEEEEEECCCCCCCCCEEEECCCCCCCCCCCCCCCCCEEEECHHHEEECC
0 0 0 0 0 0 0 0 0 0 0 0 0 0 0 0 0 0 0 0 0 0 0 0 0 0 0 0 0 0 0 0 0 0 0 0 0 0 0 0 0 0 0 0 0 0 0 0 0 0 0 0 0 0 0 0 0 0 0 0 0 0 0 0 0 0 0 0 0 
0 0 0 0 0 0 0 0 0 0 0 0 0 0 0 0 0 0 0 0 0 0 0 0 0 0 0 0 0 0 0 0 0 0 0 0 0 0 0 0 0 0 0 0 0 0 0 0 0 0 0 0 0 0 0 0 0 0 0 0 0 0 0 0 0 0 0 0 0 
0 0.00319419 0.00390201 0.00376121 0.0230208 0.0174515 0.00840184 0.261448 0.0124982 0.0148778 0.0179712 0.0282325 0.0149584 0.0164506 0.0102247 0.0612315 0.013798 0.00807342 0.00996572 0.0154429 0.0088218 0.00878543 0.0142456 
0.00319419 0 0.00327048 0.00326709 0.00777767 0.00781186 0.283027 0.00830645 0.0434838 0.0155037 0.0124196 0.02178 0.0459913 0.0118876 0.125779 0.00966309 0.0093072 0.0198103 0.00944453 0.0144758 0.0158393 0.00909999 0.0126985 
0.00390201 0.00327048 0 0.00318016 0.0136449 0.237398 0.00893151 0.0481094 0.00912506 0.019569 0.047058 0.00978889 0.0131387 0.15404 0.0106172 0.0184574 0.0134825 0.00885068 0.0222271 0.00929743 0.0108952 0.0294 0.00894798 
0.00376121 0.00326709 0.00318016 0 0.259017 0.0103659 0.0284433 0.00939827 0.0424413 0.0140626 0.0115961 0.0341733 0.0664626 0.010233 0.028946 0.0161515 0.0114037 0.012099 0.00853735 0.017624 0.0715377 0.00897753 0.0103661 
0.0230208 0.00777767 0.0136449 0.259017 0 0.0650856 0.00351776 0.00465003 0.00346864 0.00357637 0.00463648 0.00688181 0.0105122 0.0106939 0.00863806 0.0158712 0.0119963 0.00822343 0.00898579 0.0135782 0.0109785 0.00910238 0.0103223 
0.0174515 0.00781186 0.237398 0.0103659 0.0650856 0 0.00323084 0.0032092 0.00320992 0.00327158 0.00348738 0.00441015 0.00909093 0.0134967 0.00856584 0.0413513 0.0102061 0.00834673 0.0107861 0.0131176 0.00871923 0.00860026 0.0143163 
0.00840184 0.283027 0.00893151 0.0284433 0.00351776 0.00323084 0 0.00329672 0.00324959 0.0032467 0.00328242 0.0034351 0.0168926 0.00892505 0.044244 0.0100631 0.00885309 0.0164257 0.00862945 0.0120474 0.0123732 0.00881613 0.00979601 
0.261448 0.00830645 0.0481094 0.00939827 0.00465003 0.0032092 0.00329672 0 0.00320389 0.00322111 0.00332515 0.00319184 0.00755221 0.0437661 0.00932746 0.287105 0.0185698 0.00833584 0.0172313 0.00891628 0.0088454 0.00925268 0.0100749 
0.0124982 0.0434838 0.00912506 0.0424413 0.00346864 0.00320992 0.00324959 0.00320389 0 0.00319783 0.00322193 0.00337326 0.021173 0.00822669 0.278388 0.0257408 0.00873425 0.0118672 0.00842945 0.0111316 0.0129507 0.00853957 0.00993977 
0.0148778 0.0155037 0.019569 0.0140626 0.00357637 0.00327158 0.0032467 0.00322111 0.00319783 0 0.00318552 0.00316444 0.00915921 0.0233059 0.0671573 0.0133948 0.00881652 0.0091523 0.00914231 0.00909543 0.00970431 0.00867484 0.00946361 
0.0179712 0.0124196 0.047058 0.0115961 0.00463648 0.00348738 0.00328242 0.00332515 0.00322193 0.00318552 0 0.00314656 0.0103229 0.56044 0.0157034 0.0130792 0.0101067 0.00904045 0.0165179 0.00908533 0.0103286 0.0129674 0.00892328 
0.0282325 0.02178 0.00978889 0.0341733 0.00688181 0.00441015 0.0034351 0.00319184 0.00337326 0.00316444 0.00314656 0 0.567608 0.00896122 0.0121338 0.0155 0.0119877 0.0105565 0.00861535 0.0140732 0.05967 0.00868813 0.0106165 
0.0149584 0.0459913 0.0131387 0.0664626 0.0105122 0.00909093 0.0168926 0.00755221 0.021173 0.00915921 0.0103229 0.567608 0 0.00323231 0.00338814 0.00378994 0.0241821 0.0200774 0.00975411 0.296356 0.0163086 0.00966504 0.0267184 
0.0164506 0.0118876 0.15404 0.010233 0.0106939 0.0134967 0.00892505 0.0437661 0.00822669 0.0233059 0.56044 0.00896122 0.00323231 0 0.00319893 0.00334169 0.0565282 0.012569 0.414408 0.00985622 0.00928512 0.0173281 0.011996 
0.0102247 0.125779 0.0106172 0.028946 0.00863806 0.00856584 0.044244 0.00932746 0.278388 0.0671573 0.0157034 0.0121338 0.00338814 0.00319893 0 0.00317242 0.00898339 0.493919 0.0111497 0.0171112 0.0247776 0.0141166 0.0108643 
0.0612315 0.00966309 0.0184574 0.0161515 0.0158712 0.0413513 0.0100631 0.287105 0.0257408 0.0133948 0.0130792 0.0155 0.00378994 0.00334169 0.00317242 0 0.511754 0.00833182 0.0613173 0.0219697 0.014193 0.0105711 0.0134817 
0.013798 0.0093072 0.0134825 0.0114037 0.0119963 0.0102061 0.00885309 0.0185698 0.00873425 0.00881652 0.0101067 0.0119877 0.0241821 0.0565282 0.00898339 0.511754 0 0.00856742 0.00337212 0.00449078 0.00430877 0.00445086 0.0196574 
0.00807342 0.0198103 0.00885068 0.012099 0.00822343 0.00834673 0.0164257 0.00833584 0.0118672 0.0091523 0.00904045 0.0105565 0.0200774 0.012569 0.493919 0.00833182 0.00856742 0 0.00340565 0.00320199 0.00350638 0.00414136 0.0123473 
0.00996572 0.00944453 0.0222271 0.00853735 0.00898579 0.0107861 0.00862945 0.0172313 0.00842945 0.00914231 0.0165179 0.00861535 0.00975411 0.414408 0.0111497 0.0613173 0.00337212 0.00340565 0 0.00315645 0.00334408 0.00635276 0.00614683 
0.0154429 0.0144758 0.00929743 0.017624 0.0135782 0.0131176 0.0120474 0.00891628 0.0111316 0.00909543 0.00908533 0.0140732 0.296356 0.00985622 0.0171112 0.0219697 0.00449078 0.00320199 0.00315645 0 0.0154678 0.00333133 0.00448477 
0.0088218 0.0158393 0.0108952 0.0715377 0.0109785 0.00871923 0.0123732 0.0088454 0.0129507 0.00970431 0.0103286 0.05967 0.0163086 0.00928512 0.0247776 0.014193 0.00430877 0.00350638 0.00334408 0.0154678 0 0.00321034 0.0035255 
0.00878543 0.00909999 0.0294 0.00897753 0.00910238 0.00860026 0.00881613 0.00925268 0.00853957 0.00867484 0.0129674 0.00868813 0.00966504 0.0173281 0.0141166 0.0105711 0.00445086 0.00414136 0.00635276 0.00333133 0.00321034 0 0.00327233 
0.0142456 0.0126985 0.00894798 0.0103661 0.0103223 0.0143163 0.00979601 0.0100749 0.00993977 0.00946361 0.00892328 0.0106165 0.0267184 0.011996 0.0108643 0.0134817 0.0196574 0.0123473 0.00614683 0.00448477 0.0035255 0.00327233 0 
