1JCLA
HMTDLKASSLRALKLMDLTTLNDDDTDEKVIALCHQAKTPVGNTAAICIYPRFIPIARKTLKEQGTPEIRIATVTNFPHGNDDIDIALAETRAAIAYGADEVDVVFPYRALMAGNEQVGFDLVKACKEACAAANVLLKVIIETGELKDEALIRKASEISIKAGADFIKTSTGKVAVNATPESARIMMEVIRDMGVEKTVGFKPAGGVRTAEDAQKYLAIADELFGADWADARHYRFGASSLLASLLKALGHG
CCCHHHHHHHHHHHCEEEECCCCCCCHHHHHHHHHHCEECCEECCEEECCHHHHHHHHHHHHHCCCCCCEEEEEECCCCCCCCHHHHHHHHHHHHHHCCCEEEEECCHHHHHCCCCHHHHHHHHHHHHHHHHCCCEEEEECCHHHHCCHHHHHHHHHHHHHCCCCEEECCCCCCCCCCCHHHHHHHHHHHHHHCCCCCCEEECECCCCCHHHHHHHHHHHHHHHCCCCCCCCCECEEECCCHHHHHHHCCCC
0 0 0 0 0 0 0 0 0 0 0 0 0 0 0 0 0 0 0 0 0 0 0 0 0 0 0 0 0 0 0 0 0 0 0 0 0 0 0 0 0 0 0 0 0 0 0 0 0 0 0 0 0 0 0 0 0 0 0 0 0 0 0 0 0 0 0 0 0 0 0 0 0 0 0 0 0 0 0 0 0 0 0 0 0 0 0 0 0 0 0 0 0 0 0 0 0 0 0 0 0 0 0 0 0 0 0 0 0 0 0 0 0 0 0 0 0 0 0 0 0 0 0 0 0 0 0 0 0 0 0 0 0 0 0 0 0 0 0 0 0 0 0 0 0 0 0 0 0 0 0 0 0 0 0 0 0 0 0 0 0 0 0 0 0 0 0 0 0 0 0 0 0 0 0 0 0 0 0 0 0 0 0 0 0 0 0 0 0 0 0 0 0 0 0 0 0 0 0 0 0 0 0 0 0 0 0 0 0 0 0 0 0 0 0 0 0 0 0 0 0 0 0 0 0 0 0 0 0 0 0 0 0 0 0 0 0 0 0 0 0 0 0 0 0 0 0 0 0 0 0 0 
0 0 0 0 0 0 0 0 0 0 0 0 0 0 0 0 0 0 0 0 0 0 0 0 0 0 0 0 0 0 0 0 0 0 0 0 0 0 0 0 0 0 0 0 0 0 0 0 0 0 0 0 0 0 0 0 0 0 0 0 0 0 0 0 0 0 0 0 0 0 0 0 0 0 0 0 0 0 0 0 0 0 0 0 0 0 0 0 0 0 0 0 0 0 0 0 0 0 0 0 0 0 0 0 0 0 0 0 0 0 0 0 0 0 0 0 0 0 0 0 0 0 0 0 0 0 0 0 0 0 0 0 0 0 0 0 0 0 0 0 0 0 0 0 0 0 0 0 0 0 0 0 0 0 0 0 0 0 0 0 0 0 0 0 0 0 0 0 0 0 0 0 0 0 0 0 0 0 0 0 0 0 0 0 0 0 0 0 0 0 0 0 0 0 0 0 0 0 0 0 0 0 0 0 0 0 0 0 0 0 0 0 0 0 0 0 0 0 0 0 0 0 0 0 0 0 0 0 0 0 0 0 0 0 0 0 0 0 0 0 0 0 0 0 0 0 0 0 0 0 0 0 
0 0.00317114 0.00316531 0.00384348 0.0232844 0.0304781 0.00954362 0.015861 0.0202885 0.0173364 0.0291758 0.016297 0.0138804 0.0121015 0.0122224 0.0113342 0.0187266 0.0120686 0.0094644 0.00920299 0.0122723 0.0125234 0.00843844 0.00878327 0.00937172 0.00969945 0.0112995 0.00881362 0.00818311 0.00939956 0.00806965 0.00810605 0.008058 0.00821502 0.00842493 0.00830057 0.00812989 0.00831481 
0.00317114 0 0.00320118 0.00317823 0.0358136 0.0146866 0.00951343 0.0110288 0.0650299 0.0495744 0.0458542 0.0142437 0.0184254 0.0268609 0.0442374 0.0204424 0.0142896 0.0107137 0.0111323 0.0315059 0.0199399 0.011489 0.00876968 0.00928183 0.0119537 0.0131558 0.00985351 0.00861872 0.00932997 0.00838684 0.00825795 0.00844144 0.00808779 0.00812722 0.00803861 0.00838291 0.0083158 0.00815221 
0.00316531 0.00320118 0 0.0032967 0.0156097 0.0219447 0.0118157 0.0120191 0.0172205 0.345853 0.0233609 0.0103301 0.0297719 0.022044 0.0237285 0.0652229 0.0137294 0.00978671 0.0194751 0.0140162 0.0494613 0.0108622 0.00869311 0.0112608 0.0110561 0.0152749 0.00992347 0.00899143 0.00930974 0.00841861 0.0083174 0.00843214 0.00809009 0.00843064 0.00802928 0.00819688 0.0082355 0.00805121 
0.00384348 0.00317823 0.0032967 0 0.0184356 0.021403 0.0136027 0.0283655 0.0732507 0.0180493 0.288078 0.0225075 0.0118474 0.0139311 0.0163735 0.0137408 0.0398872 0.014342 0.00964033 0.0106884 0.0117155 0.0205051 0.0109014 0.00918129 0.00981549 0.0101362 0.0111283 0.0106085 0.00872057 0.0089193 0.00869615 0.00817991 0.00813004 0.00883401 0.00886328 0.00831442 0.0081246 0.00822599 
0.0232844 0.0358136 0.0156097 0.0184356 0 0.00401704 0.00490036 0.953967 0.0048297 0.0119192 0.0113131 0.036453 0.00969959 0.00936389 0.0120156 0.0103823 0.0158358 0.0103449 0.00832729 0.00896055 0.00927472 0.0115735 0.00959851 0.00811471 0.00862914 0.00882452 0.0101834 0.00832077 0.00844146 0.00874011 0.00836789 0.00803591 0.00799486 0.00818755 0.00853331 0.00792368 0.00796868 0.00834577 
0.0304781 0.0146866 0.0219447 0.021403 0.00401704 0 0.988005 0.0037904 0.00857168 0.0161752 0.00969184 0.0124135 0.0138912 0.00909594 0.00891737 0.0115023 0.0104245 0.0114282 0.0105486 0.00846677 0.00938522 0.00930056 0.00983198 0.00912948 0.00813797 0.00921306 0.00850981 0.00999902 0.00856645 0.00815355 0.0084334 0.00798893 0.00796756 0.00824795 0.0088649 0.00827545 0.00799856 0.0080758 
0.00954362 0.00951343 0.0118157 0.0136027 0.00490036 0.988005 0 0.00603487 0.00401437 0.00508342 0.00629905 0.0249895 0.011382 0.0088833 0.0089038 0.00983112 0.0120073 0.00894216 0.00846656 0.00845285 0.00896634 0.0101618 0.00843156 0.00818001 0.00808201 0.0085739 0.00896164 0.00813968 0.00836743 0.00811545 0.0079128 0.00786001 0.00781792 0.00795729 0.00812509 0.00791867 0.00785784 0.00823808 
0.015861 0.0110288 0.0120191 0.0283655 0.953967 0.0037904 0.00603487 0 0.00536228 0.0049596 0.00382495 0.0184361 0.0122578 0.0102821 0.00952364 0.0138763 0.0153282 0.010215 0.00875205 0.00857453 0.00963443 0.0111244 0.00945868 0.00830923 0.00812389 0.00891731 0.00955347 0.00898767 0.00822096 0.008465 0.00826645 0.00791465 0.00792955 0.00845539 0.00829455 0.00807668 0.00796355 0.00811559 
0.0202885 0.0650299 0.0172205 0.0732507 0.0048297 0.00857168 0.00401437 0.00536228 0 0.00350625 0.00345912 0.674837 0.0372141 0.0624013 0.0435779 0.0205566 0.0312421 0.0245011 0.0141083 0.0174657 0.0173118 0.0319209 0.0115885 0.0121645 0.0155644 0.0167427 0.0200206 0.0127559 0.0103288 0.0116897 0.00884863 0.00867923 0.00847617 0.00854525 0.00909177 0.00882278 0.00837146 0.00871321 
0.0173364 0.0495744 0.345853 0.0180493 0.0119192 0.0161752 0.00508342 0.0049596 0.00350625 0 0.00331366 0.0219161 0.475858 0.0393155 0.077157 0.196805 0.0234866 0.0125288 0.0321561 0.0174832 0.0911326 0.0161568 0.0101442 0.0175994 0.0154914 0.047637 0.0132957 0.0110981 0.0134173 0.010214 0.00842241 0.0093001 0.00823565 0.00817462 0.00809969 0.00831248 0.00861587 0.00815522 
0.0291758 0.0458542 0.0233609 0.288078 0.0113131 0.00969184 0.00629905 0.00382495 0.00345912 0.00331366 0 0.0395332 0.0166652 0.202123 0.0419817 0.136356 0.273991 0.0200481 0.0131073 0.01758 0.0192476 0.0633079 0.0141618 0.0115338 0.0143827 0.0165929 0.0257958 0.0138148 0.0100608 0.0108324 0.0107057 0.00881238 0.00821115 0.00890822 0.00873555 0.00915469 0.00830282 0.00824839 
0.016297 0.0142437 0.0103301 0.0225075 0.036453 0.0124135 0.0249895 0.0184361 0.674837 0.0219161 0.0395332 0 0.00326717 0.00328078 0.00341476 0.00330243 0.00437671 0.165018 0.0117499 0.0212339 0.0127592 0.0251274 0.0267212 0.00938347 0.0168205 0.0131982 0.0220909 0.0132532 0.00920213 0.0128178 0.0097548 0.0081229 0.00873452 0.00902705 0.00951081 0.00981901 0.00830959 0.0086618 
0.0138804 0.0184254 0.0297719 0.0118474 0.00969959 0.0138912 0.011382 0.0122578 0.0372141 0.475858 0.0166652 0.00326717 0 0.0031967 0.00321131 0.0033185 0.0032271 0.0663764 0.171536 0.0147161 0.0577397 0.0146025 0.0114392 0.0420945 0.0154578 0.0496129 0.0130353 0.0147643 0.0132619 0.00966708 0.00860034 0.0103958 0.00834354 0.0083644 0.00813581 0.00855334 0.00862031 0.00856887 
0.0121015 0.0268609 0.022044 0.0139311 0.00936389 0.00909594 0.0088833 0.0102821 0.0624013 0.0393155 0.202123 0.00328078 0.0031967 0 0.00321797 0.00318669 0.00326567 0.171903 0.0528937 0.128795 0.0353442 0.0174435 0.0103656 0.02393 0.0492541 0.0396734 0.0175444 0.0125895 0.0114256 0.00982268 0.00903577 0.00915453 0.00844179 0.00832214 0.00838024 0.00899689 0.00868253 0.00823449 
0.0122224 0.0442374 0.0237285 0.0163735 0.0120156 0.00891737 0.0089038 0.00952364 0.0435779 0.077157 0.0419817 0.00341476 0.00321131 0.00321797 0 0.00320734 0.00319385 0.0429379 0.150976 0.202544 0.065622 0.0222049 0.0132681 0.0166893 0.0901813 0.0389447 0.0215359 0.0130866 0.0123221 0.0112978 0.00955274 0.0093621 0.00951478 0.00836714 0.00877259 0.00965791 0.008727 0.00824136 
0.0113342 0.0204424 0.0652229 0.0137408 0.0103823 0.0115023 0.00983112 0.0138763 0.0205566 0.196805 0.136356 0.00330243 0.0033185 0.00318669 0.00320734 0 0.00336133 0.0239287 0.0631642 0.188719 0.220434 0.0595362 0.0123276 0.0318308 0.0173372 0.0797976 0.0179832 0.0112841 0.0187929 0.0100649 0.00863355 0.0107112 0.00834714 0.0082554 0.00811465 0.00909591 0.00836442 0.00813496 
0.0187266 0.0142896 0.0137294 0.0398872 0.0158358 0.0104245 0.0120073 0.0153282 0.0312421 0.0234866 0.273991 0.00437671 0.0032271 0.00326567 0.00319385 0.00336133 0 0.0237263 0.0213955 0.0306459 0.242479 0.241001 0.0196642 0.0114718 0.0145065 0.0205006 0.0443134 0.0198236 0.0108601 0.0134237 0.0106912 0.00870836 0.00861883 0.00998282 0.00960942 0.00991579 0.00829942 0.00847166 
0.0120686 0.0107137 0.00978671 0.014342 0.0103449 0.0114282 0.00894216 0.010215 0.0245011 0.0125288 0.0200481 0.165018 0.0663764 0.171903 0.0429379 0.0239287 0.0237263 0 0.00321275 0.00318026 0.00316733 0.00415676 0.767151 0.0133644 0.0384874 0.0157586 0.0351847 0.0196435 0.0106803 0.0171093 0.0114395 0.00904216 0.00963603 0.00944408 0.0105884 0.00905306 0.0084836 0.00893096 
0.0094644 0.0111323 0.0194751 0.00964033 0.00832729 0.0105486 0.00846656 0.00875205 0.0141083 0.0321561 0.0131073 0.0117499 0.171536 0.0528937 0.150976 0.0631642 0.0213955 0.00321275 0 0.00315457 0.00320869 0.00324281 0.0273774 0.798314 0.0152188 0.132847 0.0135826 0.0211417 0.0174631 0.0110385 0.00878183 0.0105284 0.00838513 0.00832376 0.00824118 0.00879983 0.00875343 0.00856157 
0.00920299 0.0315059 0.0140162 0.0106884 0.00896055 0.00846677 0.00845285 0.00857453 0.0174657 0.0174832 0.01758 0.0212339 0.0147161 0.128795 0.202544 0.188719 0.0306459 0.00318026 0.00315457 0 0.00318652 0.00319793 0.0651602 0.0214519 0.793909 0.0273867 0.0394583 0.0153184 0.0144436 0.0123025 0.00989761 0.00929897 0.010086 0.00809768 0.00824685 0.0100805 0.00871622 0.00840647 
0.0122723 0.0199399 0.0494613 0.0117155 0.00927472 0.00938522 0.00896634 0.00963443 0.0173118 0.0911326 0.0192476 0.0127592 0.0577397 0.0353442 0.065622 0.220434 0.242479 0.00316733 0.00320869 0.00318652 0 0.0033963 0.0206567 0.175815 0.0421252 0.805062 0.031365 0.0237582 0.0381499 0.0143955 0.0107514 0.019942 0.00945513 0.00921399 0.00911822 0.0110075 0.00936144 0.00902447 
0.0125234 0.011489 0.0108622 0.0205051 0.0115735 0.00930056 0.0101618 0.0111244 0.0319209 0.0161568 0.0633079 0.0251274 0.0146025 0.0174435 0.0222049 0.0595362 0.241001 0.00415676 0.00324281 0.00319793 0.0033963 0 0.0355053 0.0195201 0.069374 0.062615 0.752924 0.0264855 0.0153054 0.0323255 0.0146954 0.0100563 0.00960543 0.012077 0.0105108 0.0110482 0.00893604 0.0090279 
0.00843844 0.00876968 0.00869311 0.0109014 0.00959851 0.00983198 0.00843156 0.00945868 0.0115885 0.0101442 0.0141618 0.0267212 0.0114392 0.0103656 0.0132681 0.0123276 0.0196642 0.767151 0.0273774 0.0651602 0.0206567 0.0355053 0 0.00328864 0.00331689 0.00335409 0.00374519 0.10537 0.0130902 0.0291937 0.0147035 0.0099625 0.0127545 0.0122825 0.0105833 0.010071 0.00990179 0.0116122 
0.00878327 0.00928183 0.0112608 0.00918129 0.00811471 0.00912948 0.00818001 0.00830923 0.0121645 0.0175994 0.0115338 0.00938347 0.0420945 0.02393 0.0166893 0.0318308 0.0114718 0.0133644 0.798314 0.0214519 0.175815 0.0195201 0.00328864 0 0.00320151 0.00327359 0.00326977 0.0690838 0.0650082 0.0127437 0.0120325 0.0223247 0.00955444 0.0092119 0.00993731 0.0111788 0.010257 0.00939362 
0.00937172 0.0119537 0.0110561 0.00981549 0.00862914 0.00813797 0.00808201 0.00812389 0.0155644 0.0154914 0.0143827 0.0168205 0.0154578 0.0492541 0.0901813 0.0173372 0.0145065 0.0384874 0.0152188 0.793909 0.0421252 0.069374 0.00331689 0.00320151 0 0.00318359 0.00319331 0.485782 0.0222745 0.0260639 0.0151635 0.0121758 0.0127914 0.00902026 0.00872932 0.0139728 0.0109922 0.00883733 
0.00969945 0.0131558 0.0152749 0.0101362 0.00882452 0.00921306 0.0085739 0.00891731 0.0167427 0.047637 0.0165929 0.0131982 0.0496129 0.0396734 0.0389447 0.0797976 0.0205006 0.0157586 0.132847 0.0273867 0.805062 0.062615 0.00335409 0.00327359 0.00318359 0 0.00358282 0.0380808 0.75179 0.0310916 0.0203846 0.0480736 0.0113151 0.0121787 0.0114291 0.0158421 0.0148684 0.0093543 
0.0112995 0.00985351 0.00992347 0.0111283 0.0101834 0.00850981 0.00896164 0.00955347 0.0200206 0.0132957 0.0257958 0.0220909 0.0130353 0.0175444 0.0215359 0.0179832 0.0443134 0.0351847 0.0135826 0.0394583 0.031365 0.752924 0.00374519 0.00326977 0.00319331 0.00358282 0 0.0442523 0.0343442 0.701056 0.031593 0.015963 0.014008 0.0209545 0.0152896 0.0164069 0.0109007 0.0108438 
0.00881362 0.00861872 0.00899143 0.0106085 0.00832077 0.00999902 0.00813968 0.00898767 0.0127559 0.0110981 0.0138148 0.0132532 0.0147643 0.0125895 0.0130866 0.0112841 0.0198236 0.0196435 0.0211417 0.0153184 0.0237582 0.0264855 0.10537 0.0690838 0.485782 0.0380808 0.0442523 0 0.00344664 0.00326135 0.681778 0.0217198 0.0484251 0.0143664 0.0216173 0.0169836 0.0123249 0.0241256 
0.00818311 0.00932997 0.00930974 0.00872057 0.00844146 0.00856645 0.00836743 0.00822096 0.0103288 0.0134173 0.0100608 0.00920213 0.0132619 0.0114256 0.0123221 0.0187929 0.0108601 0.0106803 0.0174631 0.0144436 0.0381499 0.0153054 0.0130902 0.0650082 0.0222745 0.75179 0.0343442 0.00344664 0 0.00351518 0.0193547 0.81103 0.0128506 0.0183969 0.0108076 0.0108521 0.0342869 0.00956463 
0.00939956 0.00838684 0.00841861 0.0089193 0.00874011 0.00815355 0.00811545 0.008465 0.0116897 0.010214 0.0108324 0.0128178 0.00966708 0.00982268 0.0112978 0.0100649 0.0134237 0.0171093 0.0110385 0.0123025 0.0143955 0.0323255 0.0291937 0.0127437 0.0260639 0.0310916 0.701056 0.00326135 0.00351518 0 0.073132 0.0218827 0.365929 0.0486048 0.0179244 0.0224126 0.0103047 0.0137912 
0.00806965 0.00825795 0.0083174 0.00869615 0.00836789 0.0084334 0.0079128 0.00826645 0.00884863 0.00842241 0.0107057 0.0097548 0.00860034 0.00903577 0.00955274 0.00863355 0.0106912 0.0114395 0.00878183 0.00989761 0.0107514 0.0146954 0.0147035 0.0120325 0.0151635 0.0203846 0.031593 0.681778 0.0193547 0.073132 0 0.00331113 0.00361556 0.00571898 0.0765151 0.018728 0.0167741 0.0273064 
0.00810605 0.00844144 0.00843214 0.00817991 0.00803591 0.00798893 0.00786001 0.00791465 0.00867923 0.0093001 0.00881238 0.0081229 0.0103958 0.00915453 0.0093621 0.0107112 0.00870836 0.00904216 0.0105284 0.00929897 0.019942 0.0100563 0.0099625 0.0223247 0.0121758 0.0480736 0.015963 0.0217198 0.81103 0.0218827 0.00331113 0 0.00323247 0.00327477 0.0468724 0.0226656 0.0951036 0.0144024 
0.008058 0.00808779 0.00809009 0.00813004 0.00799486 0.00796756 0.00781792 0.00792955 0.00847617 0.00823565 0.00821115 0.00873452 0.00834354 0.00844179 0.00951478 0.00834714 0.00861883 0.00963603 0.00838513 0.010086 0.00945513 0.00960543 0.0127545 0.00955444 0.0127914 0.0113151 0.014008 0.0484251 0.0128506 0.365929 0.00361556 0.00323247 0 0.00345297 0.0174057 0.0520361 0.0155184 0.014207 
0.00821502 0.00812722 0.00843064 0.00883401 0.00818755 0.00824795 0.00795729 0.00845539 0.00854525 0.00817462 0.00890822 0.00902705 0.0083644 0.00832214 0.00836714 0.0082554 0.00998282 0.00944408 0.00832376 0.00809768 0.00921399 0.012077 0.0122825 0.0092119 0.00902026 0.0121787 0.0209545 0.0143664 0.0183969 0.0486048 0.00571898 0.00327477 0.00345297 0 0.201205 0.0169654 0.0459716 0.0512506 
0.00842493 0.00803861 0.00802928 0.00886328 0.00853331 0.0088649 0.00812509 0.00829455 0.00909177 0.00809969 0.00873555 0.00951081 0.00813581 0.00838024 0.00877259 0.00811465 0.00960942 0.0105884 0.00824118 0.00824685 0.00911822 0.0105108 0.0105833 0.00993731 0.00872932 0.0114291 0.0152896 0.0216173 0.0108076 0.0179244 0.0765151 0.0468724 0.0174057 0.201205 0 0.00384074 0.00379645 0.00894817 
0.00830057 0.00838291 0.00819688 0.00831442 0.00792368 0.00827545 0.00791867 0.00807668 0.00882278 0.00831248 0.00915469 0.00981901 0.00855334 0.00899689 0.00965791 0.00909591 0.00991579 0.00905306 0.00879983 0.0100805 0.0110075 0.0110482 0.010071 0.0111788 0.0139728 0.0158421 0.0164069 0.0169836 0.0108521 0.0224126 0.018728 0.0226656 0.0520361 0.0169654 0.00384074 0 0.00317466 0.00330312 
0.00812989 0.0083158 0.0082355 0.0081246 0.00796868 0.00799856 0.00785784 0.00796355 0.00837146 0.00861587 0.00830282 0.00830959 0.00862031 0.00868253 0.008727 0.00836442 0.00829942 0.0084836 0.00875343 0.00871622 0.00936144 0.00893604 0.00990179 0.010257 0.0109922 0.0148684 0.0109007 0.0123249 0.0342869 0.0103047 0.0167741 0.0951036 0.0155184 0.0459716 0.00379645 0.00317466 0 0.00341372 
0.00831481 0.00815221 0.00805121 0.00822599 0.00834577 0.0080758 0.00823808 0.00811559 0.00871321 0.00815522 0.00824839 0.0086618 0.00856887 0.00823449 0.00824136 0.00813496 0.00847166 0.00893096 0.00856157 0.00840647 0.00902447 0.0090279 0.0116122 0.00939362 0.00883733 0.0093543 0.0108438 0.0241256 0.00956463 0.0137912 0.0273064 0.0144024 0.014207 0.0512506 0.00894817 0.00330312 0.00341372 0 
