1JJ2N
SKTNPRLSSLIADLKSAARSSGGAVWGDVAERLEKPRRTHAEVNLGRIERYAQEDETVVVPGKVLGSGVLQKDVTVAAVDFSGTAETKIDQVGEAVSLEQAIENNPEGSHVRVIR
CCCCHHHHHHHHHHHHHHHHCCCCHHHHHHHHHHCCHHHCEEEEHHHHHHHCCCCCEEEEEEEEECCCCCCCCCEEEEEEECHHHHHHHHHHCEEEEHHHHHHHCCCCCCEEECC
0 0 0 0 0 0 0 0 0 0 0 0 0 0 0 0 0 0 0 0 0 0 0 0 0 0 0 0 0 0 0 0 0 0 0 0 0 0 0 0 0 0 0 0 0 0 0 0 0 0 0 0 0 0 0 0 0 0 0 0 0 0 0 0 0 0 0 0 0 0 0 0 0 0 0 0 0 0 0 0 0 0 0 0 0 0 0 0 0 0 0 0 0 0 0 0 0 0 0 0 0 0 0 0 0 0 0 0 0 0 0 0 0 0 0 
0 0 0 0 0 0 0 0 0 0 0 0 0 0 0 0 0 0 0 0 0 0 0 0 0 0 0 0 0 0 0 0 0 0 0 0 0 0 0 0 0 0 0 0 0 0 0 0 0 0 0 0 0 0 0 0 0 0 0 0 0 0 0 0 0 0 0 0 0 0 0 0 0 0 0 0 0 0 0 0 0 0 0 0 0 0 0 0 0 0 0 0 0 0 0 0 0 0 0 0 0 0 0 0 0 0 0 0 0 0 0 0 0 0 0 
0 0.00319207 0.00378132 0.00342593 0.0115532 0.0151154 0.0194969 0.0110165 0.0101017 0.0291215 0.00882363 0.0202942 0.0149165 0.0121408 0.019009 0.0108131 0.012371 0.0108217 0.00881712 0.0418758 0.00899306 0.00914743 0.0123896 0.0134422 0.0144679 0.00828213 0.0143988 
0.00319207 0 0.00317921 0.00324341 0.0169557 0.0210447 0.0419434 0.0120858 0.0160633 0.00864173 0.0668975 0.00877409 0.0122636 0.0234787 0.0114407 0.0359482 0.0114358 0.00907475 0.0385021 0.0086868 0.0113504 0.0102166 0.00935987 0.0124609 0.0082528 0.0204199 0.00861396 
0.00378132 0.00317921 0 0.00315446 0.00870283 0.0526266 0.0104384 0.0186051 0.0086519 0.0181173 0.00837414 0.0861126 0.00873439 0.00963873 0.0529209 0.0094719 0.012858 0.0164189 0.00867502 0.0150583 0.00887058 0.0114909 0.0132418 0.00844663 0.0250384 0.00864706 0.00926824 
0.00342593 0.00324341 0.00315446 0 0.0430228 0.00678661 0.00945958 0.00675795 0.00720786 0.00631314 0.0143086 0.00728276 0.0586925 0.0592527 0.00948853 0.0120564 0.0119716 0.00858683 0.0140608 0.0103514 0.0399712 0.00940886 0.00875665 0.0259686 0.0113638 0.00967615 0.00912574 
0.0115532 0.0169557 0.00870283 0.0430228 0 0.0033736 0.00327062 0.0032289 0.00331026 0.00329196 0.00401484 0.00393723 0.0103596 0.0852822 0.0108987 0.0205184 0.013088 0.00964231 0.0129898 0.0231683 0.0206453 0.0101496 0.0106704 0.0381772 0.0118378 0.0102366 0.0192141 
0.0151154 0.0210447 0.0526266 0.00678661 0.0033736 0 0.00326719 0.00328612 0.00321464 0.00333145 0.00334915 0.00719888 0.00430578 0.0159071 0.217201 0.0123203 0.0219949 0.015532 0.0128471 0.016633 0.00963556 0.0249219 0.0189052 0.0109184 0.0138799 0.0127361 0.011216 
0.0194969 0.0419434 0.0104384 0.00945958 0.00327062 0.00326719 0 0.0032226 0.00318583 0.00320645 0.00324194 0.00332518 0.00374899 0.0208915 0.0111855 0.138282 0.0197602 0.043572 0.0178122 0.0106271 0.0127998 0.0182666 0.0118858 0.0116222 0.0108693 0.012551 0.010879 
0.0110165 0.0120858 0.0186051 0.00675795 0.0032289 0.00328612 0.0032226 0 0.00315688 0.00317136 0.00320246 0.00340833 0.00327979 0.00888104 0.0200898 0.0127696 0.150043 0.0188242 0.0150386 0.0105088 0.00935761 0.0130073 0.0115889 0.00965979 0.00974079 0.00935018 0.00998404 
0.0101017 0.0160633 0.0086519 0.00720786 0.00331026 0.00321464 0.00318583 0.00315688 0 0.00315588 0.00318929 0.00318161 0.00318935 0.00936224 0.0091238 0.0219223 0.011108 0.0311366 0.0143297 0.00972179 0.0102224 0.0100873 0.0104801 0.0100474 0.00908164 0.00982892 0.00895554 
0.0291215 0.00864173 0.0181173 0.00631314 0.00329196 0.00333145 0.00320645 0.00317136 0.00315588 0 0.00316726 0.00318639 0.00316996 0.0095105 0.0287796 0.0101194 0.0332806 0.0205165 0.00955005 0.0177183 0.00880025 0.0123681 0.0117338 0.00916468 0.0123757 0.00871164 0.0102924 
0.00882363 0.0668975 0.00837414 0.0143086 0.00401484 0.00334915 0.00324194 0.00320246 0.00318929 0.00316726 0 0.00326936 0.00320691 0.0323937 0.0120044 0.0758127 0.0198663 0.0111027 0.0536269 0.00773194 0.015497 0.01026 0.00913134 0.0135581 0.00854071 0.0118088 0.00907758 
0.0202942 0.00877409 0.0861126 0.00728276 0.00393723 0.00719888 0.00332518 0.00340833 0.00318161 0.00318639 0.00326936 0 0.00323156 0.00865818 0.121205 0.014171 0.0208583 0.0222125 0.00872984 0.0290889 0.00891464 0.0110507 0.0165373 0.00861146 0.0145404 0.00964691 0.00947538 
0.0149165 0.0122636 0.00873439 0.0586925 0.0103596 0.00430578 0.00374899 0.00327979 0.00318935 0.00316996 0.00320691 0.00323156 0 0.0857279 0.00968227 0.015843 0.0156522 0.0080663 0.0138747 0.0144452 0.0222036 0.0103871 0.0101877 0.0223784 0.0152215 0.0100379 0.0136106 
0.0121408 0.0234787 0.00963873 0.0592527 0.0852822 0.0159071 0.0208915 0.00888104 0.00936224 0.0095105 0.0323937 0.00865818 0.0857279 0 0.00328554 0.00335124 0.00338475 0.00335792 0.00420165 0.00396578 0.18028 0.0102861 0.0135763 0.0918012 0.0127133 0.0161871 0.023215 
0.019009 0.0114407 0.0529209 0.00948853 0.0108987 0.217201 0.0111855 0.0200898 0.0091238 0.0287796 0.0120044 0.121205 0.00968227 0.00328554 0 0.00322683 0.00328102 0.00326084 0.0032774 0.0035831 0.00926222 0.0984741 0.0266568 0.00974642 0.025388 0.011812 0.0140401 
0.0108131 0.0359482 0.0094719 0.0120564 0.0205184 0.0123203 0.138282 0.0127696 0.0219223 0.0101194 0.0758127 0.014171 0.015843 0.00335124 0.00322683 0 0.0031924 0.00319722 0.00326485 0.00319746 0.01693 0.0175909 0.0418848 0.017428 0.0104218 0.0140346 0.0114009 
0.012371 0.0114358 0.012858 0.0119716 0.013088 0.0219949 0.0197602 0.150043 0.011108 0.0332806 0.0198663 0.0208583 0.0156522 0.00338475 0.00328102 0.0031924 0 0.00316825 0.00317069 0.00326459 0.0108446 0.0171957 0.0334734 0.0411102 0.0120121 0.0107696 0.0113261 
0.0108217 0.00907475 0.0164189 0.00858683 0.00964231 0.015532 0.043572 0.0188242 0.0311366 0.0205165 0.0111027 0.0222125 0.0080663 0.00335792 0.00326084 0.00319722 0.00316825 0 0.00314659 0.00319698 0.00731265 0.0157329 0.020726 0.00785199 0.0109385 0.00890528 0.0102819 
0.00881712 0.0385021 0.00867502 0.0140608 0.0129898 0.0128471 0.0178122 0.0150386 0.0143297 0.00955005 0.0536269 0.00872984 0.0138747 0.00420165 0.0032774 0.00326485 0.00317069 0.00314659 0 0.00317236 0.0140594 0.0262182 0.015751 0.01463 0.0086927 0.0291002 0.00908948 
0.0418758 0.0086868 0.0150583 0.0103514 0.0231683 0.016633 0.0106271 0.0105088 0.00972179 0.0177183 0.00773194 0.0290889 0.0144452 0.00396578 0.0035831 0.00319746 0.00326459 0.00319698 0.00317236 0 0.0133899 0.0104838 0.0324921 0.0100186 0.0595403 0.00888426 0.0171848 
0.00899306 0.0113504 0.00887058 0.0399712 0.0206453 0.00963556 0.0127998 0.00935761 0.0102224 0.00880025 0.015497 0.00891464 0.0222036 0.18028 0.00926222 0.01693 0.0108446 0.00731265 0.0140594 0.0133899 0 0.0032096 0.00319826 0.00433656 0.0099524 0.0108625 0.0550443 
0.00914743 0.0102166 0.0114909 0.00940886 0.0101496 0.0249219 0.0182666 0.0130073 0.0100873 0.0123681 0.01026 0.0110507 0.0103871 0.0102861 0.0984741 0.0175909 0.0171957 0.0157329 0.0262182 0.0104838 0.0032096 0 0.00341038 0.00317322 0.0164037 0.0546643 0.0152165 
0.0123896 0.00935987 0.0132418 0.00875665 0.0106704 0.0189052 0.0118858 0.0115889 0.0104801 0.0117338 0.00913134 0.0165373 0.0101877 0.0135763 0.0266568 0.0418848 0.0334734 0.020726 0.015751 0.0324921 0.00319826 0.00341038 0 0.00317397 0.0406207 0.0172532 0.0157889 
0.0134422 0.0124609 0.00844663 0.0259686 0.0381772 0.0109184 0.0116222 0.00965979 0.0100474 0.00916468 0.0135581 0.00861146 0.0223784 0.0918012 0.00974642 0.017428 0.0411102 0.00785199 0.01463 0.0100186 0.00433656 0.00317322 0.00317397 0 0.0127546 0.00988662 0.0286136 
0.0144679 0.0082528 0.0250384 0.0113638 0.0118378 0.0138799 0.0108693 0.00974079 0.00908164 0.0123757 0.00854071 0.0145404 0.0152215 0.0127133 0.025388 0.0104218 0.0120121 0.0109385 0.0086927 0.0595403 0.0099524 0.0164037 0.0406207 0.0127546 0 0.00359112 0.00504193 
0.00828213 0.0204199 0.00864706 0.00967615 0.0102366 0.0127361 0.012551 0.00935018 0.00982892 0.00871164 0.0118088 0.00964691 0.0100379 0.0161871 0.011812 0.0140346 0.0107696 0.00890528 0.0291002 0.00888426 0.0108625 0.0546643 0.0172532 0.00988662 0.00359112 0 0.00348941 
0.0143988 0.00861396 0.00926824 0.00912574 0.0192141 0.011216 0.010879 0.00998404 0.00895554 0.0102924 0.00907758 0.00947538 0.0136106 0.023215 0.0140401 0.0114009 0.0113261 0.0102819 0.00908948 0.0171848 0.0550443 0.0152165 0.0157889 0.0286136 0.00504193 0.00348941 0 
