1JJ2R
SWDVIKHPHVTEKAMNDMDFQNKLQFAVDDRASKGEVADAVEEQYDVTVEQVNTQNTMDGEKKAVVRLSEDDDAQEVASRI
CCCCEEEECCCHHHHHHHHHHCEEEEEECCCCCHHHHHHHHHHHHCCCEEEEEEEECCCCCEEEEEEECCCCCHHHHHHCC
0 0 0 0 0 0 0 0 0 0 0 0 0 0 0 0 0 0 0 0 0 0 0 0 0 0 0 0 0 0 0 0 0 0 0 0 0 0 0 0 0 0 0 0 0 0 0 0 0 0 0 0 0 0 0 0 0 0 0 0 0 0 0 0 0 0 0 0 0 0 0 0 0 0 0 0 0 0 0 0 0 
0 0 0 0 0 0 0 0 0 0 0 0 0 0 0 0 0 0 0 0 0 0 0 0 0 0 0 0 0 0 0 0 0 0 0 0 0 0 0 0 0 0 0 0 0 0 0 0 0 0 0 0 0 0 0 0 0 0 0 0 0 0 0 0 0 0 0 0 0 0 0 0 0 0 0 0 0 0 0 0 0 
0 0.00330177 0.00327608 0.0052557 0.02167 0.0185261 0.0207255 0.0317454 0.0165234 0.0774411 0.0196953 0.00936697 0.00935732 0.0106819 0.00868549 0.00895152 0.00896315 0.0140519 0.0113726 0.0103623 0.0121261 0.0106735 0.0116852 0.0105017 0.0218314 
0.00330177 0 0.00412117 0.0031701 0.00946207 0.0377754 0.0285543 0.0433905 0.0298372 0.011835 0.00953924 0.0102602 0.0126277 0.00913919 0.00885353 0.00871685 0.00926491 0.00859062 0.00859797 0.0100411 0.0151989 0.0148949 0.0106647 0.014889 0.0087134 
0.00327608 0.00412117 0 0.00317877 0.0099502 0.0268531 0.0576617 0.018705 0.0729482 0.00850685 0.00908048 0.0103994 0.00995793 0.00848632 0.00854437 0.00859773 0.00843465 0.00821829 0.00877223 0.0107612 0.0097743 0.0100583 0.0103872 0.012271 0.00827348 
0.0052557 0.0031701 0.00317877 0 0.0139382 0.0215114 0.0183834 0.0155398 0.00875456 0.018582 0.0344782 0.00848852 0.00841039 0.00934716 0.00827126 0.00835028 0.00848087 0.00838139 0.0136921 0.009137 0.00908973 0.00920365 0.00944232 0.00850905 0.00959079 
0.02167 0.00946207 0.0099502 0.0139382 0 0.00369701 0.00319694 0.00320384 0.0033053 0.00393685 0.0328468 0.0111464 0.0154845 0.00984844 0.0118546 0.00908568 0.00950341 0.0207665 0.0144225 0.021957 0.0110532 0.0133116 0.00929079 0.0254185 0.0167401 
0.0185261 0.0377754 0.0268531 0.0215114 0.00369701 0 0.00318679 0.0031754 0.00331946 0.00340888 0.0524295 0.0451487 0.0114406 0.0422748 0.00874515 0.0131197 0.0197376 0.00899652 0.0103878 0.0148847 0.0578945 0.013488 0.0851355 0.0129422 0.0170385 
0.0207255 0.0285543 0.0576617 0.0183834 0.00319694 0.00318679 0 0.00316315 0.00320044 0.00324134 0.0202499 0.0213735 0.105846 0.0108527 0.0475245 0.0132068 0.00941386 0.0107317 0.0092761 0.022312 0.0286432 0.202306 0.0180014 0.061374 0.00947211 
0.0317454 0.0433905 0.018705 0.0155398 0.00320384 0.0031754 0.00316315 0 0.00317271 0.00319304 0.0456634 0.026477 0.0221245 0.0800552 0.0113589 0.0317142 0.0116969 0.00984306 0.0130024 0.0147267 0.13458 0.0322657 0.104561 0.0141712 0.0147809 
0.0165234 0.0298372 0.0729482 0.00875456 0.0033053 0.00331946 0.00320044 0.00317271 0 0.00321989 0.0190244 0.0274376 0.0310899 0.0116882 0.0226902 0.0108599 0.0369421 0.0124581 0.0107079 0.0503148 0.0241171 0.0399088 0.0154527 0.0910554 0.0106598 
0.0774411 0.011835 0.00850685 0.018582 0.00393685 0.00340888 0.00324134 0.00319304 0.00321989 0 0.0346787 0.0128711 0.0116439 0.0184304 0.00979653 0.0142215 0.0137356 0.0646222 0.0391611 0.01266 0.0174962 0.0129137 0.0173915 0.0135445 0.0478788 
0.0196953 0.00953924 0.00908048 0.0344782 0.0328468 0.0524295 0.0202499 0.0456634 0.0190244 0.0346787 0 0.00328084 0.00322172 0.00355372 0.00334301 0.00333147 0.00391991 0.00526569 0.00940712 0.00858746 0.00964402 0.00852214 0.0127521 0.00972667 0.562254 
0.00936697 0.0102602 0.0103994 0.00848852 0.0111464 0.0451487 0.0213735 0.026477 0.0274376 0.0128711 0.00328084 0 0.0032 0.00316581 0.00319417 0.00325921 0.00394793 0.0033379 0.00636022 0.00758784 0.00834848 0.00971347 0.00911131 0.0875054 0.177967 
0.00935732 0.0126277 0.00995793 0.00841039 0.0154845 0.0114406 0.105846 0.0221245 0.0310899 0.0116439 0.00322172 0.0032 0 0.00314405 0.00315759 0.00325772 0.00328806 0.00327941 0.00673277 0.00755269 0.00956354 0.0138121 0.0234845 0.898145 0.00880949 
0.0106819 0.00913919 0.00848632 0.00934716 0.00984844 0.0422748 0.0108527 0.0800552 0.0116882 0.0184304 0.00355372 0.00316581 0.00314405 0 0.00316683 0.00316189 0.00332198 0.00321909 0.00664824 0.00687353 0.0104073 0.0122446 0.950459 0.00834363 0.00993193 
0.00868549 0.00885353 0.00854437 0.00827126 0.0118546 0.00874515 0.0475245 0.0113589 0.0226902 0.00979653 0.00334301 0.00319417 0.00315759 0.00316683 0 0.00316278 0.00316392 0.00318265 0.00543566 0.00628128 0.0134891 0.93899 0.00801201 0.0109205 0.00686505 
0.00895152 0.00871685 0.00859773 0.00835028 0.00908568 0.0131197 0.0132068 0.0317142 0.0108599 0.0142215 0.00333147 0.00325921 0.00325772 0.00316189 0.00316278 0 0.00315394 0.00315583 0.00479512 0.0107381 0.941672 0.0120789 0.00858002 0.00725411 0.00708474 
0.00896315 0.00926491 0.00843465 0.00848087 0.00950341 0.0197376 0.00941386 0.0116969 0.0369421 0.0137356 0.00391991 0.00394793 0.00328806 0.00332198 0.00316392 0.00315394 0 0.00317547 0.00977126 0.967733 0.0142889 0.00709724 0.00676132 0.00711202 0.00633345 
0.0140519 0.00859062 0.00821829 0.00838139 0.0207665 0.00899652 0.0107317 0.00984306 0.0124581 0.0646222 0.00526569 0.0033379 0.00327941 0.00321909 0.00318265 0.00315583 0.00317547 0 0.978564 0.00877619 0.00490451 0.00561386 0.00540203 0.0072096 0.00786733 
0.0113726 0.00859797 0.00877223 0.0136921 0.0144225 0.0103878 0.0092761 0.0130024 0.0107079 0.0391611 0.00940712 0.00636022 0.00673277 0.00664824 0.00543566 0.00479512 0.00977126 0.978564 0 0.00322185 0.00318179 0.00320341 0.00343873 0.00367351 0.0101138 
0.0103623 0.0100411 0.0107612 0.009137 0.021957 0.0148847 0.022312 0.0147267 0.0503148 0.01266 0.00858746 0.00758784 0.00755269 0.00687353 0.00628128 0.0107381 0.967733 0.00877619 0.00322185 0 0.0031671 0.0031783 0.00318161 0.00473258 0.00346816 
0.0121261 0.0151989 0.0097743 0.00908973 0.0110532 0.0578945 0.0286432 0.13458 0.0241171 0.0174962 0.00964402 0.00834848 0.00956354 0.0104073 0.0134891 0.941672 0.0142889 0.00490451 0.00318179 0.0031671 0 0.00317324 0.00317736 0.00319506 0.00330227 
0.0106735 0.0148949 0.0100583 0.00920365 0.0133116 0.013488 0.202306 0.0322657 0.0399088 0.0129137 0.00852214 0.00971347 0.0138121 0.0122446 0.93899 0.0120789 0.00709724 0.00561386 0.00320341 0.0031783 0.00317324 0 0.00318594 0.00320965 0.00325346 
0.0116852 0.0106647 0.0103872 0.00944232 0.00929079 0.0851355 0.0180014 0.104561 0.0154527 0.0173915 0.0127521 0.00911131 0.0234845 0.950459 0.00801201 0.00858002 0.00676132 0.00540203 0.00343873 0.00318161 0.00317736 0.00318594 0 0.00318042 0.00323022 
0.0105017 0.014889 0.012271 0.00850905 0.0254185 0.0129422 0.061374 0.0141712 0.0910554 0.0135445 0.00972667 0.0875054 0.898145 0.00834363 0.0109205 0.00725411 0.00711202 0.0072096 0.00367351 0.00473258 0.00319506 0.00320965 0.00318042 0 0.00318796 
0.0218314 0.0087134 0.00827348 0.00959079 0.0167401 0.0170385 0.00947211 0.0147809 0.0106598 0.0478788 0.562254 0.177967 0.00880949 0.00993193 0.00686505 0.00708474 0.00633345 0.00786733 0.0101138 0.00346816 0.00330227 0.00325346 0.00323022 0.00318796 0 
