1JJ2W
ERVVTIPLRDARAEPNHKRADKAMILIREHLAKHFSVDEDAVRLDPSINEAAWARGRANTPSKIRVRAARFEEEGEAIVEAE
CEEEEEECHHHHHCCHHHHHHHHHHHHHHHHHHHCCCCHHHEEECHHHHHHHCCCCCCCCCCEEEEEEEEECCCCEEEEECC
0 0 0 0 0 0 0 0 0 0 0 0 0 0 0 0 0 0 0 0 0 0 0 0 0 0 0 0 0 0 0 0 0 0 0 0 0 0 0 0 0 0 0 0 0 0 0 0 0 0 0 0 0 0 0 0 0 0 0 0 0 0 0 0 0 0 0 0 0 0 0 0 0 0 0 0 0 0 0 0 0 0 
0 0 0 0 0 0 0 0 0 0 0 0 0 0 0 0 0 0 0 0 0 0 0 0 0 0 0 0 0 0 0 0 0 0 0 0 0 0 0 0 0 0 0 0 0 0 0 0 0 0 0 0 0 0 0 0 0 0 0 0 0 0 0 0 0 0 0 0 0 0 0 0 0 0 0 0 0 0 0 0 0 0 
0 0.00356105 0.00342894 0.00355582 0.00358394 0.0120713 0.0700612 0.0155535 0.0404711 0.0130513 0.0132475 0.0100846 0.0134587 0.0107444 0.0878181 0.0105841 0.00959832 0.0157002 0.00966555 0.00938854 0.00898731 0.0112713 0.0127245 
0.00356105 0 0.00330628 0.00340323 0.00345258 0.00345086 0.0171568 0.0731262 0.0107155 0.0143126 0.00993906 0.0285143 0.00918161 0.0977779 0.00935663 0.0108057 0.0139603 0.00967039 0.0095537 0.00922433 0.0111063 0.0105198 0.0116792 
0.00342894 0.00330628 0 0.00343152 0.00338429 0.00318538 0.0543679 0.00925676 0.0256227 0.00842943 0.0324748 0.00852042 0.184315 0.00884145 0.031968 0.0128133 0.00873375 0.0103251 0.00839954 0.0152421 0.00892567 0.0210745 0.00885525 
0.00355582 0.00340323 0.00343152 0 0.00317639 0.00335108 0.0123434 0.0458569 0.00902889 0.0172065 0.00850518 0.230536 0.0087336 0.071993 0.00973428 0.0119225 0.0110381 0.00837912 0.0117911 0.00871827 0.0399982 0.00865807 0.0105435 
0.00358394 0.00345258 0.00338429 0.00317639 0 0.00318791 0.0431043 0.0129911 0.0278797 0.00837905 0.166147 0.00842068 0.0508321 0.00858771 0.0166084 0.0113176 0.00869559 0.00987172 0.0089333 0.0235512 0.00846638 0.0164398 0.00827039 
0.0120713 0.00345086 0.00318538 0.00335108 0.00318791 0 0.0135501 0.0214725 0.0169439 0.120581 0.00905022 0.0219354 0.00852602 0.0130883 0.00905004 0.0088241 0.010308 0.00853792 0.0301898 0.00943559 0.0110982 0.00850384 0.0119895 
0.0700612 0.0171568 0.0543679 0.0123434 0.0431043 0.0135501 0 0.0032073 0.00421106 0.0108036 0.0684342 0.00931869 0.0636179 0.0105508 0.0211917 0.0152198 0.0106213 0.0810359 0.0111083 0.0293408 0.00927199 0.0297224 0.0225646 
0.0155535 0.0731262 0.00925676 0.0458569 0.0129911 0.0214725 0.0032073 0 0.00321601 0.0411307 0.0118372 0.0686119 0.00882571 0.0378972 0.0104801 0.0106932 0.0381919 0.00883165 0.0179046 0.00996914 0.0184619 0.0115371 0.0118542 
0.0404711 0.0107155 0.0256227 0.00902889 0.0278797 0.0169439 0.00421106 0.00321601 0 0.0139037 0.0441777 0.00920105 0.0343004 0.00910533 0.0175016 0.0165915 0.00951452 0.0336359 0.0170089 0.0219494 0.00899142 0.0245413 0.0109229 
0.0130513 0.0143126 0.00842943 0.0172065 0.00837905 0.120581 0.0108036 0.0411307 0.0139037 0 0.00344338 0.00333965 0.00320808 0.00401002 0.00325216 0.00356277 0.00947131 0.00739997 0.0136624 0.00694677 0.0122591 0.00854941 0.0509941 
0.0132475 0.00993906 0.0324748 0.00850518 0.166147 0.00905022 0.0684342 0.0118372 0.0441777 0.00344338 0 0.00315885 0.00348834 0.0031853 0.00352656 0.00379756 0.00358355 0.00643485 0.00603562 0.0132494 0.00746011 0.0644375 0.0103563 
0.0100846 0.0285143 0.00852042 0.230536 0.00842068 0.0219354 0.00931869 0.0686119 0.00920105 0.00333965 0.00315885 0 0.00315006 0.00328906 0.00314137 0.00321605 0.00386583 0.00329589 0.00939913 0.00691097 0.026774 0.0073758 0.0121215 
0.0134587 0.00918161 0.184315 0.0087336 0.0508321 0.00852602 0.0636179 0.00882571 0.0343004 0.00320808 0.00348834 0.00315006 0 0.003163 0.0033906 0.00342411 0.0033851 0.00367745 0.00552759 0.0311907 0.00707439 0.0155893 0.0153542 
0.0107444 0.0977779 0.00884145 0.071993 0.00858771 0.0130883 0.0105508 0.0378972 0.00910533 0.00401002 0.0031853 0.00328906 0.003163 0 0.00314989 0.00316915 0.00345472 0.0031907 0.0135871 0.00662796 0.0124722 0.00833131 0.689022 
0.0878181 0.00935663 0.031968 0.00973428 0.0166084 0.00905004 0.0211917 0.0104801 0.0175016 0.00325216 0.00352656 0.00314137 0.0033906 0.00314989 0 0.00315736 0.00319272 0.00333301 0.00457707 0.0109727 0.00864135 0.928864 0.0117885 
0.0105841 0.0108057 0.0128133 0.0119225 0.0113176 0.0088241 0.0152198 0.0106932 0.0165915 0.00356277 0.00379756 0.00321605 0.00342411 0.00316915 0.00315736 0 0.00339472 0.00320901 0.00465808 0.00827041 0.914434 0.0154502 0.00873624 
0.00959832 0.0139603 0.00873375 0.0110381 0.00869559 0.010308 0.0106213 0.0381919 0.00951452 0.00947131 0.00358355 0.00386583 0.0033851 0.00345472 0.00319272 0.00339472 0 0.00335309 0.0108182 0.934178 0.0179697 0.00772717 0.00765502 
0.0157002 0.00967039 0.0103251 0.00837912 0.00987172 0.00853792 0.0810359 0.00883165 0.0336359 0.00739997 0.00643485 0.00329589 0.00367745 0.0031907 0.00333301 0.00320901 0.00335309 0 0.950521 0.024851 0.00448541 0.0059691 0.00648443 
0.00966555 0.0095537 0.00839954 0.0117911 0.0089333 0.0301898 0.0111083 0.0179046 0.0170089 0.0136624 0.00603562 0.00939913 0.00552759 0.0135871 0.00457707 0.00465808 0.0108182 0.950521 0 0.00327845 0.00320237 0.00344419 0.00766773 
0.00938854 0.00922433 0.0152421 0.00871827 0.0235512 0.00943559 0.0293408 0.00996914 0.0219494 0.00694677 0.0132494 0.00691097 0.0311907 0.00662796 0.0109727 0.00827041 0.934178 0.024851 0.00327845 0 0.00320695 0.00344555 0.00391365 
0.00898731 0.0111063 0.00892567 0.0399982 0.00846638 0.0110982 0.00927199 0.0184619 0.00899142 0.0122591 0.00746011 0.026774 0.00707439 0.0124722 0.00864135 0.914434 0.0179697 0.00448541 0.00320237 0.00320695 0 0.00325263 0.00341469 
0.0112713 0.0105198 0.0210745 0.00865807 0.0164398 0.00850384 0.0297224 0.0115371 0.0245413 0.00854941 0.0644375 0.0073758 0.0155893 0.00833131 0.928864 0.0154502 0.00772717 0.0059691 0.00344419 0.00344555 0.00325263 0 0.00332039 
0.0127245 0.0116792 0.00885525 0.0105435 0.00827039 0.0119895 0.0225646 0.0118542 0.0109229 0.0509941 0.0103563 0.0121215 0.0153542 0.689022 0.0117885 0.00873624 0.00765502 0.00648443 0.00766773 0.00391365 0.00341469 0.00332039 0 
