1JLNA
GSPREKVAMEYLQSASRVLTRSQLRDVVASSHLLQSEFMEIPMNFVDPKEIDIPRHGTKNRYKTILPNPLSRVCLRPKNITDSLSTYINANYIRGYSGKEKAFIATQGPMINTVNDFWQMVWQEDSPVIVMITKLKEKNEKCVLYWPEKRGIYGKVEVLVTGVTECDNYTIRNLVLKQGSHTQHVKHYWYTSWPDHKTPDSAQPLLQLMLDVEEDRLASEGRGPVVVHCSAGIGRTGCFIATSIGCQQLKEEGVVDALSIVCQLRVDRGGMVQTSEQYEFVHHALCLFESRLSPETV
CCCCHHHHHHHHHHCCCCEEHHHHHHHHHCCCHHHHHHHHCCCCCCCCCCCCCCCHHHHCCCCCCCCCHHHECCCCCCCCCCCHHHCCCEEEECCHHHCCCCEEEECCCCHHHHHHHHHHHHHCCCCEEEECCCCECCCECCCCCCCCCEEEECCEEEEEEEEEECCCEEEEEEEEEECCEEEEEEEEEECCCCCCCCCCCCHHHHHHHHHHHHHHHCCCCCCCEEEECCCCCHHHHHHHHHHHHHHHHHHHCEECHHHHHHHHHHHCCCCCCCHHHHHHHHHHHHHHHHCCCCCCC
0 0 0 0 0 0 0 0 0 0 0 0 0 0 0 0 0 0 0 0 0 0 0 0 0 0 0 0 0 0 0 0 0 0 0 0 0 0 0 0 0 0 0 0 0 0 0 0 0 0 0 0 0 0 0 0 0 0 0 0 0 0 0 0 0 0 0 0 0 0 0 0 0 0 0 0 0 0 0 0 0 0 0 0 0 0 0 0 0 0 0 0 0 0 0 0 0 0 0 0 0 0 0 0 0 0 0 0 0 0 0 0 0 0 0 0 0 0 0 0 0 0 0 0 0 0 0 0 0 0 0 0 0 0 0 0 0 0 0 0 0 0 0 0 0 0 0 0 0 0 0 0 0 0 0 0 0 0 0 0 0 0 0 0 0 0 0 0 0 0 0 0 0 0 0 0 0 0 0 0 0 0 0 0 0 0 0 0 0 0 0 0 0 0 0 0 0 0 0 0 0 0 0 0 0 0 0 0 0 0 0 0 0 0 0 0 0 0 0 0 0 0 0 0 0 0 0 0 0 0 0 0 0 0 0 0 0 0 0 0 0 0 0 0 0 0 0 0 0 0 0 0 0 0 0 0 0 0 0 0 0 0 0 0 0 0 0 0 0 0 0 0 0 0 0 0 0 0 0 0 0 0 0 0 0 0 0 0 0 0 0 0 0 0 0 0 0 
0 0 0 0 0 0 0 0 0 0 0 0 0 0 0 0 0 0 0 0 0 0 0 0 0 0 0 0 0 0 0 0 0 0 0 0 0 0 0 0 0 0 0 0 0 0 0 0 0 0 0 0 0 0 0 0 0 0 0 0 0 0 0 0 0 0 0 0 0 0 0 0 0 0 0 0 0 0 0 0 0 0 0 0 0 0 0 0 0 0 0 0 0 0 0 0 0 0 0 0 0 0 0 0 0 0 0 0 0 0 0 0 0 0 0 0 0 0 0 0 0 0 0 0 0 0 0 0 0 0 0 0 0 0 0 0 0 0 0 0 0 0 0 0 0 0 0 0 0 0 0 0 0 0 0 0 0 0 0 0 0 0 0 0 0 0 0 0 0 0 0 0 0 0 0 0 0 0 0 0 0 0 0 0 0 0 0 0 0 0 0 0 0 0 0 0 0 0 0 0 0 0 0 0 0 0 0 0 0 0 0 0 0 0 0 0 0 0 0 0 0 0 0 0 0 0 0 0 0 0 0 0 0 0 0 0 0 0 0 0 0 0 0 0 0 0 0 0 0 0 0 0 0 0 0 0 0 0 0 0 0 0 0 0 0 0 0 0 0 0 0 0 0 0 0 0 0 0 0 0 0 0 0 0 0 0 0 0 0 0 0 0 0 0 0 0 0 
0 0.00430759 0.0175659 0.011341 0.00900604 0.00944181 0.0136748 0.00979263 0.0102096 0.0092192 0.0103483 0.00982429 0.00845333 0.00953834 0.00952487 0.00948604 0.00923797 0.00833562 0.00819666 0.00795431 0.0086945 0.00916352 0.00813442 0.00847011 0.00805413 0.00832539 0.00799796 0.00797879 0.00791145 0.00791595 0.00809781 0.00858289 0.00805962 0.00807811 0.00793869 0.00798514 0.00806689 0.0080008 0.00817792 0.00794158 0.00841549 0.00799342 0.00790135 0.00797406 0.00791898 0.00807444 0.0079917 0.00790223 0.00795914 0.00801039 0.00839584 0.0081553 0.00819984 0.00804616 0.00810947 0.0084084 0.00842008 
0.00430759 0 0.0361129 0.0129516 0.0117045 0.0115451 0.00986778 0.0172097 0.00986977 0.00934736 0.00988365 0.0129073 0.00900691 0.00916365 0.00942348 0.0114797 0.00880675 0.00994885 0.0080576 0.00818757 0.00816576 0.00881982 0.00883203 0.0080401 0.00829612 0.0079774 0.00797584 0.00791537 0.00791604 0.00793712 0.00822437 0.00882821 0.00878247 0.00796019 0.00795615 0.00808756 0.0079787 0.00815489 0.0080435 0.00831921 0.00806252 0.00855565 0.00804497 0.00782417 0.00817679 0.00784943 0.00807059 0.00788814 0.00794865 0.00833107 0.00805058 0.00846009 0.00814693 0.00810543 0.00824359 0.00857359 0.00832338 
0.0175659 0.0361129 0 0.0311817 0.010926 0.0112351 0.028388 0.0149943 0.0106548 0.0126444 0.0171435 0.014097 0.00929484 0.0107971 0.0131641 0.0150488 0.011957 0.00857268 0.00821938 0.00829614 0.00964809 0.00975025 0.0086121 0.00852431 0.00856628 0.00809496 0.00818745 0.00793258 0.00786537 0.00803807 0.00910248 0.00913464 0.00831858 0.00807528 0.00823887 0.0081551 0.0079878 0.0081259 0.00814816 0.00835037 0.00912258 0.00824242 0.00789619 0.00784948 0.00795439 0.00791355 0.00803641 0.00792461 0.00809602 0.00820523 0.00886239 0.00846973 0.0080748 0.00815451 0.00900531 0.00829799 0.00832439 
0.011341 0.0129516 0.0311817 0 0.00328889 0.00321742 0.00350254 0.0176056 0.0121851 0.0161092 0.855584 0.0398769 0.0214357 0.01853 0.0241318 0.0104128 0.00948723 0.0096877 0.00981011 0.00846681 0.0129949 0.0186104 0.00948747 0.0139054 0.00882554 0.00989359 0.00827248 0.00836278 0.00815677 0.00815588 0.00917822 0.0114814 0.00963517 0.0107684 0.00942579 0.0087649 0.0108748 0.00890933 0.0103672 0.00847437 0.010319 0.00812952 0.00804479 0.00913995 0.00826527 0.00962292 0.00839691 0.00921189 0.00917286 0.00909383 0.012216 0.0091601 0.00848111 0.0101937 0.00946474 0.00820015 0.00866781 
0.00900604 0.0117045 0.010926 0.00328889 0 0.0033688 0.00316111 0.0134377 0.0190694 0.922169 0.0229178 0.0190011 0.0654892 0.0390184 0.0159672 0.00877162 0.00826497 0.0085364 0.00902333 0.0130399 0.00866381 0.0087982 0.0237996 0.0105455 0.0176648 0.00887514 0.00923525 0.00851513 0.00836675 0.00846155 0.00832873 0.00857698 0.0141883 0.0107892 0.0105406 0.0126117 0.00952364 0.0132403 0.00972769 0.0106665 0.00825888 0.00799838 0.00854295 0.00836491 0.0097346 0.00855032 0.0101217 0.00930619 0.0103955 0.0103806 0.00852925 0.00871117 0.00992552 0.00961283 0.0085712 0.00809174 0.0082567 
0.00944181 0.0115451 0.0112351 0.00321742 0.0033688 0 0.00327457 0.0152618 0.942864 0.0298489 0.0223572 0.0182322 0.0596454 0.0990698 0.0262194 0.0088463 0.00847985 0.00851365 0.0123372 0.0107262 0.00916769 0.009607 0.0125342 0.0164009 0.0113968 0.0102626 0.00907137 0.00899761 0.0085394 0.00887471 0.00836583 0.00937108 0.0132839 0.0122959 0.0114874 0.0113617 0.0123737 0.0112657 0.011425 0.0100807 0.00843878 0.0082873 0.0084698 0.00876592 0.00937028 0.00963296 0.00967814 0.0111199 0.0115251 0.0137132 0.00874893 0.00879929 0.0100363 0.0126242 0.0104756 0.00820576 0.00829939 
0.0136748 0.00986778 0.028388 0.00350254 0.00316111 0.00327457 0 0.936684 0.0148025 0.0258442 0.0297793 0.0306484 0.0130565 0.0378442 0.0592795 0.0118188 0.0110969 0.0108482 0.0090666 0.00888018 0.0122372 0.0167658 0.00935883 0.0113021 0.00915286 0.00933554 0.00859017 0.00840026 0.00833578 0.00836562 0.00882716 0.0135991 0.00950248 0.00950746 0.00959181 0.00882443 0.00935805 0.00905108 0.00965399 0.00859085 0.00924702 0.00915115 0.00819597 0.00831906 0.00841287 0.00853836 0.00846838 0.00887248 0.00898523 0.00937906 0.0109735 0.0102784 0.00887568 0.0100739 0.0109242 0.00832486 0.00840926 
0.00979263 0.0172097 0.0149943 0.0176056 0.0134377 0.0152618 0.936684 0 0.00321061 0.00325166 0.00397204 0.210934 0.0427296 0.0212298 0.0404003 0.0230587 0.0146704 0.017157 0.00956903 0.011885 0.0174317 0.0168363 0.0240431 0.011137 0.0149149 0.00963622 0.0103494 0.0090914 0.00874357 0.00918348 0.0187785 0.0145094 0.0153664 0.0107127 0.0104437 0.0111159 0.0103369 0.012712 0.00946032 0.0122123 0.0130604 0.00868393 0.00847615 0.00839148 0.0103141 0.00873797 0.00967498 0.00995126 0.00930371 0.0103764 0.0124549 0.0109479 0.0100232 0.00984058 0.012605 0.00842228 0.00967352 
0.0102096 0.00986977 0.0106548 0.0121851 0.0190694 0.942864 0.0148025 0.00321061 0 0.00317319 0.0032278 0.202974 0.18879 0.112904 0.0203373 0.00980389 0.00899221 0.00926354 0.0201998 0.0139543 0.0108157 0.0129467 0.0188703 0.0312923 0.0179855 0.0153052 0.0104465 0.010236 0.00967598 0.00952131 0.00889083 0.0117678 0.0184147 0.0224508 0.0172125 0.0140465 0.0224388 0.0163206 0.0194196 0.0111553 0.009174 0.00852466 0.00876762 0.00981796 0.0107884 0.0128811 0.011993 0.0134317 0.0149002 0.0130198 0.00991131 0.0100383 0.0136005 0.0142755 0.00974743 0.00825787 0.00870258 
0.0092192 0.00934736 0.0126444 0.0161092 0.922169 0.0298489 0.0258442 0.00325166 0.00317319 0 0.00337386 0.0285373 0.24378 0.21455 0.0836032 0.0096254 0.00923121 0.00931891 0.0150713 0.0130476 0.00989247 0.0121239 0.0199747 0.0208484 0.0157995 0.0122656 0.0106061 0.00982066 0.00969024 0.00946486 0.00879422 0.0105746 0.0205649 0.0153757 0.0158113 0.0146252 0.0139721 0.0148649 0.0150268 0.0121871 0.00861791 0.0086166 0.00889508 0.00926928 0.0101954 0.0114386 0.0110226 0.013551 0.0151391 0.0162266 0.0092467 0.0101118 0.0125349 0.0185511 0.0102112 0.00844864 0.00836115 
0.0103483 0.00988365 0.0171435 0.855584 0.0229178 0.0223572 0.0297793 0.00397204 0.0032278 0.00337386 0 0.0337728 0.0278487 0.244302 0.27355 0.0228203 0.0138196 0.0146131 0.00928306 0.00998841 0.0169005 0.0190131 0.0111685 0.0115749 0.0102452 0.0098749 0.00941531 0.00902127 0.0085923 0.00867964 0.0104808 0.0165779 0.0114456 0.0106554 0.0102755 0.0101682 0.0100789 0.0106243 0.00999496 0.0100868 0.00982396 0.0105479 0.00843859 0.0085009 0.00913564 0.00882415 0.00922501 0.00993235 0.00980205 0.0113646 0.0112457 0.012847 0.0095926 0.0116979 0.0150883 0.00911984 0.00887166 
0.00982429 0.0129073 0.014097 0.0398769 0.0190011 0.0182322 0.0306484 0.210934 0.202974 0.0285373 0.0337728 0 0.00325775 0.00326906 0.00365901 0.00793558 0.0141998 0.040844 0.0129927 0.0130759 0.0318067 0.0333721 0.0344844 0.0172886 0.0145945 0.0126575 0.0109917 0.010165 0.00939921 0.0101049 0.0197851 0.0252018 0.021498 0.0153627 0.0162402 0.014774 0.0173734 0.015298 0.0123112 0.0125018 0.0208415 0.0100994 0.00998998 0.00975826 0.010771 0.0110321 0.0113111 0.0130478 0.0115571 0.0112116 0.0208854 0.0173531 0.0138352 0.013553 0.0169106 0.00877514 0.0109213 
0.00845333 0.00900691 0.00929484 0.0214357 0.0654892 0.0596454 0.0130565 0.0427296 0.18879 0.24378 0.0278487 0.00325775 0 0.00324567 0.00322434 0.00923596 0.00684113 0.0187747 0.081801 0.0302512 0.0115438 0.0192428 0.0557407 0.0468882 0.0209612 0.0216573 0.0115679 0.0131245 0.0111317 0.0119963 0.00919292 0.013354 0.0373778 0.0376795 0.0278316 0.0216824 0.0375376 0.0252734 0.0288356 0.0153326 0.00980737 0.00889105 0.0103178 0.0138972 0.0146311 0.0172552 0.0166798 0.0310774 0.0245593 0.0208165 0.0100788 0.0138788 0.0497336 0.0224502 0.0104343 0.00843413 0.009005 
0.00953834 0.00916365 0.0107971 0.01853 0.0390184 0.0990698 0.0378442 0.0212298 0.112904 0.21455 0.244302 0.00326906 0.00324567 0 0.00342234 0.00541159 0.00863093 0.0110733 0.0538316 0.0498327 0.0137267 0.0149819 0.0376418 0.0332698 0.0292051 0.0152621 0.014153 0.0117448 0.0125713 0.0123941 0.0107993 0.0126463 0.0407818 0.0297409 0.0292889 0.0291394 0.0263555 0.0345896 0.0306411 0.0303854 0.011253 0.00943068 0.0120585 0.0125285 0.0164117 0.0162137 0.0188212 0.0267865 0.042383 0.0363474 0.0133435 0.0128666 0.0308063 0.0978081 0.019667 0.0091511 0.00961135 
0.00952487 0.00942348 0.0131641 0.0241318 0.0159672 0.0262194 0.0592795 0.0404003 0.0203373 0.0836032 0.27355 0.00365901 0.00322434 0.00342234 0 0.0133617 0.00973759 0.0346196 0.0128214 0.0204544 0.0321914 0.0204522 0.015883 0.018713 0.0149691 0.0131958 0.0100192 0.0108153 0.00907549 0.0100067 0.0136372 0.0228529 0.0158881 0.0144187 0.0142604 0.0133725 0.0131289 0.0141699 0.0145075 0.0145662 0.0145949 0.0145315 0.00916765 0.00965574 0.0106318 0.0107813 0.0109207 0.0142919 0.0129974 0.0264453 0.0167461 0.0187678 0.0146378 0.0168519 0.0560893 0.0102587 0.00980623 
0.00948604 0.0114797 0.0150488 0.0104128 0.00877162 0.0088463 0.0118188 0.0230587 0.00980389 0.0096254 0.0228203 0.00793558 0.00923596 0.00541159 0.0133617 0 0.909744 0.0135681 0.00815156 0.00968585 0.0148664 0.0133528 0.0112721 0.008355 0.00959079 0.00823459 0.00967948 0.00821177 0.00828979 0.0087526 0.0140142 0.0139009 0.010808 0.00842972 0.00866683 0.00857594 0.00843797 0.0100263 0.0083027 0.00989938 0.0122553 0.0114149 0.0087111 0.00814762 0.00920853 0.00812259 0.00841386 0.00813234 0.00824259 0.00912065 0.0110925 0.0110464 0.00821261 0.00814759 0.0101099 0.010655 0.00960261 
0.00923797 0.00880675 0.011957 0.00948723 0.00826497 0.00847985 0.0110969 0.0146704 0.00899221 0.00923121 0.0138196 0.0141998 0.00684113 0.00863093 0.00973759 0.909744 0 0.011453 0.00614536 0.00824267 0.0107479 0.0093383 0.00713004 0.00740027 0.00812545 0.0165296 0.00782575 0.00761018 0.00739886 0.00855976 0.0107537 0.0135281 0.00903555 0.00860244 0.00823181 0.00842523 0.00848093 0.00851889 0.00842033 0.00884048 0.0113478 0.0104373 0.00819811 0.00823104 0.00832328 0.00842983 0.00813718 0.00823394 0.00815141 0.00855018 0.010869 0.00987351 0.00808271 0.00826469 0.00929235 0.00948187 0.00868433 
0.00833562 0.00994885 0.00857268 0.0096877 0.0085364 0.00851365 0.0108482 0.017157 0.00926354 0.00931891 0.0146131 0.040844 0.0187747 0.0110733 0.0346196 0.0135681 0.011453 0 0.00349016 0.00374801 0.00385889 0.00424315 0.00548826 0.00644934 0.889602 0.00678944 0.00652076 0.00574625 0.00676076 0.011142 0.0258081 0.00924143 0.00960448 0.00798296 0.00900288 0.00968712 0.00826335 0.0110277 0.00819563 0.0115 0.012679 0.00985419 0.00918905 0.0083203 0.0146399 0.00831648 0.0103853 0.00855303 0.00894149 0.00960783 0.0136472 0.0104298 0.00869658 0.00856752 0.0115579 0.00819941 0.00912795 
0.00819666 0.0080576 0.00821938 0.00981011 0.00902333 0.0123372 0.0090666 0.00956903 0.0201998 0.0150713 0.00928306 0.0129927 0.081801 0.0538316 0.0128214 0.00815156 0.00614536 0.00349016 0 0.00322775 0.00342307 0.00630398 0.00627875 0.959293 0.0052929 0.0103441 0.00518323 0.00702695 0.00649829 0.0116223 0.00712105 0.00971683 0.00862747 0.0131685 0.0115047 0.00863207 0.0168798 0.00844716 0.0161926 0.00892714 0.0108103 0.00857735 0.00868917 0.018834 0.00856383 0.0161209 0.00874176 0.011812 0.0113165 0.0104631 0.0108899 0.00955655 0.0125806 0.0133911 0.00893957 0.00822018 0.00866689 
0.00795431 0.00818757 0.00829614 0.00846681 0.0130399 0.0107262 0.00888018 0.011885 0.0139543 0.0130476 0.00998841 0.0130759 0.0302512 0.0498327 0.0204544 0.00968585 0.00824267 0.00374801 0.00322775 0 0.00317966 0.00544011 0.989463 0.00465455 0.00650152 0.00439298 0.0064487 0.00561981 0.0081825 0.00621897 0.0068198 0.00794222 0.0280331 0.00922567 0.00825161 0.0120467 0.00808166 0.0156744 0.00834504 0.0140565 0.00815732 0.00890393 0.013506 0.00817293 0.0149986 0.00824645 0.0161405 0.00861343 0.0107744 0.0165879 0.00845958 0.0095222 0.012831 0.0137288 0.00954087 0.008303 0.00811754 
0.0086945 0.00816576 0.00964809 0.0129949 0.00866381 0.00916769 0.0122372 0.0174317 0.0108157 0.00989247 0.0169005 0.0318067 0.0115438 0.0137267 0.0321914 0.0148664 0.0107479 0.00385889 0.00342307 0.00317966 0 0.994095 0.00373901 0.00394041 0.00340876 0.00422479 0.00415461 0.00489439 0.00562095 0.00598571 0.00670232 0.0217334 0.00940374 0.0083329 0.00918982 0.0081345 0.00971352 0.00860548 0.010337 0.00868114 0.0111196 0.0218319 0.00847568 0.0100081 0.00847468 0.0100611 0.00845712 0.0092189 0.00940377 0.00906149 0.0142242 0.0150649 0.00915075 0.00941889 0.0150892 0.00951864 0.00896894 
0.00916352 0.00881982 0.00975025 0.0186104 0.0087982 0.009607 0.0167658 0.0168363 0.0129467 0.0121239 0.0190131 0.0333721 0.0192428 0.0149819 0.0204522 0.0133528 0.0093383 0.00424315 0.00630398 0.00544011 0.994095 0 0.00318851 0.0032824 0.00321491 0.00344567 0.00336726 0.0034483 0.00383434 0.0045792 0.0105472 0.00856568 0.00731784 0.0100684 0.00906239 0.00815394 0.0123271 0.00853955 0.0177806 0.0211452 0.386124 0.0117952 0.00858422 0.0100079 0.00877665 0.0127839 0.00877389 0.0108868 0.0102604 0.00974187 0.0339498 0.0199995 0.00982245 0.0122281 0.0123901 0.00912697 0.012539 
0.00813442 0.00883203 0.0086121 0.00948747 0.0237996 0.0125342 0.00935883 0.0240431 0.0188703 0.0199747 0.0111685 0.0344844 0.0557407 0.0376418 0.015883 0.0112721 0.00713004 0.00548826 0.00627875 0.989463 0.00373901 0.00318851 0 0.00316648 0.00320148 0.00321782 0.00328797 0.0032972 0.00344027 0.00491361 0.0049116 0.00640653 0.0169685 0.00753656 0.00900867 0.012334 0.00854524 0.0281431 0.0131628 0.60706 0.0139456 0.00882672 0.0139423 0.00832726 0.0233453 0.00855193 0.021644 0.0104813 0.0138732 0.0315433 0.0103359 0.0131297 0.0371627 0.0122496 0.0133086 0.00906096 0.00884985 
0.00847011 0.0080401 0.00852431 0.0139054 0.0105455 0.0164009 0.0113021 0.011137 0.0312923 0.0208484 0.0115749 0.0172886 0.0468882 0.0332698 0.018713 0.008355 0.00740027 0.00644934 0.959293 0.00465455 0.00394041 0.0032824 0.00316648 0 0.00316595 0.00321577 0.00322513 0.00328901 0.00355865 0.00348535 0.00430389 0.00982293 0.00766867 0.0129215 0.0127915 0.00805114 0.0305896 0.023519 0.620448 0.0117197 0.0111073 0.00873623 0.00830375 0.0256134 0.00855985 0.0599525 0.00900728 0.022551 0.0501293 0.00995413 0.0146836 0.0145187 0.0176345 0.0385053 0.0105911 0.00913119 0.00947552 
0.00805413 0.00829612 0.00856628 0.00882554 0.0176648 0.0113968 0.00915286 0.0149149 0.0179855 0.0157995 0.0102452 0.0145945 0.0209612 0.0292051 0.0149691 0.00959079 0.00812545 0.889602 0.0052929 0.00650152 0.00340876 0.00321491 0.00320148 0.00316595 0 0.00315703 0.00320684 0.00313472 0.00339184 0.00335103 0.00559605 0.00577521 0.0104062 0.0075518 0.00808948 0.0203891 0.00823484 0.62732 0.0178376 0.01929 0.00800153 0.00830635 0.0125292 0.00803207 0.0499201 0.00825069 0.0353964 0.0155202 0.0157656 0.0228974 0.00911573 0.010634 0.0328066 0.0127277 0.013499 0.00840905 0.00844361 
0.00832539 0.0079774 0.00809496 0.00989359 0.00887514 0.0102626 0.00933554 0.00963622 0.0153052 0.0122656 0.0098749 0.0126575 0.0216573 0.0152621 0.0131958 0.00823459 0.0165296 0.00678944 0.0103441 0.00439298 0.00422479 0.00344567 0.00321782 0.00321577 0.00315703 0 0.00316113 0.0031704 0.00344517 0.00335265 0.00330364 0.0065454 0.00645653 0.00985228 0.0157882 0.00968584 0.586622 0.0441323 0.0186551 0.00772202 0.00955534 0.00869781 0.00812375 0.0182695 0.00813919 0.0347442 0.00867644 0.0150418 0.0157255 0.00934504 0.0163236 0.0117073 0.0117409 0.0187202 0.00949795 0.00840277 0.00866637 
0.00799796 0.00797584 0.00818745 0.00827248 0.00923525 0.00907137 0.00859017 0.0103494 0.0104465 0.0106061 0.00941531 0.0109917 0.0115679 0.014153 0.0100192 0.00967948 0.00782575 0.00652076 0.00518323 0.0064487 0.00415461 0.00336726 0.00328797 0.00322513 0.00320684 0.00316113 0 0.00327669 0.00319974 0.00318502 0.00326363 0.00443626 0.00575206 0.01167 0.0138931 0.229615 0.0693728 0.0124166 0.00736354 0.00912619 0.00730767 0.00791136 0.0111778 0.00783727 0.0156038 0.00826446 0.0132519 0.0102052 0.0098989 0.0103071 0.00864041 0.00939698 0.0125495 0.010364 0.00964866 0.00812306 0.00819224 
0.00797879 0.00791537 0.00793258 0.00836278 0.00851513 0.00899761 0.00840026 0.0090914 0.010236 0.00982066 0.00902127 0.010165 0.0131245 0.0117448 0.0108153 0.00821177 0.00761018 0.00574625 0.00702695 0.00561981 0.00489439 0.0034483 0.0032972 0.00328901 0.00313472 0.0031704 0.00327669 0 0.00327334 0.0032053 0.00318278 0.00381196 0.00737886 0.0178835 0.13905 0.285141 0.00855361 0.00774921 0.00780889 0.00771486 0.00710742 0.00837692 0.00764424 0.00930291 0.00871618 0.010559 0.00960074 0.0104462 0.0092039 0.00889437 0.00899275 0.0093674 0.0101919 0.0102051 0.00912386 0.0081787 0.00814377 
0.00791145 0.00791604 0.00786537 0.00815677 0.00836675 0.0085394 0.00833578 0.00874357 0.00967598 0.00969024 0.0085923 0.00939921 0.0111317 0.0125713 0.00907549 0.00828979 0.00739886 0.00676076 0.00649829 0.0081825 0.00562095 0.00383434 0.00344027 0.00355865 0.00339184 0.00344517 0.00319974 0.00327334 0 0.00322509 0.00319113 0.00519263 0.0223416 0.087364 0.359386 0.00697516 0.00664559 0.00640114 0.00783776 0.00657687 0.00679041 0.0076517 0.007701 0.00908391 0.00890671 0.00924362 0.0089279 0.00861746 0.00936114 0.00849998 0.00872728 0.00895843 0.00947248 0.0101399 0.00854027 0.00800732 0.0080814 
0.00791595 0.00793712 0.00803807 0.00815588 0.00846155 0.00887471 0.00836562 0.00918348 0.00952131 0.00946486 0.00867964 0.0101049 0.0119963 0.0123941 0.0100067 0.0087526 0.00855976 0.011142 0.0116223 0.00621897 0.00598571 0.0045792 0.00491361 0.00348535 0.00335103 0.00335265 0.00318502 0.0032053 0.00322509 0 0.00329 0.00502166 0.073781 0.327728 0.0047975 0.00513998 0.00565189 0.00691043 0.00700467 0.0067183 0.00601044 0.00770734 0.00918472 0.00767198 0.00925823 0.00812423 0.00799203 0.00845405 0.00834769 0.0100548 0.00864103 0.00970915 0.0128987 0.0117172 0.00865904 0.00821517 0.00827654 
0.00809781 0.00822437 0.00910248 0.00917822 0.00832873 0.00836583 0.00882716 0.0187785 0.00889083 0.00879422 0.0104808 0.0197851 0.00919292 0.0107993 0.0136372 0.0140142 0.0107537 0.0258081 0.00712105 0.0068198 0.00670232 0.0105472 0.0049116 0.00430389 0.00559605 0.00330364 0.00326363 0.00318278 0.00319113 0.00329 0 0.0959482 0.390307 0.00328476 0.00374772 0.00410428 0.004984 0.00650695 0.00562761 0.00597225 0.00581791 0.0160866 0.00709892 0.00737913 0.00855459 0.0077946 0.00803312 0.00805263 0.00835424 0.00872648 0.0117778 0.0187512 0.00886174 0.00914185 0.0128676 0.00975485 0.00842627 
0.00858289 0.00882821 0.00913464 0.0114814 0.00857698 0.00937108 0.0135991 0.0145094 0.0117678 0.0105746 0.0165779 0.0252018 0.013354 0.0126463 0.0228529 0.0139009 0.0135281 0.00924143 0.00971683 0.00794222 0.0217334 0.00856568 0.00640653 0.00982293 0.00577521 0.0065454 0.00443626 0.00381196 0.00519263 0.00502166 0.0959482 0 0.00320738 0.00319248 0.00320104 0.0032749 0.00339104 0.00337558 0.00392263 0.00421133 0.010014 0.00608511 0.00597105 0.00684224 0.00713684 0.00842105 0.00843274 0.00821243 0.00970915 0.0117322 0.952602 0.0188858 0.0107674 0.0120809 0.0149528 0.00881113 0.0130735 
0.00805962 0.00878247 0.00831858 0.00963517 0.0141883 0.0132839 0.00950248 0.0153664 0.0184147 0.0205649 0.0114456 0.021498 0.0373778 0.0407818 0.0158881 0.010808 0.00903555 0.00960448 0.00862747 0.0280331 0.00940374 0.00731784 0.0169685 0.00766867 0.0104062 0.00645653 0.00575206 0.00737886 0.0223416 0.073781 0.390307 0.00320738 0 0.00316743 0.00316475 0.00316866 0.0032163 0.0035488 0.00333145 0.0097363 0.00412043 0.00550198 0.00618733 0.00612707 0.0082397 0.00709726 0.00894023 0.00862576 0.0153476 0.964229 0.0111833 0.0137407 0.0429635 0.0186103 0.0146574 0.00887021 0.00942799 
0.00807811 0.00796019 0.00807528 0.0107684 0.0107892 0.0122959 0.00950746 0.0107127 0.0224508 0.0153757 0.0106554 0.0153627 0.0376795 0.0297409 0.0144187 0.00842972 0.00860244 0.00798296 0.0131685 0.00922567 0.0083329 0.0100684 0.00753656 0.0129215 0.0075518 0.00985228 0.01167 0.0178835 0.087364 0.327728 0.00328476 0.00319248 0.00316743 0 0.00314969 0.00314975 0.00320607 0.00319903 0.00510466 0.00319211 0.00339151 0.00554541 0.00546946 0.00682516 0.00677905 0.00891773 0.0073225 0.0239449 0.943522 0.010956 0.0114499 0.0150677 0.0210043 0.0305641 0.0117673 0.00848776 0.00954159 
0.00793869 0.00795615 0.00823887 0.00942579 0.0105406 0.0114874 0.00959181 0.0104437 0.0172125 0.0158113 0.0102755 0.0162402 0.0278316 0.0292889 0.0142604 0.00866683 0.00823181 0.00900288 0.0115047 0.00825161 0.00918982 0.00906239 0.00900867 0.0127915 0.00808948 0.0157882 0.0138931 0.13905 0.359386 0.0047975 0.00374772 0.00320104 0.00316475 0.00314969 0 0.00315228 0.00316622 0.00333821 0.00321343 0.00322913 0.0033361 0.0053111 0.00549625 0.00664264 0.00669076 0.00724554 0.0126348 0.932081 0.0252047 0.0085599 0.0137022 0.0128767 0.0250701 0.0230031 0.0129026 0.00877397 0.0087289 
0.00798514 0.00808756 0.0081551 0.0087649 0.0126117 0.0113617 0.00882443 0.0111159 0.0140465 0.0146252 0.0101682 0.014774 0.0216824 0.0291394 0.0133725 0.00857594 0.00842523 0.00968712 0.00863207 0.0120467 0.0081345 0.00815394 0.012334 0.00805114 0.0203891 0.00968584 0.229615 0.285141 0.00697516 0.00513998 0.00410428 0.0032749 0.00316866 0.00314975 0.00315228 0 0.00316627 0.00316554 0.00316816 0.00317329 0.00317132 0.00405861 0.00493783 0.00530367 0.00851591 0.00704666 0.975827 0.0161859 0.00755735 0.0138992 0.00823706 0.0117492 0.0304997 0.0150607 0.0134894 0.00864233 0.0087462 
0.00806689 0.0079787 0.0079878 0.0108748 0.00952364 0.0123737 0.00935805 0.0103369 0.0224388 0.0139721 0.0100789 0.0173734 0.0375376 0.0263555 0.0131289 0.00843797 0.00848093 0.00826335 0.0168798 0.00808166 0.00971352 0.0123271 0.00854524 0.0305896 0.00823484 0.586622 0.0693728 0.00855361 0.00664559 0.00565189 0.004984 0.00339104 0.0032163 0.00320607 0.00316622 0.00316627 0 0.00315092 0.00323732 0.00317305 0.00328149 0.00428229 0.00421966 0.00736051 0.00614092 0.98168 0.00743805 0.00763399 0.0120277 0.00742873 0.0125383 0.0189601 0.0199416 0.0288999 0.0102581 0.0085542 0.00902679 
0.0080008 0.00815489 0.0081259 0.00890933 0.0132403 0.0112657 0.00905108 0.012712 0.0163206 0.0148649 0.0106243 0.015298 0.0252734 0.0345896 0.0141699 0.0100263 0.00851889 0.0110277 0.00844716 0.0156744 0.00860548 0.00853955 0.0281431 0.023519 0.62732 0.0441323 0.0124166 0.00774921 0.00640114 0.00691043 0.00650695 0.00337558 0.0035488 0.00319903 0.00333821 0.00316554 0.00315092 0 0.00316472 0.00318922 0.00318571 0.00380998 0.00493256 0.00521036 0.991482 0.00645403 0.00861363 0.0075547 0.00844487 0.0137594 0.00802261 0.0132836 0.0466307 0.014235 0.0183016 0.00857684 0.00881528 
0.00817792 0.0080435 0.00814816 0.0103672 0.00972769 0.011425 0.00965399 0.00946032 0.0194196 0.0150268 0.00999496 0.0123112 0.0288356 0.0306411 0.0145075 0.0083027 0.00842033 0.00819563 0.0161926 0.00834504 0.010337 0.0177806 0.0131628 0.620448 0.0178376 0.0186551 0.00736354 0.00780889 0.00783776 0.00700467 0.00562761 0.00392263 0.00333145 0.00510466 0.00321343 0.00316816 0.00323732 0.00316472 0 0.00317957 0.00318766 0.00378859 0.00432441 0.984363 0.00528289 0.00840158 0.00518778 0.00777726 0.0130158 0.00695075 0.00944656 0.0141912 0.0205069 0.0410319 0.011144 0.00852362 0.00921787 
0.00794158 0.00831921 0.00835037 0.00847437 0.0106665 0.0100807 0.00859085 0.0122123 0.0111553 0.0121871 0.0100868 0.0125018 0.0153326 0.0303854 0.0145662 0.00989938 0.00884048 0.0115 0.00892714 0.0140565 0.00868114 0.0211452 0.60706 0.0117197 0.01929 0.00772202 0.00912619 0.00771486 0.00657687 0.0067183 0.00597225 0.00421133 0.0097363 0.00319211 0.00322913 0.00317329 0.00317305 0.00318922 0.00317957 0 0.00317045 0.00520896 0.997055 0.00353448 0.00616348 0.00428738 0.0106223 0.00696487 0.0074986 0.0123003 0.00600052 0.0119223 0.022598 0.0223146 0.0156825 0.00929898 0.00863444 
0.00841549 0.00806252 0.00912258 0.010319 0.00825888 0.00843878 0.00924702 0.0130604 0.009174 0.00861791 0.00982396 0.0208415 0.00980737 0.011253 0.0145949 0.0122553 0.0113478 0.012679 0.0108103 0.00815732 0.0111196 0.386124 0.0139456 0.0111073 0.00800153 0.00955534 0.00730767 0.00710742 0.00679041 0.00601044 0.00581791 0.010014 0.00412043 0.00339151 0.0033361 0.00317132 0.00328149 0.00318571 0.00318766 0.00317045 0 0.999099 0.00328146 0.00424721 0.00313858 0.0044836 0.00360388 0.00526594 0.00695856 0.00510912 0.0078648 0.0192552 0.00944778 0.0112482 0.0138268 0.0108966 0.00950946 
0.00799342 0.00855565 0.00824242 0.00812952 0.00799838 0.0082873 0.00915115 0.00868393 0.00852466 0.0086166 0.0105479 0.0100994 0.00889105 0.00943068 0.0145315 0.0114149 0.0104373 0.00985419 0.00857735 0.00890393 0.0218319 0.0117952 0.00882672 0.00873623 0.00830635 0.00869781 0.00791136 0.00837692 0.0076517 0.00770734 0.0160866 0.00608511 0.00550198 0.00554541 0.0053111 0.00405861 0.00428229 0.00380998 0.00378859 0.00520896 0.999099 0 0.00326935 0.0032521 0.00325898 0.00331919 0.00333469 0.00326222 0.00339799 0.00418713 0.00966907 0.0184993 0.00905891 0.00948397 0.0141948 0.00838865 0.0105097 
0.00790135 0.00804497 0.00789619 0.00804479 0.00854295 0.0084698 0.00819597 0.00847615 0.00876762 0.00889508 0.00843859 0.00998998 0.0103178 0.0120585 0.00916765 0.0087111 0.00819811 0.00918905 0.00868917 0.013506 0.00847568 0.00858422 0.0139423 0.00830375 0.0125292 0.00812375 0.0111778 0.00764424 0.007701 0.00918472 0.00709892 0.00597105 0.00618733 0.00546946 0.00549625 0.00493783 0.00421966 0.00493256 0.00432441 0.997055 0.00328146 0.00326935 0 0.00317918 0.00320214 0.00315773 0.00321843 0.0031575 0.00330159 0.00625493 0.0050479 0.0107731 0.0169123 0.0118256 0.00939104 0.00826818 0.00839329 
0.00797406 0.00782417 0.00784948 0.00913995 0.00836491 0.00876592 0.00831906 0.00839148 0.00981796 0.00926928 0.0085009 0.00975826 0.0138972 0.0125285 0.00965574 0.00814762 0.00823104 0.0083203 0.018834 0.00817293 0.0100081 0.0100079 0.00832726 0.0256134 0.00803207 0.0182695 0.00783727 0.00930291 0.00908391 0.00767198 0.00737913 0.00684224 0.00612707 0.00682516 0.00664264 0.00530367 0.00736051 0.00521036 0.984363 0.00353448 0.00424721 0.0032521 0.00317918 0 0.00313415 0.00317679 0.00316125 0.00323044 0.00437273 0.00315369 0.00347012 0.0129346 0.0126293 0.0158551 0.0093355 0.00824216 0.00860335 
0.00791898 0.00817679 0.00795439 0.00826527 0.0097346 0.00937028 0.00841287 0.0103141 0.0107884 0.0101954 0.00913564 0.010771 0.0146311 0.0164117 0.0106318 0.00920853 0.00832328 0.0146399 0.00856383 0.0149986 0.00847468 0.00877665 0.0233453 0.00855985 0.0499201 0.00813919 0.0156038 0.00871618 0.00890671 0.00925823 0.00855459 0.00713684 0.0082397 0.00677905 0.00669076 0.00851591 0.00614092 0.991482 0.00528289 0.00616348 0.00313858 0.00325898 0.00320214 0.00313415 0 0.00313526 0.00320444 0.00319737 0.00322675 0.00335751 0.00325626 0.017261 0.0326847 0.0109642 0.0129624 0.00862795 0.00845978 
0.00807444 0.00784943 0.00791355 0.00962292 0.00855032 0.00963296 0.00853836 0.00873797 0.0128811 0.0114386 0.00882415 0.0110321 0.0172552 0.0162137 0.0107813 0.00812259 0.00842983 0.00831648 0.0161209 0.00824645 0.0100611 0.0127839 0.00855193 0.0599525 0.00825069 0.0347442 0.00826446 0.010559 0.00924362 0.00812423 0.0077946 0.00842105 0.00709726 0.00891773 0.00724554 0.00704666 0.98168 0.00645403 0.00840158 0.00428738 0.0044836 0.00331919 0.00315773 0.00317679 0.00313526 0 0.00314701 0.00314952 0.00315993 0.00316038 0.0040633 0.0198339 0.016476 0.0298321 0.00991791 0.00845319 0.00908964 
0.0079917 0.00807059 0.00803641 0.00839691 0.0101217 0.00967814 0.00846838 0.00967498 0.011993 0.0110226 0.00922501 0.0113111 0.0166798 0.0188212 0.0109207 0.00841386 0.00813718 0.0103853 0.00874176 0.0161405 0.00845712 0.00877389 0.021644 0.00900728 0.0353964 0.00867644 0.0132519 0.00960074 0.0089279 0.00799203 0.00803312 0.00843274 0.00894023 0.0073225 0.0126348 0.975827 0.00743805 0.00861363 0.00518778 0.0106223 0.00360388 0.00333469 0.00321843 0.00316125 0.00320444 0.00314701 0 0.00314208 0.00314389 0.00327309 0.00339474 0.0175811 0.0499323 0.0171512 0.0155252 0.00846184 0.00868959 
0.00790223 0.00788814 0.00792461 0.00921189 0.00930619 0.0111199 0.00887248 0.00995126 0.0134317 0.013551 0.00993235 0.0130478 0.0310774 0.0267865 0.0142919 0.00813234 0.00823394 0.00855303 0.011812 0.00861343 0.0092189 0.0108868 0.0104813 0.022551 0.0155202 0.0150418 0.0102052 0.0104462 0.00861746 0.00845405 0.00805263 0.00821243 0.00862576 0.0239449 0.932081 0.0161859 0.00763399 0.0075547 0.00777726 0.00696487 0.00526594 0.00326222 0.0031575 0.00323044 0.00319737 0.00314952 0.00314208 0 0.00315489 0.00314262 0.00317489 0.0663704 0.0412796 0.0416202 0.0135643 0.00910602 0.00922636 
0.00795914 0.00794865 0.00809602 0.00917286 0.0103955 0.0115251 0.00898523 0.00930371 0.0149002 0.0151391 0.00980205 0.0115571 0.0245593 0.042383 0.0129974 0.00824259 0.00815141 0.00894149 0.0113165 0.0107744 0.00940377 0.0102604 0.0138732 0.0501293 0.0157656 0.0157255 0.0098989 0.0092039 0.00936114 0.00834769 0.00835424 0.00970915 0.0153476 0.943522 0.0252047 0.00755735 0.0120277 0.00844487 0.0130158 0.0074986 0.00695856 0.00339799 0.00330159 0.00437273 0.00322675 0.00315993 0.00314389 0.00315489 0 0.00317386 0.00318232 0.0333429 0.135556 0.0564815 0.017749 0.00864004 0.00986911 
0.00801039 0.00833107 0.00820523 0.00909383 0.0103806 0.0137132 0.00937906 0.0103764 0.0130198 0.0162266 0.0113646 0.0112116 0.0208165 0.0363474 0.0264453 0.00912065 0.00855018 0.00960783 0.0104631 0.0165879 0.00906149 0.00974187 0.0315433 0.00995413 0.0228974 0.00934504 0.0103071 0.00889437 0.00849998 0.0100548 0.00872648 0.0117322 0.964229 0.010956 0.0085599 0.0138992 0.00742873 0.0137594 0.00695075 0.0123003 0.00510912 0.00418713 0.00625493 0.00315369 0.00335751 0.00316038 0.00327309 0.00314262 0.00317386 0 0.0036087 0.0211156 0.0686333 0.149068 0.0378993 0.0107375 0.00958746 
0.00839584 0.00805058 0.00886239 0.012216 0.00852925 0.00874893 0.0109735 0.0124549 0.00991131 0.0092467 0.0112457 0.0208854 0.0100788 0.0133435 0.0167461 0.0110925 0.010869 0.0136472 0.0108899 0.00845958 0.0142242 0.0339498 0.0103359 0.0146836 0.00911573 0.0163236 0.00864041 0.00899275 0.00872728 0.00864103 0.0117778 0.952602 0.0111833 0.0114499 0.0137022 0.00823706 0.0125383 0.00802261 0.00944656 0.00600052 0.0078648 0.00966907 0.0050479 0.00347012 0.00325626 0.0040633 0.00339474 0.00317489 0.00318232 0.0036087 0 0.0209405 0.0127341 0.093845 0.112957 0.0126042 0.0118276 
0.0081553 0.00846009 0.00846973 0.0091601 0.00871117 0.00879929 0.0102784 0.0109479 0.0100383 0.0101118 0.012847 0.0173531 0.0138788 0.0128666 0.0187678 0.0110464 0.00987351 0.0104298 0.00955655 0.0095222 0.0150649 0.0199995 0.0131297 0.0145187 0.010634 0.0117073 0.00939698 0.0093674 0.00895843 0.00970915 0.0187512 0.0188858 0.0137407 0.0150677 0.0128767 0.0117492 0.0189601 0.0132836 0.0141912 0.0119223 0.0192552 0.0184993 0.0107731 0.0129346 0.017261 0.0198339 0.0175811 0.0663704 0.0333429 0.0211156 0.0209405 0 0.00327637 0.00324995 0.00377279 0.0534344 0.040304 
0.00819984 0.00814693 0.0080748 0.00848111 0.00992552 0.0100363 0.00887568 0.0100232 0.0136005 0.0125349 0.0095926 0.0138352 0.0497336 0.0308063 0.0146378 0.00821261 0.00808271 0.00869658 0.0125806 0.012831 0.00915075 0.00982245 0.0371627 0.0176345 0.0328066 0.0117409 0.0125495 0.0101919 0.00947248 0.0128987 0.00886174 0.0107674 0.0429635 0.0210043 0.0250701 0.0304997 0.0199416 0.0466307 0.0205069 0.022598 0.00944778 0.00905891 0.0169123 0.0126293 0.0326847 0.016476 0.0499323 0.0412796 0.135556 0.0686333 0.0127341 0.00327637 0 0.00322757 0.00318482 0.0684474 0.0243928 
0.00804616 0.00810543 0.00815451 0.0101937 0.00961283 0.0126242 0.0100739 0.00984058 0.0142755 0.0185511 0.0116979 0.013553 0.0224502 0.0978081 0.0168519 0.00814759 0.00826469 0.00856752 0.0133911 0.0137288 0.00941889 0.0122281 0.0122496 0.0385053 0.0127277 0.0187202 0.010364 0.0102051 0.0101399 0.0117172 0.00914185 0.0120809 0.0186103 0.0305641 0.0230031 0.0150607 0.0288999 0.014235 0.0410319 0.0223146 0.0112482 0.00948397 0.0118256 0.0158551 0.0109642 0.0298321 0.0171512 0.0416202 0.0564815 0.149068 0.093845 0.00324995 0.00322757 0 0.00323701 0.0391116 0.0384825 
0.00810947 0.00824359 0.00900531 0.00946474 0.0085712 0.0104756 0.0109242 0.012605 0.00974743 0.0102112 0.0150883 0.0169106 0.0104343 0.019667 0.0560893 0.0101099 0.00929235 0.0115579 0.00893957 0.00954087 0.0150892 0.0123901 0.0133086 0.0105911 0.013499 0.00949795 0.00964866 0.00912386 0.00854027 0.00865904 0.0128676 0.0149528 0.0146574 0.0117673 0.0129026 0.0134894 0.0102581 0.0183016 0.011144 0.0156825 0.0138268 0.0141948 0.00939104 0.0093355 0.0129624 0.00991791 0.0155252 0.0135643 0.017749 0.0378993 0.112957 0.00377279 0.00318482 0.00323701 0 0.0291802 0.0681323 
0.0084084 0.00857359 0.00829799 0.00820015 0.00809174 0.00820576 0.00832486 0.00842228 0.00825787 0.00844864 0.00911984 0.00877514 0.00843413 0.0091511 0.0102587 0.010655 0.00948187 0.00819941 0.00822018 0.008303 0.00951864 0.00912697 0.00906096 0.00913119 0.00840905 0.00840277 0.00812306 0.0081787 0.00800732 0.00821517 0.00975485 0.00881113 0.00887021 0.00848776 0.00877397 0.00864233 0.0085542 0.00857684 0.00852362 0.00929898 0.0108966 0.00838865 0.00826818 0.00824216 0.00862795 0.00845319 0.00846184 0.00910602 0.00864004 0.0107375 0.0126042 0.0534344 0.0684474 0.0391116 0.0291802 0 0.00652507 
0.00842008 0.00832338 0.00832439 0.00866781 0.0082567 0.00829939 0.00840926 0.00967352 0.00870258 0.00836115 0.00887166 0.0109213 0.009005 0.00961135 0.00980623 0.00960261 0.00868433 0.00912795 0.00866689 0.00811754 0.00896894 0.012539 0.00884985 0.00947552 0.00844361 0.00866637 0.00819224 0.00814377 0.0080814 0.00827654 0.00842627 0.0130735 0.00942799 0.00954159 0.0087289 0.0087462 0.00902679 0.00881528 0.00921787 0.00863444 0.00950946 0.0105097 0.00839329 0.00860335 0.00845978 0.00908964 0.00868959 0.00922636 0.00986911 0.00958746 0.0118276 0.040304 0.0243928 0.0384825 0.0681323 0.00652507 0 
