1JSSA
ASISTKLQNTLIQYHSIEEDEWRVAKKAKDVTVWRKPSEEFNGYLYKAQGVMDDVVNNVIDHIRPGPWRLDWDRLMTSLDVLEHFEENCCVMRYTTAGQLLNIISPREFVDFSYTVGYEEGLLSCGVSVEWSETRPEFVRGYNHPCGWFCVPLKDSPSQSLLTGYIQTDLRGMIPQSAVDTAMASTLANFYSDLRKGLR
CCHHHHHHHHHHHHCCCCHHHCEEEEEECCEEEEEEECCCCCCEEEEEEEEECCCHHHHHHHHCCCCCHHHHCCCEEEEEEEEECCCCEEEEEEEECCECCCCECCEEEEEEEEEEEECCEEEEEEEECCCCCCCCCCEECEECCEEEEEEEECCEEEEEEEEEEECEECCCCCCHHHHHHHHHHHHHHHHHHHHHHCC
0 0 0 0 0 0 0 0 0 0 0 0 0 0 0 0 0 0 0 0 0 0 0 0 0 0 0 0 0 0 0 0 0 0 0 0 0 0 0 0 0 0 0 0 0 0 0 0 0 0 0 0 0 0 0 0 0 0 0 0 0 0 0 0 0 0 0 0 0 0 0 0 0 0 0 0 0 0 0 0 0 0 0 0 0 0 0 0 0 0 0 0 0 0 0 0 0 0 0 0 0 0 0 0 0 0 0 0 0 0 0 0 0 0 0 0 0 0 0 0 0 0 0 0 0 0 0 0 0 0 0 0 0 0 0 0 0 0 0 0 0 0 0 0 0 0 0 0 0 0 0 0 0 0 0 0 0 0 0 0 0 0 0 0 0 0 0 0 0 0 0 0 0 0 0 0 0 0 0 0 0 0 0 0 0 0 0 0 0 0 0 0 0 0 0 0 0 0 0 
0 0 0 0 0 0 0 0 0 0 0 0 0 0 0 0 0 0 0 0 0 0 0 0 0 0 0 0 0 0 0 0 0 0 0 0 0 0 0 0 0 0 0 0 0 0 0 0 0 0 0 0 0 0 0 0 0 0 0 0 0 0 0 0 0 0 0 0 0 0 0 0 0 0 0 0 0 0 0 0 0 0 0 0 0 0 0 0 0 0 0 0 0 0 0 0 0 0 0 0 0 0 0 0 0 0 0 0 0 0 0 0 0 0 0 0 0 0 0 0 0 0 0 0 0 0 0 0 0 0 0 0 0 0 0 0 0 0 0 0 0 0 0 0 0 0 0 0 0 0 0 0 0 0 0 0 0 0 0 0 0 0 0 0 0 0 0 0 0 0 0 0 0 0 0 0 0 0 0 0 0 0 0 0 0 0 0 0 0 0 0 0 0 0 0 0 0 0 0 
0 0.00311439 0.00324816 0.00333219 0.00366556 0.00756609 0.00449414 0.0053484 0.00576301 0.00743744 0.41753 0.154622 0.0541115 0.0118623 0.00844118 0.00949482 0.0116824 0.00853726 0.0104774 0.00908366 0.0114256 0.0186788 0.00930423 0.00843561 0.0088251 0.00861144 0.00873821 0.00866286 0.00833245 0.00883192 0.0114355 0.00919314 0.0083225 0.00895073 0.0084012 0.00857305 0.00850303 0.00927942 0.0126902 0.0101684 0.0100241 0.00834337 0.00831306 0.00853031 0.00840546 0.00847488 0.00837673 0.00826929 0.00840395 0.00832058 0.00812792 0.00822709 0.0100448 0.00829968 0.00814857 0.00815639 0.0082316 0.0081047 0.00818618 0.00818792 0.0100837 0.00802103 0.00829148 0.00805227 0.00838302 0.00816806 0.00797489 0.00813333 0.00808299 0.00801535 0.00797421 0.00811989 0.00872895 0.00800928 0.00780698 0.0078439 0.00786988 0.00790189 0.00797937 0.00798848 0.008032 0.0081426 0.00803231 0.00813431 0.00817362 0.00862784 
0.00311439 0 0.00320136 0.00322905 0.00323982 0.00325008 0.00424955 0.00627914 0.00641097 0.366801 0.130502 0.0301761 0.00684838 0.00870227 0.0109831 0.00983205 0.00946543 0.00917444 0.0103937 0.0100291 0.0133303 0.00859123 0.00903767 0.00963196 0.00899538 0.00881873 0.00942851 0.00847482 0.0085404 0.00901817 0.00837754 0.00868697 0.0107131 0.00982817 0.010835 0.0102961 0.00934461 0.00938126 0.00847006 0.00804455 0.00813337 0.0082 0.0088757 0.00929581 0.00974245 0.0097018 0.00909776 0.00925668 0.00884317 0.00866882 0.0082575 0.00836191 0.00813118 0.00806651 0.00862774 0.00874954 0.00868233 0.00853014 0.00860034 0.00836261 0.00810916 0.0079964 0.00790582 0.00786631 0.00789494 0.00795056 0.0083104 0.00845872 0.00828566 0.0083149 0.00811513 0.00785616 0.00786926 0.00780735 0.00781983 0.00792069 0.00787975 0.00806776 0.00815965 0.00833487 0.00845404 0.00838317 0.00836528 0.00811874 0.00801872 0.0079273 
0.00324816 0.00320136 0 0.00331633 0.00322224 0.00320804 0.00445981 0.00523498 0.117975 0.162046 0.0159108 0.00599339 0.00623591 0.00863934 0.00975638 0.00942605 0.00966347 0.0128169 0.00867081 0.0161272 0.0087383 0.00944295 0.0101186 0.008777 0.00983053 0.0118021 0.00897986 0.00990506 0.00986853 0.00856815 0.00855535 0.00873226 0.00931654 0.013294 0.0109728 0.0110523 0.0114165 0.00894141 0.00857049 0.00822115 0.00853674 0.00840787 0.0086514 0.0111137 0.0119879 0.0101712 0.0122908 0.00915223 0.0103856 0.00897991 0.009273 0.00811261 0.0083245 0.00821451 0.00856548 0.00944058 0.00932327 0.00951003 0.00899917 0.0083422 0.00833229 0.00793473 0.00793122 0.00793371 0.00789416 0.00808054 0.00843775 0.0087656 0.00862342 0.00857576 0.00807562 0.007963 0.0079292 0.00787302 0.00786782 0.00792174 0.00797507 0.00832134 0.00811946 0.00880189 0.00838472 0.00919002 0.00833264 0.0081827 0.00809319 0.00786504 
0.00333219 0.00322905 0.00331633 0 0.00317532 0.0032043 0.00391869 0.0398444 0.416508 0.0278406 0.00657226 0.00552893 0.00624402 0.00931638 0.00859378 0.00984508 0.0105583 0.00845076 0.0151916 0.00898332 0.0101731 0.00841799 0.00993924 0.00919442 0.010131 0.00884125 0.00973799 0.0090268 0.00882771 0.00857804 0.00831441 0.00849235 0.00933328 0.01184 0.0110515 0.0108201 0.00999529 0.00873748 0.00841305 0.00810169 0.00819086 0.0081894 0.00868003 0.0105005 0.0100653 0.0117085 0.00925532 0.0107033 0.00916795 0.00950959 0.00842975 0.00823129 0.00807254 0.00811895 0.00853338 0.0090018 0.00974817 0.00887898 0.00925906 0.00822859 0.00822404 0.007932 0.00787341 0.00789997 0.00785237 0.00798275 0.0082862 0.00882643 0.00861842 0.00828086 0.00807638 0.00792537 0.00785533 0.0078716 0.00784836 0.0079215 0.0079799 0.00805537 0.0084451 0.00831068 0.00867307 0.00847794 0.00826296 0.00811194 0.00802619 0.0079034 
0.00366556 0.00323982 0.00322224 0.00317532 0 0.00328296 0.00608071 0.771581 0.00525684 0.00519456 0.00493263 0.00553679 0.00549604 0.00887402 0.0110881 0.00863997 0.0085187 0.0107211 0.00818306 0.00884602 0.0100116 0.00933222 0.00975339 0.00903606 0.00860435 0.00885687 0.00861154 0.00844269 0.00843226 0.00853416 0.00827821 0.00883789 0.00974032 0.00907705 0.009513 0.00889378 0.00887018 0.00873199 0.0083225 0.00840108 0.00834123 0.00868889 0.00847998 0.00862033 0.00875008 0.00878347 0.00864204 0.00838101 0.0085705 0.00831269 0.00822242 0.00815223 0.00810079 0.00853645 0.00880859 0.00858143 0.00833362 0.00828193 0.00834243 0.00837621 0.00812666 0.00806162 0.00786084 0.00786418 0.00784793 0.00794218 0.00818375 0.008264 0.00822657 0.00813519 0.00796121 0.00789373 0.00783549 0.00800346 0.0079584 0.00789354 0.00789326 0.00803765 0.00798727 0.00818562 0.00808102 0.00827478 0.00813465 0.00806733 0.00791136 0.00794263 
0.00756609 0.00325008 0.00320804 0.0032043 0.00328296 0 0.967701 0.00530954 0.00384638 0.00334878 0.00415467 0.00473442 0.00506523 0.0141701 0.00945411 0.00820832 0.0179567 0.00828476 0.00825301 0.00865378 0.0142289 0.0126782 0.020898 0.00844477 0.00850946 0.00877832 0.00841292 0.00841708 0.00838076 0.00858855 0.00884109 0.0131968 0.00879488 0.00865015 0.00851479 0.00851183 0.00847375 0.00835584 0.00864532 0.0106071 0.0111389 0.0116738 0.00822667 0.00832094 0.00843724 0.00833023 0.0083495 0.00827277 0.00830716 0.00831352 0.00815022 0.00802275 0.00827346 0.0103969 0.00873609 0.00819547 0.00812866 0.00803997 0.00819624 0.00804268 0.00837234 0.00875139 0.007892 0.00803968 0.00787505 0.00891489 0.00798118 0.0079655 0.00800946 0.00798153 0.00790909 0.00785153 0.00793527 0.00839493 0.00792289 0.00787605 0.00786153 0.00792286 0.00787731 0.00793174 0.00792839 0.00798277 0.00796126 0.00799636 0.00804136 0.00793755 
0.00449414 0.00424955 0.00445981 0.00391869 0.00608071 0.967701 0 0.00319759 0.0032109 0.00319438 0.00327573 0.00342443 0.00458129 0.00865227 0.00854817 0.00897751 0.00849189 0.0114616 0.00984902 0.587067 0.0311934 0.0581041 0.0176845 0.00897613 0.00994898 0.0126585 0.00880678 0.00993057 0.00917961 0.00984563 0.0153956 0.0144587 0.0098268 0.0104474 0.00964061 0.0100535 0.00945571 0.0115039 0.0203535 0.0133103 0.0168813 0.0104159 0.0086575 0.00993528 0.0104167 0.00899635 0.0109585 0.00888557 0.00989897 0.00876544 0.00938547 0.0110166 0.0178498 0.00978857 0.00872664 0.00890601 0.00871303 0.00923198 0.00852237 0.00945059 0.0126583 0.00828093 0.00878685 0.00799115 0.00924645 0.00825512 0.00831176 0.00852624 0.00834349 0.00925732 0.00804176 0.00866797 0.0103143 0.0080087 0.00796568 0.00790027 0.00786883 0.00870444 0.00797783 0.00871761 0.00812589 0.0086475 0.00847491 0.00904327 0.00931082 0.00890668 
0.0053484 0.00627914 0.00523498 0.0398444 0.771581 0.00530954 0.00319759 0 0.00316175 0.00316714 0.00320901 0.00320957 0.00347989 0.00750562 0.00763894 0.00812908 0.0118817 0.00837912 0.820258 0.0210494 0.0418028 0.00928463 0.00914802 0.0161197 0.0106965 0.00882657 0.0155784 0.00887364 0.00892459 0.0107516 0.00894576 0.00924849 0.0159923 0.0131911 0.016741 0.0127447 0.0151452 0.0132206 0.00992706 0.00827206 0.00838453 0.0089718 0.0135694 0.0123348 0.0113277 0.0208285 0.00945927 0.0178169 0.00955365 0.0132034 0.00905084 0.012854 0.00831951 0.00841571 0.0109414 0.0100287 0.0124496 0.00953413 0.0121058 0.00986495 0.00870344 0.00815362 0.00797625 0.00820745 0.00794326 0.00815543 0.00898041 0.00934118 0.0091888 0.00861412 0.00836003 0.00808732 0.00796378 0.00785801 0.00788204 0.00798986 0.00814312 0.00805764 0.00923041 0.00843778 0.00996205 0.00884503 0.00907058 0.00821327 0.00820578 0.00816066 
0.00576301 0.00641097 0.117975 0.416508 0.00525684 0.00384638 0.0032109 0.00316175 0 0.00316228 0.00317114 0.00317462 0.00319467 0.00654236 0.00748919 0.00991758 0.0096655 0.899823 0.0183821 0.051423 0.0206105 0.00957968 0.0110047 0.00961303 0.0142646 0.0212362 0.0104732 0.0149768 0.0124695 0.00896348 0.00869835 0.00961967 0.0126813 0.0388763 0.0232833 0.0335828 0.0255672 0.0116682 0.00941924 0.00810385 0.00827617 0.00874946 0.01049 0.0249036 0.0354104 0.019283 0.0406163 0.0137398 0.029226 0.0131239 0.0245837 0.0085307 0.00846856 0.00853163 0.010351 0.0211782 0.0169554 0.0217756 0.0145426 0.00994007 0.00863601 0.00806484 0.00818264 0.00800841 0.00792499 0.00860105 0.00985154 0.0133177 0.0108261 0.0110953 0.00863835 0.00815713 0.00792998 0.00782689 0.00793206 0.00821124 0.00819593 0.00933191 0.008527 0.0111666 0.00930493 0.0119798 0.0096301 0.0090906 0.00833886 0.00803117 
0.00743744 0.366801 0.162046 0.0278406 0.00519456 0.00334878 0.00319438 0.00316714 0.00316228 0 0.0031561 0.00316067 0.00316876 0.00694042 0.00858834 0.00967179 0.848112 0.0238254 0.0214812 0.0127136 0.0114247 0.00833702 0.00957574 0.0146419 0.0158157 0.0128543 0.0160935 0.0131788 0.0105088 0.00961712 0.00868915 0.00931988 0.0176139 0.0294612 0.0452462 0.0301218 0.0249263 0.0122014 0.00932364 0.00814754 0.00819672 0.00888318 0.0136186 0.0275358 0.0355339 0.0373617 0.0201571 0.0348436 0.0160254 0.0243693 0.0115231 0.0104859 0.00863248 0.00866368 0.0115998 0.0204904 0.0259582 0.0201886 0.0178815 0.00987148 0.00869743 0.00807203 0.00813219 0.00816696 0.00800015 0.00861725 0.0108501 0.0142941 0.0131434 0.0111734 0.00893822 0.00821302 0.00799853 0.00786351 0.00797866 0.0081997 0.00863924 0.00863437 0.0102173 0.00983095 0.0116561 0.0114397 0.00992035 0.00907462 0.00831296 0.00808335 
0.41753 0.130502 0.0159108 0.00657226 0.00493263 0.00415467 0.00327573 0.00320901 0.00317114 0.0031561 0 0.00315103 0.00316195 0.00719946 0.00897389 0.86297 0.0391679 0.0229782 0.0119694 0.0112596 0.0106634 0.00904475 0.0109221 0.0121767 0.0153001 0.0125276 0.0165994 0.012072 0.0103819 0.00917837 0.00855139 0.0100257 0.0142771 0.0444412 0.0300366 0.0259646 0.0214394 0.0118574 0.0090068 0.0081465 0.00830304 0.00901643 0.0136771 0.0236186 0.0291813 0.0275137 0.0211029 0.019392 0.0221702 0.0144201 0.0137547 0.00909738 0.00843814 0.00875162 0.0114866 0.0171475 0.0205383 0.0175465 0.0151232 0.00937984 0.00863679 0.00825138 0.00830877 0.00819713 0.00796243 0.00878522 0.0104928 0.0135885 0.0112861 0.009973 0.00864853 0.00817033 0.00795477 0.00792289 0.0079815 0.00830481 0.0082302 0.00890117 0.00910033 0.00962237 0.00999696 0.01072 0.00928843 0.0088859 0.0082254 0.00797795 
0.154622 0.0301761 0.00599339 0.00552893 0.00553679 0.00473442 0.00342443 0.00320957 0.00317462 0.00316067 0.00315103 0 0.00315202 0.00735741 0.916575 0.0152399 0.0176599 0.00999951 0.00705433 0.00857932 0.00812565 0.00801138 0.0107406 0.0103499 0.0103468 0.0104134 0.00895678 0.00897204 0.00875801 0.00894423 0.00835231 0.00898256 0.0143328 0.0157482 0.01172 0.01254 0.0116757 0.0110471 0.00864813 0.00821409 0.00824475 0.00906524 0.0101191 0.0120312 0.0107207 0.0115048 0.0105191 0.0108584 0.0100511 0.00982255 0.00910457 0.00870675 0.00825403 0.00872157 0.00991152 0.00972492 0.00970591 0.00995765 0.00996701 0.0096538 0.00841245 0.00815969 0.00811046 0.00815895 0.00800255 0.00840151 0.00970328 0.00974879 0.00897033 0.00860614 0.00824919 0.00807977 0.00792048 0.00782499 0.00798249 0.00801639 0.00798673 0.00822389 0.00829912 0.00881348 0.00852316 0.00885563 0.00885494 0.00844416 0.00808419 0.00799595 
0.0541115 0.00684838 0.00623591 0.00624402 0.00549604 0.00506523 0.00458129 0.00347989 0.00319467 0.00316876 0.00316195 0.00315202 0 0.93239 0.0112952 0.0183629 0.00693975 0.0063718 0.00668417 0.006666 0.00743583 0.00825303 0.0168943 0.00948555 0.00919406 0.00886135 0.00875583 0.00856351 0.00852426 0.00854519 0.00876921 0.0164436 0.0111154 0.0101628 0.00955166 0.00933066 0.00930384 0.00881607 0.00918933 0.0109766 0.0106374 0.0137798 0.00907652 0.00898187 0.00915276 0.00882917 0.00915484 0.00884351 0.00894402 0.00871662 0.00849159 0.00832638 0.00834226 0.0122114 0.00966888 0.00865007 0.00865572 0.00859094 0.00866377 0.00845146 0.00906545 0.00926748 0.00799936 0.0086475 0.00794861 0.00978901 0.00842506 0.00831899 0.00825049 0.00819457 0.00795089 0.00787697 0.0079384 0.00858062 0.00801384 0.00797409 0.00793532 0.00806687 0.00805192 0.00812145 0.00813599 0.00836052 0.00817394 0.00824046 0.0081405 0.00814817 
0.0118623 0.00870227 0.00863934 0.00931638 0.00887402 0.0141701 0.00865227 0.00750562 0.00654236 0.00694042 0.00719946 0.00735741 0.93239 0 0.003258 0.00318409 0.00325538 0.00316083 0.00364055 0.00331396 0.0047066 0.00931061 0.0172603 0.0109795 0.00983917 0.00876996 0.0107446 0.0086945 0.00860018 0.0104107 0.0165536 0.0124623 0.0101274 0.0101953 0.00987679 0.0100605 0.00928582 0.0124249 0.018604 0.0109343 0.011274 0.00973361 0.00986093 0.00950207 0.00938997 0.010404 0.00890342 0.0101713 0.0088414 0.00960624 0.00992025 0.0100764 0.0118305 0.00908744 0.00889218 0.00880628 0.00921495 0.00868716 0.00885136 0.00940642 0.0135246 0.00865689 0.00864865 0.00851389 0.00859168 0.00828612 0.00828009 0.00832483 0.00841385 0.00839346 0.00812546 0.00845902 0.00952212 0.00814319 0.00781099 0.00785833 0.00793256 0.00789926 0.00823967 0.00805685 0.00826867 0.00827032 0.00864847 0.00855715 0.00854035 0.00924046 
0.00844118 0.0109831 0.00975638 0.00859378 0.0110881 0.00945411 0.00854817 0.00763894 0.00748919 0.00858834 0.00897389 0.916575 0.0112952 0.003258 0 0.00320516 0.00318255 0.00322399 0.00321918 0.0034136 0.00397194 0.00557361 0.019971 0.0125495 0.00987294 0.0123281 0.00912931 0.00937106 0.00955503 0.0123811 0.00952218 0.00989879 0.0163462 0.0149725 0.0137978 0.0152278 0.0138704 0.0151081 0.012935 0.00870262 0.00896759 0.00901181 0.0104201 0.0126355 0.0172345 0.0118224 0.0166352 0.010466 0.0136866 0.0141191 0.0101881 0.00974714 0.00943113 0.00882124 0.0104233 0.0116417 0.010952 0.0111201 0.0115811 0.0100876 0.00976895 0.00818252 0.00825384 0.00813673 0.00810093 0.00855217 0.00929992 0.00969721 0.00903018 0.00945079 0.00830328 0.0082696 0.00807699 0.00783228 0.00793924 0.00806685 0.00794604 0.00867213 0.0083518 0.00946064 0.00891843 0.00986544 0.0155518 0.00844822 0.00859153 0.00803942 
0.00949482 0.00983205 0.00942605 0.00984508 0.00863997 0.00820832 0.00897751 0.00812908 0.00991758 0.00967179 0.86297 0.0152399 0.0183629 0.00318409 0.00320516 0 0.00314711 0.0031503 0.0031822 0.003222 0.00329215 0.00348437 0.0148182 0.0152519 0.0167587 0.012498 0.0131544 0.0158885 0.0109413 0.00999702 0.00873281 0.0106538 0.0157615 0.0297754 0.0303381 0.0248323 0.0333721 0.0152444 0.0098086 0.00829758 0.00841123 0.0092087 0.0143822 0.0296309 0.0287439 0.0324037 0.0286732 0.0260441 0.0364295 0.0156858 0.0190551 0.00963842 0.00892434 0.00899576 0.0126179 0.0233747 0.0233169 0.0250512 0.0176323 0.014328 0.008771 0.00815199 0.00823434 0.00810716 0.00808235 0.00878657 0.0114968 0.0169803 0.0141565 0.0117262 0.00942065 0.00820748 0.00807515 0.00791291 0.00799282 0.00818038 0.00865652 0.00894065 0.0101097 0.0109691 0.0111777 0.0142711 0.0106267 0.0099482 0.00840817 0.00802619 
0.0116824 0.00946543 0.00966347 0.0105583 0.0085187 0.0179567 0.00849189 0.0118817 0.0096655 0.848112 0.0391679 0.0176599 0.00693975 0.00325538 0.00318255 0.00314711 0 0.00314162 0.00317721 0.00317561 0.00322821 0.00328093 0.0134344 0.0198711 0.0224409 0.011455 0.0293904 0.0107861 0.0119605 0.00984465 0.00891817 0.0101653 0.0190691 0.0320944 0.032033 0.039608 0.0245525 0.0165123 0.00983135 0.00831058 0.00828746 0.00939881 0.0175569 0.0262173 0.0246541 0.0522693 0.0160215 0.0518436 0.0146514 0.0398602 0.0109672 0.0154277 0.00848664 0.00905749 0.0141876 0.0177213 0.0362469 0.0170325 0.0308752 0.00985456 0.0100457 0.0082691 0.0084677 0.00830514 0.00799814 0.00919269 0.0120097 0.0162071 0.014349 0.011093 0.00951574 0.00856664 0.00800863 0.00797096 0.00795822 0.00836684 0.00861959 0.0088473 0.0126782 0.0097275 0.0131588 0.0117068 0.0114302 0.00910197 0.00832569 0.00810144 
0.00853726 0.00917444 0.0128169 0.00845076 0.0107211 0.00828476 0.0114616 0.00837912 0.899823 0.0238254 0.0229782 0.00999951 0.0063718 0.00316083 0.00322399 0.0031503 0.00314162 0 0.00315075 0.003165 0.00319625 0.00322473 0.0194223 0.0109997 0.0147727 0.0503313 0.00940222 0.0154611 0.0105374 0.00881339 0.00857161 0.0103956 0.0120944 0.0350001 0.0311183 0.0298554 0.0298219 0.0126508 0.00981638 0.00842769 0.00900891 0.00945481 0.0103208 0.0284196 0.0419117 0.0139017 0.0713706 0.0110836 0.0520995 0.0112795 0.0309025 0.00860917 0.0101252 0.00933615 0.0105787 0.0300679 0.0147348 0.0327271 0.0117909 0.0118714 0.0086932 0.00808023 0.00835214 0.0080329 0.00817571 0.00887843 0.0109321 0.0152885 0.0127558 0.0146619 0.00882593 0.00822451 0.00815245 0.00784548 0.0080564 0.00823018 0.0083195 0.0114082 0.00856418 0.0160929 0.0096547 0.0151299 0.00951826 0.0101268 0.0085543 0.0079115 
0.0104774 0.0103937 0.00867081 0.0151916 0.00818306 0.00825301 0.00984902 0.820258 0.0183821 0.0214812 0.0119694 0.00705433 0.00668417 0.00364055 0.00321918 0.0031822 0.00317721 0.00315075 0 0.00315144 0.00319395 0.0031605 0.011392 0.0256748 0.0282263 0.0096022 0.0365548 0.00977456 0.00947236 0.00987365 0.00870964 0.00913263 0.0165482 0.0285348 0.0390973 0.0310983 0.0196366 0.0127519 0.00892883 0.00818322 0.00812935 0.00874052 0.0163079 0.021757 0.0202196 0.0651015 0.0114698 0.0675599 0.0113982 0.0343624 0.00953551 0.0155905 0.00826933 0.00865297 0.0140481 0.0146552 0.0400704 0.0130319 0.0269536 0.00917782 0.0087652 0.00811897 0.00820217 0.00851289 0.00791262 0.00864244 0.0109243 0.0164586 0.0144319 0.0103862 0.00897908 0.00806311 0.00792944 0.00791715 0.00788486 0.00826082 0.00859253 0.00850361 0.0135867 0.00919473 0.0145698 0.0105796 0.0105524 0.00885478 0.00828257 0.00805818 
0.00908366 0.0100291 0.0161272 0.00898332 0.00884602 0.00865378 0.587067 0.0210494 0.051423 0.0127136 0.0112596 0.00857932 0.006666 0.00331396 0.0034136 0.003222 0.00317561 0.003165 0.00315144 0 0.00315769 0.00316099 0.0276647 0.0193552 0.0359022 0.0374231 0.0106713 0.0186645 0.0147684 0.0094002 0.00879602 0.0105986 0.0169609 0.0389652 0.0318208 0.0263025 0.0302481 0.0111466 0.00938504 0.00826315 0.00857937 0.00939433 0.0121964 0.0310599 0.0445935 0.0168233 0.0561384 0.012738 0.0469333 0.0114901 0.0264825 0.00901657 0.00877126 0.00906639 0.0126208 0.0290053 0.0173248 0.0267617 0.0133655 0.011319 0.00885196 0.00810498 0.00845601 0.00808955 0.00819993 0.00912893 0.0114864 0.0172971 0.012601 0.0128611 0.00891295 0.00825085 0.00803775 0.00786572 0.00800173 0.00829537 0.00837698 0.00975041 0.00905342 0.0138111 0.0103564 0.0145303 0.00973197 0.00936955 0.0084785 0.00809109 
0.0114256 0.0133303 0.0087383 0.0101731 0.0100116 0.0142289 0.0311934 0.0418028 0.0206105 0.0114247 0.0106634 0.00812565 0.00743583 0.0047066 0.00397194 0.00329215 0.00322821 0.00319625 0.00319395 0.00315769 0 0.00322235 0.012142 0.0395128 0.0198163 0.0105879 0.0206146 0.0101033 0.0102652 0.0196113 0.00996468 0.0106249 0.0208533 0.0175743 0.0179839 0.0183575 0.0114865 0.0180576 0.00958588 0.00883872 0.00878421 0.00969403 0.0166853 0.0156284 0.0135326 0.0272323 0.0106639 0.0254881 0.00996656 0.0147022 0.0090454 0.0131039 0.00833049 0.0096999 0.0136308 0.0106118 0.0133607 0.0102994 0.0136943 0.0101373 0.00874877 0.00859612 0.00836746 0.0087271 0.00813452 0.00863788 0.0109977 0.010737 0.00985015 0.00898655 0.00833345 0.00809424 0.00804685 0.0079248 0.00799929 0.00806559 0.00804771 0.0083322 0.00897629 0.00888173 0.00907609 0.0091487 0.0104452 0.00857048 0.00811222 0.00809003 
0.0186788 0.00859123 0.00944295 0.00841799 0.00933222 0.0126782 0.0581041 0.00928463 0.00957968 0.00833702 0.00904475 0.00801138 0.00825303 0.00931061 0.00557361 0.00348437 0.00328093 0.00322473 0.0031605 0.00316099 0.00322235 0 0.045024 0.0102015 0.014592 0.0146356 0.0095076 0.0103103 0.00973861 0.0115288 0.0173333 0.0180206 0.010573 0.0118756 0.0103344 0.0109268 0.0102101 0.00989174 0.0131111 0.0135925 0.0147842 0.0162819 0.00927506 0.0122611 0.0108234 0.00944314 0.0109368 0.00917042 0.0104494 0.00893874 0.00915901 0.00849551 0.0100446 0.0145849 0.00998434 0.00944873 0.00927776 0.0095488 0.00930979 0.00927582 0.0100312 0.00977246 0.00847065 0.00857999 0.00833525 0.0119735 0.00866698 0.00905484 0.00872506 0.00865753 0.00817623 0.00817533 0.00817104 0.00872244 0.00805425 0.00809538 0.00803028 0.00855658 0.00823127 0.00864765 0.00836384 0.00892504 0.00861842 0.00911168 0.00871434 0.00808398 
0.00930423 0.00903767 0.0101186 0.00993924 0.00975339 0.020898 0.0176845 0.00914802 0.0110047 0.00957574 0.0109221 0.0107406 0.0168943 0.0172603 0.019971 0.0148182 0.0134344 0.0194223 0.011392 0.0276647 0.012142 0.045024 0 0.00322393 0.00320917 0.00329647 0.00323596 0.00339609 0.00345692 0.00397182 0.0105533 0.00652118 0.00673341 0.00795085 0.00794537 0.00903671 0.00985929 0.0118748 0.463393 0.0329724 0.0208559 0.0141836 0.0105859 0.0114179 0.0102341 0.00983015 0.0105093 0.00945783 0.0107272 0.0119415 0.0102367 0.00981307 0.0323874 0.0127935 0.00997641 0.0100534 0.0097556 0.0106403 0.00953427 0.0110024 0.0200406 0.00897449 0.0104463 0.00848436 0.0108918 0.0092968 0.00973801 0.00912925 0.00915974 0.0092833 0.00851786 0.0087612 0.0123473 0.00803867 0.0080214 0.00807628 0.00806691 0.00863241 0.00836095 0.00890678 0.00872299 0.00945756 0.00910763 0.00977246 0.00930006 0.00912181 
0.00843561 0.00963196 0.008777 0.00919442 0.00903606 0.00844477 0.00897613 0.0161197 0.00961303 0.0146419 0.0121767 0.0103499 0.00948555 0.0109795 0.0125495 0.0152519 0.0198711 0.0109997 0.0256748 0.0193552 0.0395128 0.0102015 0.00322393 0 0.00318342 0.00318458 0.00319129 0.00315408 0.00328322 0.00537691 0.00352753 0.00590155 0.00790378 0.00774313 0.00864341 0.00929957 0.0104944 0.135765 0.133515 0.00848806 0.00886475 0.00983763 0.018637 0.0124282 0.0132549 0.0147573 0.0115076 0.0140026 0.0225826 0.0133695 0.00917671 0.0176842 0.0087506 0.00923206 0.0141241 0.0117989 0.0140686 0.011872 0.0134021 0.0138178 0.00904512 0.00897081 0.00835756 0.00858453 0.00826465 0.00875128 0.011051 0.0120872 0.0113209 0.00924673 0.00903296 0.00830403 0.00818228 0.00793145 0.00794954 0.00804249 0.00827199 0.00841286 0.00969814 0.00979949 0.0106529 0.0106441 0.011302 0.00849898 0.00852149 0.00818929 
0.0088251 0.00899538 0.00983053 0.010131 0.00860435 0.00850946 0.00994898 0.0106965 0.0142646 0.0158157 0.0153001 0.0103468 0.00919406 0.00983917 0.00987294 0.0167587 0.0224409 0.0147727 0.0282263 0.0359022 0.0198163 0.014592 0.00320917 0.00318342 0 0.00316092 0.00316087 0.00317663 0.0033585 0.00319294 0.00322519 0.00565085 0.00776319 0.00813563 0.00868966 0.0107178 0.0621048 0.585187 0.015846 0.00804021 0.00836733 0.00964937 0.0112088 0.0189266 0.014193 0.0217613 0.0126865 0.0216622 0.0125644 0.0150045 0.0141937 0.00985649 0.00886512 0.00945981 0.0124249 0.0136383 0.0219248 0.0134116 0.0225512 0.00975733 0.00964209 0.00827838 0.00872863 0.00835288 0.00824632 0.00913973 0.0110033 0.0153239 0.0137259 0.0105137 0.00974079 0.00834743 0.00811716 0.0079644 0.0080417 0.00849512 0.00854448 0.00925711 0.0103731 0.0112883 0.0123426 0.0149245 0.00985088 0.00961187 0.00851671 0.0080991 
0.00861144 0.00881873 0.0118021 0.00884125 0.00885687 0.00877832 0.0126585 0.00882657 0.0212362 0.0128543 0.0125276 0.0104134 0.00886135 0.00876996 0.0123281 0.012498 0.011455 0.0503313 0.0096022 0.0374231 0.0105879 0.0146356 0.00329647 0.00318458 0.00316092 0 0.00316863 0.00320655 0.0031826 0.00324655 0.00341902 0.00533036 0.00663809 0.00750276 0.00843038 0.0621402 0.659159 0.0297088 0.0083243 0.00795646 0.00962312 0.00936455 0.0098252 0.0151311 0.0208441 0.0101056 0.0322241 0.00941051 0.021874 0.0103486 0.0191115 0.00872599 0.00996156 0.00948748 0.00971848 0.0204871 0.011926 0.0280508 0.01046 0.0121193 0.00892284 0.00837936 0.00855324 0.00820554 0.0083475 0.00861124 0.0100936 0.0152536 0.0111022 0.0150185 0.00874311 0.00838415 0.00846165 0.00802453 0.0082108 0.00835561 0.00844743 0.010774 0.00875494 0.0166364 0.0100525 0.0148465 0.00930432 0.0099969 0.00850932 0.0080364 
0.00873821 0.00942851 0.00897986 0.00973799 0.00861154 0.00841292 0.00880678 0.0155784 0.0104732 0.0160935 0.0165994 0.00895678 0.00875583 0.0107446 0.00912931 0.0131544 0.0293904 0.00940222 0.0365548 0.0106713 0.0206146 0.0095076 0.00323596 0.00319129 0.00316087 0.00316863 0 0.00316626 0.00317682 0.003182 0.00331842 0.00481509 0.0069656 0.00966213 0.0468041 0.625536 0.0357336 0.00824528 0.00790504 0.00749505 0.00815106 0.00894332 0.0121782 0.0136386 0.0107022 0.0274203 0.00928673 0.0249477 0.00976158 0.0226503 0.00919911 0.0117866 0.00840588 0.00913491 0.012666 0.0108009 0.0288952 0.0111201 0.0209359 0.00926779 0.00907228 0.00839006 0.00846758 0.00841598 0.00819258 0.00867455 0.0104533 0.0130952 0.0145683 0.0095266 0.00915078 0.00828786 0.00817361 0.0081014 0.00798057 0.00838035 0.00873677 0.00866015 0.0133175 0.00923933 0.0146817 0.0115081 0.00983755 0.00886217 0.00816231 0.0080402 
0.00866286 0.00847482 0.00990506 0.0090268 0.00844269 0.00841708 0.00993057 0.00887364 0.0149768 0.0131788 0.012072 0.00897204 0.00856351 0.0086945 0.00937106 0.0158885 0.0107861 0.0154611 0.00977456 0.0186645 0.0101033 0.0103103 0.00339609 0.00315408 0.00317663 0.00320655 0.00316626 0 0.00314994 0.00321076 0.00321745 0.00426909 0.00558224 0.0371811 0.547337 0.0405971 0.00832213 0.00741481 0.00737179 0.00719694 0.00817589 0.00888971 0.00961986 0.0117176 0.0153004 0.00976043 0.0155988 0.00966943 0.0146871 0.0112922 0.0120366 0.00870743 0.00892386 0.00911394 0.00949046 0.0165514 0.0115507 0.0155631 0.0111046 0.0092587 0.00873431 0.00825412 0.0083483 0.00814662 0.00811243 0.00848478 0.00976056 0.0135425 0.0109711 0.0100162 0.00864052 0.00832252 0.00821102 0.00794915 0.00804051 0.00822963 0.00828427 0.00924502 0.00871914 0.0111958 0.00967126 0.0107922 0.00903156 0.00890536 0.00822378 0.00800231 
0.00833245 0.0085404 0.00986853 0.00882771 0.00843226 0.00838076 0.00917961 0.00892459 0.0124695 0.0105088 0.0103819 0.00875801 0.00852426 0.00860018 0.00955503 0.0109413 0.0119605 0.0105374 0.00947236 0.0147684 0.0102652 0.00973861 0.00345692 0.00328322 0.0033585 0.0031826 0.00317682 0.00314994 0 0.00317149 0.00319328 0.0037344 0.0167159 0.156684 0.0443674 0.00683082 0.00673374 0.0065883 0.00675021 0.00704925 0.00806177 0.00862969 0.00936722 0.0128952 0.0099124 0.0100539 0.0107287 0.0113024 0.0102861 0.00983023 0.0103227 0.00925873 0.00857253 0.00876674 0.0099602 0.0104788 0.0111708 0.0102773 0.0106323 0.00898516 0.00876675 0.00821902 0.00837482 0.00814809 0.00815422 0.00826996 0.00905557 0.0122346 0.0102108 0.00934224 0.00867377 0.00819845 0.00825254 0.00798246 0.00796979 0.00825487 0.00831951 0.00879537 0.00875134 0.0095836 0.00921071 0.0108024 0.00887085 0.00874819 0.00808968 0.00799446 
0.00883192 0.00901817 0.00856815 0.00857804 0.00853416 0.00858855 0.00984563 0.0107516 0.00896348 0.00961712 0.00917837 0.00894423 0.00854519 0.0104107 0.0123811 0.00999702 0.00984465 0.00881339 0.00987365 0.0094002 0.0196113 0.0115288 0.00397182 0.00537691 0.00319294 0.00324655 0.003182 0.00321076 0.00317149 0 0.00350401 0.00863263 0.169977 0.19525 0.00586948 0.00757511 0.00692768 0.00691069 0.00656538 0.00699425 0.00812189 0.0091674 0.0149741 0.00943882 0.0098144 0.0118829 0.0093072 0.00988683 0.00954362 0.010106 0.00993462 0.0097027 0.00869718 0.0099914 0.0110919 0.00944441 0.00991612 0.00937555 0.00986069 0.0103661 0.00874274 0.00859587 0.00838837 0.00904273 0.00832046 0.00843227 0.010617 0.00923038 0.00892388 0.00857642 0.00828517 0.00828893 0.00826081 0.00810588 0.00809743 0.00808082 0.00803605 0.00823475 0.00838949 0.00850234 0.00849949 0.00882534 0.009234 0.00835674 0.00816352 0.00805104 
0.0114355 0.00837754 0.00855535 0.00831441 0.00827821 0.00884109 0.0153956 0.00894576 0.00869835 0.00868915 0.00855139 0.00835231 0.00876921 0.0165536 0.00952218 0.00873281 0.00891817 0.00857161 0.00870964 0.00879602 0.00996468 0.0173333 0.0105533 0.00352753 0.00322519 0.00341902 0.00331842 0.00321745 0.00319328 0.00350401 0 0.193188 0.322404 0.0040506 0.00410683 0.00552416 0.00611436 0.00601459 0.00676201 0.00829153 0.0101532 0.0186431 0.00910634 0.00882026 0.00924479 0.0089363 0.00863396 0.00880136 0.00870738 0.0141223 0.00836293 0.00870392 0.0093379 0.0138873 0.0102009 0.00879594 0.00886801 0.0085924 0.00895067 0.00852432 0.0103192 0.00985268 0.00849965 0.00853801 0.00816447 0.0112388 0.00839443 0.00850338 0.00835736 0.00822427 0.00805368 0.00795224 0.00846386 0.00914522 0.00794763 0.00802646 0.00794529 0.00832822 0.00807924 0.00833765 0.00824586 0.00847812 0.00842052 0.0083214 0.00856528 0.00816797 
0.00919314 0.00868697 0.00873226 0.00849235 0.00883789 0.0131968 0.0144587 0.00924849 0.00961967 0.00931988 0.0100257 0.00898256 0.0164436 0.0124623 0.00989879 0.0106538 0.0101653 0.0103956 0.00913263 0.0105986 0.0106249 0.0180206 0.00652118 0.00590155 0.00565085 0.00533036 0.00481509 0.00426909 0.0037344 0.00863263 0.193188 0 0.00318688 0.00317839 0.00316084 0.00316935 0.0031946 0.0033735 0.00515287 0.00677538 0.0110475 0.00885226 0.0106748 0.0104412 0.0105452 0.00939963 0.0114078 0.00922236 0.336918 0.0117682 0.00991148 0.00928143 0.024333 0.0159367 0.0108763 0.00984704 0.0100923 0.0101955 0.0100331 0.0101272 0.0177253 0.00998145 0.0114775 0.00863428 0.0107661 0.0104024 0.0102509 0.00975421 0.00949179 0.00914217 0.008396 0.00848341 0.0124512 0.00845304 0.00801996 0.00796227 0.008131 0.00852969 0.00847142 0.0088848 0.00888997 0.00951464 0.00891966 0.0109048 0.00938907 0.00944709 
0.0083225 0.0107131 0.00931654 0.00933328 0.00974032 0.00879488 0.0098268 0.0159923 0.0126813 0.0176139 0.0142771 0.0143328 0.0111154 0.0101274 0.0163462 0.0157615 0.0190691 0.0120944 0.0165482 0.0169609 0.0208533 0.010573 0.00673341 0.00790378 0.00776319 0.00663809 0.0069656 0.00558224 0.0167159 0.169977 0.322404 0.00318688 0 0.00321617 0.00314461 0.00315451 0.00317046 0.00346558 0.00369923 0.00550756 0.00719725 0.00824194 0.0137776 0.0150108 0.0126039 0.0210031 0.0125473 0.435275 0.0161118 0.0147912 0.0109781 0.0210575 0.00917017 0.0103621 0.0250789 0.014773 0.0173826 0.0151016 0.0185756 0.017665 0.0115437 0.00991251 0.00939956 0.00948754 0.00877502 0.0104263 0.0219286 0.0189076 0.0143941 0.0121915 0.00977795 0.0113663 0.00859605 0.00811145 0.00838657 0.00841752 0.00903002 0.00928894 0.0120072 0.0116429 0.0148952 0.015085 0.0189254 0.00936625 0.0100309 0.00846144 
0.00895073 0.00982817 0.013294 0.01184 0.00907705 0.00865015 0.0104474 0.0131911 0.0388763 0.0294612 0.0444412 0.0157482 0.0101628 0.0101953 0.0149725 0.0297754 0.0320944 0.0350001 0.0285348 0.0389652 0.0175743 0.0118756 0.00795085 0.00774313 0.00813563 0.00750276 0.00966213 0.0371811 0.156684 0.19525 0.0040506 0.00317839 0.00321617 0 0.0031942 0.00320338 0.00323534 0.00319751 0.0033611 0.00410745 0.00643036 0.00781267 0.0126113 0.0197203 0.0269544 0.0205679 0.490834 0.0195444 0.0281218 0.016224 0.0304268 0.0128755 0.009352 0.0101491 0.0156275 0.0358605 0.0295626 0.0341954 0.0363311 0.0189444 0.0101935 0.00934559 0.0100622 0.00927422 0.00875081 0.0116793 0.0191424 0.0483429 0.0355946 0.0230901 0.0216278 0.0090975 0.00864429 0.00828856 0.00851762 0.00973299 0.0106701 0.0150456 0.0191982 0.029434 0.0285849 0.0514675 0.0194234 0.0193898 0.00933575 0.00845354 
0.0084012 0.010835 0.0109728 0.0110515 0.009513 0.00851479 0.00964061 0.016741 0.0232833 0.0452462 0.0300366 0.01172 0.00955166 0.00987679 0.0137978 0.0303381 0.032033 0.0311183 0.0390973 0.0318208 0.0179839 0.0103344 0.00794537 0.00864341 0.00868966 0.00843038 0.0468041 0.547337 0.0443674 0.00586948 0.00410683 0.00316084 0.00314461 0.0031942 0 0.00317283 0.00314955 0.00317941 0.00319478 0.0038648 0.0060868 0.00760173 0.0103319 0.0306891 0.0207232 0.498267 0.0188135 0.0246652 0.0168089 0.0318488 0.012662 0.0156728 0.00872342 0.00984593 0.0169986 0.0267798 0.0412885 0.0332622 0.0416853 0.0153179 0.0104531 0.00942345 0.0109778 0.00911343 0.00901923 0.0101706 0.0234158 0.0379425 0.0324601 0.0363394 0.012375 0.00928287 0.0084727 0.00827443 0.00847695 0.0094275 0.0106895 0.0128228 0.0196905 0.0268043 0.0345633 0.0352108 0.0229423 0.0136827 0.00930111 0.00844894 
0.00857305 0.0102961 0.0110523 0.0108201 0.00889378 0.00851183 0.0100535 0.0127447 0.0335828 0.0301218 0.0259646 0.01254 0.00933066 0.0100605 0.0152278 0.0248323 0.039608 0.0298554 0.0310983 0.0263025 0.0183575 0.0109268 0.00903671 0.00929957 0.0107178 0.0621402 0.625536 0.0405971 0.00683082 0.00757511 0.00552416 0.00316935 0.00315451 0.00320338 0.00317283 0 0.0031947 0.0031904 0.00320508 0.00373305 0.00630133 0.00779823 0.014226 0.0238682 0.498566 0.0187537 0.0205952 0.0201806 0.0269237 0.0142769 0.0186204 0.0111773 0.00925182 0.00965167 0.015525 0.0254496 0.044606 0.0303399 0.0227464 0.0173561 0.0100622 0.0100767 0.00968095 0.00939862 0.0087811 0.0108328 0.0176038 0.0383994 0.0525561 0.0197156 0.0126708 0.00899824 0.0084842 0.00825778 0.00847255 0.00939836 0.01131 0.0124427 0.0220768 0.0278899 0.0284702 0.0363805 0.0181961 0.014348 0.00902166 0.0084979 
0.00850303 0.00934461 0.0114165 0.00999529 0.00887018 0.00847375 0.00945571 0.0151452 0.0255672 0.0249263 0.0214394 0.0116757 0.00930384 0.00928582 0.0138704 0.0333721 0.0245525 0.0298219 0.0196366 0.0302481 0.0114865 0.0102101 0.00985929 0.0104944 0.0621048 0.659159 0.0357336 0.00832213 0.00673374 0.00692768 0.00611436 0.0031946 0.00317046 0.00323534 0.00314955 0.0031947 0 0.00318283 0.00319155 0.0036029 0.00607891 0.0129735 0.00988883 0.520324 0.0161399 0.0214046 0.0170682 0.0248498 0.015402 0.0172496 0.0122522 0.0113921 0.0091061 0.00983403 0.0132179 0.0364986 0.0270263 0.024042 0.0271711 0.0136665 0.0101654 0.00906057 0.010512 0.00901968 0.00885908 0.0103332 0.01783 0.0689636 0.0218484 0.0212386 0.0113689 0.00930566 0.00849676 0.00836186 0.00841565 0.00911239 0.009826 0.0142497 0.0157193 0.0240332 0.0210355 0.0286827 0.0152857 0.0129619 0.0091431 0.00837273 
0.00927942 0.00938126 0.00894141 0.00873748 0.00873199 0.00835584 0.0115039 0.0132206 0.0116682 0.0122014 0.0118574 0.0110471 0.00881607 0.0124249 0.0151081 0.0152444 0.0165123 0.0126508 0.0127519 0.0111466 0.0180576 0.00989174 0.0118748 0.135765 0.585187 0.0297088 0.00824528 0.00741481 0.0065883 0.00691069 0.00601459 0.0033735 0.00346558 0.00319751 0.00317941 0.0031904 0.00318283 0 0.00321909 0.00453704 0.0110963 0.00973352 0.486611 0.0102396 0.013686 0.011793 0.0196976 0.0158227 0.0114916 0.0111346 0.0122609 0.0124136 0.00863645 0.0109145 0.0231776 0.0137656 0.0140051 0.0147647 0.0139474 0.0187829 0.0102746 0.012787 0.00948342 0.0100552 0.00935534 0.0108436 0.0392369 0.0180526 0.0133474 0.0102563 0.00929798 0.00883564 0.00851508 0.00879824 0.00853827 0.00876827 0.00885906 0.0103972 0.0122622 0.0109177 0.0116851 0.0129939 0.0182853 0.0105113 0.00934394 0.00853572 
0.0126902 0.00847006 0.00857049 0.00841305 0.0083225 0.00864532 0.0203535 0.00992706 0.00941924 0.00932364 0.0090068 0.00864813 0.00918933 0.018604 0.012935 0.0098086 0.00983135 0.00981638 0.00892883 0.00938504 0.00958588 0.0131111 0.463393 0.133515 0.015846 0.0083243 0.00790504 0.00737179 0.00675021 0.00656538 0.00676201 0.00515287 0.00369923 0.0033611 0.00319478 0.00320508 0.00319155 0.00321909 0 0.0272959 0.00917746 0.374885 0.00878251 0.0126428 0.00936291 0.00991064 0.0102623 0.00973101 0.00928391 0.00945996 0.00865838 0.00896616 0.0112142 0.0213389 0.0125526 0.0098831 0.0100861 0.00991419 0.0106514 0.0104629 0.0157613 0.012787 0.010145 0.0104665 0.00957034 0.0355599 0.00966708 0.00988925 0.00956752 0.00918097 0.00842901 0.00835126 0.00970413 0.0112342 0.00834065 0.00859052 0.00828041 0.00896739 0.00877451 0.00939091 0.00917219 0.00938047 0.0104186 0.010584 0.0118171 0.00863277 
0.0101684 0.00804455 0.00822115 0.00810169 0.00840108 0.0106071 0.0133103 0.00827206 0.00810385 0.00814754 0.0081465 0.00821409 0.0109766 0.0109343 0.00870262 0.00829758 0.00831058 0.00842769 0.00818322 0.00826315 0.00883872 0.0135925 0.0329724 0.00848806 0.00804021 0.00795646 0.00749505 0.00719694 0.00704925 0.00699425 0.00829153 0.00677538 0.00550756 0.00410745 0.0038648 0.00373305 0.0036029 0.00453704 0.0272959 0 0.900518 0.00686329 0.00764864 0.00601763 0.0063716 0.00602111 0.00640241 0.00651951 0.00676411 0.00701964 0.00699844 0.00752701 0.0138568 0.010939 0.00954569 0.00822584 0.00829952 0.00837941 0.00860374 0.00941569 0.0152125 0.0148441 0.00997899 0.0097967 0.0126317 0.0103328 0.00862541 0.00821162 0.00825333 0.00819759 0.00809695 0.00831256 0.0121124 0.00911463 0.00815433 0.00804155 0.00799381 0.00817555 0.00801158 0.0081762 0.00811124 0.00823663 0.00839414 0.00894781 0.0101559 0.00951478 
0.0100241 0.00813337 0.00853674 0.00819086 0.00834123 0.0111389 0.0168813 0.00838453 0.00827617 0.00819672 0.00830304 0.00824475 0.0106374 0.011274 0.00896759 0.00841123 0.00828746 0.00900891 0.00812935 0.00857937 0.00878421 0.0147842 0.0208559 0.00886475 0.00836733 0.00962312 0.00815106 0.00817589 0.00806177 0.00812189 0.0101532 0.0110475 0.00719725 0.00643036 0.0060868 0.00630133 0.00607891 0.0110963 0.00917746 0.900518 0 0.015066 0.00333914 0.00349179 0.00335171 0.0037272 0.00451698 0.00467645 0.00565407 0.00593519 0.00666681 0.00632497 0.0111567 0.0126587 0.0093042 0.00819924 0.00794558 0.0085958 0.00819433 0.00967928 0.015956 0.0156442 0.0107269 0.0107784 0.0137078 0.0129665 0.00888636 0.00854708 0.00840292 0.00867417 0.00814796 0.00852918 0.0137766 0.0104631 0.00839636 0.00816438 0.00809728 0.00888866 0.00820553 0.00846514 0.00825301 0.00841342 0.00853579 0.00950237 0.012182 0.00971477 
0.00834337 0.0082 0.00840787 0.0081894 0.00868889 0.0116738 0.0104159 0.0089718 0.00874946 0.00888318 0.00901643 0.00906524 0.0137798 0.00973361 0.00901181 0.0092087 0.00939881 0.00945481 0.00874052 0.00939433 0.00969403 0.0162819 0.0141836 0.00983763 0.00964937 0.00936455 0.00894332 0.00888971 0.00862969 0.0091674 0.0186431 0.00885226 0.00824194 0.00781267 0.00760173 0.00779823 0.0129735 0.00973352 0.374885 0.00686329 0.015066 0 0.00331782 0.00316678 0.00318001 0.00316951 0.00321708 0.0032384 0.00340699 0.00378843 0.0047116 0.00505314 0.0143496 0.00730818 0.00803147 0.00766423 0.0085158 0.00853653 0.00937475 0.0105374 0.0350941 0.0116522 0.0140323 0.0100304 0.0194863 0.0111725 0.0108981 0.00991537 0.0097765 0.00950687 0.00880455 0.0097596 0.0152529 0.00898329 0.00838538 0.00823984 0.00841561 0.0089431 0.00883321 0.0093606 0.00902608 0.00956868 0.00984961 0.0122796 0.00999174 0.0114776 
0.00831306 0.0088757 0.0086514 0.00868003 0.00847998 0.00822667 0.0086575 0.0135694 0.01049 0.0136186 0.0136771 0.0101191 0.00907652 0.00986093 0.0104201 0.0143822 0.0175569 0.0103208 0.0163079 0.0121964 0.0166853 0.00927506 0.0105859 0.018637 0.0112088 0.0098252 0.0121782 0.00961986 0.00936722 0.0149741 0.00910634 0.0106748 0.0137776 0.0126113 0.0103319 0.014226 0.00988883 0.486611 0.00878251 0.00764864 0.00333914 0.00331782 0 0.00317765 0.00316577 0.00316646 0.00319627 0.00327385 0.00358021 0.00351732 0.00405565 0.0104698 0.00561234 0.00672761 0.00919607 0.00988248 0.00978039 0.0110867 0.0123317 0.0301497 0.00964529 0.0150537 0.0104047 0.0174134 0.00943872 0.0115799 0.0217965 0.0219875 0.0164889 0.0112652 0.0114171 0.0118495 0.00888671 0.00902333 0.00843764 0.00868547 0.00940253 0.00943179 0.0160221 0.0111863 0.0183255 0.0170328 0.0193382 0.0103247 0.00981371 0.00911711 
