1JTGB
AGVMTGAKFTQIQFGMTRQQVLDIAGAENCETGGSFGDSIHCRGHAAGDYYAYATFGFTSAAADAKVDSKSQEKLLAPSAPTLTLAKFNQVTVGMTRAQVLATVGQGSCTTWSEYYPAYPSTAGVTLSLSCFDVDGYSSTGFYRGSAHLWFTDGVLQGKRQWDLV
CCCCCHHHHHHCCCCCEHHHHHHHHCHHHEECCHHHCCCEEEEEEEECCEEEEEEEEECCCCCCCEEEEEEEECCCCCCECCECHHHHHHCCCCCEHHHHHHHHCCECEEEEEEECCCCCCCCCCEEEEEEEECCCCCCCCCCCCEEEEEEECCEEEEEEEECCC
0 0 0 0 0 0 0 0 0 0 0 0 0 0 0 0 0 0 0 0 0 0 0 0 0 0 0 0 0 0 0 0 0 0 0 0 0 0 0 0 0 0 0 0 0 0 0 0 0 0 0 0 0 0 0 0 0 0 0 0 0 0 0 0 0 0 0 0 0 0 0 0 0 0 0 0 0 0 0 0 0 0 0 0 0 0 0 0 0 0 0 0 0 0 0 0 0 0 0 0 0 0 0 0 0 0 0 0 0 0 0 0 0 0 0 0 0 0 0 0 0 0 0 0 0 0 0 0 0 0 0 0 0 0 0 0 0 0 0 0 0 0 0 0 0 0 0 0 0 0 0 0 0 0 0 0 0 0 0 0 0 0 0 0 0 
0 0 0 0 0 0 0 0 0 0 0 0 0 0 0 0 0 0 0 0 0 0 0 0 0 0 0 0 0 0 0 0 0 0 0 0 0 0 0 0 0 0 0 0 0 0 0 0 0 0 0 0 0 0 0 0 0 0 0 0 0 0 0 0 0 0 0 0 0 0 0 0 0 0 0 0 0 0 0 0 0 0 0 0 0 0 0 0 0 0 0 0 0 0 0 0 0 0 0 0 0 0 0 0 0 0 0 0 0 0 0 0 0 0 0 0 0 0 0 0 0 0 0 0 0 0 0 0 0 0 0 0 0 0 0 0 0 0 0 0 0 0 0 0 0 0 0 0 0 0 0 0 0 0 0 0 0 0 0 0 0 0 0 0 0 
0 0.0107027 0.00999189 0.0156733 0.00996114 0.00813202 0.0130547 0.0078935 0.00822548 0.00866704 0.0120644 0.0140129 0.00938139 0.00887947 0.00997306 0.00935069 0.00946182 0.00956766 0.0122148 0.0120522 0.0229519 0.00883249 0.00897691 0.00890152 0.00904817 0.00898466 0.00873854 0.0114725 0.0237661 0.0282914 0.0344058 0.0112196 0.00918539 0.00836965 0.00816648 0.00822017 0.0081387 0.00804134 0.010064 0.0117547 0.00806192 0.00826378 0.00809794 0.00832132 0.00810485 0.00816829 0.00832809 0.00936414 0.00797342 0.00805696 0.00804597 0.00809075 0.0080613 0.00851951 0.00932872 0.00788228 0.00804433 0.00788722 0.00790787 0.00785358 0.00797124 0.00802391 
0.0107027 0 0.0136679 0.00927682 0.0362196 0.0606649 0.0048742 0.00517243 0.00554167 0.0062057 0.0083944 0.00718986 0.00717298 0.00721995 0.00774696 0.00782553 0.00790712 0.00838503 0.00896148 0.036706 0.0095213 0.0106653 0.00853628 0.00901692 0.00867316 0.00859965 0.0105958 0.0136754 0.0099496 0.0193484 0.0125629 0.00891765 0.00832766 0.00857061 0.00833881 0.00833981 0.00817107 0.00881026 0.0094419 0.00824128 0.00846447 0.00822053 0.00883607 0.00841575 0.00908011 0.00874937 0.00916803 0.00794848 0.00810712 0.00841397 0.00880135 0.00818143 0.00924755 0.00892683 0.00797139 0.0080919 0.00792145 0.0081187 0.00788178 0.00796234 0.00840559 0.00836898 
0.00999189 0.0136679 0 0.0680741 0.0326983 0.00827365 0.00540267 0.00533773 0.00585123 0.0073875 0.0074822 0.00952655 0.00825298 0.00736593 0.00797639 0.00784551 0.00848224 0.00832262 0.0182496 0.0137569 0.0116873 0.00888783 0.00875506 0.00921948 0.00902183 0.00946898 0.00907633 0.0100361 0.00966979 0.01387 0.0111682 0.00839018 0.00842511 0.00840452 0.00834441 0.00826164 0.00827959 0.00825855 0.00850055 0.00892353 0.00821528 0.00833795 0.00823746 0.00866554 0.00809761 0.00845337 0.00819535 0.0081448 0.00801728 0.00848878 0.00820248 0.00813546 0.00829231 0.0082426 0.00807802 0.00798215 0.00789108 0.00789581 0.00785328 0.00787058 0.00807454 0.00794579 
0.0156733 0.00927682 0.0680741 0 0.00322448 0.00319147 0.00321469 0.00320489 0.00323081 0.00361716 0.00451161 0.014352 0.00579778 0.00716478 0.00692971 0.00901716 0.00795501 0.255672 0.0671859 0.110079 0.0132806 0.0184952 0.00971208 0.015927 0.0118893 0.0106839 0.0116895 0.0198845 0.010324 0.0280345 0.012673 0.0107773 0.00981581 0.00935494 0.00952612 0.0100125 0.00883297 0.00925791 0.0119969 0.0100404 0.0117551 0.00908561 0.0126951 0.00933958 0.0131547 0.00932676 0.0113037 0.00831566 0.0091663 0.00903947 0.0119159 0.00866453 0.010807 0.0104553 0.00814926 0.00826395 0.0081064 0.00849045 0.00793069 0.00836909 0.00795957 0.00912618 
0.00996114 0.0362196 0.0326983 0.00322448 0 0.00318409 0.00318871 0.00315145 0.00316047 0.00352224 0.00347156 0.00494934 0.00743401 0.00587861 0.0101223 0.00752197 0.273884 0.0653536 0.134583 0.00846789 0.0170958 0.0107135 0.018758 0.0135081 0.0114531 0.0159829 0.0142654 0.0140441 0.0188721 0.00936057 0.0104785 0.00837157 0.00950086 0.0159823 0.0162888 0.0114401 0.0171494 0.0106513 0.0103013 0.0113103 0.00968863 0.0311935 0.00957062 0.0311325 0.0103594 0.0152424 0.00853038 0.00895893 0.00880708 0.0196072 0.00954277 0.0185478 0.0087302 0.00895337 0.00841128 0.00826422 0.00999819 0.00824457 0.008633 0.00820667 0.00873716 0.00813662 
0.00813202 0.0606649 0.00827365 0.00319147 0.00318409 0 0.0031878 0.00315497 0.00318864 0.0031639 0.00322771 0.00677418 0.0046611 0.0151548 0.00656985 0.359841 0.0585543 0.124425 0.00726313 0.0156428 0.00817484 0.0256123 0.00973158 0.0140832 0.0166958 0.012876 0.0154307 0.00999028 0.00836054 0.0127185 0.00828836 0.00852935 0.0126324 0.0123788 0.0139015 0.031323 0.0111062 0.0115595 0.00867323 0.00887872 0.0225228 0.0101326 0.048669 0.0111538 0.0315949 0.00973984 0.00923713 0.00829917 0.0142709 0.0104573 0.0365082 0.00987039 0.014566 0.00820185 0.00811279 0.00924104 0.00838952 0.0111945 0.00801102 0.0093756 0.00804594 0.00893818 
0.0130547 0.0048742 0.00540267 0.00321469 0.00318871 0.0031878 0 0.00308969 0.0031608 0.00317245 0.00317924 0.00362235 0.00495984 0.00429602 0.303389 0.0657081 0.132195 0.00631428 0.0113385 0.00698472 0.0122257 0.00891488 0.0163083 0.0167699 0.0127632 0.0155748 0.00936496 0.00962192 0.00861028 0.00847537 0.00869756 0.0083808 0.0100164 0.012059 0.0202835 0.0137528 0.0145212 0.0089662 0.00887704 0.00989306 0.00900352 0.0319438 0.00966273 0.0409355 0.0107261 0.0121361 0.00829864 0.00858975 0.00845943 0.03211 0.00996363 0.0270485 0.00853686 0.00828646 0.00816603 0.00819236 0.0104525 0.00818669 0.00869197 0.00821482 0.00861083 0.00804413 
0.0078935 0.00517243 0.00533773 0.00320489 0.00315145 0.00315497 0.00308969 0 0.00310583 0.00317798 0.00315518 0.00435885 0.00382276 0.131137 0.0979194 0.10423 0.00596598 0.00880745 0.00615824 0.00769655 0.00816233 0.0135383 0.0100135 0.011684 0.0141533 0.00923554 0.0103669 0.00890847 0.00808934 0.0107448 0.00844242 0.00829319 0.00985911 0.0107361 0.0107228 0.0157457 0.00935762 0.00911936 0.00875785 0.00846584 0.0143796 0.00921054 0.0254783 0.00986748 0.0158221 0.00914079 0.0083764 0.00813793 0.0107295 0.00902786 0.0247116 0.00894962 0.00969666 0.00803292 0.00788774 0.00855972 0.00816289 0.00905634 0.00802456 0.00818359 0.00798188 0.00829908 
0.00822548 0.00554167 0.00585123 0.00323081 0.00316047 0.00318864 0.0031608 0.00310583 0 0.00314904 0.00318493 0.00398094 0.0492613 0.202477 0.0606032 0.00892138 0.0154412 0.0201273 0.00927241 0.00696909 0.0101701 0.0140392 0.0109102 0.0127111 0.010817 0.0132483 0.0095942 0.0105839 0.00818805 0.00924902 0.0082975 0.00827547 0.0105327 0.0103071 0.0153796 0.0115862 0.0105082 0.00895716 0.00915733 0.00903357 0.00947293 0.0187681 0.0100438 0.0172028 0.0107063 0.00978443 0.00837167 0.00839293 0.00854821 0.0199849 0.00955226 0.0114142 0.00879356 0.00808875 0.00806514 0.00816053 0.00882883 0.0082515 0.00810437 0.00820763 0.00800895 0.00805204 
0.00866704 0.0062057 0.0073875 0.00361716 0.00352224 0.0031639 0.00317245 0.00317798 0.00314904 0 0.00333848 0.0149635 0.564604 0.0293448 0.016556 0.00625123 0.0142129 0.0064662 0.0118652 0.00664336 0.0109303 0.0140315 0.0111379 0.0104536 0.0104411 0.0100571 0.0147555 0.00927745 0.00832356 0.00885204 0.00887591 0.00841365 0.00896868 0.0112808 0.00966201 0.00991385 0.00916199 0.009042 0.00838326 0.00885794 0.0113233 0.00945582 0.0103661 0.0102513 0.0103925 0.00955814 0.00851552 0.00819227 0.00986159 0.00921501 0.00985077 0.00898131 0.00852829 0.00794783 0.00803896 0.0081945 0.008101 0.00819274 0.00801722 0.00803271 0.0079631 0.00792979 
0.0120644 0.0083944 0.0074822 0.00451161 0.00347156 0.00322771 0.00317924 0.00315518 0.00318493 0.00333848 0 0.760585 0.0095538 0.0142358 0.0043529 0.00403087 0.00417506 0.00536948 0.00621615 0.00789963 0.0128502 0.00990617 0.00884631 0.00935227 0.00976572 0.00937288 0.00953793 0.020725 0.0104625 0.0210538 0.0114998 0.0109537 0.0136639 0.00897438 0.00916872 0.00899405 0.00880518 0.00877434 0.00999654 0.0121302 0.00961375 0.00919369 0.00897077 0.0098554 0.008936 0.00918541 0.00927426 0.00918822 0.00852311 0.00918428 0.00894407 0.00857849 0.00859246 0.00830708 0.00885971 0.00813651 0.00803096 0.00814546 0.00796642 0.0079446 0.00801065 0.00813361 
0.0140129 0.00718986 0.00952655 0.014352 0.00494934 0.00677418 0.00362235 0.00435885 0.00398094 0.0149635 0.760585 0 0.00322734 0.00318376 0.00323839 0.00319437 0.00342259 0.004228 0.00385842 0.0270313 0.0114341 0.00989739 0.00816298 0.00920141 0.0112682 0.00944557 0.011993 0.0383115 0.0115235 0.0272323 0.0144006 0.0103924 0.00970504 0.00972882 0.00935587 0.00943183 0.00878994 0.00893851 0.0153382 0.0102505 0.00961019 0.0089005 0.0099424 0.00925826 0.0114157 0.00972952 0.0137624 0.00830708 0.00890596 0.00869624 0.00908825 0.00832259 0.0102121 0.0101647 0.00821445 0.00807005 0.00805762 0.00833039 0.00796078 0.00840928 0.00802135 0.0111406 
0.00938139 0.00717298 0.00825298 0.00579778 0.00743401 0.0046611 0.00495984 0.00382276 0.0492613 0.564604 0.0095538 0.00322734 0 0.00315091 0.00315877 0.00324959 0.00325549 0.00343242 0.00470072 0.00337742 0.0142125 0.00830245 0.00941276 0.0125826 0.00938556 0.0149196 0.030097 0.0192397 0.00914547 0.0100147 0.00988039 0.00840917 0.00925459 0.0117018 0.0109737 0.00991601 0.0109716 0.0101109 0.00930901 0.00982273 0.00972503 0.0144411 0.00957468 0.0194558 0.0105207 0.0165841 0.00859855 0.00846515 0.00867742 0.0137067 0.00979182 0.0118411 0.00872532 0.00858803 0.00828767 0.00828484 0.00876932 0.00819787 0.00827902 0.00808559 0.00880039 0.00815196 
0.00887947 0.00721995 0.00736593 0.00716478 0.00587861 0.0151548 0.00429602 0.131137 0.202477 0.0293448 0.0142358 0.00318376 0.00315091 0 0.00316639 0.00315325 0.00355796 0.00366146 0.00341919 0.00364053 0.00678313 0.016452 0.00820977 0.0101108 0.012399 0.0179189 0.0154784 0.0172234 0.00946069 0.0105899 0.00847849 0.00842662 0.0121726 0.0110529 0.0150748 0.0223136 0.0117341 0.0116969 0.00954313 0.00888764 0.0169522 0.010793 0.035082 0.0134096 0.0426795 0.0103635 0.00938019 0.00815517 0.0129006 0.0105729 0.0284835 0.0100842 0.0146885 0.0080707 0.00796642 0.00928407 0.00815232 0.009266 0.00802052 0.00906198 0.00801566 0.00855986 
0.00997306 0.00774696 0.00797639 0.00692971 0.0101223 0.00656985 0.303389 0.0979194 0.0606032 0.016556 0.0043529 0.00323839 0.00315877 0.00316639 0 0.00314657 0.00317823 0.00320431 0.00317155 0.00335277 0.0110231 0.00799911 0.0103316 0.0137079 0.0150309 0.01457 0.0227354 0.169244 0.00851311 0.0096785 0.00914638 0.0086017 0.0108699 0.0136927 0.0232328 0.0172827 0.0195716 0.0113572 0.0105741 0.0105783 0.00994183 0.0416191 0.0114587 0.0779113 0.0161848 0.0195683 0.00867711 0.00904881 0.00926961 0.0364076 0.0124607 0.0309216 0.00963077 0.00853598 0.00840858 0.00829723 0.0112674 0.00830952 0.0102078 0.00845031 0.00866324 0.00820206 
0.00935069 0.00782553 0.00784551 0.00901716 0.00752197 0.359841 0.0657081 0.10423 0.00892138 0.00625123 0.00403087 0.00319437 0.00324959 0.00315325 0.00314657 0 0.00315591 0.00317262 0.00319609 0.00326815 0.00710743 0.0141262 0.0111285 0.01327 0.0199449 0.0245192 0.242907 0.0168357 0.00810521 0.0108042 0.00855675 0.00891989 0.0160693 0.0152928 0.0225821 0.0301743 0.0150871 0.0149224 0.00940633 0.00935835 0.0292412 0.0125284 0.10929 0.0159318 0.061428 0.0112974 0.00933581 0.00855624 0.0191752 0.0133883 0.0760242 0.0119816 0.014579 0.00850042 0.00819556 0.0108572 0.00877738 0.0125228 0.00825913 0.0108857 0.00824545 0.00877826 
0.00946182 0.00790712 0.00848224 0.00795501 0.273884 0.0585543 0.132195 0.00596598 0.0154412 0.0142129 0.00417506 0.00342259 0.00325549 0.00355796 0.00317823 0.00315591 0 0.0031545 0.00318363 0.00327775 0.0100389 0.00802667 0.0156642 0.034167 0.0316256 0.275027 0.00972445 0.0132683 0.0083168 0.00877914 0.00890684 0.00852944 0.0114415 0.0167969 0.0266042 0.0216274 0.0240702 0.0102455 0.00971612 0.0109137 0.0099605 0.0776941 0.011619 0.104744 0.0145744 0.0180544 0.00851899 0.00915761 0.00920513 0.0520624 0.013671 0.0349103 0.00910378 0.00848853 0.00840929 0.00835109 0.0126135 0.00836819 0.00975573 0.00839175 0.0091681 0.00813684 
0.00956766 0.00838503 0.00832262 0.255672 0.0653536 0.124425 0.00631428 0.00880745 0.0201273 0.0064662 0.00536948 0.004228 0.00343242 0.00366146 0.00320431 0.00317262 0.0031545 0 0.00318476 0.00321846 0.00709087 0.034158 0.0132296 0.0193287 0.233643 0.0109968 0.0167103 0.0090806 0.00809687 0.0107483 0.00885151 0.00899577 0.0168999 0.0136117 0.0204418 0.0285583 0.0125766 0.0116081 0.00914181 0.00938486 0.0304352 0.0116932 0.0592855 0.0148713 0.0372076 0.0106714 0.00933763 0.0086036 0.0162673 0.0132404 0.0474544 0.0124386 0.0130731 0.00844124 0.00819486 0.0102923 0.00886803 0.0109857 0.00830199 0.0095608 0.00822846 0.00877194 
0.0122148 0.00896148 0.0182496 0.0671859 0.134583 0.00726313 0.0113385 0.00615824 0.00927241 0.0118652 0.00621615 0.00385842 0.00470072 0.00341919 0.00317155 0.00319609 0.00318363 0.00318476 0 0.00341225 0.0627526 0.0115883 0.0311498 0.190307 0.00787033 0.0122642 0.0108675 0.0101763 0.00860112 0.00908894 0.0124737 0.00926105 0.0107788 0.0157768 0.0141536 0.0110207 0.0116806 0.0102437 0.00989435 0.0134033 0.0098692 0.0271849 0.00962602 0.0240034 0.0102458 0.0174741 0.00875841 0.00957668 0.0094791 0.0178273 0.0101513 0.0180132 0.00910033 0.00872912 0.00892627 0.00867037 0.0105228 0.00841752 0.00847111 0.00824043 0.00852906 0.008164 
0.0120522 0.036706 0.0137569 0.110079 0.00846789 0.0156428 0.00698472 0.00769655 0.00696909 0.00664336 0.00789963 0.0270313 0.00337742 0.00364053 0.00335277 0.00326815 0.00327775 0.00321846 0.00341225 0 0.0314215 0.266542 0.015988 0.0108542 0.00872771 0.00761847 0.00873268 0.0147885 0.00995399 0.0486782 0.0136644 0.0161688 0.0268867 0.00938315 0.00916168 0.0103062 0.00914394 0.00913826 0.0110106 0.0142301 0.0166949 0.00896178 0.011705 0.00916968 0.0105344 0.00884755 0.0105442 0.0112074 0.0102249 0.00867528 0.00983915 0.00876298 0.00995252 0.00878741 0.0105777 0.00982561 0.00810987 0.00926768 0.00800695 0.00834687 0.00808641 0.0105159 
0.0229519 0.0095213 0.0116873 0.0132806 0.0170958 0.00817484 0.0122257 0.00816233 0.0101701 0.0109303 0.0128502 0.0114341 0.0142125 0.00678313 0.0110231 0.00710743 0.0100389 0.00709087 0.0627526 0.0314215 0 0.00422835 0.00319348 0.00318931 0.00331151 0.00332054 0.00350609 0.00705674 0.0132926 0.0115386 0.0519173 0.0112734 0.0109093 0.011082 0.010649 0.00925812 0.00998833 0.00882804 0.0212391 0.0309377 0.00887997 0.0144248 0.00861971 0.0141768 0.00896248 0.0133737 0.0126542 0.0148258 0.00828086 0.0117964 0.00849478 0.0105154 0.00847535 0.0131434 0.0114034 0.0080213 0.00971808 0.00798817 0.00877205 0.00793287 0.00848755 0.00849809 
0.00883249 0.0106653 0.00888783 0.0184952 0.0107135 0.0256123 0.00891488 0.0135383 0.0140392 0.0140315 0.00990617 0.00989739 0.00830245 0.016452 0.00799911 0.0141262 0.00802667 0.034158 0.0115883 0.266542 0.00422835 0 0.00315003 0.00314746 0.00336482 0.0032122 0.00527118 0.00356569 0.0062577 0.0159727 0.00980924 0.0105708 0.0126023 0.0143906 0.0124187 0.0163832 0.00973003 0.0169494 0.00960299 0.00974309 0.0421739 0.009784 0.0358294 0.0107096 0.0231423 0.0122969 0.00991077 0.00867075 0.0188219 0.00976511 0.029373 0.009197 0.0155305 0.00851656 0.00829272 0.012448 0.00818533 0.0115001 0.00810544 0.00951898 0.00835516 0.00982205 
0.00897691 0.00853628 0.00875506 0.00971208 0.018758 0.00973158 0.0163083 0.0100135 0.0109102 0.0111379 0.00884631 0.00816298 0.00941276 0.00820977 0.0103316 0.0111285 0.0156642 0.0132296 0.0311498 0.015988 0.00319348 0.00315003 0 0.00315119 0.0031445 0.00318446 0.0031688 0.00318759 0.00549989 0.00703412 0.00855387 0.008965 0.0104831 0.0143215 0.0176737 0.0149889 0.0174945 0.0102617 0.00978333 0.0116567 0.0103478 0.0348634 0.0109588 0.0417488 0.0168183 0.0133332 0.00880188 0.00894262 0.00947258 0.0268709 0.0148377 0.0270554 0.0102623 0.00854861 0.00844777 0.0084693 0.0108108 0.00851076 0.00886126 0.00871095 0.00855383 0.00847329 
0.00890152 0.00901692 0.00921948 0.015927 0.0135081 0.0140832 0.0167699 0.011684 0.0127111 0.0104536 0.00935227 0.00920141 0.0125826 0.0101108 0.0137079 0.01327 0.034167 0.0193287 0.190307 0.0108542 0.00318931 0.00314746 0.00315119 0 0.00314279 0.0031632 0.00312912 0.00323683 0.00525377 0.00707929 0.00863487 0.00910481 0.0126917 0.0136383 0.0234437 0.0261178 0.0243152 0.0108548 0.009851 0.0106747 0.0137027 0.0199844 0.0218744 0.0300497 0.0343122 0.0132985 0.00938631 0.00888663 0.0114894 0.0217748 0.0247902 0.0217233 0.0106681 0.00881812 0.00846664 0.00905854 0.00986924 0.00971829 0.00914173 0.00889698 0.00834714 0.00848204 
0.00904817 0.00867316 0.00902183 0.0118893 0.0114531 0.0166958 0.0127632 0.0141533 0.010817 0.0104411 0.00976572 0.0112682 0.00938556 0.012399 0.0150309 0.0199449 0.0316256 0.233643 0.00787033 0.00872771 0.00331151 0.00336482 0.0031445 0.00314279 0 0.00316174 0.00316832 0.00316295 0.00482208 0.00657882 0.00818564 0.00896233 0.0113397 0.0134185 0.0266 0.035718 0.0132244 0.0104567 0.00953976 0.00989287 0.0132124 0.0168595 0.0307815 0.0253152 0.0228987 0.0118123 0.00877159 0.00869732 0.0125961 0.018006 0.0329505 0.0145995 0.0102126 0.00828781 0.00837125 0.00879587 0.00910676 0.00931078 0.00972029 0.00850327 0.00817457 0.00829495 
0.00898466 0.00859965 0.00946898 0.0106839 0.0159829 0.012876 0.0155748 0.00923554 0.0132483 0.0100571 0.00937288 0.00944557 0.0149196 0.0179189 0.01457 0.0245192 0.275027 0.0109968 0.0122642 0.00761847 0.00332054 0.0032122 0.00318446 0.0031632 0.00316174 0 0.00314112 0.00315832 0.00459531 0.00702354 0.0100087 0.00913836 0.0131953 0.0191533 0.0335229 0.0173469 0.0222382 0.00966005 0.0104187 0.0107436 0.0117714 0.0346765 0.0174712 0.0291363 0.0184533 0.0117945 0.00889408 0.00899077 0.0106096 0.0234753 0.0164592 0.0189326 0.00923166 0.00855618 0.00884671 0.00854018 0.0104834 0.00881462 0.00863979 0.00872055 0.00828998 0.00834937 
0.00873854 0.0105958 0.00907633 0.0116895 0.0142654 0.0154307 0.00936496 0.0103669 0.0095942 0.0147555 0.00953793 0.011993 0.030097 0.0154784 0.0227354 0.242907 0.00972445 0.0167103 0.0108675 0.00873268 0.00350609 0.00527118 0.0031688 0.00312912 0.00316832 0.00314112 0 0.00321612 0.00660432 0.00938683 0.0105239 0.00968205 0.0153948 0.0168557 0.0115859 0.0134806 0.0105104 0.0125071 0.0088246 0.0130594 0.0164639 0.0128548 0.0138957 0.0125622 0.011981 0.0132612 0.00862991 0.010329 0.011622 0.0108593 0.0125691 0.00960245 0.0103742 0.00830534 0.00859287 0.00968958 0.00841529 0.0088491 0.00805364 0.00827687 0.00949465 0.00822851 
0.0114725 0.0136754 0.0100361 0.0198845 0.0140441 0.00999028 0.00962192 0.00890847 0.0105839 0.00927745 0.020725 0.0383115 0.0192397 0.0172234 0.169244 0.0168357 0.0132683 0.0090806 0.0101763 0.0147885 0.00705674 0.00356569 0.00318759 0.00323683 0.00316295 0.00315832 0.00321612 0 0.0101876 0.0124171 0.0159084 0.0141292 0.0208782 0.0154757 0.0103835 0.0108031 0.0104624 0.00927978 0.0116463 0.020161 0.0127091 0.010313 0.0103092 0.0109679 0.0107324 0.00975621 0.0109152 0.0138537 0.00950245 0.00941327 0.00941583 0.00939046 0.00904645 0.00869488 0.0136711 0.00897135 0.00883648 0.00851164 0.00878217 0.00843018 0.00830016 0.00852893 
0.0237661 0.0099496 0.00966979 0.010324 0.0188721 0.00836054 0.00861028 0.00808934 0.00818805 0.00832356 0.0104625 0.0115235 0.00914547 0.00946069 0.00851311 0.00810521 0.0083168 0.00809687 0.00860112 0.00995399 0.0132926 0.0062577 0.00549989 0.00525377 0.00482208 0.00459531 0.00660432 0.0101876 0 0.128478 0.0584439 0.0155073 0.00995566 0.00913069 0.00823064 0.00828298 0.00840333 0.00850342 0.0106829 0.0137737 0.00853253 0.00855313 0.0082177 0.00850791 0.00815392 0.00874046 0.00889672 0.0102267 0.00814649 0.00814161 0.0080736 0.00806065 0.00811714 0.00842424 0.0104106 0.00806704 0.00796885 0.00796893 0.0078393 0.00785432 0.00788416 0.00810938 
0.0282914 0.0193484 0.01387 0.0280345 0.00936057 0.0127185 0.00847537 0.0107448 0.00924902 0.00885204 0.0210538 0.0272323 0.0100147 0.0105899 0.0096785 0.0108042 0.00877914 0.0107483 0.00908894 0.0486782 0.0115386 0.0159727 0.00703412 0.00707929 0.00657882 0.00702354 0.00938683 0.0124171 0.128478 0 0.0845438 0.0509391 0.0210272 0.010757 0.00963853 0.0109506 0.00955972 0.0102737 0.0148268 0.0170369 0.0189764 0.00888984 0.0120194 0.00887003 0.00991873 0.0101104 0.0156114 0.0121187 0.0110643 0.00857986 0.00999483 0.00841342 0.011435 0.0102692 0.0121383 0.0122105 0.00808912 0.0111146 0.00806084 0.00878945 0.00800196 0.0164445 
0.0344058 0.0125629 0.0111682 0.012673 0.0104785 0.00828836 0.00869756 0.00844242 0.0082975 0.00887591 0.0114998 0.0144006 0.00988039 0.00847849 0.00914638 0.00855675 0.00890684 0.00885151 0.0124737 0.0136644 0.0519173 0.00980924 0.00855387 0.00863487 0.00818564 0.0100087 0.0105239 0.0159084 0.0584439 0.0845438 0 0.142023 0.00918362 0.0060806 0.0054153 0.00563599 0.00582815 0.00592929 0.0132691 0.0289471 0.00919423 0.00963813 0.00846284 0.00942157 0.00882926 0.0105573 0.0123459 0.020297 0.00883737 0.00889136 0.00834407 0.00891329 0.00953073 0.0117124 0.0254252 0.00838053 0.00970447 0.00824349 0.00857465 0.0080465 0.00897717 0.00974265 
0.0112196 0.00891765 0.00839018 0.0107773 0.00837157 0.00852935 0.0083808 0.00829319 0.00827547 0.00841365 0.0109537 0.0103924 0.00840917 0.00842662 0.0086017 0.00891989 0.00852944 0.00899577 0.00926105 0.0161688 0.0112734 0.0105708 0.008965 0.00910481 0.00896233 0.00913836 0.00968205 0.0141292 0.0155073 0.0509391 0.142023 0 0.0036579 0.00318349 0.00319602 0.00319548 0.0032568 0.00423238 0.00479401 0.01041 0.0107013 0.00842664 0.00913093 0.00882311 0.00969409 0.0111838 0.0334001 0.0101676 0.00936914 0.0091006 0.00928356 0.00875945 0.0103059 0.0117773 0.00919354 0.0086417 0.00819723 0.00876525 0.00804841 0.00813057 0.00822458 0.0142109 
0.00918539 0.00832766 0.00842511 0.00981581 0.00950086 0.0126324 0.0100164 0.00985911 0.0105327 0.00896868 0.0136639 0.00970504 0.00925459 0.0121726 0.0108699 0.0160693 0.0114415 0.0168999 0.0107788 0.0268867 0.0109093 0.0126023 0.0104831 0.0126917 0.0113397 0.0131953 0.0153948 0.0208782 0.00995566 0.0210272 0.00918362 0.0036579 0 0.00317135 0.00319294 0.00321755 0.00327307 0.00327042 0.00437791 0.01027 0.0101701 0.0098374 0.013695 0.0123281 0.104263 0.146169 0.0323255 0.0108215 0.00997095 0.0126307 0.0155183 0.0114041 0.0121372 0.0221558 0.00952543 0.0090043 0.00893953 0.010082 0.00891056 0.00914444 0.0139655 0.0140131 
0.00836965 0.00857061 0.00840452 0.00935494 0.0159823 0.0123788 0.012059 0.0107361 0.0103071 0.0112808 0.00897438 0.00972882 0.0117018 0.0110529 0.0136927 0.0152928 0.0167969 0.0136117 0.0157768 0.00938315 0.011082 0.0143906 0.0143215 0.0136383 0.0134185 0.0191533 0.0168557 0.0154757 0.00913069 0.010757 0.0060806 0.00318349 0.00317135 0 0.00324852 0.00319885 0.00318746 0.00326868 0.00323578 0.00906717 0.0116855 0.0120707 0.00937929 0.146944 0.171334 0.0474159 0.00965097 0.00977678 0.0186637 0.0174259 0.0144214 0.0170138 0.0224547 0.00967488 0.0091268 0.00953047 0.0102748 0.00951374 0.00926881 0.0108553 0.0130401 0.00908031 
0.00816648 0.00833881 0.00834441 0.00952612 0.0162888 0.0139015 0.0202835 0.0107228 0.0153796 0.00966201 0.00916872 0.00935587 0.0109737 0.0150748 0.0232328 0.0225821 0.0266042 0.0204418 0.0141536 0.00916168 0.010649 0.0124187 0.0176737 0.0234437 0.0266 0.0335229 0.0115859 0.0103835 0.00823064 0.00963853 0.0054153 0.00319602 0.00319294 0.00324852 0 0.00316699 0.00319945 0.00317917 0.00318521 0.00970761 0.0101681 0.0145413 0.121743 0.2929 0.051906 0.0174623 0.0087697 0.0110295 0.0113434 0.0285027 0.0200154 0.0656101 0.0104794 0.00910623 0.00903362 0.00922626 0.0136727 0.00950201 0.0145209 0.0125598 0.00934355 0.00880672 
0.00822017 0.00833981 0.00826164 0.0100125 0.0114401 0.031323 0.0137528 0.0157457 0.0115862 0.00991385 0.00899405 0.00943183 0.00991601 0.0223136 0.0172827 0.0301743 0.0216274 0.0285583 0.0110207 0.0103062 0.00925812 0.0163832 0.0149889 0.0261178 0.035718 0.0173469 0.0134806 0.0108031 0.00828298 0.0109506 0.00563599 0.00319548 0.00321755 0.00319885 0.00316699 0 0.00316679 0.00316819 0.00320976 0.00802941 0.0134547 0.0341982 0.364354 0.0334793 0.0219995 0.0100619 0.0113943 0.00901172 0.0158761 0.0137781 0.0713965 0.0128753 0.0140959 0.00874909 0.00880643 0.0106038 0.0093697 0.0179405 0.0115024 0.0101213 0.00897915 0.00911157 
0.0081387 0.00817107 0.00827959 0.00883297 0.0171494 0.0111062 0.0145212 0.00935762 0.0105082 0.00916199 0.00880518 0.00878994 0.0109716 0.0117341 0.0195716 0.0150871 0.0240702 0.0125766 0.0116806 0.00914394 0.00998833 0.00973003 0.0174945 0.0243152 0.0132244 0.0222382 0.0105104 0.0104624 0.00840333 0.00955972 0.00582815 0.0032568 0.00327307 0.00318746 0.00319945 0.00316679 0 0.00314875 0.00317389 0.00844665 0.0115306 0.736188 0.0159808 0.0215347 0.00902782 0.0128091 0.00822631 0.0118799 0.00944909 0.0427796 0.0119373 0.0225922 0.00914633 0.00929562 0.00911852 0.00883825 0.0171864 0.00887366 0.00958788 0.00900221 0.00989742 0.00854922 
0.00804134 0.00881026 0.00825855 0.00925791 0.0106513 0.0115595 0.0089662 0.00911936 0.00895716 0.009042 0.00877434 0.00893851 0.0101109 0.0116969 0.0113572 0.0149224 0.0102455 0.0116081 0.0102437 0.00913826 0.00882804 0.0169494 0.0102617 0.0108548 0.0104567 0.00966005 0.0125071 0.00927978 0.00850342 0.0102737 0.00592929 0.00423238 0.00327042 0.00326868 0.00317917 0.00316819 0.00314875 0 0.00315482 0.014696 0.781795 0.0138197 0.0147619 0.00829855 0.0113415 0.0101709 0.00819853 0.00882737 0.0212999 0.00983274 0.0159667 0.00940959 0.0138635 0.00846659 0.00869469 0.0125495 0.00853555 0.00938799 0.00887578 0.00870378 0.00886599 0.00859255 
0.010064 0.0094419 0.00850055 0.0119969 0.0103013 0.00867323 0.00887704 0.00875785 0.00915733 0.00838326 0.00999654 0.0153382 0.00930901 0.00954313 0.0105741 0.00940633 0.00971612 0.00914181 0.00989435 0.0110106 0.0212391 0.00960299 0.00978333 0.009851 0.00953976 0.0104187 0.0088246 0.0116463 0.0106829 0.0148268 0.0132691 0.00479401 0.00437791 0.00323578 0.00318521 0.00320976 0.00317389 0.00315482 0 0.827522 0.0148282 0.0140608 0.00723114 0.00919419 0.00803148 0.0102727 0.00861582 0.037755 0.0103471 0.0104721 0.00952597 0.0108628 0.00884753 0.00953312 0.0216371 0.00944644 0.00968827 0.00888281 0.00915192 0.00855249 0.00863795 0.00874846 
0.0117547 0.00824128 0.00892353 0.0100404 0.0113103 0.00887872 0.00989306 0.00846584 0.00903357 0.00885794 0.0121302 0.0102505 0.00982273 0.00888764 0.0105783 0.00935835 0.0109137 0.00938486 0.0134033 0.0142301 0.0309377 0.00974309 0.0116567 0.0106747 0.00989287 0.0107436 0.0130594 0.020161 0.0137737 0.0170369 0.0289471 0.01041 0.01027 0.00906717 0.00970761 0.00802941 0.00844665 0.014696 0.827522 0 0.00327033 0.00324936 0.00320604 0.00325131 0.00349578 0.0044066 0.00661922 0.0317507 0.00913022 0.0176837 0.00893828 0.0145331 0.0111748 0.480068 0.0279164 0.0087619 0.0123913 0.00867693 0.0107454 0.00863994 0.0124763 0.0162047 
0.00806192 0.00846447 0.00821528 0.0117551 0.00968863 0.0225228 0.00900352 0.0143796 0.00947293 0.0113233 0.00961375 0.00961019 0.00972503 0.0169522 0.00994183 0.0292412 0.0099605 0.0304352 0.0098692 0.0166949 0.00887997 0.0421739 0.0103478 0.0137027 0.0132124 0.0117714 0.0164639 0.0127091 0.00853253 0.0189764 0.00919423 0.0107013 0.0101701 0.0116855 0.0101681 0.0134547 0.0115306 0.781795 0.0148282 0.00327033 0 0.00321927 0.00321547 0.00323907 0.00352935 0.00343318 0.00341055 0.00893682 0.0537773 0.00895657 0.0340006 0.00943219 0.708347 0.010201 0.00891549 0.0283789 0.00857406 0.0188514 0.00847715 0.0129314 0.00947255 0.0184984 
0.00826378 0.00822053 0.00833795 0.00908561 0.0311935 0.0101326 0.0319438 0.00921054 0.0187681 0.00945582 0.00919369 0.0089005 0.0144411 0.010793 0.0416191 0.0125284 0.0776941 0.0116932 0.0271849 0.00896178 0.0144248 0.009784 0.0348634 0.0199844 0.0168595 0.0346765 0.0128548 0.010313 0.00855313 0.00888984 0.00963813 0.00842664 0.0098374 0.0120707 0.0145413 0.0341982 0.736188 0.0138197 0.0140608 0.00324936 0.00321927 0 0.00316932 0.00316603 0.003191 0.00321501 0.00328996 0.0190156 0.00881132 0.0578958 0.00974822 0.860812 0.0115884 0.0121553 0.0132325 0.00884925 0.0361004 0.00870229 0.0151923 0.00932638 0.0154542 0.0085391 
0.00809794 0.00883607 0.00823746 0.0126951 0.00957062 0.048669 0.00966273 0.0254783 0.0100438 0.0103661 0.00897077 0.0099424 0.00957468 0.035082 0.0114587 0.10929 0.011619 0.0592855 0.00962602 0.011705 0.00861971 0.0358294 0.0109588 0.0218744 0.0307815 0.0174712 0.0138957 0.0103092 0.0082177 0.0120194 0.00846284 0.00913093 0.013695 0.00937929 0.121743 0.364354 0.0159808 0.0147619 0.00723114 0.00320604 0.00321547 0.00316932 0 0.00316703 0.0031565 0.00322487 0.00318638 0.00743096 0.0336893 0.00873002 0.851246 0.0101461 0.0319682 0.00857142 0.00848725 0.0184356 0.0084895 0.0208087 0.00865403 0.0139895 0.00864641 0.0147734 
0.00832132 0.00841575 0.00866554 0.00933958 0.0311325 0.0111538 0.0409355 0.00986748 0.0172028 0.0102513 0.0098554 0.00925826 0.0194558 0.0134096 0.0779113 0.0159318 0.104744 0.0148713 0.0240034 0.00916968 0.0141768 0.0107096 0.0417488 0.0300497 0.0253152 0.0291363 0.0125622 0.0109679 0.00850791 0.00887003 0.00942157 0.00882311 0.0123281 0.146944 0.2929 0.0334793 0.0215347 0.00829855 0.00919419 0.00325131 0.00323907 0.00316603 0.00316703 0 0.00315297 0.00317491 0.00324057 0.019607 0.00886893 0.879202 0.0111388 0.0858447 0.00941219 0.0104665 0.0136746 0.0087033 0.0220217 0.00882281 0.0196042 0.00961323 0.0143347 0.00934988 
0.00810485 0.00908011 0.00809761 0.0131547 0.0103594 0.0315949 0.0107261 0.0158221 0.0107063 0.0103925 0.008936 0.0114157 0.0105207 0.0426795 0.0161848 0.061428 0.0145744 0.0372076 0.0102458 0.0105344 0.00896248 0.0231423 0.0168183 0.0343122 0.0228987 0.0184533 0.011981 0.0107324 0.00815392 0.00991873 0.00882926 0.00969409 0.104263 0.171334 0.051906 0.0219995 0.00902782 0.0113415 0.00803148 0.00349578 0.00352935 0.003191 0.0031565 0.00315297 0 0.00315601 0.00315725 0.00789062 0.856393 0.0128764 0.0702384 0.0137468 0.0231491 0.00879599 0.00850831 0.0146935 0.00929353 0.0187811 0.00865855 0.0114832 0.00957829 0.0101108 
0.00816829 0.00874937 0.00845337 0.00932676 0.0152424 0.00973984 0.0121361 0.00914079 0.00978443 0.00955814 0.00918541 0.00972952 0.0165841 0.0103635 0.0195683 0.0112974 0.0180544 0.0106714 0.0174741 0.00884755 0.0133737 0.0122969 0.0133332 0.0132985 0.0118123 0.0117945 0.0132612 0.00975621 0.00874046 0.0101104 0.0105573 0.0111838 0.146169 0.0474159 0.0174623 0.0100619 0.0128091 0.0101709 0.0102727 0.0044066 0.00343318 0.00321501 0.00322487 0.00317491 0.00315601 0 0.00336337 0.730762 0.0145446 0.0361679 0.0124264 0.0250564 0.0112725 0.00875444 0.0131115 0.0103936 0.0131546 0.00887985 0.0104071 0.00885892 0.0142823 0.00948146 
0.00832809 0.00916803 0.00819535 0.0113037 0.00853038 0.00923713 0.00829864 0.0083764 0.00837167 0.00851552 0.00927426 0.0137624 0.00859855 0.00938019 0.00867711 0.00933581 0.00851899 0.00933763 0.00875841 0.0105442 0.0126542 0.00991077 0.00880188 0.00938631 0.00877159 0.00889408 0.00862991 0.0109152 0.00889672 0.0156114 0.0123459 0.0334001 0.0323255 0.00965097 0.0087697 0.0113943 0.00822631 0.00819853 0.00861582 0.00661922 0.00341055 0.00328996 0.00318638 0.00324057 0.00315725 0.00336337 0 0.0222976 0.0124008 0.00841511 0.0118376 0.00863589 0.0117549 0.0083541 0.0147445 0.0106542 0.00836262 0.0103529 0.00800063 0.00831677 0.00804441 0.0121168 
0.00936414 0.00794848 0.0081448 0.00831566 0.00895893 0.00829917 0.00858975 0.00813793 0.00839293 0.00819227 0.00918822 0.00830708 0.00846515 0.00815517 0.00904881 0.00855624 0.00915761 0.0086036 0.00957668 0.0112074 0.0148258 0.00867075 0.00894262 0.00888663 0.00869732 0.00899077 0.010329 0.0138537 0.0102267 0.0121187 0.020297 0.0101676 0.0108215 0.00977678 0.0110295 0.00901172 0.0118799 0.00882737 0.037755 0.0317507 0.00893682 0.0190156 0.00743096 0.019607 0.00789062 0.730762 0.0222976 0 0.00328278 0.00319497 0.00320396 0.00319506 0.00348489 0.00594999 0.00673354 0.00534635 0.00790897 0.00579732 0.00803785 0.00915576 0.0458558 0.74771 
0.00797342 0.00810712 0.00801728 0.0091663 0.00880708 0.0142709 0.00845943 0.0107295 0.00854821 0.00986159 0.00852311 0.00890596 0.00867742 0.0129006 0.00926961 0.0191752 0.00920513 0.0162673 0.0094791 0.0102249 0.00828086 0.0188219 0.00947258 0.0114894 0.0125961 0.0106096 0.011622 0.00950245 0.00814649 0.0110643 0.00883737 0.00936914 0.00997095 0.0186637 0.0113434 0.0158761 0.00944909 0.0212999 0.0103471 0.00913022 0.0537773 0.00881132 0.0336893 0.00886893 0.856393 0.0145446 0.0124008 0.00328278 0 0.00317356 0.00315874 0.00319289 0.00438301 0.00335457 0.00451739 0.0100706 0.00570557 0.00829588 0.0101914 0.0646193 0.781874 0.0251669 
0.00805696 0.00841397 0.00848878 0.00903947 0.0196072 0.0104573 0.03211 0.00902786 0.0199849 0.00921501 0.00918428 0.00869624 0.0137067 0.0105729 0.0364076 0.0133883 0.0520624 0.0132404 0.0178273 0.00867528 0.0117964 0.00976511 0.0268709 0.0217748 0.018006 0.0234753 0.0108593 0.00941327 0.00814161 0.00857986 0.00889136 0.0091006 0.0126307 0.0174259 0.0285027 0.0137781 0.0427796 0.00983274 0.0104721 0.0176837 0.00895657 0.0578958 0.00873002 0.879202 0.0128764 0.0361679 0.00841511 0.00319497 0.00317356 0 0.00315222 0.00330841 0.00318235 0.00318038 0.004262 0.00465164 0.00775643 0.00622447 0.0735964 0.751206 0.0160046 0.00645634 
0.00804597 0.00880135 0.00820248 0.0119159 0.00954277 0.0365082 0.00996363 0.0247116 0.00955226 0.00985077 0.00894407 0.00908825 0.00979182 0.0284835 0.0124607 0.0760242 0.013671 0.0474544 0.0101513 0.00983915 0.00849478 0.029373 0.0148377 0.0247902 0.0329505 0.0164592 0.0125691 0.00941583 0.0080736 0.00999483 0.00834407 0.00928356 0.0155183 0.0144214 0.0200154 0.0713965 0.0119373 0.0159667 0.00952597 0.00893828 0.0340006 0.00974822 0.851246 0.0111388 0.0702384 0.0124264 0.0118376 0.00320396 0.00315874 0.00315222 0 0.00314806 0.00317018 0.00481279 0.00342732 0.00667351 0.00428342 0.101604 0.691406 0.014477 0.00982722 0.0112506 
0.00809075 0.00818143 0.00813546 0.00866453 0.0185478 0.00987039 0.0270485 0.00894962 0.0114142 0.00898131 0.00857849 0.00832259 0.0118411 0.0100842 0.0309216 0.0119816 0.0349103 0.0124386 0.0180132 0.00876298 0.0105154 0.009197 0.0270554 0.0217233 0.0145995 0.0189326 0.00960245 0.00939046 0.00806065 0.00841342 0.00891329 0.00875945 0.0114041 0.0170138 0.0656101 0.0128753 0.0225922 0.00940959 0.0108628 0.0145331 0.00943219 0.860812 0.0101461 0.0858447 0.0137468 0.0250564 0.00863589 0.00319506 0.00319289 0.00330841 0.00314806 0 0.00315737 0.00325963 0.00360589 0.00717982 0.148197 0.681988 0.0174161 0.00617266 0.00931018 0.00583353 
0.0080613 0.00924755 0.00829231 0.010807 0.0087302 0.014566 0.00853686 0.00969666 0.00879356 0.00852829 0.00859246 0.0102121 0.00872532 0.0146885 0.00963077 0.014579 0.00910378 0.0130731 0.00910033 0.00995252 0.00847535 0.0155305 0.0102623 0.0106681 0.0102126 0.00923166 0.0103742 0.00904645 0.00811714 0.011435 0.00953073 0.0103059 0.0121372 0.0224547 0.0104794 0.0140959 0.00914633 0.0138635 0.00884753 0.0111748 0.708347 0.0115884 0.0319682 0.00941219 0.0231491 0.0112725 0.0117549 0.00348489 0.00438301 0.00318235 0.00317018 0.00315737 0 0.00320938 0.0035739 0.961866 0.0757509 0.011792 0.0041476 0.00857724 0.005887 0.0105572 
0.00851951 0.00892683 0.0082426 0.0104553 0.00895337 0.00820185 0.00828646 0.00803292 0.00808875 0.00794783 0.00830708 0.0101647 0.00858803 0.0080707 0.00853598 0.00850042 0.00848853 0.00844124 0.00872912 0.00878741 0.0131434 0.00851656 0.00854861 0.00881812 0.00828781 0.00855618 0.00830534 0.00869488 0.00842424 0.0102692 0.0117124 0.0117773 0.0221558 0.00967488 0.00910623 0.00874909 0.00929562 0.00846659 0.00953312 0.480068 0.010201 0.0121553 0.00857142 0.0104665 0.00879599 0.00875444 0.0083541 0.00594999 0.00335457 0.00318038 0.00481279 0.00325963 0.00320938 0 0.992684 0.0195928 0.00404486 0.00367537 0.00425036 0.00401274 0.0048241 0.00577232 
0.00932872 0.00797139 0.00807802 0.00814926 0.00841128 0.00811279 0.00816603 0.00788774 0.00806514 0.00803896 0.00885971 0.00821445 0.00828767 0.00796642 0.00840858 0.00819556 0.00840929 0.00819486 0.00892627 0.0105777 0.0114034 0.00829272 0.00844777 0.00846664 0.00837125 0.00884671 0.00859287 0.0136711 0.0104106 0.0121383 0.0254252 0.00919354 0.00952543 0.0091268 0.00903362 0.00880643 0.00911852 0.00869469 0.0216371 0.0279164 0.00891549 0.0132325 0.00848725 0.0136746 0.00850831 0.0131115 0.0147445 0.00673354 0.00451739 0.004262 0.00342732 0.00360589 0.0035739 0.992684 0 0.0033305 0.00321275 0.00319639 0.00371727 0.00324478 0.00360505 0.00657079 
0.00788228 0.0080919 0.00798215 0.00826395 0.00826422 0.00924104 0.00819236 0.00855972 0.00816053 0.0081945 0.00813651 0.00807005 0.00828484 0.00928407 0.00829723 0.0108572 0.00835109 0.0102923 0.00867037 0.00982561 0.0080213 0.012448 0.0084693 0.00905854 0.00879587 0.00854018 0.00968958 0.00897135 0.00806704 0.0122105 0.00838053 0.0086417 0.0090043 0.00953047 0.00922626 0.0106038 0.00883825 0.0125495 0.00944644 0.0087619 0.0283789 0.00884925 0.0184356 0.0087033 0.0146935 0.0103936 0.0106542 0.00534635 0.0100706 0.00465164 0.00667351 0.00717982 0.961866 0.0195928 0.0033305 0 0.00318434 0.00331294 0.00321455 0.00344271 0.00391884 0.00517193 
0.00804433 0.00792145 0.00789108 0.0081064 0.00999819 0.00838952 0.0104525 0.00816289 0.00882883 0.008101 0.00803096 0.00805762 0.00876932 0.00815232 0.0112674 0.00877738 0.0126135 0.00886803 0.0105228 0.00810987 0.00971808 0.00818533 0.0108108 0.00986924 0.00910676 0.0104834 0.00841529 0.00883648 0.00796885 0.00808912 0.00970447 0.00819723 0.00893953 0.0102748 0.0136727 0.0093697 0.0171864 0.00853555 0.00968827 0.0123913 0.00857406 0.0361004 0.0084895 0.0220217 0.00929353 0.0131546 0.00836262 0.00790897 0.00570557 0.00775643 0.00428342 0.148197 0.0757509 0.00404486 0.00321275 0.00318434 0 0.00310771 0.00318992 0.00313246 0.00324265 0.00322756 
0.00788722 0.0081187 0.00789581 0.00849045 0.00824457 0.0111945 0.00818669 0.00905634 0.0082515 0.00819274 0.00814546 0.00833039 0.00819787 0.009266 0.00830952 0.0125228 0.00836819 0.0109857 0.00841752 0.00926768 0.00798817 0.0115001 0.00851076 0.00971829 0.00931078 0.00881462 0.0088491 0.00851164 0.00796893 0.0111146 0.00824349 0.00876525 0.010082 0.00951374 0.00950201 0.0179405 0.00887366 0.00938799 0.00888281 0.00867693 0.0188514 0.00870229 0.0208087 0.00882281 0.0187811 0.00887985 0.0103529 0.00579732 0.00829588 0.00622447 0.101604 0.681988 0.011792 0.00367537 0.00319639 0.00331294 0.00310771 0 0.00332468 0.00323288 0.00322162 0.00362904 
0.00790787 0.00788178 0.00785328 0.00793069 0.008633 0.00801102 0.00869197 0.00802456 0.00810437 0.00801722 0.00796642 0.00796078 0.00827902 0.00802052 0.0102078 0.00825913 0.00975573 0.00830199 0.00847111 0.00800695 0.00877205 0.00810544 0.00886126 0.00914173 0.00972029 0.00863979 0.00805364 0.00878217 0.0078393 0.00806084 0.00857465 0.00804841 0.00891056 0.00926881 0.0145209 0.0115024 0.00958788 0.00887578 0.00915192 0.0107454 0.00847715 0.0151923 0.00865403 0.0196042 0.00865855 0.0104071 0.00800063 0.00803785 0.0101914 0.0735964 0.691406 0.0174161 0.0041476 0.00425036 0.00371727 0.00321455 0.00318992 0.00332468 0 0.00334177 0.00329623 0.00324193 
0.00785358 0.00796234 0.00787058 0.00836909 0.00820667 0.0093756 0.00821482 0.00818359 0.00820763 0.00803271 0.0079446 0.00840928 0.00808559 0.00906198 0.00845031 0.0108857 0.00839175 0.0095608 0.00824043 0.00834687 0.00793287 0.00951898 0.00871095 0.00889698 0.00850327 0.00872055 0.00827687 0.00843018 0.00785432 0.00878945 0.0080465 0.00813057 0.00914444 0.0108553 0.0125598 0.0101213 0.00900221 0.00870378 0.00855249 0.00863994 0.0129314 0.00932638 0.0139895 0.00961323 0.0114832 0.00885892 0.00831677 0.00915576 0.0646193 0.751206 0.014477 0.00617266 0.00857724 0.00401274 0.00324478 0.00344271 0.00313246 0.00323288 0.00334177 0 0.0031941 0.00318178 
