1K2VN
AIDPNRIVALEWLPVELLLALGIVPYGVADTINYRLWVSEPPLPDSVIDVGLRTEPNLELLTEMKPSFMVWSAGYGPSPEMLARIAPGRGFNFSDGKQPLAMARKSLTEMADLLNLQSAAETHLAQYEDFIRSMKPRFVKRGARPLLLTTLIDPRHMLVFGPNSLFQEILDEYGIPNAWQGETNFWGSTAVSIDRLAAYKDVDVLCFDHDNSKDMDALMATPLWQAMPFVRAGRFQRVPAVWFYGATLSAMHFVRVLDNAIG
CCCCCCEEECCHHHHHHHHHCCCCCCEECCHHHHHHHCCCCCCCCCCEECEECCEECHHHHHHHCCCEEEEECCCCCCHHHHHHHCCEEEECCCCCCCHHHHHHHHHHHHHHHCCCHHHHHHHHHHHHHHHHHHHHHHCCCCCCCEEEEEEEECCEEEEECCCCCCHHHHHHCCCCECCCCCCCCCCEEEECHHHHHHCCCCEEEEECCCCHHHHHHHHHCHHHHHCHHHHCCCEEEECCCCCCCCHHHHHHHHHHHHHHHC
0 0 0 0 0 0 0 0 0 0 0 0 0 0 0 0 0 0 0 0 0 0 0 0 0 0 0 0 0 0 0 0 0 0 0 0 0 0 0 0 0 0 0 0 0 0 0 0 0 0 0 0 0 0 0 0 0 0 0 0 0 0 0 0 0 0 0 0 0 0 0 0 0 0 0 0 0 0 0 0 0 0 0 0 0 0 0 0 0 0 0 0 0 0 0 0 0 0 0 0 0 0 0 0 0 0 0 0 0 0 0 0 0 0 0 0 0 0 0 0 0 0 0 0 0 0 0 0 0 0 0 0 0 0 0 0 0 0 0 0 0 0 0 0 0 0 0 0 0 0 0 0 0 0 0 0 0 0 0 0 0 0 0 0 0 0 0 0 0 0 0 0 0 0 0 0 0 0 0 0 0 0 0 0 0 0 0 0 0 0 0 0 0 0 0 0 0 0 0 0 0 0 0 0 0 0 0 0 0 0 0 0 0 0 0 0 0 0 0 0 0 0 0 0 0 0 0 0 0 0 0 0 0 0 0 0 0 0 0 0 0 0 0 0 0 0 0 0 0 0 0 0 0 0 0 0 0 0 0 0 0 0 
0 0 0 0 0 0 0 0 0 0 0 0 0 0 0 0 0 0 0 0 0 0 0 0 0 0 0 0 0 0 0 0 0 0 0 0 0 0 0 0 0 0 0 0 0 0 0 0 0 0 0 0 0 0 0 0 0 0 0 0 0 0 0 0 0 0 0 0 0 0 0 0 0 0 0 0 0 0 0 0 0 0 0 0 0 0 0 0 0 0 0 0 0 0 0 0 0 0 0 0 0 0 0 0 0 0 0 0 0 0 0 0 0 0 0 0 0 0 0 0 0 0 0 0 0 0 0 0 0 0 0 0 0 0 0 0 0 0 0 0 0 0 0 0 0 0 0 0 0 0 0 0 0 0 0 0 0 0 0 0 0 0 0 0 0 0 0 0 0 0 0 0 0 0 0 0 0 0 0 0 0 0 0 0 0 0 0 0 0 0 0 0 0 0 0 0 0 0 0 0 0 0 0 0 0 0 0 0 0 0 0 0 0 0 0 0 0 0 0 0 0 0 0 0 0 0 0 0 0 0 0 0 0 0 0 0 0 0 0 0 0 0 0 0 0 0 0 0 0 0 0 0 0 0 0 0 0 0 0 0 0 0 
0 0.00341836 0.00354228 0.0511821 0.0435719 0.0212144 0.013234 0.0107882 0.0127145 0.0103694 0.0182651 0.0348486 0.0155587 0.0152599 0.0109412 0.0171211 0.0106765 0.00855369 0.00876741 0.0126694 0.00966782 0.0086115 0.00892773 0.00874484 0.00872629 0.00843892 0.00833221 0.00821564 0.00817011 0.00839472 0.00860826 0.00853163 0.00983431 0.0084751 0.00829157 0.00823937 0.00823897 0.00916476 0.00845641 0.00857541 0.00875392 0.00840351 0.00839469 0.00840394 0.00820846 0.00822599 0.008439 
0.00341836 0 0.00364288 0.320906 0.0738181 0.0223308 0.0130728 0.0131596 0.0116347 0.0129691 0.0111471 0.0198324 0.096519 0.0216042 0.0363404 0.00989957 0.00962906 0.00942888 0.0123551 0.00903037 0.00915797 0.00978729 0.00965405 0.00931956 0.00902806 0.00851392 0.0084928 0.0081304 0.00820954 0.00886363 0.00904307 0.00951039 0.00891284 0.00802283 0.00799961 0.00850336 0.00844648 0.00831904 0.00840895 0.00898462 0.00901483 0.00867151 0.00823213 0.00839148 0.00837758 0.00829671 0.00812167 
0.00354228 0.00364288 0 0.0402865 0.218036 0.0180609 0.0156152 0.0222662 0.0158441 0.0122355 0.0100653 0.0337555 0.0174994 0.0507049 0.0203862 0.0252375 0.0132321 0.0108366 0.0090738 0.0121019 0.0105808 0.00981672 0.00987801 0.00973522 0.00893005 0.00884267 0.00825442 0.00817785 0.00936301 0.00849996 0.00918174 0.0096419 0.00988344 0.00839953 0.00861284 0.00839318 0.0081216 0.00850333 0.00913203 0.00927194 0.00992915 0.00838483 0.00844764 0.00867714 0.00821727 0.0080195 0.00814931 
0.0511821 0.320906 0.0402865 0 0.00466135 0.0931693 0.0420658 0.0183616 0.0243106 0.0140077 0.0295383 0.0185199 0.0275074 0.0120674 0.0157949 0.0159653 0.00927192 0.00850766 0.00888712 0.011093 0.00894219 0.00909732 0.00887262 0.0085446 0.00834151 0.00828251 0.00824152 0.00807803 0.00812969 0.00821302 0.00851073 0.00872183 0.00952511 0.0082721 0.00796965 0.00809294 0.00813772 0.00848435 0.00825463 0.00845957 0.00840039 0.00827512 0.00825207 0.00796005 0.00803894 0.00799895 0.00803884 
0.0435719 0.0738181 0.218036 0.00466135 0 0.0433576 0.0198713 0.0292751 0.0262438 0.0149085 0.0164694 0.0238425 0.0121011 0.0130143 0.0157095 0.0153598 0.01071 0.00855494 0.00870672 0.0108275 0.00966045 0.00878194 0.0089522 0.00879019 0.00840109 0.00835964 0.00811623 0.00804095 0.00907154 0.00818621 0.0083618 0.00880097 0.00925905 0.00813568 0.00815884 0.00809199 0.00805312 0.00832448 0.00830641 0.00848523 0.00862526 0.00829269 0.00839255 0.00814224 0.0080948 0.0079391 0.00809906 
0.0212144 0.0223308 0.0180609 0.0931693 0.0433576 0 0.00415071 0.00333074 0.0384937 0.00534178 0.0530939 0.0147721 0.0196357 0.00966573 0.0122784 0.0148529 0.0112552 0.00938751 0.00887145 0.0126706 0.00921768 0.00859734 0.00827352 0.00827095 0.0081837 0.00811469 0.00824645 0.00804671 0.00822388 0.00814468 0.00807801 0.00835663 0.00933686 0.00839824 0.00792145 0.00795462 0.00800624 0.00855749 0.00810592 0.00824245 0.00813706 0.00811357 0.00815506 0.00804275 0.007926 0.00804548 0.00810231 
0.013234 0.0130728 0.0156152 0.0420658 0.0198713 0.00415071 0 0.00909509 0.00320171 0.00644567 0.00374618 0.0272257 0.0119412 0.0123042 0.0117285 0.0109917 0.0102489 0.00872896 0.00996369 0.0090785 0.0101045 0.00879884 0.00870078 0.00847625 0.00847305 0.00818339 0.00801651 0.00797188 0.00917529 0.0080607 0.00840153 0.00842166 0.00852714 0.007963 0.00808692 0.00808306 0.00807169 0.00796728 0.00838742 0.00813494 0.00837987 0.0081487 0.00797081 0.00799951 0.00806786 0.00803248 0.00791019 
0.0107882 0.0131596 0.0222662 0.0183616 0.0292751 0.00333074 0.00909509 0 0.00436972 0.00342476 0.54669 0.0123839 0.015205 0.00990254 0.013477 0.0133251 0.00930051 0.008481 0.00982232 0.0104049 0.0085777 0.00850146 0.00831467 0.00827026 0.00820184 0.00812416 0.00818425 0.00801026 0.00817273 0.00807361 0.00817522 0.0084752 0.00932458 0.00815205 0.00788734 0.00791427 0.00792652 0.00831449 0.00809724 0.00807497 0.00816474 0.008027 0.00812327 0.00784889 0.00788036 0.00794341 0.00798136 
0.0127145 0.0116347 0.0158441 0.0243106 0.0262438 0.0384937 0.00320171 0.00436972 0 0.70867 0.00397119 0.0146827 0.0118016 0.0106258 0.0159459 0.0140341 0.0110253 0.008633 0.00880176 0.0100866 0.0100801 0.00833989 0.0081994 0.00811785 0.00804568 0.0080066 0.00809846 0.00797132 0.0088863 0.0080323 0.00806401 0.00830271 0.00871578 0.0080712 0.00820151 0.00794374 0.0079342 0.00804169 0.00828946 0.00800378 0.00809913 0.00795235 0.00802453 0.00826738 0.00792989 0.00793104 0.00792376 
0.0103694 0.0129691 0.0122355 0.0140077 0.0149085 0.00534178 0.00644567 0.00342476 0.70867 0 0.0124898 0.00785871 0.0107856 0.00756026 0.00803912 0.00937568 0.00914518 0.00848656 0.00906452 0.00907351 0.00874762 0.00816676 0.00806582 0.00796245 0.00797542 0.0078956 0.00805429 0.00786147 0.00860215 0.00791368 0.00802692 0.00802762 0.00833602 0.00809367 0.00793451 0.00782896 0.00790791 0.00795633 0.00812694 0.007916 0.00794727 0.00791685 0.00782487 0.00791061 0.00786289 0.00789838 0.00786327 
0.0182651 0.0111471 0.0100653 0.0295383 0.0164694 0.0530939 0.00374618 0.54669 0.00397119 0.0124898 0 0.0165155 0.00841435 0.00776663 0.0074706 0.00903668 0.0149546 0.00978567 0.00867032 0.012604 0.0123836 0.00856795 0.00828391 0.00831041 0.00820464 0.00850277 0.00824493 0.00795098 0.00882999 0.00845255 0.0081038 0.00824316 0.00857227 0.00895803 0.00850708 0.00823047 0.0078976 0.00918253 0.00846685 0.00800127 0.00808617 0.00805537 0.00820364 0.00942112 0.00796809 0.00794795 0.00843637 
0.0348486 0.0198324 0.0337555 0.0185199 0.0238425 0.0147721 0.0272257 0.0123839 0.0146827 0.00785871 0.0165155 0 0.00321847 0.00319621 0.00323398 0.00363623 0.0220419 0.0132337 0.0105769 0.0518198 0.020401 0.0220515 0.013541 0.0145899 0.0137271 0.0108973 0.00951624 0.00939914 0.0120541 0.012538 0.0129139 0.0126253 0.0174467 0.00931969 0.00936225 0.00852976 0.00866094 0.0107547 0.0104316 0.0106461 0.0104759 0.00892714 0.00999628 0.00810738 0.00808921 0.00814322 0.00845857 
0.0155587 0.096519 0.0174994 0.0275074 0.0121011 0.0196357 0.0119412 0.015205 0.0118016 0.0107856 0.00841435 0.00321847 0 0.00316999 0.00322348 0.00321065 0.186294 0.0220583 0.0673888 0.0102641 0.0156393 0.0376901 0.0361742 0.0334258 0.0280941 0.0185052 0.0110823 0.00851268 0.00971738 0.0188074 0.0278158 0.0286241 0.0111546 0.0082533 0.00834213 0.00990037 0.0103049 0.00881254 0.0103259 0.0148727 0.0151343 0.0115885 0.00890573 0.00813014 0.00900637 0.00866359 0.00810294 
0.0152599 0.0216042 0.0507049 0.0120674 0.0130143 0.00966573 0.0123042 0.00990254 0.0106258 0.00756026 0.00776663 0.00319621 0.00316999 0 0.00318456 0.00317445 0.012139 0.397499 0.0166095 0.0357059 0.0107264 0.0301936 0.0642098 0.0545902 0.0336324 0.0255867 0.0109086 0.00840735 0.00920248 0.015114 0.0436506 0.0277718 0.0109469 0.00811126 0.00841722 0.0096038 0.010114 0.00878926 0.00951899 0.0137965 0.0238393 0.0114484 0.00887835 0.00815634 0.00829778 0.00858467 0.00811436 
0.0109412 0.0363404 0.0203862 0.0157949 0.0157095 0.0122784 0.0117285 0.013477 0.0159459 0.00803912 0.0074706 0.00323398 0.00322348 0.00318456 0 0.00318037 0.0314291 0.015456 0.277552 0.0174549 0.0113203 0.0171766 0.0204589 0.0187333 0.0139436 0.010669 0.0108676 0.00846162 0.00940311 0.0118734 0.0139792 0.0245579 0.010535 0.00832252 0.00840135 0.00884037 0.0087909 0.00872055 0.00923654 0.0108087 0.0110237 0.0101523 0.00850278 0.00803161 0.00825414 0.00819334 0.00793426 
0.0171211 0.00989957 0.0252375 0.0159653 0.0153598 0.0148529 0.0109917 0.0133251 0.0140341 0.00937568 0.00903668 0.00363623 0.00321065 0.00317445 0.00318037 0 0.0130656 0.00997308 0.0132348 0.298902 0.0154596 0.0103241 0.00997555 0.010098 0.00926808 0.00887532 0.00853346 0.0083815 0.0119388 0.00880199 0.0087908 0.0097668 0.0119328 0.00944964 0.00930489 0.00857298 0.00815297 0.00882 0.00996681 0.00887689 0.00877139 0.00851888 0.00873163 0.00855116 0.00799435 0.00798045 0.00796122 
0.0106765 0.00962906 0.0132321 0.00927192 0.01071 0.0112552 0.0102489 0.00930051 0.0110253 0.00914518 0.0149546 0.0220419 0.186294 0.012139 0.0314291 0.0130656 0 0.00326939 0.00343883 0.00369203 0.0238396 0.0105065 0.00907434 0.00968147 0.00905072 0.0086798 0.00885443 0.00933227 0.00921078 0.00890284 0.00884712 0.00867947 0.0136448 0.00897761 0.00822057 0.00798647 0.00816852 0.0101878 0.00836665 0.00821067 0.00817111 0.00815796 0.00880207 0.00808826 0.00787958 0.00801165 0.00827559 
0.00855369 0.00942888 0.0108366 0.00850766 0.00855494 0.00938751 0.00872896 0.008481 0.008633 0.00848656 0.00978567 0.0132337 0.0220583 0.397499 0.015456 0.00997308 0.00326939 0 0.00344299 0.00322441 0.0198287 0.0145554 0.0146917 0.0111226 0.00979801 0.0100492 0.00874694 0.00797524 0.00814407 0.0106847 0.00961941 0.0102704 0.00880961 0.00802348 0.00793471 0.00820071 0.00814251 0.00837219 0.00802303 0.00858129 0.00859933 0.00823904 0.00807897 0.00792473 0.00789336 0.00814182 0.00790652 
0.00876741 0.0123551 0.0090738 0.00888712 0.00870672 0.00887145 0.00996369 0.00982232 0.00880176 0.00906452 0.00867032 0.0105769 0.0673888 0.0166095 0.277552 0.0132348 0.00343883 0.00344299 0 0.00316899 0.0111691 0.0331554 0.0166656 0.0134111 0.0157967 0.00939699 0.0095834 0.00818193 0.0095301 0.00873393 0.0119261 0.0115837 0.00900824 0.00809654 0.00806157 0.00820133 0.00879259 0.00803954 0.00858399 0.00875989 0.00900997 0.00869751 0.00810061 0.00791204 0.00798814 0.00806171 0.0078312 
0.0126694 0.00903037 0.0121019 0.011093 0.0108275 0.0126706 0.0090785 0.0104049 0.0100866 0.00907351 0.012604 0.0518198 0.0102641 0.0357059 0.0174549 0.298902 0.00369203 0.00322441 0.00316899 0 0.0153435 0.0112296 0.0204591 0.0159278 0.0111641 0.0110872 0.0102991 0.0116106 0.00936072 0.0109427 0.00990193 0.0102416 0.0123785 0.00991835 0.00919314 0.00849693 0.00804747 0.0117934 0.00927427 0.00880211 0.00868312 0.00837855 0.00857277 0.0090475 0.00794478 0.00787981 0.00840736 
0.00966782 0.00915797 0.0105808 0.00894219 0.00966045 0.00921768 0.0101045 0.0085777 0.0100801 0.00874762 0.0123836 0.020401 0.0156393 0.0107264 0.0113203 0.0154596 0.0238396 0.0198287 0.0111691 0.0153435 0 0.00326534 0.00320584 0.0032003 0.00326022 0.00333997 0.00347298 0.00485743 0.0109529 0.00673708 0.00820744 0.0105018 0.0250696 0.02065 0.0179387 0.0109915 0.0111551 0.0295414 0.026542 0.0164701 0.0119448 0.0118376 0.0190097 0.0099094 0.00853018 0.00908947 0.0116599 
0.0086115 0.00978729 0.00981672 0.00909732 0.00878194 0.00859734 0.00879884 0.00850146 0.00833989 0.00816676 0.00856795 0.0220515 0.0376901 0.0301936 0.0171766 0.0103241 0.0105065 0.0145554 0.0331554 0.0112296 0.00326534 0 0.00318697 0.00319572 0.00322662 0.00329084 0.00347086 0.00338213 0.00529862 0.00771901 0.00927072 0.0166227 0.0195053 0.0159841 0.010743 0.0170068 0.0230557 0.0110401 0.0161248 0.0511705 0.0358821 0.0275882 0.0105995 0.00864119 0.00968408 0.0118613 0.0085923 
0.00892773 0.00965405 0.00987801 0.00887262 0.0089522 0.00827352 0.00870078 0.00831467 0.0081994 0.00806582 0.00828391 0.013541 0.0361742 0.0642098 0.0204589 0.00997555 0.00907434 0.0146917 0.0166656 0.0204591 0.00320584 0.00318697 0 0.00316387 0.00321716 0.0032172 0.00316248 0.00322145 0.0044787 0.00743744 0.0188427 0.0192525 0.309911 0.0103149 0.010981 0.0193998 0.0171186 0.0112916 0.0140403 0.0403624 0.119801 0.0247211 0.0127063 0.00879111 0.00961101 0.0102635 0.00871688 
0.00874484 0.00931956 0.00973522 0.0085446 0.00879019 0.00827095 0.00847625 0.00827026 0.00811785 0.00796245 0.00831041 0.0145899 0.0334258 0.0545902 0.0187333 0.010098 0.00968147 0.0111226 0.0134111 0.0159278 0.0032003 0.00319572 0.00316387 0 0.003172 0.00320901 0.0031783 0.003202 0.00415975 0.015178 0.0124846 0.459444 0.0987964 0.00967502 0.0108608 0.0183701 0.0122803 0.0116647 0.0128567 0.0483697 0.0601954 0.0295529 0.0108482 0.00884284 0.0102 0.0101572 0.00864727 
0.00872629 0.00902806 0.00893005 0.00834151 0.00840109 0.0081837 0.00847305 0.00820184 0.00804568 0.00797542 0.00820464 0.0137271 0.0280941 0.0336324 0.0139436 0.00926808 0.00905072 0.00979801 0.0157967 0.0111641 0.00326022 0.00322662 0.00321716 0.003172 0 0.00320758 0.00319215 0.00316746 0.00469898 0.00686876 0.519422 0.0867334 0.0126901 0.00917092 0.0106127 0.0114597 0.0140248 0.00984121 0.0163605 0.0232578 0.0589947 0.018604 0.0103344 0.0085523 0.00940588 0.00969608 0.00842734 
0.00843892 0.00851392 0.00884267 0.00828251 0.00835964 0.00811469 0.00818339 0.00812416 0.0080066 0.0078956 0.00850277 0.0108973 0.0185052 0.0255867 0.010669 0.00887532 0.0086798 0.0100492 0.00939699 0.0110872 0.00333997 0.00329084 0.0032172 0.00320901 0.00320758 0 0.00316039 0.00317008 0.00375358 0.435731 0.0902458 0.014063 0.00896239 0.0092007 0.00894889 0.0142765 0.0104037 0.011468 0.00997725 0.0231702 0.0332352 0.0141933 0.00996354 0.00866258 0.00911332 0.0089433 0.00873476 
0.00833221 0.0084928 0.00825442 0.00824152 0.00811623 0.00824645 0.00801651 0.00818425 0.00809846 0.00805429 0.00824493 0.00951624 0.0110823 0.0109086 0.0108676 0.00853346 0.00885443 0.00874694 0.0095834 0.0102991 0.00347298 0.00347086 0.00316248 0.0031783 0.00319215 0.00316039 0 0.00316978 0.0105961 0.165408 0.00916338 0.0047276 0.00545238 0.00889772 0.0100461 0.0103128 0.0114313 0.0089717 0.0110517 0.012498 0.0133553 0.0147789 0.00941934 0.00897923 0.00849133 0.00858076 0.00814061 
0.00821564 0.0081304 0.00817785 0.00807803 0.00804095 0.00804671 0.00797188 0.00801026 0.00797132 0.00786147 0.00795098 0.00939914 0.00851268 0.00840735 0.00846162 0.0083815 0.00933227 0.00797524 0.00818193 0.0116106 0.00485743 0.00338213 0.00322145 0.003202 0.00316746 0.00317008 0.00316978 0 0.86003 0.0041593 0.00352215 0.00346782 0.00411544 0.00896663 0.0115891 0.00921195 0.00828799 0.0114832 0.0116905 0.00918528 0.00891037 0.00927659 0.00972999 0.00992457 0.00799025 0.00801018 0.00801058 
0.00817011 0.00820954 0.00936301 0.00812969 0.00907154 0.00822388 0.00917529 0.00817273 0.0088863 0.00860215 0.00882999 0.0120541 0.00971738 0.00920248 0.00940311 0.0119388 0.00921078 0.00814407 0.0095301 0.00936072 0.0109529 0.00529862 0.0044787 0.00415975 0.00469898 0.00375358 0.0105961 0.86003 0 0.00321702 0.00321082 0.00322629 0.00371463 0.0154082 0.0205078 0.00889069 0.0144683 0.0122188 0.0324083 0.00988076 0.0101909 0.0108868 0.0121345 0.00836193 0.00860407 0.00948685 0.00872486 
0.00839472 0.00886363 0.00849996 0.00821302 0.00818621 0.00814468 0.0080607 0.00807361 0.0080323 0.00791368 0.00845255 0.012538 0.0188074 0.015114 0.0118734 0.00880199 0.00890284 0.0106847 0.00873393 0.0109427 0.00673708 0.00771901 0.00743744 0.015178 0.00686876 0.435731 0.165408 0.0041593 0.00321702 0 0.00317139 0.00320318 0.00321621 0.0124809 0.0232671 0.0329375 0.0101577 0.0384829 0.0115746 0.0615187 0.0200664 0.0181183 0.0107682 0.00887585 0.00917595 0.00924841 0.00891849 
0.00860826 0.00904307 0.00918174 0.00851073 0.0083618 0.00807801 0.00840153 0.00817522 0.00806401 0.00802692 0.0081038 0.0129139 0.0278158 0.0436506 0.0139792 0.0087908 0.00884712 0.00961941 0.0119261 0.00990193 0.00820744 0.00927072 0.0188427 0.0124846 0.519422 0.0902458 0.00916338 0.00352215 0.00321082 0.00317139 0 0.00316001 0.00318794 0.00901433 0.0211799 0.0234768 0.0707041 0.0106182 0.0144789 0.0278582 0.122933 0.024492 0.0110094 0.00871609 0.0110662 0.0119356 0.00858751 
0.00853163 0.00951039 0.0096419 0.00872183 0.00880097 0.00835663 0.00842166 0.0084752 0.00830271 0.00802762 0.00824316 0.0126253 0.0286241 0.0277718 0.0245579 0.0097668 0.00867947 0.0102704 0.0115837 0.0102416 0.0105018 0.0166227 0.0192525 0.459444 0.0867334 0.014063 0.0047276 0.00346782 0.00322629 0.00320318 0.00316001 0 0.00330473 0.0111937 0.0147324 0.0904073 0.0508097 0.0171368 0.0120213 0.0477365 0.0354172 0.0791692 0.0169169 0.00879758 0.00999205 0.013556 0.00890601 
0.00983431 0.00891284 0.00988344 0.00952511 0.00925905 0.00933686 0.00852714 0.00932458 0.00871578 0.00833602 0.00857227 0.0174467 0.0111546 0.0109469 0.010535 0.0119328 0.0136448 0.00880961 0.00900824 0.0123785 0.0250696 0.0195053 0.309911 0.0987964 0.0126901 0.00896239 0.00545238 0.00411544 0.00371463 0.00321621 0.00318794 0.00330473 0 0.0416531 0.0341868 0.0172618 0.0352785 0.0543295 0.0296665 0.0125382 0.0139558 0.0173459 0.0365852 0.0152823 0.00907572 0.00894285 0.00974094 
0.0084751 0.00802283 0.00839953 0.0082721 0.00813568 0.00839824 0.007963 0.00815205 0.0080712 0.00809367 0.00895803 0.00931969 0.0082533 0.00811126 0.00832252 0.00944964 0.00897761 0.00802348 0.00809654 0.00991835 0.02065 0.0159841 0.0103149 0.00967502 0.00917092 0.0092007 0.00889772 0.00896663 0.0154082 0.0124809 0.00901433 0.0111937 0.0416531 0 0.0152185 0.00801772 0.00757163 0.0173186 0.0157975 0.0114058 0.00951671 0.0112768 0.0143604 0.011475 0.00821018 0.00847018 0.0104069 
0.00829157 0.00799961 0.00861284 0.00796965 0.00815884 0.00792145 0.00808692 0.00788734 0.00820151 0.00793451 0.00850708 0.00936225 0.00834213 0.00841722 0.00840135 0.00930489 0.00822057 0.00793471 0.00806157 0.00919314 0.0179387 0.010743 0.010981 0.0108608 0.0106127 0.00894889 0.0100461 0.0115891 0.0205078 0.0232671 0.0211799 0.0147324 0.0341868 0.0152185 0 0.00320426 0.00322685 0.00391448 0.0179661 0.00898431 0.0128734 0.0475816 0.0804988 0.00966836 0.00868669 0.00941291 0.013229 
0.00823937 0.00850336 0.00839318 0.00809294 0.00809199 0.00795462 0.00808306 0.00791427 0.00794374 0.00782896 0.00823047 0.00852976 0.00990037 0.0096038 0.00884037 0.00857298 0.00798647 0.00820071 0.00820133 0.00849693 0.0109915 0.0170068 0.0193998 0.0183701 0.0114597 0.0142765 0.0103128 0.00921195 0.00889069 0.0329375 0.0234768 0.0904073 0.0172618 0.00801772 0.00320426 0 0.00326068 0.00320964 0.0104511 0.0603096 0.034575 0.0645511 0.0133901 0.00991936 0.00940718 0.0114608 0.0102641 
0.00823897 0.00844648 0.0081216 0.00813772 0.00805312 0.00800624 0.00807169 0.00792652 0.0079342 0.00790791 0.0078976 0.00866094 0.0103049 0.010114 0.0087909 0.00815297 0.00816852 0.00814251 0.00879259 0.00804747 0.0111551 0.0230557 0.0171186 0.0122803 0.0140248 0.0104037 0.0114313 0.00828799 0.0144683 0.0101577 0.0707041 0.0508097 0.0352785 0.00757163 0.00322685 0.00326068 0 0.0031647 0.0169431 0.0198447 0.0591683 0.0357507 0.00878694 0.00935242 0.0138294 0.0142608 0.00835709 
0.00916476 0.00831904 0.00850333 0.00848435 0.00832448 0.00855749 0.00796728 0.00831449 0.00804169 0.00795633 0.00918253 0.0107547 0.00881254 0.00878926 0.00872055 0.00882 0.0101878 0.00837219 0.00803954 0.0117934 0.0295414 0.0110401 0.0112916 0.0116647 0.00984121 0.011468 0.0089717 0.0114832 0.0122188 0.0384829 0.0106182 0.0171368 0.0543295 0.0173186 0.00391448 0.00320964 0.0031647 0 0.0145609 0.0445457 0.0102512 0.0106021 0.0394022 0.0489641 0.00920298 0.00869485 0.0161522 
0.00845641 0.00840895 0.00913203 0.00825463 0.00830641 0.00810592 0.00838742 0.00809724 0.00828946 0.00812694 0.00846685 0.0104316 0.0103259 0.00951899 0.00923654 0.00996681 0.00836665 0.00802303 0.00858399 0.00927427 0.026542 0.0161248 0.0140403 0.0128567 0.0163605 0.00997725 0.0110517 0.0116905 0.0324083 0.0115746 0.0144789 0.0120213 0.0296665 0.0157975 0.0179661 0.0104511 0.0169431 0.0145609 0 0.00320876 0.00318867 0.00326177 0.0035797 0.0464728 0.0172703 0.0167435 0.0139693 
0.00857541 0.00898462 0.00927194 0.00845957 0.00848523 0.00824245 0.00813494 0.00807497 0.00800378 0.007916 0.00800127 0.0106461 0.0148727 0.0137965 0.0108087 0.00887689 0.00821067 0.00858129 0.00875989 0.00880211 0.0164701 0.0511705 0.0403624 0.0483697 0.0232578 0.0231702 0.012498 0.00918528 0.00988076 0.0615187 0.0278582 0.0477365 0.0125382 0.0114058 0.00898431 0.0603096 0.0198447 0.0445457 0.00320876 0 0.00320385 0.00320744 0.00321183 0.335458 0.0502851 0.024786 0.0125671 
0.00875392 0.00901483 0.00992915 0.00840039 0.00862526 0.00813706 0.00837987 0.00816474 0.00809913 0.00794727 0.00808617 0.0104759 0.0151343 0.0238393 0.0110237 0.00877139 0.00817111 0.00859933 0.00900997 0.00868312 0.0119448 0.0358821 0.119801 0.0601954 0.0589947 0.0332352 0.0133553 0.00891037 0.0101909 0.0200664 0.122933 0.0354172 0.0139558 0.00951671 0.0128734 0.034575 0.0591683 0.0102512 0.00318867 0.00320385 0 0.00322161 0.0031811 0.0218545 0.353719 0.0398553 0.0113156 
0.00840351 0.00867151 0.00838483 0.00827512 0.00829269 0.00811357 0.0081487 0.008027 0.00795235 0.00791685 0.00805537 0.00892714 0.0115885 0.0114484 0.0101523 0.00851888 0.00815796 0.00823904 0.00869751 0.00837855 0.0118376 0.0275882 0.0247211 0.0295529 0.018604 0.0141933 0.0147789 0.00927659 0.0108868 0.0181183 0.024492 0.0791692 0.0173459 0.0112768 0.0475816 0.0645511 0.0357507 0.0106021 0.00326177 0.00320744 0.00322161 0 0.00329075 0.0233054 0.0206009 0.454872 0.0193617 
0.00839469 0.00823213 0.00844764 0.00825207 0.00839255 0.00815506 0.00797081 0.00812327 0.00802453 0.00782487 0.00820364 0.00999628 0.00890573 0.00887835 0.00850278 0.00873163 0.00880207 0.00807897 0.00810061 0.00857277 0.0190097 0.0105995 0.0127063 0.0108482 0.0103344 0.00996354 0.00941934 0.00972999 0.0121345 0.0107682 0.0110094 0.0169169 0.0365852 0.0143604 0.0804988 0.0133901 0.00878694 0.0394022 0.0035797 0.00321183 0.0031811 0.00329075 0 0.0327192 0.0114154 0.0159788 0.385457 
0.00840394 0.00839148 0.00867714 0.00796005 0.00814224 0.00804275 0.00799951 0.00784889 0.00826738 0.00791061 0.00942112 0.00810738 0.00813014 0.00815634 0.00803161 0.00855116 0.00808826 0.00792473 0.00791204 0.0090475 0.0099094 0.00864119 0.00879111 0.00884284 0.0085523 0.00866258 0.00897923 0.00992457 0.00836193 0.00887585 0.00871609 0.00879758 0.0152823 0.011475 0.00966836 0.00991936 0.00935242 0.0489641 0.0464728 0.335458 0.0218545 0.0233054 0.0327192 0 0.0032799 0.00324574 0.00958812 
0.00820846 0.00837758 0.00821727 0.00803894 0.0080948 0.007926 0.00806786 0.00788036 0.00792989 0.00786289 0.00796809 0.00808921 0.00900637 0.00829778 0.00825414 0.00799435 0.00787958 0.00789336 0.00798814 0.00794478 0.00853018 0.00968408 0.00961101 0.0102 0.00940588 0.00911332 0.00849133 0.00799025 0.00860407 0.00917595 0.0110662 0.00999205 0.00907572 0.00821018 0.00868669 0.00940718 0.0138294 0.00920298 0.0172703 0.0502851 0.353719 0.0206009 0.0114154 0.0032799 0 0.00349595 0.00320821 
0.00822599 0.00829671 0.0080195 0.00799895 0.0079391 0.00804548 0.00803248 0.00794341 0.00793104 0.00789838 0.00794795 0.00814322 0.00866359 0.00858467 0.00819334 0.00798045 0.00801165 0.00814182 0.00806171 0.00787981 0.00908947 0.0118613 0.0102635 0.0101572 0.00969608 0.0089433 0.00858076 0.00801018 0.00948685 0.00924841 0.0119356 0.013556 0.00894285 0.00847018 0.00941291 0.0114608 0.0142608 0.00869485 0.0167435 0.024786 0.0398553 0.454872 0.0159788 0.00324574 0.00349595 0 0.00317773 
0.008439 0.00812167 0.00814931 0.00803884 0.00809906 0.00810231 0.00791019 0.00798136 0.00792376 0.00786327 0.00843637 0.00845857 0.00810294 0.00811436 0.00793426 0.00796122 0.00827559 0.00790652 0.0078312 0.00840736 0.0116599 0.0085923 0.00871688 0.00864727 0.00842734 0.00873476 0.00814061 0.00801058 0.00872486 0.00891849 0.00858751 0.00890601 0.00974094 0.0104069 0.013229 0.0102641 0.00835709 0.0161522 0.0139693 0.0125671 0.0113156 0.0193617 0.385457 0.00958812 0.00320821 0.00317773 0 
