1KH8A
MKETAAAKFERQHMDSSTSAASSSNYCNQMMKSRNLTKDRCKPVNTFVHESLADVQAVCSQKNVACKNGQTNCYQSYSTMSITDCRETGSSKYPNCAYKTTQANKHIIVACEGNGYVPVHFDASV
CCCCHHHHHHHHHECCCCCCCCCCCHHHHHHHHCCCCCCCCCCEEEEECCCHHHHHHHHHCEEECCCCCCCCEEECCCCEEEEEEEECCCCECCECCEEEEEEEECEEEEEHHHCCCEEEEEEEC
0 0 0 0 0 0 0 0 0 0 0 0 0 0 0 0 0 0 0 0 0 0 0 0 0 0 0 0 0 0 0 0 0 0 0 0 0 0 0 0 0 0 0 0 0 0 0 0 0 0 0 0 0 0 0 0 0 0 0 0 0 0 0 0 0 0 0 0 0 0 0 0 0 0 0 0 0 0 0 0 0 0 0 0 0 0 0 0 0 0 0 0 0 0 0 0 0 0 0 0 0 0 0 0 0 0 0 0 0 0 0 0 0 0 0 0 0 0 0 0 0 0 0 0 0 
0 0 0 0 0 0 0 0 0 0 0 0 0 0 0 0 0 0 0 0 0 0 0 0 0 0 0 0 0 0 0 0 0 0 0 0 0 0 0 0 0 0 0 0 0 0 0 0 0 0 0 0 0 0 0 0 0 0 0 0 0 0 0 0 0 0 0 0 0 0 0 0 0 0 0 0 0 0 0 0 0 0 0 0 0 0 0 0 0 0 0 0 0 0 0 0 0 0 0 0 0 0 0 0 0 0 0 0 0 0 0 0 0 0 0 0 0 0 0 0 0 0 0 0 0 
0 0.0131139 0.010281 0.0111965 0.0149711 0.0951636 0.010075 0.00893509 0.0113458 0.00968801 0.00925178 0.00999219 0.0103286 0.00889092 0.00941578 0.009121 0.00889093 0.00882815 0.00865016 0.00870441 0.0101911 0.0111054 0.00916303 0.00824147 0.00839212 0.00802647 0.00798586 0.00804427 0.00813146 0.00821911 0.00909165 0.00896239 0.00890847 0.00957186 0.0104241 0.0081619 0.00858537 0.00814955 0.00839944 0.00803161 0.00862499 0.0105634 
0.0131139 0 0.00339529 0.00325714 0.00319599 0.00346871 0.0128647 0.00836893 0.020796 0.0113407 0.00899996 0.0145821 0.0135487 0.0123891 0.00982469 0.00977999 0.0095955 0.00874442 0.00901084 0.0103964 0.0105426 0.0102538 0.0104809 0.00889716 0.00853135 0.0085164 0.00824025 0.00826334 0.00841858 0.00900335 0.0121025 0.0156653 0.0114105 0.0109196 0.0119896 0.0101412 0.00920594 0.00880072 0.0087945 0.00875863 0.00923808 0.0166425 
0.010281 0.00339529 0 0.00321582 0.00318885 0.00320608 0.00926636 0.0201465 0.00900821 0.00971717 0.0163099 0.00964051 0.0102783 0.0173338 0.0165387 0.0253501 0.0119203 0.0133074 0.0100277 0.00920967 0.00839756 0.00839111 0.00938779 0.00938064 0.00906782 0.00859634 0.00870434 0.00842233 0.00904494 0.00803461 0.0119559 0.0289852 0.0186481 0.0161146 0.00941714 0.00852544 0.0137908 0.0099702 0.0110309 0.0100894 0.0136368 0.0115376 
0.0111965 0.00325714 0.00321582 0 0.00315807 0.00319623 0.0129519 0.0102978 0.0159944 0.0115882 0.00913121 0.0115116 0.00997805 0.0210102 0.0583032 0.0222749 0.0343184 0.0129946 0.0106269 0.0086017 0.00844282 0.00831051 0.00931942 0.0121458 0.00981949 0.00955589 0.00877239 0.00908324 0.00852108 0.00880782 0.0126522 0.0278552 0.0484188 0.0165083 0.00897877 0.00912884 0.0105223 0.022118 0.0128536 0.0185044 0.011245 0.014998 
0.0149711 0.00319599 0.00318885 0.00315807 0 0.00319406 0.00764843 0.0864358 0.0111487 0.0102634 0.0319672 0.00992637 0.0111016 0.0354016 0.0186626 0.0312767 0.0182905 0.0129571 0.0114329 0.00944942 0.00875618 0.00898645 0.0109143 0.0121119 0.00954037 0.00874879 0.00977976 0.00874197 0.00931774 0.00842281 0.0109441 0.0291936 0.0309825 0.028927 0.0104764 0.00854513 0.0142661 0.0122464 0.0147741 0.0130133 0.0197429 0.0161152 
0.0951636 0.00346871 0.00320608 0.00319623 0.00319406 0 0.0224564 0.00811741 0.0354859 0.0225408 0.0106576 0.0191105 0.0278976 0.0109465 0.0152898 0.0122047 0.0132392 0.00955385 0.00971253 0.00999112 0.0129233 0.0129239 0.0172521 0.00930978 0.00872118 0.0089647 0.00841967 0.00846575 0.00851651 0.0085824 0.0146815 0.0127085 0.0134163 0.0145195 0.0122182 0.00955266 0.0100425 0.00931275 0.00935262 0.0100633 0.0104277 0.0169555 
0.010075 0.0128647 0.00926636 0.0129519 0.00764843 0.0224564 0 0.00329976 0.00329217 0.00666877 0.00567964 0.765473 0.00790626 0.00835491 0.00797206 0.00817902 0.00833214 0.00961021 0.00977381 0.0161391 0.0123919 0.010907 0.010682 0.00890866 0.00914956 0.00893854 0.00865354 0.00858623 0.00906184 0.0103287 0.0109832 0.0103622 0.0104224 0.0109109 0.013802 0.00972647 0.00869904 0.00888125 0.00874479 0.00884797 0.00919644 0.0166287 
0.00893509 0.00836893 0.0201465 0.0102978 0.0864358 0.00811741 0.00329976 0 0.00339732 0.00521039 0.870619 0.00567223 0.00732252 0.0117091 0.00810421 0.00850685 0.00870838 0.00831115 0.0140334 0.00792935 0.00940944 0.00931393 0.00922995 0.0108899 0.00842473 0.00851044 0.00829165 0.00835533 0.0091435 0.00808853 0.00872212 0.0150195 0.00925488 0.0121721 0.00836917 0.00852476 0.00915125 0.00874367 0.00836456 0.00851906 0.00914351 0.00857528 
0.0113458 0.020796 0.00900821 0.0159944 0.0111487 0.0354859 0.00329217 0.00339732 0 0.873392 0.00544303 0.00857803 0.0149316 0.00802138 0.0170133 0.00822611 0.00821203 0.00824944 0.00773213 0.00841486 0.0103547 0.00960072 0.0180731 0.00831025 0.00871336 0.00825647 0.00835365 0.00837918 0.00830313 0.0085053 0.0138931 0.00958995 0.0102297 0.0100093 0.0109833 0.00887427 0.0104429 0.00826882 0.00935516 0.00837599 0.00953574 0.0112155 
0.00968801 0.0113407 0.00971717 0.0115882 0.0102634 0.0225408 0.00666877 0.00521039 0.873392 0 0.00347817 0.00336172 0.0036275 0.0144734 0.032092 0.0136339 0.00603523 0.00601894 0.00773495 0.0179277 0.0113057 0.00942615 0.0101264 0.0093524 0.00899345 0.00865669 0.00834953 0.00828851 0.0118102 0.01091 0.0114716 0.014756 0.0140663 0.0151061 0.0186671 0.0116197 0.00906664 0.0110095 0.00907028 0.00997979 0.0110111 0.0377434 
0.00925178 0.00899996 0.0163099 0.00913121 0.0319672 0.0106576 0.00567964 0.870619 0.00544303 0.00347817 0 0.00317221 0.00436222 0.0243269 0.0180394 0.00501364 0.00691185 0.00692754 0.0144739 0.00665966 0.0102069 0.00815004 0.00959942 0.0124073 0.00866729 0.00831367 0.00828904 0.00857456 0.0113639 0.00828924 0.00930173 0.0236343 0.0125415 0.0213482 0.011135 0.00863617 0.0169398 0.00913904 0.0101043 0.00911537 0.0235055 0.0100444 
0.00999219 0.0145821 0.00964051 0.0115116 0.00992637 0.0191105 0.765473 0.00567223 0.00857803 0.00336172 0.00317221 0 0.0320796 0.0227407 0.00349376 0.00406664 0.00432865 0.00787978 0.00688576 0.00570603 0.00923705 0.0104397 0.0194372 0.0104051 0.00804638 0.0101247 0.00853036 0.0084363 0.00830066 0.00828854 0.0184336 0.0121904 0.0116709 0.012675 0.00948322 0.0138805 0.00923425 0.0100782 0.00882387 0.0126104 0.0096192 0.0185701 
0.0103286 0.0135487 0.0102783 0.00997805 0.0111016 0.0278976 0.00790626 0.00732252 0.0149316 0.0036275 0.00436222 0.0320796 0 0.00318773 0.00316847 0.00317799 0.0031805 0.00323867 0.00323144 0.00775283 0.00835037 0.00809167 0.0142631 0.00809271 0.01211 0.00849762 0.00952548 0.00866441 0.0103019 0.507306 0.0228943 0.0163548 0.0133685 0.0131797 0.0398569 0.0144013 0.0155823 0.00876559 0.0167541 0.00864149 0.0163055 0.0287655 
0.00889092 0.0123891 0.0173338 0.0210102 0.0354016 0.0109465 0.00835491 0.0117091 0.00802138 0.0144734 0.0243269 0.0227407 0.00318773 0 0.00321883 0.00317317 0.00316959 0.00312688 0.00553683 0.00336861 0.00652316 0.00658258 0.00863814 0.0168478 0.00803273 0.0149053 0.0152069 0.0127107 0.624637 0.00961218 0.0138102 0.0445569 0.0220857 0.0356672 0.00936543 0.0131884 0.0105557 0.03949 0.00907791 0.0304593 0.0158912 0.018954 
0.00941578 0.00982469 0.0165387 0.0583032 0.0186626 0.0152898 0.00797206 0.00810421 0.0170133 0.032092 0.0180394 0.00349376 0.00316847 0.00321883 0 0.0031521 0.00317521 0.00319468 0.00320502 0.00327946 0.0047214 0.0056877 0.0108635 0.00838604 0.0251135 0.0096708 0.0133022 0.598098 0.00950617 0.00966771 0.0158717 0.0218164 0.0754797 0.0170833 0.0127089 0.00921353 0.0329193 0.0103689 0.0779999 0.0127796 0.0333155 0.0178639 
0.009121 0.00977999 0.0253501 0.0222749 0.0312767 0.0122047 0.00817902 0.00850685 0.00822611 0.0136339 0.00501364 0.00406664 0.00317799 0.00317317 0.0031521 0 0.00316949 0.0031444 0.00316459 0.00316948 0.00442996 0.00622426 0.00996535 0.00965476 0.0193723 0.0128556 0.558123 0.00892629 0.00934312 0.00842417 0.0104847 0.026695 0.0302563 0.018195 0.00959158 0.00973248 0.0112617 0.0291433 0.0164077 0.0269227 0.0160192 0.0262234 
0.00889093 0.0095955 0.0119203 0.0343184 0.0182905 0.0132392 0.00833214 0.00870838 0.00821203 0.00603523 0.00691185 0.00432865 0.0031805 0.00316959 0.00317521 0.00316949 0 0.00315556 0.00314149 0.00317652 0.00380737 0.00539488 0.00988903 0.0110225 0.00907561 0.621821 0.00847776 0.00890195 0.0089492 0.0080641 0.0109657 0.0260203 0.0287734 0.0186398 0.00922106 0.00933221 0.0103411 0.0382257 0.0123446 0.025669 0.0139515 0.0220996 
0.00882815 0.00874442 0.0133074 0.0129946 0.0129571 0.00955385 0.00961021 0.00831115 0.00824944 0.00601894 0.00692754 0.00787978 0.00323867 0.00312688 0.00319468 0.0031444 0.00315556 0 0.00315158 0.00316413 0.00374319 0.00440119 0.0100489 0.00719009 0.695187 0.00795135 0.0106307 0.0079953 0.00807106 0.00780884 0.0113499 0.0132216 0.0206448 0.0113967 0.0102495 0.00857436 0.0176465 0.00935634 0.0384988 0.00928019 0.017745 0.014391 
0.00865016 0.00901084 0.0100277 0.0106269 0.0114329 0.00971253 0.00977381 0.0140334 0.00773213 0.00773495 0.0144739 0.00688576 0.00323144 0.00553683 0.00320502 0.00316459 0.00314149 0.00315158 0 0.00409012 0.00480386 0.006723 0.00875556 0.784955 0.0068635 0.00803928 0.00741425 0.00866125 0.00743889 0.00719484 0.0088768 0.017855 0.0120311 0.021549 0.00813514 0.0114892 0.00880355 0.021639 0.00871885 0.0125823 0.00996544 0.0154315 
0.00870441 0.0103964 0.00920967 0.0086017 0.00944942 0.00999112 0.0161391 0.00792935 0.00841486 0.0179277 0.00665966 0.00570603 0.00775283 0.00336861 0.00327946 0.00316948 0.00317652 0.00316413 0.00409012 0 0.0145098 0.00418068 0.781491 0.00660871 0.00744504 0.00634266 0.00654752 0.00649256 0.00598665 0.00666027 0.0143451 0.0101988 0.0116351 0.009269 0.0106165 0.00924281 0.0132372 0.00837325 0.0095901 0.0087635 0.0128776 0.0134628 
0.0101911 0.0105426 0.00839756 0.00844282 0.00875618 0.0129233 0.0123919 0.00940944 0.0103547 0.0113057 0.0102069 0.00923705 0.00835037 0.00652316 0.0047214 0.00442996 0.00380737 0.00374319 0.00480386 0.0145098 0 0.929835 0.00466239 0.00723153 0.00381083 0.00495979 0.00477541 0.00568875 0.00555683 0.00592379 0.00757339 0.00835087 0.00798285 0.00895038 0.00836908 0.0104024 0.00852262 0.00848999 0.00846656 0.0083576 0.00878139 0.0157746 
0.0111054 0.0102538 0.00839111 0.00831051 0.00898645 0.0129239 0.010907 0.00931393 0.00960072 0.00942615 0.00815004 0.0104397 0.00809167 0.00658258 0.0056877 0.00622426 0.00539488 0.00440119 0.006723 0.00418068 0.929835 0 0.0119169 0.00376598 0.00317555 0.00327604 0.0034427 0.00331428 0.00405722 0.00425077 0.00555917 0.00659186 0.00613248 0.00665986 0.00680147 0.0108364 0.00812036 0.00864322 0.0078925 0.00867301 0.00879134 0.0218426 
0.00916303 0.0104809 0.00938779 0.00931942 0.0109143 0.0172521 0.010682 0.00922995 0.0180731 0.0101264 0.00959942 0.0194372 0.0142631 0.00863814 0.0108635 0.00996535 0.00988903 0.0100489 0.00875556 0.781491 0.00466239 0.0119169 0 0.00323259 0.00328286 0.00329826 0.00329538 0.0032959 0.00357063 0.00584394 0.00573173 0.00949007 0.00890681 0.0101443 0.026428 0.0115123 0.0142771 0.00897823 0.0119003 0.00879276 0.0190321 0.057507 
0.00824147 0.00889716 0.00938064 0.0121458 0.0121119 0.00930978 0.00890866 0.0108899 0.00831025 0.0093524 0.0124073 0.0104051 0.00809271 0.0168478 0.00838604 0.00965476 0.0110225 0.00719009 0.784955 0.00660871 0.00723153 0.00376598 0.00323259 0 0.00308389 0.00346226 0.00325251 0.00327325 0.00388889 0.00330581 0.00428616 0.00960461 0.00697737 0.0158602 0.0103054 0.00984143 0.00893038 0.0143421 0.00835358 0.0170223 0.0181913 0.0156709 
0.00839212 0.00853135 0.00906782 0.00981949 0.00954037 0.00872118 0.00914956 0.00842473 0.00871336 0.00899345 0.00866729 0.00804638 0.01211 0.00803273 0.0251135 0.0193723 0.00907561 0.695187 0.0068635 0.00744504 0.00381083 0.00317555 0.00328286 0.00308389 0 0.00315877 0.00320969 0.0038374 0.0032684 0.00354897 0.0045263 0.00528308 0.0072739 0.00501389 0.0261472 0.007156 0.011231 0.00814868 0.0157224 0.009311 0.0121735 0.0114804 
0.00802647 0.0085164 0.00859634 0.00955589 0.00874879 0.0089647 0.00893854 0.00851044 0.00825647 0.00865669 0.00831367 0.0101247 0.00849762 0.0149053 0.0096708 0.0128556 0.621821 0.00795135 0.00803928 0.00634266 0.00495979 0.00327604 0.00329826 0.00346226 0.00315877 0 0.00319246 0.00315969 0.00323113 0.00324711 0.00360355 0.00771976 0.00403189 0.020985 0.00384233 0.00778834 0.00761861 0.0125968 0.00859886 0.00947559 0.00909956 0.0101045 
0.00798586 0.00824025 0.00870434 0.00877239 0.00977976 0.00841967 0.00865354 0.00829165 0.00835365 0.00834953 0.00828904 0.00853036 0.00952548 0.0152069 0.0133022 0.558123 0.00847776 0.0106307 0.00741425 0.00654752 0.00477541 0.0034427 0.00329538 0.00325251 0.00320969 0.00319246 0 0.00316434 0.0032092 0.00337406 0.00353872 0.00932894 0.0209066 0.00617097 0.00331744 0.00673479 0.00782409 0.0117048 0.00861345 0.0088245 0.00870976 0.0106996 
0.00804427 0.00826334 0.00842233 0.00908324 0.00874197 0.00846575 0.00858623 0.00835533 0.00837918 0.00828851 0.00857456 0.0084363 0.00866441 0.0127107 0.598098 0.00892629 0.00890195 0.0079953 0.00866125 0.00649256 0.00568875 0.00331428 0.0032959 0.00327325 0.0038374 0.00315969 0.00316434 0 0.00318037 0.00323268 0.00352504 0.00682885 0.00700875 0.00354933 0.00322989 0.00643323 0.00972003 0.00833099 0.0101532 0.00755116 0.00930225 0.01032 
0.00813146 0.00841858 0.00904494 0.00852108 0.00931774 0.00851651 0.00906184 0.0091435 0.00830313 0.0118102 0.0113639 0.00830066 0.0103019 0.624637 0.00950617 0.00934312 0.0089492 0.00807106 0.00743889 0.00598665 0.00555683 0.00405722 0.00357063 0.00388889 0.0032684 0.00323113 0.0032092 0.00318037 0 0.00360467 0.00329015 0.00837095 0.00321169 0.00357687 0.00314093 0.00775359 0.00767536 0.00853582 0.00699334 0.00789752 0.00909994 0.0193059 
0.00821911 0.00900335 0.00803461 0.00880782 0.00842281 0.0085824 0.0103287 0.00808853 0.0085053 0.01091 0.00828924 0.00828854 0.507306 0.00961218 0.00966771 0.00842417 0.0080641 0.00780884 0.00719484 0.00666027 0.00592379 0.00425077 0.00584394 0.00330581 0.00354897 0.00324711 0.00337406 0.00323268 0.00360467 0 0.0132662 0.00335793 0.0032181 0.00322019 0.00313386 0.0116601 0.00731043 0.00655683 0.00777368 0.00720168 0.0146643 0.0247646 
0.00909165 0.0121025 0.0119559 0.0126522 0.0109441 0.0146815 0.0109832 0.00872212 0.0138931 0.0114716 0.00930173 0.0184336 0.0228943 0.0138102 0.0158717 0.0104847 0.0109657 0.0113499 0.0088768 0.0143451 0.00757339 0.00555917 0.00573173 0.00428616 0.0045263 0.00360355 0.00353872 0.00352504 0.00329015 0.0132662 0 0.00329132 0.00321781 0.00317464 0.00329322 0.00753012 0.00898883 0.00788161 0.0164279 0.0240583 0.0427366 0.310709 
0.00896239 0.0156653 0.0289852 0.0278552 0.0291936 0.0127085 0.0103622 0.0150195 0.00958995 0.014756 0.0236343 0.0121904 0.0163548 0.0445569 0.0218164 0.026695 0.0260203 0.0132216 0.017855 0.0101988 0.00835087 0.00659186 0.00949007 0.00960461 0.00528308 0.00771976 0.00932894 0.00682885 0.00837095 0.00335793 0.00329132 0 0.00317876 0.00319569 0.00321949 0.0184772 0.0103036 0.0222106 0.0282153 0.0823898 0.233579 0.031174 
0.00890847 0.0114105 0.0186481 0.0484188 0.0309825 0.0134163 0.0104224 0.00925488 0.0102297 0.0140663 0.0125415 0.0116709 0.0133685 0.0220857 0.0754797 0.0302563 0.0287734 0.0206448 0.0120311 0.0116351 0.00798285 0.00613248 0.00890681 0.00697737 0.0072739 0.00403189 0.0209066 0.00700875 0.00321169 0.0032181 0.00321781 0.00317876 0 0.0031869 0.00316747 0.00690503 0.0201477 0.0482365 0.315406 0.0325395 0.0179993 0.026372 
0.00957186 0.0109196 0.0161146 0.0165083 0.028927 0.0145195 0.0109109 0.0121721 0.0100093 0.0151061 0.0213482 0.012675 0.0131797 0.0356672 0.0170833 0.018195 0.0186398 0.0113967 0.021549 0.009269 0.00895038 0.00665986 0.0101443 0.0158602 0.00501389 0.020985 0.00617097 0.00354933 0.00357687 0.00322019 0.00317464 0.00319569 0.0031869 0 0.00315306 0.0167671 0.0311982 0.303788 0.0118753 0.0123545 0.0106753 0.020477 
0.0104241 0.0119896 0.00941714 0.00897877 0.0104764 0.0122182 0.013802 0.00836917 0.0109833 0.0186671 0.011135 0.00948322 0.0398569 0.00936543 0.0127089 0.00959158 0.00922106 0.0102495 0.00813514 0.0106165 0.00836908 0.00680147 0.026428 0.0103054 0.0261472 0.00384233 0.00331744 0.00322989 0.00314093 0.00313386 0.00329322 0.00321949 0.00316747 0.00315306 0 0.302656 0.0283746 0.00363311 0.00560661 0.00480105 0.00579416 0.00992495 
0.0081619 0.0101412 0.00852544 0.00912884 0.00854513 0.00955266 0.00972647 0.00852476 0.00887427 0.0116197 0.00863617 0.0138805 0.0144013 0.0131884 0.00921353 0.00973248 0.00933221 0.00857436 0.0114892 0.00924281 0.0104024 0.0108364 0.0115123 0.00984143 0.007156 0.00778834 0.00673479 0.00643323 0.00775359 0.0116601 0.00753012 0.0184772 0.00690503 0.0167671 0.302656 0 0.00320033 0.00320731 0.00316584 0.00319734 0.00319377 0.011424 
0.00858537 0.00920594 0.0137908 0.0105223 0.0142661 0.0100425 0.00869904 0.00915125 0.0104429 0.00906664 0.0169398 0.00923425 0.0155823 0.0105557 0.0329193 0.0112617 0.0103411 0.0176465 0.00880355 0.0132372 0.00852262 0.00812036 0.0142771 0.00893038 0.011231 0.00761861 0.00782409 0.00972003 0.00767536 0.00731043 0.00898883 0.0103036 0.0201477 0.0311982 0.0283746 0.00320033 0 0.00316754 0.00316306 0.00318158 0.00350823 0.0048866 
0.00814955 0.00880072 0.0099702 0.022118 0.0122464 0.00931275 0.00888125 0.00874367 0.00826882 0.0110095 0.00913904 0.0100782 0.00876559 0.03949 0.0103689 0.0291433 0.0382257 0.00935634 0.021639 0.00837325 0.00848999 0.00864322 0.00897823 0.0143421 0.00814868 0.0125968 0.0117048 0.00833099 0.00853582 0.00655683 0.00788161 0.0222106 0.0482365 0.303788 0.00363311 0.00320731 0.00316754 0 0.00316139 0.00319982 0.00317277 0.00353119 
0.00839944 0.0087945 0.0110309 0.0128536 0.0147741 0.00935262 0.00874479 0.00836456 0.00935516 0.00907028 0.0101043 0.00882387 0.0167541 0.00907791 0.0779999 0.0164077 0.0123446 0.0384988 0.00871885 0.0095901 0.00846656 0.0078925 0.0119003 0.00835358 0.0157224 0.00859886 0.00861345 0.0101532 0.00699334 0.00777368 0.0164279 0.0282153 0.315406 0.0118753 0.00560661 0.00316584 0.00316306 0.00316139 0 0.00314053 0.00315203 0.00319069 
0.00803161 0.00875863 0.0100894 0.0185044 0.0130133 0.0100633 0.00884797 0.00851906 0.00837599 0.00997979 0.00911537 0.0126104 0.00864149 0.0304593 0.0127796 0.0269227 0.025669 0.00928019 0.0125823 0.0087635 0.0083576 0.00867301 0.00879276 0.0170223 0.009311 0.00947559 0.0088245 0.00755116 0.00789752 0.00720168 0.0240583 0.0823898 0.0325395 0.0123545 0.00480105 0.00319734 0.00318158 0.00319982 0.00314053 0 0.00315292 0.00315623 
0.00862499 0.00923808 0.0136368 0.011245 0.0197429 0.0104277 0.00919644 0.00914351 0.00953574 0.0110111 0.0235055 0.0096192 0.0163055 0.0158912 0.0333155 0.0160192 0.0139515 0.017745 0.00996544 0.0128776 0.00878139 0.00879134 0.0190321 0.0181913 0.0121735 0.00909956 0.00870976 0.00930225 0.00909994 0.0146643 0.0427366 0.233579 0.0179993 0.0106753 0.00579416 0.00319377 0.00350823 0.00317277 0.00315203 0.00315292 0 0.00317862 
0.0105634 0.0166425 0.0115376 0.014998 0.0161152 0.0169555 0.0166287 0.00857528 0.0112155 0.0377434 0.0100444 0.0185701 0.0287655 0.018954 0.0178639 0.0262234 0.0220996 0.014391 0.0154315 0.0134628 0.0157746 0.0218426 0.057507 0.0156709 0.0114804 0.0101045 0.0106996 0.01032 0.0193059 0.0247646 0.310709 0.031174 0.026372 0.020477 0.00992495 0.011424 0.0048866 0.00353119 0.00319069 0.00315623 0.00317862 0 
