1KNWA
PHSLFSTDTDLTAENLLRLPAEFGCPVWVYDAQIIRRQIAALKQFDVVRFAQKACSNIHILRLMREQGVKVDSVSLGEIERALAAGYNPQTHPDDIVFTADVIDQATLERVSELQIPVNAGSVDMLDQLGQVSPGHRVWLRVNPGFGHGHSQKTNTGGENSKHGIWYTDLPAALDVIQRHHLQLVGIHMHIGSGVDYAHLEQVCGAMVRQVIEFGQDLQAISAGGGLSVPYQQGEEAVDTEHYYGLWNAAREQIARHLGHPVKLEIEPGRFLVAQSGVLITQVRSVKQMGSRHFVLVDAGFNDLMRPAMYGSYHHISALAADGRSLEHAPTVETVVAGPLCESGDVFTQQEGGNVETRALPEVKAGDYLVLHDTGAYGASMSSNYNSRPLLPEVLFDNGQARLIRRRQTIEELLALELLHH
CCCCCCCCCCCCHHHHHHHHHHHCCCEEEEEHHHHHHHHHCCCCCCEEEEEHHHCCCHHHHHHHHHCCCEEEECCHHHHHHHHHCCCCCCCCCCCEEEEECCCCHHHHHHHHHHCCCEEECCHHHHHHHHHHCCCCEEEEEEECCCCCCCCCCCCCCCCCCCCCEEHHHHHHHHHHHHHCCCEEEEEECCCCCCCCHHHHHHHHHHHHHHHHHHCCCCCEEECCCCCCCCCCCCCCCCCHHHHHHHHHHHHHHHHHHHCCCCEEEECCCHHHHHHHEEEEEEEEEEEEECCEEEEEECCCCCCCCHHHHHCCCCCEEEECCCCCCCCCCCEEEEEEECCCCCCCCECCECCCCCECCEEEECCCCCCEEEEECCCCCCHHHCCCCCCCCCCCEEEEECCEEEEEECCCCHHHHHCCCCCCC
0 0 0 0 0 0 0 0 0 0 0 0 0 0 0 0 0 0 0 0 0 0 0 0 0 0 0 0 0 0 0 0 0 0 0 0 0 0 0 0 0 0 0 0 0 0 0 0 0 0 0 0 0 0 0 0 0 0 0 0 0 0 0 0 0 0 0 0 0 0 0 0 0 0 0 0 0 0 0 0 0 0 0 0 0 0 0 0 0 0 0 0 0 0 0 0 0 0 0 0 0 0 0 0 0 0 0 0 0 0 0 0 0 0 0 0 0 0 0 0 0 0 0 0 0 0 0 0 0 0 0 0 0 0 0 0 0 0 0 0 0 0 0 0 0 0 0 0 0 0 0 0 0 0 0 0 0 0 0 0 0 0 0 0 0 0 0 0 0 0 0 0 0 0 0 0 0 0 0 0 0 0 0 0 0 0 0 0 0 0 0 0 0 0 0 0 0 0 0 0 0 0 0 0 0 0 0 0 0 0 0 0 0 0 0 0 0 0 0 0 0 0 0 0 0 0 0 0 0 0 0 0 0 0 0 0 0 0 0 0 0 0 0 0 0 0 0 0 0 0 0 0 0 0 0 0 0 0 0 0 0 0 0 0 0 0 0 0 0 0 0 0 0 0 0 0 0 0 0 0 0 0 0 0 0 0 0 0 0 0 0 0 0 0 0 0 0 0 0 0 0 0 0 0 0 0 0 0 0 0 0 0 0 0 0 0 0 0 0 0 0 0 0 0 0 0 0 0 0 0 0 0 0 0 0 0 0 0 0 0 0 0 0 0 0 0 0 0 0 0 0 0 0 0 0 0 0 0 0 0 0 0 0 0 0 0 0 0 0 0 0 0 0 0 0 0 0 0 0 0 0 0 0 0 0 0 0 0 0 0 0 0 0 0 0 0 0 0 0 0 0 0 0 0 0 0 0 0 0 0 0 0 0 0 0 0 0 0 0 0 0 
0 0 0 0 0 0 0 0 0 0 0 0 0 0 0 0 0 0 0 0 0 0 0 0 0 0 0 0 0 0 0 0 0 0 0 0 0 0 0 0 0 0 0 0 0 0 0 0 0 0 0 0 0 0 0 0 0 0 0 0 0 0 0 0 0 0 0 0 0 0 0 0 0 0 0 0 0 0 0 0 0 0 0 0 0 0 0 0 0 0 0 0 0 0 0 0 0 0 0 0 0 0 0 0 0 0 0 0 0 0 0 0 0 0 0 0 0 0 0 0 0 0 0 0 0 0 0 0 0 0 0 0 0 0 0 0 0 0 0 0 0 0 0 0 0 0 0 0 0 0 0 0 0 0 0 0 0 0 0 0 0 0 0 0 0 0 0 0 0 0 0 0 0 0 0 0 0 0 0 0 0 0 0 0 0 0 0 0 0 0 0 0 0 0 0 0 0 0 0 0 0 0 0 0 0 0 0 0 0 0 0 0 0 0 0 0 0 0 0 0 0 0 0 0 0 0 0 0 0 0 0 0 0 0 0 0 0 0 0 0 0 0 0 0 0 0 0 0 0 0 0 0 0 0 0 0 0 0 0 0 0 0 0 0 0 0 0 0 0 0 0 0 0 0 0 0 0 0 0 0 0 0 0 0 0 0 0 0 0 0 0 0 0 0 0 0 0 0 0 0 0 0 0 0 0 0 0 0 0 0 0 0 0 0 0 0 0 0 0 0 0 0 0 0 0 0 0 0 0 0 0 0 0 0 0 0 0 0 0 0 0 0 0 0 0 0 0 0 0 0 0 0 0 0 0 0 0 0 0 0 0 0 0 0 0 0 0 0 0 0 0 0 0 0 0 0 0 0 0 0 0 0 0 0 0 0 0 0 0 0 0 0 0 0 0 0 0 0 0 0 0 0 0 0 0 0 0 0 0 0 0 0 0 0 0 0 0 0 0 0 0 
0 0.00331678 0.00327757 0.00325179 0.00330151 0.0556339 0.0259945 0.0141369 0.0207902 0.0435345 0.0135223 0.0194358 0.010437 0.0266984 0.0410372 0.0166098 0.0147852 0.0118684 0.0206474 0.0136258 0.00938395 0.0135485 0.00874524 0.010605 0.00964739 0.0118383 0.00961985 0.0115016 0.0104342 0.00805526 0.00820807 0.0080885 0.00841943 0.00852261 0.00899934 0.00850199 0.00829053 0.00841283 0.00811511 0.00860584 0.00814836 0.00835367 0.00818976 0.00885793 0.00810305 0.0082447 0.00842769 0.00847229 0.00852232 0.00830069 0.00840598 0.00818548 0.00826495 0.00818682 0.00812614 0.00808476 0.00820711 0.00810479 0.00826606 0.00840322 0.00866883 0.00846635 0.00889731 0.00822526 0.00828914 0.00841904 0.00895351 0.00822905 0.0082238 0.0082427 0.00841559 0.00841584 0.00867322 0.00912569 0.00896142 0.00883132 0.00954159 0.00858448 0.00849846 0.008407 0.00921636 0.00850935 0.00889216 0.00935176 0.00893551 0.00946876 0.00863396 0.00927967 0.00934224 0.00912861 0.00940866 0.00870603 0.00899539 0.00873494 0.00916778 0.00901543 0.0103444 
0.00331678 0 0.0032614 0.00316863 0.00318061 0.0509761 0.0823816 0.0785562 0.0343976 0.0148823 0.0164403 0.0184317 0.0342628 0.010469 0.0299097 0.09865 0.0269498 0.0341307 0.00981642 0.011229 0.0199161 0.00951938 0.0096686 0.0108804 0.0198591 0.0145218 0.021166 0.0112759 0.00900321 0.00806336 0.00812832 0.00842755 0.00934388 0.0102476 0.0112895 0.00906484 0.00832485 0.00833927 0.00848402 0.008538 0.0081873 0.00879397 0.00881247 0.00845679 0.00830718 0.00880618 0.00928231 0.00886187 0.00862876 0.00860723 0.00853653 0.00835761 0.00836113 0.00821624 0.00824269 0.00817878 0.0081963 0.00806203 0.00839691 0.00865744 0.00890043 0.00900534 0.00859193 0.00825528 0.00861254 0.00890108 0.00860671 0.008158 0.00830502 0.00843764 0.00851948 0.00876437 0.00910741 0.00861342 0.00838174 0.00827411 0.00853115 0.00853661 0.00869689 0.00858125 0.00839372 0.00848719 0.00985582 0.0097617 0.00943652 0.00881053 0.00898369 0.00999291 0.0101478 0.00961892 0.00869162 0.00869407 0.00896811 0.00908319 0.00970821 0.00953672 0.00927592 
0.00327757 0.0032614 0 0.00315752 0.0031588 0.0201091 0.0774567 0.0978008 0.0284722 0.0109214 0.0100649 0.0429977 0.0125712 0.0117698 0.0225949 0.0296962 0.103983 0.0154979 0.010334 0.0132377 0.0105186 0.0101481 0.00847625 0.0121743 0.0164142 0.0258173 0.018986 0.0137564 0.00853759 0.00813726 0.00804783 0.00819069 0.00926986 0.0100761 0.0117597 0.00987787 0.00847955 0.00832159 0.00844282 0.00839291 0.00811902 0.00866951 0.00852337 0.00866062 0.00827596 0.00852398 0.0089605 0.00877294 0.0086218 0.00853988 0.00846611 0.0083006 0.00834009 0.0082284 0.00816529 0.0082038 0.00811689 0.00815511 0.00833129 0.00881936 0.00889748 0.00898296 0.00860601 0.00828495 0.0085611 0.00872907 0.00840886 0.00816114 0.00838358 0.0084777 0.00865003 0.00878299 0.00921463 0.00850948 0.00840446 0.00829572 0.00844178 0.00849916 0.00864224 0.00852796 0.0083721 0.00860322 0.0100231 0.00994487 0.00970944 0.00882258 0.00922614 0.0101696 0.0105724 0.00973155 0.0086799 0.00851856 0.00938277 0.00932065 0.0101958 0.00958347 0.00920709 
0.00325179 0.00316863 0.00315752 0 0.00315543 0.0161913 0.0724061 0.035012 0.0390454 0.0127749 0.0143982 0.0171961 0.0175439 0.0116314 0.0180316 0.0284936 0.0208522 0.0330772 0.0101182 0.0116316 0.0136214 0.00999117 0.00920709 0.0104696 0.012026 0.013508 0.0127078 0.0112822 0.00843635 0.008309 0.00838371 0.00825107 0.00920246 0.00899266 0.00926616 0.00884449 0.00834291 0.00829375 0.00843628 0.00820879 0.00811571 0.00844099 0.0083094 0.0081957 0.00828679 0.00844429 0.00857608 0.00851152 0.00837455 0.00829951 0.00833195 0.00816134 0.00818804 0.00807807 0.00807616 0.00808587 0.00796414 0.00804921 0.00820767 0.00853288 0.00845067 0.00862495 0.00841818 0.00824732 0.00837409 0.00846597 0.0083406 0.00829376 0.00825237 0.00824024 0.00839367 0.00846298 0.0087192 0.00830491 0.00862795 0.00834723 0.00849854 0.008552 0.00840004 0.00835504 0.00824914 0.00855289 0.00917733 0.00893489 0.00889617 0.00857799 0.00881542 0.00939372 0.00921608 0.00883743 0.00843229 0.00874851 0.00899212 0.00875382 0.00913158 0.00879175 0.00871414 
0.00330151 0.00318061 0.0031588 0.00315543 0 0.0182042 0.0129684 0.0118416 0.0122401 0.0153069 0.019413 0.0104071 0.0107265 0.0141099 0.0214767 0.011582 0.0110176 0.0116838 0.0109418 0.0136872 0.00961846 0.0100875 0.0107551 0.00873941 0.00944983 0.00885531 0.00928592 0.00870898 0.00881203 0.00849492 0.00834922 0.00909086 0.00831711 0.00815826 0.00846113 0.00827863 0.00839447 0.00822773 0.00809319 0.00817773 0.00841712 0.00827449 0.00825766 0.00817969 0.008549 0.00842005 0.00834904 0.00822574 0.00818991 0.00821458 0.00817313 0.00806295 0.00814367 0.00803324 0.00803248 0.00797222 0.00805401 0.00815381 0.00821217 0.00830099 0.00825004 0.00836752 0.00824761 0.00827343 0.00842183 0.00840565 0.00831698 0.00857508 0.00826534 0.00823576 0.00829824 0.00839755 0.00849705 0.00854862 0.00922178 0.00878367 0.00937503 0.00870383 0.00841209 0.00830346 0.00838803 0.00914057 0.00884071 0.00856955 0.00864556 0.00862359 0.00934778 0.00879205 0.00883241 0.0085452 0.00880364 0.00994031 0.00893489 0.00871114 0.00880121 0.00872991 0.00915641 
0.0556339 0.0509761 0.0201091 0.0161913 0.0182042 0 0.00323127 0.00318071 0.003224 0.00362901 0.160152 0.0158227 0.013249 0.0261108 0.0876322 0.017452 0.013491 0.0120547 0.0185071 0.0141257 0.00961545 0.0139618 0.00973705 0.0101437 0.0100229 0.0121152 0.010913 0.0106877 0.0116661 0.00816423 0.00835856 0.00818452 0.00848947 0.00841597 0.00852416 0.00892411 0.00850695 0.00837491 0.00810052 0.00846621 0.00804841 0.00837115 0.00811609 0.00844801 0.00818787 0.00814678 0.00828776 0.008233 0.00847673 0.00810622 0.00814954 0.00805098 0.00807235 0.00802024 0.00802493 0.00798594 0.00811996 0.00799654 0.00811104 0.00816746 0.00826677 0.00825115 0.00849102 0.00820638 0.00822705 0.00819976 0.00849275 0.00818677 0.00817754 0.00818482 0.00824173 0.00826204 0.0083804 0.00867049 0.00882338 0.0085857 0.00930887 0.00864627 0.00826817 0.00828485 0.0085423 0.00839193 0.00852175 0.00849971 0.00853562 0.00857634 0.00850717 0.00868933 0.00865281 0.00876381 0.00872475 0.00856358 0.00880045 0.00850161 0.00862499 0.00870573 0.00972768 
0.0259945 0.0823816 0.0774567 0.0724061 0.0129684 0.00323127 0 0.00317287 0.00315763 0.00319647 0.0255329 0.193633 0.0140256 0.0141967 0.0331317 0.0640215 0.0280309 0.0217589 0.0113169 0.0142708 0.011851 0.0100495 0.00876042 0.0188403 0.0131869 0.0272353 0.0135748 0.0210402 0.00901794 0.00819769 0.00809801 0.00806039 0.00983263 0.00929221 0.00989655 0.0092988 0.00826043 0.00836172 0.00845332 0.0082683 0.00814695 0.0087827 0.00841229 0.00833445 0.00820707 0.0084716 0.00862762 0.00854985 0.00844197 0.008413 0.00838224 0.00823456 0.00823728 0.00816355 0.00817424 0.00809452 0.00808484 0.00810325 0.00830048 0.00838394 0.00865065 0.00860782 0.00860435 0.00828758 0.00850063 0.00849607 0.0084141 0.00821816 0.00835483 0.00837256 0.00842637 0.00854172 0.00876396 0.00842812 0.00835186 0.00832797 0.00856737 0.00861984 0.00855628 0.00847059 0.00835417 0.00843102 0.0092251 0.00900574 0.00902915 0.00853637 0.00877354 0.00932934 0.00910537 0.00904252 0.00851757 0.00842929 0.00903967 0.00865815 0.00888796 0.00887537 0.00920002 
0.0141369 0.0785562 0.0978008 0.035012 0.0118416 0.00318071 0.00317287 0 0.00316333 0.0031706 0.0790781 0.0367406 0.0909636 0.0123423 0.0253304 0.059067 0.0726403 0.0206176 0.0107931 0.0127224 0.015115 0.00972419 0.00985546 0.0115367 0.0560288 0.0212576 0.0619351 0.0110386 0.00916637 0.00807464 0.00809775 0.008557 0.00939983 0.0110705 0.0135112 0.0101708 0.00864716 0.00846018 0.0085244 0.00861031 0.00823541 0.00882381 0.00862162 0.00837909 0.00823735 0.00841212 0.00905615 0.00880668 0.00862704 0.008557 0.00841413 0.00828518 0.0082285 0.00809814 0.00808977 0.00809382 0.00795077 0.00807137 0.00827811 0.00865694 0.00900137 0.00884039 0.00862428 0.0082688 0.00850062 0.00859591 0.008339 0.00815216 0.0083167 0.00835116 0.00853246 0.00870978 0.00898996 0.00836724 0.00830239 0.00823374 0.00833418 0.00836988 0.0084968 0.00847388 0.00827866 0.00842284 0.00949129 0.00937789 0.009202 0.00852251 0.00887832 0.00954567 0.00957117 0.0089434 0.00841414 0.00846947 0.00878309 0.00873937 0.00922389 0.00887105 0.00876423 
0.0207902 0.0343976 0.0284722 0.0390454 0.0122401 0.003224 0.00315763 0.00316333 0 0.00316485 0.0154245 0.168553 0.0393739 0.0336007 0.0253203 0.0333027 0.0266464 0.0367001 0.0113297 0.0167579 0.014882 0.0127331 0.00947482 0.0146941 0.0120969 0.0263167 0.0124404 0.0189546 0.00880609 0.0087576 0.00849237 0.00872392 0.00968582 0.00935707 0.00988632 0.00980469 0.00868828 0.00848179 0.00855065 0.00832236 0.00815967 0.00861623 0.00839759 0.00820557 0.00824016 0.0084809 0.00863692 0.00860415 0.00850654 0.00840841 0.00830246 0.00817195 0.00825138 0.00807265 0.00807624 0.00804223 0.0079534 0.00805213 0.00830028 0.00848915 0.00857324 0.00862115 0.00831615 0.0082622 0.00845926 0.0085014 0.00831976 0.00829953 0.00833516 0.00831324 0.00848666 0.00853547 0.00880645 0.00833607 0.00838451 0.00829709 0.00840321 0.00846099 0.00845308 0.00837698 0.00828242 0.0084595 0.00914675 0.00890628 0.00884565 0.00842014 0.00858835 0.00917641 0.00896836 0.00868834 0.00833311 0.00861495 0.00880218 0.00866229 0.00895742 0.00865058 0.00863576 
0.0435345 0.0148823 0.0109214 0.0127749 0.0153069 0.00362901 0.00319647 0.0031706 0.00316485 0 0.0223997 0.0125892 0.0698127 0.0388291 0.0404533 0.0127282 0.0141512 0.0118107 0.0145199 0.0193853 0.010665 0.0121283 0.0117062 0.00956528 0.0106341 0.00975101 0.0100908 0.0095055 0.00895814 0.00961263 0.00884949 0.00932858 0.00837721 0.00845133 0.00896631 0.00869913 0.00865454 0.00860271 0.00812776 0.00820906 0.00852967 0.00821983 0.00816513 0.00813521 0.00835494 0.00824611 0.0084276 0.00834162 0.0081397 0.00812517 0.00810664 0.00805533 0.00810099 0.0080349 0.00804465 0.00800307 0.0079962 0.00816133 0.00810177 0.00820634 0.00819382 0.00824798 0.0081691 0.00827015 0.00827894 0.00823358 0.00825116 0.00869724 0.00828712 0.00825466 0.00838175 0.00833808 0.00842474 0.00833907 0.00909308 0.0087534 0.00931095 0.00890546 0.0084059 0.00826877 0.00842365 0.00941712 0.00898031 0.00854697 0.00865422 0.00858862 0.00945051 0.00900591 0.00892494 0.00857746 0.00870809 0.00982326 0.0090053 0.00867405 0.00880325 0.0087382 0.00904848 
0.0135223 0.0164403 0.0100649 0.0143982 0.019413 0.160152 0.0255329 0.0790781 0.0154245 0.0223997 0 0.00326655 0.00340249 0.00388924 0.0794958 0.0505426 0.0100774 0.019217 0.0153414 0.0120208 0.0114153 0.0128895 0.0169454 0.00863811 0.0111982 0.00886092 0.0136837 0.00900769 0.0165331 0.00805418 0.00936016 0.0108401 0.00806077 0.00836805 0.00840009 0.00825551 0.00934984 0.0081967 0.00796138 0.00879093 0.00908079 0.00806829 0.00833983 0.00843845 0.00785096 0.00796819 0.00818155 0.00805927 0.0080826 0.00814311 0.00801057 0.00802069 0.00802098 0.00796925 0.0080006 0.00802509 0.00802087 0.00806425 0.00800501 0.00808703 0.00813222 0.00822257 0.0083953 0.00808919 0.00814411 0.00814451 0.00850409 0.00818248 0.00808646 0.00817726 0.00813451 0.00825909 0.00816749 0.00874107 0.00874255 0.0086714 0.00930544 0.00828882 0.0083715 0.00815281 0.00830641 0.00836399 0.00830171 0.00825543 0.00824961 0.00844027 0.00847687 0.0083519 0.00848261 0.00843275 0.00896297 0.00901066 0.00827095 0.00856227 0.00851173 0.00845326 0.00939771 
0.0194358 0.0184317 0.0429977 0.0171961 0.0104071 0.0158227 0.193633 0.0367406 0.168553 0.0125892 0.00326655 0 0.00314879 0.00316277 0.389008 0.0460985 0.0744997 0.012352 0.0157808 0.0218434 0.0101605 0.0141598 0.00845816 0.044687 0.00986581 0.0416307 0.0103557 0.0306452 0.00862499 0.00858324 0.00808753 0.00813827 0.013361 0.00914464 0.010134 0.0104491 0.00814348 0.00842982 0.00857182 0.0081103 0.00794614 0.00919168 0.00824701 0.00827824 0.00813431 0.00824094 0.00850881 0.00843394 0.0083339 0.00822246 0.00827021 0.00804436 0.00806054 0.00797844 0.00795813 0.00796168 0.0079629 0.00799702 0.00812936 0.00830763 0.00841526 0.00834442 0.00821476 0.00825828 0.00826796 0.00823529 0.00820597 0.0081457 0.00829085 0.00819504 0.00834093 0.00831833 0.00847751 0.0082779 0.0082405 0.00824328 0.00853498 0.00869472 0.00829817 0.00830677 0.00826664 0.00828563 0.00861911 0.00856911 0.00857208 0.00831134 0.00840795 0.00868978 0.00861462 0.00862727 0.00830553 0.00819837 0.00928715 0.00840291 0.00859169 0.00859098 0.00879056 
0.010437 0.0342628 0.0125712 0.0175439 0.0107265 0.013249 0.0140256 0.0909636 0.0393739 0.0698127 0.00340249 0.00314879 0 0.00324009 0.0177331 0.254068 0.0339447 0.151793 0.0106281 0.0114769 0.0271646 0.0095056 0.0117893 0.00927346 0.0302693 0.00964616 0.0264858 0.0103232 0.00997374 0.00809085 0.00826112 0.00868766 0.00863456 0.00911017 0.0100993 0.00901462 0.00864267 0.00808748 0.00845126 0.00816168 0.00820335 0.00831023 0.0083005 0.00804202 0.00801384 0.00822738 0.00836024 0.00829736 0.0082435 0.00816473 0.00811235 0.00800797 0.00804951 0.00796818 0.00795455 0.00799405 0.00792456 0.00795814 0.00803638 0.0081734 0.00832423 0.00829233 0.00810076 0.00802699 0.00819745 0.00820133 0.00817166 0.00810847 0.00815549 0.00816373 0.00823735 0.00829352 0.00832902 0.0082155 0.00822014 0.00810945 0.00825854 0.00819316 0.00826953 0.00823962 0.00818968 0.00816847 0.00852349 0.00844854 0.00848165 0.00827338 0.00825318 0.00850299 0.00852061 0.00835382 0.00819682 0.00828237 0.00825491 0.00832416 0.00847681 0.00835297 0.00825408 
0.0266984 0.010469 0.0117698 0.0116314 0.0141099 0.0261108 0.0141967 0.0123423 0.0336007 0.0388291 0.00388924 0.00316277 0.00324009 0 0.0369612 0.0163273 0.163894 0.0345619 0.140658 0.0217364 0.0101454 0.0211182 0.0117493 0.0110449 0.0095508 0.0121342 0.00969068 0.0107703 0.00923761 0.00960478 0.00833311 0.00944002 0.00869459 0.00861271 0.00922338 0.00955457 0.00890381 0.00923579 0.00823638 0.00849568 0.00839705 0.00831449 0.00809949 0.00826356 0.0082349 0.00826838 0.00836546 0.00839749 0.00825424 0.008103 0.00810721 0.00796498 0.00801689 0.00795553 0.00794477 0.00789652 0.00793876 0.00809112 0.00807126 0.00812625 0.00814266 0.00812295 0.00833928 0.00830682 0.00816047 0.0081295 0.00832275 0.00847381 0.00822602 0.00815234 0.0082014 0.00824031 0.00826057 0.00849084 0.00898987 0.00851085 0.00914643 0.00901355 0.00826208 0.00823518 0.00837855 0.00929519 0.00857846 0.00839209 0.00845146 0.00839158 0.00888947 0.00853978 0.00843431 0.00839104 0.00836148 0.00890795 0.00878795 0.00834279 0.00844764 0.00838434 0.00863136 
0.0410372 0.0299097 0.0225949 0.0180316 0.0214767 0.0876322 0.0331317 0.0253304 0.0253203 0.0404533 0.0794958 0.389008 0.0177331 0.0369612 0 0.00329656 0.0032456 0.00329324 0.00378432 0.228047 0.0174767 0.0579088 0.0418072 0.0558909 0.0201548 0.0339492 0.0188537 0.0323224 0.0213472 0.0111526 0.0114955 0.0116066 0.0212455 0.0141041 0.0155853 0.0138652 0.012619 0.0115198 0.00960865 0.0115919 0.0091741 0.00961072 0.00885673 0.0103511 0.00874536 0.00876907 0.00935386 0.00962527 0.00951798 0.0087222 0.00859165 0.00827801 0.00832974 0.00807308 0.00808819 0.00799701 0.00812665 0.00811733 0.00817147 0.008656 0.00910896 0.0088994 0.00967863 0.00864547 0.00848216 0.00859383 0.00906201 0.00812797 0.00819575 0.00822415 0.00862858 0.00852617 0.00873372 0.0094094 0.00864766 0.00849792 0.00931951 0.00868435 0.00838911 0.0083532 0.00872902 0.00847227 0.00868218 0.00881154 0.00867878 0.00886177 0.00841092 0.00869242 0.00866889 0.00881642 0.00887918 0.00829141 0.00858028 0.00836819 0.00859265 0.00861468 0.00946832 
0.0166098 0.09865 0.0296962 0.0284936 0.011582 0.017452 0.0640215 0.059067 0.0333027 0.0127282 0.0505426 0.0460985 0.254068 0.0163273 0.00329656 0 0.00318994 0.00324695 0.00325912 0.0536448 0.150021 0.0148051 0.0243798 0.0330985 0.0789674 0.0297733 0.0890907 0.0308373 0.0149875 0.00881752 0.00877647 0.0105742 0.0159831 0.0226176 0.0426795 0.0151077 0.00992097 0.00941959 0.00958506 0.00956753 0.00855806 0.00931738 0.00940072 0.00908307 0.00824822 0.00871895 0.0100389 0.00942628 0.00928072 0.00917887 0.00859932 0.00834887 0.0083276 0.00809805 0.00810131 0.00812022 0.00798791 0.00800292 0.00837468 0.00889286 0.00914546 0.00905876 0.00877818 0.0083083 0.00852255 0.00864207 0.00841664 0.00802843 0.00824385 0.00836338 0.00847943 0.00874284 0.00885044 0.00847632 0.00827737 0.00818244 0.00826409 0.00838267 0.00849979 0.00842147 0.00829649 0.00839277 0.00950182 0.00934015 0.00897505 0.00845916 0.00860628 0.00933266 0.00906191 0.00876792 0.00839581 0.00822567 0.00848833 0.00855188 0.00877083 0.00867763 0.00866179 
0.0147852 0.0269498 0.103983 0.0208522 0.0110176 0.013491 0.0280309 0.0726403 0.0266464 0.0141512 0.0100774 0.0744997 0.0339447 0.163894 0.0032456 0.00318994 0 0.00317936 0.00317314 0.192676 0.0333755 0.0404298 0.0102713 0.0444553 0.0363107 0.120971 0.0519457 0.0435246 0.0111045 0.00886902 0.00869496 0.0090854 0.017145 0.0328848 0.0399359 0.0246969 0.0102747 0.00926523 0.00981675 0.00960198 0.00841455 0.00985297 0.00887096 0.00939812 0.00859982 0.00878108 0.00995208 0.00960765 0.00933124 0.00865093 0.00871193 0.00837967 0.00836705 0.00812674 0.00809905 0.00810918 0.00791198 0.00806313 0.00842747 0.00890002 0.00939991 0.00916278 0.00884721 0.0082157 0.00844592 0.00860946 0.00837258 0.00807773 0.00822147 0.0083377 0.00843471 0.00877992 0.0090377 0.00843288 0.00820048 0.00805003 0.00818379 0.0083547 0.00836764 0.00836781 0.00822987 0.00843566 0.00916246 0.00903963 0.00895725 0.00850101 0.00848136 0.0089881 0.00892898 0.00874766 0.0083452 0.00816013 0.00849454 0.00846582 0.00871893 0.00855491 0.0085061 
0.0118684 0.0341307 0.0154979 0.0330772 0.0116838 0.0120547 0.0217589 0.0206176 0.0367001 0.0118107 0.019217 0.012352 0.151793 0.0345619 0.00329324 0.00324695 0.00317936 0 0.00323318 0.0216051 0.525531 0.025475 0.0176707 0.0124301 0.037943 0.0240431 0.0323193 0.0268645 0.0150397 0.00920912 0.00966907 0.0101934 0.0118022 0.0125374 0.0161375 0.0183982 0.0118243 0.00897616 0.00951145 0.00939405 0.00840384 0.00900212 0.0087133 0.00867354 0.00838298 0.00916152 0.00898956 0.00895067 0.00870343 0.00846177 0.00828435 0.00815606 0.00823009 0.00805384 0.00799614 0.0080062 0.00786454 0.00804164 0.00830627 0.00846534 0.00859774 0.00861224 0.00813167 0.00816711 0.00832513 0.00843065 0.0080324 0.00809826 0.00818339 0.00817587 0.00833301 0.00844567 0.00855662 0.00810795 0.0082908 0.0081037 0.00824171 0.00827565 0.00831079 0.00825191 0.0081736 0.00841601 0.00880566 0.00875398 0.00866558 0.00829819 0.00842494 0.00877235 0.00864299 0.00841725 0.0082495 0.00819154 0.00836076 0.00835289 0.00855508 0.00839901 0.00830931 
0.0206474 0.00981642 0.010334 0.0101182 0.0109418 0.0185071 0.0113169 0.0107931 0.0113297 0.0145199 0.0153414 0.0157808 0.0106281 0.140658 0.00378432 0.00325912 0.00317314 0.00323318 0 0.059064 0.0124937 0.400614 0.0146604 0.0164443 0.0110806 0.0177599 0.01094 0.01379 0.0123902 0.0121605 0.0086955 0.0108109 0.00976 0.0092533 0.00998514 0.0102212 0.0104882 0.0103993 0.00842382 0.00892283 0.00840869 0.00837023 0.00818284 0.00847437 0.00885387 0.00828833 0.00819504 0.00824895 0.00813813 0.00806995 0.0080483 0.00799496 0.0079607 0.00792371 0.0078967 0.00795495 0.00795166 0.00809179 0.00801182 0.00808366 0.00814347 0.00807089 0.00841951 0.00815666 0.0080704 0.00803378 0.00811984 0.00815997 0.00805065 0.00806094 0.00812417 0.00820414 0.00813444 0.00826318 0.008592 0.00828206 0.00859211 0.00858014 0.00813469 0.00813826 0.00820732 0.00867631 0.00841732 0.00831517 0.00830576 0.00833527 0.00852803 0.00836662 0.0083086 0.00828666 0.0082674 0.00833972 0.00842899 0.00821844 0.00827054 0.00825727 0.00849082 
0.0136258 0.011229 0.0132377 0.0116316 0.0136872 0.0141257 0.0142708 0.0127224 0.0167579 0.0193853 0.0120208 0.0218434 0.0114769 0.0217364 0.228047 0.0536448 0.192676 0.0216051 0.059064 0 0.00326738 0.00322455 0.0688939 0.0922158 0.0205627 0.0360395 0.0197901 0.033247 0.0191608 0.0114674 0.0116708 0.0109864 0.0132099 0.0125188 0.012894 0.0127396 0.0134281 0.0116418 0.00931688 0.0112792 0.00852924 0.00950904 0.00844614 0.0107298 0.00855466 0.00864933 0.00878027 0.00905256 0.00872927 0.00829947 0.00839852 0.00811496 0.00810911 0.00801049 0.00796751 0.00790952 0.00799727 0.00792418 0.0081068 0.00848896 0.0087862 0.00852699 0.00918677 0.0085303 0.00825711 0.0083566 0.00852498 0.0079155 0.00808969 0.00801481 0.00831041 0.0082618 0.00843354 0.00865397 0.00849656 0.00829104 0.00896305 0.00841407 0.00811444 0.00812295 0.00834704 0.00825889 0.00833046 0.00837703 0.00831568 0.00840729 0.00822283 0.00835035 0.00841707 0.00835034 0.00827538 0.0081165 0.00831326 0.00815332 0.00829972 0.00831572 0.00877311 
0.00938395 0.0199161 0.0105186 0.0136214 0.00961846 0.00961545 0.011851 0.015115 0.014882 0.010665 0.0114153 0.0101605 0.0271646 0.0101454 0.0174767 0.150021 0.0333755 0.525531 0.0124937 0.00326738 0 0.0032047 0.023255 0.0333063 0.117581 0.0145505 0.0575527 0.0475756 0.0152073 0.00966291 0.0108523 0.0102684 0.0112958 0.0109102 0.0164928 0.0160221 0.0116328 0.00889828 0.010238 0.0101363 0.00870138 0.00855799 0.00950892 0.0083356 0.00816838 0.00855887 0.00945843 0.00880197 0.00873105 0.00854912 0.00829884 0.00822586 0.0082282 0.00805401 0.00806398 0.00807926 0.00794208 0.00783966 0.00831003 0.00840056 0.00862335 0.00900394 0.00848525 0.00808962 0.00843838 0.00861129 0.00819624 0.00799028 0.00815152 0.00813418 0.00825936 0.00837131 0.00870692 0.008243 0.00810869 0.00797024 0.00800741 0.00824019 0.00829782 0.00818681 0.00808869 0.00826224 0.00877122 0.00870134 0.00865171 0.00845151 0.00838194 0.0087159 0.00864531 0.00849872 0.00827947 0.00812332 0.00835263 0.00830559 0.00842717 0.00843854 0.00830498 
0.0135485 0.00951938 0.0101481 0.00999117 0.0100875 0.0139618 0.0100495 0.00972419 0.0127331 0.0121283 0.0128895 0.0141598 0.0095056 0.0211182 0.0579088 0.0148051 0.0404298 0.025475 0.400614 0.00322455 0.0032047 0 0.0182301 0.0285047 0.0197207 0.0711595 0.0159624 0.0735161 0.0446816 0.013868 0.00958318 0.0118393 0.00978358 0.00986869 0.0101791 0.0142008 0.014003 0.0110026 0.00886308 0.0111948 0.00916263 0.00960269 0.00843488 0.009048 0.0107398 0.00889084 0.00857319 0.00863264 0.00831256 0.0081514 0.00811727 0.0079768 0.00799052 0.00791796 0.00790791 0.00787508 0.00803274 0.0081321 0.00804456 0.00832847 0.00827147 0.00814233 0.00885759 0.00819081 0.00802202 0.00809548 0.00817696 0.0083327 0.00807688 0.00799126 0.00809253 0.00810097 0.00814872 0.00834859 0.00872655 0.00831277 0.0089497 0.0086733 0.00811494 0.00805742 0.00807703 0.00885301 0.00840566 0.00822745 0.00832374 0.00819789 0.00851861 0.00829065 0.00828368 0.00825529 0.00812335 0.00838826 0.00837633 0.00824249 0.00827279 0.00821141 0.00829575 
0.00874524 0.0096686 0.00847625 0.00920709 0.0107551 0.00973705 0.00876042 0.00985546 0.00947482 0.0117062 0.0169454 0.00845816 0.0117893 0.0117493 0.0418072 0.0243798 0.0102713 0.0176707 0.0146604 0.0688939 0.023255 0.0182301 0 0.003212 0.00316499 0.00317655 0.00322743 0.00326998 0.00463488 0.0119549 0.0143938 0.0462354 0.00946895 0.01038 0.0119434 0.00918562 0.0206119 0.0104362 0.00855891 0.0113727 0.00983768 0.00805208 0.00901053 0.00893556 0.0081037 0.00821025 0.00841934 0.00838598 0.00825515 0.00823446 0.00796239 0.00799564 0.00796606 0.00786551 0.00783746 0.00788403 0.00798685 0.00795073 0.00791649 0.00809753 0.00823309 0.00827154 0.00848028 0.00793011 0.00806484 0.00810165 0.00849114 0.00801498 0.00793368 0.00801985 0.0080188 0.0081187 0.00815636 0.00837146 0.00813034 0.00799014 0.00858445 0.00799997 0.00798118 0.00800637 0.00801076 0.00807022 0.00814915 0.00813464 0.00811017 0.00815292 0.00805093 0.00817536 0.00814367 0.00817111 0.00817848 0.00819299 0.00813258 0.00804653 0.00814918 0.00814028 0.00832858 
0.010605 0.0108804 0.0121743 0.0104696 0.00873941 0.0101437 0.0188403 0.0115367 0.0146941 0.00956528 0.00863811 0.044687 0.00927346 0.0110449 0.0558909 0.0330985 0.0444553 0.0124301 0.0164443 0.0922158 0.0333063 0.0285047 0.003212 0 0.00315933 0.00317845 0.00317816 0.0032198 0.00324505 0.0234883 0.00951227 0.0110671 0.142506 0.0175851 0.0165524 0.0370742 0.00900596 0.0113451 0.0121913 0.00912343 0.00811531 0.0140479 0.00870177 0.00925868 0.00843418 0.00864162 0.00942546 0.00975736 0.00925553 0.0091338 0.0088208 0.00829704 0.00834204 0.00811236 0.00807665 0.00804292 0.00789528 0.00792118 0.00832529 0.00877373 0.00927185 0.00893068 0.00853176 0.00821352 0.00838345 0.00850225 0.00819994 0.00795213 0.00820317 0.00816416 0.00831339 0.00852597 0.00853475 0.00830332 0.0079961 0.00808964 0.0080969 0.00833973 0.008258 0.00812854 0.00802787 0.00821961 0.00855716 0.00860177 0.00835757 0.00825617 0.00832872 0.00856256 0.00850642 0.00838396 0.00818417 0.00809455 0.00857117 0.00826011 0.00846301 0.00845933 0.00843628 
0.00964739 0.0198591 0.0164142 0.012026 0.00944983 0.0100229 0.0131869 0.0560288 0.0120969 0.0106341 0.0111982 0.00986581 0.0302693 0.0095508 0.0201548 0.0789674 0.0363107 0.037943 0.0110806 0.0205627 0.117581 0.0197207 0.00316499 0.00315933 0 0.00315251 0.00312299 0.00319901 0.00327614 0.00951357 0.0128116 0.0225006 0.0239726 0.0601142 0.131364 0.013508 0.0181972 0.010713 0.00954626 0.0126164 0.00955344 0.00901697 0.0135867 0.0086083 0.00868492 0.00940578 0.0128811 0.0111853 0.0105671 0.0103813 0.00862521 0.00871523 0.00845021 0.00808564 0.00819623 0.00809758 0.00797988 0.00795912 0.00852874 0.00941227 0.0108925 0.00980479 0.00878536 0.00824122 0.00862269 0.00878941 0.00847381 0.00803151 0.00812375 0.00831443 0.00856141 0.00894572 0.00881817 0.00863993 0.00796044 0.00787754 0.00807489 0.00818438 0.00827404 0.00821114 0.0080947 0.00823447 0.00893361 0.00908567 0.00859939 0.0085556 0.00830604 0.00856675 0.0087404 0.00837989 0.00817432 0.00806218 0.00819131 0.00834637 0.0084805 0.00831187 0.00829125 
0.0118383 0.0145218 0.0258173 0.013508 0.00885531 0.0121152 0.0272353 0.0212576 0.0263167 0.00975101 0.00886092 0.0416307 0.00964616 0.0121342 0.0339492 0.0297733 0.120971 0.0240431 0.0177599 0.0360395 0.0145505 0.0711595 0.00317655 0.00317845 0.00315251 0 0.00315914 0.00320164 0.00318288 0.0150096 0.0088093 0.0109145 0.058304 0.0776035 0.0460741 0.0896529 0.0111524 0.0123027 0.0126694 0.0119002 0.00843979 0.0183441 0.00929791 0.0107681 0.00877797 0.0101063 0.0134462 0.0182975 0.0133279 0.00991227 0.0109166 0.00862441 0.00872922 0.00830724 0.00820961 0.00814807 0.0079318 0.0079964 0.00851955 0.0102257 0.0116952 0.0100959 0.00938081 0.0084918 0.00859902 0.00928524 0.00863243 0.00801026 0.0082627 0.00833235 0.00870202 0.00897895 0.00889662 0.0084595 0.00807285 0.00798315 0.00810194 0.00830382 0.00836772 0.00822188 0.00806387 0.00843172 0.00881179 0.00905093 0.0087224 0.00857854 0.00846206 0.00867381 0.00872535 0.00844317 0.00816904 0.0081159 0.00840283 0.00841429 0.00860291 0.00847885 0.00842135 
0.00961985 0.021166 0.018986 0.0127078 0.00928592 0.010913 0.0135748 0.0619351 0.0124404 0.0100908 0.0136837 0.0103557 0.0264858 0.00969068 0.0188537 0.0890907 0.0519457 0.0323193 0.01094 0.0197901 0.0575527 0.0159624 0.00322743 0.00317816 0.00312299 0.00315914 0 0.0031493 0.00317826 0.0130098 0.0123057 0.0170966 0.0193807 0.0700771 0.156427 0.0164218 0.0311507 0.0112858 0.00962036 0.0134641 0.0101353 0.00923196 0.0144109 0.00885072 0.00881637 0.0105736 0.0154291 0.0127824 0.0113129 0.011851 0.00874985 0.00897979 0.00853289 0.00815286 0.00825609 0.00810649 0.00800941 0.00806271 0.0087292 0.0100567 0.0110931 0.0102247 0.00865646 0.00830773 0.00879945 0.00908151 0.00833125 0.0081077 0.00824646 0.00833822 0.00860671 0.00887614 0.00879303 0.00824745 0.00798834 0.00791741 0.00803909 0.00824522 0.00829139 0.00824513 0.0080238 0.00832438 0.0088187 0.00893945 0.00867951 0.00828194 0.00828859 0.00854813 0.00870017 0.00840098 0.00812907 0.00813903 0.00827995 0.00834227 0.00853747 0.00836373 0.00828238 
0.0115016 0.0112759 0.0137564 0.0112822 0.00870898 0.0106877 0.0210402 0.0110386 0.0189546 0.0095055 0.00900769 0.0306452 0.0103232 0.0107703 0.0323224 0.0308373 0.0435246 0.0268645 0.01379 0.033247 0.0475756 0.0735161 0.00326998 0.0032198 0.00319901 0.00320164 0.0031493 0 0.0031849 0.0651329 0.0143424 0.0127723 0.0590991 0.0246424 0.0298435 0.148873 0.0118195 0.0117618 0.0177162 0.0112809 0.00922622 0.0174954 0.00892463 0.0107814 0.0100642 0.00995782 0.0102151 0.0106729 0.00994774 0.00866993 0.0093743 0.00831751 0.00833693 0.00818506 0.00815841 0.00809058 0.00793572 0.00803469 0.00845044 0.00923094 0.00971909 0.00925673 0.0089752 0.00826882 0.00840563 0.00899669 0.00850719 0.00798895 0.00828444 0.00822605 0.00852637 0.00855123 0.00881682 0.0081671 0.00809821 0.00802705 0.00814535 0.00825735 0.00825306 0.00814934 0.00801457 0.00858566 0.00873514 0.00875123 0.00856598 0.00821444 0.00828837 0.00846124 0.00853303 0.00836023 0.00813322 0.00810787 0.00836762 0.00824359 0.0083815 0.00836569 0.00830665 
0.0104342 0.00900321 0.00853759 0.00843635 0.00881203 0.0116661 0.00901794 0.00916637 0.00880609 0.00895814 0.0165331 0.00862499 0.00997374 0.00923761 0.0213472 0.0149875 0.0111045 0.0150397 0.0123902 0.0191608 0.0152073 0.0446816 0.00463488 0.00324505 0.00327614 0.00318288 0.00317826 0.0031849 0 0.0178978 0.0404845 0.0248064 0.0102905 0.012388 0.0170675 0.0121448 0.0421925 0.0125874 0.00865032 0.0148698 0.0108558 0.00827003 0.00873579 0.00849399 0.0100686 0.00924305 0.00858944 0.00841041 0.00817704 0.00822496 0.00800861 0.00798529 0.00797194 0.00792646 0.00793569 0.00791555 0.00788337 0.00838181 0.00811519 0.00819238 0.00823794 0.00816833 0.00852404 0.00820477 0.00816785 0.0079606 0.0080397 0.00846639 0.00796831 0.00797323 0.00810711 0.00802467 0.0080132 0.00818044 0.00862076 0.00806351 0.00869681 0.00855594 0.00800933 0.00793517 0.00793704 0.00887475 0.00844968 0.00824573 0.0081352 0.00802342 0.00840502 0.00834958 0.00818708 0.00805316 0.00795091 0.00847168 0.00818319 0.00809057 0.00814567 0.0080981 0.0080683 
0.00805526 0.00806336 0.00813726 0.008309 0.00849492 0.00816423 0.00819769 0.00807464 0.0087576 0.00961263 0.00805418 0.00858324 0.00809085 0.00960478 0.0111526 0.00881752 0.00886902 0.00920912 0.0121605 0.0114674 0.00966291 0.013868 0.0119549 0.0234883 0.00951357 0.0150096 0.0130098 0.0651329 0.0178978 0 0.00580288 0.0092362 0.0140808 0.0101071 0.0118958 0.0155901 0.012277 0.00986475 0.0104923 0.0118507 0.00841063 0.00903618 0.00820667 0.00985622 0.00843034 0.00838931 0.00825731 0.00831319 0.00819869 0.00799966 0.0081427 0.00799854 0.00796258 0.00793177 0.00789297 0.00783378 0.00798312 0.00785283 0.00791555 0.0079985 0.00821391 0.00827436 0.00918408 0.00811002 0.0080414 0.00805418 0.00830395 0.0078976 0.00792359 0.00788877 0.00786566 0.00796059 0.00797995 0.00827533 0.00879943 0.00805951 0.00882639 0.00814623 0.00790765 0.0078754 0.00793769 0.00793438 0.00800719 0.00805507 0.00802266 0.0080643 0.00791977 0.00799339 0.00801395 0.00799275 0.0080051 0.0079256 0.00798138 0.00792516 0.00799882 0.00801378 0.00815718 
0.00820807 0.00812832 0.00804783 0.00838371 0.00834922 0.00835856 0.00809801 0.00809775 0.00849237 0.00884949 0.00936016 0.00808753 0.00826112 0.00833311 0.0114955 0.00877647 0.00869496 0.00966907 0.0086955 0.0116708 0.0108523 0.00958318 0.0143938 0.00951227 0.0128116 0.0088093 0.0123057 0.0143424 0.0404845 0.00580288 0 0.0212641 0.00785156 0.00826098 0.00876148 0.0104229 0.0266141 0.0119855 0.0104241 0.00962357 0.0103135 0.00816667 0.00871137 0.0083619 0.00870689 0.00842106 0.00818817 0.00816604 0.00808846 0.00804672 0.00800097 0.00797326 0.00797085 0.00793392 0.00789506 0.00795335 0.00796845 0.00807014 0.00804535 0.00800673 0.00805432 0.00825576 0.0081474 0.00799909 0.00800031 0.00806346 0.00808912 0.00800507 0.0079084 0.00792131 0.0079492 0.00794755 0.00796297 0.00812006 0.0082359 0.00797389 0.00834416 0.00803839 0.00792927 0.00793286 0.00796433 0.00812527 0.00804403 0.00804217 0.00805264 0.00800059 0.00801992 0.00797543 0.00804137 0.00797729 0.00800912 0.00806851 0.00794233 0.00794264 0.00794621 0.00797713 0.00806108 
0.0080885 0.00842755 0.00819069 0.00825107 0.00909086 0.00818452 0.00806039 0.008557 0.00872392 0.00932858 0.0108401 0.00813827 0.00868766 0.00944002 0.0116066 0.0105742 0.0090854 0.0101934 0.0108109 0.0109864 0.0102684 0.0118393 0.0462354 0.0110671 0.0225006 0.0109145 0.0170966 0.0127723 0.0248064 0.0092362 0.0212641 0 0.00323417 0.00319717 0.00320468 0.00323321 0.00487057 0.0619483 0.0111199 0.0254461 0.0176863 0.00848908 0.0127841 0.0103529 0.00884457 0.00842843 0.00882936 0.00856279 0.00850986 0.00921286 0.00803771 0.00820229 0.0081293 0.00788818 0.00798276 0.00806035 0.00840409 0.00839703 0.00807801 0.00852084 0.00848282 0.00914049 0.0101226 0.0080457 0.0081719 0.00825218 0.00940374 0.0086252 0.00779859 0.00813256 0.00799571 0.00814123 0.00825913 0.00936485 0.00863547 0.00822226 0.00896609 0.00858007 0.00804866 0.00789949 0.0080681 0.00830764 0.00812204 0.00815175 0.00799609 0.00829908 0.00814895 0.00807025 0.00812412 0.00808313 0.0081346 0.00847703 0.00796703 0.00796145 0.00807969 0.00804497 0.00829577 
0.00841943 0.00934388 0.00926986 0.00920246 0.00831711 0.00848947 0.00983263 0.00939983 0.00968582 0.00837721 0.00806077 0.013361 0.00863456 0.00869459 0.0212455 0.0159831 0.017145 0.0118022 0.00976 0.0132099 0.0112958 0.00978358 0.00946895 0.142506 0.0239726 0.058304 0.0193807 0.0590991 0.0102905 0.0140808 0.00785156 0.00323417 0 0.00317984 0.00317287 0.00324875 0.00319316 0.0801953 0.0457329 0.0114382 0.00897023 0.0436138 0.0110798 0.011035 0.0102171 0.0106419 0.0129112 0.0146873 0.0129952 0.00966082 0.0105419 0.00859612 0.00850936 0.00822573 0.00818293 0.00813078 0.00798191 0.00796155 0.00888051 0.0101055 0.0129658 0.0112821 0.00968886 0.00883182 0.00863551 0.00978297 0.00846901 0.00784069 0.00824431 0.00826623 0.00883852 0.00904149 0.00933217 0.00845549 0.00796038 0.00796228 0.00805704 0.00812898 0.00815857 0.00819183 0.00799066 0.00817181 0.00887408 0.00888573 0.00866091 0.008173 0.00820306 0.00853855 0.00851555 0.00829413 0.0079701 0.00794382 0.00842048 0.00821555 0.00839716 0.00833075 0.00822091 
0.00852261 0.0102476 0.0100761 0.00899266 0.00815826 0.00841597 0.00929221 0.0110705 0.00935707 0.00845133 0.00836805 0.00914464 0.00911017 0.00861271 0.0141041 0.0226176 0.0328848 0.0125374 0.0092533 0.0125188 0.0109102 0.00986869 0.01038 0.0175851 0.0601142 0.0776035 0.0700771 0.0246424 0.012388 0.0101071 0.00826098 0.00319717 0.00317984 0 0.00315856 0.00317082 0.00319409 0.0453048 0.0299828 0.0150555 0.00964885 0.014392 0.0153741 0.0108718 0.00932416 0.0125685 0.024078 0.0268593 0.021696 0.0149678 0.0120948 0.00930486 0.009202 0.00846566 0.0085938 0.00809884 0.00792447 0.00805581 0.00883165 0.0139157 0.0190487 0.0124452 0.00918117 0.0084129 0.00901781 0.0100528 0.00844789 0.00794785 0.00807854 0.008376 0.00891399 0.00980492 0.00934439 0.00846093 0.00807743 0.00789123 0.00802471 0.00804627 0.00836465 0.00814128 0.00797862 0.00830876 0.00909635 0.0091756 0.00860389 0.00824104 0.00817366 0.00850263 0.00854524 0.0082019 0.00803585 0.00789168 0.00817288 0.00820764 0.00830172 0.00825108 0.00805892 
0.00899934 0.0112895 0.0117597 0.00926616 0.00846113 0.00852416 0.00989655 0.0135112 0.00988632 0.00896631 0.00840009 0.010134 0.0100993 0.00922338 0.0155853 0.0426795 0.0399359 0.0161375 0.00998514 0.012894 0.0164928 0.0101791 0.0119434 0.0165524 0.131364 0.0460741 0.156427 0.0298435 0.0170675 0.0118958 0.00876148 0.00320468 0.00317287 0.00315856 0 0.00315641 0.00319301 0.279238 0.0370313 0.0350082 0.0107704 0.016364 0.0277632 0.0118528 0.0105304 0.0154061 0.0407895 0.0336783 0.0261713 0.0242439 0.0118067 0.012516 0.0097157 0.00880811 0.00898429 0.0082605 0.00807547 0.00814118 0.0100341 0.0162115 0.0251017 0.0158456 0.0101706 0.00865676 0.0101978 0.0110764 0.00906311 0.00802573 0.00831596 0.00879164 0.00953751 0.0111662 0.0106702 0.0089817 0.00810401 0.00790772 0.00784309 0.00818138 0.00851994 0.00843908 0.00812317 0.00850991 0.00955081 0.0104633 0.00901961 0.00862769 0.00847445 0.00884216 0.00905788 0.00843165 0.00803714 0.00795066 0.00842159 0.00841517 0.00868508 0.00838156 0.00820476 
0.00850199 0.00906484 0.00987787 0.00884449 0.00827863 0.00892411 0.0092988 0.0101708 0.00980469 0.00869913 0.00825551 0.0104491 0.00901462 0.00955457 0.0138652 0.0151077 0.0246969 0.0183982 0.0102212 0.0127396 0.0160221 0.0142008 0.00918562 0.0370742 0.013508 0.0896529 0.0164218 0.148873 0.0121448 0.0155901 0.0104229 0.00323321 0.00324875 0.00317082 0.00315641 0 0.00333841 0.0156309 0.580389 0.0422632 0.00980258 0.0239615 0.0166763 0.0227801 0.0101436 0.0133652 0.0153657 0.0185516 0.0146293 0.0101599 0.0121255 0.00870796 0.00876822 0.00838359 0.00821812 0.00849889 0.0081488 0.00829707 0.00937842 0.0113582 0.0119612 0.0157723 0.011976 0.00885565 0.00900344 0.0118917 0.00865081 0.00791887 0.00817972 0.00831165 0.00870065 0.00889872 0.0097022 0.00867411 0.00804064 0.00787232 0.00792253 0.00797485 0.00822348 0.00811441 0.00804562 0.00827926 0.00868087 0.00881518 0.00903846 0.00828687 0.00819477 0.00842108 0.0084917 0.00819665 0.00798104 0.00785797 0.00810735 0.00812134 0.00827418 0.00812516 0.00801131 
