1KS9A
MKITVLGCGALGQLWLTALCKQGHEVQGWLRVPQPYCSVNLVETDGSIFNESLTANDPDFLATSDLLLVTLKAWQVSDAVKSLASTLPVTTPILLIHNGMGTIEELQNIQQPLLMGTTTHAARRDGNVIIHVANGITHIGPARQQDGDYSYLADILQTVLPDVAWHNNIRAELWRKLAVNCVINPLTAIWNCPNGELRHHPQEIMQICEEVAAVIEREGHHTSAEDLRDYVMQVIDATAENISSMLQDIRALRHTEIDYINGFLLRRARAHGIAVPENTRLFEMVKRKESE
CEEEEECCCHHHHHHHHHHHHCCCEEEEECCCCCCEEEEEEECCCCCEEEEEEEECCHHHHHCCCEEEECCCHHHHHHHHHHHHCCCCCCCCEEEECCCCCCCHHHCCCCCCEEEEEECCEEEEECCEEEEEECCCEEEEECCHHHCCCCHHHHHHHCCCCCEEECCCHHHHHHHHHHHHHHHHHHHHHCCCCHHHHHHCHHHHHHHHHHHHHHHHHHCCCCCHHHHHHHHHHHHHHCCCCCCHHHHHHHCCCCCCHHHCHHHHHHHHHHHCCCCHHHHHHHHHHHHHHHC
0 0 0 0 0 0 0 0 0 0 0 0 0 0 0 0 0 0 0 0 0 0 0 0 0 0 0 0 0 0 0 0 0 0 0 0 0 0 0 0 0 0 0 0 0 0 0 0 0 0 0 0 0 0 0 0 0 0 0 0 0 0 0 0 0 0 0 0 0 0 0 0 0 0 0 0 0 0 0 0 0 0 0 0 0 0 0 0 0 0 0 0 0 0 0 0 0 0 0 0 0 0 0 0 0 0 0 0 0 0 0 0 0 0 0 0 0 0 0 0 0 0 0 0 0 0 0 0 0 0 0 0 0 0 0 0 0 0 0 0 0 0 0 0 0 0 0 0 0 0 0 0 0 0 0 0 0 0 0 0 0 0 0 0 0 0 0 0 0 0 0 0 0 0 0 0 0 0 0 0 0 0 0 0 0 0 0 0 0 0 0 0 0 0 0 0 0 0 0 0 0 0 0 0 0 0 0 0 0 0 0 0 0 0 0 0 0 0 0 0 0 0 0 0 0 0 0 0 0 0 0 0 0 0 0 0 0 0 0 0 0 0 0 0 0 0 0 0 0 0 0 0 0 0 0 0 0 0 0 0 0 0 0 0 0 0 0 0 0 0 0 0 0 0 0 0 0 0 0 0 0 0 0 0 0 0 0 0 0 0 0 
0 0 0 0 0 0 0 0 0 0 0 0 0 0 0 0 0 0 0 0 0 0 0 0 0 0 0 0 0 0 0 0 0 0 0 0 0 0 0 0 0 0 0 0 0 0 0 0 0 0 0 0 0 0 0 0 0 0 0 0 0 0 0 0 0 0 0 0 0 0 0 0 0 0 0 0 0 0 0 0 0 0 0 0 0 0 0 0 0 0 0 0 0 0 0 0 0 0 0 0 0 0 0 0 0 0 0 0 0 0 0 0 0 0 0 0 0 0 0 0 0 0 0 0 0 0 0 0 0 0 0 0 0 0 0 0 0 0 0 0 0 0 0 0 0 0 0 0 0 0 0 0 0 0 0 0 0 0 0 0 0 0 0 0 0 0 0 0 0 0 0 0 0 0 0 0 0 0 0 0 0 0 0 0 0 0 0 0 0 0 0 0 0 0 0 0 0 0 0 0 0 0 0 0 0 0 0 0 0 0 0 0 0 0 0 0 0 0 0 0 0 0 0 0 0 0 0 0 0 0 0 0 0 0 0 0 0 0 0 0 0 0 0 0 0 0 0 0 0 0 0 0 0 0 0 0 0 0 0 0 0 0 0 0 0 0 0 0 0 0 0 0 0 0 0 0 0 0 0 0 0 0 0 0 0 0 0 0 0 0 0 
0 0.00330715 0.00329417 0.0033617 0.00379611 0.81152 0.0151202 0.0591973 0.0204199 0.0890449 0.0344508 0.0120388 0.0270604 0.0129324 0.0412383 0.0142664 0.0430078 0.0226765 0.0103964 0.0114686 0.0095288 0.0123266 0.00992802 0.0162096 0.0219127 0.0250526 0.0281164 0.0184473 0.0280871 0.0235798 0.0182523 0.0134104 0.013987 0.0120201 0.0102989 0.0118324 0.0110007 0.0105246 0.00935606 0.0087422 0.00809107 0.00820336 0.00807201 0.00857519 0.00874259 0.0087169 0.00940397 0.00936131 0.00863738 0.0087462 0.00898541 0.00902795 0.0103614 0.00893767 0.0100522 0.00868435 0.00817885 0.00839668 
0.00330715 0 0.00328499 0.00331144 0.00324545 0.0166584 0.833249 0.0121355 0.121296 0.0114908 0.0131617 0.0507739 0.0116415 0.0868898 0.0123652 0.0612714 0.0111243 0.0112796 0.0205412 0.00951628 0.0154627 0.0102371 0.0223409 0.0113681 0.0139146 0.159207 0.053446 0.0418391 0.0173615 0.0399971 0.0336029 0.0201073 0.0118835 0.0159784 0.012611 0.0130009 0.0147553 0.00971263 0.00898319 0.00852263 0.00888832 0.00808618 0.00832561 0.00794236 0.00901088 0.0100612 0.010229 0.0104635 0.00881476 0.00813798 0.00962205 0.00920473 0.0110891 0.00920028 0.0083128 0.00912948 0.00823692 0.00827576 
0.00329417 0.00328499 0 0.00329595 0.00319162 0.0661594 0.0175554 0.804692 0.018678 0.0191687 0.0117069 0.0122144 0.0741719 0.0223539 0.158945 0.0199815 0.0138299 0.0111459 0.0113508 0.0189869 0.0116564 0.0231669 0.0139968 0.0230435 0.0102425 0.0159291 0.280768 0.0516335 0.023087 0.0169718 0.0692198 0.031596 0.0106628 0.010288 0.0191793 0.0245692 0.0201146 0.0101157 0.00867422 0.00828699 0.00845962 0.00873572 0.00817228 0.00797784 0.0086824 0.01125 0.0143849 0.0126862 0.00862153 0.00816408 0.00887332 0.0114886 0.0139775 0.00997194 0.00898277 0.00839022 0.00848818 0.00819601 
0.0033617 0.00331144 0.00329595 0 0.00338974 0.0146186 0.156031 0.0276068 0.714699 0.0175905 0.0108576 0.0188366 0.0134612 0.0396201 0.0210913 0.15975 0.0151285 0.00977309 0.0126285 0.0101354 0.0113463 0.00958551 0.0146482 0.0204125 0.0132554 0.0191122 0.0310955 0.323565 0.0287199 0.015608 0.0330193 0.0717606 0.0116162 0.0104577 0.015878 0.0168864 0.0150811 0.0120223 0.00869988 0.00809782 0.00848114 0.00817566 0.00816271 0.00789609 0.00869408 0.00965135 0.0116797 0.00979121 0.00865686 0.00814121 0.00889922 0.0100142 0.0120739 0.0106671 0.00855222 0.00862942 0.00828546 0.00819483 
0.00379611 0.00324545 0.00319162 0.00338974 0 0.0332862 0.01484 0.042692 0.0535356 0.598991 0.015383 0.0122854 0.0107332 0.0155238 0.0146908 0.0351579 0.112496 0.0143938 0.0101815 0.00938973 0.00928706 0.00883934 0.0100453 0.0132679 0.0353389 0.0209087 0.018079 0.0309015 0.197882 0.0200879 0.0132008 0.0166565 0.0299648 0.0140459 0.0101225 0.0100783 0.0100473 0.00922283 0.0102583 0.00880536 0.00810708 0.00803708 0.00806825 0.00805413 0.00958636 0.00857755 0.00895037 0.0088218 0.00824094 0.00834462 0.00923971 0.00853584 0.00924245 0.00860581 0.00957158 0.00851685 0.00802165 0.00835004 
0.81152 0.0166584 0.0661594 0.0146186 0.0332862 0 0.00323379 0.00320914 0.00318919 0.00363796 0.0128085 0.00564311 0.0108736 0.0132868 0.0639405 0.0199283 0.0335306 0.0152706 0.00811198 0.00909792 0.00809174 0.0108382 0.00819032 0.0181015 0.013888 0.0155306 0.0119457 0.0134052 0.0155334 0.0131353 0.00937179 0.00976487 0.0115876 0.00946359 0.00834583 0.00850033 0.00838854 0.00890215 0.0087246 0.00855774 0.00796811 0.00802557 0.00809936 0.00859454 0.00902268 0.00809302 0.0084827 0.00814883 0.00833445 0.00814217 0.00856739 0.00826957 0.00839393 0.00815834 0.00885341 0.00796625 0.00820841 0.00822178 
0.0151202 0.833249 0.0175554 0.156031 0.01484 0.00323379 0 0.00317802 0.00318906 0.00321943 0.00506052 0.0183808 0.00694559 0.0859073 0.00960861 0.0366943 0.00822723 0.0081925 0.0176422 0.00806018 0.0122991 0.00812659 0.0215808 0.00913086 0.0123444 0.0215798 0.0310405 0.017933 0.0152496 0.0145012 0.0278535 0.0125617 0.0101237 0.00969537 0.011834 0.010333 0.0125104 0.00877553 0.00854121 0.00793228 0.00842627 0.00797163 0.00816957 0.00787798 0.00814846 0.00985271 0.00931099 0.00940417 0.00827931 0.00813004 0.00840709 0.00867175 0.0105118 0.00871999 0.00819031 0.00874911 0.00811329 0.00834797 
0.0591973 0.0121355 0.804692 0.0276068 0.042692 0.00320914 0.00317802 0 0.00315773 0.00318916 0.0126214 0.00612011 0.0564726 0.00932263 0.0286206 0.00815848 0.0083076 0.0101896 0.00826759 0.0123579 0.00847024 0.0192724 0.00865874 0.0171338 0.0104583 0.0123443 0.0378656 0.0350815 0.0130639 0.0123776 0.031063 0.0270758 0.00926111 0.0101423 0.0152169 0.0263049 0.0178329 0.00978083 0.00855803 0.00824596 0.0083436 0.00896688 0.00801131 0.00790873 0.00856538 0.0103427 0.0144774 0.013095 0.00849633 0.00801816 0.00837127 0.0109044 0.0117812 0.00938268 0.00850478 0.0082032 0.00833862 0.00811606 
0.0204199 0.121296 0.018678 0.714699 0.0535356 0.00318919 0.00318906 0.00315773 0 0.00316456 0.00814786 0.0588919 0.0112506 0.0180496 0.00811616 0.0263054 0.00863273 0.00865213 0.0135181 0.00839779 0.00990811 0.00866189 0.0138234 0.0147839 0.0167861 0.0151237 0.0342075 0.0812059 0.0312942 0.014078 0.0318616 0.0477026 0.0129749 0.0104877 0.01949 0.0160972 0.0166819 0.0138747 0.00946735 0.00821919 0.00864032 0.00823284 0.00834174 0.00799358 0.00864902 0.0106833 0.0119347 0.0104929 0.00931193 0.00824557 0.00894346 0.0101668 0.0140018 0.0112578 0.00913721 0.00841051 0.00823486 0.00848053 
0.0890449 0.0114908 0.0191687 0.0175905 0.598991 0.00363796 0.00321943 0.00318916 0.00316456 0 0.0320953 0.00942265 0.0105376 0.00631921 0.012952 0.00914676 0.0241657 0.0146753 0.00840518 0.00847084 0.0079857 0.00859525 0.00875419 0.0129593 0.0763109 0.020603 0.0130076 0.0296898 0.0473962 0.0209063 0.0111029 0.0153762 0.0178161 0.0147627 0.00961212 0.00982251 0.0094426 0.00903367 0.0098235 0.00975683 0.00824885 0.00808594 0.0080773 0.00819072 0.0106109 0.00867076 0.00876256 0.00883732 0.00820995 0.00835315 0.00989598 0.00866451 0.00885593 0.00875952 0.00933025 0.00906744 0.00805146 0.00816709 
0.0344508 0.0131617 0.0117069 0.0108576 0.015383 0.0128085 0.00506052 0.0126214 0.00814786 0.0320953 0 0.00319076 0.00317228 0.00314916 0.00333814 0.00321372 0.00382303 0.00902531 0.00602755 0.00660597 0.00610886 0.00810151 0.00870462 0.834471 0.0409684 0.011344 0.0120721 0.0106916 0.0179864 0.014232 0.00944687 0.00926941 0.0122571 0.00948606 0.00831197 0.00837736 0.00831725 0.00851965 0.00904247 0.00837558 0.00793331 0.00797275 0.00810285 0.00872785 0.00857341 0.00812184 0.00828231 0.00810883 0.00817991 0.00814048 0.00840355 0.00816697 0.00808591 0.00806101 0.00894935 0.00805215 0.0079977 0.00813256 
0.0120388 0.0507739 0.0122144 0.0188366 0.0122854 0.00564311 0.0183808 0.00612011 0.0588919 0.00942265 0.00319076 0 0.00316224 0.00316498 0.00318529 0.00322649 0.00326722 0.00551773 0.00762096 0.00605075 0.00728607 0.00726194 0.906595 0.00943659 0.0144935 0.0129793 0.0138484 0.0140556 0.0124128 0.0116461 0.018365 0.0103159 0.00976142 0.00904435 0.0102738 0.00925978 0.0103815 0.00862186 0.0088512 0.00788803 0.00828476 0.00789499 0.00823543 0.00794832 0.00800549 0.008854 0.00846521 0.00904505 0.0081878 0.00802688 0.00821626 0.00821545 0.00927105 0.00835365 0.00817366 0.0083276 0.00795284 0.00825712 
0.0270604 0.0116415 0.0741719 0.0134612 0.0107332 0.0108736 0.00694559 0.0564726 0.0112506 0.0105376 0.00317228 0.00316224 0 0.00316623 0.00317705 0.00318616 0.00324923 0.00649761 0.0057067 0.00745945 0.00679111 0.956481 0.00863956 0.0111692 0.00747247 0.0101 0.0182751 0.0141825 0.00981145 0.0111791 0.0160205 0.016131 0.00872932 0.00906877 0.0104392 0.0167671 0.0122221 0.0102457 0.0082686 0.00827219 0.00802088 0.00834036 0.00791232 0.00791556 0.00842268 0.00878821 0.0144256 0.0101995 0.00831054 0.00792035 0.00810484 0.0101508 0.0094989 0.00892169 0.00823398 0.00801232 0.00823536 0.00792113 
0.0129324 0.0868898 0.0223539 0.0396201 0.0155238 0.0132868 0.0859073 0.00932263 0.0180496 0.00631921 0.00314916 0.00316498 0.00316623 0 0.00315498 0.00317369 0.00317531 0.00487597 0.0071998 0.00648914 0.942035 0.00950204 0.0128011 0.00705815 0.00930819 0.0151664 0.0181324 0.0158611 0.0152985 0.0155479 0.0275303 0.0134162 0.0105506 0.00981809 0.01379 0.0187776 0.0230363 0.00956006 0.00902018 0.008126 0.00911827 0.00821419 0.00824775 0.00792387 0.00828257 0.0121239 0.0135665 0.0136728 0.00843657 0.00820612 0.00892361 0.00938851 0.020949 0.00890495 0.00852745 0.00849728 0.0080457 0.00833006 
0.0412383 0.0123652 0.158945 0.0210913 0.0146908 0.0639405 0.00960861 0.0286206 0.00811616 0.012952 0.00333814 0.00318529 0.00317705 0.00315498 0 0.00316303 0.00318671 0.00811246 0.00670145 0.95161 0.0141287 0.00951459 0.00681237 0.0103772 0.00833798 0.011514 0.0269752 0.0287643 0.0146984 0.0156912 0.0314441 0.0287352 0.0100719 0.0104957 0.0186577 0.0298197 0.0173223 0.0112092 0.00872995 0.00868809 0.00844778 0.00962296 0.00822898 0.00812195 0.00898091 0.0102898 0.0185435 0.0136605 0.00870888 0.00818474 0.00854652 0.014814 0.012097 0.0110817 0.00898708 0.00823748 0.00864495 0.00821888 
0.0142664 0.0612714 0.0199815 0.15975 0.0351579 0.0199283 0.0366943 0.00815848 0.0263054 0.00914676 0.00321372 0.00322649 0.00318616 0.00317369 0.00316303 0 0.00346879 0.0127569 0.949196 0.00920293 0.00693951 0.00618324 0.00834409 0.00848483 0.0101939 0.0129474 0.0264714 0.0845785 0.0294374 0.0154934 0.0349068 0.0570162 0.0136229 0.0110395 0.0201854 0.0157546 0.0166716 0.0141654 0.00968815 0.00841387 0.00905294 0.00841341 0.00862772 0.00813889 0.00906609 0.0116393 0.0113989 0.0103362 0.00954254 0.00834734 0.00909657 0.010615 0.0162778 0.0116709 0.00913682 0.00858524 0.00835591 0.00871869 
0.0430078 0.0111243 0.0138299 0.0151285 0.112496 0.0335306 0.00822723 0.0083076 0.00863273 0.0241657 0.00382303 0.00326722 0.00324923 0.00317531 0.00318671 0.00346879 0 0.972306 0.0066538 0.00484164 0.00457379 0.00540849 0.00633708 0.00799281 0.0122141 0.01832 0.0139366 0.0180537 0.0634705 0.0257592 0.0116867 0.0150573 0.0203424 0.0198772 0.00968855 0.0102383 0.00957353 0.00936287 0.010373 0.0110939 0.00835131 0.00817869 0.00818005 0.00842408 0.0114658 0.00875132 0.00883292 0.00888511 0.00831037 0.00854368 0.0106992 0.00890038 0.00890572 0.0089965 0.0100899 0.00913521 0.0080741 0.00829141 
0.0226765 0.0112796 0.0111459 0.00977309 0.0143938 0.0152706 0.0081925 0.0101896 0.00865213 0.0146753 0.00902531 0.00551773 0.00649761 0.00487597 0.00811246 0.0127569 0.972306 0 0.00329345 0.0032896 0.00317584 0.00327266 0.00343075 0.0038921 0.00527127 0.0112822 0.0113922 0.0113311 0.0177568 0.0152354 0.00991597 0.00980094 0.0146359 0.00970466 0.00850583 0.00846692 0.00851223 0.0086619 0.00992235 0.00857337 0.00801797 0.00808022 0.00836453 0.00944608 0.00891455 0.00827144 0.00842119 0.00819453 0.008231 0.00840715 0.00861535 0.00817444 0.00825441 0.00816491 0.0092245 0.00803184 0.00807208 0.00835298 
0.0103964 0.0205412 0.0113508 0.0126285 0.0101815 0.00811198 0.0176422 0.00826759 0.0135181 0.00840518 0.00602755 0.00762096 0.0057067 0.0071998 0.00670145 0.949196 0.0066538 0.00329345 0 0.00318201 0.00318996 0.00320448 0.00333979 0.00337144 0.00358127 0.00883687 0.00974669 0.0139067 0.0119799 0.0113377 0.0154166 0.0103087 0.00931339 0.00912609 0.00955373 0.00894602 0.00971696 0.00880533 0.00868618 0.00803203 0.00839545 0.00802001 0.00840508 0.0080515 0.008178 0.00895181 0.00849653 0.00878628 0.00827546 0.00810718 0.0082609 0.00839029 0.00872585 0.00833269 0.00826066 0.0082323 0.00804521 0.00832361 
0.0114686 0.00951628 0.0189869 0.0101354 0.00938973 0.00909792 0.00806018 0.0123579 0.00839779 0.00847084 0.00660597 0.00605075 0.00745945 0.00648914 0.95161 0.00920293 0.00484164 0.0032896 0.00318201 0 0.00313306 0.00316474 0.00323454 0.00320009 0.00323188 0.00723274 0.0102223 0.0110702 0.00884186 0.00987317 0.0106496 0.0103243 0.00861455 0.00862508 0.00893751 0.0112483 0.00975606 0.00893218 0.00834526 0.00802082 0.00801432 0.0083257 0.00793283 0.00792785 0.0081814 0.00837582 0.0100004 0.00913929 0.00814331 0.00792685 0.00810877 0.00839736 0.00922194 0.00828711 0.00817239 0.00795024 0.00798954 0.00791821 
0.0095288 0.0154627 0.0116564 0.0113463 0.00928706 0.00809174 0.0122991 0.00847024 0.00990811 0.0079857 0.00610886 0.00728607 0.00679111 0.942035 0.0141287 0.00693951 0.00457379 0.00317584 0.00318996 0.00313306 0 0.00333637 0.00314852 0.0031853 0.00319431 0.00742271 0.00892046 0.0100242 0.0103914 0.010586 0.0123855 0.00988541 0.00868536 0.0085511 0.0094729 0.0100157 0.0114187 0.00854003 0.00836279 0.00793012 0.00823674 0.0079848 0.00801603 0.00789828 0.00802641 0.00881941 0.00924206 0.00925993 0.00813236 0.00801515 0.00817619 0.00852213 0.00991386 0.00830732 0.00816376 0.00804459 0.00798019 0.00808664 
0.0123266 0.0102371 0.0231669 0.00958551 0.00883934 0.0108382 0.00812659 0.0192724 0.00866189 0.00859525 0.00810151 0.00726194 0.956481 0.00950204 0.00951459 0.00618324 0.00540849 0.00327266 0.00320448 0.00316474 0.00333637 0 0.00313908 0.00320272 0.00315516 0.0074735 0.00959639 0.0114166 0.0146268 0.0102711 0.0112849 0.00996222 0.00859132 0.00890315 0.00919661 0.0116771 0.00955397 0.00872213 0.00819447 0.00834061 0.00808625 0.00840297 0.00801397 0.0079185 0.00836068 0.00860841 0.0106608 0.00898358 0.00823347 0.00791961 0.0082336 0.00892758 0.00890692 0.00830837 0.00817325 0.00793132 0.00818027 0.00793427 
0.00992802 0.0223409 0.0139968 0.0146482 0.0100453 0.00819032 0.0215808 0.00865874 0.0138234 0.00875419 0.00870462 0.906595 0.00863956 0.0128011 0.00681237 0.00834409 0.00633708 0.00343075 0.00333979 0.00323454 0.00314852 0.00313908 0 0.00313727 0.00318034 0.0083606 0.0137911 0.0254902 0.0188642 0.0108569 0.0168065 0.0104148 0.00959213 0.00899423 0.0103377 0.0111363 0.0133377 0.00878065 0.00892732 0.00815895 0.00866226 0.00836238 0.008199 0.00799989 0.00820652 0.00993414 0.0107214 0.0108585 0.00833098 0.00817027 0.00844632 0.0085434 0.0134378 0.00857042 0.00834339 0.00878891 0.00797621 0.00864739 
0.0162096 0.0113681 0.0230435 0.0204125 0.0132679 0.0181015 0.00913086 0.0171338 0.0147839 0.0129593 0.834471 0.00943659 0.0111692 0.00705815 0.0103772 0.00848483 0.00799281 0.0038921 0.00337144 0.00320009 0.0031853 0.00320272 0.00313727 0 0.00316545 0.00958119 0.0366227 0.07083 0.0135333 0.0136193 0.0189546 0.0309815 0.00941965 0.00990985 0.0136769 0.0121762 0.0102372 0.013483 0.00854565 0.00909294 0.00864697 0.00835592 0.00820963 0.00799694 0.00947243 0.00916429 0.0108041 0.0089776 0.00879969 0.0081184 0.00841828 0.0112696 0.00906812 0.0102001 0.00875074 0.00796626 0.00887647 0.00802225 
0.0219127 0.0139146 0.0102425 0.0132554 0.0353389 0.013888 0.0123444 0.0104583 0.0167861 0.0763109 0.0409684 0.0144935 0.00747247 0.00930819 0.00833798 0.0101939 0.0122141 0.00527127 0.00358127 0.00323188 0.00319431 0.00315516 0.00318034 0.00316545 0 0.0367243 0.0284745 0.0159007 0.0745618 0.0263963 0.0126809 0.0129433 0.028597 0.019062 0.010066 0.00990171 0.0100787 0.00911158 0.0117769 0.0127467 0.00850278 0.00816571 0.00818177 0.00837459 0.0125711 0.00970256 0.00876839 0.00879459 0.00831464 0.00884627 0.0149166 0.0087594 0.00922731 0.00872074 0.0100204 0.0110287 0.00803116 0.00841375 
0.0250526 0.159207 0.0159291 0.0191122 0.0209087 0.0155306 0.0215798 0.0123443 0.0151237 0.020603 0.011344 0.0129793 0.0101 0.0151664 0.011514 0.0129474 0.01832 0.0112822 0.00883687 0.00723274 0.00742271 0.0074735 0.0083606 0.00958119 0.0367243 0 0.00324865 0.00325561 0.00368394 0.384024 0.0459313 0.0169629 0.0278648 0.0359054 0.0171179 0.0138817 0.012235 0.0111137 0.0180616 0.0115443 0.00980798 0.00874957 0.0094702 0.0118318 0.0162645 0.0143522 0.0135969 0.0114978 0.0101613 0.0117688 0.0199996 0.014045 0.0124847 0.00995788 0.0156639 0.0124702 0.00854216 0.0114005 
0.0281164 0.053446 0.280768 0.0310955 0.018079 0.0119457 0.0310405 0.0378656 0.0342075 0.0130076 0.0120721 0.0138484 0.0182751 0.0181324 0.0269752 0.0264714 0.0139366 0.0113922 0.00974669 0.0102223 0.00892046 0.00959639 0.0137911 0.0366227 0.0284745 0.00324865 0 0.00328999 0.00327463 0.521132 0.354136 0.0550208 0.0206416 0.0269354 0.0557901 0.0322189 0.0334698 0.0177303 0.0111708 0.00992794 0.0118839 0.0110134 0.0100666 0.00960499 0.0113737 0.0369337 0.0288908 0.0251797 0.0119582 0.00927802 0.0128189 0.0353299 0.0289952 0.0181862 0.0103649 0.0101417 0.00991053 0.00925406 
0.0184473 0.0418391 0.0516335 0.323565 0.0309015 0.0134052 0.017933 0.0350815 0.0812059 0.0296898 0.0106916 0.0140556 0.0141825 0.0158611 0.0287643 0.0845785 0.0180537 0.0113311 0.0139067 0.0110702 0.0100242 0.0114166 0.0254902 0.07083 0.0159007 0.00325561 0.00328999 0 0.00340362 0.0350703 0.423054 0.408481 0.0517642 0.0187738 0.0499441 0.0519083 0.0381467 0.0481824 0.0123584 0.0104128 0.0117255 0.00996269 0.0107741 0.008834 0.0112442 0.0237369 0.0308526 0.0240539 0.0216964 0.0100701 0.0115841 0.0265866 0.0327654 0.0390913 0.0153019 0.00918566 0.0119285 0.00898085 
0.0280871 0.0173615 0.023087 0.0287199 0.197882 0.0155334 0.0152496 0.0130639 0.0312942 0.0473962 0.0179864 0.0124128 0.00981145 0.0152985 0.0146984 0.0294374 0.0634705 0.0177568 0.0119799 0.00884186 0.0103914 0.0146268 0.0188642 0.0135333 0.0745618 0.00368394 0.00327463 0.00340362 0 0.0419747 0.0366003 0.413507 0.3663 0.0362494 0.0189322 0.0236902 0.0231203 0.0176959 0.0358273 0.0176611 0.00990235 0.00898111 0.00900392 0.0102031 0.0178084 0.0124597 0.0161737 0.0142123 0.0108374 0.0155256 0.0233409 0.0125329 0.0173508 0.0170069 0.0256575 0.0158292 0.00854441 0.0106652 
0.0235798 0.0399971 0.0169718 0.015608 0.0200879 0.0131353 0.0145012 0.0123776 0.014078 0.0209063 0.014232 0.0116461 0.0111791 0.0155479 0.0156912 0.0154934 0.0257592 0.0152354 0.0113377 0.00987317 0.010586 0.0102711 0.0108569 0.0136193 0.0263963 0.384024 0.521132 0.0350703 0.0419747 0 0.00327518 0.0032869 0.00369156 0.307703 0.0446042 0.0214326 0.014878 0.0188532 0.0285539 0.0170331 0.0120431 0.00971878 0.0104456 0.0157134 0.0329442 0.0241884 0.0165875 0.0147508 0.0128138 0.0160062 0.0355095 0.0247854 0.0163981 0.0124861 0.0255256 0.0158485 0.00963832 0.0153451 
0.0182523 0.0336029 0.0692198 0.0330193 0.0132008 0.00937179 0.0278535 0.031063 0.0318616 0.0111029 0.00944687 0.018365 0.0160205 0.0275303 0.0314441 0.0349068 0.0116867 0.00991597 0.0154166 0.0106496 0.0123855 0.0112849 0.0168065 0.0189546 0.0126809 0.0459313 0.354136 0.423054 0.0366003 0.00327518 0 0.00324118 0.00319921 0.103827 0.393397 0.0391051 0.0747743 0.0260938 0.0116882 0.0111856 0.0161925 0.0112829 0.0118927 0.00900749 0.0143813 0.0511402 0.0333694 0.0241913 0.0160566 0.00993854 0.0168948 0.0515343 0.0448044 0.0274289 0.011868 0.0126971 0.012965 0.00966828 
0.0134104 0.0201073 0.031596 0.0717606 0.0166565 0.00976487 0.0125617 0.0270758 0.0477026 0.0153762 0.00926941 0.0103159 0.016131 0.0134162 0.0287352 0.0570162 0.0150573 0.00980094 0.0103087 0.0103243 0.00988541 0.00996222 0.0104148 0.0309815 0.0129433 0.0169629 0.0550208 0.408481 0.413507 0.0032869 0.00324118 0 0.00326927 0.0323787 0.0876244 0.31284 0.0728177 0.122804 0.0146638 0.0115068 0.0139135 0.0108709 0.0125229 0.00929528 0.0121556 0.0216036 0.025395 0.024887 0.0206719 0.0111665 0.0120185 0.0336963 0.0313567 0.049756 0.0167578 0.00967371 0.0159843 0.00914216 
0.013987 0.0118835 0.0106628 0.0116162 0.0299648 0.0115876 0.0101237 0.00926111 0.0129749 0.0178161 0.0122571 0.00976142 0.00872932 0.0105506 0.0100719 0.0136229 0.0203424 0.0146359 0.00931339 0.00861455 0.00868536 0.00859132 0.00959213 0.00941965 0.028597 0.0278648 0.0206416 0.0517642 0.3663 0.00369156 0.00319921 0.00326927 0 0.0259188 0.0297361 0.0299449 0.132245 0.0358428 0.106584 0.0193712 0.00980335 0.00877801 0.00957607 0.0123207 0.0214661 0.0118004 0.0121395 0.0108038 0.0102896 0.0144955 0.0221732 0.0112348 0.0125186 0.013224 0.0215998 0.0179505 0.00903342 0.0102814 
0.0120201 0.0159784 0.010288 0.0104577 0.0140459 0.00946359 0.00969537 0.0101423 0.0104877 0.0147627 0.00948606 0.00904435 0.00906877 0.00981809 0.0104957 0.0110395 0.0198772 0.00970466 0.00912609 0.00862508 0.0085511 0.00890315 0.00899423 0.00990985 0.019062 0.0359054 0.0269354 0.0187738 0.0362494 0.307703 0.103827 0.0323787 0.0259188 0 0.00324147 0.0032056 0.00316539 0.00323742 0.00422906 0.00470387 0.0049917 0.00588534 0.00680476 0.0419102 0.0154059 0.0110603 0.0102974 0.0105892 0.00914888 0.025987 0.020896 0.0173308 0.0137419 0.011116 0.0298495 0.0162029 0.00977588 0.0157793 
0.0102989 0.012611 0.0191793 0.015878 0.0101225 0.00834583 0.011834 0.0152169 0.01949 0.00961212 0.00831197 0.0102738 0.0104392 0.01379 0.0186577 0.0201854 0.00968855 0.00850583 0.00955373 0.00893751 0.0094729 0.00919661 0.0103377 0.0136769 0.010066 0.0171179 0.0557901 0.0499441 0.0189322 0.0446042 0.393397 0.0876244 0.0297361 0.00324147 0 0.00318129 0.00320965 0.00320498 0.00325518 0.00401311 0.00531277 0.00582719 0.0360846 0.0344271 0.00876661 0.0114995 0.0109086 0.011091 0.0261208 0.00883394 0.0133514 0.0350492 0.0199604 0.0282818 0.0391518 0.0104399 0.0158606 0.00953671 
0.0118324 0.0130009 0.0245692 0.0168864 0.0100783 0.00850033 0.010333 0.0263049 0.0160972 0.00982251 0.00837736 0.00925978 0.0167671 0.0187776 0.0298197 0.0157546 0.0102383 0.00846692 0.00894602 0.0112483 0.0100157 0.0116771 0.0111363 0.0121762 0.00990171 0.0138817 0.0322189 0.0519083 0.0236902 0.0214326 0.0391051 0.31284 0.0299449 0.0032056 0.00318129 0 0.0031566 0.00318184 0.00316889 0.003447 0.00441688 0.0188589 0.0369229 0.00690792 0.00717657 0.0091609 0.0121649 0.0145927 0.01003 0.00860628 0.0105189 0.0217439 0.0406268 0.0548141 0.0126781 0.010047 0.0101859 0.0092314 
0.0110007 0.0147553 0.0201146 0.0150811 0.0100473 0.00838854 0.0125104 0.0178329 0.0166819 0.0094426 0.00831725 0.0103815 0.0122221 0.0230363 0.0173223 0.0166716 0.00957353 0.00851223 0.00971696 0.00975606 0.0114187 0.00955397 0.0133377 0.0102372 0.0100787 0.012235 0.0334698 0.0381467 0.0231203 0.014878 0.0747743 0.0728177 0.132245 0.00316539 0.00320965 0.0031566 0 0.00315069 0.00317067 0.00320891 0.0525699 0.0322278 0.0110398 0.00466163 0.00703752 0.00995184 0.0139537 0.0126951 0.0088727 0.00900279 0.011592 0.0222982 0.161 0.0198885 0.0117909 0.0106006 0.00930729 0.0104572 
0.0105246 0.00971263 0.0101157 0.0120223 0.00922283 0.00890215 0.00877553 0.00978083 0.0138747 0.00903367 0.00851965 0.00862186 0.0102457 0.00956006 0.0112092 0.0141654 0.00936287 0.0086619 0.00880533 0.00893218 0.00854003 0.00872213 0.00878065 0.013483 0.00911158 0.0111137 0.0177303 0.0481824 0.0176959 0.0188532 0.0260938 0.122804 0.0358428 0.00323742 0.00320498 0.00318184 0.00315069 0 0.0032376 0.011187 0.0241614 0.00526075 0.00415822 0.00431032 0.00825983 0.0109991 0.00916859 0.0113698 0.00961252 0.00858631 0.0125469 0.0978514 0.0130479 0.0191863 0.0124417 0.00919436 0.017718 0.00899125 
0.00935606 0.00898319 0.00867422 0.00869988 0.0102583 0.0087246 0.00854121 0.00855803 0.00946735 0.0098235 0.00904247 0.0088512 0.0082686 0.00902018 0.00872995 0.00968815 0.010373 0.00992235 0.00868618 0.00834526 0.00836279 0.00819447 0.00892732 0.00854565 0.0117769 0.0180616 0.0111708 0.0123584 0.0358273 0.0285539 0.0116882 0.0146638 0.106584 0.00422906 0.00325518 0.00316889 0.00317067 0.0032376 0 0.043483 0.003737 0.00330794 0.00330811 0.00428187 0.0183285 0.00772192 0.0073468 0.00828198 0.00854127 0.0193785 0.0594274 0.00936681 0.0103468 0.00988884 0.020954 0.0245077 0.00857571 0.0130995 
0.0087422 0.00852263 0.00828699 0.00809782 0.00880536 0.00855774 0.00793228 0.00824596 0.00821919 0.00975683 0.00837558 0.00788803 0.00827219 0.008126 0.00868809 0.00841387 0.0110939 0.00857337 0.00803203 0.00802082 0.00793012 0.00834061 0.00815895 0.00909294 0.0127467 0.0115443 0.00992794 0.0104128 0.0176611 0.0170331 0.0111856 0.0115068 0.0193712 0.00470387 0.00401311 0.003447 0.00320891 0.011187 0.043483 0 0.00317315 0.00320782 0.00342959 0.00949353 0.00474426 0.00429782 0.00616138 0.0116218 0.336669 0.1552 0.00817042 0.00897254 0.0079501 0.00853208 0.0161284 0.00917348 0.00959493 0.0130726 
0.00809107 0.00888832 0.00845962 0.00848114 0.00810708 0.00796811 0.00842627 0.0083436 0.00864032 0.00824885 0.00793331 0.00828476 0.00802088 0.00911827 0.00844778 0.00905294 0.00835131 0.00801797 0.00839545 0.00801432 0.00823674 0.00808625 0.00866226 0.00864697 0.00850278 0.00980798 0.0118839 0.0117255 0.00990235 0.0120431 0.0161925 0.0139135 0.00980335 0.0049917 0.00531277 0.00441688 0.0525699 0.0241614 0.003737 0.00317315 0 0.00319524 0.00352123 0.00320191 0.0036864 0.0052997 0.00834142 0.802353 0.0409715 0.00613243 0.00691914 0.008656 0.00857452 0.0100644 0.008253 0.00973466 0.00914966 0.00884763 
0.00820336 0.00808618 0.00873572 0.00817566 0.00803708 0.00802557 0.00797163 0.00896688 0.00823284 0.00808594 0.00797275 0.00789499 0.00834036 0.00821419 0.00962296 0.00841341 0.00817869 0.00808022 0.00802001 0.0083257 0.0079848 0.00840297 0.00836238 0.00835592 0.00816571 0.00874957 0.0110134 0.00996269 0.00898111 0.00971878 0.0112829 0.0108709 0.00877801 0.00588534 0.00582719 0.0188589 0.0322278 0.00526075 0.00330794 0.00320782 0.00319524 0 0.00321737 0.00318535 0.00392168 0.00784645 0.886603 0.0485483 0.00532708 0.00486025 0.00638873 0.00800963 0.00895459 0.007721 0.00732411 0.0089583 0.00871755 0.0083521 
0.00807201 0.00832561 0.00817228 0.00816271 0.00806825 0.00809936 0.00816957 0.00801131 0.00834174 0.0080773 0.00810285 0.00823543 0.00791232 0.00824775 0.00822898 0.00862772 0.00818005 0.00836453 0.00840508 0.00793283 0.00801603 0.00801397 0.008199 0.00820963 0.00818177 0.0094702 0.0100666 0.0107741 0.00900392 0.0104456 0.0118927 0.0125229 0.00957607 0.00680476 0.0360846 0.0369229 0.0110398 0.00415822 0.00330811 0.00342959 0.00352123 0.00321737 0 0.00335092 0.00532857 0.989081 0.0082502 0.00462477 0.00545409 0.00463049 0.00656799 0.00843471 0.00698819 0.00704102 0.0067433 0.00934142 0.00900081 0.00841455 
0.00857519 0.00794236 0.00797784 0.00789609 0.00805413 0.00859454 0.00787798 0.00790873 0.00799358 0.00819072 0.00872785 0.00794832 0.00791556 0.00792387 0.00812195 0.00813889 0.00842408 0.00944608 0.0080515 0.00792785 0.00789828 0.0079185 0.00799989 0.00799694 0.00837459 0.0118318 0.00960499 0.008834 0.0102031 0.0157134 0.00900749 0.00929528 0.0123207 0.0419102 0.0344271 0.00690792 0.00466163 0.00431032 0.00428187 0.00949353 0.00320191 0.00318535 0.00335092 0 0.993742 0.00525996 0.00352274 0.00339004 0.0035274 0.00505225 0.00893431 0.0065141 0.0059074 0.00595478 0.00717118 0.0123756 0.00832456 0.00864987 
0.00874259 0.00901088 0.0086824 0.00869408 0.00958636 0.00902268 0.00814846 0.00856538 0.00864902 0.0106109 0.00857341 0.00800549 0.00842268 0.00828257 0.00898091 0.00906609 0.0114658 0.00891455 0.008178 0.0081814 0.00802641 0.00836068 0.00820652 0.00947243 0.0125711 0.0162645 0.0113737 0.0112442 0.0178084 0.0329442 0.0143813 0.0121556 0.0214661 0.0154059 0.00876661 0.00717657 0.00703752 0.00825983 0.0183285 0.00474426 0.0036864 0.00392168 0.00532857 0.993742 0 0.00323707 0.00320133 0.00318346 0.00334737 0.00386004 0.00602012 0.00612345 0.00638064 0.00727175 0.0593969 0.0142494 0.0109917 0.0148918 
0.0087169 0.0100612 0.01125 0.00965135 0.00857755 0.00809302 0.00985271 0.0103427 0.0106833 0.00867076 0.00812184 0.008854 0.00878821 0.0121239 0.0102898 0.0116393 0.00875132 0.00827144 0.00895181 0.00837582 0.00881941 0.00860841 0.00993414 0.00916429 0.00970256 0.0143522 0.0369337 0.0237369 0.0124597 0.0241884 0.0511402 0.0216036 0.0118004 0.0110603 0.0114995 0.0091609 0.00995184 0.0109991 0.00772192 0.00429782 0.0052997 0.00784645 0.989081 0.00525996 0.00323707 0 0.00318098 0.00318258 0.00326388 0.00324611 0.00490738 0.00671344 0.00677704 0.0362738 0.050709 0.0168587 0.0129273 0.0106321 
0.00940397 0.010229 0.0143849 0.0116797 0.00895037 0.0084827 0.00931099 0.0144774 0.0119347 0.00876256 0.00828231 0.00846521 0.0144256 0.0135665 0.0185435 0.0113989 0.00883292 0.00842119 0.00849653 0.0100004 0.00924206 0.0106608 0.0107214 0.0108041 0.00876839 0.0135969 0.0288908 0.0308526 0.0161737 0.0165875 0.0333694 0.025395 0.0121395 0.0102974 0.0109086 0.0121649 0.0139537 0.00916859 0.0073468 0.00616138 0.00834142 0.886603 0.0082502 0.00352274 0.00320133 0.00318098 0 0.00316105 0.00317934 0.00317011 0.00414361 0.00646039 0.026286 0.050071 0.0132867 0.0109621 0.0118948 0.00951137 
0.00936131 0.0104635 0.0126862 0.00979121 0.0088218 0.00814883 0.00940417 0.013095 0.0104929 0.00883732 0.00810883 0.00904505 0.0101995 0.0136728 0.0136605 0.0103362 0.00888511 0.00819453 0.00878628 0.00913929 0.00925993 0.00898358 0.0108585 0.0089776 0.00879459 0.0114978 0.0251797 0.0240539 0.0142123 0.0147508 0.0241913 0.024887 0.0108038 0.0105892 0.011091 0.0145927 0.0126951 0.0113698 0.00828198 0.0116218 0.802353 0.0485483 0.00462477 0.00339004 0.00318346 0.00318258 0.00316105 0 0.0031567 0.0031677 0.00358597 0.0423455 0.0629637 0.0317093 0.00979407 0.0109927 0.00975953 0.00958417 
0.00863738 0.00881476 0.00862153 0.00865686 0.00824094 0.00833445 0.00827931 0.00849633 0.00931193 0.00820995 0.00817991 0.0081878 0.00831054 0.00843657 0.00870888 0.00954254 0.00831037 0.008231 0.00827546 0.00814331 0.00813236 0.00823347 0.00833098 0.00879969 0.00831464 0.0101613 0.0119582 0.0216964 0.0108374 0.0128138 0.0160566 0.0206719 0.0102896 0.00914888 0.0261208 0.01003 0.0088727 0.00961252 0.00854127 0.336669 0.0409715 0.00532708 0.00545409 0.0035274 0.00334737 0.00326388 0.00317934 0.0031567 0 0.00319654 0.00896361 0.0577779 0.0113055 0.00557448 0.00558726 0.0112611 0.0153684 0.00874589 
0.0087462 0.00813798 0.00816408 0.00814121 0.00834462 0.00814217 0.00813004 0.00801816 0.00824557 0.00835315 0.00814048 0.00802688 0.00792035 0.00820612 0.00818474 0.00834734 0.00854368 0.00840715 0.00810718 0.00792685 0.00801515 0.00791961 0.00817027 0.0081184 0.00884627 0.0117688 0.00927802 0.0100701 0.0155256 0.0160062 0.00993854 0.0111665 0.0144955 0.025987 0.00883394 0.00860628 0.00900279 0.00858631 0.0193785 0.1552 0.00613243 0.00486025 0.00463049 0.00505225 0.00386004 0.00324611 0.00317011 0.0031677 0.00319654 0 0.160306 0.00770449 0.00356839 0.00390525 0.00493138 0.0129536 0.00865565 0.00954767 
0.00898541 0.00962205 0.00887332 0.00889922 0.00923971 0.00856739 0.00840709 0.00837127 0.00894346 0.00989598 0.00840355 0.00821626 0.00810484 0.00892361 0.00854652 0.00909657 0.0106992 0.00861535 0.0082609 0.00810877 0.00817619 0.0082336 0.00844632 0.00841828 0.0149166 0.0199996 0.0128189 0.0115841 0.0233409 0.0355095 0.0168948 0.0120185 0.0221732 0.020896 0.0133514 0.0105189 0.011592 0.0125469 0.0594274 0.00817042 0.00691914 0.00638873 0.00656799 0.00893431 0.00602012 0.00490738 0.00414361 0.00358597 0.00896361 0.160306 0 0.00322003 0.00320465 0.0032088 0.00348341 0.223977 0.0101703 0.0325896 
0.00902795 0.00920473 0.0114886 0.0100142 0.00853584 0.00826957 0.00867175 0.0109044 0.0101668 0.00866451 0.00816697 0.00821545 0.0101508 0.00938851 0.014814 0.010615 0.00890038 0.00817444 0.00839029 0.00839736 0.00852213 0.00892758 0.0085434 0.0112696 0.0087594 0.014045 0.0353299 0.0265866 0.0125329 0.0247854 0.0515343 0.0336963 0.0112348 0.0173308 0.0350492 0.0217439 0.0222982 0.0978514 0.00936681 0.00897254 0.008656 0.00800963 0.00843471 0.0065141 0.00612345 0.00671344 0.00646039 0.0423455 0.0577779 0.00770449 0.00322003 0 0.00320621 0.00317507 0.00352542 0.0160816 0.238033 0.00976453 
0.0103614 0.0110891 0.0139775 0.0120739 0.00924245 0.00839393 0.0105118 0.0117812 0.0140018 0.00885593 0.00808591 0.00927105 0.0094989 0.020949 0.012097 0.0162778 0.00890572 0.00825441 0.00872585 0.00922194 0.00991386 0.00890692 0.0134378 0.00906812 0.00922731 0.0124847 0.0289952 0.0327654 0.0173508 0.0163981 0.0448044 0.0313567 0.0125186 0.0137419 0.0199604 0.0406268 0.161 0.0130479 0.0103468 0.0079501 0.00857452 0.00895459 0.00698819 0.0059074 0.00638064 0.00677704 0.026286 0.0629637 0.0113055 0.00356839 0.00320465 0.00320621 0 0.00316369 0.00315956 0.133962 0.0115092 0.0326805 
0.00893767 0.00920028 0.00997194 0.0106671 0.00860581 0.00815834 0.00871999 0.00938268 0.0112578 0.00875952 0.00806101 0.00835365 0.00892169 0.00890495 0.0110817 0.0116709 0.0089965 0.00816491 0.00833269 0.00828711 0.00830732 0.00830837 0.00857042 0.0102001 0.00872074 0.00995788 0.0181862 0.0390913 0.0170069 0.0124861 0.0274289 0.049756 0.013224 0.011116 0.0282818 0.0548141 0.0198885 0.0191863 0.00988884 0.00853208 0.0100644 0.007721 0.00704102 0.00595478 0.00727175 0.0362738 0.050071 0.0317093 0.00557448 0.00390525 0.0032088 0.00317507 0.00316369 0 0.00338751 0.0120216 0.178043 0.0115455 
0.0100522 0.0083128 0.00898277 0.00855222 0.00957158 0.00885341 0.00819031 0.00850478 0.00913721 0.00933025 0.00894935 0.00817366 0.00823398 0.00852745 0.00898708 0.00913682 0.0100899 0.0092245 0.00826066 0.00817239 0.00816376 0.00817325 0.00834339 0.00875074 0.0100204 0.0156639 0.0103649 0.0153019 0.0256575 0.0255256 0.011868 0.0167578 0.0215998 0.0298495 0.0391518 0.0126781 0.0117909 0.0124417 0.020954 0.0161284 0.008253 0.00732411 0.0067433 0.00717118 0.0593969 0.050709 0.0132867 0.00979407 0.00558726 0.00493138 0.00348341 0.00352542 0.00315956 0.00338751 0 0.0150792 0.0126955 0.18386 
0.00868435 0.00912948 0.00839022 0.00862942 0.00851685 0.00796625 0.00874911 0.0082032 0.00841051 0.00906744 0.00805215 0.0083276 0.00801232 0.00849728 0.00823748 0.00858524 0.00913521 0.00803184 0.0082323 0.00795024 0.00804459 0.00793132 0.00878891 0.00796626 0.0110287 0.0124702 0.0101417 0.00918566 0.0158292 0.0158485 0.0126971 0.00967371 0.0179505 0.0162029 0.0104399 0.010047 0.0106006 0.00919436 0.0245077 0.00917348 0.00973466 0.0089583 0.00934142 0.0123756 0.0142494 0.0168587 0.0109621 0.0109927 0.0112611 0.0129536 0.223977 0.0160816 0.133962 0.0120216 0.0150792 0 0.0032398 0.00409808 
0.00817885 0.00823692 0.00848818 0.00828546 0.00802165 0.00820841 0.00811329 0.00833862 0.00823486 0.00805146 0.0079977 0.00795284 0.00823536 0.0080457 0.00864495 0.00835591 0.0080741 0.00807208 0.00804521 0.00798954 0.00798019 0.00818027 0.00797621 0.00887647 0.00803116 0.00854216 0.00991053 0.0119285 0.00854441 0.00963832 0.012965 0.0159843 0.00903342 0.00977588 0.0158606 0.0101859 0.00930729 0.017718 0.00857571 0.00959493 0.00914966 0.00871755 0.00900081 0.00832456 0.0109917 0.0129273 0.0118948 0.00975953 0.0153684 0.00865565 0.0101703 0.238033 0.0115092 0.178043 0.0126955 0.0032398 0 0.00323432 
0.00839668 0.00827576 0.00819601 0.00819483 0.00835004 0.00822178 0.00834797 0.00811606 0.00848053 0.00816709 0.00813256 0.00825712 0.00792113 0.00833006 0.00821888 0.00871869 0.00829141 0.00835298 0.00832361 0.00791821 0.00808664 0.00793427 0.00864739 0.00802225 0.00841375 0.0114005 0.00925406 0.00898085 0.0106652 0.0153451 0.00966828 0.00914216 0.0102814 0.0157793 0.00953671 0.0092314 0.0104572 0.00899125 0.0130995 0.0130726 0.00884763 0.0083521 0.00841455 0.00864987 0.0148918 0.0106321 0.00951137 0.00958417 0.00874589 0.00954767 0.0325896 0.00976453 0.0326805 0.0115455 0.18386 0.00409808 0.00323432 0 
