1KTCA
LENGLARTPPMGWLAWERFRCNVNCREDPRQCISEMLFMEMADRIAEDGWRELGYKYINIDDCWAAKQRDAEGRLVPDPERFPRGIKALADYVHARGLKLGIYGDLGRLTCGGYPGTTLDRVEQDAQTFAEWGVDMLKLDGCYSSGKEQAQGYPQMARALNATGRPIVYSCSWPAYQGGLPPKVNYTLLGEICNLWRNYDDIQDSWDSVLSIVDWFFTNQDVLQPFAGPGHWNDPDMLIIGNFGLSYEQSRSQMALWTIMAAPLLMSTDLRTISPSAKKILQNRLMIQINQDPLGIQGRRIIKEGSHIEVFLRPLSQAASALVFFSRRTDMPFRYTTSLAKLGFPMGAAYEVQDVYSGKIISGLKTGDNFTVIINPSGVVMWYLCPKA
CCCCCCCCCCEEEECHHHHCCCCCCCCCCCCCCCHHHHHHHHHHHHHCCHHHHCCCEEECCCCCECCCCCCCCCCCECCCCCCCHHHHHHHHHHCCCCEEEEEEEECCECCCCCECECHHHHHHHHHHHHHHCCCEEEEECCCCCHHHHHHHHHHHHHHHHHCCCCCEEEECHHHHCCCCCCCCCHHHHHHHCCEEECCCCCCCCHHHHHHHHHHHHHCHHHCHHHCECCEEEECCCECCCCCCCCHHHHHHHHHHHHHCCCCEEECCCCCCCCHHHHHHHCCHHHHHHHCCCCCCCCEEEEECCCCEEEEEEECCCCCEEEEEEECCCCCCEEEEEEHHHHCCCCCCEEEEEECCCCCEEEEEECCCEEEEEECCCCEEEEEEEECC
0 0 0 0 0 0 0 0 0 0 0 0 0 0 0 0 0 0 0 0 0 0 0 0 0 0 0 0 0 0 0 0 0 0 0 0 0 0 0 0 0 0 0 0 0 0 0 0 0 0 0 0 0 0 0 0 0 0 0 0 0 0 0 0 0 0 0 0 0 0 0 0 0 0 0 0 0 0 0 0 0 0 0 0 0 0 0 0 0 0 0 0 0 0 0 0 0 0 0 0 0 0 0 0 0 0 0 0 0 0 0 0 0 0 0 0 0 0 0 0 0 0 0 0 0 0 0 0 0 0 0 0 0 0 0 0 0 0 0 0 0 0 0 0 0 0 0 0 0 0 0 0 0 0 0 0 0 0 0 0 0 0 0 0 0 0 0 0 0 0 0 0 0 0 0 0 0 0 0 0 0 0 0 0 0 0 0 0 0 0 0 0 0 0 0 0 0 0 0 0 0 0 0 0 0 0 0 0 0 0 0 0 0 0 0 0 0 0 0 0 0 0 0 0 0 0 0 0 0 0 0 0 0 0 0 0 0 0 0 0 0 0 0 0 0 0 0 0 0 0 0 0 0 0 0 0 0 0 0 0 0 0 0 0 0 0 0 0 0 0 0 0 0 0 0 0 0 0 0 0 0 0 0 0 0 0 0 0 0 0 0 0 0 0 0 0 0 0 0 0 0 0 0 0 0 0 0 0 0 0 0 0 0 0 0 0 0 0 0 0 0 0 0 0 0 0 0 0 0 0 0 0 0 0 0 0 0 0 0 0 0 0 0 0 0 0 0 0 0 0 0 0 0 0 0 0 0 0 0 0 0 0 0 0 0 0 0 0 0 0 0 0 0 0 0 0 0 0 0 0 0 0 0 0 0 0 0 0 
0 0 0 0 0 0 0 0 0 0 0 0 0 0 0 0 0 0 0 0 0 0 0 0 0 0 0 0 0 0 0 0 0 0 0 0 0 0 0 0 0 0 0 0 0 0 0 0 0 0 0 0 0 0 0 0 0 0 0 0 0 0 0 0 0 0 0 0 0 0 0 0 0 0 0 0 0 0 0 0 0 0 0 0 0 0 0 0 0 0 0 0 0 0 0 0 0 0 0 0 0 0 0 0 0 0 0 0 0 0 0 0 0 0 0 0 0 0 0 0 0 0 0 0 0 0 0 0 0 0 0 0 0 0 0 0 0 0 0 0 0 0 0 0 0 0 0 0 0 0 0 0 0 0 0 0 0 0 0 0 0 0 0 0 0 0 0 0 0 0 0 0 0 0 0 0 0 0 0 0 0 0 0 0 0 0 0 0 0 0 0 0 0 0 0 0 0 0 0 0 0 0 0 0 0 0 0 0 0 0 0 0 0 0 0 0 0 0 0 0 0 0 0 0 0 0 0 0 0 0 0 0 0 0 0 0 0 0 0 0 0 0 0 0 0 0 0 0 0 0 0 0 0 0 0 0 0 0 0 0 0 0 0 0 0 0 0 0 0 0 0 0 0 0 0 0 0 0 0 0 0 0 0 0 0 0 0 0 0 0 0 0 0 0 0 0 0 0 0 0 0 0 0 0 0 0 0 0 0 0 0 0 0 0 0 0 0 0 0 0 0 0 0 0 0 0 0 0 0 0 0 0 0 0 0 0 0 0 0 0 0 0 0 0 0 0 0 0 0 0 0 0 0 0 0 0 0 0 0 0 0 0 0 0 0 0 0 0 0 0 0 0 0 0 0 0 0 0 0 0 0 0 0 0 0 0 0 0 
0 0.00328691 0.00328665 0.0043064 0.0784096 0.0173171 0.0214425 0.0115029 0.0115079 0.00867126 0.0105688 0.00973499 0.00978247 0.00933498 0.00918061 0.00883166 0.0108631 0.0089054 0.00852028 0.00987106 0.00907969 0.0086001 0.00871083 0.00852433 0.00909639 0.00810668 0.00825034 0.00834281 0.00853588 0.00806005 0.00800943 0.0081024 0.00795683 0.00789451 0.00810265 0.0079891 0.00800213 0.00816413 0.00812585 0.00823163 0.00839164 0.0081701 0.00824236 0.00824686 0.00819869 0.00834609 0.00832225 0.00824272 0.008619 0.00836383 0.0083574 0.0081818 0.00842257 0.00851691 0.00833107 0.00870458 0.00871472 0.00875932 0.00833694 0.00855772 0.00820189 0.00821703 0.00833518 0.00832721 0.00827017 0.00864243 0.00827805 0.00833309 0.00830731 0.00869254 0.00825649 0.00854694 0.00846005 0.00826826 0.00853297 0.00858835 0.00841891 0.00880299 0.0084412 0.00857873 0.00854529 0.00905355 0.00861295 0.00958178 0.00847936 0.00868744 0.00959961 0.00904797 0.00907981 0.00936469 0.00867418 0.00948442 
0.00328691 0 0.00326477 0.00315818 0.185574 0.079517 0.016215 0.00896947 0.00886906 0.0083216 0.0118421 0.0148622 0.0138472 0.0120021 0.0121198 0.0112676 0.00884535 0.00794305 0.00808767 0.00817832 0.00922021 0.0109204 0.0106771 0.00967898 0.0082817 0.00823698 0.0088771 0.00884528 0.00810457 0.00809749 0.00824254 0.00813776 0.00780643 0.00799243 0.00825687 0.00809943 0.00805765 0.00803781 0.0081543 0.00853256 0.0083039 0.00812942 0.00835991 0.00828016 0.00833835 0.00821848 0.00822149 0.00841382 0.00848157 0.00845627 0.00831029 0.00830941 0.00820511 0.00819865 0.00870008 0.00876437 0.00883033 0.00877147 0.00864311 0.00836128 0.00817501 0.00827839 0.00840892 0.00830901 0.00837974 0.0083783 0.00820073 0.00847181 0.00836546 0.00858677 0.00839113 0.00834 0.0083143 0.00833556 0.00837378 0.00838698 0.00846117 0.00838836 0.00835947 0.008756 0.00850369 0.00923054 0.0087233 0.00880168 0.00868884 0.00943453 0.00946356 0.00949907 0.00947636 0.00908311 0.00900611 0.00872288 
0.00328665 0.00326477 0 0.00326153 0.0166537 0.401271 0.0424623 0.00986069 0.00871509 0.00910324 0.0119683 0.0121501 0.0146724 0.0128761 0.0133948 0.0145838 0.00965055 0.00802502 0.0082476 0.00849067 0.00935016 0.010006 0.00998725 0.00999705 0.00873376 0.00827208 0.00906749 0.00915066 0.00820913 0.00805607 0.00842633 0.00816358 0.00780138 0.00799795 0.00834157 0.0081227 0.00801391 0.00799834 0.00816918 0.00871339 0.00830643 0.00816907 0.00831028 0.00829042 0.00830959 0.00816539 0.00832267 0.00848739 0.00850473 0.00853485 0.00829909 0.00828031 0.0081609 0.00854039 0.00871807 0.00887095 0.00896043 0.00896854 0.00862024 0.00835461 0.00823289 0.00829589 0.00838785 0.00838545 0.00833795 0.00826634 0.0082494 0.00843868 0.00847556 0.00875269 0.00843433 0.00836701 0.00844319 0.00846187 0.00857569 0.00853085 0.00849711 0.00836101 0.00841913 0.00871564 0.00872342 0.00928506 0.00876259 0.00873862 0.00888314 0.00953434 0.00972922 0.00978515 0.00981066 0.00938366 0.009288 0.00858224 
0.0043064 0.00315818 0.00326153 0 0.0194981 0.0151461 0.409064 0.0132878 0.011462 0.00969318 0.00940755 0.00933052 0.0095438 0.00936435 0.00901977 0.00912009 0.00971513 0.00882919 0.0097219 0.0103978 0.0108441 0.00846017 0.00847089 0.00911274 0.00887097 0.00881894 0.008501 0.00829612 0.00826561 0.00840721 0.00800694 0.0081119 0.00815544 0.00806828 0.00798516 0.00793019 0.00798565 0.00842735 0.00855729 0.00838909 0.00837421 0.00837248 0.00826179 0.0082114 0.008242 0.00819518 0.00869535 0.0083424 0.0083601 0.00829623 0.00828306 0.00822133 0.00821632 0.00872885 0.00843217 0.00843885 0.00853752 0.00859406 0.00857666 0.00870417 0.00854711 0.00825669 0.00832372 0.00829352 0.00832971 0.00859211 0.00888044 0.0084914 0.00833225 0.00841158 0.00830124 0.00836191 0.00929554 0.00836175 0.0083199 0.00835757 0.00834698 0.00864689 0.00899154 0.00870327 0.00850574 0.00870389 0.00855347 0.00886043 0.00948645 0.00871232 0.00879917 0.00879343 0.00881366 0.00876551 0.00861138 0.00872845 
0.0784096 0.185574 0.0166537 0.0194981 0 0.00344754 0.00337515 0.010819 0.0276921 0.106811 0.0165293 0.0162103 0.0119974 0.0114088 0.0110906 0.00999513 0.0166872 0.0132504 0.0121762 0.0145082 0.0151505 0.0104679 0.0102413 0.00980187 0.011645 0.0102884 0.00878307 0.00872759 0.0104175 0.00864537 0.00808456 0.00919547 0.00833351 0.00839124 0.00809484 0.00800709 0.00801867 0.00883075 0.00844419 0.00824625 0.00834438 0.00813303 0.00841318 0.00820287 0.00820518 0.00832489 0.00855548 0.00837861 0.0083706 0.00831554 0.0082702 0.00822206 0.00828618 0.00843304 0.00849338 0.00848596 0.00850044 0.00843411 0.0083491 0.00842917 0.00836268 0.00822451 0.00837048 0.00820564 0.00850695 0.00842358 0.00832342 0.00872174 0.00828756 0.00860321 0.0082495 0.00850447 0.00865198 0.00840668 0.00828932 0.00829115 0.00841442 0.00859247 0.00848545 0.00891697 0.00839075 0.00901753 0.00843883 0.0094551 0.00861717 0.00857782 0.00855796 0.00849921 0.00850863 0.0085011 0.00855281 0.00911811 
0.0173171 0.079517 0.401271 0.0151461 0.00344754 0 0.0034173 0.0106221 0.0202185 0.0105656 0.147269 0.0136258 0.0240685 0.0120037 0.0159531 0.0215013 0.0105529 0.0094944 0.00957697 0.0095871 0.0115562 0.0226568 0.0102494 0.0203895 0.0090364 0.00880253 0.0108933 0.0103432 0.00872044 0.00814408 0.00903249 0.00817541 0.00791789 0.0078477 0.00827225 0.00818812 0.0079995 0.00809421 0.00833718 0.00869041 0.00832222 0.00810267 0.00831519 0.00823471 0.00825432 0.00808604 0.00830189 0.00859131 0.00841251 0.00844834 0.00827686 0.00818505 0.00820849 0.00833225 0.00868784 0.00865849 0.00876833 0.00869462 0.00869458 0.00843013 0.0082751 0.00838387 0.0082922 0.00839246 0.00842556 0.00836251 0.00828433 0.00859554 0.00847964 0.00835794 0.00850366 0.00843507 0.00839997 0.00848689 0.00831051 0.0083368 0.00849743 0.00844019 0.00832859 0.00875784 0.00852344 0.00870327 0.00884881 0.00868916 0.00862908 0.00903914 0.0088954 0.00886345 0.0088543 0.00877944 0.00878772 0.00851795 
0.0214425 0.016215 0.0424623 0.409064 0.00337515 0.0034173 0 0.0118547 0.0136682 0.0462735 0.0104221 0.0389086 0.0163199 0.0180553 0.0136922 0.0178866 0.0241975 0.0116863 0.0141075 0.0137715 0.020761 0.0104097 0.0141019 0.0109791 0.0182188 0.0124171 0.0100256 0.0113339 0.00914411 0.0110646 0.0083276 0.00859133 0.00832381 0.00829419 0.00806672 0.00809668 0.0080819 0.00870543 0.00870554 0.00848397 0.00817219 0.00825588 0.00823124 0.00820167 0.00812282 0.0079838 0.00861405 0.0083358 0.00833963 0.00828997 0.00818303 0.0081536 0.00802404 0.00879972 0.008498 0.00850859 0.00863422 0.00859023 0.00838282 0.00836599 0.00840322 0.00823094 0.00823366 0.00826049 0.00820166 0.0082039 0.00859809 0.0083464 0.0083277 0.00826987 0.00821983 0.00826087 0.00890531 0.00837223 0.00838284 0.00827365 0.00822402 0.00827778 0.00881953 0.00845497 0.00848407 0.00848609 0.00847394 0.00837238 0.00914106 0.0087846 0.00876867 0.00871229 0.00867924 0.00847148 0.00838889 0.00831513 
0.0115029 0.00896947 0.00986069 0.0132878 0.010819 0.0106221 0.0118547 0 0.839321 0.0127278 0.0120144 0.00922538 0.0102657 0.00969604 0.00905892 0.00993306 0.0130713 0.0238564 0.019608 0.0283759 0.0106198 0.0087755 0.00832071 0.00924077 0.00982135 0.00991218 0.00811482 0.00821799 0.00876782 0.00849119 0.00791092 0.00823731 0.00877137 0.00790304 0.00786773 0.00780606 0.00791352 0.00922161 0.00823536 0.00803261 0.00813144 0.00829535 0.00804219 0.00797967 0.00801529 0.00818212 0.00843819 0.00810178 0.00806386 0.00810716 0.00805223 0.00794724 0.0081379 0.00849239 0.00816624 0.00818392 0.00820709 0.00820516 0.00815655 0.00831092 0.00857359 0.00818005 0.00821231 0.00817145 0.00820553 0.00846287 0.00884238 0.00830634 0.00822317 0.00826871 0.00815262 0.00832505 0.00932166 0.00829214 0.0082546 0.00825161 0.00823407 0.00863417 0.00893785 0.00838103 0.00829986 0.00834624 0.0083746 0.00916012 0.00876817 0.00833935 0.00851044 0.00831948 0.00829439 0.00838008 0.00834637 0.00912311 
0.0115079 0.00886906 0.00871509 0.011462 0.0276921 0.0202185 0.0136682 0.839321 0 0.0172327 0.0121086 0.0112158 0.0101035 0.0109346 0.0116154 0.0106888 0.0171475 0.0460962 0.0206234 0.0643136 0.0132518 0.0101798 0.0084571 0.00906354 0.00984616 0.0125412 0.0084282 0.00812023 0.00907407 0.00952439 0.0080349 0.00832126 0.0102981 0.00828867 0.00790668 0.0078543 0.00790594 0.0105336 0.00883303 0.00798074 0.00810724 0.00856039 0.00812161 0.00796964 0.00800034 0.00813478 0.00901913 0.00817415 0.00801588 0.00803493 0.00797341 0.00794093 0.00804926 0.00892282 0.00814274 0.00807198 0.00809496 0.00808532 0.00804523 0.00819205 0.00874821 0.00817733 0.00813704 0.00809706 0.00808642 0.00823404 0.0089956 0.00839736 0.00818324 0.00823965 0.00805938 0.00828606 0.00934304 0.00839455 0.00821759 0.00819961 0.00821324 0.00839686 0.00910772 0.00856327 0.00828983 0.0084113 0.00827861 0.00903369 0.00904714 0.00835708 0.00824878 0.00825713 0.00824283 0.00826084 0.00833682 0.00885745 
0.00867126 0.0083216 0.00910324 0.00969318 0.106811 0.0105656 0.0462735 0.0127278 0.0172327 0 0.00329065 0.00320216 0.00315615 0.00355869 0.00381701 0.00504033 0.00737497 0.00985187 0.0141435 0.0147599 0.0283459 0.00945041 0.0133637 0.00993818 0.0203876 0.0126664 0.00869218 0.0106969 0.0100583 0.00904505 0.00830092 0.0111767 0.00841574 0.00881033 0.00784321 0.00831892 0.00821482 0.00863693 0.00820734 0.00802241 0.00854897 0.00865099 0.00800694 0.00821828 0.00804741 0.00842645 0.00814622 0.00814082 0.00804257 0.00802714 0.00810029 0.00804545 0.00837477 0.00858956 0.0081078 0.0082162 0.00814258 0.00816924 0.00808746 0.00841764 0.00810545 0.00826542 0.00801673 0.00835389 0.00813225 0.00865784 0.00846574 0.00816623 0.00851469 0.00810877 0.00822109 0.00835577 0.0084792 0.008167 0.00811761 0.00824882 0.00812834 0.00944275 0.00873907 0.00824662 0.00875893 0.0083078 0.00896205 0.00874904 0.00842087 0.00824293 0.0082801 0.00823683 0.00826194 0.00823819 0.00832215 0.00912949 
0.0105688 0.0118421 0.0119683 0.00940755 0.0165293 0.147269 0.0104221 0.0120144 0.0121086 0.00329065 0 0.00316339 0.00319864 0.00332762 0.00349637 0.00376404 0.00361366 0.00609689 0.0076594 0.0104924 0.022687 0.0812999 0.00999654 0.0475032 0.00947557 0.0114077 0.0260762 0.0108825 0.0127745 0.00863917 0.00978502 0.00873902 0.00786678 0.00792105 0.00891148 0.00856633 0.00807046 0.00859613 0.00824938 0.0085946 0.00830756 0.00798527 0.00853865 0.00821205 0.00818534 0.00799631 0.00842691 0.00841432 0.00850897 0.00849862 0.00817715 0.00815748 0.00794089 0.00837807 0.00851699 0.00860837 0.00873093 0.00860053 0.00832949 0.00813777 0.00818588 0.00810341 0.00848049 0.00818902 0.00828349 0.00803132 0.00814954 0.00880541 0.00826117 0.00878127 0.00811432 0.00822929 0.00827353 0.00827656 0.00818029 0.00827813 0.00834291 0.00819481 0.00816291 0.00898914 0.00830697 0.00911386 0.00836768 0.00868149 0.00835891 0.00862147 0.00866948 0.00862007 0.00855126 0.0085119 0.00839952 0.00833242 
0.00973499 0.0148622 0.0121501 0.00933052 0.0162103 0.0136258 0.0389086 0.00922538 0.0112158 0.00320216 0.00316339 0 0.00342591 0.00316979 0.00319129 0.00317836 0.0032697 0.00453696 0.00717321 0.00752234 0.0607218 0.0134846 0.10808 0.0109944 0.0162235 0.01096 0.0155053 0.0222495 0.00908981 0.00941474 0.00933207 0.00892403 0.00792769 0.00844701 0.00871333 0.00887143 0.00822826 0.00814909 0.00859133 0.00881918 0.00846231 0.00802093 0.0084733 0.00836227 0.00815743 0.00802599 0.00829143 0.00841101 0.00869376 0.00866103 0.00823766 0.00813115 0.00801014 0.00821166 0.00854862 0.00904816 0.00901687 0.0089484 0.0084095 0.00820583 0.00818283 0.00812844 0.00832032 0.00825439 0.00824998 0.00810758 0.00807256 0.00826419 0.00830472 0.00839318 0.00815194 0.00817219 0.00820598 0.00818878 0.00830295 0.00820961 0.00822718 0.00813514 0.00815121 0.0082945 0.00838327 0.00854182 0.00829591 0.00824773 0.00825856 0.00862016 0.00892068 0.00868189 0.00860107 0.00849654 0.00832961 0.00841311 
0.00978247 0.0138472 0.0146724 0.0095438 0.0119974 0.0240685 0.0163199 0.0102657 0.0101035 0.00315615 0.00319864 0.00342591 0 0.00318349 0.00316818 0.00318537 0.00325145 0.00459563 0.0089392 0.00794868 0.0181433 0.138754 0.0207091 0.0573829 0.0125711 0.0113743 0.0262965 0.0148348 0.0121112 0.00911479 0.00952404 0.00943024 0.0078817 0.00815654 0.00917053 0.00897356 0.00841701 0.00832542 0.0086356 0.00899304 0.00873182 0.00800642 0.00857434 0.00835686 0.00829231 0.00799342 0.00836542 0.0085672 0.00893831 0.00898937 0.00829975 0.00811143 0.00798072 0.00835877 0.00877483 0.00930757 0.00948008 0.00930993 0.0084818 0.00819636 0.0082527 0.00812417 0.00835695 0.00821566 0.008281 0.00798479 0.00810997 0.00840263 0.00826465 0.00848482 0.00814419 0.00820896 0.0082023 0.00823956 0.00826665 0.00831147 0.0082598 0.00814076 0.00810619 0.00843141 0.00832505 0.00866595 0.00830255 0.00831561 0.00837367 0.00892518 0.00909403 0.00876503 0.00873083 0.00851772 0.00836815 0.00822792 
0.00933498 0.0120021 0.0128761 0.00936435 0.0114088 0.0120037 0.0180553 0.00969604 0.0109346 0.00355869 0.00332762 0.00316979 0.00318349 0 0.00318249 0.00317811 0.00321486 0.00715626 0.00740706 0.00820698 0.0227646 0.0144991 0.12465 0.0152608 0.0160658 0.0111817 0.015302 0.0173842 0.0100529 0.00899178 0.00915582 0.00937882 0.00796961 0.00818819 0.00866866 0.0087381 0.00835887 0.00810784 0.00849288 0.00887014 0.00842547 0.00796805 0.0082815 0.00826407 0.00815055 0.00795927 0.00822284 0.00837346 0.00871552 0.00857644 0.00819306 0.00814759 0.00792689 0.00820268 0.00845249 0.00875371 0.00888621 0.00883785 0.00834779 0.00808956 0.0079967 0.00808647 0.00831519 0.0082041 0.00826537 0.00799046 0.00803878 0.00827706 0.00824742 0.00838125 0.0081641 0.00815347 0.00810722 0.00821355 0.00825238 0.00823109 0.00826413 0.00813211 0.00811548 0.00833207 0.00828593 0.00854353 0.00830455 0.00826717 0.00834213 0.00858222 0.00870734 0.00860954 0.00857555 0.00845995 0.00837175 0.00826532 
0.00918061 0.0121198 0.0133948 0.00901977 0.0110906 0.0159531 0.0136922 0.00905892 0.0116154 0.00381701 0.00349637 0.00319129 0.00316818 0.00318249 0 0.00316626 0.00317701 0.00537102 0.0101555 0.00929317 0.0170389 0.050427 0.0271891 0.0822501 0.0112212 0.010653 0.020401 0.0140417 0.0107939 0.0090465 0.00947058 0.0091387 0.00801999 0.00808013 0.00888972 0.00875135 0.0082794 0.00821052 0.00860956 0.00883227 0.00835983 0.00797778 0.00838336 0.00826078 0.00808664 0.00789479 0.00823143 0.00849362 0.00853986 0.00848103 0.00814125 0.00810601 0.00792366 0.00846846 0.00844299 0.00867422 0.00871898 0.00868478 0.00827493 0.00801133 0.00809345 0.00808708 0.00826805 0.00812089 0.00825003 0.00796261 0.00807278 0.00829548 0.00820227 0.00834297 0.00811616 0.0081088 0.00817536 0.00821816 0.00819393 0.00827643 0.00825049 0.00810535 0.0081068 0.008357 0.00823487 0.00850032 0.00826844 0.00822283 0.00838277 0.00854646 0.00864505 0.00855215 0.00850332 0.00843253 0.00829321 0.00818696 
0.00883166 0.0112676 0.0145838 0.00912009 0.00999513 0.0215013 0.0178866 0.00993306 0.0106888 0.00504033 0.00376404 0.00317836 0.00318537 0.00317811 0.00316626 0 0.00320164 0.00602615 0.0114164 0.00722117 0.0152432 0.0202953 0.0399682 0.0320134 0.0451201 0.0111772 0.0154979 0.0299195 0.00942011 0.00893862 0.010056 0.00902084 0.00789993 0.00799791 0.00830131 0.00855208 0.00809598 0.00805826 0.00822293 0.00870549 0.00823119 0.00793234 0.00816681 0.00807145 0.00801731 0.00793904 0.00814672 0.00819805 0.0083638 0.00825192 0.0079916 0.00801768 0.00790083 0.00804324 0.00832031 0.00844193 0.00843322 0.00851696 0.00833912 0.00801704 0.00806183 0.00805412 0.00810215 0.00808396 0.00810972 0.00788906 0.00798615 0.00816819 0.00808125 0.00824925 0.0080567 0.00812404 0.00809751 0.00811591 0.00810977 0.00809541 0.00818627 0.00802044 0.00804485 0.00826512 0.00816312 0.00836696 0.0081859 0.00818915 0.00816202 0.00835838 0.00840738 0.00841954 0.0083673 0.00830847 0.00823825 0.00812453 
0.0108631 0.00884535 0.00965055 0.00971513 0.0166872 0.0105529 0.0241975 0.0130713 0.0171475 0.00737497 0.00361366 0.0032697 0.00325145 0.00321486 0.00317701 0.00320164 0 0.0917002 0.0167559 0.0529513 0.0217791 0.0148995 0.010488 0.0235656 0.0380719 0.0201027 0.0103876 0.0106774 0.0134114 0.0114492 0.00865377 0.00986503 0.00899571 0.00832847 0.00805953 0.0081612 0.00838399 0.00934129 0.00908161 0.00811519 0.00882002 0.00810814 0.00800976 0.00796566 0.00799248 0.00806552 0.00837566 0.00812397 0.00809925 0.00805914 0.00795003 0.00792239 0.00799383 0.00856133 0.0081805 0.00813537 0.0081795 0.00819627 0.00805457 0.00819947 0.00810764 0.00800138 0.00805868 0.00803404 0.00801724 0.00800653 0.00845242 0.00816473 0.00804186 0.0081245 0.00797718 0.00809995 0.00850587 0.00809633 0.00810519 0.00811124 0.00811987 0.00823195 0.00839221 0.00824802 0.00815502 0.00819751 0.00815435 0.00846751 0.00866623 0.00825935 0.00828744 0.00821682 0.00822356 0.00819612 0.00824651 0.0083532 
0.0089054 0.00794305 0.00802502 0.00882919 0.0132504 0.0094944 0.0116863 0.0238564 0.0460962 0.00985187 0.00609689 0.00453696 0.00459563 0.00715626 0.00537102 0.00602615 0.0917002 0 0.828255 0.0281583 0.0176843 0.0115039 0.00889508 0.0105272 0.0127921 0.0125897 0.00856179 0.00872997 0.0107062 0.00929803 0.00811789 0.00879424 0.0100748 0.00818797 0.00780257 0.00784011 0.0079738 0.011054 0.0084766 0.00784992 0.00830341 0.00826737 0.00791703 0.0078934 0.00791534 0.00819449 0.00881285 0.00793305 0.00783331 0.00787864 0.00787711 0.00787689 0.00804636 0.00848493 0.00792868 0.00790646 0.00795349 0.00790652 0.00791483 0.00807056 0.00836412 0.00796864 0.00796665 0.00792355 0.00793465 0.00821414 0.00858812 0.00813838 0.00794677 0.00807276 0.00785677 0.00809925 0.00878653 0.00813473 0.00798039 0.00798961 0.00804656 0.00837618 0.00865497 0.00822266 0.00809158 0.00821516 0.00809489 0.00878713 0.00840787 0.0081104 0.00811619 0.00815965 0.00814197 0.00818588 0.00819067 0.00874877 
0.00852028 0.00808767 0.0082476 0.0097219 0.0121762 0.00957697 0.0141075 0.019608 0.0206234 0.0141435 0.0076594 0.00717321 0.0089392 0.00740706 0.0101555 0.0114164 0.0167559 0.828255 0 0.0229751 0.0255619 0.0129606 0.0117128 0.0138669 0.0168591 0.0134703 0.00884198 0.00983722 0.0126655 0.0100147 0.00821147 0.0108018 0.00933475 0.00837085 0.00784847 0.00790688 0.00831233 0.0100844 0.00849253 0.00785768 0.00873085 0.00820281 0.00788625 0.00782788 0.0078332 0.00829778 0.00843528 0.00789166 0.00790538 0.00787063 0.00787844 0.00789745 0.00818543 0.00837918 0.00793098 0.00792104 0.0079535 0.00795226 0.00793182 0.00824348 0.00808825 0.00792141 0.00790607 0.00789681 0.00796247 0.00830971 0.00857442 0.00805956 0.00793779 0.00803548 0.00788218 0.00819428 0.00847325 0.00805486 0.00797398 0.00799149 0.00804018 0.00851165 0.00857542 0.00817738 0.00813895 0.00820546 0.00816325 0.00873575 0.00827361 0.00819006 0.0083238 0.00821603 0.00815483 0.00824267 0.00818229 0.00881498 
0.00987106 0.00817832 0.00849067 0.0103978 0.0145082 0.0095871 0.0137715 0.0283759 0.0643136 0.0147599 0.0104924 0.00752234 0.00794868 0.00820698 0.00929317 0.00722117 0.0529513 0.0281583 0.0229751 0 0.0322986 0.014153 0.0109547 0.0178202 0.04895 0.0180065 0.00950235 0.00910931 0.0144031 0.0124696 0.00853323 0.0101096 0.0133103 0.00893199 0.00799388 0.00796941 0.00825151 0.0148875 0.0104633 0.00801503 0.00916369 0.00861825 0.00809603 0.0079606 0.00793867 0.00843405 0.009377 0.00803652 0.00796306 0.00798669 0.00792646 0.00785532 0.00811814 0.00895374 0.00805003 0.00808707 0.00805824 0.00812063 0.00792334 0.00854947 0.00867492 0.0080307 0.00809019 0.00798023 0.00799996 0.00838022 0.00889601 0.00833258 0.00804283 0.00815035 0.00790139 0.00818157 0.00899325 0.00817533 0.00806988 0.00805708 0.0080929 0.008573 0.00892266 0.00848119 0.00813666 0.00830469 0.00810077 0.00893358 0.00887541 0.0081814 0.00819496 0.00821315 0.00820112 0.00824272 0.00817133 0.00866472 
0.00907969 0.00922021 0.00935016 0.0108441 0.0151505 0.0115562 0.020761 0.0106198 0.0132518 0.0283459 0.022687 0.0607218 0.0181433 0.0227646 0.0170389 0.0152432 0.0217791 0.0176843 0.0255619 0.0322986 0 0.00328058 0.00317998 0.00332399 0.00364965 0.53957 0.0186994 0.021373 0.0274403 0.0165191 0.0104186 0.0218285 0.009145 0.00911813 0.00866822 0.00926837 0.0098552 0.0120064 0.0105136 0.00886767 0.0105693 0.00817146 0.00815211 0.00820694 0.00811936 0.00847027 0.00883494 0.00837987 0.00827917 0.00846828 0.00822196 0.00807724 0.00853461 0.00883318 0.00849631 0.00868139 0.00861897 0.00864476 0.0083858 0.00877179 0.00813454 0.00802638 0.00810124 0.00808359 0.00816738 0.00851126 0.00802639 0.00819236 0.00810541 0.0081745 0.00803387 0.00827374 0.00813011 0.00806967 0.00809545 0.00809997 0.00811752 0.00842549 0.00806883 0.00818914 0.00822834 0.00837077 0.00826678 0.00871979 0.00826283 0.00825171 0.00852179 0.00840456 0.0084596 0.00839716 0.00827451 0.00888342 
0.0086001 0.0109204 0.010006 0.00846017 0.0104679 0.0226568 0.0104097 0.0087755 0.0101798 0.00945041 0.0812999 0.0134846 0.138754 0.0144991 0.050427 0.0202953 0.0148995 0.0115039 0.0129606 0.014153 0.00328058 0 0.00317449 0.00359225 0.00318795 0.0739929 0.442678 0.0206285 0.0241155 0.0102881 0.0234892 0.0103193 0.00814891 0.00833616 0.0108314 0.00987932 0.00896015 0.00890075 0.00915805 0.0100209 0.00887427 0.00790949 0.00862288 0.00834806 0.00852407 0.00810741 0.00829487 0.00860628 0.00930102 0.00880062 0.00840263 0.00828143 0.00801927 0.00814753 0.00887959 0.00910095 0.00941956 0.00897441 0.00853921 0.00809657 0.00802743 0.00811617 0.00836949 0.00816753 0.00830551 0.00806889 0.00796546 0.00837819 0.00820066 0.00849782 0.0080925 0.00812281 0.00799564 0.0081644 0.0081077 0.00816606 0.00820579 0.00811599 0.00800019 0.00842536 0.00821941 0.00863691 0.00823039 0.00831201 0.00821205 0.00850716 0.00871294 0.00858582 0.0086985 0.00845536 0.00832362 0.00832134 
0.00871083 0.0106771 0.00998725 0.00847089 0.0102413 0.0102494 0.0141019 0.00832071 0.0084571 0.0133637 0.00999654 0.10808 0.0207091 0.12465 0.0271891 0.0399682 0.010488 0.00889508 0.0117128 0.0109547 0.00317998 0.00317449 0 0.00318289 0.00315446 0.0901245 0.0667501 0.303047 0.0104582 0.0151078 0.0104817 0.0108089 0.00810128 0.00901476 0.00895967 0.0114893 0.00866772 0.00838258 0.0090658 0.00952334 0.00863682 0.00805515 0.00856862 0.00884022 0.00828402 0.00804212 0.00822006 0.0086855 0.00911837 0.00877163 0.00851253 0.00828038 0.00797975 0.00826362 0.00864094 0.00955114 0.00936776 0.00950023 0.00856265 0.00810872 0.00796948 0.00819381 0.008326 0.00832649 0.00822958 0.00801368 0.00798996 0.00836536 0.00829691 0.00846157 0.0081866 0.00805704 0.00805612 0.00822472 0.0082931 0.0081994 0.00821113 0.00796142 0.00801947 0.00842229 0.00820691 0.00867974 0.00828015 0.0081542 0.0082527 0.00856705 0.00889619 0.00873451 0.00863659 0.00857861 0.00834679 0.00835484 
0.00852433 0.00967898 0.00999705 0.00911274 0.00980187 0.0203895 0.0109791 0.00924077 0.00906354 0.00993818 0.0475032 0.0109944 0.0573829 0.0152608 0.0822501 0.0320134 0.0235656 0.0105272 0.0138669 0.0178202 0.00332399 0.00359225 0.00318289 0 0.00343623 0.029553 0.204128 0.125921 0.148835 0.0120405 0.0348315 0.0111051 0.00894897 0.008475 0.0112327 0.00958314 0.00969598 0.00949389 0.0100118 0.0106067 0.00965195 0.00801018 0.00852383 0.00837223 0.00835444 0.00793369 0.0082926 0.00868291 0.00889533 0.00876866 0.00832973 0.00828714 0.00795646 0.00824507 0.00879858 0.00903357 0.00918149 0.00894462 0.00870488 0.00807403 0.0080454 0.00808222 0.00831655 0.00817652 0.00825528 0.00793361 0.00801395 0.00840931 0.00815735 0.00847888 0.00806975 0.00804756 0.00817024 0.00823562 0.00813645 0.00814538 0.00818668 0.00795472 0.00803409 0.00852272 0.00816424 0.00851037 0.00818661 0.00807996 0.00836833 0.00839816 0.00848816 0.00847097 0.00851165 0.00839148 0.00823893 0.00811426 
0.00909639 0.0082817 0.00873376 0.00887097 0.011645 0.0090364 0.0182188 0.00982135 0.00984616 0.0203876 0.00947557 0.0162235 0.0125711 0.0160658 0.0112212 0.0451201 0.0380719 0.0127921 0.0168591 0.04895 0.00364965 0.00318795 0.00315446 0.00343623 0 0.0338244 0.0192815 0.174579 0.124849 0.0267083 0.00998418 0.0255793 0.00959971 0.0101902 0.00827079 0.00904233 0.00936691 0.0109749 0.0110888 0.00887422 0.00956833 0.00833261 0.00801822 0.00799314 0.00796493 0.00802472 0.00840896 0.00810529 0.00825418 0.00818004 0.00800949 0.00791924 0.00802535 0.00881818 0.00820175 0.00839932 0.00837071 0.00849781 0.00820979 0.00838138 0.00797599 0.00792196 0.00803681 0.00811665 0.00803542 0.00795429 0.00806295 0.00800841 0.00799974 0.008151 0.00789007 0.00811918 0.00806064 0.00795986 0.00797191 0.00797123 0.00796797 0.00789852 0.00808371 0.00809418 0.00807492 0.00813128 0.00800133 0.00808472 0.00835854 0.0081612 0.0083011 0.00824355 0.00821477 0.00814707 0.00803975 0.00805259 
0.00810668 0.00823698 0.00827208 0.00881894 0.0102884 0.00880253 0.0124171 0.00991218 0.0125412 0.0126664 0.0114077 0.01096 0.0113743 0.0111817 0.010653 0.0111772 0.0201027 0.0125897 0.0134703 0.0180065 0.53957 0.0739929 0.0901245 0.029553 0.0338244 0 0.00326752 0.00324104 0.00340834 0.0891333 0.017537 0.034892 0.0120077 0.0103087 0.00916165 0.00986651 0.0143358 0.0141801 0.0113174 0.00911216 0.0142234 0.00833389 0.00803827 0.00821027 0.00844811 0.00930198 0.00852744 0.00836961 0.00841916 0.00837601 0.00819849 0.00803127 0.0091542 0.00865884 0.00849802 0.00880408 0.00889148 0.00869315 0.00841134 0.00912627 0.00805468 0.00799226 0.00802496 0.00810739 0.00824802 0.00932792 0.00811938 0.00805148 0.0080318 0.00811194 0.00799885 0.00837597 0.00826045 0.0079441 0.00793996 0.00797965 0.00800787 0.00864466 0.00837288 0.00806333 0.00805161 0.00817201 0.008206 0.00882306 0.00857879 0.00809074 0.00829357 0.00819037 0.00826837 0.00815155 0.00815762 0.00898774 
0.00825034 0.0088771 0.00906749 0.008501 0.00878307 0.0108933 0.0100256 0.00811482 0.0084282 0.00869218 0.0260762 0.0155053 0.0262965 0.015302 0.020401 0.0154979 0.0103876 0.00856179 0.00884198 0.00950235 0.0186994 0.442678 0.0667501 0.204128 0.0192815 0.00326752 0 0.00320891 0.00317252 0.12227 0.116458 0.0186301 0.00861492 0.00879189 0.0159117 0.0135405 0.00935025 0.00967036 0.0118928 0.0126303 0.0107552 0.00802882 0.00904848 0.00863236 0.00876729 0.00808925 0.00866434 0.00914412 0.00985 0.00946987 0.00852865 0.00847918 0.00810627 0.00825171 0.0100317 0.0102009 0.0115171 0.00973143 0.00907045 0.00838713 0.00808114 0.00810084 0.00846371 0.00834127 0.0084605 0.00819616 0.00788798 0.008358 0.00824806 0.00864907 0.00819916 0.00807447 0.0079094 0.00812144 0.00814904 0.00807538 0.00813238 0.00796894 0.00791105 0.00832188 0.00818039 0.00871597 0.00823068 0.00815114 0.00815895 0.00857396 0.00886278 0.00869752 0.00886808 0.0085415 0.00834525 0.00814259 
0.00834281 0.00884528 0.00915066 0.00829612 0.00872759 0.0103432 0.0113339 0.00821799 0.00812023 0.0106969 0.0108825 0.0222495 0.0148348 0.0173842 0.0140417 0.0299195 0.0106774 0.00872997 0.00983722 0.00910931 0.021373 0.0206285 0.303047 0.125921 0.174579 0.00324104 0.00320891 0 0.00317609 0.0603934 0.228027 0.0492439 0.00992821 0.0104537 0.0104779 0.0223267 0.0103023 0.0101681 0.0110055 0.0177003 0.0101485 0.0084112 0.00859311 0.00883004 0.00830207 0.00808598 0.0083783 0.00935086 0.0091706 0.00884033 0.00892798 0.0082568 0.00804099 0.00842663 0.00913933 0.0101241 0.00989836 0.00948195 0.00903184 0.00863677 0.00788713 0.00823501 0.00829685 0.00866928 0.00840068 0.00814239 0.00800797 0.00830136 0.00841873 0.00830483 0.00830776 0.00805999 0.0079684 0.00818426 0.00815849 0.00811947 0.00821055 0.00796577 0.00797183 0.00832407 0.0082505 0.00839081 0.00825624 0.00802406 0.00821592 0.00845979 0.00858416 0.00852711 0.00850542 0.00836823 0.00816477 0.00804907 
0.00853588 0.00810457 0.00820913 0.00826561 0.0104175 0.00872044 0.00914411 0.00876782 0.00907407 0.0100583 0.0127745 0.00908981 0.0121112 0.0100529 0.0107939 0.00942011 0.0134114 0.0107062 0.0126655 0.0144031 0.0274403 0.0241155 0.0104582 0.148835 0.124849 0.00340834 0.00317252 0.00317609 0 0.035508 0.0369256 0.155184 0.0139187 0.0109772 0.0098687 0.00926464 0.0116486 0.0144289 0.0140806 0.00908837 0.0121564 0.00849974 0.00822936 0.00803935 0.00825903 0.00794617 0.00971691 0.00815224 0.0084064 0.00848591 0.00816364 0.00825506 0.00799194 0.00892588 0.00834291 0.00845217 0.00861008 0.00865684 0.00828633 0.0084285 0.00817422 0.00791618 0.00837487 0.0079397 0.00805295 0.00806805 0.00819615 0.00803357 0.00795153 0.00822399 0.00794784 0.00804238 0.00812443 0.00790594 0.00791353 0.00799564 0.00793112 0.00793612 0.00807563 0.00808575 0.00796248 0.00841319 0.00796883 0.00817142 0.00836085 0.00805348 0.0082134 0.00837474 0.00811679 0.00819221 0.00792828 0.00798801 
0.00806005 0.00809749 0.00805607 0.00840721 0.00864537 0.00814408 0.0110646 0.00849119 0.00952439 0.00904505 0.00863917 0.00941474 0.00911479 0.00899178 0.0090465 0.00893862 0.0114492 0.00929803 0.0100147 0.0124696 0.0165191 0.0102881 0.0151078 0.0120405 0.0267083 0.0891333 0.12227 0.0603934 0.035508 0 0.00328506 0.00326887 0.0244166 0.0199976 0.0400632 0.0127037 0.0320013 0.0145648 0.0131324 0.0103616 0.0222575 0.00836768 0.00813753 0.00841115 0.00845612 0.0093745 0.0084696 0.00838368 0.00852092 0.00851478 0.0083535 0.00813225 0.00923706 0.00867421 0.00842939 0.00907545 0.00898512 0.00884055 0.00846037 0.00978959 0.00789854 0.00790309 0.00807324 0.00809816 0.00813995 0.00928206 0.00794113 0.00795008 0.00808595 0.00804215 0.00802721 0.00828026 0.00793608 0.00783179 0.00795458 0.00795256 0.00795064 0.00850563 0.00791227 0.00794606 0.00803604 0.00808985 0.00808248 0.00860595 0.00825775 0.00802393 0.00828455 0.00815323 0.00827734 0.00810015 0.00803652 0.0085932 
0.00800943 0.00824254 0.00842633 0.00800694 0.00808456 0.00903249 0.0083276 0.00791092 0.0080349 0.00830092 0.00978502 0.00933207 0.00952404 0.00915582 0.00947058 0.010056 0.00865377 0.00811789 0.00821147 0.00853323 0.0104186 0.0234892 0.0104817 0.0348315 0.00998418 0.017537 0.116458 0.228027 0.0369256 0.00328506 0 0.00325706 0.0137171 0.0135658 0.0323846 0.156503 0.00978492 0.0123029 0.00997209 0.0438198 0.00979036 0.0080186 0.00885833 0.00834361 0.00855379 0.00796078 0.00820905 0.0092534 0.00870736 0.00863302 0.00837289 0.00825557 0.00796806 0.00804392 0.00915155 0.00919579 0.00956873 0.00893147 0.00906672 0.00820419 0.00785292 0.00809991 0.00828817 0.00817962 0.0083041 0.0080711 0.00783988 0.00842582 0.00811719 0.00832925 0.00816565 0.00798379 0.00781369 0.00806958 0.00809627 0.0080989 0.00821584 0.00794331 0.00779697 0.00855365 0.00809051 0.0085504 0.00811988 0.00803124 0.00794355 0.00839038 0.00851046 0.00858153 0.00847852 0.0083286 0.00810094 0.00803881 
0.0081024 0.00813776 0.00816358 0.0081119 0.00919547 0.00817541 0.00859133 0.00823731 0.00832126 0.0111767 0.00873902 0.00892403 0.00943024 0.00937882 0.0091387 0.00902084 0.00986503 0.00879424 0.0108018 0.0101096 0.0218285 0.0103193 0.0108089 0.0111051 0.0255793 0.034892 0.0186301 0.0492439 0.155184 0.00326887 0.00325706 0 0.0298239 0.0160719 0.0255987 0.0235773 0.103395 0.0188108 0.0222669 0.0107765 0.022747 0.00949661 0.00851449 0.0084193 0.00821678 0.00828619 0.0101988 0.00850425 0.00881943 0.00854385 0.00842498 0.00815278 0.00818574 0.0102255 0.00872323 0.00881934 0.00884014 0.00890193 0.0087511 0.00902064 0.0082836 0.00799861 0.00803618 0.00804942 0.00808718 0.00827126 0.00862453 0.00802691 0.00801703 0.00801921 0.00806903 0.00806948 0.00854496 0.00791615 0.00790366 0.0079505 0.00795107 0.0080187 0.0084776 0.00799714 0.00801968 0.00807921 0.0080203 0.0080608 0.00897357 0.00817645 0.00826441 0.00826724 0.00811592 0.00821298 0.00805662 0.0079879 
0.00795683 0.00780643 0.00780138 0.00815544 0.00833351 0.00791789 0.00832381 0.00877137 0.0102981 0.00841574 0.00786678 0.00792769 0.0078817 0.00796961 0.00801999 0.00789993 0.00899571 0.0100748 0.00933475 0.0133103 0.009145 0.00814891 0.00810128 0.00894897 0.00959971 0.0120077 0.00861492 0.00992821 0.0139187 0.0244166 0.0137171 0.0298239 0 0.237139 0.00347419 0.00676792 0.00434258 0.0377846 0.0131011 0.0111897 0.0161064 0.00891283 0.00801845 0.00798948 0.00844694 0.00972577 0.00900114 0.00808923 0.00814493 0.00801898 0.00804433 0.00800633 0.00932641 0.00900397 0.00806482 0.00804471 0.00807035 0.00800172 0.00847388 0.00963501 0.00815537 0.00784166 0.00783512 0.00783738 0.00827217 0.00965644 0.00822412 0.00786091 0.00783987 0.00782957 0.00795721 0.00851077 0.00821372 0.00780297 0.00785991 0.007788 0.00785314 0.00884994 0.00822454 0.00782612 0.00781878 0.00787542 0.00791074 0.00908549 0.00831833 0.00779838 0.00782396 0.00786182 0.0078537 0.00784209 0.00790587 0.00884752 
0.00789451 0.00799243 0.00799795 0.00806828 0.00839124 0.0078477 0.00829419 0.00790304 0.00828867 0.00881033 0.00792105 0.00844701 0.00815654 0.00818819 0.00808013 0.00799791 0.00832847 0.00818797 0.00837085 0.00893199 0.00911813 0.00833616 0.00901476 0.008475 0.0101902 0.0103087 0.00879189 0.0104537 0.0109772 0.0199976 0.0135658 0.0160719 0.237139 0 0.00324004 0.00329712 0.00466343 0.00761422 0.0357206 0.0113907 0.0150541 0.00926979 0.00821936 0.00878409 0.00835418 0.0110263 0.00862074 0.00924282 0.00860085 0.00864363 0.00849818 0.00810257 0.0109772 0.00898608 0.00855616 0.00918482 0.00930896 0.00888231 0.00872484 0.0103201 0.0079259 0.00800353 0.00792349 0.00857191 0.00806595 0.0108957 0.00817388 0.00783806 0.0083044 0.0078889 0.00812865 0.00818388 0.00804444 0.00785687 0.0079152 0.0079101 0.00787937 0.00883222 0.00832867 0.00781695 0.00827993 0.00792821 0.0081381 0.00845659 0.00820267 0.00800229 0.00811353 0.0081759 0.00815726 0.00803527 0.00795375 0.00850935 
0.00810265 0.00825687 0.00834157 0.00798516 0.00809484 0.00827225 0.00806672 0.00786773 0.00790668 0.00784321 0.00891148 0.00871333 0.00917053 0.00866866 0.00888972 0.00830131 0.00805953 0.00780257 0.00784847 0.00799388 0.00866822 0.0108314 0.00895967 0.0112327 0.00827079 0.00916165 0.0159117 0.0104779 0.0098687 0.0400632 0.0323846 0.0255987 0.00347419 0.00324004 0 0.00319843 0.00316254 0.00446286 0.0395665 0.0351942 0.0133208 0.00822817 0.0102841 0.00872961 0.0102882 0.00817711 0.00889052 0.00943499 0.0110826 0.0100989 0.00864514 0.011113 0.00809419 0.00828234 0.0104311 0.0106377 0.0116389 0.0106294 0.0101742 0.00831904 0.00800525 0.00797318 0.0089623 0.00819292 0.00980269 0.00814782 0.00783244 0.00858821 0.00809849 0.00895595 0.00817377 0.00804773 0.00784578 0.0080055 0.00824183 0.00803529 0.0082401 0.00797169 0.00779789 0.00849019 0.00813284 0.00874211 0.00815166 0.00806605 0.00794271 0.00851182 0.00883589 0.00911261 0.00928844 0.00848251 0.00829118 0.00799387 
0.0079891 0.00809943 0.0081227 0.00793019 0.00800709 0.00818812 0.00809668 0.00780606 0.0078543 0.00831892 0.00856633 0.00887143 0.00897356 0.0087381 0.00875135 0.00855208 0.0081612 0.00784011 0.00790688 0.00796941 0.00926837 0.00987932 0.0114893 0.00958314 0.00904233 0.00986651 0.0135405 0.0223267 0.00926464 0.0127037 0.156503 0.0235773 0.00676792 0.00329712 0.00319843 0 0.00321614 0.00497499 0.0264499 0.093783 0.0265391 0.00920093 0.00916248 0.00982442 0.00900632 0.00835097 0.00902708 0.0116958 0.0101932 0.00962743 0.0102901 0.00853539 0.0082975 0.00889569 0.010162 0.0113 0.0119054 0.0120169 0.01159 0.0088897 0.00807593 0.00852187 0.00819722 0.0088205 0.00845658 0.00836955 0.00805947 0.00831175 0.00842651 0.0083389 0.00842707 0.00814817 0.00795467 0.00812439 0.00811944 0.00813618 0.00809454 0.00791457 0.00797584 0.00817574 0.00836792 0.00839133 0.00831057 0.0079543 0.00817886 0.00849722 0.00877048 0.00880198 0.00868888 0.00847543 0.008181 0.00788149 
0.00800213 0.00805765 0.00801391 0.00798565 0.00801867 0.0079995 0.0080819 0.00791352 0.00790594 0.00821482 0.00807046 0.00822826 0.00841701 0.00835887 0.0082794 0.00809598 0.00838399 0.0079738 0.00831233 0.00825151 0.0098552 0.00896015 0.00866772 0.00969598 0.00936691 0.0143358 0.00935025 0.0103023 0.0116486 0.0320013 0.00978492 0.103395 0.00434258 0.00466343 0.00316254 0.00321614 0 0.0389079 0.0280277 0.0198698 0.088468 0.00954337 0.00903071 0.00835697 0.00861815 0.00824003 0.0118349 0.00883273 0.00917988 0.00897046 0.00857905 0.00844857 0.00836837 0.0102073 0.00897935 0.00932171 0.00980571 0.00922576 0.00954058 0.00903695 0.00843671 0.00798081 0.00817081 0.00813415 0.00872946 0.00832967 0.00832046 0.00805474 0.00799747 0.00813553 0.00815084 0.00823791 0.00825353 0.00793847 0.00794595 0.00794387 0.00805746 0.00805088 0.00806149 0.00799869 0.00796369 0.00813583 0.00796941 0.00811141 0.00837711 0.00814288 0.0082285 0.00830848 0.0082028 0.00816523 0.00797439 0.00788084 
0.00816413 0.00803781 0.00799834 0.00842735 0.00883075 0.00809421 0.00870543 0.00922161 0.0105336 0.00863693 0.00859613 0.00814909 0.00832542 0.00810784 0.00821052 0.00805826 0.00934129 0.011054 0.0100844 0.0148875 0.0120064 0.00890075 0.00838258 0.00949389 0.0109749 0.0141801 0.00967036 0.0101681 0.0144289 0.0145648 0.0123029 0.0188108 0.0377846 0.00761422 0.00446286 0.00497499 0.0389079 0 0.0330494 0.0290619 0.175714 0.0128456 0.00965948 0.00855861 0.00981228 0.0133946 0.0141034 0.00949227 0.00886166 0.00871763 0.00861044 0.0086863 0.0121754 0.0127454 0.010106 0.00918891 0.00942831 0.00898098 0.00998743 0.0127648 0.00910784 0.00811695 0.00819635 0.0080646 0.0089386 0.0116256 0.00900985 0.008287 0.00800658 0.00820714 0.00826896 0.00944907 0.00916061 0.00805189 0.00792982 0.00795408 0.00819623 0.00970571 0.00866951 0.0082462 0.00799804 0.00831009 0.00822818 0.0103989 0.00922149 0.00808343 0.00819395 0.00817623 0.00813884 0.0081001 0.00818689 0.00963058 
