1KU6B
TMCYSHTTTSRAILTNCGENSCYRKSRRHPPKMVLGRGCGCPPGDDNLEVKCCTSPDKCNY
CEEEEECCCCCCEEEECCCCCEEEEEECCCCCCEEEEEECCCCCCCCEEEEEECCCCCCCC
0 0 0 0 0 0 0 0 0 0 0 0 0 0 0 0 0 0 0 0 0 0 0 0 0 0 0 0 0 0 0 0 0 0 0 0 0 0 0 0 0 0 0 0 0 0 0 0 0 0 0 0 0 0 0 0 0 0 0 0 0 
0 0 0 0 0 0 0 0 0 0 0 0 0 0 0 0 0 0 0 0 0 0 0 0 0 0 0 0 0 0 0 0 0 0 0 0 0 0 0 0 0 0 0 0 0 0 0 0 0 0 0 0 0 0 0 0 0 0 0 0 0 
0 0.00327279 0.00328 0.00335421 0.00655383 0.0234944 0.00811981 0.013204 0.769778 0.0423884 0.0154434 0.014054 0.0217104 0.0344735 0.0281245 0.0378859 0.0178619 0.0222434 0.017053 0.0124604 0.0299255 0.0173279 0.0162822 0.0119934 0.0124464 0.0274208 0.0200772 
0.00327279 0 0.00325664 0.00340214 0.00329085 0.0110678 0.00782302 0.731173 0.0571797 0.00901657 0.0131571 0.0233276 0.0196473 0.0277545 0.012287 0.015745 0.0438949 0.0163556 0.0166755 0.0201994 0.0192688 0.0111651 0.019887 0.011503 0.0263553 0.0185009 0.013521 
0.00328 0.00325664 0 0.00317334 0.00315691 0.00546305 0.740237 0.0529557 0.00701886 0.00778891 0.0125147 0.0330824 0.0147231 0.0139556 0.00941201 0.0107534 0.0146022 0.0315608 0.0177385 0.0201172 0.00874585 0.0101811 0.00888472 0.0372576 0.0107267 0.0127635 0.00983955 
0.00335421 0.00340214 0.00317334 0 0.0031867 0.722646 0.02253 0.00799433 0.00579031 0.0087421 0.0249128 0.0139572 0.0113012 0.00953211 0.00862693 0.0118464 0.0148258 0.023517 0.0131918 0.00910528 0.0110452 0.00872327 0.0413065 0.00857769 0.0153422 0.0117076 0.00838009 
0.00655383 0.00329085 0.00315691 0.0031867 0 0.0162407 0.00625428 0.00491141 0.00508448 0.0206533 0.0101708 0.0142341 0.00749673 0.0100609 0.0105281 0.0167687 0.0144785 0.0105482 0.00892487 0.0104353 0.00952339 0.0549921 0.00872623 0.0121789 0.00862975 0.00914798 0.0109078 
0.0234944 0.0110678 0.00546305 0.722646 0.0162407 0 0.00329567 0.00323774 0.00485229 0.00549887 0.0075477 0.0194497 0.0964313 0.0179176 0.0187921 0.018612 0.0101063 0.00961908 0.0161952 0.00938433 0.0205549 0.012188 0.0130964 0.00890394 0.00989751 0.0103454 0.0159344 
0.00811981 0.00782302 0.740237 0.02253 0.00625428 0.00329567 0 0.00377998 0.00315234 0.00485195 0.0134126 0.0780391 0.00961134 0.00937521 0.00789417 0.00906344 0.0127481 0.0108404 0.00929488 0.0125962 0.0082515 0.0111198 0.0088761 0.0162002 0.00897088 0.0107011 0.00922452 
0.013204 0.731173 0.0529557 0.00799433 0.00491141 0.00323774 0.00377998 0 0.00314787 0.0057937 0.0849975 0.0139638 0.00745594 0.00739664 0.0052309 0.00863831 0.0109661 0.00994927 0.00959676 0.00930192 0.00836965 0.00934236 0.0135029 0.00902614 0.0109274 0.010189 0.00868365 
0.769778 0.0571797 0.00701886 0.00579031 0.00508448 0.00485229 0.00315234 0.00314787 0 0.134256 0.0153918 0.0105525 0.00486536 0.00492943 0.00515401 0.014981 0.0086573 0.0092343 0.00800255 0.00801637 0.011733 0.0165284 0.0112373 0.00840372 0.00919056 0.00876177 0.0088607 
0.0423884 0.00901657 0.00778891 0.0087421 0.0206533 0.00549887 0.00485195 0.0057937 0.134256 0 0.0032997 0.00322018 0.00326398 0.00332381 0.00464121 0.00781249 0.00668277 0.00708177 0.00735726 0.0205211 0.802876 0.0117502 0.0090169 0.0101023 0.00848285 0.0114025 0.14141 
0.0154434 0.0131571 0.0125147 0.0249128 0.0101708 0.0075477 0.0134126 0.0849975 0.0153918 0.0032997 0 0.00315876 0.00317072 0.00441515 0.0031932 0.00904156 0.00734796 0.00987487 0.0256787 0.770232 0.0317495 0.00906452 0.0146266 0.00898195 0.0107517 0.130421 0.011507 
0.014054 0.0233276 0.0330824 0.0139572 0.0142341 0.0194497 0.0780391 0.0139638 0.0105525 0.00322018 0.00315876 0 0.00329355 0.00316599 0.00325297 0.00621359 0.00881508 0.0156959 0.778925 0.0200752 0.00699777 0.0102325 0.00871511 0.0136598 0.080575 0.0101619 0.0103418 
0.0217104 0.0196473 0.0147231 0.0113012 0.00749673 0.0964313 0.00961134 0.00745594 0.00486536 0.00326398 0.00317072 0.00329355 0 0.00315808 0.00314762 0.00918135 0.0169895 0.769856 0.0315689 0.0080299 0.00635972 0.00818741 0.0126344 0.0708139 0.011462 0.00962118 0.00866422 
0.0344735 0.0277545 0.0139556 0.00953211 0.0100609 0.0179176 0.00937521 0.00739664 0.00492943 0.00332381 0.00441515 0.00316599 0.00315808 0 0.00317217 0.0906313 0.367775 0.0237227 0.00673986 0.00760982 0.00626114 0.0123542 0.16054 0.00947872 0.00862657 0.00920129 0.00862938 
0.0281245 0.012287 0.00941201 0.00862693 0.0105281 0.0187921 0.00789417 0.0052309 0.00515401 0.00464121 0.0031932 0.00325297 0.00314762 0.00317217 0 0.311189 0.00654023 0.00566416 0.00553654 0.00605206 0.00672569 0.222307 0.00871946 0.0103726 0.00810467 0.00894261 0.0108641 
0.0378859 0.015745 0.0107534 0.0118464 0.0167687 0.018612 0.00906344 0.00863831 0.014981 0.00781249 0.00904156 0.00621359 0.00918135 0.0906313 0.311189 0 0.00321259 0.00317173 0.00321307 0.00322253 0.0153012 0.0106774 0.011779 0.00868546 0.0102616 0.0230987 0.151978 
0.0178619 0.0438949 0.0146022 0.0148258 0.0144785 0.0101063 0.0127481 0.0109661 0.0086573 0.00668277 0.00734796 0.00881508 0.0169895 0.367775 0.00654023 0.00321259 0 0.00317068 0.00319111 0.00549475 0.00320372 0.00891462 0.0106338 0.0162072 0.011505 0.143586 0.0532635 
0.0222434 0.0163556 0.0315608 0.023517 0.0105482 0.00961908 0.0108404 0.00994927 0.0092343 0.00708177 0.00987487 0.0156959 0.769856 0.0237227 0.00566416 0.00317173 0.00317068 0 0.0031686 0.00316794 0.00317591 0.00762564 0.0175178 0.0283906 0.0973257 0.0417376 0.0210803 
0.017053 0.0166755 0.0177385 0.0131918 0.00892487 0.0161952 0.00929488 0.00959676 0.00800255 0.00735726 0.0256787 0.778925 0.0315689 0.00673986 0.00553654 0.00321307 0.00319111 0.0031686 0 0.00314907 0.00316443 0.00824147 0.0180425 0.0843969 0.0456334 0.0280824 0.00912959 
0.0124604 0.0201994 0.0201172 0.00910528 0.0104353 0.00938433 0.0125962 0.00930192 0.00801637 0.0205211 0.770232 0.0200752 0.0080299 0.00760982 0.00605206 0.00322253 0.00549475 0.00316794 0.00314907 0 0.0032324 0.0295807 0.115163 0.0493883 0.0097683 0.00960439 0.00739581 
0.0299255 0.0192688 0.00874585 0.0110452 0.00952339 0.0205549 0.0082515 0.00836965 0.011733 0.802876 0.0317495 0.00699777 0.00635972 0.00626114 0.00672569 0.0153012 0.00320372 0.00317591 0.00316443 0.0032324 0 0.191567 0.028649 0.00658935 0.0106472 0.00769046 0.00929368 
0.0173279 0.0111651 0.0101811 0.00872327 0.0549921 0.012188 0.0111198 0.00934236 0.0165284 0.0117502 0.00906452 0.0102325 0.00818741 0.0123542 0.222307 0.0106774 0.00891462 0.00762564 0.00824147 0.0295807 0.191567 0 0.00323953 0.00357979 0.00318295 0.00334591 0.00852314 
0.0162822 0.019887 0.00888472 0.0413065 0.00872623 0.0130964 0.0088761 0.0135029 0.0112373 0.0090169 0.0146266 0.00871511 0.0126344 0.16054 0.00871946 0.011779 0.0106338 0.0175178 0.0180425 0.115163 0.028649 0.00323953 0 0.00319338 0.00327434 0.00358317 0.00330183 
0.0119934 0.011503 0.0372576 0.00857769 0.0121789 0.00890394 0.0162002 0.00902614 0.00840372 0.0101023 0.00898195 0.0136598 0.0708139 0.00947872 0.0103726 0.00868546 0.0162072 0.0283906 0.0843969 0.0493883 0.00658935 0.00357979 0.00319338 0 0.00318997 0.00314715 0.0034063 
0.0124464 0.0263553 0.0107267 0.0153422 0.00862975 0.00989751 0.00897088 0.0109274 0.00919056 0.00848285 0.0107517 0.080575 0.011462 0.00862657 0.00810467 0.0102616 0.011505 0.0973257 0.0456334 0.0097683 0.0106472 0.00318295 0.00327434 0.00318997 0 0.00315359 0.00316251 
0.0274208 0.0185009 0.0127635 0.0117076 0.00914798 0.0103454 0.0107011 0.010189 0.00876177 0.0114025 0.130421 0.0101619 0.00962118 0.00920129 0.00894261 0.0230987 0.143586 0.0417376 0.0280824 0.00960439 0.00769046 0.00334591 0.00358317 0.00314715 0.00315359 0 0.00313357 
0.0200772 0.013521 0.00983955 0.00838009 0.0109078 0.0159344 0.00922452 0.00868365 0.0088607 0.14141 0.011507 0.0103418 0.00866422 0.00862938 0.0108641 0.151978 0.0532635 0.0210803 0.00912959 0.00739581 0.00929368 0.00852314 0.00330183 0.0034063 0.00316251 0.00313357 0 
