1L5YB
AAPSVFLIDDDRDLRKAMQQTLELAGFTVSSFASATEALAGLSADFAGIVISDIRMPGMDGLALFRKILALDPDLPMILVTGHGDIPMAVQAIQDGAYDFIAKPFAADRLVQSARRAEKKRRLVMENRSLRRAAEAASEGLKLAAALEHHH
CCCEEEEECCCHHHHHHHHHHHHHCCCEEEEECCHHHHHCCCCCCCCCEEEEECCCCCCCHHHHHHHHHHHCCCCCEEEEECCCCHHHHHHHHHCCCCEEEECCCCHHHHHHHHHHHHHHHHHHHHHHHHHHHHCHHHHHHCHHHHHHHHC
0 0 0 0 0 0 0 0 0 0 0 0 0 0 0 0 0 0 0 0 0 0 0 0 0 0 0 0 0 0 0 0 0 0 0 0 0 0 0 0 0 0 0 0 0 0 0 0 0 0 0 0 0 0 0 0 0 0 0 0 0 0 0 0 0 0 0 0 0 0 0 0 0 0 0 0 0 0 0 0 0 0 0 0 0 0 0 0 0 0 0 0 0 0 0 0 0 0 0 0 0 0 0 0 0 0 0 0 0 0 0 0 0 0 0 0 0 0 0 0 0 0 0 0 0 0 0 0 0 0 0 0 0 0 0 0 0 0 0 0 0 0 0 0 0 0 0 0 0 0 0 
0 0 0 0 0 0 0 0 0 0 0 0 0 0 0 0 0 0 0 0 0 0 0 0 0 0 0 0 0 0 0 0 0 0 0 0 0 0 0 0 0 0 0 0 0 0 0 0 0 0 0 0 0 0 0 0 0 0 0 0 0 0 0 0 0 0 0 0 0 0 0 0 0 0 0 0 0 0 0 0 0 0 0 0 0 0 0 0 0 0 0 0 0 0 0 0 0 0 0 0 0 0 0 0 0 0 0 0 0 0 0 0 0 0 0 0 0 0 0 0 0 0 0 0 0 0 0 0 0 0 0 0 0 0 0 0 0 0 0 0 0 0 0 0 0 0 0 0 0 0 0 
0 0.00336523 0.00329436 0.00330479 0.00421943 0.7365 0.0114385 0.0136349 0.0106368 0.0294266 0.0604666 0.0263304 0.0137033 0.0140335 0.0214785 0.0401131 0.013155 0.0119551 0.0106306 0.0172261 0.0103829 0.00975924 0.00967069 0.0130497 
0.00336523 0 0.00327022 0.00331315 0.00346491 0.023691 0.751111 0.0155045 0.0338513 0.0142973 0.176243 0.133966 0.0711943 0.0523139 0.011938 0.05116 0.0882515 0.0386443 0.0308803 0.0111986 0.0160512 0.0209115 0.015742 0.00990337 
0.00329436 0.00327022 0 0.00325606 0.00320202 0.0398308 0.0232477 0.681624 0.0236287 0.0138497 0.0249618 0.280294 0.186203 0.062205 0.018734 0.0288127 0.0899626 0.161316 0.027506 0.0113617 0.0112729 0.0289608 0.0153264 0.00964824 
0.00330479 0.00331315 0.00325606 0 0.00345422 0.0208049 0.0455633 0.023374 0.688894 0.0159705 0.0262511 0.0627348 0.195087 0.16252 0.0256149 0.01942 0.0526509 0.0689395 0.0680313 0.0128531 0.0113357 0.014852 0.0193055 0.00928585 
0.00421943 0.00346491 0.00320202 0.00345422 0 0.0288279 0.0171588 0.0188483 0.0213434 0.714642 0.0301935 0.0228493 0.02053 0.0801944 0.0570449 0.0316112 0.0160511 0.0156825 0.0227961 0.01974 0.0128378 0.00961559 0.0102943 0.00964268 
0.7365 0.023691 0.0398308 0.0208049 0.0288279 0 0.00327786 0.00337527 0.00387266 0.0039709 0.0444641 0.0145655 0.0117408 0.0147085 0.037545 0.0157089 0.0113911 0.0111917 0.0106546 0.0243342 0.0104099 0.0102134 0.00933865 0.0178823 
0.0114385 0.751111 0.0232477 0.0455633 0.0171588 0.00327786 0 0.00320006 0.00323165 0.0038072 0.0187612 0.0334145 0.0192379 0.0184894 0.00902594 0.0156036 0.0188859 0.0126776 0.0178686 0.00918265 0.0089627 0.00977431 0.0173272 0.00890858 
0.0136349 0.0155045 0.681624 0.023374 0.0188483 0.00337527 0.00320006 0 0.00319864 0.00316314 0.0121004 0.0270373 0.0443408 0.0140408 0.0100761 0.00987244 0.0159071 0.0299562 0.0103039 0.00887413 0.0084012 0.0127183 0.00996061 0.00882643 
0.0106368 0.0338513 0.0236287 0.688894 0.0213434 0.00387266 0.00323165 0.00319864 0 0.00315573 0.0139513 0.0312895 0.0357169 0.0610617 0.0124457 0.0109015 0.0183761 0.0174005 0.0169899 0.00943782 0.00913151 0.009679 0.0100638 0.008503 
0.0294266 0.0142973 0.0138497 0.0159705 0.714642 0.0039709 0.0038072 0.00316314 0.00315573 0 0.029006 0.015747 0.0200758 0.0279469 0.0698833 0.0231161 0.0109676 0.0100655 0.0117629 0.0132241 0.0117254 0.00920207 0.00972745 0.00990061 
0.0604666 0.176243 0.0249618 0.0262511 0.0301935 0.0444641 0.0187612 0.0121004 0.0139513 0.029006 0 0.00341445 0.00324557 0.00331363 0.00365841 0.202989 0.0526566 0.0189814 0.0176006 0.0281688 0.0214079 0.0189867 0.0132912 0.0248914 
0.0263304 0.133966 0.280294 0.0627348 0.0228493 0.0145655 0.0334145 0.0270373 0.0312895 0.015747 0.00341445 0 0.00321168 0.003238 0.00325164 0.594426 0.196664 0.103264 0.0309322 0.0158162 0.0225692 0.0419297 0.0287092 0.0134374 
0.0137033 0.0711943 0.186203 0.195087 0.02053 0.0117408 0.0192379 0.0443408 0.0357169 0.0200758 0.00324557 0.00321168 0 0.00321832 0.00319088 0.0575558 0.613352 0.172912 0.0803453 0.0139359 0.0143564 0.0379159 0.0236423 0.0106271 
0.0140335 0.0523139 0.062205 0.16252 0.0801944 0.0147085 0.0184894 0.0140408 0.0610617 0.0279469 0.00331363 0.003238 0.00321832 0 0.00319457 0.048063 0.0861278 0.620178 0.145472 0.0328273 0.0132171 0.0228873 0.0289195 0.0115214 
0.0214785 0.011938 0.018734 0.0256149 0.0570449 0.037545 0.00902594 0.0100761 0.0124457 0.0698833 0.00365841 0.00325164 0.00319088 0.00319457 0 0.0167784 0.0357754 0.0503501 0.49418 0.16898 0.0172192 0.0110879 0.0129375 0.0140417 
0.0401131 0.05116 0.0288127 0.01942 0.0316112 0.0157089 0.0156036 0.00987244 0.0109015 0.0231161 0.202989 0.594426 0.0575558 0.048063 0.0167784 0 0.00323811 0.00322849 0.00326355 0.00363663 0.0494561 0.0337479 0.0177404 0.055897 
0.013155 0.0882515 0.0899626 0.0526509 0.0160511 0.0113911 0.0188859 0.0159071 0.0183761 0.0109676 0.0526566 0.196664 0.613352 0.0861278 0.0357754 0.00323811 0 0.00318785 0.00329013 0.00334486 0.42615 0.0322241 0.0999534 0.0146456 
0.0119551 0.0386443 0.161316 0.0689395 0.0156825 0.0111917 0.0126776 0.0299562 0.0174005 0.0100655 0.0189814 0.103264 0.172912 0.620178 0.0503501 0.00322849 0.00318785 0 0.00322967 0.00317815 0.0171609 0.576738 0.0190087 0.015461 
0.0106306 0.0308803 0.027506 0.0680313 0.0227961 0.0106546 0.0178686 0.0103039 0.0169899 0.0117629 0.0176006 0.0309322 0.0803453 0.145472 0.49418 0.00326355 0.00329013 0.00322967 0 0.00321552 0.0483863 0.0207093 0.497606 0.0170164 
0.0172261 0.0111986 0.0113617 0.0128531 0.01974 0.0243342 0.00918265 0.00887413 0.00943782 0.0132241 0.0281688 0.0158162 0.0139359 0.0328273 0.16898 0.00363663 0.00334486 0.00317815 0.00321552 0 0.0164591 0.0237053 0.0199016 0.343605 
0.0103829 0.0160512 0.0112729 0.0113357 0.0128378 0.0104099 0.0089627 0.0084012 0.00913151 0.0117254 0.0214079 0.0225692 0.0143564 0.0132171 0.0172192 0.0494561 0.42615 0.0171609 0.0483863 0.0164591 0 0.00317526 0.0032692 0.00381374 
0.00975924 0.0209115 0.0289608 0.014852 0.00961559 0.0102134 0.00977431 0.0127183 0.009679 0.00920207 0.0189867 0.0419297 0.0379159 0.0228873 0.0110879 0.0337479 0.0322241 0.576738 0.0207093 0.0237053 0.00317526 0 0.00319111 0.00321229 
0.00967069 0.015742 0.0153264 0.0193055 0.0102943 0.00933865 0.0173272 0.00996061 0.0100638 0.00972745 0.0132912 0.0287092 0.0236423 0.0289195 0.0129375 0.0177404 0.0999534 0.0190087 0.497606 0.0199016 0.0032692 0.00319111 0 0.00328988 
0.0130497 0.00990337 0.00964824 0.00928585 0.00964268 0.0178823 0.00890858 0.00882643 0.008503 0.00990061 0.0248914 0.0134374 0.0106271 0.0115214 0.0140417 0.055897 0.0146456 0.015461 0.0170164 0.343605 0.00381374 0.00321229 0.00328988 0 
