1LR5A
SCVRDNSLVRDISQMPQSSYGIEGLSHITVAGALNHGMKEVEVWLQTISPGQRTPIHRHSCEEVFTVLKGKGTLLMGSSSLKYPGQPQEIPFFQNTTFSIPVNDPHQVWNSDEHEDLQVLVIISRPPAKIFLYDDWSMPHTAAVLKFPFVWDEDCFEAAK
CCCCCCCCEEEHHHCCCECCCCCCEEEEEEECHHHHCCCCEEEEEEEECCCCECCEEEECCCEEEEEEECCEEEEECCCCCCCCCCCEEEEECCCEEEEECCCCCEEEECCCCCCCEEEEEEEECCCCCEEEECCCCCCHHHCEEECCCCCCHHHHHHCC
0 0 0 0 0 0 0 0 0 0 0 0 0 0 0 0 0 0 0 0 0 0 0 0 0 0 0 0 0 0 0 0 0 0 0 0 0 0 0 0 0 0 0 0 0 0 0 0 0 0 0 0 0 0 0 0 0 0 0 0 0 0 0 0 0 0 0 0 0 0 0 0 0 0 0 0 0 0 0 0 0 0 0 0 0 0 0 0 0 0 0 0 0 0 0 0 0 0 0 0 0 0 0 0 0 0 0 0 0 0 0 0 0 0 0 0 0 0 0 0 0 0 0 0 0 0 0 0 0 0 0 0 0 0 0 0 0 0 0 0 0 0 0 0 0 0 0 0 0 0 0 0 0 0 0 0 0 0 0 0 
0 0 0 0 0 0 0 0 0 0 0 0 0 0 0 0 0 0 0 0 0 0 0 0 0 0 0 0 0 0 0 0 0 0 0 0 0 0 0 0 0 0 0 0 0 0 0 0 0 0 0 0 0 0 0 0 0 0 0 0 0 0 0 0 0 0 0 0 0 0 0 0 0 0 0 0 0 0 0 0 0 0 0 0 0 0 0 0 0 0 0 0 0 0 0 0 0 0 0 0 0 0 0 0 0 0 0 0 0 0 0 0 0 0 0 0 0 0 0 0 0 0 0 0 0 0 0 0 0 0 0 0 0 0 0 0 0 0 0 0 0 0 0 0 0 0 0 0 0 0 0 0 0 0 0 0 0 0 0 0 
0 0.00435498 0.00334039 0.0125465 0.0118251 0.0106514 0.0131766 0.0155908 0.0161017 0.0124734 0.0515215 0.0205892 0.0114201 0.0112075 0.0105656 0.0101243 0.00997455 0.0115834 0.0283264 0.0145026 0.0134312 0.0100166 0.0100743 0.0135055 0.0122465 0.00959675 0.0107066 0.0122588 0.0106924 0.00913583 0.0150826 0.0112055 0.00930617 0.00912618 0.0115548 0.0147198 0.00902505 0.0082841 0.00854664 0.00852475 0.0114795 0.0093124 0.00822535 0.00882737 0.00951151 0.0109738 0.00912197 0.00868266 0.0084855 0.0104224 0.00877434 0.00857807 0.00889842 0.00891837 0.009873 0.00930856 0.00894975 0.0121646 0.00953976 0.00806408 0.00822467 0.00960921 0.00858347 0.00813074 0.0088688 
0.00435498 0 0.00324601 0.0058028 0.00975778 0.0230751 0.0162662 0.0144991 0.0105841 0.0583415 0.0118478 0.0179555 0.0175839 0.0133933 0.0104063 0.0118147 0.0108168 0.0187637 0.0105956 0.0100897 0.0176078 0.0176387 0.0159331 0.00993675 0.0117719 0.0204337 0.0107712 0.0108804 0.0104066 0.0124516 0.00837811 0.0109749 0.0106824 0.0101897 0.01454 0.010419 0.008879 0.00866579 0.00955639 0.00864074 0.00887785 0.00928918 0.0101368 0.010122 0.0092913 0.00894939 0.00969178 0.00939932 0.00990017 0.00858958 0.00906868 0.00932244 0.00971314 0.00929181 0.0108606 0.00962931 0.0101637 0.00845107 0.00879528 0.00880222 0.00848239 0.00827191 0.00856664 0.00864519 0.00794246 
0.00334039 0.00324601 0 0.0115952 0.0177904 0.0166943 0.00954565 0.00826888 0.0124035 0.0100661 0.0161844 0.0174872 0.0121889 0.00981361 0.0123745 0.0100633 0.0110738 0.0131109 0.0105089 0.014162 0.0187521 0.0114599 0.0109411 0.0101648 0.0156906 0.00986291 0.0109071 0.0108505 0.00917928 0.00888773 0.013926 0.0123277 0.012091 0.00913821 0.0118485 0.0144759 0.0105648 0.00898685 0.00816352 0.00916036 0.00846845 0.0126491 0.00999117 0.00860956 0.0106581 0.00821964 0.0120321 0.00913338 0.00872841 0.00905377 0.00971984 0.00953646 0.00871374 0.00894494 0.00970239 0.00933274 0.0085091 0.00872464 0.00910518 0.00850213 0.00826448 0.0080002 0.0104525 0.00805755 0.00822424 
0.0125465 0.0058028 0.0115952 0 0.0985023 0.00860688 0.00473352 0.00508168 0.00566047 0.00640778 0.00888899 0.0138061 0.00826784 0.00810646 0.00818864 0.00827248 0.00821319 0.00944037 0.0135271 0.062721 0.0118773 0.00845494 0.00855096 0.00944552 0.00972288 0.00847063 0.00833336 0.00849231 0.00833075 0.00834313 0.0108696 0.0119973 0.00848221 0.00810584 0.00830934 0.0104522 0.00988272 0.00792532 0.00801614 0.00798483 0.00904834 0.00988747 0.00797506 0.00795048 0.00824244 0.00902729 0.00905293 0.00786252 0.0079437 0.00901311 0.00959983 0.00796081 0.0079035 0.00789423 0.00795273 0.00790219 0.00808268 0.00900509 0.00952626 0.0078864 0.00791899 0.00922141 0.00953977 0.00820774 0.00852305 
0.0118251 0.00975778 0.0177904 0.0985023 0 0.00327168 0.00320352 0.0032055 0.00326385 0.00345287 0.00452409 0.0118569 0.00861641 0.00952698 0.00871258 0.00886674 0.0101629 0.0252753 0.548102 0.0122708 0.0115116 0.0094832 0.0106632 0.0155586 0.0136987 0.00973208 0.0106218 0.0104935 0.0100067 0.00953831 0.0184888 0.0126273 0.00899134 0.00918847 0.00944618 0.0187877 0.00864021 0.00832787 0.00858748 0.00861897 0.0138148 0.00897442 0.00825882 0.00916616 0.00953826 0.0157548 0.00884791 0.0084239 0.00884565 0.0118219 0.0086058 0.00842935 0.00931738 0.00907987 0.00973751 0.00953985 0.00975234 0.0134905 0.00859187 0.00802119 0.00835291 0.0108356 0.00809346 0.00812352 0.00854348 
0.0106514 0.0230751 0.0166943 0.00860688 0.00327168 0 0.00321447 0.00319579 0.0032177 0.00345936 0.00342069 0.0111667 0.0168576 0.0101829 0.0115079 0.0135148 0.0324752 0.603458 0.0114826 0.00943139 0.0114072 0.0160004 0.0152169 0.00953681 0.0135796 0.0220535 0.0169621 0.0240603 0.0114487 0.014588 0.0113583 0.00923942 0.0148938 0.0113293 0.0199122 0.0114948 0.00857954 0.00960389 0.00860048 0.0113075 0.009362 0.0086514 0.0101699 0.01157 0.0186118 0.0089355 0.00923726 0.0109526 0.0104462 0.00979489 0.00846607 0.0116125 0.0116523 0.0149828 0.0177539 0.0171322 0.0124295 0.00963019 0.00832757 0.0087801 0.00858981 0.0083387 0.00801233 0.00855024 0.00812075 
0.0131766 0.0162662 0.00954565 0.00473352 0.00320352 0.00321447 0 0.00316588 0.00328124 0.00349022 0.00324724 0.0147284 0.0153831 0.0156646 0.0286677 0.0271457 0.624464 0.0159179 0.0111838 0.00867431 0.0106665 0.0191409 0.013456 0.010693 0.0142715 0.0216589 0.0410934 0.0393692 0.0308925 0.0133282 0.0100816 0.010054 0.0152396 0.0244851 0.0266322 0.0112746 0.00875282 0.0108135 0.011517 0.0139102 0.00888938 0.00917177 0.0128127 0.023809 0.0169606 0.00891943 0.0108147 0.0135334 0.0131259 0.00963045 0.00876678 0.0153476 0.0273361 0.0405933 0.0491529 0.0435942 0.0133605 0.00974745 0.00872388 0.00985905 0.00877782 0.00838741 0.00833122 0.008485 0.0081954 
0.0155908 0.0144991 0.00826888 0.00508168 0.0032055 0.00319579 0.00316588 0 0.0031892 0.00323194 0.00322672 0.0183793 0.00921965 0.0399253 0.0156158 0.670202 0.0151483 0.0128194 0.0126049 0.00842936 0.0156281 0.0110673 0.016084 0.01208 0.0127568 0.0255802 0.0498296 0.053689 0.0370192 0.0156274 0.00935624 0.0123105 0.0120916 0.0531876 0.018637 0.01502 0.00914532 0.00994157 0.0259179 0.00891647 0.0106574 0.00943399 0.0136063 0.0467081 0.0112096 0.0122258 0.0107066 0.0151574 0.0159555 0.0105426 0.010342 0.0122518 0.0479047 0.0400594 0.094203 0.0422145 0.0204231 0.00985803 0.0105401 0.00938158 0.00930633 0.00864809 0.00832843 0.00872171 0.00821151 
0.0161017 0.0105841 0.0124035 0.00566047 0.00326385 0.0032177 0.00328124 0.0031892 0 0.00318259 0.00318382 0.00981243 0.035666 0.020074 0.66077 0.0116904 0.0194434 0.0160071 0.0103273 0.00913496 0.011728 0.0296955 0.0210236 0.0115437 0.0139867 0.019972 0.0592733 0.0714185 0.0216371 0.0133391 0.0122173 0.00933505 0.0287392 0.0255533 0.0410085 0.0119186 0.00892483 0.0177627 0.00913271 0.0159955 0.00898706 0.0106775 0.0209168 0.0179802 0.0301037 0.00901813 0.0119156 0.017182 0.0142514 0.0101828 0.00877754 0.0247162 0.0239249 0.0611803 0.0533543 0.0655903 0.0143187 0.0107485 0.00860853 0.0107928 0.00967466 0.00822078 0.00834532 0.00838917 0.00833953 
0.0124734 0.0583415 0.0100661 0.00640778 0.00345287 0.00345936 0.00349022 0.00323194 0.00318259 0 0.0032532 0.0345638 0.0253293 0.34035 0.0136129 0.0186663 0.0135096 0.0269743 0.011106 0.00975425 0.0157625 0.0210128 0.0385949 0.0120214 0.013921 0.0390801 0.0298359 0.0269989 0.0212689 0.0289069 0.0103172 0.0147606 0.0140877 0.0260121 0.0423977 0.0218614 0.00998513 0.00926931 0.0123494 0.0102097 0.0122787 0.0100628 0.0111362 0.0233604 0.0154726 0.0110555 0.0103679 0.0162887 0.0242061 0.00957579 0.0101247 0.0116428 0.0285833 0.0204922 0.0392898 0.0250439 0.0309538 0.0102092 0.0106532 0.00916638 0.00923546 0.00829811 0.00828692 0.00936599 0.00803042 
0.0515215 0.0118478 0.0161844 0.00888899 0.00452409 0.00342069 0.00324724 0.00322672 0.00318382 0.0032532 0 0.0387593 0.158962 0.0100163 0.00918862 0.00923187 0.0103935 0.0128173 0.0224076 0.0173656 0.0392663 0.0134105 0.0170425 0.0273249 0.0301906 0.0150351 0.0147017 0.0196193 0.0111762 0.0133591 0.0223243 0.0249618 0.0159518 0.0110382 0.0265933 0.0514592 0.0161472 0.00948919 0.0087405 0.0105601 0.015436 0.0165442 0.0112626 0.011185 0.0148204 0.0105431 0.0223607 0.0103342 0.0108928 0.0160416 0.0142765 0.0134927 0.0107331 0.0132362 0.0162488 0.0150236 0.0146355 0.01471 0.0128725 0.00910159 0.00878275 0.00981547 0.0126532 0.00830072 0.0088481 
0.0205892 0.0179555 0.0174872 0.0138061 0.0118569 0.0111667 0.0147284 0.0183793 0.00981243 0.0345638 0.0387593 0 0.00319239 0.0031797 0.00322589 0.00315882 0.00325965 0.00353522 0.00822126 0.0139608 0.0124698 0.00840879 0.0117541 0.0252434 0.0208505 0.0145226 0.0156858 0.0207437 0.0140202 0.0123259 0.020191 0.0404372 0.0118154 0.0129772 0.011495 0.043434 0.0136106 0.00896978 0.0117047 0.00963745 0.0325494 0.0174669 0.00931024 0.0135425 0.0118035 0.040315 0.0132273 0.00998983 0.0102957 0.0189558 0.0152264 0.0100505 0.0145702 0.0132438 0.0189234 0.0147848 0.0166181 0.0368883 0.0187684 0.0086951 0.00918166 0.0162253 0.00895409 0.00952665 0.0104972 
0.0114201 0.0175839 0.0121889 0.00826784 0.00861641 0.0168576 0.0153831 0.00921965 0.035666 0.0253293 0.158962 0.00319239 0 0.00315983 0.00317011 0.00318134 0.00314351 0.00386059 0.00332254 0.00648221 0.00729894 0.0164928 0.0152157 0.00906454 0.0161066 0.0281265 0.0313372 0.0280386 0.0144797 0.0138095 0.0114568 0.00990143 0.0473283 0.011968 0.0427302 0.0109394 0.00904467 0.0261491 0.00870103 0.0251003 0.00902397 0.00935005 0.0262818 0.0117607 0.0539605 0.00891703 0.012507 0.0184955 0.0146016 0.0107718 0.00884 0.0310106 0.0161086 0.0385758 0.0355814 0.0446811 0.0291461 0.0105289 0.00884604 0.0118355 0.0100684 0.00829017 0.00877126 0.00862142 0.00827733 
0.0112075 0.0133933 0.00981361 0.00810646 0.00952698 0.0101829 0.0156646 0.0399253 0.020074 0.34035 0.0100163 0.0031797 0.00315983 0 0.00315974 0.00316909 0.00322027 0.00322391 0.00327605 0.00557346 0.00961326 0.00827374 0.0190888 0.0120534 0.01659 0.039543 0.0423774 0.036661 0.0332309 0.0170603 0.00958767 0.0146596 0.011871 0.0915783 0.0144742 0.0155717 0.00995762 0.00911538 0.0498978 0.00904503 0.0116623 0.0106047 0.0113165 0.127869 0.0109076 0.0136501 0.0113336 0.0178444 0.0222479 0.0105726 0.0120755 0.0126592 0.0892732 0.0618655 0.149399 0.111589 0.0259953 0.0105693 0.0133128 0.0101232 0.0103896 0.00887432 0.00845883 0.0089549 0.00843213 
0.0105656 0.0104063 0.0123745 0.00818864 0.00871258 0.0115079 0.0286677 0.0156158 0.66077 0.0136129 0.00918862 0.00322589 0.00317011 0.00315974 0 0.00317227 0.00317236 0.00320842 0.00322566 0.00548461 0.00724386 0.0164217 0.0165698 0.0222184 0.0142585 0.0176862 0.0368589 0.0397552 0.0180116 0.0154 0.0158147 0.00938733 0.0321952 0.0199645 0.0358615 0.0167336 0.00902532 0.0254347 0.00924321 0.0226233 0.00999931 0.00918697 0.0393669 0.0163198 0.0399742 0.00927802 0.0126339 0.0221222 0.0169325 0.0118517 0.00913392 0.0337561 0.0346304 0.0954152 0.171333 0.118197 0.0203158 0.0121459 0.00913836 0.0133997 0.0105628 0.00853101 0.00881706 0.00840526 0.00842042 
0.0101243 0.0118147 0.0100633 0.00827248 0.00886674 0.0135148 0.0271457 0.670202 0.0116904 0.0186663 0.00923187 0.00315882 0.00318134 0.00316909 0.00317227 0 0.00319418 0.00320043 0.00320391 0.00471308 0.00918763 0.0121024 0.0319846 0.0335948 0.0106152 0.0175236 0.028246 0.0291614 0.0229882 0.0118445 0.00949495 0.0132813 0.0111809 0.0296469 0.0291545 0.0154548 0.00984492 0.0094802 0.0186136 0.0104641 0.00984141 0.0162051 0.0106892 0.0574615 0.0155555 0.0108662 0.0104604 0.0175052 0.0211789 0.010988 0.00976608 0.0134193 0.0606473 0.120072 0.120274 0.0584276 0.0260039 0.0102638 0.0102261 0.0096755 0.0122287 0.00912881 0.00856037 0.00895476 0.00835618 
0.00997455 0.0108168 0.0110738 0.00821319 0.0101629 0.0324752 0.624464 0.0151483 0.0194434 0.0135096 0.0103935 0.00325965 0.00314351 0.00322027 0.00317236 0.00319418 0 0.00318488 0.00320393 0.00529836 0.00818605 0.0341373 0.0291086 0.0114769 0.0108655 0.0141166 0.0303404 0.0196159 0.01601 0.0106885 0.0100279 0.00981927 0.011227 0.0412006 0.0249191 0.0130133 0.00889258 0.0101563 0.0127428 0.0105209 0.00941777 0.0091817 0.0127199 0.0407386 0.0153619 0.00960146 0.0112887 0.0164938 0.0179639 0.0101203 0.00951797 0.0167154 0.079169 0.0577722 0.0742015 0.0682955 0.0183162 0.00988452 0.00931306 0.0104755 0.0102507 0.00850731 0.00836106 0.00858408 0.00833936 
0.0115834 0.0187637 0.0131109 0.00944037 0.0252753 0.603458 0.0159179 0.0128194 0.0160071 0.0269743 0.0128173 0.00353522 0.00386059 0.00322391 0.00320842 0.00320043 0.00318488 0 0.00370394 0.0162553 0.0113506 0.0533144 0.0191386 0.00846983 0.0151455 0.0199502 0.0133791 0.0189319 0.0105322 0.0170135 0.0120426 0.0109971 0.0365453 0.0123047 0.0403782 0.0162952 0.00995398 0.01519 0.00883773 0.0150161 0.0095383 0.010927 0.0232027 0.0116785 0.0257572 0.00886857 0.011542 0.0181305 0.0151285 0.010284 0.0096399 0.0361852 0.0130004 0.0194991 0.0261594 0.0227267 0.0186109 0.0109852 0.00959148 0.0106025 0.00946857 0.00831478 0.00954469 0.00861964 0.00834675 
0.0283264 0.0105956 0.0105089 0.0135271 0.548102 0.0114826 0.0111838 0.0126049 0.0103273 0.011106 0.0224076 0.00822126 0.00332254 0.00327605 0.00322566 0.00320391 0.00320393 0.00370394 0 0.0477556 0.0332602 0.00774693 0.00781256 0.0124798 0.0162533 0.0122506 0.0108553 0.0113199 0.0111186 0.00907851 0.0100422 0.0411037 0.0122743 0.0119246 0.0113305 0.0242172 0.0198107 0.00860625 0.0110194 0.00843724 0.0129675 0.02949 0.0111224 0.013629 0.00882689 0.0116783 0.0199543 0.0100735 0.00933855 0.00991419 0.0419988 0.0103125 0.0109479 0.0104627 0.0130026 0.0104226 0.0108039 0.0112784 0.020055 0.00873731 0.00836371 0.0100029 0.0116808 0.00863702 0.00832577 
0.0145026 0.0100897 0.014162 0.062721 0.0122708 0.00943139 0.00867431 0.00842936 0.00913496 0.00975425 0.0173656 0.0139608 0.00648221 0.00557346 0.00548461 0.00471308 0.00529836 0.0162553 0.0477556 0 0.0116308 0.00377854 0.00357183 0.00360827 0.00709329 0.00650291 0.00698415 0.00878679 0.00776951 0.00803393 0.0122895 0.012371 0.0113127 0.00814766 0.0102882 0.0136335 0.0135527 0.00878102 0.00813223 0.0103159 0.0110905 0.0134691 0.00940127 0.00844389 0.0102458 0.0105079 0.0130048 0.00850866 0.00840289 0.0134164 0.0106222 0.00923711 0.00829875 0.00835336 0.00853614 0.00854301 0.00862197 0.0115452 0.0109074 0.00820745 0.00825203 0.0102638 0.0123671 0.00824303 0.0102277 
0.0134312 0.0176078 0.0187521 0.0118773 0.0115116 0.0114072 0.0106665 0.0156281 0.011728 0.0157625 0.0392663 0.0124698 0.00729894 0.00961326 0.00724386 0.00918763 0.00818605 0.0113506 0.0332602 0.0116308 0 0.00321336 0.00323651 0.0034389 0.00378495 0.0057593 0.0190342 0.0123063 0.0134358 0.00763522 0.0142134 0.0180458 0.00941275 0.010959 0.0118456 0.0292421 0.0121909 0.00962709 0.0116601 0.0098186 0.0256735 0.013582 0.00995612 0.0144709 0.0133414 0.0293021 0.0155837 0.0104587 0.0120012 0.0176725 0.0123287 0.012008 0.0147065 0.013662 0.0195808 0.0156263 0.0134655 0.0212114 0.0147604 0.00918063 0.00929615 0.0185152 0.00847013 0.00950446 0.0105255 
0.0100166 0.0176387 0.0114599 0.00845494 0.0094832 0.0160004 0.0191409 0.0110673 0.0296955 0.0210128 0.0134105 0.00840879 0.0164928 0.00827374 0.0164217 0.0121024 0.0341373 0.0533144 0.00774693 0.00377854 0.00321336 0 0.0031881 0.00318486 0.00456384 0.0109751 0.0152746 0.0132946 0.0064909 0.00869665 0.00818278 0.00731469 0.013135 0.0122612 0.0248706 0.0103749 0.0100324 0.0170009 0.00944922 0.0173585 0.00897975 0.0103484 0.0151913 0.0145817 0.0344963 0.00885172 0.0112418 0.0172897 0.0178686 0.0107977 0.00899888 0.0199345 0.0164778 0.0359257 0.0313984 0.038736 0.0173418 0.00985742 0.00882111 0.0117015 0.0121548 0.00849915 0.00859986 0.00935584 0.00832505 
0.0100743 0.0159331 0.0109411 0.00855096 0.0106632 0.0152169 0.013456 0.016084 0.0210236 0.0385949 0.0170425 0.0117541 0.0152157 0.0190888 0.0165698 0.0319846 0.0291086 0.0191386 0.00781256 0.00357183 0.00323651 0.0031881 0 0.00314677 0.00395985 0.0227065 0.00555762 0.00665917 0.00746938 0.0128441 0.00643342 0.00825469 0.015605 0.0149752 0.0249879 0.0123857 0.0101908 0.0111536 0.0113037 0.0109591 0.0114456 0.00984187 0.0139598 0.0179773 0.0168123 0.00924936 0.0111598 0.0215621 0.0236914 0.0105619 0.00958965 0.0135235 0.0168646 0.0178205 0.0247753 0.0223288 0.0304802 0.0109574 0.00969088 0.0103567 0.0106727 0.00886525 0.00869044 0.00907302 0.00826711 
0.0135055 0.00993675 0.0101648 0.00944552 0.0155586 0.00953681 0.010693 0.01208 0.0115437 0.0120214 0.0273249 0.0252434 0.00906454 0.0120534 0.0222184 0.0335948 0.0114769 0.00846983 0.0124798 0.00360827 0.0034389 0.00318486 0.00314677 0 0.0382377 0.0044221 0.00360669 0.00751371 0.00411647 0.00477286 0.00519281 0.0132998 0.00814476 0.00785526 0.00894189 0.0126868 0.0121264 0.00888431 0.00923239 0.00849607 0.0121822 0.0136341 0.0101851 0.0115133 0.0101705 0.0109771 0.0158507 0.0100324 0.0106368 0.0108497 0.0129722 0.00938627 0.011193 0.0105113 0.0160159 0.0113667 0.0124847 0.0133727 0.016038 0.00880253 0.00864818 0.0104838 0.00996473 0.0085073 0.00835234 
0.0122465 0.0117719 0.0156906 0.00972288 0.0136987 0.0135796 0.0142715 0.0127568 0.0139867 0.013921 0.0301906 0.0208505 0.0161066 0.01659 0.0142585 0.0106152 0.0108655 0.0151455 0.0162533 0.00709329 0.00378495 0.00456384 0.00395985 0.0382377 0 0.00320476 0.00319374 0.00322005 0.0031998 0.00328411 0.00409941 0.0064068 0.00665231 0.0075362 0.00988007 0.0343732 0.0195345 0.0137279 0.00891588 0.0107918 0.0139695 0.0172669 0.0136906 0.011872 0.0183526 0.0150711 0.020448 0.0120776 0.0104924 0.018728 0.0136389 0.0166076 0.0139646 0.0157769 0.0199859 0.0166807 0.0178152 0.0211485 0.0137408 0.00936406 0.00957633 0.0115891 0.00974429 0.00883337 0.0109927 
0.00959675 0.0204337 0.00986291 0.00847063 0.00973208 0.0220535 0.0216589 0.0255802 0.019972 0.0390801 0.0150351 0.0145226 0.0281265 0.039543 0.0176862 0.0175236 0.0141166 0.0199502 0.0122506 0.00650291 0.0057593 0.0109751 0.0227065 0.0044221 0.00320476 0 0.00320502 0.00323497 0.00316752 0.00326212 0.00335225 0.00539287 0.00720135 0.0101356 0.0257793 0.0224901 0.0143185 0.0150508 0.0123044 0.0117398 0.0102799 0.0108077 0.0152782 0.0281732 0.0272231 0.0114224 0.0119806 0.0212491 0.0229203 0.0105753 0.0105947 0.0200614 0.0374003 0.0523382 0.0547076 0.0582948 0.0310146 0.0115363 0.0116014 0.012525 0.010852 0.00918969 0.00903046 0.00987832 0.00856468 
0.0107066 0.0107712 0.0109071 0.00833336 0.0106218 0.0169621 0.0410934 0.0498296 0.0592733 0.0298359 0.0147017 0.0156858 0.0313372 0.0423774 0.0368589 0.028246 0.0303404 0.0133791 0.0108553 0.00698415 0.0190342 0.0152746 0.00555762 0.00360669 0.00319374 0.00320502 0 0.00328835 0.00327616 0.00338284 0.00329505 0.00521154 0.00681947 0.0281309 0.0348677 0.099833 0.0110423 0.0138777 0.0137604 0.0115757 0.0113928 0.0109968 0.0187927 0.0495949 0.0186324 0.0122915 0.0142545 0.0258814 0.0218949 0.012458 0.0109874 0.0251888 0.0723901 0.082295 0.173271 0.0952902 0.0315252 0.0131387 0.0115636 0.0159816 0.0114097 0.00903949 0.00965732 0.00926529 0.00865545 
0.0122588 0.0108804 0.0108505 0.00849231 0.0104935 0.0240603 0.0393692 0.053689 0.0714185 0.0269989 0.0196193 0.0207437 0.0280386 0.036661 0.0397552 0.0291614 0.0196159 0.0189319 0.0113199 0.00878679 0.0123063 0.0132946 0.00665917 0.00751371 0.00322005 0.00323497 0.00328835 0 0.00324156 0.00328427 0.00322528 0.00473668 0.0259232 0.0283414 0.147459 0.0327025 0.0114517 0.0167263 0.0117672 0.0167977 0.00985682 0.0122404 0.0302343 0.0274957 0.032383 0.0102884 0.0184805 0.0245419 0.0223835 0.0133341 0.0119017 0.0380454 0.0557763 0.139678 0.132383 0.119485 0.0261537 0.0166969 0.0133864 0.0158417 0.0134005 0.00962041 0.011074 0.00908707 0.00914371 
0.0106924 0.0104066 0.00917928 0.00833075 0.0100067 0.0114487 0.0308925 0.0370192 0.0216371 0.0212689 0.0111762 0.0140202 0.0144797 0.0332309 0.0180116 0.0229882 0.01601 0.0105322 0.0111186 0.00776951 0.0134358 0.0064909 0.00746938 0.00411647 0.0031998 0.00316752 0.00327616 0.00324156 0 0.00323496 0.00318976 0.0116706 0.0130908 0.160661 0.0254349 0.00690923 0.010416 0.00954549 0.0147897 0.00895995 0.0104632 0.0113887 0.0105557 0.0454008 0.010627 0.0110278 0.0117428 0.0189644 0.0178383 0.00979836 0.0116554 0.0148479 0.0615031 0.0393184 0.079107 0.0486116 0.0220997 0.0105251 0.0117826 0.0120053 0.0100852 0.00925731 0.00890453 0.00926181 0.00853604 
0.00913583 0.0124516 0.00888773 0.00834313 0.00953831 0.014588 0.0133282 0.0156274 0.0133391 0.0289069 0.0133591 0.0123259 0.0138095 0.0170603 0.0154 0.0118445 0.0106885 0.0170135 0.00907851 0.00803393 0.00763522 0.00869665 0.0128441 0.00477286 0.00328411 0.00326212 0.00338284 0.00328427 0.00323496 0 0.00317038 0.00595971 0.0889637 0.0215031 0.00887808 0.00665057 0.0154407 0.0105111 0.0088809 0.0105077 0.00943438 0.00933162 0.0179115 0.0120847 0.0168913 0.00898074 0.010345 0.0154777 0.0202758 0.00956814 0.0096751 0.0157084 0.01812 0.0211287 0.0251548 0.0251167 0.0269307 0.0105536 0.0102617 0.0106565 0.010035 0.00853877 0.0089185 0.00973415 0.00820726 
0.0150826 0.00837811 0.013926 0.0108696 0.0184888 0.0113583 0.0100816 0.00935624 0.0122173 0.0103172 0.0223243 0.020191 0.0114568 0.00958767 0.0158147 0.00949495 0.0100279 0.0120426 0.0100422 0.0122895 0.0142134 0.00818278 0.00643342 0.00519281 0.00409941 0.00335225 0.00329505 0.00322528 0.00318976 0.00317038 0 0.0910433 0.0151483 0.00408348 0.00404785 0.00481321 0.015256 0.00985796 0.00777057 0.00976801 0.00960043 0.0228411 0.0116828 0.00920568 0.0136777 0.00901218 0.0200851 0.00920902 0.00992199 0.0142174 0.0151714 0.0209461 0.0095944 0.0107112 0.0119823 0.0113623 0.0116357 0.0132516 0.0127991 0.00937631 0.0088314 0.00873795 0.0168955 0.00831786 0.00960345 
0.0112055 0.0109749 0.0123277 0.0119973 0.0126273 0.00923942 0.010054 0.0123105 0.00933505 0.0147606 0.0249618 0.0404372 0.00990143 0.0146596 0.00938733 0.0132813 0.00981927 0.0109971 0.0411037 0.012371 0.0180458 0.00731469 0.00825469 0.0132998 0.0064068 0.00539287 0.00521154 0.00473668 0.0116706 0.00595971 0.0910433 0 0.00336082 0.00321262 0.00325351 0.00400456 0.0188972 0.00765055 0.0104919 0.00932952 0.747494 0.0174039 0.00874916 0.0142862 0.0107287 0.0414623 0.0156041 0.00972508 0.0116634 0.0180782 0.0224158 0.010098 0.0181028 0.0114731 0.0178681 0.0137138 0.0130057 0.0275866 0.023247 0.00886223 0.00933385 0.0219295 0.00942321 0.00959114 0.0115862 
0.00930617 0.0106824 0.012091 0.00848221 0.00899134 0.0148938 0.0152396 0.0120916 0.0287392 0.0140877 0.0159518 0.0118154 0.0473283 0.011871 0.0321952 0.0111809 0.011227 0.0365453 0.0122743 0.0113127 0.00941275 0.013135 0.015605 0.00814476 0.00665231 0.00720135 0.00681947 0.0259232 0.0130908 0.0889637 0.0151483 0.00336082 0 0.00319153 0.00337644 0.00323851 0.00930335 0.023165 0.00820093 0.866701 0.0128345 0.00950496 0.019402 0.0101446 0.0600712 0.0102877 0.0139051 0.0172411 0.0139603 0.0346043 0.0100283 0.0376901 0.0145957 0.0500408 0.0303288 0.0287558 0.0177061 0.0137171 0.00977752 0.013216 0.0119228 0.0100251 0.00984626 0.00950823 0.00986075 
0.00912618 0.0101897 0.00913821 0.00810584 0.00918847 0.0113293 0.0244851 0.0531876 0.0255533 0.0260121 0.0110382 0.0129772 0.011968 0.0915783 0.0199645 0.0296469 0.0412006 0.0123047 0.0119246 0.00814766 0.010959 0.0122612 0.0149752 0.00785526 0.0075362 0.0101356 0.0281309 0.0283414 0.160661 0.0215031 0.00408348 0.00321262 0.00319153 0 0.00322423 0.00320061 0.0109198 0.00841998 0.85848 0.00842233 0.0109062 0.0100566 0.0103575 0.0908113 0.0107797 0.0105099 0.0115991 0.0182996 0.0542091 0.00999799 0.0108634 0.0120846 0.0817072 0.0403224 0.102353 0.0715584 0.0247816 0.0108619 0.0114385 0.0137491 0.0113073 0.00918135 0.00872189 0.00910084 0.00870965 
0.0115548 0.01454 0.0118485 0.00830934 0.00944618 0.0199122 0.0266322 0.018637 0.0410085 0.0423977 0.0265933 0.011495 0.0427302 0.0144742 0.0358615 0.0291545 0.0249191 0.0403782 0.0113305 0.0102882 0.0118456 0.0248706 0.0249879 0.00894189 0.00988007 0.0257793 0.0348677 0.147459 0.0254349 0.00887808 0.00404785 0.00325351 0.00337644 0.00322423 0 0.00327615 0.00929739 0.852848 0.00810734 0.0218926 0.0098621 0.00958053 0.0418212 0.0135233 0.0594856 0.0104355 0.0129696 0.0517709 0.028506 0.0159251 0.00953626 0.0382213 0.0219921 0.0453498 0.0523506 0.0733237 0.0620989 0.0175317 0.0110559 0.0150886 0.0173043 0.0095987 0.0097547 0.0102295 0.00912184 
0.0147198 0.010419 0.0144759 0.0104522 0.0187877 0.0114948 0.0112746 0.01502 0.0119186 0.0218614 0.0514592 0.043434 0.0109394 0.0155717 0.0167336 0.0154548 0.0130133 0.0162952 0.0242172 0.0136335 0.0292421 0.0103749 0.0123857 0.0126868 0.0343732 0.0224901 0.099833 0.0327025 0.00690923 0.00665057 0.00481321 0.00400456 0.00323851 0.00320061 0.00327615 0 0.807282 0.00712084 0.0080726 0.00818554 0.045752 0.0242487 0.011273 0.0167325 0.0168359 0.0275373 0.0474349 0.0124197 0.0231487 0.0312715 0.0212613 0.0119103 0.0176658 0.01636 0.0274565 0.0212575 0.0405167 0.0351133 0.0205001 0.0102369 0.0100479 0.0145787 0.0137503 0.00900603 0.0101294 
0.00902505 0.008879 0.0105648 0.00988272 0.00864021 0.00857954 0.00875282 0.00914532 0.00892483 0.00998513 0.0161472 0.0136106 0.00904467 0.00995762 0.00902532 0.00984492 0.00889258 0.00995398 0.0198107 0.0135527 0.0121909 0.0100324 0.0101908 0.0121264 0.0195345 0.0143185 0.0110423 0.0114517 0.010416 0.0154407 0.015256 0.0188972 0.00930335 0.0109198 0.00929739 0.807282 0 0.00319933 0.00322815 0.00322118 0.00332889 0.00391971 0.00479457 0.00566246 0.00880127 0.136805 0.00856977 0.00773193 0.00976826 0.0166597 0.0116046 0.010482 0.0115081 0.0099749 0.0152765 0.0108734 0.0118782 0.0178509 0.0138425 0.00892058 0.00893215 0.0151485 0.00914625 0.00926789 0.0116124 
0.0082841 0.00866579 0.00898685 0.00792532 0.00832787 0.00960389 0.0108135 0.00994157 0.0177627 0.00926931 0.00948919 0.00896978 0.0261491 0.00911538 0.0254347 0.0094802 0.0101563 0.01519 0.00860625 0.00878102 0.00962709 0.0170009 0.0111536 0.00888431 0.0137279 0.0150508 0.0138777 0.0167263 0.00954549 0.0105111 0.00985796 0.00765055 0.023165 0.00841998 0.852848 0.00712084 0.00319933 0 0.00322278 0.00327554 0.00316495 0.0036106 0.00505708 0.00559336 0.121926 0.00540611 0.00816827 0.00941569 0.0103982 0.010052 0.00872791 0.0190174 0.00951378 0.0261529 0.012913 0.0201039 0.01112 0.0101294 0.00888286 0.0120865 0.0104687 0.00836589 0.00962433 0.00873679 0.00875544 
0.00854664 0.00955639 0.00816352 0.00801614 0.00858748 0.00860048 0.011517 0.0259179 0.00913271 0.0123494 0.0087405 0.0117047 0.00870103 0.0498978 0.00924321 0.0186136 0.0127428 0.00883773 0.0110194 0.00813223 0.0116601 0.00944922 0.0113037 0.00923239 0.00891588 0.0123044 0.0137604 0.0117672 0.0147897 0.0088809 0.00777057 0.0104919 0.00820093 0.85848 0.00810734 0.0080726 0.00322815 0.00322278 0 0.00313549 0.00322625 0.00470151 0.00544703 0.112239 0.00526893 0.00668997 0.00639777 0.00720994 0.0127439 0.00747079 0.0108012 0.00859832 0.0340911 0.0112694 0.0224292 0.0135225 0.0115929 0.00907883 0.0133007 0.00910898 0.0108505 0.0107206 0.00834309 0.0103751 0.0082138 
0.00852475 0.00864074 0.00916036 0.00798483 0.00861897 0.0113075 0.0139102 0.00891647 0.0159955 0.0102097 0.0105601 0.00963745 0.0251003 0.00904503 0.0226233 0.0104641 0.0105209 0.0150161 0.00843724 0.0103159 0.0098186 0.0173585 0.0109591 0.00849607 0.0107918 0.0117398 0.0115757 0.0167977 0.00895995 0.0105077 0.00976801 0.00932952 0.866701 0.00842233 0.0218926 0.00818554 0.00322118 0.00327554 0.00313549 0 0.00314475 0.00479247 0.11986 0.00454116 0.00509657 0.00423711 0.00705633 0.0122766 0.00775643 0.00908873 0.00895771 0.023775 0.00929588 0.0132322 0.0133497 0.0191109 0.012177 0.00976388 0.00962334 0.0135866 0.0106271 0.00832774 0.0127321 0.00894696 0.00895924 
0.0114795 0.00887785 0.00846845 0.00904834 0.0138148 0.009362 0.00888938 0.0106574 0.00898706 0.0122787 0.015436 0.0325494 0.00902397 0.0116623 0.00999931 0.00984141 0.00941777 0.0095383 0.0129675 0.0110905 0.0256735 0.00897975 0.0114456 0.0121822 0.0139695 0.0102799 0.0113928 0.00985682 0.0104632 0.00943438 0.00960043 0.747494 0.0128345 0.0109062 0.0098621 0.045752 0.00332889 0.00316495 0.00322625 0.00314475 0 0.0879165 0.00667503 0.00400384 0.0034294 0.00579139 0.0146524 0.00712193 0.00784469 0.00899483 0.0236721 0.0105042 0.0120793 0.0100152 0.0118519 0.0113599 0.0156427 0.0159379 0.0305619 0.00904154 0.00877951 0.0155702 0.013244 0.00929091 0.00926837 
0.0093124 0.00928918 0.0126491 0.00988747 0.00897442 0.0086514 0.00917177 0.00943399 0.0106775 0.0100628 0.0165442 0.0174669 0.00935005 0.0106047 0.00918697 0.0162051 0.0091817 0.010927 0.02949 0.0134691 0.013582 0.0103484 0.00984187 0.0136341 0.0172669 0.0108077 0.0109968 0.0122404 0.0113887 0.00933162 0.0228411 0.0174039 0.00950496 0.0100566 0.00958053 0.0242487 0.00391971 0.0036106 0.00470151 0.00479247 0.0879165 0 0.00323519 0.00325536 0.00324315 0.00371957 0.00540111 0.00564753 0.00673082 0.0267617 0.0143736 0.0108988 0.0119036 0.0110187 0.0139175 0.0118204 0.0122742 0.0316316 0.0217257 0.00972098 0.00954446 0.0201403 0.0106769 0.0102601 0.0136149 
0.00822535 0.0101368 0.00999117 0.00797506 0.00825882 0.0101699 0.0128127 0.0136063 0.0209168 0.0111362 0.0112626 0.00931024 0.0262818 0.0113165 0.0393669 0.0106892 0.0127199 0.0232027 0.0111224 0.00940127 0.00995612 0.0151913 0.0139598 0.0101851 0.0136906 0.0152782 0.0187927 0.0302343 0.0105557 0.0179115 0.0116828 0.00874916 0.019402 0.0103575 0.0418212 0.011273 0.00479457 0.00505708 0.00544703 0.11986 0.00667503 0.00323519 0 0.00322286 0.00323534 0.00323688 0.00493632 0.00697428 0.016754 0.0236763 0.00823434 0.0225816 0.0108789 0.0201901 0.0162405 0.0215827 0.0266929 0.013655 0.00977981 0.0140878 0.0157742 0.0102677 0.00955333 0.0103934 0.0101441 
0.00882737 0.010122 0.00860956 0.00795048 0.00916616 0.01157 0.023809 0.0467081 0.0179802 0.0233604 0.011185 0.0135425 0.0117607 0.127869 0.0163198 0.0574615 0.0407386 0.0116785 0.013629 0.00844389 0.0144709 0.0145817 0.0179773 0.0115133 0.011872 0.0281732 0.0495949 0.0274957 0.0454008 0.0120847 0.00920568 0.0142862 0.0101446 0.0908113 0.0135233 0.0167325 0.00566246 0.00559336 0.112239 0.00454116 0.00400384 0.00325536 0.00322286 0 0.00322524 0.00318711 0.00515163 0.0137468 0.0190122 0.00866887 0.0120693 0.0104859 0.0482289 0.0229613 0.0493573 0.0463999 0.0305071 0.0137399 0.0152413 0.0156859 0.0119763 0.0123599 0.00924099 0.0114444 0.00887394 
0.00951151 0.0092913 0.0106581 0.00824244 0.00953826 0.0186118 0.0169606 0.0112096 0.0301037 0.0154726 0.0148204 0.0118035 0.0539605 0.0109076 0.0399742 0.0155555 0.0153619 0.0257572 0.00882689 0.0102458 0.0133414 0.0344963 0.0168123 0.0101705 0.0183526 0.0272231 0.0186324 0.032383 0.010627 0.0168913 0.0136777 0.0107287 0.0600712 0.0107797 0.0594856 0.0168359 0.00880127 0.121926 0.00526893 0.00509657 0.0034294 0.00324315 0.00323534 0.00322524 0 0.00317359 0.00865287 0.020705 0.00789089 0.00820398 0.00856252 0.0349666 0.011944 0.0201924 0.0362479 0.035005 0.0219969 0.0155615 0.0112055 0.0222161 0.0189856 0.00884998 0.0175379 0.00998931 0.0105158 
0.0109738 0.00894939 0.00821964 0.00902729 0.0157548 0.0089355 0.00891943 0.0122258 0.00901813 0.0110555 0.0105431 0.040315 0.00891703 0.0136501 0.00927802 0.0108662 0.00960146 0.00886857 0.0116783 0.0105079 0.0293021 0.00885172 0.00924936 0.0109771 0.0150711 0.0114224 0.0122915 0.0102884 0.0110278 0.00898074 0.00901218 0.0414623 0.0102877 0.0105099 0.0104355 0.0275373 0.136805 0.00540611 0.00668997 0.00423711 0.00579139 0.00371957 0.00323688 0.00318711 0.00317359 0 0.0181363 0.00488419 0.00559678 0.00548309 0.0179762 0.0097644 0.0117213 0.0112892 0.0151588 0.0118728 0.0145153 0.0111957 0.0396444 0.00926457 0.00869572 0.0185404 0.0152464 0.0096694 0.00886376 
0.00912197 0.00969178 0.0120321 0.00905293 0.00884791 0.00923726 0.0108147 0.0107066 0.0119156 0.0103679 0.0223607 0.0132273 0.012507 0.0113336 0.0126339 0.0104604 0.0112887 0.011542 0.0199543 0.0130048 0.0155837 0.0112418 0.0111598 0.0158507 0.020448 0.0119806 0.0142545 0.0184805 0.0117428 0.010345 0.0200851 0.0156041 0.0139051 0.0115991 0.0129696 0.0474349 0.00856977 0.00816827 0.00639777 0.00705633 0.0146524 0.00540111 0.00493632 0.00515163 0.00865287 0.0181363 0 0.00320082 0.00320261 0.00329636 0.00642454 0.00871654 0.0219188 0.0243906 0.0313826 0.0179881 0.0108294 0.0290421 0.0162866 0.010895 0.0100882 0.0191358 0.0123707 0.00982201 0.0192273 
0.00868266 0.00939932 0.00913338 0.00786252 0.0084239 0.0109526 0.0135334 0.0151574 0.017182 0.0162887 0.0103342 0.00998983 0.0184955 0.0178444 0.0221222 0.0175052 0.0164938 0.0181305 0.0100735 0.00850866 0.0104587 0.0172897 0.0215621 0.0100324 0.0120776 0.0212491 0.0258814 0.0245419 0.0189644 0.0154777 0.00920902 0.00972508 0.0172411 0.0182996 0.0517709 0.0124197 0.00773193 0.00941569 0.00720994 0.0122766 0.00712193 0.00564753 0.00697428 0.0137468 0.020705 0.00488419 0.00320082 0 0.00315524 0.00316344 0.00632509 0.0201657 0.0405649 0.03768 0.0173666 0.0212409 0.0266442 0.00938216 0.0122573 0.0143075 0.022919 0.00944307 0.0100352 0.0194482 0.0107789 
0.0084855 0.00990017 0.00872841 0.0079437 0.00884565 0.0104462 0.0131259 0.0159555 0.0142514 0.0242061 0.0108928 0.0102957 0.0146016 0.0222479 0.0169325 0.0211789 0.0179639 0.0151285 0.00933855 0.00840289 0.0120012 0.0178686 0.0236914 0.0106368 0.0104924 0.0229203 0.0218949 0.0223835 0.0178383 0.0202758 0.00992199 0.0116634 0.0139603 0.0542091 0.028506 0.0231487 0.00976826 0.0103982 0.0127439 0.00775643 0.00784469 0.00673082 0.016754 0.0190122 0.00789089 0.00559678 0.00320261 0.00315524 0 0.00315206 0.0124581 0.0337062 0.0368577 0.0140519 0.0141024 0.0292361 0.0168351 0.00907643 0.0098223 0.0164575 0.0175969 0.0101168 0.0107825 0.0165806 0.00922244 
0.0104224 0.00858958 0.00905377 0.00901311 0.0118219 0.00979489 0.00963045 0.0105426 0.0101828 0.00957579 0.0160416 0.0189558 0.0107718 0.0105726 0.0118517 0.010988 0.0101203 0.010284 0.00991419 0.0134164 0.0176725 0.0107977 0.0105619 0.0108497 0.018728 0.0105753 0.012458 0.0133341 0.00979836 0.00956814 0.0142174 0.0180782 0.0346043 0.00999799 0.0159251 0.0312715 0.0166597 0.010052 0.00747079 0.00908873 0.00899483 0.0267617 0.0236763 0.00866887 0.00820398 0.00548309 0.00329636 0.00316344 0.00315206 0 0.0994552 0.0296042 0.01218 0.00929912 0.0129908 0.0115235 0.0146295 0.0114669 0.0157353 0.00989184 0.00986374 0.0127636 0.0225771 0.00884975 0.0100088 
0.00877434 0.00906868 0.00971984 0.00959983 0.0086058 0.00846607 0.00876678 0.010342 0.00877754 0.0101247 0.0142765 0.0152264 0.00884 0.0120755 0.00913392 0.00976608 0.00951797 0.0096399 0.0419988 0.0106222 0.0123287 0.00899888 0.00958965 0.0129722 0.0136389 0.0105947 0.0109874 0.0119017 0.0116554 0.0096751 0.0151714 0.0224158 0.0100283 0.0108634 0.00953626 0.0212613 0.0116046 0.00872791 0.0108012 0.00895771 0.0236721 0.0143736 0.00823434 0.0120693 0.00856252 0.0179762 0.00642454 0.00632509 0.0124581 0.0994552 0 0.00322431 0.00319289 0.0032063 0.0033345 0.00341141 0.00346113 0.00548619 0.0107688 0.00754441 0.00781501 0.0333264 0.0121142 0.0125481 0.0162384 
0.00857807 0.00932244 0.00953646 0.00796081 0.00842935 0.0116125 0.0153476 0.0122518 0.0247162 0.0116428 0.0134927 0.0100505 0.0310106 0.0126592 0.0337561 0.0134193 0.0167154 0.0361852 0.0103125 0.00923711 0.012008 0.0199345 0.0135235 0.00938627 0.0166076 0.0200614 0.0251888 0.0380454 0.0148479 0.0157084 0.0209461 0.010098 0.0376901 0.0120846 0.0382213 0.0119103 0.010482 0.0190174 0.00859832 0.023775 0.0105042 0.0108988 0.0225816 0.0104859 0.0349666 0.0097644 0.00871654 0.0201657 0.0337062 0.0296042 0.00322431 0 0.00317064 0.00320911 0.00328655 0.00336076 0.0035444 0.00382632 0.00868887 0.011731 0.0146138 0.00938116 0.0154222 0.0185908 0.0116256 
0.00889842 0.00971314 0.00871374 0.0079035 0.00931738 0.0116523 0.0273361 0.0479047 0.0239249 0.0285833 0.0107331 0.0145702 0.0161086 0.0892732 0.0346304 0.0606473 0.079169 0.0130004 0.0109479 0.00829875 0.0147065 0.0164778 0.0168646 0.011193 0.0139646 0.0374003 0.0723901 0.0557763 0.0615031 0.01812 0.0095944 0.0181028 0.0145957 0.0817072 0.0219921 0.0176658 0.0115081 0.00951378 0.0340911 0.00929588 0.0120793 0.0119036 0.0108789 0.0482289 0.011944 0.0117213 0.0219188 0.0405649 0.0368577 0.01218 0.00319289 0.00317064 0 0.00323745 0.00328525 0.00332764 0.00323999 0.00328096 0.0100031 0.0144877 0.0102615 0.0191995 0.0169189 0.0167888 0.0101252 
0.00891837 0.00929181 0.00894494 0.00789423 0.00907987 0.0149828 0.0405933 0.0400594 0.0611803 0.0204922 0.0132362 0.0132438 0.0385758 0.0618655 0.0954152 0.120072 0.0577722 0.0194991 0.0104627 0.00835336 0.013662 0.0359257 0.0178205 0.0105113 0.0157769 0.0523382 0.082295 0.139678 0.0393184 0.0211287 0.0107112 0.0114731 0.0500408 0.0403224 0.0453498 0.01636 0.0099749 0.0261529 0.0112694 0.0132322 0.0100152 0.0110187 0.0201901 0.0229613 0.0201924 0.0112892 0.0243906 0.03768 0.0140519 0.00929912 0.0032063 0.00320911 0.00323745 0 0.00324785 0.00324749 0.00326177 0.00322007 0.012815 0.0120521 0.0154996 0.01733 0.0181608 0.0129488 0.0104516 
0.009873 0.0108606 0.00970239 0.00795273 0.00973751 0.0177539 0.0491529 0.094203 0.0533543 0.0392898 0.0162488 0.0189234 0.0355814 0.149399 0.171333 0.120274 0.0742015 0.0261594 0.0130026 0.00853614 0.0195808 0.0313984 0.0247753 0.0160159 0.0199859 0.0547076 0.173271 0.132383 0.079107 0.0251548 0.0119823 0.0178681 0.0303288 0.102353 0.0523506 0.0274565 0.0152765 0.012913 0.0224292 0.0133497 0.0118519 0.0139175 0.0162405 0.0493573 0.0362479 0.0151588 0.0313826 0.0173666 0.0141024 0.0129908 0.0033345 0.00328655 0.00328525 0.00324785 0 0.00327205 0.00324131 0.00320825 0.0107236 0.0184198 0.0355286 0.0445576 0.0164726 0.0172456 0.0139455 
0.00930856 0.00962931 0.00933274 0.00790219 0.00953985 0.0171322 0.0435942 0.0422145 0.0655903 0.0250439 0.0150236 0.0147848 0.0446811 0.111589 0.118197 0.0584276 0.0682955 0.0227267 0.0104226 0.00854301 0.0156263 0.038736 0.0223288 0.0113667 0.0166807 0.0582948 0.0952902 0.119485 0.0486116 0.0251167 0.0113623 0.0137138 0.0287558 0.0715584 0.0733237 0.0212575 0.0108734 0.0201039 0.0135225 0.0191109 0.0113599 0.0118204 0.0215827 0.0463999 0.035005 0.0118728 0.0179881 0.0212409 0.0292361 0.0115235 0.00341141 0.00336076 0.00332764 0.00324749 0.00327205 0 0.00326222 0.00319571 0.0075177 0.0455369 0.056656 0.0188657 0.0140715 0.0157201 0.0132311 
0.00894975 0.0101637 0.0085091 0.00808268 0.00975234 0.0124295 0.0133605 0.0204231 0.0143187 0.0309538 0.0146355 0.0166181 0.0291461 0.0259953 0.0203158 0.0260039 0.0183162 0.0186109 0.0108039 0.00862197 0.0134655 0.0173418 0.0304802 0.0124847 0.0178152 0.0310146 0.0315252 0.0261537 0.0220997 0.0269307 0.0116357 0.0130057 0.0177061 0.0247816 0.0620989 0.0405167 0.0118782 0.01112 0.0115929 0.012177 0.0156427 0.0122742 0.0266929 0.0305071 0.0219969 0.0145153 0.0108294 0.0266442 0.0168351 0.0146295 0.00346113 0.0035444 0.00323999 0.00326177 0.00324131 0.00326222 0 0.00326263 0.0186613 0.0601264 0.0203833 0.0104674 0.0140956 0.0373378 0.0131399 
0.0121646 0.00845107 0.00872464 0.00900509 0.0134905 0.00963019 0.00974745 0.00985803 0.0107485 0.0102092 0.01471 0.0368883 0.0105289 0.0105693 0.0121459 0.0102638 0.00988452 0.0109852 0.0112784 0.0115452 0.0212114 0.00985742 0.0109574 0.0133727 0.0211485 0.0115363 0.0131387 0.0166969 0.0105251 0.0105536 0.0132516 0.0275866 0.0137171 0.0108619 0.0175317 0.0351133 0.0178509 0.0101294 0.00907883 0.00976388 0.0159379 0.0316316 0.013655 0.0137399 0.0155615 0.0111957 0.0290421 0.00938216 0.00907643 0.0114669 0.00548619 0.00382632 0.00328096 0.00322007 0.00320825 0.00319571 0.00326263 0 0.0411439 0.0105928 0.00519298 0.00790202 0.0208586 0.0100853 0.0189832 
0.00953976 0.00879528 0.00910518 0.00952626 0.00859187 0.00832757 0.00872388 0.0105401 0.00860853 0.0106532 0.0128725 0.0187684 0.00884604 0.0133128 0.00913836 0.0102261 0.00931306 0.00959148 0.020055 0.0109074 0.0147604 0.00882111 0.00969088 0.016038 0.0137408 0.0116014 0.0115636 0.0133864 0.0117826 0.0102617 0.0127991 0.023247 0.00977752 0.0114385 0.0110559 0.0205001 0.0138425 0.00888286 0.0133007 0.00962334 0.0305619 0.0217257 0.00977981 0.0152413 0.0112055 0.0396444 0.0162866 0.0122573 0.0098223 0.0157353 0.0107688 0.00868887 0.0100031 0.012815 0.0107236 0.0075177 0.0186613 0.0411439 0 0.00338238 0.00334609 0.00985657 0.0120412 0.02237 0.3886 
