1MHNA
LQQWKVGDKCSAIWSEDGCIYPATIASIDFKRETCVVVYTGYGNREEQNLSDLLSPICE
CCCCCCCCEEEEECCCCCCEEEEEEEEEECCCCEEEEEECCCCEEEEEEHHHCECCCCC
0 0 0 0 0 0 0 0 0 0 0 0 0 0 0 0 0 0 0 0 0 0 0 0 0 0 0 0 0 0 0 0 0 0 0 0 0 0 0 0 0 0 0 0 0 0 0 0 0 0 0 0 0 0 0 0 0 0 0 
0 0 0 0 0 0 0 0 0 0 0 0 0 0 0 0 0 0 0 0 0 0 0 0 0 0 0 0 0 0 0 0 0 0 0 0 0 0 0 0 0 0 0 0 0 0 0 0 0 0 0 0 0 0 0 0 0 0 0 
0 0.00317959 0.00322664 0.00316969 0.00395893 0.0118817 0.00590149 0.00906463 0.00735142 0.928793 0.0103072 0.0107075 0.0117147 0.00787575 0.0454577 0.0150088 0.0095086 0.0149684 0.00897102 0.0208861 0.0124708 0.00955191 0.0086367 0.00825646 0.0100657 0.00858342 0.0356953 0.0104075 
0.00317959 0 0.00317271 0.00324634 0.00320422 0.00507582 0.0106547 0.00703227 0.938679 0.00839918 0.0120268 0.00955758 0.00819203 0.0535083 0.0078629 0.00905409 0.0299704 0.00994849 0.0462627 0.00972756 0.015911 0.00857116 0.0087052 0.0109164 0.00852149 0.0254486 0.00895337 0.00924679 
0.00322664 0.00317271 0 0.00314923 0.00318086 0.00644032 0.00631515 0.962037 0.0071374 0.0147265 0.00722347 0.00799601 0.0227674 0.00742798 0.00987025 0.010419 0.0101926 0.0849498 0.0113372 0.0295367 0.0087654 0.00874436 0.00950487 0.00888923 0.0359474 0.00856689 0.0121764 0.00875309 
0.00316969 0.00324634 0.00314923 0 0.00314637 0.00494014 0.95748 0.00601049 0.0141332 0.00715894 0.0135014 0.0124717 0.00804567 0.0149334 0.00700236 0.00875383 0.0291747 0.0115466 0.0323905 0.0110427 0.0132262 0.00860984 0.00892894 0.0197608 0.00852306 0.0204542 0.00858746 0.00891193 
0.00395893 0.00320422 0.00318086 0.00314637 0 0.973483 0.00554056 0.00889402 0.00605743 0.00847718 0.00780852 0.00738928 0.00820501 0.00682492 0.00953358 0.0177861 0.0104493 0.0130599 0.00924901 0.0169923 0.0111427 0.0126856 0.0120757 0.00849449 0.00936068 0.00844891 0.0156765 0.0118895 
0.0118817 0.00507582 0.00644032 0.00494014 0.973483 0 0.00327201 0.00316988 0.00317987 0.0034101 0.00332132 0.00332722 0.00357854 0.00417089 0.00702087 0.0072276 0.00778107 0.00982105 0.00819727 0.0157568 0.0147762 0.00878739 0.00842785 0.00819617 0.0113883 0.0088933 0.0244508 0.0114622 
0.00590149 0.0106547 0.00631515 0.95748 0.00554056 0.00327201 0 0.00315824 0.00315311 0.0032281 0.00319587 0.00316973 0.00361903 0.00493833 0.00374472 0.00580244 0.0078427 0.00812213 0.0101002 0.00947048 0.00968616 0.00825112 0.00970527 0.013872 0.00874591 0.0120568 0.00922248 0.00861588 
0.00906463 0.00703227 0.962037 0.00601049 0.00889402 0.00316988 0.00315824 0 0.00314887 0.00317819 0.00315986 0.00318331 0.0049223 0.00324469 0.00351371 0.0061282 0.00705393 0.0100945 0.0086375 0.0123486 0.00936263 0.0124398 0.0111213 0.00852138 0.0145837 0.00823015 0.0106914 0.0089314 
0.00735142 0.938679 0.0071374 0.0141332 0.00605743 0.00317987 0.00315311 0.00314887 0 0.00319967 0.00326332 0.00322481 0.00322938 0.0036337 0.0032693 0.00540431 0.00803102 0.0081725 0.0139899 0.00842338 0.555752 0.00837342 0.00809401 0.0139387 0.00815667 0.0166137 0.00812052 0.00906913 
0.928793 0.00839918 0.0147265 0.00715894 0.00847718 0.0034101 0.0032281 0.00317819 0.00319967 0 0.00318705 0.00322932 0.00350567 0.00320829 0.00358738 0.00641504 0.00672324 0.0160194 0.00893646 0.625495 0.0382591 0.00973865 0.00963674 0.00791251 0.0337735 0.00814696 0.0158707 0.00904658 
0.0103072 0.0120268 0.00722347 0.0135014 0.00780852 0.00332132 0.00319587 0.00315986 0.00326332 0.00318705 0 0.00321161 0.00319051 0.00349811 0.00317343 0.0046319 0.0114473 0.00820398 0.607287 0.0805905 0.016953 0.0079414 0.0077549 0.0119479 0.00803648 0.0127257 0.00791612 0.00957263 
0.0107075 0.00955758 0.00799601 0.0124717 0.00738928 0.00332722 0.00316973 0.00318331 0.00322481 0.00322932 0.00321161 0 0.00317246 0.00317725 0.00317213 0.0041417 0.00607546 0.0661707 0.179862 0.0117919 0.00743927 0.007191 0.00807755 0.00768798 0.00903487 0.00905958 0.00828474 0.00869861 
0.0117147 0.00819203 0.0227674 0.00804567 0.00820501 0.00357854 0.00361903 0.0049223 0.00322938 0.00350567 0.00319051 0.00317246 0 0.00316449 0.00325742 0.00424295 0.0151118 0.86605 0.0127625 0.0164958 0.00694208 0.00734588 0.00789513 0.00807694 0.0132554 0.00797104 0.00935703 0.00899311 
0.00787575 0.0535083 0.00742798 0.0149334 0.00682492 0.00417089 0.00493833 0.00324469 0.0036337 0.00320829 0.00349811 0.00317725 0.00316449 0 0.00318042 0.00991447 0.939695 0.00619267 0.0127921 0.00646008 0.00955495 0.0070261 0.00917575 0.0122536 0.00756186 0.0122495 0.00682662 0.00998727 
0.0454577 0.0078629 0.00987025 0.00700236 0.00953358 0.00702087 0.00374472 0.00351371 0.0032693 0.00358738 0.00317343 0.00317213 0.00325742 0.00318042 0 0.954797 0.00517939 0.00703735 0.00369521 0.00607757 0.00558151 0.00801275 0.00958331 0.00683134 0.0082313 0.00687409 0.012357 0.0130089 
0.0150088 0.00905409 0.010419 0.00875383 0.0177861 0.0072276 0.00580244 0.0061282 0.00540431 0.00641504 0.0046319 0.0041417 0.00424295 0.00991447 0.954797 0 0.00324749 0.0032403 0.00319358 0.00356714 0.00396881 0.00559262 0.00572821 0.00578047 0.00638733 0.00909917 0.900371 0.0121648 
0.0095086 0.0299704 0.0101926 0.0291747 0.0104493 0.00778107 0.0078427 0.00705393 0.00803102 0.00672324 0.0114473 0.00607546 0.0151118 0.939695 0.00517939 0.00324749 0 0.00320646 0.00318772 0.00323235 0.00357407 0.00470733 0.00608196 0.0058317 0.00761391 0.953997 0.0126529 0.00927233 
0.0149684 0.00994849 0.0849498 0.0115466 0.0130599 0.00982105 0.00812213 0.0100945 0.0081725 0.0160194 0.00820398 0.0661707 0.86605 0.00619267 0.00703735 0.0032403 0.00320646 0 0.00323032 0.00321696 0.00323642 0.00414546 0.00582524 0.00779751 0.968154 0.0113179 0.00634118 0.00784782 
0.00897102 0.0462627 0.0113372 0.0323905 0.00924901 0.00819727 0.0101002 0.0086375 0.0139899 0.00893646 0.607287 0.179862 0.0127625 0.0127921 0.00369521 0.00319358 0.00318772 0.00323032 0 0.00318385 0.00320133 0.00382327 0.00757092 0.972214 0.010549 0.00790227 0.00494414 0.00749564 
0.0208861 0.00972756 0.0295367 0.0110427 0.0169923 0.0157568 0.00947048 0.0123486 0.00842338 0.625495 0.0805905 0.0117919 0.0164958 0.00646008 0.00607757 0.00356714 0.00323235 0.00321696 0.00318385 0 0.00326501 0.00713529 0.995069 0.00844864 0.0109461 0.00538836 0.00670269 0.00751898 
0.0124708 0.015911 0.0087654 0.0132262 0.0111427 0.0147762 0.00968616 0.00936263 0.555752 0.0382591 0.016953 0.00743927 0.00694208 0.00955495 0.00558151 0.00396881 0.00357407 0.00323642 0.00320133 0.00326501 0 0.984083 0.00773234 0.00664754 0.00409991 0.00582003 0.00430191 0.0123212 
0.00955191 0.00857116 0.00874436 0.00860984 0.0126856 0.00878739 0.00825112 0.0124398 0.00837342 0.00973865 0.0079414 0.007191 0.00734588 0.0070261 0.00801275 0.00559262 0.00470733 0.00414546 0.00382327 0.00713529 0.984083 0 0.00492645 0.00319632 0.00335345 0.00363792 0.00498511 0.00764045 
0.0086367 0.0087052 0.00950487 0.00892894 0.0120757 0.00842785 0.00970527 0.0111213 0.00809401 0.00963674 0.0077549 0.00807755 0.00789513 0.00917575 0.00958331 0.00572821 0.00608196 0.00582524 0.00757092 0.995069 0.00773234 0.00492645 0 0.00341932 0.00319177 0.00329502 0.00325557 0.00546548 
0.00825646 0.0109164 0.00888923 0.0197608 0.00849449 0.00819617 0.013872 0.00852138 0.0139387 0.00791251 0.0119479 0.00768798 0.00807694 0.0122536 0.00683134 0.00578047 0.0058317 0.00779751 0.972214 0.00844864 0.00664754 0.00319632 0.00341932 0 0.0034021 0.00318442 0.00316895 0.00373833 
0.0100657 0.00852149 0.0359474 0.00852306 0.00936068 0.0113883 0.00874591 0.0145837 0.00815667 0.0337735 0.00803648 0.00903487 0.0132554 0.00756186 0.0082313 0.00638733 0.00761391 0.968154 0.010549 0.0109461 0.00409991 0.00335345 0.00319177 0.0034021 0 0.00314438 0.0031783 0.0036798 
0.00858342 0.0254486 0.00856689 0.0204542 0.00844891 0.0088933 0.0120568 0.00823015 0.0166137 0.00814696 0.0127257 0.00905958 0.00797104 0.0122495 0.00687409 0.00909917 0.953997 0.0113179 0.00790227 0.00538836 0.00582003 0.00363792 0.00329502 0.00318442 0.00314438 0 0.00315913 0.00387708 
0.0356953 0.00895337 0.0121764 0.00858746 0.0156765 0.0244508 0.00922248 0.0106914 0.00812052 0.0158707 0.00791612 0.00828474 0.00935703 0.00682662 0.012357 0.900371 0.0126529 0.00634118 0.00494414 0.00670269 0.00430191 0.00498511 0.00325557 0.00316895 0.0031783 0.00315913 0 0.0121184 
0.0104075 0.00924679 0.00875309 0.00891193 0.0118895 0.0114622 0.00861588 0.0089314 0.00906913 0.00904658 0.00957263 0.00869861 0.00899311 0.00998727 0.0130089 0.0121648 0.00927233 0.00784782 0.00749564 0.00751898 0.0123212 0.00764045 0.00546548 0.00373833 0.0036798 0.00387708 0.0121184 0 
