1NRZA
MQITLARIDDRLIHGQVTTVWSKVANAQRIIICNDDVFNDEVRRTLLRQAAPPGMKVNVVSLEKAVAVYHNPQYQDETVFYLFTNPHDVLTMVRQGVQIATLNIGGMAWRPGKKQLTKAVSLDPQDIQAFRELDKLGVKLDLRVVASDPSVNILDKINETAFC
CEEEEEEEECCCCCHHHHHHHHHHHCCCEEEEECHHHHCCHHHHHHHHHCCCCCCEEEEECHHHHHHHHCCHHHCCCEEEEEECCHHHHHHHHCCCCCCCEEEEEEECCCCCCEEEECCEEECHHHHHHHHHHHHCCCEEEECCCCCCCCECHHHHHHCCCCC
0 0 0 0 0 0 0 0 0 0 0 0 0 0 0 0 0 0 0 0 0 0 0 0 0 0 0 0 0 0 0 0 0 0 0 0 0 0 0 0 0 0 0 0 0 0 0 0 0 0 0 0 0 0 0 0 0 0 0 0 0 0 0 0 0 0 0 0 0 0 0 0 0 0 0 0 0 0 0 0 0 0 0 0 0 0 0 0 0 0 0 0 0 0 0 0 0 0 0 0 0 0 0 0 0 0 0 0 0 0 0 0 0 0 0 0 0 0 0 0 0 0 0 0 0 0 0 0 0 0 0 0 0 0 0 0 0 0 0 0 0 0 0 0 0 0 0 0 0 0 0 0 0 0 0 0 0 0 0 0 0 0 0 
0 0 0 0 0 0 0 0 0 0 0 0 0 0 0 0 0 0 0 0 0 0 0 0 0 0 0 0 0 0 0 0 0 0 0 0 0 0 0 0 0 0 0 0 0 0 0 0 0 0 0 0 0 0 0 0 0 0 0 0 0 0 0 0 0 0 0 0 0 0 0 0 0 0 0 0 0 0 0 0 0 0 0 0 0 0 0 0 0 0 0 0 0 0 0 0 0 0 0 0 0 0 0 0 0 0 0 0 0 0 0 0 0 0 0 0 0 0 0 0 0 0 0 0 0 0 0 0 0 0 0 0 0 0 0 0 0 0 0 0 0 0 0 0 0 0 0 0 0 0 0 0 0 0 0 0 0 0 0 0 0 0 0 
0 0.00329056 0.00339291 0.00328103 0.00334164 0.00378316 0.00423768 0.0226789 0.109108 0.0363893 0.0431876 0.0251918 0.0311971 0.0684633 0.00928972 0.0469513 0.0109465 0.0239659 0.0244945 0.0109548 0.0181492 0.0155423 0.0124598 0.0122093 0.0183604 0.0082548 0.0204764 0.00916583 0.0108191 0.00875995 0.00835775 0.00962549 0.00898408 0.00812121 0.0115495 0.00875606 0.00919569 0.0095191 0.0109008 0.0081379 0.0150553 0.00835699 0.00850368 
0.00329056 0 0.00327221 0.00328701 0.00329136 0.00339402 0.00877243 0.00326891 0.0594658 0.17901 0.0327198 0.0246047 0.0213547 0.00851976 0.139174 0.00974837 0.0343314 0.0117208 0.0101763 0.0322357 0.0182965 0.0272678 0.0154982 0.0111044 0.00843964 0.0274901 0.00859995 0.0190878 0.00946865 0.00963292 0.00897598 0.00810614 0.00874334 0.0107002 0.00833072 0.0107482 0.00866838 0.0101172 0.00797246 0.0150695 0.00829437 0.0102278 0.00855357 
0.00339291 0.00327221 0 0.00327094 0.00324084 0.00356009 0.00327713 0.00335557 0.0298992 0.0224512 0.0882644 0.0297795 0.0103828 0.0192643 0.00899167 0.131624 0.0125375 0.0103627 0.0121352 0.0135778 0.0445088 0.0345239 0.0151094 0.00930404 0.0119233 0.00868237 0.0475151 0.0101348 0.0149438 0.0103699 0.00807543 0.00851445 0.00920766 0.00819472 0.00854689 0.00829271 0.0100738 0.00830994 0.00977447 0.00843465 0.00956575 0.0080939 0.0078355 
0.00328103 0.00328701 0.00327094 0 0.00325537 0.00326772 0.00318683 0.00320823 0.0411283 0.0513378 0.0560581 0.0417908 0.0190117 0.00902108 0.0369465 0.0170822 0.0259792 0.0155477 0.00912875 0.0227512 0.0448008 0.0453119 0.0211046 0.012202 0.0082936 0.0159358 0.0116996 0.0231407 0.0132532 0.00990668 0.00869347 0.00806224 0.00860539 0.00923917 0.00838805 0.00863355 0.00874936 0.008858 0.00814152 0.0100655 0.00850334 0.00872482 0.00788794 
0.00334164 0.00329136 0.00324084 0.00325537 0 0.00319249 0.00321074 0.00318607 0.0290764 0.0808464 0.0790758 0.0375622 0.0194932 0.00968373 0.0249844 0.0262663 0.0264284 0.0126423 0.0098643 0.0280115 0.0480244 0.0728944 0.0212626 0.0109599 0.009278 0.0130741 0.0145348 0.0244542 0.0169756 0.0107127 0.00871493 0.00816632 0.00878579 0.00883033 0.0084664 0.00892077 0.00889991 0.00931176 0.00827408 0.00959175 0.00858209 0.00860523 0.00791733 
0.00378316 0.00339402 0.00356009 0.00326772 0.00319249 0 0.0031813 0.00322382 0.0386373 0.0632219 0.16821 0.104734 0.0145952 0.0140064 0.0116543 0.101068 0.0205789 0.0127441 0.0123426 0.0193651 0.0610627 0.0574919 0.0330056 0.0109963 0.0101817 0.00918451 0.0376563 0.0133699 0.0189455 0.0105834 0.00846931 0.00853364 0.00940185 0.00858975 0.00852642 0.00868432 0.010189 0.00866828 0.00917439 0.00889036 0.00976735 0.00840956 0.00784196 
0.00423768 0.00877243 0.00327713 0.00318683 0.00321074 0.0031813 0 0.00338892 0.0178048 0.0845198 0.0753945 0.162361 0.0431166 0.00932818 0.0466608 0.0111107 0.0785718 0.0157159 0.0107684 0.022573 0.0204113 0.0272372 0.0301213 0.0133201 0.00887141 0.0210866 0.00937753 0.0257666 0.0112714 0.0117837 0.00912354 0.00873826 0.00872885 0.0100014 0.00828684 0.00960545 0.00919739 0.0104236 0.00829398 0.011389 0.00839363 0.0095463 0.00794847 
0.0226789 0.00326891 0.00335557 0.00320823 0.00318607 0.00322382 0.00338892 0 0.028417 0.0156232 0.0265207 0.0631747 0.133322 0.0283898 0.00918906 0.0123428 0.0115526 0.025069 0.0223233 0.00958353 0.0104823 0.0107396 0.0119443 0.0195245 0.0116404 0.00842997 0.00952793 0.00855669 0.00886864 0.00956015 0.00897204 0.00949149 0.00843584 0.00853549 0.00898513 0.00959131 0.00879685 0.00873083 0.0100697 0.00815447 0.00867278 0.00824139 0.00838757 
0.109108 0.0594658 0.0298992 0.0411283 0.0290764 0.0386373 0.0178048 0.028417 0 0.00342169 0.00322387 0.00320557 0.00370769 0.745109 0.0219306 0.021547 0.0124117 0.0397369 0.0323442 0.0376823 0.0146708 0.0161002 0.0140009 0.0223957 0.0198846 0.0159239 0.0102433 0.00986216 0.00951778 0.00953786 0.0110859 0.0110819 0.00911088 0.00895543 0.0125268 0.0114011 0.00910052 0.0156194 0.00940168 0.00939234 0.00851566 0.0103376 0.00972684 
0.0363893 0.17901 0.0224512 0.0513378 0.0808464 0.0632219 0.0845198 0.0156232 0.00342169 0 0.00318885 0.00322334 0.00322392 0.0376658 0.818456 0.0221342 0.0770414 0.0142309 0.0184529 0.0836742 0.0992182 0.0490442 0.0324671 0.0115822 0.0132127 0.0403003 0.0151757 0.025455 0.0143941 0.0135227 0.00886361 0.00909612 0.0112866 0.0116773 0.00945262 0.0130858 0.0130137 0.0107957 0.00885447 0.0134931 0.00957221 0.00998558 0.00816703 
0.0431876 0.0327198 0.0882644 0.0560581 0.0790758 0.16821 0.0753945 0.0265207 0.00322387 0.00318885 0 0.00319631 0.00317759 0.0432022 0.0366384 0.803427 0.0263757 0.0215498 0.0179874 0.05474 0.136048 0.273199 0.0397705 0.0157488 0.0133863 0.0214222 0.0731532 0.0520228 0.0556306 0.0164937 0.00939206 0.00920594 0.0153616 0.0109018 0.00917485 0.0110256 0.0144465 0.0106409 0.00995113 0.0154817 0.0115952 0.00926303 0.00794503 
0.0251918 0.0246047 0.0297795 0.0417908 0.0375622 0.104734 0.162361 0.0631747 0.00320557 0.00322334 0.00319631 0 0.00321011 0.0214494 0.0564362 0.065476 0.791317 0.0295221 0.0172261 0.0329483 0.0615899 0.0661443 0.210089 0.0311117 0.0113688 0.0175681 0.0280521 0.0320872 0.026909 0.0385203 0.0107908 0.00977596 0.013117 0.0122958 0.00958625 0.010361 0.0217901 0.0112149 0.00999639 0.0123231 0.0152604 0.00974421 0.00801723 
0.0311971 0.0213547 0.0103828 0.0190117 0.0194932 0.0145952 0.0431166 0.133322 0.00370769 0.00322392 0.00317759 0.00321011 0 0.0156791 0.015453 0.0226368 0.052491 0.720632 0.0238541 0.0175203 0.0143211 0.0199984 0.0207605 0.0945799 0.0140664 0.0115538 0.0102061 0.01354 0.0107827 0.0136085 0.0170122 0.0122358 0.00909236 0.00978766 0.00947402 0.0177102 0.00956284 0.017687 0.0106344 0.0111913 0.0087823 0.0118423 0.00962273 
0.0684633 0.00851976 0.0192643 0.00902108 0.00968373 0.0140064 0.00932818 0.0283898 0.745109 0.0376658 0.0432022 0.0214494 0.0156791 0 0.00334036 0.00335367 0.00326984 0.00384714 0.136949 0.0152001 0.0138919 0.0119948 0.0126118 0.0179627 0.0574678 0.00882629 0.0182015 0.00878284 0.00989349 0.00991461 0.00963845 0.0143054 0.00980687 0.00855971 0.0240509 0.00953621 0.0118385 0.0123426 0.0163841 0.00813475 0.0129036 0.00921165 0.00999301 
0.00928972 0.139174 0.00899167 0.0369465 0.0249844 0.0116543 0.0466608 0.00918906 0.0219306 0.818456 0.0366384 0.0564362 0.015453 0.00334036 0 0.0031746 0.00321767 0.00319052 0.0266839 0.129841 0.0344647 0.0295424 0.0195148 0.0146513 0.0102475 0.140629 0.00904524 0.0381702 0.0111691 0.0114472 0.00951355 0.00939122 0.010224 0.0177917 0.0086591 0.0168853 0.00957155 0.0141711 0.00835828 0.0348686 0.00841933 0.0136431 0.00862053 
0.0469513 0.00974837 0.131624 0.0170822 0.0262663 0.101068 0.0111107 0.0123428 0.021547 0.0221342 0.803427 0.065476 0.0226368 0.00335367 0.0031746 0 0.00317467 0.00317861 0.0336225 0.0320334 0.168663 0.113648 0.0270182 0.0118354 0.0199759 0.00933374 0.15304 0.0148005 0.0471608 0.012921 0.00895319 0.00941018 0.0186244 0.00908571 0.00956334 0.00964765 0.018333 0.00929296 0.0127647 0.00948435 0.020058 0.0087377 0.00797931 
0.0109465 0.0343314 0.0125375 0.0259792 0.0264284 0.0205789 0.0785718 0.0115526 0.0124117 0.0770414 0.0263757 0.791317 0.052491 0.00326984 0.00321767 0.00317467 0 0.00331622 0.0182584 0.0749047 0.0559014 0.111115 0.155519 0.0414206 0.0103261 0.0360629 0.0127408 0.0507774 0.016937 0.035143 0.0100554 0.0100258 0.0119253 0.0165403 0.0091292 0.0114589 0.018375 0.0127841 0.00932656 0.0178418 0.0107423 0.0105953 0.00817453 
0.0239659 0.0117208 0.0103627 0.0155477 0.0126423 0.0127441 0.0157159 0.025069 0.0397369 0.0142309 0.0215498 0.0295221 0.720632 0.00384714 0.00319052 0.00317861 0.00331622 0 0.0266922 0.0149698 0.0287136 0.0274792 0.0831386 0.196309 0.0230215 0.0113176 0.0126309 0.0124486 0.0124296 0.0117889 0.0191174 0.0142768 0.00963982 0.00983104 0.0119436 0.0223432 0.010225 0.0209242 0.0122456 0.0103758 0.00943971 0.0126318 0.0106125 
0.0244945 0.0101763 0.0121352 0.00912875 0.0098643 0.0123426 0.0107684 0.0223233 0.0323442 0.0184529 0.0179874 0.0172261 0.0238541 0.136949 0.0266839 0.0336225 0.0182584 0.0266922 0 0.00334597 0.00325343 0.00326105 0.00333716 0.00445291 0.232058 0.0146464 0.0125545 0.0103406 0.0100207 0.0120844 0.0192737 0.0261319 0.0116744 0.0105703 0.0266133 0.0168777 0.0131011 0.0229453 0.0169192 0.00971745 0.012917 0.0147507 0.0122814 
0.0109548 0.0322357 0.0135778 0.0227512 0.0280115 0.0193651 0.022573 0.00958353 0.0376823 0.0836742 0.05474 0.0329483 0.0175203 0.0152001 0.129841 0.0320334 0.0749047 0.0149698 0.00334597 0 0.0031984 0.00320937 0.00328677 0.00324455 0.0491114 0.162989 0.0165396 0.0281506 0.0166018 0.019183 0.0101841 0.00995758 0.0197227 0.0171512 0.0101366 0.0159629 0.020479 0.0134371 0.00986563 0.0340689 0.0116439 0.0115918 0.00897977 
0.0181492 0.0182965 0.0445088 0.0448008 0.0480244 0.0610627 0.0204113 0.0104823 0.0146708 0.0992182 0.136048 0.0615899 0.0143211 0.0138919 0.0344647 0.168663 0.0559014 0.0287136 0.00325343 0.0031984 0 0.00318458 0.00318889 0.00319851 0.0494959 0.0285783 0.125753 0.0426754 0.0476849 0.0181923 0.0107261 0.0117144 0.0212577 0.0130054 0.0108173 0.0135055 0.0204659 0.0117738 0.0132779 0.022356 0.0202613 0.0106296 0.00832254 
0.0155423 0.0272678 0.0345239 0.0453119 0.0728944 0.0574919 0.0272372 0.0107396 0.0161002 0.0490442 0.273199 0.0661443 0.0199984 0.0119948 0.0295424 0.113648 0.111115 0.0274792 0.00326105 0.00320937 0.00318458 0 0.00316294 0.00329293 0.0326865 0.0595939 0.050483 0.119667 0.0513659 0.0231224 0.0111365 0.0111019 0.0195989 0.0145057 0.0107461 0.0144108 0.016321 0.0164388 0.0110823 0.030609 0.0180102 0.0119963 0.00838732 
0.0124598 0.0154982 0.0151094 0.0211046 0.0212626 0.0330056 0.0301213 0.0119443 0.0140009 0.0324671 0.0397705 0.210089 0.0207605 0.0126118 0.0195148 0.0270182 0.155519 0.0831386 0.00333716 0.00328677 0.00318889 0.00316294 0 0.0033109 0.0218006 0.0318129 0.0652671 0.0344633 0.0546745 0.0781549 0.0141105 0.0103221 0.0158079 0.0180733 0.0109821 0.0116995 0.0472851 0.0132188 0.0108778 0.0169925 0.0266913 0.0110176 0.00841775 
0.0122093 0.0111044 0.00930404 0.012202 0.0109599 0.0109963 0.0133201 0.0195245 0.0223957 0.0115822 0.0157488 0.0311117 0.0945799 0.0179627 0.0146513 0.0118354 0.0414206 0.196309 0.00445291 0.00324455 0.00319851 0.00329293 0.0033109 0 0.0185169 0.0199298 0.0148611 0.0370375 0.0241684 0.0729863 0.0666169 0.015243 0.0101485 0.0122905 0.0154501 0.0246161 0.0119786 0.0437338 0.0129582 0.012739 0.0109824 0.0212477 0.0117932 
0.0183604 0.00843964 0.0119233 0.0082936 0.009278 0.0101817 0.00887141 0.0116404 0.0198846 0.0132127 0.0133863 0.0113688 0.0140664 0.0574678 0.0102475 0.0199759 0.0103261 0.0230215 0.232058 0.0491114 0.0494959 0.0326865 0.0218006 0.0185169 0 0.00330614 0.00326058 0.00323541 0.00322702 0.00335461 0.0039965 0.0427789 0.00807219 0.00823186 0.0483476 0.0142147 0.0221168 0.0181414 0.148192 0.00982158 0.0190233 0.0116194 0.0150317 
0.0082548 0.0274901 0.00868237 0.0159358 0.0130741 0.00918451 0.0210866 0.00842997 0.0159239 0.0403003 0.0214222 0.0175681 0.0115538 0.00882629 0.140629 0.00933374 0.0360629 0.0113176 0.0146464 0.162989 0.0285783 0.0595939 0.0318129 0.0199298 0.00330614 0 0.00316965 0.00319569 0.00316701 0.00324744 0.00348358 0.00702157 0.0119011 0.0190335 0.0104877 0.0260772 0.0137094 0.0257454 0.00904179 0.291634 0.0089176 0.0225218 0.0100251 
0.0204764 0.00859995 0.0475151 0.0116996 0.0145348 0.0376563 0.00937753 0.00952793 0.0102433 0.0151757 0.0731532 0.0280521 0.0102061 0.0182015 0.00904524 0.15304 0.0127408 0.0126309 0.0125545 0.0165396 0.125753 0.050483 0.0652671 0.0148611 0.00326058 0.00316965 0 0.00315183 0.00317466 0.00320199 0.00317321 0.00806735 0.0150221 0.0130436 0.0311363 0.00872894 0.0269549 0.0087344 0.0249651 0.00921341 0.111077 0.0089188 0.00827268 
0.00916583 0.0190878 0.0101348 0.0231407 0.0244542 0.0133699 0.0257666 0.00855669 0.00986216 0.025455 0.0520228 0.0320872 0.01354 0.00878284 0.0381702 0.0148005 0.0507774 0.0124486 0.0103406 0.0281506 0.0426754 0.119667 0.0344633 0.0370375 0.00323541 0.00319569 0.00315183 0 0.00315792 0.00318797 0.00318154 0.0198699 0.00797079 0.0351231 0.0235128 0.0125155 0.00833402 0.0158719 0.00938359 0.0392032 0.00903238 0.0268558 0.00856658 
0.0108191 0.00946865 0.0149438 0.0132532 0.0169756 0.0189455 0.0112714 0.00886864 0.00951778 0.0143941 0.0556306 0.026909 0.0107827 0.00989349 0.0111691 0.0471608 0.016937 0.0124296 0.0100207 0.0166018 0.0476849 0.0513659 0.0546745 0.0241684 0.00322702 0.00316701 0.00317466 0.00315792 0 0.00317086 0.00314256 0.00911452 0.0304675 0.043138 0.0120256 0.00747621 0.0112315 0.0109216 0.01108 0.0125637 0.0233059 0.00971032 0.00820647 
0.00875995 0.00963292 0.0103699 0.00990668 0.0107127 0.0105834 0.0117837 0.00956015 0.00953786 0.0135227 0.0164937 0.0385203 0.0136085 0.00991461 0.0114472 0.012921 0.035143 0.0117889 0.0120844 0.019183 0.0181923 0.0231224 0.0781549 0.0729863 0.00335461 0.00324744 0.00320199 0.00318797 0.00317086 0 0.00329757 0.04623 0.0603979 0.018456 0.0113282 0.0142558 0.0265496 0.00911773 0.0110983 0.013379 0.0295987 0.0110946 0.00863356 
0.00835775 0.00897598 0.00807543 0.00869347 0.00871493 0.00846931 0.00912354 0.00897204 0.0110859 0.00886361 0.00939206 0.0107908 0.0170122 0.00963845 0.00951355 0.00895319 0.0100554 0.0191174 0.0192737 0.0101841 0.0107261 0.0111365 0.0141105 0.0666169 0.0039965 0.00348358 0.00317321 0.00318154 0.00314256 0.00329757 0 0.0578954 0.00731212 0.00842601 0.00738467 0.0369615 0.0074184 0.0213058 0.0110386 0.0110785 0.00921108 0.0140393 0.0113071 
0.00962549 0.00810614 0.00851445 0.00806224 0.00816632 0.00853364 0.00873826 0.00949149 0.0110819 0.00909612 0.00920594 0.00977596 0.0122358 0.0143054 0.00939122 0.00941018 0.0100258 0.0142768 0.0261319 0.00995758 0.0117144 0.0111019 0.0103221 0.015243 0.0427789 0.00702157 0.00806735 0.0198699 0.00911452 0.04623 0.0578954 0 0.0031891 0.00326721 0.00433157 0.00427085 0.0061936 0.625545 0.0524702 0.00949148 0.0128233 0.0163305 0.0145949 
0.00898408 0.00874334 0.00920766 0.00860539 0.00878579 0.00940185 0.00872885 0.00843584 0.00911088 0.0112866 0.0153616 0.013117 0.00909236 0.00980687 0.010224 0.0186244 0.0119253 0.00963982 0.0116744 0.0197227 0.0212577 0.0195989 0.0158079 0.0101485 0.00807219 0.0119011 0.0150221 0.00797079 0.0304675 0.0603979 0.00731212 0.0031891 0 0.00324565 0.00319383 0.00393603 0.626148 0.00946756 0.0163224 0.0216141 0.0171999 0.00979285 0.00886466 
0.00812121 0.0107002 0.00819472 0.00923917 0.00883033 0.00858975 0.0100014 0.00853549 0.00895543 0.0116773 0.0109018 0.0122958 0.00978766 0.00855971 0.0177917 0.00908571 0.0165403 0.00983104 0.0105703 0.0171512 0.0130054 0.0145057 0.0180733 0.0122905 0.00823186 0.0190335 0.0130436 0.0351231 0.043138 0.018456 0.00842601 0.00326721 0.00324565 0 0.00321931 0.049327 0.0207044 0.00391525 0.010009 0.0377402 0.0112757 0.0147613 0.00972064 
0.0115495 0.00833072 0.00854689 0.00838805 0.0084664 0.00852642 0.00828684 0.00898513 0.0125268 0.00945262 0.00917485 0.00958625 0.00947402 0.0240509 0.0086591 0.00956334 0.0091292 0.0119436 0.0266133 0.0101366 0.0108173 0.0107461 0.0109821 0.0154501 0.0483476 0.0104877 0.0311363 0.0235128 0.0120256 0.0113282 0.00738467 0.00433157 0.00319383 0.00321931 0 0.325302 0.00410504 0.00350901 0.0421151 0.00945562 0.0229523 0.0105336 0.013558 
0.00875606 0.0107482 0.00829271 0.00863355 0.00892077 0.00868432 0.00960545 0.00959131 0.0114011 0.0130858 0.0110256 0.010361 0.0177102 0.00953621 0.0168853 0.00964765 0.0114589 0.0223432 0.0168777 0.0159629 0.0135055 0.0144108 0.0116995 0.0246161 0.0142147 0.0260772 0.00872894 0.0125155 0.00747621 0.0142558 0.0369615 0.00427085 0.00393603 0.049327 0.325302 0 0.00325038 0.00342067 0.0388088 0.0484866 0.0153066 0.0743178 0.0188243 
0.00919569 0.00866838 0.0100738 0.00874936 0.00889991 0.010189 0.00919739 0.00879685 0.00910052 0.0130137 0.0144465 0.0217901 0.00956284 0.0118385 0.00957155 0.018333 0.018375 0.010225 0.0131011 0.020479 0.0204659 0.016321 0.0472851 0.0119786 0.0221168 0.0137094 0.0269549 0.00833402 0.0112315 0.0265496 0.0074184 0.0061936 0.626148 0.0207044 0.00410504 0.00325038 0 0.00332895 0.0338026 0.0260973 0.287878 0.0111909 0.0103334 
0.0095191 0.0101172 0.00830994 0.008858 0.00931176 0.00866828 0.0104236 0.00873083 0.0156194 0.0107957 0.0106409 0.0112149 0.017687 0.0123426 0.0141711 0.00929296 0.0127841 0.0209242 0.0229453 0.0134371 0.0117738 0.0164388 0.0132188 0.0437338 0.0181414 0.0257454 0.0087344 0.0158719 0.0109216 0.00911773 0.0213058 0.625545 0.00946756 0.00391525 0.00350901 0.00342067 0.00332895 0 0.0255924 0.033973 0.0224202 0.167916 0.0232897 
0.0109008 0.00797246 0.00977447 0.00814152 0.00827408 0.00917439 0.00829398 0.0100697 0.00940168 0.00885447 0.00995113 0.00999639 0.0106344 0.0163841 0.00835828 0.0127647 0.00932656 0.0122456 0.0169192 0.00986563 0.0132779 0.0110823 0.0108778 0.0129582 0.148192 0.00904179 0.0249651 0.00938359 0.01108 0.0110983 0.0110386 0.0524702 0.0163224 0.010009 0.0421151 0.0388088 0.0338026 0.0255924 0 0.00322162 0.0035185 0.00351011 0.0156498 
0.0081379 0.0150695 0.00843465 0.0100655 0.00959175 0.00889036 0.011389 0.00815447 0.00939234 0.0134931 0.0154817 0.0123231 0.0111913 0.00813475 0.0348686 0.00948435 0.0178418 0.0103758 0.00971745 0.0340689 0.022356 0.030609 0.0169925 0.012739 0.00982158 0.291634 0.00921341 0.0392032 0.0125637 0.013379 0.0110785 0.00949148 0.0216141 0.0377402 0.00945562 0.0484866 0.0260973 0.033973 0.00322162 0 0.00315683 0.00343975 0.00878033 
0.0150553 0.00829437 0.00956575 0.00850334 0.00858209 0.00976735 0.00839363 0.00867278 0.00851566 0.00957221 0.0115952 0.0152604 0.0087823 0.0129036 0.00841933 0.020058 0.0107423 0.00943971 0.012917 0.0116439 0.0202613 0.0180102 0.0266913 0.0109824 0.0190233 0.0089176 0.111077 0.00903238 0.0233059 0.0295987 0.00921108 0.0128233 0.0171999 0.0112757 0.0229523 0.0153066 0.287878 0.0224202 0.0035185 0.00315683 0 0.00316665 0.0157595 
0.00835699 0.0102278 0.0080939 0.00872482 0.00860523 0.00840956 0.0095463 0.00824139 0.0103376 0.00998558 0.00926303 0.00974421 0.0118423 0.00921165 0.0136431 0.0087377 0.0105953 0.0126318 0.0147507 0.0115918 0.0106296 0.0119963 0.0110176 0.0212477 0.0116194 0.0225218 0.0089188 0.0268558 0.00971032 0.0110946 0.0140393 0.0163305 0.00979285 0.0147613 0.0105336 0.0743178 0.0111909 0.167916 0.00351011 0.00343975 0.00316665 0 0.177332 
0.00850368 0.00855357 0.0078355 0.00788794 0.00791733 0.00784196 0.00794847 0.00838757 0.00972684 0.00816703 0.00794503 0.00801723 0.00962273 0.00999301 0.00862053 0.00797931 0.00817453 0.0106125 0.0122814 0.00897977 0.00832254 0.00838732 0.00841775 0.0117932 0.0150317 0.0100251 0.00827268 0.00856658 0.00820647 0.00863356 0.0113071 0.0145949 0.00886466 0.00972064 0.013558 0.0188243 0.0103334 0.0232897 0.0156498 0.00878033 0.0157595 0.177332 0 
