1NU5A
MKIEAISTTIVDVPTRRPLQMSFTTVHKQSYVIVQVKAGGLVGIGEGGSVGGPTWGSESAETIKVIIDNYLAPLLVGKDASNLSQARVLMDRAVTGNLSAKAAIDIALHDLKARALNLSIADLIGGTMRTSIPIAWTLASGDTARDIDSALEMIETRRHNRFKVKLGARTPAQDLEHIRSIVKAVGDRASVRVDVNQGWDEQTASIWIPRLEEAGVELVEQPVPRANFGALRRLTEQNGVAILADESLSSLSSAFELARDHAVDAFSLKLCNMGGIANTLKVAAVAEAAGISSYGGTMLDSTVGTAAALHVYATLPSLPYGCELIGPWVLGDRLTQQDLEIKDFEVHLPLGSGLGVDLDHDKVRHYTRA
CEEEEEEEEEEEEEEEEEEEECCEEEEEEEEEEEEEEECCEEEEEEECCCCCCCCCCCCHHHHHHHHHHCHHHHHCCCECCCHHHHHHHHHHHCCCCHHHHHHHHHHHHHHHHHHCCCEHHHHHCCCCCCEEEECEEECCCCHHHHHHHHHHHHHCCCCCEEEEECCCCCHHHHHHHHHHHHHHHHHHCEEEEECCCCCCHHHHHHHHHHHHHHCCCEEECCCCCCCHHHHHHHHHHCCCEEEECCCCCCHHHHHHHHHCCCCCEEEECHHHHCCHHHHHHHHHHHHHHCCEEEECCCCCCHHHHHHHHHHHCCCCCCCCCECCCHHHHECCCCECCCCCEECCEEECCCCCECCCCECHHHHHHHECC
0 0 0 0 0 0 0 0 0 0 0 0 0 0 0 0 0 0 0 0 0 0 0 0 0 0 0 0 0 0 0 0 0 0 0 0 0 0 0 0 0 0 0 0 0 0 0 0 0 0 0 0 0 0 0 0 0 0 0 0 0 0 0 0 0 0 0 0 0 0 0 0 0 0 0 0 0 0 0 0 0 0 0 0 0 0 0 0 0 0 0 0 0 0 0 0 0 0 0 0 0 0 0 0 0 0 0 0 0 0 0 0 0 0 0 0 0 0 0 0 0 0 0 0 0 0 0 0 0 0 0 0 0 0 0 0 0 0 0 0 0 0 0 0 0 0 0 0 0 0 0 0 0 0 0 0 0 0 0 0 0 0 0 0 0 0 0 0 0 0 0 0 0 0 0 0 0 0 0 0 0 0 0 0 0 0 0 0 0 0 0 0 0 0 0 0 0 0 0 0 0 0 0 0 0 0 0 0 0 0 0 0 0 0 0 0 0 0 0 0 0 0 0 0 0 0 0 0 0 0 0 0 0 0 0 0 0 0 0 0 0 0 0 0 0 0 0 0 0 0 0 0 0 0 0 0 0 0 0 0 0 0 0 0 0 0 0 0 0 0 0 0 0 0 0 0 0 0 0 0 0 0 0 0 0 0 0 0 0 0 0 0 0 0 0 0 0 0 0 0 0 0 0 0 0 0 0 0 0 0 0 0 0 0 0 0 0 0 0 0 0 0 0 0 0 0 0 0 0 0 0 0 0 0 0 0 0 0 0 0 0 0 0 0 0 0 0 0 0 0 0 0 0 0 0 0 0 0 0 0 0 0 0 0 0 0 0 0 0 
0 0 0 0 0 0 0 0 0 0 0 0 0 0 0 0 0 0 0 0 0 0 0 0 0 0 0 0 0 0 0 0 0 0 0 0 0 0 0 0 0 0 0 0 0 0 0 0 0 0 0 0 0 0 0 0 0 0 0 0 0 0 0 0 0 0 0 0 0 0 0 0 0 0 0 0 0 0 0 0 0 0 0 0 0 0 0 0 0 0 0 0 0 0 0 0 0 0 0 0 0 0 0 0 0 0 0 0 0 0 0 0 0 0 0 0 0 0 0 0 0 0 0 0 0 0 0 0 0 0 0 0 0 0 0 0 0 0 0 0 0 0 0 0 0 0 0 0 0 0 0 0 0 0 0 0 0 0 0 0 0 0 0 0 0 0 0 0 0 0 0 0 0 0 0 0 0 0 0 0 0 0 0 0 0 0 0 0 0 0 0 0 0 0 0 0 0 0 0 0 0 0 0 0 0 0 0 0 0 0 0 0 0 0 0 0 0 0 0 0 0 0 0 0 0 0 0 0 0 0 0 0 0 0 0 0 0 0 0 0 0 0 0 0 0 0 0 0 0 0 0 0 0 0 0 0 0 0 0 0 0 0 0 0 0 0 0 0 0 0 0 0 0 0 0 0 0 0 0 0 0 0 0 0 0 0 0 0 0 0 0 0 0 0 0 0 0 0 0 0 0 0 0 0 0 0 0 0 0 0 0 0 0 0 0 0 0 0 0 0 0 0 0 0 0 0 0 0 0 0 0 0 0 0 0 0 0 0 0 0 0 0 0 0 0 0 0 0 0 0 0 0 0 0 0 0 0 0 0 0 0 0 0 0 0 0 0 0 0 
0 0.00330893 0.00334566 0.00338776 0.00380577 0.00505057 0.00364231 0.00588034 0.011348 0.00856631 0.0102957 0.00653679 0.0242762 0.00732538 0.0237525 0.00724117 0.0355022 0.00797413 0.0491285 0.0265598 0.0194757 0.0176379 0.00920606 0.0188191 0.0112066 0.00967196 0.0282616 0.0139198 0.0205498 0.0230636 0.0136342 0.0339989 0.0113489 0.0216372 0.0140799 0.0179407 0.0117147 0.0111335 0.0137272 0.0102468 0.0133911 0.0132322 0.0120418 0.0100511 0.00893543 0.00853439 0.00939357 0.00868789 0.00905718 0.00824137 0.00876483 0.00873383 0.00805767 0.00908314 0.00816901 0.00941309 0.00885861 0.0080932 0.0083108 0.00818064 0.00857012 0.00824707 0.00813709 0.00832058 0.00842615 0.00840021 0.00835076 0.00862617 0.00831704 0.00833982 0.00846208 0.00854238 0.00876329 0.0083009 0.00831626 0.00848039 0.00905209 0.00886944 0.0100804 0.00916485 0.00910008 0.0112554 0.00899294 0.0106814 0.00962133 0.011039 0.0104173 
0.00330893 0 0.00326595 0.0032632 0.00341041 0.00330045 0.00520457 0.00357341 0.00481195 0.00596289 0.00526745 0.0100367 0.00586843 0.0168322 0.00696679 0.0138522 0.007137 0.0320576 0.0100774 0.0227875 0.0125765 0.0089578 0.019119 0.00830149 0.00952762 0.0224132 0.0108796 0.0190067 0.0147886 0.0146601 0.0315644 0.0099058 0.030874 0.00937706 0.0202166 0.0110241 0.0105128 0.0136446 0.0111905 0.0116513 0.009942 0.011085 0.00829711 0.00802421 0.00816339 0.0094091 0.00828652 0.00877516 0.00854675 0.00815929 0.00874147 0.00786849 0.00936721 0.00808242 0.0105469 0.00799566 0.00798999 0.00889828 0.00828938 0.00856884 0.00804851 0.00829631 0.00819822 0.008105 0.00822473 0.00854575 0.00830981 0.00833919 0.00833641 0.00846668 0.00831057 0.00896365 0.00815704 0.0088133 0.00823986 0.00835126 0.0091202 0.00972547 0.00959852 0.0112172 0.00877549 0.0085324 0.010693 0.00848894 0.00935053 0.0110256 0.0103595 
0.00334566 0.00326595 0 0.00334286 0.00323354 0.00330686 0.00328585 0.00347827 0.00346886 0.00401636 0.00716204 0.00472955 0.00870895 0.00625589 0.00912611 0.00647242 0.0144683 0.00729386 0.0139373 0.00785788 0.00876319 0.010045 0.00825695 0.00941474 0.00983102 0.00876826 0.0150377 0.0124294 0.0187873 0.0230915 0.0132029 0.0256216 0.0116578 0.0109276 0.0120876 0.00884814 0.00942593 0.0131838 0.0124618 0.0122176 0.0108731 0.00899219 0.00808321 0.00799875 0.0082304 0.00848879 0.00878888 0.00902925 0.00878506 0.00814306 0.00809294 0.00811172 0.00830661 0.00848659 0.00818985 0.00809173 0.00838578 0.00826093 0.00847402 0.00823773 0.00805534 0.00814242 0.00812604 0.00802422 0.00827998 0.00832107 0.00825554 0.00814092 0.00824108 0.00829789 0.0082582 0.00824759 0.00817409 0.00826731 0.0082268 0.00819122 0.00823432 0.00834487 0.00846724 0.00874201 0.00827366 0.00880566 0.00863994 0.00861933 0.00831504 0.00876673 0.00904037 
0.00338776 0.0032632 0.00334286 0 0.00326331 0.00324529 0.00327397 0.00333305 0.0034459 0.00390149 0.00476138 0.00527582 0.00590868 0.0063298 0.00820937 0.00928825 0.00973882 0.00764693 0.0127865 0.00806863 0.0088582 0.00990828 0.00868471 0.0108613 0.00971897 0.00929456 0.0121577 0.0129252 0.0207295 0.0216687 0.0165803 0.0240824 0.0123709 0.0504719 0.00902991 0.00884571 0.0095907 0.0120007 0.0145031 0.012398 0.0107419 0.00883913 0.00806235 0.0081996 0.00813958 0.00831323 0.00900626 0.0085468 0.00889382 0.00819509 0.00805055 0.00807603 0.00835587 0.00856014 0.00825512 0.00811657 0.00811995 0.00832703 0.00847729 0.0082699 0.00800261 0.00813168 0.00814775 0.00800621 0.00828603 0.00840943 0.00825894 0.00811977 0.00830611 0.00838834 0.00822959 0.00827476 0.00819381 0.0083233 0.00820782 0.0082295 0.00830268 0.00839027 0.00854625 0.00863324 0.00832201 0.00877699 0.00866725 0.00872631 0.00836548 0.00883951 0.00904992 
0.00380577 0.00341041 0.00323354 0.00326331 0 0.00323255 0.00324483 0.00329956 0.00333305 0.00342144 0.00355045 0.00507804 0.00417577 0.00925692 0.00577162 0.0156647 0.00626538 0.0149425 0.00722833 0.0114111 0.00880647 0.00793276 0.0199892 0.00812425 0.00894324 0.0104137 0.00879246 0.0178696 0.0139642 0.0148624 0.0318028 0.010843 0.0891848 0.00897589 0.0182497 0.00891993 0.00877313 0.0135426 0.0109679 0.0126003 0.00898515 0.00968507 0.0079458 0.00798093 0.0080706 0.0089177 0.00840636 0.00953233 0.00877083 0.00818314 0.00828449 0.00798543 0.00890365 0.00821826 0.00950889 0.00802231 0.00832681 0.00880774 0.00837326 0.00848131 0.0080367 0.00819094 0.00818932 0.00803488 0.00821207 0.00847908 0.00834876 0.00817224 0.00826155 0.00842627 0.00833116 0.00846518 0.0081078 0.00833743 0.00819774 0.0082474 0.00858974 0.00894561 0.0086852 0.009758 0.00831205 0.00833785 0.00969817 0.00832109 0.00862138 0.00974603 0.00975419 
0.00505057 0.00330045 0.00330686 0.00324529 0.00323255 0 0.00323486 0.00326196 0.00326956 0.00326263 0.00360888 0.00333549 0.00496438 0.00421763 0.0098981 0.00539811 0.01742 0.00624434 0.0227469 0.00683836 0.00820891 0.0144619 0.00785471 0.012178 0.00989338 0.00860013 0.0194271 0.0116161 0.0206265 0.0241482 0.0137526 0.102878 0.0101626 0.0681772 0.0145064 0.00872947 0.0123832 0.0128241 0.0149668 0.0111509 0.0150929 0.0088548 0.00866726 0.00830395 0.00832298 0.00847388 0.00972623 0.00865015 0.0101805 0.00847724 0.00814001 0.00828974 0.00827951 0.00961692 0.00822365 0.00837871 0.00822049 0.00834372 0.00887307 0.00827513 0.00820247 0.00805653 0.00813463 0.00802066 0.00832302 0.0083727 0.00832394 0.00818014 0.00828558 0.00835314 0.00831502 0.00828006 0.00822501 0.00828668 0.0082545 0.00820719 0.0082602 0.00827926 0.00844136 0.00840475 0.0083134 0.00909435 0.00848905 0.00875115 0.00833006 0.00867621 0.00903251 
0.00364231 0.00520457 0.00328585 0.00327397 0.00324483 0.00323486 0 0.0032422 0.00327673 0.00325049 0.00324121 0.00398198 0.00347168 0.00830071 0.00421195 0.0148747 0.00550396 0.0121914 0.00685419 0.00895211 0.00921777 0.00804218 0.015529 0.00817499 0.00916003 0.0151386 0.00950262 0.0233122 0.021301 0.0195468 0.102748 0.0125073 0.159504 0.0493107 0.0178871 0.00921329 0.00966909 0.0158495 0.0159475 0.019507 0.0103979 0.0113085 0.00802647 0.00813144 0.00821576 0.00970289 0.00900955 0.0103895 0.00951898 0.00831558 0.00842285 0.00805626 0.00913865 0.00843708 0.00963605 0.00811343 0.00849875 0.0090614 0.0086648 0.00901107 0.00813413 0.00822926 0.00824853 0.00819493 0.00826473 0.00868344 0.00842388 0.00822792 0.00841487 0.00849985 0.0083642 0.00832298 0.0081337 0.00837514 0.00827833 0.00828893 0.00838177 0.00846678 0.00843785 0.009182 0.00826489 0.00832174 0.00923127 0.00841468 0.00832765 0.00909851 0.0090696 
0.00588034 0.00357341 0.00347827 0.00333305 0.00329956 0.00326196 0.0032422 0 0.00317426 0.00320323 0.00321247 0.00319305 0.00351914 0.00340737 0.00738399 0.00436975 0.00703955 0.00590449 0.0100029 0.00724282 0.00812718 0.0107888 0.00821067 0.0101375 0.0127989 0.00911775 0.0161457 0.0166348 0.0273989 0.0875268 0.031457 0.135725 0.160579 0.0269585 0.0098603 0.00947353 0.0120976 0.0178633 0.0185975 0.0186256 0.0165722 0.0102847 0.00845472 0.00813198 0.00874407 0.0089007 0.0101901 0.00992117 0.0109195 0.00849828 0.00825952 0.0082899 0.00856961 0.00897479 0.00853412 0.00822082 0.00821961 0.00869259 0.0090543 0.00865978 0.00819286 0.00823115 0.00825913 0.00815808 0.00831738 0.00853644 0.00846548 0.0082398 0.00838648 0.00844784 0.00848394 0.00833791 0.00815957 0.00835929 0.00828989 0.00827089 0.00832404 0.00837274 0.00840924 0.00876525 0.00828677 0.00862664 0.00869038 0.00852046 0.0082784 0.00884124 0.00892246 
0.011348 0.00481195 0.00346886 0.0034459 0.00333305 0.00326956 0.00327673 0.00317426 0 0.00317579 0.00321038 0.00324562 0.00320285 0.00395612 0.00387415 0.0057515 0.00462635 0.00847812 0.00669898 0.00724782 0.00860721 0.00819488 0.0106719 0.0102809 0.0102385 0.0139432 0.0136509 0.0247887 0.0902102 0.0411713 0.131868 0.277989 0.0742285 0.0146933 0.0116881 0.00963404 0.0118392 0.0228279 0.0270181 0.027364 0.0167454 0.0112905 0.00817695 0.0082412 0.00858784 0.0104663 0.0106442 0.0107657 0.0111804 0.00892127 0.00861077 0.00828548 0.00911455 0.00944062 0.00956204 0.00829681 0.00863955 0.00919633 0.00925097 0.00921737 0.00823573 0.00832386 0.00837648 0.00825414 0.00836981 0.00894005 0.00861676 0.00832185 0.00846527 0.00877549 0.00859137 0.00836932 0.00817094 0.00847484 0.00837656 0.00830354 0.00832416 0.00834206 0.00834257 0.00859517 0.00827776 0.00840667 0.00885211 0.00851586 0.00827743 0.00870315 0.00872883 
0.00856631 0.00596289 0.00401636 0.00390149 0.00342144 0.00326263 0.00325049 0.00320323 0.00317579 0 0.00317273 0.00317138 0.00318404 0.00318504 0.00394967 0.0041814 0.00400356 0.00565314 0.00703178 0.00682368 0.0078566 0.0102292 0.0100048 0.00930003 0.0124915 0.0126586 0.0132777 0.0848711 0.0348862 0.0843053 0.364038 0.0570795 0.0376082 0.0138599 0.0169236 0.0104127 0.0115176 0.023796 0.0241293 0.0277058 0.0160507 0.0110181 0.00813032 0.00814987 0.00879291 0.010382 0.0105496 0.0121238 0.0116251 0.00879159 0.00859364 0.00825551 0.0090338 0.00888131 0.00950995 0.00815617 0.00836233 0.00955617 0.00906857 0.00895591 0.00817849 0.00830581 0.00836205 0.00810097 0.00838198 0.00875684 0.00849422 0.00824957 0.0084554 0.00859158 0.00851111 0.00834951 0.00816758 0.00846165 0.0083525 0.00828423 0.00838511 0.00838946 0.00839917 0.00878766 0.00828126 0.00838469 0.00889481 0.00843605 0.00833354 0.00884536 0.00882575 
0.0102957 0.00526745 0.00716204 0.00476138 0.00355045 0.00360888 0.00324121 0.00321247 0.00321038 0.00317273 0 0.00315633 0.00316221 0.00320601 0.00324889 0.00328854 0.00403893 0.00368963 0.00530565 0.00554648 0.00687215 0.00996176 0.00744167 0.0105179 0.0106824 0.009641 0.0703145 0.018972 0.0681075 0.410406 0.033436 0.0502358 0.0142012 0.0272841 0.00970935 0.00907005 0.0123982 0.0161301 0.023073 0.0185929 0.0186811 0.0098939 0.0086035 0.00828426 0.00854171 0.00896993 0.0109289 0.00974296 0.0105964 0.00873792 0.00822083 0.00835661 0.0084438 0.010361 0.00846915 0.00835143 0.00866649 0.00856809 0.00919924 0.00875177 0.00811876 0.00824882 0.00823519 0.00812397 0.00832027 0.00853542 0.00846721 0.00818038 0.0082846 0.00853313 0.00842021 0.00829377 0.00816677 0.00835751 0.0082863 0.00826879 0.0082532 0.00825163 0.00834582 0.00838668 0.00824102 0.0085676 0.00847708 0.00856926 0.00826535 0.00857806 0.00871753 
0.00653679 0.0100367 0.00472955 0.00527582 0.00507804 0.00333549 0.00398198 0.00319305 0.00324562 0.00317138 0.00315633 0 0.00314243 0.00315969 0.00318104 0.00330228 0.00319286 0.00385804 0.0035145 0.00522782 0.00619089 0.00628401 0.0109156 0.00676201 0.00760938 0.0324139 0.00885629 0.0771253 0.331396 0.0419639 0.0287573 0.0105998 0.0383212 0.00894163 0.00951782 0.00865478 0.00889301 0.0135678 0.0122457 0.0151088 0.00974968 0.00966944 0.00794578 0.00799203 0.00824105 0.0094561 0.0087263 0.0102718 0.00956017 0.00845128 0.00838688 0.00805151 0.00895894 0.00837986 0.0103455 0.00803671 0.00834869 0.00904478 0.00863005 0.00857236 0.00807594 0.0082504 0.00818403 0.00804042 0.00825104 0.00856147 0.00837034 0.00817525 0.00834999 0.008456 0.00838141 0.00827575 0.00809798 0.00837607 0.00824916 0.00823961 0.00829201 0.00839238 0.00832606 0.00901707 0.00821342 0.00823594 0.00889865 0.00830455 0.00825237 0.0087957 0.00870242 
0.0242762 0.00586843 0.00870895 0.00590868 0.00417577 0.00496438 0.00347168 0.00351914 0.00320285 0.00318404 0.00316221 0.00314243 0 0.00313897 0.00320617 0.00319456 0.00326394 0.00323594 0.00353267 0.00353059 0.00573046 0.00818475 0.00617738 0.00778112 0.026431 0.00672863 0.0785823 0.209351 0.025274 0.0155225 0.0097373 0.0320879 0.00894751 0.0125112 0.00823552 0.00859642 0.00953352 0.0114828 0.0121553 0.0100862 0.0110724 0.00851056 0.00827573 0.00816612 0.00814204 0.008291 0.00947275 0.00846842 0.00904902 0.00823163 0.00803147 0.00811468 0.00821434 0.0089583 0.00824383 0.00808092 0.00819416 0.00831219 0.0085626 0.00818772 0.00799622 0.00806483 0.00808018 0.00792593 0.00819123 0.00830447 0.0081908 0.00803721 0.00813646 0.00827922 0.00817196 0.00816975 0.00807668 0.00821315 0.00819689 0.00816599 0.00818656 0.00820464 0.00833004 0.00827898 0.00820452 0.00862381 0.00831 0.00851927 0.00825552 0.00848907 0.00876754 
0.00732538 0.0168322 0.00625589 0.0063298 0.00925692 0.00421763 0.00830071 0.00340737 0.00395612 0.00318504 0.00320601 0.00315969 0.00313897 0 0.003144 0.00318342 0.00317256 0.00330087 0.00322131 0.00347168 0.00563686 0.00641899 0.0125216 0.00797006 0.00821204 0.0406675 0.17958 0.0440167 0.0128647 0.0115623 0.0200475 0.00957789 0.0169939 0.00855121 0.0108452 0.00860335 0.00887087 0.0114454 0.0101181 0.0120508 0.00926083 0.0169228 0.00799792 0.00804682 0.00809464 0.00914677 0.00856666 0.0106701 0.00884787 0.00822588 0.00829247 0.00797872 0.00896659 0.00824657 0.0102137 0.00802564 0.00809942 0.00869507 0.0084231 0.00864197 0.00802002 0.00811057 0.00814198 0.00798755 0.00815894 0.00841914 0.0082584 0.0081253 0.00824618 0.00836991 0.00830645 0.00830643 0.00808806 0.00830998 0.00819368 0.00821292 0.00831277 0.00858664 0.00840442 0.0092114 0.00820467 0.00820966 0.00903278 0.0082617 0.00829075 0.0089744 0.00911615 
0.0237525 0.00696679 0.00912611 0.00820937 0.00577162 0.0098981 0.00421195 0.00738399 0.00387415 0.00394967 0.00324889 0.00318104 0.00320617 0.003144 0 0.00314297 0.00317424 0.00319315 0.00322634 0.00318282 0.00484773 0.00787469 0.0121735 0.00703757 0.0442024 0.1685 0.0336673 0.00857503 0.012031 0.0179143 0.0100006 0.0191296 0.00892437 0.0136582 0.00828585 0.00870717 0.0101355 0.00982354 0.0113504 0.0101294 0.0146374 0.00862979 0.00828611 0.00808649 0.00811396 0.00824434 0.00934436 0.0084008 0.00913568 0.00814679 0.0079828 0.0081093 0.00817061 0.00922187 0.00813451 0.00812119 0.00818861 0.00824637 0.0083474 0.00808522 0.00797577 0.00797431 0.008009 0.00790931 0.00813008 0.00820156 0.00812622 0.00800627 0.00812998 0.00822553 0.00810492 0.00811858 0.00807521 0.00820683 0.00811959 0.00815445 0.00817867 0.00817654 0.00831965 0.00833616 0.00822776 0.00858339 0.00828418 0.0084511 0.00823147 0.008521 0.00869439 
0.00724117 0.0138522 0.00647242 0.00928825 0.0156647 0.00539811 0.0148747 0.00436975 0.0057515 0.0041814 0.00328854 0.00330228 0.00319456 0.00318342 0.00314297 0 0.0031413 0.00319217 0.00319286 0.0032217 0.00428962 0.0100054 0.00774257 0.0174433 0.206381 0.0396185 0.006772 0.00900601 0.0116331 0.0134889 0.0150614 0.00984075 0.0150177 0.00816348 0.00893204 0.00827949 0.00831909 0.0112844 0.00997178 0.0141987 0.00912835 0.00948717 0.00795295 0.00798266 0.00806662 0.00889864 0.00826122 0.0093226 0.00853113 0.00810054 0.00820279 0.00793439 0.00856338 0.00814008 0.00988665 0.0079848 0.00811662 0.0085188 0.00841911 0.00836115 0.00801732 0.00808376 0.0080972 0.00795459 0.00812868 0.00839277 0.00823598 0.00807204 0.0082109 0.00831879 0.00821187 0.00819974 0.00806817 0.0082811 0.00820701 0.00821403 0.00825524 0.00837244 0.0083404 0.00914222 0.00818326 0.00822523 0.00890004 0.00824089 0.00823733 0.00880021 0.00889473 
0.0355022 0.007137 0.0144683 0.00973882 0.00626538 0.01742 0.00550396 0.00703955 0.00462635 0.00400356 0.00403893 0.00319286 0.00326394 0.00317256 0.00317424 0.0031413 0 0.00314368 0.00317428 0.00315566 0.0071729 0.00499798 0.00528212 0.366182 0.023864 0.00553588 0.00680779 0.00743786 0.00969501 0.009649 0.0122126 0.0145185 0.00815311 0.0125364 0.00788027 0.00834452 0.00923924 0.0100176 0.0127329 0.00917246 0.00980271 0.00837494 0.00820412 0.00813233 0.00812291 0.00816797 0.00909187 0.00834022 0.00883282 0.00813305 0.00791592 0.0080783 0.00810499 0.00913174 0.00816597 0.00804811 0.00816006 0.0082323 0.00863392 0.00818201 0.00796871 0.00799756 0.00804413 0.00790549 0.00817095 0.00811944 0.00811996 0.00800354 0.00809021 0.00813491 0.00808044 0.00811036 0.00817643 0.00813888 0.00810344 0.00813846 0.00815704 0.00814262 0.00827044 0.00829491 0.00819781 0.00873123 0.00827023 0.00845932 0.00819198 0.00842198 0.00871697 
0.00797413 0.0320576 0.00729386 0.00764693 0.0149425 0.00624434 0.0121914 0.00590449 0.00847812 0.00565314 0.00368963 0.00385804 0.00323594 0.00330087 0.00319315 0.00319217 0.00314368 0 0.0031446 0.00317828 0.00381185 0.00404827 0.765451 0.00685657 0.0053719 0.00898504 0.00611752 0.00802137 0.0103711 0.00847998 0.0160369 0.00842452 0.0155265 0.00809679 0.00893503 0.00826631 0.00848258 0.0122253 0.0106342 0.0124202 0.00892104 0.0101273 0.00801537 0.00804481 0.00816892 0.0103162 0.00848482 0.00951545 0.00903896 0.00818393 0.00841073 0.00795582 0.00886649 0.00825354 0.0102338 0.00796958 0.00810254 0.00862534 0.00845764 0.0084133 0.00799417 0.0080828 0.00808031 0.00797084 0.00814142 0.00836084 0.0081905 0.00809956 0.00817589 0.0083651 0.00827564 0.00820052 0.00807708 0.00829979 0.00819523 0.00817156 0.00827301 0.00843749 0.00834844 0.00915108 0.008177 0.00817522 0.00908728 0.00821188 0.00823935 0.00886801 0.00892168 
0.0491285 0.0100774 0.0139373 0.0127865 0.00722833 0.0227469 0.00685419 0.0100029 0.00669898 0.00703178 0.00530565 0.0035145 0.00353267 0.00322131 0.00322634 0.00319286 0.00317428 0.0031446 0 0.00319704 0.00438623 0.954076 0.00387942 0.00513454 0.00512621 0.00486025 0.00700258 0.00667574 0.00801187 0.0102164 0.00752553 0.014809 0.00768878 0.014076 0.00775392 0.00885123 0.0131301 0.00937808 0.00968976 0.00909884 0.0192887 0.00947832 0.00919238 0.00852921 0.00822631 0.00822832 0.00952278 0.00823435 0.00821766 0.00853805 0.00794778 0.00815543 0.00808508 0.0086702 0.00804864 0.00826045 0.00815566 0.0082272 0.00833034 0.00817072 0.00801817 0.0079211 0.00804562 0.00789239 0.00812422 0.00816878 0.00813107 0.00794502 0.0080488 0.00815324 0.00805711 0.00804034 0.00813478 0.0081178 0.00807325 0.00814711 0.00815352 0.00817181 0.00833476 0.00833794 0.00819274 0.00884567 0.00833317 0.0084009 0.00825018 0.00852962 0.00873265 
0.0265598 0.0227875 0.00785788 0.00806863 0.0114111 0.00683836 0.00895211 0.00724282 0.00724782 0.00682368 0.00554648 0.00522782 0.00353059 0.00347168 0.00318282 0.0032217 0.00315566 0.00317828 0.00319704 0 0.950436 0.00339367 0.00509065 0.00329596 0.00352455 0.00493774 0.00504683 0.00844327 0.00741304 0.00717749 0.00951748 0.00700988 0.00867899 0.00708875 0.0107675 0.0167098 0.00940477 0.0090959 0.00950002 0.00928307 0.00942667 0.0164513 0.00978386 0.00891736 0.00905315 0.00897303 0.0081616 0.00948249 0.0091756 0.00802736 0.00861812 0.0081293 0.00861807 0.00803401 0.00907532 0.00793599 0.00863598 0.00827668 0.00817057 0.00824466 0.00802975 0.00847424 0.00797438 0.00799954 0.00834752 0.00809352 0.0080537 0.00812817 0.00835561 0.00816608 0.00810545 0.00838802 0.00819876 0.00826097 0.00815225 0.00824866 0.00925505 0.0095258 0.00990282 0.0103736 0.00844468 0.00867805 0.0095759 0.00832127 0.00962729 0.011207 0.0109529 
0.0194757 0.0125765 0.00876319 0.0088582 0.00880647 0.00820891 0.00921777 0.00812718 0.00860721 0.0078566 0.00687215 0.00619089 0.00573046 0.00563686 0.00484773 0.00428962 0.0071729 0.00381185 0.00438623 0.950436 0 0.0031915 0.00331951 0.00321139 0.00327684 0.00341776 0.00335134 0.00411565 0.005045 0.00613054 0.00680138 0.00707268 0.00779718 0.0085268 0.0175219 0.00870679 0.00820598 0.00873641 0.00893538 0.00838602 0.00958768 0.0183335 0.0118817 0.0110935 0.00871726 0.00808915 0.00829009 0.00857657 0.00834222 0.00814725 0.00902529 0.00812232 0.00797172 0.0080305 0.00826723 0.00908715 0.00816473 0.00801974 0.00800935 0.00798779 0.00851075 0.00832009 0.00795517 0.00813574 0.00812042 0.00821505 0.00813667 0.00832279 0.00822625 0.0081234 0.00818391 0.00838876 0.00815388 0.00824352 0.00809512 0.00822848 0.0087043 0.00888898 0.00955813 0.00942894 0.00841087 0.00878983 0.00880157 0.00890275 0.00896866 0.0105788 0.0100057 
0.0176379 0.0089578 0.010045 0.00990828 0.00793276 0.0144619 0.00804218 0.0107888 0.00819488 0.0102292 0.00996176 0.00628401 0.00818475 0.00641899 0.00787469 0.0100054 0.00499798 0.00404827 0.954076 0.00339367 0.0031915 0 0.0031612 0.00316474 0.00316188 0.00314091 0.00329644 0.00340609 0.00442907 0.00450871 0.00563618 0.00704747 0.00624838 0.0105281 0.00712028 0.00729035 0.00897849 0.00848925 0.00882308 0.00915349 0.0134138 0.00852298 0.00879667 0.00839841 0.00812626 0.00817436 0.00850581 0.00813081 0.00822544 0.00816602 0.00808431 0.00804441 0.00810363 0.00843043 0.00810548 0.00821783 0.00802593 0.00808129 0.00831998 0.0081406 0.00800561 0.00801137 0.00807459 0.00792627 0.00816409 0.0082146 0.00817295 0.00806599 0.00811825 0.00822523 0.00807904 0.00817239 0.00824121 0.00818685 0.00811336 0.00821013 0.00825949 0.00829757 0.00849789 0.00854421 0.00829154 0.00870584 0.00838438 0.0085715 0.00830722 0.00872745 0.00882012 
0.00920606 0.019119 0.00825695 0.00868471 0.0199892 0.00785471 0.015529 0.00821067 0.0106719 0.0100048 0.00744167 0.0109156 0.00617738 0.0125216 0.0121735 0.00774257 0.00528212 0.765451 0.00387942 0.00509065 0.00331951 0.0031612 0 0.00315112 0.00315139 0.00319544 0.00323599 0.00328641 0.00360286 0.00382093 0.00603768 0.00572544 0.00893586 0.00621089 0.00674858 0.00714983 0.00734731 0.00893891 0.00911505 0.00965274 0.00841575 0.00919219 0.00815072 0.00793571 0.00802855 0.00875632 0.00819017 0.00881824 0.00854349 0.0080193 0.00823372 0.00787439 0.00843211 0.00811021 0.00896458 0.00790169 0.00796569 0.00843363 0.00830734 0.0082907 0.00797403 0.00798299 0.00800181 0.00793756 0.0080391 0.00827819 0.00817704 0.00806963 0.00817271 0.00831893 0.00816747 0.00819457 0.00803976 0.0082567 0.00814038 0.00817513 0.00828236 0.00855292 0.00852582 0.00924655 0.0081998 0.00820421 0.00926544 0.00823989 0.00828883 0.00917938 0.00913762 
0.0188191 0.00830149 0.00941474 0.0108613 0.00812425 0.012178 0.00817499 0.0101375 0.0102809 0.00930003 0.0105179 0.00676201 0.00778112 0.00797006 0.00703757 0.0174433 0.366182 0.00685657 0.00513454 0.00329596 0.00321139 0.00316474 0.00315112 0 0.00314375 0.00314774 0.00317135 0.00321241 0.00339163 0.00346876 0.0040572 0.00717576 0.00501431 0.0058484 0.00585086 0.00630046 0.00759457 0.00836699 0.00929706 0.00863137 0.0100428 0.00843537 0.00830941 0.00806069 0.00809161 0.00826047 0.00895064 0.00846889 0.00852078 0.00816262 0.00806158 0.0079301 0.00812868 0.00843816 0.00819963 0.00800647 0.00803874 0.00829131 0.00848637 0.00816516 0.00800398 0.0080211 0.00804366 0.00791365 0.00809554 0.00819108 0.0081083 0.008029 0.00808276 0.00823956 0.00812389 0.00802909 0.00801799 0.00816857 0.00810561 0.00810773 0.00816143 0.00815197 0.00825508 0.00830822 0.00815968 0.00830325 0.0082762 0.00825607 0.00815381 0.00841865 0.00858963 
0.0112066 0.00952762 0.00983102 0.00971897 0.00894324 0.00989338 0.00916003 0.0127989 0.0102385 0.0124915 0.0106824 0.00760938 0.026431 0.00821204 0.0442024 0.206381 0.023864 0.0053719 0.00512621 0.00352455 0.00327684 0.00316188 0.00315139 0.00314375 0 0.00314101 0.00318009 0.00318041 0.00324587 0.00335818 0.00407786 0.00518784 0.00450765 0.0054272 0.00504792 0.00608917 0.00706424 0.00917701 0.00923935 0.00897205 0.00891824 0.00836236 0.00801854 0.00802734 0.00808828 0.00852595 0.00885783 0.00870686 0.0087116 0.00818239 0.0080421 0.00797345 0.00822108 0.00845658 0.00827011 0.00802072 0.00826527 0.00833808 0.00855142 0.00834579 0.00796588 0.00799696 0.00812629 0.00791816 0.00807782 0.00826142 0.00811066 0.00801673 0.00814515 0.00825369 0.00810633 0.00810993 0.00801603 0.00819075 0.00809008 0.00813514 0.00818838 0.00812077 0.0081911 0.00831568 0.00815139 0.00821294 0.00833578 0.00822415 0.00813456 0.00830908 0.00843338 
0.00967196 0.0224132 0.00876826 0.00929456 0.0104137 0.00860013 0.0151386 0.00911775 0.0139432 0.0126586 0.009641 0.0324139 0.00672863 0.0406675 0.1685 0.0396185 0.00553588 0.00898504 0.00486025 0.00493774 0.00341776 0.00314091 0.00319544 0.00314774 0.00314101 0 0.00314563 0.00314791 0.0031917 0.0031905 0.00351974 0.0035435 0.00409228 0.00398205 0.00481724 0.00595363 0.00793751 0.0082684 0.00822914 0.00877046 0.00801141 0.00838682 0.00810182 0.00797132 0.00817017 0.0088666 0.008532 0.00905512 0.0088767 0.00812201 0.00821804 0.00790532 0.00840606 0.00827024 0.0085527 0.00804237 0.00798869 0.00846362 0.00854552 0.00827426 0.00806727 0.00797477 0.00806773 0.00792955 0.00806732 0.00827639 0.00815658 0.0080166 0.00813106 0.0082864 0.00813171 0.00812083 0.0080091 0.00820481 0.00812153 0.00817553 0.00819025 0.00817068 0.00820014 0.00855069 0.0081629 0.00816688 0.008499 0.00817761 0.00813179 0.00846108 0.00848426 
0.0282616 0.0108796 0.0150377 0.0121577 0.00879246 0.0194271 0.00950262 0.0161457 0.0136509 0.0132777 0.0703145 0.00885629 0.0785823 0.17958 0.0336673 0.006772 0.00680779 0.00611752 0.00700258 0.00504683 0.00335134 0.00329644 0.00323599 0.00317135 0.00318009 0.00314563 0 0.00314801 0.00317242 0.00319807 0.0031892 0.00358416 0.00330874 0.0036371 0.00399125 0.00612305 0.00708721 0.00974801 0.00868724 0.00935834 0.00982152 0.00942165 0.00842475 0.0081946 0.00857588 0.00908864 0.0100877 0.00961474 0.00986712 0.00867676 0.00819339 0.0081394 0.00834832 0.00931582 0.00849659 0.00837259 0.00845939 0.00860563 0.0088962 0.00850523 0.008139 0.0080519 0.0081497 0.00802341 0.0081587 0.00841091 0.00828066 0.00809452 0.00822715 0.00830427 0.00823133 0.00815815 0.00802931 0.00821414 0.00819324 0.00822767 0.00820564 0.00820458 0.00822864 0.00841587 0.00819008 0.00825605 0.00835965 0.00825547 0.00814606 0.00844975 0.0084619 
0.0139198 0.0190067 0.0124294 0.0129252 0.0178696 0.0116161 0.0233122 0.0166348 0.0247887 0.0848711 0.018972 0.0771253 0.209351 0.0440167 0.00857503 0.00900601 0.00743786 0.00802137 0.00667574 0.00844327 0.00411565 0.00340609 0.00328641 0.00321241 0.00318041 0.00314791 0.00314801 0 0.00316919 0.00318894 0.00319077 0.0032319 0.00337626 0.00327889 0.00375224 0.00657511 0.00784032 0.00845561 0.0109993 0.0103252 0.0127974 0.0211799 0.0111944 0.00835492 0.00926103 0.0136152 0.0117192 0.0126027 0.0132714 0.00903184 0.00893561 0.00823998 0.0102545 0.00951074 0.0103488 0.00829891 0.0084785 0.00987748 0.010006 0.00915995 0.00836356 0.00830535 0.00838961 0.00828737 0.0084302 0.0088496 0.00855929 0.00825254 0.00846484 0.00858346 0.00845947 0.00826263 0.00810478 0.00835627 0.00832146 0.00827162 0.00824865 0.00823403 0.00823561 0.00843381 0.00821294 0.00822593 0.00850341 0.00833063 0.0081722 0.00846035 0.00839675 
0.0205498 0.0147886 0.0187873 0.0207295 0.0139642 0.0206265 0.021301 0.0273989 0.0902102 0.0348862 0.0681075 0.331396 0.025274 0.0128647 0.012031 0.0116331 0.00969501 0.0103711 0.00801187 0.00741304 0.005045 0.00442907 0.00360286 0.00339163 0.00324587 0.0031917 0.00317242 0.00316919 0 0.0031764 0.00323314 0.00326227 0.00328871 0.0033209 0.00347665 0.00617188 0.00665025 0.0166737 0.00999602 0.0130627 0.0259617 0.777747 0.0086632 0.00858027 0.00990883 0.0147164 0.0146462 0.0164683 0.0163019 0.0101068 0.00911314 0.00850801 0.0095609 0.0121446 0.00997692 0.00869973 0.0088607 0.0096773 0.0103393 0.00976606 0.00849855 0.00845518 0.00851416 0.00826313 0.00851478 0.00908871 0.00872869 0.00836796 0.00853958 0.00875221 0.00858365 0.00834686 0.00818856 0.00844817 0.00840874 0.00830088 0.00828562 0.00831681 0.0082997 0.00851845 0.00824719 0.0083368 0.00860927 0.008396 0.00825365 0.00858243 0.00853693 
0.0230636 0.0146601 0.0230915 0.0216687 0.0148624 0.0241482 0.0195468 0.0875268 0.0411713 0.0843053 0.410406 0.0419639 0.0155225 0.0115623 0.0179143 0.0134889 0.009649 0.00847998 0.0102164 0.00717749 0.00613054 0.00450871 0.00382093 0.00346876 0.00335818 0.0031905 0.00319807 0.00318894 0.0031764 0 0.00317452 0.00313205 0.00323222 0.0032321 0.00334061 0.00555999 0.00952876 0.00895497 0.0132097 0.0225039 0.893298 0.0246286 0.00896435 0.00866434 0.00961443 0.0135871 0.0202096 0.0166096 0.0179145 0.0105218 0.00919556 0.00856905 0.010069 0.0127076 0.0102243 0.00876816 0.00870942 0.00991201 0.0122837 0.00988927 0.00870186 0.00852199 0.00868735 0.00847488 0.0085639 0.00942033 0.00900632 0.00879011 0.00867674 0.00924414 0.00883792 0.00841237 0.00817358 0.00851978 0.00848084 0.00835465 0.00828434 0.00825995 0.00824909 0.00842705 0.00827228 0.00830168 0.00859716 0.0084211 0.00821044 0.00846134 0.00844168 
0.0136342 0.0315644 0.0132029 0.0165803 0.0318028 0.0137526 0.102748 0.031457 0.131868 0.364038 0.033436 0.0287573 0.0097373 0.0200475 0.0100006 0.0150614 0.0122126 0.0160369 0.00752553 0.00951748 0.00680138 0.00563618 0.00603768 0.0040572 0.00407786 0.00351974 0.0031892 0.00319077 0.00323314 0.00317452 0 0.0031805 0.00320158 0.00326074 0.00322948 0.00487666 0.00575474 0.013518 0.0125552 0.924572 0.0227465 0.0137648 0.00862901 0.00857944 0.00967194 0.0191619 0.0127487 0.020958 0.0209239 0.00967052 0.0095511 0.0083863 0.0114642 0.0102379 0.0125273 0.00846656 0.00913242 0.0107855 0.0104127 0.0108617 0.0085785 0.00868369 0.00851796 0.00833746 0.00891606 0.00942854 0.00873592 0.00865225 0.00892334 0.00881634 0.00853641 0.00853524 0.0081447 0.0084837 0.00836412 0.00834028 0.0084163 0.00835771 0.00831936 0.0087464 0.00823214 0.00826911 0.00883419 0.00835936 0.00824801 0.0087341 0.00861276 
0.0339989 0.0099058 0.0256216 0.0240824 0.010843 0.102878 0.0125073 0.135725 0.277989 0.0570795 0.0502358 0.0105998 0.0320879 0.00957789 0.0191296 0.00984075 0.0145185 0.00842452 0.014809 0.00700988 0.00707268 0.00704747 0.00572544 0.00717576 0.00518784 0.0035435 0.00358416 0.0032319 0.00326227 0.00313205 0.0031805 0 0.00316098 0.00319674 0.00319444 0.00381994 0.00957685 0.00895192 0.950338 0.0433522 0.0189767 0.00906005 0.00955226 0.00867672 0.00988529 0.0103992 0.022226 0.0132647 0.0139255 0.0103203 0.00879612 0.00893308 0.00879146 0.0140215 0.00901058 0.0090117 0.00866878 0.00929686 0.011804 0.00943416 0.00864606 0.0084263 0.00847206 0.0082064 0.0084944 0.0089389 0.00873936 0.0084273 0.00848187 0.00856564 0.00857983 0.0082247 0.00809834 0.0083469 0.00831935 0.00829285 0.00822423 0.00820247 0.00823708 0.00830707 0.00824146 0.00845837 0.00844759 0.00838974 0.00818478 0.00835397 0.00837373 
0.0113489 0.030874 0.0116578 0.0123709 0.0891848 0.0101626 0.159504 0.160579 0.0742285 0.0376082 0.0142012 0.0383212 0.00894751 0.0169939 0.00892437 0.0150177 0.00815311 0.0155265 0.00768878 0.00867899 0.00779718 0.00624838 0.00893586 0.00501431 0.00450765 0.00409228 0.00330874 0.00337626 0.00328871 0.00323222 0.00320158 0.00316098 0 0.00315317 0.00318517 0.00692927 0.00477489 0.9475 0.0210891 0.0160189 0.00767233 0.0114291 0.00853445 0.00845534 0.00896764 0.017216 0.0107078 0.0146765 0.0139251 0.00902756 0.00936543 0.00816542 0.0108099 0.00902547 0.0126781 0.00825055 0.00876186 0.00975667 0.00946223 0.0097162 0.00821268 0.00841553 0.0084953 0.00821621 0.00831106 0.00888694 0.00848607 0.0083033 0.00845189 0.00856678 0.008402 0.00828697 0.0081008 0.00834946 0.00828155 0.00824573 0.00832993 0.00830039 0.00832957 0.00873069 0.00821974 0.00821638 0.00881213 0.00828857 0.00824379 0.00881153 0.00857097 
0.0216372 0.00937706 0.0109276 0.0504719 0.00897589 0.0681772 0.0493107 0.0269585 0.0146933 0.0138599 0.0272841 0.00894163 0.0125112 0.00855121 0.0136582 0.00816348 0.0125364 0.00809679 0.014076 0.00708875 0.0085268 0.0105281 0.00621089 0.0058484 0.0054272 0.00398205 0.0036371 0.00327889 0.0033209 0.0032321 0.00326074 0.00319674 0.00315317 0 0.003252 0.0079162 0.982501 0.00561945 0.00810058 0.00598845 0.0099519 0.00790209 0.0106044 0.00890441 0.00975944 0.00879399 0.0126959 0.00891761 0.00889237 0.00959211 0.00826751 0.00914937 0.00853546 0.00893973 0.0083485 0.00825879 0.00870214 0.00856188 0.00893272 0.00849217 0.00815108 0.00829408 0.00840877 0.00796866 0.00829906 0.00839744 0.00826743 0.00799879 0.00817944 0.0082663 0.00821013 0.00805844 0.00810184 0.00817894 0.0081602 0.00818264 0.00814645 0.00812926 0.00826442 0.00834963 0.00818227 0.00843164 0.00835361 0.00825485 0.00828343 0.00840831 0.00857987 
0.0140799 0.0202166 0.0120876 0.00902991 0.0182497 0.0145064 0.0178871 0.0098603 0.0116881 0.0169236 0.00970935 0.00951782 0.00823552 0.0108452 0.00828585 0.00893204 0.00788027 0.00893503 0.00775392 0.0107675 0.0175219 0.00712028 0.00674858 0.00585086 0.00504792 0.00481724 0.00399125 0.00375224 0.00347665 0.00334061 0.00322948 0.00319444 0.00318517 0.003252 0 0.998545 0.00380513 0.00537346 0.00387213 0.00508736 0.00513648 0.0138393 0.0119476 0.00977918 0.00998671 0.00927643 0.00832727 0.00984181 0.0102212 0.00818451 0.00890475 0.00886132 0.00867045 0.00810438 0.00868153 0.008091 0.0094117 0.00834089 0.0081243 0.00822425 0.00811706 0.00849842 0.00801767 0.00810298 0.00855347 0.00813591 0.00805351 0.00818311 0.0084548 0.00808114 0.00803649 0.00821185 0.00818608 0.00813553 0.008086 0.00817633 0.00884486 0.00891828 0.00928226 0.00944882 0.00829682 0.00847731 0.00882269 0.0082381 0.00917523 0.0100622 0.00975562 
0.0179407 0.0110241 0.00884814 0.00884571 0.00891993 0.00872947 0.00921329 0.00947353 0.00963404 0.0104127 0.00907005 0.00865478 0.00859642 0.00860335 0.00870717 0.00827949 0.00834452 0.00826631 0.00885123 0.0167098 0.00870679 0.00729035 0.00714983 0.00630046 0.00608917 0.00595363 0.00612305 0.00657511 0.00617188 0.00555999 0.00487666 0.00381994 0.00692927 0.0079162 0.998545 0 0.00361261 0.00321897 0.00320741 0.00335703 0.00353109 0.00688601 0.0183269 0.0106825 0.00898654 0.00815585 0.00857227 0.00900827 0.00833409 0.00836175 0.0101067 0.00812949 0.00800431 0.00824355 0.00841721 0.0092105 0.0080019 0.00804856 0.00812606 0.00812413 0.00852585 0.0081056 0.00788591 0.00824591 0.00801503 0.00821074 0.00824391 0.00843144 0.00821478 0.00807087 0.00824136 0.00838434 0.00803616 0.00823434 0.00805917 0.00832477 0.00840994 0.00840032 0.00912643 0.00891884 0.00831212 0.00848095 0.00857081 0.00871943 0.00852059 0.00970212 0.00900533 
0.0117147 0.0105128 0.00942593 0.0095907 0.00877313 0.0123832 0.00966909 0.0120976 0.0118392 0.0115176 0.0123982 0.00889301 0.00953352 0.00887087 0.0101355 0.00831909 0.00923924 0.00848258 0.0131301 0.00940477 0.00820598 0.00897849 0.00734731 0.00759457 0.00706424 0.00793751 0.00708721 0.00784032 0.00665025 0.00952876 0.00575474 0.00957685 0.00477489 0.982501 0.00380513 0.00361261 0 0.00326169 0.00315846 0.00336061 0.00431403 0.00329708 0.0103632 0.00842311 0.00840548 0.00871908 0.00917517 0.00847871 0.00851605 0.00848204 0.00828525 0.00800937 0.00846571 0.00861594 0.00846855 0.00832198 0.00793694 0.00837251 0.00843782 0.00835175 0.00805426 0.00801118 0.00810134 0.00793394 0.00809042 0.00818548 0.00822515 0.00802577 0.00807269 0.00817339 0.00809569 0.00807778 0.00805455 0.00813379 0.00806538 0.00815166 0.00821461 0.00814839 0.00836574 0.00839287 0.00818471 0.00834856 0.00836813 0.00826781 0.00820482 0.00848116 0.00839052 
0.0111335 0.0136446 0.0131838 0.0120007 0.0135426 0.0128241 0.0158495 0.0178633 0.0228279 0.023796 0.0161301 0.0135678 0.0114828 0.0114454 0.00982354 0.0112844 0.0100176 0.0122253 0.00937808 0.0090959 0.00873641 0.00848925 0.00893891 0.00836699 0.00917701 0.0082684 0.00974801 0.00845561 0.0166737 0.00895497 0.013518 0.00895192 0.9475 0.00561945 0.00537346 0.00321897 0.00326169 0 0.00316056 0.00313867 0.00318409 0.00323024 0.00934357 0.00816862 0.00863826 0.0103162 0.0106195 0.0108411 0.0103033 0.0087181 0.00849535 0.00808612 0.00894182 0.00936211 0.00928029 0.00829714 0.00817617 0.00893954 0.00961161 0.00884299 0.00816722 0.00807895 0.00816429 0.00808517 0.00812284 0.00859307 0.00829541 0.00816091 0.00819732 0.00841415 0.00824931 0.00811062 0.00803291 0.00823903 0.00817696 0.00811985 0.00820102 0.00816166 0.00821529 0.00838889 0.00814854 0.00815669 0.00837653 0.00821894 0.00815226 0.00840372 0.00827009 
0.0137272 0.0111905 0.0124618 0.0145031 0.0109679 0.0149668 0.0159475 0.0185975 0.0270181 0.0241293 0.023073 0.0122457 0.0121553 0.0101181 0.0113504 0.00997178 0.0127329 0.0106342 0.00968976 0.00950002 0.00893538 0.00882308 0.00911505 0.00929706 0.00923935 0.00822914 0.00868724 0.0109993 0.00999602 0.0132097 0.0125552 0.950338 0.0210891 0.00810058 0.00387213 0.00320741 0.00315846 0.00316056 0 0.00315943 0.00319587 0.00322894 0.00892058 0.00830366 0.00866339 0.0104074 0.0127549 0.0124878 0.0111555 0.00868125 0.00868254 0.00811056 0.0087841 0.00970298 0.00939902 0.00823973 0.00813272 0.00949305 0.00927477 0.00875035 0.0081451 0.00810916 0.00812985 0.00802122 0.00810089 0.00841148 0.0083523 0.00813359 0.00824255 0.00832391 0.00821204 0.00814735 0.00802445 0.00821078 0.00811739 0.00814175 0.00819277 0.00810043 0.00821562 0.00828548 0.00814542 0.00815026 0.00828791 0.00820724 0.0081254 0.00833616 0.00819747 
0.0102468 0.0116513 0.0122176 0.012398 0.0126003 0.0111509 0.019507 0.0186256 0.027364 0.0277058 0.0185929 0.0151088 0.0100862 0.0120508 0.0101294 0.0141987 0.00917246 0.0124202 0.00909884 0.00928307 0.00838602 0.00915349 0.00965274 0.00863137 0.00897205 0.00877046 0.00935834 0.0103252 0.0130627 0.0225039 0.924572 0.0433522 0.0160189 0.00598845 0.00508736 0.00335703 0.00336061 0.00313867 0.00315943 0 0.00317784 0.0031741 0.00937496 0.00824173 0.00883501 0.0110123 0.0117392 0.0117342 0.0109465 0.00873035 0.00874317 0.00817472 0.00890982 0.00923854 0.00952055 0.00816786 0.00840994 0.00888691 0.00954557 0.00885861 0.00815191 0.00810683 0.00827869 0.00823798 0.0081384 0.00860397 0.00826845 0.00829607 0.00825753 0.00843331 0.00821195 0.00814705 0.00801467 0.00834979 0.00817315 0.00811473 0.0081958 0.00808468 0.00822417 0.00826754 0.00814243 0.00813036 0.00826959 0.00820676 0.00814483 0.00833263 0.00824229 
0.0133911 0.009942 0.0108731 0.0107419 0.00898515 0.0150929 0.0103979 0.0165722 0.0167454 0.0160507 0.0186811 0.00974968 0.0110724 0.00926083 0.0146374 0.00912835 0.00980271 0.00892104 0.0192887 0.00942667 0.00958768 0.0134138 0.00841575 0.0100428 0.00891824 0.00801141 0.00982152 0.0127974 0.0259617 0.893298 0.0227465 0.0189767 0.00767233 0.0099519 0.00513648 0.00353109 0.00431403 0.00318409 0.00319587 0.00317784 0 0.00335054 0.00974848 0.0090288 0.00897957 0.0102277 0.0173095 0.010323 0.00953059 0.0103971 0.00863984 0.00855892 0.00854203 0.00912886 0.00868018 0.00849291 0.00843923 0.00879401 0.00926376 0.00849761 0.00830958 0.00810014 0.00830735 0.00802267 0.00809299 0.00840956 0.00845347 0.00802246 0.00818989 0.0083505 0.00827182 0.00803375 0.00805415 0.00821796 0.00814778 0.00815992 0.00822953 0.00812701 0.00821713 0.00830935 0.0082839 0.00824028 0.00838909 0.00825465 0.00819359 0.00824707 0.00833155 
