1NVMG
FNPSKKLYISDVTLRDGSHAIRHQYTLDDVRAIARALDKAKVDSIEVAHGDGLQGSSFNYGFGRHTDLEYIEAVAGEISHAQIATLLLPGIGSVHDLKNAYQAGARVVRVATHCTEADVSKQHIEYARNLGMDTVGFLMMSHMIPAEKLAEQGKLMESYGATCIYMADSGGAMSMNDIRDRMRAFKAVLKPETQVGMHAHHNLSLGVANSIVAVEEGCDRVDASLAGMGAGAGNAPLEVFIAVAERLGWNHGTDLYTLMDAADDIVRPLQDRPVRVDRETLGLGYAGVYSSFLRHAEIAAAKYNLKTLDILVELGHRRMVGGQEDMIVDVALDLLAAHK
CCCCCECEEEEEEECHHHHHCCCCCCHHHHHHHHHHHHHCCCCEEEECCCCCCCCCECCCECCCCCHHHHHHHHHCCCCCCEEEEEECECCECHHHHHHHHHHCCCEEEEEEECCCHHHHHHHHHHHHHCCCEEEEEEECHHHCCHHHHHHHHHHHHHHCCCEEEEECCCCCCCHHHHHHHHHHHHHHCCCCCEEEEECECCCCCHHHHHHHHHHCCCCEEEEEHHHCCCCCCECEHHHHHHHHHHCCCECCCCHHHHHHHHHHCCHHHCCCCCCCCHHHHHHHHHCCCCCHHHHHHHHHHHHCCCHHHHHHHHHHCCCCCCCCHHHHHHHHHHHHHHC
0 0 0 0 0 0 0 0 0 0 0 0 0 0 0 0 0 0 0 0 0 0 0 0 0 0 0 0 0 0 0 0 0 0 0 0 0 0 0 0 0 0 0 0 0 0 0 0 0 0 0 0 0 0 0 0 0 0 0 0 0 0 0 0 0 0 0 0 0 0 0 0 0 0 0 0 0 0 0 0 0 0 0 0 0 0 0 0 0 0 0 0 0 0 0 0 0 0 0 0 0 0 0 0 0 0 0 0 0 0 0 0 0 0 0 0 0 0 0 0 0 0 0 0 0 0 0 0 0 0 0 0 0 0 0 0 0 0 0 0 0 0 0 0 0 0 0 0 0 0 0 0 0 0 0 0 0 0 0 0 0 0 0 0 0 0 0 0 0 0 0 0 0 0 0 0 0 0 0 0 0 0 0 0 0 0 0 0 0 0 0 0 0 0 0 0 0 0 0 0 0 0 0 0 0 0 0 0 0 0 0 0 0 0 0 0 0 0 0 0 0 0 0 0 0 0 0 0 0 0 0 0 0 0 0 0 0 0 0 0 0 0 0 0 0 0 0 0 0 0 0 0 0 0 0 0 0 0 0 0 0 0 0 0 0 0 0 0 0 0 0 0 0 0 0 0 0 0 0 0 0 0 0 0 0 0 0 0 0 0 0 0 0 0 0 0 0 0 0 0 0 0 0 0 0 0 0 0 0 0 0 0 0 0 0 0 0 0 0 0 0 0 0 0 0 0 0 0 0 0 0 0 0 0 0 0 0 0 0 
0 0 0 0 0 0 0 0 0 0 0 0 0 0 0 0 0 0 0 0 0 0 0 0 0 0 0 0 0 0 0 0 0 0 0 0 0 0 0 0 0 0 0 0 0 0 0 0 0 0 0 0 0 0 0 0 0 0 0 0 0 0 0 0 0 0 0 0 0 0 0 0 0 0 0 0 0 0 0 0 0 0 0 0 0 0 0 0 0 0 0 0 0 0 0 0 0 0 0 0 0 0 0 0 0 0 0 0 0 0 0 0 0 0 0 0 0 0 0 0 0 0 0 0 0 0 0 0 0 0 0 0 0 0 0 0 0 0 0 0 0 0 0 0 0 0 0 0 0 0 0 0 0 0 0 0 0 0 0 0 0 0 0 0 0 0 0 0 0 0 0 0 0 0 0 0 0 0 0 0 0 0 0 0 0 0 0 0 0 0 0 0 0 0 0 0 0 0 0 0 0 0 0 0 0 0 0 0 0 0 0 0 0 0 0 0 0 0 0 0 0 0 0 0 0 0 0 0 0 0 0 0 0 0 0 0 0 0 0 0 0 0 0 0 0 0 0 0 0 0 0 0 0 0 0 0 0 0 0 0 0 0 0 0 0 0 0 0 0 0 0 0 0 0 0 0 0 0 0 0 0 0 0 0 0 0 0 0 0 0 0 0 0 0 0 0 0 0 0 0 0 0 0 0 0 0 0 0 0 0 0 0 0 0 0 0 0 0 0 0 0 0 0 0 0 0 0 0 0 0 0 0 0 0 0 0 0 0 0 
0 0.00535058 0.00339094 0.00336605 0.00332835 0.00351727 0.00461641 0.0103334 0.0512101 0.0115608 0.0113474 0.0150028 0.0244706 0.0277712 0.0177135 0.00860053 0.00872702 0.00916141 0.00913213 0.0104676 0.0148576 0.0198143 0.0122615 0.00848357 0.00866872 0.00845656 0.0082577 0.0083719 0.0100723 0.0088498 0.00801956 0.00800951 0.00815841 0.00797193 0.00793639 0.0094155 0.00867982 0.00788229 0.00797827 0.00803229 0.00848919 0.00852258 0.00801243 0.00787356 0.00793265 0.00800026 0.00881093 0.0084039 0.00804551 0.0080072 0.00815467 0.00884663 0.00894757 0.00947648 0.00984052 
0.00535058 0 0.00329524 0.0032643 0.00328786 0.00335743 0.00360273 0.00409787 0.0891554 0.019605 0.0302299 0.0170506 0.0140624 0.0142473 0.0173023 0.0107132 0.0153548 0.0229863 0.01424 0.0277782 0.0112391 0.013288 0.0112657 0.0109222 0.0190026 0.0123063 0.014445 0.0112875 0.0124609 0.00876661 0.00908115 0.0101808 0.0114652 0.0104032 0.0088302 0.0122708 0.00925083 0.00867739 0.0102173 0.00878279 0.00935454 0.00894424 0.00827466 0.00872268 0.00821506 0.00893362 0.00837658 0.0087953 0.00844847 0.00847742 0.00829884 0.00867747 0.00845068 0.00850354 0.00850305 
0.00339094 0.00329524 0 0.003251 0.00321769 0.00322359 0.00413166 0.00371436 0.0659863 0.124449 0.0337971 0.0207332 0.0101985 0.0108905 0.00934732 0.0314697 0.0187864 0.0285451 0.0366315 0.0140705 0.00931272 0.0101826 0.0109799 0.025723 0.0151367 0.0251677 0.017848 0.0149176 0.00925215 0.00850916 0.0118338 0.0118756 0.0137207 0.0112583 0.01003 0.00930968 0.00869948 0.00929071 0.0099838 0.00975675 0.00857685 0.00801464 0.00894308 0.00872859 0.008718 0.00839175 0.00802546 0.00826049 0.00878776 0.00866861 0.0084676 0.00856181 0.00804459 0.00803575 0.00801709 
0.00336605 0.0032643 0.003251 0 0.00316008 0.00316686 0.00321582 0.00329455 0.0744473 0.0459932 0.0465531 0.0167594 0.00933184 0.00943047 0.0094911 0.0124785 0.0312694 0.0540743 0.0262307 0.0178487 0.00856021 0.00907931 0.00903019 0.0125236 0.0295929 0.0233924 0.0300823 0.0127047 0.00914442 0.00839504 0.00996326 0.0131376 0.0147056 0.0138864 0.00981595 0.00884448 0.00840441 0.00936423 0.0115842 0.00943451 0.00856809 0.008093 0.00857694 0.00911067 0.00853444 0.00833151 0.00811598 0.00821307 0.00869706 0.00863727 0.00845966 0.00819114 0.00807055 0.00797283 0.00796671 
0.00332835 0.00328786 0.00321769 0.00316008 0 0.00316151 0.00316937 0.00319034 0.0701288 0.0725377 0.0513747 0.0174138 0.0095181 0.00933706 0.00896672 0.0131499 0.0379597 0.0531583 0.0242353 0.0154937 0.00853771 0.00884392 0.00890167 0.013043 0.0304962 0.0271472 0.0257542 0.0145108 0.00931126 0.00846135 0.0105201 0.015749 0.0158249 0.0128295 0.00978127 0.00887775 0.00837719 0.00955131 0.0124058 0.00938728 0.00839321 0.00811049 0.00838487 0.00909572 0.00851176 0.00834229 0.00796704 0.00830187 0.00856263 0.00876989 0.00846984 0.00816209 0.00819344 0.00799888 0.00795256 
0.00351727 0.00335743 0.00322359 0.00316686 0.00316151 0 0.00316916 0.00316545 0.0429396 0.144841 0.0225082 0.0200978 0.00883542 0.0093298 0.00897853 0.0321 0.0281238 0.0360707 0.0230087 0.0156978 0.00872333 0.00911445 0.00963647 0.016392 0.021317 0.0409409 0.0190429 0.0126896 0.0089298 0.00864428 0.0118515 0.0145889 0.0152195 0.011545 0.0100587 0.00912514 0.00860384 0.00950289 0.0107811 0.00944956 0.0084354 0.00821152 0.00861523 0.00895802 0.00855767 0.00836836 0.0079501 0.00836978 0.00865696 0.00850439 0.00844476 0.00805622 0.00805422 0.00794126 0.00795392 
0.00461641 0.00360273 0.00413166 0.00321582 0.00316937 0.00316916 0 0.00333488 0.0381932 0.0224646 0.365001 0.0212216 0.0125523 0.0111246 0.0176946 0.0120895 0.0170688 0.0256162 0.0262534 0.0158845 0.00994847 0.0102877 0.00996689 0.0131573 0.0256026 0.0112983 0.015733 0.0143669 0.010059 0.00910621 0.00967959 0.0122934 0.0109469 0.0102282 0.00980064 0.0091114 0.00833093 0.00863775 0.0105296 0.00877547 0.00819889 0.00818379 0.00831721 0.0085532 0.00842872 0.00836261 0.00784939 0.00821845 0.00838067 0.00851201 0.00826205 0.00814245 0.00795957 0.00805331 0.00804416 
0.0103334 0.00409787 0.00371436 0.00329455 0.00319034 0.00316545 0.00333488 0 0.0174411 0.0375986 0.0295023 0.487211 0.0194061 0.0260004 0.0122949 0.0127416 0.00985137 0.011467 0.0130619 0.0168882 0.0158599 0.0189654 0.022818 0.010613 0.00989155 0.0109177 0.00949467 0.0105806 0.0116011 0.0115766 0.0090075 0.00884855 0.00973433 0.00921768 0.00911071 0.00939733 0.00978599 0.00861088 0.00840673 0.00861011 0.00861843 0.00828577 0.00827536 0.0084164 0.00841637 0.00854935 0.00837109 0.00846672 0.00820012 0.00816188 0.00819386 0.00824483 0.00888928 0.00828717 0.00835574 
0.0512101 0.0891554 0.0659863 0.0744473 0.0701288 0.0429396 0.0381932 0.0174411 0 0.00326842 0.00323614 0.00332998 0.020146 0.0208507 0.345294 0.0143676 0.0268862 0.0221961 0.0180922 0.027337 0.014544 0.023385 0.0244225 0.017109 0.0228139 0.0154631 0.0151163 0.0128856 0.017938 0.011675 0.0101015 0.012236 0.011163 0.011476 0.00962122 0.0153675 0.0102737 0.00937064 0.0108116 0.00962323 0.0111292 0.00855401 0.00833278 0.00887503 0.00857042 0.00908513 0.00857033 0.00949253 0.0083476 0.00842699 0.00874865 0.010072 0.00835881 0.00863102 0.00821657 
0.0115608 0.019605 0.124449 0.0459932 0.0725377 0.144841 0.0224646 0.0375986 0.00326842 0 0.00321518 0.00326431 0.0118999 0.0154854 0.0118448 0.413033 0.0233608 0.0454575 0.041516 0.0164179 0.0110974 0.0125952 0.013714 0.0557299 0.0189317 0.0601559 0.0241962 0.0200686 0.0103932 0.00876809 0.0204781 0.0169943 0.0265428 0.0163026 0.0132911 0.00970567 0.00899694 0.0114263 0.0107161 0.012466 0.00919858 0.00800184 0.00994398 0.00874938 0.00958718 0.00827452 0.00799937 0.00822784 0.00928205 0.00870793 0.008654 0.00841402 0.00795977 0.00797925 0.00791337 
0.0113474 0.0302299 0.0337971 0.0465531 0.0513747 0.0225082 0.365001 0.0295023 0.00323614 0.00321518 0 0.00321658 0.0129665 0.0135759 0.0324064 0.0161213 0.198293 0.0477106 0.0997079 0.0221605 0.0143435 0.0121099 0.01288 0.0178734 0.0626393 0.0165122 0.0395419 0.0442213 0.0128017 0.0102786 0.0126825 0.0225883 0.0173471 0.020307 0.0196172 0.0113471 0.00954147 0.0094734 0.016518 0.0114469 0.0095129 0.00855485 0.008528 0.0105041 0.00936859 0.00887618 0.00822184 0.00840515 0.00913336 0.00942322 0.00874351 0.00844919 0.00793075 0.00807593 0.00792127 
0.0150028 0.0170506 0.0207332 0.0167594 0.0174138 0.0200978 0.0212216 0.487211 0.00332998 0.00326431 0.00321658 0 0.0274685 0.0223173 0.014781 0.0262174 0.0125996 0.0541789 0.027611 0.0460128 0.0211889 0.0224657 0.0184061 0.0164221 0.0108933 0.0177077 0.0129821 0.0169603 0.0206183 0.011634 0.0114627 0.00991622 0.0128795 0.00991346 0.0120414 0.0135603 0.0102106 0.00951425 0.0095261 0.0100042 0.00985512 0.00846426 0.00860905 0.0083291 0.00864982 0.00844562 0.00883684 0.00843164 0.00892687 0.0082241 0.00830508 0.00831823 0.00854994 0.00815884 0.00813785 
0.0244706 0.0140624 0.0101985 0.00933184 0.0095181 0.00883542 0.0125523 0.0194061 0.020146 0.0118999 0.0129665 0.0274685 0 0.904486 0.0224284 0.0100679 0.011643 0.0107957 0.0205053 0.0168824 0.048581 0.0918214 0.0147423 0.00978197 0.00979166 0.00905104 0.00895703 0.010144 0.0146723 0.0111091 0.00857183 0.00858489 0.00862397 0.00847436 0.00877172 0.0117551 0.0100853 0.00826079 0.00816694 0.00855637 0.0095015 0.00895564 0.00811723 0.00790652 0.00821605 0.00832051 0.00938407 0.00871238 0.0080287 0.00798505 0.00829721 0.00906627 0.00962777 0.00915934 0.0101036 
0.0277712 0.0142473 0.0108905 0.00943047 0.00933706 0.0093298 0.0111246 0.0260004 0.0208507 0.0154854 0.0135759 0.0223173 0.904486 0 0.0201432 0.0134461 0.0120143 0.0152015 0.0230122 0.0370161 0.0579813 0.125391 0.0187476 0.011705 0.00996866 0.0100297 0.00931899 0.0105162 0.0159012 0.011697 0.00884128 0.0088226 0.00900885 0.00889785 0.00894003 0.0137642 0.0103559 0.00829777 0.00848296 0.00875369 0.0104061 0.00903444 0.00807294 0.00798473 0.0082538 0.00814972 0.0103338 0.00883458 0.00807211 0.00803643 0.00836581 0.00903895 0.00988918 0.00950333 0.00967213 
0.0177135 0.0173023 0.00934732 0.0094911 0.00896672 0.00897853 0.0176946 0.0122949 0.345294 0.0118448 0.0324064 0.014781 0.0224284 0.0201432 0 0.00329299 0.00323494 0.00323219 0.00328366 0.00370844 0.00507339 0.00985969 0.0472778 0.0143744 0.0191233 0.0101049 0.0109811 0.0133725 0.0200367 0.0156331 0.0101456 0.010467 0.00992011 0.00945314 0.00901251 0.0145437 0.0128603 0.00881545 0.0105349 0.00877923 0.00987242 0.0104597 0.00810093 0.00912358 0.00822862 0.0087303 0.0087064 0.0087426 0.00805772 0.00858086 0.00842631 0.0100087 0.0084841 0.00948309 0.0085651 
0.00860053 0.0107132 0.0314697 0.0124785 0.0131499 0.0321 0.0120895 0.0127416 0.0143676 0.413033 0.0161213 0.0262174 0.0100679 0.0134461 0.00329299 0 0.00319601 0.00321361 0.00329945 0.0032217 0.00368124 0.00546125 0.0395479 0.0901303 0.0147301 0.0317527 0.0229691 0.0228607 0.0105892 0.00968507 0.0332308 0.0183989 0.018721 0.0156815 0.0164911 0.0105362 0.0105836 0.0177077 0.0117854 0.0147383 0.00937649 0.00804037 0.0113242 0.0091175 0.0115306 0.00843193 0.00813117 0.00838247 0.00997315 0.00865172 0.0103462 0.00827696 0.00792858 0.00799619 0.0078437 
0.00872702 0.0153548 0.0187864 0.0312694 0.0379597 0.0281238 0.0170688 0.00985137 0.0268862 0.0233608 0.198293 0.0125996 0.011643 0.0120143 0.00323494 0.00319601 0 0.0031861 0.00322745 0.00319955 0.00323385 0.00499666 0.0671203 0.0295372 0.089959 0.0493219 0.0381596 0.0162177 0.0109663 0.0105884 0.0189851 0.0348737 0.0474463 0.0310301 0.0126675 0.0107246 0.0106002 0.0168366 0.034026 0.0136141 0.00935666 0.00844916 0.00949587 0.014289 0.0100489 0.00955124 0.00812209 0.00866299 0.00899471 0.0104057 0.00916665 0.00834798 0.00802039 0.00794943 0.00782 
0.00916141 0.0229863 0.0285451 0.0540743 0.0531583 0.0360707 0.0256162 0.011467 0.0221961 0.0454575 0.0477106 0.0541789 0.0107957 0.0152015 0.00323219 0.00321361 0.0031861 0 0.00320272 0.00318017 0.0032266 0.00916591 0.0244708 0.0669369 0.135907 0.100154 0.0533076 0.0269362 0.0131755 0.0117775 0.0226363 0.0734573 0.0557255 0.0589305 0.0184502 0.0138041 0.0117286 0.0227597 0.0615187 0.0167914 0.010483 0.00917957 0.0111909 0.0200483 0.0119054 0.0110467 0.00822578 0.00933217 0.0103963 0.0123664 0.0101624 0.00896168 0.00803371 0.0082322 0.00791983 
0.00913213 0.01424 0.0366315 0.0262307 0.0242353 0.0230087 0.0262534 0.0130619 0.0180922 0.041516 0.0997079 0.027611 0.0205053 0.0230122 0.00328366 0.00329945 0.00322745 0.00320272 0 0.00318344 0.00330556 0.00598159 0.0265593 0.0694083 0.0696004 0.0599047 0.062737 0.0535023 0.0190396 0.0120194 0.0350455 0.0281507 0.0408043 0.0369364 0.0582938 0.0149267 0.0125035 0.0279371 0.0228334 0.0391795 0.0112217 0.00903573 0.0136946 0.012295 0.0189199 0.00939326 0.00840027 0.00906844 0.0108651 0.00992781 0.0107489 0.00860907 0.00809254 0.00808276 0.00794085 
0.0104676 0.0277782 0.0140705 0.0178487 0.0154937 0.0156978 0.0158845 0.0168882 0.027337 0.0164179 0.0221605 0.0460128 0.0168824 0.0370161 0.00370844 0.0032217 0.00319955 0.00318017 0.00318344 0 0.00386034 0.00599842 0.0628617 0.021601 0.0273485 0.0413276 0.036592 0.0326725 0.020724 0.0186026 0.0136373 0.0215124 0.0193167 0.0211849 0.0161137 0.0248289 0.0164385 0.0109067 0.0212498 0.012663 0.0129457 0.00991105 0.00927217 0.0111455 0.0102004 0.0107266 0.0089816 0.0103759 0.00896533 0.0097737 0.00915672 0.0089491 0.00892508 0.00818712 0.00809065 
0.0148576 0.0112391 0.00931272 0.00856021 0.00853771 0.00872333 0.00994847 0.0158599 0.014544 0.0110974 0.0143435 0.0211889 0.048581 0.0579813 0.00507339 0.00368124 0.00323385 0.0032266 0.00330556 0.00386034 0 0.8622 0.0166065 0.0138845 0.0126465 0.0124647 0.01101 0.0189764 0.0336248 0.0144676 0.010395 0.00982337 0.00974676 0.00944023 0.0102704 0.0244075 0.0121095 0.00889297 0.00886701 0.0104546 0.0121353 0.00951781 0.0082162 0.00801962 0.00846009 0.00903048 0.0105847 0.00905118 0.00822831 0.00804199 0.00859327 0.00931706 0.0100383 0.00927113 0.00903266 
0.0198143 0.013288 0.0101826 0.00907931 0.00884392 0.00911445 0.0102877 0.0189654 0.023385 0.0125952 0.0121099 0.0224657 0.0918214 0.125391 0.00985969 0.00546125 0.00499666 0.00916591 0.00598159 0.00599842 0.8622 0 0.02002 0.0165186 0.0128681 0.0128801 0.0128904 0.0207856 0.030743 0.019266 0.0123529 0.0102871 0.0103815 0.00963067 0.0103849 0.0217248 0.0189504 0.0103206 0.00960634 0.0102682 0.0136418 0.0113641 0.00870703 0.0081778 0.00867625 0.00906966 0.0148665 0.0101092 0.00817805 0.00810504 0.00883079 0.0104545 0.012611 0.0110491 0.0104752 
0.0122615 0.0112657 0.0109799 0.00903019 0.00890167 0.00963647 0.00996689 0.022818 0.0244225 0.013714 0.01288 0.0184061 0.0147423 0.0187476 0.0472778 0.0395479 0.0671203 0.0244708 0.0265593 0.0628617 0.0166065 0.02002 0 0.00327473 0.00320759 0.00326095 0.00320964 0.0033584 0.00478816 0.531453 0.0151868 0.0180067 0.012211 0.012945 0.0125905 0.054747 0.0275404 0.0240743 0.0133062 0.0117196 0.0190043 0.0117267 0.0104684 0.00974136 0.00960733 0.0101034 0.00942776 0.0100557 0.0084849 0.00858358 0.00914956 0.0116302 0.00910402 0.00900806 0.00845273 
0.00848357 0.0109222 0.025723 0.0125236 0.013043 0.016392 0.0131573 0.010613 0.017109 0.0557299 0.0178734 0.0164221 0.00978197 0.011705 0.0143744 0.0901303 0.0295372 0.0669369 0.0694083 0.021601 0.0138845 0.0165186 0.00327473 0 0.00318509 0.00321164 0.00321374 0.0032375 0.0033326 0.0240199 0.597935 0.0163939 0.0373364 0.0154066 0.0569711 0.0127248 0.0183184 0.0555215 0.0215207 0.0232345 0.0115519 0.0091537 0.0181921 0.0112484 0.0192703 0.00884847 0.008462 0.00999722 0.0117785 0.00918361 0.0144752 0.00859128 0.00841196 0.00815866 0.00783134 
0.00866872 0.0190026 0.0151367 0.0295929 0.0304962 0.021317 0.0256026 0.00989155 0.0228139 0.0189317 0.0626393 0.0108933 0.00979166 0.00996866 0.0191233 0.0147301 0.089959 0.135907 0.0696004 0.0273485 0.0126465 0.0128681 0.00320759 0.00318509 0 0.00316861 0.00317197 0.00322649 0.00322144 0.054521 0.0201158 0.560554 0.0360709 0.174952 0.0152992 0.0158381 0.0157137 0.0218902 0.139339 0.0209318 0.014799 0.0119408 0.0110929 0.0683096 0.0130226 0.018848 0.008373 0.00989652 0.0101009 0.0299574 0.00980442 0.0101498 0.00823489 0.00827265 0.00790244 
0.00845656 0.0123063 0.0251677 0.0233924 0.0271472 0.0409409 0.0112983 0.0109177 0.0154631 0.0601559 0.0165122 0.0177077 0.00905104 0.0100297 0.0101049 0.0317527 0.0493219 0.100154 0.0599047 0.0413276 0.0124647 0.0128801 0.00326095 0.00321164 0.00316861 0 0.00316924 0.00318041 0.00319845 0.0200044 0.105568 0.0424811 0.637176 0.0215632 0.0404862 0.0138331 0.0149397 0.053039 0.0399472 0.0367036 0.0116347 0.00894304 0.0300203 0.0161645 0.0269823 0.0108402 0.00854126 0.00958162 0.0184779 0.0113525 0.0163963 0.00871423 0.00816459 0.0082002 0.00785083 
0.0082577 0.014445 0.017848 0.0300823 0.0257542 0.0190429 0.015733 0.00949467 0.0151163 0.0241962 0.0395419 0.0129821 0.00895703 0.00931899 0.0109811 0.0229691 0.0381596 0.0533076 0.062737 0.036592 0.01101 0.0128904 0.00320964 0.00321374 0.00317197 0.00316924 0 0.00316589 0.0031991 0.028952 0.0388446 0.250422 0.0283671 0.514975 0.0158992 0.0166159 0.0167759 0.0254708 0.0881568 0.020852 0.0131413 0.0108426 0.0127803 0.0409984 0.0142724 0.0158832 0.00852958 0.0110586 0.0121912 0.0198005 0.0105924 0.00951594 0.0080751 0.00815649 0.00783068 
0.0083719 0.0112875 0.0149176 0.0127047 0.0145108 0.0126896 0.0143669 0.0105806 0.0128856 0.0200686 0.0442213 0.0169603 0.010144 0.0105162 0.0133725 0.0228607 0.0162177 0.0269362 0.0535023 0.0326725 0.0189764 0.0207856 0.0033584 0.0032375 0.00322649 0.00318041 0.00316589 0 0.00335659 0.0170806 0.0847215 0.0280283 0.0808645 0.0374787 0.526181 0.0149059 0.0121392 0.0254837 0.0269649 0.0548757 0.0155425 0.00961637 0.0129482 0.013168 0.0347617 0.0108097 0.00938715 0.00946591 0.011187 0.0112962 0.0126948 0.0106637 0.00839893 0.00861636 0.0078945 
0.0100723 0.0124609 0.00925215 0.00914442 0.00931126 0.0089298 0.010059 0.0116011 0.017938 0.0103932 0.0128017 0.0206183 0.0146723 0.0159012 0.0200367 0.0105892 0.0109663 0.0131755 0.0190396 0.020724 0.0336248 0.030743 0.00478816 0.0033326 0.00322144 0.00319845 0.0031991 0.00335659 0 0.0617374 0.0117821 0.0254219 0.0194617 0.039935 0.0196201 0.394814 0.0182072 0.0111125 0.0150471 0.0143926 0.0264085 0.0118632 0.00895464 0.0104261 0.010947 0.0118995 0.0101323 0.0111105 0.00878474 0.00898943 0.00938396 0.0100854 0.00973704 0.00911807 0.0084894 
0.0088498 0.00876661 0.00850916 0.00839504 0.00846135 0.00864428 0.00910621 0.0115766 0.011675 0.00876809 0.0102786 0.011634 0.0111091 0.011697 0.0156331 0.00968507 0.0105884 0.0117775 0.0120194 0.0186026 0.0144676 0.019266 0.531453 0.0240199 0.054521 0.0200044 0.028952 0.0170806 0.0617374 0 0.00328897 0.0032187 0.00321869 0.0031932 0.00328603 0.00464781 0.0756839 0.0119934 0.0132261 0.0105079 0.0210482 0.012858 0.00901384 0.00986195 0.00953931 0.012314 0.010626 0.0108894 0.00844164 0.00904133 0.009219 0.0138767 0.00919439 0.010476 0.00861409 
0.00801956 0.00908115 0.0118338 0.00996326 0.0105201 0.0118515 0.00967959 0.0090075 0.0101015 0.0204781 0.0126825 0.0114627 0.00857183 0.00884128 0.0101456 0.0332308 0.0189851 0.0226363 0.0350455 0.0136373 0.010395 0.0123529 0.0151868 0.597935 0.0201158 0.105568 0.0388446 0.0847215 0.0117821 0.00328897 0 0.00317589 0.00319289 0.00319151 0.00342921 0.00334274 0.0472432 0.0887657 0.0181681 0.0251106 0.0118896 0.0101588 0.0219155 0.0165427 0.0221824 0.0100496 0.00910924 0.00962116 0.0181116 0.0119354 0.0185153 0.00990215 0.0081355 0.00838113 0.00784259 
0.00800951 0.0101808 0.0118756 0.0131376 0.015749 0.0145889 0.0122934 0.00884855 0.012236 0.0169943 0.0225883 0.00991622 0.00858489 0.0088226 0.010467 0.0183989 0.0348737 0.0734573 0.0281507 0.0215124 0.00982337 0.0102871 0.0180067 0.0163939 0.560554 0.0424811 0.250422 0.0280283 0.0254219 0.0032187 0.00317589 0 0.00326578 0.00319293 0.00318154 0.00364081 0.28522 0.0555788 0.116346 0.0208279 0.0162869 0.00939047 0.0210808 0.0488241 0.0227333 0.0176669 0.00876117 0.0113496 0.0153564 0.0412501 0.0155602 0.0105566 0.00831238 0.00830527 0.00783405 
0.00815841 0.0114652 0.0137207 0.0147056 0.0158249 0.0152195 0.0109469 0.00973433 0.011163 0.0265428 0.0173471 0.0128795 0.00862397 0.00900885 0.00992011 0.018721 0.0474463 0.0557255 0.0408043 0.0193167 0.00974676 0.0103815 0.012211 0.0373364 0.0360709 0.637176 0.0283671 0.0808645 0.0194617 0.00321869 0.00319289 0.00326578 0 0.00317529 0.00319339 0.00319717 0.021809 0.379046 0.0791667 0.0401052 0.0118592 0.010553 0.0230917 0.0436356 0.0281805 0.0150533 0.00902254 0.0101893 0.024804 0.0256944 0.0200647 0.0100926 0.00839671 0.00837367 0.00786771 
0.00797193 0.0104032 0.0112583 0.0138864 0.0128295 0.011545 0.0102282 0.00921768 0.011476 0.0163026 0.020307 0.00991346 0.00847436 0.00889785 0.00945314 0.0156815 0.0310301 0.0589305 0.0369364 0.0211849 0.00944023 0.00963067 0.012945 0.0154066 0.174952 0.0215632 0.514975 0.0374787 0.039935 0.0031932 0.00319151 0.00319293 0.00317529 0 0.00316007 0.00315914 0.0481015 0.0426095 0.545337 0.0403186 0.0184395 0.00986647 0.021742 0.0446142 0.0231253 0.0183112 0.00861622 0.0123233 0.0161428 0.0323147 0.0137241 0.0111638 0.00827126 0.00838511 0.00782987 
0.00793639 0.0088302 0.01003 0.00981595 0.00978127 0.0100587 0.00980064 0.00911071 0.00962122 0.0132911 0.0196172 0.0120414 0.00877172 0.00894003 0.00901251 0.0164911 0.0126675 0.0184502 0.0582938 0.0161137 0.0102704 0.0103849 0.0125905 0.0569711 0.0152992 0.0404862 0.0158992 0.526181 0.0196201 0.00328603 0.00342921 0.00318154 0.00319339 0.00316007 0 0.0032383 0.0133947 0.0590132 0.0331965 0.515138 0.033075 0.00949401 0.014366 0.0154269 0.0564783 0.0115177 0.00943671 0.00946848 0.0211682 0.0111227 0.018496 0.0102568 0.00854918 0.00828548 0.00789251 
0.0094155 0.0122708 0.00930968 0.00884448 0.00887775 0.00912514 0.0091114 0.00939733 0.0153675 0.00970567 0.0113471 0.0135603 0.0117551 0.0137642 0.0145437 0.0105362 0.0107246 0.0138041 0.0149267 0.0248289 0.0244075 0.0217248 0.054747 0.0127248 0.0158381 0.0138331 0.0166159 0.0149059 0.394814 0.00464781 0.00334274 0.00364081 0.00319717 0.00315914 0.0032383 0 0.0206395 0.0136505 0.0343996 0.0322699 0.289143 0.0135862 0.0105265 0.0124782 0.0137807 0.025206 0.0144645 0.0148941 0.0095098 0.0110622 0.010259 0.0131674 0.012159 0.0108702 0.00888414 
0.00867982 0.00925083 0.00869948 0.00840441 0.00837719 0.00860384 0.00833093 0.00978599 0.0102737 0.00899694 0.00954147 0.0102106 0.0100853 0.0103559 0.0128603 0.0105836 0.0106002 0.0117286 0.0125035 0.0164385 0.0121095 0.0189504 0.0275404 0.0183184 0.0157137 0.0149397 0.0167759 0.0121392 0.0182072 0.0756839 0.0472432 0.28522 0.021809 0.0481015 0.0133947 0.0206395 0 0.00324619 0.00320103 0.00322544 0.00344496 0.697224 0.0139031 0.0181888 0.0106082 0.0223196 0.0122825 0.0273793 0.0129316 0.0112886 0.0107655 0.0272282 0.012589 0.0126786 0.00911666 
0.00788229 0.00867739 0.00929071 0.00936423 0.00955131 0.00950289 0.00863775 0.00861088 0.00937064 0.0114263 0.0094734 0.00951425 0.00826079 0.00829777 0.00881545 0.0177077 0.0168366 0.0227597 0.0279371 0.0109067 0.00889297 0.0103206 0.0240743 0.0555215 0.0218902 0.053039 0.0254708 0.0254837 0.0111125 0.0119934 0.0887657 0.0555788 0.379046 0.0426095 0.0590132 0.0136505 0.00324619 0 0.00319871 0.00320377 0.00338721 0.0273542 0.719792 0.0180498 0.0659634 0.00958181 0.010111 0.0126086 0.0581066 0.0125148 0.0363771 0.0099706 0.00910767 0.00892091 0.00792129 
0.00797827 0.0102173 0.0099838 0.0115842 0.0124058 0.0107811 0.0105296 0.00840673 0.0108116 0.0107161 0.016518 0.0095261 0.00816694 0.00848296 0.0105349 0.0117854 0.034026 0.0615187 0.0228334 0.0212498 0.00886701 0.00960634 0.0133062 0.0215207 0.139339 0.0399472 0.0881568 0.0269649 0.0150471 0.0132261 0.0181681 0.116346 0.0791667 0.545337 0.0331965 0.0343996 0.00320103 0.00319871 0 0.00315468 0.00315967 0.0622423 0.0189599 0.75629 0.0211994 0.0475988 0.00983111 0.0191157 0.0145481 0.146158 0.0134393 0.017733 0.00928618 0.0092167 0.00799573 
0.00803229 0.00878279 0.00975675 0.00943451 0.00938728 0.00944956 0.00877547 0.00861011 0.00962323 0.012466 0.0114469 0.0100042 0.00855637 0.00875369 0.00877923 0.0147383 0.0136141 0.0167914 0.0391795 0.012663 0.0104546 0.0102682 0.0117196 0.0232345 0.0209318 0.0367036 0.020852 0.0548757 0.0143926 0.0105079 0.0251106 0.0208279 0.0401052 0.0403186 0.515138 0.0322699 0.00322544 0.00320377 0.00315468 0 0.00345949 0.0141206 0.11446 0.031464 0.742129 0.0252646 0.0154321 0.011006 0.0484667 0.0120008 0.043753 0.0117048 0.0103532 0.0101531 0.00818217 
0.00848919 0.00935454 0.00857685 0.00856809 0.00839321 0.0084354 0.00819889 0.00861843 0.0111292 0.00919858 0.0095129 0.00985512 0.0095015 0.0104061 0.00987242 0.00937649 0.00935666 0.010483 0.0112217 0.0129457 0.0121353 0.0136418 0.0190043 0.0115519 0.014799 0.0116347 0.0131413 0.0155425 0.0264085 0.0210482 0.0118896 0.0162869 0.0118592 0.0184395 0.033075 0.289143 0.00344496 0.00338721 0.00315967 0.00345949 0 0.0229723 0.0153469 0.0522178 0.040393 0.418335 0.0309987 0.0223638 0.0112261 0.0117675 0.0124194 0.0171485 0.0143923 0.0113518 0.00922751 
0.00852258 0.00894424 0.00801464 0.008093 0.00811049 0.00821152 0.00818379 0.00828577 0.00855401 0.00800184 0.00855485 0.00846426 0.00895564 0.00903444 0.0104597 0.00804037 0.00844916 0.00917957 0.00903573 0.00991105 0.00951781 0.0113641 0.0117267 0.0091537 0.0119408 0.00894304 0.0108426 0.00961637 0.0118632 0.012858 0.0101588 0.00939047 0.010553 0.00986647 0.00949401 0.0135862 0.697224 0.0273542 0.0622423 0.0141206 0.0229723 0 0.00322144 0.00327327 0.00319451 0.00353846 0.00507129 0.0948938 0.00987095 0.0158583 0.0099953 0.0538634 0.0163442 0.0200087 0.0109918 
0.00801243 0.00827466 0.00894308 0.00857694 0.00838487 0.00861523 0.00831721 0.00827536 0.00833278 0.00994398 0.008528 0.00860905 0.00811723 0.00807294 0.00810093 0.0113242 0.00949587 0.0111909 0.0136946 0.00927217 0.0082162 0.00870703 0.0104684 0.0181921 0.0110929 0.0300203 0.0127803 0.0129482 0.00895464 0.00901384 0.0219155 0.0210808 0.0230917 0.021742 0.014366 0.0105265 0.0139031 0.719792 0.0189599 0.11446 0.0153469 0.00322144 0 0.0032004 0.00318437 0.00316736 0.00329852 0.0206916 0.140626 0.0107293 0.0748505 0.0103545 0.0093604 0.00960257 0.00796072 
0.00787356 0.00872268 0.00872859 0.00911067 0.00909572 0.00895802 0.0085532 0.0084164 0.00887503 0.00874938 0.0105041 0.0083291 0.00790652 0.00798473 0.00912358 0.0091175 0.014289 0.0200483 0.012295 0.0111455 0.00801962 0.0081778 0.00974136 0.0112484 0.0683096 0.0161645 0.0409984 0.013168 0.0104261 0.00986195 0.0165427 0.0488241 0.0436356 0.0446142 0.0154269 0.0124782 0.0181888 0.0180498 0.75629 0.031464 0.0522178 0.00327327 0.0032004 0 0.00316342 0.00316249 0.00317409 0.158638 0.0121972 0.294439 0.0113345 0.0160751 0.00971231 0.00974134 0.00805651 
0.00793265 0.00821506 0.008718 0.00853444 0.00851176 0.00855767 0.00842872 0.00841637 0.00857042 0.00958718 0.00936859 0.00864982 0.00821605 0.0082538 0.00822862 0.0115306 0.0100489 0.0119054 0.0189199 0.0102004 0.00846009 0.00867625 0.00960733 0.0192703 0.0130226 0.0269823 0.0142724 0.0347617 0.010947 0.00953931 0.0221824 0.0227333 0.0281805 0.0231253 0.0564783 0.0137807 0.0106082 0.0659634 0.0211994 0.742129 0.040393 0.00319451 0.00318437 0.00316342 0 0.00315076 0.00324866 0.0141444 0.475393 0.015226 0.137423 0.0128365 0.0114243 0.0115056 0.00841585 
0.00800026 0.00893362 0.00839175 0.00833151 0.00834229 0.00836836 0.00836261 0.00854935 0.00908513 0.00827452 0.00887618 0.00844562 0.00832051 0.00814972 0.0087303 0.00843193 0.00955124 0.0110467 0.00939326 0.0107266 0.00903048 0.00906966 0.0101034 0.00884847 0.018848 0.0108402 0.0158832 0.0108097 0.0118995 0.012314 0.0100496 0.0176669 0.0150533 0.0183112 0.0115177 0.025206 0.0223196 0.00958181 0.0475988 0.0252646 0.418335 0.00353846 0.00316736 0.00316249 0.00315076 0 0.00358163 0.0693889 0.0107054 0.202127 0.0176535 0.0336851 0.015771 0.0133188 0.00882666 
0.00881093 0.00837658 0.00802546 0.00811598 0.00796704 0.0079501 0.00784939 0.00837109 0.00857033 0.00799937 0.00822184 0.00883684 0.00938407 0.0103338 0.0087064 0.00813117 0.00812209 0.00822578 0.00840027 0.0089816 0.0105847 0.0148665 0.00942776 0.008462 0.008373 0.00854126 0.00852958 0.00938715 0.0101323 0.010626 0.00910924 0.00876117 0.00902254 0.00861622 0.00943671 0.0144645 0.0122825 0.010111 0.00983111 0.0154321 0.0309987 0.00507129 0.00329852 0.00317409 0.00324866 0.00358163 0 0.0242048 0.0126024 0.0121764 0.0274055 0.0284985 0.0431968 0.0269003 0.0226459 
0.0084039 0.0087953 0.00826049 0.00821307 0.00830187 0.00836978 0.00821845 0.00846672 0.00949253 0.00822784 0.00840515 0.00843164 0.00871238 0.00883458 0.0087426 0.00838247 0.00866299 0.00933217 0.00906844 0.0103759 0.00905118 0.0101092 0.0100557 0.00999722 0.00989652 0.00958162 0.0110586 0.00946591 0.0111105 0.0108894 0.00962116 0.0113496 0.0101893 0.0123233 0.00946848 0.0148941 0.0273793 0.0126086 0.0191157 0.011006 0.0223638 0.0948938 0.0206916 0.158638 0.0141444 0.0693889 0.0242048 0 0.00329078 0.00318794 0.00320199 0.00344869 0.0171688 0.0120238 0.01315 
0.00804551 0.00844847 0.00878776 0.00869706 0.00856263 0.00865696 0.00838067 0.00820012 0.0083476 0.00928205 0.00913336 0.00892687 0.0080287 0.00807211 0.00805772 0.00997315 0.00899471 0.0103963 0.0108651 0.00896533 0.00822831 0.00817805 0.0084849 0.0117785 0.0101009 0.0184779 0.0121912 0.011187 0.00878474 0.00844164 0.0181116 0.0153564 0.024804 0.0161428 0.0211682 0.0095098 0.0129316 0.0581066 0.0145481 0.0484667 0.0112261 0.00987095 0.140626 0.0121972 0.475393 0.0107054 0.0126024 0.00329078 0 0.00318101 0.00327531 0.00319257 0.00859047 0.00611151 0.00859694 
0.0080072 0.00847742 0.00866861 0.00863727 0.00876989 0.00850439 0.00851201 0.00816188 0.00842699 0.00870793 0.00942322 0.0082241 0.00798505 0.00803643 0.00858086 0.00865172 0.0104057 0.0123664 0.00992781 0.0097737 0.00804199 0.00810504 0.00858358 0.00918361 0.0299574 0.0113525 0.0198005 0.0112962 0.00898943 0.00904133 0.0119354 0.0412501 0.0256944 0.0323147 0.0111227 0.0110622 0.0112886 0.0125148 0.146158 0.0120008 0.0117675 0.0158583 0.0107293 0.294439 0.015226 0.202127 0.0121764 0.00318794 0.00318101 0 0.00316692 0.00316089 0.00665602 0.00659643 0.00862169 
0.00815467 0.00829884 0.0084676 0.00845966 0.00846984 0.00844476 0.00826205 0.00819386 0.00874865 0.008654 0.00874351 0.00830508 0.00829721 0.00836581 0.00842631 0.0103462 0.00916665 0.0101624 0.0107489 0.00915672 0.00859327 0.00883079 0.00914956 0.0144752 0.00980442 0.0163963 0.0105924 0.0126948 0.00938396 0.009219 0.0185153 0.0155602 0.0200647 0.0137241 0.018496 0.010259 0.0107655 0.0363771 0.0134393 0.043753 0.0124194 0.0099953 0.0748505 0.0113345 0.137423 0.0176535 0.0274055 0.00320199 0.00327531 0.00316692 0 0.00316339 0.00870857 0.00560479 0.00960482 
0.00884663 0.00867747 0.00856181 0.00819114 0.00816209 0.00805622 0.00814245 0.00824483 0.010072 0.00841402 0.00844919 0.00831823 0.00906627 0.00903895 0.0100087 0.00827696 0.00834798 0.00896168 0.00860907 0.0089491 0.00931706 0.0104545 0.0116302 0.00859128 0.0101498 0.00871423 0.00951594 0.0106637 0.0100854 0.0138767 0.00990215 0.0105566 0.0100926 0.0111638 0.0102568 0.0131674 0.0272282 0.0099706 0.017733 0.0117048 0.0171485 0.0538634 0.0103545 0.0160751 0.0128365 0.0336851 0.0284985 0.00344869 0.00319257 0.00316089 0.00316339 0 0.0209068 0.0172276 0.0183311 
0.00894757 0.00845068 0.00804459 0.00807055 0.00819344 0.00805422 0.00795957 0.00888928 0.00835881 0.00795977 0.00793075 0.00854994 0.00962777 0.00988918 0.0084841 0.00792858 0.00802039 0.00803371 0.00809254 0.00892508 0.0100383 0.012611 0.00910402 0.00841196 0.00823489 0.00816459 0.0080751 0.00839893 0.00973704 0.00919439 0.0081355 0.00831238 0.00839671 0.00827126 0.00854918 0.012159 0.012589 0.00910767 0.00928618 0.0103532 0.0143923 0.0163442 0.0093604 0.00971231 0.0114243 0.015771 0.0431968 0.0171688 0.00859047 0.00665602 0.00870857 0.0209068 0 0.00504022 0.0287494 
0.00947648 0.00850354 0.00803575 0.00797283 0.00799888 0.00794126 0.00805331 0.00828717 0.00863102 0.00797925 0.00807593 0.00815884 0.00915934 0.00950333 0.00948309 0.00799619 0.00794943 0.0082322 0.00808276 0.00818712 0.00927113 0.0110491 0.00900806 0.00815866 0.00827265 0.0082002 0.00815649 0.00861636 0.00911807 0.010476 0.00838113 0.00830527 0.00837367 0.00838511 0.00828548 0.0108702 0.0126786 0.00892091 0.0092167 0.0101531 0.0113518 0.0200087 0.00960257 0.00974134 0.0115056 0.0133188 0.0269003 0.0120238 0.00611151 0.00659643 0.00560479 0.0172276 0.00504022 0 0.0801121 
0.00984052 0.00850305 0.00801709 0.00796671 0.00795256 0.00795392 0.00804416 0.00835574 0.00821657 0.00791337 0.00792127 0.00813785 0.0101036 0.00967213 0.0085651 0.0078437 0.00782 0.00791983 0.00794085 0.00809065 0.00903266 0.0104752 0.00845273 0.00783134 0.00790244 0.00785083 0.00783068 0.0078945 0.0084894 0.00861409 0.00784259 0.00783405 0.00786771 0.00782987 0.00789251 0.00888414 0.00911666 0.00792129 0.00799573 0.00818217 0.00922751 0.0109918 0.00796072 0.00805651 0.00841585 0.00882666 0.0226459 0.01315 0.00859694 0.00862169 0.00960482 0.0183311 0.0287494 0.0801121 0 
