1O0IA
LWKKTFTLENLNQLCSNSAVSHLGIEISAFGEDWIEATXPVDHRTXQPFGVLHGGVSVALAETIGSLAGSLCLEEGKTVVGLDINANHLRPVRSGKVTARATPINLGRNIQVWQIDIRTEENKLCCVSRLTLSVINL
CCCCCCCHHHHHHHCCCCHHHHCCCEEEEECCCCEEEEEECCCCCECCCCCECHHHHHHHHHHHHHHHHHHCCCCCEEEEEEEEEEEECCCCCCCEEEEEEEEEEECCCEEEEEEEEECCCCCEEEEEEEEEEEEEC
0 0 0 0 0 0 0 0 0 0 0 0 0 0 0 0 0 0 0 0 0 0 0 0 0 0 0 0 0 0 0 0 0 0 0 0 0 0 0 0 0 0 0 0 0 0 0 0 0 0 0 0 0 0 0 0 0 0 0 0 0 0 0 0 0 0 0 0 0 0 0 0 0 0 0 0 0 0 0 0 0 0 0 0 0 0 0 0 0 0 0 0 0 0 0 0 0 0 0 0 0 0 0 0 0 0 0 0 0 0 0 0 0 0 0 0 0 0 0 0 0 0 0 0 0 0 0 0 0 0 0 0 0 0 0 0 0 
0 0 0 0 0 0 0 0 0 0 0 0 0 0 0 0 0 0 0 0 0 0 0 0 0 0 0 0 0 0 0 0 0 0 0 0 0 0 0 0 0 0 0 0 0 0 0 0 0 0 0 0 0 0 0 0 0 0 0 0 0 0 0 0 0 0 0 0 0 0 0 0 0 0 0 0 0 0 0 0 0 0 0 0 0 0 0 0 0 0 0 0 0 0 0 0 0 0 0 0 0 0 0 0 0 0 0 0 0 0 0 0 0 0 0 0 0 0 0 0 0 0 0 0 0 0 0 0 0 0 0 0 0 0 0 0 0 
0 0.0032021 0.00341593 0.00331898 0.00549786 0.00673681 0.00937403 0.00692838 0.390667 0.0791177 0.0968776 0.0130811 0.0143554 0.0106505 0.0110647 0.00848601 0.00917624 0.00933086 0.00823209 0.0104608 0.0081126 0.0106799 0.00803015 0.0098206 0.0098327 0.0175924 0.00815545 0.0133574 0.00811127 0.0139709 0.00808659 0.00951132 0.00810568 0.00810321 0.00887311 0.0092295 0.010567 0.00855439 0.00852641 0.00840075 0.00954241 0.00817625 0.0118714 0.00810824 0.0152782 0.00936162 0.00852418 0.0085944 0.00843533 0.0080974 0.00944454 0.00806713 0.00986933 0.00809206 0.0101289 0.00817753 0.00901552 0.00956521 
0.0032021 0 0.0031598 0.00449135 0.00320131 0.00516419 0.0056591 0.403004 0.0635899 0.0886256 0.00705949 0.0104931 0.0110722 0.00929182 0.00894676 0.0140214 0.00926038 0.00882714 0.012797 0.00821325 0.0124233 0.00817748 0.0114968 0.00839244 0.00900767 0.00808354 0.0208166 0.00827939 0.0271402 0.0082404 0.0170907 0.00823446 0.00894944 0.00927762 0.00830008 0.00880838 0.00860041 0.00897988 0.0089832 0.0117264 0.00860213 0.017962 0.00815502 0.0179067 0.00816109 0.00828327 0.00894341 0.00922247 0.00899929 0.0104984 0.00815837 0.0125184 0.00816326 0.0119334 0.00824511 0.0103529 0.00863099 0.00875042 
0.00341593 0.0031598 0 0.00315248 0.00323655 0.00423107 0.0411413 0.0924052 0.0466071 0.0060333 0.00659666 0.00740735 0.00798824 0.00841812 0.00944733 0.00892501 0.00959658 0.00992168 0.00837082 0.0110598 0.00831648 0.0101155 0.00828332 0.00858107 0.00808752 0.00943116 0.00827077 0.0166918 0.00844735 0.0130946 0.00834667 0.00972296 0.00827873 0.0085256 0.00819462 0.00799806 0.00834136 0.00871639 0.010589 0.00942428 0.0125177 0.00852858 0.0126397 0.00822967 0.00832803 0.00823917 0.00832326 0.00927989 0.00929261 0.00838707 0.00973868 0.00825224 0.00966017 0.0083466 0.00918748 0.0083513 0.00828864 0.00829902 
0.00331898 0.00449135 0.00315248 0 0.00318105 0.00657736 0.415206 0.0513769 0.0082123 0.00684173 0.00626272 0.00725017 0.00849344 0.00871918 0.00905042 0.00896304 0.00885171 0.00861469 0.00887401 0.00829913 0.00854647 0.00826924 0.00844355 0.00833702 0.00817954 0.00821684 0.00968309 0.00840032 0.00967783 0.00843863 0.00879654 0.00812416 0.00819019 0.00823141 0.0082374 0.0079812 0.00812599 0.00865474 0.00876465 0.0101276 0.00865103 0.00973381 0.00838048 0.00927479 0.0080087 0.00819512 0.00835561 0.00879766 0.00854958 0.00867039 0.00830151 0.00875849 0.00837124 0.00872952 0.00828705 0.00845437 0.00818513 0.00822551 
0.00549786 0.00320131 0.00323655 0.00318105 0 0.659806 0.0329871 0.00375426 0.00505765 0.005025 0.00647787 0.0104463 0.0134725 0.0141817 0.00945164 0.00862015 0.00846517 0.00879077 0.0083697 0.00841104 0.00818728 0.00823808 0.00804705 0.00813675 0.00866677 0.0141991 0.00887062 0.00921712 0.00831232 0.0085287 0.00818271 0.00820913 0.00797976 0.00808129 0.00799507 0.00856302 0.0104205 0.00820786 0.00844668 0.0084546 0.00857458 0.00829415 0.00850943 0.00820286 0.00937402 0.00944369 0.00826179 0.00813133 0.00826797 0.00807177 0.00857725 0.00802491 0.00842748 0.00809767 0.00824387 0.00798908 0.00818669 0.00838591 
0.00673681 0.00516419 0.00423107 0.00657736 0.659806 0 0.0032243 0.00317437 0.0032397 0.00325669 0.00447272 0.0126879 0.0151637 0.0159245 0.0100981 0.00982668 0.00931084 0.00911766 0.00942397 0.00848069 0.00928122 0.00851108 0.00891891 0.00850856 0.0153285 0.00962044 0.0105403 0.00875779 0.0112718 0.0086516 0.0285535 0.00838496 0.00867754 0.00862661 0.00856023 0.0131388 0.00997435 0.00898323 0.00917818 0.0100201 0.00906192 0.0123171 0.00837813 0.0104663 0.0118649 0.00918759 0.00884709 0.00931052 0.00877766 0.00895729 0.00848751 0.00996044 0.00846789 0.0100423 0.00861846 0.00938057 0.00905794 0.011465 
0.00937403 0.0056591 0.0411413 0.415206 0.0329871 0.0032243 0 0.00317099 0.00318156 0.00329142 0.00321239 0.00576419 0.00808625 0.0104953 0.0172834 0.00956558 0.0102446 0.0175635 0.00852194 0.0116352 0.00842797 0.0111556 0.00840306 0.0136036 0.00836306 0.00990583 0.00883885 0.0218642 0.00897971 0.0835163 0.00862464 0.0118388 0.00909227 0.00925617 0.00978581 0.00819004 0.00895013 0.0111553 0.0138002 0.0146062 0.0298171 0.00942618 0.0210366 0.0087608 0.010208 0.00845977 0.011302 0.0135302 0.0134956 0.00963499 0.0164852 0.00899107 0.0165342 0.00922866 0.0159845 0.00869093 0.0106983 0.00868989 
0.00692838 0.403004 0.0924052 0.0513769 0.00375426 0.00317437 0.00317099 0 0.0031792 0.00317111 0.00318492 0.00507726 0.00779656 0.0142855 0.0100831 0.0214062 0.0217708 0.0101758 0.0208563 0.00857904 0.0209012 0.00858906 0.0166908 0.00851007 0.00890294 0.00840299 0.0251198 0.0095149 0.119761 0.00929688 0.0336964 0.00907885 0.0139499 0.0114865 0.0086446 0.00886429 0.00876943 0.0113055 0.0271451 0.0624532 0.0137676 0.0638794 0.0101279 0.0253159 0.00847019 0.00884585 0.0114441 0.0229829 0.0186771 0.0268636 0.0109762 0.0360906 0.0107064 0.0337304 0.0106347 0.0222473 0.00907967 0.00979106 
0.390667 0.0635899 0.0466071 0.0082123 0.00505765 0.0032397 0.00318156 0.0031792 0 0.00317272 0.0031376 0.00387052 0.00725608 0.0101184 0.0141536 0.0194147 0.0141923 0.0197014 0.00876238 0.0185946 0.00862325 0.017218 0.00872529 0.0103399 0.00864968 0.0102669 0.00861818 0.0936155 0.00952587 0.0378542 0.00908232 0.01387 0.00958011 0.00942954 0.00964225 0.00829415 0.00917592 0.0112588 0.0348404 0.0220363 0.0545747 0.0102242 0.0431326 0.00894463 0.00989481 0.00874534 0.0119916 0.0204459 0.0245551 0.010684 0.0283914 0.00982589 0.0286999 0.0099074 0.0264244 0.00954402 0.010253 0.00920666 
0.0791177 0.0886256 0.0060333 0.00684173 0.005025 0.00325669 0.00329142 0.00317111 0.00317272 0 0.00315749 0.00556757 0.00654202 0.0096494 0.0147762 0.0110635 0.0110406 0.00927823 0.0121235 0.00851273 0.011207 0.00844479 0.00929597 0.00874382 0.0085373 0.00837187 0.058011 0.00874533 0.0189039 0.00877594 0.0132396 0.00874105 0.00880029 0.00883357 0.00852821 0.00831713 0.00882186 0.0121948 0.0124081 0.0236442 0.0102271 0.018446 0.0088736 0.0150461 0.00828665 0.00912733 0.0106737 0.0131352 0.0107475 0.0119083 0.00912768 0.0147512 0.00875374 0.0138753 0.00884916 0.00982942 0.00880648 0.00859052 
0.0968776 0.00705949 0.00659666 0.00626272 0.00647787 0.00447272 0.00321239 0.00318492 0.0031376 0.00315749 0 0.00839693 0.00987466 0.0236746 0.0112757 0.00928378 0.00934711 0.0106303 0.00894519 0.00980507 0.00843323 0.00930481 0.00835727 0.0087305 0.00933468 0.0288663 0.00988387 0.0120724 0.00919879 0.0112094 0.0105468 0.0086831 0.00849257 0.00847523 0.00869519 0.00875951 0.0125345 0.00918528 0.0109284 0.00929549 0.0111454 0.0087244 0.0096939 0.00867074 0.0105999 0.0111679 0.00958294 0.00910351 0.0109713 0.00874909 0.0093744 0.00874293 0.0108434 0.00898473 0.00925398 0.00861927 0.00876163 0.00923898 
0.0130811 0.0104931 0.00740735 0.00725017 0.0104463 0.0126879 0.00576419 0.00507726 0.00387052 0.00556757 0.00839693 0 0.953004 0.0126274 0.0100595 0.00913341 0.00901847 0.0085671 0.00916284 0.00838652 0.00907813 0.00835431 0.00875952 0.00843397 0.0116771 0.0121251 0.01078 0.00850246 0.009512 0.00842348 0.00895037 0.00822819 0.00819558 0.00839414 0.00822541 0.0112035 0.0105531 0.00845137 0.00829358 0.00837322 0.00820325 0.00869909 0.00805113 0.00941388 0.0102786 0.0100526 0.0083172 0.00815892 0.00806227 0.00817006 0.00792553 0.00830965 0.00810602 0.00828705 0.00808265 0.0083267 0.00832566 0.00992737 
0.0143554 0.0110722 0.00798824 0.00849344 0.0134725 0.0151637 0.00808625 0.00779656 0.00725608 0.00654202 0.00987466 0.953004 0 0.013443 0.00910469 0.010998 0.00894374 0.00869176 0.00864359 0.00823704 0.00848365 0.00826418 0.00824682 0.00862283 0.012464 0.0123233 0.0101026 0.0086913 0.0095073 0.00856508 0.00899585 0.00832321 0.00821676 0.00840895 0.00833097 0.0112463 0.01145 0.00862074 0.00835895 0.00843472 0.00832557 0.0086728 0.00819977 0.00914343 0.0114093 0.0107497 0.00852937 0.00831385 0.00821862 0.00818628 0.00804103 0.00835537 0.00819969 0.00840858 0.0080709 0.00833084 0.00865299 0.00956044 
0.0106505 0.00929182 0.00841812 0.00871918 0.0141817 0.0159245 0.0104953 0.0142855 0.0101184 0.0096494 0.0236746 0.0126274 0.013443 0 0.00439621 0.00338554 0.00330009 0.00327703 0.00360482 0.00410218 0.00393087 0.00448483 0.00447089 0.00554249 0.012314 0.00966611 0.00886822 0.00895764 0.00925618 0.00973425 0.00929155 0.00844741 0.00855815 0.00853536 0.0101021 0.0357346 0.0113531 0.00881993 0.00856613 0.00895005 0.00869273 0.0088739 0.00871308 0.00931866 0.016477 0.00976489 0.00882388 0.0087117 0.00871215 0.00850455 0.00855119 0.00862533 0.00878192 0.00882905 0.00877439 0.00897449 0.00982723 0.0153618 
0.0110647 0.00894676 0.00944733 0.00905042 0.00945164 0.0100981 0.0172834 0.0100831 0.0141536 0.0147762 0.0112757 0.0100595 0.00910469 0.00439621 0 0.00318547 0.00322794 0.0031985 0.00311694 0.00357541 0.00331776 0.00462933 0.00365257 0.00745966 0.00596637 0.0107811 0.00809654 0.0126186 0.00846111 0.0124763 0.00835082 0.0103511 0.00837182 0.00938105 0.0296098 0.0127413 0.0131334 0.0105931 0.00950644 0.00957783 0.0120232 0.00872321 0.0137041 0.00919339 0.0121246 0.0102396 0.00966544 0.00995163 0.0102117 0.00892808 0.011311 0.00870414 0.0117703 0.0086683 0.0128607 0.00875242 0.0128908 0.00962457 
0.00848601 0.0140214 0.00892501 0.00896304 0.00862015 0.00982668 0.00956558 0.0214062 0.0194147 0.0110635 0.00928378 0.00913341 0.010998 0.00338554 0.00318547 0 0.00317433 0.00317584 0.00356807 0.0033876 0.00391797 0.00335202 0.00690503 0.00372699 0.00473012 0.00732799 0.0131698 0.00826835 0.0167933 0.00832289 0.016187 0.00841598 0.0113071 0.0223367 0.0121983 0.00976043 0.00934083 0.00974478 0.0112837 0.0129025 0.0100265 0.0192563 0.0090436 0.0117926 0.00869341 0.0090173 0.0104752 0.0120565 0.0110323 0.0144776 0.00919347 0.0185314 0.00921441 0.0176157 0.00951256 0.0199403 0.00922392 0.00974058 
0.00917624 0.00926038 0.00959658 0.00885171 0.00846517 0.00931084 0.0102446 0.0217708 0.0141923 0.0110406 0.00934711 0.00901847 0.00894374 0.00330009 0.00322794 0.00317433 0 0.00317634 0.00321521 0.00324791 0.00319016 0.00457007 0.00335689 0.003565 0.00395691 0.00850782 0.00826002 0.0100559 0.00914862 0.0110298 0.00885241 0.0112381 0.0140993 0.0183631 0.00923181 0.00843655 0.00934435 0.00925903 0.0123551 0.0119924 0.0133735 0.0103049 0.0119674 0.00921538 0.00897118 0.00920372 0.00933179 0.0137998 0.0129612 0.0104698 0.0129354 0.0108971 0.0132917 0.0112226 0.0160952 0.0106504 0.00947265 0.00908924 
0.00933086 0.00882714 0.00992168 0.00861469 0.00879077 0.00911766 0.0175635 0.0101758 0.0197014 0.00927823 0.0106303 0.0085671 0.00869176 0.00327703 0.0031985 0.00317584 0.00317634 0 0.00324176 0.00325627 0.00342382 0.00349579 0.0033336 0.00396736 0.00380424 0.00812281 0.00803452 0.0116717 0.00902037 0.0123695 0.00913204 0.0185755 0.0345534 0.0115965 0.0090391 0.00834149 0.0090056 0.00954865 0.0112507 0.0113006 0.0160488 0.00938308 0.0143532 0.00898359 0.00941667 0.00904685 0.0102134 0.0118797 0.0125226 0.00993582 0.0120956 0.00941514 0.0159176 0.00991792 0.0142403 0.00977676 0.00973433 0.00919912 
0.00823209 0.012797 0.00837082 0.00887401 0.0083697 0.00942397 0.00852194 0.0208563 0.00876238 0.0121235 0.00894519 0.00916284 0.00864359 0.00360482 0.00311694 0.00356807 0.00321521 0.00324176 0 0.00335042 0.00319643 0.0031818 0.00329979 0.00329296 0.00322623 0.00677684 0.0110394 0.0072234 0.0138245 0.00774337 0.0451457 0.0170992 0.0106482 0.0088038 0.00806673 0.00875078 0.00888857 0.00866218 0.0097903 0.0142681 0.00873887 0.0161889 0.00843192 0.0122074 0.00828438 0.00876205 0.00876953 0.0104461 0.0094096 0.0117266 0.00868584 0.0194722 0.00855721 0.0197584 0.00869656 0.0134989 0.00878892 0.0110749 
0.0104608 0.00821325 0.0110598 0.00829913 0.00841104 0.00848069 0.0116352 0.00857904 0.0185946 0.00851273 0.00980507 0.00838652 0.00823704 0.00410218 0.00357541 0.0033876 0.00324791 0.00325627 0.00335042 0 0.00316067 0.00326507 0.00318466 0.00348867 0.00331417 0.00841608 0.00660132 0.0164649 0.00737753 0.0537249 0.018462 0.018811 0.00758597 0.0079286 0.00915064 0.00789897 0.00862726 0.00881917 0.0139419 0.0089262 0.0130952 0.00816137 0.0178836 0.00827221 0.010475 0.00855153 0.00927629 0.00987188 0.0109295 0.0084859 0.0157778 0.00840068 0.0214205 0.0084237 0.0153621 0.00865316 0.00985621 0.00888179 
0.0081126 0.0124233 0.00831648 0.00854647 0.00818728 0.00928122 0.00842797 0.0209012 0.00862325 0.011207 0.00843323 0.00907813 0.00848365 0.00393087 0.00331776 0.00391797 0.00319016 0.00342382 0.00319643 0.00316067 0 0.00314076 0.00315652 0.00317582 0.00320795 0.00591071 0.0176599 0.00646966 0.039308 0.0127437 0.0310091 0.00723437 0.00778636 0.00854594 0.00770836 0.00788774 0.00873906 0.00904026 0.00927183 0.0110329 0.00844166 0.0153332 0.00822637 0.0120298 0.00815823 0.00879078 0.00872642 0.0100937 0.00945042 0.0129343 0.00848068 0.0197157 0.00846958 0.0163035 0.00861694 0.0137419 0.00857008 0.00899864 
0.0106799 0.00817748 0.0101155 0.00826924 0.00823808 0.00851108 0.0111556 0.00858906 0.017218 0.00844479 0.00930481 0.00835431 0.00826418 0.00448483 0.00462933 0.00335202 0.00457007 0.00349579 0.0031818 0.00326507 0.00314076 0 0.00315292 0.00320374 0.0032148 0.0093197 0.00614837 0.029671 0.012579 0.0497088 0.00689616 0.00877178 0.00717597 0.00763902 0.00850304 0.00760695 0.00844571 0.00860919 0.00895194 0.00888271 0.0121741 0.0080937 0.0173866 0.00829895 0.0100365 0.00885093 0.00909905 0.00971215 0.0116964 0.00847559 0.0146086 0.00834885 0.0172945 0.00837972 0.0145408 0.00858982 0.00978947 0.00866759 
0.00803015 0.0114968 0.00828332 0.00844355 0.00804705 0.00891891 0.00840306 0.0166908 0.00872529 0.00929597 0.00835727 0.00875952 0.00824682 0.00447089 0.00365257 0.00690503 0.00335689 0.0033336 0.00329979 0.00318466 0.00315652 0.00315292 0 0.0032222 0.00314405 0.00521622 0.0315013 0.00850065 0.0472866 0.00642196 0.0113 0.0066472 0.00671592 0.00749523 0.00710141 0.00728434 0.00829518 0.00809428 0.009198 0.0106592 0.00821656 0.0131626 0.00809785 0.0106198 0.00814564 0.00865139 0.00931874 0.0108662 0.00940393 0.0140885 0.00840546 0.0168539 0.00847009 0.0140641 0.00852007 0.0122285 0.00856362 0.009177 
0.0098206 0.00839244 0.00858107 0.00833702 0.00813675 0.00850856 0.0136036 0.00851007 0.0103399 0.00874382 0.0087305 0.00843397 0.00862283 0.00554249 0.00745966 0.00372699 0.003565 0.00396736 0.00329296 0.00348867 0.00317582 0.00320374 0.0032222 0 0.00321659 0.0276237 0.0151423 0.0265311 0.00627353 0.00911675 0.00619287 0.00664888 0.00640399 0.00670467 0.008116 0.00687951 0.00814248 0.00960184 0.00853925 0.00838513 0.0107555 0.0080074 0.0105631 0.00827521 0.00918307 0.00893379 0.0101645 0.00926377 0.0109681 0.0084207 0.010059 0.00836192 0.0115971 0.00833966 0.00976182 0.00849274 0.00945754 0.00852754 
0.0098327 0.00900767 0.00808752 0.00817954 0.00866677 0.0153285 0.00836306 0.00890294 0.00864968 0.0085373 0.00933468 0.0116771 0.012464 0.012314 0.00596637 0.00473012 0.00395691 0.00380424 0.00322623 0.00331417 0.00320795 0.0032148 0.00314405 0.00321659 0 0.0561505 0.0414673 0.00564213 0.00669439 0.00601228 0.00634406 0.00604061 0.00629468 0.00719377 0.00686498 0.00761694 0.0119948 0.00830044 0.00831253 0.00847801 0.00823808 0.00857243 0.00822408 0.00888818 0.00925386 0.0133939 0.00903069 0.0180893 0.00860445 0.00874012 0.00843058 0.00901435 0.00843566 0.00893779 0.00834981 0.00949719 0.0084698 0.010236 
0.0175924 0.00808354 0.00943116 0.00821684 0.0141991 0.00962044 0.00990583 0.00840299 0.0102669 0.00837187 0.0288663 0.0121251 0.0123233 0.00966611 0.0107811 0.00732799 0.00850782 0.00812281 0.00677684 0.00841608 0.00591071 0.0093197 0.00521622 0.0276237 0.0561505 0 0.00324906 0.00341994 0.0031909 0.00421854 0.00325267 0.00394935 0.00355386 0.00373395 0.00704827 0.0076367 0.00901179 0.00683074 0.00764384 0.00748698 0.0123093 0.00753257 0.0162607 0.00803777 0.0808 0.0144801 0.0108879 0.0103752 0.00943721 0.00843564 0.0122353 0.00838466 0.0160652 0.00845235 0.0146981 0.00880638 0.0208122 0.0182366 
0.00815545 0.0208166 0.00827077 0.00968309 0.00887062 0.0105403 0.00883885 0.0251198 0.00861818 0.058011 0.00988387 0.01078 0.0101026 0.00886822 0.00809654 0.0131698 0.00826002 0.00803452 0.0110394 0.00660132 0.0176599 0.00614837 0.0315013 0.0151423 0.0414673 0.00324906 0 0.00317973 0.00342413 0.00319597 0.00367535 0.00333791 0.00361594 0.00422002 0.00494019 0.00735263 0.00654903 0.0083955 0.00739615 0.0106253 0.00774364 0.0219503 0.00797087 0.0803861 0.0112068 0.0141529 0.0137183 0.0107989 0.00931737 0.0176625 0.00854857 0.0306693 0.00850003 0.0335164 0.00867115 0.0332803 0.00986676 0.0162811 
0.0133574 0.00827939 0.0166918 0.00840032 0.00921712 0.00875779 0.0218642 0.0095149 0.0936155 0.00874533 0.0120724 0.00850246 0.0086913 0.00895764 0.0126186 0.00826835 0.0100559 0.0116717 0.0072234 0.0164649 0.00646966 0.029671 0.00850065 0.0265311 0.00564213 0.00341994 0.00317973 0 0.00315359 0.00331021 0.00316809 0.00327812 0.00322531 0.00326354 0.00422106 0.0036892 0.00701946 0.00721717 0.00900705 0.00735043 0.0162041 0.00752163 0.0537817 0.00983266 0.650201 0.0103608 0.00995314 0.013061 0.0155742 0.00872858 0.0363094 0.00857891 0.0519536 0.00854022 0.0576439 0.00872297 0.0155691 0.00967386 
0.00811127 0.0271402 0.00844735 0.00967783 0.00831232 0.0112718 0.00897971 0.119761 0.00952587 0.0189039 0.00919879 0.009512 0.0095073 0.00925618 0.00846111 0.0167933 0.00914862 0.00902037 0.0138245 0.00737753 0.039308 0.012579 0.0472866 0.00627353 0.00669439 0.0031909 0.00342413 0.00315359 0 0.00314567 0.00324445 0.00319389 0.00333176 0.00358817 0.00333805 0.00475253 0.00580652 0.00756736 0.00729611 0.0129445 0.00756321 0.0577375 0.00880438 0.816285 0.00896048 0.00907729 0.0112869 0.0131524 0.010534 0.0268399 0.00877441 0.0479534 0.008704 0.0664054 0.00889194 0.0415325 0.00891863 0.0150455 
0.0139709 0.0082404 0.0130946 0.00843863 0.0085287 0.0086516 0.0835163 0.00929688 0.0378542 0.00877594 0.0112094 0.00842348 0.00856508 0.00973425 0.0124763 0.00832289 0.0110298 0.0123695 0.00774337 0.0537249 0.0127437 0.0497088 0.00642196 0.00911675 0.00601228 0.00421854 0.00319597 0.00331021 0.00314567 0 0.00312068 0.00339435 0.00315741 0.00315746 0.00336077 0.0032695 0.00618036 0.00658884 0.00818592 0.00675856 0.0319501 0.00865468 0.812746 0.0081835 0.0147798 0.00948977 0.00941653 0.0124917 0.0150884 0.00860952 0.030817 0.00851307 0.0472102 0.00855816 0.0416242 0.00859916 0.0143642 0.00949034 
0.00808659 0.0170907 0.00834667 0.00879654 0.00818271 0.0285535 0.00862464 0.0336964 0.00908232 0.0132396 0.0105468 0.00895037 0.00899585 0.00929155 0.00835082 0.016187 0.00885241 0.00913204 0.0451457 0.018462 0.0310091 0.00689616 0.0113 0.00619287 0.00634406 0.00325267 0.00367535 0.00316809 0.00324445 0.00312068 0 0.00316385 0.00316884 0.00322743 0.00326799 0.00337549 0.00458545 0.00688986 0.00618861 0.0247889 0.012581 0.829717 0.00730399 0.0208622 0.00748583 0.00878243 0.00967538 0.0121937 0.00933811 0.0210113 0.00849616 0.035301 0.00846095 0.0372465 0.00859674 0.0271922 0.00871451 0.0110932 
0.00951132 0.00823446 0.00972296 0.00812416 0.00820913 0.00838496 0.0118388 0.00907885 0.01387 0.00874105 0.0086831 0.00822819 0.00832321 0.00844741 0.0103511 0.00841598 0.0112381 0.0185755 0.0170992 0.018811 0.00723437 0.00877178 0.0066472 0.00664888 0.00604061 0.00394935 0.00333791 0.00327812 0.00319389 0.00339435 0.00316385 0 0.00315461 0.00316533 0.00321981 0.00342393 0.00494464 0.00507537 0.0188674 0.0193703 0.770681 0.00637637 0.013855 0.00648366 0.00894457 0.00830493 0.0084809 0.00941137 0.0106795 0.00857068 0.014879 0.00836095 0.0186788 0.00834184 0.0163888 0.00859871 0.0100238 0.00877354 
0.00810568 0.00894944 0.00827873 0.00819019 0.00797976 0.00867754 0.00909227 0.0139499 0.00958011 0.00880029 0.00849257 0.00819558 0.00821676 0.00855815 0.00837182 0.0113071 0.0140993 0.0345534 0.0106482 0.00758597 0.00778636 0.00717597 0.00671592 0.00640399 0.00629468 0.00355386 0.00361594 0.00322531 0.00333176 0.00315741 0.00316884 0.00315461 0 0.00314409 0.00319492 0.00322162 0.00380945 0.0149594 0.0227426 0.669551 0.00751731 0.00730024 0.00588215 0.00752931 0.00669106 0.00796446 0.00844485 0.0117993 0.00958405 0.0110814 0.00851363 0.010966 0.00859488 0.0105788 0.0086914 0.0110325 0.00857855 0.00902392 
0.00810321 0.00927762 0.0085256 0.00823141 0.00808129 0.00862661 0.00925617 0.0114865 0.00942954 0.00883357 0.00847523 0.00839414 0.00840895 0.00853536 0.00938105 0.0223367 0.0183631 0.0115965 0.0088038 0.0079286 0.00854594 0.00763902 0.00749523 0.00670467 0.00719377 0.00373395 0.00422002 0.00326354 0.00358817 0.00315746 0.00322743 0.00316533 0.00314409 0 0.00314813 0.00316514 0.0145199 0.00595338 0.167304 0.0114148 0.00578989 0.00636437 0.00578352 0.00665626 0.00652119 0.00809172 0.00953653 0.00958377 0.013883 0.00936126 0.00883158 0.00980384 0.00871795 0.0106749 0.00918861 0.0103867 0.0096142 0.00994888 
0.00887311 0.00830008 0.00819462 0.0082374 0.00799507 0.00856023 0.00978581 0.0086446 0.00964225 0.00852821 0.00869519 0.00822541 0.00833097 0.0101021 0.0296098 0.0121983 0.00923181 0.0090391 0.00806673 0.00915064 0.00770836 0.00850304 0.00710141 0.008116 0.00686498 0.00704827 0.00494019 0.00422106 0.00333805 0.00336077 0.00326799 0.00321981 0.00319492 0.00314813 0 0.00352425 0.00656239 0.194022 0.105964 0.00433224 0.0065418 0.0051832 0.00719895 0.0057931 0.00693724 0.00905551 0.00936879 0.0102557 0.00986256 0.00871288 0.0102517 0.0083288 0.0107816 0.00845487 0.0105118 0.00861434 0.0157602 0.00891624 
0.0092295 0.00880838 0.00799806 0.0079812 0.00856302 0.0131388 0.00819004 0.00886429 0.00829415 0.00831713 0.00875951 0.0112035 0.0112463 0.0357346 0.0127413 0.00976043 0.00843655 0.00834149 0.00875078 0.00789897 0.00788774 0.00760695 0.00728434 0.00687951 0.00761694 0.0076367 0.00735263 0.0036892 0.00475253 0.0032695 0.00337549 0.00342393 0.00322162 0.00316514 0.00352425 0 0.161853 0.04729 0.00335659 0.00350595 0.00354526 0.00523283 0.00461272 0.00582838 0.00630089 0.0107917 0.00986585 0.0086465 0.00846521 0.00891415 0.00808824 0.00950505 0.00836823 0.0094436 0.00836484 0.0141547 0.00880155 0.012319 
0.010567 0.00860041 0.00834136 0.00812599 0.0104205 0.00997435 0.00895013 0.00876943 0.00917592 0.00882186 0.0125345 0.0105531 0.01145 0.0113531 0.0131334 0.00934083 0.00934435 0.0090056 0.00888857 0.00862726 0.00873906 0.00844571 0.00829518 0.00814248 0.0119948 0.00901179 0.00654903 0.00701946 0.00580652 0.00618036 0.00458545 0.00494464 0.00380945 0.0145199 0.00656239 0.161853 0 0.00320101 0.00319009 0.00316957 0.00320318 0.00327835 0.00338826 0.00367183 0.00723198 0.00750954 0.00712607 0.0078601 0.00875267 0.00825156 0.0155173 0.00896715 0.0116507 0.0307203 0.511487 0.0136219 0.0113985 0.0173608 
0.00855439 0.00897988 0.00871639 0.00865474 0.00820786 0.00898323 0.0111553 0.0113055 0.0112588 0.0121948 0.00918528 0.00845137 0.00862074 0.00881993 0.0105931 0.00974478 0.00925903 0.00954865 0.00866218 0.00881917 0.00904026 0.00860919 0.00809428 0.00960184 0.00830044 0.00683074 0.0083955 0.00721717 0.00756736 0.00658884 0.00688986 0.00507537 0.0149594 0.00595338 0.194022 0.04729 0.00320101 0 0.00314831 0.00315683 0.00316808 0.00316229 0.00328513 0.00345467 0.00371941 0.00603584 0.00855135 0.00931449 0.00904347 0.0104686 0.00940068 0.0138085 0.0333084 0.671063 0.0151413 0.0145486 0.0194904 0.0147544 
0.00852641 0.0089832 0.010589 0.00876465 0.00844668 0.00917818 0.0138002 0.0271451 0.0348404 0.0124081 0.0109284 0.00829358 0.00835895 0.00856613 0.00950644 0.0112837 0.0123551 0.0112507 0.0097903 0.0139419 0.00927183 0.00895194 0.009198 0.00853925 0.00831253 0.00764384 0.00739615 0.00900705 0.00729611 0.00818592 0.00618861 0.0188674 0.0227426 0.167304 0.105964 0.00335659 0.00319009 0.00314831 0 0.00315376 0.00315717 0.00315703 0.00313703 0.00319704 0.00355349 0.00643726 0.00750263 0.00978759 0.011562 0.00940009 0.0236362 0.0264916 0.866283 0.011522 0.0169346 0.0150327 0.0165258 0.0117981 
0.00840075 0.0117264 0.00942428 0.0101276 0.0084546 0.0100201 0.0146062 0.0624532 0.0220363 0.0236442 0.00929549 0.00837322 0.00843472 0.00895005 0.00957783 0.0129025 0.0119924 0.0113006 0.0142681 0.0089262 0.0110329 0.00888271 0.0106592 0.00838513 0.00847801 0.00748698 0.0106253 0.00735043 0.0129445 0.00675856 0.0247889 0.0193703 0.669551 0.0114148 0.00433224 0.00350595 0.00316957 0.00315683 0.00315376 0 0.00314961 0.00315233 0.00317472 0.00320045 0.0032553 0.0066052 0.0074931 0.013215 0.011367 0.0215947 0.0265206 0.912496 0.0100291 0.0160768 0.0101174 0.0277557 0.0108029 0.0140768 
0.00954241 0.00860213 0.0125177 0.00865103 0.00857458 0.00906192 0.0298171 0.0137676 0.0545747 0.0102271 0.0111454 0.00820325 0.00832557 0.00869273 0.0120232 0.0100265 0.0133735 0.0160488 0.00873887 0.0130952 0.00844166 0.0121741 0.00821656 0.0107555 0.00823808 0.0123093 0.00774364 0.0162041 0.00756321 0.0319501 0.012581 0.770681 0.00751731 0.00578989 0.0065418 0.00354526 0.00320318 0.00316808 0.00315717 0.00314961 0 0.00313376 0.00333134 0.00316776 0.00329087 0.00540049 0.00833017 0.0105991 0.0240017 0.021272 0.940732 0.00808644 0.0205597 0.0090093 0.0295109 0.00909423 0.0188799 0.0107697 
0.00817625 0.017962 0.00852858 0.00973381 0.00829415 0.0123171 0.00942618 0.0638794 0.0102242 0.018446 0.0087244 0.00869909 0.0086728 0.0088739 0.00872321 0.0192563 0.0103049 0.00938308 0.0161889 0.00816137 0.0153332 0.0080937 0.0131626 0.0080074 0.00857243 0.00753257 0.0219503 0.00752163 0.0577375 0.00865468 0.829717 0.00637637 0.00730024 0.00636437 0.0051832 0.00523283 0.00327835 0.00316229 0.00315703 0.00315233 0.00313376 0 0.00314087 0.00319222 0.00315175 0.00511432 0.00694708 0.0184636 0.0312139 0.910228 0.00744341 0.019168 0.00742272 0.0401321 0.00817296 0.0278737 0.00833706 0.0128588 
0.0118714 0.00815502 0.0126397 0.00838048 0.00850943 0.00837813 0.0210366 0.0101279 0.0431326 0.0088736 0.0096939 0.00805113 0.00819977 0.00871308 0.0137041 0.0090436 0.0119674 0.0143532 0.00843192 0.0178836 0.00822637 0.0173866 0.00809785 0.0105631 0.00822408 0.0162607 0.00797087 0.0537817 0.00880438 0.812746 0.00730399 0.013855 0.00588215 0.00578352 0.00719895 0.00461272 0.00338826 0.00328513 0.00313703 0.00317472 0.00333134 0.00314087 0 0.00314124 0.00330572 0.00488701 0.0105734 0.0586544 0.861078 0.00703967 0.0149325 0.00676153 0.0266414 0.00761662 0.0303967 0.00802039 0.0126939 0.0110355 
0.00810824 0.0179067 0.00822967 0.00927479 0.00820286 0.0104663 0.0087608 0.0253159 0.00894463 0.0150461 0.00867074 0.00941388 0.00914343 0.00931866 0.00919339 0.0117926 0.00921538 0.00898359 0.0122074 0.00827221 0.0120298 0.00829895 0.0106198 0.00827521 0.00888818 0.00803777 0.0803861 0.00983266 0.816285 0.0081835 0.0208622 0.00648366 0.00752931 0.00665626 0.0057931 0.00582838 0.00367183 0.00345467 0.00319704 0.00320045 0.00316776 0.00319222 0.00314124 0 0.00314721 0.00663968 0.0977723 0.717817 0.00639099 0.0152528 0.00655435 0.0251277 0.00736121 0.0269993 0.00802913 0.017159 0.00930727 0.0115769 
0.0152782 0.00816109 0.00832803 0.0080087 0.00937402 0.0118649 0.010208 0.00847019 0.00989481 0.00828665 0.0105999 0.0102786 0.0114093 0.016477 0.0121246 0.00869341 0.00897118 0.00941667 0.00828438 0.010475 0.00815823 0.0100365 0.00814564 0.00918307 0.00925386 0.0808 0.0112068 0.650201 0.00896048 0.0147798 0.00748583 0.00894457 0.00669106 0.00652119 0.00693724 0.00630089 0.00723198 0.00371941 0.00355349 0.0032553 0.00329087 0.00315175 0.00330572 0.00314721 0 0.822815 0.111046 0.00594921 0.00718564 0.00730564 0.0124425 0.00628392 0.0140191 0.00707123 0.0102563 0.0075674 0.0096633 0.011833 
0.00936162 0.00828327 0.00823917 0.00819512 0.00944369 0.00918759 0.00845977 0.00884585 0.00874534 0.00912733 0.0111679 0.0100526 0.0107497 0.00976489 0.0102396 0.0090173 0.00920372 0.00904685 0.00876205 0.00855153 0.00879078 0.00885093 0.00865139 0.00893379 0.0133939 0.0144801 0.0141529 0.0103608 0.00907729 0.00948977 0.00878243 0.00830493 0.00796446 0.00809172 0.00905551 0.0107917 0.00750954 0.00603584 0.00643726 0.0066052 0.00540049 0.00511432 0.00488701 0.00663968 0.822815 0 0.00321619 0.00316902 0.00317241 0.00316012 0.00344399 0.00355315 0.00454261 0.00519009 0.006053 0.00666544 0.0115733 0.0165633 
0.00852418 0.00894341 0.00832326 0.00835561 0.00826179 0.00884709 0.011302 0.0114441 0.0119916 0.0106737 0.00958294 0.0083172 0.00852937 0.00882388 0.00966544 0.0104752 0.00933179 0.0102134 0.00876953 0.00927629 0.00872642 0.00909905 0.00931874 0.0101645 0.00903069 0.0108879 0.0137183 0.00995314 0.0112869 0.00941653 0.00967538 0.0084809 0.00844485 0.00953653 0.00936879 0.00986585 0.00712607 0.00855135 0.00750263 0.0074931 0.00833017 0.00694708 0.0105734 0.0977723 0.111046 0.00321619 0 0.00315539 0.00313632 0.0031809 0.00313875 0.00348072 0.00340318 0.0039868 0.0045544 0.00602516 0.00872388 0.00989598 
0.0085944 0.00922247 0.00927989 0.00879766 0.00813133 0.00931052 0.0135302 0.0229829 0.0204459 0.0131352 0.00910351 0.00815892 0.00831385 0.0087117 0.00995163 0.0120565 0.0137998 0.0118797 0.0104461 0.00987188 0.0100937 0.00971215 0.0108662 0.00926377 0.0180893 0.0103752 0.0107989 0.013061 0.0131524 0.0124917 0.0121937 0.00941137 0.0117993 0.00958377 0.0102557 0.0086465 0.0078601 0.00931449 0.00978759 0.013215 0.0105991 0.0184636 0.0586544 0.717817 0.00594921 0.00316902 0.00315539 0 0.0031569 0.00315792 0.00319068 0.00323856 0.00338586 0.00342191 0.00452125 0.00755569 0.00782763 0.00897259 
0.00843533 0.00899929 0.00929261 0.00854958 0.00826797 0.00877766 0.0134956 0.0186771 0.0245551 0.0107475 0.0109713 0.00806227 0.00821862 0.00871215 0.0102117 0.0110323 0.0129612 0.0125226 0.0094096 0.0109295 0.00945042 0.0116964 0.00940393 0.0109681 0.00860445 0.00943721 0.00931737 0.0155742 0.010534 0.0150884 0.00933811 0.0106795 0.00958405 0.013883 0.00986256 0.00846521 0.00875267 0.00904347 0.011562 0.011367 0.0240017 0.0312139 0.861078 0.00639099 0.00718564 0.00317241 0.00313632 0.0031569 0 0.00315535 0.00316422 0.00320548 0.00321415 0.00354052 0.00350535 0.00485945 0.00552363 0.00775253 
0.0080974 0.0104984 0.00838707 0.00867039 0.00807177 0.00895729 0.00963499 0.0268636 0.010684 0.0119083 0.00874909 0.00817006 0.00818628 0.00850455 0.00892808 0.0144776 0.0104698 0.00993582 0.0117266 0.0084859 0.0129343 0.00847559 0.0140885 0.0084207 0.00874012 0.00843564 0.0176625 0.00872858 0.0268399 0.00860952 0.0210113 0.00857068 0.0110814 0.00936126 0.00871288 0.00891415 0.00825156 0.0104686 0.00940009 0.0215947 0.021272 0.910228 0.00703967 0.0152528 0.00730564 0.00316012 0.0031809 0.00315792 0.00315535 0 0.00314563 0.00316364 0.00318528 0.00334239 0.00327468 0.00445109 0.0041199 0.00822911 
0.00944454 0.00815837 0.00973868 0.00830151 0.00857725 0.00848751 0.0164852 0.0109762 0.0283914 0.00912768 0.0093744 0.00792553 0.00804103 0.00855119 0.011311 0.00919347 0.0129354 0.0120956 0.00868584 0.0157778 0.00848068 0.0146086 0.00840546 0.010059 0.00843058 0.0122353 0.00854857 0.0363094 0.00877441 0.030817 0.00849616 0.014879 0.00851363 0.00883158 0.0102517 0.00808824 0.0155173 0.00940068 0.0236362 0.0265206 0.940732 0.00744341 0.0149325 0.00655435 0.0124425 0.00344399 0.00313875 0.00319068 0.00316422 0.00314563 0 0.00313859 0.00323308 0.00323361 0.00355085 0.00334517 0.00361975 0.00557901 
0.00806713 0.0125184 0.00825224 0.00875849 0.00802491 0.00996044 0.00899107 0.0360906 0.00982589 0.0147512 0.00874293 0.00830965 0.00835537 0.00862533 0.00870414 0.0185314 0.0108971 0.00941514 0.0194722 0.00840068 0.0197157 0.00834885 0.0168539 0.00836192 0.00901435 0.00838466 0.0306693 0.00857891 0.0479534 0.00851307 0.035301 0.00836095 0.010966 0.00980384 0.0083288 0.00950505 0.00896715 0.0138085 0.0264916 0.912496 0.00808644 0.019168 0.00676153 0.0251277 0.00628392 0.00355315 0.00348072 0.00323856 0.00320548 0.00316364 0.00313859 0 0.00317717 0.00424501 0.0032238 0.00351314 0.00351219 0.00542912 
0.00986933 0.00816326 0.00966017 0.00837124 0.00842748 0.00846789 0.0165342 0.0107064 0.0286999 0.00875374 0.0108434 0.00810602 0.00819969 0.00878192 0.0117703 0.00921441 0.0132917 0.0159176 0.00855721 0.0214205 0.00846958 0.0172945 0.00847009 0.0115971 0.00843566 0.0160652 0.00850003 0.0519536 0.008704 0.0472102 0.00846095 0.0186788 0.00859488 0.00871795 0.0107816 0.00836823 0.0116507 0.0333084 0.866283 0.0100291 0.0205597 0.00742272 0.0266414 0.00736121 0.0140191 0.00454261 0.00340318 0.00338586 0.00321415 0.00318528 0.00323308 0.00317717 0 0.00323174 0.00335439 0.00327959 0.00418539 0.00412018 
0.00809206 0.0119334 0.0083466 0.00872952 0.00809767 0.0100423 0.00922866 0.0337304 0.0099074 0.0138753 0.00898473 0.00828705 0.00840858 0.00882905 0.0086683 0.0176157 0.0112226 0.00991792 0.0197584 0.0084237 0.0163035 0.00837972 0.0140641 0.00833966 0.00893779 0.00845235 0.0335164 0.00854022 0.0664054 0.00855816 0.0372465 0.00834184 0.0105788 0.0106749 0.00845487 0.0094436 0.0307203 0.671063 0.011522 0.0160768 0.0090093 0.0401321 0.00761662 0.0269993 0.00707123 0.00519009 0.0039868 0.00342191 0.00354052 0.00334239 0.00323361 0.00424501 0.00323174 0 0.00354933 0.00356808 0.00330502 0.0039582 
0.0101289 0.00824511 0.00918748 0.00828705 0.00824387 0.00861846 0.0159845 0.0106347 0.0264244 0.00884916 0.00925398 0.00808265 0.0080709 0.00877439 0.0128607 0.00951256 0.0160952 0.0142403 0.00869656 0.0153621 0.00861694 0.0145408 0.00852007 0.00976182 0.00834981 0.0146981 0.00867115 0.0576439 0.00889194 0.0416242 0.00859674 0.0163888 0.0086914 0.00918861 0.0105118 0.00836484 0.511487 0.0151413 0.0169346 0.0101174 0.0295109 0.00817296 0.0303967 0.00802913 0.0102563 0.006053 0.0045544 0.00452125 0.00350535 0.00327468 0.00355085 0.0032238 0.00335439 0.00354933 0 0.00325944 0.00325681 0.00337133 
0.00817753 0.0103529 0.0083513 0.00845437 0.00798908 0.00938057 0.00869093 0.0222473 0.00954402 0.00982942 0.00861927 0.0083267 0.00833084 0.00897449 0.00875242 0.0199403 0.0106504 0.00977676 0.0134989 0.00865316 0.0137419 0.00858982 0.0122285 0.00849274 0.00949719 0.00880638 0.0332803 0.00872297 0.0415325 0.00859916 0.0271922 0.00859871 0.0110325 0.0103867 0.00861434 0.0141547 0.0136219 0.0145486 0.0150327 0.0277557 0.00909423 0.0278737 0.00802039 0.017159 0.0075674 0.00666544 0.00602516 0.00755569 0.00485945 0.00445109 0.00334517 0.00351314 0.00327959 0.00356808 0.00325944 0 0.00322696 0.00324279 
0.00901552 0.00863099 0.00828864 0.00818513 0.00818669 0.00905794 0.0106983 0.00907967 0.010253 0.00880648 0.00876163 0.00832566 0.00865299 0.00982723 0.0128908 0.00922392 0.00947265 0.00973433 0.00878892 0.00985621 0.00857008 0.00978947 0.00856362 0.00945754 0.0084698 0.0208122 0.00986676 0.0155691 0.00891863 0.0143642 0.00871451 0.0100238 0.00857855 0.0096142 0.0157602 0.00880155 0.0113985 0.0194904 0.0165258 0.0108029 0.0188799 0.00833706 0.0126939 0.00930727 0.0096633 0.0115733 0.00872388 0.00782763 0.00552363 0.0041199 0.00361975 0.00351219 0.00418539 0.00330502 0.00325681 0.00322696 0 0.00337378 
0.00956521 0.00875042 0.00829902 0.00822551 0.00838591 0.011465 0.00868989 0.00979106 0.00920666 0.00859052 0.00923898 0.00992737 0.00956044 0.0153618 0.00962457 0.00974058 0.00908924 0.00919912 0.0110749 0.00888179 0.00899864 0.00866759 0.009177 0.00852754 0.010236 0.0182366 0.0162811 0.00967386 0.0150455 0.00949034 0.0110932 0.00877354 0.00902392 0.00994888 0.00891624 0.012319 0.0173608 0.0147544 0.0117981 0.0140768 0.0107697 0.0128588 0.0110355 0.0115769 0.011833 0.0165633 0.00989598 0.00897259 0.00775253 0.00822911 0.00557901 0.00542912 0.00412018 0.0039582 0.00337133 0.00324279 0.00337378 0 
