1O13A
XIIAIPVSENRGKDSPISEHFGRAPYFAFVKVKNNAIADISVEENPLAQDHVHGAVPNFVKEKGAELVIVRGIGRRAIAAFEAXGVKVIKGASGTVEEVVNQYLSGQ
CEEEEEECCCCHHHCEECCCCCCCCEEEEEEEECCEEEEEEEEECHHHCCCCCCCHHHHHHHCCCCEEECCCCCHHHHHHHHHCCCEEECCCCCEHHHHHHHHHCCC
0 0 0 0 0 0 0 0 0 0 0 0 0 0 0 0 0 0 0 0 0 0 0 0 0 0 0 0 0 0 0 0 0 0 0 0 0 0 0 0 0 0 0 0 0 0 0 0 0 0 0 0 0 0 0 0 0 0 0 0 0 0 0 0 0 0 0 0 0 0 0 0 0 0 0 0 0 0 0 0 0 0 0 0 0 0 0 0 0 0 0 0 0 0 0 0 0 0 0 0 0 0 0 0 0 0 0 
0 0 0 0 0 0 0 0 0 0 0 0 0 0 0 0 0 0 0 0 0 0 0 0 0 0 0 0 0 0 0 0 0 0 0 0 0 0 0 0 0 0 0 0 0 0 0 0 0 0 0 0 0 0 0 0 0 0 0 0 0 0 0 0 0 0 0 0 0 0 0 0 0 0 0 0 0 0 0 0 0 0 0 0 0 0 0 0 0 0 0 0 0 0 0 0 0 0 0 0 0 0 0 0 0 0 0 
0 0.00354897 0.00332476 0.0033424 0.00354094 0.00569698 0.0181391 0.0243253 0.0590632 0.0337221 0.0256418 0.0231711 0.020737 0.0456797 0.0134721 0.0265996 0.0186991 0.012102 0.0112852 0.0114505 0.0115423 0.012267 0.0108205 0.0128371 0.0313868 0.0303873 0.0153117 0.0242444 0.0133053 0.00885857 0.0142367 0.0109736 
0.00354897 0 0.00335281 0.00327636 0.00336641 0.00342449 0.00918729 0.0165342 0.0414363 0.0992937 0.0623752 0.0317131 0.096195 0.0140561 0.0451071 0.0109584 0.0138144 0.0173189 0.0147873 0.0119503 0.0192364 0.0126951 0.0178289 0.0237044 0.0129977 0.126368 0.0465913 0.0225418 0.00985736 0.0152098 0.0103972 0.00879419 
0.00332476 0.00335281 0 0.00327636 0.00319438 0.0032055 0.00746781 0.0094796 0.0351714 0.059977 0.0811347 0.206291 0.0345195 0.0872781 0.0119975 0.0124231 0.0119374 0.01466 0.018134 0.0344132 0.0145394 0.0412957 0.0284963 0.0144121 0.0154532 0.0339978 0.0929646 0.0221003 0.0127982 0.00985724 0.00986224 0.00857241 
0.0033424 0.00327636 0.00327636 0 0.00315997 0.00317996 0.00609779 0.0125167 0.0150854 0.0220416 0.137158 0.0349453 0.0665719 0.0173617 0.0159489 0.00876668 0.00901523 0.0101141 0.0137244 0.0110361 0.0162745 0.013681 0.0150364 0.0108076 0.00972296 0.0186207 0.0167711 0.0221173 0.0086507 0.00939717 0.00854283 0.00800524 
0.00354094 0.00336641 0.00319438 0.00315997 0 0.00316152 0.0167216 0.0258355 0.0133684 0.0633882 0.0192811 0.0389148 0.0137332 0.019093 0.0102065 0.00983277 0.0110215 0.00983197 0.00904511 0.0105615 0.00884136 0.0103916 0.00968636 0.0102009 0.0110658 0.0109294 0.0366245 0.0128502 0.010179 0.00921603 0.00855933 0.00850176 
0.00569698 0.00342449 0.0032055 0.00317996 0.00316152 0 0.0261052 0.0252026 0.0393218 0.0177506 0.0128865 0.0119658 0.0158675 0.00883945 0.0145569 0.0109211 0.0154822 0.00945824 0.00861836 0.00855508 0.00917687 0.00850741 0.00870473 0.00983148 0.0131242 0.0249795 0.00990978 0.0260723 0.0102639 0.00864516 0.00915967 0.00974819 
0.0181391 0.00918729 0.00746781 0.00609779 0.0167216 0.0261052 0 0.00327161 0.00689722 0.0162184 0.0140247 0.00943553 0.00646612 0.00866464 0.00660193 0.0123189 0.00874058 0.00803029 0.00783902 0.0084512 0.00791801 0.00878134 0.00829022 0.00887624 0.0213936 0.00983818 0.0164621 0.0140155 0.0111219 0.0086173 0.00962662 0.0184551 
0.0243253 0.0165342 0.0094796 0.0125167 0.0258355 0.0252026 0.00327161 0 0.0156002 0.0119004 0.00661771 0.00681416 0.00903335 0.00631617 0.0132299 0.00716556 0.00965875 0.00930603 0.00793253 0.00800471 0.00836212 0.00806249 0.00854419 0.0110213 0.0112736 0.0231383 0.0108212 0.0158979 0.00961817 0.00994656 0.00940242 0.010786 
0.0590632 0.0414363 0.0351714 0.0150854 0.0133684 0.0393218 0.00689722 0.0156002 0 0.00320729 0.00318189 0.00319516 0.00331156 0.00367158 0.00340122 0.00593936 0.00552789 0.00565346 0.00638961 0.00644933 0.00666415 0.00944647 0.00890744 0.0130855 0.94925 0.0175339 0.0154533 0.0200653 0.0123196 0.00877476 0.0130755 0.0158983 
0.0337221 0.0992937 0.059977 0.0220416 0.0633882 0.0177506 0.0162184 0.0119004 0.00320729 0 0.00318823 0.00317552 0.00317888 0.00323226 0.00533618 0.00330347 0.00470736 0.00584364 0.00593785 0.00655223 0.00832067 0.00821924 0.0143241 0.939169 0.0155415 0.0336653 0.0265253 0.0138467 0.00875945 0.0146565 0.00973532 0.00872321 
0.0256418 0.0623752 0.0811347 0.137158 0.0192811 0.0128865 0.0140247 0.00661771 0.00318189 0.00318823 0 0.00317319 0.00316184 0.00324423 0.00318975 0.00327565 0.00420246 0.00557525 0.00638068 0.00742715 0.00781323 0.0361674 0.893911 0.0117575 0.00909845 0.0178767 0.0293898 0.0153224 0.0104011 0.00939056 0.00923428 0.00871593 
0.0231711 0.0317131 0.206291 0.0349453 0.0389148 0.0119658 0.00943553 0.00681416 0.00319516 0.00317552 0.00317319 0 0.00317121 0.00317353 0.0031972 0.00325265 0.00445538 0.00558221 0.00673959 0.0103173 0.0417163 0.915072 0.0147825 0.00989737 0.0115184 0.0182788 0.0232759 0.016863 0.00981743 0.00905323 0.00906963 0.00851007 
0.020737 0.096195 0.0345195 0.0665719 0.0137332 0.0158675 0.00646612 0.00903335 0.00331156 0.00317888 0.00316184 0.00317121 0 0.00316192 0.00320498 0.00318034 0.00349969 0.00670378 0.00641282 0.0467288 0.911575 0.0082823 0.00928674 0.0107052 0.00719474 0.0222662 0.0138025 0.0184357 0.00892341 0.0103639 0.00882076 0.00825115 
0.0456797 0.0140561 0.0872781 0.0173617 0.019093 0.00883945 0.00866464 0.00631617 0.00367158 0.00323226 0.00324423 0.00317353 0.00316192 0 0.00325554 0.00330032 0.00422671 0.00524972 0.119633 0.883689 0.00547008 0.0088374 0.00748073 0.0068174 0.00752936 0.0103208 0.017774 0.010664 0.0114854 0.00853084 0.00866523 0.00919833 
0.0134721 0.0451071 0.0119975 0.0159489 0.0102065 0.0145569 0.00660193 0.0132299 0.00340122 0.00533618 0.00318975 0.0031972 0.00320498 0.00325554 0 0.00323078 0.0043165 0.944008 0.0466957 0.00416122 0.00518499 0.00516028 0.00584633 0.00955845 0.0066325 0.0179961 0.0138894 0.0141977 0.009201 0.0126123 0.00909175 0.00834606 
0.0265996 0.0109584 0.0124231 0.00876668 0.00983277 0.0109211 0.0123189 0.00716556 0.00593936 0.00330347 0.00327565 0.00325265 0.00318034 0.00330032 0.00323078 0 0.996403 0.0143353 0.00489495 0.00355629 0.00351366 0.0046197 0.00482046 0.0053567 0.00695637 0.0129263 0.0107637 0.0133697 0.0149119 0.00851926 0.00894666 0.0121654 
0.0186991 0.0138144 0.0119374 0.00901523 0.0110215 0.0154822 0.00874058 0.00965875 0.00552789 0.00470736 0.00420246 0.00445538 0.00349969 0.00422671 0.0043165 0.996403 0 0.0054849 0.00324074 0.00329127 0.00330982 0.003608 0.00352815 0.00394411 0.00973585 0.0156397 0.0113138 0.0181196 0.013305 0.00936195 0.0120795 0.0160739 
0.012102 0.0173189 0.01466 0.0101141 0.00983197 0.00945824 0.00803029 0.00930603 0.00565346 0.00584364 0.00557525 0.00558221 0.00670378 0.00524972 0.944008 0.0143353 0.0054849 0 0.0032766 0.00327056 0.00352601 0.00323182 0.00351759 0.00398615 0.00364151 0.0159705 0.0139227 0.00986049 0.00898942 0.00994462 0.00906401 0.00879647 
0.0112852 0.0147873 0.018134 0.0137244 0.00904511 0.00861836 0.00783902 0.00793253 0.00638961 0.00593785 0.00638068 0.00673959 0.00641282 0.119633 0.0466957 0.00489495 0.00324074 0.0032766 0 0.00334375 0.00326035 0.0032563 0.00329248 0.00335103 0.00344907 0.0133888 0.0100607 0.00919507 0.0092578 0.00870093 0.00853638 0.00837264 
0.0114505 0.0119503 0.0344132 0.0110361 0.0105615 0.00855508 0.0084512 0.00800471 0.00644933 0.00655223 0.00742715 0.0103173 0.0467288 0.883689 0.00416122 0.00355629 0.00329127 0.00327056 0.00334375 0 0.0031526 0.00318228 0.00326164 0.00319276 0.00339016 0.0106473 0.010835 0.00951507 0.00960088 0.00870384 0.00889466 0.00842773 
0.0115423 0.0192364 0.0145394 0.0162745 0.00884136 0.00917687 0.00791801 0.00836212 0.00666415 0.00832067 0.00781323 0.0417163 0.911575 0.00547008 0.00518499 0.00351366 0.00330982 0.00352601 0.00326035 0.0031526 0 0.00318732 0.00315522 0.00323817 0.00319312 0.0173656 0.0092619 0.0101452 0.00867333 0.00899109 0.00856571 0.00821408 
0.012267 0.0126951 0.0412957 0.013681 0.0103916 0.00850741 0.00878134 0.00806249 0.00944647 0.00821924 0.0361674 0.915072 0.0082823 0.0088374 0.00516028 0.0046197 0.003608 0.00323182 0.0032563 0.00318228 0.00318732 0 0.00315301 0.00315191 0.00330074 0.0113175 0.0135225 0.00914897 0.00937201 0.00868195 0.00867719 0.00873922 
0.0108205 0.0178289 0.0284963 0.0150364 0.00968636 0.00870473 0.00829022 0.00854419 0.00890744 0.0143241 0.893911 0.0147825 0.00928674 0.00748073 0.00584633 0.00482046 0.00352815 0.00351759 0.00329248 0.00326164 0.00315522 0.00315301 0 0.0031987 0.0031652 0.0205997 0.0131616 0.0124802 0.00908144 0.00867466 0.00893872 0.00839313 
0.0128371 0.0237044 0.0144121 0.0108076 0.0102009 0.00983148 0.00887624 0.0110213 0.0130855 0.939169 0.0117575 0.00989737 0.0107052 0.0068174 0.00955845 0.0053567 0.00394411 0.00398615 0.00335103 0.00319276 0.00323817 0.00315191 0.0031987 0 0.00318055 0.0134218 0.0458662 0.0186611 0.0090703 0.010536 0.00888018 0.00828617 
0.0313868 0.0129977 0.0154532 0.00972296 0.0110658 0.0131242 0.0213936 0.0112736 0.94925 0.0155415 0.00909845 0.0115184 0.00719474 0.00752936 0.0066325 0.00695637 0.00973585 0.00364151 0.00344907 0.00339016 0.00319312 0.00330074 0.0031652 0.00318055 0 0.0168888 0.0161237 0.110029 0.0221875 0.00892017 0.0104322 0.0180827 
0.0303873 0.126368 0.0339978 0.0186207 0.0109294 0.0249795 0.00983818 0.0231383 0.0175339 0.0336653 0.0178767 0.0182788 0.0222662 0.0103208 0.0179961 0.0129263 0.0156397 0.0159705 0.0133888 0.0106473 0.0173656 0.0113175 0.0205997 0.0134218 0.0168888 0 0.00336273 0.00356894 0.526834 0.0152548 0.0505807 0.0174369 
0.0153117 0.0465913 0.0929646 0.0167711 0.0366245 0.00990978 0.0164621 0.0108212 0.0154533 0.0265253 0.0293898 0.0232759 0.0138025 0.017774 0.0138894 0.0107637 0.0113138 0.0139227 0.0100607 0.010835 0.0092619 0.0135225 0.0131616 0.0458662 0.0161237 0.00336273 0 0.00347392 0.0221276 0.759773 0.0148009 0.0155316 
0.0242444 0.0225418 0.0221003 0.0221173 0.0128502 0.0260723 0.0140155 0.0158979 0.0200653 0.0138467 0.0153224 0.016863 0.0184357 0.010664 0.0141977 0.0133697 0.0181196 0.00986049 0.00919507 0.00951507 0.0101452 0.00914897 0.0124802 0.0186611 0.110029 0.00356894 0.00347392 0 0.0483027 0.0129044 0.530715 0.0148062 
0.0133053 0.00985736 0.0127982 0.0086507 0.010179 0.0102639 0.0111219 0.00961817 0.0123196 0.00875945 0.0104011 0.00981743 0.00892341 0.0114854 0.009201 0.0149119 0.013305 0.00898942 0.0092578 0.00960088 0.00867333 0.00937201 0.00908144 0.0090703 0.0221875 0.526834 0.0221276 0.0483027 0 0.00361528 0.00408983 0.0133518 
0.00885857 0.0152098 0.00985724 0.00939717 0.00921603 0.00864516 0.0086173 0.00994656 0.00877476 0.0146565 0.00939056 0.00905323 0.0103639 0.00853084 0.0126123 0.00851926 0.00936195 0.00994462 0.00870093 0.00870384 0.00899109 0.00868195 0.00867466 0.010536 0.00892017 0.0152548 0.759773 0.0129044 0.00361528 0 0.00339691 0.00441141 
0.0142367 0.0103972 0.00986224 0.00854283 0.00855933 0.00915967 0.00962662 0.00940242 0.0130755 0.00973532 0.00923428 0.00906963 0.00882076 0.00866523 0.00909175 0.00894666 0.0120795 0.00906401 0.00853638 0.00889466 0.00856571 0.00867719 0.00893872 0.00888018 0.0104322 0.0505807 0.0148009 0.530715 0.00408983 0.00339691 0 0.0208409 
0.0109736 0.00879419 0.00857241 0.00800524 0.00850176 0.00974819 0.0184551 0.010786 0.0158983 0.00872321 0.00871593 0.00851007 0.00825115 0.00919833 0.00834606 0.0121654 0.0160739 0.00879647 0.00837264 0.00842773 0.00821408 0.00873922 0.00839313 0.00828617 0.0180827 0.0174369 0.0155316 0.0148062 0.0133518 0.00441141 0.0208409 0 
