1O9HA
SAYRHAVERIDSSDLACGVVLHSAPGYPAFPVRLATEIFQRALARLPGDGPVTLWDPCCGSGYLLTVLGLLHRRSLRQVIASDVDPAPLELAAKNLALLSPAGLTARELERREQSERFGKPSYLEAAQAARRLRERLTAEGGALPCAIRTADVFDPRALSAVLAGSAPDVVLTDLPYGERTHWEGQVPAQPVAGLLRSLASALPAHAVIAVTDRSRKIPVAPVKALERLKIGTRSAVLVRAADVLEAGP
CCCCCCCCCCCCCCCCCCCCCCCECCECCCCHHHHHHHHHHHHCCCCCCCCEEEEECCCCCCHHHHHHHHHCHHHEEEEEEEECCHHHHHHHHHHHHHHCHHHHHHHHHHHHHHHHHHCCHHHHHHHHHHHHHHHHHHHCCCCCCEEEEECCCCCHHHHHHHHCCCCCCEEEEECCCCCCCCCCCCCCHHHHHHHHHHHHCCCCCCCEEEEEECCCCCCCCCCCCCEEEEECCEEEEEEEHHHHHHHCC
0 0 0 0 0 0 0 0 0 0 0 0 0 0 0 0 0 0 0 0 0 0 0 0 0 0 0 0 0 0 0 0 0 0 0 0 0 0 0 0 0 0 0 0 0 0 0 0 0 0 0 0 0 0 0 0 0 0 0 0 0 0 0 0 0 0 0 0 0 0 0 0 0 0 0 0 0 0 0 0 0 0 0 0 0 0 0 0 0 0 0 0 0 0 0 0 0 0 0 0 0 0 0 0 0 0 0 0 0 0 0 0 0 0 0 0 0 0 0 0 0 0 0 0 0 0 0 0 0 0 0 0 0 0 0 0 0 0 0 0 0 0 0 0 0 0 0 0 0 0 0 0 0 0 0 0 0 0 0 0 0 0 0 0 0 0 0 0 0 0 0 0 0 0 0 0 0 0 0 0 0 0 0 0 0 0 0 0 0 0 0 0 0 0 0 0 0 0 0 0 0 0 0 0 0 0 0 0 0 0 0 0 0 0 0 0 0 0 0 0 0 0 0 0 0 0 0 0 0 0 0 0 0 0 0 0 0 0 0 0 0 0 0 0 0 0 0 0 0 
0 0 0 0 0 0 0 0 0 0 0 0 0 0 0 0 0 0 0 0 0 0 0 0 0 0 0 0 0 0 0 0 0 0 0 0 0 0 0 0 0 0 0 0 0 0 0 0 0 0 0 0 0 0 0 0 0 0 0 0 0 0 0 0 0 0 0 0 0 0 0 0 0 0 0 0 0 0 0 0 0 0 0 0 0 0 0 0 0 0 0 0 0 0 0 0 0 0 0 0 0 0 0 0 0 0 0 0 0 0 0 0 0 0 0 0 0 0 0 0 0 0 0 0 0 0 0 0 0 0 0 0 0 0 0 0 0 0 0 0 0 0 0 0 0 0 0 0 0 0 0 0 0 0 0 0 0 0 0 0 0 0 0 0 0 0 0 0 0 0 0 0 0 0 0 0 0 0 0 0 0 0 0 0 0 0 0 0 0 0 0 0 0 0 0 0 0 0 0 0 0 0 0 0 0 0 0 0 0 0 0 0 0 0 0 0 0 0 0 0 0 0 0 0 0 0 0 0 0 0 0 0 0 0 0 0 0 0 0 0 0 0 0 0 0 0 0 0 0 
0 0.850386 0.0128212 0.0093145 0.00877157 0.00938741 0.00817943 0.0107532 0.00806752 0.00815354 0.00817997 0.00823022 0.00816752 0.00819841 0.00850791 0.00810546 0.00787665 0.00783086 0.00786624 0.00810843 0.00811649 0.00787895 0.00791332 0.00788362 0.00798931 0.00803341 0.00793767 0.00795351 0.00792599 0.00785182 0.00793783 0.00824647 0.00794003 0.00816024 0.00789642 0.00820158 0.00805415 0.00795906 0.00796259 0.00795848 0.00801168 0.00798071 0.00813799 
0.850386 0 0.0310011 0.00902485 0.00851153 0.00952571 0.0136296 0.0108075 0.00841332 0.00812313 0.00823154 0.00833213 0.00803494 0.00833404 0.00900654 0.00834603 0.00786327 0.00780513 0.00785473 0.00856577 0.0083811 0.00786271 0.00784732 0.0078943 0.00807197 0.00834882 0.00780476 0.00787831 0.00785579 0.00787582 0.00797464 0.0082237 0.00795337 0.00804314 0.00805494 0.00824774 0.00829722 0.00789026 0.00788492 0.00790017 0.00788295 0.00788008 0.00861908 
0.0128212 0.0310011 0 0.00341826 0.00324612 0.00321478 0.00339649 0.0912172 0.0103196 0.0230027 0.0195832 0.0135412 0.0160411 0.0150361 0.0259691 0.0110536 0.00817216 0.00856323 0.00847779 0.0122641 0.0133097 0.00929034 0.00931323 0.00972849 0.0119374 0.00868196 0.00920197 0.00899851 0.0086811 0.0084923 0.00902922 0.00841869 0.00804917 0.00899505 0.00813161 0.0101021 0.00819849 0.00808277 0.00849919 0.00850728 0.00852227 0.00859792 0.00931447 
0.0093145 0.00902485 0.00341826 0 0.00317465 0.00318169 0.00321791 0.00885067 0.0362728 0.0716785 0.0344748 0.0519446 0.0161317 0.0233712 0.010697 0.00849322 0.0128869 0.00856833 0.00922755 0.00874473 0.011924 0.0173829 0.0115896 0.0110967 0.00874494 0.00866438 0.00933781 0.0111718 0.00943201 0.00890001 0.00808609 0.00796694 0.00835977 0.00827782 0.00859684 0.00818841 0.00799184 0.00857241 0.00866504 0.00940749 0.00928792 0.00870657 0.00871659 
0.00877157 0.00851153 0.00324612 0.00317465 0 0.003184 0.00315448 0.0187312 0.0123158 0.075193 0.234891 0.0418505 0.13107 0.018607 0.0120233 0.00864095 0.0087602 0.0128385 0.00881185 0.0084082 0.0125774 0.0158573 0.0308365 0.011444 0.00861222 0.00885903 0.0109919 0.016671 0.012876 0.00890396 0.00836433 0.00814761 0.00823025 0.00913934 0.00823564 0.0085053 0.00805266 0.00850306 0.0108281 0.0107103 0.0112695 0.00935068 0.00856436 
0.00938741 0.00952571 0.00321478 0.00318169 0.003184 0 0.00315982 0.0150033 0.0261162 0.0490851 0.0377977 0.199021 0.0397429 0.0822142 0.0134574 0.00857744 0.0100871 0.00894542 0.00938503 0.00857005 0.0102326 0.0150183 0.0142206 0.0127841 0.00880022 0.0100872 0.0103275 0.0115068 0.011147 0.00869176 0.00829309 0.00812657 0.00834453 0.00912541 0.00818988 0.00807969 0.00814304 0.00849829 0.00922883 0.0093825 0.00942893 0.00886824 0.00809824 
0.00817943 0.0136296 0.00339649 0.00321791 0.00315448 0.00315982 0 0.0216295 0.0153565 0.0137045 0.0184184 0.0250151 0.0785133 0.0265718 0.0342134 0.00974644 0.00833954 0.00827345 0.00836468 0.00836932 0.0111876 0.00971972 0.00969787 0.00944198 0.00912047 0.00960542 0.00881775 0.00919094 0.00857076 0.00836742 0.0081148 0.00805884 0.00800814 0.00800331 0.00800365 0.00809988 0.00806205 0.00811677 0.00823525 0.00848328 0.0096124 0.00820599 0.00823726 
0.0107532 0.0108075 0.0912172 0.00885067 0.0187312 0.0150033 0.0216295 0 0.00322256 0.0032473 0.00322578 0.00328155 0.00335647 0.00337781 0.00486096 0.0147575 0.00892345 0.0103726 0.00931699 0.011694 0.0115735 0.00994314 0.0104709 0.0104107 0.0191662 0.00855872 0.00949557 0.00901009 0.00928282 0.00833276 0.00973251 0.00861965 0.00840245 0.00962764 0.00829734 0.0107706 0.008075 0.00820153 0.0082535 0.00855621 0.00829376 0.00939786 0.00913678 
0.00806752 0.00841332 0.0103196 0.0362728 0.0123158 0.0261162 0.0153565 0.00322256 0 0.00312971 0.00321573 0.00319272 0.00323092 0.00353279 0.00319022 0.00972843 0.00970163 0.00867338 0.00895703 0.00933288 0.0100637 0.0131827 0.00966785 0.0117069 0.00874261 0.00896658 0.00876566 0.0102796 0.00863413 0.00897564 0.00805072 0.0079473 0.00832628 0.00823674 0.0088086 0.00803507 0.00798401 0.00824007 0.00848318 0.00875384 0.00863063 0.00858032 0.00909527 
0.00815354 0.00812313 0.0230027 0.0716785 0.075193 0.0490851 0.0137045 0.0032473 0.00312971 0 0.00317692 0.00317182 0.00311936 0.00314462 0.0032481 0.0139355 0.0119268 0.0131907 0.0098314 0.00921015 0.0201606 0.016342 0.0293554 0.0107126 0.00876062 0.00913198 0.0117139 0.0146824 0.0136405 0.00893511 0.00826821 0.00852838 0.00825767 0.0102484 0.00829034 0.00828906 0.00810837 0.00875706 0.00965947 0.0104843 0.0117698 0.00936512 0.00833312 
0.00817997 0.00823154 0.0195832 0.0344748 0.234891 0.0377977 0.0184184 0.00322578 0.00321573 0.00317692 0 0.00324413 0.00318771 0.00324495 0.0032039 0.0374723 0.0179756 0.0151833 0.0113912 0.0116607 0.0171594 0.0454724 0.0355976 0.0157682 0.00941408 0.0102441 0.0151412 0.0216485 0.0142437 0.0102521 0.00872792 0.00818026 0.00843258 0.00912425 0.0087019 0.0082463 0.00809247 0.00883873 0.0105938 0.0118967 0.0112324 0.00982028 0.00856783 
0.00823022 0.00833213 0.0135412 0.0519446 0.0418505 0.199021 0.0250151 0.00328155 0.00319272 0.00317182 0.00324413 0 0.00319881 0.00322164 0.00320469 0.024723 0.0430357 0.0179294 0.0132335 0.00910966 0.0204636 0.041035 0.0503275 0.0159579 0.00970919 0.0103884 0.0181469 0.0274881 0.0174028 0.00981484 0.00858083 0.00856205 0.00853791 0.00924214 0.00868286 0.00846988 0.00820707 0.00964633 0.0116893 0.0149489 0.0130588 0.00992613 0.00878171 
0.00816752 0.00803494 0.0160411 0.0161317 0.13107 0.0397429 0.0785133 0.00335647 0.00323092 0.00311936 0.00318771 0.00319881 0 0.00316489 0.00319016 0.0144618 0.0165872 0.0601799 0.0120331 0.00985712 0.0188945 0.0333205 0.0597149 0.0177335 0.00980409 0.0101791 0.0176747 0.0233463 0.0218408 0.00950131 0.00870758 0.00830771 0.00838915 0.00969187 0.00876721 0.0086625 0.00816488 0.00910885 0.0113606 0.0136927 0.0127249 0.0102775 0.00851667 
0.00819841 0.00833404 0.0150361 0.0233712 0.018607 0.0822142 0.0265718 0.00337781 0.00353279 0.00314462 0.00324495 0.00322164 0.00316489 0 0.00324843 0.0125616 0.0160998 0.0117203 0.0540523 0.0115673 0.013787 0.0202586 0.0158341 0.01583 0.00922717 0.0118047 0.0110928 0.0137421 0.0104722 0.00894957 0.00813659 0.00823488 0.00854424 0.00839493 0.00834098 0.00809256 0.00820318 0.00868487 0.00926547 0.00978946 0.00956982 0.00882177 0.00840761 
0.00850791 0.00900654 0.0259691 0.010697 0.0120233 0.0134574 0.0342134 0.00486096 0.00319022 0.0032481 0.0032039 0.00320469 0.00319016 0.00324843 0 0.011478 0.00940956 0.00936297 0.0104118 0.0662939 0.0135565 0.00999057 0.00984905 0.00910324 0.0095956 0.0112375 0.00888987 0.00906931 0.00881907 0.00823961 0.00825951 0.00839277 0.00799131 0.00823491 0.00799293 0.00841005 0.00854615 0.00808842 0.00825028 0.00834903 0.00849152 0.00827875 0.00832442 
0.00810546 0.00834603 0.0110536 0.00849322 0.00864095 0.00857744 0.00974644 0.0147575 0.00972843 0.0139355 0.0374723 0.024723 0.0144618 0.0125616 0.011478 0 0.0034198 0.00322607 0.00343209 0.00354467 0.0484834 0.0163915 0.0107843 0.011047 0.0248248 0.0140464 0.0143854 0.00968195 0.0100943 0.00908969 0.0120405 0.00889593 0.00815811 0.00949666 0.00815934 0.0151519 0.00863837 0.00851054 0.0087187 0.00899222 0.00871256 0.00996286 0.0122192 
0.00787665 0.00786327 0.00817216 0.0128869 0.0087602 0.0100871 0.00833954 0.00892345 0.00970163 0.0119268 0.0179756 0.0430357 0.0165872 0.0160998 0.00940956 0.0034198 0 0.00330822 0.00327927 0.00794147 0.0261671 0.039627 0.0142648 0.0206239 0.0108158 0.0102717 0.0163777 0.0179267 0.0108822 0.0143648 0.00851378 0.00818786 0.00904837 0.00842456 0.010455 0.00837377 0.00810276 0.00903525 0.00937771 0.012205 0.0106727 0.0095847 0.00993777 
0.00783086 0.00780513 0.00856323 0.00856833 0.0128385 0.00894542 0.00827345 0.0103726 0.00867338 0.0131907 0.0151833 0.0179294 0.0601799 0.0117203 0.00936297 0.00322607 0.00330822 0 0.00318015 0.00315445 0.0135601 0.0158969 0.0409983 0.012321 0.0099032 0.00932412 0.0156634 0.0163718 0.018607 0.00889889 0.00836114 0.00838569 0.00829115 0.0122684 0.00833243 0.00849581 0.00825936 0.00838281 0.0119499 0.0129717 0.0123163 0.0104274 0.00847845 
0.00786624 0.00785473 0.00847779 0.00922755 0.00881185 0.00938503 0.00836468 0.00931699 0.00895703 0.0098314 0.0113912 0.0132335 0.0120331 0.0540523 0.0104118 0.00343209 0.00327927 0.00318015 0 0.00328885 0.0185122 0.0401169 0.0277301 0.0306319 0.011214 0.011036 0.0142497 0.0154224 0.0120478 0.0114112 0.00863717 0.00840684 0.00872949 0.00880098 0.00866212 0.00835589 0.00827784 0.00877901 0.00926742 0.0110649 0.0103882 0.00987956 0.00889249 
0.00810843 0.00856577 0.0122641 0.00874473 0.0084082 0.00857005 0.00836932 0.011694 0.00933288 0.00921015 0.0116607 0.00910966 0.00985712 0.0115673 0.0662939 0.00354467 0.00794147 0.00315445 0.00328885 0 0.0291373 0.0172285 0.0192831 0.0304041 0.0566179 0.0257983 0.0115178 0.0125653 0.0096845 0.0118493 0.00941552 0.0125788 0.0090425 0.00835809 0.00951169 0.00888357 0.0131896 0.00886071 0.00942666 0.0092201 0.00929144 0.00903447 0.010556 
0.00811649 0.0083811 0.0133097 0.011924 0.0125774 0.0102326 0.0111876 0.0115735 0.0100637 0.0201606 0.0171594 0.0204636 0.0188945 0.013787 0.0135565 0.0484834 0.0261671 0.0135601 0.0185122 0.0291373 0 0.00340427 0.00328325 0.00330804 0.00406846 0.721873 0.0779904 0.0420005 0.0277278 0.0144411 0.0211603 0.0208813 0.0113909 0.0182166 0.0113995 0.0258098 0.0152903 0.0261344 0.028382 0.0327986 0.0276666 0.021431 0.026099 
0.00787895 0.00786271 0.00929034 0.0173829 0.0158573 0.0150183 0.00971972 0.00994314 0.0131827 0.016342 0.0454724 0.041035 0.0333205 0.0202586 0.00999057 0.0163915 0.039627 0.0158969 0.0401169 0.0172285 0.00340427 0 0.00327944 0.00329272 0.00330553 0.120211 0.729064 0.105508 0.0666442 0.0360261 0.012115 0.0110561 0.0279519 0.0117276 0.0350657 0.0107013 0.00998611 0.0309336 0.0460425 0.0967348 0.0910412 0.0380956 0.0151517 
0.00791332 0.00784732 0.00931323 0.0115896 0.0308365 0.0142206 0.00969787 0.0104709 0.00966785 0.0293554 0.0355976 0.0503275 0.0597149 0.0158341 0.00984905 0.0107843 0.0142648 0.0409983 0.0277301 0.0192831 0.00328325 0.00327944 0 0.00323587 0.00320245 0.0684813 0.094476 0.680961 0.142733 0.0300371 0.0126395 0.0112985 0.0102636 0.0532685 0.010821 0.0143207 0.00963426 0.0141404 0.0663552 0.0812339 0.112262 0.0484728 0.0114322 
0.00788362 0.0078943 0.00972849 0.0110967 0.011444 0.0127841 0.00944198 0.0104107 0.0117069 0.0107126 0.0157682 0.0159579 0.0177335 0.01583 0.00910324 0.011047 0.0206239 0.012321 0.0306319 0.0304041 0.00330804 0.00329272 0.00323587 0 0.00335082 0.0378531 0.0755743 0.0964545 0.508954 0.0762502 0.0224806 0.0104427 0.0171257 0.0103296 0.0215521 0.0102452 0.0113137 0.0153865 0.0196205 0.0326509 0.0290847 0.0363954 0.0134255 
0.00798931 0.00807197 0.0119374 0.00874494 0.00861222 0.00880022 0.00912047 0.0191662 0.00874261 0.00876062 0.00941408 0.00970919 0.00980409 0.00922717 0.0095956 0.0248248 0.0108158 0.0099032 0.011214 0.0566179 0.00406846 0.00330553 0.00320245 0.00335082 0 0.0310042 0.0234064 0.0532692 0.0360056 0.405901 0.056926 0.0207208 0.0103753 0.00970333 0.00919035 0.0154278 0.0176525 0.0109922 0.0111151 0.0133163 0.0139604 0.0157875 0.0168511 
0.00803341 0.00834882 0.00868196 0.00866438 0.00885903 0.0100872 0.00960542 0.00855872 0.00896658 0.00913198 0.0102441 0.0103884 0.0101791 0.0118047 0.0112375 0.0140464 0.0102717 0.00932412 0.011036 0.0257983 0.721873 0.120211 0.0684813 0.0378531 0.0310042 0 0.00409029 0.00329647 0.00335476 0.00339205 0.00457906 0.028433 0.023991 0.00969587 0.0342036 0.0254158 0.0299888 0.027783 0.026133 0.0249052 0.0232501 0.0228478 0.0846304 
0.00793767 0.00780476 0.00920197 0.00933781 0.0109919 0.0103275 0.00881775 0.00949557 0.00876566 0.0117139 0.0151412 0.0181469 0.0176747 0.0110928 0.00888987 0.0143854 0.0163777 0.0156634 0.0142497 0.0115178 0.0779904 0.729064 0.094476 0.0755743 0.0234064 0.00409029 0 0.00325546 0.00325865 0.00358206 0.00336989 0.0496614 0.018181 0.034905 0.0149263 0.0280489 0.01661 0.0471179 0.0639982 0.0774665 0.0474465 0.117917 0.0177046 
0.00795351 0.00787831 0.00899851 0.0111718 0.016671 0.0115068 0.00919094 0.00901009 0.0102796 0.0146824 0.0216485 0.0274881 0.0233463 0.0137421 0.00906931 0.00968195 0.0179267 0.0163718 0.0154224 0.0125653 0.0420005 0.105508 0.680961 0.0964545 0.0532692 0.00329647 0.00325546 0 0.00319208 0.00317888 0.00319125 0.0171322 0.0590061 0.0181897 0.0554408 0.0112851 0.0119641 0.0281762 0.0832049 0.0923476 0.240762 0.0308042 0.0206375 
0.00792599 0.00785579 0.0086811 0.00943201 0.012876 0.011147 0.00857076 0.00928282 0.00863413 0.0136405 0.0142437 0.0174028 0.0218408 0.0104722 0.00881907 0.0100943 0.0108822 0.018607 0.0120478 0.0096845 0.0277278 0.0666442 0.142733 0.508954 0.0360056 0.00335476 0.00325865 0.00319208 0 0.00318087 0.0031921 0.0225194 0.0155874 0.111937 0.0116835 0.0197535 0.01048 0.0163054 0.0500441 0.17163 0.0575518 0.0756128 0.0144769 
0.00785182 0.00787582 0.0084923 0.00890001 0.00890396 0.00869176 0.00836742 0.00833276 0.00897564 0.00893511 0.0102521 0.00981484 0.00950131 0.00894957 0.00823961 0.00908969 0.0143648 0.00889889 0.0114112 0.0118493 0.0144411 0.0360261 0.0300371 0.0762502 0.405901 0.00339205 0.00358206 0.00317888 0.00318087 0 0.00334416 0.0136096 0.068507 0.0108631 0.0566008 0.0183818 0.012764 0.0176555 0.0465523 0.0197402 0.0264448 0.0340354 0.0466253 
0.00793783 0.00797464 0.00902922 0.00808609 0.00836433 0.00829309 0.0081148 0.00973251 0.00805072 0.00826821 0.00872792 0.00858083 0.00870758 0.00813659 0.00825951 0.0120405 0.00851378 0.00836114 0.00863717 0.00941552 0.0211603 0.012115 0.0126395 0.0224806 0.056926 0.00457906 0.00336989 0.00319125 0.0031921 0.00334416 0 0.0325593 0.00964047 0.0119118 0.0147576 0.0315003 0.0161734 0.0221427 0.0100203 0.0122535 0.0116618 0.0655509 0.0231821 
0.00824647 0.0082237 0.00841869 0.00796694 0.00814761 0.00812657 0.00805884 0.00861965 0.0079473 0.00852838 0.00818026 0.00856205 0.00830771 0.00823488 0.00839277 0.00889593 0.00818786 0.00838569 0.00840684 0.0125788 0.0208813 0.0110561 0.0112985 0.0104427 0.0207208 0.028433 0.0496614 0.0171322 0.0225194 0.0136096 0.0325593 0 0.00323298 0.00338911 0.00331939 0.00531081 0.00483741 0.00452751 0.00612397 0.0147908 0.69263 0.0203512 0.0212927 
0.00794003 0.00795337 0.00804917 0.00835977 0.00823025 0.00834453 0.00800814 0.00840245 0.00832628 0.00825767 0.00843258 0.00853791 0.00838915 0.00854424 0.00799131 0.00815811 0.00904837 0.00829115 0.00872949 0.0090425 0.0113909 0.0279519 0.0102636 0.0171257 0.0103753 0.023991 0.018181 0.0590061 0.0155874 0.068507 0.00964047 0.00323298 0 0.00315171 0.00364364 0.00321842 0.00610505 0.0067467 0.00997482 0.868035 0.0133894 0.0123439 0.00737789 
0.00816024 0.00804314 0.00899505 0.00827782 0.00913934 0.00912541 0.00800331 0.00962764 0.00823674 0.0102484 0.00912425 0.00924214 0.00969187 0.00839493 0.00823491 0.00949666 0.00842456 0.0122684 0.00880098 0.00835809 0.0182166 0.0117276 0.0532685 0.0103296 0.00970333 0.00969587 0.034905 0.0181897 0.111937 0.0108631 0.0119118 0.00338911 0.00315171 0 0.00316784 0.00353395 0.00397987 0.00483053 0.904213 0.00781854 0.0134896 0.00708841 0.00436483 
0.00789642 0.00805494 0.00813161 0.00859684 0.00823564 0.00818988 0.00800365 0.00829734 0.0088086 0.00829034 0.0087019 0.00868286 0.00876721 0.00834098 0.00799293 0.00815934 0.010455 0.00833243 0.00866212 0.00951169 0.0113995 0.0350657 0.010821 0.0215521 0.00919035 0.0342036 0.0149263 0.0554408 0.0116835 0.0566008 0.0147576 0.00331939 0.00364364 0.00316784 0 0.00321291 0.00576285 0.948025 0.00624462 0.00745522 0.00637298 0.00552004 0.00606916 
0.00820158 0.00824774 0.0101021 0.00818841 0.0085053 0.00807969 0.00809988 0.0107706 0.00803507 0.00828906 0.0082463 0.00846988 0.0086625 0.00809256 0.00841005 0.0151519 0.00837377 0.00849581 0.00835589 0.00888357 0.0258098 0.0107013 0.0143207 0.0102452 0.0154278 0.0254158 0.0280489 0.0112851 0.0197535 0.0183818 0.0315003 0.00531081 0.00321842 0.00353395 0.00321291 0 0.933794 0.00361942 0.00385949 0.00407114 0.00429699 0.00536089 0.00408297 
0.00805415 0.00829722 0.00819849 0.00799184 0.00805266 0.00814304 0.00806205 0.008075 0.00798401 0.00810837 0.00809247 0.00820707 0.00816488 0.00820318 0.00854615 0.00863837 0.00810276 0.00825936 0.00827784 0.0131896 0.0152903 0.00998611 0.00963426 0.0113137 0.0176525 0.0299888 0.01661 0.0119641 0.01048 0.012764 0.0161734 0.00483741 0.00610505 0.00397987 0.00576285 0.933794 0 0.00328301 0.00326315 0.00326334 0.00324846 0.0034913 0.00662413 
0.00795906 0.00789026 0.00808277 0.00857241 0.00850306 0.00849829 0.00811677 0.00820153 0.00824007 0.00875706 0.00883873 0.00964633 0.00910885 0.00868487 0.00808842 0.00851054 0.00903525 0.00838281 0.00877901 0.00886071 0.0261344 0.0309336 0.0141404 0.0153865 0.0109922 0.027783 0.0471179 0.0281762 0.0163054 0.0176555 0.0221427 0.00452751 0.0067467 0.00483053 0.948025 0.00361942 0.00328301 0 0.00319363 0.00322341 0.00318366 0.00324451 0.00348123 
0.00796259 0.00788492 0.00849919 0.00866504 0.0108281 0.00922883 0.00823525 0.0082535 0.00848318 0.00965947 0.0105938 0.0116893 0.0113606 0.00926547 0.00825028 0.0087187 0.00937771 0.0119499 0.00926742 0.00942666 0.028382 0.0460425 0.0663552 0.0196205 0.0111151 0.026133 0.0639982 0.0832049 0.0500441 0.0465523 0.0100203 0.00612397 0.00997482 0.904213 0.00624462 0.00385949 0.00326315 0.00319363 0 0.0031988 0.00319217 0.00318739 0.00320159 
0.00795848 0.00790017 0.00850728 0.00940749 0.0107103 0.0093825 0.00848328 0.00855621 0.00875384 0.0104843 0.0118967 0.0149489 0.0136927 0.00978946 0.00834903 0.00899222 0.012205 0.0129717 0.0110649 0.0092201 0.0327986 0.0967348 0.0812339 0.0326509 0.0133163 0.0249052 0.0774665 0.0923476 0.17163 0.0197402 0.0122535 0.0147908 0.868035 0.00781854 0.00745522 0.00407114 0.00326334 0.00322341 0.0031988 0 0.00328781 0.00319573 0.00321994 
0.00801168 0.00788295 0.00852227 0.00928792 0.0112695 0.00942893 0.0096124 0.00829376 0.00863063 0.0117698 0.0112324 0.0130588 0.0127249 0.00956982 0.00849152 0.00871256 0.0106727 0.0123163 0.0103882 0.00929144 0.0276666 0.0910412 0.112262 0.0290847 0.0139604 0.0232501 0.0474465 0.240762 0.0575518 0.0264448 0.0116618 0.69263 0.0133894 0.0134896 0.00637298 0.00429699 0.00324846 0.00318366 0.00319217 0.00328781 0 0.00317401 0.00320204 
0.00798071 0.00788008 0.00859792 0.00870657 0.00935068 0.00886824 0.00820599 0.00939786 0.00858032 0.00936512 0.00982028 0.00992613 0.0102775 0.00882177 0.00827875 0.00996286 0.0095847 0.0104274 0.00987956 0.00903447 0.021431 0.0380956 0.0484728 0.0363954 0.0157875 0.0228478 0.117917 0.0308042 0.0756128 0.0340354 0.0655509 0.0203512 0.0123439 0.00708841 0.00552004 0.00536089 0.0034913 0.00324451 0.00318739 0.00319573 0.00317401 0 0.00316647 
0.00813799 0.00861908 0.00931447 0.00871659 0.00856436 0.00809824 0.00823726 0.00913678 0.00909527 0.00833312 0.00856783 0.00878171 0.00851667 0.00840761 0.00832442 0.0122192 0.00993777 0.00847845 0.00889249 0.010556 0.026099 0.0151517 0.0114322 0.0134255 0.0168511 0.0846304 0.0177046 0.0206375 0.0144769 0.0466253 0.0231821 0.0212927 0.00737789 0.00436483 0.00606916 0.00408297 0.00662413 0.00348123 0.00320159 0.00321994 0.00320204 0.00316647 0 
