1OASA
SKIYEDNSLTIGHTPLVRLNRIGNGRILAKVESRNPSFSVKCRIGANMIWDAEKRGVLKPGVELVEPTNGNTGIALAYVAAARGYKLTLTMPETMSIERRKLLKALGANLVLTEGAKGMKGAIQKAEEIVASDPQKYLLLQQFSNPANPEIHEKTTGPEIWEDTDGQVDVFISGVGTGGTLTGVTRYIKGTKGKTDLITVAVEPTDSPVIAQALAGEEIKPGPHKIQGIGAGFIPGNLDLKLIDKVVGITNEEAISTARRLMEEEGILAGISSGAAVAAALKLQEDESFTNKNIVVILPSSGERYLSTALFADLF
CCCECCHHHHCCCCCEEECCCCCCCCEEEEECCCCCCCECHHHHHHHHHHHHHHCCCCCCCCEEEEECCCHHHHHHHHHHHHHCCCEEEEEECCCCHHHHHHHHHCCCEEEEECHHHHHHHHHHHHHHHHHCCCCCEEECCCCCCCHHHHHHHHCHHHHHHHHCCCCCCEEEEECCCCHHHHHHHHHHHCCCCCCCCEEEEEEECCCCHHHHHHHCCCCCCCCCCCCCCCCCCCCCCCCHHHCCEEEEECHHHHHHHHHHHHHHHCCCCCHHHHHHHHHHHHHCCCHHHCCCCEEEEECECHHHHCCCHHHCCCC
0 0 0 0 0 0 0 0 0 0 0 0 0 0 0 0 0 0 0 0 0 0 0 0 0 0 0 0 0 0 0 0 0 0 0 0 0 0 0 0 0 0 0 0 0 0 0 0 0 0 0 0 0 0 0 0 0 0 0 0 0 0 0 0 0 0 0 0 0 0 0 0 0 0 0 0 0 0 0 0 0 0 0 0 0 0 0 0 0 0 0 0 0 0 0 0 0 0 0 0 0 0 0 0 0 0 0 0 0 0 0 0 0 0 0 0 0 0 0 0 0 0 0 0 0 0 0 0 0 0 0 0 0 0 0 0 0 0 0 0 0 0 0 0 0 0 0 0 0 0 0 0 0 0 0 0 0 0 0 0 0 0 0 0 0 0 0 0 0 0 0 0 0 0 0 0 0 0 0 0 0 0 0 0 0 0 0 0 0 0 0 0 0 0 0 0 0 0 0 0 0 0 0 0 0 0 0 0 0 0 0 0 0 0 0 0 0 0 0 0 0 0 0 0 0 0 0 0 0 0 0 0 0 0 0 0 0 0 0 0 0 0 0 0 0 0 0 0 0 0 0 0 0 0 0 0 0 0 0 0 0 0 0 0 0 0 0 0 0 0 0 0 0 0 0 0 0 0 0 0 0 0 0 0 0 0 0 0 0 0 0 0 0 0 0 0 0 0 0 0 0 0 0 0 0 0 0 0 0 0 0 0 0 0 0 
0 0 0 0 0 0 0 0 0 0 0 0 0 0 0 0 0 0 0 0 0 0 0 0 0 0 0 0 0 0 0 0 0 0 0 0 0 0 0 0 0 0 0 0 0 0 0 0 0 0 0 0 0 0 0 0 0 0 0 0 0 0 0 0 0 0 0 0 0 0 0 0 0 0 0 0 0 0 0 0 0 0 0 0 0 0 0 0 0 0 0 0 0 0 0 0 0 0 0 0 0 0 0 0 0 0 0 0 0 0 0 0 0 0 0 0 0 0 0 0 0 0 0 0 0 0 0 0 0 0 0 0 0 0 0 0 0 0 0 0 0 0 0 0 0 0 0 0 0 0 0 0 0 0 0 0 0 0 0 0 0 0 0 0 0 0 0 0 0 0 0 0 0 0 0 0 0 0 0 0 0 0 0 0 0 0 0 0 0 0 0 0 0 0 0 0 0 0 0 0 0 0 0 0 0 0 0 0 0 0 0 0 0 0 0 0 0 0 0 0 0 0 0 0 0 0 0 0 0 0 0 0 0 0 0 0 0 0 0 0 0 0 0 0 0 0 0 0 0 0 0 0 0 0 0 0 0 0 0 0 0 0 0 0 0 0 0 0 0 0 0 0 0 0 0 0 0 0 0 0 0 0 0 0 0 0 0 0 0 0 0 0 0 0 0 0 0 0 0 0 0 0 0 0 0 0 0 0 0 0 0 0 0 0 0 
0 0.0188942 0.0137701 0.0286795 0.0194899 0.0113125 0.00987538 0.0110101 0.0439578 0.0733051 0.0134321 0.00914188 0.0083543 0.0084412 0.0120976 0.0127992 0.00857646 0.00819606 0.00808864 0.00825941 0.00980358 0.00978443 0.00861415 0.00787919 0.00814918 0.0100582 0.00895938 0.0080014 0.0085086 0.00860092 0.00798426 0.0079367 0.0078816 0.00816637 0.00880946 0.00798528 0.00794505 0.00795203 0.00794355 0.00791018 0.00832351 0.00886966 0.00829834 0.00825958 0.00815428 0.00976997 0.00987367 0.00854112 0.00845945 0.00841601 0.00859514 0.0103833 
0.0188942 0 0.00323629 0.00378036 0.0129526 0.0149753 0.0336686 0.587309 0.0384975 0.0282863 0.0355177 0.0177821 0.0150205 0.0130665 0.0205236 0.0152493 0.0195831 0.0121915 0.0148252 0.00959456 0.0133745 0.0106958 0.00902265 0.00893198 0.00919012 0.0138034 0.0091398 0.0085693 0.0112921 0.00906328 0.00902179 0.00854998 0.00861623 0.00944308 0.00891238 0.00843576 0.008608 0.0085176 0.00832446 0.00807319 0.00847248 0.00802739 0.0082278 0.00826269 0.00827819 0.00878304 0.00860281 0.00863128 0.0087454 0.00871429 0.00851081 0.00882763 
0.0137701 0.00323629 0 0.00349408 0.0410292 0.0254502 0.501121 0.0432117 0.0135069 0.0133321 0.0116855 0.0344204 0.0138315 0.0155911 0.0108622 0.0158148 0.0122575 0.0184431 0.0099506 0.0130692 0.00896271 0.0081374 0.0128174 0.00843312 0.0105763 0.00879872 0.00832071 0.0100978 0.00840872 0.00901156 0.00899523 0.00882531 0.008722 0.0085784 0.00823214 0.00863091 0.00854427 0.0085952 0.00844081 0.00818044 0.00805807 0.00811239 0.00821455 0.00834804 0.0082426 0.00839462 0.00858688 0.00884296 0.00919486 0.00891519 0.00844362 0.00823381 
0.0286795 0.00378036 0.00349408 0 0.0584356 0.416426 0.018277 0.0210794 0.0171438 0.0278502 0.0351925 0.01249 0.0111085 0.0145242 0.0111148 0.0143672 0.0190389 0.009396 0.0155462 0.00860152 0.00880795 0.0192181 0.00868926 0.00978248 0.0083043 0.00883696 0.0111627 0.00877602 0.0087119 0.00999275 0.00937525 0.00849359 0.00823981 0.00827086 0.0100162 0.00854983 0.0084447 0.00847422 0.00818624 0.00811255 0.00795532 0.00839076 0.00852833 0.00820696 0.00829222 0.00810831 0.00912634 0.0087627 0.00867235 0.00845894 0.00827327 0.0085688 
0.0194899 0.0129526 0.0410292 0.0584356 0 0.00326956 0.00322082 0.00329888 0.00494675 0.0153703 0.136602 0.0200577 0.0145835 0.0104691 0.0413021 0.0589083 0.013258 0.0142713 0.0101606 0.0101789 0.0170229 0.0103932 0.0118201 0.00853732 0.00984706 0.0153825 0.00978213 0.00866631 0.0107533 0.00984482 0.0087128 0.00872859 0.00869175 0.00890688 0.00917714 0.00835888 0.00856109 0.00841067 0.00850438 0.00808304 0.0087285 0.00832138 0.00816936 0.00828593 0.00827409 0.00925103 0.00873503 0.00857158 0.00880115 0.00877633 0.00857957 0.00884705 
0.0113125 0.0149753 0.0254502 0.416426 0.00326956 0 0.00318635 0.00328391 0.00319731 0.0131982 0.0506386 0.123807 0.021288 0.0410823 0.0107892 0.0138335 0.055826 0.0252392 0.02863 0.0123274 0.00931581 0.010197 0.00993425 0.0109407 0.0104798 0.00879708 0.00875781 0.0097441 0.00910784 0.0095833 0.0121218 0.00941662 0.00947456 0.00855709 0.0085371 0.00940751 0.00866674 0.00935502 0.00868804 0.00843601 0.00806086 0.00833947 0.00822829 0.00831811 0.00842926 0.00822774 0.00843408 0.00879868 0.00915102 0.00897199 0.00838505 0.0082813 
0.00987538 0.0336686 0.501121 0.018277 0.00322082 0.00318635 0 0.00316597 0.00318753 0.00598441 0.0325546 0.0632845 0.17533 0.0160995 0.0171445 0.0175264 0.0266868 0.113158 0.0437504 0.0131881 0.00935738 0.0089841 0.0151838 0.0146462 0.0130527 0.00932591 0.00905467 0.010047 0.0095713 0.0108052 0.0121224 0.0146634 0.0102052 0.00912938 0.00917456 0.00956849 0.0116542 0.0105428 0.0101362 0.0084048 0.00808057 0.00834278 0.00846021 0.00880333 0.0083742 0.00830797 0.00855723 0.00909606 0.00994727 0.00931455 0.00875028 0.0084538 
0.0110101 0.587309 0.0432117 0.0210794 0.00329888 0.00328391 0.00316597 0 0.00316105 0.0169881 0.0311995 0.0543639 0.0410286 0.144895 0.0116958 0.0120935 0.0373663 0.0264101 0.0362728 0.0168048 0.00909997 0.0117224 0.00953208 0.0106652 0.0135866 0.0086101 0.00923014 0.0104877 0.0094847 0.00984479 0.0113391 0.00998274 0.00929209 0.00868901 0.0088794 0.00934188 0.00944646 0.00966148 0.00872966 0.0083418 0.00800934 0.0081994 0.0083207 0.00853833 0.00830968 0.00806941 0.0084886 0.00897904 0.00964463 0.00890906 0.00839911 0.00814958 
0.0439578 0.0384975 0.0135069 0.0171438 0.00494675 0.00319731 0.00318753 0.00316105 0 0.0228967 0.0249018 0.0202153 0.0426992 0.0285345 0.0829597 0.0316412 0.0105798 0.0175002 0.0107388 0.0102369 0.011206 0.010114 0.0113842 0.00855658 0.00924735 0.0124728 0.00984611 0.00912367 0.00932499 0.0111618 0.00918845 0.00916853 0.00858191 0.00899951 0.00947867 0.00857581 0.00846515 0.0083694 0.00831032 0.00800894 0.00814453 0.00831277 0.0081555 0.0083371 0.00801112 0.00861063 0.00876946 0.00865251 0.00877351 0.00846853 0.00852323 0.00869932 
0.0733051 0.0282863 0.0133321 0.0278502 0.0153703 0.0131982 0.00598441 0.0169881 0.0228967 0 0.0379363 0.0155717 0.0132467 0.0222093 0.0375229 0.0221042 0.013543 0.00919802 0.0102355 0.00989695 0.0129784 0.0220062 0.0087619 0.00871365 0.00902799 0.0141296 0.0131217 0.00901649 0.0109413 0.0105257 0.0086315 0.00832362 0.00854068 0.00936817 0.0113711 0.00847142 0.00816963 0.008221 0.00842787 0.008157 0.0104051 0.00889078 0.00818296 0.00812018 0.00840646 0.00901364 0.0098508 0.00875962 0.00901656 0.00860623 0.00857767 0.0139587 
0.0134321 0.0355177 0.0116855 0.0351925 0.136602 0.0506386 0.0325546 0.0311995 0.0249018 0.0379363 0 0.00340199 0.00322603 0.00349135 0.00420678 0.124873 0.0647479 0.0127918 0.0203767 0.0122705 0.0261856 0.0441679 0.0101112 0.0106626 0.0115268 0.0176519 0.0146516 0.00999222 0.0161853 0.0121591 0.0102816 0.00940923 0.00960329 0.010832 0.00974629 0.00877277 0.00908725 0.00917154 0.00897647 0.00870059 0.00903679 0.00836651 0.00825335 0.00823948 0.00890781 0.00872376 0.00873216 0.00847764 0.00884228 0.00876621 0.00848985 0.00875911 
0.00914188 0.0177821 0.0344204 0.01249 0.0200577 0.123807 0.0632845 0.0543639 0.0202153 0.0155717 0.00340199 0 0.00322838 0.00319376 0.00324895 0.290482 0.0828359 0.101144 0.0180628 0.030743 0.0102983 0.00970111 0.0360407 0.0115994 0.0191353 0.010829 0.010001 0.0151918 0.0102926 0.0136211 0.0180722 0.0151645 0.01247 0.0098496 0.00893147 0.0105681 0.0107421 0.0121609 0.0101279 0.00885202 0.00837698 0.00833093 0.00823483 0.00866776 0.00858061 0.0083341 0.00868169 0.00886784 0.00967871 0.00925823 0.00851648 0.0082076 
0.0083543 0.0150205 0.0138315 0.0111085 0.0145835 0.021288 0.17533 0.0410286 0.0426992 0.0132467 0.00322603 0.00322838 0 0.0031692 0.00317286 0.0287665 0.248261 0.0843136 0.138656 0.0122805 0.0117917 0.00943228 0.0146252 0.0308447 0.0112382 0.0104573 0.00994078 0.0107405 0.0114697 0.0139101 0.0163427 0.0298832 0.0124989 0.00958535 0.00926546 0.0104303 0.0137337 0.0126807 0.0118816 0.0085958 0.00817042 0.00820806 0.00853949 0.00892279 0.00844282 0.00824636 0.00866913 0.00895182 0.0100109 0.00914868 0.00857153 0.00835864 
0.0084412 0.0130665 0.0155911 0.0145242 0.0104691 0.0410823 0.0160995 0.144895 0.0285345 0.0222093 0.00349135 0.00319376 0.0031692 0 0.00320557 0.0183751 0.055675 0.223401 0.0418523 0.0680615 0.00917409 0.014548 0.00992572 0.0125238 0.0181721 0.00918957 0.00981699 0.0135498 0.0104627 0.00948169 0.0137347 0.0105124 0.0135124 0.00893232 0.00893317 0.0102615 0.00938319 0.0103389 0.00890646 0.0086552 0.00807878 0.00803482 0.00850707 0.00821214 0.00850873 0.00799359 0.00826391 0.00887646 0.00917581 0.00876507 0.00825152 0.00802756 
0.0120976 0.0205236 0.0108622 0.0111148 0.0413021 0.0107892 0.0171445 0.0116958 0.0829597 0.0375229 0.00420678 0.00324895 0.00317286 0.00320557 0 0.0315271 0.0193048 0.027343 0.0827123 0.0185321 0.039283 0.0122427 0.0132277 0.00919543 0.00919249 0.0187096 0.0133525 0.00984256 0.0109104 0.0142997 0.00926021 0.00936359 0.00893763 0.0105191 0.0112665 0.00854373 0.00874861 0.00857787 0.00868323 0.00810009 0.00808937 0.00822469 0.00795955 0.0081067 0.00796896 0.00830633 0.00847443 0.00827763 0.00840608 0.00820452 0.00827522 0.00861817 
0.0127992 0.0152493 0.0158148 0.0143672 0.0589083 0.0138335 0.0175264 0.0120935 0.0316412 0.0221042 0.124873 0.290482 0.0287665 0.0183751 0.0315271 0 0.00322238 0.0032318 0.0032222 0.00328986 0.00419965 0.104655 0.0423379 0.00995065 0.0165887 0.0341991 0.0317852 0.0145001 0.0193519 0.0343863 0.0136516 0.0118412 0.0109747 0.0132296 0.0135254 0.012874 0.0108079 0.0102547 0.0112115 0.0084134 0.0109346 0.00900886 0.00829497 0.00903076 0.00827248 0.0103016 0.00896328 0.00861089 0.00903029 0.00884646 0.00858461 0.00871921 
0.00857646 0.0195831 0.0122575 0.0190389 0.013258 0.055826 0.0266868 0.0373663 0.0105798 0.013543 0.0647479 0.0828359 0.248261 0.055675 0.0193048 0.00322238 0 0.00319345 0.00320025 0.00330168 0.00332462 0.421587 0.0258215 0.0536418 0.0189921 0.012112 0.0163729 0.0262971 0.0136701 0.0243503 0.0611992 0.0156524 0.0194457 0.0104474 0.0114216 0.0173053 0.0131361 0.0261541 0.0114413 0.0111102 0.00848913 0.00829592 0.00862344 0.0085038 0.0100171 0.00825369 0.00876467 0.00891021 0.00953147 0.00905919 0.00846247 0.00824536 
0.00819606 0.0121915 0.0184431 0.009396 0.0142713 0.0252392 0.113158 0.0264101 0.0175002 0.00919802 0.0127918 0.101144 0.0843136 0.223401 0.027343 0.0032318 0.00319345 0 0.00321613 0.00316669 0.00317806 0.0103099 0.424837 0.0289362 0.0420644 0.0171269 0.0111252 0.0192543 0.0122656 0.0221602 0.0287589 0.0893724 0.0186717 0.0119153 0.0109965 0.0145742 0.0333329 0.0248143 0.0384495 0.00915505 0.00857391 0.00836732 0.00852764 0.00980862 0.00888323 0.0084133 0.0112689 0.00915371 0.0108587 0.00975372 0.00858767 0.00857712 
0.00808864 0.0148252 0.0099506 0.0155462 0.0101606 0.02863 0.0437504 0.0362728 0.0107388 0.0102355 0.0203767 0.0180628 0.138656 0.0418523 0.0827123 0.0032222 0.00320025 0.00321613 0 0.00318032 0.00316024 0.0378185 0.0113754 0.492837 0.0256852 0.0152966 0.012821 0.0116651 0.0184339 0.0140186 0.0321175 0.0435334 0.0249556 0.011314 0.0106247 0.0146469 0.0203007 0.0322081 0.015992 0.0102698 0.00828115 0.00823938 0.00927281 0.00909407 0.0088997 0.00824383 0.00927249 0.00915209 0.0101529 0.00902905 0.00874768 0.00827876 
0.00825941 0.00959456 0.0130692 0.00860152 0.0101789 0.0123274 0.0131881 0.0168048 0.0102369 0.00989695 0.0122705 0.030743 0.0122805 0.0680615 0.0185321 0.00328986 0.00330168 0.00316669 0.00318032 0 0.00324173 0.0160351 0.0500076 0.0131927 0.332272 0.0112374 0.010141 0.0214293 0.00977885 0.0102501 0.0128214 0.0122065 0.0130345 0.00949943 0.00936794 0.00959912 0.00941833 0.0101919 0.00922398 0.00832391 0.0081083 0.00803381 0.00812268 0.00817964 0.00825601 0.00799117 0.00831563 0.00838781 0.00855933 0.00849141 0.00813269 0.0080403 
0.00980358 0.0133745 0.00896271 0.00880795 0.0170229 0.00931581 0.00935738 0.00909997 0.011206 0.0129784 0.0261856 0.0102983 0.0117917 0.00917409 0.039283 0.00419965 0.00332462 0.00317806 0.00316024 0.00324173 0 0.0174207 0.0135355 0.0103837 0.0124614 0.249144 0.0148894 0.0103867 0.0120812 0.0139897 0.009665 0.00909964 0.00889029 0.0100705 0.0110497 0.00857773 0.00856668 0.00843848 0.00841409 0.00816418 0.00822892 0.00812686 0.00797878 0.00799625 0.00796315 0.0085041 0.00840177 0.00806225 0.00816174 0.00806715 0.0080274 0.00847984 
0.00978443 0.0106958 0.0081374 0.0192181 0.0103932 0.010197 0.0089841 0.0117224 0.010114 0.0220062 0.0441679 0.00970111 0.00943228 0.014548 0.0122427 0.104655 0.421587 0.0103099 0.0378185 0.0160351 0.0174207 0 0.0033326 0.00370942 0.00345531 0.00406904 0.0589189 0.0114534 0.0268292 0.0166447 0.0117119 0.00924324 0.0112052 0.0115027 0.0127133 0.0111266 0.00871708 0.0096176 0.00835837 0.0101815 0.00937331 0.00881168 0.00839265 0.00797542 0.00959886 0.00844352 0.00914542 0.0082824 0.00863887 0.00842908 0.00818779 0.0087775 
0.00861415 0.00902265 0.0128174 0.00868926 0.0118201 0.00993425 0.0151838 0.00953208 0.0113842 0.0087619 0.0101112 0.0360407 0.0146252 0.00992572 0.0132277 0.0423379 0.0258215 0.424837 0.0113754 0.0500076 0.0135355 0.0033326 0 0.00321282 0.00325374 0.00352895 0.0278193 0.0308413 0.0102425 0.0177582 0.0190249 0.020144 0.0111862 0.0103251 0.0101767 0.0112049 0.0147029 0.011815 0.0134223 0.00846623 0.00935994 0.00807668 0.00831313 0.00917583 0.00839212 0.0106926 0.00853379 0.0087521 0.00888494 0.00868745 0.0082162 0.00801758 
0.00787919 0.00893198 0.00843312 0.00978248 0.00853732 0.0109407 0.0146462 0.0106652 0.00855658 0.00871365 0.0106626 0.0115994 0.0308447 0.0125238 0.00919543 0.00995065 0.0536418 0.0289362 0.492837 0.0131927 0.0103837 0.00370942 0.00321282 0 0.00318 0.0031626 0.0302946 0.0138725 0.0143365 0.0105873 0.0214588 0.0217577 0.0132249 0.00899031 0.00886347 0.0108492 0.0158597 0.0209169 0.0118299 0.00885116 0.00818156 0.00810328 0.00817794 0.00838954 0.00885638 0.00811382 0.00847087 0.00859219 0.0101124 0.008709 0.00829186 0.00799379 
0.00814918 0.00919012 0.0105763 0.0083043 0.00984706 0.0104798 0.0130527 0.0135866 0.00924735 0.00902799 0.0115268 0.0191353 0.0112382 0.0181721 0.00919249 0.0165887 0.0189921 0.0420644 0.0256852 0.332272 0.0124614 0.00345531 0.00325374 0.00318 0 0.00318229 0.013962 0.0902627 0.0140136 0.0134308 0.0165931 0.0171615 0.0174583 0.0107205 0.0102936 0.0112915 0.0110866 0.0131268 0.0104925 0.00870079 0.00829985 0.00803424 0.00848093 0.00833206 0.00832023 0.00821622 0.00835296 0.00861335 0.00893575 0.00858008 0.00811205 0.00797873 
0.0100582 0.0138034 0.00879872 0.00883696 0.0153825 0.00879708 0.00932591 0.0086101 0.0124728 0.0141296 0.0176519 0.010829 0.0104573 0.00918957 0.0187096 0.0341991 0.012112 0.0171269 0.0152966 0.0112374 0.249144 0.00406904 0.00352895 0.0031626 0.00318229 0 0.0153591 0.0118701 0.119138 0.023187 0.0113966 0.00940092 0.0100016 0.0143455 0.0154242 0.00935077 0.00929748 0.00886871 0.00883334 0.00807746 0.00897852 0.00869564 0.00802562 0.0081663 0.00799552 0.00929207 0.00894386 0.00819572 0.00826048 0.00818466 0.00819957 0.00906763 
0.00895938 0.0091398 0.00832071 0.0111627 0.00978213 0.00875781 0.00905467 0.00923014 0.00984611 0.0131217 0.0146516 0.010001 0.00994078 0.00981699 0.0133525 0.0317852 0.0163729 0.0111252 0.012821 0.010141 0.0148894 0.0589189 0.0278193 0.0302946 0.013962 0.0153591 0 0.00328687 0.00347021 0.21155 0.0342011 0.0176667 0.0138043 0.0193859 0.0191588 0.012364 0.0123117 0.0108212 0.010327 0.00978763 0.0145276 0.00922431 0.00827976 0.00828939 0.00901977 0.0106282 0.00904129 0.00856414 0.00892913 0.00885373 0.00841212 0.00920688 
0.0080014 0.0085693 0.0100978 0.00877602 0.00866631 0.0097441 0.010047 0.0104877 0.00912367 0.00901649 0.00999222 0.0151918 0.0107405 0.0135498 0.00984256 0.0145001 0.0262971 0.0192543 0.0116651 0.0214293 0.0103867 0.0114534 0.0308413 0.0138725 0.0902627 0.0118701 0.00328687 0 0.00398823 0.0411843 0.158716 0.0395176 0.0760124 0.0145268 0.0128051 0.0264332 0.0148782 0.0165371 0.0119452 0.0119602 0.0093024 0.00833718 0.00860024 0.00868644 0.00948707 0.00861858 0.00853522 0.00919619 0.00988156 0.00933158 0.00832269 0.00804804 
0.0085086 0.0112921 0.00840872 0.0087119 0.0107533 0.00910784 0.0095713 0.0094847 0.00932499 0.0109413 0.0161853 0.0102926 0.0114697 0.0104627 0.0109104 0.0193519 0.0136701 0.0122656 0.0184339 0.00977885 0.0120812 0.0268292 0.0102425 0.0143365 0.0140136 0.119138 0.00347021 0.00398823 0 0.0231074 0.0227476 0.0804028 0.0569534 0.150279 0.0245509 0.0141138 0.0128513 0.0154609 0.0125244 0.0101125 0.00926526 0.00936215 0.00835098 0.00852178 0.00867844 0.0088519 0.00959168 0.00911239 0.00947975 0.00872618 0.00858131 0.00852167 
0.00860092 0.00906328 0.00901156 0.00999275 0.00984482 0.0095833 0.0108052 0.00984479 0.0111618 0.0105257 0.0121591 0.0136211 0.0139101 0.00948169 0.0142997 0.0343863 0.0243503 0.0221602 0.0140186 0.0102501 0.0139897 0.0166447 0.0177582 0.0105873 0.0134308 0.023187 0.21155 0.0411843 0.0231074 0 0.00328153 0.00324515 0.00333861 0.003771 0.737553 0.0402287 0.0853706 0.0188785 0.028292 0.0103604 0.0294065 0.019178 0.0111227 0.0150367 0.0103011 0.0231109 0.0162207 0.0149477 0.016482 0.0136198 0.010926 0.00971656 
0.00798426 0.00902179 0.00899523 0.00937525 0.0087128 0.0121218 0.0121224 0.0113391 0.00918845 0.0086315 0.0102816 0.0180722 0.0163427 0.0137347 0.00926021 0.0136516 0.0611992 0.0287589 0.0321175 0.0128214 0.009665 0.0117119 0.0190249 0.0214588 0.0165931 0.0113966 0.0342011 0.158716 0.0227476 0.00328153 0 0.00323268 0.00322312 0.00325012 0.102175 0.750421 0.0397514 0.199508 0.0192732 0.0424878 0.0109769 0.0112286 0.0215887 0.0133695 0.0216004 0.0100676 0.0108146 0.0219605 0.034281 0.0195099 0.00969328 0.00843032 
0.0079367 0.00854998 0.00882531 0.00849359 0.00872859 0.00941662 0.0146634 0.00998274 0.00916853 0.00832362 0.00940923 0.0151645 0.0298832 0.0105124 0.00936359 0.0118412 0.0156524 0.0893724 0.0435334 0.0122065 0.00909964 0.00924324 0.020144 0.0217577 0.0171615 0.00940092 0.0176667 0.0395176 0.0804028 0.00324515 0.00323268 0 0.0031696 0.00319203 0.0487376 0.0446466 0.691866 0.0496289 0.307087 0.0109809 0.0130962 0.00974962 0.0114021 0.0352533 0.0114869 0.0110928 0.00990892 0.0153582 0.0330313 0.0185911 0.011502 0.00834478 
0.0078816 0.00861623 0.008722 0.00823981 0.00869175 0.00947456 0.0102052 0.00929209 0.00858191 0.00854068 0.00960329 0.01247 0.0124989 0.0135124 0.00893763 0.0109747 0.0194457 0.0186717 0.0249556 0.0130345 0.00889029 0.0112052 0.0111862 0.0132249 0.0174583 0.0100016 0.0138043 0.0760124 0.0569534 0.00333861 0.00322312 0.0031696 0 0.00318507 0.026931 0.0794846 0.0361871 0.557884 0.0284351 0.133604 0.00994095 0.00972158 0.0129012 0.0111352 0.0202403 0.00983527 0.0106807 0.0135198 0.0180934 0.0171747 0.00938337 0.00858726 
0.00816637 0.00944308 0.0085784 0.00827086 0.00890688 0.00855709 0.00912938 0.00868901 0.00899951 0.00936817 0.010832 0.0098496 0.00958535 0.00893232 0.0105191 0.0132296 0.0104474 0.0119153 0.011314 0.00949943 0.0100705 0.0115027 0.0103251 0.00899031 0.0107205 0.0143455 0.0193859 0.0145268 0.150279 0.003771 0.00325012 0.00319203 0.00318507 0 0.0300135 0.0203133 0.0642169 0.0243222 0.386628 0.0239899 0.106946 0.0108639 0.0088192 0.00947365 0.0103095 0.0141161 0.0110464 0.0107983 0.0115188 0.0113814 0.0100788 0.00986181 
0.00880946 0.00891238 0.00823214 0.0100162 0.00917714 0.0085371 0.00917456 0.0088794 0.00947867 0.0113711 0.00974629 0.00893147 0.00926546 0.00893317 0.0112665 0.0135254 0.0114216 0.0109965 0.0106247 0.00936794 0.0110497 0.0127133 0.0101767 0.00886347 0.0102936 0.0154242 0.0191588 0.0128051 0.0245509 0.737553 0.102175 0.0487376 0.026931 0.0300135 0 0.00332467 0.00327246 0.00330584 0.00332252 0.00372913 0.00486136 0.0744106 0.0137842 0.0122645 0.0139086 0.0372774 0.0225794 0.0129293 0.0157198 0.0138561 0.0114091 0.0120659 
0.00798528 0.00843576 0.00863091 0.00854983 0.00835888 0.00940751 0.00956849 0.00934188 0.00857581 0.00847142 0.00877277 0.0105681 0.0104303 0.0102615 0.00854373 0.012874 0.0173053 0.0145742 0.0146469 0.00959912 0.00857773 0.0111266 0.0112049 0.0108492 0.0112915 0.00935077 0.012364 0.0264332 0.0141138 0.0402287 0.750421 0.0446466 0.0794846 0.0203133 0.00332467 0 0.00321161 0.00324349 0.00325632 0.00336068 0.00354588 0.0332652 0.0567787 0.0152793 0.0327022 0.0111408 0.0155865 0.0304581 0.035251 0.0284317 0.0108414 0.00890511 
0.00794505 0.008608 0.00854427 0.0084447 0.00856109 0.00866674 0.0116542 0.00944646 0.00846515 0.00816963 0.00908725 0.0107421 0.0137337 0.00938319 0.00874861 0.0108079 0.0131361 0.0333329 0.0203007 0.00941833 0.00856668 0.00871708 0.0147029 0.0158597 0.0110866 0.00929748 0.0123117 0.0148782 0.0128513 0.0853706 0.0397514 0.691866 0.0361871 0.0642169 0.00327246 0.00321161 0 0.00320713 0.00324281 0.00316909 0.0032404 0.20422 0.0242438 0.103367 0.0125673 0.0149986 0.0144331 0.034884 0.0790063 0.0350909 0.013312 0.00888311 
0.00795203 0.0085176 0.0085952 0.00847422 0.00841067 0.00935502 0.0105428 0.00966148 0.0083694 0.008221 0.00917154 0.0121609 0.0126807 0.0103389 0.00857787 0.0102547 0.0261541 0.0248143 0.0322081 0.0101919 0.00843848 0.0096176 0.011815 0.0209169 0.0131268 0.00886871 0.0108212 0.0165371 0.0154609 0.0188785 0.199508 0.0496289 0.557884 0.0243222 0.00330584 0.00324349 0.00320713 0 0.00316777 0.00317954 0.00318131 0.0218778 0.261843 0.0199035 0.0508958 0.0106089 0.0143733 0.0415244 0.102935 0.0417259 0.015273 0.00889492 
0.00794355 0.00832446 0.00844081 0.00818624 0.00850438 0.00868804 0.0101362 0.00872966 0.00831032 0.00842787 0.00897647 0.0101279 0.0118816 0.00890646 0.00868323 0.0112115 0.0114413 0.0384495 0.015992 0.00922398 0.00841409 0.00835837 0.0134223 0.0118299 0.0104925 0.00883334 0.010327 0.0119452 0.0125244 0.028292 0.0192732 0.307087 0.0284351 0.386628 0.00332252 0.00325632 0.00324281 0.00316777 0 0.00315444 0.00316379 0.0317069 0.014698 0.298186 0.0111287 0.0184358 0.0127945 0.0258094 0.0581896 0.033307 0.0134092 0.00895151 
0.00791018 0.00807319 0.00818044 0.00811255 0.00808304 0.00843601 0.0084048 0.0083418 0.00800894 0.008157 0.00870059 0.00885202 0.0085958 0.0086552 0.00810009 0.0084134 0.0111102 0.00915505 0.0102698 0.00832391 0.00816418 0.0101815 0.00846623 0.00885116 0.00870079 0.00807746 0.00978763 0.0119602 0.0101125 0.0103604 0.0424878 0.0109809 0.133604 0.0239899 0.00372913 0.00336068 0.00316909 0.00317954 0.00315444 0 0.00343164 0.0103283 0.0256125 0.0098665 0.334369 0.00941077 0.010316 0.0124049 0.0152311 0.0147354 0.00875935 0.00848897 
0.00832351 0.00847248 0.00805807 0.00795532 0.0087285 0.00806086 0.00808057 0.00800934 0.00814453 0.0104051 0.00903679 0.00837698 0.00817042 0.00807878 0.00808937 0.0109346 0.00848913 0.00857391 0.00828115 0.0081083 0.00822892 0.00937331 0.00935994 0.00818156 0.00829985 0.00897852 0.0145276 0.0093024 0.00926526 0.0294065 0.0109769 0.0130962 0.00994095 0.106946 0.00486136 0.00354588 0.0032404 0.00318131 0.00316379 0.00343164 0 0.0142628 0.00920507 0.0161242 0.0107953 0.225256 0.0142819 0.00944371 0.00952051 0.00925225 0.00898392 0.0100557 
0.00886966 0.00802739 0.00811239 0.00839076 0.00832138 0.00833947 0.00834278 0.0081994 0.00831277 0.00889078 0.00836651 0.00833093 0.00820806 0.00803482 0.00822469 0.00900886 0.00829592 0.00836732 0.00823938 0.00803381 0.00812686 0.00881168 0.00807668 0.00810328 0.00803424 0.00869564 0.00922431 0.00833718 0.00936215 0.019178 0.0112286 0.00974962 0.00972158 0.0108639 0.0744106 0.0332652 0.20422 0.0218778 0.0317069 0.0103283 0.0142628 0 0.00328283 0.00328444 0.00360405 0.00444194 0.2013 0.0193779 0.0164306 0.0128031 0.0118378 0.0104196 
0.00829834 0.0082278 0.00821455 0.00852833 0.00816936 0.00822829 0.00846021 0.0083207 0.0081555 0.00818296 0.00825335 0.00823483 0.00853949 0.00850707 0.00795955 0.00829497 0.00862344 0.00852764 0.00927281 0.00812268 0.00797878 0.00839265 0.00831313 0.00817794 0.00848093 0.00802562 0.00827976 0.00860024 0.00835098 0.0111227 0.0215887 0.0114021 0.0129012 0.0088192 0.0137842 0.0567787 0.0242438 0.261843 0.014698 0.0256125 0.00920507 0.00328283 0 0.00324497 0.00327566 0.00332121 0.0726066 0.149225 0.037427 0.0195323 0.00979336 0.00904754 
0.00825958 0.00826269 0.00834804 0.00820696 0.00828593 0.00831811 0.00880333 0.00853833 0.0083371 0.00812018 0.00823948 0.00866776 0.00892279 0.00821214 0.0081067 0.00903076 0.0085038 0.00980862 0.00909407 0.00817964 0.00799625 0.00797542 0.00917583 0.00838954 0.00833206 0.0081663 0.00828939 0.00868644 0.00852178 0.0150367 0.0133695 0.0352533 0.0111352 0.00947365 0.0122645 0.0152793 0.103367 0.0199035 0.298186 0.0098665 0.0161242 0.00328444 0.00324497 0 0.0031632 0.00330398 0.0279842 0.0550607 0.147229 0.022404 0.0115663 0.00902122 
0.00815428 0.00827819 0.0082426 0.00829222 0.00827409 0.00842926 0.0083742 0.00830968 0.00801112 0.00840646 0.00890781 0.00858061 0.00844282 0.00850873 0.00796896 0.00827248 0.0100171 0.00888323 0.0088997 0.00825601 0.00796315 0.00959886 0.00839212 0.00885638 0.00832023 0.00799552 0.00901977 0.00948707 0.00867844 0.0103011 0.0216004 0.0114869 0.0202403 0.0103095 0.0139086 0.0327022 0.0125673 0.0508958 0.0111287 0.334369 0.0107953 0.00360405 0.00327566 0.0031632 0 0.00317895 0.0225916 0.0376606 0.0541978 0.107187 0.0129448 0.0117997 
0.00976997 0.00878304 0.00839462 0.00810831 0.00925103 0.00822774 0.00830797 0.00806941 0.00861063 0.00901364 0.00872376 0.0083341 0.00824636 0.00799359 0.00830633 0.0103016 0.00825369 0.0084133 0.00824383 0.00799117 0.0085041 0.00844352 0.0106926 0.00811382 0.00821622 0.00929207 0.0106282 0.00861858 0.0088519 0.0231109 0.0100676 0.0110928 0.00983527 0.0141161 0.0372774 0.0111408 0.0149986 0.0106089 0.0184358 0.00941077 0.225256 0.00444194 0.00332121 0.00330398 0.00317895 0 0.0179139 0.0161041 0.0202534 0.033611 0.0530878 0.0264007 
0.00987367 0.00860281 0.00858688 0.00912634 0.00873503 0.00843408 0.00855723 0.0084886 0.00876946 0.0098508 0.00873216 0.00868169 0.00866913 0.00826391 0.00847443 0.00896328 0.00876467 0.0112689 0.00927249 0.00831563 0.00840177 0.00914542 0.00853379 0.00847087 0.00835296 0.00894386 0.00904129 0.00853522 0.00959168 0.0162207 0.0108146 0.00990892 0.0106807 0.0110464 0.0225794 0.0155865 0.0144331 0.0143733 0.0127945 0.010316 0.0142819 0.2013 0.0726066 0.0279842 0.0225916 0.0179139 0 0.00334168 0.00334415 0.00332859 0.0034931 0.00456782 
0.00854112 0.00863128 0.00884296 0.0087627 0.00857158 0.00879868 0.00909606 0.00897904 0.00865251 0.00875962 0.00847764 0.00886784 0.00895182 0.00887646 0.00827763 0.00861089 0.00891021 0.00915371 0.00915209 0.00838781 0.00806225 0.0082824 0.0087521 0.00859219 0.00861335 0.00819572 0.00856414 0.00919619 0.00911239 0.0149477 0.0219605 0.0153582 0.0135198 0.0107983 0.0129293 0.0304581 0.034884 0.0415244 0.0258094 0.0124049 0.00944371 0.0193779 0.149225 0.0550607 0.0376606 0.0161041 0.00334168 0 0.00330367 0.00327108 0.00328005 0.00337376 
0.00845945 0.0087454 0.00919486 0.00867235 0.00880115 0.00915102 0.00994727 0.00964463 0.00877351 0.00901656 0.00884228 0.00967871 0.0100109 0.00917581 0.00840608 0.00903029 0.00953147 0.0108587 0.0101529 0.00855933 0.00816174 0.00863887 0.00888494 0.0101124 0.00893575 0.00826048 0.00892913 0.00988156 0.00947975 0.016482 0.034281 0.0330313 0.0180934 0.0115188 0.0157198 0.035251 0.0790063 0.102935 0.0581896 0.0152311 0.00952051 0.0164306 0.037427 0.147229 0.0541978 0.0202534 0.00334415 0.00330367 0 0.00331925 0.00317498 0.00327371 
0.00841601 0.00871429 0.00891519 0.00845894 0.00877633 0.00897199 0.00931455 0.00890906 0.00846853 0.00860623 0.00876621 0.00925823 0.00914868 0.00876507 0.00820452 0.00884646 0.00905919 0.00975372 0.00902905 0.00849141 0.00806715 0.00842908 0.00868745 0.008709 0.00858008 0.00818466 0.00885373 0.00933158 0.00872618 0.0136198 0.0195099 0.0185911 0.0171747 0.0113814 0.0138561 0.0284317 0.0350909 0.0417259 0.033307 0.0147354 0.00925225 0.0128031 0.0195323 0.022404 0.107187 0.033611 0.00332859 0.00327108 0.00331925 0 0.00317258 0.00323444 
0.00859514 0.00851081 0.00844362 0.00827327 0.00857957 0.00838505 0.00875028 0.00839911 0.00852323 0.00857767 0.00848985 0.00851648 0.00857153 0.00825152 0.00827522 0.00858461 0.00846247 0.00858767 0.00874768 0.00813269 0.0080274 0.00818779 0.0082162 0.00829186 0.00811205 0.00819957 0.00841212 0.00832269 0.00858131 0.010926 0.00969328 0.011502 0.00938337 0.0100788 0.0114091 0.0108414 0.013312 0.015273 0.0134092 0.00875935 0.00898392 0.0118378 0.00979336 0.0115663 0.0129448 0.0530878 0.0034931 0.00328005 0.00317498 0.00317258 0 0.00324134 
0.0103833 0.00882763 0.00823381 0.0085688 0.00884705 0.0082813 0.0084538 0.00814958 0.00869932 0.0139587 0.00875911 0.0082076 0.00835864 0.00802756 0.00861817 0.00871921 0.00824536 0.00857712 0.00827876 0.0080403 0.00847984 0.0087775 0.00801758 0.00799379 0.00797873 0.00906763 0.00920688 0.00804804 0.00852167 0.00971656 0.00843032 0.00834478 0.00858726 0.00986181 0.0120659 0.00890511 0.00888311 0.00889492 0.00895151 0.00848897 0.0100557 0.0104196 0.00904754 0.00902122 0.0117997 0.0264007 0.00456782 0.00337376 0.00327371 0.00323444 0.00324134 0 
