1OF3B
SNEARYVLAEEVDFSSPEEVKNWWNSGTWQAEFGSPDIEWNGEVGNGALQLNVKLPGKSDWEEVRVARKFERLSECEILEYDIYIPNVEGLKGRLRPYAVLNPGWVKIGLDXNNANVESAEIITFGGKEYRRFHVRIEFDRTAGVKELHIGVVGDHLRYDGPIFIDNVRLYKR
CCCCCCEEEEEECCCCHHHHHHEEEEEEECCEEEEEEEEEECCHHHCEEEEEEEECCCCCCEEEEEEEECCCHHHCCEEEEEEEEECCCCCCCEECCEEEEECCCEEECCCCCCEEHHHCEEEEECCEEEEEEEEEEECCCCCCCCEEEEEEEEECCCEEEEEEEEEEEEEEC
0 0 0 0 0 0 0 0 0 0 0 0 0 0 0 0 0 0 0 0 0 0 0 0 0 0 0 0 0 0 0 0 0 0 0 0 0 0 0 0 0 0 0 0 0 0 0 0 0 0 0 0 0 0 0 0 0 0 0 0 0 0 0 0 0 0 0 0 0 0 0 0 0 0 0 0 0 0 0 0 0 0 0 0 0 0 0 0 0 0 0 0 0 0 0 0 0 0 0 0 0 0 0 0 0 0 0 0 0 0 0 0 0 0 0 0 0 0 0 0 0 0 0 0 0 0 0 0 0 0 0 0 0 0 0 0 0 0 0 0 0 0 0 0 0 0 0 0 0 0 0 0 0 0 0 0 0 0 0 0 0 0 0 0 0 0 0 0 0 0 0 0 0 
0 0 0 0 0 0 0 0 0 0 0 0 0 0 0 0 0 0 0 0 0 0 0 0 0 0 0 0 0 0 0 0 0 0 0 0 0 0 0 0 0 0 0 0 0 0 0 0 0 0 0 0 0 0 0 0 0 0 0 0 0 0 0 0 0 0 0 0 0 0 0 0 0 0 0 0 0 0 0 0 0 0 0 0 0 0 0 0 0 0 0 0 0 0 0 0 0 0 0 0 0 0 0 0 0 0 0 0 0 0 0 0 0 0 0 0 0 0 0 0 0 0 0 0 0 0 0 0 0 0 0 0 0 0 0 0 0 0 0 0 0 0 0 0 0 0 0 0 0 0 0 0 0 0 0 0 0 0 0 0 0 0 0 0 0 0 0 0 0 0 0 0 0 
0 0.00393748 0.00320131 0.00331149 0.00361151 0.00656716 0.00737277 0.00784524 0.00975794 0.00966059 0.00895452 0.0138254 0.043966 0.0168028 0.0108142 0.00939691 0.00849977 0.00894133 0.00917555 0.00919934 0.0089908 0.00972055 0.0175616 0.0150825 0.00991113 0.0105154 0.0106018 0.0105104 0.0101274 0.0119047 0.0137101 0.0119357 0.00923164 0.00967018 0.009808 0.0104757 0.00995292 0.0102642 0.0173162 0.0118136 0.00907271 0.00915639 0.00926403 0.00880976 0.0101468 0.0110562 0.00915582 0.0125573 0.00891361 0.0100287 0.0110336 0.00930621 0.00929255 0.00959552 0.00981859 0.00878644 0.00814503 0.0110425 0.00827616 0.00922836 0.00901145 0.0082022 0.00811337 0.00845615 0.00940688 0.00813694 0.00788564 0.00801607 0.00797926 0.00805404 0.00808491 0.00819056 0.00831066 0.00827492 0.0083669 0.00944243 0.00829603 0.0080588 0.00825672 0.00822469 0.00837415 0.00827996 0.00813942 0.00814883 0.00815188 0.00833947 0.00788495 0.00789645 0.00807321 0.00810159 0.00835916 0.00825143 0.00804423 0.00807701 0.00812982 0.00810959 0.00804091 0.00811725 0.0085205 
0.00393748 0 0.00318664 0.00319084 0.00329733 0.00323856 0.00593684 0.00900089 0.0101038 0.0107683 0.0135928 0.0246987 0.00897716 0.0100591 0.013004 0.0099329 0.00909188 0.0091106 0.0102768 0.00964643 0.0102133 0.0124497 0.00861244 0.0101612 0.0144822 0.0163608 0.0139092 0.015743 0.0111804 0.0155853 0.00865962 0.00981616 0.0147574 0.0108854 0.0197603 0.0148907 0.0156221 0.0128236 0.00886468 0.00997304 0.0125587 0.0121582 0.0105464 0.0132787 0.0150648 0.0190864 0.0112126 0.00855498 0.00833879 0.00821875 0.00967951 0.0132231 0.0143651 0.00992759 0.00827538 0.00821344 0.0085905 0.00839139 0.00793498 0.00810646 0.00824476 0.00835953 0.0082983 0.00852203 0.00798699 0.0078744 0.00809717 0.00832601 0.00820417 0.00848625 0.00837766 0.00862837 0.00882348 0.00916508 0.00954499 0.00825284 0.00819437 0.0085087 0.00880942 0.00887177 0.00918024 0.00903796 0.00851312 0.00867055 0.00804523 0.00809297 0.00808934 0.00816582 0.00837545 0.00854359 0.00895843 0.0090182 0.00849552 0.00870255 0.0084296 0.00848023 0.00841318 0.0083 0.00812955 
0.00320131 0.00318664 0 0.00319366 0.0031891 0.00333524 0.00657809 0.00681598 0.0115289 0.0119593 0.0293044 0.0101181 0.00910783 0.0085853 0.010191 0.0105552 0.00961917 0.00896564 0.00992587 0.0139442 0.0108765 0.00936237 0.00864458 0.00953365 0.0118037 0.0150063 0.0228098 0.0119619 0.0214703 0.00952574 0.00950208 0.0096252 0.0104066 0.0178102 0.0175134 0.0265741 0.0168391 0.0106044 0.00910141 0.00955387 0.0109376 0.0145856 0.0155648 0.0135522 0.0239991 0.0266418 0.00982033 0.00872571 0.00797962 0.00818921 0.00902222 0.0109157 0.0156042 0.00995396 0.00822407 0.00838907 0.00802348 0.00859441 0.00789262 0.00796883 0.00826222 0.00828483 0.00879339 0.00821888 0.00813022 0.00798398 0.0080001 0.00819576 0.00879853 0.00850617 0.00904957 0.00868248 0.0104904 0.00860057 0.0091816 0.00819576 0.00808355 0.00847779 0.00943893 0.00946791 0.00965426 0.00918857 0.00880553 0.00866877 0.00802353 0.0080707 0.00814261 0.00815789 0.00835625 0.00878108 0.00915162 0.00922932 0.00902696 0.00867861 0.00850743 0.00852342 0.00867244 0.00842684 0.00881649 
0.00331149 0.00319084 0.00319366 0 0.0031611 0.00324031 0.00620741 0.00812771 0.0258767 0.0178226 0.0121592 0.00894667 0.00956371 0.00844219 0.0113224 0.0101541 0.00883954 0.00935245 0.0107411 0.0116815 0.0100951 0.00908107 0.00866925 0.00966065 0.0121114 0.0198211 0.0207148 0.0125981 0.0176107 0.00922751 0.00942494 0.00900303 0.0111486 0.0186853 0.0188388 0.0262668 0.0145724 0.0108946 0.0090649 0.00950676 0.0115911 0.0154716 0.0175402 0.0123403 0.0244974 0.0180556 0.0102364 0.00864883 0.0079078 0.00825868 0.00877064 0.0124178 0.0168185 0.00989063 0.00821637 0.00815875 0.00805045 0.00848462 0.0079055 0.00789402 0.00816887 0.00838237 0.00871528 0.00816155 0.0080702 0.00805294 0.00800127 0.0085953 0.00845115 0.00855271 0.00880991 0.00861946 0.00963559 0.00849338 0.0089903 0.00809912 0.008055 0.0086801 0.00963335 0.0097183 0.00974933 0.00938196 0.00882877 0.00843216 0.0080412 0.00821275 0.00807133 0.00836165 0.00829802 0.00916776 0.00908712 0.00974659 0.0086856 0.00905732 0.00851657 0.00842193 0.00879406 0.00814389 0.00856635 
0.00361151 0.00329733 0.0031891 0.0031611 0 0.00316797 0.00582083 0.0488654 0.0182702 0.0093518 0.00831255 0.0160302 0.00835257 0.0138837 0.010341 0.0092755 0.00938312 0.00861128 0.0107999 0.00871603 0.00985005 0.0121314 0.00847162 0.0116631 0.0110324 0.0180303 0.0107239 0.0143674 0.00899069 0.0213151 0.00834556 0.0110914 0.0126458 0.0100714 0.0194555 0.0108735 0.0121884 0.0100885 0.00946182 0.00985726 0.0112879 0.0146948 0.00929723 0.0133452 0.00978922 0.0168031 0.010461 0.0082618 0.00941094 0.00824512 0.00951983 0.011193 0.0106839 0.0105896 0.00826174 0.00847631 0.00921931 0.00814697 0.00796625 0.00874361 0.00907354 0.00860327 0.00832397 0.00908546 0.00793505 0.00825414 0.00844189 0.00809994 0.00817918 0.00860409 0.00816716 0.00928111 0.00824888 0.00938158 0.00816674 0.00862445 0.00831818 0.00850387 0.00894968 0.0085605 0.00916171 0.0086662 0.00868007 0.00833488 0.00803248 0.00788347 0.00818742 0.00802021 0.00834602 0.00849629 0.00898876 0.0085211 0.00845789 0.00842063 0.00827752 0.00848244 0.00833757 0.00837213 0.00806864 
0.00656716 0.00323856 0.00333524 0.00324031 0.00316797 0 0.0733031 0.008549 0.00701846 0.0068786 0.0081818 0.00699616 0.0235852 0.0091293 0.0121874 0.00983405 0.00778411 0.00794943 0.00837445 0.0101289 0.00832125 0.00861979 0.0112843 0.0143011 0.0111664 0.00898479 0.0123909 0.00870781 0.0143407 0.00837122 0.0160049 0.0137476 0.009654 0.0111547 0.00952492 0.0110108 0.00911768 0.00970368 0.0086991 0.0146028 0.0104582 0.00867355 0.0114777 0.00872427 0.0108829 0.00935782 0.00875231 0.00925469 0.00870163 0.0109455 0.0133557 0.00924034 0.00869521 0.00888374 0.00816893 0.0126089 0.00804565 0.0106589 0.00977785 0.00787819 0.00891112 0.00859326 0.00861822 0.00796685 0.0101437 0.00898877 0.00800668 0.00852892 0.00838494 0.00800574 0.00969545 0.00803208 0.0106716 0.00805149 0.0108023 0.00792605 0.0083984 0.00888701 0.00818335 0.00872607 0.0082605 0.00833698 0.00818788 0.00820699 0.00818299 0.010551 0.00795985 0.00835299 0.00796061 0.00852162 0.00816914 0.00877246 0.00805543 0.00812222 0.00907745 0.0079099 0.00867053 0.00820219 0.00800022 
0.00737277 0.00593684 0.00657809 0.00620741 0.00582083 0.0733031 0 0.00318854 0.0031961 0.00316635 0.0031819 0.00317201 0.00332945 0.00374821 0.00424616 0.00449036 0.00465318 0.00501863 0.00573117 0.0202779 0.012849 0.00639191 0.0289731 0.00810761 0.0094558 0.00937439 0.0113785 0.0103329 0.0109162 0.00906883 0.014454 0.0102555 0.0102832 0.0105896 0.0100817 0.0124411 0.00999165 0.0441977 0.0127989 0.0119292 0.00956571 0.00964535 0.0109624 0.00907501 0.0124706 0.0107609 0.00990375 0.0163334 0.00808006 0.0111131 0.010235 0.0103566 0.0100053 0.00919366 0.0100937 0.00848801 0.00822267 0.012305 0.00833769 0.0088013 0.00831037 0.00839341 0.00829561 0.0081203 0.00998655 0.00789053 0.0078909 0.00830317 0.00828842 0.00858015 0.00859726 0.0086068 0.00943253 0.00853868 0.0102364 0.00882417 0.00915283 0.00844593 0.0086871 0.00867777 0.00901283 0.00846953 0.00864575 0.00873384 0.00877587 0.00848705 0.00788485 0.00809746 0.00799332 0.00837632 0.00854824 0.00845148 0.00835811 0.00885471 0.0083879 0.00840809 0.00830285 0.00813705 0.00934867 
0.00784524 0.00900089 0.00681598 0.00812771 0.0488654 0.008549 0.00318854 0 0.00316421 0.00317346 0.00316789 0.00315793 0.00345611 0.00412114 0.00470314 0.00497492 0.0058529 0.0076693 0.019928 0.0108163 0.00719012 0.0181589 0.00736006 0.00896251 0.0102682 0.0118546 0.0113559 0.0130624 0.00953652 0.0149509 0.00846608 0.00976489 0.0142804 0.0110504 0.0163122 0.0119116 0.0521258 0.0115666 0.0105417 0.00989179 0.0108968 0.0111953 0.0118053 0.0141331 0.0134849 0.0172326 0.0154752 0.00941644 0.00820236 0.00834114 0.00926352 0.0115232 0.0117068 0.0113407 0.00830265 0.0080833 0.00856479 0.00849999 0.00805931 0.00815828 0.00816084 0.00831127 0.00836282 0.00855818 0.00806171 0.00782164 0.00800322 0.00820796 0.0091243 0.00856218 0.00871093 0.00883476 0.00926899 0.00866938 0.00860795 0.00860244 0.00811136 0.00842771 0.00913627 0.00934838 0.00933611 0.00908546 0.00858835 0.00906867 0.00812256 0.00793234 0.00810959 0.00803115 0.0083904 0.00860924 0.00887838 0.00904477 0.00888944 0.00865864 0.00852811 0.00858351 0.00827667 0.00847068 0.0100337 
0.00975794 0.0101038 0.0115289 0.0258767 0.0182702 0.00701846 0.0031961 0.00316421 0 0.00314335 0.00318037 0.0031607 0.00318263 0.00434503 0.00940541 0.00658088 0.00887555 0.0122791 0.0346759 0.00904714 0.0118197 0.0132152 0.00953103 0.00818418 0.0131397 0.0138794 0.0251074 0.0116829 0.0170852 0.00916789 0.00858475 0.00959604 0.0114519 0.0201791 0.0212335 0.0660535 0.0190876 0.013932 0.00892156 0.0100328 0.012762 0.0220567 0.0221001 0.0194765 0.0332684 0.0316449 0.0129372 0.00915301 0.00805231 0.00833967 0.00936979 0.0148654 0.0310327 0.0121324 0.00848922 0.00824293 0.00839299 0.00847078 0.0079494 0.00787656 0.00832218 0.00862708 0.00943751 0.00850694 0.0080545 0.00790617 0.00810761 0.00883715 0.00994658 0.0118425 0.00971178 0.010072 0.0107515 0.0098176 0.0091865 0.00810281 0.00830582 0.00957461 0.0130634 0.012979 0.015346 0.0122669 0.0115899 0.00945465 0.00816033 0.00807186 0.0081304 0.00849355 0.00856032 0.0103656 0.0125125 0.0128235 0.0112337 0.00977795 0.00923068 0.00915114 0.00906703 0.00822224 0.0089897 
0.00966059 0.0107683 0.0119593 0.0178226 0.0093518 0.0068786 0.00316635 0.00317346 0.00314335 0 0.0031485 0.00312316 0.00317019 0.00343559 0.00368209 0.00537001 0.0107581 0.0123129 0.00925773 0.0108575 0.0117206 0.00721447 0.00651042 0.00868291 0.00945656 0.0199609 0.0116239 0.0178121 0.00945368 0.012662 0.00824254 0.00974828 0.0123606 0.0136114 0.047544 0.0184781 0.0217777 0.011011 0.00913334 0.0105746 0.0112949 0.0276302 0.0147424 0.0243438 0.0211889 0.0346377 0.0106656 0.00903592 0.00814194 0.00832005 0.00966009 0.0170772 0.025903 0.0115437 0.0084908 0.00825113 0.00826472 0.00838685 0.00800285 0.00806071 0.00829091 0.00852042 0.00913739 0.00848049 0.00809624 0.00793881 0.00813789 0.00879221 0.0108513 0.0101401 0.00951848 0.0106335 0.010069 0.00976274 0.00901642 0.00834383 0.0083902 0.00911969 0.0122284 0.0113198 0.0137074 0.0125993 0.0101848 0.00901817 0.00823646 0.00826768 0.00817723 0.00848813 0.00866635 0.00975137 0.0112343 0.0105703 0.0114777 0.0103081 0.00917002 0.0091895 0.00856782 0.00835574 0.00856938 
0.00895452 0.0135928 0.0293044 0.0121592 0.00831255 0.0081818 0.0031819 0.00316789 0.00318037 0.0031485 0 0.00314309 0.00315164 0.0033599 0.00617214 0.0106086 0.013374 0.00703862 0.00659972 0.00805488 0.00666202 0.00705532 0.00640451 0.00773979 0.0149794 0.0109318 0.0305218 0.00906602 0.0191683 0.00865987 0.00963532 0.00915097 0.0116826 0.0411337 0.0142525 0.0379735 0.0155361 0.0150213 0.0088767 0.0102917 0.0182147 0.0145741 0.0326451 0.0131552 0.043692 0.0192727 0.0131006 0.0091451 0.00812069 0.00854215 0.00945395 0.0165987 0.0280721 0.0124043 0.00867228 0.00829283 0.00827856 0.0089971 0.00803845 0.00793527 0.00825492 0.00881427 0.00996216 0.00843142 0.0086095 0.00788134 0.00809595 0.00934958 0.00931825 0.00905324 0.011559 0.00886207 0.0143214 0.00868568 0.011404 0.00812362 0.00832175 0.00954375 0.0105439 0.0153865 0.0118054 0.0118612 0.0104629 0.00923808 0.00836241 0.00829958 0.00815587 0.00926226 0.00838663 0.0104709 0.0112192 0.0136411 0.00974396 0.00911861 0.0103449 0.00863641 0.00966937 0.00829345 0.00888928 
0.0138254 0.0246987 0.0101181 0.00894667 0.0160302 0.00699616 0.00317201 0.00315793 0.0031607 0.00312316 0.00314309 0 0.00319171 0.00597753 0.00561535 0.0047926 0.00475371 0.00558822 0.0055334 0.00532929 0.00706675 0.00718894 0.00628107 0.00943447 0.010354 0.024236 0.00865396 0.0183729 0.00840426 0.0207701 0.00820528 0.0111285 0.0247301 0.0100078 0.0252742 0.0117227 0.0154924 0.0131233 0.0115354 0.0105648 0.0127733 0.0269244 0.0104783 0.0257235 0.0113939 0.0271344 0.0128532 0.00885027 0.00899068 0.00870392 0.00972091 0.0148557 0.0157577 0.0138186 0.00874191 0.00820913 0.0108723 0.008613 0.00806378 0.00855296 0.00860215 0.00850139 0.00844509 0.00996169 0.00807312 0.00811455 0.00869183 0.00833172 0.00876489 0.0101432 0.00833737 0.010875 0.00842888 0.0103605 0.00843583 0.00893082 0.00821867 0.00893424 0.0111211 0.00921596 0.0110313 0.00954372 0.00974381 0.00932426 0.0081938 0.0079419 0.00838275 0.00837402 0.00867325 0.00903371 0.00999224 0.00934672 0.00899374 0.00942457 0.00837667 0.00911376 0.00850616 0.00856667 0.00814863 
0.043966 0.00897716 0.00910783 0.00956371 0.00835257 0.0235852 0.00332945 0.00345611 0.00318263 0.00317019 0.00315164 0.00319171 0 0.00695098 0.00473531 0.00368676 0.00378925 0.00420915 0.00428879 0.00561305 0.00543608 0.00614003 0.00749284 0.0114377 0.0124508 0.00944386 0.0130133 0.00875746 0.0125013 0.00853135 0.0139379 0.0205519 0.0108976 0.0128419 0.00966131 0.0139871 0.00946566 0.0115075 0.010387 0.0163465 0.0116392 0.00989667 0.0180559 0.00939302 0.0134171 0.0102636 0.0104549 0.0113747 0.00957028 0.0103648 0.0172512 0.0107023 0.00985524 0.0109328 0.00932222 0.011089 0.0081239 0.0111884 0.00907065 0.00804057 0.0101205 0.00839482 0.00858491 0.00818981 0.00920148 0.00912965 0.00800684 0.00842191 0.00882428 0.00808973 0.00916643 0.00823445 0.00947038 0.008148 0.0103003 0.00818432 0.00957811 0.00866113 0.00863095 0.00956077 0.00878939 0.00882879 0.00868191 0.00915103 0.0085133 0.00878741 0.0079695 0.00816585 0.00818099 0.00871371 0.00898372 0.00875176 0.00845866 0.00830121 0.00848079 0.00806898 0.00840015 0.00829587 0.00822664 
0.0168028 0.0100591 0.0085853 0.00844219 0.0138837 0.0091293 0.00374821 0.00412114 0.00434503 0.00343559 0.0033599 0.00597753 0.00695098 0 0.00323266 0.00321536 0.00325113 0.0032061 0.00332494 0.00337185 0.00435878 0.0050599 0.00797579 0.0118259 0.00808719 0.011857 0.00801352 0.0159569 0.00800359 0.0552757 0.0100003 0.0215135 0.0106878 0.00937734 0.0157724 0.00921956 0.0110843 0.00956214 0.0334363 0.0124424 0.00898046 0.0130725 0.00873443 0.0121484 0.00892303 0.0153173 0.00938533 0.0132634 0.0131101 0.00924651 0.0140489 0.0103784 0.0103076 0.010407 0.0102348 0.00842065 0.00917203 0.0100917 0.00835679 0.0133888 0.00993533 0.00817734 0.0080748 0.0100174 0.00831295 0.0083946 0.00865213 0.00803326 0.00806234 0.00898813 0.0079472 0.0105408 0.00802006 0.0107264 0.00807506 0.0136105 0.0103825 0.00801718 0.00894503 0.00831161 0.00911526 0.00843544 0.00833072 0.00818851 0.00816868 0.00791494 0.00844608 0.00783854 0.00859438 0.00812252 0.00898121 0.00822451 0.00833293 0.00864895 0.00798381 0.00927486 0.00800024 0.00819702 0.00868817 
0.0108142 0.013004 0.010191 0.0113224 0.010341 0.0121874 0.00424616 0.00470314 0.00940541 0.00368209 0.00617214 0.00561535 0.00473531 0.00323266 0 0.00316741 0.00315258 0.00323397 0.00319422 0.00326611 0.00326983 0.00446484 0.00466472 0.00620587 0.0115986 0.008488 0.0159633 0.00800058 0.0279139 0.0106399 0.0700729 0.0106092 0.0139563 0.0124722 0.010327 0.0169967 0.0107817 0.0193464 0.00914981 0.0120084 0.0141736 0.00954395 0.0169069 0.00925577 0.0225891 0.0117054 0.0141095 0.0102181 0.00835211 0.00957368 0.00975071 0.0147082 0.0126547 0.0121153 0.00863577 0.00875111 0.00841081 0.0101375 0.00820063 0.00808454 0.00825945 0.00854491 0.00911104 0.00815809 0.00866466 0.00796516 0.00799321 0.00838117 0.00875331 0.00824251 0.0109506 0.00813672 0.0125524 0.00825478 0.0118449 0.00808606 0.00809683 0.00916093 0.00845867 0.00982216 0.008973 0.00925724 0.00869528 0.00889473 0.00818809 0.00845358 0.00795911 0.00830555 0.00812515 0.00897783 0.00882328 0.00906452 0.00875078 0.00828916 0.00928553 0.00826953 0.00844786 0.0083281 0.00832539 
0.00939691 0.0099329 0.0105552 0.0101541 0.0092755 0.00983405 0.00449036 0.00497492 0.00658088 0.00537001 0.0106086 0.0047926 0.00368676 0.00321536 0.00316741 0 0.00322053 0.00316066 0.00316066 0.0031751 0.0038945 0.0032024 0.00356728 0.00650279 0.00790639 0.0118656 0.00965091 0.00934544 0.0122273 0.0496287 0.0270788 0.00975664 0.00965031 0.0117486 0.0113399 0.0131295 0.0129913 0.0101092 0.00893796 0.00988236 0.0100587 0.0115735 0.0105409 0.0117746 0.0147246 0.0153543 0.0149148 0.00892903 0.00818074 0.00841788 0.00905737 0.0109202 0.0132026 0.00924622 0.00860477 0.00833515 0.00809117 0.00868913 0.0080022 0.00796463 0.0082532 0.00845263 0.00873623 0.00820851 0.00818307 0.00796825 0.00795104 0.00851041 0.00861529 0.00892242 0.00879172 0.00884402 0.00951242 0.00961772 0.00893257 0.00825512 0.00815542 0.00847016 0.00957066 0.00962154 0.010001 0.00949526 0.00903874 0.00848033 0.00815041 0.00810285 0.00804411 0.00824406 0.00836086 0.00880812 0.00905307 0.00998983 0.0085474 0.00950288 0.00853169 0.00838269 0.00851392 0.00829609 0.00849478 
0.00849977 0.00909188 0.00961917 0.00883954 0.00938312 0.00778411 0.00465318 0.0058529 0.00887555 0.0107581 0.013374 0.00475371 0.00378925 0.00325113 0.00315258 0.00322053 0 0.00315039 0.00314667 0.00323833 0.0032586 0.00319703 0.00327785 0.00576558 0.00806089 0.0115047 0.00788427 0.0177608 0.0191299 0.158329 0.0076887 0.00827806 0.00982593 0.00882284 0.0150304 0.0112885 0.0137735 0.00975025 0.00840092 0.00881215 0.00925215 0.0139047 0.00967639 0.0146518 0.0108043 0.0219274 0.00907122 0.00830259 0.00807078 0.0081267 0.00874137 0.0100256 0.0116797 0.00899583 0.00816313 0.00811697 0.00810036 0.008196 0.00793384 0.00794296 0.00815786 0.00818976 0.00822979 0.00814938 0.00801729 0.00786946 0.00799347 0.00820839 0.00837366 0.00858011 0.00850635 0.00895858 0.00860531 0.00877001 0.00826061 0.00804044 0.00799803 0.0083651 0.00928084 0.0089138 0.0107555 0.00921498 0.00904161 0.00843162 0.00802607 0.00796805 0.00791065 0.00817203 0.00821943 0.00849894 0.00944299 0.00885953 0.0092116 0.00868371 0.00830879 0.00836808 0.00824952 0.00815646 0.00813775 
0.00894133 0.0091106 0.00896564 0.00935245 0.00861128 0.00794943 0.00501863 0.0076693 0.0122791 0.0123129 0.00703862 0.00558822 0.00420915 0.0032061 0.00323397 0.00316066 0.00315039 0 0.00317401 0.00318993 0.00314231 0.00315478 0.0031127 0.00624051 0.00891033 0.00673379 0.0140664 0.0159598 0.192147 0.00898132 0.00717067 0.00864243 0.00821851 0.0131297 0.00891764 0.0213129 0.00971756 0.00908085 0.00829277 0.00903813 0.0107827 0.00925739 0.0155955 0.00906226 0.0218316 0.0102366 0.00913251 0.00853017 0.00802483 0.00815974 0.00890709 0.0108254 0.011059 0.0093774 0.00810031 0.00834581 0.00798585 0.00846145 0.00787028 0.00786377 0.00818238 0.00819501 0.00857738 0.00800211 0.00796715 0.00784914 0.00791941 0.00824599 0.00843085 0.00820607 0.00965268 0.00818318 0.0099984 0.00811991 0.00916529 0.00793231 0.00798515 0.00872137 0.00869127 0.0107641 0.00904134 0.0100878 0.00862243 0.00837699 0.00808275 0.00802206 0.00804128 0.00812028 0.00803808 0.00895647 0.00875149 0.00992056 0.00859916 0.00841019 0.00862283 0.00828097 0.00843827 0.00804184 0.00825273 
0.00917555 0.0102768 0.00992587 0.0107411 0.0107999 0.00837445 0.00573117 0.019928 0.0346759 0.00925773 0.00659972 0.0055334 0.00428879 0.00332494 0.00319422 0.00316066 0.00314667 0.00317401 0 0.00317237 0.0031452 0.00316029 0.00319365 0.00604252 0.00675295 0.0169154 0.0128528 0.518281 0.00965373 0.0129196 0.00728142 0.00879107 0.0120531 0.00881599 0.0227649 0.0103802 0.0137429 0.00954396 0.00947799 0.0106318 0.00974652 0.0231878 0.00955837 0.0343726 0.0101408 0.0306805 0.00961756 0.00971321 0.00849766 0.00836462 0.00984367 0.0112076 0.0185958 0.00943481 0.00860512 0.00822069 0.00872023 0.00854683 0.00791779 0.00823868 0.00852737 0.00865438 0.00859109 0.00913024 0.00807358 0.00790005 0.00817947 0.0083451 0.00840452 0.0110709 0.00841104 0.0133165 0.00862476 0.0124797 0.00826011 0.00930382 0.00834145 0.00840739 0.0141536 0.00916596 0.0163526 0.00969334 0.00939868 0.00846635 0.00816287 0.00823413 0.0081272 0.00828065 0.00889867 0.00930757 0.0114004 0.00981925 0.0095756 0.00987273 0.00865409 0.0101311 0.00838661 0.00824004 0.008668 
0.00919934 0.00964643 0.0139442 0.0116815 0.00871603 0.0101289 0.0202779 0.0108163 0.00904714 0.0108575 0.00805488 0.00532929 0.00561305 0.00337185 0.00326611 0.0031751 0.00323833 0.00318993 0.00317237 0 0.00315549 0.00315262 0.00315049 0.00462828 0.0119905 0.014376 0.883134 0.00785632 0.0263826 0.0071488 0.00811202 0.00844657 0.00884463 0.0236831 0.010031 0.0228259 0.00979672 0.012412 0.00876016 0.010381 0.0137179 0.0104964 0.0441184 0.00956319 0.0464634 0.0120248 0.0118066 0.00920333 0.00815813 0.00884152 0.00915147 0.0162614 0.0160783 0.0113719 0.00837071 0.0087695 0.00819549 0.00969601 0.00823649 0.00796752 0.00851469 0.00898038 0.0115717 0.00821773 0.00904291 0.007972 0.00803587 0.00913899 0.010981 0.00861998 0.0171968 0.00853441 0.0246719 0.00848886 0.0126088 0.00813366 0.00859347 0.01042 0.0100156 0.0168398 0.0109524 0.0135824 0.00955387 0.00865576 0.00819119 0.00890287 0.00800358 0.0101998 0.00874006 0.0109499 0.0103281 0.0128476 0.00983988 0.00876604 0.0116981 0.0083483 0.0102212 0.00826586 0.00863406 
0.0089908 0.0102133 0.0108765 0.0100951 0.00985005 0.00832125 0.012849 0.00719012 0.0118197 0.0117206 0.00666202 0.00706675 0.00543608 0.00435878 0.00326983 0.0038945 0.0032586 0.00314231 0.0031452 0.00315549 0 0.00315153 0.00315073 0.0064144 0.0100343 0.899933 0.00969845 0.0164579 0.00672798 0.0106418 0.00676016 0.00843803 0.0120031 0.0109682 0.024796 0.0104516 0.015171 0.00933729 0.00888857 0.0093031 0.00956705 0.0351024 0.00987865 0.0278342 0.0107718 0.0446192 0.00958358 0.00853731 0.00866369 0.00822336 0.009631 0.0114148 0.0304647 0.0100126 0.00835989 0.0082754 0.00858043 0.00837927 0.00790493 0.0081687 0.00838323 0.0085269 0.00896767 0.00915921 0.00800959 0.00793592 0.008335 0.00887806 0.00861486 0.0125079 0.00850392 0.0158724 0.00853729 0.0141016 0.00840436 0.00851105 0.00827286 0.00844997 0.0153969 0.00932631 0.0136921 0.0107625 0.0104034 0.0086391 0.00809802 0.00809621 0.00820204 0.00826631 0.0091588 0.00912926 0.0124552 0.00992575 0.00966846 0.00972447 0.00842244 0.00972445 0.00847576 0.00829419 0.00851283 
0.00972055 0.0124497 0.00936237 0.00908107 0.0121314 0.00861979 0.00639191 0.0181589 0.0132152 0.00721447 0.00705532 0.00718894 0.00614003 0.0050599 0.00446484 0.0032024 0.00319703 0.00315478 0.00316029 0.00315262 0.00315153 0 0.00321426 0.0144202 0.914105 0.0105861 0.00883946 0.00618488 0.0121934 0.00723743 0.00634169 0.00981998 0.011407 0.0106637 0.0100444 0.0117736 0.00938739 0.0109714 0.00851498 0.00951545 0.0150352 0.00932627 0.0128939 0.00925545 0.0148644 0.00991919 0.0133659 0.00836435 0.0085678 0.00866515 0.00898879 0.0159086 0.00976571 0.0128149 0.00814491 0.00875564 0.00851715 0.00869559 0.00792784 0.00805751 0.00835982 0.00861398 0.00844222 0.00834312 0.00810107 0.00818311 0.00832035 0.00827676 0.00875801 0.00818971 0.00878254 0.00827054 0.00886535 0.00830457 0.00962004 0.00801079 0.00821649 0.0099506 0.0085061 0.00937103 0.0088994 0.00895721 0.00847416 0.00867587 0.00798071 0.0080052 0.00796743 0.00810795 0.00812626 0.00831955 0.00876747 0.00876847 0.00857043 0.00825972 0.00881569 0.00819862 0.00823087 0.00823344 0.00810016 
0.0175616 0.00861244 0.00864458 0.00866925 0.00847162 0.0112843 0.0289731 0.00736006 0.00953103 0.00651042 0.00640451 0.00628107 0.00749284 0.00797579 0.00466472 0.00356728 0.00327785 0.0031127 0.00319365 0.00315049 0.00315073 0.00321426 0 0.926798 0.0094355 0.0107375 0.00525628 0.00548613 0.00607077 0.0056951 0.00653996 0.0132006 0.00816118 0.00850573 0.00859049 0.00890819 0.00847009 0.00886454 0.00961877 0.0172903 0.00909471 0.00941832 0.00870153 0.00879999 0.00893555 0.00903175 0.00841886 0.00933479 0.0100253 0.00938868 0.0141544 0.00877018 0.00848121 0.00850656 0.00899394 0.0107499 0.00797364 0.00905128 0.0087108 0.00837144 0.0110401 0.00837697 0.00817432 0.00821505 0.00837862 0.00975109 0.00816395 0.00827747 0.00803226 0.00807229 0.00813656 0.00819305 0.00842541 0.00816611 0.00830102 0.00859004 0.0090229 0.00808778 0.00807814 0.00825817 0.00813646 0.00804986 0.00811681 0.00809693 0.00810258 0.00858615 0.00792281 0.00791249 0.00807991 0.00821274 0.00823919 0.00808042 0.00796425 0.00804498 0.00801005 0.00799332 0.00801966 0.00815532 0.00789391 
0.0150825 0.0101612 0.00953365 0.00966065 0.0116631 0.0143011 0.00810761 0.00896251 0.00818418 0.00868291 0.00773979 0.00943447 0.0114377 0.0118259 0.00620587 0.00650279 0.00576558 0.00624051 0.00604252 0.00462828 0.0064144 0.0144202 0.926798 0 0.00322059 0.0031692 0.00318719 0.00325019 0.00327465 0.00391388 0.00507356 0.00649161 0.007301 0.00726471 0.0114539 0.00788729 0.0387998 0.0434516 0.0974061 0.0144829 0.00946366 0.0112195 0.00950155 0.011344 0.00982871 0.0152298 0.01088 0.0299938 0.0116548 0.0122127 0.0156675 0.0108915 0.0116806 0.0124254 0.0157113 0.00876829 0.00893196 0.0153978 0.00875685 0.0183745 0.0102586 0.00835732 0.00836274 0.00960897 0.0114063 0.00804363 0.00807864 0.00824166 0.00841796 0.00895464 0.00872142 0.010236 0.00873513 0.00985809 0.00858689 0.0158667 0.00940622 0.0082628 0.00918383 0.00886891 0.00910497 0.00871154 0.00842206 0.00968905 0.00963645 0.00815263 0.0080568 0.00804789 0.00831967 0.00824871 0.00910603 0.00856301 0.00954877 0.00858808 0.00828203 0.00865095 0.00809945 0.00914125 0.0114233 
0.00991113 0.0144822 0.0118037 0.0121114 0.0110324 0.0111664 0.0094558 0.0102682 0.0131397 0.00945656 0.0149794 0.010354 0.0124508 0.00808719 0.0115986 0.00790639 0.00806089 0.00891033 0.00675295 0.0119905 0.0100343 0.914105 0.0094355 0.00322059 0 0.00318782 0.00321042 0.00322373 0.00343827 0.00336296 0.00398688 0.00653398 0.00831453 0.0130579 0.00924607 0.0411945 0.0325651 0.0830631 0.00990247 0.012613 0.0253202 0.0111138 0.02283 0.0100523 0.0318096 0.0134642 0.0286559 0.0107272 0.0090271 0.0124008 0.0120462 0.0338207 0.0173192 0.021348 0.00943186 0.00935919 0.00929574 0.01159 0.00884891 0.00847598 0.00856146 0.00941972 0.010828 0.00892984 0.00943834 0.00804713 0.00835863 0.00921938 0.00973734 0.00919979 0.0137621 0.00880638 0.0167108 0.00867566 0.0217192 0.00857605 0.00888705 0.0130623 0.0101285 0.0164755 0.0119404 0.0183154 0.0115444 0.00976597 0.00861852 0.00878897 0.00819435 0.00907447 0.00873335 0.0113155 0.0112286 0.0228608 0.00989328 0.00982519 0.009863 0.0089357 0.0114383 0.00920338 0.00898244 
0.0105154 0.0163608 0.0150063 0.0198211 0.0180303 0.00898479 0.00937439 0.0118546 0.0138794 0.0199609 0.0109318 0.024236 0.00944386 0.011857 0.008488 0.0118656 0.0115047 0.00673379 0.0169154 0.014376 0.899933 0.0105861 0.0107375 0.0031692 0.00318782 0 0.00314666 0.00316077 0.00318411 0.00339035 0.00329855 0.00752644 0.00943977 0.00826619 0.0707766 0.0447367 0.0826582 0.0102289 0.0105231 0.011727 0.0110045 0.0662073 0.0110846 0.0623818 0.0122851 0.108926 0.0106991 0.0100383 0.0103563 0.00862174 0.0160167 0.0191868 0.0748878 0.0128711 0.00993597 0.00873843 0.0104943 0.00900325 0.00818555 0.00922791 0.00953347 0.0101375 0.0102458 0.015213 0.00825578 0.00819265 0.00890665 0.00990439 0.0107013 0.0307976 0.00957566 0.0341875 0.00925417 0.0486979 0.00869194 0.0112633 0.0094325 0.0101531 0.0505106 0.0131841 0.047632 0.0174436 0.0194573 0.00988554 0.00842124 0.00840817 0.00899304 0.00884645 0.0140668 0.0122515 0.0503686 0.014638 0.0168367 0.0148013 0.0112286 0.0183136 0.00914241 0.00918138 0.00869358 
0.0106018 0.0139092 0.0228098 0.0207148 0.0107239 0.0123909 0.0113785 0.0113559 0.0251074 0.0116239 0.0305218 0.00865396 0.0130133 0.00801352 0.0159633 0.00965091 0.00788427 0.0140664 0.0128528 0.883134 0.00969845 0.00883946 0.00525628 0.00318719 0.00321042 0.00314666 0 0.00317308 0.00320002 0.00320172 0.00325232 0.00622398 0.00736156 0.0499498 0.0330533 0.101279 0.0105192 0.0123502 0.00804678 0.0132753 0.028251 0.0108271 0.0806893 0.00937637 0.102437 0.0143126 0.0181405 0.010083 0.00842853 0.0116568 0.0111467 0.0402706 0.0251969 0.0280543 0.0087892 0.010513 0.00858398 0.0116252 0.00876536 0.00830379 0.00928183 0.0105758 0.0165866 0.00844916 0.00995367 0.00851356 0.0083652 0.0125437 0.0160037 0.00975247 0.0388389 0.00872431 0.0615859 0.00901414 0.0273049 0.00841618 0.00964865 0.0200052 0.0111458 0.0610104 0.0144988 0.0322432 0.0145184 0.0107349 0.00872593 0.00990253 0.00823545 0.0131574 0.0093412 0.0380536 0.0139876 0.0297005 0.0131527 0.0112225 0.02114 0.00885833 0.0148955 0.00867896 0.00954596 
0.0105104 0.015743 0.0119619 0.0125981 0.0143674 0.00870781 0.0103329 0.0130624 0.0116829 0.0178121 0.00906602 0.0183729 0.00875746 0.0159569 0.00800058 0.00934544 0.0177608 0.0159598 0.518281 0.00785632 0.0164579 0.00618488 0.00548613 0.00325019 0.00322373 0.00316077 0.00317308 0 0.00316647 0.00322348 0.00315012 0.00711779 0.0112761 0.0291418 0.0963917 0.00890163 0.0102406 0.00800315 0.0100247 0.0107408 0.00996327 0.0500652 0.0088304 0.0678331 0.0100761 0.0629615 0.00953427 0.0102089 0.0112221 0.00845905 0.0144458 0.0149846 0.0470689 0.0112201 0.0097299 0.00862672 0.0108179 0.00881829 0.00825005 0.00928405 0.0104876 0.00933443 0.00932963 0.0161061 0.00817428 0.00815783 0.00931197 0.0108609 0.0092417 0.0322375 0.00852325 0.0500502 0.00853966 0.0435463 0.00841873 0.0121581 0.0101716 0.00883574 0.0540911 0.00995325 0.0359222 0.013016 0.0137326 0.0095413 0.00850937 0.0081334 0.00937233 0.00820505 0.0263993 0.00933792 0.025084 0.011128 0.0136356 0.0150495 0.00883342 0.0186992 0.00845397 0.0095701 0.00893724 
0.0101274 0.0111804 0.0214703 0.0176107 0.00899069 0.0143407 0.0109162 0.00953652 0.0170852 0.00945368 0.0191683 0.00840426 0.0125013 0.00800359 0.0279139 0.0122273 0.0191299 0.192147 0.00965373 0.0263826 0.00672798 0.0121934 0.00607077 0.00327465 0.00343827 0.00318411 0.00320002 0.00316647 0 0.00318058 0.00330882 0.0158429 0.0234082 0.0767464 0.00801943 0.015066 0.00983061 0.010623 0.00741981 0.0114515 0.0238819 0.00913497 0.0666049 0.0157004 0.0531548 0.0108896 0.0143484 0.010125 0.00832843 0.0116879 0.00999032 0.0257634 0.0227504 0.0146537 0.00863268 0.0111123 0.00849261 0.0133771 0.00909053 0.00809948 0.008659 0.0109596 0.0187815 0.00836519 0.0115422 0.00815404 0.00851496 0.0120468 0.014866 0.00877489 0.0424858 0.00840358 0.0557631 0.00848692 0.028363 0.00822055 0.00880331 0.0219524 0.00963293 0.0393099 0.0118847 0.0216123 0.0123769 0.00950596 0.00871065 0.0108424 0.0080621 0.0248612 0.00842635 0.0199307 0.0106839 0.0222034 0.0111272 0.0100981 0.0208734 0.00846687 0.0136178 0.00848705 0.00918074 
0.0119047 0.0155853 0.00952574 0.00922751 0.0213151 0.00837122 0.00906883 0.0149509 0.00916789 0.012662 0.00865987 0.0207701 0.00853135 0.0552757 0.0106399 0.0496287 0.158329 0.00898132 0.0129196 0.0071488 0.0106418 0.00723743 0.0056951 0.00391388 0.00336296 0.00339035 0.00320172 0.00322348 0.00318058 0 0.00315784 0.0263174 0.0935499 0.00667829 0.0112057 0.00695223 0.00877257 0.007511 0.00926353 0.0105315 0.00910908 0.0334676 0.0117599 0.0223577 0.00879995 0.0227497 0.0102037 0.00840484 0.0211832 0.00864815 0.0159372 0.013052 0.019222 0.0120954 0.00894469 0.00896671 0.020229 0.00886103 0.00829988 0.0106508 0.0134076 0.00942486 0.00855145 0.018429 0.0081064 0.00914234 0.0100342 0.00853923 0.00846822 0.0172497 0.00824518 0.0232897 0.00836775 0.0198185 0.00830833 0.0120815 0.00948297 0.00879709 0.0223059 0.00880332 0.0136948 0.00938242 0.00963712 0.00874554 0.00825928 0.00804922 0.015209 0.00804817 0.0100536 0.00846556 0.0128751 0.00895229 0.00919204 0.00956247 0.00820866 0.0110633 0.00828773 0.00870899 0.00840762 
0.0137101 0.00865962 0.00950208 0.00942494 0.00834556 0.0160049 0.014454 0.00846608 0.00858475 0.00824254 0.00963532 0.00820528 0.0139379 0.0100003 0.0700729 0.0270788 0.0076887 0.00717067 0.00728142 0.00811202 0.00676016 0.00634169 0.00653996 0.00507356 0.00398688 0.00329855 0.00325232 0.00315012 0.00330882 0.00315784 0 0.0501756 0.00471604 0.00734111 0.00585885 0.00787223 0.00616861 0.00772259 0.00635802 0.0124612 0.0114477 0.00837862 0.0134271 0.00835915 0.0108878 0.00894528 0.00983451 0.0104825 0.00923711 0.0134545 0.0150253 0.0107936 0.00914305 0.0103455 0.00912991 0.0158467 0.00814562 0.014014 0.0110213 0.00796588 0.0103342 0.00866625 0.00897703 0.00805193 0.0122241 0.0090914 0.0080444 0.00855481 0.00929517 0.00800445 0.0120676 0.00798652 0.0134718 0.00803395 0.014415 0.00805477 0.00887736 0.0105702 0.00815579 0.00985639 0.00850597 0.00874051 0.00841763 0.00842522 0.00847103 0.0147221 0.00795957 0.00900027 0.0078863 0.0090907 0.00823321 0.00895589 0.00826512 0.0080997 0.00948649 0.00800339 0.00877942 0.00838223 0.00798356 
0.0119357 0.00981616 0.0096252 0.00900303 0.0110914 0.0137476 0.0102555 0.00976489 0.00959604 0.00974828 0.00915097 0.0111285 0.0205519 0.0215135 0.0106092 0.00975664 0.00827806 0.00864243 0.00879107 0.00844657 0.00843803 0.00981998 0.0132006 0.00649161 0.00653398 0.00752644 0.00622398 0.00711779 0.0158429 0.0263174 0.0501756 0 0.00317242 0.00319562 0.00320659 0.00321076 0.00332653 0.00337108 0.0078094 0.0118354 0.00763994 0.0102854 0.00913393 0.0098823 0.0108895 0.0185914 0.0308883 0.0879065 0.0106025 0.0151146 0.0192717 0.012775 0.0136671 0.0149131 0.0148458 0.0104906 0.00911759 0.0212175 0.00949192 0.0169678 0.0102738 0.00888326 0.00854204 0.00986265 0.0126907 0.00835364 0.00843603 0.00861552 0.00852985 0.00935853 0.00885155 0.0092214 0.0107438 0.00925155 0.00949192 0.0137095 0.0108313 0.00885353 0.0100986 0.00965534 0.0104986 0.00982721 0.00932245 0.0138248 0.0103596 0.00847876 0.00823328 0.00825386 0.00831819 0.00913999 0.00979349 0.00958825 0.00918358 0.00937278 0.00853273 0.00882188 0.00873584 0.00838463 0.0115953 
0.00923164 0.0147574 0.0104066 0.0111486 0.0126458 0.009654 0.0102832 0.0142804 0.0114519 0.0123606 0.0116826 0.0247301 0.0108976 0.0106878 0.0139563 0.00965031 0.00982593 0.00821851 0.0120531 0.00884463 0.0120031 0.011407 0.00816118 0.007301 0.00831453 0.00943977 0.00736156 0.0112761 0.0234082 0.0935499 0.00471604 0.00317242 0 0.00316699 0.00317015 0.00311677 0.00316324 0.00342334 0.00333781 0.00848143 0.0100073 0.0141169 0.0095263 0.0160265 0.0158331 0.0495422 0.063969 0.0155081 0.0118018 0.00879096 0.0141135 0.0282971 0.02281 0.0145526 0.00924535 0.00862536 0.0140206 0.00941795 0.0090814 0.00990696 0.00897893 0.0105911 0.00894998 0.0120005 0.00862128 0.00812726 0.00869884 0.00882849 0.00967722 0.0121111 0.00912078 0.0137154 0.00950726 0.0189897 0.00992129 0.00940914 0.0091094 0.0109111 0.0159993 0.0115065 0.0239761 0.0128215 0.0211463 0.0116087 0.00874274 0.00834182 0.00859981 0.00896417 0.0104734 0.0108815 0.0156537 0.011108 0.011504 0.0103524 0.00903783 0.0117541 0.00856736 0.0101644 0.00857241 
0.00967018 0.0108854 0.0178102 0.0186853 0.0100714 0.0111547 0.0105896 0.0110504 0.0201791 0.0136114 0.0411337 0.0100078 0.0128419 0.00937734 0.0124722 0.0117486 0.00882284 0.0131297 0.00881599 0.0236831 0.0109682 0.0106637 0.00850573 0.00726471 0.0130579 0.00826619 0.0499498 0.0291418 0.0767464 0.00667829 0.00734111 0.00319562 0.00316699 0 0.00317489 0.00319337 0.00310991 0.00320813 0.00323606 0.011156 0.0129943 0.00914118 0.0202311 0.0124217 0.0867467 0.0266506 0.0248549 0.0127059 0.00833577 0.0105872 0.0112255 0.0215185 0.0318887 0.0146251 0.00929008 0.0105645 0.00870949 0.0126676 0.00873232 0.00829489 0.00910633 0.011196 0.0190792 0.00848472 0.0102342 0.00830858 0.00848453 0.0110062 0.0154587 0.0102988 0.0499916 0.00884399 0.0577819 0.0087701 0.023334 0.00857111 0.00978162 0.0176728 0.012719 0.0556858 0.0158441 0.053437 0.0179517 0.00990553 0.0090408 0.00962469 0.0081509 0.0131815 0.00944184 0.0226575 0.0135254 0.0303457 0.0141564 0.0116024 0.0222288 0.00903962 0.0180595 0.00864763 0.00960827 
0.009808 0.0197603 0.0175134 0.0188388 0.0194555 0.00952492 0.0100817 0.0163122 0.0212335 0.047544 0.0142525 0.0252742 0.00966131 0.0157724 0.010327 0.0113399 0.0150304 0.00891764 0.0227649 0.010031 0.024796 0.0100444 0.00859049 0.0114539 0.00924607 0.0707766 0.0330533 0.0963917 0.00801943 0.0112057 0.00585885 0.00320659 0.00317015 0.00317489 0 0.00316054 0.00316639 0.00320192 0.00333853 0.0104136 0.00920647 0.0470788 0.010389 0.10021 0.0145257 0.0543481 0.011756 0.00905986 0.011058 0.00887674 0.0140525 0.0260505 0.0539339 0.0158875 0.0100934 0.00892644 0.0122797 0.00976936 0.00849696 0.0101086 0.0114255 0.0114616 0.010694 0.0214467 0.00876202 0.00842222 0.00970471 0.0106158 0.0107671 0.0630047 0.00982748 0.0722313 0.0092982 0.0603093 0.00922551 0.0125289 0.0107882 0.0102131 0.0911426 0.014732 0.115137 0.0262047 0.0261728 0.0114029 0.00875569 0.00845478 0.0114599 0.00926777 0.0190952 0.0136293 0.0422839 0.0180309 0.0192991 0.0209423 0.0109084 0.0327214 0.00973152 0.0105116 0.00968275 
0.0104757 0.0148907 0.0265741 0.0262668 0.0108735 0.0110108 0.0124411 0.0119116 0.0660535 0.0184781 0.0379735 0.0117227 0.0139871 0.00921956 0.0169967 0.0131295 0.0112885 0.0213129 0.0103802 0.0228259 0.0104516 0.0117736 0.00890819 0.00788729 0.0411945 0.0447367 0.101279 0.00890163 0.015066 0.00695223 0.00787223 0.00321076 0.00311677 0.00319337 0.00316054 0 0.00315271 0.00318167 0.00319533 0.0183589 0.0154774 0.0140992 0.100405 0.0200378 0.0527361 0.0157205 0.0151118 0.0101168 0.00861194 0.0105021 0.0160179 0.0299908 0.0385826 0.023546 0.00946817 0.0105289 0.00891622 0.0132606 0.0090495 0.00855815 0.0107926 0.0115358 0.0200461 0.0100364 0.0111902 0.00826954 0.00889742 0.0131119 0.0306095 0.0117012 0.0594564 0.0101148 0.0650815 0.0100064 0.0298811 0.00877367 0.0104519 0.0287936 0.016528 0.12904 0.0260268 0.0513174 0.0247542 0.0131802 0.00925668 0.0109506 0.00825367 0.0168599 0.00974485 0.0315105 0.0202946 0.0433943 0.0219227 0.0137158 0.0271664 0.00998862 0.0191016 0.0089142 0.010594 
0.00995292 0.0156221 0.0168391 0.0145724 0.0121884 0.00911768 0.00999165 0.0521258 0.0190876 0.0217777 0.0155361 0.0154924 0.00946566 0.0110843 0.0107817 0.0129913 0.0137735 0.00971756 0.0137429 0.00979672 0.015171 0.00938739 0.00847009 0.0387998 0.0325651 0.0826582 0.0105192 0.0102406 0.00983061 0.00877257 0.00616861 0.00332653 0.00316324 0.00310991 0.00316639 0.00315271 0 0.00315294 0.00317075 0.00951802 0.0132645 0.0769003 0.0191905 0.0237636 0.0118901 0.0187538 0.0101829 0.00950233 0.00891901 0.00897926 0.0134283 0.0218169 0.0415133 0.0140639 0.0091213 0.00905894 0.00990388 0.00954044 0.00855014 0.00893356 0.0104155 0.0104492 0.0118886 0.0124436 0.00866484 0.00866173 0.00955019 0.0153472 0.0109128 0.0321497 0.0101993 0.0259978 0.0105448 0.0213725 0.00947636 0.00951591 0.0109681 0.0116203 0.0980355 0.0175119 0.0365595 0.0233271 0.0232645 0.0109297 0.00888525 0.00856845 0.00948427 0.00971276 0.01363 0.0138272 0.0250541 0.0221272 0.0162871 0.0196143 0.0118402 0.0149919 0.00999975 0.00939228 0.00951792 
