1OGCB
MKKHGILNSHLAKILADLGHTDKIVIADAGLPVPDGVLKIDLSLKPGLPAFQDTAAVLAEEMAVEKVIAAAEIKASNQENAKFLENLFSEQEIEYLSHEEFKLLTKDAKAVIRTGEFTPYANCILQAGVLF
CCCCCCCCHHHHHHHHHCCCCCEEEEECCCCCCCCCCEEEECCCECCECCHHHHHHHHHHHCCEEEEEEECCHHHHCHHHHHHHHHHCCCCEEEEECHHHHHHHHHHCCEEEECCCCCCCCCEEEEECCCC
0 0 0 0 0 0 0 0 0 0 0 0 0 0 0 0 0 0 0 0 0 0 0 0 0 0 0 0 0 0 0 0 0 0 0 0 0 0 0 0 0 0 0 0 0 0 0 0 0 0 0 0 0 0 0 0 0 0 0 0 0 0 0 0 0 0 0 0 0 0 0 0 0 0 0 0 0 0 0 0 0 0 0 0 0 0 0 0 0 0 0 0 0 0 0 0 0 0 0 0 0 0 0 0 0 0 0 0 0 0 0 0 0 0 0 0 0 0 0 0 0 0 0 0 0 0 0 0 0 0 0 
0 0 0 0 0 0 0 0 0 0 0 0 0 0 0 0 0 0 0 0 0 0 0 0 0 0 0 0 0 0 0 0 0 0 0 0 0 0 0 0 0 0 0 0 0 0 0 0 0 0 0 0 0 0 0 0 0 0 0 0 0 0 0 0 0 0 0 0 0 0 0 0 0 0 0 0 0 0 0 0 0 0 0 0 0 0 0 0 0 0 0 0 0 0 0 0 0 0 0 0 0 0 0 0 0 0 0 0 0 0 0 0 0 0 0 0 0 0 0 0 0 0 0 0 0 0 0 0 0 0 0 
0 0.00324356 0.00323325 0.00327399 0.00394601 0.0799757 0.0204016 0.0123514 0.151599 0.0146735 0.0130025 0.013295 0.0189433 0.0120724 0.0159698 0.0163654 0.0153552 0.0201387 0.0220307 0.00910075 0.0107187 0.00999551 0.0140407 0.0157612 0.0119966 0.0107126 0.0149427 0.0140681 0.0103644 0.00990977 0.00963155 0.0122618 
0.00324356 0 0.00322107 0.00326505 0.00327843 0.0207603 0.0237701 0.221978 0.0157208 0.00956637 0.00905978 0.0299763 0.0205451 0.0491726 0.0719451 0.0513123 0.0358149 0.0148293 0.0100168 0.0509958 0.0122481 0.0282165 0.0106439 0.0571152 0.0360365 0.0373419 0.0119289 0.0218464 0.0267823 0.0287499 0.0153615 0.00998377 
0.00323325 0.00322107 0 0.00322206 0.00317908 0.0128631 0.240915 0.0320927 0.0260727 0.00844435 0.00829351 0.0116844 0.0363782 0.0441343 0.0704588 0.147935 0.035163 0.0118893 0.0120472 0.0113415 0.0898606 0.01328 0.0098516 0.0141218 0.10999 0.0329176 0.0141828 0.0140979 0.0466951 0.0551244 0.0225524 0.00955461 
0.00327399 0.00326505 0.00322206 0 0.00340909 0.0711537 0.0403003 0.156723 0.0153505 0.00975966 0.00981348 0.0147209 0.0166017 0.0243294 0.028667 0.0525501 0.0835241 0.02278 0.0103833 0.0208032 0.0115563 0.0361454 0.0107848 0.0145912 0.0239235 0.0874901 0.0168492 0.0127201 0.0215561 0.03011 0.0284665 0.011123 
0.00394601 0.00327843 0.00317908 0.00340909 0 0.0697992 0.0182481 0.0149494 0.0696725 0.0145795 0.0179604 0.031341 0.0107251 0.0129863 0.0138294 0.0178238 0.0380704 0.0455342 0.0138807 0.0109866 0.00935766 0.0120434 0.0233013 0.019786 0.0129585 0.0196376 0.0521974 0.0194569 0.011489 0.0136041 0.013539 0.015205 
0.0799757 0.0207603 0.0128631 0.0711537 0.0697992 0 0.00334083 0.00398 0.0045972 0.00975667 0.00815541 0.0201903 0.0109583 0.0105256 0.012155 0.0107086 0.0144368 0.021728 0.0125877 0.00989675 0.00897473 0.0108551 0.0135885 0.0188823 0.00938997 0.0103538 0.013228 0.0124871 0.00879004 0.00882025 0.00884358 0.0124157 
0.0204016 0.0237701 0.240915 0.0403003 0.0182481 0.00334083 0 0.00417098 0.00331322 0.00514591 0.00513189 0.00964855 0.0313054 0.0138973 0.0139656 0.0229634 0.0169552 0.009225 0.0130143 0.00863775 0.0187335 0.00956339 0.00873579 0.00960066 0.0255628 0.0109056 0.00966109 0.00897204 0.0115728 0.0095899 0.0105222 0.00836668 
0.0123514 0.221978 0.0320927 0.156723 0.0149494 0.00398 0.00417098 0 0.00316575 0.0041327 0.00764744 0.0356204 0.010318 0.0160664 0.0153013 0.0186738 0.0168953 0.0132808 0.0089261 0.0432121 0.00853558 0.0135419 0.00937519 0.0160934 0.0103674 0.0191237 0.00891627 0.0119476 0.00960354 0.0120125 0.00897439 0.00875883 
0.151599 0.0157208 0.0260727 0.0153505 0.0696725 0.0045972 0.00331322 0.00316575 0 0.0392202 0.0128814 0.0176737 0.0118635 0.00924177 0.0102381 0.0120743 0.0172707 0.0145735 0.0266644 0.00845004 0.0101302 0.00886796 0.0100169 0.0119912 0.0118323 0.00894089 0.0142059 0.0115467 0.00970601 0.00847082 0.00919045 0.00949206 
0.0146735 0.00956637 0.00844435 0.00975966 0.0145795 0.00975667 0.00514591 0.0041327 0.0392202 0 0.959333 0.0116969 0.00891568 0.00800763 0.00840604 0.0086791 0.0111754 0.0161284 0.014503 0.00838003 0.0082915 0.00865779 0.0106281 0.0108164 0.00846515 0.00837363 0.010213 0.00976078 0.00817521 0.00794134 0.0081966 0.00920069 
0.0130025 0.00905978 0.00829351 0.00981348 0.0179604 0.00815541 0.00513189 0.00764744 0.0128814 0.959333 0 0.0182228 0.00797581 0.00730787 0.00736918 0.00808564 0.0110036 0.0182256 0.0117583 0.00895564 0.00813333 0.00846298 0.011238 0.0113714 0.00832236 0.00830955 0.0103253 0.00927708 0.00806848 0.00797196 0.00814188 0.00924627 
0.013295 0.0299763 0.0116844 0.0147209 0.031341 0.0201903 0.00964855 0.0356204 0.0176737 0.0116969 0.0182228 0 0.00321528 0.0032554 0.00323297 0.00338238 0.00362831 0.00694554 0.0151245 0.0218763 0.00870155 0.0123543 0.0421847 0.0275507 0.0112277 0.0136385 0.0190033 0.0197529 0.0102714 0.0109866 0.0093794 0.0227188 
0.0189433 0.0205451 0.0363782 0.0166017 0.0107251 0.0109583 0.0313054 0.010318 0.0118635 0.00891568 0.00797581 0.00321528 0 0.00316841 0.00316859 0.00333257 0.00354118 0.00324711 0.0648735 0.00953986 0.023975 0.0118294 0.00903494 0.0132459 0.0346575 0.0148907 0.010366 0.011284 0.0216975 0.0119233 0.0166318 0.0091483 
0.0120724 0.0491726 0.0441343 0.0243294 0.0129863 0.0105256 0.0138973 0.0160664 0.00924177 0.00800763 0.00730787 0.0032554 0.00316841 0 0.00315761 0.00316986 0.00316643 0.0032341 0.135991 0.04 0.021251 0.0135731 0.010946 0.0158706 0.0251211 0.0185429 0.011806 0.0149873 0.0193235 0.0431035 0.0153234 0.0105038 
0.0159698 0.0719451 0.0704588 0.028667 0.0138294 0.012155 0.0139656 0.0153013 0.0102381 0.00840604 0.00736918 0.00323297 0.00316859 0.00315761 0 0.00317256 0.00319564 0.00320479 0.0260547 0.307412 0.0347782 0.0333852 0.00954165 0.0201823 0.0307159 0.0253164 0.0125602 0.01531 0.0446957 0.0502856 0.0182317 0.0109767 
0.0163654 0.0513123 0.147935 0.0525501 0.0178238 0.0107086 0.0229634 0.0186738 0.0120743 0.0086791 0.00808564 0.00338238 0.00333257 0.00316986 0.00317256 0 0.00317711 0.00320905 0.0419403 0.0304354 0.438562 0.0231439 0.0148228 0.0165694 0.0631621 0.0390118 0.0179012 0.0215275 0.0506027 0.0849821 0.0312888 0.0119089 
0.0153552 0.0358149 0.035163 0.0835241 0.0380704 0.0144368 0.0169552 0.0168953 0.0172707 0.0111754 0.0110036 0.00362831 0.00354118 0.00316643 0.00319564 0.00317711 0 0.00325797 0.0266833 0.023302 0.0262238 0.51702 0.016208 0.0200639 0.0421233 0.0573799 0.025672 0.0167694 0.0408333 0.0261512 0.0574639 0.0143442 
0.0201387 0.0148293 0.0118893 0.02278 0.0455342 0.021728 0.009225 0.0132808 0.0145735 0.0161284 0.0182256 0.00694554 0.00324711 0.0032341 0.00320479 0.00320905 0.00325797 0 0.0183469 0.017856 0.0125604 0.0275925 0.526549 0.0269872 0.0143962 0.0159358 0.0285687 0.0248872 0.0112696 0.0123991 0.0146549 0.0178661 
0.0220307 0.0100168 0.0120472 0.0103833 0.0138807 0.0125877 0.0130143 0.0089261 0.0266644 0.014503 0.0117583 0.0151245 0.0648735 0.135991 0.0260547 0.0419403 0.0266833 0.0183469 0 0.00324012 0.00384307 0.0033492 0.00410661 0.0193234 0.0178276 0.0110641 0.0391074 0.017009 0.0140108 0.00932821 0.0126356 0.0171127 
0.00910075 0.0509958 0.0113415 0.0208032 0.0109866 0.00989675 0.00863775 0.0432121 0.00845004 0.00838003 0.00895564 0.0218763 0.00953986 0.04 0.307412 0.0304354 0.023302 0.017856 0.00324012 0 0.00314764 0.0032319 0.0033229 0.0272604 0.0163581 0.031205 0.0116659 0.020536 0.0140106 0.0191936 0.0119612 0.0128881 
0.0107187 0.0122481 0.0898606 0.0115563 0.00935766 0.00897473 0.0187335 0.00853558 0.0101302 0.0082915 0.00813333 0.00870155 0.023975 0.021251 0.0347782 0.438562 0.0262238 0.0125604 0.00384307 0.00314764 0 0.00315708 0.00315688 0.0212097 0.0625052 0.0227237 0.0109111 0.011265 0.0184954 0.0212275 0.0175883 0.00935348 
0.00999551 0.0282165 0.01328 0.0361454 0.0120434 0.0108551 0.00956339 0.0135419 0.00886796 0.00865779 0.00846298 0.0123543 0.0118294 0.0135731 0.0333852 0.0231439 0.51702 0.0275925 0.0033492 0.0032319 0.00315708 0 0.00318477 0.0186348 0.0460805 0.0713486 0.0188946 0.0136321 0.0268774 0.0224262 0.0329521 0.0136829 
0.0140407 0.0106439 0.0098516 0.0107848 0.0233013 0.0135885 0.00873579 0.00937519 0.0100169 0.0106281 0.011238 0.0421847 0.00903494 0.010946 0.00954165 0.0148228 0.016208 0.526549 0.00410661 0.0033229 0.00315688 0.00318477 0 0.0340903 0.0109115 0.0139062 0.0363261 0.021501 0.0108785 0.0116679 0.0122369 0.0221955 
0.0157612 0.0571152 0.0141218 0.0145912 0.019786 0.0188823 0.00960066 0.0160934 0.0119912 0.0108164 0.0113714 0.0275507 0.0132459 0.0158706 0.0201823 0.0165694 0.0200639 0.0269872 0.0193234 0.0272604 0.0212097 0.0186348 0.0340903 0 0.00338118 0.0032602 0.00352664 0.0432989 0.0168546 0.0149935 0.0227792 0.11193 
0.0119966 0.0360365 0.10999 0.0239235 0.0129585 0.00938997 0.0255628 0.0103674 0.0118323 0.00846515 0.00832236 0.0112277 0.0346575 0.0251211 0.0307159 0.0631621 0.0421233 0.0143962 0.0178276 0.0163581 0.0625052 0.0460805 0.0109115 0.00338118 0 0.00317961 0.00320846 0.020645 0.0431731 0.0423044 0.0857489 0.0191397 
0.0107126 0.0373419 0.0329176 0.0874901 0.0196376 0.0103538 0.0109056 0.0191237 0.00894089 0.00837363 0.00830955 0.0136385 0.0148907 0.0185429 0.0253164 0.0390118 0.0573799 0.0159358 0.0110641 0.031205 0.0227237 0.0713486 0.0139062 0.0032602 0.00317961 0 0.00328959 0.0216639 0.0584699 0.0961706 0.0904791 0.0197391 
0.0149427 0.0119289 0.0141828 0.0168492 0.0521974 0.013228 0.00966109 0.00891627 0.0142059 0.010213 0.0103253 0.0190033 0.010366 0.011806 0.0125602 0.0179012 0.025672 0.0285687 0.0391074 0.0116659 0.0109111 0.0188946 0.0363261 0.00352664 0.00320846 0.00328959 0 0.0352294 0.0425462 0.0237045 0.0390383 0.0581829 
0.0140681 0.0218464 0.0140979 0.0127201 0.0194569 0.0124871 0.00897204 0.0119476 0.0115467 0.00976078 0.00927708 0.0197529 0.011284 0.0149873 0.01531 0.0215275 0.0167694 0.0248872 0.017009 0.020536 0.011265 0.0136321 0.021501 0.0432989 0.020645 0.0216639 0.0352294 0 0.00324487 0.00319374 0.00331059 0.00448837 
0.0103644 0.0267823 0.0466951 0.0215561 0.011489 0.00879004 0.0115728 0.00960354 0.00970601 0.00817521 0.00806848 0.0102714 0.0216975 0.0193235 0.0446957 0.0506027 0.0408333 0.0112696 0.0140108 0.0140106 0.0184954 0.0268774 0.0108785 0.0168546 0.0431731 0.0584699 0.0425462 0.00324487 0 0.0032032 0.00330229 0.00327038 
0.00990977 0.0287499 0.0551244 0.03011 0.0136041 0.00882025 0.0095899 0.0120125 0.00847082 0.00794134 0.00797196 0.0109866 0.0119233 0.0431035 0.0502856 0.0849821 0.0261512 0.0123991 0.00932821 0.0191936 0.0212275 0.0224262 0.0116679 0.0149935 0.0423044 0.0961706 0.0237045 0.00319374 0.0032032 0 0.00319795 0.0031903 
0.00963155 0.0153615 0.0225524 0.0284665 0.013539 0.00884358 0.0105222 0.00897439 0.00919045 0.0081966 0.00814188 0.0093794 0.0166318 0.0153234 0.0182317 0.0312888 0.0574639 0.0146549 0.0126356 0.0119612 0.0175883 0.0329521 0.0122369 0.0227792 0.0857489 0.0904791 0.0390383 0.00331059 0.00330229 0.00319795 0 0.00320984 
0.0122618 0.00998377 0.00955461 0.011123 0.015205 0.0124157 0.00836668 0.00875883 0.00949206 0.00920069 0.00924627 0.0227188 0.0091483 0.0105038 0.0109767 0.0119089 0.0143442 0.0178661 0.0171127 0.0128881 0.00935348 0.0136829 0.0221955 0.11193 0.0191397 0.0197391 0.0581829 0.00448837 0.00327038 0.0031903 0.00320984 0 
