1ONKB
DDVTCSASEPTVRIVGRNGMRVDVRDDDFHDGNQIQLWPSKSNNDPNQLWTIKRDGTIRSNGSCLTTYGYTAGVYVMIFDCNTAVREATIWQIWDNGTIINPRSNLVLAASSGIKGTTLTVQTLDYTLGQGWLAGNDTAPREVTIYGFRDLCMESNGGSVWVETCDSSQKNQKWALYGDGSIRPKQNQDQCLTSGRDSVSTVINIVSCSGASGSQRWVFTNEGAILNLKNGLAMDVAQANPKLRRIIIYPATGKPNQMWLPVF
CCCCCCCCCCEECEECHHHCEEEEHHHCCCCCCEEEEECCCCCCCHHHCEEECCCCCEEECCEEEEECCCCCCCEEEEEECCCCCHHHHCCEECCCCCEEECCCCEEEECCCCCCCCECEEECCCCCHHHCCEECCCCCCEEEEEECHHHEEEEEECCEEEEEECCCCCHHHEEEECCCCCEEECCCCCEEEECCCCCCCCECEEEECCCCCHHHCEEECCCCCEEECCCCCEEEECCCCCCCCCEEEECCCCCHHHCCEEEC
0 0 0 0 0 0 0 0 0 0 0 0 0 0 0 0 0 0 0 0 0 0 0 0 0 0 0 0 0 0 0 0 0 0 0 0 0 0 0 0 0 0 0 0 0 0 0 0 0 0 0 0 0 0 0 0 0 0 0 0 0 0 0 0 0 0 0 0 0 0 0 0 0 0 0 0 0 0 0 0 0 0 0 0 0 0 0 0 0 0 0 0 0 0 0 0 0 0 0 0 0 0 0 0 0 0 0 0 0 0 0 0 0 0 0 0 0 0 0 0 0 0 0 0 0 0 0 0 0 0 0 0 0 0 0 0 0 0 0 0 0 0 0 0 0 0 0 0 0 0 0 0 0 0 0 0 0 0 0 0 0 0 0 0 0 0 0 0 0 0 0 0 0 0 0 0 0 0 0 0 0 0 0 0 0 0 0 0 0 0 0 0 0 0 0 0 0 0 0 0 0 0 0 0 0 0 0 0 0 0 0 0 0 0 0 0 0 0 0 0 0 0 0 0 0 0 0 0 0 0 0 0 0 0 0 0 0 0 0 0 0 0 0 0 0 0 0 0 0 0 0 0 0 0 0 0 0 0 0 0 0 0 0 
0 0 0 0 0 0 0 0 0 0 0 0 0 0 0 0 0 0 0 0 0 0 0 0 0 0 0 0 0 0 0 0 0 0 0 0 0 0 0 0 0 0 0 0 0 0 0 0 0 0 0 0 0 0 0 0 0 0 0 0 0 0 0 0 0 0 0 0 0 0 0 0 0 0 0 0 0 0 0 0 0 0 0 0 0 0 0 0 0 0 0 0 0 0 0 0 0 0 0 0 0 0 0 0 0 0 0 0 0 0 0 0 0 0 0 0 0 0 0 0 0 0 0 0 0 0 0 0 0 0 0 0 0 0 0 0 0 0 0 0 0 0 0 0 0 0 0 0 0 0 0 0 0 0 0 0 0 0 0 0 0 0 0 0 0 0 0 0 0 0 0 0 0 0 0 0 0 0 0 0 0 0 0 0 0 0 0 0 0 0 0 0 0 0 0 0 0 0 0 0 0 0 0 0 0 0 0 0 0 0 0 0 0 0 0 0 0 0 0 0 0 0 0 0 0 0 0 0 0 0 0 0 0 0 0 0 0 0 0 0 0 0 0 0 0 0 0 0 0 0 0 0 0 0 0 0 0 0 0 0 0 0 0 
0 0.00378811 0.00373626 0.0267212 0.00996127 0.0130745 0.0189146 0.0163926 0.0268296 0.009742 0.0109646 0.010982 0.0156058 0.0114548 0.0176211 0.0149092 0.0134857 0.0129162 0.0141715 0.0116984 0.0102772 0.00912034 0.0113375 0.0129776 0.0124396 0.00903997 0.00906866 0.00857898 0.00898069 0.0113976 0.0097223 0.00980451 0.0100296 0.00956664 0.0100358 0.00917534 0.00858119 0.00953413 0.0116154 0.011271 0.0088421 0.00844554 0.00977002 0.00853594 0.00949506 0.00860721 0.00846129 0.00816201 0.00847297 0.00830782 0.00967521 0.00807582 0.00809787 0.00809159 0.00806167 0.00800067 0.00872996 0.00849951 0.00802367 0.00812569 0.00803671 0.00800392 0.00859497 0.00789857 0.00802838 0.00805567 0.00862763 0.00858119 0.00814778 0.00879181 0.0083453 0.00797746 0.00802652 0.00890001 0.00982433 0.00948077 0.00799946 0.0079712 0.00869886 0.00813413 0.00804908 0.00832752 0.00844279 0.00809976 0.00879102 0.00839145 0.00809095 0.00816693 0.00856411 0.00859367 0.0082048 0.00824961 0.00859206 0.00842768 0.00839596 0.00877402 
0.00378811 0 0.00913496 0.00352703 0.0161814 0.0220725 0.017658 0.0136 0.0118781 0.0203697 0.00904392 0.0183688 0.0103277 0.0217426 0.0108172 0.017415 0.0227613 0.0105649 0.0130576 0.0143785 0.0110018 0.0118117 0.010356 0.0143481 0.0110919 0.0157314 0.00943877 0.0114568 0.0101294 0.00923159 0.00880212 0.00973235 0.0138463 0.00891094 0.00948282 0.01245 0.00914519 0.0101301 0.0103523 0.00968176 0.00923376 0.00915986 0.00908711 0.00843762 0.00832642 0.0102126 0.00815778 0.00893163 0.00849782 0.00895018 0.00847108 0.00966316 0.00839591 0.00861769 0.00835969 0.00837743 0.00814016 0.0082672 0.00825745 0.00813483 0.00897322 0.00801284 0.00882933 0.00853539 0.00855969 0.00819677 0.00840389 0.00862386 0.00809161 0.00855355 0.00821938 0.00812999 0.00819827 0.00834791 0.00849868 0.00807786 0.00846421 0.0079804 0.00815297 0.00838153 0.00802779 0.00821556 0.00857883 0.00806764 0.00818185 0.008412 0.00825083 0.00816137 0.00819903 0.00891471 0.0082641 0.00822292 0.00816192 0.00847709 0.00825091 0.00873356 
0.00373626 0.00913496 0 0.00386719 0.00783339 0.0732597 0.0146648 0.0105422 0.0154581 0.0116076 0.0138195 0.0134638 0.0175955 0.0131139 0.0185306 0.0146063 0.0143428 0.0129394 0.0146985 0.0123223 0.0127984 0.0114303 0.0160168 0.0150104 0.0116516 0.0122457 0.0121458 0.00991068 0.010583 0.0118874 0.00954124 0.0106696 0.0108019 0.0100649 0.0106319 0.0125706 0.0104532 0.0118777 0.0126876 0.0112458 0.0093999 0.00874665 0.00975358 0.00880867 0.00951368 0.00895471 0.00878171 0.00896488 0.00876612 0.00874609 0.0096266 0.0087871 0.00884878 0.0087093 0.00834688 0.00815516 0.00833643 0.00841451 0.00848685 0.00829813 0.00837553 0.00808266 0.00837 0.00840163 0.00838025 0.00838794 0.00886563 0.0088793 0.00807273 0.00878312 0.0082739 0.00820309 0.00819302 0.00877694 0.00896234 0.0087687 0.00821452 0.00805521 0.00852264 0.00844292 0.00811885 0.00829795 0.00870768 0.00806805 0.00849091 0.00855732 0.00820868 0.00818243 0.0083378 0.00868621 0.00822356 0.0082841 0.00830019 0.00854407 0.00822166 0.00859865 
0.0267212 0.00352703 0.00386719 0 0.353979 0.0111113 0.00478265 0.00463066 0.014236 0.0149976 0.0090368 0.0133709 0.0115128 0.0303461 0.0149368 0.0151326 0.0247136 0.0135334 0.012212 0.0196489 0.011417 0.0106423 0.01185 0.0148125 0.01545 0.0125413 0.00997976 0.0102929 0.00977811 0.0100673 0.0133377 0.00923347 0.0159789 0.00980839 0.00971466 0.0139581 0.00962016 0.0106986 0.0120952 0.0137916 0.0102679 0.00936471 0.00915238 0.0116082 0.00857 0.0102776 0.00842561 0.00838393 0.0085373 0.00880266 0.00855517 0.0104615 0.00852106 0.00845186 0.00824344 0.00827007 0.00826425 0.00883346 0.00836288 0.00818104 0.00831545 0.00808866 0.00822304 0.00903694 0.00823728 0.00842078 0.00835726 0.00959544 0.00832788 0.00832098 0.00872565 0.00817289 0.00816391 0.00828885 0.00927206 0.00860717 0.00818034 0.00795659 0.00811173 0.00874629 0.00831543 0.00808938 0.00903445 0.00833739 0.00807995 0.00906743 0.00832522 0.00811593 0.00816253 0.00899042 0.00830827 0.00810856 0.00816241 0.00896052 0.00845792 0.00840613 
0.00996127 0.0161814 0.00783339 0.353979 0 0.00321499 0.00322643 0.00333739 0.0182169 0.00779901 0.0175564 0.032155 0.607506 0.0133552 0.0125813 0.0249796 0.0174932 0.0112251 0.0235607 0.0135618 0.0118004 0.011147 0.0128591 0.020726 0.0152052 0.010598 0.0138505 0.0103405 0.0101102 0.0198258 0.00933679 0.0103421 0.0120689 0.00976124 0.0132472 0.010456 0.00972406 0.0103886 0.0193178 0.0110191 0.00943819 0.00858413 0.0119881 0.00848357 0.00971783 0.00837435 0.00818836 0.00872296 0.0087292 0.00866566 0.0117007 0.0084745 0.0085421 0.00870121 0.00844171 0.00818155 0.00905619 0.00805846 0.00812455 0.0082783 0.00826158 0.00812066 0.00923133 0.00802023 0.00855548 0.00835968 0.00933831 0.00862623 0.00820985 0.00948947 0.0081124 0.00821328 0.00819845 0.00963872 0.00860533 0.00839202 0.00806568 0.00800638 0.00902534 0.0082986 0.00798949 0.0087278 0.00866617 0.00798704 0.0090013 0.00840798 0.00820677 0.00814097 0.00863266 0.0086318 0.00808224 0.00833561 0.00864978 0.00859107 0.00815733 0.00923119 
0.0130745 0.0220725 0.0732597 0.0111113 0.00321499 0 0.00317514 0.00315941 0.00831313 0.062112 0.0190624 0.663406 0.00926073 0.0153483 0.0174387 0.0127905 0.0155985 0.0167489 0.0112219 0.0100411 0.0205943 0.0261754 0.0154536 0.0119436 0.00962497 0.0519769 0.0153023 0.0246897 0.0145864 0.00880927 0.00857665 0.00919552 0.0111488 0.0122349 0.00880445 0.0100692 0.0132782 0.0188584 0.00975016 0.00860097 0.00985112 0.0104308 0.00859427 0.0085178 0.00839149 0.00844263 0.00871974 0.0107298 0.00974362 0.00993473 0.00832443 0.00845796 0.00906723 0.010685 0.00889998 0.00875677 0.00799965 0.00804207 0.00872958 0.00894673 0.0088539 0.00838497 0.00799812 0.00820083 0.00874746 0.00918354 0.0084523 0.00839172 0.00837324 0.0083094 0.00796998 0.0083475 0.00848255 0.00822544 0.00791085 0.00805291 0.00837349 0.00812828 0.00800931 0.00813288 0.00827344 0.00808717 0.00818539 0.00829424 0.00807567 0.00827157 0.00860228 0.00839918 0.00812327 0.00829835 0.00838387 0.00830628 0.00806476 0.0082136 0.00842732 0.00833851 
0.0189146 0.017658 0.0146648 0.00478265 0.00322643 0.00317514 0 0.00315892 0.0233187 0.0188224 0.629151 0.0108909 0.00788901 0.0116986 0.0272848 0.00878363 0.0162593 0.0183247 0.00940222 0.0121134 0.0156216 0.0147782 0.0207566 0.00959619 0.0148661 0.0122472 0.0258864 0.0116125 0.0144972 0.00958376 0.00979388 0.00847525 0.0111198 0.0112652 0.0088833 0.00943839 0.0136371 0.0129955 0.0101956 0.00946977 0.010523 0.00948176 0.0087 0.00858472 0.00821388 0.00861773 0.00916495 0.00917923 0.00968709 0.00857637 0.00851382 0.00866647 0.00926887 0.00891475 0.00896132 0.00823859 0.00804175 0.00852447 0.00844893 0.00896173 0.00867286 0.00821859 0.00798442 0.00835094 0.00865303 0.00877627 0.00814821 0.00852449 0.00828278 0.00804239 0.00825809 0.00840925 0.00841579 0.00808356 0.00835967 0.00833517 0.00822958 0.00822064 0.00796334 0.00820705 0.00821776 0.00796967 0.00830131 0.00821872 0.00796524 0.00831484 0.0082888 0.00829189 0.00796457 0.00834763 0.00828573 0.00823677 0.00791988 0.00827226 0.00815061 0.00825205 
0.0163926 0.0136 0.0105422 0.00463066 0.00333739 0.00315941 0.00315892 0 0.0248917 0.412215 0.00555303 0.00674426 0.00670332 0.0191921 0.00895683 0.0132792 0.0280203 0.00900271 0.0110743 0.0189054 0.0111453 0.0109108 0.00926093 0.0142923 0.0133625 0.0156347 0.00922251 0.0107744 0.00880275 0.00954556 0.00932276 0.00921277 0.0155485 0.00874066 0.00882963 0.0202097 0.00931623 0.00954162 0.00963752 0.0136748 0.0104492 0.0087377 0.00868625 0.00913498 0.0081451 0.0115497 0.00825589 0.00874941 0.00831102 0.00858527 0.00823273 0.010631 0.00851322 0.00865859 0.00814425 0.0082065 0.00797761 0.0084906 0.00832882 0.00826737 0.00849678 0.00806316 0.00801038 0.00914039 0.00837364 0.0081475 0.00825152 0.00901287 0.00799836 0.00800743 0.00824107 0.00814325 0.00806851 0.0080332 0.00875179 0.00810905 0.00812926 0.0079047 0.00792471 0.00858816 0.00793978 0.00793802 0.00861378 0.00795479 0.00792995 0.0084978 0.00806128 0.00793188 0.00797615 0.00849058 0.00811278 0.00796457 0.00790863 0.00829834 0.00802683 0.00818998 
0.0268296 0.0118781 0.0154581 0.014236 0.0182169 0.00831313 0.0233187 0.0248917 0 0.00322087 0.00319418 0.00320196 0.0037152 0.00829023 0.0130293 0.0217655 0.0144129 0.0133905 0.0147804 0.014974 0.00983298 0.00930491 0.0135262 0.0215304 0.0306653 0.00904179 0.0145763 0.00896641 0.0108192 0.0162691 0.0105321 0.00938202 0.011854 0.00945255 0.0121021 0.0101779 0.008915 0.00956359 0.0149814 0.0129793 0.0098312 0.00838982 0.0110273 0.00869075 0.00945014 0.0083942 0.00868335 0.00818368 0.00912196 0.00859945 0.0111815 0.00807204 0.00819293 0.00817327 0.00818206 0.0082502 0.00894343 0.00850398 0.00788882 0.00836458 0.00802105 0.00815388 0.00889488 0.00791047 0.0080739 0.00822686 0.0085717 0.00835368 0.00823155 0.00881144 0.00830114 0.00787102 0.00805658 0.00880256 0.00942081 0.00920207 0.00785805 0.00788925 0.00875143 0.00789864 0.00792849 0.0083611 0.00818693 0.00797026 0.00862345 0.00843031 0.00798349 0.0081079 0.00833441 0.00826936 0.00804953 0.00818795 0.0083917 0.00809635 0.00812041 0.00860973 
0.009742 0.0203697 0.0116076 0.0149976 0.00779901 0.062112 0.0188224 0.412215 0.00322087 0 0.0031781 0.00324283 0.00317456 0.00866941 0.0145912 0.0266807 0.0158515 0.01196 0.0132242 0.00938731 0.0171295 0.0159302 0.0221922 0.0156045 0.00900638 0.0762317 0.0109557 0.0343447 0.0136785 0.00920112 0.00859691 0.00986321 0.0110683 0.0132923 0.00923325 0.0112818 0.0127175 0.0156307 0.0101767 0.00864939 0.00895472 0.0119839 0.00878109 0.00844025 0.00855907 0.00899593 0.00847685 0.0120292 0.00898464 0.0109983 0.00844983 0.00867909 0.00879378 0.0100489 0.00869024 0.00911633 0.008137 0.00792775 0.00939511 0.00855543 0.00915812 0.00831734 0.00819463 0.00825744 0.00886046 0.00880007 0.00846446 0.00823403 0.00835955 0.00840516 0.0079761 0.00843098 0.00839344 0.00826546 0.00789511 0.00799937 0.00855277 0.00816243 0.00807414 0.00819411 0.00824076 0.00808757 0.00815269 0.0082234 0.00809369 0.00802152 0.00846622 0.00831892 0.00815808 0.00821585 0.00833992 0.00824018 0.00806939 0.00815424 0.00839067 0.00832709 
0.0109646 0.00904392 0.0138195 0.0090368 0.0175564 0.0190624 0.629151 0.00555303 0.00319418 0.0031781 0 0.00315591 0.00316069 0.00839835 0.0255806 0.0132837 0.0107318 0.0123851 0.0088355 0.011496 0.0122916 0.0450985 0.017881 0.0088103 0.0145405 0.0103117 0.0894276 0.0156594 0.0122874 0.0092573 0.00904677 0.00825902 0.0108957 0.00946256 0.00880107 0.00929351 0.0166159 0.0129956 0.00968343 0.00863959 0.0137866 0.00865012 0.00878498 0.00823737 0.00810751 0.00819794 0.0102189 0.00980551 0.0156761 0.00870572 0.00863935 0.00882128 0.00942117 0.0105456 0.0103857 0.0082635 0.00803195 0.00830715 0.00836791 0.0107497 0.00873977 0.00833964 0.00795924 0.00817906 0.00860817 0.00921811 0.00821634 0.00819245 0.00827505 0.00808404 0.00801543 0.00829815 0.00859637 0.00809349 0.00796411 0.00821206 0.00825 0.00810492 0.00802064 0.00806688 0.00820265 0.00807559 0.00810683 0.00810528 0.00804685 0.00806917 0.00836556 0.00835758 0.00806718 0.00815736 0.00823097 0.00820779 0.0080239 0.0080992 0.00814117 0.00830128 
0.010982 0.0183688 0.0134638 0.0133709 0.032155 0.663406 0.0108909 0.00674426 0.00320196 0.00324283 0.00315591 0 0.00319439 0.0167314 0.0345137 0.0142886 0.0128349 0.0128988 0.0101379 0.0102189 0.0350831 0.016924 0.015695 0.0121173 0.00956097 0.0383249 0.0117854 0.0197803 0.0119812 0.00946163 0.00857892 0.00955402 0.0109159 0.0120892 0.00861085 0.0104516 0.011517 0.018205 0.00975489 0.0094984 0.00931456 0.0118108 0.00880813 0.00858926 0.00835216 0.00938348 0.00890285 0.0106892 0.00888612 0.0105504 0.00828795 0.00913276 0.0089603 0.00944528 0.00847247 0.00873761 0.00808617 0.00849278 0.00894654 0.00852304 0.00887357 0.00831015 0.0080964 0.00831141 0.00853764 0.00863623 0.00834223 0.0083613 0.0081753 0.00821525 0.00795748 0.00841212 0.00840161 0.00814823 0.00810453 0.00792995 0.0083341 0.00809885 0.00805799 0.00820502 0.00815286 0.00802012 0.00827957 0.00810498 0.00804482 0.00819705 0.00836554 0.00824357 0.00803032 0.00834079 0.00835332 0.00808354 0.00795833 0.00814844 0.00813745 0.00817933 
0.0156058 0.0103277 0.0175955 0.0115128 0.607506 0.00926073 0.00788901 0.00670332 0.0037152 0.00317456 0.00316069 0.00319439 0 0.019602 0.00955837 0.00923356 0.0146778 0.0101401 0.00980831 0.0235378 0.0106985 0.00998311 0.0108557 0.0100547 0.0153837 0.00954223 0.0109393 0.00908499 0.00956785 0.00946082 0.00974036 0.00829196 0.013882 0.00861861 0.0085897 0.0124788 0.00940746 0.00944117 0.0110894 0.0114331 0.0108869 0.00838849 0.00847967 0.00900443 0.00809847 0.00972528 0.00837586 0.00831828 0.00853882 0.00828216 0.00843429 0.00975622 0.00837951 0.00827926 0.00818469 0.00803213 0.00795784 0.00866341 0.00814246 0.00819308 0.00815634 0.00800499 0.00799208 0.00853806 0.00811962 0.00817241 0.00815993 0.00863996 0.00794534 0.00798646 0.00808207 0.00800892 0.00799076 0.00809153 0.00853222 0.00812386 0.00798842 0.00795996 0.00798195 0.00818437 0.00794968 0.00798233 0.00839093 0.00796124 0.0079401 0.00827566 0.00797352 0.00801411 0.00796952 0.00830635 0.00799003 0.00799581 0.00787954 0.00815914 0.00794855 0.00801816 
0.0114548 0.0217426 0.0131139 0.0303461 0.0133552 0.0153483 0.0116986 0.0191921 0.00829023 0.00866941 0.00839835 0.0167314 0.019602 0 0.00327352 0.00327577 0.00628472 0.0118448 0.682545 0.00760972 0.00756667 0.0201993 0.00857438 0.0581378 0.0133779 0.0134111 0.0120236 0.0115354 0.0103137 0.019131 0.00946534 0.0135866 0.0143161 0.0104715 0.0192141 0.0130151 0.0103829 0.0123587 0.0205467 0.013977 0.00964481 0.00963202 0.0147398 0.00884363 0.0107901 0.00910546 0.00848528 0.00947629 0.00919337 0.00920779 0.0130759 0.0105747 0.0085638 0.00913226 0.00866831 0.00859909 0.00935197 0.008268 0.00831665 0.00843108 0.00858897 0.00829698 0.00951999 0.00886782 0.00861989 0.0085394 0.0103055 0.00879334 0.00830549 0.0104806 0.00803676 0.00845819 0.00834959 0.00960897 0.00852089 0.00825131 0.00811298 0.00803277 0.00919889 0.00840378 0.00795729 0.0090679 0.00858508 0.00798491 0.00910191 0.00835296 0.00825816 0.00819695 0.00872229 0.00857505 0.0080663 0.00826604 0.00857031 0.00859737 0.00813305 0.00889902 
0.0176211 0.0108172 0.0185306 0.0149368 0.0125813 0.0174387 0.0272848 0.00895683 0.0130293 0.0145912 0.0255806 0.0345137 0.00955837 0.00327352 0 0.00319265 0.0265805 0.925829 0.00734378 0.00713265 0.0159217 0.00892941 0.0589401 0.0337512 0.0128103 0.0179114 0.0126368 0.0109696 0.0199333 0.00940786 0.0147634 0.00878045 0.0112501 0.0369212 0.00893551 0.0100264 0.0153495 0.0188189 0.0106927 0.0107893 0.00997819 0.0171331 0.00897995 0.0100461 0.00906441 0.00879542 0.0102149 0.0087642 0.00915665 0.00916425 0.00874765 0.00868893 0.00974368 0.00888609 0.00859383 0.00841921 0.00805104 0.0086545 0.00869184 0.00869721 0.00849666 0.00847614 0.00802382 0.00833092 0.00846678 0.00900588 0.00835513 0.00848737 0.00851254 0.00816411 0.00821281 0.00836247 0.00837748 0.00820795 0.00844085 0.00813454 0.00827947 0.00819833 0.00808206 0.0080461 0.0084149 0.00806678 0.0081963 0.00837401 0.00806224 0.00810994 0.00843461 0.00842827 0.00807583 0.00833571 0.00835878 0.00824412 0.00810236 0.00827381 0.00847219 0.00808918 
0.0149092 0.017415 0.0146063 0.0151326 0.0249796 0.0127905 0.00878363 0.0132792 0.0217655 0.0266807 0.0132837 0.0142886 0.00923356 0.00327577 0.00319265 0 0.957723 0.00690665 0.00749904 0.012977 0.00962863 0.0320903 0.0293779 0.0428525 0.015445 0.0129903 0.00938194 0.0120469 0.00869153 0.0106263 0.0102283 0.0108532 0.0359074 0.00883693 0.0105601 0.0225572 0.0109641 0.0104501 0.013148 0.0157637 0.0141057 0.00888811 0.0100105 0.010421 0.00870208 0.0165135 0.00890836 0.00905843 0.00876506 0.00901699 0.00911592 0.0133755 0.00872758 0.00882848 0.008342 0.00838723 0.00825868 0.0101232 0.00899523 0.0083283 0.00879178 0.00820919 0.00832158 0.0097658 0.00861405 0.00846295 0.00881862 0.0106123 0.00812192 0.00848688 0.00887886 0.00846351 0.00845683 0.00864458 0.00904505 0.00831158 0.00830263 0.00815366 0.00819094 0.00914323 0.0080153 0.00816665 0.00947268 0.00806632 0.00816015 0.00919109 0.00825412 0.00824695 0.00810827 0.00910623 0.00825188 0.00811062 0.00802237 0.00858581 0.00805131 0.00836886 
0.0134857 0.0227613 0.0143428 0.0247136 0.0174932 0.0155985 0.0162593 0.0280203 0.0144129 0.0158515 0.0107318 0.0128349 0.0146778 0.00628472 0.0265805 0.957723 0 0.00387165 0.00356278 0.00417769 0.0157564 0.387394 0.0372047 0.0186579 0.0144787 0.0118072 0.0107457 0.0106282 0.0109105 0.0213834 0.0114433 0.0184216 0.0199412 0.0123544 0.0223047 0.0183006 0.0114558 0.0141261 0.0250482 0.0158223 0.0107308 0.0107635 0.0198029 0.00983219 0.0131286 0.0105786 0.00878348 0.0097253 0.00947207 0.0106678 0.0151628 0.00982454 0.00871797 0.00924058 0.00890105 0.00944508 0.011229 0.00871765 0.00860149 0.00868215 0.00875275 0.00904693 0.0115792 0.00864743 0.00842042 0.00897493 0.0118708 0.00947159 0.00871931 0.0120233 0.00830998 0.00821337 0.00871764 0.0107242 0.0093478 0.00858108 0.00822752 0.00822956 0.00953751 0.00858996 0.00799768 0.00961956 0.00900977 0.00812598 0.00981249 0.00866399 0.00823649 0.00839069 0.00939916 0.00957805 0.00815994 0.0085237 0.00918179 0.00870893 0.00831182 0.00934122 
0.0129162 0.0105649 0.0129394 0.0135334 0.0112251 0.0167489 0.0183247 0.00900271 0.0133905 0.01196 0.0123851 0.0128988 0.0101401 0.0118448 0.925829 0.00690665 0.00387165 0 0.00318079 0.00491088 0.941472 0.00789386 0.00939658 0.0062326 0.0165029 0.0134556 0.0119293 0.0100125 0.0133356 0.00941313 0.0147776 0.012048 0.011787 0.0281581 0.00889134 0.0104491 0.0160932 0.0185658 0.0107844 0.011421 0.00976282 0.0160788 0.00896933 0.0101318 0.00894907 0.00918649 0.00986198 0.00872155 0.00912637 0.00924351 0.00861608 0.00888938 0.00917576 0.00894853 0.00852654 0.00839107 0.00804493 0.00882423 0.00865567 0.00860026 0.00842887 0.00835964 0.00805008 0.00829477 0.00844787 0.00906354 0.00833675 0.00859363 0.00849913 0.00811764 0.00831358 0.00836468 0.00836405 0.00812642 0.00831907 0.00806243 0.008269 0.00816091 0.008105 0.0080098 0.00838724 0.00799837 0.00810509 0.00825639 0.00799818 0.00819135 0.00837797 0.00839181 0.00798193 0.00835922 0.00832258 0.00823123 0.00801846 0.00811891 0.00833116 0.00802227 
0.0141715 0.0130576 0.0146985 0.012212 0.0235607 0.0112219 0.00940222 0.0110743 0.0147804 0.0132242 0.0088355 0.0101379 0.00980831 0.682545 0.00734378 0.00749904 0.00356278 0.00318079 0 0.98121 0.00743461 0.00390332 0.00359003 0.00522684 0.0107022 0.0105007 0.00854434 0.00970289 0.00843391 0.01186 0.012776 0.010987 0.0215539 0.00922288 0.0105743 0.01979 0.0112401 0.0111325 0.0130418 0.0162513 0.0140859 0.00915204 0.0100497 0.0111641 0.0085953 0.0168412 0.0089353 0.00914122 0.00903596 0.00892076 0.00909027 0.0130002 0.00876589 0.00887778 0.00836845 0.00826433 0.0082003 0.0101559 0.00910415 0.00828313 0.00857625 0.0080989 0.00840284 0.0102747 0.00845364 0.00842596 0.00862727 0.0105617 0.0080742 0.00840991 0.00880964 0.0083967 0.00831086 0.00851255 0.0101831 0.00855984 0.00817958 0.00799649 0.00820108 0.0096052 0.00794783 0.00826042 0.00950524 0.00801158 0.00827057 0.00924847 0.00816137 0.00803715 0.00824739 0.00922785 0.00817963 0.00802794 0.00800107 0.00890351 0.0079688 0.00830303 
0.0116984 0.0143785 0.0123223 0.0196489 0.0135618 0.0100411 0.0121134 0.0189054 0.014974 0.00938731 0.011496 0.0102189 0.0235378 0.00760972 0.00713265 0.012977 0.00417769 0.00491088 0.98121 0 0.00320795 0.00316784 0.00327071 0.00383697 0.0129623 0.00721814 0.00820036 0.0104807 0.0224508 0.770217 0.0106975 0.0118993 0.0148904 0.0107962 0.0199931 0.0134176 0.0103251 0.0105199 0.0208872 0.0159096 0.0102372 0.00949747 0.0148287 0.00895595 0.011879 0.00933577 0.00850848 0.00883011 0.00887992 0.00974564 0.014282 0.00927079 0.00855306 0.00869852 0.00852107 0.00917211 0.0103998 0.008418 0.00808823 0.00833904 0.00832722 0.00848032 0.0102764 0.00822643 0.00825253 0.00855318 0.00984881 0.00854199 0.0083945 0.0101743 0.00805056 0.00800947 0.00827316 0.00959793 0.00894219 0.00830022 0.00798467 0.00794481 0.00904148 0.00804014 0.00803907 0.00882983 0.0082328 0.0079857 0.00907264 0.0081963 0.00803772 0.00806556 0.0087761 0.00840193 0.00800091 0.00810423 0.00855236 0.00819576 0.00806353 0.00895604 
0.0102772 0.0110018 0.0127984 0.011417 0.0118004 0.0205943 0.0156216 0.0111453 0.00983298 0.0171295 0.0122916 0.0350831 0.0106985 0.00756667 0.0159217 0.00962863 0.0157564 0.941472 0.00743461 0.00320795 0 0.00318399 0.00317524 0.00329625 0.00879814 0.013918 0.0268549 0.0350912 0.812233 0.0105083 0.010431 0.00952571 0.014981 0.0178325 0.0111407 0.012402 0.0166254 0.0204836 0.0138752 0.00961579 0.0106933 0.0122931 0.0106933 0.00936045 0.0092426 0.0089342 0.00995537 0.0111658 0.0126236 0.0111775 0.00968038 0.00938051 0.0101074 0.0117343 0.0107812 0.00952236 0.0087485 0.00809079 0.00914909 0.00953879 0.00904437 0.00899341 0.00870709 0.00849163 0.0089565 0.0100041 0.0089971 0.00847842 0.00868696 0.00903354 0.00803825 0.00862781 0.00883598 0.00895926 0.00801423 0.00810913 0.00835821 0.00833765 0.00830451 0.00840397 0.00834321 0.00830336 0.00809685 0.00837214 0.00835212 0.00802504 0.00855598 0.00870765 0.008365 0.00808013 0.00840528 0.00845206 0.00828292 0.00806125 0.0083903 0.00831181 
0.00912034 0.0118117 0.0114303 0.0106423 0.011147 0.0261754 0.0147782 0.0109108 0.00930491 0.0159302 0.0450985 0.016924 0.00998311 0.0201993 0.00892941 0.0320903 0.387394 0.00789386 0.00390332 0.00316784 0.00318399 0 0.00318908 0.0031736 0.00798039 0.0235327 0.0189565 0.824837 0.00908073 0.0085189 0.00862079 0.00895635 0.0143726 0.011517 0.00972354 0.0107237 0.0219413 0.0229671 0.0118791 0.00950923 0.0128483 0.0111644 0.0100058 0.00894196 0.00877696 0.00913322 0.0105116 0.0264467 0.0192077 0.013931 0.0093816 0.0102792 0.0109476 0.0253592 0.0144365 0.0096246 0.00844033 0.00833064 0.0101801 0.0125729 0.0139504 0.00893453 0.00838513 0.00907373 0.0103644 0.0115397 0.00941058 0.00884668 0.00871141 0.0088449 0.00817061 0.00886352 0.00972045 0.00865529 0.00798153 0.00853636 0.00874593 0.00843464 0.00836155 0.00857166 0.00856344 0.00841481 0.00836336 0.00851907 0.00832784 0.00835841 0.00901701 0.00909636 0.00847094 0.00832083 0.00848437 0.00886872 0.00822338 0.00829977 0.00841147 0.00870808 
0.0113375 0.010356 0.0160168 0.01185 0.0128591 0.0154536 0.0207566 0.00926093 0.0135262 0.0221922 0.017881 0.015695 0.0108557 0.00857438 0.0589401 0.0293779 0.0372047 0.00939658 0.00359003 0.00327071 0.00317524 0.00318908 0 0.00323347 0.0581098 0.0172251 0.811436 0.00885577 0.00907357 0.00847951 0.0109528 0.0089842 0.0127191 0.0216961 0.00916059 0.0110936 0.02071 0.0265984 0.0130267 0.0115616 0.0116946 0.0142003 0.00979219 0.00964174 0.00905054 0.00938994 0.0130052 0.0105605 0.0122716 0.010272 0.010123 0.00940332 0.0120439 0.0111804 0.0103651 0.00880032 0.00834231 0.00902665 0.00905346 0.0107948 0.0089087 0.0089062 0.00818405 0.00899848 0.00891847 0.0103058 0.00857307 0.00880181 0.00849768 0.00822959 0.00836878 0.00861742 0.0087427 0.00838611 0.00825302 0.00828784 0.00827712 0.00825666 0.00811472 0.0081532 0.00831815 0.00806543 0.00818735 0.0082347 0.00805507 0.00830702 0.00846485 0.0086626 0.00809295 0.00829905 0.00834923 0.00826256 0.00799252 0.00812365 0.00815565 0.00819205 
0.0129776 0.0143481 0.0150104 0.0148125 0.020726 0.0119436 0.00959619 0.0142923 0.0215304 0.0156045 0.0088103 0.0121173 0.0100547 0.0581378 0.0337512 0.0428525 0.0186579 0.0062326 0.00522684 0.00383697 0.00329625 0.0031736 0.00323347 0 0.0248355 0.757826 0.00672026 0.00920344 0.00747792 0.0106753 0.0102689 0.0156625 0.0237225 0.0103071 0.0123004 0.0248832 0.0112847 0.0157309 0.0185453 0.01818 0.0156434 0.0102387 0.0131641 0.0128415 0.0094889 0.0193171 0.00895652 0.0099396 0.00895121 0.00987105 0.00952004 0.0171305 0.0092365 0.00924663 0.008668 0.00875333 0.00854438 0.0109888 0.0101317 0.00856245 0.00901329 0.00827825 0.00862745 0.0107681 0.00873518 0.00888805 0.00950926 0.0112508 0.00817785 0.00885426 0.00895161 0.00855438 0.0084457 0.008935 0.00947875 0.00855972 0.00838424 0.00809875 0.00827558 0.00915129 0.00798051 0.00842912 0.00936716 0.00800367 0.00845825 0.00909006 0.0082959 0.00814022 0.00848958 0.00914921 0.00818983 0.00820016 0.00811327 0.00869935 0.00801723 0.00850963 
0.0124396 0.0110919 0.0116516 0.01545 0.0152052 0.00962497 0.0148661 0.0133625 0.0306653 0.00900638 0.0145405 0.00956097 0.0153837 0.0133779 0.0128103 0.015445 0.0144787 0.0165029 0.0107022 0.0129623 0.00879814 0.00798039 0.0581098 0.0248355 0 0.00321109 0.00318854 0.00321569 0.00328037 0.0043261 0.0278706 0.0104539 0.0208982 0.014877 0.0188933 0.0146124 0.0123543 0.0119838 0.0246458 0.0232043 0.0137171 0.00967365 0.0163143 0.0102843 0.0120645 0.0094541 0.0110321 0.00895993 0.0111419 0.00944791 0.0285821 0.00906183 0.00894105 0.00871713 0.00926625 0.00897699 0.0135319 0.00995916 0.008301 0.00977394 0.00834912 0.0092245 0.0108658 0.0084298 0.00845063 0.00905706 0.0106163 0.00885482 0.00904973 0.0103374 0.00880139 0.0080789 0.00868509 0.0105143 0.0101285 0.00957914 0.00799398 0.00819199 0.00976691 0.00798623 0.00810889 0.00888264 0.00833184 0.00816126 0.00936257 0.00841022 0.0080526 0.00830634 0.00878335 0.00861329 0.00815554 0.00829099 0.00874041 0.00829552 0.00816529 0.00887033 
0.00903997 0.0157314 0.0122457 0.0125413 0.010598 0.0519769 0.0122472 0.0156347 0.00904179 0.0762317 0.0103117 0.0383249 0.00954223 0.0134111 0.0179114 0.0129903 0.0118072 0.0134556 0.0105007 0.00721814 0.013918 0.0235327 0.0172251 0.757826 0.00321109 0 0.00323299 0.00323954 0.00322737 0.0032513 0.00965248 0.0136635 0.0194406 0.0261142 0.0114963 0.0226595 0.0230495 0.0309975 0.012852 0.0109351 0.0106348 0.0259936 0.0113883 0.00986621 0.0096873 0.0124989 0.0100734 0.0283285 0.0113684 0.0380292 0.00954681 0.0119235 0.011352 0.018053 0.0103579 0.0214118 0.00876409 0.00834955 0.0159128 0.00959333 0.0149663 0.00956174 0.00909031 0.00894335 0.0101472 0.0112237 0.00976562 0.00952819 0.00878213 0.00952688 0.00829366 0.00950939 0.0100459 0.00887003 0.00798047 0.00810902 0.00986501 0.00858049 0.00825295 0.00850696 0.00839659 0.00834181 0.00836817 0.00842382 0.00833576 0.00819563 0.00898087 0.0088831 0.00848371 0.00845399 0.00851844 0.00874306 0.00829436 0.00828296 0.00860156 0.00897047 
0.00906866 0.00943877 0.0121458 0.00997976 0.0138505 0.0153023 0.0258864 0.00922251 0.0145763 0.0109557 0.0894276 0.0117854 0.0109393 0.0120236 0.0126368 0.00938194 0.0107457 0.0119293 0.00854434 0.00820036 0.0268549 0.0189565 0.811436 0.00672026 0.00318854 0.00323299 0 0.00320584 0.00315479 0.00317804 0.0092577 0.00797325 0.0177678 0.0179496 0.0103837 0.01194 0.0307087 0.0234258 0.0131686 0.0116089 0.0234948 0.0104609 0.010134 0.00907519 0.00887666 0.00901688 0.0229158 0.0149365 0.0786624 0.0111246 0.010854 0.00975107 0.0162637 0.0194416 0.0360952 0.00901235 0.00866285 0.00896299 0.00939515 0.0358839 0.0117515 0.0103385 0.00843268 0.00916119 0.0104653 0.0123029 0.00910335 0.00896046 0.00895347 0.00848884 0.00850381 0.00912092 0.00977168 0.00860782 0.00808937 0.00927565 0.00854692 0.00850956 0.00841463 0.00826079 0.00863947 0.00823848 0.00831579 0.00844521 0.0082468 0.00833634 0.00906964 0.00931162 0.00831597 0.00834002 0.00864148 0.00858648 0.00829564 0.00827923 0.00847005 0.00898938 
0.00857898 0.0114568 0.00991068 0.0102929 0.0103405 0.0246897 0.0116125 0.0107744 0.00896641 0.0343447 0.0156594 0.0197803 0.00908499 0.0115354 0.0109696 0.0120469 0.0106282 0.0100125 0.00970289 0.0104807 0.0350912 0.824837 0.00885577 0.00920344 0.00321569 0.00323954 0.00320584 0 0.00314579 0.00316392 0.00798411 0.0137531 0.0168356 0.0123077 0.0104489 0.0125549 0.0160887 0.0276854 0.0127959 0.00973461 0.0108161 0.0111898 0.0106511 0.00891357 0.00868978 0.0103999 0.00994465 0.0591166 0.014635 0.0151512 0.0100466 0.0109009 0.0106209 0.0360481 0.0123204 0.0100388 0.00862101 0.00846252 0.0123176 0.0116546 0.0187332 0.00882563 0.00880636 0.0091363 0.0108331 0.0106712 0.00937407 0.00889805 0.00856433 0.00889107 0.00820293 0.00909552 0.0094713 0.00868414 0.00808731 0.00831933 0.00897444 0.00836332 0.0083212 0.0085523 0.0082769 0.00853134 0.00824447 0.008278 0.00840622 0.00819612 0.00877899 0.00891996 0.00850726 0.00833029 0.00844543 0.00855486 0.00835001 0.00824736 0.00834085 0.00873063 
0.00898069 0.0101294 0.010583 0.00977811 0.0101102 0.0145864 0.0144972 0.00880275 0.0108192 0.0136785 0.0122874 0.0119812 0.00956785 0.0103137 0.0199333 0.00869153 0.0109105 0.0133356 0.00843391 0.0224508 0.812233 0.00908073 0.00907357 0.00747792 0.00328037 0.00322737 0.00315479 0.00314579 0 0.00315776 0.0123258 0.0149512 0.010879 0.0243066 0.00944322 0.0103286 0.0210716 0.0295714 0.0123115 0.00989563 0.0102777 0.023854 0.00920627 0.00926353 0.008927 0.00916474 0.0165353 0.0103396 0.011857 0.0126597 0.00935682 0.00931442 0.0146191 0.0107681 0.0102213 0.00967303 0.00821978 0.00864519 0.00967575 0.00993366 0.00924189 0.00910859 0.00819564 0.00890431 0.00918156 0.0105174 0.00872348 0.0087359 0.008503 0.00827426 0.0081357 0.00864762 0.00909176 0.00840758 0.00800985 0.00823301 0.00843215 0.00825912 0.00806419 0.00813473 0.00836476 0.00805353 0.00808964 0.0081944 0.00807764 0.00806669 0.00847735 0.00847641 0.00817513 0.00807943 0.00834391 0.00826872 0.00795415 0.00799819 0.0082235 0.0081103 
0.0113976 0.00923159 0.0118874 0.0100673 0.0198258 0.00880927 0.00958376 0.00954556 0.0162691 0.00920112 0.0092573 0.00946163 0.00946082 0.019131 0.00940786 0.0106263 0.0213834 0.00941313 0.01186 0.770217 0.0105083 0.0085189 0.00847951 0.0106753 0.0043261 0.0032513 0.00317804 0.00316392 0.00315776 0 0.0219291 0.00851137 0.0231398 0.0114442 0.0340825 0.0187463 0.0115137 0.0143881 0.0264982 0.0185729 0.0218392 0.00956772 0.012054 0.0119062 0.00910819 0.017413 0.00933861 0.00920573 0.00977647 0.00893351 0.0109308 0.0138006 0.00911975 0.00883871 0.00862852 0.00829671 0.00886027 0.0112229 0.00902009 0.00893764 0.0085518 0.00828779 0.00890695 0.0104288 0.00839969 0.00864723 0.00939906 0.0104591 0.00813855 0.00845261 0.00905802 0.00813719 0.00827099 0.00915047 0.009676 0.00893522 0.0080521 0.00805489 0.00828255 0.00885792 0.008032 0.00821468 0.0089565 0.00802163 0.00819007 0.00915481 0.00808525 0.0080819 0.00819948 0.00876019 0.00814044 0.00804122 0.00806042 0.00838219 0.00803353 0.00819038 
0.0097223 0.00880212 0.00954124 0.0133377 0.00933679 0.00857665 0.00979388 0.00932276 0.0105321 0.00859691 0.00904677 0.00857892 0.00974036 0.00946534 0.0147634 0.0102283 0.0114433 0.0147776 0.012776 0.0106975 0.010431 0.00862079 0.0109528 0.0102689 0.0278706 0.00965248 0.0092577 0.00798411 0.0123258 0.0219291 0 0.00359833 0.00926983 0.674521 0.0116482 0.00787426 0.0101718 0.0101484 0.0201688 0.0219855 0.011067 0.0117139 0.0116827 0.0136461 0.0144136 0.00905854 0.0110045 0.00855792 0.00951086 0.0092545 0.0139564 0.00904422 0.00925992 0.00855707 0.00870584 0.00847693 0.00952628 0.00890601 0.00834642 0.00868477 0.00824109 0.00838647 0.00876329 0.00856346 0.00836537 0.00873451 0.00883931 0.00865358 0.00877318 0.00848381 0.00838758 0.00808197 0.00824502 0.00884557 0.00948482 0.00875246 0.0079278 0.00799663 0.00847467 0.0079883 0.00821648 0.00818414 0.00806575 0.00807758 0.00844845 0.00806395 0.00803075 0.00802653 0.00830923 0.00838704 0.00809063 0.00799278 0.0082252 0.00796341 0.00801488 0.00816477 
0.00980451 0.00973235 0.0106696 0.00923347 0.0103421 0.00919552 0.00847525 0.00921277 0.00938202 0.00986321 0.00825902 0.00955402 0.00829196 0.0135866 0.00878045 0.0108532 0.0184216 0.012048 0.010987 0.0118993 0.00952571 0.00895635 0.0089842 0.0156625 0.0104539 0.0136635 0.00797325 0.0137531 0.0149512 0.00851137 0.00359833 0 0.792009 0.00947931 0.00525206 0.0102971 0.00872223 0.0143005 0.0162025 0.0196028 0.0100729 0.0129005 0.0100783 0.0146863 0.0094595 0.0194731 0.00850746 0.00942574 0.00847181 0.0101181 0.00882002 0.0136591 0.00870235 0.00869871 0.00835099 0.0087802 0.00821307 0.00946261 0.00903791 0.00829111 0.00875422 0.00830437 0.00851041 0.0101231 0.00846923 0.00850041 0.00862687 0.0118775 0.00826555 0.00871953 0.00864288 0.00830518 0.00827951 0.00836453 0.00895931 0.00795935 0.00885222 0.00804173 0.00809874 0.0089292 0.008047 0.00815852 0.00910794 0.00803806 0.00814645 0.00903808 0.0080811 0.00803257 0.00816718 0.0092874 0.00799383 0.0082226 0.00806281 0.00837936 0.00794513 0.00813673 
0.0100296 0.0138463 0.0108019 0.0159789 0.0120689 0.0111488 0.0111198 0.0155485 0.011854 0.0110683 0.0108957 0.0109159 0.013882 0.0143161 0.0112501 0.0359074 0.0199412 0.011787 0.0215539 0.0148904 0.014981 0.0143726 0.0127191 0.0237225 0.0208982 0.0194406 0.0177678 0.0168356 0.010879 0.0231398 0.00926983 0.792009 0 0.00326769 0.00342211 0.00866784 0.0196741 0.208728 0.0634826 0.0223391 0.0174903 0.0129946 0.0317279 0.0156608 0.017711 0.0170021 0.0113297 0.0129672 0.012294 0.0129397 0.0270301 0.0143181 0.0113867 0.0118838 0.0109329 0.010915 0.0151118 0.011158 0.01063 0.0102562 0.00985438 0.00977047 0.0156198 0.0114535 0.0100696 0.0108448 0.0170348 0.0124185 0.00981326 0.0161844 0.0092543 0.00938832 0.00973641 0.0141379 0.0101773 0.00917613 0.00884237 0.00858132 0.0116203 0.0088107 0.00844762 0.0108539 0.00906453 0.00850873 0.0110562 0.00886448 0.00877704 0.00883475 0.0101072 0.00913989 0.00837046 0.00866055 0.00926299 0.00862496 0.00844297 0.00979549 
0.00956664 0.00891094 0.0100649 0.00980839 0.00976124 0.0122349 0.0112652 0.00874066 0.00945255 0.0132923 0.00946256 0.0120892 0.00861861 0.0104715 0.0369212 0.00883693 0.0123544 0.0281581 0.00922288 0.0107962 0.0178325 0.011517 0.0216961 0.0103071 0.014877 0.0261142 0.0179496 0.0123077 0.0243066 0.0114442 0.674521 0.00947931 0.00326769 0 0.00331748 0.00709065 0.628589 0.0188592 0.00817829 0.0139451 0.0102183 0.0759825 0.0100623 0.0160981 0.0124535 0.0111212 0.0172786 0.0107481 0.0102943 0.0179168 0.0104616 0.0117275 0.0136591 0.0120362 0.0097538 0.0109392 0.00857285 0.00986254 0.0113515 0.00957914 0.00921014 0.0104563 0.00842388 0.00983787 0.010241 0.015546 0.00937151 0.0100187 0.0111873 0.00852925 0.00885064 0.009308 0.0101861 0.00878354 0.00881858 0.00826635 0.00870829 0.0085403 0.00820045 0.00859507 0.00902852 0.00826844 0.00862059 0.00872911 0.00823908 0.00872838 0.00874882 0.00871757 0.00824439 0.00865813 0.00845665 0.00841911 0.00804318 0.008233 0.00844679 0.00810353 
0.0100358 0.00948282 0.0106319 0.00971466 0.0132472 0.00880445 0.0088833 0.00882963 0.0121021 0.00923325 0.00880107 0.00861085 0.0085897 0.0192141 0.00893551 0.0105601 0.0223047 0.00889134 0.0105743 0.0199931 0.0111407 0.00972354 0.00916059 0.0123004 0.0188933 0.0114963 0.0103837 0.0104489 0.00944322 0.0340825 0.0116482 0.00525206 0.00342211 0.00331748 0 0.74358 0.0143434 0.00576037 0.00676706 0.0136655 0.0243356 0.00973129 0.013346 0.0151708 0.0121726 0.0224454 0.00999941 0.0100554 0.0109774 0.00983367 0.0122401 0.0197111 0.0107 0.00941824 0.008962 0.00851371 0.00913974 0.0138258 0.00997355 0.00906185 0.00923175 0.00841053 0.00902211 0.0133366 0.00912616 0.00897785 0.0100517 0.0138712 0.00837281 0.00880757 0.0101723 0.00882928 0.00855718 0.009454 0.0113305 0.0092174 0.00834116 0.00815981 0.00881012 0.00994509 0.00819163 0.0085125 0.0107708 0.00814867 0.00849003 0.0103743 0.00823472 0.00842454 0.00850116 0.00979913 0.00828269 0.00812518 0.00813806 0.00872997 0.00806856 0.00836959 
0.00917534 0.01245 0.0125706 0.0139581 0.010456 0.0100692 0.00943839 0.0202097 0.0101779 0.0112818 0.00929351 0.0104516 0.0124788 0.0130151 0.0100264 0.0225572 0.0183006 0.0104491 0.01979 0.0134176 0.012402 0.0107237 0.0110936 0.0248832 0.0146124 0.0226595 0.01194 0.0125549 0.0103286 0.0187463 0.00787426 0.0102971 0.00866784 0.00709065 0.74358 0 0.00322423 0.00324357 0.00348563 0.0317256 0.0106732 0.0130863 0.0714946 0.0166878 0.0191519 0.0190226 0.0111932 0.012228 0.0112684 0.0128058 0.0246493 0.0147034 0.0104663 0.0113698 0.0100091 0.012139 0.0161052 0.0107194 0.0116394 0.00958356 0.01035 0.00949352 0.0165275 0.011522 0.00967269 0.00994222 0.0189124 0.0125803 0.00958921 0.01783 0.00950834 0.00914692 0.00962846 0.0156328 0.0106311 0.00893948 0.00892634 0.00851879 0.0119375 0.00881507 0.0083147 0.0105925 0.00920041 0.00839575 0.0108513 0.00881485 0.00851618 0.00851322 0.0106251 0.0088662 0.00830196 0.00876688 0.0092242 0.00829954 0.00829812 0.00927341 
0.00858119 0.00914519 0.0104532 0.00962016 0.00972406 0.0132782 0.0136371 0.00931623 0.008915 0.0127175 0.0166159 0.011517 0.00940746 0.0103829 0.0153495 0.0109641 0.0114558 0.0160932 0.0112401 0.0103251 0.0166254 0.0219413 0.02071 0.0112847 0.0123543 0.0230495 0.0307087 0.0160887 0.0210716 0.0115137 0.0101718 0.00872223 0.0196741 0.628589 0.0143434 0.00322423 0 0.00323712 0.00321335 0.0208214 0.0263358 0.0369801 0.123933 0.0141054 0.0117711 0.0110458 0.0233544 0.0175469 0.0234655 0.0175756 0.0126113 0.0119523 0.0172951 0.0189635 0.0221351 0.012499 0.0104278 0.00941119 0.0126345 0.0203024 0.0114541 0.0133061 0.00997517 0.0106647 0.0131891 0.0199088 0.0106841 0.00992726 0.0111155 0.0105836 0.00868879 0.010744 0.0129957 0.0108829 0.00849249 0.00891107 0.00897952 0.00963772 0.00906301 0.0088223 0.00900155 0.00918908 0.00851796 0.0088603 0.00904951 0.00834761 0.00954536 0.00945882 0.00879055 0.00854805 0.00864687 0.00900904 0.00846188 0.00824318 0.00879229 0.00923813 
0.00953413 0.0101301 0.0118777 0.0106986 0.0103886 0.0188584 0.0129955 0.00954162 0.00956359 0.0156307 0.0129956 0.018205 0.00944117 0.0123587 0.0188189 0.0104501 0.0141261 0.0185658 0.0111325 0.0105199 0.0204836 0.0229671 0.0265984 0.0157309 0.0119838 0.0309975 0.0234258 0.0276854 0.0295714 0.0143881 0.0101484 0.0143005 0.208728 0.0188592 0.00576037 0.00324357 0.00323712 0 0.00320268 0.0277495 0.0275752 0.369705 0.0121042 0.0181954 0.0139795 0.013146 0.0175704 0.0208743 0.0169593 0.0427764 0.0137384 0.0138866 0.019647 0.0257652 0.0146328 0.0187402 0.00939023 0.0103239 0.0160038 0.0132911 0.017347 0.0128425 0.00932617 0.0123084 0.0170942 0.0276601 0.0136133 0.0121795 0.0126456 0.0096699 0.00931245 0.0128291 0.0183825 0.01066 0.00915011 0.00909651 0.0113854 0.0101144 0.00880167 0.00923264 0.0100824 0.00914949 0.0096259 0.00962766 0.00879558 0.00978412 0.0107815 0.0104932 0.00908431 0.00939696 0.00935491 0.00917817 0.00826421 0.00910291 0.00890376 0.00875136 
