1OOKG
HPICEVSKVASHLEVNCDKRNLTALPPDLPKDTTILHLSENLLYTFSLATLMPYTRLTQLNLDRAELTKLQVDGTLPVLGTLDLSHNQLQSLPLLGQTLPALTVLDVSFNRLTSLPLGALRGLGELQELYLKGNELKTLPPGLLTPTPKLEKLSLANNNLTELPAGLLNGLENLDTLLLQENSLYTIPKGFFGSHLLPFAFLHGNPWLCNCEILYFRRWLQDNAENVYVWKQGVDVKAMTSNVASVQCDNSDKFPVYKYPGKGCPTLGDEGDTDLXDYXPEEDT
CCCCEEEEECCEEEEECCCCCCCCCCCCCCCCEEEEECCCCCCCEEEHHHHCCCCCCCEEECCCCCCCEEECCCCCCCCCEEECCCCCCCCCCCCCCCCCCCCEEECCCCCCCCCCCCCCCCCCCCCEEECCCCCCCCCCCCCCCCCCCCCEEECCCCCCCCCCCCCCCCCCCCCEEECCCCCCCCCCCCCCCCCCCCEEECCCCCECCCCCCHHHHHHHHHCHHHECCCCCCCCCCCCCCCHHHCEECCCCCCEHHHCCCCCCCCCCCCCCCCCCCCCCCECC
0 0 0 0 0 0 0 0 0 0 0 0 0 0 0 0 0 0 0 0 0 0 0 0 0 0 0 0 0 0 0 0 0 0 0 0 0 0 0 0 0 0 0 0 0 0 0 0 0 0 0 0 0 0 0 0 0 0 0 0 0 0 0 0 0 0 0 0 0 0 0 0 0 0 0 0 0 0 0 0 0 0 0 0 0 0 0 0 0 0 0 0 0 0 0 0 0 0 0 0 0 0 0 0 0 0 0 0 0 0 0 0 0 0 0 0 0 0 0 0 0 0 0 0 0 0 0 0 0 0 0 0 0 0 0 0 0 0 0 0 0 0 0 0 0 0 0 0 0 0 0 0 0 0 0 0 0 0 0 0 0 0 0 0 0 0 0 0 0 0 0 0 0 0 0 0 0 0 0 0 0 0 0 0 0 0 0 0 0 0 0 0 0 0 0 0 0 0 0 0 0 0 0 0 0 0 0 0 0 0 0 0 0 0 0 0 0 0 0 0 0 0 0 0 0 0 0 0 0 0 0 0 0 0 0 0 0 0 0 0 0 0 0 0 0 0 0 0 0 0 0 0 0 0 0 0 0 0 0 0 0 0 0 0 0 0 0 0 0 0 0 0 0 0 0 0 0 0 0 0 0 0 0 0 
0 0 0 0 0 0 0 0 0 0 0 0 0 0 0 0 0 0 0 0 0 0 0 0 0 0 0 0 0 0 0 0 0 0 0 0 0 0 0 0 0 0 0 0 0 0 0 0 0 0 0 0 0 0 0 0 0 0 0 0 0 0 0 0 0 0 0 0 0 0 0 0 0 0 0 0 0 0 0 0 0 0 0 0 0 0 0 0 0 0 0 0 0 0 0 0 0 0 0 0 0 0 0 0 0 0 0 0 0 0 0 0 0 0 0 0 0 0 0 0 0 0 0 0 0 0 0 0 0 0 0 0 0 0 0 0 0 0 0 0 0 0 0 0 0 0 0 0 0 0 0 0 0 0 0 0 0 0 0 0 0 0 0 0 0 0 0 0 0 0 0 0 0 0 0 0 0 0 0 0 0 0 0 0 0 0 0 0 0 0 0 0 0 0 0 0 0 0 0 0 0 0 0 0 0 0 0 0 0 0 0 0 0 0 0 0 0 0 0 0 0 0 0 0 0 0 0 0 0 0 0 0 0 0 0 0 0 0 0 0 0 0 0 0 0 0 0 0 0 0 0 0 0 0 0 0 0 0 0 0 0 0 0 0 0 0 0 0 0 0 0 0 0 0 0 0 0 0 0 0 0 0 0 0 
0 0.00321792 0.00333175 0.00327495 0.00436377 0.00572732 0.00450309 0.0148094 0.0109766 0.978346 0.0178871 0.0117454 0.0122153 0.0100233 0.0275308 0.0219991 0.00898836 0.0408665 0.0154337 0.00873218 0.019051 0.0147815 0.00828267 0.0161187 0.0130609 0.00842166 0.0136862 0.0101997 0.00848801 0.0102195 0.00884087 0.00793047 0.00941649 0.00852555 0.00803345 0.00902925 0.00852464 0.00797538 0.00864248 0.00837929 0.00805519 0.00851257 0.00799538 0.00810683 0.00812724 0.00829501 0.00900408 0.010008 
0.00321792 0 0.00315417 0.0036016 0.00323452 0.00337837 0.00913427 0.007297 0.981364 0.00593418 0.0101881 0.0170461 0.0105217 0.0250803 0.00934967 0.00890337 0.0316411 0.00886445 0.00883296 0.0183357 0.0085462 0.00831337 0.0140059 0.008208 0.00822848 0.0124464 0.00840683 0.00865623 0.0101205 0.00823212 0.00797342 0.00919144 0.0080335 0.00792716 0.00851856 0.00796543 0.007952 0.00844712 0.0079901 0.00802335 0.00830809 0.00803388 0.00821138 0.0079793 0.00800405 0.00836188 0.0080308 0.00889193 
0.00333175 0.00315417 0 0.00320755 0.00323233 0.00371261 0.0057856 0.972893 0.00533227 0.00612125 0.00917262 0.0101025 0.0192863 0.00936547 0.00965444 0.0115658 0.00843846 0.00963175 0.00889741 0.00848618 0.00903625 0.0088956 0.00831073 0.00878687 0.00877209 0.00824628 0.00859414 0.00846234 0.00829839 0.00833976 0.00802804 0.00804906 0.00806626 0.00803173 0.00809247 0.00803146 0.00807391 0.00813342 0.00800183 0.0080941 0.0081551 0.00801544 0.00789225 0.00786378 0.00798878 0.00802931 0.00804172 0.0085728 
0.00327495 0.0036016 0.00320755 0 0.00325171 0.00375499 0.969617 0.00524304 0.00480907 0.00458028 0.0100872 0.0148795 0.0100847 0.0159078 0.00893253 0.00918188 0.0115981 0.00877502 0.00883335 0.010619 0.00859801 0.00855301 0.00989623 0.00820665 0.00869288 0.00923748 0.00838386 0.00861927 0.00878194 0.00823681 0.00803331 0.00833542 0.0080528 0.00799518 0.00821396 0.00797045 0.00802087 0.00815964 0.00800288 0.00806396 0.00808681 0.00804531 0.00793959 0.00794059 0.00798631 0.00798912 0.00800431 0.00871006 
0.00436377 0.00323452 0.00323233 0.00325171 0 0.989434 0.00382167 0.00348115 0.00340225 0.00474772 0.0228729 0.0113924 0.00881758 0.00925202 0.0137813 0.0145435 0.00913561 0.0110013 0.011808 0.0090365 0.0100774 0.0112095 0.00874872 0.00927884 0.0113552 0.00848131 0.00921495 0.00992509 0.00827632 0.00871521 0.008735 0.0080767 0.00811959 0.0084761 0.00799519 0.00812756 0.00836244 0.00796854 0.00806061 0.00825724 0.00797633 0.0080059 0.00815982 0.00847992 0.00827692 0.00814228 0.0084606 0.00994447 
0.00572732 0.00337837 0.00371261 0.00375499 0.989434 0 0.00320667 0.00323228 0.00321492 0.00405919 0.0211864 0.00987297 0.0111725 0.01018 0.029707 0.0146973 0.00930121 0.0322979 0.0135776 0.00871094 0.0169102 0.0107273 0.00881566 0.0145944 0.0106253 0.00842053 0.0123944 0.0090535 0.00833351 0.0104258 0.00823878 0.00786296 0.00942149 0.00814119 0.00784773 0.00873438 0.0081738 0.00783317 0.0083211 0.00811857 0.00786462 0.00820436 0.00791278 0.00803392 0.00795517 0.00817856 0.00867 0.00974451 
0.00450309 0.00913427 0.0057856 0.969617 0.00382167 0.00320667 0 0.00315499 0.00341188 0.00316388 0.0220733 0.0340546 0.0124456 0.0480317 0.0100939 0.00930903 0.0341702 0.00920527 0.00897191 0.0227076 0.00864748 0.00852073 0.0156294 0.00833447 0.00849001 0.0151115 0.00852584 0.00910242 0.010417 0.00841281 0.00805427 0.00963269 0.00810999 0.00808594 0.00869419 0.00806054 0.00813041 0.00846778 0.00807761 0.00810915 0.00832321 0.00809391 0.0083033 0.00818446 0.00807436 0.00839652 0.00813048 0.00905009 
0.0148094 0.007297 0.972893 0.00524304 0.00348115 0.00323228 0.00315499 0 0.00314359 0.00337794 0.0132259 0.015216 0.229397 0.0102171 0.0136251 0.0145212 0.0085332 0.0155681 0.0107135 0.00853366 0.0122123 0.0105064 0.00838922 0.0110515 0.0104441 0.00840734 0.0107231 0.00897065 0.00853989 0.00933356 0.00828018 0.00810122 0.00885511 0.00836744 0.00820102 0.00836059 0.00831512 0.0081999 0.0081479 0.00830379 0.00821492 0.00813059 0.00788069 0.00784027 0.00804916 0.00800636 0.00812706 0.00854762 
0.0109766 0.981364 0.00533227 0.00480907 0.00340225 0.00321492 0.00341188 0.00314359 0 0.0031485 0.0135612 0.0395908 0.017906 0.185736 0.0103061 0.00882943 0.0449931 0.00849366 0.00876947 0.0320089 0.00869785 0.00844318 0.0246548 0.00828413 0.00857828 0.0280956 0.00858692 0.00946395 0.0137547 0.00856053 0.00815926 0.0097595 0.00815837 0.00816227 0.008889 0.00823402 0.00810644 0.00852152 0.00815737 0.00821159 0.00837372 0.00814964 0.00819261 0.00819088 0.0080597 0.00813711 0.00793524 0.00894793 
0.978346 0.00593418 0.00612125 0.00458028 0.00474772 0.00405919 0.00316388 0.00337794 0.0031485 0 0.0368531 0.0152343 0.0172864 0.0124567 0.252374 0.025986 0.00871924 0.0309793 0.0182155 0.00864011 0.0321452 0.0208447 0.00835008 0.0135799 0.0198377 0.0083626 0.02202 0.011309 0.00849291 0.0142902 0.00946767 0.00802995 0.00973128 0.00925113 0.00804112 0.00898001 0.00882435 0.00812158 0.00829345 0.00854877 0.00808132 0.00815031 0.00799423 0.0083838 0.00843111 0.00803557 0.0088854 0.0100357 
0.0178871 0.0101881 0.00917262 0.0100872 0.0228729 0.0211864 0.0220733 0.0132259 0.0135612 0.0368531 0 0.00333609 0.00323673 0.00325518 0.00364251 0.0102374 0.00763263 0.0281421 0.0270754 0.0117087 0.0242395 0.0151451 0.0109892 0.0187387 0.0151775 0.0113957 0.0186753 0.0145722 0.0108797 0.0159417 0.00978873 0.00884993 0.0116367 0.0090997 0.00878777 0.0108666 0.00867178 0.00840876 0.00950348 0.00852783 0.00830767 0.00915516 0.00806073 0.00820517 0.00795346 0.00854295 0.00885857 0.00965371 
0.0117454 0.0170461 0.0101025 0.0148795 0.0113924 0.00987297 0.0340546 0.015216 0.0395908 0.0152343 0.00333609 0 0.003212 0.00323338 0.00324008 0.0109907 0.016743 0.0132843 0.0198431 0.0310544 0.0118648 0.0127146 0.0114958 0.0102951 0.0115661 0.0167657 0.0111924 0.0127649 0.0161657 0.0104336 0.0090166 0.00959995 0.00915085 0.00908037 0.00969846 0.00902768 0.00869152 0.00929875 0.00885058 0.00837325 0.00868933 0.00882451 0.00791864 0.00792947 0.00807454 0.00804037 0.00809853 0.0085405 
0.0122153 0.0105217 0.0192863 0.0100847 0.00881758 0.0111725 0.0124456 0.229397 0.017906 0.0172864 0.00323673 0.003212 0 0.00317852 0.00319982 0.0148021 0.00869177 0.0134863 0.0513468 0.0137998 0.0141822 0.0120503 0.00953329 0.0101223 0.0123803 0.0108677 0.013201 0.0126623 0.0119206 0.011836 0.00883977 0.00888546 0.00935867 0.00903461 0.00903142 0.00911309 0.00877072 0.00878175 0.00872815 0.00863405 0.00875102 0.0085089 0.00795706 0.00799042 0.00810194 0.0080541 0.0078985 0.00821241 
0.0100233 0.0250803 0.00936547 0.0159078 0.00925202 0.01018 0.0480317 0.0102171 0.185736 0.0124567 0.00325518 0.00323338 0.00317852 0 0.00338437 0.0123166 0.0390561 0.00771758 0.0123356 0.125309 0.0142523 0.0105228 0.0252916 0.00930208 0.011119 0.0417343 0.0119166 0.0122346 0.0355763 0.0117918 0.00892603 0.0132641 0.00905612 0.00942328 0.01129 0.00919852 0.00899918 0.00963421 0.00873418 0.00864585 0.00911054 0.00850457 0.007986 0.00808906 0.00807625 0.00799133 0.00795085 0.00834249 
0.0275308 0.00934967 0.00965444 0.00893253 0.0137813 0.029707 0.0100939 0.0136251 0.0103061 0.252374 0.00364251 0.00324008 0.00319982 0.00338437 0 0.0364106 0.00693476 0.01657 0.0183133 0.011772 0.218214 0.0169033 0.00952485 0.0206507 0.0240589 0.0103982 0.0694647 0.0195107 0.0104797 0.037858 0.0113395 0.00885449 0.0125856 0.0106886 0.00904475 0.0113388 0.0100948 0.00868962 0.0095124 0.00951909 0.00845663 0.00892022 0.00815765 0.00852671 0.00829185 0.00811665 0.00851969 0.00902962 
0.0219991 0.00890337 0.0115658 0.00918188 0.0145435 0.0146973 0.00930903 0.0145212 0.00882943 0.025986 0.0102374 0.0109907 0.0148021 0.0123166 0.0364106 0 0.00321301 0.00336254 0.0284072 0.00985527 0.069351 0.0497163 0.00912569 0.0314876 0.0243579 0.00986944 0.0282536 0.0177346 0.0099616 0.0175328 0.0102824 0.00845028 0.0137733 0.00897098 0.00838073 0.010424 0.00883549 0.00815355 0.00907508 0.00855588 0.00799274 0.00881383 0.00793802 0.00809057 0.00794204 0.00815113 0.00876092 0.0095018 
0.00898836 0.0316411 0.00843846 0.0115981 0.00913561 0.00930121 0.0341702 0.0085332 0.0449931 0.00871924 0.00763263 0.016743 0.00869177 0.0390561 0.00693476 0.00321301 0 0.0031741 0.0110199 0.224243 0.00828487 0.00919038 0.222745 0.00867377 0.0101908 0.111681 0.009196 0.0124838 0.034429 0.0090928 0.00873899 0.0173321 0.00826698 0.00854848 0.0104415 0.0082752 0.00827383 0.0089165 0.00814062 0.00818736 0.00861575 0.00815963 0.00812283 0.00809895 0.00807772 0.0080297 0.00801194 0.00850633 
0.0408665 0.00886445 0.00963175 0.00877502 0.0110013 0.0322979 0.00920527 0.0155681 0.00849366 0.0309793 0.0281421 0.0132843 0.0134863 0.00771758 0.01657 0.00336254 0.0031741 0 0.0617089 0.00630125 0.0416858 0.0323301 0.0082196 0.0370003 0.0394296 0.00951201 0.0301157 0.0234775 0.0096759 0.0209798 0.0150875 0.00852533 0.0124228 0.0127444 0.00853984 0.0101461 0.0109319 0.00842477 0.00867251 0.00992918 0.00825422 0.00852524 0.00837245 0.00877715 0.00851683 0.00795635 0.00872626 0.0089783 
0.0154337 0.00883296 0.00889741 0.00883335 0.011808 0.0135776 0.00897191 0.0107135 0.00876947 0.0182155 0.0270754 0.0198431 0.0513468 0.0123356 0.0183133 0.0284072 0.0110199 0.0617089 0 0.00333416 0.00347667 0.0208867 0.0188941 0.0652766 0.111073 0.00970925 0.0265706 0.0391865 0.0103119 0.0212057 0.0127988 0.00843958 0.014653 0.00990139 0.00834208 0.0119306 0.00912183 0.00826243 0.00956512 0.00864793 0.00811065 0.00888767 0.00795392 0.00803553 0.00791816 0.00808154 0.00854174 0.00945794 
0.00873218 0.0183357 0.00848618 0.010619 0.0090365 0.00871094 0.0227076 0.00853366 0.0320089 0.00864011 0.0117087 0.0310544 0.0137998 0.125309 0.011772 0.00985527 0.224243 0.00630125 0.00333416 0 0.00321742 0.00900003 0.111494 0.00754675 0.0100584 0.478865 0.00990295 0.0129697 0.112123 0.0100526 0.00888461 0.0262854 0.00856021 0.00878572 0.0154746 0.00861432 0.00868777 0.0103508 0.00842284 0.00840831 0.00903613 0.00830052 0.00804787 0.00806006 0.00804417 0.00812738 0.00796705 0.00854506 
0.019051 0.0085462 0.00903625 0.00859801 0.0100774 0.0169102 0.00864748 0.0122123 0.00869785 0.0321452 0.0242395 0.0118648 0.0141822 0.0142523 0.218214 0.069351 0.00828487 0.0416858 0.00347667 0.00321742 0 0.0329608 0.00658498 0.0222762 0.0431835 0.00976337 0.269881 0.0265776 0.0103867 0.0699771 0.0141053 0.00855561 0.0159613 0.0119649 0.00860402 0.0127868 0.0107448 0.00852235 0.00917375 0.0101603 0.00831474 0.00841738 0.00812268 0.00856375 0.00833156 0.00793913 0.00835441 0.00897021 
0.0147815 0.00831337 0.0088956 0.00855301 0.0112095 0.0107273 0.00852073 0.0105064 0.00844318 0.0208447 0.0151451 0.0127146 0.0120503 0.0105228 0.0169033 0.0497163 0.00919038 0.0323301 0.0208867 0.00900003 0.0329608 0 0.00331588 0.00456348 0.0224666 0.00965718 0.195222 0.042874 0.0103887 0.0210805 0.0130189 0.00845808 0.0178914 0.0101771 0.00836165 0.0120935 0.00920733 0.00811691 0.00944115 0.00853303 0.00798981 0.00884627 0.00797955 0.00814704 0.00792506 0.00808271 0.0087929 0.00945128 
0.00828267 0.0140059 0.00831073 0.00989623 0.00874872 0.00881566 0.0156294 0.00838922 0.0246548 0.00835008 0.0109892 0.0114958 0.00953329 0.0252916 0.00952485 0.00912569 0.222745 0.0082196 0.0188941 0.111494 0.00658498 0.00331588 0 0.00320194 0.0146101 0.421842 0.0077365 0.0122894 0.0818999 0.00925147 0.0091516 0.0352359 0.00836932 0.00867644 0.0128615 0.00832555 0.00842785 0.0100423 0.0082116 0.00820834 0.00908166 0.0081844 0.00826535 0.00826142 0.00794562 0.00853192 0.0079993 0.0089532 
0.0161187 0.008208 0.00878687 0.00820665 0.00927884 0.0145944 0.00833447 0.0110515 0.00828413 0.0135799 0.0187387 0.0102951 0.0101223 0.00930208 0.0206507 0.0314876 0.00867377 0.0370003 0.0652766 0.00754675 0.0222762 0.00456348 0.00320194 0 0.262322 0.00869994 0.0339686 0.0215862 0.00915334 0.0249652 0.0145583 0.00850139 0.011635 0.0117795 0.00826273 0.00970625 0.0103219 0.00821824 0.00858019 0.00916069 0.00809279 0.00818056 0.00814548 0.00856688 0.00822407 0.00792169 0.0084516 0.00922601 
0.0130609 0.00822848 0.00877209 0.00869288 0.0113552 0.0106253 0.00849001 0.0104441 0.00857828 0.0198377 0.0151775 0.0115661 0.0123803 0.011119 0.0240589 0.0243579 0.0101908 0.0394296 0.111073 0.0100584 0.0431835 0.0224666 0.0146101 0.262322 0 0.00331917 0.00356106 0.524008 0.0135549 0.0515352 0.0201421 0.00888168 0.0273173 0.0130936 0.00928498 0.0179176 0.0106097 0.00899706 0.0122611 0.00921342 0.00849687 0.00998249 0.00807508 0.00839817 0.00810575 0.00827547 0.00896396 0.00940962 
0.00842166 0.0124464 0.00824628 0.00923748 0.00848131 0.00842053 0.0151115 0.00840734 0.0280956 0.0083626 0.0113957 0.0167657 0.0108677 0.0417343 0.0103982 0.00986944 0.111681 0.00951201 0.00970925 0.478865 0.00976337 0.00965718 0.421842 0.00869994 0.00331917 0 0.00326325 0.0225174 0.868961 0.0114982 0.0103121 0.0912472 0.00881521 0.00986085 0.0329303 0.00894252 0.00937642 0.0146609 0.00876754 0.00881328 0.00991776 0.00851701 0.00816292 0.00816084 0.00800621 0.00826358 0.00799872 0.00851507 
0.0136862 0.00840683 0.00859414 0.00838386 0.00921495 0.0123944 0.00852584 0.0107231 0.00858692 0.02202 0.0186753 0.0111924 0.013201 0.0119166 0.0694647 0.0282536 0.009196 0.0301157 0.0265706 0.00990295 0.269881 0.195222 0.0077365 0.0339686 0.00356106 0.00326325 0 0.0450292 0.0156259 0.772953 0.0198119 0.00938958 0.0408637 0.0170981 0.00944985 0.0277103 0.0123047 0.00910386 0.012899 0.0109001 0.00867888 0.00994848 0.00849051 0.0088343 0.0087402 0.0080153 0.00846216 0.00897914 
0.0101997 0.00865623 0.00846234 0.00861927 0.00992509 0.0090535 0.00910242 0.00897065 0.00946395 0.011309 0.0145722 0.0127649 0.0126623 0.0122346 0.0195107 0.0177346 0.0124838 0.0234775 0.0391865 0.0129697 0.0265776 0.042874 0.0122894 0.0215862 0.524008 0.0225174 0.0450292 0 0.00357205 0.00332517 0.682181 0.0156487 0.0455381 0.049001 0.0132194 0.0250954 0.0242171 0.0115195 0.0202386 0.0128515 0.0099759 0.0133321 0.00887057 0.00922727 0.00831795 0.00871315 0.00934673 0.0100354 
0.00848801 0.0101205 0.00829839 0.00878194 0.00827632 0.00833351 0.010417 0.00853989 0.0137547 0.00849291 0.0108797 0.0161657 0.0119206 0.0355763 0.0104797 0.0099616 0.034429 0.0096759 0.0103119 0.112123 0.0103867 0.0103887 0.0818999 0.00915334 0.0135549 0.868961 0.0156259 0.00357205 0 0.00355584 0.0198231 0.875436 0.0134502 0.0141855 0.107038 0.0114304 0.0120142 0.0457591 0.0103021 0.010616 0.01768 0.00957637 0.00840686 0.00838867 0.0082141 0.00861586 0.00806575 0.00836466 
0.0102195 0.00823212 0.00833976 0.00823681 0.00871521 0.0104258 0.00841281 0.00933356 0.00856053 0.0142902 0.0159417 0.0104336 0.011836 0.0117918 0.037858 0.0175328 0.0090928 0.0209798 0.0212057 0.0100526 0.0699771 0.0210805 0.00925147 0.0249652 0.0515352 0.0114982 0.772953 0.00332517 0.00355584 0 0.0378552 0.0117096 0.767278 0.026402 0.0116669 0.0926049 0.0199576 0.0104792 0.0308368 0.013898 0.0100259 0.0136801 0.00916352 0.00938678 0.0090296 0.00814736 0.00884959 0.00884552 
0.00884087 0.00797342 0.00802804 0.00803331 0.008735 0.00823878 0.00805427 0.00828018 0.00815926 0.00946767 0.00978873 0.0090166 0.00883977 0.00892603 0.0113395 0.0102824 0.00873899 0.0150875 0.0127988 0.00888461 0.0141053 0.0130189 0.0091516 0.0145583 0.0201421 0.0103121 0.0198119 0.682181 0.0198231 0.0378552 0 0.00326932 0.00325187 0.559557 0.0126739 0.0413516 0.0333293 0.0107627 0.019494 0.0153019 0.00921146 0.0144959 0.0086781 0.0094414 0.00842376 0.00870847 0.00951005 0.0101576 
0.00793047 0.00919144 0.00804906 0.00833542 0.0080767 0.00786296 0.00963269 0.00810122 0.0097595 0.00802995 0.00884993 0.00959995 0.00888546 0.0132641 0.00885449 0.00845028 0.0173321 0.00852533 0.00843958 0.0262854 0.00855561 0.00845808 0.0352359 0.00850139 0.00888168 0.0912472 0.00938958 0.0156487 0.875436 0.0117096 0.00326932 0 0.00345505 0.0141318 0.873572 0.0106105 0.0109659 0.076144 0.0104212 0.0101403 0.0296459 0.00922985 0.00900146 0.00859424 0.00821233 0.00893094 0.00807439 0.00866974 
0.00941649 0.0080335 0.00806626 0.0080528 0.00811959 0.00942149 0.00810999 0.00885511 0.00815837 0.00973128 0.0116367 0.00915085 0.00935867 0.00905612 0.0125856 0.0137733 0.00826698 0.0124228 0.014653 0.00856021 0.0159613 0.0178914 0.00836932 0.011635 0.0273173 0.00881521 0.0408637 0.0455381 0.0134502 0.767278 0.00325187 0.00345505 0 0.0677674 0.0115022 0.709959 0.0217563 0.00983513 0.0348432 0.0183028 0.00921425 0.0145976 0.00904143 0.00982012 0.0095065 0.00807175 0.00905498 0.00903338 
0.00852555 0.00792716 0.00803173 0.00799518 0.0084761 0.00814119 0.00808594 0.00836744 0.00816227 0.00925113 0.0090997 0.00908037 0.00903461 0.00942328 0.0106886 0.00897098 0.00854848 0.0127444 0.00990139 0.00878572 0.0119649 0.0101771 0.00867644 0.0117795 0.0130936 0.00986085 0.0170981 0.049001 0.0141855 0.026402 0.559557 0.0141318 0.0677674 0 0.00324516 0.00332205 0.662068 0.0171974 0.0568495 0.03229 0.0122426 0.0251951 0.0105699 0.0106049 0.00883399 0.0101554 0.010381 0.0102572 
0.00803345 0.00851856 0.00809247 0.00821396 0.00799519 0.00784773 0.00869419 0.00820102 0.008889 0.00804112 0.00878777 0.00969846 0.00903142 0.01129 0.00904475 0.00838073 0.0104415 0.00853984 0.00834208 0.0154746 0.00860402 0.00836165 0.0128615 0.00826273 0.00928498 0.0329303 0.00944985 0.0132194 0.107038 0.0116669 0.0126739 0.873572 0.0115022 0.00324516 0 0.00351356 0.024367 0.893289 0.0149281 0.0166838 0.0817277 0.0116427 0.0100691 0.0101222 0.00880982 0.00910132 0.008308 0.00848612 
0.00902925 0.00796543 0.00803146 0.00797045 0.00812756 0.00873438 0.00806054 0.00836059 0.00823402 0.00898001 0.0108666 0.00902768 0.00911309 0.00919852 0.0113388 0.010424 0.0082752 0.0101461 0.0119306 0.00861432 0.0127868 0.0120935 0.00832555 0.00970625 0.0179176 0.00894252 0.0277103 0.0250954 0.0114304 0.0926049 0.0413516 0.0106105 0.709959 0.00332205 0.00351356 0 0.0605012 0.016173 0.742116 0.0292001 0.0146827 0.0656648 0.0115425 0.0133842 0.0120321 0.00879697 0.0100095 0.00956877 
0.00852464 0.007952 0.00807391 0.00802087 0.00836244 0.0081738 0.00813041 0.00831512 0.00810644 0.00882435 0.00867178 0.00869152 0.00877072 0.00899918 0.0100948 0.00883549 0.00827383 0.0109319 0.00912183 0.00868777 0.0107448 0.00920733 0.00842785 0.0103219 0.0106097 0.00937642 0.0123047 0.0242171 0.0120142 0.0199576 0.0333293 0.0109659 0.0217563 0.662068 0.024367 0.0605012 0 0.00327232 0.0033092 0.636464 0.017468 0.0658908 0.0125943 0.0124406 0.00993459 0.0134796 0.0135173 0.0115292 
0.00797538 0.00844712 0.00813342 0.00815964 0.00796854 0.00783317 0.00846778 0.0081999 0.00852152 0.00812158 0.00840876 0.00929875 0.00878175 0.00963421 0.00868962 0.00815355 0.0089165 0.00842477 0.00826243 0.0103508 0.00852235 0.00811691 0.0100423 0.00821824 0.00899706 0.0146609 0.00910386 0.0115195 0.0457591 0.0104792 0.0107627 0.076144 0.00983513 0.0171974 0.893289 0.016173 0.00327232 0 0.00364214 0.0334886 0.89088 0.0241759 0.0170955 0.0112261 0.0104164 0.0111293 0.00897313 0.00901475 
0.00864248 0.0079901 0.00800183 0.00800288 0.00806061 0.0083211 0.00807761 0.0081479 0.00815737 0.00829345 0.00950348 0.00885058 0.00872815 0.00873418 0.0095124 0.00907508 0.00814062 0.00867251 0.00956512 0.00842284 0.00917375 0.00944115 0.0082116 0.00858019 0.0122611 0.00876754 0.012899 0.0202386 0.0103021 0.0308368 0.019494 0.0104212 0.0348432 0.0568495 0.0149281 0.742116 0.0033092 0.00364214 0 0.0733267 0.0180468 0.754533 0.0149633 0.0167568 0.0142178 0.00996579 0.0107437 0.0103047 
0.00837929 0.00802335 0.0080941 0.00806396 0.00825724 0.00811857 0.00810915 0.00830379 0.00821159 0.00854877 0.00852783 0.00837325 0.00863405 0.00864585 0.00951909 0.00855588 0.00818736 0.00992918 0.00864793 0.00840831 0.0101603 0.00853303 0.00820834 0.00916069 0.00921342 0.00881328 0.0109001 0.0128515 0.010616 0.013898 0.0153019 0.0101403 0.0183028 0.03229 0.0166838 0.0292001 0.636464 0.0334886 0.0733267 0 0.00329389 0.00353074 0.00757376 0.0208086 0.0148356 0.0169689 0.0194121 0.0133374 
0.00805519 0.00830809 0.0081551 0.00808681 0.00797633 0.00786462 0.00832321 0.00821492 0.00837372 0.00808132 0.00830767 0.00868933 0.00875102 0.00911054 0.00845663 0.00799274 0.00861575 0.00825422 0.00811065 0.00903613 0.00831474 0.00798981 0.00908166 0.00809279 0.00849687 0.00991776 0.00867888 0.0099759 0.01768 0.0100259 0.00921146 0.0296459 0.00921425 0.0122426 0.0817277 0.0146827 0.017468 0.89088 0.0180468 0.00329389 0 0.00356979 0.00851243 0.0216549 0.0152574 0.0187403 0.00999788 0.00913504 
0.00851257 0.00803388 0.00801544 0.00804531 0.0080059 0.00820436 0.00809391 0.00813059 0.00814964 0.00815031 0.00915516 0.00882451 0.0085089 0.00850457 0.00892022 0.00881383 0.00815963 0.00852524 0.00888767 0.00830052 0.00841738 0.00884627 0.0081844 0.00818056 0.00998249 0.00851701 0.00994848 0.0133321 0.00957637 0.0136801 0.0144959 0.00922985 0.0145976 0.0251951 0.0116427 0.0656648 0.0658908 0.0241759 0.754533 0.00353074 0.00356979 0 0.0158848 0.022306 0.0272282 0.0116345 0.0139834 0.0113962 
0.00799538 0.00821138 0.00789225 0.00793959 0.00815982 0.00791278 0.0083033 0.00788069 0.00819261 0.00799423 0.00806073 0.00791864 0.00795706 0.007986 0.00815765 0.00793802 0.00812283 0.00837245 0.00795392 0.00804787 0.00812268 0.00797955 0.00826535 0.00814548 0.00807508 0.00816292 0.00849051 0.00887057 0.00840686 0.00916352 0.0086781 0.00900146 0.00904143 0.0105699 0.0100691 0.0115425 0.0125943 0.0170955 0.0149633 0.00757376 0.00851243 0.0158848 0 0.0968817 0.0125535 0.0271674 0.0257051 0.0195184 
0.00810683 0.0079793 0.00786378 0.00794059 0.00847992 0.00803392 0.00818446 0.00784027 0.00819088 0.0083838 0.00820517 0.00792947 0.00799042 0.00808906 0.00852671 0.00809057 0.00809895 0.00877715 0.00803553 0.00806006 0.00856375 0.00814704 0.00826142 0.00856688 0.00839817 0.00816084 0.0088343 0.00922727 0.00838867 0.00938678 0.0094414 0.00859424 0.00982012 0.0106049 0.0101222 0.0133842 0.0124406 0.0112261 0.0167568 0.0208086 0.0216549 0.022306 0.0968817 0 0.0428447 0.0361509 0.0435771 0.0231285 
0.00812724 0.00800405 0.00798878 0.00798631 0.00827692 0.00795517 0.00807436 0.00804916 0.0080597 0.00843111 0.00795346 0.00807454 0.00810194 0.00807625 0.00829185 0.00794204 0.00807772 0.00851683 0.00791816 0.00804417 0.00833156 0.00792506 0.00794562 0.00822407 0.00810575 0.00800621 0.0087402 0.00831795 0.0082141 0.0090296 0.00842376 0.00821233 0.0095065 0.00883399 0.00880982 0.0120321 0.00993459 0.0104164 0.0142178 0.0148356 0.0152574 0.0272282 0.0125535 0.0428447 0 0.00530159 0.14162 0.032751 
0.00829501 0.00836188 0.00802931 0.00798912 0.00814228 0.00817856 0.00839652 0.00800636 0.00813711 0.00803557 0.00854295 0.00804037 0.0080541 0.00799133 0.00811665 0.00815113 0.0080297 0.00795635 0.00808154 0.00812738 0.00793913 0.00808271 0.00853192 0.00792169 0.00827547 0.00826358 0.0080153 0.00871315 0.00861586 0.00814736 0.00870847 0.00893094 0.00807175 0.0101554 0.00910132 0.00879697 0.0134796 0.0111293 0.00996579 0.0169689 0.0187403 0.0116345 0.0271674 0.0361509 0.00530159 0 0.0581589 0.0173303 
0.00900408 0.0080308 0.00804172 0.00800431 0.0084606 0.00867 0.00813048 0.00812706 0.00793524 0.0088854 0.00885857 0.00809853 0.0078985 0.00795085 0.00851969 0.00876092 0.00801194 0.00872626 0.00854174 0.00796705 0.00835441 0.0087929 0.0079993 0.0084516 0.00896396 0.00799872 0.00846216 0.00934673 0.00806575 0.00884959 0.00951005 0.00807439 0.00905498 0.010381 0.008308 0.0100095 0.0135173 0.00897313 0.0107437 0.0194121 0.00999788 0.0139834 0.0257051 0.0435771 0.14162 0.0581589 0 0.13747 
0.010008 0.00889193 0.0085728 0.00871006 0.00994447 0.00974451 0.00905009 0.00854762 0.00894793 0.0100357 0.00965371 0.0085405 0.00821241 0.00834249 0.00902962 0.0095018 0.00850633 0.0089783 0.00945794 0.00854506 0.00897021 0.00945128 0.0089532 0.00922601 0.00940962 0.00851507 0.00897914 0.0100354 0.00836466 0.00884552 0.0101576 0.00866974 0.00903338 0.0102572 0.00848612 0.00956877 0.0115292 0.00901475 0.0103047 0.0133374 0.00913504 0.0113962 0.0195184 0.0231285 0.032751 0.0173303 0.13747 0 
