1OTJA
SERLSITPLGPYIGAQISGADLTRPLSDNQFEQLYHAVLRHQVVFLRDQAITPQQQRALAQRFGELHIHPVYPHAEGVDEIIVLDTHNDNPPDNDNWHTDVTFIETPPAGAILAAKELPSTGGDTLWTSGIAAYEALSVPFRQLLSGLRAEHDFRKSFPEYKYRKTEEEHQRWREAVAKNPPLLHPVVRTHPVSGKQALFVNEGFTTRIVDVSEKESEALLSFLFAHITKPEFQVRWRWQPNDIAIWDNRVTQHYANADYLPQRRIMHRATILGDKPFYRA
CCCCEEEECCCCCCEEEECCCCCCCCCHHHHHHHHHHHHHHCEEEECCCCCCHHHHHHHHHCCCCECCCCCCCEECCEEEEEEEEEECCECCCCCCCECCCCCCCCCEEEEEEEEEECCCCCCCEEEEEHHHHHHCCCHHHHHHHCCCEEEECHHHHCCHHHCCCCHHHHHHHHHHHHHCCCEEEECEEECCCCCCEEECCCCCCEEEECCCCHHHHHHHHHHHHHHCCCHHHEEEECCCCCCEEEEECCCEEEEECCCCCCCCEEEEEEEEECCCCCCCC
0 0 0 0 0 0 0 0 0 0 0 0 0 0 0 0 0 0 0 0 0 0 0 0 0 0 0 0 0 0 0 0 0 0 0 0 0 0 0 0 0 0 0 0 0 0 0 0 0 0 0 0 0 0 0 0 0 0 0 0 0 0 0 0 0 0 0 0 0 0 0 0 0 0 0 0 0 0 0 0 0 0 0 0 0 0 0 0 0 0 0 0 0 0 0 0 0 0 0 0 0 0 0 0 0 0 0 0 0 0 0 0 0 0 0 0 0 0 0 0 0 0 0 0 0 0 0 0 0 0 0 0 0 0 0 0 0 0 0 0 0 0 0 0 0 0 0 0 0 0 0 0 0 0 0 0 0 0 0 0 0 0 0 0 0 0 0 0 0 0 0 0 0 0 0 0 0 0 0 0 0 0 0 0 0 0 0 0 0 0 0 0 0 0 0 0 0 0 0 0 0 0 0 0 0 0 0 0 0 0 0 0 0 0 0 0 0 0 0 0 0 0 0 0 0 0 0 0 0 0 0 0 0 0 0 0 0 0 0 0 0 0 0 0 0 0 0 0 0 0 0 0 0 0 0 0 0 0 0 0 0 0 0 0 0 0 0 0 0 0 0 0 0 0 0 0 0 0 0 0 0 
0 0 0 0 0 0 0 0 0 0 0 0 0 0 0 0 0 0 0 0 0 0 0 0 0 0 0 0 0 0 0 0 0 0 0 0 0 0 0 0 0 0 0 0 0 0 0 0 0 0 0 0 0 0 0 0 0 0 0 0 0 0 0 0 0 0 0 0 0 0 0 0 0 0 0 0 0 0 0 0 0 0 0 0 0 0 0 0 0 0 0 0 0 0 0 0 0 0 0 0 0 0 0 0 0 0 0 0 0 0 0 0 0 0 0 0 0 0 0 0 0 0 0 0 0 0 0 0 0 0 0 0 0 0 0 0 0 0 0 0 0 0 0 0 0 0 0 0 0 0 0 0 0 0 0 0 0 0 0 0 0 0 0 0 0 0 0 0 0 0 0 0 0 0 0 0 0 0 0 0 0 0 0 0 0 0 0 0 0 0 0 0 0 0 0 0 0 0 0 0 0 0 0 0 0 0 0 0 0 0 0 0 0 0 0 0 0 0 0 0 0 0 0 0 0 0 0 0 0 0 0 0 0 0 0 0 0 0 0 0 0 0 0 0 0 0 0 0 0 0 0 0 0 0 0 0 0 0 0 0 0 0 0 0 0 0 0 0 0 0 0 0 0 0 0 0 0 0 0 0 0 
0 0.00325086 0.00332658 0.00633382 0.0060619 0.0134215 0.0105566 0.875399 0.0137481 0.0113934 0.0130675 0.0202106 0.0117915 0.0092913 0.00915245 0.00884104 0.00839481 0.00864354 0.00883343 0.00945896 0.00915798 0.00860118 0.00852649 0.00855935 0.011105 0.00938277 0.00899805 0.0086325 0.00811193 0.00840731 0.00848944 0.00849648 0.0083415 0.00867683 0.00824991 0.00822651 0.0098873 0.00844784 0.00802543 0.00819241 0.00825903 0.00867394 0.00915278 0.00794121 0.00799659 0.00876864 0.0079873 0.00789575 0.00797296 0.00813619 0.00830544 0.00808673 0.00859827 0.00842381 0.00811735 0.00861245 0.00813974 0.00792971 0.00824618 0.00834228 0.00798266 0.0080396 0.00818397 0.00814524 0.0082585 0.00829963 0.00821468 0.00815188 0.00823276 0.00818249 0.00814071 0.00817204 0.00819445 0.00857107 0.00829782 0.00827155 0.00821062 0.00819417 0.00827106 0.00830052 0.00853201 0.00836792 0.00886993 
0.00325086 0 0.00378902 0.00320053 0.00649727 0.00739253 0.881028 0.00801247 0.0115662 0.0226919 0.0132033 0.0100051 0.00877015 0.00815869 0.00887275 0.00852416 0.00828472 0.00957557 0.0106213 0.010016 0.0102614 0.00956092 0.00869546 0.00893202 0.00825598 0.00810932 0.00801102 0.00808008 0.00839522 0.0087769 0.00899535 0.00872011 0.00880233 0.00841343 0.00842329 0.00814861 0.0080674 0.00813214 0.0084881 0.00833368 0.00835018 0.00815797 0.00788161 0.00833684 0.00807278 0.00799162 0.00804181 0.00803179 0.00812495 0.00796915 0.00794343 0.00821821 0.00798507 0.00804891 0.00817914 0.00801499 0.00793273 0.0080688 0.00800508 0.008189 0.0079716 0.00814555 0.00802292 0.00806677 0.00815628 0.00833056 0.00824632 0.00813144 0.00803373 0.00809472 0.00816006 0.00818782 0.00818522 0.00812154 0.0081738 0.00828645 0.0082353 0.00823691 0.00830354 0.00834738 0.00838128 0.00857648 0.00824557 
0.00332658 0.00378902 0 0.0031659 0.00612941 0.878533 0.00672669 0.00618403 0.00974269 0.019201 0.0179016 0.00879217 0.00878124 0.00825706 0.00813259 0.0083521 0.00855624 0.00912428 0.00962528 0.00978934 0.010561 0.00880147 0.00896609 0.00833788 0.00801275 0.00804505 0.00793939 0.00796175 0.00824598 0.00856303 0.00855454 0.00868861 0.00860907 0.00858151 0.00820811 0.00802484 0.00793962 0.00822043 0.00829204 0.00834486 0.00812864 0.00802717 0.00799257 0.00811211 0.00803491 0.00796364 0.00786195 0.00799017 0.00797823 0.00787836 0.007945 0.00802527 0.00803025 0.0079224 0.00801044 0.00800957 0.00794049 0.0079723 0.00796367 0.00793053 0.00795382 0.0079657 0.0079856 0.00792355 0.00810567 0.00821455 0.00822981 0.00805815 0.00800617 0.00800416 0.0080468 0.00808472 0.00806886 0.00804222 0.00805984 0.00807517 0.00817729 0.00814609 0.00820931 0.00834734 0.00830006 0.00831264 0.00802801 
0.00633382 0.00320053 0.0031659 0 0.870299 0.0072944 0.0055343 0.00690603 0.0214137 0.0100799 0.0121845 0.014373 0.0113242 0.00895767 0.0081383 0.0112649 0.00824429 0.00870617 0.00877192 0.00958371 0.00890826 0.00894521 0.00852729 0.00820532 0.00808477 0.00846965 0.00912936 0.0090027 0.00819757 0.00832588 0.00833503 0.00821394 0.00836286 0.0082518 0.00806923 0.00791628 0.00802832 0.00925935 0.00813176 0.00809435 0.00805183 0.00808441 0.00879125 0.00793174 0.00794304 0.00798304 0.00815159 0.00790479 0.00788429 0.00792396 0.00834097 0.00794886 0.00798722 0.00817065 0.00796008 0.00797834 0.00826088 0.00791912 0.00789332 0.00793502 0.00811457 0.00793527 0.00792481 0.00799607 0.00838351 0.00818824 0.00815814 0.00805289 0.00797263 0.00818263 0.00807361 0.00803751 0.00802274 0.00805796 0.00826956 0.0081318 0.00811565 0.00809738 0.00809465 0.00815117 0.00820445 0.00815095 0.00807133 
0.0060619 0.00649727 0.00612941 0.870299 0 0.00322758 0.00367736 0.00404245 0.0956536 0.0222558 0.0150672 0.0511355 0.0155336 0.0084342 0.0167679 0.0102437 0.00846581 0.0101385 0.0107449 0.0106738 0.0115435 0.01023 0.00881418 0.00960941 0.0122365 0.00897572 0.00912111 0.00874202 0.00878008 0.00937069 0.00949401 0.00929126 0.00932329 0.00886382 0.00900524 0.00851081 0.0101979 0.00856341 0.00868272 0.00846882 0.00892213 0.00975428 0.00795855 0.0088682 0.00801266 0.00996679 0.00872804 0.00799007 0.00799973 0.00829974 0.00845647 0.00823385 0.00874286 0.00815238 0.00821883 0.00844553 0.0080912 0.00801744 0.0080089 0.00876493 0.00834347 0.00820705 0.00801359 0.00828211 0.00840438 0.00831863 0.00838903 0.00821293 0.00833496 0.00822883 0.00819584 0.00814078 0.00826876 0.00834564 0.00828874 0.00821626 0.00841327 0.00837156 0.00874119 0.00835578 0.008304 0.00830715 0.00854517 
0.0134215 0.00739253 0.878533 0.0072944 0.00322758 0 0.00324462 0.00327129 0.0257495 0.129444 0.060489 0.0106401 0.00853665 0.00932587 0.00832488 0.00825746 0.0101201 0.0108172 0.0103597 0.016249 0.0154029 0.00993235 0.0116076 0.00873478 0.00849848 0.00808935 0.00805486 0.00835186 0.00919959 0.0101658 0.0113747 0.00972627 0.00974592 0.0105258 0.00835982 0.00850763 0.00824867 0.00867939 0.00863226 0.00918228 0.00882266 0.00829595 0.00887974 0.00817484 0.00853373 0.00806552 0.00793564 0.00820649 0.00819368 0.00806262 0.0080712 0.00837133 0.00817847 0.00804179 0.00820645 0.00823554 0.00791415 0.00804219 0.00821156 0.00798681 0.00798007 0.00805985 0.00812758 0.00799501 0.00816782 0.00839327 0.00834972 0.008137 0.00801359 0.00804521 0.00814344 0.00815878 0.00815749 0.00812925 0.00812428 0.00824414 0.00829657 0.00823012 0.00830442 0.00839982 0.00843726 0.00834716 0.00824726 
0.0105566 0.881028 0.00672669 0.0055343 0.00367736 0.00324462 0 0.00319224 0.013385 0.0696587 0.102656 0.0138482 0.0100852 0.00830275 0.0103102 0.00986067 0.00874534 0.0104099 0.0148773 0.0107252 0.0113528 0.0126049 0.00917803 0.00937509 0.0082489 0.00817601 0.00828544 0.00830428 0.00877895 0.00992833 0.00952376 0.00938164 0.00996231 0.00870451 0.00904808 0.00834204 0.00817269 0.00880592 0.00900885 0.00880591 0.00866138 0.00823765 0.0079972 0.00896819 0.00813028 0.00815558 0.00824257 0.00808294 0.00816633 0.00796366 0.00812239 0.00821133 0.00808686 0.00802951 0.00823658 0.00811193 0.00797185 0.00810404 0.0079909 0.0081608 0.00803418 0.00815604 0.00804173 0.00804311 0.00825831 0.00827604 0.00836683 0.00820476 0.00803289 0.00810852 0.00813505 0.00817355 0.00817559 0.00801685 0.00810871 0.00819116 0.00822804 0.00822252 0.0082402 0.00832606 0.00835108 0.00846114 0.00811299 
0.875399 0.00801247 0.00618403 0.00690603 0.00404245 0.00327129 0.00319224 0 0.0260176 0.0120376 0.0453508 0.093764 0.0130514 0.0105368 0.0083832 0.0118821 0.00880633 0.00928149 0.0104889 0.00980159 0.00995524 0.00911019 0.00910812 0.00832983 0.00854671 0.00873291 0.00988567 0.00972099 0.008427 0.00871347 0.00875756 0.00893133 0.00870247 0.0086664 0.00821544 0.00799727 0.00835557 0.0107207 0.00831525 0.00826281 0.00828304 0.00823928 0.00927355 0.00795403 0.00804675 0.00800301 0.00817408 0.00789993 0.00787372 0.00795629 0.00842878 0.00793141 0.00809652 0.00814154 0.00792067 0.00803696 0.00833712 0.00798384 0.00787483 0.00791331 0.00822313 0.00804219 0.00783911 0.00797696 0.0084282 0.00819086 0.00825981 0.00793342 0.00794966 0.00812075 0.0079853 0.00799836 0.00793297 0.00806154 0.00821831 0.00807548 0.00809754 0.00806826 0.00804502 0.00811851 0.00814351 0.00806292 0.00800304 
0.0137481 0.0115662 0.00974269 0.0214137 0.0956536 0.0257495 0.013385 0.0260176 0 0.00323579 0.00322304 0.00371893 0.0554383 0.012685 0.0151942 0.0141123 0.0103124 0.0139705 0.0184565 0.023001 0.0200732 0.0138481 0.0120838 0.011903 0.0156912 0.0103476 0.011117 0.0132224 0.0118543 0.0130182 0.0150166 0.0135191 0.0123091 0.012148 0.0105919 0.00973377 0.0158838 0.0133325 0.0102512 0.010656 0.0108541 0.0144785 0.00876099 0.00881454 0.00874354 0.0126831 0.00858743 0.00815228 0.00829003 0.00901028 0.00959128 0.00852285 0.00975179 0.00836072 0.00827445 0.00902572 0.00816118 0.00812684 0.00814655 0.00867778 0.00824057 0.00848088 0.00812247 0.00822842 0.00854572 0.00848241 0.00858634 0.00837741 0.00847005 0.00813901 0.00819625 0.00809939 0.00817186 0.00836013 0.00815856 0.00814812 0.00814014 0.00820108 0.00820161 0.00828612 0.00826605 0.0082108 0.00844445 
0.0113934 0.0226919 0.019201 0.0100799 0.0222558 0.129444 0.0696587 0.0120376 0.00323579 0 0.00323132 0.003188 0.0174538 0.0206662 0.0107804 0.0110556 0.0210435 0.0353657 0.0523789 0.0695105 0.0638285 0.0413176 0.0221625 0.0167542 0.00925077 0.00848629 0.00888227 0.0105241 0.0278589 0.0333405 0.0433065 0.0371254 0.0346869 0.0244911 0.0149351 0.0138044 0.00912007 0.0114157 0.0218494 0.0235889 0.0162761 0.00967195 0.00865015 0.010282 0.0109418 0.00907834 0.00842456 0.00875686 0.00893027 0.00862538 0.00899344 0.00956386 0.00877469 0.00814499 0.00894921 0.0087623 0.00796727 0.00842353 0.00847793 0.00807488 0.00829652 0.00851747 0.00840047 0.00809418 0.00833504 0.00922872 0.00952177 0.00862991 0.00823832 0.00815335 0.00851434 0.00853478 0.00843099 0.00817484 0.00810144 0.00842048 0.00863258 0.00853975 0.00869452 0.00877686 0.00865369 0.00867741 0.0082472 
0.0130675 0.0132033 0.0179016 0.0121845 0.0150672 0.060489 0.102656 0.0453508 0.00322304 0.00323132 0 0.00321067 0.0163052 0.0163222 0.0136249 0.0107288 0.016315 0.0290931 0.0346716 0.0511865 0.0654318 0.054081 0.0304118 0.0238917 0.0103192 0.00920836 0.0101432 0.0117861 0.02557 0.0326666 0.0283008 0.0349011 0.0340186 0.026833 0.014618 0.0147854 0.0115946 0.0113795 0.0203173 0.0271049 0.0207381 0.0111559 0.00963252 0.0105202 0.0121365 0.00943892 0.00853776 0.00911316 0.00882696 0.0085981 0.0102425 0.0101529 0.00887057 0.00833789 0.00941263 0.00903575 0.00820661 0.00838078 0.00836362 0.00813435 0.00837036 0.00845138 0.00836293 0.0082321 0.00871418 0.00962223 0.00954463 0.00877216 0.00824743 0.00827897 0.0084527 0.00849326 0.00849268 0.00812961 0.00819342 0.00839043 0.00873896 0.00846336 0.00877264 0.00871873 0.00872328 0.00858253 0.00821495 
0.0202106 0.0100051 0.00879217 0.014373 0.0511355 0.0106401 0.0138482 0.093764 0.00371893 0.003188 0.00321067 0 0.0882061 0.0163164 0.0221394 0.0226987 0.0109167 0.0122556 0.0172436 0.0155011 0.0184723 0.0157471 0.0129421 0.0116216 0.0126618 0.012164 0.0165234 0.0160304 0.012724 0.0126635 0.0129562 0.0121012 0.0132338 0.0111562 0.00941601 0.00918463 0.0107376 0.0158405 0.0107869 0.0100308 0.0102964 0.0110025 0.0113384 0.00897248 0.00895395 0.00978005 0.00981596 0.00830162 0.00826617 0.00822697 0.0100649 0.00848413 0.00886389 0.00895392 0.00871972 0.00880165 0.00949702 0.00816737 0.00804423 0.00818719 0.00928038 0.0083156 0.00807919 0.0081466 0.00899458 0.00854409 0.00851917 0.00816195 0.0083082 0.00838288 0.00825993 0.00808888 0.00809177 0.00818651 0.00828875 0.00822892 0.0081802 0.00812779 0.00810458 0.00815408 0.0081603 0.00803453 0.00819209 
0.0117915 0.00877015 0.00878124 0.0113242 0.0155336 0.00853665 0.0100852 0.0130514 0.0554383 0.0174538 0.0163052 0.0882061 0 0.0485781 0.026437 0.0114296 0.00782764 0.0122744 0.00915806 0.00821033 0.00873332 0.00846999 0.00779215 0.00947416 0.0126325 0.0347931 0.0388734 0.0130573 0.00900027 0.00878286 0.00863376 0.00884591 0.00881893 0.0086545 0.00877484 0.00885752 0.0127917 0.010996 0.00868911 0.00837073 0.00906221 0.0113723 0.0100892 0.00833055 0.00818541 0.0111611 0.00935974 0.00788195 0.00789535 0.00815994 0.00838524 0.00798845 0.00922106 0.00884464 0.00795653 0.0085096 0.00900058 0.00794822 0.00801042 0.00921214 0.00820067 0.00793758 0.00788555 0.0082898 0.00864575 0.00793763 0.00796884 0.00793374 0.00832279 0.00822722 0.00789036 0.00791175 0.00791373 0.00839348 0.00833837 0.00792471 0.00793419 0.00791404 0.00789714 0.00799525 0.00797871 0.00805816 0.00866211 
0.0092913 0.00815869 0.00825706 0.00895767 0.0084342 0.00932587 0.00830275 0.0105368 0.012685 0.0206662 0.0163222 0.0163164 0.0485781 0 0.00384915 0.00354068 0.127243 0.00401742 0.00385371 0.00506953 0.00595845 0.00590554 0.00569914 0.00592236 0.00927798 0.00760618 0.0150634 0.0109633 0.0102698 0.00867953 0.00884766 0.00870367 0.00893286 0.00894786 0.00839727 0.00875643 0.0115688 0.00950859 0.00885329 0.0084744 0.00892003 0.0109946 0.00969127 0.00801055 0.00858838 0.00910504 0.00803094 0.00800365 0.00789481 0.00803176 0.00805144 0.0080627 0.00862456 0.00806838 0.0079987 0.00826307 0.00798099 0.00788528 0.00788409 0.00802657 0.0079508 0.00792203 0.00783611 0.00788396 0.00795007 0.00804531 0.00798523 0.00789667 0.0079232 0.00792568 0.00789466 0.00791675 0.00792139 0.00791084 0.00794334 0.00792903 0.00791943 0.00791344 0.00797932 0.00796142 0.00797619 0.00796081 0.00797889 
0.00915245 0.00887275 0.00813259 0.0081383 0.0167679 0.00832488 0.0103102 0.0083832 0.0151942 0.0107804 0.0136249 0.0221394 0.026437 0.00384915 0 0.872992 0.00696909 0.00348385 0.00358143 0.00421761 0.00497303 0.00532598 0.00517387 0.00723181 0.00558987 0.00802406 0.0129489 0.0112312 0.00907495 0.00881226 0.00856811 0.00865505 0.00872941 0.00845254 0.00901216 0.00852054 0.00897173 0.010267 0.00867818 0.00840099 0.00888142 0.0092413 0.00869538 0.00897584 0.00815611 0.00884957 0.00943755 0.0079474 0.00787639 0.0078691 0.00814955 0.00812284 0.00816019 0.00822782 0.00807734 0.00803876 0.00842241 0.00793528 0.00787525 0.00875696 0.00806372 0.00796092 0.00790167 0.00823416 0.00821493 0.00803105 0.0079678 0.0079297 0.00799739 0.00794984 0.00790802 0.00790065 0.00789194 0.00800809 0.00803383 0.00791399 0.00793673 0.007937 0.00790267 0.00798166 0.0079506 0.00802709 0.00811204 
0.00884104 0.00852416 0.0083521 0.0112649 0.0102437 0.00825746 0.00986067 0.0118821 0.0141123 0.0110556 0.0107288 0.0226987 0.0114296 0.00354068 0.872992 0 0.00322837 0.00316613 0.00319459 0.00331819 0.0033697 0.0035023 0.00352486 0.00471457 0.00813499 0.00688745 0.0101344 0.0125059 0.0091567 0.00952596 0.00916055 0.0093261 0.00934117 0.00919919 0.0102306 0.00895388 0.0164931 0.010365 0.0089671 0.00873325 0.00965129 0.0141051 0.00872671 0.00850789 0.00837618 0.0135205 0.00828038 0.00786355 0.00802081 0.00838825 0.00837006 0.00800906 0.00968909 0.00816564 0.00798959 0.00883198 0.00800497 0.00786666 0.00799885 0.00963551 0.00791036 0.00795356 0.00788685 0.00821598 0.00820985 0.00806468 0.00811897 0.00791434 0.00810563 0.00789886 0.00789019 0.00788484 0.00791722 0.00821104 0.00798079 0.00791595 0.00792631 0.00802116 0.00801544 0.0079522 0.00802431 0.00802244 0.00829784 
0.00839481 0.00828472 0.00855624 0.00824429 0.00846581 0.0101201 0.00874534 0.00880633 0.0103124 0.0210435 0.016315 0.0109167 0.00782764 0.127243 0.00696909 0.00322837 0 0.00315736 0.00315876 0.00320072 0.00322546 0.00343102 0.00345762 0.00478823 0.00447696 0.00532284 0.00773224 0.00926476 0.0112415 0.0114 0.0123198 0.0107969 0.0107911 0.0113659 0.00901721 0.0122497 0.00917063 0.00964537 0.0101185 0.0105745 0.0106879 0.00919194 0.00876858 0.00870392 0.0097511 0.0087832 0.00801155 0.00826702 0.00812172 0.00812991 0.00839542 0.00854915 0.00833718 0.00796143 0.00831912 0.00820066 0.0079213 0.00802284 0.00815316 0.00796367 0.00801371 0.0081072 0.00823667 0.00793914 0.00815681 0.00850201 0.00842695 0.00822125 0.00796215 0.00802909 0.00814149 0.00824076 0.00823644 0.00799472 0.00794911 0.00813135 0.00821374 0.00818914 0.00830214 0.00841952 0.00827535 0.0082114 0.0080212 
0.00864354 0.00957557 0.00912428 0.00870617 0.0101385 0.0108172 0.0104099 0.00928149 0.0139705 0.0353657 0.0290931 0.0122556 0.0122744 0.00401742 0.00348385 0.00316613 0.00315736 0 0.00315971 0.00318109 0.00323833 0.00327126 0.00333908 0.00327734 0.00342652 0.00487513 0.00746813 0.0104099 0.0158992 0.0242092 0.0243196 0.0271204 0.0250543 0.0181912 0.0196061 0.0109791 0.0103926 0.0103645 0.0192099 0.0294852 0.012104 0.0102384 0.00870714 0.0120874 0.0101111 0.00973907 0.00836778 0.00884137 0.00900263 0.00893444 0.0105152 0.00910063 0.00859277 0.0082127 0.00872545 0.00878221 0.00807285 0.00845116 0.0084697 0.00815341 0.00831952 0.00865193 0.00848932 0.00813654 0.00833679 0.00947293 0.00991172 0.00881466 0.00810655 0.00814842 0.00849234 0.00871158 0.00852515 0.00814867 0.00803216 0.00845975 0.00856236 0.0085936 0.0088406 0.0088001 0.00866792 0.00847941 0.00813042 
0.00883343 0.0106213 0.00962528 0.00877192 0.0107449 0.0103597 0.0148773 0.0104889 0.0184565 0.0523789 0.0346716 0.0172436 0.00915806 0.00385371 0.00358143 0.00319459 0.00315876 0.00315971 0 0.00316881 0.00318327 0.00318817 0.00319269 0.00327103 0.00338226 0.00475631 0.00773385 0.0137215 0.021055 0.0341079 0.0330295 0.039917 0.0432764 0.0292225 0.0199911 0.0128518 0.0104885 0.0120079 0.0277006 0.0349249 0.0156237 0.0106067 0.00920795 0.0154757 0.0118176 0.0104826 0.0088351 0.00924086 0.00965673 0.0100625 0.0123051 0.00969732 0.0090327 0.00819847 0.00898753 0.00936029 0.00815468 0.00874278 0.00875428 0.00828698 0.00839647 0.00892344 0.00861609 0.0082465 0.00851896 0.00981183 0.0104665 0.00912172 0.00826318 0.00820858 0.00882689 0.0090939 0.00864767 0.00822458 0.00805772 0.00857534 0.00891429 0.00893113 0.00879243 0.00948449 0.00880915 0.00854256 0.00829237 
0.00945896 0.010016 0.00978934 0.00958371 0.0106738 0.016249 0.0107252 0.00980159 0.023001 0.0695105 0.0511865 0.0155011 0.00821033 0.00506953 0.00421761 0.00331819 0.00320072 0.00318109 0.00316881 0 0.00318268 0.00317559 0.00318431 0.0031962 0.00328876 0.00449168 0.00796694 0.0145064 0.0272658 0.0422231 0.0505514 0.0448511 0.0560767 0.0408469 0.0237016 0.0137251 0.0114979 0.0144436 0.0339058 0.0506755 0.018919 0.0118217 0.0103242 0.0155956 0.013232 0.0110018 0.0088873 0.0102994 0.00979087 0.0102543 0.0150472 0.0109254 0.0089817 0.00850257 0.0096288 0.00988844 0.00841118 0.00893477 0.00878754 0.00840154 0.00859823 0.00923265 0.00877311 0.00847529 0.00877923 0.0115673 0.0120278 0.00944106 0.00829543 0.00837127 0.00900828 0.00948875 0.00889144 0.00820206 0.00820803 0.00888836 0.0093745 0.00914125 0.00964025 0.00929442 0.00926538 0.00876617 0.00817882 
0.00915798 0.0102614 0.010561 0.00890826 0.0115435 0.0154029 0.0113528 0.00995524 0.0200732 0.0638285 0.0654318 0.0184723 0.00873332 0.00595845 0.00497303 0.0033697 0.00322546 0.00323833 0.00318327 0.00318268 0 0.00317064 0.00318123 0.00318253 0.0031854 0.00377969 0.0078172 0.0140586 0.0263267 0.046356 0.0446239 0.0613575 0.0492169 0.0451651 0.0246934 0.0170111 0.0123338 0.0135247 0.0278888 0.0610448 0.0208054 0.0125221 0.0098994 0.0154858 0.0171968 0.0109619 0.00890536 0.0105079 0.0102799 0.010404 0.0153203 0.0117864 0.00904214 0.00846866 0.00980849 0.00999632 0.0083377 0.00926704 0.00904394 0.00828239 0.00870134 0.00894323 0.00895598 0.00833527 0.0088716 0.011513 0.0121273 0.00966683 0.00838418 0.00841637 0.00896901 0.00930633 0.00892196 0.00830165 0.00822631 0.00908658 0.00895747 0.00931113 0.00898218 0.00964745 0.00889013 0.0088119 0.00821169 
0.00860118 0.00956092 0.00880147 0.00894521 0.01023 0.00993235 0.0126049 0.00911019 0.0138481 0.0413176 0.054081 0.0157471 0.00846999 0.00590554 0.00532598 0.0035023 0.00343102 0.00327126 0.00318817 0.00317559 0.00317064 0 0.00315349 0.00318433 0.0031782 0.00366263 0.00714357 0.0113501 0.0311729 0.0366905 0.0486223 0.0357103 0.0429287 0.0226372 0.0273794 0.0142519 0.010247 0.0112752 0.0277607 0.0337456 0.0213315 0.0115147 0.00903885 0.0177611 0.0117736 0.0112067 0.00864615 0.00936181 0.00981374 0.00993837 0.0121637 0.0100147 0.00888521 0.00835331 0.0092791 0.00947783 0.0082923 0.00906709 0.00856919 0.00838454 0.00843144 0.0089813 0.00865805 0.00834568 0.00870208 0.0110366 0.0115936 0.00948666 0.00829428 0.00831931 0.0089175 0.00897582 0.00880355 0.00820953 0.00817532 0.00874278 0.00926508 0.00890437 0.00907413 0.00903607 0.00886521 0.00857569 0.008142 
0.00852649 0.00869546 0.00896609 0.00852729 0.00881418 0.0116076 0.00917803 0.00910812 0.0120838 0.0221625 0.0304118 0.0129421 0.00779215 0.00569914 0.00517387 0.00352486 0.00345762 0.00333908 0.00319269 0.00318431 0.00318123 0.00315349 0 0.00314509 0.00315565 0.00343202 0.0107885 0.0115831 0.0189916 0.0391108 0.0291557 0.0266372 0.0195539 0.0275001 0.0114589 0.0109709 0.0102413 0.0101645 0.0130905 0.0373471 0.0119555 0.0103207 0.00923484 0.00937804 0.0134287 0.0098274 0.00827392 0.00893424 0.0087928 0.00924074 0.0102341 0.00930361 0.00867096 0.00818529 0.00852653 0.00869317 0.0080945 0.00825923 0.00844817 0.00804872 0.00832123 0.00837512 0.00858001 0.00802247 0.00829074 0.00936119 0.00968987 0.00874327 0.00809576 0.00807173 0.00837756 0.00900608 0.00840619 0.00803648 0.00802836 0.00838582 0.00858872 0.00841668 0.00852124 0.00861722 0.00853095 0.00832563 0.00803095 
0.00855935 0.00893202 0.00833788 0.00820532 0.00960941 0.00873478 0.00937509 0.00832983 0.011903 0.0167542 0.0238917 0.0116216 0.00947416 0.00592236 0.00723181 0.00471457 0.00478823 0.00327734 0.00327103 0.0031962 0.00318253 0.00318433 0.00314509 0 0.00355897 0.0155313 0.0131526 0.0104041 0.0241466 0.0160137 0.0137701 0.012787 0.0147021 0.0103569 0.0113223 0.0100659 0.00909515 0.0113139 0.0156426 0.0113778 0.0136022 0.00967626 0.00882654 0.0116515 0.00960552 0.00928044 0.00860604 0.00837986 0.0083938 0.00829034 0.0087595 0.00869398 0.00849834 0.00820945 0.00860069 0.00836731 0.00818037 0.00825316 0.00811244 0.00801295 0.00814029 0.00844302 0.00813848 0.0080916 0.00824547 0.00857942 0.00863385 0.00830236 0.00795772 0.00796123 0.00831745 0.00824059 0.00825885 0.00797541 0.00792046 0.00846851 0.00818157 0.00814206 0.00819095 0.00835584 0.00814681 0.00808022 0.00792108 
0.011105 0.00825598 0.00801275 0.00808477 0.0122365 0.00849848 0.0082489 0.00854671 0.0156912 0.00925077 0.0103192 0.0126618 0.0126325 0.00927798 0.00558987 0.00813499 0.00447696 0.00342652 0.00338226 0.00328876 0.0031854 0.0031782 0.00315565 0.00355897 0 0.645132 0.00743946 0.0221656 0.0106181 0.010249 0.010417 0.0104229 0.00954701 0.00984715 0.00857107 0.00869008 0.00987238 0.0148496 0.00941765 0.00905127 0.0090521 0.00998485 0.0123472 0.00854101 0.00858339 0.00930874 0.00978926 0.00806104 0.00809698 0.00801007 0.00950488 0.00817147 0.0082866 0.00864704 0.00800267 0.00819287 0.00934478 0.00797063 0.00792342 0.00793375 0.00871811 0.00796878 0.00789917 0.00798487 0.00849294 0.00817095 0.00808378 0.00799908 0.0080134 0.00807466 0.00798161 0.00797531 0.00793925 0.00802478 0.00804637 0.00800368 0.00801008 0.0079514 0.00796048 0.00801099 0.00793149 0.0079479 0.0079987 
0.00938277 0.00810932 0.00804505 0.00846965 0.00897572 0.00808935 0.00817601 0.00873291 0.0103476 0.00848629 0.00920836 0.012164 0.0347931 0.00760618 0.00802406 0.00688745 0.00532284 0.00487513 0.00475631 0.00449168 0.00377969 0.00366263 0.00343202 0.0155313 0.645132 0 0.264859 0.00999191 0.00854987 0.00766405 0.00791674 0.00796229 0.00830538 0.00808722 0.00797471 0.00810852 0.0106174 0.0102819 0.0083844 0.00818119 0.00888284 0.0113254 0.0107965 0.00810477 0.00819376 0.00977186 0.00881104 0.00784955 0.00779822 0.0079574 0.00821508 0.00789263 0.0087221 0.00860863 0.00789262 0.00817846 0.00864708 0.00781868 0.00788625 0.00824503 0.00816874 0.00778307 0.00780008 0.00787686 0.00815088 0.00778503 0.00777167 0.00778444 0.0079338 0.0080213 0.00776432 0.00776638 0.00776807 0.0080359 0.00802195 0.00776319 0.00777481 0.00777303 0.0077982 0.00783004 0.00785428 0.00780622 0.00812665 
0.00899805 0.00801102 0.00793939 0.00912936 0.00912111 0.00805486 0.00828544 0.00988567 0.011117 0.00888227 0.0101432 0.0165234 0.0388734 0.0150634 0.0129489 0.0101344 0.00773224 0.00746813 0.00773385 0.00796694 0.0078172 0.00714357 0.0107885 0.0131526 0.00743946 0.264859 0 0.0111404 0.00869896 0.00734923 0.00699889 0.00755245 0.0076175 0.00742151 0.00750551 0.00789839 0.0126172 0.0112439 0.00887854 0.00889186 0.0105664 0.0134659 0.0123795 0.00850022 0.00892533 0.0126649 0.00915141 0.00799724 0.0081023 0.00838721 0.00864737 0.0085288 0.0106179 0.00891839 0.00821526 0.00926506 0.00897222 0.00789961 0.00807858 0.00879957 0.00844687 0.00793897 0.00794997 0.00824525 0.00846965 0.00795291 0.00792839 0.00791817 0.00825634 0.00830897 0.00789832 0.0078846 0.0079327 0.00835413 0.00822583 0.0078589 0.0078618 0.00784692 0.00789173 0.00792966 0.00788404 0.00795864 0.00846788 
0.0086325 0.00808008 0.00796175 0.0090027 0.00874202 0.00835186 0.00830428 0.00972099 0.0132224 0.0105241 0.0117861 0.0160304 0.0130573 0.0109633 0.0112312 0.0125059 0.00926476 0.0104099 0.0137215 0.0145064 0.0140586 0.0113501 0.0115831 0.0104041 0.0221656 0.00999191 0.0111404 0 0.00324035 0.00318539 0.00317945 0.00323739 0.0032819 0.00330525 0.00348811 0.00399431 0.00967834 0.00924594 0.00915881 0.00893959 0.00947137 0.0148037 0.0138268 0.00997142 0.0101069 0.0187535 0.009666 0.00856173 0.0086576 0.00979219 0.00987838 0.00883874 0.0156812 0.00921027 0.00860961 0.0107258 0.00838904 0.0080085 0.00837375 0.00952536 0.00829907 0.00817818 0.0082658 0.00838733 0.00842404 0.00840827 0.0084012 0.0083436 0.00845723 0.00844471 0.00808682 0.00811597 0.00833757 0.00833444 0.00806282 0.00801426 0.00808574 0.00811178 0.00813407 0.00812028 0.00812087 0.00799688 0.0084217 
0.00811193 0.00839522 0.00824598 0.00819757 0.00878008 0.00919959 0.00877895 0.008427 0.0118543 0.0278589 0.02557 0.012724 0.00900027 0.0102698 0.00907495 0.0091567 0.0112415 0.0158992 0.021055 0.0272658 0.0263267 0.0311729 0.0189916 0.0241466 0.0106181 0.00854987 0.00869896 0.00324035 0 0.00321265 0.00316564 0.00323723 0.00339586 0.00331255 0.00338762 0.00417739 0.00413036 0.0089751 0.0131804 0.0114202 0.015038 0.00919041 0.0108529 0.0187547 0.017146 0.0124343 0.00923296 0.0101426 0.0111955 0.00951731 0.0113145 0.0128353 0.00980663 0.00840222 0.0120524 0.00986878 0.00817116 0.00866696 0.00878877 0.00841017 0.00849106 0.00881192 0.0087287 0.00816974 0.00827566 0.0103481 0.0100163 0.00935222 0.00829192 0.00814677 0.00865603 0.00879756 0.00865666 0.0083159 0.00800033 0.00851651 0.00880601 0.00888687 0.00885718 0.00910375 0.00868656 0.00848546 0.00808479 
0.00840731 0.0087769 0.00856303 0.00832588 0.00937069 0.0101658 0.00992833 0.00871347 0.0130182 0.0333405 0.0326666 0.0126635 0.00878286 0.00867953 0.00881226 0.00952596 0.0114 0.0242092 0.0341079 0.0422231 0.046356 0.0366905 0.0391108 0.0160137 0.010249 0.00766405 0.00734923 0.00318539 0.00321265 0 0.00317352 0.0032134 0.0032242 0.00320662 0.00332055 0.00336722 0.00352969 0.0119181 0.0120047 0.0263951 0.0116297 0.00883882 0.011919 0.020483 0.0159014 0.0125026 0.00937901 0.0115669 0.0108119 0.0121418 0.0170606 0.0115544 0.0100809 0.00868457 0.00969157 0.0107234 0.00856561 0.00939384 0.00937371 0.00865835 0.00917013 0.0095184 0.00912797 0.00875829 0.00880975 0.0123834 0.0146673 0.010453 0.0086466 0.00853114 0.00929953 0.0101772 0.00922852 0.00853884 0.00818238 0.00901354 0.00989302 0.00992096 0.00964419 0.0101133 0.00957433 0.00868357 0.00829984 
0.00848944 0.00899535 0.00855454 0.00833503 0.00949401 0.0113747 0.00952376 0.00875756 0.0150166 0.0433065 0.0283008 0.0129562 0.00863376 0.00884766 0.00856811 0.00916055 0.0123198 0.0243196 0.0330295 0.0505514 0.0446239 0.0486223 0.0291557 0.0137701 0.010417 0.00791674 0.00699889 0.00317945 0.00316564 0.00317352 0 0.00316014 0.00317772 0.00317692 0.003164 0.00323634 0.00341465 0.00951783 0.0235453 0.0182241 0.0101387 0.00852801 0.0158377 0.0221688 0.0162067 0.0121304 0.00979208 0.0119295 0.0118964 0.0113389 0.0171837 0.0122578 0.0103955 0.0086279 0.0106155 0.0111824 0.00875363 0.0101049 0.00954786 0.00868082 0.00912435 0.0100003 0.00936553 0.00853423 0.00892704 0.0145516 0.014302 0.0120695 0.00857837 0.00866439 0.00957448 0.0102876 0.00966219 0.00835522 0.00820595 0.00942981 0.0100774 0.0102305 0.0098762 0.0107213 0.00948111 0.00873643 0.00826695 
0.00849648 0.00872011 0.00868861 0.00821394 0.00929126 0.00972627 0.00938164 0.00893133 0.0135191 0.0371254 0.0349011 0.0121012 0.00884591 0.00870367 0.00865505 0.0093261 0.0107969 0.0271204 0.039917 0.0448511 0.0613575 0.0357103 0.0266372 0.012787 0.0104229 0.00796229 0.00755245 0.00323739 0.00323723 0.0032134 0.00316014 0 0.00318893 0.00318462 0.00323701 0.00319224 0.00326827 0.0111838 0.0121478 0.0188896 0.0162686 0.0116433 0.0123241 0.0182306 0.0149173 0.0121158 0.00936235 0.0117835 0.0117882 0.0119568 0.0171262 0.0125364 0.00998297 0.00868683 0.0104145 0.0108359 0.00862372 0.00959217 0.00947077 0.00854627 0.00905329 0.00955458 0.00940244 0.00851359 0.00906679 0.0127352 0.0158574 0.0106996 0.00856207 0.00865191 0.00970771 0.01048 0.00908785 0.00835041 0.0082005 0.00952204 0.0100594 0.0104114 0.00999596 0.0101367 0.00946292 0.00885752 0.00835753 
0.0083415 0.00880233 0.00860907 0.00836286 0.00932329 0.00974592 0.00996231 0.00870247 0.0123091 0.0346869 0.0340186 0.0132338 0.00881893 0.00893286 0.00872941 0.00934117 0.0107911 0.0250543 0.0432764 0.0560767 0.0492169 0.0429287 0.0195539 0.0147021 0.00954701 0.00830538 0.0076175 0.0032819 0.00339586 0.0032242 0.00317772 0.00318893 0 0.00318751 0.0031865 0.00320814 0.00321399 0.00873872 0.0111538 0.0135395 0.0216992 0.0340111 0.011287 0.0197698 0.0152903 0.0140031 0.00939871 0.0113514 0.0117842 0.0134207 0.0174023 0.0127431 0.0103005 0.0086911 0.0113189 0.0121897 0.00864182 0.0100406 0.00944558 0.00892756 0.00893705 0.00983234 0.0090697 0.00899111 0.0089575 0.012538 0.0173386 0.0107913 0.00866947 0.00858606 0.00937447 0.0106138 0.0093565 0.00851511 0.00823268 0.00964969 0.0107128 0.0105648 0.0100914 0.0105785 0.00937091 0.00885085 0.00827736 
0.00867683 0.00841343 0.00858151 0.0082518 0.00886382 0.0105258 0.00870451 0.0086664 0.012148 0.0244911 0.026833 0.0111562 0.0086545 0.00894786 0.00845254 0.00919919 0.0113659 0.0181912 0.0292225 0.0408469 0.0451651 0.0226372 0.0275001 0.0103569 0.00984715 0.00808722 0.00742151 0.00330525 0.00331255 0.00320662 0.00317692 0.00318462 0.00318751 0 0.00315232 0.00318709 0.00321109 0.00904968 0.009801 0.0291793 0.0487755 0.0192184 0.0141396 0.0113805 0.0188029 0.0111756 0.00950909 0.0110726 0.0106264 0.0108875 0.0149047 0.0109682 0.0098548 0.00866566 0.00933509 0.0101863 0.00887149 0.00911142 0.00957886 0.00847069 0.00949168 0.00900559 0.00953684 0.00835551 0.00905261 0.012445 0.0127535 0.010531 0.00842178 0.0085403 0.00892849 0.0101696 0.00903858 0.00820695 0.00833288 0.0089327 0.00994497 0.00962258 0.00963445 0.0092834 0.00935189 0.00858197 0.00816746 
0.00824991 0.00842329 0.00820811 0.00806923 0.00900524 0.00835982 0.00904808 0.00821544 0.0105919 0.0149351 0.014618 0.00941601 0.00877484 0.00839727 0.00901216 0.0102306 0.00901721 0.0196061 0.0199911 0.0237016 0.0246934 0.0273794 0.0114589 0.0113223 0.00857107 0.00797471 0.00750551 0.00348811 0.00338762 0.00332055 0.003164 0.00323701 0.0031865 0.00315232 0 0.00317715 0.00316535 0.0107729 0.0168336 0.0597083 0.0353884 0.00640902 0.00965576 0.0218089 0.0101278 0.0110832 0.00929343 0.00910311 0.00944816 0.0098187 0.0107672 0.00966597 0.00919952 0.00847582 0.00900989 0.00930405 0.0085661 0.00907891 0.00840582 0.00870711 0.00875332 0.00954722 0.00842162 0.00875 0.0085322 0.0098712 0.0104497 0.00899152 0.00816193 0.00840368 0.00876832 0.00894288 0.0084735 0.00816629 0.00803846 0.00901093 0.00886869 0.00943078 0.00879316 0.00970002 0.00857073 0.00851629 0.00803162 
0.00822651 0.00814861 0.00802484 0.00791628 0.00851081 0.00850763 0.00834204 0.00799727 0.00973377 0.0138044 0.0147854 0.00918463 0.00885752 0.00875643 0.00852054 0.00895388 0.0122497 0.0109791 0.0128518 0.0137251 0.0170111 0.0142519 0.0109709 0.0100659 0.00869008 0.00810852 0.00789839 0.00399431 0.00417739 0.00336722 0.00323634 0.00319224 0.00320814 0.00318709 0.00317715 0 0.00317327 0.0171099 0.063292 0.0282021 0.0084373 0.00532487 0.0108934 0.0106439 0.018067 0.00920302 0.00895999 0.00967308 0.00907503 0.00843595 0.00946365 0.0106691 0.00859958 0.00837792 0.00946374 0.00911003 0.0085871 0.00843632 0.00827433 0.00809503 0.008372 0.00845293 0.00826023 0.00813403 0.00843152 0.00926221 0.00894398 0.00866832 0.00800933 0.00802289 0.00840183 0.00838908 0.00830827 0.00805823 0.00794284 0.008278 0.00849898 0.00828888 0.0084347 0.00849709 0.00834184 0.00816547 0.00798083 
0.0098873 0.0080674 0.00793962 0.00802832 0.0101979 0.00824867 0.00817269 0.00835557 0.0158838 0.00912007 0.0115946 0.0107376 0.0127917 0.0115688 0.00897173 0.0164931 0.00917063 0.0103926 0.0104885 0.0114979 0.0123338 0.010247 0.0102413 0.00909515 0.00987238 0.0106174 0.0126172 0.00967834 0.00413036 0.00352969 0.00341465 0.00326827 0.00321399 0.00321109 0.00316535 0.00317327 0 0.105889 0.0244388 0.00711452 0.00579904 0.00631607 0.0248003 0.0103297 0.0105511 0.0163257 0.0139555 0.00859763 0.00855717 0.00888038 0.0162037 0.00852112 0.0100667 0.0115613 0.00858799 0.0103749 0.0136234 0.00819112 0.00812948 0.00835309 0.0109951 0.00813386 0.00830556 0.00819031 0.0100222 0.00843265 0.00843095 0.00819327 0.00820955 0.00926418 0.00809374 0.00811721 0.00811603 0.00825999 0.00845388 0.00807474 0.00808667 0.00816015 0.00803901 0.00812623 0.00805747 0.00800244 0.00807511 
0.00844784 0.00813214 0.00822043 0.00925935 0.00856341 0.00867939 0.00880592 0.0107207 0.0133325 0.0114157 0.0113795 0.0158405 0.010996 0.00950859 0.010267 0.010365 0.00964537 0.0103645 0.0120079 0.0144436 0.0135247 0.0112752 0.0101645 0.0113139 0.0148496 0.0102819 0.0112439 0.00924594 0.0089751 0.0119181 0.00951783 0.0111838 0.00873872 0.00904968 0.0107729 0.0171099 0.105889 0 0.00322903 0.00318945 0.00324827 0.00331416 0.123285 0.010581 0.0150137 0.0227481 0.011147 0.00975503 0.00947227 0.0127597 0.0125398 0.0105624 0.0187063 0.0110191 0.00986853 0.0156116 0.0087853 0.00841766 0.00945075 0.0114591 0.00876868 0.00864542 0.00911754 0.00988838 0.00890374 0.00927952 0.00891264 0.00881032 0.00979762 0.00839684 0.00822464 0.00835579 0.00862523 0.00989268 0.00815447 0.0081783 0.00837924 0.00838466 0.0085585 0.00855654 0.00848938 0.00841191 0.00911406 
0.00802543 0.0084881 0.00829204 0.00813176 0.00868272 0.00863226 0.00900885 0.00831525 0.0102512 0.0218494 0.0203173 0.0107869 0.00868911 0.00885329 0.00867818 0.0089671 0.0101185 0.0192099 0.0277006 0.0339058 0.0278888 0.0277607 0.0130905 0.0156426 0.00941765 0.0083844 0.00887854 0.00915881 0.0131804 0.0120047 0.0235453 0.0121478 0.0111538 0.009801 0.0168336 0.063292 0.0244388 0.00322903 0 0.00318537 0.00318547 0.00317243 0.0202404 0.131239 0.0216618 0.0141424 0.0101359 0.0104317 0.0133816 0.0113161 0.0122735 0.0155572 0.010557 0.00887679 0.0129952 0.0106239 0.00863874 0.00924509 0.00960012 0.00924192 0.00857067 0.00921414 0.0092807 0.00881467 0.00860633 0.0125473 0.012143 0.0108415 0.00867235 0.0083701 0.00914579 0.00951245 0.00909921 0.0084482 0.00813823 0.00891695 0.00942958 0.00927546 0.00938927 0.00958705 0.00889601 0.00899214 0.00822274 
0.00819241 0.00833368 0.00834486 0.00809435 0.00846882 0.00918228 0.00880591 0.00826281 0.010656 0.0235889 0.0271049 0.0100308 0.00837073 0.0084744 0.00840099 0.00873325 0.0105745 0.0294852 0.0349249 0.0506755 0.0610448 0.0337456 0.0373471 0.0113778 0.00905127 0.00818119 0.00889186 0.00893959 0.0114202 0.0263951 0.0182241 0.0188896 0.0135395 0.0291793 0.0597083 0.0282021 0.00711452 0.00318945 0.00318537 0 0.00315552 0.00315548 0.0202801 0.047795 0.0550988 0.0127635 0.0100567 0.0145503 0.0122846 0.0112265 0.0185603 0.0124386 0.0108004 0.00881938 0.0104301 0.0116816 0.00871461 0.0103311 0.0103816 0.00863044 0.00930499 0.00957837 0.0104382 0.00881146 0.00880098 0.0137333 0.0180227 0.0114455 0.00890375 0.00836276 0.00915295 0.0118321 0.00926705 0.00847228 0.00815562 0.00890772 0.010785 0.0105444 0.0105577 0.0102973 0.0100461 0.0088292 0.00839102 
0.00825903 0.00835018 0.00812864 0.00805183 0.00892213 0.00882266 0.00866138 0.00828304 0.0108541 0.0162761 0.0207381 0.0102964 0.00906221 0.00892003 0.00888142 0.00965129 0.0106879 0.012104 0.0156237 0.018919 0.0208054 0.0213315 0.0119555 0.0136022 0.0090521 0.00888284 0.0105664 0.00947137 0.015038 0.0116297 0.0101387 0.0162686 0.0216992 0.0487755 0.0353884 0.0084373 0.00579904 0.00324827 0.00318547 0.00315552 0 0.00316093 0.0155296 0.0294937 0.073933 0.0232618 0.0109521 0.0122127 0.0128681 0.0100292 0.0118926 0.022839 0.010014 0.00913679 0.0138583 0.0121672 0.0099308 0.010221 0.00890516 0.00858351 0.0102439 0.0112283 0.00964304 0.0090072 0.00957706 0.0134768 0.0107405 0.0110431 0.00869234 0.0086942 0.0101512 0.00898446 0.0091533 0.00892957 0.00820441 0.00982584 0.00976347 0.00952513 0.00887916 0.0102279 0.00887561 0.00873654 0.0080245 
0.00867394 0.00815797 0.00802717 0.00808441 0.00975428 0.00829595 0.00823765 0.00823928 0.0144785 0.00967195 0.0111559 0.0110025 0.0113723 0.0109946 0.0092413 0.0141051 0.00919194 0.0102384 0.0106067 0.0118217 0.0125221 0.0115147 0.0103207 0.00967626 0.00998485 0.0113254 0.0134659 0.0148037 0.00919041 0.00883882 0.00852801 0.0116433 0.0340111 0.0192184 0.00640902 0.00532487 0.00631607 0.00331416 0.00317243 0.00315548 0.00316093 0 0.0208416 0.0115016 0.0180995 0.043203 0.0154468 0.0095369 0.00931701 0.0103618 0.017916 0.0101176 0.0125101 0.012265 0.00933319 0.013241 0.0132325 0.00864167 0.0084713 0.00874425 0.0123198 0.00895393 0.00858539 0.00924561 0.0106861 0.0090658 0.00900437 0.00911852 0.00935716 0.0099829 0.00832585 0.00844255 0.00863729 0.00880735 0.00867046 0.00830127 0.00862329 0.00836965 0.00839951 0.00832833 0.00823754 0.0081396 0.00810085 
0.00915278 0.00788161 0.00799257 0.00879125 0.00795855 0.00887974 0.0079972 0.00927355 0.00876099 0.00865015 0.00963252 0.0113384 0.0100892 0.00969127 0.00869538 0.00872671 0.00876858 0.00870714 0.00920795 0.0103242 0.0098994 0.00903885 0.00923484 0.00882654 0.0123472 0.0107965 0.0123795 0.0138268 0.0108529 0.011919 0.0158377 0.0123241 0.011287 0.0141396 0.00965576 0.0108934 0.0248003 0.123285 0.0202404 0.0202801 0.0155296 0.0208416 0 0.00334112 0.00328234 0.00402657 0.0487477 0.0156721 0.00985829 0.0648022 0.0118538 0.01309 0.0228349 0.0143422 0.00992133 0.017167 0.0105831 0.00831097 0.0115617 0.0111246 0.00942447 0.00816981 0.00997219 0.00886592 0.00933796 0.00900579 0.00852549 0.00859436 0.0096555 0.00933094 0.00806154 0.00822876 0.00843763 0.00985328 0.00858526 0.00823386 0.00816477 0.00824294 0.00846638 0.00815885 0.0091228 0.00816621 0.00959208 
