1OUPA
APPSSFSAAKQQAVKIYQDHPISFYCGCDIEWQGKKGIPNLETCGYQVRKQQTRASRIEWEAVVPAWQFGHHRQCWQKGGRKNCSKNDQQFRLMEADLHNLTPAIGEVNGDRSNFNFSQWNGVDGVSYGRCEMQVNFKQRKVMPPDRARGSIARTYLYMSQEYGFQLSKQQQQLMQAWNKSYPVDEWECTRDDRIAKIQGNHNPFVQQSCQTQ
CCCCCHHHHHHHHHHHCCCCCECCCCCCEEEEECCEEEECCCCCCECCCCCHHHHCCEEEEECCCHHHHHCCCHHHHHHHHHHHHHCCHHHHHHCCCHHHEEEEEHHHHHHHCCCEECCCCCCCCEEEECEEEEEECCCCEEECCHHHHHHHHHHHHHHHHHHCCCCCHHHHHHHHHHHHHCCCCHHHHHHHHHHHHHHCCCCHHHHHHHCCC
0 0 0 0 0 0 0 0 0 0 0 0 0 0 0 0 0 0 0 0 0 0 0 0 0 0 0 0 0 0 0 0 0 0 0 0 0 0 0 0 0 0 0 0 0 0 0 0 0 0 0 0 0 0 0 0 0 0 0 0 0 0 0 0 0 0 0 0 0 0 0 0 0 0 0 0 0 0 0 0 0 0 0 0 0 0 0 0 0 0 0 0 0 0 0 0 0 0 0 0 0 0 0 0 0 0 0 0 0 0 0 0 0 0 0 0 0 0 0 0 0 0 0 0 0 0 0 0 0 0 0 0 0 0 0 0 0 0 0 0 0 0 0 0 0 0 0 0 0 0 0 0 0 0 0 0 0 0 0 0 0 0 0 0 0 0 0 0 0 0 0 0 0 0 0 0 0 0 0 0 0 0 0 0 0 0 0 0 0 0 0 0 0 0 0 0 0 0 0 0 0 0 0 0 0 0 0 0 0 0 0 0 0 
0 0 0 0 0 0 0 0 0 0 0 0 0 0 0 0 0 0 0 0 0 0 0 0 0 0 0 0 0 0 0 0 0 0 0 0 0 0 0 0 0 0 0 0 0 0 0 0 0 0 0 0 0 0 0 0 0 0 0 0 0 0 0 0 0 0 0 0 0 0 0 0 0 0 0 0 0 0 0 0 0 0 0 0 0 0 0 0 0 0 0 0 0 0 0 0 0 0 0 0 0 0 0 0 0 0 0 0 0 0 0 0 0 0 0 0 0 0 0 0 0 0 0 0 0 0 0 0 0 0 0 0 0 0 0 0 0 0 0 0 0 0 0 0 0 0 0 0 0 0 0 0 0 0 0 0 0 0 0 0 0 0 0 0 0 0 0 0 0 0 0 0 0 0 0 0 0 0 0 0 0 0 0 0 0 0 0 0 0 0 0 0 0 0 0 0 0 0 0 0 0 0 0 0 0 0 0 0 0 0 0 0 0 
0 0.0929974 0.00513819 0.00571261 0.0057885 0.00889916 0.00849599 0.0112491 0.0071999 0.01263 0.0639942 0.0169606 0.00911365 0.00879731 0.00878428 0.0133047 0.0107174 0.00792504 0.00817092 0.00847761 0.0105406 0.00848154 0.00972463 0.00838718 0.00782396 0.0079354 0.00794994 0.00812487 0.00783707 0.00793277 0.00790256 0.00806893 0.00863185 0.00825499 0.00793642 0.00831753 
0.0929974 0 0.00324103 0.00341723 0.0031631 0.00540635 0.00902775 0.00476012 0.0150261 0.0219628 0.036409 0.0100554 0.0145801 0.00849191 0.0139741 0.0150852 0.00876582 0.00905165 0.00834645 0.0100009 0.0106023 0.010897 0.00833255 0.00822316 0.00835385 0.00793774 0.00821471 0.00791282 0.00941936 0.0079584 0.0087129 0.00841957 0.00972657 0.00861683 0.00814656 0.00906605 
0.00513819 0.00324103 0 0.00314625 0.0036355 0.00319161 0.00350491 0.0109741 0.0187285 0.849484 0.00900475 0.0138824 0.00884085 0.0256187 0.00956429 0.0106532 0.0119714 0.00835177 0.013238 0.0102089 0.00942292 0.00786231 0.00959326 0.00816612 0.0080053 0.00916342 0.00805137 0.00900534 0.00806867 0.0121634 0.0083421 0.0106603 0.00819291 0.00812534 0.00928901 0.00813761 
0.00571261 0.00341723 0.00314625 0 0.00315232 0.00323332 0.00695105 0.00528372 0.958282 0.00655026 0.00640483 0.00836138 0.0268744 0.00957076 0.0148578 0.00877412 0.00845349 0.0109368 0.00932806 0.0107932 0.00849438 0.00883447 0.00793218 0.00796063 0.00878988 0.00794517 0.00802828 0.00799832 0.011345 0.00829619 0.0117841 0.0083826 0.00820036 0.00825708 0.0080638 0.00842489 
0.0057885 0.0031631 0.0036355 0.00315232 0 0.00318912 0.00416879 0.985022 0.00406603 0.0068793 0.00789019 0.0145415 0.00963548 0.0213904 0.00961325 0.0106695 0.0111908 0.00851589 0.0105701 0.00961776 0.00922165 0.00799406 0.00925479 0.00819987 0.00806138 0.00882743 0.00808039 0.00849848 0.00824529 0.00959933 0.00839762 0.00956006 0.00821733 0.00804539 0.00869141 0.0080655 
0.00889916 0.00540635 0.00319161 0.00323332 0.00318912 0 0.998325 0.00399409 0.00375285 0.00368128 0.00746428 0.0145467 0.00995596 0.00855568 0.0101474 0.0107609 0.00998179 0.00862207 0.00832829 0.00868276 0.00866778 0.00971429 0.00807337 0.00915707 0.00824888 0.00791559 0.00799892 0.00838332 0.00814448 0.00794509 0.00818071 0.00798458 0.0083546 0.00847907 0.00791807 0.00810724 
0.00849599 0.00902775 0.00350491 0.00695105 0.00416879 0.998325 0 0.00328011 0.00357195 0.00382841 0.00913821 0.0157405 0.0140106 0.00861217 0.0231239 0.0201489 0.00938719 0.00836971 0.00836781 0.00900402 0.0103139 0.00962503 0.0087231 0.00843579 0.00815913 0.00802845 0.00818458 0.00804563 0.00832974 0.00794956 0.00821047 0.00837701 0.00965939 0.00864873 0.00802377 0.0086966 
0.0112491 0.00476012 0.0109741 0.00528372 0.985022 0.00399409 0.00328011 0 0.00342323 0.00320427 0.00623226 0.0177974 0.0112492 0.0395203 0.011852 0.011343 0.0103551 0.00848944 0.0121462 0.0101364 0.00894702 0.00805715 0.00934629 0.0081144 0.0079837 0.00895164 0.00805687 0.00833009 0.00807887 0.00907703 0.00837995 0.00916684 0.00824997 0.00814822 0.00876926 0.00809523 
0.0071999 0.0150261 0.0187285 0.958282 0.00406603 0.00375285 0.00357195 0.00342323 0 0.00317213 0.0058978 0.0101556 0.045487 0.0126322 0.0262947 0.00982204 0.00885035 0.0124309 0.00858839 0.011277 0.00866455 0.00894961 0.00806005 0.00833167 0.00867529 0.00800444 0.00799684 0.00793025 0.00931115 0.0081192 0.00865129 0.00848815 0.00817921 0.00832982 0.00842423 0.00807626 
0.01263 0.0219628 0.849484 0.00655026 0.0068793 0.00368128 0.00382841 0.00320427 0.00317213 0 0.0283956 0.0420392 0.00994898 0.0154806 0.0130435 0.029361 0.0216466 0.00855019 0.00928034 0.00915518 0.0108668 0.00851918 0.0100201 0.0103957 0.00802 0.00849654 0.00825617 0.0106597 0.00811723 0.00866761 0.00836633 0.00858057 0.00824075 0.00925891 0.00839164 0.00818899 
0.0639942 0.036409 0.00900475 0.00640483 0.00789019 0.00746428 0.00913821 0.00623226 0.0058978 0.0283956 0 0.0251074 0.00801371 0.00755783 0.0101017 0.0199044 0.0136973 0.00857317 0.00842826 0.00950425 0.0121348 0.00994373 0.0132518 0.00937089 0.00792739 0.00831379 0.00859192 0.0101352 0.00794152 0.00835967 0.00799329 0.00831563 0.0097445 0.00879144 0.00831941 0.00882744 
0.0169606 0.0100554 0.0138824 0.00836138 0.0145415 0.0145467 0.0157405 0.0177974 0.0101556 0.0420392 0.0251074 0 0.0032105 0.00317921 0.00321463 0.00361149 0.0464687 0.00912066 0.0130653 0.0104613 0.116711 0.00838465 0.0153506 0.00895633 0.00811018 0.00909882 0.00902247 0.00929741 0.00822719 0.010024 0.00848012 0.0109497 0.0119636 0.00974996 0.00913747 0.0102215 
0.00911365 0.0145801 0.00884085 0.0268744 0.00963548 0.00995596 0.0140106 0.0112492 0.045487 0.00994898 0.00801371 0.0032105 0 0.00318245 0.00314993 0.00337622 0.0132665 0.0543257 0.0107247 0.148485 0.00988358 0.00999121 0.00840816 0.00823877 0.00949328 0.00861129 0.00829611 0.00820267 0.0145908 0.00927178 0.0165689 0.0116518 0.00911712 0.00877667 0.0104834 0.00877062 
0.00879731 0.00849191 0.0256187 0.00957076 0.0213904 0.00855568 0.00861217 0.0395203 0.0126322 0.0154806 0.00755783 0.00317921 0.00318245 0 0.00314539 0.0031858 0.0434434 0.0119569 0.454285 0.0130005 0.0145904 0.00823485 0.00908083 0.00841692 0.00840033 0.0103206 0.00892026 0.00929814 0.00911479 0.035296 0.0153436 0.0165705 0.00886672 0.00885005 0.0110855 0.00989942 
0.00878428 0.0139741 0.00956429 0.0148578 0.00961325 0.0101474 0.0231239 0.011852 0.0262947 0.0130435 0.0101017 0.00321463 0.00314993 0.00314539 0 0.00334146 0.0120108 0.314683 0.0148135 0.15651 0.0131946 0.0102567 0.00859682 0.00886808 0.00937393 0.00913106 0.00882887 0.00850793 0.0136565 0.0100592 0.0134595 0.0131672 0.00924796 0.00923496 0.0113134 0.00929028 
0.0133047 0.0150852 0.0106532 0.00877412 0.0106695 0.0107609 0.0201489 0.011343 0.00982204 0.029361 0.0199044 0.00361149 0.00337622 0.0031858 0.00334146 0 0.235133 0.00968874 0.0204996 0.0227357 0.082216 0.0109379 0.0101746 0.0111411 0.00827977 0.00888114 0.00963265 0.0100659 0.00876094 0.00963828 0.0103688 0.0100416 0.00998169 0.0124503 0.0091275 0.00977856 
0.0107174 0.00876582 0.0119714 0.00845349 0.0111908 0.00998179 0.00938719 0.0103551 0.00885035 0.0216466 0.0136973 0.0464687 0.0132665 0.0434434 0.0120108 0.235133 0 0.00321649 0.00324108 0.00321666 0.00328488 0.00528187 0.0237234 0.0107564 0.00833934 0.0106922 0.0111248 0.010341 0.00910966 0.0153013 0.00930756 0.0141514 0.0196029 0.0132547 0.0121285 0.0192843 
0.00792504 0.00905165 0.00835177 0.0109368 0.00851589 0.00862207 0.00836971 0.00848944 0.0124309 0.00855019 0.00857317 0.00912066 0.0543257 0.0119569 0.314683 0.00968874 0.00321649 0 0.00318744 0.00323229 0.00318744 0.0090526 0.00675397 0.00822128 0.0093711 0.00913436 0.0085178 0.00802909 0.0123801 0.00888969 0.0161577 0.0120207 0.0107787 0.0092948 0.0124105 0.0102254 
0.00817092 0.00834645 0.013238 0.00932806 0.0105701 0.00832829 0.00836781 0.0121462 0.00858839 0.00928034 0.00842826 0.0130653 0.0107247 0.454285 0.0148135 0.0204996 0.00324108 0.00318744 0 0.00315627 0.00318187 0.00622084 0.00835734 0.0097114 0.00932283 0.0122834 0.00859771 0.00955403 0.00891913 0.0309105 0.0120001 0.0153688 0.0093042 0.0126353 0.0114844 0.0101435 
0.00847761 0.0100009 0.0102089 0.0107932 0.00961776 0.00868276 0.00900402 0.0101364 0.011277 0.00915518 0.00950425 0.0104613 0.148485 0.0130005 0.15651 0.0227357 0.00321666 0.00323229 0.00315627 0 0.00317451 0.0123315 0.0144446 0.0103805 0.0139236 0.0110959 0.0102655 0.00912407 0.0184532 0.01075 0.0191037 0.0194531 0.0117438 0.010586 0.0359566 0.0140395 
0.0105406 0.0106023 0.00942292 0.00849438 0.00922165 0.00866778 0.0103139 0.00894702 0.00866455 0.0108668 0.0121348 0.116711 0.00988358 0.0145904 0.0131946 0.082216 0.00328488 0.00318744 0.00318187 0.00317451 0 0.0316843 0.00730319 0.0230085 0.00855171 0.016254 0.0125212 0.0136942 0.00973238 0.0115299 0.0106452 0.0130181 0.0170217 0.0200972 0.0124039 0.0176623 
0.00848154 0.010897 0.00786231 0.00883447 0.00799406 0.00971429 0.00962503 0.00805715 0.00894961 0.00851918 0.00994373 0.00838465 0.00999121 0.00823485 0.0102567 0.0109379 0.00528187 0.0090526 0.00622084 0.0123315 0.0316843 0 0.00435463 0.00672005 0.047099 0.0076749 0.00849937 0.005936 0.0108673 0.00669333 0.00891637 0.00901269 0.0180268 0.0109848 0.0115945 0.0142851 
0.00972463 0.00833255 0.00959326 0.00793218 0.00925479 0.00807337 0.0087231 0.00934629 0.00806005 0.0100201 0.0132518 0.0153506 0.00840816 0.00908083 0.00859682 0.0101746 0.0237234 0.00675397 0.00835734 0.0144446 0.00730319 0.00435463 0 0.063411 0.00650625 0.0118341 0.00615095 0.0109099 0.00623907 0.00800937 0.00946233 0.0134169 0.0109309 0.0105523 0.0221343 0.00980897 
0.00838718 0.00822316 0.00816612 0.00796063 0.00819987 0.00915707 0.00843579 0.0081144 0.00833167 0.0103957 0.00937089 0.00895633 0.00823877 0.00841692 0.00886808 0.0111411 0.0107564 0.00822128 0.0097114 0.0103805 0.0230085 0.00672005 0.063411 0 0.00373246 0.00351772 0.0036029 0.00401982 0.00361904 0.0238013 0.00872642 0.0821594 0.0109957 0.00679083 0.00739581 0.0124297 
0.00782396 0.00835385 0.0080053 0.00878988 0.00806138 0.00824888 0.00815913 0.0079837 0.00867529 0.00802 0.00792739 0.00811018 0.00949328 0.00840033 0.00937393 0.00827977 0.00833934 0.0093711 0.00932283 0.0139236 0.00855171 0.047099 0.00650625 0.00373246 0 0.00361553 0.00315591 0.0054063 0.0117779 0.00497236 0.013838 0.00765777 0.00559143 0.0059795 0.00846422 0.00767156 
0.0079354 0.00793774 0.00916342 0.00794517 0.00882743 0.00791559 0.00802845 0.00895164 0.00800444 0.00849654 0.00831379 0.00909882 0.00861129 0.0103206 0.00913106 0.00888114 0.0106922 0.00913436 0.0122834 0.0110959 0.016254 0.0076749 0.0118341 0.00351772 0.00361553 0 0.00330181 0.0350763 0.00402649 0.00451888 0.0038884 0.00470429 0.00388595 0.00664523 0.00972917 0.00678616 
0.00794994 0.00821471 0.00805137 0.00802828 0.00808039 0.00799892 0.00818458 0.00805687 0.00799684 0.00825617 0.00859192 0.00902247 0.00829611 0.00892026 0.00882887 0.00963265 0.0111248 0.0085178 0.00859771 0.0102655 0.0125212 0.00849937 0.00615095 0.0036029 0.00315591 0.00330181 0 0.00722663 0.00318569 0.00336077 0.00322114 0.00322258 0.00330166 0.00623555 0.00598438 0.00582394 
0.00812487 0.00791282 0.00900534 0.00799832 0.00849848 0.00838332 0.00804563 0.00833009 0.00793025 0.0106597 0.0101352 0.00929741 0.00820267 0.00929814 0.00850793 0.0100659 0.010341 0.00802909 0.00955403 0.00912407 0.0136942 0.005936 0.0109099 0.00401982 0.0054063 0.0350763 0.00722663 0 0.00321071 0.00316444 0.00316762 0.00334166 0.00434406 0.00476593 0.00541001 0.012575 
0.00783707 0.00941936 0.00806867 0.011345 0.00824529 0.00814448 0.00832974 0.00807887 0.00931115 0.00811723 0.00794152 0.00822719 0.0145908 0.00911479 0.0136565 0.00876094 0.00910966 0.0123801 0.00891913 0.0184532 0.00973238 0.0108673 0.00623907 0.00361904 0.0117779 0.00402649 0.00318569 0.00321071 0 0.00318219 0.00322686 0.00334511 0.00322216 0.00460745 0.00561342 0.00562093 
0.00793277 0.0079584 0.0121634 0.00829619 0.00959933 0.00794509 0.00794956 0.00907703 0.0081192 0.00866761 0.00835967 0.010024 0.00927178 0.035296 0.0100592 0.00963828 0.0153013 0.00888969 0.0309105 0.01075 0.0115299 0.00669333 0.00800937 0.0238013 0.00497236 0.00451888 0.00336077 0.00316444 0.00318219 0 0.00315667 0.00317652 0.00316762 0.00382149 0.00567526 0.00884255 
0.00790256 0.0087129 0.0083421 0.0117841 0.00839762 0.00818071 0.00821047 0.00837995 0.00865129 0.00836633 0.00799329 0.00848012 0.0165689 0.0153436 0.0134595 0.0103688 0.00930756 0.0161577 0.0120001 0.0191037 0.0106452 0.00891637 0.00946233 0.00872642 0.013838 0.0038884 0.00322114 0.00316762 0.00322686 0.00315667 0 0.00314734 0.0031607 0.00700107 0.0178254 0.623057 
0.00806893 0.00841957 0.0106603 0.0083826 0.00956006 0.00798458 0.00837701 0.00916684 0.00848815 0.00858057 0.00831563 0.0109497 0.0116518 0.0165705 0.0131672 0.0100416 0.0141514 0.0120207 0.0153688 0.0194531 0.0130181 0.00901269 0.0134169 0.0821594 0.00765777 0.00470429 0.00322258 0.00334166 0.00334511 0.00317652 0.00314734 0 0.00318278 0.0157283 0.81213 0.00477828 
0.00863185 0.00972657 0.00819291 0.00820036 0.00821733 0.0083546 0.00965939 0.00824997 0.00817921 0.00824075 0.0097445 0.0119636 0.00911712 0.00886672 0.00924796 0.00998169 0.0196029 0.0107787 0.0093042 0.0117438 0.0170217 0.0180268 0.0109309 0.0109957 0.00559143 0.00388595 0.00330166 0.00434406 0.00322216 0.00316762 0.0031607 0.00318278 0 0.814227 0.00393197 0.00716637 
0.00825499 0.00861683 0.00812534 0.00825708 0.00804539 0.00847907 0.00864873 0.00814822 0.00832982 0.00925891 0.00879144 0.00974996 0.00877667 0.00885005 0.00923496 0.0124503 0.0132547 0.0092948 0.0126353 0.010586 0.0200972 0.0109848 0.0105523 0.00679083 0.0059795 0.00664523 0.00623555 0.00476593 0.00460745 0.00382149 0.00700107 0.0157283 0.814227 0 0.00320931 0.00322136 
0.00793642 0.00814656 0.00928901 0.0080638 0.00869141 0.00791807 0.00802377 0.00876926 0.00842423 0.00839164 0.00831941 0.00913747 0.0104834 0.0110855 0.0113134 0.0091275 0.0121285 0.0124105 0.0114844 0.0359566 0.0124039 0.0115945 0.0221343 0.00739581 0.00846422 0.00972917 0.00598438 0.00541001 0.00561342 0.00567526 0.0178254 0.81213 0.00393197 0.00320931 0 0.00321351 
0.00831753 0.00906605 0.00813761 0.00842489 0.0080655 0.00810724 0.0086966 0.00809523 0.00807626 0.00818899 0.00882744 0.0102215 0.00877062 0.00989942 0.00929028 0.00977856 0.0192843 0.0102254 0.0101435 0.0140395 0.0176623 0.0142851 0.00980897 0.0124297 0.00767156 0.00678616 0.00582394 0.012575 0.00562093 0.00884255 0.623057 0.00477828 0.00716637 0.00322136 0.00321351 0 
