1P9YA
MQVSVETTQGLGRRVTITIAADSIETAVKSELVNVAKKVRIDGLRKGKVPMNIVAQRYGASVRQDVLGDLMSRNFIDAIIKEKINPAGAPTYVPGEYKLGEDFTYSVEFEVYPEVEL
CEEEEEECCCCEEEEEEEECHHHHHHHHHHHHHHHHCCCCCCCCCCCCCCHHHHHHHHHHHHHHHHHHHHHHHHHHHHHHHCCCCCEEEEEEEECCCCCCCCEEEEEEEECCCCCCC
0 0 0 0 0 0 0 0 0 0 0 0 0 0 0 0 0 0 0 0 0 0 0 0 0 0 0 0 0 0 0 0 0 0 0 0 0 0 0 0 0 0 0 0 0 0 0 0 0 0 0 0 0 0 0 0 0 0 0 0 0 0 0 0 0 0 0 0 0 0 0 0 0 0 0 0 0 0 0 0 0 0 0 0 0 0 0 0 0 0 0 0 0 0 0 0 0 0 0 0 0 0 0 0 0 0 0 0 0 0 0 0 0 0 0 0 0 
0 0 0 0 0 0 0 0 0 0 0 0 0 0 0 0 0 0 0 0 0 0 0 0 0 0 0 0 0 0 0 0 0 0 0 0 0 0 0 0 0 0 0 0 0 0 0 0 0 0 0 0 0 0 0 0 0 0 0 0 0 0 0 0 0 0 0 0 0 0 0 0 0 0 0 0 0 0 0 0 0 0 0 0 0 0 0 0 0 0 0 0 0 0 0 0 0 0 0 0 0 0 0 0 0 0 0 0 0 0 0 0 0 0 0 0 0 
0 0.00332961 0.00357619 0.00334316 0.00411581 0.00779734 0.0088621 0.00696444 0.0182935 0.00969409 0.0754365 0.0862624 0.852777 0.0453539 0.00890642 0.00859749 0.00799903 0.00798091 0.00815599 0.00799858 0.00832399 0.00920406 0.00829293 0.00870176 0.00813726 0.00923326 0.00804094 0.00930171 0.00806936 0.00946663 
0.00332961 0 0.00330904 0.00337588 0.00342363 0.00322091 0.00474777 0.0102663 0.00928752 0.0387918 0.0148347 0.862897 0.00965269 0.00890795 0.00810193 0.00814049 0.00802739 0.00808471 0.00792945 0.0082765 0.00808134 0.00810129 0.00937499 0.0079828 0.0091093 0.00800324 0.0108271 0.00800726 0.0129259 0.00797753 
0.00357619 0.00330904 0 0.00323892 0.00332991 0.00324537 0.00537211 0.00542279 0.0523587 0.0116804 0.926641 0.00758762 0.0115126 0.00634471 0.00816757 0.00814464 0.00801576 0.00798685 0.00834188 0.00812048 0.00802714 0.00794234 0.00799492 0.00880042 0.00799471 0.0104363 0.00800594 0.0117126 0.00801562 0.00871637 
0.00334316 0.00337588 0.00323892 0 0.00319769 0.00327207 0.00387486 0.0134709 0.0122195 0.89948 0.00650582 0.0115931 0.00656731 0.00666286 0.00808209 0.00804797 0.00799587 0.00815573 0.00801564 0.00838853 0.00799413 0.00810708 0.00904177 0.00791098 0.0101292 0.00804542 0.019234 0.00808135 0.00941178 0.00804077 
0.00411581 0.00342363 0.00332991 0.00319769 0 0.00328636 0.00656205 0.015693 0.842832 0.00573185 0.00926393 0.0066964 0.00970979 0.00606668 0.00847536 0.00824351 0.00798979 0.00796576 0.00813546 0.00806614 0.00823751 0.00799962 0.00818971 0.00988089 0.00808055 0.0185076 0.00829524 0.00872324 0.0082169 0.00838195 
0.00779734 0.00322091 0.00324537 0.00327207 0.00328636 0 0.0642952 0.714909 0.00645278 0.00445311 0.00500907 0.00616306 0.00634288 0.00772513 0.0102627 0.00810287 0.00792119 0.00800662 0.007996 0.00805307 0.00791948 0.00803542 0.0129592 0.00814686 0.0192283 0.00808414 0.00820519 0.0080458 0.0082182 0.00823004 
0.0088621 0.00474777 0.00537211 0.00387486 0.00656205 0.0642952 0 0.00372301 0.00324539 0.00318701 0.00343261 0.00335489 0.00417862 0.00680645 0.011328 0.00822411 0.00816907 0.00796036 0.00803962 0.00800237 0.00835927 0.011015 0.00867996 0.00826828 0.00811885 0.00861838 0.00810074 0.00866851 0.00825363 0.0366259 
0.00696444 0.0102663 0.00542279 0.0134709 0.015693 0.714909 0.00372301 0 0.00315849 0.00319224 0.00316449 0.00363812 0.00363034 0.00439154 0.00913124 0.00870378 0.008101 0.00820799 0.0080765 0.00835666 0.00824142 0.00860366 0.00921504 0.00816236 0.0114478 0.00805955 0.0129693 0.00803274 0.0602383 0.00811861 
0.0182935 0.00928752 0.0523587 0.0122195 0.842832 0.00645278 0.00324539 0.00315849 0 0.00314353 0.00319653 0.00323236 0.00336842 0.0032698 0.0114205 0.00952522 0.00854982 0.00827938 0.00902122 0.008584 0.00862649 0.00801536 0.00813524 0.0148433 0.00865798 0.0226282 0.00836141 0.0956472 0.0082807 0.0100517 
0.00969409 0.0387918 0.0116804 0.89948 0.00573185 0.00445311 0.00318701 0.00319224 0.00314353 0 0.00316904 0.00335938 0.00321132 0.00326772 0.0106209 0.011714 0.00897382 0.00941634 0.00865814 0.0123345 0.00835125 0.00851997 0.0127897 0.0083626 0.0513551 0.00876557 0.168794 0.00861572 0.0237954 0.00826798 
0.0754365 0.0148347 0.926641 0.00650582 0.00926393 0.00500907 0.00343261 0.00316449 0.00319653 0.00316904 0 0.00317802 0.0032134 0.00318902 0.0168642 0.0122879 0.010349 0.00875976 0.0150599 0.00927795 0.01152 0.00876435 0.00845486 0.0364863 0.00969986 0.199375 0.00959104 0.0667072 0.00887317 0.0122313 
0.0862624 0.862897 0.00758762 0.0115931 0.0066964 0.00616306 0.00335489 0.00363812 0.00323236 0.00335938 0.00317802 0 0.0032058 0.00322901 0.0131388 0.0129688 0.0107231 0.0130765 0.00932716 0.0177306 0.00862785 0.00905628 0.0149472 0.0091811 0.192812 0.0099027 0.0734941 0.00936467 0.0274225 0.00867903 
0.852777 0.00965269 0.0115126 0.00656731 0.00970979 0.00634288 0.00417862 0.00363034 0.00336842 0.00321132 0.0032134 0.0032058 0 0.00333656 0.0157026 0.0128675 0.00985443 0.00886327 0.0130649 0.00992085 0.0171908 0.00904994 0.0089196 0.11105 0.00958473 0.0325345 0.00964078 0.0289769 0.00912162 0.0113938 
0.0453539 0.00890795 0.00634471 0.00666286 0.00606668 0.00772513 0.00680645 0.00439154 0.0032698 0.00326772 0.00318902 0.00322901 0.00333656 0 0.0135875 0.0101516 0.0104745 0.00995374 0.00947031 0.0121228 0.00943198 0.0147354 0.0872907 0.00921822 0.0200355 0.00903514 0.0149704 0.0089584 0.0228914 0.00949754 
0.00890642 0.00810193 0.00816757 0.00808209 0.00847536 0.0102627 0.011328 0.00913124 0.0114205 0.0106209 0.0168642 0.0131388 0.0157026 0.0135875 0 0.00322285 0.0032008 0.00322226 0.00329662 0.00704251 0.00355569 0.010076 0.00716513 0.00900009 0.00794181 0.00947756 0.00794645 0.0106322 0.0220159 0.177468 
0.00859749 0.00814049 0.00814464 0.00804797 0.00824351 0.00810287 0.00822411 0.00870378 0.00952522 0.011714 0.0122879 0.0129688 0.0128675 0.0101516 0.00322285 0 0.00357169 0.00317018 0.00315524 0.00317118 0.00341853 0.00313991 0.00700905 0.00827143 0.00863663 0.00825111 0.00975189 0.0146544 0.067 0.00900473 
0.00799903 0.00802739 0.00801576 0.00799587 0.00798979 0.00792119 0.00816907 0.008101 0.00854982 0.00897382 0.010349 0.0107231 0.00985443 0.0104745 0.0032008 0.00357169 0 0.00315903 0.0031405 0.00371569 0.00316626 0.0032445 0.00601754 0.00689153 0.0073417 0.0101956 0.0105317 0.0385148 0.00805938 0.0100679 
0.00798091 0.00808471 0.00798685 0.00815573 0.00796576 0.00800662 0.00796036 0.00820799 0.00827938 0.00941634 0.00875976 0.0130765 0.00886327 0.00995374 0.00322226 0.00317018 0.00315903 0 0.00379658 0.00316414 0.00322695 0.00315835 0.00673834 0.00625919 0.00829761 0.00964459 0.018282 0.00803263 0.0194843 0.00761667 
0.00815599 0.00792945 0.00834188 0.00801564 0.00813546 0.007996 0.00803962 0.0080765 0.00902122 0.00865814 0.0150599 0.00932716 0.0130649 0.00947031 0.00329662 0.00315524 0.0031405 0.00379658 0 0.00317052 0.00322983 0.00331126 0.0057149 0.00926466 0.00786601 0.0375322 0.0124933 0.041099 0.00760435 0.0115251 
0.00799858 0.0082765 0.00812048 0.00838853 0.00806614 0.00805307 0.00800237 0.00835666 0.008584 0.0123345 0.00927795 0.0177306 0.00992085 0.0121228 0.00704251 0.00317118 0.00371569 0.00316414 0.00317052 0 0.00323729 0.00315342 0.010505 0.00816894 0.0560496 0.0109413 0.055023 0.00811664 0.0102718 0.0081538 
0.00832399 0.00808134 0.00802714 0.00799413 0.00823751 0.00791948 0.00835927 0.00824142 0.00862649 0.00835125 0.01152 0.00862785 0.0171908 0.00943198 0.00355569 0.00341853 0.00316626 0.00322695 0.00322983 0.00323729 0 0.00345101 0.00594353 0.0497913 0.00849524 0.0434783 0.00672125 0.00849156 0.00756199 0.00838465 
0.00920406 0.00810129 0.00794234 0.00810708 0.00799962 0.00803542 0.011015 0.00860366 0.00801536 0.00851997 0.00876435 0.00905628 0.00904994 0.0147354 0.010076 0.00313991 0.0032445 0.00315835 0.00331126 0.00315342 0.00345101 0 0.0572637 0.00762492 0.0169893 0.0061208 0.00667685 0.00649659 0.00787538 0.00838069 
0.00829293 0.00937499 0.00799492 0.00904177 0.00818971 0.0129592 0.00867996 0.00921504 0.00813524 0.0127897 0.00845486 0.0149472 0.0089196 0.0872907 0.00716513 0.00700905 0.00601754 0.00673834 0.0057149 0.010505 0.00594353 0.0572637 0 0.00319398 0.0032996 0.00317861 0.00364464 0.00326815 0.00469708 0.00487676 
0.00870176 0.0079828 0.00880042 0.00791098 0.00988089 0.00814686 0.00826828 0.00816236 0.0148433 0.0083626 0.0364863 0.0091811 0.11105 0.00921822 0.00900009 0.00827143 0.00689153 0.00625919 0.00926466 0.00816894 0.0497913 0.00762492 0.00319398 0 0.00314428 0.00321696 0.00318061 0.00359582 0.00325315 0.00525539 
0.00813726 0.0091093 0.00799471 0.0101292 0.00808055 0.0192283 0.00811885 0.0114478 0.00865798 0.0513551 0.00969986 0.192812 0.00958473 0.0200355 0.00794181 0.00863663 0.0073417 0.00829761 0.00786601 0.0560496 0.00849524 0.0169893 0.0032996 0.00314428 0 0.00315157 0.00322179 0.00320256 0.00415082 0.00327684 
0.00923326 0.00800324 0.0104363 0.00804542 0.0185076 0.00808414 0.00861838 0.00805955 0.0226282 0.00876557 0.199375 0.0099027 0.0325345 0.00903514 0.00947756 0.00825111 0.0101956 0.00964459 0.0375322 0.0109413 0.0434783 0.0061208 0.00317861 0.00321696 0.00315157 0 0.00315396 0.00355737 0.00317519 0.00378201 
0.00804094 0.0108271 0.00800594 0.019234 0.00829524 0.00820519 0.00810074 0.0129693 0.00836141 0.168794 0.00959104 0.0734941 0.00964078 0.0149704 0.00794645 0.00975189 0.0105317 0.018282 0.0124933 0.055023 0.00672125 0.00667685 0.00364464 0.00318061 0.00322179 0.00315396 0 0.00316835 0.0034171 0.00319315 
0.00930171 0.00800726 0.0117126 0.00808135 0.00872324 0.0080458 0.00866851 0.00803274 0.0956472 0.00861572 0.0667072 0.00936467 0.0289769 0.0089584 0.0106322 0.0146544 0.0385148 0.00803263 0.041099 0.00811664 0.00849156 0.00649659 0.00326815 0.00359582 0.00320256 0.00355737 0.00316835 0 0.00314664 0.00341263 
0.00806936 0.0129259 0.00801562 0.00941178 0.0082169 0.0082182 0.00825363 0.0602383 0.0082807 0.0237954 0.00887317 0.0274225 0.00912162 0.0228914 0.0220159 0.067 0.00805938 0.0194843 0.00760435 0.0102718 0.00756199 0.00787538 0.00469708 0.00325315 0.00415082 0.00317519 0.0034171 0.00314664 0 0.00315352 
0.00946663 0.00797753 0.00871637 0.00804077 0.00838195 0.00823004 0.0366259 0.00811861 0.0100517 0.00826798 0.0122313 0.00867903 0.0113938 0.00949754 0.177468 0.00900473 0.0100679 0.00761667 0.0115251 0.0081538 0.00838465 0.00838069 0.00487676 0.00525539 0.00327684 0.00378201 0.00319315 0.00341263 0.00315352 0 
