1POIA
SKVMTLKDAIAKYVHSGDHIALGGFTTDRKPYAAVFEILRQGITDLTGLGGAAGGDWDMLIGNGRVKAYINCYTANSGVTNVSRRFRKWFEAGKLTMEDYSQDVIYMMWHAAALGLPFLPVTLMQGSGLTDEWGISKEVRKTLDKVPDDKFKYIDNPFKPGEKVVAVPVPQVDVAIIHAQQASPDGTVRIWGGKFQDVDIAEAAKYTIVTCEEIISDEEIRRDPTKNDIPGMCVDAVVLAPYGAHPSQCYGLYDYDNPFLKVYDKVSKTQEDFDAFCKEWVFDLKDHDEYLNKLGATRLINLKVVPGLGYHIDMTKE
CCECCHHHHHHHHCCCCCEEEECCECCECCCHHHHHHHHHCCCCCEEEECCEECHHHHHHHHCCCEEEEEECEECECCCECCCHHHHHHHHHCCCEEEECCHHHHHHHHHHHHHCCCEEEECCCCCCHHHHCCCCCHHHHHCCCCCCCCCCEEEEECCEEEEEEEEEECCCCCEEEEEEEEECCCCCEECCCCCCCHHHHHHHCCEEEEEEEEECCHHHHHCCHHHCCECHHHCCEEEECCCCCCCCEECCCECCCHHHHHHHHHHCCCHHHHHHHHHHHCCCCCCHHHHHHHHCHHHHHCCECCCCCCCCCCHHHC
0 0 0 0 0 0 0 0 0 0 0 0 0 0 0 0 0 0 0 0 0 0 0 0 0 0 0 0 0 0 0 0 0 0 0 0 0 0 0 0 0 0 0 0 0 0 0 0 0 0 0 0 0 0 0 0 0 0 0 0 0 0 0 0 0 0 0 0 0 0 0 0 0 0 0 0 0 0 0 0 0 0 0 0 0 0 0 0 0 0 0 0 0 0 0 0 0 0 0 0 0 0 0 0 0 0 0 0 0 0 0 0 0 0 0 0 0 0 0 0 0 0 0 0 0 0 0 0 0 0 0 0 0 0 0 0 0 0 0 0 0 0 0 0 0 0 0 0 0 0 0 0 0 0 0 0 0 0 0 0 0 0 0 0 0 0 0 0 0 0 0 0 0 0 0 0 0 0 0 0 0 0 0 0 0 0 0 0 0 0 0 0 0 0 0 0 0 0 0 0 0 0 0 0 0 0 0 0 0 0 0 0 0 0 0 0 0 0 0 0 0 0 0 0 0 0 0 0 0 0 0 0 0 0 0 0 0 0 0 0 0 0 0 0 0 0 0 0 0 0 0 0 0 0 0 0 0 0 0 0 0 0 0 0 0 0 0 0 0 0 0 0 0 0 0 0 0 0 0 0 0 0 0 0 0 0 0 0 0 0 0 0 0 0 0 0 0 0 0 0 0 0 0 0 0 0 0 0 0 0 0 0 0 0 0 0 0 
0 0 0 0 0 0 0 0 0 0 0 0 0 0 0 0 0 0 0 0 0 0 0 0 0 0 0 0 0 0 0 0 0 0 0 0 0 0 0 0 0 0 0 0 0 0 0 0 0 0 0 0 0 0 0 0 0 0 0 0 0 0 0 0 0 0 0 0 0 0 0 0 0 0 0 0 0 0 0 0 0 0 0 0 0 0 0 0 0 0 0 0 0 0 0 0 0 0 0 0 0 0 0 0 0 0 0 0 0 0 0 0 0 0 0 0 0 0 0 0 0 0 0 0 0 0 0 0 0 0 0 0 0 0 0 0 0 0 0 0 0 0 0 0 0 0 0 0 0 0 0 0 0 0 0 0 0 0 0 0 0 0 0 0 0 0 0 0 0 0 0 0 0 0 0 0 0 0 0 0 0 0 0 0 0 0 0 0 0 0 0 0 0 0 0 0 0 0 0 0 0 0 0 0 0 0 0 0 0 0 0 0 0 0 0 0 0 0 0 0 0 0 0 0 0 0 0 0 0 0 0 0 0 0 0 0 0 0 0 0 0 0 0 0 0 0 0 0 0 0 0 0 0 0 0 0 0 0 0 0 0 0 0 0 0 0 0 0 0 0 0 0 0 0 0 0 0 0 0 0 0 0 0 0 0 0 0 0 0 0 0 0 0 0 0 0 0 0 0 0 0 0 0 0 0 0 0 0 0 0 0 0 0 0 0 0 0 
0 0.0210962 0.0102614 0.0133893 0.0229755 0.0667031 0.0674149 0.0165534 0.00977032 0.00925476 0.0140631 0.0152485 0.0143214 0.0158808 0.00882899 0.00854031 0.00860064 0.00891243 0.00896019 0.00998909 0.00985445 0.0179921 0.0270596 0.0105829 0.00823289 0.00803725 0.00952793 0.00944302 0.00794308 0.00809782 0.00920158 0.00923336 0.00811107 0.00813054 0.00796647 0.00882031 0.00895079 0.00808755 0.00790269 0.00789418 0.00794619 0.00794231 0.00792864 0.0079838 0.00796295 0.00860872 0.00914718 0.00811677 0.00801197 0.00791809 0.00785447 0.00785626 0.00783168 0.0078603 0.00838426 0.00873103 0.00848748 0.00893059 0.00810106 0.00802542 0.00794019 0.00797565 0.00810292 0.0080735 0.00793195 0.00854806 0.00919981 0.0090456 0.00846918 0.00812134 0.00898181 0.00888172 0.00888795 0.0113447 0.0135556 
0.0210962 0 0.0032433 0.0032695 0.00366534 0.00703541 0.00870271 0.0476903 0.0601975 0.0134396 0.0363252 0.0129416 0.0175743 0.0159756 0.0159131 0.014079 0.0159432 0.0125043 0.0178787 0.0108176 0.0124924 0.0169254 0.0134421 0.0209648 0.00860499 0.0104129 0.0119437 0.0106544 0.00886998 0.00935012 0.0124942 0.00834141 0.00827769 0.00803539 0.00842147 0.00922738 0.00811936 0.00785491 0.00791599 0.00791663 0.00816624 0.0081625 0.00848687 0.00902504 0.00837094 0.00996554 0.00889065 0.00904679 0.00883645 0.00843761 0.00841731 0.00824722 0.0081492 0.00820141 0.00883887 0.00819978 0.00849554 0.00811285 0.00823703 0.00836463 0.00845679 0.00847385 0.00810307 0.00808753 0.00806805 0.00830899 0.00822693 0.00835389 0.00830148 0.00841067 0.00922658 0.00823851 0.00858929 0.00894314 0.00994858 
0.0102614 0.0032433 0 0.00320474 0.00323972 0.00697582 0.00642426 0.0821555 0.04878 0.165731 0.0132893 0.0120776 0.0117829 0.0183586 0.0202323 0.0688792 0.0472701 0.0347372 0.0125104 0.0112889 0.0135803 0.00970458 0.00997542 0.00880345 0.0379784 0.0102765 0.0108954 0.0111727 0.0128953 0.0129045 0.00991795 0.00838154 0.00833883 0.00927062 0.00857711 0.0083037 0.0080559 0.00794865 0.00821673 0.00818898 0.00844394 0.00924754 0.00967317 0.010463 0.00920465 0.0086563 0.00903076 0.0106141 0.0113188 0.0105534 0.0091493 0.00963486 0.00880541 0.00857634 0.00839242 0.00835878 0.00828376 0.00819145 0.00853078 0.00889445 0.009282 0.00895726 0.00855562 0.00835787 0.00821114 0.00811321 0.00802361 0.00845415 0.00864453 0.0085454 0.00831293 0.0082581 0.00838077 0.00830195 0.00867822 
0.0133893 0.0032695 0.00320474 0 0.00318965 0.00540069 0.00870702 0.0118997 0.11458 0.135895 0.047935 0.0147792 0.0165073 0.0120694 0.040597 0.0252539 0.0545058 0.0754145 0.0202683 0.0193017 0.0140835 0.010649 0.00958352 0.0117959 0.0109187 0.0365855 0.0110338 0.00992467 0.0169629 0.0172174 0.00963724 0.00842413 0.00862088 0.0087838 0.0092791 0.00821276 0.00784847 0.00797541 0.00802666 0.0082818 0.0084938 0.00898446 0.0106353 0.0110407 0.00944492 0.00843802 0.00919015 0.0114836 0.0121672 0.0113069 0.0104227 0.00946616 0.00924124 0.00871409 0.0081875 0.00842518 0.00843107 0.00814013 0.00871347 0.00905883 0.0094077 0.00976619 0.00864599 0.00864682 0.00826753 0.00805433 0.00792007 0.00853361 0.00870187 0.00872974 0.00817322 0.00825575 0.00815539 0.00804547 0.0087125 
0.0229755 0.00366534 0.00323972 0.00318965 0 0.0320384 0.0137658 0.0486854 0.0144388 0.0558932 0.158709 0.0238803 0.0222331 0.0261672 0.0113674 0.0169889 0.0137951 0.0364639 0.032779 0.0177855 0.0153678 0.0179707 0.014423 0.0124542 0.0104482 0.0110475 0.024999 0.0143662 0.00973183 0.0104186 0.0144746 0.0090413 0.00816846 0.0083652 0.00825461 0.00847 0.00804738 0.00785135 0.00795562 0.00794176 0.0080794 0.00852814 0.0092772 0.00940773 0.00855573 0.00879374 0.00997709 0.00979747 0.0096571 0.00935308 0.00883547 0.00892157 0.00840469 0.00823297 0.0084602 0.00870251 0.00828038 0.00836191 0.00836738 0.00856575 0.00870288 0.00849801 0.00841765 0.00804093 0.00797919 0.00810462 0.00830375 0.00872702 0.00853436 0.00826782 0.00843448 0.00853877 0.00842133 0.00892739 0.0100656 
0.0667031 0.00703541 0.00697582 0.00540069 0.0320384 0 0.757735 0.0162434 0.0136127 0.0188197 0.0376952 0.0278125 0.0429273 0.0177584 0.00973833 0.00942816 0.00923435 0.0117262 0.0129484 0.0129065 0.0132011 0.028663 0.0372899 0.0102964 0.00847251 0.00913599 0.0125285 0.0105558 0.00825662 0.00888661 0.0118526 0.00860294 0.00797702 0.00797269 0.00803997 0.00932598 0.00822955 0.00788745 0.00782986 0.00788935 0.00789511 0.00792528 0.0079669 0.00824376 0.00822239 0.00963743 0.00886068 0.00822446 0.0080925 0.00806373 0.00794775 0.00796976 0.00795958 0.00790345 0.00879897 0.00894401 0.00884387 0.00837238 0.00804716 0.0080085 0.00802523 0.00798192 0.00799681 0.00792628 0.00797288 0.00866572 0.00912808 0.0088476 0.00806394 0.00806847 0.0096648 0.00875643 0.0090319 0.0112819 0.0126411 
0.0674149 0.00870271 0.00642426 0.00870702 0.0137658 0.757735 0 0.0151507 0.0117845 0.0194121 0.0450973 0.0199277 0.0380651 0.0158879 0.0104801 0.00983026 0.00934792 0.0102603 0.0128144 0.0112538 0.0135931 0.0255488 0.0331585 0.0108459 0.00849636 0.00872302 0.0111612 0.0106261 0.00817564 0.0085686 0.0103045 0.0084892 0.00796619 0.00793101 0.00796239 0.00851478 0.00807528 0.00787689 0.00790086 0.00787859 0.00791203 0.00794151 0.00801857 0.00828548 0.00805974 0.00892401 0.00868447 0.00835643 0.00815512 0.00807584 0.00802948 0.00798917 0.00810149 0.00793121 0.00859154 0.00832474 0.008194 0.00813373 0.00822856 0.00805588 0.00810258 0.00800114 0.00794662 0.00788241 0.00794323 0.00820559 0.00849837 0.00831244 0.00805892 0.00799841 0.00903279 0.00818633 0.00852274 0.0104832 0.0113885 
0.0165534 0.0476903 0.0821555 0.0118997 0.0486854 0.0162434 0.0151507 0 0.00328411 0.00329806 0.00347497 0.00417105 0.010685 0.118764 0.0133532 0.0200515 0.0123745 0.0141001 0.0183009 0.0111773 0.0193427 0.0150375 0.0219514 0.0114487 0.0134705 0.00929357 0.0184065 0.0135625 0.00931429 0.00948818 0.0194777 0.00847188 0.00826152 0.00898941 0.00826559 0.0108556 0.00807754 0.00784848 0.00800876 0.00790951 0.00805545 0.00867597 0.0088565 0.00892352 0.00855302 0.0101519 0.0106647 0.00952733 0.00889047 0.00883727 0.00834062 0.00885893 0.00829226 0.0082455 0.00947743 0.00864785 0.00847313 0.00876601 0.00821001 0.008425 0.0084842 0.00829709 0.00818913 0.00803469 0.00802871 0.00837815 0.00824457 0.00894486 0.00838211 0.00837331 0.00891048 0.00832825 0.00862035 0.00941447 0.00936072 
0.00977032 0.0601975 0.04878 0.11458 0.0144388 0.0136127 0.0117845 0.00328411 0 0.00327301 0.00320147 0.00743929 0.00818916 0.0279403 0.0577685 0.0458579 0.0410931 0.0244525 0.0136815 0.0144626 0.0118537 0.0120374 0.0101231 0.0145921 0.0122914 0.0197574 0.0104229 0.0111587 0.0149501 0.0150102 0.0100943 0.00838616 0.00902831 0.00841438 0.00943254 0.00846358 0.00797813 0.00791522 0.00802361 0.00807313 0.00848956 0.00873766 0.0107754 0.012029 0.00935465 0.00891482 0.00876075 0.0126872 0.0130726 0.0097516 0.0107478 0.00879638 0.00885281 0.00867845 0.00830568 0.00823327 0.00841527 0.00810145 0.00859874 0.00883737 0.00945788 0.00952607 0.00842316 0.00832119 0.00826276 0.00814844 0.00793431 0.00835576 0.00857409 0.00856194 0.00851905 0.00815641 0.00823948 0.00833818 0.00889266 
0.00925476 0.0134396 0.165731 0.135895 0.0558932 0.0188197 0.0194121 0.00329806 0.00327301 0 0.00333183 0.00411696 0.0498885 0.0234672 0.06423 0.0356977 0.0682831 0.0956319 0.0183982 0.0183784 0.0157049 0.011917 0.0113465 0.0107766 0.0256639 0.0230322 0.0133984 0.0115297 0.0222011 0.021391 0.0120238 0.00866984 0.00867244 0.00969722 0.009247 0.00856629 0.00800274 0.00803353 0.00812531 0.00836513 0.00862723 0.00970895 0.0118123 0.0133087 0.0126652 0.00868324 0.00995996 0.0139329 0.0134504 0.0125099 0.0101006 0.01116 0.00963071 0.00976373 0.00848407 0.00864343 0.0084757 0.00820006 0.00890374 0.00977148 0.00978591 0.00960623 0.00887853 0.00850475 0.00843234 0.00811864 0.00790476 0.00872488 0.00877844 0.00869806 0.00832326 0.00818914 0.00822311 0.00806414 0.00851154 
0.0140631 0.0363252 0.0132893 0.047935 0.158709 0.0376952 0.0450973 0.00347497 0.00320147 0.00333183 0 0.0236969 0.0063559 0.0375829 0.0136508 0.0418615 0.0207318 0.0496397 0.0288249 0.0228972 0.01976 0.0282232 0.0184942 0.0167982 0.010493 0.0131637 0.0335191 0.0196707 0.0100191 0.0117906 0.0210982 0.0100925 0.00842752 0.00848269 0.00841863 0.00911119 0.00832515 0.0079178 0.00806622 0.0079695 0.00821172 0.00864248 0.00964367 0.00960379 0.00891961 0.00999287 0.0109722 0.00984634 0.00958415 0.00915219 0.00904115 0.00873918 0.00859207 0.00824656 0.00915627 0.00893378 0.00838536 0.00834289 0.00855178 0.00849463 0.00864589 0.00856039 0.00824593 0.00804699 0.00793675 0.00822908 0.0083069 0.00854724 0.00838589 0.00818159 0.0085271 0.00848131 0.00828364 0.00887975 0.0102188 
0.0152485 0.0129416 0.0120776 0.0147792 0.0238803 0.0278125 0.0199277 0.00417105 0.00743929 0.00411696 0.0236969 0 0.0116813 0.0170056 0.0315889 0.0112828 0.0135495 0.0180908 0.0141765 0.0132261 0.0160991 0.0184479 0.023392 0.0124785 0.00928564 0.0110026 0.0142061 0.0102745 0.00915427 0.00975986 0.0124529 0.00838303 0.00802405 0.00795205 0.00829451 0.00946432 0.00794907 0.00787826 0.00786952 0.00789 0.00795801 0.00801335 0.00815167 0.00833143 0.00850036 0.00978355 0.00844793 0.00843919 0.00831958 0.00823992 0.00812858 0.00808148 0.00798079 0.00812042 0.00892018 0.00813143 0.00857523 0.00793549 0.00805912 0.00805972 0.00810727 0.00802014 0.00795978 0.00793298 0.00793038 0.00826505 0.00807773 0.00808239 0.0080717 0.00803357 0.00873113 0.00799882 0.00832545 0.00859201 0.00910087 
0.0143214 0.0175743 0.0117829 0.0165073 0.0222331 0.0429273 0.0380651 0.010685 0.00818916 0.0498885 0.0063559 0.0116813 0 0.0465209 0.0100265 0.0100137 0.00983119 0.0204666 0.0156258 0.0173016 0.0177702 0.0239425 0.0272569 0.0132363 0.0110618 0.0100903 0.0131702 0.0158113 0.00936561 0.00942404 0.0123133 0.00945857 0.00800059 0.00804564 0.00814493 0.0084766 0.00834987 0.00791753 0.00792152 0.0079026 0.00794328 0.00817325 0.00828377 0.00850081 0.00852209 0.00861821 0.00993471 0.00888564 0.00853557 0.0084098 0.00827875 0.00820524 0.0081611 0.00835075 0.00859821 0.00912427 0.00834553 0.0082401 0.0082356 0.0081689 0.00824827 0.00820551 0.00807503 0.00801129 0.0080901 0.00816255 0.00843445 0.00842113 0.00808286 0.00839496 0.0083279 0.00830289 0.00825658 0.00864624 0.00890259 
0.0158808 0.0159756 0.0183586 0.0120694 0.0261672 0.0177584 0.0158879 0.118764 0.0279403 0.0234672 0.0375829 0.0170056 0.0465209 0 0.0033106 0.00323851 0.00324834 0.00331318 0.00400053 0.00397248 0.00794953 0.0149765 0.0226983 0.0284372 0.0135942 0.0113946 0.03038 0.0190615 0.0102951 0.0115211 0.0231217 0.00980426 0.00871384 0.009034 0.00888201 0.0155327 0.00874682 0.00792685 0.00803816 0.00797669 0.00814425 0.00875565 0.00932585 0.0095857 0.00959276 0.0140817 0.011869 0.00981283 0.00913194 0.0090152 0.00874692 0.00913773 0.00823156 0.00875555 0.0118287 0.00860598 0.00883145 0.0088444 0.00837929 0.00847836 0.00851518 0.00832554 0.00821004 0.00805501 0.00813345 0.00958552 0.00839179 0.00887942 0.00834914 0.00845249 0.00991112 0.0082799 0.00891628 0.00949623 0.00979863 
0.00882899 0.0159131 0.0202323 0.040597 0.0113674 0.00973833 0.0104801 0.0133532 0.0577685 0.06423 0.0136508 0.0315889 0.0100265 0.0033106 0 0.00317433 0.00322684 0.00323089 0.00326241 0.00506481 0.00444942 0.00678441 0.00934368 0.0210881 0.0175085 0.0281658 0.011807 0.0147191 0.0206056 0.0170318 0.0109393 0.00899992 0.00966673 0.00876474 0.0114934 0.00869409 0.00825919 0.00810511 0.00810554 0.00836887 0.00865831 0.00961678 0.013103 0.0151226 0.0102394 0.0090934 0.00999566 0.0170175 0.0152242 0.012318 0.0127786 0.0100403 0.0103238 0.00917352 0.00854728 0.00832708 0.00840906 0.00822942 0.00912618 0.00912107 0.00935533 0.00940391 0.00852749 0.00840649 0.00837868 0.00816048 0.00792441 0.00852736 0.00867693 0.00851823 0.00833442 0.00827919 0.00815 0.00814083 0.00831887 
0.00854031 0.014079 0.0688792 0.0252539 0.0169889 0.00942816 0.00983026 0.0200515 0.0458579 0.0356977 0.0418615 0.0112828 0.0100137 0.00323851 0.00317433 0 0.00321129 0.00316112 0.00322889 0.00345466 0.00425337 0.00554948 0.00780461 0.0535071 0.061695 0.0197293 0.0149719 0.0195493 0.0255095 0.0218935 0.0126038 0.00966725 0.00962972 0.021998 0.010192 0.00925256 0.0083959 0.00814026 0.00896572 0.00913437 0.010038 0.0171699 0.0257152 0.033363 0.0119157 0.0094365 0.01246 0.0210218 0.0338477 0.0359618 0.0191309 0.0218535 0.0166311 0.0100828 0.00880895 0.0086233 0.00841956 0.00883887 0.00928119 0.0120767 0.0161614 0.011922 0.0106008 0.00936547 0.00886342 0.00840242 0.0079882 0.00933073 0.00911133 0.00913362 0.00859358 0.00821441 0.00824209 0.0080121 0.00816955 
0.00860064 0.0159432 0.0472701 0.0545058 0.0137951 0.00923435 0.00934792 0.0123745 0.0410931 0.0682831 0.0207318 0.0135495 0.00983119 0.00324834 0.00322684 0.00321129 0 0.00318212 0.00315666 0.00326724 0.00427963 0.00418226 0.00734829 0.0281454 0.0950886 0.0409041 0.0128591 0.0146912 0.0406408 0.0199108 0.0127618 0.0091197 0.0120069 0.0125028 0.015156 0.0092512 0.00824211 0.00850743 0.00877073 0.00948617 0.0108613 0.0169781 0.03162 0.0369382 0.0154753 0.00974009 0.0111445 0.0269043 0.046258 0.029417 0.0254172 0.0179838 0.0150704 0.0101018 0.0088747 0.00849745 0.00863136 0.00858576 0.0103091 0.0131339 0.0143857 0.015065 0.00996665 0.00938027 0.0089757 0.00833396 0.00794727 0.00915981 0.00997468 0.00966872 0.00853026 0.00832863 0.00818863 0.00806359 0.00836536 
0.00891243 0.0125043 0.0347372 0.0754145 0.0364639 0.0117262 0.0102603 0.0141001 0.0244525 0.0956319 0.0496397 0.0180908 0.0204666 0.00331318 0.00323089 0.00316112 0.00318212 0 0.00317037 0.003204 0.0042605 0.00432701 0.00742715 0.014057 0.0378322 0.144426 0.0312237 0.0166961 0.0204256 0.0559646 0.0144685 0.0106337 0.0096006 0.0116355 0.0128073 0.00908855 0.00855482 0.00830776 0.00843109 0.00882319 0.00894366 0.0117749 0.0153919 0.0189598 0.0171787 0.0102581 0.0109901 0.0186008 0.0209343 0.0198448 0.0136264 0.014825 0.0102165 0.0113522 0.00936747 0.00925595 0.0087059 0.00858704 0.00945073 0.0106826 0.0119223 0.0101915 0.00962191 0.00848904 0.00851308 0.00823176 0.00791795 0.00877339 0.00876933 0.009586 0.00827247 0.00828543 0.0083077 0.0080865 0.00821563 
0.00896019 0.0178787 0.0125104 0.0202683 0.032779 0.0129484 0.0128144 0.0183009 0.0136815 0.0183982 0.0288249 0.0141765 0.0156258 0.00400053 0.00326241 0.00322889 0.00315666 0.00317037 0 0.00348234 0.0032233 0.00393178 0.00846191 0.0246594 0.0113482 0.0208723 0.0590708 0.0229052 0.0130734 0.0116642 0.0256365 0.00988743 0.00882257 0.00913506 0.00941657 0.00936852 0.00828827 0.00802862 0.00837559 0.00831167 0.00903786 0.00979894 0.012072 0.0148827 0.0100005 0.0110728 0.0128596 0.0108914 0.0144794 0.0127558 0.012315 0.0103724 0.0101867 0.00884273 0.00941968 0.00864767 0.00853466 0.00851854 0.00848366 0.0093383 0.00937518 0.00950236 0.00848029 0.00859254 0.00812065 0.00833254 0.00821087 0.00866767 0.00843079 0.00873504 0.00873081 0.00832137 0.00810162 0.00838903 0.00842533 
0.00998909 0.0108176 0.0112889 0.0193017 0.0177855 0.0129065 0.0112538 0.0111773 0.0144626 0.0183784 0.0228972 0.0132261 0.0173016 0.00397248 0.00506481 0.00345466 0.00326724 0.003204 0.00348234 0 0.00376323 0.00361851 0.02107 0.0239838 0.0117037 0.0190101 0.0218537 0.0129856 0.0113961 0.0133221 0.0150463 0.0089247 0.00844551 0.00838583 0.00907141 0.00915245 0.00814771 0.00798541 0.0079451 0.00803811 0.00804752 0.0084254 0.00896953 0.00947809 0.00980112 0.0106988 0.00975045 0.0104883 0.00960315 0.00924423 0.00900593 0.00878494 0.00853307 0.00868687 0.00879848 0.00830141 0.00849685 0.0081024 0.00842372 0.00824512 0.00868668 0.00835719 0.00812559 0.00804474 0.0080075 0.00819058 0.00795306 0.0082776 0.00808277 0.00812965 0.00854716 0.00798274 0.00800427 0.0084628 0.0091605 
0.00985445 0.0124924 0.0135803 0.0140835 0.0153678 0.0132011 0.0135931 0.0193427 0.0118537 0.0157049 0.01976 0.0160991 0.0177702 0.00794953 0.00444942 0.00425337 0.00427963 0.0042605 0.0032233 0.00376323 0 0.0041476 0.0171583 0.0373896 0.0207379 0.0167968 0.0215081 0.0162003 0.0119568 0.0115405 0.0166531 0.00940255 0.00843398 0.00858944 0.0085556 0.00916855 0.00839832 0.00793992 0.00817024 0.00801644 0.00818652 0.00858806 0.00906519 0.01009 0.00923803 0.00984074 0.0119459 0.0103092 0.0101858 0.00967901 0.0092179 0.00904617 0.00855068 0.00860001 0.00895288 0.00881682 0.00826975 0.00851492 0.00832338 0.00844981 0.00872467 0.00872187 0.00827977 0.00814953 0.00812392 0.00822724 0.00827484 0.00847335 0.00822788 0.00838599 0.00844372 0.00834017 0.00821244 0.00849061 0.0085899 
0.0179921 0.0169254 0.00970458 0.010649 0.0179707 0.028663 0.0255488 0.0150375 0.0120374 0.011917 0.0282232 0.0184479 0.0239425 0.0149765 0.00678441 0.00554948 0.00418226 0.00432701 0.00393178 0.00361851 0.0041476 0 0.897639 0.0218724 0.0111915 0.0267867 0.0267031 0.017686 0.0101982 0.00985733 0.0190177 0.0118451 0.00880587 0.00830416 0.00858411 0.0101802 0.00942039 0.0081097 0.00799224 0.0080148 0.00800463 0.00829306 0.00884561 0.00857495 0.00878941 0.0108218 0.0119405 0.00926772 0.00851567 0.00837262 0.00831224 0.00820004 0.00812316 0.0083857 0.0092751 0.00967381 0.00967836 0.00912395 0.00859058 0.0081589 0.00822298 0.00815477 0.00796662 0.00789787 0.00803707 0.00842936 0.00920153 0.00905577 0.00842059 0.00806093 0.00919456 0.00857561 0.00878307 0.0128687 0.0146811 
0.0270596 0.0134421 0.00997542 0.00958352 0.014423 0.0372899 0.0331585 0.0219514 0.0101231 0.0113465 0.0184942 0.023392 0.0272569 0.0226983 0.00934368 0.00780461 0.00734829 0.00742715 0.00846191 0.02107 0.0171583 0.897639 0 0.0189156 0.0149159 0.0115218 0.0355639 0.0201922 0.00972717 0.0100278 0.0201191 0.0121929 0.00876352 0.00855612 0.00869973 0.0126407 0.0103363 0.00822251 0.00806093 0.00800834 0.0080507 0.00834148 0.00842978 0.00849342 0.00878596 0.0121671 0.0136313 0.00892802 0.00841766 0.00847834 0.00810341 0.00829312 0.00797221 0.00831764 0.0103133 0.0109936 0.0100287 0.00987855 0.00822419 0.00801809 0.00809699 0.00797435 0.00806917 0.00791127 0.0079281 0.0090343 0.0106479 0.00957915 0.00825196 0.00828332 0.00953943 0.00967254 0.00953947 0.0140023 0.0135099 
0.0105829 0.0209648 0.00880345 0.0117959 0.0124542 0.0102964 0.0108459 0.0114487 0.0145921 0.0107766 0.0167982 0.0124785 0.0132363 0.0284372 0.0210881 0.0535071 0.0281454 0.014057 0.0246594 0.0239838 0.0373896 0.0218724 0.0189156 0 0.00322839 0.00336896 0.00339044 0.0673248 0.01198 0.016628 0.0234878 0.0123766 0.0113857 0.00829541 0.0190252 0.0120055 0.0100869 0.0082574 0.0080154 0.00818533 0.00903144 0.00876671 0.0119011 0.00989566 0.0100379 0.0147099 0.0131226 0.0126155 0.0103835 0.00937398 0.0112074 0.00841561 0.00889375 0.00907096 0.0102917 0.00894158 0.0104611 0.00891815 0.00911929 0.008829 0.00843643 0.0112031 0.00806722 0.00817336 0.00823763 0.0107146 0.00863193 0.00859988 0.00872692 0.00849573 0.0117181 0.00836438 0.00890061 0.009298 0.0103033 
0.00823289 0.00860499 0.0379784 0.0109187 0.0104482 0.00847251 0.00849636 0.0134705 0.0122914 0.0256639 0.010493 0.00928564 0.0110618 0.0135942 0.0175085 0.061695 0.0950886 0.0378322 0.0113482 0.0117037 0.0207379 0.0111915 0.0149159 0.00322839 0 0.00317132 0.00317377 0.0553165 0.0892633 0.0278413 0.0179073 0.0100589 0.00902508 0.0254227 0.00876528 0.0101301 0.00850537 0.00836832 0.00876149 0.00839902 0.00853665 0.0163564 0.012625 0.0178654 0.0119659 0.00974177 0.0150193 0.0199112 0.0175926 0.0200519 0.00971288 0.0176302 0.00961572 0.00966965 0.00934427 0.00900786 0.00835241 0.00856722 0.00916267 0.00988686 0.0119344 0.00897821 0.00957401 0.00839067 0.00847529 0.00825708 0.00800743 0.0090044 0.00875845 0.00952996 0.00838604 0.00813256 0.00828278 0.00830494 0.00826682 
0.00803725 0.0104129 0.0102765 0.0365855 0.0110475 0.00913599 0.00872302 0.00929357 0.0197574 0.0230322 0.0131637 0.0110026 0.0100903 0.0113946 0.0281658 0.0197293 0.0409041 0.144426 0.0208723 0.0190101 0.0167968 0.0267867 0.0115218 0.00336896 0.00317132 0 0.00321183 0.0201807 0.120012 0.124549 0.0188617 0.00956767 0.0136705 0.00873281 0.0217006 0.00885024 0.00847317 0.00849574 0.00843982 0.00860082 0.00938096 0.00932093 0.015996 0.0166555 0.0180814 0.0101874 0.0102804 0.019898 0.0227741 0.0126043 0.020234 0.0102026 0.013639 0.0114776 0.00924701 0.00881317 0.00891991 0.00833266 0.00958309 0.00983353 0.010311 0.0135817 0.0086259 0.00846869 0.00847565 0.00824878 0.00790564 0.00844817 0.00905799 0.00863186 0.00844962 0.00813924 0.00824951 0.00801434 0.00811046 
0.00952793 0.0119437 0.0108954 0.0110338 0.024999 0.0125285 0.0111612 0.0184065 0.0104229 0.0133984 0.0335191 0.0142061 0.0131702 0.03038 0.011807 0.0149719 0.0128591 0.0312237 0.0590708 0.0218537 0.0215081 0.0267031 0.0355639 0.00339044 0.00317377 0.00321183 0 0.0454731 0.0183372 0.0771299 0.216089 0.015385 0.00914751 0.00945554 0.00889923 0.0118055 0.00956652 0.00807331 0.00845616 0.00834762 0.00842252 0.00976368 0.0105751 0.0120173 0.010936 0.0139607 0.018762 0.0107409 0.0119615 0.011909 0.0101019 0.0114211 0.00958988 0.0100519 0.0124363 0.0116042 0.00950169 0.00959694 0.00870776 0.00878072 0.00929289 0.0091068 0.00859902 0.00828142 0.00832527 0.00833467 0.00844932 0.0095875 0.00859562 0.0085901 0.00880596 0.00857431 0.00822943 0.00883627 0.00872145 
0.00944302 0.0106544 0.0111727 0.00992467 0.0143662 0.0105558 0.0106261 0.0135625 0.0111587 0.0115297 0.0196707 0.0102745 0.0158113 0.0190615 0.0147191 0.0195493 0.0146912 0.0166961 0.0229052 0.0129856 0.0162003 0.017686 0.0201922 0.0673248 0.0553165 0.0201807 0.0454731 0 0.00322277 0.00321489 0.00332465 0.161778 0.0221329 0.0112854 0.0118186 0.024458 0.0121336 0.0091819 0.00857062 0.00878722 0.00947646 0.011402 0.0151954 0.0147182 0.0128727 0.0300912 0.0338895 0.0322746 0.0155925 0.0169826 0.0136532 0.0123725 0.0104815 0.0107998 0.019633 0.0114724 0.0134649 0.0114442 0.0115231 0.0103824 0.0114988 0.0104608 0.00900664 0.00883739 0.00937232 0.0125683 0.0095465 0.0106998 0.00986783 0.00924398 0.0127044 0.0087688 0.00953081 0.00943616 0.00905715 
0.00794308 0.00886998 0.0128953 0.0169629 0.00973183 0.00825662 0.00817564 0.00931429 0.0149501 0.0222011 0.0100191 0.00915427 0.00936561 0.0102951 0.0206056 0.0255095 0.0406408 0.0204256 0.0130734 0.0113961 0.0119568 0.0101982 0.00972717 0.01198 0.0892633 0.120012 0.0183372 0.00322277 0 0.00317311 0.00317873 0.0263654 0.0797356 0.0283377 0.0266107 0.0146335 0.00938404 0.00959376 0.00939649 0.00945647 0.0103217 0.015337 0.0234713 0.0358697 0.0241994 0.0123566 0.0163944 0.0487017 0.0469204 0.0242806 0.0227576 0.0168671 0.016444 0.0156912 0.0102644 0.00965308 0.00933674 0.00870964 0.0130265 0.0143095 0.0161829 0.0152757 0.0102918 0.00913142 0.0101698 0.00875195 0.00800749 0.00938098 0.00983203 0.0108907 0.00908922 0.0083036 0.00855514 0.00815679 0.0081238 
0.00809782 0.00935012 0.0129045 0.0172174 0.0104186 0.00888661 0.0085686 0.00948818 0.0150102 0.021391 0.0117906 0.00975986 0.00942404 0.0115211 0.0170318 0.0218935 0.0199108 0.0559646 0.0116642 0.0133221 0.0115405 0.00985733 0.0100278 0.016628 0.0278413 0.124549 0.0771299 0.00321489 0.00317311 0 0.00316809 0.0150883 0.0206369 0.0441214 0.0669034 0.0166776 0.00899897 0.009693 0.00887903 0.0107095 0.00954923 0.0131268 0.021843 0.0343602 0.0361105 0.0124335 0.0130963 0.0287975 0.0291304 0.0267944 0.0197601 0.0183893 0.0181759 0.0184346 0.0107394 0.00980245 0.00997808 0.0091469 0.0108944 0.0132149 0.0158594 0.0156838 0.0103015 0.00930046 0.00959573 0.00858644 0.00810291 0.00913567 0.00970462 0.0103592 0.00878864 0.00850623 0.00833206 0.00828827 0.00820993 
0.00920158 0.0124942 0.00991795 0.00963724 0.0144746 0.0118526 0.0103045 0.0194777 0.0100943 0.0120238 0.0210982 0.0124529 0.0123133 0.0231217 0.0109393 0.0126038 0.0127618 0.0144685 0.0256365 0.0150463 0.0166531 0.0190177 0.0201191 0.0234878 0.0179073 0.0188617 0.216089 0.00332465 0.00317873 0.00316809 0 0.0210254 0.0124218 0.0170604 0.0398688 0.0971969 0.0175184 0.00896591 0.00914169 0.00911188 0.00925471 0.0138891 0.0182849 0.0177892 0.0156032 0.037815 0.0282237 0.0146481 0.0144735 0.0163113 0.0150976 0.0137571 0.010367 0.0112703 0.0205541 0.0144438 0.0109886 0.0123425 0.00990117 0.00999032 0.012616 0.0103815 0.00958014 0.00872285 0.00867456 0.00992509 0.00948827 0.0115471 0.00937712 0.00938429 0.0101421 0.00966809 0.00901995 0.00957973 0.00911861 
0.00923336 0.00834141 0.00838154 0.00842413 0.0090413 0.00860294 0.0084892 0.00847188 0.00838616 0.00866984 0.0100925 0.00838303 0.00945857 0.00980426 0.00899992 0.00966725 0.0091197 0.0106337 0.00988743 0.0089247 0.00940255 0.0118451 0.0121929 0.0123766 0.0100589 0.00956767 0.015385 0.161778 0.0263654 0.0150883 0.0210254 0 0.00332855 0.00329756 0.0033687 0.00409481 0.00567356 0.00521591 0.00524279 0.0236494 0.0536557 0.0342022 0.0123414 0.0401803 0.011601 0.031416 0.0208175 0.014967 0.0110301 0.0112849 0.0118434 0.00976598 0.00944804 0.0106645 0.0181253 0.0118005 0.0144253 0.0141852 0.0108249 0.0103114 0.00993454 0.0103908 0.00918067 0.00879119 0.00931358 0.015537 0.00973162 0.0104378 0.00940086 0.00969123 0.0144328 0.00886312 0.0102213 0.0100479 0.00955873 
0.00811107 0.00827769 0.00833883 0.00862088 0.00816846 0.00797702 0.00796619 0.00826152 0.00902831 0.00867244 0.00842752 0.00802405 0.00800059 0.00871384 0.00966673 0.00962972 0.0120069 0.0096006 0.00882257 0.00844551 0.00843398 0.00880587 0.00876352 0.0113857 0.00902508 0.0136705 0.00914751 0.0221329 0.0797356 0.0206369 0.0124218 0.00332855 0 0.00317129 0.00326017 0.00318384 0.00403459 0.00457955 0.0208108 0.0471744 0.038226 0.00735706 0.0275915 0.00812894 0.0145263 0.00860605 0.0111845 0.0237628 0.014496 0.0111971 0.014899 0.00918384 0.0102904 0.0117816 0.00976949 0.00993716 0.0100719 0.0095484 0.0161134 0.0115462 0.012364 0.0155673 0.00948882 0.00936292 0.0102774 0.00891326 0.00816756 0.00928234 0.011487 0.00953667 0.00982006 0.00838424 0.0083972 0.00852559 0.00837496 
0.00813054 0.00803539 0.00927062 0.0087838 0.0083652 0.00797269 0.00793101 0.00898941 0.00841438 0.00969722 0.00848269 0.00795205 0.00804564 0.009034 0.00876474 0.021998 0.0125028 0.0116355 0.00913506 0.00838583 0.00858944 0.00830416 0.00855612 0.00829541 0.0254227 0.00873281 0.00945554 0.0112854 0.0283377 0.0441214 0.0170604 0.00329756 0.00317129 0 0.00314353 0.00316752 0.00401015 0.0153915 0.0321807 0.0158877 0.00619626 0.0224802 0.0075437 0.0116213 0.00753916 0.00729732 0.0114882 0.0127653 0.0190287 0.0200764 0.00981697 0.0191692 0.0102627 0.00989928 0.00997789 0.00933604 0.00850376 0.0105456 0.01014 0.024912 0.0284759 0.0108531 0.0180134 0.0113748 0.00901132 0.00879905 0.00817217 0.010083 0.0104788 0.0114182 0.00880705 0.00830218 0.00833162 0.00837413 0.00838852 
0.00796647 0.00842147 0.00857711 0.0092791 0.00825461 0.00803997 0.00796239 0.00826559 0.00943254 0.009247 0.00841863 0.00829451 0.00814493 0.00888201 0.0114934 0.010192 0.015156 0.0128073 0.00941657 0.00907141 0.0085556 0.00858411 0.00869973 0.0190252 0.00876528 0.0217006 0.00889923 0.0118186 0.0266107 0.0669034 0.0398688 0.0033687 0.00326017 0.00314353 0 0.00316846 0.00531148 0.0528765 0.00389456 0.00411051 0.018952 0.00639822 0.00902526 0.00862776 0.00905306 0.00725253 0.00913358 0.021307 0.0136434 0.00964668 0.0171383 0.00910934 0.0131968 0.0138952 0.0095244 0.00997583 0.0126704 0.00945845 0.0159985 0.0137438 0.0127425 0.0252595 0.00986112 0.00928531 0.0109603 0.00867619 0.00823329 0.00928432 0.0133233 0.0100991 0.00934682 0.0087806 0.00848137 0.00861364 0.00841516 
0.00882031 0.00922738 0.0083037 0.00821276 0.00847 0.00932598 0.00851478 0.0108556 0.00846358 0.00856629 0.00911119 0.00946432 0.0084766 0.0155327 0.00869409 0.00925256 0.0092512 0.00908855 0.00936852 0.00915245 0.00916855 0.0101802 0.0126407 0.0120055 0.0101301 0.00885024 0.0118055 0.024458 0.0146335 0.0166776 0.0971969 0.00409481 0.00318384 0.00316752 0.00316846 0 0.784767 0.00351962 0.00340585 0.00359182 0.00389546 0.00621408 0.00643721 0.00677084 0.00734952 0.00783493 0.0221843 0.0111295 0.0100525 0.0108486 0.00920649 0.00944501 0.00857749 0.0102252 0.0140899 0.0167044 0.0103226 0.0172292 0.00989851 0.00970405 0.0108593 0.00990468 0.00947222 0.00887987 0.0084647 0.00938704 0.0100657 0.0148713 0.00970685 0.00926439 0.0101353 0.010561 0.00912059 0.0114433 0.00907717 
0.00895079 0.00811936 0.0080559 0.00784847 0.00804738 0.00822955 0.00807528 0.00807754 0.00797813 0.00800274 0.00832515 0.00794907 0.00834987 0.00874682 0.00825919 0.0083959 0.00824211 0.00855482 0.00828827 0.00814771 0.00839832 0.00942039 0.0103363 0.0100869 0.00850537 0.00847317 0.00956652 0.0121336 0.00938404 0.00899897 0.0175184 0.00567356 0.00403459 0.00401015 0.00531148 0.784767 0 0.00328197 0.00317975 0.00481872 0.00346872 0.00349605 0.00366126 0.00455108 0.00745162 0.0100343 0.0101271 0.00840068 0.008192 0.00823105 0.00798019 0.00819227 0.00853906 0.00865273 0.0283148 0.0102107 0.0109683 0.0117193 0.00936431 0.00922638 0.00884205 0.00896464 0.00867985 0.00853755 0.00850442 0.010685 0.00882671 0.00971315 0.00868138 0.00886297 0.0114143 0.00842799 0.00903227 0.00945639 0.00897474 
0.00808755 0.00785491 0.00794865 0.00797541 0.00785135 0.00788745 0.00787689 0.00784848 0.00791522 0.00803353 0.0079178 0.00787826 0.00791753 0.00792685 0.00810511 0.00814026 0.00850743 0.00830776 0.00802862 0.00798541 0.00793992 0.0081097 0.00822251 0.0082574 0.00836832 0.00849574 0.00807331 0.0091819 0.00959376 0.009693 0.00896591 0.00521591 0.00457955 0.0153915 0.0528765 0.00351962 0.00328197 0 0.00314305 0.00316295 0.00322119 0.00320131 0.00340498 0.00344504 0.00377009 0.00386707 0.00651735 0.00804419 0.00804948 0.00741191 0.00785388 0.00779805 0.00828514 0.011856 0.0100647 0.00883352 0.00848233 0.00871622 0.0100436 0.00883939 0.00913134 0.00913366 0.0085372 0.00842222 0.0087414 0.00837146 0.00789184 0.00845876 0.0085624 0.00865249 0.00872642 0.00805154 0.00814283 0.00823847 0.00822149 
0.00790269 0.00791599 0.00821673 0.00802666 0.00795562 0.00782986 0.00790086 0.00800876 0.00802361 0.00812531 0.00806622 0.00786952 0.00792152 0.00803816 0.00810554 0.00896572 0.00877073 0.00843109 0.00837559 0.0079451 0.00817024 0.00799224 0.00806093 0.0080154 0.00876149 0.00843982 0.00845616 0.00857062 0.00939649 0.00887903 0.00914169 0.00524279 0.0208108 0.0321807 0.00389456 0.00340585 0.00317975 0.00314305 0 0.00323043 0.00316527 0.00322423 0.00329718 0.00324303 0.00321942 0.00336441 0.00638538 0.00731722 0.00756563 0.00834688 0.007619 0.00851353 0.00871425 0.0122457 0.0097184 0.00831465 0.00822853 0.00873614 0.00882303 0.0102383 0.00976566 0.0094989 0.0091602 0.00881437 0.00862329 0.00856198 0.00797012 0.00846367 0.0088395 0.00872889 0.00860808 0.00804969 0.00813383 0.00803987 0.00797524 
0.00789418 0.00791663 0.00818898 0.0082818 0.00794176 0.00788935 0.00787859 0.00790951 0.00807313 0.00836513 0.0079695 0.00789 0.0079026 0.00797669 0.00836887 0.00913437 0.00948617 0.00882319 0.00831167 0.00803811 0.00801644 0.0080148 0.00800834 0.00818533 0.00839902 0.00860082 0.00834762 0.00878722 0.00945647 0.0107095 0.00911188 0.0236494 0.0471744 0.0158877 0.00411051 0.00359182 0.00481872 0.00316295 0.00323043 0 0.00347774 0.00320068 0.00325089 0.00325322 0.00320555 0.00332365 0.00646439 0.00694482 0.00853883 0.00816578 0.00874576 0.0098925 0.011914 0.0100337 0.00832969 0.00839307 0.00831358 0.00875596 0.00981141 0.01025 0.013199 0.0105497 0.00991998 0.010175 0.00882125 0.00855382 0.00791956 0.00855659 0.00908821 0.00922555 0.00878154 0.00804573 0.00814639 0.00805819 0.00801239 
0.00794619 0.00816624 0.00844394 0.0084938 0.0080794 0.00789511 0.00791203 0.00805545 0.00848956 0.00862723 0.00821172 0.00795801 0.00794328 0.00814425 0.00865831 0.010038 0.0108613 0.00894366 0.00903786 0.00804752 0.00818652 0.00800463 0.0080507 0.00903144 0.00853665 0.00938096 0.00842252 0.00947646 0.0103217 0.00954923 0.00925471 0.0536557 0.038226 0.00619626 0.018952 0.00389546 0.00346872 0.00322119 0.00316527 0.00347774 0 0.00316403 0.00318602 0.00318744 0.00317224 0.00325362 0.00668176 0.00853946 0.008823 0.011026 0.00983462 0.0109368 0.0131579 0.00855809 0.00821126 0.00860846 0.00838068 0.00956154 0.0106667 0.016526 0.0137752 0.0193621 0.0125195 0.0101905 0.00895464 0.00868724 0.00797594 0.00909476 0.0103324 0.00949857 0.00903304 0.00815699 0.00815632 0.00809372 0.00830539 
0.00794231 0.0081625 0.00924754 0.00898446 0.00852814 0.00792528 0.00794151 0.00867597 0.00873766 0.00970895 0.00864248 0.00801335 0.00817325 0.00875565 0.00961678 0.0171699 0.0169781 0.0117749 0.00979894 0.0084254 0.00858806 0.00829306 0.00834148 0.00876671 0.0163564 0.00932093 0.00976368 0.011402 0.015337 0.0131268 0.0138891 0.0342022 0.00735706 0.0224802 0.00639822 0.00621408 0.00349605 0.00320131 0.00322423 0.00320068 0.00316403 0 0.00316897 0.00318362 0.00321043 0.00319628 0.0081701 0.00914109 0.0110399 0.014774 0.0168001 0.0180941 0.0099166 0.010488 0.00955839 0.00928746 0.00897135 0.0117243 0.0178235 0.0275401 0.0446588 0.0211481 0.0214878 0.0124176 0.010223 0.0093654 0.00841744 0.0124591 0.0153724 0.0148131 0.00953068 0.00858365 0.00857031 0.00840961 0.00815931 
0.00792864 0.00848687 0.00967317 0.0106353 0.0092772 0.0079669 0.00801857 0.0088565 0.0107754 0.0118123 0.00964367 0.00815167 0.00828377 0.00932585 0.013103 0.0257152 0.03162 0.0153919 0.012072 0.00896953 0.00906519 0.00884561 0.00842978 0.0119011 0.012625 0.015996 0.0105751 0.0151954 0.0234713 0.021843 0.0182849 0.0123414 0.0275915 0.0075437 0.00902526 0.00643721 0.00366126 0.00340498 0.00329718 0.00325089 0.00318602 0.00316897 0 0.00316814 0.00322075 0.00319109 0.00882098 0.0157673 0.0179287 0.0198185 0.0171527 0.0136453 0.0106681 0.0130682 0.00978357 0.00967385 0.0102091 0.0145944 0.0237695 0.0589983 0.0559124 0.0561844 0.0221953 0.0178918 0.0138821 0.0104499 0.00882466 0.0159703 0.0297323 0.0226725 0.012111 0.00917216 0.00907059 0.00865384 0.00822889 
0.0079838 0.00902504 0.010463 0.0110407 0.00940773 0.00824376 0.00828548 0.00892352 0.012029 0.0133087 0.00960379 0.00833143 0.00850081 0.0095857 0.0151226 0.033363 0.0369382 0.0189598 0.0148827 0.00947809 0.01009 0.00857495 0.00849342 0.00989566 0.0178654 0.0166555 0.0120173 0.0147182 0.0358697 0.0343602 0.0177892 0.0401803 0.00812894 0.0116213 0.00862776 0.00677084 0.00455108 0.00344504 0.00324303 0.00325322 0.00318744 0.00318362 0.00316814 0 0.00316921 0.00316961 0.00627604 0.0147926 0.0203768 0.023943 0.0146783 0.0110324 0.0171027 0.0104909 0.01018 0.0101264 0.0105832 0.0125208 0.0304502 0.0651957 0.101096 0.0592294 0.034638 0.024902 0.015921 0.0105695 0.00894083 0.0140915 0.0369155 0.0252677 0.0128331 0.00963077 0.00921391 0.00887581 0.00835864 
0.00796295 0.00837094 0.00920465 0.00944492 0.00855573 0.00822239 0.00805974 0.00855302 0.00935465 0.0126652 0.00891961 0.00850036 0.00852209 0.00959276 0.0102394 0.0119157 0.0154753 0.0171787 0.0100005 0.00980112 0.00923803 0.00878941 0.00878596 0.0100379 0.0119659 0.0180814 0.010936 0.0128727 0.0241994 0.0361105 0.0156032 0.011601 0.0145263 0.00753916 0.00905306 0.00734952 0.00745162 0.00377009 0.00321942 0.00320555 0.00317224 0.00321043 0.00322075 0.00316921 0 0.00325635 0.0105384 0.0325956 0.0274838 0.0129299 0.00914088 0.0102132 0.00927039 0.0172244 0.00853785 0.0128235 0.0141031 0.014476 0.0185001 0.0246184 0.0256717 0.0292294 0.0163278 0.0119417 0.0182968 0.0107306 0.00973629 0.012844 0.0150837 0.0261654 0.0105074 0.0103056 0.00971548 0.00927182 0.00841645 
0.00860872 0.00996554 0.0086563 0.00843802 0.00879374 0.00963743 0.00892401 0.0101519 0.00891482 0.00868324 0.00999287 0.00978355 0.00861821 0.0140817 0.0090934 0.0094365 0.00974009 0.0102581 0.0110728 0.0106988 0.00984074 0.0108218 0.0121671 0.0147099 0.00974177 0.0101874 0.0139607 0.0300912 0.0123566 0.0124335 0.037815 0.031416 0.00860605 0.00729732 0.00725253 0.00783493 0.0100343 0.00386707 0.00336441 0.00332365 0.00325362 0.00319628 0.00319109 0.00316961 0.00325635 0 0.0202196 0.0219945 0.00938039 0.00714055 0.00756144 0.00701262 0.00783761 0.00825112 0.0110135 0.0161677 0.0196909 0.0210775 0.012682 0.0123622 0.0140912 0.0141883 0.0105992 0.00992946 0.00930379 0.0114945 0.0127742 0.0194528 0.0121866 0.0105728 0.014643 0.0139458 0.0108476 0.0125637 0.0097949 
0.00914718 0.00889065 0.00903076 0.00919015 0.00997709 0.00886068 0.00868447 0.0106647 0.00876075 0.00995996 0.0109722 0.00844793 0.00993471 0.011869 0.00999566 0.01246 0.0111445 0.0109901 0.0128596 0.00975045 0.0119459 0.0119405 0.0136313 0.0131226 0.0150193 0.0102804 0.018762 0.0338895 0.0163944 0.0130963 0.0282237 0.0208175 0.0111845 0.0114882 0.00913358 0.0221843 0.0101271 0.00651735 0.00638538 0.00646439 0.00668176 0.0081701 0.00882098 0.00627604 0.0105384 0.0202196 0 0.00323658 0.00321598 0.00320935 0.00319833 0.00326443 0.00333786 0.00433128 0.00697169 0.0192703 0.0153895 0.384378 0.0240525 0.0322531 0.0204589 0.0161411 0.0156941 0.0116785 0.0115842 0.0247946 0.0167283 0.0594867 0.0212077 0.0161406 0.0233819 0.0135959 0.0164274 0.0150765 0.0102301 
0.00811677 0.00904679 0.0106141 0.0114836 0.00979747 0.00822446 0.00835643 0.00952733 0.0126872 0.0139329 0.00984634 0.00843919 0.00888564 0.00981283 0.0170175 0.0210218 0.0269043 0.0186008 0.0108914 0.0104883 0.0103092 0.00926772 0.00892802 0.0126155 0.0199112 0.019898 0.0107409 0.0322746 0.0487017 0.0287975 0.0146481 0.014967 0.0237628 0.0127653 0.021307 0.0111295 0.00840068 0.00804419 0.00731722 0.00694482 0.00853946 0.00914109 0.0157673 0.0147926 0.0325956 0.0219945 0.00323658 0 0.00323072 0.00320829 0.00322203 0.00321958 0.0036626 0.00443821 0.00443119 0.0179153 0.0151377 0.0313576 0.500884 0.0296171 0.079094 0.0336498 0.0231468 0.0164755 0.0319697 0.0120344 0.0107678 0.0354831 0.0779093 0.0374287 0.0144354 0.0130201 0.0115408 0.0105319 0.00865013 
0.00801197 0.00883645 0.0113188 0.0121672 0.0096571 0.0080925 0.00815512 0.00889047 0.0130726 0.0134504 0.00958415 0.00831958 0.00853557 0.00913194 0.0152242 0.0338477 0.046258 0.0209343 0.0144794 0.00960315 0.0101858 0.00851567 0.00841766 0.0103835 0.0175926 0.0227741 0.0119615 0.0155925 0.0469204 0.0291304 0.0144735 0.0110301 0.014496 0.0190287 0.0136434 0.0100525 0.008192 0.00804948 0.00756563 0.00853883 0.008823 0.0110399 0.0179287 0.0203768 0.0274838 0.00938039 0.00321598 0.00323072 0 0.00317875 0.00317919 0.00318927 0.00332176 0.00334316 0.00340907 0.00859725 0.00847992 0.025669 0.0270917 0.452098 0.0504776 0.123499 0.0245425 0.0523171 0.0184781 0.011561 0.00945444 0.0193997 0.06571 0.0426128 0.0165779 0.0102994 0.00971356 0.00915814 0.00837872 
