1PUGA
MKQAQQMQEKMQKMQEEIAQLEVTGESGAGLVKVTINGAHNCRRVEIDPSLLEDDKEMLEDLVAAAFNDAARRIEETQKEKMASVSSGMQLPPG
CCCCCCCHHHHHHHHHHHHCCEEEEEEHHHCEEEEEECCCCEEEEEECCHHHHCCHHHHHHHHHHHHHHHHHHHHHHHHHHHHHHHHCCCCCCC
0 0 0 0 0 0 0 0 0 0 0 0 0 0 0 0 0 0 0 0 0 0 0 0 0 0 0 0 0 0 0 0 0 0 0 0 0 0 0 0 0 0 0 0 0 0 0 0 0 0 0 0 0 0 0 0 0 0 0 0 0 0 0 0 0 0 0 0 0 0 0 0 0 0 0 0 0 0 0 0 0 0 0 0 0 0 0 0 0 0 0 0 0 0 
0 0 0 0 0 0 0 0 0 0 0 0 0 0 0 0 0 0 0 0 0 0 0 0 0 0 0 0 0 0 0 0 0 0 0 0 0 0 0 0 0 0 0 0 0 0 0 0 0 0 0 0 0 0 0 0 0 0 0 0 0 0 0 0 0 0 0 0 0 0 0 0 0 0 0 0 0 0 0 0 0 0 0 0 0 0 0 0 0 0 0 0 0 0 
0 0.00320829 0.00345837 0.00318385 0.00524053 0.00539115 0.00539194 0.0166171 0.00655115 0.0201739 0.0132491 0.91959 0.00798744 0.00940434 0.0108604 0.00798385 0.0310379 0.0126927 
0.00320829 0 0.00315991 0.00344836 0.00322085 0.00517748 0.00974468 0.00616488 0.0273272 0.00922001 0.963066 0.00779402 0.012055 0.00870557 0.0080372 0.061704 0.00882203 0.0498588 
0.00345837 0.00315991 0 0.00318109 0.00323255 0.00315603 0.0037582 0.0104769 0.00685458 0.975051 0.00715605 0.00974923 0.00693918 0.00844142 0.0155148 0.00785247 0.0474842 0.00826285 
0.00318385 0.00344836 0.00318109 0 0.00315404 0.00319002 0.00474032 0.00598565 0.978931 0.00700998 0.0105464 0.00613012 0.00899385 0.00863398 0.0080954 0.0396624 0.00814863 0.0252021 
0.00524053 0.00322085 0.00323255 0.00315404 0 0.00313842 0.00432434 0.982426 0.00410377 0.00668664 0.00543304 0.00685737 0.00605616 0.00868965 0.00850681 0.00705738 0.0176677 0.0077981 
0.00539115 0.00517748 0.00315603 0.00319002 0.00313842 0 0.979005 0.00352389 0.00339504 0.00356383 0.00418495 0.0046803 0.0156735 0.00631792 0.00568129 0.00758875 0.0064862 0.0104122 
0.00539194 0.00974468 0.0037582 0.00474032 0.00432434 0.979005 0 0.00320383 0.00330413 0.00320175 0.00355434 0.00385043 0.0081724 0.00566738 0.00623433 0.011774 0.00823037 0.940306 
0.0166171 0.00616488 0.0104769 0.00598565 0.982426 0.00352389 0.00320383 0 0.00316662 0.00327408 0.0036934 0.00350687 0.00447073 0.00740896 0.012487 0.00727744 0.951997 0.0145134 
0.00655115 0.0273272 0.00685458 0.978931 0.00410377 0.00339504 0.00330413 0.00316662 0 0.00320331 0.003283 0.00321045 0.00901248 0.00545441 0.00747694 0.917163 0.00860374 0.0166586 
0.0201739 0.00922001 0.975051 0.00700998 0.00668664 0.00356383 0.00320175 0.00327408 0.00320331 0 0.00316666 0.00325447 0.00359191 0.0128694 0.849348 0.00906499 0.0161623 0.00662151 
0.0132491 0.963066 0.00715605 0.0105464 0.00543304 0.00418495 0.00355434 0.0036934 0.003283 0.00316666 0 0.00334721 0.108161 0.442523 0.0128843 0.0131523 0.00712952 0.0108105 
0.91959 0.00779402 0.00974923 0.00613012 0.00685737 0.0046803 0.00385043 0.00350687 0.00321045 0.00325447 0.00334721 0 0.3692 0.00733558 0.00619018 0.00376739 0.00805472 0.00707237 
0.00798744 0.012055 0.00693918 0.00899385 0.00605616 0.0156735 0.0081724 0.00447073 0.00901248 0.00359191 0.108161 0.3692 0 0.00330583 0.00318883 0.00387667 0.00327887 0.0145744 
0.00940434 0.00870557 0.00844142 0.00863398 0.00868965 0.00631792 0.00566738 0.00740896 0.00545441 0.0128694 0.442523 0.00733558 0.00330583 0 0.00318376 0.00318423 0.0037421 0.00353437 
0.0108604 0.0080372 0.0155148 0.0080954 0.00850681 0.00568129 0.00623433 0.012487 0.00747694 0.849348 0.0128843 0.00619018 0.00318883 0.00318376 0 0.00315067 0.00323703 0.00318723 
0.00798385 0.061704 0.00785247 0.0396624 0.00705738 0.00758875 0.011774 0.00727744 0.917163 0.00906499 0.0131523 0.00376739 0.00387667 0.00318423 0.00315067 0 0.00314692 0.00451886 
0.0310379 0.00882203 0.0474842 0.00814863 0.0176677 0.0064862 0.00823037 0.951997 0.00860374 0.0161623 0.00712952 0.00805472 0.00327887 0.0037421 0.00323703 0.00314692 0 0.00318118 
0.0126927 0.0498588 0.00826285 0.0252021 0.0077981 0.0104122 0.940306 0.0145134 0.0166586 0.00662151 0.0108105 0.00707237 0.0145744 0.00353437 0.00318723 0.00451886 0.00318118 0 
