1QJIA
AAILGDEYLWSGGVIPYTFAGVSGADQSAILSGMQELEEKTCIRFVPRTTESDYVEIFTSGSGCWSYVGRISGAQQVSLQANGCVYHGTIIHELMHAIGFYHEHTRMDRDNYVTINYQNVDPSMTSNFDIDTYSRYVGEDYQYYSIMHYGKYSFSIQWGVLETIVPLQNGIDLTDPYDKAHMLQTDANQINNLYTNECSL
CECCCHHHCCHHHEEEEEECCCCHHHHHHHHHHHHHHHHHCCCEEEECCCCCCEEEEECCCCCEEECCCCCCCEEEEEECCCCCCCHHHHHHHHHHHHCECCHHHCCCHHHCEEECHHHECHHHHHHHCCCCCCECCCCCCCCCCCCCCCCCCCECCCCCCCCEEECCCCCCCCCHHHCCCCCHHHHHHHHHHCCCCCCC
0 0 0 0 0 0 0 0 0 0 0 0 0 0 0 0 0 0 0 0 0 0 0 0 0 0 0 0 0 0 0 0 0 0 0 0 0 0 0 0 0 0 0 0 0 0 0 0 0 0 0 0 0 0 0 0 0 0 0 0 0 0 0 0 0 0 0 0 0 0 0 0 0 0 0 0 0 0 0 0 0 0 0 0 0 0 0 0 0 0 0 0 0 0 0 0 0 0 0 0 0 0 0 0 0 0 0 0 0 0 0 0 0 0 0 0 0 0 0 0 0 0 0 0 0 0 0 0 0 0 0 0 0 0 0 0 0 0 0 0 0 0 0 0 0 0 0 0 0 0 0 0 0 0 0 0 0 0 0 0 0 0 0 0 0 0 0 0 0 0 0 0 0 0 0 0 0 0 0 0 0 0 0 0 0 0 0 0 0 0 0 0 0 0 0 0 0 0 0 0 
0 0 0 0 0 0 0 0 0 0 0 0 0 0 0 0 0 0 0 0 0 0 0 0 0 0 0 0 0 0 0 0 0 0 0 0 0 0 0 0 0 0 0 0 0 0 0 0 0 0 0 0 0 0 0 0 0 0 0 0 0 0 0 0 0 0 0 0 0 0 0 0 0 0 0 0 0 0 0 0 0 0 0 0 0 0 0 0 0 0 0 0 0 0 0 0 0 0 0 0 0 0 0 0 0 0 0 0 0 0 0 0 0 0 0 0 0 0 0 0 0 0 0 0 0 0 0 0 0 0 0 0 0 0 0 0 0 0 0 0 0 0 0 0 0 0 0 0 0 0 0 0 0 0 0 0 0 0 0 0 0 0 0 0 0 0 0 0 0 0 0 0 0 0 0 0 0 0 0 0 0 0 0 0 0 0 0 0 0 0 0 0 0 0 0 0 0 0 0 0 
0 0.0411889 0.0105427 0.0166688 0.0110721 0.0149169 0.0473941 0.0282352 0.0164378 0.0102773 0.01574 0.0308612 0.0159558 0.0105149 0.0126807 0.0243489 0.0177573 0.00919162 0.0124778 0.0160101 0.00966018 0.00865865 0.00946495 0.0102879 0.0144642 0.0548672 0.0153617 0.00973704 0.0106059 0.0209778 0.0120897 0.0221095 0.0116888 0.00826251 0.00891216 
0.0411889 0 0.00320338 0.00320926 0.00321637 0.00326494 0.00367881 0.102131 0.0104283 0.0114841 0.0176795 0.0154602 0.00955445 0.0115405 0.0101307 0.0258027 0.00879247 0.00878847 0.0112477 0.00876755 0.00839268 0.00930539 0.00874736 0.0143528 0.0127569 0.00945423 0.00825744 0.00903192 0.0103658 0.00908801 0.0082437 0.00861401 0.00801229 0.00799345 0.00855038 
0.0105427 0.00320338 0 0.00315449 0.00318692 0.00332824 0.00332443 0.0119545 0.10266 0.00991415 0.00967828 0.00905867 0.026821 0.0102312 0.0262687 0.00936226 0.00851204 0.00868231 0.00900534 0.00829093 0.00942394 0.00854948 0.0140122 0.00988774 0.0101942 0.00817122 0.00858996 0.00837572 0.00906559 0.00832989 0.00778954 0.00785333 0.00808676 0.00816029 0.00804749 
0.0166688 0.00320926 0.00315449 0 0.00314895 0.00319902 0.00316452 0.0275494 0.0140873 0.0273154 0.00845792 0.0133707 0.00921545 0.0725329 0.00990767 0.0103604 0.00852781 0.00868108 0.00834079 0.00881823 0.00844084 0.0194342 0.0102861 0.0177344 0.00855231 0.00832686 0.0084573 0.00892836 0.00820694 0.00798879 0.00783369 0.00785922 0.00804422 0.00821236 0.00794452 
0.0110721 0.00321637 0.00318692 0.00314895 0 0.00317971 0.00327323 0.0120683 0.0564833 0.00952679 0.0273181 0.00927095 0.0399988 0.0107587 0.0263988 0.00930334 0.00877269 0.00845387 0.011144 0.00831428 0.0105598 0.00944021 0.0289308 0.00901624 0.0111066 0.00832598 0.009763 0.00855423 0.0109702 0.00835819 0.00785501 0.00800022 0.00829725 0.00824914 0.00821972 
0.0149169 0.00326494 0.00332824 0.00319902 0.00317971 0 0.00322355 0.0181049 0.0106197 0.0385684 0.00882533 0.0154191 0.00979637 0.022567 0.0102244 0.0109794 0.00877362 0.00979585 0.00827747 0.00910535 0.00858182 0.011818 0.00872571 0.0172023 0.00842082 0.00915089 0.00854024 0.0113621 0.00824424 0.00838026 0.00792325 0.00798223 0.00805482 0.00813694 0.00791152 
0.0473941 0.00367881 0.00332443 0.00316452 0.00327323 0.00322355 0 0.0124177 0.0154808 0.0100748 0.028587 0.0161521 0.0139473 0.00851885 0.0132739 0.0109349 0.0154171 0.00827162 0.00957138 0.011586 0.00970686 0.00821783 0.00925256 0.00833711 0.0119104 0.0104656 0.0152984 0.00798631 0.00908374 0.0104126 0.00853826 0.00883289 0.00925252 0.00789192 0.0079679 
0.0282352 0.102131 0.0119545 0.0275494 0.0120683 0.0181049 0.0124177 0 0.003278 0.00336546 0.00391044 0.0135981 0.00621051 0.0231826 0.0149038 0.111401 0.0083414 0.00899149 0.0104665 0.0157785 0.00839462 0.0172298 0.00864305 0.032153 0.0102873 0.0122495 0.00890609 0.0123111 0.00954628 0.00896088 0.0087928 0.00889158 0.00825601 0.00821444 0.00835292 
0.0164378 0.0104283 0.10266 0.0140873 0.0564833 0.0106197 0.0154808 0.003278 0 0.00329827 0.00318816 0.00541365 0.034142 0.0116188 0.0950286 0.00961238 0.00893185 0.00901438 0.0120318 0.00855813 0.0198802 0.00854292 0.0396892 0.00931595 0.0162754 0.00877416 0.0145561 0.00883485 0.0143306 0.0100249 0.00813521 0.00830663 0.00877431 0.00840738 0.00841392 
0.0102773 0.0114841 0.00991415 0.0273154 0.00952679 0.0385684 0.0100748 0.00336546 0.00329827 0 0.00323806 0.0130955 0.00780873 0.0733326 0.00708912 0.00735951 0.00849389 0.0140267 0.00736492 0.0114737 0.00849958 0.0154041 0.00842804 0.0196511 0.00832448 0.00922289 0.00894967 0.014211 0.00837954 0.00837594 0.00795909 0.00804128 0.00801622 0.00822077 0.00787564 
0.01574 0.0176795 0.00967828 0.00845792 0.0273181 0.00882533 0.028587 0.00391044 0.00318816 0.00323806 0 0.0294144 0.0643089 0.0050433 0.00625463 0.00735047 0.0132247 0.00730707 0.00759053 0.012194 0.0123893 0.00824044 0.00933642 0.00843613 0.0111031 0.0108372 0.0252191 0.00820209 0.00901307 0.0108994 0.00901088 0.00911863 0.00948453 0.00790635 0.00791082 
0.0308612 0.0154602 0.00905867 0.0133707 0.00927095 0.0154191 0.0161521 0.0135981 0.00541365 0.0130955 0.0294144 0 0.00320786 0.00317845 0.00329981 0.00438289 0.00541544 0.00741176 0.0224143 0.0527232 0.00862247 0.0128562 0.00863418 0.0309131 0.0173201 0.0149303 0.00985358 0.0137275 0.0177682 0.0113612 0.0100997 0.0108314 0.00903923 0.00910695 0.0107562 
0.0159558 0.00955445 0.026821 0.00921545 0.0399988 0.00979637 0.0139473 0.00621051 0.034142 0.00780873 0.0643089 0.00320786 0 0.00320305 0.0034604 0.00324077 0.00518931 0.00902557 0.0366132 0.0168166 0.045107 0.00849994 0.0562128 0.00975102 0.024704 0.00932519 0.0168244 0.00995654 0.0200709 0.0106001 0.00820072 0.00850367 0.00969678 0.00858303 0.00898266 
0.0105149 0.0115405 0.0102312 0.0725329 0.0107587 0.022567 0.00851885 0.0231826 0.0116188 0.0733326 0.0050433 0.00317845 0.00320305 0 0.00317126 0.00317274 0.00480753 0.0272787 0.0296226 0.00985715 0.00837356 0.120557 0.00944465 0.0605045 0.00880982 0.00949527 0.0089167 0.0309552 0.00899657 0.00839497 0.00800153 0.00800779 0.00855627 0.0090569 0.00820643 
0.0126807 0.0101307 0.0262687 0.00990767 0.0263988 0.0102244 0.0132739 0.0149038 0.0950286 0.00708912 0.00625463 0.00329981 0.0034604 0.00317126 0 0.0031773 0.0250588 0.0316375 0.0137861 0.00780159 0.0411588 0.00881479 0.0960189 0.013676 0.0214239 0.0102108 0.0155308 0.0120569 0.0142104 0.0100519 0.00818029 0.00835088 0.00886524 0.0088213 0.00844299 
0.0243489 0.0258027 0.00936226 0.0103604 0.00930334 0.0109794 0.0109349 0.111401 0.00961238 0.00735951 0.00735047 0.00438289 0.00324077 0.00317274 0.0031773 0 0.0380046 0.0115009 0.00503862 0.039767 0.00877526 0.015495 0.00915453 0.0357781 0.0148025 0.0228244 0.0203616 0.0107139 0.0115176 0.0145813 0.0101157 0.0108894 0.0111941 0.0082658 0.00879985 
0.0177573 0.00879247 0.00851204 0.00852781 0.00877269 0.00877362 0.0154171 0.0083414 0.00893185 0.00849389 0.0132247 0.00541544 0.00518931 0.00480753 0.0250588 0.0380046 0 0.00323594 0.00368889 0.00560638 0.0172761 0.0153407 0.00984502 0.00841888 0.0911963 0.0109863 0.00983754 0.00851937 0.0269562 0.0102145 0.00865886 0.00935889 0.00839405 0.00811493 0.00993288 
0.00919162 0.00878847 0.00868231 0.00868108 0.00845387 0.00979585 0.00827162 0.00899149 0.00901438 0.0140267 0.00730707 0.00741176 0.00902557 0.0272787 0.0316375 0.0115009 0.00323594 0 0.00369655 0.0111542 0.0118874 0.00752857 0.00667466 0.0948221 0.00682562 0.00944358 0.00888314 0.0282604 0.00847719 0.00872432 0.00794821 0.00808438 0.00799471 0.00872324 0.00803173 
0.0124778 0.0112477 0.00900534 0.00834079 0.011144 0.00827747 0.00957138 0.0104665 0.0120318 0.00736492 0.00759053 0.0224143 0.0366132 0.0296226 0.0137861 0.00503862 0.00368889 0.00369655 0 0.0202108 0.00790339 0.00537533 0.033587 0.00625596 0.00899774 0.0113456 0.0300514 0.00832335 0.011604 0.0118344 0.00865275 0.00920931 0.0101002 0.00795574 0.00806828 
0.0160101 0.00876755 0.00829093 0.00881823 0.00831428 0.00910535 0.011586 0.0157785 0.00855813 0.0114737 0.012194 0.0527232 0.0168166 0.00985715 0.00780159 0.039767 0.00560638 0.0111542 0.0202108 0 0.00333195 0.00326676 0.00319319 0.00353218 0.00392825 0.0116464 0.00929037 0.0117838 0.0154891 0.00961442 0.00926742 0.0097188 0.00830131 0.00824818 0.00971146 
0.00966018 0.00839268 0.00942394 0.00844084 0.0105598 0.00858182 0.00970686 0.00839462 0.0198802 0.00849958 0.0123893 0.00862247 0.045107 0.00837356 0.0411588 0.00877526 0.0172761 0.0118874 0.00790339 0.00333195 0 0.00322332 0.00319019 0.00320533 0.00390214 0.00912039 0.011581 0.00912169 0.012443 0.0097227 0.00808088 0.00824548 0.00837371 0.008298 0.00846767 
0.00865865 0.00930539 0.00854948 0.0194342 0.00944021 0.011818 0.00821783 0.0172298 0.00854292 0.0154041 0.00824044 0.0128562 0.00849994 0.120557 0.00881479 0.015495 0.0153407 0.00752857 0.00537533 0.00326676 0.00322332 0 0.00314495 0.00318622 0.00317612 0.0102336 0.00931801 0.0195353 0.0088719 0.00917477 0.00803701 0.00801513 0.00820648 0.00851001 0.00807246 
0.00946495 0.00874736 0.0140122 0.0102861 0.0289308 0.00872571 0.00925256 0.00864305 0.0396892 0.00842804 0.00933642 0.00863418 0.0562128 0.00944465 0.0960189 0.00915453 0.00984502 0.00667466 0.033587 0.00319319 0.00319019 0.00314495 0 0.00314903 0.00317285 0.0104116 0.0311634 0.0097059 0.0178263 0.0102139 0.00809493 0.00821129 0.00928477 0.00831534 0.00868376 
0.0102879 0.0143528 0.00988774 0.0177344 0.00901624 0.0172023 0.00833711 0.032153 0.00931595 0.0196511 0.00843613 0.0309131 0.00975102 0.0605045 0.013676 0.0357781 0.00841888 0.0948221 0.00625596 0.00353218 0.00320533 0.00318622 0.00314903 0 0.00318748 0.0148206 0.0114961 0.141769 0.0102011 0.0104078 0.00897021 0.00884956 0.0087809 0.0121899 0.00826974 
0.0144642 0.0127569 0.0101942 0.00855231 0.0111066 0.00842082 0.0119104 0.0102873 0.0162754 0.00832448 0.0111031 0.0173201 0.024704 0.00880982 0.0214239 0.0148025 0.0911963 0.00682562 0.00899774 0.00392825 0.00390214 0.00317612 0.00317285 0.00318748 0 0.0440856 0.0708869 0.0103509 0.0650738 0.0211008 0.0109217 0.0116351 0.018018 0.00833877 0.00984818 
0.0548672 0.00945423 0.00817122 0.00832686 0.00832598 0.00915089 0.0104656 0.0122495 0.00877416 0.00922289 0.0108372 0.0149303 0.00932519 0.00949527 0.0102108 0.0228244 0.0109863 0.00944358 0.0113456 0.0116464 0.00912039 0.0102336 0.0104116 0.0148206 0.0440856 0 0.0190085 0.0162003 0.0258084 0.046513 0.0302728 0.042199 0.0103541 0.00929081 0.0124475 
0.0153617 0.00825744 0.00858996 0.0084573 0.009763 0.00854024 0.0152984 0.00890609 0.0145561 0.00894967 0.0252191 0.00985358 0.0168244 0.0089167 0.0155308 0.0203616 0.00983754 0.00888314 0.0300514 0.00929037 0.011581 0.00931801 0.0311634 0.0114961 0.0708869 0.0190085 0 0.00339767 0.0041735 0.00748387 0.0185434 0.0173535 0.0206175 0.00921103 0.101052 
0.00973704 0.00903192 0.00837572 0.00892836 0.00855423 0.0113621 0.00798631 0.0123111 0.00883485 0.014211 0.00820209 0.0137275 0.00995654 0.0309552 0.0120569 0.0107139 0.00851937 0.0282604 0.00832335 0.0117838 0.00912169 0.0195353 0.0097059 0.141769 0.0103509 0.0162003 0.00339767 0 0.00324694 0.00359974 0.0140526 0.0110729 0.00954907 0.190968 0.00844247 
0.0106059 0.0103658 0.00906559 0.00820694 0.0109702 0.00824424 0.00908374 0.00954628 0.0143306 0.00837954 0.00901307 0.0177682 0.0200709 0.00899657 0.0142104 0.0115176 0.0269562 0.00847719 0.011604 0.0154891 0.012443 0.0088719 0.0178263 0.0102011 0.0650738 0.0258084 0.0041735 0.00324694 0 0.0049375 0.0156454 0.0166469 0.11175 0.00865046 0.0113632 
0.0209778 0.00908801 0.00832989 0.00798879 0.00835819 0.00838026 0.0104126 0.00896088 0.0100249 0.00837594 0.0108994 0.0113612 0.0106001 0.00839497 0.0100519 0.0145813 0.0102145 0.00872432 0.0118344 0.00961442 0.0097227 0.00917477 0.0102139 0.0104078 0.0211008 0.046513 0.00748387 0.00359974 0.0049375 0 0.124192 0.128505 0.0178919 0.0106505 0.0198434 
0.0120897 0.0082437 0.00778954 0.00783369 0.00785501 0.00792325 0.00853826 0.0087928 0.00813521 0.00795909 0.00901088 0.0100997 0.00820072 0.00800153 0.00818029 0.0101157 0.00865886 0.00794821 0.00865275 0.00926742 0.00808088 0.00803701 0.00809493 0.00897021 0.0109217 0.0302728 0.0185434 0.0140526 0.0156454 0.124192 0 0.18322 0.0139423 0.0131756 0.013692 
0.0221095 0.00861401 0.00785333 0.00785922 0.00800022 0.00798223 0.00883289 0.00889158 0.00830663 0.00804128 0.00911863 0.0108314 0.00850367 0.00800779 0.00835088 0.0108894 0.00935889 0.00808438 0.00920931 0.0097188 0.00824548 0.00801513 0.00821129 0.00884956 0.0116351 0.042199 0.0173535 0.0110729 0.0166469 0.128505 0.18322 0 0.0196079 0.00964423 0.0170808 
0.0116888 0.00801229 0.00808676 0.00804422 0.00829725 0.00805482 0.00925252 0.00825601 0.00877431 0.00801622 0.00948453 0.00903923 0.00969678 0.00855627 0.00886524 0.0111941 0.00839405 0.00799471 0.0101002 0.00830131 0.00837371 0.00820648 0.00928477 0.0087809 0.018018 0.0103541 0.0206175 0.00954907 0.11175 0.0178919 0.0139423 0.0196079 0 0.00323739 0.00414588 
0.00826251 0.00799345 0.00816029 0.00821236 0.00824914 0.00813694 0.00789192 0.00821444 0.00840738 0.00822077 0.00790635 0.00910695 0.00858303 0.0090569 0.0088213 0.0082658 0.00811493 0.00872324 0.00795574 0.00824818 0.008298 0.00851001 0.00831534 0.0121899 0.00833877 0.00929081 0.00921103 0.190968 0.00865046 0.0106505 0.0131756 0.00964423 0.00323739 0 0.00333413 
0.00891216 0.00855038 0.00804749 0.00794452 0.00821972 0.00791152 0.0079679 0.00835292 0.00841392 0.00787564 0.00791082 0.0107562 0.00898266 0.00820643 0.00844299 0.00879985 0.00993288 0.00803173 0.00806828 0.00971146 0.00846767 0.00807246 0.00868376 0.00826974 0.00984818 0.0124475 0.101052 0.00844247 0.0113632 0.0198434 0.013692 0.0170808 0.00414588 0.00333413 0 
