1QYSA
DIQVQVNIDDNGKNFDYTYTVTTESELQKVLNELXDYIKKQGAKRVRISITARTKKEAEKFAAILIKVFAELGYNDINVTFDGDTVTVEGQL
CEEEEEEEECCCCEEEEEEEECCCCHHHHHHHHHHHHHHHHCCCEEEEEEECCCHHHHHHHHHHHHHHHHHCCCCEEEEEEECCEEEEEEEC
0 0 0 0 0 0 0 0 0 0 0 0 0 0 0 0 0 0 0 0 0 0 0 0 0 0 0 0 0 0 0 0 0 0 0 0 0 0 0 0 0 0 0 0 0 0 0 0 0 0 0 0 0 0 0 0 0 0 0 0 0 0 0 0 0 0 0 0 0 0 0 0 0 0 0 0 0 0 0 0 0 0 0 0 0 0 0 0 0 0 0 0 
0 0 0 0 0 0 0 0 0 0 0 0 0 0 0 0 0 0 0 0 0 0 0 0 0 0 0 0 0 0 0 0 0 0 0 0 0 0 0 0 0 0 0 0 0 0 0 0 0 0 0 0 0 0 0 0 0 0 0 0 0 0 0 0 0 0 0 0 0 0 0 0 0 0 0 0 0 0 0 0 0 0 0 0 0 0 0 0 0 0 0 0 
0 0.00332604 0.00360465 0.00333606 0.00401149 0.00388416 0.00951842 0.0101353 0.0113615 0.0339468 0.00705181 0.0342886 0.00964006 0.0586574 0.0274321 0.955139 0.0324144 0.110944 0.0117063 0.134756 0.0120057 0.0518048 0.0165325 0.0130607 0.0145697 0.00861794 0.0179283 0.00826343 0.012169 0.0106004 0.0100488 0.0357121 0.00938922 0.0300964 0.00860137 0.0283468 0.0118975 
0.00332604 0 0.00323516 0.00405056 0.00323696 0.00374186 0.00329692 0.00380512 0.00890298 0.00560777 0.0182028 0.00643455 0.0175266 0.00851097 0.951398 0.0235199 0.0231366 0.00986055 0.106385 0.00899403 0.0948436 0.00908972 0.0781293 0.00960228 0.00810605 0.0150932 0.00810553 0.0134754 0.00824046 0.0085149 0.014993 0.00883207 0.0354001 0.00823511 0.0243179 0.00810907 0.0122323 
0.00360465 0.00323516 0 0.00323296 0.00339856 0.00324699 0.00409435 0.00325025 0.00504274 0.0148309 0.00570637 0.0206686 0.00719722 0.948752 0.0174906 0.0246063 0.00937355 0.0818309 0.00916679 0.249777 0.00898604 0.167335 0.00858724 0.00834798 0.0119394 0.00834351 0.0275294 0.00819491 0.0118957 0.00812038 0.00823522 0.0306031 0.00877669 0.0730249 0.00835455 0.0246509 0.00839101 
0.00333606 0.00405056 0.00323296 0 0.00322463 0.00347759 0.00324103 0.00331702 0.00754599 0.00507775 0.0114269 0.0073273 0.939151 0.00986473 0.0252595 0.00712993 0.0155016 0.00881851 0.202535 0.00911308 0.394685 0.0087647 0.0171739 0.00901458 0.00818265 0.0247013 0.0083977 0.0166229 0.00802165 0.00843477 0.0123793 0.00871845 0.0987263 0.0083139 0.0433633 0.00829964 0.0114734 
0.00401149 0.00323696 0.00339856 0.00322463 0 0.00323154 0.00324526 0.00319727 0.00388109 0.0128488 0.00573996 0.934761 0.0148242 0.0269696 0.00710516 0.0157447 0.0098998 0.114491 0.00971342 0.578595 0.00948908 0.0720425 0.00894618 0.00824505 0.0185047 0.00850815 0.0299835 0.00828588 0.0122896 0.00815094 0.00835005 0.0487618 0.00891857 0.0999119 0.008859 0.018776 0.00873128 
0.00388416 0.00374186 0.00324699 0.00347759 0.00323154 0 0.00319747 0.00326682 0.0175829 0.00434693 0.976789 0.00897638 0.0112171 0.00624985 0.0175618 0.00665432 0.0282677 0.00873765 0.371742 0.00914198 0.156754 0.00971776 0.0199474 0.0107568 0.00832073 0.0204963 0.0086594 0.0146098 0.00813199 0.00852882 0.0178225 0.00857896 0.0882987 0.00893715 0.0288197 0.00836805 0.0117496 
0.00951842 0.00329692 0.00409435 0.00324103 0.00324526 0.00319747 0 0.00337927 0.00769662 0.974603 0.00529578 0.013024 0.00494058 0.0130237 0.00666238 0.0199883 0.0109803 0.230025 0.0087183 0.0533268 0.00872614 0.0741976 0.00873799 0.00824719 0.011527 0.00830787 0.011173 0.00834186 0.0103391 0.0081628 0.00897842 0.0330757 0.00868302 0.0207887 0.00843959 0.0131399 0.00848917 
0.0101353 0.00380512 0.00325025 0.00331702 0.00319727 0.00326682 0.00337927 0 0.992629 0.0097848 0.0180066 0.00374838 0.00633123 0.00528343 0.00752321 0.00857836 0.0949903 0.00873668 0.0108848 0.00848106 0.0110787 0.00860615 0.0195495 0.00977992 0.00810957 0.00844308 0.00812644 0.00861947 0.0079899 0.00877461 0.0144201 0.00870683 0.0094995 0.00814748 0.00880863 0.00825297 0.0113347 
0.0113615 0.00890298 0.00504274 0.00754599 0.00388109 0.0175829 0.00769662 0.992629 0 0.00541632 0.0035221 0.00316299 0.00435047 0.00337431 0.00723881 0.00493518 0.041376 0.00894636 0.0156493 0.00907154 0.0179942 0.00858144 0.0449479 0.00948892 0.00802078 0.00911358 0.00807386 0.00898529 0.00827414 0.0101595 0.0165266 0.00808368 0.0114208 0.00803566 0.00941717 0.00809186 0.0154919 
0.0339468 0.00560777 0.0148309 0.00507775 0.0128488 0.00434693 0.974603 0.0097848 0.00541632 0 0.00334163 0.00328366 0.00316226 0.00460594 0.00333086 0.00613947 0.0108115 0.0731763 0.00837255 0.0347496 0.00838301 0.0461146 0.0084139 0.00852754 0.00991587 0.00815962 0.0123126 0.00798556 0.0124034 0.00809014 0.00808609 0.0166458 0.00825532 0.0141663 0.00799931 0.0194173 0.00824825 
0.00705181 0.0182028 0.00570637 0.0114269 0.00573996 0.976789 0.00529578 0.0180066 0.0035221 0.00334163 0 0.00314672 0.00333203 0.00321876 0.00462878 0.00337525 0.0120346 0.00831184 0.0461211 0.0083976 0.0500062 0.0083394 0.0169354 0.0082275 0.00805349 0.0106583 0.00812174 0.0116238 0.00792265 0.00832486 0.00940098 0.00810469 0.0187181 0.00799345 0.0232332 0.00814579 0.017304 
0.0342886 0.00643455 0.0206686 0.0073273 0.934761 0.00897638 0.013024 0.00374838 0.00316299 0.00328366 0.00314672 0 0.0031605 0.00324924 0.0031971 0.00361305 0.0112012 0.0323339 0.00858567 0.0893549 0.0087269 0.0257789 0.00857076 0.00808904 0.00937694 0.00822327 0.0142494 0.00817595 0.00929054 0.00798865 0.00816848 0.0140553 0.00831435 0.0326315 0.0084395 0.0121809 0.00827549 
0.00964006 0.0175266 0.00719722 0.939151 0.0148242 0.0112171 0.00494058 0.00633123 0.00435047 0.00316226 0.00333203 0.0031605 0 0.00335495 0.00344647 0.00329006 0.0222177 0.00873153 0.0936394 0.00940885 0.0486141 0.00884753 0.0164432 0.00867073 0.00818846 0.0135643 0.00826825 0.0119668 0.00799137 0.00873508 0.011176 0.00824538 0.0457764 0.0082718 0.0218413 0.00827316 0.0117021 
0.0586574 0.00851097 0.948752 0.00986473 0.0269696 0.00624985 0.0130237 0.00528343 0.00337431 0.00460594 0.00321876 0.00324924 0.00335495 0 0.00318658 0.0036462 0.0133457 0.111418 0.00917824 0.113096 0.0100725 0.0450603 0.00877107 0.00864924 0.0121427 0.00833002 0.0216289 0.00822998 0.0110288 0.0081393 0.00836634 0.0396937 0.00858993 0.046231 0.00838613 0.0176067 0.00824602 
0.0274321 0.951398 0.0174906 0.0252595 0.00710516 0.0175618 0.00666238 0.00752321 0.00723881 0.00333086 0.00462878 0.0031971 0.00344647 0.00318658 0 0.00321638 0.0525159 0.0118409 0.0931554 0.00986733 0.0899948 0.012623 0.03515 0.0110204 0.00853312 0.0163803 0.00860062 0.0127202 0.00847529 0.00931031 0.0264919 0.00900823 0.0432881 0.00842572 0.0232808 0.00847244 0.0157096 
0.955139 0.0235199 0.0246063 0.00712993 0.0157447 0.00665432 0.0199883 0.00857836 0.00493518 0.00613947 0.00337525 0.00361305 0.00329006 0.0036462 0.00321638 0 0.0207038 0.0469294 0.00928764 0.0584031 0.00942109 0.0570761 0.0187427 0.010828 0.0112624 0.00836907 0.0123631 0.00827688 0.0112448 0.00894928 0.0114211 0.0288191 0.00880075 0.0223299 0.00842371 0.0144396 0.00871771 
0.0324144 0.0231366 0.00937355 0.0155016 0.0098998 0.0282677 0.0109803 0.0949903 0.041376 0.0108115 0.0120346 0.0112012 0.0222177 0.0133457 0.0525159 0.0207038 0 0.00338149 0.0034358 0.00319647 0.003617 0.00386286 0.0101274 0.0632762 0.0100052 0.012187 0.00905987 0.0158343 0.00908244 0.0229776 0.0500147 0.0122259 0.023482 0.00897821 0.0129815 0.00893196 0.338326 
0.110944 0.00986055 0.0818309 0.00881851 0.114491 0.00873765 0.230025 0.00873668 0.00894636 0.0731763 0.00831184 0.0323339 0.00873153 0.111418 0.0118409 0.0469294 0.00338149 0 0.00316559 0.00337993 0.00316203 0.00690054 0.00338792 0.0341448 0.0836141 0.00862767 0.044233 0.00853809 0.037589 0.00890046 0.00947748 0.171547 0.00973179 0.0768714 0.00840659 0.441998 0.0100994 
0.0117063 0.106385 0.00916679 0.202535 0.00971342 0.371742 0.0087183 0.0108848 0.0156493 0.00837255 0.0461211 0.00858567 0.0936394 0.00917824 0.0931554 0.00928764 0.0034358 0.00316559 0 0.00320541 0.00335219 0.00320067 0.00377201 0.0333998 0.01125 0.108704 0.00861416 0.063554 0.00861852 0.0100777 0.0343742 0.00978194 0.248278 0.00929444 0.509372 0.00852684 0.0302875 
0.134756 0.00899403 0.249777 0.00911308 0.578595 0.00914198 0.0533268 0.00848106 0.00907154 0.0347496 0.0083976 0.0893549 0.00940885 0.113096 0.00986733 0.0584031 0.00319647 0.00337993 0.00320541 0 0.00315605 0.00321753 0.00319907 0.0167043 0.0645282 0.00910166 0.148619 0.00854852 0.0233998 0.00863529 0.00928885 0.117832 0.0101078 0.676719 0.00873412 0.0415877 0.00963328 
0.0120057 0.0948436 0.00898604 0.394685 0.00948908 0.156754 0.00872614 0.0110787 0.0179942 0.00838301 0.0500062 0.0087269 0.0486141 0.0100725 0.0899948 0.00942109 0.003617 0.00316203 0.00335219 0.00315605 0 0.00318026 0.00334207 0.0276283 0.0111201 0.106062 0.00872546 0.100987 0.00882931 0.0110978 0.0265724 0.0093182 0.574049 0.00916468 0.0969922 0.00863993 0.0337569 
0.0518048 0.00908972 0.167335 0.0087647 0.0720425 0.00971776 0.0741976 0.00860615 0.00858144 0.0461146 0.0083394 0.0257789 0.00884753 0.0450603 0.012623 0.0570761 0.00386286 0.00690054 0.00320067 0.00321753 0.00318026 0 0.00320096 0.0103145 0.0345476 0.00926029 0.0364112 0.0107475 0.10376 0.00920601 0.00950445 0.374276 0.0113695 0.0991681 0.00946653 0.0646554 0.00950523 
0.0165325 0.0781293 0.00858724 0.0171739 0.00894618 0.0199474 0.00873799 0.0195495 0.0449479 0.0084139 0.0169354 0.00857076 0.0164432 0.00877107 0.03515 0.0187427 0.0101274 0.00338792 0.00377201 0.00319907 0.00334207 0.00320096 0 0.0408411 0.00866813 0.0240046 0.00869218 0.0235664 0.00994357 0.0584994 0.200294 0.0102943 0.0389117 0.00944135 0.0270113 0.00942263 0.0766171 
0.0130607 0.00960228 0.00834798 0.00901458 0.00824505 0.0107568 0.00824719 0.00977992 0.00948892 0.00852754 0.0082275 0.00808904 0.00867073 0.00864924 0.0110204 0.010828 0.0632762 0.0341448 0.0333998 0.0167043 0.0276283 0.0103145 0.0408411 0 0.00468736 0.0037241 0.00339392 0.00392492 0.00376341 0.00569574 0.00582138 0.00572058 0.0067003 0.00575729 0.00669551 0.0142785 0.9533 
0.0145697 0.00810605 0.0119394 0.00818265 0.0185047 0.00832073 0.011527 0.00810957 0.00802078 0.00991587 0.00805349 0.00937694 0.00818846 0.0121427 0.00853312 0.0112624 0.0100052 0.0836141 0.01125 0.0645282 0.0111201 0.0345476 0.00866813 0.00468736 0 0.0031665 0.00322528 0.00348923 0.0082592 0.00339197 0.00432446 0.00761049 0.00545014 0.00831039 0.00707866 0.908381 0.0117572 
0.00861794 0.0150932 0.00834351 0.0247013 0.00850815 0.0204963 0.00830787 0.00844308 0.00911358 0.00815962 0.0106583 0.00822327 0.0135643 0.00833002 0.0163803 0.00836907 0.012187 0.00862767 0.108704 0.00910166 0.106062 0.00926029 0.0240046 0.0037241 0.0031665 0 0.00313491 0.00344335 0.00318247 0.00338641 0.00628794 0.00431724 0.0119839 0.0078001 0.944865 0.00670629 0.00957865 
0.0179283 0.00810553 0.0275294 0.0083977 0.0299835 0.0086594 0.011173 0.00812644 0.00807386 0.0123126 0.00812174 0.0142494 0.00826825 0.0216289 0.00860062 0.0123631 0.00905987 0.044233 0.00861416 0.148619 0.00872546 0.0364112 0.00869218 0.00339392 0.00322528 0.00313491 0 0.00317068 0.00335002 0.00318272 0.00341056 0.00799407 0.00532466 0.970005 0.00587264 0.00750831 0.00611591 
0.00826343 0.0134754 0.00819491 0.0166229 0.00828588 0.0146098 0.00834186 0.00861947 0.00898529 0.00798556 0.0116238 0.00817595 0.0119668 0.00822998 0.0127202 0.00827688 0.0158343 0.00853809 0.063554 0.00854852 0.100987 0.0107475 0.0235664 0.00392492 0.00348923 0.00344335 0.00317068 0 0.00320629 0.00335572 0.00991062 0.00419267 0.975714 0.00549472 0.0096553 0.00529923 0.00836218 
0.012169 0.00824046 0.0118957 0.00802165 0.0122896 0.00813199 0.0103391 0.0079899 0.00827414 0.0124034 0.00792265 0.00929054 0.00799137 0.0110288 0.00847529 0.0112448 0.00908244 0.037589 0.00861852 0.0233998 0.00882931 0.10376 0.00994357 0.00376341 0.0082592 0.00318247 0.00335002 0.00320629 0 0.00328847 0.00628207 0.990861 0.00428034 0.00886584 0.00380286 0.00677754 0.00612832 
0.0106004 0.0085149 0.00812038 0.00843477 0.00815094 0.00852882 0.0081628 0.00877461 0.0101595 0.00809014 0.00832486 0.00798865 0.00873508 0.0081393 0.00931031 0.00894928 0.0229776 0.00890046 0.0100777 0.00863529 0.0110978 0.00920601 0.0584994 0.00569574 0.00339197 0.00338641 0.00318272 0.00335572 0.00328847 0 0.99194 0.00360321 0.00381653 0.00333039 0.00375876 0.00386979 0.00722632 
0.0100488 0.014993 0.00823522 0.0123793 0.00835005 0.0178225 0.00897842 0.0144201 0.0165266 0.00808609 0.00940098 0.00816848 0.011176 0.00836634 0.0264919 0.0114211 0.0500147 0.00947748 0.0343742 0.00928885 0.0265724 0.00950445 0.200294 0.00582138 0.00432446 0.00628794 0.00341056 0.00991062 0.00628207 0.99194 0 0.00324416 0.0033841 0.00319806 0.00358706 0.00345629 0.0186001 
0.0357121 0.00883207 0.0306031 0.00871845 0.0487618 0.00857896 0.0330757 0.00870683 0.00808368 0.0166458 0.00810469 0.0140553 0.00824538 0.0396937 0.00900823 0.0288191 0.0122259 0.171547 0.00978194 0.117832 0.0093182 0.374276 0.0102943 0.00572058 0.00761049 0.00431724 0.00799407 0.00419267 0.990861 0.00360321 0.00324416 0 0.00329347 0.003451 0.00323579 0.0059024 0.00423978 
0.00938922 0.0354001 0.00877669 0.0987263 0.00891857 0.0882987 0.00868302 0.0094995 0.0114208 0.00825532 0.0187181 0.00831435 0.0457764 0.00858993 0.0432881 0.00880075 0.023482 0.00973179 0.248278 0.0101078 0.574049 0.0113695 0.0389117 0.0067003 0.00545014 0.0119839 0.00532466 0.975714 0.00428034 0.00381653 0.0033841 0.00329347 0 0.00321435 0.00331708 0.00320125 0.00422516 
0.0300964 0.00823511 0.0730249 0.0083139 0.0999119 0.00893715 0.0207887 0.00814748 0.00803566 0.0141663 0.00799345 0.0326315 0.0082718 0.046231 0.00842572 0.0223299 0.00897821 0.0768714 0.00929444 0.676719 0.00916468 0.0991681 0.00944135 0.00575729 0.00831039 0.0078001 0.970005 0.00549472 0.00886584 0.00333039 0.00319806 0.003451 0.00321435 0 0.00317972 0.00331014 0.00320958 
0.00860137 0.0243179 0.00835455 0.0433633 0.008859 0.0288197 0.00843959 0.00880863 0.00941717 0.00799931 0.0232332 0.0084395 0.0218413 0.00838613 0.0232808 0.00842371 0.0129815 0.00840659 0.509372 0.00873412 0.0969922 0.00946653 0.0270113 0.00669551 0.00707866 0.944865 0.00587264 0.0096553 0.00380286 0.00375876 0.00358706 0.00323579 0.00331708 0.00317972 0 0.00315305 0.00333858 
0.0283468 0.00810907 0.0246509 0.00829964 0.018776 0.00836805 0.0131399 0.00825297 0.00809186 0.0194173 0.00814579 0.0121809 0.00827316 0.0176067 0.00847244 0.0144396 0.00893196 0.441998 0.00852684 0.0415877 0.00863993 0.0646554 0.00942263 0.0142785 0.908381 0.00670629 0.00750831 0.00529923 0.00677754 0.00386979 0.00345629 0.0059024 0.00320125 0.00331014 0.00315305 0 0.00324711 
0.0118975 0.0122323 0.00839101 0.0114734 0.00873128 0.0117496 0.00848917 0.0113347 0.0154919 0.00824825 0.017304 0.00827549 0.0117021 0.00824602 0.0157096 0.00871771 0.338326 0.0100994 0.0302875 0.00963328 0.0337569 0.00950523 0.0766171 0.9533 0.0117572 0.00957865 0.00611591 0.00836218 0.00612832 0.00722632 0.0186001 0.00423978 0.00422516 0.00320958 0.00333858 0.00324711 0 
