1R61B
AAMKVYDVTAPIYEGMPVYKNKPEKQPKRTTITNGYVTESRIDMDVHTGTHIDAPLHMVEGGATFETIPLNDLVGPCKLFDLTHVNDRITKDDIAHLDIQEGDFVLFKTKNSFEDAFHFEFIFVAEDAARYLADKQIRGVGIDALGIERAQEGHPTHKTLFSAGVIIIEGLRLKDVPEGRYFMVAAPLKLVGTDAAPARVLLFDR
CCCCEEECCCCECCCCCCHHHCHHHCCEEECCCCCCCCCCEEEEECCCCCEEECHHHCCCCCCCHHHCCHHHCEEEEEEEECCCCCCEECHHHHCCCCCCCCCEEEEECHHHHCCCCCCCCCEECHHHHHHHHHHCCCEEEECCCCCCCCCCCCHHHHHHHHCCCEEEECCCCCCCCCEEEEEEEEECCECCCCEEEEEEEEECC
0 0 0 0 0 0 0 0 0 0 0 0 0 0 0 0 0 0 0 0 0 0 0 0 0 0 0 0 0 0 0 0 0 0 0 0 0 0 0 0 0 0 0 0 0 0 0 0 0 0 0 0 0 0 0 0 0 0 0 0 0 0 0 0 0 0 0 0 0 0 0 0 0 0 0 0 0 0 0 0 0 0 0 0 0 0 0 0 0 0 0 0 0 0 0 0 0 0 0 0 0 0 0 0 0 0 0 0 0 0 0 0 0 0 0 0 0 0 0 0 0 0 0 0 0 0 0 0 0 0 0 0 0 0 0 0 0 0 0 0 0 0 0 0 0 0 0 0 0 0 0 0 0 0 0 0 0 0 0 0 0 0 0 0 0 0 0 0 0 0 0 0 0 0 0 0 0 0 0 0 0 0 0 0 0 0 0 0 0 0 0 0 0 0 0 0 0 0 0 0 0 0 0 0 0 
0 0 0 0 0 0 0 0 0 0 0 0 0 0 0 0 0 0 0 0 0 0 0 0 0 0 0 0 0 0 0 0 0 0 0 0 0 0 0 0 0 0 0 0 0 0 0 0 0 0 0 0 0 0 0 0 0 0 0 0 0 0 0 0 0 0 0 0 0 0 0 0 0 0 0 0 0 0 0 0 0 0 0 0 0 0 0 0 0 0 0 0 0 0 0 0 0 0 0 0 0 0 0 0 0 0 0 0 0 0 0 0 0 0 0 0 0 0 0 0 0 0 0 0 0 0 0 0 0 0 0 0 0 0 0 0 0 0 0 0 0 0 0 0 0 0 0 0 0 0 0 0 0 0 0 0 0 0 0 0 0 0 0 0 0 0 0 0 0 0 0 0 0 0 0 0 0 0 0 0 0 0 0 0 0 0 0 0 0 0 0 0 0 0 0 0 0 0 0 0 0 0 0 0 0 
0 0.00332329 0.00417963 0.00697902 0.0470381 0.00973687 0.0334658 0.0239232 0.00930412 0.0121487 0.00908614 0.0161355 0.0183892 0.00915813 0.021407 0.0107494 0.00836723 0.00855361 0.0085404 0.00946538 0.00932333 0.00892367 0.0123206 0.00895426 0.00980987 0.0102915 0.00875166 0.0088422 0.00864698 0.0110146 0.0089315 0.00924383 0.00864697 0.00811 0.00818717 0.0089018 0.00861578 0.00830311 0.00813918 0.00859423 0.00816801 0.00791979 0.00800567 0.00805465 0.00810263 0.00808735 0.00820482 0.00802189 0.00845883 0.00902059 0.0081931 0.00800283 0.00807594 0.00812989 0.00814082 0.00823325 0.00826385 0.00835751 0.00882465 
0.00332329 0 0.00322965 0.0102523 0.0104242 0.178602 0.0106183 0.00998777 0.0704906 0.00874828 0.0553619 0.00903329 0.010045 0.0855498 0.00960348 0.00881459 0.0181325 0.00819877 0.00983349 0.00897344 0.0101542 0.0177067 0.00858479 0.0086538 0.01025 0.00903065 0.0133332 0.00963901 0.013178 0.00869912 0.00872202 0.0093004 0.00859657 0.00954759 0.00845366 0.00850107 0.00850032 0.00858261 0.00870384 0.00808983 0.0078798 0.00813353 0.00809745 0.00822434 0.00843646 0.00849107 0.00836303 0.00834228 0.00803837 0.00848575 0.00803528 0.00836099 0.00822028 0.0083352 0.00838954 0.00853465 0.00858818 0.00871269 0.00829024 
0.00417963 0.00322965 0 0.00674282 0.0428755 0.00945928 0.0255302 0.0459163 0.00874521 0.0267425 0.0102457 0.0615974 0.0210007 0.00997437 0.0415336 0.0187178 0.00843175 0.0100604 0.00850139 0.0118343 0.0097366 0.0092266 0.016488 0.0102331 0.00869315 0.0116939 0.00908766 0.00989483 0.0094444 0.0102025 0.00907056 0.00862256 0.0089789 0.00827159 0.00846763 0.00863883 0.00930692 0.00854429 0.00820747 0.00839449 0.00798352 0.00797452 0.00804565 0.00813654 0.00830567 0.00824014 0.00827541 0.00806722 0.00812909 0.00817635 0.00821028 0.00807284 0.00808981 0.00805847 0.00814737 0.00842974 0.00829721 0.00832594 0.00830019 
0.00697902 0.0102523 0.00674282 0 0.0132645 0.0100962 0.0511123 0.0122918 0.0161445 0.00829957 0.0150462 0.0152594 0.0134924 0.0140999 0.0139055 0.0121148 0.00907657 0.0080956 0.00902951 0.00847887 0.00846697 0.0101539 0.0101198 0.0103903 0.0195725 0.0112451 0.00905991 0.00818769 0.00895194 0.0107414 0.0096247 0.0104131 0.00948611 0.00811363 0.00804908 0.00946942 0.00955645 0.00808682 0.00804522 0.00844625 0.00868886 0.00789522 0.00793388 0.007893 0.00795998 0.00797924 0.00801499 0.00800427 0.00841272 0.0137828 0.00825613 0.00795414 0.00789424 0.00800266 0.00792257 0.00802816 0.00804192 0.00814457 0.010303 
0.0470381 0.0104242 0.0428755 0.0132645 0 0.00369886 0.00369061 0.0138816 0.00747221 0.311038 0.00924006 0.0249431 0.0118603 0.0087307 0.0191358 0.0104995 0.00833476 0.00909673 0.0084929 0.00966473 0.00921728 0.00912436 0.0165362 0.00966662 0.0102677 0.00944791 0.00897799 0.00876848 0.00873729 0.0120919 0.00869121 0.00925057 0.00825946 0.00797687 0.00820284 0.00870536 0.00823733 0.00806795 0.00792727 0.00855579 0.00786828 0.00786732 0.0079047 0.00792413 0.00799653 0.00797725 0.0080298 0.00796704 0.00836155 0.00844413 0.00792205 0.00782424 0.00795795 0.00788427 0.00796974 0.00803606 0.00801737 0.0081366 0.00872909 
0.00973687 0.178602 0.00945928 0.0100962 0.00369886 0 0.00329172 0.00868716 0.403491 0.00761795 0.0302174 0.00675223 0.00886478 0.0503998 0.00840902 0.00882641 0.0103056 0.008368 0.00868812 0.0087915 0.00900394 0.0112874 0.00849659 0.00908356 0.00911107 0.00905419 0.00927412 0.00880589 0.00927359 0.00840152 0.00838683 0.00837532 0.00819773 0.00829358 0.00846223 0.00814673 0.00812283 0.00820632 0.00806383 0.00797896 0.00788214 0.00796733 0.00801007 0.00799234 0.00801988 0.00817629 0.00819073 0.00819262 0.00794245 0.00805202 0.00786438 0.00810247 0.00804902 0.00807257 0.00806447 0.00817204 0.00817069 0.0082075 0.00807788 
0.0334658 0.0106183 0.0255302 0.0511123 0.00369061 0.00329172 0 0.39435 0.00890506 0.00883418 0.00687093 0.00982909 0.0174369 0.00874722 0.0153778 0.017644 0.0085449 0.00836689 0.00878647 0.00875057 0.00904691 0.00881758 0.0099652 0.00976788 0.0100862 0.012883 0.00950871 0.00861713 0.00859609 0.00925888 0.00883405 0.00846882 0.00926871 0.00809317 0.00813464 0.00873424 0.00927361 0.00808863 0.00802289 0.00810657 0.0083323 0.00791601 0.00793599 0.00792363 0.00799961 0.00800482 0.0080009 0.00796895 0.00801389 0.00872137 0.00815539 0.0079274 0.00793367 0.00793893 0.00799202 0.00801188 0.00805377 0.00806636 0.0082538 
0.0239232 0.00998777 0.0459163 0.0122918 0.0138816 0.00868716 0.39435 0 0.00330586 0.00320691 0.00314424 0.00397071 0.00731711 0.00637291 0.0291935 0.0225961 0.00907646 0.0106852 0.00901448 0.0154769 0.0105665 0.0105158 0.0350434 0.0118936 0.0141014 0.0161478 0.0103252 0.0102045 0.00989046 0.020125 0.0102236 0.0125521 0.00959015 0.00829899 0.0086667 0.0114201 0.00889484 0.00840848 0.00827343 0.00956108 0.00791723 0.00795256 0.00799669 0.00817904 0.00823707 0.00836444 0.00837706 0.00817438 0.00902237 0.00898119 0.0084055 0.00794518 0.00810168 0.00815602 0.00823628 0.0081886 0.00833407 0.00850743 0.00941103 
0.00930412 0.0704906 0.00874521 0.0161445 0.00747221 0.403491 0.00890506 0.00330586 0 0.00318118 0.00318823 0.00316035 0.00556683 0.0242711 0.00741504 0.00976813 0.0284413 0.00866547 0.0292155 0.0108496 0.0141575 0.0354605 0.00907116 0.00867916 0.0132435 0.0100214 0.0292257 0.0158017 0.0200827 0.0101451 0.00915923 0.00939071 0.00908227 0.0119806 0.00924849 0.00946156 0.00867477 0.00956412 0.00985843 0.00835673 0.0079842 0.00813078 0.00889237 0.00881217 0.0104503 0.00939085 0.0101216 0.00889712 0.00846168 0.00861007 0.00817481 0.00852998 0.00866641 0.00950122 0.00884577 0.00993614 0.00927347 0.00929745 0.00869669 
0.0121487 0.00874828 0.0267425 0.00829957 0.311038 0.00761795 0.00883418 0.00320691 0.00318118 0 0.00313986 0.00318037 0.0189994 0.00772284 0.015875 0.0126076 0.00876994 0.0469142 0.0088733 0.0386362 0.0332143 0.00957337 0.0135818 0.0091684 0.00848147 0.0100633 0.0164602 0.0552799 0.0123802 0.00970051 0.00882418 0.00850981 0.00913166 0.00967885 0.0122692 0.00858771 0.00889808 0.0103167 0.00892119 0.00909748 0.00790981 0.00822595 0.00844623 0.00995476 0.00970175 0.0110514 0.00985846 0.00869316 0.0082276 0.00794686 0.00828616 0.00839616 0.00899464 0.00879433 0.0105152 0.00920703 0.00965827 0.00959744 0.00818084 
0.00908614 0.0553619 0.0102457 0.0150462 0.00924006 0.0302174 0.00687093 0.00314424 0.00318823 0.00313986 0 0.00316553 0.0123759 0.0419168 0.00446313 0.010212 0.0343438 0.00891846 0.0204699 0.0140081 0.0174756 0.0560259 0.00980675 0.00869506 0.0119173 0.011078 0.0242248 0.0182998 0.0409389 0.0104968 0.00921854 0.00966966 0.00981318 0.0121809 0.011454 0.0103426 0.00904848 0.00963006 0.0118035 0.00865307 0.00799114 0.00814462 0.008706 0.00860423 0.01009 0.00925524 0.00917104 0.0088531 0.00829136 0.00820345 0.00822951 0.00854818 0.00848927 0.00870083 0.00881169 0.00952402 0.00904902 0.00918745 0.00834208 
0.0161355 0.00903329 0.0615974 0.0152594 0.0249431 0.00675223 0.00982909 0.00397071 0.00316035 0.00318037 0.00316553 0 0.0224611 0.00658207 0.0120796 0.0465139 0.0093427 0.0105121 0.0102682 0.0148208 0.0120353 0.0104982 0.0441222 0.0127835 0.0107645 0.0162123 0.011382 0.0123459 0.012449 0.0195048 0.0110819 0.0102817 0.0101365 0.00881051 0.00982434 0.0106309 0.0103409 0.00857655 0.00853823 0.00938397 0.00802129 0.00796468 0.0080862 0.00818055 0.00853012 0.00844262 0.00879678 0.00825613 0.00831293 0.00843249 0.008811 0.00803507 0.00814921 0.00818288 0.00826582 0.00836946 0.00833055 0.00847431 0.00841186 
0.0183892 0.010045 0.0210007 0.0134924 0.0118603 0.00886478 0.0174369 0.00731711 0.00556683 0.0189994 0.0123759 0.0224611 0 0.00333154 0.00358258 0.0484336 0.0120921 0.0159022 0.0101074 0.0215449 0.0155887 0.0130489 0.0282476 0.0134581 0.0171505 0.0187068 0.0128534 0.0139136 0.0118902 0.021696 0.0117979 0.0133514 0.0119278 0.00934553 0.00937048 0.0127012 0.00954149 0.00900529 0.00863004 0.0105787 0.00800951 0.00795133 0.00808145 0.00825135 0.00842552 0.00853853 0.00868692 0.00846586 0.00975572 0.00911254 0.00865471 0.00807702 0.0082051 0.0082886 0.00837106 0.00849415 0.00861963 0.00894817 0.0105326 
0.00915813 0.0855498 0.00997437 0.0140999 0.0087307 0.0503998 0.00874722 0.00637291 0.0242711 0.00772284 0.0419168 0.00658207 0.00333154 0 0.00318729 0.011126 0.0731945 0.0111046 0.0221128 0.0149332 0.0191737 0.128407 0.0104406 0.0117645 0.015434 0.011797 0.0294893 0.0156724 0.0390849 0.0107442 0.0125341 0.0118139 0.0102999 0.0136586 0.0125391 0.0103264 0.00948028 0.0100884 0.0115104 0.00870501 0.00805874 0.00821152 0.00837617 0.00858969 0.00933627 0.00910669 0.00934272 0.0092229 0.00862934 0.0082692 0.00833995 0.00853174 0.00839226 0.00871161 0.00857553 0.00935909 0.00917965 0.0102507 0.00838803 
0.021407 0.00960348 0.0415336 0.0139055 0.0191358 0.00840902 0.0153778 0.0291935 0.00741504 0.015875 0.00446313 0.0120796 0.00358258 0.00318729 0 0.0321244 0.0101045 0.016188 0.0133287 0.0210087 0.0187249 0.0207952 0.157203 0.0152238 0.0190877 0.0228886 0.0128626 0.0146973 0.015951 0.026663 0.0159252 0.0148194 0.0149294 0.00996239 0.0112815 0.0157294 0.0117703 0.00964305 0.00900216 0.010423 0.00853434 0.00809986 0.00827695 0.00852618 0.00890232 0.00885343 0.00944528 0.00851949 0.00869165 0.00866218 0.0093233 0.00827234 0.00829704 0.00848855 0.00843843 0.00854264 0.00910622 0.00870637 0.0086639 
0.0107494 0.00881459 0.0187178 0.0121148 0.0104995 0.00882641 0.017644 0.0225961 0.00976813 0.0126076 0.010212 0.0465139 0.0484336 0.011126 0.0321244 0 0.00319815 0.00315623 0.00315587 0.00325465 0.00319413 0.00331274 0.0055462 0.00730213 0.015773 0.0266062 0.0129469 0.0112043 0.0119454 0.0349133 0.0126084 0.0186118 0.0120528 0.00956127 0.00970124 0.0157474 0.00958362 0.00910334 0.00894315 0.0137953 0.00800158 0.00794026 0.00820436 0.00856378 0.0086806 0.00881852 0.00919574 0.00870045 0.010918 0.0104719 0.00833248 0.00809051 0.00830961 0.00831524 0.00845528 0.00874415 0.00869116 0.00913581 0.0107184 
0.00836723 0.0181325 0.00843175 0.00907657 0.00833476 0.0103056 0.0085449 0.00907646 0.0284413 0.00876994 0.0343438 0.0093427 0.0120921 0.0731945 0.0101045 0.00319815 0 0.00314745 0.00314608 0.00321243 0.00341541 0.00429409 0.00319357 0.00637952 0.0105739 0.0122944 0.0348303 0.0150847 0.0203779 0.0106359 0.0101783 0.0100971 0.0103598 0.0169787 0.0107977 0.0101802 0.00900132 0.010554 0.0109756 0.0086822 0.00796452 0.00808876 0.00872617 0.00909249 0.0103607 0.00991634 0.0104861 0.00928554 0.00850604 0.00817882 0.00818699 0.00856019 0.0087056 0.00966151 0.00867609 0.0105016 0.0096418 0.0097314 0.00863269 
0.00855361 0.00819877 0.0100604 0.0080956 0.00909673 0.008368 0.00836689 0.0106852 0.00866547 0.0469142 0.00891846 0.0105121 0.0159022 0.0111046 0.016188 0.00315623 0.00314745 0 0.00313954 0.00316288 0.00314841 0.00312724 0.00334967 0.00556445 0.0056655 0.0129137 0.0145422 0.0344693 0.0135521 0.00938244 0.00929321 0.00866296 0.00974517 0.0115645 0.0127353 0.00912968 0.00920026 0.0113513 0.00947157 0.00860246 0.00787986 0.00812126 0.00854867 0.0110338 0.0115151 0.013463 0.0118402 0.00883928 0.0083164 0.00790663 0.0082894 0.00836026 0.00920638 0.00928294 0.0118294 0.00970589 0.0107948 0.00981852 0.00825846 
0.0085404 0.00983349 0.00850139 0.00902951 0.0084929 0.00868812 0.00878647 0.00901448 0.0292155 0.0088733 0.0204699 0.0102682 0.0101074 0.0221128 0.0133287 0.00315587 0.00314608 0.00313954 0 0.00315583 0.00315104 0.00318674 0.00320237 0.00536056 0.008611 0.0337547 0.0256745 0.0210879 0.0142583 0.0131827 0.0093373 0.00966538 0.0111869 0.0169322 0.010734 0.0108882 0.00943103 0.0120733 0.0116759 0.00890232 0.00804665 0.00822474 0.0102313 0.0102493 0.0167797 0.013765 0.0139129 0.00922979 0.00847766 0.00821784 0.0084528 0.00883828 0.00907223 0.0117507 0.0110465 0.0129506 0.0112573 0.0100683 0.0088613 
0.00946538 0.00897344 0.0118343 0.00847887 0.00966473 0.0087915 0.00875057 0.0154769 0.0108496 0.0386362 0.0140081 0.0148208 0.0215449 0.0149332 0.0210087 0.00325465 0.00321243 0.00316288 0.00315583 0 0.00315962 0.00317256 0.0031968 0.00626272 0.0069852 0.0241518 0.147843 0.0482945 0.0264278 0.0106444 0.0116966 0.00974655 0.0160442 0.0201797 0.0209704 0.0101331 0.0127657 0.0199281 0.0136909 0.009978 0.00809215 0.00885793 0.00996783 0.019104 0.0197918 0.0242285 0.0184526 0.0105448 0.00871899 0.00813798 0.00926547 0.00928987 0.0117663 0.0128099 0.0164356 0.0143447 0.0173796 0.0130692 0.00874109 
0.00932333 0.0101542 0.0097366 0.00846697 0.00921728 0.00900394 0.00904691 0.0105665 0.0141575 0.0332143 0.0174756 0.0120353 0.0155887 0.0191737 0.0187249 0.00319413 0.00341541 0.00314841 0.00315104 0.00315962 0 0.00316018 0.00316883 0.00626793 0.00813482 0.0255282 0.0355562 0.235957 0.0225427 0.0136453 0.0117245 0.0104312 0.0141642 0.0281968 0.0208961 0.0121162 0.0113898 0.0243767 0.0151805 0.0101154 0.00818786 0.00844488 0.0116336 0.0154481 0.0228938 0.0195531 0.0214122 0.0104529 0.0090217 0.00821178 0.00873882 0.00949821 0.0105603 0.0135961 0.0169682 0.0153331 0.0164498 0.0124432 0.00896756 
0.00892367 0.0177067 0.0092266 0.0101539 0.00912436 0.0112874 0.00881758 0.0105158 0.0354605 0.00957337 0.0560259 0.0104982 0.0130489 0.128407 0.0207952 0.00331274 0.00429409 0.00312724 0.00318674 0.00317256 0.00316018 0 0.00320973 0.0113092 0.080673 0.0148492 0.050999 0.0369566 0.212061 0.0157752 0.0145899 0.013843 0.0138843 0.0258251 0.0237242 0.0201815 0.0116981 0.0161437 0.0270414 0.0098272 0.00841941 0.00847406 0.00985193 0.0119673 0.0135993 0.0143696 0.0122233 0.0111744 0.00935496 0.00888081 0.00943042 0.00909846 0.00964371 0.0137647 0.0103652 0.0124948 0.0125426 0.0117739 0.00900566 
0.0123206 0.00858479 0.016488 0.0101198 0.0165362 0.00849659 0.0099652 0.0350434 0.00907116 0.0135818 0.00980675 0.0441222 0.0282476 0.0104406 0.157203 0.0055462 0.00319357 0.00334967 0.00320237 0.0031968 0.00316883 0.00320973 0 0.0858043 0.00649868 0.030839 0.0128317 0.0210453 0.0356587 0.122445 0.017278 0.0162151 0.0193457 0.0104286 0.0140464 0.0182625 0.0158848 0.0102157 0.00941013 0.0139802 0.00942892 0.00851893 0.00834539 0.00886707 0.00901381 0.00903456 0.0092094 0.00859459 0.00911171 0.00906234 0.0104283 0.00838178 0.00850077 0.00842846 0.00885065 0.00850637 0.00889699 0.00902298 0.00891513 
0.00895426 0.0086538 0.0102331 0.0103903 0.00966662 0.00908356 0.00976788 0.0118936 0.00867916 0.0091684 0.00869506 0.0127835 0.0134581 0.0117645 0.0152238 0.00730213 0.00637952 0.00556445 0.00536056 0.00626272 0.00626793 0.0113092 0.0858043 0 0.0046601 0.0198289 0.0187195 0.00994797 0.0149469 0.0170349 0.0350578 0.021966 0.0114178 0.009221 0.00950324 0.0113863 0.0100877 0.00902729 0.0089823 0.0103176 0.00808956 0.00807414 0.00794259 0.00825509 0.00814627 0.00838167 0.00825124 0.00839511 0.00921324 0.00959147 0.00831915 0.00810341 0.00800343 0.00807092 0.00832071 0.00818317 0.00833829 0.0087355 0.00962417 
0.00980987 0.01025 0.00869315 0.0195725 0.0102677 0.00911107 0.0100862 0.0141014 0.0132435 0.00848147 0.0119173 0.0107645 0.0171505 0.015434 0.0190877 0.015773 0.0105739 0.0056655 0.008611 0.0069852 0.00813482 0.080673 0.00649868 0.0046601 0 0.0196431 0.0171916 0.0107685 0.0226765 0.0260235 0.0227517 0.0400586 0.0177312 0.0101813 0.00956459 0.014647 0.0133068 0.00920652 0.0100777 0.00944414 0.00956728 0.00802428 0.00824558 0.00820766 0.0083272 0.00838539 0.00845113 0.00865642 0.00875316 0.0133871 0.00980706 0.00815611 0.008091 0.00831515 0.0081516 0.00832319 0.00830307 0.00908037 0.0102484 
0.0102915 0.00903065 0.0116939 0.0112451 0.00944791 0.00905419 0.012883 0.0161478 0.0100214 0.0100633 0.011078 0.0162123 0.0187068 0.011797 0.0228886 0.0266062 0.0122944 0.0129137 0.0337547 0.0241518 0.0255282 0.0148492 0.030839 0.0198289 0.0196431 0 0.00327351 0.00322764 0.00329585 0.00474985 0.0496919 0.0266974 0.17162 0.0183676 0.0149918 0.0246203 0.0285894 0.02014 0.0116324 0.0210335 0.00936516 0.00865901 0.0092426 0.0110194 0.0121745 0.0119718 0.0133552 0.0104992 0.0171864 0.0127905 0.0123407 0.00877513 0.00908744 0.00962971 0.0109201 0.0113883 0.0116179 0.012212 0.017168 
0.00875166 0.0133332 0.00908766 0.00905991 0.00897799 0.00927412 0.00950871 0.0103252 0.0292257 0.0164602 0.0242248 0.011382 0.0128534 0.0294893 0.0128626 0.0129469 0.0348303 0.0145422 0.0256745 0.147843 0.0355562 0.050999 0.0128317 0.0187195 0.0171916 0.00327351 0 0.00320721 0.00319495 0.00327685 0.0433625 0.0301675 0.0466507 0.247408 0.0297192 0.0163377 0.0355696 0.0580577 0.0329564 0.0124321 0.008806 0.00989639 0.0139208 0.0288188 0.0351146 0.036997 0.0317736 0.0241701 0.0103986 0.00972726 0.0122175 0.0170311 0.0139027 0.0240766 0.0217296 0.0305498 0.0353353 0.0275093 0.0108437 
0.0088422 0.00963901 0.00989483 0.00818769 0.00876848 0.00880589 0.00861713 0.0102045 0.0158017 0.0552799 0.0182998 0.0123459 0.0139136 0.0156724 0.0146973 0.0112043 0.0150847 0.0344693 0.0210879 0.0482945 0.235957 0.0369566 0.0210453 0.00994797 0.0107685 0.00322764 0.00320721 0 0.00317096 0.00318118 0.0181123 0.0152885 0.0289092 0.0568824 0.169344 0.0166696 0.014659 0.069698 0.0370096 0.0167126 0.00850039 0.0104894 0.0212973 0.0356893 0.0652037 0.0567953 0.0670703 0.0190239 0.0114716 0.00848697 0.0102374 0.0149829 0.0264586 0.0263483 0.0453894 0.0411306 0.0688138 0.0307989 0.0103492 
0.00864698 0.013178 0.0094444 0.00895194 0.00873729 0.00927359 0.00859609 0.00989046 0.0200827 0.0123802 0.0409389 0.012449 0.0118902 0.0390849 0.015951 0.0119454 0.0203779 0.0135521 0.0142583 0.0264278 0.0225427 0.212061 0.0356587 0.0149469 0.0226765 0.00329585 0.00319495 0.00317096 0 0.00320624 0.0310811 0.0380512 0.0217073 0.0530539 0.0769386 0.152988 0.0158544 0.0339742 0.0755301 0.019033 0.00907985 0.00944038 0.0108074 0.018546 0.0256875 0.031962 0.021396 0.0271662 0.0114839 0.00975881 0.0104327 0.0121944 0.0116547 0.0172846 0.0152357 0.022766 0.0203216 0.0283146 0.0103377 
0.0110146 0.00869912 0.0102025 0.0107414 0.0120919 0.00840152 0.00925888 0.020125 0.0101451 0.00970051 0.0104968 0.0195048 0.021696 0.0107442 0.026663 0.0349133 0.0106359 0.00938244 0.0131827 0.0106444 0.0136453 0.0157752 0.122445 0.0170349 0.0260235 0.00474985 0.00327685 0.00318118 0.00320624 0 0.0208572 0.0444568 0.0356334 0.0164481 0.0258997 0.0613819 0.025348 0.0132173 0.01355 0.0259564 0.0130672 0.00916222 0.00991185 0.00964746 0.0106616 0.0110679 0.0106614 0.00999802 0.0132766 0.0130432 0.01669 0.00902169 0.00918313 0.00989099 0.00975951 0.00966718 0.00970545 0.010947 0.01195 
0.0089315 0.00872202 0.00907056 0.0096247 0.00869121 0.00838683 0.00883405 0.0102236 0.00915923 0.00882418 0.00921854 0.0110819 0.0117979 0.0125341 0.0159252 0.0126084 0.0101783 0.00929321 0.0093373 0.0116966 0.0117245 0.0145899 0.017278 0.0350578 0.0227517 0.0496919 0.0433625 0.0181123 0.0310811 0.0208572 0 0.0052612 0.0338865 0.0359525 0.0435709 0.042827 0.0226509 0.0168362 0.0152268 0.0200063 0.00937297 0.00977071 0.00888049 0.0101995 0.0106091 0.0109129 0.0113855 0.0115412 0.01609 0.0179602 0.0113995 0.00987351 0.00878303 0.0091534 0.00982869 0.00990318 0.0110267 0.0132179 0.0143599 
0.00924383 0.0093004 0.00862256 0.0104131 0.00925057 0.00837532 0.00846882 0.0125521 0.00939071 0.00850981 0.00966966 0.0102817 0.0133514 0.0118139 0.0148194 0.0186118 0.0100971 0.00866296 0.00966538 0.00974655 0.0104312 0.013843 0.0162151 0.021966 0.0400586 0.0266974 0.0301675 0.0152885 0.0380512 0.0444568 0.0052612 0 0.0328307 0.0187864 0.0509386 0.0569147 0.0228629 0.0137638 0.0151233 0.0158286 0.0132514 0.0091909 0.00908214 0.00950886 0.0100196 0.0104031 0.0101804 0.0109344 0.0117071 0.0225004 0.0162321 0.00905658 0.00885334 0.00936957 0.00933884 0.00943346 0.00949169 0.0131896 0.0122393 
0.00864697 0.00859657 0.0089789 0.00948611 0.00825946 0.00819773 0.00926871 0.00959015 0.00908227 0.00913166 0.00981318 0.0101365 0.0119278 0.0102999 0.0149294 0.0120528 0.0103598 0.00974517 0.0111869 0.0160442 0.0141642 0.0138843 0.0193457 0.0114178 0.0177312 0.17162 0.0466507 0.0289092 0.0217073 0.0356334 0.0338865 0.0328307 0 0.00324807 0.00321374 0.00518422 0.72532 0.0275836 0.0230946 0.0329498 0.0145685 0.0104765 0.0113142 0.0149579 0.0181846 0.0204981 0.019865 0.0131809 0.0264493 0.0160364 0.0227918 0.012088 0.011126 0.0139447 0.0162953 0.0197786 0.019085 0.0182257 0.0255933 
0.00811 0.00954759 0.00827159 0.00811363 0.00797687 0.00829358 0.00809317 0.00829899 0.0119806 0.00967885 0.0121809 0.00881051 0.00934553 0.0136586 0.00996239 0.00956127 0.0169787 0.0115645 0.0169322 0.0201797 0.0281968 0.0258251 0.0104286 0.009221 0.0101813 0.0183676 0.247408 0.0568824 0.0530539 0.0164481 0.0359525 0.0187864 0.00324807 0 0.00336773 0.00319837 0.0782468 0.735074 0.0385505 0.0192421 0.00945522 0.0124967 0.017429 0.0235715 0.0359091 0.0291029 0.032978 0.0275359 0.0115254 0.0105019 0.0143586 0.0214217 0.0166247 0.0265569 0.0229564 0.0397232 0.0440168 0.0385548 0.0130711 
0.00818717 0.00845366 0.00846763 0.00804908 0.00820284 0.00846223 0.00813464 0.0086667 0.00924849 0.0122692 0.011454 0.00982434 0.00937048 0.0125391 0.0112815 0.00970124 0.0107977 0.0127353 0.010734 0.0209704 0.0208961 0.0237242 0.0140464 0.00950324 0.00956459 0.0149918 0.0297192 0.169344 0.0769386 0.0258997 0.0435709 0.0509386 0.00321374 0.00336773 0 0.0034651 0.0284906 0.0892372 0.70323 0.0315145 0.00914451 0.0134486 0.0130103 0.0245906 0.0260247 0.0286114 0.0338918 0.032177 0.0152515 0.00949494 0.0109155 0.0175166 0.015816 0.013814 0.028553 0.0202886 0.0348491 0.0560741 0.0108789 
0.0089018 0.00850107 0.00863883 0.00946942 0.00870536 0.00814673 0.00873424 0.0114201 0.00946156 0.00858771 0.0103426 0.0106309 0.0127012 0.0103264 0.0157294 0.0157474 0.0101802 0.00912968 0.0108882 0.0101331 0.0121162 0.0201815 0.0182625 0.0113863 0.014647 0.0246203 0.0163377 0.0166696 0.152988 0.0613819 0.042827 0.0569147 0.00518422 0.00319837 0.0034651 0 0.0353289 0.036553 0.0950204 0.591091 0.0160408 0.00979972 0.0128521 0.0139787 0.0166122 0.0190903 0.0171544 0.0136543 0.0303013 0.0211675 0.0221806 0.0107 0.0099442 0.0163958 0.0113981 0.0166522 0.0125206 0.0246608 0.0220288 
0.00861578 0.00850032 0.00930692 0.00955645 0.00823733 0.00812283 0.00927361 0.00889484 0.00867477 0.00889808 0.00904848 0.0103409 0.00954149 0.00948028 0.0117703 0.00958362 0.00900132 0.00920026 0.00943103 0.0127657 0.0113898 0.0116981 0.0158848 0.0100877 0.0133068 0.0285894 0.0355696 0.014659 0.0158544 0.025348 0.0226509 0.0228629 0.72532 0.0782468 0.0284906 0.0353289 0 0.00327516 0.00337741 0.00368838 0.0151267 0.0102252 0.0121289 0.0314639 0.0330532 0.0149081 0.01489 0.0134649 0.0312955 0.021068 0.0244802 0.0133055 0.0109605 0.0133127 0.0154942 0.0162476 0.0188193 0.0251003 0.0390688 
0.00830311 0.00858261 0.00854429 0.00808682 0.00806795 0.00820632 0.00808863 0.00840848 0.00956412 0.0103167 0.00963006 0.00857655 0.00900529 0.0100884 0.00964305 0.00910334 0.010554 0.0113513 0.0120733 0.0199281 0.0243767 0.0161437 0.0102157 0.00902729 0.00920652 0.02014 0.0580577 0.069698 0.0339742 0.0132173 0.0168362 0.0137638 0.0275836 0.735074 0.0892372 0.036553 0.00327516 0 0.00321859 0.00320871 0.00972185 0.0184949 0.0285703 0.049624 0.0214529 0.0260373 0.0266798 0.038569 0.0133892 0.0113338 0.0168225 0.029339 0.0219722 0.0195708 0.0326539 0.0326587 0.0534106 0.075897 0.0174563 
0.00813918 0.00870384 0.00820747 0.00804522 0.00792727 0.00806383 0.00802289 0.00827343 0.00985843 0.00892119 0.0118035 0.00853823 0.00863004 0.0115104 0.00900216 0.00894315 0.0109756 0.00947157 0.0116759 0.0136909 0.0151805 0.0270414 0.00941013 0.0089823 0.0100777 0.0116324 0.0329564 0.0370096 0.0755301 0.01355 0.0152268 0.0151233 0.0230946 0.0385505 0.70323 0.0950204 0.00337741 0.00321859 0 0.0031981 0.015109 0.0233002 0.0312871 0.0138573 0.0231056 0.0251187 0.0244996 0.0362496 0.0139855 0.0131755 0.0122908 0.0223241 0.0155636 0.022334 0.0190127 0.033734 0.0390738 0.0842804 0.0196832 
0.00859423 0.00808983 0.00839449 0.00844625 0.00855579 0.00797896 0.00810657 0.00956108 0.00835673 0.00909748 0.00865307 0.00938397 0.0105787 0.00870501 0.010423 0.0137953 0.0086822 0.00860246 0.00890232 0.009978 0.0101154 0.0098272 0.0139802 0.0103176 0.00944414 0.0210335 0.0124321 0.0167126 0.019033 0.0259564 0.0200063 0.0158286 0.0329498 0.0192421 0.0315145 0.591091 0.00368838 0.00320871 0.0031981 0 0.0257455 0.0117674 0.0114714 0.0120353 0.0107783 0.0165373 0.0144466 0.0176273 0.0284793 0.0147737 0.0230385 0.0109528 0.0118325 0.0122701 0.0155221 0.0144466 0.0160539 0.031169 0.0266593 
0.00816801 0.0078798 0.00798352 0.00868886 0.00786828 0.00788214 0.0083323 0.00791723 0.0079842 0.00790981 0.00799114 0.00802129 0.00800951 0.00805874 0.00853434 0.00800158 0.00796452 0.00787986 0.00804665 0.00809215 0.00818786 0.00841941 0.00942892 0.00808956 0.00956728 0.00936516 0.008806 0.00850039 0.00907985 0.0130672 0.00937297 0.0132514 0.0145685 0.00945522 0.00914451 0.0160408 0.0151267 0.00972185 0.015109 0.0257455 0 0.00368683 0.00319248 0.00319561 0.00318184 0.00334207 0.00336912 0.00351465 0.00618609 0.00924663 0.00786447 0.0069966 0.00752994 0.00938197 0.00938017 0.0100836 0.0106843 0.0142364 0.0449705 
0.00791979 0.00813353 0.00797452 0.00789522 0.00786732 0.00796733 0.00791601 0.00795256 0.00813078 0.00822595 0.00814462 0.00796468 0.00795133 0.00821152 0.00809986 0.00794026 0.00808876 0.00812126 0.00822474 0.00885793 0.00844488 0.00847406 0.00851893 0.00807414 0.00802428 0.00865901 0.00989639 0.0104894 0.00944038 0.00916222 0.00977071 0.0091909 0.0104765 0.0124967 0.0134486 0.00979972 0.0102252 0.0184949 0.0233002 0.0117674 0.00368683 0 0.00314226 0.00317565 0.00311427 0.00314866 0.00328281 0.00349602 0.0035407 0.00541173 0.00682116 0.0072839 0.00812795 0.0085005 0.0114948 0.00973384 0.0136399 0.0394224 0.0135909 
0.00800567 0.00809745 0.00804565 0.00793388 0.0079047 0.00801007 0.00793599 0.00799669 0.00889237 0.00844623 0.008706 0.0080862 0.00808145 0.00837617 0.00827695 0.00820436 0.00872617 0.00854867 0.0102313 0.00996783 0.0116336 0.00985193 0.00834539 0.00794259 0.00824558 0.0092426 0.0139208 0.0212973 0.0108074 0.00991185 0.00888049 0.00908214 0.0113142 0.017429 0.0130103 0.0128521 0.0121289 0.0285703 0.0312871 0.0114714 0.00319248 0.00314226 0 0.00314921 0.00314544 0.00317993 0.00325506 0.00321575 0.00324227 0.00499942 0.00738848 0.00758551 0.00876975 0.0104017 0.0108804 0.0171728 0.0237418 0.0239913 0.0137871 
0.00805465 0.00822434 0.00813654 0.007893 0.00792413 0.00799234 0.00792363 0.00817904 0.00881217 0.00995476 0.00860423 0.00818055 0.00825135 0.00858969 0.00852618 0.00856378 0.00909249 0.0110338 0.0102493 0.019104 0.0154481 0.0119673 0.00886707 0.00825509 0.00820766 0.0110194 0.0288188 0.0356893 0.018546 0.00964746 0.0101995 0.00950886 0.0149579 0.0235715 0.0245906 0.0139787 0.0314639 0.049624 0.0138573 0.0120353 0.00319561 0.00317565 0.00314921 0 0.00315192 0.0031762 0.00317 0.00317168 0.00327331 0.00512212 0.00845735 0.00849286 0.00988853 0.0110504 0.0211457 0.0262499 0.0298793 0.0372408 0.025844 
0.00810263 0.00843646 0.00830567 0.00795998 0.00799653 0.00801988 0.00799961 0.00823707 0.0104503 0.00970175 0.01009 0.00853012 0.00842552 0.00933627 0.00890232 0.0086806 0.0103607 0.0115151 0.0167797 0.0197918 0.0228938 0.0135993 0.00901381 0.00814627 0.0083272 0.0121745 0.0351146 0.0652037 0.0256875 0.0106616 0.0106091 0.0100196 0.0181846 0.0359091 0.0260247 0.0166122 0.0330532 0.0214529 0.0231056 0.0107783 0.00318184 0.00311427 0.00314544 0.00315192 0 0.00316914 0.00317513 0.00319488 0.00319085 0.00439198 0.00811864 0.00980429 0.0110462 0.0144113 0.0280342 0.0385696 0.0382947 0.0504225 0.0137099 
0.00808735 0.00849107 0.00824014 0.00797924 0.00797725 0.00817629 0.00800482 0.00836444 0.00939085 0.0110514 0.00925524 0.00844262 0.00853853 0.00910669 0.00885343 0.00881852 0.00991634 0.013463 0.013765 0.0242285 0.0195531 0.0143696 0.00903456 0.00838167 0.00838539 0.0119718 0.036997 0.0567953 0.031962 0.0110679 0.0109129 0.0104031 0.0204981 0.0291029 0.0286114 0.0190903 0.0149081 0.0260373 0.0251187 0.0165373 0.00334207 0.00314866 0.00317993 0.0031762 0.00316914 0 0.00317463 0.00319969 0.00326961 0.00386109 0.00903717 0.00950556 0.0097521 0.0211645 0.0293569 0.0269066 0.0447111 0.0273744 0.0144684 
0.00820482 0.00836303 0.00827541 0.00801499 0.0080298 0.00819073 0.0080009 0.00837706 0.0101216 0.00985846 0.00917104 0.00879678 0.00868692 0.00934272 0.00944528 0.00919574 0.0104861 0.0118402 0.0139129 0.0184526 0.0214122 0.0122233 0.0092094 0.00825124 0.00845113 0.0133552 0.0317736 0.0670703 0.021396 0.0106614 0.0113855 0.0101804 0.019865 0.032978 0.0338918 0.0171544 0.01489 0.0266798 0.0244996 0.0144466 0.00336912 0.00328281 0.00325506 0.00317 0.00317513 0.00317463 0 0.00320573 0.00316807 0.00367589 0.00818214 0.0113616 0.0206033 0.0181443 0.0194051 0.0448002 0.025302 0.0225197 0.0135246 
0.00802189 0.00834228 0.00806722 0.00800427 0.00796704 0.00819262 0.00796895 0.00817438 0.00889712 0.00869316 0.0088531 0.00825613 0.00846586 0.0092229 0.00851949 0.00870045 0.00928554 0.00883928 0.00922979 0.0105448 0.0104529 0.0111744 0.00859459 0.00839511 0.00865642 0.0104992 0.0241701 0.0190239 0.0271662 0.00999802 0.0115412 0.0109344 0.0131809 0.0275359 0.032177 0.0136543 0.0134649 0.038569 0.0362496 0.0176273 0.00351465 0.00349602 0.00321575 0.00317168 0.00319488 0.00319969 0.00320573 0 0.0031647 0.00421027 0.0106377 0.0409947 0.0141489 0.0100785 0.0300527 0.012656 0.0167015 0.0241523 0.0115227 
0.00845883 0.00803837 0.00812909 0.00841272 0.00836155 0.00794245 0.00801389 0.00902237 0.00846168 0.0082276 0.00829136 0.00831293 0.00975572 0.00862934 0.00869165 0.010918 0.00850604 0.0083164 0.00847766 0.00871899 0.0090217 0.00935496 0.00911171 0.00921324 0.00875316 0.0171864 0.0103986 0.0114716 0.0114839 0.0132766 0.01609 0.0117071 0.0264493 0.0115254 0.0152515 0.0303013 0.0312955 0.0133892 0.0139855 0.0284793 0.00618609 0.0035407 0.00324227 0.00327331 0.00319085 0.00326961 0.00316807 0.0031647 0 0.00549615 0.0331642 0.0174112 0.00998711 0.0132395 0.00898796 0.00929115 0.00845177 0.0146368 0.0139081 
0.00902059 0.00848575 0.00817635 0.0137828 0.00844413 0.00805202 0.00872137 0.00898119 0.00861007 0.00794686 0.00820345 0.00843249 0.00911254 0.0082692 0.00866218 0.0104719 0.00817882 0.00790663 0.00821784 0.00813798 0.00821178 0.00888081 0.00906234 0.00959147 0.0133871 0.0127905 0.00972726 0.00848697 0.00975881 0.0130432 0.0179602 0.0225004 0.0160364 0.0105019 0.00949494 0.0211675 0.021068 0.0113338 0.0131755 0.0147737 0.00924663 0.00541173 0.00499942 0.00512212 0.00439198 0.00386109 0.00367589 0.00421027 0.00549615 0 0.0330731 0.0121742 0.00461183 0.00461533 0.00533519 0.00819025 0.00725309 0.0101373 0.0252127 
0.0081931 0.00803528 0.00821028 0.00825613 0.00792205 0.00786438 0.00815539 0.0084055 0.00817481 0.00828616 0.00822951 0.008811 0.00865471 0.00833995 0.0093233 0.00833248 0.00818699 0.0082894 0.0084528 0.00926547 0.00873882 0.00943042 0.0104283 0.00831915 0.00980706 0.0123407 0.0122175 0.0102374 0.0104327 0.01669 0.0113995 0.0162321 0.0227918 0.0143586 0.0109155 0.0221806 0.0244802 0.0168225 0.0122908 0.0230385 0.00786447 0.00682116 0.00738848 0.00845735 0.00811864 0.00903717 0.00818214 0.0106377 0.0331642 0.0330731 0 0.00322986 0.00318847 0.00318811 0.00322607 0.00334106 0.00352997 0.00463994 0.0175124 
0.00800283 0.00836099 0.00807284 0.00795414 0.00782424 0.00810247 0.0079274 0.00794518 0.00852998 0.00839616 0.00854818 0.00803507 0.00807702 0.00853174 0.00827234 0.00809051 0.00856019 0.00836026 0.00883828 0.00928987 0.00949821 0.00909846 0.00838178 0.00810341 0.00815611 0.00877513 0.0170311 0.0149829 0.0121944 0.00902169 0.00987351 0.00905658 0.012088 0.0214217 0.0175166 0.0107 0.0133055 0.029339 0.0223241 0.0109528 0.0069966 0.0072839 0.00758551 0.00849286 0.00980429 0.00950556 0.0113616 0.0409947 0.0174112 0.0121742 0.00322986 0 0.00317853 0.00316877 0.00319677 0.00335965 0.00404178 0.00769839 0.00531466 
0.00807594 0.00822028 0.00808981 0.00789424 0.00795795 0.00804902 0.00793367 0.00810168 0.00866641 0.00899464 0.00848927 0.00814921 0.0082051 0.00839226 0.00829704 0.00830961 0.0087056 0.00920638 0.00907223 0.0117663 0.0105603 0.00964371 0.00850077 0.00800343 0.008091 0.00908744 0.0139027 0.0264586 0.0116547 0.00918313 0.00878303 0.00885334 0.011126 0.0166247 0.015816 0.0099442 0.0109605 0.0219722 0.0155636 0.0118325 0.00752994 0.00812795 0.00876975 0.00988853 0.0110462 0.0097521 0.0206033 0.0141489 0.00998711 0.00461183 0.00318847 0.00317853 0 0.00315815 0.00318446 0.00319722 0.00318797 0.00328662 0.00357035 
0.00812989 0.0083352 0.00805847 0.00800266 0.00788427 0.00807257 0.00793893 0.00815602 0.00950122 0.00879433 0.00870083 0.00818288 0.0082886 0.00871161 0.00848855 0.00831524 0.00966151 0.00928294 0.0117507 0.0128099 0.0135961 0.0137647 0.00842846 0.00807092 0.00831515 0.00962971 0.0240766 0.0263483 0.0172846 0.00989099 0.0091534 0.00936957 0.0139447 0.0265569 0.013814 0.0163958 0.0133127 0.0195708 0.022334 0.0122701 0.00938197 0.0085005 0.0104017 0.0110504 0.0144113 0.0211645 0.0181443 0.0100785 0.0132395 0.00461533 0.00318811 0.00316877 0.00315815 0 0.00317422 0.00322107 0.00323127 0.00320097 0.0037518 
0.00814082 0.00838954 0.00814737 0.00792257 0.00796974 0.00806447 0.00799202 0.00823628 0.00884577 0.0105152 0.00881169 0.00826582 0.00837106 0.00857553 0.00843843 0.00845528 0.00867609 0.0118294 0.0110465 0.0164356 0.0169682 0.0103652 0.00885065 0.00832071 0.0081516 0.0109201 0.0217296 0.0453894 0.0152357 0.00975951 0.00982869 0.00933884 0.0162953 0.0229564 0.028553 0.0113981 0.0154942 0.0326539 0.0190127 0.0155221 0.00938017 0.0114948 0.0108804 0.0211457 0.0280342 0.0293569 0.0194051 0.0300527 0.00898796 0.00533519 0.00322607 0.00319677 0.00318446 0.00317422 0 0.00318039 0.00319468 0.00324916 0.00335004 
0.00823325 0.00853465 0.00842974 0.00802816 0.00803606 0.00817204 0.00801188 0.0081886 0.00993614 0.00920703 0.00952402 0.00836946 0.00849415 0.00935909 0.00854264 0.00874415 0.0105016 0.00970589 0.0129506 0.0143447 0.0153331 0.0124948 0.00850637 0.00818317 0.00832319 0.0113883 0.0305498 0.0411306 0.022766 0.00966718 0.00990318 0.00943346 0.0197786 0.0397232 0.0202886 0.0166522 0.0162476 0.0326587 0.033734 0.0144466 0.0100836 0.00973384 0.0171728 0.0262499 0.0385696 0.0269066 0.0448002 0.012656 0.00929115 0.00819025 0.00334106 0.00335965 0.00319722 0.00322107 0.00318039 0 0.00323159 0.00323931 0.00332985 
0.00826385 0.00858818 0.00829721 0.00804192 0.00801737 0.00817069 0.00805377 0.00833407 0.00927347 0.00965827 0.00904902 0.00833055 0.00861963 0.00917965 0.00910622 0.00869116 0.0096418 0.0107948 0.0112573 0.0173796 0.0164498 0.0125426 0.00889699 0.00833829 0.00830307 0.0116179 0.0353353 0.0688138 0.0203216 0.00970545 0.0110267 0.00949169 0.019085 0.0440168 0.0348491 0.0125206 0.0188193 0.0534106 0.0390738 0.0160539 0.0106843 0.0136399 0.0237418 0.0298793 0.0382947 0.0447111 0.025302 0.0167015 0.00845177 0.00725309 0.00352997 0.00404178 0.00318797 0.00323127 0.00319468 0.00323159 0 0.0032394 0.00325251 
0.00835751 0.00871269 0.00832594 0.00814457 0.0081366 0.0082075 0.00806636 0.00850743 0.00929745 0.00959744 0.00918745 0.00847431 0.00894817 0.0102507 0.00870637 0.00913581 0.0097314 0.00981852 0.0100683 0.0130692 0.0124432 0.0117739 0.00902298 0.0087355 0.00908037 0.012212 0.0275093 0.0307989 0.0283146 0.010947 0.0132179 0.0131896 0.0182257 0.0385548 0.0560741 0.0246608 0.0251003 0.075897 0.0842804 0.031169 0.0142364 0.0394224 0.0239913 0.0372408 0.0504225 0.0273744 0.0225197 0.0241523 0.0146368 0.0101373 0.00463994 0.00769839 0.00328662 0.00320097 0.00324916 0.00323931 0.0032394 0 0.00334585 
0.00882465 0.00829024 0.00830019 0.010303 0.00872909 0.00807788 0.0082538 0.00941103 0.00869669 0.00818084 0.00834208 0.00841186 0.0105326 0.00838803 0.0086639 0.0107184 0.00863269 0.00825846 0.0088613 0.00874109 0.00896756 0.00900566 0.00891513 0.00962417 0.0102484 0.017168 0.0108437 0.0103492 0.0103377 0.01195 0.0143599 0.0122393 0.0255933 0.0130711 0.0108789 0.0220288 0.0390688 0.0174563 0.0196832 0.0266593 0.0449705 0.0135909 0.0137871 0.025844 0.0137099 0.0144684 0.0135246 0.0115227 0.0139081 0.0252127 0.0175124 0.00531466 0.00357035 0.0037518 0.00335004 0.00332985 0.00325251 0.00334585 0 
