1RLKA
VKKMVIAVRKDLDMGKGKIAAQVAHAAVTCAIRSMKINRDVFNEWYDEGQRKIVVKVNDLDEIMEIKRMADSMGIVNEIVQDRGYTQVEPGTITCIGLGPDEEEKLDKITGKYKLL
CEEEEEEEECCCCCCHHHHHHHHHHHHHHHHHHHHHHCHHHHHHHHHCCCCEEEEEECCHHHHHHHHHHHHHHCCCEEEEECCCCCCCCCCCEEEEEEEEEEHHHHHHHHCCCCEC
0 0 0 0 0 0 0 0 0 0 0 0 0 0 0 0 0 0 0 0 0 0 0 0 0 0 0 0 0 0 0 0 0 0 0 0 0 0 0 0 0 0 0 0 0 0 0 0 0 0 0 0 0 0 0 0 0 0 0 0 0 0 0 0 0 0 0 0 0 0 0 0 0 0 0 0 0 0 0 0 0 0 0 0 0 0 0 0 0 0 0 0 0 0 0 0 0 0 0 0 0 0 0 0 0 0 0 0 0 0 0 0 0 0 0 0 
0 0 0 0 0 0 0 0 0 0 0 0 0 0 0 0 0 0 0 0 0 0 0 0 0 0 0 0 0 0 0 0 0 0 0 0 0 0 0 0 0 0 0 0 0 0 0 0 0 0 0 0 0 0 0 0 0 0 0 0 0 0 0 0 0 0 0 0 0 0 0 0 0 0 0 0 0 0 0 0 0 0 0 0 0 0 0 0 0 0 0 0 0 0 0 0 0 0 0 0 0 0 0 0 0 0 0 0 0 0 0 0 0 0 0 0 
0 0.00334718 0.0032541 0.00327993 0.00358918 0.00335055 0.00393982 0.0170377 0.0741048 0.0343812 0.0132658 0.0153144 0.0121318 0.0292843 0.0111733 0.0094144 0.0097065 0.00954333 0.0132795 0.0114515 0.00949368 0.0115612 0.0119831 0.0116033 0.0112602 0.00903356 0.00892237 0.00826133 0.0102282 0.0107741 
0.00334718 0 0.00327174 0.00326053 0.00329473 0.00343233 0.00600859 0.00391976 0.043637 0.0716142 0.0293573 0.017502 0.0272743 0.0113229 0.0114772 0.0215077 0.0140863 0.0133923 0.0111506 0.00949434 0.0186452 0.0158824 0.0205372 0.0204785 0.0138401 0.011688 0.0092494 0.00877956 0.00884095 0.00876794 
0.0032541 0.00327174 0 0.00325718 0.0032586 0.00329158 0.00318017 0.00341447 0.230983 0.0683491 0.10045 0.0684271 0.020442 0.0126443 0.0185758 0.0242419 0.0559051 0.0198837 0.0106422 0.0135953 0.0221971 0.0667121 0.0682437 0.0702521 0.05807 0.0242533 0.0172107 0.00945809 0.00881998 0.00966411 
0.00327993 0.00326053 0.00325718 0 0.00326048 0.00318031 0.00320558 0.00323616 0.0282337 0.343394 0.0750637 0.0834446 0.0184076 0.0118652 0.0127428 0.0354006 0.0338253 0.0189446 0.0113118 0.0105753 0.0257858 0.0555192 0.0809692 0.0864114 0.0499742 0.0308412 0.0137892 0.00928126 0.00862631 0.00889838 
0.00358918 0.00329473 0.0032586 0.00326048 0 0.00320283 0.00321648 0.00327724 0.0433916 0.0606139 0.354262 0.048972 0.0219833 0.0114379 0.0165836 0.0244693 0.041703 0.0187787 0.0102984 0.0118288 0.022909 0.0695484 0.0651793 0.088647 0.0562782 0.021289 0.0157792 0.00910276 0.00872789 0.00997995 
0.00335055 0.00343233 0.00329158 0.00318031 0.00320283 0 0.00318955 0.00319558 0.0226244 0.0664329 0.071604 0.322422 0.0261585 0.0146753 0.0123608 0.0260858 0.0359555 0.0206117 0.0117894 0.0105909 0.0276305 0.0550475 0.0790485 0.0849449 0.0461531 0.0280158 0.0134062 0.00909786 0.00881745 0.00920912 
0.00393982 0.00600859 0.00318017 0.00320558 0.00321648 0.00318955 0 0.00334879 0.0175202 0.0226261 0.0286138 0.0253291 0.250859 0.0163249 0.011774 0.0164991 0.0120289 0.0170578 0.00979869 0.0102857 0.0137782 0.0244491 0.021935 0.0192181 0.0152126 0.0103808 0.00901903 0.00933508 0.00835005 0.00862576 
0.0170377 0.00391976 0.00341447 0.00323616 0.00327724 0.00319558 0.00334879 0 0.0130717 0.0155986 0.01297 0.0167927 0.0147489 0.204945 0.0188488 0.00968794 0.00947551 0.00922466 0.0102222 0.0153683 0.0106426 0.00991188 0.00973119 0.0100614 0.00945959 0.00891437 0.0083753 0.00844499 0.0082577 0.0107779 
0.0741048 0.043637 0.230983 0.0282337 0.0433916 0.0226244 0.0175202 0.0130717 0 0.00358267 0.0033979 0.003314 0.00470381 0.00386987 0.0268631 0.0279471 0.00930652 0.00934847 0.024235 0.0130754 0.0233743 0.00970683 0.0108046 0.00989648 0.00906425 0.008752 0.00857353 0.00882276 0.0129246 0.0133625 
0.0343812 0.0716142 0.0683491 0.343394 0.0606139 0.0664329 0.0226261 0.0155986 0.00358267 0 0.00316661 0.00340875 0.0032357 0.00476795 0.104102 0.0184354 0.0320889 0.0185731 0.00983753 0.0423076 0.0133563 0.0353845 0.0236083 0.0164196 0.0233475 0.0102407 0.0103 0.0126223 0.00907274 0.0176883 
0.0132658 0.0293573 0.10045 0.0750637 0.354262 0.071604 0.0286138 0.01297 0.0033979 0.00316661 0 0.00320885 0.00336995 0.00323991 0.0120263 0.120404 0.018453 0.0114696 0.0130063 0.00914802 0.0654474 0.0200119 0.034323 0.0565162 0.014762 0.0210289 0.0130936 0.00865534 0.00904337 0.00912824 
0.0153144 0.017502 0.0684271 0.0834446 0.048972 0.322422 0.0253291 0.0167927 0.003314 0.00340875 0.00320885 0 0.00320034 0.00354789 0.0320459 0.0128407 0.0827401 0.0240928 0.00968532 0.0210358 0.00986775 0.0631231 0.0346106 0.0227399 0.0429446 0.0137877 0.0121835 0.0101369 0.00873847 0.0179827 
0.0121318 0.0272743 0.020442 0.0184076 0.0219833 0.0261585 0.250859 0.0147489 0.00470381 0.0032357 0.00336995 0.00320034 0 0.00317344 0.011979 0.0703367 0.013935 0.0305641 0.0219097 0.0100056 0.0491523 0.0115944 0.0151782 0.0235005 0.0110831 0.0129572 0.00978153 0.00909361 0.00973259 0.0104017 
0.0292843 0.0113229 0.0126443 0.0118652 0.0114379 0.0146753 0.0163249 0.204945 0.00386987 0.00476795 0.00323991 0.00354789 0.00317344 0 0.0437162 0.00953662 0.0150225 0.0301973 0.051218 0.0517059 0.00976576 0.014209 0.0100796 0.0100695 0.0118623 0.00991708 0.00865536 0.00990011 0.00882771 0.0332125 
0.0111733 0.0114772 0.0185758 0.0127428 0.0165836 0.0123608 0.011774 0.0188488 0.0268631 0.104102 0.0120263 0.0320459 0.011979 0.0437162 0 0.00320991 0.0032215 0.00330622 0.0037932 0.0177584 0.0137764 0.0116291 0.0141267 0.0233206 0.496335 0.00887939 0.00999009 0.00987345 0.0169267 0.0300326 
0.0094144 0.0215077 0.0242419 0.0354006 0.0244693 0.0260858 0.0164991 0.00968794 0.0279471 0.0184354 0.120404 0.0128407 0.0703367 0.00953662 0.00320991 0 0.00315814 0.00311731 0.00320846 0.0109353 0.0239023 0.0147043 0.0290033 0.602407 0.0104292 0.0160767 0.0101629 0.0107879 0.00955886 0.0110791 
0.0097065 0.0140863 0.0559051 0.0338253 0.041703 0.0359555 0.0120289 0.00947551 0.00930652 0.0320889 0.018453 0.0827401 0.013935 0.0150225 0.0032215 0.00315814 0 0.0031685 0.003169 0.0111805 0.0158998 0.0603898 0.547174 0.0114716 0.0216989 0.0100456 0.0167069 0.00844124 0.00761522 0.0110115 
0.00954333 0.0133923 0.0198837 0.0189446 0.0187787 0.0206117 0.0170578 0.00922466 0.00934847 0.0185731 0.0114696 0.0240928 0.0305641 0.0301973 0.00330622 0.00311731 0.0031685 0 0.00318933 0.0168236 0.0351754 0.488378 0.0128352 0.0209675 0.0120782 0.0130242 0.00944825 0.0113095 0.00770082 0.0128814 
0.0132795 0.0111506 0.0106422 0.0113118 0.0102984 0.0117894 0.00979869 0.0102222 0.024235 0.00983753 0.0130063 0.00968532 0.0219097 0.051218 0.0037932 0.00320846 0.003169 0.00318933 0 0.347108 0.134357 0.0122676 0.0168582 0.011522 0.0158359 0.00890376 0.00962015 0.00826441 0.0112462 0.0162951 
0.0114515 0.00949434 0.0135953 0.0105753 0.0118288 0.0105909 0.0102857 0.0153683 0.0130754 0.0423076 0.00914802 0.0210358 0.0100056 0.0517059 0.0177584 0.0109353 0.0111805 0.0168236 0.347108 0 0.00323967 0.0032721 0.00327536 0.00325399 0.00335139 0.0033013 0.00372256 0.00374864 0.00647642 0.0480279 
0.00949368 0.0186452 0.0221971 0.0257858 0.022909 0.0276305 0.0137782 0.0106426 0.0233743 0.0133563 0.0654474 0.00986775 0.0491523 0.00976576 0.0137764 0.0239023 0.0158998 0.0351754 0.134357 0.00323967 0 0.0031997 0.00322292 0.00317508 0.00318116 0.0032964 0.00338627 0.00333953 0.00335638 0.0169742 
0.0115612 0.0158824 0.0667121 0.0555192 0.0695484 0.0550475 0.0244491 0.00991188 0.00970683 0.0353845 0.0200119 0.0631231 0.0115944 0.014209 0.0116291 0.0147043 0.0603898 0.488378 0.0122676 0.0032721 0.0031997 0 0.00319482 0.00321559 0.00324285 0.00319171 0.00321831 0.0034149 0.00346281 0.0142963 
0.0119831 0.0205372 0.0682437 0.0809692 0.0651793 0.0790485 0.021935 0.00973119 0.0108046 0.0236083 0.034323 0.0346106 0.0151782 0.0100796 0.0141267 0.0290033 0.547174 0.0128352 0.0168582 0.00327536 0.00322292 0.00319482 0 0.00316772 0.00320841 0.00318334 0.0031894 0.00318876 0.00322841 0.0138117 
0.0116033 0.0204785 0.0702521 0.0864114 0.088647 0.0849449 0.0192181 0.0100614 0.00989648 0.0164196 0.0565162 0.0227399 0.0235005 0.0100695 0.0233206 0.602407 0.0114716 0.0209675 0.011522 0.00325399 0.00317508 0.00321559 0.00316772 0 0.0031691 0.00316604 0.00317411 0.00315841 0.00319271 0.0119463 
0.0112602 0.0138401 0.05807 0.0499742 0.0562782 0.0461531 0.0152126 0.00945959 0.00906425 0.0233475 0.014762 0.0429446 0.0110831 0.0118623 0.496335 0.0104292 0.0216989 0.0120782 0.0158359 0.00335139 0.00318116 0.00324285 0.00320841 0.0031691 0 0.00316984 0.00313761 0.00315784 0.00317454 0.0119566 
0.00903356 0.011688 0.0242533 0.0308412 0.021289 0.0280158 0.0103808 0.00891437 0.008752 0.0102407 0.0210289 0.0137877 0.0129572 0.00991708 0.00887939 0.0160767 0.0100456 0.0130242 0.00890376 0.0033013 0.0032964 0.00319171 0.00318334 0.00316604 0.00316984 0 0.00314764 0.00314114 0.00315065 0.00843346 
0.00892237 0.0092494 0.0172107 0.0137892 0.0157792 0.0134062 0.00901903 0.0083753 0.00857353 0.0103 0.0130936 0.0121835 0.00978153 0.00865536 0.00999009 0.0101629 0.0167069 0.00944825 0.00962015 0.00372256 0.00338627 0.00321831 0.0031894 0.00317411 0.00313761 0.00314764 0 0.0031443 0.00314161 0.00898386 
0.00826133 0.00877956 0.00945809 0.00928126 0.00910276 0.00909786 0.00933508 0.00844499 0.00882276 0.0126223 0.00865534 0.0101369 0.00909361 0.00990011 0.00987345 0.0107879 0.00844124 0.0113095 0.00826441 0.00374864 0.00333953 0.0034149 0.00318876 0.00315841 0.00315784 0.00314114 0.0031443 0 0.00316353 0.0128222 
0.0102282 0.00884095 0.00881998 0.00862631 0.00872789 0.00881745 0.00835005 0.0082577 0.0129246 0.00907274 0.00904337 0.00873847 0.00973259 0.00882771 0.0169267 0.00955886 0.00761522 0.00770082 0.0112462 0.00647642 0.00335638 0.00346281 0.00322841 0.00319271 0.00317454 0.00315065 0.00314161 0.00316353 0 0.0533109 
0.0107741 0.00876794 0.00966411 0.00889838 0.00997995 0.00920912 0.00862576 0.0107779 0.0133625 0.0176883 0.00912824 0.0179827 0.0104017 0.0332125 0.0300326 0.0110791 0.0110115 0.0128814 0.0162951 0.0480279 0.0169742 0.0142963 0.0138117 0.0119463 0.0119566 0.00843346 0.00898386 0.0128222 0.0533109 0 
