1RZTA
ATNHNLHITEKLEVLAKAYSVQGDKWRALGYAKAINALKSFHKPVTSYQEACSIPGIGKRMAEKIIEILESGHLRKLDHISESVPVLELFSNIWGAGTKTAQMWYQQGFRSLEDIRSQASLTTQQAIGLKHYSDFLERMPREEATEIEQTVQKAAQAFNSGLLCVACGSYRRGKATCGDVDVLITHPDGRSHRGIFSRLLDSLRQEGFLTDDLVSQEENGQQQKYLGVCRLPGPGRRHRRLDIIVVPYSEFACALLYFTGSAHFNRSMRALAKTKGMSLSEHALSTAVVRNTHGCKVGPGRVLPTPTEKDVFRLLGLPYREPAERDW
CCCCCHHHHHHHHHHHHHHHHCCCHHHHHHHHHHHHHHHCCCCCCCCHHHHHHCCCCCHHHHHHHHHHHHHCCCHHHHHCCCCHHHHHHHHCCCCCCHHHHHHHHHCCCCCHHHHHHHCCCCHHHHHHHHCHHHHHCCEEHHHHHHHHHHHHHHHHCCCCCCEEEECHHHHCCCCEECCEEEEEECCCCCCCCCCHHHHHHHHHHCCCEEEEEEEEEEECCEEEEEEEECCCCCCCCCEEEEEEECCHHHHHHHHHHHHCCHHHHHHHHHHHHHCCEEECCCCEEECCEECCCCCEEECCCECCCCCHHHHHHHCCCCCCCHHHCCC
0 0 0 0 0 0 0 0 0 0 0 0 0 0 0 0 0 0 0 0 0 0 0 0 0 0 0 0 0 0 0 0 0 0 0 0 0 0 0 0 0 0 0 0 0 0 0 0 0 0 0 0 0 0 0 0 0 0 0 0 0 0 0 0 0 0 0 0 0 0 0 0 0 0 0 0 0 0 0 0 0 0 0 0 0 0 0 0 0 0 0 0 0 0 0 0 0 0 0 0 0 0 0 0 0 0 0 0 0 0 0 0 0 0 0 0 0 0 0 0 0 0 0 0 0 0 0 0 0 0 0 0 0 0 0 0 0 0 0 0 0 0 0 0 0 0 0 0 0 0 0 0 0 0 0 0 0 0 0 0 0 0 0 0 0 0 0 0 0 0 0 0 0 0 0 0 0 0 0 0 0 0 0 0 0 0 0 0 0 0 0 0 0 0 0 0 0 0 0 0 0 0 0 0 0 0 0 0 0 0 0 0 0 0 0 0 0 0 0 0 0 0 0 0 0 0 0 0 0 0 0 0 0 0 0 0 0 0 0 0 0 0 0 0 0 0 0 0 0 0 0 0 0 0 0 0 0 0 0 0 0 0 0 0 0 0 0 0 0 0 0 0 0 0 0 0 0 0 0 0 0 0 0 0 0 0 0 0 0 0 0 0 0 0 0 0 0 0 0 0 0 0 0 0 0 0 0 0 0 0 0 0 0 0 0 0 0 0 0 0 0 0 0 0 0 0 0 
0 0 0 0 0 0 0 0 0 0 0 0 0 0 0 0 0 0 0 0 0 0 0 0 0 0 0 0 0 0 0 0 0 0 0 0 0 0 0 0 0 0 0 0 0 0 0 0 0 0 0 0 0 0 0 0 0 0 0 0 0 0 0 0 0 0 0 0 0 0 0 0 0 0 0 0 0 0 0 0 0 0 0 0 0 0 0 0 0 0 0 0 0 0 0 0 0 0 0 0 0 0 0 0 0 0 0 0 0 0 0 0 0 0 0 0 0 0 0 0 0 0 0 0 0 0 0 0 0 0 0 0 0 0 0 0 0 0 0 0 0 0 0 0 0 0 0 0 0 0 0 0 0 0 0 0 0 0 0 0 0 0 0 0 0 0 0 0 0 0 0 0 0 0 0 0 0 0 0 0 0 0 0 0 0 0 0 0 0 0 0 0 0 0 0 0 0 0 0 0 0 0 0 0 0 0 0 0 0 0 0 0 0 0 0 0 0 0 0 0 0 0 0 0 0 0 0 0 0 0 0 0 0 0 0 0 0 0 0 0 0 0 0 0 0 0 0 0 0 0 0 0 0 0 0 0 0 0 0 0 0 0 0 0 0 0 0 0 0 0 0 0 0 0 0 0 0 0 0 0 0 0 0 0 0 0 0 0 0 0 0 0 0 0 0 0 0 0 0 0 0 0 0 0 0 0 0 0 0 0 0 0 0 0 0 0 0 0 0 0 0 0 0 0 0 0 0 
0 0.00509682 0.00999561 0.0214736 0.0105728 0.0291656 0.010288 0.0462105 0.0121539 0.00900686 0.00946753 0.00886775 0.0102617 0.0140653 0.00951399 0.0083594 0.0083058 0.00798916 0.00832588 0.00803432 0.00799788 0.00822501 0.00791637 0.00827753 0.00874295 0.00845961 0.00811323 0.00824041 0.00812233 0.00813873 0.00807838 0.00875843 0.00908822 0.00823888 0.00811668 0.00818818 0.0080479 0.00822836 0.00860373 0.00982664 0.00822429 0.00794652 0.00831498 0.00800024 0.00807429 0.00816718 0.00859166 0.00829858 0.00803469 0.00814265 0.00807044 0.00926905 
0.00509682 0 0.0583166 0.00852484 0.0158863 0.013192 0.058586 0.00999042 0.0145394 0.010019 0.00926334 0.00928827 0.0134307 0.0102165 0.0142541 0.00846722 0.00822219 0.00821531 0.00821581 0.00797381 0.00815346 0.0079296 0.00805816 0.00821704 0.00813081 0.00972263 0.00828044 0.00818998 0.00819304 0.00825538 0.00818387 0.00852751 0.0080632 0.00923573 0.00815299 0.00816564 0.00808908 0.00829437 0.00835963 0.00846087 0.00832406 0.00818993 0.00793032 0.00819074 0.00812195 0.00792413 0.00838314 0.00803033 0.00823418 0.00802227 0.00782979 0.00845666 
0.00999561 0.0583166 0 0.00329476 0.00331723 0.00368529 0.0172247 0.0104544 0.0125396 0.0209366 0.010473 0.0145634 0.0129493 0.275895 0.0100585 0.012079 0.00843821 0.0170304 0.0086477 0.00897282 0.00934993 0.00832997 0.0115891 0.00906217 0.0160365 0.00977043 0.00884665 0.00968101 0.00983312 0.00949732 0.00948774 0.0104077 0.0120928 0.00970082 0.00924028 0.00866502 0.0108982 0.00953876 0.0125063 0.0155391 0.00805186 0.00872931 0.00843249 0.00829041 0.00830237 0.00982485 0.00871424 0.00901491 0.00877507 0.00832186 0.00870903 0.00950449 
0.0214736 0.00852484 0.00329476 0 0.00320116 0.00316877 0.00710791 0.0315772 0.0144348 0.0110487 0.0399408 0.017779 0.29129 0.010861 0.013495 0.00870239 0.0372482 0.00868861 0.0201178 0.00919041 0.0087502 0.0202928 0.00844621 0.0168625 0.00843017 0.00929414 0.0110562 0.0122309 0.0156175 0.0152778 0.0161211 0.0105983 0.0107906 0.00901079 0.00988854 0.0257957 0.0105319 0.0324015 0.012955 0.0108812 0.00887442 0.00802707 0.00950399 0.00810037 0.00852175 0.00812676 0.00810171 0.007989 0.0080339 0.00812108 0.00823074 0.00804282 
0.0105728 0.0158863 0.00331723 0.00320116 0 0.00317256 0.0227775 0.0104979 0.00925355 0.0391516 0.0119107 0.285769 0.0307934 0.0155966 0.00940902 0.0329539 0.00875472 0.0243729 0.00881341 0.0103256 0.0138203 0.00844432 0.0173338 0.0088034 0.00894181 0.00909237 0.0138769 0.0170457 0.0140243 0.0146903 0.0169414 0.0268414 0.00874686 0.009659 0.0145873 0.00984687 0.0295697 0.0123794 0.0342948 0.0126175 0.00814156 0.0094643 0.00806554 0.00859456 0.00839968 0.00812741 0.0080021 0.00794458 0.00819866 0.00823948 0.00796336 0.00798496 
0.0291656 0.013192 0.00368529 0.00316877 0.00317256 0 0.00999577 0.0103775 0.0190571 0.0111221 0.180653 0.0130831 0.0260041 0.0253073 0.0326617 0.00905484 0.0117117 0.00874715 0.0103186 0.00914211 0.00862152 0.0110765 0.00853211 0.00961848 0.00876836 0.0160111 0.0100924 0.0106413 0.0115651 0.0116775 0.0114474 0.0111022 0.0162251 0.0133534 0.0094172 0.012962 0.00991493 0.0124563 0.0130145 0.0173913 0.0110697 0.00802016 0.00921325 0.00957468 0.00848126 0.00826839 0.00828007 0.00798542 0.00877517 0.00797608 0.00833202 0.00831495 
0.010288 0.058586 0.0172247 0.00710791 0.0227775 0.00999577 0 0.00470529 0.00458689 0.229188 0.00452636 0.00462123 0.00516901 0.0105491 0.0123491 0.0113202 0.00819172 0.0102052 0.00830594 0.00852386 0.0086548 0.00820899 0.00926745 0.00850188 0.0125372 0.00949856 0.00917675 0.00878011 0.00845227 0.00864671 0.00846404 0.00936641 0.0105543 0.00973003 0.00927687 0.00832486 0.00893769 0.00841868 0.00962726 0.0122813 0.00808725 0.00956685 0.00805162 0.00815524 0.00825201 0.00882501 0.00867731 0.00924418 0.0084298 0.00837752 0.00807782 0.00953863 
0.0462105 0.00999042 0.0104544 0.0315772 0.0104979 0.0103775 0.00470529 0 0.368509 0.00463604 0.00355473 0.00359117 0.00658536 0.00439213 0.0227582 0.00840478 0.00956078 0.00824997 0.00971088 0.00832754 0.00822093 0.00968184 0.0082683 0.00962635 0.00880578 0.0166994 0.00876948 0.00846516 0.00850213 0.0084736 0.00844803 0.00879631 0.0105148 0.0119786 0.00870778 0.00859945 0.0083998 0.00879995 0.00877833 0.0106232 0.0121932 0.0079842 0.00925268 0.00856598 0.00827689 0.0080262 0.0100529 0.00833669 0.00849874 0.00793076 0.00826435 0.00960146 
0.0121539 0.0145394 0.0125396 0.0144348 0.00925355 0.0190571 0.00458689 0.368509 0 0.00337983 0.00317836 0.00319809 0.00324549 0.00435302 0.184626 0.0116308 0.012932 0.0091344 0.0109748 0.00909464 0.00898904 0.0106387 0.00871855 0.0107577 0.014048 0.0148048 0.0123939 0.0111645 0.0106949 0.0115104 0.0108287 0.0112247 0.0217135 0.0163006 0.0111405 0.017697 0.00972476 0.0173713 0.0113335 0.0226399 0.0094934 0.00804442 0.0123274 0.00884118 0.00844058 0.0103558 0.00877606 0.00916072 0.00850455 0.00820639 0.00958144 0.00969566 
0.00900686 0.010019 0.0209366 0.0110487 0.0391516 0.0111221 0.229188 0.00463604 0.00337983 0 0.0031596 0.00319446 0.00324305 0.00335232 0.0199909 0.135498 0.010242 0.0220872 0.0101527 0.0115812 0.0148006 0.00899613 0.0146544 0.00978209 0.00967952 0.0100172 0.0191866 0.032191 0.0228174 0.0260266 0.0243207 0.0183645 0.010321 0.0104005 0.043073 0.0134673 0.115185 0.0206434 0.046548 0.0124453 0.00850731 0.00991045 0.00828978 0.00885474 0.00931613 0.00835336 0.00819308 0.0080877 0.00827292 0.00838424 0.00838447 0.00807924 
0.00946753 0.00926334 0.010473 0.0399408 0.0119107 0.180653 0.00452636 0.00355473 0.00317836 0.0031596 0 0.00319062 0.00321986 0.00320561 0.0877057 0.0179134 0.14758 0.0148686 0.0430081 0.0193846 0.0130444 0.0362966 0.0112845 0.0148053 0.00905518 0.0105813 0.0233424 0.0492781 0.1018 0.0824911 0.0733859 0.0233902 0.0133469 0.0142312 0.0194163 0.214325 0.0549717 0.34196 0.0337305 0.0250889 0.00943437 0.00838521 0.00976358 0.00989762 0.00925648 0.00883234 0.0082306 0.00810277 0.00866338 0.0086621 0.00872618 0.00799309 
0.00886775 0.00928827 0.0145634 0.017779 0.285769 0.0130831 0.00462123 0.00359117 0.00319809 0.00319446 0.00319062 0 0.00319331 0.00319751 0.0249905 0.0803211 0.0234396 0.0899941 0.018349 0.0314242 0.0319195 0.0150557 0.0284315 0.0102994 0.00974351 0.0102469 0.0228019 0.0936063 0.0776581 0.082719 0.0939528 0.029681 0.0122013 0.0108214 0.0555362 0.04669 0.254012 0.0819024 0.155393 0.0207973 0.00880719 0.00975229 0.00906557 0.00980656 0.00949149 0.00909398 0.00827784 0.00812302 0.00876367 0.00869592 0.00866073 0.00805595 
0.0102617 0.0134307 0.0129493 0.29129 0.0307934 0.0260041 0.00516901 0.00658536 0.00324549 0.00324305 0.00321986 0.00319331 0 0.00322628 0.0284069 0.0280073 0.0534049 0.0133553 0.0487812 0.0214837 0.0160738 0.0241395 0.0102967 0.0297406 0.00920385 0.0114229 0.0257984 0.0256387 0.0385574 0.0328506 0.0352148 0.0523307 0.0160622 0.0119813 0.0234871 0.0578912 0.0204381 0.0702339 0.0835916 0.0983367 0.00936953 0.00897632 0.00985645 0.00950621 0.0103505 0.00873159 0.00829635 0.00813235 0.00872395 0.00875547 0.00859821 0.00814567 
0.0140653 0.0102165 0.275895 0.010861 0.0155966 0.0253073 0.0105491 0.00439213 0.00435302 0.00335232 0.00320561 0.00319751 0.00322628 0 0.0257478 0.0192871 0.0116786 0.021323 0.0134492 0.0192235 0.0138097 0.0136826 0.012941 0.010552 0.0219319 0.0266165 0.0140046 0.0165313 0.0140213 0.0155759 0.0150766 0.0224346 0.0223473 0.0272777 0.0153398 0.0103342 0.0157633 0.0118237 0.0289748 0.0355964 0.0135805 0.0091854 0.00877567 0.0138403 0.00880466 0.00987833 0.00970012 0.00863993 0.0121666 0.00854603 0.00883339 0.00965793 
0.00951399 0.0142541 0.0100585 0.013495 0.00940902 0.0326617 0.0123491 0.0227582 0.184626 0.0199909 0.0877057 0.0249905 0.0284069 0.0257478 0 0.00320847 0.00329018 0.0032868 0.00344747 0.003355 0.00396855 0.00488226 0.00512325 0.00919347 0.0136954 0.00788706 0.00787272 0.00932916 0.00947828 0.00961023 0.0103262 0.0140613 0.120075 0.0206036 0.0108697 0.0153851 0.00922562 0.0138153 0.0119958 0.0508098 0.0116501 0.00866149 0.0230966 0.00901274 0.00938456 0.0139308 0.00972413 0.0117095 0.00891947 0.00927339 0.0118339 0.0115065 
0.0083594 0.00846722 0.012079 0.00870239 0.0329539 0.00905484 0.0113202 0.00840478 0.0116308 0.135498 0.0179134 0.0803211 0.0280073 0.0192871 0.00320847 0 0.00317889 0.00318252 0.00320377 0.00318176 0.00335634 0.00344539 0.00543819 0.00581545 0.00612825 0.00674959 0.00763651 0.00819098 0.00862492 0.0105699 0.0101949 0.0233069 0.0230659 0.0123101 0.0271798 0.0101145 0.0273376 0.0107114 0.0282487 0.0107422 0.0084109 0.0112374 0.00829203 0.00891943 0.0085811 0.00864335 0.00836712 0.00830219 0.00844904 0.00840267 0.00819434 0.00821829 
0.0083058 0.00822219 0.00843821 0.0372482 0.00875472 0.0117117 0.00819172 0.00956078 0.012932 0.010242 0.14758 0.0234396 0.0534049 0.0116786 0.00329018 0.00317889 0 0.00314891 0.00319389 0.00339251 0.00322633 0.00435734 0.00340886 0.0047032 0.00432506 0.00634793 0.00715561 0.00817811 0.00969025 0.00950519 0.0175729 0.0464847 0.121587 0.0100483 0.0108415 0.0344638 0.00931676 0.0501553 0.0109245 0.0120621 0.0101403 0.00819679 0.0100202 0.00855077 0.00849081 0.0083144 0.00819978 0.00808758 0.00828025 0.00814509 0.00849183 0.00810225 
0.00798916 0.00821531 0.0170304 0.00868861 0.0243729 0.00874715 0.0102052 0.00824997 0.0091344 0.0220872 0.0148686 0.0899941 0.0133553 0.021323 0.0032868 0.00318252 0.00314891 0 0.00313704 0.00316351 0.00324699 0.00321273 0.00429129 0.00324681 0.00400518 0.00589886 0.00648187 0.00858838 0.00769391 0.0113897 0.0650407 0.0991349 0.0351332 0.00987759 0.0124128 0.0096768 0.0406266 0.0100614 0.0171831 0.0097331 0.00825461 0.00922374 0.00823079 0.00883148 0.00834185 0.00841637 0.00802792 0.00806215 0.00858028 0.00821877 0.00807428 0.00805214 
0.00832588 0.00821581 0.0086477 0.0201178 0.00881341 0.0103186 0.00830594 0.00971088 0.0109748 0.0101527 0.0430081 0.018349 0.0487812 0.0134492 0.00344747 0.00320377 0.00319389 0.00313704 0 0.00314255 0.00318006 0.00349112 0.00321674 0.0033816 0.00340034 0.00544051 0.00722929 0.00746286 0.0120976 0.0251043 0.137141 0.129314 0.0203332 0.00883307 0.0104835 0.025684 0.00970468 0.0292986 0.0115679 0.011684 0.0100986 0.00835187 0.0100035 0.00861872 0.00859399 0.00853549 0.00830004 0.00823524 0.00856464 0.0082661 0.00857196 0.00818074 
0.00803432 0.00797381 0.00897282 0.00919041 0.0103256 0.00914211 0.00852386 0.00832754 0.00909464 0.0115812 0.0193846 0.0314242 0.0214837 0.0192235 0.003355 0.00318176 0.00339251 0.00316351 0.00314255 0 0.00315543 0.00315193 0.00318651 0.00323601 0.00321295 0.00476604 0.00633912 0.00991409 0.017827 0.183557 0.219716 0.0155304 0.00780604 0.00868332 0.0113162 0.0118275 0.01429 0.0135351 0.014651 0.00996197 0.00829522 0.00835488 0.00844237 0.00849047 0.008365 0.00845358 0.00805839 0.00810016 0.00819955 0.00818858 0.00815252 0.00809649 
0.00799788 0.00815346 0.00934993 0.0087502 0.0138203 0.00862152 0.0086548 0.00822093 0.00898904 0.0148006 0.0130444 0.0319195 0.0160738 0.0138097 0.00396855 0.00335634 0.00322633 0.00324699 0.00318006 0.00315543 0 0.00309546 0.00323073 0.00318295 0.0031575 0.00445423 0.0109175 0.0123141 0.0600387 0.264619 0.0417373 0.00770605 0.00711016 0.0086492 0.0111882 0.00917412 0.0196761 0.0118126 0.0140353 0.00960088 0.0083228 0.00854291 0.00818544 0.00859092 0.00835209 0.00833892 0.00816644 0.00805826 0.00836855 0.00813541 0.00811281 0.00803423 
0.00822501 0.0079296 0.00832997 0.0202928 0.00844432 0.0110765 0.00820899 0.00968184 0.0106387 0.00899613 0.0362966 0.0150557 0.0241395 0.0136826 0.00488226 0.00344539 0.00435734 0.00321273 0.00349112 0.00315193 0.00309546 0 0.00314059 0.00320526 0.00322852 0.00493549 0.00717227 0.016336 0.41872 0.0443386 0.00981575 0.00648228 0.00762673 0.00864819 0.00882824 0.024532 0.00871377 0.030084 0.00995702 0.010416 0.00989167 0.00810109 0.0101154 0.00851285 0.00840434 0.00828623 0.0082514 0.00811599 0.0080765 0.00811996 0.00845227 0.00807176 
0.00791637 0.00805816 0.0115891 0.00844621 0.0173338 0.00853211 0.00926745 0.0082683 0.00871855 0.0146544 0.0112845 0.0284315 0.0102967 0.012941 0.00512325 0.00543819 0.00340886 0.00429129 0.00321674 0.00318651 0.00323073 0.00314059 0 0.00314405 0.00321964 0.00358225 0.00964517 0.773121 0.0143776 0.00721264 0.00635597 0.00725372 0.00616142 0.00858366 0.0106014 0.00867585 0.0296979 0.0093235 0.0131984 0.00966965 0.00823737 0.00937583 0.00825301 0.00869936 0.0083212 0.00832148 0.00806503 0.00808844 0.00839396 0.00810918 0.00805459 0.00806601 
0.00827753 0.00821704 0.00906217 0.0168625 0.0088034 0.00961848 0.00850188 0.00962635 0.0107577 0.00978209 0.0148053 0.0102994 0.0297406 0.010552 0.00919347 0.00581545 0.0047032 0.00324681 0.0033816 0.00323601 0.00318295 0.00320526 0.00314405 0 0.0033772 0.00505319 0.957993 0.00727417 0.00706754 0.00704946 0.00688316 0.00609395 0.00702302 0.00938669 0.0112822 0.0139078 0.00852601 0.0122493 0.0120098 0.0103737 0.0108408 0.00836704 0.00920038 0.00861199 0.00902686 0.00829114 0.00858262 0.00840416 0.00925678 0.00842744 0.00827518 0.0083127 
0.00874295 0.00813081 0.0160365 0.00843017 0.00894181 0.00876836 0.0125372 0.00880578 0.014048 0.00967952 0.00905518 0.00974351 0.00920385 0.0219319 0.0136954 0.00612825 0.00432506 0.00400518 0.00340034 0.00321295 0.0031575 0.00322852 0.00321964 0.0033772 0 0.991438 0.0052389 0.00346285 0.0037589 0.0042771 0.00481054 0.00563415 0.0065373 0.0158844 0.00914587 0.00808865 0.0089278 0.00844736 0.00947608 0.0134299 0.0119636 0.00899569 0.00823977 0.0125177 0.00836361 0.00890864 0.00969633 0.00860418 0.0122909 0.00826095 0.00826474 0.00988419 
0.00845961 0.00972263 0.00977043 0.00929414 0.00909237 0.0160111 0.00949856 0.0166994 0.0148048 0.0100172 0.0105813 0.0102469 0.0114229 0.0266165 0.00788706 0.00674959 0.00634793 0.00589886 0.00544051 0.00476604 0.00445423 0.00493549 0.00358225 0.00505319 0.991438 0 0.00321824 0.00316711 0.0031838 0.003215 0.00329598 0.0035364 0.00928573 0.0120736 0.00946468 0.0090951 0.00924527 0.00965476 0.0117297 0.0821095 0.0164256 0.00856069 0.0164942 0.00968288 0.00930102 0.0157454 0.0103356 0.0122427 0.00996676 0.00912748 0.0118138 0.0118196 
0.00811323 0.00828044 0.00884665 0.0110562 0.0138769 0.0100924 0.00917675 0.00876948 0.0123939 0.0191866 0.0233424 0.0228019 0.0257984 0.0140046 0.00787272 0.00763651 0.00715561 0.00648187 0.00722929 0.00633912 0.0109175 0.00717227 0.00964517 0.957993 0.0052389 0.00321824 0 0.00316045 0.00315673 0.00321492 0.00318242 0.00334557 0.00354186 0.0100436 0.0105378 0.0112371 0.00925285 0.01709 0.0375427 0.624726 0.00916222 0.0100357 0.00895034 0.00933682 0.0100183 0.00926647 0.00892774 0.0087774 0.00851282 0.00895328 0.00858272 0.00845181 
0.00824041 0.00818998 0.00968101 0.0122309 0.0170457 0.0106413 0.00878011 0.00846516 0.0111645 0.032191 0.0492781 0.0936063 0.0256387 0.0165313 0.00932916 0.00819098 0.00817811 0.00858838 0.00746286 0.00991409 0.0123141 0.016336 0.773121 0.00727417 0.00346285 0.00316711 0.00316045 0 0.00316204 0.00316391 0.00315784 0.00318728 0.00324916 0.00965892 0.0175016 0.0109389 0.0256651 0.034393 0.811787 0.0167587 0.00983892 0.00933612 0.00904035 0.0106719 0.00928421 0.00888833 0.00842478 0.00830641 0.00902251 0.00868183 0.00850499 0.00814821 
0.00812233 0.00819304 0.00983312 0.0156175 0.0140243 0.0115651 0.00845227 0.00850213 0.0106949 0.0228174 0.1018 0.0776581 0.0385574 0.0140213 0.00947828 0.00862492 0.00969025 0.00769391 0.0120976 0.017827 0.0600387 0.41872 0.0143776 0.00706754 0.0037589 0.0031838 0.00315673 0.00316204 0 0.00315587 0.00315719 0.00316728 0.00319548 0.00970475 0.010714 0.0257699 0.0240584 0.852546 0.0301108 0.0165326 0.00978666 0.00895335 0.0091183 0.00984774 0.0092522 0.00891478 0.00837818 0.00826138 0.00887674 0.00880865 0.00863319 0.00812303 
0.00813873 0.00825538 0.00949732 0.0152778 0.0146903 0.0116775 0.00864671 0.0084736 0.0115104 0.0260266 0.0824911 0.082719 0.0328506 0.0155759 0.00961023 0.0105699 0.00950519 0.0113897 0.0251043 0.183557 0.264619 0.0443386 0.00721264 0.00704946 0.0042771 0.003215 0.00321492 0.00316391 0.00315587 0 0.00316483 0.00317832 0.00318332 0.00861534 0.0181061 0.0226902 0.772404 0.0384285 0.0258162 0.0133427 0.00994231 0.00954441 0.00936555 0.010492 0.00944784 0.00922746 0.00842613 0.00835175 0.00892217 0.00880963 0.00868888 0.00821396 
0.00807838 0.00818387 0.00948774 0.0161211 0.0169414 0.0114474 0.00846404 0.00844803 0.0108287 0.0243207 0.0733859 0.0939528 0.0352148 0.0150766 0.0103262 0.0101949 0.0175729 0.0650407 0.137141 0.219716 0.0417373 0.00981575 0.00635597 0.00688316 0.00481054 0.00329598 0.00318242 0.00315784 0.00315719 0.00316483 0 0.00315307 0.00318383 0.00922732 0.0286757 0.853773 0.036012 0.0419299 0.0168338 0.0163733 0.00950436 0.00976002 0.0100768 0.00991498 0.00969643 0.00902959 0.00842532 0.00831969 0.00895748 0.00896225 0.00873487 0.00814486 
0.00875843 0.00852751 0.0104077 0.0105983 0.0268414 0.0111022 0.00936641 0.00879631 0.0112247 0.0183645 0.0233902 0.029681 0.0523307 0.0224346 0.0140613 0.0233069 0.0464847 0.0991349 0.129314 0.0155304 0.00770605 0.00648228 0.00725372 0.00609395 0.00563415 0.0035364 0.00334557 0.00318728 0.00316728 0.00317832 0.00315307 0 0.00322114 0.0137465 0.892319 0.0117789 0.0169885 0.0112497 0.0478701 0.0167907 0.00974637 0.0147297 0.00892967 0.0106198 0.0130509 0.0089646 0.00909071 0.00859217 0.00975142 0.0105338 0.00860938 0.00840046 
0.00908822 0.0080632 0.0120928 0.0107906 0.00874686 0.0162251 0.0105543 0.0105148 0.0217135 0.010321 0.0133469 0.0122013 0.0160622 0.0223473 0.120075 0.0230659 0.121587 0.0351332 0.0203332 0.00780604 0.00711016 0.00762673 0.00616142 0.00702302 0.0065373 0.00928573 0.00354186 0.00324916 0.00319548 0.00318332 0.00318383 0.00322114 0 0.846232 0.00983363 0.0155956 0.00817492 0.0118848 0.0121902 0.0452475 0.0258105 0.00849851 0.0130105 0.0187169 0.00896609 0.00978972 0.0115199 0.00883783 0.0134093 0.00844504 0.0101818 0.0106675 
0.00823888 0.00923573 0.00970082 0.00901079 0.009659 0.0133534 0.00973003 0.0119786 0.0163006 0.0104005 0.0142312 0.0108214 0.0119813 0.0272777 0.0206036 0.0123101 0.0100483 0.00987759 0.00883307 0.00868332 0.0086492 0.00864819 0.00858366 0.00938669 0.0158844 0.0120736 0.0100436 0.00965892 0.00970475 0.00861534 0.00922732 0.0137465 0.846232 0 0.00327562 0.00322343 0.00316964 0.00327401 0.00337397 0.00609766 0.035907 0.0103534 0.0228558 0.0127588 0.0100177 0.0185689 0.0111124 0.0139783 0.0107626 0.00979979 0.0124459 0.0130491 
0.00811668 0.00815299 0.00924028 0.00988854 0.0145873 0.0094172 0.00927687 0.00870778 0.0111405 0.043073 0.0194163 0.0555362 0.0234871 0.0153398 0.0108697 0.0271798 0.0108415 0.0124128 0.0104835 0.0113162 0.0111882 0.00882824 0.0106014 0.0112822 0.00914587 0.00946468 0.0105378 0.0175016 0.010714 0.0181061 0.0286757 0.892319 0.00983363 0.00327562 0 0.0031583 0.00318126 0.00328164 0.00374918 0.00360807 0.0206005 0.0380116 0.00923832 0.0124304 0.0158901 0.00933027 0.00947961 0.00938192 0.00969882 0.0110672 0.00900973 0.00916889 
0.00818818 0.00816564 0.00866502 0.0257957 0.00984687 0.012962 0.00832486 0.00859945 0.017697 0.0134673 0.214325 0.04669 0.0578912 0.0103342 0.0153851 0.0101145 0.0344638 0.0096768 0.025684 0.0118275 0.00917412 0.024532 0.00867585 0.0139078 0.00808865 0.0090951 0.0112371 0.0109389 0.0257699 0.0226902 0.853773 0.0117789 0.0155956 0.00322343 0.0031583 0 0.00315805 0.0032464 0.0032168 0.0032242 0.0466931 0.0100004 0.0157294 0.011201 0.00992681 0.00917374 0.00878984 0.00864121 0.00984124 0.00897217 0.0098073 0.00848565 
0.0080479 0.00808908 0.0108982 0.0105319 0.0295697 0.00991493 0.00893769 0.0083998 0.00972476 0.115185 0.0549717 0.254012 0.0204381 0.0157633 0.00922562 0.0273376 0.00931676 0.0406266 0.00970468 0.01429 0.0196761 0.00871377 0.0296979 0.00852601 0.0089278 0.00924527 0.00925285 0.0256651 0.0240584 0.772404 0.036012 0.0169885 0.00817492 0.00316964 0.00318126 0.00315805 0 0.00316251 0.00319946 0.00321269 0.0131128 0.0326466 0.00922319 0.011878 0.011705 0.00942021 0.00864152 0.00881591 0.00968781 0.010023 0.00896696 0.00843163 
0.00822836 0.00829437 0.00953876 0.0324015 0.0123794 0.0124563 0.00841868 0.00879995 0.0173713 0.0206434 0.34196 0.0819024 0.0702339 0.0118237 0.0138153 0.0107114 0.0501553 0.0100614 0.0292986 0.0135351 0.0118126 0.030084 0.0093235 0.0122493 0.00844736 0.00965476 0.01709 0.034393 0.852546 0.0384285 0.0419299 0.0112497 0.0118848 0.00327401 0.00328164 0.0032464 0.00316251 0 0.00318224 0.00320723 0.0857538 0.0114554 0.0204901 0.0136002 0.0120882 0.0101221 0.00890267 0.00868094 0.0111862 0.0105147 0.0104753 0.00846886 
0.00860373 0.00835963 0.0125063 0.012955 0.0342948 0.0130145 0.00962726 0.00877833 0.0113335 0.046548 0.0337305 0.155393 0.0835916 0.0289748 0.0119958 0.0282487 0.0109245 0.0171831 0.0115679 0.014651 0.0140353 0.00995702 0.0131984 0.0120098 0.00947608 0.0117297 0.0375427 0.811787 0.0301108 0.0258162 0.0168338 0.0478701 0.0121902 0.00337397 0.00374918 0.0032168 0.00319946 0.00318224 0 0.00322708 0.0164726 0.123049 0.0179644 0.0218621 0.0247165 0.0112423 0.0104739 0.0118878 0.0120016 0.0179793 0.0103009 0.00944885 
0.00982664 0.00846087 0.0155391 0.0108812 0.0126175 0.0173913 0.0122813 0.0106232 0.0226399 0.0124453 0.0250889 0.0207973 0.0983367 0.0355964 0.0508098 0.0107422 0.0120621 0.0097331 0.011684 0.00996197 0.00960088 0.010416 0.00966965 0.0103737 0.0134299 0.0821095 0.624726 0.0167587 0.0165326 0.0133427 0.0163733 0.0167907 0.0452475 0.00609766 0.00360807 0.0032242 0.00321269 0.00320723 0.00322708 0 0.0301876 0.0170112 0.144221 0.0318471 0.0177143 0.0158522 0.0204544 0.011133 0.0218227 0.0113785 0.0174761 0.0127335 
0.00822429 0.00832406 0.00805186 0.00887442 0.00814156 0.0110697 0.00808725 0.0121932 0.0094934 0.00850731 0.00943437 0.00880719 0.00936953 0.0135805 0.0116501 0.0084109 0.0101403 0.00825461 0.0100986 0.00829522 0.0083228 0.00989167 0.00823737 0.0108408 0.0119636 0.0164256 0.00916222 0.00983892 0.00978666 0.00994231 0.00950436 0.00974637 0.0258105 0.035907 0.0206005 0.0466931 0.0131128 0.0857538 0.0164726 0.0301876 0 0.00334436 0.00569168 0.00435884 0.00819382 0.760045 0.00866088 0.0131174 0.0129369 0.0094179 0.0339684 0.0169782 
0.00794652 0.00818993 0.00872931 0.00802707 0.0094643 0.00802016 0.00956685 0.0079842 0.00804442 0.00991045 0.00838521 0.00975229 0.00897632 0.0091854 0.00866149 0.0112374 0.00819679 0.00922374 0.00835187 0.00835488 0.00854291 0.00810109 0.00937583 0.00836704 0.00899569 0.00856069 0.0100357 0.00933612 0.00895335 0.00954441 0.00976002 0.0147297 0.00849851 0.0103534 0.0380116 0.0100004 0.0326466 0.0114554 0.123049 0.0170112 0.00334436 0 0.00318267 0.00460255 0.777412 0.00810155 0.015827 0.0101761 0.0105572 0.0608471 0.00867025 0.0110202 
0.00831498 0.00793032 0.00843249 0.00950399 0.00806554 0.00921325 0.00805162 0.00925268 0.0123274 0.00828978 0.00976358 0.00906557 0.00985645 0.00877567 0.0230966 0.00829203 0.0100202 0.00823079 0.0100035 0.00844237 0.00818544 0.0101154 0.00825301 0.00920038 0.00823977 0.0164942 0.00895034 0.00904035 0.0091183 0.00936555 0.0100768 0.00892967 0.0130105 0.0228558 0.00923832 0.0157294 0.00922319 0.0204901 0.0179644 0.144221 0.00569168 0.00318267 0 0.812719 0.00405376 0.00495094 0.00909302 0.00644902 0.0239067 0.00840953 0.0166044 0.0133567 
0.00800024 0.00819074 0.00829041 0.00810037 0.00859456 0.00957468 0.00815524 0.00856598 0.00884118 0.00885474 0.00989762 0.00980656 0.00950621 0.0138403 0.00901274 0.00891943 0.00855077 0.00883148 0.00861872 0.00849047 0.00859092 0.00851285 0.00869936 0.00861199 0.0125177 0.00968288 0.00933682 0.0106719 0.00984774 0.010492 0.00991498 0.0106198 0.0187169 0.0127588 0.0124304 0.011201 0.011878 0.0136002 0.0218621 0.0318471 0.00435884 0.00460255 0.812719 0 0.00327338 0.00346027 0.00405842 0.062002 0.0121326 0.010091 0.0271716 0.0182462 
0.00807429 0.00812195 0.00830237 0.00852175 0.00839968 0.00848126 0.00825201 0.00827689 0.00844058 0.00931613 0.00925648 0.00949149 0.0103505 0.00880466 0.00938456 0.0085811 0.00849081 0.00834185 0.00859399 0.008365 0.00835209 0.00840434 0.0083212 0.00902686 0.00836361 0.00930102 0.0100183 0.00928421 0.0092522 0.00944784 0.00969643 0.0130509 0.00896609 0.0100177 0.0158901 0.00992681 0.011705 0.0120882 0.0247165 0.0177143 0.00819382 0.777412 0.00405376 0.00327338 0 0.00322946 0.00947853 0.0926052 0.00939512 0.0434007 0.00922902 0.0145225 
0.00816718 0.00792413 0.00982485 0.00812676 0.00812741 0.00826839 0.00882501 0.0080262 0.0103558 0.00835336 0.00883234 0.00909398 0.00873159 0.00987833 0.0139308 0.00864335 0.0083144 0.00841637 0.00853549 0.00845358 0.00833892 0.00828623 0.00832148 0.00829114 0.00890864 0.0157454 0.00926647 0.00888833 0.00891478 0.00922746 0.00902959 0.0089646 0.00978972 0.0185689 0.00933027 0.00917374 0.00942021 0.0101221 0.0112423 0.0158522 0.760045 0.00810155 0.00495094 0.00346027 0.00322946 0 0.12733 0.00634975 0.0499888 0.00830013 0.0192489 0.010565 
0.00859166 0.00838314 0.00871424 0.00810171 0.0080021 0.00828007 0.00867731 0.0100529 0.00877606 0.00819308 0.0082306 0.00827784 0.00829635 0.00970012 0.00972413 0.00836712 0.00819978 0.00802792 0.00830004 0.00805839 0.00816644 0.0082514 0.00806503 0.00858262 0.00969633 0.0103356 0.00892774 0.00842478 0.00837818 0.00842613 0.00842532 0.00909071 0.0115199 0.0111124 0.00947961 0.00878984 0.00864152 0.00890267 0.0104739 0.0204544 0.00866088 0.015827 0.00909302 0.00405842 0.00947853 0.12733 0 0.0132077 0.00888714 0.137866 0.0734842 0.0185074 
0.00829858 0.00803033 0.00901491 0.007989 0.00794458 0.00798542 0.00924418 0.00833669 0.00916072 0.0080877 0.00810277 0.00812302 0.00813235 0.00863993 0.0117095 0.00830219 0.00808758 0.00806215 0.00823524 0.00810016 0.00805826 0.00811599 0.00808844 0.00840416 0.00860418 0.0122427 0.0087774 0.00830641 0.00826138 0.00835175 0.00831969 0.00859217 0.00883783 0.0139783 0.00938192 0.00864121 0.00881591 0.00868094 0.0118878 0.011133 0.0131174 0.0101761 0.00644902 0.062002 0.0926052 0.00634975 0.0132077 0 0.535737 0.0142714 0.00680687 0.0123078 
0.00803469 0.00823418 0.00877507 0.0080339 0.00819866 0.00877517 0.0084298 0.00849874 0.00850455 0.00827292 0.00866338 0.00876367 0.00872395 0.0121666 0.00891947 0.00844904 0.00828025 0.00858028 0.00856464 0.00819955 0.00836855 0.0080765 0.00839396 0.00925678 0.0122909 0.00996676 0.00851282 0.00902251 0.00887674 0.00892217 0.00895748 0.00975142 0.0134093 0.0107626 0.00969882 0.00984124 0.00968781 0.0111862 0.0120016 0.0218227 0.0129369 0.0105572 0.0239067 0.0121326 0.00939512 0.0499888 0.00888714 0.535737 0 0.00349998 0.00357663 0.012295 
0.00814265 0.00802227 0.00832186 0.00812108 0.00823948 0.00797608 0.00837752 0.00793076 0.00820639 0.00838424 0.0086621 0.00869592 0.00875547 0.00854603 0.00927339 0.00840267 0.00814509 0.00821877 0.0082661 0.00818858 0.00813541 0.00811996 0.00810918 0.00842744 0.00826095 0.00912748 0.00895328 0.00868183 0.00880865 0.00880963 0.00896225 0.0105338 0.00844504 0.00979979 0.0110672 0.00897217 0.010023 0.0105147 0.0179793 0.0113785 0.0094179 0.0608471 0.00840953 0.010091 0.0434007 0.00830013 0.137866 0.0142714 0.00349998 0 0.00330449 0.00682814 
0.00807044 0.00782979 0.00870903 0.00823074 0.00796336 0.00833202 0.00807782 0.00826435 0.00958144 0.00838447 0.00872618 0.00866073 0.00859821 0.00883339 0.0118339 0.00819434 0.00849183 0.00807428 0.00857196 0.00815252 0.00811281 0.00845227 0.00805459 0.00827518 0.00826474 0.0118138 0.00858272 0.00850499 0.00863319 0.00868888 0.00873487 0.00860938 0.0101818 0.0124459 0.00900973 0.0098073 0.00896696 0.0104753 0.0103009 0.0174761 0.0339684 0.00867025 0.0166044 0.0271716 0.00922902 0.0192489 0.0734842 0.00680687 0.00357663 0.00330449 0 0.0462118 
0.00926905 0.00845666 0.00950449 0.00804282 0.00798496 0.00831495 0.00953863 0.00960146 0.00969566 0.00807924 0.00799309 0.00805595 0.00814567 0.00965793 0.0115065 0.00821829 0.00810225 0.00805214 0.00818074 0.00809649 0.00803423 0.00807176 0.00806601 0.0083127 0.00988419 0.0118196 0.00845181 0.00814821 0.00812303 0.00821396 0.00814486 0.00840046 0.0106675 0.0130491 0.00916889 0.00848565 0.00843163 0.00846886 0.00944885 0.0127335 0.0169782 0.0110202 0.0133567 0.0182462 0.0145225 0.010565 0.0185074 0.0123078 0.012295 0.00682814 0.0462118 0 
