1SDXA
YTRVVWCAVGPEEQKKCQQWSQQSGQNVTCATASTTDDCIVLVLKGEADALNLDGGYIYTAGKCGLVPVLAENRKSSKHSSLDCVLRPTEGYLAVAVVKKANEGLTWNSLKDKKSCHTAVDRTAGWNIPMGLIVNQTGSCAFDEFFSQSCAPGADPKSRLCALCAGDDQGLDKCVPNSKEKYYGYTGAFRCLAEDVGDVAFVKNDTVWENTNGESTADWAKNLKREDFRLLCLDGTRKPVTEAQSCHLAVAPNHAVVSRSDRAAHVEQVLLHQQALFGKNGKNCPDKFCLFKSETKNLLFNDNTECLAKLGGRPTYEEYLGTEYVTAIANLKKCS
CCCEEEEEEHHHHHHHHHHHHHHCCCCEEEEEECCHHHHHHHHHHCCCCEEEECHHHHHHHHHCCEEEEEEEEECCCCCCCCCHHHCCCCCEEEEEEEECCCCCCCHHHCCCCEEEECCCCCCCCCHHHHHHHHHHHCCCCHHHCCCEEECCCCCCCCCCCCCCCCCCCCCCCCCCCCCCCCCHHHHHHHHHHCCCCCEEEEEHHHHHHCCCCCCCCCCCCCCCHHHEEEECCCCCEECHHHHHHCCCEEECCCEEEEEHHHHHHHHHHHHHHHHHHCCCCCCCCCCCCCCCCCCCCCCCCCCEEEEEECCCCCCHHHHHCHHHHHHHHHHHCCC
0 0 0 0 0 0 0 0 0 0 0 0 0 0 0 0 0 0 0 0 0 0 0 0 0 0 0 0 0 0 0 0 0 0 0 0 0 0 0 0 0 0 0 0 0 0 0 0 0 0 0 0 0 0 0 0 0 0 0 0 0 0 0 0 0 0 0 0 0 0 0 0 0 0 0 0 0 0 0 0 0 0 0 0 0 0 0 0 0 0 0 0 0 0 0 0 0 0 0 0 0 0 0 0 0 0 0 0 0 0 0 0 0 0 0 0 0 0 0 0 0 0 0 0 0 0 0 0 0 0 0 0 0 0 0 0 0 0 0 0 0 0 0 0 0 0 0 0 0 0 0 0 0 0 0 0 0 0 0 0 0 0 0 0 0 0 0 0 0 0 0 0 0 0 0 0 0 0 0 0 0 0 0 0 0 0 0 0 0 0 0 0 0 0 0 0 0 0 0 0 0 0 0 0 0 0 0 0 0 0 0 0 0 0 0 0 0 0 0 0 0 0 0 0 0 0 0 0 0 0 0 0 0 0 0 0 0 0 0 0 0 0 0 0 0 0 0 0 0 0 0 0 0 0 0 0 0 0 0 0 0 0 0 0 0 0 0 0 0 0 0 0 0 0 0 0 0 0 0 0 0 0 0 0 0 0 0 0 0 0 0 0 0 0 0 0 0 0 0 0 0 0 0 0 0 0 0 0 0 0 0 0 0 0 0 0 0 0 0 0 0 0 0 0 0 0 0 0 0 0 0 0 0 0 0 
0 0 0 0 0 0 0 0 0 0 0 0 0 0 0 0 0 0 0 0 0 0 0 0 0 0 0 0 0 0 0 0 0 0 0 0 0 0 0 0 0 0 0 0 0 0 0 0 0 0 0 0 0 0 0 0 0 0 0 0 0 0 0 0 0 0 0 0 0 0 0 0 0 0 0 0 0 0 0 0 0 0 0 0 0 0 0 0 0 0 0 0 0 0 0 0 0 0 0 0 0 0 0 0 0 0 0 0 0 0 0 0 0 0 0 0 0 0 0 0 0 0 0 0 0 0 0 0 0 0 0 0 0 0 0 0 0 0 0 0 0 0 0 0 0 0 0 0 0 0 0 0 0 0 0 0 0 0 0 0 0 0 0 0 0 0 0 0 0 0 0 0 0 0 0 0 0 0 0 0 0 0 0 0 0 0 0 0 0 0 0 0 0 0 0 0 0 0 0 0 0 0 0 0 0 0 0 0 0 0 0 0 0 0 0 0 0 0 0 0 0 0 0 0 0 0 0 0 0 0 0 0 0 0 0 0 0 0 0 0 0 0 0 0 0 0 0 0 0 0 0 0 0 0 0 0 0 0 0 0 0 0 0 0 0 0 0 0 0 0 0 0 0 0 0 0 0 0 0 0 0 0 0 0 0 0 0 0 0 0 0 0 0 0 0 0 0 0 0 0 0 0 0 0 0 0 0 0 0 0 0 0 0 0 0 0 0 0 0 0 0 0 0 0 0 0 0 0 0 0 0 0 0 0 0 
0 0.00330645 0.00326001 0.00329696 0.003313 0.00386774 0.393533 0.0117653 0.0140991 0.0136987 0.0113797 0.0664282 0.0352034 0.0223417 0.0126709 0.032433 0.0223258 0.00901773 0.0169775 0.0134602 0.011504 0.0132687 0.00989998 0.0104287 0.0173139 0.010131 0.0121706 0.0105578 0.0148137 0.0121918 0.014678 0.0115266 0.0165149 0.00865925 0.00840124 0.00856962 0.0101795 0.00819647 0.00794466 0.00934031 0.00853449 0.00853045 0.00870412 0.00835982 0.00828412 0.008396 0.00829402 0.00841433 0.00849247 0.00823725 0.0083247 0.0083547 0.00829019 0.00848824 0.00833223 0.0084676 0.00835675 0.00849751 0.00828689 0.00829969 0.00833654 0.00840769 0.00841493 0.0085155 0.00935204 
0.00330645 0 0.00326321 0.00327172 0.00338359 0.00323026 0.0150742 0.384629 0.0140363 0.0157783 0.0285453 0.0107247 0.0325058 0.061944 0.0357878 0.0111554 0.0108556 0.017184 0.0197723 0.0338794 0.0406793 0.0265368 0.0312976 0.018221 0.00911594 0.0109627 0.0189315 0.0268133 0.0268058 0.0511965 0.0268312 0.0189907 0.00949531 0.00829646 0.0100454 0.0109198 0.00902654 0.00803319 0.00834154 0.00819856 0.00826786 0.00951817 0.00950037 0.00878245 0.0080738 0.0081644 0.00829849 0.00849242 0.00827812 0.0079243 0.00803464 0.00800813 0.00820857 0.00818441 0.00823708 0.0087511 0.00857871 0.00827161 0.00801142 0.00815847 0.0085673 0.00891229 0.00856672 0.00842865 0.00840171 
0.00326001 0.00326321 0 0.00332905 0.00319351 0.00317268 0.0164289 0.0135816 0.349112 0.0273323 0.0223884 0.0104694 0.0232981 0.0493538 0.0356185 0.014374 0.0103884 0.0133638 0.034214 0.0658334 0.0775277 0.0613161 0.058868 0.0145518 0.00989561 0.00987343 0.0193361 0.0481917 0.0667671 0.0690414 0.0824422 0.0159701 0.0103714 0.00841542 0.0106059 0.0108593 0.0105292 0.00831565 0.00834557 0.00849264 0.00861177 0.0100968 0.0116291 0.00895323 0.00833497 0.00819349 0.00860007 0.00895964 0.00850959 0.00802875 0.0080688 0.00812477 0.00836748 0.00831317 0.00851339 0.00918071 0.00896552 0.00851233 0.008072 0.00837436 0.00873557 0.00921544 0.00882847 0.00864636 0.00857323 
0.00329696 0.00327172 0.00332905 0 0.0031579 0.00317092 0.0155717 0.0249627 0.0253865 0.334319 0.0103684 0.0133542 0.0199121 0.0396541 0.0242566 0.0138603 0.0103504 0.0104312 0.026704 0.0436684 0.0407587 0.0595712 0.0291394 0.0120018 0.00931436 0.00964125 0.0182314 0.0431097 0.0402232 0.0568669 0.0438932 0.0149892 0.00940591 0.00840702 0.00923591 0.0108916 0.00923726 0.00825817 0.00825608 0.00842765 0.00859813 0.00978711 0.0102055 0.00886954 0.00833158 0.00874976 0.00835237 0.00861561 0.00823335 0.00805997 0.00801459 0.00810455 0.0082713 0.0081877 0.0084527 0.00884794 0.0085984 0.00837223 0.00803445 0.00826035 0.00851967 0.00876067 0.00861643 0.0084704 0.00834959 
0.003313 0.00338359 0.00319351 0.0031579 0 0.0031577 0.0122163 0.0249126 0.0281574 0.0125268 0.311243 0.00995242 0.0175267 0.0273657 0.0348168 0.013494 0.00967312 0.0115496 0.0129728 0.0186485 0.0318262 0.0167143 0.0161748 0.0143627 0.00933026 0.010859 0.0174612 0.0200538 0.0219406 0.0212959 0.0223883 0.0146705 0.00945506 0.00858378 0.0099403 0.010842 0.00938157 0.00809881 0.00847851 0.00841929 0.00920251 0.0092429 0.00911697 0.00844093 0.00802133 0.00816638 0.0082752 0.00842079 0.00814961 0.00792368 0.00797543 0.00805198 0.00820413 0.00809516 0.00824392 0.00852719 0.00843902 0.00824209 0.00802495 0.00821821 0.00841014 0.00852531 0.0083891 0.00831119 0.0082124 
0.00386774 0.00323026 0.00317268 0.00317092 0.0031577 0 0.0191878 0.0139163 0.00987125 0.011643 0.0108931 0.199242 0.0267402 0.0135531 0.0135731 0.0191989 0.0197512 0.00921657 0.00939895 0.0117943 0.0109162 0.0107375 0.0104849 0.00940844 0.0114135 0.0156267 0.0108806 0.0104108 0.0105084 0.0108889 0.0108213 0.0098529 0.00938707 0.00989082 0.00888665 0.00857583 0.0101106 0.00841615 0.00821749 0.00826919 0.00872965 0.00853039 0.00884649 0.00805469 0.00791848 0.0085674 0.00814807 0.00810069 0.0080955 0.00801595 0.00793764 0.00822044 0.00793337 0.00795883 0.00839238 0.00825517 0.0081324 0.00801492 0.00799298 0.00849262 0.00825342 0.00826179 0.00826068 0.00823625 0.00820602 
0.393533 0.0150742 0.0164289 0.0155717 0.0122163 0.0191878 0 0.00320515 0.00326974 0.00319646 0.00341072 0.00787397 0.0166811 0.0152851 0.00944042 0.0478124 0.0197211 0.00851064 0.0109557 0.0102947 0.00943045 0.0107419 0.00882392 0.00945403 0.022173 0.00918782 0.00958521 0.00926889 0.0102511 0.0099626 0.0098049 0.00981421 0.0214585 0.00832204 0.00808737 0.00866622 0.00979759 0.00799881 0.00782167 0.00897452 0.00820971 0.00808499 0.00814551 0.00811007 0.00804773 0.00840781 0.00795835 0.0080023 0.00811474 0.00852558 0.0080306 0.00809427 0.0080593 0.00821416 0.00818006 0.00809938 0.008029 0.00812229 0.00810477 0.00815005 0.00814508 0.00813155 0.00815437 0.00826213 0.00870264 
0.0117653 0.384629 0.0135816 0.0249627 0.0249126 0.0139163 0.00320515 0 0.00327506 0.00318467 0.00363573 0.00328222 0.0184672 0.0128448 0.0213544 0.0090369 0.00874453 0.0112192 0.00922569 0.0129068 0.0139022 0.0109641 0.0122925 0.011191 0.00889181 0.00894891 0.0103886 0.0143053 0.0112632 0.0188554 0.0121865 0.0123624 0.0092805 0.00810472 0.0086037 0.00880391 0.00892956 0.00795076 0.00804553 0.00808523 0.00812101 0.00843548 0.00863188 0.0086375 0.00811283 0.00792189 0.00815014 0.00810236 0.00807598 0.00802715 0.00799026 0.0079301 0.00812346 0.00802527 0.00804157 0.00824692 0.00812544 0.00809098 0.0080298 0.0081047 0.00826181 0.00828622 0.00831271 0.00825877 0.00829486 
0.0140991 0.0140363 0.349112 0.0253865 0.0281574 0.00987125 0.00326974 0.00327506 0 0.00315082 0.00320426 0.00320525 0.0135818 0.0185382 0.0137278 0.00915082 0.00915185 0.0090773 0.0117783 0.0169758 0.016985 0.014836 0.0177538 0.00945789 0.00865772 0.00908188 0.0112896 0.0158658 0.0207258 0.019535 0.0231485 0.00980411 0.00883047 0.00820398 0.00855889 0.00881886 0.0085083 0.00796111 0.0081642 0.00809661 0.00820929 0.00858272 0.00875604 0.00843356 0.00799887 0.0080743 0.00830357 0.00819271 0.0081006 0.00792638 0.00797359 0.00803225 0.00811735 0.00793846 0.00822025 0.00834837 0.00837472 0.00814481 0.00797668 0.00822056 0.00827352 0.00835771 0.00836769 0.00828158 0.00826583 
0.0136987 0.0157783 0.0273323 0.334319 0.0125268 0.011643 0.00319646 0.00318467 0.00315082 0 0.00314958 0.00319334 0.0172824 0.021586 0.0125775 0.010704 0.0102332 0.00862463 0.017884 0.0139289 0.0128785 0.0228572 0.0115245 0.00946812 0.00916521 0.00868604 0.0113009 0.0167201 0.0184056 0.024081 0.01804 0.0102591 0.00902321 0.00805375 0.00878434 0.0092602 0.00855924 0.0079654 0.00806907 0.00836688 0.00816984 0.00854743 0.00859601 0.00831925 0.00796503 0.00830986 0.00810825 0.00825997 0.00801727 0.00797297 0.0079164 0.00797039 0.00812869 0.00800303 0.00815548 0.00826551 0.00827096 0.00809586 0.00791162 0.00815299 0.00825952 0.00832588 0.00830885 0.00830837 0.0082215 
0.0113797 0.0285453 0.0223884 0.0103684 0.311243 0.0108931 0.00341072 0.00363573 0.00320426 0.00314958 0 0.00328946 0.0168572 0.0154513 0.062344 0.0103808 0.00918371 0.0187869 0.00909546 0.011087 0.0149652 0.0101099 0.0124472 0.0103691 0.00868277 0.0113787 0.0119313 0.0111643 0.0123464 0.0128308 0.0114609 0.0110258 0.00860551 0.00850733 0.00900397 0.0088887 0.00912347 0.00794893 0.00820917 0.00798934 0.00823356 0.00854886 0.00858708 0.00815966 0.00797231 0.00804063 0.00822147 0.0080973 0.00808543 0.0078953 0.00792624 0.00806773 0.00799756 0.00794248 0.00806349 0.00817899 0.00811718 0.00795344 0.00789671 0.00817395 0.00821002 0.0081835 0.00823464 0.00828224 0.00817704 
0.0664282 0.0107247 0.0104694 0.0133542 0.00995242 0.199242 0.00787397 0.00328222 0.00320525 0.00319334 0.00328946 0 0.029531 0.0195764 0.0230257 0.0526003 0.0417363 0.00888158 0.00943255 0.0116049 0.00990605 0.0110214 0.00899046 0.00918169 0.0127955 0.0223692 0.0105762 0.00994257 0.0101589 0.010061 0.00961312 0.00932194 0.0109478 0.010257 0.00860602 0.00852708 0.00977052 0.00867754 0.00807647 0.0082787 0.00886461 0.00825158 0.00832573 0.00802412 0.00802614 0.00913732 0.00809262 0.00802486 0.00813913 0.00829627 0.00797884 0.00826909 0.0079547 0.00812563 0.00837476 0.00813384 0.00810636 0.00802887 0.00797358 0.0085718 0.00827851 0.00824662 0.00829491 0.0083727 0.00827348 
0.0352034 0.0325058 0.0232981 0.0199121 0.0175267 0.0267402 0.0166811 0.0184672 0.0135818 0.0172824 0.0168572 0.029531 0 0.00327972 0.00324597 0.0034772 0.0155622 0.0175367 0.015881 0.0278707 0.0222653 0.0150719 0.0161763 0.0104877 0.0217853 0.0208621 0.0244853 0.0226921 0.0287702 0.0269954 0.0202025 0.0162672 0.0269572 0.0131695 0.013156 0.0102796 0.0194825 0.0085578 0.00873854 0.0118152 0.00961495 0.00974104 0.00974593 0.00944121 0.00957007 0.00825706 0.00845307 0.00890196 0.00894138 0.00800683 0.00818721 0.00816633 0.00822237 0.00838029 0.00860836 0.00849177 0.00831117 0.00825031 0.00815434 0.00818516 0.00817287 0.00830639 0.00823242 0.0082501 0.00870581 
0.0223417 0.061944 0.0493538 0.0396541 0.0273657 0.0135531 0.0152851 0.0128448 0.0185382 0.021586 0.0154513 0.0195764 0.00327972 0 0.00322294 0.00319057 0.024197 0.0186585 0.0837397 0.0364191 0.0260831 0.0342662 0.0156066 0.0228026 0.0100561 0.0116073 0.0488452 0.0327343 0.0462093 0.0605809 0.0454227 0.0287821 0.0118639 0.00878151 0.014559 0.022737 0.0102592 0.00842716 0.00873031 0.00893926 0.00906421 0.0107551 0.010756 0.00921889 0.00836662 0.00820213 0.00844889 0.00888304 0.00853412 0.00801893 0.0079907 0.00802936 0.00816603 0.0080782 0.00828512 0.00874005 0.00870393 0.00816362 0.00798466 0.00815574 0.00843228 0.00856765 0.00847596 0.00832928 0.00835337 
0.0126709 0.0357878 0.0356185 0.0242566 0.0348168 0.0135731 0.00944042 0.0213544 0.0137278 0.0125775 0.062344 0.0230257 0.00324597 0.00322294 0 0.00317399 0.0097694 0.0683106 0.0179552 0.0221259 0.0452602 0.0164907 0.0321598 0.0205052 0.0136899 0.0134012 0.0200987 0.0290286 0.0253299 0.0347579 0.0428759 0.0289963 0.0117042 0.00898015 0.0149026 0.0148613 0.0137845 0.00823208 0.00953239 0.00879801 0.00869948 0.00972098 0.0106713 0.00932448 0.00839728 0.00810448 0.00853067 0.00879365 0.00826122 0.00791623 0.00797057 0.0080519 0.0082407 0.00806822 0.00823725 0.00875495 0.00848292 0.00816112 0.00794571 0.00816547 0.00825001 0.00841034 0.00831361 0.008285 0.00814967 
0.032433 0.0111554 0.014374 0.0138603 0.013494 0.0191989 0.0478124 0.0090369 0.00915082 0.010704 0.0103808 0.0526003 0.0034772 0.00319057 0.00317399 0 0.0761796 0.00823181 0.010841 0.013534 0.0120885 0.0177428 0.00944168 0.0213137 0.016125 0.0224784 0.0128478 0.0125443 0.01419 0.0139312 0.0142421 0.0158137 0.0158781 0.0119142 0.00917231 0.0105529 0.0144777 0.0102527 0.00862123 0.0097163 0.00990059 0.00896855 0.00882513 0.00831216 0.00828104 0.00985301 0.00819369 0.00815273 0.00831192 0.00809264 0.00798599 0.00819278 0.0079141 0.00803754 0.00876269 0.00818356 0.00818142 0.00796612 0.00793509 0.00862189 0.00823646 0.00827063 0.00826309 0.00820972 0.00821638 
0.0223258 0.0108556 0.0103884 0.0103504 0.00967312 0.0197512 0.0197211 0.00874453 0.00915185 0.0102332 0.00918371 0.0417363 0.0155622 0.024197 0.0097694 0.0761796 0 0.00324142 0.00317651 0.00330329 0.00329096 0.00330359 0.00330788 0.00353393 0.00973493 0.0191367 0.0144812 0.0118712 0.0141081 0.0138893 0.011296 0.01199 0.0329922 0.0101791 0.00957641 0.0100083 0.0132829 0.00849438 0.00808914 0.0121508 0.00920957 0.00828338 0.00832261 0.00841052 0.00838651 0.00849299 0.00796476 0.0081347 0.00829168 0.00805111 0.00798412 0.00801706 0.00790664 0.00813158 0.00821036 0.00811171 0.00805698 0.00796664 0.00800218 0.00807695 0.00807246 0.00814318 0.00813593 0.00808776 0.00833821 
0.00901773 0.017184 0.0133638 0.0104312 0.0115496 0.00921657 0.00851064 0.0112192 0.0090773 0.00862463 0.0187869 0.00888158 0.0175367 0.0186585 0.0683106 0.00823181 0.00324142 0 0.00321218 0.00317433 0.0032221 0.00322403 0.00327442 0.00505495 0.00380418 0.015248 0.014991 0.0151051 0.0148749 0.0166757 0.0135857 0.0163537 0.00991562 0.00874395 0.0113499 0.0101465 0.0091195 0.00813901 0.00850611 0.00825888 0.00822549 0.00907671 0.00898094 0.00854206 0.00809109 0.00788845 0.00825289 0.0084695 0.00806782 0.00792162 0.00793219 0.00791802 0.00805734 0.00794244 0.00804476 0.00827534 0.0082454 0.0080255 0.00791438 0.00800451 0.00813103 0.00816517 0.00818712 0.00819253 0.00814183 
0.0169775 0.0197723 0.034214 0.026704 0.0129728 0.00939895 0.0109557 0.00922569 0.0117783 0.017884 0.00909546 0.00943255 0.015881 0.0837397 0.0179552 0.010841 0.00317651 0.00321218 0 0.00315793 0.00321286 0.0031801 0.00309886 0.00318606 0.00325441 0.0161 0.0247156 0.0236464 0.0287502 0.0327653 0.0383603 0.01357 0.00973938 0.00894 0.0107659 0.0107557 0.00934891 0.00851534 0.00844592 0.00880898 0.00877432 0.0100797 0.0114313 0.00945908 0.00843613 0.00818448 0.00854811 0.00871725 0.00823066 0.007942 0.00801514 0.00798813 0.00823786 0.0079767 0.00820499 0.008648 0.00854424 0.00822554 0.00797654 0.00814436 0.00830312 0.00843155 0.00843843 0.00832972 0.00819141 
0.0134602 0.0338794 0.0658334 0.0436684 0.0186485 0.0117943 0.0102947 0.0129068 0.0169758 0.0139289 0.011087 0.0116049 0.0278707 0.0364191 0.0221259 0.013534 0.00330329 0.00317433 0.00315793 0 0.00320227 0.00316838 0.00317294 0.00318059 0.00328099 0.0211538 0.0285106 0.0367447 0.0439341 0.0508001 0.0432796 0.0199507 0.0135164 0.00942386 0.0140671 0.0157854 0.0117364 0.00884484 0.00886963 0.0101169 0.00945332 0.0121609 0.0146414 0.0105448 0.00866671 0.00843905 0.00856713 0.00939379 0.00854064 0.00795959 0.00794172 0.00803953 0.00825185 0.00810977 0.00862 0.0089172 0.00863075 0.00831184 0.00794729 0.00820028 0.00827735 0.00851058 0.00839975 0.00837073 0.00825468 
0.011504 0.0406793 0.0775277 0.0407587 0.0318262 0.0109162 0.00943045 0.0139022 0.016985 0.0128785 0.0149652 0.00990605 0.0222653 0.0260831 0.0452602 0.0120885 0.00329096 0.0032221 0.00321286 0.00320227 0 0.00316648 0.00318402 0.00317968 0.00322924 0.0228477 0.032525 0.0499058 0.0627743 0.0629633 0.0717596 0.0232704 0.0130012 0.00922373 0.0152417 0.0161436 0.0155755 0.00872024 0.00954776 0.0103248 0.00917666 0.0138705 0.0174663 0.010473 0.00910111 0.00836365 0.00934625 0.0098231 0.00853158 0.00799712 0.00794473 0.0080403 0.00832745 0.0081088 0.0083846 0.00914179 0.00886415 0.00826914 0.00799285 0.00813742 0.00834667 0.00861068 0.00851964 0.00836702 0.0081858 
0.0132687 0.0265368 0.0613161 0.0595712 0.0167143 0.0107375 0.0107419 0.0109641 0.014836 0.0228572 0.0101099 0.0110214 0.0150719 0.0342662 0.0164907 0.0177428 0.00330359 0.00322403 0.0031801 0.00316838 0.00316648 0 0.00315803 0.00318567 0.00316438 0.0152044 0.0336115 0.0618293 0.0695506 0.0885532 0.0511511 0.0198974 0.0122297 0.00935173 0.0129216 0.0183363 0.0113501 0.0086586 0.00919455 0.0102868 0.0094264 0.0128949 0.0153577 0.0104053 0.00868802 0.00845068 0.00876241 0.00932534 0.0085277 0.00789511 0.00798534 0.00805824 0.00828917 0.00804643 0.00844987 0.00896492 0.00870221 0.0082761 0.00792809 0.0082027 0.00831914 0.00851311 0.00840893 0.00830949 0.00845551 
0.00989998 0.0312976 0.058868 0.0291394 0.0161748 0.0104849 0.00882392 0.0122925 0.0177538 0.0115245 0.0124472 0.00899046 0.0161763 0.0156066 0.0321598 0.00944168 0.00330788 0.00327442 0.00309886 0.00317294 0.00318402 0.00315803 0 0.0031635 0.00314615 0.0170562 0.0358455 0.0749895 0.0470842 0.0534551 0.0558538 0.0194473 0.0109094 0.00902873 0.0148572 0.0130376 0.0122664 0.00842849 0.00893568 0.00928828 0.00854037 0.0108302 0.0140295 0.00943552 0.00868806 0.0082375 0.00853956 0.00904463 0.0081505 0.00792745 0.00794876 0.00799808 0.00817339 0.00795245 0.0081752 0.00883167 0.00880655 0.00822414 0.00792646 0.00813431 0.00827517 0.00857629 0.00845611 0.00830758 0.00813818 
0.0104287 0.018221 0.0145518 0.0120018 0.0143627 0.00940844 0.00945403 0.011191 0.00945789 0.00946812 0.0103691 0.00918169 0.0104877 0.0228026 0.0205052 0.0213137 0.00353393 0.00505495 0.00318606 0.00318059 0.00317968 0.00318567 0.0031635 0 0.0033236 0.0169371 0.0458613 0.0219824 0.0251798 0.0205893 0.0227287 0.0326066 0.0108327 0.00959529 0.0123126 0.0171772 0.010599 0.00841372 0.00941784 0.00884428 0.00853282 0.00905497 0.00917751 0.00908456 0.0081741 0.00820393 0.00826161 0.00852872 0.00808833 0.00787593 0.00793754 0.00793575 0.00808409 0.00796335 0.0081226 0.00837011 0.00816708 0.00804447 0.00785133 0.00806034 0.00813661 0.00824067 0.00820239 0.00813058 0.00799184 
0.0173139 0.00911594 0.00989561 0.00931436 0.00933026 0.0114135 0.022173 0.00889181 0.00865772 0.00916521 0.00868277 0.0127955 0.0217853 0.0100561 0.0136899 0.016125 0.00973493 0.00380418 0.00325441 0.00328099 0.00322924 0.00316438 0.00314615 0.0033236 0 0.0461842 0.0190003 0.0178998 0.0145938 0.0173508 0.0152522 0.0184793 0.0292848 0.0113755 0.00916433 0.00924826 0.0132025 0.0105066 0.00867174 0.00946082 0.00964971 0.00851899 0.00856512 0.00829211 0.00822601 0.00863802 0.00808431 0.00828722 0.00826032 0.00805568 0.00797964 0.00817424 0.00794715 0.00801128 0.00820344 0.0080706 0.00813667 0.00796248 0.00795361 0.00818766 0.00803271 0.00808503 0.00806158 0.00804914 0.00809175 
0.010131 0.0109627 0.00987343 0.00964125 0.010859 0.0156267 0.00918782 0.00894891 0.00908188 0.00868604 0.0113787 0.0223692 0.0208621 0.0116073 0.0134012 0.0224784 0.0191367 0.015248 0.0161 0.0211538 0.0228477 0.0152044 0.0170562 0.0169371 0.0461842 0 0.00333968 0.00318558 0.00329328 0.00330895 0.00335631 0.00560768 0.0104032 0.0279693 0.0104775 0.0112082 0.029851 0.00985963 0.00914754 0.0282643 0.00943296 0.00912074 0.0093524 0.00975818 0.0119453 0.0082431 0.00827103 0.00855795 0.0105745 0.0083469 0.00843704 0.00828036 0.00805234 0.00868918 0.00863857 0.00819688 0.00820936 0.00859485 0.00886865 0.00822679 0.00803203 0.00813613 0.00812723 0.00823981 0.00906891 
0.0121706 0.0189315 0.0193361 0.0182314 0.0174612 0.0108806 0.00958521 0.0103886 0.0112896 0.0113009 0.0119313 0.0105762 0.0244853 0.0488452 0.0200987 0.0128478 0.0144812 0.014991 0.0247156 0.0285106 0.032525 0.0336115 0.0358455 0.0458613 0.0190003 0.00333968 0 0.00319646 0.00320961 0.00323243 0.00327676 0.00379896 0.005948 0.013087 0.0233403 0.0300018 0.0125305 0.00943169 0.0151848 0.0113204 0.0116068 0.0146544 0.014697 0.0124486 0.00911797 0.00832359 0.00913852 0.00984009 0.0088843 0.00821109 0.00803827 0.00804138 0.00837924 0.00829219 0.00859056 0.00907646 0.00881257 0.00854237 0.00812661 0.00811908 0.00836238 0.00858066 0.00847006 0.00872826 0.00830581 
0.0105578 0.0268133 0.0481917 0.0431097 0.0200538 0.0104108 0.00926889 0.0143053 0.0158658 0.0167201 0.0111643 0.00994257 0.0226921 0.0327343 0.0290286 0.0125443 0.0118712 0.0151051 0.0236464 0.0367447 0.0499058 0.0618293 0.0749895 0.0219824 0.0178998 0.00318558 0.00319646 0 0.00318155 0.00319199 0.00326161 0.00319678 0.00338674 0.0135376 0.0243439 0.0155425 0.015613 0.010509 0.0111339 0.0112811 0.0114664 0.0195565 0.0322381 0.0136029 0.00916479 0.00870062 0.00982298 0.0122466 0.00943258 0.00798669 0.00811959 0.00821373 0.00839487 0.00809981 0.00890484 0.0106857 0.00962589 0.00868343 0.00806578 0.00823 0.00844683 0.00915343 0.00857323 0.00849942 0.0085501 
0.0148137 0.0268058 0.0667671 0.0402232 0.0219406 0.0105084 0.0102511 0.0112632 0.0207258 0.0184056 0.0123464 0.0101589 0.0287702 0.0462093 0.0253299 0.01419 0.0141081 0.0148749 0.0287502 0.0439341 0.0627743 0.0695506 0.0470842 0.0251798 0.0145938 0.00329328 0.00320961 0.00318155 0 0.00322903 0.00323053 0.00320783 0.00330163 0.0158527 0.0217945 0.0212419 0.0238952 0.0101046 0.0107047 0.0119249 0.0137749 0.0248344 0.0315548 0.0152266 0.00982535 0.00906331 0.00965592 0.0133146 0.00929119 0.00809531 0.00801028 0.00834189 0.00850288 0.00815816 0.00933594 0.0102258 0.0103414 0.00867148 0.00807262 0.00836417 0.00850205 0.00904885 0.00861895 0.00852985 0.00820451 
0.0121918 0.0511965 0.0690414 0.0568669 0.0212959 0.0108889 0.0099626 0.0188554 0.019535 0.024081 0.0128308 0.010061 0.0269954 0.0605809 0.0347579 0.0139312 0.0138893 0.0166757 0.0327653 0.0508001 0.0629633 0.0885532 0.0534551 0.0205893 0.0173508 0.00330895 0.00323243 0.00319199 0.00322903 0 0.00324083 0.00322217 0.00321061 0.024468 0.0276656 0.035721 0.0215286 0.0106976 0.0131139 0.0122397 0.0141498 0.0302021 0.0455782 0.016966 0.00980863 0.00920662 0.0103232 0.0126388 0.00986668 0.00805016 0.00809543 0.00855807 0.00863441 0.0082861 0.0094179 0.0113783 0.0109975 0.00888268 0.00809022 0.00868975 0.00853792 0.00917006 0.00873406 0.0085658 0.00836292 
0.014678 0.0268312 0.0824422 0.0438932 0.0223883 0.0108213 0.0098049 0.0121865 0.0231485 0.01804 0.0114609 0.00961312 0.0202025 0.0454227 0.0428759 0.0142421 0.011296 0.0135857 0.0383603 0.0432796 0.0717596 0.0511511 0.0558538 0.0227287 0.0152522 0.00335631 0.00327676 0.00326161 0.00323053 0.00324083 0 0.00321037 0.00319784 0.0161108 0.0764872 0.0290277 0.019468 0.0099544 0.0131261 0.0124703 0.0120103 0.0267237 0.0503746 0.0146234 0.0101106 0.00889704 0.00996862 0.0132703 0.00911644 0.00812278 0.00805632 0.00856727 0.00860563 0.00826592 0.00943456 0.010465 0.0103412 0.0089284 0.0081659 0.0083935 0.00856272 0.0091349 0.00877658 0.00854843 0.00873893 
0.0115266 0.0189907 0.0159701 0.0149892 0.0146705 0.0098529 0.00981421 0.0123624 0.00980411 0.0102591 0.0110258 0.00932194 0.0162672 0.0287821 0.0289963 0.0158137 0.01199 0.0163537 0.01357 0.0199507 0.0232704 0.0198974 0.0194473 0.0326066 0.0184793 0.00560768 0.00379896 0.00319678 0.00320783 0.00322217 0.00321037 0 0.00320732 0.035553 0.0332088 0.0833968 0.0172114 0.0105234 0.0161846 0.0121459 0.0119011 0.0151282 0.0148839 0.0125512 0.00894319 0.00880212 0.00946819 0.01018 0.00861874 0.00815077 0.0081135 0.00833209 0.00839875 0.00815534 0.00874616 0.00906917 0.00870758 0.00829656 0.00799045 0.00817589 0.00831112 0.00840241 0.00831957 0.00817369 0.00808767 
0.0165149 0.00949531 0.0103714 0.00940591 0.00945506 0.00938707 0.0214585 0.0092805 0.00883047 0.00902321 0.00860551 0.0109478 0.0269572 0.0118639 0.0117042 0.0158781 0.0329922 0.00991562 0.00973938 0.0135164 0.0130012 0.0122297 0.0109094 0.0108327 0.0292848 0.0104032 0.005948 0.00338674 0.00330163 0.00321061 0.00319784 0.00320732 0 0.0299166 0.0141083 0.0144323 0.0655369 0.013943 0.0103019 0.0130825 0.015253 0.00997563 0.0098574 0.00893356 0.00888438 0.0132191 0.00881479 0.00869581 0.0087123 0.00867885 0.00796564 0.00927833 0.00798857 0.00815882 0.00959421 0.008434 0.00842958 0.00808132 0.00796511 0.00860556 0.00807974 0.00810189 0.00811476 0.00801552 0.00799854 
0.00865925 0.00829646 0.00841542 0.00840702 0.00858378 0.00989082 0.00832204 0.00810472 0.00820398 0.00805375 0.00850733 0.010257 0.0131695 0.00878151 0.00898015 0.0119142 0.0101791 0.00874395 0.00894 0.00942386 0.00922373 0.00935173 0.00902873 0.00959529 0.0113755 0.0279693 0.013087 0.0135376 0.0158527 0.024468 0.0161108 0.035553 0.0299166 0 0.00321435 0.00323852 0.00323879 0.0665987 0.00922166 0.0204202 0.0104189 0.00867403 0.00881108 0.00872327 0.0104579 0.008031 0.0081043 0.00828058 0.00907836 0.00825253 0.00811287 0.00796235 0.00791174 0.00808079 0.00810043 0.00803008 0.00810266 0.00820214 0.0082433 0.00792258 0.00789246 0.00801923 0.00794085 0.00792739 0.00822901 
0.00840124 0.0100454 0.0106059 0.00923591 0.0099403 0.00888665 0.00808737 0.0086037 0.00855889 0.00878434 0.00900397 0.00860602 0.013156 0.014559 0.0149026 0.00917231 0.00957641 0.0113499 0.0107659 0.0140671 0.0152417 0.0129216 0.0148572 0.0123126 0.00916433 0.0104775 0.0233403 0.0243439 0.0217945 0.0276656 0.0764872 0.0332088 0.0141083 0.00321435 0 0.00316351 0.00319992 0.0268102 0.174907 0.0128105 0.00949688 0.0137826 0.0136382 0.0101974 0.00936167 0.00817428 0.00902317 0.00903151 0.00854185 0.0079666 0.00796986 0.00794049 0.00813948 0.00802072 0.00829293 0.00872419 0.00854387 0.00831874 0.00804378 0.00797429 0.00834471 0.00828656 0.00833741 0.0081693 0.0080413 
0.00856962 0.0109198 0.0108593 0.0108916 0.010842 0.00857583 0.00866622 0.00880391 0.00881886 0.0092602 0.0088887 0.00852708 0.0102796 0.022737 0.0148613 0.0105529 0.0100083 0.0101465 0.0107557 0.0157854 0.0161436 0.0183363 0.0130376 0.0171772 0.00924826 0.0112082 0.0300018 0.0155425 0.0212419 0.035721 0.0290277 0.0833968 0.0144323 0.00323852 0.00316351 0 0.0032002 0.0261526 0.0778564 0.0733194 0.00978542 0.0150918 0.0149341 0.0152635 0.0089644 0.00872484 0.00878603 0.0129875 0.00874625 0.00790115 0.00817139 0.00797547 0.008418 0.00801226 0.00828449 0.00874092 0.00904013 0.0082691 0.00807752 0.00798965 0.0081548 0.00839458 0.00833765 0.00805591 0.00801779 
0.0101795 0.00902654 0.0105292 0.00923726 0.00938157 0.0101106 0.00979759 0.00892956 0.0085083 0.00855924 0.00912347 0.00977052 0.0194825 0.0102592 0.0137845 0.0144777 0.0132829 0.0091195 0.00934891 0.0117364 0.0155755 0.0113501 0.0122664 0.010599 0.0132025 0.029851 0.0125305 0.015613 0.0238952 0.0215286 0.019468 0.0172114 0.0655369 0.00323879 0.00319992 0.0032002 0 0.0164333 0.0274649 0.176214 0.0143628 0.0110564 0.0119271 0.010858 0.0109674 0.0104061 0.00860651 0.00922274 0.0102753 0.00839751 0.00797599 0.0092061 0.00801905 0.00820862 0.00964614 0.00852062 0.00840613 0.00823105 0.00853987 0.00819114 0.00806974 0.00820106 0.00828016 0.00798069 0.00797757 
0.00819647 0.00803319 0.00831565 0.00825817 0.00809881 0.00841615 0.00799881 0.00795076 0.00796111 0.0079654 0.00794893 0.00867754 0.0085578 0.00842716 0.00823208 0.0102527 0.00849438 0.00813901 0.00851534 0.00884484 0.00872024 0.0086586 0.00842849 0.00841372 0.0105066 0.00985963 0.00943169 0.010509 0.0101046 0.0106976 0.0099544 0.0105234 0.013943 0.0665987 0.0268102 0.0261526 0.0164333 0 0.00317027 0.00317725 0.053606 0.011396 0.0125955 0.0102865 0.0150401 0.00851998 0.00827255 0.00868867 0.0115273 0.00812084 0.00817052 0.00804385 0.00803203 0.00839203 0.00842029 0.00844583 0.00815427 0.00817074 0.00863727 0.0079974 0.00788413 0.00809295 0.00803936 0.00790744 0.00802116 
0.00794466 0.00834154 0.00834557 0.00825608 0.00847851 0.00821749 0.00782167 0.00804553 0.0081642 0.00806907 0.00820917 0.00807647 0.00873854 0.00873031 0.00953239 0.00862123 0.00808914 0.00850611 0.00844592 0.00886963 0.00954776 0.00919455 0.00893568 0.00941784 0.00867174 0.00914754 0.0151848 0.0111339 0.0107047 0.0131139 0.0131261 0.0161846 0.0103019 0.00922166 0.174907 0.0778564 0.0274649 0.00317027 0 0.00317836 0.0161267 0.0359999 0.0188849 0.0279183 0.0107226 0.00839266 0.00908182 0.0110251 0.00899635 0.00831058 0.00813076 0.008172 0.00875286 0.00810252 0.00816276 0.00920169 0.00842778 0.00839767 0.00821246 0.00787422 0.00821933 0.00821918 0.00822533 0.00809009 0.00804239 
0.00934031 0.00819856 0.00849264 0.00842765 0.00841929 0.00826919 0.00897452 0.00808523 0.00809661 0.00836688 0.00798934 0.0082787 0.0118152 0.00893926 0.00879801 0.0097163 0.0121508 0.00825888 0.00880898 0.0101169 0.0103248 0.0102868 0.00928828 0.00884428 0.00946082 0.0282643 0.0113204 0.0112811 0.0119249 0.0122397 0.0124703 0.0121459 0.0130825 0.0204202 0.0128105 0.0733194 0.176214 0.00317725 0.00317836 0 0.0201202 0.0191869 0.0308366 0.0276549 0.0453018 0.0156354 0.00960166 0.00981059 0.0143179 0.00946701 0.0082158 0.00981866 0.00821908 0.00828081 0.0122303 0.00873058 0.00906508 0.00854425 0.0081138 0.00922017 0.00810774 0.00815244 0.00819377 0.00817115 0.00808224 
0.00853449 0.00826786 0.00861177 0.00859813 0.00920251 0.00872965 0.00820971 0.00812101 0.00820929 0.00816984 0.00823356 0.00886461 0.00961495 0.00906421 0.00869948 0.00990059 0.00920957 0.00822549 0.00877432 0.00945332 0.00917666 0.0094264 0.00854037 0.00853282 0.00964971 0.00943296 0.0116068 0.0114664 0.0137749 0.0141498 0.0120103 0.0119011 0.015253 0.0104189 0.00949688 0.00978542 0.0143628 0.053606 0.0161267 0.0201202 0 0.00342206 0.00325016 0.00324241 0.00378436 0.0433897 0.0172196 0.0189368 0.0279497 0.0121131 0.0136598 0.0127536 0.0109761 0.0172195 0.0258034 0.0185515 0.0129391 0.0142494 0.0190234 0.00930587 0.00893768 0.00952948 0.0091911 0.00962412 0.0109787 
0.00853045 0.00951817 0.0100968 0.00978711 0.0092429 0.00853039 0.00808499 0.00843548 0.00858272 0.00854743 0.00854886 0.00825158 0.00974104 0.0107551 0.00972098 0.00896855 0.00828338 0.00907671 0.0100797 0.0121609 0.0138705 0.0128949 0.0108302 0.00905497 0.00851899 0.00912074 0.0146544 0.0195565 0.0248344 0.0302021 0.0267237 0.0151282 0.00997563 0.00867403 0.0137826 0.0150918 0.0110564 0.011396 0.0359999 0.0191869 0.00342206 0 0.00321007 0.0031874 0.00320723 0.0350901 0.0695458 0.0415268 0.0157952 0.00962305 0.0106178 0.0119679 0.0205579 0.0104319 0.0195243 0.0586615 0.0330711 0.0208197 0.0102824 0.00945354 0.0126406 0.0162826 0.0133089 0.0114224 0.00893799 
0.00870412 0.00950037 0.0116291 0.0102055 0.00911697 0.00884649 0.00814551 0.00863188 0.00875604 0.00859601 0.00858708 0.00832573 0.00974593 0.010756 0.0106713 0.00882513 0.00832261 0.00898094 0.0114313 0.0146414 0.0174663 0.0153577 0.0140295 0.00917751 0.00856512 0.0093524 0.014697 0.0322381 0.0315548 0.0455782 0.0503746 0.0148839 0.0098574 0.00881108 0.0136382 0.0149341 0.0119271 0.0125955 0.0188849 0.0308366 0.00325016 0.00321007 0 0.00316119 0.00316249 0.0187806 0.0786111 0.0582686 0.0194661 0.00898411 0.0094879 0.0120434 0.0154275 0.010961 0.0154328 0.0472291 0.0701226 0.0154156 0.00941323 0.00943903 0.0135027 0.0243403 0.0201964 0.011073 0.00931995 
0.00835982 0.00878245 0.00895323 0.00886954 0.00844093 0.00805469 0.00811007 0.0086375 0.00843356 0.00831925 0.00815966 0.00802412 0.00944121 0.00921889 0.00932448 0.00831216 0.00841052 0.00854206 0.00945908 0.0105448 0.010473 0.0104053 0.00943552 0.00908456 0.00829211 0.00975818 0.0124486 0.0136029 0.0152266 0.016966 0.0146234 0.0125512 0.00893356 0.00872327 0.0101974 0.0152635 0.010858 0.0102865 0.0279183 0.0276549 0.00324241 0.0031874 0.00316119 0 0.00315561 0.0194503 0.0308506 0.128295 0.0397528 0.0109435 0.0107761 0.0118118 0.0171883 0.0103619 0.017098 0.0292496 0.0184914 0.0141747 0.00995224 0.00992536 0.0108898 0.0137562 0.0104181 0.0105906 0.00835054 
0.00828412 0.0080738 0.00833497 0.00833158 0.00802133 0.00791848 0.00804773 0.00811283 0.00799887 0.00796503 0.00797231 0.00802614 0.00957007 0.00836662 0.00839728 0.00828104 0.00838651 0.00809109 0.00843613 0.00866671 0.00910111 0.00868802 0.00868806 0.0081741 0.00822601 0.0119453 0.00911797 0.00916479 0.00982535 0.00980863 0.0101106 0.00894319 0.00888438 0.0104579 0.00936167 0.0089644 0.0109674 0.0150401 0.0107226 0.0453018 0.00378436 0.00320723 0.00316249 0.00315561 0 0.0144008 0.0160714 0.0211817 0.0646753 0.0139776 0.00993832 0.0188596 0.0103836 0.0124306 0.0259742 0.0126194 0.0111002 0.010502 0.010829 0.0121664 0.00940457 0.0089317 0.00914632 0.0085031 0.0083991 
0.008396 0.0081644 0.00819349 0.00874976 0.00816638 0.0085674 0.00840781 0.00792189 0.0080743 0.00830986 0.00804063 0.00913732 0.00825706 0.00820213 0.00810448 0.00985301 0.00849299 0.00788845 0.00818448 0.00843905 0.00836365 0.00845068 0.0082375 0.00820393 0.00863802 0.0082431 0.00832359 0.00870062 0.00906331 0.00920662 0.00889704 0.00880212 0.0132191 0.008031 0.00817428 0.00872484 0.0104061 0.00851998 0.00839266 0.0156354 0.0433897 0.0350901 0.0187806 0.0194503 0.0144008 0 0.00318032 0.00321589 0.00323973 0.00442426 0.00959453 0.0110277 0.0139409 0.0330664 0.0148541 0.0111402 0.0119979 0.0143746 0.0267298 0.0100279 0.00932849 0.00942056 0.00969582 0.0115092 0.0117012 
0.00829402 0.00829849 0.00860007 0.00835237 0.0082752 0.00814807 0.00795835 0.00815014 0.00830357 0.00810825 0.00822147 0.00809262 0.00845307 0.00844889 0.00853067 0.00819369 0.00796476 0.00825289 0.00854811 0.00856713 0.00934625 0.00876241 0.00853956 0.00826161 0.00808431 0.00827103 0.00913852 0.00982298 0.00965592 0.0103232 0.00996862 0.00946819 0.00881479 0.0081043 0.00902317 0.00878603 0.00860651 0.00827255 0.00908182 0.00960166 0.0172196 0.0695458 0.0786111 0.0308506 0.0160714 0.00318032 0 0.00316042 0.00317684 0.00622839 0.0190384 0.0344021 0.0296705 0.0110197 0.0165994 0.029708 0.0190118 0.0161116 0.0112422 0.00914901 0.0116056 0.0128915 0.0129988 0.0105914 0.0101336 
0.00841433 0.00849242 0.00895964 0.00861561 0.00842079 0.00810069 0.0080023 0.00810236 0.00819271 0.00825997 0.0080973 0.00802486 0.00890196 0.00888304 0.00879365 0.00815273 0.0081347 0.0084695 0.00871725 0.00939379 0.0098231 0.00932534 0.00904463 0.00852872 0.00828722 0.00855795 0.00984009 0.0122466 0.0133146 0.0126388 0.0132703 0.01018 0.00869581 0.00828058 0.00903151 0.0129875 0.00922274 0.00868867 0.0110251 0.00981059 0.0189368 0.0415268 0.0582686 0.128295 0.0211817 0.00321589 0.00316042 0 0.00323188 0.0103659 0.308396 0.0119981 0.0452203 0.0127177 0.0157515 0.0375982 0.027219 0.0191332 0.0099717 0.0100264 0.0156048 0.0191781 0.0141884 0.0180624 0.00867112 
0.00849247 0.00827812 0.00850959 0.00823335 0.00814961 0.0080955 0.00811474 0.00807598 0.0081006 0.00801727 0.00808543 0.00813913 0.00894138 0.00853412 0.00826122 0.00831192 0.00829168 0.00806782 0.00823066 0.00854064 0.00853158 0.0085277 0.0081505 0.00808833 0.00826032 0.0105745 0.0088843 0.00943258 0.00929119 0.00986668 0.00911644 0.00861874 0.0087123 0.00907836 0.00854185 0.00874625 0.0102753 0.0115273 0.00899635 0.0143179 0.0279497 0.0157952 0.0194661 0.0397528 0.0646753 0.00323973 0.00317684 0.00323188 0 0.404704 0.00571651 0.03494 0.0131223 0.0251611 0.0350136 0.0167138 0.014629 0.0133754 0.0125772 0.0180696 0.0108938 0.0111427 0.0103998 0.0095404 0.0118167 
0.00823725 0.0079243 0.00802875 0.00805997 0.00792368 0.00801595 0.00852558 0.00802715 0.00792638 0.00797297 0.0078953 0.00829627 0.00800683 0.00801893 0.00791623 0.00809264 0.00805111 0.00792162 0.007942 0.00795959 0.00799712 0.00789511 0.00792745 0.00787593 0.00805568 0.0083469 0.00821109 0.00798669 0.00809531 0.00805016 0.00812278 0.00815077 0.00867885 0.00825253 0.0079666 0.00790115 0.00839751 0.00812084 0.00831058 0.00946701 0.0121131 0.00962305 0.00898411 0.0109435 0.0139776 0.00442426 0.00622839 0.0103659 0.404704 0 0.0068349 0.0103767 0.0323597 0.0144782 0.0124195 0.0107193 0.00855771 0.0192301 0.018436 0.00985518 0.00859068 0.00839873 0.00847916 0.00872107 0.00970077 
0.0083247 0.00803464 0.0080688 0.00801459 0.00797543 0.00793764 0.0080306 0.00799026 0.00797359 0.0079164 0.00792624 0.00797884 0.00818721 0.0079907 0.00797057 0.00798599 0.00798412 0.00793219 0.00801514 0.00794172 0.00794473 0.00798534 0.00794876 0.00793754 0.00797964 0.00843704 0.00803827 0.00811959 0.00801028 0.00809543 0.00805632 0.0081135 0.00796564 0.00811287 0.00796986 0.00817139 0.00797599 0.00817052 0.00813076 0.0082158 0.0136598 0.0106178 0.0094879 0.0107761 0.00993832 0.00959453 0.0190384 0.308396 0.00571651 0.0068349 0 0.0274831 0.00785175 0.00650414 0.010272 0.00941297 0.00984918 0.0116788 0.00688367 0.0103016 0.00843203 0.00827506 0.00831487 0.00870762 0.00830729 
0.0083547 0.00800813 0.00812477 0.00810455 0.00805198 0.00822044 0.00809427 0.0079301 0.00803225 0.00797039 0.00806773 0.00826909 0.00816633 0.00802936 0.0080519 0.00819278 0.00801706 0.00791802 0.00798813 0.00803953 0.0080403 0.00805824 0.00799808 0.00793575 0.00817424 0.00828036 0.00804138 0.00821373 0.00834189 0.00855807 0.00856727 0.00833209 0.00927833 0.00796235 0.00794049 0.00797547 0.0092061 0.00804385 0.008172 0.00981866 0.0127536 0.0119679 0.0120434 0.0118118 0.0188596 0.0110277 0.0344021 0.0119981 0.03494 0.0103767 0.0274831 0 0.0033532 0.00351668 0.00516472 0.0238807 0.0423302 0.0077543 0.0240593 0.0120806 0.00931441 0.00966462 0.00919485 0.00950806 0.0157549 
0.00829019 0.00820857 0.00836748 0.0082713 0.00820413 0.00793337 0.0080593 0.00812346 0.00811735 0.00812869 0.00799756 0.0079547 0.00822237 0.00816603 0.0082407 0.0079141 0.00790664 0.00805734 0.00823786 0.00825185 0.00832745 0.00828917 0.00817339 0.00808409 0.00794715 0.00805234 0.00837924 0.00839487 0.00850288 0.00863441 0.00860563 0.00839875 0.00798857 0.00791174 0.00813948 0.008418 0.00801905 0.00803203 0.00875286 0.00821908 0.0109761 0.0205579 0.0154275 0.0171883 0.0103836 0.0139409 0.0296705 0.0452203 0.0131223 0.0323597 0.00785175 0.0033532 0 0.00326836 0.0131022 0.0374178 0.00727413 0.0077996 0.00363819 0.0109043 0.0151859 0.00981962 0.00949437 0.0116829 0.00861167 
0.00848824 0.00818441 0.00831317 0.0081877 0.00809516 0.00795883 0.00821416 0.00802527 0.00793846 0.00800303 0.00794248 0.00812563 0.00838029 0.0080782 0.00806822 0.00803754 0.00813158 0.00794244 0.0079767 0.00810977 0.0081088 0.00804643 0.00795245 0.00796335 0.00801128 0.00868918 0.00829219 0.00809981 0.00815816 0.0082861 0.00826592 0.00815534 0.00815882 0.00808079 0.00802072 0.00801226 0.00820862 0.00839203 0.00810252 0.00828081 0.0172195 0.0104319 0.010961 0.0103619 0.0124306 0.0330664 0.0110197 0.0127177 0.0251611 0.0144782 0.00650414 0.00351668 0.00326836 0 0.0529444 0.00441179 0.00696536 0.00342444 0.00353636 0.0164365 0.00951494 0.00964999 0.00923558 0.0092319 0.00894676 
0.00833223 0.00823708 0.00851339 0.0084527 0.00824392 0.00839238 0.00818006 0.00804157 0.00822025 0.00815548 0.00806349 0.00837476 0.00860836 0.00828512 0.00823725 0.00876269 0.00821036 0.00804476 0.00820499 0.00862 0.0083846 0.00844987 0.0081752 0.0081226 0.00820344 0.00863857 0.00859056 0.00890484 0.00933594 0.0094179 0.00943456 0.00874616 0.00959421 0.00810043 0.00829293 0.00828449 0.00964614 0.00842029 0.00816276 0.0122303 0.0258034 0.0195243 0.0154328 0.017098 0.0259742 0.0148541 0.0165994 0.0157515 0.0350136 0.0124195 0.010272 0.00516472 0.0131022 0.0529444 0 0.00325012 0.00321488 0.00328637 0.00378824 0.086335 0.0193326 0.0195156 0.0117169 0.0124281 0.0223034 
0.0084676 0.0087511 0.00918071 0.00884794 0.00852719 0.00825517 0.00809938 0.00824692 0.00834837 0.00826551 0.00817899 0.00813384 0.00849177 0.00874005 0.00875495 0.00818356 0.00811171 0.00827534 0.008648 0.0089172 0.00914179 0.00896492 0.00883167 0.00837011 0.0080706 0.00819688 0.00907646 0.0106857 0.0102258 0.0113783 0.010465 0.00906917 0.008434 0.00803008 0.00872419 0.00874092 0.00852062 0.00844583 0.00920169 0.00873058 0.0185515 0.0586615 0.0472291 0.0292496 0.0126194 0.0111402 0.029708 0.0375982 0.0167138 0.0107193 0.00941297 0.0238807 0.0374178 0.00441179 0.00325012 0 0.00320073 0.00317491 0.00318565 0.029564 0.0925087 0.052232 0.0263127 0.024142 0.0103374 
