1TCOA
VPFPPSHRLTAKEVFDNDGKPRVDILKAHLMKEGRLEETVALRIITEGASILRQEKNLLDIDAPVTVCGDIHGQFFDLMKLFEVGGSPANTRYLFLGDYVDRGYFSIECVLYLWALKILYPKTLFLLRGNHECRHLTEYFTFKQECKIKYSERVYDACMDAFDCLPLAALMNQQFLCVHGGLSPEINTLDDIRKLDRFKEPPAYGPMCDILWSDPLEDFGNEKTQEHFTHNTVRGCSYFYSYPAVCEFLQHNNLLSILRAHEAQDAGYRMYRKSQTTGFPSLITIFSAPNYLDVYNNKAAVLKYENNVMNIRQFNCSPHPYWLPNFMDVFTWSLPFVGEKVTEMLVNVLNIC
CCCCCCCCECHHHHECCCCCECHHHHHHHHHCCCCECHHHHHHHHHHHHHHHHHCCCEEEECCCEEEECCCCCCHHHHHHHHHHHCCCCCCCEEECCCCCCCCCCHHHHHHHHHHHHHHCCCCEEECCCCCCCHHHHHHCCHHHHHHHHCCHHHHHHHHHHHCCCCCEEEECCCEEECCCCCECCECCHHHHHCCCCCCCCCCCCHHHHHHHCEECCCCCCCCCCCCEEECCCCCCCEEECHHHHHHHHHHHCCCEEEECCCCCCCCEEECCECCCCCCECEEEECCCCCHHHCCCCCEEEEEEECCEEEEEEECCCCCCCCCHHHCCHHHHHHHHHHHHHHHHHHHHHCCC
0 0 0 0 0 0 0 0 0 0 0 0 0 0 0 0 0 0 0 0 0 0 0 0 0 0 0 0 0 0 0 0 0 0 0 0 0 0 0 0 0 0 0 0 0 0 0 0 0 0 0 0 0 0 0 0 0 0 0 0 0 0 0 0 0 0 0 0 0 0 0 0 0 0 0 0 0 0 0 0 0 0 0 0 0 0 0 0 0 0 0 0 0 0 0 0 0 0 0 0 0 0 0 0 0 0 0 0 0 0 0 0 0 0 0 0 0 0 0 0 0 0 0 0 0 0 0 0 0 0 0 0 0 0 0 0 0 0 0 0 0 0 0 0 0 0 0 0 0 0 0 0 0 0 0 0 0 0 0 0 0 0 0 0 0 0 0 0 0 0 0 0 0 0 0 0 0 0 0 0 0 0 0 0 0 0 0 0 0 0 0 0 0 0 0 0 0 0 0 0 0 0 0 0 0 0 0 0 0 0 0 0 0 0 0 0 0 0 0 0 0 0 0 0 0 0 0 0 0 0 0 0 0 0 0 0 0 0 0 0 0 0 0 0 0 0 0 0 0 0 0 0 0 0 0 0 0 0 0 0 0 0 0 0 0 0 0 0 0 0 0 0 0 0 0 0 0 0 0 0 0 0 0 0 0 0 0 0 0 0 0 0 0 0 0 0 0 0 0 0 0 0 0 0 0 0 0 0 0 0 0 0 0 0 0 0 0 0 0 0 0 0 0 0 0 0 0 0 0 0 0 0 0 0 0 0 0 0 0 0 0 0 0 0 0 0 0 0 0 0 0 0 
0 0 0 0 0 0 0 0 0 0 0 0 0 0 0 0 0 0 0 0 0 0 0 0 0 0 0 0 0 0 0 0 0 0 0 0 0 0 0 0 0 0 0 0 0 0 0 0 0 0 0 0 0 0 0 0 0 0 0 0 0 0 0 0 0 0 0 0 0 0 0 0 0 0 0 0 0 0 0 0 0 0 0 0 0 0 0 0 0 0 0 0 0 0 0 0 0 0 0 0 0 0 0 0 0 0 0 0 0 0 0 0 0 0 0 0 0 0 0 0 0 0 0 0 0 0 0 0 0 0 0 0 0 0 0 0 0 0 0 0 0 0 0 0 0 0 0 0 0 0 0 0 0 0 0 0 0 0 0 0 0 0 0 0 0 0 0 0 0 0 0 0 0 0 0 0 0 0 0 0 0 0 0 0 0 0 0 0 0 0 0 0 0 0 0 0 0 0 0 0 0 0 0 0 0 0 0 0 0 0 0 0 0 0 0 0 0 0 0 0 0 0 0 0 0 0 0 0 0 0 0 0 0 0 0 0 0 0 0 0 0 0 0 0 0 0 0 0 0 0 0 0 0 0 0 0 0 0 0 0 0 0 0 0 0 0 0 0 0 0 0 0 0 0 0 0 0 0 0 0 0 0 0 0 0 0 0 0 0 0 0 0 0 0 0 0 0 0 0 0 0 0 0 0 0 0 0 0 0 0 0 0 0 0 0 0 0 0 0 0 0 0 0 0 0 0 0 0 0 0 0 0 0 0 0 0 0 0 0 0 0 0 0 0 0 0 0 0 0 0 0 0 
0 0.0423605 0.0713129 0.40602 0.0158746 0.0116111 0.00895927 0.0274135 0.0248428 0.00925141 0.00997258 0.0143539 0.0143202 0.00898808 0.0107055 0.0137838 0.00843449 0.0100834 0.00985404 0.00801899 0.00796317 0.00968911 0.00912044 0.00795391 0.00844266 0.0128368 0.0176534 0.00829048 0.00825844 0.0108262 0.00804962 0.0086637 0.009269 0.00818138 0.00876812 0.00946314 0.0083695 0.00836059 0.0087287 0.00936608 0.00816545 0.00866068 0.010561 0.0112213 0.00924405 0.00888472 0.0085912 0.00941109 0.0109233 0.00856396 0.00845734 0.00874788 0.00838186 0.00966333 0.00922165 0.010085 0.00900447 0.00835853 0.00947299 0.00837281 0.00850986 0.0112072 
0.0423605 0 0.875492 0.0827752 0.0126765 0.00971594 0.00966813 0.0233266 0.0155961 0.00973033 0.0103857 0.0162104 0.0107069 0.00928488 0.0122179 0.0100756 0.00854316 0.0103407 0.00839396 0.00798003 0.00797384 0.00873521 0.00840999 0.0082672 0.0084256 0.00972946 0.0114035 0.00802059 0.00815916 0.0088116 0.00788402 0.00849221 0.00815861 0.00788633 0.00855008 0.00840638 0.00806221 0.00808803 0.00824009 0.00814365 0.00799143 0.00819411 0.0107838 0.010068 0.00843662 0.00838483 0.0082432 0.00876607 0.00875788 0.00814942 0.0081607 0.00853343 0.00809767 0.00904921 0.00854085 0.0084903 0.00859333 0.00811584 0.00900513 0.00811527 0.00815817 0.0104407 
0.0713129 0.875492 0 0.237366 0.0169141 0.011421 0.00954747 0.0219182 0.0287658 0.0100585 0.00997107 0.0126805 0.0187345 0.0094038 0.0103132 0.0123342 0.00841851 0.00966985 0.0100228 0.00808745 0.00804347 0.00869165 0.00899256 0.00790247 0.00826815 0.0102757 0.0127944 0.0080922 0.00820227 0.0099235 0.00805836 0.00841352 0.0087173 0.00796354 0.00849239 0.00891738 0.00816363 0.00816858 0.00832671 0.00873004 0.0080682 0.00842606 0.00960838 0.0100957 0.00867306 0.00850659 0.0082765 0.00855235 0.00935658 0.00835634 0.00826958 0.00839178 0.00824671 0.00888967 0.00857131 0.00900115 0.00853791 0.00827535 0.00881333 0.00826746 0.00843649 0.00985429 
0.40602 0.0827752 0.237366 0 0.0243742 0.0130966 0.0113611 0.0728066 0.0391342 0.0104289 0.0114867 0.0224017 0.017802 0.0104656 0.0136898 0.0177116 0.00921023 0.0114052 0.0100472 0.00832023 0.0080756 0.0111314 0.00964753 0.00820234 0.00892015 0.0126207 0.0184413 0.00816668 0.00883678 0.0108983 0.00808864 0.00915726 0.0092645 0.00801462 0.00963644 0.00925315 0.00824147 0.00828216 0.00854531 0.00912074 0.00811607 0.00872687 0.0106701 0.0117032 0.00875669 0.00885045 0.00834448 0.00931572 0.0101567 0.00840629 0.00826807 0.00864211 0.00818817 0.00944956 0.00898868 0.00925487 0.00900091 0.00823336 0.00920373 0.00836034 0.00832297 0.0115471 
0.0158746 0.0126765 0.0169141 0.0243742 0 0.00336407 0.00323384 0.00383428 0.00441424 0.00742124 0.00753858 0.0785167 0.0406266 0.01529 0.0288959 0.0124984 0.0131289 0.0176848 0.0127617 0.00918155 0.00871314 0.0102126 0.00894871 0.00878018 0.00986503 0.00870894 0.00874515 0.00785436 0.00832165 0.00812446 0.00792484 0.00877492 0.00820413 0.0080257 0.00853014 0.00835801 0.00818431 0.00822182 0.00858402 0.00835067 0.00798092 0.00804339 0.00817577 0.00867797 0.00838627 0.00820038 0.00835406 0.00841329 0.00832942 0.00825475 0.00821848 0.00826616 0.00819214 0.00821594 0.00819739 0.00800608 0.00815931 0.00821701 0.00817219 0.00810255 0.00816404 0.00860041 
0.0116111 0.00971594 0.011421 0.0130966 0.00336407 0 0.0032136 0.0033058 0.00447561 0.00695137 0.0929805 0.00747449 0.0200973 0.0316448 0.0118787 0.0124595 0.0117078 0.0119671 0.00884636 0.0108946 0.00905047 0.00988839 0.00874405 0.0095849 0.00879514 0.00790359 0.00838322 0.00801463 0.00792181 0.00797944 0.00805653 0.00801046 0.00810866 0.00824034 0.00803034 0.00840075 0.00863361 0.00835415 0.00800139 0.00796068 0.00802465 0.00797983 0.00794022 0.00804314 0.00835181 0.00885691 0.00850487 0.00819143 0.00818062 0.00837524 0.00843219 0.00849671 0.00822911 0.00846774 0.00808094 0.00805965 0.00827225 0.00825238 0.00842784 0.00822967 0.00819363 0.008542 
0.00895927 0.00966813 0.00954747 0.0113611 0.00323384 0.0032136 0 0.00315661 0.00348847 0.104721 0.00576713 0.00772478 0.0136047 0.0233809 0.0198227 0.00960213 0.0249693 0.0108258 0.00930252 0.00921756 0.0105785 0.00816538 0.00922834 0.00994599 0.00859343 0.00807404 0.00795698 0.00800952 0.00797288 0.008146 0.00819024 0.00799258 0.00828997 0.00837064 0.0080836 0.00845061 0.00850883 0.00826834 0.00807548 0.00801936 0.00802176 0.00795675 0.00793796 0.00807667 0.00842387 0.00862447 0.0087381 0.00810432 0.0082137 0.00836866 0.00843521 0.00830435 0.00837847 0.00814387 0.00805582 0.00809108 0.00817589 0.0084153 0.00820009 0.00824031 0.00817532 0.00819089 
0.0274135 0.0233266 0.0219182 0.0728066 0.00383428 0.0033058 0.00315661 0 0.100716 0.00413601 0.00453223 0.00543934 0.0209015 0.0140615 0.0208388 0.0274171 0.00937462 0.0189254 0.0134135 0.00921584 0.00862296 0.0101978 0.00966216 0.00866845 0.00886286 0.00840002 0.0121492 0.00822722 0.00802508 0.00976303 0.00801288 0.00805982 0.00870764 0.00798614 0.00842549 0.00850402 0.00822494 0.0080904 0.00808654 0.00833275 0.0079517 0.00798377 0.00817772 0.00953143 0.00843318 0.00854451 0.00813817 0.00842689 0.00894478 0.00824526 0.00821881 0.00842462 0.00804766 0.00925699 0.00811264 0.00821982 0.00864208 0.00806117 0.00891673 0.00808613 0.00817514 0.00904983 
0.0248428 0.0155961 0.0287658 0.0391342 0.00441424 0.00447561 0.00348847 0.100716 0 0.00324288 0.00323859 0.00347071 0.143434 0.0212139 0.0313123 0.0302214 0.0131231 0.0294826 0.0148183 0.011731 0.00901937 0.0136434 0.0108451 0.00943061 0.0128601 0.00907891 0.011566 0.00816388 0.00876352 0.00878533 0.00795981 0.00891136 0.00859822 0.00810817 0.00890248 0.0089737 0.00842899 0.00869448 0.008696 0.00804882 0.00797249 0.00813259 0.00835301 0.00911618 0.00884567 0.00870119 0.00851442 0.00920272 0.00850496 0.00838271 0.00822886 0.00845785 0.00818662 0.00871575 0.00817994 0.00809062 0.00836349 0.00812964 0.00857739 0.0081214 0.00832799 0.00921555 
0.00925141 0.00973033 0.0100585 0.0104289 0.00742124 0.00695137 0.104721 0.00413601 0.00324288 0 0.00325857 0.00319702 0.466966 0.0760209 0.0200979 0.0135401 0.045988 0.01185 0.0121515 0.0158248 0.0158609 0.00873443 0.00964041 0.0128048 0.00921376 0.00799677 0.00797463 0.00804837 0.00808375 0.00799583 0.00816368 0.00819603 0.00819094 0.00845871 0.00842038 0.00849921 0.00896716 0.00867421 0.00851458 0.00797134 0.00806432 0.0080098 0.0078829 0.00799229 0.00861169 0.00894954 0.00909446 0.00855573 0.00817289 0.00858239 0.00871535 0.00853915 0.00841532 0.00821093 0.00811487 0.00796411 0.00819307 0.00857169 0.00826642 0.00823832 0.00822782 0.00819973 
0.00997258 0.0103857 0.00997107 0.0114867 0.00753858 0.0929805 0.00576713 0.00453223 0.00323859 0.00325857 0 0.00329184 0.0298214 0.583456 0.0673928 0.0206809 0.0244946 0.030776 0.0124439 0.016675 0.0203314 0.00965742 0.0105301 0.0159876 0.0119892 0.00802722 0.00835823 0.0081606 0.00808639 0.00802629 0.0082934 0.00807615 0.00842612 0.00890364 0.00871639 0.00865673 0.00895519 0.00886719 0.00827533 0.00804049 0.00814385 0.00801282 0.00786928 0.00802232 0.00858346 0.00924001 0.00917197 0.00863243 0.00826522 0.00853412 0.00889538 0.00865289 0.00828191 0.00828353 0.00804712 0.00802767 0.00825377 0.00826774 0.00827333 0.00817337 0.00822827 0.00838891 
0.0143539 0.0162104 0.0126805 0.0224017 0.0785167 0.00747449 0.00772478 0.00543934 0.00347071 0.00319702 0.00329184 0 0.0247993 0.0291514 0.722557 0.0149733 0.0150019 0.0546695 0.0141656 0.010115 0.0103725 0.0127897 0.0123317 0.00973214 0.0132459 0.00876235 0.00875533 0.00830768 0.00810687 0.00876507 0.00800947 0.0082117 0.00880372 0.00829419 0.00850217 0.00892638 0.00850534 0.00817871 0.00852549 0.00815654 0.00794388 0.00796891 0.00796446 0.00867265 0.0086764 0.00846213 0.00837815 0.00844897 0.00849876 0.00835135 0.00868437 0.0087805 0.00805965 0.00811112 0.00802053 0.00812007 0.00813612 0.00808111 0.00813542 0.00805622 0.00809974 0.00818537 
0.0143202 0.0107069 0.0187345 0.017802 0.0406266 0.0200973 0.0136047 0.0209015 0.143434 0.466966 0.0298214 0.0247993 0 0.00338522 0.00417058 0.660064 0.0236714 0.0652555 0.0205755 0.0169562 0.0110082 0.0154107 0.0138173 0.0111996 0.0162269 0.00967845 0.00988528 0.00819545 0.00910694 0.00860977 0.00824377 0.00985503 0.00898606 0.00847104 0.0102621 0.0096338 0.0090395 0.00892793 0.00912773 0.00826682 0.00796237 0.00822402 0.00829818 0.00871296 0.00939018 0.00859933 0.00885314 0.00895134 0.00850435 0.00851172 0.0083253 0.00825965 0.00822411 0.00826143 0.00818457 0.00812673 0.00809876 0.00829655 0.00819711 0.00813475 0.00818072 0.00838252 
0.00898808 0.00928488 0.0094038 0.0104656 0.01529 0.0316448 0.0233809 0.0140615 0.0212139 0.0760209 0.583456 0.0291514 0.00338522 0 0.00352465 0.0244809 0.832713 0.0182359 0.0128279 0.0240761 0.0197565 0.00935402 0.0106534 0.038831 0.0104186 0.00830365 0.00832846 0.00832957 0.0081545 0.0080777 0.00868313 0.00807494 0.00838984 0.00938112 0.00826036 0.00898956 0.00898348 0.00901553 0.00830411 0.00797976 0.00819385 0.00797094 0.00784634 0.00798479 0.00826277 0.00908917 0.00919419 0.00848312 0.00822431 0.00859525 0.00858988 0.00844727 0.0082399 0.00832406 0.00798659 0.00798902 0.00819882 0.00825863 0.00819281 0.00818095 0.00820763 0.00825163 
0.0107055 0.0122179 0.0103132 0.0136898 0.0288959 0.0118787 0.0198227 0.0208388 0.0313123 0.0200979 0.0673928 0.722557 0.00417058 0.00352465 0 0.0669276 0.0236886 0.726316 0.0210417 0.0143818 0.0168243 0.0156096 0.0204405 0.012416 0.0227697 0.00935067 0.00984311 0.00890595 0.00817585 0.00923741 0.00841608 0.0082837 0.00985049 0.00906345 0.00915234 0.0100951 0.00916899 0.00931534 0.00866305 0.00873779 0.00801302 0.00798156 0.00804145 0.00883244 0.00911976 0.00885156 0.00867966 0.00858894 0.00857449 0.00844858 0.00850534 0.00871475 0.00819217 0.00813926 0.00797605 0.00810681 0.00806959 0.00812756 0.00803409 0.00817556 0.00807694 0.00808472 
0.0137838 0.0100756 0.0123342 0.0177116 0.0124984 0.0124595 0.00960213 0.0274171 0.0302214 0.0135401 0.0206809 0.0149733 0.660064 0.0244809 0.0669276 0 0.00323381 0.00341964 0.192322 0.0333032 0.0135927 0.0233496 0.018896 0.011432 0.0225559 0.0108696 0.0153283 0.00831512 0.0102956 0.0096914 0.00833586 0.0108827 0.00937981 0.00829586 0.0111419 0.0105544 0.00922467 0.00904693 0.00925579 0.00829266 0.00787909 0.00819056 0.00851365 0.00919953 0.00988861 0.00957255 0.00882574 0.00941276 0.00904367 0.00850903 0.00827805 0.00835131 0.00815994 0.00841162 0.00809033 0.00813471 0.00805755 0.0081122 0.00818569 0.00806059 0.00812209 0.00865371 
0.00843449 0.00854316 0.00841851 0.00921023 0.0131289 0.0117078 0.0249693 0.00937462 0.0131231 0.045988 0.0244946 0.0150019 0.0236714 0.832713 0.0236886 0.00323381 0 0.00349827 0.0422128 0.135173 0.0786758 0.0140432 0.0155823 0.118085 0.0133906 0.0102478 0.00959923 0.00953696 0.00871458 0.00827625 0.00980307 0.00834791 0.00920709 0.0122599 0.00875019 0.0102331 0.0100436 0.00963008 0.00873134 0.00788959 0.00832573 0.00802652 0.00787237 0.00825663 0.00954273 0.00969314 0.0100321 0.00897293 0.00824968 0.00903902 0.00864151 0.00846519 0.00833619 0.00823098 0.00794763 0.00786873 0.00816512 0.00832244 0.00823091 0.00827893 0.00830561 0.0081389 
0.0100834 0.0103407 0.00966985 0.0114052 0.0176848 0.0119671 0.0108258 0.0189254 0.0294826 0.01185 0.030776 0.0546695 0.0652555 0.0182359 0.726316 0.00341964 0.00349827 0 0.0336483 0.0278442 0.105273 0.129524 0.0346455 0.0174233 0.0960977 0.0115245 0.0159776 0.0100287 0.00872576 0.0114185 0.00865763 0.00930244 0.0131379 0.0100043 0.0119113 0.0127798 0.00999646 0.0102558 0.010207 0.00948385 0.00809569 0.0080717 0.00824692 0.00950311 0.0110438 0.0110975 0.00940213 0.0104392 0.00941053 0.00891071 0.00884412 0.0085289 0.00818915 0.00815716 0.00806264 0.00829354 0.00809553 0.0080819 0.00809596 0.00835689 0.00806651 0.00826208 
0.00985404 0.00839396 0.0100228 0.0100472 0.0127617 0.00884636 0.00930252 0.0134135 0.0148183 0.0121515 0.0124439 0.0141656 0.0205755 0.0128279 0.0210417 0.192322 0.0422128 0.0336483 0 0.00328626 0.00322049 0.00358845 0.00597518 0.00799394 0.0944975 0.0565344 0.0186 0.0120132 0.0149364 0.0118262 0.00937253 0.0165804 0.014201 0.0100311 0.0195648 0.0234273 0.012518 0.011891 0.0163331 0.00837019 0.0081373 0.00933336 0.00936291 0.010725 0.0140968 0.0124214 0.0119463 0.0130553 0.0099026 0.00939334 0.00918436 0.00870701 0.00851259 0.00821913 0.00854163 0.00821248 0.00820265 0.00844392 0.00815932 0.0082188 0.00823274 0.00873154 
0.00801899 0.00798003 0.00808745 0.00832023 0.00918155 0.0108946 0.00921756 0.00921584 0.011731 0.0158248 0.016675 0.010115 0.0169562 0.0240761 0.0143818 0.0333032 0.135173 0.0278442 0.00328626 0 0.00321842 0.00317628 0.00606768 0.0593843 0.733793 0.00807424 0.0103959 0.0110368 0.0110128 0.00949874 0.0129662 0.00963941 0.0124953 0.0167121 0.0103298 0.0176551 0.0298991 0.0204074 0.0102044 0.00837753 0.008567 0.00854694 0.00798902 0.00855407 0.0149664 0.0225476 0.015478 0.0102031 0.00890541 0.011574 0.0112701 0.0101209 0.00884283 0.00856723 0.00799658 0.00796369 0.00871107 0.00879618 0.00884755 0.00844248 0.00875564 0.00803859 
0.00796317 0.00797384 0.00804347 0.0080756 0.00871314 0.00905047 0.0105785 0.00862296 0.00901937 0.0158609 0.0203314 0.0103725 0.0110082 0.0197565 0.0168243 0.0135927 0.0786758 0.105273 0.00322049 0.00321842 0 0.00322798 0.0212555 0.900264 0.00793883 0.00737653 0.00862764 0.0116375 0.00976007 0.00980627 0.0127419 0.00931818 0.0104717 0.0194099 0.0111041 0.0113959 0.017851 0.0209378 0.0113711 0.00868156 0.00959217 0.00821677 0.0079159 0.00863424 0.0125558 0.015515 0.0201116 0.0101809 0.00846802 0.0101097 0.0100949 0.00969956 0.00891421 0.00845316 0.00799503 0.00803006 0.00827945 0.00899733 0.00845049 0.00874583 0.00879803 0.00798393 
0.00968911 0.00873521 0.00869165 0.0111314 0.0102126 0.00988839 0.00816538 0.0101978 0.0136434 0.00873443 0.00965742 0.0127897 0.0154107 0.00935402 0.0156096 0.0233496 0.0140432 0.129524 0.00358845 0.00317628 0.00322798 0 0.911222 0.00429502 0.00599106 0.00863778 0.0187277 0.00928415 0.0105877 0.0168809 0.00909491 0.0101355 0.0143941 0.00922056 0.0147992 0.0142925 0.0101218 0.0101496 0.0116856 0.0097941 0.00819612 0.00839762 0.00836332 0.0109837 0.0115146 0.0132309 0.00931565 0.0114335 0.00961779 0.00867585 0.00846787 0.00866992 0.0080966 0.00820437 0.00810788 0.00808133 0.00824567 0.00815974 0.00812402 0.00814455 0.00812593 0.00819273 
0.00912044 0.00840999 0.00899256 0.00964753 0.00894871 0.00874405 0.00922834 0.00966216 0.0108451 0.00964041 0.0105301 0.0123317 0.0138173 0.0106534 0.0204405 0.018896 0.0155823 0.0346455 0.00597518 0.00606768 0.0212555 0.911222 0 0.00321139 0.00321351 0.00757577 0.0111488 0.0145767 0.014748 0.0107417 0.00907406 0.0190198 0.0126521 0.00984118 0.0206643 0.0158191 0.0120311 0.0114382 0.0142691 0.00824451 0.00816801 0.0113107 0.0091258 0.00991408 0.0109158 0.0117218 0.0114375 0.0122017 0.00906236 0.0091534 0.00904439 0.00855681 0.00868473 0.00832649 0.00836346 0.00817862 0.00801177 0.00851626 0.00818131 0.00825036 0.00819682 0.00871984 
0.00795391 0.0082672 0.00790247 0.00820234 0.00878018 0.0095849 0.00994599 0.00866845 0.00943061 0.0128048 0.0159876 0.00973214 0.0111996 0.038831 0.012416 0.011432 0.118085 0.0174233 0.00799394 0.0593843 0.900264 0.00429502 0.00321139 0 0.0032257 0.0122701 0.012247 0.0195998 0.0196953 0.00895998 0.0302075 0.00902896 0.010546 0.0489246 0.0107231 0.0122477 0.020984 0.0213842 0.0112364 0.00827186 0.0103302 0.00836015 0.00821981 0.00841537 0.0108559 0.0168985 0.0190241 0.00994262 0.00860465 0.0106435 0.00994531 0.0096193 0.00874065 0.00862036 0.00804535 0.00795387 0.00841161 0.00865743 0.00833912 0.00842905 0.00908684 0.00802707 
0.00844266 0.0084256 0.00826815 0.00892015 0.00986503 0.00879514 0.00859343 0.00886286 0.0128601 0.00921376 0.0119892 0.0132459 0.0162269 0.0104186 0.0227697 0.0225559 0.0133906 0.0960977 0.0944975 0.733793 0.00793883 0.00599106 0.00321351 0.0032257 0 0.0237156 0.0112313 0.02065 0.0123233 0.0160769 0.00950655 0.0133794 0.0208611 0.0121312 0.0273799 0.0182765 0.0124873 0.0154074 0.0170598 0.0103937 0.00830465 0.00896778 0.00841534 0.0110783 0.0156774 0.0136906 0.0122264 0.0143289 0.0103841 0.00933817 0.00969001 0.00896191 0.0086161 0.00834264 0.00812759 0.00830107 0.00826755 0.00845335 0.00823396 0.00839425 0.00820052 0.00838802 
0.0128368 0.00972946 0.0102757 0.0126207 0.00870894 0.00790359 0.00807404 0.00840002 0.00907891 0.00799677 0.00802722 0.00876235 0.00967845 0.00830365 0.00935067 0.0108696 0.0102478 0.0115245 0.0565344 0.00807424 0.00737653 0.00863778 0.00757577 0.0122701 0.0237156 0 0.905775 0.0102786 0.0176399 0.0126033 0.00995131 0.0113508 0.00998082 0.00924611 0.0111126 0.0103345 0.00853477 0.00842585 0.0104718 0.00922993 0.00798449 0.00838437 0.0111491 0.011685 0.00903705 0.00821685 0.0085412 0.00881069 0.00883904 0.00800221 0.00795265 0.00801009 0.00798048 0.00794558 0.00849838 0.00857614 0.00791819 0.0079408 0.00787125 0.00789517 0.00790555 0.00840305 
0.0176534 0.0114035 0.0127944 0.0184413 0.00874515 0.00838322 0.00795698 0.0121492 0.011566 0.00797463 0.00835823 0.00875533 0.00988528 0.00832846 0.00984311 0.0153283 0.00959923 0.0159776 0.0186 0.0103959 0.00862764 0.0187277 0.0111488 0.012247 0.0112313 0.905775 0 0.0327586 0.0203382 0.0194231 0.00985615 0.0137014 0.013201 0.00895687 0.0148686 0.0114502 0.00889338 0.00896767 0.00985814 0.00944885 0.00798368 0.00866675 0.0116579 0.0154915 0.00908226 0.00920463 0.00825289 0.0100654 0.00958451 0.0080333 0.00803667 0.00835804 0.00788759 0.00915704 0.00826495 0.00865239 0.0083313 0.00787344 0.00859857 0.00796779 0.00786303 0.0121316 
0.00829048 0.00802059 0.0080922 0.00816668 0.00785436 0.00801463 0.00800952 0.00822722 0.00816388 0.00804837 0.0081606 0.00830768 0.00819545 0.00832957 0.00890595 0.00831512 0.00953696 0.0100287 0.0120132 0.0110368 0.0116375 0.00928415 0.0145767 0.0195998 0.02065 0.0102786 0.0327586 0 0.00710143 0.00612969 0.0254239 0.0121563 0.00891729 0.0114758 0.0117811 0.00977503 0.0179855 0.0106682 0.0131832 0.00836685 0.00892748 0.00892848 0.00905788 0.00920224 0.00852615 0.00958105 0.0103419 0.00990842 0.00817299 0.00852429 0.00825841 0.00822268 0.00819676 0.00811925 0.00845017 0.00786583 0.00807111 0.00820193 0.00795161 0.00810098 0.00802697 0.00834922 
0.00825844 0.00815916 0.00820227 0.00883678 0.00832165 0.00792181 0.00797288 0.00802508 0.00876352 0.00808375 0.00808639 0.00810687 0.00910694 0.0081545 0.00817585 0.0102956 0.00871458 0.00872576 0.0149364 0.0110128 0.00976007 0.0105877 0.014748 0.0196953 0.0123233 0.0176399 0.0203382 0.00710143 0 0.0166968 0.0172611 0.00840751 0.0126896 0.0140382 0.0147851 0.0183077 0.0106316 0.011279 0.0102742 0.0110171 0.00843491 0.00831214 0.0107033 0.0131059 0.0119748 0.0101579 0.00974209 0.00967597 0.0102943 0.00884609 0.00837785 0.00836471 0.00815761 0.00820822 0.00803555 0.00894848 0.00828179 0.00807065 0.00810036 0.00804974 0.00809437 0.0080748 
0.0108262 0.0088116 0.0099235 0.0108983 0.00812446 0.00797944 0.008146 0.00976303 0.00878533 0.00799583 0.00802629 0.00876507 0.00860977 0.0080777 0.00923741 0.0096914 0.00827625 0.0114185 0.0118262 0.00949874 0.00980627 0.0168809 0.0107417 0.00895998 0.0160769 0.0126033 0.0194231 0.00612969 0.0166968 0 0.00351836 0.00371217 0.0107299 0.0182945 0.874898 0.0136697 0.0111619 0.012323 0.0177308 0.00934335 0.00859839 0.0158519 0.0123312 0.0147226 0.0106719 0.013018 0.0104966 0.0177165 0.0104188 0.0086068 0.00878163 0.00879047 0.00829884 0.0104623 0.0108027 0.00844874 0.00836734 0.00823738 0.00922938 0.00812906 0.00845604 0.0139746 
0.00804962 0.00788402 0.00805836 0.00808864 0.00792484 0.00805653 0.00819024 0.00801288 0.00795981 0.00816368 0.0082934 0.00800947 0.00824377 0.00868313 0.00841608 0.00833586 0.00980307 0.00865763 0.00937253 0.0129662 0.0127419 0.00909491 0.00907406 0.0302075 0.00950655 0.00995131 0.00985615 0.0254239 0.0172611 0.00351836 0 0.00330416 0.00787293 0.944966 0.00676227 0.011894 0.0263429 0.0164564 0.00934202 0.00941537 0.0137356 0.00864692 0.00915636 0.00952131 0.00990084 0.0142689 0.0232111 0.00907521 0.00895732 0.0107469 0.00883351 0.00855363 0.00845238 0.0086536 0.00823155 0.00828114 0.00847421 0.00830203 0.0082058 0.00824553 0.00886977 0.00821203 
0.0086637 0.00849221 0.00841352 0.00915726 0.00877492 0.00801046 0.00799258 0.00805982 0.00891136 0.00819603 0.00807615 0.0082117 0.00985503 0.00807494 0.0082837 0.0108827 0.00834791 0.00930244 0.0165804 0.00963941 0.00931818 0.0101355 0.0190198 0.00902896 0.0133794 0.0113508 0.0137014 0.0121563 0.00840751 0.00371217 0.00330416 0 0.94174 0.00746897 0.00772595 0.023311 0.0123771 0.0113566 0.0154965 0.0249775 0.00844996 0.00958663 0.0111096 0.0153174 0.0176559 0.0133679 0.0104047 0.0125861 0.0137412 0.00942553 0.00921287 0.00860978 0.00890824 0.00826974 0.00870141 0.0117627 0.00850782 0.00858361 0.00834399 0.00841999 0.00824257 0.00866721 
0.009269 0.00815861 0.0087173 0.0092645 0.00820413 0.00810866 0.00828997 0.00870764 0.00859822 0.00819094 0.00842612 0.00880372 0.00898606 0.00838984 0.00985049 0.00937981 0.00920709 0.0131379 0.014201 0.0124953 0.0104717 0.0143941 0.0126521 0.010546 0.0208611 0.00998082 0.013201 0.00891729 0.0126896 0.0107299 0.00787293 0.94174 0 0.00317298 0.00347903 0.0486522 0.0240643 0.0364018 0.0475654 0.0101681 0.00876127 0.0332733 0.013409 0.0151037 0.0160147 0.0267572 0.0170543 0.0267046 0.0123982 0.0106915 0.0106586 0.00974596 0.00933918 0.00966244 0.0107492 0.00855096 0.0085054 0.00872434 0.00895698 0.00843078 0.00865313 0.0134574 
0.00818138 0.00788633 0.00796354 0.00801462 0.0080257 0.00824034 0.00837064 0.00798614 0.00810817 0.00845871 0.00890364 0.00829419 0.00847104 0.00938112 0.00906345 0.00829586 0.0122599 0.0100043 0.0100311 0.0167121 0.0194099 0.00922056 0.00984118 0.0489246 0.0121312 0.00924611 0.00895687 0.0114758 0.0140382 0.0182945 0.944966 0.00746897 0.00317298 0 0.00330892 0.0229092 0.0957592 0.0820233 0.0148935 0.00923693 0.0307614 0.00902504 0.0114958 0.0100455 0.0130112 0.0237952 0.064063 0.0120443 0.00933215 0.0183285 0.0108221 0.00993693 0.0108455 0.0103328 0.00852932 0.00825462 0.00977108 0.00954911 0.00845834 0.00891382 0.0129676 0.00853842 
0.00876812 0.00855008 0.00849239 0.00963644 0.00853014 0.00803034 0.0080836 0.00842549 0.00890248 0.00842038 0.00871639 0.00850217 0.0102621 0.00826036 0.00915234 0.0111419 0.00875019 0.0119113 0.0195648 0.0103298 0.0111041 0.0147992 0.0206643 0.0107231 0.0273799 0.0111126 0.0148686 0.0117811 0.0147851 0.874898 0.00676227 0.00772595 0.00347903 0.00330892 0 0.0601439 0.0225687 0.0309121 0.0567815 0.0376899 0.00879346 0.0139187 0.014763 0.0199249 0.0248592 0.0191986 0.0130196 0.0456766 0.0204671 0.0106806 0.0104042 0.0105275 0.00938352 0.00975191 0.00902199 0.0116851 0.00947819 0.0087866 0.00926924 0.0091296 0.00867184 0.0111137 
0.00946314 0.00840638 0.00891738 0.00925315 0.00835801 0.00840075 0.00845061 0.00850402 0.0089737 0.00849921 0.00865673 0.00892638 0.0096338 0.00898956 0.0100951 0.0105544 0.0102331 0.0127798 0.0234273 0.0176551 0.0113959 0.0142925 0.0158191 0.0122477 0.0182765 0.0103345 0.0114502 0.00977503 0.0183077 0.0136697 0.011894 0.023311 0.0486522 0.0229092 0.0601439 0 0.00322832 0.00336063 0.00353419 0.017038 0.00807814 0.0718551 0.0194534 0.0285686 0.0332523 0.0411758 0.0261974 0.0409715 0.0287769 0.0259879 0.0177799 0.0129433 0.0128925 0.00995955 0.0151909 0.0122584 0.0096613 0.012236 0.009836 0.0103502 0.0100298 0.0171705 
0.0083695 0.00806221 0.00816363 0.00824147 0.00818431 0.00863361 0.00850883 0.00822494 0.00842899 0.00896716 0.00895519 0.00850534 0.0090395 0.00898348 0.00916899 0.00922467 0.0100436 0.00999646 0.012518 0.0298991 0.017851 0.0101218 0.0120311 0.020984 0.0124873 0.00853477 0.00889338 0.0179855 0.0106316 0.0111619 0.0263429 0.0123771 0.0240643 0.0957592 0.0225687 0.00322832 0 0.00320915 0.00321272 0.00799123 0.049794 0.0295871 0.00898458 0.0113206 0.0740662 0.0849033 0.069838 0.019105 0.0153602 0.0609881 0.0322964 0.0318282 0.0117372 0.0190811 0.00942433 0.00901625 0.0148897 0.011589 0.0157748 0.0119409 0.0187133 0.0103031 
0.00836059 0.00808803 0.00816858 0.00828216 0.00822182 0.00835415 0.00826834 0.0080904 0.00869448 0.00867421 0.00886719 0.00817871 0.00892793 0.00901553 0.00931534 0.00904693 0.00963008 0.0102558 0.011891 0.0204074 0.0209378 0.0101496 0.0114382 0.0213842 0.0154074 0.00842585 0.00896767 0.0106682 0.011279 0.012323 0.0164564 0.0113566 0.0364018 0.0820233 0.0309121 0.00336063 0.00320915 0 0.00339059 0.0290534 0.0603738 0.012923 0.00776494 0.0140582 0.0196266 0.11471 0.0518213 0.0363907 0.0134849 0.0290503 0.0274722 0.0190514 0.0158432 0.0139622 0.00936339 0.0092561 0.0136911 0.011422 0.0106563 0.012396 0.0128726 0.0102431 
0.0087287 0.00824009 0.00832671 0.00854531 0.00858402 0.00800139 0.00807548 0.00808654 0.008696 0.00851458 0.00827533 0.00852549 0.00912773 0.00830411 0.00866305 0.00925579 0.00873134 0.010207 0.0163331 0.0102044 0.0113711 0.0116856 0.0142691 0.0112364 0.0170598 0.0104718 0.00985814 0.0131832 0.0102742 0.0177308 0.00934202 0.0154965 0.0475654 0.0148935 0.0567815 0.00353419 0.00321272 0.00339059 0 0.0323925 0.0110754 0.0181316 0.00983444 0.0180898 0.0372067 0.0181296 0.0423667 0.0632437 0.0268577 0.0131441 0.0140735 0.0115324 0.0115066 0.0095062 0.0110815 0.0156576 0.00957684 0.0111457 0.00952123 0.00923784 0.011015 0.0100795 
0.00936608 0.00814365 0.00873004 0.00912074 0.00835067 0.00796068 0.00801936 0.00833275 0.00804882 0.00797134 0.00804049 0.00815654 0.00826682 0.00797976 0.00873779 0.00829266 0.00788959 0.00948385 0.00837019 0.00837753 0.00868156 0.0097941 0.00824451 0.00827186 0.0103937 0.00922993 0.00944885 0.00836685 0.0110171 0.00934335 0.00941537 0.0249775 0.0101681 0.00923693 0.0376899 0.017038 0.00799123 0.0290534 0.0323925 0 0.00446056 0.00433326 0.0130034 0.0141514 0.0120615 0.0109153 0.0280609 0.229297 0.0103175 0.00980748 0.0093718 0.00861905 0.00911851 0.00973275 0.0184797 0.00903059 0.00843426 0.00895239 0.00868272 0.00848361 0.00899041 0.0208477 
0.00816545 0.00799143 0.0080682 0.00811607 0.00798092 0.00802465 0.00802176 0.0079517 0.00797249 0.00806432 0.00814385 0.00794388 0.00796237 0.00819385 0.00801302 0.00787909 0.00832573 0.00809569 0.0081373 0.008567 0.00959217 0.00819612 0.00816801 0.0103302 0.00830465 0.00798449 0.00798368 0.00892748 0.00843491 0.00859839 0.0137356 0.00844996 0.00876127 0.0307614 0.00879346 0.00807814 0.049794 0.0603738 0.0110754 0.00446056 0 0.00354705 0.00410212 0.00699538 0.0092238 0.0290149 0.237771 0.00777033 0.0091838 0.0119916 0.00887331 0.00893517 0.00864572 0.0105006 0.00837709 0.0083297 0.00885676 0.00860038 0.00843457 0.00860421 0.0150156 0.00830412 
0.00866068 0.00819411 0.00842606 0.00872687 0.00804339 0.00797983 0.00795675 0.00798377 0.00813259 0.0080098 0.00801282 0.00796891 0.00822402 0.00797094 0.00798156 0.00819056 0.00802652 0.0080717 0.00933336 0.00854694 0.00821677 0.00839762 0.0113107 0.00836015 0.00896778 0.00838437 0.00866675 0.00892848 0.00831214 0.0158519 0.00864692 0.00958663 0.0332733 0.00902504 0.0139187 0.0718551 0.0295871 0.012923 0.0181316 0.00433326 0.00354705 0 0.0189889 0.0128299 0.046541 0.162715 0.0095762 0.0118749 0.0148357 0.0103319 0.0091652 0.00872924 0.00902175 0.00857425 0.00893559 0.011403 0.00858665 0.00864065 0.00844129 0.00936177 0.00839742 0.0091599 
0.010561 0.0107838 0.00960838 0.0106701 0.00817577 0.00794022 0.00793796 0.00817772 0.00835301 0.0078829 0.00786928 0.00796446 0.00829818 0.00784634 0.00804145 0.00851365 0.00787237 0.00824692 0.00936291 0.00798902 0.0079159 0.00836332 0.0091258 0.00821981 0.00841534 0.0111491 0.0116579 0.00905788 0.0107033 0.0123312 0.00915636 0.0111096 0.013409 0.0114958 0.014763 0.0194534 0.00898458 0.00776494 0.00983444 0.0130034 0.00410212 0.0189889 0 0.910309 0.0149461 0.00796981 0.00903969 0.0103087 0.0174232 0.00985378 0.00861281 0.00812713 0.00841094 0.00891527 0.0110783 0.0118837 0.00844258 0.00900563 0.00812597 0.00822572 0.00852436 0.0108147 
0.0112213 0.010068 0.0100957 0.0117032 0.00867797 0.00804314 0.00807667 0.00953143 0.00911618 0.00799229 0.00802232 0.00867265 0.00871296 0.00798479 0.00883244 0.00919953 0.00825663 0.00950311 0.010725 0.00855407 0.00863424 0.0109837 0.00991408 0.00841537 0.0110783 0.011685 0.0154915 0.00920224 0.0131059 0.0147226 0.00952131 0.0153174 0.0151037 0.0100455 0.0199249 0.0285686 0.0113206 0.0140582 0.0180898 0.0141514 0.00699538 0.0128299 0.910309 0 0.0038441 0.00342971 0.00350669 0.00442553 0.020477 0.0124884 0.00999217 0.0104093 0.00928298 0.0149305 0.014793 0.013443 0.00943933 0.00896589 0.00920588 0.00872706 0.00921861 0.0200667 
0.00924405 0.00843662 0.00867306 0.00875669 0.00838627 0.00835181 0.00842387 0.00843318 0.00884567 0.00861169 0.00858346 0.0086764 0.00939018 0.00826277 0.00911976 0.00988861 0.00954273 0.0110438 0.0140968 0.0149664 0.0125558 0.0115146 0.0109158 0.0108559 0.0156774 0.00903705 0.00908226 0.00852615 0.0119748 0.0106719 0.00990084 0.0176559 0.0160147 0.0130112 0.0248592 0.0332523 0.0740662 0.0196266 0.0372067 0.0120615 0.0092238 0.046541 0.0149461 0.0038441 0 0.00323271 0.00327136 0.00343355 0.0391787 0.0277232 0.0398787 0.0174088 0.0345015 0.0113776 0.0232641 0.012241 0.010011 0.0170122 0.0109071 0.0125935 0.0140531 0.0214204 
0.00888472 0.00838483 0.00850659 0.00885045 0.00820038 0.00885691 0.00862447 0.00854451 0.00870119 0.00894954 0.00924001 0.00846213 0.00859933 0.00908917 0.00885156 0.00957255 0.00969314 0.0110975 0.0124214 0.0225476 0.015515 0.0132309 0.0117218 0.0168985 0.0136906 0.00821685 0.00920463 0.00958105 0.0101579 0.013018 0.0142689 0.0133679 0.0267572 0.0237952 0.0191986 0.0411758 0.0849033 0.11471 0.0181296 0.0109153 0.0290149 0.162715 0.00796981 0.00342971 0.00323271 0 0.00327179 0.0032845 0.034296 0.110282 0.0372071 0.0663679 0.0150685 0.0541219 0.0103059 0.0117623 0.0454278 0.0100329 0.0265011 0.0159527 0.0263918 0.0183556 
0.0085912 0.0082432 0.0082765 0.00834448 0.00835406 0.00850487 0.0087381 0.00813817 0.00851442 0.00909446 0.00917197 0.00837815 0.00885314 0.00919419 0.00867966 0.00882574 0.0100321 0.00940213 0.0119463 0.015478 0.0201116 0.00931565 0.0114375 0.0190241 0.0122264 0.0085412 0.00825289 0.0103419 0.00974209 0.0104966 0.0232111 0.0104047 0.0170543 0.064063 0.0130196 0.0261974 0.069838 0.0518213 0.0423667 0.0280609 0.237771 0.0095762 0.00903969 0.00350669 0.00327136 0.00327179 0 0.00333949 0.0239739 0.0859913 0.0934094 0.0166564 0.0617788 0.0130845 0.0123975 0.0129395 0.0113313 0.0345948 0.00921425 0.0365309 0.0463852 0.0123273 
0.00941109 0.00876607 0.00855235 0.00931572 0.00841329 0.00819143 0.00810432 0.00842689 0.00920272 0.00855573 0.00863243 0.00844897 0.00895134 0.00848312 0.00858894 0.00941276 0.00897293 0.0104392 0.0130553 0.0102031 0.0101809 0.0114335 0.0122017 0.00994262 0.0143289 0.00881069 0.0100654 0.00990842 0.00967597 0.0177165 0.00907521 0.0125861 0.0267046 0.0120443 0.0456766 0.0409715 0.019105 0.0363907 0.0632437 0.229297 0.00777033 0.0118749 0.0103087 0.00442553 0.00343355 0.0032845 0.00333949 0 0.036017 0.0329736 0.0365569 0.0333371 0.0121409 0.0256565 0.0155119 0.014354 0.0123491 0.00969542 0.0185826 0.00966814 0.0123744 0.0242462 
0.0109233 0.00875788 0.00935658 0.0101567 0.00832942 0.00818062 0.0082137 0.00894478 0.00850496 0.00817289 0.00826522 0.00849876 0.00850435 0.00822431 0.00857449 0.00904367 0.00824968 0.00941053 0.0099026 0.00890541 0.00846802 0.00961779 0.00906236 0.00860465 0.0103841 0.00883904 0.00958451 0.00817299 0.0102943 0.0104188 0.00895732 0.0137412 0.0123982 0.00933215 0.0204671 0.0287769 0.0153602 0.0134849 0.0268577 0.0103175 0.0091838 0.0148357 0.0174232 0.020477 0.0391787 0.034296 0.0239739 0.036017 0 0.00328238 0.00317948 0.00318368 0.00322816 0.00416294 0.00457279 0.0054014 0.00570138 0.00599815 0.00641686 0.00723119 0.0162023 0.935236 
0.00856396 0.00814942 0.00835634 0.00840629 0.00825475 0.00837524 0.00836866 0.00824526 0.00838271 0.00858239 0.00853412 0.00835135 0.00851172 0.00859525 0.00844858 0.00850903 0.00903902 0.00891071 0.00939334 0.011574 0.0101097 0.00867585 0.0091534 0.0106435 0.00933817 0.00800221 0.0080333 0.00852429 0.00884609 0.0086068 0.0107469 0.00942553 0.0106915 0.0183285 0.0106806 0.0259879 0.0609881 0.0290503 0.0131441 0.00980748 0.0119916 0.0103319 0.00985378 0.0124884 0.0277232 0.110282 0.0859913 0.0329736 0.00328238 0 0.00317071 0.00316629 0.00325567 0.00457918 0.00330393 0.00447523 0.00582461 0.00603265 0.00585996 0.0143513 0.946945 0.0203382 
0.00845734 0.0081607 0.00826958 0.00826807 0.00821848 0.00843219 0.00843521 0.00821881 0.00822886 0.00871535 0.00889538 0.00868437 0.0083253 0.00858988 0.00850534 0.00827805 0.00864151 0.00884412 0.00918436 0.0112701 0.0100949 0.00846787 0.00904439 0.00994531 0.00969001 0.00795265 0.00803667 0.00825841 0.00837785 0.00878163 0.00883351 0.00921287 0.0106586 0.0108221 0.0104042 0.0177799 0.0322964 0.0274722 0.0140735 0.0093718 0.00887331 0.0091652 0.00861281 0.00999217 0.0398787 0.0372071 0.0934094 0.0365569 0.00317948 0.00317071 0 0.00319438 0.00319642 0.00318704 0.00332223 0.00376805 0.00478422 0.0173865 0.00851343 0.950806 0.0339163 0.00707405 
0.00874788 0.00853343 0.00839178 0.00864211 0.00826616 0.00849671 0.00830435 0.00842462 0.00845785 0.00853915 0.00865289 0.0087805 0.00825965 0.00844727 0.00871475 0.00835131 0.00846519 0.0085289 0.00870701 0.0101209 0.00969956 0.00866992 0.00855681 0.0096193 0.00896191 0.00801009 0.00835804 0.00822268 0.00836471 0.00879047 0.00855363 0.00860978 0.00974596 0.00993693 0.0105275 0.0129433 0.0318282 0.0190514 0.0115324 0.00861905 0.00893517 0.00872924 0.00812713 0.0104093 0.0174088 0.0663679 0.0166564 0.0333371 0.00318368 0.00316629 0.00319438 0 0.00315402 0.00321844 0.00324656 0.00327719 0.0130359 0.00472734 0.976013 0.00949582 0.00666387 0.00849914 
0.00838186 0.00809767 0.00824671 0.00818817 0.00819214 0.00822911 0.00837847 0.00804766 0.00818662 0.00841532 0.00828191 0.00805965 0.00822411 0.0082399 0.00819217 0.00815994 0.00833619 0.00818915 0.00851259 0.00884283 0.00891421 0.0080966 0.00868473 0.00874065 0.0086161 0.00798048 0.00788759 0.00819676 0.00815761 0.00829884 0.00845238 0.00890824 0.00933918 0.0108455 0.00938352 0.0128925 0.0117372 0.0158432 0.0115066 0.00911851 0.00864572 0.00902175 0.00841094 0.00928298 0.0345015 0.0150685 0.0617788 0.0121409 0.00322816 0.00325567 0.00319642 0.00315402 0 0.0031553 0.00327878 0.00742863 0.00422638 0.989831 0.00446611 0.00694915 0.0130651 0.0053497 
0.00966333 0.00904921 0.00888967 0.00944956 0.00821594 0.00846774 0.00814387 0.00925699 0.00871575 0.00821093 0.00828353 0.00811112 0.00826143 0.00832406 0.00813926 0.00841162 0.00823098 0.00815716 0.00821913 0.00856723 0.00845316 0.00820437 0.00832649 0.00862036 0.00834264 0.00794558 0.00915704 0.00811925 0.00820822 0.0104623 0.0086536 0.00826974 0.00966244 0.0103328 0.00975191 0.00995955 0.0190811 0.0139622 0.0095062 0.00973275 0.0105006 0.00857425 0.00891527 0.0149305 0.0113776 0.0541219 0.0130845 0.0256565 0.00416294 0.00457918 0.00318704 0.00321844 0.0031553 0 0.00333535 0.00442061 0.994884 0.00328276 0.00741251 0.00433872 0.0047314 0.00900165 
0.00922165 0.00854085 0.00857131 0.00898868 0.00819739 0.00808094 0.00805582 0.00811264 0.00817994 0.00811487 0.00804712 0.00802053 0.00818457 0.00798659 0.00797605 0.00809033 0.00794763 0.00806264 0.00854163 0.00799658 0.00799503 0.00810788 0.00836346 0.00804535 0.00812759 0.00849838 0.00826495 0.00845017 0.00803555 0.0108027 0.00823155 0.00870141 0.0107492 0.00852932 0.00902199 0.0151909 0.00942433 0.00936339 0.0110815 0.0184797 0.00837709 0.00893559 0.0110783 0.014793 0.0232641 0.0103059 0.0123975 0.0155119 0.00457279 0.00330393 0.00332223 0.00324656 0.00327878 0.00333535 0 0.998232 0.00331029 0.00404825 0.0032772 0.00366223 0.00412243 0.00439916 
0.010085 0.0084903 0.00900115 0.00925487 0.00800608 0.00805965 0.00809108 0.00821982 0.00809062 0.00796411 0.00802767 0.00812007 0.00812673 0.00798902 0.00810681 0.00813471 0.00786873 0.00829354 0.00821248 0.00796369 0.00803006 0.00808133 0.00817862 0.00795387 0.00830107 0.00857614 0.00865239 0.00786583 0.00894848 0.00844874 0.00828114 0.0117627 0.00855096 0.00825462 0.0116851 0.0122584 0.00901625 0.0092561 0.0156576 0.00903059 0.0083297 0.011403 0.0118837 0.013443 0.012241 0.0117623 0.0129395 0.014354 0.0054014 0.00447523 0.00376805 0.00327719 0.00742863 0.00442061 0.998232 0 0.00332664 0.00323434 0.00316518 0.00322099 0.00344868 0.00545825 
0.00900447 0.00859333 0.00853791 0.00900091 0.00815931 0.00827225 0.00817589 0.00864208 0.00836349 0.00819307 0.00825377 0.00813612 0.00809876 0.00819882 0.00806959 0.00805755 0.00816512 0.00809553 0.00820265 0.00871107 0.00827945 0.00824567 0.00801177 0.00841161 0.00826755 0.00791819 0.0083313 0.00807111 0.00828179 0.00836734 0.00847421 0.00850782 0.0085054 0.00977108 0.00947819 0.0096613 0.0148897 0.0136911 0.00957684 0.00843426 0.00885676 0.00858665 0.00844258 0.00943933 0.010011 0.0454278 0.0113313 0.0123491 0.00570138 0.00582461 0.00478422 0.0130359 0.00422638 0.994884 0.00331029 0.00332664 0 0.00317428 0.00316958 0.00317246 0.00356387 0.0035412 
0.00835853 0.00811584 0.00827535 0.00823336 0.00821701 0.00825238 0.0084153 0.00806117 0.00812964 0.00857169 0.00826774 0.00808111 0.00829655 0.00825863 0.00812756 0.0081122 0.00832244 0.0080819 0.00844392 0.00879618 0.00899733 0.00815974 0.00851626 0.00865743 0.00845335 0.0079408 0.00787344 0.00820193 0.00807065 0.00823738 0.00830203 0.00858361 0.00872434 0.00954911 0.0087866 0.012236 0.011589 0.011422 0.0111457 0.00895239 0.00860038 0.00864065 0.00900563 0.00896589 0.0170122 0.0100329 0.0345948 0.00969542 0.00599815 0.00603265 0.0173865 0.00472734 0.989831 0.00328276 0.00404825 0.00323434 0.00317428 0 0.00313921 0.00318777 0.00320511 0.0031864 
