1UADC
SRQPPLVTGISPNEGIPWTKVTIRGENLGTGPTDLIGLTICGHNCLLTAEWMSASKIVCRVGQAKNDKGDIIVTTKSGGRGTSTVSFKLLKP
CCCCCEEEEEECCEECCCCEEEEEEECCCCCHHHEEEEEECCEECHHHCEEEECCEEEEECCCCCCCCCCEEEEECCCEECEECCCCEECCC
0 0 0 0 0 0 0 0 0 0 0 0 0 0 0 0 0 0 0 0 0 0 0 0 0 0 0 0 0 0 0 0 0 0 0 0 0 0 0 0 0 0 0 0 0 0 0 0 0 0 0 0 0 0 0 0 0 0 0 0 0 0 0 0 0 0 0 0 0 0 0 0 0 0 0 0 0 0 0 0 0 0 0 0 0 0 0 0 0 0 0 0 
0 0 0 0 0 0 0 0 0 0 0 0 0 0 0 0 0 0 0 0 0 0 0 0 0 0 0 0 0 0 0 0 0 0 0 0 0 0 0 0 0 0 0 0 0 0 0 0 0 0 0 0 0 0 0 0 0 0 0 0 0 0 0 0 0 0 0 0 0 0 0 0 0 0 0 0 0 0 0 0 0 0 0 0 0 0 0 0 0 0 0 0 
0 0.00329982 0.00327789 0.00327138 0.00330387 0.00491074 0.00601161 0.00730677 0.0379762 0.00982008 0.027158 0.0112464 0.0173072 0.0111513 0.394221 0.0134848 0.0176455 0.0152812 0.0111704 0.0181696 0.0185726 0.00956389 0.0166092 0.0139839 0.00885796 0.00928034 0.0154772 0.030166 0.0128571 0.0188022 0.0116205 0.0347206 0.0191051 0.0191708 0.0119309 0.0144146 0.0158817 0.00844132 0.00927561 0.00949905 0.0108155 0.0112013 0.00975708 
0.00329982 0 0.00321411 0.00320266 0.00322881 0.0032142 0.00485132 0.005144 0.00730398 0.0563327 0.0101747 0.030733 0.0106507 0.376247 0.034644 0.0201107 0.0165734 0.016237 0.0333179 0.0132617 0.0139052 0.0101473 0.00883885 0.00875982 0.0119574 0.0101416 0.00872087 0.01076 0.0707953 0.0151305 0.0505529 0.00967896 0.0227738 0.0226434 0.0380212 0.014681 0.0114662 0.00821307 0.00810134 0.00824516 0.00867501 0.00827652 0.00849212 
0.00327789 0.00321411 0 0.00323973 0.0031977 0.00321009 0.00339767 0.00418781 0.0100973 0.0093344 0.0155251 0.0136611 0.0875365 0.0431141 0.014224 0.00989857 0.0203435 0.025014 0.0167328 0.0212341 0.010907 0.0092016 0.00875427 0.0104974 0.00942816 0.00898385 0.00963954 0.0132553 0.0146842 0.0922963 0.015483 0.0139147 0.0124535 0.0422319 0.0408379 0.020498 0.00947313 0.00820787 0.00828066 0.00843104 0.00839146 0.00846711 0.00830822 
0.00327138 0.00320266 0.00323973 0 0.00318111 0.00316318 0.00329609 0.00398603 0.0128296 0.0147234 0.0170905 0.0602792 0.222073 0.014054 0.0100505 0.0120165 0.0146966 0.0439583 0.0262679 0.0195023 0.013758 0.00858031 0.00875009 0.00950904 0.0125163 0.0102311 0.00946291 0.0110909 0.0325432 0.0453684 0.0290693 0.0124027 0.0127403 0.0355957 0.0610083 0.02141 0.010907 0.00830766 0.00827431 0.00848932 0.008805 0.00839192 0.00846829 
0.00330387 0.00322881 0.0031977 0.00318111 0 0.00337181 0.00367312 0.0120179 0.0101396 0.020571 0.017396 0.285229 0.00967572 0.0168409 0.0120479 0.0114119 0.0157197 0.014625 0.0370562 0.0219801 0.0196404 0.0101064 0.00926992 0.00946092 0.0106753 0.0108054 0.00953343 0.0137872 0.0251993 0.0142169 0.0436521 0.0154938 0.0140253 0.0193163 0.029737 0.021087 0.0117906 0.0087426 0.00832303 0.00920019 0.00914991 0.00854751 0.00871668 
0.00491074 0.0032142 0.00321009 0.00316318 0.00337181 0 0.0184595 0.00365839 0.0209913 0.00868048 0.217776 0.00690196 0.00869754 0.00773365 0.00931128 0.0118982 0.00959405 0.0102981 0.00883224 0.0126547 0.0127691 0.00919165 0.00943653 0.0121061 0.00847322 0.00846978 0.0105951 0.0160086 0.00940617 0.0121942 0.00970202 0.0184287 0.0134492 0.0106306 0.010732 0.0114298 0.009883 0.00933352 0.00851731 0.009623 0.00866231 0.00988446 0.00811088 
0.00601161 0.00485132 0.00339767 0.00329609 0.00367312 0.0184595 0 0.00703501 0.0183626 0.0408581 0.00479289 0.00587561 0.00665859 0.0059921 0.0139649 0.00816344 0.0103066 0.00845136 0.00852382 0.0108652 0.0121332 0.00963919 0.0126138 0.0102378 0.00847744 0.00886689 0.0105283 0.0127695 0.010144 0.00946242 0.0100434 0.012897 0.00949618 0.0109397 0.0088621 0.0101547 0.0110057 0.00858923 0.00861085 0.00867937 0.00950056 0.00954584 0.00910505 
0.00730677 0.005144 0.00418781 0.00398603 0.0120179 0.00365839 0.00703501 0 0.0220524 0.0110686 0.00386987 0.00421344 0.00469177 0.0086389 0.00700253 0.0114914 0.00833221 0.00838195 0.00931192 0.00864807 0.0120792 0.0156779 0.00964794 0.0100089 0.00868274 0.00864299 0.00881524 0.010807 0.0104491 0.00861995 0.0108711 0.00902597 0.0127586 0.00896766 0.00884608 0.00915428 0.0100383 0.0105468 0.00812248 0.00883769 0.00889364 0.00986862 0.00883442 
0.0379762 0.00730398 0.0100973 0.0128296 0.0101396 0.0209913 0.0183626 0.0220524 0 0.00320921 0.00324228 0.00317903 0.00323055 0.00380323 0.00596345 0.00634969 0.00828871 0.00866277 0.00799069 0.0223374 0.0197079 0.01196 0.0167343 0.0170478 0.00840467 0.00895444 0.0131111 0.0544595 0.00965253 0.0197979 0.0091194 0.0379882 0.0159398 0.015345 0.009801 0.0143735 0.0124 0.00864713 0.010343 0.0105708 0.00969681 0.0136472 0.00957109 
0.00982008 0.0563327 0.0093344 0.0147234 0.020571 0.00868048 0.0408581 0.0110686 0.00320921 0 0.00321036 0.0032364 0.00320574 0.00352888 0.0032437 0.0133284 0.00791468 0.0111005 0.0486342 0.0102026 0.0600427 0.0103886 0.00885701 0.00861908 0.0166277 0.0109335 0.00929176 0.0124675 0.207412 0.0107116 0.121776 0.0094391 0.0531532 0.0247945 0.0584501 0.013034 0.016669 0.00868174 0.00835857 0.00875232 0.0124963 0.00884499 0.0120194 
0.027158 0.0101747 0.0155251 0.0170905 0.017396 0.217776 0.00479289 0.00386987 0.00324228 0.00321036 0 0.00317169 0.00330701 0.003185 0.0032873 0.00550457 0.0114377 0.0234372 0.00984947 0.0799232 0.0157056 0.00798357 0.00994876 0.0144825 0.0111043 0.0102435 0.0114605 0.032592 0.0109648 0.3345 0.0109468 0.0322593 0.0121024 0.107476 0.0314555 0.0460836 0.00968806 0.00852367 0.00932996 0.0108288 0.00871042 0.0114358 0.00878046 
0.0112464 0.030733 0.0136611 0.0602792 0.285229 0.00690196 0.00587561 0.00421344 0.00317903 0.0032364 0.00317169 0 0.00315929 0.0031893 0.00318976 0.00755223 0.0104745 0.0128875 0.0815774 0.0123466 0.0175965 0.00780715 0.00813399 0.00851692 0.01372 0.0104808 0.0100542 0.0103872 0.161369 0.0126777 0.101286 0.0102407 0.0259083 0.0198156 0.182251 0.0146624 0.0146055 0.00846667 0.00866021 0.00842772 0.00954438 0.00827557 0.00887028 
0.0173072 0.0106507 0.0875365 0.222073 0.00967572 0.00869754 0.00665859 0.00469177 0.00323055 0.00320574 0.00330701 0.00315929 0 0.00315171 0.00317977 0.0052319 0.0100771 0.040017 0.0105764 0.0277311 0.00851663 0.00703683 0.00795821 0.0104126 0.00958394 0.0113399 0.0101868 0.0466918 0.00991946 0.10592 0.0124399 0.022107 0.0102795 0.0457489 0.0312676 0.034064 0.00924075 0.00850148 0.0084666 0.00905043 0.00852167 0.00910395 0.00833091 
0.0111513 0.376247 0.0431141 0.014054 0.0168409 0.00773365 0.0059921 0.0086389 0.00380323 0.00352888 0.003185 0.0031893 0.00315171 0 0.00365733 0.0135505 0.0273003 0.0201459 0.0227843 0.00806117 0.0121564 0.00735349 0.0116812 0.00835561 0.018603 0.0110744 0.0097402 0.00962522 0.0429894 0.0101785 0.060922 0.0101497 0.0150355 0.0157018 0.0332479 0.0147413 0.0137134 0.00875839 0.00834158 0.00870746 0.0100299 0.00873977 0.0087396 
0.394221 0.034644 0.014224 0.0100505 0.0120479 0.00931128 0.0139649 0.00700253 0.00596345 0.0032437 0.0032873 0.00318976 0.00317977 0.00365733 0 0.0222789 0.00709748 0.00790562 0.00687372 0.0103246 0.0111475 0.0112435 0.0074595 0.0190042 0.00858208 0.00875435 0.0126249 0.0289297 0.0102364 0.016171 0.0104943 0.0283027 0.016399 0.0141782 0.010081 0.0144805 0.0118125 0.0134486 0.00882912 0.0132451 0.00938117 0.0124193 0.00853337 
0.0134848 0.0201107 0.00989857 0.0120165 0.0114119 0.0118982 0.00816344 0.0114914 0.00634969 0.0133284 0.00550457 0.00755223 0.0052319 0.0135505 0.0222789 0 0.00319324 0.00318418 0.00322966 0.0032073 0.00491705 0.00341411 0.00575291 0.00488003 0.0066662 0.0210967 0.0823874 0.0103606 0.0174006 0.00931155 0.016318 0.0252974 0.0233816 0.0147522 0.0155455 0.0121351 0.0449625 0.00876044 0.00995418 0.00904549 0.0151526 0.00955509 0.0155135 
0.0176455 0.0165734 0.0203435 0.0146966 0.0157197 0.00959405 0.0103066 0.00833221 0.00828871 0.00791468 0.0114377 0.0104745 0.0100771 0.0273003 0.00709748 0.00319324 0 0.0031792 0.00317381 0.00320393 0.00319738 0.00376437 0.00352219 0.00565075 0.00763504 0.0535128 0.0288428 0.0145186 0.012006 0.0185402 0.0170329 0.0131816 0.0176265 0.0263206 0.0189346 0.0201647 0.0107339 0.0091223 0.00856542 0.00911496 0.00873572 0.00935759 0.00870045 
0.0152812 0.016237 0.025014 0.0439583 0.014625 0.0102981 0.00845136 0.00838195 0.00866277 0.0111005 0.0234372 0.0128875 0.040017 0.0201459 0.00790562 0.00318418 0.0031792 0 0.00374811 0.00319966 0.0031706 0.0033384 0.0053223 0.00702134 0.0520247 0.0457298 0.019822 0.0125101 0.0185293 0.0378319 0.0165409 0.0149852 0.0115087 0.0411649 0.031616 0.0440316 0.0102302 0.00846695 0.0086909 0.00872971 0.00886716 0.00900055 0.00835986 
0.0111704 0.0333179 0.0167328 0.0262679 0.0370562 0.00883224 0.00852382 0.00931192 0.00799069 0.0486342 0.00984947 0.0815774 0.0105764 0.0227843 0.00687372 0.00322966 0.00317381 0.00374811 0 0.00314518 0.00331913 0.00364981 0.00369775 0.0556533 0.0504434 0.0100001 0.00937546 0.0105231 0.0326997 0.0114711 0.0316248 0.00990967 0.0160528 0.0141569 0.149509 0.012147 0.0154309 0.0084607 0.00832133 0.00837909 0.00942194 0.00833991 0.0095687 
0.0181696 0.0132617 0.0212341 0.0195023 0.0219801 0.0126547 0.0108652 0.00864807 0.0223374 0.0102026 0.0799232 0.0123466 0.0277311 0.00806117 0.0103246 0.0032073 0.00320393 0.00319966 0.00314518 0 0.00316169 0.00818279 0.687219 0.0275453 0.0197985 0.0100061 0.0148445 0.0179314 0.0101831 0.0225912 0.0119792 0.0214933 0.00991866 0.0452106 0.0130129 0.0532266 0.00968332 0.00951049 0.00905516 0.0120734 0.00903223 0.0117055 0.0084831 
0.0185726 0.0139052 0.010907 0.013758 0.0196404 0.0127691 0.0121332 0.0120792 0.0197079 0.0600427 0.0157056 0.0175965 0.00851663 0.0121564 0.0111475 0.00491705 0.00319738 0.0031706 0.00331913 0.00316169 0 0.845224 0.00353009 0.0251711 0.0105529 0.00781128 0.00891589 0.0120922 0.0149468 0.00949779 0.0155357 0.0132481 0.041337 0.0109169 0.0198827 0.012448 0.0264701 0.0116188 0.010234 0.0106145 0.0126918 0.0111368 0.00999452 
0.00956389 0.0101473 0.0092016 0.00858031 0.0101064 0.00919165 0.00963919 0.0156779 0.01196 0.0103886 0.00798357 0.00780715 0.00703683 0.00735349 0.0112435 0.00341411 0.00376437 0.0033384 0.00364981 0.00818279 0.845224 0 0.00610948 0.00375437 0.0220177 0.00624705 0.0051592 0.0062243 0.0078572 0.0089392 0.00992359 0.0138112 0.00951202 0.0104951 0.00876359 0.00992808 0.0113455 0.0088253 0.00849284 0.00891619 0.0114484 0.00905533 0.0127906 
0.0166092 0.00883885 0.00875427 0.00875009 0.00926992 0.00943653 0.0126138 0.00964794 0.0167343 0.00885701 0.00994876 0.00813399 0.00795821 0.0116812 0.0074595 0.00575291 0.00352219 0.0053223 0.00369775 0.687219 0.00353009 0.00610948 0 0.0356356 0.00352489 0.0039391 0.00441626 0.0170494 0.00556479 0.006394 0.0155607 0.00954521 0.0163641 0.0101134 0.00903025 0.0111609 0.0101821 0.0135872 0.00910103 0.0175727 0.00963276 0.0210607 0.00863824 
0.0139839 0.00875982 0.0104974 0.00950904 0.00946092 0.0121061 0.0102378 0.0100089 0.0170478 0.00861908 0.0144825 0.00851692 0.0104126 0.00835561 0.0190042 0.00488003 0.00565075 0.00702134 0.0556533 0.0275453 0.0251711 0.00375437 0.0356356 0 0.00323487 0.00327261 0.0042542 0.00426251 0.00347823 0.245387 0.0298225 0.0486902 0.00909034 0.0101749 0.00885217 0.0159197 0.0153441 0.008277 0.00985966 0.0104527 0.0101949 0.0121484 0.0107536 
0.00885796 0.0119574 0.00942816 0.0125163 0.0106753 0.00847322 0.00847744 0.00868274 0.00840467 0.0166277 0.0111043 0.01372 0.00958394 0.018603 0.00858208 0.0066662 0.00763504 0.0520247 0.0504434 0.0197985 0.0105529 0.0220177 0.00352489 0.00323487 0 0.00349406 0.00314691 0.00340247 0.223267 0.0207046 0.0400035 0.00427579 0.00840921 0.0123289 0.0140587 0.0112501 0.00901876 0.00807042 0.00807372 0.00830392 0.00849686 0.00877566 0.00899266 
0.00928034 0.0101416 0.00898385 0.0102311 0.0108054 0.00846978 0.00886689 0.00864299 0.00895444 0.0109335 0.0102435 0.0104808 0.0113399 0.0110744 0.00875435 0.0210967 0.0535128 0.0457298 0.0100001 0.0100061 0.00781128 0.00624705 0.0039391 0.00327261 0.00349406 0 0.00315041 0.00964247 0.0304549 0.00466736 0.0036355 0.00388801 0.00902242 0.0112589 0.0130144 0.0107485 0.00859799 0.00867737 0.00818917 0.0085613 0.00889199 0.00906575 0.00862664 
0.0154772 0.00872087 0.00963954 0.00946291 0.00953343 0.0105951 0.0105283 0.00881524 0.0131111 0.00929176 0.0114605 0.0100542 0.0101868 0.0097402 0.0126249 0.0823874 0.0288428 0.019822 0.00937546 0.0148445 0.00891589 0.0051592 0.00441626 0.0042542 0.00314691 0.00315041 0 0.570374 0.00672054 0.00333865 0.00504792 0.004223 0.0125522 0.0120441 0.00918667 0.0110817 0.0107246 0.0114457 0.00887486 0.0111707 0.0100116 0.0128273 0.00879331 
0.030166 0.01076 0.0132553 0.0110909 0.0137872 0.0160086 0.0127695 0.010807 0.0544595 0.0124675 0.032592 0.0103872 0.0466918 0.00962522 0.0289297 0.0103606 0.0145186 0.0125101 0.0105231 0.0179314 0.0120922 0.0062243 0.0170494 0.00426251 0.00340247 0.00964247 0.570374 0 0.00321762 0.00318519 0.00314391 0.00419781 0.0260968 0.0239585 0.011072 0.0330962 0.0498937 0.0092631 0.0149388 0.0123807 0.01382 0.0232394 0.0122001 
0.0128571 0.0707953 0.0146842 0.0325432 0.0251993 0.00940617 0.010144 0.0104491 0.00965253 0.207412 0.0109648 0.161369 0.00991946 0.0429894 0.0102364 0.0174006 0.012006 0.0185293 0.0326997 0.0101831 0.0149468 0.0078572 0.00556479 0.00347823 0.223267 0.0304549 0.00672054 0.00321762 0 0.00315372 0.00317892 0.00323073 0.0307461 0.0167462 0.0479889 0.035626 0.0284811 0.00975031 0.00854238 0.00896218 0.0134478 0.0106941 0.012733 
0.0188022 0.0151305 0.0922963 0.0453684 0.0142169 0.0121942 0.00946242 0.00861995 0.0197979 0.0107116 0.3345 0.0126777 0.10592 0.0101785 0.016171 0.00931155 0.0185402 0.0378319 0.0114711 0.0225912 0.00949779 0.0089392 0.006394 0.245387 0.0207046 0.00466736 0.00333865 0.00318519 0.00315372 0 0.00316994 0.00317585 0.0128139 0.0467635 0.0369032 0.029118 0.00987815 0.00816681 0.00982129 0.0103498 0.0098304 0.0113972 0.00860879 
0.0116205 0.0505529 0.015483 0.0290693 0.0436521 0.00970202 0.0100434 0.0108711 0.0091194 0.121776 0.0109468 0.101286 0.0124399 0.060922 0.0104943 0.016318 0.0170329 0.0165409 0.0316248 0.0119792 0.0155357 0.00992359 0.0155607 0.0298225 0.0400035 0.0036355 0.00504792 0.00314391 0.00317892 0.00316994 0 0.00318672 0.0277969 0.0562574 0.0652564 0.024235 0.0141932 0.0106847 0.00974369 0.0105618 0.0158211 0.0129274 0.0124943 
0.0347206 0.00967896 0.0139147 0.0124027 0.0154938 0.0184287 0.012897 0.00902597 0.0379882 0.0094391 0.0322593 0.0102407 0.022107 0.0101497 0.0283027 0.0252974 0.0131816 0.0149852 0.00990967 0.0214933 0.0132481 0.0138112 0.00954521 0.0486902 0.00427579 0.00388801 0.004223 0.00419781 0.00323073 0.00317585 0.00318672 0 0.0410333 0.030692 0.015307 0.0374874 0.0133021 0.0115968 0.0120341 0.0153882 0.0116896 0.0202562 0.00916098 
0.0191051 0.0227738 0.0124535 0.0127403 0.0140253 0.0134492 0.00949618 0.0127586 0.0159398 0.0531532 0.0121024 0.0259083 0.0102795 0.0150355 0.016399 0.0233816 0.0176265 0.0115087 0.0160528 0.00991866 0.041337 0.00951202 0.0163641 0.00909034 0.00840921 0.00902242 0.0125522 0.0260968 0.0307461 0.0128139 0.0277969 0.0410333 0 0.00321465 0.00321523 0.00326777 0.00410921 0.00501743 0.00900242 0.00645181 0.0396291 0.0204651 0.0197591 
0.0191708 0.0226434 0.0422319 0.0355957 0.0193163 0.0106306 0.0109397 0.00896766 0.015345 0.0247945 0.107476 0.0198156 0.0457489 0.0157018 0.0141782 0.0147522 0.0263206 0.0411649 0.0141569 0.0452106 0.0109169 0.0104951 0.0101134 0.0101749 0.0123289 0.0112589 0.0120441 0.0239585 0.0167462 0.0467635 0.0562574 0.030692 0.00321465 0 0.00319628 0.00326979 0.00324593 0.00528958 0.0058694 0.0135071 0.0277048 0.017578 0.011984 
0.0119309 0.0380212 0.0408379 0.0610083 0.029737 0.010732 0.0088621 0.00884608 0.009801 0.0584501 0.0314555 0.182251 0.0312676 0.0332479 0.010081 0.0155455 0.0189346 0.031616 0.149509 0.0130129 0.0198827 0.00876359 0.00903025 0.00885217 0.0140587 0.0130144 0.00918667 0.011072 0.0479889 0.0369032 0.0652564 0.015307 0.00321523 0.00319628 0 0.00326415 0.0032382 0.00389394 0.0114937 0.024648 0.00959607 0.00951464 0.0112148 
0.0144146 0.014681 0.020498 0.02141 0.021087 0.0114298 0.0101547 0.00915428 0.0143735 0.013034 0.0460836 0.0146624 0.034064 0.0147413 0.0144805 0.0121351 0.0201647 0.0440316 0.012147 0.0532266 0.012448 0.00992808 0.0111609 0.0159197 0.0112501 0.0107485 0.0110817 0.0330962 0.035626 0.029118 0.024235 0.0374874 0.00326777 0.00326979 0.00326415 0 0.00318324 0.00808569 0.636699 0.00690514 0.0115681 0.0158315 0.013021 
0.0158817 0.0114662 0.00947313 0.010907 0.0117906 0.009883 0.0110057 0.0100383 0.0124 0.016669 0.00968806 0.0146055 0.00924075 0.0137134 0.0118125 0.0449625 0.0107339 0.0102302 0.0154309 0.00968332 0.0264701 0.0113455 0.0101821 0.0153441 0.00901876 0.00859799 0.0107246 0.0498937 0.0284811 0.00987815 0.0141932 0.0133021 0.00410921 0.00324593 0.0032382 0.00318324 0 0.634729 0.00416077 0.00645211 0.0111016 0.0150892 0.00963927 
0.00844132 0.00821307 0.00820787 0.00830766 0.0087426 0.00933352 0.00858923 0.0105468 0.00864713 0.00868174 0.00852367 0.00846667 0.00850148 0.00875839 0.0134486 0.00876044 0.0091223 0.00846695 0.0084607 0.00951049 0.0116188 0.0088253 0.0135872 0.008277 0.00807042 0.00867737 0.0114457 0.0092631 0.00975031 0.00816681 0.0106847 0.0115968 0.00501743 0.00528958 0.00389394 0.00808569 0.634729 0 0.0107298 0.00327235 0.0822998 0.00683004 0.0269584 
0.00927561 0.00810134 0.00828066 0.00827431 0.00832303 0.00851731 0.00861085 0.00812248 0.010343 0.00835857 0.00932996 0.00866021 0.0084666 0.00834158 0.00882912 0.00995418 0.00856542 0.0086909 0.00832133 0.00905516 0.010234 0.00849284 0.00910103 0.00985966 0.00807372 0.00818917 0.00887486 0.0149388 0.00854238 0.00982129 0.00974369 0.0120341 0.00900242 0.0058694 0.0114937 0.636699 0.00416077 0.0107298 0 0.0473042 0.0037606 0.0179269 0.00616045 
0.00949905 0.00824516 0.00843104 0.00848932 0.00920019 0.009623 0.00867937 0.00883769 0.0105708 0.00875232 0.0108288 0.00842772 0.00905043 0.00870746 0.0132451 0.00904549 0.00911496 0.00872971 0.00837909 0.0120734 0.0106145 0.00891619 0.0175727 0.0104527 0.00830392 0.0085613 0.0111707 0.0123807 0.00896218 0.0103498 0.0105618 0.0153882 0.00645181 0.0135071 0.024648 0.00690514 0.00645211 0.00327235 0.0473042 0 0.0123946 0.0104783 0.0300652 
0.0108155 0.00867501 0.00839146 0.008805 0.00914991 0.00866231 0.00950056 0.00889364 0.00969681 0.0124963 0.00871042 0.00954438 0.00852167 0.0100299 0.00938117 0.0151526 0.00873572 0.00886716 0.00942194 0.00903223 0.0126918 0.0114484 0.00963276 0.0101949 0.00849686 0.00889199 0.0100116 0.01382 0.0134478 0.0098304 0.0158211 0.0116896 0.0396291 0.0277048 0.00959607 0.0115681 0.0111016 0.0822998 0.0037606 0.0123946 0 0.0200204 0.01831 
0.0112013 0.00827652 0.00846711 0.00839192 0.00854751 0.00988446 0.00954584 0.00986862 0.0136472 0.00884499 0.0114358 0.00827557 0.00910395 0.00873977 0.0124193 0.00955509 0.00935759 0.00900055 0.00833991 0.0117055 0.0111368 0.00905533 0.0210607 0.0121484 0.00877566 0.00906575 0.0128273 0.0232394 0.0106941 0.0113972 0.0129274 0.0202562 0.0204651 0.017578 0.00951464 0.0158315 0.0150892 0.00683004 0.0179269 0.0104783 0.0200204 0 0.0108243 
0.00975708 0.00849212 0.00830822 0.00846829 0.00871668 0.00811088 0.00910505 0.00883442 0.00957109 0.0120194 0.00878046 0.00887028 0.00833091 0.0087396 0.00853337 0.0155135 0.00870045 0.00835986 0.0095687 0.0084831 0.00999452 0.0127906 0.00863824 0.0107536 0.00899266 0.00862664 0.00879331 0.0122001 0.012733 0.00860879 0.0124943 0.00916098 0.0197591 0.011984 0.0112148 0.013021 0.00963927 0.0269584 0.00616045 0.0300652 0.01831 0.0108243 0 
