1USLC
GMRVYLGADHAGYELKQRIIEHLKQTGHEPIDCGALRYDADDDYPAFCIAAATRTVADPGSLGIVLGGSGNGEQIAANKVPGARCALAWSVQTAALAREHNNAQLIGIGGRMHTVAEALAIVDAFVTTPWSKAQRHQRRIDILAEYERTHEAPPVPGA
CCEEEEEECHHHHHHHHHHHHHHHHCCCEEEECCCCCCCCCCCCHHHHHHHHHHHHHCCCCEEEEEECCCHHHHHHHHCCCCCCEEECCCHHHHHHHHHHHCCCEEEEEHHHCCHHHHHHHHHHHHHCCCCCCHHHHHHHHHHHHHHHHCCCCCCCCC
0 0 0 0 0 0 0 0 0 0 0 0 0 0 0 0 0 0 0 0 0 0 0 0 0 0 0 0 0 0 0 0 0 0 0 0 0 0 0 0 0 0 0 0 0 0 0 0 0 0 0 0 0 0 0 0 0 0 0 0 0 0 0 0 0 0 0 0 0 0 0 0 0 0 0 0 0 0 0 0 0 0 0 0 0 0 0 0 0 0 0 0 0 0 0 0 0 0 0 0 0 0 0 0 0 0 0 0 0 0 0 0 0 0 0 0 0 0 0 0 0 0 0 0 0 0 0 0 0 0 0 0 0 0 0 0 0 0 0 0 0 0 0 0 0 0 0 0 0 0 0 0 0 0 0 0 0 0 
0 0 0 0 0 0 0 0 0 0 0 0 0 0 0 0 0 0 0 0 0 0 0 0 0 0 0 0 0 0 0 0 0 0 0 0 0 0 0 0 0 0 0 0 0 0 0 0 0 0 0 0 0 0 0 0 0 0 0 0 0 0 0 0 0 0 0 0 0 0 0 0 0 0 0 0 0 0 0 0 0 0 0 0 0 0 0 0 0 0 0 0 0 0 0 0 0 0 0 0 0 0 0 0 0 0 0 0 0 0 0 0 0 0 0 0 0 0 0 0 0 0 0 0 0 0 0 0 0 0 0 0 0 0 0 0 0 0 0 0 0 0 0 0 0 0 0 0 0 0 0 0 0 0 0 0 0 0 
0 0.00332462 0.00329585 0.00326281 0.00325744 0.00623726 0.678278 0.0104141 0.0117726 0.0277687 0.0197341 0.0155279 0.0113441 0.0124434 0.0108372 0.0202211 0.0146261 0.00959501 0.010924 0.0108007 0.00858139 0.00953599 0.00896531 0.00935466 
0.00332462 0 0.00329602 0.00320768 0.00509186 0.00325942 0.0206744 0.565275 0.0180588 0.00937313 0.034692 0.0403356 0.0618664 0.0196638 0.031438 0.0103991 0.019294 0.0146875 0.0103324 0.0138761 0.0200948 0.0116124 0.0125536 0.00846426 
0.00329585 0.00329602 0 0.00321904 0.00316708 0.00356684 0.107385 0.0302063 0.175754 0.018701 0.0113241 0.106852 0.069146 0.180999 0.0300671 0.0144801 0.0130525 0.0164571 0.0116653 0.0139973 0.0207427 0.0489785 0.0105055 0.00854014 
0.00326281 0.00320768 0.00321904 0 0.00316197 0.00316585 0.0186442 0.0925828 0.0369337 0.0907848 0.0128595 0.0249927 0.202093 0.0928882 0.0718965 0.0163561 0.013278 0.0135448 0.0149714 0.0117505 0.0223566 0.0295817 0.0158228 0.00868522 
0.00325744 0.00509186 0.00316708 0.00316197 0 0.0031921 0.0136091 0.0240899 0.21768 0.0565067 0.0126504 0.033775 0.0232988 0.0663894 0.0739979 0.0319149 0.0103149 0.0233158 0.01442 0.0109781 0.0138617 0.0164671 0.0132595 0.00894622 
0.00623726 0.00325942 0.00356684 0.00316585 0.0031921 0 0.0172909 0.019579 0.0302467 0.227056 0.0247925 0.0138953 0.0120948 0.0115116 0.0306764 0.0412325 0.0168415 0.00951466 0.0166582 0.0144948 0.00949341 0.00968161 0.00947775 0.0122268 
0.678278 0.0206744 0.107385 0.0186442 0.0136091 0.0172909 0 0.00351527 0.00323326 0.00400567 0.0545982 0.017025 0.0193153 0.011087 0.0110594 0.0144217 0.0131069 0.0098862 0.0108225 0.0116654 0.00867261 0.00918399 0.00906973 0.0092708 
0.0104141 0.565275 0.0302063 0.0925828 0.0240899 0.019579 0.00351527 0 0.00339081 0.00315331 0.0236564 0.0657972 0.0450848 0.0509093 0.0152024 0.0100281 0.0122344 0.0157817 0.0103042 0.0102244 0.0124171 0.0111077 0.0103499 0.0085019 
0.0117726 0.0180588 0.175754 0.0369337 0.21768 0.0302467 0.00323326 0.00339081 0 0.00316411 0.0154438 0.033128 0.0793739 0.0486768 0.12602 0.0162579 0.0115069 0.015238 0.0123561 0.0107657 0.0148765 0.0129481 0.0146488 0.00868855 
0.0277687 0.00937313 0.018701 0.0907848 0.0565067 0.227056 0.00400567 0.00315331 0.00316411 0 0.0148532 0.0190828 0.0184425 0.0558491 0.0820921 0.188797 0.0132654 0.0113642 0.0234907 0.0134835 0.00939263 0.013499 0.0102693 0.00984229 
0.0197341 0.034692 0.0113241 0.0128595 0.0126504 0.0247925 0.0545982 0.0236564 0.0154438 0.0148532 0 0.00344815 0.00323742 0.00328749 0.00331813 0.0046103 0.0876011 0.0136968 0.0346049 0.0241957 0.017461 0.0109603 0.0140704 0.0163146 
0.0155279 0.0403356 0.106852 0.0249927 0.033775 0.0138953 0.017025 0.0657972 0.033128 0.0190828 0.00344815 0 0.00319599 0.00320225 0.00344481 0.0032717 0.0796589 0.0668432 0.0156548 0.08709 0.0324003 0.0501447 0.0172792 0.0108135 
0.0113441 0.0618664 0.069146 0.202093 0.0232988 0.0120948 0.0193153 0.0450848 0.0793739 0.0184425 0.00323742 0.00319599 0 0.00317862 0.00323671 0.00322977 0.0945004 0.0348235 0.0223278 0.0234511 0.185819 0.0576924 0.0303745 0.00999558 
0.0124434 0.0196638 0.180999 0.0928882 0.0663894 0.0115116 0.011087 0.0509093 0.0486768 0.0558491 0.00328749 0.00320225 0.00317862 0 0.00323492 0.00333514 0.0707005 0.0512426 0.0279741 0.0254827 0.0414787 0.299336 0.0211969 0.0106059 
0.0108372 0.031438 0.0300671 0.0718965 0.0739979 0.0306764 0.0110594 0.0152024 0.12602 0.0820921 0.00331813 0.00344481 0.00323671 0.00323492 0 0.00339889 0.0296488 0.208762 0.0975145 0.0199176 0.0543559 0.0468912 0.185164 0.0117045 
0.0202211 0.0103991 0.0144801 0.0163561 0.0319149 0.0412325 0.0144217 0.0100281 0.0162579 0.188797 0.0046103 0.0032717 0.00322977 0.00333514 0.00339889 0 0.030388 0.0322681 0.331135 0.0286352 0.0156894 0.0248614 0.0198217 0.0593309 
0.0146261 0.019294 0.0130525 0.013278 0.0103149 0.0168415 0.0131069 0.0122344 0.0115069 0.0132654 0.0876011 0.0796589 0.0945004 0.0707005 0.0296488 0.030388 0 0.00324623 0.00321741 0.379369 0.0458368 0.030936 0.0176418 0.044471 
0.00959501 0.0146875 0.0164571 0.0135448 0.0233158 0.00951466 0.0098862 0.0157817 0.015238 0.0113642 0.0136968 0.0668432 0.0348235 0.0512426 0.208762 0.0322681 0.00324623 0 0.0034071 0.0323916 0.392783 0.0349862 0.143082 0.0102477 
0.010924 0.0103324 0.0116653 0.0149714 0.01442 0.0166582 0.0108225 0.0103042 0.0123561 0.0234907 0.0346049 0.0156548 0.0223278 0.0279741 0.0975145 0.331135 0.00321741 0.0034071 0 0.0378576 0.0220879 0.289448 0.0479388 0.0570509 
0.0108007 0.0138761 0.0139973 0.0117505 0.0109781 0.0144948 0.0116654 0.0102244 0.0107657 0.0134835 0.0241957 0.08709 0.0234511 0.0254827 0.0199176 0.0286352 0.379369 0.0323916 0.0378576 0 0.0032486 0.00323821 0.00321167 0.00353333 
0.00858139 0.0200948 0.0207427 0.0223566 0.0138617 0.00949341 0.00867261 0.0124171 0.0148765 0.00939263 0.017461 0.0324003 0.185819 0.0414787 0.0543559 0.0156894 0.0458368 0.392783 0.0220879 0.0032486 0 0.00318363 0.00319929 0.00321013 
0.00953599 0.0116124 0.0489785 0.0295817 0.0164671 0.00968161 0.00918399 0.0111077 0.0129481 0.013499 0.0109603 0.0501447 0.0576924 0.299336 0.0468912 0.0248614 0.030936 0.0349862 0.289448 0.00323821 0.00318363 0 0.00316338 0.0031719 
0.00896531 0.0125536 0.0105055 0.0158228 0.0132595 0.00947775 0.00906973 0.0103499 0.0146488 0.0102693 0.0140704 0.0172792 0.0303745 0.0211969 0.185164 0.0198217 0.0176418 0.143082 0.0479388 0.00321167 0.00319929 0.00316338 0 0.00309145 
0.00935466 0.00846426 0.00854014 0.00868522 0.00894622 0.0122268 0.0092708 0.0085019 0.00868855 0.00984229 0.0163146 0.0108135 0.00999558 0.0106059 0.0117045 0.0593309 0.044471 0.0102477 0.0570509 0.00353333 0.00321013 0.0031719 0.00309145 0 
