1UW4C
LSKVVIRRLPPTLTKEQLQEHLQPMPEHDYFEFFSNDTSLYPHMYARAYINFKNQEDIILFRDRFDGYVFLDNKGQEYPAIVEFAPFQKAA
CCEEEEEEECCCCCHHHHHHHHCCCCCEEEEEEECCCCCCCCCCCEEEEEEECCHHHHHHHHHHHCCCEEECCCCCEEECEEEECCCCCCC
0 0 0 0 0 0 0 0 0 0 0 0 0 0 0 0 0 0 0 0 0 0 0 0 0 0 0 0 0 0 0 0 0 0 0 0 0 0 0 0 0 0 0 0 0 0 0 0 0 0 0 0 0 0 0 0 0 0 0 0 0 0 0 0 0 0 0 0 0 0 0 0 0 0 0 0 0 0 0 0 0 0 0 0 0 0 0 0 0 0 0 
0 0 0 0 0 0 0 0 0 0 0 0 0 0 0 0 0 0 0 0 0 0 0 0 0 0 0 0 0 0 0 0 0 0 0 0 0 0 0 0 0 0 0 0 0 0 0 0 0 0 0 0 0 0 0 0 0 0 0 0 0 0 0 0 0 0 0 0 0 0 0 0 0 0 0 0 0 0 0 0 0 0 0 0 0 0 0 0 0 0 0 
0 0.00344704 0.00329095 0.00324415 0.00322091 0.00367524 0.00705367 0.0693663 0.00940582 0.0106024 0.0105015 0.011787 0.012857 0.0373048 0.0216539 0.0147744 0.0123894 0.0152156 0.0122724 0.0150239 0.019877 0.0130484 0.00920925 0.0138446 0.00992608 0.00824717 0.00989147 0.0115336 0.00947239 0.00918025 0.0130588 
0.00344704 0 0.00325065 0.00317662 0.00321535 0.00327203 0.00360325 0.0376867 0.102763 0.0182843 0.0411825 0.0173094 0.0536603 0.0139038 0.0437743 0.0470591 0.10097 0.0332915 0.0947005 0.0182272 0.016377 0.0147085 0.0241513 0.0130704 0.00911147 0.0128258 0.010002 0.0168315 0.0362699 0.0160651 0.0128878 
0.00329095 0.00325065 0 0.00320748 0.0031852 0.0032254 0.00336765 0.0153525 0.0283038 0.0724865 0.0189233 0.102654 0.018712 0.0110636 0.0130131 0.0733387 0.0395978 0.30303 0.0365332 0.0560749 0.00993143 0.0118534 0.0127608 0.0112502 0.00909292 0.00874322 0.0121391 0.0301459 0.0213661 0.0340774 0.00963513 
0.00324415 0.00317662 0.00320748 0 0.00321863 0.00320045 0.00339546 0.0125518 0.0150597 0.0210174 0.10061 0.0185886 0.0262232 0.0112061 0.0155141 0.0186025 0.204621 0.0380276 0.187752 0.0159666 0.0138906 0.00967693 0.0122386 0.0105775 0.00841124 0.00928924 0.011 0.0155169 0.0299389 0.014164 0.0104504 
0.00322091 0.00321535 0.0031852 0.00321863 0 0.00316693 0.00334291 0.0126858 0.0206719 0.0514317 0.0254225 0.0416651 0.013278 0.0113979 0.012458 0.0486022 0.0324008 0.0830939 0.035754 0.0246639 0.00987832 0.00997496 0.0101379 0.0102063 0.00838776 0.00866638 0.0100702 0.0161791 0.015234 0.0144262 0.00933264 
0.00367524 0.00327203 0.0032254 0.00320045 0.00316693 0 0.00318942 0.0228559 0.032905 0.0222209 0.0153327 0.0263104 0.0397663 0.00930299 0.0229114 0.0262382 0.0234951 0.023552 0.0264388 0.0248222 0.0111447 0.0107375 0.0132245 0.0105041 0.00891133 0.00931995 0.00865849 0.0136689 0.011609 0.0139473 0.00871683 
0.00705367 0.00360325 0.00336765 0.00339546 0.00334291 0.00318942 0 0.0392419 0.00842111 0.00978932 0.0111114 0.00947411 0.0123529 0.0375963 0.0225661 0.0174429 0.0115836 0.0114116 0.0103699 0.0113689 0.012443 0.0136034 0.00889882 0.0100246 0.010695 0.0084451 0.00848926 0.0123042 0.0103551 0.00856904 0.00975395 
0.0693663 0.0376867 0.0153525 0.0125518 0.0126858 0.0228559 0.0392419 0 0.00403729 0.00314992 0.00332678 0.00322129 0.00340095 0.0059518 0.00970612 0.00831978 0.00874135 0.00911239 0.00993546 0.0102186 0.210992 0.0178643 0.00879694 0.0127339 0.00861204 0.00834634 0.00900695 0.0113954 0.00879058 0.00868431 0.0113902 
0.00940582 0.102763 0.0283038 0.0150597 0.0206719 0.032905 0.00842111 0.00403729 0 0.00314625 0.00318799 0.00315395 0.00321958 0.00324887 0.00696171 0.00814814 0.00921511 0.0104233 0.00983052 0.0486722 0.0734914 0.00886854 0.00962565 0.00891936 0.00826493 0.00869327 0.00817912 0.00900738 0.0103928 0.00986568 0.0089941 
0.0106024 0.0182843 0.0724865 0.0210174 0.0514317 0.0222209 0.00978932 0.00314992 0.00314625 0 0.00315033 0.00308312 0.00320651 0.00329804 0.00723516 0.0104924 0.0123667 0.0182131 0.0283905 0.425294 0.0115703 0.0093277 0.0089792 0.00969479 0.00863059 0.0083664 0.00928434 0.010696 0.0098771 0.0122067 0.00876205 
0.0105015 0.0411825 0.0189233 0.10061 0.0254225 0.0153327 0.0111114 0.00332678 0.00318799 0.00315033 0 0.00316387 0.00320634 0.00331608 0.00817505 0.00819636 0.034219 0.013188 0.633545 0.00821895 0.0147651 0.00884111 0.011229 0.00929011 0.00823542 0.00969255 0.00874525 0.00972583 0.0272778 0.00924845 0.0106621 
0.011787 0.0173094 0.102654 0.0185886 0.0416651 0.0263104 0.00947411 0.00322129 0.00315395 0.00308312 0.00316387 0 0.00314754 0.00316902 0.00775467 0.0270247 0.0128381 0.759155 0.00946615 0.0165279 0.00775311 0.0113254 0.00915024 0.00979073 0.00982622 0.00834511 0.0102319 0.0180626 0.0100691 0.0253222 0.00898412 
0.012857 0.0536603 0.018712 0.0262232 0.013278 0.0397663 0.0123529 0.00340095 0.00321958 0.00320651 0.00320634 0.00314754 0 0.00318558 0.0210932 0.02298 0.650616 0.00826228 0.0160012 0.00921393 0.0100158 0.00990767 0.018607 0.00967088 0.00861776 0.0116013 0.00865972 0.0098681 0.0191009 0.0105968 0.0102158 
0.0373048 0.0139038 0.0110636 0.0112061 0.0113979 0.00930299 0.0375963 0.0059518 0.00324887 0.00329804 0.00331608 0.00316902 0.00318558 0 0.0416633 0.489455 0.0101881 0.012023 0.0087255 0.0108192 0.0233653 0.0175238 0.00977682 0.0136761 0.0127646 0.00905132 0.00971002 0.0156884 0.00976878 0.00926851 0.0113108 
0.0216539 0.0437743 0.0130131 0.0155141 0.012458 0.0229114 0.0225661 0.00970612 0.00696171 0.00723516 0.00817505 0.00775467 0.0210932 0.0416633 0 0.00320912 0.00324146 0.00322958 0.0032443 0.00431952 0.00454896 0.0480675 0.0118321 0.0287303 0.0104203 0.00976704 0.0161594 0.0124219 0.0155225 0.010348 0.0336177 
0.0147744 0.0470591 0.0733387 0.0186025 0.0486022 0.0262382 0.0174429 0.00831978 0.00814814 0.0104924 0.00819636 0.0270247 0.02298 0.489455 0.00320912 0 0.00316744 0.00322314 0.00318849 0.0035198 0.00328951 0.0292022 0.0446153 0.0108235 0.00965253 0.011634 0.00950889 0.0172653 0.0138946 0.0457432 0.00984206 
0.0123894 0.10097 0.0395978 0.204621 0.0324008 0.0234951 0.0115836 0.00874135 0.00921511 0.0123667 0.034219 0.0128381 0.650616 0.0101881 0.00324146 0.00316744 0 0.00316252 0.00319828 0.00319106 0.00348422 0.0177209 0.0204139 0.014392 0.00872643 0.0111621 0.0103974 0.0134184 0.0779472 0.0117609 0.0157339 
0.0152156 0.0332915 0.30303 0.0380276 0.0830939 0.023552 0.0114116 0.00911239 0.0104233 0.0182131 0.013188 0.759155 0.00826228 0.012023 0.00322958 0.00322314 0.00316252 0 0.0031482 0.00319444 0.00318129 0.0374498 0.0225991 0.0179229 0.0118976 0.00875479 0.0140546 0.0368238 0.0126895 0.0530264 0.0127212 
0.0122724 0.0947005 0.0365332 0.187752 0.035754 0.0264388 0.0103699 0.00993546 0.00983052 0.0283905 0.633545 0.00946615 0.0160012 0.0087255 0.0032443 0.00318849 0.00319828 0.0031482 0 0.00314649 0.00318296 0.021429 0.0476127 0.0130021 0.00832826 0.0158248 0.0100312 0.0141503 0.0705157 0.0133571 0.0149431 
0.0150239 0.0182272 0.0560749 0.0159666 0.0246639 0.0248222 0.0113689 0.0102186 0.0486722 0.425294 0.00821895 0.0165279 0.00921393 0.0108192 0.00431952 0.0035198 0.00319106 0.00319444 0.00314649 0 0.00336673 0.0340962 0.0365818 0.0229902 0.0136646 0.00974111 0.0114768 0.0179546 0.0109436 0.08086 0.0100834 
0.019877 0.016377 0.00993143 0.0138906 0.00987832 0.0111447 0.012443 0.210992 0.0734914 0.0115703 0.0147651 0.00775311 0.0100158 0.0233653 0.00454896 0.00328951 0.00348422 0.00318129 0.00318296 0.00336673 0 0.0207222 0.0193418 0.0594082 0.0110538 0.0135246 0.00929558 0.0341629 0.0223017 0.00937033 0.0265023 
0.0130484 0.0147085 0.0118534 0.00967693 0.00997496 0.0107375 0.0136034 0.0178643 0.00886854 0.0093277 0.00884111 0.0113254 0.00990767 0.0175238 0.0480675 0.0292022 0.0177209 0.0374498 0.021429 0.0340962 0.0207222 0 0.00336304 0.00391731 0.00772399 0.00695065 0.905341 0.0165785 0.00781101 0.013487 0.0267267 
0.00920925 0.0241513 0.0127608 0.0122386 0.0101379 0.0132245 0.00889882 0.00879694 0.00962565 0.0089792 0.011229 0.00915024 0.018607 0.00977682 0.0118321 0.0446153 0.0204139 0.0225991 0.0476127 0.0365818 0.0193418 0.00336304 0 0.00319455 0.00498759 0.986803 0.0059484 0.00806588 0.0325817 0.0135205 0.00848257 
0.0138446 0.0130704 0.0112502 0.0105775 0.0102063 0.0105041 0.0100246 0.0127339 0.00891936 0.00969479 0.00929011 0.00979073 0.00967088 0.0136761 0.0287303 0.0108235 0.014392 0.0179229 0.0130021 0.0229902 0.0594082 0.00391731 0.00319455 0 0.993681 0.00473064 0.00613673 0.0199233 0.00824917 0.00907902 0.0166477 
0.00992608 0.00911147 0.00909292 0.00841124 0.00838776 0.00891133 0.010695 0.00861204 0.00826493 0.00863059 0.00823542 0.00982622 0.00861776 0.0127646 0.0104203 0.00965253 0.00872643 0.0118976 0.00832826 0.0136646 0.0110538 0.00772399 0.00498759 0.993681 0 0.0033672 0.00364334 0.00372795 0.00477905 0.00441633 0.00524982 
0.00824717 0.0128258 0.00874322 0.00928924 0.00866638 0.00931995 0.0084451 0.00834634 0.00869327 0.0083664 0.00969255 0.00834511 0.0116013 0.00905132 0.00976704 0.011634 0.0111621 0.00875479 0.0158248 0.00974111 0.0135246 0.00695065 0.986803 0.00473064 0.0033672 0 0.00317478 0.00325244 0.00581366 0.00365501 0.00392967 
0.00989147 0.010002 0.0121391 0.011 0.0100702 0.00865849 0.00848926 0.00900695 0.00817912 0.00928434 0.00874525 0.0102319 0.00865972 0.00971002 0.0161594 0.00950889 0.0103974 0.0140546 0.0100312 0.0114768 0.00929558 0.905341 0.0059484 0.00613673 0.00364334 0.00317478 0 0.00360554 0.00322241 0.00331856 0.0032378 
0.0115336 0.0168315 0.0301459 0.0155169 0.0161791 0.0136689 0.0123042 0.0113954 0.00900738 0.010696 0.00972583 0.0180626 0.0098681 0.0156884 0.0124219 0.0172653 0.0134184 0.0368238 0.0141503 0.0179546 0.0341629 0.0165785 0.00806588 0.0199233 0.00372795 0.00325244 0.00360554 0 0.00324504 0.00330025 0.00384424 
0.00947239 0.0362699 0.0213661 0.0299389 0.015234 0.011609 0.0103551 0.00879058 0.0103928 0.0098771 0.0272778 0.0100691 0.0191009 0.00976878 0.0155225 0.0138946 0.0779472 0.0126895 0.0705157 0.0109436 0.0223017 0.00781101 0.0325817 0.00824917 0.00477905 0.00581366 0.00322241 0.00324504 0 0.00326809 0.00331583 
0.00918025 0.0160651 0.0340774 0.014164 0.0144262 0.0139473 0.00856904 0.00868431 0.00986568 0.0122067 0.00924845 0.0253222 0.0105968 0.00926851 0.010348 0.0457432 0.0117609 0.0530264 0.0133571 0.08086 0.00937033 0.013487 0.0135205 0.00907902 0.00441633 0.00365501 0.00331856 0.00330025 0.00326809 0 0.00319131 
0.0130588 0.0128878 0.00963513 0.0104504 0.00933264 0.00871683 0.00975395 0.0113902 0.0089941 0.00876205 0.0106621 0.00898412 0.0102158 0.0113108 0.0336177 0.00984206 0.0157339 0.0127212 0.0149431 0.0100834 0.0265023 0.0267267 0.00848257 0.0166477 0.00524982 0.00392967 0.0032378 0.00384424 0.00331583 0.00319131 0 
