1A40A
EASLTGAGATFPAPVYAKWADTYQKETGNKVNYQGIGSSGGVKQIIANTVDFGASDAPLSDEKLAQEGLFQFPTVIGGVVLAVNIPGLKSGELVLDGKTLGDIYLGKIKKWDDEAIAKLNPGLKLPSQNIAVVRRADGSGTSFVFTSYLAKVNEEWKNNVGTGSTVKWPIGLGGKGNDGIAAFVQRLPGAIGYVEYWYAKQNNLAYTKLISADGKPVSPTEENFANAAKGADWSKTFAQDLTNQKGEDAWPITSTTFILIHKDQKKPEQGTEVLKFFDWAYKTGAKQANDLDYASLPDSVVEQVRAAWKTNIKDSSGKPLY
CCEEEEEECCCCHHHHHHHHHHHHHHHCCEEEEEECCHHHHHHHHHCCCCCEEEECCCCCHHHHHHHCEEEEEEEEEEEEEEECCCCCCCCCCEECHHHHHHHHHCCCCECCCHHHHHHCCCCCCCCCECEEEEECCCCHHHHHHHHHHHHHCHHHHHHCCCCCCCCCCCCEEECHHHHHHHHHHHCCCEEEEEEHHHHHCCCCEECEEECCCCCEECCCHHHHHHHCCCCCCCCCCCCCCECCCCCCCCCEEEEEEEEEECEECCHHHHHHHHHHHHHHHHHCHHHHHHCCCEECCHHHHHHHHHHHHHHCEECCCCECC
0 0 0 0 0 0 0 0 0 0 0 0 0 0 0 0 0 0 0 0 0 0 0 0 0 0 0 0 0 0 0 0 0 0 0 0 0 0 0 0 0 0 0 0 0 0 0 0 0 0 0 0 0 0 0 0 0 0 0 0 0 0 0 0 0 0 0 0 0 0 0 0 0 0 0 0 0 0 0 0 0 0 0 0 0 0 0 0 0 0 0 0 0 0 0 0 0 0 0 0 0 0 0 0 0 0 0 0 0 0 0 0 0 0 0 0 0 0 0 0 0 0 0 0 0 0 0 0 0 0 0 0 0 0 0 0 0 0 0 0 0 0 0 0 0 0 0 0 0 0 0 0 0 0 0 0 0 0 0 0 0 0 0 0 0 0 0 0 0 0 0 0 0 0 0 0 0 0 0 0 0 0 0 0 0 0 0 0 0 0 0 0 0 0 0 0 0 0 0 0 0 0 0 0 0 0 0 0 0 0 0 0 0 0 0 0 0 0 0 0 0 0 0 0 0 0 0 0 0 0 0 0 0 0 0 0 0 0 0 0 0 0 0 0 0 0 0 0 0 0 0 0 0 0 0 0 0 0 0 0 0 0 0 0 0 0 0 0 0 0 0 0 0 0 0 0 0 0 0 0 0 0 0 0 0 0 0 0 0 0 0 0 0 0 0 0 0 0 0 0 0 0 0 0 0 0 0 0 0 0 0 0 0 0 0 0 0 0 0 0 0 
0 0 0 0 0 0 0 0 0 0 0 0 0 0 0 0 0 0 0 0 0 0 0 0 0 0 0 0 0 0 0 0 0 0 0 0 0 0 0 0 0 0 0 0 0 0 0 0 0 0 0 0 0 0 0 0 0 0 0 0 0 0 0 0 0 0 0 0 0 0 0 0 0 0 0 0 0 0 0 0 0 0 0 0 0 0 0 0 0 0 0 0 0 0 0 0 0 0 0 0 0 0 0 0 0 0 0 0 0 0 0 0 0 0 0 0 0 0 0 0 0 0 0 0 0 0 0 0 0 0 0 0 0 0 0 0 0 0 0 0 0 0 0 0 0 0 0 0 0 0 0 0 0 0 0 0 0 0 0 0 0 0 0 0 0 0 0 0 0 0 0 0 0 0 0 0 0 0 0 0 0 0 0 0 0 0 0 0 0 0 0 0 0 0 0 0 0 0 0 0 0 0 0 0 0 0 0 0 0 0 0 0 0 0 0 0 0 0 0 0 0 0 0 0 0 0 0 0 0 0 0 0 0 0 0 0 0 0 0 0 0 0 0 0 0 0 0 0 0 0 0 0 0 0 0 0 0 0 0 0 0 0 0 0 0 0 0 0 0 0 0 0 0 0 0 0 0 0 0 0 0 0 0 0 0 0 0 0 0 0 0 0 0 0 0 0 0 0 0 0 0 0 0 0 0 0 0 0 0 0 0 0 0 0 0 0 0 0 0 0 0 
0 0.00370721 0.003845 0.0036689 0.0038171 0.00583862 0.697811 0.00882467 0.0361365 0.00852157 0.0205746 0.0121719 0.0171387 0.0102444 0.00958679 0.020856 0.0100725 0.00910001 0.0106864 0.00857436 0.00963148 0.00972457 0.00977485 0.0095196 0.00945642 0.00939566 0.00939584 0.0104736 0.0101569 0.0119191 0.0114217 0.0134813 0.00956616 0.011444 0.0127057 0.0110627 0.00843739 0.00846622 0.00898738 0.00920596 0.00835333 0.00819845 0.00846628 0.00850677 0.00817823 0.00835196 0.00829232 0.00824034 0.00856528 0.00840405 0.00840436 0.00875103 0.00834705 0.0087577 0.00902742 0.0082412 0.00977108 0.008245 0.00834148 0.00835081 0.0083352 0.00841758 0.00846927 0.00850077 0.00847504 0.00843505 0.00883563 0.00842257 0.00842027 0.0084138 0.0095331 0.0102267 0.0093196 0.0124016 
0.00370721 0 0.00366732 0.00369149 0.00372802 0.00365973 0.00932135 0.727001 0.0083282 0.0544918 0.00861922 0.0111466 0.0131704 0.0121034 0.016895 0.00950101 0.0094813 0.0128853 0.00942663 0.0141388 0.0101937 0.0138566 0.0170336 0.0127027 0.0118928 0.0119969 0.0164277 0.0110965 0.0213926 0.00996611 0.0133705 0.00835899 0.012664 0.00813579 0.00810923 0.0081555 0.00985612 0.00913126 0.00879002 0.00871 0.00820643 0.00824801 0.00861853 0.00824568 0.0087378 0.00861197 0.00860148 0.00846215 0.00813434 0.00817791 0.00837588 0.00817624 0.00880751 0.00826933 0.00812769 0.00887627 0.00852684 0.00843201 0.00848021 0.00848225 0.00850992 0.00848609 0.00871823 0.0086513 0.0086239 0.00845766 0.0084426 0.00824602 0.00878799 0.0086521 0.00840989 0.00839082 0.0104545 0.00916495 
0.003845 0.00366732 0 0.00357163 0.00358938 0.00362197 0.0725952 0.00851924 0.618087 0.00849008 0.0137118 0.00837933 0.0114192 0.0146324 0.00955448 0.0100948 0.00873777 0.00941055 0.0252396 0.0101072 0.0156186 0.0170385 0.0207469 0.0197153 0.0167364 0.0173675 0.0133513 0.0283889 0.0176081 0.0153862 0.00868625 0.00946572 0.0082403 0.0087164 0.00904235 0.0103834 0.00886636 0.00975768 0.00896501 0.00827626 0.00826342 0.00830974 0.00808435 0.00835571 0.00845717 0.00862121 0.00857825 0.00827497 0.00821723 0.00829533 0.00820871 0.00847438 0.00828076 0.00819081 0.00839829 0.0080895 0.00826599 0.00821802 0.00828318 0.00831895 0.0083479 0.00837405 0.00850441 0.00849944 0.00850766 0.00841243 0.0082449 0.00815373 0.00816263 0.00824525 0.00841085 0.00893932 0.00843065 0.00939382 
0.0036689 0.00369149 0.00357163 0 0.00355768 0.00356539 0.0107992 0.101394 0.0101391 0.437972 0.00856961 0.0108987 0.0125031 0.0142348 0.0141218 0.00979273 0.00909558 0.0123588 0.0139575 0.0204715 0.0144124 0.0195082 0.0246213 0.0268434 0.0220025 0.0182297 0.024705 0.0191779 0.0368882 0.0104899 0.0111129 0.00847845 0.00902875 0.00808014 0.00806979 0.00851697 0.00998509 0.00994756 0.0088443 0.00850192 0.00823717 0.0082008 0.00815324 0.00828521 0.00875928 0.00877028 0.00868875 0.00858772 0.00813472 0.00815206 0.00827346 0.00820589 0.0086443 0.0082279 0.00814426 0.00816341 0.00821354 0.00833836 0.00842637 0.00846173 0.00844048 0.00849184 0.00864677 0.0086179 0.0086483 0.00839978 0.00829142 0.00818346 0.00821451 0.00833403 0.00828906 0.00825554 0.00866437 0.00839532 
0.0038171 0.00372802 0.00358938 0.00355768 0 0.00378949 0.0181432 0.0117797 0.0336256 0.0106293 0.408047 0.0104765 0.0114555 0.0205676 0.0221185 0.0128446 0.00943427 0.0120732 0.0159673 0.0106885 0.0106955 0.0121897 0.0155439 0.0164565 0.01376 0.0143222 0.0132496 0.0157767 0.0136856 0.0219338 0.0103127 0.00923337 0.00897168 0.00819746 0.00819119 0.0084311 0.00909812 0.00907305 0.00881598 0.00849383 0.00808022 0.00816136 0.00812353 0.00821704 0.00868525 0.00841101 0.00852653 0.00843607 0.00815721 0.00808035 0.00830461 0.00810231 0.00850201 0.00824844 0.00806402 0.00817878 0.00813442 0.00827576 0.0083641 0.00835447 0.00835816 0.00834967 0.00840358 0.00845008 0.00844517 0.00840271 0.00823816 0.0080671 0.00813838 0.00832875 0.00842395 0.00841598 0.00844563 0.00866541 
0.00583862 0.00365973 0.00362197 0.00356539 0.00378949 0 0.0187567 0.0120898 0.0104793 0.0191254 0.0128886 0.382392 0.0183514 0.0120289 0.0189948 0.0286691 0.0130012 0.0100194 0.0103611 0.00953708 0.00967464 0.010907 0.0112708 0.0111761 0.0115867 0.0112709 0.011039 0.0103412 0.0124222 0.0110237 0.0192416 0.0110789 0.0106614 0.0089259 0.00973495 0.0090079 0.00871025 0.00871502 0.00861716 0.00894137 0.00842705 0.00815138 0.00843639 0.00871433 0.00842004 0.00851759 0.0085831 0.0083274 0.00819976 0.00834272 0.0084277 0.00831782 0.00845087 0.00841113 0.0081659 0.00825217 0.008657 0.00858005 0.00839139 0.00831243 0.00829216 0.00830259 0.00834451 0.00834051 0.00837138 0.00838824 0.00838444 0.00810339 0.00823021 0.00837638 0.00841381 0.00876961 0.00872672 0.00943166 
0.697811 0.00932135 0.0725952 0.0107992 0.0181432 0.0187567 0 0.00493437 0.00383351 0.00358417 0.00486704 0.00415841 0.0147836 0.0113074 0.00915543 0.0283293 0.011709 0.00943096 0.0110244 0.00858298 0.00939511 0.0104668 0.0103262 0.00991766 0.0102797 0.00971162 0.00948148 0.0107542 0.00977737 0.0129134 0.0114374 0.0153219 0.00981921 0.0128826 0.0133636 0.0115927 0.00844958 0.00841518 0.0090065 0.00898596 0.0082764 0.00829714 0.00829445 0.00865952 0.00810266 0.00826351 0.00822474 0.00815009 0.00839502 0.00837993 0.00830207 0.00870771 0.00815756 0.00844151 0.00910189 0.00808759 0.00921231 0.00809953 0.00814547 0.00821591 0.00817143 0.00825873 0.00827583 0.00828242 0.00828529 0.00826369 0.00821111 0.008315 0.00816274 0.00819259 0.00875788 0.00955637 0.00873244 0.0114172 
0.00882467 0.727001 0.00851924 0.101394 0.0117797 0.0120898 0.00493437 0 0.00357801 0.00370087 0.00359641 0.00367875 0.0241048 0.0110486 0.0222587 0.00955492 0.0103005 0.0143346 0.00936256 0.0151697 0.00991831 0.0135384 0.0152669 0.0133926 0.0129005 0.0123347 0.0159287 0.0108824 0.0205648 0.010675 0.0154097 0.00864132 0.0127979 0.0081984 0.00834417 0.00823153 0.0112122 0.00921079 0.00878527 0.0087521 0.00819418 0.00826473 0.00853648 0.00815436 0.00870163 0.00876441 0.00867103 0.0084714 0.00814445 0.00817782 0.00838284 0.00813456 0.00876495 0.00822199 0.00804832 0.00870469 0.00845861 0.00836954 0.0084667 0.00843522 0.00847264 0.00848225 0.00865903 0.00860535 0.0085819 0.00835033 0.00831096 0.00818478 0.00851095 0.00846289 0.0083298 0.00824573 0.0100356 0.00880744 
0.0361365 0.0083282 0.618087 0.0101391 0.0336256 0.0104793 0.00383351 0.00357801 0 0.00355988 0.00366651 0.00355492 0.00975669 0.0187309 0.0098138 0.0109543 0.00917866 0.00913673 0.02414 0.00923323 0.0134553 0.013358 0.0159011 0.0136487 0.0130769 0.0141737 0.0109517 0.0231263 0.0123551 0.0154163 0.00875285 0.0105924 0.00841403 0.00875482 0.00941886 0.0116572 0.00914571 0.0103496 0.00956135 0.00825606 0.00829738 0.00844222 0.00808027 0.00853772 0.0084408 0.00871298 0.00875951 0.00833699 0.00836221 0.0083784 0.00825025 0.00892606 0.00835634 0.00818324 0.00858143 0.00806849 0.00822853 0.00814582 0.00829152 0.00829523 0.00829643 0.00831566 0.00845119 0.00848689 0.0084501 0.0082677 0.0081132 0.00817258 0.00809705 0.00818155 0.00830043 0.00872697 0.00833256 0.00913014 
0.00852157 0.0544918 0.00849008 0.437972 0.0106293 0.0191254 0.00358417 0.00370087 0.00355988 0 0.00354563 0.00359071 0.0196953 0.0141345 0.0153766 0.0102215 0.00934993 0.0116215 0.00983744 0.0155509 0.010597 0.0132001 0.0159088 0.0158634 0.0134817 0.011771 0.0162765 0.0119083 0.023965 0.00959866 0.0117638 0.00852379 0.00997747 0.00811852 0.0081156 0.00830234 0.00964148 0.00953815 0.00857069 0.00864629 0.00814441 0.00817464 0.0087302 0.00817879 0.00867275 0.008631 0.00856714 0.00853364 0.00815933 0.00813003 0.00827793 0.00815015 0.00850942 0.00824096 0.00805243 0.00845876 0.00834211 0.00827013 0.00834686 0.00836274 0.00837856 0.00842077 0.00851195 0.0084923 0.0085118 0.00831619 0.00822414 0.00811007 0.00829251 0.00839878 0.00826909 0.00819374 0.00901236 0.00866004 
0.0205746 0.00861922 0.0137118 0.00856961 0.408047 0.0128886 0.00486704 0.00359641 0.00366651 0.00354563 0 0.00448215 0.00917288 0.038513 0.0192371 0.00938588 0.00941499 0.00983032 0.0109099 0.00887566 0.0090924 0.00979138 0.0103223 0.00991783 0.00968229 0.0101934 0.00959498 0.0108323 0.00969655 0.0148456 0.00873748 0.00948214 0.00862908 0.00832124 0.00893899 0.00876364 0.0085487 0.00843543 0.00864418 0.00825195 0.00802941 0.00818741 0.00810219 0.00811394 0.00833806 0.00827443 0.00834417 0.00823307 0.00816958 0.00813334 0.00820428 0.00808084 0.00829416 0.00811654 0.00818118 0.00806738 0.00816646 0.008051 0.008168 0.00820159 0.00824876 0.00823313 0.00830337 0.0083019 0.00820815 0.0081661 0.00812787 0.00800631 0.0080776 0.00819637 0.00813095 0.00819504 0.00825713 0.00853696 
0.0121719 0.0111466 0.00837933 0.0108987 0.0104765 0.382392 0.00415841 0.00367875 0.00355492 0.00359071 0.00448215 0 0.0201251 0.0113318 0.0219606 0.0227956 0.0113108 0.00983588 0.00923312 0.00913476 0.00872643 0.00952442 0.00966737 0.0097047 0.00950547 0.00985828 0.00981767 0.00958135 0.00997554 0.00991215 0.0118992 0.00989276 0.0100876 0.00852629 0.00894455 0.00857074 0.00837099 0.00846139 0.00834863 0.00835924 0.00822192 0.00812057 0.00813348 0.00828844 0.00815854 0.00823357 0.00823026 0.00817348 0.00811543 0.00813167 0.00823784 0.00818222 0.00817355 0.00820521 0.00808035 0.00818831 0.00828119 0.0082125 0.00820463 0.00817816 0.00819992 0.00820896 0.00826284 0.00825126 0.00823358 0.00816713 0.00820824 0.0080602 0.00815108 0.00829058 0.00815827 0.00820909 0.0084424 0.00857023 
0.0171387 0.0131704 0.0114192 0.0125031 0.0114555 0.0183514 0.0147836 0.0241048 0.00975669 0.0196953 0.00917288 0.0201251 0 0.00364164 0.00359691 0.00440315 0.0170384 0.0138532 0.0163511 0.0171191 0.0150756 0.0151742 0.0165198 0.0139857 0.0139856 0.0142649 0.0180247 0.0182892 0.0184066 0.0131326 0.0364137 0.0123438 0.0208393 0.0115157 0.0100133 0.0101325 0.0114671 0.0113345 0.0115328 0.0141599 0.00829151 0.00819617 0.00947553 0.00859396 0.00863973 0.00905896 0.00881386 0.00865011 0.0091501 0.00817031 0.008545 0.00840945 0.00844238 0.00894433 0.00826593 0.00843596 0.00885889 0.00857271 0.00832386 0.0084155 0.00840223 0.00842423 0.00861242 0.00862976 0.0085873 0.00849287 0.00848317 0.00804653 0.0082419 0.00818839 0.00842275 0.00826391 0.00905059 0.00942275 
0.0102444 0.0121034 0.0146324 0.0142348 0.0205676 0.0120289 0.0113074 0.0110486 0.0187309 0.0141345 0.038513 0.0113318 0.00364164 0 0.00363358 0.00353559 0.0158714 0.0248939 0.0509546 0.0159745 0.0180358 0.0152811 0.021073 0.019624 0.0178766 0.0220079 0.0158702 0.0246386 0.0259755 0.0329269 0.0106302 0.0138865 0.0106357 0.0090019 0.00859254 0.00956719 0.015835 0.0149589 0.0126641 0.0092786 0.00832425 0.0083833 0.0082426 0.00859311 0.00901592 0.00981924 0.00944704 0.0087121 0.00850102 0.00829104 0.008474 0.00831865 0.00875419 0.00835102 0.00828631 0.00825157 0.00817664 0.00845516 0.00855612 0.00862154 0.00862411 0.00859302 0.00880244 0.00876095 0.00874811 0.0084972 0.00823798 0.00811797 0.00810538 0.00834832 0.008334 0.00814903 0.00840208 0.00852807 
0.00958679 0.016895 0.00955448 0.0141218 0.0221185 0.0189948 0.00915543 0.0222587 0.0098138 0.0153766 0.0192371 0.0219606 0.00359691 0.00363358 0 0.00364346 0.010765 0.0939635 0.0274576 0.0287109 0.0111235 0.0134488 0.0206094 0.0226085 0.0185501 0.0173026 0.0195577 0.015627 0.0285136 0.0344794 0.0264889 0.00984947 0.0161969 0.00867788 0.00859434 0.00891737 0.0119293 0.0118522 0.012613 0.00930738 0.00820903 0.00834617 0.00855976 0.00852882 0.00902624 0.00900729 0.00908312 0.00868677 0.00842894 0.00817076 0.0085118 0.00818674 0.00860978 0.00841144 0.00809917 0.00821985 0.00811824 0.00835446 0.00844726 0.00843396 0.00847694 0.00844655 0.00862447 0.00859223 0.0086085 0.00842434 0.00830654 0.00805981 0.0080849 0.0082776 0.00822032 0.00814998 0.00823087 0.00829861 
0.020856 0.00950101 0.0100948 0.00979273 0.0128446 0.0286691 0.0283293 0.00955492 0.0109543 0.0102215 0.00938588 0.0227956 0.00440315 0.00353559 0.00364346 0 0.0380996 0.0166363 0.0260569 0.0103461 0.0107137 0.0144216 0.0141551 0.0155345 0.0155699 0.0118769 0.0116689 0.0140559 0.0130926 0.0209097 0.0263897 0.0200646 0.0121762 0.01264 0.0146632 0.0125615 0.00939219 0.00981192 0.00973116 0.0105601 0.00910295 0.00828747 0.00870619 0.0095545 0.00850944 0.00856825 0.0088017 0.00842272 0.00847468 0.00874823 0.00846878 0.00936879 0.00822101 0.00886138 0.00830172 0.00831743 0.00887356 0.00861844 0.00821922 0.00824263 0.00825746 0.00824992 0.00845352 0.00850215 0.00834291 0.00825507 0.00837859 0.00808295 0.00817617 0.00823507 0.00819283 0.00851918 0.00838737 0.00903468 
0.0100725 0.0094813 0.00873777 0.00909558 0.00943427 0.0130012 0.011709 0.0103005 0.00917866 0.00934993 0.00941499 0.0113108 0.0170384 0.0158714 0.010765 0.0380996 0 0.00374829 0.00359876 0.0035641 0.00357054 0.00359477 0.00386471 0.0037991 0.00396653 0.00426947 0.00661199 0.0071616 0.00679536 0.00725235 0.0445651 0.011815 0.0153329 0.0131595 0.0119981 0.0106018 0.0096135 0.00940127 0.00969143 0.0139287 0.00812671 0.00814354 0.00985747 0.00836607 0.00829627 0.008422 0.00835613 0.00841029 0.00996722 0.00819923 0.0085648 0.00835985 0.0083033 0.00906868 0.00840026 0.00835159 0.00880263 0.00847891 0.00817552 0.00827155 0.00824005 0.00828102 0.00835807 0.00837117 0.00835034 0.0082062 0.00835646 0.00808032 0.00814082 0.00814266 0.00832911 0.00812271 0.00887471 0.00910125 
0.00910001 0.0128853 0.00941055 0.0123588 0.0120732 0.0100194 0.00943096 0.0143346 0.00913673 0.0116215 0.00983032 0.00983588 0.0138532 0.0248939 0.0939635 0.0166363 0.00374829 0 0.00358492 0.00355795 0.00358511 0.00359036 0.00384114 0.00375459 0.00419216 0.00639798 0.00705508 0.00715176 0.00819805 0.024123 0.0115573 0.0136463 0.0122024 0.00935647 0.00884119 0.00977192 0.0199367 0.0135382 0.0134233 0.0102049 0.00828161 0.00839396 0.00840369 0.00848182 0.00971122 0.00988602 0.00944568 0.00928265 0.00847401 0.00830252 0.00843231 0.00831896 0.00882862 0.00849892 0.00819738 0.00832156 0.00822061 0.00843737 0.00861911 0.00859777 0.00869935 0.00864523 0.00880763 0.00882685 0.00872154 0.00862088 0.00836539 0.00819192 0.00818899 0.0082914 0.00832607 0.00816679 0.00853074 0.00848279 
0.0106864 0.00942663 0.0252396 0.0139575 0.0159673 0.0103611 0.0110244 0.00936256 0.02414 0.00983744 0.0109099 0.00923312 0.0163511 0.0509546 0.0274576 0.0260569 0.00359876 0.00358492 0 0.00355495 0.00355042 0.00357773 0.00379868 0.00367034 0.00435 0.00459549 0.00705182 0.00891789 0.0104664 0.00949684 0.00730603 0.0111065 0.00891165 0.00912595 0.00871963 0.0138654 0.0167279 0.0320811 0.0149906 0.00963427 0.00837516 0.00833876 0.00830107 0.00876187 0.00956299 0.0129187 0.0126705 0.00917063 0.00902851 0.00838042 0.00858649 0.00936122 0.00891965 0.00844642 0.00825006 0.00824498 0.00808269 0.0084746 0.00877663 0.00883958 0.00880077 0.00882177 0.00919112 0.00932947 0.00920969 0.00856566 0.00836053 0.00813462 0.00814433 0.00822269 0.00821313 0.00811733 0.0082503 0.00818963 
0.00857436 0.0141388 0.0101072 0.0204715 0.0106885 0.00953708 0.00858298 0.0151697 0.00923323 0.0155509 0.00887566 0.00913476 0.0171191 0.0159745 0.0287109 0.0103461 0.0035641 0.00355795 0.00355495 0 0.00356479 0.0035441 0.00359757 0.00362534 0.00373485 0.00485061 0.00590055 0.0101052 0.00920823 0.0068763 0.00757458 0.00881943 0.0088215 0.00843388 0.00844717 0.0104178 0.0196218 0.024586 0.0115029 0.00934856 0.00823522 0.00822679 0.00835663 0.00840739 0.00945612 0.0113442 0.0102478 0.00903508 0.0084697 0.00825359 0.0084513 0.00852059 0.00864026 0.00844752 0.00813075 0.00821628 0.00813194 0.0084519 0.00863602 0.00868267 0.00874987 0.00870615 0.00912382 0.00904369 0.00893605 0.00858732 0.00827251 0.00817732 0.00807467 0.00826728 0.00819345 0.00813196 0.00825273 0.0082069 
0.00963148 0.0101937 0.0156186 0.0144124 0.0106955 0.00967464 0.00939511 0.00991831 0.0134553 0.010597 0.0090924 0.00872643 0.0150756 0.0180358 0.0111235 0.0107137 0.00357054 0.00358511 0.00355042 0.00356479 0 0.00355068 0.00359822 0.0036004 0.00358265 0.00367267 0.00807179 0.00656931 0.00583523 0.00642706 0.00617557 0.00930089 0.00842746 0.00873876 0.00857556 0.0135314 0.0197044 0.0182928 0.0121473 0.00942312 0.00822112 0.00825276 0.00825614 0.00855769 0.00955103 0.0115401 0.0111353 0.00877974 0.00853905 0.00829419 0.00851641 0.00850794 0.00868382 0.00831183 0.00815794 0.00821252 0.00802044 0.00850359 0.00860452 0.0086197 0.00865357 0.00873597 0.00890059 0.00884014 0.00877 0.00851914 0.00835921 0.00811846 0.00813473 0.00822734 0.00821285 0.00811589 0.00826555 0.00822832 
0.00972457 0.0138566 0.0170385 0.0195082 0.0121897 0.010907 0.0104668 0.0135384 0.013358 0.0132001 0.00979138 0.00952442 0.0151742 0.0152811 0.0134488 0.0144216 0.00359477 0.00359036 0.00357773 0.0035441 0.00355068 0 0.0035734 0.00358349 0.00360781 0.00384477 0.00381891 0.00407846 0.00487866 0.00499569 0.00690646 0.0101099 0.00945951 0.00900189 0.00934717 0.0155291 0.0236926 0.0322993 0.0149375 0.0101501 0.00852692 0.00834949 0.00874559 0.00933978 0.0116786 0.0158699 0.0137425 0.00943675 0.00881008 0.00845054 0.00879693 0.00912748 0.00900138 0.00878907 0.00829919 0.008354 0.00820134 0.00871202 0.00885253 0.00963082 0.00913244 0.00909286 0.0094984 0.0097348 0.00923353 0.00870239 0.00846592 0.00817826 0.00813563 0.00835091 0.00826218 0.00821741 0.00828072 0.00834103 
0.00977485 0.0170336 0.0207469 0.0246213 0.0155439 0.0112708 0.0103262 0.0152669 0.0159011 0.0159088 0.0103223 0.00966737 0.0165198 0.021073 0.0206094 0.0141551 0.00386471 0.00384114 0.00379868 0.00359757 0.00359822 0.0035734 0 0.00358646 0.00359361 0.00368916 0.00367784 0.00665516 0.00461984 0.00496817 0.00635387 0.0116092 0.0100268 0.00986978 0.00920928 0.0171113 0.0317637 0.040848 0.018361 0.0101774 0.00847095 0.00838117 0.00853266 0.00941339 0.0120394 0.0208397 0.0147338 0.0096353 0.00876801 0.0084456 0.00884717 0.00906077 0.00938186 0.00862766 0.00828391 0.00839841 0.0081328 0.00876616 0.00906566 0.00933309 0.00934043 0.00931716 0.00980126 0.00981449 0.00987192 0.00892862 0.00831737 0.00815004 0.00814334 0.00834335 0.00826294 0.00818477 0.00834844 0.00830853 
0.0095196 0.0127027 0.0197153 0.0268434 0.0164565 0.0111761 0.00991766 0.0133926 0.0136487 0.0158634 0.00991783 0.0097047 0.0139857 0.019624 0.0226085 0.0155345 0.0037991 0.00375459 0.00367034 0.00362534 0.0036004 0.00358349 0.00358646 0 0.00355839 0.00362214 0.00367489 0.0039271 0.0041068 0.00413967 0.00463936 0.00941441 0.0137114 0.00934419 0.00906404 0.0169845 0.0305457 0.0536668 0.0173996 0.0103456 0.00845705 0.00848584 0.00871636 0.0091741 0.0123967 0.0188817 0.015898 0.00967927 0.00927534 0.00852652 0.00887618 0.00942986 0.00939091 0.00891065 0.00834473 0.00834258 0.00815805 0.0086775 0.0089892 0.00920123 0.00917352 0.00907138 0.00971046 0.00963735 0.00993072 0.008786 0.00845268 0.00811006 0.00812903 0.00835479 0.0082075 0.00814388 0.00833073 0.00835118 
0.00945642 0.0118928 0.0167364 0.0220025 0.01376 0.0115867 0.0102797 0.0129005 0.0130769 0.0134817 0.00968229 0.00950547 0.0139856 0.0178766 0.0185501 0.0155699 0.00396653 0.00419216 0.00435 0.00373485 0.00358265 0.00360781 0.00359361 0.00355839 0 0.0035563 0.00360782 0.0036222 0.00371127 0.00370023 0.00383921 0.00945502 0.00940255 0.00962585 0.00910913 0.0161223 0.0247399 0.0345381 0.0177053 0.0103934 0.00840537 0.00836754 0.00876612 0.00901565 0.011524 0.0191927 0.0152601 0.00964282 0.00884854 0.00850133 0.00887387 0.00944542 0.00917302 0.00876911 0.00830428 0.00825951 0.00809508 0.00869594 0.0088893 0.00912855 0.00897954 0.00905666 0.00961535 0.00943707 0.00935043 0.00876053 0.00840369 0.0081357 0.00810197 0.00835496 0.00820826 0.00814836 0.00827138 0.00828216 
0.00939566 0.0119969 0.0173675 0.0182297 0.0143222 0.0112709 0.00971162 0.0123347 0.0141737 0.011771 0.0101934 0.00985828 0.0142649 0.0220079 0.0173026 0.0118769 0.00426947 0.00639798 0.00459549 0.00485061 0.00367267 0.00384477 0.00368916 0.00362214 0.0035563 0 0.00357814 0.00359467 0.00367509 0.00355723 0.00368448 0.011527 0.00973716 0.00955137 0.00892513 0.0157537 0.0306159 0.0376206 0.0160364 0.0100427 0.00837956 0.0083276 0.00850257 0.00893123 0.0115887 0.0167737 0.0140529 0.00961499 0.00882551 0.00830327 0.00870339 0.00892687 0.00904991 0.00857305 0.00824896 0.00823559 0.00811823 0.00884161 0.00890792 0.0091218 0.00901168 0.00904745 0.0095816 0.00944483 0.00938855 0.00881442 0.00843276 0.00814513 0.00815129 0.00838694 0.00828805 0.00813853 0.00824719 0.00830807 
0.00939584 0.0164277 0.0133513 0.024705 0.0132496 0.011039 0.00948148 0.0159287 0.0109517 0.0162765 0.00959498 0.00981767 0.0180247 0.0158702 0.0195577 0.0116689 0.00661199 0.00705508 0.00705182 0.00590055 0.00807179 0.00381891 0.00367784 0.00367489 0.00360782 0.00357814 0 0.00358668 0.00361472 0.00364399 0.00375445 0.0106696 0.00966617 0.00915936 0.00915136 0.0151103 0.0318668 0.0356155 0.014923 0.011041 0.00847957 0.0082946 0.00898758 0.00906505 0.0120473 0.0161457 0.0152911 0.00969511 0.00870898 0.00838307 0.00880614 0.00915328 0.00921674 0.00876863 0.00819106 0.00827598 0.00819084 0.00868923 0.00889003 0.00905504 0.0090205 0.00915581 0.00960048 0.00963808 0.00936073 0.00890067 0.00845599 0.00814911 0.00810223 0.00830445 0.0082585 0.00814892 0.00830869 0.00839466 
0.0104736 0.0110965 0.0283889 0.0191779 0.0157767 0.0103412 0.0107542 0.0108824 0.0231263 0.0119083 0.0108323 0.00958135 0.0182892 0.0246386 0.015627 0.0140559 0.0071616 0.00715176 0.00891789 0.0101052 0.00656931 0.00407846 0.00665516 0.0039271 0.0036222 0.00359467 0.00358668 0 0.00361593 0.00362869 0.00362173 0.0120929 0.0104671 0.00984246 0.00967663 0.0186635 0.0325378 0.0478267 0.0199042 0.0108075 0.00850573 0.00850194 0.00844536 0.00936549 0.0130098 0.0227668 0.0163173 0.00948903 0.00907877 0.00857753 0.00893104 0.0108519 0.0094168 0.00892082 0.00841243 0.00833557 0.00818683 0.0087201 0.00916404 0.00950961 0.00957385 0.00950402 0.0102907 0.0101082 0.0100284 0.0091797 0.0085308 0.00817151 0.0082141 0.00832565 0.00830509 0.00822337 0.00840412 0.00840903 
0.0101569 0.0213926 0.0176081 0.0368882 0.0136856 0.0124222 0.00977737 0.0205648 0.0123551 0.023965 0.00969655 0.00997554 0.0184066 0.0259755 0.0285136 0.0130926 0.00679536 0.00819805 0.0104664 0.00920823 0.00583523 0.00487866 0.00461984 0.0041068 0.00371127 0.00367509 0.00361472 0.00361593 0 0.00359728 0.0035773 0.0135094 0.0175726 0.0103803 0.00992982 0.0183473 0.0419151 0.066126 0.0203099 0.0111738 0.00870247 0.00845371 0.00922924 0.00958745 0.0142506 0.0209439 0.0181975 0.0108859 0.00896787 0.0089326 0.00929414 0.00969678 0.0100914 0.00936469 0.00830283 0.00849177 0.00825675 0.00892377 0.00917274 0.00976601 0.00949147 0.00964137 0.010378 0.0104388 0.0104346 0.00945465 0.0086101 0.00822179 0.00820793 0.00847665 0.00830772 0.00832908 0.00841428 0.00843621 
0.0119191 0.00996611 0.0153862 0.0104899 0.0219338 0.0110237 0.0129134 0.010675 0.0154163 0.00959866 0.0148456 0.00991215 0.0131326 0.0329269 0.0344794 0.0209097 0.00725235 0.024123 0.00949684 0.0068763 0.00642706 0.00499569 0.00496817 0.00413967 0.00370023 0.00355723 0.00364399 0.00362869 0.00359728 0 0.00357275 0.0310557 0.0322659 0.012829 0.0135448 0.016288 0.0252542 0.0212794 0.0300614 0.0106658 0.00873182 0.00932996 0.00877476 0.0102576 0.0115855 0.0128149 0.0116377 0.0098163 0.00954088 0.00879663 0.00901948 0.00892575 0.00982304 0.00889282 0.00856307 0.00830596 0.00834387 0.00906017 0.00902914 0.00904134 0.00896127 0.00901488 0.0093145 0.00951359 0.00945709 0.00889325 0.00841584 0.00819337 0.00813618 0.00848577 0.00829146 0.00829133 0.00828057 0.00849165 
0.0114217 0.0133705 0.00868625 0.0111129 0.0103127 0.0192416 0.0114374 0.0154097 0.00875285 0.0117638 0.00873748 0.0118992 0.0364137 0.0106302 0.0264889 0.0263897 0.0445651 0.0115573 0.00730603 0.00757458 0.00617557 0.00690646 0.00635387 0.00463936 0.00383921 0.00368448 0.00375445 0.00362173 0.0035773 0.00357275 0 0.0475936 0.0323078 0.0121614 0.014149 0.0147715 0.0143142 0.0137136 0.0120666 0.0176723 0.0110353 0.00835725 0.0103049 0.0115518 0.00983228 0.00929987 0.00924062 0.00958979 0.00862452 0.00935976 0.00901725 0.00886273 0.00925061 0.00936385 0.00839295 0.00899259 0.00911114 0.00956436 0.00833163 0.00841937 0.00847982 0.00845656 0.00867042 0.00874507 0.00861618 0.0084336 0.0086614 0.00810887 0.0083178 0.00845586 0.00822787 0.00848534 0.00870024 0.00892066 
0.0134813 0.00835899 0.00946572 0.00847845 0.00923337 0.0110789 0.0153219 0.00864132 0.0105924 0.00852379 0.00948214 0.00989276 0.0123438 0.0138865 0.00984947 0.0200646 0.011815 0.0136463 0.0111065 0.00881943 0.00930089 0.0101099 0.0116092 0.00941441 0.00945502 0.011527 0.0106696 0.0120929 0.0135094 0.0310557 0.0475936 0 0.00492688 0.044458 0.0586669 0.0180205 0.0153334 0.0106133 0.0151711 0.0147824 0.00878065 0.00979712 0.00973059 0.0101041 0.00867464 0.00881014 0.00880297 0.00856674 0.010328 0.00950739 0.0091406 0.00978987 0.00859877 0.0095716 0.00952812 0.00844454 0.00993803 0.00843393 0.00842418 0.00835244 0.00839585 0.00887639 0.00853703 0.00857574 0.00845425 0.00829488 0.00837681 0.00812202 0.00821903 0.00827051 0.00859001 0.0088281 0.00868104 0.010991 
0.00956616 0.012664 0.0082403 0.00902875 0.00897168 0.0106614 0.00981921 0.0127979 0.00841403 0.00997747 0.00862908 0.0100876 0.0208393 0.0106357 0.0161969 0.0121762 0.0153329 0.0122024 0.00891165 0.0088215 0.00842746 0.00945951 0.0100268 0.0137114 0.00940255 0.00973716 0.00966617 0.0104671 0.0175726 0.0322659 0.0323078 0.00492688 0 0.0229131 0.0130834 0.0112616 0.0249376 0.0127844 0.0139375 0.0163225 0.0107858 0.00883211 0.0110601 0.0109618 0.00917463 0.00883138 0.00857981 0.00918622 0.00875312 0.00946998 0.00899577 0.00847125 0.00938432 0.00931896 0.0086711 0.00965997 0.00931276 0.00938818 0.00838171 0.00839918 0.00847598 0.00839365 0.00855533 0.00865387 0.00852203 0.00843847 0.00843275 0.00812209 0.00842293 0.00848856 0.00833964 0.00839245 0.00899984 0.00888246 
0.011444 0.00813579 0.0087164 0.00808014 0.00819746 0.0089259 0.0128826 0.0081984 0.00875482 0.00811852 0.00832124 0.00852629 0.0115157 0.0090019 0.00867788 0.01264 0.0131595 0.00935647 0.00912595 0.00843388 0.00873876 0.00900189 0.00986978 0.00934419 0.00962585 0.00955137 0.00915936 0.00984246 0.0103803 0.012829 0.0121614 0.044458 0.0229131 0 0.46756 0.01963 0.0103711 0.0116818 0.0166408 0.0171698 0.00989863 0.00911796 0.00935403 0.0111073 0.00830875 0.00836395 0.00835328 0.00827343 0.0094977 0.00999223 0.00861775 0.00938984 0.00818272 0.00949764 0.00959735 0.00830346 0.0113684 0.00851057 0.00812148 0.00814118 0.00821205 0.00846447 0.00824441 0.00824499 0.00817966 0.00814775 0.00812572 0.00820614 0.00818801 0.00826568 0.00836756 0.00919625 0.00834561 0.0127307 
0.0127057 0.00810923 0.00904235 0.00806979 0.00819119 0.00973495 0.0133636 0.00834417 0.00941886 0.0081156 0.00893899 0.00894455 0.0100133 0.00859254 0.00859434 0.0146632 0.0119981 0.00884119 0.00871963 0.00844717 0.00857556 0.00934717 0.00920928 0.00906404 0.00910913 0.00892513 0.00915136 0.00967663 0.00992982 0.0135448 0.014149 0.0586669 0.0130834 0.46756 0 0.00561838 0.00368194 0.00388756 0.00453222 0.00474805 0.0151862 0.0103559 0.0130302 0.0159589 0.00873936 0.00872085 0.00862518 0.00894499 0.014837 0.0131925 0.0103109 0.0118835 0.00904515 0.0128555 0.0128366 0.00917115 0.0193102 0.00886257 0.00821207 0.00813594 0.00813527 0.00831436 0.00831063 0.00834252 0.00818952 0.00825923 0.00870171 0.0086257 0.0089987 0.00829623 0.0091125 0.00972979 0.00888663 0.0138249 
0.0110627 0.0081555 0.0103834 0.00851697 0.0084311 0.0090079 0.0115927 0.00823153 0.0116572 0.00830234 0.00876364 0.00857074 0.0101325 0.00956719 0.00891737 0.0125615 0.0106018 0.00977192 0.0138654 0.0104178 0.0135314 0.0155291 0.0171113 0.0169845 0.0161223 0.0157537 0.0151103 0.0186635 0.0183473 0.016288 0.0147715 0.0180205 0.0112616 0.01963 0.00561838 0 0.00362929 0.00360039 0.00368922 0.0037203 0.0187958 0.00980086 0.0106689 0.0136652 0.0099233 0.0142539 0.0138904 0.0102754 0.014192 0.00976532 0.0100428 0.0136025 0.00888116 0.0122319 0.0102811 0.00842665 0.00996369 0.00885667 0.00948277 0.0091062 0.0088845 0.0102282 0.0107147 0.0103921 0.0102585 0.0087439 0.00900964 0.00856224 0.00828444 0.00816278 0.00855104 0.00886097 0.00842992 0.0108146 
0.00843739 0.00985612 0.00886636 0.00998509 0.00909812 0.00871025 0.00844958 0.0112122 0.00914571 0.00964148 0.0085487 0.00837099 0.0114671 0.015835 0.0119293 0.00939219 0.0096135 0.0199367 0.0167279 0.0196218 0.0197044 0.0236926 0.0317637 0.0305457 0.0247399 0.0306159 0.0318668 0.0325378 0.0419151 0.0252542 0.0143142 0.0153334 0.0249376 0.0103711 0.00368194 0.00362929 0 0.00356368 0.00356608 0.00361147 0.0235406 0.014783 0.0108191 0.0113654 0.0220156 0.0274637 0.0207827 0.0156281 0.0101571 0.00926694 0.0102458 0.0111011 0.0172188 0.00989997 0.00851168 0.00937814 0.00834027 0.00938001 0.00993083 0.0101733 0.0105648 0.0105943 0.0132123 0.0128088 0.0118898 0.00961285 0.00866326 0.0081729 0.0082588 0.0084912 0.00839798 0.00820513 0.00866379 0.00837583 
0.00846622 0.00913126 0.00975768 0.00994756 0.00907305 0.00871502 0.00841518 0.00921079 0.0103496 0.00953815 0.00843543 0.00846139 0.0113345 0.0149589 0.0118522 0.00981192 0.00940127 0.0135382 0.0320811 0.024586 0.0182928 0.0322993 0.040848 0.0536668 0.0345381 0.0376206 0.0356155 0.0478267 0.066126 0.0212794 0.0137136 0.0106133 0.0127844 0.0116818 0.00388756 0.00360039 0.00356368 0 0.00355947 0.0035618 0.060855 0.011251 0.0118721 0.0106643 0.0227691 0.0414455 0.0355808 0.0131972 0.01038 0.00869638 0.00999861 0.0114949 0.0115504 0.010189 0.00834171 0.00855419 0.00821612 0.00907004 0.00968684 0.0113226 0.0112168 0.012356 0.0143229 0.0158621 0.0137735 0.00956687 0.00871556 0.00820134 0.00815517 0.00831995 0.00822143 0.00825116 0.00827386 0.00844632 
0.00898738 0.00879002 0.00896501 0.0088443 0.00881598 0.00861716 0.0090065 0.00878527 0.00956135 0.00857069 0.00864418 0.00834863 0.0115328 0.0126641 0.012613 0.00973116 0.00969143 0.0134233 0.0149906 0.0115029 0.0121473 0.0149375 0.018361 0.0173996 0.0177053 0.0160364 0.014923 0.0199042 0.0203099 0.0300614 0.0120666 0.0151711 0.0139375 0.0166408 0.00453222 0.00368922 0.00356608 0.00355947 0 0.0036892 0.0141775 0.13546 0.0133028 0.015202 0.0162336 0.0179742 0.0180213 0.0180595 0.0108375 0.0097728 0.00951128 0.0115148 0.0122455 0.010296 0.00888967 0.00870431 0.00851932 0.00963267 0.00991588 0.0100269 0.00938878 0.00979018 0.0105861 0.0110221 0.0103894 0.00912699 0.00844997 0.00815123 0.00814183 0.0083955 0.00824042 0.00838249 0.00823694 0.00835895 
0.00920596 0.00871 0.00827626 0.00850192 0.00849383 0.00894137 0.00898596 0.0087521 0.00825606 0.00864629 0.00825195 0.00835924 0.0141599 0.0092786 0.00930738 0.0105601 0.0139287 0.0102049 0.00963427 0.00934856 0.00942312 0.0101501 0.0101774 0.0103456 0.0103934 0.0100427 0.011041 0.0108075 0.0111738 0.0106658 0.0176723 0.0147824 0.0163225 0.0171698 0.00474805 0.0037203 0.00361147 0.0035618 0.0036892 0 0.0151392 0.00931779 0.241474 0.0158286 0.0114529 0.0103725 0.00989877 0.0102432 0.0108204 0.0111283 0.0103686 0.00998673 0.00945979 0.0111044 0.00913495 0.00961729 0.00984599 0.0110147 0.00866713 0.00868557 0.00876696 0.0086211 0.00886782 0.00900131 0.0087805 0.00864542 0.00861705 0.00821161 0.00824414 0.00848868 0.00817967 0.0085555 0.00841315 0.00878473 
0.00835333 0.00820643 0.00826342 0.00823717 0.00808022 0.00842705 0.0082764 0.00819418 0.00829738 0.00814441 0.00802941 0.00822192 0.00829151 0.00832425 0.00820903 0.00910295 0.00812671 0.00828161 0.00837516 0.00823522 0.00822112 0.00852692 0.00847095 0.00845705 0.00840537 0.00837956 0.00847957 0.00850573 0.00870247 0.00873182 0.0110353 0.00878065 0.0107858 0.00989863 0.0151862 0.0187958 0.0235406 0.060855 0.0141775 0.0151392 0 0.00547153 0.0039763 0.0146814 0.0107718 0.0115252 0.0116396 0.0113607 0.0217337 0.010445 0.0121817 0.0120141 0.00994445 0.0176006 0.0104438 0.0116519 0.0106793 0.00854979 0.00838864 0.00842954 0.00839615 0.00844464 0.00857084 0.00866381 0.0085326 0.00851807 0.00905723 0.00816257 0.00874669 0.00809467 0.00857529 0.00824253 0.0089071 0.00919962 
0.00819845 0.00824801 0.00830974 0.0082008 0.00816136 0.00815138 0.00829714 0.00826473 0.00844222 0.00817464 0.00818741 0.00812057 0.00819617 0.0083833 0.00834617 0.00828747 0.00814354 0.00839396 0.00833876 0.00822679 0.00825276 0.00834949 0.00838117 0.00848584 0.00836754 0.0083276 0.0082946 0.00850194 0.00845371 0.00932996 0.00835725 0.00979712 0.00883211 0.00911796 0.0103559 0.00980086 0.014783 0.011251 0.13546 0.00931779 0.00547153 0 0.00362417 0.0122151 0.0213401 0.0125554 0.0129735 0.0131883 0.00851424 0.0110534 0.00906141 0.00944234 0.0187116 0.00963452 0.0107701 0.008856 0.00908375 0.00841954 0.00852938 0.00838606 0.00839847 0.00847738 0.00849311 0.00860341 0.00857879 0.00870486 0.0083096 0.00825367 0.00833174 0.00814808 0.00832813 0.00851545 0.00836322 0.00891856 
0.00846628 0.00861853 0.00808435 0.00815324 0.00812353 0.00843639 0.00829445 0.00853648 0.00808027 0.0087302 0.00810219 0.00813348 0.00947553 0.0082426 0.00855976 0.00870619 0.00985747 0.00840369 0.00830107 0.00835663 0.00825614 0.00874559 0.00853266 0.00871636 0.00876612 0.00850257 0.00898758 0.00844536 0.00922924 0.00877476 0.0103049 0.00973059 0.0110601 0.00935403 0.0130302 0.0106689 0.0108191 0.0118721 0.0133028 0.241474 0.0039763 0.00362417 0 0.0223314 0.0109979 0.0151607 0.0122164 0.0112877 0.0109213 0.0130738 0.013208 0.0107683 0.0115449 0.0145059 0.00975607 0.0157112 0.0134031 0.0143364 0.00859359 0.00870446 0.0088273 0.00866397 0.00906554 0.00897511 0.00895722 0.00890206 0.00937583 0.00828156 0.00871021 0.00867246 0.00814919 0.008445 0.00853677 0.00881977 
0.00850677 0.00824568 0.00835571 0.00828521 0.00821704 0.00871433 0.00865952 0.00815436 0.00853772 0.00817879 0.00811394 0.00828844 0.00859396 0.00859311 0.00852882 0.0095545 0.00836607 0.00848182 0.00876187 0.00840739 0.00855769 0.00933978 0.00941339 0.0091741 0.00901565 0.00893123 0.00906505 0.00936549 0.00958745 0.0102576 0.0115518 0.0101041 0.0109618 0.0111073 0.0159589 0.0136652 0.0113654 0.0106643 0.015202 0.0158286 0.0146814 0.0122151 0.0223314 0 0.00405695 0.00358364 0.0036453 0.00371937 0.00549448 0.0184376 0.0188538 0.0170026 0.0109248 0.0421136 0.0162379 0.0137727 0.0160233 0.0120942 0.0110878 0.0101811 0.00949873 0.010967 0.0126715 0.0129637 0.010884 0.0112373 0.0117468 0.00893249 0.0100889 0.00843883 0.0111096 0.00856194 0.00958619 0.00986405 
0.00817823 0.0087378 0.00845717 0.00875928 0.00868525 0.00842004 0.00810266 0.00870163 0.0084408 0.00867275 0.00833806 0.00815854 0.00863973 0.00901592 0.00902624 0.00850944 0.00829627 0.00971122 0.00956299 0.00945612 0.00955103 0.0116786 0.0120394 0.0123967 0.011524 0.0115887 0.0120473 0.0130098 0.0142506 0.0115855 0.00983228 0.00867464 0.00917463 0.00830875 0.00873936 0.0099233 0.0220156 0.0227691 0.0162336 0.0114529 0.0107718 0.0213401 0.0109979 0.00405695 0 0.00358458 0.00363983 0.00371048 0.003581 0.0117875 0.0104047 0.00895567 0.0464263 0.0130394 0.00963887 0.0109823 0.00936918 0.0121611 0.0134806 0.0144553 0.0169425 0.0171318 0.0247044 0.02359 0.0210778 0.0171469 0.00950894 0.00850946 0.008698 0.00858482 0.00847716 0.00818048 0.00872833 0.00832464 
0.00835196 0.00861197 0.00862121 0.00877028 0.00841101 0.00851759 0.00826351 0.00876441 0.00871298 0.008631 0.00827443 0.00823357 0.00905896 0.00981924 0.00900729 0.00856825 0.008422 0.00988602 0.0129187 0.0113442 0.0115401 0.0158699 0.0208397 0.0188817 0.0191927 0.0167737 0.0161457 0.0227668 0.0209439 0.0128149 0.00929987 0.00881014 0.00883138 0.00836395 0.00872085 0.0142539 0.0274637 0.0414455 0.0179742 0.0103725 0.0115252 0.0125554 0.0151607 0.00358364 0.00358458 0 0.00362857 0.00356644 0.00355908 0.00788415 0.0134003 0.0232737 0.012557 0.0186136 0.00890512 0.00947542 0.00903447 0.0117587 0.0225905 0.0275099 0.0394323 0.0352159 0.0373278 0.051905 0.0516125 0.0171516 0.0112824 0.00853968 0.00851122 0.00850622 0.00841601 0.0084611 0.00842654 0.00828193 
0.00829232 0.00860148 0.00857825 0.00868875 0.00852653 0.0085831 0.00822474 0.00867103 0.00875951 0.00856714 0.00834417 0.00823026 0.00881386 0.00944704 0.00908312 0.0088017 0.00835613 0.00944568 0.0126705 0.0102478 0.0111353 0.0137425 0.0147338 0.015898 0.0152601 0.0140529 0.0152911 0.0163173 0.0181975 0.0116377 0.00924062 0.00880297 0.00857981 0.00835328 0.00862518 0.0138904 0.0207827 0.0355808 0.0180213 0.00989877 0.0116396 0.0129735 0.0122164 0.0036453 0.00363983 0.00362857 0 0.00355467 0.00355937 0.00896416 0.0178612 0.0198331 0.0128651 0.0159639 0.00920774 0.00915036 0.00897097 0.0106615 0.0187181 0.0356178 0.0246019 0.0278313 0.0369284 0.0500386 0.0486579 0.0166942 0.0107154 0.00859457 0.00848958 0.00839209 0.00855579 0.00836642 0.00833139 0.00826171 
0.00824034 0.00846215 0.00827497 0.00858772 0.00843607 0.0083274 0.00815009 0.0084714 0.00833699 0.00853364 0.00823307 0.00817348 0.00865011 0.0087121 0.00868677 0.00842272 0.00841029 0.00928265 0.00917063 0.00903508 0.00877974 0.00943675 0.0096353 0.00967927 0.00964282 0.00961499 0.00969511 0.00948903 0.0108859 0.0098163 0.00958979 0.00856674 0.00918622 0.00827343 0.00894499 0.0102754 0.0156281 0.0131972 0.0180595 0.0102432 0.0113607 0.0131883 0.0112877 0.00371937 0.00371048 0.00356644 0.00355467 0 0.00355923 0.011112 0.025891 0.00920343 0.0408787 0.0122044 0.00914859 0.0133576 0.00954351 0.0122981 0.0130184 0.0119242 0.0128169 0.0116884 0.0161006 0.0166551 0.0143861 0.0171854 0.00919623 0.00859507 0.00865389 0.0086075 0.00841296 0.00849094 0.00842766 0.00825575 
0.00856528 0.00813434 0.00821723 0.00813472 0.00815721 0.00819976 0.00839502 0.00814445 0.00836221 0.00815933 0.00816958 0.00811543 0.0091501 0.00850102 0.00842894 0.00847468 0.00996722 0.00847401 0.00902851 0.0084697 0.00853905 0.00881008 0.00876801 0.00927534 0.00884854 0.00882551 0.00870898 0.00907877 0.00896787 0.00954088 0.00862452 0.010328 0.00875312 0.0094977 0.014837 0.014192 0.0101571 0.01038 0.0108375 0.0108204 0.0217337 0.00851424 0.0109213 0.00549448 0.003581 0.00355908 0.00355937 0.00355923 0 0.0238565 0.00818234 0.0152541 0.00773102 0.0150875 0.0100056 0.0085277 0.0154351 0.0166798 0.0106 0.0101241 0.00950635 0.0107436 0.0104551 0.0103233 0.0108333 0.0102815 0.00966677 0.00930012 0.00859266 0.0091663 0.00891594 0.00950259 0.00829388 0.00928417 
