1AOHA
AVRIKVDTVNAKPGDTVRIPVRFSGIPSKGIANCDFVYSYDPNVLEIIEIEPGELIVDPNPTKSFDTAVYPDRKMIVFLFAEDSGTGAYAITEDGVFATIVAKVKSGAPNGLSVIKFVEVGGFANNDLVEQKTQFFDGGVNVG
CEEEEECEEEECCCCEEEEEEEEECCCCCCECEEEEEEECCCCCEEEEEEEECCCCCCCCHHHHEEEEEECCCCEEEEEEECCCCCCCCCECCCEEEEEEEEEECCCCCCEEEEEEEEEEEEEECCCCCECCEEEECEEEEEC
0 0 0 0 0 0 0 0 0 0 0 0 0 0 0 0 0 0 0 0 0 0 0 0 0 0 0 0 0 0 0 0 0 0 0 0 0 0 0 0 0 0 0 0 0 0 0 0 0 0 0 0 0 0 0 0 0 0 0 0 0 0 0 0 0 0 0 0 0 0 0 0 0 0 0 0 0 0 0 0 0 0 0 0 0 0 0 0 0 0 0 0 0 0 0 0 0 0 0 0 0 0 0 0 0 0 0 0 0 0 0 0 0 0 0 0 0 0 0 0 0 0 0 0 0 0 0 0 0 0 0 0 0 0 0 0 0 0 0 0 0 0 0 
0 0 0 0 0 0 0 0 0 0 0 0 0 0 0 0 0 0 0 0 0 0 0 0 0 0 0 0 0 0 0 0 0 0 0 0 0 0 0 0 0 0 0 0 0 0 0 0 0 0 0 0 0 0 0 0 0 0 0 0 0 0 0 0 0 0 0 0 0 0 0 0 0 0 0 0 0 0 0 0 0 0 0 0 0 0 0 0 0 0 0 0 0 0 0 0 0 0 0 0 0 0 0 0 0 0 0 0 0 0 0 0 0 0 0 0 0 0 0 0 0 0 0 0 0 0 0 0 0 0 0 0 0 0 0 0 0 0 0 0 0 0 0 
0 0.00375466 0.00392302 0.00376577 0.0121382 0.00412963 0.0095583 0.00499088 0.130847 0.010148 0.0497509 0.00976957 0.0593861 0.00959169 0.0752474 0.00997674 0.079738 0.031452 0.054368 0.012116 0.0602419 0.00962689 0.0462469 0.0134064 0.0301273 0.0176519 0.0601035 0.0141989 0.0401375 0.0136073 0.0131125 0.0308413 0.00876531 0.0303103 0.0204698 0.00852076 0.0137687 0.0130776 0.0108503 0.0255255 0.0193908 0.0196948 0.0166313 0.021873 0.0174494 0.01372 0.0137617 0.0162404 0.0130859 0.0104553 0.0109081 0.0198615 0.0108942 0.0194408 0.0100169 0.0209186 0.00967866 0.0326645 0.00893575 0.00832566 0.00915036 0.00874194 0.0128952 0.00836803 0.0094598 0.0086341 0.0087107 0.00877038 0.00858856 0.00909879 0.00855242 0.0112512 0.00910581 0.00904097 0.00853496 0.00902051 0.00911913 0.0092438 0.00834961 0.00968643 0.00867842 0.0143116 
0.00375466 0 0.00364152 0.00453908 0.00365457 0.00441497 0.00418707 0.0541875 0.00593328 0.0257162 0.00758835 0.0497917 0.00804582 0.0439627 0.00899058 0.101327 0.01268 0.0585804 0.0118675 0.0200771 0.00996674 0.0950317 0.012218 0.0373186 0.0114108 0.0172306 0.0114552 0.129681 0.0105749 0.0249678 0.0442622 0.0088599 0.0396932 0.00948954 0.00864023 0.015918 0.00986803 0.0121932 0.0262661 0.00883536 0.0148242 0.0207095 0.0393651 0.0227285 0.021137 0.011077 0.0102887 0.00862757 0.00936986 0.0134744 0.0157748 0.0113638 0.0313867 0.010196 0.0244908 0.00916224 0.0245336 0.00853278 0.00849001 0.00858158 0.00867206 0.0116088 0.00846458 0.01199 0.00838919 0.00922966 0.00869129 0.00848349 0.00891105 0.00882653 0.00886918 0.00858148 0.00902731 0.00844526 0.00873653 0.00854046 0.00838163 0.0082456 0.0093259 0.00845262 0.0123831 0.00833336 
0.00392302 0.00364152 0 0.00363638 0.00368997 0.00373374 0.0709735 0.00773891 0.0152814 0.00666485 0.0396367 0.00766351 0.053057 0.00871216 0.0849757 0.0106559 0.135241 0.00901848 0.0111329 0.00935569 0.0777978 0.00921212 0.0834426 0.0146176 0.0346473 0.00936457 0.0250917 0.0111192 0.15 0.0226896 0.0127018 0.124879 0.00902647 0.00942448 0.0171759 0.00886239 0.0236866 0.0353938 0.00943302 0.0100187 0.0126085 0.0310936 0.0385324 0.0691201 0.0267348 0.0164043 0.0090919 0.0096567 0.0107995 0.012992 0.0158197 0.0522062 0.0129356 0.0537216 0.0120028 0.0653233 0.00872836 0.0127307 0.00842976 0.00852948 0.0100529 0.00915056 0.0169094 0.00861231 0.0120809 0.00881656 0.00941467 0.00951666 0.00926815 0.0101119 0.00885768 0.00880531 0.00810722 0.00833837 0.00871777 0.00899293 0.00861558 0.00901762 0.00859658 0.0117159 0.00866464 0.0140331 
0.00376577 0.00453908 0.00363638 0 0.00365227 0.00781851 0.00535657 0.0147022 0.00387253 0.0211546 0.00707815 0.0426917 0.00747252 0.0588228 0.00828654 0.159575 0.00819451 0.012007 0.0121795 0.0219973 0.00935717 0.0382668 0.0115391 0.0362916 0.0106276 0.0165962 0.0121797 0.0723909 0.0103712 0.0167907 0.0432778 0.00915181 0.0216954 0.00911762 0.00952297 0.0183974 0.0111304 0.0106358 0.0226108 0.00870874 0.0120073 0.0161845 0.0290988 0.0255321 0.0225479 0.0122041 0.00908064 0.00883658 0.00987997 0.0133716 0.0154837 0.011768 0.0272389 0.0103196 0.026103 0.00903404 0.0184878 0.00833405 0.0089471 0.00905749 0.00864128 0.0106463 0.00859533 0.0106139 0.00856659 0.00883607 0.00875654 0.00856874 0.00927752 0.00874573 0.00885754 0.00848202 0.00928461 0.00845555 0.00868911 0.00841577 0.00836735 0.00827252 0.00960682 0.00857317 0.00987033 0.00852638 
0.0121382 0.00365457 0.00368997 0.00365227 0 0.0114145 0.0155513 0.00359099 0.00374963 0.00690978 0.0341142 0.0070632 0.0270793 0.00747445 0.108274 0.00795207 0.0168108 0.00832233 0.0158378 0.00953694 0.0189326 0.00873299 0.0206656 0.00991985 0.0151053 0.00956325 0.0340269 0.00931166 0.020362 0.0117724 0.00997826 0.0186012 0.00854492 0.0101281 0.0287646 0.0086204 0.0105022 0.0113002 0.00886553 0.0103874 0.0141776 0.0133931 0.0137705 0.0178216 0.0113645 0.0101796 0.00962779 0.0118513 0.0108554 0.0100744 0.00974461 0.0169535 0.00949473 0.0167093 0.00927831 0.0147962 0.00849631 0.0138771 0.0096614 0.00826061 0.00889893 0.00844351 0.011854 0.0083787 0.00885995 0.00837473 0.00849837 0.00850249 0.00851185 0.00888279 0.00839899 0.00883508 0.00830641 0.00877862 0.0082917 0.00855198 0.00861735 0.00979988 0.00827959 0.00933871 0.00824486 0.0118824 
0.00412963 0.00441497 0.00373374 0.00781851 0.0114145 0 0.00364772 0.00374788 0.00373934 0.0172518 0.0064097 0.111091 0.0112583 0.0767797 0.00699454 0.0136764 0.0071133 0.0193152 0.0122407 0.0168834 0.00822687 0.0254376 0.00888375 0.0154523 0.00877103 0.0244351 0.0119626 0.0192357 0.00921062 0.0126118 0.0170163 0.0088905 0.0121868 0.0114431 0.00898704 0.00996239 0.00916886 0.00941443 0.0111922 0.0100447 0.012004 0.00997329 0.0141146 0.0123981 0.0112335 0.00905528 0.0105052 0.00978704 0.00923938 0.00914332 0.0102768 0.00941831 0.0132403 0.00883556 0.0141256 0.00862599 0.0128413 0.00891459 0.00884358 0.00828975 0.0085496 0.010127 0.00837662 0.0105349 0.00828578 0.00877505 0.00839497 0.00825585 0.00850488 0.00831683 0.00835608 0.00860996 0.0113237 0.00870567 0.00834968 0.00829699 0.0084127 0.00827394 0.00842935 0.00825948 0.0103516 0.008338 
0.0095583 0.00418707 0.0709735 0.00535657 0.0155513 0.00364772 0 0.00359516 0.00364256 0.00422976 0.0693906 0.00825201 0.0624239 0.00624616 0.0139341 0.00665794 0.037695 0.00755222 0.00984241 0.00811584 0.0596434 0.00836072 0.0210882 0.00895019 0.0308218 0.00878834 0.0187666 0.00938289 0.0488669 0.0102752 0.00939503 0.0227122 0.00856236 0.0092724 0.0157257 0.00850027 0.0111644 0.0135073 0.00892953 0.0105729 0.0109319 0.017776 0.0117522 0.0176901 0.0104139 0.0121685 0.00876339 0.0102779 0.00905541 0.00976549 0.00921127 0.0166068 0.00882696 0.0200764 0.00862192 0.0181385 0.00846954 0.0145944 0.00829946 0.00829725 0.00887984 0.0082942 0.0127682 0.00817486 0.0103129 0.00826181 0.00861208 0.00850809 0.00839889 0.00873442 0.00832302 0.00853771 0.00813641 0.00826729 0.00826259 0.00873541 0.00822324 0.00864497 0.00820235 0.00921361 0.00827304 0.0119491 
0.00499088 0.0541875 0.00773891 0.0147022 0.00359099 0.00374788 0.00359516 0 0.00355366 0.0597649 0.00612366 0.0320898 0.00539631 0.0071477 0.00595247 0.0287499 0.00657497 0.00809222 0.00908945 0.0172324 0.00833196 0.0176723 0.0089297 0.0233952 0.00884777 0.015407 0.00965078 0.0379976 0.00931987 0.0101492 0.0207235 0.008744 0.0132189 0.00866902 0.00892702 0.0138253 0.00912704 0.00905393 0.0153558 0.00847731 0.0105823 0.0113103 0.0181572 0.0118474 0.012389 0.0101617 0.00927718 0.00848473 0.00883032 0.0100984 0.0120209 0.00921743 0.0168569 0.00893002 0.0150482 0.0085458 0.0151762 0.00835549 0.00865525 0.00863722 0.00843196 0.0110777 0.00833413 0.0102589 0.00832386 0.00875024 0.00852585 0.00830017 0.00864574 0.00841324 0.00862431 0.00837044 0.0094016 0.0083581 0.0085383 0.00833266 0.00815396 0.00820146 0.00875471 0.00840671 0.0102193 0.00822504 
0.130847 0.00593328 0.0152814 0.00387253 0.00374963 0.00373934 0.00364256 0.00355366 0 0.0352476 0.0384248 0.00392952 0.0054775 0.00476462 0.0106031 0.00574688 0.00845498 0.00708369 0.0290217 0.00924935 0.0125557 0.00847146 0.0121777 0.00926287 0.0148953 0.0102853 0.0603441 0.00957846 0.0123704 0.00926165 0.00911916 0.0128196 0.00845108 0.00993307 0.0491091 0.00905441 0.00912222 0.0098633 0.00870868 0.010835 0.0177119 0.0123025 0.00982683 0.0107981 0.00976559 0.00995197 0.00985429 0.0159484 0.0143842 0.0116451 0.00916218 0.0118356 0.00889006 0.0111465 0.00883509 0.0100754 0.00845095 0.0122937 0.0107965 0.00862151 0.00845248 0.00848263 0.00925815 0.00831153 0.00844302 0.00823889 0.00834969 0.00824659 0.00836967 0.00855088 0.00842657 0.00885147 0.00891902 0.00887879 0.00835269 0.0084803 0.00841665 0.00920652 0.00863839 0.00877462 0.00831948 0.0103195 
0.010148 0.0257162 0.00666485 0.0211546 0.00690978 0.0172518 0.00422976 0.0597649 0.0352476 0 0.0036719 0.00404828 0.00359069 0.00438204 0.00362554 0.0055907 0.00410245 0.0118679 0.0121013 0.0173796 0.00695157 0.0119765 0.00808285 0.014914 0.00989586 0.0484451 0.0146147 0.0224761 0.00894136 0.0109255 0.0170054 0.00887936 0.0119568 0.0148312 0.00891017 0.00954481 0.00951323 0.00938619 0.0159999 0.013277 0.0180182 0.00974288 0.0116898 0.0100443 0.0109654 0.00986403 0.0142892 0.0118094 0.0114939 0.00861561 0.00936567 0.00865214 0.010907 0.00852727 0.0129322 0.00852517 0.0219608 0.0109385 0.00958881 0.00828902 0.00854164 0.010096 0.00843455 0.0109331 0.00833166 0.00906692 0.00839671 0.00824203 0.00840709 0.00819056 0.0085609 0.0102261 0.012988 0.00872779 0.00835106 0.00855358 0.00838816 0.008206 0.00845698 0.00815962 0.0113512 0.00876148 
0.0497509 0.00758835 0.0396367 0.00707815 0.0341142 0.0064097 0.0693906 0.00612366 0.0384248 0.0036719 0 0.00358756 0.00381564 0.00358015 0.00421667 0.00373994 0.015681 0.00409626 0.00834576 0.00708921 0.0377402 0.00780804 0.022583 0.00908512 0.0768506 0.0103805 0.0297015 0.010631 0.0481649 0.0184423 0.00986476 0.0327099 0.00894434 0.0111895 0.0220202 0.00858612 0.0137595 0.0173968 0.010927 0.0150078 0.0176199 0.0393004 0.0163652 0.0335486 0.0116585 0.0208385 0.00955414 0.0136842 0.0115592 0.0122214 0.00959198 0.026553 0.00942247 0.0335413 0.0090412 0.0571568 0.00885542 0.0240522 0.00926054 0.00891344 0.0100367 0.00865276 0.0194724 0.00824273 0.0143977 0.00876773 0.00937936 0.0093293 0.00866791 0.00950436 0.00867866 0.00921825 0.00831516 0.00887108 0.00901374 0.00944917 0.00854325 0.00984216 0.00840819 0.0110857 0.00851027 0.0163792 
0.00976957 0.0497917 0.00766351 0.0426917 0.0070632 0.111091 0.00825201 0.0320898 0.00392952 0.00404828 0.00358756 0 0.00356773 0.00365512 0.00361779 0.00416739 0.00358992 0.00381872 0.00732446 0.0212285 0.00693028 0.0435813 0.00858491 0.0550985 0.00920509 0.0406825 0.00996096 0.0566685 0.0109222 0.0243205 0.0451816 0.00904844 0.0175255 0.00888919 0.00890777 0.0163058 0.0117438 0.0123229 0.0185229 0.00883002 0.0133367 0.0144502 0.0859229 0.0257145 0.049329 0.0101163 0.00975623 0.00851911 0.00974277 0.0138434 0.0291627 0.0124692 0.0779941 0.0109452 0.127071 0.00943876 0.0300523 0.0083635 0.00895483 0.0089791 0.00967232 0.0213765 0.00867183 0.0239838 0.00881277 0.0126251 0.00932533 0.00903882 0.0106951 0.0100134 0.00942174 0.00850189 0.00937907 0.00871008 0.00918658 0.00885255 0.00853975 0.00860469 0.0100736 0.00867014 0.0144847 0.00851643 
0.0593861 0.00804582 0.053057 0.00747252 0.0270793 0.0112583 0.0624239 0.00539631 0.0054775 0.00359069 0.00381564 0.00356773 0 0.00355215 0.00364123 0.00361495 0.00365306 0.0035827 0.00658173 0.00655174 0.0270629 0.00719078 0.0626672 0.0111451 0.0557332 0.00895735 0.018333 0.00974376 0.0572184 0.0150562 0.01104 0.0542718 0.00856134 0.00901625 0.0140975 0.00883343 0.0191438 0.0241716 0.00954393 0.00955382 0.0131011 0.0373903 0.0319469 0.137394 0.0183727 0.0193565 0.00887099 0.00898609 0.0109787 0.0134226 0.0136846 0.0786974 0.0134136 0.165406 0.0114235 0.0514716 0.00875645 0.01137 0.00838047 0.00846014 0.0106536 0.00912218 0.0233545 0.00851637 0.013084 0.00861448 0.00926536 0.00978189 0.00946866 0.0103285 0.00866188 0.00862441 0.00807711 0.00827926 0.00856095 0.00895742 0.00858093 0.00906596 0.00855035 0.0112321 0.00855868 0.0126267 
0.00959169 0.0439627 0.00871216 0.0588228 0.00747445 0.0767797 0.00624616 0.0071477 0.00476462 0.00438204 0.00358015 0.00365512 0.00355215 0 0.00355144 0.00361582 0.00357476 0.00360583 0.0067502 0.0113238 0.0062218 0.0345694 0.00954372 0.0536617 0.0094213 0.0117092 0.00976619 0.0254912 0.0112046 0.0186262 0.0313639 0.00874961 0.0135004 0.00866178 0.00894428 0.0150629 0.0107112 0.0121954 0.0135966 0.00870955 0.0121218 0.0150934 0.0750721 0.0276968 0.0452497 0.00988558 0.00908489 0.00854963 0.0104342 0.0125453 0.0237635 0.0128287 0.106571 0.0119356 0.0419592 0.00973167 0.0135404 0.00844395 0.00855333 0.00904085 0.00907421 0.0163284 0.00884988 0.0141266 0.00859771 0.0095361 0.00910179 0.00892567 0.00955158 0.00908078 0.00871411 0.00842022 0.00867393 0.0083731 0.00861042 0.00848121 0.00835336 0.00835878 0.0096601 0.00845237 0.0100582 0.00856075 
0.0752474 0.00899058 0.0849757 0.00828654 0.108274 0.00699454 0.0139341 0.00595247 0.0106031 0.00362554 0.00421667 0.00361779 0.00364123 0.00355144 0 0.00357139 0.00369067 0.0035673 0.00600774 0.00641527 0.0587544 0.00743396 0.0923638 0.0117048 0.0213841 0.00838283 0.0160819 0.0101948 0.0416386 0.0137272 0.0109959 0.0500245 0.00846962 0.0102348 0.0160387 0.00890226 0.0193153 0.0214731 0.00992575 0.0105044 0.013079 0.0420836 0.0311101 0.114174 0.0185155 0.017866 0.00963051 0.0096668 0.00980104 0.0162869 0.0167526 0.136982 0.0137987 0.0871811 0.0118739 0.0547595 0.00889988 0.0149524 0.00877668 0.0086113 0.0120515 0.0101612 0.0298329 0.00874327 0.0158894 0.00927767 0.0100231 0.0109474 0.00980293 0.0117744 0.0094046 0.00878996 0.00818225 0.0083645 0.00862766 0.0089969 0.00900055 0.00942344 0.00881112 0.0128509 0.00867444 0.0141153 
0.00997674 0.101327 0.0106559 0.159575 0.00795207 0.0136764 0.00665794 0.0287499 0.00574688 0.0055907 0.00373994 0.00416739 0.00361495 0.00361582 0.00357139 0 0.00356109 0.0036822 0.00700594 0.0550862 0.00659349 0.0649784 0.0107392 0.0251168 0.00838648 0.0130637 0.0089823 0.0356631 0.00962186 0.0147036 0.0378778 0.00872611 0.017086 0.00883789 0.00879356 0.0163237 0.0118741 0.0111296 0.017139 0.00877976 0.0133168 0.0121893 0.0690193 0.0218485 0.0353172 0.0105856 0.00982521 0.00853238 0.00947428 0.0114448 0.0369483 0.0121655 0.0604906 0.0105518 0.0461718 0.00929444 0.0210488 0.00855113 0.00872945 0.0090436 0.00924672 0.0167045 0.00875989 0.0176919 0.00864353 0.010667 0.00922602 0.00880929 0.00949648 0.00930695 0.00939291 0.00845132 0.00935696 0.00855434 0.00900783 0.00863833 0.00831496 0.00847379 0.00955365 0.00848778 0.0137642 0.00856596 
0.079738 0.01268 0.135241 0.00819451 0.0168108 0.0071133 0.037695 0.00657497 0.00845498 0.00410245 0.015681 0.00358992 0.00365306 0.00357476 0.00369067 0.00356109 0 0.00358679 0.0206075 0.011862 0.080885 0.00741213 0.0133554 0.00780186 0.0155177 0.00751995 0.021294 0.00988425 0.0249417 0.00979665 0.00949004 0.02667 0.00838173 0.00911604 0.0227559 0.00879723 0.0104004 0.0127678 0.00896037 0.0100693 0.010824 0.0212767 0.0115754 0.0218753 0.0107314 0.0157515 0.00899303 0.0108269 0.00960464 0.0218006 0.00965573 0.020414 0.00887214 0.0184699 0.00881791 0.0180823 0.00851259 0.0142049 0.00860857 0.0086129 0.00880828 0.00848615 0.0123171 0.00827545 0.00959676 0.00833844 0.00862474 0.0084768 0.00843923 0.00883677 0.00875117 0.00856852 0.00815948 0.00843195 0.00841059 0.00935408 0.00834141 0.00843636 0.00843097 0.00944133 0.00831195 0.0120124 
0.031452 0.0585804 0.00901848 0.012007 0.00832233 0.0193152 0.00755222 0.00809222 0.00708369 0.0118679 0.00409626 0.00381872 0.0035827 0.00360583 0.0035673 0.0036822 0.00358679 0 0.0433233 0.0283487 0.00634055 0.0244524 0.00815399 0.00974758 0.00734806 0.0132301 0.0146125 0.0122245 0.00890999 0.00919003 0.0112427 0.00861549 0.00878754 0.00916894 0.0130078 0.00956567 0.00929364 0.00916887 0.00990443 0.00889935 0.0146046 0.009701 0.010909 0.00984492 0.0106288 0.0095014 0.0105383 0.0108655 0.014744 0.00949524 0.0106293 0.00913792 0.0110276 0.00896664 0.00966499 0.00879119 0.00921091 0.00892604 0.00939868 0.00854164 0.00833891 0.00854329 0.00843351 0.00876551 0.00827975 0.00824913 0.0081923 0.00819666 0.00836894 0.00839044 0.00847722 0.00872562 0.00926256 0.00844586 0.00824042 0.00819416 0.00825716 0.00862299 0.00859479 0.00819645 0.0085757 0.00844559 
0.054368 0.0118675 0.0111329 0.0121795 0.0158378 0.0122407 0.00984241 0.00908945 0.0290217 0.0121013 0.00834576 0.00732446 0.00658173 0.0067502 0.00600774 0.00700594 0.0206075 0.0433233 0 0.0039394 0.00367558 0.00375718 0.00361571 0.00398388 0.00505661 0.00694742 0.0131843 0.00839886 0.00838435 0.00812458 0.00865368 0.00988454 0.00834267 0.0241319 0.0133034 0.00892107 0.00940619 0.00924516 0.0112601 0.0185717 0.0197118 0.011738 0.00962856 0.0146818 0.0101431 0.0105325 0.0166168 0.0828937 0.0118268 0.00947601 0.00895958 0.00968042 0.00942533 0.00962085 0.00934548 0.00978117 0.0164236 0.019525 0.0100624 0.00824446 0.00831882 0.00839829 0.00865857 0.00850115 0.00831152 0.00825917 0.00824045 0.00818058 0.00822842 0.00830034 0.0086105 0.0118388 0.0137533 0.00929814 0.0082645 0.00854415 0.00881471 0.00871707 0.00820506 0.00826648 0.00882034 0.0136128 
0.012116 0.0200771 0.00935569 0.0219973 0.00953694 0.0168834 0.00811584 0.0172324 0.00924935 0.0173796 0.00708921 0.0212285 0.00655174 0.0113238 0.00641527 0.0550862 0.011862 0.0283487 0.0039394 0 0.00352866 0.00359386 0.00357207 0.00369146 0.00369269 0.00563084 0.00681825 0.00821789 0.00727838 0.00788294 0.0115973 0.00897252 0.0457255 0.0386874 0.0089128 0.00971773 0.00919772 0.00948946 0.0119352 0.010011 0.0161305 0.010574 0.018985 0.0148299 0.0160182 0.00990041 0.0209636 0.0091041 0.0104882 0.0100529 0.0134503 0.0108188 0.0183629 0.00996605 0.0224346 0.00919996 0.0178482 0.00903199 0.00875788 0.00825084 0.00864224 0.0103861 0.00856383 0.0108843 0.00841311 0.00919121 0.0088601 0.00853294 0.00893381 0.00886911 0.00869401 0.00933562 0.0109462 0.00850881 0.00841185 0.00834156 0.00895109 0.00833167 0.00882767 0.00839243 0.0111407 0.00868004 
0.0602419 0.00996674 0.0777978 0.00935717 0.0189326 0.00822687 0.0596434 0.00833196 0.0125557 0.00695157 0.0377402 0.00693028 0.0270629 0.0062218 0.0587544 0.00659349 0.080885 0.00634055 0.00367558 0.00352866 0 0.00353658 0.00354667 0.0035691 0.00364297 0.00357136 0.0100097 0.00668197 0.0108298 0.00769115 0.0113768 0.105936 0.0135351 0.00951174 0.0146841 0.00844138 0.0106249 0.0144653 0.00946817 0.0105468 0.0126763 0.053072 0.0142821 0.0349111 0.0119731 0.0369425 0.00934952 0.0107643 0.0109855 0.0150179 0.0108878 0.0319555 0.0105217 0.0479797 0.00977157 0.0385364 0.00884253 0.0158382 0.0084432 0.00865311 0.00923082 0.00865013 0.0156927 0.00845133 0.0110555 0.00854042 0.00899269 0.00891174 0.00868084 0.00993143 0.00907651 0.00884867 0.00814002 0.00840548 0.0085053 0.0089599 0.00831905 0.00867103 0.00849904 0.0112285 0.00844332 0.0120585 
0.00962689 0.0950317 0.00921212 0.0382668 0.00873299 0.0254376 0.00836072 0.0176723 0.00847146 0.0119765 0.00780804 0.0435813 0.00719078 0.0345694 0.00743396 0.0649784 0.00741213 0.0244524 0.00375718 0.00359386 0.00353658 0 0.00354841 0.00356229 0.00356262 0.00367418 0.0056214 0.0163969 0.00771102 0.0209776 0.0803531 0.0109184 0.0206783 0.00835935 0.00807888 0.012246 0.0102959 0.0110735 0.0147105 0.00885194 0.0106416 0.0125288 0.0778915 0.023671 0.0910448 0.011231 0.00968987 0.00855144 0.00970323 0.0144026 0.0299524 0.0140918 0.07362 0.0120506 0.064015 0.00999574 0.0221418 0.00865166 0.0084039 0.00860487 0.00941242 0.0185531 0.00898336 0.0196715 0.00887693 0.0107594 0.00988399 0.00912294 0.0116323 0.0106063 0.0093749 0.00857736 0.00833336 0.00825878 0.00881007 0.00852856 0.00860189 0.00854132 0.00997589 0.00872009 0.014719 0.0086566 
0.0462469 0.012218 0.0834426 0.0115391 0.0206656 0.00888375 0.0210882 0.0089297 0.0121777 0.00808285 0.022583 0.00858491 0.0626672 0.00954372 0.0923638 0.0107392 0.0133554 0.00815399 0.00361571 0.00357207 0.00354667 0.00354841 0 0.00355002 0.00356154 0.00365406 0.0104069 0.00922991 0.0707078 0.0681393 0.0373678 0.0462624 0.00810732 0.00767621 0.0103966 0.00894614 0.0195222 0.0234903 0.0109319 0.00999203 0.0129302 0.0400279 0.0395314 0.232223 0.0286377 0.0210003 0.00951315 0.00903301 0.011531 0.0259525 0.0259105 0.100498 0.0194884 0.101296 0.0174144 0.053204 0.0100954 0.0103014 0.00852927 0.00957317 0.0150679 0.0123385 0.0268202 0.00999105 0.0157437 0.0109457 0.0110469 0.0132705 0.0120846 0.0149923 0.0103986 0.00891004 0.00819617 0.00866754 0.0090456 0.00950719 0.00900873 0.0102301 0.00949932 0.0148331 0.00926461 0.0119557 
0.0134064 0.0373186 0.0146176 0.0362916 0.00991985 0.0154523 0.00895019 0.0233952 0.00926287 0.014914 0.00908512 0.0550985 0.0111451 0.0536617 0.0117048 0.0251168 0.00780186 0.00974758 0.00398388 0.00369146 0.0035691 0.00356229 0.00355002 0 0.0035725 0.0035865 0.00580391 0.0451951 0.051573 0.0455626 0.0350915 0.00780568 0.0117459 0.00750388 0.00904824 0.0129192 0.0118171 0.0140445 0.0156191 0.00919708 0.0127773 0.017651 0.134842 0.0400757 0.057046 0.0123555 0.0123435 0.00884968 0.0114232 0.0166224 0.0510272 0.022437 0.0729384 0.0194289 0.0545119 0.0133018 0.0184622 0.00931768 0.00859945 0.00937489 0.0106866 0.0213186 0.0102034 0.0189208 0.0101454 0.0110041 0.0119794 0.0101555 0.0137951 0.0123892 0.0101631 0.00922176 0.0085726 0.0084217 0.00929785 0.00902418 0.00903753 0.00886782 0.0102547 0.00988667 0.0112085 0.00931021 
0.0301273 0.0114108 0.0346473 0.0106276 0.0151053 0.00877103 0.0308218 0.00884777 0.0148953 0.00989586 0.0768506 0.00920509 0.0557332 0.0094213 0.0213841 0.00838648 0.0155177 0.00734806 0.00505661 0.00369269 0.00364297 0.00356262 0.00356154 0.0035725 0 0.00359271 0.0341447 0.038935 0.0868728 0.00832407 0.00830529 0.0114286 0.00700465 0.00798794 0.0115898 0.00904472 0.0117079 0.0136502 0.0102404 0.00985899 0.0111751 0.0543444 0.0155308 0.0318658 0.01314 0.0305253 0.0104847 0.0108931 0.00996867 0.0239346 0.011983 0.0335292 0.010888 0.0273504 0.0100978 0.0213685 0.009367 0.0123763 0.00897997 0.0093124 0.00946791 0.00891809 0.0126471 0.00870034 0.00981369 0.00867085 0.00885983 0.00915686 0.00899204 0.0101824 0.00985907 0.00918394 0.00824613 0.00864511 0.00876938 0.00937883 0.00862252 0.00884607 0.00879927 0.00971972 0.00869241 0.0118188 
0.0176519 0.0172306 0.00936457 0.0165962 0.00956325 0.0244351 0.00878834 0.015407 0.0102853 0.0484451 0.0103805 0.0406825 0.00895735 0.0117092 0.00838283 0.0130637 0.00751995 0.0132301 0.00694742 0.00563084 0.00357136 0.00367418 0.00365406 0.0035865 0.00359271 0 0.0686905 0.0346982 0.00489232 0.00818518 0.00818855 0.00608296 0.00681945 0.010906 0.0122055 0.0107895 0.00961688 0.00941008 0.012446 0.00943458 0.037361 0.0100327 0.0119263 0.0103692 0.0129002 0.00979535 0.0201959 0.0151619 0.0154967 0.0108187 0.0160277 0.0102084 0.0130136 0.00957411 0.0122891 0.00905622 0.0124874 0.00910273 0.011822 0.00943338 0.00893826 0.00946245 0.0087133 0.0100899 0.00842479 0.00882483 0.008621 0.00862404 0.00871358 0.00895608 0.00891723 0.00945104 0.0111218 0.0096161 0.00865769 0.00856843 0.00847711 0.00924437 0.00962915 0.00856757 0.00999284 0.0086085 
0.0601035 0.0114552 0.0250917 0.0121797 0.0340269 0.0119626 0.0187666 0.00965078 0.0603441 0.0146147 0.0297015 0.00996096 0.018333 0.00976619 0.0160819 0.0089823 0.021294 0.0146125 0.0131843 0.00681825 0.0100097 0.0056214 0.0104069 0.00580391 0.0341447 0.0686905 0 0.00361554 0.00364299 0.00358993 0.00367648 0.0040155 0.00371404 0.00849655 0.0120005 0.00790294 0.0121199 0.0133039 0.0132022 0.0337916 0.029135 0.0228453 0.0128942 0.0189589 0.0115801 0.0172037 0.0201017 0.0250688 0.020846 0.0129083 0.0111352 0.0154746 0.0112737 0.016012 0.0103239 0.0168247 0.010914 0.0484028 0.00945213 0.00867441 0.00912429 0.00899353 0.0109592 0.0087777 0.00922322 0.00870169 0.00867966 0.00862692 0.00865548 0.00892465 0.00922671 0.0151578 0.0109961 0.00926461 0.00864366 0.00940059 0.00989838 0.00889306 0.00847131 0.00952169 0.0091376 0.016633 
0.0141989 0.129681 0.0111192 0.0723909 0.00931166 0.0192357 0.00938289 0.0379976 0.00957846 0.0224761 0.010631 0.0566685 0.00974376 0.0254912 0.0101948 0.0356631 0.00988425 0.0122245 0.00839886 0.00821789 0.00668197 0.0163969 0.00922991 0.0451951 0.038935 0.0346982 0.00361554 0 0.00358325 0.00356219 0.00354749 0.00356366 0.0040978 0.00394 0.00809189 0.0171553 0.0101103 0.0140356 0.0326085 0.00991815 0.0251814 0.0336568 0.0449871 0.0244917 0.0316825 0.0155582 0.0137539 0.0106856 0.0139668 0.0281888 0.0220393 0.0163692 0.0521106 0.0135872 0.0503295 0.0115179 0.0443045 0.00972049 0.0103243 0.00971549 0.00977273 0.0178321 0.0094955 0.0176568 0.00942008 0.0106957 0.00974489 0.00933984 0.010734 0.0106851 0.0114857 0.00968216 0.00965199 0.00887374 0.00984265 0.00961113 0.00882525 0.00861971 0.0123125 0.0090818 0.0220109 0.00934292 
0.0401375 0.0105749 0.15 0.0103712 0.020362 0.00921062 0.0488669 0.00931987 0.0123704 0.00894136 0.0481649 0.0109222 0.0572184 0.0112046 0.0416386 0.00962186 0.0249417 0.00890999 0.00838435 0.00727838 0.0108298 0.00771102 0.0707078 0.051573 0.0868728 0.00489232 0.00364299 0.00358325 0 0.00356372 0.00358123 0.00357942 0.00359309 0.00359947 0.0125992 0.00801598 0.0228481 0.0302012 0.0105275 0.0228721 0.0143628 0.0313419 0.0287465 0.0719804 0.024696 0.0220854 0.0100731 0.0102805 0.0131101 0.0176323 0.0256575 0.0642488 0.0167237 0.0728979 0.0135911 0.0880327 0.00999303 0.0137124 0.00891712 0.00905601 0.0139481 0.0105145 0.0295427 0.00950654 0.0160231 0.00951058 0.0114672 0.0116592 0.0107067 0.0145812 0.0102096 0.00939295 0.00826856 0.00869004 0.00933085 0.00953505 0.00909283 0.0101072 0.00901632 0.0208897 0.00926002 0.0141834 
0.0136073 0.0249678 0.0226896 0.0167907 0.0117724 0.0126118 0.0102752 0.0101492 0.00926165 0.0109255 0.0184423 0.0243205 0.0150562 0.0186262 0.0137272 0.0147036 0.00979665 0.00919003 0.00812458 0.00788294 0.00769115 0.0209776 0.0681393 0.0455626 0.00832407 0.00818518 0.00358993 0.00356219 0.00356372 0 0.003559 0.00359502 0.00355808 0.00360138 0.00718458 0.00847933 0.0139252 0.0124636 0.0227406 0.0118956 0.0112703 0.018396 0.0596694 0.0368253 0.0378663 0.0118695 0.0105112 0.00884388 0.0106142 0.0189754 0.0279374 0.036943 0.0420912 0.0306932 0.0436312 0.0212418 0.0114267 0.00949572 0.00876347 0.00918677 0.0108925 0.0161812 0.0115712 0.0148113 0.0111967 0.0129218 0.0108208 0.0126547 0.0137825 0.0152136 0.00984446 0.00911063 0.00838556 0.00872217 0.00884043 0.00908945 0.00902984 0.00914547 0.0102305 0.0110427 0.00987074 0.012474 
0.0131125 0.0442622 0.0127018 0.0432778 0.00997826 0.0170163 0.00939503 0.0207235 0.00911916 0.0170054 0.00986476 0.0451816 0.01104 0.0313639 0.0109959 0.0378778 0.00949004 0.0112427 0.00865368 0.0115973 0.0113768 0.0803531 0.0373678 0.0350915 0.00830529 0.00818855 0.00367648 0.00354749 0.00358123 0.003559 0 0.00356792 0.00357725 0.00355243 0.00703973 0.0157353 0.010876 0.0282038 0.0260588 0.0100409 0.01178 0.0164456 0.0363226 0.0539222 0.0244365 0.0137825 0.0101021 0.00911696 0.0108476 0.0189776 0.0346375 0.0219301 0.0687706 0.0193726 0.0622011 0.0123854 0.0216121 0.00901553 0.00953126 0.00918331 0.0118096 0.0177621 0.0105297 0.0234271 0.00995027 0.0117131 0.0115906 0.0107476 0.0142474 0.0115979 0.0103818 0.00897542 0.00934136 0.00860127 0.00933894 0.00948644 0.0088139 0.00919651 0.0110388 0.00924455 0.0183974 0.00905997 
0.0308413 0.0088599 0.124879 0.00915181 0.0186012 0.0088905 0.0227122 0.008744 0.0128196 0.00887936 0.0327099 0.00904844 0.0542718 0.00874961 0.0500245 0.00872611 0.02667 0.00861549 0.00988454 0.00897252 0.105936 0.0109184 0.0462624 0.00780568 0.0114286 0.00608296 0.0040155 0.00356366 0.00357942 0.00359502 0.00356792 0 0.00354563 0.00355763 0.0108145 0.00710501 0.0431124 0.0818838 0.00932184 0.00937487 0.0113014 0.0185166 0.0296053 0.0252366 0.0158674 0.0126949 0.00951881 0.0116914 0.0112165 0.0122325 0.0140475 0.0505308 0.0116293 0.0753755 0.01052 0.0469791 0.00904253 0.0238146 0.00878641 0.00876989 0.0114501 0.00941212 0.0293009 0.00884421 0.0137678 0.00898141 0.0102964 0.0101997 0.00913338 0.0111973 0.00885749 0.00894864 0.00815004 0.00859211 0.00864252 0.0093877 0.00877643 0.00919959 0.00842348 0.0155645 0.00848236 0.0161104 
0.00876531 0.0396932 0.00902647 0.0216954 0.00854492 0.0121868 0.00856236 0.0132189 0.00845108 0.0119568 0.00894434 0.0175255 0.00856134 0.0135004 0.00846962 0.017086 0.00838173 0.00878754 0.00834267 0.0457255 0.0135351 0.0206783 0.00810732 0.0117459 0.00700465 0.00681945 0.00371404 0.0040978 0.00359309 0.00355808 0.00357725 0.00354563 0 0.00358006 0.00562918 0.0241671 0.0115301 0.00871815 0.0120295 0.00772132 0.00900826 0.0141374 0.015195 0.015685 0.0109414 0.0122251 0.0101156 0.00859861 0.00923853 0.012643 0.0125025 0.01057 0.0229319 0.0093441 0.0192224 0.0089776 0.0164329 0.0083792 0.00864151 0.00878292 0.00854749 0.0109612 0.0086414 0.0107028 0.00847134 0.00858842 0.00848208 0.00828797 0.0090604 0.0086137 0.00963371 0.008409 0.00828206 0.00814632 0.00847429 0.00846284 0.00815386 0.00814202 0.00953235 0.00835128 0.0105938 0.00830274 
0.0303103 0.00948954 0.00942448 0.00911762 0.0101281 0.0114431 0.0092724 0.00866902 0.00993307 0.0148312 0.0111895 0.00888919 0.00901625 0.00866178 0.0102348 0.00883789 0.00911604 0.00916894 0.0241319 0.0386874 0.00951174 0.00835935 0.00767621 0.00750388 0.00798794 0.010906 0.00849655 0.00394 0.00359947 0.00360138 0.00355243 0.00355763 0.00358006 0 0.0172743 0.00678097 0.00724389 0.00815046 0.00872598 0.00898663 0.0128635 0.010824 0.00978431 0.00977605 0.0101014 0.0118892 0.0217798 0.0140473 0.0139192 0.0107565 0.00983137 0.0116974 0.00938039 0.0107473 0.00924741 0.00929954 0.00871158 0.0093408 0.0117088 0.00876336 0.00879294 0.00860192 0.0092985 0.00839892 0.00844408 0.00836013 0.00819012 0.00837282 0.00838213 0.0085705 0.00854998 0.00924136 0.00935462 0.0090633 0.0083222 0.00831811 0.00827765 0.00975677 0.00847277 0.00853815 0.00833378 0.0091658 
0.0204698 0.00864023 0.0171759 0.00952297 0.0287646 0.00898704 0.0157257 0.00892702 0.0491091 0.00891017 0.0220202 0.00890777 0.0140975 0.00894428 0.0160387 0.00879356 0.0227559 0.0130078 0.0133034 0.0089128 0.0146841 0.00807888 0.0103966 0.00904824 0.0115898 0.0122055 0.0120005 0.00809189 0.0125992 0.00718458 0.00703973 0.0108145 0.00562918 0.0172743 0 0.00356564 0.00360376 0.00361338 0.00364116 0.0136166 0.00454163 0.00546268 0.00577193 0.0080163 0.0315004 0.644693 0.0433712 0.023295 0.0113365 0.00960108 0.00983566 0.0141829 0.00947749 0.0146937 0.00947688 0.0174314 0.00983727 0.0983845 0.00949508 0.00892624 0.00951015 0.00886702 0.0141058 0.00864237 0.0107268 0.00866746 0.00909704 0.0089813 0.0087822 0.00928316 0.00939241 0.0171855 0.00968025 0.00910277 0.00888483 0.00934854 0.0107165 0.00883967 0.00847378 0.010414 0.00891412 0.0338434 
0.00852076 0.015918 0.00886239 0.0183974 0.0086204 0.00996239 0.00850027 0.0138253 0.00905441 0.00954481 0.00858612 0.0163058 0.00883343 0.0150629 0.00890226 0.0163237 0.00879723 0.00956567 0.00892107 0.00971773 0.00844138 0.012246 0.00894614 0.0129192 0.00904472 0.0107895 0.00790294 0.0171553 0.00801598 0.00847933 0.0157353 0.00710501 0.0241671 0.00678097 0.00356564 0 0.00349063 0.00357805 0.00359957 0.00358004 0.00453442 0.00511613 0.00778507 0.0129922 0.629353 0.0244538 0.00782738 0.00848127 0.00989869 0.0118957 0.0108287 0.0100341 0.0189517 0.00959114 0.0157772 0.00916515 0.0221485 0.0088635 0.0086293 0.00866843 0.00870588 0.0111169 0.00865597 0.0126483 0.00874688 0.00917019 0.00877695 0.00882942 0.00899089 0.00926843 0.0100791 0.00952267 0.00907815 0.00841627 0.00865865 0.00890559 0.00832713 0.0083515 0.00967172 0.00869086 0.0150424 0.00862357 
0.0137687 0.00986803 0.0236866 0.0111304 0.0105022 0.00916886 0.0111644 0.00912704 0.00912222 0.00951323 0.0137595 0.0117438 0.0191438 0.0107112 0.0193153 0.0118741 0.0104004 0.00929364 0.00940619 0.00919772 0.0106249 0.0102959 0.0195222 0.0118171 0.0117079 0.00961688 0.0121199 0.0101103 0.0228481 0.0139252 0.010876 0.0431124 0.0115301 0.00724389 0.00360376 0.00349063 0 0.00356139 0.0035985 0.00356332 0.00440606 0.010642 0.0245963 0.769542 0.0424098 0.00892717 0.00736569 0.0089976 0.0114793 0.0129812 0.0153369 0.0234171 0.0130999 0.022413 0.0132824 0.02127 0.0102757 0.0101435 0.00905117 0.00892061 0.0108526 0.0104273 0.014189 0.0100086 0.0113016 0.00952339 0.00998213 0.00992568 0.0102626 0.0121588 0.00930525 0.00894035 0.0084494 0.00873624 0.00905504 0.00908586 0.00890808 0.00954114 0.00896852 0.0129304 0.00936617 0.0109791 
0.0130776 0.0121932 0.0353938 0.0106358 0.0113002 0.00941443 0.0135073 0.00905393 0.0098633 0.00938619 0.0173968 0.0123229 0.0241716 0.0121954 0.0214731 0.0111296 0.0127678 0.00916887 0.00924516 0.00948946 0.0144653 0.0110735 0.0234903 0.0140445 0.0136502 0.00941008 0.0133039 0.0140356 0.0302012 0.0124636 0.0282038 0.0818838 0.00871815 0.00815046 0.00361338 0.00357805 0.00356139 0 0.00358645 0.00356021 0.00473269 0.0357123 0.732883 0.0694178 0.0127509 0.00855316 0.00765255 0.00971935 0.0109299 0.0127531 0.0245028 0.0257897 0.0187856 0.0267341 0.0163561 0.0266767 0.0100676 0.0134512 0.00922648 0.00937247 0.0118571 0.0111282 0.0169137 0.0103062 0.0130445 0.0100682 0.0106854 0.0104831 0.0112651 0.0131785 0.00949845 0.00949268 0.00843727 0.00883396 0.00991606 0.0095839 0.00933468 0.00912132 0.00972747 0.0130327 0.00954561 0.0125523 
0.0108503 0.0262661 0.00943302 0.0226108 0.00886553 0.0111922 0.00892953 0.0153558 0.00870868 0.0159999 0.010927 0.0185229 0.00954393 0.0135966 0.00992575 0.017139 0.00896037 0.00990443 0.0112601 0.0119352 0.00946817 0.0147105 0.0109319 0.0156191 0.0102404 0.012446 0.0132022 0.0326085 0.0105275 0.0227406 0.0260588 0.00932184 0.0120295 0.00872598 0.00364116 0.00359957 0.0035985 0.00358645 0 0.00356278 0.00754997 0.767229 0.0813644 0.00981473 0.0079288 0.00850329 0.0083125 0.0097207 0.0107987 0.0181274 0.0137121 0.0138096 0.0182618 0.0124048 0.0182721 0.00984212 0.022609 0.00901272 0.0106678 0.0105573 0.00923919 0.0129244 0.0090456 0.0123307 0.0093407 0.00974261 0.00918283 0.00916596 0.00949464 0.00998397 0.0132728 0.00922378 0.00989238 0.00910514 0.00952773 0.010405 0.00858817 0.00876436 0.0124556 0.0088522 0.0156751 0.0091397 
0.0255255 0.00883536 0.0100187 0.00870874 0.0103874 0.0100447 0.0105729 0.00847731 0.010835 0.013277 0.0150078 0.00883002 0.00955382 0.00870955 0.0105044 0.00877976 0.0100693 0.00889935 0.0185717 0.010011 0.0105468 0.00885194 0.00999203 0.00919708 0.00985899 0.00943458 0.0337916 0.00991815 0.0228721 0.0118956 0.0100409 0.00937487 0.00772132 0.00898663 0.0136166 0.00358004 0.00356332 0.00356021 0.00356278 0 0.889829 0.0429341 0.00426093 0.0053458 0.00577027 0.00688256 0.00790767 0.0158615 0.0146446 0.010721 0.00966392 0.0105312 0.00961437 0.0102083 0.00924092 0.0104379 0.00885538 0.0162909 0.0149489 0.00935498 0.00940919 0.00875648 0.0100644 0.00879627 0.0090996 0.00863652 0.00881919 0.00868162 0.00873005 0.00912179 0.00901573 0.0108728 0.0104285 0.0102734 0.00877268 0.00881902 0.00854697 0.0106236 0.00921924 0.00907795 0.00878274 0.0119483 
0.0193908 0.0148242 0.0126085 0.0120073 0.0141776 0.012004 0.0109319 0.0105823 0.0177119 0.0180182 0.0176199 0.0133367 0.0131011 0.0121218 0.013079 0.0133168 0.010824 0.0146046 0.0197118 0.0161305 0.0126763 0.0106416 0.0129302 0.0127773 0.0111751 0.037361 0.029135 0.0251814 0.0143628 0.0112703 0.01178 0.0113014 0.00900826 0.0128635 0.00454163 0.00453442 0.00440606 0.00473269 0.00754997 0.889829 0 0.00406982 0.0036083 0.00366667 0.00367201 0.00389408 0.00489437 0.0262947 0.0249057 0.0155333 0.0116836 0.0141123 0.0206909 0.0157846 0.0138293 0.0173873 0.0186871 0.0321881 0.018556 0.0100105 0.0109151 0.0105018 0.0113616 0.0112492 0.010472 0.0100701 0.00980875 0.00934111 0.00951129 0.00997956 0.0108195 0.0154768 0.0142675 0.0164048 0.0107839 0.0098643 0.0106211 0.0120463 0.0109898 0.0103401 0.0109857 0.0293022 
0.0196948 0.0207095 0.0310936 0.0161845 0.0133931 0.00997329 0.017776 0.0113103 0.0123025 0.00974288 0.0393004 0.0144502 0.0373903 0.0150934 0.0420836 0.0121893 0.0212767 0.009701 0.011738 0.010574 0.053072 0.0125288 0.0400279 0.017651 0.0543444 0.0100327 0.0228453 0.0336568 0.0313419 0.018396 0.0164456 0.0185166 0.0141374 0.010824 0.00546268 0.00511613 0.010642 0.0357123 0.767229 0.0429341 0.00406982 0 0.00359672 0.0035799 0.00364102 0.00363649 0.00385348 0.0120369 0.0225202 0.0332307 0.0223972 0.0272204 0.026236 0.0425122 0.0180574 0.0354261 0.0179161 0.017322 0.0102549 0.01358 0.0129442 0.0128859 0.0188546 0.0110839 0.0159386 0.0108311 0.0117013 0.0122389 0.0125651 0.0157958 0.0163719 0.0113153 0.0097886 0.0110748 0.0159901 0.0131505 0.00946942 0.0120726 0.0152781 0.0166508 0.0161689 0.0170628 
0.0166313 0.0393651 0.0385324 0.0290988 0.0137705 0.0141146 0.0117522 0.0181572 0.00982683 0.0116898 0.0163652 0.0859229 0.0319469 0.0750721 0.0311101 0.0690193 0.0115754 0.010909 0.00962856 0.018985 0.0142821 0.0778915 0.0395314 0.134842 0.0155308 0.0119263 0.0128942 0.0449871 0.0287465 0.0596694 0.0363226 0.0296053 0.015195 0.00978431 0.00577193 0.00778507 0.0245963 0.732883 0.0813644 0.00426093 0.0036083 0.00359672 0 0.00358895 0.00363721 0.0036316 0.00361223 0.00868185 0.0141239 0.0270035 0.0387055 0.0380417 0.0601818 0.0435035 0.0472136 0.0299342 0.0267129 0.0100954 0.0100892 0.0116225 0.0197887 0.0292962 0.0187669 0.0378749 0.0166656 0.0208926 0.021008 0.0189709 0.0268547 0.0311489 0.0182781 0.0105849 0.00916294 0.010224 0.0173658 0.0134836 0.0107176 0.0125137 0.0197353 0.0263989 0.0390982 0.0284045 
0.021873 0.0227285 0.0691201 0.0255321 0.0178216 0.0123981 0.0176901 0.0118474 0.0107981 0.0100443 0.0335486 0.0257145 0.137394 0.0276968 0.114174 0.0218485 0.0218753 0.00984492 0.0146818 0.0148299 0.0349111 0.023671 0.232223 0.0400757 0.0318658 0.0103692 0.0189589 0.0244917 0.0719804 0.0368253 0.0539222 0.0252366 0.015685 0.00977605 0.0080163 0.0129922 0.769542 0.0694178 0.00981473 0.0053458 0.00366667 0.0035799 0.00358895 0 0.00359127 0.00357597 0.00357724 0.0095016 0.0140166 0.025011 0.0532557 0.0802071 0.0517791 0.0622507 0.0450039 0.0481877 0.0156246 0.0138874 0.0101629 0.0114925 0.0219317 0.0207998 0.0408299 0.0176908 0.0363752 0.0156996 0.0207408 0.0231979 0.030711 0.0360325 0.0198642 0.0114904 0.00925993 0.0107455 0.0156364 0.0175404 0.0128154 0.0136145 0.0176245 0.0567791 0.0220947 0.0246575 
0.0174494 0.021137 0.0267348 0.0225479 0.0113645 0.0112335 0.0104139 0.012389 0.00976559 0.0109654 0.0116585 0.049329 0.0183727 0.0452497 0.0185155 0.0353172 0.0107314 0.0106288 0.0101431 0.0160182 0.0119731 0.0910448 0.0286377 0.057046 0.01314 0.0129002 0.0115801 0.0316825 0.024696 0.0378663 0.0244365 0.0158674 0.0109414 0.0101014 0.0315004 0.629353 0.0424098 0.0127509 0.0079288 0.00577027 0.00367201 0.00364102 0.00363721 0.00359127 0 0.00355843 0.00357337 0.00870619 0.010701 0.0294779 0.0394261 0.0359096 0.0423241 0.0348419 0.0316091 0.0250141 0.0189457 0.0106145 0.00993091 0.0110928 0.0161424 0.0238486 0.0152638 0.0252876 0.0141571 0.0177214 0.0142042 0.0176592 0.0217358 0.0253853 0.0151712 0.0107921 0.00931087 0.00972084 0.0133389 0.0129187 0.0108577 0.0112068 0.0170616 0.0209414 0.0174894 0.0176788 
0.01372 0.011077 0.0164043 0.0122041 0.0101796 0.00905528 0.0121685 0.0101617 0.00995197 0.00986403 0.0208385 0.0101163 0.0193565 0.00988558 0.017866 0.0105856 0.0157515 0.0095014 0.0105325 0.00990041 0.0369425 0.011231 0.0210003 0.0123555 0.0305253 0.00979535 0.0172037 0.0155582 0.0220854 0.0118695 0.0137825 0.0126949 0.0122251 0.0118892 0.644693 0.0244538 0.00892717 0.00855316 0.00850329 0.00688256 0.00389408 0.00363649 0.0036316 0.00357597 0.00355843 0 0.00356908 0.014479 0.016773 0.0231824 0.0365 0.02582 0.0215067 0.0212588 0.0126954 0.0212097 0.0154727 0.015068 0.0105592 0.0107846 0.0124025 0.00998962 0.0144997 0.0100218 0.0134752 0.00928111 0.0116463 0.00981793 0.010397 0.0122573 0.0217945 0.0118563 0.00935493 0.00972233 0.0115073 0.0139925 0.0091637 0.0106162 0.0116848 0.0123986 0.0145643 0.01634 
