1AWBA
WQECMDYAVTLARQAGEVVCEAIKNEMNVMLKSSPVDLVTATDQKVEKMLISSIKEKYPSHSFIGEESVAAGEKSILTDNPTWIIDPIDGTTNFVHRFPFVAVSIGFAVNKKIEFGVVYSCVEGKMYTARKGKGAFCNGQKLQVSQQEDITKSLLVTELGSSRTPETVRMVLSNMEKLFCIPVHGIRSVGTAAVNMCLVATGGADAYYEMGIHCWDVAGAGIIVTEAGGVLMDVTGGPFDLMSRRVIAANNRILAERIAKEIQVIPLQRDDE
CHHHHHHHHHHHHHHHHHHHHHCCCCCCCEECCCCCCEECHHHHHHHHHHHHHHHHHCCCCEEEEHHHHHHCCCCCCCCCCEEEEEEEECHHHHHHCCCCCEEEEEEEECCEEEEEEEEECCCCEEEEEECCCEEEECCEECCCCCCCCHHHCEEECCCCCCCCHHHHHHHHHHHHHHHCCCCCEEEECCCHHHHHHHHHHCCCCEEEEECCCHHHHHHHHHHHHHCCCEEECCCCCCCCCCCCEEEEECCHHHHHHHHHHCCCCCCCCCCC
0 0 0 0 0 0 0 0 0 0 0 0 0 0 0 0 0 0 0 0 0 0 0 0 0 0 0 0 0 0 0 0 0 0 0 0 0 0 0 0 0 0 0 0 0 0 0 0 0 0 0 0 0 0 0 0 0 0 0 0 0 0 0 0 0 0 0 0 0 0 0 0 0 0 0 0 0 0 0 0 0 0 0 0 0 0 0 0 0 0 0 0 0 0 0 0 0 0 0 0 0 0 0 0 0 0 0 0 0 0 0 0 0 0 0 0 0 0 0 0 0 0 0 0 0 0 0 0 0 0 0 0 0 0 0 0 0 0 0 0 0 0 0 0 0 0 0 0 0 0 0 0 0 0 0 0 0 0 0 0 0 0 0 0 0 0 0 0 0 0 0 0 0 0 0 0 0 0 0 0 0 0 0 0 0 0 0 0 0 0 0 0 0 0 0 0 0 0 0 0 0 0 0 0 0 0 0 0 0 0 0 0 0 0 0 0 0 0 0 0 0 0 0 0 0 0 0 0 0 0 0 0 0 0 0 0 0 0 0 0 0 0 0 0 0 0 0 0 0 0 0 0 0 0 0 0 0 0 0 0 0 0 0 0 0 0 0 0 0 0 0 0 
0 0 0 0 0 0 0 0 0 0 0 0 0 0 0 0 0 0 0 0 0 0 0 0 0 0 0 0 0 0 0 0 0 0 0 0 0 0 0 0 0 0 0 0 0 0 0 0 0 0 0 0 0 0 0 0 0 0 0 0 0 0 0 0 0 0 0 0 0 0 0 0 0 0 0 0 0 0 0 0 0 0 0 0 0 0 0 0 0 0 0 0 0 0 0 0 0 0 0 0 0 0 0 0 0 0 0 0 0 0 0 0 0 0 0 0 0 0 0 0 0 0 0 0 0 0 0 0 0 0 0 0 0 0 0 0 0 0 0 0 0 0 0 0 0 0 0 0 0 0 0 0 0 0 0 0 0 0 0 0 0 0 0 0 0 0 0 0 0 0 0 0 0 0 0 0 0 0 0 0 0 0 0 0 0 0 0 0 0 0 0 0 0 0 0 0 0 0 0 0 0 0 0 0 0 0 0 0 0 0 0 0 0 0 0 0 0 0 0 0 0 0 0 0 0 0 0 0 0 0 0 0 0 0 0 0 0 0 0 0 0 0 0 0 0 0 0 0 0 0 0 0 0 0 0 0 0 0 0 0 0 0 0 0 0 0 0 0 0 0 0 0 
0 0.00631781 0.00776908 0.643826 0.0140106 0.0102419 0.00946487 0.0115845 0.0103588 0.00949194 0.00918724 0.00870561 0.00865288 0.0085358 0.00917115 0.0110751 0.00903058 0.0085915 0.00850914 0.00840487 0.00858253 0.00827882 0.00886762 0.00897682 0.00943768 0.00849796 0.00870546 0.00825098 0.00846694 0.00827635 0.00852656 0.00867872 0.00903868 0.00858399 0.00826511 0.00812634 0.00820062 0.00838307 0.00880758 0.00861426 0.00819274 0.00837571 0.00840041 0.00847694 0.00885216 0.00846504 0.00842225 0.00850434 0.00810928 0.0080575 0.0081764 0.00828126 0.00807021 0.00824482 0.0081565 0.00816276 0.00812206 0.00808031 0.00814783 0.00817924 0.00812711 0.00823218 0.00828246 0.00832164 0.00832225 
0.00631781 0 0.801233 0.00882969 0.0124487 0.0110444 0.0113823 0.0112375 0.0126849 0.0095086 0.00902605 0.00877491 0.00845504 0.00869464 0.0103948 0.00986508 0.0109686 0.00895707 0.0084927 0.00866229 0.00859467 0.00849085 0.00883671 0.00895142 0.00912432 0.00891943 0.0082545 0.00836666 0.0083479 0.00839542 0.00836671 0.00858961 0.00881793 0.00868052 0.00852561 0.00818192 0.00825913 0.00840561 0.00853174 0.00926503 0.00839849 0.00825132 0.00863522 0.00885001 0.00830883 0.00979937 0.00840667 0.00864703 0.0084314 0.00818361 0.00821872 0.00828568 0.00831836 0.00820928 0.00817074 0.00817357 0.0083272 0.0082225 0.00819875 0.00821282 0.00824776 0.00822599 0.00822215 0.0082027 0.0082892 
0.00776908 0.801233 0 0.00464843 0.0462207 0.0231248 0.034767 0.0209683 0.0139373 0.0168664 0.012575 0.0104622 0.00960669 0.0101578 0.0139846 0.0152767 0.0124226 0.0137455 0.0102196 0.011255 0.0103054 0.0102075 0.0102178 0.0111877 0.00936584 0.00950459 0.00903616 0.00955077 0.00980332 0.00958504 0.00965685 0.0100799 0.0110739 0.00858682 0.00868225 0.00872084 0.00880613 0.00888863 0.0104487 0.00899 0.00863889 0.00870011 0.00934871 0.00830278 0.00867097 0.0090568 0.00917184 0.00943577 0.00838978 0.00849072 0.00830416 0.00851544 0.00845554 0.00855037 0.00839969 0.00830097 0.0084239 0.00823222 0.00828547 0.0083777 0.00833926 0.0084974 0.00848106 0.00862954 0.00847675 
0.643826 0.00882969 0.00464843 0 0.0178601 0.0180701 0.0246454 0.0519292 0.0198735 0.0132607 0.0104162 0.00993704 0.00920718 0.00929778 0.0153954 0.0160071 0.0204186 0.0118259 0.00942739 0.0100011 0.00974813 0.00962429 0.0106926 0.01148 0.0110466 0.0105815 0.00880853 0.00943457 0.00964724 0.00932997 0.00926511 0.0114702 0.0106473 0.00967623 0.00917899 0.00885091 0.00877844 0.00915711 0.00958084 0.0106449 0.00868161 0.00860078 0.00973318 0.0094659 0.0085876 0.0116816 0.00940373 0.0100945 0.00949147 0.00846323 0.00835921 0.00876563 0.00860716 0.00844492 0.00824625 0.0082935 0.00846774 0.00850649 0.00852669 0.0083514 0.00843808 0.00847993 0.0084281 0.00853378 0.00860847 
0.0140106 0.0124487 0.0462207 0.0178601 0 0.00387284 0.00362363 0.00375223 0.134431 0.0130902 0.0153704 0.0117663 0.00939275 0.00983068 0.00947668 0.0187485 0.0190377 0.0102999 0.0116734 0.00998539 0.0112164 0.00984693 0.0104511 0.01357 0.0143867 0.00959411 0.00997011 0.00965191 0.0102934 0.0100156 0.00955266 0.0101138 0.0142154 0.00962492 0.00860447 0.00892313 0.00928186 0.00922316 0.0117268 0.00963344 0.00838729 0.00906018 0.00951014 0.00826385 0.00946078 0.00895769 0.00868696 0.009956 0.008458 0.00824961 0.00843473 0.00898651 0.00836885 0.00820912 0.00826317 0.00822624 0.0083383 0.00833685 0.00809412 0.00841205 0.00827628 0.00818845 0.00839241 0.00841244 0.00861009 
0.0102419 0.0110444 0.0231248 0.0180701 0.00387284 0 0.00356911 0.00356041 0.0114224 0.267793 0.0314543 0.0222942 0.0135 0.0144029 0.0157762 0.0189442 0.0124347 0.0274424 0.0208853 0.0159381 0.0167597 0.0165197 0.0136592 0.00897833 0.00885486 0.0134029 0.0132761 0.0133549 0.0172441 0.0160085 0.0162458 0.0137336 0.00934884 0.00844878 0.0098648 0.0113434 0.0109688 0.0101345 0.00899631 0.00839901 0.009722 0.00919218 0.00847876 0.0082429 0.00818107 0.00865735 0.0104148 0.00902654 0.00845314 0.00878225 0.0089616 0.00840018 0.00834447 0.00899853 0.00873374 0.00864115 0.00817795 0.0082077 0.00852158 0.00824537 0.00832065 0.00871252 0.00888813 0.00890798 0.00840471 
0.00946487 0.0113823 0.034767 0.0246454 0.00362363 0.00356911 0 0.00356562 0.0153597 0.0432027 0.155028 0.0155334 0.0111156 0.0123264 0.0278895 0.0126467 0.0122464 0.0176669 0.0149941 0.0142127 0.0136668 0.0168471 0.013081 0.00962745 0.00908451 0.0105625 0.0104948 0.0134398 0.0131331 0.0130931 0.0144941 0.0184321 0.00977919 0.00881292 0.00996617 0.0104467 0.011439 0.0108093 0.00900401 0.00886123 0.009913 0.00948663 0.0086553 0.00832565 0.00828841 0.00960531 0.0117629 0.0098076 0.00861619 0.00866868 0.00901362 0.00857943 0.00839601 0.0087628 0.00857211 0.00874063 0.00829133 0.00829039 0.00841821 0.00829718 0.00825123 0.00855705 0.00880503 0.00870839 0.0082307 
0.0115845 0.0112375 0.0209683 0.0519292 0.00375223 0.00356041 0.00356562 0 0.0156369 0.0172027 0.00939809 0.0393841 0.00844715 0.0102008 0.0129882 0.0410378 0.0201186 0.0121092 0.0103225 0.0118225 0.0116215 0.0117669 0.0101705 0.0146918 0.0123245 0.0101671 0.00985463 0.0109573 0.0111142 0.0104005 0.0102889 0.012591 0.0133595 0.0107451 0.00940379 0.00992912 0.010186 0.0096632 0.0100315 0.0116025 0.00917649 0.00892648 0.00959618 0.00902103 0.00875625 0.0132689 0.00979575 0.011398 0.010529 0.00848887 0.00838405 0.00883758 0.00938949 0.00852361 0.00840132 0.00835703 0.00836486 0.00844994 0.00821272 0.00831944 0.00840076 0.00835444 0.00839529 0.00829909 0.00833814 
0.0103588 0.0126849 0.0139373 0.0198735 0.134431 0.0114224 0.0153597 0.0156369 0 0.00364005 0.00353334 0.00357592 0.00355546 0.00371965 0.00364063 0.00586727 0.0346222 0.0173989 0.0168297 0.0118841 0.0119398 0.0134598 0.159195 0.0251377 0.016432 0.0126189 0.0130345 0.011307 0.0129898 0.0125333 0.0113844 0.0125505 0.0235837 0.0122679 0.00993915 0.0100502 0.0111202 0.014784 0.016646 0.0126396 0.00962848 0.009798 0.0132756 0.0090103 0.010887 0.011159 0.00991524 0.0181393 0.00977002 0.00867596 0.00864445 0.0108939 0.00888067 0.00849192 0.00847918 0.00853514 0.00908367 0.00841128 0.00819719 0.00882611 0.00846768 0.00842853 0.00861733 0.00853624 0.00887445 
0.00949194 0.0095086 0.0168664 0.0132607 0.0130902 0.267793 0.0432027 0.0172027 0.00364005 0 0.0035729 0.00356865 0.00355489 0.00353828 0.00391647 0.0042945 0.0221935 0.0793733 0.0242419 0.0290354 0.0210933 0.216041 0.0230909 0.0116316 0.0108848 0.0310585 0.0213173 0.0281712 0.0342749 0.0340818 0.0301321 0.0252811 0.0201893 0.0110108 0.0169829 0.0174874 0.024093 0.021763 0.0104021 0.010119 0.0205176 0.0112435 0.0097249 0.00859152 0.00884268 0.0138253 0.0237262 0.0116792 0.0114378 0.0136693 0.0106514 0.00958374 0.0102279 0.011747 0.0104351 0.0101907 0.00895513 0.00836361 0.00894795 0.00891821 0.00902509 0.00987689 0.00994305 0.0103313 0.00894104 
0.00918724 0.00902605 0.012575 0.0104162 0.0153704 0.0314543 0.155028 0.00939809 0.00353334 0.0035729 0 0.00355055 0.00354898 0.00363223 0.0035938 0.00370219 0.0224538 0.0234177 0.0809499 0.0231982 0.275942 0.0508531 0.0240385 0.0107644 0.0105142 0.0129496 0.0548425 0.0357181 0.0583456 0.0588519 0.0638562 0.0367348 0.0115542 0.0105294 0.013362 0.0333651 0.0423667 0.0163073 0.0114796 0.0100237 0.0153153 0.0155702 0.00956678 0.00852586 0.00876008 0.0128213 0.0182286 0.0141499 0.0103241 0.01425 0.0133445 0.0100312 0.0103118 0.0122551 0.0145855 0.0113126 0.00908848 0.00864946 0.00906814 0.00950725 0.0087239 0.0104311 0.0117434 0.0122552 0.00963144 
0.00870561 0.00877491 0.0104622 0.00993704 0.0117663 0.0222942 0.0155334 0.0393841 0.00357592 0.00356865 0.00355055 0 0.00354583 0.00355278 0.00356695 0.00362982 0.0107828 0.0568585 0.0138264 0.347965 0.0219417 0.0541673 0.0120992 0.0105719 0.00874249 0.0198728 0.0146158 0.0665058 0.0355874 0.066304 0.0548783 0.0264642 0.0117877 0.00933525 0.0159331 0.0359503 0.0261655 0.0261917 0.00962 0.00981409 0.0167556 0.0101187 0.0098512 0.0085002 0.0085747 0.0116257 0.0148037 0.014236 0.0100162 0.0153666 0.0118472 0.00996369 0.0101461 0.0106241 0.0152799 0.0115166 0.00949533 0.00846267 0.00943853 0.0088907 0.00869849 0.0102684 0.011827 0.0150833 0.0106449 
0.00865288 0.00845504 0.00960669 0.00920718 0.00939275 0.0135 0.0111156 0.00844715 0.00355546 0.00355489 0.00354898 0.00354583 0 0.00355994 0.00355231 0.00356155 0.0121027 0.00967491 0.280041 0.0164702 0.0562276 0.0144705 0.0158018 0.00858997 0.00866001 0.00900665 0.0345408 0.015231 0.0828563 0.0309624 0.0293186 0.0155202 0.0108074 0.00893582 0.0109167 0.0246333 0.0403845 0.0111922 0.00912542 0.00927828 0.0122536 0.0120161 0.00870859 0.00834098 0.00842179 0.00990088 0.0140707 0.0109502 0.00945787 0.0101161 0.0110321 0.00912921 0.00881864 0.010822 0.0112727 0.0104549 0.00875695 0.00833965 0.00867803 0.00864619 0.0085098 0.00946617 0.00993455 0.00995883 0.00862072 
0.0085358 0.00869464 0.0101578 0.00929778 0.00983068 0.0144029 0.0123264 0.0102008 0.00371965 0.00353828 0.00363223 0.00355278 0.00355994 0 0.00355765 0.00355239 0.0121321 0.0572404 0.0222622 0.0497166 0.0163724 0.0324838 0.0137029 0.00968687 0.00854455 0.0119952 0.0158212 0.0473341 0.0238512 0.042268 0.0305829 0.0199692 0.0100608 0.00927807 0.0111498 0.0285328 0.0293219 0.0125657 0.00919035 0.00960542 0.0128522 0.0102524 0.00888464 0.00839269 0.00850227 0.0122196 0.0123388 0.0110537 0.00925092 0.0114886 0.00992985 0.00880515 0.00900549 0.00981029 0.0118393 0.0098113 0.00874586 0.00832158 0.00878741 0.00861227 0.00847827 0.00948495 0.0101023 0.00971349 0.00853271 
0.00917115 0.0103948 0.0139846 0.0153954 0.00947668 0.0157762 0.0278895 0.0129882 0.00364063 0.00391647 0.0035938 0.00356695 0.00355231 0.00355765 0 0.00376954 0.0176053 0.0413715 0.026621 0.0271188 0.0164801 0.0201866 0.0222231 0.0153061 0.00849932 0.0155792 0.0144435 0.0197917 0.023914 0.0189968 0.0369908 0.0359215 0.0213125 0.00894958 0.0164547 0.0154439 0.0130085 0.0234362 0.0106503 0.0103902 0.0143817 0.011164 0.010406 0.0088042 0.00896236 0.0115095 0.0272803 0.0176536 0.00978981 0.0132947 0.011096 0.010183 0.00974927 0.0102823 0.010178 0.00974463 0.0100972 0.00838295 0.00914401 0.00883399 0.00837883 0.00963286 0.00940929 0.00958915 0.00868424 
0.0110751 0.00986508 0.0152767 0.0160071 0.0187485 0.0189442 0.0126467 0.0410378 0.00586727 0.0042945 0.00370219 0.00362982 0.00356155 0.00355239 0.00376954 0 0.155214 0.0191777 0.0200151 0.0107551 0.0146617 0.0165717 0.0209011 0.0156672 0.0134284 0.00951387 0.0142862 0.0127722 0.0130626 0.0134239 0.011665 0.0274576 0.0392286 0.0201187 0.00970706 0.0114773 0.0136104 0.011096 0.018689 0.0138592 0.00983944 0.0126614 0.0110715 0.0103129 0.00997978 0.0158318 0.0119419 0.0292682 0.0140774 0.00898785 0.00965625 0.0118246 0.0103754 0.00881703 0.00863112 0.00924576 0.00954816 0.00917569 0.00840483 0.00920301 0.00928036 0.00855793 0.00860221 0.00864137 0.00902935 
0.00903058 0.0109686 0.0124226 0.0204186 0.0190377 0.0124347 0.0122464 0.0201186 0.0346222 0.0221935 0.0224538 0.0107828 0.0121027 0.0121321 0.0176053 0.155214 0 0.00363698 0.00360543 0.00365331 0.00364475 0.00379638 0.00429817 0.00779252 0.00810354 0.00685498 0.00801235 0.0079644 0.0119601 0.00974234 0.0149569 0.0890973 0.853524 0.0141372 0.010528 0.0112585 0.0135257 0.0134047 0.0253878 0.0165442 0.0110358 0.0127698 0.0159658 0.0105073 0.012988 0.0203443 0.0136214 0.0279572 0.0165309 0.0097388 0.0102434 0.014793 0.0104292 0.0100862 0.00925757 0.00962874 0.0100217 0.00898825 0.00867726 0.00965352 0.00908927 0.00899799 0.00915518 0.00949068 0.0100201 
0.0085915 0.00895707 0.0137455 0.0118259 0.0102999 0.0274424 0.0176669 0.0121092 0.0173989 0.0793733 0.0234177 0.0568585 0.00967491 0.0572404 0.0413715 0.0191777 0.00363698 0 0.00362938 0.00363796 0.00384083 0.00380547 0.00448153 0.0049526 0.00508806 0.0108628 0.00704654 0.0131765 0.00989696 0.0211078 0.103243 0.857033 0.0118614 0.00955293 0.0288886 0.0143211 0.0135349 0.029147 0.0104575 0.0112115 0.0289062 0.0101759 0.0134113 0.00913012 0.0092392 0.015875 0.028133 0.0149724 0.0119599 0.0242435 0.0109573 0.0105462 0.0121153 0.0112304 0.0150877 0.0098266 0.0102298 0.00858917 0.0101574 0.00923384 0.00871552 0.0108309 0.0103684 0.010733 0.00928908 
0.00850914 0.0084927 0.0102196 0.00942739 0.0116734 0.0208853 0.0149941 0.0103225 0.0168297 0.0242419 0.0809499 0.0138264 0.280041 0.0222622 0.026621 0.0200151 0.00360543 0.00362938 0 0.0035588 0.0036187 0.0036371 0.00365128 0.00366695 0.00591896 0.00557275 0.0197409 0.00922541 0.0240682 0.0875791 0.857646 0.0144216 0.00993936 0.0101372 0.00987256 0.0195029 0.031986 0.0120457 0.0120404 0.0100041 0.0118044 0.0240169 0.00896995 0.00899526 0.00898613 0.0126835 0.0236368 0.014777 0.0132044 0.0132406 0.0177139 0.0105988 0.00983809 0.0168232 0.0133364 0.0151319 0.00895276 0.00883185 0.00895782 0.00876695 0.00875379 0.01017 0.0127721 0.0125331 0.0090856 
0.00840487 0.00866229 0.011255 0.0100011 0.00998539 0.0159381 0.0142127 0.0118225 0.0118841 0.0290354 0.0231982 0.347965 0.0164702 0.0497166 0.0271188 0.0107551 0.00365331 0.00363796 0.0035588 0 0.00356572 0.00362893 0.00362295 0.00362427 0.00396079 0.00945811 0.00596303 0.0287125 0.0551528 0.876888 0.0171614 0.0109555 0.00835686 0.00833591 0.0138041 0.0191639 0.0144928 0.0214314 0.00977557 0.0111804 0.0215474 0.0093706 0.0121682 0.00862941 0.00870292 0.014843 0.0156082 0.0191689 0.0113712 0.0264377 0.012703 0.0111386 0.0132654 0.0111794 0.0293778 0.0120465 0.0110399 0.00856452 0.00941549 0.00952206 0.00873301 0.0111368 0.0127154 0.0118598 0.00950163 
0.00858253 0.00859467 0.0103054 0.00974813 0.0112164 0.0167597 0.0136668 0.0116215 0.0119398 0.0210933 0.275942 0.0219417 0.0562276 0.0163724 0.0164801 0.0146617 0.00364475 0.00384083 0.0036187 0.00356572 0 0.00357261 0.00361563 0.00356872 0.00516797 0.00449982 0.0364655 0.0618833 0.887667 0.0135352 0.0123735 0.0104773 0.00855348 0.00877741 0.0104098 0.0159627 0.0241949 0.0110584 0.0114986 0.0105651 0.0116441 0.0186683 0.0093525 0.00859165 0.00894797 0.013223 0.0225369 0.0144098 0.0147183 0.014923 0.0161551 0.0107755 0.0107575 0.0189044 0.0151398 0.0156871 0.00944469 0.00872278 0.00899853 0.00926589 0.00886725 0.0107972 0.0135255 0.0126363 0.00926387 
0.00827882 0.00849085 0.0102075 0.00962429 0.00984693 0.0165197 0.0168471 0.0117669 0.0134598 0.216041 0.0508531 0.0541673 0.0144705 0.0324838 0.0201866 0.0165717 0.00379638 0.00380547 0.0036371 0.00362893 0.00357261 0 0.00357473 0.00358808 0.0038838 0.013174 0.14107 0.753564 0.0101951 0.0130605 0.0113511 0.0153045 0.00855978 0.0083377 0.0120698 0.0182074 0.0146088 0.0159213 0.0106002 0.00993005 0.0157116 0.0112418 0.0113829 0.00854943 0.008777 0.0133191 0.0187049 0.0228324 0.0108888 0.0207182 0.0147063 0.0121058 0.0108182 0.0124902 0.0217451 0.0105902 0.0105718 0.00844705 0.00907417 0.00910621 0.00866813 0.0104989 0.0120423 0.0116794 0.00942182 
0.00886762 0.00883671 0.0102178 0.0106926 0.0104511 0.0136592 0.013081 0.0101705 0.159195 0.0230909 0.0240385 0.0120992 0.0158018 0.0137029 0.0222231 0.0209011 0.00429817 0.00448153 0.00365128 0.00362295 0.00361563 0.00357473 0 0.00357803 0.0117185 0.880675 0.114629 0.00653123 0.00853981 0.00779207 0.0100417 0.0101152 0.00863241 0.00949014 0.0117384 0.0121384 0.0146437 0.0128079 0.0109174 0.010416 0.0119133 0.0219178 0.00908812 0.00982879 0.0103126 0.0124657 0.0399578 0.0134401 0.010684 0.011613 0.0152002 0.00974195 0.00932743 0.0124051 0.00972317 0.0142015 0.00878133 0.00918854 0.00893854 0.00855114 0.00865766 0.00936062 0.00961409 0.00935527 0.00867174 
0.00897682 0.00895142 0.0111877 0.01148 0.01357 0.00897833 0.00962745 0.0146918 0.0251377 0.0116316 0.0107644 0.0105719 0.00858997 0.00968687 0.0153061 0.0156672 0.00779252 0.0049526 0.00366695 0.00362427 0.00356872 0.00358808 0.00357803 0 0.986872 0.034279 0.00382173 0.00404066 0.00402025 0.00615478 0.00612378 0.00704686 0.00692672 0.00939154 0.00966677 0.00909215 0.00902111 0.00951512 0.0096431 0.0174825 0.011354 0.00856683 0.015364 0.011103 0.00914861 0.0228101 0.0110044 0.0237559 0.0146407 0.0100857 0.0088953 0.0107318 0.0118165 0.00916784 0.00891908 0.00858116 0.009798 0.00976876 0.00861007 0.00879606 0.00927877 0.00858551 0.00862303 0.00848514 0.00871134 
0.00943768 0.00912432 0.00936584 0.0110466 0.0143867 0.00885486 0.00908451 0.0123245 0.016432 0.0108848 0.0105142 0.00874249 0.00866001 0.00854455 0.00849932 0.0134284 0.00810354 0.00508806 0.00591896 0.00396079 0.00516797 0.0038838 0.0117185 0.986872 0 0.00416413 0.00358497 0.00355838 0.00361607 0.00358395 0.00370318 0.00419217 0.00588421 0.00958287 0.00634144 0.0069549 0.00741503 0.00799655 0.0185504 0.0114013 0.00815466 0.038147 0.0100692 0.0113556 0.0130544 0.0154477 0.00973915 0.0122724 0.0104982 0.00838102 0.0091354 0.00980689 0.00875367 0.00851475 0.00825087 0.00850132 0.00847767 0.00885319 0.00807229 0.00871428 0.00854948 0.00826688 0.0083902 0.00845056 0.00863112 
0.00849796 0.00891943 0.00950459 0.0105815 0.00959411 0.0134029 0.0105625 0.0101671 0.0126189 0.0310585 0.0129496 0.0198728 0.00900665 0.0119952 0.0155792 0.00951387 0.00685498 0.0108628 0.00557275 0.00945811 0.00449982 0.013174 0.880675 0.034279 0.00416413 0 0.00356819 0.00357922 0.00357508 0.00357319 0.00392094 0.0120148 0.00491463 0.00559214 0.00834483 0.00727729 0.00730221 0.0170556 0.0118288 0.0099374 0.0514651 0.0156999 0.0166156 0.00898757 0.00893544 0.0134482 0.0155553 0.0110495 0.0103297 0.0171739 0.00940183 0.00918222 0.0115706 0.0090717 0.0104143 0.00892288 0.00948416 0.00816619 0.00911362 0.00857517 0.00837001 0.00928401 0.00889449 0.00942659 0.00846894 
0.00870546 0.0082545 0.00903616 0.00880853 0.00997011 0.0132761 0.0104948 0.00985463 0.0130345 0.0213173 0.0548425 0.0146158 0.0345408 0.0158212 0.0144435 0.0142862 0.00801235 0.00704654 0.0197409 0.00596303 0.0364655 0.14107 0.114629 0.00382173 0.00358497 0.00356819 0 0.00354863 0.0035577 0.00358549 0.00364405 0.00361404 0.00366725 0.00668369 0.00650079 0.00937078 0.00988517 0.0104913 0.0195934 0.013872 0.00885393 0.0221986 0.00843449 0.00822295 0.00907331 0.0126094 0.0135862 0.0120347 0.0115389 0.0108111 0.0139887 0.00935834 0.0091793 0.0130669 0.0112106 0.0121662 0.00868908 0.00889547 0.00851189 0.00864011 0.00854135 0.0091591 0.0109757 0.0101973 0.00850757 
0.00825098 0.00836666 0.00955077 0.00943457 0.00965191 0.0133549 0.0134398 0.0109573 0.011307 0.0281712 0.0357181 0.0665058 0.015231 0.0473341 0.0197917 0.0127722 0.0079644 0.0131765 0.00922541 0.0287125 0.0618833 0.753564 0.00653123 0.00404066 0.00355838 0.00357922 0.00354863 0 0.0035499 0.00357379 0.00362269 0.00362677 0.0036085 0.00515785 0.00976213 0.0101845 0.00918331 0.029708 0.603391 0.00880615 0.0138998 0.00911379 0.0114134 0.00832358 0.0083495 0.0134173 0.0176883 0.0162866 0.0116069 0.0198382 0.0124406 0.0106646 0.0113978 0.0128913 0.0224216 0.0109489 0.0103709 0.00849039 0.00910146 0.00896553 0.00862478 0.0108254 0.0122979 0.0116731 0.00915666 
0.00846694 0.0083479 0.00980332 0.00964724 0.0102934 0.0172441 0.0131331 0.0111142 0.0129898 0.0342749 0.0583456 0.0355874 0.0828563 0.0238512 0.023914 0.0130626 0.0119601 0.00989696 0.0240682 0.0551528 0.887667 0.0101951 0.00853981 0.00402025 0.00361607 0.00357508 0.0035577 0.0035499 0 0.00355835 0.00359338 0.00361934 0.00359213 0.00613475 0.00709535 0.00981429 0.0303441 0.857346 0.0108651 0.00971403 0.00959102 0.0121869 0.00901735 0.00833173 0.00885934 0.0144387 0.0198211 0.0157788 0.0134909 0.0179174 0.0150403 0.0110107 0.0116815 0.0168093 0.0179104 0.0161584 0.00992102 0.00864992 0.00900868 0.00940203 0.00889623 0.0107522 0.0145183 0.013017 0.00941225 
0.00827635 0.00839542 0.00958504 0.00932997 0.0100156 0.0160085 0.0130931 0.0104005 0.0125333 0.0340818 0.0588519 0.066304 0.0309624 0.042268 0.0189968 0.0134239 0.00974234 0.0211078 0.0875791 0.876888 0.0135352 0.0130605 0.00779207 0.00615478 0.00358395 0.00357319 0.00358549 0.00357379 0.00355835 0 0.00355735 0.00359309 0.00357228 0.00558134 0.0100727 0.0242783 0.942114 0.0144798 0.00789335 0.00832259 0.0143502 0.00986616 0.00985335 0.00820522 0.00843016 0.014647 0.0181475 0.0170842 0.0127951 0.0191198 0.0156894 0.0110947 0.0116131 0.0140498 0.0249787 0.0141216 0.00977952 0.00860365 0.00916144 0.00918385 0.00877614 0.0112205 0.0132992 0.013048 0.00936694 
0.00852656 0.00836671 0.00965685 0.00926511 0.00955266 0.0162458 0.0144941 0.0102889 0.0113844 0.0301321 0.0638562 0.0548783 0.0293186 0.0305829 0.0369908 0.011665 0.0149569 0.103243 0.857646 0.0171614 0.0123735 0.0113511 0.0100417 0.00612378 0.00370318 0.00392094 0.00364405 0.00362269 0.00359338 0.00355735 0 0.00357668 0.00356401 0.00564121 0.0215212 0.961377 0.018024 0.00869444 0.00733281 0.008252 0.0096637 0.0127679 0.00887862 0.00864002 0.00857141 0.0128411 0.0220833 0.019511 0.011628 0.0198571 0.0199938 0.0105783 0.0109122 0.0146822 0.0234719 0.0130288 0.00991933 0.00861256 0.00924147 0.0091253 0.00864468 0.0105092 0.0137298 0.0116928 0.00935295 
0.00867872 0.00858961 0.0100799 0.0114702 0.0101138 0.0137336 0.0184321 0.012591 0.0125505 0.0252811 0.0367348 0.0264642 0.0155202 0.0199692 0.0359215 0.0274576 0.0890973 0.857033 0.0144216 0.0109555 0.0104773 0.0153045 0.0101152 0.00704686 0.00419217 0.0120148 0.00361404 0.00362677 0.00361934 0.00359309 0.00357668 0 0.00359136 0.019031 0.960798 0.00902361 0.00951231 0.00772922 0.00755997 0.00961711 0.0192767 0.0126598 0.0092522 0.00870857 0.0113271 0.0123304 0.0787767 0.0257144 0.0128929 0.0249477 0.0211173 0.014032 0.0108824 0.0147147 0.0139107 0.0183184 0.0110995 0.00926651 0.0102816 0.00925972 0.00933058 0.0102184 0.0114815 0.0117958 0.00934149 
0.00903868 0.00881793 0.0110739 0.0106473 0.0142154 0.00934884 0.00977919 0.0133595 0.0235837 0.0201893 0.0115542 0.0117877 0.0108074 0.0100608 0.0213125 0.0392286 0.853524 0.0118614 0.00993936 0.00835686 0.00855348 0.00855978 0.00863241 0.00692672 0.00588421 0.00491463 0.00366725 0.0036085 0.00359213 0.00357228 0.00356401 0.00359136 0 0.93631 0.00539261 0.0045327 0.00425343 0.00557959 0.00599675 0.0136621 0.00805656 0.00953314 0.0081893 0.00996083 0.00963195 0.0331808 0.0115755 0.0330992 0.0216044 0.0100103 0.0107593 0.0121198 0.0138874 0.0100032 0.00921875 0.00972559 0.010664 0.0104776 0.00866694 0.00943963 0.00998538 0.00884254 0.00897721 0.00924091 0.00916989 
0.00858399 0.00868052 0.00858682 0.00967623 0.00962492 0.00844878 0.00881292 0.0107451 0.0122679 0.0110108 0.0105294 0.00933525 0.00893582 0.00927807 0.00894958 0.0201187 0.0141372 0.00955293 0.0101372 0.00833591 0.00877741 0.0083377 0.00949014 0.00939154 0.00958287 0.00559214 0.00668369 0.00515785 0.00613475 0.00558134 0.00564121 0.019031 0.93631 0 0.00360592 0.00357125 0.00359369 0.00361503 0.00412332 0.0049982 0.00530528 0.00701786 0.00668346 0.0084285 0.0602185 0.0151949 0.0102603 0.0140492 0.0109934 0.00859542 0.00917339 0.0108013 0.00888228 0.00848174 0.00836726 0.00839102 0.00933094 0.00858753 0.00811884 0.00916472 0.00860148 0.00836075 0.00843252 0.00856748 0.00877794 
0.00826511 0.00852561 0.00868225 0.00917899 0.00860447 0.0098648 0.00996617 0.00940379 0.00993915 0.0169829 0.013362 0.0159331 0.0109167 0.0111498 0.0164547 0.00970706 0.010528 0.0288886 0.00987256 0.0138041 0.0104098 0.0120698 0.0117384 0.00966677 0.00634144 0.00834483 0.00650079 0.00976213 0.00709535 0.0100727 0.0215212 0.960798 0.00539261 0.00360592 0 0.00358518 0.0035829 0.00359408 0.00364279 0.00466119 0.00545581 0.0111564 0.0143335 0.0218578 0.00765409 0.0113654 0.0194818 0.0111362 0.00985747 0.0130496 0.0103196 0.00942586 0.0100432 0.00931666 0.00979324 0.00924346 0.00907293 0.00816921 0.00858282 0.00859583 0.00826157 0.00897372 0.00901214 0.00947209 0.00852371 
0.00812634 0.00818192 0.00872084 0.00885091 0.00892313 0.0113434 0.0104467 0.00992912 0.0100502 0.0174874 0.0333651 0.0359503 0.0246333 0.0285328 0.0154439 0.0114773 0.0112585 0.0143211 0.0195029 0.0191639 0.0159627 0.0182074 0.0121384 0.00909215 0.0069549 0.00727729 0.00937078 0.0101845 0.00981429 0.0242783 0.961377 0.00902361 0.0045327 0.00357125 0.00358518 0 0.00355927 0.00356579 0.00359123 0.00400645 0.00575144 0.012457 0.813605 0.00653024 0.00700737 0.0112119 0.0150667 0.0142093 0.0109511 0.0141803 0.0122555 0.0109177 0.009556 0.0115217 0.017477 0.0120192 0.00964322 0.00832376 0.00867163 0.00882887 0.00851094 0.00948054 0.01198 0.0108406 0.00874612 
0.00820062 0.00825913 0.00880613 0.00877844 0.00928186 0.0109688 0.011439 0.010186 0.0111202 0.024093 0.0423667 0.0261655 0.0403845 0.0293219 0.0130085 0.0136104 0.0135257 0.0135349 0.031986 0.0144928 0.0241949 0.0146088 0.0146437 0.00902111 0.00741503 0.00730221 0.00988517 0.00918331 0.0303441 0.942114 0.018024 0.00951231 0.00425343 0.00359369 0.0035829 0.00355927 0 0.00355877 0.00357767 0.00400423 0.00503755 0.940955 0.00560003 0.00610222 0.00662157 0.0129345 0.0152822 0.0163249 0.0125756 0.0134586 0.0200039 0.0105184 0.0102923 0.0153053 0.0156786 0.0141089 0.00939447 0.00856022 0.00884029 0.00915187 0.00876526 0.00993293 0.012421 0.0123216 0.00900254 
0.00838307 0.00840561 0.00888863 0.00915711 0.00922316 0.0101345 0.0108093 0.0096632 0.014784 0.021763 0.0163073 0.0261917 0.0111922 0.0125657 0.0234362 0.011096 0.0134047 0.029147 0.0120457 0.0214314 0.0110584 0.0159213 0.0128079 0.00951512 0.00799655 0.0170556 0.0104913 0.029708 0.857346 0.0144798 0.00869444 0.00772922 0.00557959 0.00361503 0.00359408 0.00356579 0.00355877 0 0.00361442 0.00574529 0.980325 0.00594537 0.00545312 0.00592728 0.0133695 0.0153047 0.0424746 0.0153427 0.0111974 0.0233495 0.011778 0.010949 0.0102438 0.0122497 0.0128216 0.0113152 0.0103311 0.00892696 0.00930843 0.00874336 0.00895725 0.00958255 0.00998289 0.0103192 0.0092015 
0.00880758 0.00853174 0.0104487 0.00958084 0.0117268 0.00899631 0.00900401 0.0100315 0.016646 0.0104021 0.0114796 0.00962 0.00912542 0.00919035 0.0106503 0.018689 0.0253878 0.0104575 0.0120404 0.00977557 0.0114986 0.0106002 0.0109174 0.0096431 0.0185504 0.0118288 0.0195934 0.603391 0.0108651 0.00789335 0.00733281 0.00755997 0.00599675 0.00412332 0.00364279 0.00359123 0.00357767 0.00361442 0 0.989622 0.00525691 0.00418565 0.00499076 0.0129538 0.00677389 0.0221975 0.0124442 0.0345203 0.0190484 0.0104124 0.00974403 0.0113509 0.0135916 0.0100651 0.00912377 0.00945847 0.00973457 0.0109687 0.00873291 0.00910883 0.0103248 0.00886876 0.00863309 0.00882952 0.00886017 
0.00861426 0.00926503 0.00899 0.0106449 0.00963344 0.00839901 0.00886123 0.0116025 0.0126396 0.010119 0.0100237 0.00981409 0.00927828 0.00960542 0.0103902 0.0138592 0.0165442 0.0112115 0.0100041 0.0111804 0.0105651 0.00993005 0.010416 0.0174825 0.0114013 0.0099374 0.013872 0.00880615 0.00971403 0.00832259 0.008252 0.00961711 0.0136621 0.0049982 0.00466119 0.00400645 0.00400423 0.00574529 0.989622 0 0.00382871 0.00388976 0.00424539 0.00440625 0.0116356 0.0226443 0.0161312 0.02447 0.0132049 0.00938972 0.0103706 0.0131183 0.01152 0.00868558 0.00858841 0.00855445 0.0105335 0.00850835 0.00833173 0.0096764 0.00881947 0.00834761 0.00849368 0.00880235 0.00980155 
0.00819274 0.00839849 0.00863889 0.00868161 0.00838729 0.009722 0.009913 0.00917649 0.00962848 0.0205176 0.0153153 0.0167556 0.0122536 0.0128522 0.0143817 0.00983944 0.0110358 0.0289062 0.0118044 0.0215474 0.0116441 0.0157116 0.0119133 0.011354 0.00815466 0.0514651 0.00885393 0.0138998 0.00959102 0.0143502 0.0096637 0.0192767 0.00805656 0.00530528 0.00545581 0.00575144 0.00503755 0.980325 0.00525691 0.00382871 0 0.00402454 0.00368023 0.00554682 0.0178115 0.0239407 0.0232048 0.0129754 0.00985994 0.0197858 0.0107487 0.0101973 0.00953284 0.0101173 0.0111137 0.00941784 0.00957466 0.0083067 0.00893638 0.00877455 0.00833461 0.00955244 0.00953583 0.00975869 0.00862808 
0.00837571 0.00825132 0.00870011 0.00860078 0.00906018 0.00919218 0.00948663 0.00892648 0.009798 0.0112435 0.0155702 0.0101187 0.0120161 0.0102524 0.011164 0.0126614 0.0127698 0.0101759 0.0240169 0.0093706 0.0186683 0.0112418 0.0219178 0.00856683 0.038147 0.0156999 0.0221986 0.00911379 0.0121869 0.00986616 0.0127679 0.0126598 0.00953314 0.00701786 0.0111564 0.012457 0.940955 0.00594537 0.00418565 0.00388976 0.00402454 0 0.0035642 0.00794077 0.966361 0.0108807 0.037578 0.0136215 0.0111731 0.0101649 0.0162239 0.00962452 0.00918465 0.0122816 0.00979656 0.0142765 0.00865668 0.0108527 0.00874624 0.00859127 0.0086186 0.00887856 0.00950676 0.00949538 0.00862635 
0.00840041 0.00863522 0.00934871 0.00973318 0.00951014 0.00847876 0.0086553 0.00959618 0.0132756 0.0097249 0.00956678 0.0098512 0.00870859 0.00888464 0.010406 0.0110715 0.0159658 0.0134113 0.00896995 0.0121682 0.0093525 0.0113829 0.00908812 0.015364 0.0100692 0.0166156 0.00843449 0.0114134 0.00901735 0.00985335 0.00887862 0.0092522 0.0081893 0.00668346 0.0143335 0.813605 0.00560003 0.00545312 0.00499076 0.00424539 0.00368023 0.0035642 0 0.973829 0.00383902 0.0220696 0.0105689 0.045433 0.0145184 0.0113694 0.0090041 0.0108359 0.0129547 0.00901568 0.00937991 0.00852817 0.0107075 0.00972996 0.00857255 0.00904503 0.00977884 0.00861937 0.00859428 0.00882228 0.00865695 
0.00847694 0.00885001 0.00830278 0.0094659 0.00826385 0.0082429 0.00832565 0.00902103 0.0090103 0.00859152 0.00852586 0.0085002 0.00834098 0.00839269 0.0088042 0.0103129 0.0105073 0.00913012 0.00899526 0.00862941 0.00859165 0.00854943 0.00982879 0.011103 0.0113556 0.00898757 0.00822295 0.00832358 0.00833173 0.00820522 0.00864002 0.00870857 0.00996083 0.0084285 0.0218578 0.00653024 0.00610222 0.00592728 0.0129538 0.00440625 0.00554682 0.00794077 0.973829 0 0.0105553 0.00764344 0.046403 0.0187626 0.00935205 0.00874304 0.00902378 0.0104438 0.0084885 0.00843137 0.00823157 0.0082683 0.00863956 0.00829655 0.00830593 0.00846691 0.00827517 0.0084118 0.00822945 0.00838523 0.00860366 
0.00885216 0.00830883 0.00867097 0.0085876 0.00946078 0.00818107 0.00828841 0.00875625 0.010887 0.00884268 0.00876008 0.0085747 0.00842179 0.00850227 0.00896236 0.00997978 0.012988 0.0092392 0.00898613 0.00870292 0.00894797 0.008777 0.0103126 0.00914861 0.0130544 0.00893544 0.00907331 0.0083495 0.00885934 0.00843016 0.00857141 0.0113271 0.00963195 0.0602185 0.00765409 0.00700737 0.00662157 0.0133695 0.00677389 0.0116356 0.0178115 0.966361 0.00383902 0.0105553 0 0.0281046 0.0114091 0.0152973 0.0153222 0.0088534 0.0090108 0.00909701 0.00976848 0.00863419 0.00830843 0.0085751 0.00837941 0.00966368 0.00827266 0.00841555 0.00900299 0.00824881 0.0082866 0.00843463 0.00837143 
0.00846504 0.00979937 0.0090568 0.0116816 0.00895769 0.00865735 0.00960531 0.0132689 0.011159 0.0138253 0.0128213 0.0116257 0.00990088 0.0122196 0.0115095 0.0158318 0.0203443 0.015875 0.0126835 0.014843 0.013223 0.0133191 0.0124657 0.0228101 0.0154477 0.0134482 0.0126094 0.0134173 0.0144387 0.014647 0.0128411 0.0123304 0.0331808 0.0151949 0.0113654 0.0112119 0.0129345 0.0153047 0.0221975 0.0226443 0.0239407 0.0108807 0.0220696 0.00764344 0.0281046 0 0.00364613 0.00371313 0.412359 0.0239809 0.0177871 0.0295999 0.0179134 0.0104047 0.0119509 0.0103484 0.0190768 0.0090509 0.00927253 0.015571 0.0102719 0.010452 0.010833 0.0110609 0.0135623 
0.00842225 0.00840667 0.00917184 0.00940373 0.00868696 0.0104148 0.0117629 0.00979575 0.00991524 0.0237262 0.0182286 0.0148037 0.0140707 0.0123388 0.0272803 0.0119419 0.0136214 0.028133 0.0236368 0.0156082 0.0225369 0.0187049 0.0399578 0.0110044 0.00973915 0.0155553 0.0135862 0.0176883 0.0198211 0.0181475 0.0220833 0.0787767 0.0115755 0.0102603 0.0194818 0.0150667 0.0152822 0.0424746 0.0124442 0.0161312 0.0232048 0.037578 0.0105689 0.046403 0.0114091 0.00364613 0 0.00378746 0.0232637 0.456452 0.104481 0.0223776 0.0124079 0.0248915 0.0131773 0.0349109 0.0114389 0.00975372 0.0185566 0.0103508 0.00972831 0.0139679 0.0139022 0.0230699 0.0103871 
0.00850434 0.00864703 0.00943577 0.0100945 0.009956 0.00902654 0.0098076 0.011398 0.0181393 0.0116792 0.0141499 0.014236 0.0109502 0.0110537 0.0176536 0.0292682 0.0279572 0.0149724 0.014777 0.0191689 0.0144098 0.0228324 0.0134401 0.0237559 0.0122724 0.0110495 0.0120347 0.0162866 0.0157788 0.0170842 0.019511 0.0257144 0.0330992 0.0140492 0.0111362 0.0142093 0.0163249 0.0153427 0.0345203 0.02447 0.0129754 0.0136215 0.045433 0.0187626 0.0152973 0.00371313 0.00378746 0 0.049053 0.0302194 0.369493 0.146141 0.0243445 0.0124055 0.0143989 0.0134988 0.0328968 0.0144394 0.0106331 0.0192279 0.0154103 0.010533 0.0123934 0.0147158 0.0149124 
0.00810928 0.0084314 0.00838978 0.00949147 0.008458 0.00845314 0.00861619 0.010529 0.00977002 0.0114378 0.0103241 0.0100162 0.00945787 0.00925092 0.00978981 0.0140774 0.0165309 0.0119599 0.0132044 0.0113712 0.0147183 0.0108888 0.010684 0.0146407 0.0104982 0.0103297 0.0115389 0.0116069 0.0134909 0.0127951 0.011628 0.0128929 0.0216044 0.0109934 0.00985747 0.0109511 0.0125756 0.0111974 0.0190484 0.0132049 0.00985994 0.0111731 0.0145184 0.00935205 0.0153222 0.412359 0.0232637 0.049053 0 0.00367909 0.00368591 0.00434774 0.0545523 0.0449531 0.0103316 0.0196792 0.0279928 0.017029 0.0101428 0.0245859 0.0163326 0.0143899 0.0135638 0.0146987 0.0245509 
0.0080575 0.00818361 0.00849072 0.00846323 0.00824961 0.00878225 0.00866868 0.00848887 0.00867596 0.0136693 0.01425 0.0153666 0.0101161 0.0114886 0.0132947 0.00898785 0.0097388 0.0242435 0.0132406 0.0264377 0.014923 0.0207182 0.011613 0.0100857 0.00838102 0.0171739 0.0108111 0.0198382 0.0179174 0.0191198 0.0198571 0.0249477 0.0100103 0.00859542 0.0130496 0.0141803 0.0134586 0.0233495 0.0104124 0.00938972 0.0197858 0.0101649 0.0113694 0.00874304 0.0088534 0.0239809 0.456452 0.0302194 0.00367909 0 0.00357307 0.00359788 0.0712174 0.029639 0.0743571 0.017293 0.0161026 0.00932121 0.0213238 0.0111218 0.0110413 0.0294166 0.0239417 0.0298411 0.0115233 
0.0081764 0.00821872 0.00830416 0.00835921 0.00843473 0.0089616 0.00901362 0.00838405 0.00864445 0.0106514 0.0133445 0.0118472 0.0110321 0.00992985 0.011096 0.00965625 0.0102434 0.0109573 0.0177139 0.012703 0.0161551 0.0147063 0.0152002 0.0088953 0.0091354 0.00940183 0.0139887 0.0124406 0.0150403 0.0156894 0.0199938 0.0211173 0.0107593 0.00917339 0.0103196 0.0122555 0.0200039 0.011778 0.00974403 0.0103706 0.0107487 0.0162239 0.0090041 0.00902378 0.0090108 0.0177871 0.104481 0.369493 0.00368591 0.00357307 0 0.00359812 0.0182257 0.122979 0.0293165 0.0764976 0.0137663 0.0145554 0.0127683 0.016877 0.0112646 0.0172351 0.0252478 0.0329423 0.011615 
0.00828126 0.00828568 0.00851544 0.00876563 0.00898651 0.00840018 0.00857943 0.00883758 0.0108939 0.00958374 0.0100312 0.00996369 0.00912921 0.00880515 0.010183 0.0118246 0.014793 0.0105462 0.0105988 0.0111386 0.0107755 0.0121058 0.00974195 0.0107318 0.00980689 0.00918222 0.00935834 0.0106646 0.0110107 0.0110947 0.0105783 0.014032 0.0121198 0.0108013 0.00942586 0.0109177 0.0105184 0.010949 0.0113509 0.0131183 0.0101973 0.00962452 0.0108359 0.0104438 0.00909701 0.0295999 0.0223776 0.146141 0.00434774 0.00359788 0.00359812 0 0.025433 0.017257 0.0371012 0.0335606 0.121402 0.0145082 0.0116974 0.0184882 0.0191764 0.0112226 0.0109373 0.0177278 0.0164751 
0.00807021 0.00831836 0.00845554 0.00860716 0.00836885 0.00834447 0.00839601 0.00938949 0.00888067 0.0102279 0.0103118 0.0101461 0.00881864 0.00900549 0.00974927 0.0103754 0.0104292 0.0121153 0.00983809 0.0132654 0.0107575 0.0108182 0.00932743 0.0118165 0.00875367 0.0115706 0.0091793 0.0113978 0.0116815 0.0116131 0.0109122 0.0108824 0.0138874 0.00888228 0.0100432 0.009556 0.0102923 0.0102438 0.0135916 0.01152 0.00953284 0.00918465 0.0129547 0.0084885 0.00976848 0.0179134 0.0124079 0.0243445 0.0545523 0.0712174 0.0182257 0.025433 0 0.00363306 0.00363281 0.00358443 0.0037214 0.160174 0.0116329 0.0371083 0.023939 0.0201863 0.0150166 0.0147802 0.0279485 
0.00824482 0.00820928 0.00855037 0.00844492 0.00820912 0.00899853 0.0087628 0.00852361 0.00849192 0.011747 0.0122551 0.0106241 0.010822 0.00981029 0.0102823 0.00881703 0.0100862 0.0112304 0.0168232 0.0111794 0.0189044 0.0124902 0.0124051 0.00916784 0.00851475 0.0090717 0.0130669 0.0128913 0.0168093 0.0140498 0.0146822 0.0147147 0.0100032 0.00848174 0.00931666 0.0115217 0.0153053 0.0122497 0.0100651 0.00868558 0.0101173 0.0122816 0.00901568 0.00843137 0.00863419 0.0104047 0.0248915 0.0124055 0.0449531 0.029639 0.122979 0.017257 0.00363306 0 0.00355877 0.00359392 0.00357469 0.0260286 0.0983228 0.0124408 0.0130829 0.034855 0.0261539 0.0541839 0.0132738 
0.0081565 0.00817074 0.00839969 0.00824625 0.00826317 0.00873374 0.00857211 0.00840132 0.00847918 0.0104351 0.0145855 0.0152799 0.0112727 0.0118393 0.010178 0.00863112 0.00925757 0.0150877 0.0133364 0.0293778 0.0151398 0.0217451 0.00972317 0.00891908 0.00825087 0.0104143 0.0112106 0.0224216 0.0179104 0.0249787 0.0234719 0.0139107 0.00921875 0.00836726 0.00979324 0.017477 0.0156786 0.0128216 0.00912377 0.00858841 0.0111137 0.00979656 0.00937991 0.00823157 0.00830843 0.0119509 0.0131773 0.0143989 0.0103316 0.0743571 0.0293165 0.0371012 0.00363281 0.00355877 0 0.00356267 0.00355966 0.0246547 0.0227361 0.0333722 0.010257 0.031721 0.0873422 0.0238994 0.0138307 
0.00816276 0.00817357 0.00830097 0.0082935 0.00822624 0.00864115 0.00874063 0.00835703 0.00853514 0.0101907 0.0113126 0.0115166 0.0104549 0.0098113 0.00974463 0.00924576 0.00962874 0.0098266 0.0151319 0.0120465 0.0156871 0.0105902 0.0142015 0.00858116 0.00850132 0.00892288 0.0121662 0.0109489 0.0161584 0.0141216 0.0130288 0.0183184 0.00972559 0.00839102 0.00924346 0.0120192 0.0141089 0.0113152 0.00945847 0.00855445 0.00941784 0.0142765 0.00852817 0.0082683 0.0085751 0.0103484 0.0349109 0.0134988 0.0196792 0.017293 0.0764976 0.0335606 0.00358443 0.00359392 0.00356267 0 0.00356599 0.0136192 0.152622 0.0341807 0.0184252 0.0254929 0.0221207 0.08117 0.0147716 
0.00812206 0.0083272 0.0084239 0.00846774 0.0083383 0.00817795 0.00829133 0.00836486 0.00908367 0.00895513 0.00908848 0.00949533 0.00875695 0.00874586 0.0100972 0.00954816 0.0100217 0.0102298 0.00895276 0.0110399 0.00944469 0.0105718 0.00878133 0.009798 0.00847767 0.00948416 0.00868908 0.0103709 0.00992102 0.00977952 0.00991933 0.0110995 0.010664 0.00933094 0.00907293 0.00964322 0.00939447 0.0103311 0.00973457 0.0105335 0.00957466 0.00865668 0.0107075 0.00863956 0.00837941 0.0190768 0.0114389 0.0328968 0.0279928 0.0161026 0.0137663 0.121402 0.0037214 0.00357469 0.00355966 0.00356599 0 0.0201969 0.01821 0.245431 0.0222096 0.0134477 0.0114579 0.0205865 0.0352823 
