1AZPA
MVKVKFKYKGEEKEVDTSKIKKVWRVGKMVSFTYDDNGKTGRGAVSEKDAPKELLDMLARAEREKK
CCEEEEEECCEEEEEEHHHEEEEEEECCEEEEEEEECCEEEEEEEEHHHCCHHHHHHHHHHHCCCC
0 0 0 0 0 0 0 0 0 0 0 0 0 0 0 0 0 0 0 0 0 0 0 0 0 0 0 0 0 0 0 0 0 0 0 0 0 0 0 0 0 0 0 0 0 0 0 0 0 0 0 0 0 0 0 0 0 0 0 0 0 0 0 0 0 0 
0 0 0 0 0 0 0 0 0 0 0 0 0 0 0 0 0 0 0 0 0 0 0 0 0 0 0 0 0 0 0 0 0 0 0 0 0 0 0 0 0 0 0 0 0 0 0 0 0 0 0 0 0 0 0 0 0 0 0 0 0 0 0 0 0 0 
0 0.00377878 0.00407566 0.00361833 0.00686087 0.00451943 0.00501868 0.00812846 0.00536898 0.0216535 0.00695101 0.977895 0.00782887 0.0160499 0.011451 0.00889009 0.012829 0.0127924 0.0252937 0.0504792 0.0091166 0.0247273 0.00972468 0.0204151 0.00890422 0.011348 0.0117215 0.0126036 0.0138657 0.00863293 0.0223623 0.009102 0.0198908 0.00933022 0.0244776 
0.00377878 0 0.00354698 0.0041862 0.00413764 0.0052775 0.00404209 0.00461567 0.0170674 0.00650403 0.985487 0.00599488 0.0182614 0.00776489 0.00971048 0.0179859 0.00957098 0.0241614 0.0160805 0.0100813 0.106673 0.00872629 0.0555274 0.00893526 0.0307149 0.00930098 0.00955073 0.0099323 0.00879809 0.0347926 0.00839015 0.0434166 0.00881839 0.0461041 0.00924341 
0.00407566 0.00354698 0 0.003548 0.0044477 0.00356228 0.00420414 0.00968072 0.00569862 0.982606 0.00590881 0.0130196 0.00582102 0.00943551 0.0148584 0.00768451 0.0205692 0.0111863 0.00804781 0.0173575 0.00836052 0.0734234 0.00907636 0.0375828 0.00862861 0.0105777 0.00825883 0.00909356 0.0201788 0.00841965 0.0486287 0.00880262 0.0664354 0.00866058 0.0108679 
0.00361833 0.0041862 0.003548 0 0.00360519 0.00366198 0.00609652 0.00718284 0.988437 0.00659288 0.00841057 0.00389263 0.0236842 0.00744806 0.00768606 0.0281973 0.00871958 0.00887565 0.0143457 0.00903647 0.0246521 0.00858977 0.0366694 0.00886055 0.0190877 0.0084616 0.00856817 0.00973265 0.0084878 0.0281473 0.00841214 0.0385286 0.00871199 0.0130949 0.00877508 
0.00686087 0.00413764 0.0044477 0.00360519 0 0.00366444 0.00489801 0.994763 0.00483196 0.0093677 0.00416795 0.00941567 0.00567182 0.00877881 0.0252654 0.0075769 0.00876134 0.0121033 0.00750133 0.0181434 0.00958102 0.0171851 0.00858605 0.0147499 0.00843802 0.00939824 0.00801539 0.00904759 0.0214572 0.00832286 0.0196396 0.00867233 0.0128305 0.00894854 0.00920027 
0.00451943 0.0052775 0.00356228 0.00366198 0.00366444 0 0.992956 0.00382635 0.00467501 0.00390488 0.00544406 0.00397028 0.0274329 0.00666856 0.00655744 0.0084755 0.00722076 0.00700664 0.00842196 0.0112106 0.0110223 0.00838738 0.0105306 0.00860633 0.00964899 0.00793783 0.00778039 0.015537 0.00862588 0.0122513 0.008209 0.0109744 0.00852732 0.00930881 0.00879324 
0.00501868 0.00404209 0.00420414 0.00609652 0.00489801 0.992956 0 0.00373143 0.00379227 0.00372948 0.00435163 0.00422905 0.00411965 0.00482343 0.00589031 0.00649083 0.00752845 0.0130837 0.0277928 0.00810615 0.00838355 0.00758201 0.00840216 0.00837766 0.00942913 0.00855728 0.0148473 0.00831348 0.00918544 0.00814884 0.00963268 0.0085995 0.00910724 0.0102515 0.0145588 
0.00812846 0.00461567 0.00968072 0.00718284 0.994763 0.00382635 0.00373143 0 0.00361533 0.00368153 0.00358543 0.0038934 0.00378497 0.00781234 0.00896963 0.00697315 0.011734 0.0132469 0.00707826 0.00730577 0.00742393 0.00992134 0.00817448 0.0149539 0.00851186 0.0120527 0.00777788 0.00980409 0.0087447 0.00827803 0.0102523 0.00839409 0.0109542 0.0091453 0.0105658 
0.00536898 0.0170674 0.00569862 0.988437 0.00483196 0.00467501 0.00379227 0.00361533 0 0.00361896 0.00359863 0.00355695 0.00452794 0.0042408 0.00658214 0.0156482 0.00712909 0.00650195 0.00766638 0.00699616 0.011435 0.00766183 0.0217522 0.00821649 0.0124661 0.0078561 0.00812007 0.00828028 0.00813882 0.0149746 0.00819534 0.0199884 0.00914036 0.0103751 0.0084952 
0.0216535 0.00650403 0.982606 0.00659288 0.0093677 0.00390488 0.00372948 0.00368153 0.00361896 0 0.00354058 0.00364116 0.00354637 0.00692935 0.026097 0.00849749 0.0101096 0.00807817 0.00579582 0.0116716 0.00736994 0.0301041 0.00823822 0.0194413 0.00833032 0.0113372 0.00770426 0.00868215 0.0120851 0.00822954 0.0313378 0.0084384 0.021903 0.00861416 0.00980355 
0.00695101 0.985487 0.00590881 0.00841057 0.00416795 0.00544406 0.00435163 0.00358543 0.00359863 0.00354058 0 0.00355126 0.00499806 0.00757262 0.00377288 0.00990473 0.00445055 0.00535597 0.00571677 0.00645383 0.0197804 0.00684165 0.0204688 0.00732899 0.0109882 0.00730667 0.0075393 0.00972775 0.00821968 0.0180171 0.00813526 0.015339 0.00837706 0.0190102 0.00814575 
0.977895 0.00599488 0.0130196 0.00389263 0.00941567 0.00397028 0.00422905 0.0038934 0.00355695 0.00364116 0.00355126 0 0.0138307 0.00385329 0.00385886 0.00366527 0.00374582 0.00450037 0.0040658 0.0273685 0.00593313 0.0102226 0.00654536 0.00970851 0.00670958 0.00875684 0.00774965 0.0110122 0.0132798 0.00766297 0.0150147 0.0083338 0.0141993 0.00833359 0.012241 
0.00782887 0.0182614 0.00582102 0.0236842 0.00567182 0.0274329 0.00411965 0.00378497 0.00452794 0.00354637 0.00499806 0.0138307 0 0.00360489 0.00359066 0.00372739 0.00360431 0.00367624 0.00553306 0.00436944 0.0057366 0.00466046 0.00923409 0.00766448 0.283128 0.0483055 0.0229905 0.00771706 0.00723468 0.0148832 0.00780152 0.0260652 0.00830257 0.0258538 0.0159963 
0.0160499 0.00776489 0.00943551 0.00744806 0.00877881 0.00666856 0.00482343 0.00781234 0.0042408 0.00692935 0.00757262 0.00385329 0.00360489 0 0.00356508 0.00354353 0.0035561 0.00691876 0.0042226 0.00447089 0.00445968 0.00632684 0.00620773 0.0696196 0.0937871 0.0209428 0.00603055 0.00699594 0.0082176 0.00768397 0.00901832 0.00844346 0.00947535 0.0101333 0.00937574 
0.011451 0.00971048 0.0148584 0.00768606 0.0252654 0.00655744 0.00589031 0.00896963 0.00658214 0.026097 0.00377288 0.00385886 0.00359066 0.00356508 0 0.00349293 0.00362714 0.00358996 0.00356273 0.011563 0.00567983 0.0262951 0.0218864 0.544576 0.0238986 0.00706617 0.0056427 0.00689875 0.00801211 0.00782223 0.0109943 0.00850289 0.0152993 0.00866266 0.00805188 
0.00889009 0.0179859 0.00768451 0.0281973 0.0075769 0.0084755 0.00649083 0.00697315 0.0156482 0.00849749 0.00990473 0.00366527 0.00372739 0.00354353 0.00349293 0 0.00403663 0.00356287 0.00368698 0.00412108 0.00638687 0.00561622 0.92846 0.0109794 0.015655 0.00585688 0.0100233 0.00653543 0.00695645 0.0120838 0.00772282 0.0211047 0.00821095 0.0105066 0.00768918 
0.012829 0.00957098 0.0205692 0.00871958 0.00876134 0.00722076 0.00752845 0.011734 0.00712909 0.0101096 0.00445055 0.00374582 0.00360431 0.0035561 0.00362714 0.00403663 0 0.00362523 0.00355924 0.00466009 0.00571029 0.951363 0.00918802 0.00981041 0.0061626 0.0054746 0.00539738 0.0063674 0.00806421 0.0090034 0.0128577 0.00819912 0.0110872 0.00844898 0.00804818 
0.0127924 0.0241614 0.0111863 0.00887565 0.0121033 0.00700664 0.0130837 0.0132469 0.00650195 0.00807817 0.00535597 0.00450037 0.00367624 0.00691876 0.00358996 0.00356287 0.00362523 0 0.00361513 0.00769699 0.967165 0.00532879 0.00808806 0.00856282 0.00539773 0.00667669 0.00516354 0.0072172 0.0096152 0.00845612 0.00823548 0.00840404 0.0100334 0.00850806 0.00742747 
0.0252937 0.0160805 0.00804781 0.0143457 0.00750133 0.00842196 0.0277928 0.00707826 0.00766638 0.00579582 0.00571677 0.0040658 0.00553306 0.0042226 0.00356273 0.00368698 0.00355924 0.00361513 0 0.987992 0.00446948 0.00523256 0.00383154 0.00394456 0.00553003 0.00454916 0.00496859 0.0102337 0.00700856 0.00701546 0.00674448 0.00805199 0.00750634 0.00771658 0.00749047 
0.0504792 0.0100813 0.0173575 0.00903647 0.0181434 0.0112106 0.00810615 0.00730577 0.00699616 0.0116716 0.00645383 0.0273685 0.00436944 0.00447089 0.011563 0.00412108 0.00466009 0.00769699 0.987992 0 0.00369805 0.00356969 0.00362613 0.00368825 0.00395581 0.00523581 0.00691453 0.00588946 0.00643939 0.00610439 0.0126575 0.00685696 0.0101296 0.00917177 0.918926 
0.0091166 0.106673 0.00836052 0.0246521 0.00958102 0.0110223 0.00838355 0.00742393 0.011435 0.00736994 0.0197804 0.00593313 0.0057366 0.00445968 0.00567983 0.00638687 0.00571029 0.967165 0.00446948 0.00369805 0 0.00360696 0.00357315 0.00357715 0.00407496 0.00369624 0.00362918 0.00510835 0.00535011 0.0105647 0.00689469 0.0115179 0.00721242 0.967999 0.015609 
0.0247273 0.00872629 0.0734234 0.00858977 0.0171851 0.00838738 0.00758201 0.00992134 0.00766183 0.0301041 0.00684165 0.0102226 0.00466046 0.00632684 0.0262951 0.00561622 0.951363 0.00532879 0.00523256 0.00356969 0.00360696 0 0.00356872 0.00357418 0.00355726 0.003857 0.00360049 0.00443004 0.00985169 0.005633 0.0147839 0.00680114 0.98555 0.0111572 0.00769147 
0.00972468 0.0555274 0.00907636 0.0366694 0.00858605 0.0105306 0.00840216 0.00817448 0.0217522 0.00823822 0.0204688 0.00654536 0.00923409 0.00620773 0.0218864 0.92846 0.00918802 0.00808806 0.00383154 0.00362613 0.00357315 0.00356872 0 0.00357169 0.00360322 0.00365462 0.0035944 0.00647816 0.00476963 0.0121702 0.00647447 0.98681 0.0147035 0.0170284 0.00595874 
0.0204151 0.00893526 0.0375828 0.00886055 0.0147499 0.00860633 0.00837766 0.0149539 0.00821649 0.0194413 0.00732899 0.00970851 0.00766448 0.0696196 0.544576 0.0109794 0.00981041 0.00856282 0.00394456 0.00368825 0.00357715 0.00357418 0.00357169 0 0.00354923 0.00358971 0.00410342 0.00366489 0.00992729 0.00531934 0.985492 0.0114984 0.0251083 0.00654749 0.00798397 
0.00890422 0.0307149 0.00862861 0.0190877 0.00843802 0.00964899 0.00942913 0.00851186 0.0124661 0.00833032 0.0109882 0.00670958 0.283128 0.0937871 0.0238986 0.015655 0.0061626 0.00539773 0.00553003 0.00395581 0.00407496 0.00355726 0.00360322 0.00354923 0 0.00359065 0.00354605 0.00702787 0.00811798 0.975738 0.00631346 0.0162945 0.00596177 0.00732992 0.00507603 
0.011348 0.00930098 0.0105777 0.0084616 0.00939824 0.00793783 0.00855728 0.0120527 0.0078561 0.0113372 0.00730667 0.00875684 0.0483055 0.0209428 0.00706617 0.00585688 0.0054746 0.00667669 0.00454916 0.00523581 0.00369624 0.003857 0.00365462 0.00358971 0.00359065 0 0.00388537 0.00634124 0.983958 0.00678228 0.00663443 0.00482395 0.00634518 0.00562002 0.004581 
0.0117215 0.00955073 0.00825883 0.00856817 0.00801539 0.00778039 0.0148473 0.00777788 0.00812007 0.00770426 0.0075393 0.00774965 0.0229905 0.00603055 0.0056427 0.0100233 0.00539738 0.00516354 0.00496859 0.00691453 0.00362918 0.00360049 0.0035944 0.00410342 0.00354605 0.00388537 0 0.984235 0.00377103 0.00459726 0.00364898 0.00385388 0.00421757 0.00436819 0.00413408 
0.0126036 0.0099323 0.00909356 0.00973265 0.00904759 0.015537 0.00831348 0.00980409 0.00828028 0.00868215 0.00972775 0.0110122 0.00771706 0.00699594 0.00689875 0.00653543 0.0063674 0.0072172 0.0102337 0.00588946 0.00510835 0.00443004 0.00647816 0.00366489 0.00702787 0.00634124 0.984235 0 0.00413213 0.00371487 0.00380615 0.00383229 0.00398757 0.00411499 0.0134361 
0.0138657 0.00879809 0.0201788 0.0084878 0.0214572 0.00862588 0.00918544 0.0087447 0.00813882 0.0120851 0.00821968 0.0132798 0.00723468 0.0082176 0.00801211 0.00695645 0.00806421 0.0096152 0.00700856 0.00643939 0.00535011 0.00985169 0.00476963 0.00992729 0.00811798 0.983958 0.00377103 0.00413213 0 0.00356541 0.00374972 0.00363482 0.00383409 0.00421167 0.00644582 
0.00863293 0.0347926 0.00841965 0.0281473 0.00832286 0.0122513 0.00814884 0.00827803 0.0149746 0.00822954 0.0180171 0.00766297 0.0148832 0.00768397 0.00782223 0.0120838 0.0090034 0.00845612 0.00701546 0.00610439 0.0105647 0.005633 0.0121702 0.00531934 0.975738 0.00678228 0.00459726 0.00371487 0.00356541 0 0.00378124 0.00369972 0.00357743 0.00381232 0.00359452 
0.0223623 0.00839015 0.0486287 0.00841214 0.0196396 0.008209 0.00963268 0.0102523 0.00819534 0.0313378 0.00813526 0.0150147 0.00780152 0.00901832 0.0109943 0.00772282 0.0128577 0.00823548 0.00674448 0.0126575 0.00689469 0.0147839 0.00647447 0.985492 0.00631346 0.00663443 0.00364898 0.00380615 0.00374972 0.00378124 0 0.00351434 0.00364061 0.00355798 0.00380871 
0.009102 0.0434166 0.00880262 0.0385286 0.00867233 0.0109744 0.0085995 0.00839409 0.0199884 0.0084384 0.015339 0.0083338 0.0260652 0.00844346 0.00850289 0.0211047 0.00819912 0.00840404 0.00805199 0.00685696 0.0115179 0.00680114 0.98681 0.0114984 0.0162945 0.00482395 0.00385388 0.00383229 0.00363482 0.00369972 0.00351434 0 0.00355563 0.00361611 0.00362851 
0.0198908 0.00881839 0.0664354 0.00871199 0.0128305 0.00852732 0.00910724 0.0109542 0.00914036 0.021903 0.00837706 0.0141993 0.00830257 0.00947535 0.0152993 0.00821095 0.0110872 0.0100334 0.00750634 0.0101296 0.00721242 0.98555 0.0147035 0.0251083 0.00596177 0.00634518 0.00421757 0.00398757 0.00383409 0.00357743 0.00364061 0.00355563 0 0.00354153 0.00357231 
0.00933022 0.0461041 0.00866058 0.0130949 0.00894854 0.00930881 0.0102515 0.0091453 0.0103751 0.00861416 0.0190102 0.00833359 0.0258538 0.0101333 0.00866266 0.0105066 0.00844898 0.00850806 0.00771658 0.00917177 0.967999 0.0111572 0.0170284 0.00654749 0.00732992 0.00562002 0.00436819 0.00411499 0.00421167 0.00381232 0.00355798 0.00361611 0.00354153 0 0.00353513 
0.0244776 0.00924341 0.0108679 0.00877508 0.00920027 0.00879324 0.0145588 0.0105658 0.0084952 0.00980355 0.00814575 0.012241 0.0159963 0.00937574 0.00805188 0.00768918 0.00804818 0.00742747 0.00749047 0.918926 0.015609 0.00769147 0.00595874 0.00798397 0.00507603 0.004581 0.00413408 0.0134361 0.00644582 0.00359452 0.00380871 0.00362851 0.00357231 0.00353513 0 
