1B33N
GRLFKITACVPSQTRIRTQRELQNTYFTKLVPYENWFREQQRIQKMGGKIVKVELATGKQGINTGLA
CCEEEEEEECCCCCCCCCCCCHHHHEEEEEEEHHHHHHHHHHHHHCCCEEEEEEECCCCCCCCCCCC
0 0 0 0 0 0 0 0 0 0 0 0 0 0 0 0 0 0 0 0 0 0 0 0 0 0 0 0 0 0 0 0 0 0 0 0 0 0 0 0 0 0 0 0 0 0 0 0 0 0 0 0 0 0 0 0 0 0 0 0 0 0 0 0 0 0 0 
0 0 0 0 0 0 0 0 0 0 0 0 0 0 0 0 0 0 0 0 0 0 0 0 0 0 0 0 0 0 0 0 0 0 0 0 0 0 0 0 0 0 0 0 0 0 0 0 0 0 0 0 0 0 0 0 0 0 0 0 0 0 0 0 0 0 0 
0 0.00373343 0.00368648 0.00369875 0.00373437 0.00489712 0.00695642 0.0270294 0.0099311 0.0167374 0.0103009 0.0159215 0.011456 0.465472 0.0142984 0.0144022 0.0118807 0.0116874 0.0154135 0.0152585 0.0235264 
0.00373343 0 0.00369502 0.00360504 0.00358065 0.00635215 0.00392182 0.00899803 0.0195672 0.00907598 0.0154603 0.0128618 0.511521 0.0149918 0.0102225 0.0244371 0.0181764 0.0122225 0.0427834 0.0160653 0.0488204 
0.00368648 0.00369502 0 0.00359881 0.00363509 0.00360313 0.00364367 0.0217837 0.00891768 0.0390759 0.0123497 0.612726 0.0102499 0.0106775 0.0179515 0.0104012 0.0210351 0.0600586 0.0116967 0.1333 0.0102069 
0.00369875 0.00360504 0.00359881 0 0.00356666 0.00358754 0.00360307 0.00911621 0.0235677 0.00994562 0.642143 0.0123837 0.0131858 0.00871496 0.00943711 0.0285911 0.0246154 0.0129448 0.267151 0.00990188 0.0259233 
0.00373437 0.00358065 0.00363509 0.00356666 0 0.00358201 0.00361948 0.0170586 0.00844863 0.677065 0.0116696 0.0354347 0.00986279 0.010247 0.0132998 0.0104491 0.0246538 0.117625 0.0108707 0.0493642 0.0108188 
0.00489712 0.00635215 0.00360313 0.00358754 0.00358201 0 0.00375948 0.0114922 0.760856 0.0100454 0.0170178 0.0110911 0.0372323 0.0108557 0.0110103 0.0671763 0.0196196 0.0116012 0.0271856 0.0163718 0.0223119 
0.00695642 0.00392182 0.00364367 0.00360307 0.00361948 0.00375948 0 0.651194 0.0103009 0.0156425 0.00935053 0.0150271 0.00975358 0.027653 0.058672 0.0131297 0.0104444 0.0111117 0.0115704 0.0148542 0.0204311 
0.0270294 0.00899803 0.0217837 0.00911621 0.0170586 0.0114922 0.651194 0 0.0035953 0.00358465 0.0035845 0.0036403 0.00380694 0.00535372 0.0152105 0.00847964 0.0103195 0.010445 0.0098306 0.0209497 0.0160017 
0.0099311 0.0195672 0.00891768 0.0235677 0.00844863 0.760856 0.0103009 0.0035953 0 0.00361643 0.00360996 0.00359596 0.00376619 0.00364354 0.00824447 0.022014 0.00871518 0.0100072 0.0312609 0.00969265 0.0410501 
0.0167374 0.00907598 0.0390759 0.00994562 0.677065 0.0100454 0.0156425 0.00358465 0.00361643 0 0.00362759 0.00364158 0.00361254 0.00353857 0.0130829 0.00887846 0.0164624 0.0168918 0.0125487 0.0299675 0.00904637 
0.0103009 0.0154603 0.0123497 0.642143 0.0116696 0.0170178 0.00935053 0.0035845 0.00360996 0.00362759 0 0.00358062 0.00356707 0.00353763 0.0100049 0.0152414 0.0111629 0.0144164 0.0324798 0.010945 0.00940161 
0.0159215 0.0128618 0.612726 0.0123837 0.0354347 0.0110911 0.0150271 0.0036403 0.00359596 0.00364158 0.00358062 0 0.00359893 0.00394548 0.0143508 0.0102359 0.0213301 0.029184 0.0135482 0.0136481 0.00944878 
0.011456 0.511521 0.0102499 0.0131858 0.00986279 0.0372323 0.00975358 0.00380694 0.00376619 0.00361254 0.00356707 0.00359893 0 0.00359957 0.0091486 0.0355279 0.0119806 0.0158923 0.0162932 0.0128465 0.0103444 
0.465472 0.0149918 0.0106775 0.00871496 0.010247 0.0108557 0.027653 0.00535372 0.00364354 0.00353857 0.00353763 0.00394548 0.00359957 0 0.0344596 0.00876425 0.00882633 0.00897174 0.00786701 0.0154706 0.0146055 
0.0142984 0.0102225 0.0179515 0.00943711 0.0132998 0.0110103 0.058672 0.0152105 0.00824447 0.0130829 0.0100049 0.0143508 0.0091486 0.0344596 0 0.00533302 0.00357362 0.00456373 0.00369408 0.0094623 0.00671937 
0.0144022 0.0244371 0.0104012 0.0285911 0.0104491 0.0671763 0.0131297 0.00847964 0.022014 0.00887846 0.0152414 0.0102359 0.0355279 0.00876425 0.00533302 0 0.0035948 0.00359232 0.00463937 0.00362474 0.00441558 
0.0118807 0.0181764 0.0210351 0.0246154 0.0246538 0.0196196 0.0104444 0.0103195 0.00871518 0.0164624 0.0111629 0.0213301 0.0119806 0.00882633 0.00357362 0.0035948 0 0.00367885 0.00375421 0.0037669 0.00384324 
0.0116874 0.0122225 0.0600586 0.0129448 0.117625 0.0116012 0.0111117 0.010445 0.0100072 0.0168918 0.0144164 0.029184 0.0158923 0.00897174 0.00456373 0.00359232 0.00367885 0 0.0035452 0.00382722 0.00362641 
0.0154135 0.0427834 0.0116967 0.267151 0.0108707 0.0271856 0.0115704 0.0098306 0.0312609 0.0125487 0.0324798 0.0135482 0.0162932 0.00786701 0.00369408 0.00463937 0.00375421 0.0035452 0 0.00355595 0.00397963 
0.0152585 0.0160653 0.1333 0.00990188 0.0493642 0.0163718 0.0148542 0.0209497 0.00969265 0.0299675 0.010945 0.0136481 0.0128465 0.0154706 0.0094623 0.00362474 0.0037669 0.00382722 0.00355595 0 0.00358069 
0.0235264 0.0488204 0.0102069 0.0259233 0.0108188 0.0223119 0.0204311 0.0160017 0.0410501 0.00904637 0.00940161 0.00944878 0.0103444 0.0146055 0.00671937 0.00441558 0.00384324 0.00362641 0.00397963 0.00358069 0 
