1B78A
KIYFATGNPNKIKEANIILKDLKDVEIEQIKISYPEIQGTLEEVAEFGAKWVYNILKKPVIVEDSGFFVEALNGFPGTYSKFVQETIGNEGILKLLEGKDNRNAYFKTVIGYCDENGVRLFKGIVKGRVSEEIRSKGYGFAYDSIFIPEEEERTFAEMTTEEKSQISHRKKAFEEFKKFLLDRI
CEEEECCCHHHHHHHHHHCCCCCCCCEEEECCCCCCECCCHHHHHHHHHHHHHHHHCCCEEEEEEEEEEHHHCCCEECCHHHHHHHCHHHHHHHHHCCCCCCEEEEEEEEEEEECCEEEEEEEEEEEEECCCCCCCCCCCHHHHCEEECCCCCCHHHCCHHHHCCCCHHHHHHHHHHHHHHCCC
0 0 0 0 0 0 0 0 0 0 0 0 0 0 0 0 0 0 0 0 0 0 0 0 0 0 0 0 0 0 0 0 0 0 0 0 0 0 0 0 0 0 0 0 0 0 0 0 0 0 0 0 0 0 0 0 0 0 0 0 0 0 0 0 0 0 0 0 0 0 0 0 0 0 0 0 0 0 0 0 0 0 0 0 0 0 0 0 0 0 0 0 0 0 0 0 0 0 0 0 0 0 0 0 0 0 0 0 0 0 0 0 0 0 0 0 0 0 0 0 0 0 0 0 0 0 0 0 0 0 0 0 0 0 0 0 0 0 0 0 0 0 0 0 0 0 0 0 0 0 0 0 0 0 0 0 0 0 0 0 0 0 0 0 0 0 0 0 0 0 0 0 0 0 0 0 0 0 0 0 0 0 0 0 
0 0 0 0 0 0 0 0 0 0 0 0 0 0 0 0 0 0 0 0 0 0 0 0 0 0 0 0 0 0 0 0 0 0 0 0 0 0 0 0 0 0 0 0 0 0 0 0 0 0 0 0 0 0 0 0 0 0 0 0 0 0 0 0 0 0 0 0 0 0 0 0 0 0 0 0 0 0 0 0 0 0 0 0 0 0 0 0 0 0 0 0 0 0 0 0 0 0 0 0 0 0 0 0 0 0 0 0 0 0 0 0 0 0 0 0 0 0 0 0 0 0 0 0 0 0 0 0 0 0 0 0 0 0 0 0 0 0 0 0 0 0 0 0 0 0 0 0 0 0 0 0 0 0 0 0 0 0 0 0 0 0 0 0 0 0 0 0 0 0 0 0 0 0 0 0 0 0 0 0 0 0 0 0 
0 0.00404964 0.00381455 0.00512218 0.793126 0.0244634 0.0218195 0.0535894 0.033684 0.0916832 0.0351969 0.0400716 0.0145461 0.0194211 0.0147772 0.0234678 0.0292524 0.0125199 0.0351474 0.00935431 0.01814 0.0105233 0.0133582 0.00930784 0.0146469 0.0116732 0.0196607 0.016785 0.0174172 0.015739 0.0136723 0.0102158 0.0100856 0.00873654 0.00858016 0.00885064 0.0090889 0.0102091 0.00886412 0.0133497 0.00905132 0.0111725 0.00901504 0.014037 0.00872838 0.011532 0.0110063 0.00911509 0.00962523 
0.00404964 0 0.00383049 0.0036492 0.0419358 0.750967 0.0283424 0.0148936 0.0131858 0.0618336 0.108213 0.0404685 0.0455401 0.0172719 0.0301668 0.0299154 0.034008 0.0234827 0.0103023 0.00949467 0.00981195 0.00980867 0.00997887 0.0180577 0.0111256 0.0180696 0.0182815 0.0258532 0.0184972 0.0217988 0.014553 0.0114032 0.00850436 0.00830021 0.00868307 0.00905309 0.00981471 0.0087942 0.011315 0.00930891 0.0109093 0.00891788 0.0104488 0.00905554 0.010752 0.00844253 0.0100579 0.0101843 0.00839928 
0.00381455 0.00383049 0 0.00359157 0.0284918 0.0275708 0.739632 0.0212649 0.0153911 0.016921 0.0439426 0.0472001 0.0289041 0.0226681 0.0173199 0.0250491 0.031522 0.0242616 0.0139357 0.00932134 0.0119716 0.00946455 0.0107549 0.0103508 0.0150686 0.0112777 0.0184604 0.016488 0.0226549 0.0177338 0.0161435 0.0124795 0.00896155 0.00835181 0.00869651 0.00940313 0.0091672 0.0100231 0.00905282 0.0102707 0.00935782 0.00951283 0.00916841 0.0106917 0.00913106 0.00885151 0.0199418 0.00966052 0.00836878 
0.00512218 0.0036492 0.00359157 0 0.0213563 0.0189701 0.0322353 0.614 0.0231714 0.0352953 0.0131448 0.0152055 0.0136831 0.0118548 0.0104937 0.0129763 0.0128603 0.0115127 0.0146822 0.0118409 0.0134913 0.0102553 0.0089602 0.00889521 0.00908469 0.00928853 0.00963225 0.0103342 0.0103949 0.010542 0.00970476 0.00884705 0.00865589 0.00973142 0.00860148 0.00845559 0.00850104 0.00852491 0.00844998 0.00879911 0.00852039 0.00848498 0.00843255 0.0088922 0.00842982 0.00890839 0.011694 0.00849855 0.0084168 
0.793126 0.0419358 0.0284918 0.0213563 0 0.00368855 0.00370262 0.00445581 0.0107734 0.0678986 0.0160346 0.0140403 0.00964196 0.00948127 0.00944335 0.0106566 0.010621 0.0103424 0.0424603 0.00884335 0.0138334 0.00854515 0.0120831 0.00833088 0.0111373 0.0089488 0.0102722 0.00996091 0.0105235 0.00993046 0.00961675 0.00896653 0.0119456 0.00863682 0.00853469 0.00860873 0.00845221 0.0100021 0.00821737 0.0109249 0.00826599 0.00972267 0.00814347 0.0113455 0.00819078 0.0148857 0.00873169 0.00845411 0.00988756 
0.0244634 0.750967 0.0275708 0.0189701 0.00368855 0 0.00359023 0.0035577 0.00527971 0.031853 0.0495828 0.0135311 0.015052 0.00951619 0.011595 0.0109537 0.0127898 0.0132517 0.00910886 0.00937299 0.00881133 0.00930428 0.0085253 0.0137627 0.00912719 0.0107856 0.0108457 0.0123596 0.0119216 0.0129014 0.00984862 0.00896506 0.00834671 0.00814821 0.00840891 0.00845467 0.00881316 0.00823336 0.00971138 0.0084843 0.00957664 0.00831212 0.00960376 0.00841739 0.00976408 0.00834999 0.00871439 0.00859981 0.00831327 
0.0218195 0.0283424 0.739632 0.0322353 0.00370262 0.00359023 0 0.00355856 0.00780979 0.0186491 0.0352077 0.0280798 0.014564 0.0124198 0.0099507 0.0130622 0.0146958 0.0139682 0.0100305 0.00900482 0.0102744 0.00866776 0.010205 0.00877899 0.0103166 0.00936554 0.0102606 0.0102699 0.0108812 0.0109038 0.0109692 0.0095612 0.00846618 0.00824548 0.00841509 0.00841482 0.00850802 0.00866311 0.00848225 0.00892509 0.00850833 0.00859994 0.00838761 0.00892156 0.00897291 0.00832749 0.00873377 0.00883404 0.00818112 
0.0535894 0.0148936 0.0212649 0.614 0.00445581 0.0035577 0.00355856 0 0.0337873 0.0254465 0.0138095 0.0222999 0.0141284 0.0111745 0.00980316 0.0112727 0.011521 0.0103791 0.0178785 0.0101453 0.0131767 0.00950428 0.0109062 0.00858354 0.00959741 0.0089789 0.00938066 0.00943964 0.00945787 0.00963394 0.00917324 0.00870053 0.00864897 0.00887923 0.00853378 0.00845933 0.00841473 0.0091136 0.00833462 0.00945872 0.00837594 0.00875958 0.00829633 0.00989955 0.00825615 0.00902057 0.010577 0.00841223 0.00844126 
0.033684 0.0131858 0.0153911 0.0231714 0.0107734 0.00527971 0.00780979 0.0337873 0 0.0233063 0.0164066 0.0144596 0.0125122 0.0119508 0.010573 0.0113988 0.0112076 0.0132567 0.0230779 0.0119172 0.0194489 0.0098525 0.0104262 0.0082874 0.0086591 0.00846716 0.00876128 0.00864773 0.00891184 0.00877598 0.00855945 0.00864648 0.00958181 0.00893509 0.00828522 0.00822091 0.0082205 0.00849671 0.00822311 0.0085498 0.00820658 0.00836876 0.00814285 0.00876091 0.00823872 0.01024 0.0101188 0.0083342 0.00967279 
0.0916832 0.0618336 0.016921 0.0352953 0.0678986 0.031853 0.0186491 0.0254465 0.0233063 0 0.00366851 0.00364283 0.00358792 0.00359205 0.00364124 0.00366296 0.00429102 0.0107257 0.00894244 0.0116504 0.0167073 0.0445009 0.0183151 0.0125206 0.0115661 0.0126942 0.0171756 0.0167639 0.0167118 0.0159903 0.0181921 0.034398 0.0175491 0.0108371 0.00973635 0.0095352 0.00997246 0.00958841 0.00995993 0.00986573 0.00988805 0.00924067 0.00970845 0.0101921 0.0105993 0.0195558 0.0172508 0.0100686 0.0139081 
0.0351969 0.108213 0.0439426 0.0131448 0.0160346 0.0495828 0.0352077 0.0138095 0.0164066 0.00366851 0 0.00358632 0.00356854 0.00364453 0.00380477 0.00379385 0.00509535 0.0203743 0.00460482 0.010144 0.0111438 0.0145423 0.0319456 0.0212078 0.0213985 0.0267808 0.0368677 0.0447831 0.0434608 0.0442032 0.0806113 0.0195864 0.00996546 0.00892941 0.00985533 0.0103979 0.0133517 0.0111425 0.0139386 0.0127744 0.0139694 0.0118139 0.0127339 0.0122642 0.0195989 0.00959903 0.0110556 0.0138533 0.00898741 
0.0400716 0.0404685 0.0472001 0.0152055 0.0140403 0.0135311 0.0280798 0.0222999 0.0144596 0.00364283 0.00358632 0 0.00356119 0.00355083 0.00357156 0.00365505 0.00425059 0.00478223 0.00424932 0.00678065 0.0093456 0.0105218 0.0190268 0.0206906 0.0439708 0.0326834 0.050136 0.0610052 0.0622385 0.135466 0.0563711 0.0176825 0.0101766 0.00876961 0.00920431 0.0124496 0.0124747 0.0259992 0.0113863 0.0243506 0.0120949 0.0269241 0.0110511 0.0259272 0.00995917 0.011458 0.0104949 0.00992951 0.00896406 
0.0145461 0.0455401 0.0289041 0.0136831 0.00964196 0.015052 0.014564 0.0141284 0.0125122 0.00358792 0.00356854 0.00356119 0 0.00354699 0.00354635 0.00381138 0.00371485 0.00374257 0.00370125 0.00661244 0.007445 0.0113122 0.0109608 0.0366825 0.023758 0.033649 0.032962 0.0554552 0.109511 0.0586289 0.0405444 0.0145347 0.00937297 0.00865998 0.00901597 0.0102376 0.0153385 0.0104237 0.0185415 0.0109152 0.0226264 0.0106497 0.0197954 0.0102804 0.0137289 0.00929575 0.00962975 0.0100595 0.00897658 
0.0194211 0.0172719 0.0226681 0.0118548 0.00948127 0.00951619 0.0124198 0.0111745 0.0119508 0.00359205 0.00364453 0.00355083 0.00354699 0 0.0035496 0.00355785 0.00360464 0.00356661 0.00359023 0.00593731 0.00794711 0.0099326 0.0151788 0.0120454 0.0283894 0.0214564 0.0309962 0.0838169 0.0399563 0.0366994 0.0258827 0.0128582 0.00927343 0.00843147 0.00880714 0.00986595 0.00990212 0.0156107 0.00957749 0.0228245 0.00997187 0.0175535 0.00939205 0.0165989 0.0090691 0.00923428 0.00915153 0.00904391 0.00862902 
0.0147772 0.0301668 0.0173199 0.0104937 0.00944335 0.011595 0.0099507 0.00980316 0.010573 0.00364124 0.00380477 0.00357156 0.00354635 0.0035496 0 0.00362528 0.00356738 0.00357744 0.0035856 0.00641697 0.00717605 0.0119258 0.0113447 0.0225796 0.0190943 0.0259782 0.0789895 0.0364343 0.0358643 0.0391924 0.0342852 0.0114916 0.00918358 0.00857025 0.0088643 0.00997001 0.0123076 0.0106361 0.0131243 0.0114687 0.0146474 0.0105748 0.012404 0.0109658 0.010637 0.00905838 0.00991453 0.00915699 0.00869252 
0.0234678 0.0299154 0.0250491 0.0129763 0.0106566 0.0109537 0.0130622 0.0112727 0.0113988 0.00366296 0.00379385 0.00365505 0.00381138 0.00355785 0.00362528 0 0.00355917 0.0035837 0.00358129 0.00581629 0.00759671 0.0124382 0.0199066 0.017995 0.033624 0.0597208 0.0407701 0.0419602 0.0414414 0.0517568 0.0336078 0.0146876 0.00923152 0.0087776 0.0091014 0.0107964 0.0118575 0.0171083 0.0114702 0.0223552 0.0128792 0.0152328 0.0116369 0.0163496 0.0115142 0.00955808 0.00998985 0.00980578 0.00885284 
0.0292524 0.034008 0.031522 0.0128603 0.010621 0.0127898 0.0146958 0.011521 0.0112076 0.00429102 0.00509535 0.00425059 0.00371485 0.00360464 0.00356738 0.00355917 0 0.00356163 0.00357323 0.00625628 0.0816231 0.0148951 0.0189816 0.0221496 0.0393234 0.0356461 0.0424102 0.0520105 0.0546301 0.0502048 0.0426544 0.0138936 0.00979732 0.00864061 0.00957467 0.0111845 0.0139761 0.0141806 0.0182546 0.0171702 0.013446 0.0160139 0.0122235 0.0155457 0.0102344 0.0107674 0.00993578 0.00961523 0.00936543 
0.0125199 0.0234827 0.0242616 0.0115127 0.0103424 0.0132517 0.0139682 0.0103791 0.0132567 0.0107257 0.0203743 0.00478223 0.00374257 0.00356661 0.00357744 0.0035837 0.00356163 0 0.00354571 0.122773 0.0362962 0.0220816 0.0112909 0.0223533 0.0142819 0.0182299 0.0157044 0.0184988 0.018221 0.0225865 0.017374 0.0177957 0.00963174 0.00997591 0.00922375 0.00970255 0.0100514 0.00976776 0.011537 0.00979737 0.0126308 0.0093376 0.0123968 0.00938694 0.0177496 0.00963905 0.0112952 0.0114461 0.00894514 
0.0351474 0.0103023 0.0139357 0.0146822 0.0424603 0.00910886 0.0100305 0.0178785 0.0230779 0.00894244 0.00460482 0.00424932 0.00370125 0.00359023 0.0035856 0.00358129 0.00357323 0.00354571 0 0.0418725 0.00633356 0.0119436 0.0273335 0.00944567 0.0153385 0.0104127 0.0126708 0.0121041 0.0121746 0.0124217 0.0125569 0.0108225 0.010866 0.0133213 0.00938383 0.00895955 0.00902134 0.0109074 0.00883065 0.0116913 0.00875102 0.00992243 0.00869854 0.0125211 0.00896051 0.0141311 0.0151686 0.00938583 0.00948251 
0.00935431 0.00949467 0.00932134 0.0118409 0.00884335 0.00937299 0.00900482 0.0101453 0.0119172 0.0116504 0.010144 0.00678065 0.00661244 0.00593731 0.00641697 0.00581629 0.00625628 0.122773 0.0418725 0 0.00369136 0.0424358 0.00938575 0.0113988 0.00921196 0.00952879 0.00933851 0.00951628 0.0093292 0.00966111 0.00932999 0.0193761 0.0102917 0.00891152 0.00890574 0.00851098 0.00881647 0.00855145 0.00894841 0.00852557 0.0089271 0.00843211 0.00882084 0.00852061 0.014167 0.0101712 0.00947902 0.00886763 0.00906858 
0.01814 0.00981195 0.0119716 0.0134913 0.0138334 0.00881133 0.0102744 0.0131767 0.0194489 0.0167073 0.0111438 0.0093456 0.007445 0.00794711 0.00717605 0.00759671 0.0816231 0.0362962 0.00633356 0.00369136 0 0.0131856 0.0202416 0.00927348 0.0144193 0.0114117 0.0133989 0.0121577 0.014214 0.0129768 0.0134643 0.0137841 0.0135728 0.00919605 0.00879405 0.00876873 0.00875998 0.00915823 0.00894834 0.00974011 0.00878848 0.00906323 0.00880219 0.0102442 0.00899389 0.033722 0.0123216 0.00970142 0.009719 
0.0105233 0.00980867 0.00946455 0.0102553 0.00854515 0.00930428 0.00866776 0.00950428 0.0098525 0.0445009 0.0145423 0.0105218 0.0113122 0.0099326 0.0119258 0.0124382 0.0148951 0.0220816 0.0119436 0.0424358 0.0131856 0 0.00376162 0.00382039 0.0035976 0.00365833 0.00367133 0.00376407 0.00406812 0.00430957 0.00513534 0.00680416 0.00970295 0.00763635 0.00670026 0.00751192 0.00912016 0.00723844 0.0185557 0.00755157 0.0193988 0.00773927 0.0149681 0.0086386 0.831057 0.0429234 0.0131411 0.00976232 0.0124645 
0.0133582 0.00997887 0.0107549 0.0089602 0.0120831 0.0085253 0.010205 0.0109062 0.0104262 0.0183151 0.0319456 0.0190268 0.0109608 0.0151788 0.0113447 0.0199066 0.0189816 0.0112909 0.0273335 0.00938575 0.0202416 0.00376162 0 0.00356198 0.00355564 0.00356685 0.00362974 0.00378496 0.0037618 0.00419647 0.004982 0.00822361 0.00589402 0.00575568 0.00754082 0.00738933 0.00734469 0.0147633 0.00770032 0.0300678 0.00787455 0.0243422 0.00813604 0.949528 0.00971438 0.016597 0.0103136 0.0134393 0.0108638 
0.00930784 0.0180577 0.0103508 0.00889521 0.00833088 0.0137627 0.00877899 0.00858354 0.0082874 0.0125206 0.0212078 0.0206906 0.0366825 0.0120454 0.0225796 0.017995 0.0221496 0.0223533 0.00944567 0.0113988 0.00927348 0.00382039 0.00356198 0 0.00354677 0.00356711 0.00362526 0.00361477 0.00364136 0.00371249 0.00541368 0.00608577 0.00445074 0.0057863 0.00654074 0.00829614 0.0111986 0.00763057 0.0230424 0.00795033 0.0181153 0.00810517 0.977616 0.00926773 0.0421323 0.00842518 0.0117762 0.00999935 0.00869998 
0.0146469 0.0111256 0.0150686 0.00908469 0.0111373 0.00912719 0.0103166 0.00959741 0.0086591 0.0115661 0.0213985 0.0439708 0.023758 0.0283894 0.0190943 0.033624 0.0393234 0.0142819 0.0153385 0.00921196 0.0144193 0.0035976 0.00355564 0.00354677 0 0.00355171 0.00355286 0.00360091 0.00364962 0.00397236 0.0043054 0.00435397 0.00399622 0.00566077 0.00722832 0.00911818 0.00740768 0.0220655 0.00773724 0.0159386 0.00852278 0.973009 0.0105524 0.0339845 0.00857306 0.0142543 0.010739 0.0108234 0.00991836 
0.0116732 0.0180696 0.0112777 0.00928853 0.0089488 0.0107856 0.00936554 0.0089789 0.00846716 0.0126942 0.0267808 0.0326834 0.033649 0.0214564 0.0259782 0.0597208 0.0356461 0.0182299 0.0104127 0.00952879 0.0114117 0.00365833 0.00356685 0.00356711 0.00355171 0 0.00354327 0.00359647 0.00359666 0.00361874 0.00427226 0.00357064 0.00379233 0.00528586 0.00747505 0.0078224 0.0136316 0.00744524 0.0107265 0.00980658 0.966283 0.0141118 0.0178696 0.00869684 0.0171828 0.00944999 0.012548 0.0101569 0.00965809 
0.0196607 0.0182815 0.0184604 0.00963225 0.0102722 0.0108457 0.0102606 0.00938066 0.00876128 0.0171756 0.0368677 0.050136 0.032962 0.0309962 0.0789895 0.0407701 0.0424102 0.0157044 0.0126708 0.00933851 0.0133989 0.00367133 0.00362974 0.00362526 0.00355286 0.00354327 0 0.0035665 0.00358967 0.00359442 0.0036142 0.00366523 0.00362162 0.00596848 0.00712976 0.012168 0.00732273 0.00991016 0.008973 0.950282 0.0191762 0.0167212 0.0089846 0.0162599 0.0112184 0.010878 0.0134446 0.0147092 0.00991416 
0.016785 0.0258532 0.016488 0.0103342 0.00996091 0.0123596 0.0102699 0.00943964 0.00864773 0.0167639 0.0447831 0.0610052 0.0554552 0.0838169 0.0364343 0.0419602 0.0520105 0.0184988 0.0121041 0.00951628 0.0121577 0.00376407 0.00378496 0.00361477 0.00360091 0.00359647 0.0035665 0 0.00357464 0.00359088 0.00360047 0.00360344 0.0036464 0.00432957 0.00985783 0.00715133 0.00865903 0.0101548 0.936049 0.0288627 0.0164532 0.00897385 0.0112374 0.0114808 0.0130347 0.010221 0.0213676 0.0125551 0.0103464 
0.0174172 0.0184972 0.0226549 0.0103949 0.0105235 0.0119216 0.0108812 0.00945787 0.00891184 0.0167118 0.0434608 0.0622385 0.109511 0.0399563 0.0358643 0.0414414 0.0546301 0.018221 0.0121746 0.0093292 0.014214 0.00406812 0.0037618 0.00364136 0.00364962 0.00359666 0.00358967 0.00357464 0 0.00359398 0.00361505 0.00359088 0.00358364 0.0078377 0.00483872 0.00777797 0.00981922 0.960941 0.019792 0.0172387 0.00862789 0.0138815 0.00904014 0.0130532 0.00979533 0.0122463 0.0146856 0.0174426 0.00996223 
0.015739 0.0217988 0.0177338 0.010542 0.00993046 0.0129014 0.0109038 0.00963394 0.00877598 0.0159903 0.0442032 0.135466 0.0586289 0.0366994 0.0391924 0.0517568 0.0502048 0.0225865 0.0124217 0.00966111 0.0129768 0.00430957 0.00419647 0.00371249 0.00397236 0.00361874 0.00359442 0.00359088 0.00359398 0 0.00355969 0.00357508 0.00357765 0.00374783 0.00554669 0.0124238 0.959406 0.0154205 0.00977404 0.00897955 0.0135556 0.00982114 0.00926667 0.00970904 0.0137589 0.0102257 0.0193119 0.0126518 0.0105877 
0.0136723 0.014553 0.0161435 0.00970476 0.00961675 0.00984862 0.0109692 0.00917324 0.00855945 0.0181921 0.0806113 0.0563711 0.0405444 0.0258827 0.0342852 0.0336078 0.0426544 0.017374 0.0125569 0.00932999 0.0134643 0.00513534 0.004982 0.00541368 0.0043054 0.00427226 0.0036142 0.00360047 0.00361505 0.00355969 0 0.0035581 0.00357274 0.00645782 0.0139514 0.971474 0.0172986 0.00982622 0.00736886 0.0119771 0.0100133 0.0116604 0.00777354 0.0108122 0.00949285 0.0171561 0.0131744 0.0143031 0.0105115 
0.0102158 0.0114032 0.0124795 0.00884705 0.00896653 0.00896506 0.0095612 0.00870053 0.00864648 0.034398 0.0195864 0.0176825 0.0145347 0.0128582 0.0114916 0.0146876 0.0138936 0.0177957 0.0108225 0.0193761 0.0137841 0.00680416 0.00822361 0.00608577 0.00435397 0.00357064 0.00366523 0.00360344 0.00359088 0.00357508 0.0035581 0 0.00384639 0.00682127 0.996216 0.0086566 0.00541303 0.00531122 0.00647765 0.00767577 0.00720378 0.00711817 0.0069901 0.00748286 0.0104864 0.00932966 0.0122188 0.0229138 0.0096814 
0.0100856 0.00850436 0.00896155 0.00865589 0.0119456 0.00834671 0.00846618 0.00864897 0.00958181 0.0175491 0.00996546 0.0101766 0.00937297 0.00927343 0.00918358 0.00923152 0.00979732 0.00963174 0.010866 0.0102917 0.0135728 0.00970295 0.00589402 0.00445074 0.00399622 0.00379233 0.00362162 0.0036464 0.00358364 0.00357765 0.00357274 0.00384639 0 0.993008 0.00518593 0.00508049 0.00369842 0.00431343 0.00412419 0.00482346 0.00551865 0.00592701 0.00565897 0.00642387 0.00609217 0.007922 0.0163367 0.00970963 0.00925654 
0.00873654 0.00830021 0.00835181 0.00973142 0.00863682 0.00814821 0.00824548 0.00887923 0.00893509 0.0108371 0.00892941 0.00876961 0.00865998 0.00843147 0.00857025 0.0087776 0.00864061 0.00997591 0.0133213 0.00891152 0.00919605 0.00763635 0.00575568 0.0057863 0.00566077 0.00528586 0.00596848 0.00432957 0.0078377 0.00374783 0.00645782 0.00682127 0.993008 0 0.00380061 0.00363183 0.00363113 0.00363799 0.00371572 0.00375056 0.00419186 0.00466237 0.00488438 0.00515532 0.00641217 0.0201191 0.0113498 0.00887737 0.0160354 
0.00858016 0.00868307 0.00869651 0.00860148 0.00853469 0.00840891 0.00841509 0.00853378 0.00828522 0.00973635 0.00985533 0.00920431 0.00901597 0.00880714 0.0088643 0.0091014 0.00957467 0.00922375 0.00938383 0.00890574 0.00879405 0.00670026 0.00754082 0.00654074 0.00722832 0.00747505 0.00712976 0.00985783 0.00483872 0.00554669 0.0139514 0.996216 0.00518593 0.00380061 0 0.00366326 0.00365631 0.00353472 0.00362689 0.0039173 0.00368613 0.00440414 0.0046403 0.00599032 0.00680729 0.00719956 0.00962463 0.0110205 0.00931581 
0.00885064 0.00905309 0.00940313 0.00845559 0.00860873 0.00845467 0.00841482 0.00845933 0.00822091 0.0095352 0.0103979 0.0124496 0.0102376 0.00986595 0.00997001 0.0107964 0.0111845 0.00970255 0.00895955 0.00851098 0.00876873 0.00751192 0.00738933 0.00829614 0.00911818 0.0078224 0.012168 0.00715133 0.00777797 0.0124238 0.971474 0.0086566 0.00508049 0.00363183 0.00366326 0 0.00358684 0.00356774 0.00354447 0.00356899 0.00366868 0.00407219 0.00411467 0.00508055 0.00512603 0.00629513 0.0099318 0.00884672 0.0088336 
0.0090889 0.00981471 0.0091672 0.00850104 0.00845221 0.00881316 0.00850802 0.00841473 0.0082205 0.00997246 0.0133517 0.0124747 0.0153385 0.00990212 0.0123076 0.0118575 0.0139761 0.0100514 0.00902134 0.00881647 0.00875998 0.00912016 0.00734469 0.0111986 0.00740768 0.0136316 0.00732273 0.00865903 0.00981922 0.959406 0.0172986 0.00541303 0.00369842 0.00363113 0.00365631 0.00358684 0 0.00354153 0.00358468 0.00353877 0.00369401 0.00411618 0.00496994 0.00384205 0.00607917 0.00549729 0.00963529 0.0101635 0.00858433 
0.0102091 0.0087942 0.0100231 0.00852491 0.0100021 0.00823336 0.00866311 0.0091136 0.00849671 0.00958841 0.0111425 0.0259992 0.0104237 0.0156107 0.0106361 0.0171083 0.0141806 0.00976776 0.0109074 0.00855145 0.00915823 0.00723844 0.0147633 0.00763057 0.0220655 0.00744524 0.00991016 0.0101548 0.960941 0.0154205 0.00982622 0.00531122 0.00431343 0.00363799 0.00353472 0.00356774 0.00354153 0 0.00355015 0.00359848 0.00601922 0.00421879 0.00368011 0.00674307 0.00379079 0.00627586 0.00967543 0.00896822 0.0101967 
0.00886412 0.011315 0.00905282 0.00844998 0.00821737 0.00971138 0.00848225 0.00833462 0.00822311 0.00995993 0.0139386 0.0113863 0.0185415 0.00957749 0.0131243 0.0114702 0.0182546 0.011537 0.00883065 0.00894841 0.00894834 0.0185557 0.00770032 0.0230424 0.00773724 0.0107265 0.008973 0.936049 0.019792 0.00977404 0.00736886 0.00647765 0.00412419 0.00371572 0.00362689 0.00354447 0.00358468 0.00355015 0 0.003665 0.00369686 0.00357663 0.003809 0.00358652 0.00419353 0.00411563 0.00943376 0.0103048 0.00894126 
0.0133497 0.00930891 0.0102707 0.00879911 0.0109249 0.0084843 0.00892509 0.00945872 0.0085498 0.00986573 0.0127744 0.0243506 0.0109152 0.0228245 0.0114687 0.0223552 0.0171702 0.00979737 0.0116913 0.00852557 0.00974011 0.00755157 0.0300678 0.00795033 0.0159386 0.00980658 0.950282 0.0288627 0.0172387 0.00897955 0.0119771 0.00767577 0.00482346 0.00375056 0.0039173 0.00356899 0.00353877 0.00359848 0.003665 0 0.00363023 0.00370987 0.00359789 0.00392759 0.00359843 0.00391533 0.0175944 0.00919983 0.0101396 
0.00905132 0.0109093 0.00935782 0.00852039 0.00826599 0.00957664 0.00850833 0.00837594 0.00820658 0.00988805 0.0139694 0.0120949 0.0226264 0.00997187 0.0146474 0.0128792 0.013446 0.0126308 0.00875102 0.0089271 0.00878848 0.0193988 0.00787455 0.0181153 0.00852278 0.966283 0.0191762 0.0164532 0.00862789 0.0135556 0.0100133 0.00720378 0.00551865 0.00419186 0.00368613 0.00366868 0.00369401 0.00601922 0.00369686 0.00363023 0 0.00353439 0.00366449 0.00358664 0.0038702 0.00363983 0.0100386 0.0153917 0.00851111 
0.0111725 0.00891788 0.00951283 0.00848498 0.00972267 0.00831212 0.00859994 0.00875958 0.00836876 0.00924067 0.0118139 0.0269241 0.0106497 0.0175535 0.0105748 0.0152328 0.0160139 0.0093376 0.00992243 0.00843211 0.00906323 0.00773927 0.0243422 0.00810517 0.973009 0.0141118 0.0167212 0.00897385 0.0138815 0.00982114 0.0116604 0.00711817 0.00592701 0.00466237 0.00440414 0.00407219 0.00411618 0.00421879 0.00357663 0.00370987 0.00353439 0 0.00355355 0.0036957 0.00356767 0.00379772 0.0120408 0.00899899 0.0152861 
0.00901504 0.0104488 0.00916841 0.00843255 0.00814347 0.00960376 0.00838761 0.00829633 0.00814285 0.00970845 0.0127339 0.0110511 0.0197954 0.00939205 0.012404 0.0116369 0.0122235 0.0123968 0.00869854 0.00882084 0.00880219 0.0149681 0.00813604 0.977616 0.0105524 0.0178696 0.0089846 0.0112374 0.00904014 0.00926667 0.00777354 0.0069901 0.00565897 0.00488438 0.0046403 0.00411467 0.00496994 0.00368011 0.003809 0.00359789 0.00366449 0.00355355 0 0.00356806 0.00366053 0.00358295 0.00910726 0.0110156 0.00843702 
0.014037 0.00905554 0.0106917 0.0088922 0.0113455 0.00841739 0.00892156 0.00989955 0.00876091 0.0101921 0.0122642 0.0259272 0.0102804 0.0165989 0.0109658 0.0163496 0.0155457 0.00938694 0.0125211 0.00852061 0.0102442 0.0086386 0.949528 0.00926773 0.0339845 0.00869684 0.0162599 0.0114808 0.0130532 0.00970904 0.0108122 0.00748286 0.00642387 0.00515532 0.00599032 0.00508055 0.00384205 0.00674307 0.00358652 0.00392759 0.00358664 0.0036957 0.00356806 0 0.00357421 0.0036698 0.0223688 0.00954206 0.238726 
0.00872838 0.010752 0.00913106 0.00842982 0.00819078 0.00976408 0.00897291 0.00825615 0.00823872 0.0105993 0.0195989 0.00995917 0.0137289 0.0090691 0.010637 0.0115142 0.0102344 0.0177496 0.00896051 0.014167 0.00899389 0.831057 0.00971438 0.0421323 0.00857306 0.0171828 0.0112184 0.0130347 0.00979533 0.0137589 0.00949285 0.0104864 0.00609217 0.00641217 0.00680729 0.00512603 0.00607917 0.00379079 0.00419353 0.00359843 0.0038702 0.00356767 0.00366053 0.00357421 0 0.00381825 0.010919 0.610834 0.00908784 
0.011532 0.00844253 0.00885151 0.00890839 0.0148857 0.00834999 0.00832749 0.00902057 0.01024 0.0195558 0.00959903 0.011458 0.00929575 0.00923428 0.00905838 0.00955808 0.0107674 0.00963905 0.0141311 0.0101712 0.033722 0.0429234 0.016597 0.00842518 0.0142543 0.00944999 0.010878 0.010221 0.0122463 0.0102257 0.0171561 0.00932966 0.007922 0.0201191 0.00719956 0.00629513 0.00549729 0.00627586 0.00411563 0.00391533 0.00363983 0.00379772 0.00358295 0.0036698 0.00381825 0 0.397016 0.0103097 0.0871899 
0.0110063 0.0100579 0.0199418 0.011694 0.00873169 0.00871439 0.00873377 0.010577 0.0101188 0.0172508 0.0110556 0.0104949 0.00962975 0.00915153 0.00991453 0.00998985 0.00993578 0.0112952 0.0151686 0.00947902 0.0123216 0.0131411 0.0103136 0.0117762 0.010739 0.012548 0.0134446 0.0213676 0.0146856 0.0193119 0.0131744 0.0122188 0.0163367 0.0113498 0.00962463 0.0099318 0.00963529 0.00967543 0.00943376 0.0175944 0.0100386 0.0120408 0.00910726 0.0223688 0.010919 0.397016 0 0.00359445 0.00361758 
0.00911509 0.0101843 0.00966052 0.00849855 0.00845411 0.00859981 0.00883404 0.00841223 0.0083342 0.0100686 0.0138533 0.00992951 0.0100595 0.00904391 0.00915699 0.00980578 0.00961523 0.0114461 0.00938583 0.00886763 0.00970142 0.00976232 0.0134393 0.00999935 0.0108234 0.0101569 0.0147092 0.0125551 0.0174426 0.0126518 0.0143031 0.0229138 0.00970963 0.00887737 0.0110205 0.00884672 0.0101635 0.00896822 0.0103048 0.00919983 0.0153917 0.00899899 0.0110156 0.00954206 0.610834 0.0103097 0.00359445 0 0.00369086 
0.00962523 0.00839928 0.00836878 0.0084168 0.00988756 0.00831327 0.00818112 0.00844126 0.00967279 0.0139081 0.00898741 0.00896406 0.00897658 0.00862902 0.00869252 0.00885284 0.00936543 0.00894514 0.00948251 0.00906858 0.009719 0.0124645 0.0108638 0.00869998 0.00991836 0.00965809 0.00991416 0.0103464 0.00996223 0.0105877 0.0105115 0.0096814 0.00925654 0.0160354 0.00931581 0.0088336 0.00858433 0.0101967 0.00894126 0.0101396 0.00851111 0.0152861 0.00843702 0.238726 0.00908784 0.0871899 0.00361758 0.00369086 0 
