1B7AB
PVDLSKWSGPLSLQEVDERPQHPLQVKYGGAEVDELGKVLTPTQVKNRPTSITWDGLDPGKLYTLVLTDPDAPSRKDPKYREWHHFLVVNMKGNNISSGTVLSDYVGSGPPKGTGLHRYVWLVYEQEGPLKCDEPILSNRSGDHRGKFKVASFRKKYELGAPVAGTCYQAEWDDYVPKLYEQLSGK
CCCHHHHHCCCCHHHCCCCCCEECEEEECCEECCCCCEECCHHHHCCCCCEEECCCCCCCCEEEEEEEECCCCCCCCCCCCCEEEEEEEEEECCCCCCCEEEECCCCCCCCCCCCCEEEEEEEEECCCCCCCCCCCECCCCCCCCCCCCHHHHHHHCCCCCCCEEEEEEECCCCCHHHHHHHHCCC
0 0 0 0 0 0 0 0 0 0 0 0 0 0 0 0 0 0 0 0 0 0 0 0 0 0 0 0 0 0 0 0 0 0 0 0 0 0 0 0 0 0 0 0 0 0 0 0 0 0 0 0 0 0 0 0 0 0 0 0 0 0 0 0 0 0 0 0 0 0 0 0 0 0 0 0 0 0 0 0 0 0 0 0 0 0 0 0 0 0 0 0 0 0 0 0 0 0 0 0 0 0 0 0 0 0 0 0 0 0 0 0 0 0 0 0 0 0 0 0 0 0 0 0 0 0 0 0 0 0 0 0 0 0 0 0 0 0 0 0 0 0 0 0 0 0 0 0 0 0 0 0 0 0 0 0 0 0 0 0 0 0 0 0 0 0 0 0 0 0 0 0 0 0 0 0 0 0 0 0 0 0 0 0 0 0 
0 0 0 0 0 0 0 0 0 0 0 0 0 0 0 0 0 0 0 0 0 0 0 0 0 0 0 0 0 0 0 0 0 0 0 0 0 0 0 0 0 0 0 0 0 0 0 0 0 0 0 0 0 0 0 0 0 0 0 0 0 0 0 0 0 0 0 0 0 0 0 0 0 0 0 0 0 0 0 0 0 0 0 0 0 0 0 0 0 0 0 0 0 0 0 0 0 0 0 0 0 0 0 0 0 0 0 0 0 0 0 0 0 0 0 0 0 0 0 0 0 0 0 0 0 0 0 0 0 0 0 0 0 0 0 0 0 0 0 0 0 0 0 0 0 0 0 0 0 0 0 0 0 0 0 0 0 0 0 0 0 0 0 0 0 0 0 0 0 0 0 0 0 0 0 0 0 0 0 0 0 0 0 0 0 0 
0 0.00410724 0.00366101 0.00422849 0.0039975 0.00944517 0.00700531 0.0160288 0.0118463 0.0192633 0.0112317 0.0129923 0.012162 0.0118387 0.010743 0.0102597 0.0103007 0.00964009 0.00960858 0.0109121 0.010876 0.00942448 0.00887062 0.00881027 0.00957355 0.00910245 0.00903046 0.0089431 0.00875184 0.00888104 0.00931912 0.00871572 0.00842177 0.00874466 0.00915036 0.00857296 0.00833152 0.00850687 0.00866218 0.00872051 0.00878206 0.00840945 0.00858445 0.00870222 0.00897467 0.00824079 0.0083955 0.00825044 0.008218 0.00821558 0.00812107 0.00837732 
0.00410724 0 0.00391463 0.00360253 0.00414511 0.00380232 0.00689855 0.00783117 0.0134519 0.0115627 0.0150845 0.0108725 0.0111914 0.0147655 0.0112869 0.0104535 0.0118827 0.0112289 0.0112602 0.012343 0.0101366 0.0109954 0.00992934 0.00965263 0.0102344 0.0105807 0.0100589 0.0100364 0.00965943 0.00886842 0.00873973 0.00930574 0.00845539 0.00869112 0.00880309 0.00866686 0.0085566 0.00892209 0.00886935 0.00918472 0.00878006 0.00880893 0.0088617 0.0084073 0.0084913 0.00835082 0.00826123 0.00827379 0.00832287 0.00835765 0.00830289 0.00821435 
0.00366101 0.00391463 0 0.00358132 0.00391209 0.00364642 0.00390234 0.0273574 0.00950058 0.0966571 0.0231012 0.00837598 0.0886294 0.0113718 0.0106717 0.0164241 0.0107547 0.0249688 0.0111058 0.0157152 0.0106662 0.00997653 0.00914741 0.011818 0.0125714 0.0124283 0.012533 0.0106117 0.0144492 0.0085547 0.0155393 0.00955928 0.00951345 0.00895448 0.0106123 0.00894009 0.00852018 0.00973058 0.010878 0.0121007 0.0109938 0.00992697 0.00847909 0.012172 0.00855357 0.0088955 0.00831739 0.00879967 0.00839133 0.00859787 0.00851102 0.00822946 
0.00422849 0.00360253 0.00358132 0 0.00356441 0.00399188 0.0142173 0.0075771 0.0774435 0.00915623 0.00899071 0.227255 0.00859303 0.0145195 0.0199659 0.0117211 0.0418036 0.0114036 0.0360912 0.0123179 0.00945431 0.00936498 0.0120802 0.011918 0.0194804 0.0135574 0.0139149 0.0174505 0.0092293 0.0269814 0.00845091 0.00885076 0.00871244 0.0103016 0.0090828 0.00851952 0.00969399 0.0108297 0.0112795 0.011808 0.0122295 0.00949292 0.0117401 0.00840158 0.0103782 0.00850761 0.00936801 0.00894674 0.00899464 0.00915252 0.00847216 0.00880975 
0.0039975 0.00414511 0.00391209 0.00356441 0 0.00355922 0.00474754 0.943112 0.00772209 0.0153414 0.0519988 0.0086739 0.0254233 0.0103336 0.0111978 0.0188245 0.0098267 0.0247121 0.0103849 0.015169 0.00902918 0.00980564 0.0100926 0.0119211 0.0101814 0.0120236 0.0121893 0.00976477 0.0190185 0.00861524 0.0101243 0.00956467 0.0124419 0.00871978 0.00839568 0.00856346 0.00872242 0.00916664 0.00912712 0.0104145 0.00964525 0.00972592 0.00849959 0.00863222 0.00811578 0.00852127 0.00851075 0.00863065 0.00852225 0.00860782 0.00846453 0.0081224 
0.00944517 0.00380232 0.00364642 0.00399188 0.00355922 0 0.973607 0.00400306 0.0154514 0.00957444 0.0134953 0.0214844 0.00932299 0.0237142 0.0134873 0.00966896 0.0117655 0.0104079 0.0116027 0.0101518 0.0110477 0.0140069 0.00977393 0.00928344 0.0102125 0.0101463 0.00969713 0.00966528 0.00881356 0.0100157 0.00846228 0.0136487 0.00900157 0.00884403 0.00990232 0.0112786 0.00863544 0.00885322 0.00932 0.00878865 0.00927328 0.00869812 0.00887349 0.00845678 0.0124976 0.0092915 0.008485 0.00831256 0.00833193 0.0083403 0.00816191 0.00871661 
0.00700531 0.00689855 0.00390234 0.0142173 0.00474754 0.973607 0 0.00573189 0.0138746 0.105779 0.0102995 0.0249233 0.0138292 0.0140937 0.0115028 0.00919982 0.0102602 0.00931959 0.00969496 0.0114452 0.0117381 0.00932875 0.00888671 0.00857014 0.00872472 0.00877787 0.0088363 0.00895663 0.00862002 0.0094043 0.0101216 0.00897723 0.00856031 0.00910785 0.0113435 0.00855044 0.00836349 0.00840947 0.00843908 0.0085023 0.00848102 0.00835047 0.00866805 0.00986182 0.0113019 0.0082315 0.00839548 0.00818967 0.00814458 0.00824036 0.00822808 0.00907777 
0.0160288 0.00783117 0.0273574 0.0075771 0.943112 0.00400306 0.00573189 0 0.0597655 0.0160716 0.0264495 0.00984083 0.0266674 0.0155385 0.0116213 0.00989587 0.00942581 0.0101312 0.00938385 0.0114561 0.00997759 0.0130931 0.00905803 0.00901429 0.00904294 0.00923899 0.00914078 0.00871431 0.00970796 0.00845999 0.0105525 0.0111331 0.00929627 0.00900848 0.00900814 0.0100693 0.00855475 0.00864428 0.00846675 0.00853998 0.00875253 0.0084527 0.00842455 0.00960819 0.00922819 0.00920143 0.00834217 0.00821023 0.00823638 0.0082183 0.00826525 0.00824032 
0.0118463 0.0134519 0.00950058 0.0774435 0.00772209 0.0154514 0.0138746 0.0597655 0 0.00498885 0.00921081 0.0773106 0.0200199 0.015939 0.0140718 0.0100446 0.0112568 0.0100844 0.0103571 0.012538 0.0131261 0.0105813 0.00944486 0.00877194 0.00925593 0.00921452 0.00919038 0.00917072 0.00876162 0.00931562 0.0107912 0.00912877 0.00912147 0.00948112 0.0111355 0.00888858 0.00857025 0.0085796 0.00871657 0.0088099 0.00871874 0.0085032 0.00876652 0.00952301 0.00978555 0.00844208 0.00841823 0.00828787 0.00824135 0.00829107 0.00822869 0.00867677 
0.0192633 0.0115627 0.0966571 0.00915623 0.0153414 0.00957444 0.105779 0.0160716 0.00498885 0 0.0294543 0.0132101 0.0280404 0.0152096 0.0128497 0.0108778 0.0105225 0.010968 0.0100464 0.017002 0.0108183 0.0135831 0.00934383 0.00908155 0.00940734 0.00966857 0.0091962 0.00898467 0.00937163 0.00889206 0.0104672 0.0116063 0.00937488 0.00924092 0.00957923 0.0105353 0.0089016 0.00884774 0.00896791 0.0090524 0.00947277 0.00865654 0.00896107 0.00970272 0.00955056 0.00930175 0.00841626 0.00821175 0.00826868 0.00827675 0.00843898 0.00849582 
0.0112317 0.0150845 0.0231012 0.00899071 0.0519988 0.0134953 0.0102995 0.0264495 0.00921081 0.0294543 0 0.00370285 0.00406744 0.00941751 0.00936234 0.0704239 0.0121306 0.0149813 0.00883502 0.0113164 0.0110052 0.0133543 0.00892453 0.0097319 0.00947848 0.0101309 0.0104451 0.00945099 0.0110769 0.00875711 0.0206321 0.0109141 0.0104837 0.0095551 0.0127397 0.00970551 0.00919824 0.009187 0.00957406 0.00964607 0.00935423 0.00908441 0.00885697 0.0147299 0.00932743 0.00881291 0.00835899 0.00842631 0.00828101 0.0083838 0.00855999 0.00861705 
0.0129923 0.0108725 0.00837598 0.227255 0.0086739 0.0214844 0.0249233 0.00984083 0.0773106 0.0132101 0.00370285 0 0.003547 0.0133408 0.0726917 0.0107403 0.0198408 0.00825795 0.0149907 0.0118513 0.00808081 0.00984592 0.0203597 0.0094006 0.013182 0.0112939 0.0113616 0.0144231 0.00893172 0.0419281 0.00879724 0.0101892 0.010056 0.0143167 0.00959174 0.00885777 0.0121851 0.0100073 0.011048 0.0108662 0.0114947 0.00933658 0.0168304 0.0086357 0.0117299 0.00847231 0.00950907 0.00855154 0.00868658 0.00910717 0.00853217 0.00881043 
0.012162 0.0111914 0.0886294 0.00859303 0.0254233 0.00932299 0.0138292 0.0266674 0.0200199 0.0280404 0.00406744 0.003547 0 0.0921588 0.0130953 0.0113417 0.00714768 0.012575 0.00837256 0.0114504 0.00763124 0.0161052 0.00954236 0.0102633 0.00949502 0.0111478 0.0108494 0.00926674 0.0178821 0.0086742 0.0179717 0.0196238 0.0111595 0.00908221 0.0109092 0.0137893 0.00905797 0.0093835 0.00930805 0.0101396 0.00976143 0.0102038 0.00877888 0.0125349 0.00951645 0.0109173 0.00839876 0.00877892 0.00842674 0.00856304 0.0088571 0.00828545 
0.0118387 0.0147655 0.0113718 0.0145195 0.0103336 0.0237142 0.0140937 0.0155385 0.015939 0.0152096 0.00941751 0.0133408 0.0921588 0 0.00397788 0.0036102 0.00355001 0.00366503 0.00375014 0.00385668 0.00528372 0.0163966 0.00940385 0.00910427 0.0120441 0.0115535 0.0118728 0.0129706 0.0248709 0.0177119 0.0247524 0.0118901 0.010079 0.0118572 0.0177831 0.0104727 0.0100857 0.0101525 0.0104575 0.0105308 0.0104762 0.00986517 0.0109998 0.0178032 0.0128694 0.00924507 0.00870209 0.00857013 0.00848953 0.00900058 0.0087349 0.0137079 
0.010743 0.0112869 0.0106717 0.0199659 0.0111978 0.0134873 0.0115028 0.0116213 0.0140718 0.0128497 0.00936234 0.0726917 0.0130953 0.00397788 0 0.00355616 0.0035747 0.00365854 0.0036777 0.0039891 0.00387675 0.0150634 0.0186926 0.0136816 0.0165081 0.0219072 0.0198266 0.083005 0.0200366 0.0159655 0.00964736 0.00961264 0.0123056 0.0127897 0.0105902 0.00947636 0.0142571 0.0184611 0.0234981 0.0271091 0.0271922 0.0166267 0.0167169 0.0152647 0.00934003 0.00950592 0.0116662 0.0111504 0.0111892 0.0107672 0.0107604 0.00881396 
0.0102597 0.0104535 0.0164241 0.0117211 0.0188245 0.00966896 0.00919982 0.00989587 0.0100446 0.0108778 0.0704239 0.0107403 0.0113417 0.0036102 0.00355616 0 0.00357655 0.00358572 0.00364762 0.00358914 0.00385069 0.0160175 0.0127096 0.0330908 0.0226221 0.0613135 0.103992 0.07469 0.0303985 0.0104932 0.0116218 0.00951323 0.013772 0.0110111 0.0109269 0.00962378 0.0165348 0.0372688 0.046692 0.0688493 0.0695202 0.0552894 0.0140889 0.0105689 0.00850833 0.0112255 0.0134164 0.022502 0.0161142 0.019004 0.0118042 0.00880022 
0.0103007 0.0118827 0.0107547 0.0418036 0.0098267 0.0117655 0.0102602 0.00942581 0.0112568 0.0105225 0.0121306 0.0198408 0.00714768 0.00355001 0.0035747 0.00357655 0 0.00357938 0.00360438 0.0035959 0.00356688 0.0122021 0.0174761 0.0186457 0.0615582 0.0831876 0.189398 0.037345 0.0149872 0.0192134 0.00916252 0.009825 0.0119116 0.0127965 0.0101956 0.0101036 0.0200411 0.0505432 0.0731368 0.100283 0.126319 0.0463674 0.0174529 0.00995252 0.00934255 0.0103319 0.0188312 0.0216107 0.0265037 0.0232145 0.0112345 0.00901884 
0.00964009 0.0112289 0.0249688 0.0114036 0.0247121 0.0104079 0.00931959 0.0101312 0.0100844 0.010968 0.0149813 0.00825795 0.012575 0.00366503 0.00365854 0.00358572 0.00357938 0 0.0035723 0.003585 0.00361132 0.0141429 0.0138941 0.0803802 0.0929882 0.259454 0.0408444 0.0428267 0.0366169 0.0110785 0.0115062 0.00966748 0.0140589 0.0116979 0.0120269 0.00991551 0.0207378 0.055436 0.0929673 0.160963 0.154503 0.0600711 0.0154605 0.0115831 0.00869564 0.0123771 0.0169851 0.0402271 0.0250256 0.0269588 0.0130226 0.00894549 
0.00960858 0.0112602 0.0111058 0.0360912 0.0103849 0.0116027 0.00969496 0.00938385 0.0103571 0.0100464 0.00883502 0.0149907 0.00837256 0.00375014 0.0036777 0.00364762 0.00360438 0.0035723 0 0.00357613 0.00355831 0.0174655 0.0340802 0.128246 0.263041 0.0411211 0.0604642 0.0306915 0.023714 0.0177608 0.00945508 0.00967881 0.0122339 0.0172698 0.0107221 0.00963731 0.016713 0.0509329 0.0744772 0.114578 0.0679157 0.044352 0.0189807 0.00992168 0.00910467 0.010377 0.020836 0.01991 0.0206021 0.021338 0.0111856 0.00918905 
0.0109121 0.012343 0.0157152 0.0123179 0.015169 0.0101518 0.0114452 0.0114561 0.012538 0.017002 0.0113164 0.0118513 0.0114504 0.00385668 0.0039891 0.00358914 0.0035959 0.003585 0.00357613 0 0.00359589 0.020921 0.463352 0.0711015 0.0223951 0.0329128 0.0171749 0.0259134 0.01814 0.0198251 0.0124046 0.0109134 0.0124628 0.0154741 0.0136579 0.0113841 0.0169184 0.0345803 0.0339336 0.0246001 0.0275865 0.0169952 0.0205577 0.0116354 0.00961576 0.0127613 0.0121314 0.0123673 0.0112608 0.0116197 0.0114637 0.00896206 
0.010876 0.0101366 0.0106662 0.00945431 0.00902918 0.0110477 0.0117381 0.00997759 0.0131261 0.0108183 0.0110052 0.00808081 0.00763124 0.00528372 0.00387675 0.00385069 0.00356688 0.00361132 0.00355831 0.00359589 0 0.464003 0.00940824 0.0101551 0.0124991 0.0106508 0.0117183 0.0100222 0.0114757 0.0100973 0.0117493 0.0123081 0.00943525 0.0102793 0.0117917 0.0121219 0.0119245 0.0133182 0.0105761 0.0113916 0.0107942 0.010136 0.0101184 0.0103863 0.0105531 0.0104591 0.00913772 0.00876142 0.00889429 0.00881414 0.00871374 0.00890948 
0.00942448 0.0109954 0.00997653 0.00936498 0.00980564 0.0140069 0.00932875 0.0130931 0.0105813 0.0135831 0.0133543 0.00984592 0.0161052 0.0163966 0.0150634 0.0160175 0.0122021 0.0141429 0.0174655 0.020921 0.464003 0 0.0036338 0.00358717 0.00354105 0.00357204 0.00361761 0.00362224 0.00380264 0.00429329 0.00796516 0.00904901 0.00894015 0.0090168 0.0280552 0.0131455 0.011495 0.0114467 0.0118465 0.0130145 0.0121251 0.015784 0.0114345 0.021038 0.0116606 0.0108803 0.0094079 0.00950689 0.00919987 0.0096619 0.00926107 0.0125842 
0.00887062 0.00992934 0.00914741 0.0120802 0.0100926 0.00977393 0.00888671 0.00905803 0.00944486 0.00934383 0.00892453 0.0203597 0.00954236 0.00940385 0.0186926 0.0127096 0.0174761 0.0138941 0.0340802 0.463352 0.00940824 0.0036338 0 0.00355919 0.00357901 0.00356189 0.00361209 0.0037144 0.00362471 0.00468489 0.00391787 0.00668364 0.00937545 0.0164551 0.00862504 0.0107647 0.0161526 0.0179132 0.019979 0.0238875 0.024716 0.0149451 0.024797 0.0206817 0.00902299 0.00970063 0.0146704 0.0117192 0.0120674 0.0129211 0.0134453 0.0111989 
0.00881027 0.00965263 0.011818 0.011918 0.0119211 0.00928344 0.00857014 0.00901429 0.00877194 0.00908155 0.0097319 0.0094006 0.0102633 0.00910427 0.0136816 0.0330908 0.0186457 0.0803802 0.128246 0.0711015 0.0101551 0.00358717 0.00355919 0 0.00355782 0.00357015 0.00356659 0.00353065 0.00379546 0.00368322 0.00379087 0.00724323 0.01084 0.0094957 0.00830547 0.00964244 0.0161564 0.0290866 0.0377772 0.0528343 0.0497579 0.063562 0.0219126 0.0105128 0.00852051 0.0113129 0.0145517 0.0293708 0.0223506 0.0283013 0.0121665 0.00882425 
0.00957355 0.0102344 0.0125714 0.0194804 0.0101814 0.0102125 0.00872472 0.00904294 0.00925593 0.00940734 0.00947848 0.013182 0.00949502 0.0120441 0.0165081 0.0226221 0.0615582 0.0929882 0.263041 0.0223951 0.0124991 0.00354105 0.00357901 0.00355782 0 0.00356069 0.00356747 0.0035683 0.00361837 0.00363416 0.00363 0.00871349 0.00897113 0.0112394 0.0156657 0.00966816 0.0201405 0.0488452 0.0634209 0.0638993 0.0988728 0.0470046 0.018422 0.010425 0.00915071 0.0123388 0.0253137 0.0325234 0.0432856 0.0359473 0.0126129 0.0104618 
0.00910245 0.0105807 0.0124283 0.0135574 0.0120236 0.0101463 0.00877787 0.00923899 0.00921452 0.00966857 0.0101309 0.0112939 0.0111478 0.0115535 0.0219072 0.0613135 0.0831876 0.259454 0.0411211 0.0329128 0.0106508 0.00357204 0.00356189 0.00357015 0.00356069 0 0.00360085 0.0035748 0.00356845 0.00357334 0.00374191 0.00732735 0.00974992 0.014136 0.0184879 0.0104619 0.0214101 0.0495577 0.0568006 0.120363 0.0885363 0.045789 0.0181767 0.0111099 0.00915079 0.0158658 0.0227271 0.0484044 0.0371542 0.0393132 0.015392 0.00941519 
0.00903046 0.0100589 0.012533 0.0139149 0.0121893 0.00969713 0.0088363 0.00914078 0.00919038 0.0091962 0.0104451 0.0113616 0.0108494 0.0118728 0.0198266 0.103992 0.189398 0.0408444 0.0604642 0.0171749 0.0117183 0.00361761 0.00361209 0.00356659 0.00356747 0.00360085 0 0.00355486 0.00358559 0.00356304 0.00361305 0.00747483 0.0222614 0.0119446 0.0132521 0.0115292 0.0253039 0.0439885 0.0895296 0.0915938 0.0759407 0.044925 0.0175518 0.0108428 0.00935041 0.013912 0.034835 0.0452868 0.0363778 0.0446562 0.0145272 0.00939735 
0.0089431 0.0100364 0.0106117 0.0174505 0.00976477 0.00966528 0.00895663 0.00871431 0.00917072 0.00898467 0.00945099 0.0144231 0.00926674 0.0129706 0.083005 0.07469 0.037345 0.0428267 0.0306915 0.0259134 0.0100222 0.00362224 0.0037144 0.00353065 0.0035683 0.0035748 0.00355486 0 0.00356853 0.00357344 0.00355721 0.00872633 0.0086821 0.0136331 0.0438429 0.0127319 0.0171103 0.0738473 0.0471599 0.0509277 0.0658372 0.0414692 0.0189542 0.00985571 0.00931831 0.0146656 0.0248998 0.0306396 0.0422454 0.0312575 0.0119535 0.00922041 
0.00875184 0.00965943 0.0144492 0.0092293 0.0190185 0.00881356 0.00862002 0.00970796 0.00876162 0.00937163 0.0110769 0.00893172 0.0178821 0.0248709 0.0200366 0.0303985 0.0149872 0.0366169 0.023714 0.01814 0.0114757 0.00380264 0.00362471 0.00379546 0.00361837 0.00356845 0.00358559 0.00356853 0 0.00355272 0.00360107 0.0061654 0.0147128 0.0352969 0.0252052 0.00999767 0.0176642 0.0268509 0.0238526 0.0399614 0.0408059 0.0331993 0.0121504 0.0111118 0.00862587 0.0124655 0.0136408 0.0350699 0.0184589 0.0201294 0.0134459 0.00881648 
0.00888104 0.00886842 0.0085547 0.0269814 0.00861524 0.0100157 0.0094043 0.00845999 0.00931562 0.00889206 0.00875711 0.0419281 0.0086742 0.0177119 0.0159655 0.0104932 0.0192134 0.0110785 0.0177608 0.0198251 0.0100973 0.00429329 0.00468489 0.00368322 0.00363416 0.00357334 0.00356304 0.00357344 0.00355272 0 0.00361731 0.0179289 0.0394652 0.0330363 0.00759094 0.00960367 0.0129804 0.0126747 0.0132621 0.0137259 0.0189924 0.0118747 0.0196235 0.00900954 0.0105409 0.00951809 0.0156722 0.00987036 0.0108773 0.0109729 0.0097445 0.00898697 
0.00931912 0.00873973 0.0155393 0.00845091 0.0101243 0.00846228 0.0101216 0.0105525 0.0107912 0.0104672 0.0206321 0.00879724 0.0179717 0.0247524 0.00964736 0.0116218 0.00916252 0.0115062 0.00945508 0.0124046 0.0117493 0.00796516 0.00391787 0.00379087 0.00363 0.00374191 0.00361305 0.00355721 0.00360107 0.00361731 0 0.0865885 0.0190202 0.00648629 0.0111465 0.0140716 0.0101623 0.00939863 0.009143 0.0119136 0.0105587 0.00952463 0.00902625 0.0134833 0.0111191 0.0151948 0.00879529 0.00947903 0.00865437 0.00892941 0.00891108 0.00852021 
0.00871572 0.00930574 0.00955928 0.00885076 0.00956467 0.0136487 0.00897723 0.0111331 0.00912877 0.0116063 0.0109141 0.0101892 0.0196238 0.0118901 0.00961264 0.00951323 0.009825 0.00966748 0.00967881 0.0109134 0.0123081 0.00904901 0.00668364 0.00724323 0.00871349 0.00732735 0.00747483 0.00872633 0.0061654 0.0179289 0.0865885 0 0.0046608 0.00384637 0.00513543 0.0114451 0.00925862 0.00971329 0.0293212 0.0133198 0.0103146 0.00948534 0.0107607 0.0201394 0.0152887 0.00969314 0.00876814 0.00860249 0.00869143 0.00863911 0.0096384 0.0125983 
0.00842177 0.00845539 0.00951345 0.00871244 0.0124419 0.00900157 0.00856031 0.00929627 0.00912147 0.00937488 0.0104837 0.010056 0.0111595 0.010079 0.0123056 0.013772 0.0119116 0.0140589 0.0122339 0.0124628 0.00943525 0.00894015 0.00937545 0.01084 0.00897113 0.00974992 0.0222614 0.0086821 0.0147128 0.0394652 0.0190202 0.0046608 0 0.00382941 0.00357875 0.00893976 0.0257398 0.0416909 0.0194369 0.0143464 0.011989 0.0144085 0.0116243 0.011451 0.0100142 0.00971733 0.0108161 0.010959 0.00950813 0.00976578 0.01038 0.00908456 
0.00874466 0.00869112 0.00895448 0.0103016 0.00871978 0.00884403 0.00910785 0.00900848 0.00948112 0.00924092 0.0095551 0.0143167 0.00908221 0.0118572 0.0127897 0.0110111 0.0127965 0.0116979 0.0172698 0.0154741 0.0102793 0.0090168 0.0164551 0.0094957 0.0112394 0.014136 0.0119446 0.0136331 0.0352969 0.0330363 0.00648629 0.00384637 0.00382941 0 0.00364374 0.0128245 0.0457203 0.025594 0.0150417 0.012884 0.0142732 0.0127152 0.0198124 0.00944346 0.0110784 0.0105668 0.0121271 0.00998759 0.0101436 0.0108017 0.00984346 0.00887194 
0.00915036 0.00880309 0.0106123 0.0090828 0.00839568 0.00990232 0.0113435 0.00900814 0.0111355 0.00957923 0.0127397 0.00959174 0.0109092 0.0177831 0.0105902 0.0109269 0.0101956 0.0120269 0.0107221 0.0136579 0.0117917 0.0280552 0.00862504 0.00830547 0.0156657 0.0184879 0.0132521 0.0438429 0.0252052 0.00759094 0.0111465 0.00513543 0.00357875 0.00364374 0 0.0544345 0.0129442 0.0138731 0.0123035 0.0125383 0.0138913 0.0103928 0.0157175 0.0198456 0.0198931 0.0148911 0.00990285 0.00961112 0.00944961 0.00948413 0.00928741 0.0101279 
0.00857296 0.00866686 0.00894009 0.00851952 0.00856346 0.0112786 0.00855044 0.0100693 0.00888858 0.0105353 0.00970551 0.00885777 0.0137893 0.0104727 0.00947636 0.00962378 0.0101036 0.00991551 0.00963731 0.0113841 0.0121219 0.0131455 0.0107647 0.00964244 0.00966816 0.0104619 0.0115292 0.0127319 0.00999767 0.00960367 0.0140716 0.0114451 0.00893976 0.0128245 0.0544345 0 0.00372341 0.00359943 0.00353057 0.00359289 0.00358421 0.00377981 0.0042118 0.00876858 0.0149549 0.016496 0.00942975 0.00924345 0.0092324 0.00931801 0.0100218 0.0242554 
0.00833152 0.0085566 0.00852018 0.00969399 0.00872242 0.00863544 0.00836349 0.00855475 0.00857025 0.0089016 0.00919824 0.0121851 0.00905797 0.0100857 0.0142571 0.0165348 0.0200411 0.0207378 0.016713 0.0169184 0.0119245 0.011495 0.0161526 0.0161564 0.0201405 0.0214101 0.0253039 0.0171103 0.0176642 0.0129804 0.0101623 0.00925862 0.0257398 0.0457203 0.0129442 0.00372341 0 0.00356803 0.00355113 0.00357643 0.00361177 0.00382541 0.00604252 0.00477452 0.00920144 0.0149755 0.0249553 0.0138808 0.0143823 0.0131512 0.039964 0.00972888 
0.00850687 0.00892209 0.00973058 0.0108297 0.00916664 0.00885322 0.00840947 0.00864428 0.0085796 0.00884774 0.009187 0.0100073 0.0093835 0.0101525 0.0184611 0.0372688 0.0505432 0.055436 0.0509329 0.0345803 0.0133182 0.0114467 0.0179132 0.0290866 0.0488452 0.0495577 0.0439885 0.0738473 0.0268509 0.0126747 0.00939863 0.00971329 0.0416909 0.025594 0.0138731 0.00359943 0.00356803 0 0.00356415 0.00356347 0.00359982 0.00358966 0.00362957 0.00369277 0.00794477 0.025877 0.0288187 0.0442266 0.0298222 0.091591 0.0133004 0.00996055 
0.00866218 0.00886935 0.010878 0.0112795 0.00912712 0.00932 0.00843908 0.00846675 0.00871657 0.00896791 0.00957406 0.011048 0.00930805 0.0104575 0.0234981 0.046692 0.0731368 0.0929673 0.0744772 0.0339336 0.0105761 0.0118465 0.019979 0.0377772 0.0634209 0.0568006 0.0895296 0.0471599 0.0238526 0.0132621 0.009143 0.0293212 0.0194369 0.0150417 0.0123035 0.00353057 0.00355113 0.00356415 0 0.00356607 0.00363055 0.00350759 0.00360103 0.00367084 0.00842885 0.0235946 0.0455955 0.0407639 0.148 0.0362832 0.0285091 0.0100661 
0.00872051 0.00918472 0.0121007 0.011808 0.0104145 0.00878865 0.0085023 0.00853998 0.0088099 0.0090524 0.00964607 0.0108662 0.0101396 0.0105308 0.0271091 0.0688493 0.100283 0.160963 0.114578 0.0246001 0.0113916 0.0130145 0.0238875 0.0528343 0.0638993 0.120363 0.0915938 0.0509277 0.0399614 0.0137259 0.0119136 0.0133198 0.0143464 0.012884 0.0125383 0.00359289 0.00357643 0.00356347 0.00356607 0 0.00358419 0.00355689 0.00363252 0.00359548 0.00906366 0.0344919 0.0507684 0.184287 0.0435612 0.0941758 0.0189907 0.0101363 
0.00878206 0.00878006 0.0109938 0.0122295 0.00964525 0.00927328 0.00848102 0.00875253 0.00871874 0.00947277 0.00935423 0.0114947 0.00976143 0.0104762 0.0271922 0.0695202 0.126319 0.154503 0.0679157 0.0275865 0.0107942 0.0121251 0.024716 0.0497579 0.0988728 0.0885363 0.0759407 0.0658372 0.0408059 0.0189924 0.0105587 0.0103146 0.011989 0.0142732 0.0138913 0.00358421 0.00361177 0.00359982 0.00363055 0.00358419 0 0.00355148 0.00357499 0.00360763 0.00864754 0.0283012 0.164324 0.0651563 0.10787 0.0539778 0.0187865 0.0100566 
0.00840945 0.00880893 0.00992697 0.00949292 0.00972592 0.00869812 0.00835047 0.0084527 0.0085032 0.00865654 0.00908441 0.00933658 0.0102038 0.00986517 0.0166267 0.0552894 0.0463674 0.0600711 0.044352 0.0169952 0.010136 0.015784 0.0149451 0.063562 0.0470046 0.045789 0.044925 0.0414692 0.0331993 0.0118747 0.00952463 0.00948534 0.0144085 0.0127152 0.0103928 0.00377981 0.00382541 0.00358966 0.00350759 0.00355689 0.00355148 0 0.00354968 0.00356425 0.00782899 0.062378 0.0291859 0.0870457 0.0390136 0.0396528 0.0136308 0.0095962 
0.00858445 0.0088617 0.00847909 0.0117401 0.00849959 0.00887349 0.00866805 0.00842455 0.00876652 0.00896107 0.00885697 0.0168304 0.00877888 0.0109998 0.0167169 0.0140889 0.0174529 0.0154605 0.0189807 0.0205577 0.0101184 0.0114345 0.024797 0.0219126 0.018422 0.0181767 0.0175518 0.0189542 0.0121504 0.0196235 0.00902625 0.0107607 0.0116243 0.0198124 0.0157175 0.0042118 0.00604252 0.00362957 0.00360103 0.00363252 0.00357499 0.00354968 0 0.00368847 0.0196655 0.015416 0.0354797 0.0169823 0.0208713 0.0190526 0.0207599 0.0101832 
0.00870222 0.0084073 0.012172 0.00840158 0.00863222 0.00845678 0.00986182 0.00960819 0.00952301 0.00970272 0.0147299 0.0086357 0.0125349 0.0178032 0.0152647 0.0105689 0.00995252 0.0115831 0.00992168 0.0116354 0.0103863 0.021038 0.0206817 0.0105128 0.010425 0.0111099 0.0108428 0.00985571 0.0111118 0.00900954 0.0134833 0.0201394 0.011451 0.00944346 0.0198456 0.00876858 0.00477452 0.00369277 0.00367084 0.00359548 0.00360763 0.00356425 0.00368847 0 0.0366773 0.0252029 0.013156 0.0139785 0.0115566 0.0127639 0.0199884 0.0106196 
0.00897467 0.0084913 0.00855357 0.0103782 0.00811578 0.0124976 0.0113019 0.00922819 0.00978555 0.00955056 0.00932743 0.0117299 0.00951645 0.0128694 0.00934003 0.00850833 0.00934255 0.00869564 0.00910467 0.00961576 0.0105531 0.0116606 0.00902299 0.00852051 0.00915071 0.00915079 0.00935041 0.00931831 0.00862587 0.0105409 0.0111191 0.0152887 0.0100142 0.0110784 0.0198931 0.0149549 0.00920144 0.00794477 0.00842885 0.00906366 0.00864754 0.00782899 0.0196655 0.0366773 0 0.0229555 0.0141706 0.00984677 0.00979343 0.0113147 0.0132162 0.034367 
0.00824079 0.00835082 0.0088955 0.00850761 0.00852127 0.0092915 0.0082315 0.00920143 0.00844208 0.00930175 0.00881291 0.00847231 0.0109173 0.00924507 0.00950592 0.0112255 0.0103319 0.0123771 0.010377 0.0127613 0.0104591 0.0108803 0.00970063 0.0113129 0.0123388 0.0158658 0.013912 0.0146656 0.0124655 0.00951809 0.0151948 0.00969314 0.00971733 0.0105668 0.0148911 0.016496 0.0149755 0.025877 0.0235946 0.0344919 0.0283012 0.062378 0.015416 0.0252029 0.0229555 0 0.00369259 0.00361872 0.00365798 0.00372361 0.00378863 0.00516152 
0.0083955 0.00826123 0.00831739 0.00936801 0.00851075 0.008485 0.00839548 0.00834217 0.00841823 0.00841626 0.00835899 0.00950907 0.00839876 0.00870209 0.0116662 0.0134164 0.0188312 0.0169851 0.020836 0.0121314 0.00913772 0.0094079 0.0146704 0.0145517 0.0253137 0.0227271 0.034835 0.0248998 0.0136408 0.0156722 0.00879529 0.00876814 0.0108161 0.0121271 0.00990285 0.00942975 0.0249553 0.0288187 0.0455955 0.0507684 0.164324 0.0291859 0.0354797 0.013156 0.0141706 0.00369259 0 0.0035913 0.00359191 0.00367332 0.00366555 0.00374425 
0.00825044 0.00827379 0.00879967 0.00894674 0.00863065 0.00831256 0.00818967 0.00821023 0.00828787 0.00821175 0.00842631 0.00855154 0.00877892 0.00857013 0.0111504 0.022502 0.0216107 0.0402271 0.01991 0.0123673 0.00876142 0.00950689 0.0117192 0.0293708 0.0325234 0.0484044 0.0452868 0.0306396 0.0350699 0.00987036 0.00947903 0.00860249 0.010959 0.00998759 0.00961112 0.00924345 0.0138808 0.0442266 0.0407639 0.184287 0.0651563 0.0870457 0.0169823 0.0139785 0.00984677 0.00361872 0.0035913 0 0.00354815 0.00361813 0.00357812 0.00369491 
0.008218 0.00832287 0.00839133 0.00899464 0.00852225 0.00833193 0.00814458 0.00823638 0.00824135 0.00826868 0.00828101 0.00868658 0.00842674 0.00848953 0.0111892 0.0161142 0.0265037 0.0250256 0.0206021 0.0112608 0.00889429 0.00919987 0.0120674 0.0223506 0.0432856 0.0371542 0.0363778 0.0422454 0.0184589 0.0108773 0.00865437 0.00869143 0.00950813 0.0101436 0.00944961 0.0092324 0.0143823 0.0298222 0.148 0.0435612 0.10787 0.0390136 0.0208713 0.0115566 0.00979343 0.00365798 0.00359191 0.00354815 0 0.00355771 0.00362212 0.00356364 
0.00821558 0.00835765 0.00859787 0.00915252 0.00860782 0.0083403 0.00824036 0.0082183 0.00829107 0.00827675 0.0083838 0.00910717 0.00856304 0.00900058 0.0107672 0.019004 0.0232145 0.0269588 0.021338 0.0116197 0.00881414 0.0096619 0.0129211 0.0283013 0.0359473 0.0393132 0.0446562 0.0312575 0.0201294 0.0109729 0.00892941 0.00863911 0.00976578 0.0108017 0.00948413 0.00931801 0.0131512 0.091591 0.0362832 0.0941758 0.0539778 0.0396528 0.0190526 0.0127639 0.0113147 0.00372361 0.00367332 0.00361813 0.00355771 0 0.00355151 0.00357372 
0.00812107 0.00830289 0.00851102 0.00847216 0.00846453 0.00816191 0.00822808 0.00826525 0.00822869 0.00843898 0.00855999 0.00853217 0.0088571 0.0087349 0.0107604 0.0118042 0.0112345 0.0130226 0.0111856 0.0114637 0.00871374 0.00926107 0.0134453 0.0121665 0.0126129 0.015392 0.0145272 0.0119535 0.0134459 0.0097445 0.00891108 0.0096384 0.01038 0.00984346 0.00928741 0.0100218 0.039964 0.0133004 0.0285091 0.0189907 0.0187865 0.0136308 0.0207599 0.0199884 0.0132162 0.00378863 0.00366555 0.00357812 0.00362212 0.00355151 0 0.00356816 
0.00837732 0.00821435 0.00822946 0.00880975 0.0081224 0.00871661 0.00907777 0.00824032 0.00867677 0.00849582 0.00861705 0.00881043 0.00828545 0.0137079 0.00881396 0.00880022 0.00901884 0.00894549 0.00918905 0.00896206 0.00890948 0.0125842 0.0111989 0.00882425 0.0104618 0.00941519 0.00939735 0.00922041 0.00881648 0.00898697 0.00852021 0.0125983 0.00908456 0.00887194 0.0101279 0.0242554 0.00972888 0.00996055 0.0100661 0.0101363 0.0100566 0.0095962 0.0101832 0.0106196 0.034367 0.00516152 0.00374425 0.00369491 0.00356364 0.00357372 0.00356816 0 
