1BTNA
MEGFLNRKHEWEAHNKKASSRSWHNVYCVINNQEMGFYKDAKSAASGIPYHSEVPVSLKEAICEVALDYKKKKHVFKLRLSDGNEYLFQAKDDEEMNTWIQAISSA
CEEEEEEEEEECCCCCECCCCCCEEEEEEEECCEEEEECCHHHHHHCCCCCCCCCEECCCCEEEECCCCCCCCCEEEEECCCCCEEEEECCCHHHHHHHHHHHHHC
0 0 0 0 0 0 0 0 0 0 0 0 0 0 0 0 0 0 0 0 0 0 0 0 0 0 0 0 0 0 0 0 0 0 0 0 0 0 0 0 0 0 0 0 0 0 0 0 0 0 0 0 0 0 0 0 0 0 0 0 0 0 0 0 0 0 0 0 0 0 0 0 0 0 0 0 0 0 0 0 0 0 0 0 0 0 0 0 0 0 0 0 0 0 0 0 0 0 0 0 0 0 0 0 0 0 
0 0 0 0 0 0 0 0 0 0 0 0 0 0 0 0 0 0 0 0 0 0 0 0 0 0 0 0 0 0 0 0 0 0 0 0 0 0 0 0 0 0 0 0 0 0 0 0 0 0 0 0 0 0 0 0 0 0 0 0 0 0 0 0 0 0 0 0 0 0 0 0 0 0 0 0 0 0 0 0 0 0 0 0 0 0 0 0 0 0 0 0 0 0 0 0 0 0 0 0 0 0 0 0 0 0 
0 0.00381339 0.00395457 0.00362843 0.00380981 0.0036743 0.00454197 0.00441966 0.00603292 0.0101993 0.0279852 0.0114334 0.0138705 0.00899268 0.0189549 0.0118994 0.0419692 0.0113474 0.0319025 0.0206303 0.00969489 0.0146391 0.00963626 0.023983 0.00901159 0.0139956 0.0120693 0.00844183 0.0102104 0.0108421 0.0104392 0.00909304 0.0108906 0.00860224 0.0182942 0.00938766 0.00863067 0.00924398 0.00881594 0.0119134 
0.00381339 0 0.00372904 0.00372627 0.00363495 0.0036811 0.00365846 0.0039957 0.00637201 0.00688865 0.00750321 0.00982812 0.00880791 0.0245613 0.0115028 0.0622202 0.0116152 0.0448104 0.0133119 0.00916025 0.0492462 0.00930312 0.0272765 0.0110825 0.0194078 0.0088507 0.00892277 0.0204863 0.009158 0.0114763 0.0104855 0.0167509 0.00901021 0.0230871 0.00898133 0.00887901 0.0127777 0.00940697 0.0126747 0.00896021 
0.00395457 0.00372904 0 0.00367879 0.00364955 0.0036604 0.00368582 0.00397339 0.00411444 0.00428142 0.00745413 0.00828717 0.0166673 0.0092149 0.0397766 0.0115728 0.0515506 0.0105884 0.0158148 0.0124196 0.0085956 0.0566213 0.00981793 0.00982078 0.00858635 0.0102971 0.0109321 0.00854962 0.0152423 0.00878601 0.00904098 0.0094792 0.0321377 0.0086705 0.0111966 0.00868498 0.0100256 0.0168053 0.00965795 0.00948364 
0.00362843 0.00372627 0.00367879 0 0.00363855 0.00365142 0.004828 0.00369879 0.00357177 0.00367811 0.0060493 0.00818407 0.00779437 0.0313568 0.00948514 0.0371222 0.0149859 0.0289906 0.00889727 0.00817784 0.0216214 0.00968808 0.0140772 0.00959992 0.0117804 0.008437 0.00859676 0.0146673 0.00871946 0.00932494 0.00874557 0.0144869 0.0098983 0.0179969 0.00855125 0.0084436 0.0109561 0.0122883 0.0124803 0.0088363 
0.00380981 0.00363495 0.00364955 0.00363855 0 0.00354333 0.00357136 0.00356873 0.00350921 0.00357557 0.00663908 0.00760465 0.0178887 0.00843176 0.0267378 0.0125364 0.0366398 0.00909341 0.00920124 0.011073 0.00859549 0.0188887 0.00983448 0.00913096 0.00859537 0.00968725 0.00991536 0.00862314 0.0114859 0.00856694 0.00909867 0.00977867 0.0243666 0.0089494 0.0104936 0.00859263 0.0097116 0.0149461 0.0100751 0.00920249 
0.0036743 0.0036811 0.0036604 0.00365142 0.00354333 0 0.00355374 0.00356579 0.00356145 0.00356971 0.0056456 0.0192827 0.00759771 0.0336277 0.0197532 0.0389029 0.0174358 0.0135583 0.00914111 0.00851072 0.0107937 0.0106093 0.0119963 0.00939612 0.0100457 0.00875272 0.00880145 0.0107162 0.0089138 0.00886546 0.00934264 0.0129744 0.0105677 0.0132825 0.00881054 0.0085499 0.0113794 0.0127935 0.0123061 0.00888181 
0.00454197 0.00365846 0.00368582 0.004828 0.00357136 0.00355374 0 0.00356809 0.00356024 0.00355348 0.00630306 0.00741076 0.0219275 0.0119692 0.0439053 0.0218384 0.015917 0.0110103 0.00897104 0.0088412 0.00919655 0.0133966 0.0126558 0.00914032 0.00895372 0.00894837 0.00925349 0.00911578 0.00955101 0.00876534 0.00951904 0.010523 0.01722 0.00991242 0.00910685 0.00870591 0.0106768 0.0160437 0.0112093 0.00902921 
0.00441966 0.0039957 0.00397339 0.00369879 0.00356873 0.00356579 0.00356809 0 0.00356381 0.00355928 0.00520171 0.010541 0.0115121 0.0365575 0.0280644 0.0176566 0.0210297 0.0115607 0.00872877 0.00855145 0.00991676 0.01804 0.0106078 0.00903315 0.00941115 0.00892313 0.00903871 0.00992 0.00963347 0.00885132 0.00937489 0.0135126 0.0177943 0.0102997 0.00884417 0.00891801 0.0121412 0.0187874 0.0112612 0.00892541 
0.00603292 0.00637201 0.00411444 0.00357177 0.00350921 0.00356145 0.00356024 0.00356381 0 0.0035717 0.012515 0.0275837 0.0322422 0.0094389 0.0122675 0.0146921 0.0129763 0.0110343 0.00845665 0.00897936 0.011777 0.0106328 0.0130233 0.00903387 0.010102 0.00945733 0.00915082 0.010483 0.0100762 0.00870994 0.00949471 0.0120133 0.010923 0.0104445 0.0090686 0.00895327 0.0101007 0.00969216 0.0117923 0.00899296 
0.0101993 0.00688865 0.00428142 0.00367811 0.00357557 0.00356971 0.00355348 0.00355928 0.0035717 0 0.609793 0.0287158 0.0155416 0.00885696 0.010126 0.0107248 0.00913998 0.00885018 0.00861849 0.0116863 0.00921231 0.00901362 0.00968378 0.010831 0.013221 0.00945611 0.0115464 0.00894325 0.00855581 0.00919734 0.0124121 0.0092642 0.00904838 0.0089273 0.00923189 0.0120643 0.00912348 0.00900456 0.00906828 0.00925578 
0.0279852 0.00750321 0.00745413 0.0060493 0.00663908 0.0056456 0.00630306 0.00520171 0.012515 0.609793 0 0.0344835 0.00523138 0.00505951 0.00571848 0.0061423 0.00628642 0.00704262 0.00982019 0.0111474 0.00708317 0.00816589 0.0087874 0.0155447 0.0154613 0.0230032 0.0167333 0.0091889 0.00946845 0.0115248 0.0138768 0.00966014 0.0092901 0.00854293 0.0164552 0.0132373 0.00993668 0.00908834 0.00857018 0.0126276 
0.0114334 0.00982812 0.00828717 0.00818407 0.00760465 0.0192827 0.00741076 0.010541 0.0275837 0.0287158 0.0344835 0 0.00357129 0.00358517 0.00361084 0.00360958 0.00358187 0.00395707 0.00479845 0.00499705 0.00533503 0.00568624 0.00701323 0.0150372 0.0117145 0.0155194 0.0101066 0.0090299 0.00864519 0.0130463 0.00949829 0.00903334 0.0086969 0.00921421 0.0131047 0.00878574 0.0087245 0.00844989 0.0088376 0.0113399 
0.0138705 0.00880791 0.0166673 0.00779437 0.0178887 0.00759771 0.0219275 0.0115121 0.0322422 0.0155416 0.00523138 0.00357129 0 0.00356195 0.003594 0.00355508 0.003551 0.00353335 0.00353893 0.00489161 0.00512911 0.00557386 0.00922718 0.00664198 0.00976535 0.0140011 0.00934544 0.00877377 0.0109014 0.00861448 0.00956215 0.0104886 0.0112207 0.00904718 0.00939408 0.00871042 0.00968619 0.00996587 0.00952576 0.0087732 
0.00899268 0.0245613 0.0092149 0.0313568 0.00843176 0.0336277 0.0119692 0.0365575 0.0094389 0.00885696 0.00505951 0.00358517 0.00356195 0 0.00355023 0.00355927 0.00356466 0.00351957 0.00409388 0.00410351 0.00560303 0.00571165 0.00642872 0.011633 0.0216396 0.00879784 0.00886674 0.0137095 0.00886113 0.00931196 0.0095719 0.0159909 0.0108365 0.01699 0.00876016 0.0090073 0.0130129 0.0132715 0.0135548 0.00884518 
0.0189549 0.0115028 0.0397766 0.00948514 0.0267378 0.0197532 0.0439053 0.0280644 0.0122675 0.010126 0.00571848 0.00361084 0.003594 0.00355023 0 0.00354834 0.00356004 0.00358075 0.00360161 0.00456432 0.00495387 0.00743951 0.00864899 0.819146 0.00924698 0.0109266 0.0103444 0.00934663 0.0139227 0.00944689 0.0112665 0.0153368 0.0459479 0.00999489 0.0137409 0.00992307 0.0160437 0.0355943 0.0155981 0.0118961 
0.0118994 0.0622202 0.0115728 0.0371222 0.0125364 0.0389029 0.0218384 0.0176566 0.0146921 0.0107248 0.0061423 0.00360958 0.00355508 0.00355927 0.00354834 0 0.00355472 0.0035715 0.00355822 0.00372887 0.00583162 0.00655361 0.923918 0.0201616 0.0120093 0.0100954 0.00969259 0.0170197 0.010917 0.0111661 0.011574 0.039505 0.0182538 0.0368663 0.00969719 0.0106737 0.0329062 0.0368633 0.0409427 0.0102144 
0.0419692 0.0116152 0.0515506 0.0149859 0.0366398 0.0174358 0.015917 0.0210297 0.0129763 0.00913998 0.00628642 0.00358187 0.003551 0.00356466 0.00356004 0.00355472 0 0.00355947 0.00356342 0.00716607 0.00534061 0.963134 0.0139913 0.00697058 0.0106077 0.0109484 0.0114775 0.0102111 0.020335 0.00917087 0.0135948 0.0151181 0.0813733 0.0103572 0.0110364 0.0103943 0.0180523 0.0668206 0.0164904 0.0102498 
0.0113474 0.0448104 0.0105884 0.0289906 0.00909341 0.0135583 0.0110103 0.0115607 0.0110343 0.00885018 0.00704262 0.00395707 0.00353335 0.00351957 0.00358075 0.0035715 0.00355947 0 0.00356998 0.00429105 0.980967 0.00441012 0.00655584 0.00654793 0.0135583 0.0096198 0.00960264 0.0180537 0.0102316 0.0102088 0.0101666 0.0283467 0.0103154 0.0254985 0.00903959 0.0103508 0.0181674 0.0121763 0.0262095 0.00964343 
0.0319025 0.0133119 0.0158148 0.00889727 0.00920124 0.00914111 0.00897104 0.00872877 0.00845665 0.00861849 0.00982019 0.00479845 0.00353893 0.00409388 0.00360161 0.00355822 0.00356342 0.00356998 0 0.993409 0.0038541 0.00377325 0.0040469 0.00578663 0.0119151 0.0156389 0.0190277 0.00879826 0.00914369 0.00965616 0.0210379 0.00967877 0.0111437 0.0088184 0.0148886 0.0151633 0.00997674 0.00942907 0.00974539 0.0132104 
0.0206303 0.00916025 0.0124196 0.00817784 0.011073 0.00851072 0.0088412 0.00855145 0.00897936 0.0116863 0.0111474 0.00499705 0.00489161 0.00410351 0.00456432 0.00372887 0.00716607 0.00429105 0.993409 0 0.00366653 0.00362979 0.00360859 0.00402656 0.011478 0.0719137 0.0152512 0.00849332 0.012154 0.0120614 0.0131368 0.00922313 0.0109502 0.0090033 0.0349468 0.0108041 0.0089433 0.00892209 0.00897346 0.0162189 
0.00969489 0.0492462 0.0085956 0.0216214 0.00859549 0.0107937 0.00919655 0.00991676 0.011777 0.00921231 0.00708317 0.00533503 0.00512911 0.00560303 0.00495387 0.00583162 0.00534061 0.980967 0.0038541 0.00366653 0 0.00355171 0.0036104 0.00360327 0.0950772 0.00944828 0.00989453 0.0273668 0.00910178 0.011067 0.0100229 0.0240928 0.00921902 0.0748428 0.00898321 0.00952888 0.0153907 0.0104144 0.0246348 0.00925936 
0.0146391 0.00930312 0.0566213 0.00968808 0.0188887 0.0106093 0.0133966 0.01804 0.0106328 0.00901362 0.00816589 0.00568624 0.00557386 0.00571165 0.00743951 0.00655361 0.963134 0.00441012 0.00377325 0.00362979 0.00355171 0 0.00355171 0.00356485 0.0101183 0.0312041 0.0134115 0.00931642 0.0243102 0.0103415 0.0105863 0.0114772 0.116462 0.0101711 0.0137008 0.00922646 0.0127753 0.0552635 0.0119733 0.0123947 
0.00963626 0.0272765 0.00981793 0.0140772 0.00983448 0.0119963 0.0126558 0.0106078 0.0130233 0.00968378 0.0087874 0.00701323 0.00922718 0.00642872 0.00864899 0.923918 0.0139913 0.00655584 0.0040469 0.00360859 0.0036104 0.00355171 0 0.00394434 0.0298162 0.0199435 0.0117778 0.0176244 0.0179326 0.0139905 0.0105205 0.0461722 0.010699 0.0239455 0.00962364 0.010218 0.0215933 0.0135878 0.0355933 0.0105974 
0.023983 0.0110825 0.00982078 0.00959992 0.00913096 0.00939612 0.00914032 0.00903315 0.00903387 0.010831 0.0155447 0.0150372 0.00664198 0.011633 0.819146 0.0201616 0.00697058 0.00654793 0.00578663 0.00402656 0.00360327 0.00356485 0.00394434 0 0.0215517 0.0232462 0.0190106 0.0123138 0.0118758 0.0182854 0.026716 0.010025 0.0109564 0.00975925 0.0129796 0.0189186 0.0109339 0.0105108 0.0111546 0.017742 
0.00901159 0.0194078 0.00858635 0.0117804 0.00859537 0.0100457 0.00895372 0.00941115 0.010102 0.013221 0.0154613 0.0117145 0.00976535 0.0216396 0.00924698 0.0120093 0.0106077 0.0135583 0.0119151 0.011478 0.0950772 0.0101183 0.0298162 0.0215517 0 0.00397138 0.00734205 0.0201145 0.00726336 0.0132339 0.0123661 0.0170927 0.00874012 0.0237834 0.0128675 0.0126449 0.0151377 0.00908073 0.0139741 0.0182181 
0.0139956 0.0088507 0.0102971 0.008437 0.00968725 0.00875272 0.00894837 0.00892313 0.00945733 0.00945611 0.0230032 0.0155194 0.0140011 0.00879784 0.0109266 0.0100954 0.0109484 0.0096198 0.0156389 0.0719137 0.00944828 0.0312041 0.0199435 0.0232462 0.00397138 0 0.0240325 0.00414338 0.00498283 0.00521114 0.0119598 0.00964247 0.014687 0.00884103 0.0360419 0.0252312 0.0104825 0.00989082 0.0125478 0.0180681 
0.0120693 0.00892277 0.0109321 0.00859676 0.00991536 0.00880145 0.00925349 0.00903871 0.00915082 0.0115464 0.0167333 0.0101066 0.00934544 0.00886674 0.0103444 0.00969259 0.0114775 0.00960264 0.0190277 0.0152512 0.00989453 0.0134115 0.0117778 0.0190106 0.00734205 0.0240325 0 0.00363568 0.00377249 0.00438122 0.0083515 0.00755558 0.021903 0.0311525 0.874263 0.0121461 0.00900724 0.00946571 0.0103193 0.0266774 
0.00844183 0.0204863 0.00854962 0.0146673 0.00862314 0.0107162 0.00911578 0.00992 0.010483 0.00894325 0.0091889 0.0090299 0.00877377 0.0137095 0.00934663 0.0170197 0.0102111 0.0180537 0.00879826 0.00849332 0.0273668 0.00931642 0.0176244 0.0123138 0.0201145 0.00414338 0.00363568 0 0.00355788 0.00358871 0.00675599 0.0133507 0.0108764 0.930179 0.00841114 0.00863796 0.0146019 0.00973787 0.0188179 0.00906294 
0.0102104 0.009158 0.0152423 0.00871946 0.0114859 0.0089138 0.00955101 0.00963347 0.0100762 0.00855581 0.00946845 0.00864519 0.0109014 0.00886113 0.0139227 0.010917 0.020335 0.0102316 0.00914369 0.012154 0.00910178 0.0243102 0.0179326 0.0118758 0.00726336 0.00498283 0.00377249 0.00355788 0 0.00358411 0.00858347 0.0176348 0.891149 0.00784866 0.00875234 0.00928177 0.0102983 0.0154704 0.0127686 0.0109102 
0.0108421 0.0114763 0.00878601 0.00932494 0.00856694 0.00886546 0.00876534 0.00885132 0.00870994 0.00919734 0.0115248 0.0130463 0.00861448 0.00931196 0.00944689 0.0111661 0.00917087 0.0102088 0.00965616 0.0120614 0.011067 0.0103415 0.0139905 0.0182854 0.0132339 0.00521114 0.00438122 0.00358871 0.00358411 0 0.0280231 0.782288 0.00738633 0.00931117 0.00895334 0.0130081 0.0145031 0.0103549 0.0124846 0.0144014 
0.0104392 0.0104855 0.00904098 0.00874557 0.00909867 0.00934264 0.00951904 0.00937489 0.00949471 0.0124121 0.0138768 0.00949829 0.00956215 0.0095719 0.0112665 0.011574 0.0135948 0.0101666 0.0210379 0.0131368 0.0100229 0.0105863 0.0105205 0.026716 0.0123661 0.0119598 0.0083515 0.00675599 0.00858347 0.0280231 0 0.0036322 0.0035974 0.00360313 0.00412396 0.0065864 0.00651799 0.00689729 0.0107396 0.958462 
0.00909304 0.0167509 0.0094792 0.0144869 0.00977867 0.0129744 0.010523 0.0135126 0.0120133 0.0092642 0.00966014 0.00903334 0.0104886 0.0159909 0.0153368 0.039505 0.0151181 0.0283467 0.00967877 0.00922313 0.0240928 0.0114772 0.0461722 0.010025 0.0170927 0.00964247 0.00755558 0.0133507 0.0176348 0.782288 0.0036322 0 0.00355813 0.00358737 0.00363944 0.00539725 0.00931999 0.00793291 0.955122 0.0170324 
0.0108906 0.00901021 0.0321377 0.0098983 0.0243666 0.0105677 0.01722 0.0177943 0.010923 0.00904838 0.0092901 0.0086969 0.0112207 0.0108365 0.0459479 0.0182538 0.0813733 0.0103154 0.0111437 0.0109502 0.00921902 0.116462 0.010699 0.0109564 0.00874012 0.014687 0.021903 0.0108764 0.891149 0.00738633 0.0035974 0.00355813 0 0.00354909 0.00362944 0.0067601 0.00782417 0.974179 0.017887 0.00945195 
0.00860224 0.0230871 0.0086705 0.0179969 0.0089494 0.0132825 0.00991242 0.0102997 0.0104445 0.0089273 0.00854293 0.00921421 0.00904718 0.01699 0.00999489 0.0368663 0.0103572 0.0254985 0.0088184 0.0090033 0.0748428 0.0101711 0.0239455 0.00975925 0.0237834 0.00884103 0.0311525 0.930179 0.00784866 0.00931117 0.00360313 0.00358737 0.00354909 0 0.00356951 0.00597722 0.985363 0.0112455 0.0145066 0.00680633 
0.0182942 0.00898133 0.0111966 0.00855125 0.0104936 0.00881054 0.00910685 0.00884417 0.0090686 0.00923189 0.0164552 0.0131047 0.00939408 0.00876016 0.0137409 0.00969719 0.0110364 0.00903959 0.0148886 0.0349468 0.00898321 0.0137008 0.00962364 0.0129796 0.0128675 0.0360419 0.874263 0.00841114 0.00875234 0.00895334 0.00412396 0.00363944 0.00362944 0.00356951 0 0.99087 0.0122164 0.00555007 0.00611507 0.0152707 
0.00938766 0.00887901 0.00868498 0.0084436 0.00859263 0.0085499 0.00870591 0.00891801 0.00895327 0.0120643 0.0132373 0.00878574 0.00871042 0.0090073 0.00992307 0.0106737 0.0103943 0.0103508 0.0151633 0.0108041 0.00952888 0.00922646 0.010218 0.0189186 0.0126449 0.0252312 0.0121461 0.00863796 0.00928177 0.0130081 0.0065864 0.00539725 0.0067601 0.00597722 0.99087 0 0.00360396 0.00359849 0.00361765 0.00603391 
0.00863067 0.0127777 0.0100256 0.0109561 0.0097116 0.0113794 0.0106768 0.0121412 0.0101007 0.00912348 0.00993668 0.0087245 0.00968619 0.0130129 0.0160437 0.0329062 0.0180523 0.0181674 0.00997674 0.0089433 0.0153907 0.0127753 0.0215933 0.0109339 0.0151377 0.0104825 0.00900724 0.0146019 0.0102983 0.0145031 0.00651799 0.00931999 0.00782417 0.985363 0.0122164 0.00360396 0 0.00358716 0.00352466 0.00381227 
0.00924398 0.00940697 0.0168053 0.0122883 0.0149461 0.0127935 0.0160437 0.0187874 0.00969216 0.00900456 0.00908834 0.00844989 0.00996587 0.0132715 0.0355943 0.0368633 0.0668206 0.0121763 0.00942907 0.00892209 0.0104144 0.0552635 0.0135878 0.0105108 0.00908073 0.00989082 0.00946571 0.00973787 0.0154704 0.0103549 0.00689729 0.00793291 0.974179 0.0112455 0.00555007 0.00359849 0.00358716 0 0.00355047 0.00359887 
0.00881594 0.0126747 0.00965795 0.0124803 0.0100751 0.0123061 0.0112093 0.0112612 0.0117923 0.00906828 0.00857018 0.0088376 0.00952576 0.0135548 0.0155981 0.0409427 0.0164904 0.0262095 0.00974539 0.00897346 0.0246348 0.0119733 0.0355933 0.0111546 0.0139741 0.0125478 0.0103193 0.0188179 0.0127686 0.0124846 0.0107396 0.955122 0.017887 0.0145066 0.00611507 0.00361765 0.00352466 0.00355047 0 0.00357407 
0.0119134 0.00896021 0.00948364 0.0088363 0.00920249 0.00888181 0.00902921 0.00892541 0.00899296 0.00925578 0.0126276 0.0113399 0.0087732 0.00884518 0.0118961 0.0102144 0.0102498 0.00964343 0.0132104 0.0162189 0.00925936 0.0123947 0.0105974 0.017742 0.0182181 0.0180681 0.0266774 0.00906294 0.0109102 0.0144014 0.958462 0.0170324 0.00945195 0.00680633 0.0152707 0.00603391 0.00381227 0.00359887 0.00357407 0 
