1C1YB
SNTIRVFLPNKQRTVVNVRNGMSLHDCLMKALKVRGLQPECCAVFRLLHEHKGKKARLDWNTDAASLIGEELQVDFL
CCEEEEEECCCEEEEEECCCCCEHHHHHHHHHHCCCCCHHHEEEEEEEHHHCCEEEEECCCCEHHHHCCCEEEEEEC
0 0 0 0 0 0 0 0 0 0 0 0 0 0 0 0 0 0 0 0 0 0 0 0 0 0 0 0 0 0 0 0 0 0 0 0 0 0 0 0 0 0 0 0 0 0 0 0 0 0 0 0 0 0 0 0 0 0 0 0 0 0 0 0 0 0 0 0 0 0 0 0 0 0 0 0 0 
0 0 0 0 0 0 0 0 0 0 0 0 0 0 0 0 0 0 0 0 0 0 0 0 0 0 0 0 0 0 0 0 0 0 0 0 0 0 0 0 0 0 0 0 0 0 0 0 0 0 0 0 0 0 0 0 0 0 0 0 0 0 0 0 0 0 0 0 0 0 0 0 0 0 0 0 0 
0 0.00383349 0.00405155 0.00365848 0.00454276 0.00447476 0.00624433 0.00694195 0.00699567 0.0123296 0.0239935 0.941272 0.0276404 0.00980759 0.0115659 0.010709 0.00954471 0.0176712 0.0109636 0.0351874 0.0181408 0.0104733 0.00906737 0.0155041 0.010185 0.0301755 0.0151606 0.00829133 0.0133068 0.00843772 0.0155612 0.0110554 
0.00383349 0 0.00367589 0.00446762 0.0036378 0.00405749 0.00594345 0.00562595 0.0115314 0.0225443 0.956596 0.01057 0.00710203 0.0195673 0.0175402 0.0155006 0.0452896 0.00977578 0.0656985 0.0116607 0.0110571 0.0101332 0.0184701 0.00940242 0.0209066 0.00922818 0.00877994 0.0366159 0.00849487 0.0574169 0.00921344 0.0401092 
0.00405155 0.00367589 0 0.00360526 0.00382827 0.00357882 0.00425039 0.01011 0.0223701 0.964905 0.00977875 0.0142661 0.0112814 0.00937441 0.0296597 0.056604 0.0145107 0.140071 0.00936342 0.00950965 0.0111729 0.0127713 0.0105665 0.0354914 0.00853854 0.0114947 0.0170696 0.00869306 0.109541 0.00880352 0.0358531 0.0122637 
0.00365848 0.00446762 0.00360526 0 0.0035898 0.00360934 0.00557756 0.0059341 0.965354 0.00985693 0.0112845 0.00623758 0.00601598 0.0194738 0.0167823 0.0266754 0.112295 0.0113567 0.01808 0.00970344 0.0102003 0.00995648 0.0269266 0.00914248 0.0163643 0.00834621 0.00861643 0.0560141 0.00924102 0.0819925 0.00894616 0.0274993 
0.00454276 0.0036378 0.00382827 0.0035898 0 0.00356258 0.00619195 0.984536 0.00534014 0.00690621 0.00708214 0.0118291 0.0111563 0.00974995 0.022077 0.0261996 0.010637 0.0256631 0.0109039 0.00958633 0.0112183 0.0111201 0.00915815 0.0187807 0.00865248 0.0114632 0.0209432 0.00964901 0.0385921 0.00892143 0.0201566 0.0101478 
0.00447476 0.00405749 0.00357882 0.00360934 0.00356258 0 0.981547 0.00456578 0.00383867 0.00417779 0.00523105 0.00576266 0.00621877 0.0202878 0.0115611 0.0103575 0.0102008 0.00893811 0.00990874 0.00974823 0.0138189 0.00884425 0.00892817 0.00862952 0.0113645 0.0107583 0.0113065 0.0109061 0.00862697 0.00954345 0.00865495 0.0118402 
0.00624433 0.00594345 0.00425039 0.00557756 0.00619195 0.981547 0 0.0039109 0.00357461 0.0036546 0.00370613 0.00461422 0.0114968 0.0114477 0.00943501 0.00942189 0.0113925 0.0105106 0.0153604 0.0250292 0.0106971 0.00911507 0.00977417 0.00984952 0.0168602 0.0144541 0.00921016 0.00961044 0.00868085 0.0105238 0.00904917 0.0263249 
0.00694195 0.00562595 0.01011 0.0059341 0.984536 0.00456578 0.0039109 0 0.00354914 0.00357451 0.00371719 0.00384002 0.00541847 0.00953051 0.0172259 0.0133282 0.0108376 0.017184 0.0120043 0.00974505 0.00904199 0.00903527 0.0091191 0.0124215 0.00869775 0.00961989 0.00889239 0.00927344 0.0112708 0.00873835 0.0290432 0.00974848 
0.00699567 0.0115314 0.0223701 0.965354 0.00534014 0.00383867 0.00357461 0.00354914 0 0.00359438 0.00361463 0.00359028 0.00435414 0.0122396 0.0237097 0.0359286 0.0256504 0.0190035 0.0109954 0.00916637 0.00917667 0.00938413 0.0116812 0.0111405 0.00910915 0.00892075 0.00951413 0.0119087 0.0112863 0.0322254 0.00981585 0.0148342 
0.0123296 0.0225443 0.964905 0.00985693 0.00690621 0.00417779 0.0036546 0.00357451 0.00359438 0 0.00357122 0.00359773 0.00455287 0.0134439 0.0286368 0.0408384 0.0312165 0.0257665 0.0116999 0.00939649 0.0101484 0.00992885 0.0153222 0.0119785 0.00926171 0.00927077 0.0100767 0.0111487 0.0306647 0.0117094 0.013149 0.0133276 
0.0239935 0.956596 0.00977875 0.0112845 0.00708214 0.00523105 0.00370613 0.00371719 0.00361463 0.00357122 0 0.0036332 0.00447235 0.0162615 0.0237368 0.0327439 0.025328 0.0167092 0.0243955 0.00970433 0.00973091 0.010793 0.0111199 0.0104786 0.0137381 0.00885108 0.0100371 0.0363346 0.0095608 0.0167286 0.0113348 0.0190452 
0.941272 0.01057 0.0142661 0.00623758 0.0118291 0.00576266 0.00461422 0.00384002 0.00359028 0.00359773 0.0036332 0 0.0306648 0.014028 0.0158228 0.0158301 0.0112907 0.0196038 0.0114429 0.0142122 0.0235903 0.0103288 0.00911491 0.0146495 0.00953178 0.0211288 0.0435 0.0095476 0.0154902 0.00927229 0.0133621 0.014869 
0.0276404 0.00710203 0.0112814 0.00601598 0.0111563 0.00621877 0.0114968 0.00541847 0.00435414 0.00455287 0.00447235 0.0306648 0 0.00851194 0.00891956 0.00795839 0.00774709 0.0110835 0.00864479 0.0142312 0.0174239 0.0100514 0.0084419 0.0136185 0.00922239 0.180611 0.0188579 0.00877296 0.0112162 0.00846091 0.0108922 0.0118469 
0.00980759 0.0195673 0.00937441 0.0194738 0.00974995 0.0202878 0.0114477 0.00953051 0.0122396 0.0134439 0.0162615 0.014028 0.00851194 0 0.0036185 0.00360535 0.00361321 0.00362561 0.00363054 0.00392389 0.00505635 0.00556512 0.00641468 0.00652082 0.0173608 0.00822533 0.0103895 0.0118191 0.00890654 0.0126251 0.00961432 0.122831 
0.0115659 0.0175402 0.0296597 0.0167823 0.022077 0.0115611 0.00943501 0.0172259 0.0237097 0.0286368 0.0237368 0.0158228 0.00891956 0.0036185 0 0.0035609 0.00356558 0.0035741 0.00363057 0.00508826 0.00570947 0.00690439 0.00603234 0.0125561 0.00996254 0.0212573 0.0116901 0.013114 0.0160973 0.0149708 0.0729756 0.0410713 
0.010709 0.0155006 0.056604 0.0266754 0.0261996 0.0103575 0.00942189 0.0133282 0.0359286 0.0408384 0.0327439 0.0158301 0.00795839 0.00360535 0.0035609 0 0.00357062 0.00360443 0.00355956 0.00357486 0.00627406 0.00721057 0.0140439 0.0122789 0.712577 0.00702643 0.0096601 0.0147978 0.0238548 0.0578209 0.0266593 0.0220561 
0.00954471 0.0452896 0.0145107 0.112295 0.010637 0.0102008 0.0113925 0.0108376 0.0256504 0.0312165 0.025328 0.0112907 0.00774709 0.00361321 0.00356558 0.00357062 0 0.00358809 0.00357236 0.00356676 0.00544488 0.022942 0.0133223 0.796311 0.0214314 0.00667495 0.00939844 0.0249423 0.0142836 0.0590772 0.00976199 0.0404462 
0.0176712 0.00977578 0.140071 0.0113567 0.0256631 0.00893811 0.0105106 0.017184 0.0190035 0.0257665 0.0167092 0.0196038 0.0110835 0.00362561 0.0035741 0.00360443 0.00358809 0 0.00354976 0.0035751 0.0205578 0.0190974 0.862836 0.0430194 0.0072307 0.00676074 0.012457 0.0126527 0.060064 0.00933012 0.020166 0.0162153 
0.0109636 0.0656985 0.00936342 0.01808 0.0109039 0.00990874 0.0153604 0.0120043 0.0109954 0.0116999 0.0243955 0.0114429 0.00864479 0.00363054 0.00363057 0.00355956 0.00357236 0.00354976 0 0.0035452 0.0045988 0.95764 0.00794359 0.0071615 0.00651564 0.00610626 0.0168321 0.0396438 0.00894297 0.015601 0.0104014 0.0225038 
0.0351874 0.0116607 0.00950965 0.00970344 0.00958633 0.00974823 0.0250292 0.00974505 0.00916637 0.00939649 0.00970433 0.0142122 0.0142312 0.00392389 0.00508826 0.00357486 0.00356676 0.0035751 0.0035452 0 0.973487 0.00425435 0.00408486 0.00392325 0.00499271 0.012439 0.0413655 0.00963394 0.00867505 0.00892247 0.00916981 0.0128165 
0.0181408 0.0110571 0.0111729 0.0102003 0.0112183 0.0138189 0.0106971 0.00904199 0.00917667 0.0101484 0.00973091 0.0235903 0.0174239 0.00505635 0.00570947 0.00627406 0.00544488 0.0205578 0.0045988 0.973487 0 0.00502159 0.00356412 0.0071794 0.0040107 0.0067728 0.00924052 0.0080614 0.0109025 0.0122245 0.0342236 0.0581925 
0.0104733 0.0101332 0.0127713 0.00995648 0.0111201 0.00884425 0.00911507 0.00903527 0.00938413 0.00992885 0.010793 0.0103288 0.0100514 0.00556512 0.00690439 0.00721057 0.022942 0.0190974 0.95764 0.00425435 0.00502159 0 0.00373128 0.003833 0.00418963 0.00431671 0.00751148 0.00847465 0.0150025 0.0136802 0.0298835 0.0155555 
0.00906737 0.0184701 0.0105665 0.0269266 0.00915815 0.00892817 0.00977417 0.0091191 0.0116812 0.0153222 0.0111199 0.00911491 0.0084419 0.00641468 0.00603234 0.0140439 0.0133223 0.862836 0.00794359 0.00408486 0.00356412 0.00373128 0 0.00359613 0.00354616 0.00369314 0.00779974 0.0149405 0.0118215 0.0561918 0.00978827 0.0152858 
0.0155041 0.00940242 0.0354914 0.00914248 0.0187807 0.00862952 0.00984952 0.0124215 0.0111405 0.0119785 0.0104786 0.0146495 0.0136185 0.00652082 0.0125561 0.0122789 0.796311 0.0430194 0.0071615 0.00392325 0.0071794 0.003833 0.00359613 0 0.00355226 0.00849418 0.0181139 0.010395 0.0617712 0.00817729 0.0334825 0.0116655 
0.010185 0.0209066 0.00853854 0.0163643 0.00865248 0.0113645 0.0168602 0.00869775 0.00910915 0.00926171 0.0137381 0.00953178 0.00922239 0.0173608 0.00996254 0.712577 0.0214314 0.0072307 0.00651564 0.00499271 0.0040107 0.00418963 0.00354616 0.00355226 0 0.00854994 0.00860464 0.0316875 0.00712023 0.0295939 0.00740958 0.0350296 
0.0301755 0.00922818 0.0114947 0.00834621 0.0114632 0.0107583 0.0144541 0.00961989 0.00892075 0.00927077 0.00885108 0.0211288 0.180611 0.00822533 0.0212573 0.00702643 0.00667495 0.00676074 0.00610626 0.012439 0.0067728 0.00431671 0.00369314 0.00849418 0.00854994 0 0.0444163 0.00500041 0.0052312 0.0046239 0.00653825 0.0113106 
0.0151606 0.00877994 0.0170696 0.00861643 0.0209432 0.0113065 0.00921016 0.00889239 0.00951413 0.0100767 0.0100371 0.0435 0.0188579 0.0103895 0.0116901 0.0096601 0.00939844 0.012457 0.0168321 0.0413655 0.00924052 0.00751148 0.00779974 0.0181139 0.00860464 0.0444163 0 0.00382544 0.00372236 0.00360511 0.00398353 0.00490406 
0.00829133 0.0366159 0.00869306 0.0560141 0.00964901 0.0109061 0.00961044 0.00927344 0.0119087 0.0111487 0.0363346 0.0095476 0.00877296 0.0118191 0.013114 0.0147978 0.0249423 0.0126527 0.0396438 0.00963394 0.0080614 0.00847465 0.0149405 0.010395 0.0316875 0.00500041 0.00382544 0 0.00359601 0.00394437 0.00365656 0.00466267 
0.0133068 0.00849487 0.109541 0.00924102 0.0385921 0.00862697 0.00868085 0.0112708 0.0112863 0.0306647 0.0095608 0.0154902 0.0112162 0.00890654 0.0160973 0.0238548 0.0142836 0.060064 0.00894297 0.00867505 0.0109025 0.0150025 0.0118215 0.0617712 0.00712023 0.0052312 0.00372236 0.00359601 0 0.00356882 0.00365782 0.00357427 
0.00843772 0.0574169 0.00880352 0.0819925 0.00892143 0.00954345 0.0105238 0.00873835 0.0322254 0.0117094 0.0167286 0.00927229 0.00846091 0.0126251 0.0149708 0.0578209 0.0590772 0.00933012 0.015601 0.00892247 0.0122245 0.0136802 0.0561918 0.00817729 0.0295939 0.0046239 0.00360511 0.00394437 0.00356882 0 0.00356299 0.0046236 
0.0155612 0.00921344 0.0358531 0.00894616 0.0201566 0.00865495 0.00904917 0.0290432 0.00981585 0.013149 0.0113348 0.0133621 0.0108922 0.00961432 0.0729756 0.0266593 0.00976199 0.020166 0.0104014 0.00916981 0.0342236 0.0298835 0.00978827 0.0334825 0.00740958 0.00653825 0.00398353 0.00365656 0.00365782 0.00356299 0 0.00359394 
0.0110554 0.0401092 0.0122637 0.0274993 0.0101478 0.0118402 0.0263249 0.00974848 0.0148342 0.0133276 0.0190452 0.014869 0.0118469 0.122831 0.0410713 0.0220561 0.0404462 0.0162153 0.0225038 0.0128165 0.0581925 0.0155555 0.0152858 0.0116655 0.0350296 0.0113106 0.00490406 0.00466267 0.00357427 0.0046236 0.00359394 0 
