1C9SM
TNSDFVVIKALEDGVNVIGLTRGADTRFHHSEKLDKGEVLIAQFTEHTSAIKVRGKAYIQTRHGVIESEGK
CCCCEEEEEECCCCEEEEEEECCCCCCEEEEEEECCCCEEEEECCCCEEEEEEECCEEEEECCEEEEECCC
0 0 0 0 0 0 0 0 0 0 0 0 0 0 0 0 0 0 0 0 0 0 0 0 0 0 0 0 0 0 0 0 0 0 0 0 0 0 0 0 0 0 0 0 0 0 0 0 0 0 0 0 0 0 0 0 0 0 0 0 0 0 0 0 0 0 0 0 0 0 0 
0 0 0 0 0 0 0 0 0 0 0 0 0 0 0 0 0 0 0 0 0 0 0 0 0 0 0 0 0 0 0 0 0 0 0 0 0 0 0 0 0 0 0 0 0 0 0 0 0 0 0 0 0 0 0 0 0 0 0 0 0 0 0 0 0 0 0 0 0 0 0 
0 0.00372289 0.00368697 0.00371727 0.00374932 0.00610177 0.012711 0.00880517 0.00936764 0.0115338 0.0151654 0.10176 0.0775068 0.0178313 0.00931944 0.00998382 0.0100378 0.0126242 0.0127048 0.0273786 0.0709104 0.0217928 0.0370303 0.0164471 0.0322244 0.0197371 0.0197587 0.0225306 0.0268365 0.0154726 0.0198494 0.0223246 0.0403896 0.0155857 0.0168397 0.0117711 0.0192461 0.0228734 0.00972555 0.0106446 0.010606 0.017902 
0.00372289 0 0.00374483 0.00363264 0.00397366 0.00397493 0.00882976 0.012923 0.0127728 0.0207157 0.0933157 0.103202 0.0158487 0.0130405 0.0116616 0.0126366 0.0104908 0.0154386 0.0153179 0.0129463 0.0438579 0.133869 0.0363789 0.141923 0.0144007 0.0133449 0.0485891 0.0454907 0.0542652 0.0449392 0.0338764 0.012568 0.0223069 0.0690102 0.035217 0.0319503 0.0159614 0.014142 0.0182236 0.0186835 0.0159824 0.0112634 
0.00368697 0.00374483 0 0.00361542 0.00393948 0.00361764 0.00562971 0.00897607 0.0309695 0.103792 0.0739406 0.0181377 0.0109938 0.00918513 0.0168345 0.0166472 0.0134159 0.0142116 0.0162249 0.0108387 0.0253581 0.0582971 0.243151 0.0368606 0.0283106 0.0107484 0.0312655 0.0619511 0.0785833 0.0898938 0.0197474 0.0128681 0.0123714 0.0433997 0.0664048 0.0299922 0.0125077 0.0104796 0.0202577 0.024238 0.0208484 0.00947516 
0.00371727 0.00363264 0.00361542 0 0.00359451 0.00362292 0.0060465 0.0193471 0.0877695 0.0475121 0.0184888 0.0200134 0.0087643 0.011725 0.00943717 0.0195417 0.00978085 0.0239023 0.00960774 0.0120511 0.0235083 0.0569332 0.0998599 0.0862204 0.0160644 0.0161389 0.0216647 0.0577234 0.116644 0.0325065 0.0479047 0.0106065 0.0182452 0.0179055 0.169945 0.0209435 0.0135907 0.0110989 0.0125584 0.0392719 0.0104771 0.0107887 
0.00374932 0.00397366 0.00393948 0.00359451 0 0.00361796 0.0127041 0.147162 0.0390991 0.01517 0.0233717 0.015317 0.0118706 0.0100318 0.0204226 0.00880696 0.0122577 0.00963711 0.0188072 0.00899425 0.0282215 0.051036 0.0410725 0.0602599 0.0452244 0.0126668 0.0293888 0.0276325 0.0261206 0.0451446 0.017619 0.0175541 0.0133217 0.058583 0.021589 0.062422 0.0119496 0.0134623 0.0206458 0.0100372 0.0230362 0.00929873 
0.00610177 0.00397493 0.00361764 0.00362292 0.00361796 0 0.102491 0.0515802 0.00661977 0.00761274 0.00898249 0.0142262 0.0166148 0.0223924 0.00928246 0.00919402 0.0115295 0.00993014 0.00950778 0.0141833 0.0484728 0.0134689 0.0170658 0.0221057 0.0273886 0.0305733 0.0131201 0.0134266 0.015319 0.0122932 0.0162316 0.0145518 0.0342591 0.0100228 0.0119192 0.0117775 0.0187658 0.023663 0.00923223 0.0102698 0.00965334 0.0105971 
0.012711 0.00882976 0.00562971 0.0060465 0.0127041 0.102491 0 0.00370685 0.00360095 0.00365017 0.00360276 0.00402805 0.00471487 0.00812433 0.0060387 0.00715959 0.00653091 0.0105863 0.0105952 0.765035 0.0277195 0.0126122 0.0117007 0.0133003 0.0170806 0.0154427 0.011275 0.0110226 0.013051 0.0100101 0.0164155 0.0159571 0.0441387 0.00956047 0.0112097 0.00970583 0.0234804 0.0127542 0.00910765 0.0112235 0.00943721 0.0242691 
0.00880517 0.012923 0.00897607 0.0193471 0.147162 0.0515802 0.00370685 0 0.00358987 0.00359686 0.00359694 0.00351977 0.00397842 0.00618283 0.00877464 0.00638753 0.0103968 0.00835711 0.810311 0.0103321 0.0164013 0.0298615 0.0146525 0.017113 0.0159796 0.0104724 0.0205437 0.0172187 0.0153757 0.0353401 0.0104469 0.0195625 0.00990019 0.0591521 0.0105754 0.0226186 0.0101826 0.0098883 0.0178054 0.0091322 0.0204367 0.00935991 
0.00936764 0.0127728 0.0309695 0.0877695 0.0390991 0.00661977 0.00360095 0.00358987 0 0.00364187 0.00351435 0.00363093 0.00362957 0.00825647 0.00598876 0.010111 0.00853145 0.768486 0.0156472 0.0106514 0.0148849 0.0265133 0.0516306 0.0293082 0.0152532 0.0103951 0.0172005 0.0444691 0.0502153 0.0308881 0.0338894 0.0101978 0.0150662 0.0136283 0.0869076 0.0157437 0.0124015 0.0104525 0.0107409 0.024172 0.011591 0.0101868 
0.0115338 0.0207157 0.103792 0.0475121 0.01517 0.00761274 0.00365017 0.00359686 0.00364187 0 0.00355882 0.00360659 0.0036252 0.00635551 0.00707623 0.0144858 0.649661 0.0170922 0.00858111 0.00833004 0.0126178 0.0236294 0.0378724 0.0341936 0.0165291 0.0103777 0.0194719 0.0291375 0.0622615 0.0436058 0.0218803 0.0105103 0.012957 0.0207898 0.0392723 0.0185108 0.0119543 0.0101467 0.0133188 0.0160262 0.0111517 0.00981282 
0.0151654 0.0933157 0.0739406 0.0184888 0.0233717 0.00898249 0.00360276 0.00359694 0.00351435 0.00355882 0 0.00363258 0.0035654 0.00571286 0.0453682 0.614311 0.0191181 0.00899366 0.011134 0.007738 0.0125931 0.0243831 0.0510318 0.0295285 0.0189613 0.0100275 0.0199633 0.043995 0.0519017 0.0724064 0.0141994 0.0159654 0.0104094 0.0319074 0.0289227 0.0272671 0.0119537 0.00993262 0.0175829 0.012134 0.0186459 0.00958922 
0.10176 0.103202 0.0181377 0.0200134 0.015317 0.0142262 0.00402805 0.00351977 0.00363093 0.00360659 0.00363258 0 0.00384652 0.238333 0.0946569 0.0329295 0.00651156 0.00995839 0.0076482 0.0119992 0.0132632 0.0260778 0.0229382 0.0836904 0.0237103 0.0101818 0.024451 0.0239669 0.0282604 0.0153067 0.0549885 0.0102873 0.0153765 0.0111465 0.048014 0.0250429 0.0160703 0.0100223 0.010423 0.016001 0.0111109 0.0137186 
0.0775068 0.0158487 0.0109938 0.0087643 0.0118706 0.0166148 0.00471487 0.00397842 0.00362957 0.0036252 0.0035654 0.00384652 0 0.128226 0.0112044 0.005095 0.00855824 0.00585492 0.00980534 0.0085823 0.0183979 0.0119037 0.014242 0.0141645 0.0410177 0.0365425 0.0113443 0.012947 0.0124159 0.0143462 0.0098557 0.0273705 0.0145035 0.0127167 0.010088 0.0171428 0.01608 0.0142517 0.0094059 0.00894564 0.0130923 0.0117733 
0.0178313 0.0130405 0.00918513 0.011725 0.0100318 0.0223924 0.00812433 0.00618283 0.00825647 0.00635551 0.00571286 0.238333 0.128226 0 0.0036274 0.00428142 0.00356724 0.00370102 0.00379908 0.00577494 0.00736274 0.00653538 0.00716365 0.00869979 0.0229203 0.0114267 0.00960735 0.0101688 0.0108988 0.00882113 0.0295896 0.0114759 0.022631 0.0087731 0.0112643 0.00900797 0.0218743 0.0118632 0.00879444 0.0104814 0.0090117 0.0210889 
0.00931944 0.0116616 0.0168345 0.00943717 0.0204226 0.00928246 0.0060387 0.00877464 0.00598876 0.00707623 0.0453682 0.0946569 0.0112044 0.0036274 0 0.00350912 0.003602 0.00354725 0.00487183 0.00351409 0.00588675 0.00757144 0.00660099 0.0104828 0.0351518 0.00791095 0.0109772 0.00902476 0.0086708 0.0144417 0.00841284 0.0134211 0.00839178 0.0225379 0.00842232 0.0235266 0.0084693 0.00880334 0.013741 0.00842739 0.0263163 0.00840238 
0.00998382 0.0126366 0.0166472 0.0195417 0.00880696 0.00919402 0.00715959 0.00638753 0.010111 0.0144858 0.614311 0.0329295 0.005095 0.00428142 0.00350912 0 0.00354461 0.00362505 0.00357617 0.0040316 0.00569344 0.00694764 0.0129958 0.0350199 0.0238199 0.00770733 0.00914774 0.010698 0.0117286 0.00848991 0.017464 0.00815108 0.0126326 0.0082426 0.0289041 0.00864611 0.0110126 0.00884837 0.00848237 0.0330929 0.00854494 0.0123839 
0.0100378 0.0104908 0.0134159 0.00978085 0.0122577 0.0115295 0.00653091 0.0103968 0.00853145 0.649661 0.0191181 0.00651156 0.00855824 0.00356724 0.003602 0.00354461 0 0.00350785 0.00387189 0.00366277 0.00464431 0.013075 0.0160643 0.0277462 0.022209 0.00903326 0.00791511 0.0099104 0.00901474 0.0129016 0.00859684 0.012789 0.00807411 0.0193913 0.00849899 0.0154956 0.0084221 0.0084711 0.0128566 0.00848182 0.017252 0.008295 
0.0126242 0.0154386 0.0142116 0.0239023 0.00963711 0.00993014 0.0105863 0.00835711 0.768486 0.0170922 0.00899366 0.00995839 0.00585492 0.00370102 0.00354725 0.00362505 0.00350785 0 0.00354238 0.00361106 0.0134313 0.0214621 0.0484904 0.0171695 0.00620733 0.00742448 0.0098346 0.0118177 0.01155 0.00870109 0.0169717 0.00816149 0.0150985 0.00837552 0.0272014 0.00891277 0.0110187 0.0116735 0.00850267 0.0194819 0.00859411 0.0104675 
0.0127048 0.0153179 0.0162249 0.00960774 0.0188072 0.00950778 0.0105952 0.810311 0.0156472 0.00858111 0.011134 0.0076482 0.00980534 0.00379908 0.00487183 0.00357617 0.00387189 0.00354238 0 0.00368965 0.0317433 0.0959288 0.0107434 0.00924724 0.0072832 0.00869245 0.0136065 0.0115475 0.00875292 0.0385409 0.00830785 0.0140683 0.00914608 0.0354065 0.00860952 0.016035 0.00871687 0.00957575 0.0202701 0.00862114 0.0215993 0.00851452 
0.0273786 0.0129463 0.0108387 0.0120511 0.00899425 0.0141833 0.765035 0.0103321 0.0106514 0.00833004 0.007738 0.0119992 0.0085823 0.00577494 0.00351409 0.0040316 0.00366277 0.00361106 0.00368965 0 0.0997546 0.0116234 0.00491362 0.00546306 0.00594876 0.0206895 0.00856973 0.00824075 0.0109404 0.00806239 0.0205387 0.00869351 0.0626615 0.00877093 0.0118719 0.00837119 0.0149676 0.024534 0.00868759 0.0140371 0.00843744 0.015724 
0.0709104 0.0438579 0.0253581 0.0235083 0.0282215 0.0484728 0.0277195 0.0164013 0.0148849 0.0126178 0.0125931 0.0132632 0.0183979 0.00736274 0.00588675 0.00569344 0.00464431 0.0134313 0.0317433 0.0997546 0 0.00439151 0.00358641 0.00386125 0.00387204 0.00804686 0.00754958 0.00829436 0.0495455 0.0514787 0.0460093 0.0319229 0.02129 0.0107792 0.0136681 0.0119965 0.0467174 0.0206459 0.0104553 0.0124418 0.0123429 0.0338198 
0.0217928 0.133869 0.0582971 0.0569332 0.051036 0.0134689 0.0126122 0.0298615 0.0265133 0.0236294 0.0243831 0.0260778 0.0119037 0.00653538 0.00757144 0.00694764 0.013075 0.0214621 0.0959288 0.0116234 0.00439151 0 0.00360562 0.00361738 0.0036261 0.00560881 0.00790911 0.026556 0.0569101 0.045255 0.0167699 0.0114793 0.0112874 0.0254796 0.0130635 0.0385148 0.0105873 0.0111737 0.0199204 0.0133057 0.0269988 0.0110588 
0.0370303 0.0363789 0.243151 0.0998599 0.0410725 0.0170658 0.0117007 0.0146525 0.0516306 0.0378724 0.0510318 0.0229382 0.014242 0.00716365 0.00660099 0.0129958 0.0160643 0.0484904 0.0107434 0.00491362 0.00358641 0.00360562 0 0.00359677 0.0035707 0.0043123 0.022207 0.0505742 0.0377665 0.0192274 0.0104207 0.00844433 0.00984834 0.012911 0.0457032 0.0133277 0.0125861 0.0140181 0.0121589 0.0373052 0.0135986 0.0112081 
0.0164471 0.141923 0.0368606 0.0862204 0.0602599 0.0221057 0.0133003 0.017113 0.0293082 0.0341936 0.0295285 0.0836904 0.0141645 0.00869979 0.0104828 0.0350199 0.0277462 0.0171695 0.00924724 0.00546306 0.00386125 0.00361738 0.00359677 0 0.00371945 0.0230543 0.0328423 0.0410526 0.0248692 0.0106405 0.0169696 0.00764623 0.0120391 0.0273284 0.0187966 0.0250141 0.01287 0.0160922 0.0228301 0.0197267 0.0223103 0.0130047 
0.0322244 0.0144007 0.0283106 0.0160644 0.0452244 0.0273886 0.0170806 0.0159796 0.0152532 0.0165291 0.0189613 0.0237103 0.0410177 0.0229203 0.0351518 0.0238199 0.022209 0.00620733 0.0072832 0.00594876 0.00387204 0.0036261 0.0035707 0.00371945 0 0.0410803 0.0237993 0.00839446 0.0101243 0.00928077 0.00707942 0.0152404 0.0178852 0.0129046 0.00977881 0.0160641 0.0211716 0.0543245 0.0120054 0.0106825 0.0235515 0.0153571 
0.0197371 0.0133449 0.0107484 0.0161389 0.0126668 0.0305733 0.0154427 0.0104724 0.0103951 0.0103777 0.0100275 0.0101818 0.0365425 0.0114267 0.00791095 0.00770733 0.00903326 0.00742448 0.00869245 0.0206895 0.00804686 0.00560881 0.0043123 0.0230543 0.0410803 0 0.00373226 0.00363147 0.00367423 0.00365192 0.00379291 0.00471918 0.00553132 0.00555435 0.00627317 0.00735242 0.0210186 0.0107496 0.00830726 0.0155754 0.0100945 0.0369124 
0.0197587 0.0485891 0.0312655 0.0216647 0.0293888 0.0131201 0.011275 0.0205437 0.0172005 0.0194719 0.0199633 0.024451 0.0113443 0.00960735 0.0109772 0.00914774 0.00791511 0.0098346 0.0136065 0.00856973 0.00754958 0.00790911 0.022207 0.0328423 0.0237993 0.00373226 0 0.00358891 0.00360983 0.00354046 0.00571767 0.00377789 0.00529671 0.00578608 0.00609267 0.0214506 0.0209075 0.00946698 0.0162275 0.00895846 0.0143315 0.0113478 
0.0225306 0.0454907 0.0619511 0.0577234 0.0276325 0.0134266 0.0110226 0.0172187 0.0444691 0.0291375 0.043995 0.0239669 0.012947 0.0101688 0.00902476 0.010698 0.0099104 0.0118177 0.0115475 0.00824075 0.00829436 0.026556 0.0505742 0.0410526 0.00839446 0.00363147 0.00358891 0 0.00357347 0.00359256 0.00359195 0.0036573 0.0055191 0.00599307 0.0205798 0.0206305 0.102418 0.0113626 0.00874511 0.0125283 0.0110225 0.0112543 
0.0268365 0.0542652 0.0785833 0.116644 0.0261206 0.015319 0.013051 0.0153757 0.0502153 0.0622615 0.0519017 0.0282604 0.0124159 0.0108988 0.0086708 0.0117286 0.00901474 0.01155 0.00875292 0.0109404 0.0495455 0.0569101 0.0377665 0.0248692 0.0101243 0.00367423 0.00360983 0.00357347 0 0.00356237 0.00361053 0.0035992 0.00533269 0.0131497 0.0213456 0.0635172 0.0512169 0.00823591 0.00928167 0.0143715 0.0100654 0.0104575 
0.0154726 0.0449392 0.0898938 0.0325065 0.0451446 0.0122932 0.0100101 0.0353401 0.0308881 0.0436058 0.0724064 0.0153067 0.0143462 0.00882113 0.0144417 0.00848991 0.0129016 0.00870109 0.0385409 0.00806239 0.0514787 0.045255 0.0192274 0.0106405 0.00928077 0.00365192 0.00354046 0.00359256 0.00356237 0 0.00355834 0.00361741 0.00437138 0.0435035 0.0338227 0.0735437 0.00774615 0.010388 0.0128018 0.00830827 0.0203907 0.00800852 
0.0198494 0.0338764 0.0197474 0.0479047 0.017619 0.0162316 0.0164155 0.0104469 0.0338894 0.0218803 0.0141994 0.0549885 0.0098557 0.0295896 0.00841284 0.017464 0.00859684 0.0169717 0.00830785 0.0205387 0.0460093 0.0167699 0.0104207 0.0169696 0.00707942 0.00379291 0.00571767 0.00359195 0.00361053 0.00355834 0 0.00364153 0.021571 0.0231548 0.0208405 0.00486429 0.00636513 0.0109209 0.007491 0.0214401 0.007299 0.0137778 
0.0223246 0.012568 0.0128681 0.0106065 0.0175541 0.0145518 0.0159571 0.0195625 0.0101978 0.0105103 0.0159654 0.0102873 0.0273705 0.0114759 0.0134211 0.00815108 0.012789 0.00816149 0.0140683 0.00869351 0.0319229 0.0114793 0.00844433 0.00764623 0.0152404 0.00471918 0.00377789 0.0036573 0.0035992 0.00361741 0.00364153 0 0.0477376 0.011409 0.0036425 0.00471189 0.00480195 0.013088 0.0102647 0.00649837 0.0151411 0.00718745 
0.0403896 0.0223069 0.0123714 0.0182452 0.0133217 0.0342591 0.0441387 0.00990019 0.0150662 0.012957 0.0104094 0.0153765 0.0145035 0.022631 0.00839178 0.0126326 0.00807411 0.0150985 0.00914608 0.0626615 0.02129 0.0112874 0.00984834 0.0120391 0.0178852 0.00553132 0.00529671 0.0055191 0.00533269 0.00437138 0.021571 0.0477376 0 0.00358994 0.00365081 0.00370177 0.00428417 0.00964062 0.00455662 0.0107269 0.00810471 0.947566 
0.0155857 0.0690102 0.0433997 0.0179055 0.058583 0.0100228 0.00956047 0.0591521 0.0136283 0.0207898 0.0319074 0.0111465 0.0127167 0.0087731 0.0225379 0.0082426 0.0193913 0.00837552 0.0354065 0.00877093 0.0107792 0.0254796 0.012911 0.0273284 0.0129046 0.00555435 0.00578608 0.00599307 0.0131497 0.0435035 0.0231548 0.011409 0.00358994 0 0.00355587 0.00358647 0.00357212 0.003958 0.00730998 0.006329 0.979592 0.00784387 
0.0168397 0.035217 0.0664048 0.169945 0.021589 0.0119192 0.0112097 0.0105754 0.0869076 0.0392723 0.0289227 0.048014 0.010088 0.0112643 0.00842232 0.0289041 0.00849899 0.0272014 0.00860952 0.0118719 0.0136681 0.0130635 0.0457032 0.0187966 0.00977881 0.00627317 0.00609267 0.0205798 0.0213456 0.0338227 0.0208405 0.0036425 0.00365081 0.00355587 0 0.00354623 0.00355937 0.00501331 0.00541243 0.984032 0.00736955 0.00593067 
0.0117711 0.0319503 0.0299922 0.0209435 0.062422 0.0117775 0.00970583 0.0226186 0.0157437 0.0185108 0.0272671 0.0250429 0.0171428 0.00900797 0.0235266 0.00864611 0.0154956 0.00891277 0.016035 0.00837119 0.0119965 0.0385148 0.0133277 0.0250141 0.0160641 0.00735242 0.0214506 0.0206305 0.0635172 0.0735437 0.00486429 0.00471189 0.00370177 0.00358647 0.00354623 0 0.00359292 0.00425412 0.986503 0.00457526 0.00728227 0.00554098 
0.0192461 0.0159614 0.0125077 0.0135907 0.0119496 0.0187658 0.0234804 0.0101826 0.0124015 0.0119543 0.0119537 0.0160703 0.01608 0.0218743 0.0084693 0.0110126 0.0084221 0.0110187 0.00871687 0.0149676 0.0467174 0.0105873 0.0125861 0.01287 0.0211716 0.0210186 0.0209075 0.102418 0.0512169 0.00774615 0.00636513 0.00480195 0.00428417 0.00357212 0.00355937 0.00359292 0 0.970405 0.00372939 0.00744631 0.00384272 0.00591446 
0.0228734 0.014142 0.0104796 0.0110989 0.0134623 0.023663 0.0127542 0.0098883 0.0104525 0.0101467 0.00993262 0.0100223 0.0142517 0.0118632 0.00880334 0.00884837 0.0084711 0.0116735 0.00957575 0.024534 0.0206459 0.0111737 0.0140181 0.0160922 0.0543245 0.0107496 0.00946698 0.0113626 0.00823591 0.010388 0.0109209 0.013088 0.00964062 0.003958 0.00501331 0.00425412 0.970405 0 0.00364374 0.00361415 0.00408326 0.00581586 
0.00972555 0.0182236 0.0202577 0.0125584 0.0206458 0.00923223 0.00910765 0.0178054 0.0107409 0.0133188 0.0175829 0.010423 0.0094059 0.00879444 0.013741 0.00848237 0.0128566 0.00850267 0.0202701 0.00868759 0.0104553 0.0199204 0.0121589 0.0228301 0.0120054 0.00830726 0.0162275 0.00874511 0.00928167 0.0128018 0.007491 0.0102647 0.00455662 0.00730998 0.00541243 0.986503 0.00372939 0.00364374 0 0.00374884 0.00681455 0.00364803 
0.0106446 0.0186835 0.024238 0.0392719 0.0100372 0.0102698 0.0112235 0.0091322 0.024172 0.0160262 0.012134 0.016001 0.00894564 0.0104814 0.00842739 0.0330929 0.00848182 0.0194819 0.00862114 0.0140371 0.0124418 0.0133057 0.0373052 0.0197267 0.0106825 0.0155754 0.00895846 0.0125283 0.0143715 0.00830827 0.0214401 0.00649837 0.0107269 0.006329 0.984032 0.00457526 0.00744631 0.00361415 0.00374884 0 0.00372994 0.00368822 
0.010606 0.0159824 0.0208484 0.0104771 0.0230362 0.00965334 0.00943721 0.0204367 0.011591 0.0111517 0.0186459 0.0111109 0.0130923 0.0090117 0.0263163 0.00854494 0.017252 0.00859411 0.0215993 0.00843744 0.0123429 0.0269988 0.0135986 0.0223103 0.0235515 0.0100945 0.0143315 0.0110225 0.0100654 0.0203907 0.007299 0.0151411 0.00810471 0.979592 0.00736955 0.00728227 0.00384272 0.00408326 0.00681455 0.00372994 0 0.00361346 
0.017902 0.0112634 0.00947516 0.0107887 0.00929873 0.0105971 0.0242691 0.00935991 0.0101868 0.00981282 0.00958922 0.0137186 0.0117733 0.0210889 0.00840238 0.0123839 0.008295 0.0104675 0.00851452 0.015724 0.0338198 0.0110588 0.0112081 0.0130047 0.0153571 0.0369124 0.0113478 0.0112543 0.0104575 0.00800852 0.0137778 0.00718745 0.947566 0.00784387 0.00593067 0.00554098 0.00591446 0.00581586 0.00364803 0.00368822 0.00361346 0 
