1CP6A
MPPITQQATVTAWLPQVDASQITGTISSLESFTNRFYTTTSGAQASDWIASEWQALSASLPNASVKQVSHSGYNQKSVVMTITGSEAPDEWIVIGGHLDSTIGSHTNEQSVAPGADDDASGIAAVTEVIRVLSENNFQPKRSIAFMAYAAEEVGLRGSQDLANQYKSEGKNVVSALQLDMTNYKGSAQDVVFITDYTDSNFTQYLTQLMDEYLPSLTYGFDTCGYACSDHASWHNAGYPAAMPFESKFNDYNPRIHTTQDTLANSDPTGSHAKKFTQLGLAYAIEMGSATG
CCCCCCHHHHHHHHHHCCHHHHHHHHHHHCCCCCCCCCCHHHHHHHHHHHHHHHHHHCCCCCEEEEEECCCCCCCCEEEEEECCCCEEEEEEEEEEECCCCCCCCCCCCCCCCCCCCCHHHHHHHHHHHHHHHHCCCCCCEEEEEEEECCCCCCCHHHHHHHHHHHHCCCEEEEEEECCCCCCCCCCCCEEEECCCCCHHHHHHHHHHHHHHCCCCCEEEECCCCCCCCHHHHHHCCCCEECEECCCHHHCCCCCCCCCCCHHHCCCCCHHHHHHHHHHHHHHHHHHCCCC
0 0 0 0 0 0 0 0 0 0 0 0 0 0 0 0 0 0 0 0 0 0 0 0 0 0 0 0 0 0 0 0 0 0 0 0 0 0 0 0 0 0 0 0 0 0 0 0 0 0 0 0 0 0 0 0 0 0 0 0 0 0 0 0 0 0 0 0 0 0 0 0 0 0 0 0 0 0 0 0 0 0 0 0 0 0 0 0 0 0 0 0 0 0 0 0 0 0 0 0 0 0 0 0 0 0 0 0 0 0 0 0 0 0 0 0 0 0 0 0 0 0 0 0 0 0 0 0 0 0 0 0 0 0 0 0 0 0 0 0 0 0 0 0 0 0 0 0 0 0 0 0 0 0 0 0 0 0 0 0 0 0 0 0 0 0 0 0 0 0 0 0 0 0 0 0 0 0 0 0 0 0 0 0 0 0 0 0 0 0 0 0 0 0 0 0 0 0 0 0 0 0 0 0 0 0 0 0 0 0 0 0 0 0 0 0 0 0 0 0 0 0 0 0 0 0 0 0 0 0 0 0 0 0 0 0 0 0 0 0 0 0 0 0 0 0 0 0 0 0 0 0 0 0 0 0 0 0 0 0 0 0 0 0 0 0 0 0 0 0 0 0 0 0 0 0 0 0 0 0 0 0 0 0 0 0 0 0 0 0 0 
0 0 0 0 0 0 0 0 0 0 0 0 0 0 0 0 0 0 0 0 0 0 0 0 0 0 0 0 0 0 0 0 0 0 0 0 0 0 0 0 0 0 0 0 0 0 0 0 0 0 0 0 0 0 0 0 0 0 0 0 0 0 0 0 0 0 0 0 0 0 0 0 0 0 0 0 0 0 0 0 0 0 0 0 0 0 0 0 0 0 0 0 0 0 0 0 0 0 0 0 0 0 0 0 0 0 0 0 0 0 0 0 0 0 0 0 0 0 0 0 0 0 0 0 0 0 0 0 0 0 0 0 0 0 0 0 0 0 0 0 0 0 0 0 0 0 0 0 0 0 0 0 0 0 0 0 0 0 0 0 0 0 0 0 0 0 0 0 0 0 0 0 0 0 0 0 0 0 0 0 0 0 0 0 0 0 0 0 0 0 0 0 0 0 0 0 0 0 0 0 0 0 0 0 0 0 0 0 0 0 0 0 0 0 0 0 0 0 0 0 0 0 0 0 0 0 0 0 0 0 0 0 0 0 0 0 0 0 0 0 0 0 0 0 0 0 0 0 0 0 0 0 0 0 0 0 0 0 0 0 0 0 0 0 0 0 0 0 0 0 0 0 0 0 0 0 0 0 0 0 0 0 0 0 0 0 0 0 0 0 0 
0 0.00367319 0.00379394 0.00370064 0.00393618 0.00599229 0.0116177 0.00877435 0.00870492 0.0100375 0.0146862 0.588648 0.0103032 0.00868714 0.00836099 0.00900191 0.00993926 0.0105931 0.00989752 0.0101305 0.009142 0.010364 0.0132258 0.0102755 0.00852086 0.00902671 0.00854392 0.0088679 0.00865434 0.00851806 0.0103965 0.00877735 0.00839718 0.00821184 0.00860739 0.00834165 0.00858449 0.00918982 0.00839267 0.00837179 0.00875253 0.00935963 0.00836788 0.00808284 0.00805607 0.0082246 0.00803584 0.00823876 0.00806901 0.00822196 
0.00367319 0 0.00360794 0.0036821 0.00441177 0.00376301 0.00747026 0.00857047 0.0126968 0.0107675 0.644352 0.0115687 0.00852272 0.00895713 0.00845467 0.00912494 0.0111266 0.0109115 0.0138319 0.0107348 0.0116866 0.0102663 0.0091351 0.00857044 0.0112611 0.00898252 0.0123408 0.010307 0.00949773 0.0090892 0.00868673 0.00914085 0.00827361 0.0085105 0.00881397 0.00878105 0.00860414 0.00844908 0.00830135 0.00851335 0.00885542 0.00836937 0.00822179 0.00808438 0.00821723 0.00811489 0.00815968 0.00817705 0.00812846 0.00812531 
0.00379394 0.00360794 0 0.00366031 0.00361536 0.00364629 0.00697352 0.0088532 0.014425 0.624574 0.0113061 0.0108651 0.00910483 0.00825559 0.00870249 0.0102369 0.0111517 0.0138805 0.0120565 0.0178942 0.0113872 0.0104358 0.00863103 0.00921985 0.0087004 0.0177536 0.0109423 0.0145507 0.0113092 0.00929199 0.00873856 0.00815358 0.00880304 0.0088183 0.00993422 0.00984061 0.00896116 0.00829642 0.00825271 0.00887262 0.00872457 0.00863181 0.00813733 0.0083145 0.00816428 0.00808486 0.00816905 0.00827986 0.00812346 0.00820868 
0.00370064 0.0036821 0.00366031 0 0.00356938 0.00357446 0.00717734 0.00834123 0.559577 0.0215011 0.0127589 0.00786638 0.00812471 0.00820876 0.00893031 0.0090867 0.0110217 0.0115306 0.0191088 0.0130398 0.0140999 0.00913492 0.00887139 0.00841649 0.00954177 0.0102247 0.015473 0.0119255 0.0114841 0.00919081 0.00861729 0.00852377 0.00835548 0.0090281 0.00993063 0.00956005 0.00862103 0.00837997 0.00830669 0.0087774 0.00904664 0.00831363 0.00813199 0.00819153 0.00818168 0.00804181 0.00815847 0.00817605 0.00814302 0.00811768 
0.00393618 0.00441177 0.00361536 0.00356938 0 0.00360678 0.00809592 0.612381 0.0219387 0.0100233 0.0098913 0.00762499 0.00911486 0.00870814 0.00815761 0.0087692 0.00931506 0.0110628 0.0124232 0.0140214 0.00983056 0.0151838 0.00889637 0.00896672 0.00946886 0.00949861 0.0106775 0.0102787 0.00933576 0.00986027 0.00869654 0.00875483 0.00863593 0.00861428 0.00869717 0.00886105 0.00886061 0.00829191 0.00858778 0.00874408 0.00855915 0.008378 0.00810306 0.00822807 0.00811998 0.00809526 0.00813604 0.00819188 0.00808932 0.00811361 
0.00599229 0.00376301 0.00364629 0.00357446 0.00360678 0 0.574598 0.0162597 0.0081814 0.00752895 0.00723523 0.00869731 0.0116945 0.00767533 0.00752704 0.00798474 0.00883671 0.00952192 0.0105151 0.00948404 0.00912798 0.0092669 0.0127641 0.0102688 0.00879962 0.00886676 0.00889785 0.00896515 0.00904521 0.00871176 0.00956504 0.00899944 0.00826691 0.00821631 0.00849014 0.00841108 0.00828154 0.0083957 0.0089011 0.00836677 0.00836995 0.00853086 0.00823484 0.00809997 0.00806417 0.00807669 0.00818311 0.00820677 0.00808384 0.00820009 
0.0116177 0.00747026 0.00697352 0.00717734 0.00809592 0.574598 0 0.00367823 0.00359767 0.00360601 0.00371877 0.00406984 0.00651698 0.00625158 0.00600947 0.00717119 0.00933958 0.0518215 0.0252537 0.0116027 0.0111636 0.0103581 0.0296332 0.0232041 0.0141834 0.0110766 0.0119074 0.0117805 0.0115302 0.010005 0.0159422 0.0122462 0.00900508 0.00897084 0.0098264 0.00923282 0.00937488 0.0117592 0.0101028 0.0088861 0.00949848 0.00973422 0.00853122 0.00812693 0.00810531 0.00823623 0.00823798 0.00850445 0.00819497 0.00832432 
0.00877435 0.00857047 0.0088532 0.00834123 0.612381 0.0162597 0.00367823 0 0.00360578 0.00356657 0.00365158 0.00365344 0.00521057 0.00659595 0.00606544 0.0095369 0.0607602 0.043625 0.0186439 0.0202517 0.0150548 0.0438157 0.0098985 0.015899 0.0267274 0.0359965 0.0312881 0.0538474 0.0254971 0.0215125 0.010432 0.00883015 0.0138324 0.0125035 0.0190237 0.0181286 0.0150654 0.00932945 0.00967691 0.0134747 0.0111414 0.00929432 0.00825892 0.00850602 0.00829149 0.00815575 0.00837444 0.00847982 0.00826115 0.00826884 
0.00870492 0.0126968 0.014425 0.559577 0.0219387 0.0081814 0.00359767 0.00360578 0 0.00359943 0.00360521 0.0035688 0.00480509 0.00678856 0.00859736 0.0426215 0.0313895 0.015412 0.0245358 0.0156824 0.028114 0.0133357 0.0107368 0.0129191 0.0257313 0.0370921 0.137691 0.0614221 0.0716369 0.0232987 0.012251 0.00882041 0.0101201 0.0279284 0.035511 0.0399874 0.015012 0.0106625 0.0090933 0.0139296 0.0133894 0.00947352 0.00836021 0.00846586 0.00850834 0.00824193 0.00839619 0.00891762 0.00842236 0.0086141 
0.0100375 0.0107675 0.624574 0.0215011 0.0100233 0.00752895 0.00360601 0.00356657 0.00359943 0 0.00360342 0.00357239 0.00494092 0.0151991 0.0280074 0.0299016 0.013024 0.0221049 0.0160694 0.0339742 0.0147307 0.0159038 0.0111241 0.0132452 0.0153685 0.142613 0.0456469 0.119727 0.0582974 0.0272493 0.0123366 0.00868991 0.013866 0.0234488 0.0499612 0.0379966 0.0226245 0.0102034 0.00993344 0.0162997 0.0129534 0.0100423 0.00837164 0.00866314 0.008614 0.00831867 0.00864937 0.00898404 0.00856669 0.00862945 
0.0146862 0.644352 0.0113061 0.0127589 0.0098913 0.00723523 0.00371877 0.00365158 0.00360521 0.00360342 0 0.00361176 0.0190076 0.0514023 0.0124555 0.00616821 0.00854934 0.0148976 0.0187455 0.0119081 0.0131096 0.0128448 0.0134112 0.0099553 0.0318082 0.0128553 0.0448755 0.021501 0.0215728 0.0304681 0.0121163 0.00958233 0.00994214 0.015368 0.0140319 0.0158075 0.0126223 0.0107471 0.00944443 0.0117057 0.0135726 0.00903064 0.00831366 0.00844873 0.00841363 0.0083104 0.00843759 0.00858097 0.0084342 0.00839802 
0.588648 0.0115687 0.0108651 0.00786638 0.00762499 0.00869731 0.00406984 0.00365344 0.0035688 0.00357239 0.00361176 0 0.109152 0.00556889 0.00370899 0.00479644 0.00663159 0.00797235 0.00760683 0.00826538 0.00739917 0.00867909 0.00921943 0.0215952 0.00936499 0.0128519 0.00982855 0.0121888 0.010345 0.0111139 0.0144967 0.00931807 0.00943088 0.00888339 0.00966343 0.00961206 0.0103447 0.00935823 0.0105203 0.00936821 0.00895545 0.00992544 0.00827943 0.00831621 0.00828331 0.00818084 0.00845628 0.00841977 0.008212 0.0083512 
0.0103032 0.00852272 0.00910483 0.00812471 0.00911486 0.0116945 0.00651698 0.00521057 0.00480509 0.00494092 0.0190076 0.109152 0 0.00412364 0.00356092 0.00361962 0.00361519 0.00359589 0.00372106 0.00416817 0.00418193 0.00488996 0.00893879 0.0145158 0.00912853 0.00938668 0.00884389 0.00898605 0.00885913 0.00876743 0.0117707 0.00880807 0.00840127 0.008385 0.00859261 0.00849917 0.00854158 0.0092246 0.00839552 0.00834895 0.00848702 0.00941832 0.00813587 0.00808925 0.00805561 0.00821353 0.00804233 0.00820312 0.00801976 0.00816516 
0.00868714 0.00895713 0.00825559 0.00820876 0.00870814 0.00767533 0.00625158 0.00659595 0.00678856 0.0151991 0.0514023 0.00556889 0.00412364 0 0.00354463 0.00355558 0.0035704 0.0035538 0.00369717 0.00365261 0.00407376 0.00523611 0.00522734 0.00928194 0.0100589 0.00935071 0.00993609 0.00983351 0.00926575 0.0105074 0.0087403 0.00823334 0.00845357 0.00850905 0.00886583 0.00881983 0.00878472 0.00829362 0.00820198 0.00852279 0.00862144 0.00827161 0.00809037 0.00810524 0.0081954 0.00801136 0.00812015 0.00811548 0.00811576 0.0080873 
0.00836099 0.00845467 0.00870249 0.00893031 0.00815761 0.00752704 0.00600947 0.00606544 0.00859736 0.0280074 0.0124555 0.00370899 0.00356092 0.00354463 0 0.00354011 0.00355677 0.00357921 0.0035831 0.00361041 0.00368606 0.00373667 0.00396941 0.00929881 0.0103368 0.0117351 0.0169962 0.0132419 0.0136474 0.00987049 0.00935164 0.00823902 0.00856202 0.0100661 0.0109492 0.0119878 0.00916063 0.00877672 0.00828618 0.0092309 0.00891283 0.00839276 0.0081219 0.00822958 0.00816913 0.00813303 0.00823927 0.00824167 0.00824982 0.0081034 
0.00900191 0.00912494 0.0102369 0.0090867 0.0087692 0.00798474 0.00717119 0.0095369 0.0426215 0.0299016 0.00616821 0.00479644 0.00361962 0.00355558 0.00354011 0 0.00355365 0.00358559 0.00357641 0.00361795 0.00363539 0.00374586 0.0038793 0.034521 0.0145829 0.0271991 0.0226217 0.028042 0.01884 0.0126291 0.00989182 0.00845751 0.0093272 0.0123715 0.0185646 0.0141186 0.0103859 0.00896304 0.00877923 0.0101169 0.00985272 0.00863521 0.008218 0.00830434 0.00818959 0.00818786 0.00824428 0.00837912 0.0082107 0.00823686 
0.00993926 0.0111266 0.0111517 0.0110217 0.00931506 0.00883671 0.00933958 0.0607602 0.0313895 0.013024 0.00854934 0.00663159 0.00361519 0.0035704 0.00355677 0.00355365 0 0.00355544 0.00356257 0.00361685 0.00356722 0.00361382 0.00366617 0.0300558 0.118951 0.0375897 0.0834015 0.0415495 0.0468466 0.016532 0.0110813 0.00894711 0.0114348 0.026043 0.0308879 0.0378277 0.0130473 0.00966657 0.00981357 0.0147406 0.0122004 0.00918462 0.00834529 0.00845618 0.00847857 0.00819729 0.00840678 0.00870622 0.00838733 0.00848853 
0.0105931 0.0109115 0.0138805 0.0115306 0.0110628 0.00952192 0.0518215 0.043625 0.015412 0.0221049 0.0148976 0.00797235 0.00359589 0.0035538 0.00357921 0.00358559 0.00355544 0 0.00356857 0.00363806 0.00361415 0.00363767 0.00376196 0.0296058 0.0379952 0.250652 0.0653366 0.131018 0.0544169 0.028849 0.0136513 0.00918075 0.0179532 0.0338307 0.0741164 0.0492541 0.0264142 0.0109112 0.0104875 0.0245743 0.0159423 0.00996371 0.0084813 0.00878728 0.00851896 0.00834681 0.00856463 0.00919877 0.00873756 0.00860116 
0.00989752 0.0138319 0.0120565 0.0191088 0.0124232 0.0105151 0.0252537 0.0186439 0.0245358 0.0160694 0.0187455 0.00760683 0.00372106 0.00369717 0.0035831 0.00357641 0.00356257 0.00356857 0 0.00357098 0.00356727 0.00353588 0.00362941 0.0298187 0.090342 0.0565289 0.357031 0.0876481 0.111562 0.0304357 0.0147837 0.00934519 0.014126 0.0589773 0.069327 0.0986118 0.0234677 0.0130459 0.0107224 0.0293556 0.0200752 0.0100435 0.00843955 0.00859246 0.00851703 0.00828086 0.00865775 0.00945847 0.00864741 0.00872651 
0.0101305 0.0107348 0.0178942 0.0130398 0.0140214 0.00948404 0.0116027 0.0202517 0.0156824 0.0339742 0.0119081 0.00826538 0.00416817 0.00365261 0.00361041 0.00361795 0.00361685 0.00363806 0.00357098 0 0.00355989 0.0035823 0.00375443 0.0228435 0.0283114 0.207954 0.0634474 0.321572 0.0668089 0.0398793 0.0149511 0.00878286 0.0156353 0.0340932 0.0760935 0.0515778 0.0312278 0.011443 0.0105878 0.0207447 0.0172745 0.0103841 0.00837572 0.00867812 0.00858627 0.00837572 0.00864442 0.00929084 0.00871505 0.00886174 
0.009142 0.0116866 0.0113872 0.0140999 0.00983056 0.00912798 0.0111636 0.0150548 0.028114 0.0147307 0.0131096 0.00739917 0.00418193 0.00407376 0.00368606 0.00363539 0.00356722 0.00361415 0.00356727 0.00355989 0 0.00357899 0.0035586 0.0201072 0.0469908 0.0410249 0.144251 0.0523226 0.221257 0.0266645 0.0165471 0.00890715 0.0107524 0.0257057 0.0401034 0.0453598 0.0168931 0.0129555 0.00948183 0.016085 0.0146835 0.00971199 0.00834431 0.00849803 0.00845689 0.00831615 0.00852137 0.00877384 0.008599 0.00850411 
0.010364 0.0102663 0.0104358 0.00913492 0.0151838 0.0092669 0.0103581 0.0438157 0.0133357 0.0159038 0.0128448 0.00867909 0.00488996 0.00523611 0.00373667 0.00374586 0.00361382 0.00363767 0.00353588 0.0035823 0.00357899 0 0.00368038 0.0153652 0.0254954 0.0541515 0.0368706 0.0749248 0.039671 0.274723 0.0158957 0.0087451 0.0123417 0.0116778 0.0161617 0.0153922 0.0303328 0.0105012 0.00969107 0.0126209 0.0140744 0.00954554 0.00828132 0.00854648 0.00838939 0.00820484 0.00849744 0.00880779 0.00830433 0.00843967 
0.0132258 0.0091351 0.00863103 0.00887139 0.00889637 0.0127641 0.0296332 0.0098985 0.0107368 0.0111241 0.0134112 0.00921943 0.00893879 0.00522734 0.00396941 0.0038793 0.00366617 0.00376196 0.00362941 0.00375443 0.0035586 0.00368038 0 0.0140623 0.0127471 0.0170575 0.0239396 0.0207544 0.0243621 0.0317913 0.171391 0.0108843 0.00890369 0.00917707 0.00989579 0.0101125 0.00988069 0.0184339 0.0109077 0.00934968 0.00973402 0.0101544 0.00865617 0.00814999 0.00819671 0.00825715 0.00872357 0.00843153 0.00840889 0.00842995 
0.0102755 0.00857044 0.00921985 0.00841649 0.00896672 0.0102688 0.0232041 0.015899 0.0129191 0.0132452 0.0099553 0.0215952 0.0145158 0.00928194 0.00929881 0.034521 0.0300558 0.0296058 0.0298187 0.0228435 0.0201072 0.0153652 0.0140623 0 0.00415116 0.00362414 0.00360701 0.00364506 0.00370992 0.00422806 0.00602465 0.109396 0.0169163 0.0108706 0.0111414 0.0106283 0.0118572 0.0191643 0.019924 0.0115253 0.0102596 0.0206999 0.00907588 0.00851812 0.00830885 0.00940207 0.0086849 0.00945341 0.00849886 0.00899092 
0.00852086 0.0112611 0.0087004 0.00954177 0.00946886 0.00879962 0.0141834 0.0267274 0.0257313 0.0153685 0.0318082 0.00936499 0.00912853 0.0100589 0.0103368 0.0145829 0.118951 0.0379952 0.090342 0.0283114 0.0469908 0.0254954 0.0127471 0.00415116 0 0.00357315 0.00360432 0.00357729 0.00354328 0.0039887 0.00375526 0.0965476 0.102833 0.0162094 0.0263569 0.0188851 0.0176605 0.0125082 0.0153255 0.030743 0.0288631 0.0101477 0.00919909 0.008849 0.00912857 0.00850048 0.00906841 0.00895796 0.00920874 0.00868978 
0.00902671 0.00898252 0.0177536 0.0102247 0.00949861 0.00886676 0.0110766 0.0359965 0.0370921 0.142613 0.0128553 0.0128519 0.00938668 0.00935071 0.0117351 0.0271991 0.0375897 0.250652 0.0565289 0.207954 0.0410249 0.0541515 0.0170575 0.00362414 0.00357315 0 0.00357452 0.00361306 0.00359715 0.00367354 0.00363702 0.02585 0.0805285 0.0748601 0.0335011 0.0558824 0.0277616 0.0110581 0.0168605 0.0458888 0.0179929 0.0115148 0.00889965 0.0108884 0.0088623 0.00879794 0.00911679 0.0100581 0.00896813 0.00884442 
0.00854392 0.0123408 0.0109423 0.015473 0.0106775 0.00889785 0.0119074 0.0312881 0.137691 0.0456469 0.0448755 0.00982855 0.00884389 0.00993609 0.0169962 0.0226217 0.0834015 0.0653366 0.357031 0.0634474 0.144251 0.0368706 0.0239396 0.00360701 0.00360432 0.00357452 0 0.00357175 0.00358704 0.00357938 0.00361188 0.0289223 0.0419738 0.117769 0.137082 0.0480328 0.0276447 0.0151386 0.0168538 0.0549841 0.0298866 0.0113318 0.00915413 0.00972196 0.0099988 0.00884165 0.00905917 0.0108465 0.00948213 0.00882738 
0.0088679 0.010307 0.0145507 0.0119255 0.0102787 0.00896515 0.0117805 0.0538474 0.0614221 0.119727 0.021501 0.0121888 0.00898605 0.00983351 0.0132419 0.028042 0.0415495 0.131018 0.0876481 0.321572 0.0523226 0.0749248 0.0207544 0.00364506 0.00357729 0.00361306 0.00357175 0 0.00356303 0.00357376 0.00358127 0.0201887 0.0295137 0.0928746 0.106017 0.114572 0.034292 0.0165223 0.0153741 0.0362211 0.0344073 0.0134708 0.00907479 0.00996012 0.00994683 0.00912824 0.00926574 0.0102575 0.0101701 0.00911672 
0.00865434 0.00949773 0.0113092 0.0114841 0.00933576 0.00904521 0.0115302 0.0254971 0.0716369 0.0582974 0.0215728 0.010345 0.00885913 0.00926575 0.0136474 0.01884 0.0468466 0.0544169 0.111562 0.0668089 0.221257 0.039671 0.0243621 0.00370992 0.00354328 0.00359715 0.00358704 0.00356303 0 0.00356554 0.00355139 0.0199159 0.0354689 0.0546867 0.112933 0.110104 0.0492676 0.0143408 0.0132138 0.0417827 0.0272405 0.0133158 0.00895629 0.00995983 0.00922192 0.00892215 0.00911463 0.010478 0.00925908 0.00876703 
0.00851806 0.0090892 0.00929199 0.00919081 0.00986027 0.00871176 0.010005 0.0215125 0.0232987 0.0272493 0.0304681 0.0111139 0.00876743 0.0105074 0.00987049 0.0126291 0.016532 0.028849 0.0304357 0.0398793 0.0266645 0.274723 0.0317913 0.00422806 0.0039887 0.00367354 0.00357938 0.00357376 0.00356554 0 0.00364927 0.0159577 0.0284683 0.0354565 0.0416088 0.0687383 0.166633 0.0537834 0.0114911 0.0314964 0.060932 0.0139391 0.00882102 0.00993047 0.0101191 0.00904274 0.00954805 0.0101619 0.00971555 0.0091875 
0.0103965 0.00868673 0.00873856 0.00861729 0.00869654 0.00956504 0.0159422 0.010432 0.012251 0.0123366 0.0121163 0.0144967 0.0117707 0.0087403 0.00935164 0.00989182 0.0110813 0.0136513 0.0147837 0.0149511 0.0165471 0.0158957 0.171391 0.00602465 0.00375526 0.00363702 0.00361188 0.00358127 0.00355139 0.00364927 0 0.0292057 0.0126962 0.0215011 0.0278434 0.0261122 0.0704212 0.206616 0.0227014 0.0131043 0.0161104 0.0380242 0.0103967 0.00891563 0.00860678 0.00965599 0.0108786 0.0105886 0.0104111 0.0100407 
0.00877735 0.00914085 0.00815358 0.00852377 0.00875483 0.00899944 0.0122462 0.00883015 0.00882041 0.00868991 0.00958233 0.00931807 0.00880807 0.00823334 0.00823902 0.00845751 0.00894711 0.00918075 0.00934519 0.00878286 0.00890715 0.0087451 0.0108843 0.109396 0.0965476 0.02585 0.0289223 0.0201887 0.0199159 0.0159577 0.0292057 0 0.00469772 0.00354457 0.00362381 0.00361048 0.00379307 0.00469616 0.0351132 0.0110714 0.0182714 0.0146315 0.0156865 0.00920461 0.00979907 0.0106872 0.00957376 0.00999201 0.00914732 0.00915463 
0.00839718 0.00827361 0.00880304 0.00835548 0.00863593 0.00826691 0.00900508 0.0138324 0.0101201 0.013866 0.00994214 0.00943088 0.00840127 0.00845357 0.00856202 0.0093272 0.0114348 0.0179532 0.014126 0.0156353 0.0107524 0.0123417 0.00890369 0.0169163 0.102833 0.0805285 0.0419738 0.0295137 0.0354689 0.0284683 0.0126962 0.00469772 0 0.00357489 0.00358058 0.00359847 0.00366635 0.00382919 0.0183066 0.0293063 0.0168034 0.0145609 0.0102586 0.0130534 0.00958234 0.00898106 0.00983068 0.0097166 0.00912597 0.00903449 
0.00821184 0.0085105 0.0088183 0.0090281 0.00861428 0.00821631 0.00897084 0.0125035 0.0279284 0.0234488 0.015368 0.00888339 0.008385 0.00850905 0.0100661 0.0123715 0.026043 0.0338307 0.0589773 0.0340932 0.0257057 0.0116778 0.00917707 0.0108706 0.0162094 0.0748601 0.117769 0.0928746 0.0546867 0.0354565 0.0215011 0.00354457 0.00357489 0 0.00358601 0.00356896 0.00361321 0.00360085 0.0136848 0.0229255 0.0260771 0.0122353 0.00967774 0.00998084 0.00937055 0.0090342 0.00911001 0.0112548 0.0092685 0.00883111 
0.00860739 0.00881397 0.00993422 0.00993063 0.00869717 0.00849014 0.0098264 0.0190237 0.035511 0.0499612 0.0140319 0.00966343 0.00859261 0.00886583 0.0109492 0.0185646 0.0308879 0.0741164 0.069327 0.0760935 0.0401034 0.0161617 0.00989579 0.0111414 0.0263569 0.0335011 0.137082 0.106017 0.112933 0.0416088 0.0278434 0.00362381 0.00358058 0.00358601 0 0.00355212 0.00359187 0.00357696 0.0255344 0.0343663 0.0341616 0.0247888 0.0123541 0.0121907 0.0106814 0.00935988 0.0103896 0.0124343 0.0109982 0.0094098 
0.00834165 0.00878105 0.00984061 0.00956005 0.00886105 0.00841108 0.00923282 0.0181286 0.0399874 0.0379966 0.0158075 0.00961206 0.00849917 0.00881983 0.0119878 0.0141186 0.0378277 0.0492541 0.0986118 0.0515778 0.0453598 0.0153922 0.0101125 0.0106283 0.0188851 0.0558824 0.0480328 0.114572 0.110104 0.0687383 0.0261122 0.00361048 0.00359847 0.00356896 0.00355212 0 0.00356047 0.00356684 0.0178583 0.0821218 0.0581899 0.0214307 0.010125 0.0135696 0.0109021 0.00966761 0.0105717 0.0129782 0.0105376 0.00921093 
0.00858449 0.00860414 0.00896116 0.00862103 0.00886061 0.00828154 0.00937488 0.0150654 0.015012 0.0226245 0.0126223 0.0103447 0.00854158 0.00878472 0.00916063 0.0103859 0.0130473 0.0264142 0.0234677 0.0312278 0.0168931 0.0303328 0.00988069 0.0118572 0.0176605 0.0277616 0.0276447 0.034292 0.0492676 0.166633 0.0704212 0.00379307 0.00366635 0.00361321 0.00359187 0.00356047 0 0.00376468 0.0224691 0.0696432 0.0848046 0.0234411 0.0100464 0.0118038 0.0167183 0.0101896 0.0114656 0.0153084 0.0112531 0.0105754 
0.00918982 0.00844908 0.00829642 0.00837997 0.00829191 0.0083957 0.0117592 0.00932945 0.0106625 0.0102034 0.0107471 0.00935823 0.0092246 0.00829362 0.00877672 0.00896304 0.00966657 0.0109112 0.0130459 0.011443 0.0129555 0.0105012 0.0184339 0.0191643 0.0125082 0.0110581 0.0151386 0.0165223 0.0143408 0.0537834 0.206616 0.00469616 0.00382919 0.00360085 0.00357696 0.00356684 0.00376468 0 0.0267347 0.0186799 0.0496215 0.0802072 0.0126962 0.00934636 0.00910559 0.0138625 0.0182517 0.0142416 0.0138931 0.0123617 
0.00839267 0.00830135 0.00825271 0.00830669 0.00858778 0.0089011 0.0101028 0.00967691 0.0090933 0.00993344 0.00944443 0.0105203 0.00839552 0.00820198 0.00828618 0.00877923 0.00981357 0.0104875 0.0107224 0.0105878 0.00948183 0.00969107 0.0109077 0.019924 0.0153255 0.0168605 0.0168538 0.0153741 0.0132138 0.0114911 0.0227014 0.0351132 0.0183066 0.0136848 0.0255344 0.0178583 0.0224691 0.0267347 0 0.00369425 0.00370989 0.0040399 0.467606 0.0114152 0.0129786 0.0147283 0.0122851 0.0164268 0.0101105 0.0116968 
0.00837179 0.00851335 0.00887262 0.0087774 0.00874408 0.00836677 0.0088861 0.0134747 0.0139296 0.0162997 0.0117057 0.00936821 0.00834895 0.00852279 0.0092309 0.0101169 0.0147406 0.0245743 0.0293556 0.0207447 0.016085 0.0126209 0.00934968 0.0115253 0.030743 0.0458888 0.0549841 0.0362211 0.0417827 0.0314964 0.0131043 0.0110714 0.0293063 0.0229255 0.0343663 0.0821218 0.0696432 0.0186799 0.00369425 0 0.00366653 0.00367667 0.0349466 0.531411 0.0139626 0.011868 0.0132389 0.016019 0.0120712 0.010866 
0.00875253 0.00885542 0.00872457 0.00904664 0.00855915 0.00836995 0.00949848 0.0111414 0.0133894 0.0129534 0.0135726 0.00895545 0.00848702 0.00862144 0.00891283 0.00985272 0.0122004 0.0159423 0.0200752 0.0172745 0.0146835 0.0140744 0.00973402 0.0102596 0.0288631 0.0179929 0.0298866 0.0344073 0.0272405 0.060932 0.0161104 0.0182714 0.0168034 0.0260771 0.0341616 0.0581899 0.0848046 0.0496215 0.00370989 0.00366653 0 0.00360348 0.0219733 0.0158058 0.544142 0.0133238 0.0167126 0.0167384 0.0169333 0.0118974 
0.00935963 0.00836937 0.00863181 0.00831363 0.008378 0.00853086 0.00973422 0.00929432 0.00947352 0.0100423 0.00903064 0.00992544 0.00941832 0.00827161 0.00839276 0.00863521 0.00918462 0.00996371 0.0100435 0.0103841 0.00971199 0.00954554 0.0101544 0.0206999 0.0101477 0.0115148 0.0113318 0.0134708 0.0133158 0.0139391 0.0380242 0.0146315 0.0145609 0.0122353 0.0247888 0.0214307 0.0234411 0.0802072 0.0040399 0.00367667 0.00360348 0 0.0139158 0.0146567 0.0126446 0.528666 0.0156802 0.0177421 0.0131752 0.0143732 
0.00836788 0.00822179 0.00813733 0.00813199 0.00810306 0.00823484 0.00853122 0.00825892 0.00836021 0.00837164 0.00831366 0.00827943 0.00813587 0.00809037 0.0081219 0.008218 0.00834529 0.0084813 0.00843955 0.00837572 0.00834431 0.00828132 0.00865617 0.00907588 0.00919909 0.00889965 0.00915413 0.00907479 0.00895629 0.00882102 0.0103967 0.0156865 0.0102586 0.00967774 0.0123541 0.010125 0.0100464 0.0126962 0.467606 0.0349466 0.0219733 0.0139158 0 0.00390265 0.00398564 0.00382697 0.0178591 0.0236024 0.0103051 0.0122619 
0.00808284 0.00808438 0.0083145 0.00819153 0.00822807 0.00809997 0.00812693 0.00850602 0.00846586 0.00866314 0.00844873 0.00831621 0.00808925 0.00810524 0.00822958 0.00830434 0.00845618 0.00878728 0.00859246 0.00867812 0.00849803 0.00854648 0.00814999 0.00851812 0.008849 0.0108884 0.00972196 0.00996012 0.00995983 0.00993047 0.00891563 0.00920461 0.0130534 0.00998084 0.0121907 0.0135696 0.0118038 0.00934636 0.0114152 0.531411 0.0158058 0.0146567 0.00390265 0 0.00467634 0.00361454 0.0298319 0.0126104 0.0104828 0.0101062 
0.00805607 0.00821723 0.00816428 0.00818168 0.00811998 0.00806417 0.00810531 0.00829149 0.00850834 0.008614 0.00841363 0.00828331 0.00805561 0.0081954 0.00816913 0.00818959 0.00847857 0.00851896 0.00851703 0.00858627 0.00845689 0.00838939 0.00819671 0.00830885 0.00912857 0.0088623 0.0099988 0.00994683 0.00922192 0.0101191 0.00860678 0.00979907 0.00958234 0.00937055 0.0106814 0.0109021 0.0167183 0.00910559 0.0129786 0.0139626 0.544142 0.0126446 0.00398564 0.00467634 0 0.00371552 0.0112208 0.018011 0.0124183 0.0107097 
0.0082246 0.00811489 0.00808486 0.00804181 0.00809526 0.00807669 0.00823623 0.00815575 0.00824193 0.00831867 0.0083104 0.00818084 0.00821353 0.00801136 0.00813303 0.00818786 0.00819729 0.00834681 0.00828086 0.00837572 0.00831615 0.00820484 0.00825715 0.00940207 0.00850048 0.00879794 0.00884165 0.00912824 0.00892215 0.00904274 0.00965599 0.0106872 0.00898106 0.0090342 0.00935988 0.00966761 0.0101896 0.0138625 0.0147283 0.011868 0.0133238 0.528666 0.00382697 0.00361454 0.00371552 0 0.0151404 0.0133404 0.016621 0.0233481 
0.00803584 0.00815968 0.00816905 0.00815847 0.00813604 0.00818311 0.00823798 0.00837444 0.00839619 0.00864937 0.00843759 0.00845628 0.00804233 0.00812015 0.00823927 0.00824428 0.00840678 0.00856463 0.00865775 0.00864442 0.00852137 0.00849744 0.00872357 0.0086849 0.00906841 0.00911679 0.00905917 0.00926574 0.00911463 0.00954805 0.0108786 0.00957376 0.00983068 0.00911001 0.0103896 0.0105717 0.0114656 0.0182517 0.0122851 0.0132389 0.0167126 0.0156802 0.0178591 0.0298319 0.0112208 0.0151404 0 0.00409198 0.00361739 0.0192001 
0.00823876 0.00817705 0.00827986 0.00817605 0.00819188 0.00820677 0.00850445 0.00847982 0.00891762 0.00898404 0.00858097 0.00841977 0.00820312 0.00811548 0.00824167 0.00837912 0.00870622 0.00919877 0.00945847 0.00929084 0.00877384 0.00880779 0.00843153 0.00945341 0.00895796 0.0100581 0.0108465 0.0102575 0.010478 0.0101619 0.0105886 0.00999201 0.0097166 0.0112548 0.0124343 0.0129782 0.0153084 0.0142416 0.0164268 0.016019 0.0167384 0.0177421 0.0236024 0.0126104 0.018011 0.0133404 0.00409198 0 0.0137736 0.00377207 
0.00806901 0.00812846 0.00812346 0.00814302 0.00808932 0.00808384 0.00819497 0.00826115 0.00842236 0.00856669 0.0084342 0.008212 0.00801976 0.00811576 0.00824982 0.0082107 0.00838733 0.00873756 0.00864741 0.00871505 0.008599 0.00830433 0.00840889 0.00849886 0.00920874 0.00896813 0.00948213 0.0101701 0.00925908 0.00971555 0.0104111 0.00914732 0.00912597 0.0092685 0.0109982 0.0105376 0.0112531 0.0138931 0.0101105 0.0120712 0.0169333 0.0131752 0.0103051 0.0104828 0.0124183 0.016621 0.00361739 0.0137736 0 0.00361168 
0.00822196 0.00812531 0.00820868 0.00811768 0.00811361 0.00820009 0.00832432 0.00826884 0.0086141 0.00862945 0.00839802 0.0083512 0.00816516 0.0080873 0.0081034 0.00823686 0.00848853 0.00860116 0.00872651 0.00886174 0.00850411 0.00843967 0.00842995 0.00899092 0.00868978 0.00884442 0.00882738 0.00911672 0.00876703 0.0091875 0.0100407 0.00915463 0.00903449 0.00883111 0.0094098 0.00921093 0.0105754 0.0123617 0.0116968 0.010866 0.0118974 0.0143732 0.0122619 0.0101062 0.0107097 0.0233481 0.0192001 0.00377207 0.00361168 0 
