1D0DA
YNRLCIKPRDWIDECDSNEGGERAYFRNGKGGCDSFWICPEDHTGADYYSSYRDCFNACI
CCHHHCCCCCCCCCCCHHHCCEEEEEECCCCCEEEEEECCCCCCCCCCCCCHHHHHHHHC
0 0 0 0 0 0 0 0 0 0 0 0 0 0 0 0 0 0 0 0 0 0 0 0 0 0 0 0 0 0 0 0 0 0 0 0 0 0 0 0 0 0 0 0 0 0 0 0 0 0 0 0 0 0 0 0 0 0 0 0 
0 0 0 0 0 0 0 0 0 0 0 0 0 0 0 0 0 0 0 0 0 0 0 0 0 0 0 0 0 0 0 0 0 0 0 0 0 0 0 0 0 0 0 0 0 0 0 0 0 0 0 0 0 0 0 0 0 0 0 0 
0 0.00410784 0.003582 0.00384554 0.00641685 0.00906359 0.00674438 0.00583536 0.00589084 0.00717224 0.010825 0.921255 
0.00410784 0 0.00368535 0.00360118 0.0040858 0.00369229 0.0054422 0.0056162 0.00657477 0.00719648 0.966036 0.0106674 
0.003582 0.00368535 0 0.00358126 0.00357585 0.00355794 0.00512976 0.00521397 0.0116896 0.964747 0.0101029 0.00802608 
0.00384554 0.00360118 0.00358126 0 0.00378526 0.00357283 0.00619922 0.00674941 0.970691 0.00901382 0.0122994 0.00851325 
0.00641685 0.0040858 0.00357585 0.00378526 0 0.00394101 0.0121984 0.980924 0.00562744 0.0130121 0.00839233 0.00755549 
0.00906359 0.00369229 0.00355794 0.00357283 0.00394101 0 0.990082 0.00525248 0.00435698 0.00515533 0.00664245 0.00579428 
0.00674438 0.0054422 0.00512976 0.00619922 0.0121984 0.990082 0 0.00362647 0.00357974 0.0037372 0.00358564 0.00656547 
0.00583536 0.0056162 0.00521397 0.00674941 0.980924 0.00525248 0.00362647 0 0.00357536 0.00353655 0.00414351 0.00406335 
0.00589084 0.00657477 0.0116896 0.970691 0.00562744 0.00435698 0.00357974 0.00357536 0 0.00354656 0.00354418 0.0035723 
0.00717224 0.00719648 0.964747 0.00901382 0.0130121 0.00515533 0.0037372 0.00353655 0.00354656 0 0.00364922 0.00357385 
0.010825 0.966036 0.0101029 0.0122994 0.00839233 0.00664245 0.00358564 0.00414351 0.00354418 0.00364922 0 0.00357668 
0.921255 0.0106674 0.00802608 0.00851325 0.00755549 0.00579428 0.00656547 0.00406335 0.0035723 0.00357385 0.00357668 0 
