1DEOA
TTVYLAGDSTMAKNGGGSGTNGWGEYLASYLSATVVNDAVAGRSARSYTREGRFENIADVVTAGDYVIVEFGHNDGGSLSTDNGRTDCSGTGAEVCYSVYDGVNETILTFPAYLENAAKLFTAKGAKVILSSQTPNNPWETGTFVNSPTRFVEYAELAAEVAGVEYVDHWSYVDSIYETLGNATVNSYFPIDHTHTSPAGAEVVAEAFLKAVVCTGTSLKSVLTTTSFEGTCL
CEEEEECCCCCCCCCCCCCCCCHHHHCHHHECCEEEECCCCCCCHHHHHHCCHHHHHHHHCCCCCEEEECCCCCCCCCHHHCCCCCCECCCCCCCEEEEECCEEEEECEHHHHHHHHHHHHHHCCCEEEEECCCCCCCCCCCCCCCCCCHHHHHHHHHHHHHCCEEECHHHHHHHHHHHHCHHHHHHCCCCCCCCCCHHHHHHHHHHHHHHHHHHCCHHHHHECCCCCCCCCC
0 0 0 0 0 0 0 0 0 0 0 0 0 0 0 0 0 0 0 0 0 0 0 0 0 0 0 0 0 0 0 0 0 0 0 0 0 0 0 0 0 0 0 0 0 0 0 0 0 0 0 0 0 0 0 0 0 0 0 0 0 0 0 0 0 0 0 0 0 0 0 0 0 0 0 0 0 0 0 0 0 0 0 0 0 0 0 0 0 0 0 0 0 0 0 0 0 0 0 0 0 0 0 0 0 0 0 0 0 0 0 0 0 0 0 0 0 0 0 0 0 0 0 0 0 0 0 0 0 0 0 0 0 0 0 0 0 0 0 0 0 0 0 0 0 0 0 0 0 0 0 0 0 0 0 0 0 0 0 0 0 0 0 0 0 0 0 0 0 0 0 0 0 0 0 0 0 0 0 0 0 0 0 0 0 0 0 0 0 0 0 0 0 0 0 0 0 0 0 0 0 0 0 0 0 0 0 0 0 0 0 0 0 0 0 0 0 0 0 0 0 0 0 0 0 0 0 0 0 0 0 0 0 
0 0 0 0 0 0 0 0 0 0 0 0 0 0 0 0 0 0 0 0 0 0 0 0 0 0 0 0 0 0 0 0 0 0 0 0 0 0 0 0 0 0 0 0 0 0 0 0 0 0 0 0 0 0 0 0 0 0 0 0 0 0 0 0 0 0 0 0 0 0 0 0 0 0 0 0 0 0 0 0 0 0 0 0 0 0 0 0 0 0 0 0 0 0 0 0 0 0 0 0 0 0 0 0 0 0 0 0 0 0 0 0 0 0 0 0 0 0 0 0 0 0 0 0 0 0 0 0 0 0 0 0 0 0 0 0 0 0 0 0 0 0 0 0 0 0 0 0 0 0 0 0 0 0 0 0 0 0 0 0 0 0 0 0 0 0 0 0 0 0 0 0 0 0 0 0 0 0 0 0 0 0 0 0 0 0 0 0 0 0 0 0 0 0 0 0 0 0 0 0 0 0 0 0 0 0 0 0 0 0 0 0 0 0 0 0 0 0 0 0 0 0 0 0 0 0 0 0 0 0 0 0 0 
0 0.00405537 0.00374252 0.00375605 0.00597521 0.0346935 0.2173 0.0140002 0.016574 0.0223318 0.0312019 0.020264 0.0180794 0.0221738 0.012548 0.0107323 0.00919884 0.00967853 0.00930188 0.011719 0.0092167 0.00842899 0.00876956 0.0091609 0.00972936 0.011991 0.00993224 0.00925964 0.0102296 0.00957802 0.011731 0.00898213 0.00859429 0.00949792 0.0085194 
0.00405537 0 0.00370481 0.00370919 0.0041548 0.0193397 0.0504015 0.333689 0.0152519 0.0199268 0.0861318 0.0847228 0.0366029 0.0186663 0.0106975 0.0106102 0.0107814 0.0110956 0.0102858 0.0105478 0.00884572 0.00867857 0.0100069 0.0101579 0.00958877 0.0092964 0.00879205 0.0132838 0.0124956 0.0127216 0.00985051 0.00840836 0.00897691 0.00897603 0.00870218 
0.00374252 0.00370481 0 0.00366459 0.00357617 0.0120088 0.0395716 0.0765133 0.138257 0.0126539 0.0215794 0.166125 0.0794508 0.0179407 0.00896146 0.00941641 0.0125107 0.015138 0.0106127 0.00911361 0.00864593 0.0104902 0.0126016 0.0127716 0.0102294 0.00936254 0.00940432 0.0123766 0.0243713 0.0158958 0.00974818 0.00913116 0.00890092 0.00875992 0.00820059 
0.00375605 0.00370919 0.00366459 0 0.00379779 0.0148777 0.0164584 0.0595845 0.0888482 0.0747674 0.0163508 0.0492081 0.211237 0.0399199 0.00964043 0.0101418 0.0107195 0.0103898 0.0102094 0.00874802 0.00885201 0.00875243 0.011753 0.0105494 0.00998877 0.00927168 0.00887727 0.0123026 0.0119009 0.0173734 0.00949014 0.00843082 0.00926672 0.00855171 0.00821472 
0.00597521 0.0041548 0.00357617 0.00379779 0 0.0299767 0.0345691 0.0155316 0.048165 0.141969 0.0206508 0.0159098 0.0242436 0.10712 0.0134679 0.0142665 0.00961358 0.0091378 0.0087344 0.00959201 0.0103059 0.00852712 0.00910147 0.00900049 0.0103902 0.0115218 0.00997497 0.00933835 0.0107749 0.0100959 0.0111259 0.00881716 0.0084558 0.0087725 0.00872012 
0.0346935 0.0193397 0.0120088 0.0148777 0.0299767 0 0.00423072 0.00425443 0.00373016 0.00531435 0.0132536 0.0112868 0.0109189 0.029263 0.0465827 0.0134779 0.00863256 0.00957939 0.00885991 0.0132835 0.00981061 0.00819233 0.00889496 0.00844768 0.0108083 0.0212404 0.00829637 0.00974772 0.00831833 0.009348 0.0126715 0.00814175 0.00865587 0.0104329 0.0125206 
0.2173 0.0504015 0.0395716 0.0164584 0.0345691 0.00423072 0 0.00370541 0.00405938 0.00396359 0.21792 0.0174833 0.0245571 0.0166777 0.0155263 0.0109549 0.0151755 0.00917193 0.0129035 0.0142067 0.0109454 0.0107757 0.00839103 0.0149345 0.00953474 0.0243237 0.016779 0.00880807 0.0107637 0.00975675 0.0122131 0.0124735 0.00837224 0.00954426 0.00839798 
0.0140002 0.333689 0.0765133 0.0595845 0.0155316 0.00425443 0.00370541 0 0.00363792 0.00360879 0.0316696 0.288155 0.019178 0.0212321 0.0140206 0.014643 0.00905849 0.0195654 0.00902111 0.0100661 0.00968252 0.0084823 0.0195348 0.0087978 0.0121489 0.00887466 0.00834069 0.022059 0.011499 0.0109905 0.0092059 0.00816408 0.00895557 0.00856651 0.0095317 
0.016574 0.0152519 0.138257 0.0888482 0.048165 0.00373016 0.00405938 0.00363792 0 0.00365325 0.0225321 0.0291519 0.238246 0.0162634 0.0104559 0.00996083 0.0207321 0.00881862 0.0107048 0.00859971 0.00921164 0.014091 0.00855966 0.0156429 0.00866875 0.00923241 0.0101663 0.00909924 0.0112045 0.0132025 0.00892443 0.00952976 0.00860232 0.00834801 0.00813399 
0.0223318 0.0199268 0.0126539 0.0747674 0.141969 0.00531435 0.00396359 0.00360879 0.00365325 0 0.0167567 0.0182092 0.0356538 0.36501 0.0151392 0.022437 0.00938424 0.00937866 0.00859918 0.00973778 0.0143784 0.00846551 0.00906702 0.00850786 0.0118966 0.0117932 0.00975701 0.0095739 0.00927592 0.0104517 0.0119433 0.00890408 0.00847827 0.00849362 0.00985874 
0.0312019 0.0861318 0.0215794 0.0163508 0.0206508 0.0132536 0.21792 0.0316696 0.0225321 0.0167567 0 0.00464234 0.00366171 0.00415977 0.046635 0.0406476 0.0195167 0.0114319 0.0131906 0.0209073 0.0146561 0.0130967 0.0102821 0.0134786 0.0161802 0.0223115 0.034811 0.0189114 0.0196707 0.0123431 0.0216651 0.0106111 0.00915029 0.0139306 0.00883395 
0.020264 0.0847228 0.166125 0.0492081 0.0159098 0.0112868 0.0174833 0.288155 0.0291519 0.0182092 0.00464234 0 0.00369493 0.00362601 0.0240123 0.0340788 0.0393044 0.0281217 0.0155957 0.0116982 0.0115026 0.0112411 0.0225999 0.0156907 0.0151381 0.0114966 0.0101328 0.12244 0.0518625 0.0425053 0.0151324 0.00932745 0.0129001 0.0105515 0.00846305 
0.0180794 0.0366029 0.0794508 0.211237 0.0242436 0.0109189 0.0245571 0.019178 0.238246 0.0356538 0.00366171 0.00369493 0 0.00363029 0.0171953 0.0168023 0.0394533 0.0260634 0.0427665 0.011129 0.0109207 0.016403 0.013145 0.042407 0.014224 0.0134117 0.0118591 0.0193165 0.0885301 0.12489 0.0266688 0.0114197 0.0127821 0.00986828 0.00839873 
0.0221738 0.0186663 0.0179407 0.0399199 0.10712 0.029263 0.0166777 0.0212321 0.0162634 0.36501 0.00415977 0.00362601 0.00363029 0 0.055985 0.0423681 0.0146917 0.0186602 0.0214429 0.0371022 0.0216054 0.00984665 0.0127214 0.011802 0.0323201 0.0191199 0.0142341 0.0156086 0.0149621 0.0716449 0.0583127 0.0108433 0.011346 0.0126556 0.0105942 
0.012548 0.0106975 0.00896146 0.00964043 0.0134679 0.0465827 0.0155263 0.0140206 0.0104559 0.0151392 0.046635 0.0240123 0.0171953 0.055985 0 0.156908 0.0114602 0.0110318 0.00969228 0.0182306 0.0142529 0.00892525 0.00901123 0.00891806 0.0165656 0.208105 0.0148028 0.0130628 0.00997535 0.0115667 0.0230836 0.0123203 0.00923148 0.0121545 0.0179247 
0.0107323 0.0106102 0.00941641 0.0101418 0.0142665 0.0134779 0.0109549 0.014643 0.00996083 0.022437 0.0406476 0.0340788 0.0168023 0.0423681 0.156908 0 0.0037663 0.00385579 0.00395988 0.0109849 0.00586003 0.00549382 0.00718254 0.00933917 0.936521 0.0092655 0.0165819 0.021143 0.0115602 0.0132386 0.0218211 0.010249 0.00977979 0.0164366 0.010485 
0.00919884 0.0107814 0.0125107 0.0107195 0.00961358 0.00863256 0.0151755 0.00905849 0.0207321 0.00938424 0.0195167 0.0393044 0.0394533 0.0146917 0.0114602 0.0037663 0 0.0036149 0.00400725 0.00371479 0.00452185 0.00684243 0.00637984 0.983589 0.00822167 0.00645671 0.0137246 0.0212822 0.0205956 0.0181921 0.0105773 0.0129663 0.00930521 0.00980495 0.00818525 
0.00967853 0.0110956 0.015138 0.0103898 0.0091378 0.00957939 0.00917193 0.0195654 0.00881862 0.00937866 0.0114319 0.0281217 0.0260634 0.0186602 0.0110318 0.00385579 0.0036149 0 0.0035975 0.00366993 0.00552221 0.00554134 0.987575 0.00680289 0.00820634 0.00484303 0.00999606 0.0184697 0.0266821 0.0133166 0.0102803 0.00900957 0.00933384 0.00963282 0.00853272 
0.00930188 0.0102858 0.0106127 0.0102094 0.0087344 0.00885991 0.0129035 0.00902111 0.0107048 0.00859918 0.0131906 0.0155957 0.0427665 0.0214429 0.00969228 0.00395988 0.00400725 0.0035975 0 0.00374632 0.00546054 0.998565 0.00503329 0.00659899 0.00618491 0.00485738 0.0126953 0.0120271 0.0132145 0.0177631 0.00994354 0.0103554 0.00955873 0.00902443 0.00832507 
0.011719 0.0105478 0.00911361 0.00874802 0.00959201 0.0132835 0.0142067 0.0100661 0.00859971 0.00973778 0.0209073 0.0116982 0.011129 0.0371022 0.0182306 0.0109849 0.00371479 0.00366993 0.00374632 0 0.998812 0.00440897 0.00417012 0.0045281 0.0053425 0.00528466 0.0141616 0.0112732 0.00957478 0.0132111 0.0168983 0.0124065 0.00919216 0.00988649 0.0109413 
0.0092167 0.00884572 0.00864593 0.00885201 0.0103059 0.00981061 0.0109454 0.00968252 0.00921164 0.0143784 0.0146561 0.0115026 0.0109207 0.0216054 0.0142529 0.00586003 0.00452185 0.00552221 0.00546054 0.998812 0 0.00366555 0.00363869 0.00365063 0.00405811 0.00509884 0.0376932 0.014859 0.0102156 0.0134779 0.018363 0.0100624 0.00906992 0.0141594 0.00910938 
0.00842899 0.00867857 0.0104902 0.00875243 0.00852712 0.00819233 0.0107757 0.0084823 0.014091 0.00846551 0.0130967 0.0112411 0.016403 0.00984665 0.00892525 0.00549382 0.00684243 0.00554134 0.998565 0.00440897 0.00366555 0 0.00354594 0.00368632 0.00356524 0.00362726 0.0184748 0.0138082 0.0135175 0.0129014 0.00958038 0.0108788 0.00901915 0.00901388 0.00813301 
0.00876956 0.0100069 0.0126016 0.011753 0.00910147 0.00889496 0.00839103 0.0195348 0.00855966 0.00906702 0.0102821 0.0225999 0.013145 0.0127214 0.00901123 0.00718254 0.00637984 0.987575 0.00503329 0.00417012 0.00363869 0.00354594 0 0.00356204 0.00355518 0.00355753 0.0100965 0.0479244 0.0369558 0.0120301 0.0109603 0.00861344 0.00939598 0.00933924 0.00855183 
0.0091609 0.0101579 0.0127716 0.0105494 0.00900049 0.00844768 0.0149345 0.0087978 0.0156429 0.00850786 0.0134786 0.0156907 0.042407 0.011802 0.00891806 0.00933917 0.983589 0.00680289 0.00659899 0.0045281 0.00365063 0.00368632 0.00356204 0 0.00354777 0.00360591 0.0208039 0.0234528 0.0333109 0.0349235 0.0132954 0.0120591 0.0104117 0.00958082 0.00823159 
0.00972936 0.00958877 0.0102294 0.00998877 0.0103902 0.0108083 0.00953474 0.0121489 0.00866875 0.0118966 0.0161802 0.0151381 0.014224 0.0323201 0.0165656 0.936521 0.00822167 0.00820634 0.00618491 0.0053425 0.00405811 0.00356524 0.00355518 0.00354777 0 0.00361387 0.0162542 0.0149019 0.0413266 0.0421651 0.0495245 0.0113034 0.0106844 0.013071 0.00925724 
0.011991 0.0092964 0.00936254 0.00927168 0.0115218 0.0212404 0.0243237 0.00887466 0.00923241 0.0117932 0.0223115 0.0114966 0.0134117 0.0191199 0.208105 0.0092655 0.00645671 0.00484303 0.00485738 0.00528466 0.00509884 0.00362726 0.00355753 0.00360591 0.00361387 0 0.0318708 0.0091974 0.0105261 0.0178744 0.0977315 0.0236133 0.0102968 0.0173751 0.0144875 
0.00993224 0.00879205 0.00940432 0.00887727 0.00997497 0.00829637 0.016779 0.00834069 0.0101663 0.00975701 0.034811 0.0101328 0.0118591 0.0142341 0.0148028 0.0165819 0.0137246 0.00999606 0.0126953 0.0141616 0.0376932 0.0184748 0.0100965 0.0208039 0.0162542 0.0318708 0 0.00561886 0.00360229 0.00381638 0.00402678 0.246727 0.0102545 0.0219423 0.00852251 
0.00925964 0.0132838 0.0123766 0.0123026 0.00933835 0.00974772 0.00880807 0.022059 0.00909924 0.0095739 0.0189114 0.12244 0.0193165 0.0156086 0.0130628 0.021143 0.0212822 0.0184697 0.0120271 0.0112732 0.014859 0.0138082 0.0479244 0.0234528 0.0149019 0.0091974 0.00561886 0 0.00358359 0.00361354 0.00373653 0.0394509 0.15979 0.0143245 0.00961225 
0.0102296 0.0124956 0.0243713 0.0119009 0.0107749 0.00831833 0.0107637 0.011499 0.0112045 0.00927592 0.0196707 0.0518625 0.0885301 0.0149621 0.00997535 0.0115602 0.0205956 0.0266821 0.0132145 0.00957478 0.0102156 0.0135175 0.0369558 0.0333109 0.0413266 0.0105261 0.00360229 0.00358359 0 0.00360569 0.00358626 0.375036 0.0287361 0.0312678 0.0085733 
0.00957802 0.0127216 0.0158958 0.0173734 0.0100959 0.009348 0.00975675 0.0109905 0.0132025 0.0104517 0.0123431 0.0425053 0.12489 0.0716449 0.0115667 0.0132386 0.0181921 0.0133166 0.0177631 0.0132111 0.0134779 0.0129014 0.0120301 0.0349235 0.0421651 0.0178744 0.00381638 0.00361354 0.00360569 0 0.00388155 0.0146486 0.579152 0.0326518 0.0101861 
0.011731 0.00985051 0.00974818 0.00949014 0.0111259 0.0126715 0.0122131 0.0092059 0.00892443 0.0119433 0.0216651 0.0151324 0.0266688 0.0583127 0.0230836 0.0218211 0.0105773 0.0102803 0.00994354 0.0168983 0.018363 0.00958038 0.0109603 0.0132954 0.0495245 0.0977315 0.00402678 0.00373653 0.00358626 0.00388155 0 0.0253377 0.0233438 0.678454 0.0118358 
0.00898213 0.00840836 0.00913116 0.00843082 0.00881716 0.00814175 0.0124735 0.00816408 0.00952976 0.00890408 0.0106111 0.00932745 0.0114197 0.0108433 0.0123203 0.010249 0.0129663 0.00900957 0.0103554 0.0124065 0.0100624 0.0108788 0.00861344 0.0120591 0.0113034 0.0236133 0.246727 0.0394509 0.375036 0.0146486 0.0253377 0 0.00383147 0.00373876 0.0121454 
0.00859429 0.00897691 0.00890092 0.00926672 0.0084558 0.00865587 0.00837224 0.00895557 0.00860232 0.00847827 0.00915029 0.0129001 0.0127821 0.011346 0.00923148 0.00977979 0.00930521 0.00933384 0.00955873 0.00919216 0.00906992 0.00901915 0.00939598 0.0104117 0.0106844 0.0102968 0.0102545 0.15979 0.0287361 0.579152 0.0233438 0.00383147 0 0.00387651 0.0125836 
0.00949792 0.00897603 0.00875992 0.00855171 0.0087725 0.0104329 0.00954426 0.00856651 0.00834801 0.00849362 0.0139306 0.0105515 0.00986828 0.0126556 0.0121545 0.0164366 0.00980495 0.00963282 0.00902443 0.00988649 0.0141594 0.00901388 0.00933924 0.00958082 0.013071 0.0173751 0.0219423 0.0143245 0.0312678 0.0326518 0.678454 0.00373876 0.00387651 0 0.0328625 
0.0085194 0.00870218 0.00820059 0.00821472 0.00872012 0.0125206 0.00839798 0.0095317 0.00813399 0.00985874 0.00883395 0.00846305 0.00839873 0.0105942 0.0179247 0.010485 0.00818525 0.00853272 0.00832507 0.0109413 0.00910938 0.00813301 0.00855183 0.00823159 0.00925724 0.0144875 0.00852251 0.00961225 0.0085733 0.0101861 0.0118358 0.0121454 0.0125836 0.0328625 0 
