1DT5A
EVSQDLFNQFNLFAQYSAAAYCGKNNDAPAGTNITCTGNACPEVEKADATFLYSFEDSGVGDVTGFLALDNTNKLIVLSFRGSRSIENWIGNLNFDLKEINDICSGCRGHDGFTSSWRSVADTLRQKVEDAVREHPDYRVVFTGHSLGGALATVAGADLRGNGYDIDVFSYGAPRVGNRAFAEFLTVQTGGTLYRITHTNDIVPRLPPREFGYSHSSPEYWIKSGTLVPVTRNDIVKIEGIDATGGNNQPNIPDIPAHLWYFGLIGTCL
CCCHHHHHHHHHHHHHHHHCCCHHHHCCCCCCECCCHHHCCHHHHHCCEEEEEEEEEECCCCEEEEEEEECCCCEEEEEECCCCCHHHHHHHCCCCEEECCCCCCCCEEEHHHHHHHHHHHHHHHHHHHHHHHHCCCCEEEEEEECHHHHHHHHHHHHHCCCCCCEEEEEECCCCCECHHHHHHHHHCCCCCEEEEEECCECHHHCCCHHHCCECCCCEEEECCCCCCCCCHHHEEEECCCCCCCCCCCCCCCECHHHHECCCECCCCC
0 0 0 0 0 0 0 0 0 0 0 0 0 0 0 0 0 0 0 0 0 0 0 0 0 0 0 0 0 0 0 0 0 0 0 0 0 0 0 0 0 0 0 0 0 0 0 0 0 0 0 0 0 0 0 0 0 0 0 0 0 0 0 0 0 0 0 0 0 0 0 0 0 0 0 0 0 0 0 0 0 0 0 0 0 0 0 0 0 0 0 0 0 0 0 0 0 0 0 0 0 0 0 0 0 0 0 0 0 0 0 0 0 0 0 0 0 0 0 0 0 0 0 0 0 0 0 0 0 0 0 0 0 0 0 0 0 0 0 0 0 0 0 0 0 0 0 0 0 0 0 0 0 0 0 0 0 0 0 0 0 0 0 0 0 0 0 0 0 0 0 0 0 0 0 0 0 0 0 0 0 0 0 0 0 0 0 0 0 0 0 0 0 0 0 0 0 0 0 0 0 0 0 0 0 0 0 0 0 0 0 0 0 0 0 0 0 0 0 0 0 0 0 0 0 0 0 0 0 0 0 0 0 0 0 0 0 0 0 0 0 0 0 0 0 0 0 0 0 0 0 0 0 0 0 0 0 0 0 0 0 0 0 0 0 0 0 0 0 
0 0 0 0 0 0 0 0 0 0 0 0 0 0 0 0 0 0 0 0 0 0 0 0 0 0 0 0 0 0 0 0 0 0 0 0 0 0 0 0 0 0 0 0 0 0 0 0 0 0 0 0 0 0 0 0 0 0 0 0 0 0 0 0 0 0 0 0 0 0 0 0 0 0 0 0 0 0 0 0 0 0 0 0 0 0 0 0 0 0 0 0 0 0 0 0 0 0 0 0 0 0 0 0 0 0 0 0 0 0 0 0 0 0 0 0 0 0 0 0 0 0 0 0 0 0 0 0 0 0 0 0 0 0 0 0 0 0 0 0 0 0 0 0 0 0 0 0 0 0 0 0 0 0 0 0 0 0 0 0 0 0 0 0 0 0 0 0 0 0 0 0 0 0 0 0 0 0 0 0 0 0 0 0 0 0 0 0 0 0 0 0 0 0 0 0 0 0 0 0 0 0 0 0 0 0 0 0 0 0 0 0 0 0 0 0 0 0 0 0 0 0 0 0 0 0 0 0 0 0 0 0 0 0 0 0 0 0 0 0 0 0 0 0 0 0 0 0 0 0 0 0 0 0 0 0 0 0 0 0 0 0 0 0 0 0 0 0 0 
0 0.0259812 0.0126777 0.0102081 0.00886025 0.00856908 0.00924192 0.00880981 0.00929192 0.00942392 0.015673 0.0166662 0.0109167 0.00922889 0.00951325 0.0093176 0.0090786 0.010774 0.0150712 0.0230144 0.0116918 0.010172 0.00902662 0.0103585 0.0135452 0.0125587 0.00909634 0.0127222 0.0136699 0.00849939 0.00999463 0.0128244 0.00836822 0.00893823 0.00829702 0.0083466 0.00832942 0.00945788 0.00918336 0.00842613 0.00816596 0.00814757 0.00829903 0.00879367 0.01346 0.00896889 0.00832545 0.00821374 0.00814128 0.00818813 0.00911927 0.00969356 0.0102514 0.00865368 0.00819839 0.00824601 0.0086255 0.00867751 0.00817819 0.00849254 0.00889186 0.0112582 0.00875569 0.0117923 
0.0259812 0 0.00379706 0.00370116 0.00364336 0.00360599 0.00376502 0.00429286 0.00445821 0.00595188 0.0128793 0.0115699 0.0091698 0.00957566 0.0106768 0.0116792 0.0123157 0.0143071 0.213235 0.0502709 0.0355179 0.0138271 0.016029 0.0131349 0.0288679 0.0157894 0.00910943 0.0159065 0.0100114 0.0114376 0.0139243 0.00963163 0.0120118 0.0092829 0.010947 0.00893681 0.00944626 0.0117978 0.0101497 0.00869419 0.00909396 0.00891639 0.00868332 0.00975781 0.00971991 0.00876184 0.00860379 0.00857249 0.00880021 0.0084286 0.00909506 0.0086994 0.00860729 0.00840395 0.00848027 0.00832648 0.00894575 0.00847217 0.00824288 0.00831353 0.00912749 0.00908338 0.00846113 0.00906517 
0.0126777 0.00379706 0 0.00358971 0.00359956 0.00358035 0.00365093 0.00370189 0.00429996 0.00631786 0.00673779 0.00779109 0.0110259 0.0098602 0.0132498 0.0123545 0.0129618 0.155612 0.0976919 0.0197193 0.0320733 0.0309087 0.01724 0.0329716 0.0108114 0.00991478 0.0104466 0.0110137 0.0114092 0.00948243 0.00930574 0.0104896 0.00961125 0.0185742 0.0109351 0.0129785 0.00956625 0.00953398 0.0086537 0.0100651 0.00959571 0.00963034 0.00951603 0.00860091 0.00838823 0.00835477 0.00866005 0.00950841 0.00882225 0.00889019 0.00869211 0.00820287 0.00820038 0.00826155 0.00858088 0.00877807 0.00841552 0.00824104 0.0083332 0.00850354 0.00842196 0.00843035 0.00813499 0.00849806 
0.0102081 0.00370116 0.00358971 0 0.0035681 0.00359231 0.00362608 0.00370418 0.00389328 0.00385181 0.00446789 0.00831873 0.00871432 0.0125814 0.0124822 0.0141739 0.115946 0.189863 0.0554487 0.0107681 0.017766 0.0221831 0.0435692 0.0126533 0.0124895 0.0106948 0.00881267 0.00964405 0.00885833 0.00915128 0.00874456 0.00857958 0.0125854 0.0131893 0.0269155 0.0128069 0.00965307 0.00899687 0.00894809 0.00885732 0.0112846 0.0113167 0.00925718 0.00871669 0.00818154 0.00843038 0.00883872 0.00962 0.0100204 0.00872674 0.00848617 0.00812723 0.00810081 0.00832276 0.00881254 0.00872023 0.00841652 0.00844185 0.00849045 0.00840608 0.00841563 0.00818918 0.00824683 0.00825319 
0.00886025 0.00364336 0.00359956 0.0035681 0 0.00355571 0.00361562 0.00368087 0.00364182 0.00372314 0.00384806 0.00680931 0.00799205 0.0102752 0.011316 0.0528728 0.318161 0.093638 0.0107867 0.00967089 0.0123148 0.035484 0.0190891 0.016657 0.00951164 0.00906201 0.00886356 0.00900964 0.00897883 0.00871349 0.00853665 0.00870199 0.00963866 0.0230621 0.0176066 0.0141363 0.00949994 0.00886979 0.00855211 0.0090659 0.011254 0.0104354 0.00932141 0.00853079 0.00826705 0.00827711 0.00863668 0.00973271 0.00889899 0.00886384 0.00835283 0.00819479 0.00812157 0.00828984 0.00859984 0.00860742 0.00824248 0.00837476 0.00836667 0.00834403 0.00820692 0.00811778 0.00808763 0.00816031 
0.00856908 0.00360599 0.00358035 0.00359231 0.00355571 0 0.00360831 0.0036092 0.00359801 0.00354957 0.00370822 0.00696271 0.00763778 0.0106443 0.0443911 0.419014 0.138116 0.023486 0.00817895 0.00927632 0.016182 0.0180956 0.0261738 0.0142675 0.00986651 0.00915325 0.00885469 0.00886555 0.00889367 0.00877447 0.00852402 0.0087513 0.0108708 0.0170933 0.0188666 0.0122217 0.00994349 0.00859322 0.00861402 0.00914904 0.0109447 0.00998959 0.00966155 0.00848409 0.00809813 0.0083151 0.00870696 0.0093112 0.00935811 0.00873248 0.00832707 0.0081931 0.00814913 0.00827155 0.00866594 0.00864159 0.00821558 0.00830556 0.00836548 0.00850001 0.00818549 0.00808139 0.00810133 0.0081564 
0.00924192 0.00376502 0.00365093 0.00362608 0.00361562 0.00360831 0 0.0035591 0.0035898 0.00357285 0.00362881 0.00699394 0.00746374 0.0196914 0.448018 0.101684 0.0391407 0.0101517 0.00858768 0.0106289 0.0111566 0.0208613 0.0143957 0.0179213 0.00954373 0.00958447 0.00889338 0.00911286 0.00937656 0.00868992 0.00853584 0.00933022 0.0099758 0.0183989 0.0122755 0.0146836 0.00898144 0.00879169 0.00867046 0.00899608 0.0102101 0.00958363 0.00901453 0.00838576 0.00819901 0.00823973 0.00852172 0.00940446 0.00878659 0.00855163 0.00829379 0.00807428 0.00809033 0.00830192 0.00853503 0.00865275 0.0082064 0.00830214 0.00831692 0.00837327 0.00812522 0.0081668 0.00809984 0.00830875 
0.00880981 0.00429286 0.00370189 0.00370418 0.00368087 0.0036092 0.0035591 0 0.00359163 0.00360126 0.00359084 0.00640965 0.0178565 0.41294 0.135343 0.0263674 0.00891377 0.0116057 0.00801058 0.00959011 0.0132775 0.0133968 0.026281 0.010364 0.00989564 0.0105881 0.00881548 0.00906177 0.00866158 0.00898542 0.0085248 0.00846474 0.0110928 0.0109459 0.024273 0.00998129 0.00939414 0.00884437 0.00896766 0.00867261 0.0105555 0.0102222 0.00907259 0.00850101 0.00812776 0.00828078 0.00861955 0.00890851 0.0094522 0.00851983 0.00827368 0.00813494 0.00809031 0.00821886 0.0086166 0.00849665 0.00828072 0.00835714 0.00832417 0.00828462 0.00838849 0.00820132 0.00817527 0.00828485 
0.00929192 0.00445821 0.00429996 0.00389328 0.00364182 0.00359801 0.0035898 0.00359163 0 0.00355511 0.00357375 0.00689162 0.108518 0.131476 0.0215197 0.00757057 0.0105964 0.00802701 0.00723967 0.0089208 0.00957287 0.0210867 0.0113307 0.0127553 0.00878971 0.00893073 0.00880187 0.00907237 0.00923229 0.0085643 0.00843676 0.00896937 0.00876483 0.0186843 0.0105418 0.0115575 0.00872838 0.00861651 0.00841095 0.00868732 0.00945053 0.00933542 0.00881867 0.00833041 0.00811437 0.00823548 0.00842524 0.00938452 0.00868182 0.00859689 0.00831584 0.00810376 0.00808653 0.00823718 0.00843154 0.00844407 0.00817953 0.00828065 0.00830007 0.00823915 0.00816163 0.00814213 0.00805606 0.0081777 
0.00942392 0.00595188 0.00631786 0.00385181 0.00372314 0.00354957 0.00357285 0.00360126 0.00355511 0 0.00361047 0.0161723 0.181736 0.0155664 0.00716013 0.00753897 0.00764616 0.00750935 0.00671974 0.00870879 0.0143159 0.00921274 0.0114909 0.00953581 0.00947276 0.00930044 0.00926901 0.00858575 0.0088124 0.00964352 0.00836564 0.00894704 0.00962352 0.00888192 0.00956753 0.00863876 0.00906841 0.00841758 0.00841725 0.00845748 0.00865791 0.00868166 0.00842109 0.00830304 0.00808151 0.00831438 0.00841651 0.00840727 0.00852731 0.00833526 0.00817484 0.00806572 0.00810469 0.00819807 0.00835447 0.00838797 0.00813277 0.00821653 0.00820254 0.00819381 0.00820826 0.00817424 0.00812166 0.00818122 
0.015673 0.0128793 0.00673779 0.00446789 0.00384806 0.00370822 0.00362881 0.00359084 0.00357375 0.00361047 0 0.704942 0.00946562 0.00528064 0.0057935 0.0061762 0.0064252 0.00685647 0.00657418 0.014461 0.00971816 0.00965614 0.00851721 0.00987411 0.00988574 0.0151462 0.00870949 0.00975357 0.0120358 0.00849494 0.00869748 0.0137317 0.00902325 0.00910414 0.00866098 0.00865465 0.0083769 0.00914854 0.00930604 0.0082855 0.00827468 0.00829059 0.00824385 0.00834916 0.00879141 0.00892194 0.00825561 0.00823377 0.00821867 0.00816633 0.00827361 0.00841175 0.00873206 0.00845837 0.00818778 0.00812675 0.00817113 0.00856923 0.00815163 0.00808139 0.00815724 0.00874226 0.00834592 0.00882662 
0.0166662 0.0115699 0.00779109 0.00831873 0.00680931 0.00696271 0.00699394 0.00640965 0.00689162 0.0161723 0.704942 0 0.00363767 0.00359219 0.00361897 0.0036696 0.00368228 0.00431844 0.00714695 0.00897033 0.00894586 0.00847925 0.00989779 0.00989022 0.0333748 0.0180038 0.0105628 0.0183369 0.0105721 0.0105019 0.0146144 0.0107542 0.0142732 0.00928873 0.010413 0.00887544 0.00926119 0.0135318 0.0111691 0.0085456 0.00889591 0.0087977 0.00864024 0.0105158 0.0103224 0.00852279 0.00835528 0.00855847 0.00857602 0.00848386 0.00949035 0.00889515 0.00869386 0.00830109 0.00830922 0.00834704 0.00917471 0.00840788 0.00821645 0.00832141 0.00929203 0.00930914 0.00839666 0.00912141 
0.0109167 0.0091698 0.0110259 0.00871432 0.00799205 0.00763778 0.00746374 0.0178565 0.108518 0.181736 0.00946562 0.00363767 0 0.00357489 0.00359475 0.00361094 0.00362138 0.00394289 0.00387851 0.00805254 0.0106327 0.0106595 0.00923581 0.0219171 0.0243886 0.0227822 0.0135206 0.0103538 0.0106551 0.0100394 0.00958254 0.00969477 0.0118881 0.0212914 0.0138136 0.0142987 0.010926 0.0098451 0.00889224 0.0109448 0.0117084 0.0112476 0.010279 0.00883428 0.00844675 0.00841565 0.00900831 0.0100955 0.00906295 0.00908777 0.00877652 0.00819211 0.00814479 0.00830958 0.00865952 0.00879033 0.00830425 0.00827505 0.00840995 0.00842245 0.00827835 0.00832214 0.0081172 0.00831887 
0.00922889 0.00957566 0.0098602 0.0125814 0.0102752 0.0106443 0.0196914 0.41294 0.131476 0.0155664 0.00528064 0.00359219 0.00357489 0 0.003564 0.00360749 0.00359813 0.00361924 0.00357281 0.00699024 0.010086 0.0117039 0.0235464 0.0314814 0.799104 0.0107288 0.00937963 0.00963137 0.00972398 0.00983189 0.00955642 0.00923865 0.0218056 0.0262838 0.0454986 0.0269869 0.0139454 0.00977986 0.00968886 0.0114634 0.0237662 0.0204133 0.0123719 0.00928569 0.00836525 0.0086287 0.00973207 0.0124134 0.0125815 0.00987966 0.00884721 0.00826846 0.0081613 0.00863263 0.00954949 0.00923444 0.00853777 0.00848951 0.00862182 0.00862955 0.00829934 0.00811691 0.0082449 0.00820034 
0.00951325 0.0106768 0.0132498 0.0124822 0.011316 0.0443911 0.448018 0.135343 0.0215197 0.00716013 0.0057935 0.00361897 0.00359475 0.003564 0 0.00356934 0.0035733 0.00361427 0.00363621 0.00684232 0.00934347 0.0326402 0.0405011 0.920612 0.0175266 0.0101807 0.0098999 0.0101429 0.0104637 0.0094929 0.00938237 0.00990708 0.0164665 0.0497564 0.0542848 0.0415029 0.0134567 0.0103038 0.00966658 0.0145862 0.0276623 0.0252458 0.0154489 0.00993409 0.00842502 0.00874716 0.010912 0.0152389 0.0127276 0.0104353 0.00881541 0.00820909 0.00817991 0.00868097 0.00975889 0.0092224 0.00854313 0.0085918 0.00867626 0.00861273 0.00823774 0.00813563 0.00818516 0.00816744 
0.0093176 0.0116792 0.0123545 0.0141739 0.0528728 0.419014 0.101684 0.0263674 0.00757057 0.00753897 0.0061762 0.0036696 0.00361094 0.00360749 0.00356934 0 0.00355739 0.00361518 0.00356259 0.00583033 0.0191552 0.0399073 0.929048 0.0150218 0.010958 0.00983186 0.00962285 0.00975906 0.00985184 0.0098877 0.00941818 0.0100163 0.021432 0.0405149 0.0703065 0.0326936 0.0142191 0.0100499 0.0106165 0.012744 0.0335271 0.0289131 0.0144021 0.00957437 0.00835708 0.00881925 0.0104707 0.0133633 0.0142005 0.0100246 0.00879798 0.00832334 0.00826028 0.00879001 0.00967495 0.00924543 0.00857467 0.00849345 0.00861921 0.00869724 0.008359 0.0081206 0.00821986 0.00842878 
0.0090786 0.0123157 0.0129618 0.115946 0.318161 0.138116 0.0391407 0.00891377 0.0105964 0.00764616 0.0064252 0.00368228 0.00362138 0.00359813 0.0035733 0.00355739 0 0.00355996 0.00355598 0.00842234 0.0327838 0.924053 0.0306925 0.0195839 0.0089236 0.0104878 0.0105288 0.0105289 0.00998215 0.00974771 0.00952631 0.0097802 0.0185941 0.0610948 0.0501435 0.0400339 0.013753 0.01025 0.00992314 0.0147371 0.0292685 0.0289902 0.0140237 0.00968409 0.00829565 0.00899504 0.0103572 0.0156236 0.0130256 0.00979174 0.00874455 0.00825616 0.00825268 0.00875631 0.00967834 0.0094841 0.00859584 0.00858658 0.00861927 0.00872005 0.00831508 0.00812464 0.00827969 0.00822737 
0.010774 0.0143071 0.155612 0.189863 0.093638 0.023486 0.0101517 0.0116057 0.00802701 0.00750935 0.00685647 0.00431844 0.00394289 0.00361924 0.00361427 0.00361518 0.00355996 0 0.00370234 0.0301568 0.970763 0.0192249 0.010593 0.0108279 0.0113509 0.0101039 0.016398 0.0101552 0.0112083 0.0134568 0.00909936 0.0111486 0.0167078 0.0138392 0.0210979 0.0127796 0.016297 0.00967779 0.00943615 0.0101686 0.0130072 0.0113501 0.0121724 0.00920046 0.00836047 0.00908924 0.00987356 0.00963726 0.0101851 0.00942682 0.00859158 0.00822483 0.0084263 0.00871559 0.00917685 0.00883968 0.00840717 0.00852292 0.00859993 0.00850687 0.00822801 0.00817485 0.00819927 0.00831648 
0.0150712 0.213235 0.0976919 0.0554487 0.0107867 0.00817895 0.00858768 0.00801058 0.00723967 0.00671974 0.00657418 0.00714695 0.00387851 0.00357281 0.00363621 0.00356259 0.00355598 0.00370234 0 0.979411 0.0112592 0.00536494 0.00529287 0.00670224 0.00907987 0.0175755 0.00865188 0.0115456 0.0138893 0.00894293 0.0099475 0.013425 0.0097227 0.00930838 0.00989282 0.009541 0.00912797 0.0118519 0.0105629 0.0086633 0.00893909 0.00896716 0.00880418 0.00933315 0.00930284 0.0100934 0.0085179 0.00850922 0.0085433 0.00860932 0.00862324 0.00868917 0.00906104 0.0089816 0.00838776 0.0083001 0.00853518 0.00893607 0.00824124 0.00814767 0.00832926 0.00884736 0.00860837 0.00882558 
0.0230144 0.0502709 0.0197193 0.0107681 0.00967089 0.00927632 0.0106289 0.00959011 0.0089208 0.00870879 0.014461 0.00897033 0.00805254 0.00699024 0.00684232 0.00583033 0.00842234 0.0301568 0.979411 0 0.00371349 0.00359305 0.00363797 0.00363862 0.00438212 0.0614968 0.0106479 0.0234578 0.0178269 0.0117193 0.0166496 0.0378527 0.0158491 0.0115336 0.0107157 0.00975069 0.0100211 0.0147369 0.0144418 0.00976237 0.00908919 0.00913635 0.00903028 0.0116103 0.0118534 0.00963867 0.00881577 0.0087368 0.00876827 0.00884514 0.0103929 0.0102238 0.00913331 0.00866283 0.00837766 0.00859262 0.00946123 0.00878025 0.00829309 0.00852737 0.00982676 0.00959472 0.00858673 0.00930152 
0.0116918 0.0355179 0.0320733 0.017766 0.0123148 0.016182 0.0111566 0.0132775 0.00957287 0.0143159 0.00971816 0.00894586 0.0106327 0.010086 0.00934347 0.0191552 0.0327838 0.970763 0.0112592 0.00371349 0 0.00361248 0.00360592 0.00368517 0.00365118 0.0419714 0.0628971 0.0115845 0.0127946 0.0185715 0.00981845 0.0123437 0.0996407 0.028433 0.0445951 0.0187107 0.0156857 0.0103689 0.0143871 0.0161558 0.0198506 0.0179539 0.0131252 0.00994976 0.00917225 0.00934293 0.0110004 0.011904 0.0118596 0.0102331 0.00919884 0.0085685 0.00832578 0.00865467 0.00965636 0.0094194 0.00874029 0.00874361 0.00863044 0.00870271 0.00861627 0.00863141 0.00837271 0.00850264 
0.010172 0.0138271 0.0309087 0.0221831 0.035484 0.0180956 0.0208613 0.0133968 0.0210867 0.00921274 0.00965614 0.00847925 0.0106595 0.0117039 0.0326402 0.0399073 0.924053 0.0192249 0.00536494 0.00359305 0.00361248 0 0.00363383 0.00360535 0.00359479 0.0261987 0.027516 0.0141819 0.0137054 0.00997201 0.0105578 0.0131093 0.0234755 0.195366 0.0729671 0.0736587 0.0162117 0.0113267 0.0107124 0.0276372 0.0569894 0.0586464 0.0222346 0.0103526 0.00856753 0.00921177 0.0116993 0.0243614 0.0182659 0.0131019 0.00918717 0.00845083 0.00830681 0.00918291 0.0108369 0.0102839 0.00885536 0.00869994 0.00889607 0.00901132 0.00847758 0.00823389 0.00836996 0.00838572 
0.00902662 0.016029 0.01724 0.0435692 0.0190891 0.0261738 0.0143957 0.026281 0.0113307 0.0114909 0.00851721 0.00989779 0.00923581 0.0235464 0.0405011 0.929048 0.0306925 0.010593 0.00529287 0.00363797 0.00360592 0.00363383 0 0.00360535 0.00356823 0.0249169 0.0224175 0.0139698 0.0101435 0.0141522 0.00971668 0.0101697 0.079241 0.0515443 0.277872 0.0330647 0.0257894 0.0108283 0.0132904 0.0156727 0.0795412 0.0687379 0.0178897 0.0111995 0.00852087 0.0093514 0.0134611 0.0189146 0.0265917 0.0124763 0.00925928 0.00852423 0.00836923 0.00907247 0.0105142 0.0101736 0.0094244 0.00887142 0.00898808 0.00894455 0.0085909 0.00821758 0.00849111 0.00860151 
0.0103585 0.0131349 0.0329716 0.0126533 0.016657 0.0142675 0.0179213 0.010364 0.0127553 0.00953581 0.00987411 0.00989022 0.0219171 0.0314814 0.920612 0.0150218 0.0195839 0.0108279 0.00670224 0.00363862 0.00368517 0.00360535 0.00360535 0 0.00359556 0.0127022 0.0814569 0.0293829 0.0153607 0.0134223 0.0121332 0.0136259 0.0181568 0.0647771 0.0314817 0.0552193 0.0259659 0.0131466 0.00942645 0.0224165 0.0229144 0.0240087 0.0309251 0.0102612 0.00879612 0.00909428 0.0106065 0.0168134 0.0140034 0.0139914 0.00904285 0.00853018 0.00839339 0.00878292 0.00948614 0.00971212 0.00859012 0.00848916 0.00857053 0.00857969 0.00827114 0.00817959 0.00829589 0.00827664 
0.0135452 0.0288679 0.0108114 0.0124895 0.00951164 0.00986651 0.00954373 0.00989564 0.00878971 0.00947276 0.00988574 0.0333748 0.0243886 0.799104 0.0175266 0.010958 0.0089236 0.0113509 0.00907987 0.00438212 0.00365118 0.00359479 0.00356823 0.00359556 0 0.0315072 0.0117503 0.0642447 0.0121347 0.0140087 0.0133301 0.0178039 0.0157755 0.0104197 0.0202247 0.0113626 0.0166884 0.0167812 0.0185443 0.00945602 0.0112842 0.0107322 0.0115514 0.0151445 0.0101034 0.0117391 0.00946592 0.00931389 0.0100564 0.00936508 0.00936888 0.00905468 0.00926749 0.00971243 0.00888147 0.00860757 0.00936286 0.0105009 0.00834786 0.00824896 0.00871707 0.0085504 0.00873796 0.00934979 
0.0125587 0.0157894 0.00991478 0.0106948 0.00906201 0.00915325 0.00958447 0.0105881 0.00893073 0.00930044 0.0151462 0.0180038 0.0227822 0.0107288 0.0101807 0.00983186 0.0104878 0.0101039 0.0175755 0.0614968 0.0419714 0.0261987 0.0249169 0.0127022 0.0315072 0 0.00380394 0.00401726 0.00764436 0.0159602 0.87108 0.0111507 0.0139402 0.00999922 0.0105148 0.0089574 0.009181 0.0153883 0.0137895 0.00881151 0.00930179 0.00917346 0.00872181 0.0121438 0.0110267 0.009176 0.00863267 0.00857659 0.00887502 0.0084009 0.0100107 0.00995249 0.00904059 0.00834721 0.0083348 0.00830226 0.00934121 0.00910578 0.00823507 0.00843487 0.0103235 0.00974014 0.00861837 0.00910207 
0.00909634 0.00910943 0.0104466 0.00881267 0.00886356 0.00885469 0.00889338 0.00881548 0.00880187 0.00926901 0.00870949 0.0105628 0.0135206 0.00937963 0.0098999 0.00962285 0.0105288 0.016398 0.00865188 0.0106479 0.0628971 0.027516 0.0224175 0.0814569 0.0117503 0.00380394 0 0.00360854 0.00713831 0.917839 0.00543924 0.00972066 0.0130641 0.0111365 0.00950002 0.0094822 0.0133967 0.0089188 0.00863317 0.00959192 0.0089383 0.0089227 0.010473 0.0085727 0.00837207 0.00824406 0.00858116 0.00847841 0.00849256 0.00900382 0.00837632 0.00818674 0.0081705 0.00813605 0.00836837 0.00854843 0.00827277 0.00821283 0.00828674 0.00826896 0.00818523 0.00831224 0.00810821 0.00827027 
0.0127222 0.0159065 0.0110137 0.00964405 0.00900964 0.00886555 0.00911286 0.00906177 0.00907237 0.00858575 0.00975357 0.0183369 0.0103538 0.00963137 0.0101429 0.00975906 0.0105289 0.0101552 0.0115456 0.0234578 0.0115845 0.0141819 0.0139698 0.0293829 0.0642447 0.00401726 0.00360854 0 0.94961 0.00520875 0.00754498 0.023115 0.0101403 0.0106854 0.0106688 0.01118 0.0103111 0.0114908 0.0115239 0.00946095 0.00893301 0.00905308 0.00905554 0.0107097 0.010018 0.0114789 0.00870148 0.00845522 0.00848683 0.00859449 0.0086949 0.0089713 0.00968953 0.00960634 0.00859798 0.00840766 0.00826587 0.00911981 0.0084885 0.00818902 0.00818344 0.00892781 0.00842163 0.00877518 
0.0136699 0.0100114 0.0114092 0.00885833 0.00897883 0.00889367 0.00937656 0.00866158 0.00923229 0.0088124 0.0120358 0.0105721 0.0106551 0.00972398 0.0104637 0.00985184 0.00998215 0.0112083 0.0138893 0.0178269 0.0127946 0.0137054 0.0101435 0.0153607 0.0121347 0.00764436 0.00713831 0.94961 0 0.00363051 0.00364708 0.140697 0.010752 0.0255363 0.010169 0.0164891 0.00923013 0.0167315 0.0100831 0.0108797 0.00944072 0.00909754 0.00989425 0.0110787 0.012247 0.00896774 0.00853309 0.00969427 0.00845843 0.00881862 0.0103637 0.00976282 0.00945126 0.0089568 0.00825993 0.00886494 0.00884176 0.0083059 0.00821747 0.00884248 0.00873175 0.00945585 0.00808113 0.0093635 
0.00849939 0.0114376 0.00948243 0.00915128 0.00871349 0.00877447 0.00868992 0.00898542 0.0085643 0.00964352 0.00849494 0.0105019 0.0100394 0.00983189 0.0094929 0.0098877 0.00974771 0.0134568 0.00894293 0.0117193 0.0185715 0.00997201 0.0141522 0.0134223 0.0140087 0.0159602 0.917839 0.00520875 0.00363051 0 0.00357152 0.00990822 0.107625 0.0103277 0.0274328 0.0100259 0.0413175 0.010252 0.0114859 0.00963728 0.00984243 0.00966121 0.0113715 0.00926219 0.00935281 0.00868505 0.00975785 0.00865905 0.0093815 0.00980428 0.00858508 0.00866942 0.00821745 0.00828049 0.00874188 0.0090486 0.00839949 0.00862684 0.00832552 0.00853164 0.00832805 0.00826917 0.00839079 0.00812424 
0.00999463 0.0139243 0.00930574 0.00874456 0.00853665 0.00852402 0.00853584 0.0085248 0.00843676 0.00836564 0.00869748 0.0146144 0.00958254 0.00955642 0.00938237 0.00941818 0.00952631 0.00909936 0.0099475 0.0166496 0.00981845 0.0105578 0.00971668 0.0121332 0.0133301 0.87108 0.00543924 0.00754498 0.00364708 0.00357152 0 0.0240609 0.00994924 0.015982 0.0123728 0.0176765 0.0135822 0.037866 0.0122488 0.00932144 0.00925751 0.00926935 0.00908914 0.0113986 0.0108845 0.0112875 0.00859229 0.00861322 0.008627 0.00877943 0.00855912 0.008985 0.00908637 0.00898672 0.0084328 0.00831384 0.0082487 0.00899339 0.00823514 0.00814669 0.00814419 0.00854185 0.00845117 0.00839998 
0.0128244 0.00963163 0.0104896 0.00857958 0.00870199 0.0087513 0.00933022 0.00846474 0.00896937 0.00894704 0.0137317 0.0107542 0.00969477 0.00923865 0.00990708 0.0100163 0.0097802 0.0111486 0.013425 0.0378527 0.0123437 0.0131093 0.0101697 0.0136259 0.0178039 0.0111507 0.00972066 0.023115 0.140697 0.00990822 0.0240609 0 0.00543651 0.00368327 0.00372718 0.00373658 0.00434151 0.00537358 0.0349233 0.0313143 0.0109402 0.0109427 0.0162645 0.0162299 0.0245315 0.01715 0.0108922 0.0139736 0.00950538 0.0149408 0.0164915 0.0157116 0.011327 0.0114433 0.00866195 0.0105633 0.0106833 0.00857207 0.00849981 0.010712 0.0101476 0.0120738 0.00829521 0.0110109 
0.00836822 0.0120118 0.00961125 0.0125854 0.00963866 0.0108708 0.0099758 0.0110928 0.00876483 0.00962352 0.00902325 0.0142732 0.0118881 0.0218056 0.0164665 0.021432 0.0185941 0.0167078 0.0097227 0.0158491 0.0996407 0.0234755 0.079241 0.0181568 0.0157755 0.0139402 0.0130641 0.0101403 0.010752 0.107625 0.00994924 0.00543651 0 0.00365146 0.00361304 0.00359491 0.00361094 0.00390564 0.515528 0.023151 0.0466721 0.0218892 0.0169036 0.0151795 0.0120456 0.0159142 0.038671 0.0140715 0.0601685 0.0141249 0.0218666 0.0118626 0.00894191 0.00964599 0.0265971 0.00976343 0.0112559 0.0109134 0.00930222 0.00901738 0.011062 0.00868664 0.00912698 0.00843523 
0.00893823 0.0092829 0.0185742 0.0131893 0.0230621 0.0170933 0.0183989 0.0109459 0.0186843 0.00888192 0.00910414 0.00928873 0.0212914 0.0262838 0.0497564 0.0405149 0.0610948 0.0138392 0.00930838 0.0115336 0.028433 0.195366 0.0515443 0.0647771 0.0104197 0.00999922 0.0111365 0.0106854 0.0255363 0.0103277 0.015982 0.00368327 0.00365146 0 0.00358859 0.00359474 0.00359982 0.00360899 0.0184856 0.538546 0.028623 0.0825551 0.0256039 0.010842 0.0095612 0.011181 0.0166405 0.122672 0.0254462 0.0470235 0.0102788 0.00905664 0.00866766 0.0120528 0.0152952 0.0190557 0.00927763 0.00985565 0.0102755 0.0119903 0.00881076 0.00873039 0.00832863 0.0087907 
0.00829702 0.010947 0.0109351 0.0269155 0.0176066 0.0188666 0.0122755 0.024273 0.0105418 0.00956753 0.00866098 0.010413 0.0138136 0.0454986 0.0542848 0.0703065 0.0501435 0.0210979 0.00989282 0.0107157 0.0445951 0.0729671 0.277872 0.0314817 0.0202247 0.0105148 0.00950002 0.0106688 0.010169 0.0274328 0.0123728 0.00372718 0.00361304 0.00358859 0 0.00356143 0.0035962 0.00358008 0.0486874 0.0164796 0.643691 0.0613347 0.0512837 0.0148786 0.00950144 0.0112478 0.0319956 0.0363907 0.190504 0.0221814 0.013043 0.00918035 0.00878592 0.010489 0.0264136 0.0128338 0.0113745 0.00993328 0.0101813 0.0107682 0.00962957 0.00824377 0.00874115 0.00835688 
0.0083466 0.00893681 0.0129785 0.0128069 0.0141363 0.0122217 0.0146836 0.00998129 0.0115575 0.00863876 0.00865465 0.00887544 0.0142987 0.0269869 0.0415029 0.0326936 0.0400339 0.0127796 0.009541 0.00975069 0.0187107 0.0736587 0.0330647 0.0552193 0.0113626 0.0089574 0.0094822 0.01118 0.0164891 0.0100259 0.0176765 0.00373658 0.00359491 0.00359474 0.00356143 0 0.00355996 0.00356693 0.0131235 0.0707119 0.0292777 0.495551 0.0244475 0.016456 0.00931086 0.0108615 0.0140938 0.0903731 0.0261309 0.032206 0.010712 0.00902932 0.00854701 0.0102468 0.0132428 0.0159449 0.00979158 0.00913578 0.0101354 0.00982547 0.00876915 0.0082265 0.00829829 0.00826828 
0.00832942 0.00944626 0.00956625 0.00965307 0.00949994 0.00994349 0.00898144 0.00939414 0.00872838 0.00906841 0.0083769 0.00926119 0.010926 0.0139454 0.0134567 0.0142191 0.013753 0.016297 0.00912797 0.0100211 0.0156857 0.0162117 0.0257894 0.0259659 0.0166884 0.009181 0.0133967 0.0103111 0.00923013 0.0413175 0.0135822 0.00434151 0.00361094 0.00359982 0.0035962 0.00355996 0 0.00362557 0.0203009 0.0178857 0.0900199 0.0244341 0.569629 0.0231266 0.0121431 0.0105912 0.0217468 0.0150801 0.0246016 0.0213089 0.0134447 0.0095762 0.0090904 0.00961682 0.0133838 0.0130867 0.00981747 0.00929397 0.00902013 0.00919148 0.00865665 0.00826013 0.00860034 0.00822638 
0.00945788 0.0117978 0.00953398 0.00899687 0.00886979 0.00859322 0.00879169 0.00884437 0.00861651 0.00841758 0.00914854 0.0135318 0.0098451 0.00977986 0.0103038 0.0100499 0.01025 0.00967779 0.0118519 0.0147369 0.0103689 0.0113267 0.0108283 0.0131466 0.0167812 0.0153883 0.0089188 0.0114908 0.0167315 0.010252 0.037866 0.00537358 0.00390564 0.00360899 0.00358008 0.00356693 0.00362557 0 0.0170886 0.0184651 0.0140655 0.0348029 0.0257859 0.454188 0.0207297 0.022725 0.0112642 0.0110888 0.00970425 0.0124961 0.0150332 0.0142612 0.0130671 0.0151441 0.00953146 0.0097668 0.0114872 0.0138509 0.00879931 0.00855576 0.00957868 0.0098255 0.0100644 0.00938632 
0.00918336 0.0101497 0.0086537 0.00894809 0.00855211 0.00861402 0.00867046 0.00896766 0.00841095 0.00841725 0.00930604 0.0111691 0.00889224 0.00968886 0.00966658 0.0106165 0.00992314 0.00943615 0.0105629 0.0144418 0.0143871 0.0107124 0.0132904 0.00942645 0.0185443 0.0137895 0.00863317 0.0115239 0.0100831 0.0114859 0.0122488 0.0349233 0.515528 0.0184856 0.0486874 0.0131235 0.0203009 0.0170886 0 0.00371676 0.00363378 0.00365618 0.00367034 0.00421953 0.011069 0.134404 0.0187242 0.0126339 0.0159739 0.0106073 0.0356757 0.0165035 0.0158932 0.0146225 0.0149913 0.00979959 0.0282374 0.012616 0.00915338 0.00921414 0.0240523 0.0111373 0.0104097 0.00998505 
0.00842613 0.00869419 0.0100651 0.00885732 0.0090659 0.00914904 0.00899608 0.00867261 0.00868732 0.00845748 0.0082855 0.0085456 0.0109448 0.0114634 0.0145862 0.012744 0.0147371 0.0101686 0.0086633 0.00976237 0.0161558 0.0276372 0.0156727 0.0224165 0.00945602 0.00881151 0.00959192 0.00946095 0.0108797 0.00963728 0.00932144 0.0313143 0.023151 0.538546 0.0164796 0.0707119 0.0178857 0.0184651 0.00371676 0 0.00355971 0.00357756 0.00382231 0.00363631 0.00636638 0.0267813 0.0877571 0.0320174 0.0145746 0.0476043 0.0107986 0.0113376 0.00996362 0.0126328 0.0175674 0.0237985 0.0102175 0.0100314 0.00961581 0.0122034 0.0091741 0.00890598 0.00838362 0.0086958 
0.00816596 0.00909396 0.00959571 0.0112846 0.011254 0.0109447 0.0102101 0.0105555 0.00945053 0.00865791 0.00827468 0.00889591 0.0117084 0.0237662 0.0276623 0.0335271 0.0292685 0.0130072 0.00893909 0.00908919 0.0198506 0.0569894 0.0795412 0.0229144 0.0112842 0.00930179 0.0089383 0.00893301 0.00944072 0.00984243 0.00925751 0.0109402 0.0466721 0.028623 0.643691 0.0292777 0.0900199 0.0140655 0.00363378 0.00355971 0 0.00360695 0.00357854 0.0035995 0.0049962 0.0561203 0.0340095 0.111816 0.113103 0.0224648 0.0132321 0.00980398 0.00906887 0.0126433 0.0359353 0.0186146 0.011652 0.0106275 0.0114166 0.0113413 0.0104293 0.00843476 0.00875786 0.00852784 
0.00814757 0.00891639 0.00963034 0.0113167 0.0104354 0.00998959 0.00958363 0.0102222 0.00933542 0.00868166 0.00829059 0.0087977 0.0112476 0.0204133 0.0252458 0.0289131 0.0289902 0.0113501 0.00896716 0.00913635 0.0179539 0.0586464 0.0687379 0.0240087 0.0107322 0.00917346 0.0089227 0.00905308 0.00909754 0.00966121 0.00926935 0.0109427 0.0218892 0.0825551 0.0613347 0.495551 0.0244341 0.0348029 0.00365618 0.00357756 0.00360695 0 0.00357371 0.00356835 0.00457773 0.0174097 0.0928431 0.0837351 0.173417 0.0208506 0.0132342 0.00949144 0.00895509 0.0137594 0.0321747 0.0181377 0.0114285 0.0116508 0.0115564 0.0111582 0.00972305 0.0083984 0.00876573 0.00852162 
0.00829903 0.00868332 0.00951603 0.00925718 0.00932141 0.00966155 0.00901453 0.00907259 0.00881867 0.00842109 0.00824385 0.00864024 0.010279 0.0123719 0.0154489 0.0144021 0.0140237 0.0121724 0.00880418 0.00903028 0.0131252 0.0222346 0.0178897 0.0309251 0.0115514 0.00872181 0.010473 0.00905554 0.00989425 0.0113715 0.00908914 0.0162645 0.0169036 0.0256039 0.0512837 0.0244475 0.569629 0.0257859 0.00367034 0.00382231 0.00357854 0.00357371 0 0.00362212 0.00775796 0.017079 0.0440387 0.168067 0.0180928 0.188157 0.0199897 0.0107185 0.0107972 0.0128597 0.0194269 0.0422876 0.0123245 0.0109522 0.0107883 0.0162742 0.00928014 0.00871772 0.00889614 0.00870379 
0.00879367 0.00975781 0.00860091 0.00871669 0.00853079 0.00848409 0.00838576 0.00850101 0.00833041 0.00830304 0.00834916 0.0105158 0.00883428 0.00928569 0.00993409 0.00957437 0.00968409 0.00920046 0.00933315 0.0116103 0.00994976 0.0103526 0.0111995 0.0102612 0.0151445 0.0121438 0.0085727 0.0107097 0.0110787 0.00926219 0.0113986 0.0162299 0.0151795 0.010842 0.0148786 0.016456 0.0231266 0.454188 0.00421953 0.00363631 0.0035995 0.00356835 0.00362212 0 0.0274493 0.038102 0.0229858 0.01428 0.0496192 0.0230885 0.106772 0.0154772 0.0152293 0.0193209 0.0114034 0.0110591 0.0252372 0.0189918 0.00931918 0.00886756 0.0144191 0.0101996 0.0114629 0.00975586 
0.01346 0.00971991 0.00838823 0.00818154 0.00826705 0.00809813 0.00819901 0.00812776 0.00811437 0.00808151 0.00879141 0.0103224 0.00844675 0.00836525 0.00842502 0.00835708 0.00829565 0.00836047 0.00930284 0.0118534 0.00917225 0.00856753 0.00852087 0.00879612 0.0101034 0.0110267 0.00837207 0.010018 0.012247 0.00935281 0.0108845 0.0245315 0.0120456 0.0095612 0.00950144 0.00931086 0.0121431 0.0207297 0.011069 0.00636638 0.0049962 0.00457773 0.00775796 0.0274493 0 0.0365648 0.0119971 0.0105599 0.00847545 0.0134294 0.0195862 0.104287 0.200412 0.0171035 0.0102579 0.00977773 0.0141446 0.0142582 0.00905121 0.00896547 0.0124572 0.0351249 0.0183241 0.0207566 
0.00896889 0.00876184 0.00835477 0.00843038 0.00827711 0.0083151 0.00823973 0.00828078 0.00823548 0.00831438 0.00892194 0.00852279 0.00841565 0.0086287 0.00874716 0.00881925 0.00899504 0.00908924 0.0100934 0.00963867 0.00934293 0.00921177 0.0093514 0.00909428 0.0117391 0.009176 0.00824406 0.0114789 0.00896774 0.00868505 0.0112875 0.01715 0.0159142 0.011181 0.0112478 0.0108615 0.0105912 0.022725 0.134404 0.0267813 0.0561203 0.0174097 0.017079 0.038102 0.0365648 0 0.00385166 0.00362771 0.00362774 0.0036833 0.00461973 0.006216 0.0233142 0.018611 0.013573 0.0127255 0.0319526 0.0122096 0.00974926 0.0110841 0.0299198 0.0164054 0.010947 0.0126612 
0.00832545 0.00860379 0.00866005 0.00883872 0.00863668 0.00870696 0.00852172 0.00861955 0.00842524 0.00841651 0.00825561 0.00835528 0.00900831 0.00973207 0.010912 0.0104707 0.0103572 0.00987356 0.0085179 0.00881577 0.0110004 0.0116993 0.0134611 0.0106065 0.00946592 0.00863267 0.00858116 0.00870148 0.00853309 0.00975785 0.00859229 0.0108922 0.038671 0.0166405 0.0319956 0.0140938 0.0217468 0.0112642 0.0187242 0.0877571 0.0340095 0.0928431 0.0440387 0.0229858 0.0119971 0.00385166 0 0.00358554 0.00358374 0.00359709 0.00370389 0.00442387 0.0117976 0.0167842 0.0371352 0.0213535 0.0145432 0.0114092 0.01084 0.0137861 0.0132798 0.0108438 0.010041 0.0101364 
0.00821374 0.00857249 0.00950841 0.00962 0.00973271 0.0093112 0.00940446 0.00890851 0.00938452 0.00840727 0.00823377 0.00855847 0.0100955 0.0124134 0.0152389 0.0133633 0.0156236 0.00963726 0.00850922 0.0087368 0.011904 0.0243614 0.0189146 0.0168134 0.00931389 0.00857659 0.00847841 0.00845522 0.00969427 0.00865905 0.00861322 0.0139736 0.0140715 0.122672 0.0363907 0.0903731 0.0150801 0.0110888 0.0126339 0.0320174 0.111816 0.0837351 0.168067 0.01428 0.0105599 0.00362771 0.00358554 0 0.00355017 0.00358217 0.00358233 0.00382482 0.00979523 0.0269782 0.0334394 0.0386344 0.0138975 0.01142 0.0153905 0.0159485 0.00975358 0.00892362 0.00893833 0.00898617 
0.00814128 0.00880021 0.00882225 0.0100204 0.00889899 0.00935811 0.00878659 0.0094522 0.00868182 0.00852731 0.00821867 0.00857602 0.00906295 0.0125815 0.0127276 0.0142005 0.0130256 0.0101851 0.0085433 0.00876827 0.0118596 0.0182659 0.0265917 0.0140034 0.0100564 0.00887502 0.00849256 0.00848683 0.00845843 0.0093815 0.008627 0.00950538 0.0601685 0.0254462 0.190504 0.0261309 0.0246016 0.00970425 0.0159739 0.0145746 0.113103 0.173417 0.0180928 0.0496192 0.00847545 0.00362774 0.00358374 0.00355017 0 0.00355434 0.0035683 0.00382576 0.010106 0.0191557 0.0966681 0.0195119 0.0137319 0.0142516 0.0136854 0.0113675 0.0119301 0.00905758 0.00949046 0.00875988 
0.00818813 0.0084286 0.00889019 0.00872674 0.00886384 0.00873248 0.00855163 0.00851983 0.00859689 0.00833526 0.00816633 0.00848386 0.00908777 0.00987966 0.0104353 0.0100246 0.00979174 0.00942682 0.00860932 0.00884514 0.0102331 0.0131019 0.0124763 0.0139914 0.00936508 0.0084009 0.00900382 0.00859449 0.00881862 0.00980428 0.00877943 0.0149408 0.0141249 0.0470235 0.0221814 0.032206 0.0213089 0.0124961 0.0106073 0.0476043 0.0224648 0.0208506 0.188157 0.0230885 0.0134294 0.0036833 0.00359709 0.00358217 0.00355434 0 0.0035912 0.00492874 0.014232 0.0166484 0.0381511 0.0892963 0.0119272 0.0111614 0.0133965 0.0203154 0.0095748 0.00938877 0.0100742 0.00919674 
0.00911927 0.00909506 0.00869211 0.00848617 0.00835283 0.00832707 0.00829379 0.00827368 0.00831584 0.00817484 0.00827361 0.00949035 0.00877652 0.00884721 0.00881541 0.00879798 0.00874455 0.00859158 0.00862324 0.0103929 0.00919884 0.00918717 0.00925928 0.00904285 0.00936888 0.0100107 0.00837632 0.0086949 0.0103637 0.00858508 0.00855912 0.0164915 0.0218666 0.0102788 0.013043 0.010712 0.0134447 0.0150332 0.0356757 0.0107986 0.0132321 0.0132342 0.0199897 0.106772 0.0195862 0.00461973 0.00370389 0.00358233 0.0035683 0.0035912 0 0.0277112 0.0208276 0.0311484 0.0155659 0.0187917 0.0629513 0.0271551 0.0101755 0.0101286 0.0160257 0.0130088 0.0139583 0.0116226 
0.00969356 0.0086994 0.00820287 0.00812723 0.00819479 0.0081931 0.00807428 0.00813494 0.00810376 0.00806572 0.00841175 0.00889515 0.00819211 0.00826846 0.00820909 0.00832334 0.00825616 0.00822483 0.00868917 0.0102238 0.0085685 0.00845083 0.00852423 0.00853018 0.00905468 0.00995249 0.00818674 0.0089713 0.00976282 0.00866942 0.008985 0.0157116 0.0118626 0.00905664 0.00918035 0.00902932 0.0095762 0.0142612 0.0165035 0.0113376 0.00980398 0.00949144 0.0107185 0.0154772 0.104287 0.006216 0.00442387 0.00382482 0.00382576 0.00492874 0.0277112 0 0.107041 0.0133658 0.0103161 0.0132859 0.0203947 0.0154163 0.00925943 0.00925514 0.015444 0.0449964 0.0218335 0.0211628 
0.0102514 0.00860729 0.00820038 0.00810081 0.00812157 0.00814913 0.00809033 0.00809031 0.00808653 0.00810469 0.00873206 0.00869386 0.00814479 0.0081613 0.00817991 0.00826028 0.00825268 0.0084263 0.00906104 0.00913331 0.00832578 0.00830681 0.00836923 0.00839339 0.00926749 0.00904059 0.0081705 0.00968953 0.00945126 0.00821745 0.00908637 0.011327 0.00894191 0.00866766 0.00878592 0.00854701 0.0090904 0.0130671 0.0158932 0.00996362 0.00906887 0.00895509 0.0107972 0.0152293 0.200412 0.0233142 0.0117976 0.00979523 0.010106 0.014232 0.0208276 0.107041 0 0.0150195 0.00668091 0.00615662 0.00942195 0.0111264 0.00915129 0.0109866 0.0199654 0.0672317 0.0193837 0.0355583 
0.00865368 0.00840395 0.00826155 0.00832276 0.00828984 0.00827155 0.00830192 0.00821886 0.00823718 0.00819807 0.00845837 0.00830109 0.00830958 0.00863263 0.00868097 0.00879001 0.00875631 0.00871559 0.0089816 0.00866283 0.00865467 0.00918291 0.00907247 0.00878292 0.00971243 0.00834721 0.00813605 0.00960634 0.0089568 0.00828049 0.00898672 0.0114433 0.00964599 0.0120528 0.010489 0.0102468 0.00961682 0.0151441 0.0146225 0.0126328 0.0126433 0.0137594 0.0128597 0.0193209 0.0171035 0.018611 0.0167842 0.0269782 0.0191557 0.0166484 0.0311484 0.0133658 0.0150195 0 0.00361086 0.00371931 0.00394782 0.00887989 0.008569 0.0145492 0.354447 0.0155932 0.0113667 0.0154157 
0.00819839 0.00848027 0.00858088 0.00881254 0.00859984 0.00866594 0.00853503 0.0086166 0.00843154 0.00835447 0.00818778 0.00830922 0.00865952 0.00954949 0.00975889 0.00967495 0.00967834 0.00917685 0.00838776 0.00837766 0.00965636 0.0108369 0.0105142 0.00948614 0.00888147 0.0083348 0.00836837 0.00859798 0.00825993 0.00874188 0.0084328 0.00866195 0.0265971 0.0152952 0.0264136 0.0132428 0.0133838 0.00953146 0.0149913 0.0175674 0.0359353 0.0321747 0.0194269 0.0114034 0.0102579 0.013573 0.0371352 0.0334394 0.0966681 0.0381511 0.0155659 0.0103161 0.00668091 0.00361086 0 0.00366632 0.00357363 0.0102099 0.0137811 0.351715 0.0246913 0.0103466 0.0109756 0.0104645 
0.00824601 0.00832648 0.00877807 0.00872023 0.00860742 0.00864159 0.00865275 0.00849665 0.00844407 0.00838797 0.00812675 0.00834704 0.00879033 0.00923444 0.0092224 0.00924543 0.0094841 0.00883968 0.0083001 0.00859262 0.0094194 0.0102839 0.0101736 0.00971212 0.00860757 0.00830226 0.00854843 0.00840766 0.00886494 0.0090486 0.00831384 0.0105633 0.00976343 0.0190557 0.0128338 0.0159449 0.0130867 0.0097668 0.00979959 0.0237985 0.0186146 0.0181377 0.0422876 0.0110591 0.00977773 0.0127255 0.0213535 0.0386344 0.0195119 0.0892963 0.0187917 0.0132859 0.00615662 0.00371931 0.00366632 0 0.00357838 0.0106057 0.347587 0.0367059 0.0108503 0.0106583 0.0100906 0.00995732 
0.0086255 0.00894575 0.00841552 0.00841652 0.00824248 0.00821558 0.0082064 0.00828072 0.00817953 0.00813277 0.00817113 0.00917471 0.00830425 0.00853777 0.00854313 0.00857467 0.00859584 0.00840717 0.00853518 0.00946123 0.00874029 0.00885536 0.0094244 0.00859012 0.00936286 0.00934121 0.00827277 0.00826587 0.00884176 0.00839949 0.0082487 0.0106833 0.0112559 0.00927763 0.0113745 0.00979158 0.00981747 0.0114872 0.0282374 0.0102175 0.011652 0.0114285 0.0123245 0.0252372 0.0141446 0.0319526 0.0145432 0.0138975 0.0137319 0.0119272 0.0629513 0.0203947 0.00942195 0.00394782 0.00357363 0.00357838 0 0.460699 0.00990556 0.0103861 0.0417592 0.015942 0.0195747 0.013862 
0.00867751 0.00847217 0.00824104 0.00844185 0.00837476 0.00830556 0.00830214 0.00835714 0.00828065 0.00821653 0.00856923 0.00840788 0.00827505 0.00848951 0.0085918 0.00849345 0.00858658 0.00852292 0.00893607 0.00878025 0.00874361 0.00869994 0.00887142 0.00848916 0.0105009 0.00910578 0.00821283 0.00911981 0.0083059 0.00862684 0.00899339 0.00857207 0.0109134 0.00985565 0.00993328 0.00913578 0.00929397 0.0138509 0.012616 0.0100314 0.0106275 0.0116508 0.0109522 0.0189918 0.0142582 0.0122096 0.0114092 0.01142 0.0142516 0.0111614 0.0271551 0.0154163 0.0111264 0.00887989 0.0102099 0.0106057 0.460699 0 0.00357916 0.00361842 0.00425019 0.0151759 0.0128581 0.0175581 
