1DTHA
QNLPQRYIELVVVADHRVFMKYNSDLNTIRTRVHEIVNFINGFYRSLNIHVSLTDLEIWSNEDQINIQSASSDTLNAFAEWRETDLLNRKSHDNAQLLTAIELDEETLGLAPLGTMCDPKLSIGIVQDHSPINLLMGVTMAHELGHNLGMEHDGKDCLRGASLCIMRPGLTKGRSYEFSDDSMHYYERFLKQYKPQCILNKP
CCCCCEEEEEEEEECHHHHHHCCCCHHHHHHHHHHHHHHHHHHHHHHCEEEEEEEEEECCCCCCCCCCCCHHHHHHHHHHHHHHCHHHCCCCCEEEEEECCCECCCECEECCCCCCCCCCCCEEEEECCCCCHHHHHHHHHHHHHHHCCCCCCCCCCEECCEEECCCCCCCCCCCEECCHHHHHHHHHHHHHHCCCCCCCCC
0 0 0 0 0 0 0 0 0 0 0 0 0 0 0 0 0 0 0 0 0 0 0 0 0 0 0 0 0 0 0 0 0 0 0 0 0 0 0 0 0 0 0 0 0 0 0 0 0 0 0 0 0 0 0 0 0 0 0 0 0 0 0 0 0 0 0 0 0 0 0 0 0 0 0 0 0 0 0 0 0 0 0 0 0 0 0 0 0 0 0 0 0 0 0 0 0 0 0 0 0 0 0 0 0 0 0 0 0 0 0 0 0 0 0 0 0 0 0 0 0 0 0 0 0 0 0 0 0 0 0 0 0 0 0 0 0 0 0 0 0 0 0 0 0 0 0 0 0 0 0 0 0 0 0 0 0 0 0 0 0 0 0 0 0 0 0 0 0 0 0 0 0 0 0 0 0 0 0 0 0 0 0 0 0 0 0 0 0 0 0 0 0 0 0 0 0 0 0 0 0 0 
0 0 0 0 0 0 0 0 0 0 0 0 0 0 0 0 0 0 0 0 0 0 0 0 0 0 0 0 0 0 0 0 0 0 0 0 0 0 0 0 0 0 0 0 0 0 0 0 0 0 0 0 0 0 0 0 0 0 0 0 0 0 0 0 0 0 0 0 0 0 0 0 0 0 0 0 0 0 0 0 0 0 0 0 0 0 0 0 0 0 0 0 0 0 0 0 0 0 0 0 0 0 0 0 0 0 0 0 0 0 0 0 0 0 0 0 0 0 0 0 0 0 0 0 0 0 0 0 0 0 0 0 0 0 0 0 0 0 0 0 0 0 0 0 0 0 0 0 0 0 0 0 0 0 0 0 0 0 0 0 0 0 0 0 0 0 0 0 0 0 0 0 0 0 0 0 0 0 0 0 0 0 0 0 0 0 0 0 0 0 0 0 0 0 0 0 0 0 0 0 0 0 
0 0.00365446 0.00359643 0.00357033 0.0036152 0.0038727 0.00397067 0.00605289 0.0161435 0.143472 0.0148807 0.0136798 0.0112975 0.0104603 0.00969963 0.00923763 0.00996051 0.00978855 0.0227194 0.0107611 0.00936771 0.0100836 0.00973025 0.00988098 0.0167654 0.0100695 0.00921347 0.00869594 0.00941012 0.00883555 0.0087162 0.00885561 0.00851654 0.0100805 0.00815908 0.00847114 0.00833957 0.0082106 0.00857422 0.00816219 0.00833447 
0.00365446 0 0.00364048 0.00360993 0.00360476 0.00368128 0.00400169 0.00849463 0.00585812 0.0329281 0.272216 0.0239531 0.0276722 0.0113527 0.011939 0.0132906 0.011439 0.025923 0.00989207 0.0127881 0.0131703 0.0202846 0.0165614 0.0156538 0.00968171 0.00873905 0.00841076 0.0090866 0.00908356 0.00892901 0.0135121 0.0113049 0.0104452 0.00895334 0.00848276 0.008239 0.00852169 0.00898228 0.00880371 0.00854807 0.00846696 
0.00359643 0.00364048 0 0.00357261 0.00364933 0.00361509 0.00367293 0.00374591 0.00375837 0.0679741 0.0171027 0.309536 0.0139473 0.0384251 0.0156491 0.0112551 0.0847841 0.00944606 0.0150284 0.0102231 0.0269277 0.0183703 0.0469085 0.0143285 0.0106663 0.0089103 0.00842445 0.00893946 0.00845101 0.00986662 0.0110867 0.020436 0.0105531 0.00892362 0.00823491 0.00822209 0.00840557 0.0087414 0.00895413 0.00831821 0.00822364 
0.00357033 0.00360993 0.00357261 0 0.00355974 0.0035257 0.00368737 0.00362876 0.00365496 0.0161141 0.126753 0.0160145 0.276854 0.0162724 0.0237239 0.0544841 0.0102263 0.0422397 0.00938986 0.0154946 0.0138237 0.0813822 0.0285508 0.0195064 0.0101539 0.00826207 0.00839622 0.00876229 0.00848225 0.00890812 0.0187276 0.0163296 0.012269 0.00897337 0.00840128 0.00819822 0.00853482 0.00893719 0.00911338 0.00835835 0.00832142 
0.0036152 0.00360476 0.00364933 0.00355974 0 0.00356987 0.0036339 0.00362382 0.00362591 0.073944 0.015146 0.165288 0.0239152 0.140599 0.0280987 0.0133331 0.0724057 0.0100157 0.0160345 0.00961609 0.042957 0.0243863 0.0519346 0.0159349 0.0112602 0.00922539 0.00858668 0.00894886 0.00854734 0.0113993 0.0123067 0.0224504 0.0116351 0.00921424 0.00831151 0.00824606 0.00844709 0.00918995 0.00984499 0.00841876 0.00846189 
0.0038727 0.00368128 0.00361509 0.0035257 0.00356987 0 0.00359706 0.00363431 0.0035788 0.0332144 0.0769569 0.0271464 0.0909526 0.0313541 0.0737597 0.0755394 0.0157757 0.0266802 0.0107679 0.0157977 0.0262263 0.0700586 0.0414282 0.017431 0.010714 0.00854567 0.00849412 0.00917668 0.00866658 0.0101512 0.0173855 0.0189666 0.0131134 0.00905721 0.00841948 0.0082378 0.00856331 0.00902878 0.00937743 0.00839581 0.00838853 
0.00397067 0.00400169 0.00367293 0.00368737 0.0036339 0.00359706 0 0.00364934 0.00357079 0.047754 0.0523501 0.118412 0.0554288 0.0507574 0.0331732 0.0465253 0.113804 0.0177914 0.0167148 0.0121621 0.0428769 0.0512187 0.0646845 0.0216398 0.0117153 0.00888999 0.00879972 0.00944775 0.00886417 0.0119493 0.0168666 0.0313601 0.0144737 0.00939292 0.00841851 0.00828569 0.00867827 0.00932669 0.00967408 0.00840809 0.00860715 
0.00605289 0.00849463 0.00374591 0.00362876 0.00362382 0.00363431 0.00364934 0 0.00364877 0.0186337 0.0466818 0.0429838 0.0405447 0.020655 0.022495 0.0245482 0.0324176 0.193465 0.0190985 0.0144409 0.0195293 0.0283566 0.0276394 0.0282103 0.0137756 0.00918845 0.00942248 0.0103655 0.00991619 0.0103718 0.0159563 0.0155849 0.0162969 0.00980436 0.00851577 0.00827652 0.00864297 0.00945393 0.00936112 0.00849619 0.00855943 
0.0161435 0.00585812 0.00375837 0.00365496 0.00362591 0.0035788 0.00357079 0.00364877 0 0.0313805 0.013317 0.0251186 0.0178505 0.0168558 0.0121943 0.0134946 0.0167213 0.025968 0.182743 0.0171406 0.0126636 0.0109452 0.0108184 0.0122476 0.0193444 0.0127612 0.0195495 0.0146498 0.0111535 0.0206073 0.0101948 0.00968466 0.00993974 0.0102066 0.00894211 0.0083141 0.0099071 0.0089538 0.00891462 0.00884292 0.00851747 
0.143472 0.0329281 0.0679741 0.0161141 0.073944 0.0332144 0.047754 0.0186337 0.0313805 0 0.00390304 0.00375525 0.00374591 0.00376829 0.00415614 0.00432415 0.00653666 0.00373914 0.0506594 0.0175679 0.0197298 0.0103494 0.0125793 0.0108703 0.0262129 0.0209253 0.014666 0.00999627 0.0120941 0.0158713 0.00992428 0.0109545 0.00935733 0.0144848 0.00820918 0.0112898 0.0086203 0.00912303 0.0113025 0.00919396 0.00838136 
0.0148807 0.272216 0.0171027 0.126753 0.015146 0.0769569 0.0523501 0.0466818 0.013317 0.00390304 0 0.00359253 0.00358256 0.00354111 0.00356844 0.00407514 0.00368214 0.0307522 0.00436339 0.0199082 0.0128857 0.0337313 0.0128685 0.0182443 0.0102303 0.00853779 0.0087165 0.0097061 0.00926123 0.0087922 0.0276541 0.0114709 0.0130546 0.00923118 0.00906641 0.00816733 0.00855277 0.00870029 0.00909288 0.00828802 0.0084818 
0.0136798 0.0239531 0.309536 0.0160145 0.165288 0.0271464 0.118412 0.0429838 0.0251186 0.00375525 0.00359253 0 0.0035844 0.0036195 0.00365801 0.00362884 0.011453 0.00364699 0.00458912 0.0162348 0.0485851 0.0144628 0.0692929 0.0128011 0.0114683 0.0111206 0.00966054 0.00928608 0.00888191 0.0139319 0.0119409 0.0367265 0.0112219 0.00924138 0.0082637 0.0084239 0.00843939 0.00941205 0.00908551 0.00842622 0.00827722 
0.0112975 0.0276722 0.0139473 0.276854 0.0239152 0.0909526 0.0554288 0.0405447 0.0178505 0.00374591 0.00358256 0.0035844 0 0.0035532 0.00356715 0.00469246 0.00370381 0.00382419 0.00378792 0.0228646 0.0124014 0.0591168 0.0225451 0.0129724 0.0104483 0.00882135 0.00894218 0.00920545 0.00899437 0.00903202 0.023102 0.0176233 0.011263 0.00917669 0.00840676 0.00818596 0.00842163 0.00870249 0.00896435 0.008237 0.00823511 
0.0104603 0.0113527 0.0384251 0.0162724 0.140599 0.0313541 0.0507574 0.020655 0.0168558 0.00376829 0.00354111 0.0036195 0.0035532 0 0.00497747 0.00366394 0.00368031 0.00359461 0.00367454 0.0113003 0.0216949 0.017138 0.0233541 0.0124594 0.0100064 0.00901274 0.00887235 0.00887683 0.00863009 0.00930871 0.0104908 0.0179948 0.0105376 0.00893598 0.00822586 0.0083283 0.00828794 0.0087225 0.0087876 0.00829843 0.00821143 
0.00969963 0.011939 0.0156491 0.0237239 0.0280987 0.0737597 0.0331732 0.022495 0.0121943 0.00415614 0.00356844 0.00365801 0.00356715 0.00497747 0 0.00355539 0.0035659 0.0035533 0.00357961 0.021111 0.015517 0.016626 0.0220448 0.0112326 0.00976263 0.00876309 0.00868508 0.00878355 0.00836112 0.00894284 0.0117666 0.013402 0.00974594 0.00873053 0.00826413 0.00819143 0.00824407 0.00859533 0.00855014 0.00824569 0.00814718 
0.00923763 0.0132906 0.0112551 0.0544841 0.0133331 0.0755394 0.0465253 0.0245482 0.0134946 0.00432415 0.00407514 0.00362884 0.00469246 0.00366394 0.00355539 0 0.00349967 0.00357667 0.00355627 0.021537 0.0123569 0.0362406 0.0124753 0.0111553 0.00949656 0.00836994 0.00859307 0.00928197 0.00860738 0.00880142 0.0118947 0.0116579 0.00938979 0.00868484 0.00843242 0.00810781 0.0083346 0.00833611 0.00872796 0.00819545 0.0082052 
0.00996051 0.011439 0.0847841 0.0102263 0.0724057 0.0157757 0.113804 0.0324176 0.0167213 0.00653666 0.00368214 0.011453 0.00370381 0.00368031 0.0035659 0.00349967 0 0.0035401 0.00358116 0.011276 0.0506252 0.0114967 0.0542975 0.0127003 0.0121222 0.0142221 0.0113478 0.0112092 0.00902146 0.0124592 0.010179 0.0225157 0.0103235 0.00917438 0.00811581 0.00989208 0.00828988 0.00909286 0.00881204 0.00876364 0.00829063 
0.00978855 0.025923 0.00944606 0.0422397 0.0100157 0.0266802 0.0177914 0.193465 0.025968 0.00373914 0.0307522 0.00364699 0.00382419 0.00359461 0.0035533 0.00357667 0.0035401 0 0.00357243 0.0225715 0.010459 0.0766459 0.0242021 0.048529 0.0110819 0.00852609 0.00881954 0.00970889 0.0102844 0.00883786 0.0195238 0.0114742 0.0164872 0.00930143 0.00928305 0.0082531 0.00869146 0.00909782 0.0105964 0.00823194 0.00872404 
0.0227194 0.00989207 0.0150284 0.00938986 0.0160345 0.0107679 0.0167148 0.0190985 0.182743 0.0506594 0.00436339 0.00458912 0.00378792 0.00367454 0.00357961 0.00355627 0.00358116 0.00357243 0 0.0141272 0.0376008 0.0123254 0.0216711 0.0433255 0.0838594 0.0207868 0.016489 0.0178712 0.0115389 0.02434 0.00974155 0.0108537 0.00993269 0.0131892 0.00848586 0.00857465 0.0096356 0.00912703 0.00914565 0.00995134 0.00834455 
0.0107611 0.0127881 0.0102231 0.0154946 0.00961609 0.0157977 0.0121621 0.0144409 0.0171406 0.0175679 0.0199082 0.0162348 0.0228646 0.0113003 0.021111 0.021537 0.011276 0.0225715 0.0141272 0 0.00374831 0.00359546 0.00361552 0.0036398 0.0043195 0.00604757 0.0089979 0.00730343 0.0244908 0.0182901 0.0191449 0.0113452 0.0111648 0.0180984 0.00948582 0.00987992 0.0114053 0.00933265 0.0145613 0.0086614 0.0100555 
0.00936771 0.0131703 0.0269277 0.0138237 0.042957 0.0262263 0.0428769 0.0195293 0.0126636 0.0197298 0.0128857 0.0485851 0.0124014 0.0216949 0.015517 0.0123569 0.0506252 0.010459 0.0376008 0.00374831 0 0.00359183 0.00359418 0.00383543 0.00363568 0.0058246 0.00672291 0.0116102 0.0101527 0.12994 0.0259854 0.0351466 0.0157782 0.0135651 0.00903099 0.00983667 0.00919282 0.0177831 0.010887 0.00943669 0.00858551 
0.0100836 0.0202846 0.0183703 0.0813822 0.0243863 0.0700586 0.0512187 0.0283566 0.0109452 0.0103494 0.0337313 0.0144628 0.0591168 0.017138 0.016626 0.0362406 0.0114967 0.0766459 0.0123254 0.00359546 0.00359183 0 0.0035595 0.00359306 0.00357936 0.00431525 0.00678701 0.00715554 0.00925246 0.0124404 0.192756 0.034595 0.0317711 0.0118161 0.0087917 0.00849735 0.0102003 0.0117825 0.0142492 0.00849556 0.00912156 
0.00973025 0.0165614 0.0469085 0.0285508 0.0519346 0.0414282 0.0646845 0.0276394 0.0108184 0.0125793 0.0128685 0.0692929 0.0225451 0.0233541 0.0220448 0.0124753 0.0542975 0.0242021 0.0216711 0.00361552 0.00359418 0.0035595 0 0.0035582 0.00356956 0.00395616 0.00645687 0.00836409 0.00865179 0.0173683 0.0223049 0.304321 0.0275313 0.0165142 0.00863988 0.00878692 0.00937111 0.0139171 0.0121985 0.00867944 0.00878346 
0.00988098 0.0156538 0.0143285 0.0195064 0.0159349 0.017431 0.0216398 0.0282103 0.0122476 0.0108703 0.0182443 0.0128011 0.0129724 0.0124594 0.0112326 0.0111553 0.0127003 0.048529 0.0433255 0.0036398 0.00383543 0.00359306 0.0035582 0 0.0036848 0.0146249 0.0101295 0.00984444 0.0326908 0.0139566 0.0304716 0.0230142 0.220669 0.0163773 0.0103986 0.00885572 0.00988635 0.0218108 0.0133187 0.00947106 0.0101261 
0.0167654 0.00968171 0.0106663 0.0101539 0.0112602 0.010714 0.0117153 0.0137756 0.0193444 0.0262129 0.0102303 0.0114683 0.0104483 0.0100064 0.00976263 0.00949656 0.0121222 0.0110819 0.0838594 0.0043195 0.00363568 0.00357936 0.00356956 0.0036848 0 0.0230649 0.0102183 0.0223035 0.0177343 0.0299817 0.0135945 0.0154166 0.0217007 0.131102 0.0112619 0.010191 0.0141667 0.0110127 0.020897 0.0110435 0.0103298 
0.0100695 0.00873905 0.0089103 0.00826207 0.00922539 0.00854567 0.00888999 0.00918845 0.0127612 0.0209253 0.00853779 0.0111206 0.00882135 0.00901274 0.00876309 0.00836994 0.0142221 0.00852609 0.0207868 0.00604757 0.0058246 0.00431525 0.00395616 0.0146249 0.0230649 0 0.830026 0.00658134 0.0417358 0.0209527 0.0108425 0.00869553 0.0111987 0.0146908 0.0150732 0.0201779 0.011021 0.009409 0.0107896 0.0134069 0.00993819 
0.00921347 0.00841076 0.00842445 0.00839622 0.00858668 0.00849412 0.00879972 0.00942248 0.0195495 0.014666 0.0087165 0.00966054 0.00894218 0.00887235 0.00868508 0.00859307 0.0113478 0.00881954 0.016489 0.0089979 0.00672291 0.00678701 0.00645687 0.0101295 0.0102183 0.830026 0 0.0154111 0.00440586 0.0417491 0.0110461 0.0108341 0.00965946 0.0190871 0.0111027 0.0137734 0.0112194 0.00938997 0.0126394 0.0107634 0.0102849 
0.00869594 0.0090866 0.00893946 0.00876229 0.00894886 0.00917668 0.00944775 0.0103655 0.0146498 0.00999627 0.0097061 0.00928608 0.00920545 0.00887683 0.00878355 0.00928197 0.0112092 0.00970889 0.0178712 0.00730343 0.0116102 0.00715554 0.00836409 0.00984444 0.0223035 0.00658134 0.0154111 0 0.00625857 0.0138909 0.0228551 0.0185819 0.0624707 0.0156665 0.0101743 0.0108946 0.00945385 0.0109241 0.0140132 0.00924301 0.0103337 
0.00941012 0.00908356 0.00845101 0.00848225 0.00854734 0.00866658 0.00886417 0.00991619 0.0111535 0.0120941 0.00926123 0.00888191 0.00899437 0.00863009 0.00836112 0.00860738 0.00902146 0.0102844 0.0115389 0.0244908 0.0101527 0.00925246 0.00865179 0.0326908 0.0177343 0.0417358 0.00440586 0.00625857 0 0.0278441 0.018706 0.0242846 0.0275516 0.0380266 0.0171628 0.0104107 0.0114462 0.0122028 0.0124211 0.0134524 0.0100474 
0.00883555 0.00892901 0.00986662 0.00890812 0.0113993 0.0101512 0.0119493 0.0103718 0.0206073 0.0158713 0.0087922 0.0139319 0.00903202 0.00930871 0.00894284 0.00880142 0.0124592 0.00883786 0.02434 0.0182901 0.12994 0.0124404 0.0173683 0.0139566 0.0299817 0.0209527 0.0417491 0.0138909 0.0278441 0 0.00366415 0.00369676 0.00367577 0.00398845 0.026768 0.0187613 0.0167737 0.0118892 0.0186041 0.0119804 0.0120923 
0.0087162 0.0135121 0.0110867 0.0187276 0.0123067 0.0173855 0.0168666 0.0159563 0.0101948 0.00992428 0.0276541 0.0119409 0.023102 0.0104908 0.0117666 0.0118947 0.010179 0.0195238 0.00974155 0.0191449 0.0259854 0.192756 0.0223049 0.0304716 0.0135945 0.0108425 0.0110461 0.0228551 0.018706 0.00366415 0 0.0036157 0.00362259 0.00380126 0.0282854 0.0148002 0.0110604 0.0374628 0.0126162 0.0107186 0.0107014 
0.00885561 0.0113049 0.020436 0.0163296 0.0224504 0.0189666 0.0313601 0.0155849 0.00968466 0.0109545 0.0114709 0.0367265 0.0176233 0.0179948 0.013402 0.0116579 0.0225157 0.0114742 0.0108537 0.0113452 0.0351466 0.034595 0.304321 0.0230142 0.0154166 0.00869553 0.0108341 0.0185819 0.0242846 0.00369676 0.0036157 0 0.00356716 0.00355277 0.0133772 0.0144695 0.022468 0.0165197 0.0211886 0.00913657 0.00937677 
0.00851654 0.0104452 0.0105531 0.012269 0.0116351 0.0131134 0.0144737 0.0162969 0.00993974 0.00935733 0.0130546 0.0112219 0.011263 0.0105376 0.00974594 0.00938979 0.0103235 0.0164872 0.00993269 0.0111648 0.0157782 0.0317711 0.0275313 0.220669 0.0217007 0.0111987 0.00965946 0.0624707 0.0275516 0.00367577 0.00362259 0.00356716 0 0.00366738 0.0124243 0.0165831 0.0106739 0.0746224 0.0171338 0.011174 0.0111496 
0.0100805 0.00895334 0.00892362 0.00897337 0.00921424 0.00905721 0.00939292 0.00980436 0.0102066 0.0144848 0.00923118 0.00924138 0.00917669 0.00893598 0.00873053 0.00868484 0.00917438 0.00930143 0.0131892 0.0180984 0.0135651 0.0118161 0.0165142 0.0163773 0.131102 0.0146908 0.0190871 0.0156665 0.0380266 0.00398845 0.00380126 0.00355277 0.00366738 0 0.0255874 0.0241287 0.0217512 0.0125599 0.186006 0.0123241 0.0121737 
0.00815908 0.00848276 0.00823491 0.00840128 0.00831151 0.00841948 0.00841851 0.00851577 0.00894211 0.00820918 0.00906641 0.0082637 0.00840676 0.00822586 0.00826413 0.00843242 0.00811581 0.00928305 0.00848586 0.00948582 0.00903099 0.0087917 0.00863988 0.0103986 0.0112619 0.0150732 0.0111027 0.0101743 0.0171628 0.026768 0.0282854 0.0133772 0.0124243 0.0255874 0 0.00884974 0.00465623 0.744246 0.0127349 0.0119921 0.0374072 
0.00847114 0.008239 0.00822209 0.00819822 0.00824606 0.0082378 0.00828569 0.00827652 0.0083141 0.0112898 0.00816733 0.0084239 0.00818596 0.0083283 0.00819143 0.00810781 0.00989208 0.0082531 0.00857465 0.00987992 0.00983667 0.00849735 0.00878692 0.00885572 0.010191 0.0201779 0.0137734 0.0108946 0.0104107 0.0187613 0.0148002 0.0144695 0.0165831 0.0241287 0.00884974 0 0.86913 0.00621062 0.00409257 0.040548 0.0123574 
0.00833957 0.00852169 0.00840557 0.00853482 0.00844709 0.00856331 0.00867827 0.00864297 0.0099071 0.0086203 0.00855277 0.00843939 0.00842163 0.00828794 0.00824407 0.0083346 0.00828988 0.00869146 0.0096356 0.0114053 0.00919282 0.0102003 0.00937111 0.00988635 0.0141667 0.011021 0.0112194 0.00945385 0.0114462 0.0167737 0.0110604 0.022468 0.0106739 0.0217512 0.00465623 0.86913 0 0.0039645 0.00353958 0.0100388 0.0478445 
0.0082106 0.00898228 0.0087414 0.00893719 0.00918995 0.00902878 0.00932669 0.00945393 0.0089538 0.00912303 0.00870029 0.00941205 0.00870249 0.0087225 0.00859533 0.00833611 0.00909286 0.00909782 0.00912703 0.00933265 0.0177831 0.0117825 0.0139171 0.0218108 0.0110127 0.009409 0.00938997 0.0109241 0.0122028 0.0118892 0.0374628 0.0165197 0.0746224 0.0125599 0.744246 0.00621062 0.0039645 0 0.00359078 0.301312 0.0287978 
0.00857422 0.00880371 0.00895413 0.00911338 0.00984499 0.00937743 0.00967408 0.00936112 0.00891462 0.0113025 0.00909288 0.00908551 0.00896435 0.0087876 0.00855014 0.00872796 0.00881204 0.0105964 0.00914565 0.0145613 0.010887 0.0142492 0.0121985 0.0133187 0.020897 0.0107896 0.0126394 0.0140132 0.0124211 0.0186041 0.0126162 0.0211886 0.0171338 0.186006 0.0127349 0.00409257 0.00353958 0.00359078 0 0.0177151 0.109642 
0.00816219 0.00854807 0.00831821 0.00835835 0.00841876 0.00839581 0.00840809 0.00849619 0.00884292 0.00919396 0.00828802 0.00842622 0.008237 0.00829843 0.00824569 0.00819545 0.00876364 0.00823194 0.00995134 0.0086614 0.00943669 0.00849556 0.00867944 0.00947106 0.0110435 0.0134069 0.0107634 0.00924301 0.0134524 0.0119804 0.0107186 0.00913657 0.011174 0.0123241 0.0119921 0.040548 0.0100388 0.301312 0.0177151 0 0.0048443 
0.00833447 0.00846696 0.00822364 0.00832142 0.00846189 0.00838853 0.00860715 0.00855943 0.00851747 0.00838136 0.0084818 0.00827722 0.00823511 0.00821143 0.00814718 0.0082052 0.00829063 0.00872404 0.00834455 0.0100555 0.00858551 0.00912156 0.00878346 0.0101261 0.0103298 0.00993819 0.0102849 0.0103337 0.0100474 0.0120923 0.0107014 0.00937677 0.0111496 0.0121737 0.0374072 0.0123574 0.0478445 0.0287978 0.109642 0.0048443 0 
