1E3VB
NLPTAQEVQGLMARYIELVDVGDIEAIVQMYADDATVEDPFGQPPIHGREQIAAFYRQGLGGGKVRACLTGPVRASHNGCGAMPFRVEMVWNGQPCALDVIDVMRFDEHGRIQTMQAYWSEVNLSVREP
CCCCHHHHHHHHHHHHHHHHHCCHHHHHHCEEEEEEEECCCCCCCEECHHHHHHHHHHHCCCCCCEEEECCCCEECCCCEEEEEEEEEEEECCEEEEEEEEEEEEECCCCCEEEEEEECCHHHEECCCC
0 0 0 0 0 0 0 0 0 0 0 0 0 0 0 0 0 0 0 0 0 0 0 0 0 0 0 0 0 0 0 0 0 0 0 0 0 0 0 0 0 0 0 0 0 0 0 0 0 0 0 0 0 0 0 0 0 0 0 0 0 0 0 0 0 0 0 0 0 0 0 0 0 0 0 0 0 0 0 0 0 0 0 0 0 0 0 0 0 0 0 0 0 0 0 0 0 0 0 0 0 0 0 0 0 0 0 0 0 0 0 0 0 0 0 0 0 0 0 0 0 0 0 0 0 0 0 0 0 
0 0 0 0 0 0 0 0 0 0 0 0 0 0 0 0 0 0 0 0 0 0 0 0 0 0 0 0 0 0 0 0 0 0 0 0 0 0 0 0 0 0 0 0 0 0 0 0 0 0 0 0 0 0 0 0 0 0 0 0 0 0 0 0 0 0 0 0 0 0 0 0 0 0 0 0 0 0 0 0 0 0 0 0 0 0 0 0 0 0 0 0 0 0 0 0 0 0 0 0 0 0 0 0 0 0 0 0 0 0 0 0 0 0 0 0 0 0 0 0 0 0 0 0 0 0 0 0 0 
0 0.00373711 0.00380746 0.00360918 0.0037008 0.00464083 0.00368458 0.011109 0.00728568 0.0361043 0.0249684 0.00985553 0.013963 0.0153485 0.0134689 0.0139973 0.01059 0.00935268 0.0110738 0.00940009 0.0100917 0.00931207 0.0107165 0.00883756 0.00981089 0.00867155 0.00873664 0.0126469 0.00855731 0.00866103 0.00931376 0.00985433 0.00976368 0.0100964 0.0100441 0.00974678 0.0102523 0.00991383 0.00892804 0.0100345 0.0112223 0.00884641 0.00838934 0.00872072 0.00843772 0.00946759 0.00893435 0.0145288 0.00835604 0.00953079 
0.00373711 0 0.00360804 0.00356478 0.00366526 0.00360461 0.0179446 0.0037834 0.0191468 0.00607823 0.00930918 0.0371311 0.00985667 0.0102694 0.0101201 0.0111907 0.0088101 0.013005 0.0111656 0.0116692 0.00957974 0.0160674 0.00899706 0.0159489 0.00871483 0.00916041 0.0103298 0.00893519 0.0082812 0.00894061 0.00975828 0.0105259 0.0133488 0.0108786 0.0134919 0.0144194 0.0104508 0.0112229 0.013846 0.00912944 0.0092716 0.00919162 0.00878564 0.00850122 0.00982228 0.00886167 0.0162179 0.00870315 0.00863328 0.00817792 
0.00380746 0.00360804 0 0.00360537 0.00356347 0.00364763 0.00355717 0.00353509 0.00582292 0.00563561 0.0093881 0.0092367 0.00970332 0.00841753 0.00882117 0.0085934 0.0086088 0.00942572 0.0144099 0.0124722 0.0125848 0.0106197 0.012948 0.00914109 0.0101902 0.0102023 0.00851686 0.00830803 0.00816909 0.00847521 0.00935836 0.0128871 0.0123624 0.0177013 0.0136506 0.0150334 0.0166793 0.0147738 0.0108115 0.00939341 0.00843629 0.00837128 0.0084108 0.00955213 0.0088335 0.0120094 0.0098871 0.00857477 0.00816761 0.00805853 
0.00360918 0.00356478 0.00360537 0 0.00347373 0.00357877 0.00355241 0.00358068 0.00534342 0.00546725 0.0114725 0.00878079 0.011623 0.00833899 0.00932717 0.00861497 0.00895862 0.00942428 0.0147118 0.0120627 0.0145613 0.009338 0.0172503 0.00865582 0.0154962 0.00884479 0.0086945 0.00820921 0.00833945 0.00839632 0.00917848 0.0144002 0.0110011 0.016799 0.0138432 0.0129468 0.0175763 0.0142098 0.00977229 0.0102512 0.00829918 0.00841477 0.00866181 0.00944375 0.00889606 0.0115078 0.00893427 0.00881208 0.00809492 0.00813782 
0.0037008 0.00366526 0.00356347 0.00347373 0 0.00357182 0.0035855 0.00363057 0.00784716 0.00537403 0.00897111 0.0434538 0.00865602 0.0124545 0.00901193 0.010021 0.00940557 0.0117822 0.0175333 0.0200547 0.0100821 0.0366539 0.00915825 0.0560218 0.00879383 0.0138139 0.00850403 0.00873222 0.0083352 0.00852118 0.0123123 0.0106438 0.0293685 0.0131475 0.0245455 0.0320287 0.013255 0.0160887 0.0261439 0.00876718 0.0103826 0.0100147 0.00875325 0.009468 0.0198817 0.00944109 0.0110116 0.00888122 0.00880492 0.00813101 
0.00464083 0.00360461 0.00364763 0.00357877 0.00357182 0 0.00358085 0.00357174 0.00554978 0.0566108 0.0396018 0.00904972 0.034561 0.00884307 0.0136125 0.00895934 0.0100602 0.0102035 0.0289817 0.0122697 0.0309491 0.00927294 0.067119 0.00884987 0.0333252 0.00921862 0.0102878 0.00838494 0.00861636 0.00918902 0.00952441 0.02654 0.0118349 0.0402302 0.0191447 0.0157658 0.0401095 0.0190032 0.00967043 0.0183577 0.00848791 0.00862958 0.00917951 0.0195944 0.00876956 0.0201936 0.00914888 0.00976818 0.00821925 0.00852038 
0.00368458 0.0179446 0.00355717 0.00355241 0.0035855 0.00358085 0 0.00361516 0.0603819 0.0102229 0.0096675 0.0830573 0.00920954 0.0137188 0.00991978 0.0154525 0.0100982 0.0178239 0.0116764 0.0170896 0.00933567 0.027628 0.00890856 0.0226718 0.00886443 0.0104182 0.00888969 0.00869044 0.00860705 0.00881121 0.00982742 0.0104928 0.0175174 0.0107683 0.0153988 0.0146722 0.0112539 0.0113836 0.0147027 0.00906857 0.0101355 0.010389 0.00932749 0.00862657 0.0109883 0.00889292 0.0140425 0.00904798 0.00924011 0.00824954 
0.011109 0.0037834 0.00353509 0.00358068 0.00363057 0.00357174 0.00361516 0 0.0125323 0.008215 0.0314906 0.0104729 0.015455 0.0102583 0.0183943 0.0125889 0.020905 0.00980183 0.02024 0.00992514 0.0125965 0.00941416 0.0117447 0.00905968 0.00947285 0.00883987 0.00882004 0.00873258 0.0104317 0.00890482 0.00930006 0.0105858 0.00979465 0.0114246 0.00984511 0.0102754 0.010573 0.010933 0.00925556 0.0104257 0.00912569 0.0137346 0.00867516 0.011339 0.0089426 0.00961301 0.00905038 0.0108533 0.00973002 0.00910802 
0.00728568 0.0191468 0.00582292 0.00534342 0.00784716 0.00554978 0.0603819 0.0125323 0 0.00758761 0.0103456 0.0328697 0.0107896 0.0218889 0.0126075 0.0378707 0.00952827 0.0103164 0.00944118 0.00895184 0.00876205 0.0097482 0.00866411 0.0107523 0.00860275 0.00874005 0.00851061 0.0102292 0.00838928 0.00862039 0.00883426 0.008836 0.00913867 0.00884107 0.00907345 0.00945762 0.00873609 0.00890963 0.009168 0.00872525 0.0146332 0.00957633 0.0084353 0.00824657 0.0086253 0.00843221 0.00894842 0.00957649 0.00924499 0.00926648 
0.0361043 0.00607823 0.00563561 0.00546725 0.00537403 0.0566108 0.0102229 0.008215 0.00758761 0 0.0307541 0.00983017 0.0167948 0.0128299 0.0450205 0.0137582 0.0146943 0.010315 0.00985632 0.00905141 0.0093285 0.00911487 0.0102252 0.00858699 0.00909515 0.00848221 0.00873075 0.00877765 0.00992428 0.00862974 0.00907204 0.00931009 0.0089415 0.00928996 0.00930351 0.00891701 0.00917618 0.00919286 0.0086323 0.0102729 0.00905274 0.00938049 0.00838443 0.00857651 0.00836036 0.00905795 0.00893665 0.0107256 0.0101938 0.0087253 
0.0249684 0.00930918 0.0093881 0.0114725 0.00897111 0.0396018 0.0096675 0.0314906 0.0103456 0.0307541 0 0.00361017 0.00395756 0.0037181 0.00738096 0.00900836 0.0126901 0.00781027 0.0141979 0.00875549 0.0342516 0.00889527 0.0459881 0.00794598 0.0269086 0.0083507 0.01074 0.0104489 0.00958873 0.00926323 0.00960667 0.0121582 0.00951543 0.0132982 0.0106813 0.0110018 0.0116289 0.0103907 0.00915531 0.0159569 0.0110922 0.0107636 0.00919219 0.0107123 0.00880812 0.0120929 0.00900732 0.0171675 0.00886089 0.0104544 
0.00985553 0.0371311 0.0092367 0.00878079 0.0434538 0.00904972 0.0830573 0.0104729 0.0328697 0.00983017 0.00361017 0 0.00364477 0.00360433 0.0052702 0.0135339 0.00743575 0.0132595 0.017646 0.0145482 0.0120882 0.065384 0.00819768 0.0939401 0.0082204 0.0135106 0.00915688 0.00967115 0.00821989 0.00898674 0.0130582 0.0106456 0.0275262 0.0105361 0.0188198 0.0198642 0.0107266 0.0118849 0.0258815 0.00928094 0.0150794 0.0148876 0.00996413 0.00895049 0.020992 0.00916327 0.0237014 0.00911771 0.0109422 0.00844385 
0.013963 0.00985667 0.00970332 0.011623 0.00865602 0.034561 0.00920954 0.015455 0.0107896 0.0167948 0.00395756 0.00364477 0 0.00355239 0.00821217 0.0117558 0.0135177 0.00933194 0.0284162 0.0100812 0.0356275 0.0075462 0.085659 0.00762149 0.0260955 0.00836557 0.0369124 0.00814966 0.00855128 0.00980977 0.00899969 0.0195289 0.0094503 0.0175602 0.00999231 0.0100306 0.0154254 0.0115687 0.00895387 0.019536 0.00856782 0.00985413 0.00946666 0.0136546 0.00872307 0.0339676 0.00981479 0.0103556 0.0089625 0.00928844 
0.0153485 0.0102694 0.00841753 0.00833899 0.0124545 0.00884307 0.0137188 0.0102583 0.0218889 0.0128299 0.0037181 0.00360433 0.00355239 0 0.00982342 0.00582147 0.0123904 0.0131072 0.0117448 0.0472306 0.00754235 0.0395537 0.00733165 0.0120084 0.00775381 0.00823365 0.00785332 0.00844968 0.0104008 0.00835465 0.00932121 0.00903465 0.0100759 0.00899278 0.00985395 0.00990052 0.00913288 0.00951639 0.0101814 0.00875057 0.0113678 0.0221437 0.00911365 0.00853009 0.0114341 0.00919393 0.00959757 0.00933023 0.0131196 0.00863671 
0.0134689 0.0101201 0.00882117 0.00932717 0.00901193 0.0136125 0.00991978 0.0183943 0.0126075 0.0450205 0.00738096 0.0052702 0.00821217 0.00982342 0 0.00386329 0.0106272 0.0264546 0.191599 0.00601426 0.00630254 0.00590277 0.00938369 0.00626567 0.00807076 0.00683428 0.0082429 0.00815817 0.00884316 0.00912886 0.00871672 0.0109019 0.00961853 0.0107836 0.0103705 0.0101652 0.0107359 0.00973016 0.00903106 0.0152172 0.0122513 0.012674 0.00940033 0.011488 0.00884799 0.0101465 0.0100868 0.0180263 0.00968819 0.0142023 
0.0139973 0.0111907 0.0085934 0.00861497 0.010021 0.00895934 0.0154525 0.0125889 0.0378707 0.0137582 0.00900836 0.0135339 0.0117558 0.00582147 0.00386329 0 0.0313172 0.234033 0.00460812 0.00488012 0.00543637 0.00590359 0.00611534 0.00721785 0.00682488 0.00746407 0.00753123 0.00950494 0.0087622 0.00837701 0.00941318 0.00924756 0.0102267 0.00950219 0.0102664 0.0100693 0.00972985 0.0102285 0.0106295 0.0101793 0.0555616 0.0166132 0.00924246 0.00877696 0.00965847 0.0091518 0.0131063 0.0108062 0.023096 0.00902564 
0.01059 0.0088101 0.0086088 0.00895862 0.00940557 0.0100602 0.0100982 0.020905 0.00952827 0.0146943 0.0126901 0.00743575 0.0135177 0.0123904 0.0106272 0.0313172 0 0.00359647 0.00359208 0.00357869 0.00356945 0.00360699 0.00380915 0.00394689 0.00470806 0.0045264 0.00574528 0.0170852 0.00590747 0.00643314 0.00749378 0.00853315 0.00993478 0.0192821 0.00878524 0.00953793 0.00994318 0.00980219 0.0234835 0.525951 0.0225253 0.0106588 0.00858355 0.00905514 0.00890071 0.00972841 0.00992065 0.0502488 0.00895459 0.0123321 
0.00935268 0.013005 0.00942572 0.00942428 0.0117822 0.0102035 0.0178239 0.00980183 0.0103164 0.010315 0.00781027 0.0132595 0.00933194 0.0131072 0.0264546 0.234033 0.00359647 0 0.00359307 0.00358755 0.0035692 0.00362091 0.00367447 0.0036739 0.00385242 0.00433176 0.00601185 0.00591733 0.0053825 0.00686699 0.00758433 0.0112338 0.0229334 0.011217 0.0315184 0.0107334 0.0168549 0.0508751 0.636541 0.0147982 0.00978171 0.00931658 0.0110543 0.00965428 0.0108798 0.0111898 0.0447139 0.0105433 0.0100225 0.0087775 
0.0110738 0.0111656 0.0144099 0.0147118 0.0175333 0.0289817 0.0116764 0.02024 0.00944118 0.00985632 0.0141979 0.017646 0.0284162 0.0117448 0.191599 0.00460812 0.00359208 0.00359307 0 0.00359743 0.00356513 0.00359772 0.0036314 0.00362785 0.00369863 0.00393701 0.00520011 0.00619573 0.00555967 0.00667096 0.0102468 0.0352625 0.0143658 0.0456214 0.0213677 0.024788 0.0533666 0.771928 0.017639 0.014637 0.00927939 0.0104694 0.0100321 0.0175242 0.0134944 0.0571816 0.0180354 0.0236943 0.00880372 0.00877417 
0.00940009 0.0116692 0.0124722 0.0120627 0.0200547 0.0122697 0.0170896 0.00992514 0.00895184 0.00905141 0.00875549 0.0145482 0.0100812 0.0472306 0.00601426 0.00488012 0.00357869 0.00358755 0.00359743 0 0.00354041 0.00354695 0.00357061 0.00359716 0.00368125 0.00381211 0.00369033 0.00390104 0.00549271 0.00627847 0.012222 0.0098716 0.0227809 0.0105767 0.0177954 0.0678378 0.786464 0.0332916 0.0166634 0.00918706 0.019889 0.00888423 0.00975864 0.0110936 0.0261791 0.0124709 0.0305264 0.0106489 0.00883836 0.00849907 
0.0100917 0.00957974 0.0125848 0.0145613 0.0100821 0.0309491 0.00933567 0.0125965 0.00876205 0.0093285 0.0342516 0.0120882 0.0356275 0.00754235 0.00630254 0.00543637 0.00356945 0.0035692 0.00356513 0.00354041 0 0.00354777 0.00358276 0.00355244 0.00367575 0.00359631 0.00379562 0.00362832 0.00479489 0.0112981 0.00669637 0.015909 0.0169725 0.017595 0.0390995 0.702656 0.0268788 0.0122696 0.0092579 0.0294323 0.0081161 0.00879959 0.00931631 0.0297087 0.0091848 0.0285985 0.010264 0.0130895 0.00854355 0.00871454 
0.00931207 0.0160674 0.0106197 0.009338 0.0366539 0.00927294 0.027628 0.00941416 0.0097482 0.00911487 0.00889527 0.065384 0.0075462 0.0395537 0.00590277 0.00590359 0.00360699 0.00362091 0.00359772 0.00354695 0.00354777 0 0.00357657 0.00364329 0.0035306 0.00364802 0.00359037 0.00366842 0.0046481 0.00549661 0.00709913 0.00747041 0.0103643 0.0326147 0.835424 0.0242516 0.00908827 0.0102361 0.0280725 0.0083261 0.0159373 0.0106698 0.010621 0.0090968 0.0238497 0.0091704 0.0207143 0.0101174 0.0098343 0.00844299 
0.0107165 0.00899706 0.012948 0.0172503 0.00915825 0.067119 0.00890856 0.0117447 0.00866411 0.0102252 0.0459881 0.00819768 0.085659 0.00733165 0.00938369 0.00611534 0.00380915 0.00367447 0.0036314 0.00357061 0.00358276 0.00357657 0 0.00349238 0.00409529 0.00356164 0.00377354 0.00360731 0.00683851 0.0070176 0.00568745 0.0108969 0.0295613 0.896221 0.0246614 0.00868392 0.0153632 0.0115217 0.00862716 0.0287887 0.00776599 0.00922767 0.0100535 0.0203856 0.00856674 0.0334136 0.00938942 0.0123058 0.00866909 0.00902166 
0.00883756 0.0159489 0.00914109 0.00865582 0.0560218 0.00884987 0.0226718 0.00905968 0.0107523 0.00858699 0.00794598 0.0939401 0.00762149 0.0120084 0.00626567 0.00721785 0.00394689 0.0036739 0.00362785 0.00359716 0.00355244 0.00364329 0.00349238 0 0.00355913 0.00369352 0.00355387 0.00365563 0.00403893 0.00458298 0.00694134 0.00790412 0.952774 0.00844046 0.00969904 0.0118431 0.00711075 0.00931262 0.024884 0.00740373 0.0145837 0.0125125 0.00909306 0.00841783 0.0250341 0.00875544 0.0148537 0.00899065 0.011338 0.00841765 
0.00981089 0.00871483 0.0101902 0.0154962 0.00879383 0.0333252 0.00886443 0.00947285 0.00860275 0.00909515 0.0269086 0.0082204 0.0260955 0.00775381 0.00807076 0.00682488 0.00470806 0.00385242 0.00369863 0.00368125 0.00367575 0.0035306 0.00409529 0.00355913 0 0.00354381 0.0035919 0.00355594 0.00372465 0.00665939 0.00545364 0.947784 0.0183722 0.00967008 0.00711849 0.0082046 0.00950125 0.00874093 0.00746681 0.0134429 0.00757137 0.00881008 0.0101243 0.0215018 0.00870404 0.016326 0.0089914 0.00992832 0.00857493 0.00876061 
0.00867155 0.00916041 0.0102023 0.00884479 0.0138139 0.00921862 0.0104182 0.00883987 0.00874005 0.00848221 0.0083507 0.0135106 0.00836557 0.00823365 0.00683428 0.00746407 0.0045264 0.00433176 0.00393701 0.00381211 0.00359631 0.00364802 0.00356164 0.00369352 0.00354381 0 0.0035523 0.00355189 0.00386905 0.00901359 0.885205 0.0402384 0.00746295 0.00602243 0.00842183 0.00785476 0.00720683 0.00906271 0.0117711 0.00729276 0.00750267 0.00917015 0.00992114 0.0143179 0.0114861 0.00943857 0.0102809 0.00876258 0.00896222 0.00839147 
0.00873664 0.0103298 0.00851686 0.0086945 0.00850403 0.0102878 0.00888969 0.00882004 0.00851061 0.00873075 0.01074 0.00915688 0.0369124 0.00785332 0.0082429 0.00753123 0.00574528 0.00601185 0.00520011 0.00369033 0.00379562 0.00359037 0.00377354 0.00355387 0.0035919 0.0035523 0 0.00359414 0.006378 0.978543 0.00384849 0.00564657 0.00484801 0.00679078 0.0064991 0.00675296 0.00790756 0.0103768 0.00652373 0.00801168 0.00637188 0.00958388 0.0087928 0.00909112 0.00831215 0.00974609 0.00930699 0.00871228 0.00868054 0.00867081 
0.0126469 0.00893519 0.00830803 0.00820921 0.00873222 0.00838494 0.00869044 0.00873258 0.0102292 0.00877765 0.0104489 0.00967115 0.00814966 0.00844968 0.00815817 0.00950494 0.0170852 0.00591733 0.00619573 0.00390104 0.00362832 0.00366842 0.00360731 0.00365563 0.00355594 0.00355189 0.00359414 0 0.993742 0.00543566 0.0037164 0.00371911 0.0148886 0.00420861 0.00562562 0.00595349 0.00565861 0.00586858 0.0060881 0.00580985 0.00594816 0.0143575 0.00801507 0.00765123 0.00816518 0.00847996 0.00814196 0.00962519 0.011172 0.00861893 
0.00855731 0.0082812 0.00816909 0.00833945 0.0083352 0.00861636 0.00860705 0.0104317 0.00838928 0.00992428 0.00958873 0.00821989 0.00855128 0.0104008 0.00884316 0.0087622 0.00590747 0.0053825 0.00555967 0.00549271 0.00479489 0.0046481 0.00683851 0.00403893 0.00372465 0.00386905 0.006378 0.993742 0 0.00376398 0.00355594 0.00361114 0.00354085 0.0035413 0.00363319 0.00372628 0.00386465 0.00466403 0.00476424 0.00535075 0.00906664 0.00697947 0.00682625 0.00759229 0.00720614 0.00769559 0.00867528 0.0107975 0.00822235 0.00923734 
0.00866103 0.00894061 0.00847521 0.00839632 0.00852118 0.00918902 0.00881121 0.00890482 0.00862039 0.00862974 0.00926323 0.00898674 0.00980977 0.00835465 0.00912886 0.00837701 0.00643314 0.00686699 0.00667096 0.00627847 0.0112981 0.00549661 0.0070176 0.00458298 0.00665939 0.00901359 0.978543 0.00543566 0.00376398 0 0.00354696 0.00359985 0.00355096 0.00355081 0.00355714 0.00368653 0.00365504 0.0043262 0.0048629 0.0140986 0.00543114 0.0069324 0.00738121 0.00768971 0.00797515 0.00906516 0.00921214 0.00916372 0.00856905 0.00831457 
0.00931376 0.00975828 0.00935836 0.00917848 0.0123123 0.00952441 0.00982742 0.00930006 0.00883426 0.00907204 0.00960667 0.0130582 0.00899969 0.00932121 0.00871672 0.00941318 0.00749378 0.00758433 0.0102468 0.012222 0.00669637 0.00709913 0.00568745 0.00694134 0.00545364 0.885205 0.00384849 0.0037164 0.00355594 0.00354696 0 0.00355064 0.00359509 0.0035614 0.00360228 0.00369743 0.00369273 0.00380756 0.00459828 0.00444549 0.00533555 0.00849637 0.00772635 0.00846038 0.00985334 0.00867897 0.0104897 0.0115517 0.00877309 0.0084422 
0.00985433 0.0105259 0.0128871 0.0144002 0.0106438 0.02654 0.0104928 0.0105858 0.008836 0.00931009 0.0121582 0.0106456 0.0195289 0.00903465 0.0109019 0.00924756 0.00853315 0.0112338 0.0352625 0.0098716 0.015909 0.00747041 0.0108969 0.00790412 0.947784 0.0402384 0.00564657 0.00371911 0.00361114 0.00359985 0.00355064 0 0.00358824 0.00355668 0.0035845 0.00363938 0.0036019 0.00430728 0.00439954 0.00659332 0.00582047 0.00756925 0.00850293 0.0132887 0.00870276 0.0139573 0.0165837 0.0134769 0.00875775 0.00886838 
0.00976368 0.0133488 0.0123624 0.0110011 0.0293685 0.0118349 0.0175174 0.00979465 0.00913867 0.0089415 0.00951543 0.0275262 0.0094503 0.0100759 0.00961853 0.0102267 0.00993478 0.0229334 0.0143658 0.0227809 0.0169725 0.0103643 0.0295613 0.952774 0.0183722 0.00746295 0.00484801 0.0148886 0.00354085 0.00355096 0.00359509 0.00358824 0 0.00354498 0.00358179 0.00359526 0.00356948 0.00392912 0.00408149 0.00383821 0.0046123 0.00807332 0.00782886 0.00834444 0.0154083 0.0103631 0.0217294 0.0126261 0.0106344 0.00861767 
0.0100964 0.0108786 0.0177013 0.016799 0.0131475 0.0402302 0.0107683 0.0114246 0.00884107 0.00928996 0.0132982 0.0105361 0.0175602 0.00899278 0.0107836 0.00950219 0.0192821 0.011217 0.0456214 0.0105767 0.017595 0.0326147 0.896221 0.00844046 0.00967008 0.00602243 0.00679078 0.00420861 0.0035413 0.00355081 0.0035614 0.00355668 0.00354498 0 0.00354824 0.00355817 0.0035818 0.00356845 0.00377387 0.00394647 0.00371167 0.0075364 0.00815378 0.0162986 0.00933177 0.0254729 0.013309 0.0531236 0.00888573 0.00936229 
0.0100441 0.0134919 0.0136506 0.0138432 0.0245455 0.0191447 0.0153988 0.00984511 0.00907345 0.00930351 0.0106813 0.0188198 0.00999231 0.00985395 0.0103705 0.0102664 0.00878524 0.0315184 0.0213677 0.0177954 0.0390995 0.835424 0.0246614 0.00969904 0.00711849 0.00842183 0.0064991 0.00562562 0.00363319 0.00355714 0.00360228 0.0035845 0.00358179 0.00354824 0 0.00355271 0.0035533 0.00363406 0.00359235 0.00394801 0.00398091 0.00883995 0.00964715 0.0108696 0.0256825 0.0112931 0.0447061 0.155141 0.0172265 0.00860848 
0.00974678 0.0144194 0.0150334 0.0129468 0.0320287 0.0157658 0.0146722 0.0102754 0.00945762 0.00891701 0.0110018 0.0198642 0.0100306 0.00990052 0.0101652 0.0100693 0.00953793 0.0107334 0.024788 0.0678378 0.702656 0.0242516 0.00868392 0.0118431 0.0082046 0.00785476 0.00675296 0.00595349 0.00372628 0.00368653 0.00369743 0.00363938 0.00359526 0.00355817 0.00355271 0 0.00355175 0.00358485 0.0035684 0.00360876 0.0036643 0.0087722 0.00757151 0.0125318 0.0110726 0.0265517 0.102471 0.500601 0.00876948 0.00830325 
0.0102523 0.0104508 0.0166793 0.0175763 0.013255 0.0401095 0.0112539 0.010573 0.00873609 0.00917618 0.0116289 0.0107266 0.0154254 0.00913288 0.0107359 0.00972985 0.00994318 0.0168549 0.0533666 0.786464 0.0268788 0.00908827 0.0153632 0.00711075 0.00950125 0.00720683 0.00790756 0.00565861 0.00386465 0.00365504 0.00369273 0.0036019 0.00356948 0.0035818 0.0035533 0.00355175 0 0.00354983 0.00354458 0.00356356 0.00356935 0.00581114 0.0123079 0.0186117 0.0133891 0.131731 0.561718 0.0142826 0.00777335 0.0085152 
0.00991383 0.0112229 0.0147738 0.0142098 0.0160887 0.0190032 0.0113836 0.010933 0.00890963 0.00919286 0.0103907 0.0118849 0.0115687 0.00951639 0.00973016 0.0102285 0.00980219 0.0508751 0.771928 0.0332916 0.0122696 0.0102361 0.0115217 0.00931262 0.00874093 0.00906271 0.0103768 0.00586858 0.00466403 0.0043262 0.00380756 0.00430728 0.00392912 0.00356845 0.00363406 0.00358485 0.00354983 0 0.00357158 0.00356669 0.0035551 0.00684307 0.00945957 0.0210643 0.0666664 0.680738 0.0107763 0.0110766 0.00805945 0.00828112 
0.00892804 0.013846 0.0108115 0.00977229 0.0261439 0.00967043 0.0147027 0.00925556 0.009168 0.0086323 0.00915531 0.0258815 0.00895387 0.0101814 0.00903106 0.0106295 0.0234835 0.636541 0.017639 0.0166634 0.0092579 0.0280725 0.00862716 0.024884 0.00746681 0.0117711 0.00652373 0.0060881 0.00476424 0.0048629 0.00459828 0.00439954 0.00408149 0.00377387 0.00359235 0.0035684 0.00354458 0.00357158 0 0.0035577 0.0035584 0.0103535 0.0136192 0.0680401 0.647834 0.00758872 0.00951458 0.00815687 0.00804853 0.00773084 
0.0100345 0.00912944 0.00939341 0.0102512 0.00876718 0.0183577 0.00906857 0.0104257 0.00872525 0.0102729 0.0159569 0.00928094 0.019536 0.00875057 0.0152172 0.0101793 0.525951 0.0147982 0.014637 0.00918706 0.0294323 0.0083261 0.0287887 0.00740373 0.0134429 0.00729276 0.00801168 0.00580985 0.00535075 0.0140986 0.00444549 0.00659332 0.00383821 0.00394647 0.00394801 0.00360876 0.00356356 0.00356669 0.0035577 0 0.00358374 0.00945876 0.24658 0.55053 0.00639049 0.0124268 0.00749239 0.00977974 0.00729716 0.00959427 
0.0112223 0.0092716 0.00843629 0.00829918 0.0103826 0.00848791 0.0101355 0.00912569 0.0146332 0.00905274 0.0110922 0.0150794 0.00856782 0.0113678 0.0122513 0.0555616 0.0225253 0.00978171 0.00927939 0.019889 0.0081161 0.0159373 0.00776599 0.0145837 0.00757137 0.00750267 0.00637188 0.00594816 0.00906664 0.00543114 0.00533555 0.00582047 0.0046123 0.00371167 0.00398091 0.0036643 0.00356935 0.0035551 0.0035584 0.00358374 0 0.90224 0.0511316 0.00439863 0.00555663 0.0054684 0.00699104 0.00691782 0.0129318 0.00720389 
0.00884641 0.00919162 0.00837128 0.00841477 0.0100147 0.00862958 0.010389 0.0137346 0.00957633 0.00938049 0.0107636 0.0148876 0.00985413 0.0221437 0.012674 0.0166132 0.0106588 0.00931658 0.0104694 0.00888423 0.00879959 0.0106698 0.00922767 0.0125125 0.00881008 0.00917015 0.00958388 0.0143575 0.00697947 0.0069324 0.00849637 0.00756925 0.00807332 0.0075364 0.00883995 0.0087722 0.00581114 0.00684307 0.0103535 0.00945876 0.90224 0 0.0035837 0.0035632 0.00370114 0.00361268 0.00365457 0.00524878 0.00658251 0.00929595 
0.00838934 0.00878564 0.0084108 0.00866181 0.00875325 0.00917951 0.00932749 0.00867516 0.0084353 0.00838443 0.00919219 0.00996413 0.00946666 0.00911365 0.00940033 0.00924246 0.00858355 0.0110543 0.0100321 0.00975864 0.00931631 0.010621 0.0100535 0.00909306 0.0101243 0.00992114 0.0087928 0.00801507 0.00682625 0.00738121 0.00772635 0.00850293 0.00782886 0.00815378 0.00964715 0.00757151 0.0123079 0.00945957 0.0136192 0.24658 0.0511316 0.0035837 0 0.00359135 0.00357382 0.00358429 0.00359221 0.00362942 0.00517469 0.00578809 
0.00872072 0.00850122 0.00955213 0.00944375 0.009468 0.0195944 0.00862657 0.011339 0.00824657 0.00857651 0.0107123 0.00895049 0.0136546 0.00853009 0.011488 0.00877696 0.00905514 0.00965428 0.0175242 0.0110936 0.0297087 0.0090968 0.0203856 0.00841783 0.0215018 0.0143179 0.00909112 0.00765123 0.00759229 0.00768971 0.00846038 0.0132887 0.00834444 0.0162986 0.0108696 0.0125318 0.0186117 0.0210643 0.0680401 0.55053 0.00439863 0.0035632 0.00359135 0 0.00355834 0.00364046 0.00357108 0.00364094 0.00424001 0.00528418 
0.00843772 0.00982228 0.0088335 0.00889606 0.0198817 0.00876956 0.0109883 0.0089426 0.0086253 0.00836036 0.00880812 0.020992 0.00872307 0.0114341 0.00884799 0.00965847 0.00890071 0.0108798 0.0134944 0.0261791 0.0091848 0.0238497 0.00856674 0.0250341 0.00870404 0.0114861 0.00831215 0.00816518 0.00720614 0.00797515 0.00985334 0.00870276 0.0154083 0.00933177 0.0256825 0.0110726 0.0133891 0.0666664 0.647834 0.00639049 0.00555663 0.00370114 0.00357382 0.00355834 0 0.00356631 0.00357969 0.00356971 0.00399179 0.00484825 
0.00946759 0.00886167 0.0120094 0.0115078 0.00944109 0.0201936 0.00889292 0.00961301 0.00843221 0.00905795 0.0120929 0.00916327 0.0339676 0.00919393 0.0101465 0.0091518 0.00972841 0.0111898 0.0571816 0.0124709 0.0285985 0.0091704 0.0334136 0.00875544 0.016326 0.00943857 0.00974609 0.00847996 0.00769559 0.00906516 0.00867897 0.0139573 0.0103631 0.0254729 0.0112931 0.0265517 0.131731 0.680738 0.00758872 0.0124268 0.0054684 0.00361268 0.00358429 0.00364046 0.00356631 0 0.00355834 0.00356785 0.00366224 0.00506188 
0.00893435 0.0162179 0.0098871 0.00893427 0.0110116 0.00914888 0.0140425 0.00905038 0.00894842 0.00893665 0.00900732 0.0237014 0.00981479 0.00959757 0.0100868 0.0131063 0.00992065 0.0447139 0.0180354 0.0305264 0.010264 0.0207143 0.00938942 0.0148537 0.0089914 0.0102809 0.00930699 0.00814196 0.00867528 0.00921214 0.0104897 0.0165837 0.0217294 0.013309 0.0447061 0.102471 0.561718 0.0107763 0.00951458 0.00749239 0.00699104 0.00365457 0.00359221 0.00357108 0.00357969 0.00355834 0 0.00356159 0.00415846 0.004966 
0.0145288 0.00870315 0.00857477 0.00881208 0.00888122 0.00976818 0.00904798 0.0108533 0.00957649 0.0107256 0.0171675 0.00911771 0.0103556 0.00933023 0.0180263 0.0108062 0.0502488 0.0105433 0.0236943 0.0106489 0.0130895 0.0101174 0.0123058 0.00899065 0.00992832 0.00876258 0.00871228 0.00962519 0.0107975 0.00916372 0.0115517 0.0134769 0.0126261 0.0531236 0.155141 0.500601 0.0142826 0.0110766 0.00815687 0.00977974 0.00691782 0.00524878 0.00362942 0.00364094 0.00356971 0.00356785 0.00356159 0 0.00536682 0.00528867 
0.00835604 0.00863328 0.00816761 0.00809492 0.00880492 0.00821925 0.00924011 0.00973002 0.00924499 0.0101938 0.00886089 0.0109422 0.0089625 0.0131196 0.00968819 0.023096 0.00895459 0.0100225 0.00880372 0.00883836 0.00854355 0.0098343 0.00866909 0.011338 0.00857493 0.00896222 0.00868054 0.011172 0.00822235 0.00856905 0.00877309 0.00875775 0.0106344 0.00888573 0.0172265 0.00876948 0.00777335 0.00805945 0.00804853 0.00729716 0.0129318 0.00658251 0.00517469 0.00424001 0.00399179 0.00366224 0.00415846 0.00536682 0 0.00384091 
0.00953079 0.00817792 0.00805853 0.00813782 0.00813101 0.00852038 0.00824954 0.00910802 0.00926648 0.0087253 0.0104544 0.00844385 0.00928844 0.00863671 0.0142023 0.00902564 0.0123321 0.0087775 0.00877417 0.00849907 0.00871454 0.00844299 0.00902166 0.00841765 0.00876061 0.00839147 0.00867081 0.00861893 0.00923734 0.00831457 0.0084422 0.00886838 0.00861767 0.00936229 0.00860848 0.00830325 0.0085152 0.00828112 0.00773084 0.00959427 0.00720389 0.00929595 0.00578809 0.00528418 0.00484825 0.00506188 0.004966 0.00528867 0.00384091 0 
