1E6TA
ASNFTQFVLVDNGGTGDVTVAPSNFANGVAEWISSNSRSQAYKVTCSVRQSSAQNRKYTIKVEVPKVATQTVGGVELPVAAWRSYLNMELTIPIFATNSDCELIVKAMQGLLKDGNPIPSAIAANSGIY
CCCCCCEEEECCCCCCCEEEEEEECHHHCEEEECCCCCCCCCEEEEEEECCCCCEEEEEEEEEEEEEEEEEECCEEEEEEEEEEEEEEEEEEECCCCHHHHHHHHHHHHHHHCCCCHHHHHHHCCCCCC
0 0 0 0 0 0 0 0 0 0 0 0 0 0 0 0 0 0 0 0 0 0 0 0 0 0 0 0 0 0 0 0 0 0 0 0 0 0 0 0 0 0 0 0 0 0 0 0 0 0 0 0 0 0 0 0 0 0 0 0 0 0 0 0 0 0 0 0 0 0 0 0 0 0 0 0 0 0 0 0 0 0 0 0 0 0 0 0 0 0 0 0 0 0 0 0 0 0 0 0 0 0 0 0 0 0 0 0 0 0 0 0 0 0 0 0 0 0 0 0 0 0 0 0 0 0 0 0 0 
0 0 0 0 0 0 0 0 0 0 0 0 0 0 0 0 0 0 0 0 0 0 0 0 0 0 0 0 0 0 0 0 0 0 0 0 0 0 0 0 0 0 0 0 0 0 0 0 0 0 0 0 0 0 0 0 0 0 0 0 0 0 0 0 0 0 0 0 0 0 0 0 0 0 0 0 0 0 0 0 0 0 0 0 0 0 0 0 0 0 0 0 0 0 0 0 0 0 0 0 0 0 0 0 0 0 0 0 0 0 0 0 0 0 0 0 0 0 0 0 0 0 0 0 0 0 0 0 0 
0 0.00405418 0.00541434 0.00998023 0.0120391 0.0110648 0.109298 0.0258682 0.0409859 0.0131276 0.0290372 0.015085 0.00961715 0.0110069 0.0209046 0.0166324 0.0155269 0.0115153 0.0123194 0.00975565 0.0104549 0.0160012 0.0108995 0.00990599 0.00953456 0.01126 0.0106905 0.0135859 0.0108003 0.0143344 0.0099104 0.00890765 0.00956176 0.00926584 0.0097328 0.00916407 0.00960415 0.00891706 0.00928993 0.0109506 0.0102391 0.00919175 0.00893151 0.00909009 0.00896842 0.00892951 0.00865117 0.00889652 0.00849786 0.00832598 0.00982755 0.00840855 0.00826576 0.00854898 0.00855638 0.00947147 0.00969459 0.0108329 0.0106391 
0.00405418 0 0.00402998 0.00371158 0.00801327 0.118153 0.0279661 0.0137391 0.0118282 0.0134214 0.00703246 0.00884164 0.0194207 0.0162411 0.00988242 0.0124238 0.0154357 0.0124502 0.010092 0.0110331 0.00930459 0.0100828 0.00904617 0.0103129 0.00924917 0.00979065 0.0103944 0.0100736 0.0118048 0.0112589 0.011317 0.00934373 0.00891413 0.0093176 0.00913093 0.0091217 0.00902606 0.0085317 0.0100657 0.00869856 0.00898976 0.00890309 0.00850501 0.00871137 0.00931234 0.00978719 0.00889636 0.00867993 0.00846562 0.00842642 0.0109058 0.00832116 0.00830771 0.00839781 0.00868634 0.00877729 0.00970621 0.00966246 0.00890548 
0.00541434 0.00402998 0 0.00386112 0.0191736 0.0526671 0.0156545 0.0082576 0.00801205 0.00715594 0.00658571 0.00873142 0.0178582 0.0197935 0.00908066 0.0113331 0.0138757 0.0118989 0.0102939 0.0103953 0.00925592 0.00909636 0.00918961 0.00995831 0.00942113 0.00937949 0.0101155 0.0106183 0.0109639 0.0115884 0.0104902 0.00904083 0.00883035 0.00932297 0.00934543 0.00907895 0.00939611 0.00878292 0.00956724 0.00847375 0.00975193 0.00908528 0.00877696 0.00882321 0.00925717 0.00948075 0.00902137 0.00868293 0.00857056 0.00846975 0.00867835 0.00840576 0.00837708 0.00845008 0.00868071 0.00884092 0.00966107 0.00954687 0.00857547 
0.00998023 0.00371158 0.00386112 0 0.735038 0.0126884 0.00849623 0.00678416 0.00597075 0.0060107 0.00660184 0.0214989 0.00981 0.0106374 0.0205671 0.0168271 0.0127213 0.011 0.0116339 0.0090034 0.00868595 0.0103674 0.0142781 0.00918136 0.00944362 0.00936957 0.00951981 0.0127366 0.00962468 0.0131129 0.00927884 0.0085773 0.00860423 0.00890842 0.00893256 0.00887273 0.00909382 0.00887909 0.00868744 0.00930195 0.0194428 0.00910148 0.00856949 0.00865833 0.00956462 0.00894415 0.00860317 0.00834203 0.00849748 0.0083468 0.00851686 0.00839499 0.0082388 0.00858636 0.00898941 0.0093066 0.00948793 0.00989316 0.00903296 
0.0120391 0.00801327 0.0191736 0.735038 0 0.00361698 0.00393567 0.00363493 0.00369491 0.0039036 0.00438537 0.00714561 0.00646475 0.00859823 0.0353029 0.013508 0.0397559 0.00944744 0.0254627 0.00883736 0.0150207 0.0162764 0.0110986 0.0123868 0.00972319 0.0128351 0.00938688 0.0230582 0.00908679 0.0267074 0.00976597 0.00990997 0.0135296 0.00924393 0.0129401 0.01008 0.00950944 0.0117617 0.00977874 0.0182392 0.0171068 0.00892451 0.0117437 0.00932851 0.0136802 0.0100087 0.00962502 0.00880804 0.00999653 0.00863541 0.00926387 0.00935914 0.00835595 0.0109821 0.0083255 0.0138936 0.00859884 0.0203666 0.0107741 
0.0110648 0.118153 0.0526671 0.0126884 0.00361698 0 0.00362293 0.003759 0.003637 0.00359897 0.00411174 0.00541767 0.0105138 0.0132379 0.0103791 0.0475446 0.0092426 0.0545389 0.00891851 0.0248959 0.00901456 0.0130671 0.013351 0.0101277 0.0109638 0.00959602 0.019222 0.00891782 0.0387421 0.00932715 0.0224786 0.00999676 0.00894118 0.0150385 0.00987988 0.0109187 0.0112428 0.00923541 0.0123484 0.00945145 0.00928452 0.0160289 0.00893861 0.0115551 0.0099058 0.0111643 0.00967554 0.0102876 0.00859804 0.0100076 0.00972748 0.00869298 0.0105505 0.00833158 0.0136097 0.00854211 0.0231522 0.00867955 0.0130317 
0.109298 0.0279661 0.0156545 0.00849623 0.00393567 0.00362293 0 0.0035972 0.00367238 0.00357095 0.00358067 0.00645898 0.00767972 0.0111244 0.0203221 0.0104665 0.0533655 0.00898609 0.0600605 0.00935415 0.0132144 0.0095354 0.00928609 0.0105883 0.00988974 0.0178277 0.0100635 0.0322565 0.0091226 0.0580752 0.0101145 0.0103241 0.0143416 0.00911102 0.0131469 0.010133 0.00910281 0.0127431 0.00886423 0.00959356 0.0125114 0.00874507 0.0149054 0.00964655 0.0160543 0.0127189 0.0142887 0.00908607 0.0112957 0.00881866 0.00922367 0.0101516 0.00836573 0.0165602 0.00835145 0.0249773 0.00885543 0.0204678 0.00879475 
0.0258682 0.0137391 0.0082576 0.00678416 0.00363493 0.003759 0.0035972 0 0.00355266 0.00354527 0.00363736 0.00490424 0.00680458 0.0133346 0.0904144 0.0148837 0.00833023 0.019724 0.00928645 0.0144965 0.00825796 0.0087558 0.00884076 0.00938923 0.0100648 0.00974314 0.011777 0.00874546 0.0177146 0.00918254 0.0152784 0.00954721 0.008718 0.0112498 0.00907954 0.00915474 0.0100877 0.00869005 0.00911521 0.00836514 0.00861775 0.0099371 0.00903837 0.00991373 0.00973221 0.0106521 0.0096819 0.00916821 0.00877259 0.00877937 0.00893205 0.00837552 0.0093781 0.00824782 0.0119514 0.00857773 0.0128983 0.00857419 0.00877466 
0.0409859 0.0118282 0.00801205 0.00597075 0.00369491 0.003637 0.00367238 0.00355266 0 0.00353549 0.00354064 0.00384567 0.0101049 0.16949 0.00670726 0.0083618 0.00986044 0.00965948 0.0109615 0.00855894 0.00844616 0.0126301 0.00833612 0.00864641 0.00979263 0.00920033 0.00869986 0.00977737 0.00941048 0.0101476 0.0102025 0.00872267 0.00900409 0.00864405 0.00888958 0.0088254 0.0087736 0.00854129 0.00859759 0.00819681 0.00889322 0.00842543 0.00869795 0.00879143 0.00924667 0.00933533 0.00994239 0.00883773 0.00847256 0.00852451 0.00840877 0.00850138 0.00815067 0.00865137 0.00832864 0.0100787 0.00883302 0.00888408 0.00837504 
0.0131276 0.0134214 0.00715594 0.0060107 0.0039036 0.00359897 0.00357095 0.00354527 0.00353549 0 0.00415364 0.00372775 0.0480542 0.0119852 0.00544142 0.00868474 0.0128297 0.00845482 0.00890975 0.00870454 0.00913865 0.00821487 0.00847735 0.0197621 0.00867166 0.00878071 0.00878715 0.00912515 0.00887124 0.0109233 0.00904791 0.00884258 0.00858297 0.00856882 0.00874774 0.00862018 0.00855742 0.00842496 0.00863184 0.0082908 0.00867725 0.0087953 0.00862265 0.00870607 0.00920003 0.00925498 0.00903801 0.00847202 0.0088533 0.00839839 0.00838376 0.00826294 0.00826484 0.00827345 0.00841578 0.00861622 0.00841979 0.00902269 0.0085612 
0.0290372 0.00703246 0.00658571 0.00660184 0.00438537 0.00411174 0.00358067 0.00363736 0.00354064 0.00415364 0 0.0581424 0.0622981 0.00409633 0.00504128 0.0249384 0.00760092 0.0101425 0.00870452 0.0158303 0.00788108 0.0102681 0.0237222 0.00859338 0.00868335 0.00891572 0.00919532 0.00863839 0.012999 0.00910523 0.00978433 0.00881097 0.00837524 0.00934221 0.0087355 0.00866295 0.00901613 0.00841147 0.00861551 0.00883105 0.012414 0.00870618 0.00844744 0.00874147 0.00992503 0.00921686 0.0087105 0.00866702 0.00839093 0.00850073 0.00853819 0.00826034 0.00843688 0.00832286 0.00881199 0.00829789 0.00963661 0.00837158 0.00943371 
0.015085 0.00884164 0.00873142 0.0214989 0.00714561 0.00541767 0.00645898 0.00490424 0.00384567 0.00372775 0.0581424 0 0.00368851 0.00361324 0.00368219 0.00770007 0.0139658 0.00728203 0.620824 0.0124334 0.0237871 0.0331962 0.00828797 0.00847848 0.00868431 0.00984131 0.00962138 0.0121397 0.00920888 0.0155342 0.0100301 0.00890819 0.0102809 0.00925545 0.00989499 0.00895819 0.00903623 0.00905889 0.00895092 0.0123608 0.00991321 0.00897341 0.00904349 0.00993421 0.0105865 0.0104083 0.00926104 0.0089819 0.00903081 0.00851398 0.00871764 0.00846594 0.00842122 0.00860148 0.0084525 0.00952945 0.00879339 0.0109272 0.011546 
0.00961715 0.0194207 0.0178582 0.00981 0.00646475 0.0105138 0.00767972 0.00680458 0.0101049 0.0480542 0.0622981 0.00368851 0 0.00361181 0.00357197 0.0284535 0.00821885 0.723952 0.0121012 0.037162 0.0147163 0.0102252 0.00975581 0.0108363 0.0109749 0.0114843 0.0136 0.00940412 0.0241283 0.0126333 0.0297316 0.0135768 0.0101173 0.0161834 0.0096516 0.0105293 0.0106077 0.00923056 0.0115275 0.0089279 0.00883658 0.011516 0.00986933 0.0140963 0.0145032 0.0152233 0.0140319 0.0123785 0.00933954 0.00980604 0.0095515 0.00932921 0.00942915 0.00873503 0.0106376 0.00935371 0.0166037 0.0110247 0.0105596 
0.0110069 0.0162411 0.0197935 0.0106374 0.00859823 0.0132379 0.0111244 0.0133346 0.16949 0.0119852 0.00409633 0.00361324 0.00361181 0 0.00358366 0.0136366 0.748923 0.0131498 0.0335157 0.0107818 0.0124871 0.00899805 0.00913031 0.0119577 0.00989081 0.0110441 0.00986289 0.0118302 0.0119341 0.013637 0.0154098 0.0206085 0.0131673 0.00962806 0.010975 0.00955873 0.00932422 0.0106141 0.0105189 0.00890188 0.00928392 0.00998466 0.0107388 0.0112799 0.0159164 0.0163669 0.0123359 0.0106997 0.00957921 0.00931381 0.00929881 0.00928194 0.00905948 0.00908612 0.00916927 0.0117877 0.0102459 0.0159914 0.0109849 
0.0209046 0.00988242 0.00908066 0.0205671 0.0353029 0.0103791 0.0203221 0.0904144 0.00670726 0.00544142 0.00504128 0.00368219 0.00357197 0.00358366 0 0.666733 0.0143535 0.01316 0.0120891 0.00984065 0.00795722 0.0151237 0.0148521 0.00990105 0.00927719 0.00966901 0.00907912 0.0104145 0.0101555 0.0112163 0.0113499 0.0118513 0.00930912 0.00943062 0.00963598 0.008911 0.00908264 0.00904132 0.0088535 0.00975442 0.0171912 0.00943366 0.00905151 0.0094289 0.011502 0.0103892 0.00956639 0.00947681 0.00918844 0.00887924 0.00884761 0.00879592 0.00887769 0.00882982 0.00881039 0.00924955 0.00900038 0.0100254 0.011137 
0.0166324 0.0124238 0.0113331 0.0168271 0.013508 0.0475446 0.0104665 0.0148837 0.0083618 0.00868474 0.0249384 0.00770007 0.0284535 0.0136366 0.666733 0 0.00522424 0.00371803 0.00358395 0.00375154 0.00360481 0.0084454 0.015065 0.00688724 0.0097754 0.0120195 0.0227073 0.00835296 0.117429 0.0437058 0.348964 0.00941569 0.00900985 0.0121167 0.00994044 0.0107632 0.0114415 0.00902548 0.0149419 0.012474 0.0115775 0.0137006 0.00893499 0.012274 0.0120037 0.0113971 0.00956638 0.0107561 0.00875671 0.01011 0.00993103 0.00874245 0.0107232 0.00855388 0.0142587 0.00862006 0.0221553 0.00900749 0.0560521 
0.0155269 0.0154357 0.0138757 0.0127213 0.0397559 0.0092426 0.0533655 0.00833023 0.00986044 0.0128297 0.00760092 0.0139658 0.00821885 0.748923 0.0143535 0.00522424 0 0.00356798 0.00362296 0.00360264 0.00402819 0.00403076 0.00538542 0.00670294 0.00785103 0.0186382 0.00812233 0.140052 0.0136054 0.456435 0.00909221 0.0110001 0.0130103 0.00843091 0.01307 0.0105829 0.00869135 0.0131824 0.0102321 0.0179363 0.0122643 0.0089274 0.0183469 0.00952654 0.0186089 0.0125774 0.0165563 0.00973211 0.0135852 0.0092026 0.0109494 0.014072 0.00852966 0.0209185 0.00854774 0.0491245 0.00871151 0.104748 0.00918349 
0.0115153 0.0124502 0.0118989 0.011 0.00944744 0.0545389 0.00898609 0.019724 0.00965948 0.00845482 0.0101425 0.00728203 0.723952 0.0131498 0.01316 0.00371803 0.00356798 0 0.00359187 0.00361148 0.00357893 0.00376885 0.00632171 0.0130195 0.010347 0.00764825 0.103263 0.0230561 0.506608 0.00811828 0.025191 0.00935341 0.00817063 0.0165301 0.00940259 0.00907804 0.0147425 0.00871614 0.0134813 0.00941214 0.00899341 0.0174508 0.0091469 0.0144167 0.0123754 0.0182026 0.0132734 0.0149731 0.00906809 0.0135264 0.0113935 0.00880129 0.0210774 0.00858494 0.0594607 0.00873451 0.145815 0.00870847 0.018931 
0.0123194 0.010092 0.0102939 0.0116339 0.0254627 0.00891851 0.0600605 0.00928645 0.0109615 0.00890975 0.00870452 0.620824 0.0121012 0.0335157 0.0120891 0.00358395 0.00362296 0.00359187 0 0.00358746 0.00358975 0.00366193 0.00435489 0.00651194 0.00782346 0.0901678 0.0326229 0.506813 0.00797893 0.0363924 0.00848335 0.00921506 0.0128984 0.00838364 0.0123987 0.0100487 0.00917438 0.0145154 0.00873933 0.0092855 0.0129635 0.00888327 0.0172945 0.00950512 0.0167497 0.0131247 0.0140745 0.00947094 0.0257083 0.00907092 0.0100841 0.0122884 0.00850072 0.0237951 0.008552 0.0671312 0.0088177 0.0329144 0.00919733 
0.00975565 0.0110331 0.0103953 0.0090034 0.00883736 0.0248959 0.00935415 0.0144965 0.00855894 0.00870454 0.0158303 0.0124334 0.037162 0.0107818 0.00984065 0.00375154 0.00360264 0.00361148 0.00358746 0 0.00354492 0.00362167 0.00443648 0.00534584 0.0947472 0.0253009 0.436932 0.00693905 0.0285566 0.00716889 0.01121 0.00813151 0.0078993 0.0143549 0.00920621 0.00924229 0.0115518 0.00853311 0.0113645 0.00827011 0.00860332 0.0116422 0.0087127 0.0141024 0.0105129 0.0137268 0.0101922 0.0124941 0.00882452 0.00957635 0.00984802 0.00868468 0.0168347 0.00846927 0.0456224 0.00871801 0.0265558 0.00862738 0.0118427 
0.0104549 0.00930459 0.00925592 0.00868595 0.0150207 0.00901456 0.0132144 0.00825796 0.00844616 0.00913865 0.00788108 0.0237871 0.0147163 0.0124871 0.00795722 0.00360481 0.00402819 0.00357893 0.00358975 0.00354492 0 0.00365125 0.00462037 0.0723469 0.0200525 0.329012 0.00558191 0.00855942 0.00634401 0.0107876 0.00704912 0.00693048 0.00796778 0.00731228 0.0109481 0.00796295 0.00804971 0.00868636 0.00833706 0.00855566 0.0105316 0.00870264 0.00957181 0.00855092 0.00988767 0.00907126 0.00994022 0.00866425 0.00913982 0.00845232 0.00869373 0.010269 0.00828441 0.0185893 0.00839992 0.0127482 0.0085549 0.0175212 0.00862215 
0.0160012 0.0100828 0.00909636 0.0103674 0.0162764 0.0130671 0.0095354 0.0087558 0.0126301 0.00821487 0.0102681 0.0331962 0.0102252 0.00899805 0.0151237 0.0084454 0.00403076 0.00376885 0.00366193 0.00362167 0.00365125 0 0.107653 0.0159899 0.267053 0.00618965 0.0159906 0.00629103 0.0132661 0.00710564 0.00937059 0.00698967 0.00736608 0.00912719 0.00828815 0.00805118 0.00952618 0.00838032 0.00880235 0.00859912 0.0177467 0.0101182 0.00837539 0.00927384 0.00942013 0.00945415 0.00910604 0.00906557 0.00889278 0.00887739 0.00921624 0.00866817 0.0130329 0.00849829 0.0108951 0.0086038 0.0123795 0.00886618 0.010556 
0.0108995 0.00904617 0.00918961 0.0142781 0.0110986 0.013351 0.00928609 0.00884076 0.00833612 0.00847735 0.0237222 0.00828797 0.00975581 0.00913031 0.0148521 0.015065 0.00538542 0.00632171 0.00435489 0.00443648 0.00462037 0.107653 0 0.00917365 0.0035634 0.00363048 0.00363028 0.00396452 0.00416074 0.00378974 0.00432148 0.00419595 0.00624545 0.00574111 0.00645385 0.00601993 0.00839748 0.00658013 0.00957854 0.0113174 0.00869919 0.00836372 0.0074969 0.00918688 0.00897023 0.00871261 0.00821072 0.00916937 0.00821941 0.0085959 0.00844446 0.00815288 0.00845392 0.00824551 0.00924482 0.00848326 0.0128935 0.0103856 0.192245 
0.00990599 0.0103129 0.00995831 0.00918136 0.0123868 0.0101277 0.0105883 0.00938923 0.00864641 0.0197621 0.00859338 0.00847848 0.0108363 0.0119577 0.00990105 0.00688724 0.00670294 0.0130195 0.00651194 0.00534584 0.0723469 0.0159899 0.00917365 0 0.00354795 0.00354606 0.00357932 0.00365812 0.00369949 0.00410441 0.0037298 0.00460039 0.00510711 0.00591536 0.00602363 0.00612558 0.00644368 0.00683729 0.0139559 0.00776279 0.00815355 0.0080463 0.00868101 0.00823597 0.0102921 0.00935421 0.00886039 0.00875854 0.00989765 0.0101251 0.00876366 0.00945202 0.008487 0.00918141 0.00877827 0.0200794 0.01225 0.266243 0.0107984 
0.00953456 0.00924917 0.00942113 0.00944362 0.00972319 0.0109638 0.00988974 0.0100648 0.00979263 0.00867166 0.00868335 0.00868431 0.0109749 0.00989081 0.00927719 0.0097754 0.00785103 0.010347 0.00782346 0.0947472 0.0200525 0.267053 0.0035634 0.00354795 0 0.00370457 0.00360159 0.00362638 0.00455387 0.00381061 0.00831127 0.00453696 0.00556373 0.0110005 0.00709782 0.00629492 0.00825832 0.00808274 0.00786835 0.00795452 0.0081145 0.00830072 0.00799452 0.0100073 0.00947218 0.0100426 0.00908444 0.010622 0.00998279 0.00860122 0.00911323 0.00920009 0.00898838 0.00859008 0.0135319 0.0289526 0.315792 0.009961 0.0103198 
0.01126 0.00979065 0.00937949 0.00936957 0.0128351 0.00959602 0.0178277 0.00974314 0.00920033 0.00878071 0.00891572 0.00984131 0.0114843 0.0110441 0.00966901 0.0120195 0.0186382 0.00764825 0.0901678 0.0253009 0.329012 0.00618965 0.00363048 0.00354606 0.00370457 0 0.00369091 0.00365734 0.00365418 0.00614109 0.00395534 0.00584394 0.0042369 0.00652982 0.0074748 0.00716916 0.00986359 0.0123696 0.00723559 0.00994678 0.00827709 0.00821717 0.00974976 0.00836422 0.0106621 0.00921959 0.0109791 0.00928801 0.00913582 0.00866398 0.0108889 0.00951507 0.00862578 0.0155 0.0233168 0.352627 0.00967368 0.0196172 0.00899474 
0.0106905 0.0103944 0.0101155 0.00951981 0.00938688 0.019222 0.0100635 0.011777 0.00869986 0.00878715 0.00919532 0.00962138 0.0136 0.00986289 0.00907912 0.0227073 0.00812233 0.103263 0.0326229 0.436932 0.00558191 0.0159906 0.00363028 0.00357932 0.00360159 0.00369091 0 0.00356031 0.00376633 0.00360928 0.0148701 0.00385618 0.00373548 0.00430935 0.00536867 0.00738565 0.00729719 0.0138371 0.0100135 0.00683046 0.00815149 0.00987707 0.00774318 0.00911526 0.00854399 0.013772 0.00884849 0.0102951 0.00848964 0.00955344 0.0224667 0.0088217 0.0214665 0.0159714 0.498464 0.00852758 0.0290488 0.00858866 0.0107868 
0.0135859 0.0100736 0.0106183 0.0127366 0.0230582 0.00891782 0.0322565 0.00874546 0.00977737 0.00912515 0.00863839 0.0121397 0.00940412 0.0118302 0.0104145 0.00835296 0.140052 0.0230561 0.506813 0.00693905 0.00855942 0.00629103 0.00396452 0.00365812 0.00362638 0.00365734 0.00356031 0 0.00617181 0.00394278 0.00375995 0.00361687 0.00445253 0.00374727 0.00490591 0.00521365 0.00478634 0.00888295 0.00664966 0.0071147 0.0127391 0.0076231 0.0106484 0.00818958 0.010595 0.00929294 0.0092126 0.00850232 0.0124709 0.00875991 0.00967841 0.0197249 0.0130597 0.466244 0.00835415 0.0322271 0.00849395 0.0284367 0.00916709 
0.0108003 0.0118048 0.0109639 0.00962468 0.00908679 0.0387421 0.0091226 0.0177146 0.00941048 0.00887124 0.012999 0.00920888 0.0241283 0.0119341 0.0101555 0.117429 0.0136054 0.506608 0.00797893 0.0285566 0.00634401 0.0132661 0.00416074 0.00369949 0.00455387 0.00365418 0.00376633 0.00617181 0 0.00352481 0.00362034 0.00360593 0.00361531 0.00428761 0.00433711 0.00404669 0.00940546 0.00492742 0.00895218 0.0078984 0.00756308 0.0116415 0.00780491 0.0111297 0.00930473 0.0100048 0.010104 0.0129095 0.0093751 0.0114052 0.0188449 0.0222401 0.520435 0.00847715 0.0266339 0.00849336 0.0415316 0.00916726 0.0132174 
0.0143344 0.0112589 0.0115884 0.0131129 0.0267074 0.00932715 0.0580752 0.00918254 0.0101476 0.0109233 0.00910523 0.0155342 0.0126333 0.013637 0.0112163 0.0437058 0.456435 0.00811828 0.0363924 0.00716889 0.0107876 0.00710564 0.00378974 0.00410441 0.00381061 0.00614109 0.00360928 0.00394278 0.00352481 0 0.00388932 0.00362814 0.00358121 0.00361375 0.00384862 0.0038326 0.00416417 0.00657846 0.0078342 0.0064774 0.0104273 0.00723427 0.0117018 0.00796203 0.0111124 0.00994214 0.0118423 0.0114228 0.0119767 0.0162214 0.0873966 0.54 0.008367 0.0320957 0.00837694 0.050859 0.00945383 0.0285995 0.00935824 
0.0099104 0.011317 0.0104902 0.00927884 0.00976597 0.0224786 0.0101145 0.0152784 0.0102025 0.00904791 0.00978433 0.0100301 0.0297316 0.0154098 0.0113499 0.348964 0.00909221 0.025191 0.00848335 0.01121 0.00704912 0.00937059 0.00432148 0.0037298 0.00831127 0.00395534 0.0148701 0.00375995 0.00362034 0.00388932 0 0.00355302 0.00355447 0.00368429 0.00357575 0.00370965 0.00555607 0.00448029 0.004764 0.00553416 0.00634242 0.0119534 0.00720105 0.00861726 0.00917122 0.0112864 0.0175025 0.0118893 0.012597 0.121268 0.463665 0.00842222 0.0389723 0.00827841 0.0182302 0.00879685 0.0228213 0.00920474 0.0111151 
0.00890765 0.00934373 0.00904083 0.0085773 0.00990997 0.00999676 0.0103241 0.00954721 0.00872267 0.00884258 0.00881097 0.00890819 0.0135768 0.0206085 0.0118513 0.00941569 0.0110001 0.00935341 0.00921506 0.00813151 0.00693048 0.00698967 0.00419595 0.00460039 0.00453696 0.00584394 0.00385618 0.00361687 0.00360593 0.00362814 0.00355302 0 0.00348181 0.00356973 0.0035226 0.00356955 0.00415591 0.00382555 0.0038289 0.00396211 0.00671351 0.00769585 0.00657966 0.00658338 0.00836595 0.0110111 0.00859011 0.031552 0.0753348 0.434498 0.00825518 0.00909322 0.00845621 0.0103693 0.00865221 0.00976907 0.0110072 0.00907566 0.00903269 
0.00956176 0.00891413 0.00883035 0.00860423 0.0135296 0.00894118 0.0143416 0.008718 0.00900409 0.00858297 0.00837524 0.0102809 0.0101173 0.0131673 0.00930912 0.00900985 0.0130103 0.00817063 0.0128984 0.0078993 0.00796778 0.00736608 0.00624545 0.00510711 0.00556373 0.0042369 0.00373548 0.00445253 0.00361531 0.00358121 0.00355447 0.00348181 0 0.003541 0.00357295 0.00356614 0.0037011 0.00470842 0.00357025 0.004879 0.00669658 0.00665899 0.0064964 0.00684836 0.0101018 0.00771931 0.0112373 0.0583253 0.463648 0.00806476 0.00924513 0.00830476 0.0081839 0.00998218 0.00831505 0.0105169 0.00852566 0.0135463 0.00852379 
0.00926584 0.0093176 0.00932297 0.00890842 0.00924393 0.0150385 0.00911102 0.0112498 0.00864405 0.00856882 0.00934221 0.00925545 0.0161834 0.00962806 0.00943062 0.0121167 0.00843091 0.0165301 0.00838364 0.0143549 0.00731228 0.00912719 0.00574111 0.00591536 0.0110005 0.00652982 0.00430935 0.00374727 0.00428761 0.00361375 0.00368429 0.00356973 0.003541 0 0.00357009 0.00361108 0.00359653 0.00365292 0.00377369 0.00374957 0.00603551 0.00679467 0.00645344 0.00733164 0.00797173 0.0123117 0.200924 0.400773 0.00778868 0.0112129 0.00863875 0.00821001 0.0111177 0.00801321 0.0114835 0.00834265 0.014777 0.00851664 0.0118615 
0.0097328 0.00913093 0.00934543 0.00893256 0.0129401 0.00987988 0.0131469 0.00907954 0.00888958 0.00874774 0.0087355 0.00989499 0.0096516 0.010975 0.00963598 0.00994044 0.01307 0.00940259 0.0123987 0.00920621 0.0109481 0.00828815 0.00645385 0.00602363 0.00709782 0.0074748 0.00536867 0.00490591 0.00433711 0.00384862 0.00357575 0.0035226 0.00357295 0.00357009 0 0.00354694 0.00356733 0.0036126 0.00358296 0.00365883 0.00675805 0.00799727 0.0058302 0.00692836 0.00930122 0.638069 0.107727 0.0140698 0.0112363 0.00795867 0.00963814 0.0107244 0.00835041 0.0109932 0.00833303 0.0135492 0.00903384 0.0137964 0.00866973 
0.00916407 0.0091217 0.00907895 0.00887273 0.01008 0.0109187 0.010133 0.00915474 0.0088254 0.00862018 0.00866295 0.00895819 0.0105293 0.00955873 0.008911 0.0107632 0.0105829 0.00907804 0.0100487 0.00924229 0.00796295 0.00805118 0.00601993 0.00612558 0.00629492 0.00716916 0.00738565 0.00521365 0.00404669 0.0038326 0.00370965 0.00356955 0.00356614 0.00361108 0.00354694 0 0.00370398 0.00360646 0.0035903 0.00361329 0.00497122 0.00534009 0.00654119 0.00755397 0.661412 0.0764516 0.0121965 0.00832324 0.00738823 0.00810588 0.00928715 0.00854085 0.00862343 0.00785752 0.00978542 0.00996335 0.00980158 0.0102237 0.00930387 
0.00960415 0.00902606 0.00939611 0.00909382 0.00950944 0.0112428 0.00910281 0.0100877 0.0087736 0.00855742 0.00901613 0.00903623 0.0106077 0.00932422 0.00908264 0.0114415 0.00869135 0.0147425 0.00917438 0.0115518 0.00804971 0.00952618 0.00839748 0.00644368 0.00825832 0.00986359 0.00729719 0.00478634 0.00940546 0.00416417 0.00555607 0.00415591 0.0037011 0.00359653 0.00356733 0.00370398 0 0.00370761 0.00366103 0.00360619 0.0041448 0.0193854 0.00645616 0.801582 0.0566994 0.0229564 0.00890547 0.00782918 0.00791275 0.014326 0.00883874 0.0100264 0.00872666 0.00810465 0.0110124 0.00890196 0.0149897 0.00876255 0.00930279 
0.00891706 0.0085317 0.00878292 0.00887909 0.0117617 0.00923541 0.0127431 0.00869005 0.00854129 0.00842496 0.00841147 0.00905889 0.00923056 0.0106141 0.00904132 0.00902548 0.0131824 0.00871614 0.0145154 0.00853311 0.00868636 0.00838032 0.00658013 0.00683729 0.00808274 0.0123696 0.0138371 0.00888295 0.00492742 0.00657846 0.00448029 0.00382555 0.00470842 0.00365292 0.0036126 0.00360646 0.00370761 0 0.00379073 0.00361968 0.00564591 0.00712201 0.815371 0.043123 0.0110385 0.0073469 0.00642416 0.00789452 0.0113834 0.00685751 0.00804598 0.00791682 0.00783131 0.00877368 0.00857105 0.0125827 0.00860946 0.011166 0.00832319 
0.00928993 0.0100657 0.00956724 0.00868744 0.00977874 0.0123484 0.00886423 0.00911521 0.00859759 0.00863184 0.00861551 0.00895092 0.0115275 0.0105189 0.0088535 0.0149419 0.0102321 0.0134813 0.00873933 0.0113645 0.00833706 0.00880235 0.00957854 0.0139559 0.00786835 0.00723559 0.0100135 0.00664966 0.00895218 0.0078342 0.004764 0.0038289 0.00357025 0.00377369 0.00358296 0.0035903 0.00366103 0.00379073 0 0.00361926 0.00543369 0.963852 0.00979189 0.0160706 0.00531255 0.00502435 0.00649612 0.00709052 0.0069685 0.0084707 0.00765015 0.00692912 0.00732161 0.00746043 0.00909486 0.0077819 0.00998246 0.00882267 0.00914912 
0.0109506 0.00869856 0.00847375 0.00930195 0.0182392 0.00945145 0.00959356 0.00836514 0.00819681 0.0082908 0.00883105 0.0123608 0.0089279 0.00890188 0.00975442 0.012474 0.0179363 0.00941214 0.0092855 0.00827011 0.00855566 0.00859912 0.0113174 0.00776279 0.00795452 0.00994678 0.00683046 0.0071147 0.0078984 0.0064774 0.00553416 0.00396211 0.004879 0.00374957 0.00365883 0.00361329 0.00360619 0.00361968 0.00361926 0 0.977689 0.00445632 0.00405203 0.00386594 0.00426915 0.00488054 0.0085658 0.00574507 0.00583831 0.00581416 0.00638789 0.00637697 0.00669802 0.00687348 0.00687693 0.00790469 0.00792013 0.00893338 0.00870648 
0.0102391 0.00898976 0.00975193 0.0194428 0.0171068 0.00928452 0.0125114 0.00861775 0.00889322 0.00867725 0.012414 0.00991321 0.00883658 0.00928392 0.0171912 0.0115775 0.0122643 0.00899341 0.0129635 0.00860332 0.0105316 0.0177467 0.00869919 0.00815355 0.0081145 0.00827709 0.00815149 0.0127391 0.00756308 0.0104273 0.00634242 0.00671351 0.00669658 0.00603551 0.00675805 0.00497122 0.0041448 0.00564591 0.00543369 0.977689 0 0.00413363 0.00359843 0.00365909 0.00366566 0.00369932 0.00399577 0.00393344 0.00432809 0.00481957 0.00601036 0.00602012 0.00588793 0.00698792 0.00765835 0.00872472 0.0210809 0.0137969 0.0170608 
0.00919175 0.00890309 0.00908528 0.00910148 0.00892451 0.0160289 0.00874507 0.0099371 0.00842543 0.0087953 0.00870618 0.00897341 0.011516 0.00998466 0.00943366 0.0137006 0.0089274 0.0174508 0.00888327 0.0116422 0.00870264 0.0101182 0.00836372 0.0080463 0.00830072 0.00821717 0.00987707 0.0076231 0.0116415 0.00723427 0.0119534 0.00769585 0.00665899 0.00679467 0.00799727 0.00534009 0.0193854 0.00712201 0.963852 0.00445632 0.00413363 0 0.00378654 0.00356758 0.00362704 0.00359562 0.00361831 0.00360895 0.00369224 0.0121019 0.006597 0.00531428 0.00644724 0.00589932 0.00830857 0.00677148 0.0144924 0.00884902 0.010207 
0.00893151 0.00850501 0.00877696 0.00856949 0.0117437 0.00893861 0.0149054 0.00903837 0.00869795 0.00862265 0.00844744 0.00904349 0.00986933 0.0107388 0.00905151 0.00893499 0.0183469 0.0091469 0.0172945 0.0087127 0.00957181 0.00837539 0.0074969 0.00868101 0.00799452 0.00974976 0.00774318 0.0106484 0.00780491 0.0117018 0.00720105 0.00657966 0.0064964 0.00645344 0.0058302 0.00654119 0.00645616 0.815371 0.00979189 0.00405203 0.00359843 0.00378654 0 0.003533 0.00359069 0.00358503 0.00380858 0.00376762 0.00635342 0.00542719 0.00420866 0.00474827 0.00500568 0.00732969 0.00560073 0.00844651 0.00695325 0.0094101 0.00743025 
0.00909009 0.00871137 0.00882321 0.00865833 0.00932851 0.0115551 0.00964655 0.00991373 0.00879143 0.00870607 0.00874147 0.00993421 0.0140963 0.0112799 0.0094289 0.012274 0.00952654 0.0144167 0.00950512 0.0141024 0.00855092 0.00927384 0.00918688 0.00823597 0.0100073 0.00836422 0.00911526 0.00818958 0.0111297 0.00796203 0.00861726 0.00658338 0.00684836 0.00733164 0.00692836 0.00755397 0.801582 0.043123 0.0160706 0.00386594 0.00365909 0.00356758 0.003533 0 0.00355606 0.00356151 0.00352485 0.00357649 0.0040284 0.00366011 0.00864084 0.0039827 0.00516376 0.0054344 0.00821447 0.00740545 0.00957701 0.00899845 0.00779724 
0.00896842 0.00931234 0.00925717 0.00956462 0.0136802 0.0099058 0.0160543 0.00973221 0.00924667 0.00920003 0.00992503 0.0105865 0.0145032 0.0159164 0.011502 0.0120037 0.0186089 0.0123754 0.0167497 0.0105129 0.00988767 0.00942013 0.00897023 0.0102921 0.00947218 0.0106621 0.00854399 0.010595 0.00930473 0.0111124 0.00917122 0.00836595 0.0101018 0.00797173 0.00930122 0.661412 0.0566994 0.0110385 0.00531255 0.00426915 0.00366566 0.00362704 0.00359069 0.00355606 0 0.00358657 0.00356448 0.00355865 0.00353229 0.0035787 0.00375591 0.00455117 0.00394629 0.00597482 0.00754644 0.00670506 0.0118415 0.00977648 0.0105219 
0.00892951 0.00978719 0.00948075 0.00894415 0.0100087 0.0111643 0.0127189 0.0106521 0.00933533 0.00925498 0.00921686 0.0104083 0.0152233 0.0163669 0.0103892 0.0113971 0.0125774 0.0182026 0.0131247 0.0137268 0.00907126 0.00945415 0.00871261 0.00935421 0.0100426 0.00921959 0.013772 0.00929294 0.0100048 0.00994214 0.0112864 0.0110111 0.00771931 0.0123117 0.638069 0.0764516 0.0229564 0.0073469 0.00502435 0.00488054 0.00369932 0.00359562 0.00358503 0.00356151 0.00358657 0 0.00355308 0.00355212 0.00373123 0.00364902 0.00413025 0.00449975 0.00529366 0.00485963 0.00939077 0.006526 0.0200653 0.00955343 0.00700649 
0.00865117 0.00889636 0.00902137 0.00860317 0.00962502 0.00967554 0.0142887 0.0096819 0.00994239 0.00903801 0.0087105 0.00926104 0.0140319 0.0123359 0.00956639 0.00956638 0.0165563 0.0132734 0.0140745 0.0101922 0.00994022 0.00910604 0.00821072 0.00886039 0.00908444 0.0109791 0.00884849 0.0092126 0.010104 0.0118423 0.0175025 0.00859011 0.0112373 0.200924 0.107727 0.0121965 0.00890547 0.00642416 0.00649612 0.0085658 0.00399577 0.00361831 0.00380858 0.00352485 0.00356448 0.00355308 0 0.00354515 0.00354892 0.00355794 0.00370032 0.0037717 0.00385011 0.00564656 0.00934408 0.00504076 0.00775951 0.0069706 0.00926407 
0.00889652 0.00867993 0.00868293 0.00834203 0.00880804 0.0102876 0.00908607 0.00916821 0.00883773 0.00847202 0.00866702 0.0089819 0.0123785 0.0106997 0.00947681 0.0107561 0.00973211 0.0149731 0.00947094 0.0124941 0.00866425 0.00906557 0.00916937 0.00875854 0.010622 0.00928801 0.0102951 0.00850232 0.0129095 0.0114228 0.0118893 0.031552 0.0583253 0.400773 0.0140698 0.00832324 0.00782918 0.00789452 0.00709052 0.00574507 0.00393344 0.00360895 0.00376762 0.00357649 0.00355865 0.00355212 0.00354515 0 0.00350754 0.00356658 0.00358541 0.00361676 0.0038832 0.00394238 0.00479156 0.00453642 0.0137705 0.00672802 0.0066222 
0.00849786 0.00846562 0.00857056 0.00849748 0.00999653 0.00859804 0.0112957 0.00877259 0.00847256 0.0088533 0.00839093 0.00903081 0.00933954 0.00957921 0.00918844 0.00875671 0.0135852 0.00906809 0.0257083 0.00882452 0.00913982 0.00889278 0.00821941 0.00989765 0.00998279 0.00913582 0.00848964 0.0124709 0.0093751 0.0119767 0.012597 0.0753348 0.463648 0.00778868 0.0112363 0.00738823 0.00791275 0.0113834 0.0069685 0.00583831 0.00432809 0.00369224 0.00635342 0.0040284 0.00353229 0.00373123 0.00354892 0.00350754 0 0.00357101 0.00360391 0.00361541 0.00361062 0.0088677 0.00924297 0.0100221 0.00463305 0.00918828 0.00488088 
0.00832598 0.00842642 0.00846975 0.0083468 0.00863541 0.0100076 0.00881866 0.00877937 0.00852451 0.00839839 0.00850073 0.00851398 0.00980604 0.00931381 0.00887924 0.01011 0.0092026 0.0135264 0.00907092 0.00957635 0.00845232 0.00887739 0.0085959 0.0101251 0.00860122 0.00866398 0.00955344 0.00875991 0.0114052 0.0162214 0.121268 0.434498 0.00806476 0.0112129 0.00795867 0.00810588 0.014326 0.00685751 0.0084707 0.00581416 0.00481957 0.0121019 0.00542719 0.00366011 0.0035787 0.00364902 0.00355794 0.00356658 0.00357101 0 0.00358972 0.00355705 0.00366026 0.00494541 0.00544884 0.00439839 0.00639077 0.00425886 0.00447351 
0.00982755 0.0109058 0.00867835 0.00851686 0.00926387 0.00972748 0.00922367 0.00893205 0.00840877 0.00838376 0.00853819 0.00871764 0.0095515 0.00929881 0.00884761 0.00993103 0.0109494 0.0113935 0.0100841 0.00984802 0.00869373 0.00921624 0.00844446 0.00876366 0.00911323 0.0108889 0.0224667 0.00967841 0.0188449 0.0873966 0.463665 0.00825518 0.00924513 0.00863875 0.00963814 0.00928715 0.00883874 0.00804598 0.00765015 0.00638789 0.00601036 0.006597 0.00420866 0.00864084 0.00375591 0.00413025 0.00370032 0.00358541 0.00360391 0.00358972 0 0.00360921 0.00359978 0.00414329 0.00389933 0.00556814 0.00430918 0.00432057 0.00572228 
0.00840855 0.00832116 0.00840576 0.00839499 0.00935914 0.00869298 0.0101516 0.00837552 0.00850138 0.00826294 0.00826034 0.00846594 0.00932921 0.00928194 0.00879592 0.00874245 0.014072 0.00880129 0.0122884 0.00868468 0.010269 0.00866817 0.00815288 0.00945202 0.00920009 0.00951507 0.0088217 0.0197249 0.0222401 0.54 0.00842222 0.00909322 0.00830476 0.00821001 0.0107244 0.00854085 0.0100264 0.00791682 0.00692912 0.00637697 0.00602012 0.00531428 0.00474827 0.0039827 0.00455117 0.00449975 0.0037717 0.00361676 0.00361541 0.00355705 0.00360921 0 0.0037077 0.00356728 0.003641 0.00362194 0.00369061 0.0040958 0.00365045 
0.00826576 0.00830771 0.00837708 0.0082388 0.00835595 0.0105505 0.00836573 0.0093781 0.00815067 0.00826484 0.00843688 0.00842122 0.00942915 0.00905948 0.00887769 0.0107232 0.00852966 0.0210774 0.00850072 0.0168347 0.00828441 0.0130329 0.00845392 0.008487 0.00898838 0.00862578 0.0214665 0.0130597 0.520435 0.008367 0.0389723 0.00845621 0.0081839 0.0111177 0.00835041 0.00862343 0.00872666 0.00783131 0.00732161 0.00669802 0.00588793 0.00644724 0.00500568 0.00516376 0.00394629 0.00529366 0.00385011 0.0038832 0.00361062 0.00366026 0.00359978 0.0037077 0 0.00353786 0.00369165 0.00359286 0.00427503 0.00362217 0.00405497 
0.00854898 0.00839781 0.00845008 0.00858636 0.0109821 0.00833158 0.0165602 0.00824782 0.00865137 0.00827345 0.00832286 0.00860148 0.00873503 0.00908612 0.00882982 0.00855388 0.0209185 0.00858494 0.0237951 0.00846927 0.0185893 0.00849829 0.00824551 0.00918141 0.00859008 0.0155 0.0159714 0.466244 0.00847715 0.0320957 0.00827841 0.0103693 0.00998218 0.00801321 0.0109932 0.00785752 0.00810465 0.00877368 0.00746043 0.00687348 0.00698792 0.00589932 0.00732969 0.0054344 0.00597482 0.00485963 0.00564656 0.00394238 0.0088677 0.00494541 0.00414329 0.00356728 0.00353786 0 0.00356589 0.00367849 0.00363941 0.00397755 0.0038478 
0.00855638 0.00868634 0.00868071 0.00898941 0.0083255 0.0136097 0.00835145 0.0119514 0.00832864 0.00841578 0.00881199 0.0084525 0.0106376 0.00916927 0.00881039 0.0142587 0.00854774 0.0594607 0.008552 0.0456224 0.00839992 0.0108951 0.00924482 0.00877827 0.0135319 0.0233168 0.498464 0.00835415 0.0266339 0.00837694 0.0182302 0.00865221 0.00831505 0.0114835 0.00833303 0.00978542 0.0110124 0.00857105 0.00909486 0.00687693 0.00765835 0.00830857 0.00560073 0.00821447 0.00754644 0.00939077 0.00934408 0.00479156 0.00924297 0.00544884 0.00389933 0.003641 0.00369165 0.00356589 0 0.00351913 0.00373283 0.00356072 0.00387092 
0.00947147 0.00877729 0.00884092 0.0093066 0.0138936 0.00854211 0.0249773 0.00857773 0.0100787 0.00861622 0.00829789 0.00952945 0.00935371 0.0117877 0.00924955 0.00862006 0.0491245 0.00873451 0.0671312 0.00871801 0.0127482 0.0086038 0.00848326 0.0200794 0.0289526 0.352627 0.00852758 0.0322271 0.00849336 0.050859 0.00879685 0.00976907 0.0105169 0.00834265 0.0135492 0.00996335 0.00890196 0.0125827 0.0077819 0.00790469 0.00872472 0.00677148 0.00844651 0.00740545 0.00670506 0.006526 0.00504076 0.00453642 0.0100221 0.00439839 0.00556814 0.00362194 0.00359286 0.00367849 0.00351913 0 0.00355339 0.00372533 0.00357985 
0.00969459 0.00970621 0.00966107 0.00948793 0.00859884 0.0231522 0.00885543 0.0128983 0.00883302 0.00841979 0.00963661 0.00879339 0.0166037 0.0102459 0.00900038 0.0221553 0.00871151 0.145815 0.0088177 0.0265558 0.0085549 0.0123795 0.0128935 0.01225 0.315792 0.00967368 0.0290488 0.00849395 0.0415316 0.00945383 0.0228213 0.0110072 0.00852566 0.014777 0.00903384 0.00980158 0.0149897 0.00860946 0.00998246 0.00792013 0.0210809 0.0144924 0.00695325 0.00957701 0.0118415 0.0200653 0.00775951 0.0137705 0.00463305 0.00639077 0.00430918 0.00369061 0.00427503 0.00363941 0.00373283 0.00355339 0 0.00355434 0.00412469 
0.0108329 0.00966246 0.00954687 0.00989316 0.0203666 0.00867955 0.0204678 0.00857419 0.00888408 0.00902269 0.00837158 0.0109272 0.0110247 0.0159914 0.0100254 0.00900749 0.104748 0.00870847 0.0329144 0.00862738 0.0175212 0.00886618 0.0103856 0.266243 0.009961 0.0196172 0.00858866 0.0284367 0.00916726 0.0285995 0.00920474 0.00907566 0.0135463 0.00851664 0.0137964 0.0102237 0.00876255 0.011166 0.00882267 0.00893338 0.0137969 0.00884902 0.0094101 0.00899845 0.00977648 0.00955343 0.0069706 0.00672802 0.00918828 0.00425886 0.00432057 0.0040958 0.00362217 0.00397755 0.00356072 0.00372533 0.00355434 0 0.00358009 
0.0106391 0.00890548 0.00857547 0.00903296 0.0107741 0.0130317 0.00879475 0.00877466 0.00837504 0.0085612 0.00943371 0.011546 0.0105596 0.0109849 0.011137 0.0560521 0.00918349 0.018931 0.00919733 0.0118427 0.00862215 0.010556 0.192245 0.0107984 0.0103198 0.00899474 0.0107868 0.00916709 0.0132174 0.00935824 0.0111151 0.00903269 0.00852379 0.0118615 0.00866973 0.00930387 0.00930279 0.00832319 0.00914912 0.00870648 0.0170608 0.010207 0.00743025 0.00779724 0.0105219 0.00700649 0.00926407 0.0066222 0.00488088 0.00447351 0.00572228 0.00365045 0.00405497 0.0038478 0.00387092 0.00357985 0.00412469 0.00358009 0 
