1E79H
QMSFTFASPTQVFFNSANVRQVDVPTQTGAFGILAAHVPTLQVLRPGLVVVHAEDGTTSKYFVSSGSVTVNADSSVQLLAEEAVTLDMLDLGAAKANLEKAQSELLGAADEATRAEIQIRIEANEALVKAL
CEEEEEECCCCEEEEEEEECEEECCECCECCEEECCCCCEEEEECCEEEEEECCCCCCEEEEECCEEEEECCCCEEEEEECCEECHHHCCHHHHHHHHHHHHHHHCCCCCHHHHHHHHHHHHHHHHHHCCC
0 0 0 0 0 0 0 0 0 0 0 0 0 0 0 0 0 0 0 0 0 0 0 0 0 0 0 0 0 0 0 0 0 0 0 0 0 0 0 0 0 0 0 0 0 0 0 0 0 0 0 0 0 0 0 0 0 0 0 0 0 0 0 0 0 0 0 0 0 0 0 0 0 0 0 0 0 0 0 0 0 0 0 0 0 0 0 0 0 0 0 0 0 0 0 0 0 0 0 0 0 0 0 0 0 0 0 0 0 0 0 0 0 0 0 0 0 0 0 0 0 0 0 0 0 0 0 0 0 0 0 
0 0 0 0 0 0 0 0 0 0 0 0 0 0 0 0 0 0 0 0 0 0 0 0 0 0 0 0 0 0 0 0 0 0 0 0 0 0 0 0 0 0 0 0 0 0 0 0 0 0 0 0 0 0 0 0 0 0 0 0 0 0 0 0 0 0 0 0 0 0 0 0 0 0 0 0 0 0 0 0 0 0 0 0 0 0 0 0 0 0 0 0 0 0 0 0 0 0 0 0 0 0 0 0 0 0 0 0 0 0 0 0 0 0 0 0 0 0 0 0 0 0 0 0 0 0 0 0 0 0 0 
0 0.00374945 0.00392491 0.00371937 0.00393701 0.0048206 0.0112306 0.00693361 0.00907195 0.00761125 0.0193184 0.0944255 0.0491238 0.347363 0.0102004 0.0353081 0.0148727 0.0138553 0.0189518 0.0119405 0.0176001 0.0191526 0.0174732 0.0264347 0.0117397 0.0139845 0.0396913 0.0287112 0.0103886 0.0193643 0.0124743 0.0245063 0.01906 0.0122013 0.00872023 0.0123165 0.0102289 0.0232116 0.013944 0.00981661 0.0148253 0.00940204 0.0405694 0.00985552 0.015491 0.00980889 0.0178829 0.0103299 0.0191033 0.00881246 0.0128418 
0.00374945 0 0.0036784 0.00368609 0.00388458 0.00366059 0.00618072 0.00795799 0.00663768 0.0303788 0.015879 0.0535998 0.239585 0.00756098 0.0159393 0.00952323 0.0320564 0.00972206 0.00895115 0.0256347 0.00956227 0.0126478 0.0269746 0.0129104 0.0470968 0.0208835 0.0116261 0.0117767 0.0595818 0.0132146 0.0679287 0.0140497 0.018324 0.00913098 0.0163883 0.0111932 0.0416731 0.00962997 0.0104516 0.0296978 0.0103316 0.0643311 0.0100419 0.0131952 0.0101167 0.0510497 0.0121439 0.0287741 0.00923156 0.00995196 0.00912631 
0.00392491 0.0036784 0 0.00367102 0.0035984 0.00359172 0.00484647 0.00630502 0.0218289 0.0358516 0.0938832 0.101534 0.00702211 0.0119834 0.00780136 0.0298806 0.00832668 0.00904513 0.00921619 0.0090074 0.0164414 0.00882569 0.0104749 0.0497028 0.0206016 0.0195422 0.0119168 0.0118915 0.0121168 0.114959 0.0199064 0.0551652 0.00962309 0.00945133 0.00943246 0.0461478 0.0137175 0.0116966 0.0112872 0.0105672 0.101858 0.0107371 0.013361 0.00898506 0.0357449 0.01402 0.107536 0.0125257 0.0117231 0.00857241 0.00959554 
0.00371937 0.00368609 0.00367102 0 0.0035657 0.00360515 0.00460689 0.00917444 0.0446893 0.16065 0.0397798 0.00675938 0.00952533 0.00748467 0.0134165 0.00835418 0.0193722 0.00899917 0.00854628 0.0157962 0.00885944 0.010692 0.0151953 0.0154891 0.12711 0.0167318 0.0106507 0.0105943 0.0320139 0.0255287 0.135426 0.0182969 0.0149746 0.00901582 0.0171654 0.0202053 0.0257848 0.0103808 0.0104176 0.0412876 0.0160384 0.0333359 0.0100023 0.0110731 0.0112883 0.135293 0.0290391 0.0250656 0.00994119 0.00895132 0.00870485 
0.00393701 0.00388458 0.0035984 0.0035657 0 0.0037035 0.00700339 0.100721 0.198217 0.0288724 0.00642457 0.00704555 0.00746687 0.00785229 0.00842133 0.0305084 0.0110937 0.0127439 0.0107525 0.0117053 0.0255108 0.0102166 0.0143076 0.0359795 0.0195984 0.0596318 0.0135267 0.0146186 0.0206326 0.0271577 0.0229254 0.109814 0.0124592 0.0105254 0.0108271 0.0140765 0.0448598 0.0181909 0.0151544 0.0162952 0.0209652 0.0261574 0.0134291 0.00998968 0.0348433 0.0177909 0.0340286 0.0364149 0.0154316 0.00963382 0.00931956 
0.0048206 0.00366059 0.00359172 0.00360515 0.0037035 0 0.253338 0.0466228 0.0127601 0.00521041 0.00492304 0.00589519 0.00690583 0.00791313 0.0110311 0.00997491 0.0214403 0.0181489 0.015658 0.0181568 0.0110491 0.0199269 0.0283939 0.0138714 0.0138614 0.0147992 0.0494977 0.0269322 0.0155388 0.0135368 0.0162818 0.0187687 0.0606606 0.0125602 0.0095019 0.010807 0.0155964 0.0370948 0.0235608 0.0133596 0.0113271 0.0147338 0.0208606 0.0263731 0.0118045 0.0116284 0.0127574 0.0171183 0.0250756 0.0141143 0.0112599 
0.0112306 0.00618072 0.00484647 0.00460689 0.00700339 0.253338 0 0.00375564 0.0036357 0.00358624 0.00357704 0.00363827 0.00396012 0.00461084 0.00742307 0.00610412 0.0117737 0.00834992 0.00951709 0.014025 0.00894265 0.0224275 0.0147873 0.0111055 0.0117919 0.0113169 0.0147689 0.0146554 0.0111802 0.0108092 0.0118991 0.0110785 0.0181258 0.0109795 0.0100794 0.0098189 0.0112759 0.0127262 0.0105416 0.00933891 0.00973358 0.0116391 0.0154228 0.0114452 0.0097437 0.0107916 0.0106146 0.00970286 0.0124309 0.00960487 0.00976334 
0.00693361 0.00795799 0.00630502 0.00917444 0.100721 0.0466228 0.00375564 0 0.00355986 0.00357757 0.00356288 0.00353569 0.00509807 0.00386164 0.00430125 0.00806692 0.00630825 0.00668323 0.00705533 0.00903242 0.0165058 0.00898559 0.0111108 0.0177064 0.0129645 0.0153063 0.0101501 0.0110581 0.0137789 0.0118113 0.0199758 0.0140266 0.0106058 0.00931841 0.0106095 0.0106285 0.016703 0.00943033 0.0096284 0.0111168 0.0106665 0.0143458 0.00971185 0.00924625 0.0112407 0.0153286 0.0124502 0.0143277 0.00927214 0.00893901 0.00894122 
0.00907195 0.00663768 0.0218289 0.0446893 0.198217 0.0127601 0.0036357 0.00355986 0 0.00354785 0.00355515 0.00390862 0.00362093 0.00379051 0.00389346 0.00611416 0.00578138 0.00711872 0.00674253 0.00862611 0.00986277 0.00880758 0.010084 0.0131926 0.0179302 0.0113094 0.0112727 0.00997832 0.0113119 0.0181846 0.0160949 0.0177254 0.0112783 0.00906865 0.00905352 0.0142436 0.0113906 0.0101297 0.00963744 0.0103253 0.0171108 0.0109133 0.00993267 0.00911718 0.011192 0.0132919 0.0255872 0.0116712 0.00972873 0.00860688 0.00887706 
0.00761125 0.0303788 0.0358516 0.16065 0.0288724 0.00521041 0.00358624 0.00357757 0.00354785 0 0.00353181 0.00358849 0.00368454 0.00358162 0.00369642 0.00417357 0.00690865 0.0054346 0.00584521 0.00806249 0.00773038 0.00831355 0.0108286 0.0103599 0.0137836 0.0112856 0.00878845 0.00917536 0.012567 0.0107374 0.0178597 0.0115278 0.00948408 0.00850366 0.00965638 0.00986813 0.0110161 0.00914124 0.00901753 0.010961 0.0102347 0.0126682 0.00900082 0.0090099 0.0092798 0.0167843 0.0133441 0.0108081 0.00918799 0.00848579 0.00843836 
0.0193184 0.015879 0.0938832 0.0397798 0.00642457 0.00492304 0.00357704 0.00356288 0.00355515 0.00353181 0 0.00357511 0.003598 0.00362081 0.00358627 0.00418022 0.00441593 0.0050679 0.00552308 0.00713544 0.0076433 0.00761676 0.00844996 0.00979654 0.00988931 0.00934284 0.00854459 0.00896886 0.00896934 0.0103056 0.0114663 0.0090689 0.00867252 0.0084916 0.00859709 0.00948922 0.00912882 0.00852017 0.0087988 0.00884184 0.00959419 0.00926484 0.00859297 0.00850396 0.00918328 0.00996016 0.00996516 0.00910615 0.00857006 0.00833355 0.00830404 
0.0944255 0.0535998 0.101534 0.00675938 0.00704555 0.00589519 0.00363827 0.00353569 0.00390862 0.00358849 0.00357511 0 0.00355269 0.0036299 0.00366045 0.00390994 0.0130174 0.00485829 0.00550113 0.00703322 0.00756048 0.00768565 0.00833374 0.010149 0.012594 0.0089679 0.00881825 0.00889457 0.00883551 0.0122628 0.00948361 0.0105807 0.00867383 0.00854164 0.00858137 0.0099556 0.00915172 0.008672 0.00871568 0.00878153 0.0129415 0.00907725 0.00927886 0.0086054 0.00964547 0.0090681 0.0131837 0.00890045 0.00867765 0.00822226 0.00844493 
0.0491238 0.239585 0.00702211 0.00952533 0.00746687 0.00690583 0.00396012 0.00509807 0.00362093 0.00368454 0.003598 0.00355269 0 0.00356831 0.00363255 0.00385741 0.00375127 0.00492847 0.00551879 0.0121946 0.00739732 0.00814758 0.0131935 0.0122871 0.013462 0.0104303 0.0085622 0.0103143 0.0175308 0.00913018 0.0159798 0.010364 0.0113557 0.00910986 0.00958834 0.00902254 0.0148408 0.00893223 0.00959903 0.0126368 0.00870795 0.0207242 0.00883257 0.0103554 0.00897472 0.0140861 0.00910168 0.0141035 0.00877473 0.00880897 0.00852311 
0.347363 0.00756098 0.0119834 0.00748467 0.00785229 0.00791313 0.00461084 0.00386164 0.00379051 0.00358162 0.00362081 0.0036299 0.00356831 0 0.00785691 0.00370353 0.00364333 0.0048731 0.00873089 0.00828495 0.00800154 0.00885986 0.0250768 0.0145446 0.00954762 0.00963587 0.0182167 0.0286088 0.00909016 0.0150777 0.00968356 0.0130449 0.00997101 0.0116096 0.00886036 0.0113369 0.00930087 0.0144668 0.0187964 0.00879244 0.0129062 0.00896819 0.017734 0.0106087 0.0138936 0.00915535 0.014506 0.00937332 0.0127572 0.00914963 0.0103134 
0.0102004 0.0159393 0.00780136 0.0134165 0.00842133 0.0110311 0.00742307 0.00430125 0.00389346 0.00369642 0.00358627 0.00366045 0.00363255 0.00785691 0 0.00364802 0.00384348 0.00393193 0.00494481 0.0154279 0.00734037 0.47655 0.0156622 0.0101177 0.0369256 0.0107299 0.0126893 0.0135072 0.0132403 0.0126106 0.0248203 0.0101004 0.0292067 0.0111234 0.00999191 0.0110051 0.0131891 0.012491 0.0110819 0.0112906 0.0101861 0.0151678 0.0112825 0.0149615 0.00977724 0.0250195 0.0118787 0.0122961 0.0106702 0.00909694 0.00899854 
0.0353081 0.00952323 0.0298806 0.00835418 0.0305084 0.00997491 0.00610412 0.00806692 0.00611416 0.00417357 0.00418022 0.00390994 0.00385741 0.00370353 0.00364802 0 0.00366844 0.00437854 0.0162322 0.00618253 0.681572 0.00762415 0.0106311 0.0807503 0.0093777 0.035846 0.0130595 0.013637 0.0153133 0.017952 0.0122852 0.110655 0.009738 0.0104355 0.0177266 0.0127464 0.0250051 0.0117285 0.0118401 0.0126735 0.0173752 0.0127448 0.0155544 0.00945491 0.0429721 0.00922026 0.0206689 0.0146596 0.0113171 0.0112421 0.0139505 
0.0148727 0.0320564 0.00832668 0.0193722 0.0110937 0.0214403 0.0117737 0.00630825 0.00578138 0.00690865 0.00441593 0.0130174 0.00375127 0.00364333 0.00384348 0.00366844 0 0.00575224 0.00489228 0.522525 0.00659537 0.0165662 0.0316649 0.00973322 0.0188094 0.0133023 0.0141516 0.0198026 0.0141212 0.0109883 0.0457819 0.0137624 0.0631144 0.0130765 0.00984467 0.0103654 0.0257803 0.0204885 0.0203033 0.0155539 0.0097967 0.0237989 0.0122428 0.0272971 0.00972033 0.0171264 0.0103181 0.0173302 0.0172573 0.0145502 0.00963196 
0.0138553 0.00972206 0.00904513 0.00899917 0.0127439 0.0181489 0.00834992 0.00668323 0.00711872 0.0054346 0.0050679 0.00485829 0.00492847 0.0048731 0.00393193 0.00437854 0.00575224 0 0.831949 0.00492963 0.0100022 0.0127406 0.010936 0.0114104 0.00834114 0.0107253 0.02506 0.0169535 0.00955453 0.0093376 0.0094361 0.0142741 0.0201557 0.0113873 0.00918804 0.00914267 0.0127081 0.0199058 0.0156137 0.00963237 0.00922123 0.0113759 0.0215951 0.0123324 0.00993631 0.00917825 0.00970366 0.0103726 0.0172606 0.0145428 0.0207952 
0.0189518 0.00895115 0.00921619 0.00854628 0.0107525 0.015658 0.00951709 0.00705533 0.00674253 0.00584521 0.00552308 0.00550113 0.00551879 0.00873089 0.00494481 0.0162322 0.00489228 0.831949 0 0.0229218 0.00839644 0.00669743 0.00754881 0.00800793 0.0068371 0.00937927 0.0138737 0.0120905 0.00869031 0.00854337 0.00852539 0.00999881 0.0160103 0.0116246 0.00924987 0.00899268 0.00994772 0.0155967 0.0136274 0.00929557 0.00904628 0.00952349 0.0214685 0.0124028 0.010769 0.00864439 0.00900772 0.00917383 0.0136701 0.013106 0.0142656 
0.0119405 0.0256347 0.0090074 0.0157962 0.0117053 0.0181568 0.014025 0.00903242 0.00862611 0.00806249 0.00713544 0.00703322 0.0121946 0.00828495 0.0154279 0.00618253 0.522525 0.00492963 0.0229218 0 0.00388213 0.00647286 0.00731664 0.00607953 0.0395846 0.0116366 0.0168803 0.00929332 0.0112092 0.0103559 0.0129922 0.0117087 0.0338508 0.0113427 0.0105621 0.00997085 0.0138923 0.0146448 0.0116188 0.01158 0.00944393 0.0176877 0.0156413 0.0168739 0.0097591 0.0148754 0.0106301 0.0122437 0.0139193 0.0120992 0.0108536 
0.0176001 0.00956227 0.0164414 0.00885944 0.0255108 0.0110491 0.00894265 0.0165058 0.00986277 0.00773038 0.0076433 0.00756048 0.00739732 0.00800154 0.00734037 0.681572 0.00659537 0.0100022 0.00839644 0.00388213 0 0.00413537 0.00578475 0.0341201 0.00712639 0.0303065 0.00808974 0.00866662 0.0102047 0.00959037 0.0110028 0.0320395 0.00961911 0.00947845 0.0108492 0.0100304 0.0160847 0.0105095 0.0104549 0.0109819 0.0112133 0.0119173 0.0122964 0.00930099 0.0259384 0.00906442 0.0120661 0.0132888 0.0102346 0.0119168 0.0106629 
0.0191526 0.0126478 0.00882569 0.010692 0.0102166 0.0199269 0.0224275 0.00898559 0.00880758 0.00831355 0.00761676 0.00768565 0.00814758 0.00885986 0.47655 0.00762415 0.0165662 0.0127406 0.00669743 0.00647286 0.00413537 0 0.0374907 0.00719453 0.0150092 0.0068287 0.00832091 0.0129948 0.00903755 0.00850372 0.0115722 0.00922821 0.0210955 0.0135773 0.0096316 0.00917128 0.0107757 0.0131763 0.0176546 0.0110895 0.00928158 0.0112669 0.0119091 0.02058 0.00966478 0.0104678 0.00968929 0.010836 0.0138396 0.015198 0.00976772 
0.0174732 0.0269746 0.0104749 0.0151953 0.0143076 0.0283939 0.0147873 0.0111108 0.010084 0.0108286 0.00844996 0.00833374 0.0131935 0.0250768 0.0156622 0.0106311 0.0316649 0.010936 0.00754881 0.00731664 0.00578475 0.0374907 0 0.00365151 0.00359026 0.00362208 0.00379614 0.00433225 0.00509012 0.00580469 0.00939501 0.0170411 0.0336686 0.0112556 0.00906606 0.00952847 0.0154486 0.022672 0.0151053 0.0130604 0.010753 0.0176017 0.100616 0.0193347 0.0139977 0.0177179 0.0131765 0.0151889 0.0249019 0.0139405 0.0178481 
0.0264347 0.0129104 0.0497028 0.0154891 0.0359795 0.0138714 0.0111055 0.0177064 0.0131926 0.0103599 0.00979654 0.010149 0.0122871 0.0145446 0.0101177 0.0807503 0.00973322 0.0114104 0.00800793 0.00607953 0.0341201 0.00719453 0.00365151 0 0.00369027 0.00363597 0.00381372 0.00448963 0.00478147 0.0132251 0.0175726 0.0445592 0.00844588 0.00907009 0.0110639 0.015227 0.0265494 0.0140705 0.0147131 0.0140762 0.0233907 0.0982963 0.0158799 0.0102537 0.0417296 0.0172939 0.0545386 0.0212089 0.0158453 0.0119323 0.0124833 
0.0117397 0.0470968 0.0206016 0.12711 0.0195984 0.0138614 0.0117919 0.0129645 0.0179302 0.0137836 0.00988931 0.012594 0.013462 0.00954762 0.0369256 0.0093777 0.0188094 0.00834114 0.0068371 0.0395846 0.00712639 0.0150092 0.00359026 0.00369027 0 0.00358234 0.00356335 0.00383876 0.00805173 0.0173053 0.045049 0.00850653 0.00820156 0.00874149 0.0112427 0.015827 0.0238404 0.0134502 0.0117927 0.0263399 0.125976 0.0296804 0.0107169 0.0128997 0.0144857 0.108049 0.0433065 0.0374688 0.0129362 0.0106345 0.0094676 
0.0139845 0.0208835 0.0195422 0.0167318 0.0596318 0.0147992 0.0113169 0.0153063 0.0113094 0.0112856 0.00934284 0.0089679 0.0104303 0.00963587 0.0107299 0.035846 0.0133023 0.0107253 0.00937927 0.0116366 0.0303065 0.0068287 0.00362208 0.00363597 0.00358234 0 0.0036221 0.00422794 0.043979 0.0283057 0.00612193 0.00934216 0.00700547 0.00830718 0.0159797 0.0113475 0.0218036 0.0149429 0.012877 0.16007 0.0153689 0.0317935 0.0133273 0.012264 0.0299035 0.0173353 0.0281446 0.0411574 0.0237972 0.0117795 0.0114669 
0.0396913 0.0116261 0.0119168 0.0106507 0.0135267 0.0494977 0.0147689 0.0101501 0.0112727 0.00878845 0.00854459 0.00881825 0.0085622 0.0182167 0.0126893 0.0130595 0.0141516 0.02506 0.0138737 0.0168803 0.00808974 0.00832091 0.00379614 0.00381372 0.00356335 0.0036221 0 0.0512921 0.00746276 0.00439036 0.00420851 0.00610967 0.00563364 0.0155774 0.00789662 0.00858726 0.0103661 0.0230583 0.0733049 0.0122945 0.0128035 0.0120178 0.0247517 0.019194 0.0135755 0.0113018 0.012742 0.0164832 0.0304863 0.0184672 0.0143439 
0.0287112 0.0117767 0.0118915 0.0105943 0.0146186 0.0269322 0.0146554 0.0110581 0.00997832 0.00917536 0.00896886 0.00889457 0.0103143 0.0286088 0.0135072 0.013637 0.0198026 0.0169535 0.0120905 0.00929332 0.00866662 0.0129948 0.00433225 0.00448963 0.00383876 0.00422794 0.0512921 0 0.00365011 0.00360316 0.00359911 0.00363443 0.00423667 0.00780999 0.00668891 0.00835535 0.0123081 0.656323 0.0134114 0.0121015 0.0110781 0.0123397 0.0435013 0.016612 0.0148576 0.0122918 0.0146806 0.0123726 0.0371002 0.0139136 0.0208073 
0.0103886 0.0595818 0.0121168 0.0320139 0.0206326 0.0155388 0.0111802 0.0137789 0.0113119 0.012567 0.00896934 0.00883551 0.0175308 0.00909016 0.0132403 0.0153133 0.0141212 0.00955453 0.00869031 0.0112092 0.0102047 0.00903755 0.00509012 0.00478147 0.00805173 0.043979 0.00746276 0.00365011 0 0.00357984 0.00359365 0.00397108 0.00370227 0.00610384 0.0127996 0.00933659 0.743312 0.0276144 0.0103177 0.0160431 0.0112109 0.052672 0.0108387 0.0134729 0.0169587 0.0334541 0.0159599 0.0447008 0.0117555 0.0135613 0.010313 
0.0193643 0.0132146 0.114959 0.0255287 0.0271577 0.0135368 0.0108092 0.0118113 0.0181846 0.0107374 0.0103056 0.0122628 0.00913018 0.0150777 0.0126106 0.017952 0.0109883 0.0093376 0.00854337 0.0103559 0.00959037 0.00850372 0.00580469 0.0132251 0.0173053 0.0283057 0.00439036 0.00360316 0.00357984 0 0.003578 0.00359726 0.00360542 0.00717194 0.00910648 0.698421 0.0308753 0.016392 0.0103204 0.0115856 0.0568024 0.0123577 0.0155134 0.00956874 0.0290031 0.0212643 0.100551 0.0154267 0.0150809 0.0094527 0.0102329 
0.0124743 0.0679287 0.0199064 0.135426 0.0229254 0.0162818 0.0118991 0.0199758 0.0160949 0.0178597 0.0114663 0.00948361 0.0159798 0.00968356 0.0248203 0.0122852 0.0457819 0.0094361 0.00852539 0.0129922 0.0110028 0.0115722 0.00939501 0.0175726 0.045049 0.00612193 0.00420851 0.00359911 0.00359365 0.003578 0 0.00357924 0.00359962 0.00586555 0.705002 0.0337314 0.0355875 0.00937557 0.0100236 0.0343552 0.0130878 0.0360358 0.0102409 0.012722 0.0123345 0.145134 0.0428441 0.0476015 0.013635 0.0112935 0.00978805 
0.0245063 0.0140497 0.0551652 0.0182969 0.109814 0.0187687 0.0110785 0.0140266 0.0177254 0.0115278 0.0090689 0.0105807 0.010364 0.0130449 0.0101004 0.110655 0.0137624 0.0142741 0.00999881 0.0117087 0.0320395 0.00922821 0.0170411 0.0445592 0.00850653 0.00934216 0.00610967 0.00363443 0.00397108 0.00359726 0.00357924 0 0.00364392 0.744001 0.012503 0.0207847 0.0181011 0.0138029 0.0195275 0.0180732 0.0222887 0.0189914 0.0160815 0.0109658 0.066562 0.0143443 0.0425845 0.0359699 0.035121 0.0127464 0.015557 
0.01906 0.018324 0.00962309 0.0149746 0.0124592 0.0606606 0.0181258 0.0106058 0.0112783 0.00948408 0.00867252 0.00867383 0.0113557 0.00997101 0.0292067 0.009738 0.0631144 0.0201557 0.0160103 0.0338508 0.00961911 0.0210955 0.0336686 0.00844588 0.00820156 0.00700547 0.00563364 0.00423667 0.00370227 0.00360542 0.00359962 0.00364392 0 0.0271095 0.0123397 0.0060132 0.00962794 0.015194 0.0185925 0.0159278 0.0101894 0.0176615 0.0162506 0.0582511 0.0106126 0.0143518 0.0113407 0.0257154 0.0409334 0.0288184 0.011794 
0.0122013 0.00913098 0.00945133 0.00901582 0.0105254 0.0125602 0.0109795 0.00931841 0.00906865 0.00850366 0.0084916 0.00854164 0.00910986 0.0116096 0.0111234 0.0104355 0.0130765 0.0113873 0.0116246 0.0113427 0.00947845 0.0135773 0.0112556 0.00907009 0.00874149 0.00830718 0.0155774 0.00780999 0.00610384 0.00717194 0.00586555 0.744001 0.0271095 0 0.00377045 0.00357801 0.00365238 0.0037859 0.00412578 0.00462423 0.00548785 0.0263162 0.0915105 0.013488 0.00815927 0.00850203 0.00926988 0.00996623 0.0192397 0.0105489 0.0122513 
0.00872023 0.0163883 0.00943246 0.0171654 0.0108271 0.0095019 0.0100794 0.0106095 0.00905352 0.00965638 0.00859709 0.00858137 0.00958834 0.00886036 0.00999191 0.0177266 0.00984467 0.00918804 0.00924987 0.0105621 0.0108492 0.0096316 0.00906606 0.0110639 0.0112427 0.0159797 0.00789662 0.00668891 0.0127996 0.00910648 0.705002 0.012503 0.0123397 0.00377045 0 0.00358582 0.00361352 0.00357451 0.00423445 0.00438221 0.00604657 0.113328 0.0181882 0.00694102 0.00814868 0.0102117 0.00934621 0.0164222 0.00933884 0.0106337 0.00932116 
0.0123165 0.0111932 0.0461478 0.0202053 0.0140765 0.010807 0.0098189 0.0106285 0.0142436 0.00986813 0.00948922 0.0099556 0.00902254 0.0113369 0.0110051 0.0127464 0.0103654 0.00914267 0.00899268 0.00997085 0.0100304 0.00917128 0.00952847 0.015227 0.015827 0.0113475 0.00858726 0.00835535 0.00933659 0.698421 0.0337314 0.0207847 0.0060132 0.00357801 0.00358582 0 0.003561 0.00358075 0.00388635 0.00498419 0.131986 0.0395811 0.00791897 0.00714475 0.00934674 0.0106546 0.0202772 0.0118585 0.0112897 0.00911517 0.00972096 
0.0102289 0.0416731 0.0137175 0.0257848 0.0448598 0.0155964 0.0112759 0.016703 0.0113906 0.0110161 0.00912882 0.00915172 0.0148408 0.00930087 0.0131891 0.0250051 0.0257803 0.0127081 0.00994772 0.0138923 0.0160847 0.0107757 0.0154486 0.0265494 0.0238404 0.0218036 0.0103661 0.0123081 0.743312 0.0308753 0.0355875 0.0181011 0.00962794 0.00365238 0.00361352 0.003561 0 0.00365333 0.00393443 0.147798 0.0393992 0.0194443 0.00623605 0.00753928 0.0112365 0.0187244 0.0134287 0.0435019 0.0161066 0.0209588 0.0610859 
0.0232116 0.00962997 0.0116966 0.0103808 0.0181909 0.0370948 0.0127262 0.00943033 0.0101297 0.00914124 0.00852017 0.008672 0.00893223 0.0144668 0.012491 0.0117285 0.0204885 0.0199058 0.0155967 0.0146448 0.0105095 0.0131763 0.022672 0.0140705 0.0134502 0.0149429 0.0230583 0.656323 0.0276144 0.016392 0.00937557 0.0138029 0.015194 0.0037859 0.00357451 0.00358075 0.00365333 0 0.0983195 0.0107886 0.0121981 0.00446893 0.00626898 0.00985938 0.0128391 0.00936545 0.0133113 0.0154991 0.0601931 0.104079 0.0188477 
0.013944 0.0104516 0.0112872 0.0104176 0.0151544 0.0235608 0.0105416 0.0096284 0.00963744 0.00901753 0.0087988 0.00871568 0.00959903 0.0187964 0.0110819 0.0118401 0.0203033 0.0156137 0.0136274 0.0116188 0.0104549 0.0176546 0.0151053 0.0147131 0.0117927 0.012877 0.0733049 0.0134114 0.0103177 0.0103204 0.0100236 0.0195275 0.0185925 0.00412578 0.00423445 0.00388635 0.00393443 0.0983195 0 0.00357134 0.00360953 0.00366831 0.00391433 0.00537078 0.00678168 0.00740978 0.0123484 0.0277117 0.924518 0.0116057 0.0220697 
0.00981661 0.0296978 0.0105672 0.0412876 0.0162952 0.0133596 0.00933891 0.0111168 0.0103253 0.010961 0.00884184 0.00878153 0.0126368 0.00879244 0.0112906 0.0126735 0.0155539 0.00963237 0.00929557 0.01158 0.0109819 0.0110895 0.0130604 0.0140762 0.0263399 0.16007 0.0122945 0.0121015 0.0160431 0.0115856 0.0343552 0.0180732 0.0159278 0.00462423 0.00438221 0.00498419 0.147798 0.0107886 0.00357134 0 0.00360401 0.00381766 0.00382969 0.00516249 0.00647404 0.0339075 0.0313013 0.933314 0.0115409 0.0174637 0.0096686 
0.0148253 0.0103316 0.101858 0.0160384 0.0209652 0.0113271 0.00973358 0.0106665 0.0171108 0.0102347 0.00959419 0.0129415 0.00870795 0.0129062 0.0101861 0.0173752 0.0097967 0.00922123 0.00904628 0.00944393 0.0112133 0.00928158 0.010753 0.0233907 0.125976 0.0153689 0.0128035 0.0110781 0.0112109 0.0568024 0.0130878 0.0222887 0.0101894 0.00548785 0.00604657 0.131986 0.0393992 0.0121981 0.00360953 0.00360401 0 0.00356515 0.00360451 0.0040648 0.0274602 0.0205088 0.954499 0.00930087 0.0122337 0.00767109 0.00961824 
0.00940204 0.0643311 0.0107371 0.0333359 0.0261574 0.0147338 0.0116391 0.0143458 0.0109133 0.0126682 0.00926484 0.00907725 0.0207242 0.00896819 0.0151678 0.0127448 0.0237989 0.0113759 0.00952349 0.0176877 0.0119173 0.0112669 0.0176017 0.0982963 0.0296804 0.0317935 0.0120178 0.0123397 0.052672 0.0123577 0.0360358 0.0189914 0.0176615 0.0263162 0.113328 0.0395811 0.0194443 0.00446893 0.00366831 0.00381766 0.00356515 0 0.00363147 0.011441 0.0333044 0.9113 0.0103326 0.0201145 0.0107388 0.0120071 0.00967658 
0.0405694 0.0100419 0.013361 0.0100023 0.0134291 0.0208606 0.0154228 0.00971185 0.00993267 0.00900082 0.00859297 0.00927886 0.00883257 0.017734 0.0112825 0.0155544 0.0122428 0.0215951 0.0214685 0.0156413 0.0122964 0.0119091 0.100616 0.0158799 0.0107169 0.0133273 0.0247517 0.0435013 0.0108387 0.0155134 0.0102409 0.0160815 0.0162506 0.0915105 0.0181882 0.00791897 0.00623605 0.00626898 0.00391433 0.00382969 0.00360451 0.00363147 0 0.0812852 0.870011 0.00547154 0.00650236 0.00769454 0.016422 0.0133847 0.0146314 
0.00985552 0.0131952 0.00898506 0.0110731 0.00998968 0.0263731 0.0114452 0.00924625 0.00911718 0.0090099 0.00850396 0.0086054 0.0103554 0.0106087 0.0149615 0.00945491 0.0272971 0.0123324 0.0124028 0.0168739 0.00930099 0.02058 0.0193347 0.0102537 0.0128997 0.012264 0.019194 0.016612 0.0134729 0.00956874 0.012722 0.0109658 0.0582511 0.013488 0.00694102 0.00714475 0.00753928 0.00985938 0.00537078 0.00516249 0.0040648 0.011441 0.0812852 0 0.00362037 0.003576 0.00362355 0.00366726 0.0040317 0.00550527 0.00683641 
0.015491 0.0101167 0.0357449 0.0112883 0.0348433 0.0118045 0.0097437 0.0112407 0.011192 0.0092798 0.00918328 0.00964547 0.00897472 0.0138936 0.00977724 0.0429721 0.00972033 0.00993631 0.010769 0.0097591 0.0259384 0.00966478 0.0139977 0.0417296 0.0144857 0.0299035 0.0135755 0.0148576 0.0169587 0.0290031 0.0123345 0.066562 0.0106126 0.00815927 0.00814868 0.00934674 0.0112365 0.0128391 0.00678168 0.00647404 0.0274602 0.0333044 0.870011 0.00362037 0 0.003583 0.00356999 0.00366514 0.00376846 0.00534119 0.00658464 
0.00980889 0.0510497 0.01402 0.135293 0.0177909 0.0116284 0.0107916 0.0153286 0.0132919 0.0167843 0.00996016 0.0090681 0.0140861 0.00915535 0.0250195 0.00922026 0.0171264 0.00917825 0.00864439 0.0148754 0.00906442 0.0104678 0.0177179 0.0172939 0.108049 0.0173353 0.0113018 0.0122918 0.0334541 0.0212643 0.145134 0.0143443 0.0143518 0.00850203 0.0102117 0.0106546 0.0187244 0.00936545 0.00740978 0.0339075 0.0205088 0.9113 0.00547154 0.003576 0.003583 0 0.00359055 0.00358733 0.00358578 0.00398798 0.00420274 
0.0178829 0.0121439 0.107536 0.0290391 0.0340286 0.0127574 0.0106146 0.0124502 0.0255872 0.0133441 0.00996516 0.0131837 0.00910168 0.014506 0.0118787 0.0206689 0.0103181 0.00970366 0.00900772 0.0106301 0.0120661 0.00968929 0.0131765 0.0545386 0.0433065 0.0281446 0.012742 0.0146806 0.0159599 0.100551 0.0428441 0.0425845 0.0113407 0.00926988 0.00934621 0.0202772 0.0134287 0.0133113 0.0123484 0.0313013 0.954499 0.0103326 0.00650236 0.00362355 0.00356999 0.00359055 0 0.00360084 0.0035773 0.00399444 0.00870733 
0.0103299 0.0287741 0.0125257 0.0250656 0.0364149 0.0171183 0.00970286 0.0143277 0.0116712 0.0108081 0.00910615 0.00890045 0.0141035 0.00937332 0.0122961 0.0146596 0.0173302 0.0103726 0.00917383 0.0122437 0.0132888 0.010836 0.0151889 0.0212089 0.0374688 0.0411574 0.0164832 0.0123726 0.0447008 0.0154267 0.0476015 0.0359699 0.0257154 0.00996623 0.0164222 0.0118585 0.0435019 0.0154991 0.0277117 0.933314 0.00930087 0.0201145 0.00769454 0.00366726 0.00366514 0.00358733 0.00360084 0 0.00362037 0.00474166 0.0246072 
0.0191033 0.00923156 0.0117231 0.00994119 0.0154316 0.0250756 0.0124309 0.00927214 0.00972873 0.00918799 0.00857006 0.00867765 0.00877473 0.0127572 0.0106702 0.0113171 0.0172573 0.0172606 0.0136701 0.0139193 0.0102346 0.0138396 0.0249019 0.0158453 0.0129362 0.0237972 0.0304863 0.0371002 0.0117555 0.0150809 0.013635 0.035121 0.0409334 0.0192397 0.00933884 0.0112897 0.0161066 0.0601931 0.924518 0.0115409 0.0122337 0.0107388 0.016422 0.0040317 0.00376846 0.00358578 0.0035773 0.00362037 0 0.0340033 0.00764001 
0.00881246 0.00995196 0.00857241 0.00895132 0.00963382 0.0141143 0.00960487 0.00893901 0.00860688 0.00848579 0.00833355 0.00822226 0.00880897 0.00914963 0.00909694 0.0112421 0.0145502 0.0145428 0.013106 0.0120992 0.0119168 0.015198 0.0139405 0.0119323 0.0106345 0.0117795 0.0184672 0.0139136 0.0135613 0.0094527 0.0112935 0.0127464 0.0288184 0.0105489 0.0106337 0.00911517 0.0209588 0.104079 0.0116057 0.0174637 0.00767109 0.0120071 0.0133847 0.00550527 0.00534119 0.00398798 0.00399444 0.00474166 0.0340033 0 0.0139315 
0.0128418 0.00912631 0.00959554 0.00870485 0.00931956 0.0112599 0.00976334 0.00894122 0.00887706 0.00843836 0.00830404 0.00844493 0.00852311 0.0103134 0.00899854 0.0139505 0.00963196 0.0207952 0.0142656 0.0108536 0.0106629 0.00976772 0.0178481 0.0124833 0.0094676 0.0114669 0.0143439 0.0208073 0.010313 0.0102329 0.00978805 0.015557 0.011794 0.0122513 0.00932116 0.00972096 0.0610859 0.0188477 0.0220697 0.0096686 0.00961824 0.00967658 0.0146314 0.00683641 0.00658464 0.00420274 0.00870733 0.0246072 0.00764001 0.0139315 0 
