1EGAA
DKSYCGFIAIVGRPNVGKSTLLNKLLGQKISITSRKAQTTRHRIVGIHTEGAYQAIYVDTPGLHMEEKRAINRLMNKAASSSIGDVELVIFVVEGTRWTPDDEMVLNKLREGKAPVILAVNKVDNVQEKADLLPHLQFLASQMNFLDIVPISAETGLNVDTIAAIVRKHLPEATHHFPEDYITDRSQRFMASEIIREKLMRFLGAELPYSVTVEIERFVSNERGGYDINGLILVEREGQKKMVIGNKGAKIKTIGIEARKDMQEMFEAPVHLELWVKVKSGWADDERALRSL
CCCEEEEEEEECCCCCCHHHHHHHHHCCCEEECCCCCCCCCCCEEEEEEECCEEEEEECCCCCCHHHHHHHHHHHCCCCCCCCCCEEEEEEEEECCCCCHHHHHHHHHHHCCCCCEEEEEECCCCCCCHHHHHHHHHHHHCCCCCCEEEECCCCCCCCHHHHHHHHHCCCCECCCCCCCCCCCCCCHHHHHHHHHHHHHHHHHHHHCCCCEEEEEEEEECCCCCCEEEEEEEEECCHHHHHHHHCHHHHHHHHHHHHHHHHHHHHCCCCEEEEEEEEECCCCCHHHHHHCCC
0 0 0 0 0 0 0 0 0 0 0 0 0 0 0 0 0 0 0 0 0 0 0 0 0 0 0 0 0 0 0 0 0 0 0 0 0 0 0 0 0 0 0 0 0 0 0 0 0 0 0 0 0 0 0 0 0 0 0 0 0 0 0 0 0 0 0 0 0 0 0 0 0 0 0 0 0 0 0 0 0 0 0 0 0 0 0 0 0 0 0 0 0 0 0 0 0 0 0 0 0 0 0 0 0 0 0 0 0 0 0 0 0 0 0 0 0 0 0 0 0 0 0 0 0 0 0 0 0 0 0 0 0 0 0 0 0 0 0 0 0 0 0 0 0 0 0 0 0 0 0 0 0 0 0 0 0 0 0 0 0 0 0 0 0 0 0 0 0 0 0 0 0 0 0 0 0 0 0 0 0 0 0 0 0 0 0 0 0 0 0 0 0 0 0 0 0 0 0 0 0 0 0 0 0 0 0 0 0 0 0 0 0 0 0 0 0 0 0 0 0 0 0 0 0 0 0 0 0 0 0 0 0 0 0 0 0 0 0 0 0 0 0 0 0 0 0 0 0 0 0 0 0 0 0 0 0 0 0 0 0 0 0 0 0 0 0 0 0 0 0 0 0 0 0 0 0 0 0 0 0 0 0 0 0 0 0 0 0 0 0 0 
0 0 0 0 0 0 0 0 0 0 0 0 0 0 0 0 0 0 0 0 0 0 0 0 0 0 0 0 0 0 0 0 0 0 0 0 0 0 0 0 0 0 0 0 0 0 0 0 0 0 0 0 0 0 0 0 0 0 0 0 0 0 0 0 0 0 0 0 0 0 0 0 0 0 0 0 0 0 0 0 0 0 0 0 0 0 0 0 0 0 0 0 0 0 0 0 0 0 0 0 0 0 0 0 0 0 0 0 0 0 0 0 0 0 0 0 0 0 0 0 0 0 0 0 0 0 0 0 0 0 0 0 0 0 0 0 0 0 0 0 0 0 0 0 0 0 0 0 0 0 0 0 0 0 0 0 0 0 0 0 0 0 0 0 0 0 0 0 0 0 0 0 0 0 0 0 0 0 0 0 0 0 0 0 0 0 0 0 0 0 0 0 0 0 0 0 0 0 0 0 0 0 0 0 0 0 0 0 0 0 0 0 0 0 0 0 0 0 0 0 0 0 0 0 0 0 0 0 0 0 0 0 0 0 0 0 0 0 0 0 0 0 0 0 0 0 0 0 0 0 0 0 0 0 0 0 0 0 0 0 0 0 0 0 0 0 0 0 0 0 0 0 0 0 0 0 0 0 0 0 0 0 0 0 0 0 0 0 0 0 0 0 
0 0.00375015 0.00368617 0.00373685 0.00369277 0.00381374 0.00544737 0.0106144 0.0764809 0.0151567 0.051093 0.0182126 0.0116699 0.0109213 0.010421 0.00968297 0.0104035 0.0160272 0.012263 0.0107063 0.0106049 0.0127356 0.0125058 0.0204712 0.0106895 0.0101768 0.0106643 0.0114795 0.011551 0.0121801 0.0105091 0.0100297 0.0142449 0.0103238 0.00917905 0.0104924 0.00964032 0.0094026 0.0105272 0.00821393 0.00822361 0.0081752 0.00918069 0.00849356 0.00870302 0.00834277 0.00846252 0.00838461 0.00837591 0.00822752 0.00827156 0.00822286 0.00849223 0.00833135 0.0082945 0.00832928 0.00831693 0.00837729 0.00837307 0.00855744 0.00853314 0.00896441 0.00845236 0.00840436 0.00848855 0.00839837 0.00846138 0.00842451 0.00854848 0.00857141 0.00947138 
0.00375015 0 0.00369727 0.00371127 0.0036762 0.00383228 0.00509526 0.00427818 0.0364782 0.0902532 0.0135551 0.0176861 0.0201409 0.0238865 0.0180861 0.0133013 0.0179694 0.00973239 0.00959951 0.0189834 0.0206366 0.02881 0.0256204 0.0126307 0.00945994 0.0103686 0.0183897 0.0243303 0.0304314 0.0287342 0.0208346 0.0186861 0.0103364 0.0102613 0.0126989 0.014115 0.0134518 0.0109278 0.00879682 0.00825139 0.00856719 0.0086157 0.00843933 0.00804578 0.00835519 0.00870323 0.0089013 0.00870788 0.0086486 0.00847308 0.00837624 0.00840038 0.008183 0.00828359 0.00851471 0.00855972 0.00858754 0.00868521 0.00891029 0.00878815 0.00868298 0.00834125 0.00839853 0.00847689 0.0087389 0.00848807 0.00863943 0.00860712 0.00874835 0.00862443 0.00860233 
0.00368617 0.00369727 0 0.00362288 0.00362214 0.0036351 0.00362566 0.00378062 0.0381531 0.0212238 0.0172683 0.0129215 0.0262749 0.0297109 0.0349959 0.0282681 0.0126963 0.00972696 0.0102432 0.014322 0.041899 0.0583086 0.0220016 0.0113917 0.00927644 0.012092 0.0311213 0.0612623 0.0752785 0.0682594 0.0543894 0.0177218 0.0113282 0.0102025 0.0158411 0.026051 0.0213189 0.011311 0.00915344 0.00827106 0.00873284 0.00864657 0.00839987 0.00802091 0.00839923 0.00872891 0.00930907 0.00886808 0.00875608 0.0084929 0.00843876 0.00840131 0.00814979 0.00824929 0.00850622 0.00876357 0.00868374 0.00894952 0.00882062 0.00909818 0.00872031 0.00843251 0.00838196 0.00842562 0.00870647 0.0084744 0.0087278 0.00863012 0.00879776 0.0086611 0.00854777 
0.00373685 0.00371127 0.00362288 0 0.00356694 0.00358503 0.00366422 0.00370916 0.0258969 0.0294684 0.017647 0.015722 0.0256245 0.0420603 0.0390051 0.0330519 0.0143182 0.00958267 0.0102664 0.0212105 0.0435766 0.0778855 0.0263165 0.0117642 0.00928141 0.0151558 0.0314175 0.0863632 0.0914358 0.105352 0.0631457 0.0202932 0.0114238 0.0109206 0.0206248 0.0352942 0.0278356 0.0117786 0.00921793 0.00841068 0.00868457 0.00872628 0.00861004 0.00806656 0.00845766 0.00890405 0.00983344 0.0092078 0.00890429 0.00872875 0.00845555 0.00846309 0.00817003 0.00846943 0.00867771 0.00894149 0.00902154 0.00900487 0.00907373 0.00927093 0.00881605 0.00840454 0.00844877 0.00857383 0.00872924 0.00858576 0.00880809 0.0087448 0.00903772 0.00871938 0.00857829 
0.00369277 0.0036762 0.00362214 0.00356694 0 0.0035855 0.00364525 0.00362723 0.0718748 0.0219288 0.0280937 0.0260155 0.0286626 0.058387 0.0591702 0.0358071 0.0148258 0.0100583 0.0107162 0.0290611 0.0640774 0.0799006 0.0299287 0.0145178 0.0127507 0.0123434 0.0831231 0.0757886 0.160329 0.140273 0.0769541 0.0274464 0.0116421 0.0143378 0.0234127 0.0573366 0.0377992 0.0131566 0.0096887 0.00846397 0.00917262 0.0090597 0.00867726 0.00808467 0.00862079 0.00888771 0.0097727 0.00899128 0.00894406 0.00863704 0.0085483 0.00851994 0.0082509 0.00845037 0.00869072 0.00901196 0.00887126 0.00913956 0.00909881 0.00943147 0.00901912 0.00856344 0.00856516 0.00861794 0.00886279 0.00866296 0.00886727 0.00885381 0.00901216 0.00891233 0.00872799 
0.00381374 0.00383228 0.0036351 0.00358503 0.0035855 0 0.00364579 0.00358546 0.0814504 0.0674643 0.0266911 0.0224786 0.0608439 0.0756664 0.0744225 0.0544764 0.0182959 0.0101112 0.0132267 0.0317058 0.0782706 0.139434 0.0407268 0.01801 0.0107531 0.0328281 0.0601952 0.236142 0.170162 0.196593 0.154044 0.0352162 0.0135902 0.016363 0.0417621 0.073541 0.0718012 0.0154539 0.00970354 0.00896776 0.00969463 0.00921229 0.00917012 0.00812512 0.00864015 0.00942892 0.0101805 0.00965085 0.00964606 0.00890778 0.00873044 0.0086682 0.00832229 0.00860371 0.00885395 0.00929923 0.00926039 0.00964889 0.00951986 0.010154 0.00936767 0.0086271 0.00860155 0.00872633 0.0090383 0.00884911 0.00906391 0.00907402 0.00936515 0.00912532 0.00888434 
0.00544737 0.00509526 0.00362566 0.00366422 0.00364525 0.00364579 0 0.00375473 0.0258589 0.241481 0.0651986 0.0206657 0.0313599 0.0447968 0.0435291 0.0330608 0.0374338 0.0123001 0.0108106 0.0238115 0.0305765 0.0498747 0.133209 0.0246341 0.010758 0.0132963 0.0474215 0.0533313 0.114866 0.0733544 0.0659104 0.106819 0.0146005 0.0129847 0.0252013 0.0418011 0.0313129 0.0253904 0.00996526 0.00884033 0.00895251 0.0101671 0.00882585 0.00808816 0.00867765 0.00917721 0.00977138 0.0092658 0.00908457 0.00876105 0.00873993 0.0087205 0.00825757 0.00861179 0.00888073 0.00917691 0.0092782 0.00957726 0.00947105 0.0100503 0.00929752 0.00850201 0.00873508 0.00869939 0.00890499 0.00880429 0.00903103 0.00902233 0.00950798 0.00914037 0.00861828 
0.0106144 0.00427818 0.00378062 0.00370916 0.00362723 0.00358546 0.00375473 0 0.0216674 0.0238673 0.411751 0.0283623 0.0133628 0.0197014 0.0167979 0.0164122 0.0165672 0.0223411 0.0179243 0.0122823 0.0131622 0.0177371 0.0259938 0.0570447 0.0166101 0.010992 0.0129116 0.0171158 0.0225484 0.0312595 0.0181145 0.0229055 0.0446507 0.0168206 0.0120793 0.0157413 0.0135997 0.0108967 0.0127162 0.00874361 0.00839715 0.00860712 0.00936238 0.00852992 0.00875727 0.00856439 0.00901765 0.00854452 0.00861116 0.00830952 0.00827762 0.0082085 0.00829664 0.00855078 0.00846505 0.00867861 0.00863671 0.00862494 0.00867836 0.00889165 0.00863559 0.00877006 0.0089545 0.00843685 0.00845305 0.00839955 0.00846131 0.00847096 0.00848897 0.00851282 0.00861194 
0.0764809 0.0364782 0.0381531 0.0258969 0.0718748 0.0814504 0.0258589 0.0216674 0 0.00379181 0.00371326 0.0463244 0.0119998 0.0259705 0.0142851 0.0141686 0.0103192 0.0152729 0.0140945 0.0122976 0.0144677 0.011947 0.0123099 0.0346636 0.0281664 0.0100124 0.0191206 0.0119981 0.014618 0.0144048 0.0122359 0.0108848 0.0146387 0.0203588 0.0112048 0.0119983 0.0100518 0.00999196 0.0123755 0.0086132 0.00856051 0.00891629 0.0091229 0.00874105 0.00943553 0.00832104 0.00882633 0.00836668 0.00847189 0.00826318 0.00822672 0.00825909 0.00846965 0.00854668 0.00819909 0.00841251 0.00833773 0.00845203 0.00842076 0.00851586 0.00849226 0.00882906 0.00938149 0.0082898 0.00887841 0.00828313 0.00839312 0.00833777 0.00840291 0.00846388 0.00960248 
0.0151567 0.0902532 0.0212238 0.0294684 0.0219288 0.0674643 0.241481 0.0238673 0.00379181 0 0.00379818 0.0127323 0.10417 0.0176469 0.0196584 0.0121072 0.0177212 0.00872368 0.0112634 0.0339295 0.0122663 0.0172038 0.0543039 0.0101179 0.00968258 0.0344169 0.0124802 0.0201685 0.0241055 0.0257275 0.021488 0.0179482 0.0111437 0.0104161 0.0210188 0.0151937 0.0152753 0.0132348 0.00934113 0.00834499 0.00880814 0.00864009 0.00943124 0.00810236 0.00848113 0.00887084 0.008958 0.00890054 0.00855936 0.00862114 0.00847128 0.00849377 0.00831106 0.00847805 0.00871926 0.0087299 0.00881213 0.00893445 0.00895806 0.00902713 0.00899626 0.00841803 0.00861399 0.00874587 0.00861525 0.00860633 0.00866699 0.00876259 0.0087429 0.00891448 0.00845885 
0.051093 0.0135551 0.0172683 0.017647 0.0280937 0.0266911 0.0651986 0.411751 0.00371326 0.00379818 0 0.0652903 0.0137962 0.0166118 0.0192162 0.0181726 0.0151116 0.0309828 0.0197125 0.0104513 0.0132214 0.0161909 0.0273723 0.0357255 0.0339066 0.0102917 0.0141399 0.0133047 0.0181117 0.0183103 0.0159251 0.0177148 0.0238276 0.0230928 0.0118636 0.0164635 0.0132509 0.010753 0.0127201 0.00927197 0.00855759 0.00889536 0.00912329 0.00900258 0.00898493 0.00861095 0.00888399 0.00855115 0.00867978 0.00830347 0.00829331 0.00833081 0.00841064 0.008813 0.00841113 0.00853359 0.00855028 0.0086108 0.0085792 0.00895286 0.008548 0.00863936 0.00898207 0.0083564 0.00850844 0.00836275 0.00844398 0.008481 0.00849223 0.00837932 0.00861945 
0.0182126 0.0176861 0.0129215 0.015722 0.0260155 0.0224786 0.0206657 0.0283623 0.0463244 0.0127323 0.0652903 0 0.00358517 0.00358873 0.00360829 0.00362926 0.00397135 0.00436659 0.00548802 0.00627671 0.00690343 0.00799473 0.00935103 0.495624 0.0544358 0.00976602 0.0225937 0.014746 0.0194719 0.0179087 0.0135959 0.0131578 0.0185886 0.0223603 0.0149371 0.0145206 0.0118426 0.0116642 0.0171006 0.00846759 0.00850128 0.0090165 0.009222 0.00880343 0.00878314 0.0082962 0.00873391 0.00840896 0.0084366 0.00822681 0.00814833 0.0082448 0.00839047 0.00854725 0.00819985 0.00837376 0.00836966 0.0084591 0.00846513 0.00847027 0.00843903 0.00874117 0.00902302 0.00818297 0.00864012 0.00822832 0.00841563 0.00836985 0.00837848 0.0084388 0.00925479 
0.0116699 0.0201409 0.0262749 0.0256245 0.0286626 0.0608439 0.0313599 0.0133628 0.0119998 0.10417 0.0137962 0.00358517 0 0.00356927 0.00358133 0.00357243 0.00361402 0.00357141 0.00493602 0.00559674 0.00659011 0.00885309 0.0660581 0.162706 0.0105245 0.030628 0.0147373 0.0509237 0.0311707 0.0403311 0.027011 0.0156654 0.010799 0.0132845 0.0314437 0.0254477 0.0245218 0.0127257 0.00909448 0.00846625 0.00863633 0.00872553 0.00909981 0.00809429 0.00827829 0.00863672 0.00887372 0.00872024 0.00858903 0.00847047 0.008466 0.00839553 0.00813412 0.00831671 0.0084703 0.00858673 0.0086011 0.00877486 0.00875382 0.00890213 0.00863751 0.00821278 0.00828655 0.00837616 0.00850123 0.00838747 0.00848605 0.00849484 0.00853215 0.00852416 0.00832287 
0.0109213 0.0238865 0.0297109 0.0420603 0.058387 0.0756664 0.0447968 0.0197014 0.0259705 0.0176469 0.0166118 0.00358873 0.00356927 0 0.00355306 0.00356772 0.00358302 0.00357431 0.00389977 0.00556623 0.00820832 0.0267031 0.847404 0.010296 0.0138374 0.0124244 0.0498173 0.0399662 0.0897419 0.0593938 0.061694 0.021697 0.0121913 0.0126938 0.0298376 0.0589206 0.0494458 0.0136355 0.0100463 0.00836627 0.00906073 0.00942053 0.00863806 0.00803256 0.00851228 0.00893248 0.00975405 0.00907115 0.00899565 0.00873761 0.0086139 0.00854663 0.00817521 0.00851203 0.00870212 0.00909098 0.00903777 0.00934098 0.00939407 0.00964858 0.00885848 0.00837459 0.00865791 0.00845512 0.00876973 0.00854363 0.00874444 0.00878905 0.00894035 0.00878367 0.00846181 
0.010421 0.0180861 0.0349959 0.0390051 0.0591702 0.0744225 0.0435291 0.0167979 0.0142851 0.0196584 0.0192162 0.00360829 0.00358133 0.00355306 0 0.00354687 0.00359405 0.00355424 0.00375627 0.00453765 0.0359347 0.942983 0.0110352 0.00704204 0.00998157 0.0158897 0.0319166 0.0636709 0.0628292 0.0908937 0.0440925 0.0246757 0.0116432 0.0109463 0.022028 0.0623647 0.0438511 0.014302 0.00964924 0.00837439 0.00866005 0.00932657 0.008689 0.00806948 0.00830624 0.00866173 0.00906251 0.00906009 0.0087116 0.00849387 0.00838913 0.00841467 0.00820494 0.00826797 0.00854643 0.00858907 0.00870366 0.008834 0.00885644 0.00894434 0.00873437 0.00838595 0.0083905 0.00839192 0.00851675 0.00836261 0.00851601 0.00851116 0.00859407 0.00853029 0.00857533 
0.00968297 0.0133013 0.0282681 0.0330519 0.0358071 0.0544764 0.0330608 0.0164122 0.0141686 0.0121072 0.0181726 0.00362926 0.00357243 0.00356772 0.00354687 0 0.00356738 0.00375097 0.00389093 0.0165042 0.949318 0.0243434 0.00847676 0.006505 0.00965721 0.013492 0.0268451 0.0362021 0.0559863 0.0475885 0.0460285 0.0135978 0.0119502 0.00987564 0.0170213 0.0312168 0.0363328 0.0109721 0.00940936 0.00824333 0.00853902 0.00862227 0.00858287 0.00802366 0.00826166 0.00864032 0.00897115 0.00883087 0.0085689 0.00841376 0.00838293 0.00834986 0.00814554 0.00820209 0.00842298 0.00862019 0.0086496 0.00872339 0.00873425 0.00882354 0.00858301 0.008259 0.00828915 0.00833173 0.00847582 0.00834708 0.0084939 0.00852565 0.00854358 0.00853902 0.00834431 
0.0104035 0.0179694 0.0126963 0.0143182 0.0148258 0.0182959 0.0374338 0.0165672 0.0103192 0.0177212 0.0151116 0.00397135 0.00361402 0.00358302 0.00359405 0.00356738 0 0.00355806 0.00865374 0.956161 0.00852716 0.00534396 0.00652179 0.00678946 0.0110644 0.0123947 0.0128011 0.0175084 0.0184656 0.0201564 0.0156796 0.0232158 0.0100288 0.0102598 0.0118626 0.0128846 0.0115668 0.012003 0.00921386 0.00820777 0.00846725 0.00861888 0.00841005 0.00807254 0.00815898 0.00848557 0.00873605 0.00853792 0.00844287 0.00828267 0.00832557 0.00828266 0.00814972 0.00814225 0.00838313 0.00842773 0.00846734 0.00855316 0.00848936 0.00861008 0.00848992 0.00821227 0.00835795 0.00827095 0.00836918 0.00825684 0.00840908 0.00834898 0.008432 0.00832332 0.0081952 
0.0160272 0.00973239 0.00972696 0.00958267 0.0100583 0.0101112 0.0123001 0.0223411 0.0152729 0.00872368 0.0309828 0.00436659 0.00357141 0.00357431 0.00355424 0.00375097 0.00355806 0 0.967419 0.00400748 0.00393602 0.00388639 0.00431557 0.00572471 0.0139779 0.00962147 0.00948869 0.00962957 0.0103533 0.0103177 0.0107061 0.0122702 0.0161214 0.0122223 0.0092876 0.00951686 0.00935707 0.00902071 0.00965403 0.00844424 0.00826929 0.00830065 0.00856431 0.00826525 0.00836457 0.00824388 0.00823472 0.00817655 0.00816382 0.00817475 0.0080911 0.00810752 0.00814196 0.008294 0.00813393 0.00817984 0.00813164 0.00823277 0.00820416 0.00824795 0.00818872 0.00823341 0.00856943 0.00813127 0.00827162 0.00811927 0.00822628 0.00820943 0.00820097 0.00814001 0.0081723 
0.012263 0.00959951 0.0102432 0.0102664 0.0107162 0.0132267 0.0108106 0.0179243 0.0140945 0.0112634 0.0197125 0.00548802 0.00493602 0.00389977 0.00375627 0.00389093 0.00865374 0.967419 0 0.00358379 0.0035556 0.0036054 0.00381057 0.00443776 0.0168442 0.0135663 0.0163545 0.013459 0.010881 0.0120785 0.010631 0.0106726 0.0226233 0.0124095 0.010088 0.00970535 0.00957506 0.010593 0.0127112 0.00843213 0.00838289 0.00830719 0.0106249 0.00864684 0.00848453 0.00820617 0.00830216 0.00833826 0.00819381 0.0081937 0.00817245 0.00816478 0.00853722 0.00846824 0.00814241 0.00818692 0.00824332 0.00826823 0.0082891 0.00829431 0.0083194 0.00860923 0.00836208 0.00819151 0.00820695 0.00823198 0.00821741 0.00820403 0.00821866 0.00832347 0.00872732 
0.0107063 0.0189834 0.014322 0.0212105 0.0290611 0.0317058 0.0238115 0.0122823 0.0122976 0.0339295 0.0104513 0.00627671 0.00559674 0.00556623 0.00453765 0.0165042 0.956161 0.00400748 0.00358379 0 0.00357055 0.00358091 0.00362152 0.00363323 0.0395545 0.0190174 0.0281319 0.0317454 0.0348164 0.0230345 0.018347 0.019337 0.0101493 0.0174035 0.0221351 0.0197192 0.0164076 0.0135677 0.00989252 0.00835195 0.00848255 0.0088295 0.00878545 0.00812579 0.0082222 0.00870399 0.00880376 0.00870285 0.00860079 0.00847657 0.00838515 0.00840408 0.00813647 0.00819166 0.0084482 0.00857123 0.00855757 0.00885158 0.00872252 0.0089106 0.00861498 0.00825757 0.0083715 0.00837186 0.00849298 0.00835101 0.00851118 0.00851397 0.00855842 0.00855986 0.00833954 
0.0106049 0.0206366 0.041899 0.0435766 0.0640774 0.0782706 0.0305765 0.0131622 0.0144677 0.0122663 0.0132214 0.00690343 0.00659011 0.00820832 0.0359347 0.949318 0.00852716 0.00393602 0.0035556 0.00357055 0 0.0035573 0.00356886 0.00356979 0.0205975 0.0357587 0.0496074 0.0586456 0.0901881 0.0739694 0.051548 0.0199686 0.0114428 0.0125438 0.0328567 0.0671089 0.0494216 0.0163247 0.00961664 0.00842544 0.0100678 0.00912027 0.00886344 0.00812087 0.00847633 0.00897756 0.00989901 0.0093122 0.008999 0.00875075 0.00856699 0.00848534 0.00822719 0.00840279 0.00853128 0.00899024 0.00917265 0.00944075 0.00966524 0.0100632 0.00890429 0.00832269 0.00846917 0.00849639 0.00881136 0.00855329 0.0088069 0.00871992 0.0088859 0.00859715 0.00844115 
0.0127356 0.02881 0.0583086 0.0778855 0.0799006 0.139434 0.0498747 0.0177371 0.011947 0.0172038 0.0161909 0.00799473 0.00885309 0.0267031 0.942983 0.0243434 0.00534396 0.00388639 0.0036054 0.00358091 0.0035573 0 0.00355802 0.00355963 0.0229989 0.0368186 0.0862116 0.118256 0.124102 0.175011 0.109636 0.0283064 0.0126315 0.0171521 0.0421923 0.114854 0.0953484 0.0209875 0.0106153 0.00909689 0.00981375 0.00984227 0.00904271 0.00807234 0.00861073 0.00957234 0.0108298 0.0105482 0.00918293 0.00891165 0.00879282 0.00864379 0.00825556 0.00844107 0.00882058 0.00945178 0.00944249 0.0096568 0.00978289 0.0101115 0.00928148 0.00841748 0.00857704 0.00852658 0.00898005 0.0087593 0.00900243 0.00893423 0.00901082 0.00881366 0.00842227 
0.0125058 0.0256204 0.0220016 0.0263165 0.0299287 0.0407268 0.133209 0.0259938 0.0123099 0.0543039 0.0273723 0.00935103 0.0660581 0.847404 0.0110352 0.00847676 0.00652179 0.00431557 0.00381057 0.00362152 0.00356886 0.00355802 0 0.00365748 0.0139571 0.0373242 0.0326837 0.0516493 0.0881435 0.0664548 0.0732712 0.0895022 0.029396 0.0128845 0.0360663 0.0361082 0.0338285 0.0359009 0.0111257 0.00914828 0.00945433 0.00971958 0.0105564 0.0081973 0.00872286 0.00924946 0.00986955 0.00928989 0.00902249 0.00888187 0.00866021 0.0085245 0.00823654 0.00849564 0.00886065 0.00923314 0.00945727 0.00938757 0.00944936 0.00971593 0.00909542 0.00850217 0.00866088 0.00863256 0.00882043 0.00867421 0.00894488 0.0088421 0.00900886 0.0087401 0.00835142 
0.0204712 0.0126307 0.0113917 0.0117642 0.0145178 0.01801 0.0246341 0.0570447 0.0346636 0.0101179 0.0357255 0.495624 0.162706 0.010296 0.00704204 0.006505 0.00678946 0.00572471 0.00443776 0.00363323 0.00356979 0.00355963 0.00365748 0 0.038364 0.0109035 0.0259572 0.0256985 0.0327736 0.0462912 0.024504 0.0762381 0.0984286 0.0224498 0.0112876 0.0175771 0.013546 0.0126905 0.0187692 0.00968327 0.00873526 0.00920054 0.00954181 0.00907208 0.00992163 0.00856112 0.00917423 0.00848976 0.00867006 0.00822923 0.00821907 0.00838843 0.00831523 0.00866849 0.00829952 0.00850416 0.00852119 0.00873014 0.00860154 0.00907375 0.00847229 0.00967847 0.00905615 0.00839445 0.00860395 0.00837946 0.00855266 0.00855656 0.00867449 0.00829754 0.0086958 
0.0106895 0.00945994 0.00927644 0.00928141 0.0127507 0.0107531 0.010758 0.0166101 0.0281664 0.00968258 0.0339066 0.0544358 0.0105245 0.0138374 0.00998157 0.00965721 0.0110644 0.0139779 0.0168442 0.0395545 0.0205975 0.0229989 0.0139571 0.038364 0 0.00383314 0.00374346 0.00374058 0.00385337 0.00408562 0.00392777 0.00589554 0.00901338 0.103926 0.0181701 0.014582 0.0115907 0.0165139 0.0268457 0.0103104 0.0097937 0.0108664 0.011653 0.0106621 0.0110986 0.00837917 0.00997827 0.00834294 0.00964951 0.00823167 0.00821438 0.00896058 0.00906526 0.00902779 0.00828718 0.00880932 0.0083963 0.00884891 0.00846296 0.00865988 0.00845387 0.0104367 0.0106502 0.00813738 0.00981245 0.00820155 0.00870377 0.00831026 0.00852137 0.00843013 0.0107773 
0.0101768 0.0103686 0.012092 0.0151558 0.0123434 0.0328281 0.0132963 0.010992 0.0100124 0.0344169 0.0102917 0.00976602 0.030628 0.0124244 0.0158897 0.013492 0.0123947 0.00962147 0.0135663 0.0190174 0.0357587 0.0368186 0.0373242 0.0109035 0.00383314 0 0.00356388 0.00358494 0.00366436 0.00376683 0.00369723 0.00389254 0.00450984 0.0285521 0.0640665 0.0189751 0.0260197 0.0136656 0.0100672 0.00966727 0.0106291 0.00895837 0.0122799 0.00827771 0.00845177 0.00997611 0.0087177 0.011861 0.00842314 0.00885188 0.00874597 0.00845096 0.00864534 0.00863967 0.00879949 0.00852448 0.00944886 0.00873019 0.00925512 0.00900089 0.00967131 0.00865283 0.00834581 0.00895037 0.00840746 0.00876661 0.00843186 0.00869511 0.00856395 0.00891307 0.00841137 
0.0106643 0.0183897 0.0311213 0.0314175 0.0831231 0.0601952 0.0474215 0.0129116 0.0191206 0.0124802 0.0141399 0.0225937 0.0147373 0.0498173 0.0319166 0.0268451 0.0128011 0.00948869 0.0163545 0.0281319 0.0496074 0.0862116 0.0326837 0.0259572 0.00374346 0.00356388 0 0.00360573 0.00362856 0.00367175 0.00363212 0.00376899 0.00400016 0.0820127 0.055745 0.0897166 0.0459425 0.0181873 0.0114014 0.00964381 0.0143651 0.0163867 0.00948953 0.00834526 0.00943429 0.00950614 0.0184092 0.0107791 0.0145405 0.00945837 0.00976308 0.00904989 0.00844788 0.00852182 0.00876543 0.0115302 0.0107512 0.0134175 0.0117031 0.0147376 0.0112925 0.00906387 0.00944536 0.00854164 0.0102233 0.00887706 0.00983293 0.00936314 0.00990218 0.00966259 0.00888218 
0.0114795 0.0243303 0.0612623 0.0863632 0.0757886 0.236142 0.0533313 0.0171158 0.0119981 0.0201685 0.0133047 0.014746 0.0509237 0.0399662 0.0636709 0.0362021 0.0175084 0.00962957 0.013459 0.0317454 0.0586456 0.118256 0.0516493 0.0256985 0.00374058 0.00358494 0.00360573 0 0.0035886 0.00362725 0.00360397 0.00364891 0.00408971 0.336245 0.0860309 0.129906 0.116412 0.0189754 0.0113784 0.0117922 0.0158451 0.0156284 0.0119743 0.00843814 0.00953272 0.0119168 0.0168127 0.0187968 0.0115954 0.0127421 0.00973809 0.00881836 0.00857564 0.00860692 0.00944525 0.0108967 0.0151202 0.012165 0.0158456 0.013021 0.0111552 0.00879337 0.00876584 0.0087737 0.00981736 0.00927124 0.00951503 0.00979035 0.00974992 0.0094072 0.00879455 
0.011551 0.0304314 0.0752785 0.0914358 0.160329 0.170162 0.114866 0.0225484 0.014618 0.0241055 0.0181117 0.0194719 0.0311707 0.0897419 0.0628292 0.0559863 0.0184656 0.0103533 0.010881 0.0348164 0.0901881 0.124102 0.0881435 0.0327736 0.00385337 0.00366436 0.00362856 0.0035886 0 0.00361605 0.00364921 0.00367808 0.00365044 0.0520622 0.491771 0.118972 0.151847 0.0366797 0.0158361 0.0107173 0.0213691 0.0171963 0.0120005 0.00848102 0.0101543 0.0127462 0.0249736 0.0207615 0.01719 0.0118692 0.0106895 0.00907254 0.00857251 0.00876377 0.0093545 0.0139053 0.0151771 0.0198384 0.0169588 0.0198016 0.0121506 0.00934951 0.00880298 0.00887304 0.0100091 0.0096338 0.0102955 0.0100361 0.0104165 0.00966368 0.00886033 
0.0121801 0.0287342 0.0682594 0.105352 0.140273 0.196593 0.0733544 0.0312595 0.0144048 0.0257275 0.0183103 0.0179087 0.0403311 0.0593938 0.0908937 0.0475885 0.0201564 0.0103177 0.0120785 0.0230345 0.0739694 0.175011 0.0664548 0.0462912 0.00408562 0.00376683 0.00367175 0.00362725 0.00361605 0 0.00358467 0.00359611 0.00360311 0.109441 0.0724958 0.592865 0.120805 0.0487312 0.0162789 0.0126269 0.0158278 0.0206822 0.0120815 0.00847048 0.010912 0.0140921 0.0258655 0.0218754 0.0156062 0.013255 0.0110834 0.00917954 0.00856095 0.00894213 0.0102571 0.013647 0.018041 0.0179009 0.0202259 0.0207403 0.0123207 0.00952926 0.00895316 0.00894335 0.00964746 0.00945211 0.0101889 0.0100622 0.0101699 0.00969806 0.00882686 
0.0105091 0.0208346 0.0543894 0.0631457 0.0769541 0.154044 0.0659104 0.0181145 0.0122359 0.021488 0.0159251 0.0135959 0.027011 0.061694 0.0440925 0.0460285 0.0156796 0.0107061 0.010631 0.018347 0.051548 0.109636 0.0732712 0.024504 0.00392777 0.00369723 0.00363212 0.00360397 0.00364921 0.00358467 0 0.00358016 0.00358442 0.037362 0.175943 0.108205 0.603432 0.0354553 0.0172646 0.0101269 0.0150046 0.0152799 0.0125518 0.00838378 0.00944124 0.0123937 0.0180178 0.0171854 0.0120974 0.0105698 0.0101434 0.00889295 0.00847378 0.00866912 0.00913685 0.0120124 0.0130788 0.0147963 0.0147172 0.015668 0.0114049 0.00889135 0.0086848 0.00876881 0.0093718 0.00905562 0.00961361 0.00948071 0.00996358 0.00923613 0.00862781 
0.0100297 0.0186861 0.0177218 0.0202932 0.0274464 0.0352162 0.106819 0.0229055 0.0108848 0.0179482 0.0177148 0.0131578 0.0156654 0.021697 0.0246757 0.0135978 0.0232158 0.0122702 0.0106726 0.019337 0.0199686 0.0283064 0.0895022 0.0762381 0.00589554 0.00389254 0.00376899 0.00364891 0.00367808 0.00359611 0.00358016 0 0.00363412 0.0304243 0.0410038 0.168864 0.0662714 0.597973 0.0296385 0.0095337 0.0112343 0.0194191 0.0119012 0.00867981 0.0101031 0.00983693 0.0126139 0.0097487 0.0101549 0.00917304 0.00864029 0.00871455 0.00824095 0.00866078 0.00889877 0.00989042 0.0102185 0.0108198 0.0103864 0.0116522 0.00992288 0.00894055 0.00856277 0.00864804 0.00903764 0.00887169 0.00907372 0.0089566 0.00962608 0.00893867 0.0083845 
0.0142449 0.0103364 0.0113282 0.0114238 0.0116421 0.0135902 0.0146005 0.0446507 0.0146387 0.0111437 0.0238276 0.0185886 0.010799 0.0121913 0.0116432 0.0119502 0.0100288 0.0161214 0.0226233 0.0101493 0.0114428 0.0126315 0.029396 0.0984286 0.00901338 0.00450984 0.00400016 0.00408971 0.00365044 0.00360311 0.00358442 0.00363412 0 0.0156586 0.0282607 0.028979 0.0820369 0.0614897 0.451565 0.01357 0.00969141 0.00890418 0.0274067 0.0116133 0.0127243 0.00943132 0.00912366 0.00962376 0.00869102 0.00844464 0.00848904 0.00845018 0.00890997 0.0102881 0.00862552 0.00882276 0.010076 0.00915701 0.00906319 0.00905858 0.00891261 0.00968131 0.00915946 0.00862811 0.00866209 0.00858841 0.0085551 0.00878371 0.0088418 0.00845429 0.00855292 
0.0103238 0.0102613 0.0102025 0.0109206 0.0143378 0.016363 0.0129847 0.0168206 0.0203588 0.0104161 0.0230928 0.0223603 0.0132845 0.0126938 0.0109463 0.00987564 0.0102598 0.0122223 0.0124095 0.0174035 0.0125438 0.0171521 0.0128845 0.0224498 0.103926 0.0285521 0.0820127 0.336245 0.0520622 0.109441 0.037362 0.0304243 0.0156586 0 0.00371879 0.00371521 0.0036832 0.00367269 0.00449747 0.122041 0.0195051 0.01313 0.0203868 0.0143477 0.0168333 0.00997098 0.0118256 0.00952986 0.0101203 0.00878404 0.00862803 0.00906065 0.010613 0.00957191 0.00880394 0.00951293 0.00946338 0.0103182 0.00997416 0.0103139 0.00984891 0.0137856 0.010266 0.00843058 0.00938295 0.00855661 0.0088129 0.0087834 0.00887781 0.00876891 0.0106929 
0.00917905 0.0126989 0.0158411 0.0206248 0.0234127 0.0417621 0.0252013 0.0120793 0.0112048 0.0210188 0.0118636 0.0149371 0.0314437 0.0298376 0.022028 0.0170213 0.0118626 0.0092876 0.010088 0.0221351 0.0328567 0.0421923 0.0360663 0.0112876 0.0181701 0.0640665 0.055745 0.0860309 0.491771 0.0724958 0.175943 0.0410038 0.0282607 0.00371879 0 0.00366814 0.003617 0.0036931 0.00369983 0.201405 0.119712 0.0317278 0.014182 0.0100626 0.01041 0.0197063 0.0175481 0.0228523 0.0124113 0.0116677 0.010158 0.00932212 0.00897964 0.00882529 0.00989997 0.0120215 0.0159431 0.0153128 0.01754 0.0165546 0.0150821 0.00939856 0.00877701 0.00877285 0.00927229 0.00911474 0.00943033 0.00948122 0.00948269 0.00940369 0.00882683 
0.0104924 0.014115 0.026051 0.0352942 0.0573366 0.073541 0.0418011 0.0157413 0.0119983 0.0151937 0.0164635 0.0145206 0.0254477 0.0589206 0.0623647 0.0312168 0.0128846 0.00951686 0.00970535 0.0197192 0.0671089 0.114854 0.0361082 0.0175771 0.014582 0.0189751 0.0897166 0.129906 0.118972 0.592865 0.108205 0.168864 0.028979 0.00371521 0.00366814 0 0.00357296 0.00358851 0.00359069 0.0713302 0.195762 0.0740749 0.0157129 0.00894574 0.0120485 0.0181961 0.0579158 0.0307975 0.024888 0.0155861 0.0148243 0.00955362 0.00870176 0.00901682 0.010334 0.021012 0.0231892 0.0292803 0.0272354 0.0365347 0.0162588 0.0100664 0.00930147 0.00898646 0.0109253 0.0104229 0.0114066 0.0112399 0.012194 0.0105603 0.00925422 
0.00964032 0.0134518 0.0213189 0.0278356 0.0377992 0.0718012 0.0313129 0.0135997 0.0100518 0.0152753 0.0132509 0.0118426 0.0245218 0.0494458 0.0438511 0.0363328 0.0115668 0.00935707 0.00957506 0.0164076 0.0494216 0.0953484 0.0338285 0.013546 0.0115907 0.0260197 0.0459425 0.116412 0.151847 0.120805 0.603432 0.0662714 0.0820369 0.0036832 0.003617 0.00357296 0 0.00355842 0.00356109 0.0374904 0.12325 0.133795 0.022984 0.00891873 0.0104272 0.0212193 0.035375 0.0403924 0.0157493 0.0159046 0.0119669 0.00897523 0.00863735 0.00894748 0.0105234 0.0168684 0.0250045 0.0211704 0.0273256 0.0260375 0.0160362 0.00922572 0.00884308 0.0088924 0.0102366 0.00992856 0.0105255 0.0113572 0.0110348 0.00960645 0.00869849 
0.0094026 0.0109278 0.011311 0.0117786 0.0131566 0.0154539 0.0253904 0.0108967 0.00999196 0.0132348 0.010753 0.0116642 0.0127257 0.0136355 0.014302 0.0109721 0.012003 0.00902071 0.010593 0.0135677 0.0163247 0.0209875 0.0359009 0.0126905 0.0165139 0.0136656 0.0181873 0.0189754 0.0366797 0.0487312 0.0354553 0.597973 0.0614897 0.00367269 0.0036931 0.00358851 0.00355842 0 0.00363981 0.0236999 0.0241138 0.105069 0.0536504 0.00984078 0.0121836 0.0121966 0.0135603 0.0108937 0.0103728 0.00936207 0.00897269 0.00928202 0.00849573 0.00941206 0.00937427 0.0105855 0.012409 0.0134309 0.0112968 0.0127241 0.0113822 0.00906076 0.00900307 0.008838 0.00910174 0.00896445 0.00922498 0.00938397 0.00961752 0.00891415 0.00854734 
0.0105272 0.00879682 0.00915344 0.00921793 0.0096887 0.00970354 0.00996526 0.0127162 0.0123755 0.00934113 0.0127201 0.0171006 0.00909448 0.0100463 0.00964924 0.00940936 0.00921386 0.00965403 0.0127112 0.00989252 0.00961664 0.0106153 0.0111257 0.0187692 0.0268457 0.0100672 0.0114014 0.0113784 0.0158361 0.0162789 0.0172646 0.0296385 0.451565 0.00449747 0.00369983 0.00359069 0.00356109 0.00363981 0 0.0147062 0.0102872 0.0212029 0.130271 0.0148219 0.0136812 0.00965481 0.00980324 0.00938667 0.00928785 0.008698 0.00855762 0.00883489 0.0085072 0.0104712 0.00860542 0.00894965 0.00985428 0.0097062 0.00962085 0.0100445 0.00904408 0.00987369 0.00980971 0.00831855 0.00863428 0.00830773 0.00849128 0.00859846 0.00862331 0.00840636 0.0085215 
0.00821393 0.00825139 0.00827106 0.00841068 0.00846397 0.00896776 0.00884033 0.00874361 0.0086132 0.00834499 0.00927197 0.00846759 0.00846625 0.00836627 0.00837439 0.00824333 0.00820777 0.00844424 0.00843213 0.00835195 0.00842544 0.00909689 0.00914828 0.00968327 0.0103104 0.00966727 0.00964381 0.0117922 0.0107173 0.0126269 0.0101269 0.0095337 0.01357 0.122041 0.201405 0.0713302 0.0374904 0.0236999 0.0147062 0 0.00388024 0.00373598 0.00472883 0.0150115 0.0142696 0.00915309 0.00924568 0.0119624 0.00882178 0.00855443 0.00849285 0.00860417 0.0100354 0.00879079 0.0084799 0.0085385 0.00879417 0.00883869 0.00902734 0.00888754 0.00931439 0.00989372 0.0084196 0.00824321 0.00821702 0.00839222 0.00827235 0.0084748 0.00835626 0.00842162 0.00885186 
0.00822361 0.00856719 0.00873284 0.00868457 0.00917262 0.00969463 0.00895251 0.00839715 0.00856051 0.00880814 0.00855759 0.00850128 0.00863633 0.00906073 0.00866005 0.00853902 0.00846725 0.00826929 0.00838289 0.00848255 0.0100678 0.00981375 0.00945433 0.00873526 0.0097937 0.0106291 0.0143651 0.0158451 0.0213691 0.0158278 0.0150046 0.0112343 0.00969141 0.0195051 0.119712 0.195762 0.12325 0.0241138 0.0102872 0.00388024 0 0.00373734 0.00355848 0.00990197 0.0102507 0.013285 0.0125454 0.0117361 0.00937954 0.00924624 0.0093127 0.00884792 0.00874903 0.00861121 0.00899271 0.010195 0.00975421 0.0102476 0.0101767 0.0117651 0.00984709 0.0087079 0.00838742 0.0084422 0.00865813 0.00855569 0.00859436 0.00876793 0.00879358 0.00872087 0.00845266 
0.0081752 0.0086157 0.00864657 0.00872628 0.0090597 0.00921229 0.0101671 0.00860712 0.00891629 0.00864009 0.00889536 0.0090165 0.00872553 0.00942053 0.00932657 0.00862227 0.00861888 0.00830065 0.00830719 0.0088295 0.00912027 0.00984227 0.00971958 0.00920054 0.0108664 0.00895837 0.0163867 0.0156284 0.0171963 0.0206822 0.0152799 0.0194191 0.00890418 0.01313 0.0317278 0.0740749 0.133795 0.105069 0.0212029 0.00373598 0.00373734 0 0.00355637 0.0098642 0.0103572 0.0121418 0.0154493 0.00956845 0.0125422 0.008857 0.00905581 0.0100783 0.00846053 0.00854495 0.00901118 0.00952368 0.00950705 0.0109665 0.0101996 0.0114341 0.0107406 0.00910347 0.00888473 0.00828463 0.00947482 0.00846034 0.0089387 0.00866024 0.00894921 0.00855913 0.00852208 
0.00918069 0.00843933 0.00839987 0.00861004 0.00867726 0.00917012 0.00882585 0.00936238 0.0091229 0.00943124 0.00912329 0.009222 0.00909981 0.00863806 0.008689 0.00858287 0.00841005 0.00856431 0.0106249 0.00878545 0.00886344 0.00904271 0.0105564 0.00954181 0.011653 0.0122799 0.00948953 0.0119743 0.0120005 0.0120815 0.0125518 0.0119012 0.0274067 0.0203868 0.014182 0.0157129 0.022984 0.0536504 0.130271 0.00472883 0.00355848 0.00355637 0 0.0181061 0.0161988 0.0141012 0.0107443 0.0153204 0.0104925 0.00964881 0.0093212 0.00912552 0.0102203 0.0125218 0.00938998 0.00930175 0.0104308 0.0106209 0.0103825 0.0107037 0.0127154 0.0103403 0.00932867 0.00975133 0.008353 0.00904771 0.0084408 0.00884308 0.00860034 0.00876914 0.00863119 
0.00849356 0.00804578 0.00802091 0.00806656 0.00808467 0.00812512 0.00808816 0.00852992 0.00874105 0.00810236 0.00900258 0.00880343 0.00809429 0.00803256 0.00806948 0.00802366 0.00807254 0.00826525 0.00864684 0.00812579 0.00812087 0.00807234 0.0081973 0.00907208 0.0106621 0.00827771 0.00834526 0.00843814 0.00848102 0.00847048 0.00838378 0.00867981 0.0116133 0.0143477 0.0100626 0.00894574 0.00891873 0.00984078 0.0148219 0.0150115 0.00990197 0.0098642 0.0181061 0 0.0178449 0.0100977 0.0108213 0.00913817 0.0096908 0.00853295 0.00868879 0.00916594 0.0138151 0.0115336 0.00923326 0.00859876 0.00871263 0.00868664 0.0087356 0.00864746 0.00945 0.0125895 0.0104756 0.00824032 0.00825457 0.00810413 0.00812993 0.00822573 0.00817095 0.00829496 0.00984075 
0.00870302 0.00835519 0.00839923 0.00845766 0.00862079 0.00864015 0.00867765 0.00875727 0.00943553 0.00848113 0.00898493 0.00878314 0.00827829 0.00851228 0.00830624 0.00826166 0.00815898 0.00836457 0.00848453 0.0082222 0.00847633 0.00861073 0.00872286 0.00992163 0.0110986 0.00845177 0.00943429 0.00953272 0.0101543 0.010912 0.00944124 0.0101031 0.0127243 0.0168333 0.01041 0.0120485 0.0104272 0.0121836 0.0136812 0.0142696 0.0102507 0.0103572 0.0161988 0.0178449 0 0.00386049 0.00371676 0.00364388 0.00367439 0.00363505 0.0039184 0.00526482 0.00957222 0.012227 0.00926999 0.0101437 0.00979556 0.0124608 0.0106427 0.0238582 0.0231377 0.599836 0.0203766 0.00943908 0.0116676 0.00926721 0.0119653 0.0100566 0.0131503 0.012517 0.0345589 
0.00834277 0.00870323 0.00872891 0.00890405 0.00888771 0.00942892 0.00917721 0.00856439 0.00832104 0.00887084 0.00861095 0.0082962 0.00863672 0.00893248 0.00866173 0.00864032 0.00848557 0.00824388 0.00820617 0.00870399 0.00897756 0.00957234 0.00924946 0.00856112 0.00837917 0.00997611 0.00950614 0.0119168 0.0127462 0.0140921 0.0123937 0.00983693 0.00943132 0.00997098 0.0197063 0.0181961 0.0212193 0.0121966 0.00965481 0.00915309 0.013285 0.0121418 0.0141012 0.0100977 0.00386049 0 0.00364269 0.00362512 0.00360072 0.0035748 0.00365963 0.004035 0.00526594 0.00806107 0.0144019 0.00923974 0.0190165 0.0106495 0.0220867 0.0227457 0.695851 0.04006 0.0105162 0.0255239 0.00989527 0.0268027 0.0113099 0.028172 0.0165855 0.0465352 0.0113733 
0.00846252 0.0089013 0.00930907 0.00983344 0.0097727 0.0101805 0.00977138 0.00901765 0.00882633 0.008958 0.00888399 0.00873391 0.00887372 0.00975405 0.00906251 0.00897115 0.00873605 0.00823472 0.00830216 0.00880376 0.00989901 0.0108298 0.00986955 0.00917423 0.00997827 0.0087177 0.0184092 0.0168127 0.0249736 0.0258655 0.0180178 0.0126139 0.00912366 0.0118256 0.0175481 0.0579158 0.035375 0.0135603 0.00980324 0.00924568 0.0125454 0.0154493 0.0107443 0.0108213 0.00371676 0.00364269 0 0.00357566 0.00361974 0.0035689 0.00362573 0.00369204 0.00381077 0.00827022 0.00819546 0.0188709 0.0100896 0.0273793 0.0148221 0.736645 0.0613232 0.0237609 0.0166448 0.00974411 0.0750907 0.011658 0.080928 0.0195132 0.0987452 0.0123305 0.0127359 
0.00838461 0.00870788 0.00886808 0.0092078 0.00899128 0.00965085 0.0092658 0.00854452 0.00836668 0.00890054 0.00855115 0.00840896 0.00872024 0.00907115 0.00906009 0.00883087 0.00853792 0.00817655 0.00833826 0.00870285 0.0093122 0.0105482 0.00928989 0.00848976 0.00834294 0.011861 0.0107791 0.0187968 0.0207615 0.0218754 0.0171854 0.0097487 0.00962376 0.00952986 0.0228523 0.0307975 0.0403924 0.0108937 0.00938667 0.0119624 0.0117361 0.00956845 0.0153204 0.00913817 0.00364388 0.00362512 0.00357566 0 0.00355465 0.00355727 0.0036622 0.00366294 0.00369837 0.00764648 0.0104404 0.00866032 0.0288516 0.0113126 0.74807 0.109703 0.0436185 0.00959589 0.00994334 0.0412463 0.0100078 0.0745335 0.0125522 0.123503 0.0173367 0.0272917 0.00952508 
0.00837591 0.0086486 0.00875608 0.00890429 0.00894406 0.00964606 0.00908457 0.00861116 0.00847189 0.00855936 0.00867978 0.0084366 0.00858903 0.00899565 0.0087116 0.0085689 0.00844287 0.00816382 0.00819381 0.00860079 0.008999 0.00918293 0.00902249 0.00867006 0.00964951 0.00842314 0.0145405 0.0115954 0.01719 0.0156062 0.0120974 0.0101549 0.00869102 0.0101203 0.0124113 0.024888 0.0157493 0.0103728 0.00928785 0.00882178 0.00937954 0.0125422 0.0104925 0.0096908 0.00367439 0.00360072 0.00361974 0.00355465 0 0.00356977 0.00358419 0.00362375 0.0037391 0.00706049 0.00756061 0.023501 0.00994278 0.731532 0.0788936 0.0418601 0.00994924 0.0136203 0.016183 0.0091758 0.0498638 0.00969986 0.0808404 0.0123599 0.0399259 0.00999488 0.0119269 
0.00822752 0.00847308 0.0084929 0.00872875 0.00863704 0.00890778 0.00876105 0.00830952 0.00826318 0.00862114 0.00830347 0.00822681 0.00847047 0.00873761 0.00849387 0.00841376 0.00828267 0.00817475 0.0081937 0.00847657 0.00875075 0.00891165 0.00888187 0.00822923 0.00823167 0.00885188 0.00945837 0.0127421 0.0118692 0.013255 0.0105698 0.00917304 0.00844464 0.00878404 0.0116677 0.0155861 0.0159046 0.00936207 0.008698 0.00855443 0.00924624 0.008857 0.00964881 0.00853295 0.00363505 0.0035748 0.0035689 0.00355727 0.00356977 0 0.00360918 0.00359536 0.00356751 0.00638934 0.00963991 0.0127266 0.410908 0.132224 0.0192376 0.0100854 0.0119345 0.00830118 0.0091202 0.0121741 0.00966522 0.0409866 0.0120414 0.0226133 0.0131703 0.0118856 0.00902163 
0.00827156 0.00837624 0.00843876 0.00845555 0.0085483 0.00873044 0.00873993 0.00827762 0.00822672 0.00847128 0.00829331 0.00814833 0.008466 0.0086139 0.00838913 0.00838293 0.00832557 0.0080911 0.00817245 0.00838515 0.00856699 0.00879282 0.00866021 0.00821907 0.00821438 0.00874597 0.00976308 0.00973809 0.0106895 0.0110834 0.0101434 0.00864029 0.00848904 0.00862803 0.010158 0.0148243 0.0119669 0.00897269 0.00855762 0.00849285 0.0093127 0.00905581 0.0093212 0.00868879 0.0039184 0.00365963 0.00362573 0.0036622 0.00358419 0.00360918 0 0.00357222 0.00360592 0.0117422 0.0109352 0.322214 0.365492 0.0122229 0.0106204 0.0169248 0.00982155 0.00857823 0.00958888 0.0115798 0.0124776 0.0159609 0.0117341 0.0163086 0.0150585 0.010641 0.00900194 
0.00822286 0.00840038 0.00840131 0.00846309 0.00851994 0.0086682 0.0087205 0.0082085 0.00825909 0.00849377 0.00833081 0.0082448 0.00839553 0.00854663 0.00841467 0.00834986 0.00828266 0.00810752 0.00816478 0.00840408 0.00848534 0.00864379 0.0085245 0.00838843 0.00896058 0.00845096 0.00904989 0.00881836 0.00907254 0.00917954 0.00889295 0.00871455 0.00845018 0.00906065 0.00932212 0.00955362 0.00897523 0.00928202 0.00883489 0.00860417 0.00884792 0.0100783 0.00912552 0.00916594 0.00526482 0.004035 0.00369204 0.00366294 0.00362375 0.00359536 0.00357222 0 0.00366889 0.00924955 0.358852 0.344959 0.0075377 0.00836509 0.00854824 0.0094359 0.0127194 0.0101502 0.0143374 0.0142887 0.0153953 0.00894608 0.0108939 0.00963362 0.0115047 0.00999613 0.00969454 
