1EM8B
GEIAIAIPAHVRLVMVANDLPALTDPLVSDVLRALTVSPDQVLQLTPEKIAMLPQGSHCNSWRLGTDEPLSLEGAQVASPALTDLRANPTARAALWQQICTYEHDFFPRN
CCCCCCCCCCCCEEEECCCCCCCCCHHHHHHHHHCCCCHHHEEEECCCHHHHCCCCCECEEEEECCCCCCCCECCEEEECCHHHHHHCHHHHHHHHHHHHHCHHHHCCCC
0 0 0 0 0 0 0 0 0 0 0 0 0 0 0 0 0 0 0 0 0 0 0 0 0 0 0 0 0 0 0 0 0 0 0 0 0 0 0 0 0 0 0 0 0 0 0 0 0 0 0 0 0 0 0 0 0 0 0 0 0 0 0 0 0 0 0 0 0 0 0 0 0 0 0 0 0 0 0 0 0 0 0 0 0 0 0 0 0 0 0 0 0 0 0 0 0 0 0 0 0 0 0 0 0 0 0 0 0 0 
0 0 0 0 0 0 0 0 0 0 0 0 0 0 0 0 0 0 0 0 0 0 0 0 0 0 0 0 0 0 0 0 0 0 0 0 0 0 0 0 0 0 0 0 0 0 0 0 0 0 0 0 0 0 0 0 0 0 0 0 0 0 0 0 0 0 0 0 0 0 0 0 0 0 0 0 0 0 0 0 0 0 0 0 0 0 0 0 0 0 0 0 0 0 0 0 0 0 0 0 0 0 0 0 0 0 0 0 0 0 
0 0.00374331 0.00370221 0.00400462 0.368081 0.015482 0.0124415 0.0350981 0.0120399 0.0129138 0.0138527 0.012848 0.010219 0.0216417 0.0106855 0.0126319 0.0164281 0.0115139 0.0149316 
0.00374331 0 0.00392518 0.00361011 0.025344 0.515069 0.0351493 0.0171394 0.00928961 0.0125159 0.06742 0.0306395 0.0289264 0.0102918 0.00924867 0.0128215 0.0417144 0.0294685 0.00979569 
0.00370221 0.00392518 0 0.00363946 0.0246997 0.02981 0.741778 0.017416 0.0117401 0.0121846 0.0290561 0.0630557 0.0370288 0.0141509 0.00987885 0.0122417 0.0438574 0.0261759 0.0106073 
0.00400462 0.00361011 0.00363946 0 0.0289749 0.0193018 0.0307922 0.709308 0.0186535 0.0152803 0.012721 0.0122331 0.0153143 0.0211373 0.0184458 0.0272919 0.0136076 0.0145929 0.011576 
0.368081 0.025344 0.0246997 0.0289749 0 0.00361776 0.00359537 0.00378109 0.0106153 0.00577092 0.0073521 0.0137973 0.0231548 0.0397131 0.0112449 0.0114135 0.0114417 0.0120699 0.0217476 
0.015482 0.515069 0.02981 0.0193018 0.00361776 0 0.00362855 0.00363186 0.00707845 0.00729106 0.0159141 0.0358677 0.0169229 0.0121827 0.00863495 0.00953169 0.0206708 0.0142042 0.00977634 
0.0124415 0.0351493 0.741778 0.0307922 0.00359537 0.00362855 0 0.0035787 0.0132539 0.0124564 0.028478 0.0175074 0.0687927 0.00921097 0.011363 0.0134231 0.0208674 0.027118 0.00965572 
0.0350981 0.0171394 0.017416 0.709308 0.00378109 0.00363186 0.0035787 0 0.025734 0.0144049 0.0117668 0.0215884 0.0104072 0.0357709 0.014815 0.0185573 0.0166519 0.0106097 0.0142203 
0.0120399 0.00928961 0.0117401 0.0186535 0.0106153 0.00707845 0.0132539 0.025734 0 0.0040778 0.00383789 0.00362271 0.0039014 0.00403654 0.074889 0.0151744 0.00818634 0.0107211 0.0165994 
0.0129138 0.0125159 0.0121846 0.0152803 0.00577092 0.00729106 0.0124564 0.0144049 0.0040778 0 0.00355533 0.00357173 0.00358862 0.00357602 0.00608184 0.00745412 0.00889929 0.0158646 0.0193895 
0.0138527 0.06742 0.0290561 0.012721 0.0073521 0.0159141 0.028478 0.0117668 0.00383789 0.00355533 0 0.00354725 0.00353249 0.00356383 0.00580906 0.0266597 0.0177213 0.0705349 0.0121461 
0.012848 0.0306395 0.0630557 0.0122331 0.0137973 0.0358677 0.0175074 0.0215884 0.00362271 0.00357173 0.00354725 0 0.00354589 0.00355874 0.0058689 0.0092961 0.281689 0.0219772 0.0247647 
0.010219 0.0289264 0.0370288 0.0153143 0.0231548 0.0169229 0.0687927 0.0104072 0.0039014 0.00358862 0.00353249 0.00354589 0 0.00355539 0.0113789 0.0586605 0.0248391 0.208788 0.00967233 
0.0216417 0.0102918 0.0141509 0.0211373 0.0397131 0.0121827 0.00921097 0.0357709 0.00403654 0.00357602 0.00356383 0.00355874 0.00355539 0 0.030619 0.0136735 0.0444878 0.0109195 0.038392 
0.0106855 0.00924867 0.00987885 0.0184458 0.0112449 0.00863495 0.011363 0.014815 0.074889 0.00608184 0.00580906 0.0058689 0.0113789 0.030619 0 0.0687935 0.00407138 0.00400242 0.00517082 
0.0126319 0.0128215 0.0122417 0.0272919 0.0114135 0.00953169 0.0134231 0.0185573 0.0151744 0.00745412 0.0266597 0.0092961 0.0586605 0.0136735 0.0687935 0 0.0036539 0.0038603 0.00439618 
0.0164281 0.0417144 0.0438574 0.0136076 0.0114417 0.0206708 0.0208674 0.0166519 0.00818634 0.00889929 0.0177213 0.281689 0.0248391 0.0444878 0.00407138 0.0036539 0 0.00360276 0.00361605 
0.0115139 0.0294685 0.0261759 0.0145929 0.0120699 0.0142042 0.027118 0.0106097 0.0107211 0.0158646 0.0705349 0.0219772 0.208788 0.0109195 0.00400242 0.0038603 0.00360276 0 0.00358057 
0.0149316 0.00979569 0.0106073 0.011576 0.0217476 0.00977634 0.00965572 0.0142203 0.0165994 0.0193895 0.0121461 0.0247647 0.00967233 0.038392 0.00517082 0.00439618 0.00361605 0.00358057 0 
