1EQVA
KLHKEPATLIKAIDGDTVKLMYKGQPMTFRLLLVDTPETKHPKKGVEKYGPEASAFTKKMVENAKKIEVEFDKGQRTDKYGRGLAYIYADGKMVNEALVRQGLAKVAAAAAPNNTHEQHLRKSEAQAKKEKLNIWS
CCCEEEEEEEEECCCCEEEEEECCEEEEEEECCEECCCCCECCCECCCCHHHHHHHHHHHHHCCCCEEEEECCCCCECCCCCEEEEEEECCEEHHHHHHHCCCCEECCCECCECCCHHHHHHHHHHHHHCCCHHHC
0 0 0 0 0 0 0 0 0 0 0 0 0 0 0 0 0 0 0 0 0 0 0 0 0 0 0 0 0 0 0 0 0 0 0 0 0 0 0 0 0 0 0 0 0 0 0 0 0 0 0 0 0 0 0 0 0 0 0 0 0 0 0 0 0 0 0 0 0 0 0 0 0 0 0 0 0 0 0 0 0 0 0 0 0 0 0 0 0 0 0 0 0 0 0 0 0 0 0 0 0 0 0 0 0 0 0 0 0 0 0 0 0 0 0 0 0 0 0 0 0 0 0 0 0 0 0 0 0 0 0 0 0 0 0 0 
0 0 0 0 0 0 0 0 0 0 0 0 0 0 0 0 0 0 0 0 0 0 0 0 0 0 0 0 0 0 0 0 0 0 0 0 0 0 0 0 0 0 0 0 0 0 0 0 0 0 0 0 0 0 0 0 0 0 0 0 0 0 0 0 0 0 0 0 0 0 0 0 0 0 0 0 0 0 0 0 0 0 0 0 0 0 0 0 0 0 0 0 0 0 0 0 0 0 0 0 0 0 0 0 0 0 0 0 0 0 0 0 0 0 0 0 0 0 0 0 0 0 0 0 0 0 0 0 0 0 0 0 0 0 0 0 
0 0.00400436 0.00376643 0.00367479 0.0041121 0.00376747 0.00434592 0.00653124 0.00793051 0.011495 0.00762457 0.0119209 0.00780611 0.0226766 0.0160134 0.0103573 0.00918988 0.00915093 0.0150011 0.00920951 0.0170603 0.0165256 0.0121266 0.0144564 0.0131841 0.0178197 0.0147781 0.0123274 0.00876489 0.0103067 0.0130765 0.01363 0.0099037 0.00847929 0.00855398 0.00862767 0.0085559 0.00912618 0.0109796 0.00880289 0.00864158 0.00920927 0.00923992 0.0106078 0.0093501 
0.00400436 0 0.00368415 0.00369409 0.00368119 0.00363457 0.00371895 0.00526623 0.00617181 0.00651035 0.0173135 0.00737451 0.016693 0.00834148 0.0211445 0.0082969 0.00905433 0.0156741 0.00836795 0.0271111 0.0106308 0.014986 0.0124114 0.00892641 0.00943155 0.00972666 0.0170096 0.0088366 0.02036 0.00934299 0.0112399 0.00855156 0.00884592 0.00956975 0.0100973 0.0102884 0.0116449 0.00917353 0.00972318 0.00815494 0.00827166 0.00821928 0.00908334 0.00849497 0.00828871 
0.00376643 0.00368415 0 0.00364304 0.00367068 0.00358369 0.00367641 0.00423336 0.00381232 0.00910648 0.00703867 0.0205851 0.00748407 0.0180555 0.0116186 0.0087236 0.0111599 0.00819394 0.0321986 0.00861363 0.0233195 0.00870679 0.00846767 0.00885819 0.00848215 0.00914258 0.00900938 0.026246 0.00921288 0.0170939 0.00880922 0.0086299 0.00870673 0.00936074 0.0122827 0.0165007 0.0103239 0.0104656 0.00839675 0.00833466 0.00811757 0.00913589 0.00817751 0.00841303 0.00810755 
0.00367479 0.00369409 0.00364304 0 0.00362403 0.00367969 0.00363639 0.00359568 0.00409473 0.00622721 0.015136 0.00705262 0.0314164 0.00886619 0.137871 0.0083006 0.00796919 0.0195535 0.00833031 0.0318194 0.0089678 0.0116624 0.0104211 0.00853434 0.00892188 0.00912894 0.019845 0.00874975 0.042731 0.00891483 0.0104961 0.0083965 0.00909144 0.00997619 0.013411 0.0130796 0.0196593 0.00932715 0.00948454 0.00820598 0.00829117 0.00820627 0.0088232 0.00833625 0.00826558 
0.0041121 0.00368119 0.00367068 0.00362403 0 0.00356143 0.00360566 0.00370414 0.003658 0.00938383 0.00669195 0.0218662 0.00927809 0.321172 0.0196403 0.00731963 0.00973054 0.00794973 0.0168283 0.00886578 0.0151439 0.00900405 0.00865702 0.00892018 0.00873868 0.00938486 0.00948525 0.0206793 0.00927577 0.0141324 0.00937726 0.00866364 0.00874154 0.0095353 0.0125408 0.0178733 0.0113818 0.0104691 0.00854941 0.00830083 0.00814497 0.008906 0.00824578 0.00849418 0.008154 
0.00376747 0.00363457 0.00358369 0.00367969 0.00356143 0 0.00359763 0.0036762 0.00367383 0.00537508 0.0140543 0.0096897 0.347763 0.0273379 0.00765479 0.00716322 0.00748529 0.012562 0.00864125 0.012083 0.0102517 0.00931455 0.00894501 0.0084089 0.00863086 0.00893513 0.0132684 0.00968312 0.0180576 0.0103137 0.0092287 0.00851977 0.00878059 0.00955102 0.013462 0.0142598 0.0137487 0.00967293 0.00855061 0.00824097 0.00821082 0.00828631 0.00833756 0.0083363 0.0081525 
0.00434592 0.00371895 0.00367641 0.00363639 0.00360566 0.00359763 0 0.00357973 0.00357433 0.00473075 0.0156931 0.0352434 0.0499142 0.00635398 0.00662868 0.00673624 0.00770532 0.00871511 0.00868296 0.0128107 0.00907543 0.00962215 0.0092097 0.00843104 0.00853222 0.00912104 0.0131033 0.00991209 0.0265153 0.00960219 0.00913837 0.00844436 0.00865407 0.00928635 0.0135057 0.0125581 0.0148964 0.00912429 0.00858918 0.0080919 0.00808 0.00839071 0.00835943 0.00830445 0.0081452 
0.00653124 0.00526623 0.00423336 0.00359568 0.00370414 0.0036762 0.00357973 0 0.00357409 0.0201503 0.0233773 0.215803 0.00587564 0.00992848 0.00583297 0.007207 0.011171 0.00744152 0.0168724 0.00813684 0.0229581 0.0094864 0.0119287 0.0119207 0.0089312 0.0101221 0.0104258 0.0301587 0.00901344 0.0218484 0.00872123 0.00959115 0.00963418 0.0106896 0.0101685 0.0137784 0.00971334 0.013504 0.00838708 0.00880287 0.00823931 0.00935466 0.00826123 0.00851648 0.00816251 
0.00793051 0.00617181 0.00381232 0.00409473 0.003658 0.00367383 0.00357433 0.00357409 0 0.0225407 0.234249 0.00417193 0.00641316 0.00516354 0.00983717 0.00919141 0.00705309 0.0110534 0.00765526 0.0141625 0.00938898 0.0756975 0.0360794 0.0130084 0.0128567 0.0150222 0.058204 0.00878182 0.0145322 0.00904569 0.0159596 0.0108482 0.0158298 0.00977416 0.00970836 0.00927169 0.0105408 0.00907606 0.0115222 0.00864484 0.00848862 0.00889965 0.0099188 0.0101496 0.00975576 
0.011495 0.00651035 0.00910648 0.00622721 0.00938383 0.00537508 0.00473075 0.0201503 0.0225407 0 0.00362413 0.00366884 0.00358576 0.00385292 0.00430605 0.00514742 0.00602883 0.00588324 0.00967631 0.00775902 0.945106 0.0421925 0.0109055 0.0185796 0.0125633 0.0190685 0.0135503 0.0263078 0.00907936 0.017855 0.0161206 0.0172559 0.0126107 0.0101055 0.00964723 0.0111327 0.00939311 0.0136868 0.0125337 0.00994131 0.0101534 0.0111881 0.01038 0.0114112 0.00963413 
0.00762457 0.0173135 0.00703867 0.015136 0.00669195 0.0140543 0.0156931 0.0233773 0.234249 0.00362413 0 0.00360259 0.0037797 0.00362309 0.00404786 0.00430824 0.0051686 0.00979156 0.00703861 0.982262 0.0113644 0.0141365 0.0166586 0.00864823 0.00995264 0.0111792 0.0439077 0.00914599 0.0702523 0.00972513 0.0242164 0.00905963 0.0104173 0.0123859 0.0188148 0.0132597 0.0344088 0.010203 0.0127906 0.00838706 0.00922472 0.00849182 0.0115358 0.00886034 0.00862991 
0.0119209 0.00737451 0.0205851 0.00705262 0.0218662 0.0096897 0.0352434 0.215803 0.00417193 0.00366884 0.00360259 0 0.00355621 0.00390418 0.00355413 0.00385324 0.0163284 0.00490037 0.979172 0.00804136 0.0165378 0.00685837 0.00719824 0.00856404 0.0080363 0.00926443 0.00886918 0.0833674 0.00977429 0.0589901 0.00887188 0.00909024 0.00921672 0.0116305 0.0150323 0.0498802 0.0121536 0.019717 0.00861737 0.00870348 0.00830742 0.00973178 0.00826625 0.00843931 0.00810098 
0.00780611 0.016693 0.00748407 0.0314164 0.00927809 0.347763 0.0499142 0.00587564 0.00641316 0.00358576 0.0037797 0.00355621 0 0.00353764 0.00357327 0.00380805 0.00443066 0.986267 0.00638678 0.0313986 0.00653816 0.00814682 0.00831449 0.00698198 0.00812465 0.00866824 0.0250162 0.00881994 0.159808 0.00916776 0.0123992 0.00828343 0.00951305 0.0106632 0.0257613 0.014395 0.0451702 0.00953614 0.0100334 0.00820582 0.00847099 0.00837611 0.00918698 0.00831169 0.00829864 
0.0226766 0.00834148 0.0180555 0.00886619 0.321172 0.0273379 0.00635398 0.00992848 0.00516354 0.00385292 0.00362309 0.00390418 0.00353764 0 0.00357367 0.0037455 0.992788 0.00562128 0.0108107 0.00482475 0.00737551 0.00645048 0.00668679 0.0112442 0.00819158 0.0102642 0.00916824 0.0526017 0.00905781 0.0286557 0.00878893 0.0104928 0.00963356 0.0126657 0.0102189 0.0175338 0.00955282 0.0153713 0.00854096 0.00897585 0.00841761 0.00971196 0.00837907 0.00840392 0.00815181 
0.0160134 0.0211445 0.0116186 0.137871 0.0196403 0.00765479 0.00662868 0.00583297 0.00983717 0.00430605 0.00404786 0.00355413 0.00357327 0.00357367 0 0.996621 0.00385481 0.00563222 0.00371906 0.00472568 0.00504647 0.00753739 0.0154827 0.00721816 0.0102311 0.0141091 0.0524527 0.00870379 0.0128536 0.00877815 0.0143352 0.0110726 0.0171576 0.00964755 0.00985794 0.00917318 0.00994959 0.00882063 0.0102783 0.00914048 0.00846582 0.00918392 0.00998236 0.010181 0.00956111 
0.0103573 0.0082969 0.0087236 0.0083006 0.00731963 0.00716322 0.00673624 0.007207 0.00919141 0.00514742 0.00430824 0.00385324 0.00380805 0.0037455 0.996621 0 0.0036435 0.00356258 0.00361696 0.00363566 0.00392522 0.00442756 0.0056851 0.00634072 0.00776702 0.0108732 0.0134133 0.00979035 0.00924187 0.00877929 0.0140993 0.0112601 0.00922384 0.00860901 0.00876586 0.00876294 0.00871623 0.00876423 0.0155762 0.00836916 0.00896473 0.0086621 0.00945258 0.00977109 0.0087072 
0.00918988 0.00905433 0.0111599 0.00796919 0.00973054 0.00748529 0.00770532 0.011171 0.00705309 0.00602883 0.0051686 0.0163284 0.00443066 0.992788 0.00385481 0.0036435 0 0.00355509 0.00367302 0.0035498 0.00385229 0.00377612 0.00497848 0.00614717 0.00653699 0.00828998 0.00947141 0.0140685 0.00867625 0.0174283 0.00892556 0.00941496 0.00863309 0.00929917 0.00929649 0.0101727 0.00914853 0.0153441 0.00868971 0.00834391 0.00830654 0.0086158 0.00848757 0.00859707 0.00811929 
0.00915093 0.0156741 0.00819394 0.0195535 0.00794973 0.012562 0.00871511 0.00744152 0.0110534 0.00588324 0.00979156 0.00490037 0.986267 0.00562128 0.00563222 0.00356258 0.00355509 0 0.00355678 0.00367787 0.00356299 0.00359748 0.00454381 0.00429658 0.00607718 0.00734535 0.0223319 0.00875371 0.0611711 0.00894346 0.0162311 0.00832944 0.00928913 0.0098656 0.0150643 0.0105767 0.0312364 0.00896426 0.0101211 0.00820252 0.00839036 0.00828543 0.00912814 0.00819671 0.00812232 
0.0150011 0.00836795 0.0321986 0.00833031 0.0168283 0.00864125 0.00868296 0.0168724 0.00765526 0.00967631 0.00703861 0.979172 0.00638678 0.0108107 0.00371906 0.00361696 0.00367302 0.00355678 0 0.00356304 0.00360284 0.00365872 0.00381735 0.00450166 0.00605239 0.00792357 0.00888828 0.0900809 0.00957317 0.0553193 0.00907576 0.00932414 0.00909555 0.0120031 0.0151235 0.052597 0.0116409 0.0244703 0.0086951 0.0090038 0.00850226 0.00989207 0.00842479 0.00838522 0.00810872 
0.00920951 0.0271111 0.00861363 0.0318194 0.00886578 0.012083 0.0128107 0.00813684 0.0141625 0.00775902 0.982262 0.00804136 0.0313986 0.00482475 0.00472568 0.00363566 0.0035498 0.00367787 0.00356304 0 0.00355077 0.00357449 0.00451213 0.00406609 0.00635001 0.00752163 0.0393828 0.0092202 0.255871 0.00963686 0.0134653 0.00841293 0.0115583 0.0151681 0.0475232 0.0169406 0.0745385 0.00982721 0.0116018 0.00839116 0.00873064 0.00857366 0.00967983 0.00832214 0.00824692 
0.0170603 0.0106308 0.0233195 0.0089678 0.0151439 0.0102517 0.00907543 0.0229581 0.00938898 0.945106 0.0113644 0.0165378 0.00653816 0.00737551 0.00504647 0.00392522 0.00385229 0.00356299 0.00360284 0.00355077 0 0.00362805 0.00482917 0.0266001 0.0066877 0.0103662 0.0107623 0.0809788 0.0101287 0.068455 0.0101522 0.010634 0.012052 0.0293644 0.0168907 0.0373482 0.0135869 0.036171 0.00955832 0.0100427 0.00900442 0.0119461 0.00908478 0.00875991 0.00831729 
0.0165256 0.014986 0.00870679 0.0116624 0.00900405 0.00931455 0.00962215 0.0094864 0.0756975 0.0421925 0.0141365 0.00685837 0.00814682 0.00645048 0.00753739 0.00442756 0.00377612 0.00359748 0.00365872 0.00357449 0.00362805 0 0.0452996 0.00399241 0.00855777 0.0155849 0.0564919 0.00943152 0.0211696 0.0118055 0.0423868 0.0117679 0.02267 0.0127185 0.0170781 0.0123712 0.0176787 0.0116132 0.0171171 0.0106636 0.00966121 0.0105248 0.0111707 0.0103174 0.00999974 
0.0121266 0.0124114 0.00846767 0.0104211 0.00865702 0.00894501 0.0092097 0.0119287 0.0360794 0.0109055 0.0166586 0.00719824 0.00831449 0.00668679 0.0154827 0.0056851 0.00497848 0.00454381 0.00381735 0.00451213 0.00482917 0.0452996 0 0.00461515 0.0182633 0.0622329 0.0328164 0.0133285 0.0123954 0.0115458 0.0216752 0.0177534 0.0126643 0.0111675 0.0093277 0.00948426 0.0097295 0.0105464 0.0167229 0.00995899 0.0160051 0.00973066 0.0214057 0.0122658 0.0105166 
0.0144564 0.00892641 0.00885819 0.00853434 0.00892018 0.0084089 0.00843104 0.0119207 0.0130084 0.0185796 0.00864823 0.00856404 0.00698198 0.0112442 0.00721816 0.00634072 0.00614717 0.00429658 0.00450166 0.00406609 0.0266001 0.00399241 0.00461515 0 0.0361206 0.00903691 0.0128794 0.0130978 0.00947272 0.0199248 0.014713 0.0126868 0.0129115 0.00993179 0.00936511 0.00981741 0.0093677 0.0113885 0.00932038 0.0127807 0.00908888 0.0157265 0.00911344 0.00990035 0.00925049 
0.0131841 0.00943155 0.00848215 0.00892188 0.00873868 0.00863086 0.00853222 0.0089312 0.0128567 0.0125633 0.00995264 0.0080363 0.00812465 0.00819158 0.0102311 0.00776702 0.00653699 0.00607718 0.00605239 0.00635001 0.0066877 0.00855777 0.0182633 0.0361206 0 0.962037 0.018331 0.0102168 0.00891881 0.0100055 0.0140523 0.0324037 0.0127886 0.0090615 0.00853645 0.00865785 0.00853648 0.0088167 0.0107548 0.0113155 0.0120807 0.0101345 0.0113649 0.0151222 0.0142516 
0.0178197 0.00972666 0.00914258 0.00912894 0.00938486 0.00893513 0.00912104 0.0101221 0.0150222 0.0190685 0.0111792 0.00926443 0.00866824 0.0102642 0.0141091 0.0108732 0.00828998 0.00734535 0.00792357 0.00752163 0.0103662 0.0155849 0.0622329 0.00903691 0.962037 0 0.025939 0.0110418 0.0100338 0.0126838 0.0242149 0.0787158 0.0153891 0.00998895 0.00869692 0.00883268 0.0087456 0.00991028 0.0125765 0.0185013 0.0131223 0.0135189 0.0124329 0.0232417 0.0187919 
0.0147781 0.0170096 0.00900938 0.019845 0.00948525 0.0132684 0.0131033 0.0104258 0.058204 0.0135503 0.0439077 0.00886918 0.0250162 0.00916824 0.0524527 0.0134133 0.00947141 0.0223319 0.00888828 0.0393828 0.0107623 0.0564919 0.0328164 0.0128794 0.018331 0.025939 0 0.00443156 0.00393366 0.00364846 0.00583289 0.01087 0.0361909 0.013404 0.0178037 0.0109742 0.0355682 0.012155 0.324967 0.0100212 0.020283 0.0121835 0.0421122 0.0210419 0.0205288 
0.0123274 0.0088366 0.026246 0.00874975 0.0206793 0.00968312 0.00991209 0.0301587 0.00878182 0.0263078 0.00914599 0.0833674 0.00881994 0.0526017 0.00870379 0.00979035 0.0140685 0.00875371 0.0900809 0.0092202 0.0809788 0.00943152 0.0133285 0.0130978 0.0102168 0.0110418 0.00443156 0 0.00356208 0.00396512 0.00367024 0.0087988 0.0113175 0.0260843 0.010328 0.065658 0.0112978 0.342863 0.00894969 0.0133253 0.00896462 0.0236808 0.00940136 0.0112959 0.00868434 
0.00876489 0.02036 0.00921288 0.042731 0.00927577 0.0180576 0.0265153 0.00901344 0.0145322 0.00907936 0.0702523 0.00977429 0.159808 0.00905781 0.0128536 0.00924187 0.00867625 0.0611711 0.00957317 0.255871 0.0101287 0.0211696 0.0123954 0.00947272 0.00891881 0.0100338 0.00393366 0.00356208 0 0.00357995 0.00357603 0.00459974 0.0165573 0.0186429 0.0843972 0.0160858 0.461391 0.00912201 0.01469 0.00802521 0.00864445 0.00921366 0.0130667 0.00976049 0.00929357 
0.0103067 0.00934299 0.0170939 0.00891483 0.0141324 0.0103137 0.00960219 0.0218484 0.00904569 0.017855 0.00972513 0.0589901 0.00916776 0.0286557 0.00877815 0.00877929 0.0174283 0.00894346 0.0553193 0.00963686 0.068455 0.0118055 0.0115458 0.0199248 0.0100055 0.0126838 0.00364846 0.00396512 0.00357995 0 0.00359823 0.00948315 0.0163132 0.0692361 0.0256408 0.384543 0.00970681 0.044328 0.00979885 0.0120811 0.00946548 0.0150569 0.0102657 0.0101691 0.0089577 
0.0130765 0.0112399 0.00880922 0.0104961 0.00937726 0.0092287 0.00913837 0.00872123 0.0159596 0.0161206 0.0242164 0.00887188 0.0123992 0.00878893 0.0143352 0.0140993 0.00892556 0.0162311 0.00907576 0.0134653 0.0101522 0.0423868 0.0216752 0.014713 0.0140523 0.0242149 0.00583289 0.00367024 0.00357603 0.00359823 0 0.0696501 0.0806948 0.023531 0.23946 0.0109592 0.0169678 0.011751 0.0300552 0.0103826 0.0105256 0.0134281 0.0189758 0.0153511 0.0139203 
0.01363 0.00855156 0.0086299 0.0083965 0.00866364 0.00851977 0.00844436 0.00959115 0.0108482 0.0172559 0.00905963 0.00909024 0.00828343 0.0104928 0.0110726 0.0112601 0.00941496 0.00832944 0.00932414 0.00841293 0.010634 0.0117679 0.0177534 0.0126868 0.0324037 0.0787158 0.01087 0.0087988 0.00459974 0.00948315 0.0696501 0 0.565962 0.0785298 0.00771054 0.0058549 0.00558371 0.00702671 0.00736479 0.0210244 0.023872 0.0329584 0.0156368 0.0459851 0.0439261 
0.0099037 0.00884592 0.00870673 0.00909144 0.00874154 0.00878059 0.00865407 0.00963418 0.0158298 0.0126107 0.0104173 0.00921672 0.00951305 0.00963356 0.0171576 0.00922384 0.00863309 0.00928913 0.00909555 0.0115583 0.012052 0.02267 0.0126643 0.0129115 0.0127886 0.0153891 0.0361909 0.0113175 0.0165573 0.0163132 0.0806948 0.565962 0 0.00369168 0.00356425 0.00359541 0.00362298 0.00411066 0.00862197 0.00536975 0.00827688 0.0263368 0.0210681 0.0198654 0.0144398 
0.00847929 0.00956975 0.00936074 0.00997619 0.0095353 0.00955102 0.00928635 0.0106896 0.00977416 0.0101055 0.0123859 0.0116305 0.0106632 0.0126657 0.00964755 0.00860901 0.00929917 0.0098656 0.0120031 0.0151681 0.0293644 0.0127185 0.0111675 0.00993179 0.0090615 0.00998895 0.013404 0.0260843 0.0186429 0.0692361 0.023531 0.0785298 0.00369168 0 0.00358934 0.00357808 0.00359434 0.00415829 0.00431882 0.00472226 0.00474579 0.0154658 0.0146013 0.0114096 0.00992187 
0.00855398 0.0100973 0.0122827 0.013411 0.0125408 0.013462 0.0135057 0.0101685 0.00970836 0.00964723 0.0188148 0.0150323 0.0257613 0.0102189 0.00985794 0.00876586 0.00929649 0.0150643 0.0151235 0.0475232 0.0168907 0.0170781 0.0093277 0.00936511 0.00853645 0.00869692 0.0178037 0.010328 0.0843972 0.0256408 0.23946 0.00771054 0.00356425 0.00358934 0 0.00357051 0.00357501 0.00358074 0.00359819 0.00373802 0.00462756 0.013317 0.0124092 0.0098316 0.00853964 
0.00862767 0.0102884 0.0165007 0.0130796 0.0178733 0.0142598 0.0125581 0.0137784 0.00927169 0.0111327 0.0132597 0.0498802 0.014395 0.0175338 0.00917318 0.00876294 0.0101727 0.0105767 0.052597 0.0169406 0.0373482 0.0123712 0.00948426 0.00981741 0.00865785 0.00883268 0.0109742 0.065658 0.0160858 0.384543 0.0109592 0.0058549 0.00359541 0.00357808 0.00357051 0 0.00355772 0.00358494 0.00357961 0.00363949 0.0040781 0.0161297 0.0385908 0.0094641 0.00867854 
0.0085559 0.0116449 0.0103239 0.0196593 0.0113818 0.0137487 0.0148964 0.00971334 0.0105408 0.00939311 0.0344088 0.0121536 0.0451702 0.00955282 0.00994959 0.00871623 0.00914853 0.0312364 0.0116409 0.0745385 0.0135869 0.0176787 0.0097295 0.0093677 0.00853648 0.0087456 0.0355682 0.0112978 0.461391 0.00970681 0.0169678 0.00558371 0.00362298 0.00359434 0.00357501 0.00355772 0 0.00357272 0.00359275 0.003799 0.00569215 0.0422588 0.0122016 0.0090398 0.00885141 
0.00912618 0.00917353 0.0104656 0.00932715 0.0104691 0.00967293 0.00912429 0.013504 0.00907606 0.0136868 0.010203 0.019717 0.00953614 0.0153713 0.00882063 0.00876423 0.0153441 0.00896426 0.0244703 0.00982721 0.036171 0.0116132 0.0105464 0.0113885 0.0088167 0.00991028 0.012155 0.342863 0.00912201 0.044328 0.011751 0.00702671 0.00411066 0.00415829 0.00358074 0.00358494 0.00357272 0 0.00363445 0.0042486 0.914271 0.0135787 0.0123021 0.011303 0.00975859 
0.0109796 0.00972318 0.00839675 0.00948454 0.00854941 0.00855061 0.00858918 0.00838708 0.0115222 0.0125337 0.0127906 0.00861737 0.0100334 0.00854096 0.0102783 0.0155762 0.00868971 0.0101211 0.0086951 0.0116018 0.00955832 0.0171171 0.0167229 0.00932038 0.0107548 0.0125765 0.324967 0.00894969 0.01469 0.00979885 0.0300552 0.00736479 0.00862197 0.00431882 0.00359819 0.00357961 0.00359275 0.00363445 0 0.970771 0.00382912 0.0105713 0.0242039 0.0163507 0.014101 
0.00880289 0.00815494 0.00833466 0.00820598 0.00830083 0.00824097 0.0080919 0.00880287 0.00864484 0.00994131 0.00838706 0.00870348 0.00820582 0.00897585 0.00914048 0.00836916 0.00834391 0.00820252 0.0090038 0.00839116 0.0100427 0.0106636 0.00995899 0.0127807 0.0113155 0.0185013 0.0100212 0.0133253 0.00802521 0.0120811 0.0103826 0.0210244 0.00536975 0.00472226 0.00373802 0.00363949 0.003799 0.0042486 0.970771 0 0.0037884 0.0259438 0.0190675 0.0186381 0.0134427 
0.00864158 0.00827166 0.00811757 0.00829117 0.00814497 0.00821082 0.00808 0.00823931 0.00848862 0.0101534 0.00922472 0.00830742 0.00847099 0.00841761 0.00846582 0.00896473 0.00830654 0.00839036 0.00850226 0.00873064 0.00900442 0.00966121 0.0160051 0.00908888 0.0120807 0.0131223 0.020283 0.00896462 0.00864445 0.00946548 0.0105256 0.023872 0.00827688 0.00474579 0.00462756 0.0040781 0.00569215 0.914271 0.00382912 0.0037884 0 0.0320291 0.0129604 0.0168282 0.0150234 
0.00920927 0.00821928 0.00913589 0.00820627 0.008906 0.00828631 0.00839071 0.00935466 0.00889965 0.0111881 0.00849182 0.00973178 0.00837611 0.00971196 0.00918392 0.0086621 0.0086158 0.00828543 0.00989207 0.00857366 0.0119461 0.0105248 0.00973066 0.0157265 0.0101345 0.0135189 0.0121835 0.0236808 0.00921366 0.0150569 0.0134281 0.0329584 0.0263368 0.0154658 0.013317 0.0161297 0.0422588 0.0135787 0.0105713 0.0259438 0.0320291 0 0.0044836 0.0261607 0.0196884 
0.00923992 0.00908334 0.00817751 0.0088232 0.00824578 0.00833756 0.00835943 0.00826123 0.0099188 0.01038 0.0115358 0.00826625 0.00918698 0.00837907 0.00998236 0.00945258 0.00848757 0.00912814 0.00842479 0.00967983 0.00908478 0.0111707 0.0214057 0.00911344 0.0113649 0.0124329 0.0421122 0.00940136 0.0130667 0.0102657 0.0189758 0.0156368 0.0210681 0.0146013 0.0124092 0.0385908 0.0122016 0.0123021 0.0242039 0.0190675 0.0129604 0.0044836 0 0.0364459 0.012429 
0.0106078 0.00849497 0.00841303 0.00833625 0.00849418 0.0083363 0.00830445 0.00851648 0.0101496 0.0114112 0.00886034 0.00843931 0.00831169 0.00840392 0.010181 0.00977109 0.00859707 0.00819671 0.00838522 0.00832214 0.00875991 0.0103174 0.0122658 0.00990035 0.0151222 0.0232417 0.0210419 0.0112959 0.00976049 0.0101691 0.0153511 0.0459851 0.0198654 0.0114096 0.0098316 0.0094641 0.0090398 0.011303 0.0163507 0.0186381 0.0168282 0.0261607 0.0364459 0 0.811223 
0.0093501 0.00828871 0.00810755 0.00826558 0.008154 0.0081525 0.0081452 0.00816251 0.00975576 0.00963413 0.00862991 0.00810098 0.00829864 0.00815181 0.00956111 0.0087072 0.00811929 0.00812232 0.00810872 0.00824692 0.00831729 0.00999974 0.0105166 0.00925049 0.0142516 0.0187919 0.0205288 0.00868434 0.00929357 0.0089577 0.0139203 0.0439261 0.0144398 0.00992187 0.00853964 0.00867854 0.00885141 0.00975859 0.014101 0.0134427 0.0150234 0.0196884 0.012429 0.811223 0 
