1EUDB
MVNLQEYQSKKLMSDNGVKVQRFFVADTANEALEAAKRLNAKEIVLKAQILAGGRGKGVFSSGLKGGVHLTKDPEVVGQLAKQMIGYNLATKQTPKEGVKVNKVMVAEALDISRETYLAILMDRSCNGPVLVGSPQGGVDIEEVAASNPELIFKEQIDIIEGIKDSQAQRMAENLGFLGPLQNQAADQIKKLYNLFLKIDATQVEVNPFGETPEGQVVCFDAKINFDDNAEFRQKDIFAMDDKSENEPIENEAAKYDLKYIGLDGNIACFVNGAGLAMATCDIIFLNGGKPANFLDLGGGVKESQVYQAFKLLTADPKVEAILVNIFGGIVNXAIIANGITKACRELELKVPLVVRLEGTNVHEAQNILTNSGLPITSAVDLEDAAKKAVASVTK
CCCCCHHHHHHHHHCCCCCCCCEEEECCHHHHHHHHHHHCCCCEEEEECCCCCCHHHCEECCCCECCEEEECCHHHHHHHHHCCCCCEEECCCCCCCCEECCCEEEEECCCCCEEEEEEEEEEHHHCEEEEEEECCCCCCHHHHHHHCHHHCEEEECECCCECCHHHHHHHHHHCCCCHHHHHHHHHHHHHHHHHHHHCCEEEEEEEEEEEECCCEEEECCEEEEECHHHHHHCHHHHHCCCCCCCCHHHHHHHHCCCEEEECCCCEEEEECCHHHHHHHHHHHHHCCCCECEEEECCCCCCHHHHHHHHHHHCCCCCCCEEEEEEECCCCCHHHHHHHHHHHHHHCCCCCCEEEEEECCCHHHHHHHHHCCCCCEEECCCHHHHHHHHHHCCCC
0 0 0 0 0 0 0 0 0 0 0 0 0 0 0 0 0 0 0 0 0 0 0 0 0 0 0 0 0 0 0 0 0 0 0 0 0 0 0 0 0 0 0 0 0 0 0 0 0 0 0 0 0 0 0 0 0 0 0 0 0 0 0 0 0 0 0 0 0 0 0 0 0 0 0 0 0 0 0 0 0 0 0 0 0 0 0 0 0 0 0 0 0 0 0 0 0 0 0 0 0 0 0 0 0 0 0 0 0 0 0 0 0 0 0 0 0 0 0 0 0 0 0 0 0 0 0 0 0 0 0 0 0 0 0 0 0 0 0 0 0 0 0 0 0 0 0 0 0 0 0 0 0 0 0 0 0 0 0 0 0 0 0 0 0 0 0 0 0 0 0 0 0 0 0 0 0 0 0 0 0 0 0 0 0 0 0 0 0 0 0 0 0 0 0 0 0 0 0 0 0 0 0 0 0 0 0 0 0 0 0 0 0 0 0 0 0 0 0 0 0 0 0 0 0 0 0 0 0 0 0 0 0 0 0 0 0 0 0 0 0 0 0 0 0 0 0 0 0 0 0 0 0 0 0 0 0 0 0 0 0 0 0 0 0 0 0 0 0 0 0 0 0 0 0 0 0 0 0 0 0 0 0 0 0 0 0 0 0 0 0 0 0 0 0 0 0 0 0 0 0 0 0 0 0 0 0 0 0 0 0 0 0 0 0 0 0 0 0 0 0 0 0 0 0 0 0 0 0 0 0 0 0 0 0 0 0 0 0 0 0 0 0 0 0 0 0 0 0 0 0 0 0 0 0 0 0 0 0 0 0 0 0 0 0 0 0 0 0 0 0 0 0 0 0 0 0 0 0 0 0 0 0 0 0 0 0 0 0 0 0 0 0 0 0 
0 0 0 0 0 0 0 0 0 0 0 0 0 0 0 0 0 0 0 0 0 0 0 0 0 0 0 0 0 0 0 0 0 0 0 0 0 0 0 0 0 0 0 0 0 0 0 0 0 0 0 0 0 0 0 0 0 0 0 0 0 0 0 0 0 0 0 0 0 0 0 0 0 0 0 0 0 0 0 0 0 0 0 0 0 0 0 0 0 0 0 0 0 0 0 0 0 0 0 0 0 0 0 0 0 0 0 0 0 0 0 0 0 0 0 0 0 0 0 0 0 0 0 0 0 0 0 0 0 0 0 0 0 0 0 0 0 0 0 0 0 0 0 0 0 0 0 0 0 0 0 0 0 0 0 0 0 0 0 0 0 0 0 0 0 0 0 0 0 0 0 0 0 0 0 0 0 0 0 0 0 0 0 0 0 0 0 0 0 0 0 0 0 0 0 0 0 0 0 0 0 0 0 0 0 0 0 0 0 0 0 0 0 0 0 0 0 0 0 0 0 0 0 0 0 0 0 0 0 0 0 0 0 0 0 0 0 0 0 0 0 0 0 0 0 0 0 0 0 0 0 0 0 0 0 0 0 0 0 0 0 0 0 0 0 0 0 0 0 0 0 0 0 0 0 0 0 0 0 0 0 0 0 0 0 0 0 0 0 0 0 0 0 0 0 0 0 0 0 0 0 0 0 0 0 0 0 0 0 0 0 0 0 0 0 0 0 0 0 0 0 0 0 0 0 0 0 0 0 0 0 0 0 0 0 0 0 0 0 0 0 0 0 0 0 0 0 0 0 0 0 0 0 0 0 0 0 0 0 0 0 0 0 0 0 0 0 0 0 0 0 0 0 0 0 0 0 0 0 0 0 0 0 0 0 0 0 0 0 0 0 0 0 0 0 
0 0.00372024 0.00393796 0.0175374 0.0860166 0.0199732 0.0159876 0.0106457 0.0705864 0.00977448 0.0254897 0.0120456 0.0112251 0.00976152 0.00977847 0.0300746 0.00971015 0.0107269 0.0112688 0.00910018 0.00990671 0.0119943 0.00878149 0.00914598 0.00894221 0.0120776 0.00965633 0.00832959 0.00893877 0.00850279 0.00902347 0.00886883 0.00920779 0.00868339 0.0087798 0.0097554 0.00863763 0.00840905 0.00863297 0.0086918 0.00869528 0.00881985 0.00921835 0.00843668 0.00806604 0.00861841 0.00822124 0.00863059 0.0086938 0.00839455 0.00830787 0.0082434 0.00830276 0.00826591 0.00829922 0.00820581 0.00821823 0.00825413 0.00828437 0.00821796 0.00834794 0.00817357 0.0082456 0.00826319 0.00844961 0.00852286 0.00820273 0.0084762 0.0082445 0.00850736 0.00833875 0.00848294 0.00833574 0.00839096 0.00831623 0.00835918 0.00840562 0.00829926 0.00836387 0.0087771 0.008394 0.00849646 0.00830653 0.00837445 0.00899718 0.00846178 0.00849887 0.00852461 0.00849274 0.00839393 0.00855109 0.00940054 0.00864634 0.00889375 0.00864719 0.00881967 0.00901364 0.0106109 0.00873628 0.00996327 
0.00372024 0 0.00557772 0.00361089 0.026125 0.0719653 0.0248039 0.0416535 0.0109901 0.01054 0.00992791 0.00935391 0.00928067 0.0114766 0.0146694 0.0098599 0.0100969 0.00963491 0.00961314 0.00853616 0.0091244 0.00877549 0.0120592 0.0104437 0.010313 0.00959812 0.00824559 0.00884455 0.00851373 0.00939855 0.00974358 0.0110649 0.00998356 0.0103241 0.00895846 0.00872098 0.0081894 0.00871446 0.00920621 0.00987079 0.00914904 0.00894071 0.00837603 0.00815617 0.00835535 0.00836527 0.00829438 0.00836804 0.00812313 0.00822146 0.00862819 0.00861732 0.00858021 0.00852406 0.00841074 0.00842222 0.00842288 0.00844023 0.00845389 0.00836037 0.00816574 0.00810442 0.00845444 0.00849753 0.00834221 0.00823817 0.00837976 0.00845229 0.00835311 0.00819981 0.00816832 0.00849661 0.00837828 0.00830759 0.00819401 0.00837729 0.00849718 0.00839442 0.00827708 0.00821745 0.00823658 0.00843036 0.00839301 0.00831713 0.00856561 0.00859386 0.00860736 0.00861797 0.00863433 0.00856067 0.00839167 0.00859616 0.00880578 0.00881053 0.0086644 0.00875735 0.00855112 0.00895446 0.00885245 0.00894543 
0.00393796 0.00557772 0 0.00370725 0.0139217 0.0268896 0.042192 0.0373714 0.0122709 0.0113704 0.0090519 0.010183 0.0103764 0.0113791 0.0122594 0.008876 0.00989118 0.00908028 0.0091629 0.00867229 0.00889766 0.0090901 0.0108688 0.0124245 0.0105246 0.00905889 0.00857817 0.0086338 0.00845332 0.00895514 0.00979014 0.00993103 0.0105559 0.0102641 0.00929835 0.00842438 0.00839075 0.00849947 0.00923672 0.00969512 0.00960395 0.00867504 0.00824394 0.00836003 0.00835581 0.00830916 0.00825141 0.00851592 0.0081228 0.00829697 0.00852297 0.00842192 0.008583 0.00852141 0.00847044 0.00836574 0.00841907 0.00849723 0.00846651 0.00825239 0.00816427 0.00810616 0.0084848 0.00840914 0.0082494 0.00819772 0.00832126 0.0084346 0.00827745 0.00812942 0.00833375 0.0084254 0.00836066 0.00816935 0.00826197 0.00836585 0.00849586 0.0083884 0.00824819 0.00816824 0.00824751 0.00836946 0.00832685 0.00829587 0.00849653 0.00855543 0.00868761 0.00862267 0.00867997 0.00855088 0.0083193 0.00864943 0.0088111 0.00881276 0.00878867 0.00865613 0.00839718 0.00893215 0.00876727 0.00881133 
0.0175374 0.00361089 0.00370725 0 0.0239232 0.020323 0.0149467 0.0184335 0.0891445 0.0129813 0.0156153 0.0142406 0.0163693 0.00981185 0.00900578 0.0145586 0.0125046 0.010721 0.00964559 0.01336 0.00888049 0.0164974 0.00932272 0.00946623 0.00890637 0.0101319 0.0112728 0.0084064 0.00861791 0.00884263 0.00916253 0.0090565 0.00910778 0.00901145 0.00868611 0.00863092 0.00955791 0.00846924 0.00884971 0.00898504 0.00899828 0.00856035 0.00844672 0.00965803 0.00816789 0.00864818 0.00829118 0.00916866 0.00945102 0.0086887 0.0082834 0.00820877 0.0083502 0.00825422 0.00834333 0.00817501 0.00816756 0.00819139 0.00821204 0.0081292 0.0082534 0.00834922 0.00831773 0.00815009 0.00835123 0.00861737 0.00815939 0.00830423 0.00812421 0.00830646 0.0085298 0.0083134 0.00819054 0.00819989 0.00837767 0.00833513 0.00833447 0.00829832 0.00827167 0.00841619 0.00828417 0.0083623 0.00829465 0.00829205 0.00909477 0.00849428 0.00848419 0.00844322 0.00841684 0.00837029 0.00844957 0.009944 0.00871886 0.00867694 0.00852775 0.00870207 0.00862227 0.0112037 0.00903258 0.00896854 
0.0860166 0.026125 0.0139217 0.0239232 0 0.00394683 0.00364072 0.00367339 0.00484682 0.0125919 0.0302692 0.0184285 0.0197897 0.0123636 0.0128028 0.0422458 0.015522 0.0140999 0.0204636 0.0117923 0.013349 0.0385517 0.0133712 0.0120898 0.010369 0.0234505 0.0106682 0.00914206 0.00973109 0.00992048 0.0119817 0.0117515 0.0127932 0.010073 0.0106469 0.0128002 0.0108374 0.00964222 0.0101292 0.0101435 0.00992901 0.0104173 0.0119535 0.00911059 0.00832084 0.00915837 0.00886308 0.0101339 0.00968394 0.00907567 0.00849398 0.00845075 0.00881515 0.00877345 0.0086577 0.00837061 0.00833678 0.00850782 0.00842776 0.0083888 0.00880452 0.00851242 0.00830573 0.00851888 0.00915291 0.00932848 0.00836884 0.00863875 0.00837195 0.00894822 0.00856093 0.00845019 0.00845734 0.00859226 0.00860886 0.0083897 0.00851093 0.00847192 0.0084996 0.00877206 0.00852341 0.0084479 0.00831593 0.00860602 0.00899394 0.00853715 0.00858863 0.0086221 0.00855353 0.00850279 0.00865138 0.00908919 0.00855538 0.00879694 0.00862467 0.00872822 0.00890911 0.00989576 0.00854794 0.00968415 
0.0199732 0.0719653 0.0268896 0.020323 0.00394683 0 0.00359924 0.00359256 0.00360637 0.0156666 0.0144664 0.0121233 0.0198425 0.021384 0.0199713 0.0137923 0.0114235 0.0142507 0.0114059 0.0103916 0.010512 0.0117488 0.0649514 0.0227112 0.0393252 0.0120199 0.00873976 0.01093 0.0109083 0.0199435 0.0210887 0.0406148 0.0233838 0.0297426 0.0135446 0.0100603 0.00883468 0.0126768 0.0202654 0.027767 0.0159279 0.0126393 0.00976738 0.00848351 0.00887933 0.00863184 0.00890444 0.00883264 0.00830111 0.00860582 0.00926613 0.00913651 0.0093674 0.00990373 0.00895374 0.0088484 0.00878485 0.00898259 0.00891715 0.00871505 0.008309 0.00824852 0.00870856 0.00893483 0.00884431 0.00832439 0.00856281 0.00867139 0.00869583 0.00835251 0.00835316 0.00863035 0.00856284 0.00842898 0.00835626 0.0085862 0.00883454 0.00862358 0.00841555 0.00827156 0.00832678 0.00855462 0.00851414 0.00846492 0.00860426 0.00877583 0.00900305 0.00884153 0.00892519 0.00876906 0.00861136 0.00863372 0.00901787 0.00903064 0.00895765 0.00887486 0.00853544 0.00873865 0.00891352 0.00880456 
0.0159876 0.0248039 0.042192 0.0149467 0.00364072 0.00359924 0 0.00358408 0.00359316 0.00865337 0.0128931 0.00974409 0.0127059 0.0625026 0.0183394 0.0110869 0.00961918 0.0121332 0.00998733 0.00908182 0.0090057 0.0132144 0.0220397 0.148636 0.0210834 0.0116604 0.00896661 0.00958331 0.0236048 0.0215465 0.0511699 0.0452323 0.0757526 0.0495658 0.0214339 0.00970084 0.0089774 0.0130857 0.0424527 0.0538343 0.0448189 0.0125779 0.00907434 0.00879354 0.00891914 0.00990706 0.00885302 0.00822094 0.0082674 0.00897026 0.00957703 0.00989382 0.0105067 0.00991083 0.0105433 0.00905355 0.00909129 0.00954131 0.0100168 0.008722 0.00825857 0.0082142 0.009052 0.00905211 0.0089425 0.00850619 0.00860161 0.00926579 0.00869964 0.00847063 0.0084003 0.00886795 0.00866153 0.00826593 0.00841719 0.00876322 0.0094318 0.00904367 0.00856068 0.00823531 0.00835474 0.00869846 0.00859944 0.00839128 0.00861621 0.00883701 0.00922297 0.00919308 0.0092483 0.00896794 0.00845895 0.00869354 0.00908596 0.00939388 0.00909453 0.00890775 0.00838029 0.00883847 0.00879826 0.00865936 
0.0106457 0.0416535 0.0373714 0.0184335 0.00367339 0.00359256 0.00358408 0 0.00356962 0.0248984 0.0161853 0.0144941 0.0266927 0.0229381 0.033093 0.0159297 0.0134556 0.0116923 0.0123826 0.0100972 0.0112645 0.0108304 0.0417498 0.0226745 0.0481765 0.012876 0.00890047 0.0110636 0.00949662 0.0188982 0.0152455 0.0293771 0.0209836 0.0270563 0.0177078 0.0109754 0.00879517 0.0121786 0.0149227 0.0250257 0.016323 0.0132765 0.00911066 0.00865741 0.00905348 0.00867478 0.00866293 0.00856962 0.0082946 0.00859799 0.00904833 0.00902239 0.00917686 0.0098434 0.00899329 0.00896132 0.00869993 0.00902027 0.00921937 0.00852002 0.0081514 0.00825094 0.0087286 0.00881319 0.00841637 0.00817305 0.00856709 0.00857631 0.00862617 0.00819565 0.00834637 0.00856032 0.00843983 0.00817722 0.00848654 0.00856144 0.00888246 0.0085953 0.00824082 0.00815118 0.00826897 0.00850093 0.00845984 0.00832037 0.00854882 0.00877449 0.00893321 0.00881365 0.00897241 0.00869705 0.00837588 0.00858669 0.00897596 0.00889089 0.00882069 0.00868709 0.00840471 0.00857376 0.00877916 0.00844749 
0.0705864 0.0109901 0.0122709 0.0891445 0.00484682 0.00360637 0.00359316 0.00356962 0 0.0107556 0.0233207 0.0154645 0.0254503 0.0134078 0.0178578 0.0381439 0.0134085 0.013659 0.012757 0.0202421 0.00981363 0.0375702 0.0107819 0.0174366 0.0140624 0.0200878 0.0143604 0.00893912 0.0108489 0.0099315 0.0152989 0.0121055 0.0135755 0.0118999 0.0159022 0.0106839 0.0133474 0.00936071 0.0118153 0.0117961 0.0120382 0.0102621 0.00964512 0.0107956 0.00830043 0.00914003 0.0099105 0.00903665 0.0092655 0.0105708 0.0086211 0.00867028 0.00911772 0.0086006 0.00894404 0.00869607 0.00839542 0.00859689 0.00860663 0.00830637 0.00848106 0.00836427 0.00841544 0.00841352 0.00869715 0.00890459 0.00817028 0.00843792 0.0082804 0.00858699 0.00865591 0.00834978 0.00829417 0.00822412 0.00853027 0.00839787 0.00849817 0.00837634 0.00846809 0.00840424 0.00833915 0.00839597 0.00835089 0.00832218 0.00900506 0.00857641 0.00854004 0.00854488 0.00855678 0.00846528 0.00847148 0.00970276 0.00876996 0.00869236 0.00851713 0.00859516 0.00834166 0.0102558 0.00861647 0.00845638 
0.00977448 0.01054 0.0113704 0.0129813 0.0125919 0.0156666 0.00865337 0.0248984 0.0107556 0 0.015857 0.279393 0.0254883 0.0115664 0.0228501 0.0181441 0.0197923 0.0095194 0.0251071 0.0105915 0.0296002 0.0108111 0.011609 0.00938039 0.0103564 0.0166551 0.00944665 0.0103744 0.00866795 0.00940116 0.00883585 0.00973818 0.00882331 0.00906732 0.00966815 0.0135426 0.0086233 0.00870627 0.00863868 0.00883778 0.00895858 0.00964166 0.0106052 0.00864793 0.00854804 0.00828214 0.00941728 0.0123401 0.00999233 0.00822235 0.00828692 0.00832971 0.00821624 0.00893435 0.00816418 0.00829108 0.00816317 0.00819561 0.00819687 0.00832407 0.0086747 0.00850995 0.00813697 0.00831439 0.00895533 0.0080661 0.00849814 0.00816381 0.00834756 0.00873234 0.00831538 0.00814827 0.00812912 0.00881775 0.00813337 0.00818022 0.00823298 0.00817623 0.00836241 0.00824395 0.00820053 0.00817277 0.00814018 0.00851094 0.00827337 0.00831722 0.00827636 0.00827882 0.00830106 0.00823734 0.00852937 0.00838686 0.00837292 0.00833213 0.00838133 0.00843961 0.00905805 0.00847294 0.00852344 0.00936458 
0.0254897 0.00992791 0.0090519 0.0156153 0.0302692 0.0144664 0.0128931 0.0161853 0.0233207 0.015857 0 0.127107 0.0189708 0.0240235 0.00783421 0.0134989 0.0119861 0.0391962 0.0105076 0.0298608 0.0101477 0.0197124 0.0101936 0.00917351 0.0102506 0.0112396 0.0134059 0.00880636 0.00913384 0.00893497 0.00924828 0.00889821 0.00911757 0.00891702 0.00974598 0.00942931 0.0108874 0.00922187 0.00909063 0.00885076 0.00906728 0.0092766 0.00960835 0.0101112 0.00826237 0.00902758 0.00828562 0.00897153 0.00998223 0.00926818 0.00856293 0.0082356 0.00842668 0.0082211 0.00835982 0.00821917 0.00818415 0.00826381 0.00828681 0.00819731 0.00858298 0.00856949 0.00837831 0.00826445 0.00848907 0.00916097 0.00833257 0.00836911 0.00814737 0.00850349 0.00875414 0.00834845 0.00824605 0.00828965 0.00853279 0.00830019 0.0082165 0.00817099 0.0083086 0.00852367 0.00822329 0.00824327 0.00817545 0.00825255 0.00949997 0.00852338 0.00842408 0.00837093 0.00840157 0.00832912 0.00852474 0.0100705 0.00869806 0.00853807 0.00835607 0.00866801 0.00868953 0.0110758 0.00864744 0.00888326 
0.0120456 0.00935391 0.010183 0.0142406 0.0184285 0.0121233 0.00974409 0.0144941 0.0154645 0.279393 0.127107 0 0.230075 0.00623832 0.00575223 0.00595685 0.0254964 0.00980006 0.0250037 0.0155122 0.0209054 0.0142471 0.0108526 0.00919488 0.0099852 0.0188691 0.0110692 0.0093847 0.00885935 0.00950184 0.00895927 0.0091845 0.00870064 0.0089447 0.0101882 0.0132896 0.0104536 0.00891782 0.00863863 0.00877269 0.00903558 0.00994194 0.0120204 0.00945686 0.00825393 0.00813342 0.00968065 0.0154507 0.0137688 0.00866053 0.0081837 0.00810149 0.00814193 0.00844522 0.00814953 0.00808877 0.00807658 0.00811712 0.00807715 0.00837338 0.00887651 0.00898495 0.00809849 0.00824704 0.00912954 0.00834288 0.00836659 0.0080689 0.00821378 0.00899893 0.00896495 0.0081807 0.00814941 0.00890507 0.00832816 0.00812974 0.00817868 0.00810168 0.00850014 0.00863249 0.00832767 0.00817911 0.00818024 0.0086839 0.00856084 0.00836352 0.00825985 0.00833837 0.00826253 0.00827187 0.0089843 0.00881288 0.00850931 0.00838472 0.00834934 0.00839594 0.00986122 0.00891185 0.00859918 0.0099093 
0.0112251 0.00928067 0.0103764 0.0163693 0.0197897 0.0198425 0.0127059 0.0266927 0.0254503 0.0254883 0.0189708 0.230075 0 0.00380742 0.00365015 0.00672258 0.0365963 0.00961567 0.0506712 0.0107307 0.0155118 0.0147655 0.0120355 0.00990119 0.0119387 0.0197425 0.010434 0.00913424 0.00893144 0.00991817 0.0101528 0.0103236 0.0105549 0.00983069 0.0110062 0.0140146 0.00914557 0.00909012 0.00949653 0.0103539 0.00969261 0.0108175 0.0132124 0.00863317 0.00830588 0.00851838 0.0101505 0.010024 0.00941661 0.00835275 0.00830971 0.00829145 0.00838268 0.00844619 0.00837881 0.00823625 0.00825088 0.00827854 0.00833632 0.00856059 0.00884219 0.00835295 0.00812427 0.00837126 0.00910211 0.00814368 0.00823185 0.0082037 0.0082618 0.00874778 0.00816287 0.00824721 0.00830855 0.0085571 0.00807829 0.0082624 0.00836511 0.00824853 0.00833808 0.00844756 0.00829792 0.00830091 0.00828839 0.00843873 0.00828253 0.00833921 0.00837556 0.00833734 0.00836929 0.00830746 0.00856647 0.0083412 0.00831584 0.00839922 0.00836733 0.00837874 0.00892693 0.00845801 0.00833227 0.00925331 
0.00976152 0.0114766 0.0113791 0.00981185 0.0123636 0.021384 0.0625026 0.0229381 0.0134078 0.0115664 0.0240235 0.00623832 0.00380742 0 0.00358596 0.00359624 0.0132395 0.0782682 0.0104209 0.00968015 0.00924297 0.0125008 0.0172262 0.0183692 0.0153772 0.0103775 0.00914435 0.00933101 0.0108751 0.0110196 0.0136154 0.0182933 0.0172917 0.0159487 0.0123953 0.00941908 0.00875415 0.0102691 0.0143529 0.0150306 0.0125036 0.0102779 0.00944234 0.00871329 0.00846223 0.00943584 0.00847001 0.00840233 0.00824189 0.00842328 0.00868726 0.00890661 0.00882154 0.00893951 0.00883971 0.00865457 0.00854808 0.00882728 0.00867333 0.00843161 0.00826993 0.00806868 0.00846772 0.00861461 0.00849661 0.00816893 0.00830851 0.00863789 0.00843773 0.00822779 0.00825076 0.00855376 0.00842546 0.00818383 0.00825694 0.00845964 0.00866053 0.00844787 0.00821088 0.00812414 0.00823272 0.00843474 0.00832707 0.00822471 0.008444 0.00852414 0.00865361 0.00863696 0.00864722 0.00849965 0.00833215 0.00841429 0.00859865 0.00870105 0.00866023 0.00853596 0.00836741 0.00862925 0.0085037 0.0084838 
0.00977847 0.0146694 0.0122594 0.00900578 0.0128028 0.0199713 0.0183394 0.033093 0.0178578 0.0228501 0.00783421 0.00575223 0.00365015 0.00358596 0 0.00354687 0.030439 0.0201735 0.0190593 0.0101422 0.0108479 0.0112755 0.0172844 0.0172525 0.0173604 0.0106282 0.00925616 0.0101986 0.00926753 0.0114956 0.0121145 0.0142425 0.0143491 0.0153915 0.0157489 0.00931302 0.00877331 0.0107858 0.0115781 0.0152286 0.0152483 0.0108901 0.00865746 0.00875571 0.00913585 0.00860453 0.00874102 0.00876561 0.00835488 0.00858615 0.00880026 0.00880512 0.00886389 0.00911606 0.0089435 0.00852928 0.00854713 0.0086081 0.0086737 0.00847051 0.00818327 0.00835969 0.00852017 0.00868091 0.00849927 0.00816921 0.00852453 0.00851056 0.0085014 0.00834984 0.00826581 0.00846435 0.00829559 0.00822387 0.00816844 0.00838519 0.00857833 0.00844136 0.00812934 0.00806966 0.00812733 0.00836614 0.00833727 0.00819995 0.00840089 0.00851237 0.00856496 0.00849393 0.00858263 0.00847636 0.00826195 0.00842358 0.00861098 0.00857429 0.00852948 0.00848498 0.00833306 0.00843662 0.0085 0.0083545 
0.0300746 0.0098599 0.008876 0.0145586 0.0422458 0.0137923 0.0110869 0.0159297 0.0381439 0.0181441 0.0134989 0.00595685 0.00672258 0.00359624 0.00354687 0 0.0163845 0.0156214 0.0303845 0.0206958 0.0102941 0.0288522 0.0108033 0.010534 0.0108089 0.0124548 0.0195858 0.00920984 0.00944271 0.00987843 0.0102715 0.00996689 0.0104008 0.00982024 0.0101554 0.0110781 0.0136306 0.00934418 0.0103854 0.00986988 0.0101488 0.00957388 0.00966852 0.0134125 0.00844723 0.00887873 0.0085507 0.00954416 0.0105051 0.00933182 0.00854677 0.00829331 0.00847281 0.00837689 0.0083622 0.00825494 0.00824403 0.00837903 0.00831827 0.00822 0.00832835 0.00869057 0.00833908 0.00825828 0.00872048 0.00889559 0.00821956 0.00826791 0.00816944 0.00843102 0.00858102 0.0083521 0.00815461 0.00822732 0.00838654 0.00829509 0.00829143 0.00821394 0.00828431 0.00836458 0.00824843 0.00826526 0.00820785 0.00822911 0.00876565 0.00843316 0.00839924 0.00834103 0.00836579 0.00827623 0.00827606 0.00918163 0.00853609 0.00840735 0.00839764 0.00838297 0.0083601 0.0097571 0.00838468 0.00845249 
0.00971015 0.0100969 0.00989118 0.0125046 0.015522 0.0114235 0.00961918 0.0134556 0.0134085 0.0197923 0.0119861 0.0254964 0.0365963 0.0132395 0.030439 0.0163845 0 0.003952 0.00575564 0.00889267 0.182639 0.0130565 0.0108632 0.0108152 0.0110505 0.0625847 0.0119707 0.0102112 0.00896794 0.0110841 0.00925327 0.0116688 0.0102103 0.0101673 0.00991114 0.0172152 0.0106217 0.00940915 0.00989444 0.0105366 0.0102508 0.0103225 0.0143888 0.010177 0.0101288 0.00845478 0.0127715 0.0162569 0.0105714 0.00859764 0.00838451 0.00839228 0.00822869 0.00955392 0.00817882 0.0083488 0.00812497 0.00822676 0.00835542 0.00851667 0.00884805 0.00948497 0.00811033 0.00861052 0.00948264 0.00829222 0.00901402 0.00811807 0.00861888 0.00872324 0.0088121 0.00815967 0.00812723 0.00885923 0.00824571 0.00812474 0.00827844 0.00816395 0.00825065 0.00864063 0.00843293 0.00817704 0.00818539 0.0083143 0.00829984 0.00828529 0.00833296 0.0082476 0.00831497 0.00824199 0.00829445 0.0083728 0.00828605 0.00831666 0.00833807 0.00831292 0.0087465 0.00840188 0.00827836 0.008841 
0.0107269 0.00963491 0.00908028 0.010721 0.0140999 0.0142507 0.0121332 0.0116923 0.013659 0.0095194 0.0391962 0.00980006 0.00961567 0.0782682 0.0201735 0.0156214 0.003952 0 0.00365521 0.136661 0.0227811 0.0117664 0.0139686 0.0121028 0.0583519 0.0115769 0.0107904 0.0102813 0.0121624 0.0090085 0.0147315 0.00994654 0.0121602 0.0100939 0.0214445 0.00949816 0.00987426 0.0154688 0.00934098 0.0111124 0.00981345 0.0150965 0.00873973 0.00931195 0.0086114 0.0167688 0.00835777 0.00846882 0.00893409 0.00854943 0.00852706 0.00846653 0.00877478 0.00847479 0.00893262 0.00838693 0.00840517 0.00843437 0.00842472 0.00843971 0.00832326 0.00804663 0.0086403 0.00858447 0.00850166 0.0089043 0.00833317 0.00870395 0.00831938 0.00849414 0.00822659 0.00849874 0.00863931 0.00829985 0.00824476 0.00847778 0.00845252 0.0084875 0.00831425 0.00819962 0.00823191 0.00836314 0.00840532 0.0082132 0.00854346 0.00854236 0.00856164 0.00846562 0.00851118 0.00849385 0.00837432 0.00861736 0.0085443 0.00854493 0.008515 0.0085352 0.0083541 0.00927693 0.00853189 0.00840483 
0.0112688 0.00961314 0.0091629 0.00964559 0.0204636 0.0114059 0.00998733 0.0123826 0.012757 0.0251071 0.0105076 0.0250037 0.0506712 0.0104209 0.0190593 0.0303845 0.00575564 0.00365521 0 0.0227913 0.0303057 0.0145901 0.0153326 0.0229354 0.0126216 0.0238381 0.0135863 0.0108707 0.00902798 0.0114384 0.00962642 0.0112039 0.00948329 0.0129117 0.0117184 0.0143466 0.0134663 0.00967478 0.0118366 0.0104419 0.0127561 0.0104803 0.0111277 0.0123136 0.00933235 0.00847881 0.0110433 0.013162 0.0117525 0.00953022 0.00868259 0.008478 0.00853285 0.00940498 0.00845087 0.00845722 0.00829116 0.00845145 0.00859449 0.00833473 0.0085448 0.00970579 0.00830721 0.00856662 0.00939995 0.00862958 0.00897616 0.00826173 0.00848743 0.00855525 0.00902596 0.00835574 0.0082482 0.008428 0.00843674 0.00832005 0.00848104 0.00822873 0.00827339 0.00834456 0.00825206 0.00826609 0.00814668 0.00829479 0.00855404 0.00844595 0.00832306 0.00827127 0.00828012 0.00825931 0.00823108 0.00888691 0.00843145 0.00832238 0.00833685 0.00829139 0.00835669 0.00879933 0.00831816 0.00834702 
0.00910018 0.00853616 0.00867229 0.01336 0.0117923 0.0103916 0.00908182 0.0100972 0.0202421 0.0105915 0.0298608 0.0155122 0.0107307 0.00968015 0.0101422 0.0206958 0.00889267 0.136661 0.0227913 0 0.00666156 0.00727807 0.0351437 0.0169175 0.0064491 0.0137776 0.008678 0.0079334 0.00872729 0.00829474 0.00906346 0.00919691 0.0165702 0.00932995 0.0125075 0.0141068 0.00979346 0.0106751 0.0090691 0.0100186 0.00945148 0.0121806 0.0155191 0.0098793 0.00849803 0.0107353 0.00961199 0.0116292 0.0127302 0.00859443 0.00835997 0.00826755 0.00833098 0.00835592 0.00841001 0.00824047 0.00822912 0.00831101 0.00828834 0.00851959 0.0091334 0.00818381 0.00822454 0.0083323 0.00963401 0.00835653 0.00817186 0.00821019 0.00821947 0.00930142 0.00815341 0.00820851 0.0082052 0.00858018 0.00822879 0.00828091 0.00827858 0.00823875 0.00847018 0.00835895 0.00823352 0.00824153 0.00824879 0.00831707 0.00829516 0.00832627 0.00829975 0.00834051 0.00834728 0.0083024 0.00844548 0.00836767 0.00826684 0.00832559 0.00827797 0.00838579 0.00846167 0.0086016 0.00826882 0.00868505 
0.00990671 0.0091244 0.00889766 0.00888049 0.013349 0.010512 0.0090057 0.0112645 0.00981363 0.0296002 0.0101477 0.0209054 0.0155118 0.00924297 0.0108479 0.0102941 0.182639 0.0227811 0.0303057 0.00666156 0 0.0630585 0.0151783 0.00447943 0.00554798 0.00618196 0.00909422 0.00825277 0.00778392 0.00949373 0.00893125 0.0128815 0.0096453 0.00985792 0.01046 0.0103911 0.011804 0.00968425 0.00960456 0.00939385 0.00957502 0.0103766 0.0100726 0.0119356 0.00948531 0.00861169 0.00997673 0.0148539 0.0133037 0.00950526 0.00879834 0.00832146 0.00839791 0.00906457 0.00835661 0.00835538 0.00827478 0.00828821 0.0084021 0.00841385 0.00831272 0.00968065 0.00843703 0.00861623 0.00880502 0.00866719 0.00896578 0.00819478 0.00872036 0.008393 0.00928382 0.00841638 0.00828486 0.0086237 0.00846043 0.00836836 0.00830968 0.0082793 0.00819647 0.00832944 0.00829983 0.0082276 0.00819935 0.00830289 0.00854447 0.00851828 0.00836102 0.00822747 0.00830547 0.00825307 0.00836636 0.00859908 0.00867047 0.00833663 0.00833921 0.00832729 0.00856007 0.00860561 0.00852976 0.00859214 
0.0119943 0.00877549 0.0090901 0.0164974 0.0385517 0.0117488 0.0132144 0.0108304 0.0375702 0.0108111 0.0197124 0.0142471 0.0147655 0.0125008 0.0112755 0.0288522 0.0130565 0.0117664 0.0145901 0.00727807 0.0630585 0 0.0036799 0.0035891 0.0036057 0.00417617 0.0081836 0.00626064 0.007673 0.021112 0.135276 0.10194 0.0115565 0.00995709 0.0104762 0.0225974 0.0132188 0.0117971 0.0128451 0.0129869 0.0124613 0.0138013 0.0181256 0.0144558 0.00919295 0.0122384 0.0115509 0.0135339 0.0144834 0.011514 0.00922455 0.00883145 0.0096278 0.00897968 0.00991445 0.00844673 0.0086262 0.00869528 0.0087337 0.0091014 0.0108676 0.00867433 0.0085965 0.00885906 0.0120593 0.0106452 0.00826949 0.00933373 0.00840922 0.0118704 0.00866713 0.00839018 0.00859352 0.00901534 0.00869957 0.00842013 0.00852199 0.00848542 0.00866656 0.00878015 0.00858292 0.00851102 0.00826899 0.0084833 0.00902381 0.0085256 0.00853778 0.00851895 0.00854296 0.00852922 0.00844749 0.00873619 0.00840676 0.00850342 0.00844842 0.00853208 0.00860148 0.00911471 0.00822577 0.0089158 
0.00878149 0.0120592 0.0108688 0.00932272 0.0133712 0.0649514 0.0220397 0.0417498 0.0107819 0.011609 0.0101936 0.0108526 0.0120355 0.0172262 0.0172844 0.0108033 0.0108632 0.0139686 0.0153326 0.0351437 0.0151783 0.0036799 0 0.00359247 0.0036021 0.00363078 0.00559462 0.0100746 0.0215941 0.129698 0.0950305 0.014733 0.0212971 0.0158504 0.0201533 0.00809615 0.00929909 0.0259446 0.0201179 0.0381306 0.0188875 0.0199671 0.0104391 0.0101876 0.0182426 0.0117028 0.0110872 0.010826 0.0100946 0.0100462 0.0159375 0.0136833 0.0141876 0.0216153 0.0106412 0.0113468 0.0109152 0.0112224 0.0121594 0.0102708 0.00860998 0.0085058 0.00930436 0.0116752 0.0100074 0.00841688 0.0102433 0.00889887 0.0116875 0.00883667 0.00851171 0.00906114 0.00891493 0.00863138 0.00841581 0.0093498 0.00954155 0.00931683 0.00850042 0.00812019 0.00843086 0.00873824 0.00872738 0.0084467 0.0085284 0.00878639 0.0090346 0.00892035 0.00892593 0.00868001 0.00846026 0.00845356 0.00878862 0.00881664 0.00881938 0.00856981 0.0084644 0.00840275 0.00871216 0.00845193 
0.00914598 0.0104437 0.0124245 0.00946623 0.0120898 0.0227112 0.148636 0.0226745 0.0174366 0.00938039 0.00917351 0.00919488 0.00990119 0.0183692 0.0172525 0.010534 0.0108152 0.0121028 0.0229354 0.0169175 0.00447943 0.0035891 0.00359247 0 0.00356936 0.00359798 0.0104257 0.0390636 0.190195 0.109912 0.0146222 0.0268355 0.0175253 0.0325475 0.0104284 0.00780739 0.00917457 0.01233 0.053041 0.0373881 0.0655703 0.0164624 0.0107555 0.0102364 0.0139644 0.0177571 0.0120073 0.00954031 0.00905832 0.0105324 0.0134454 0.0233978 0.0253559 0.0206067 0.026022 0.012893 0.0168546 0.0173512 0.0174588 0.01124 0.00868343 0.00841841 0.0101083 0.0134358 0.00989848 0.00863358 0.0087999 0.0130134 0.0100462 0.00916969 0.00850428 0.00910847 0.00928243 0.00869228 0.00878107 0.0090559 0.0110738 0.0103661 0.00874342 0.00823275 0.0088027 0.00866138 0.00891082 0.00850121 0.00863197 0.00886269 0.00933294 0.00928057 0.00933759 0.0087874 0.00841233 0.00850985 0.00876186 0.00899144 0.00895901 0.00864759 0.00835932 0.0083796 0.00852817 0.00839779 
0.00894221 0.010313 0.0105246 0.00890637 0.010369 0.0393252 0.0210834 0.0481765 0.0140624 0.0103564 0.0102506 0.0099852 0.0119387 0.0153772 0.0173604 0.0108089 0.0110505 0.0583519 0.0126216 0.0064491 0.00554798 0.0036057 0.0036021 0.00356936 0 0.00359182 0.0295524 0.190199 0.0566301 0.0166388 0.0108023 0.010538 0.0176913 0.0123746 0.0143481 0.00710624 0.00821742 0.0199437 0.014279 0.0542364 0.0212524 0.0405033 0.00964017 0.0106809 0.0129331 0.0182377 0.0098475 0.00966884 0.00928461 0.010786 0.0133248 0.0130656 0.014112 0.0146453 0.0127844 0.0116641 0.011061 0.0117571 0.0119232 0.0113942 0.00845618 0.00854075 0.0096147 0.0113404 0.00979319 0.00840816 0.00902001 0.00977447 0.0101887 0.00907498 0.00841093 0.00903269 0.00889795 0.00830688 0.00851495 0.0090337 0.00975661 0.00915212 0.00871411 0.00813728 0.00829645 0.00863797 0.0087638 0.00831377 0.00850345 0.00870423 0.00909792 0.00902683 0.00906865 0.00881163 0.00833847 0.00844363 0.00864114 0.00875001 0.00879172 0.00862047 0.00828653 0.00841029 0.00861506 0.00831471 
0.0120776 0.00959812 0.00905889 0.0101319 0.0234505 0.0120199 0.0116604 0.012876 0.0200878 0.0166551 0.0112396 0.0188691 0.0197425 0.0103775 0.0106282 0.0124548 0.0625847 0.0115769 0.0238381 0.0137776 0.00618196 0.00417617 0.00363078 0.00359798 0.00359182 0 0.194497 0.0209948 0.00629346 0.00787842 0.00776638 0.00990155 0.00877822 0.00990741 0.00855645 0.00681677 0.0131167 0.0101998 0.0143774 0.0131389 0.0152968 0.0125125 0.0173869 0.0180695 0.0100973 0.00928614 0.0129546 0.0162895 0.0173242 0.0140573 0.010406 0.0093535 0.00977554 0.00976154 0.00934794 0.00911428 0.00870344 0.00929742 0.00951501 0.00898605 0.00919522 0.0105888 0.00894791 0.00904943 0.010715 0.00962454 0.00891934 0.00864611 0.00899234 0.00919781 0.00986704 0.00860386 0.00854519 0.00866681 0.00918537 0.0086254 0.00891757 0.00841849 0.00855697 0.00856084 0.00850781 0.00845767 0.00821864 0.00858579 0.00880708 0.00875283 0.00867938 0.0086602 0.00857448 0.00827866 0.00839576 0.00905523 0.00865451 0.00838518 0.0083954 0.00832841 0.0083154 0.00891366 0.00842948 0.00835083 
0.00965633 0.00824559 0.00857817 0.0112728 0.0106682 0.00873976 0.00896661 0.00890047 0.0143604 0.00944665 0.0134059 0.0110692 0.010434 0.00914435 0.00925616 0.0195858 0.0119707 0.0107904 0.0135863 0.008678 0.00909422 0.0081836 0.00559462 0.0104257 0.0295524 0.194497 0 0.00383855 0.00359596 0.00360451 0.00365924 0.00368575 0.00369875 0.00393459 0.00412997 0.00540244 0.00680747 0.00725749 0.00800885 0.0103531 0.0086205 0.0102867 0.0154669 0.0110951 0.00885701 0.0111562 0.0112383 0.0133811 0.0120614 0.00889934 0.00826599 0.00841203 0.00842995 0.00847908 0.00857736 0.00827511 0.00830054 0.00849332 0.00844547 0.00853122 0.00942767 0.0083494 0.00823491 0.00837976 0.00996321 0.00887399 0.00816396 0.00838024 0.00818632 0.0100914 0.00820221 0.00819054 0.00815732 0.00855289 0.00822342 0.00817807 0.0082022 0.00819647 0.00823843 0.0085361 0.00821085 0.00813897 0.00807201 0.00824639 0.00847146 0.008238 0.00835751 0.00827392 0.008294 0.00823047 0.00818753 0.00842346 0.00822381 0.00827568 0.00827899 0.00827852 0.00832094 0.00863396 0.00813727 0.00866957 
0.00832959 0.00884455 0.0086338 0.0084064 0.00914206 0.01093 0.00958331 0.0110636 0.00893912 0.0103744 0.00880636 0.0093847 0.00913424 0.00933101 0.0101986 0.00920984 0.0102112 0.0102813 0.0108707 0.0079334 0.00825277 0.00626064 0.0100746 0.0390636 0.190199 0.0209948 0.00383855 0 0.0036054 0.00357693 0.00356427 0.0035436 0.00360321 0.00371709 0.00387206 0.0038789 0.00557477 0.00698773 0.00829508 0.0090992 0.0101296 0.0128974 0.00911858 0.0096105 0.0205966 0.0103726 0.0093161 0.0100794 0.00909021 0.00893974 0.00901253 0.00919113 0.0088907 0.0104823 0.00856174 0.00918055 0.00883043 0.00894718 0.00882223 0.00879613 0.00840705 0.00828451 0.00835078 0.00921823 0.00887262 0.00829124 0.00880129 0.00830315 0.0093111 0.0083601 0.00823834 0.00856011 0.00839395 0.0083139 0.0082488 0.00855201 0.00849925 0.00855808 0.0081924 0.00808816 0.00827597 0.00837358 0.00832106 0.00820571 0.00830049 0.00845622 0.00846344 0.00843433 0.00847212 0.00834495 0.00819162 0.00826909 0.00837686 0.00844578 0.00841736 0.00838453 0.0082256 0.00824696 0.0082892 0.00829363 
0.00893877 0.00851373 0.00845332 0.00861791 0.00973109 0.0109083 0.0236048 0.00949662 0.0108489 0.00866795 0.00913384 0.00885935 0.00893144 0.0108751 0.00926753 0.00944271 0.00896794 0.0121624 0.00902798 0.00872729 0.00778392 0.007673 0.0215941 0.190195 0.0566301 0.00629346 0.00359596 0.0036054 0 0.00357546 0.00356421 0.00358897 0.00413664 0.00365012 0.0036814 0.00354166 0.00602676 0.007437 0.00867934 0.011769 0.0113093 0.00888459 0.0151436 0.0148626 0.0107674 0.0112406 0.00929328 0.00905465 0.00894174 0.00970689 0.0101246 0.0110021 0.0171187 0.0104638 0.0170075 0.00925722 0.0122592 0.0106392 0.0108305 0.00890644 0.00845007 0.00818465 0.00897984 0.0090942 0.0088687 0.00914262 0.00831458 0.0106083 0.0086181 0.00875047 0.00830777 0.00865322 0.00863079 0.00839475 0.00832415 0.00862032 0.00903538 0.0088052 0.00830053 0.00807666 0.00836776 0.00850747 0.00850716 0.00830171 0.00842764 0.00861035 0.00873929 0.0087765 0.00866463 0.00844615 0.00819446 0.00835873 0.00847914 0.00861384 0.00854274 0.00840553 0.00833906 0.00841645 0.0083077 0.00830527 
0.00850279 0.00939855 0.00895514 0.00884263 0.00992048 0.0199435 0.0215465 0.0188982 0.0099315 0.00940116 0.00893497 0.00950184 0.00991817 0.0110196 0.0114956 0.00987843 0.0110841 0.0090085 0.0114384 0.00829474 0.00949373 0.021112 0.129698 0.109912 0.0166388 0.00787842 0.00360451 0.00357693 0.00357546 0 0.00356332 0.00356954 0.00361625 0.00363669 0.00362842 0.0037635 0.00624645 0.00727827 0.0140971 0.0164248 0.0120807 0.0198948 0.678279 0.0102402 0.013115 0.00958402 0.0130509 0.0105712 0.00900647 0.0101126 0.0142709 0.0194202 0.0160932 0.0350171 0.0159996 0.0215404 0.0117439 0.0168424 0.0150839 0.0106526 0.00907841 0.00857105 0.00904701 0.0118544 0.00972357 0.00839559 0.0105194 0.00945397 0.0117482 0.00910661 0.00857676 0.00911653 0.00884461 0.00898437 0.00854221 0.00923638 0.0100975 0.00959938 0.00835239 0.00811236 0.00858732 0.0087259 0.00873183 0.00834567 0.00860666 0.00874091 0.0090339 0.00904289 0.00885725 0.00869686 0.00834499 0.00847395 0.00855156 0.00872519 0.00865015 0.00846984 0.00835607 0.0083562 0.00833808 0.00834111 
0.00902347 0.00974358 0.00979014 0.00916253 0.0119817 0.0210887 0.0511699 0.0152455 0.0152989 0.00883585 0.00924828 0.00895927 0.0101528 0.0136154 0.0121145 0.0102715 0.00925327 0.0147315 0.00962642 0.00906346 0.00893125 0.135276 0.0950305 0.0146222 0.0108023 0.00776638 0.00365924 0.00356427 0.00356421 0.00356332 0 0.00356477 0.00359187 0.00358507 0.00361136 0.00357521 0.00531397 0.00874309 0.0113127 0.0138231 0.0176231 0.874302 0.0122913 0.0116936 0.0103751 0.0185681 0.0104037 0.00936472 0.00923498 0.0133125 0.0193175 0.0234542 0.0513335 0.0204031 0.0734089 0.0124242 0.0256398 0.0223646 0.0240628 0.0126198 0.00902304 0.00846274 0.0122704 0.0134839 0.0103159 0.00951053 0.00907101 0.0199961 0.00987793 0.00983071 0.00856942 0.00953102 0.00953663 0.00866473 0.00883773 0.00963225 0.0116352 0.00974557 0.00866497 0.00819345 0.00889255 0.00907661 0.00906045 0.00851744 0.00890449 0.00895459 0.00938442 0.00933906 0.00921112 0.00885973 0.00833869 0.00862771 0.00877819 0.00901668 0.0089486 0.00863995 0.00834791 0.00841372 0.00855511 0.0084166 
0.00886883 0.0110649 0.00993103 0.0090565 0.0117515 0.0406148 0.0452323 0.0293771 0.0121055 0.00973818 0.00889821 0.0091845 0.0103236 0.0182933 0.0142425 0.00996689 0.0116688 0.00994654 0.0112039 0.00919691 0.0128815 0.10194 0.014733 0.0268355 0.010538 0.00990155 0.00368575 0.0035436 0.00358897 0.00356954 0.00356477 0 0.00356707 0.00358306 0.00355901 0.00356713 0.00492678 0.00946477 0.0127399 0.0226713 0.929504 0.0228922 0.00907742 0.0110685 0.0222842 0.0125478 0.0139566 0.00994108 0.00911941 0.0141069 0.0254468 0.0460908 0.0309293 0.109673 0.0226094 0.0458977 0.0226558 0.0311886 0.0318087 0.0146925 0.0090971 0.0088587 0.0116704 0.0187164 0.0108992 0.00872067 0.0130703 0.0128342 0.0150843 0.00937031 0.00886311 0.0103699 0.00939272 0.0087956 0.00899745 0.0106528 0.0120837 0.0108787 0.00871866 0.00818931 0.00934458 0.00909162 0.0092516 0.00850121 0.00879271 0.00906169 0.0093933 0.00962227 0.009356 0.00900702 0.00837221 0.00860885 0.00880308 0.00913244 0.00889266 0.0086769 0.00833646 0.00844166 0.00847292 0.00836126 
0.00920779 0.00998356 0.0105559 0.00910778 0.0127932 0.0233838 0.0757526 0.0209836 0.0135755 0.00882331 0.00911757 0.00870064 0.0105549 0.0172917 0.0143491 0.0104008 0.0102103 0.0121602 0.00948329 0.0165702 0.0096453 0.0115565 0.0212971 0.0175253 0.0176913 0.00877822 0.00369875 0.00360321 0.00413664 0.00361625 0.00359187 0.00356707 0 0.00356527 0.00356764 0.00356829 0.00498413 0.00857255 0.0267423 0.93833 0.0488924 0.0148357 0.00771063 0.0130313 0.0127314 0.0177267 0.0108363 0.0095139 0.00916292 0.0138669 0.0264866 0.0312562 0.0943086 0.0279116 0.0683254 0.0182401 0.0315013 0.0303024 0.0325183 0.0134616 0.00889076 0.00862505 0.0125003 0.0163345 0.0114074 0.00989518 0.0091876 0.0225089 0.0106795 0.00953436 0.00875025 0.00973708 0.00984161 0.00866061 0.00895113 0.0103256 0.0124305 0.0103738 0.00891071 0.00818689 0.00917098 0.00935974 0.00940896 0.00864162 0.00919052 0.009202 0.00980031 0.00983463 0.0096486 0.00901624 0.00845674 0.00858002 0.00895814 0.00928891 0.00912823 0.00869931 0.00838091 0.00840246 0.00852404 0.00841408 
0.00868339 0.0103241 0.0102641 0.00901145 0.010073 0.0297426 0.0495658 0.0270563 0.0118999 0.00906732 0.00891702 0.0089447 0.00983069 0.0159487 0.0153915 0.00982024 0.0101673 0.0100939 0.0129117 0.00932995 0.00985792 0.00995709 0.0158504 0.0325475 0.0123746 0.00990741 0.00393459 0.00371709 0.00365012 0.00363669 0.00358507 0.00358306 0.00356527 0 0.00354974 0.00356294 0.00383694 0.0110827 0.893317 0.0351915 0.0233679 0.00947788 0.00756015 0.0105729 0.0189297 0.0139491 0.0146113 0.00957497 0.0090404 0.0124891 0.0206064 0.061503 0.0284035 0.0678127 0.0242083 0.0380463 0.0192548 0.029045 0.0297648 0.0132582 0.00890739 0.00857417 0.0107516 0.0173282 0.0105302 0.00867905 0.0106664 0.0124727 0.0132665 0.00948062 0.00860407 0.00978476 0.00935987 0.00868291 0.00864646 0.010046 0.0118218 0.010934 0.00893637 0.00814178 0.00941321 0.00902652 0.00961619 0.00851261 0.0086454 0.0089581 0.00942387 0.00953901 0.00948824 0.00903884 0.00846835 0.00855325 0.00878108 0.00906468 0.00893679 0.008719 0.00835771 0.00839763 0.0085091 0.00836986 
0.0087798 0.00895846 0.00929835 0.00868611 0.0106469 0.0135446 0.0214339 0.0177078 0.0159022 0.00966815 0.00974598 0.0101882 0.0110062 0.0123953 0.0157489 0.0101554 0.00991114 0.0214445 0.0117184 0.0125075 0.01046 0.0104762 0.0201533 0.0104284 0.0143481 0.00855645 0.00412997 0.00387206 0.0036814 0.00362842 0.00361136 0.00355901 0.00356764 0.00354974 0 0.00355086 0.00433772 0.967027 0.0114378 0.010138 0.00779452 0.00907649 0.00683479 0.0113059 0.0106925 0.0211794 0.01052 0.0103321 0.0104194 0.0120356 0.0165743 0.0134504 0.020151 0.0119571 0.0213108 0.0100692 0.0123254 0.0113564 0.0134312 0.0112965 0.00874803 0.00856021 0.0104399 0.0126109 0.0104023 0.00908017 0.00876831 0.0115433 0.00977294 0.0100847 0.0084938 0.00920814 0.00911785 0.00836387 0.00876598 0.00934022 0.00980145 0.009317 0.00879844 0.00814174 0.0083187 0.00871984 0.0086398 0.0083681 0.00859107 0.00877407 0.00886774 0.00891524 0.00887879 0.00878841 0.00831972 0.00848316 0.00853901 0.00865321 0.00859976 0.00852373 0.00821026 0.00841481 0.00848407 0.00828474 
