1EWYA
TQAKAKHADVPVNLYRPNAPFIGKVISNEPLVKEGGIGIVQHIKFDLTGGNLKYIEGQSIGIIPPGVDKNGKPEKLRLYSIASTRHGDDVDDKTISLCVRQLEYKHPESGETVYGVCSTYLTHIEPGSEVKITGPVGKEMLLPDDPEANVIMLATGTGIAPMRTYLWRMFKDAERAANPEYQFKGFSWLVFGVPTTPNILYKEELEEIQQKYPDNFRLTYAISREQKNPQGGRMYIQDRVAEHADELWQLIKNQKTHTYICGLRGMEEGIDAALSAAAAKEGVTWSDYQKDLKKAGRWHVETY
CCCCCCCCCCCCCCCCCCCCECCEEEEEEECCCCCCCCCEEEEEEECCCCCCCCCCCCEEEEECCCCCCCCCCCCCEEEEECCCCCCCCCCCCEEEEEEECCEEECCCCCCEEECHHHHHHHCCCCCCECEEEEECCCCCCCCCCCCCEEEEEEEHHHHHHHHHHHHHHHCHHHHHHCCCCCCCCCEEEEEEECCHHHCCCHHHHCHHHHHCCCCEEEEEEEHHHCEECCCEECCHHHHHHHCHHHHHHHHCCCCEEEEEEECCCCHHHHHHHHHHHHHCCCCCHHHHHHHHCCCCCEEEEEC
0 0 0 0 0 0 0 0 0 0 0 0 0 0 0 0 0 0 0 0 0 0 0 0 0 0 0 0 0 0 0 0 0 0 0 0 0 0 0 0 0 0 0 0 0 0 0 0 0 0 0 0 0 0 0 0 0 0 0 0 0 0 0 0 0 0 0 0 0 0 0 0 0 0 0 0 0 0 0 0 0 0 0 0 0 0 0 0 0 0 0 0 0 0 0 0 0 0 0 0 0 0 0 0 0 0 0 0 0 0 0 0 0 0 0 0 0 0 0 0 0 0 0 0 0 0 0 0 0 0 0 0 0 0 0 0 0 0 0 0 0 0 0 0 0 0 0 0 0 0 0 0 0 0 0 0 0 0 0 0 0 0 0 0 0 0 0 0 0 0 0 0 0 0 0 0 0 0 0 0 0 0 0 0 0 0 0 0 0 0 0 0 0 0 0 0 0 0 0 0 0 0 0 0 0 0 0 0 0 0 0 0 0 0 0 0 0 0 0 0 0 0 0 0 0 0 0 0 0 0 0 0 0 0 0 0 0 0 0 0 0 0 0 0 0 0 0 0 0 0 0 0 0 0 0 0 0 0 0 0 0 0 0 0 0 0 0 0 0 0 0 0 0 0 0 0 0 0 0 0 0 0 0 0 0 0 0 0 0 0 0 0 0 0 0 0 0 0 0 0 0 0 0 
0 0 0 0 0 0 0 0 0 0 0 0 0 0 0 0 0 0 0 0 0 0 0 0 0 0 0 0 0 0 0 0 0 0 0 0 0 0 0 0 0 0 0 0 0 0 0 0 0 0 0 0 0 0 0 0 0 0 0 0 0 0 0 0 0 0 0 0 0 0 0 0 0 0 0 0 0 0 0 0 0 0 0 0 0 0 0 0 0 0 0 0 0 0 0 0 0 0 0 0 0 0 0 0 0 0 0 0 0 0 0 0 0 0 0 0 0 0 0 0 0 0 0 0 0 0 0 0 0 0 0 0 0 0 0 0 0 0 0 0 0 0 0 0 0 0 0 0 0 0 0 0 0 0 0 0 0 0 0 0 0 0 0 0 0 0 0 0 0 0 0 0 0 0 0 0 0 0 0 0 0 0 0 0 0 0 0 0 0 0 0 0 0 0 0 0 0 0 0 0 0 0 0 0 0 0 0 0 0 0 0 0 0 0 0 0 0 0 0 0 0 0 0 0 0 0 0 0 0 0 0 0 0 0 0 0 0 0 0 0 0 0 0 0 0 0 0 0 0 0 0 0 0 0 0 0 0 0 0 0 0 0 0 0 0 0 0 0 0 0 0 0 0 0 0 0 0 0 0 0 0 0 0 0 0 0 0 0 0 0 0 0 0 0 0 0 0 0 0 0 0 0 0 
0 0.0175465 0.00532712 0.00429858 0.00552271 0.00571189 0.00551146 0.0114396 0.0167698 0.0107168 0.00952134 0.0100341 0.00924362 0.0150782 0.0218856 0.0160863 0.0127306 0.00929381 0.0108357 0.0158637 0.0106534 0.0129365 0.0092385 0.00982018 0.0183562 0.0118741 0.0109554 0.00865747 0.00893879 0.00863377 0.00955583 0.0115916 0.0097471 0.00873509 0.0103193 0.00997236 0.00828513 0.010075 0.0109837 0.00868809 0.00918779 0.00823317 0.00853353 0.00926063 0.00922981 0.00836456 0.00839224 0.00847862 0.00835328 0.00839913 0.00981813 0.00850905 0.00818279 0.0083 0.00824106 0.00836696 0.00820809 0.00887726 0.0100405 0.00820437 0.00856736 0.00817812 0.00831863 0.00826924 0.00858716 0.0083815 0.00875344 0.0085027 0.00835445 0.00861687 0.00840542 0.00836226 0.00836864 0.00836778 0.00835135 0.00866363 0.00900794 0.00843679 0.00846916 0.00840882 0.00953308 
0.0175465 0 0.00388979 0.00363926 0.00370801 0.00373916 0.00423487 0.00861426 0.0151391 0.00992154 0.0108352 0.00932078 0.0168522 0.0195508 0.415823 0.0353675 0.00975607 0.0159341 0.0127882 0.0215516 0.0330958 0.00931391 0.0102099 0.0148015 0.0139921 0.0188031 0.00908749 0.0116087 0.00896729 0.0112936 0.00962908 0.0225136 0.0108916 0.0086978 0.0124247 0.00992474 0.00826601 0.0113726 0.0134361 0.0128039 0.00834881 0.00939761 0.00870706 0.0100611 0.0106634 0.00828808 0.00879546 0.00889403 0.00855098 0.00845411 0.0101416 0.00838084 0.00821413 0.00837749 0.00836388 0.00845034 0.00837495 0.00844117 0.00868305 0.00863442 0.00823007 0.00849819 0.00837859 0.00840818 0.00859806 0.00840473 0.00828041 0.00847377 0.00849792 0.00831444 0.0081374 0.0082917 0.00829476 0.00824611 0.00827977 0.00860362 0.00853419 0.00822469 0.00826739 0.00835857 0.00879256 
0.00532712 0.00388979 0 0.00358922 0.00363998 0.00370399 0.00373049 0.00405874 0.0112626 0.0131351 0.0105561 0.0227775 0.0167381 0.49044 0.0400982 0.0106052 0.0354495 0.0123604 0.0262361 0.0105178 0.00930075 0.0296339 0.0147138 0.0118769 0.0137923 0.00954302 0.0265915 0.00958142 0.0259891 0.0104021 0.0194186 0.0102877 0.00854294 0.00927729 0.00934462 0.00853659 0.00877568 0.0087238 0.00826921 0.00844387 0.0153283 0.00876166 0.0102527 0.00872986 0.00843685 0.00990527 0.0100095 0.0108585 0.00938624 0.0098256 0.00859728 0.00823516 0.00866171 0.00903343 0.00885843 0.00888321 0.00866687 0.00837687 0.00893379 0.00837367 0.00912498 0.0085419 0.00874601 0.00864989 0.00823424 0.00806959 0.00827842 0.00825916 0.00821232 0.00829519 0.00842988 0.00858222 0.00877478 0.00860952 0.00848988 0.008299 0.00846956 0.00850418 0.00856459 0.00852844 0.00880444 
0.00429858 0.00363926 0.00358922 0 0.00358228 0.00361398 0.00358889 0.00366408 0.00858502 0.0108135 0.0148892 0.0182454 0.192861 0.0996838 0.011395 0.0106172 0.00993683 0.0527046 0.0116916 0.0105582 0.0120119 0.00991538 0.0237985 0.0139277 0.00980321 0.00982716 0.00983881 0.0429352 0.0138826 0.035987 0.0102023 0.00989519 0.00880779 0.00834164 0.00842002 0.00864989 0.00825125 0.0085222 0.00865238 0.0112965 0.00918178 0.0142234 0.00905209 0.00848336 0.00860025 0.00933236 0.01289 0.0133114 0.0107277 0.00887971 0.00854422 0.00829682 0.00854839 0.00910102 0.00916108 0.00894354 0.00870903 0.00820474 0.00820523 0.00843185 0.00855229 0.0084655 0.00881526 0.00848337 0.00821141 0.00806904 0.00806355 0.00810301 0.00806552 0.00814634 0.00826788 0.00860274 0.00869945 0.00856089 0.00839659 0.00823151 0.00824105 0.00830821 0.00852625 0.00845192 0.00857628 
0.00552271 0.00370801 0.00363998 0.00358228 0 0.00356889 0.0036214 0.00361038 0.00980211 0.00972841 0.02859 0.132462 0.330495 0.01706 0.00988801 0.0109008 0.0153508 0.0208088 0.0210878 0.0094137 0.0101733 0.0133647 0.0151675 0.0141608 0.0105687 0.00955802 0.0128388 0.0174767 0.0305105 0.0174796 0.0128083 0.00953794 0.00864267 0.00841047 0.00859648 0.00869126 0.00835103 0.00861694 0.00840735 0.00940008 0.0107698 0.00978479 0.00956244 0.00847328 0.0086433 0.00966754 0.0113409 0.0134841 0.0102692 0.00890235 0.00854722 0.00823763 0.00855309 0.00932493 0.00917101 0.00898931 0.00868696 0.00823504 0.00832426 0.00837435 0.00871666 0.00841102 0.00872352 0.00854028 0.00813504 0.00807553 0.00805438 0.00812811 0.00811575 0.00817898 0.00837655 0.00853249 0.00872954 0.00857139 0.0084107 0.00827148 0.0083623 0.00845225 0.00849282 0.00847611 0.00865934 
0.00571189 0.00373916 0.00370399 0.00361398 0.00356889 0 0.00355321 0.00358421 0.00879926 0.0240409 0.057349 0.362289 0.0140357 0.0132277 0.00978098 0.00968858 0.0127537 0.0186985 0.0114938 0.00978205 0.00935424 0.0111742 0.0153266 0.010046 0.0101812 0.00927617 0.0113913 0.0156495 0.0186513 0.0142801 0.00996983 0.00961976 0.00834331 0.00842253 0.0086246 0.00838049 0.00836781 0.00860847 0.00824221 0.00923598 0.00999611 0.00962689 0.00978416 0.00842598 0.00838329 0.00896514 0.0108266 0.0103808 0.00962008 0.00867189 0.00854435 0.00813974 0.00839021 0.00880917 0.00867014 0.0087608 0.00847968 0.00820212 0.0081812 0.00825749 0.0087591 0.00826627 0.00858151 0.00834032 0.00814126 0.0080473 0.00807834 0.00804599 0.00806567 0.00813345 0.0082167 0.00840074 0.00851415 0.00847674 0.00832711 0.00821692 0.00824749 0.00833131 0.00833774 0.00833239 0.00850236 
0.00551146 0.00423487 0.00373049 0.00358889 0.0036214 0.00355321 0 0.00357876 0.0129553 0.046254 0.292128 0.0134193 0.0110275 0.014872 0.00973858 0.0103941 0.0117595 0.013624 0.0158196 0.00893137 0.0100744 0.0119154 0.00992933 0.0164367 0.00933238 0.0100048 0.0106543 0.0109026 0.0111907 0.0111138 0.0111108 0.00899788 0.00845009 0.00868776 0.00824978 0.00893654 0.00853644 0.00837064 0.0082697 0.00907538 0.00894269 0.00875452 0.00883099 0.00831937 0.00853175 0.00905821 0.0090279 0.00949624 0.00892609 0.00865654 0.00840422 0.00814279 0.00841669 0.00856561 0.0086038 0.00858526 0.00840324 0.0081889 0.00819665 0.00836233 0.00858015 0.00818778 0.00838049 0.00831956 0.00809647 0.0080322 0.00806681 0.00807762 0.00811279 0.00810088 0.00816089 0.00838419 0.00841019 0.00842145 0.00827614 0.00812657 0.00826938 0.00834273 0.00834885 0.00835558 0.00840674 
0.0114396 0.00861426 0.00405874 0.00366408 0.00361038 0.00358421 0.00357876 0 0.128552 0.193561 0.0102626 0.00871547 0.00933672 0.0107144 0.0142004 0.0174043 0.010022 0.0101818 0.0114734 0.0119908 0.0165637 0.00924317 0.0100552 0.0106259 0.0148776 0.0191108 0.00942211 0.00941671 0.00998614 0.00959182 0.00924567 0.00998923 0.0104524 0.00839281 0.00857119 0.0107391 0.00821441 0.00883241 0.0105923 0.0103485 0.00839078 0.00858526 0.00827297 0.00846369 0.00969502 0.00840691 0.0086278 0.00885048 0.00865442 0.00829393 0.00867744 0.00844071 0.00823845 0.00833728 0.00843304 0.00840329 0.00831453 0.00822482 0.00866573 0.00819864 0.00837677 0.00824235 0.00823204 0.00818307 0.0081279 0.00813883 0.0080837 0.00823181 0.00813361 0.00825936 0.00819756 0.00823364 0.00821596 0.00826419 0.00818277 0.00811732 0.00848493 0.0082541 0.00826195 0.00830643 0.0083521 
0.0167698 0.0151391 0.0112626 0.00858502 0.00980211 0.00879926 0.0129553 0.128552 0 0.00364557 0.00360924 0.00362397 0.00366046 0.00412935 0.00657761 0.0197986 0.0110423 0.0110721 0.0127498 0.0391776 0.0173295 0.012084 0.0110485 0.0121948 0.0242456 0.0176632 0.0120766 0.0102927 0.0103261 0.0100238 0.0122956 0.0853551 0.00965783 0.00880622 0.0138327 0.00926443 0.00845484 0.0119103 0.0100569 0.0096758 0.00946344 0.00872966 0.00917342 0.0112862 0.00965649 0.00876303 0.0091904 0.00913871 0.0087945 0.00889011 0.0107 0.00843349 0.00830477 0.00855167 0.00854883 0.00853317 0.008491 0.00869604 0.00866092 0.00821461 0.00841388 0.00831874 0.00838909 0.0084818 0.00860937 0.00809725 0.00831706 0.00824844 0.00819687 0.00830516 0.00818455 0.00834921 0.00841777 0.00834554 0.0083537 0.00852299 0.00826786 0.00824897 0.00831399 0.00834251 0.00882357 
0.0107168 0.00992154 0.0131351 0.0108135 0.00972841 0.0240409 0.046254 0.193561 0.00364557 0 0.00358639 0.0036008 0.00364246 0.00379281 0.00398158 0.0165314 0.026523 0.0140733 0.0500009 0.0138983 0.0120105 0.0220446 0.0159378 0.0226051 0.0120355 0.0111261 0.0277319 0.0177538 0.0208116 0.0192195 0.0625329 0.0121114 0.00873043 0.00959777 0.00921901 0.00863016 0.00904204 0.00917048 0.00854856 0.00955625 0.0117541 0.0109854 0.0107409 0.0092065 0.0089021 0.0111822 0.0123612 0.014815 0.0107388 0.0103633 0.00901095 0.00827389 0.00895288 0.00947824 0.00955633 0.00915678 0.00928793 0.0083567 0.00826235 0.00841853 0.00886759 0.00855709 0.00886291 0.00874129 0.00831989 0.0080627 0.00809918 0.00812736 0.00817182 0.00816317 0.00841558 0.00866942 0.00866822 0.00859917 0.00840123 0.00823896 0.0083184 0.008484 0.00844536 0.00848297 0.00849877 
0.00952134 0.0108352 0.0105561 0.0148892 0.02859 0.057349 0.292128 0.0102626 0.00360924 0.00358639 0 0.00364131 0.00358581 0.00365606 0.00365284 0.0171823 0.0143779 0.0760766 0.0237178 0.0235311 0.0120007 0.0154414 0.0377223 0.0234541 0.0131259 0.011543 0.0141726 0.0730683 0.0313233 0.12629 0.0172302 0.0125408 0.00933267 0.00868162 0.00886822 0.00882245 0.00873925 0.00941682 0.00840408 0.0119478 0.0133448 0.0231299 0.0118299 0.00974043 0.00927804 0.0126879 0.0249386 0.0288085 0.0225552 0.010319 0.00894304 0.00848594 0.00901282 0.01151 0.0116429 0.0105004 0.00982671 0.00849185 0.00836176 0.00860823 0.00915633 0.00902622 0.00946818 0.00919108 0.0083591 0.00808906 0.00808679 0.00810297 0.00812004 0.00821302 0.00856186 0.00889805 0.00969751 0.00892552 0.00864972 0.00834075 0.00834179 0.00872657 0.00865297 0.00859613 0.00902157 
0.0100341 0.00932078 0.0227775 0.0182454 0.132462 0.362289 0.0134193 0.00871547 0.00362397 0.0036008 0.00364131 0 0.00357388 0.00360355 0.00359987 0.0172644 0.0479547 0.031596 0.0618305 0.0116402 0.0102105 0.0308767 0.0307266 0.0199736 0.0163921 0.0102212 0.0369367 0.0233149 0.232948 0.0267446 0.0277817 0.0117085 0.00895334 0.00884401 0.00866799 0.00880117 0.00896692 0.00925334 0.00833306 0.0100731 0.0244474 0.0151586 0.016312 0.00944808 0.00937363 0.0150309 0.0286956 0.0353299 0.0207085 0.011519 0.00896336 0.00850732 0.00924259 0.0125698 0.0120396 0.0114813 0.00999149 0.00857667 0.00855519 0.00857473 0.00957428 0.00897727 0.0100417 0.009341 0.00837577 0.00812187 0.00808663 0.00810773 0.00810851 0.00824645 0.00856173 0.00908678 0.00933038 0.00906037 0.00865255 0.00832058 0.00840786 0.00872239 0.00876273 0.00861707 0.00890445 
0.00924362 0.0168522 0.0167381 0.192861 0.330495 0.0140357 0.0110275 0.00933672 0.00366046 0.00364246 0.00358581 0.00357388 0 0.00358811 0.00357176 0.0258592 0.0188608 0.155025 0.0276557 0.0129293 0.0138797 0.0158039 0.0440891 0.0295217 0.0134553 0.0120105 0.0132757 0.196917 0.0284112 0.0784413 0.0154433 0.0138989 0.0095591 0.00878205 0.00884516 0.00894285 0.00877799 0.00964585 0.0085475 0.0129172 0.0122559 0.0340428 0.0120904 0.0093251 0.00936028 0.0131989 0.0298757 0.0354319 0.0201753 0.0107587 0.00907911 0.00840731 0.00913426 0.011872 0.0121421 0.0105517 0.0101407 0.00847651 0.00828609 0.0086531 0.00929268 0.00902973 0.00944469 0.00924539 0.00828573 0.0080833 0.00808178 0.00806982 0.00815226 0.00820691 0.00854913 0.00892436 0.00939678 0.00915838 0.0086593 0.00830831 0.00832869 0.0085295 0.00872099 0.00859679 0.00880688 
0.0150782 0.0195508 0.49044 0.0996838 0.01706 0.0132277 0.014872 0.0107144 0.00412935 0.00379281 0.00365606 0.00360355 0.00358811 0 0.00361541 0.0224066 0.106529 0.0524596 0.0909526 0.0204041 0.0117324 0.0297307 0.0191187 0.0592238 0.0225747 0.0122718 0.0706768 0.0180015 0.0450426 0.0213434 0.0641494 0.0123709 0.00966915 0.0128204 0.00867713 0.0100354 0.0121578 0.00948162 0.00896695 0.0100355 0.0208997 0.0114378 0.0198044 0.00959548 0.0101027 0.0157816 0.0167604 0.0205804 0.0168107 0.0125153 0.00916788 0.00863193 0.00926333 0.0114428 0.0105151 0.010197 0.0101666 0.00857747 0.0086288 0.0087195 0.00946206 0.00876243 0.00934114 0.00906594 0.00834269 0.00809838 0.00811569 0.00817057 0.00812738 0.00827764 0.00844433 0.00891084 0.00886951 0.0089951 0.00867626 0.00828101 0.00845367 0.00852306 0.008576 0.00854686 0.00901697 
0.0218856 0.415823 0.0400982 0.011395 0.00988801 0.00978098 0.00973858 0.0142004 0.00657761 0.00398158 0.00365284 0.00359987 0.00357176 0.00361541 0 0.0597302 0.0142332 0.0213975 0.0160825 0.0443138 0.0233253 0.0109055 0.0126812 0.0140402 0.0314749 0.048616 0.0109214 0.0141691 0.0117249 0.0142344 0.0112758 0.0200623 0.016251 0.00906353 0.00988484 0.0151617 0.00858084 0.0116583 0.0151323 0.0153551 0.0095485 0.00991561 0.00904899 0.0108039 0.0130208 0.00945457 0.0100557 0.0103165 0.00973967 0.00919232 0.0108452 0.00942936 0.00875183 0.00893649 0.00917404 0.00910311 0.00887038 0.00880321 0.0090867 0.00861128 0.00863298 0.00855976 0.00866669 0.00858855 0.00859995 0.00841187 0.00819263 0.0084532 0.00819166 0.00853064 0.00839651 0.0084464 0.0084387 0.00854678 0.00821148 0.00829348 0.00871671 0.0083108 0.00827898 0.00836 0.00883293 
0.0160863 0.0353675 0.0106052 0.0106172 0.0109008 0.00968858 0.0103941 0.0174043 0.0197986 0.0165314 0.0171823 0.0172644 0.0258592 0.0224066 0.0597302 0 0.00379841 0.00358939 0.0035943 0.00403152 0.0716675 0.0120113 0.0149626 0.133903 0.047673 0.0320011 0.0120817 0.0158781 0.0106309 0.0166409 0.0126449 0.0326225 0.010376 0.00895272 0.014976 0.00994804 0.00865755 0.0162302 0.0121693 0.0117357 0.00970651 0.0102415 0.00954586 0.0162965 0.0112902 0.0105116 0.0105198 0.0105601 0.00977897 0.00947532 0.0128498 0.00841426 0.00836848 0.00871926 0.00879306 0.00867226 0.00877291 0.00903441 0.00818773 0.00826958 0.00831502 0.00832743 0.00844368 0.00860076 0.00892851 0.00804266 0.00823651 0.00802409 0.00821438 0.00817922 0.00820834 0.00837798 0.00847971 0.00846358 0.00835561 0.00832626 0.00816842 0.00831191 0.00832566 0.00830581 0.00860461 
0.0127306 0.00975607 0.0354495 0.00993683 0.0153508 0.0127537 0.0117595 0.010022 0.0110423 0.026523 0.0143779 0.0479547 0.0188608 0.106529 0.0142332 0.00379841 0 0.00357794 0.00360869 0.0036979 0.0128563 0.08126 0.127152 0.0367547 0.0162245 0.010711 0.0721127 0.0113944 0.0646645 0.0137065 0.0384064 0.0116295 0.00919297 0.0120494 0.00879491 0.00904778 0.0107347 0.00936548 0.00850544 0.00879048 0.0330974 0.0112015 0.0215141 0.00942526 0.0092477 0.0191093 0.0207565 0.024177 0.0164613 0.0150355 0.00914857 0.00844341 0.00937033 0.0111821 0.0108946 0.0112228 0.00978068 0.00850491 0.00845405 0.00842285 0.00941882 0.00874105 0.00968622 0.00901511 0.00833129 0.00808624 0.00810953 0.00809636 0.00819087 0.00814915 0.0084736 0.00878831 0.00891059 0.00871361 0.00847097 0.00820012 0.00837683 0.0084108 0.00850795 0.00840222 0.00848868 
0.00929381 0.0159341 0.0123604 0.0527046 0.0208088 0.0186985 0.013624 0.0101818 0.0110721 0.0140733 0.0760766 0.031596 0.155025 0.0524596 0.0213975 0.00358939 0.00357794 0 0.00357057 0.0036414 0.0241894 0.176679 0.0791787 0.0328265 0.0135084 0.0155246 0.0129814 0.129863 0.0205807 0.135424 0.015935 0.0151283 0.010205 0.00925039 0.00932848 0.00948111 0.0091747 0.0101324 0.00887859 0.0154258 0.013374 0.0642817 0.0125631 0.0098488 0.0102767 0.0179082 0.0567737 0.0628197 0.0338545 0.0122975 0.010001 0.00872908 0.0100973 0.014651 0.0171171 0.0127842 0.01061 0.00872363 0.00849047 0.00902769 0.00942427 0.00984153 0.0097892 0.00985423 0.00841614 0.00816746 0.00811611 0.00818301 0.00813689 0.00829216 0.00859203 0.00907239 0.00939491 0.00930006 0.00873584 0.00851846 0.00834669 0.00855741 0.0087312 0.00856399 0.00905891 
0.0108357 0.0127882 0.0262361 0.0116916 0.0210878 0.0114938 0.0158196 0.0114734 0.0127498 0.0500009 0.0237178 0.0618305 0.0276557 0.0909526 0.0160825 0.0035943 0.00360869 0.00357057 0 0.00365029 0.0902973 0.106307 0.037602 0.063727 0.0194889 0.0115407 0.0271577 0.0153475 0.0762589 0.0178774 0.083534 0.0149309 0.00979486 0.0139888 0.00876832 0.00957506 0.0120213 0.0103711 0.00887042 0.00997266 0.0271673 0.012901 0.0296335 0.0103567 0.00983534 0.0209895 0.0207406 0.0315981 0.0192121 0.0163269 0.00938477 0.00880096 0.00987589 0.0126011 0.0113232 0.0109797 0.0108643 0.00876458 0.00845679 0.00877509 0.00952193 0.00906778 0.00940048 0.00909205 0.00846709 0.00810994 0.00811394 0.0081782 0.00819075 0.0082721 0.00871403 0.008898 0.00928344 0.00902947 0.00876201 0.00830666 0.00856919 0.00846948 0.00858656 0.00850842 0.00891314 
0.0158637 0.0215516 0.0105178 0.0105582 0.0094137 0.00978205 0.00893137 0.0119908 0.0391776 0.0138983 0.0235311 0.0116402 0.0129293 0.0204041 0.0443138 0.00403152 0.0036979 0.0036414 0.00365029 0 0.0512006 0.0151653 0.0154457 0.0164691 0.052572 0.0195924 0.0118377 0.0129813 0.0116542 0.0146286 0.0116103 0.0290421 0.016207 0.00951459 0.00934451 0.0168028 0.00861752 0.0122909 0.0149635 0.0148468 0.00963135 0.00978168 0.00938544 0.0112478 0.0137951 0.00961321 0.0104023 0.0101014 0.0103299 0.0089957 0.0103118 0.00962777 0.00878135 0.00884009 0.00872715 0.00868369 0.009278 0.00900986 0.00934734 0.00843455 0.00849831 0.00836483 0.00844996 0.0087167 0.00857156 0.00834665 0.00818302 0.00840064 0.00816198 0.00849744 0.00839524 0.00845388 0.00852419 0.00856041 0.00827825 0.00830001 0.00853837 0.00827239 0.00825263 0.00827086 0.0085352 
0.0106534 0.0330958 0.00930075 0.0120119 0.0101733 0.00935424 0.0100744 0.0165637 0.0173295 0.0120105 0.0120007 0.0102105 0.0138797 0.0117324 0.0233253 0.0716675 0.0128563 0.0241894 0.0902973 0.0512006 0 0.0037275 0.00361456 0.00379513 0.00374983 0.0517587 0.00948221 0.0257162 0.00925953 0.0429406 0.014899 0.054072 0.0179365 0.00913821 0.0182326 0.0137968 0.00888997 0.0221428 0.0263916 0.0283621 0.00935272 0.0119278 0.00923131 0.0139003 0.0167885 0.00974433 0.0104625 0.0112144 0.00936034 0.00917189 0.0154477 0.00876143 0.00887008 0.00856858 0.0094927 0.00867271 0.00927185 0.00904332 0.00831495 0.00906897 0.00817458 0.00910092 0.00843534 0.00873231 0.00894623 0.00838147 0.00836492 0.00817861 0.00847923 0.00848811 0.00818508 0.00827498 0.00833553 0.00828681 0.00819529 0.00838049 0.0083128 0.00816194 0.00815527 0.00828393 0.0084554 
0.0129365 0.00931391 0.0296339 0.00991538 0.0133647 0.0111742 0.0119154 0.00924317 0.012084 0.0220446 0.0154414 0.0308767 0.0158039 0.0297307 0.0109055 0.0120113 0.08126 0.176679 0.106307 0.0151653 0.0037275 0 0.00357966 0.00360628 0.00374502 0.0143095 0.101499 0.0110564 0.0667453 0.0176154 0.0519003 0.0128362 0.00938149 0.0174326 0.00988699 0.00927085 0.0151062 0.0098141 0.00945327 0.00902464 0.0477816 0.01011 0.0206243 0.00986123 0.010193 0.0219456 0.0176979 0.0197539 0.0160696 0.0147185 0.00962098 0.00857456 0.0089355 0.0110678 0.0102427 0.0107759 0.00941891 0.00859764 0.00867889 0.00844499 0.00958554 0.00873855 0.00976998 0.00909219 0.00841123 0.00803436 0.00820191 0.00817672 0.00821472 0.00819719 0.00848607 0.0087965 0.00913521 0.00871724 0.0087726 0.00821315 0.0083756 0.00854684 0.00864778 0.00846647 0.00914858 
0.0092385 0.0102099 0.0147138 0.0237985 0.0151675 0.0153266 0.00992933 0.0100552 0.0110485 0.0159378 0.0377223 0.0307266 0.0440891 0.0191187 0.0126812 0.0149626 0.127152 0.0791787 0.037602 0.0154457 0.00361456 0.00357966 0 0.00360132 0.00357179 0.0165765 0.0155741 0.0761305 0.038858 0.0287489 0.0162784 0.0129929 0.00941702 0.00888212 0.00928683 0.00976365 0.00901851 0.0104682 0.00913147 0.012505 0.014973 0.033997 0.012052 0.0100691 0.00970443 0.017053 0.0521799 0.0407014 0.0354656 0.011338 0.00980675 0.00866842 0.0113713 0.0154394 0.0169692 0.0139542 0.0113714 0.0089857 0.00847449 0.00856181 0.0096126 0.00956228 0.00997828 0.0094868 0.00861382 0.00812819 0.00811288 0.00818009 0.00809187 0.00825324 0.00848396 0.00910002 0.00943292 0.0090907 0.00865136 0.00830948 0.00826395 0.0084429 0.00850622 0.00842037 0.00907676 
0.00982018 0.0148015 0.0118769 0.0139277 0.0141608 0.010046 0.0164367 0.0106259 0.0121948 0.0226051 0.0234541 0.0199736 0.0295217 0.0592238 0.0140402 0.133903 0.0367547 0.0328265 0.063727 0.0164691 0.00379513 0.00360628 0.00360132 0 0.00377775 0.0259931 0.0325641 0.0864723 0.0255006 0.0380932 0.0363441 0.0143194 0.0123914 0.0156218 0.00915899 0.0104546 0.0147826 0.0108649 0.0102706 0.0135268 0.0164121 0.0233547 0.030255 0.0115341 0.0113208 0.0194196 0.0214811 0.0422002 0.0222483 0.0216201 0.0114181 0.00892581 0.0105766 0.0126789 0.0149421 0.0123786 0.0145519 0.00901984 0.00850871 0.00951336 0.00939502 0.00996735 0.00958033 0.010016 0.00877626 0.00823066 0.00822268 0.00820844 0.00821888 0.00825688 0.0089383 0.00897565 0.0099042 0.00912659 0.00936331 0.00837725 0.00856954 0.00853844 0.00851952 0.00848441 0.00871063 
0.0183562 0.0139921 0.0137923 0.00980321 0.0105687 0.0101812 0.00933238 0.0148776 0.0242456 0.0120355 0.0131259 0.0163921 0.0134553 0.0225747 0.0314749 0.047673 0.0162245 0.0135084 0.0194889 0.052572 0.00374983 0.00374502 0.00357179 0.00377775 0 0.0242173 0.0431953 0.0164868 0.062734 0.0216349 0.0258679 0.0411587 0.0126406 0.0108008 0.01136 0.0147715 0.00936485 0.0180366 0.0130232 0.0116125 0.014336 0.0103739 0.015591 0.019663 0.0142702 0.0117589 0.0155318 0.0138508 0.0147986 0.0127798 0.0133046 0.0113385 0.00936283 0.0108641 0.00999033 0.0113873 0.0103916 0.0101895 0.0107136 0.00836404 0.00915141 0.00895771 0.00919355 0.00893277 0.0095926 0.00831433 0.00810793 0.00840247 0.00814364 0.00856862 0.00833283 0.00871082 0.00860144 0.00887014 0.00844219 0.00858556 0.00869143 0.00829519 0.0083691 0.00826029 0.00913395 
0.0118741 0.0188031 0.00954302 0.00982716 0.00955802 0.00927617 0.0100048 0.0191108 0.0176632 0.0111261 0.011543 0.0102212 0.0120105 0.0122718 0.048616 0.0320011 0.010711 0.0155246 0.0115407 0.0195924 0.0517587 0.0143095 0.0165765 0.0259931 0.0242173 0 0.00523654 0.00357872 0.0035993 0.00357699 0.00365572 0.00432359 0.00643722 0.00589807 0.0134049 0.0161284 0.00935727 0.0323799 0.037711 0.022933 0.0109047 0.013111 0.0096929 0.0247281 0.0336085 0.0124959 0.0125601 0.011023 0.0102008 0.0100441 0.0215883 0.0102481 0.00893845 0.00884576 0.00900304 0.00924344 0.00960825 0.0107726 0.00874459 0.00866826 0.00846792 0.00865108 0.00851041 0.00939801 0.00995723 0.00838219 0.00860122 0.00832236 0.00844014 0.00846113 0.00820448 0.00835491 0.00854299 0.0083347 0.00838718 0.00875511 0.00837503 0.0083045 0.00826989 0.008312 0.00862538 
0.0109554 0.00908749 0.0265915 0.00983881 0.0128388 0.0113913 0.0106543 0.00942211 0.0120766 0.0277319 0.0141726 0.0369367 0.0132757 0.0706768 0.0109214 0.0120817 0.0721127 0.0129814 0.0271577 0.0118377 0.00948221 0.101499 0.0155741 0.0325641 0.0431953 0.00523654 0 0.00358002 0.00361105 0.00360652 0.00376164 0.00375401 0.0044574 0.0099388 0.0070813 0.00929007 0.0338493 0.0119875 0.0101842 0.00969011 0.0947878 0.0102641 0.0296314 0.0109826 0.012406 0.0499786 0.0269852 0.0269987 0.0204765 0.0222541 0.010119 0.00908569 0.0121638 0.0164115 0.0130732 0.0151117 0.0112671 0.00937579 0.00965229 0.00848961 0.0117941 0.00890664 0.0114074 0.00952521 0.00884482 0.00809237 0.00815006 0.00823576 0.00815515 0.00829858 0.00855497 0.00945532 0.00943901 0.00902914 0.00889743 0.00838856 0.00829889 0.00848323 0.00862255 0.0084983 0.00893436 
0.00865747 0.0116087 0.00958142 0.0429352 0.0174767 0.0156495 0.0109026 0.00941671 0.0102927 0.0177538 0.0730683 0.0233149 0.196917 0.0180015 0.0141691 0.0158781 0.0113944 0.129863 0.0153475 0.0129813 0.0257162 0.0110564 0.0761305 0.0864723 0.0164868 0.00357872 0.00358002 0 0.00356822 0.00362407 0.00361733 0.00362002 0.00417513 0.00475106 0.00566896 0.0106503 0.00993697 0.010053 0.0104688 0.0254449 0.0111711 0.111282 0.0129947 0.0120423 0.0124953 0.0222103 0.0778371 0.0949649 0.0662262 0.0154216 0.0121439 0.00923401 0.0143843 0.0263961 0.0531413 0.0248536 0.0163976 0.0092733 0.00837484 0.0111498 0.00966156 0.0190577 0.0115399 0.0120643 0.00867711 0.00823818 0.00806848 0.00818978 0.00809109 0.00829806 0.00900723 0.00960998 0.012398 0.00979856 0.00954897 0.00857596 0.00835847 0.00865579 0.00870656 0.00867663 0.0116123 
0.00893879 0.00896729 0.0259891 0.0138826 0.0305105 0.0186513 0.0111907 0.00998614 0.0103261 0.0208116 0.0313233 0.232948 0.0284112 0.0450426 0.0117249 0.0106309 0.0646645 0.0205807 0.0762589 0.0116542 0.00925953 0.0667453 0.038858 0.0255006 0.062734 0.0035993 0.00361105 0.00356822 0 0.00355317 0.00359376 0.00358512 0.00383343 0.00413497 0.00773218 0.00857964 0.00915161 0.0105696 0.0089564 0.00998916 0.0917834 0.0152497 0.0348751 0.0115353 0.0106007 0.0379558 0.0806227 0.140065 0.0603644 0.0225726 0.0107622 0.00941197 0.0167127 0.0536884 0.0453502 0.0456179 0.0167694 0.0101306 0.00929621 0.00877416 0.0229548 0.0123762 0.0224994 0.0109773 0.00900697 0.00817534 0.00817098 0.00820026 0.00816148 0.00849898 0.00887611 0.0113521 0.0114266 0.011949 0.00957441 0.00872105 0.0085242 0.00872167 0.00910754 0.00881314 0.013974 
0.00863377 0.0112936 0.0104021 0.035987 0.0174796 0.0142801 0.0111138 0.00959182 0.0100238 0.0192195 0.12629 0.0267446 0.0784413 0.0213434 0.0142344 0.0166409 0.0137065 0.135424 0.0178774 0.0146286 0.0429406 0.0176154 0.0287489 0.0380932 0.0216349 0.00357699 0.00360652 0.00362407 0.00355317 0 0.00355649 0.00357663 0.00398757 0.00677021 0.0246726 0.0122355 0.00859303 0.00978965 0.0141431 0.0209041 0.0131849 0.0800916 0.0146362 0.0134129 0.0121865 0.0257123 0.104967 0.0923435 0.0452761 0.015837 0.0131627 0.0090784 0.0174943 0.029542 0.0516704 0.0243921 0.0180163 0.00966338 0.00841125 0.0120213 0.0100385 0.0188765 0.0113455 0.0119603 0.00874205 0.00819672 0.00813017 0.00812824 0.00818607 0.00833305 0.00899567 0.00990935 0.0137 0.010147 0.00956442 0.00848195 0.00836113 0.00876384 0.00879932 0.00869525 0.00896635 
0.00955583 0.00962908 0.0194186 0.0102023 0.0128083 0.00996983 0.0111108 0.00924567 0.0122956 0.0625329 0.0172302 0.0277817 0.0154433 0.0641494 0.0112758 0.0126449 0.0384064 0.015935 0.083534 0.0116103 0.014899 0.0519003 0.0162784 0.0363441 0.0258679 0.00365572 0.00376164 0.00361733 0.00359376 0.00355649 0 0.00360713 0.00374243 0.0275454 0.00409589 0.0117164 0.0131854 0.00839605 0.00968192 0.0106305 0.0530758 0.0119826 0.0541858 0.0123496 0.0116521 0.0514276 0.0323496 0.0408208 0.0296735 0.0333387 0.0110951 0.0103413 0.015955 0.0179026 0.0174126 0.0215996 0.0167747 0.00954488 0.00955508 0.00900615 0.012483 0.0103533 0.0119117 0.0101772 0.00889102 0.00816244 0.00811656 0.00819757 0.00811537 0.00831481 0.00880883 0.00954513 0.0100411 0.00961523 0.00888315 0.00843024 0.00846654 0.00847282 0.00861705 0.00857889 0.00874352 
0.0115916 0.0225136 0.0102877 0.00989519 0.00953794 0.00961976 0.00899788 0.00998923 0.0853551 0.0121114 0.0125408 0.0117085 0.0138989 0.0123709 0.0200623 0.0326225 0.0116295 0.0151283 0.0149309 0.0290421 0.054072 0.0128362 0.0129929 0.0143194 0.0411587 0.00432359 0.00375401 0.00362002 0.00358512 0.00357663 0.00360713 0 0.0170572 0.00462625 0.00372309 0.0219334 0.00729063 0.0131307 0.0395763 0.0228032 0.0110316 0.0153575 0.0111491 0.0207854 0.0317361 0.0124518 0.014727 0.0163704 0.0159049 0.0122557 0.0203506 0.0136116 0.00999353 0.0105931 0.0112557 0.0112892 0.0116174 0.010334 0.0108623 0.00911073 0.00880282 0.0102251 0.00902007 0.00955446 0.00884537 0.00847911 0.00806934 0.00847028 0.00825187 0.00877071 0.00840076 0.00875322 0.00874524 0.00861907 0.00853176 0.00850083 0.00885175 0.00824021 0.00823402 0.00826374 0.00848525 
0.0097471 0.0108916 0.00854294 0.00880779 0.00864267 0.00834331 0.00845009 0.0104524 0.00965783 0.00873043 0.00933267 0.00895334 0.0095591 0.00966915 0.016251 0.010376 0.00919297 0.010205 0.00979486 0.016207 0.0179365 0.00938149 0.00941702 0.0123914 0.0126406 0.00643722 0.0044574 0.00417513 0.00383343 0.00398757 0.00374243 0.0170572 0 0.0038394 0.00395263 0.00964453 0.0126559 0.904601 0.0147928 0.0144144 0.0096233 0.0108218 0.00899434 0.0142468 0.0121013 0.00919186 0.00968098 0.00982427 0.00908467 0.00916846 0.0151907 0.00853498 0.00838459 0.00850719 0.0084975 0.00850139 0.00857927 0.00901081 0.00841499 0.00834223 0.00818093 0.0085482 0.008335 0.00843624 0.00894373 0.00827761 0.00823002 0.00821115 0.00835385 0.00827503 0.00808198 0.00820079 0.00824565 0.00816831 0.00808088 0.00828894 0.00823382 0.0081458 0.00818605 0.00819268 0.00829446 
0.00873509 0.0086978 0.00927729 0.00834164 0.00841047 0.00842253 0.00868776 0.00839281 0.00880622 0.00959777 0.00868162 0.00884401 0.00878205 0.0128204 0.00906353 0.00895272 0.0120494 0.00925039 0.0139888 0.00951459 0.00913821 0.0174326 0.00888212 0.0156218 0.0108008 0.00589807 0.0099388 0.00475106 0.00413497 0.00677021 0.0275454 0.00462625 0.0038394 0 0.00430769 0.0138664 0.957941 0.00691223 0.0101652 0.00942767 0.0150751 0.00870049 0.0154201 0.00911704 0.00923838 0.0126708 0.00897579 0.00917311 0.00906597 0.0115815 0.009094 0.00835749 0.00846381 0.00853995 0.00839457 0.00856621 0.00890716 0.00834194 0.00836919 0.00827817 0.00832236 0.00829288 0.00835283 0.00880131 0.00866973 0.00836742 0.00826025 0.00830935 0.00828904 0.00808655 0.00834062 0.00821185 0.00830918 0.00830929 0.0082631 0.00818054 0.0081868 0.00828962 0.00830765 0.0082659 0.00817104 
0.0103193 0.0124247 0.00934462 0.00842002 0.00859648 0.0086246 0.00824978 0.00857119 0.0138327 0.00921901 0.00886822 0.00866799 0.00884516 0.00867713 0.00988484 0.014976 0.00879491 0.00932848 0.00876832 0.00934451 0.0182326 0.00988699 0.00928683 0.00915899 0.01136 0.0134049 0.0070813 0.00566896 0.00773218 0.0246726 0.00409589 0.00372309 0.00395263 0.00430769 0 0.985679 0.00563493 0.00738038 0.0152383 0.0149113 0.00960773 0.00978258 0.00861083 0.0091635 0.0138565 0.00899766 0.00890139 0.00904096 0.00999788 0.00853162 0.010125 0.0105786 0.00845924 0.00841939 0.00840486 0.00846099 0.00848949 0.00848808 0.00959539 0.00830749 0.00818 0.00824566 0.00822504 0.00841534 0.00828312 0.00856125 0.00803612 0.00840362 0.00810495 0.00830873 0.00815573 0.00821879 0.00818419 0.00823454 0.0081786 0.00813372 0.00826374 0.00814522 0.00816619 0.00816555 0.0081745 
0.00997236 0.00992474 0.00853659 0.00864989 0.00869126 0.00838049 0.00893654 0.0107391 0.00926443 0.00863016 0.00882245 0.00880117 0.00894285 0.0100354 0.0151617 0.00994804 0.00904778 0.00948111 0.00957506 0.0168028 0.0137968 0.00927085 0.00976365 0.0104546 0.0147715 0.0161284 0.00929007 0.0106503 0.00857964 0.0122355 0.0117164 0.0219334 0.00964453 0.0138664 0.985679 0 0.00397675 0.00375042 0.0343257 0.0192442 0.0099479 0.018103 0.0108709 0.0168313 0.0130174 0.00937175 0.010333 0.0100048 0.00938836 0.00928005 0.0159558 0.00873921 0.00847965 0.00863988 0.00853648 0.00861931 0.00895952 0.0103535 0.00832523 0.0083852 0.00824026 0.00834011 0.00837461 0.00866896 0.00942591 0.00841365 0.00856863 0.00829994 0.00862462 0.00825676 0.00806805 0.00820956 0.00834632 0.00817654 0.00818694 0.00847409 0.00817278 0.0081541 0.00821201 0.00827429 0.00850162 
0.00828513 0.00826601 0.00877568 0.00825125 0.00835103 0.00836781 0.00853644 0.00821441 0.00845484 0.00904204 0.00873925 0.00896692 0.00877799 0.0121578 0.00858084 0.00865755 0.0107347 0.0091747 0.0120213 0.00861752 0.00888997 0.0151062 0.00901851 0.0147826 0.00936485 0.00935727 0.0338493 0.00993697 0.00915161 0.00859303 0.0131854 0.00729063 0.0126559 0.957941 0.00563493 0.00397675 0 0.00373033 0.00883481 0.00872383 0.0357533 0.0106849 0.02103 0.00852301 0.00926577 0.0171185 0.00994989 0.00998071 0.00986991 0.0127639 0.00900557 0.00841868 0.00878278 0.00872251 0.0086147 0.00879228 0.00940184 0.00827843 0.00829026 0.00825209 0.00841008 0.00826246 0.00841384 0.00874415 0.00854576 0.00811466 0.00826452 0.00818366 0.00823757 0.00807585 0.0083145 0.00827628 0.00832612 0.00831994 0.00830918 0.00812801 0.00810798 0.00825847 0.00822879 0.00828592 0.00811876 
0.010075 0.0113726 0.0087238 0.0085222 0.00861694 0.00860847 0.00837064 0.00883241 0.0119103 0.00917048 0.00941682 0.00925334 0.00964585 0.00948162 0.0116583 0.0162302 0.00936548 0.0101324 0.0103711 0.0122909 0.0221428 0.0098141 0.0104682 0.0108649 0.0180366 0.0323799 0.0119875 0.010053 0.0105696 0.00978965 0.00839605 0.0131307 0.904601 0.00691223 0.00738038 0.00375042 0.00373033 0 0.0201312 0.024873 0.0174503 0.0121268 0.0115665 0.0235356 0.017466 0.0102418 0.0104357 0.0104423 0.0112785 0.00978043 0.0151113 0.0115366 0.00944139 0.00941451 0.00947948 0.00951236 0.0096323 0.0100594 0.0100874 0.00862419 0.00841029 0.00876722 0.00862362 0.00907912 0.00967546 0.00868898 0.00814426 0.00858847 0.00837108 0.00888966 0.00822632 0.0083615 0.00840126 0.00837265 0.00839366 0.00833985 0.00860561 0.00817378 0.00822953 0.00820095 0.00841397 
0.0109837 0.0134361 0.00826921 0.00865238 0.00840735 0.00824221 0.0082697 0.0105923 0.0100569 0.00854856 0.00840408 0.00833306 0.0085475 0.00896695 0.0151323 0.0121693 0.00850544 0.00887859 0.00887042 0.0149635 0.0263916 0.00945327 0.00913147 0.0102706 0.0130232 0.037711 0.0101842 0.0104688 0.0089564 0.0141431 0.00968192 0.0395763 0.0147928 0.0101652 0.0152383 0.0343257 0.00883481 0.0201312 0 0.0131052 0.00361192 0.00393563 0.0051793 0.00464996 0.0337382 0.00903746 0.00917875 0.00955694 0.00906719 0.00908954 0.0208653 0.0125676 0.00935302 0.00873468 0.00860709 0.00881012 0.00913526 0.0115243 0.00961531 0.00906236 0.00820804 0.00894508 0.00836007 0.00883525 0.0112974 0.0101368 0.00917026 0.0089714 0.00985721 0.00881598 0.00812383 0.0081832 0.00828762 0.00816989 0.00822357 0.00916814 0.00846114 0.00805947 0.00813564 0.00818116 0.00877174 
0.00868809 0.0128039 0.00844387 0.0112965 0.00940008 0.00923598 0.00907538 0.0103485 0.0096758 0.00955625 0.0119478 0.0100731 0.0129172 0.0100355 0.0153551 0.0117357 0.00879048 0.0154258 0.00997266 0.0148468 0.0283621 0.00902464 0.012505 0.0135268 0.0116125 0.022933 0.00969011 0.0254449 0.00998916 0.0209041 0.0106305 0.0228032 0.0144144 0.00942767 0.0149113 0.0192442 0.00872383 0.024873 0.0131052 0 0.00357761 0.00363086 0.00357406 0.00384555 0.0298263 0.0111203 0.0143079 0.0131086 0.0146734 0.00933631 0.0222144 0.010675 0.0124157 0.0120835 0.0141594 0.0106864 0.011282 0.00975346 0.00870939 0.0112768 0.00863814 0.0147977 0.0095314 0.010899 0.00966591 0.0090947 0.00851668 0.00896418 0.0097575 0.00870059 0.00897559 0.00874097 0.0101827 0.00935346 0.00886519 0.00898794 0.00857315 0.0083649 0.00849256 0.00868363 0.00931906 
0.00918779 0.00834881 0.0153283 0.00918178 0.0107698 0.00999611 0.00894269 0.00839078 0.00946344 0.0117541 0.0133448 0.0244474 0.0122559 0.0208997 0.0095485 0.00970651 0.0330974 0.013374 0.0271673 0.00963135 0.00935272 0.0477816 0.014973 0.0164121 0.014336 0.0109047 0.0947878 0.0111711 0.0917834 0.0131849 0.0530758 0.0110316 0.0096233 0.0150751 0.00960773 0.0099479 0.0357533 0.0174503 0.00361192 0.00357761 0 0.00356736 0.00360712 0.00358265 0.0152185 0.0561162 0.0210274 0.0396159 0.0222267 0.0255244 0.00969353 0.0139992 0.0212132 0.0385008 0.0202536 0.0298341 0.0129031 0.010336 0.0119978 0.00862038 0.0353836 0.0102752 0.0215091 0.0126438 0.00982926 0.00816722 0.00844551 0.00846223 0.00820361 0.00863914 0.00877625 0.0114964 0.011614 0.0113006 0.0102761 0.008752 0.00846052 0.00860169 0.00896472 0.00865684 0.0102077 
0.00823317 0.00939761 0.00876166 0.0142234 0.00978479 0.00962689 0.00875452 0.00858526 0.00872966 0.0109854 0.0231299 0.0151586 0.0340428 0.0114378 0.00991561 0.0102415 0.0112015 0.0642817 0.012901 0.00978168 0.0119278 0.01011 0.033997 0.0233547 0.0103739 0.013111 0.0102641 0.111282 0.0152497 0.0800916 0.0119826 0.0153575 0.0108218 0.00870049 0.00978258 0.018103 0.0106849 0.0121268 0.00393563 0.00363086 0.00356736 0 0.00356849 0.00355477 0.0262026 0.0119625 0.0674292 0.0260633 0.0325582 0.0125841 0.0098156 0.0102084 0.0197564 0.0294061 0.0538354 0.0252519 0.0176188 0.00974094 0.00855084 0.0155867 0.0110208 0.0279951 0.016621 0.0134961 0.00908231 0.00831223 0.0080834 0.00819782 0.00823425 0.00835876 0.00906084 0.0106137 0.0148592 0.0111692 0.00977556 0.0085835 0.00842714 0.00887274 0.00889562 0.00896328 0.0099992 
0.00853353 0.00870706 0.0102527 0.00905209 0.00956244 0.00978416 0.00883099 0.00827297 0.00917342 0.0107409 0.0118299 0.016312 0.0120904 0.0198044 0.00904899 0.00954586 0.0215141 0.0125631 0.0296335 0.00938544 0.00923131 0.0206243 0.012052 0.030255 0.015591 0.0096929 0.0296314 0.0129947 0.0348751 0.0146362 0.0541858 0.0111491 0.00899434 0.0154201 0.00861083 0.0108709 0.02103 0.0115665 0.0051793 0.00357406 0.00360712 0.00356849 0 0.00370412 0.0134272 0.0662383 0.0245524 0.0621586 0.0246691 0.030947 0.00997297 0.0111919 0.0161059 0.0252773 0.0213469 0.0263868 0.0244721 0.0108304 0.00983821 0.0100752 0.0139394 0.0108085 0.0150565 0.0148083 0.00941769 0.00825474 0.00825233 0.00826976 0.0081426 0.00849221 0.00907658 0.0110917 0.0112546 0.0108083 0.0108581 0.00859403 0.00836797 0.00852908 0.00883719 0.00865033 0.00881771 
0.00926063 0.0100611 0.00872986 0.00848336 0.00847328 0.00842598 0.00831937 0.00846369 0.0112862 0.0092065 0.00974043 0.00944808 0.0093251 0.00959548 0.0108039 0.0162965 0.00942526 0.0098488 0.0103567 0.0112478 0.0139003 0.00986123 0.0100691 0.0115341 0.019663 0.0247281 0.0109826 0.0120423 0.0115353 0.0134129 0.0123496 0.0207854 0.0142468 0.00911704 0.0091635 0.0168313 0.00852301 0.0235356 0.00464996 0.00384555 0.00358265 0.00355477 0.00370412 0 0.0219732 0.0140969 0.0338138 0.0139293 0.0186466 0.0170649 0.0236703 0.0141079 0.0128553 0.0106581 0.0108061 0.0110678 0.0130814 0.0143053 0.0121246 0.00904572 0.0089464 0.00922782 0.00931782 0.010372 0.0104159 0.00891663 0.008133 0.00872868 0.00818377 0.00889807 0.00847962 0.00866814 0.0090257 0.0088695 0.00874006 0.00867595 0.0089645 0.00822983 0.00829055 0.00826149 0.00853757 
0.00922981 0.0106634 0.00843685 0.00860025 0.0086433 0.00838329 0.00853175 0.00969502 0.00965649 0.0089021 0.00927804 0.00937363 0.00936028 0.0101027 0.0130208 0.0112902 0.0092477 0.0102767 0.00983534 0.0137951 0.0167885 0.010193 0.00970443 0.0113208 0.0142702 0.0336085 0.012406 0.0124953 0.0106007 0.0121865 0.0116521 0.0317361 0.0121013 0.00923838 0.0138565 0.0130174 0.00926577 0.017466 0.0337382 0.0298263 0.0152185 0.0262026 0.0134272 0.0219732 0 0.00361985 0.003587 0.00359415 0.00358362 0.00363403 0.00528207 0.0624538 0.0179647 0.0121346 0.011201 0.0110535 0.0119585 0.016499 0.0111808 0.0100124 0.00943967 0.0102951 0.010211 0.0110465 0.0140574 0.00924469 0.00933095 0.00855034 0.00991263 0.00914532 0.00865405 0.00891026 0.00999296 0.00972721 0.00913696 0.0113354 0.00868789 0.00849153 0.00839882 0.00843674 0.00909939 
