1F5MA
STGFHHADHVNYSSNLNKEEILEQLLLSYEGLSDGQVNWVCNLSNASSLIWHAYKSLAVDINWAGFYVTQASEENTLILGPFQGKVACQMIQFGKGVCGTAASTKETQIVPDVNKYPGHIACDGETKSEIVVPIISNDGKTLGVIDIDCLDYEGFDHVDKEFLEKLAKLINKSCVF
CCCCCHHHHHCCCCCCCHHHHHHHHHHHHHHHHCCCCEHHHHHHHHHHHHHHHHHHCCCCEEEEEEEEECCCCCCEEEEEEEEECCCCCEEECCCHHHHHHHHHCCCEEECCHHHCCCCCCCCCCCCEEEEEEEECCCCCEEEEEEEEECCCCCCCHHHHHHHHHHHHHHHHHCEC
0 0 0 0 0 0 0 0 0 0 0 0 0 0 0 0 0 0 0 0 0 0 0 0 0 0 0 0 0 0 0 0 0 0 0 0 0 0 0 0 0 0 0 0 0 0 0 0 0 0 0 0 0 0 0 0 0 0 0 0 0 0 0 0 0 0 0 0 0 0 0 0 0 0 0 0 0 0 0 0 0 0 0 0 0 0 0 0 0 0 0 0 0 0 0 0 0 0 0 0 0 0 0 0 0 0 0 0 0 0 0 0 0 0 0 0 0 0 0 0 0 0 0 0 0 0 0 0 0 0 0 0 0 0 0 0 0 0 0 0 0 0 0 0 0 0 0 0 0 0 0 0 0 0 0 0 0 0 0 0 0 0 0 0 0 0 0 0 0 0 0 0 0 0 0 0 
0 0 0 0 0 0 0 0 0 0 0 0 0 0 0 0 0 0 0 0 0 0 0 0 0 0 0 0 0 0 0 0 0 0 0 0 0 0 0 0 0 0 0 0 0 0 0 0 0 0 0 0 0 0 0 0 0 0 0 0 0 0 0 0 0 0 0 0 0 0 0 0 0 0 0 0 0 0 0 0 0 0 0 0 0 0 0 0 0 0 0 0 0 0 0 0 0 0 0 0 0 0 0 0 0 0 0 0 0 0 0 0 0 0 0 0 0 0 0 0 0 0 0 0 0 0 0 0 0 0 0 0 0 0 0 0 0 0 0 0 0 0 0 0 0 0 0 0 0 0 0 0 0 0 0 0 0 0 0 0 0 0 0 0 0 0 0 0 0 0 0 0 0 0 0 0 
0 0.0132651 0.0102493 0.00845596 0.00835523 0.00900162 0.00862289 0.0100098 0.00939764 0.0189917 0.0205077 0.0109952 0.0097817 0.00953345 0.00856158 0.00845329 0.00863183 0.0098353 0.0113135 0.0163616 0.00870812 0.0129119 0.0115921 0.00891041 0.00858029 0.0106158 0.00872992 0.00827289 0.00847746 0.00816508 0.00846609 0.0084559 0.00943289 0.011726 0.00846374 0.00844727 0.00825437 0.00823953 0.00843685 0.0082104 0.0083468 0.00844623 0.0113377 
0.0132651 0 0.00363818 0.00361352 0.00368838 0.0035463 0.00384849 0.00370786 0.00665481 0.00710814 0.0101622 0.0117503 0.0105546 0.0120188 0.0082634 0.00920169 0.0099731 0.0103837 0.107031 0.0152313 0.0229408 0.0119741 0.0175677 0.0100279 0.0166987 0.0160858 0.010838 0.0130927 0.0121604 0.0115622 0.0105789 0.0113301 0.0127655 0.0121217 0.0118613 0.0111364 0.0110669 0.0105745 0.00958516 0.0114525 0.00892678 0.01292 0.00886436 
0.0102493 0.00363818 0 0.00359566 0.00359349 0.00358308 0.00360252 0.0039108 0.00380528 0.00450829 0.00829926 0.0104053 0.0122206 0.00981544 0.00913759 0.00987354 0.0113953 0.09223 0.0747113 0.0232589 0.0098111 0.0112246 0.0100152 0.0178165 0.00895628 0.00953108 0.0227117 0.0166064 0.0302637 0.019263 0.0180052 0.0143828 0.00971588 0.0094297 0.0128581 0.0233697 0.0224035 0.0134835 0.0353454 0.0120531 0.0129895 0.00949079 0.00827967 
0.00845596 0.00361352 0.00359566 0 0.00357455 0.00355468 0.00357581 0.00352845 0.00367234 0.00366454 0.00769437 0.0113073 0.016967 0.0149937 0.0136672 0.0150426 0.0790355 0.118322 0.187272 0.00948708 0.0123545 0.00937846 0.0119039 0.00984383 0.0107272 0.00967403 0.0148021 0.0508309 0.0494903 0.0508013 0.039487 0.0175353 0.00974357 0.00930049 0.0146089 0.0355632 0.0421097 0.0410035 0.0424782 0.0476619 0.0141068 0.00948826 0.00825183 
0.00835523 0.00368838 0.00359349 0.00357455 0 0.00354941 0.00356285 0.00357705 0.00357009 0.0037615 0.0070191 0.00968743 0.0141217 0.017557 0.0122525 0.0331415 0.160305 0.180356 0.0106157 0.00952093 0.0112654 0.00919455 0.00985016 0.0107173 0.00990897 0.00951532 0.013384 0.0450504 0.0547648 0.064566 0.0303963 0.0170505 0.00962048 0.0091634 0.0136494 0.0395254 0.0425487 0.046149 0.0333 0.0573378 0.0126364 0.00996697 0.00842549 
0.00900162 0.0035463 0.00358308 0.00355468 0.00354941 0 0.00356538 0.00358766 0.00356382 0.00360226 0.00699548 0.00946024 0.0213634 0.0176645 0.037321 0.230681 0.184257 0.0122641 0.00936188 0.0107811 0.00946122 0.0109661 0.0094856 0.0111466 0.00961642 0.00951852 0.0198567 0.0277036 0.0970896 0.0456511 0.0366849 0.0138322 0.0100897 0.00917526 0.014761 0.0397565 0.0430894 0.0263244 0.0844115 0.02244 0.0194303 0.0091678 0.00850174 
0.00862289 0.00384849 0.00360252 0.00357581 0.00356285 0.00356538 0 0.00355343 0.0035877 0.00358396 0.00734985 0.0133777 0.0392555 0.0369263 0.352145 0.109692 0.0162902 0.0110265 0.0119901 0.00902418 0.0128888 0.00955245 0.0109502 0.010529 0.0109797 0.0102956 0.0144968 0.0763539 0.0434841 0.0636731 0.0249351 0.0196273 0.00972225 0.00977504 0.0158493 0.0367621 0.0413632 0.0746413 0.0217949 0.0590181 0.0105153 0.0103828 0.00838371 
0.0100098 0.00370786 0.0039108 0.00352845 0.00357705 0.00358766 0.00355343 0 0.00358009 0.00358894 0.0109549 0.0177573 0.0640183 0.670615 0.0559211 0.0164958 0.0104392 0.0126486 0.0111869 0.0151656 0.00936611 0.0127794 0.010519 0.0127427 0.0102597 0.00983852 0.0235797 0.0287693 0.0767998 0.0315084 0.0424241 0.0125705 0.0103163 0.00952656 0.0143687 0.0478686 0.0547603 0.0219483 0.0726823 0.0231968 0.0172325 0.00944158 0.00839109 
0.00939764 0.00665481 0.00380528 0.00367234 0.00357009 0.00356382 0.0035877 0.00358009 0 0.00364313 0.0164901 0.0569302 0.656508 0.0130049 0.00944124 0.0084877 0.00970348 0.0154987 0.0115203 0.00972958 0.0320881 0.00913642 0.0112269 0.014115 0.0119122 0.0123681 0.0147724 0.0268063 0.0180326 0.0285595 0.0138248 0.0368439 0.00993829 0.0103654 0.0175432 0.0202929 0.0212881 0.0267022 0.0153843 0.0257485 0.0120536 0.0121436 0.00849032 
0.0189917 0.00710814 0.00450829 0.00366454 0.0037615 0.00360226 0.00358396 0.00358894 0.00364313 0 0.17935 0.62687 0.010221 0.00912346 0.00736987 0.00716204 0.0098986 0.00956989 0.0119621 0.0245302 0.00985592 0.0307198 0.0201853 0.0116957 0.0119833 0.0204819 0.0125546 0.0119119 0.0133982 0.01046 0.0102553 0.0117991 0.0141041 0.0166569 0.0118177 0.0130151 0.0134491 0.0116181 0.012389 0.01031 0.0123202 0.0112097 0.011113 
0.0205077 0.0101622 0.00829926 0.00769437 0.0070191 0.00699548 0.00734985 0.0109549 0.0164901 0.17935 0 0.00374648 0.00362071 0.00360238 0.00359024 0.00355579 0.00369486 0.00410708 0.00662332 0.0170942 0.00827922 0.0689525 0.0353331 0.0122174 0.0207278 0.0228394 0.0165115 0.0133363 0.0136124 0.0113592 0.0119695 0.0111094 0.0189105 0.023723 0.0122493 0.0123247 0.0111673 0.0107746 0.0107576 0.00999567 0.0105121 0.0181471 0.0102651 
0.0109952 0.0117503 0.0104053 0.0113073 0.00968743 0.00946024 0.0133777 0.0177573 0.0569302 0.62687 0.00374648 0 0.00362012 0.00358786 0.00358274 0.00354602 0.0037009 0.00475207 0.00562507 0.00789137 0.0738092 0.00848232 0.0252228 0.021821 0.0128069 0.0170836 0.0374817 0.038621 0.0334908 0.0359298 0.0216622 0.0259894 0.0111991 0.0142577 0.0354038 0.0331893 0.0296993 0.0299433 0.019059 0.0396228 0.0132319 0.0116421 0.00860764 
0.0097817 0.0105546 0.0122206 0.016967 0.0141217 0.0213634 0.0392555 0.0640183 0.656508 0.010221 0.00362071 0.00362012 0 0.00358465 0.00357374 0.00375245 0.00373777 0.00385827 0.0037587 0.037774 0.00922512 0.0101369 0.017068 0.0188479 0.011572 0.0118581 0.0368292 0.0761843 0.146222 0.0898797 0.0982749 0.0405714 0.0125987 0.0128367 0.0279437 0.121401 0.0934466 0.0715878 0.133825 0.0758156 0.0283645 0.0102961 0.00878018 
0.00953345 0.0120188 0.00981544 0.0149937 0.017557 0.0176645 0.0369263 0.670615 0.0130049 0.00912346 0.00360238 0.00358786 0.00358465 0 0.00356212 0.00349136 0.0035876 0.00360285 0.0036464 0.00720524 0.00906839 0.00760855 0.0153038 0.0131324 0.0115705 0.0117662 0.019183 0.0592581 0.0694629 0.106581 0.062776 0.0242381 0.0106019 0.0115426 0.0228543 0.0503604 0.0661064 0.0631933 0.050906 0.083483 0.0162418 0.0111307 0.0086948 
0.00856158 0.0082634 0.00913759 0.0136672 0.0122525 0.037321 0.352145 0.0559211 0.00944124 0.00736987 0.00359024 0.00358274 0.00357374 0.00356212 0 0.00359204 0.003561 0.00353269 0.0035642 0.00619618 0.00681129 0.00695088 0.0127065 0.0116418 0.00955006 0.00995044 0.0156802 0.0384638 0.0676027 0.0709039 0.0328838 0.0154063 0.00970033 0.00961644 0.0149723 0.0437729 0.0422483 0.0423827 0.044138 0.0361821 0.0134267 0.00960181 0.00858185 
0.00845329 0.00920169 0.00987354 0.0150426 0.0331415 0.230681 0.109692 0.0164958 0.0084877 0.00716204 0.00355579 0.00354602 0.00375245 0.00349136 0.00359204 0 0.00356746 0.00356187 0.00354959 0.00607125 0.00694507 0.0182957 0.00988095 0.0114185 0.00894842 0.0095221 0.0155646 0.0273229 0.0631475 0.0274735 0.0226095 0.0130921 0.00918496 0.00931184 0.0116703 0.0272539 0.0360134 0.0223029 0.0345466 0.0196087 0.0128723 0.0089006 0.0092465 
0.00863183 0.0099731 0.0113953 0.0790355 0.160305 0.184257 0.0162902 0.0104392 0.00970348 0.0098986 0.00369486 0.0037009 0.00373777 0.0035876 0.003561 0.00356746 0 0.00356525 0.00355256 0.00578956 0.0247981 0.014995 0.0105837 0.00973578 0.0117154 0.00975683 0.0138323 0.0490766 0.0263497 0.0439264 0.023488 0.0188118 0.0095956 0.00923194 0.0138159 0.0287764 0.0257833 0.0374626 0.0169189 0.0449515 0.0103337 0.0107636 0.00839531 
0.0098353 0.0103837 0.09223 0.118322 0.180356 0.0122641 0.0110265 0.0126486 0.0154987 0.00956989 0.00410708 0.00475207 0.00385827 0.00360285 0.00353269 0.00356187 0.00356525 0 0.00366921 0.0168917 0.0253801 0.00748253 0.00968057 0.0295551 0.0093343 0.0103318 0.0172767 0.0124322 0.0200587 0.0144396 0.0163202 0.0158814 0.012613 0.0101239 0.0116881 0.017794 0.0173766 0.0110071 0.0247816 0.0113512 0.0273914 0.00966537 0.00856413 
0.0113135 0.107031 0.0747113 0.187272 0.0106157 0.00936188 0.0119901 0.0111869 0.0115203 0.0119621 0.00662332 0.00562507 0.0037587 0.0036464 0.0035642 0.00354959 0.00355256 0.00366921 0 0.0145089 0.00807407 0.00496344 0.0252644 0.0108024 0.0253529 0.0198822 0.0103612 0.014576 0.0111625 0.0120569 0.00973269 0.0148314 0.0124031 0.0176525 0.0116441 0.0120478 0.0123061 0.0124579 0.0106968 0.015044 0.00967621 0.0186063 0.0105484 
0.0163616 0.0152313 0.0232589 0.00948708 0.00952093 0.0107811 0.00902418 0.0151656 0.00972958 0.0245302 0.0170942 0.00789137 0.037774 0.00720524 0.00619618 0.00607125 0.00578956 0.0168917 0.0145089 0 0.00359452 0.00395984 0.0249904 0.0271154 0.0111641 0.0142118 0.0248787 0.0105625 0.0150191 0.00993055 0.0131242 0.0102566 0.0207321 0.0186092 0.00990163 0.0154433 0.010727 0.00971669 0.0176007 0.00929151 0.0135534 0.0108889 0.0108666 
0.00870812 0.0229408 0.0098111 0.0123545 0.0112654 0.00946122 0.0128888 0.00936611 0.0320881 0.00985592 0.00827922 0.0738092 0.00922512 0.00906839 0.00681129 0.00694507 0.0247981 0.0253801 0.00807407 0.00359452 0 0.00381884 0.0225999 0.032676 0.0201025 0.013662 0.0158004 0.0204862 0.010226 0.0149871 0.00976562 0.0398087 0.00909054 0.0101002 0.025775 0.0112763 0.0119266 0.0136557 0.0095828 0.0233049 0.00934123 0.0121231 0.00865843 
0.0129119 0.0119741 0.0112246 0.00937846 0.00919455 0.0109661 0.00955245 0.0127794 0.00913642 0.0307198 0.0689525 0.00848232 0.0101369 0.00760855 0.00695088 0.0182957 0.014995 0.00748253 0.00496344 0.00395984 0.00381884 0 0.0198368 0.0196672 0.0164807 0.0120853 0.0134403 0.00964693 0.0137309 0.00936605 0.0118536 0.00993723 0.015134 0.020154 0.00917759 0.0120595 0.010532 0.00929411 0.0176407 0.00912829 0.0155745 0.00944189 0.0129445 
0.0115921 0.0175677 0.0100152 0.0119039 0.00985016 0.0094856 0.0109502 0.010519 0.0112269 0.0201853 0.0353331 0.0252228 0.017068 0.0153038 0.0127065 0.00988095 0.0105837 0.00968057 0.0252644 0.0249904 0.0225999 0.0198368 0 0.00362784 0.00386348 0.0418957 0.017625 0.0224108 0.0305273 0.0125938 0.0110995 0.0120457 0.0201945 0.0222553 0.0144726 0.0119174 0.0131828 0.0118498 0.0105623 0.0117369 0.00949891 0.0254621 0.0121195 
0.00891041 0.0100279 0.0178165 0.00984383 0.0107173 0.0111466 0.010529 0.0127427 0.014115 0.0116957 0.0122174 0.021821 0.0188479 0.0131324 0.0116418 0.0114185 0.00973578 0.0295551 0.0108024 0.0271154 0.032676 0.0196672 0.00362784 0 0.00358 0.0121602 0.0525766 0.0140824 0.0164984 0.0139021 0.0144517 0.0173474 0.011232 0.0129894 0.0166048 0.0140425 0.0126116 0.0108427 0.0155109 0.0101355 0.0286317 0.00943056 0.00938032 
0.00858029 0.0166987 0.00895628 0.0107272 0.00990897 0.00961642 0.0109797 0.0102597 0.0119122 0.0119833 0.0207278 0.0128069 0.011572 0.0115705 0.00955006 0.00894842 0.0117154 0.0093343 0.0253529 0.0111641 0.0201025 0.0164807 0.00386348 0.00358 0 0.0384025 0.0187889 0.0202907 0.0127471 0.0118092 0.00975279 0.0277292 0.0141512 0.0145887 0.0114821 0.0107869 0.0115793 0.0103859 0.0101759 0.0143541 0.00902549 0.0173122 0.0134377 
0.0106158 0.0160858 0.00953108 0.00967403 0.00951532 0.00951852 0.0102956 0.00983852 0.0123681 0.0204819 0.0228394 0.0170836 0.0118581 0.0117662 0.00995044 0.0095221 0.00975683 0.0103318 0.0198822 0.0142118 0.013662 0.0120853 0.0418957 0.0121602 0.0384025 0 0.00367477 0.0035703 0.00361167 0.00368862 0.00365815 0.00399277 0.00544384 0.0121641 0.00827517 0.00861932 0.00969947 0.00925003 0.0133037 0.0125434 0.0218927 0.811539 0.0129402 
0.00872992 0.010838 0.0227117 0.0148021 0.013384 0.0198567 0.0144968 0.0235797 0.0147724 0.0125546 0.0165115 0.0374817 0.0368292 0.019183 0.0156802 0.0155646 0.0138323 0.0172767 0.0103612 0.0248787 0.0158004 0.0134403 0.017625 0.0525766 0.0187889 0.00367477 0 0.00355841 0.00359686 0.0035868 0.00355666 0.00362007 0.00404991 0.0102662 0.0107849 0.0120125 0.0112123 0.0130993 0.0213106 0.0245582 0.879838 0.0118558 0.0110791 
0.00827289 0.0130927 0.0166064 0.0508309 0.0450504 0.0277036 0.0763539 0.0287693 0.0268063 0.0119119 0.0133363 0.038621 0.0761843 0.0592581 0.0384638 0.0273229 0.0490766 0.0124322 0.014576 0.0105625 0.0204862 0.00964693 0.0224108 0.0140824 0.0202907 0.0035703 0.00355841 0 0.00357639 0.00358719 0.00364243 0.00368281 0.00368409 0.00879354 0.0102376 0.0175086 0.0225153 0.0317015 0.039843 0.907709 0.0129441 0.0114612 0.010488 
0.00847746 0.0121604 0.0302637 0.0494903 0.0547648 0.0970896 0.0434841 0.0767998 0.0180326 0.0133982 0.0136124 0.0334908 0.146222 0.0694629 0.0676027 0.0631475 0.0263497 0.0200587 0.0111625 0.0150191 0.010226 0.0137309 0.0305273 0.0164984 0.0127471 0.00361167 0.00359686 0.00357639 0 0.00357054 0.00361106 0.00363599 0.00366393 0.00794204 0.00926503 0.0225053 0.0233989 0.0564125 0.881685 0.015062 0.0184672 0.00959596 0.0118292 
0.00816508 0.0115622 0.019263 0.0508013 0.064566 0.0456511 0.0636731 0.0315084 0.0285595 0.01046 0.0113592 0.0359298 0.0898797 0.106581 0.0709039 0.0274735 0.0439264 0.0144396 0.0120569 0.00993055 0.0149871 0.00936605 0.0125938 0.0139021 0.0118092 0.00368862 0.0035868 0.00358719 0.00357054 0 0.00360049 0.00362388 0.00359503 0.00672661 0.00938154 0.0133116 0.0480075 0.879601 0.0165933 0.0223826 0.00896373 0.00968543 0.0100017 
0.00846609 0.0105789 0.0180052 0.039487 0.0303963 0.0366849 0.0249351 0.0424241 0.0138248 0.0102553 0.0119695 0.0216622 0.0982749 0.062776 0.0328838 0.0226095 0.023488 0.0163202 0.00973269 0.0131242 0.00976562 0.0118536 0.0110995 0.0144517 0.00975279 0.00365815 0.00355666 0.00364243 0.00361106 0.00360049 0 0.00356791 0.00357707 0.00626761 0.00932184 0.0328282 0.876659 0.0111689 0.0112083 0.010369 0.00972361 0.00793433 0.0110462 
0.0084559 0.0113301 0.0143828 0.0175353 0.0170505 0.0138322 0.0196273 0.0125705 0.0368439 0.0117991 0.0111094 0.0259894 0.0405714 0.0242381 0.0154063 0.0130921 0.0188118 0.0158814 0.0148314 0.0102566 0.0398087 0.00993723 0.0120457 0.0173474 0.0277292 0.00399277 0.00362007 0.00368281 0.00363599 0.00362388 0.00356791 0 0.00357661 0.00978361 0.0499756 0.784966 0.0131455 0.00939284 0.00939939 0.0123623 0.00973381 0.0122441 0.012218 
0.00943289 0.0127655 0.00971588 0.00974357 0.00962048 0.0100897 0.00972225 0.0103163 0.00993829 0.0141041 0.0189105 0.0111991 0.0125987 0.0106019 0.00970033 0.00918496 0.0095956 0.012613 0.0124031 0.0207321 0.00909054 0.015134 0.0201945 0.011232 0.0141512 0.00544384 0.00404991 0.00368409 0.00366393 0.00359503 0.00357707 0.00357661 0 0.834692 0.156925 0.00732657 0.00695936 0.00787736 0.00973057 0.00708396 0.0101554 0.0091806 0.0166664 
0.011726 0.0121217 0.0094297 0.00930049 0.0091634 0.00917526 0.00977504 0.00952656 0.0103654 0.0166569 0.023723 0.0142577 0.0128367 0.0115426 0.00961644 0.00931184 0.00923194 0.0101239 0.0176525 0.0186092 0.0101002 0.020154 0.0222553 0.0129894 0.0145887 0.0121641 0.0102662 0.00879354 0.00794204 0.00672661 0.00626761 0.00978361 0.834692 0 0.00370042 0.00357897 0.00365082 0.00369789 0.00361801 0.00388763 0.00449159 0.00851155 0.0379971 
0.00846374 0.0118613 0.0128581 0.0146089 0.0136494 0.014761 0.0158493 0.0143687 0.0175432 0.0118177 0.0122493 0.0354038 0.0279437 0.0228543 0.0149723 0.0116703 0.0138159 0.0116881 0.0116441 0.00990163 0.025775 0.00917759 0.0144726 0.0166048 0.0114821 0.00827517 0.0107849 0.0102376 0.00926503 0.00938154 0.00932184 0.0499756 0.156925 0.00370042 0 0.00358174 0.00358714 0.00363112 0.00365548 0.00385022 0.00374069 0.00444724 0.0136246 
0.00844727 0.0111364 0.0233697 0.0355632 0.0395254 0.0397565 0.0367621 0.0478686 0.0202929 0.0130151 0.0123247 0.0331893 0.121401 0.0503604 0.0437729 0.0272539 0.0287764 0.017794 0.0120478 0.0154433 0.0112763 0.0120595 0.0119174 0.0140425 0.0107869 0.00861932 0.0120125 0.0175086 0.0225053 0.0133116 0.0328282 0.784966 0.00732657 0.00357897 0.00358174 0 0.00358831 0.00357402 0.00366126 0.00371201 0.00371836 0.00377979 0.0217274 
0.00825437 0.0110669 0.0224035 0.0421097 0.0425487 0.0430894 0.0413632 0.0547603 0.0212881 0.0134491 0.0111673 0.0296993 0.0934466 0.0661064 0.0422483 0.0360134 0.0257833 0.0173766 0.0123061 0.010727 0.0119266 0.010532 0.0131828 0.0126116 0.0115793 0.00969947 0.0112123 0.0225153 0.0233989 0.0480075 0.876659 0.0131455 0.00695936 0.00365082 0.00358714 0.00358831 0 0.00355852 0.00356483 0.00371598 0.00359619 0.00385004 0.0136612 
0.00823953 0.0105745 0.0134835 0.0410035 0.046149 0.0263244 0.0746413 0.0219483 0.0267022 0.0116181 0.0107746 0.0299433 0.0715878 0.0631933 0.0423827 0.0223029 0.0374626 0.0110071 0.0124579 0.00971669 0.0136557 0.00929411 0.0118498 0.0108427 0.0103859 0.00925003 0.0130993 0.0317015 0.0564125 0.879601 0.0111689 0.00939284 0.00787736 0.00369789 0.00363112 0.00357402 0.00355852 0 0.00355175 0.00356036 0.00356721 0.00359374 0.0166164 
0.00843685 0.00958516 0.0353454 0.0424782 0.0333 0.0844115 0.0217949 0.0726823 0.0153843 0.012389 0.0107576 0.019059 0.133825 0.050906 0.044138 0.0345466 0.0169189 0.0247816 0.0106968 0.0176007 0.0095828 0.0176407 0.0105623 0.0155109 0.0101759 0.0133037 0.0213106 0.039843 0.881685 0.0165933 0.0112083 0.00939939 0.00973057 0.00361801 0.00365548 0.00366126 0.00356483 0.00355175 0 0.00354828 0.00355506 0.00356326 0.0128862 
0.0082104 0.0114525 0.0120531 0.0476619 0.0573378 0.02244 0.0590181 0.0231968 0.0257485 0.01031 0.00999567 0.0396228 0.0758156 0.083483 0.0361821 0.0196087 0.0449515 0.0113512 0.015044 0.00929151 0.0233049 0.00912829 0.0117369 0.0101355 0.0143541 0.0125434 0.0245582 0.907709 0.015062 0.0223826 0.010369 0.0123623 0.00708396 0.00388763 0.00385022 0.00371201 0.00371598 0.00356036 0.00354828 0 0.00355483 0.00355467 0.0342564 
0.0083468 0.00892678 0.0129895 0.0141068 0.0126364 0.0194303 0.0105153 0.0172325 0.0120536 0.0123202 0.0105121 0.0132319 0.0283645 0.0162418 0.0134267 0.0128723 0.0103337 0.0273914 0.00967621 0.0135534 0.00934123 0.0155745 0.00949891 0.0286317 0.00902549 0.0218927 0.879838 0.0129441 0.0184672 0.00896373 0.00972361 0.00973381 0.0101554 0.00449159 0.00374069 0.00371836 0.00359619 0.00356721 0.00355506 0.00355483 0 0.0035861 0.0193738 
0.00844623 0.01292 0.00949079 0.00948826 0.00996697 0.0091678 0.0103828 0.00944158 0.0121436 0.0112097 0.0181471 0.0116421 0.0102961 0.0111307 0.00960181 0.0089006 0.0107636 0.00966537 0.0186063 0.0108889 0.0121231 0.00944189 0.0254621 0.00943056 0.0173122 0.811539 0.0118558 0.0114612 0.00959596 0.00968543 0.00793433 0.0122441 0.0091806 0.00851155 0.00444724 0.00377979 0.00385004 0.00359374 0.00356326 0.00355467 0.0035861 0 0.0505283 
0.0113377 0.00886436 0.00827967 0.00825183 0.00842549 0.00850174 0.00838371 0.00839109 0.00849032 0.011113 0.0102651 0.00860764 0.00878018 0.0086948 0.00858185 0.0092465 0.00839531 0.00856413 0.0105484 0.0108666 0.00865843 0.0129445 0.0121195 0.00938032 0.0134377 0.0129402 0.0110791 0.010488 0.0118292 0.0100017 0.0110462 0.012218 0.0166664 0.0379971 0.0136246 0.0217274 0.0136612 0.0166164 0.0128862 0.0342564 0.0193738 0.0505283 0 
