1FEUA
MEYRLKAYYREGEKPSALRRAGKLPGLMYNRHLNRKVYVDLVEFDKVFRQASIHHVIVLELPDGQSLPTLVRQVNLDKRRRRPEHVDFFVLSDEPVEMYVPLRFVGTPAGVRAGGVLQEIHRDILVKVSPRNIPEFIEVDVSGLEIGDSLHASDLKLPPGVELAVSPEETIAAVVPPEDVEKLAE
CEEEEECEECCCCCHHHHHHCCEEEEEEECCCCEEEEEEEHHHHHHHHHHHCCCCEEEEECCCCCEEEEEEEEEEECCCCCCEEEEEEEECCCCCEEEEEEEEEECCCHHHHCCCEEEECCCEEEEEECHHHCCCCEEEECCCCCCCEEEEHHHCCCCCCCEECCCCCCEEEEEECCCCCCCCCC
0 0 0 0 0 0 0 0 0 0 0 0 0 0 0 0 0 0 0 0 0 0 0 0 0 0 0 0 0 0 0 0 0 0 0 0 0 0 0 0 0 0 0 0 0 0 0 0 0 0 0 0 0 0 0 0 0 0 0 0 0 0 0 0 0 0 0 0 0 0 0 0 0 0 0 0 0 0 0 0 0 0 0 0 0 0 0 0 0 0 0 0 0 0 0 0 0 0 0 0 0 0 0 0 0 0 0 0 0 0 0 0 0 0 0 0 0 0 0 0 0 0 0 0 0 0 0 0 0 0 0 0 0 0 0 0 0 0 0 0 0 0 0 0 0 0 0 0 0 0 0 0 0 0 0 0 0 0 0 0 0 0 0 0 0 0 0 0 0 0 0 0 0 0 0 0 0 0 0 0 0 0 0 0 0 
0 0 0 0 0 0 0 0 0 0 0 0 0 0 0 0 0 0 0 0 0 0 0 0 0 0 0 0 0 0 0 0 0 0 0 0 0 0 0 0 0 0 0 0 0 0 0 0 0 0 0 0 0 0 0 0 0 0 0 0 0 0 0 0 0 0 0 0 0 0 0 0 0 0 0 0 0 0 0 0 0 0 0 0 0 0 0 0 0 0 0 0 0 0 0 0 0 0 0 0 0 0 0 0 0 0 0 0 0 0 0 0 0 0 0 0 0 0 0 0 0 0 0 0 0 0 0 0 0 0 0 0 0 0 0 0 0 0 0 0 0 0 0 0 0 0 0 0 0 0 0 0 0 0 0 0 0 0 0 0 0 0 0 0 0 0 0 0 0 0 0 0 0 0 0 0 0 0 0 0 0 0 0 0 0 
0 0.00380893 0.00393834 0.0037009 0.00756164 0.00608811 0.0140817 0.0547089 0.00859635 0.0157415 0.0109958 0.0273474 0.00901542 0.0557402 0.0153373 0.0090043 0.0159004 0.00921519 0.0374097 0.0101688 0.0472677 0.0247099 0.0116535 0.0149125 0.00915239 0.0328982 0.0127948 0.00849104 0.0107301 0.00904993 0.0145043 0.0087098 0.00891418 0.00911359 0.00839372 0.00974382 0.0103143 0.00894446 0.00868768 0.0090014 0.00861786 0.0101776 0.00923321 0.0107204 0.0133492 0.00849423 0.00971891 0.00825854 0.0108875 0.00829693 0.00969923 0.00854132 0.00966389 0.00830812 0.0110516 0.00847314 0.00820242 0.00820277 0.00880717 0.00867903 0.0082549 0.00916585 0.0082652 0.00968798 0.0088967 0.00833315 0.00881518 0.00817155 0.0100697 0.00820046 0.00819994 0.00812624 0.0104182 0.00892693 0.00846781 0.0086131 0.00817091 0.00846927 0.00844292 0.00880023 0.00877263 
0.00380893 0 0.00365608 0.00442073 0.00363761 0.00651614 0.00717379 0.0082109 0.0544887 0.00886891 0.045354 0.00995193 0.0760706 0.0104252 0.00931643 0.0216627 0.00847046 0.076979 0.00948184 0.0552248 0.00943654 0.0200783 0.0477877 0.01061 0.0583298 0.00944906 0.00851257 0.019658 0.00850779 0.0324632 0.0104769 0.0157598 0.0092829 0.00894808 0.0170156 0.0086841 0.0100192 0.0106498 0.00903617 0.00974534 0.0163138 0.00898466 0.0232322 0.0122052 0.0104237 0.0141141 0.00821764 0.0183286 0.00845384 0.0156207 0.00838779 0.0188698 0.00845486 0.0142128 0.00845354 0.00822302 0.00853892 0.00910754 0.00839991 0.00821451 0.0114769 0.00833783 0.0122011 0.00848065 0.0108023 0.0104509 0.00824642 0.0110757 0.00835817 0.00845395 0.00816561 0.00923783 0.00831188 0.00814978 0.00900113 0.008199 0.00887103 0.00865039 0.00892621 0.00908816 0.00876596 
0.00393834 0.00365608 0 0.00362674 0.00387819 0.00394517 0.00372328 0.0192485 0.00804804 0.053247 0.00988552 0.069317 0.00958857 0.022951 0.0118376 0.00840631 0.0439022 0.0091296 0.140219 0.00917653 0.011756 0.0118197 0.0136545 0.107445 0.00914679 0.015937 0.0118701 0.00844275 0.0414722 0.00968558 0.027469 0.00969522 0.0124877 0.0150709 0.00855134 0.0132209 0.00854942 0.00827626 0.0107115 0.0139519 0.00911541 0.0522513 0.0124149 0.0121939 0.0100746 0.00821607 0.0169964 0.0083311 0.0238245 0.00846966 0.0196962 0.00864473 0.0236227 0.00829194 0.00896808 0.00876403 0.00856913 0.00866545 0.00844211 0.00920654 0.00831756 0.0157629 0.00859682 0.0113745 0.00818518 0.00823528 0.0101731 0.00826163 0.00988612 0.00814446 0.0089028 0.00826801 0.00910062 0.00883993 0.00816519 0.00905088 0.00848105 0.00897077 0.00961631 0.00872495 0.00831211 
0.0037009 0.00442073 0.00362674 0 0.00354562 0.00358321 0.00513435 0.0079649 0.0656255 0.00879682 0.0343309 0.0108643 0.0369599 0.00878092 0.00927952 0.0201445 0.00854916 0.0522483 0.00909462 0.0617672 0.00899911 0.0139087 0.0601246 0.0100907 0.0575078 0.00893514 0.00855162 0.0253816 0.00859354 0.0168209 0.00986184 0.0154104 0.0092049 0.00856842 0.0189852 0.00868001 0.00892498 0.0106422 0.00880285 0.00957724 0.023881 0.00950064 0.0202394 0.015504 0.00928057 0.0142789 0.00826128 0.0192661 0.00847878 0.0147835 0.0086384 0.0227769 0.00854138 0.0130532 0.00839106 0.00877988 0.00845294 0.0092364 0.00830229 0.00816897 0.0127182 0.00855442 0.014158 0.00828643 0.0107466 0.0111212 0.00822764 0.0122677 0.00818197 0.00844693 0.00816612 0.00959902 0.00819615 0.00809215 0.00891402 0.00814799 0.00908974 0.00873657 0.00893632 0.00889426 0.00839152 
0.00756164 0.00363761 0.00387819 0.00354562 0 0.00483772 0.00357796 0.0420311 0.00785379 0.0187162 0.013456 0.0235552 0.00931538 0.0185328 0.0147387 0.00831137 0.01539 0.00911763 0.0173813 0.0094763 0.0194378 0.0235216 0.00968319 0.0185021 0.00903026 0.0241012 0.0200925 0.00841573 0.0118338 0.00951916 0.0116041 0.00889852 0.00896505 0.0100052 0.00845126 0.00970487 0.00889108 0.00868669 0.0089241 0.0104378 0.0088118 0.0121282 0.0102496 0.00947643 0.0107397 0.00859143 0.0110949 0.00831598 0.0116045 0.00841622 0.0102976 0.00861637 0.0121648 0.00830761 0.00953236 0.00927476 0.00838472 0.00837563 0.00883416 0.00973597 0.00827195 0.01042 0.0084612 0.00977099 0.00830926 0.00856756 0.00959367 0.00826627 0.010737 0.00831237 0.00863419 0.00821687 0.00993635 0.00951497 0.00843068 0.00976602 0.00835969 0.00851494 0.00854036 0.00839585 0.0082614 
0.00608811 0.00651614 0.00394517 0.00358321 0.00483772 0 0.0131769 0.0200702 0.0387935 0.0325456 0.0111873 0.0124878 0.0103126 0.0181784 0.010352 0.00877481 0.0112597 0.0090915 0.012882 0.0125998 0.0252687 0.0110644 0.0113896 0.0119948 0.0097469 0.0262636 0.0106552 0.00859139 0.0103931 0.00896033 0.00988924 0.00873667 0.0086325 0.00891008 0.00833216 0.0095913 0.00939635 0.00821752 0.00877101 0.00860333 0.0085512 0.00904112 0.00885559 0.0100255 0.0121621 0.00840773 0.00985996 0.00826003 0.00958344 0.00829023 0.00891008 0.00840904 0.00962713 0.00833251 0.00933359 0.00852278 0.00835149 0.00820841 0.00862623 0.0089221 0.00837335 0.00904991 0.00830694 0.00966651 0.00878473 0.00825394 0.00945002 0.00812875 0.0103093 0.00812625 0.00857974 0.00815038 0.00986527 0.00884713 0.00829017 0.00892408 0.00823884 0.00835267 0.00840683 0.00840826 0.00857172 
0.0140817 0.00717379 0.00372328 0.00513435 0.00357796 0.0131769 0 0.0350371 0.0125472 0.00788909 0.00978506 0.00997961 0.031427 0.0125233 0.0125506 0.0103586 0.0085305 0.0111373 0.00934482 0.0146256 0.0121494 0.0192232 0.0109929 0.00911642 0.0111293 0.0105064 0.010359 0.0111971 0.0083876 0.0093742 0.00864864 0.00876233 0.00840817 0.00831847 0.00876844 0.00846066 0.00871812 0.0133126 0.00847969 0.00859099 0.00866322 0.00864578 0.00884988 0.00957291 0.00926923 0.0167171 0.0083248 0.00855204 0.00829807 0.00838144 0.00823744 0.0086782 0.00828528 0.00880894 0.00837354 0.00903677 0.00823472 0.00825809 0.0081673 0.00860958 0.00859484 0.00825854 0.00854693 0.00824448 0.00881125 0.00986401 0.00815968 0.00875515 0.00821521 0.00829108 0.00813213 0.00839408 0.00820914 0.00862571 0.0085111 0.00835528 0.00823979 0.00826533 0.00837403 0.00823855 0.00835581 
0.0547089 0.0082109 0.0192485 0.0079649 0.0420311 0.0200702 0.0350371 0 0.0052236 0.00350849 0.00354154 0.00360363 0.00368328 0.00551503 0.00707369 0.00572784 0.00735774 0.00668011 0.00908728 0.00835691 0.808336 0.0181065 0.00994084 0.0109734 0.00912618 0.034362 0.0164735 0.0086642 0.0107851 0.00896307 0.0103581 0.00874184 0.00895757 0.00900384 0.00866631 0.00935774 0.0116982 0.00902052 0.00894399 0.00871131 0.00861335 0.00936783 0.00905502 0.00988985 0.0145867 0.0085674 0.00972888 0.00823185 0.00975132 0.00824613 0.00945119 0.0083856 0.00928688 0.00840796 0.0114261 0.00871164 0.00818568 0.00816777 0.00942374 0.00904407 0.00820045 0.00866342 0.00824574 0.00953738 0.00917917 0.00831062 0.00891326 0.00810687 0.010867 0.00811886 0.00821249 0.00802159 0.0101549 0.00867381 0.00833012 0.00878518 0.0080819 0.00830235 0.00825436 0.00839326 0.00871117 
0.00859635 0.0544887 0.00804804 0.0656255 0.00785379 0.0387935 0.0125472 0.0052236 0 0.00356475 0.00358042 0.00363913 0.00372011 0.00384046 0.00498309 0.014501 0.00605892 0.0105506 0.00798562 0.848906 0.0183413 0.0119949 0.0236851 0.0105725 0.0261926 0.00907376 0.00862547 0.0122519 0.00872578 0.0135723 0.00963064 0.0111657 0.00912846 0.00887079 0.0116429 0.00894753 0.00889508 0.00923802 0.00983817 0.00941492 0.0116171 0.0094687 0.016238 0.0121001 0.0092946 0.00965321 0.00837163 0.0111764 0.00852688 0.0118994 0.00858199 0.0130492 0.0085409 0.010866 0.0084435 0.00813045 0.00829963 0.00866276 0.00817889 0.00824894 0.00957871 0.0085407 0.00989242 0.008507 0.00880888 0.0086357 0.00825811 0.00950369 0.00821223 0.0080532 0.00820041 0.00838809 0.0082343 0.00810988 0.00828155 0.00809125 0.00863464 0.00853608 0.00893926 0.00881336 0.00824203 
0.0157415 0.00886891 0.053247 0.00879682 0.0187162 0.0325456 0.00788909 0.00350849 0.00356475 0 0.00355299 0.00355476 0.00356045 0.0035551 0.014097 0.00514979 0.0069841 0.00709831 0.857836 0.0192982 0.00645333 0.0124378 0.0194828 0.0345618 0.00968749 0.00999956 0.00917092 0.00875652 0.0148819 0.0115975 0.0195164 0.01138 0.0121161 0.0109228 0.0097011 0.0094846 0.00854091 0.00881656 0.0100957 0.0126069 0.0134864 0.0308034 0.0189748 0.0121584 0.00919564 0.0086961 0.0108966 0.00930925 0.0179245 0.00994955 0.0151636 0.0105081 0.0161602 0.00856786 0.00842169 0.00830537 0.0086156 0.00832762 0.00828045 0.00851627 0.00906093 0.0126504 0.00949013 0.00949108 0.00839444 0.00827749 0.00879417 0.00852071 0.00847596 0.00807121 0.00828726 0.00832275 0.00839755 0.0081647 0.00815626 0.00835548 0.00844895 0.00954466 0.00946874 0.00901249 0.00817705 
0.0109958 0.045354 0.00988552 0.0343309 0.013456 0.0111873 0.00978506 0.00354154 0.00358042 0.00355299 0 0.00358277 0.00356555 0.0035715 0.00385166 0.00553026 0.00667949 0.844623 0.0783021 0.010777 0.00667358 0.0250887 0.0491972 0.0345045 0.0280468 0.0108821 0.00913858 0.0134757 0.0118954 0.0346841 0.0217802 0.0254165 0.0154973 0.0136202 0.0165981 0.00977951 0.0100917 0.00958239 0.0113434 0.0284993 0.0525726 0.035751 0.0576676 0.0273899 0.0127725 0.0110321 0.00978506 0.0260367 0.015731 0.0293689 0.0151158 0.0328422 0.0137165 0.0120926 0.00870553 0.00881305 0.00911558 0.00932295 0.00868269 0.00881085 0.0145434 0.0151669 0.023876 0.00963815 0.00984648 0.00947833 0.00901619 0.00991306 0.00858952 0.00842279 0.00852216 0.00876267 0.00849471 0.0082123 0.00828251 0.00840825 0.00930015 0.01121 0.0129108 0.0104005 0.0086552 
0.0273474 0.00995193 0.069317 0.0108643 0.0235552 0.0124878 0.00997961 0.00360363 0.00363913 0.00355476 0.00358277 0 0.00357251 0.00356725 0.00435819 0.00531403 0.912452 0.0500002 0.030285 0.0101699 0.00605139 0.0208847 0.0305657 0.0865723 0.0185146 0.0136294 0.00955998 0.00908112 0.022553 0.0175051 0.029586 0.0162797 0.0183823 0.01665 0.0103905 0.015331 0.00919539 0.00891609 0.0122947 0.0319778 0.0245168 0.0769637 0.035181 0.0280119 0.0122936 0.0093104 0.0136921 0.0116876 0.027674 0.0152938 0.0242473 0.015514 0.0308278 0.0100712 0.00893869 0.00856195 0.00936997 0.00909835 0.00871977 0.0088474 0.00994124 0.0232646 0.0127181 0.0125221 0.00894156 0.00856858 0.00980318 0.00914786 0.00899085 0.0082277 0.00857648 0.00839278 0.00865075 0.00814791 0.00821928 0.00835992 0.00878519 0.0110545 0.0114414 0.00987181 0.00846917 
0.00901542 0.0760706 0.00958857 0.0369599 0.00931538 0.0103126 0.031427 0.00368328 0.00372011 0.00356045 0.00356555 0.00357251 0 0.00370266 0.00414594 0.947714 0.0223553 0.0108346 0.00744263 0.0112367 0.00602695 0.0112579 0.0281525 0.0188198 0.0545837 0.0107343 0.00848307 0.0170606 0.00915065 0.0138555 0.0123566 0.0148047 0.0101215 0.00952925 0.0117599 0.00946604 0.00952465 0.0091201 0.0100535 0.0119461 0.0192179 0.0143438 0.022783 0.0299929 0.0121583 0.00954857 0.00892213 0.013666 0.00957904 0.0136503 0.00914903 0.0153932 0.00953867 0.0126405 0.00845842 0.00881419 0.0085822 0.00936067 0.00837625 0.00838338 0.0116194 0.00938349 0.0117445 0.0089443 0.00944735 0.00874339 0.00839564 0.0102378 0.00831833 0.00809094 0.00820852 0.00912257 0.00822701 0.00809756 0.00834972 0.00814117 0.0087519 0.00888793 0.00946012 0.00902444 0.00838894 
0.0557402 0.0104252 0.022951 0.00878092 0.0185328 0.0181784 0.0125233 0.00551503 0.00384046 0.0035551 0.0035715 0.00356725 0.00370266 0 0.976414 0.0042287 0.00480123 0.00463353 0.0069734 0.00582521 0.0065154 0.0180748 0.0110945 0.014389 0.0116918 0.0296141 0.0188006 0.00882753 0.00961315 0.0101117 0.0112721 0.00926903 0.00898073 0.00925354 0.00858614 0.0101456 0.010742 0.0112601 0.00922819 0.00987976 0.00956626 0.0106245 0.0107471 0.0130456 0.0185756 0.0111353 0.0101193 0.00878602 0.00980268 0.00873228 0.00910164 0.00910648 0.00988998 0.0086051 0.00978487 0.0112921 0.00848809 0.00836553 0.00907743 0.0101832 0.00886822 0.00911982 0.00880315 0.00878083 0.00882877 0.00948722 0.00869007 0.00838624 0.00955459 0.00854888 0.0083999 0.0082808 0.00887907 0.00866551 0.00828837 0.0092705 0.0083449 0.00864402 0.00866924 0.00851551 0.00837479 
0.0153373 0.00931643 0.0118376 0.00927952 0.0147387 0.010352 0.0125506 0.00707369 0.00498309 0.014097 0.00385166 0.00435819 0.00414594 0.976414 0 0.00363032 0.00359675 0.00360442 0.00372831 0.00365709 0.0040195 0.0131978 0.00914741 0.00991573 0.00897497 0.0266565 0.0119863 0.0085574 0.00899689 0.00874459 0.00952605 0.00860662 0.00861814 0.00879432 0.00885447 0.00919057 0.0137543 0.00942009 0.00862275 0.00864001 0.00869205 0.00876515 0.0087512 0.00943291 0.0143889 0.00906974 0.00877254 0.00843661 0.0087895 0.0083344 0.0117966 0.00839016 0.00899507 0.0086536 0.0110989 0.008352 0.00819802 0.0082427 0.00877318 0.00855341 0.00823243 0.00850817 0.00830582 0.00911931 0.0103163 0.00850407 0.00835926 0.00824639 0.00972416 0.00813593 0.00811831 0.00809041 0.009744 0.00874146 0.00865644 0.00843501 0.0081251 0.0081478 0.00821516 0.00843746 0.00879529 
0.0090043 0.0216627 0.00840631 0.0201445 0.00831137 0.00877481 0.0103586 0.00572784 0.014501 0.00514979 0.00553026 0.00531403 0.947714 0.0042287 0.00363032 0 0.00356246 0.00357812 0.00358241 0.0040768 0.00356624 0.0106654 0.0163596 0.00872211 0.0219201 0.00880768 0.00862603 0.0125219 0.00841619 0.0114831 0.00891616 0.00972369 0.00895019 0.00860236 0.0115976 0.00870904 0.00901533 0.00939905 0.00910273 0.00889798 0.0117015 0.00878096 0.0124587 0.011011 0.00911182 0.00986717 0.00846792 0.0100256 0.00841513 0.0150048 0.00855523 0.0102518 0.00834201 0.00996781 0.00847812 0.00815764 0.00824619 0.00850816 0.00822223 0.0082087 0.00945832 0.00833547 0.00914573 0.00834129 0.00979728 0.00860158 0.008135 0.00887403 0.00816738 0.00803758 0.00806233 0.00830731 0.0081799 0.0081564 0.00830275 0.00806216 0.00833596 0.00838422 0.00847401 0.00849193 0.00822869 
0.0159004 0.00847046 0.0439022 0.00854916 0.01539 0.0112597 0.0085305 0.00735774 0.00605892 0.0069841 0.00667949 0.912452 0.0223553 0.00480123 0.00359675 0.00356246 0 0.00355952 0.00369413 0.00355901 0.00357099 0.0127965 0.0119443 0.0356123 0.00930918 0.0128207 0.00995251 0.0083768 0.0173989 0.00958354 0.018047 0.00926948 0.0105619 0.0125435 0.00854639 0.0137448 0.00860109 0.00862139 0.0103268 0.011841 0.00950661 0.0380563 0.0113211 0.0122917 0.00939586 0.00844452 0.0143972 0.00850546 0.0324783 0.00886275 0.0211809 0.00894939 0.0244311 0.00843234 0.00867711 0.00842294 0.00860162 0.00829914 0.00835296 0.00882725 0.0084367 0.0161517 0.00877901 0.0129125 0.00819799 0.00821183 0.0100746 0.00823579 0.0100474 0.00809672 0.00858544 0.00818359 0.00922126 0.00876999 0.00815078 0.0087647 0.00836727 0.00908129 0.00930293 0.00888224 0.00821003 
0.00921519 0.076979 0.0091296 0.0522483 0.00911763 0.0090915 0.0111373 0.00668011 0.0105506 0.00709831 0.844623 0.0500002 0.0108346 0.00463353 0.00360442 0.00357812 0.00355952 0 0.00355236 0.00355347 0.00355666 0.0191467 0.0699594 0.0178249 0.029222 0.00965963 0.00874859 0.0242728 0.00926409 0.0338331 0.0129588 0.0219429 0.0115777 0.00982474 0.0367097 0.00888132 0.00961869 0.0122548 0.0100742 0.0145074 0.0653954 0.0131947 0.0713219 0.014559 0.0101462 0.0155304 0.00885775 0.0652356 0.0097891 0.0504354 0.0100844 0.0658812 0.00966933 0.0151837 0.00862605 0.00863374 0.00884312 0.00961735 0.00864569 0.00854119 0.018833 0.0104987 0.0395067 0.0087847 0.0113775 0.0112694 0.00843882 0.0134533 0.0083296 0.00828732 0.0082133 0.00942903 0.00829207 0.00819816 0.00835984 0.00828228 0.00921594 0.0102622 0.0106616 0.0094354 0.00851147 
0.0374097 0.00948184 0.140219 0.00909462 0.0173813 0.012882 0.00934482 0.00908728 0.00798562 0.857836 0.0783021 0.030285 0.00744263 0.0069734 0.00372831 0.00358241 0.00369413 0.00355236 0 0.00355156 0.00355535 0.0269225 0.0527838 0.145534 0.0131994 0.0210988 0.0129688 0.00896155 0.037615 0.0160965 0.0482046 0.0131281 0.018297 0.0371035 0.00913203 0.0187178 0.00918842 0.00954343 0.0184127 0.0324695 0.013116 0.146051 0.0225118 0.0310928 0.0125653 0.00923255 0.0342807 0.00983465 0.0675765 0.0111642 0.0568722 0.0113502 0.0582199 0.00924311 0.00967596 0.00906214 0.00976698 0.00934769 0.00882987 0.010057 0.00975327 0.0486106 0.011685 0.0175221 0.00898216 0.00859781 0.0151143 0.00876049 0.0107493 0.00826048 0.00982137 0.00841307 0.00963681 0.00892834 0.00835186 0.00916712 0.00891103 0.0132888 0.0136996 0.0101472 0.00864567 
0.0101688 0.0552248 0.00917653 0.0617672 0.0094763 0.0125998 0.0146256 0.00835691 0.848906 0.0192982 0.010777 0.0101699 0.0112367 0.00582521 0.00365709 0.0040768 0.00355901 0.00355347 0.00355156 0 0.00355843 0.016647 0.061267 0.0238459 0.104581 0.0114648 0.00959515 0.0225151 0.00947898 0.0172797 0.0115037 0.0166687 0.0119744 0.00956351 0.0146402 0.0100827 0.0105481 0.0124165 0.0121219 0.012426 0.0342526 0.0116962 0.0352991 0.0357529 0.013596 0.0178817 0.00945364 0.0267965 0.00976342 0.0281986 0.00956845 0.0302051 0.00961384 0.0212422 0.00887872 0.00987319 0.009907 0.0105676 0.00978266 0.00926868 0.0203184 0.00960404 0.0202405 0.00905375 0.0112802 0.0110071 0.00899742 0.0154386 0.00848624 0.00891899 0.00869854 0.0116732 0.0085655 0.00864131 0.00851561 0.00883653 0.0094754 0.0103303 0.0104315 0.0100373 0.00853976 
0.0472677 0.00943654 0.011756 0.00899911 0.0194378 0.0252687 0.0121494 0.808336 0.0183413 0.00645333 0.00667358 0.00605139 0.00602695 0.0065154 0.0040195 0.00356624 0.00357099 0.00355666 0.00355535 0.00355843 0 0.0165099 0.0108246 0.0189567 0.00974104 0.0547137 0.0190948 0.00858187 0.0112025 0.0100783 0.0112593 0.0109011 0.00936781 0.00910812 0.0085079 0.0101418 0.0107992 0.0128742 0.00991488 0.0122651 0.0095074 0.0133617 0.0107571 0.0150669 0.0226885 0.0130562 0.0128599 0.00897344 0.0125667 0.00897153 0.0106176 0.00930024 0.0113399 0.0088727 0.0110466 0.0126708 0.00885544 0.00898768 0.00925745 0.0169617 0.00925579 0.0112097 0.00897119 0.0097848 0.0089968 0.0110408 0.0101344 0.00843096 0.0102664 0.00917537 0.00867267 0.00832723 0.0097565 0.00911154 0.00831934 0.0104404 0.00853467 0.00867458 0.00901318 0.00856044 0.00838637 
0.0247099 0.0200783 0.0118197 0.0139087 0.0235216 0.0110644 0.0192232 0.0181065 0.0119949 0.0124378 0.0250887 0.0208847 0.0112579 0.0180748 0.0131978 0.0106654 0.0127965 0.0191467 0.0269225 0.016647 0.0165099 0 0.00402799 0.00362454 0.00363623 0.00439223 0.00774542 0.00668218 0.00731496 0.014937 0.368861 0.0438219 0.00913521 0.00876134 0.00916411 0.00985569 0.0245073 0.0163242 0.0129828 0.0112649 0.0213975 0.011695 0.0150226 0.0181716 0.031582 0.0218761 0.0119222 0.0140914 0.0112967 0.012806 0.0119473 0.0131974 0.0124189 0.0115618 0.0184125 0.0110529 0.00944798 0.00939158 0.01426 0.0138106 0.0140485 0.0105423 0.0115871 0.0128569 0.022074 0.0116478 0.00919043 0.0110011 0.0138132 0.00858203 0.00846015 0.00908372 0.0136032 0.00884499 0.00937125 0.00898836 0.00895079 0.0100219 0.0104617 0.0102585 0.0117181 
0.0116535 0.0477877 0.0136545 0.0601246 0.00968319 0.0113896 0.0109929 0.00994084 0.0236851 0.0194828 0.0491972 0.0305657 0.0281525 0.0110945 0.00914741 0.0163596 0.0119443 0.0699594 0.0527838 0.061267 0.0108246 0.00402799 0 0.00358779 0.00362558 0.00361398 0.00580446 0.0104651 0.00941305 0.724967 0.030855 0.0113843 0.0103293 0.0109014 0.012085 0.0112644 0.0101831 0.0116577 0.0239737 0.0198186 0.0245711 0.0274505 0.0364584 0.0343489 0.013635 0.0159565 0.0176286 0.0306767 0.0175653 0.0379444 0.0180602 0.031179 0.0140512 0.023312 0.00974595 0.00974258 0.0131536 0.0111368 0.0100711 0.0099234 0.0354828 0.0177067 0.0454282 0.0133515 0.013715 0.0114601 0.0109738 0.0148449 0.00913996 0.00855507 0.00968373 0.0109522 0.00894134 0.00855755 0.00874815 0.00882522 0.0122715 0.015455 0.0187507 0.0134675 0.00917094 
0.0149125 0.01061 0.107445 0.0100907 0.0185021 0.0119948 0.00911642 0.0109734 0.0105725 0.0345618 0.0345045 0.0865723 0.0188198 0.014389 0.00991573 0.00872211 0.0356123 0.0178249 0.145534 0.0238459 0.0189567 0.00362454 0.00358779 0 0.00361546 0.00362336 0.00880521 0.00722232 0.914207 0.020336 0.0177525 0.00926093 0.0117162 0.0137465 0.00906317 0.0107108 0.00875231 0.00950393 0.0137371 0.0380859 0.0151036 0.064618 0.0346011 0.023994 0.0141599 0.0100956 0.0238278 0.0144325 0.0646372 0.0145564 0.0512275 0.0166015 0.0681195 0.0104392 0.0103242 0.0102151 0.0118626 0.0118986 0.00974694 0.0108425 0.0129822 0.064324 0.0210049 0.0224466 0.00973652 0.00919272 0.0197662 0.00958345 0.0115844 0.00848033 0.00981818 0.00935239 0.00987773 0.0088377 0.00832312 0.00935267 0.00963876 0.0167823 0.0250155 0.011265 0.00900867 
0.00915239 0.0583298 0.00914679 0.0575078 0.00903026 0.0097469 0.0111293 0.00912618 0.0261926 0.00968749 0.0280468 0.0185146 0.0545837 0.0116918 0.00897497 0.0219201 0.00930918 0.029222 0.0131994 0.104581 0.00974104 0.00363623 0.00362558 0.00361546 0 0.00358762 0.00759845 0.952142 0.00859576 0.0133022 0.00767605 0.0134089 0.00810566 0.00784627 0.0116944 0.00789686 0.00917486 0.0111855 0.0103355 0.014012 0.033961 0.0135353 0.0263754 0.0297459 0.01201 0.0181929 0.00972169 0.0359573 0.0101121 0.0278724 0.00993009 0.0382014 0.0100433 0.0347465 0.00914181 0.0104237 0.010191 0.012158 0.00961245 0.00906157 0.0338666 0.0109769 0.0263114 0.0098136 0.0127386 0.0129402 0.00903747 0.024029 0.00860914 0.00863983 0.00860025 0.0134319 0.00844238 0.00841313 0.0087943 0.00876396 0.0102838 0.0116614 0.0113318 0.0116434 0.00903889 
0.0328982 0.00944906 0.015937 0.00893514 0.0241012 0.0262636 0.0105064 0.034362 0.00907376 0.00999956 0.0108821 0.0136294 0.0107343 0.0296141 0.0266565 0.00880768 0.0128207 0.00965963 0.0210988 0.0114648 0.0547137 0.00439223 0.00361398 0.00362336 0.00358762 0 0.972959 0.00569449 0.00655682 0.00628906 0.0087767 0.00739262 0.00732685 0.00828673 0.00687201 0.00912363 0.00882371 0.0118981 0.0114786 0.0116324 0.0091501 0.0144705 0.0108511 0.020661 0.0272784 0.0154718 0.0193318 0.00905442 0.0153438 0.00914082 0.0122835 0.00978231 0.014547 0.00942207 0.0161187 0.0231836 0.00945076 0.00940181 0.0116159 0.0281341 0.0103906 0.0130609 0.00933247 0.012757 0.0103633 0.0144217 0.0133445 0.00880432 0.0199117 0.0110038 0.00968923 0.00862859 0.012236 0.0110984 0.00899437 0.0145889 0.009105 0.00919294 0.00935789 0.00904548 0.00904 
0.0127948 0.00851257 0.0118701 0.00855162 0.0200925 0.0106552 0.010359 0.0164735 0.00862547 0.00917092 0.00913858 0.00955998 0.00848307 0.0188006 0.0119863 0.00862603 0.00995251 0.00874859 0.0129688 0.00959515 0.0190948 0.00774542 0.00580446 0.00880521 0.00759845 0.972959 0 0.00387703 0.00358594 0.00359586 0.00371736 0.00358348 0.0037037 0.0043858 0.00438567 0.00710553 0.00909216 0.00744648 0.00827074 0.00806053 0.00785182 0.00836666 0.00846776 0.0104769 0.0205859 0.0101896 0.0134118 0.00850741 0.0144123 0.00845058 0.0110729 0.00859509 0.0121027 0.00907014 0.0221571 0.0109953 0.00887872 0.00901225 0.0116774 0.0130614 0.00886293 0.0109475 0.00862701 0.0131752 0.0117237 0.009521 0.0104665 0.00845553 0.0167751 0.0085441 0.00861435 0.00821931 0.0146601 0.0101108 0.00908799 0.0103108 0.00831 0.00856944 0.00869963 0.00915571 0.00991705 
0.00849104 0.019658 0.00844275 0.0253816 0.00841573 0.00859139 0.0111971 0.0086642 0.0122519 0.00875652 0.0134757 0.00908112 0.0170606 0.00882753 0.0085574 0.0125219 0.0083768 0.0242728 0.00896155 0.0225151 0.00858187 0.00668218 0.0104651 0.00722232 0.952142 0.00569449 0.00387703 0 0.00354612 0.0035783 0.00358416 0.00361517 0.00369376 0.00361799 0.00580447 0.004321 0.00527026 0.00770149 0.00708009 0.0085689 0.00911434 0.00803944 0.0111471 0.012296 0.0106387 0.0163647 0.00844106 0.0340224 0.00853918 0.0199529 0.00847091 0.0196208 0.00857117 0.0263333 0.00897054 0.00883722 0.0089416 0.0108237 0.00866541 0.00878676 0.0200549 0.00886255 0.0223908 0.00888137 0.0171353 0.0110294 0.00840542 0.0170634 0.00845195 0.00834729 0.00814951 0.0107439 0.00829816 0.00825537 0.00901093 0.00815815 0.00974301 0.00874375 0.00953629 0.00937063 0.00869538 
0.0107301 0.00850779 0.0414722 0.00859354 0.0118338 0.0103931 0.0083876 0.0107851 0.00872578 0.0148819 0.0118954 0.022553 0.00915065 0.00961315 0.00899689 0.00841619 0.0173989 0.00926409 0.037615 0.00947898 0.0112025 0.00731496 0.00941305 0.914207 0.00859576 0.00655682 0.00358594 0.00354612 0 0.00354756 0.00356721 0.00350733 0.00352661 0.00367497 0.00359807 0.00414383 0.00392786 0.00609397 0.00829252 0.00925168 0.00816258 0.0173655 0.00952509 0.0117157 0.0122302 0.00990076 0.0339628 0.00854766 0.0291539 0.00863166 0.0219969 0.00891401 0.0392218 0.00876084 0.00911675 0.00903232 0.00940381 0.00863503 0.00874822 0.00981843 0.0093505 0.0316477 0.00940973 0.0164156 0.00862499 0.00854123 0.0134702 0.00857156 0.010112 0.00824049 0.00933414 0.00838745 0.00935712 0.0085101 0.00821457 0.00900939 0.00853091 0.0123352 0.0124517 0.00967724 0.00849136 
0.00904993 0.0324632 0.00968558 0.0168209 0.00951916 0.00896033 0.0093742 0.00896307 0.0135723 0.0115975 0.0346841 0.0175051 0.0138555 0.0101117 0.00874459 0.0114831 0.00958354 0.0338331 0.0160965 0.0172797 0.0100783 0.014937 0.724967 0.020336 0.0133022 0.00628906 0.00359586 0.0035783 0.00354756 0 0.00355789 0.00356717 0.00359359 0.0035022 0.00381802 0.00365061 0.0038903 0.00748706 0.00740126 0.0102245 0.0163667 0.0105982 0.0188814 0.0264364 0.377878 0.0194547 0.00936396 0.0361218 0.0100577 0.0264121 0.010066 0.0354147 0.0111177 0.0145899 0.00917492 0.0095112 0.00953902 0.0101863 0.00924953 0.00942844 0.0297933 0.0135413 0.0475578 0.00978745 0.012403 0.0114909 0.00911712 0.0142865 0.00892913 0.00862833 0.00856213 0.00991716 0.00874411 0.00833803 0.00845073 0.00856342 0.0111741 0.0147574 0.0188307 0.0111344 0.00914984 
0.0145043 0.0104769 0.027469 0.00986184 0.0116041 0.00988924 0.00864864 0.0103581 0.00963064 0.0195164 0.0217802 0.029586 0.0123566 0.0112721 0.00952605 0.00891616 0.018047 0.0129588 0.0482046 0.0115037 0.0112593 0.368861 0.030855 0.0177525 0.00767605 0.0087767 0.00371736 0.00358416 0.00356721 0.00355789 0 0.00355585 0.00347711 0.00359397 0.0035534 0.00362578 0.00361446 0.00614524 0.00914808 0.00943494 0.00878603 0.0176987 0.0160128 0.476087 0.105032 0.00946142 0.0167507 0.0102582 0.0262066 0.0107676 0.0247327 0.0140234 0.031558 0.0101024 0.00999316 0.00949345 0.0105499 0.0101377 0.00946246 0.010549 0.0119273 0.0483192 0.0137016 0.020045 0.00963016 0.00915275 0.0144033 0.00925315 0.0107654 0.00831409 0.0095545 0.00875404 0.00961131 0.00861531 0.00829623 0.00905686 0.00923661 0.0164854 0.0185343 0.0111562 0.00876065 
0.0087098 0.0157598 0.00969522 0.0154104 0.00889852 0.00873667 0.00876233 0.00874184 0.0111657 0.01138 0.0254165 0.0162797 0.0148047 0.00926903 0.00860662 0.00972369 0.00926948 0.0219429 0.0131281 0.0166687 0.0109011 0.0438219 0.0113843 0.00926093 0.0134089 0.00739262 0.00358348 0.00361517 0.00350733 0.00356717 0.00355585 0 0.00353732 0.00358508 0.00361101 0.00359183 0.00365952 0.00696861 0.00666217 0.00901698 0.0121523 0.0130688 0.534618 0.122051 0.0119237 0.0116728 0.00886581 0.022394 0.00992945 0.0210405 0.0127484 0.0222706 0.0106753 0.0133747 0.0088834 0.00941466 0.00932654 0.00998069 0.00914149 0.00906041 0.0188028 0.0115326 0.0384861 0.00959718 0.0143587 0.0109632 0.00888455 0.0131035 0.00878782 0.00847611 0.00851171 0.010061 0.0086118 0.00832971 0.00852101 0.00846123 0.00955932 0.013019 0.0145827 0.0104782 0.00908609 
0.00891418 0.0092829 0.0124877 0.0092049 0.00896505 0.0086325 0.00840817 0.00895757 0.00912846 0.0121161 0.0154973 0.0183823 0.0101215 0.00898073 0.00861814 0.00895019 0.0105619 0.0115777 0.018297 0.0119744 0.00936781 0.00913521 0.0103293 0.0117162 0.00810566 0.00732685 0.0037037 0.00369376 0.00352661 0.00359359 0.00347711 0.00353732 0 0.00355575 0.00359713 0.00361009 0.00354061 0.00579012 0.0069704 0.00930169 0.0119956 0.122472 0.221069 0.0117621 0.00933451 0.00896401 0.00960777 0.0103367 0.0121093 0.0126567 0.0127813 0.0112956 0.0141374 0.00918704 0.00874971 0.00905583 0.00929382 0.00889815 0.00873397 0.00924717 0.0108852 0.0173644 0.0121243 0.0100971 0.00904946 0.00885388 0.009503 0.00895836 0.00869538 0.00834101 0.00855896 0.00858014 0.00855363 0.00827939 0.00829896 0.00844065 0.00872742 0.0115122 0.0129412 0.00942497 0.00853204 
0.00911359 0.00894808 0.0150709 0.00856842 0.0100052 0.00891008 0.00831847 0.00900384 0.00887079 0.0109228 0.0136202 0.01665 0.00952925 0.00925354 0.00879432 0.00860236 0.0125435 0.00982474 0.0371035 0.00956351 0.00910812 0.00876134 0.0109014 0.0137465 0.00784627 0.00828673 0.0043858 0.00361799 0.00367497 0.0035022 0.00359397 0.00358508 0.00355575 0 0.00356574 0.0035616 0.00354024 0.00546914 0.0121289 0.0149289 0.0402989 0.747506 0.00946684 0.00886807 0.00815259 0.00836278 0.0118976 0.00862874 0.017568 0.00881376 0.0119052 0.0101255 0.0157491 0.00879015 0.00885881 0.00930022 0.00905944 0.00900483 0.00875631 0.0095419 0.00976491 0.0224621 0.0103956 0.0128222 0.00859032 0.0088497 0.0103461 0.00849736 0.0100517 0.00822127 0.00875433 0.00844097 0.00915714 0.00870305 0.0081793 0.00877083 0.00858629 0.0108754 0.012244 0.00924754 0.0083617 
0.00839372 0.0170156 0.00855134 0.0189852 0.00845126 0.00833216 0.00876844 0.00866631 0.0116429 0.0097011 0.0165981 0.0103905 0.0117599 0.00858614 0.00885447 0.0115976 0.00854639 0.0367097 0.00913203 0.0146402 0.0085079 0.00916411 0.012085 0.00906317 0.0116944 0.00687201 0.00438567 0.00580447 0.00359807 0.00381802 0.0035534 0.00361101 0.00359713 0.00356574 0 0.00354169 0.00356583 0.0118675 0.00734773 0.0538156 0.757983 0.00667554 0.0115144 0.0083297 0.00760397 0.0142938 0.00809917 0.0336006 0.00827044 0.0168883 0.00842099 0.0229463 0.00849137 0.0134402 0.00853188 0.00920308 0.0091855 0.00996439 0.00886863 0.00898291 0.0238454 0.00940484 0.035352 0.00872683 0.0135466 0.0142459 0.0085304 0.0163785 0.00839508 0.00851034 0.00838257 0.0109643 0.00827717 0.0082957 0.00884285 0.00830251 0.00973859 0.01067 0.010314 0.0093728 0.00871723 
0.00974382 0.0086841 0.0132209 0.00868001 0.00970487 0.0095913 0.00846066 0.00935774 0.00894753 0.0094846 0.00977951 0.015331 0.00946604 0.0101456 0.00919057 0.00870904 0.0137448 0.00888132 0.0187178 0.0100827 0.0101418 0.00985569 0.0112644 0.0107108 0.00789686 0.00912363 0.00710553 0.004321 0.00414383 0.00365061 0.00362578 0.00359183 0.00361009 0.0035616 0.00354169 0 0.00356477 0.00478615 0.0638479 0.643966 0.00670596 0.0110054 0.00709066 0.00959193 0.00813315 0.00817449 0.0295857 0.00839882 0.0128596 0.00849183 0.0112965 0.00855028 0.0144613 0.00887341 0.00902431 0.00981869 0.00945495 0.00919458 0.00881579 0.0101797 0.00962105 0.0168359 0.00900134 0.0161672 0.00868353 0.00864304 0.0157699 0.00865694 0.00995228 0.00825993 0.00957774 0.0084923 0.00943729 0.00865707 0.00837643 0.00889824 0.00853731 0.00878698 0.00960184 0.00934965 0.00835924 
0.0103143 0.0100192 0.00854942 0.00892498 0.00889108 0.00939635 0.00871812 0.0116982 0.00889508 0.00854091 0.0100917 0.00919539 0.00952465 0.010742 0.0137543 0.00901533 0.00860109 0.00961869 0.00918842 0.0105481 0.0107992 0.0245073 0.0101831 0.00875231 0.00917486 0.00882371 0.00909216 0.00527026 0.00392786 0.0038903 0.00361446 0.00365952 0.00354061 0.00354024 0.00356583 0.00356477 0 0.717718 0.0969824 0.00601218 0.00816852 0.00586503 0.00868792 0.00762029 0.00887907 0.0175911 0.00849833 0.0100321 0.00849925 0.00883255 0.00835638 0.0101701 0.00859703 0.0094645 0.0098446 0.0159011 0.00878791 0.00893328 0.0100308 0.0116675 0.0115604 0.0094127 0.0101059 0.00885808 0.0108385 0.0201938 0.00859406 0.00911537 0.00930995 0.0111176 0.00850675 0.0085627 0.00857914 0.00930188 0.00877955 0.0104889 0.00863523 0.00886123 0.0087924 0.00884877 0.00894543 
0.00894446 0.0106498 0.00827626 0.0106422 0.00868669 0.00821752 0.0133126 0.00902052 0.00923802 0.00881656 0.00958239 0.00891609 0.0091201 0.0112601 0.00942009 0.00939905 0.00862139 0.0122548 0.00954343 0.0124165 0.0128742 0.0163242 0.0116577 0.00950393 0.0111855 0.0118981 0.00744648 0.00770149 0.00609397 0.00748706 0.00614524 0.00696861 0.00579012 0.00546914 0.0118675 0.00478615 0.717718 0 0.00357224 0.00360517 0.00359523 0.00356369 0.00369669 0.00376526 0.00511936 0.00854304 0.00600864 0.00857052 0.00688767 0.0079008 0.00733321 0.0103065 0.0109778 0.0577768 0.0172737 0.0100593 0.0088453 0.0102667 0.0188565 0.0118171 0.0144482 0.009413 0.0119839 0.00950247 0.0473928 0.0164615 0.00873481 0.0122833 0.0108065 0.00887923 0.00824872 0.0100036 0.0101057 0.00898263 0.0110065 0.0085346 0.0090421 0.00875043 0.00888754 0.00933238 0.0112613 
0.00868768 0.00903617 0.0107115 0.00880285 0.0089241 0.00877101 0.00847969 0.00894399 0.00983817 0.0100957 0.0113434 0.0122947 0.0100535 0.00922819 0.00862275 0.00910273 0.0103268 0.0100742 0.0184127 0.0121219 0.00991488 0.0129828 0.0239737 0.0137371 0.0103355 0.0114786 0.00827074 0.00708009 0.00829252 0.00740126 0.00914808 0.00666217 0.0069704 0.0121289 0.00734773 0.0638479 0.0969824 0.00357224 0 0.00358034 0.00358209 0.00355232 0.00365814 0.00366205 0.00439815 0.00595874 0.00853501 0.00677524 0.00829646 0.00708185 0.0101727 0.00859762 0.0484171 0.00925652 0.0095607 0.00938812 0.00971719 0.00901841 0.00894722 0.0108067 0.0131037 0.016172 0.0103404 0.0192425 0.00930307 0.00954276 0.0132031 0.00910591 0.0102838 0.0083851 0.00993434 0.00863619 0.00977216 0.00851337 0.00849479 0.00864095 0.00912865 0.010461 0.0124764 0.0103065 0.00871154 
0.0090014 0.00974534 0.0139519 0.00957724 0.0104378 0.00860333 0.00859099 0.00871131 0.00941492 0.0126069 0.0284993 0.0319778 0.0119461 0.00987976 0.00864001 0.00889798 0.011841 0.0145074 0.0324695 0.012426 0.0122651 0.0112649 0.0198186 0.0380859 0.014012 0.0116324 0.00806053 0.0085689 0.00925168 0.0102245 0.00943494 0.00901698 0.00930169 0.0149289 0.0538156 0.643966 0.00601218 0.00360517 0.00358034 0 0.00357704 0.00356118 0.0036947 0.00357684 0.0037003 0.00686996 0.00667701 0.00883185 0.0120825 0.0101369 0.0176069 0.0550968 0.0138352 0.0113192 0.00937077 0.00966489 0.0100305 0.0100948 0.00930026 0.00991989 0.0128732 0.0239251 0.0241226 0.0131377 0.00984471 0.0104839 0.0109494 0.0105388 0.0101862 0.00871467 0.00916815 0.00923687 0.00944331 0.00830779 0.00835633 0.0087342 0.0102035 0.0167844 0.0259203 0.0145637 0.00935394 
0.00861786 0.0163138 0.00911541 0.023881 0.0088118 0.0085512 0.00866322 0.00861335 0.0116171 0.0134864 0.0525726 0.0245168 0.0192179 0.00956626 0.00869205 0.0117015 0.00950661 0.0653954 0.013116 0.0342526 0.0095074 0.0213975 0.0245711 0.0151036 0.033961 0.0091501 0.00785182 0.00911434 0.00816258 0.0163667 0.00878603 0.0121523 0.0119956 0.0402989 0.757983 0.00670596 0.00816852 0.00359523 0.00358209 0.00357704 0 0.00355745 0.00355419 0.00357523 0.00358633 0.0072458 0.00627511 0.0145584 0.00743512 0.0187581 0.0161894 0.0187581 0.00881526 0.0143483 0.00846823 0.00908444 0.0114524 0.0103031 0.00904055 0.00905411 0.0312578 0.0181985 0.0953239 0.0100845 0.0137784 0.0129915 0.00914535 0.0268499 0.00894612 0.00888457 0.00880422 0.0123199 0.00886078 0.00837755 0.00880825 0.00847896 0.0122277 0.026611 0.031348 0.0153513 0.00947975 
0.0101776 0.00898466 0.0522513 0.00950064 0.0121282 0.00904112 0.00864578 0.00936783 0.0094687 0.0308034 0.035751 0.0769637 0.0143438 0.0106245 0.00876515 0.00878096 0.0380563 0.0131947 0.146051 0.0116962 0.0133617 0.011695 0.0274505 0.064618 0.0135353 0.0144705 0.00836666 0.00803944 0.0173655 0.0105982 0.0176987 0.0130688 0.122472 0.747506 0.00667554 0.0110054 0.00586503 0.00356369 0.00355232 0.00356118 0.00355745 0 0.00355474 0.00365491 0.0035756 0.00497023 0.00958881 0.00706273 0.0345205 0.0102791 0.0148688 0.00892841 0.0240432 0.0081541 0.00974544 0.00948488 0.0106571 0.010587 0.0102788 0.0105523 0.0138849 0.114092 0.0155518 0.0383582 0.0093909 0.00899999 0.0328383 0.00963033 0.015037 0.00852734 0.0133158 0.00911532 0.0108757 0.00858609 0.00853177 0.00894638 0.0113069 0.0402726 0.0574374 0.0188262 0.00918852 
0.00923321 0.0232322 0.0124149 0.0202394 0.0102496 0.00885559 0.00884988 0.00905502 0.016238 0.0189748 0.0576676 0.035181 0.022783 0.0107471 0.0087512 0.0124587 0.0113211 0.0713219 0.0225118 0.0352991 0.0107571 0.0150226 0.0364584 0.0346011 0.0263754 0.0108511 0.00846776 0.0111471 0.00952509 0.0188814 0.0160128 0.534618 0.221069 0.00946684 0.0115144 0.00709066 0.00868792 0.00369669 0.00365814 0.0036947 0.00355419 0.00355474 0 0.00358557 0.00359246 0.00570449 0.0062356 0.0669831 0.0108506 0.020381 0.00930306 0.016127 0.0106969 0.0133547 0.00879596 0.0101983 0.01039 0.0125739 0.00978971 0.0105198 0.0445538 0.0190716 0.0868986 0.0113673 0.0143281 0.0135964 0.0107629 0.0327877 0.0100589 0.00957234 0.00946555 0.0141436 0.00927945 0.00855404 0.00872046 0.0091621 0.0172548 0.0436983 0.0486465 0.0220411 0.00987276 
0.0107204 0.0122052 0.0121939 0.015504 0.00947643 0.0100255 0.00957291 0.00988985 0.0121001 0.0121584 0.0273899 0.0280119 0.0299929 0.0130456 0.00943291 0.011011 0.0122917 0.014559 0.0310928 0.0357529 0.0150669 0.0181716 0.0343489 0.023994 0.0297459 0.020661 0.0104769 0.012296 0.0117157 0.0264364 0.476087 0.122051 0.0117621 0.00886807 0.0083297 0.00959193 0.00762029 0.00376526 0.00366205 0.00357684 0.00357523 0.00365491 0.00358557 0 0.00361249 0.00635336 0.0325883 0.0137685 0.0100328 0.00972791 0.0103944 0.010915 0.0114593 0.0103701 0.00982252 0.0117509 0.0146676 0.0142902 0.0121888 0.0137455 0.0220953 0.0225423 0.0187793 0.0269767 0.0126419 0.0120531 0.0200343 0.0198787 0.0126494 0.00916259 0.0115415 0.0134288 0.0114204 0.00930434 0.00928583 0.0102564 0.0154615 0.0176563 0.027172 0.0235919 0.00987486 
0.0133492 0.0104237 0.0100746 0.00928057 0.0107397 0.0121621 0.00926923 0.0145867 0.0092946 0.00919564 0.0127725 0.0122936 0.0121583 0.0185756 0.0143889 0.00911182 0.00939586 0.0101462 0.0125653 0.013596 0.0226885 0.031582 0.013635 0.0141599 0.01201 0.0272784 0.0205859 0.0106387 0.0122302 0.377878 0.105032 0.0119237 0.00933451 0.00815259 0.00760397 0.00813315 0.00887907 0.00511936 0.00439815 0.0037003 0.00358633 0.0035756 0.00359246 0.00361249 0 0.0293797 0.0124421 0.0063567 0.00657873 0.00643531 0.00756643 0.00888382 0.00930971 0.00947928 0.0140762 0.0219606 0.0103964 0.00980936 0.0150535 0.0200018 0.0123067 0.0120844 0.0122225 0.012589 0.0176599 0.0313287 0.0102955 0.0101733 0.0215855 0.015417 0.0097741 0.00923047 0.0133822 0.0121885 0.00963823 0.017859 0.0102872 0.0113917 0.0121475 0.0117937 0.0118484 
0.00849423 0.0141141 0.00821607 0.0142789 0.00859143 0.00840773 0.0167171 0.0085674 0.00965321 0.0086961 0.0110321 0.0093104 0.00954857 0.0111353 0.00906974 0.00986717 0.00844452 0.0155304 0.00923255 0.0178817 0.0130562 0.0218761 0.0159565 0.0100956 0.0181929 0.0154718 0.0101896 0.0163647 0.00990076 0.0194547 0.00946142 0.0116728 0.00896401 0.00836278 0.0142938 0.00817449 0.0175911 0.00854304 0.00595874 0.00686996 0.0072458 0.00497023 0.00570449 0.00635336 0.0293797 0 0.00360089 0.00375727 0.00359452 0.00374388 0.00369973 0.00462053 0.00404167 0.0110879 0.00927997 0.0137273 0.00894675 0.0139729 0.0163615 0.0111185 0.0234899 0.00921872 0.0183441 0.00977286 0.198872 0.0318232 0.00888914 0.0238984 0.0118798 0.0110759 0.00854252 0.0162151 0.0111864 0.00921243 0.0165783 0.00918892 0.0118802 0.00970488 0.0103434 0.0105305 0.0182879 
