1FIQA
TADELVFFVNGKKVVEKNADPETTLLAYLRRKLGLRGTKLGCGEGGCGACTVMLSKYDRLQDKIIHFSANACLAPICTLHHVAVTTVEGIGSTKTRLHPVQERIAKSHGSQCGFCTPGIVMSMYTLLRNQPEPTVEEIEDAFQGNLCRCTGYRPILQGFRTFAK
CCCCEEEEECCEEEEECCCCCCCEHHHHHHHCCCCCCCCCCCCCCCCCCCEEEEEEEECCCEEEEEEEEECCCCEHHHCCCCEEECHHHCCCCCCCCCHHHHHHHHCCCCCCCCCHHHHHHHHHHHHHHCCCCCHHHHHHCCCCCCCCCCCCHHHHHHHHHHCC
0 0 0 0 0 0 0 0 0 0 0 0 0 0 0 0 0 0 0 0 0 0 0 0 0 0 0 0 0 0 0 0 0 0 0 0 0 0 0 0 0 0 0 0 0 0 0 0 0 0 0 0 0 0 0 0 0 0 0 0 0 0 0 0 0 0 0 0 0 0 0 0 0 0 0 0 0 0 0 0 0 0 0 0 0 0 0 0 0 0 0 0 0 0 0 0 0 0 0 0 0 0 0 0 0 0 0 0 0 0 0 0 0 0 0 0 0 0 0 0 0 0 0 0 0 0 0 0 0 0 0 0 0 0 0 0 0 0 0 0 0 0 0 0 0 0 0 0 0 0 0 0 0 0 0 0 0 0 0 0 0 0 0 0 
0 0 0 0 0 0 0 0 0 0 0 0 0 0 0 0 0 0 0 0 0 0 0 0 0 0 0 0 0 0 0 0 0 0 0 0 0 0 0 0 0 0 0 0 0 0 0 0 0 0 0 0 0 0 0 0 0 0 0 0 0 0 0 0 0 0 0 0 0 0 0 0 0 0 0 0 0 0 0 0 0 0 0 0 0 0 0 0 0 0 0 0 0 0 0 0 0 0 0 0 0 0 0 0 0 0 0 0 0 0 0 0 0 0 0 0 0 0 0 0 0 0 0 0 0 0 0 0 0 0 0 0 0 0 0 0 0 0 0 0 0 0 0 0 0 0 0 0 0 0 0 0 0 0 0 0 0 0 0 0 0 0 0 0 
0 0.00377839 0.00380978 0.00381711 0.0079313 0.00470355 0.00544668 0.0077687 0.0147473 0.967604 0.0202046 0.0237062 0.0307463 0.0137137 0.0140023 0.0101398 0.0101745 0.0104411 0.0141789 0.0143402 0.00971535 0.0105408 0.00974152 0.0101303 0.0120722 0.010701 0.0153373 0.0140717 0.0148677 0.0104254 0.0116276 0.0157943 
0.00377839 0 0.00366093 0.00420952 0.00368372 0.00382673 0.00781074 0.00690818 0.976372 0.0176232 0.0103599 0.0280273 0.0458937 0.094023 0.0157216 0.01639 0.0116999 0.0108004 0.00974351 0.00956438 0.0120145 0.0103379 0.016923 0.0181487 0.0149358 0.0431054 0.017192 0.0120203 0.00934488 0.0128472 0.011152 0.0116062 
0.00380978 0.00366093 0 0.00366603 0.00362831 0.00401334 0.00559835 0.990425 0.0123461 0.0102241 0.00685185 0.0135231 0.0786905 0.0421943 0.0549104 0.0136634 0.0142948 0.00981734 0.00895429 0.00958513 0.0095015 0.0173848 0.0131858 0.0188683 0.0474255 0.028326 0.0270953 0.00997203 0.00935281 0.00925423 0.0158628 0.0101515 
0.00381711 0.00420952 0.00366603 0 0.00355268 0.00670401 0.999467 0.00603813 0.0114675 0.006972 0.00823605 0.0191034 0.0135013 0.0365194 0.0135383 0.0127384 0.00975013 0.00956753 0.00956119 0.0102691 0.0121532 0.00983073 0.0116979 0.013207 0.0110644 0.0229796 0.0155368 0.0141428 0.0093957 0.0203022 0.0098896 0.0107145 
0.0079313 0.00368372 0.00362831 0.00355268 0 0.999606 0.00419114 0.00553039 0.0037169 0.00577847 0.00656033 0.012782 0.0151082 0.00965949 0.0119437 0.00889008 0.00868877 0.00882114 0.00915305 0.0176193 0.00945351 0.00922719 0.00866839 0.0094079 0.0102716 0.00893643 0.0129602 0.0124829 0.0104042 0.0101182 0.0113165 0.0108234 
0.00470355 0.00382673 0.00401334 0.00670401 0.999606 0 0.00397913 0.00361322 0.00400224 0.00436761 0.00886654 0.015262 0.0103812 0.0089443 0.00881335 0.00860116 0.00866728 0.00940441 0.0122138 0.00969846 0.00893888 0.00856608 0.0085782 0.00861362 0.00863204 0.00864194 0.00938255 0.011357 0.0118455 0.0093544 0.00857476 0.0114017 
0.00544668 0.00781074 0.00559835 0.999467 0.00419114 0.00397913 0 0.00359263 0.00373614 0.00363901 0.00617579 0.0231315 0.0128403 0.0152692 0.00923487 0.00911424 0.00888235 0.00974865 0.00926646 0.00956053 0.00945662 0.00886874 0.00958582 0.00908306 0.00931677 0.0104334 0.0096354 0.00941319 0.00926406 0.0110484 0.00877061 0.00957136 
0.0077687 0.00690818 0.990425 0.00603813 0.00553039 0.00361322 0.00359263 0 0.00356093 0.00357223 0.00452466 0.0128971 0.0421061 0.0185657 0.0191786 0.00984756 0.00992859 0.00928876 0.00878473 0.00945951 0.00928297 0.0113252 0.00973779 0.0106788 0.0143415 0.0139463 0.0126344 0.0091776 0.00867492 0.00882774 0.00999055 0.00914601 
0.0147473 0.976372 0.0123461 0.0114675 0.0037169 0.00400224 0.00373614 0.00356093 0 0.00358902 0.0133055 0.0152156 0.0144789 0.0315235 0.011363 0.0102455 0.00922672 0.00918729 0.00889345 0.00963674 0.0108576 0.00926481 0.0104854 0.0102647 0.009833 0.0150812 0.0121214 0.0113275 0.00952302 0.0152461 0.00971448 0.0102101 
0.967604 0.0176232 0.0102241 0.006972 0.00577847 0.00436761 0.00363901 0.00357223 0.00358902 0 0.00932457 0.0187769 0.0174402 0.0128287 0.012987 0.0100299 0.00903791 0.00903669 0.00980031 0.0183559 0.0100526 0.009575 0.00891909 0.00987712 0.010885 0.00981806 0.0125423 0.0120443 0.0115785 0.0120462 0.010588 0.0117014 
0.0202046 0.0103599 0.00685185 0.00823605 0.00656033 0.00886654 0.00617579 0.00452466 0.0133055 0.00932457 0 0.0295392 0.0155 0.0123706 0.00962319 0.00878595 0.00891393 0.00944315 0.0202546 0.0184424 0.00995647 0.00900253 0.00917067 0.00940923 0.00926839 0.00982586 0.0101647 0.0137523 0.221899 0.0320539 0.0110565 0.0261849 
0.0237062 0.0280273 0.0135231 0.0191034 0.012782 0.015262 0.0231315 0.0128971 0.0152156 0.0187769 0.0295392 0 0.00385751 0.0036417 0.00368086 0.00364606 0.00361457 0.003793 0.00513461 0.00706673 0.00673537 0.00721061 0.00734295 0.00873367 0.00869658 0.0146648 0.0387584 0.913369 0.0124611 0.0553972 0.0124514 0.0433066 
0.0307463 0.0458937 0.0786905 0.0135013 0.0151082 0.0103812 0.0128403 0.0421061 0.0144789 0.0174402 0.0155 0.00385751 0 0.00363537 0.00358513 0.00354674 0.00353011 0.00386764 0.00366706 0.00596324 0.00779455 0.00751655 0.00849134 0.00837484 0.0168909 0.029115 0.963628 0.0146174 0.0104127 0.0202508 0.106337 0.0148136 
0.0137137 0.094023 0.0421943 0.0365194 0.00965949 0.0089443 0.0152692 0.0185657 0.0315235 0.0128287 0.0123706 0.0036417 0.00363537 0 0.00356413 0.003567 0.00358264 0.00353289 0.00364828 0.00611242 0.00674474 0.00821684 0.00835623 0.0175616 0.0351065 0.964315 0.0113464 0.0113736 0.00795516 0.0387957 0.0147381 0.0169863 
0.0140023 0.0157216 0.0549104 0.0135383 0.0119437 0.00881335 0.00923487 0.0191786 0.011363 0.012987 0.00962319 0.00368086 0.00358513 0.00356413 0 0.00354679 0.00354958 0.00355876 0.00354539 0.00529282 0.00860869 0.00729513 0.0102726 0.0318285 0.964367 0.0100809 0.0141555 0.00814763 0.0072368 0.010168 0.0158807 0.0138149 
0.0101398 0.01639 0.0136634 0.0127384 0.00889008 0.00860116 0.00911424 0.00984756 0.0102455 0.0100299 0.00878595 0.00364606 0.00354674 0.003567 0.00354679 0 0.00359293 0.00355443 0.00363156 0.00425877 0.00487323 0.00978642 0.047022 0.951729 0.00869842 0.0125397 0.00741455 0.00833992 0.00635755 0.0104804 0.00965617 0.0119659 
0.0101745 0.0116999 0.0142948 0.00975013 0.00868877 0.00866728 0.00888235 0.00992859 0.00922672 0.00903791 0.00891393 0.00361457 0.00353011 0.00358264 0.00354958 0.00359293 0 0.00362558 0.00358342 0.00426564 0.0110854 0.0980539 0.928065 0.0081735 0.00801066 0.00837376 0.00880711 0.0067195 0.00655797 0.0100385 0.0101469 0.00993917 
0.0104411 0.0108004 0.00981734 0.00956753 0.00882114 0.00940441 0.00974865 0.00928876 0.00918729 0.00903669 0.00944315 0.003793 0.00386764 0.00353289 0.00355876 0.00355443 0.00362558 0 0.00381784 0.0073525 0.319166 0.747427 0.00802319 0.00681487 0.00644376 0.00879909 0.00753532 0.00661538 0.00637247 0.0115753 0.0126904 0.00982669 
0.0141789 0.00974351 0.00895429 0.00956119 0.00915305 0.0122138 0.00926646 0.00878473 0.00889345 0.00980031 0.0202546 0.00513461 0.00366706 0.00364828 0.00354539 0.00363156 0.00358342 0.00381784 0 0.898697 0.096756 0.00451388 0.00453676 0.00495589 0.00599295 0.00600313 0.00602012 0.0062706 0.00743276 0.0145935 0.00919528 0.0113445 
0.0143402 0.00956438 0.00958513 0.0102691 0.0176193 0.00969846 0.00956053 0.00945951 0.00963674 0.0183559 0.0184424 0.00706673 0.00596324 0.00611242 0.00529282 0.00425877 0.00426564 0.0073525 0.898697 0 0.00425019 0.00365117 0.00372206 0.00370062 0.00390383 0.0039154 0.00493699 0.00570292 0.00663028 0.0153484 0.00951165 0.0298556 
0.00971535 0.0120145 0.0095015 0.0121532 0.00945351 0.00893888 0.00945662 0.00928297 0.0108576 0.0100526 0.00995647 0.00673537 0.00779455 0.00674474 0.00860869 0.00487323 0.0110854 0.319166 0.096756 0.00425019 0 0.00370701 0.00364241 0.00362693 0.00360418 0.00368746 0.00398545 0.00413884 0.00528982 0.00960775 0.0144731 0.00985016 
0.0105408 0.0103379 0.0173848 0.00983073 0.00922719 0.00856608 0.00886874 0.0113252 0.00926481 0.009575 0.00900253 0.00721061 0.00751655 0.00821684 0.00729513 0.00978642 0.0980539 0.747427 0.00451388 0.00365117 0.00370701 0 0.00357215 0.00361323 0.00368067 0.0035981 0.00366545 0.00364871 0.00476244 0.00935604 0.00912985 0.0102631 
0.00974152 0.016923 0.0131858 0.0116979 0.00866839 0.0085782 0.00958582 0.00973779 0.0104854 0.00891909 0.00917067 0.00734295 0.00849134 0.00835623 0.0102726 0.047022 0.928065 0.00802319 0.00453676 0.00372206 0.00364241 0.00357215 0 0.00356286 0.00357858 0.0035949 0.00352845 0.00360341 0.00465122 0.0104433 0.00966168 0.00999976 
0.0101303 0.0181487 0.0188683 0.013207 0.0094079 0.00861362 0.00908306 0.0106788 0.0102647 0.00987712 0.00940923 0.00873367 0.00837484 0.0175616 0.0318285 0.951729 0.0081735 0.00681487 0.00495589 0.00370062 0.00362693 0.00361323 0.00356286 0 0.00355523 0.00356085 0.00351245 0.0035734 0.00413096 0.0111753 0.0104425 0.0148672 
0.0120722 0.0149358 0.0474255 0.0110644 0.0102716 0.00863204 0.00931677 0.0143415 0.009833 0.010885 0.00926839 0.00869658 0.0168909 0.0351065 0.964367 0.00869842 0.00801066 0.00644376 0.00599295 0.00390383 0.00360418 0.00368067 0.00357858 0.00355523 0 0.003558 0.00357006 0.00357129 0.00387644 0.010027 0.0147292 0.0154146 
0.010701 0.0431054 0.028326 0.0229796 0.00893643 0.00864194 0.0104334 0.0139463 0.0150812 0.00981806 0.00982586 0.0146648 0.029115 0.964315 0.0100809 0.0125397 0.00837376 0.00879909 0.00600313 0.0039154 0.00368746 0.0035981 0.0035949 0.00356085 0.003558 0 0.0035482 0.00357868 0.00401841 0.0226825 0.0179544 0.0297855 
0.0153373 0.017192 0.0270953 0.0155368 0.0129602 0.00938255 0.0096354 0.0126344 0.0121214 0.0125423 0.0101647 0.0387584 0.963628 0.0113464 0.0141555 0.00741455 0.00880711 0.00753532 0.00602012 0.00493699 0.00398545 0.00366545 0.00352845 0.00351245 0.00357006 0.0035482 0 0.00360111 0.00587419 0.0152586 0.106623 0.0175842 
0.0140717 0.0120203 0.00997203 0.0141428 0.0124829 0.011357 0.00941319 0.0091776 0.0113275 0.0120443 0.0137523 0.913369 0.0146174 0.0113736 0.00814763 0.00833992 0.0067195 0.00661538 0.0062706 0.00570292 0.00413884 0.00364871 0.00360341 0.0035734 0.00357129 0.00357868 0.00360111 0 0.0137171 0.0287973 0.0176124 0.0445904 
0.0148677 0.00934488 0.00935281 0.0093957 0.0104042 0.0118455 0.00926406 0.00867492 0.00952302 0.0115785 0.221899 0.0124611 0.0104127 0.00795516 0.0072368 0.00635755 0.00655797 0.00637247 0.00743276 0.00663028 0.00528982 0.00476244 0.00465122 0.00413096 0.00387644 0.00401841 0.00587419 0.0137171 0 0.0138683 0.00711815 0.0124819 
0.0104254 0.0128472 0.00925423 0.0203022 0.0101182 0.0093544 0.0110484 0.00882774 0.0152461 0.0120462 0.0320539 0.0553972 0.0202508 0.0387957 0.010168 0.0104804 0.0100385 0.0115753 0.0145935 0.0153484 0.00960775 0.00935604 0.0104433 0.0111753 0.010027 0.0226825 0.0152586 0.0287973 0.0138683 0 0.00367163 0.00404309 
0.0116276 0.011152 0.0158628 0.0098896 0.0113165 0.00857476 0.00877061 0.00999055 0.00971448 0.010588 0.0110565 0.0124514 0.106337 0.0147381 0.0158807 0.00965617 0.0101469 0.0126904 0.00919528 0.00951165 0.0144731 0.00912985 0.00966168 0.0104425 0.0147292 0.0179544 0.106623 0.0176124 0.00711815 0.00367163 0 0.00357309 
0.0157943 0.0116062 0.0101515 0.0107145 0.0108234 0.0114017 0.00957136 0.00914601 0.0102101 0.0117014 0.0261849 0.0433066 0.0148136 0.0169863 0.0138149 0.0119659 0.00993917 0.00982669 0.0113445 0.0298556 0.00985016 0.0102631 0.00999976 0.0148672 0.0154146 0.0297855 0.0175842 0.0445904 0.0124819 0.00404309 0.00357309 0 
