1G5CC
IIKDILRENQDFRFRDLSDLKHSPKLCIITCMDSRLIDLLERALGIGRGDAKVIKNAGNIVDDGVIRSAAVAIYALGDNEIIIVGHTDCGMARLDEDLIVSRMRELGVEEEVIENFSIDVLNPVGDEEENVIEGVKRLKSSPLIPESIGVHGLIIDINTGRLKPLYLDE
CHHHHHHHHHCCCCCCHHHCCCCCCEEEEEECCHHHCCHHHHHHCCCCCCCEEEEECCCCCCHHHHHHHHHHHHHHCCCEEEEEEECCCHHHCCCHHHHHHHHHHCCCCHHHHHHHHHHCCCCCCCHHHHHHHHHHHHHCCCCCCCCCEEEEEEECCCCCCEEEEECCC
0 0 0 0 0 0 0 0 0 0 0 0 0 0 0 0 0 0 0 0 0 0 0 0 0 0 0 0 0 0 0 0 0 0 0 0 0 0 0 0 0 0 0 0 0 0 0 0 0 0 0 0 0 0 0 0 0 0 0 0 0 0 0 0 0 0 0 0 0 0 0 0 0 0 0 0 0 0 0 0 0 0 0 0 0 0 0 0 0 0 0 0 0 0 0 0 0 0 0 0 0 0 0 0 0 0 0 0 0 0 0 0 0 0 0 0 0 0 0 0 0 0 0 0 0 0 0 0 0 0 0 0 0 0 0 0 0 0 0 0 0 0 0 0 0 0 0 0 0 0 0 0 0 0 0 0 0 0 0 0 0 0 0 0 0 0 0 0 0 
0 0 0 0 0 0 0 0 0 0 0 0 0 0 0 0 0 0 0 0 0 0 0 0 0 0 0 0 0 0 0 0 0 0 0 0 0 0 0 0 0 0 0 0 0 0 0 0 0 0 0 0 0 0 0 0 0 0 0 0 0 0 0 0 0 0 0 0 0 0 0 0 0 0 0 0 0 0 0 0 0 0 0 0 0 0 0 0 0 0 0 0 0 0 0 0 0 0 0 0 0 0 0 0 0 0 0 0 0 0 0 0 0 0 0 0 0 0 0 0 0 0 0 0 0 0 0 0 0 0 0 0 0 0 0 0 0 0 0 0 0 0 0 0 0 0 0 0 0 0 0 0 0 0 0 0 0 0 0 0 0 0 0 0 0 0 0 0 0 
0 0.00382697 0.00369224 0.00366891 0.00366356 0.00498995 0.245679 0.0253068 0.0168755 0.0147447 0.0369806 0.0995565 0.0243274 0.0201052 0.0162522 0.0140034 0.0102589 0.0161597 0.0104228 0.00938684 0.00879374 0.00929247 0.00937677 0.00889746 0.011301 0.00872672 0.00824791 0.00855355 0.00841904 0.0090359 
0.00382697 0 0.00370935 0.00366244 0.00361946 0.00360031 0.36547 0.191696 0.0569752 0.047842 0.0125102 0.0252811 0.249496 0.0767015 0.0956205 0.0436202 0.0251646 0.00984729 0.0100388 0.0134841 0.0114381 0.0133346 0.0127982 0.0102371 0.00948058 0.0084825 0.00895992 0.0088935 0.00908572 0.00866848 
0.00369224 0.00370935 0 0.00366607 0.00360027 0.00360127 0.0560879 0.39256 0.160614 0.0526414 0.0206227 0.015814 0.0401285 0.375934 0.189308 0.177614 0.0274433 0.0101039 0.0095926 0.0122238 0.0220545 0.0204697 0.0218994 0.0117346 0.00963435 0.00863393 0.00893635 0.0101104 0.00905433 0.00867297 
0.00366891 0.00366244 0.00366607 0 0.00357447 0.0035717 0.0273226 0.102739 0.477385 0.0647457 0.0172206 0.0143066 0.0655565 0.117323 0.420442 0.12778 0.0261372 0.0119712 0.00922401 0.0168701 0.0158905 0.0270391 0.0195621 0.0114419 0.0105238 0.00860292 0.0089369 0.00945619 0.00945041 0.00859868 
0.00366356 0.00361946 0.00360027 0.00357447 0 0.00376718 0.0274542 0.095725 0.0728767 0.506474 0.0536352 0.0126496 0.0186727 0.0711861 0.0598691 0.154829 0.0605896 0.0116783 0.00965 0.0103966 0.014099 0.0140054 0.0126397 0.0116512 0.00914585 0.00834475 0.00873545 0.00905317 0.0084719 0.00850383 
0.00498995 0.00360031 0.00360127 0.0035717 0.00376718 0 0.0261338 0.0223485 0.0406816 0.0783504 0.487499 0.0197546 0.0175334 0.0153498 0.0224679 0.0176905 0.0262945 0.0281188 0.0105753 0.0104226 0.00897429 0.0093724 0.00919523 0.00909437 0.0106238 0.00917151 0.00830325 0.00827341 0.00859162 0.00903904 
0.245679 0.36547 0.0560879 0.0273226 0.0274542 0.0261338 0 0.00413009 0.00359325 0.00377402 0.00386899 0.197479 0.0475773 0.0318813 0.020835 0.0139152 0.0120077 0.0194555 0.0127819 0.00922309 0.00930014 0.00950407 0.0103826 0.00997435 0.0123085 0.00927243 0.00851153 0.00885488 0.00912218 0.0108909 
0.0253068 0.191696 0.39256 0.102739 0.095725 0.0223485 0.00413009 0 0.00355791 0.00360433 0.00380483 0.0870269 0.224435 0.0593631 0.0776388 0.0336818 0.0280233 0.0123176 0.0103363 0.0183342 0.0132748 0.0197228 0.0162017 0.0121868 0.00998307 0.00867512 0.00885453 0.00897467 0.00966042 0.00894769 
0.0168755 0.0569752 0.160614 0.477385 0.0728767 0.0406816 0.00359325 0.00355791 0 0.00355223 0.00355195 0.0430078 0.0837148 0.185147 0.117595 0.101303 0.0152041 0.0103977 0.00946478 0.0149921 0.0206621 0.0240324 0.0232867 0.0111218 0.00979738 0.00876095 0.00865775 0.00980771 0.00900258 0.00861638 
0.0147447 0.047842 0.0526414 0.0647457 0.506474 0.0783504 0.00377402 0.00360433 0.00355223 0 0.00380454 0.0182846 0.0516941 0.0754113 0.162615 0.0691886 0.121457 0.0128129 0.010546 0.0124288 0.0118536 0.0143131 0.0122371 0.0126557 0.00926949 0.00877466 0.00879513 0.00883001 0.00867271 0.0083394 
0.0369806 0.0125102 0.0206227 0.0172206 0.0536352 0.487499 0.00386899 0.00380483 0.00355195 0.00380454 0 0.0181374 0.0161224 0.042364 0.0504026 0.0745564 0.0655118 0.115111 0.0146749 0.00964114 0.0108224 0.0114431 0.0119127 0.00963452 0.0101906 0.00973932 0.00840426 0.00839248 0.00875172 0.0086564 
0.0995565 0.0252811 0.015814 0.0143066 0.0126496 0.0197546 0.197479 0.0870269 0.0430078 0.0182846 0.0181374 0 0.00482118 0.00365533 0.00370705 0.00369167 0.00362085 0.00423483 0.363682 0.0116187 0.0103878 0.0112032 0.0115943 0.010746 0.0153364 0.0116321 0.00864803 0.00881757 0.0095668 0.0117373 
0.0243274 0.249496 0.0401285 0.0655565 0.0186727 0.0175334 0.0475773 0.224435 0.0837148 0.0516941 0.0161224 0.00482118 0 0.00362114 0.00360852 0.00363687 0.00363072 0.00380279 0.0361741 0.315563 0.0146946 0.0327294 0.0255596 0.0144341 0.0111684 0.0102926 0.00964077 0.00989126 0.0121444 0.00948161 
0.0201052 0.0767015 0.375934 0.117323 0.0711861 0.0153498 0.0318813 0.0593631 0.185147 0.0754113 0.042364 0.00365533 0.00362114 0 0.00359681 0.00361412 0.00360917 0.00368466 0.0673945 0.0529801 0.322587 0.0593941 0.111019 0.0230049 0.0126342 0.0095622 0.0119546 0.0197975 0.0105547 0.00954437 
0.0162522 0.0956205 0.189308 0.420442 0.0598691 0.0224679 0.020835 0.0776388 0.117595 0.162615 0.0504026 0.00370705 0.00360852 0.00359681 0 0.00355484 0.00361249 0.00371471 0.034325 0.105777 0.090664 0.351266 0.0674833 0.0373462 0.0141057 0.00993606 0.0136702 0.0202147 0.0129423 0.00974419 
0.0140034 0.0436202 0.177614 0.12778 0.154829 0.0176905 0.0139152 0.0336818 0.101303 0.0691886 0.0745564 0.00369167 0.00363687 0.00361412 0.00355484 0 0.00356522 0.0035576 0.0223688 0.0494848 0.113891 0.0632426 0.258889 0.0177275 0.0156221 0.00897357 0.00980517 0.0146646 0.0101847 0.00958893 
0.0102589 0.0251646 0.0274433 0.0261372 0.0605896 0.0262945 0.0120077 0.0280233 0.0152041 0.121457 0.0655118 0.00362085 0.00363072 0.00360917 0.00361249 0.00356522 0 0.00422836 0.0170072 0.0386485 0.0227957 0.0393334 0.0350801 0.142502 0.0115426 0.00901439 0.00928238 0.00946898 0.0097797 0.00887757 
0.0161597 0.00984729 0.0101039 0.0119712 0.0116783 0.0281188 0.0194555 0.0123176 0.0103977 0.0128129 0.115111 0.00423483 0.00380279 0.00368466 0.00371471 0.0035576 0.00422836 0 0.012128 0.011563 0.0169808 0.0173021 0.0193015 0.0178452 0.134493 0.0138293 0.00851593 0.00857968 0.00909287 0.00985067 
0.0104228 0.0100388 0.0095926 0.00922401 0.00965 0.0105753 0.0127819 0.0103363 0.00946478 0.010546 0.0146749 0.363682 0.0361741 0.0673945 0.034325 0.0223688 0.0170072 0.012128 0 0.00369074 0.00362054 0.0036596 0.00361742 0.00394492 0.00597065 0.00931566 0.00836652 0.0087294 0.00975205 0.038545 
0.00938684 0.0134841 0.0122238 0.0168701 0.0103966 0.0104226 0.00922309 0.0183342 0.0149921 0.0124288 0.00964114 0.0116187 0.315563 0.0529801 0.105777 0.0494848 0.0386485 0.011563 0.00369074 0 0.00358944 0.00357476 0.00362281 0.00365603 0.00408158 0.00808655 0.00770804 0.00873955 0.0240581 0.016299 
0.00879374 0.0114381 0.0220545 0.0158905 0.014099 0.00897429 0.00930014 0.0132748 0.0206621 0.0118536 0.0108224 0.0103878 0.0146946 0.322587 0.090664 0.113891 0.0227957 0.0169808 0.00362054 0.00358944 0 0.00355952 0.00359999 0.00359775 0.0035704 0.00686041 0.00751283 0.0111591 0.0126189 0.164952 
0.00929247 0.0133346 0.0204697 0.0270391 0.0140054 0.0093724 0.00950407 0.0197228 0.0240324 0.0143131 0.0114431 0.0112032 0.0327294 0.0593941 0.351266 0.0632426 0.0393334 0.0173021 0.0036596 0.00357476 0.00355952 0 0.00365687 0.00357864 0.00357703 0.00729091 0.00901345 0.0190025 0.346058 0.107696 
0.00937677 0.0127982 0.0218994 0.0195621 0.0126397 0.00919523 0.0103826 0.0162017 0.0232867 0.0122371 0.0119127 0.0115943 0.0255596 0.111019 0.0674833 0.258889 0.0350801 0.0193015 0.00361742 0.00362281 0.00359999 0.00365687 0 0.00356728 0.00356989 0.00861022 0.0109301 0.751901 0.0430131 0.0148368 
0.00889746 0.0102371 0.0117346 0.0114419 0.0116512 0.00909437 0.00997435 0.0121868 0.0111218 0.0126557 0.00963452 0.010746 0.0144341 0.0230049 0.0373462 0.0177275 0.142502 0.0178452 0.00394492 0.00365603 0.00359775 0.00357864 0.00356728 0 0.00363657 0.0230264 0.836299 0.0251432 0.0160004 0.0113235 
0.011301 0.00948058 0.00963435 0.0105238 0.00914585 0.0106238 0.0123085 0.00998307 0.00979738 0.00926949 0.0101906 0.0153364 0.0111684 0.0126342 0.0141057 0.0156221 0.0115426 0.134493 0.00597065 0.00408158 0.0035704 0.00357703 0.00356989 0.00363657 0 0.951754 0.00708115 0.00672671 0.00894757 0.011802 
0.00872672 0.0084825 0.00863393 0.00860292 0.00834475 0.00917151 0.00927243 0.00867512 0.00876095 0.00877466 0.00973932 0.0116321 0.0102926 0.0095622 0.00993606 0.00897357 0.00901439 0.0138293 0.00931566 0.00808655 0.00686041 0.00729091 0.00861022 0.0230264 0.951754 0 0.00378029 0.00360407 0.00511065 0.00702228 
0.00824791 0.00895992 0.00893635 0.0089369 0.00873545 0.00830325 0.00851153 0.00885453 0.00865775 0.00879513 0.00840426 0.00864803 0.00964077 0.0119546 0.0136702 0.00980517 0.00928238 0.00851593 0.00836652 0.00770804 0.00751283 0.00901345 0.0109301 0.836299 0.00708115 0.00378029 0 0.00364812 0.00369352 0.00386894 
0.00855355 0.0088935 0.0101104 0.00945619 0.00905317 0.00827341 0.00885488 0.00897467 0.00980771 0.00883001 0.00839248 0.00881757 0.00989126 0.0197975 0.0202147 0.0146646 0.00946898 0.00857968 0.0087294 0.00873955 0.0111591 0.0190025 0.751901 0.0251432 0.00672671 0.00360407 0.00364812 0 0.00361987 0.00374964 
0.00841904 0.00908572 0.00905433 0.00945041 0.0084719 0.00859162 0.00912218 0.00966042 0.00900258 0.00867271 0.00875172 0.0095668 0.0121444 0.0105547 0.0129423 0.0101847 0.0097797 0.00909287 0.00975205 0.0240581 0.0126189 0.346058 0.0430131 0.0160004 0.00894757 0.00511065 0.00369352 0.00361987 0 0.00377937 
0.0090359 0.00866848 0.00867297 0.00859868 0.00850383 0.00903904 0.0108909 0.00894769 0.00861638 0.0083394 0.0086564 0.0117373 0.00948161 0.00954437 0.00974419 0.00958893 0.00887757 0.00985067 0.038545 0.016299 0.164952 0.107696 0.0148368 0.0113235 0.011802 0.00702228 0.00386894 0.00374964 0.00377937 0 
