1G66A
SCPAIHVFGARETTASPGYGSSSTVVNGVLSAYPGSTAEAINYPACGGQSSCGGASYSSSVAQGIAAVASAVNSFNSQCPSTKIVLVGYSQGGEIMDVALCGGGDPNQGYTNTAVQLSSSAVNMVKAAIFMGDPMFRAGLSYEVGTCAAGGFDQRPAGFSCPSAAKIKSYCDASDPYCCNGSNAATHQGYGSEYGSQALAFVKSKLG
CCCCEEEEEECCCCCCCCCHHHHHHHHHHHHHCCCCEEEECCCCCCCCCHHHCCCCHHHHHHHHHHHHHHHHHHHHHHCCCCEEEEEEECHHHHHHHHHHHCCCEHHHCECCCCCCCCHHHHHHEEEEEEECCCCCECCCCCEECCCCCECCCCCCCCCCCCCHHHEEEECCCCCCCCCCCCCCHHHHCHHHHHHHHHHHHHHHHHC
0 0 0 0 0 0 0 0 0 0 0 0 0 0 0 0 0 0 0 0 0 0 0 0 0 0 0 0 0 0 0 0 0 0 0 0 0 0 0 0 0 0 0 0 0 0 0 0 0 0 0 0 0 0 0 0 0 0 0 0 0 0 0 0 0 0 0 0 0 0 0 0 0 0 0 0 0 0 0 0 0 0 0 0 0 0 0 0 0 0 0 0 0 0 0 0 0 0 0 0 0 0 0 0 0 0 0 0 0 0 0 0 0 0 0 0 0 0 0 0 0 0 0 0 0 0 0 0 0 0 0 0 0 0 0 0 0 0 0 0 0 0 0 0 0 0 0 0 0 0 0 0 0 0 0 0 0 0 0 0 0 0 0 0 0 0 0 0 0 0 0 0 0 0 0 0 0 0 0 0 0 0 0 0 0 0 0 0 0 0 0 0 0 0 0 0 0 0 0 0 0 0 0 0 0 0 0 
0 0 0 0 0 0 0 0 0 0 0 0 0 0 0 0 0 0 0 0 0 0 0 0 0 0 0 0 0 0 0 0 0 0 0 0 0 0 0 0 0 0 0 0 0 0 0 0 0 0 0 0 0 0 0 0 0 0 0 0 0 0 0 0 0 0 0 0 0 0 0 0 0 0 0 0 0 0 0 0 0 0 0 0 0 0 0 0 0 0 0 0 0 0 0 0 0 0 0 0 0 0 0 0 0 0 0 0 0 0 0 0 0 0 0 0 0 0 0 0 0 0 0 0 0 0 0 0 0 0 0 0 0 0 0 0 0 0 0 0 0 0 0 0 0 0 0 0 0 0 0 0 0 0 0 0 0 0 0 0 0 0 0 0 0 0 0 0 0 0 0 0 0 0 0 0 0 0 0 0 0 0 0 0 0 0 0 0 0 0 0 0 0 0 0 0 0 0 0 0 0 0 0 0 0 0 0 
0 0.00375732 0.00371258 0.00370742 0.00376225 0.005512 0.084748 0.0125223 0.00994458 0.0288027 0.0155628 0.0313849 0.0133097 0.0109995 0.0111398 0.00928211 0.0120292 0.00885765 0.00925815 0.00970049 0.00934929 0.0113922 0.00978989 0.00951011 0.00904216 0.00970074 0.00847488 0.00821089 0.00897439 0.00888386 0.00968069 0.00830266 0.00843938 0.00839196 
0.00375732 0 0.00367739 0.00370933 0.00381468 0.00366341 0.0872668 0.0433008 0.044967 0.01124 0.0125684 0.0323537 0.0546742 0.0443255 0.0183413 0.0207506 0.0095619 0.00815592 0.0081878 0.00913502 0.0108241 0.0126303 0.0189852 0.0130475 0.0125169 0.00954097 0.0082007 0.00845052 0.00840879 0.00823534 0.00838289 0.00897756 0.00878703 0.00844476 
0.00371258 0.00367739 0 0.00367639 0.00362754 0.0036287 0.0239848 0.104935 0.0229814 0.0135636 0.00925568 0.0327629 0.0955723 0.112059 0.097207 0.0149098 0.0103054 0.00814002 0.00818581 0.0094541 0.0109594 0.0268489 0.0228665 0.0273788 0.0160907 0.00994267 0.00807631 0.00829903 0.00848195 0.00816059 0.00887963 0.00949008 0.00959873 0.00848338 
0.00370742 0.00370933 0.00367639 0 0.00359112 0.00355748 0.0138759 0.0415582 0.0994997 0.0206505 0.0107035 0.0192744 0.0659135 0.108359 0.0495176 0.0201099 0.0101624 0.0081259 0.00813708 0.0090019 0.0101654 0.0170884 0.0241217 0.0220026 0.0141076 0.00979648 0.00808431 0.00835297 0.00840831 0.0081739 0.00850529 0.00872809 0.00901332 0.00843866 
0.00376225 0.00381468 0.00362754 0.00359112 0 0.00374885 0.0122923 0.0136541 0.163264 0.0791842 0.0115079 0.0162641 0.0298126 0.0323178 0.0251166 0.0269249 0.0115158 0.00821106 0.00850744 0.00981327 0.0107557 0.0137394 0.0142097 0.012838 0.015024 0.0104124 0.00820257 0.00854757 0.00840934 0.00846521 0.00879454 0.00865521 0.00883313 0.00847827 
0.005512 0.00366341 0.0036287 0.00355748 0.00374885 0 0.0158641 0.0111012 0.0220661 0.215776 0.0123132 0.0129748 0.0109204 0.0131649 0.0138731 0.0139463 0.0157742 0.00878578 0.00974696 0.01252 0.00895199 0.0102889 0.00949167 0.0093966 0.0102332 0.011091 0.00850378 0.00834965 0.00848664 0.00932682 0.00967751 0.00845289 0.00838857 0.00861814 
0.084748 0.0872668 0.0239848 0.0138759 0.0122923 0.0158641 0 0.00413281 0.00445256 0.00443716 0.0551238 0.0100702 0.0128933 0.00962653 0.0091806 0.00942577 0.013747 0.0104076 0.00969247 0.00831234 0.00835858 0.00848962 0.00859818 0.00853618 0.00835134 0.00930886 0.00955339 0.00906616 0.00890308 0.00982664 0.00830687 0.00816319 0.00811819 0.00846182 
0.0125223 0.0433008 0.104935 0.0415582 0.0136541 0.0111012 0.00413281 0 0.00358175 0.00361401 0.011159 0.0624282 0.0111142 0.0148623 0.01446 0.0103763 0.00960998 0.00825442 0.0084893 0.00858251 0.00843292 0.0103165 0.0098525 0.00947 0.00883557 0.00854141 0.0081028 0.0081334 0.00840393 0.00813643 0.00868158 0.00818334 0.00834602 0.00816425 
0.00994458 0.044967 0.0229814 0.0994997 0.163264 0.0220661 0.00445256 0.00358175 0 0.00356778 0.0223723 0.0121053 0.0420867 0.0233412 0.0199934 0.0251261 0.0111785 0.00823044 0.00831447 0.00892754 0.00995674 0.0102154 0.0110204 0.0108701 0.0117169 0.00917336 0.00831918 0.00870869 0.00823564 0.00828111 0.00840654 0.00850574 0.00860204 0.00819662 
0.0288027 0.01124 0.0135636 0.0206505 0.0791842 0.215776 0.00443716 0.00361401 0.00356778 0 0.0144133 0.0210771 0.0156909 0.0300072 0.0194044 0.0294323 0.050019 0.00945759 0.012142 0.0223116 0.00896619 0.0100863 0.00982561 0.00961968 0.0100492 0.0111911 0.00943892 0.00912649 0.0088575 0.0101814 0.0158163 0.00829048 0.00848882 0.00840932 
0.0155628 0.0125684 0.00925568 0.0107035 0.0115079 0.0123132 0.0551238 0.011159 0.0223723 0.0144133 0 0.00514476 0.00370151 0.0037567 0.0036628 0.00389617 0.00546958 0.0212114 0.0129629 0.0277466 0.0147673 0.0137922 0.0130013 0.0120783 0.0108002 0.0178007 0.0162512 0.0134787 0.0109762 0.0147525 0.00914779 0.00895641 0.00864749 0.0104783 
0.0313849 0.0323537 0.0327629 0.0192744 0.0162641 0.0129748 0.0100702 0.0624282 0.0121053 0.0210771 0.00514476 0 0.00362499 0.00364505 0.00361539 0.00407057 0.0038028 0.0143497 0.0124353 0.0310461 0.0817221 0.0439436 0.05182 0.0317702 0.0280431 0.0128723 0.00989532 0.00990184 0.0133891 0.0111242 0.0195304 0.00940844 0.0133609 0.00939468 
0.0133097 0.0546742 0.0955723 0.0659135 0.0298126 0.0109204 0.0128933 0.0111142 0.0420867 0.0156909 0.00370151 0.00362499 0 0.00363719 0.00360849 0.00362752 0.00363381 0.00762679 0.00896196 0.0154543 0.0284658 0.25535 0.101356 0.200732 0.0455918 0.0134899 0.00883024 0.0104775 0.00920694 0.00919426 0.0119084 0.0164516 0.0150163 0.0095589 
0.0109995 0.0443255 0.112059 0.108359 0.0323178 0.0131649 0.00962653 0.0148623 0.0233412 0.0300072 0.0037567 0.00364505 0.00363719 0 0.0035703 0.00361256 0.0035927 0.00734869 0.00915564 0.0152746 0.0345581 0.0888015 0.419061 0.145758 0.098488 0.0176715 0.00865958 0.0102048 0.00925392 0.00892584 0.011903 0.0124762 0.0258665 0.0104903 
0.0111398 0.0183413 0.097207 0.0495176 0.0251166 0.0138731 0.0091806 0.01446 0.0199934 0.0194044 0.0036628 0.00361539 0.00360849 0.0035703 0 0.00357541 0.00356388 0.0073222 0.00869993 0.0170904 0.0190328 0.127428 0.0769033 0.346329 0.0523496 0.022274 0.00862736 0.00904442 0.00935933 0.00888894 0.0101373 0.0111105 0.0180719 0.0100511 
0.00928211 0.0207506 0.0149098 0.0201099 0.0269249 0.0139463 0.00942577 0.0103763 0.0251261 0.0294323 0.00389617 0.00407057 0.00362752 0.00361256 0.00357541 0 0.00382315 0.0125263 0.0104294 0.0130403 0.0297886 0.0269986 0.0395542 0.035504 0.346892 0.0274211 0.00958242 0.0109945 0.00989414 0.00985985 0.0102482 0.0101454 0.0220488 0.0106513 
0.0120292 0.0095619 0.0103054 0.0101624 0.0115158 0.0157742 0.013747 0.00960998 0.0111785 0.050019 0.00546958 0.0038028 0.00363381 0.0035927 0.00356388 0.00382315 0 0.016784 0.0156743 0.0491721 0.011581 0.0146719 0.011731 0.0162198 0.0186973 0.181792 0.0122202 0.0126 0.0121007 0.0138104 0.0174891 0.00899109 0.0104306 0.0142101 
0.00885765 0.00815592 0.00814002 0.0081259 0.00821106 0.00878578 0.0104076 0.00825442 0.00823044 0.00945759 0.0212114 0.0143497 0.00762679 0.00734869 0.0073222 0.0125263 0.016784 0 0.867226 0.00736024 0.00765873 0.00789616 0.00800923 0.00753247 0.00879046 0.0109342 0.0400039 0.0126808 0.0116063 0.0359303 0.0110442 0.00825353 0.00824289 0.00931753 
0.00925815 0.0081878 0.00818581 0.00813708 0.00850744 0.00974696 0.00969247 0.0084893 0.00831447 0.012142 0.0129629 0.0124353 0.00896196 0.00915564 0.00869993 0.0104294 0.0156743 0.867226 0 0.0153598 0.00632208 0.00835586 0.00798448 0.00784692 0.00940106 0.0185718 0.0429241 0.0147357 0.0176332 0.0420796 0.0169944 0.00839462 0.00878542 0.0110087 
0.00970049 0.00913502 0.0094541 0.0090019 0.00981327 0.01252 0.00831234 0.00858251 0.00892754 0.0223116 0.0277466 0.0310461 0.0154543 0.0152746 0.0170904 0.0130403 0.0491721 0.00736024 0.0153598 0 0.00364366 0.00358298 0.00359687 0.00362029 0.00365016 0.00413495 0.00644628 0.00830249 0.0193754 0.0178684 0.0173658 0.0101485 0.0118183 0.0194883 
0.00934929 0.0108241 0.0109594 0.0101654 0.0107557 0.00895199 0.00835858 0.00843292 0.00995674 0.00896619 0.0147673 0.0817221 0.0284658 0.0345581 0.0190328 0.0297886 0.011581 0.00765873 0.00632208 0.00364366 0 0.00356535 0.00358489 0.00358003 0.00360062 0.00366522 0.00626063 0.010893 0.0105627 0.0112083 0.0130404 0.0132174 0.0241784 0.0105256 
0.0113922 0.0126303 0.0268489 0.0170884 0.0137394 0.0102889 0.00848962 0.0103165 0.0102154 0.0100863 0.0137922 0.0439436 0.25535 0.0888015 0.127428 0.0269986 0.0146719 0.00789616 0.00835586 0.00358298 0.00356535 0 0.00357119 0.0035993 0.00361204 0.00371886 0.00641888 0.00988273 0.0113692 0.0117216 0.0224312 0.021756 0.0245944 0.0134941 
0.00978989 0.0189852 0.0228665 0.0241217 0.0142097 0.00949167 0.00859818 0.0098525 0.0110204 0.00982561 0.0130013 0.05182 0.101356 0.419061 0.0769033 0.0395542 0.011731 0.00800923 0.00798448 0.00359687 0.00358489 0.00357119 0 0.00356536 0.00359705 0.00359167 0.00576958 0.00932726 0.00946114 0.00962098 0.055957 0.0218559 0.0372145 0.0124058 
0.00951011 0.0130475 0.0273788 0.0220026 0.012838 0.0093966 0.00853618 0.00947 0.0108701 0.00961968 0.0120783 0.0317702 0.200732 0.145758 0.346329 0.035504 0.0162198 0.00753247 0.00784692 0.00362029 0.00358003 0.0035993 0.00356536 0 0.00357577 0.0035603 0.00504598 0.00868495 0.00999425 0.00932966 0.0137222 0.0695526 0.0362547 0.0135462 
0.00904216 0.0125169 0.0160907 0.0141076 0.015024 0.0102332 0.00835134 0.00883557 0.0117169 0.0100492 0.0108002 0.0280431 0.0455918 0.098488 0.0523496 0.346892 0.0186973 0.00879046 0.00940106 0.00365016 0.00360062 0.00361204 0.00359705 0.00357577 0 0.00369438 0.00566991 0.0133866 0.0193228 0.011869 0.0131657 0.0148469 0.223548 0.0177465 
0.00970074 0.00954097 0.00994267 0.00979648 0.0104124 0.011091 0.00930886 0.00854141 0.00917336 0.0111911 0.0178007 0.0128723 0.0134899 0.0176715 0.022274 0.0274211 0.181792 0.0109342 0.0185718 0.00413495 0.00366522 0.00371886 0.00359167 0.0035603 0.00369438 0 0.0153278 0.0195452 0.0244986 0.0185678 0.0242682 0.0105834 0.017711 0.116369 
0.00847488 0.0082007 0.00807631 0.00808431 0.00820257 0.00850378 0.00955339 0.0081028 0.00831918 0.00943892 0.0162512 0.00989532 0.00883024 0.00865958 0.00862736 0.00958242 0.0122202 0.0400039 0.0429241 0.00644628 0.00626063 0.00641888 0.00576958 0.00504598 0.00566991 0.0153278 0 0.0783014 0.0224476 0.180738 0.0143007 0.0087608 0.00951396 0.0128786 
0.00821089 0.00845052 0.00829903 0.00835297 0.00854757 0.00834965 0.00906616 0.0081334 0.00870869 0.00912649 0.0134787 0.00990184 0.0104775 0.0102048 0.00904442 0.0109945 0.0126 0.0126808 0.0147357 0.00830249 0.010893 0.00988273 0.00932726 0.00868495 0.0133866 0.0195452 0.0783014 0 0.00629395 0.0252613 0.0132089 0.0165087 0.01098 0.0180879 
0.00897439 0.00840879 0.00848195 0.00840831 0.00840934 0.00848664 0.00890308 0.00840393 0.00823564 0.0088575 0.0109762 0.0133891 0.00920694 0.00925392 0.00935933 0.00989414 0.0121007 0.0116063 0.0176332 0.0193754 0.0105627 0.0113692 0.00946114 0.00999425 0.0193228 0.0244986 0.0224476 0.00629395 0 0.140276 0.0282904 0.0106787 0.0402771 0.0290527 
0.00888386 0.00823534 0.00816059 0.0081739 0.00846521 0.00932682 0.00982664 0.00813643 0.00828111 0.0101814 0.0147525 0.0111242 0.00919426 0.00892584 0.00888894 0.00985985 0.0138104 0.0359303 0.0420796 0.0178684 0.0112083 0.0117216 0.00962098 0.00932966 0.011869 0.0185678 0.180738 0.0252613 0.140276 0 0.0207501 0.00865451 0.0107808 0.0288541 
0.00968069 0.00838289 0.00887963 0.00850529 0.00879454 0.00967751 0.00830687 0.00868158 0.00840654 0.0158163 0.00914779 0.0195304 0.0119084 0.011903 0.0101373 0.0102482 0.0174891 0.0110442 0.0169944 0.0173658 0.0130404 0.0224312 0.055957 0.0137222 0.0131657 0.0242682 0.0143007 0.0132089 0.0282904 0.0207501 0 0.00361484 0.00360891 0.00375168 
0.00830266 0.00897756 0.00949008 0.00872809 0.00865521 0.00845289 0.00816319 0.00818334 0.00850574 0.00829048 0.00895641 0.00940844 0.0164516 0.0124762 0.0111105 0.0101454 0.00899109 0.00825353 0.00839462 0.0101485 0.0132174 0.021756 0.0218559 0.0695526 0.0148469 0.0105834 0.0087608 0.0165087 0.0106787 0.00865451 0.00361484 0 0.00363644 0.0035933 
0.00843938 0.00878703 0.00959873 0.00901332 0.00883313 0.00838857 0.00811819 0.00834602 0.00860204 0.00848882 0.00864749 0.0133609 0.0150163 0.0258665 0.0180719 0.0220488 0.0104306 0.00824289 0.00878542 0.0118183 0.0241784 0.0245944 0.0372145 0.0362547 0.223548 0.017711 0.00951396 0.01098 0.0402771 0.0107808 0.00360891 0.00363644 0 0.00359716 
0.00839196 0.00844476 0.00848338 0.00843866 0.00847827 0.00861814 0.00846182 0.00816425 0.00819662 0.00840932 0.0104783 0.00939468 0.0095589 0.0104903 0.0100511 0.0106513 0.0142101 0.00931753 0.0110087 0.0194883 0.0105256 0.0134941 0.0124058 0.0135462 0.0177465 0.116369 0.0128786 0.0180879 0.0290527 0.0288541 0.00375168 0.0035933 0.00359716 0 
