1GENA
LGPVTPEICKQDIVFDGIAQIRGEIFFFKDRFIWRTVTPRDKPMGPLLVATFWPELPEKIDAVYEAPQEEKAVFFAGNEYWIYSASTLERGYPKPLTSLGLPPDVQRVDAAFNWSKNKKTYIFAGDKFWRYNEVKKKMDPGFPKLIADAWNAIPDNLDAVVDLQGGGHSYFFKGAYYLKLENQSLKSVKFGSIKSDWLGC
CCCCCCCCCCCCCCCCEEEEECCEEEEEECCEEEEECCCCCCCEEEEEHHHCCCCCCCCCCEEEEECCCCEEEEEECCEEEEEECCEECCCCCEEHHHHCCCCCCCCCCEEEEECCCCEEEEEECCEEEEEECCCCEECCCCCEEHHHHCCCCCCCCCEEEECCCCCEEEEEECCEEEEEECCEEEEEEEEEHHHHCCCC
0 0 0 0 0 0 0 0 0 0 0 0 0 0 0 0 0 0 0 0 0 0 0 0 0 0 0 0 0 0 0 0 0 0 0 0 0 0 0 0 0 0 0 0 0 0 0 0 0 0 0 0 0 0 0 0 0 0 0 0 0 0 0 0 0 0 0 0 0 0 0 0 0 0 0 0 0 0 0 0 0 0 0 0 0 0 0 0 0 0 0 0 0 0 0 0 0 0 0 0 0 0 0 0 0 0 0 0 0 0 0 0 0 0 0 0 0 0 0 0 0 0 0 0 0 0 0 0 0 0 0 0 0 0 0 0 0 0 0 0 0 0 0 0 0 0 0 0 0 0 0 0 0 0 0 0 0 0 0 0 0 0 0 0 0 0 0 0 0 0 0 0 0 0 0 0 0 0 0 0 0 0 0 0 0 0 0 0 0 0 0 0 0 0 0 0 0 0 0 0 
0 0 0 0 0 0 0 0 0 0 0 0 0 0 0 0 0 0 0 0 0 0 0 0 0 0 0 0 0 0 0 0 0 0 0 0 0 0 0 0 0 0 0 0 0 0 0 0 0 0 0 0 0 0 0 0 0 0 0 0 0 0 0 0 0 0 0 0 0 0 0 0 0 0 0 0 0 0 0 0 0 0 0 0 0 0 0 0 0 0 0 0 0 0 0 0 0 0 0 0 0 0 0 0 0 0 0 0 0 0 0 0 0 0 0 0 0 0 0 0 0 0 0 0 0 0 0 0 0 0 0 0 0 0 0 0 0 0 0 0 0 0 0 0 0 0 0 0 0 0 0 0 0 0 0 0 0 0 0 0 0 0 0 0 0 0 0 0 0 0 0 0 0 0 0 0 0 0 0 0 0 0 0 0 0 0 0 0 0 0 0 0 0 0 0 0 0 0 0 0 
0 0.00371424 0.00359663 0.00362632 0.00454839 0.00776711 0.00542907 0.010659 0.00971089 0.855232 0.107545 0.0105662 0.01028 0.0128747 0.0123403 0.0353576 0.0134839 0.00936525 0.00908284 0.00988088 0.0240008 0.0324148 0.0180215 0.0138392 0.0134655 0.0167035 0.0163636 0.0161049 0.0170941 0.0149349 0.0132699 0.0211885 0.0105765 0.0111244 0.0122199 0.0116406 0.0103201 0.015588 0.00916755 0.0100725 0.00916166 0.0120628 0.0156259 0.0120523 0.0110775 0.00983498 0.0113937 0.0105441 0.0097042 0.0114189 0.0113484 0.00996086 0.0118988 0.00856848 0.00879053 0.00990845 0.00920282 0.00930265 0.0101675 0.00838965 0.00892742 0.00842921 0.00912299 0.0095131 0.00886135 0.00941774 0.00988947 0.0085054 0.00848804 0.00879811 0.00877082 0.00848586 0.00918506 0.00836124 0.0083654 0.00854441 0.0085851 0.00838783 0.00864883 0.00815298 0.00820457 0.00828131 0.00826632 0.00828594 0.00830527 0.00827764 0.00822297 0.00854676 
0.00371424 0 0.00359663 0.00364521 0.00394707 0.00377441 0.0115987 0.00783678 0.912968 0.0432865 0.0100592 0.0078387 0.0135008 0.0112796 0.0395688 0.010975 0.00978681 0.0118336 0.00915217 0.0146612 0.0100304 0.027751 0.036726 0.0318122 0.022885 0.0103436 0.0105594 0.0339896 0.0421141 0.0448733 0.0304319 0.0126267 0.00886542 0.0157708 0.0201637 0.0227632 0.0162995 0.0100362 0.00874323 0.00867009 0.00868303 0.0091171 0.0137421 0.0198829 0.0171642 0.014451 0.00916703 0.0084484 0.0106817 0.0163507 0.0182751 0.0125592 0.00957695 0.00835444 0.0098562 0.0105753 0.0114333 0.0107475 0.00870715 0.00824068 0.00826124 0.00841769 0.00840358 0.00931294 0.00976249 0.0101554 0.00895529 0.008305 0.00889924 0.0101067 0.00943773 0.00881057 0.00846683 0.00830017 0.0086654 0.00882987 0.00872845 0.00885281 0.00823876 0.00813046 0.00839594 0.00841734 0.0084472 0.00836232 0.00849307 0.00840502 0.00852614 0.00836672 
0.00359663 0.00359663 0 0.00359069 0.00358595 0.00386057 0.00958528 0.945543 0.0588942 0.00902251 0.00656405 0.00731307 0.00903986 0.031323 0.0131763 0.00923965 0.00861194 0.0100302 0.0130067 0.00949332 0.00935699 0.0150307 0.0336728 0.0539888 0.0149271 0.00951699 0.00968201 0.02071 0.0698297 0.0809928 0.0244588 0.010446 0.0088627 0.0128791 0.0387425 0.035696 0.011927 0.00952444 0.00840651 0.00854061 0.0083008 0.00878612 0.0120436 0.0195133 0.035685 0.011321 0.00912641 0.0084189 0.0107939 0.0210992 0.0240622 0.0114631 0.00919142 0.00833356 0.00926523 0.0120952 0.0131456 0.0101415 0.00858509 0.00818702 0.00821982 0.00813462 0.00825165 0.00898149 0.0104516 0.0103685 0.00858958 0.00841901 0.00892705 0.0105522 0.00973069 0.00875956 0.00830686 0.00827666 0.0085707 0.00915036 0.0088609 0.00873447 0.00820208 0.00809596 0.00840224 0.00848016 0.00849911 0.0084743 0.00843511 0.00855991 0.00841783 0.00831273 
0.00362632 0.00364521 0.00359069 0 0.00361915 0.00503008 0.988423 0.0188629 0.0119802 0.00704443 0.00642693 0.00730337 0.0290827 0.00992333 0.0138108 0.00882508 0.00971716 0.0121522 0.00896769 0.0109535 0.0114532 0.0154807 0.0311208 0.0170491 0.0312672 0.00889307 0.0105333 0.0168492 0.0278241 0.0289355 0.0280932 0.0118055 0.00898726 0.0107835 0.0198032 0.0139992 0.0119434 0.00985555 0.0091288 0.00878438 0.00852077 0.00918809 0.0103305 0.0201668 0.0125372 0.0163689 0.00871054 0.00885687 0.0101344 0.0125436 0.0124118 0.0126695 0.0087076 0.00846397 0.00893725 0.00979957 0.0110592 0.00936914 0.00870513 0.00842434 0.00816575 0.00822592 0.00871563 0.00866314 0.00950987 0.00939733 0.00862929 0.0083761 0.00889577 0.00939492 0.00893227 0.00850322 0.00828794 0.00827972 0.0086205 0.00863824 0.00862845 0.00844562 0.00829671 0.00813146 0.00835 0.00837562 0.00850467 0.00828457 0.00844744 0.00837031 0.00849282 0.00828938 
0.00454839 0.00394707 0.00358595 0.00361915 0 0.969866 0.0180463 0.00384017 0.00404509 0.00519122 0.00575878 0.0304581 0.00817557 0.00787959 0.00756231 0.00987506 0.0180999 0.00871357 0.00843268 0.00953977 0.00955207 0.0251858 0.0107763 0.0113601 0.00990426 0.0107189 0.0157256 0.011559 0.00991461 0.0104068 0.0124013 0.0120543 0.0098375 0.0110785 0.00902675 0.00952848 0.00946664 0.00935502 0.0101985 0.009171 0.00990819 0.00835888 0.0155579 0.00897737 0.00923194 0.00887276 0.0097736 0.0100467 0.00954701 0.00899081 0.00941948 0.00880538 0.00952022 0.00856538 0.00877436 0.00870485 0.00846596 0.0088749 0.00846491 0.00826248 0.00845654 0.00826187 0.00866841 0.00931154 0.008459 0.00875492 0.00865148 0.00888612 0.00850645 0.00841912 0.00840433 0.00856924 0.00826829 0.0084456 0.0082346 0.00846313 0.00814381 0.00884515 0.00817267 0.00827183 0.00821635 0.00818327 0.00818336 0.00813158 0.0081056 0.00812222 0.00824111 0.00810837 
0.00776711 0.00377441 0.00386057 0.00503008 0.969866 0 0.00379199 0.00361212 0.00358777 0.00369997 0.00499604 0.00453634 0.00528798 0.00558812 0.00801848 0.0258497 0.0207365 0.00800698 0.00808435 0.00881417 0.0215003 0.0160729 0.0102864 0.009163 0.0121766 0.0108799 0.0167292 0.00989427 0.0104309 0.00985254 0.0101615 0.0179694 0.0107598 0.00903845 0.0093939 0.00898882 0.00931251 0.0171885 0.00979505 0.009482 0.00901078 0.0125627 0.00959177 0.00889346 0.00852571 0.00878595 0.0093899 0.0089873 0.00853733 0.00858404 0.00854989 0.00914562 0.0105615 0.00900026 0.00818562 0.0083027 0.00839575 0.00834899 0.00976823 0.00855314 0.0084986 0.00838567 0.00934127 0.00875679 0.00840149 0.00855186 0.00911278 0.00845972 0.00815836 0.00838713 0.00828266 0.00819964 0.00873682 0.00875969 0.00817607 0.0081751 0.00855505 0.00803137 0.00904984 0.00842304 0.00806357 0.00818913 0.00807121 0.00812791 0.00821412 0.00814189 0.00805927 0.00901249 
0.00542907 0.0115987 0.00958528 0.988423 0.0180463 0.00379199 0 0.00360138 0.00359488 0.00656084 0.00380871 0.00439176 0.00507735 0.00644503 0.0132857 0.817771 0.00835168 0.0085247 0.00833652 0.0108243 0.00932412 0.0182048 0.0155486 0.0156346 0.0131356 0.0143154 0.00969764 0.0214308 0.0135682 0.0190927 0.0219919 0.0106732 0.00869677 0.0132186 0.010686 0.0117269 0.0136722 0.00987247 0.00879665 0.00899319 0.00874599 0.00873953 0.011529 0.0109481 0.0118746 0.00988067 0.00909083 0.00840844 0.0091837 0.0102849 0.0110566 0.0106652 0.00962024 0.00816352 0.00911104 0.00925806 0.00883584 0.0106176 0.00860113 0.00825806 0.00836791 0.00825271 0.00832957 0.00874131 0.00902413 0.0100424 0.00873996 0.00820654 0.00860452 0.00893823 0.00877718 0.00882289 0.00847883 0.00819255 0.00847812 0.00866392 0.00841206 0.0091294 0.00821371 0.0080823 0.00831834 0.0082538 0.0082886 0.00829623 0.00838678 0.00828135 0.00844578 0.00824627 
0.010659 0.00783678 0.945543 0.0188629 0.00384017 0.00361212 0.00360138 0 0.0036667 0.00357288 0.00360737 0.00373934 0.00552127 0.00797183 0.916458 0.0091738 0.00796636 0.00847324 0.00865664 0.00879026 0.00980565 0.013525 0.0239901 0.0367316 0.0292334 0.00912247 0.00988287 0.0156821 0.0746577 0.0727522 0.0195665 0.0103363 0.00899089 0.0109156 0.0434532 0.0349872 0.0113867 0.00991114 0.00850452 0.00861856 0.00831659 0.00855865 0.0111748 0.021022 0.0379252 0.0169039 0.0090478 0.00844349 0.0105042 0.0236265 0.0254751 0.0121632 0.00899325 0.00850926 0.00917099 0.0136268 0.0159753 0.0096756 0.00871404 0.00834049 0.00813414 0.00826783 0.00823346 0.00885876 0.0100413 0.0103195 0.00891808 0.00842778 0.00889218 0.0102099 0.0102187 0.00876685 0.00846231 0.00837606 0.00864569 0.00884844 0.00946212 0.00873178 0.00832045 0.00820726 0.00837163 0.00853774 0.00857008 0.00851367 0.00854451 0.00871415 0.00853121 0.00832554 
0.00971089 0.912968 0.0588942 0.0119802 0.00404509 0.00358777 0.00359488 0.0036667 0 0.00356762 0.00356726 0.00382517 0.00876335 0.948899 0.0227165 0.00747678 0.00784006 0.00929475 0.00885846 0.0119674 0.00880135 0.0147396 0.029259 0.0602976 0.0186658 0.00963143 0.00999025 0.0232576 0.0798447 0.0861932 0.0247333 0.0115626 0.00896916 0.0135704 0.0493023 0.0355748 0.0137715 0.00959794 0.00856505 0.00867884 0.00842665 0.00889203 0.0123279 0.0272551 0.0447276 0.0159078 0.00936153 0.00858136 0.0114684 0.0321153 0.0380057 0.0157157 0.00948159 0.00844003 0.0100434 0.0165886 0.018176 0.0108544 0.0087293 0.00830519 0.00824818 0.00821957 0.00844341 0.00927247 0.0114991 0.0117198 0.00895713 0.00852 0.00925499 0.0122214 0.00983122 0.00926318 0.00852242 0.00851709 0.00867753 0.00938005 0.00903642 0.00903139 0.00830347 0.00813301 0.00841267 0.00850453 0.0086713 0.00832355 0.00881347 0.00855637 0.00855512 0.00839867 
0.855232 0.0432865 0.00902251 0.00704443 0.00519122 0.00369997 0.00656084 0.00357288 0.00356762 0 0.00369599 0.0045668 0.980708 0.00826375 0.0070993 0.00512682 0.00951839 0.00983798 0.00798332 0.00895778 0.00868359 0.0148075 0.0246121 0.0170143 0.0183827 0.00936501 0.0114536 0.0222314 0.0212428 0.0195629 0.0357504 0.0116379 0.00919845 0.0215159 0.0137145 0.0129894 0.0129583 0.0095124 0.00952101 0.00890513 0.00868198 0.00885917 0.0123518 0.0139927 0.0129658 0.01466 0.00919821 0.00929109 0.0118412 0.0122998 0.0137567 0.0122924 0.00910632 0.00858582 0.00986977 0.00967177 0.010264 0.0104059 0.00873214 0.00841968 0.00833218 0.00826871 0.00877173 0.00883037 0.00940916 0.00993006 0.00856204 0.00863917 0.00917692 0.00936633 0.00890682 0.00868327 0.00831149 0.00847461 0.00869015 0.00863424 0.00853573 0.00863348 0.00819769 0.00813973 0.00824513 0.00837602 0.00830202 0.00834639 0.00829009 0.00834574 0.00841553 0.00825278 
0.107545 0.0100592 0.00656405 0.00642693 0.00575878 0.00499604 0.00380871 0.00360737 0.00356726 0.00369599 0 0.989361 0.00831888 0.00387373 0.00414866 0.00514788 0.010411 0.00728089 0.00739811 0.00744085 0.0111084 0.0248313 0.0116214 0.010389 0.0104797 0.00916331 0.0197669 0.0113124 0.0099779 0.0102435 0.0118458 0.0129877 0.0142194 0.0101525 0.00937378 0.00948505 0.00900061 0.00970638 0.010993 0.0093029 0.00931495 0.0084779 0.0137552 0.00929747 0.00897046 0.00909954 0.00925579 0.0116123 0.00981195 0.0091374 0.00932047 0.00886514 0.00927433 0.010001 0.00879839 0.00866363 0.00858093 0.00866911 0.008765 0.00853653 0.0082105 0.00845754 0.00847052 0.00955739 0.00873602 0.00856758 0.00875398 0.00929249 0.00846139 0.00855049 0.00843226 0.0083223 0.00825707 0.00885829 0.00840068 0.00831214 0.00819359 0.00825104 0.00823299 0.00857578 0.0081652 0.00815184 0.00815877 0.00811436 0.00811126 0.0081805 0.00825244 0.00825268 
0.0105662 0.0078387 0.00731307 0.00730337 0.0304581 0.00453634 0.00439176 0.00373934 0.00382517 0.0045668 0.989361 0 0.00362777 0.00356777 0.00365581 0.00387132 0.00676082 0.00610126 0.00657297 0.010788 0.690908 0.0217194 0.0109262 0.010849 0.0115073 0.0197749 0.0142288 0.0128541 0.0112132 0.0108445 0.01115 0.0206738 0.00987161 0.0100943 0.00990893 0.00993019 0.0104075 0.0151449 0.00944092 0.0109489 0.0092999 0.011596 0.0185209 0.0096559 0.00941954 0.00912957 0.0136944 0.0090599 0.00898048 0.00940673 0.00954597 0.00940938 0.0121223 0.00839278 0.00858247 0.00894645 0.00879369 0.0093317 0.0102163 0.00830741 0.00916014 0.00848775 0.00938477 0.00902623 0.0086553 0.00882273 0.0097122 0.00830131 0.00835268 0.00857326 0.00854212 0.00837912 0.00883705 0.00828163 0.0082408 0.00837424 0.00832438 0.0084034 0.0085448 0.00816529 0.00815303 0.00813296 0.00814852 0.00817569 0.00818042 0.00815864 0.00815275 0.00861308 
0.01028 0.0135008 0.00903986 0.0290827 0.00817557 0.00528798 0.00507735 0.00552127 0.00876335 0.980708 0.00831888 0.00362777 0 0.00355094 0.00361233 0.0035766 0.00623574 0.00751104 0.00971166 0.517338 0.0182837 0.0184476 0.0243039 0.0155189 0.025662 0.00974978 0.0101926 0.0228965 0.0262615 0.0300317 0.0250097 0.011145 0.00908122 0.0118475 0.021287 0.0175746 0.0163141 0.00980014 0.00915287 0.0087469 0.00916517 0.00954179 0.0123768 0.0254675 0.0183899 0.0153959 0.00903907 0.00850345 0.0108103 0.0162896 0.0164463 0.0126769 0.00941155 0.00839893 0.00929649 0.010822 0.0116193 0.0113349 0.00877438 0.00831342 0.00821999 0.00840735 0.00845205 0.00881569 0.00997881 0.010017 0.00887994 0.00832293 0.00878206 0.00943673 0.00907957 0.00891339 0.00838079 0.00828058 0.00857015 0.00862257 0.00867297 0.00879587 0.00823322 0.00810455 0.00828955 0.00833791 0.0083107 0.00827509 0.00837931 0.00836469 0.00849548 0.00834757 
0.0128747 0.0112796 0.031323 0.00992333 0.00787959 0.00558812 0.00644503 0.00797183 0.948899 0.00826375 0.00387373 0.00356777 0.00355094 0 0.00354977 0.00357219 0.00645672 0.0313261 0.198062 0.0187469 0.00694522 0.0140762 0.0210307 0.0427297 0.0123424 0.00960224 0.00946542 0.01744 0.0660602 0.0779264 0.0213402 0.0105056 0.00894436 0.0128678 0.033622 0.0409035 0.0117827 0.00930965 0.008603 0.00862234 0.00841786 0.00862704 0.0131279 0.021408 0.0539923 0.0142266 0.00947058 0.00856023 0.0117979 0.028709 0.035817 0.0125868 0.00906834 0.00843089 0.00974845 0.0163984 0.0179898 0.0110505 0.00872962 0.00819839 0.00815754 0.00815436 0.00828882 0.00913328 0.0105992 0.0112005 0.0086252 0.00842132 0.00902141 0.0124519 0.0103343 0.0088906 0.00832422 0.00827657 0.00859467 0.00919504 0.00918218 0.00884006 0.00823532 0.00808591 0.00832984 0.00847092 0.00850098 0.00852858 0.00859597 0.00862683 0.00847516 0.00832985 
0.0123403 0.0395688 0.0131763 0.0138108 0.00756231 0.00801848 0.0132857 0.916458 0.0227165 0.0070993 0.00414866 0.00365581 0.00361233 0.00354977 0 0.00360305 0.122641 0.138744 0.00739216 0.00792989 0.00685656 0.0129508 0.0252996 0.0138845 0.0232412 0.00883723 0.0107389 0.0172317 0.0303074 0.0212306 0.0271808 0.0114928 0.00940877 0.0121666 0.0183856 0.0129641 0.0121353 0.00942859 0.00961411 0.00898262 0.0089982 0.00918409 0.0111281 0.0203591 0.0137943 0.0164392 0.00905413 0.00932668 0.010251 0.0132112 0.0129345 0.0127351 0.00875511 0.00864766 0.0092773 0.0103351 0.0105779 0.00964674 0.00872333 0.00843515 0.00820343 0.00833754 0.00850121 0.00891427 0.00972001 0.00949641 0.00875461 0.00847997 0.00925035 0.00947955 0.00894698 0.00847342 0.00831992 0.00840069 0.00866059 0.00867298 0.00858986 0.00843076 0.00821292 0.00820297 0.00832599 0.00833738 0.00844237 0.00825805 0.00835185 0.00845506 0.00837992 0.00821902 
0.0353576 0.010975 0.00923965 0.00882508 0.00987506 0.0258497 0.817771 0.0091738 0.00747678 0.00512682 0.00514788 0.00387132 0.0035766 0.00357219 0.00360305 0 0.125045 0.00663988 0.00579377 0.00602575 0.00587963 0.0195917 0.0115142 0.0107443 0.00943783 0.00955614 0.0180717 0.0232318 0.00992778 0.0105122 0.0119951 0.0109153 0.0112006 0.0124214 0.00924337 0.00969718 0.00895667 0.00958972 0.0113262 0.00986832 0.0108673 0.00850788 0.0198246 0.00955827 0.00936713 0.00915837 0.00936768 0.011746 0.0103186 0.00925144 0.0098279 0.00888038 0.00927209 0.00918357 0.00916896 0.00874913 0.00870843 0.00868396 0.00860686 0.00863214 0.00835107 0.00869777 0.00842068 0.00979798 0.00868925 0.00882797 0.00846714 0.00947547 0.00884494 0.0085834 0.00854966 0.00847178 0.00826433 0.00879257 0.00833874 0.00841656 0.00818191 0.00837713 0.00821054 0.00855746 0.00825265 0.00815887 0.00818223 0.008159 0.00812826 0.00814012 0.00833323 0.00808303 
0.0134839 0.00978681 0.00861194 0.00971716 0.0180999 0.0207365 0.00835168 0.00796636 0.00784006 0.00951839 0.010411 0.00676082 0.00623574 0.00645672 0.122641 0.125045 0 0.00359787 0.00357487 0.00361532 0.0039678 0.0103154 0.00885833 0.00843912 0.0115134 0.0189617 0.0119326 0.00985003 0.00922179 0.00903303 0.00956777 0.0174714 0.00934647 0.00897153 0.00893037 0.00887045 0.00975183 0.014189 0.00942459 0.0105662 0.00897334 0.0113549 0.00936861 0.00873661 0.00872544 0.00863604 0.0112858 0.00874734 0.00850605 0.008716 0.00863549 0.00876137 0.011057 0.00823306 0.00820442 0.00840705 0.00828179 0.00831272 0.00927586 0.00819605 0.00853686 0.00818006 0.00925785 0.00829863 0.00826119 0.00838572 0.00937896 0.00808231 0.00806881 0.00822799 0.00818456 0.00811565 0.00861463 0.00810324 0.00805452 0.00810314 0.0081612 0.00804782 0.00837978 0.00807581 0.00801891 0.00803848 0.00804506 0.00806048 0.00802146 0.0080425 0.00810001 0.00856356 
0.00936525 0.0118336 0.0100302 0.0121522 0.00871357 0.00800698 0.0085247 0.00847324 0.00929475 0.00983798 0.00728089 0.00610126 0.00751104 0.0313261 0.138744 0.00663988 0.00359787 0 0.00357673 0.00356242 0.00356242 0.00846163 0.00947967 0.0104163 0.021185 0.00866581 0.00864213 0.0111693 0.0100069 0.010216 0.00965045 0.00870296 0.00843256 0.00907075 0.00942878 0.00938223 0.00951481 0.00848575 0.00880298 0.00848646 0.00861411 0.00853038 0.00905375 0.00958465 0.0102693 0.00911298 0.00839415 0.00818958 0.0086734 0.00902655 0.00941755 0.00872204 0.00838128 0.00804016 0.00839545 0.00839889 0.00861758 0.0085916 0.00823383 0.00813701 0.00815652 0.00802625 0.00823783 0.00822416 0.00834963 0.00848926 0.00822828 0.00805765 0.00824851 0.00840387 0.00828083 0.00820693 0.00811287 0.00804759 0.00823409 0.00821326 0.0081167 0.00824559 0.00808514 0.00802173 0.00813653 0.00806819 0.00810983 0.00807092 0.00808944 0.00811462 0.00815885 0.00811877 
0.00908284 0.00915217 0.0130067 0.00896769 0.00843268 0.00808435 0.00833652 0.00865664 0.00885846 0.00798332 0.00739811 0.00657297 0.00971166 0.198062 0.00739216 0.00579377 0.00357487 0.00357673 0 0.00354696 0.00355784 0.00993956 0.0105934 0.0114619 0.0117952 0.00769344 0.00840351 0.00879598 0.0107185 0.0107264 0.00896276 0.00837305 0.0082539 0.00883493 0.0100282 0.00995185 0.00869874 0.00853912 0.00843647 0.00837151 0.00832906 0.00818434 0.00883993 0.00972913 0.011052 0.00860209 0.00833669 0.0081233 0.00856434 0.00947941 0.0100739 0.00842775 0.00837222 0.00807629 0.00816361 0.00899045 0.00864185 0.00837219 0.00819076 0.00801316 0.00802423 0.00797911 0.00805348 0.00820607 0.00833769 0.00835113 0.00823391 0.00802033 0.00814988 0.00852583 0.00833049 0.00818092 0.00811746 0.00808856 0.00819614 0.00822051 0.00827078 0.00817871 0.00808208 0.00803052 0.00807308 0.00815869 0.00806306 0.00813424 0.00815368 0.00817011 0.00809835 0.00802679 
0.00988088 0.0146612 0.00949332 0.0109535 0.00953977 0.00881417 0.0108243 0.00879026 0.0119674 0.00895778 0.00744085 0.010788 0.517338 0.0187469 0.00792989 0.00602575 0.00361532 0.00356242 0.00354696 0 0.00358326 0.0103741 0.0142069 0.0102421 0.00892318 0.00761375 0.00895613 0.0109893 0.00972008 0.00962142 0.0120391 0.00887031 0.00863473 0.00997938 0.0107565 0.00948701 0.00976029 0.00873809 0.00899426 0.0092456 0.00908078 0.00866125 0.00978669 0.0112387 0.00936424 0.00962151 0.00868745 0.00841638 0.00927557 0.00952559 0.00939869 0.00942261 0.00853459 0.00816085 0.00873262 0.00882246 0.00877723 0.0087594 0.00843379 0.0081875 0.00819659 0.00829908 0.0083446 0.0083437 0.00856355 0.0087743 0.00834102 0.00811895 0.00834199 0.00854542 0.00841561 0.00835463 0.00814618 0.00811599 0.00824326 0.00827302 0.00821351 0.00834199 0.00811222 0.00804545 0.00812544 0.00809433 0.00813233 0.00807308 0.0081564 0.00811871 0.00814948 0.00810585 
0.0240008 0.0100304 0.00935699 0.0114532 0.00955207 0.0215003 0.00932412 0.00980565 0.00880135 0.00868359 0.0111084 0.690908 0.0182837 0.00694522 0.00685656 0.00587963 0.0039678 0.00356242 0.00355784 0.00358326 0 0.0133156 0.00980218 0.00811682 0.00942575 0.00684565 0.0152932 0.00967161 0.00913224 0.0182434 0.0100279 0.0263057 0.0147771 0.00971618 0.00955307 0.00903374 0.0089815 0.0107523 0.0139049 0.00995629 0.0123508 0.0112772 0.0151442 0.00971061 0.00883785 0.0100431 0.00936738 0.0131889 0.00992607 0.00949275 0.00909668 0.00912852 0.00919864 0.0111525 0.0086863 0.00858301 0.00870945 0.00863771 0.00911407 0.0112598 0.00827146 0.00944406 0.00957253 0.0105439 0.00857684 0.00862051 0.00899563 0.00945979 0.0084342 0.00841465 0.00859747 0.00834846 0.00878537 0.00906919 0.00836979 0.00819962 0.00880856 0.008146 0.00873305 0.00865909 0.00820187 0.0082283 0.00819018 0.00813158 0.00820744 0.0081829 0.00816411 0.00853654 
0.0324148 0.027751 0.0150307 0.0154807 0.0251858 0.0160729 0.0182048 0.013525 0.0147396 0.0148075 0.0248313 0.0217194 0.0184476 0.0140762 0.0129508 0.0195917 0.0103154 0.00846163 0.00993956 0.0103741 0.0133156 0 0.00365227 0.00362032 0.00366342 0.00367391 0.00712793 0.00816476 0.00909105 0.0160939 0.876214 0.0792624 0.00893533 0.0108902 0.011496 0.0126625 0.0138437 0.0190699 0.0114537 0.0152044 0.0126627 0.0169872 0.0468289 0.0224344 0.0162114 0.012102 0.0179386 0.0171035 0.0180522 0.0151163 0.0160304 0.013126 0.0169973 0.0103183 0.0128237 0.0110782 0.0108395 0.0109806 0.013912 0.00892029 0.0107924 0.00919424 0.0116322 0.014022 0.0121432 0.0108912 0.0118569 0.00890778 0.00918014 0.00947284 0.00924664 0.00916434 0.00987457 0.00863883 0.00852782 0.0089291 0.00869155 0.00880478 0.00907252 0.00832829 0.00826493 0.00825102 0.00825755 0.00826495 0.00830282 0.00834108 0.0086854 0.0102493 
0.0180215 0.036726 0.0336728 0.0311208 0.0107763 0.0102864 0.0155486 0.0239901 0.029259 0.0246121 0.0116214 0.0109262 0.0243039 0.0210307 0.0252996 0.0115142 0.00885833 0.00947967 0.0105934 0.0142069 0.00980218 0.00365227 0 0.00361868 0.00360846 0.00363004 0.00496181 0.0104313 0.0151183 0.963375 0.0317121 0.0100784 0.00720736 0.0113584 0.0153579 0.0181821 0.0190102 0.0111892 0.0104144 0.00974994 0.0105407 0.00988187 0.0192757 0.0506336 0.0281181 0.0287427 0.010121 0.00963078 0.0162675 0.0290219 0.0306747 0.0233071 0.0109032 0.00876078 0.0125872 0.0156029 0.0170131 0.0164594 0.00966059 0.00872423 0.00875317 0.00911511 0.00883951 0.0100016 0.0138995 0.0139453 0.00947229 0.00846143 0.0100317 0.0119804 0.0111687 0.00927006 0.00895623 0.00826784 0.00878076 0.00907282 0.00962558 0.00913924 0.00842667 0.00812657 0.00835156 0.00843212 0.00836313 0.00843257 0.00856049 0.0085164 0.00876183 0.00848791 
0.0138392 0.0318122 0.0539888 0.0170491 0.0113601 0.009163 0.0156346 0.0367316 0.0602976 0.0170143 0.010389 0.010849 0.0155189 0.0427297 0.0138845 0.0107443 0.00843912 0.0104163 0.0114619 0.0102421 0.00811682 0.00362032 0.00361868 0 0.00357866 0.00356633 0.00675719 0.0107834 0.949118 0.0177655 0.0107507 0.00987697 0.00682495 0.0114673 0.0141743 0.0188257 0.0137508 0.00922763 0.00845968 0.00911506 0.00864992 0.00913079 0.0157042 0.0309234 0.0692528 0.0163167 0.0108272 0.00928212 0.0142682 0.046704 0.0550928 0.0167623 0.0102628 0.00877396 0.0126399 0.0237491 0.0282705 0.0140971 0.00953703 0.00844638 0.00854702 0.00834198 0.00887862 0.00999601 0.0152694 0.016256 0.0094783 0.00854968 0.010063 0.0166 0.0131665 0.00959307 0.00872397 0.00841513 0.00887082 0.0100656 0.00969402 0.00918355 0.0083728 0.00816697 0.00835297 0.00845722 0.00846223 0.00855721 0.00855541 0.00886359 0.00864968 0.00846565 
0.0134655 0.022885 0.0149271 0.0312672 0.00990426 0.0121766 0.0131356 0.0292334 0.0186658 0.0183827 0.0104797 0.0115073 0.025662 0.0123424 0.0232412 0.00943783 0.0115134 0.021185 0.0117952 0.00892318 0.00942575 0.00366342 0.00360846 0.00357866 0 0.00408425 0.00642442 0.974777 0.0149202 0.0135278 0.00877266 0.00830693 0.00852357 0.0112655 0.0164764 0.0109756 0.00893267 0.0104002 0.0113539 0.0128241 0.0100777 0.0101453 0.0123535 0.0284402 0.0157514 0.031282 0.00974721 0.0110472 0.0146769 0.0177403 0.0174611 0.0202705 0.00965573 0.00982959 0.0117637 0.0159047 0.0130204 0.0120236 0.0100138 0.00957803 0.00873379 0.00895875 0.00920412 0.00953102 0.0121015 0.0122174 0.00927579 0.00919916 0.0101167 0.0110423 0.00997436 0.00892209 0.00862409 0.00899359 0.00919599 0.00881052 0.00944476 0.00844225 0.00848544 0.00847254 0.00844755 0.00839877 0.00834715 0.00831822 0.00838051 0.00842976 0.00849668 0.00841521 
0.0167035 0.0103436 0.00951699 0.00889307 0.0107189 0.0108799 0.0143154 0.00912247 0.00963143 0.00936501 0.00916331 0.0197749 0.00974978 0.00960224 0.00883723 0.00955614 0.0189617 0.00866581 0.00769344 0.00761375 0.00684565 0.00367391 0.00363004 0.00356633 0.00408425 0 0.954432 0.0151493 0.00476469 0.00451938 0.00595348 0.00616273 0.00662494 0.0100745 0.00690542 0.00713599 0.00763899 0.00815899 0.0127308 0.0097103 0.0102647 0.00796722 0.02001 0.00966132 0.00951465 0.00910975 0.00989684 0.0132242 0.0102313 0.00955638 0.0100848 0.00887384 0.0100168 0.00999227 0.0102929 0.00895439 0.00883196 0.00895269 0.008749 0.00886087 0.00848424 0.00910409 0.00835741 0.0109074 0.00877599 0.00871831 0.00894724 0.0100945 0.00856592 0.0087553 0.00867047 0.00869185 0.0081844 0.00930711 0.00837813 0.00850988 0.00814566 0.00852664 0.00813386 0.00847376 0.00821485 0.00819204 0.0081789 0.00817654 0.00817422 0.00812239 0.00832818 0.00806261 
0.0163636 0.0105594 0.00968201 0.0105333 0.0157256 0.0167292 0.00969764 0.00988287 0.00999025 0.0114536 0.0197669 0.0142288 0.0101926 0.00946542 0.0107389 0.0180717 0.0119326 0.00864213 0.00840351 0.00895613 0.0152932 0.00712793 0.00496181 0.00675719 0.00642442 0.954432 0 0.00370382 0.00356984 0.00357151 0.0038011 0.00423209 0.00527378 0.00512183 0.00601749 0.0063765 0.0107271 0.561344 0.0109684 0.0138882 0.0104926 0.0156284 0.0261837 0.0120591 0.00968223 0.00960647 0.0154921 0.0179384 0.0116755 0.0104526 0.0101234 0.011303 0.0172464 0.0106517 0.00913824 0.00897223 0.00917915 0.00927408 0.0158552 0.00907268 0.0104292 0.00946097 0.0115649 0.0120299 0.00887359 0.00926742 0.0121107 0.00865709 0.00829582 0.00851194 0.00849077 0.00859848 0.0105457 0.00876676 0.00833968 0.0082341 0.00846881 0.00825729 0.00942472 0.00836943 0.00811798 0.00816692 0.00815785 0.0080952 0.00818343 0.00817712 0.00820448 0.00956656 
0.0161049 0.0339896 0.02071 0.0168492 0.011559 0.00989427 0.0214308 0.0156821 0.0232576 0.0222314 0.0113124 0.0128541 0.0228965 0.01744 0.0172317 0.0232318 0.00985003 0.0111693 0.00879598 0.0109893 0.00967161 0.00816476 0.0104313 0.0107834 0.974777 0.0151493 0.00370382 0 0.00362262 0.0035693 0.00385772 0.00418658 0.0043626 0.00559869 0.00617561 0.0122177 0.928459 0.0213017 0.00903309 0.0084279 0.0115247 0.00905676 0.027115 0.0416671 0.0213653 0.0169136 0.0113007 0.0104153 0.0278188 0.0199293 0.0242925 0.0202188 0.0117296 0.00926864 0.0161515 0.0144307 0.0124375 0.0198004 0.00990751 0.0089149 0.00919981 0.0093069 0.00911943 0.0131473 0.0151994 0.0135142 0.00975317 0.00865133 0.0105731 0.0116793 0.0106678 0.0104416 0.00903358 0.00841318 0.00891388 0.00922777 0.00866914 0.0100054 0.00839859 0.00821108 0.00855885 0.00832122 0.00845396 0.00838628 0.00857128 0.00846946 0.00895297 0.00847789 
0.0170941 0.0421141 0.0698297 0.0278241 0.00991461 0.0104309 0.0135682 0.0746577 0.0798447 0.0212428 0.0099779 0.0112132 0.0262615 0.0660602 0.0303074 0.00992778 0.00922179 0.0100069 0.0107185 0.00972008 0.00913224 0.00909105 0.0151183 0.949118 0.0149202 0.00476469 0.00356984 0.00362262 0 0.00360846 0.00358894 0.00357282 0.0037051 0.00474434 0.0151876 0.919927 0.020901 0.00730112 0.00685702 0.00781391 0.00804049 0.00775845 0.0176661 0.0515096 0.0800663 0.0338225 0.0100684 0.00999111 0.0184283 0.085947 0.0803527 0.0253941 0.0102402 0.00952871 0.0132931 0.0489206 0.0649609 0.0163153 0.0100587 0.00865001 0.00869681 0.00871735 0.00882875 0.0122149 0.0258717 0.0216603 0.00979693 0.0087137 0.0116658 0.0272518 0.0255615 0.0102102 0.00879759 0.00862233 0.00952342 0.0110705 0.01415 0.00913232 0.0084541 0.00836309 0.00841777 0.00889069 0.0089815 0.00884331 0.00928744 0.00961672 0.00872027 0.00850228 
0.0149349 0.0448733 0.0809928 0.0289355 0.0104068 0.00985254 0.0190927 0.0727522 0.0861932 0.0195629 0.0102435 0.0108445 0.0300317 0.0779264 0.0212306 0.0105122 0.00903303 0.010216 0.0107264 0.00962142 0.0182434 0.0160939 0.963375 0.0177655 0.0135278 0.00451938 0.00357151 0.0035693 0.00360846 0 0.00356999 0.00358675 0.00391764 0.00537955 0.953761 0.0350349 0.00869576 0.00635914 0.00667232 0.00757226 0.00809993 0.00809235 0.0182195 0.0562153 0.0932492 0.0293141 0.011148 0.00990894 0.0191208 0.0870602 0.0995229 0.0240575 0.0109826 0.00933703 0.0174676 0.074111 0.0423007 0.0194742 0.0103543 0.00878889 0.00886468 0.00862073 0.00934866 0.0119669 0.0293787 0.0271982 0.010456 0.00893842 0.0126804 0.0355294 0.025175 0.011191 0.00907452 0.00862328 0.00957239 0.0147385 0.0127617 0.00988112 0.00852879 0.00824972 0.00864251 0.00902426 0.00924719 0.00887608 0.00978691 0.0089879 0.00902026 0.00853262 
0.0132699 0.0304319 0.0244588 0.0280932 0.0124013 0.0101615 0.0219919 0.0195665 0.0247333 0.0357504 0.0118458 0.01115 0.0250097 0.0213402 0.0271808 0.0119951 0.00956777 0.00965045 0.00896276 0.0120391 0.0100279 0.876214 0.0317121 0.0107507 0.00877266 0.00595348 0.0038011 0.00385772 0.00358894 0.00356999 0 0.00396557 0.00431677 0.973182 0.00656567 0.00923661 0.00743935 0.00663271 0.00729304 0.0103159 0.00881307 0.0094827 0.0160419 0.0318353 0.0269407 0.0481806 0.013978 0.0105931 0.0231245 0.0227658 0.0272158 0.0427759 0.012612 0.00919485 0.0293267 0.0148915 0.0159621 0.0261457 0.0113347 0.009466 0.00942491 0.00895995 0.00943788 0.0119801 0.0150253 0.0276863 0.0103556 0.00937706 0.0134116 0.0173397 0.0132081 0.0118257 0.00885253 0.00895207 0.0122152 0.0098088 0.00958273 0.00995703 0.00839733 0.00830308 0.00850368 0.00866018 0.00858386 0.00858334 0.00880977 0.00868945 0.0092524 0.008401 
0.0211885 0.0126267 0.010446 0.0118055 0.0120543 0.0179694 0.0106732 0.0103363 0.0115626 0.0116379 0.0129877 0.0206738 0.011145 0.0105056 0.0114928 0.0109153 0.0174714 0.00870296 0.00837305 0.00887031 0.0263057 0.0792624 0.0100784 0.00987697 0.00830693 0.00616273 0.00423209 0.00418658 0.00357282 0.00358675 0.00396557 0 0.959845 0.00514659 0.00382384 0.0037968 0.00464135 0.00530111 0.00967476 0.00822675 0.00945113 0.00925941 0.0228854 0.0128205 0.0109018 0.0146196 0.0182539 0.0202289 0.0115994 0.0115334 0.0117166 0.0130487 0.0158885 0.0154328 0.0105267 0.00963854 0.00986572 0.00983857 0.0134352 0.0110554 0.00937449 0.0104971 0.00937043 0.013049 0.0103433 0.00999193 0.0124702 0.0124739 0.0098044 0.00918716 0.00945248 0.00880469 0.00904193 0.0122478 0.00915295 0.00867502 0.00842998 0.00852162 0.00864792 0.00916518 0.00842016 0.00824545 0.00826437 0.00822384 0.00824574 0.00833934 0.00865148 0.00860023 
0.0105765 0.00886542 0.0088627 0.00898726 0.0098375 0.0107598 0.00869677 0.00899089 0.00896916 0.00919845 0.0142194 0.00987161 0.00908122 0.00894436 0.00940877 0.0112006 0.00934647 0.00843256 0.0082539 0.00863473 0.0147771 0.00893533 0.00720736 0.00682495 0.00852357 0.00662494 0.00527378 0.0043626 0.0037051 0.00391764 0.00431677 0.959845 0 0.00369103 0.00356767 0.00356755 0.00368454 0.00434111 0.00469288 0.00590487 0.00638651 0.0187489 0.0121564 0.0112176 0.00885007 0.00897578 0.0106672 0.0128216 0.00962053 0.00953379 0.00932773 0.0095583 0.0126452 0.00915332 0.00874238 0.00876375 0.00884698 0.00870712 0.0191245 0.00885743 0.00896524 0.00875019 0.0108947 0.00903459 0.00863255 0.00870168 0.00979287 0.00825993 0.00818187 0.00841674 0.00828423 0.00825901 0.00901903 0.00835425 0.00816906 0.00822501 0.00854177 0.00812825 0.00983977 0.00818879 0.00808582 0.00817143 0.00808974 0.00806212 0.00814912 0.00809138 0.00806936 0.00942865 
0.0111244 0.0157708 0.0128791 0.0107835 0.0110785 0.00903845 0.0132186 0.0109156 0.0135704 0.0215159 0.0101525 0.0100943 0.0118475 0.0128678 0.0121666 0.0124214 0.00897153 0.00907075 0.00883493 0.00997938 0.00971618 0.0108902 0.0113584 0.0114673 0.0112655 0.0100745 0.00512183 0.00559869 0.00474434 0.00537955 0.973182 0.00514659 0.00369103 0 0.00356113 0.00353752 0.00380885 0.00370919 0.00482339 0.00498891 0.0160492 0.00728702 0.0295644 0.0170595 0.0135072 0.0109283 0.016511 0.00945448 0.0143256 0.0142174 0.0153137 0.0142608 0.0101861 0.00882553 0.0122519 0.010957 0.0105983 0.0341953 0.00943666 0.00870809 0.00896478 0.00884409 0.009522 0.0103818 0.0102175 0.0116931 0.00913248 0.00833048 0.0092663 0.00973029 0.00918604 0.0096672 0.00888978 0.00824316 0.00851778 0.00890498 0.00853403 0.0104879 0.00839698 0.00825292 0.00841965 0.00831868 0.00843059 0.00838372 0.00840304 0.0083853 0.00867546 0.00850003 
0.0122199 0.0201637 0.0387425 0.0198032 0.00902675 0.0093939 0.010686 0.0434532 0.0493023 0.0137145 0.00937378 0.00990893 0.021287 0.033622 0.0183856 0.00924337 0.00893037 0.00942878 0.0100282 0.0107565 0.00955307 0.011496 0.0153579 0.0141743 0.0164764 0.00690542 0.00601749 0.00617561 0.0151876 0.953761 0.00656567 0.00382384 0.00356767 0.00356113 0 0.00356581 0.00354885 0.00381088 0.00369137 0.00514501 0.0142936 0.0187203 0.0131632 0.0305964 0.0230861 0.0376201 0.00961866 0.00930089 0.0133937 0.0372817 0.0477215 0.0153779 0.0095499 0.00933992 0.0108451 0.0223783 0.0534298 0.0122018 0.0099368 0.00867156 0.00860379 0.00861204 0.00892848 0.0100237 0.0174039 0.0130534 0.00935278 0.00855093 0.0101687 0.0200413 0.0228217 0.00935555 0.00862624 0.00848527 0.009086 0.0100476 0.0147765 0.00870544 0.0085252 0.00826151 0.00834842 0.00889774 0.00877406 0.00874677 0.00911089 0.00947824 0.00858999 0.00841884 
0.0116406 0.0227632 0.035696 0.0139992 0.00952848 0.00898882 0.0117269 0.0349872 0.0355748 0.0129894 0.00948505 0.00993019 0.0175746 0.0409035 0.0129641 0.00969718 0.00887045 0.00938223 0.00995185 0.00948701 0.00903374 0.0126625 0.0181821 0.0188257 0.0109756 0.00713599 0.0063765 0.0122177 0.919927 0.0350349 0.00923661 0.0037968 0.00356755 0.00353752 0.00356581 0 0.0035542 0.00355705 0.00430074 0.0187761 0.0376127 0.00563531 0.0141534 0.0273859 0.0688868 0.0155575 0.0104057 0.00937851 0.0127275 0.0453339 0.0396824 0.0159042 0.0100859 0.00928487 0.0114455 0.0370837 0.0212347 0.0129766 0.0092976 0.00867425 0.00856644 0.00882591 0.00868182 0.0103648 0.0169077 0.0198668 0.00963734 0.00864583 0.0100953 0.0279257 0.0158415 0.00970983 0.00871972 0.00846642 0.0087604 0.012231 0.0102553 0.00909263 0.00836756 0.00824253 0.0083763 0.00854052 0.00873802 0.00850039 0.00907832 0.00875225 0.00872218 0.00837131 
0.0103201 0.0162995 0.011927 0.0119434 0.00946664 0.00931251 0.0136722 0.0113867 0.0137715 0.0129583 0.00900061 0.0104075 0.0163141 0.0117827 0.0121353 0.00895667 0.00975183 0.00951481 0.00869874 0.00976029 0.0089815 0.0138437 0.0190102 0.0137508 0.00893267 0.00763899 0.0107271 0.928459 0.020901 0.00869576 0.00743935 0.00464135 0.00368454 0.00380885 0.00354885 0.0035542 0 0.00361913 0.00523407 0.784858 0.00597086 0.00622855 0.0124896 0.0334013 0.0164708 0.0192511 0.00990973 0.00982897 0.0142899 0.0135476 0.016831 0.0145077 0.00955108 0.00902929 0.0507175 0.0107486 0.0115064 0.0127615 0.00890046 0.00894898 0.00906224 0.00866621 0.00901914 0.0108052 0.0107453 0.0157611 0.00966472 0.00899581 0.0113054 0.0111547 0.0098824 0.00970627 0.00845551 0.0086595 0.0119062 0.00928795 0.00855606 0.00995552 0.00819883 0.00829071 0.00844402 0.00833138 0.008405 0.00837076 0.00845035 0.0083027 0.00908193 0.00812689 
0.015588 0.0100362 0.00952444 0.00985555 0.00935502 0.0171885 0.00987247 0.00991114 0.00959794 0.0095124 0.00970638 0.0151449 0.00980014 0.00930965 0.00942859 0.00958972 0.014189 0.00848575 0.00853912 0.00873809 0.0107523 0.0190699 0.0111892 0.00922763 0.0104002 0.00815899 0.561344 0.0213017 0.00730112 0.00635914 0.00663271 0.00530111 0.00434111 0.00370919 0.00381088 0.00355705 0.00361913 0 0.925838 0.0040107 0.00602929 0.00562518 0.0193713 0.011175 0.00971534 0.0117408 0.0109558 0.021753 0.0105383 0.0104059 0.0100434 0.0105371 0.0109153 0.0445513 0.00942021 0.0092991 0.00917926 0.00901195 0.0104765 0.0112578 0.00882322 0.0108563 0.00921675 0.0124913 0.0100882 0.00905116 0.00993254 0.0132988 0.00920408 0.00905582 0.00888864 0.00859849 0.00859131 0.01228 0.00884308 0.00858301 0.00855445 0.00834679 0.00863728 0.00962277 0.00832471 0.00831891 0.00826262 0.00827492 0.00824047 0.00831877 0.00832314 0.00854689 
0.00916755 0.00874323 0.00840651 0.0091288 0.0101985 0.00979505 0.00879665 0.00850452 0.00856505 0.00952101 0.010993 0.00944092 0.00915287 0.008603 0.00961411 0.0113262 0.00942459 0.00880298 0.00843647 0.00899426 0.0139049 0.0114537 0.0104144 0.00845968 0.0113539 0.0127308 0.0109684 0.00903309 0.00685702 0.00667232 0.00729304 0.00967476 0.00469288 0.00482339 0.00369137 0.00430074 0.00523407 0.925838 0 0.00465134 0.00540326 0.0921389 0.0119558 0.0108953 0.00900122 0.00943534 0.0112354 0.012134 0.0114235 0.00898366 0.00919638 0.0105368 0.0135203 0.0099796 0.00953405 0.00867978 0.00858596 0.00919241 0.011118 0.010368 0.0116979 0.0104383 0.0162711 0.00935808 0.00930143 0.00921188 0.0100116 0.00866106 0.00826823 0.00830474 0.00837851 0.00849315 0.0091355 0.00878433 0.00828881 0.00812279 0.00865794 0.00819493 0.00904334 0.00846115 0.00830459 0.0081724 0.00820191 0.00809742 0.00838233 0.00812432 0.00813475 0.00965861 
0.0100725 0.00867009 0.00854061 0.00878438 0.009171 0.009482 0.00899319 0.00861856 0.00867884 0.00890513 0.0093029 0.0109489 0.0087469 0.00862234 0.00898262 0.00986832 0.0105662 0.00848646 0.00837151 0.0092456 0.00995629 0.0152044 0.00974994 0.00911506 0.0128241 0.0097103 0.0138882 0.0084279 0.00781391 0.00757226 0.0103159 0.00822675 0.00590487 0.00498891 0.00514501 0.0187761 0.784858 0.0040107 0.00465134 0 0.0955822 0.00396218 0.0143116 0.0106486 0.00883229 0.0106953 0.010854 0.0151655 0.00999847 0.0091389 0.00917082 0.0102302 0.010903 0.0100376 0.00926329 0.00879928 0.00865193 0.0089854 0.00977337 0.0106308 0.00943787 0.0181106 0.00989121 0.0106744 0.0086313 0.00903769 0.00939298 0.00996244 0.00840425 0.00829752 0.0083827 0.00832413 0.00849273 0.00899218 0.00821006 0.00831871 0.00817046 0.00840545 0.00832466 0.0086622 0.00825671 0.00806013 0.00808729 0.0080916 0.00805423 0.00807054 0.00819414 0.00838281 
0.00916166 0.00868303 0.0083008 0.00852077 0.00990819 0.00901078 0.00874599 0.00831659 0.00842665 0.00868198 0.00931495 0.0092999 0.00916517 0.00841786 0.0089982 0.0108673 0.00897334 0.00861411 0.00832906 0.00908078 0.0123508 0.0126627 0.0105407 0.00864992 0.0100777 0.0102647 0.0104926 0.0115247 0.00804049 0.00809993 0.00881307 0.00945113 0.00638651 0.0160492 0.0142936 0.0376127 0.00597086 0.00602929 0.00540326 0.0955822 0 0.0049593 0.0096969 0.017027 0.00830523 0.0076453 0.0100461 0.0107288 0.0109588 0.00883209 0.00896058 0.00969574 0.0133287 0.00929345 0.0110678 0.00858472 0.00841503 0.00930476 0.0113965 0.0103682 0.0240123 0.0109334 0.0194427 0.00998759 0.00908918 0.00897376 0.00934219 0.00870518 0.00840373 0.00825909 0.00830471 0.00830456 0.00851503 0.00892292 0.00840856 0.00820585 0.00811497 0.00827012 0.00844336 0.00831598 0.00825318 0.00800126 0.00804292 0.00802286 0.00801884 0.00805244 0.00817259 0.00873507 
0.0120628 0.0091171 0.00878612 0.00918809 0.00835888 0.0125627 0.00873953 0.00855865 0.00889203 0.00885917 0.0084779 0.011596 0.00954179 0.00862704 0.00918409 0.00850788 0.0113549 0.00853038 0.00818434 0.00866125 0.0112772 0.0169872 0.00988187 0.00913079 0.0101453 0.00796722 0.0156284 0.00905676 0.00775845 0.00809235 0.0094827 0.00925941 0.0187489 0.00728702 0.0187203 0.00563531 0.00622855 0.00562518 0.0921389 0.00396218 0.0049593 0 0.0113005 0.0121837 0.00625474 0.00706793 0.00609152 0.0120363 0.0101757 0.0084293 0.00893432 0.0101783 0.0110761 0.0136115 0.00905268 0.00882514 0.00844082 0.00883331 0.0098984 0.0217496 0.00920755 0.0233895 0.0122436 0.0119895 0.00923555 0.009064 0.00890948 0.0107554 0.0088821 0.00847093 0.00880013 0.00848146 0.00855387 0.0106036 0.00880692 0.00823084 0.0085211 0.00818397 0.00878189 0.00972922 0.00823569 0.00822672 0.00810652 0.00813483 0.00807566 0.00834368 0.00815463 0.00893483 
