1GXTA
NTSCGVQLRIRGKVQGVGFRPFVWQLAQQLNLHGDVCNDGDGVEVRLREDPETFLVQLYQHCPPLARIDSVEREPFIWSQLPTEFTIR
CCEEEEEEEEEEECCCCCHHHHHHHHHHHHCCCEEEEECCCCEEEEECCCCHHHHHHHHHCCCCCCEEEEEEEEEEEECCCCCCEEEC
0 0 0 0 0 0 0 0 0 0 0 0 0 0 0 0 0 0 0 0 0 0 0 0 0 0 0 0 0 0 0 0 0 0 0 0 0 0 0 0 0 0 0 0 0 0 0 0 0 0 0 0 0 0 0 0 0 0 0 0 0 0 0 0 0 0 0 0 0 0 0 0 0 0 0 0 0 0 0 0 0 0 0 0 0 0 0 0 
0 0 0 0 0 0 0 0 0 0 0 0 0 0 0 0 0 0 0 0 0 0 0 0 0 0 0 0 0 0 0 0 0 0 0 0 0 0 0 0 0 0 0 0 0 0 0 0 0 0 0 0 0 0 0 0 0 0 0 0 0 0 0 0 0 0 0 0 0 0 0 0 0 0 0 0 0 0 0 0 0 0 0 0 0 0 0 0 
0 0.00394175 0.00368152 0.00377068 0.00382594 0.0040002 0.00432253 0.00492491 0.00572269 0.00638217 0.0174714 0.0183313 0.00915792 0.00965498 0.0108796 0.0188757 0.0139143 0.00986099 0.0111808 0.0109329 0.020649 0.0120013 0.0105309 0.00862651 0.00901284 0.00998999 0.00894621 0.00889489 0.00829127 0.00864535 0.00931631 0.00908277 0.0266041 0.0114954 0.00915704 0.011798 
0.00394175 0 0.00359641 0.00364659 0.00364099 0.00364945 0.00393586 0.00425881 0.00446972 0.00529868 0.00636055 0.0149759 0.0202646 0.0104274 0.014998 0.0101145 0.010468 0.0143556 0.0118565 0.0154758 0.0106757 0.0112745 0.00977277 0.00882632 0.00932185 0.00885888 0.00954057 0.00844525 0.00839714 0.0177703 0.00907338 0.0287524 0.00931674 0.00909676 0.00934401 0.00920671 
0.00368152 0.00359641 0 0.00359153 0.00358716 0.00361986 0.00357362 0.00370438 0.00619222 0.0040356 0.00501861 0.0157748 0.0180516 0.0264296 0.0119611 0.0103809 0.0107055 0.017603 0.022421 0.0151841 0.0100994 0.00997347 0.0106112 0.0101935 0.0107148 0.0115386 0.00979981 0.0090919 0.0104076 0.00957138 0.043898 0.00905197 0.00916666 0.00940735 0.00867446 0.00917719 
0.00377068 0.00364659 0.00359153 0 0.00356224 0.00357933 0.00355766 0.00902903 0.00357085 0.00379219 0.009519 0.0260745 0.0207106 0.0309022 0.0161032 0.0111098 0.0129428 0.0164975 0.0654025 0.0110228 0.0242789 0.00946758 0.0151349 0.0111602 0.0128733 0.0141912 0.00948557 0.0115726 0.0107033 0.0249245 0.0131257 0.00958967 0.00941926 0.0104753 0.00869509 0.0118136 
0.00382594 0.00364099 0.00358716 0.00356224 0 0.00355608 0.00462826 0.00358846 0.00352987 0.00356507 0.003804 0.0166519 0.0516333 0.0260526 0.0347489 0.0113333 0.0111638 0.0605762 0.0168555 0.0879482 0.00955747 0.0134296 0.00970121 0.019215 0.0218747 0.00959629 0.0202954 0.0108003 0.0249829 0.0129144 0.012865 0.0136095 0.0092169 0.0088536 0.0102855 0.00949124 
0.0040002 0.00364945 0.00361986 0.00357933 0.00355608 0 0.00355413 0.00357097 0.00356606 0.00352128 0.00360254 0.0378615 0.0161157 0.0686588 0.0148242 0.0111865 0.0203974 0.0121632 0.258479 0.0106517 0.0207701 0.00906316 0.0272219 0.011447 0.0124389 0.0301449 0.00944956 0.0367501 0.0108645 0.0108669 0.022477 0.00956987 0.0105851 0.0128522 0.00884713 0.0158724 
0.00432253 0.00393586 0.00357362 0.00355766 0.00462826 0.00355413 0 0.00354561 0.00356422 0.00357472 0.00369664 0.0164119 0.109137 0.0196487 0.022989 0.0126193 0.0107515 0.0797914 0.0136411 0.0764915 0.0092566 0.0176335 0.00934571 0.0217268 0.0241939 0.0112383 0.0519055 0.00974214 0.0111542 0.0134105 0.0123678 0.0150071 0.00904716 0.00875311 0.0118138 0.00945689 
0.00492491 0.00425881 0.00370438 0.00902903 0.00358846 0.00357097 0.00354561 0 0.00355165 0.00357101 0.00355564 0.0334311 0.0171912 0.0414729 0.0219012 0.0101658 0.0178109 0.0102869 0.115013 0.0097904 0.0137147 0.00890136 0.0191549 0.0101357 0.0130311 0.0415766 0.00921833 0.0114396 0.00937539 0.00954939 0.0147066 0.00914274 0.00944608 0.0112596 0.00856915 0.0118406 
0.00572269 0.00446972 0.00619222 0.00357085 0.00352987 0.00356606 0.00356422 0.00355165 0 0.0036264 0.00359594 0.0127504 0.0230081 0.029405 0.0137691 0.00928855 0.0107605 0.0219579 0.0122603 0.0174345 0.00893286 0.0111796 0.00885955 0.0151411 0.0227068 0.00944888 0.0108901 0.00898739 0.00897167 0.00919206 0.00957163 0.00921084 0.0086655 0.00868005 0.00894936 0.00902717 
0.00638217 0.00529868 0.0040356 0.00379219 0.00356507 0.00352128 0.00357472 0.00357101 0.0036264 0 0.00361865 0.0164978 0.029949 0.0205395 0.0182051 0.0095097 0.0133744 0.0158055 0.0220914 0.0108843 0.0108877 0.00899914 0.0283877 0.0110313 0.00912484 0.0104285 0.00875058 0.00870764 0.0085438 0.00864652 0.00917559 0.00920721 0.00865561 0.0095587 0.00890662 0.00910192 
0.0174714 0.00636055 0.00501861 0.009519 0.003804 0.00360254 0.00369664 0.00355564 0.00359594 0.00361865 0 0.023597 0.0125848 0.0116894 0.0276472 0.0173874 0.0178826 0.0127708 0.00907757 0.0144267 0.0111578 0.057028 0.00902129 0.00866462 0.00883546 0.00856913 0.00977641 0.00832564 0.00849635 0.00840429 0.00849638 0.00886169 0.00852773 0.0114039 0.00989 0.00857558 
0.0183313 0.0149759 0.0157748 0.0260745 0.0166519 0.0378615 0.0164119 0.0334311 0.0127504 0.0164978 0.023597 0 0.00372261 0.00362333 0.00364085 0.00533716 0.00769905 0.00625106 0.0101829 0.0162716 0.969642 0.0162156 0.0139607 0.00910126 0.0093123 0.0112697 0.00879357 0.00930973 0.00873065 0.00884194 0.00957288 0.00937684 0.0210618 0.0163569 0.0088261 0.0290632 
0.00915792 0.0202646 0.0180516 0.0207106 0.0516333 0.0161157 0.109137 0.0171912 0.0230081 0.029949 0.0125848 0.00372261 0 0.0035841 0.00359136 0.00357345 0.00462523 0.0097044 0.00871311 0.975375 0.00824637 0.0148359 0.0117002 0.0109852 0.0127226 0.0105695 0.0117106 0.00888937 0.00932256 0.00980416 0.011005 0.0155957 0.00960645 0.00896047 0.0292043 0.0105413 
0.00965498 0.0104274 0.0264296 0.0309022 0.0260526 0.0686588 0.0196487 0.0414729 0.029405 0.0205395 0.0116894 0.00362333 0.0035841 0 0.00370658 0.00355727 0.0051734 0.0107703 0.980471 0.00915026 0.00702251 0.00957385 0.0132579 0.0135429 0.0108742 0.0142358 0.00968179 0.0106905 0.00958271 0.0099166 0.0151295 0.00954526 0.00931867 0.0121645 0.00891547 0.0288469 
0.0108796 0.014998 0.0119611 0.0161032 0.0347489 0.0148242 0.022989 0.0219012 0.0137691 0.0182051 0.0276472 0.00364085 0.00359136 0.00370658 0 0.00357396 0.0167652 0.99338 0.00889008 0.00867308 0.0071443 0.0132827 0.0118664 0.00963576 0.0111223 0.00900207 0.010061 0.00889758 0.00896071 0.00922984 0.00929901 0.0134962 0.00930637 0.0100219 0.0143962 0.0100889 
0.0188757 0.0101145 0.0103809 0.0111098 0.0113333 0.0111865 0.0126193 0.0101658 0.00928855 0.0095097 0.0173874 0.00533716 0.00357345 0.00355727 0.00357396 0 0.981297 0.00620278 0.00456561 0.00525429 0.00867273 0.0144284 0.0104189 0.00884436 0.00891055 0.0100014 0.00861989 0.00855374 0.0084944 0.00853218 0.00914183 0.00879473 0.0111739 0.0231964 0.0091223 0.0113186 
0.0139143 0.010468 0.0107055 0.0129428 0.0111638 0.0203974 0.0107515 0.0178109 0.0107605 0.0133744 0.0178826 0.00769905 0.00462523 0.0051734 0.0167652 0.981297 0 0.00366342 0.00360719 0.00369361 0.00494238 0.046092 0.0212381 0.00898757 0.00966967 0.0115067 0.00891811 0.0103822 0.00880121 0.00905374 0.00967991 0.0100844 0.0342752 0.0185221 0.0100689 0.0402663 
0.00986099 0.0143556 0.017603 0.0164975 0.0605762 0.0121632 0.0797914 0.0102869 0.0219579 0.0158055 0.0127708 0.00625106 0.0097044 0.0107703 0.99338 0.00620278 0.00366342 0 0.00355461 0.00360198 0.00359484 0.0806545 0.0135297 0.0205014 0.0178902 0.00863446 0.0182977 0.00889526 0.00927643 0.0115831 0.0097211 0.0259292 0.00996174 0.00931458 0.0339277 0.0102285 
0.0111808 0.0118565 0.022421 0.0654025 0.0168555 0.258479 0.0136411 0.115013 0.0122603 0.0220914 0.00907757 0.0101829 0.00871311 0.980471 0.00889008 0.00456561 0.00360719 0.00355461 0 0.00355341 0.00362025 0.014006 0.108405 0.0150869 0.0135662 0.0483545 0.00889592 0.0191854 0.00956568 0.00996318 0.0405516 0.00929451 0.01267 0.0175737 0.00910925 0.0419674 
0.0109329 0.0154758 0.0151841 0.0110228 0.0879482 0.0106517 0.0764915 0.0097904 0.0174345 0.0108843 0.0144267 0.0162716 0.975375 0.00915026 0.00867308 0.00525429 0.00369361 0.00360198 0.00355341 0 0.00357717 0.0646936 0.0100192 0.0223835 0.0317352 0.00875522 0.0236586 0.00890805 0.0110593 0.0186355 0.00919979 0.0411833 0.0100144 0.00970305 0.0379406 0.00971134 
0.020649 0.0106757 0.0100994 0.0242789 0.00955747 0.0207701 0.0092566 0.0137147 0.00893286 0.0108877 0.0111578 0.969642 0.00824637 0.00702251 0.0071443 0.00867273 0.00494238 0.00359484 0.00362025 0.00357717 0 0.0120345 0.0327485 0.00988676 0.00968006 0.0270539 0.00904787 0.010665 0.00919436 0.00853422 0.0121091 0.0091264 0.0298959 0.0474076 0.00904464 0.0296841 
0.0120013 0.0112745 0.00997347 0.00946758 0.0134296 0.00906316 0.0176335 0.00890136 0.0111796 0.00899914 0.057028 0.0162156 0.0148359 0.00957385 0.0132827 0.0144284 0.046092 0.0806545 0.014006 0.0646936 0.0120345 0 0.00362373 0.00373535 0.00373293 0.00359784 0.00487558 0.00377513 0.0042436 0.00568174 0.00464244 0.0144658 0.00845321 0.00984861 0.0242783 0.0180392 
0.0105309 0.00977277 0.0106112 0.0151349 0.00970121 0.0272219 0.00934571 0.0191549 0.00885955 0.0283877 0.00902129 0.0139607 0.0117002 0.0132579 0.0118664 0.0104189 0.0212381 0.0135297 0.108405 0.0100192 0.0327485 0.00362373 0 0.00360152 0.0035564 0.00424343 0.00357395 0.00396331 0.00392248 0.00372058 0.0103035 0.0058852 0.00902124 0.0150163 0.0100971 0.0222237 
0.00862651 0.00882632 0.0101935 0.0111602 0.019215 0.011447 0.0217268 0.0101357 0.0151411 0.0110313 0.00866462 0.00910126 0.0109852 0.0135429 0.00963576 0.00884436 0.00898757 0.0205014 0.0150869 0.0223835 0.00988676 0.00373535 0.00360152 0 0.00358474 0.00355134 0.00357264 0.00357581 0.00359641 0.00376255 0.00379139 0.00433167 0.00495321 0.00731199 0.00840548 0.00864641 
0.00901284 0.00932185 0.0107148 0.0128733 0.0218747 0.0124389 0.0241939 0.0130311 0.0227068 0.00912484 0.00883546 0.0093123 0.0127226 0.0108742 0.0111223 0.00891055 0.00966967 0.0178902 0.0135662 0.0317352 0.00968006 0.00373293 0.0035564 0.00358474 0 0.00349456 0.00356868 0.0035903 0.00359727 0.004665 0.00381211 0.00452721 0.0040307 0.00708903 0.0107559 0.00834178 
0.00998999 0.00885888 0.0115386 0.0141912 0.00959629 0.0301449 0.0112383 0.0415766 0.00944888 0.0104285 0.00856913 0.0112697 0.0105695 0.0142358 0.00900207 0.0100014 0.0115067 0.00863446 0.0483545 0.00875522 0.0270539 0.00359784 0.00424343 0.00355134 0.00349456 0 0.00357836 0.00359278 0.00363205 0.00357031 0.00407286 0.00362362 0.00445487 0.0107672 0.00714053 0.0126015 
0.00894621 0.00954057 0.00979981 0.00948557 0.0202954 0.00944956 0.0519055 0.00921833 0.0108901 0.00875058 0.00977641 0.00879357 0.0117106 0.00968179 0.010061 0.00861989 0.00891811 0.0182977 0.00889592 0.0236586 0.00904787 0.00487558 0.00357395 0.00357264 0.00356868 0.00357836 0 0.00391221 0.00363892 0.00364925 0.0035445 0.0036949 0.00373167 0.0063997 0.010637 0.00770531 
0.00889489 0.00844525 0.0090919 0.0115726 0.0108003 0.0367501 0.00974214 0.0114396 0.00898739 0.00870764 0.00832564 0.00930973 0.00888937 0.0106905 0.00889758 0.00855374 0.0103822 0.00889526 0.0191854 0.00890805 0.010665 0.00377513 0.00396331 0.00357581 0.0035903 0.00359278 0.00391221 0 0.0036123 0.00355839 0.00356077 0.00359165 0.00360129 0.0078134 0.00687274 0.00854206 
0.00829127 0.00839714 0.0104076 0.0107033 0.0249829 0.0108645 0.0111542 0.00937539 0.00897167 0.0085438 0.00849635 0.00873065 0.00932256 0.00958271 0.00896071 0.0084944 0.00880121 0.00927643 0.00956568 0.0110593 0.00919436 0.0042436 0.00392248 0.00359641 0.00359727 0.00363205 0.00363892 0.0036123 0 0.00360509 0.0035467 0.00357069 0.00356136 0.00625752 0.00634346 0.00734252 
0.00864535 0.0177703 0.00957138 0.0249245 0.0129144 0.0108669 0.0134105 0.00954939 0.00919206 0.00864652 0.00840429 0.00884194 0.00980416 0.0099166 0.00922984 0.00853218 0.00905374 0.0115831 0.00996318 0.0186355 0.00853422 0.00568174 0.00372058 0.00376255 0.004665 0.00357031 0.00364925 0.00355839 0.00360509 0 0.00354113 0.00359205 0.00354056 0.00550861 0.00690288 0.0117506 
0.00931631 0.00907338 0.043898 0.0131257 0.012865 0.022477 0.0123678 0.0147066 0.00957163 0.00917559 0.00849638 0.00957288 0.011005 0.0151295 0.00929901 0.00914183 0.00967991 0.0097211 0.0405516 0.00919979 0.0121091 0.00464244 0.0103035 0.00379139 0.00381211 0.00407286 0.0035445 0.00356077 0.0035467 0.00354113 0 0.00354469 0.00355773 0.0105379 0.00794875 0.0629104 
0.00908277 0.0287524 0.00905197 0.00958967 0.0136095 0.00956987 0.0150071 0.00914274 0.00921084 0.00920721 0.00886169 0.00937684 0.0155957 0.00954526 0.0134962 0.00879473 0.0100844 0.0259292 0.00929451 0.0411833 0.0091264 0.0144658 0.0058852 0.00433167 0.00452721 0.00362362 0.0036949 0.00359165 0.00357069 0.00359205 0.00354469 0 0.00354978 0.0076836 0.0792151 0.00810282 
0.0266041 0.00931674 0.00916666 0.00941926 0.0092169 0.0105851 0.00904716 0.00944608 0.0086655 0.00865561 0.00852773 0.0210618 0.00960645 0.00931867 0.00930637 0.0111739 0.0342752 0.00996174 0.01267 0.0100144 0.0298959 0.00845321 0.00902124 0.00495321 0.0040307 0.00445487 0.00373167 0.00360129 0.00356136 0.00354056 0.00355773 0.00354978 0 0.058488 0.00717993 0.0159254 
0.0114954 0.00909676 0.00940735 0.0104753 0.0088536 0.0128522 0.00875311 0.0112596 0.00868005 0.0095587 0.0114039 0.0163569 0.00896047 0.0121645 0.0100219 0.0231964 0.0185221 0.00931458 0.0175737 0.00970305 0.0474076 0.00984861 0.0150163 0.00731199 0.00708903 0.0107672 0.0063997 0.0078134 0.00625752 0.00550861 0.0105379 0.0076836 0.058488 0 0.00375401 0.00527677 
0.00915704 0.00934401 0.00867446 0.00869509 0.0102855 0.00884713 0.0118138 0.00856915 0.00894936 0.00890662 0.00989 0.0088261 0.0292043 0.00891547 0.0143962 0.0091223 0.0100689 0.0339277 0.00910925 0.0379406 0.00904464 0.0242783 0.0100971 0.00840548 0.0107559 0.00714053 0.010637 0.00687274 0.00634346 0.00690288 0.00794875 0.0792151 0.00717993 0.00375401 0 0.00367377 
0.011798 0.00920671 0.00917719 0.0118136 0.00949124 0.0158724 0.00945689 0.0118406 0.00902717 0.00910192 0.00857558 0.0290632 0.0105413 0.0288469 0.0100889 0.0113186 0.0402663 0.0102285 0.0419674 0.00971134 0.0296841 0.0180392 0.0222237 0.00864641 0.00834178 0.0126015 0.00770531 0.00854206 0.00734252 0.0117506 0.0629104 0.00810282 0.0159254 0.00527677 0.00367377 0 
