1GYGB
WDGKIDGTGTHAMIVTQGVSILENDLSKNEPESVRKNLEILKENMHELQLGSTYPDYDKNAYDLYQDHFWDPDTDNNFSKDNSWYLAYSIPDTGESQIRKFSALARYEWQRGNYKQATFYLGEAMHYFGDIDTPYHPANVTAVDSAGHVKFETFAEERKEQYKINTVGCKTNEDFYADILKNKDFNAWSKEYARGFAKTGKSIYYSHASMSHSWDDWDYAAKVTLANSQKGTAGYIYRFLHDVSEGNDPSVGKNVKELVAYISTSGEKDAGTDDYMYFGIKTKDGKTQEWEMDNPGNDFMTGSKDTYTFKLKDENLKIDDIQNMWIRKRKYTAFPDAYKPENIKVIANGKVVVDKDINEWISGNSTYNIK
CCCECCCECHHHHHHHHHHHHHHHHCCCCCCHHHHHHHHHHHHCHHHHHHHHHHHHCCCCCCCCCCCCCCCCCHHHHHHCCCCCCCCECECCCHHHHHHHHHHHHHHHHHCCCHHHHHHHHHHHHHHHHHHCCCCCCCCCCECCCCCCEHHHHHHHHCHHHHCCCCCCCCCCCHHHHHHHHCCCHHHHHHHHHHHHHHHHHHHHHHCCCCCCCHHHHHHHHHHHHHHHHHHHHHHHHHHHHHHHHCCCCCCCCCCCEEEEEEEECCCCCCCCCCEEEEEEEECCCCEEEEECCCCCCCCCCCCEEEEEEECCCCCCCHHHEEEEEEEEECCCCCCCCECEEEEEEEECCEEEEEEECCCCECCCCEEECC
0 0 0 0 0 0 0 0 0 0 0 0 0 0 0 0 0 0 0 0 0 0 0 0 0 0 0 0 0 0 0 0 0 0 0 0 0 0 0 0 0 0 0 0 0 0 0 0 0 0 0 0 0 0 0 0 0 0 0 0 0 0 0 0 0 0 0 0 0 0 0 0 0 0 0 0 0 0 0 0 0 0 0 0 0 0 0 0 0 0 0 0 0 0 0 0 0 0 0 0 0 0 0 0 0 0 0 0 0 0 0 0 0 0 0 0 0 0 0 0 0 0 0 0 0 0 0 0 0 0 0 0 0 0 0 0 0 0 0 0 0 0 0 0 0 0 0 0 0 0 0 0 0 0 0 0 0 0 0 0 0 0 0 0 0 0 0 0 0 0 0 0 0 0 0 0 0 0 0 0 0 0 0 0 0 0 0 0 0 0 0 0 0 0 0 0 0 0 0 0 0 0 0 0 0 0 0 0 0 0 0 0 0 0 0 0 0 0 0 0 0 0 0 0 0 0 0 0 0 0 0 0 0 0 0 0 0 0 0 0 0 0 0 0 0 0 0 0 0 0 0 0 0 0 0 0 0 0 0 0 0 0 0 0 0 0 0 0 0 0 0 0 0 0 0 0 0 0 0 0 0 0 0 0 0 0 0 0 0 0 0 0 0 0 0 0 0 0 0 0 0 0 0 0 0 0 0 0 0 0 0 0 0 0 0 0 0 0 0 0 0 0 0 0 0 0 0 0 0 0 0 0 0 0 0 0 0 0 0 0 0 0 0 0 0 0 0 0 0 0 0 0 0 0 0 0 0 0 0 0 0 0 0 0 0 0 0 0 0 0 
0 0 0 0 0 0 0 0 0 0 0 0 0 0 0 0 0 0 0 0 0 0 0 0 0 0 0 0 0 0 0 0 0 0 0 0 0 0 0 0 0 0 0 0 0 0 0 0 0 0 0 0 0 0 0 0 0 0 0 0 0 0 0 0 0 0 0 0 0 0 0 0 0 0 0 0 0 0 0 0 0 0 0 0 0 0 0 0 0 0 0 0 0 0 0 0 0 0 0 0 0 0 0 0 0 0 0 0 0 0 0 0 0 0 0 0 0 0 0 0 0 0 0 0 0 0 0 0 0 0 0 0 0 0 0 0 0 0 0 0 0 0 0 0 0 0 0 0 0 0 0 0 0 0 0 0 0 0 0 0 0 0 0 0 0 0 0 0 0 0 0 0 0 0 0 0 0 0 0 0 0 0 0 0 0 0 0 0 0 0 0 0 0 0 0 0 0 0 0 0 0 0 0 0 0 0 0 0 0 0 0 0 0 0 0 0 0 0 0 0 0 0 0 0 0 0 0 0 0 0 0 0 0 0 0 0 0 0 0 0 0 0 0 0 0 0 0 0 0 0 0 0 0 0 0 0 0 0 0 0 0 0 0 0 0 0 0 0 0 0 0 0 0 0 0 0 0 0 0 0 0 0 0 0 0 0 0 0 0 0 0 0 0 0 0 0 0 0 0 0 0 0 0 0 0 0 0 0 0 0 0 0 0 0 0 0 0 0 0 0 0 0 0 0 0 0 0 0 0 0 0 0 0 0 0 0 0 0 0 0 0 0 0 0 0 0 0 0 0 0 0 0 0 0 0 0 0 0 0 0 0 0 0 0 0 0 0 0 0 0 
0 0.907597 0.0139935 0.0125267 0.0124333 0.0101045 0.00907561 0.0084104 0.00825325 0.00833693 0.00834118 0.00830555 0.00832384 0.00913805 0.00909646 0.008389 0.00826112 0.00830194 0.0083374 0.00831445 0.00855752 0.00960687 0.00969662 0.00833048 0.00843267 0.00830184 0.00930323 0.00956028 0.00840846 0.00839855 0.00834221 0.0084122 0.00840332 0.00996386 0.0105051 0.00835061 0.00833349 0.00832469 0.0083711 0.00837096 0.00842289 0.00847322 0.0101735 0.0145596 0.00993287 0.00861757 0.00846287 0.00848451 0.00874797 0.00872807 0.00920767 0.0100484 0.0120438 0.00955846 0.00995356 0.00906576 0.00898208 0.00873514 0.0107498 0.0147456 0.013959 0.00984464 0.0131849 
0.907597 0 0.0314372 0.0234117 0.0146699 0.0120742 0.0090332 0.00826197 0.00842474 0.00846654 0.00852046 0.00844165 0.0084674 0.00984376 0.00923756 0.00834865 0.00836239 0.00847945 0.00838423 0.00835233 0.00882184 0.00923799 0.00974582 0.00824238 0.00854467 0.0082044 0.0100048 0.0100393 0.0083146 0.00845592 0.00838329 0.00851006 0.00841122 0.0108396 0.00925057 0.00846694 0.00834059 0.00828221 0.00839042 0.0083322 0.008399 0.00842437 0.0106984 0.0125735 0.00916691 0.00864435 0.00840052 0.0084294 0.00888137 0.00865498 0.00906164 0.0102473 0.0132447 0.00878067 0.00997727 0.00871725 0.00920138 0.0086724 0.0111911 0.013921 0.0136323 0.00918381 0.0142522 
0.0139935 0.0314372 0 0.0563727 0.0503132 0.0222321 0.00937416 0.00864377 0.00821734 0.00826589 0.00824124 0.00819515 0.00813823 0.0094547 0.00874873 0.00814482 0.00805097 0.00814287 0.00810485 0.00813079 0.00816567 0.00929895 0.00875309 0.00816845 0.00809528 0.00813957 0.00851901 0.00851875 0.00808773 0.00813654 0.0081701 0.00815421 0.0082234 0.00895715 0.00882341 0.00803769 0.00814513 0.00812296 0.00815912 0.00823699 0.00816858 0.0082467 0.00880821 0.00977309 0.00843487 0.00823862 0.00821814 0.00825297 0.00829286 0.00836158 0.00833854 0.00880356 0.0089759 0.00857241 0.00858611 0.00842832 0.00826151 0.00825602 0.00883441 0.0101036 0.00915289 0.00857205 0.00959428 
0.0125267 0.0234117 0.0563727 0 0.100469 0.0163253 0.00914282 0.00827831 0.00820901 0.00832706 0.00828604 0.0082404 0.00816877 0.00879933 0.00845093 0.00820944 0.00813117 0.00817354 0.00816704 0.00819362 0.00806257 0.00868051 0.00845964 0.00827617 0.00811309 0.00802846 0.00815467 0.00836416 0.00815996 0.00814574 0.00821593 0.00817887 0.00812284 0.00848526 0.0100402 0.0080935 0.00813577 0.00814953 0.0081958 0.00824029 0.00818573 0.00808375 0.00824811 0.00983965 0.00853484 0.0082224 0.00821725 0.00834646 0.00832551 0.00838369 0.00821395 0.00842895 0.00860182 0.00881102 0.00837724 0.00844371 0.00822173 0.00813584 0.0083023 0.0108713 0.00876307 0.00867956 0.00885457 
0.0124333 0.0146699 0.0503132 0.100469 0 0.70739 0.0139317 0.00937317 0.00863337 0.00914934 0.0087765 0.00869628 0.00882931 0.0112643 0.00957969 0.00863182 0.00826352 0.00852078 0.00831976 0.00925152 0.00825995 0.0126008 0.0103641 0.00948028 0.00809817 0.00853489 0.00884309 0.00944858 0.00842865 0.00830601 0.0088646 0.00836558 0.00898209 0.0097366 0.0184412 0.00825361 0.00815106 0.00850643 0.00821929 0.00834976 0.00820007 0.00838219 0.0090875 0.01514 0.0132593 0.00822579 0.00842763 0.00940555 0.00847332 0.00871494 0.00837375 0.00915282 0.00940106 0.010187 0.00864401 0.00962545 0.00828891 0.00830853 0.00872477 0.0131413 0.00987105 0.00963573 0.00994485 
0.0101045 0.0120742 0.0222321 0.0163253 0.70739 0 0.00989724 0.00892744 0.00852199 0.00961089 0.0088749 0.00898219 0.00875133 0.0112173 0.00881549 0.0083487 0.00814361 0.00839087 0.00820397 0.00844227 0.00821239 0.0090619 0.00881679 0.00813982 0.0080461 0.00815495 0.0081902 0.00842469 0.0080961 0.00808874 0.0082057 0.00818503 0.00827865 0.00859667 0.00973209 0.00805869 0.00804359 0.00809439 0.00813957 0.00820508 0.00813952 0.00826794 0.00832974 0.0103 0.00837082 0.00810996 0.00808607 0.00819369 0.00817807 0.00819971 0.00816668 0.00841356 0.00851723 0.00833638 0.00815674 0.00824166 0.00812019 0.00810651 0.00820919 0.00966385 0.0084967 0.00828818 0.00834994 
0.00907561 0.0090332 0.00937416 0.00914282 0.0139317 0.00989724 0 0.00508783 0.0036734 0.00372645 0.00379015 0.00378048 0.0063574 0.010721 0.0520299 0.0133052 0.0121578 0.0155768 0.0142979 0.0153949 0.0275984 0.0638173 0.0210683 0.011943 0.0106804 0.0109728 0.0250253 0.0176846 0.0115156 0.0122364 0.0119675 0.0133093 0.0160343 0.0724272 0.0147463 0.00918989 0.00914103 0.0112065 0.0111552 0.0112993 0.0106351 0.0109202 0.0214027 0.0158912 0.0103935 0.00930661 0.00929136 0.00985662 0.0103643 0.0111155 0.011319 0.0160674 0.0103246 0.00999178 0.00991991 0.00930837 0.00868474 0.0087313 0.0108613 0.0111359 0.00955748 0.00903235 0.0114499 
0.0084104 0.00826197 0.00864377 0.00827831 0.00937317 0.00892744 0.00508783 0 0.00362414 0.00361462 0.00366792 0.00431056 0.00442041 0.00606798 0.0150044 0.0636121 0.0140463 0.025206 0.0193283 0.0339794 0.0547899 0.0188982 0.0101503 0.0227029 0.00957661 0.0226476 0.0109577 0.0107125 0.0230292 0.0134345 0.031502 0.0174757 0.0440273 0.0142924 0.0115902 0.00972291 0.0109072 0.0145217 0.0172076 0.0250558 0.0151459 0.021946 0.0111458 0.00996997 0.00913714 0.0119061 0.0122103 0.0151415 0.0176019 0.0246761 0.0163875 0.0121318 0.00882824 0.010993 0.0102638 0.0102468 0.00885734 0.00965116 0.00901935 0.00888406 0.00852198 0.00979955 0.00928793 
0.00825325 0.00842474 0.00821734 0.00820901 0.00863337 0.00852199 0.0036734 0.00362414 0 0.0035846 0.00364487 0.00353627 0.0036264 0.00376873 0.0141052 0.0120515 0.0510349 0.0289087 0.0511621 0.0596086 0.0243414 0.0115567 0.0106149 0.0101914 0.0374993 0.00991523 0.0108489 0.0109251 0.0127374 0.0447848 0.0324252 0.114955 0.0186823 0.014571 0.0101801 0.0111398 0.0217859 0.0203027 0.0494295 0.038352 0.0647389 0.01153 0.0105917 0.00913987 0.0107973 0.0133355 0.0208162 0.0250331 0.0470571 0.0469744 0.0237754 0.0112182 0.00943016 0.00988583 0.0193502 0.0122399 0.0132326 0.00900838 0.00883418 0.00836765 0.00899508 0.00858213 0.00913488 
0.00833693 0.00846654 0.00826589 0.00832706 0.00914934 0.00961089 0.00372645 0.00361462 0.0035846 0 0.00362069 0.00361115 0.00363017 0.00366455 0.0100929 0.0237428 0.018052 0.0943305 0.0619956 0.0477867 0.0139388 0.0138483 0.00950494 0.0233052 0.0106313 0.0205673 0.00979421 0.010755 0.0234332 0.0238964 0.175622 0.0381208 0.0402821 0.0123769 0.0121457 0.0110172 0.0188787 0.0421468 0.0392387 0.133959 0.0234829 0.0185798 0.0100052 0.00954255 0.0117028 0.0136506 0.0253445 0.0457323 0.0498319 0.073981 0.0236797 0.0137449 0.00915678 0.01613 0.0142188 0.0237697 0.0106471 0.0103446 0.00867445 0.00862721 0.00864071 0.00919927 0.00886454 
0.00834118 0.00852046 0.00824124 0.00828604 0.0087765 0.0088749 0.00379015 0.00366792 0.00364487 0.00362069 0 0.00358235 0.00360583 0.00360312 0.0172902 0.0127089 0.0778994 0.0511952 0.0890633 0.0143576 0.0396808 0.0109178 0.0121407 0.00999008 0.0295438 0.0118803 0.0130394 0.0116241 0.0133208 0.146744 0.0385411 0.0978894 0.0216406 0.0195755 0.0107598 0.012275 0.032266 0.024313 0.141072 0.0366313 0.0500174 0.0125631 0.011833 0.00955017 0.0106602 0.0169949 0.0314234 0.0323532 0.0825859 0.0468064 0.0333966 0.0134728 0.0100984 0.0103243 0.0421157 0.01263 0.0152054 0.00948328 0.00920431 0.00840066 0.00934445 0.00891308 0.00941804 
0.00830555 0.00844165 0.00819515 0.0082404 0.00869628 0.00898219 0.00378048 0.00431056 0.00353627 0.00361115 0.00358235 0 0.00357557 0.00357095 0.00927733 0.0485294 0.0419141 0.0800734 0.0145716 0.0344838 0.00951415 0.0134439 0.00900458 0.0153432 0.011678 0.0207074 0.00939513 0.00989523 0.0557861 0.0215238 0.0719392 0.0296416 0.0389119 0.011643 0.0117525 0.0104357 0.0184488 0.0600337 0.0230645 0.0706149 0.0189766 0.0167439 0.00966537 0.00924861 0.0113711 0.0122797 0.02431 0.0355642 0.0271625 0.0614662 0.0185453 0.0126111 0.0090064 0.0168406 0.012341 0.0195304 0.0102121 0.010573 0.00857356 0.00849139 0.00853866 0.00926361 0.00872556 
0.00832384 0.0084674 0.00813823 0.00816877 0.00882931 0.00875133 0.0063574 0.00442041 0.0036264 0.00363017 0.00360583 0.00357557 0 0.00359447 0.04033 0.0504924 0.0739819 0.0128864 0.0244303 0.0112525 0.0272851 0.0101705 0.0129611 0.0102482 0.0146078 0.013591 0.0112555 0.0377434 0.0143946 0.0193755 0.0175522 0.0293303 0.0304087 0.0173991 0.0107564 0.0119044 0.0302364 0.0113681 0.0243657 0.015668 0.0178267 0.0132978 0.00996694 0.00994811 0.0101575 0.0143138 0.0139275 0.0117227 0.0220672 0.0183379 0.0331296 0.0117809 0.0106187 0.00986798 0.0111515 0.00948353 0.00939061 0.00901078 0.00861576 0.00850586 0.00927131 0.00939627 0.00894834 
0.00913805 0.00984376 0.0094547 0.00879933 0.0112643 0.0112173 0.010721 0.00606798 0.00376873 0.00366455 0.00360312 0.00357095 0.00359447 0 0.0500388 0.0511597 0.0129729 0.0149114 0.0101366 0.0132386 0.0120886 0.0241163 0.0163044 0.0123552 0.00903326 0.0107125 0.0240551 0.0246529 0.0124268 0.0110819 0.0147473 0.0109434 0.0146304 0.0184554 0.0225521 0.0105391 0.00918807 0.0100262 0.0104465 0.0109633 0.00995276 0.0101526 0.0112558 0.0186394 0.0134323 0.00968708 0.00961601 0.0110516 0.01186 0.0121779 0.0106778 0.0185006 0.0135911 0.0104905 0.00952951 0.00920505 0.00871664 0.00862168 0.0089169 0.0121401 0.0118371 0.00906301 0.00952024 
0.00909646 0.00923756 0.00874873 0.00845093 0.00957969 0.00881549 0.0520299 0.0150044 0.0141052 0.0100929 0.0172902 0.00927733 0.04033 0.0500388 0 0.00361146 0.00360301 0.00362088 0.00369527 0.0037576 0.00555194 0.00657992 0.0111989 0.00644877 0.00892262 0.00750419 0.0351438 0.0293647 0.011983 0.0122973 0.00988013 0.0127743 0.011798 0.0456076 0.00926444 0.00919316 0.00957175 0.00932358 0.0108631 0.00996392 0.011445 0.0112327 0.104111 0.0127012 0.00920038 0.0101576 0.00926912 0.00966024 0.0113907 0.0102724 0.0120004 0.0166475 0.0123556 0.00881198 0.0114571 0.00893665 0.00911602 0.00885127 0.0163137 0.0099975 0.0104313 0.00848598 0.0180321 
0.008389 0.00834865 0.00814482 0.00820944 0.00863182 0.0083487 0.0133052 0.0636121 0.0120515 0.0237428 0.0127089 0.0485294 0.0504924 0.0511597 0.00361146 0 0.00360462 0.00360205 0.00362176 0.00363714 0.00417794 0.00438738 0.0062415 0.00934957 0.0066869 0.0260041 0.00915951 0.0255609 0.0303041 0.00981167 0.0223408 0.0118194 0.0456595 0.011106 0.0148711 0.00985421 0.0100721 0.0170834 0.0116766 0.0246629 0.0118112 0.10257 0.00993241 0.0111755 0.00975152 0.010436 0.0125013 0.0153805 0.0140389 0.0277256 0.0171631 0.0115395 0.0085928 0.0193538 0.00907227 0.0149567 0.008674 0.01227 0.00853466 0.00901663 0.008213 0.0119725 0.00885535 
0.00826112 0.00836239 0.00805097 0.00813117 0.00826352 0.00814361 0.0121578 0.0140463 0.0510349 0.018052 0.0778994 0.0419141 0.0739819 0.0129729 0.00360301 0.00360462 0 0.00355114 0.00357532 0.00356954 0.00366951 0.00379073 0.00867019 0.0063642 0.0194595 0.00787078 0.84744 0.0117706 0.0100248 0.0286707 0.0161807 0.0543658 0.0131315 0.018229 0.00930048 0.0110081 0.0211725 0.0143892 0.0469465 0.0233282 0.127283 0.0100268 0.0136731 0.00903675 0.00947617 0.0148662 0.0194649 0.0207387 0.0495583 0.0387652 0.0253455 0.0107646 0.0096599 0.00949361 0.0285967 0.00990789 0.0188614 0.00883373 0.00925947 0.00826715 0.00907017 0.00844784 0.00976357 
0.00830194 0.00847945 0.00814287 0.00817354 0.00852078 0.00839087 0.0155768 0.025206 0.0289087 0.0943305 0.0511952 0.0800734 0.0128864 0.0149114 0.00362088 0.00360205 0.00355114 0 0.0035612 0.00358834 0.00362805 0.00366137 0.00579616 0.0182432 0.00717173 0.891142 0.0284134 0.00967243 0.0179456 0.0141777 0.0594812 0.0175033 0.0386795 0.0102781 0.0118528 0.0105763 0.0157789 0.0338428 0.0221544 0.195098 0.0146483 0.0250024 0.00949324 0.00964035 0.0113458 0.0127467 0.0227587 0.0370119 0.0344316 0.077448 0.0195174 0.0145345 0.00905908 0.0198342 0.0110177 0.0372148 0.00977382 0.0127024 0.00855441 0.00861813 0.00845327 0.00948916 0.00874636 
0.0083374 0.00838423 0.00810485 0.00816704 0.00831976 0.00820397 0.0142979 0.0193283 0.0511621 0.0619956 0.0890633 0.0145716 0.0244303 0.0101366 0.00369527 0.00362176 0.00357532 0.0035612 0 0.00356172 0.00370943 0.00363364 0.0103436 0.0064379 0.937787 0.0149813 0.0165176 0.0108211 0.00992835 0.041542 0.0145802 0.0562657 0.0129382 0.0164839 0.00943855 0.0116104 0.0189127 0.0151108 0.176886 0.0169854 0.0480337 0.00996662 0.0110262 0.0093228 0.0100875 0.0159915 0.0203871 0.0229555 0.0621376 0.0257805 0.0260736 0.0107772 0.0102641 0.00929216 0.0371384 0.00999326 0.0174941 0.00886628 0.00917647 0.00840449 0.00919477 0.00854549 0.00974326 
0.00831445 0.00835233 0.00813079 0.00819362 0.00925152 0.00844227 0.0153949 0.0339794 0.0596086 0.0477867 0.0143576 0.0344838 0.0112525 0.0132386 0.0037576 0.00363714 0.00356954 0.00358834 0.00356172 0 0.00355887 0.00358506 0.00528585 0.878148 0.0172393 0.0231814 0.00682475 0.008627 0.0276877 0.0103014 0.0395037 0.0118435 0.025754 0.0101962 0.0153751 0.00911234 0.0121123 0.142295 0.0123456 0.0522808 0.0115832 0.0169085 0.00946417 0.010221 0.0108073 0.00968363 0.0225106 0.029985 0.0153055 0.0456036 0.0119917 0.0125192 0.0087907 0.0260628 0.009427 0.0260139 0.00898067 0.010128 0.00856431 0.00903828 0.00843594 0.00982715 0.00874968 
0.00855752 0.00882184 0.00816567 0.00806257 0.00825995 0.00821239 0.0275984 0.0547899 0.0243414 0.0139388 0.0396808 0.00951415 0.0272851 0.0120886 0.00555194 0.00417794 0.00366951 0.00362805 0.00370943 0.00355887 0 0.0037578 0.876596 0.0140288 0.0319979 0.00685607 0.00960941 0.0219734 0.0102132 0.0162466 0.00930155 0.0195182 0.0105649 0.0154329 0.00948723 0.0112987 0.0471874 0.00927103 0.0202315 0.00980235 0.0146641 0.00913626 0.0104313 0.009847 0.00885282 0.0160461 0.0104663 0.00978383 0.0175522 0.0115835 0.0193675 0.00963168 0.0160222 0.00936378 0.0171191 0.00875685 0.00953921 0.00857425 0.00951562 0.00859175 0.0111045 0.00858963 0.00977008 
0.00960687 0.00923799 0.00929895 0.00868051 0.0126008 0.0090619 0.0638173 0.0188982 0.0115567 0.0138483 0.0109178 0.0134439 0.0101705 0.0241163 0.00657992 0.00438738 0.00379073 0.00366137 0.00363364 0.00358506 0.0037578 0 0.0574571 0.0171427 0.00465074 0.00605396 0.00636777 0.0151594 0.0147508 0.00913867 0.013271 0.00935672 0.0168086 0.0129734 0.0974726 0.0143986 0.00885053 0.010929 0.00957561 0.0111505 0.00915184 0.0116137 0.00944145 0.0236342 0.0199338 0.00940684 0.00939543 0.0112905 0.0095996 0.0115165 0.0101033 0.0158178 0.0134577 0.0154977 0.00889279 0.0117419 0.00873167 0.00908887 0.00868645 0.0181104 0.0122745 0.0115698 0.00891965 
0.00969662 0.00974582 0.00875309 0.00845964 0.0103641 0.00881679 0.0210683 0.0101503 0.0106149 0.00950494 0.0121407 0.00900458 0.0129611 0.0163044 0.0111989 0.0062415 0.00867019 0.00579616 0.0103436 0.00528585 0.876596 0.0574571 0 0.00366057 0.00413644 0.00361926 0.00670279 0.0205915 0.00792474 0.0103632 0.0133167 0.0490206 0.0171268 0.0562795 0.00966434 0.00939796 0.00892138 0.00881481 0.0099092 0.00887696 0.0113639 0.00964402 0.0278487 0.0137973 0.00940545 0.00983875 0.00906611 0.0091752 0.0103248 0.00940916 0.0151585 0.0142942 0.0145288 0.00898919 0.0119039 0.00897228 0.0102153 0.00886448 0.015313 0.0105468 0.0119508 0.00856801 0.0171677 
0.00833048 0.00824238 0.00816845 0.00827617 0.00948028 0.00813982 0.011943 0.0227029 0.0101914 0.0233052 0.00999008 0.0153432 0.0102482 0.0123552 0.00644877 0.00934957 0.0063642 0.0182432 0.0064379 0.878148 0.0140288 0.0171427 0.00366057 0 0.00354868 0.00366208 0.00356961 0.00734448 0.0235779 0.00880298 0.0637129 0.010078 0.049012 0.0101643 0.0140085 0.00878071 0.00892317 0.0125888 0.00901974 0.0153624 0.00907046 0.0198278 0.00954023 0.0110958 0.0095953 0.00886772 0.0106042 0.011131 0.00973751 0.0174237 0.010594 0.0100762 0.0084723 0.0173054 0.00850433 0.0170916 0.00851922 0.0104586 0.00853169 0.00967176 0.00817729 0.0116022 0.00851074 
0.00843267 0.00854467 0.00809528 0.00811309 0.00809817 0.0080461 0.0106804 0.00957661 0.0374993 0.0106313 0.0295438 0.011678 0.0146078 0.00903326 0.00892262 0.0066869 0.0194595 0.00717173 0.937787 0.0172393 0.0319979 0.00465074 0.00413644 0.00354868 0 0.00355051 0.00368484 0.0188831 0.00793568 0.0930997 0.00919334 0.0461975 0.00893195 0.0110095 0.00840425 0.00930965 0.0128862 0.00957681 0.0286574 0.00973016 0.0260315 0.00870538 0.0099196 0.00874937 0.0085732 0.0120865 0.0107515 0.0104472 0.0288482 0.0131188 0.0119683 0.00889011 0.0109723 0.00853889 0.0443387 0.008735 0.0147112 0.0085094 0.00940173 0.00826694 0.0104265 0.00838483 0.0107407 
0.00830184 0.0082044 0.00813957 0.00802846 0.00853489 0.00815495 0.0109728 0.0226476 0.00991523 0.0205673 0.0118803 0.0207074 0.013591 0.0107125 0.00750419 0.0260041 0.00787078 0.891142 0.0149813 0.0231814 0.00685607 0.00605396 0.00361926 0.00366208 0.00355051 0 0.00354056 0.00784801 0.0780991 0.0102971 0.0497351 0.00965007 0.02222 0.00864924 0.014439 0.00892534 0.00925827 0.0132041 0.00963745 0.0294932 0.0090726 0.0173623 0.00856855 0.00953739 0.00982619 0.00944728 0.0107464 0.0135456 0.0101239 0.0167885 0.0122203 0.0106086 0.00878734 0.0265623 0.00870137 0.0152033 0.00861764 0.00999116 0.0083395 0.00905714 0.00844587 0.0126777 0.00835115 
0.00930323 0.0100048 0.00851901 0.00815467 0.00884309 0.0081902 0.0250253 0.0109577 0.0108489 0.00979421 0.0130394 0.00939513 0.0112555 0.0240551 0.0351438 0.00915951 0.84744 0.0284134 0.0165176 0.00682475 0.00960941 0.00636777 0.00670279 0.00356961 0.00368484 0.00354056 0 0.100766 0.00873146 0.0171237 0.00925686 0.0108264 0.00913745 0.0383415 0.011808 0.00940964 0.00972096 0.00892885 0.0120752 0.0092369 0.0102068 0.00894547 0.0128781 0.0156725 0.0109059 0.00977639 0.00949996 0.00938876 0.0106809 0.00967849 0.0106689 0.012219 0.0248211 0.00946418 0.0107244 0.00870166 0.00902805 0.00844048 0.010639 0.0105078 0.0179157 0.00853386 0.0122349 
0.00956028 0.0100393 0.00851875 0.00836416 0.00944858 0.00842469 0.0176846 0.0107125 0.0109251 0.010755 0.0116241 0.00989523 0.0377434 0.0246529 0.0293647 0.0255609 0.0117706 0.00967243 0.0108211 0.008627 0.0219734 0.0151594 0.0205915 0.00734448 0.0188831 0.00784801 0.100766 0 0.00383868 0.0035722 0.00359905 0.00369209 0.00394304 0.00899075 0.006985 0.0079668 0.00806105 0.00835475 0.00928802 0.00965574 0.0217878 0.012657 0.0447691 0.0155634 0.0102263 0.0115377 0.00939489 0.0097655 0.0119525 0.0103981 0.0129652 0.0187167 0.0171239 0.00949755 0.0128523 0.00937616 0.00954044 0.00922191 0.0319797 0.0114064 0.012502 0.00894909 0.0213383 
0.00840846 0.0083146 0.00808773 0.00815996 0.00842865 0.0080961 0.0115156 0.0230292 0.0127374 0.0234332 0.0133208 0.0557861 0.0143946 0.0124268 0.011983 0.0303041 0.0100248 0.0179456 0.00992835 0.0276877 0.0102132 0.0147508 0.00792474 0.0235779 0.00793568 0.0780991 0.00873146 0.00383868 0 0.00357469 0.00359517 0.00361513 0.00369446 0.00385406 0.00846231 0.00743566 0.0083041 0.0102649 0.00986732 0.0216244 0.0130607 0.0332085 0.00946919 0.0108751 0.00963028 0.0106072 0.0128064 0.013134 0.0121147 0.0238376 0.0159301 0.0124319 0.00906223 0.0225719 0.00918536 0.0141387 0.00901846 0.0196096 0.00892591 0.0100518 0.00860804 0.0136721 0.00913976 
0.00839855 0.00845592 0.00813654 0.00814574 0.00830601 0.00808874 0.0122364 0.0134345 0.0447848 0.0238964 0.146744 0.0215238 0.0193755 0.0110819 0.0122973 0.00981167 0.0286707 0.0141777 0.041542 0.0103014 0.0162466 0.00913867 0.0103632 0.00880298 0.0930997 0.0102971 0.0171237 0.0035722 0.00357469 0 0.00356077 0.00355831 0.00358458 0.00366255 0.00639621 0.00785677 0.0121631 0.0108206 0.0326435 0.0141411 0.0354673 0.00935613 0.0117764 0.00935165 0.00911115 0.0133798 0.0143951 0.0152559 0.0478251 0.0269691 0.0220994 0.0111263 0.0114543 0.00960404 0.0369771 0.00996231 0.0282831 0.00911181 0.0101977 0.00854046 0.0103327 0.00871196 0.0110102 
0.00834221 0.00838329 0.0081701 0.00821593 0.0088646 0.0082057 0.0119675 0.031502 0.0324252 0.175622 0.0385411 0.0719392 0.0175522 0.0147473 0.00988013 0.0223408 0.0161807 0.0594812 0.0145802 0.0395037 0.00930155 0.013271 0.0133167 0.0637129 0.00919334 0.0497351 0.00925686 0.00359905 0.00359517 0.00356077 0 0.00357573 0.00359329 0.00362513 0.00827108 0.00757028 0.012574 0.0320856 0.0147858 0.0469143 0.0116498 0.0182539 0.00952737 0.0106892 0.0109611 0.0118839 0.0200306 0.0394811 0.0301997 0.0757372 0.0205241 0.0179811 0.00958127 0.0258764 0.0116444 0.0682814 0.0103497 0.0129318 0.00922571 0.00988626 0.00900274 0.0106332 0.00959768 
0.0084122 0.00851006 0.00815421 0.00817887 0.00836558 0.00818503 0.0133093 0.0174757 0.114955 0.0381208 0.0978894 0.0296416 0.0293303 0.0109434 0.0127743 0.0118194 0.0543658 0.0175033 0.0562657 0.0118435 0.0195182 0.00935672 0.0490206 0.010078 0.0461975 0.00965007 0.0108264 0.00369209 0.00361513 0.00355831 0.00357573 0 0.00355819 0.00359251 0.00671277 0.00983742 0.019743 0.0149972 0.0558979 0.0127822 0.0237179 0.0103269 0.0120511 0.00965551 0.00953741 0.0174325 0.0282719 0.021419 0.0560836 0.034964 0.031386 0.012259 0.0125763 0.0106983 0.0622642 0.0114488 0.0211387 0.00963604 0.0100876 0.00869561 0.0103328 0.0090782 0.0111972 
0.00840332 0.00841122 0.0082234 0.00812284 0.00898209 0.00827865 0.0160343 0.0440273 0.0186823 0.0402821 0.0216406 0.0389119 0.0304087 0.0146304 0.011798 0.0456595 0.0131315 0.0386795 0.0129382 0.025754 0.0105649 0.0168086 0.0171268 0.049012 0.00893195 0.02222 0.00913745 0.00394304 0.00369446 0.00358458 0.00359329 0.00355819 0 0.00358801 0.0139216 0.0128666 0.0133488 0.0319853 0.0115521 0.0190664 0.01088 0.0273597 0.00934969 0.0128811 0.0111539 0.0148945 0.0170235 0.0225302 0.0166692 0.0341031 0.0353375 0.0241182 0.0106018 0.052603 0.00980471 0.0182627 0.00940668 0.01617 0.00936212 0.0115332 0.0100981 0.0237217 0.00906706 
0.00996386 0.0108396 0.00895715 0.00848526 0.0097366 0.00859667 0.0724272 0.0142924 0.014571 0.0123769 0.0195755 0.011643 0.0173991 0.0184554 0.0456076 0.011106 0.018229 0.0102781 0.0164839 0.0101962 0.0154329 0.0129734 0.0562795 0.0101643 0.0110095 0.00864924 0.0383415 0.00899075 0.00385406 0.00366255 0.00362513 0.00359251 0.00358801 0 0.0181194 0.00976255 0.0126376 0.00807435 0.0144625 0.00943936 0.0117705 0.0102193 0.0249066 0.0215974 0.0148651 0.0138717 0.0116589 0.0109988 0.0165123 0.0117946 0.0188537 0.024014 0.0543517 0.0115331 0.0152443 0.00993426 0.0109487 0.00903531 0.0155202 0.0154147 0.0253814 0.00979596 0.0167699 
0.0105051 0.00925057 0.00882341 0.0100402 0.0184412 0.00973209 0.0147463 0.0115902 0.0101801 0.0121457 0.0107598 0.0117525 0.0107564 0.0225521 0.00926444 0.0148711 0.00930048 0.0118528 0.00943855 0.0153751 0.00948723 0.0974726 0.00966434 0.0140085 0.00840425 0.014439 0.011808 0.006985 0.00846231 0.00639621 0.00827108 0.00671277 0.0139216 0.0181194 0 0.00358505 0.00357233 0.00360818 0.00364026 0.00370175 0.00367127 0.00473068 0.00521883 0.0130352 0.0113304 0.00772249 0.00917261 0.01064 0.00902799 0.0128901 0.0128388 0.0541775 0.00955301 0.0204475 0.00892852 0.0172312 0.00893515 0.013567 0.0162627 0.0245723 0.00961776 0.0164758 0.0141057 
0.00835061 0.00846694 0.00803769 0.0080935 0.00825361 0.00805869 0.00918989 0.00972291 0.0111398 0.0110172 0.012275 0.0104357 0.0119044 0.0105391 0.00919316 0.00985421 0.0110081 0.0105763 0.0116104 0.00911234 0.0112987 0.0143986 0.00939796 0.00878071 0.00930965 0.00892534 0.00940964 0.0079668 0.00743566 0.00785677 0.00757028 0.00983742 0.0128666 0.00976255 0.00358505 0 0.00356674 0.00356776 0.00356079 0.00361229 0.00358214 0.00367932 0.00449912 0.00709623 0.00752415 0.00908864 0.00870833 0.00877211 0.0113175 0.0109852 0.0306721 0.0163786 0.0100721 0.00943236 0.0104938 0.00881818 0.00915736 0.00896365 0.00918271 0.00894304 0.00919957 0.00932433 0.0093226 
0.00833349 0.00834059 0.00814513 0.00813577 0.00815106 0.00804359 0.00914103 0.0109072 0.0217859 0.0188787 0.032266 0.0184488 0.0302364 0.00918807 0.00957175 0.0100721 0.0211725 0.0157789 0.0189127 0.0121123 0.0471874 0.00885053 0.00892138 0.00892317 0.0128862 0.00925827 0.00972096 0.00806105 0.0083041 0.0121631 0.012574 0.019743 0.0133488 0.0126376 0.00357233 0.00356674 0 0.00354178 0.00357784 0.00358377 0.00349378 0.00357281 0.00400097 0.00697853 0.00751107 0.00908579 0.00959558 0.0116882 0.0244864 0.026527 0.0254961 0.00964509 0.00896054 0.00927019 0.0146781 0.00984059 0.0113373 0.0091273 0.0105449 0.00838437 0.00908005 0.00883215 0.0093438 
0.00832469 0.00828221 0.00812296 0.00814953 0.00850643 0.00809439 0.0112065 0.0145217 0.0203027 0.0421468 0.024313 0.0600337 0.0113681 0.0100262 0.00932358 0.0170834 0.0143892 0.0338428 0.0151108 0.142295 0.00927103 0.010929 0.00881481 0.0125888 0.00957681 0.0132041 0.00892885 0.00835475 0.0102649 0.0108206 0.0320856 0.0149972 0.0319853 0.00807435 0.00360818 0.00356776 0.00354178 0 0.00354981 0.00354776 0.00357958 0.00352239 0.00362267 0.00746436 0.00829819 0.00801898 0.0111828 0.0152104 0.0190812 0.068183 0.0126232 0.0111856 0.00861585 0.0173168 0.00983171 0.026128 0.00925055 0.0128886 0.00861163 0.0094225 0.00899893 0.0108457 0.00908749 
0.0083711 0.00839042 0.00815912 0.0081958 0.00821929 0.00813957 0.0111552 0.0172076 0.0494295 0.0392387 0.141072 0.0230645 0.0243657 0.0104465 0.0108631 0.0116766 0.0469465 0.0221544 0.176886 0.0123456 0.0202315 0.00957561 0.0099092 0.00901974 0.0286574 0.00963745 0.0120752 0.00928802 0.00986732 0.0326435 0.0147858 0.0558979 0.0115521 0.0144625 0.00364026 0.00356079 0.00357784 0.00354981 0 0.00355152 0.00355675 0.00356316 0.00363431 0.00779795 0.00756269 0.0122047 0.023162 0.0224678 0.0568134 0.0190547 0.0215826 0.0117854 0.0113026 0.00929535 0.0320366 0.00922455 0.0236248 0.00903951 0.0101955 0.00866786 0.0106251 0.00958161 0.0122111 
0.00837096 0.0083322 0.00823699 0.00824029 0.00834976 0.00820508 0.0112993 0.0250558 0.038352 0.133959 0.0366313 0.0706149 0.015668 0.0109633 0.00996392 0.0246629 0.0233282 0.195098 0.0169854 0.0522808 0.00980235 0.0111505 0.00887696 0.0153624 0.00973016 0.0294932 0.0092369 0.00965574 0.0216244 0.0141411 0.0469143 0.0127822 0.0190664 0.00943936 0.00370175 0.00361229 0.00358377 0.00354776 0.00355152 0 0.0035435 0.00356055 0.00357522 0.00790354 0.0104809 0.0101253 0.0225481 0.0386453 0.01511 0.0326775 0.0146569 0.0157251 0.0091737 0.0239188 0.00960185 0.0335124 0.00926112 0.0141892 0.00864225 0.00949408 0.00902852 0.0122202 0.00957248 
0.00842289 0.008399 0.00816858 0.00818573 0.00820007 0.00813952 0.0106351 0.0151459 0.0647389 0.0234829 0.0500174 0.0189766 0.0178267 0.00995276 0.011445 0.0118112 0.127283 0.0146483 0.0480337 0.0115832 0.0146641 0.00915184 0.0113639 0.00907046 0.0260315 0.0090726 0.0102068 0.0217878 0.0130607 0.0354673 0.0116498 0.0237179 0.01088 0.0117705 0.00367127 0.00358214 0.00349378 0.00357958 0.00355675 0.0035435 0 0.00358156 0.00356963 0.00766562 0.00873006 0.0166947 0.0242913 0.0114038 0.0240217 0.0152898 0.0168528 0.0106553 0.0136938 0.00930295 0.0322142 0.00914476 0.0160962 0.00877687 0.00985104 0.00873887 0.0114989 0.00889033 0.011791 
0.00847322 0.00842437 0.0082467 0.00808375 0.00838219 0.00826794 0.0109202 0.021946 0.01153 0.0185798 0.0125631 0.0167439 0.0132978 0.0101526 0.0112327 0.10257 0.0100268 0.0250024 0.00996662 0.0169085 0.00913626 0.0116137 0.00964402 0.0198278 0.00870538 0.0173623 0.00894547 0.012657 0.0332085 0.00935613 0.0182539 0.0103269 0.0273597 0.0102193 0.00473068 0.00367932 0.00357281 0.00352239 0.00356316 0.00356055 0.00358156 0 0.0038725 0.017139 0.015487 0.0347391 0.0128733 0.0130828 0.0109652 0.0163999 0.0166955 0.0152839 0.00987734 0.0332711 0.00912669 0.0150778 0.00866395 0.0144721 0.00871915 0.0118898 0.00985247 0.0331531 0.00911886 
0.0101735 0.0106984 0.00880821 0.00824811 0.0090875 0.00832974 0.0214027 0.0111458 0.0105917 0.0100052 0.011833 0.00966537 0.00996694 0.0112558 0.104111 0.00993241 0.0136731 0.00949324 0.0110262 0.00946417 0.0104313 0.00944145 0.0278487 0.00954023 0.0099196 0.00856855 0.0128781 0.0447691 0.00946919 0.0117764 0.00952737 0.0120511 0.00934969 0.0249066 0.00521883 0.00449912 0.00400097 0.00362267 0.00363431 0.00357522 0.00356963 0.0038725 0 0.0542406 0.0497004 0.0121916 0.00890375 0.00923042 0.0109254 0.0112718 0.0125481 0.0133114 0.0407349 0.0103574 0.0125713 0.00907839 0.00978835 0.00883295 0.0123479 0.0138941 0.0313144 0.00988957 0.0145191 
0.0145596 0.0125735 0.00977309 0.00983965 0.01514 0.0103 0.0158912 0.00996997 0.00913987 0.00954255 0.00955017 0.00924861 0.00994811 0.0186394 0.0127012 0.0111755 0.00903675 0.00964035 0.0093228 0.010221 0.009847 0.0236342 0.0137973 0.0110958 0.00874937 0.00953739 0.0156725 0.0155634 0.0108751 0.00935165 0.0106892 0.00965551 0.0128811 0.0215974 0.0130352 0.00709623 0.00697853 0.00746436 0.00779795 0.00790354 0.00766562 0.017139 0.0542406 0 0.00572237 0.00365101 0.00362498 0.0038134 0.00434597 0.00476255 0.00658504 0.0117431 0.00903995 0.00968385 0.00770095 0.00870732 0.00778376 0.00840632 0.0137784 0.117467 0.0151515 0.0164668 0.0218714 
0.00993287 0.00916691 0.00843487 0.00853484 0.0132593 0.00837082 0.0103935 0.00913714 0.0107973 0.0117028 0.0106602 0.0113711 0.0101575 0.0134323 0.00920038 0.00975152 0.00947617 0.0113458 0.0100875 0.0108073 0.00885282 0.0199338 0.00940545 0.0095953 0.0085732 0.00982619 0.0109059 0.0102263 0.00963028 0.00911115 0.0109611 0.00953741 0.0111539 0.0148651 0.0113304 0.00752415 0.00751107 0.00829819 0.00756269 0.0104809 0.00873006 0.015487 0.0497004 0.00572237 0 0.00355174 0.00355878 0.00359729 0.0036307 0.00375483 0.00385704 0.00711897 0.00597523 0.00815974 0.00692091 0.00990362 0.00715939 0.00879855 0.0138925 0.0302218 0.010039 0.0113707 0.0115816 
0.00861757 0.00864435 0.00823862 0.0082224 0.00822579 0.00810996 0.00930661 0.0119061 0.0133355 0.0136506 0.0169949 0.0122797 0.0143138 0.00968708 0.0101576 0.010436 0.0148662 0.0127467 0.0159915 0.00968363 0.0160461 0.00940684 0.00983875 0.00886772 0.0120865 0.00944728 0.00977639 0.0115377 0.0106072 0.0133798 0.0118839 0.0174325 0.0148945 0.0138717 0.00772249 0.00908864 0.00908579 0.00801898 0.0122047 0.0101253 0.0166947 0.0347391 0.0121916 0.00365101 0.00355174 0 0.00355611 0.0035765 0.00364542 0.00368556 0.00409327 0.00413672 0.00734051 0.0067505 0.00973792 0.00711522 0.0079252 0.0117453 0.0630396 0.0120016 0.0119103 0.0118239 0.0138482 
0.00846287 0.00840052 0.00821814 0.00821725 0.00842763 0.00808607 0.00929136 0.0122103 0.0208162 0.0253445 0.0314234 0.02431 0.0139275 0.00961601 0.00926912 0.0125013 0.0194649 0.0227587 0.0203871 0.0225106 0.0104663 0.00939543 0.00906611 0.0106042 0.0107515 0.0107464 0.00949996 0.00939489 0.0128064 0.0143951 0.0200306 0.0282719 0.0170235 0.0116589 0.00917261 0.00870833 0.00959558 0.0111828 0.023162 0.0225481 0.0242913 0.0128733 0.00890375 0.00362498 0.00355878 0.00355611 0 0.00357639 0.00361317 0.00368834 0.00364597 0.00387711 0.00619326 0.00828525 0.0077874 0.0106492 0.0147974 0.0539259 0.471091 0.00841883 0.00925481 0.0105103 0.0101485 
0.00848451 0.0084294 0.00825297 0.00834646 0.00940555 0.00819369 0.00985662 0.0151415 0.0250331 0.0457323 0.0323532 0.0355642 0.0117227 0.0110516 0.00966024 0.0153805 0.0207387 0.0370119 0.0229555 0.029985 0.00978383 0.0112905 0.0091752 0.011131 0.0104472 0.0135456 0.00938876 0.0097655 0.013134 0.0152559 0.0394811 0.021419 0.0225302 0.0109988 0.01064 0.00877211 0.0116882 0.0152104 0.0224678 0.0386453 0.0114038 0.0130828 0.00923042 0.0038134 0.00359729 0.0035765 0.00357639 0 0.00357128 0.0036093 0.00361879 0.00369059 0.00572906 0.00756982 0.00751729 0.0219501 0.0423802 0.640258 0.00841437 0.00950497 0.00906935 0.0100343 0.0102251 
0.00874797 0.00888137 0.00829286 0.00832551 0.00847332 0.00817807 0.0103643 0.0176019 0.0470571 0.0498319 0.0825859 0.0271625 0.0220672 0.01186 0.0113907 0.0140389 0.0495583 0.0344316 0.0621376 0.0153055 0.0175522 0.0095996 0.0103248 0.00973751 0.0288482 0.0101239 0.0106809 0.0119525 0.0121147 0.0478251 0.0301997 0.0560836 0.0166692 0.0165123 0.00902799 0.0113175 0.0244864 0.0190812 0.0568134 0.01511 0.0240217 0.0109652 0.0109254 0.00434597 0.0036307 0.00364542 0.00361317 0.00357128 0 0.00359189 0.00360835 0.00358594 0.00498428 0.00681252 0.0376207 0.0397214 0.749906 0.00847892 0.00837032 0.00807334 0.0110062 0.00984526 0.0134566 
0.00872807 0.00865498 0.00836158 0.00838369 0.00871494 0.00819971 0.0111155 0.0246761 0.0469744 0.073981 0.0468064 0.0614662 0.0183379 0.0121779 0.0102724 0.0277256 0.0387652 0.077448 0.0257805 0.0456036 0.0115835 0.0115165 0.00940916 0.0174237 0.0131188 0.0167885 0.00967849 0.0103981 0.0238376 0.0269691 0.0757372 0.034964 0.0341031 0.0117946 0.0128901 0.0109852 0.026527 0.068183 0.0190547 0.0326775 0.0152898 0.0163999 0.0112718 0.00476255 0.00375483 0.00368556 0.00368834 0.0036093 0.00359189 0 0.00360357 0.00358702 0.00417894 0.0604771 0.0713894 0.648168 0.00922452 0.00921431 0.00709608 0.00904688 0.00993539 0.0161868 0.011936 
0.00920767 0.00906164 0.00833854 0.00821395 0.00837375 0.00816668 0.011319 0.0163875 0.0237754 0.0236797 0.0333966 0.0185453 0.0331296 0.0106778 0.0120004 0.0171631 0.0253455 0.0195174 0.0260736 0.0119917 0.0193675 0.0101033 0.0151585 0.010594 0.0119683 0.0122203 0.0106689 0.0129652 0.0159301 0.0220994 0.0205241 0.031386 0.0353375 0.0188537 0.0128388 0.0306721 0.0254961 0.0126232 0.0215826 0.0146569 0.0168528 0.0166955 0.0125481 0.00658504 0.00385704 0.00409327 0.00364597 0.00361879 0.00360835 0.00360357 0 0.0037319 0.00712454 0.700381 0.0911418 0.0078279 0.00719875 0.0077448 0.00924295 0.009431 0.0132428 0.0219918 0.0156278 
0.0100484 0.0102473 0.00880356 0.00842895 0.00915282 0.00841356 0.0160674 0.0121318 0.0112182 0.0137449 0.0134728 0.0126111 0.0117809 0.0185006 0.0166475 0.0115395 0.0107646 0.0145345 0.0107772 0.0125192 0.00963168 0.0158178 0.0142942 0.0100762 0.00889011 0.0106086 0.012219 0.0187167 0.0124319 0.0111263 0.0179811 0.012259 0.0241182 0.024014 0.0541775 0.0163786 0.00964509 0.0111856 0.0117854 0.0157251 0.0106553 0.0152839 0.0133114 0.0117431 0.00711897 0.00413672 0.00387711 0.00369059 0.00358594 0.00358702 0.0037319 0 0.884332 0.0134858 0.00436098 0.00518055 0.00491775 0.00582911 0.00762703 0.0155436 0.016057 0.0135489 0.0139297 
0.0120438 0.0132447 0.0089759 0.00860182 0.00940106 0.00851723 0.0103246 0.00882824 0.00943016 0.00915678 0.0100984 0.0090064 0.0106187 0.0135911 0.0123556 0.0085928 0.0096599 0.00905908 0.0102641 0.0087907 0.0160222 0.0134577 0.0145288 0.0084723 0.0109723 0.00878734 0.0248211 0.0171239 0.00906223 0.0114543 0.00958127 0.0125763 0.0106018 0.0543517 0.00955301 0.0100721 0.00896054 0.00861585 0.0113026 0.0091737 0.0136938 0.00987734 0.0407349 0.00903995 0.00597523 0.00734051 0.00619326 0.00572906 0.00498428 0.00417894 0.00712454 0.884332 0 0.00380168 0.00370873 0.00373497 0.00390354 0.00391729 0.0096172 0.00918534 0.0205643 0.00828697 0.0861429 
0.00955846 0.00878067 0.00857241 0.00881102 0.010187 0.00833638 0.00999178 0.010993 0.00988583 0.01613 0.0103243 0.0168406 0.00986798 0.0104905 0.00881198 0.0193538 0.00949361 0.0198342 0.00929216 0.0260628 0.00936378 0.0154977 0.00898919 0.0173054 0.00853889 0.0265623 0.00946418 0.00949755 0.0225719 0.00960404 0.0258764 0.0106983 0.052603 0.0115331 0.0204475 0.00943236 0.00927019 0.0173168 0.00929535 0.0239188 0.00930295 0.0332711 0.0103574 0.00968385 0.00815974 0.0067505 0.00828525 0.00756982 0.00681252 0.0604771 0.700381 0.0134858 0.00380168 0 0.00360474 0.00377791 0.00388054 0.00386993 0.00386158 0.0115324 0.0081197 0.0755522 0.0097013 
0.00995356 0.00997727 0.00858611 0.00837724 0.00864401 0.00815674 0.00991991 0.0102638 0.0193502 0.0142188 0.0421157 0.012341 0.0111515 0.00952951 0.0114571 0.00907227 0.0285967 0.0110177 0.0371384 0.009427 0.0171191 0.00889279 0.0119039 0.00850433 0.0443387 0.00870137 0.0107244 0.0128523 0.00918536 0.0369771 0.0116444 0.0622642 0.00980471 0.0152443 0.00892852 0.0104938 0.0146781 0.00983171 0.0320366 0.00960185 0.0322142 0.00912669 0.0125713 0.00770095 0.00692091 0.00973792 0.0077874 0.00751729 0.0376207 0.0713894 0.0911418 0.00436098 0.00370873 0.00360474 0 0.00359429 0.00369543 0.00360294 0.00380834 0.00618409 0.0231946 0.00772127 0.0215645 
0.00906576 0.00871725 0.00842832 0.00844371 0.00962545 0.00824166 0.00930837 0.0102468 0.0122399 0.0237697 0.01263 0.0195304 0.00948353 0.00920505 0.00893665 0.0149567 0.00990789 0.0372148 0.00999326 0.0260139 0.00875685 0.0117419 0.00897228 0.0170916 0.008735 0.0152033 0.00870166 0.00937616 0.0141387 0.00996231 0.0682814 0.0114488 0.0182627 0.00993426 0.0172312 0.00881818 0.00984059 0.026128 0.00922455 0.0335124 0.00914476 0.0150778 0.00907839 0.00870732 0.00990362 0.00711522 0.0106492 0.0219501 0.0397214 0.648168 0.0078279 0.00518055 0.00373497 0.00377791 0.00359429 0 0.00359426 0.0036302 0.00358412 0.0109867 0.00754606 0.0187497 0.00928604 
0.00898208 0.00920138 0.00826151 0.00822173 0.00828891 0.00812019 0.00868474 0.00885734 0.0132326 0.0106471 0.0152054 0.0102121 0.00939061 0.00871664 0.00911602 0.008674 0.0188614 0.00977382 0.0174941 0.00898067 0.00953921 0.00873167 0.0102153 0.00851922 0.0147112 0.00861764 0.00902805 0.00954044 0.00901846 0.0282831 0.0103497 0.0211387 0.00940668 0.0109487 0.00893515 0.00915736 0.0113373 0.00925055 0.0236248 0.00926112 0.0160962 0.00866395 0.00978835 0.00778376 0.00715939 0.0079252 0.0147974 0.0423802 0.749906 0.00922452 0.00719875 0.00491775 0.00390354 0.00388054 0.00369543 0.00359426 0 0.00356728 0.00362414 0.00549248 0.0135165 0.00768014 0.0263713 
0.00873514 0.0086724 0.00825602 0.00813584 0.00830853 0.00810651 0.0087313 0.00965116 0.00900838 0.0103446 0.00948328 0.010573 0.00901078 0.00862168 0.00885127 0.01227 0.00883373 0.0127024 0.00886628 0.010128 0.00857425 0.00908887 0.00886448 0.0104586 0.0085094 0.00999116 0.00844048 0.00922191 0.0196096 0.00911181 0.0129318 0.00963604 0.01617 0.00903531 0.013567 0.00896365 0.0091273 0.0128886 0.00903951 0.0141892 0.00877687 0.0144721 0.00883295 0.00840632 0.00879855 0.0117453 0.0539259 0.640258 0.00847892 0.00921431 0.0077448 0.00582911 0.00391729 0.00386993 0.00360294 0.0036302 0.00356728 0 0.00357071 0.00630466 0.00832659 0.0300362 0.00834222 
