1H6DA
QAATLPAGASQVPTTPAGRPMPYAIRPMPEDRRFGYAIVGLGKYALNQILPGFAGCQHSRIEALVSGNAEKAKIVAAEYGVDPRKIYDYSNFDKIAKDPKIDAVYIILPNSLHAEFAIRAFKAGKHVMCEKPMATSVADCQRMIDAAKAANKKLMIGYRCHYDPMNRAAVKLIRENQLGKLGMVTTDNSDVMDQNDPAQQWRLRRELAGGGSLMDIGIYGLNGTRYLLGEEPIEVRAYTYSDPNDERFVEVEDRIIWQMRFRSGALSHGASSYSTTTTSRFSVQGDKAVLLMDPATGYYQNLISVQTPGHANQSMMPQFIMPANNQFSAQLDHLAEAVINNKPVRSPGEEGMQDVRLIQAIYEAARTGRPVNTDWGYVRQGGY
CCCCCCHHHHCCCCCCCCCCCCCCCCCCCCCCCEEEEEECCCHHHHHCHHHHCCCCCCEEEEEEECCCHHHHHHHHHHCCCCHHHEECCCCHHHHHHCCCCCEEEECCCHHHHHHHHHHHHHCCCEEEECCCCCCCHHHHHHHHHHHHHHCCCEEECCHHHHCHHHHHHHHHHHCCCCCCEEEEEEEEECCCCCCCHHHHHHHCHHHHCCCHHHHCHHHHHHHHHHHHCCCEEEEEEEEECCCCCHHHCCCCCEEEEEEEECCCCEEEEEEECCCCCEEEEEEEECCCEEEECCCCCCCCCCEEEEECCEEEEECCCCCCCCCCCHHHHHHHHHHHHHHCCCCCCCEHHHHHHHHHHHHHHHHHHHHCCCEECCCCCCCCCCC
0 0 0 0 0 0 0 0 0 0 0 0 0 0 0 0 0 0 0 0 0 0 0 0 0 0 0 0 0 0 0 0 0 0 0 0 0 0 0 0 0 0 0 0 0 0 0 0 0 0 0 0 0 0 0 0 0 0 0 0 0 0 0 0 0 0 0 0 0 0 0 0 0 0 0 0 0 0 0 0 0 0 0 0 0 0 0 0 0 0 0 0 0 0 0 0 0 0 0 0 0 0 0 0 0 0 0 0 0 0 0 0 0 0 0 0 0 0 0 0 0 0 0 0 0 0 0 0 0 0 0 0 0 0 0 0 0 0 0 0 0 0 0 0 0 0 0 0 0 0 0 0 0 0 0 0 0 0 0 0 0 0 0 0 0 0 0 0 0 0 0 0 0 0 0 0 0 0 0 0 0 0 0 0 0 0 0 0 0 0 0 0 0 0 0 0 0 0 0 0 0 0 0 0 0 0 0 0 0 0 0 0 0 0 0 0 0 0 0 0 0 0 0 0 0 0 0 0 0 0 0 0 0 0 0 0 0 0 0 0 0 0 0 0 0 0 0 0 0 0 0 0 0 0 0 0 0 0 0 0 0 0 0 0 0 0 0 0 0 0 0 0 0 0 0 0 0 0 0 0 0 0 0 0 0 0 0 0 0 0 0 0 0 0 0 0 0 0 0 0 0 0 0 0 0 0 0 0 0 0 0 0 0 0 0 0 0 0 0 0 0 0 0 0 0 0 0 0 0 0 0 0 0 0 0 0 0 0 0 0 0 0 0 0 0 0 0 0 0 0 0 0 0 0 0 0 0 0 0 0 0 0 0 0 0 0 0 0 0 0 0 0 0 0 0 0 0 0 0 0 0 0 0 
0 0 0 0 0 0 0 0 0 0 0 0 0 0 0 0 0 0 0 0 0 0 0 0 0 0 0 0 0 0 0 0 0 0 0 0 0 0 0 0 0 0 0 0 0 0 0 0 0 0 0 0 0 0 0 0 0 0 0 0 0 0 0 0 0 0 0 0 0 0 0 0 0 0 0 0 0 0 0 0 0 0 0 0 0 0 0 0 0 0 0 0 0 0 0 0 0 0 0 0 0 0 0 0 0 0 0 0 0 0 0 0 0 0 0 0 0 0 0 0 0 0 0 0 0 0 0 0 0 0 0 0 0 0 0 0 0 0 0 0 0 0 0 0 0 0 0 0 0 0 0 0 0 0 0 0 0 0 0 0 0 0 0 0 0 0 0 0 0 0 0 0 0 0 0 0 0 0 0 0 0 0 0 0 0 0 0 0 0 0 0 0 0 0 0 0 0 0 0 0 0 0 0 0 0 0 0 0 0 0 0 0 0 0 0 0 0 0 0 0 0 0 0 0 0 0 0 0 0 0 0 0 0 0 0 0 0 0 0 0 0 0 0 0 0 0 0 0 0 0 0 0 0 0 0 0 0 0 0 0 0 0 0 0 0 0 0 0 0 0 0 0 0 0 0 0 0 0 0 0 0 0 0 0 0 0 0 0 0 0 0 0 0 0 0 0 0 0 0 0 0 0 0 0 0 0 0 0 0 0 0 0 0 0 0 0 0 0 0 0 0 0 0 0 0 0 0 0 0 0 0 0 0 0 0 0 0 0 0 0 0 0 0 0 0 0 0 0 0 0 0 0 0 0 0 0 0 0 0 0 0 0 0 0 0 0 0 0 0 0 0 0 0 0 0 0 0 0 0 0 0 0 0 
0 0.00381116 0.00368138 0.00368861 0.00372513 0.00523848 0.375016 0.0249817 0.0215722 0.0116475 0.0196687 0.0118794 0.0356129 0.0109439 0.0160242 0.0239147 0.0142487 0.0110268 0.0308416 0.0100977 0.0114913 0.00884605 0.01394 0.01133 0.0084487 0.00951767 0.00879768 0.0084668 0.0084661 0.00849214 0.00842784 0.00851323 0.00829614 0.00822301 0.00858841 0.00834237 0.00838356 0.00837008 0.00864902 0.00845294 0.00850318 0.00834888 0.00826162 0.00849048 0.00850113 0.00852913 0.00836087 0.00838655 0.00839446 0.00840001 0.00828451 0.00861737 0.00841248 0.00840336 0.00831898 0.00845451 0.00837655 0.00832899 0.0084722 0.00834104 0.00841833 0.00832483 0.00844151 0.00837559 0.00840881 0.00829692 0.00852386 0.00869815 0.00848504 0.0084469 0.00849434 0.00843497 0.00837961 0.00836533 0.00837765 0.0083923 0.00829361 0.00838131 0.00825199 0.00836151 0.00833557 0.00855129 0.0096462 0.00907187 
0.00381116 0 0.00365053 0.00359178 0.00369669 0.00371435 0.0436369 0.502641 0.0418658 0.0512072 0.0236673 0.0405719 0.0130851 0.0114913 0.00945579 0.0211092 0.0339523 0.0450222 0.0121773 0.00992713 0.0148244 0.0153632 0.00950912 0.00908061 0.0104426 0.00888957 0.00837806 0.00916717 0.00933984 0.00926655 0.00950385 0.00920198 0.00899345 0.00883762 0.00819753 0.00830785 0.00865071 0.00864855 0.0086753 0.00857348 0.00861071 0.00843078 0.00840738 0.0082106 0.00834174 0.00850716 0.00868008 0.00855435 0.00842649 0.00845241 0.00835307 0.00837606 0.00824507 0.00845729 0.00839901 0.00847739 0.00836906 0.0083672 0.00833191 0.00818501 0.00842234 0.00844322 0.00851409 0.00843455 0.00842488 0.00835668 0.0083517 0.008321 0.00858995 0.00864548 0.0083868 0.00826158 0.00845007 0.00839352 0.00832317 0.00831624 0.00819139 0.00841114 0.00825446 0.00830613 0.00829641 0.008245 0.00842299 0.00873369 
0.00368138 0.00365053 0 0.00363462 0.00359915 0.00360022 0.0543576 0.0301485 0.398277 0.0951866 0.118579 0.0227667 0.0168067 0.00901142 0.00930314 0.036856 0.0449667 0.0396456 0.0166907 0.00974468 0.0223075 0.0155034 0.0121545 0.00988346 0.00962943 0.00958332 0.00865345 0.00921918 0.0110046 0.0111262 0.010329 0.0104603 0.00926418 0.00868579 0.00856947 0.00848742 0.00882696 0.00919332 0.00916923 0.00876569 0.00892808 0.00878185 0.00851612 0.00829407 0.00860868 0.00888739 0.0091633 0.00910484 0.00878018 0.00889696 0.00846252 0.00837527 0.00846395 0.00875048 0.00877525 0.00873553 0.00873556 0.0085279 0.00831595 0.0083974 0.00860492 0.00931821 0.00870066 0.00873839 0.00870434 0.00845001 0.00833115 0.00854471 0.00895252 0.00882099 0.00842743 0.00841208 0.00855742 0.00857341 0.00840337 0.0083147 0.00822413 0.00842952 0.00837852 0.00837076 0.00829009 0.00823936 0.00859736 0.00865828 
0.00368861 0.00359178 0.00363462 0 0.00359757 0.00357398 0.0339995 0.113938 0.0504514 0.239512 0.200944 0.0451758 0.0164472 0.00948743 0.00933845 0.020809 0.110557 0.0416396 0.0183947 0.0103581 0.0272058 0.021421 0.0108981 0.00986231 0.0118304 0.00954719 0.00868341 0.00968323 0.0108256 0.0115361 0.0107008 0.0104154 0.00956211 0.00878368 0.00840747 0.00843514 0.00879496 0.00907544 0.0090967 0.00897365 0.00881301 0.00886128 0.00861635 0.00829275 0.0085019 0.00881214 0.00897215 0.00916187 0.00870912 0.00869005 0.00846196 0.00832669 0.00843998 0.00868638 0.00864764 0.00875796 0.00862548 0.00853792 0.00833677 0.00835866 0.00853411 0.00867051 0.00867579 0.00882251 0.00864103 0.00845372 0.0083262 0.00849054 0.00891988 0.00891532 0.00844688 0.00841657 0.00859893 0.0085652 0.0084137 0.00832411 0.00826432 0.00841583 0.00843394 0.00840161 0.00827799 0.00830038 0.00853597 0.00877383 
0.00372513 0.00369669 0.00359915 0.00359757 0 0.00378076 0.0262597 0.0443908 0.058202 0.061117 0.136578 0.457682 0.0493261 0.0116764 0.0113673 0.0161911 0.0337003 0.206795 0.0245207 0.00997632 0.0197798 0.0362531 0.0124395 0.00966688 0.0140423 0.010134 0.00865573 0.00952091 0.0111748 0.0105277 0.0104453 0.00980329 0.00945438 0.00890895 0.0082872 0.00833387 0.00882286 0.00909597 0.00912736 0.00886606 0.00892383 0.0087433 0.00864901 0.00827391 0.00848239 0.00890142 0.00894067 0.00899908 0.00894496 0.00877351 0.00854527 0.0082884 0.0084867 0.00883617 0.00870014 0.0087317 0.0086439 0.00871006 0.0084252 0.00836299 0.00855987 0.00862841 0.00866473 0.00875966 0.00881858 0.00865067 0.00833319 0.0086103 0.00911339 0.00933213 0.00861091 0.00841662 0.00882371 0.00857544 0.00845054 0.00837252 0.00823983 0.00841286 0.00838964 0.008416 0.00831752 0.00832906 0.00876857 0.00884073 
0.00523848 0.00371435 0.00360022 0.00357398 0.00378076 0 0.0254912 0.023878 0.0314845 0.0311492 0.0522081 0.146732 0.468254 0.0161647 0.0143816 0.0201305 0.0143548 0.0240674 0.115856 0.0144567 0.012013 0.0160616 0.0302663 0.0129419 0.00972038 0.0124268 0.00913212 0.009111 0.00951346 0.00944923 0.00903034 0.00899517 0.00885368 0.0084235 0.00884628 0.0084589 0.00854639 0.00865622 0.00880519 0.00854531 0.00856765 0.00841402 0.00819778 0.00834753 0.00860518 0.00900409 0.00874059 0.00872811 0.00879239 0.00873883 0.00828254 0.00838083 0.00868762 0.00874459 0.00871954 0.00870233 0.00837034 0.00833068 0.0084171 0.0085241 0.00860026 0.00847767 0.00859782 0.00852285 0.00849266 0.00833825 0.00837836 0.0089621 0.00862541 0.00888978 0.00857295 0.00868446 0.00862775 0.00837134 0.00833264 0.00826969 0.00833991 0.008345 0.00825568 0.00832388 0.00827734 0.00842351 0.00906352 0.00896532 
0.375016 0.0436369 0.0543576 0.0339995 0.0262597 0.0254912 0 0.00428895 0.0036333 0.00363781 0.00372012 0.00381746 0.0058349 0.0128766 0.0130795 0.0338377 0.016656 0.012283 0.0302291 0.0147109 0.013102 0.0102335 0.0182249 0.0112326 0.00862145 0.0116428 0.00875013 0.00840495 0.0086222 0.0086099 0.00844742 0.00877548 0.0084367 0.00839963 0.00906775 0.00844204 0.00837263 0.00837023 0.00847734 0.00842836 0.00841986 0.00822686 0.00827307 0.0082937 0.00871082 0.0084208 0.00836135 0.00844055 0.00829908 0.00837922 0.00819161 0.00840149 0.00822115 0.00839888 0.00828173 0.00841103 0.00832153 0.00831394 0.00821825 0.00817879 0.00839837 0.00831684 0.00840932 0.00834223 0.00840178 0.00818942 0.00833061 0.00847059 0.00843988 0.00833857 0.00842045 0.00835021 0.00829734 0.00831129 0.00821751 0.00820837 0.00807695 0.00829247 0.00819526 0.0082373 0.00822856 0.0084013 0.00854557 0.00846457 
0.0249817 0.502641 0.0301485 0.113938 0.0443908 0.023878 0.00428895 0 0.00356342 0.00359011 0.00360915 0.00400349 0.00393424 0.0173413 0.00995645 0.0222522 0.0434541 0.0453729 0.011745 0.0110979 0.018179 0.022441 0.00987879 0.00930433 0.0130829 0.00913173 0.00839037 0.00948414 0.00969302 0.0092218 0.00990012 0.00950536 0.00925723 0.00859064 0.00817879 0.00837797 0.0085934 0.00911734 0.00878588 0.00874352 0.00867795 0.00859063 0.00849831 0.00822197 0.00840871 0.00868933 0.00877654 0.00884072 0.00868899 0.00851096 0.00849493 0.0082458 0.00830783 0.00853689 0.00849937 0.00860092 0.00844464 0.00841471 0.00825739 0.00825533 0.00846202 0.00855049 0.00854492 0.00854115 0.00845819 0.00835777 0.00823517 0.00836938 0.0085728 0.00864016 0.00834356 0.00832677 0.0084619 0.00841535 0.00829919 0.00823901 0.00819696 0.0083257 0.00832232 0.00830112 0.00824998 0.00815681 0.00842794 0.00857551 
0.0215722 0.0418658 0.398277 0.0504514 0.058202 0.0314845 0.0036333 0.00356342 0 0.0035598 0.00355452 0.0036123 0.00364635 0.0102448 0.0110016 0.0270361 0.0498328 0.0243176 0.0209964 0.010141 0.0520072 0.0134105 0.0132906 0.0103215 0.0105296 0.0106656 0.00874042 0.00936851 0.0120738 0.0142024 0.0115508 0.0135343 0.0101165 0.00904126 0.00880286 0.00839054 0.00903335 0.00952841 0.00969165 0.00922927 0.00904816 0.00902144 0.00879858 0.00836823 0.00849595 0.00907586 0.00906019 0.00949084 0.00906356 0.00906184 0.00848129 0.00843288 0.00835989 0.00872341 0.00872044 0.00885202 0.0087262 0.00854718 0.0083672 0.00829812 0.00860364 0.00869185 0.00872789 0.00880259 0.00874516 0.00843638 0.00834165 0.00844766 0.00888088 0.00889676 0.00892631 0.00830828 0.00850195 0.00852045 0.00836893 0.00827393 0.00815492 0.00841552 0.00835783 0.00838262 0.00831955 0.00818106 0.00861534 0.00850212 
0.0116475 0.0512072 0.0951866 0.239512 0.061117 0.0311492 0.00363781 0.00359011 0.0035598 0 0.00357242 0.00361095 0.00386236 0.0112231 0.0100191 0.0374667 0.0411121 0.0418393 0.0148526 0.0174156 0.0258269 0.0306996 0.011325 0.0113457 0.0110727 0.0103211 0.00874534 0.0102409 0.014132 0.0139545 0.0160629 0.0119924 0.0115139 0.00903283 0.00852581 0.00854752 0.00892288 0.00987883 0.00918418 0.00960407 0.00915445 0.00882554 0.00861099 0.0082726 0.00885433 0.00910602 0.00910801 0.00918595 0.00906949 0.00889808 0.00852052 0.0081898 0.00843364 0.00878401 0.00880919 0.00891381 0.00858667 0.00844579 0.0082362 0.00835085 0.00850467 0.00933419 0.00875865 0.00872552 0.00872062 0.00836349 0.00820169 0.00844185 0.00883741 0.00886327 0.00851797 0.00839899 0.00850509 0.00858053 0.0084 0.00824665 0.00819845 0.0084432 0.00829635 0.00835202 0.00826874 0.0081879 0.00833307 0.00861877 
0.0196687 0.0236673 0.118579 0.200944 0.136578 0.0522081 0.00372012 0.00360915 0.00355452 0.00357242 0 0.00358385 0.00361079 0.019051 0.014012 0.0317359 0.113661 0.0599119 0.0256897 0.0111591 0.0725117 0.0255301 0.0142001 0.0115614 0.0138162 0.011379 0.00910437 0.0101441 0.0163613 0.0176106 0.0147291 0.0158226 0.01148 0.00946394 0.00871014 0.00867753 0.00904982 0.0100505 0.0100034 0.00931235 0.0096815 0.00903875 0.00895885 0.00837444 0.00872485 0.00929631 0.0093807 0.010182 0.00905536 0.00933062 0.00859234 0.00838429 0.0085597 0.00887622 0.00889981 0.0092313 0.00879519 0.00867905 0.00840872 0.00843207 0.00866248 0.00875165 0.00895409 0.00890787 0.00901114 0.00853957 0.00838481 0.00851527 0.00924935 0.00944102 0.0085925 0.00845468 0.00866042 0.00858215 0.00844201 0.00830328 0.00820985 0.00844926 0.00842776 0.00840535 0.00832944 0.00825507 0.00850508 0.00853571 
0.0118794 0.0405719 0.0227667 0.0451758 0.457682 0.146732 0.00381746 0.00400349 0.0036123 0.00361095 0.00358385 0 0.00367692 0.0512644 0.0303192 0.0172022 0.0482869 0.184654 0.0338226 0.0121476 0.0220587 0.0755049 0.0168467 0.0102417 0.0201188 0.0114094 0.00879089 0.0106483 0.013551 0.0117705 0.0117141 0.0106236 0.0101944 0.00954392 0.00862075 0.00839581 0.0088667 0.00970536 0.00947527 0.00921906 0.00914406 0.00890714 0.00862181 0.00836034 0.0085382 0.00894415 0.00913674 0.00918475 0.00905948 0.00899459 0.008536 0.00829907 0.00850478 0.00884645 0.00880393 0.00901247 0.0085861 0.00862908 0.00830474 0.00839767 0.00865378 0.00873345 0.00881803 0.00871439 0.00882572 0.00842081 0.00824265 0.00863387 0.00898258 0.00924763 0.00845037 0.0084204 0.00860978 0.008571 0.00840409 0.00822469 0.00818708 0.00851066 0.00829834 0.00840413 0.00821171 0.00813239 0.00844635 0.00869166 
0.0356129 0.0130851 0.0168067 0.0164472 0.0493261 0.468254 0.0058349 0.00393424 0.00364635 0.00386236 0.00361079 0.00367692 0 0.0201423 0.117544 0.0246985 0.0201143 0.0300577 0.134766 0.0158574 0.0136818 0.0158313 0.0483302 0.0153901 0.0100227 0.0150464 0.0104648 0.00907743 0.00935248 0.00905204 0.00880085 0.00875234 0.00861161 0.00854146 0.00894266 0.00851637 0.00864241 0.00843287 0.00859782 0.00839901 0.00845564 0.00840162 0.0082927 0.00837703 0.0087549 0.00857394 0.0083753 0.00847043 0.0083381 0.00842622 0.00824628 0.00842386 0.00870405 0.00844463 0.00833567 0.00838005 0.00826505 0.00834189 0.00842763 0.00852796 0.00833967 0.00833333 0.00851203 0.00837902 0.00842683 0.00825928 0.00844928 0.00899502 0.00849514 0.00849912 0.00844358 0.00858225 0.00842852 0.00831804 0.00822226 0.00821192 0.00828849 0.00832429 0.00817711 0.00820361 0.00813905 0.00831469 0.00887334 0.00870507 
0.0109439 0.0114913 0.00901142 0.00948743 0.0116764 0.0161647 0.0128766 0.0173413 0.0102448 0.0112231 0.019051 0.0512644 0.0201423 0 0.00362698 0.00936928 0.0165569 0.0219426 0.0251438 0.0122814 0.0106417 0.0114668 0.0137649 0.00944687 0.0107699 0.0109519 0.00834593 0.00857442 0.00838118 0.00838208 0.00836659 0.00827371 0.00827752 0.00847856 0.00857049 0.00814034 0.0082358 0.00829846 0.00823384 0.00829407 0.00818885 0.00823565 0.00816675 0.00833347 0.00813605 0.00823526 0.00832956 0.00826398 0.0082455 0.00822615 0.00816079 0.00824861 0.00810172 0.00821481 0.00823418 0.0082668 0.00819546 0.00818928 0.00814077 0.00804475 0.00816826 0.00821677 0.00826294 0.00829464 0.0082617 0.00811436 0.00817255 0.00825061 0.00822996 0.00822647 0.00822268 0.00813061 0.00813583 0.0082274 0.00809921 0.00810192 0.00803251 0.00809377 0.00809874 0.00810083 0.00808051 0.0081607 0.0083255 0.00827054 
0.0160242 0.00945579 0.00930314 0.00933845 0.0113673 0.0143816 0.0130795 0.00995645 0.0110016 0.0100191 0.014012 0.0303192 0.117544 0.00362698 0 0.0266479 0.0106272 0.0255788 0.0310809 0.0108218 0.0118658 0.00990626 0.0148657 0.0115389 0.00913768 0.0100658 0.00927104 0.00847366 0.00829586 0.0084012 0.00827327 0.00833132 0.00817268 0.00835377 0.00844961 0.00820669 0.00826895 0.00824743 0.00837557 0.00823748 0.00825873 0.00829464 0.00818661 0.00833113 0.00823683 0.00821577 0.00825921 0.00825817 0.00816826 0.00823442 0.00814573 0.00841193 0.00819195 0.00814038 0.00819889 0.0081772 0.00815568 0.00818357 0.00821775 0.00816881 0.00816764 0.00816453 0.00822209 0.00817939 0.00820845 0.00811316 0.00824014 0.00824778 0.00823711 0.00823254 0.00828359 0.00822203 0.0081645 0.00813635 0.0080926 0.00809042 0.00802984 0.00819381 0.00808788 0.00805941 0.00807725 0.00809394 0.00878938 0.00839811 
0.0239147 0.0211092 0.036856 0.020809 0.0161911 0.0201305 0.0338377 0.0222522 0.0270361 0.0374667 0.0317359 0.0172022 0.0246985 0.00936928 0.0266479 0 0.0037599 0.00367655 0.00396823 0.745807 0.022877 0.0205219 0.020747 0.0391575 0.0124488 0.0194082 0.0128852 0.0141917 0.011209 0.011235 0.0115472 0.0116199 0.0099547 0.00939926 0.0114079 0.00880493 0.00929787 0.00899215 0.00981231 0.0089087 0.00904156 0.00879954 0.00862101 0.00932943 0.00934323 0.00891931 0.00898453 0.00915285 0.00876269 0.00885756 0.00844035 0.00885566 0.00846648 0.00862801 0.00869863 0.00882753 0.00860972 0.00851738 0.00863056 0.00852924 0.0086842 0.00858608 0.00888946 0.00874957 0.00876762 0.00836737 0.00867294 0.00896778 0.00877975 0.00864232 0.00885581 0.00877707 0.00851211 0.0084679 0.00832942 0.00827852 0.00821149 0.00839698 0.00835933 0.00828248 0.00825476 0.00875669 0.00884338 0.00871055 
0.0142487 0.0339523 0.0449667 0.110557 0.0337003 0.0143548 0.016656 0.0434541 0.0498328 0.0411121 0.113661 0.0482869 0.0201143 0.0165569 0.0106272 0.0037599 0 0.00372132 0.00366675 0.0521465 0.845536 0.0233488 0.0226775 0.0245794 0.0409701 0.0129061 0.0102263 0.0204776 0.0284417 0.0242848 0.0179587 0.0191458 0.0145516 0.0117148 0.00927836 0.00904221 0.0102723 0.0111079 0.0115921 0.0100221 0.0103892 0.00939382 0.00908344 0.00850804 0.00948457 0.0102449 0.0101561 0.0105817 0.010096 0.0105793 0.00892165 0.00861926 0.00858155 0.00958797 0.0095017 0.0093899 0.00903729 0.00889665 0.00843306 0.00836838 0.00891125 0.00902774 0.00925161 0.00922181 0.00939715 0.00863408 0.00831853 0.00865296 0.00914233 0.00910761 0.00854043 0.00849634 0.00864374 0.00870415 0.00836009 0.00824809 0.00818408 0.00849423 0.00930198 0.00835225 0.00823047 0.00815462 0.00855895 0.00854698 
0.0110268 0.0450222 0.0396456 0.0416396 0.206795 0.0240674 0.012283 0.0453729 0.0243176 0.0418393 0.0599119 0.184654 0.0300577 0.0219426 0.0255788 0.00367655 0.00372132 0 0.00385192 0.04067 0.0548902 0.819692 0.0242458 0.0193608 0.0748247 0.0222437 0.00997945 0.0250324 0.0320531 0.0243127 0.0268813 0.0218657 0.0219709 0.0167708 0.00926266 0.00909275 0.0106868 0.0145344 0.0127303 0.0136722 0.0110558 0.0121631 0.0100141 0.00871425 0.00928335 0.0114872 0.011615 0.011103 0.0118572 0.0104189 0.0096658 0.00849643 0.00898153 0.00937336 0.00985304 0.00989674 0.0095566 0.00924575 0.00857708 0.00854054 0.00894341 0.00945908 0.00925901 0.00995672 0.00954504 0.00882559 0.00844358 0.00911285 0.0094052 0.00996611 0.00877203 0.00859492 0.009073 0.0088355 0.00851234 0.00823595 0.00828339 0.00862031 0.00863343 0.00850739 0.00828724 0.00812039 0.00847729 0.00881142 
0.0308416 0.0121773 0.0166907 0.0183947 0.0245207 0.115856 0.0302291 0.011745 0.0209964 0.0148526 0.0256897 0.0338226 0.134766 0.0251438 0.0310809 0.00396823 0.00366675 0.00385192 0 0.0221689 0.053407 0.0513979 0.752907 0.0318258 0.020884 0.0627333 0.0202783 0.0119099 0.0149538 0.0145523 0.0117684 0.0140036 0.0107555 0.0118456 0.0117089 0.012052 0.0109517 0.00989688 0.010689 0.0102277 0.00993497 0.00952599 0.00897567 0.00914086 0.0117986 0.00977335 0.00967096 0.0103063 0.00994292 0.0100915 0.00881446 0.00909101 0.00943751 0.00940513 0.00921968 0.00960586 0.0090252 0.00895337 0.00903169 0.00888906 0.00879076 0.00871059 0.00968957 0.00906125 0.00943626 0.00867483 0.00880089 0.00967804 0.00906059 0.00933746 0.00955706 0.00888815 0.00875311 0.00858386 0.00827547 0.00827004 0.00831575 0.00833338 0.00837696 0.00823806 0.00823039 0.00838243 0.00868559 0.0087134 
0.0100977 0.00992713 0.00974468 0.0103581 0.00997632 0.0144567 0.0147109 0.0110979 0.010141 0.0174156 0.0111591 0.0121476 0.0158574 0.0122814 0.0108218 0.745807 0.0521465 0.04067 0.0221689 0 0.00365819 0.00362633 0.00393776 0.245219 0.017736 0.0227202 0.0161445 0.0117285 0.0108887 0.0102406 0.0122688 0.01055 0.0103439 0.0102069 0.0125984 0.00916307 0.00865149 0.00924457 0.00878119 0.00898074 0.00890494 0.00864302 0.00902791 0.0101117 0.00986737 0.00856723 0.0087262 0.00876136 0.00869315 0.00847755 0.00880276 0.0100114 0.00845397 0.00845563 0.00846684 0.00847614 0.00839615 0.00851131 0.00888133 0.00835684 0.00840378 0.00843303 0.00841919 0.00878741 0.00834639 0.0084011 0.00883075 0.00861028 0.00841909 0.00856951 0.00877327 0.00824243 0.00839884 0.0083206 0.00831779 0.00818984 0.0083565 0.00816413 0.00825785 0.00820291 0.00815805 0.00816126 0.00823253 0.00841743 
0.0114913 0.0148244 0.0223075 0.0272058 0.0197798 0.012013 0.013102 0.018179 0.0520072 0.0258269 0.0725117 0.0220587 0.0136818 0.0106417 0.0118658 0.022877 0.845536 0.0548902 0.053407 0.00365819 0 0.00357504 0.00359329 0.474037 0.149756 0.0249476 0.0116363 0.02782 0.0334631 0.0468116 0.0170568 0.0281897 0.0151383 0.0141589 0.00955771 0.00893675 0.0150114 0.0111836 0.0163572 0.0108137 0.0124061 0.0102384 0.00972984 0.00878764 0.00967302 0.0134408 0.010565 0.0128294 0.0104732 0.0120447 0.00896669 0.00884437 0.00868912 0.00982815 0.00971415 0.00994951 0.00957402 0.00919799 0.00850478 0.00845658 0.00937744 0.00913712 0.00996629 0.00928187 0.0103822 0.00870832 0.00837253 0.00863786 0.00972013 0.00950616 0.00910528 0.00849138 0.00867676 0.00890456 0.00844251 0.00821288 0.00812286 0.00855193 0.00868847 0.00841793 0.00819233 0.00811172 0.00838185 0.00839964 
0.00884605 0.0153632 0.0155034 0.021421 0.0362531 0.0160616 0.0102335 0.022441 0.0134105 0.0306996 0.0255301 0.0755049 0.0158313 0.0114668 0.00990626 0.0205219 0.0233488 0.819692 0.0513979 0.00362633 0.00357504 0 0.00359447 0.0208135 0.57634 0.0673353 0.0102235 0.020368 0.0353784 0.0185606 0.0307767 0.0167816 0.0229038 0.0172692 0.00994462 0.00894667 0.00957241 0.0188336 0.0103313 0.0145801 0.0109268 0.0119295 0.0118711 0.00858471 0.00890291 0.0105556 0.0121486 0.0113363 0.0126456 0.0100039 0.0118844 0.0084318 0.00864244 0.00917945 0.0101874 0.00975613 0.00922073 0.00902715 0.00876236 0.00833199 0.00868196 0.00968251 0.00897634 0.0100734 0.00927696 0.00909706 0.0083722 0.00871813 0.00901512 0.0107264 0.00928278 0.00831886 0.00877255 0.00867281 0.00846295 0.00819631 0.00817806 0.00842585 0.00845786 0.00833665 0.00828376 0.00813231 0.00828575 0.00848427 
0.01394 0.00950912 0.0121545 0.0108981 0.0124395 0.0302663 0.0182249 0.00987879 0.0132906 0.011325 0.0142001 0.0168467 0.0483302 0.0137649 0.0148657 0.020747 0.0226775 0.0242458 0.752907 0.00393776 0.00359329 0.00359447 0 0.0293367 0.0263008 0.65594 0.0175536 0.0126073 0.0126137 0.016766 0.0112962 0.0134858 0.0102998 0.0120497 0.0138358 0.00998956 0.0101704 0.00917502 0.0108211 0.00916484 0.0096591 0.00919336 0.00869038 0.00988575 0.0112567 0.00955133 0.00902701 0.0092599 0.00921677 0.009383 0.00858959 0.00915471 0.00948113 0.00898836 0.00869888 0.00927903 0.00865701 0.00886274 0.00893802 0.0090721 0.00849216 0.00842295 0.00888085 0.00861044 0.00891797 0.00846794 0.00885947 0.00945528 0.00857502 0.00884288 0.00885712 0.00865084 0.00832422 0.00837846 0.00826779 0.00826781 0.00832633 0.00816663 0.00821978 0.0082611 0.00823408 0.00815698 0.00839021 0.00837963 
0.01133 0.00908061 0.00988346 0.00986231 0.00966688 0.0129419 0.0112326 0.00930433 0.0103215 0.0113457 0.0115614 0.0102417 0.0153901 0.00944687 0.0115389 0.0391575 0.0245794 0.0193608 0.0318258 0.245219 0.474037 0.0208135 0.0293367 0 0.00419736 0.00367193 0.207781 0.0332071 0.0238437 0.0170561 0.0134029 0.0179672 0.012012 0.0115993 0.0250251 0.0111931 0.0114089 0.0103604 0.0109011 0.00963225 0.0097817 0.00902112 0.00897161 0.0144337 0.0115409 0.010789 0.00938785 0.00987417 0.00941108 0.00948219 0.00874757 0.0116488 0.00924102 0.00906354 0.00889048 0.00892934 0.00876412 0.0087861 0.00969572 0.00924755 0.00858163 0.00856186 0.00910871 0.0089718 0.00892543 0.00858526 0.0100245 0.00930322 0.00887395 0.00901232 0.00958458 0.00903937 0.00837088 0.0083763 0.00823821 0.00849365 0.00839826 0.00810858 0.00831185 0.00817836 0.00827752 0.00831846 0.00840299 0.00839072 
0.0084487 0.0104426 0.00962943 0.0118304 0.0140423 0.00972038 0.00862145 0.0130829 0.0105296 0.0110727 0.0138162 0.0201188 0.0100227 0.0107699 0.00913768 0.0124488 0.0409701 0.0748247 0.020884 0.017736 0.149756 0.57634 0.0263008 0.00419736 0 0.00361774 0.0153394 0.142426 0.0453426 0.0207348 0.0217949 0.0156797 0.0225519 0.0427427 0.00982811 0.00927613 0.0125865 0.0136666 0.0109092 0.012843 0.0102612 0.0098591 0.014384 0.00884875 0.00934585 0.0137485 0.0110407 0.0111447 0.0115665 0.0102003 0.0123164 0.00855326 0.00885069 0.0103048 0.0101719 0.0095875 0.00955064 0.0108114 0.00868287 0.00841468 0.0090065 0.00934852 0.00919836 0.0101316 0.00950787 0.00981759 0.00846408 0.00880584 0.00942915 0.0107859 0.00903775 0.00830589 0.00896478 0.00870385 0.00854286 0.00822496 0.00812079 0.00844834 0.00857147 0.00857432 0.00818982 0.00816605 0.00847392 0.00852877 
0.00951767 0.00888957 0.00958332 0.00954719 0.010134 0.0124268 0.0116428 0.00913173 0.0106656 0.0103211 0.011379 0.0114094 0.0150464 0.0109519 0.0100658 0.0194082 0.0129061 0.0222437 0.0627333 0.0227202 0.0249476 0.0673353 0.65594 0.00367193 0.00361774 0 0.0288832 0.0170329 0.0827351 0.0370122 0.0260946 0.0273607 0.0182963 0.0299971 0.0620112 0.0129364 0.0107629 0.0103083 0.0109857 0.0103258 0.0101242 0.0101052 0.00960348 0.0113777 0.0135297 0.0103586 0.00978004 0.010324 0.009481 0.0100111 0.00949809 0.00943069 0.0108105 0.0093412 0.00910368 0.00929254 0.00985778 0.0103416 0.00959027 0.00994898 0.00880734 0.00896707 0.00928032 0.00874996 0.00934528 0.00898636 0.00908651 0.0100122 0.00969143 0.00978245 0.0101763 0.00906721 0.00844616 0.00846784 0.00845607 0.00830832 0.00834207 0.00827294 0.00825173 0.00832429 0.00835365 0.00818022 0.0083289 0.00838368 
0.00879768 0.00837806 0.00865345 0.00868341 0.00865573 0.00913212 0.00875013 0.00839037 0.00874042 0.00874534 0.00910437 0.00879089 0.0104648 0.00834593 0.00927104 0.0128852 0.0102263 0.00997945 0.0202783 0.0161445 0.0116363 0.0102235 0.0175536 0.207781 0.0153394 0.0288832 0 0.00374389 0.00358342 0.0035769 0.00359922 0.00366942 0.00366743 0.00391771 0.0070306 0.0331263 0.0116123 0.00995102 0.0109751 0.00957824 0.00952523 0.00993411 0.00904972 0.0314547 0.0110911 0.00974072 0.0093809 0.00956862 0.00894684 0.0095143 0.00876582 0.0136579 0.00899845 0.00886864 0.00880181 0.00908523 0.00866586 0.00871778 0.0104872 0.00885178 0.00891521 0.00851897 0.00889651 0.00863864 0.00877406 0.00861975 0.0107953 0.00944862 0.00868529 0.00883613 0.0106314 0.00862544 0.00830998 0.00833693 0.00834753 0.00830097 0.00810267 0.00813124 0.00817877 0.00815535 0.0082748 0.00833956 0.00831122 0.00815673 
0.0084668 0.00916717 0.00921918 0.00968323 0.00952091 0.009111 0.00840495 0.00948414 0.00936851 0.0102409 0.0101441 0.0106483 0.00907743 0.00857442 0.00847366 0.0141917 0.0204776 0.0250324 0.0119099 0.0117285 0.02782 0.020368 0.0126073 0.0332071 0.142426 0.0170329 0.00374389 0 0.00357244 0.00358095 0.00357856 0.00360429 0.00374888 0.00387238 0.00404831 0.0237463 0.0306267 0.020037 0.0134703 0.0191606 0.0158927 0.0115516 0.0221906 0.0100111 0.0135098 0.0185755 0.0184935 0.0155383 0.0162409 0.0119381 0.0116342 0.0099308 0.00974236 0.0129885 0.0119818 0.011857 0.0110001 0.00990233 0.0091153 0.00865046 0.00943566 0.0105201 0.010507 0.012914 0.0100429 0.00986908 0.0088383 0.00929224 0.0102739 0.0104266 0.0091288 0.0084331 0.00905298 0.0087938 0.00863771 0.00819839 0.00814771 0.00847034 0.00859093 0.00848581 0.00817438 0.00805628 0.00840552 0.00822024 
0.0084661 0.00933984 0.0110046 0.0108256 0.0111748 0.00951346 0.0086222 0.00969302 0.0120738 0.014132 0.0163613 0.013551 0.00935248 0.00838118 0.00829586 0.011209 0.0284417 0.0320531 0.0149538 0.0108887 0.0334631 0.0353784 0.0126137 0.0238437 0.0453426 0.0827351 0.00358342 0.00357244 0 0.00355191 0.00356413 0.00356822 0.0035721 0.0036864 0.00365616 0.022064 0.0206408 0.0650746 0.02633 0.0461179 0.0244471 0.0348895 0.0156589 0.0145759 0.0110311 0.0192305 0.0490143 0.0392703 0.0382034 0.0278109 0.0156683 0.00891249 0.00966938 0.0140358 0.0235391 0.0220567 0.0186139 0.0113837 0.00966792 0.0089036 0.0103588 0.0190277 0.0157805 0.0207915 0.0169132 0.0161443 0.00884729 0.00949696 0.0128354 0.0127686 0.0093337 0.00863302 0.00956686 0.00995894 0.00895042 0.00830502 0.00822222 0.00857979 0.00918989 0.00859491 0.00832791 0.00811607 0.0082354 0.00822901 
0.00849214 0.00926655 0.0111262 0.0115361 0.0105277 0.00944923 0.0086099 0.0092218 0.0142024 0.0139545 0.0176106 0.0117705 0.00905204 0.00838208 0.0084012 0.011235 0.0242848 0.0243127 0.0145523 0.0102406 0.0468116 0.0185606 0.016766 0.0170561 0.0207348 0.0370122 0.0035769 0.00358095 0.00355191 0 0.00356525 0.00359032 0.00356691 0.00360656 0.00363477 0.0154142 0.0386332 0.0227311 0.0911654 0.0178673 0.0609957 0.035475 0.0132078 0.0107549 0.0103361 0.0258685 0.0278993 0.073343 0.0264543 0.0663999 0.0102612 0.0106801 0.00924678 0.0149811 0.0201932 0.0261784 0.0186492 0.0144456 0.00952581 0.00882841 0.0116822 0.0127097 0.0271652 0.0138389 0.0407654 0.00919369 0.00959471 0.00907546 0.0126472 0.0112814 0.00961247 0.00867217 0.00916916 0.010447 0.00888029 0.0083675 0.00814818 0.00882443 0.00884 0.00894578 0.00840944 0.00813407 0.00829523 0.00821138 
0.00842784 0.00950385 0.010329 0.0107008 0.0104453 0.00903034 0.00844742 0.00990012 0.0115508 0.0160629 0.0147291 0.0117141 0.00880085 0.00836659 0.00827327 0.0115472 0.0179587 0.0268813 0.0117684 0.0122688 0.0170568 0.0307767 0.0112962 0.0134029 0.0217949 0.0260946 0.00359922 0.00357856 0.00356413 0.00356525 0 0.00355893 0.00359461 0.00358076 0.00358081 0.0219862 0.0165267 0.100404 0.0165216 0.0789644 0.0262246 0.0258127 0.0136287 0.00919391 0.011473 0.0153784 0.0523023 0.0273026 0.0639224 0.0157792 0.0176729 0.00888698 0.0103362 0.0139706 0.0247612 0.019446 0.0226003 0.0108671 0.00918014 0.00907591 0.0103729 0.0236729 0.0129975 0.0501439 0.0139575 0.0109114 0.0088152 0.00922016 0.0115111 0.012298 0.00925327 0.0085403 0.010516 0.0101379 0.00886487 0.00843613 0.00834192 0.00848603 0.00965697 0.00866321 0.00839739 0.00813927 0.00821259 0.00821263 
0.00851323 0.00920198 0.0104603 0.0104154 0.00980329 0.00899517 0.00877548 0.00950536 0.0135343 0.0119924 0.0158226 0.0106236 0.00875234 0.00827371 0.00833132 0.0116199 0.0191458 0.0218657 0.0140036 0.01055 0.0281897 0.0167816 0.0134858 0.0179672 0.0156797 0.0273607 0.00366942 0.00360429 0.00356822 0.00359032 0.00355893 0 0.00355428 0.00359257 0.00358403 0.0168915 0.0502271 0.0232157 0.121948 0.022449 0.0382723 0.018425 0.0115248 0.0098325 0.0102213 0.0236197 0.0267135 0.0738843 0.0180183 0.0494601 0.00995312 0.00944907 0.00946297 0.01374 0.0192802 0.0255458 0.0168344 0.0107364 0.00912125 0.00890265 0.012239 0.0121819 0.0414375 0.0127444 0.0242566 0.00912335 0.00886702 0.00919579 0.0117529 0.011352 0.00916241 0.00870104 0.0090974 0.01049 0.00878928 0.00823392 0.00817673 0.00881781 0.00900911 0.00882084 0.00827966 0.00813871 0.00824902 0.00819086 
0.00829614 0.00899345 0.00926418 0.00956211 0.00945438 0.00885368 0.0084367 0.00925723 0.0101165 0.0115139 0.01148 0.0101944 0.00861161 0.00827752 0.00817268 0.0099547 0.0145516 0.0219709 0.0107555 0.0103439 0.0151383 0.0229038 0.0102998 0.012012 0.0225519 0.0182963 0.00366743 0.00374888 0.0035721 0.00356691 0.00359461 0.00355428 0 0.00358131 0.00354918 0.0184179 0.0176511 0.112191 0.0239812 0.0517738 0.0167094 0.02027 0.0116604 0.00903596 0.0109093 0.0140478 0.0512837 0.0186932 0.0393047 0.0134228 0.0123702 0.00873926 0.00937902 0.0122127 0.0194881 0.0158913 0.0152565 0.0100942 0.00902349 0.00896595 0.00948653 0.0217434 0.0113514 0.0208014 0.0123921 0.00969274 0.00856167 0.00877538 0.0108002 0.0111965 0.00894028 0.00844656 0.00919411 0.00922822 0.00863514 0.00824397 0.00820264 0.0084067 0.00906853 0.00851359 0.00824964 0.00808093 0.00815981 0.0081252 
0.00822301 0.00883762 0.00868579 0.00878368 0.00890895 0.0084235 0.00839963 0.00859064 0.00904126 0.00903283 0.00946394 0.00954392 0.00854146 0.00847856 0.00835377 0.00939926 0.0117148 0.0167708 0.0118456 0.0102069 0.0141589 0.0172692 0.0120497 0.0115993 0.0427427 0.0299971 0.00391771 0.00387238 0.0036864 0.00360656 0.00358076 0.00359257 0.00358131 0 0.00368896 0.010884 0.0624451 0.0223822 0.0264563 0.0164562 0.018631 0.0116063 0.0210292 0.00969998 0.0106517 0.0215835 0.0121157 0.0149437 0.0126358 0.0119365 0.010075 0.00893562 0.00962067 0.0106114 0.0106095 0.0105569 0.0102401 0.0101364 0.00913421 0.00915703 0.0110461 0.00948807 0.00986196 0.00954367 0.00979881 0.00986035 0.00868159 0.00927661 0.00935245 0.010471 0.00907637 0.00846619 0.00872502 0.00873918 0.00849394 0.0082586 0.00816627 0.00838977 0.00840641 0.00836515 0.00824037 0.00806989 0.00818844 0.00810191 
0.00858841 0.00819753 0.00856947 0.00840747 0.0082872 0.00884628 0.00906775 0.00817879 0.00880286 0.00852581 0.00871014 0.00862075 0.00894266 0.00857049 0.00844961 0.0114079 0.00927836 0.00926266 0.0117089 0.0125984 0.00955771 0.00994462 0.0138358 0.0250251 0.00982811 0.0620112 0.0070306 0.00404831 0.00365616 0.00363477 0.00358081 0.00358403 0.00354918 0.00368896 0 0.0540395 0.0119336 0.0163448 0.0146174 0.0134367 0.0115343 0.0112002 0.0100513 0.0185127 0.0347805 0.00972761 0.00947331 0.00939724 0.00931484 0.00930673 0.00901994 0.0092748 0.0126384 0.00915509 0.00881751 0.00932034 0.008979 0.00893686 0.00914617 0.0163738 0.00889533 0.0087122 0.00903296 0.00883923 0.0087325 0.00855681 0.00897219 0.0115935 0.00879057 0.00870236 0.00910132 0.00975301 0.00837594 0.00843969 0.00843989 0.00818545 0.00879255 0.00819929 0.00815642 0.00819822 0.00821278 0.00826655 0.00834067 0.00816114 
0.00834237 0.00830785 0.00848742 0.00843514 0.00833387 0.0084589 0.00844204 0.00837797 0.00839054 0.00854752 0.00867753 0.00839581 0.00851637 0.00814034 0.00820669 0.00880493 0.00904221 0.00909275 0.012052 0.00916307 0.00893675 0.00894667 0.00998956 0.0111931 0.00927613 0.0129364 0.0331263 0.0237463 0.022064 0.0154142 0.0219862 0.0168915 0.0184179 0.010884 0.0540395 0 0.00363328 0.00359308 0.00359796 0.00367726 0.00367016 0.00513741 0.0039313 0.0177607 0.0191252 0.0114764 0.011589 0.0100237 0.0109817 0.00983253 0.0107687 0.0490126 0.0255639 0.0101593 0.0107626 0.00977635 0.0105021 0.00966446 0.0195362 0.0122321 0.00979083 0.0100332 0.00991405 0.012357 0.00931867 0.0104895 0.0147397 0.0187993 0.00989757 0.0112382 0.0163889 0.0101173 0.0091481 0.00882729 0.00901648 0.00988904 0.00871179 0.0083233 0.0083601 0.00851674 0.00959485 0.00921769 0.00828101 0.00839063 
0.00838356 0.00865071 0.00882696 0.00879496 0.00882286 0.00854639 0.00837263 0.0085934 0.00903335 0.00892288 0.00904982 0.0088667 0.00864241 0.0082358 0.00826895 0.00929787 0.0102723 0.0106868 0.0109517 0.00865149 0.0150114 0.00957241 0.0101704 0.0114089 0.0125865 0.0107629 0.0116123 0.0306267 0.0206408 0.0386332 0.0165267 0.0502271 0.0176511 0.0624451 0.0119336 0.00363328 0 0.00357628 0.00358829 0.00358338 0.00359831 0.00362714 0.00384636 0.00432495 0.0137485 0.0286992 0.0105513 0.0253662 0.00997416 0.0191532 0.0156791 0.19402 0.0111356 0.0412883 0.0123846 0.0243665 0.013179 0.0178904 0.0103651 0.0101645 0.0186687 0.0119073 0.0301588 0.0123542 0.0280008 0.0103144 0.0153911 0.0121824 0.0320008 0.0128261 0.0129987 0.0100851 0.0118398 0.0115506 0.00976427 0.00894486 0.0084269 0.0101399 0.008842 0.0103719 0.00888319 0.00830445 0.00865454 0.00819579 
0.00837008 0.00864855 0.00919332 0.00907544 0.00909597 0.00865622 0.00837023 0.00911734 0.00952841 0.00987883 0.0100505 0.00970536 0.00843287 0.00829846 0.00824743 0.00899215 0.0111079 0.0145344 0.00989688 0.00924457 0.0111836 0.0188336 0.00917502 0.0103604 0.0136666 0.0103083 0.00995102 0.020037 0.0650746 0.0227311 0.100404 0.0232157 0.112191 0.0223822 0.0163448 0.00359308 0.00357628 0 0.00354869 0.00356333 0.00356796 0.00360296 0.0038219 0.00365797 0.021322 0.0139594 0.0488099 0.0136247 0.0557877 0.011776 0.560918 0.00896614 0.0189902 0.0156603 0.0680309 0.0183812 0.0543442 0.013046 0.0132422 0.0112747 0.0120753 0.0560878 0.0133897 0.10916 0.0138965 0.0507885 0.00929054 0.0133571 0.0198058 0.0403347 0.0103068 0.00943049 0.0160279 0.0157213 0.0106031 0.00863149 0.00921467 0.0087804 0.0198095 0.00928548 0.00896776 0.00833245 0.0082728 0.00850114 
0.00864902 0.0086753 0.00916923 0.0090967 0.00912736 0.00880519 0.00847734 0.00878588 0.00969165 0.00918418 0.0100034 0.00947527 0.00859782 0.00823384 0.00837557 0.00981231 0.0115921 0.0127303 0.010689 0.00878119 0.0163572 0.0103313 0.0108211 0.0109011 0.0109092 0.0109857 0.0109751 0.0134703 0.02633 0.0911654 0.0165216 0.121948 0.0239812 0.0264563 0.0146174 0.00359796 0.00358829 0.00354869 0 0.00355489 0.00359107 0.00358714 0.00358323 0.00493815 0.0121621 0.0261244 0.0139764 0.0609277 0.0118741 0.685971 0.009328 0.0124333 0.0103909 0.0314941 0.0176912 0.0667722 0.0211224 0.0185884 0.0104403 0.0101015 0.0266066 0.0129156 0.0985159 0.0128365 0.181182 0.00975565 0.0119061 0.0108018 0.0367635 0.0161765 0.0141732 0.010333 0.0112144 0.0286526 0.00961623 0.00883478 0.00839879 0.0128907 0.00976716 0.0113646 0.00888527 0.00817829 0.00885971 0.00835247 
0.00845294 0.00857348 0.00876569 0.00897365 0.00886606 0.00854531 0.00842836 0.00874352 0.00922927 0.00960407 0.00931235 0.00921906 0.00839901 0.00829407 0.00823748 0.0089087 0.0100221 0.0136722 0.0102277 0.00898074 0.0108137 0.0145801 0.00916484 0.00963225 0.012843 0.0103258 0.00957824 0.0191606 0.0461179 0.0178673 0.0789644 0.022449 0.0517738 0.0164562 0.0134367 0.00367726 0.00358338 0.00356333 0.00355489 0 0.00354778 0.00357561 0.00366093 0.00360763 0.0175026 0.0109591 0.0387043 0.0114102 0.685193 0.0096042 0.023627 0.0089803 0.012487 0.014493 0.0492078 0.0179491 0.0353159 0.0135544 0.0116141 0.0118507 0.011771 0.0587039 0.0132561 0.174717 0.0139913 0.0204911 0.0092407 0.0142408 0.0186989 0.0276763 0.0109222 0.00991293 0.0209559 0.0135962 0.0100503 0.0087761 0.00929257 0.00882473 0.0164111 0.00946409 0.00897999 0.008209 0.00831293 0.00841597 
0.00850318 0.00861071 0.00892808 0.00881301 0.00892383 0.00856765 0.00841986 0.00867795 0.00904816 0.00915445 0.0096815 0.00914406 0.00845564 0.00818885 0.00825873 0.00904156 0.0103892 0.0110558 0.00993497 0.00890494 0.0124061 0.0109268 0.0096591 0.0097817 0.0102612 0.0101242 0.00952523 0.0158927 0.0244471 0.0609957 0.0262246 0.0382723 0.0167094 0.018631 0.0115343 0.00367016 0.00359831 0.00356796 0.00359107 0.00354778 0 0.00356942 0.00359785 0.00370537 0.0112107 0.0241004 0.0121165 0.726202 0.0116931 0.036065 0.010421 0.0109543 0.0104561 0.0214199 0.0201093 0.0294417 0.0196385 0.0157171 0.0106535 0.0100812 0.0198017 0.0163327 0.0919723 0.0176603 0.043691 0.0107819 0.0102291 0.0108254 0.0215496 0.0162767 0.0114905 0.00951144 0.0109985 0.0205259 0.0099305 0.00893351 0.0085224 0.010693 0.0099858 0.0100469 0.00885764 0.00821432 0.00834055 0.00829004 
0.00834888 0.00843078 0.00878185 0.00886128 0.0087433 0.00841402 0.00822686 0.00859063 0.00902144 0.00882554 0.00903875 0.00890714 0.00840162 0.00823565 0.00829464 0.00879954 0.00939382 0.0121631 0.00952599 0.00864302 0.0102384 0.0119295 0.00919336 0.00902112 0.0098591 0.0101052 0.00993411 0.0115516 0.0348895 0.035475 0.0258127 0.018425 0.02027 0.0116063 0.0112002 0.00513741 0.00362714 0.00360296 0.00358714 0.00357561 0.00356942 0 0.00355184 0.00356346 0.013264 0.0114226 0.710766 0.018829 0.018034 0.0139784 0.0108378 0.00918529 0.0109441 0.0144601 0.0179495 0.0225503 0.0157479 0.0117173 0.00991371 0.0111372 0.012786 0.0377037 0.0206038 0.0203228 0.0242041 0.0111264 0.00982023 0.0100088 0.0193382 0.0144151 0.0108113 0.0093222 0.0102036 0.0149375 0.00941194 0.00871654 0.00846971 0.00930408 0.0101612 0.0094308 0.00871581 0.00816118 0.00835832 0.00826009 
0.00826162 0.00840738 0.00851612 0.00861635 0.00864901 0.00819778 0.00827307 0.00849831 0.00879858 0.00861099 0.00895885 0.00862181 0.0082927 0.00816675 0.00818661 0.00862101 0.00908344 0.0100141 0.00897567 0.00902791 0.00972984 0.0118711 0.00869038 0.00897161 0.014384 0.00960348 0.00904972 0.0221906 0.0156589 0.0132078 0.0136287 0.0115248 0.0116604 0.0210292 0.0100513 0.0039313 0.00384636 0.0038219 0.00358323 0.00366093 0.00359785 0.00355184 0 0.00362832 0.0106467 0.707962 0.0168225 0.0126078 0.0144968 0.0117461 0.020704 0.00890111 0.0114921 0.0162999 0.0182238 0.0112541 0.0136871 0.0151194 0.0115053 0.0100479 0.0252935 0.0135021 0.0105708 0.0163467 0.0114463 0.0217032 0.00894483 0.0116978 0.013809 0.0355198 0.0104445 0.00914208 0.013355 0.00972162 0.00952738 0.00850272 0.00898077 0.00884343 0.00929391 0.00931218 0.0086089 0.00859708 0.00820046 0.00835716 
