1H6HA
AVAQQLRAESDFEQLPDDVAISANIADIEEKRGFTSHFVFVIEVKTKGGSKYLIYRRYRQFHALQSKLEERFGPDSKSSALACTLPTLPAKVYVGVKQEIAEMRIPALNAYMKSLLSLPVWVLMDEDVRIFFYQSPYDSEQVP
CHHHHHHHHHHHHHCCCCCEEEEEEEEEEEECCCCCEEEEEEEEEECCCCEEEEEEEHHHHHHHHHHHHHHHCCCCCCHHHCCCCCCCCCCCCCCCHHHHHHHHHHHHHHHHHHHCCCCHHHHCCHHHHHHHCCCHHHHCCCC
0 0 0 0 0 0 0 0 0 0 0 0 0 0 0 0 0 0 0 0 0 0 0 0 0 0 0 0 0 0 0 0 0 0 0 0 0 0 0 0 0 0 0 0 0 0 0 0 0 0 0 0 0 0 0 0 0 0 0 0 0 0 0 0 0 0 0 0 0 0 0 0 0 0 0 0 0 0 0 0 0 0 0 0 0 0 0 0 0 0 0 0 0 0 0 0 0 0 0 0 0 0 0 0 0 0 0 0 0 0 0 0 0 0 0 0 0 0 0 0 0 0 0 0 0 0 0 0 0 0 0 0 0 0 0 0 0 0 0 0 0 0 0 
0 0 0 0 0 0 0 0 0 0 0 0 0 0 0 0 0 0 0 0 0 0 0 0 0 0 0 0 0 0 0 0 0 0 0 0 0 0 0 0 0 0 0 0 0 0 0 0 0 0 0 0 0 0 0 0 0 0 0 0 0 0 0 0 0 0 0 0 0 0 0 0 0 0 0 0 0 0 0 0 0 0 0 0 0 0 0 0 0 0 0 0 0 0 0 0 0 0 0 0 0 0 0 0 0 0 0 0 0 0 0 0 0 0 0 0 0 0 0 0 0 0 0 0 0 0 0 0 0 0 0 0 0 0 0 0 0 0 0 0 0 0 0 
0 0.00373221 0.00363421 0.00380834 0.00391753 0.00392887 0.00418012 0.00467255 0.00608454 0.00618007 0.00749242 0.0303095 0.0112827 0.0107947 0.0110334 0.0196405 0.0124335 0.0129342 0.0129524 0.0129882 0.0149024 0.11651 0.019351 0.0154045 0.0115824 0.010646 0.0116589 0.0130037 0.0199636 
0.00373221 0 0.00362661 0.00367181 0.00366051 0.00363988 0.0036671 0.00367663 0.00464849 0.00531143 0.00829743 0.00810064 0.00777118 0.0167816 0.0150778 0.0160935 0.0131097 0.0156406 0.00975499 0.0160764 0.0190502 0.0945195 0.00990468 0.0182246 0.0124032 0.0207404 0.0117746 0.0148939 0.00934875 
0.00363421 0.00362661 0 0.00358021 0.00366965 0.00362554 0.00360994 0.00477196 0.00378427 0.00756684 0.00469702 0.00579701 0.0102552 0.00897838 0.0194794 0.0125427 0.0181342 0.009053 0.0309488 0.00957723 0.463031 0.0182065 0.00994152 0.00964899 0.0217299 0.0129546 0.0217926 0.00928088 0.00946682 
0.00380834 0.00367181 0.00358021 0 0.00356111 0.00367383 0.00362752 0.00362243 0.00619135 0.00378627 0.00487522 0.00577616 0.00657903 0.0171215 0.00869948 0.0164163 0.00945091 0.0318577 0.00927235 0.638931 0.0548254 0.0180378 0.00909154 0.0159807 0.0116054 0.0270471 0.0108142 0.0160021 0.00839912 
0.00391753 0.00366051 0.00366965 0.00356111 0 0.00355698 0.00361469 0.00402162 0.00359289 0.00387535 0.00446106 0.00500559 0.00920143 0.00738549 0.01166 0.0100683 0.0203924 0.00913619 0.62564 0.0178328 0.0434202 0.00882265 0.012028 0.00972746 0.0221037 0.01261 0.0210027 0.00929635 0.0112241 
0.00392887 0.00363988 0.00362554 0.00367383 0.00355698 0 0.00388556 0.00360275 0.00367699 0.00360749 0.00366096 0.00451818 0.00601553 0.0104056 0.0083607 0.0123601 0.00938027 0.647022 0.0981087 0.0384347 0.00907514 0.0110739 0.00918278 0.0141195 0.0112153 0.017533 0.0104743 0.0138963 0.00847767 
0.00418012 0.0036671 0.00360994 0.00362752 0.00361469 0.00388556 0 0.00355848 0.00357872 0.00355989 0.00362712 0.00377848 0.0061184 0.00736162 0.00735553 0.0125363 0.11027 0.202834 0.0115502 0.0100082 0.00865665 0.00867659 0.00903167 0.00989029 0.0123953 0.0147474 0.0136033 0.00942433 0.00866827 
0.00467255 0.00367663 0.00477196 0.00362243 0.00402162 0.00360275 0.00355848 0 0.00358127 0.00361652 0.00361318 0.0036799 0.00691965 0.00655377 0.0135218 0.0521948 0.875151 0.0103485 0.0251623 0.00823606 0.0178509 0.0083065 0.00900814 0.00907839 0.0139102 0.0139929 0.0161836 0.0093162 0.00910252 
0.00608454 0.00464849 0.00378427 0.00619135 0.00359289 0.00367699 0.00357872 0.00358127 0 0.0035539 0.00357211 0.00366624 0.00487726 0.0108442 0.0136116 0.898893 0.00899801 0.0198177 0.00753173 0.0217193 0.0075933 0.00951741 0.00842263 0.0109621 0.00992557 0.0131131 0.00986455 0.0105547 0.00809134 
0.00618007 0.00531143 0.00756684 0.00378627 0.00387535 0.00360749 0.00355989 0.00361652 0.0035539 0 0.00358969 0.00363143 0.00479343 0.00793085 0.928243 0.00879241 0.0121744 0.0071641 0.0149929 0.00766708 0.00866746 0.00791271 0.00899662 0.0089303 0.011892 0.00999062 0.0104424 0.00868384 0.00890531 
0.00749242 0.00829743 0.00469702 0.00487522 0.00446106 0.00366096 0.00362712 0.00361318 0.00357211 0.00358969 0 0.00383768 0.00421807 0.936368 0.0112919 0.00847553 0.00704472 0.00818131 0.00739867 0.00758269 0.00780218 0.00753367 0.00852335 0.012495 0.00895363 0.00977592 0.00919085 0.00927203 0.00802717 
0.0303095 0.00810064 0.00579701 0.00577616 0.00500559 0.00451818 0.00377848 0.0036799 0.00366624 0.00363143 0.00383768 0 0.938209 0.010199 0.00649 0.00606247 0.00683945 0.00649719 0.00682177 0.00770168 0.00677641 0.00715554 0.0136455 0.0101928 0.00850457 0.00859075 0.00926482 0.00821861 0.00815975 
0.0112827 0.00777118 0.0102552 0.00657903 0.00920143 0.00601553 0.0061184 0.00691965 0.00487726 0.00479343 0.00421807 0.938209 0 0.00363137 0.00363635 0.00357515 0.00362678 0.00370459 0.00445868 0.00410095 0.00622827 0.0062862 0.00917329 0.00738317 0.00840573 0.00854909 0.0101697 0.00862793 0.0257938 
0.0107947 0.0167816 0.00897838 0.0171215 0.00738549 0.0104056 0.00736162 0.00655377 0.0108442 0.00793085 0.936368 0.010199 0.00363137 0 0.00360266 0.00357963 0.00361192 0.00379127 0.00379451 0.00455001 0.00510056 0.00549078 0.00631458 0.0112185 0.00944251 0.0135712 0.0095288 0.0266376 0.00805327 
0.0110334 0.0150778 0.0194794 0.00869948 0.01166 0.0083607 0.00735553 0.0135218 0.0136116 0.928243 0.0112919 0.00649 0.00363635 0.00360266 0 0.00357329 0.00359465 0.00360317 0.00368622 0.00404947 0.00400071 0.00644387 0.00820091 0.00801701 0.0125422 0.0116084 0.0195458 0.0122876 0.753081 
0.0196405 0.0160935 0.0125427 0.0164163 0.0100683 0.0123601 0.0125363 0.0521948 0.898893 0.00879241 0.00847553 0.00606247 0.00357515 0.00357963 0.00357329 0 0.00357889 0.00360449 0.00361673 0.00363347 0.00372149 0.00379656 0.00722377 0.0128555 0.0114545 0.0281439 0.0179509 0.895845 0.0139597 
0.0124335 0.0131097 0.0181342 0.00945091 0.0203924 0.00938027 0.11027 0.875151 0.00899801 0.0121744 0.00704472 0.00683945 0.00362678 0.00361192 0.00359465 0.00357889 0 0.00356757 0.00358996 0.00359644 0.00385579 0.00368432 0.0105177 0.00907653 0.0163736 0.0147866 0.93727 0.024215 0.00997339 
0.0129342 0.0156406 0.009053 0.0318577 0.00913619 0.647022 0.202834 0.0103485 0.0198177 0.0071641 0.00818131 0.00649719 0.00370459 0.00379127 0.00360317 0.00360449 0.00356757 0 0.00356146 0.00382681 0.00359812 0.00364978 0.00503462 0.013491 0.0116329 0.92815 0.0159241 0.0139758 0.00648481 
0.0129524 0.00975499 0.0309488 0.00927235 0.62564 0.0981087 0.0115502 0.0251623 0.00753173 0.0149929 0.00739867 0.00682177 0.00445868 0.00379451 0.00368622 0.00361673 0.00358996 0.00356146 0 0.00354472 0.00424366 0.00356159 0.00844119 0.00728022 0.90257 0.0177076 0.0124198 0.00669051 0.00864979 
0.0129882 0.0160764 0.00957723 0.638931 0.0178328 0.0384347 0.0100082 0.00823606 0.0217193 0.00766708 0.00758269 0.00770168 0.00410095 0.00455001 0.00404947 0.00363347 0.00359644 0.00382681 0.00354472 0 0.00353635 0.00359845 0.00568345 0.829717 0.013578 0.0165995 0.0078627 0.0111191 0.00524081 
0.0149024 0.0190502 0.463031 0.0548254 0.0434202 0.00907514 0.00865665 0.0178509 0.0075933 0.00866746 0.00780218 0.00677641 0.00622827 0.00510056 0.00400071 0.00372149 0.00385579 0.00359812 0.00424366 0.00353635 0 0.00356453 0.786184 0.0321734 0.0101548 0.00698698 0.0079543 0.00544703 0.00648927 
0.11651 0.0945195 0.0182065 0.0180378 0.00882265 0.0110739 0.00867659 0.0083065 0.00951741 0.00791271 0.00753367 0.00715554 0.0062862 0.00549078 0.00644387 0.00379656 0.00368432 0.00364978 0.00356159 0.00359845 0.00356453 0 0.033929 0.0109239 0.00452188 0.00695761 0.00613092 0.00571956 0.00465564 
0.019351 0.00990468 0.00994152 0.00909154 0.012028 0.00918278 0.00903167 0.00900814 0.00842263 0.00899662 0.00852335 0.0136455 0.00917329 0.00631458 0.00820091 0.00722377 0.0105177 0.00503462 0.00844119 0.00568345 0.786184 0.033929 0 0.00475311 0.00357639 0.00354348 0.00366577 0.00393244 0.00767004 
0.0154045 0.0182246 0.00964899 0.0159807 0.00972746 0.0141195 0.00989029 0.00907839 0.0109621 0.0089303 0.012495 0.0101928 0.00738317 0.0112185 0.00801701 0.0128555 0.00907653 0.013491 0.00728022 0.829717 0.0321734 0.0109239 0.00475311 0 0.00356788 0.00356362 0.00364501 0.00587341 0.00375563 
0.0115824 0.0124032 0.0217299 0.0116054 0.0221037 0.0112153 0.0123953 0.0139102 0.00992557 0.011892 0.00895363 0.00850457 0.00840573 0.00944251 0.0125422 0.0114545 0.0163736 0.0116329 0.90257 0.013578 0.0101548 0.00452188 0.00357639 0.00356788 0 0.00357502 0.00354968 0.00358873 0.00357756 
0.010646 0.0207404 0.0129546 0.0270471 0.01261 0.017533 0.0147474 0.0139929 0.0131131 0.00999062 0.00977592 0.00859075 0.00854909 0.0135712 0.0116084 0.0281439 0.0147866 0.92815 0.0177076 0.0165995 0.00698698 0.00695761 0.00354348 0.00356362 0.00357502 0 0.00355678 0.00355118 0.00355668 
0.0116589 0.0117746 0.0217926 0.0108142 0.0210027 0.0104743 0.0136033 0.0161836 0.00986455 0.0104424 0.00919085 0.00926482 0.0101697 0.0095288 0.0195458 0.0179509 0.93727 0.0159241 0.0124198 0.0078627 0.0079543 0.00613092 0.00366577 0.00364501 0.00354968 0.00355678 0 0.00365281 0.00357354 
0.0130037 0.0148939 0.00928088 0.0160021 0.00929635 0.0138963 0.00942433 0.0093162 0.0105547 0.00868384 0.00927203 0.00821861 0.00862793 0.0266376 0.0122876 0.895845 0.024215 0.0139758 0.00669051 0.0111191 0.00544703 0.00571956 0.00393244 0.00587341 0.00358873 0.00355118 0.00365281 0 0.00355832 
0.0199636 0.00934875 0.00946682 0.00839912 0.0112241 0.00847767 0.00866827 0.00910252 0.00809134 0.00890531 0.00802717 0.00815975 0.0257938 0.00805327 0.753081 0.0139597 0.00997339 0.00648481 0.00864979 0.00524081 0.00648927 0.00465564 0.00767004 0.00375563 0.00357756 0.00355668 0.00357354 0.00355832 0 
