1H6XA
EPDANGYYYHDTFEGSVGQWTAAGPAEVLLSGRTAYKGSESLLVRNRTAAWNGAQRALNPRTFVPGNTYCFSVVASFIEGASSTTFCMKLQYVDGSGTQRYDTIDMKTVGPNQWVHLYNPQYRIPSDATDMYVYVETADDTINFYIDEAIGAVAGTVIE
CCCCCCEEEEECCCCCCCCEEEECCCEEEEECCCCCCCCCEEEEECCCCCCCEEEEECCCCCCCCCCEEEEEEEEECCCCCCCEEEEEEEEEECCCCCEEEEEEEEEEECCCCCEEEEEEEEECCCCCEEEEEEEEECCCCCCEEEEEEEEEECCCCCC
0 0 0 0 0 0 0 0 0 0 0 0 0 0 0 0 0 0 0 0 0 0 0 0 0 0 0 0 0 0 0 0 0 0 0 0 0 0 0 0 0 0 0 0 0 0 0 0 0 0 0 0 0 0 0 0 0 0 0 0 0 0 0 0 0 0 0 0 0 0 0 0 0 0 0 0 0 0 0 0 0 0 0 0 0 0 0 0 0 0 0 0 0 0 0 0 0 0 0 0 0 0 0 0 0 0 0 0 0 0 0 0 0 0 0 0 0 0 0 0 0 0 0 0 0 0 0 0 0 0 0 0 0 0 0 0 0 0 0 0 0 0 0 0 0 0 0 0 0 0 0 0 0 0 0 0 0 0 0 
0 0 0 0 0 0 0 0 0 0 0 0 0 0 0 0 0 0 0 0 0 0 0 0 0 0 0 0 0 0 0 0 0 0 0 0 0 0 0 0 0 0 0 0 0 0 0 0 0 0 0 0 0 0 0 0 0 0 0 0 0 0 0 0 0 0 0 0 0 0 0 0 0 0 0 0 0 0 0 0 0 0 0 0 0 0 0 0 0 0 0 0 0 0 0 0 0 0 0 0 0 0 0 0 0 0 0 0 0 0 0 0 0 0 0 0 0 0 0 0 0 0 0 0 0 0 0 0 0 0 0 0 0 0 0 0 0 0 0 0 0 0 0 0 0 0 0 0 0 0 0 0 0 0 0 0 0 0 0 
0 0.00362599 0.00371923 0.00401112 0.00519816 0.00954167 0.007379 0.0113651 0.170115 0.0151478 0.0148513 0.00899723 0.0120454 0.0392013 0.0144732 0.0116584 0.0100907 0.0138707 0.0191616 0.0101605 0.00908438 0.00923808 0.0115767 0.0170514 0.00988375 0.00935217 0.00927287 0.0107755 0.00931401 0.0105061 0.00956071 0.0118119 0.0148903 0.00997278 0.00833899 0.00891775 0.00878124 0.00988814 0.00881069 0.0094014 0.0087435 0.00950085 0.0132814 0.00860275 0.00821169 0.00828286 0.00829725 0.00822969 0.00849363 0.00825016 0.00834947 0.00824623 0.00852538 0.0119648 0.00861185 0.00818025 0.00854469 0.00810828 0.00811739 0.00809727 0.00809498 0.0085018 0.00947212 0.00819922 0.00808356 0.00836814 0.00826926 0.00854529 0.00845465 0.00858294 0.00883505 0.0105794 0.00858457 0.0083556 0.00850499 0.00836394 0.00859594 0.00849315 0.00855562 0.00850204 0.00898483 0.00990169 
0.00362599 0 0.00355459 0.00414185 0.00359036 0.00657351 0.0115768 0.0802004 0.0178834 0.0216465 0.0086296 0.0144023 0.0144017 0.00983727 0.0108992 0.0132871 0.0210535 0.0128725 0.0102 0.0094349 0.0114335 0.0117243 0.0105347 0.0111622 0.00878941 0.010644 0.0138807 0.0105434 0.0217508 0.0101626 0.0199942 0.011334 0.0106416 0.00839697 0.0107573 0.00891052 0.0145209 0.00956359 0.0145666 0.0093177 0.0124386 0.00980012 0.00908767 0.00821756 0.00824989 0.00831647 0.00830151 0.00930945 0.00842763 0.00875251 0.00842381 0.00827178 0.00926385 0.00842796 0.00829328 0.00990305 0.00841665 0.00844003 0.00815583 0.00815242 0.00856919 0.0083855 0.0090723 0.00811708 0.00846785 0.00830733 0.00966026 0.00856527 0.00971225 0.0088007 0.00909286 0.00842554 0.00830505 0.0090318 0.00865709 0.00886046 0.00874948 0.00874113 0.00899293 0.00879607 0.00877552 0.00855845 
0.00371923 0.00355459 0 0.00359441 0.00360308 0.0104648 0.0171729 0.0318591 0.0105122 0.00814663 0.027529 0.00969795 0.0100526 0.00908837 0.00972037 0.0160723 0.0128701 0.0185532 0.00884508 0.00905784 0.0136006 0.0109858 0.0131329 0.00892317 0.00887229 0.0109299 0.0124395 0.0297406 0.0104108 0.0357387 0.0169748 0.0181176 0.00929711 0.0102814 0.00841891 0.0255329 0.00955138 0.0262182 0.00989843 0.0244154 0.0105011 0.00991106 0.008801 0.00821697 0.00823393 0.00863048 0.00900249 0.00856106 0.0114072 0.00890949 0.00900304 0.0094294 0.00828383 0.0087292 0.00882723 0.00831667 0.011303 0.00842989 0.00836228 0.0084486 0.00825301 0.0095878 0.00817595 0.00818812 0.00831857 0.0103126 0.00866579 0.0117781 0.00899443 0.0111036 0.0086033 0.00847362 0.00871482 0.00862524 0.0101329 0.00892636 0.00955464 0.009646 0.0100261 0.00903966 0.00863666 0.00839033 
0.00401112 0.00414185 0.00359441 0 0.00357872 0.028985 0.0697465 0.0131246 0.00704316 0.0259533 0.00845839 0.0117169 0.00986145 0.0087625 0.0115698 0.012059 0.0167518 0.00915011 0.00953163 0.00917441 0.0105275 0.011265 0.00910736 0.0104835 0.00939126 0.0100119 0.0138618 0.00924455 0.0148443 0.00974816 0.0144484 0.0114992 0.0107152 0.00847338 0.0124228 0.00864675 0.0136081 0.00878853 0.0147154 0.00871288 0.00995456 0.00933545 0.00844526 0.00836401 0.00838375 0.0083153 0.00828912 0.0092994 0.00830225 0.00862246 0.00845109 0.00822616 0.00943211 0.00813622 0.00821809 0.0105008 0.00835 0.00846234 0.00809907 0.0080667 0.00869146 0.00819124 0.00852181 0.00822152 0.00836664 0.00820026 0.0101325 0.00836622 0.00968146 0.00854642 0.00851792 0.0081986 0.00819673 0.00886417 0.00851718 0.00852206 0.00863689 0.00859249 0.00877355 0.00856283 0.00826489 0.00812045 
0.00519816 0.00359036 0.00360308 0.00357872 0 0.069299 0.00636553 0.00601523 0.0102536 0.00848321 0.0142974 0.00828219 0.00912991 0.0191552 0.0177034 0.0113752 0.00925456 0.0121536 0.00904232 0.012074 0.0105057 0.00899937 0.00996628 0.00973734 0.011951 0.0135476 0.00922691 0.0118273 0.00938793 0.0107377 0.00947625 0.0121464 0.0103578 0.0215376 0.00837016 0.0101988 0.0087854 0.0102905 0.00893373 0.00961448 0.00880105 0.00893976 0.00872489 0.00891544 0.00824759 0.00821866 0.00834192 0.00821662 0.00861634 0.00844629 0.0083364 0.00831815 0.00824586 0.00969181 0.0102651 0.00820219 0.00931851 0.00827236 0.00814391 0.00819245 0.00813262 0.00886378 0.00812079 0.00857608 0.00815616 0.00870912 0.00829821 0.00888773 0.00849099 0.0087377 0.00822928 0.00845717 0.00930439 0.00824622 0.00849181 0.00835864 0.00835285 0.00843996 0.00851283 0.00842066 0.00827548 0.00827275 
0.00954167 0.00657351 0.0104648 0.028985 0.069299 0 0.00384007 0.00369986 0.00758239 0.00453709 0.00697582 0.0167923 0.0585888 0.0981586 0.00970829 0.00938306 0.00887096 0.0139552 0.016761 0.00906398 0.00883046 0.00869581 0.0285535 0.0145688 0.00931151 0.00941544 0.00893416 0.00951059 0.00898644 0.00975474 0.00902155 0.00988353 0.0150272 0.0101399 0.00835124 0.0088864 0.00867793 0.00914203 0.00863329 0.00893668 0.00862878 0.009204 0.011854 0.00851117 0.00822307 0.00833067 0.00829348 0.00822338 0.0085851 0.00841011 0.00833492 0.00833706 0.00825809 0.0125893 0.00864903 0.00825175 0.00873928 0.00816077 0.00811625 0.00818129 0.00812146 0.00856292 0.00914805 0.00815967 0.00810943 0.00848553 0.00827673 0.008492 0.00834587 0.00841925 0.00855346 0.0102785 0.00846728 0.00826476 0.00832838 0.00829759 0.00829462 0.00836613 0.00833823 0.00836836 0.00845617 0.00916174 
0.007379 0.0115768 0.0171729 0.0697465 0.00636553 0.00384007 0 0.00401638 0.00358407 0.00414512 0.0155557 0.0339689 0.05877 0.00610825 0.00868541 0.00914685 0.0110569 0.0105408 0.00867964 0.00877149 0.00904561 0.0286616 0.00962338 0.0101027 0.00877942 0.00936994 0.0105867 0.00958108 0.0109012 0.00972742 0.0112602 0.010927 0.00914203 0.00834629 0.00886376 0.00893227 0.00972184 0.00919363 0.00984996 0.00897134 0.0100305 0.0093572 0.0089081 0.00808259 0.00820101 0.00821116 0.00827614 0.00865758 0.00848074 0.00862924 0.00849207 0.00819948 0.00865883 0.00828133 0.00817128 0.00853576 0.00847974 0.00816734 0.00807249 0.0080582 0.00823202 0.00822152 0.00855302 0.00804184 0.00824084 0.0082008 0.0086837 0.00839308 0.0090556 0.00863505 0.00851952 0.00830548 0.00815254 0.00862996 0.00868189 0.00852973 0.00866598 0.00876122 0.00864352 0.008456 0.00833779 0.008324 
0.0113651 0.0802004 0.0318591 0.0131246 0.00601523 0.00369986 0.00401638 0 0.00355249 0.00587387 0.0200448 0.0318694 0.00602116 0.00506758 0.0089954 0.0125988 0.0104543 0.0102324 0.00862465 0.00870555 0.0228303 0.00938461 0.00953243 0.00883378 0.00869643 0.0106818 0.0104082 0.00976265 0.00962511 0.0104435 0.0111295 0.010999 0.00906194 0.00863054 0.00937657 0.00904892 0.00933275 0.0094636 0.009307 0.00931458 0.00918773 0.00928198 0.00842549 0.00819773 0.00828305 0.00821735 0.00830303 0.00842831 0.00846186 0.00845637 0.00840613 0.00829747 0.00830194 0.0082251 0.00822322 0.00851874 0.00829882 0.00816324 0.00806152 0.00810609 0.00823704 0.00833102 0.00820191 0.00813614 0.00817536 0.00827845 0.00859842 0.00851634 0.00888365 0.00897681 0.00836301 0.00815547 0.00825815 0.00882967 0.00870407 0.00852705 0.00865366 0.00870656 0.00874332 0.00851031 0.00829828 0.00811556 
0.170115 0.0178834 0.0105122 0.00704316 0.0102536 0.00758239 0.00358407 0.00355249 0 0.0290735 0.0320781 0.00395475 0.00423243 0.00650938 0.013115 0.0109488 0.00946595 0.00999308 0.0121065 0.021557 0.00986085 0.00925764 0.00940248 0.00985973 0.0140081 0.00996231 0.00930855 0.0092734 0.0090718 0.00945009 0.00929608 0.0098598 0.010935 0.0190825 0.0088214 0.00901599 0.00887947 0.00901132 0.0088231 0.00901263 0.00869196 0.00892159 0.00947799 0.0100918 0.00834168 0.00826709 0.00825371 0.00821539 0.00842439 0.00841183 0.00839718 0.00824434 0.00822842 0.00969897 0.0106866 0.00827379 0.00853725 0.00818534 0.00810605 0.00808375 0.00818232 0.00837438 0.00845321 0.00907014 0.008184 0.00827953 0.00828129 0.00831261 0.00836551 0.00843661 0.00827888 0.00872151 0.00948132 0.00845199 0.00842694 0.00820288 0.00829728 0.00828461 0.00835881 0.00831127 0.00830287 0.00834158 
0.0151478 0.0216465 0.00814663 0.0259533 0.00848321 0.00453709 0.00414512 0.00587387 0.0290735 0 0.00374006 0.00370397 0.00373198 0.00463041 0.0192736 0.00841723 0.0135084 0.0114897 0.808721 0.0174587 0.00914166 0.0115336 0.0093936 0.0438758 0.0142716 0.0101268 0.0114129 0.00950154 0.0148711 0.00961414 0.0130334 0.0104837 0.0274569 0.00988281 0.0142626 0.0087849 0.0123048 0.0091317 0.0123424 0.00884775 0.010517 0.00939076 0.0131792 0.00973417 0.0086288 0.00859061 0.00853928 0.0105671 0.0085145 0.00909569 0.00876052 0.00828433 0.0112777 0.0101415 0.00864891 0.0112046 0.00829018 0.00919232 0.008378 0.00809259 0.00978707 0.00817468 0.0158322 0.00917426 0.00894984 0.00814618 0.010875 0.00837626 0.0108022 0.00841945 0.00951023 0.0100254 0.00910466 0.00925073 0.00837122 0.00847522 0.00869941 0.0083978 0.00916068 0.00857831 0.00885256 0.00976116 
0.0148513 0.0086296 0.027529 0.00845839 0.0142974 0.00697582 0.0155557 0.0200448 0.0320781 0.00374006 0 0.0036076 0.00370833 0.00375896 0.00782643 0.0233499 0.00950416 0.886079 0.0118991 0.00950055 0.0147073 0.0087487 0.0288293 0.00918166 0.0105757 0.0176503 0.010024 0.027536 0.0101652 0.0280046 0.0103154 0.0241223 0.00983508 0.0165946 0.00873227 0.0195244 0.0093852 0.023331 0.00947393 0.0196798 0.00935858 0.0116424 0.00964053 0.00892562 0.00855471 0.00874617 0.00931356 0.00853767 0.010989 0.00899979 0.00856386 0.00953313 0.00841582 0.0109718 0.0108916 0.00827981 0.0118732 0.00835381 0.00828664 0.00894085 0.00815968 0.0134609 0.00835746 0.00835792 0.00823371 0.01141 0.00843695 0.0132906 0.00884141 0.0119321 0.00868817 0.00906484 0.009978 0.00869633 0.00957014 0.00864528 0.00900047 0.0101862 0.00899612 0.00915764 0.00911227 0.00859277 
0.00899723 0.0144023 0.00969795 0.0117169 0.00828219 0.0167923 0.0339689 0.0318694 0.00395475 0.00370397 0.0036076 0 0.00355927 0.00356225 0.00893646 0.00867719 0.822997 0.00911576 0.00858427 0.00849847 0.00888025 0.0180571 0.00897447 0.00971333 0.00916121 0.00989189 0.0235431 0.0109184 0.0258606 0.0119626 0.0379037 0.010206 0.0102698 0.00863258 0.0115374 0.0100856 0.0221909 0.0104965 0.023052 0.00984937 0.0213673 0.00942828 0.00919259 0.00836206 0.00841924 0.00893154 0.00869701 0.0119103 0.00908901 0.00977156 0.00926604 0.00870955 0.00905276 0.00845078 0.00831968 0.00979456 0.00862346 0.00891748 0.00846484 0.00830468 0.00951298 0.00830844 0.00880719 0.00817429 0.00846111 0.00852661 0.0120997 0.00904604 0.0139604 0.00944731 0.00906846 0.00838331 0.00848307 0.00902446 0.00964374 0.00953475 0.00994088 0.00948706 0.0107366 0.0091578 0.00864718 0.0085707 
0.0120454 0.0144017 0.0100526 0.00986145 0.00912991 0.0585888 0.05877 0.00602116 0.00423243 0.00373198 0.00370833 0.00355927 0 0.0036099 0.0101883 0.748663 0.0138383 0.0132071 0.00823177 0.00892419 0.0150048 0.00919674 0.0130002 0.00908197 0.00958611 0.0130212 0.011708 0.0122565 0.0101862 0.0153051 0.0118857 0.0228196 0.00988858 0.0100939 0.00985955 0.0100631 0.0100615 0.0121531 0.00972114 0.0119289 0.00962431 0.0127856 0.00888815 0.00873568 0.00858527 0.00842576 0.00855581 0.00863614 0.00889631 0.00885078 0.00862121 0.00857615 0.00879249 0.00858921 0.00882529 0.00854142 0.00866124 0.00832193 0.00823057 0.00853676 0.00827975 0.00884779 0.00847761 0.00852422 0.00830262 0.00848167 0.00883945 0.00925349 0.00921108 0.0105239 0.0086018 0.00829604 0.00851932 0.00892471 0.00916132 0.00882846 0.00878549 0.00896891 0.00894919 0.00887372 0.00857023 0.00822686 
0.0392013 0.00983727 0.00908837 0.0087625 0.0191552 0.0981586 0.00610825 0.00506758 0.00650938 0.00463041 0.00375896 0.00356225 0.0036099 0 0.692559 0.0162458 0.00973916 0.0091683 0.00941566 0.0138459 0.00990119 0.00906024 0.00903077 0.0125518 0.0181004 0.00979656 0.00966504 0.00925297 0.00956153 0.00967682 0.0103278 0.0100307 0.0142576 0.0197513 0.00886231 0.00899936 0.00924519 0.00898925 0.00926829 0.00889865 0.00902603 0.00893192 0.0103819 0.0109949 0.00842668 0.008372 0.00831173 0.00828879 0.00851496 0.00846024 0.00847254 0.00828008 0.00822111 0.0103631 0.0109446 0.00830917 0.00856207 0.0083136 0.00841862 0.00810868 0.00812912 0.00845426 0.00877331 0.00919409 0.00814596 0.00826878 0.00833272 0.00830272 0.00843917 0.00852577 0.00830499 0.0090046 0.00949444 0.00843805 0.00840048 0.00826327 0.00840624 0.00832464 0.00851003 0.00834186 0.00819612 0.00861764 
0.0144732 0.0108992 0.00972037 0.0115698 0.0177034 0.00970829 0.00868541 0.0089954 0.013115 0.0192736 0.00782643 0.00893646 0.0101883 0.692559 0 0.00404792 0.0036175 0.00367243 0.00450218 0.00641934 0.00691665 0.00858238 0.0141546 0.246101 0.0141267 0.0113842 0.0104113 0.010922 0.0129753 0.0110314 0.0128962 0.0121022 0.0289801 0.0129689 0.0101518 0.00933882 0.0102491 0.0102794 0.0116052 0.00973367 0.0110568 0.0106085 0.0182461 0.0097564 0.00862522 0.00859203 0.00850448 0.0089931 0.00891961 0.00910622 0.00860579 0.00860816 0.00928818 0.0141019 0.00986724 0.00893644 0.00858447 0.00835794 0.00816497 0.00813399 0.00837181 0.00855099 0.0137233 0.00874571 0.00841241 0.00842842 0.0087913 0.00877592 0.00929897 0.00873493 0.0095409 0.0129747 0.00983351 0.00864065 0.008621 0.00856695 0.00862127 0.00870394 0.00866074 0.00880068 0.00938814 0.0109588 
0.0116584 0.0132871 0.0160723 0.012059 0.0113752 0.00938306 0.00914685 0.0125988 0.0109488 0.00841723 0.0233499 0.00867719 0.748663 0.0162458 0.00404792 0 0.00356548 0.00361219 0.00359597 0.00643681 0.00857247 0.0127473 0.216192 0.0472294 0.0107562 0.0212229 0.0121268 0.0220733 0.013868 0.0318089 0.0138069 0.0457466 0.0115196 0.0122578 0.0103755 0.0185135 0.0129263 0.0359101 0.0132168 0.0270798 0.0129395 0.0219354 0.0109713 0.00868601 0.00899722 0.00892653 0.00952236 0.00979717 0.0119901 0.00974283 0.00961524 0.00954439 0.00927125 0.0109048 0.00979917 0.00904027 0.0113275 0.00860791 0.00852085 0.00872601 0.00839221 0.0125953 0.00907643 0.0084099 0.00848859 0.0105391 0.00928073 0.0180742 0.0107226 0.0143744 0.00968775 0.0098707 0.00989481 0.00991542 0.0121586 0.0104141 0.0124177 0.0133331 0.0116596 0.0104974 0.0101974 0.00899319 
0.0100907 0.0210535 0.0128701 0.0167518 0.00925456 0.00887096 0.0110569 0.0104543 0.00946595 0.0135084 0.00950416 0.822997 0.0138383 0.00973916 0.0036175 0.00356548 0 0.00355085 0.00357581 0.00707096 0.0120457 0.239759 0.0293979 0.0202553 0.0100188 0.0122451 0.0372496 0.0150929 0.046 0.0168689 0.0777791 0.0146551 0.018112 0.00910915 0.0196721 0.0138941 0.0545406 0.0155688 0.0583346 0.0139917 0.061264 0.0120785 0.0108879 0.00872628 0.00911848 0.00988865 0.0105669 0.0194753 0.0111311 0.0166649 0.0117449 0.0111707 0.010671 0.00893614 0.00873074 0.0163016 0.00973627 0.0111965 0.00897675 0.00891142 0.0156594 0.00876557 0.0102186 0.00858762 0.00943284 0.00964588 0.0246798 0.0123042 0.0311858 0.0136165 0.011635 0.00903558 0.00876361 0.0133895 0.0127668 0.0144191 0.0147811 0.0145827 0.0178154 0.0133514 0.00966037 0.00882267 
0.0138707 0.0128725 0.0185532 0.00915011 0.0121536 0.0139552 0.0105408 0.0102324 0.00999308 0.0114897 0.886079 0.00911576 0.0132071 0.0091683 0.00367243 0.00361219 0.00355085 0 0.00371094 0.012813 0.255843 0.0208544 0.0212209 0.00718916 0.0100843 0.0193538 0.0120318 0.0182014 0.00984827 0.0312978 0.0125363 0.0404542 0.0110547 0.0150981 0.00982183 0.0183429 0.0104054 0.0220089 0.0103594 0.0271324 0.00989628 0.0193713 0.00972784 0.00914382 0.00902147 0.00870984 0.00939864 0.00907873 0.010915 0.00935704 0.00916334 0.00913394 0.00882001 0.00985514 0.00996954 0.00875659 0.0105123 0.00858611 0.00846341 0.00897966 0.00830439 0.012731 0.00857977 0.00859884 0.00850997 0.0101045 0.00880487 0.0137345 0.0095546 0.0130996 0.00907175 0.00885123 0.00958625 0.00945118 0.0116841 0.00929788 0.0098339 0.0103435 0.0098178 0.00916058 0.0091649 0.00848098 
0.0191616 0.0102 0.00884508 0.00953163 0.00904232 0.016761 0.00867964 0.00862465 0.0121065 0.808721 0.0118991 0.00858427 0.00823177 0.00941566 0.00450218 0.00359597 0.00357581 0.00371094 0 0.260673 0.0222508 0.0108495 0.0070172 0.0105184 0.0145493 0.00999341 0.0104519 0.00931523 0.0119864 0.00964479 0.0125741 0.0106138 0.0226431 0.015247 0.00996354 0.00906035 0.0112321 0.00957799 0.0114971 0.00910306 0.0100857 0.00978921 0.0116642 0.0116165 0.00859396 0.00847995 0.00849266 0.0087544 0.0086349 0.00894743 0.00866864 0.00839739 0.00853236 0.00918877 0.0111092 0.00875969 0.00854557 0.00846476 0.00833353 0.00812087 0.0085422 0.00840006 0.0097763 0.00984829 0.00847772 0.00843009 0.0089485 0.00861788 0.0093349 0.00880144 0.0087019 0.00901116 0.00974341 0.00928635 0.00852664 0.00864027 0.00862303 0.00867424 0.00875321 0.0085964 0.00837968 0.00867502 
0.0101605 0.0094349 0.00905784 0.00917441 0.012074 0.00906398 0.00877149 0.00870555 0.021557 0.0174587 0.00950055 0.00849847 0.00892419 0.0138459 0.00641934 0.00643681 0.00707096 0.012813 0.260673 0 0.00368902 0.00359974 0.00358822 0.00379229 0.00777922 0.0073557 0.00933435 0.0110833 0.0487129 0.0179002 0.0115249 0.010459 0.0241747 0.0104465 0.00980741 0.00917546 0.00984098 0.00961799 0.0101485 0.00955789 0.00981116 0.00978669 0.016363 0.00906617 0.00862587 0.00874108 0.00860762 0.00906988 0.00938876 0.00899022 0.00876901 0.00870147 0.00895022 0.011737 0.00920999 0.00891805 0.00860668 0.0084584 0.00812459 0.00828323 0.0082613 0.00846837 0.012034 0.00850024 0.00833141 0.00834859 0.00876636 0.00895243 0.00956715 0.00897653 0.00905919 0.0111857 0.00949067 0.00881615 0.00913889 0.00871012 0.00911545 0.00889975 0.00899712 0.00886874 0.00855053 0.00996481 
0.00908438 0.0114335 0.0136006 0.0105275 0.0105057 0.00883046 0.00904561 0.0228303 0.00986085 0.00914166 0.0147073 0.00888025 0.0150048 0.00990119 0.00691665 0.00857247 0.0120457 0.255843 0.0222508 0.00368902 0 0.00357034 0.00366892 0.00361955 0.00657169 0.0157612 0.026904 0.0408999 0.0207336 0.0210271 0.0117241 0.0383777 0.0109954 0.00966513 0.00956214 0.0128692 0.0110061 0.0178097 0.0115642 0.0167104 0.0113993 0.02006 0.0105558 0.0086114 0.0088921 0.00872896 0.00929448 0.00943866 0.01054 0.00933044 0.00956341 0.00913935 0.00949439 0.00952084 0.00892795 0.00906264 0.0103417 0.00872638 0.00860582 0.00860371 0.00861064 0.010654 0.00887613 0.00830765 0.00848861 0.0096494 0.0096036 0.0149465 0.0108685 0.0152124 0.00996237 0.00973568 0.00916731 0.00950418 0.0113483 0.0105064 0.0109923 0.0120707 0.0107717 0.0100704 0.00986977 0.00878276 
0.00923808 0.0117243 0.0109858 0.011265 0.00899937 0.00869581 0.0286616 0.00938461 0.00925764 0.0115336 0.0087487 0.0180571 0.00919674 0.00906024 0.00858238 0.0127473 0.239759 0.0208544 0.0108495 0.00359974 0.00357034 0 0.00354634 0.00359433 0.00955598 0.0135219 0.0772437 0.0152871 0.0213216 0.0100964 0.0317024 0.0107911 0.0118205 0.00885976 0.011037 0.0107854 0.0177255 0.0124716 0.0191332 0.0118286 0.0257251 0.0105963 0.00964958 0.00871417 0.00872315 0.00910185 0.00902119 0.0119751 0.00965244 0.0119861 0.00962963 0.00971617 0.00932892 0.00863738 0.00887748 0.011101 0.00895656 0.00971731 0.00857389 0.00863931 0.0105601 0.00870271 0.00937929 0.00843245 0.00889667 0.00917287 0.015156 0.0105655 0.021345 0.0112574 0.0100884 0.00877201 0.00877504 0.0100292 0.0111694 0.0117152 0.0119345 0.0124522 0.013038 0.0119683 0.00903019 0.00863508 
0.0115767 0.0105347 0.0131329 0.00910736 0.00996628 0.0285535 0.00962338 0.00953243 0.00940248 0.0093936 0.0288293 0.00897447 0.0130002 0.00903077 0.0141546 0.216192 0.0293979 0.0212209 0.0070172 0.00358822 0.00366892 0.00354634 0 0.00358088 0.0208783 0.106642 0.0217648 0.0166725 0.00955949 0.02556 0.0103836 0.0237183 0.0105664 0.0127299 0.0100425 0.0154329 0.0101569 0.0165032 0.0107944 0.0194274 0.0102064 0.0179894 0.0103856 0.00902309 0.00925687 0.00883749 0.00942307 0.00904013 0.0117198 0.00944481 0.00948467 0.00929091 0.00893576 0.00962678 0.0102821 0.00908234 0.0114303 0.00889152 0.00865493 0.00902029 0.0086098 0.0132819 0.00881621 0.00856876 0.00869121 0.0100031 0.00916679 0.0162614 0.00974431 0.0152056 0.00940097 0.0087359 0.0096556 0.0098032 0.0124932 0.00968489 0.00995428 0.0109697 0.0104173 0.00977415 0.00940045 0.00848771 
0.0170514 0.0111622 0.00892317 0.0104835 0.00973734 0.0145688 0.0101027 0.00883378 0.00985973 0.0438758 0.00918166 0.00971333 0.00908197 0.0125518 0.246101 0.0472294 0.0202553 0.00718916 0.0105184 0.00379229 0.00361955 0.00359433 0.00358088 0 0.124824 0.0209139 0.00909966 0.00842822 0.0150591 0.00848937 0.0124822 0.0100917 0.0272372 0.0137226 0.0120935 0.00884664 0.0113131 0.00944 0.012015 0.00912618 0.0110804 0.0106344 0.0113734 0.0141746 0.00905426 0.00869463 0.00859437 0.00967907 0.00893633 0.00948726 0.00894753 0.00873679 0.0098883 0.00927741 0.0122441 0.0101997 0.00867344 0.00884175 0.00838996 0.0083457 0.00937716 0.00852756 0.0124617 0.0112213 0.00878238 0.00857458 0.0102563 0.00887899 0.0105846 0.00914182 0.00948132 0.00943069 0.0117058 0.0103678 0.00887514 0.00909636 0.00929433 0.00922164 0.0092581 0.00906778 0.00864721 0.00882308 
0.00988375 0.00878941 0.00887229 0.00939126 0.011951 0.00931151 0.00877942 0.00869643 0.0140081 0.0142716 0.0105757 0.00916121 0.00958611 0.0181004 0.0141267 0.0107562 0.0100188 0.0100843 0.0145493 0.00777922 0.00657169 0.00955598 0.0208783 0.124824 0 0.00424985 0.00359767 0.0036164 0.00353675 0.00359723 0.00371908 0.00681909 0.00717918 0.00768853 0.00781093 0.00796158 0.00847952 0.00851796 0.00912965 0.00958568 0.0189888 0.0409608 0.0442484 0.0100831 0.00896297 0.00872425 0.00863005 0.00906405 0.0090911 0.00891623 0.0087013 0.0130316 0.00943275 0.0176857 0.0108505 0.00896175 0.00900673 0.00867477 0.00835423 0.00840038 0.00849415 0.0156094 0.023705 0.00921139 0.00833662 0.00849519 0.00884404 0.0088604 0.00951676 0.00895976 0.0118706 0.013798 0.0103549 0.00876265 0.00901414 0.0086261 0.00891064 0.00887187 0.00876128 0.00918161 0.011604 0.0115234 
0.00935217 0.010644 0.0109299 0.0100119 0.0135476 0.00941544 0.00936994 0.0106818 0.00996231 0.0101268 0.0176503 0.00989189 0.0130212 0.00979656 0.0113842 0.0212229 0.0122451 0.0193538 0.00999341 0.0073557 0.0157612 0.0135219 0.106642 0.0209139 0.00424985 0 0.00359348 0.00356439 0.00353018 0.00357351 0.00362841 0.00407412 0.00469477 0.00827849 0.00765584 0.00997677 0.00855659 0.0120746 0.00966508 0.0224005 0.0464661 0.0450864 0.0128349 0.00890762 0.00922181 0.00893927 0.00908466 0.00955276 0.0105498 0.00947457 0.0215695 0.0121934 0.0116396 0.0109614 0.0101237 0.0101926 0.0113371 0.00921897 0.00889007 0.00896328 0.00930611 0.0210959 0.00965072 0.00896669 0.00913489 0.0101785 0.0105932 0.0159322 0.0118922 0.020463 0.0119042 0.0115153 0.0100258 0.0117448 0.0126706 0.0118546 0.0138452 0.01387 0.01277 0.0128045 0.0109459 0.00946885 
0.00927287 0.0138807 0.0124395 0.0138618 0.00922691 0.00893416 0.0105867 0.0104082 0.00930855 0.0114129 0.010024 0.0235431 0.011708 0.00966504 0.0104113 0.0121268 0.0372496 0.0120318 0.0104519 0.00933435 0.026904 0.0772437 0.0217648 0.00909966 0.00359767 0.00359348 0 0.00355673 0.00354253 0.00359278 0.00369488 0.00381074 0.00387939 0.0070833 0.00990674 0.00810337 0.0131615 0.0103699 0.0674076 0.0352749 0.0405894 0.0183469 0.0101938 0.00883558 0.00889954 0.0090653 0.00939811 0.0160095 0.0111827 0.022485 0.0112047 0.0126491 0.0115549 0.00927717 0.00917545 0.0172701 0.0103525 0.012458 0.00957553 0.0137214 0.016746 0.00965627 0.0110555 0.00883961 0.00990628 0.0109224 0.0326654 0.0157801 0.0527925 0.0214927 0.0249636 0.0093565 0.00986607 0.0179529 0.0188073 0.0254135 0.0269618 0.0294733 0.0349424 0.0239022 0.0113996 0.00893084 
0.0107755 0.0105434 0.0297406 0.00924455 0.0118273 0.00951059 0.00958108 0.00976265 0.0092734 0.00950154 0.027536 0.0109184 0.0122565 0.00925297 0.010922 0.0220733 0.0150929 0.0182014 0.00931523 0.0110833 0.0408999 0.0152871 0.0166725 0.00842822 0.0036164 0.00356439 0.00355673 0 0.0035627 0.00362082 0.00362341 0.00356175 0.00369581 0.00926969 0.00709775 0.0190546 0.00888843 0.0582689 0.0241205 0.065569 0.0120268 0.0164659 0.00988605 0.00876715 0.00849478 0.00966574 0.0101207 0.00995813 0.0297624 0.0117749 0.0154352 0.0155889 0.00905738 0.010576 0.0110491 0.00968058 0.0305771 0.00954991 0.0106226 0.0174667 0.00892766 0.0171078 0.00922383 0.00903383 0.00907383 0.0268128 0.0122974 0.0811777 0.0209385 0.0796467 0.0107005 0.0107406 0.0124708 0.0128555 0.0481594 0.0240322 0.032889 0.0533392 0.0346398 0.0286652 0.012196 0.00891223 
0.00931401 0.0217508 0.0104108 0.0148443 0.00938793 0.00898644 0.0109012 0.00962511 0.0090718 0.0148711 0.0101652 0.0258606 0.0101862 0.00956153 0.0129753 0.013868 0.046 0.00984827 0.0119864 0.0487129 0.0207336 0.0213216 0.00955949 0.0150591 0.00353675 0.00353018 0.00354253 0.0035627 0 0.00356972 0.00364528 0.00360938 0.00362189 0.00639555 0.0176805 0.00772446 0.0521913 0.028083 0.082501 0.0100335 0.0275563 0.011879 0.0097976 0.00857756 0.00908611 0.00914371 0.00972843 0.0238654 0.00993055 0.0256206 0.0163276 0.0107217 0.0128187 0.00903764 0.00905426 0.0277019 0.0093996 0.0188605 0.0132492 0.00911487 0.0209284 0.00895338 0.013075 0.00895393 0.0123038 0.00956502 0.0630176 0.0142496 0.0961461 0.0143776 0.0215174 0.00935813 0.00983799 0.0295356 0.0154128 0.0468601 0.0416448 0.0319226 0.047535 0.0214065 0.0114961 0.0090149 
0.0105061 0.0101626 0.0357387 0.00974816 0.0107377 0.00975474 0.00972742 0.0104435 0.00945009 0.00961414 0.0280046 0.0119626 0.0153051 0.00967682 0.0110314 0.0318089 0.0168689 0.0312978 0.00964479 0.0179002 0.0210271 0.0100964 0.02556 0.00848937 0.00359723 0.00357351 0.00359278 0.00362082 0.00356972 0 0.00357604 0.00357597 0.00359094 0.0112547 0.0073671 0.043716 0.0269359 0.0773744 0.0133563 0.0344714 0.0100377 0.0179114 0.00975784 0.00877599 0.00879391 0.0104967 0.0123573 0.00995282 0.0307525 0.0120055 0.0152788 0.0164309 0.00948908 0.0106998 0.0132258 0.00963777 0.0652669 0.0113977 0.00987906 0.0158591 0.00930277 0.0205562 0.00915474 0.00930108 0.00914829 0.046852 0.0129266 0.106782 0.0169681 0.0905568 0.0110608 0.0101467 0.0145055 0.0136369 0.063119 0.0295686 0.0471348 0.0595481 0.0318256 0.0329173 0.0129484 0.00898086 
0.00956071 0.0199942 0.0169748 0.0144484 0.00947625 0.00902155 0.0112602 0.0111295 0.00929608 0.0130334 0.0103154 0.0379037 0.0118857 0.0103278 0.0128962 0.0138069 0.0777791 0.0125363 0.0125741 0.0115249 0.0117241 0.0317024 0.0103836 0.0124822 0.00371908 0.00362841 0.00369488 0.00362341 0.00364528 0.00357604 0 0.00357882 0.003597 0.00700046 0.0304564 0.0266492 0.0662904 0.0129111 0.0223459 0.00914612 0.0304595 0.012122 0.0105532 0.00888548 0.00943943 0.0102077 0.00988377 0.0244784 0.0119933 0.0194191 0.0127417 0.0127139 0.0128002 0.00972232 0.00963839 0.0329172 0.0131784 0.015993 0.0112373 0.00952298 0.0192506 0.00964577 0.0128589 0.00909887 0.0164729 0.0115994 0.0589539 0.0180824 0.0751943 0.022454 0.0240093 0.00985372 0.0106723 0.030395 0.0247288 0.0667507 0.0390424 0.0327535 0.0516418 0.0300342 0.0140427 0.00973001 
0.0118119 0.011334 0.0181176 0.0114992 0.0121464 0.00988353 0.010927 0.010999 0.0098598 0.0104837 0.0241223 0.010206 0.0228196 0.0100307 0.0121022 0.0457466 0.0146551 0.0404542 0.0106138 0.010459 0.0383777 0.0107911 0.0237183 0.0100917 0.00681909 0.00407412 0.00381074 0.00356175 0.00360938 0.00357597 0.00357882 0 0.0036445 0.0294839 0.015937 0.0597175 0.00864092 0.0153824 0.00857057 0.0173366 0.0104152 0.0277163 0.0108541 0.00938651 0.00982639 0.00907391 0.010412 0.0101043 0.0142119 0.010393 0.0112333 0.0110707 0.0106126 0.0126317 0.0159529 0.0177235 0.0167317 0.00941194 0.00942867 0.0107732 0.00918706 0.0240684 0.00997301 0.0108991 0.00970134 0.0210489 0.0111124 0.0374114 0.0157516 0.051236 0.0162748 0.010846 0.0126831 0.0157236 0.0362605 0.0186732 0.0172201 0.0247507 0.0225162 0.0188353 0.0152711 0.00924612 
0.0148903 0.0106416 0.00929711 0.0107152 0.0103578 0.0150272 0.00914203 0.00906194 0.010935 0.0274569 0.00983508 0.0102698 0.00988858 0.0142576 0.0289801 0.0115196 0.018112 0.0110547 0.0226431 0.0241747 0.0109954 0.0118205 0.0105664 0.0272372 0.00717918 0.00469477 0.00387939 0.00369581 0.00362189 0.00359094 0.003597 0.0036445 0 0.0195136 0.0396222 0.00676555 0.0104429 0.00808403 0.0135016 0.00897522 0.0127661 0.0113566 0.02045 0.01258 0.00886001 0.0086908 0.00871337 0.00989193 0.00908492 0.0110036 0.00971925 0.00929083 0.0104459 0.0160114 0.0189875 0.0110802 0.00950147 0.00941745 0.00885979 0.00875579 0.0101644 0.00925209 0.0206595 0.0132984 0.0110494 0.00930582 0.0144455 0.0104896 0.017004 0.0116622 0.0160415 0.0126791 0.0152794 0.0139496 0.0115273 0.0117697 0.0121683 0.0120478 0.0144708 0.0110985 0.0117988 0.0102631 
0.00997278 0.00839697 0.0102814 0.00847338 0.0215376 0.0101399 0.00834629 0.00863054 0.0190825 0.00988281 0.0165946 0.00863258 0.0100939 0.0197513 0.0129689 0.0122578 0.00910915 0.0150981 0.015247 0.0104465 0.00966513 0.00885976 0.0127299 0.0137226 0.00768853 0.00827849 0.0070833 0.00926969 0.00639555 0.0112547 0.00700046 0.0294839 0.0195136 0 0.00358664 0.00358824 0.00357207 0.00360756 0.00360958 0.00373806 0.00394964 0.00504414 0.0102116 0.00844051 0.00741335 0.00788323 0.00785695 0.00772327 0.00965855 0.00865435 0.00866586 0.01064 0.0773452 0.505478 0.019441 0.0086441 0.0140221 0.00866285 0.00856621 0.00911188 0.00838989 0.0149728 0.0133321 0.0111579 0.00861373 0.0127992 0.00865308 0.013409 0.00892235 0.012017 0.00957328 0.0297698 0.0168833 0.00908576 0.0102663 0.00874378 0.00915634 0.00963677 0.0090877 0.00990095 0.0102372 0.0150208 
0.00833899 0.0107573 0.00841891 0.0124228 0.00837016 0.00835124 0.00886376 0.00937657 0.0088214 0.0142626 0.00873227 0.0115374 0.00985955 0.00886231 0.0101518 0.0103755 0.0196721 0.00982183 0.00996354 0.00980741 0.00956214 0.011037 0.0100425 0.0120935 0.00781093 0.00765584 0.00990674 0.00709775 0.0176805 0.0073671 0.0304564 0.015937 0.0396222 0.00358664 0 0.00356674 0.00357325 0.00357695 0.00354726 0.00358269 0.00385543 0.00516007 0.004389 0.00627174 0.00686319 0.0072928 0.00761105 0.0096511 0.00800155 0.00873309 0.0134244 0.115145 0.463794 0.00935594 0.00868007 0.0205386 0.00860276 0.0102207 0.00868052 0.00826958 0.0119348 0.00878729 0.0168055 0.00911368 0.0114074 0.00870677 0.022518 0.00918953 0.027661 0.00936696 0.030258 0.00939902 0.00928454 0.0170473 0.00940248 0.0132491 0.0108612 0.0107444 0.0130157 0.0106908 0.0115141 0.00904798 
0.00891775 0.00891052 0.0255329 0.00864675 0.0101988 0.0088864 0.00893227 0.00904892 0.00901599 0.0087849 0.0195244 0.0100856 0.0100631 0.00899936 0.00933882 0.0185135 0.0138941 0.0183429 0.00906035 0.00917546 0.0128692 0.0107854 0.0154329 0.00884664 0.00796158 0.00997677 0.00810337 0.0190546 0.00772446 0.043716 0.0266492 0.0597175 0.00676555 0.00358824 0.00356674 0 0.00356684 0.00355233 0.00356372 0.00383354 0.00380534 0.00381518 0.00370003 0.00636099 0.00644025 0.00750772 0.00765221 0.00788968 0.0107764 0.0103045 0.218433 0.426813 0.00916604 0.0117053 0.0110648 0.0087253 0.031169 0.00891806 0.00885723 0.0105739 0.00870337 0.016581 0.0089927 0.00927124 0.00874826 0.0294494 0.00982563 0.0743038 0.0115494 0.0781459 0.0098978 0.0112041 0.011509 0.0109612 0.0369199 0.0153609 0.0211488 0.0292762 0.0203038 0.023441 0.0108555 0.00892611 
0.00878124 0.0145209 0.00955138 0.0136081 0.0087854 0.00867793 0.00972184 0.00933275 0.00887947 0.0123048 0.0093852 0.0221909 0.0100615 0.00924519 0.0102491 0.0129263 0.0545406 0.0104054 0.0112321 0.00984098 0.0110061 0.0177255 0.0101569 0.0113131 0.00847952 0.00855659 0.0131615 0.00888843 0.0521913 0.0269359 0.0662904 0.00864092 0.0104429 0.00357207 0.00357325 0.00356684 0 0.00354814 0.00358 0.00360166 0.00358904 0.00354514 0.00371016 0.00612391 0.00649858 0.00694688 0.00716881 0.00908723 0.00860964 0.307695 0.381569 0.0101308 0.0116597 0.00855103 0.00848855 0.0183443 0.00886985 0.0115755 0.00895904 0.00870269 0.0185053 0.00894411 0.0126743 0.00894611 0.0125214 0.00925561 0.0561333 0.0110383 0.115971 0.014584 0.0301082 0.00953687 0.0110267 0.0243076 0.0161034 0.0372689 0.025765 0.0249569 0.0464217 0.0229154 0.013134 0.00932344 
0.00988814 0.00956359 0.0262182 0.00878853 0.0102905 0.00914203 0.00919363 0.0094636 0.00901132 0.0091317 0.023331 0.0104965 0.0121531 0.00898925 0.0102794 0.0359101 0.0155688 0.0220089 0.00957799 0.00961799 0.0178097 0.0124716 0.0165032 0.00944 0.00851796 0.0120746 0.0103699 0.0582689 0.028083 0.0773744 0.0129111 0.0153824 0.00808403 0.00360756 0.00357695 0.00355233 0.00354814 0 0.00355236 0.00357778 0.00356744 0.00357553 0.00359535 0.00670115 0.00677168 0.00687133 0.00766469 0.00876661 0.442054 0.332039 0.0134227 0.0116338 0.00816541 0.0125814 0.0115635 0.00900626 0.0290662 0.00902008 0.00989204 0.0110636 0.00876271 0.0174829 0.00932013 0.0096531 0.00907784 0.0355813 0.0115979 0.121128 0.0170403 0.128717 0.0116474 0.0110698 0.0149023 0.0141823 0.0657897 0.0248982 0.0358898 0.0633394 0.0388292 0.0327223 0.0131596 0.00905715 
0.00881069 0.0145666 0.00989843 0.0147154 0.00893373 0.00863329 0.00984996 0.009307 0.0088231 0.0123424 0.00947393 0.023052 0.00972114 0.00926829 0.0116052 0.0132168 0.0583346 0.0103594 0.0114971 0.0101485 0.0115642 0.0191332 0.0107944 0.012015 0.00912965 0.00966508 0.0674076 0.0241205 0.082501 0.0133563 0.0223459 0.00857057 0.0135016 0.00360958 0.00354726 0.00356372 0.00358 0.00355236 0 0.00355242 0.00356836 0.0035751 0.00357852 0.0060139 0.00604466 0.00666808 0.00707092 0.742956 0.107581 0.0187186 0.00895206 0.00893278 0.0112695 0.0080715 0.00851506 0.0170767 0.00871585 0.0283051 0.00916263 0.00833822 0.01666 0.00883646 0.0126101 0.00894285 0.0148442 0.00944552 0.101396 0.0119447 0.131497 0.013739 0.0309205 0.00984722 0.0104378 0.0322035 0.0171599 0.0522204 0.0478577 0.0364423 0.0507226 0.022643 0.0149681 0.0092298 
0.0094014 0.0093177 0.0244154 0.00871288 0.00961448 0.00893668 0.00897134 0.00931458 0.00901263 0.00884775 0.0196798 0.00984937 0.0119289 0.00889865 0.00973367 0.0270798 0.0139917 0.0271324 0.00910306 0.00955789 0.0167104 0.0118286 0.0194274 0.00912618 0.00958568 0.0224005 0.0352749 0.065569 0.0100335 0.0344714 0.00914612 0.0173366 0.00897522 0.00373806 0.00358269 0.00383354 0.00360166 0.00357778 0.00355242 0 0.00355095 0.00358397 0.00356635 0.00491688 0.00596281 0.00753826 0.799012 0.0371077 0.0248323 0.00768966 0.00867541 0.0105355 0.00780395 0.00957365 0.0107738 0.00938143 0.0494571 0.00894497 0.00869056 0.0111148 0.00860286 0.0180837 0.00893948 0.0095943 0.00893861 0.0551809 0.010508 0.116612 0.0137125 0.103017 0.0103228 0.0109608 0.0144459 0.0117381 0.0550262 0.0258488 0.0336335 0.0506555 0.0247985 0.0327546 0.0120302 0.00906411 
0.0087435 0.0124386 0.0105011 0.00995456 0.00880105 0.00862878 0.0100305 0.00918773 0.00869196 0.010517 0.00935858 0.0213673 0.00962431 0.00902603 0.0110568 0.0129395 0.061264 0.00989628 0.0100857 0.00981116 0.0113993 0.0257251 0.0102064 0.0110804 0.0189888 0.0464661 0.0405894 0.0120268 0.0275563 0.0100377 0.0304595 0.0104152 0.0127661 0.00394964 0.00385543 0.00380534 0.00358904 0.00356744 0.00356836 0.00355095 0 0.00358256 0.00357741 0.00918532 0.0057018 0.890424 0.0366392 0.0443464 0.00862354 0.00806834 0.00962167 0.00834325 0.00905893 0.00818379 0.00864759 0.017852 0.00931701 0.0115916 0.00886068 0.00856956 0.0152726 0.00902564 0.0113404 0.00910908 0.0147609 0.00965446 0.0752987 0.0129203 0.0840464 0.0161677 0.0232019 0.00929839 0.0102843 0.0267477 0.0211067 0.0403141 0.0290798 0.0272553 0.046594 0.0227361 0.012878 0.00901623 
0.00950085 0.00980012 0.00991106 0.00933545 0.00893976 0.009204 0.0093572 0.00928198 0.00892159 0.00939076 0.0116424 0.00942828 0.0127856 0.00893192 0.0106085 0.0219354 0.0120785 0.0193713 0.00978921 0.00978669 0.02006 0.0105963 0.0179894 0.0106344 0.0409608 0.0450864 0.0183469 0.0164659 0.011879 0.0179114 0.012122 0.0277163 0.0113566 0.00504414 0.00516007 0.00381518 0.00354514 0.00357553 0.0035751 0.00358397 0.00358256 0 0.00358057 0.0120788 0.953219 0.0257515 0.0109692 0.00701965 0.00892398 0.00794478 0.00816038 0.00816604 0.0082812 0.00900158 0.0120035 0.0105076 0.0118215 0.00895753 0.00912329 0.00941023 0.00888229 0.0163095 0.0101534 0.0292338 0.00977137 0.0197775 0.010451 0.0260277 0.0139376 0.0270088 0.0151817 0.0106476 0.0112424 0.0267375 0.0212122 0.0143252 0.0165502 0.0177443 0.0191281 0.0139926 0.014705 0.00910676 
0.0132814 0.00908767 0.008801 0.00844526 0.00872489 0.011854 0.0089081 0.00842549 0.00947799 0.0131792 0.00964053 0.00919259 0.00888815 0.0103819 0.0182461 0.0109713 0.0108879 0.00972784 0.0116642 0.016363 0.0105558 0.00964958 0.0103856 0.0113734 0.0442484 0.0128349 0.0101938 0.00988605 0.0097976 0.00975784 0.0105532 0.0108541 0.02045 0.0102116 0.004389 0.00370003 0.00371016 0.00359535 0.00357852 0.00356635 0.00357741 0.00358057 0 0.982188 0.00856522 0.00534317 0.00517208 0.00598328 0.00649217 0.00651526 0.00657835 0.00669769 0.00682952 0.00885023 0.0144483 0.00895643 0.00889731 0.00834905 0.00802106 0.00825458 0.00867677 0.00932643 0.0131953 0.0212319 0.00954027 0.00924487 0.0104705 0.0100052 0.0115561 0.0105534 0.0115931 0.0104368 0.0203189 0.0116156 0.0103503 0.0101598 0.0100982 0.0108265 0.0105507 0.0103318 0.00995256 0.00995644 
0.00860275 0.00821756 0.00821697 0.00836401 0.00891544 0.00851117 0.00808259 0.00819773 0.0100918 0.00973417 0.00892562 0.00836206 0.00873568 0.0109949 0.0097564 0.00868601 0.00872628 0.00914382 0.0116165 0.00906617 0.0086114 0.00871417 0.00902309 0.0141746 0.0100831 0.00890762 0.00883558 0.00876715 0.00857756 0.00877599 0.00888548 0.00938651 0.01258 0.00844051 0.00627174 0.00636099 0.00612391 0.00670115 0.0060139 0.00491688 0.00918532 0.0120788 0.982188 0 0.00420977 0.00371087 0.00365937 0.0036402 0.00377035 0.00386961 0.00382002 0.00406825 0.00541284 0.0103728 0.00722522 0.00746968 0.00801254 0.00782797 0.00758803 0.00763821 0.00813823 0.0100677 0.0256224 0.0109486 0.00863308 0.008901 0.00896452 0.00888995 0.00904116 0.00879756 0.00993421 0.0158457 0.0111774 0.00897226 0.00869165 0.00848077 0.00877745 0.00869999 0.00870771 0.00903834 0.00944161 0.0130201 
0.00821169 0.00824989 0.00823393 0.00838375 0.00824759 0.00822307 0.00820101 0.00828305 0.00834168 0.0086288 0.00855471 0.00841924 0.00858527 0.00842668 0.00862522 0.00899722 0.00911848 0.00902147 0.00859396 0.00862587 0.0088921 0.00872315 0.00925687 0.00905426 0.00896297 0.00922181 0.00889954 0.00849478 0.00908611 0.00879391 0.00943943 0.00982639 0.00886001 0.00741335 0.00686319 0.00644025 0.00649858 0.00677168 0.00604466 0.00596281 0.0057018 0.953219 0.00856522 0.00420977 0 0.00359136 0.0035622 0.00355943 0.0034893 0.00366902 0.00362286 0.00704963 0.00490874 0.00541193 0.00624666 0.00737644 0.00772555 0.0077412 0.00747891 0.00735413 0.00815547 0.0219169 0.0325013 0.00892316 0.00872309 0.00862626 0.00930016 0.00880335 0.00935389 0.00893304 0.0098988 0.00903766 0.00917335 0.0100514 0.0087502 0.00889806 0.00903542 0.00898117 0.00951457 0.00892155 0.00982453 0.00913938 
