1HTQB
TEKTPDDVFKLAKDEKVEYVDVRFCDLPGIMQHFTIPASAFDKSVFDDGLAFDGSSIRGFQSIHESDMLLLPDPETARIDPFRAAKTLNINFFVHDPFTLEPYSRDPRNIARKAENYLISTGIADTAYFGAEAEFYIFDSVSFDSRANGSFYEVDAISGWWNTGAATEADGSPNRGYKVRHKGGYFPVAPNDQYVDLRDKMLTNLINSGFILEKGHHEVGSGGQAEINYQFNSLLHAADDMQLYKYIIKNTAWQNGKTVTFMPKPLFGDNGSGMHCHQSLWKDGAPLMYDETGYAGLSDTARHYIGGLLHHAPSLLAFTNPTVNSYKRLVPGYEAPINLVYSQRNRSACVRIPITGSNPKAKRLEFRSPDSSGNPYLAFSAMLMAGLDGIKNKIEPQAPVDKDLYELPPEEAASIPQTPTQLSDVIDRLEADHEYLTEGGVFTNDLIETWISFKRENEIEPVNIRPHPYEFALYYDV
CCCCHHHHHHHHHHCCCCEEEEEEECCCCCEEEEEEEHHHCCHHHHHCCEECCCCCCCCCCCCCCCCCEEEEEEEEEEECCCCCCCEEEEEEEEECCCCCCECCCCHHHHHHHHHHHHHCCCCCCEEEEEEEEEEEEECEEEEEECCCEEEEEEECCCCHHHCCCCECCCCCECCCCCCCCCCCCCECCCCCCCHHHHHHHHHHHHHCCCCCCCCCCEEEECCEEEECCCCEEHHHHHHHHHHHHHHHHHHHHHCCCEEECCCCCCCCCCCCCEEEEEEEEECCEECCECCCCHHHECHHHHHHHHHHHHHHHHHHHHHCCCCCHHHHCCCCCCCCCECCCCCCCCCECECCCCCCCCCCCCCEEECCCCCCCCHHHHHHHHHHHHHHHHHCCCCCCCCCCCCCCCCCCCCCCCCCECCCCHHHHHHHHHHCCHHHHHHHCCCHHHHHHHHHHHHHHCHHHHHHCCCHHHHHHHCCC
0 0 0 0 0 0 0 0 0 0 0 0 0 0 0 0 0 0 0 0 0 0 0 0 0 0 0 0 0 0 0 0 0 0 0 0 0 0 0 0 0 0 0 0 0 0 0 0 0 0 0 0 0 0 0 0 0 0 0 0 0 0 0 0 0 0 0 0 0 0 0 0 0 0 0 0 0 0 0 0 0 0 0 0 0 0 0 0 0 0 0 0 0 0 0 0 0 0 0 0 0 0 0 0 0 0 0 0 0 0 0 0 0 0 0 0 0 0 0 0 0 0 0 0 0 0 0 0 0 0 0 0 0 0 0 0 0 0 0 0 0 0 0 0 0 0 0 0 0 0 0 0 0 0 0 0 0 0 0 0 0 0 0 0 0 0 0 0 0 0 0 0 0 0 0 0 0 0 0 0 0 0 0 0 0 0 0 0 0 0 0 0 0 0 0 0 0 0 0 0 0 0 0 0 0 0 0 0 0 0 0 0 0 0 0 0 0 0 0 0 0 0 0 0 0 0 0 0 0 0 0 0 0 0 0 0 0 0 0 0 0 0 0 0 0 0 0 0 0 0 0 0 0 0 0 0 0 0 0 0 0 0 0 0 0 0 0 0 0 0 0 0 0 0 0 0 0 0 0 0 0 0 0 0 0 0 0 0 0 0 0 0 0 0 0 0 0 0 0 0 0 0 0 0 0 0 0 0 0 0 0 0 0 0 0 0 0 0 0 0 0 0 0 0 0 0 0 0 0 0 0 0 0 0 0 0 0 0 0 0 0 0 0 0 0 0 0 0 0 0 0 0 0 0 0 0 0 0 0 0 0 0 0 0 0 0 0 0 0 0 0 0 0 0 0 0 0 0 0 0 0 0 0 0 0 0 0 0 0 0 0 0 0 0 0 0 0 0 0 0 0 0 0 0 0 0 0 0 0 0 0 0 0 0 0 0 0 0 0 0 0 0 0 0 0 0 0 0 0 0 0 0 0 0 0 0 0 0 0 0 0 0 0 0 0 0 0 0 0 0 0 0 0 0 0 0 0 0 0 0 0 0 0 0 0 0 0 0 0 0 0 0 0 0 0 0 0 
0 0 0 0 0 0 0 0 0 0 0 0 0 0 0 0 0 0 0 0 0 0 0 0 0 0 0 0 0 0 0 0 0 0 0 0 0 0 0 0 0 0 0 0 0 0 0 0 0 0 0 0 0 0 0 0 0 0 0 0 0 0 0 0 0 0 0 0 0 0 0 0 0 0 0 0 0 0 0 0 0 0 0 0 0 0 0 0 0 0 0 0 0 0 0 0 0 0 0 0 0 0 0 0 0 0 0 0 0 0 0 0 0 0 0 0 0 0 0 0 0 0 0 0 0 0 0 0 0 0 0 0 0 0 0 0 0 0 0 0 0 0 0 0 0 0 0 0 0 0 0 0 0 0 0 0 0 0 0 0 0 0 0 0 0 0 0 0 0 0 0 0 0 0 0 0 0 0 0 0 0 0 0 0 0 0 0 0 0 0 0 0 0 0 0 0 0 0 0 0 0 0 0 0 0 0 0 0 0 0 0 0 0 0 0 0 0 0 0 0 0 0 0 0 0 0 0 0 0 0 0 0 0 0 0 0 0 0 0 0 0 0 0 0 0 0 0 0 0 0 0 0 0 0 0 0 0 0 0 0 0 0 0 0 0 0 0 0 0 0 0 0 0 0 0 0 0 0 0 0 0 0 0 0 0 0 0 0 0 0 0 0 0 0 0 0 0 0 0 0 0 0 0 0 0 0 0 0 0 0 0 0 0 0 0 0 0 0 0 0 0 0 0 0 0 0 0 0 0 0 0 0 0 0 0 0 0 0 0 0 0 0 0 0 0 0 0 0 0 0 0 0 0 0 0 0 0 0 0 0 0 0 0 0 0 0 0 0 0 0 0 0 0 0 0 0 0 0 0 0 0 0 0 0 0 0 0 0 0 0 0 0 0 0 0 0 0 0 0 0 0 0 0 0 0 0 0 0 0 0 0 0 0 0 0 0 0 0 0 0 0 0 0 0 0 0 0 0 0 0 0 0 0 0 0 0 0 0 0 0 0 0 0 0 0 0 0 0 0 0 0 0 0 0 0 0 0 0 0 0 0 0 0 0 0 0 0 0 0 0 0 0 0 0 0 0 0 
0 0.00379815 0.00365332 0.00377 0.00372289 0.00374919 0.00596831 0.0249233 0.00832603 0.00939032 0.00954431 0.0114162 0.0160707 0.934707 0.0119275 0.0149524 0.0309536 0.014175 0.0116499 0.0106645 0.00991922 0.0107053 0.0112527 0.0112423 0.0125305 0.0116589 0.0252916 0.0299839 0.0141519 0.0110427 0.0119288 0.0108195 0.0110202 0.0118123 0.0105083 0.0175164 0.00965123 0.00994881 0.00909059 0.00890951 0.00908944 0.0089809 0.00902407 0.00870372 0.0095331 0.00881811 0.00957479 0.010059 0.00938801 0.0134099 0.0090709 0.00895661 0.00898845 0.0087517 0.00848173 0.00909232 0.00876905 0.00849247 0.00848546 0.0088492 0.00858273 0.00869245 0.00971583 0.00918819 0.0083896 0.00869585 0.00839678 0.00847091 0.00839196 0.00850529 0.00819131 0.00841756 0.0083805 0.00862901 0.00847378 0.00838164 0.00846982 0.00861683 0.00876886 0.0083189 0.00836505 0.00844689 0.00836636 0.00834989 0.00839225 0.0083607 0.00841821 0.00854507 0.00833051 0.00841423 0.00868873 0.00856154 0.00997097 0.00945834 0.0100212 0.0110539 0.00908068 0.0100937 0.0114428 
0.00379815 0 0.00365891 0.00364796 0.00364586 0.003692 0.00365751 0.00756689 0.0116543 0.00721107 0.0113338 0.0103316 0.954272 0.0112405 0.01524 0.010486 0.0183967 0.0461336 0.015406 0.0193343 0.0113964 0.0199351 0.0135902 0.0150112 0.0324843 0.0170384 0.0144534 0.0121473 0.0472756 0.0169752 0.047799 0.0144044 0.0502287 0.0144321 0.0271582 0.00977219 0.00829085 0.00860736 0.0107052 0.00971803 0.0113742 0.00928269 0.0116287 0.00919909 0.0107958 0.00919105 0.0130746 0.0103144 0.0117431 0.00932338 0.00906821 0.0107695 0.00958014 0.00955498 0.00876742 0.00838359 0.00851033 0.00878119 0.00884933 0.00923529 0.00872897 0.00975405 0.00839418 0.0082733 0.00807057 0.00815662 0.00826169 0.0085054 0.00848245 0.00818309 0.00813943 0.00850742 0.00847534 0.00826159 0.00816587 0.0082287 0.0083036 0.00863783 0.00837564 0.00832333 0.00840336 0.00854813 0.00840712 0.00851553 0.0084245 0.00844192 0.00838144 0.00826675 0.00818274 0.00829197 0.00826852 0.00831823 0.00865605 0.00889721 0.0091106 0.0095984 0.00911121 0.00946078 0.00937213 
0.00365332 0.00365891 0 0.0036278 0.00361564 0.00358348 0.00361849 0.0124094 0.00678434 0.0143972 0.00831772 0.980563 0.00878258 0.00865507 0.00874085 0.0113086 0.0140385 0.0254477 0.0546906 0.0157189 0.0559888 0.0132092 0.0368494 0.0405568 0.0223149 0.0512648 0.00994154 0.0120428 0.0120689 0.133966 0.0206091 0.175342 0.0215734 0.11484 0.0153036 0.0114145 0.00815752 0.00886908 0.00918828 0.0290301 0.0109436 0.0177574 0.0108203 0.0192493 0.0107801 0.0269841 0.0119117 0.0261656 0.0118294 0.011523 0.0111758 0.00984822 0.0197151 0.00984078 0.00923126 0.00842823 0.00859292 0.00943484 0.0100881 0.00963477 0.0129636 0.00870535 0.00882258 0.00808862 0.0080153 0.0081167 0.00840642 0.00870114 0.00862843 0.00825178 0.00826959 0.00865967 0.00909632 0.00836692 0.00811379 0.00828068 0.00834208 0.00865067 0.00845204 0.00831977 0.00862865 0.00971464 0.00862643 0.00860421 0.00865111 0.00850101 0.00840601 0.00822422 0.00814853 0.00828082 0.00820854 0.00819717 0.00865219 0.00836145 0.00853559 0.00881255 0.00922355 0.00895314 0.00974273 
0.00377 0.00364796 0.0036278 0 0.00355956 0.00370488 0.00356168 0.00612103 0.00843502 0.00810734 0.989599 0.011923 0.0150094 0.00625869 0.011301 0.00880012 0.0167938 0.0385814 0.0240296 0.0881348 0.0123974 0.0451522 0.0307057 0.0264686 0.0907993 0.0130417 0.0193002 0.00957779 0.0476263 0.020008 0.306006 0.0216343 0.192941 0.0271733 0.0367195 0.0103745 0.00822393 0.00863641 0.0170983 0.0103747 0.0316761 0.0109596 0.0248943 0.010155 0.0291042 0.0110407 0.0395598 0.0159126 0.0172869 0.0127294 0.00989673 0.0156443 0.0109236 0.0170772 0.00891657 0.00860948 0.00876111 0.00923086 0.0102112 0.0131305 0.00933989 0.012431 0.00862396 0.00810818 0.00808583 0.008244 0.00842669 0.00896817 0.00860824 0.00835421 0.00826742 0.00906091 0.00862396 0.00856235 0.00825038 0.00827913 0.00844015 0.00865895 0.0085198 0.00839847 0.00861376 0.00955607 0.0086696 0.00890353 0.0086814 0.00862873 0.0084494 0.00831691 0.0082684 0.00831016 0.00827935 0.00829473 0.00862044 0.00892983 0.00931482 0.0101157 0.00944414 0.00928831 0.00964185 
0.00372289 0.00364586 0.00361564 0.00355956 0 0.00357135 0.00356089 0.00743961 0.0075909 0.987242 0.0111744 0.0294495 0.00701488 0.0066658 0.00906036 0.0108868 0.0141034 0.0288676 0.0585668 0.0143244 0.0512172 0.0156586 0.0661353 0.0403119 0.0196175 0.0470105 0.00987441 0.0127381 0.011658 0.166853 0.0224421 0.237523 0.0259304 0.103081 0.0160393 0.0117585 0.00822724 0.00892972 0.00964365 0.0356999 0.0110248 0.0186355 0.0105342 0.0210805 0.0104512 0.0249276 0.0128491 0.0277341 0.0135418 0.0114381 0.0118923 0.00976867 0.0238488 0.0106591 0.00927404 0.00851043 0.00869079 0.00979382 0.0109361 0.00982116 0.0126217 0.00890631 0.00918869 0.00815365 0.00802216 0.0080945 0.00839647 0.00870472 0.00863085 0.00823952 0.00823416 0.00862833 0.00893328 0.00829294 0.00813411 0.00823688 0.00833167 0.00862099 0.00856481 0.00831 0.00854511 0.00934145 0.00861786 0.00867695 0.00874014 0.0085243 0.00842487 0.00823823 0.00814022 0.0082296 0.00819682 0.00816287 0.00855463 0.00835318 0.00851034 0.00885031 0.0091895 0.00880167 0.00941551 
0.00374919 0.003692 0.00358348 0.00370488 0.00357135 0 0.00384729 0.01273 0.974391 0.0114988 0.0185986 0.00783457 0.0123846 0.00660559 0.0155833 0.0110437 0.0167011 0.0263118 0.0158845 0.0157951 0.0121701 0.030224 0.0170149 0.0162066 0.0225882 0.0229803 0.0166891 0.00972851 0.0284643 0.0126327 0.0756306 0.0146572 0.0324609 0.0143893 0.0494106 0.0115591 0.00844984 0.00879766 0.0141182 0.00959151 0.0148344 0.00974773 0.0132142 0.00917047 0.0156908 0.00994702 0.0165419 0.0123516 0.0177488 0.0102787 0.00958169 0.0148311 0.00962247 0.00999217 0.0089755 0.00845331 0.00876666 0.00962569 0.00917497 0.00956852 0.00890047 0.0106238 0.00853208 0.00819253 0.00802256 0.00826043 0.00836036 0.00857977 0.00858019 0.00822766 0.00830813 0.00859455 0.00854619 0.00837538 0.00814704 0.00827367 0.00848654 0.0087489 0.00846947 0.00841247 0.00851075 0.00885701 0.00863094 0.00861684 0.00854195 0.00853179 0.00846775 0.00822943 0.00826393 0.00825538 0.00824408 0.00830869 0.008723 0.00870737 0.00861993 0.00973902 0.00927465 0.00896437 0.00923488 
0.00596831 0.00365751 0.00361849 0.00356168 0.00356089 0.00384729 0 0.995701 0.00813131 0.00649085 0.00567502 0.00755059 0.00684905 0.00622775 0.0158939 0.0178767 0.0265965 0.0152234 0.0113951 0.00974692 0.00978244 0.0101211 0.0120109 0.0119032 0.0109639 0.0136208 0.017089 0.0235248 0.0106957 0.0165025 0.0107535 0.0132478 0.0111981 0.0119433 0.0106755 0.0175535 0.00957574 0.0119844 0.00956913 0.00986549 0.00899022 0.00955657 0.00893845 0.00895608 0.00898399 0.00936802 0.00961701 0.010151 0.0105224 0.011429 0.0126848 0.00903302 0.00899899 0.0088004 0.0085619 0.00842094 0.0111895 0.00874144 0.00858813 0.00871523 0.00850428 0.00914025 0.00907014 0.00905919 0.00834368 0.00867825 0.00855311 0.00824061 0.00820011 0.00852287 0.0084241 0.00833254 0.00824147 0.00864219 0.00818245 0.00822254 0.0087294 0.00840665 0.00826584 0.00842694 0.00850735 0.00889864 0.00858114 0.00834132 0.00835525 0.00827328 0.00827851 0.00816006 0.00813559 0.00822364 0.00842096 0.00895735 0.00907511 0.00888581 0.00897751 0.00967094 0.00883923 0.00895873 0.0097998 
0.0249233 0.00756689 0.0124094 0.00612103 0.00743961 0.01273 0.995701 0 0.00378239 0.00359304 0.00361381 0.00358625 0.0036306 0.00430012 0.0145335 0.0142805 0.0232204 0.01169 0.00992286 0.0100609 0.0094156 0.0104972 0.0115929 0.0103732 0.0105929 0.0144539 0.0235812 0.0144158 0.0102853 0.0109958 0.0114645 0.0109351 0.010756 0.0138254 0.0112276 0.0179561 0.00931531 0.00931361 0.00854399 0.00870594 0.00875307 0.00857943 0.008503 0.00895867 0.00856681 0.0087612 0.00901259 0.00948041 0.00919756 0.0105207 0.00891129 0.0086187 0.00873013 0.00857021 0.0084643 0.00896217 0.00842828 0.00841736 0.00844559 0.00843909 0.00857305 0.00847452 0.00935956 0.00899232 0.00837352 0.00841248 0.00826595 0.00830413 0.00827734 0.00833453 0.00807074 0.00828624 0.00825862 0.00826625 0.00812797 0.00815981 0.00819381 0.00838084 0.00838402 0.00809546 0.00830674 0.0083933 0.00831518 0.00833632 0.0083385 0.00832403 0.00827149 0.00830742 0.00805 0.00819239 0.00822079 0.00829 0.00864704 0.00861572 0.00889604 0.00897495 0.00856119 0.00896948 0.00944535 
0.00832603 0.0116543 0.00678434 0.00843502 0.0075909 0.974391 0.00813131 0.00378239 0 0.00362946 0.00357936 0.00358876 0.0040464 0.00360229 0.0124663 0.0107356 0.0156772 0.0348486 0.0135329 0.0164275 0.0110313 0.0160976 0.013205 0.0135551 0.0203578 0.0185085 0.0124295 0.0102429 0.0257235 0.0141296 0.0340558 0.0156708 0.0385 0.0159182 0.0333967 0.0104362 0.00824286 0.00857638 0.0104568 0.00948037 0.0119551 0.00930304 0.0146523 0.00926469 0.010772 0.00972959 0.014437 0.0117346 0.0136509 0.00922768 0.00874936 0.0104774 0.0096678 0.00952421 0.00869358 0.00839899 0.00839372 0.00895796 0.00881074 0.00932857 0.00884017 0.0110448 0.00840424 0.00812172 0.0080239 0.00812255 0.00832861 0.0084846 0.008519 0.00821827 0.00817143 0.00855756 0.00851765 0.00829094 0.00815344 0.00828948 0.00827776 0.00853097 0.00828945 0.00827196 0.0083773 0.00859061 0.00842061 0.00842905 0.00847443 0.00842104 0.00834255 0.00820278 0.00820693 0.00822128 0.00818548 0.00817653 0.00843814 0.00835662 0.00838923 0.00864496 0.00900369 0.00851053 0.00863787 
0.00939032 0.00721107 0.0143972 0.00810734 0.987242 0.0114988 0.00649085 0.00359304 0.00362946 0 0.00358602 0.00362116 0.00356959 0.00358542 0.00728193 0.00917705 0.0151441 0.0187602 0.0382158 0.0135226 0.0302836 0.0122987 0.0229933 0.0295571 0.0190337 0.028716 0.0104545 0.0104077 0.0113099 0.071827 0.0196909 0.108736 0.0182309 0.0706153 0.0132252 0.0118419 0.00814743 0.00884683 0.00939162 0.0212949 0.0111583 0.0209425 0.0106119 0.0165785 0.0104958 0.0243836 0.0130036 0.0225554 0.0125682 0.0105886 0.0117648 0.00997148 0.0179423 0.010301 0.00952611 0.00857035 0.00857996 0.00910019 0.0100703 0.00979832 0.013477 0.00877964 0.0087507 0.00808434 0.00801154 0.00813698 0.00831715 0.00866387 0.00860851 0.00827429 0.00820028 0.00860231 0.00866065 0.00837369 0.00818987 0.00824222 0.00829942 0.00851177 0.00836494 0.00829042 0.00851206 0.00892952 0.00863175 0.00857636 0.00859196 0.00841775 0.00840217 0.00820515 0.00813764 0.00820905 0.00815625 0.00819337 0.00836079 0.00844825 0.00849229 0.0088329 0.00878644 0.00855497 0.00903278 
0.00954431 0.0113338 0.00831772 0.989599 0.0111744 0.0185986 0.00567502 0.00361381 0.00357936 0.00358602 0 0.00355742 0.00357026 0.00356465 0.00848433 0.00834709 0.0151186 0.0369774 0.0200845 0.0526234 0.0114349 0.034852 0.0270294 0.0226851 0.0653953 0.0135208 0.0154553 0.00976672 0.0377951 0.0157625 0.198312 0.0171417 0.132437 0.0185407 0.0317666 0.0101635 0.00833235 0.00874048 0.0162736 0.0106627 0.038512 0.0107448 0.0255222 0.0102306 0.0309582 0.0114095 0.0377649 0.0157346 0.0173427 0.0127404 0.0102288 0.0168173 0.0112913 0.0214852 0.00884765 0.00872099 0.00877106 0.00959954 0.0100848 0.0154093 0.00949069 0.0115588 0.00858402 0.00809528 0.00808674 0.00818016 0.0084206 0.00883243 0.00861167 0.00822986 0.0081947 0.00874281 0.00867505 0.00839992 0.0081502 0.00824429 0.00834065 0.00861786 0.0084045 0.00837816 0.00854868 0.00904019 0.00853678 0.00868516 0.00862081 0.00859423 0.00842953 0.00817794 0.00815428 0.00817663 0.0082023 0.00819774 0.00835866 0.00837358 0.00870758 0.00899853 0.00880204 0.0087534 0.00890059 
0.0114162 0.0103316 0.980563 0.011923 0.0294495 0.00783457 0.00755059 0.00358625 0.00358876 0.00362116 0.00355742 0 0.00355384 0.00355702 0.0087585 0.0129423 0.0149513 0.0318591 0.0583311 0.0130739 0.0457723 0.01403 0.0587307 0.0348381 0.017903 0.0438129 0.0102078 0.0129293 0.0121805 0.165316 0.0172477 0.20098 0.0233134 0.0946393 0.0145234 0.0118625 0.00827694 0.00943917 0.00929042 0.0497199 0.0112745 0.0214369 0.0111714 0.0265357 0.0105668 0.0392769 0.0138971 0.0354553 0.0135122 0.0120599 0.0135677 0.0107122 0.0319696 0.0111505 0.00957086 0.00856434 0.0087741 0.00995567 0.0119018 0.00998148 0.0161745 0.00880626 0.00915037 0.00817694 0.00804329 0.0082583 0.00838771 0.00869489 0.00877458 0.00825645 0.00823743 0.00865488 0.00874616 0.00826221 0.00823317 0.00823579 0.0084079 0.0085858 0.00855161 0.00831753 0.00854032 0.00889738 0.00874057 0.00860592 0.00863824 0.00848479 0.00843046 0.00820861 0.00815038 0.0082354 0.00820046 0.00816767 0.00840819 0.00832949 0.00847033 0.00870809 0.00892576 0.00861302 0.00917006 
0.0160707 0.954272 0.00878258 0.0150094 0.00701488 0.0123846 0.00684905 0.0036306 0.0040464 0.00356959 0.00357026 0.00355384 0 0.00355012 0.0112851 0.0128748 0.0185501 0.0245059 0.0135152 0.0196012 0.0101399 0.0168319 0.0119751 0.0129955 0.0202742 0.0135712 0.0135663 0.0101633 0.03175 0.0110287 0.0855914 0.0112455 0.0301946 0.0114278 0.0364365 0.010057 0.00849881 0.00896649 0.0175126 0.00887538 0.0146787 0.00923303 0.013687 0.00883436 0.0186741 0.00927939 0.0160143 0.0102453 0.0142413 0.0101002 0.009935 0.0166372 0.00914244 0.0104653 0.00868973 0.00873991 0.00891434 0.00938258 0.00901622 0.00954818 0.00873967 0.0100643 0.00837462 0.00823401 0.00810519 0.00817731 0.00825304 0.00861582 0.00852115 0.00817296 0.00828172 0.00855025 0.00846912 0.00831207 0.00817756 0.00828162 0.00836417 0.00863822 0.00829627 0.00828143 0.00838683 0.00856363 0.00840526 0.00843684 0.00843198 0.00840068 0.00833087 0.00812601 0.00816106 0.00818572 0.00814652 0.00824204 0.00866329 0.00845629 0.00845974 0.00888856 0.00884433 0.00854522 0.00872718 
0.934707 0.0112405 0.00865507 0.00625869 0.0066658 0.00660559 0.00622775 0.00430012 0.00360229 0.00358542 0.00356465 0.00355702 0.00355012 0 0.0192938 0.0177794 0.0325812 0.0139142 0.0122703 0.00964308 0.0104846 0.00923248 0.0133405 0.0119502 0.0106242 0.0134197 0.0122797 0.0311581 0.0100382 0.0171624 0.00960129 0.0135507 0.0097651 0.0122444 0.010416 0.0174009 0.0114837 0.0166287 0.00944816 0.0102969 0.00885218 0.00963995 0.008744 0.00978736 0.00883117 0.00993139 0.0091423 0.0103892 0.00959604 0.011527 0.0134549 0.00908952 0.00955283 0.00900921 0.00877877 0.00858656 0.0117372 0.00899558 0.00894066 0.00889468 0.00901213 0.00850744 0.00944968 0.00982384 0.00869482 0.00894691 0.00875663 0.00841509 0.00825138 0.00820573 0.00889014 0.00834985 0.00831127 0.00829356 0.00824972 0.00827394 0.00911684 0.00833771 0.00841736 0.00847472 0.00828484 0.00824358 0.0082455 0.00820765 0.00821112 0.00819319 0.00816844 0.00806182 0.00811633 0.00813819 0.00873657 0.00882251 0.00922555 0.00898987 0.00878784 0.00889503 0.00879099 0.00843606 0.00991869 
0.0119275 0.01524 0.00874085 0.011301 0.00906036 0.0155833 0.0158939 0.0145335 0.0124663 0.00728193 0.00848433 0.0087585 0.0112851 0.0192938 0 0.010861 0.0210172 0.0960104 0.00934406 0.00998697 0.00817374 0.00887983 0.00889478 0.00926056 0.00983253 0.0136702 0.0245354 0.0116344 0.0127012 0.0091477 0.0103321 0.00899156 0.00969226 0.00897419 0.0115799 0.0146494 0.011951 0.0086731 0.00924442 0.0084486 0.00854689 0.00835482 0.00845671 0.00833676 0.00852316 0.00842201 0.00864029 0.00859938 0.00938406 0.00967928 0.0083185 0.00876466 0.00836144 0.00840257 0.00850583 0.00899631 0.00847818 0.00837727 0.00836375 0.00836941 0.0082779 0.00878434 0.00952506 0.00950667 0.00854943 0.0086107 0.00810668 0.00834572 0.00819231 0.00839241 0.0080561 0.00825698 0.008189 0.00838391 0.008344 0.00827084 0.00811883 0.00835746 0.00840919 0.00809407 0.00824467 0.00824053 0.0082318 0.0081938 0.00824456 0.00824786 0.00822712 0.00834589 0.00808087 0.00820579 0.00824393 0.00839274 0.00886187 0.00862882 0.00900578 0.00925099 0.00881087 0.0090177 0.00946183 
0.0149524 0.010486 0.0113086 0.00880012 0.0108868 0.0110437 0.0178767 0.0142805 0.0107356 0.00917705 0.00834709 0.0129423 0.0128748 0.0177794 0.010861 0 0.133182 0.0144845 0.0136423 0.009381 0.0104037 0.00892699 0.0108119 0.010861 0.0099597 0.0192211 0.01936 0.017682 0.010054 0.0109805 0.00902665 0.0104291 0.00922582 0.0101135 0.0102352 0.0133533 0.0134954 0.0103706 0.00877582 0.00900131 0.00854925 0.00866899 0.00849247 0.00872352 0.0085624 0.0090001 0.00868898 0.00897366 0.00972002 0.00876722 0.00918554 0.00853725 0.00858734 0.00846225 0.00846935 0.00841945 0.00922541 0.00841612 0.00832399 0.00837099 0.00850325 0.00848735 0.00884627 0.010199 0.00867915 0.00871534 0.00851885 0.00820291 0.00833393 0.00837691 0.0084332 0.00825086 0.00834973 0.00827201 0.00826191 0.00828334 0.00869728 0.00848984 0.0083944 0.00824344 0.00825225 0.00823539 0.0082078 0.00818086 0.00824188 0.0081991 0.0081954 0.00815573 0.00816262 0.00817494 0.00837503 0.00830794 0.00946062 0.00859276 0.00886296 0.00875944 0.00896894 0.00869832 0.0102621 
0.0309536 0.0183967 0.0140385 0.0167938 0.0141034 0.0167011 0.0265965 0.0232204 0.0156772 0.0151441 0.0151186 0.0149513 0.0185501 0.0325812 0.0210172 0.133182 0 0.00373146 0.0036094 0.00399902 0.00359986 0.0036543 0.00375962 0.0040577 0.0047368 0.00661814 0.0158066 0.0223567 0.0126771 0.0140979 0.0118513 0.0135505 0.0174422 0.0136465 0.0147204 0.0848205 0.0147303 0.0159206 0.0130979 0.01099 0.0115215 0.0100192 0.010735 0.0102246 0.0105587 0.0108443 0.0125081 0.0133302 0.0148258 0.0190797 0.0124032 0.0121909 0.0109864 0.0103635 0.0100683 0.0147838 0.0108248 0.00946044 0.00910732 0.00971809 0.00948375 0.0107737 0.0154454 0.0113655 0.00948955 0.00978432 0.010172 0.00874855 0.00872407 0.00920405 0.00868093 0.00841655 0.0086684 0.00902504 0.00853145 0.00887474 0.00900799 0.00852872 0.00891852 0.00812902 0.00832418 0.0083809 0.00853239 0.00839091 0.00847676 0.00835545 0.00836299 0.00848727 0.00807529 0.00829614 0.00835239 0.00838472 0.00899158 0.00871897 0.00893059 0.00873456 0.00862737 0.00911487 0.00916599 
0.014175 0.0461336 0.0254477 0.0385814 0.0288676 0.0263118 0.0152234 0.01169 0.0348486 0.0187602 0.0369774 0.0318591 0.0245059 0.0139142 0.0960104 0.0144845 0.00373146 0 0.00356292 0.00358374 0.00355835 0.00357625 0.00385875 0.00367725 0.00410806 0.00729976 0.00787689 0.0113818 0.0173573 0.015912 0.0186528 0.0143585 0.0209774 0.0190128 0.10242 0.0158568 0.00965441 0.011082 0.0262425 0.0191391 0.0196226 0.0138824 0.0180285 0.01227 0.0181493 0.0166244 0.0278841 0.0301122 0.0239208 0.0120787 0.0131468 0.0244764 0.0190937 0.0147197 0.0111544 0.00903491 0.00975312 0.0135704 0.0117184 0.0139921 0.0134705 0.0131828 0.00919295 0.00838488 0.00823405 0.00836106 0.00880497 0.00912699 0.00904472 0.00829602 0.00833799 0.00901533 0.00903328 0.00875768 0.00830953 0.0083877 0.0084431 0.00893064 0.00856728 0.008374 0.00850914 0.00901551 0.00859821 0.00872183 0.00866911 0.00861152 0.00844027 0.00816718 0.00818224 0.00818244 0.00814079 0.00821796 0.00858537 0.00838232 0.00871282 0.00860696 0.00890131 0.0084921 0.00844131 
0.0116499 0.015406 0.0546906 0.0240296 0.0585668 0.0158845 0.0113951 0.00992286 0.0135329 0.0382158 0.0200845 0.0583311 0.0135152 0.0122703 0.00934406 0.0136423 0.0036094 0.00356292 0 0.00355774 0.00354003 0.00356468 0.00358415 0.00393419 0.00440238 0.00586732 0.0041994 0.00804953 0.0106299 0.0209625 0.0144241 0.0247074 0.0128489 0.132988 0.022445 0.0211543 0.00839162 0.00973948 0.0121334 0.0324806 0.0174739 0.0199884 0.014442 0.0186025 0.0156679 0.0287681 0.022786 0.038144 0.0173537 0.0115817 0.0124057 0.0129375 0.0272536 0.0144448 0.0102569 0.00878111 0.00900504 0.0105785 0.0133908 0.0123758 0.0183949 0.00997209 0.00902695 0.00816236 0.00806814 0.0081889 0.00842499 0.00917498 0.00891291 0.00825001 0.00827157 0.00879988 0.00921137 0.00836692 0.00825438 0.00821906 0.00837276 0.00859436 0.00863309 0.00829562 0.00853943 0.00936544 0.00859236 0.00879119 0.00860225 0.0085266 0.00832193 0.00813257 0.00816044 0.00809719 0.00812845 0.00815913 0.00831401 0.00832701 0.00830857 0.00851287 0.00858143 0.00840331 0.00825774 
0.0106645 0.0193343 0.0157189 0.0881348 0.0143244 0.0157951 0.00974692 0.0100609 0.0164275 0.0135226 0.0526234 0.0130739 0.0196012 0.00964308 0.00998697 0.009381 0.00399902 0.00358374 0.00355774 0 0.00356373 0.00354292 0.00355517 0.00353717 0.00382793 0.00369448 0.00383982 0.00832114 0.0132521 0.00924698 0.0274542 0.00970755 0.128401 0.0127568 0.0155283 0.0328386 0.00816011 0.00922589 0.0157429 0.0118282 0.0206577 0.0114814 0.0177931 0.0139059 0.0230037 0.0125731 0.0309436 0.0182243 0.0143281 0.0139607 0.0102554 0.0169397 0.0120653 0.0192362 0.0092502 0.00867817 0.0092373 0.00975219 0.0111936 0.0167759 0.00993363 0.010601 0.00862949 0.00816268 0.00805632 0.00821065 0.00840295 0.00902006 0.00853995 0.00816214 0.00819518 0.00870323 0.00870978 0.00838549 0.00820783 0.00820968 0.00830398 0.00862943 0.0083257 0.00827384 0.00845039 0.00911871 0.00854435 0.00860408 0.00848789 0.00843058 0.00838603 0.00813777 0.00811698 0.00815184 0.00804351 0.00813863 0.00826347 0.00832446 0.00831451 0.00837773 0.00841449 0.0083569 0.00824206 
0.00991922 0.0113964 0.0559888 0.0123974 0.0512172 0.0121701 0.00978244 0.0094156 0.0110313 0.0302836 0.0114349 0.0457723 0.0101399 0.0104846 0.00817374 0.0104037 0.00359986 0.00355835 0.00354003 0.00356373 0 0.00354684 0.00355176 0.00355526 0.00356752 0.00384559 0.00358799 0.0067863 0.0071701 0.0140105 0.00852319 0.0847166 0.00886441 0.0546235 0.0528028 0.0122741 0.00790104 0.00942109 0.00970483 0.0226934 0.0114742 0.0167511 0.0114776 0.018345 0.010639 0.0283516 0.0136343 0.0279707 0.014717 0.0104491 0.0107859 0.0102418 0.0273626 0.0104707 0.00965204 0.00863834 0.00872977 0.00964516 0.0128537 0.00990296 0.0175132 0.00899915 0.00897024 0.00811743 0.00804417 0.00820195 0.00838986 0.00874987 0.0085631 0.0082608 0.00819453 0.00851586 0.00882693 0.00827033 0.00818079 0.00820294 0.00824579 0.00844101 0.00822826 0.00820517 0.00849914 0.00902515 0.00855467 0.00857784 0.00847739 0.00851024 0.00824286 0.00811974 0.00813875 0.00814215 0.00805361 0.00812222 0.00823154 0.00828252 0.00828527 0.00836643 0.00845271 0.00833478 0.00819518 
0.0107053 0.0199351 0.0132092 0.0451522 0.0156586 0.030224 0.0101211 0.0104972 0.0160976 0.0122987 0.034852 0.01403 0.0168319 0.00923248 0.00887983 0.00892699 0.0036543 0.00357625 0.00356468 0.00354292 0.00354684 0 0.0035843 0.00356243 0.00359103 0.00354505 0.00359622 0.00737813 0.00892968 0.00788491 0.0345651 0.00910586 0.050538 0.0803521 0.0168069 0.0089529 0.00786483 0.00895677 0.0137032 0.0115213 0.0190055 0.0126809 0.0197121 0.0111073 0.0207204 0.0126067 0.0256886 0.0186598 0.0150309 0.0125663 0.00998385 0.014698 0.0120564 0.0158562 0.00946251 0.00862083 0.00884537 0.0099627 0.0107889 0.0137686 0.0101193 0.0106736 0.00875314 0.00810899 0.00804384 0.00806488 0.00826664 0.00890808 0.00860109 0.00814013 0.00815567 0.00863574 0.00865593 0.00826522 0.00819098 0.00815812 0.00824192 0.00849386 0.00831121 0.00828391 0.00850139 0.0089611 0.00839294 0.00850071 0.00849898 0.00840296 0.00828035 0.00813687 0.00810616 0.00814539 0.00799661 0.00811964 0.00820782 0.00822585 0.00824107 0.00836735 0.00839213 0.00834831 0.00826421 
0.0112527 0.0135902 0.0368494 0.0307057 0.0661353 0.0170149 0.0120109 0.0115929 0.013205 0.0229933 0.0270294 0.0587307 0.0119751 0.0133405 0.00889478 0.0108119 0.00375962 0.00385875 0.00358415 0.00355517 0.00355176 0.0035843 0 0.00358213 0.00357969 0.00362274 0.00362256 0.00804666 0.00717193 0.0169743 0.0109741 0.0585618 0.112841 0.0358794 0.0109962 0.010623 0.00841272 0.0106241 0.0114885 0.0218278 0.0184759 0.0184967 0.0172344 0.0160549 0.0169234 0.0224563 0.0250672 0.0287365 0.016488 0.0146949 0.0128359 0.0128052 0.0211235 0.0177367 0.0100266 0.00910186 0.00993207 0.0107482 0.0131603 0.0137822 0.0155041 0.0111573 0.00967825 0.00833453 0.00811962 0.00835069 0.00846619 0.00902241 0.00861506 0.00835336 0.00827204 0.00875396 0.00889153 0.00836261 0.00816754 0.00822208 0.00836428 0.00856335 0.00837542 0.00829981 0.00850532 0.00904563 0.0085962 0.00895807 0.00859117 0.00847656 0.00833816 0.00811364 0.00812934 0.00808435 0.00805011 0.00812762 0.00828581 0.00828104 0.00834148 0.00840013 0.00859453 0.00835627 0.00830622 
0.0112423 0.0150112 0.0405568 0.0264686 0.0403119 0.0162066 0.0119032 0.0103732 0.0135551 0.0295571 0.0226851 0.0348381 0.0129955 0.0119502 0.00926056 0.010861 0.0040577 0.00367725 0.00393419 0.00353717 0.00355526 0.00356243 0.00358213 0 0.00356839 0.00359153 0.00364385 0.00871768 0.0102365 0.0183405 0.0371191 0.155814 0.0152314 0.0142312 0.0116225 0.0109314 0.00829258 0.0104945 0.0121083 0.0313816 0.0163985 0.0205771 0.0137958 0.0190858 0.013782 0.0257225 0.0221452 0.0298328 0.0180525 0.0123228 0.0124371 0.0123029 0.0275306 0.0158685 0.00989627 0.00881225 0.00930748 0.011202 0.0135013 0.0133291 0.018679 0.00969585 0.00935504 0.00822025 0.00812248 0.00824829 0.00835193 0.0090229 0.0087171 0.0082924 0.00823169 0.00867083 0.00903765 0.0083504 0.00820827 0.00823349 0.00833173 0.00853378 0.00842765 0.00827153 0.00844745 0.00892364 0.00859682 0.00853992 0.0086255 0.00848166 0.00829628 0.0081333 0.00811947 0.00815766 0.00804984 0.00812226 0.00827966 0.0083016 0.00828823 0.00846065 0.00847057 0.00836098 0.00830491 
0.0125305 0.0324843 0.0223149 0.0907993 0.0196175 0.0225882 0.0109639 0.0105929 0.0203578 0.0190337 0.0653953 0.017903 0.0202742 0.0106242 0.00983253 0.0099597 0.0047368 0.00410806 0.00440238 0.00382793 0.00356752 0.00359103 0.00357969 0.00356839 0 0.00357937 0.00360507 0.00998461 0.019793 0.0233132 0.249155 0.0120561 0.017668 0.0109792 0.0143057 0.00916154 0.00822205 0.0101266 0.0316301 0.0154042 0.041075 0.0134688 0.0295892 0.0118939 0.0385457 0.0143999 0.050488 0.0287257 0.0189131 0.0175327 0.0122358 0.0284675 0.0157536 0.0294474 0.00939653 0.00939572 0.0098695 0.0121655 0.0159548 0.0251557 0.0117078 0.0137885 0.00913136 0.00832444 0.00813965 0.00862369 0.00861201 0.0100092 0.00890456 0.00865285 0.00831511 0.00916045 0.00887856 0.00872927 0.00820993 0.00827381 0.00847108 0.0088523 0.00859555 0.00836078 0.00855969 0.00946843 0.00860862 0.00918332 0.00858168 0.00860073 0.00837557 0.00818542 0.00818663 0.00809273 0.00812371 0.00855656 0.00830008 0.00847208 0.00859579 0.00903548 0.00862378 0.00847633 0.00836192 
0.0116589 0.0170384 0.0512648 0.0130417 0.0470105 0.0229803 0.0136208 0.0144539 0.0185085 0.028716 0.0135208 0.0438129 0.0135712 0.0134197 0.0136702 0.0192211 0.00661814 0.00729976 0.00586732 0.00369448 0.00384559 0.00354505 0.00362274 0.00359153 0.00357937 0 0.00356402 0.0160842 0.0172148 0.559905 0.0116549 0.0187756 0.00867701 0.0207798 0.0225004 0.0130752 0.00953684 0.0125166 0.012454 0.0441742 0.0121229 0.0212995 0.0116166 0.0229484 0.0111746 0.0302152 0.0159985 0.0315688 0.0342866 0.0128723 0.0132617 0.0125309 0.0311941 0.0124107 0.0147736 0.0096006 0.0101712 0.0157302 0.0135789 0.0107369 0.0196508 0.0111571 0.0109247 0.00863088 0.00834378 0.00852929 0.00872902 0.00940233 0.00901839 0.00845646 0.00848964 0.0089074 0.010216 0.00852191 0.00822592 0.00839248 0.0086055 0.00893419 0.00860386 0.00831655 0.00871554 0.0092137 0.00877598 0.00860815 0.00876209 0.008527 0.00844089 0.00817103 0.00817684 0.00816684 0.00812936 0.00833507 0.00855183 0.0085874 0.00830831 0.00866981 0.00895877 0.00853137 0.0086609 
0.0252916 0.0144534 0.00994154 0.0193002 0.00987441 0.0166891 0.017089 0.0235812 0.0124295 0.0104545 0.0154553 0.0102078 0.0135663 0.0122797 0.0245354 0.01936 0.0158066 0.00787689 0.0041994 0.00383982 0.00358799 0.00359622 0.00362256 0.00364385 0.00360507 0.00356402 0 0.0359914 0.516981 0.00692436 0.0185116 0.00728172 0.0147734 0.00919041 0.0117076 0.016182 0.0139046 0.0188797 0.0179247 0.00971033 0.0135623 0.00964214 0.0130461 0.00966003 0.013556 0.009819 0.0152925 0.0109185 0.0145384 0.0222671 0.0160277 0.0157787 0.00964448 0.0114578 0.00909416 0.0113456 0.0207933 0.0107478 0.00999463 0.0116938 0.00917152 0.0105991 0.0110202 0.0120035 0.00965502 0.0100194 0.01092 0.00883874 0.00856446 0.00922597 0.00947673 0.00915015 0.00832693 0.00902018 0.00840511 0.00845282 0.00950441 0.00847539 0.00848709 0.00914969 0.00839193 0.00858821 0.00833552 0.00891163 0.00832127 0.00840939 0.00829286 0.00814562 0.00813011 0.00818451 0.00852341 0.00904111 0.00893277 0.00915385 0.00893615 0.00930568 0.00846591 0.0086607 0.00886828 
0.0299839 0.0121473 0.0120428 0.00957779 0.0127381 0.00972851 0.0235248 0.0144158 0.0102429 0.0104077 0.00976672 0.0129293 0.0101633 0.0311581 0.0116344 0.017682 0.0223567 0.0113818 0.00804953 0.00832114 0.0067863 0.00737813 0.00804666 0.00871768 0.00998461 0.0160842 0.0359914 0 0.0036867 0.00361199 0.00362421 0.00357951 0.00372772 0.00414672 0.0039952 0.00830014 0.0139233 0.0509236 0.0112959 0.0118688 0.00941301 0.0117098 0.00914424 0.012944 0.00943764 0.0139962 0.0101937 0.0137084 0.0108257 0.0210867 0.0207982 0.0103168 0.0117619 0.00962848 0.0108537 0.0130642 0.0137756 0.00956405 0.00926268 0.00959832 0.0096286 0.00958894 0.0179007 0.0124467 0.0102406 0.0105542 0.00883608 0.00846317 0.00856174 0.00872484 0.00850098 0.00824229 0.00870295 0.0085733 0.00852361 0.00864842 0.00895632 0.00834699 0.0088604 0.00818643 0.00826687 0.00829281 0.00819426 0.00830299 0.0083377 0.00826549 0.00823841 0.00831135 0.00813369 0.00817399 0.00847049 0.00827671 0.00903793 0.00850212 0.00864814 0.00887629 0.00846612 0.00855162 0.00914149 
0.0141519 0.0472756 0.0120689 0.0476263 0.011658 0.0284643 0.0106957 0.0102853 0.0257235 0.0113099 0.0377951 0.0121805 0.03175 0.0100382 0.0127012 0.010054 0.0126771 0.0173573 0.0106299 0.0132521 0.0071701 0.00892968 0.00717193 0.0102365 0.019793 0.0172148 0.516981 0.0036867 0 0.00362511 0.00358082 0.00360875 0.00365237 0.00363613 0.00440709 0.00414154 0.00711044 0.0155857 0.0972469 0.0102193 0.0281012 0.010584 0.0300108 0.0107853 0.0338841 0.0110029 0.0388428 0.0163126 0.0311546 0.0125197 0.0120151 0.0524171 0.011369 0.0219667 0.0109344 0.0111889 0.010928 0.0146376 0.011459 0.0160075 0.0101722 0.022971 0.00952859 0.00902881 0.0083519 0.00859455 0.00849917 0.00969126 0.00900635 0.00840972 0.00821267 0.00925628 0.00882354 0.00883008 0.00828092 0.00831169 0.0083879 0.00924648 0.00845127 0.00872927 0.00844999 0.00889787 0.00857954 0.00881423 0.00846504 0.00865047 0.00835347 0.00814407 0.00815838 0.00817475 0.0081015 0.00828474 0.00831129 0.00857245 0.00862348 0.00894796 0.00874309 0.00854936 0.00839072 
0.0110427 0.0169752 0.133966 0.020008 0.166853 0.0126327 0.0165025 0.0109958 0.0141296 0.071827 0.0157625 0.165316 0.0110287 0.0171624 0.0091477 0.0109805 0.0140979 0.015912 0.0209625 0.00924698 0.0140105 0.00788491 0.0169743 0.0183405 0.0233132 0.559905 0.00692436 0.00361199 0.00362511 0 0.00357093 0.00355682 0.00361622 0.00368162 0.00369452 0.00389149 0.00650673 0.019232 0.0128447 0.150955 0.0126438 0.0564468 0.0165229 0.0732864 0.0131053 0.108106 0.019987 0.109577 0.0224772 0.0186204 0.0223318 0.0138234 0.101221 0.0235899 0.0150428 0.00926654 0.0107342 0.0187496 0.0256609 0.0155284 0.0723026 0.0100151 0.0125049 0.00864285 0.00833845 0.0084745 0.00901512 0.0102511 0.0103448 0.00848672 0.00858525 0.00920369 0.011862 0.0087991 0.00831774 0.00842039 0.00879651 0.00881775 0.00903821 0.00837245 0.0105555 0.00918817 0.00992606 0.00873783 0.00998197 0.00874766 0.00849746 0.00819203 0.00817086 0.0081848 0.00807633 0.00818022 0.00847145 0.00834867 0.00836104 0.0085634 0.00890296 0.00846659 0.00845751 
0.0119288 0.047799 0.0206091 0.306006 0.0224421 0.0756306 0.0107535 0.0114645 0.0340558 0.0196909 0.198312 0.0172477 0.0855914 0.00960129 0.0103321 0.00902665 0.0118513 0.0186528 0.0144241 0.0274542 0.00852319 0.0345651 0.0109741 0.0371191 0.249155 0.0116549 0.0185116 0.00362421 0.00358082 0.00357093 0 0.0035546 0.00359338 0.00359072 0.0035339 0.00361685 0.00575801 0.0141765 0.0677032 0.0136152 0.10619 0.0135498 0.09491 0.0129141 0.114117 0.0151852 0.142553 0.0309757 0.0496345 0.0219436 0.0139155 0.0680231 0.0224545 0.0786907 0.0101884 0.0114125 0.0109622 0.016911 0.0204119 0.0670966 0.0131883 0.0454837 0.00937664 0.00847198 0.00827619 0.00853253 0.00870641 0.0114022 0.00944606 0.00869057 0.00832189 0.0104776 0.00959776 0.00946804 0.00837791 0.00837521 0.00839375 0.00921833 0.00893782 0.00862797 0.00878746 0.0103079 0.00885363 0.00947163 0.00892493 0.00895918 0.00852147 0.00824417 0.00816118 0.00813754 0.00811924 0.00826833 0.00861702 0.00845361 0.00846509 0.00882735 0.00885548 0.00852616 0.0083824 
0.0108195 0.0144044 0.175342 0.0216343 0.237523 0.0146572 0.0132478 0.0109351 0.0156708 0.108736 0.0171417 0.20098 0.0112455 0.0135507 0.00899156 0.0104291 0.0135505 0.0143585 0.0247074 0.00970755 0.0847166 0.00910586 0.0585618 0.155814 0.0120561 0.0187756 0.00728172 0.00357951 0.00360875 0.00355682 0.0035546 0 0.00358042 0.00355699 0.00356714 0.00357188 0.00573531 0.0159973 0.0116655 0.102265 0.0161962 0.0682653 0.0132382 0.0646229 0.0125188 0.141624 0.0181157 0.110204 0.0223338 0.0202871 0.0249277 0.0143882 0.109351 0.0170287 0.0380318 0.00946729 0.0110681 0.0174417 0.0480049 0.0142638 0.0765854 0.0109907 0.0124886 0.00857637 0.00828993 0.00839345 0.00881631 0.00986555 0.00987909 0.0085268 0.00835049 0.00912741 0.0105256 0.0087121 0.00829777 0.00835424 0.00845142 0.00873191 0.00901893 0.00833578 0.00897449 0.00961069 0.00943778 0.00873735 0.00949979 0.00860017 0.00840976 0.00819359 0.00814557 0.00817008 0.00805017 0.00816713 0.00867817 0.0083356 0.00836744 0.00850165 0.00865921 0.00844028 0.00835295 
0.0110202 0.0502287 0.0215734 0.192941 0.0259304 0.0324609 0.0111981 0.010756 0.0385 0.0182309 0.132437 0.0233134 0.0301946 0.0097651 0.00969226 0.00922582 0.0174422 0.0209774 0.0128489 0.128401 0.00886441 0.050538 0.112841 0.0152314 0.017668 0.00867701 0.0147734 0.00372772 0.00365237 0.00361622 0.00359338 0.00358042 0 0.0035541 0.00355839 0.00357393 0.00541941 0.0134891 0.0526191 0.0186085 0.0812823 0.0134538 0.0631059 0.0127485 0.097606 0.0163465 0.0970197 0.0323063 0.0396474 0.0193668 0.0194746 0.0506322 0.0203999 0.0735486 0.0103651 0.0103798 0.0111167 0.0240738 0.0193621 0.0484601 0.0136521 0.0272227 0.00992278 0.00848039 0.00825715 0.00868493 0.0087388 0.0119814 0.00953131 0.00867385 0.0084113 0.0106786 0.00956005 0.00917253 0.00832642 0.00833975 0.00846359 0.00907988 0.00879558 0.00856358 0.00864928 0.0114044 0.00889405 0.00923792 0.00888876 0.00887261 0.00844488 0.00818225 0.00815997 0.00814165 0.00809011 0.00822083 0.00868036 0.00842543 0.00846522 0.00874193 0.00891324 0.00844124 0.00836573 
0.0118123 0.0144321 0.11484 0.0271733 0.103081 0.0143893 0.0119433 0.0138254 0.0159182 0.0706153 0.0185407 0.0946393 0.0114278 0.0122444 0.00897419 0.0101135 0.0136465 0.0190128 0.132988 0.0127568 0.0546235 0.0803521 0.0358794 0.0142312 0.0109792 0.0207798 0.00919041 0.00414672 0.00363613 0.00368162 0.00359072 0.00355699 0.0035541 0 0.00356927 0.00356639 0.00540958 0.0287419 0.0253858 0.112132 0.0148215 0.0532744 0.0151408 0.0699594 0.012613 0.0784607 0.0243941 0.122492 0.0217322 0.020377 0.0228436 0.0161576 0.116847 0.0206061 0.0144217 0.00955406 0.0120293 0.0215861 0.030075 0.0157863 0.048736 0.0109507 0.0110501 0.00841898 0.00813876 0.00834385 0.00939071 0.00987567 0.00958235 0.00865454 0.00849675 0.00937254 0.0105114 0.00872538 0.00831892 0.00837518 0.00859521 0.00889746 0.00889463 0.00840399 0.0142785 0.0097459 0.00950119 0.00905561 0.00924938 0.00875311 0.00854753 0.00824624 0.00816353 0.00816923 0.00809274 0.00824601 0.00830356 0.00837245 0.00839478 0.00854914 0.00864972 0.0084447 0.00830826 
0.0105083 0.0271582 0.0153036 0.0367195 0.0160393 0.0494106 0.0106755 0.0112276 0.0333967 0.0132252 0.0317666 0.0145234 0.0364365 0.010416 0.0115799 0.0102352 0.0147204 0.10242 0.022445 0.0155283 0.0528028 0.0168069 0.0109962 0.0116225 0.0143057 0.0225004 0.0117076 0.0039952 0.00440709 0.00369452 0.0035339 0.00356714 0.00355839 0.00356927 0 0.00359117 0.0181015 0.0144679 0.0738565 0.015541 0.0321933 0.014551 0.0401151 0.0116593 0.0379478 0.0123636 0.0415071 0.0201165 0.081391 0.0155524 0.0126047 0.0392291 0.0146107 0.0273832 0.0120282 0.0106969 0.0120032 0.0219793 0.0133602 0.0161626 0.0111129 0.0333529 0.00994647 0.00888455 0.00835961 0.00863409 0.00899353 0.0108796 0.00953161 0.00849022 0.00837591 0.00973786 0.00997748 0.00940483 0.00827042 0.00850826 0.00840946 0.0092058 0.00859513 0.00854478 0.0088165 0.00999549 0.0087637 0.00903189 0.00882171 0.00873857 0.00837536 0.00817255 0.0081493 0.00812489 0.00810076 0.00833275 0.00836807 0.0085162 0.00827968 0.008651 0.00863847 0.0084452 0.0083231 
0.0175164 0.00977219 0.0114145 0.0103745 0.0117585 0.0115591 0.0175535 0.0179561 0.0104362 0.0118419 0.0101635 0.0118625 0.010057 0.0174009 0.0146494 0.0133533 0.0848205 0.0158568 0.0211543 0.0328386 0.0122741 0.0089529 0.010623 0.0109314 0.00916154 0.0130752 0.016182 0.00830014 0.00414154 0.00389149 0.00361685 0.00357188 0.00357393 0.00356639 0.00359117 0 0.656781 0.0212532 0.0142803 0.0192409 0.0130368 0.0182526 0.0111787 0.0163173 0.0106731 0.015517 0.0125372 0.0161443 0.0162514 0.032644 0.0208404 0.0121103 0.0133261 0.0108766 0.0122187 0.0109251 0.0240034 0.0111304 0.0107338 0.0106696 0.0103935 0.0102259 0.0219619 0.0119325 0.0102842 0.00980773 0.0103677 0.00887552 0.00875075 0.00930838 0.00979392 0.00876349 0.00880254 0.00907454 0.00857338 0.00853753 0.00999148 0.0084987 0.00877577 0.00878487 0.00853933 0.00883487 0.00865417 0.00850502 0.00849986 0.00845912 0.00825051 0.00814456 0.00814389 0.00818552 0.00852869 0.00858601 0.0090766 0.00865232 0.0085379 0.00883273 0.00842529 0.00850825 0.00863786 
