1HX3B
EHVILLNAQGVPTGTLEKYAAHTADTRLHLAFSSWLFNAKGQLLVTRRALSKKAWPGVWTNSVAGHPQLGESNEDAVIRRCRYELGVEITPPESIYPDFRYRATDPSGIVENEVCPVFAARTTSALQINDDEVMDYQWCDLADVLHGIDATPWAFSPWMVMQATNREARKRLSAFTQLKL
CEEEEECCCCCEEEEEEHHHHCCCCCCCEECEEEEEECCCCCEEEEEECCCCCCCCCCEEECEEECCCCCCCHHHHHHHHHHHHHCCCECCCEEEECCCEEEEECCCCCEEEEECCEEEEEECCCCCCCCCCEEEEEEECHHHHHHHHHHCHHHECHHHHHHHCCHHHHHHHHHCCCCCC
0 0 0 0 0 0 0 0 0 0 0 0 0 0 0 0 0 0 0 0 0 0 0 0 0 0 0 0 0 0 0 0 0 0 0 0 0 0 0 0 0 0 0 0 0 0 0 0 0 0 0 0 0 0 0 0 0 0 0 0 0 0 0 0 0 0 0 0 0 0 0 0 0 0 0 0 0 0 0 0 0 0 0 0 0 0 0 0 0 0 0 0 0 0 0 0 0 0 0 0 0 0 0 0 0 0 0 0 0 0 0 0 0 0 0 0 0 0 0 0 0 0 0 0 0 0 0 0 0 0 0 0 0 0 0 0 0 0 0 0 0 0 0 0 0 0 0 0 0 0 0 0 0 0 0 0 0 0 0 0 0 0 0 0 0 0 0 0 0 0 0 0 0 0 0 0 0 0 0 0 
0 0 0 0 0 0 0 0 0 0 0 0 0 0 0 0 0 0 0 0 0 0 0 0 0 0 0 0 0 0 0 0 0 0 0 0 0 0 0 0 0 0 0 0 0 0 0 0 0 0 0 0 0 0 0 0 0 0 0 0 0 0 0 0 0 0 0 0 0 0 0 0 0 0 0 0 0 0 0 0 0 0 0 0 0 0 0 0 0 0 0 0 0 0 0 0 0 0 0 0 0 0 0 0 0 0 0 0 0 0 0 0 0 0 0 0 0 0 0 0 0 0 0 0 0 0 0 0 0 0 0 0 0 0 0 0 0 0 0 0 0 0 0 0 0 0 0 0 0 0 0 0 0 0 0 0 0 0 0 0 0 0 0 0 0 0 0 0 0 0 0 0 0 0 0 0 0 0 0 0 
0 0.00428272 0.00369073 0.00382292 0.00497106 0.0124784 0.00815346 0.0143549 0.0183529 0.0541522 0.971596 0.0155874 0.022979 0.0200997 0.0193617 0.0180886 0.0191226 0.0155483 0.0283922 0.0265953 0.018175 0.0140529 0.0152273 0.0121669 0.0251239 0.0129306 0.0101559 0.0243927 0.0115201 0.0105087 0.0168146 0.0105693 0.00942253 0.00890584 0.00861043 0.0102919 0.0102699 0.00888629 0.00982285 0.00856735 0.0121191 0.00892633 0.00867234 0.00878506 0.00875638 0.0103139 0.00950622 0.00932219 0.00971583 0.00958081 0.00947732 0.0104714 0.00862327 0.00844843 0.0083875 0.00819342 0.00829332 0.00820909 0.00934864 0.00835419 
0.00428272 0 0.00367843 0.00392582 0.00407008 0.00714241 0.00843299 0.0105129 0.0221551 0.951944 0.00774576 0.0167432 0.0162635 0.0147439 0.0371161 0.026815 0.028556 0.0252675 0.0120652 0.0234416 0.0363674 0.0259587 0.0185688 0.0235223 0.0122719 0.0122106 0.0140389 0.0102708 0.0105859 0.0156584 0.0106022 0.0108466 0.00854677 0.00936917 0.00920892 0.00913711 0.00839318 0.0119234 0.0088236 0.0103261 0.0090224 0.00866444 0.00926337 0.00930905 0.00982309 0.0088794 0.0096149 0.0108795 0.0110024 0.0107202 0.00904586 0.0090948 0.00831637 0.00858657 0.00843685 0.0084628 0.00827106 0.00846126 0.00845428 0.00838044 
0.00369073 0.00367843 0 0.00384876 0.00360077 0.0145021 0.0106991 0.0587236 0.874252 0.00771814 0.00649142 0.00973216 0.0150357 0.0179634 0.0256319 0.0535306 0.0719264 0.0287952 0.0122382 0.0153659 0.0338798 0.0654355 0.0548509 0.0154542 0.0118291 0.0149845 0.0117836 0.0160482 0.018373 0.0119911 0.0118774 0.00907194 0.00904972 0.011214 0.00950771 0.00903878 0.00915759 0.00988086 0.0136083 0.00931114 0.00878473 0.00903917 0.0111992 0.0146972 0.0108446 0.00950208 0.0100583 0.01403 0.0198232 0.0165824 0.00989748 0.00915632 0.00860976 0.00899839 0.0091384 0.00876527 0.00889608 0.00858375 0.00833774 0.00833717 
0.00382292 0.00392582 0.00384876 0 0.00360683 0.0281242 0.1131 0.644613 0.0124385 0.00933574 0.00651755 0.0154901 0.0156862 0.0148611 0.0298559 0.0206362 0.0360158 0.0615293 0.0167663 0.0141421 0.0410368 0.0271555 0.0244594 0.0249861 0.011203 0.0117565 0.0237388 0.0112046 0.0124931 0.0248222 0.0130015 0.00933114 0.00957908 0.0096309 0.0104273 0.00868704 0.00964168 0.00979293 0.00970227 0.00900776 0.00854971 0.00959135 0.0100989 0.0105637 0.0116388 0.00917335 0.0102676 0.0132645 0.0137444 0.0117951 0.00999369 0.00865158 0.0092021 0.00884612 0.00871794 0.00875292 0.00856206 0.00848502 0.00837493 0.00824282 
0.00497106 0.00407008 0.00360077 0.00360683 0 0.75159 0.0466785 0.00753149 0.0064759 0.00779439 0.00707769 0.0169022 0.0163774 0.0238883 0.0126095 0.0111081 0.0108539 0.0152849 0.0244524 0.0312683 0.0120278 0.0143778 0.0114437 0.0123267 0.0132489 0.020727 0.0104209 0.0127588 0.0189963 0.0102132 0.0165335 0.0176491 0.0119688 0.00866667 0.00885457 0.00958102 0.0113288 0.00946457 0.00849757 0.00886619 0.00904088 0.0126468 0.00861974 0.00911854 0.00877552 0.00998019 0.0134766 0.00963705 0.00924912 0.00933731 0.00865729 0.00929428 0.0111436 0.00851387 0.00830057 0.00833504 0.00825262 0.00824849 0.00853423 0.00952633 
0.0124784 0.00714241 0.0145021 0.0281242 0.75159 0 0.00383348 0.00359747 0.00381954 0.00401362 0.00474708 0.0110388 0.0115676 0.0100028 0.00887607 0.00869905 0.0142688 0.00940746 0.0209971 0.0133698 0.00972059 0.00920662 0.00908364 0.0100796 0.017164 0.00975015 0.00894602 0.00988527 0.0090082 0.00898042 0.0117139 0.0127783 0.00869343 0.00825318 0.00836953 0.0101567 0.00904816 0.00845353 0.00873323 0.00839457 0.0103548 0.00860751 0.00823 0.0082552 0.00827412 0.00891344 0.00867646 0.00842591 0.00841212 0.00832707 0.00859969 0.00955393 0.00848658 0.00812426 0.00810775 0.00804631 0.0080403 0.00816578 0.00842435 0.00840172 
0.00815346 0.00843299 0.0106991 0.1131 0.0466785 0.00383348 0 0.00359663 0.00360664 0.00584562 0.00359184 0.00932495 0.00864555 0.00834734 0.0119465 0.0111912 0.00970577 0.0129162 0.00983081 0.00961006 0.0109057 0.00915517 0.00960087 0.010063 0.00959581 0.00887662 0.00927293 0.00870937 0.00864128 0.00918089 0.00903526 0.00914289 0.00818018 0.00839968 0.00843868 0.00847625 0.00832552 0.00841025 0.00851157 0.00835916 0.0100657 0.00815861 0.00838671 0.00830361 0.00851187 0.00828671 0.00824082 0.00852153 0.00865471 0.00848943 0.00860154 0.00833567 0.00818624 0.00825284 0.00820354 0.00809456 0.008139 0.00817307 0.0082044 0.00809659 
0.0143549 0.0105129 0.0587236 0.644613 0.00753149 0.00359747 0.00359663 0 0.0036269 0.00356987 0.00355765 0.00762255 0.00927114 0.00971214 0.00973679 0.0136083 0.0126576 0.0106367 0.00927426 0.0100389 0.00934187 0.0133076 0.01011 0.0101486 0.0088652 0.00922806 0.00886786 0.00940318 0.00904686 0.00888405 0.00887676 0.00910514 0.0081372 0.00837668 0.00851904 0.00840407 0.00821552 0.00901465 0.00862528 0.00915155 0.00818776 0.00826783 0.00853789 0.00907645 0.00885509 0.00836131 0.00838657 0.00902801 0.00984513 0.010449 0.00849167 0.00830196 0.00819906 0.00834093 0.0082257 0.00835546 0.00814053 0.00826889 0.00829882 0.00814305 
0.0183529 0.0221551 0.874252 0.0124385 0.0064759 0.00381954 0.00360664 0.0036269 0 0.00354534 0.00358709 0.00737585 0.00850066 0.00982304 0.0122655 0.0116846 0.0153289 0.0114335 0.00949515 0.00913311 0.0113635 0.010686 0.0131287 0.00943622 0.00957522 0.00898752 0.0088328 0.00905348 0.00931629 0.00898353 0.00920494 0.00836337 0.00867399 0.00883305 0.00844146 0.0083561 0.00958086 0.00828911 0.0133475 0.00830466 0.00886383 0.00831278 0.00872123 0.00874904 0.00865588 0.00824294 0.00855398 0.00883265 0.0108911 0.00896816 0.0085741 0.00822363 0.00836945 0.00827599 0.00844433 0.00818395 0.00823551 0.00847732 0.00810095 0.00806127 
0.0541522 0.951944 0.00771814 0.00933574 0.00779439 0.00401362 0.00584562 0.00356987 0.00354534 0 0.00354837 0.0074642 0.0152103 0.0104055 0.0117012 0.0103481 0.00944958 0.0112977 0.00894738 0.0123871 0.011249 0.0113368 0.00912417 0.0138198 0.00890589 0.00987193 0.0104328 0.00916555 0.00926124 0.0116024 0.00925873 0.0107267 0.00836688 0.00853969 0.00918383 0.00848403 0.00834237 0.0126132 0.00831751 0.0101841 0.00821857 0.00853032 0.00850951 0.00879222 0.00859936 0.00859898 0.00859168 0.00917385 0.00859922 0.00887631 0.00847291 0.0085036 0.00836655 0.00846897 0.00828404 0.0082859 0.00809202 0.00824083 0.00853859 0.00851822 
0.971596 0.00774576 0.00649142 0.00651755 0.00707769 0.00474708 0.00359184 0.00355765 0.00358709 0.00354837 0 0.0363917 0.00817941 0.0250544 0.00846053 0.00754236 0.00787713 0.00924974 0.0123804 0.0177066 0.0117661 0.00936195 0.0111855 0.00934551 0.0113519 0.0169862 0.0104017 0.00966867 0.0157966 0.00970696 0.0129781 0.0103693 0.012854 0.00901638 0.0085624 0.00868616 0.0209605 0.00845915 0.00966563 0.00828611 0.0099808 0.0112628 0.00856737 0.00851982 0.00877574 0.00867492 0.0116324 0.00887112 0.00907408 0.00874213 0.00868668 0.00845029 0.0103534 0.00831026 0.00842228 0.00819308 0.00817667 0.00831959 0.00817641 0.00932573 
0.0155874 0.0167432 0.00973216 0.0154901 0.0169022 0.0110388 0.00932495 0.00762255 0.00737585 0.0074642 0.0363917 0 0.00585591 0.00374749 0.00389025 0.00375159 0.00428864 0.00501173 0.0102216 0.00976047 0.0103857 0.00808019 0.00924671 0.00978199 0.0218768 0.0122577 0.0197779 0.0114572 0.0104877 0.0136073 0.0176789 0.0165389 0.00958886 0.00887831 0.00892611 0.0113537 0.00976849 0.00867627 0.00858981 0.00874508 0.012718 0.00925461 0.00862739 0.00848548 0.00882259 0.0106928 0.0102061 0.00928712 0.00869728 0.0085212 0.00910263 0.0106043 0.00868282 0.00828066 0.00815815 0.00811341 0.00810615 0.00828015 0.0089707 0.00917425 
0.022979 0.0162635 0.0150357 0.0156862 0.0163774 0.0115676 0.00864555 0.00927114 0.00850066 0.0152103 0.00817941 0.00585591 0 0.00423737 0.00376285 0.00365427 0.0037571 0.00483249 0.0053514 0.0137108 0.00917561 0.00940577 0.00936751 0.01535 0.0132779 0.0220419 0.0134506 0.0118498 0.0144388 0.0144369 0.0137471 0.0196784 0.0102927 0.00921315 0.00924039 0.0100235 0.00914893 0.0105391 0.00857516 0.00940119 0.00957376 0.010472 0.00906153 0.00969021 0.00911046 0.0109238 0.0140513 0.0102072 0.0106141 0.0105005 0.00900649 0.0105345 0.00920527 0.00869418 0.00838331 0.00844192 0.00845659 0.00834546 0.00919517 0.00912572 
0.0200997 0.0147439 0.0179634 0.0148611 0.0238883 0.0100028 0.00834734 0.00971214 0.00982304 0.0104055 0.0250544 0.00374749 0.00423737 0 0.00360301 0.00358774 0.00362556 0.0036298 0.00406527 0.00918307 0.00803774 0.0112394 0.0104254 0.0199373 0.273616 0.0204671 0.010037 0.0202828 0.0136043 0.0102744 0.0312595 0.0145066 0.00974336 0.00928963 0.00956346 0.0121471 0.00951727 0.00980245 0.00998742 0.00931724 0.0130884 0.0103732 0.00999271 0.0108015 0.00983528 0.0159685 0.0119014 0.0128049 0.0147421 0.0128167 0.00991519 0.0145731 0.00931308 0.00864114 0.00852715 0.00894179 0.00880546 0.00855097 0.0101544 0.00865916 
0.0193617 0.0371161 0.0256319 0.0298559 0.0126095 0.00887607 0.0119465 0.00973679 0.0122655 0.0117012 0.00846053 0.00389025 0.00376285 0.00360301 0 0.00356566 0.00358376 0.00358441 0.00360846 0.00663761 0.0122565 0.00934107 0.0198895 0.152345 0.0970573 0.0111485 0.0205098 0.0107406 0.011092 0.0244867 0.0115928 0.0100204 0.00916691 0.0129563 0.0101657 0.00921694 0.00880989 0.0108308 0.0116954 0.0110725 0.0103707 0.00904603 0.0146261 0.0115503 0.0148437 0.00954238 0.0109517 0.0186906 0.0192415 0.0158446 0.026728 0.00924286 0.00873172 0.00888548 0.00885135 0.00870225 0.008654 0.00962779 0.00871778 0.00828209 
0.0180886 0.026815 0.0535306 0.0206362 0.0111081 0.00869905 0.0111912 0.0136083 0.0116846 0.0103481 0.00754236 0.00375159 0.00365427 0.00358774 0.00356566 0 0.00355752 0.00357955 0.0035675 0.00750154 0.00780128 0.0302616 0.0981663 0.108409 0.00870319 0.0218682 0.0109761 0.012759 0.0157544 0.0114307 0.0112203 0.0101405 0.00912025 0.0108032 0.0106997 0.00911379 0.00875866 0.0144356 0.0118196 0.0144398 0.00916703 0.0102307 0.0134443 0.0298259 0.0140673 0.0103452 0.0104785 0.0230042 0.0340972 0.0508454 0.011875 0.00939622 0.00891443 0.00979695 0.00969796 0.010168 0.0100385 0.00867528 0.00881914 0.00835832 
0.0191226 0.028556 0.0719264 0.0360158 0.0108539 0.0142688 0.00970577 0.0126576 0.0153289 0.00944958 0.00787713 0.00428864 0.0037571 0.00362556 0.00358376 0.00355752 0 0.00356217 0.00357236 0.00575736 0.021874 0.120718 0.195029 0.013466 0.0084961 0.0117751 0.0116506 0.0144863 0.0160336 0.0138481 0.0184221 0.00933167 0.00926792 0.0166944 0.0110817 0.00935953 0.00906024 0.0131774 0.0193197 0.0104491 0.00941503 0.00959878 0.0207465 0.0301785 0.0158093 0.0101267 0.0123014 0.0268194 0.0830259 0.0382959 0.0131673 0.00938533 0.00903989 0.00982489 0.0112324 0.00978924 0.00975559 0.0089462 0.00893073 0.00842258 
0.0155483 0.0252675 0.0287952 0.0615293 0.0152849 0.00940746 0.0129162 0.0106367 0.0114335 0.0112977 0.00924974 0.00501173 0.00483249 0.0036298 0.00358441 0.00357955 0.00356217 0 0.0036002 0.018448 0.163658 0.15279 0.0138682 0.0138279 0.0082012 0.0103133 0.0301616 0.0117531 0.0127979 0.0410294 0.0173924 0.00984967 0.00935507 0.0115463 0.0160862 0.00934616 0.00942423 0.0125601 0.00999653 0.0122924 0.00909755 0.00968553 0.0153158 0.0147213 0.0201109 0.0125892 0.0108726 0.0298945 0.0211959 0.0182043 0.0147153 0.00925894 0.0089104 0.00968435 0.00933766 0.00873139 0.00886045 0.00916154 0.00861607 0.0083943 
0.0283922 0.0120652 0.0122382 0.0167663 0.0244524 0.0209971 0.00983081 0.00927426 0.00949515 0.00894738 0.0123804 0.0102216 0.0053514 0.00406527 0.00360846 0.0035675 0.00357236 0.0036002 0 0.850856 0.0436661 0.0118837 0.00718514 0.00740894 0.010063 0.019253 0.0116571 0.0131549 0.0212538 0.016899 0.0381638 0.018693 0.0151208 0.00905395 0.00947151 0.0104973 0.0163872 0.00956106 0.00914345 0.00903728 0.0109497 0.0166135 0.00917572 0.00963241 0.010213 0.0162233 0.0209609 0.0104832 0.011387 0.00996712 0.00942717 0.0102821 0.0131684 0.00869795 0.00853098 0.00838847 0.00841124 0.00843769 0.0088405 0.00992661 
0.0265953 0.0234416 0.0153659 0.0141421 0.0312683 0.0133698 0.00961006 0.0100389 0.00913311 0.0123871 0.0177066 0.00976047 0.0137108 0.00918307 0.00663761 0.00750154 0.00575736 0.018448 0.850856 0 0.0036168 0.00358471 0.00359197 0.0036622 0.00468789 0.0245576 0.00997585 0.0197065 0.0125753 0.0152877 0.0319503 0.0325481 0.0122956 0.0094019 0.0102439 0.0158777 0.0106786 0.0125027 0.00911174 0.0113006 0.0155093 0.0135432 0.00949714 0.00975846 0.00943946 0.0160225 0.0156869 0.0117832 0.0109192 0.0101978 0.0101576 0.018494 0.00972167 0.00878605 0.00842132 0.00840414 0.00831705 0.00842036 0.0132398 0.0099881 
0.018175 0.0363674 0.0338798 0.0410368 0.0120278 0.00972059 0.0109057 0.00934187 0.0113635 0.011249 0.0117661 0.0103857 0.00917561 0.00803774 0.0122565 0.00780128 0.021874 0.163658 0.0436661 0.0036168 0 0.00359061 0.00355357 0.0036361 0.0037064 0.0103627 0.0341573 0.00969425 0.0140028 0.0250187 0.0127652 0.0121036 0.00983187 0.0175647 0.0107202 0.0100746 0.0101045 0.010144 0.0134764 0.0101023 0.0125806 0.00954722 0.0172098 0.0118941 0.017026 0.00964415 0.0125764 0.0232793 0.020362 0.0158297 0.0166727 0.00961795 0.00931506 0.00914814 0.00920823 0.00888311 0.00881322 0.00940884 0.00869861 0.00843088 
0.0140529 0.0259587 0.0654355 0.0271555 0.0143778 0.00920662 0.00915517 0.0133076 0.010686 0.0113368 0.00936195 0.00808019 0.00940577 0.0112394 0.00934107 0.0302616 0.120718 0.15279 0.0118837 0.00358471 0.00359061 0 0.0035611 0.00356166 0.00362042 0.0133544 0.0119665 0.210331 0.0139201 0.0137954 0.0128391 0.01082 0.00940882 0.0115996 0.0131059 0.00963716 0.00890673 0.0148599 0.0113323 0.0161806 0.00940272 0.010072 0.0130253 0.0360875 0.0138353 0.0125566 0.0110794 0.024101 0.0432665 0.0457433 0.011685 0.0101398 0.0090262 0.00986766 0.010116 0.0102477 0.0109301 0.00907085 0.00931603 0.0085528 
0.0152273 0.0185688 0.0548509 0.0244594 0.0114437 0.00908364 0.00960087 0.01011 0.0131287 0.00912417 0.0111855 0.00924671 0.00936751 0.0104254 0.0198895 0.0981663 0.195029 0.0138682 0.00718514 0.00359197 0.00355357 0.0035611 0 0.0035658 0.00358867 0.0103818 0.142149 0.0248897 0.016546 0.010548 0.0149009 0.00943004 0.00943341 0.0136151 0.0109145 0.00975421 0.00977058 0.0102772 0.0166645 0.00953469 0.0108842 0.00932423 0.0156041 0.0177452 0.0157874 0.0109778 0.0112027 0.0219538 0.0426317 0.0253907 0.013967 0.00975979 0.009202 0.00925163 0.0110076 0.0093322 0.00973024 0.00904047 0.0088137 0.00846792 
0.0121669 0.0235223 0.0154542 0.0249861 0.0123267 0.0100796 0.010063 0.0101486 0.00943622 0.0138198 0.00934551 0.00978199 0.01535 0.0199373 0.152345 0.108409 0.013466 0.0138279 0.00740894 0.0036622 0.0036361 0.00356166 0.0035658 0 0.00364747 0.163101 0.0516254 0.0241879 0.0113565 0.0374767 0.0133195 0.010512 0.00978255 0.0106962 0.0119111 0.00941616 0.00997567 0.014583 0.00918778 0.0130492 0.00928692 0.010685 0.0119632 0.0116642 0.0133838 0.0119325 0.0120762 0.019979 0.014741 0.0130038 0.0119955 0.00931849 0.0095694 0.00943597 0.00882178 0.00864603 0.00866739 0.00892498 0.00869217 0.00873558 
0.0251239 0.0122719 0.0118291 0.011203 0.0132489 0.017164 0.00959581 0.0088652 0.00957522 0.00890589 0.0113519 0.0218768 0.0132779 0.273616 0.0970573 0.00870319 0.0084961 0.0082012 0.010063 0.00468789 0.0037064 0.00362042 0.00358867 0.00364747 0 0.0510472 0.0172435 0.0116078 0.0205816 0.0110788 0.0311143 0.0192132 0.0199925 0.00954221 0.00924912 0.0104286 0.025965 0.0100433 0.0102189 0.00872564 0.010843 0.0179005 0.00955003 0.00949729 0.00944988 0.0113617 0.0266801 0.0115875 0.0107977 0.00976764 0.00926886 0.00974422 0.0155737 0.00922309 0.00849469 0.00850853 0.00845952 0.00841183 0.00886776 0.0101159 
0.0129306 0.0122106 0.0149845 0.0117565 0.020727 0.00975015 0.00887662 0.00922806 0.00898752 0.00987193 0.0169862 0.0122577 0.0220419 0.0204671 0.0111485 0.0218682 0.0117751 0.0103133 0.019253 0.0245576 0.0103627 0.0133544 0.0103818 0.163101 0.0510472 0 0.00362254 0.00359184 0.00364036 0.00405155 0.0213893 0.0266477 0.0113367 0.00967367 0.0105027 0.0139747 0.0110468 0.0101608 0.00964007 0.0101775 0.0169709 0.011187 0.00938886 0.0104128 0.0095583 0.0175089 0.0124015 0.0112991 0.0112742 0.00991655 0.0100793 0.0169161 0.00907654 0.00875188 0.00859965 0.00864833 0.00840926 0.00866982 0.0130321 0.00888991 
0.0101559 0.0140389 0.0117836 0.0237388 0.0104209 0.00894602 0.00927293 0.00886786 0.0088328 0.0104328 0.0104017 0.0197779 0.0134506 0.010037 0.0205098 0.0109761 0.0116506 0.0301616 0.0116571 0.00997585 0.0341573 0.0119665 0.142149 0.0516254 0.0172435 0.00362254 0 0.00355331 0.00356074 0.00738131 0.00399171 0.0139683 0.00961225 0.0156096 0.0145649 0.00923583 0.0100657 0.0112755 0.00924762 0.0108046 0.0101774 0.00936947 0.0160942 0.0101832 0.0195325 0.0100347 0.01101 0.0178502 0.0117145 0.0105356 0.0149924 0.0090901 0.00908816 0.00898407 0.00869552 0.00847545 0.00841032 0.00938301 0.00864959 0.00860061 
0.0243927 0.0102708 0.0160482 0.0112046 0.0127588 0.00988527 0.00870937 0.00940318 0.00905348 0.00916555 0.00966867 0.0114572 0.0118498 0.0202828 0.0107406 0.012759 0.0144863 0.0117531 0.0131549 0.0197065 0.00969425 0.210331 0.0248897 0.0241879 0.0116078 0.00359184 0.00355331 0 0.00559124 0.00357728 0.00373499 0.0149095 0.0117369 0.00956349 0.010021 0.00977495 0.00994797 0.0105593 0.00905776 0.00955961 0.00940691 0.0141643 0.00977651 0.0164064 0.010041 0.0140134 0.0160272 0.0115344 0.0154997 0.015187 0.00936013 0.0111906 0.010223 0.00903202 0.0087925 0.00890929 0.0091575 0.00853305 0.00949947 0.00927618 
0.0115201 0.0105859 0.018373 0.0124931 0.0189963 0.0090082 0.00864128 0.00904686 0.00931629 0.00926124 0.0157966 0.0104877 0.0144388 0.0136043 0.011092 0.0157544 0.0160336 0.0127979 0.0212538 0.0125753 0.0140028 0.0139201 0.016546 0.0113565 0.0205816 0.00364036 0.00356074 0.00559124 0 0.00362829 0.00359867 0.0315597 0.0138733 0.0129722 0.0107597 0.0164991 0.00998882 0.0093981 0.0124581 0.0099285 0.0189378 0.0100968 0.0103075 0.0134515 0.0110965 0.0196141 0.0117662 0.0121091 0.0172423 0.0133207 0.0105607 0.0160933 0.0092081 0.00875575 0.00898995 0.00868696 0.00853224 0.00864439 0.0113728 0.00888939 
0.0105087 0.0156584 0.0119911 0.0248222 0.0102132 0.00898042 0.00918089 0.00888405 0.00898353 0.0116024 0.00970696 0.0136073 0.0144369 0.0102744 0.0244867 0.0114307 0.0138481 0.0410294 0.016899 0.0152877 0.0250187 0.0137954 0.010548 0.0374767 0.0110788 0.00405155 0.00738131 0.00357728 0.00362829 0 0.00378895 0.0163349 0.012611 0.034291 0.0304331 0.0104491 0.0100102 0.0186116 0.00966508 0.0209825 0.00962337 0.0100371 0.0186968 0.0107291 0.0238776 0.0110241 0.0111011 0.0228749 0.0127259 0.0115837 0.0151937 0.00965175 0.00922977 0.00938168 0.00879092 0.00873998 0.00847183 0.00935752 0.0089795 0.00918651 
0.0168146 0.0106022 0.0118774 0.0130015 0.0165335 0.0117139 0.00903526 0.00887676 0.00920494 0.00925873 0.0129781 0.0176789 0.0137471 0.0312595 0.0115928 0.0112203 0.0184221 0.0173924 0.0381638 0.0319503 0.0127652 0.0128391 0.0149009 0.0133195 0.0311143 0.0213893 0.00399171 0.00373499 0.00359867 0.00378895 0 0.0296665 0.0191322 0.015199 0.025014 0.0362882 0.0206689 0.0100227 0.0103993 0.0101043 0.0166034 0.0176062 0.0114634 0.0119264 0.0123938 0.029661 0.0217296 0.0119332 0.015341 0.0120413 0.0120478 0.012785 0.0158561 0.00934302 0.00907408 0.00866766 0.00879465 0.00892839 0.0101915 0.0100195 
0.0105693 0.0108466 0.00907194 0.00933114 0.0176491 0.0127783 0.00914289 0.00910514 0.00836337 0.0107267 0.0103693 0.0165389 0.0196784 0.0145066 0.0100204 0.0101405 0.00933167 0.00984967 0.018693 0.0325481 0.0121036 0.01082 0.00943004 0.010512 0.0192132 0.0266477 0.0139683 0.0149095 0.0315597 0.0163349 0.0296665 0 0.0165074 0.00418985 0.00484116 0.00778322 0.00734513 0.013755 0.00660584 0.0222262 0.0138557 0.018081 0.00978833 0.0097862 0.00939039 0.0190698 0.0232405 0.0137467 0.00986308 0.0106354 0.0103612 0.0286044 0.021014 0.0104146 0.00849382 0.00945362 0.00872295 0.00888222 0.0307262 0.0401002 
0.00942253 0.00854677 0.00904972 0.00957908 0.0119688 0.00869343 0.00818018 0.0081372 0.00867399 0.00836688 0.012854 0.00958886 0.0102927 0.00974336 0.00916691 0.00912025 0.00926792 0.00935507 0.0151208 0.0122956 0.00983187 0.00940882 0.00943341 0.00978255 0.0199925 0.0113367 0.00961225 0.0117369 0.0138733 0.012611 0.0191322 0.0165074 0 0.00363279 0.00364461 0.00386171 0.00461007 0.00467277 0.0167489 0.0305304 0.0291452 0.00912642 0.00809533 0.00830139 0.00907043 0.0161959 0.0140088 0.0110212 0.0102796 0.0123317 0.0114784 0.0181455 0.010566 0.00891153 0.00867467 0.0085718 0.0085461 0.00880861 0.01304 0.0100257 
0.00890584 0.00936917 0.011214 0.0096309 0.00866667 0.00825318 0.00839968 0.00837668 0.00883305 0.00853969 0.00901638 0.00887831 0.00921315 0.00928963 0.0129563 0.0108032 0.0166944 0.0115463 0.00905395 0.0094019 0.0175647 0.0115996 0.0136151 0.0106962 0.00954221 0.00967367 0.0156096 0.00956349 0.0129722 0.034291 0.015199 0.00418985 0.00363279 0 0.00358021 0.0035636 0.00420592 0.0181092 0.0494248 0.0109827 0.00587802 0.00750088 0.00998574 0.0094338 0.0138831 0.00902709 0.0108302 0.0202786 0.028355 0.0118879 0.0135154 0.00919982 0.00941893 0.00974474 0.00957042 0.0088226 0.00910957 0.0106213 0.00896158 0.00863304 
0.00861043 0.00920892 0.00950771 0.0104273 0.00885457 0.00836953 0.00843868 0.00851904 0.00844146 0.00918383 0.0085624 0.00892611 0.00924039 0.00956346 0.0101657 0.0106997 0.0110817 0.0160862 0.00947151 0.0102439 0.0107202 0.0131059 0.0109145 0.0119111 0.00924912 0.0105027 0.0145649 0.010021 0.0107597 0.0304331 0.025014 0.00484116 0.00364461 0.00358021 0 0.00356177 0.00463322 0.0425317 0.00436448 0.00543326 0.00536348 0.00813672 0.0124536 0.00931124 0.00910763 0.00915943 0.0123389 0.0381481 0.013709 0.0118864 0.0112228 0.00984984 0.00967116 0.0101865 0.00889764 0.00880845 0.00934491 0.00946543 0.00914195 0.00893206 
0.0102919 0.00913711 0.00903878 0.00868704 0.00958102 0.0101567 0.00847625 0.00840407 0.0083561 0.00848403 0.00868616 0.0113537 0.0100235 0.0121471 0.00921694 0.00911379 0.00935953 0.00934616 0.0104973 0.0158777 0.0100746 0.00963716 0.00975421 0.00941616 0.0104286 0.0139747 0.00923583 0.00977495 0.0164991 0.0104491 0.0362882 0.00778322 0.00386171 0.0035636 0.00356177 0 0.0563872 0.0092217 0.00375556 0.00416511 0.00510155 0.0173768 0.00758784 0.00781708 0.00776473 0.0110743 0.0386727 0.0106619 0.0104435 0.00910873 0.0095192 0.0107162 0.017451 0.00890168 0.00869629 0.00878509 0.0086291 0.00875744 0.0110821 0.0115269 
0.0102699 0.00839318 0.00915759 0.00964168 0.0113288 0.00904816 0.00832552 0.00821552 0.00958086 0.00834237 0.0209605 0.00976849 0.00914893 0.00951727 0.00880989 0.00875866 0.00906024 0.00942423 0.0163872 0.0106786 0.0101045 0.00890673 0.00977058 0.00997567 0.025965 0.0110468 0.0100657 0.00994797 0.00998882 0.0100102 0.0206689 0.00734513 0.00461007 0.00420592 0.00463322 0.0563872 0 0.00366841 0.00380827 0.00359119 0.00510685 0.00631685 0.00627725 0.00643637 0.0255852 0.809497 0.00933701 0.00950109 0.00958586 0.00838826 0.0149575 0.0159864 0.0118931 0.00860848 0.00939662 0.00831653 0.0088761 0.009813 0.0135791 0.010317 
0.00888629 0.0119234 0.00988086 0.00979293 0.00946457 0.00845353 0.00841025 0.00901465 0.00828911 0.0126132 0.00845915 0.00867627 0.0105391 0.00980245 0.0108308 0.0144356 0.0131774 0.0125601 0.00956106 0.0125027 0.010144 0.0148599 0.0102772 0.014583 0.0100433 0.0101608 0.0112755 0.0105593 0.0093981 0.0186116 0.0100227 0.013755 0.00467277 0.0181092 0.0425317 0.0092217 0.00366841 0 0.00356386 0.00377376 0.00357177 0.00581977 0.00706123 0.0169554 0.83168 0.0104926 0.0092344 0.0134086 0.00951602 0.0134744 0.0106669 0.0171351 0.0101593 0.014736 0.00856726 0.0128729 0.00885456 0.00954447 0.0159505 0.0110697 
0.00982285 0.0088236 0.0136083 0.00970227 0.00849757 0.00873323 0.00851157 0.00862528 0.0133475 0.00831751 0.00966563 0.00858981 0.00857516 0.00998742 0.0116954 0.0118196 0.0193197 0.00999653 0.00914345 0.00911174 0.0134764 0.0113323 0.0166645 0.00918778 0.0102189 0.00964007 0.00924762 0.00905776 0.0124581 0.00966508 0.0103993 0.00660584 0.0167489 0.0494248 0.00436448 0.00375556 0.00380827 0.00356386 0 0.00355491 0.00372477 0.00590018 0.0114563 0.831415 0.0134949 0.00631388 0.00826617 0.00866975 0.0125989 0.00870844 0.0126905 0.00849195 0.0104994 0.00854436 0.0175629 0.00856544 0.0112892 0.0109173 0.00850136 0.00870699 
0.00856735 0.0103261 0.00931114 0.00900776 0.00886619 0.00839457 0.00835916 0.00915155 0.00830466 0.0101841 0.00828611 0.00874508 0.00940119 0.00931724 0.0110725 0.0144398 0.0104491 0.0122924 0.00903728 0.0113006 0.0101023 0.0161806 0.00953469 0.0130492 0.00872564 0.0101775 0.0108046 0.00955961 0.0099285 0.0209825 0.0101043 0.0222262 0.0305304 0.0109827 0.00543326 0.00416511 0.00359119 0.00377376 0.00355491 0 0.00354773 0.00824467 0.862412 0.0143793 0.00675216 0.00715927 0.00812743 0.0154463 0.00965932 0.0109742 0.00905217 0.0115094 0.0102698 0.0191558 0.008482 0.0113323 0.00899826 0.00886179 0.0119205 0.00967502 
0.0121191 0.0090224 0.00878473 0.00854971 0.00904088 0.0103548 0.0100657 0.00818776 0.00886383 0.00821857 0.0099808 0.012718 0.00957376 0.0130884 0.0103707 0.00916703 0.00941503 0.00909755 0.0109497 0.0155093 0.0125806 0.00940272 0.0108842 0.00928692 0.010843 0.0169709 0.0101774 0.00940691 0.0189378 0.00962337 0.0166034 0.0138557 0.0291452 0.00587802 0.00536348 0.00510155 0.00510685 0.00357177 0.00372477 0.00354773 0 0.933251 0.00897329 0.00563231 0.00520868 0.0072825 0.0148717 0.00954904 0.00916801 0.00769631 0.0102358 0.00982174 0.0247847 0.00885888 0.0107297 0.00851197 0.00860646 0.00923038 0.00935594 0.0129688 
0.00892633 0.00866444 0.00903917 0.00959135 0.0126468 0.00860751 0.00815861 0.00826783 0.00831278 0.00853032 0.0112628 0.00925461 0.010472 0.0103732 0.00904603 0.0102307 0.00959878 0.00968553 0.0166135 0.0135432 0.00954722 0.010072 0.00932423 0.010685 0.0179005 0.011187 0.00936947 0.0141643 0.0100968 0.0100371 0.0176062 0.018081 0.00912642 0.00750088 0.00813672 0.0173768 0.00631685 0.00581977 0.00590018 0.00824467 0.933251 0 0.00394946 0.00359738 0.00359366 0.00374926 0.00500505 0.00596729 0.00629212 0.010684 0.0390034 0.0630399 0.012492 0.00907512 0.00844408 0.00851343 0.008604 0.00980404 0.0219419 0.012596 
0.00867234 0.00926337 0.0111992 0.0100989 0.00861974 0.00823 0.00838671 0.00853789 0.00872123 0.00850951 0.00856737 0.00862739 0.00906153 0.00999271 0.0146261 0.0134443 0.0207465 0.0153158 0.00917572 0.00949714 0.0172098 0.0130253 0.0156041 0.0119632 0.00955003 0.00938886 0.0160942 0.00977651 0.0103075 0.0186968 0.0114634 0.00978833 0.00809533 0.00998574 0.0124536 0.00758784 0.00627725 0.00706123 0.0114563 0.862412 0.00897329 0.00394946 0 0.00357934 0.00359339 0.00359578 0.00673587 0.00482904 0.00838084 0.0173734 0.0264092 0.00675578 0.0098468 0.0105909 0.00965197 0.0105184 0.00954985 0.0160114 0.00978761 0.0101847 
0.00878506 0.00930905 0.0146972 0.0105637 0.00911854 0.0082552 0.00830361 0.00907645 0.00874904 0.00879222 0.00851982 0.00848548 0.00969021 0.0108015 0.0115503 0.0298259 0.0301785 0.0147213 0.00963241 0.00975846 0.0118941 0.0360875 0.0177452 0.0116642 0.00949729 0.0104128 0.0101832 0.0164064 0.0134515 0.0107291 0.0119264 0.0097862 0.00830139 0.0094338 0.00931124 0.00781708 0.00643637 0.0169554 0.831415 0.0143793 0.00563231 0.00359738 0.00357934 0 0.00355097 0.00356995 0.00386033 0.00580967 0.0147177 0.0248526 0.00677209 0.0064424 0.00899861 0.0113233 0.00984784 0.011219 0.0157215 0.00937814 0.0095548 0.00927635 
0.00875638 0.00982309 0.0108446 0.0116388 0.00877552 0.00827412 0.00851187 0.00885509 0.00865588 0.00859936 0.00877574 0.00882259 0.00911046 0.00983528 0.0148437 0.0140673 0.0158093 0.0201109 0.010213 0.00943946 0.017026 0.0138353 0.0157874 0.0133838 0.00944988 0.0095583 0.0195325 0.010041 0.0110965 0.0238776 0.0123938 0.00939039 0.00907043 0.0138831 0.00910763 0.00776473 0.0255852 0.83168 0.0134949 0.00675216 0.00520868 0.00359366 0.00359339 0.00355097 0 0.00358829 0.0037122 0.00629395 0.0116373 0.00478165 0.00602487 0.00536182 0.00944439 0.0107311 0.010823 0.00927133 0.0087692 0.0126064 0.00913823 0.0101395 
0.0103139 0.0088794 0.00950208 0.00917335 0.00998019 0.00891344 0.00828671 0.00836131 0.00824294 0.00859898 0.00867492 0.0106928 0.0109238 0.0159685 0.00954238 0.0103452 0.0101267 0.0125892 0.0162233 0.0160225 0.00964415 0.0125566 0.0109778 0.0119325 0.0113617 0.0175089 0.0100347 0.0140134 0.0196141 0.0110241 0.029661 0.0190698 0.0161959 0.00902709 0.00915943 0.0110743 0.809497 0.0104926 0.00631388 0.00715927 0.0072825 0.00374926 0.00359578 0.00356995 0.00358829 0 0.0160162 0.0177416 0.00393357 0.00410512 0.00512414 0.00650012 0.0158021 0.00891367 0.00938677 0.00807325 0.00816036 0.00972635 0.0177384 0.0145769 
0.00950622 0.0096149 0.0100583 0.0102676 0.0134766 0.00867646 0.00824082 0.00838657 0.00855398 0.00859168 0.0116324 0.0102061 0.0140513 0.0119014 0.0109517 0.0104785 0.0123014 0.0108726 0.0209609 0.0156869 0.0125764 0.0110794 0.0112027 0.0120762 0.0266801 0.0124015 0.01101 0.0160272 0.0117662 0.0111011 0.0217296 0.0232405 0.0140088 0.0108302 0.0123389 0.0386727 0.00933701 0.0092344 0.00826617 0.00812743 0.0148717 0.00500505 0.00673587 0.00386033 0.0037122 0.0160162 0 0.00364046 0.00360933 0.00359315 0.00367527 0.00498955 0.0158472 0.0093829 0.00846361 0.00835833 0.0120833 0.0184735 0.0500401 0.0152193 
0.00932219 0.0108795 0.01403 0.0132645 0.00963705 0.00842591 0.00852153 0.00902801 0.00883265 0.00917385 0.00887112 0.00928712 0.0102072 0.0128049 0.0186906 0.0230042 0.0268194 0.0298945 0.0104832 0.0117832 0.0232793 0.024101 0.0219538 0.019979 0.0115875 0.0112991 0.0178502 0.0115344 0.0121091 0.0228749 0.0119332 0.0137467 0.0110212 0.0202786 0.0381481 0.0106619 0.00950109 0.0134086 0.00866975 0.0154463 0.00954904 0.00596729 0.00482904 0.00580967 0.00629395 0.0177416 0.00364046 0 0.00357892 0.00355996 0.00387858 0.00368933 0.0131897 0.0147946 0.011148 0.0149332 0.0249589 0.0346804 0.0125977 0.0116285 
0.00971583 0.0110024 0.0198232 0.0137444 0.00924912 0.00841212 0.00865471 0.00984513 0.0108911 0.00859922 0.00907408 0.00869728 0.0106141 0.0147421 0.0192415 0.0340972 0.0830259 0.0211959 0.011387 0.0109192 0.020362 0.0432665 0.0426317 0.014741 0.0107977 0.0112742 0.0117145 0.0154997 0.0172423 0.0127259 0.015341 0.00986308 0.0102796 0.028355 0.013709 0.0104435 0.00958586 0.00951602 0.0125989 0.00965932 0.00916801 0.00629212 0.00838084 0.0147177 0.0116373 0.00393357 0.00360933 0.00357892 0 0.00355855 0.00358225 0.00356555 0.0109323 0.0115153 0.0229731 0.0309395 0.0222947 0.0135405 0.0100602 0.00994949 
0.00958081 0.0107202 0.0165824 0.0117951 0.00933731 0.00832707 0.00848943 0.010449 0.00896816 0.00887631 0.00874213 0.0085212 0.0105005 0.0128167 0.0158446 0.0508454 0.0382959 0.0182043 0.00996712 0.0101978 0.0158297 0.0457433 0.0253907 0.0130038 0.00976764 0.00991655 0.0105356 0.015187 0.0133207 0.0115837 0.0120413 0.0106354 0.0123317 0.0118879 0.0118864 0.00910873 0.00838826 0.0134744 0.00870844 0.0109742 0.00769631 0.010684 0.0173734 0.0248526 0.00478165 0.00410512 0.00359315 0.00355996 0.00355855 0 0.00355917 0.00357151 0.00994784 0.0199259 0.0193046 0.0283045 0.00997701 0.0111309 0.00847666 0.00973429 
0.00947732 0.00904586 0.00989748 0.00999369 0.00865729 0.00859969 0.00860154 0.00849167 0.0085741 0.00847291 0.00868668 0.00910263 0.00900649 0.00991519 0.026728 0.011875 0.0131673 0.0147153 0.00942717 0.0101576 0.0166727 0.011685 0.013967 0.0119955 0.00926886 0.0100793 0.0149924 0.00936013 0.0105607 0.0151937 0.0120478 0.0103612 0.0114784 0.0135154 0.0112228 0.0095192 0.0149575 0.0106669 0.0126905 0.00905217 0.0102358 0.0390034 0.0264092 0.00677209 0.00602487 0.00512414 0.00367527 0.00387858 0.00358225 0.00355917 0 0.00363971 0.0253354 0.0280988 0.0231806 0.00797074 0.00790371 0.0171369 0.00857025 0.0100621 
0.0104714 0.0090948 0.00915632 0.00865158 0.00929428 0.00955393 0.00833567 0.00830196 0.00822363 0.0085036 0.00845029 0.0106043 0.0105345 0.0145731 0.00924286 0.00939622 0.00938533 0.00925894 0.0102821 0.018494 0.00961795 0.0101398 0.00975979 0.00931849 0.00974422 0.0169161 0.0090901 0.0111906 0.0160933 0.00965175 0.012785 0.0286044 0.0181455 0.00919982 0.00984984 0.0107162 0.0159864 0.0171351 0.00849195 0.0115094 0.00982174 0.0630399 0.00675578 0.0064424 0.00536182 0.00650012 0.00498955 0.00368933 0.00356555 0.00357151 0.00363971 0 0.0456256 0.0235154 0.00888811 0.00745717 0.00677691 0.00830316 0.0167751 0.0142237 
0.00862327 0.00831637 0.00860976 0.0092021 0.0111436 0.00848658 0.00818624 0.00819906 0.00836945 0.00836655 0.0103534 0.00868282 0.00920527 0.00931308 0.00873172 0.00891443 0.00903989 0.0089104 0.0131684 0.00972167 0.00931506 0.0090262 0.009202 0.0095694 0.0155737 0.00907654 0.00908816 0.010223 0.0092081 0.00922977 0.0158561 0.021014 0.010566 0.00941893 0.00967116 0.017451 0.0118931 0.0101593 0.0104994 0.0102698 0.0247847 0.012492 0.0098468 0.00899861 0.00944439 0.0158021 0.0158472 0.0131897 0.0109323 0.00994784 0.0253354 0.0456256 0 0.00366278 0.00359131 0.00356443 0.00360258 0.00383465 0.0097211 0.0120821 
0.00844843 0.00858657 0.00899839 0.00884612 0.00851387 0.00812426 0.00825284 0.00834093 0.00827599 0.00846897 0.00831026 0.00828066 0.00869418 0.00864114 0.00888548 0.00979695 0.00982489 0.00968435 0.00869795 0.00878605 0.00914814 0.00986766 0.00925163 0.00943597 0.00922309 0.00875188 0.00898407 0.00903202 0.00875575 0.00938168 0.00934302 0.0104146 0.00891153 0.00974474 0.0101865 0.00890168 0.00860848 0.014736 0.00854436 0.0191558 0.00885888 0.00907512 0.0105909 0.0113233 0.0107311 0.00891367 0.0093829 0.0147946 0.0115153 0.0199259 0.0280988 0.0235154 0.00366278 0 0.00355262 0.0035816 0.00359946 0.00356483 0.00415954 0.0086692 
0.0083875 0.00843685 0.0091384 0.00871794 0.00830057 0.00810775 0.00820354 0.0082257 0.00844433 0.00828404 0.00842228 0.00815815 0.00838331 0.00852715 0.00885135 0.00969796 0.0112324 0.00933766 0.00853098 0.00842132 0.00920823 0.010116 0.0110076 0.00882178 0.00849469 0.00859965 0.00869552 0.0087925 0.00898995 0.00879092 0.00907408 0.00849382 0.00867467 0.00957042 0.00889764 0.00869629 0.00939662 0.00856726 0.0175629 0.008482 0.0107297 0.00844408 0.00965197 0.00984784 0.010823 0.00938677 0.00846361 0.011148 0.0229731 0.0193046 0.0231806 0.00888811 0.00359131 0.00355262 0 0.0035419 0.00356731 0.00372199 0.00355727 0.00644743 
0.00819342 0.0084628 0.00876527 0.00875292 0.00833504 0.00804631 0.00809456 0.00835546 0.00818395 0.0082859 0.00819308 0.00811341 0.00844192 0.00894179 0.00870225 0.010168 0.00978924 0.00873139 0.00838847 0.00840414 0.00888311 0.0102477 0.0093322 0.00864603 0.00850853 0.00864833 0.00847545 0.00890929 0.00868696 0.00873998 0.00866766 0.00945362 0.0085718 0.0088226 0.00880845 0.00878509 0.00831653 0.0128729 0.00856544 0.0113323 0.00851197 0.00851343 0.0105184 0.011219 0.00927133 0.00807325 0.00835833 0.0149332 0.0309395 0.0283045 0.00797074 0.00745717 0.00356443 0.0035816 0.0035419 0 0.00373433 0.00354718 0.0048382 0.00603662 
0.00829332 0.00827106 0.00889608 0.00856206 0.00825262 0.0080403 0.008139 0.00814053 0.00823551 0.00809202 0.00817667 0.00810615 0.00845659 0.00880546 0.008654 0.0100385 0.00975559 0.00886045 0.00841124 0.00831705 0.00881322 0.0109301 0.00973024 0.00866739 0.00845952 0.00840926 0.00841032 0.0091575 0.00853224 0.00847183 0.00879465 0.00872295 0.0085461 0.00910957 0.00934491 0.0086291 0.0088761 0.00885456 0.0112892 0.00899826 0.00860646 0.008604 0.00954985 0.0157215 0.0087692 0.00816036 0.0120833 0.0249589 0.0222947 0.00997701 0.00790371 0.00677691 0.00360258 0.00359946 0.00356731 0.00373433 0 0.00355943 0.0035564 0.00602695 
0.00820909 0.00846126 0.00858375 0.00848502 0.00824849 0.00816578 0.00817307 0.00826889 0.00847732 0.00824083 0.00831959 0.00828015 0.00834546 0.00855097 0.00962779 0.00867528 0.0089462 0.00916154 0.00843769 0.00842036 0.00940884 0.00907085 0.00904047 0.00892498 0.00841183 0.00866982 0.00938301 0.00853305 0.00864439 0.00935752 0.00892839 0.00888222 0.00880861 0.0106213 0.00946543 0.00875744 0.009813 0.00954447 0.0109173 0.00886179 0.00923038 0.00980404 0.0160114 0.00937814 0.0126064 0.00972635 0.0184735 0.0346804 0.0135405 0.0111309 0.0171369 0.00830316 0.00383465 0.00356483 0.00372199 0.00354718 0.00355943 0 0.00356677 0.00623125 
0.00934864 0.00845428 0.00833774 0.00837493 0.00853423 0.00842435 0.0082044 0.00829882 0.00810095 0.00853859 0.00817641 0.0089707 0.00919517 0.0101544 0.00871778 0.00881914 0.00893073 0.00861607 0.0088405 0.0132398 0.00869861 0.00931603 0.0088137 0.00869217 0.00886776 0.0130321 0.00864959 0.00949947 0.0113728 0.0089795 0.0101915 0.0307262 0.01304 0.00896158 0.00914195 0.0110821 0.0135791 0.0159505 0.00850136 0.0119205 0.00935594 0.0219419 0.00978761 0.0095548 0.00913823 0.0177384 0.0500401 0.0125977 0.0100602 0.00847666 0.00857025 0.0167751 0.0097211 0.00415954 0.00355727 0.0048382 0.0035564 0.00356677 0 0.0245234 
0.00835419 0.00838044 0.00833717 0.00824282 0.00952633 0.00840172 0.00809659 0.00814305 0.00806127 0.00851822 0.00932573 0.00917425 0.00912572 0.00865916 0.00828209 0.00835832 0.00842258 0.0083943 0.00992661 0.0099881 0.00843088 0.0085528 0.00846792 0.00873558 0.0101159 0.00888991 0.00860061 0.00927618 0.00888939 0.00918651 0.0100195 0.0401002 0.0100257 0.00863304 0.00893206 0.0115269 0.010317 0.0110697 0.00870699 0.00967502 0.0129688 0.012596 0.0101847 0.00927635 0.0101395 0.0145769 0.0152193 0.0116285 0.00994949 0.00973429 0.0100621 0.0142237 0.0120821 0.0086692 0.00644743 0.00603662 0.00602695 0.00623125 0.0245234 0 
