1HZ5A
MHHHHHHAMEEVTIKANLIFANGSTQTAEFKGTFEKATSEAYAYADTLKKDNGEWTVDVADKGYTLNIKFAG
CCCCCCCCCCCEEEEEEEECCCCCEEEEEEEECHHHHHHHHHHHHHHHHHHHCCEEEEEEHHHCEEEEEECC
0 0 0 0 0 0 0 0 0 0 0 0 0 0 0 0 0 0 0 0 0 0 0 0 0 0 0 0 0 0 0 0 0 0 0 0 0 0 0 0 0 0 0 0 0 0 0 0 0 0 0 0 0 0 0 0 0 0 0 0 0 0 0 0 0 0 0 0 0 0 0 0 
0 0 0 0 0 0 0 0 0 0 0 0 0 0 0 0 0 0 0 0 0 0 0 0 0 0 0 0 0 0 0 0 0 0 0 0 0 0 0 0 0 0 0 0 0 0 0 0 0 0 0 0 0 0 0 0 0 0 0 0 0 0 0 0 0 0 0 0 0 0 0 0 
0 0.00371625 0.00498706 0.00368371 0.00616725 0.00375943 0.00626744 0.0081987 0.0113858 0.0101284 0.00796469 0.021912 0.00829592 0.0374179 0.0108237 0.941127 0.0282031 0.00896242 0.0206534 0.00894988 0.019787 0.0187142 0.0147382 0.0309872 0.00875771 0.034469 0.00913018 0.041475 
0.00371625 0 0.00361491 0.0044405 0.00359863 0.00406913 0.00370138 0.00537724 0.00825068 0.00700803 0.0148315 0.00753282 0.0322127 0.00896639 0.978115 0.00935514 0.00907697 0.036968 0.00863218 0.0332945 0.00965188 0.0115847 0.0204098 0.00920959 0.0948559 0.00874423 0.0981837 0.00943297 
0.00498706 0.00361491 0 0.00357415 0.00399342 0.0036024 0.00747479 0.00367835 0.00773482 0.00907268 0.0071581 0.0256355 0.00800035 0.98599 0.00880405 0.0181708 0.0216075 0.00881798 0.0494825 0.00889361 0.0149374 0.00933853 0.00958684 0.0639335 0.00892326 0.130727 0.00882557 0.0211809 
0.00368371 0.0044405 0.00357415 0 0.00354905 0.00391376 0.00354894 0.00426474 0.0106004 0.00616286 0.0263698 0.00681648 0.987432 0.0077301 0.0121937 0.00678978 0.00898979 0.0261794 0.00859089 0.0309493 0.00904 0.0094524 0.0234421 0.00886628 0.12891 0.00872055 0.0531169 0.00874151 
0.00616725 0.00359863 0.00399342 0.00354905 0 0.00371789 0.004002 0.00359043 0.00542356 0.0109874 0.0066874 0.983793 0.00738414 0.0183277 0.0072768 0.00995217 0.0219651 0.00875336 0.0363259 0.00867238 0.0123697 0.0089888 0.00906307 0.131703 0.0088192 0.108887 0.00869541 0.0148487 
0.00375943 0.00406913 0.0036024 0.00391376 0.00371789 0 0.00354628 0.00368416 0.00691929 0.00623133 0.97873 0.00645385 0.0156338 0.00650544 0.0120485 0.00598389 0.00882768 0.0211761 0.00859862 0.0281319 0.00909436 0.0093296 0.0275154 0.00877581 0.182338 0.00889271 0.0365548 0.00881704 
0.00626744 0.00370138 0.00747479 0.00354894 0.004002 0.00354628 0 0.00357682 0.00601907 0.973051 0.00578759 0.00991508 0.00585314 0.0131584 0.00648101 0.00661284 0.0165233 0.00893299 0.0152805 0.00878106 0.0151859 0.00891498 0.00904098 0.107588 0.00887168 0.0521954 0.00900364 0.0148958 
0.0081987 0.00537724 0.00367835 0.00426474 0.00359043 0.00368416 0.00357682 0 0.993528 0.00516491 0.00828421 0.00533967 0.0113178 0.00604667 0.00821541 0.00718759 0.012215 0.0117579 0.00850957 0.0108134 0.00950495 0.0112035 0.0535758 0.00876043 0.0201253 0.00890213 0.0203227 0.0116582 
0.0113858 0.00825068 0.00773482 0.0106004 0.00542356 0.00691929 0.00601907 0.993528 0 0.00382872 0.00367683 0.00517922 0.00401967 0.00440153 0.00438789 0.00769028 0.0150177 0.010899 0.00906251 0.00965384 0.00974436 0.0213302 0.0125742 0.00998291 0.0103515 0.00960217 0.0128045 0.0134072 
0.0101284 0.00700803 0.00907268 0.00616286 0.0109874 0.00623133 0.973051 0.00516491 0.00382872 0 0.0035612 0.00362619 0.00365079 0.00585305 0.00442423 0.003796 0.0123009 0.00894809 0.00939379 0.00847915 0.0100763 0.00893894 0.00930798 0.0130925 0.008728 0.014472 0.00883686 0.0118827 
0.00796469 0.0148315 0.0071581 0.0263698 0.0066874 0.97873 0.00578759 0.00828421 0.00367683 0.0035612 0 0.00362402 0.00401736 0.0035594 0.00384306 0.00368751 0.0104592 0.0147972 0.00834442 0.019941 0.00855346 0.00982482 0.0116823 0.00843623 0.0368053 0.00847403 0.029555 0.00862908 
0.021912 0.00753282 0.0256355 0.00681648 0.983793 0.00645385 0.00991508 0.00533967 0.00517922 0.00362619 0.00362402 0 0.00356133 0.00379263 0.00356209 0.00390571 0.0184 0.00870839 0.0331765 0.00841724 0.0127507 0.00903274 0.00882529 0.035345 0.00856901 0.0614403 0.00857938 0.0145462 
0.00829592 0.0322127 0.00800035 0.987432 0.00738414 0.0156338 0.00585314 0.0113178 0.00401967 0.00365079 0.00401736 0.00356133 0 0.00353773 0.00374579 0.00361314 0.0102222 0.0332384 0.00847534 0.0349156 0.00908573 0.00969467 0.0179545 0.00849432 0.0976098 0.00856605 0.0405365 0.00884739 
0.0374179 0.00896639 0.98599 0.0077301 0.0183277 0.00650544 0.0131584 0.00604667 0.00440153 0.00585305 0.0035594 0.00379263 0.00353773 0 0.00357524 0.00370621 0.0215039 0.00867404 0.0324444 0.00930326 0.0125348 0.00883272 0.00871351 0.0413155 0.00853911 0.0417309 0.00848211 0.013093 
0.0108237 0.978115 0.00880405 0.0121937 0.0072768 0.0120485 0.00648101 0.00821541 0.00438789 0.00442423 0.00384306 0.00356209 0.00374579 0.00357524 0 0.00363094 0.00886329 0.0255875 0.00839048 0.0155199 0.0088144 0.0097585 0.0151158 0.00882546 0.0202461 0.00865174 0.0226594 0.00880523 
0.941127 0.00935514 0.0181708 0.00678978 0.00995217 0.00598389 0.00661284 0.00718759 0.00769028 0.003796 0.00368751 0.00390571 0.00361314 0.00370621 0.00363094 0 0.043951 0.00861645 0.0107562 0.008955 0.0106765 0.0136992 0.0129296 0.0163594 0.00878214 0.0144326 0.00948986 0.0137207 
0.0282031 0.00907697 0.0216075 0.00898979 0.0219651 0.00882768 0.0165233 0.012215 0.0150177 0.0123009 0.0104592 0.0184 0.0102222 0.0215039 0.00886329 0.043951 0 0.0041998 0.00404374 0.00384841 0.00442727 0.00893481 0.00544074 0.0103606 0.00638159 0.0147168 0.0117668 0.955491 
0.00896242 0.036968 0.00881798 0.0261794 0.00875336 0.0211761 0.00893299 0.0117579 0.010899 0.00894809 0.0147972 0.00870839 0.0332384 0.00867404 0.0255875 0.00861645 0.0041998 0 0.00354862 0.00368979 0.00388556 0.00371347 0.00549223 0.00554745 0.00930235 0.00705107 0.965626 0.00913239 
0.0206534 0.00863218 0.0494825 0.00859089 0.0363259 0.00859862 0.0152805 0.00850957 0.00906251 0.00939379 0.00834442 0.0331765 0.00847534 0.0324444 0.00839048 0.0107562 0.00404374 0.00354862 0 0.00360343 0.00356221 0.00356068 0.00414319 0.0108167 0.00620536 0.949849 0.00684949 0.00708222 
0.00894988 0.0332945 0.00889361 0.0309493 0.00867238 0.0281319 0.00878106 0.0108134 0.00965384 0.00847915 0.019941 0.00841724 0.0349156 0.00930326 0.0155199 0.008955 0.00384841 0.00368979 0.00360343 0 0.00354623 0.00354917 0.00700363 0.00501327 0.937072 0.00647203 0.00774737 0.00643238 
0.019787 0.00965188 0.0149374 0.00904 0.0123697 0.00909436 0.0151859 0.00950495 0.00974436 0.0100763 0.00855346 0.0127507 0.00908573 0.0125348 0.0088144 0.0106765 0.00442727 0.00388556 0.00356221 0.00354623 0 0.00355896 0.00413719 0.922621 0.00542373 0.00576763 0.00523184 0.00741532 
0.0187142 0.0115847 0.00933853 0.0094524 0.0089888 0.0093296 0.00891498 0.0112035 0.0213302 0.00893894 0.00982482 0.00903274 0.00969467 0.00883272 0.0097585 0.0136992 0.00893481 0.00371347 0.00356068 0.00354917 0.00355896 0 0.979639 0.00393815 0.00399461 0.0039641 0.00417821 0.0047229 
0.0147382 0.0204098 0.00958684 0.0234421 0.00906307 0.0275154 0.00904098 0.0535758 0.0125742 0.00930798 0.0116823 0.00882529 0.0179545 0.00871351 0.0151158 0.0129296 0.00544074 0.00549223 0.00414319 0.00700363 0.00413719 0.979639 0 0.00431927 0.00363455 0.00370941 0.00468648 0.00890061 
0.0309872 0.00920959 0.0639335 0.00886628 0.131703 0.00877581 0.107588 0.00876043 0.00998291 0.0130925 0.00843623 0.035345 0.00849432 0.0413155 0.00882546 0.0163594 0.0103606 0.00554745 0.0108167 0.00501327 0.922621 0.00393815 0.00431927 0 0.00358464 0.00411988 0.00361731 0.0048565 
0.00875771 0.0948559 0.00892326 0.12891 0.0088192 0.182338 0.00887168 0.0201253 0.0103515 0.008728 0.0368053 0.00856901 0.0976098 0.00853911 0.0202461 0.00878214 0.00638159 0.00930235 0.00620536 0.937072 0.00542373 0.00399461 0.00363455 0.00358464 0 0.00354205 0.00372769 0.00365714 
0.034469 0.00874423 0.130727 0.00872055 0.108887 0.00889271 0.0521954 0.00890213 0.00960217 0.014472 0.00847403 0.0614403 0.00856605 0.0417309 0.00865174 0.0144326 0.0147168 0.00705107 0.949849 0.00647203 0.00576763 0.0039641 0.00370941 0.00411988 0.00354205 0 0.00357373 0.00475228 
0.00913018 0.0981837 0.00882557 0.0531169 0.00869541 0.0365548 0.00900364 0.0203227 0.0128045 0.00883686 0.029555 0.00857938 0.0405365 0.00848211 0.0226594 0.00948986 0.0117668 0.965626 0.00684949 0.00774737 0.00523184 0.00417821 0.00468648 0.00361731 0.00372769 0.00357373 0 0.00360867 
0.041475 0.00943297 0.0211809 0.00874151 0.0148487 0.00881704 0.0148958 0.0116582 0.0134072 0.0118827 0.00862908 0.0145462 0.00884739 0.013093 0.00880523 0.0137207 0.955491 0.00913239 0.00708222 0.00643238 0.00741532 0.0047229 0.00890061 0.0048565 0.00365714 0.00475228 0.00360867 0 
