1I7SB
ADILLLDNVDSFTYNLVDQLRASGHQVVIYRNQIGAEVIIERLQHMEQPVLMLSPGPGTPSEAGCMPELLQRLRGQLPIIGICLGHQAIVEAYGGQVGQAGEILHGKASAIAHDGEGMFAGMANPLPVARYHSLVGSNIPADLTVNARFGEMVMAVRDDRRRVCGFQFHPESILTTHGARLLEQTLAWALAK
CEEEEEECCCCCHHHHHHHHHHCCCEEEEEECCCCHHHHHHHHCCCCCEEEEECCCCCCHHHCCCHHHHHHHHCCCCCEEEECHHHHHHHHHCCCCCCCCCCCCCCCCEEEEECCCHHHCCCCCCEEEECCCCCCCCCCCCCCEEEEEECCEEEEEEECCCCEEEECCECCCCCCCCHHHHHHHHHHHHCCC
0 0 0 0 0 0 0 0 0 0 0 0 0 0 0 0 0 0 0 0 0 0 0 0 0 0 0 0 0 0 0 0 0 0 0 0 0 0 0 0 0 0 0 0 0 0 0 0 0 0 0 0 0 0 0 0 0 0 0 0 0 0 0 0 0 0 0 0 0 0 0 0 0 0 0 0 0 0 0 0 0 0 0 0 0 0 0 0 0 0 0 0 0 0 0 0 0 0 0 0 0 0 0 0 0 0 0 0 0 0 0 0 0 0 0 0 0 0 0 0 0 0 0 0 0 0 0 0 0 0 0 0 0 0 0 0 0 0 0 0 0 0 0 0 0 0 0 0 0 0 0 0 0 0 0 0 0 0 0 0 0 0 0 0 0 0 0 0 0 0 0 0 0 0 0 0 0 0 0 0 0 0 0 0 0 0 0 0 0 0 0 0 
0 0 0 0 0 0 0 0 0 0 0 0 0 0 0 0 0 0 0 0 0 0 0 0 0 0 0 0 0 0 0 0 0 0 0 0 0 0 0 0 0 0 0 0 0 0 0 0 0 0 0 0 0 0 0 0 0 0 0 0 0 0 0 0 0 0 0 0 0 0 0 0 0 0 0 0 0 0 0 0 0 0 0 0 0 0 0 0 0 0 0 0 0 0 0 0 0 0 0 0 0 0 0 0 0 0 0 0 0 0 0 0 0 0 0 0 0 0 0 0 0 0 0 0 0 0 0 0 0 0 0 0 0 0 0 0 0 0 0 0 0 0 0 0 0 0 0 0 0 0 0 0 0 0 0 0 0 0 0 0 0 0 0 0 0 0 0 0 0 0 0 0 0 0 0 0 0 0 0 0 0 0 0 0 0 0 0 0 0 0 0 0 
0 0.00391186 0.00368712 0.00409339 0.0044247 0.00702719 0.809659 0.0292071 0.0485851 0.019638 0.0206872 0.0388413 0.0531762 0.0244709 0.034698 0.0200978 0.035693 0.0232296 0.0187762 0.016353 0.0190528 0.0128187 0.0093332 0.0100957 0.00896665 0.0108311 0.00884865 0.00887002 0.00911311 0.0104923 0.00996144 0.00889539 0.00897538 0.00868378 0.00848632 0.00914532 0.00895471 0.00884598 0.0113409 0.00986994 0.00995318 0.00983429 0.00924901 0.00886864 0.00899826 0.00885844 0.00925721 0.00880373 
0.00391186 0 0.00367948 0.00374951 0.0043063 0.00380102 0.0352918 0.859964 0.030381 0.0885657 0.042327 0.0304716 0.0291538 0.160319 0.0743243 0.0662072 0.0211544 0.0704763 0.0768034 0.039639 0.0161169 0.0127039 0.0113899 0.0121376 0.0101866 0.00936626 0.00921357 0.0091305 0.0129198 0.00941884 0.00930133 0.0104338 0.00903652 0.0100288 0.00887688 0.0084647 0.00862183 0.00939761 0.0115982 0.0117383 0.0111926 0.00956878 0.00868435 0.00874177 0.00931623 0.00953501 0.00889135 0.00817813 
0.00368712 0.00367948 0 0.00418403 0.00364803 0.00358547 0.0803379 0.0552317 0.728998 0.0971441 0.0799956 0.0124379 0.0164286 0.090573 0.380433 0.0821986 0.0354527 0.0450954 0.146598 0.0797998 0.0240868 0.0127673 0.0183987 0.0281012 0.0124352 0.00934686 0.00897122 0.0128053 0.0133626 0.0112287 0.0111793 0.0116979 0.0135473 0.0117118 0.00939744 0.00853428 0.00896396 0.0125466 0.0196454 0.0234359 0.0180246 0.0108606 0.0086617 0.00941063 0.0123408 0.0116108 0.0101037 0.00824203 
0.00409339 0.00374951 0.00418403 0 0.00364589 0.00357234 0.0253571 0.106852 0.0950793 0.683035 0.0298044 0.016679 0.010601 0.0549998 0.164871 0.239858 0.0237134 0.0254559 0.062126 0.0905965 0.0184639 0.00932463 0.0131972 0.0168033 0.011667 0.00890639 0.00864767 0.009589 0.0115973 0.010344 0.009924 0.0102368 0.0104011 0.010313 0.00901981 0.00838942 0.00872302 0.0104049 0.0157115 0.0163485 0.0138906 0.00971983 0.00867416 0.00887897 0.00983877 0.0108767 0.00917271 0.0082227 
0.0044247 0.0043063 0.00364803 0.00364589 0 0.00396147 0.0142001 0.048703 0.0694286 0.0776348 0.643111 0.0147691 0.0114139 0.018619 0.067249 0.136862 0.12224 0.0151641 0.0317169 0.0683679 0.0222098 0.00923614 0.0101109 0.0106246 0.00936802 0.00875427 0.00871101 0.009338 0.0107832 0.00920272 0.00919224 0.0102379 0.00884812 0.0094612 0.00856042 0.00820554 0.00857798 0.00992104 0.0104751 0.0113476 0.00996463 0.00904501 0.00835202 0.00862304 0.00931407 0.00942962 0.00906893 0.00819961 
0.00702719 0.00380102 0.00358547 0.00357234 0.00396147 0 0.038299 0.017423 0.0233361 0.0637095 0.0547431 0.515017 0.011631 0.012696 0.0139875 0.036668 0.0675292 0.0305971 0.0117368 0.0204978 0.0277989 0.00979608 0.00856418 0.00887802 0.00846312 0.00884963 0.00908233 0.00831672 0.00900805 0.00982968 0.0101346 0.00851538 0.00844335 0.008337 0.00821233 0.00833364 0.00864108 0.00860002 0.00901349 0.00927231 0.0087005 0.00839389 0.00839358 0.00859641 0.00839313 0.00865513 0.00908257 0.00833944 
0.809659 0.0352918 0.0803379 0.0253571 0.0142001 0.038299 0 0.00447813 0.00363089 0.00365123 0.00385584 0.00459642 0.0287375 0.0115562 0.0106426 0.0131288 0.0175603 0.021318 0.00969185 0.0109111 0.0136213 0.00916622 0.00888752 0.00825314 0.00916344 0.00912908 0.00820608 0.00890895 0.00834626 0.00934581 0.0114849 0.00815876 0.00930552 0.00819835 0.00846187 0.00877061 0.00835897 0.00816361 0.00845778 0.00859162 0.0082472 0.00887644 0.00863554 0.00827236 0.00830403 0.00841218 0.00826637 0.00855798 
0.0292071 0.859964 0.0552317 0.106852 0.048703 0.017423 0.00447813 0 0.00362704 0.00358437 0.0038877 0.00360621 0.0328544 0.0478596 0.0276584 0.0183551 0.0179897 0.0209682 0.0455631 0.0157108 0.0140432 0.0107179 0.00883768 0.0143568 0.00874845 0.00938931 0.00947798 0.0083397 0.0114795 0.00883113 0.00833027 0.0130353 0.00852724 0.0103751 0.00840913 0.00830095 0.00838516 0.00947867 0.00996916 0.0101059 0.010179 0.00878308 0.00846619 0.00848187 0.00919257 0.00911374 0.0086904 0.00813204 
0.0485851 0.030381 0.728998 0.0950793 0.0694286 0.0233361 0.00363089 0.00362704 0 0.00357814 0.00356376 0.00357819 0.0173183 0.0659175 0.100869 0.043898 0.0157308 0.0194533 0.0386443 0.0451312 0.0121275 0.00928853 0.015588 0.0118838 0.0121358 0.00854834 0.00842405 0.011705 0.00966012 0.00930492 0.0108916 0.00908069 0.0141887 0.00918875 0.00932532 0.00819775 0.00867002 0.0101893 0.013261 0.0199556 0.011056 0.0094448 0.00855819 0.00860949 0.00976552 0.010382 0.00865176 0.00815917 
0.019638 0.0885657 0.0971441 0.683035 0.0776348 0.0637095 0.00365123 0.00358437 0.00357814 0 0.00355688 0.00356552 0.0154583 0.0688038 0.209035 0.0752335 0.0212607 0.0258449 0.0638979 0.0601888 0.0193224 0.00978747 0.0104723 0.0318624 0.00962339 0.00934648 0.00888013 0.00988289 0.0154309 0.0102801 0.0092531 0.0119002 0.0100961 0.0120941 0.00879968 0.00847229 0.0087286 0.011414 0.0217949 0.0187476 0.0164218 0.00956767 0.00867906 0.00908406 0.0101259 0.0108148 0.00951137 0.00819866 
0.0206872 0.042327 0.0799956 0.0298044 0.643111 0.0547431 0.00385584 0.0038877 0.00356376 0.00355688 0 0.00355989 0.0186474 0.0541798 0.0705065 0.198128 0.0556926 0.0174525 0.0312613 0.077733 0.0185454 0.00965586 0.011664 0.0101861 0.0116617 0.0087588 0.00858255 0.0100197 0.0122747 0.0100331 0.00964816 0.0097651 0.00974367 0.00894308 0.008834 0.00819504 0.00878538 0.0113786 0.0119322 0.0140425 0.0109908 0.00909597 0.0083895 0.00880096 0.00967729 0.0123244 0.00905786 0.00818011 
0.0388413 0.0304716 0.0124379 0.016679 0.0147691 0.515017 0.00459642 0.00360621 0.00357819 0.00356552 0.00355989 0 0.0353621 0.0176158 0.0169047 0.0659062 0.159389 0.0279913 0.0118431 0.0153974 0.0236612 0.0134385 0.00926854 0.00902602 0.00858372 0.00905894 0.0103452 0.00863627 0.00904184 0.0103954 0.0150934 0.0086157 0.00854886 0.00848678 0.00823603 0.00831407 0.00955259 0.00909835 0.00884276 0.00925057 0.00867916 0.00842262 0.00843302 0.00942038 0.00885566 0.00869672 0.00879213 0.00848729 
0.0531762 0.0291538 0.0164286 0.010601 0.0114139 0.011631 0.0287375 0.0328544 0.0173183 0.0154583 0.0186474 0.0353621 0 0.00358533 0.00359892 0.00358281 0.00382326 0.115123 0.0160182 0.0100452 0.0197664 0.0153012 0.00881069 0.00883923 0.00853843 0.0111218 0.00922701 0.00846868 0.00867724 0.00995461 0.00929502 0.00857933 0.00836338 0.00851652 0.00815233 0.00914574 0.00850211 0.00829577 0.00860167 0.00851189 0.00868371 0.00862728 0.00914597 0.00853683 0.0084465 0.00835487 0.00895706 0.00828953 
0.0244709 0.160319 0.090573 0.0549998 0.018619 0.012696 0.0115562 0.0478596 0.0659175 0.0688038 0.0541798 0.0176158 0.00358533 0 0.00359713 0.00361227 0.00358861 0.153998 0.145926 0.0340786 0.0124641 0.012451 0.0180179 0.0138529 0.0116017 0.00907954 0.0090326 0.0100994 0.0120024 0.00995981 0.00946451 0.00969509 0.00981337 0.00915607 0.00861221 0.00838176 0.00864063 0.010702 0.0117255 0.0139706 0.0112537 0.00970636 0.00862935 0.00889185 0.00977227 0.0105562 0.00911298 0.00814828 
0.034698 0.0743243 0.380433 0.164871 0.067249 0.0139875 0.0106426 0.0276584 0.100869 0.209035 0.0705065 0.0169047 0.00359892 0.00359713 0 0.00356938 0.00362352 0.398675 0.158365 0.145891 0.0266553 0.0116687 0.0175959 0.0361754 0.0124024 0.00990872 0.00930803 0.0132419 0.0170577 0.0114146 0.00972043 0.0152687 0.0143773 0.0177512 0.00914156 0.00853394 0.0091627 0.0143227 0.0340487 0.0303606 0.032473 0.0107023 0.00888837 0.00929682 0.0137943 0.0165918 0.0109096 0.0081812 
0.0200978 0.0662072 0.0821986 0.239858 0.136862 0.036668 0.0131288 0.0183551 0.043898 0.0752335 0.198128 0.0659062 0.00358281 0.00361227 0.00356938 0 0.00381131 0.0316545 0.457359 0.29876 0.0918435 0.0116488 0.0206125 0.014293 0.0274021 0.00963478 0.00950256 0.013745 0.0257134 0.0148946 0.0115418 0.0115183 0.0154322 0.0109523 0.0112268 0.00837828 0.00942688 0.0144062 0.0172214 0.0258031 0.0155181 0.0150147 0.00871258 0.0101963 0.0151327 0.0208392 0.0104392 0.00836652 
0.035693 0.0211544 0.0354527 0.0237134 0.12224 0.0675292 0.0175603 0.0179897 0.0157308 0.0212607 0.0556926 0.159389 0.00382326 0.00358861 0.00362352 0.00381131 0 0.043758 0.0396812 0.464478 0.298823 0.0288055 0.0102386 0.0127349 0.0112918 0.0191971 0.0162801 0.0089096 0.0160106 0.0248011 0.012263 0.0112714 0.0089145 0.00993116 0.00880651 0.0100271 0.0116823 0.0102849 0.0117543 0.012488 0.0103966 0.00932555 0.0100381 0.0132528 0.00961003 0.0100594 0.0126169 0.0091579 
0.0232296 0.0704763 0.0450954 0.0254559 0.0151641 0.0305971 0.021318 0.0209682 0.0194533 0.0258449 0.0174525 0.0279913 0.115123 0.153998 0.398675 0.0316545 0.043758 0 0.00364777 0.00362585 0.00650774 0.153078 0.0504162 0.015505 0.0116852 0.020386 0.0192541 0.012637 0.0137631 0.0291183 0.0149379 0.0147261 0.0113623 0.0104062 0.00919395 0.0121103 0.0125351 0.0146431 0.014282 0.0158281 0.0127918 0.0110643 0.0141756 0.014155 0.0134883 0.011125 0.0159886 0.00930179 
0.0187762 0.0768034 0.146598 0.062126 0.0317169 0.0117368 0.00969185 0.0455631 0.0386443 0.0638979 0.0312613 0.0118431 0.0160182 0.145926 0.158365 0.457359 0.0396812 0.00364777 0 0.00382719 0.00362744 0.086895 0.0720175 0.0863661 0.0165632 0.0113676 0.0144271 0.0153952 0.0384111 0.0119553 0.0105309 0.0287053 0.012582 0.0175665 0.00949413 0.00900511 0.0104139 0.0209961 0.0356103 0.0319247 0.0304319 0.014161 0.00935416 0.0118175 0.031508 0.0196135 0.0115005 0.00829446 
0.016353 0.039639 0.0797998 0.0905965 0.0683679 0.0204978 0.0109111 0.0157108 0.0451312 0.0601888 0.077733 0.0153974 0.0100452 0.0340786 0.145891 0.29876 0.464478 0.00362585 0.00382719 0 0.00360573 0.015906 0.0646431 0.0418741 0.181721 0.0152011 0.00969192 0.0301494 0.047813 0.0248725 0.0120399 0.014585 0.0195616 0.0130025 0.0186408 0.00896306 0.00979995 0.0258014 0.0301868 0.0490166 0.0256955 0.0282331 0.00958062 0.0111063 0.0238929 0.0624187 0.0147863 0.00859975 
0.0190528 0.0161169 0.0240868 0.0184639 0.0222098 0.0277989 0.0136213 0.0140432 0.0121275 0.0193224 0.0185454 0.0236612 0.0197664 0.0124641 0.0266553 0.0918435 0.298823 0.00650774 0.00362744 0.00360573 0 0.0197521 0.0123227 0.0307695 0.048215 0.123087 0.0240516 0.00954564 0.022392 0.0412885 0.0157895 0.0128958 0.0105585 0.0116886 0.00943528 0.0108539 0.0147638 0.0125938 0.014604 0.0160823 0.0133275 0.0111069 0.0139301 0.01819 0.0110662 0.0128668 0.0376449 0.0100208 
0.0128187 0.0127039 0.0127673 0.00932463 0.00923614 0.00979608 0.00916622 0.0107179 0.00928853 0.00978747 0.00965586 0.0134385 0.0153012 0.012451 0.0116687 0.0116488 0.0288055 0.153078 0.086895 0.015906 0.0197521 0 0.00383813 0.00364656 0.00388141 0.00575411 0.0158855 0.0108677 0.0247416 0.0317922 0.0208899 0.0187262 0.00957005 0.0113975 0.00897931 0.0140514 0.0136835 0.0115392 0.0114232 0.01056 0.0111503 0.0101588 0.0171139 0.0153891 0.0113758 0.00950726 0.0153831 0.00956863 
0.0093332 0.0113899 0.0183987 0.0131972 0.0101109 0.00856418 0.00888752 0.00883768 0.015588 0.0104723 0.011664 0.00926854 0.00881069 0.0180179 0.0175959 0.0206125 0.0102386 0.0504162 0.0720175 0.0646431 0.0123227 0.00383813 0 0.00356886 0.00362334 0.00357694 0.00907371 0.137299 0.0125263 0.0152723 0.0151141 0.0109573 0.0180327 0.00956516 0.014254 0.00878983 0.0106699 0.0133267 0.0141891 0.0177625 0.0111179 0.0161316 0.00909059 0.00994057 0.0160394 0.016054 0.00915938 0.00848983 
0.0100957 0.0121376 0.0281012 0.0168033 0.0106246 0.00887802 0.00825314 0.0143568 0.0118838 0.0318624 0.0101861 0.00902602 0.00883923 0.0138529 0.0361754 0.014293 0.0127349 0.015505 0.0863661 0.0418741 0.0307695 0.00364656 0.00356886 0 0.00354468 0.00356335 0.0357547 0.0108607 0.0355069 0.00942527 0.00937083 0.0246788 0.0099108 0.0281497 0.00886831 0.00914552 0.00943647 0.012139 0.0230495 0.02229 0.0255812 0.00968915 0.00947475 0.0097703 0.0158908 0.0124414 0.0109567 0.0082488 
0.00896665 0.0101866 0.0124352 0.011667 0.00936802 0.00846312 0.00916344 0.00874845 0.0121358 0.00962339 0.0116617 0.00858372 0.00853843 0.0116017 0.0124024 0.0274021 0.0112918 0.0116852 0.0165632 0.181721 0.048215 0.00388141 0.00362334 0.00354468 0 0.00361585 0.00824499 0.0889781 0.0202192 0.0140692 0.0177275 0.00929148 0.0189766 0.00911609 0.0133325 0.00844965 0.00945058 0.0123017 0.0122767 0.0167262 0.0105107 0.0154947 0.00864497 0.00967379 0.0121022 0.0191574 0.0094201 0.00872678 
0.0108311 0.00936626 0.00934686 0.00890639 0.00875427 0.00884963 0.00912908 0.00938931 0.00854834 0.00934648 0.0087588 0.00905894 0.0111218 0.00907954 0.00990872 0.00963478 0.0191971 0.020386 0.0113676 0.0152011 0.123087 0.00575411 0.00357694 0.00356335 0.00361585 0 0.0549158 0.0076668 0.0198342 0.0253898 0.0118841 0.0125274 0.00890905 0.0105037 0.00863117 0.00945677 0.0122724 0.010381 0.00983694 0.010914 0.00947404 0.00886485 0.0110647 0.0140875 0.00922543 0.00915813 0.0132318 0.00872097 
0.00884865 0.00921357 0.00897122 0.00864767 0.00871101 0.00908233 0.00820608 0.00947798 0.00842405 0.00888013 0.00858255 0.0103452 0.00922701 0.0090326 0.00930803 0.00950256 0.0162801 0.0192541 0.0144271 0.00969192 0.0240516 0.0158855 0.00907371 0.0357547 0.00824499 0.0549158 0 0.00360804 0.00368391 0.00378073 0.0147103 0.0175837 0.00816829 0.0154902 0.0088836 0.0285845 0.0101578 0.0102413 0.00984606 0.0098814 0.0104357 0.00983801 0.0225618 0.0127165 0.0101502 0.00906623 0.0221901 0.00918325 
0.00887002 0.0091305 0.0128053 0.009589 0.009338 0.00831672 0.00890895 0.0083397 0.011705 0.00988289 0.0100197 0.00863627 0.00846868 0.0100994 0.0132419 0.013745 0.0089096 0.012637 0.0153952 0.0301494 0.00954564 0.0108677 0.137299 0.0108607 0.0889781 0.0076668 0.00360804 0 0.00356567 0.00355861 0.0511933 0.0132142 0.03822 0.00908799 0.0279249 0.00853828 0.0106398 0.0134866 0.0140043 0.0146592 0.0100231 0.0155037 0.00880883 0.0109124 0.0125693 0.0230946 0.00932795 0.0087132 
0.00911311 0.0129198 0.0133626 0.0115973 0.0107832 0.00900805 0.00834626 0.0114795 0.00966012 0.0154309 0.0122747 0.00904184 0.00867724 0.0120024 0.0170577 0.0257134 0.0160106 0.0137631 0.0384111 0.047813 0.022392 0.0247416 0.0125263 0.0355069 0.0202192 0.0198342 0.00368391 0.00356567 0 0.00358424 0.0105089 0.0712384 0.0109798 0.0297219 0.0140326 0.0108325 0.00988662 0.0232259 0.0158886 0.0169137 0.0187082 0.0148641 0.0120537 0.0111494 0.0277897 0.0250876 0.0226638 0.00901329 
0.0104923 0.00941884 0.0112287 0.010344 0.00920272 0.00982968 0.00934581 0.00883113 0.00930492 0.0102801 0.0100331 0.0103954 0.00995461 0.00995981 0.0114146 0.0148946 0.0248011 0.0291183 0.0119553 0.0248725 0.0412885 0.0317922 0.0152723 0.00942527 0.0140692 0.0253898 0.00378073 0.00355861 0.00358424 0 0.0440196 0.0228228 0.0133267 0.0111557 0.0163567 0.0227576 0.0145708 0.0138723 0.0147433 0.0151538 0.0122021 0.0157854 0.0378435 0.0337661 0.0115499 0.0180466 0.0315507 0.0109003 
0.00996144 0.00930133 0.0111793 0.009924 0.00919224 0.0101346 0.0114849 0.00833027 0.0108916 0.0092531 0.00964816 0.0150934 0.00929502 0.00946451 0.00972043 0.0115418 0.012263 0.0149379 0.0105309 0.0120399 0.0157895 0.0208899 0.0151141 0.00937083 0.0177275 0.0118841 0.0147103 0.0511933 0.0105089 0.0440196 0 0.00411485 0.0036882 0.00355891 0.00434658 0.00409771 0.00519899 0.00569976 0.00617542 0.00737413 0.0105006 0.683248 0.0394157 0.0126864 0.0104006 0.0138174 0.0121007 0.0178287 
0.00889539 0.0104338 0.0116979 0.0102368 0.0102379 0.00851538 0.00815876 0.0130353 0.00908069 0.0119002 0.0097651 0.0086157 0.00857933 0.00969509 0.0152687 0.0115183 0.0112714 0.0147261 0.0287053 0.014585 0.0128958 0.0187262 0.0109573 0.0246788 0.00929148 0.0125274 0.0175837 0.0132142 0.0712384 0.0228228 0.00411485 0 0.00358425 0.00359653 0.00371564 0.00376218 0.00459532 0.00598001 0.00641217 0.0238741 0.416916 0.0511793 0.0090437 0.0120391 0.0149051 0.0138253 0.0155619 0.00819052 
0.00897538 0.00903652 0.0135473 0.0104011 0.00884812 0.00844335 0.00930552 0.00852724 0.0141887 0.0100961 0.00974367 0.00854886 0.00836338 0.00981337 0.0143773 0.0154322 0.0089145 0.0113623 0.012582 0.0195616 0.0105585 0.00957005 0.0180327 0.0099108 0.0189766 0.00890905 0.00816829 0.03822 0.0109798 0.0133267 0.0036882 0.00358425 0 0.00357908 0.00371549 0.00355807 0.00371991 0.0065912 0.0208758 0.24366 0.037751 0.00834457 0.0061717 0.00803897 0.0113038 0.012352 0.0101203 0.00819174 
0.00868378 0.0100288 0.0117118 0.010313 0.0094612 0.008337 0.00819835 0.0103751 0.00918875 0.0120941 0.00894308 0.00848678 0.00851652 0.00915607 0.0177512 0.0109523 0.00993116 0.0104062 0.0175665 0.0130025 0.0116886 0.0113975 0.00956516 0.0281497 0.00911609 0.0105037 0.0154902 0.00908799 0.0297219 0.0111557 0.00355891 0.00359653 0.00357908 0 0.00354859 0.00358599 0.00387605 0.0167085 0.230213 0.316081 0.0130928 0.00634593 0.00571974 0.00987049 0.0115897 0.0101603 0.01297 0.0072307 
0.00848632 0.00887688 0.00939744 0.00901981 0.00856042 0.00821233 0.00846187 0.00840913 0.00932532 0.00879968 0.008834 0.00823603 0.00815233 0.00861221 0.00914156 0.0112268 0.00880651 0.00919395 0.00949413 0.0186408 0.00943528 0.00897931 0.014254 0.00886831 0.0133325 0.00863117 0.0088836 0.0279249 0.0140326 0.0163567 0.00434658 0.00371564 0.00371549 0.00354859 0 0.00365724 0.00441056 0.908671 0.0208956 0.00977735 0.00711897 0.00684319 0.00551334 0.00764534 0.00981342 0.0190384 0.00871168 0.00776544 
0.00914532 0.0084647 0.00853428 0.00838942 0.00820554 0.00833364 0.00877061 0.00830095 0.00819775 0.00847229 0.00819504 0.00831407 0.00914574 0.00838176 0.00853394 0.00837828 0.0100271 0.0121103 0.00900511 0.00896306 0.0108539 0.0140514 0.00878983 0.00914552 0.00844965 0.00945677 0.0285845 0.00853828 0.0108325 0.0227576 0.00409771 0.00376218 0.00355807 0.00358599 0.00365724 0 0.987219 0.0106106 0.00433374 0.0041446 0.00428951 0.00473934 0.00485661 0.0162725 0.00775944 0.00728336 0.010645 0.00774935 
0.00895471 0.00862183 0.00896396 0.00872302 0.00857798 0.00864108 0.00835897 0.00838516 0.00867002 0.0087286 0.00878538 0.00955259 0.00850211 0.00864063 0.0091627 0.00942688 0.0116823 0.0125351 0.0104139 0.00979995 0.0147638 0.0136835 0.0106699 0.00943647 0.00945058 0.0122724 0.0101578 0.0106398 0.00988662 0.0145708 0.00519899 0.00459532 0.00371991 0.00387605 0.00441056 0.987219 0 0.00370152 0.00355607 0.0035851 0.00357291 0.00385927 0.00422619 0.0067147 0.00626535 0.00707851 0.0124763 0.00826087 
0.00884598 0.00939761 0.0125466 0.0104049 0.00992104 0.00860002 0.00816361 0.00947867 0.0101893 0.011414 0.0113786 0.00909835 0.00829577 0.010702 0.0143227 0.0144062 0.0102849 0.0146431 0.0209961 0.0258014 0.0125938 0.0115392 0.0133267 0.012139 0.0123017 0.010381 0.0102413 0.0134866 0.0232259 0.0138723 0.00569976 0.00598001 0.0065912 0.0167085 0.908671 0.0106106 0.00370152 0 0.00359291 0.0035659 0.00360146 0.00412231 0.00372752 0.00704822 0.00720868 0.0118029 0.00882507 0.00815078 
0.0113409 0.0115982 0.0196454 0.0157115 0.0104751 0.00901349 0.00845778 0.00996916 0.013261 0.0217949 0.0119322 0.00884276 0.00860167 0.0117255 0.0340487 0.0172214 0.0117543 0.014282 0.0356103 0.0301868 0.014604 0.0114232 0.0141891 0.0230495 0.0122767 0.00983694 0.00984606 0.0140043 0.0158886 0.0147433 0.00617542 0.00641217 0.0208758 0.230213 0.0208956 0.00433374 0.00355607 0.00359291 0 0.00358465 0.00360172 0.0035789 0.00357428 0.00547835 0.00864469 0.00939559 0.0219018 0.0100922 
0.00986994 0.0117383 0.0234359 0.0163485 0.0113476 0.00927231 0.00859162 0.0101059 0.0199556 0.0187476 0.0140425 0.00925057 0.00851189 0.0139706 0.0303606 0.0258031 0.012488 0.0158281 0.0319247 0.0490166 0.0160823 0.01056 0.0177625 0.02229 0.0167262 0.010914 0.0098814 0.0146592 0.0169137 0.0151538 0.00737413 0.0238741 0.24366 0.316081 0.00977735 0.0041446 0.0035851 0.0035659 0.00358465 0 0.00357032 0.00355674 0.0035635 0.00732434 0.0116249 0.0162443 0.895883 0.00743986 
0.00995318 0.0111926 0.0180246 0.0138906 0.00996463 0.0087005 0.0082472 0.010179 0.011056 0.0164218 0.0109908 0.00867916 0.00868371 0.0112537 0.032473 0.0155181 0.0103966 0.0127918 0.0304319 0.0256955 0.0133275 0.0111503 0.0111179 0.0255812 0.0105107 0.00947404 0.0104357 0.0100231 0.0187082 0.0122021 0.0105006 0.416916 0.037751 0.0130928 0.00711897 0.00428951 0.00357291 0.00360146 0.00360172 0.00357032 0 0.00359046 0.00354782 0.00556144 0.0095477 0.898523 0.0196611 0.0057547 
0.00983429 0.00956878 0.0108606 0.00971983 0.00904501 0.00839389 0.00887644 0.00878308 0.0094448 0.00956767 0.00909597 0.00842262 0.00862728 0.00970636 0.0107023 0.0150147 0.00932555 0.0110643 0.014161 0.0282331 0.0111069 0.0101588 0.0161316 0.00968915 0.0154947 0.00886485 0.00983801 0.0155037 0.0148641 0.0157854 0.683248 0.0511793 0.00834457 0.00634593 0.00684319 0.00473934 0.00385927 0.00412231 0.0035789 0.00355674 0.00359046 0 0.00362234 0.0122575 0.925287 0.015815 0.00777098 0.00692912 
0.00924901 0.00868435 0.0086617 0.00867416 0.00835202 0.00839358 0.00863554 0.00846619 0.00855819 0.00867906 0.0083895 0.00843302 0.00914597 0.00862935 0.00888837 0.00871258 0.0100381 0.0141756 0.00935416 0.00958062 0.0139301 0.0171139 0.00909059 0.00947475 0.00864497 0.0110647 0.0225618 0.00880883 0.0120537 0.0378435 0.0394157 0.0090437 0.0061717 0.00571974 0.00551334 0.00485661 0.00422619 0.00372752 0.00357428 0.0035635 0.00354782 0.00362234 0 0.955716 0.00460185 0.0047442 0.00637658 0.00569963 
0.00886864 0.00874177 0.00941063 0.00887897 0.00862304 0.00859641 0.00827236 0.00848187 0.00860949 0.00908406 0.00880096 0.00942038 0.00853683 0.00889185 0.00929682 0.0101963 0.0132528 0.014155 0.0118175 0.0111063 0.01819 0.0153891 0.00994057 0.0097703 0.00967379 0.0140875 0.0127165 0.0109124 0.0111494 0.0337661 0.0126864 0.0120391 0.00803897 0.00987049 0.00764534 0.0162725 0.0067147 0.00704822 0.00547835 0.00732434 0.00556144 0.0122575 0.955716 0 0.00375655 0.00360054 0.0039478 0.00437915 
0.00899826 0.00931623 0.0123408 0.00983877 0.00931407 0.00839313 0.00830403 0.00919257 0.00976552 0.0101259 0.00967729 0.00885566 0.0084465 0.00977227 0.0137943 0.0151327 0.00961003 0.0134883 0.031508 0.0238929 0.0110662 0.0113758 0.0160394 0.0158908 0.0121022 0.00922543 0.0101502 0.0125693 0.0277897 0.0115499 0.0104006 0.0149051 0.0113038 0.0115897 0.00981342 0.00775944 0.00626535 0.00720868 0.00864469 0.0116249 0.0095477 0.925287 0.00460185 0.00375655 0 0.00555086 0.00356814 0.00410665 
0.00885844 0.00953501 0.0116108 0.0108767 0.00942962 0.00865513 0.00841218 0.00911374 0.010382 0.0108148 0.0123244 0.00869672 0.00835487 0.0105562 0.0165918 0.0208392 0.0100594 0.011125 0.0196135 0.0624187 0.0128668 0.00950726 0.016054 0.0124414 0.0191574 0.00915813 0.00906623 0.0230946 0.0250876 0.0180466 0.0138174 0.0138253 0.012352 0.0101603 0.0190384 0.00728336 0.00707851 0.0118029 0.00939559 0.0162443 0.898523 0.015815 0.0047442 0.00360054 0.00555086 0 0.00373444 0.00391829 
0.00925721 0.00889135 0.0101037 0.00917271 0.00906893 0.00908257 0.00826637 0.0086904 0.00865176 0.00951137 0.00905786 0.00879213 0.00895706 0.00911298 0.0109096 0.0104392 0.0126169 0.0159886 0.0115005 0.0147863 0.0376449 0.0153831 0.00915938 0.0109567 0.0094201 0.0132318 0.0221901 0.00932795 0.0226638 0.0315507 0.0121007 0.0155619 0.0101203 0.01297 0.00871168 0.010645 0.0124763 0.00882507 0.0219018 0.895883 0.0196611 0.00777098 0.00637658 0.0039478 0.00356814 0.00373444 0 0.010655 
0.00880373 0.00817813 0.00824203 0.0082227 0.00819961 0.00833944 0.00855798 0.00813204 0.00815917 0.00819866 0.00818011 0.00848729 0.00828953 0.00814828 0.0081812 0.00836652 0.0091579 0.00930179 0.00829446 0.00859975 0.0100208 0.00956863 0.00848983 0.0082488 0.00872678 0.00872097 0.00918325 0.0087132 0.00901329 0.0109003 0.0178287 0.00819052 0.00819174 0.0072307 0.00776544 0.00774935 0.00826087 0.00815078 0.0100922 0.00743986 0.0057547 0.00692912 0.00569963 0.00437915 0.00410665 0.00391829 0.010655 0 
