1IAWA
EPDDDLERVRATLYSLDPDGDRTAGVLRDTLDQLYDGQRTGRWNFDQLHKTEKTHMGTLVEINLHREFQFGDGFETDYEIAGVQVDCKFSMSQGAWMLPPESIGHICLVIWASDQQCAWTAGLVKVIPQFLGTANRDLKRRLTPEGRAQVVKLWPDHGKLQENLLLHIPGDVRDQIFSAKSSRGNQHGQARVNELFRRVHGRLIGRAVIATVAQQDDFMKRVRGSGGARSILRPEGIIILGHQDNDPKVANDLGLPVPRKGQVVAARVVPADEGDQRQTAEIQGRRWAVAVPGDPIVEAPVVPR
CHHHHHHHHHHHHHHHCCCCHHHHHHHHHHHHHHHCHHHHCCCCHHHCCHHHHHHHHHHHHHHHHHHHCCEECCCCCEEECCEEEEEEEECCCCCCCECHHHCCCEEEEEEEECCCCEEEEEEEECCHHHECCCCCCCCECECHHHHHCCEECCCCCCCCCCCHHHHCCHHHHHHHHHCCCCCCCCCHHHHHHHHHHHCCCCCECHHHHHHHHCCCCHHHHHCCCCCHHHHCHHHCEEEECCCCCHHHHHHHCCCCCCCCCCEEEEEEEECCCCCCCCCEECCCCEEEECCCCCCCCCCCCCCC
0 0 0 0 0 0 0 0 0 0 0 0 0 0 0 0 0 0 0 0 0 0 0 0 0 0 0 0 0 0 0 0 0 0 0 0 0 0 0 0 0 0 0 0 0 0 0 0 0 0 0 0 0 0 0 0 0 0 0 0 0 0 0 0 0 0 0 0 0 0 0 0 0 0 0 0 0 0 0 0 0 0 0 0 0 0 0 0 0 0 0 0 0 0 0 0 0 0 0 0 0 0 0 0 0 0 0 0 0 0 0 0 0 0 0 0 0 0 0 0 0 0 0 0 0 0 0 0 0 0 0 0 0 0 0 0 0 0 0 0 0 0 0 0 0 0 0 0 0 0 0 0 0 0 0 0 0 0 0 0 0 0 0 0 0 0 0 0 0 0 0 0 0 0 0 0 0 0 0 0 0 0 0 0 0 0 0 0 0 0 0 0 0 0 0 0 0 0 0 0 0 0 0 0 0 0 0 0 0 0 0 0 0 0 0 0 0 0 0 0 0 0 0 0 0 0 0 0 0 0 0 0 0 0 0 0 0 0 0 0 0 0 0 0 0 0 0 0 0 0 0 0 0 0 0 0 0 0 0 0 0 0 0 0 0 0 0 0 0 0 0 0 0 0 0 0 0 0 0 0 0 0 0 0 0 0 0 0 0 0 0 0 0 0 0 0 0 0 0 0 0 0 0 0 
0 0 0 0 0 0 0 0 0 0 0 0 0 0 0 0 0 0 0 0 0 0 0 0 0 0 0 0 0 0 0 0 0 0 0 0 0 0 0 0 0 0 0 0 0 0 0 0 0 0 0 0 0 0 0 0 0 0 0 0 0 0 0 0 0 0 0 0 0 0 0 0 0 0 0 0 0 0 0 0 0 0 0 0 0 0 0 0 0 0 0 0 0 0 0 0 0 0 0 0 0 0 0 0 0 0 0 0 0 0 0 0 0 0 0 0 0 0 0 0 0 0 0 0 0 0 0 0 0 0 0 0 0 0 0 0 0 0 0 0 0 0 0 0 0 0 0 0 0 0 0 0 0 0 0 0 0 0 0 0 0 0 0 0 0 0 0 0 0 0 0 0 0 0 0 0 0 0 0 0 0 0 0 0 0 0 0 0 0 0 0 0 0 0 0 0 0 0 0 0 0 0 0 0 0 0 0 0 0 0 0 0 0 0 0 0 0 0 0 0 0 0 0 0 0 0 0 0 0 0 0 0 0 0 0 0 0 0 0 0 0 0 0 0 0 0 0 0 0 0 0 0 0 0 0 0 0 0 0 0 0 0 0 0 0 0 0 0 0 0 0 0 0 0 0 0 0 0 0 0 0 0 0 0 0 0 0 0 0 0 0 0 0 0 0 0 0 0 0 0 0 0 0 0 
0 0.0150025 0.00433963 0.711137 0.0171959 0.00681266 0.00937526 0.00651847 0.00704747 0.0219068 0.00877554 0.00930774 0.0127204 0.0108218 0.0102749 0.0100939 0.00942277 0.00904428 0.00896934 0.00910384 0.00921952 0.0107923 0.00892972 0.00841328 0.00836827 0.0083571 0.00865215 0.00849394 0.00937549 0.0129297 0.0103322 0.00961752 0.0104214 0.00857108 0.00857788 0.00882758 0.00819282 0.00829323 0.00833127 0.00819979 0.00812199 0.00814953 0.0081965 0.00818555 0.00824873 0.00819027 0.00813273 0.00823695 0.00800916 0.00832156 0.00810566 0.00820031 0.00815507 0.00815395 
0.0150025 0 0.665864 0.0167828 0.00521555 0.00648599 0.00647874 0.00703051 0.0224696 0.00726773 0.00739965 0.00811611 0.00948905 0.00903078 0.01035 0.0101822 0.00917166 0.009275 0.00890586 0.00905818 0.0100663 0.00949601 0.00925856 0.00852601 0.00838345 0.00847744 0.00876777 0.00880094 0.009424 0.0112632 0.00971879 0.00891888 0.00937943 0.00871348 0.00841816 0.00840834 0.00838468 0.0082788 0.00829918 0.00828151 0.00818214 0.00818952 0.00820602 0.00819079 0.00817892 0.00816631 0.00817249 0.008192 0.00822181 0.00826019 0.00810483 0.00817726 0.00816049 0.00821557 
0.00433963 0.665864 0 0.0036084 0.00535666 0.00586904 0.00544656 0.789577 0.00597489 0.0168044 0.00563148 0.00757259 0.012393 0.0178434 0.0270486 0.0133323 0.0194693 0.0112559 0.0167018 0.010553 0.0111058 0.017948 0.00894788 0.015531 0.00877902 0.015087 0.0103384 0.0114028 0.0134549 0.0218769 0.0134323 0.0243066 0.0437107 0.0105894 0.00994234 0.0143476 0.00899589 0.00868599 0.00858905 0.00882829 0.008854 0.00857739 0.00857617 0.00883564 0.00857271 0.0086884 0.00832318 0.00898263 0.00971393 0.00832122 0.00826743 0.00850683 0.00857098 0.00864417 
0.711137 0.0167828 0.0036084 0 0.00361617 0.00407215 0.914425 0.00417547 0.00472986 0.00441833 0.00953195 0.00889853 0.00768555 0.00840355 0.0103376 0.0215172 0.0107449 0.0131906 0.00980218 0.0140964 0.01391 0.010106 0.015577 0.00890207 0.0138426 0.00881048 0.0118278 0.0100847 0.0129473 0.0146686 0.00964589 0.0105571 0.0103748 0.0135482 0.0100284 0.0084335 0.0084874 0.00926177 0.00934217 0.00842979 0.00847278 0.00853869 0.00870435 0.00842633 0.00855311 0.0084189 0.00844219 0.00850492 0.00829906 0.00922507 0.00832487 0.00836557 0.00839716 0.00832713 
0.0171959 0.00521555 0.00535666 0.00361617 0 0.911951 0.00415406 0.00430501 0.00360614 0.00481422 0.00491646 0.00660217 0.00599298 0.00787222 0.0247371 0.0112405 0.0141878 0.0107207 0.0122492 0.010554 0.0137528 0.00938482 0.0098949 0.0155953 0.00857345 0.0118093 0.00995703 0.0113345 0.0115787 0.0113793 0.0189958 0.0159605 0.0227645 0.0115427 0.00877886 0.0121722 0.00966376 0.00854599 0.00839536 0.00857305 0.00898113 0.00831689 0.00834527 0.00843849 0.00825786 0.0083235 0.00822383 0.00826433 0.00943146 0.00816636 0.00822541 0.0083058 0.00821093 0.00822503 
0.00681266 0.00648599 0.00586904 0.00407215 0.911951 0 0.00360956 0.0035847 0.00355311 0.00363144 0.00375044 0.00468182 0.00513401 0.00889928 0.0281753 0.0124441 0.0176256 0.0113696 0.0163194 0.010488 0.0134421 0.0166393 0.0101553 0.010276 0.00909316 0.0116941 0.0103927 0.010935 0.0133772 0.0288198 0.011073 0.0183699 0.02298 0.0104407 0.00984217 0.0101985 0.00884741 0.00863221 0.00901143 0.00899703 0.00872602 0.00845947 0.00872937 0.00894533 0.00853433 0.00869501 0.00834237 0.00887467 0.00947761 0.00839179 0.00830088 0.00829349 0.00838492 0.00865708 
0.00937526 0.00647874 0.00544656 0.914425 0.00415406 0.00360956 0 0.00355157 0.0035486 0.00356153 0.00374101 0.00368687 0.00419102 0.00625086 0.010708 0.0609304 0.0149995 0.0538769 0.0121277 0.0336526 0.0160758 0.0137322 0.0120288 0.00964902 0.0180648 0.00997842 0.0285604 0.0148815 0.0276463 0.0167495 0.00904874 0.0091873 0.0100781 0.00956272 0.009566 0.00833492 0.00839893 0.00941833 0.00987336 0.00863297 0.00837629 0.008677 0.00892778 0.00875437 0.00882888 0.00890223 0.00857286 0.0085777 0.00826406 0.00865299 0.0081679 0.00837431 0.00847594 0.00847612 
0.00651847 0.00703051 0.789577 0.00417547 0.00430501 0.0035847 0.00355157 0 0.00354477 0.00356615 0.0035604 0.0035736 0.00360068 0.00559932 0.05553 0.0135844 0.105759 0.01551 0.111252 0.0170621 0.0651129 0.00984682 0.00871511 0.0244638 0.0104386 0.054632 0.0161065 0.0639018 0.0287339 0.0130503 0.0096061 0.00998779 0.0103053 0.00901016 0.00911005 0.0083461 0.00868896 0.0116353 0.0135219 0.00918507 0.00866317 0.00918165 0.00996123 0.0115292 0.00947757 0.0104129 0.00872285 0.00859941 0.00834064 0.00820685 0.00819763 0.00867399 0.00866343 0.00878791 
0.00704747 0.0224696 0.00597489 0.00472986 0.00360614 0.00355311 0.0035486 0.00354477 0 0.00354907 0.00355702 0.00356462 0.00358909 0.00520661 0.00909747 0.0985822 0.0150957 0.0879368 0.0164507 0.125015 0.0108763 0.0127653 0.0103897 0.00874 0.0372055 0.00987108 0.0558954 0.0228452 0.0169852 0.0149753 0.00851732 0.0086381 0.00910975 0.00862064 0.0094223 0.00812273 0.00866052 0.0109737 0.0114177 0.00886749 0.00858214 0.00893117 0.0102928 0.00903717 0.0103037 0.00904751 0.00861606 0.00836332 0.00829688 0.00843703 0.00824192 0.0084978 0.00869767 0.00838053 
0.0219068 0.00726773 0.0168044 0.00441833 0.00481422 0.00363144 0.00356153 0.00356615 0.00354907 0 0.00355149 0.00356601 0.00358802 0.00532956 0.0227628 0.0154242 0.241214 0.0188628 0.144171 0.0146922 0.0334172 0.00988821 0.00867503 0.0274008 0.00935348 0.0549666 0.015598 0.0427844 0.0230031 0.0122315 0.00923936 0.0101539 0.010185 0.00907246 0.00907767 0.00834979 0.00871152 0.0105486 0.01204 0.0092012 0.00864637 0.00954738 0.00970594 0.0110697 0.00927893 0.00998731 0.0087528 0.00844052 0.00851148 0.00830169 0.00827157 0.00862015 0.00863867 0.00846434 
0.00877554 0.00739965 0.00563148 0.00953195 0.00491646 0.00375044 0.00374101 0.0035604 0.00355702 0.00355149 0 0.003561 0.00357185 0.00487837 0.0117133 0.0695405 0.0239946 0.374203 0.019831 0.112702 0.010978 0.0144493 0.011258 0.00893988 0.0443034 0.00987326 0.0394411 0.0276885 0.0171097 0.0159505 0.00875876 0.00885734 0.00897869 0.00932918 0.00938949 0.00815929 0.00872139 0.0110753 0.0110078 0.00861506 0.00856793 0.00910764 0.010663 0.00936111 0.0105959 0.00900577 0.00863305 0.00837201 0.00828978 0.00839908 0.0083793 0.00848591 0.0085525 0.00828232 
0.00930774 0.00811611 0.00757259 0.00889853 0.00660217 0.00468182 0.00368687 0.0035736 0.00356462 0.00356601 0.003561 0 0.00367073 0.0065549 0.0244879 0.0196924 0.088667 0.0128454 0.1822 0.0113498 0.0698826 0.00962746 0.00941577 0.031213 0.00935457 0.016683 0.0106884 0.0265482 0.0483886 0.0142321 0.0106166 0.0098781 0.0101563 0.00967804 0.00911864 0.00885607 0.00866996 0.00966434 0.00971036 0.00860076 0.00852301 0.00871309 0.00870901 0.0088953 0.00862842 0.00899112 0.00851161 0.00825019 0.0082429 0.00826769 0.00818838 0.00847466 0.0083541 0.0082095 
0.0127204 0.00948905 0.012393 0.00768555 0.00599298 0.00513401 0.00419102 0.00360068 0.00358909 0.00358802 0.00357185 0.00367073 0 0.0116252 0.0367662 0.0409127 0.0131378 0.0283852 0.010179 0.0787854 0.0123671 0.0265724 0.0215431 0.00901172 0.0113748 0.0088222 0.0116512 0.0114501 0.0126106 0.0352541 0.0145849 0.0135676 0.0137536 0.0102967 0.0104832 0.0101391 0.0107306 0.00870977 0.00884843 0.00889694 0.00878964 0.00836663 0.00858316 0.00838398 0.00832337 0.0083625 0.00830672 0.0083383 0.00829626 0.00855789 0.00826144 0.00820256 0.00821053 0.00819857 
0.0108218 0.00903078 0.0178434 0.00840355 0.00787222 0.00889928 0.00625086 0.00559932 0.00520661 0.00532956 0.00487837 0.0065549 0.0116252 0 0.0649878 0.00603692 0.00526477 0.00501884 0.0058914 0.00560947 0.00719158 0.00627175 0.00745274 0.00791627 0.00704754 0.0078337 0.00820022 0.00819954 0.00952813 0.012814 0.0432439 0.0233048 0.0564118 0.013461 0.00924686 0.0180919 0.00999911 0.0083343 0.00832614 0.00843949 0.00856162 0.00812422 0.00817919 0.00821292 0.00815119 0.00821275 0.0081043 0.00823301 0.00840619 0.0084437 0.00814386 0.00820186 0.00806737 0.00818784 
0.0102749 0.01035 0.0270486 0.0103376 0.0247371 0.0281753 0.010708 0.05553 0.00909747 0.0227628 0.0117133 0.0244879 0.0367662 0.0649878 0 0.00360737 0.003639 0.00363288 0.00363147 0.00375093 0.00371727 0.00743239 0.00850186 0.00621652 0.00681343 0.00838973 0.00954596 0.0112119 0.0343062 0.808778 0.0109023 0.0204826 0.0212603 0.0141359 0.012499 0.0115593 0.0101201 0.00974985 0.00999078 0.0125769 0.00874586 0.00873867 0.00910759 0.0098412 0.00890208 0.0090501 0.00848723 0.00941277 0.00873073 0.00848984 0.00824608 0.00837395 0.00842799 0.0087993 
0.0100939 0.0101822 0.0133323 0.0215172 0.0112405 0.0124441 0.0609304 0.0135844 0.0985822 0.0154242 0.0695405 0.0196924 0.0409127 0.00603692 0.00360737 0 0.00359061 0.00359727 0.00366889 0.00373921 0.00420154 0.00444378 0.0062133 0.00764072 0.00834006 0.00836359 0.0133255 0.0248309 0.855582 0.0607655 0.00925361 0.01112 0.0127092 0.0156718 0.0106988 0.00872181 0.0101454 0.0144561 0.0148062 0.0102511 0.00887285 0.0102424 0.0111802 0.0103234 0.0114144 0.00992016 0.00941691 0.00871831 0.00863942 0.00849142 0.00824341 0.00873867 0.00892363 0.00861936 
0.00942277 0.00917166 0.0194693 0.0107449 0.0141878 0.0176256 0.0149995 0.105759 0.0150957 0.241214 0.0239946 0.088667 0.0131378 0.00526477 0.003639 0.00359061 0 0.0035695 0.00353851 0.00363606 0.00360185 0.00360816 0.00616643 0.0122991 0.00924488 0.0192976 0.0285303 0.869972 0.0636182 0.0191807 0.00892714 0.0115002 0.0108643 0.0111709 0.0111144 0.00874165 0.0114807 0.025224 0.0232593 0.0108698 0.0096022 0.0109354 0.015019 0.0170045 0.0133845 0.0158334 0.0100571 0.00896896 0.00860711 0.00883383 0.00844393 0.00896777 0.00935298 0.00967997 
0.00904428 0.009275 0.0112559 0.0131906 0.0107207 0.0113696 0.0538769 0.01551 0.0879368 0.0188628 0.374203 0.0128454 0.0283852 0.00501884 0.00363288 0.00359727 0.0035695 0 0.00355876 0.00357503 0.00360016 0.00356616 0.00593887 0.00688047 0.00889155 0.018456 0.924671 0.0714176 0.0161195 0.0127428 0.00921361 0.00988458 0.0101173 0.010358 0.0105885 0.00840929 0.0107349 0.0213903 0.0263261 0.0117279 0.00949233 0.0112048 0.0157307 0.0135484 0.0163334 0.0120335 0.0106555 0.00877728 0.00849425 0.00856841 0.00860792 0.00896935 0.0100205 0.00879312 
0.00896934 0.00890586 0.0167018 0.00980218 0.0122492 0.0163194 0.0121277 0.111252 0.0164507 0.144171 0.019831 0.1822 0.010179 0.0058914 0.00363147 0.00366889 0.00353851 0.00355876 0 0.00357564 0.00356774 0.00357234 0.00609178 0.00896055 0.012854 0.912476 0.0309212 0.0238544 0.0160604 0.0106709 0.00825679 0.0109564 0.0100619 0.0104703 0.0107201 0.00880135 0.00948931 0.0211206 0.0241468 0.0111512 0.0090823 0.0111177 0.01378 0.015761 0.0136223 0.0137551 0.00979283 0.00902294 0.00853421 0.00853098 0.00832223 0.00919244 0.0092787 0.00880122 
0.00910384 0.00905818 0.010553 0.0140964 0.010554 0.010488 0.0336526 0.0170621 0.125015 0.0146922 0.112702 0.0113498 0.0787854 0.00560947 0.00375093 0.00373921 0.00363606 0.00357503 0.00357564 0 0.00357085 0.00354892 0.00398872 0.00783077 0.920344 0.0087795 0.0209398 0.0109165 0.0215097 0.014138 0.00759724 0.00988632 0.0104475 0.0107906 0.0110848 0.00850035 0.00961646 0.0163595 0.0193277 0.0110276 0.00947705 0.0103726 0.0131906 0.0115134 0.0135321 0.0106217 0.0094513 0.00866073 0.00845136 0.00842418 0.00844838 0.00873978 0.00896983 0.00867055 
0.00921952 0.0100663 0.0111058 0.01391 0.0137528 0.0134421 0.0160758 0.0651129 0.0108763 0.0334172 0.010978 0.0698826 0.0123671 0.00719158 0.00371727 0.00420154 0.00360185 0.00360016 0.00356774 0.00357085 0 0.00364094 0.00390093 0.974798 0.0112639 0.00765703 0.00734312 0.0131906 0.0196166 0.0131115 0.00919903 0.0113259 0.0113062 0.011388 0.0133104 0.0090571 0.00994816 0.0128639 0.0156029 0.0101363 0.00946096 0.00955507 0.00991828 0.0103285 0.0100324 0.00967597 0.00903543 0.00843412 0.00840059 0.00847067 0.00817385 0.00851424 0.00866176 0.00838801 
0.0107923 0.00949601 0.017948 0.010106 0.00938482 0.0166393 0.0137322 0.00984682 0.0127653 0.00988821 0.0144493 0.00962746 0.0265724 0.00627175 0.00743239 0.00444378 0.00360816 0.00356616 0.00357234 0.00354892 0.00364094 0 0.963928 0.00394169 0.00473271 0.00429604 0.00648211 0.00670384 0.00832888 0.01132 0.0101033 0.0120264 0.0136117 0.0120003 0.0102956 0.0102505 0.0138078 0.00928454 0.0094217 0.00923475 0.0095193 0.00841075 0.0088791 0.00852348 0.00847336 0.00856338 0.00851082 0.00842831 0.00834964 0.00840822 0.00840831 0.00829209 0.00833249 0.00832364 
0.00892972 0.00925856 0.00894788 0.015577 0.0098949 0.0101553 0.0120288 0.00871511 0.0103897 0.00867503 0.011258 0.00941577 0.0215431 0.00745274 0.00850186 0.0062133 0.00616643 0.00593887 0.00609178 0.00398872 0.00390093 0.963928 0 0.00358839 0.00362614 0.00356236 0.00371104 0.0036937 0.00385396 0.0075264 0.00517438 0.0132659 0.0155174 0.0139693 0.0108958 0.0102144 0.0086188 0.00853706 0.00910047 0.00944427 0.00832324 0.00823153 0.00901125 0.00852522 0.00940997 0.00913627 0.00820965 0.00864492 0.00814577 0.00915701 0.00835631 0.00817409 0.00812572 0.00843807 
0.00841328 0.00852601 0.015531 0.00890207 0.0155953 0.010276 0.00964902 0.0244638 0.00874 0.0274008 0.00893988 0.031213 0.00901172 0.00791627 0.00621652 0.00764072 0.0122991 0.00688047 0.00896055 0.00783077 0.974798 0.00394169 0.00358839 0 0.00355642 0.00358425 0.00359482 0.00379016 0.00388269 0.00529291 0.00529231 0.0105813 0.017277 0.00985514 0.00908359 0.00883748 0.00831223 0.00962762 0.0103862 0.00868885 0.0083107 0.00905061 0.00899737 0.00932248 0.00900464 0.00918659 0.00855978 0.00832136 0.00860641 0.00825041 0.00810224 0.00849118 0.00856694 0.00829338 
0.00836827 0.00838345 0.00877902 0.0138426 0.00857345 0.00909316 0.0180648 0.0104386 0.0372055 0.00935348 0.0443034 0.00935457 0.0113748 0.00704754 0.00681343 0.00834006 0.00924488 0.00889155 0.012854 0.920344 0.0112639 0.00473271 0.00362614 0.00355642 0 0.00356945 0.00358568 0.00380513 0.00358517 0.00384948 0.00436498 0.0083325 0.00773978 0.00921527 0.00909619 0.00812081 0.00866585 0.00983287 0.0107728 0.00875496 0.00844218 0.00866126 0.0100611 0.0088613 0.0106792 0.00892625 0.00857756 0.00834166 0.00823734 0.00869193 0.00819137 0.00842637 0.0084115 0.00822544 
0.0083571 0.00847744 0.015087 0.00881048 0.0118093 0.0116941 0.00997842 0.054632 0.00987108 0.0549666 0.00987326 0.016683 0.0088222 0.0078337 0.00838973 0.00836359 0.0192976 0.018456 0.912476 0.0087795 0.00765703 0.00429604 0.00356236 0.00358425 0.00356945 0 0.003565 0.00350185 0.00359709 0.00359099 0.00409679 0.00864684 0.00885661 0.00958314 0.00882787 0.00873659 0.00891822 0.0120839 0.0126781 0.00898159 0.00854019 0.0094899 0.00986711 0.0123051 0.00919425 0.0102505 0.00880747 0.00836491 0.00858765 0.00834203 0.00824151 0.00860265 0.00863066 0.00826417 
0.00865215 0.00876777 0.0103384 0.0118278 0.00995703 0.0103927 0.0285604 0.0161065 0.0558954 0.015598 0.0394411 0.0106884 0.0116512 0.00820022 0.00954596 0.0133255 0.0285303 0.924671 0.0309212 0.0209398 0.00734312 0.00648211 0.00371104 0.00359482 0.00358568 0.003565 0 0.00357312 0.00361626 0.00364954 0.00411604 0.0104253 0.0102683 0.0107632 0.0107062 0.00857246 0.00969394 0.0171552 0.0169832 0.0094896 0.00886086 0.00992199 0.013564 0.0117331 0.014321 0.0102493 0.00930531 0.00870431 0.00838687 0.008518 0.00838562 0.00859438 0.008893 0.00895728 
0.00849394 0.00880094 0.0114028 0.0100847 0.0113345 0.010935 0.0148815 0.0639018 0.0228452 0.0427844 0.0276885 0.0265482 0.0114501 0.00819954 0.0112119 0.0248309 0.869972 0.0714176 0.0238544 0.0109165 0.0131906 0.00670384 0.0036937 0.00379016 0.00380513 0.00350185 0.00357312 0 0.00362176 0.00358899 0.00402393 0.00910826 0.00902085 0.0109584 0.0101562 0.00855488 0.00914734 0.0174076 0.0208083 0.0102074 0.00889472 0.00989765 0.0126118 0.013856 0.0113669 0.0116667 0.00926 0.00882578 0.00847636 0.00854999 0.00822238 0.00872009 0.00898678 0.00877821 
0.00937549 0.009424 0.0134549 0.0129473 0.0115787 0.0133772 0.0276463 0.0287339 0.0169852 0.0230031 0.0171097 0.0483886 0.0126106 0.00952813 0.0343062 0.855582 0.0636182 0.0161195 0.0160604 0.0215097 0.0196166 0.00832888 0.00385396 0.00388269 0.00358517 0.00359709 0.00361626 0.00362176 0 0.00370492 0.00500678 0.0148308 0.0159957 0.013794 0.0172884 0.00998622 0.0125117 0.0147775 0.0206663 0.0103757 0.00940447 0.0104158 0.0103943 0.0109328 0.00973839 0.0101985 0.00928266 0.00863339 0.00853142 0.00857142 0.0081653 0.00873839 0.00881738 0.00841162 
0.0129297 0.0112632 0.0218769 0.0146686 0.0113793 0.0288198 0.0167495 0.0130503 0.0149753 0.0122315 0.0159505 0.0142321 0.0352541 0.012814 0.808778 0.0607655 0.0191807 0.0127428 0.0106709 0.014138 0.0131115 0.01132 0.0075264 0.00529291 0.00384948 0.00359099 0.00364954 0.00358899 0.00370492 0 0.00778407 0.0245591 0.023432 0.0332934 0.020235 0.016643 0.0234069 0.0123102 0.0130659 0.0122347 0.0130727 0.00933978 0.0102875 0.00936435 0.00949293 0.00916456 0.00882303 0.00936941 0.00990396 0.00905173 0.00924193 0.00852952 0.00850326 0.00864015 
0.0103322 0.00971879 0.0134323 0.00964589 0.0189958 0.011073 0.00904874 0.0096061 0.00851732 0.00923936 0.00875876 0.0106166 0.0145849 0.0432439 0.0109023 0.00925361 0.00892714 0.00921361 0.00825679 0.00759724 0.00919903 0.0101033 0.00517438 0.00529231 0.00436498 0.00409679 0.00411604 0.00402393 0.00500678 0.00778407 0 0.188066 0.142286 0.0189751 0.0122349 0.0520521 0.00937194 0.00866749 0.00904068 0.0101161 0.00843023 0.00816409 0.00830112 0.00828726 0.00822917 0.00829883 0.00857453 0.00940537 0.00955668 0.00877382 0.00815449 0.00813166 0.0086444 0.00867898 
0.00961752 0.00891888 0.0243066 0.0105571 0.0159605 0.0183699 0.0091873 0.00998779 0.0086381 0.0101539 0.00885734 0.0098781 0.0135676 0.0233048 0.0204826 0.01112 0.0115002 0.00988458 0.0109564 0.00988632 0.0113259 0.0120264 0.0132659 0.0105813 0.0083325 0.00864684 0.0104253 0.00910826 0.0148308 0.0245591 0.188066 0 0.0184917 0.0359963 0.012473 0.0490901 0.0133323 0.00886884 0.00905002 0.0102595 0.0105302 0.00852903 0.00850135 0.00853178 0.00845114 0.00858372 0.00823934 0.00948057 0.0118939 0.00881088 0.00898722 0.00840779 0.00818669 0.00878344 
0.0104214 0.00937943 0.0437107 0.0103748 0.0227645 0.02298 0.0100781 0.0103053 0.00910975 0.010185 0.00897869 0.0101563 0.0137536 0.0564118 0.0212603 0.0127092 0.0108643 0.0101173 0.0100619 0.0104475 0.0113062 0.0136117 0.0155174 0.017277 0.00773978 0.00885661 0.0102683 0.00902085 0.0159957 0.023432 0.142286 0.0184917 0 0.0445916 0.0134414 0.139037 0.0162333 0.00978611 0.0100344 0.0117268 0.0121684 0.00864663 0.00870267 0.00899791 0.00854214 0.00847981 0.00839656 0.00958092 0.0121011 0.00908072 0.00902736 0.0084288 0.00830224 0.00909327 
0.00857108 0.00871348 0.0105894 0.0135482 0.0115427 0.0104407 0.00956272 0.00901016 0.00862064 0.00907246 0.00932918 0.00967804 0.0102967 0.013461 0.0141359 0.0156718 0.0111709 0.010358 0.0104703 0.0107906 0.011388 0.0120003 0.0139693 0.00985514 0.00921527 0.00958314 0.0107632 0.0109584 0.013794 0.0332934 0.0189751 0.0359963 0.0445916 0 0.00702119 0.0448578 0.0115305 0.0101638 0.0114743 0.0120429 0.00941183 0.00878336 0.00863115 0.00854425 0.00857086 0.00855556 0.0084529 0.00957935 0.00911894 0.00898751 0.00837081 0.00820324 0.00830285 0.00853338 
0.00857788 0.00841816 0.00994234 0.0100284 0.00877886 0.00984217 0.009566 0.00911005 0.0094223 0.00907767 0.00938949 0.00911864 0.0104832 0.00924686 0.012499 0.0106988 0.0111144 0.0105885 0.0107201 0.0110848 0.0133104 0.0102956 0.0108958 0.00908359 0.00909619 0.00882787 0.0107062 0.0101562 0.0172884 0.020235 0.0122349 0.012473 0.0134414 0.00702119 0 0.0378285 0.0137081 0.0115445 0.0194494 0.0110378 0.00951373 0.00860392 0.00889075 0.00867092 0.00900734 0.00864642 0.0085184 0.00873205 0.00865729 0.00877179 0.00828615 0.00832721 0.00841735 0.0082838 
0.00882758 0.00840834 0.0143476 0.0084335 0.0121722 0.0101985 0.00833492 0.0083461 0.00812273 0.00834979 0.00815929 0.00885607 0.0101391 0.0180919 0.0115593 0.00872181 0.00874165 0.00840929 0.00880135 0.00850035 0.0090571 0.0102505 0.0102144 0.00883748 0.00812081 0.00873659 0.00857246 0.00855488 0.00998622 0.016643 0.0520521 0.0490901 0.139037 0.0448578 0.0378285 0 0.037715 0.0134681 0.0213601 0.0576942 0.0186649 0.0119767 0.00922455 0.00948006 0.00891448 0.00917076 0.00946934 0.0150356 0.0386681 0.0108121 0.0105578 0.00892933 0.0086668 0.0104494 
0.00819282 0.00838468 0.00899589 0.0084874 0.00966376 0.00884741 0.00839893 0.00868896 0.00866052 0.00871152 0.00872139 0.00866996 0.0107306 0.00999911 0.0101201 0.0101454 0.0114807 0.0107349 0.00948931 0.00961646 0.00994816 0.0138078 0.0086188 0.00831223 0.00866585 0.00891822 0.00969394 0.00914734 0.0125117 0.0234069 0.00937194 0.0133323 0.0162333 0.0115305 0.0137081 0.037715 0 0.00572668 0.00367711 0.00448735 0.191345 0.0251874 0.038196 0.0166276 0.0377851 0.0179271 0.0139194 0.0280267 0.0147994 0.0168199 0.012827 0.0123914 0.0121753 0.025663 
0.00829323 0.0082788 0.00868599 0.00926177 0.00854599 0.00863221 0.00941833 0.0116353 0.0109737 0.0105486 0.0110753 0.00966434 0.00870977 0.0083343 0.00974985 0.0144561 0.025224 0.0213903 0.0211206 0.0163595 0.0128639 0.00928454 0.00853706 0.00962762 0.00983287 0.0120839 0.0171552 0.0174076 0.0147775 0.0123102 0.00866749 0.00886884 0.00978611 0.0101638 0.0115445 0.0134681 0.00572668 0 0.00382476 0.00371854 0.100788 0.266436 0.0523318 0.140363 0.0661403 0.0860158 0.0411857 0.0127353 0.0184665 0.0119636 0.0108388 0.0268855 0.0365303 0.0135067 
0.00833127 0.00829918 0.00858905 0.00934217 0.00839536 0.00901143 0.00987336 0.0135219 0.0114177 0.01204 0.0110078 0.00971036 0.00884843 0.00832614 0.00999078 0.0148062 0.0232593 0.0263261 0.0241468 0.0193277 0.0156029 0.0094217 0.00910047 0.0103862 0.0107728 0.0126781 0.0169832 0.0208083 0.0206663 0.0130659 0.00904068 0.00905002 0.0100344 0.0114743 0.0194494 0.0213601 0.00367711 0.00382476 0 0.00371039 0.0389736 0.0691398 0.381365 0.0873929 0.108864 0.0984308 0.129959 0.029825 0.0134378 0.0171347 0.010317 0.0207373 0.05891 0.0242156 
0.00819979 0.00828151 0.00882829 0.00842979 0.00857305 0.00899703 0.00863297 0.00918507 0.00886749 0.0092012 0.00861506 0.00860076 0.00889694 0.00843949 0.0125769 0.0102511 0.0108698 0.0117279 0.0111512 0.0110276 0.0101363 0.00923475 0.00944427 0.00868885 0.00875496 0.00898159 0.0094896 0.0102074 0.0103757 0.0122347 0.0101161 0.0102595 0.0117268 0.0120429 0.0110378 0.0576942 0.00448735 0.00371854 0.00371039 0 0.0287357 0.0517517 0.0569451 0.0943224 0.0362591 0.0406069 0.0537324 0.138698 0.022738 0.0139635 0.0255629 0.0101796 0.0142329 0.0259258 
0.00812199 0.00818214 0.008854 0.00847278 0.00898113 0.00872602 0.00837629 0.00866317 0.00858214 0.00864637 0.00856793 0.00852301 0.00878964 0.00856162 0.00874586 0.00887285 0.0096022 0.00949233 0.0090823 0.00947705 0.00946096 0.0095193 0.00832324 0.0083107 0.00844218 0.00854019 0.00886086 0.00889472 0.00940447 0.0130727 0.00843023 0.0105302 0.0121684 0.00941183 0.00951373 0.0186649 0.191345 0.100788 0.0389736 0.0287357 0 0.00404222 0.00360483 0.00363464 0.00358761 0.00368608 0.00395325 0.00926771 0.0231511 0.01962 0.0198097 0.014454 0.0149137 0.0311261 
0.00814953 0.00818952 0.00857739 0.00853869 0.00831689 0.00845947 0.008677 0.00918165 0.00893117 0.00954738 0.00910764 0.00871309 0.00836663 0.00812422 0.00873867 0.0102424 0.0109354 0.0112048 0.0111177 0.0103726 0.00955507 0.00841075 0.00823153 0.00905061 0.00866126 0.0094899 0.00992199 0.00989765 0.0104158 0.00933978 0.00816409 0.00852903 0.00864663 0.00878336 0.00860392 0.0119767 0.0251874 0.266436 0.0691398 0.0517517 0.00404222 0 0.00365815 0.00361991 0.00388938 0.00393285 0.00476031 0.00390519 0.0178285 0.0112023 0.00984834 0.0234689 0.0298163 0.0131666 
0.0081965 0.00820602 0.00857617 0.00870435 0.00834527 0.00872937 0.00892778 0.00996123 0.0102928 0.00970594 0.010663 0.00870901 0.00858316 0.00817919 0.00910759 0.0111802 0.015019 0.0157307 0.01378 0.0131906 0.00991828 0.0088791 0.00901125 0.00899737 0.0100611 0.00986711 0.013564 0.0126118 0.0103943 0.0102875 0.00830112 0.00850135 0.00870267 0.00863115 0.00889075 0.00922455 0.038196 0.0523318 0.381365 0.0569451 0.00360483 0.00365815 0 0.00358981 0.00362624 0.00363293 0.00362918 0.00375688 0.00860387 0.011965 0.0129625 0.0225124 0.0240513 0.0185811 
0.00818555 0.00819079 0.00883564 0.00842633 0.00843849 0.00894533 0.00875437 0.0115292 0.00903717 0.0110697 0.00936111 0.0088953 0.00838398 0.00821292 0.0098412 0.0103234 0.0170045 0.0135484 0.015761 0.0115134 0.0103285 0.00852348 0.00852522 0.00932248 0.0088613 0.0123051 0.0117331 0.013856 0.0109328 0.00936435 0.00828726 0.00853178 0.00899791 0.00854425 0.00867092 0.00948006 0.0166276 0.140363 0.0873929 0.0943224 0.00363464 0.00361991 0.00358981 0 0.00359316 0.0036707 0.00362899 0.0035997 0.0121963 0.00803771 0.0122264 0.0202576 0.0187583 0.0147628 
0.00824873 0.00817892 0.00857271 0.00855311 0.00825786 0.00853433 0.00882888 0.00947757 0.0103037 0.00927893 0.0105959 0.00862842 0.00832337 0.00815119 0.00890208 0.0114144 0.0133845 0.0163334 0.0136223 0.0135321 0.0100324 0.00847336 0.00940997 0.00900464 0.0106792 0.00919425 0.014321 0.0113669 0.00973839 0.00949293 0.00822917 0.00845114 0.00854214 0.00857086 0.00900734 0.00891448 0.0377851 0.0661403 0.108864 0.0362591 0.00358761 0.00388938 0.00362624 0.00359316 0 0.00356755 0.00358046 0.00358896 0.00773925 0.0133631 0.0124529 0.0122095 0.0211088 0.0153723 
0.00819027 0.00816631 0.0086884 0.0084189 0.0083235 0.00869501 0.00890223 0.0104129 0.00904751 0.00998731 0.00900577 0.00899112 0.0083625 0.00821275 0.0090501 0.00992016 0.0158334 0.0120335 0.0137551 0.0106217 0.00967597 0.00856338 0.00913627 0.00918659 0.00892625 0.0102505 0.0102493 0.0116667 0.0101985 0.00916456 0.00829883 0.00858372 0.00847981 0.00855556 0.00864642 0.00917076 0.0179271 0.0860158 0.0984308 0.0406069 0.00368608 0.00393285 0.00363293 0.0036707 0.00356755 0 0.00358971 0.00356084 0.0193763 0.00853083 0.0107684 0.0296619 0.0191479 0.0359849 
0.00813273 0.00817249 0.00832318 0.00844219 0.00822383 0.00834237 0.00857286 0.00872285 0.00861606 0.0087528 0.00863305 0.00851161 0.00830672 0.0081043 0.00848723 0.00941691 0.0100571 0.0106555 0.00979283 0.0094513 0.00903543 0.00851082 0.00820965 0.00855978 0.00857756 0.00880747 0.00930531 0.00926 0.00928266 0.00882303 0.00857453 0.00823934 0.00839656 0.0084529 0.0085184 0.00946934 0.0139194 0.0411857 0.129959 0.0537324 0.00395325 0.00476031 0.00362918 0.00362899 0.00358046 0.00358971 0 0.00370767 0.0113853 0.0126154 0.0127014 0.0147083 0.0851134 0.0185711 
0.00823695 0.008192 0.00898263 0.00850492 0.00826433 0.00887467 0.0085777 0.00859941 0.00836332 0.00844052 0.00837201 0.00825019 0.0083383 0.00823301 0.00941277 0.00871831 0.00896896 0.00877728 0.00902294 0.00866073 0.00843412 0.00842831 0.00864492 0.00832136 0.00834166 0.00836491 0.00870431 0.00882578 0.00863339 0.00936941 0.00940537 0.00948057 0.00958092 0.00957935 0.00873205 0.0150356 0.0280267 0.0127353 0.029825 0.138698 0.00926771 0.00390519 0.00375688 0.0035997 0.00358896 0.00356084 0.00370767 0 0.0121277 0.0127723 0.0209631 0.0109504 0.0342396 0.0436104 
0.00800916 0.00822181 0.00971393 0.00829906 0.00943146 0.00947761 0.00826406 0.00834064 0.00829688 0.00851148 0.00828978 0.0082429 0.00829626 0.00840619 0.00873073 0.00863942 0.00860711 0.00849425 0.00853421 0.00845136 0.00840059 0.00834964 0.00814577 0.00860641 0.00823734 0.00858765 0.00838687 0.00847636 0.00853142 0.00990396 0.00955668 0.0118939 0.0121011 0.00911894 0.00865729 0.0386681 0.0147994 0.0184665 0.0134378 0.022738 0.0231511 0.0178285 0.00860387 0.0121963 0.00773925 0.0193763 0.0113853 0.0121277 0 0.00433022 0.00693794 0.654039 0.0200592 0.0149439 
0.00832156 0.00826019 0.00832122 0.00922507 0.00816636 0.00839179 0.00865299 0.00820685 0.00843703 0.00830169 0.00839908 0.00826769 0.00855789 0.0084437 0.00848984 0.00849142 0.00883383 0.00856841 0.00853098 0.00842418 0.00847067 0.00840822 0.00915701 0.00825041 0.00869193 0.00834203 0.008518 0.00854999 0.00857142 0.00905173 0.00877382 0.00881088 0.00908072 0.00898751 0.00877179 0.0108121 0.0168199 0.0119636 0.0171347 0.0139635 0.01962 0.0112023 0.011965 0.00803771 0.0133631 0.00853083 0.0126154 0.0127723 0.00433022 0 0.845919 0.00469636 0.00570765 0.0150068 
0.00810566 0.00810483 0.00826743 0.00832487 0.00822541 0.00830088 0.0081679 0.00819763 0.00824192 0.00827157 0.0083793 0.00818838 0.00826144 0.00814386 0.00824608 0.00824341 0.00844393 0.00860792 0.00832223 0.00844838 0.00817385 0.00840831 0.00835631 0.00810224 0.00819137 0.00824151 0.00838562 0.00822238 0.0081653 0.00924193 0.00815449 0.00898722 0.00902736 0.00837081 0.00828615 0.0105578 0.012827 0.0108388 0.010317 0.0255629 0.0198097 0.00984834 0.0129625 0.0122264 0.0124529 0.0107684 0.0127014 0.0209631 0.00693794 0.845919 0 0.00392813 0.00386922 0.00482023 
0.00820031 0.00817726 0.00850683 0.00836557 0.0083058 0.00829349 0.00837431 0.00867399 0.0084978 0.00862015 0.00848591 0.00847466 0.00820256 0.00820186 0.00837395 0.00873867 0.00896777 0.00896935 0.00919244 0.00873978 0.00851424 0.00829209 0.00817409 0.00849118 0.00842637 0.00860265 0.00859438 0.00872009 0.00873839 0.00852952 0.00813166 0.00840779 0.0084288 0.00820324 0.00832721 0.00892933 0.0123914 0.0268855 0.0207373 0.0101796 0.014454 0.0234689 0.0225124 0.0202576 0.0122095 0.0296619 0.0147083 0.0109504 0.654039 0.00469636 0.00392813 0 0.00404246 0.00371069 
0.00815507 0.00816049 0.00857098 0.00839716 0.00821093 0.00838492 0.00847594 0.00866343 0.00869767 0.00863867 0.0085525 0.0083541 0.00821053 0.00806737 0.00842799 0.00892363 0.00935298 0.0100205 0.0092787 0.00896983 0.00866176 0.00833249 0.00812572 0.00856694 0.0084115 0.00863066 0.008893 0.00898678 0.00881738 0.00850326 0.0086444 0.00818669 0.00830224 0.00830285 0.00841735 0.0086668 0.0121753 0.0365303 0.05891 0.0142329 0.0149137 0.0298163 0.0240513 0.0187583 0.0211088 0.0191479 0.0851134 0.0342396 0.0200592 0.00570765 0.00386922 0.00404246 0 0.0035769 
0.00815395 0.00821557 0.00864417 0.00832713 0.00822503 0.00865708 0.00847612 0.00878791 0.00838053 0.00846434 0.00828232 0.0082095 0.00819857 0.00818784 0.0087993 0.00861936 0.00967997 0.00879312 0.00880122 0.00867055 0.00838801 0.00832364 0.00843807 0.00829338 0.00822544 0.00826417 0.00895728 0.00877821 0.00841162 0.00864015 0.00867898 0.00878344 0.00909327 0.00853338 0.0082838 0.0104494 0.025663 0.0135067 0.0242156 0.0259258 0.0311261 0.0131666 0.0185811 0.0147628 0.0153723 0.0359849 0.0185711 0.0436104 0.0149439 0.0150068 0.00482023 0.00371069 0.0035769 0 
