1ICFI
LTKCQEEVSHIPAVHPGSFRPKCDENGNYLPLQCYGSIGYCWCVFPNGTEVPNTRSRGHHNCSES
CCHHHHHHCCCCCECCCCCCCCECCCCCECCEEEECCCCEEEEECCCCCECCCCCECCCCCCCCC
0 0 0 0 0 0 0 0 0 0 0 0 0 0 0 0 0 0 0 0 0 0 0 0 0 0 0 0 0 0 0 0 0 0 0 0 0 0 0 0 0 0 0 0 0 0 0 0 0 0 0 0 0 0 0 0 0 0 0 0 0 0 0 0 0 
0 0 0 0 0 0 0 0 0 0 0 0 0 0 0 0 0 0 0 0 0 0 0 0 0 0 0 0 0 0 0 0 0 0 0 0 0 0 0 0 0 0 0 0 0 0 0 0 0 0 0 0 0 0 0 0 0 0 0 0 0 0 0 0 0 
0 0.0909127 0.0287362 0.0152485 0.00967515 0.0110625 0.0139733 0.0107209 0.0087965 0.00840181 0.00974268 0.0119543 0.0268074 0.0233672 
0.0909127 0 0.945888 0.00860529 0.00724501 0.0113891 0.0104577 0.00941834 0.00748266 0.00711161 0.00804478 0.0110758 0.0396599 0.0238046 
0.0287362 0.945888 0 0.00500104 0.0036737 0.00384137 0.00432937 0.00549462 0.00608386 0.00622535 0.0076597 0.0655003 0.0283112 0.0367964 
0.0152485 0.00860529 0.00500104 0 0.00372394 0.00450786 0.00403524 0.0041807 0.00473785 0.00677418 0.854996 0.0515855 0.0125104 0.0112535 
0.00967515 0.00724501 0.0036737 0.00372394 0 0.00355851 0.00356826 0.00431373 0.00532324 0.937911 0.0307972 0.00739464 0.00759466 0.00827341 
0.0110625 0.0113891 0.00384137 0.00450786 0.00355851 0 0.00355381 0.00367786 0.970347 0.0116813 0.0136786 0.0057416 0.00762002 0.00873887 
0.0139733 0.0104577 0.00432937 0.00403524 0.00356826 0.00355381 0 0.93619 0.0104549 0.00870724 0.00552405 0.00591004 0.00896781 0.0108099 
0.0107209 0.00941834 0.00549462 0.0041807 0.00431373 0.00367786 0.93619 0 0.0036113 0.00351847 0.00362374 0.00365674 0.00793982 0.00925033 
0.0087965 0.00748266 0.00608386 0.00473785 0.00532324 0.970347 0.0104549 0.0036113 0 0.00369501 0.00357708 0.00370824 0.00505438 0.0161536 
0.00840181 0.00711161 0.00622535 0.00677418 0.937911 0.0116813 0.00870724 0.00351847 0.00369501 0 0.00361788 0.00359605 0.00452742 0.00640236 
0.00974268 0.00804478 0.0076597 0.854996 0.0307972 0.0136786 0.00552405 0.00362374 0.00357708 0.00361788 0 0.00354867 0.00795858 0.016931 
0.0119543 0.0110758 0.0655003 0.0515855 0.00739464 0.0057416 0.00591004 0.00365674 0.00370824 0.00359605 0.00354867 0 0.606774 0.00942693 
0.0268074 0.0396599 0.0283112 0.0125104 0.00759466 0.00762002 0.00896781 0.00793982 0.00505438 0.00452742 0.00795858 0.606774 0 0.142611 
0.0233672 0.0238046 0.0367964 0.0112535 0.00827341 0.00873887 0.0108099 0.00925033 0.0161536 0.00640236 0.016931 0.00942693 0.142611 0 
