1J3JD
DDEEEDDFVYFNFNKEKEEKNKNSIHPNDFQIYNSLKYKYHPEYQYLNIIYDIMMNGNKQSDRTGVGVLSKFGYIMKFDLSQYFPLLTTKKLFLRGIIEELLWFIRGETNGNTLLNKNVRIWEANGTREFLDNRKLFHREVNDLGPIYGFQWRHFGAEYTNMYDNYENKGVDQLKNIINLIKNDPTSRRILLCAWNVKDLDQMALPPCHILCQFYVFDGKLSCIMYQRSCDLGLGVPFNIASYSIFTHMIAQVCNLQPAQFIHVLGNAHVYNNHIDSLKIQLNRIPYPFPTLKLNPDIKNIEDFTISDFTIQNYVHHEKISMDMAA
CCHHHHHHHHHCCCCCCCCCCHHHHCCCCCCCCCCCCEECCCHHHHHHHHHHHHHHCEEEECCCCCEEEEEEEEEEEEECCCCCCCCCCCCCCCHHHHHHHHHHHHCCCEHHHHHCCCCCCCCHHHCHHHHHHCCCCCCCCCECCCCHHHHHHHECCCCCCCCCCCCCCCECHHHHHHHHHHHCCCCCCCEEECCCCCCHHHCCCCCCEEEEEEEEECCEEEEEEEEEEEECCCHHHHHHHHHHHHHHHHHHHCCCEEEEEEEEEEEEEEEHHHHHHHHHHHCCCCCCCCEEEECCCCCCHHHCCHHHEEEECCCCCCCCCCCCCC
0 0 0 0 0 0 0 0 0 0 0 0 0 0 0 0 0 0 0 0 0 0 0 0 0 0 0 0 0 0 0 0 0 0 0 0 0 0 0 0 0 0 0 0 0 0 0 0 0 0 0 0 0 0 0 0 0 0 0 0 0 0 0 0 0 0 0 0 0 0 0 0 0 0 0 0 0 0 0 0 0 0 0 0 0 0 0 0 0 0 0 0 0 0 0 0 0 0 0 0 0 0 0 0 0 0 0 0 0 0 0 0 0 0 0 0 0 0 0 0 0 0 0 0 0 0 0 0 0 0 0 0 0 0 0 0 0 0 0 0 0 0 0 0 0 0 0 0 0 0 0 0 0 0 0 0 0 0 0 0 0 0 0 0 0 0 0 0 0 0 0 0 0 0 0 0 0 0 0 0 0 0 0 0 0 0 0 0 0 0 0 0 0 0 0 0 0 0 0 0 0 0 0 0 0 0 0 0 0 0 0 0 0 0 0 0 0 0 0 0 0 0 0 0 0 0 0 0 0 0 0 0 0 0 0 0 0 0 0 0 0 0 0 0 0 0 0 0 0 0 0 0 0 0 0 0 0 0 0 0 0 0 0 0 0 0 0 0 0 0 0 0 0 0 0 0 0 0 0 0 0 0 0 0 0 0 0 0 0 0 0 0 0 0 0 0 0 0 0 0 0 0 0 0 0 0 0 0 0 0 0 0 0 0 0 0 0 0 0 0 0 0 0 0 0 0 
0 0 0 0 0 0 0 0 0 0 0 0 0 0 0 0 0 0 0 0 0 0 0 0 0 0 0 0 0 0 0 0 0 0 0 0 0 0 0 0 0 0 0 0 0 0 0 0 0 0 0 0 0 0 0 0 0 0 0 0 0 0 0 0 0 0 0 0 0 0 0 0 0 0 0 0 0 0 0 0 0 0 0 0 0 0 0 0 0 0 0 0 0 0 0 0 0 0 0 0 0 0 0 0 0 0 0 0 0 0 0 0 0 0 0 0 0 0 0 0 0 0 0 0 0 0 0 0 0 0 0 0 0 0 0 0 0 0 0 0 0 0 0 0 0 0 0 0 0 0 0 0 0 0 0 0 0 0 0 0 0 0 0 0 0 0 0 0 0 0 0 0 0 0 0 0 0 0 0 0 0 0 0 0 0 0 0 0 0 0 0 0 0 0 0 0 0 0 0 0 0 0 0 0 0 0 0 0 0 0 0 0 0 0 0 0 0 0 0 0 0 0 0 0 0 0 0 0 0 0 0 0 0 0 0 0 0 0 0 0 0 0 0 0 0 0 0 0 0 0 0 0 0 0 0 0 0 0 0 0 0 0 0 0 0 0 0 0 0 0 0 0 0 0 0 0 0 0 0 0 0 0 0 0 0 0 0 0 0 0 0 0 0 0 0 0 0 0 0 0 0 0 0 0 0 0 0 0 0 0 0 0 0 0 0 0 0 0 0 0 0 0 0 0 0 0 
0 0.00687521 0.0138073 0.0133112 0.0137069 0.0140654 0.0197768 0.0112575 0.00964322 0.00925546 0.00893905 0.0108106 0.00919319 0.0091598 0.0086189 0.0119627 0.0087645 0.0146237 0.0111786 0.0144995 0.00887429 0.00881027 0.00925778 0.0089664 0.00829534 0.00856872 0.00834479 0.00831326 0.008329 0.00835253 0.0082017 0.00827749 0.00836186 0.0083093 0.0086872 0.0085502 0.00852395 0.00824843 0.00829855 0.00826991 0.00826387 0.00828231 0.00822301 0.00816144 0.00839551 0.00825331 0.00821778 0.00817963 0.00826333 0.00820601 0.00819287 0.00841442 0.00828005 0.00836034 0.00834508 0.00831498 0.00824703 0.00825394 0.00837222 0.00831594 0.00833041 0.0083156 0.00835051 0.00945299 0.00833177 0.0100004 0.00947589 0.00845254 0.00904888 0.00850458 
0.00687521 0 0.0294093 0.0098021 0.0186701 0.0130681 0.014363 0.0111335 0.00893196 0.00905188 0.0133708 0.00922487 0.00909522 0.00880955 0.00880748 0.0086083 0.00908384 0.00900928 0.0118573 0.0107691 0.00868338 0.00841378 0.00856561 0.00877855 0.00842729 0.00825104 0.00824103 0.00812434 0.0082003 0.00823421 0.00817734 0.00816829 0.00827663 0.00819196 0.00826599 0.00836369 0.0081715 0.00810857 0.00818896 0.00813631 0.00812505 0.00818352 0.00810971 0.00807932 0.00812478 0.00819228 0.00821044 0.0080988 0.00812814 0.00807808 0.00815722 0.00819869 0.00811758 0.00823337 0.00817172 0.00814553 0.00809262 0.00819841 0.00825161 0.00819511 0.00818159 0.00807085 0.0082907 0.00840622 0.00839273 0.0084047 0.00855221 0.00830194 0.00842784 0.00827744 
0.0138073 0.0294093 0 0.00384965 0.00361157 0.00489301 0.00474704 0.00560207 0.0139847 0.729703 0.012827 0.00696556 0.00641549 0.010484 0.00651158 0.00738743 0.00754584 0.0278228 0.0155869 0.0150793 0.00871395 0.00873015 0.00949258 0.00835876 0.00827432 0.00917998 0.00836467 0.00815429 0.00826173 0.00823349 0.00826899 0.00823975 0.008588 0.00821879 0.00920773 0.00829996 0.00804385 0.00836586 0.00829031 0.0084723 0.00818843 0.00820678 0.00813326 0.0081125 0.0083025 0.0083229 0.00838447 0.00821281 0.00805404 0.00801483 0.00811344 0.00813141 0.00802425 0.00810008 0.00807606 0.00813982 0.008022 0.00810793 0.00810655 0.00807189 0.00818232 0.00845813 0.00811367 0.00816671 0.00824041 0.00877303 0.00811098 0.00811635 0.00816004 0.00835881 
0.0133112 0.0098021 0.00384965 0 0.0039149 0.00361172 0.00543431 0.0146877 0.784438 0.0169425 0.00776277 0.00645216 0.00918495 0.0070554 0.00893988 0.00761337 0.0208167 0.00895026 0.00970423 0.00906819 0.00812317 0.00810238 0.00806851 0.0082687 0.0083342 0.00824576 0.00817972 0.00842035 0.00843227 0.00846493 0.00843378 0.00835434 0.00849502 0.00834954 0.00816018 0.00806795 0.0082371 0.00841543 0.00841346 0.00846322 0.00836871 0.00841122 0.00828629 0.00827654 0.00831567 0.00828554 0.0081075 0.00811873 0.00821162 0.00819512 0.00822732 0.00831623 0.00826231 0.00825636 0.00829167 0.00824735 0.00820848 0.00824721 0.00823826 0.00828611 0.00827845 0.00813891 0.00820173 0.00825849 0.0083444 0.00820594 0.00808182 0.00825175 0.00827198 0.00818433 
0.0137069 0.0186701 0.00361157 0.0039149 0 0.00358422 0.00981197 0.791525 0.0148003 0.0122867 0.00572242 0.00781462 0.00620081 0.0156522 0.00687044 0.0135164 0.00784748 0.0169108 0.00752015 0.0085639 0.0081458 0.00851932 0.00801001 0.00829339 0.00850757 0.00832629 0.00809268 0.00830771 0.0084545 0.00848971 0.00832691 0.00835766 0.00838755 0.00835688 0.00813214 0.00803548 0.00828066 0.00828801 0.00846811 0.00832086 0.00833821 0.0084299 0.00829582 0.00820818 0.00836598 0.00831126 0.00820301 0.00806244 0.00815892 0.00820483 0.00826101 0.00829877 0.00823171 0.00830277 0.00824185 0.00827218 0.00821629 0.00822924 0.00823019 0.00822227 0.00818851 0.00803967 0.00808769 0.00853783 0.00815864 0.00819232 0.00824799 0.00817277 0.0084189 0.00807682 
0.0140654 0.0130681 0.00489301 0.00361172 0.00358422 0 0.933748 0.00840967 0.00603894 0.00466704 0.00584656 0.00573509 0.00601984 0.00583034 0.0116451 0.00669173 0.00886869 0.0063991 0.013282 0.012449 0.00988394 0.00868063 0.00864018 0.00908663 0.00824356 0.0084892 0.00850105 0.00817584 0.0082378 0.00825888 0.00817768 0.00822556 0.00826385 0.00813828 0.00822884 0.00901852 0.00814744 0.00823443 0.00822899 0.00831223 0.00820757 0.0107962 0.00814084 0.00854179 0.00813577 0.00817572 0.00822303 0.00840378 0.00812838 0.0080914 0.00810223 0.00819015 0.00811756 0.00811493 0.00809997 0.00809249 0.00808234 0.00813758 0.00815243 0.0081525 0.00811012 0.00813847 0.00836019 0.00819788 0.00819477 0.00816764 0.00827965 0.00830208 0.00818805 0.00815928 
0.0197768 0.014363 0.00474704 0.00543431 0.00981197 0.933748 0 0.00363424 0.00376743 0.00363536 0.00363157 0.00366665 0.00368726 0.00429164 0.00489409 0.00595565 0.0177533 0.00808208 0.0252017 0.0219976 0.00991541 0.00915198 0.00982218 0.00916806 0.00858479 0.00966199 0.00877799 0.00856698 0.00843231 0.00862908 0.00849819 0.00845442 0.00869266 0.00866425 0.00938195 0.00834565 0.00829609 0.00839999 0.0085687 0.00852071 0.00830995 0.00851693 0.00826948 0.00828802 0.0082801 0.00824158 0.00849514 0.00825505 0.00819021 0.00820222 0.00842255 0.00844174 0.00830667 0.00849076 0.00846635 0.0083336 0.0084138 0.00835938 0.00827572 0.00828807 0.00855135 0.00829992 0.00820469 0.0087051 0.00846629 0.00929093 0.00866901 0.00833296 0.0085667 0.00854835 
0.0112575 0.0111335 0.00560207 0.0146877 0.791525 0.00840967 0.00363424 0 0.00359653 0.00358233 0.00378967 0.00357089 0.00391827 0.00380724 0.0112137 0.00452992 0.00682185 0.0148861 0.0127595 0.0129523 0.0086178 0.00880458 0.00837385 0.00886463 0.009796 0.00883239 0.00838856 0.00876026 0.0089038 0.00933245 0.00890813 0.00881977 0.00898814 0.00899068 0.0087216 0.00818032 0.00850579 0.00850802 0.00921627 0.00876422 0.00877977 0.00874352 0.00855201 0.00844497 0.00851707 0.00881346 0.00833975 0.0081157 0.0083358 0.00833125 0.00847238 0.00855735 0.00836978 0.00860104 0.00850813 0.00851099 0.0083003 0.0084482 0.00837898 0.00862582 0.00841929 0.00819618 0.00830521 0.00843796 0.00859296 0.00846597 0.00822759 0.00848408 0.00839056 0.00838329 
0.00964322 0.00893196 0.0139847 0.784438 0.0148003 0.00603894 0.00376743 0.00359653 0 0.00360134 0.00361135 0.00358356 0.0035638 0.00695087 0.00462077 0.00448318 0.00719201 0.00780763 0.00691687 0.00899367 0.00851609 0.00867764 0.00815865 0.00890208 0.00934302 0.00890193 0.00853873 0.00920729 0.00966853 0.00979775 0.00939451 0.00982014 0.00938052 0.00899537 0.00854022 0.0081716 0.00870267 0.00877042 0.00985026 0.00934228 0.00927423 0.00931946 0.00883021 0.00865416 0.00890421 0.00881755 0.00830052 0.00819783 0.00842912 0.00846584 0.00853212 0.00864661 0.00864772 0.00867142 0.00872094 0.00862524 0.00859957 0.00841497 0.00865986 0.00875138 0.00858828 0.00822564 0.0082699 0.008532 0.00844729 0.00829165 0.00832887 0.00845562 0.00842423 0.00825351 
0.00925546 0.00905188 0.729703 0.0169425 0.0122867 0.00466704 0.00363536 0.00358233 0.00360134 0 0.00354505 0.00355824 0.0035682 0.0037302 0.00389539 0.0169464 0.0052061 0.00605901 0.0069255 0.00911198 0.00834326 0.00869173 0.00821654 0.00865802 0.0102941 0.00870343 0.00863173 0.00928029 0.0106678 0.0101043 0.0103264 0.010529 0.0100613 0.00899084 0.0083985 0.00823659 0.00875944 0.00889481 0.00985643 0.00999259 0.0104178 0.00927578 0.0091463 0.00891785 0.00911095 0.00869854 0.00832851 0.00821388 0.00843034 0.0085739 0.00917139 0.00886847 0.00863296 0.00898516 0.00861407 0.00884405 0.00849476 0.00866424 0.00845731 0.0091024 0.00848813 0.00825525 0.00826593 0.00860238 0.00836708 0.00848904 0.00832639 0.00851702 0.00845765 0.00826669 
0.00893905 0.0133708 0.012827 0.00776277 0.00572242 0.00584656 0.00363157 0.00378967 0.00361135 0.00354505 0 0.00354521 0.0036041 0.0035408 0.00406358 0.00379818 0.00458738 0.0037885 0.00497529 0.00899196 0.00834097 0.00828918 0.00811156 0.00881649 0.00918832 0.00863696 0.00858608 0.0095343 0.0102635 0.0111935 0.00976591 0.0103919 0.0108729 0.00902595 0.00817833 0.00829406 0.00854791 0.00964113 0.00916411 0.00993564 0.00952194 0.0100276 0.00892722 0.00897144 0.00920262 0.00855055 0.00828981 0.00819227 0.0083768 0.00846031 0.00862593 0.00874619 0.00872843 0.00888667 0.00885738 0.00859763 0.0086085 0.00835085 0.00857964 0.00879291 0.00836326 0.0081905 0.00822052 0.00837448 0.00836876 0.00813537 0.00820373 0.00844088 0.00834121 0.00828394 
0.0108106 0.00922487 0.00696556 0.00645216 0.00781462 0.00573509 0.00366665 0.00357089 0.00358356 0.00355824 0.00354521 0 0.00355683 0.00355578 0.00356533 0.00359217 0.00364303 0.0124775 0.00396044 0.00940339 0.00824083 0.00885088 0.00813846 0.00867032 0.00970472 0.00870369 0.00844501 0.00921425 0.010383 0.0104324 0.0116827 0.0103278 0.0093713 0.00906883 0.00836593 0.00814227 0.00891027 0.00857507 0.00982372 0.00938483 0.00961293 0.00935553 0.00894716 0.00860922 0.00910764 0.0088269 0.0082638 0.00810275 0.00830311 0.00827168 0.00841574 0.00863759 0.00841715 0.00875719 0.00851182 0.00868946 0.00840506 0.00846714 0.00844671 0.00855537 0.00844473 0.00817366 0.0081672 0.00851046 0.0082498 0.00820811 0.00825078 0.00831788 0.00844932 0.00829995 
0.00919319 0.00909522 0.00641549 0.00918495 0.00620081 0.00601984 0.00368726 0.00391827 0.0035638 0.0035682 0.0036041 0.00355683 0 0.00351499 0.00358857 0.00355228 0.00541046 0.00353864 0.00813122 0.00931004 0.00827597 0.00845784 0.00820864 0.00878039 0.00899052 0.00932232 0.00862516 0.00907523 0.0107011 0.0100856 0.0104947 0.00979549 0.00997154 0.00882364 0.008331 0.00815208 0.00852931 0.00903055 0.00950164 0.0107942 0.00912238 0.00975514 0.00889212 0.00876202 0.00862194 0.00863168 0.00839591 0.00815064 0.00826573 0.00827081 0.00846427 0.00850115 0.00847079 0.00858164 0.00857313 0.00836147 0.00830527 0.00832966 0.00849078 0.00864402 0.00829555 0.00820945 0.00819444 0.00836099 0.0083414 0.00819698 0.00818251 0.00846053 0.00828248 0.00829418 
0.0091598 0.00880955 0.010484 0.0070554 0.0156522 0.00583034 0.00429164 0.00380724 0.00695087 0.0037302 0.0035408 0.00355578 0.00351499 0 0.0052124 0.00363641 0.0036042 0.0061378 0.00364323 0.00968936 0.00828242 0.00885619 0.00812117 0.00880247 0.00981724 0.00887094 0.0084512 0.00910477 0.00969449 0.0106128 0.00940987 0.0120549 0.00929594 0.00888241 0.00846322 0.00812626 0.00864306 0.0086978 0.0110654 0.00933933 0.0105954 0.00947556 0.0092207 0.00883538 0.00895826 0.00881498 0.00824829 0.00816161 0.00836216 0.00841518 0.00844483 0.0087902 0.00850998 0.00876457 0.00860685 0.00867195 0.00847411 0.00845995 0.00851922 0.00869488 0.00848823 0.00819553 0.00820315 0.00867624 0.00825696 0.00833927 0.00834859 0.00839791 0.00841918 0.00819687 
0.0086189 0.00880748 0.00651158 0.00893988 0.00687044 0.0116451 0.00489409 0.0112137 0.00462077 0.00389539 0.00406358 0.00356533 0.00358857 0.0052124 0 0.003563 0.00378739 0.00354779 0.00419453 0.00992076 0.00836229 0.00855007 0.00819199 0.00848437 0.00877573 0.00864935 0.00839564 0.0091124 0.0103757 0.00948818 0.00983414 0.00901006 0.0100051 0.00864268 0.00822315 0.00822978 0.00838963 0.00950497 0.00895177 0.0102384 0.00905066 0.00941517 0.00890862 0.00862685 0.00902777 0.00835421 0.00842353 0.00824316 0.00832417 0.00832596 0.00851769 0.00852818 0.00854472 0.00852869 0.00844137 0.00841029 0.00834328 0.00832466 0.00836687 0.008672 0.00834604 0.008226 0.0082314 0.00828525 0.00853942 0.00814467 0.00813393 0.00840317 0.00826556 0.00824523 
0.0119627 0.0086083 0.00738743 0.00761337 0.0135164 0.00669173 0.00595565 0.00452992 0.00448318 0.0169464 0.00379818 0.00359217 0.00355228 0.00363641 0.003563 0 0.00361021 0.00377502 0.00354327 0.00943737 0.00827371 0.00872587 0.00816442 0.00850252 0.00957456 0.00863909 0.00838135 0.00912642 0.00893118 0.0105264 0.00887418 0.0103051 0.00884052 0.00892463 0.00850962 0.00813909 0.00902675 0.00847169 0.0110252 0.00897475 0.0092545 0.00907887 0.00885124 0.00861169 0.0086549 0.0092667 0.00824144 0.00820715 0.00834067 0.00839309 0.00838569 0.00855241 0.00840922 0.00861336 0.00844157 0.00857828 0.0084749 0.00836491 0.00845626 0.00851947 0.00839895 0.0081411 0.00821738 0.00916604 0.00825172 0.00863887 0.00874905 0.0083589 0.00882689 0.00819154 
0.0087645 0.00908384 0.00754584 0.0208167 0.00784748 0.00886869 0.0177533 0.00682185 0.00719201 0.0052061 0.00458738 0.00364303 0.00541046 0.0036042 0.00378739 0.00361021 0 0.00362535 0.00392487 0.0114207 0.00846304 0.00847137 0.00825019 0.00891362 0.0088055 0.00882409 0.0086238 0.0087833 0.0108073 0.00899047 0.0104689 0.00873013 0.00961345 0.00860353 0.00817621 0.00904055 0.00833736 0.0106652 0.00883312 0.0109259 0.00924496 0.00915182 0.0086832 0.00860073 0.00921171 0.00835605 0.00852365 0.00878033 0.00836129 0.00828093 0.00875463 0.00856921 0.00853198 0.00885796 0.00859104 0.00854012 0.00836092 0.00854478 0.00833683 0.00905971 0.00833653 0.0082792 0.00850229 0.008318 0.00916773 0.00815297 0.00821623 0.00922886 0.00824357 0.00834494 
0.0146237 0.00900928 0.0278228 0.00895026 0.0169108 0.0063991 0.00808208 0.0148861 0.00780763 0.00605901 0.0037885 0.0124775 0.00353864 0.0061378 0.00354779 0.00377502 0.00362535 0 0.00357744 0.0100816 0.00909365 0.00999029 0.00879209 0.00978899 0.0122529 0.00868795 0.00878757 0.0102243 0.008912 0.0105739 0.00868356 0.00983059 0.00868738 0.00910505 0.00868668 0.00813009 0.0113238 0.00846085 0.00996544 0.00889252 0.00890973 0.00895018 0.00875519 0.00855052 0.00851782 0.00906944 0.00835908 0.00811605 0.00831977 0.00846867 0.00836422 0.00866827 0.00845047 0.00855935 0.00851902 0.00850792 0.00836348 0.00835175 0.00849809 0.00843152 0.00840581 0.00815834 0.00818931 0.0098938 0.00821873 0.00903222 0.00928342 0.00829557 0.00928675 0.00816504 
0.0111786 0.0118573 0.0155869 0.00970423 0.00752015 0.013282 0.0252017 0.0127595 0.00691687 0.0069255 0.00497529 0.00396044 0.00813122 0.00364323 0.00419453 0.00354327 0.00392487 0.00357744 0 0.0334433 0.0114108 0.00987053 0.00978378 0.0108531 0.00894035 0.00939353 0.00994816 0.00847267 0.00867087 0.00843241 0.00858145 0.00830521 0.00875443 0.00831229 0.00831163 0.0121243 0.00824394 0.00954071 0.00839837 0.00887482 0.00838043 0.00936425 0.00826857 0.00823818 0.00821669 0.00820214 0.00871717 0.00919832 0.00815293 0.0080869 0.00848061 0.0082495 0.00828277 0.00833654 0.00819358 0.00829657 0.00822226 0.0082403 0.00819672 0.0085079 0.00820952 0.00823839 0.00912022 0.00819753 0.00908823 0.00819901 0.00833424 0.00919226 0.0081726 0.00856801 
0.0144995 0.0107691 0.0150793 0.00906819 0.0085639 0.012449 0.0219976 0.0129523 0.00899367 0.00911198 0.00899196 0.00940339 0.00931004 0.00968936 0.00992076 0.00943737 0.0114207 0.0100816 0.0334433 0 0.337772 0.0225509 0.0814857 0.0146567 0.00975816 0.0099419 0.0111805 0.00854643 0.00834247 0.00839448 0.00828726 0.00826191 0.00841512 0.00846065 0.00926269 0.0113761 0.00828529 0.00826012 0.00834018 0.00829722 0.00819913 0.00836291 0.00821109 0.00809029 0.008175 0.00829032 0.00893691 0.00930225 0.00813361 0.00807012 0.00823403 0.00815959 0.00817514 0.00818728 0.00816219 0.00819918 0.00819018 0.00819064 0.00812614 0.00817017 0.00824267 0.00886744 0.00919196 0.00816575 0.0084483 0.00836897 0.00838446 0.00881117 0.00810617 0.00837838 
0.00887429 0.00868338 0.00871395 0.00812317 0.0081458 0.00988394 0.00991541 0.0086178 0.00851609 0.00834326 0.00834097 0.00824083 0.00827597 0.00828242 0.00836229 0.00827371 0.00846304 0.00909365 0.0114108 0.337772 0 0.0254669 0.026439 0.0173589 0.0123502 0.0144335 0.00994541 0.00873344 0.00837372 0.00853761 0.00837704 0.00833283 0.00847398 0.00932258 0.0111996 0.0100188 0.00838803 0.00830069 0.00835256 0.00836873 0.00823038 0.00852514 0.00821933 0.00822843 0.00817409 0.0084629 0.00994018 0.00896972 0.00805821 0.00803627 0.00813051 0.00813904 0.00813761 0.00820723 0.0081225 0.00819001 0.00810998 0.00810098 0.00812355 0.00810592 0.00815404 0.00873741 0.00858983 0.00811921 0.00849061 0.00889128 0.00836769 0.00824261 0.00810709 0.00859378 
0.00881027 0.00841378 0.00873015 0.00810238 0.00851932 0.00868063 0.00915198 0.00880458 0.00867764 0.00869173 0.00828918 0.00885088 0.00845784 0.00885619 0.00855007 0.00872587 0.00847137 0.00999029 0.00987053 0.0225509 0.0254669 0 0.77115 0.0142953 0.021544 0.0282076 0.010979 0.010593 0.00911597 0.00933469 0.00923139 0.00950028 0.0093005 0.0101188 0.0120323 0.00898391 0.00960349 0.00870215 0.00939004 0.00942371 0.00882096 0.00890717 0.00918293 0.00876258 0.00853315 0.00987834 0.0101644 0.00813909 0.00818492 0.00833305 0.00815756 0.00839429 0.00835772 0.00841301 0.00830998 0.0083361 0.00836785 0.00823106 0.0082353 0.00822362 0.00867497 0.00974735 0.00825987 0.00881282 0.00819691 0.0104384 0.00887155 0.00808217 0.00856361 0.0083424 
0.00925778 0.00856561 0.00949258 0.00806851 0.00801001 0.00864018 0.00982218 0.00837385 0.00815865 0.00821654 0.00811156 0.00813846 0.00820864 0.00812117 0.00819199 0.00816442 0.00825019 0.00879209 0.00978378 0.0814857 0.026439 0.77115 0 0.0448432 0.0216965 0.0544856 0.0165492 0.0111597 0.00870571 0.00953398 0.00894372 0.00888953 0.00923249 0.00954938 0.0123605 0.0169477 0.0095156 0.00880297 0.00891628 0.00892586 0.00863229 0.00929027 0.00878536 0.00851653 0.00851778 0.00879107 0.0101303 0.0101421 0.00821965 0.00811948 0.00819922 0.00818575 0.00832241 0.00825228 0.00823988 0.00816293 0.00828498 0.00817226 0.00816545 0.0081371 0.00829701 0.00996937 0.00989466 0.00828219 0.00843606 0.00919199 0.00981699 0.00850621 0.00804764 0.00873097 
0.0089664 0.00877855 0.00835876 0.0082687 0.00829339 0.00908663 0.00916806 0.00886463 0.00890208 0.00865802 0.00881649 0.00867032 0.00878039 0.00880247 0.00848437 0.00850252 0.00891362 0.00978899 0.0108531 0.0146567 0.0173589 0.0142953 0.0448432 0 0.00375746 0.00364788 0.0739654 0.030292 0.0365324 0.0194638 0.0496978 0.0136382 0.0156881 0.013537 0.0203059 0.0196107 0.0116521 0.0141481 0.0134265 0.0171573 0.0123296 0.0123884 0.0132421 0.0107385 0.012784 0.0134729 0.0380804 0.0103301 0.00935812 0.00940218 0.010547 0.0110957 0.0113021 0.0132318 0.0119911 0.0110853 0.0102737 0.01009 0.0102291 0.0115536 0.0103873 0.0126066 0.0118675 0.0104766 0.0108624 0.0128951 0.00984808 0.00934512 0.00923682 0.00947474 
0.00829534 0.00842729 0.00827432 0.0083342 0.00850757 0.00824356 0.00858479 0.009796 0.00934302 0.0102941 0.00918832 0.00970472 0.00899052 0.00981724 0.00877573 0.00957456 0.0088055 0.0122529 0.00894035 0.00975816 0.0123502 0.021544 0.0216965 0.00375746 0 0.00382498 0.0224512 0.104701 0.0378185 0.0876464 0.0205293 0.0247344 0.022261 0.0653222 0.0144855 0.0105838 0.0196933 0.0126562 0.0244527 0.0174266 0.0201936 0.0171547 0.0193866 0.013193 0.0123654 0.0808892 0.0164852 0.00900693 0.0124526 0.0101492 0.0128568 0.0142919 0.0164552 0.0174376 0.019801 0.0151695 0.0148549 0.0116651 0.0121403 0.0133296 0.0182136 0.0110285 0.00882066 0.0103134 0.0106438 0.00925127 0.0102312 0.00917207 0.0108154 0.00864315 
0.00856872 0.00825104 0.00917998 0.00824576 0.00832629 0.0084892 0.00966199 0.00883239 0.00890193 0.00870343 0.00863696 0.00870369 0.00932232 0.00887094 0.00864935 0.00863909 0.00882409 0.00868795 0.00939353 0.0099419 0.0144335 0.0282076 0.0544856 0.00364788 0.00382498 0 0.019711 0.0227172 0.132001 0.0246228 0.0213902 0.0173376 0.0190169 0.0279528 0.0331029 0.0162447 0.0116066 0.0127267 0.0141791 0.015016 0.0172685 0.0212699 0.0116536 0.014239 0.0300646 0.0167658 0.0655709 0.0106409 0.00899743 0.00964589 0.0103285 0.0117303 0.0114359 0.0127088 0.0119291 0.0117753 0.0130262 0.0135586 0.0101941 0.0108632 0.0120219 0.0112588 0.0106368 0.00917117 0.00909375 0.0102044 0.0112614 0.00927125 0.00911854 0.00913555 
0.00834479 0.00824103 0.00836467 0.00817972 0.00809268 0.00850105 0.00877799 0.00838856 0.00853873 0.00863173 0.00858608 0.00844501 0.00862516 0.0084512 0.00839564 0.00838135 0.0086238 0.00878757 0.00994816 0.0111805 0.00994541 0.010979 0.0165492 0.0739654 0.0224512 0.019711 0 0.00378768 0.00357936 0.00358356 0.0036486 0.00367884 0.00375012 0.00396642 0.00547648 0.00798088 0.00656572 0.00732947 0.00754033 0.00955586 0.00958468 0.0103112 0.0561461 0.237096 0.0430169 0.0121468 0.0276213 0.0170616 0.00995222 0.00960624 0.0114585 0.010284 0.0114332 0.0117998 0.0115757 0.011008 0.0106233 0.0114295 0.00997138 0.0126689 0.009645 0.0159868 0.012274 0.00915366 0.010095 0.0114402 0.0101638 0.00932793 0.00869361 0.00979906 
0.00831326 0.00812434 0.00815429 0.00842035 0.00830771 0.00817584 0.00856698 0.00876026 0.00920729 0.00928029 0.0095343 0.00921425 0.00907523 0.00910477 0.0091124 0.00912642 0.0087833 0.0102243 0.00847267 0.00854643 0.00873344 0.010593 0.0111597 0.030292 0.104701 0.0227172 0.00378768 0 0.00360871 0.00357357 0.00358859 0.00358807 0.00377905 0.00432946 0.0039049 0.00513913 0.00975822 0.00631541 0.0118053 0.00786733 0.0120498 0.0159684 0.378081 0.0338113 0.0191054 0.0371105 0.0096988 0.00935748 0.0184454 0.0170557 0.0122716 0.0237531 0.0206573 0.0291488 0.0251671 0.0221387 0.0180134 0.0147247 0.0301121 0.0134161 0.023257 0.00998732 0.00920548 0.0179745 0.00959176 0.010557 0.0105505 0.00936972 0.0138584 0.0084299 
0.008329 0.0082003 0.00826173 0.00843227 0.0084545 0.0082378 0.00843231 0.0089038 0.00966853 0.0106678 0.0102635 0.010383 0.0107011 0.00969449 0.0103757 0.00893118 0.0108073 0.008912 0.00867087 0.00834247 0.00837372 0.00911597 0.00870571 0.0365324 0.0378185 0.132001 0.00357936 0.00360871 0 0.00354701 0.0035918 0.00355858 0.00362658 0.00371722 0.00364972 0.0081562 0.00758345 0.010292 0.007944 0.0142756 0.0104827 0.828182 0.0275548 0.0116953 0.0164725 0.0103313 0.0117034 0.0112521 0.0106577 0.0170761 0.0384455 0.0250125 0.037465 0.0603605 0.0523558 0.0414874 0.0271677 0.0530088 0.0173915 0.0727518 0.0113836 0.011 0.00931796 0.0101156 0.0174222 0.00902445 0.00922862 0.0130772 0.00928375 0.0097609 
0.00835253 0.00823421 0.00823349 0.00846493 0.00848971 0.00825888 0.00862908 0.00933245 0.00979775 0.0101043 0.0111935 0.0104324 0.0100856 0.0106128 0.00948818 0.0105264 0.00899047 0.0105739 0.00843241 0.00839448 0.00853761 0.00933469 0.00953398 0.0194638 0.0876464 0.0246228 0.00358356 0.00357357 0.00354701 0 0.00354565 0.00368477 0.00361826 0.00357271 0.00450155 0.00425123 0.00965087 0.0077769 0.0132895 0.00948881 0.909185 0.0255438 0.0128291 0.0257814 0.0103897 0.0130669 0.0093416 0.00940295 0.0111693 0.0202007 0.0162901 0.0407072 0.0377976 0.0504047 0.0674316 0.0340741 0.0418947 0.0219988 0.0566777 0.018477 0.0212999 0.0102149 0.00903471 0.0173758 0.0107041 0.011421 0.0106487 0.0090454 0.014279 0.00881799 
0.0082017 0.00817734 0.00826899 0.00843378 0.00832691 0.00817768 0.00849819 0.00890813 0.00939451 0.0103264 0.00976591 0.0116827 0.0104947 0.00940987 0.00983414 0.00887418 0.0104689 0.00868356 0.00858145 0.00828726 0.00837704 0.00923139 0.00894372 0.0496978 0.0205293 0.0213902 0.0036486 0.00358859 0.0035918 0.00354565 0 0.00354763 0.00357001 0.00363492 0.00398759 0.00823898 0.00518194 0.0104484 0.006861 0.961022 0.0263728 0.0139479 0.01523 0.0122243 0.0157076 0.0108841 0.0103896 0.00991439 0.0111278 0.0112796 0.0386818 0.0203648 0.0275075 0.0604328 0.0347973 0.0367566 0.0231882 0.0591483 0.0168672 0.0552153 0.0106417 0.0105808 0.00997109 0.00923856 0.0171709 0.00879918 0.00895492 0.0138575 0.00907911 0.00902884 
0.00827749 0.00816829 0.00823975 0.00835434 0.00835766 0.00822556 0.00845442 0.00881977 0.00982014 0.010529 0.0103919 0.0103278 0.00979549 0.0120549 0.00901006 0.0103051 0.00873013 0.00983059 0.00830521 0.00826191 0.00833283 0.00950028 0.00888953 0.0136382 0.0247344 0.0173376 0.00367884 0.00358807 0.00355858 0.00368477 0.00354763 0 0.00356159 0.00360233 0.00364979 0.00369369 0.0064889 0.00586964 0.947656 0.0120093 0.0121183 0.014801 0.0160053 0.0123424 0.0119763 0.0108128 0.00859811 0.0088798 0.0116102 0.0216158 0.0143472 0.0341395 0.037451 0.0300546 0.0634776 0.026304 0.0346662 0.0185454 0.0537351 0.016741 0.0177731 0.00998295 0.00872856 0.0195284 0.00939229 0.0105718 0.0120159 0.00909294 0.0133998 0.00850263 
0.00836186 0.00827663 0.008588 0.00849502 0.00838755 0.00826385 0.00869266 0.00898814 0.00938052 0.0100613 0.0108729 0.0093713 0.00997154 0.00929594 0.0100051 0.00884052 0.00961345 0.00868738 0.00875443 0.00841512 0.00847398 0.0093005 0.00923249 0.0156881 0.022261 0.0190169 0.00375012 0.00377905 0.00362658 0.00361826 0.00357001 0.00356159 0 0.00355491 0.00357657 0.00512661 0.00736025 0.950812 0.0236042 0.0148925 0.0137819 0.0179696 0.0239753 0.0139188 0.0124241 0.00936011 0.0136738 0.0102925 0.0113043 0.0132027 0.0338863 0.0237957 0.0263243 0.0676589 0.0387854 0.0362037 0.0231605 0.0345257 0.0176648 0.0450854 0.0115726 0.0103136 0.0108055 0.0110043 0.0133885 0.0095823 0.00960412 0.0136997 0.00952512 0.00897998 
0.0083093 0.00819196 0.00821879 0.00834954 0.00835688 0.00813828 0.00866425 0.00899068 0.00899537 0.00899084 0.00902595 0.00906883 0.00882364 0.00888241 0.00864268 0.00892463 0.00860353 0.00910505 0.00831229 0.00846065 0.00932258 0.0101188 0.00954938 0.013537 0.0653222 0.0279528 0.00396642 0.00432946 0.00371722 0.00357271 0.00363492 0.00360233 0.00355491 0 0.00401945 0.00604105 0.990919 0.00760509 0.00725922 0.0117956 0.0131614 0.0099898 0.0103291 0.00821892 0.00882239 0.00840779 0.0108294 0.0104286 0.0101034 0.0113014 0.0133432 0.0140699 0.0182234 0.015234 0.023549 0.0134758 0.0171431 0.0122777 0.0137544 0.0123586 0.0172467 0.0105131 0.00914136 0.013062 0.0101754 0.0095286 0.0125478 0.00921979 0.0117542 0.00853987 
0.0086872 0.00826599 0.00920773 0.00816018 0.00813214 0.00822884 0.00938195 0.0087216 0.00854022 0.0083985 0.00817833 0.00836593 0.008331 0.00846322 0.00822315 0.00850962 0.00817621 0.00868668 0.00831163 0.00926269 0.0111996 0.0120323 0.0123605 0.0203059 0.0144855 0.0331029 0.00547648 0.0039049 0.00364972 0.00450155 0.00398759 0.00364979 0.00357657 0.00401945 0 0.998987 0.00590731 0.00396266 0.00734183 0.00607835 0.00495516 0.00814199 0.00619951 0.00648803 0.0063087 0.00915619 0.0080413 0.0116368 0.0100755 0.0097434 0.00922921 0.0111632 0.0102438 0.0106608 0.0104104 0.0105056 0.00989877 0.00989511 0.00959876 0.00955639 0.00969278 0.0121649 0.012426 0.0103907 0.00862636 0.0106007 0.0178191 0.00863665 0.00934469 0.00867963 
0.0085502 0.00836369 0.00829996 0.00806795 0.00803548 0.00901852 0.00834565 0.00818032 0.0081716 0.00823659 0.00829406 0.00814227 0.00815208 0.00812626 0.00822978 0.00813909 0.00904055 0.00813009 0.0121243 0.0113761 0.0100188 0.00898391 0.0169477 0.0196107 0.0105838 0.0162447 0.00798088 0.00513913 0.0081562 0.00425123 0.00823898 0.00369369 0.00512661 0.00604105 0.998987 0 0.00367657 0.00358542 0.00361583 0.00418991 0.00354479 0.00370081 0.00387499 0.00431149 0.00560483 0.00548802 0.0111323 0.0579472 0.00892298 0.00857771 0.0119928 0.00894763 0.00965931 0.0104922 0.0095501 0.00905864 0.00908359 0.00983519 0.00881619 0.0108833 0.00939546 0.0165574 0.0147096 0.00830856 0.0146234 0.011118 0.00823409 0.00971103 0.00821983 0.0121935 
0.00852395 0.0081715 0.00804385 0.0082371 0.00828066 0.00814744 0.00829609 0.00850579 0.00870267 0.00875944 0.00854791 0.00891027 0.00852931 0.00864306 0.00838963 0.00902675 0.00833736 0.0113238 0.00824394 0.00828529 0.00838803 0.00960349 0.0095156 0.0116521 0.0196933 0.0116066 0.00656572 0.00975822 0.00758345 0.00965087 0.00518194 0.0064889 0.00736025 0.990919 0.00590731 0.00367657 0 0.00367681 0.00356791 0.00359542 0.0035884 0.00359176 0.00443215 0.00370969 0.00415096 0.0136162 0.00617581 0.00912748 0.0506924 0.0124416 0.00895314 0.018781 0.0108488 0.0129349 0.0134181 0.0126624 0.0119162 0.00942309 0.0176983 0.00949167 0.0185363 0.00962202 0.00844358 0.0201646 0.00873619 0.0141916 0.0114555 0.00832689 0.0183035 0.00841133 
0.00824843 0.00810857 0.00836586 0.00841543 0.00828801 0.00823443 0.00839999 0.00850802 0.00877042 0.00889481 0.00964113 0.00857507 0.00903055 0.0086978 0.00950497 0.00847169 0.0106652 0.00846085 0.00954071 0.00826012 0.00830069 0.00870215 0.00880297 0.0141481 0.0126562 0.0127267 0.00732947 0.00631541 0.010292 0.0077769 0.0104484 0.00586964 0.950812 0.00760509 0.00396266 0.00358542 0.00367681 0 0.00354897 0.00355975 0.00355017 0.00358535 0.00357978 0.00394828 0.00475113 0.00443684 0.00680579 0.0187061 0.00941802 0.0131196 0.0663816 0.0117669 0.0323948 0.0461806 0.0337704 0.0219927 0.0185119 0.0462444 0.0116738 0.0580233 0.0101151 0.0107044 0.0131714 0.00887188 0.0229557 0.00886608 0.00894401 0.0167046 0.00864232 0.00983895 
0.00829855 0.00818896 0.00829031 0.00841346 0.00846811 0.00822899 0.0085687 0.00921627 0.00985026 0.00985643 0.00916411 0.00982372 0.00950164 0.0110654 0.00895177 0.0110252 0.00883312 0.00996544 0.00839837 0.00834018 0.00835256 0.00939004 0.00891628 0.0134265 0.0244527 0.0141791 0.00754033 0.0118053 0.007944 0.0132895 0.006861 0.947656 0.0236042 0.00725922 0.00734183 0.00361583 0.00356791 0.00354897 0 0.0036556 0.00354778 0.00357112 0.00357873 0.00519322 0.00389059 0.00451664 0.00523961 0.0153334 0.0132678 0.0317897 0.0130673 0.093225 0.0321156 0.0515416 0.056373 0.0347508 0.0328791 0.0286939 0.0649386 0.0175552 0.0190401 0.0111454 0.00924914 0.0282679 0.00997962 0.0114584 0.013581 0.00933409 0.0163637 0.00878202 
0.00826991 0.00813631 0.0084723 0.00846322 0.00832086 0.00831223 0.00852071 0.00876422 0.00934228 0.00999259 0.00993564 0.00938483 0.0107942 0.00933933 0.0102384 0.00897475 0.0109259 0.00889252 0.00887482 0.00829722 0.00836873 0.00942371 0.00892586 0.0171573 0.0174266 0.015016 0.00955586 0.00786733 0.0142756 0.00948881 0.961022 0.0120093 0.0148925 0.0117956 0.00607835 0.00418991 0.00359542 0.00355975 0.0036556 0 0.00356241 0.00357317 0.00359716 0.00358679 0.00391967 0.00385909 0.00594738 0.0129536 0.0141632 0.0127203 0.0518826 0.0184705 0.0715351 0.0719668 0.0466643 0.0404617 0.0395553 0.0411533 0.0195891 0.0684365 0.0120842 0.0112253 0.0131494 0.00992186 0.016962 0.00949885 0.0099089 0.014206 0.0099832 0.00929126 
0.00826387 0.00812505 0.00818843 0.00836871 0.00833821 0.00820757 0.00830995 0.00877977 0.00927423 0.0104178 0.00952194 0.00961293 0.00912238 0.0105954 0.00905066 0.0092545 0.00924496 0.00890973 0.00838043 0.00819913 0.00823038 0.00882096 0.00863229 0.0123296 0.0201936 0.0172685 0.00958468 0.0120498 0.0104827 0.909185 0.0263728 0.0121183 0.0137819 0.0131614 0.00495516 0.00354479 0.0035884 0.00355017 0.00354778 0.00356241 0 0.00373103 0.0035425 0.00356003 0.00357562 0.00374784 0.00381521 0.0148249 0.0111579 0.0255131 0.0188364 0.0297609 0.0348865 0.0926586 0.0453992 0.040493 0.0304275 0.0320426 0.033882 0.0298299 0.0150986 0.0115636 0.00905894 0.0182235 0.0107674 0.0102897 0.0102372 0.0102381 0.0125786 0.00883671 
0.00828231 0.00818352 0.00820678 0.00841122 0.0084299 0.0107962 0.00851693 0.00874352 0.00931946 0.00927578 0.0100276 0.00935553 0.00975514 0.00947556 0.00941517 0.00907887 0.00915182 0.00895018 0.00936425 0.00836291 0.00852514 0.00890717 0.00929027 0.0123884 0.0171547 0.0212699 0.0103112 0.0159684 0.828182 0.0255438 0.0139479 0.014801 0.0179696 0.0099898 0.00814199 0.00370081 0.00359176 0.00358535 0.00357112 0.00357317 0.00373103 0 0.00356485 0.00355637 0.00357129 0.00358333 0.00369045 0.0127074 0.0158279 0.0143296 0.0244926 0.0258553 0.0417706 0.0361277 0.0973593 0.0320502 0.0279776 0.0268093 0.0277431 0.0296853 0.0168157 0.0121597 0.00973029 0.012623 0.0118912 0.0109152 0.010108 0.0110569 0.0106435 0.00949553 
0.00822301 0.00810971 0.00813326 0.00828629 0.00829582 0.00814084 0.00826948 0.00855201 0.00883021 0.0091463 0.00892722 0.00894716 0.00889212 0.0092207 0.00890862 0.00885124 0.0086832 0.00875519 0.00826857 0.00821109 0.00821933 0.00918293 0.00878536 0.0132421 0.0193866 0.0116536 0.0561461 0.378081 0.0275548 0.0128291 0.01523 0.0160053 0.0239753 0.0103291 0.00619951 0.00387499 0.00443215 0.00357978 0.00357873 0.00359716 0.0035425 0.00356485 0 0.00356252 0.00354717 0.00358002 0.00357589 0.013284 0.0126814 0.0138761 0.0180177 0.0322957 0.0206351 0.0433668 0.0306341 0.060339 0.0224381 0.0246915 0.0200286 0.0304748 0.0143166 0.0105017 0.00917736 0.0118936 0.0106633 0.00979408 0.00945031 0.00960558 0.0112558 0.00865544 
0.00816144 0.00807932 0.0081125 0.00827654 0.00820818 0.00854179 0.00828802 0.00844497 0.00865416 0.00891785 0.00897144 0.00860922 0.00876202 0.00883538 0.00862685 0.00861169 0.00860073 0.00855052 0.00823818 0.00809029 0.00822843 0.00876258 0.00851653 0.0107385 0.013193 0.014239 0.237096 0.0338113 0.0116953 0.0257814 0.0122243 0.0123424 0.0139188 0.00821892 0.00648803 0.00431149 0.00370969 0.00394828 0.00519322 0.00358679 0.00356003 0.00355637 0.00356252 0 0.00355157 0.00355793 0.0035565 0.0101032 0.0131938 0.0179666 0.0186473 0.0233247 0.0254833 0.0289665 0.0283978 0.0224175 0.0328494 0.0172697 0.0277015 0.0170002 0.0118356 0.00992797 0.00890292 0.0119695 0.00932422 0.009261 0.00981492 0.00931894 0.0104642 0.00886276 
0.00839551 0.00812478 0.0083025 0.00831567 0.00836598 0.00813577 0.0082801 0.00851707 0.00890421 0.00911095 0.00920262 0.00910764 0.00862194 0.00895826 0.00902777 0.0086549 0.00921171 0.00851782 0.00821669 0.008175 0.00817409 0.00853315 0.00851778 0.012784 0.0123654 0.0300646 0.0430169 0.0191054 0.0164725 0.0103897 0.0157076 0.0119763 0.0124241 0.00882239 0.0063087 0.00560483 0.00415096 0.00475113 0.00389059 0.00391967 0.00357562 0.00357129 0.00354717 0.00355157 0 0.00360564 0.00356568 0.0236803 0.0166457 0.0235982 0.0392744 0.021245 0.0253624 0.0398352 0.0290781 0.0217101 0.0184412 0.0778002 0.013315 0.0516637 0.0103503 0.0101493 0.0123126 0.00936874 0.0116509 0.00949804 0.00921587 0.010675 0.00930772 0.00904556 
0.00825331 0.00819228 0.0083229 0.00828554 0.00831126 0.00817572 0.00824158 0.00881346 0.00881755 0.00869854 0.00855055 0.0088269 0.00863168 0.00881498 0.00835421 0.0092667 0.00835605 0.00906944 0.00820214 0.00829032 0.0084629 0.00987834 0.00879107 0.0134729 0.0808892 0.0167658 0.0121468 0.0371105 0.0103313 0.0130669 0.0108841 0.0108128 0.00936011 0.00840779 0.00915619 0.00548802 0.0136162 0.00443684 0.00451664 0.00385909 0.00374784 0.00358333 0.00358002 0.00355793 0.00360564 0 0.00373177 0.00993299 0.0422154 0.0324006 0.0172566 0.0402515 0.0307508 0.0231282 0.0333582 0.0294794 0.0324031 0.0124864 0.04937 0.0111646 0.0375989 0.0113483 0.00962497 0.0291819 0.00979186 0.0111032 0.0138104 0.00884997 0.0172122 0.00866071 
0.00821778 0.00821044 0.00838447 0.0081075 0.00820301 0.00822303 0.00849514 0.00833975 0.00830052 0.00832851 0.00828981 0.0082638 0.00839591 0.00824829 0.00842353 0.00824144 0.00852365 0.00835908 0.00871717 0.00893691 0.00994018 0.0101644 0.0101303 0.0380804 0.0164852 0.0655709 0.0276213 0.0096988 0.0117034 0.0093416 0.0103896 0.00859811 0.0136738 0.0108294 0.0080413 0.0111323 0.00617581 0.00680579 0.00523961 0.00594738 0.00381521 0.00369045 0.00357589 0.0035565 0.00356568 0.00373177 0 0.034769 0.0110073 0.019686 0.0266065 0.0160456 0.0226735 0.0248113 0.020959 0.018106 0.0183085 0.0278016 0.0100692 0.0330279 0.0123989 0.0198806 0.0157877 0.00912181 0.0127077 0.0103462 0.0108189 0.0111554 0.00943583 0.0113531 
0.00817963 0.0080988 0.00821281 0.00811873 0.00806244 0.00840378 0.00825505 0.0081157 0.00819783 0.00821388 0.00819227 0.00810275 0.00815064 0.00816161 0.00824316 0.00820715 0.00878033 0.00811605 0.00919832 0.00930225 0.00896972 0.00813909 0.0101421 0.0103301 0.00900693 0.0106409 0.0170616 0.00935748 0.0112521 0.00940295 0.00991439 0.0088798 0.0102925 0.0104286 0.0116368 0.0579472 0.00912748 0.0187061 0.0153334 0.0129536 0.0148249 0.0127074 0.013284 0.0101032 0.0236803 0.00993299 0.034769 0 0.00472815 0.00355021 0.00422074 0.0035735 0.00372251 0.00367787 0.0053181 0.00433226 0.00481196 0.00530038 0.00697554 0.00694346 0.00570999 0.0123349 0.024007 0.00883055 0.0178668 0.0105574 0.00888284 0.0112406 0.00837346 0.0130204 
0.00826333 0.00812814 0.00805404 0.00821162 0.00815892 0.00812838 0.00819021 0.0083358 0.00842912 0.00843034 0.0083768 0.00830311 0.00826573 0.00836216 0.00832417 0.00834067 0.00836129 0.00831977 0.00815293 0.00813361 0.00805821 0.00818492 0.00821965 0.00935812 0.0124526 0.00899743 0.00995222 0.0184454 0.0106577 0.0111693 0.0111278 0.0116102 0.0113043 0.0101034 0.0100755 0.00892298 0.0506924 0.00941802 0.0132678 0.0141632 0.0111579 0.0158279 0.0126814 0.0131938 0.0166457 0.0422154 0.0110073 0.00472815 0 0.00355847 0.00357877 0.00354842 0.00351843 0.00362512 0.00367745 0.00395993 0.00404932 0.00459539 0.00687723 0.00556605 0.00588967 0.0057321 0.00922171 0.0497119 0.00948484 0.0104548 0.0101038 0.00892209 0.0111425 0.00873786 
0.00820601 0.00807808 0.00801483 0.00819512 0.00820483 0.0080914 0.00820222 0.00833125 0.00846584 0.0085739 0.00846031 0.00827168 0.00827081 0.00841518 0.00832596 0.00839309 0.00828093 0.00846867 0.0080869 0.00807012 0.00803627 0.00833305 0.00811948 0.00940218 0.0101492 0.00964589 0.00960624 0.0170557 0.0170761 0.0202007 0.0112796 0.0216158 0.0132027 0.0113014 0.0097434 0.00857771 0.0124416 0.0131196 0.0317897 0.0127203 0.0255131 0.0143296 0.0138761 0.0179666 0.0235982 0.0324006 0.019686 0.00355021 0.00355847 0 0.00355057 0.00355707 0.00358514 0.00362744 0.00365569 0.00361928 0.00412874 0.00411784 0.00594279 0.00510204 0.00561477 0.00479044 0.00912241 0.0192652 0.00976146 0.0124325 0.0121386 0.00895501 0.0124602 0.00875876 
0.00819287 0.00815722 0.00811344 0.00822732 0.00826101 0.00810223 0.00842255 0.00847238 0.00853212 0.00917139 0.00862593 0.00841574 0.00846427 0.00844483 0.00851769 0.00838569 0.00875463 0.00836422 0.00848061 0.00823403 0.00813051 0.00815756 0.00819922 0.010547 0.0128568 0.0103285 0.0114585 0.0122716 0.0384455 0.0162901 0.0386818 0.0143472 0.0338863 0.0133432 0.00922921 0.0119928 0.00895314 0.0663816 0.0130673 0.0518826 0.0188364 0.0244926 0.0180177 0.0186473 0.0392744 0.0172566 0.0266065 0.00422074 0.00357877 0.00355057 0 0.00353262 0.00355583 0.00358175 0.0036129 0.00363284 0.00367675 0.00647053 0.00425384 0.0102635 0.00453412 0.00474359 0.0228829 0.00889011 0.0363846 0.00867278 0.00919215 0.0246919 0.00877667 0.0107894 
