1J83A
QPTAPKDFSSGFWDFNDGTTQGFGVNPDSPITAINVENANNALKISNLNSKGSNDLSEGNFWANVRISADIWGQSINIYGDTKLTXDVIAPTPVNVSIAAIPQSSTHGWGNPTRAIRVWTNNFVAQTDGTYKATLTISTNDSPNFNTIATDAADSVVTNXILFVGSNSDNISLDNIKFTK
CCCCCCECCCCCECCCCCCCCCCEECCCCCCCCCEEEEECCEEEEECCCCCCCCCCCCCCHHHCEEEECCCCCCCEECCCCCEEEEEEEECCCCCEEEEEEEEECCCCCCCCCCCEEECHHHCEECCCCCEEEEEEEECCCCHHHHHHHCCCCCCEEEEEEEEEEECCCEEEEEEEEEEC
0 0 0 0 0 0 0 0 0 0 0 0 0 0 0 0 0 0 0 0 0 0 0 0 0 0 0 0 0 0 0 0 0 0 0 0 0 0 0 0 0 0 0 0 0 0 0 0 0 0 0 0 0 0 0 0 0 0 0 0 0 0 0 0 0 0 0 0 0 0 0 0 0 0 0 0 0 0 0 0 0 0 0 0 0 0 0 0 0 0 0 0 0 0 0 0 0 0 0 0 0 0 0 0 0 0 0 0 0 0 0 0 0 0 0 0 0 0 0 0 0 0 0 0 0 0 0 0 0 0 0 0 0 0 0 0 0 0 0 0 0 0 0 0 0 0 0 0 0 0 0 0 0 0 0 0 0 0 0 0 0 0 0 0 0 0 0 0 0 0 0 0 0 0 0 0 0 0 0 0 
0 0 0 0 0 0 0 0 0 0 0 0 0 0 0 0 0 0 0 0 0 0 0 0 0 0 0 0 0 0 0 0 0 0 0 0 0 0 0 0 0 0 0 0 0 0 0 0 0 0 0 0 0 0 0 0 0 0 0 0 0 0 0 0 0 0 0 0 0 0 0 0 0 0 0 0 0 0 0 0 0 0 0 0 0 0 0 0 0 0 0 0 0 0 0 0 0 0 0 0 0 0 0 0 0 0 0 0 0 0 0 0 0 0 0 0 0 0 0 0 0 0 0 0 0 0 0 0 0 0 0 0 0 0 0 0 0 0 0 0 0 0 0 0 0 0 0 0 0 0 0 0 0 0 0 0 0 0 0 0 0 0 0 0 0 0 0 0 0 0 0 0 0 0 0 0 0 0 0 0 
0 0.186904 0.0171985 0.0279429 0.0266023 0.00939424 0.00991613 0.00942653 0.011117 0.0151975 0.0096342 0.0110203 0.00916301 0.0128385 0.0134641 0.0103066 0.00904013 0.0141167 0.0101443 0.0127471 0.0121093 0.00852603 0.00891764 0.00821299 0.00861154 0.00834829 0.00892317 0.0099904 0.009611 0.00896101 0.00834047 0.00853049 0.0083684 0.00808708 0.00811484 0.00828092 0.00860426 0.00950457 0.00856043 0.00925791 0.00958659 0.00844289 0.00941971 0.00872603 0.0080986 0.0088344 0.00815111 0.00919882 0.0080813 0.00904279 0.00900061 0.0080447 0.00851181 0.00815403 0.00833862 0.00820495 0.00827203 0.00822068 0.00813693 0.00803735 0.00839727 0.00894215 0.0081425 0.00815919 0.00806765 0.00814876 0.00825067 0.00816402 0.0087537 0.00811069 0.0090145 
0.186904 0 0.0686686 0.0238372 0.0128104 0.0107995 0.0084102 0.0103039 0.0136936 0.0111573 0.0103818 0.00922993 0.0114147 0.0134389 0.0131672 0.00889776 0.0114096 0.01319 0.0120287 0.0104762 0.00995059 0.00891764 0.00849168 0.00861774 0.00861268 0.00885503 0.00952194 0.0112016 0.0106576 0.00871046 0.00896728 0.00874065 0.00880956 0.00831649 0.00827593 0.0086201 0.0100096 0.00903926 0.00826218 0.00979615 0.00879252 0.00860743 0.00863587 0.00818711 0.00838742 0.00834255 0.00867279 0.00841691 0.00836732 0.00939832 0.00852244 0.00817567 0.00817377 0.00835647 0.00836452 0.00828756 0.0084369 0.00834385 0.00833919 0.00817284 0.00901144 0.00854721 0.00821972 0.00814843 0.00816764 0.00820572 0.00826414 0.00837178 0.00820957 0.00820384 0.00867677 
0.0171985 0.0686686 0 0.00518454 0.0119393 0.0182189 0.0146505 0.0113243 0.0209103 0.00970437 0.0102282 0.00949965 0.0119695 0.0172666 0.0111123 0.0141047 0.0107683 0.0178368 0.0120298 0.0129007 0.010271 0.00908288 0.00918441 0.00879375 0.00916983 0.00911518 0.0107679 0.0116482 0.009432 0.00937159 0.00893119 0.00910621 0.00926022 0.00856359 0.00843541 0.00893169 0.00927114 0.00898249 0.0088765 0.00924771 0.00849064 0.00879027 0.0085439 0.00838602 0.00843569 0.00860465 0.00851009 0.00885447 0.00860113 0.00943793 0.00824025 0.00827657 0.00828275 0.00831267 0.00844701 0.00855951 0.00852462 0.00847196 0.00840919 0.00826043 0.00855092 0.00833274 0.00847833 0.00825611 0.00821652 0.00826592 0.00832438 0.00834298 0.00846497 0.00830293 0.00851306 
0.0279429 0.0238372 0.00518454 0 0.0402695 0.0108485 0.00666887 0.011142 0.0096804 0.0118644 0.0112915 0.00814645 0.0192384 0.0107176 0.0213382 0.00925894 0.0145114 0.0105049 0.0154562 0.00960393 0.011357 0.00973997 0.00873995 0.00945692 0.00889369 0.00910176 0.0101026 0.00923919 0.0140434 0.00908515 0.00924539 0.00903257 0.00913883 0.00848896 0.00856241 0.00856597 0.00845606 0.0105698 0.00865515 0.00855959 0.00965832 0.00816777 0.00933333 0.00829028 0.00824802 0.00823621 0.00849162 0.00844351 0.00868355 0.00853142 0.00868581 0.00823995 0.00814796 0.0082403 0.00833768 0.00839085 0.00832298 0.00831823 0.00831687 0.00820222 0.00837219 0.00849732 0.00825065 0.00818589 0.00817194 0.00814402 0.00818762 0.00817386 0.00817424 0.00828052 0.0082418 
0.0266023 0.0128104 0.0119393 0.0402695 0 0.00384789 0.00383659 0.00372354 0.0046105 0.00562249 0.00460341 0.0126896 0.00763723 0.929222 0.0144114 0.0197257 0.00986277 0.0694458 0.00986086 0.0339923 0.0316241 0.0094072 0.0251331 0.00938244 0.018485 0.0109781 0.0142065 0.014074 0.0108411 0.0177505 0.00990712 0.0140828 0.0130991 0.00930298 0.00877018 0.00938623 0.00999475 0.00940913 0.0123429 0.00934977 0.0103874 0.00872117 0.0093221 0.0119018 0.00816169 0.0155628 0.00817373 0.0168269 0.00829806 0.018173 0.0108216 0.00812269 0.0104414 0.00839777 0.00897074 0.00961552 0.00964677 0.0100557 0.0087004 0.00865169 0.00900549 0.0113772 0.00825726 0.0102927 0.00815696 0.00827198 0.0104998 0.00815048 0.0130668 0.00830476 0.0111679 
0.00939424 0.0107995 0.0182189 0.0108485 0.00384789 0 0.00358174 0.00359069 0.00379697 0.00379714 0.0105011 0.00572561 0.987749 0.00869676 0.0287265 0.0106003 0.053247 0.0093636 0.0290646 0.0087888 0.00927854 0.0626993 0.00893847 0.0434361 0.00985758 0.0313204 0.0114786 0.0111761 0.021056 0.00967867 0.0334347 0.01461 0.0129148 0.0120293 0.0107765 0.00924373 0.0091878 0.0134009 0.00850808 0.0154949 0.00824869 0.00879098 0.0103232 0.00835716 0.0200652 0.00829004 0.0266834 0.00837209 0.0190185 0.0084318 0.00821531 0.012511 0.00846019 0.0101449 0.0100581 0.0103254 0.0111253 0.0100133 0.00970177 0.00884644 0.00849895 0.00821365 0.0110082 0.0085501 0.00943247 0.00896582 0.00843493 0.0136445 0.00826478 0.0122302 0.00823771 
0.00991613 0.0084102 0.0146505 0.00666887 0.00383659 0.00358174 0 0.00356382 0.00356825 0.00419871 0.00435153 0.971815 0.00587907 0.00730547 0.00834521 0.0253668 0.00947109 0.0127192 0.00857344 0.0110529 0.011466 0.00889893 0.0505381 0.00936388 0.0352905 0.0157827 0.0139913 0.00896454 0.00900792 0.0197511 0.0118582 0.0213955 0.0217808 0.012571 0.0110938 0.00971569 0.00840232 0.00850083 0.010269 0.00833932 0.00838743 0.00817228 0.00825086 0.0101423 0.0082825 0.0212992 0.00858275 0.0231427 0.0084293 0.00909137 0.00891552 0.00822381 0.0109808 0.00873134 0.00981057 0.0107549 0.0121868 0.0116718 0.00950659 0.00875771 0.00830523 0.00879853 0.00840387 0.0103327 0.00861202 0.00847959 0.00923817 0.00834338 0.0110091 0.0083068 0.0086832 
0.00942653 0.0103039 0.0113243 0.011142 0.00372354 0.00359069 0.00356382 0 0.00368038 0.00388079 0.990155 0.00447518 0.00494663 0.00469268 0.0112951 0.0133326 0.0169761 0.0103566 0.00969423 0.00918289 0.00952613 0.0157554 0.00926567 0.0119999 0.0104141 0.0119515 0.0142932 0.00990829 0.0110442 0.0113372 0.0118522 0.012203 0.0126429 0.0102911 0.00927333 0.0107758 0.00857486 0.00944936 0.00878239 0.00873911 0.0084278 0.00827137 0.00889126 0.0083002 0.00885004 0.00857133 0.00955154 0.00877227 0.00933342 0.00855653 0.00828914 0.00852339 0.00833111 0.00859642 0.00875074 0.0090804 0.00912572 0.00920818 0.0087884 0.00840915 0.0081983 0.00821609 0.0088403 0.00848138 0.00843751 0.00867658 0.00840904 0.00846039 0.00843013 0.00847062 0.00823562 
0.011117 0.0136936 0.0209103 0.0096804 0.0046105 0.00379697 0.00356825 0.00368038 0 0.996483 0.00631627 0.00369453 0.00500892 0.00459244 0.025874 0.00935062 0.0099795 0.0109528 0.0140698 0.00976926 0.013374 0.0100675 0.00908453 0.0093841 0.00918964 0.00927912 0.00927777 0.01243 0.0193825 0.00928791 0.0093413 0.00950532 0.00950566 0.00872365 0.00864852 0.00867941 0.00894082 0.0130989 0.00829497 0.00975876 0.00914799 0.00830281 0.0104089 0.00830612 0.00849187 0.00822979 0.00894616 0.00841136 0.00851228 0.00850449 0.00884407 0.0082917 0.00815444 0.00834144 0.00837011 0.00848458 0.00858015 0.00848088 0.00834349 0.0082042 0.00839762 0.00844167 0.00834125 0.00819865 0.00843742 0.0082338 0.00818394 0.00835721 0.0081806 0.00836106 0.00828256 
0.0151975 0.0111573 0.00970437 0.0118644 0.00562249 0.00379714 0.00419871 0.00388079 0.996483 0 0.00392975 0.00359037 0.00365872 0.00442663 0.0275019 0.0154787 0.0117624 0.0561947 0.0114396 0.0217801 0.0170502 0.00969858 0.0120459 0.00975363 0.0123617 0.0102319 0.0159702 0.0187015 0.0133558 0.0107985 0.00981955 0.0118903 0.013467 0.00962985 0.0088505 0.00950306 0.0139026 0.0102325 0.00944162 0.0129162 0.00880861 0.00926706 0.00891809 0.00899891 0.00840563 0.0102806 0.0087087 0.0101339 0.00871696 0.0143416 0.00877577 0.00820201 0.0083823 0.00821117 0.00842344 0.00859188 0.00871879 0.00874685 0.00846797 0.00862564 0.00935645 0.00885127 0.00823579 0.00841115 0.00819974 0.00827686 0.00856764 0.00823829 0.0090225 0.00863646 0.00981956 
0.0096342 0.0103818 0.0102282 0.0112915 0.00460341 0.0105011 0.00435153 0.990155 0.00631627 0.00392975 0 0.00359501 0.00412688 0.00372748 0.0513331 0.0136222 0.0874235 0.0107601 0.0286757 0.00903099 0.00990939 0.0433223 0.00910844 0.0494357 0.010646 0.0341181 0.0160468 0.0134369 0.020988 0.0120788 0.0304564 0.0208008 0.0193257 0.01496 0.0115676 0.0109623 0.0102601 0.0130571 0.00930578 0.0147329 0.00840535 0.00915411 0.00908718 0.0083547 0.014944 0.00854029 0.0199692 0.00877884 0.0167415 0.00911744 0.00830045 0.0107457 0.00837739 0.00995702 0.00964525 0.0111064 0.011693 0.010761 0.00950782 0.00897136 0.00853514 0.00825255 0.0102573 0.00852875 0.00985666 0.00883663 0.00847687 0.011037 0.0082991 0.0119708 0.00840501 
0.0110203 0.00922993 0.00949965 0.00814645 0.0126896 0.00572561 0.971815 0.00447518 0.00369453 0.00359037 0.00359501 0 0.00354996 0.00359781 0.012978 0.208909 0.0111931 0.0261579 0.00858749 0.0150532 0.0135664 0.00933004 0.107743 0.0100884 0.0826702 0.0235302 0.025345 0.00970307 0.00985738 0.0490748 0.0150996 0.0373898 0.0419779 0.0192106 0.0141902 0.0105652 0.00872397 0.00903072 0.0151783 0.00855938 0.00927824 0.00827627 0.00848194 0.0125058 0.00882752 0.0399967 0.00908512 0.0534055 0.00904894 0.0100982 0.00967998 0.00845248 0.0165593 0.00961828 0.0118966 0.014798 0.020944 0.016445 0.0115018 0.00907333 0.00833533 0.00956625 0.00863797 0.0155868 0.00906331 0.00896679 0.0130676 0.00851073 0.0149082 0.0084913 0.00943706 
0.00916301 0.0114147 0.0119695 0.0192384 0.00763723 0.987749 0.00587907 0.00494663 0.00500892 0.00365872 0.00412688 0.00354996 0 0.00372954 0.0476383 0.0160219 0.236806 0.0105911 0.0303913 0.0090768 0.0103928 0.0737687 0.00907904 0.0471669 0.0102553 0.0263925 0.0168197 0.0114125 0.021452 0.0113119 0.0322443 0.0137725 0.0158061 0.0137959 0.011095 0.0108322 0.00901669 0.0149531 0.00889202 0.0119678 0.00870166 0.00902314 0.0101549 0.00840115 0.0169829 0.00848785 0.0256534 0.00873756 0.0174683 0.00849524 0.00874113 0.0117432 0.00836484 0.00925852 0.00986374 0.0101617 0.0112161 0.0105492 0.00965974 0.00889417 0.00848885 0.00847096 0.010905 0.00880482 0.00933972 0.00905625 0.00845922 0.0112078 0.00840914 0.0110235 0.0082829 
0.0128385 0.0134389 0.0172666 0.0107176 0.929222 0.00869676 0.00730547 0.00469268 0.00459244 0.00442663 0.00372748 0.00359781 0.00372954 0 0.0218551 0.0200322 0.0169655 0.0942554 0.0124883 0.016308 0.0292158 0.00986518 0.0190203 0.0106137 0.0134691 0.0103916 0.017341 0.0129361 0.0204049 0.0120737 0.0101607 0.0145718 0.0155695 0.00928685 0.00922709 0.0108656 0.00944596 0.0135837 0.00914851 0.00965051 0.0107751 0.00857239 0.0109933 0.00917323 0.00871581 0.0113904 0.00912385 0.0101082 0.00908277 0.010159 0.0121189 0.00836998 0.00866455 0.00865855 0.00932663 0.0089586 0.00921056 0.0092203 0.00894442 0.00851557 0.00907767 0.00969288 0.00850598 0.008536 0.00885142 0.00842927 0.00851149 0.00833986 0.00906576 0.0083566 0.008754 
0.0134641 0.0131672 0.0111123 0.0213382 0.0144114 0.0287265 0.00834521 0.0112951 0.025874 0.0275019 0.0513331 0.012978 0.0476383 0.0218551 0 0.00397976 0.00366063 0.0039228 0.0102253 0.0141102 0.0189852 0.0212409 0.00911334 0.0290945 0.00990769 0.0142085 0.0169657 0.0331258 0.047916 0.0124345 0.0268544 0.0168668 0.0161918 0.013975 0.0105853 0.0115163 0.0235891 0.0292174 0.00944805 0.0703593 0.00920054 0.0137421 0.0132429 0.00862627 0.0154983 0.00915462 0.0165708 0.00908661 0.0146448 0.0153271 0.00913506 0.0105782 0.00845852 0.0102586 0.0104666 0.0108704 0.0119333 0.0111489 0.010495 0.00935186 0.0138421 0.00909904 0.0106731 0.00865844 0.00959583 0.00858437 0.0083772 0.0114429 0.00830405 0.012102 0.0105113 
0.0103066 0.00889776 0.0141047 0.00925894 0.0197257 0.0106003 0.0253668 0.0133326 0.00935062 0.0154787 0.0136222 0.208909 0.0160219 0.0200322 0.00397976 0 0.00362459 0.00400111 0.00773456 0.0233388 0.0171007 0.0106229 0.0623262 0.0108534 0.0696925 0.0263191 0.0329717 0.0109953 0.0113844 0.10941 0.0138063 0.0360436 0.0406851 0.0157395 0.0175155 0.0176979 0.00956938 0.0100725 0.0507783 0.00925248 0.0103408 0.00884706 0.0088007 0.0141366 0.00908926 0.0314111 0.00920769 0.036099 0.0107812 0.0119803 0.00921328 0.00872062 0.0123962 0.0106927 0.0145446 0.0213534 0.0209678 0.0186394 0.0123367 0.0111245 0.00857359 0.00955929 0.00904796 0.0151504 0.00887379 0.00937836 0.0123946 0.00879937 0.0115896 0.00878422 0.00979223 
0.00904013 0.0114096 0.0107683 0.0145114 0.00986277 0.053247 0.00947109 0.0169761 0.0099795 0.0117624 0.0874235 0.0111931 0.236806 0.0169655 0.00366063 0.00362459 0 0.00362813 0.0296604 0.00911686 0.0112664 0.0510807 0.00984388 0.0440235 0.0137963 0.0318018 0.0274931 0.0155493 0.0291088 0.0136421 0.0645827 0.0193345 0.0242707 0.0184116 0.0194387 0.0205225 0.0101922 0.0437363 0.0099079 0.0213798 0.00916194 0.00971941 0.012649 0.00897211 0.0256353 0.00891808 0.0397923 0.00963592 0.0482193 0.00948578 0.00921286 0.0147301 0.00886238 0.0114368 0.0151349 0.0204026 0.0229412 0.0203333 0.017962 0.0113704 0.00967964 0.00880577 0.0152134 0.00949922 0.0138057 0.0108408 0.00872498 0.0157764 0.00867229 0.0144129 0.00870501 
0.0141167 0.01319 0.0178368 0.0105049 0.0694458 0.0093636 0.0127192 0.0103566 0.0109528 0.0561947 0.0107601 0.0261579 0.0105911 0.0942554 0.0039228 0.00400111 0.00362813 0 0.00985284 0.0180836 0.0412672 0.00934043 0.0335622 0.0131678 0.0205271 0.0109405 0.0248164 0.0208867 0.0204866 0.0204428 0.0104502 0.016412 0.0153734 0.010165 0.00954998 0.0165727 0.0135242 0.0159305 0.0148059 0.00974668 0.0191181 0.00937678 0.0158784 0.013271 0.00891695 0.0190358 0.00897806 0.0243737 0.00913702 0.0204499 0.0191063 0.00870419 0.00981477 0.00988567 0.00997121 0.0116314 0.0106476 0.0120285 0.00993971 0.00955389 0.0100084 0.0181675 0.00880266 0.0101379 0.00881269 0.00872875 0.00958467 0.00850498 0.0105431 0.00846315 0.0109212 
0.0101443 0.0120287 0.0120298 0.0154562 0.00986086 0.0290646 0.00857344 0.00969423 0.0140698 0.0114396 0.0286757 0.00858749 0.0303913 0.0124883 0.0102253 0.00773456 0.0296604 0.00985284 0 0.00387232 0.00693334 0.0454552 0.00695713 0.0149906 0.00653859 0.00840637 0.0096529 0.0156274 0.0295725 0.00991521 0.0135048 0.0106705 0.0108742 0.00896638 0.00850391 0.01112 0.0133765 0.0316682 0.00914309 0.0399905 0.00992679 0.0160721 0.0173086 0.00891042 0.0159626 0.00859466 0.0180202 0.00858807 0.0162635 0.00991696 0.00882 0.0117623 0.0082783 0.00914218 0.00906665 0.00906487 0.00936002 0.00911296 0.00928555 0.00872529 0.0102386 0.00863145 0.0115753 0.00841681 0.00935083 0.00868155 0.00824118 0.0119847 0.00817686 0.0122624 0.00872368 
0.0127471 0.0104762 0.0129007 0.00960393 0.0339923 0.0087888 0.0110529 0.00918289 0.00976926 0.0217801 0.00903099 0.0150532 0.0090768 0.016308 0.0141102 0.0233388 0.00911686 0.0180836 0.00387232 0 0.0380225 0.00869086 0.00987126 0.0051636 0.00679683 0.00610532 0.0121241 0.00700636 0.0110056 0.0143394 0.0088162 0.00938787 0.0108984 0.0084326 0.00847579 0.0146074 0.0104267 0.0112721 0.0228625 0.00944448 0.0172998 0.00910433 0.0122325 0.0138571 0.00852914 0.0149319 0.00862192 0.0154098 0.00886722 0.014389 0.0146373 0.0084112 0.00942072 0.00859051 0.00882677 0.00891657 0.00915792 0.00951918 0.00884749 0.00927416 0.00864654 0.0114828 0.00842061 0.00913512 0.00836314 0.008338 0.0093822 0.00829028 0.01059 0.00842942 0.00966995 
0.0121093 0.00995059 0.010271 0.011357 0.0316241 0.00927854 0.011466 0.00952613 0.013374 0.0170502 0.00990939 0.0135664 0.0103928 0.0292158 0.0189852 0.0171007 0.0112664 0.0412672 0.00693334 0.0380225 0 0.00464434 0.00359578 0.00358166 0.00369383 0.00371687 0.00424646 0.00678979 0.0124337 0.00982207 0.00893474 0.0132353 0.0107467 0.0083305 0.0126385 0.0113037 0.0237641 0.0193009 0.0129898 0.0150872 0.0114793 0.011332 0.0138781 0.0145123 0.0092821 0.0166868 0.00922974 0.0218191 0.0095459 0.0732634 0.012643 0.00860959 0.00974804 0.00891315 0.00952314 0.0100905 0.0104692 0.0102098 0.0100491 0.00943005 0.0117884 0.0126844 0.00872951 0.010018 0.00835793 0.00835482 0.00939743 0.00837906 0.0115415 0.00915751 0.0174737 
0.00852603 0.00891764 0.00908288 0.00973997 0.0094072 0.0626993 0.00889893 0.0157554 0.0100675 0.00969858 0.0433223 0.00933004 0.0737687 0.00986518 0.0212409 0.0106229 0.0510807 0.00934043 0.0454552 0.00869086 0.00464434 0 0.00357399 0.0035972 0.00359402 0.00377173 0.00387988 0.00410363 0.0129593 0.00769165 0.0143955 0.00913148 0.0107859 0.0137818 0.0111559 0.0124028 0.0112524 0.023255 0.0105224 0.0233865 0.00956453 0.0127952 0.0132821 0.00928831 0.0391566 0.00914922 0.0486678 0.00917293 0.17632 0.0101336 0.0087973 0.0178765 0.00873288 0.0123557 0.0143017 0.0163197 0.0212541 0.014204 0.01444 0.0113664 0.00941989 0.00898379 0.0232351 0.0089391 0.0138424 0.00949897 0.00864585 0.0208567 0.00838148 0.0352916 0.00867514 
0.00891764 0.00849168 0.00918441 0.00873995 0.0251331 0.00893847 0.0505381 0.00926567 0.00908453 0.0120459 0.00910844 0.107743 0.00907904 0.0190203 0.00911334 0.0623262 0.00984388 0.0335622 0.00695713 0.00987126 0.00359578 0.00357399 0 0.00386393 0.00355134 0.00358037 0.00360505 0.00365575 0.00695799 0.0183475 0.00831617 0.0133411 0.0193258 0.0127366 0.0166642 0.011721 0.0100931 0.010839 0.0220879 0.00920937 0.0106569 0.00883222 0.00950135 0.0182601 0.00903273 0.0851577 0.00940889 0.272283 0.00938679 0.0173115 0.0110027 0.00875296 0.029001 0.0118962 0.0207655 0.0377798 0.0335003 0.0419814 0.0176272 0.011856 0.00911516 0.0120985 0.00954767 0.0389769 0.0104311 0.0120534 0.0208473 0.0091337 0.0414539 0.00884892 0.0117292 
0.00821299 0.00861774 0.00879375 0.00945692 0.00938244 0.0434361 0.00936388 0.0119999 0.0093841 0.00975363 0.0494357 0.0100884 0.0471669 0.0106137 0.0290945 0.0108534 0.0440235 0.0131678 0.0149906 0.0051636 0.00358166 0.0035972 0.00386393 0 0.00358668 0.00357274 0.00361023 0.00358301 0.0130884 0.00737325 0.0172633 0.0129788 0.0222587 0.0202239 0.0114176 0.00929057 0.0100798 0.0243642 0.00931708 0.0201954 0.00884225 0.00906499 0.0121398 0.00888966 0.0610758 0.00942428 0.31691 0.0102536 0.0420529 0.0102118 0.00922607 0.0207943 0.0104927 0.0226484 0.0310654 0.0452889 0.065157 0.0403004 0.0335701 0.0115321 0.00996966 0.00910462 0.0262656 0.0117114 0.0341357 0.0152977 0.0103647 0.0441805 0.00919621 0.0188963 0.00892356 
0.00861154 0.00861268 0.00916983 0.00889369 0.018485 0.00985758 0.0352905 0.0104141 0.00918964 0.0123617 0.010646 0.0826702 0.0102553 0.0134691 0.00990769 0.0696925 0.0137963 0.0205271 0.00653859 0.00679683 0.00369383 0.00359402 0.00355134 0.00358668 0 0.00355518 0.00360415 0.00356455 0.00604812 0.0160838 0.0109495 0.018077 0.0312961 0.0118729 0.0121309 0.0142237 0.0109241 0.0101044 0.0185112 0.00926753 0.00993628 0.00892621 0.00918784 0.0161664 0.0100211 0.228668 0.0114478 0.0698601 0.0110554 0.0137901 0.010872 0.00955097 0.0297549 0.01937 0.0375532 0.0763709 0.0744252 0.0831511 0.0285203 0.0134031 0.00932165 0.0119738 0.0117822 0.061983 0.0153709 0.022036 0.0379879 0.0103692 0.0320644 0.00966806 0.0117218 
0.00834829 0.00885503 0.00911518 0.00910176 0.0109781 0.0313204 0.0157827 0.0119515 0.00927912 0.0102319 0.0341181 0.0235302 0.0263925 0.0103916 0.0142085 0.0263191 0.0318018 0.0109405 0.00840637 0.00610532 0.00371687 0.00377173 0.00358037 0.00357274 0.00355518 0 0.00357729 0.0035705 0.00967286 0.0105815 0.0352431 0.0278521 0.0188578 0.0281585 0.0159558 0.00987233 0.00946419 0.0238012 0.0121485 0.0136142 0.00902422 0.00914513 0.0116764 0.0102947 0.148057 0.0147007 0.0627745 0.0207085 0.0295609 0.0115513 0.0104347 0.0213662 0.0179595 0.033093 0.0633053 0.104623 0.1237 0.0921655 0.0586942 0.0141239 0.00977982 0.0109624 0.0315929 0.0268617 0.0371688 0.0514417 0.0164775 0.0286514 0.0134304 0.0157067 0.00992387 
0.00892317 0.00952194 0.0107679 0.0101026 0.0142065 0.0114786 0.0139913 0.0142932 0.00927777 0.0159702 0.0160468 0.025345 0.0168197 0.017341 0.0169657 0.0329717 0.0274931 0.0248164 0.0096529 0.0121241 0.00424646 0.00387988 0.00360505 0.00361023 0.00360415 0.00357729 0 0.00357095 0.00902601 0.0448391 0.0260438 0.0137183 0.015337 0.0108569 0.00928613 0.0127916 0.00958721 0.0148012 0.0295767 0.0124182 0.0139848 0.010166 0.0132587 0.0768762 0.0108332 0.0194483 0.0132431 0.0243258 0.0220446 0.0159865 0.0129728 0.0107899 0.0142579 0.0141408 0.0237087 0.0353449 0.0423733 0.0416127 0.0266023 0.0183994 0.0105567 0.0110941 0.0134741 0.021568 0.0199871 0.0133978 0.0132128 0.0102047 0.0135285 0.0114035 0.0110135 
0.0099904 0.0112016 0.0116482 0.00923919 0.014074 0.0111761 0.00896454 0.00990829 0.01243 0.0187015 0.0134369 0.00970307 0.0114125 0.0129361 0.0331258 0.0109953 0.0155493 0.0208867 0.0156274 0.00700636 0.00678979 0.00410363 0.00365575 0.00358301 0.00356455 0.0035705 0.00357095 0 0.0312755 0.0139232 0.00731704 0.00709214 0.0094651 0.00698654 0.00651029 0.0092954 0.0123651 0.0249535 0.00993206 0.0173785 0.01474 0.0103713 0.0731527 0.00945041 0.0120768 0.00989145 0.0143138 0.0104357 0.0140637 0.0155859 0.0151157 0.00980014 0.00901166 0.0109267 0.0106429 0.0118993 0.012941 0.0128682 0.01312 0.00954337 0.0112077 0.0124459 0.0103787 0.00949635 0.00921284 0.00964142 0.00873866 0.00976109 0.00887479 0.00980547 0.0110428 
0.009611 0.0106576 0.009432 0.0140434 0.0108411 0.021056 0.00900792 0.0110442 0.0193825 0.0133558 0.020988 0.00985738 0.021452 0.0204049 0.047916 0.0113844 0.0291088 0.0204866 0.0295725 0.0110056 0.0124337 0.0129593 0.00695799 0.0130884 0.00604812 0.00967286 0.00902601 0.0312755 0 0.00366448 0.00368989 0.00362178 0.00369903 0.00363014 0.00377134 0.00411483 0.00784386 0.0626942 0.00968163 0.225868 0.0110891 0.0167262 0.027867 0.00994535 0.0251631 0.0101282 0.0281144 0.0102071 0.0250409 0.0216681 0.0120886 0.0159753 0.00937633 0.013842 0.0139651 0.0181712 0.017985 0.0152252 0.0154175 0.0106926 0.0252302 0.011298 0.0178438 0.0102579 0.0110877 0.00963504 0.00916033 0.0158756 0.0087541 0.0177399 0.0147217 
0.00896101 0.00871046 0.00937159 0.00908515 0.0177505 0.00967867 0.0197511 0.0113372 0.00928791 0.0107985 0.0120788 0.0490748 0.0113119 0.0120737 0.0124345 0.10941 0.0136421 0.0204428 0.00991521 0.0143394 0.00982207 0.00769165 0.0183475 0.00737325 0.0160838 0.0105815 0.0448391 0.0139232 0.00366448 0 0.00360672 0.00361073 0.00362467 0.00359682 0.00360151 0.0038781 0.00468344 0.0105306 0.270526 0.00905994 0.0121055 0.00933229 0.00985841 0.0274482 0.00947512 0.0421484 0.0101567 0.0535859 0.0129057 0.0184706 0.0129369 0.0100769 0.0193312 0.0147605 0.0249226 0.0383585 0.0394356 0.0513794 0.0179863 0.0180573 0.00960513 0.0144024 0.0108899 0.0348516 0.0104545 0.0132955 0.021583 0.0094059 0.0277346 0.0098032 0.0150099 
0.00834047 0.00896728 0.00893119 0.00924539 0.00990712 0.0334347 0.0118582 0.0118522 0.0093413 0.00981955 0.0304564 0.0150996 0.0322443 0.0101607 0.0268544 0.0138063 0.0645827 0.0104502 0.0135048 0.0088162 0.00893474 0.0143955 0.00831617 0.0172633 0.0109495 0.0352431 0.0260438 0.00731704 0.00368989 0.00360672 0 0.00357288 0.00364969 0.0035659 0.00758602 0.00372687 0.0040626 0.161078 0.00957978 0.0203181 0.0086878 0.00936339 0.0126008 0.00958734 0.0520995 0.0113295 0.0922292 0.0135553 0.0488386 0.0114993 0.0109718 0.022088 0.012981 0.0333856 0.044113 0.0681865 0.0991722 0.0693502 0.0752682 0.0148683 0.0116974 0.0101716 0.035301 0.015138 0.0484918 0.0229781 0.0127928 0.0438683 0.0109232 0.0243134 0.0101994 
0.00853049 0.00874065 0.00910621 0.00903257 0.0140828 0.01461 0.0213955 0.012203 0.00950532 0.0118903 0.0208008 0.0373898 0.0137725 0.0145718 0.0168668 0.0360436 0.0193345 0.016412 0.0106705 0.00938787 0.0132353 0.00913148 0.0133411 0.0129788 0.018077 0.0278521 0.0137183 0.00709214 0.00362178 0.00361073 0.00357288 0 0.00358359 0.00357578 0.00381334 0.00362602 0.00368032 0.0133929 0.0157242 0.0100554 0.00931859 0.00975755 0.01056 0.0145114 0.0168044 0.0454366 0.0259179 0.0421636 0.0176687 0.0155628 0.0137772 0.0148055 0.0239218 0.0305692 0.047621 0.119364 0.0902117 0.131817 0.0457141 0.0179034 0.0107981 0.0160126 0.0208952 0.0413337 0.0277344 0.0272478 0.0258519 0.0184458 0.0237262 0.0142941 0.0142652 
0.0083684 0.00880956 0.00926022 0.00913883 0.0130991 0.0129148 0.0217808 0.0126429 0.00950566 0.013467 0.0193257 0.0419779 0.0158061 0.0155695 0.0161918 0.0406851 0.0242707 0.0153734 0.0108742 0.0108984 0.0107467 0.0107859 0.0193258 0.0222587 0.0312961 0.0188578 0.015337 0.0094651 0.00369903 0.00362467 0.00364969 0.00358359 0 0.00357449 0.00356676 0.00360649 0.00366001 0.0166014 0.0152641 0.0192887 0.0102932 0.00981785 0.0110343 0.0119879 0.0185652 0.0317502 0.0244272 0.0425771 0.0209599 0.0154022 0.0131049 0.0123926 0.0292786 0.032637 0.0563069 0.095305 0.202134 0.0982163 0.0665849 0.0188239 0.0117665 0.0122145 0.0226465 0.0562869 0.0294806 0.0314019 0.0301862 0.0197889 0.0252838 0.0126126 0.0143618 
0.00808708 0.00831649 0.00856359 0.00848896 0.00930298 0.0120293 0.012571 0.0102911 0.00872365 0.00962985 0.01496 0.0192106 0.0137959 0.00928685 0.013975 0.0157395 0.0184116 0.010165 0.00896638 0.0084326 0.0083305 0.0137818 0.0127366 0.0202239 0.0118729 0.0281585 0.0108569 0.00698654 0.00363014 0.00359682 0.0035659 0.00357578 0.00357449 0 0.00354844 0.00358974 0.00357332 0.00970679 0.0103722 0.0256772 0.00806767 0.00830506 0.00895521 0.00936713 0.0148921 0.0149756 0.0215643 0.0161599 0.0173132 0.009989 0.00945008 0.0112282 0.0134735 0.0267197 0.0323284 0.0914953 0.0625731 0.0807796 0.0324266 0.0128296 0.00907648 0.00960344 0.0141708 0.0216902 0.0332139 0.0179917 0.0133292 0.0188932 0.0124894 0.0113453 0.00951351 
0.00811484 0.00827593 0.00843541 0.00856241 0.00877018 0.0107765 0.0110938 0.00927333 0.00864852 0.0088505 0.0115676 0.0141902 0.011095 0.00922709 0.0105853 0.0175155 0.0194387 0.00954998 0.00850391 0.00847579 0.0126385 0.0111559 0.0166642 0.0114176 0.0121309 0.0159558 0.00928613 0.00651029 0.00377134 0.00360151 0.00758602 0.00381334 0.00356676 0.00354844 0 0.0035505 0.00356344 0.0121557 0.0200817 0.0166859 0.00778157 0.00820651 0.00908991 0.00883058 0.0146495 0.0109238 0.0135048 0.0141571 0.0133764 0.00995761 0.00905969 0.0109961 0.0114891 0.0153217 0.0322947 0.0333026 0.0514976 0.03714 0.0321536 0.0103363 0.00911939 0.00913313 0.0122837 0.0181145 0.014879 0.0155905 0.010652 0.0128058 0.0101633 0.00997234 0.00916534 
0.00828092 0.0086201 0.00893169 0.00856597 0.00938623 0.00924373 0.00971569 0.0107758 0.00867941 0.00950306 0.0109623 0.0105652 0.0108322 0.0108656 0.0115163 0.0176979 0.0205225 0.0165727 0.01112 0.0146074 0.0113037 0.0124028 0.011721 0.00929057 0.0142237 0.00987233 0.0127916 0.0092954 0.00411483 0.0038781 0.00372687 0.00362602 0.00360649 0.00358974 0.0035505 0 0.00365807 0.024138 0.0446339 0.00879703 0.00924307 0.015054 0.00997774 0.0133521 0.00941162 0.0112964 0.0102108 0.0130638 0.0201659 0.0142508 0.0101624 0.00976327 0.00993844 0.0105911 0.0109814 0.0155406 0.0155246 0.0173428 0.0124867 0.014809 0.00971443 0.00941397 0.0102194 0.0111784 0.00968026 0.0095197 0.01052 0.00904151 0.00905419 0.00984691 0.0104542 
0.00860426 0.0100096 0.00927114 0.00845606 0.00999475 0.0091878 0.00840232 0.00857486 0.00894082 0.0139026 0.0102601 0.00872397 0.00901669 0.00944596 0.0235891 0.00956938 0.0101922 0.0135242 0.0133765 0.0104267 0.0237641 0.0112524 0.0100931 0.0100798 0.0109241 0.00946419 0.00958721 0.0123651 0.00784386 0.00468344 0.0040626 0.00368032 0.00366001 0.00357332 0.00356344 0.00365807 0 0.0421164 0.00787597 0.0186699 0.011954 0.0090493 0.0232743 0.00886848 0.010645 0.00943851 0.0110365 0.00931977 0.0105291 0.0141168 0.012814 0.00953664 0.00893304 0.00943965 0.00936396 0.00976216 0.0101898 0.00981225 0.00949992 0.00911734 0.0108171 0.0110769 0.00931018 0.00901426 0.00890141 0.00888039 0.00852609 0.00899064 0.00847661 0.00958641 0.00955134 
0.00950457 0.00903926 0.00898249 0.0105698 0.00940913 0.0134009 0.00850083 0.00944936 0.0130989 0.0102325 0.0130571 0.00903072 0.0149531 0.0135837 0.0292174 0.0100725 0.0437363 0.0159305 0.0316682 0.0112721 0.0193009 0.023255 0.010839 0.0243642 0.0101044 0.0238012 0.0148012 0.0249535 0.0626942 0.0105306 0.161078 0.0133929 0.0166014 0.00970679 0.0121557 0.024138 0.0421164 0 0.00361747 0.00528644 0.0050749 0.0348701 0.023628 0.00863666 0.026875 0.00960141 0.0462875 0.0113929 0.0318848 0.0222372 0.0167332 0.0162143 0.0101235 0.0138848 0.0135458 0.0143897 0.0151919 0.0136901 0.013798 0.0105247 0.021737 0.0130739 0.0246688 0.00943566 0.0122663 0.00946012 0.0092898 0.0172709 0.00904129 0.02099 0.0133028 
0.00856043 0.00826218 0.0088765 0.00865515 0.0123429 0.00850808 0.010269 0.00878239 0.00829497 0.00944162 0.00930578 0.0151783 0.00889202 0.00914851 0.00944805 0.0507783 0.0099079 0.0148059 0.00914309 0.0228625 0.0129898 0.0105224 0.0220879 0.00931708 0.0185112 0.0121485 0.0295767 0.00993206 0.00968163 0.270526 0.00957978 0.0157242 0.0152641 0.0103722 0.0200817 0.0446339 0.00787597 0.00361747 0 0.0035597 0.0124422 0.044058 0.00770773 0.0336083 0.00752218 0.0403129 0.00820752 0.0351907 0.0101678 0.0144343 0.0122896 0.00991615 0.0147866 0.00948554 0.0122124 0.0137371 0.0167213 0.0171922 0.011735 0.0153887 0.00880563 0.0145943 0.00924744 0.0172623 0.00927641 0.00916173 0.0128289 0.00865225 0.0174002 0.00952062 0.0115985 
0.00925791 0.00979615 0.00924771 0.00855959 0.00934977 0.0154949 0.00833932 0.00873911 0.00975876 0.0129162 0.0147329 0.00855938 0.0119678 0.00965051 0.0703593 0.00925248 0.0213798 0.00974668 0.0399905 0.00944448 0.0150872 0.0233865 0.00920937 0.0201954 0.00926753 0.0136142 0.0124182 0.0173785 0.225868 0.00905994 0.0203181 0.0100554 0.0192887 0.0256772 0.0166859 0.00879703 0.0186699 0.00528644 0.0035597 0 0.0200752 0.00496234 0.0383094 0.00661158 0.0518639 0.00721882 0.0279566 0.0082388 0.026451 0.0131888 0.0144572 0.0225198 0.00861054 0.0136179 0.010807 0.0119263 0.0122569 0.0129758 0.0119216 0.00988029 0.0141494 0.0122127 0.0185791 0.0090766 0.0115202 0.00956301 0.0085575 0.0187751 0.00860932 0.0293952 0.0112203 
0.00958659 0.00879252 0.00849064 0.00965832 0.0103874 0.00824869 0.00838743 0.0084278 0.00914799 0.00880861 0.00840535 0.00927824 0.00870166 0.0107751 0.00920054 0.0103408 0.00916194 0.0191181 0.00992679 0.0172998 0.0114793 0.00956453 0.0106569 0.00884225 0.00993628 0.00902422 0.0139848 0.01474 0.0110891 0.0121055 0.0086878 0.00931859 0.0102932 0.00806767 0.00778157 0.00924307 0.011954 0.0050749 0.0124422 0.0200752 0 0.00798021 0.00855977 0.756432 0.00761278 0.0109478 0.00587048 0.00697431 0.0070228 0.0205315 0.0133992 0.00901841 0.00961358 0.00899099 0.00909225 0.00931889 0.00903342 0.00981704 0.00939347 0.009782 0.0130325 0.011091 0.00914085 0.00950641 0.00861778 0.00850405 0.00969422 0.0085118 0.0111237 0.00935484 0.0163289 
0.00844289 0.00860743 0.00879027 0.00816777 0.00872117 0.00879098 0.00817228 0.00827137 0.00830281 0.00926706 0.00915411 0.00827627 0.00902314 0.00857239 0.0137421 0.00884706 0.00971941 0.00937678 0.0160721 0.00910433 0.011332 0.0127952 0.00883222 0.00906499 0.00892621 0.00914513 0.010166 0.0103713 0.0167262 0.00933229 0.00936339 0.00975755 0.00981785 0.00830506 0.00820651 0.015054 0.0090493 0.0348701 0.044058 0.00496234 0.00798021 0 0.900018 0.00466557 0.00596933 0.00508173 0.00798521 0.00635924 0.00920838 0.00817546 0.0110246 0.0103373 0.00848579 0.00882808 0.00903474 0.00892182 0.00923077 0.00954706 0.00905233 0.0093445 0.0093381 0.0100388 0.00954871 0.00874513 0.00886345 0.00866349 0.00862973 0.00941362 0.00859657 0.0107104 0.00889917 
0.00941971 0.00863587 0.0085439 0.00933333 0.0093221 0.0103232 0.00825086 0.00889126 0.0104089 0.00891809 0.00908718 0.00848194 0.0101549 0.0109933 0.0132429 0.0088007 0.012649 0.0158784 0.0173086 0.0122325 0.0138781 0.0132821 0.00950135 0.0121398 0.00918784 0.0116764 0.0132587 0.0731527 0.027867 0.00985841 0.0126008 0.01056 0.0110343 0.00895521 0.00908991 0.00997774 0.0232743 0.023628 0.00770773 0.0383094 0.00855977 0.900018 0 0.00424349 0.00377172 0.00369822 0.00447725 0.00396982 0.0052368 0.011892 0.0221382 0.0134123 0.00949471 0.0104018 0.00983821 0.010118 0.0105228 0.0101431 0.0095536 0.0105194 0.0207811 0.0131038 0.0121792 0.00900352 0.0106692 0.00883477 0.00895337 0.0122361 0.00961928 0.0177077 0.0176401 
0.00872603 0.00818711 0.00838602 0.00829028 0.0119018 0.00835716 0.0101423 0.0083002 0.00830612 0.00899891 0.0083547 0.0125058 0.00840115 0.00917323 0.00862627 0.0141366 0.00897211 0.013271 0.00891042 0.0138571 0.0145123 0.00928831 0.0182601 0.00888966 0.0161664 0.0102947 0.0768762 0.00945041 0.00994535 0.0274482 0.00958734 0.0145114 0.0119879 0.00936713 0.00883058 0.0133521 0.00886848 0.00863666 0.0336083 0.00661158 0.756432 0.00466557 0.00424349 0 0.00352426 0.00382309 0.00357361 0.00430478 0.00368642 0.00477063 0.0180391 0.0089916 0.0162406 0.00898692 0.0121555 0.0109909 0.0128345 0.0117099 0.00980649 0.0118396 0.00894643 0.0171447 0.00914969 0.0159639 0.00878161 0.0092569 0.0125916 0.0087272 0.0225532 0.00924756 0.0146421 
0.0080986 0.00838742 0.00843569 0.00824802 0.00816169 0.0200652 0.0082825 0.00885004 0.00849187 0.00840563 0.014944 0.00882752 0.0169829 0.00871581 0.0154983 0.00908926 0.0256353 0.00891695 0.0159626 0.00852914 0.0092821 0.0391566 0.00903273 0.0610758 0.0100211 0.148057 0.0108332 0.0120768 0.0251631 0.00947512 0.0520995 0.0168044 0.0185652 0.0148921 0.0146495 0.00941162 0.010645 0.026875 0.00752218 0.0518639 0.00761278 0.00596933 0.00377172 0.00352426 0 0.00354142 0.00439021 0.00356185 0.0043122 0.00362352 0.0102919 0.0392619 0.00842804 0.0173894 0.0160017 0.0227739 0.0206575 0.0206805 0.019787 0.0101566 0.0110536 0.0093865 0.0361645 0.00907842 0.0290667 0.0114371 0.00887155 0.047836 0.008572 0.0482502 0.00895472 
0.0088344 0.00834255 0.00860465 0.00823621 0.0155628 0.00829004 0.0212992 0.00857133 0.00822979 0.0102806 0.00854029 0.0399967 0.00848785 0.0113904 0.00915462 0.0314111 0.00891808 0.0190358 0.00859466 0.0149319 0.0166868 0.00914922 0.0851577 0.00942428 0.228668 0.0147007 0.0194483 0.00989145 0.0101282 0.0421484 0.0113295 0.0454366 0.0317502 0.0149756 0.0109238 0.0112964 0.00943851 0.00960141 0.0403129 0.00721882 0.0109478 0.00508173 0.00369822 0.00382309 0.00354142 0 0.00355384 0.00403571 0.00354868 0.00407616 0.0316504 0.00855793 0.0502563 0.0102366 0.0156935 0.0201229 0.0300205 0.0262838 0.015163 0.0103225 0.00943211 0.0205051 0.00914376 0.0641229 0.00954617 0.0123079 0.0393864 0.00864455 0.142783 0.00899608 0.0219051 
0.00815111 0.00867279 0.00851009 0.00849162 0.00817373 0.0266834 0.00858275 0.00955154 0.00894616 0.0087087 0.0199692 0.00908512 0.0256534 0.00912385 0.0165708 0.00920769 0.0397923 0.00897806 0.0180202 0.00862192 0.00922974 0.0486678 0.00940889 0.31691 0.0114478 0.0627745 0.0132431 0.0143138 0.0281144 0.0101567 0.0922292 0.0259179 0.0244272 0.0215643 0.0135048 0.0102108 0.0110365 0.0462875 0.00820752 0.0279566 0.00587048 0.00798521 0.00447725 0.00357361 0.00439021 0.00355384 0 0.00356285 0.00417017 0.00358422 0.00962619 0.0528919 0.00919282 0.0306086 0.0162868 0.0264165 0.0410073 0.0271796 0.0210907 0.0116952 0.0129454 0.00960023 0.0572875 0.00946504 0.0573582 0.0144752 0.00894903 0.103897 0.00879496 0.0825984 0.00921652 
0.00919882 0.00841691 0.00885447 0.00844351 0.0168269 0.00837209 0.0231427 0.00877227 0.00841136 0.0101339 0.00877884 0.0534055 0.00873756 0.0101082 0.00908661 0.036099 0.00963592 0.0243737 0.00858807 0.0154098 0.0218191 0.00917293 0.272283 0.0102536 0.0698601 0.0207085 0.0243258 0.0104357 0.0102071 0.0535859 0.0135553 0.0421636 0.0425771 0.0161599 0.0141571 0.0130638 0.00931977 0.0113929 0.0351907 0.0082388 0.00697431 0.00635924 0.00396982 0.00430478 0.00356185 0.00403571 0.00356285 0 0.00359683 0.00374149 0.0465228 0.00894505 0.0794927 0.0107666 0.0219565 0.0268697 0.0362432 0.0345832 0.0227798 0.0126885 0.0099007 0.0198899 0.00956 0.109084 0.00990242 0.0118555 0.0504133 0.0088801 0.119373 0.00948503 0.0270689 
0.0080813 0.00836732 0.00860113 0.00868355 0.00829806 0.0190185 0.0084293 0.00933342 0.00851228 0.00871696 0.0167415 0.00904894 0.0174683 0.00908277 0.0146448 0.0107812 0.0482193 0.00913702 0.0162635 0.00886722 0.0095459 0.17632 0.00938679 0.0420529 0.0110554 0.0295609 0.0220446 0.0140637 0.0250409 0.0129057 0.0488386 0.0176687 0.0209599 0.0173132 0.0133764 0.0201659 0.0105291 0.0318848 0.0101678 0.026451 0.0070228 0.00920838 0.0052368 0.00368642 0.0043122 0.00354868 0.00417017 0.00359683 0 0.00362724 0.0102596 0.0805554 0.00994755 0.0223473 0.0188692 0.0280103 0.0248838 0.0317233 0.0362888 0.0271252 0.0142306 0.00989404 0.0587835 0.0109568 0.0259371 0.0127616 0.00888926 0.0405851 0.00899653 0.0800012 0.0102252 
0.00904279 0.00939832 0.00943793 0.00853142 0.018173 0.0084318 0.00909137 0.00855653 0.00850449 0.0143416 0.00911744 0.0100982 0.00849524 0.010159 0.0153271 0.0119803 0.00948578 0.0204499 0.00991696 0.014389 0.0732634 0.0101336 0.0173115 0.0102118 0.0137901 0.0115513 0.0159865 0.0155859 0.0216681 0.0184706 0.0114993 0.0155628 0.0154022 0.009989 0.00995761 0.0142508 0.0141168 0.0222372 0.0144343 0.0131888 0.0205315 0.00817546 0.011892 0.00477063 0.00362352 0.00407616 0.00358422 0.00374149 0.00362724 0 0.0425193 0.00977306 0.0254845 0.013665 0.0133275 0.0159915 0.0168146 0.018344 0.017989 0.0178055 0.0248932 0.0387106 0.0106357 0.0165769 0.00977416 0.0101971 0.0130296 0.00945851 0.0159826 0.00937401 0.0316434 
0.00900061 0.00852244 0.00824025 0.00868581 0.0108216 0.00821531 0.00891552 0.00828914 0.00884407 0.00877577 0.00830045 0.00967998 0.00874113 0.0121189 0.00913506 0.00921328 0.00921286 0.0191063 0.00882 0.0146373 0.012643 0.0087973 0.0110027 0.00922607 0.010872 0.0104347 0.0129728 0.0151157 0.0120886 0.0129369 0.0109718 0.0137772 0.0131049 0.00945008 0.00905969 0.0101624 0.012814 0.0167332 0.0122896 0.0144572 0.0133992 0.0110246 0.0221382 0.0180391 0.0102919 0.0316504 0.00962619 0.0465228 0.0102596 0.0425193 0 0.00379204 0.00369664 0.00359946 0.0035888 0.00370974 0.00393478 0.00566293 0.00521586 0.00593287 0.0109159 0.0116745 0.00818358 0.0108317 0.00798475 0.00789304 0.01154 0.00846116 0.0175526 0.0106988 0.0821566 
0.0080447 0.00817567 0.00827657 0.00823995 0.00812269 0.012511 0.00822381 0.00852339 0.0082917 0.00820201 0.0107457 0.00845248 0.0117432 0.00836998 0.0105782 0.00872062 0.0147301 0.00870419 0.0117623 0.0084112 0.00860959 0.0178765 0.00875296 0.0207943 0.00955097 0.0213662 0.0107899 0.00980014 0.0159753 0.0100769 0.022088 0.0148055 0.0123926 0.0112282 0.0109961 0.00976327 0.00953664 0.0162143 0.00991615 0.0225198 0.00901841 0.0103373 0.0134123 0.0089916 0.0392619 0.00855793 0.0528919 0.00894505 0.0805554 0.00977306 0.00379204 0 0.00358745 0.00357594 0.00358568 0.00366063 0.00396556 0.00431021 0.00550607 0.00811265 0.00626946 0.00669584 0.0130821 0.00788019 0.0112246 0.00858989 0.00764976 0.021119 0.00802766 0.111382 0.00930947 
0.00851181 0.00817377 0.00828275 0.00814796 0.0104414 0.00846019 0.0109808 0.00833111 0.00815444 0.0083823 0.00837739 0.0165593 0.00836484 0.00866455 0.00845852 0.0123962 0.00886238 0.00981477 0.0082783 0.00942072 0.00974804 0.00873288 0.029001 0.0104927 0.0297549 0.0179595 0.0142579 0.00901166 0.00937633 0.0193312 0.012981 0.0239218 0.0292786 0.0134735 0.0114891 0.00993844 0.00893304 0.0101235 0.0147866 0.00861054 0.00961358 0.00848579 0.00949471 0.0162406 0.00842804 0.0502563 0.00919282 0.0794927 0.00994755 0.0254845 0.00369664 0.00358745 0 0.00356396 0.00360705 0.0035956 0.00367151 0.00388515 0.00367369 0.00417409 0.00442523 0.00817509 0.00657452 0.0122771 0.00752439 0.00775214 0.0159545 0.0076107 0.0579395 0.00847531 0.0326962 
