1JB0C
AHTVKIYDTCIGCTQCVRACPTDVLEMVPWDGCKAGQIASSPRTEDCVGCKRCETACPTDFLSIRVYLGAETTRSMGLAY
CCEEEEECCCCCCCHHHHHCCCCCCEEEECCCCCCCEEEECCCHHHCCCCCHHHHHCCCCCCCEEEECCCCCCCCCCCCC
0 0 0 0 0 0 0 0 0 0 0 0 0 0 0 0 0 0 0 0 0 0 0 0 0 0 0 0 0 0 0 0 0 0 0 0 0 0 0 0 0 0 0 0 0 0 0 0 0 0 0 0 0 0 0 0 0 0 0 0 0 0 0 0 0 0 0 0 0 0 0 0 0 0 0 0 0 0 0 0 
0 0 0 0 0 0 0 0 0 0 0 0 0 0 0 0 0 0 0 0 0 0 0 0 0 0 0 0 0 0 0 0 0 0 0 0 0 0 0 0 0 0 0 0 0 0 0 0 0 0 0 0 0 0 0 0 0 0 0 0 0 0 0 0 0 0 0 0 0 0 0 0 0 0 0 0 0 0 0 0 
0 0.00368129 0.00366783 0.00373275 0.00484183 0.0994705 0.0123333 0.00960441 0.0446681 0.0181838 0.0108525 0.010916 0.0294429 0.0130924 0.011131 0.0110342 0.0178717 
0.00368129 0 0.00363218 0.00365086 0.00366748 0.056495 0.068799 0.0421875 0.0133614 0.0127453 0.0254206 0.0285068 0.0129588 0.0251156 0.0154063 0.0425518 0.0135016 
0.00366783 0.00363218 0 0.00357049 0.00356641 0.0561968 0.10471 0.0237648 0.0135452 0.0127941 0.0250166 0.0199618 0.0131073 0.0113611 0.0601428 0.0190719 0.0104403 
0.00373275 0.00365086 0.00357049 0 0.0037913 0.026146 0.0724319 0.116397 0.0184057 0.0130277 0.0281737 0.0419934 0.0157344 0.0224934 0.0213711 0.037962 0.0104195 
0.00484183 0.00366748 0.00356641 0.0037913 0 0.0380409 0.0235439 0.0265181 0.0850914 0.0192497 0.0132444 0.0198432 0.0317109 0.0319108 0.0117651 0.0115828 0.0175206 
0.0994705 0.056495 0.0561968 0.026146 0.0380409 0 0.00360214 0.00360609 0.00456569 0.00875238 0.00900213 0.0111378 0.961643 0.0193027 0.0156604 0.0136436 0.0328439 
0.0123333 0.068799 0.10471 0.0724319 0.0235439 0.00360214 0 0.00361019 0.00357297 0.00678475 0.00953383 0.938108 0.02171 0.0186665 0.0196587 0.0374412 0.0110709 
0.00960441 0.0421875 0.0237648 0.116397 0.0265181 0.00360609 0.00361019 0 0.00355562 0.00739744 0.946934 0.0112562 0.00868279 0.010707 0.0208741 0.0198848 0.00932454 
0.0446681 0.0133614 0.0135452 0.0184057 0.0850914 0.00456569 0.00357297 0.00355562 0 0.942182 0.00816556 0.012061 0.0076598 0.0165724 0.0104035 0.0102575 0.0101547 
0.0181838 0.0127453 0.0127941 0.0130277 0.0192497 0.00875238 0.00678475 0.00739744 0.942182 0 0.00377474 0.00363733 0.0040498 0.101356 0.0144243 0.0132216 0.031576 
0.0108525 0.0254206 0.0250166 0.0281737 0.0132444 0.00900213 0.00953383 0.946934 0.00816556 0.00377474 0 0.00363047 0.00360295 0.0799741 0.0775732 0.0580979 0.0145038 
0.010916 0.0285068 0.0199618 0.0419934 0.0198432 0.0111378 0.938108 0.0112562 0.012061 0.00363733 0.00363047 0 0.00362041 0.0215457 0.0835034 0.15705 0.0185505 
0.0294429 0.0129588 0.0131073 0.0157344 0.0317109 0.961643 0.02171 0.00868279 0.0076598 0.0040498 0.00360295 0.00362041 0 0.0326021 0.0239055 0.0501842 0.137347 
0.0130924 0.0251156 0.0113611 0.0224934 0.0319108 0.0193027 0.0186665 0.010707 0.0165724 0.101356 0.0799741 0.0215457 0.0326021 0 0.00367572 0.00377361 0.00574295 
0.011131 0.0154063 0.0601428 0.0213711 0.0117651 0.0156604 0.0196587 0.0208741 0.0104035 0.0144243 0.0775732 0.0835034 0.0239055 0.00367572 0 0.00791401 0.0037539 
0.0110342 0.0425518 0.0190719 0.037962 0.0115828 0.0136436 0.0374412 0.0198848 0.0102575 0.0132216 0.0580979 0.15705 0.0501842 0.00377361 0.00791401 0 0.00379237 
0.0178717 0.0135016 0.0104403 0.0104195 0.0175206 0.0328439 0.0110709 0.00932454 0.0101547 0.031576 0.0145038 0.0185505 0.137347 0.00574295 0.0037539 0.00379237 0 
