1JHSA
MNNKEVELYGGAITTVVPPGFIDASTLREVPDTQAVYVNSRRDEEEFEDGLATNESIIVDLLETVDKSDLKEAWQFHVEDLTELNGTTKWEALQEDTVQQGTKFTGLVMEVANKWGKPDLAQTVVIGVALIRLTQFDTDVVISINVPLTKEEASQASNKELPARCHAVYQLLQEMVRKFHVVDTSLFA
CCCEEEEEHHHCEEEEECCCEEEHHHCCCCCCCEEEEEECCCCCCCCCCCCCCCCEEEEEEEECCCCCCHHHHHHHHHHHHHHCCCEEEEEEEEEEEEECCCEEEEEEEEEEECCCCCCCCCCEEEEEEEEEEHHHCEEEEEEEEEECCHHHHHHHHCCCCCHHHHHHHHHHHHHHHHCEECCHHHHC
0 0 0 0 0 0 0 0 0 0 0 0 0 0 0 0 0 0 0 0 0 0 0 0 0 0 0 0 0 0 0 0 0 0 0 0 0 0 0 0 0 0 0 0 0 0 0 0 0 0 0 0 0 0 0 0 0 0 0 0 0 0 0 0 0 0 0 0 0 0 0 0 0 0 0 0 0 0 0 0 0 0 0 0 0 0 0 0 0 0 0 0 0 0 0 0 0 0 0 0 0 0 0 0 0 0 0 0 0 0 0 0 0 0 0 0 0 0 0 0 0 0 0 0 0 0 0 0 0 0 0 0 0 0 0 0 0 0 0 0 0 0 0 0 0 0 0 0 0 0 0 0 0 0 0 0 0 0 0 0 0 0 0 0 0 0 0 0 0 0 0 0 0 0 0 0 0 0 0 0 0 0 0 0 0 0 0 0 
0 0 0 0 0 0 0 0 0 0 0 0 0 0 0 0 0 0 0 0 0 0 0 0 0 0 0 0 0 0 0 0 0 0 0 0 0 0 0 0 0 0 0 0 0 0 0 0 0 0 0 0 0 0 0 0 0 0 0 0 0 0 0 0 0 0 0 0 0 0 0 0 0 0 0 0 0 0 0 0 0 0 0 0 0 0 0 0 0 0 0 0 0 0 0 0 0 0 0 0 0 0 0 0 0 0 0 0 0 0 0 0 0 0 0 0 0 0 0 0 0 0 0 0 0 0 0 0 0 0 0 0 0 0 0 0 0 0 0 0 0 0 0 0 0 0 0 0 0 0 0 0 0 0 0 0 0 0 0 0 0 0 0 0 0 0 0 0 0 0 0 0 0 0 0 0 0 0 0 0 0 0 0 0 0 0 0 0 
0 0.00367368 0.00354042 0.00482449 0.0037466 0.00536018 0.0068259 0.0079929 0.0237394 0.717397 0.00976981 0.00933041 0.0159575 0.0171556 0.00952841 0.00983658 0.00940521 0.0118255 0.0180309 0.0123338 0.0111866 0.00966175 0.0108766 0.00993925 0.00964202 0.00931019 0.013482 0.00858956 0.00809597 0.00819397 0.00823838 0.00814641 0.00817905 0.00815854 0.00813345 0.00810163 0.0080709 0.00811428 0.0084176 0.00911788 0.0084819 0.00820756 0.00831238 0.00836655 0.0082453 0.00830346 0.00822314 0.00817258 0.00813457 0.00852449 0.00954899 0.00858544 0.0082675 0.00832488 0.0083929 0.00844463 0.00836217 0.00836369 0.00835686 0.00892228 0.00906326 0.00832665 0.00820258 0.00843193 0.00840737 0.00844941 0.00831129 0.00813802 0.0082158 0.00820292 0.00857566 0.00827341 0.00842739 
0.00367368 0 0.00360384 0.00370468 0.00354867 0.00443538 0.00922274 0.0135754 0.759352 0.00691925 0.00799099 0.00959478 0.00688883 0.0103201 0.0242036 0.0106828 0.0118632 0.0242765 0.0087976 0.0134264 0.014449 0.0313107 0.01114 0.0327852 0.00899832 0.0116534 0.00893784 0.00851328 0.00849127 0.00851127 0.00818919 0.00896619 0.00821914 0.00832773 0.00827379 0.00818738 0.00814432 0.00883562 0.00823155 0.00836519 0.00856225 0.008492 0.00934985 0.00862261 0.00895606 0.00864503 0.00844686 0.00848374 0.00833663 0.00835988 0.00833191 0.00861308 0.0086651 0.00855969 0.00907027 0.00891681 0.00885923 0.0093887 0.00862938 0.010254 0.00814805 0.00816784 0.00875317 0.00887107 0.00993872 0.00865871 0.00896389 0.00829457 0.00905101 0.00829598 0.00820388 0.00865662 0.00814533 
0.00354042 0.00360384 0 0.0035541 0.00355592 0.00442498 0.00632854 0.767683 0.00683947 0.0063947 0.0097487 0.00705474 0.00610828 0.0121145 0.0109014 0.0162968 0.0149026 0.0090816 0.0107737 0.0101231 0.0419983 0.0130076 0.0498783 0.00997639 0.0390735 0.00893595 0.00883494 0.00873069 0.0085075 0.00856144 0.0126833 0.00832502 0.0093042 0.00879541 0.00835689 0.00874952 0.00862654 0.0082818 0.00962195 0.00819601 0.00831528 0.010362 0.00910595 0.0113683 0.00953638 0.00880678 0.0100617 0.00882736 0.00897774 0.00852357 0.00845949 0.00844488 0.00897847 0.0108446 0.00932172 0.010353 0.00984161 0.00969916 0.0114821 0.00845972 0.00895577 0.009037 0.00845408 0.0122815 0.0096647 0.0127643 0.00868208 0.0129379 0.00842109 0.00859242 0.00812821 0.00811888 0.00837478 
0.00482449 0.00370468 0.0035541 0 0.00354554 0.00690575 0.751344 0.00498627 0.00640297 0.00536018 0.00724919 0.00664383 0.00685806 0.0101216 0.0185549 0.0112307 0.0112976 0.0167865 0.00855612 0.014914 0.0114803 0.027878 0.0108304 0.0364407 0.00901806 0.0108788 0.00949674 0.00929719 0.00875438 0.0091509 0.00837478 0.00971668 0.00844636 0.00846578 0.00845418 0.00836654 0.0082268 0.0105043 0.00832266 0.00850852 0.00930828 0.00870485 0.0105884 0.00896011 0.0098158 0.00961509 0.00871502 0.00918484 0.00867792 0.00842747 0.00837901 0.00951058 0.00902804 0.00950974 0.00979457 0.00918616 0.00969906 0.0104633 0.00911238 0.0092899 0.00832929 0.00835211 0.00912926 0.00923152 0.0107097 0.00924443 0.0103863 0.00849115 0.0092922 0.00825703 0.00826504 0.00892905 0.0081442 
0.0037466 0.00354867 0.00355592 0.00354554 0 0.747219 0.00371512 0.00384034 0.00383123 0.00466246 0.0092756 0.00601728 0.0054613 0.0171731 0.00964514 0.00951335 0.00990607 0.00910965 0.0154613 0.0148907 0.0127333 0.0101763 0.0130421 0.00948031 0.00994321 0.00877713 0.00965229 0.011713 0.00852134 0.00816376 0.0086772 0.00823983 0.00828886 0.00818964 0.00819655 0.00815476 0.00815462 0.00816077 0.00851654 0.00821843 0.00982468 0.00932537 0.00841252 0.00863302 0.00848863 0.00840571 0.00879191 0.00827938 0.00818195 0.00822217 0.00846607 0.00950039 0.0084122 0.00846404 0.00843541 0.00841509 0.00854421 0.0085009 0.00864765 0.00832561 0.00938068 0.00901659 0.00828703 0.008462 0.00852053 0.00880726 0.00823045 0.00851118 0.00817612 0.00813584 0.00814308 0.0085311 0.00811415 
0.00536018 0.00443538 0.00442498 0.00690575 0.747219 0 0.00359614 0.003607 0.00363541 0.00403932 0.00448663 0.00450261 0.0123544 0.0182597 0.0101807 0.0119167 0.0107937 0.0142607 0.0296383 0.018743 0.0142992 0.015372 0.0168967 0.0147118 0.010929 0.0108463 0.0181219 0.00875417 0.0084733 0.00871231 0.00880328 0.00872377 0.00870239 0.00868922 0.00842628 0.00856184 0.00832107 0.00849649 0.00894354 0.0106909 0.00914281 0.00882292 0.0091928 0.00982342 0.00911324 0.00899236 0.00933717 0.00887893 0.00876986 0.00906691 0.0122041 0.00960412 0.00870434 0.00928227 0.00937116 0.0098458 0.00961546 0.00931407 0.00954969 0.0101853 0.011133 0.00864813 0.0083824 0.00927257 0.00970681 0.00968985 0.00896109 0.00882745 0.00858673 0.00842761 0.0101146 0.00819605 0.00869827 
0.0068259 0.00922274 0.00632854 0.751344 0.00371512 0.00359614 0 0.0036109 0.00365577 0.0036176 0.00419571 0.00723357 0.00619281 0.0142103 0.0226482 0.0159325 0.0190822 0.0266637 0.0116929 0.015794 0.0476292 0.0412271 0.0419089 0.035418 0.0134544 0.0127243 0.00984448 0.0087819 0.00922506 0.00940754 0.00953786 0.00956787 0.00922522 0.00893482 0.00855264 0.00869395 0.0087944 0.00920158 0.00901122 0.00853996 0.00901476 0.0118585 0.0147056 0.0144415 0.0142596 0.0119571 0.01096 0.0105291 0.00945937 0.009056 0.00892404 0.00913769 0.0111331 0.0123706 0.0137948 0.012236 0.0141248 0.0147296 0.0118905 0.0102122 0.00862902 0.00848484 0.0106337 0.0116842 0.016278 0.013154 0.0115884 0.00936231 0.0100521 0.00902478 0.00845482 0.00840533 0.00824153 
0.0079929 0.0135754 0.767683 0.00498627 0.00384034 0.003607 0.0036109 0 0.00373221 0.00359774 0.00484677 0.00867705 0.00593628 0.0129108 0.0216993 0.0263242 0.0333384 0.0174466 0.0112591 0.0149499 0.0427977 0.0889897 0.074092 0.0452547 0.043649 0.0102741 0.0105683 0.00875098 0.0103804 0.0110571 0.012985 0.0114008 0.0107512 0.00978349 0.00948396 0.0091838 0.00960977 0.0103686 0.00905425 0.00871358 0.00909786 0.014176 0.0200839 0.020888 0.0208398 0.0165267 0.0164904 0.0128488 0.0120205 0.00911803 0.00902587 0.009287 0.0117201 0.0191274 0.0179979 0.018236 0.0192067 0.0228896 0.0188077 0.0103105 0.00867424 0.00866645 0.00969218 0.0187218 0.0197252 0.0194875 0.0135209 0.0114928 0.0101716 0.0088498 0.00837945 0.00833808 0.00826177 
0.0237394 0.759352 0.00683947 0.00640297 0.00383123 0.00363541 0.00365577 0.00373221 0 0.0036736 0.00478287 0.0132511 0.00395524 0.0151642 0.0174762 0.0226045 0.0172993 0.0300677 0.0112673 0.0166262 0.0417162 0.0353186 0.0446317 0.0334209 0.0157049 0.0156813 0.0102771 0.00998562 0.00968758 0.00972102 0.00952838 0.00964156 0.00947432 0.00889982 0.00881367 0.00873896 0.00890749 0.00917382 0.0093103 0.0086692 0.00995206 0.0129063 0.0139613 0.0138665 0.0144645 0.0129664 0.0109023 0.0107919 0.00972536 0.00922305 0.00880521 0.010204 0.0112339 0.0146781 0.0144309 0.013862 0.015462 0.0160802 0.0147488 0.0102951 0.00859183 0.00861817 0.00981025 0.0126736 0.016041 0.0144785 0.0103824 0.0106408 0.00980319 0.00890027 0.00834212 0.0082763 0.00826428 
0.717397 0.00691925 0.0063947 0.00536018 0.00466246 0.00403932 0.0036176 0.00359774 0.0036736 0 0.0191234 0.00438886 0.00386398 0.0118818 0.0116216 0.0111277 0.0115162 0.0117546 0.0120495 0.0200311 0.0136112 0.0163202 0.0162525 0.0126773 0.01056 0.00989047 0.0123401 0.0140274 0.00914994 0.00863447 0.00870275 0.00871479 0.00857525 0.00849209 0.00850638 0.0085115 0.00843671 0.00845009 0.0087117 0.00875811 0.0116482 0.00932499 0.0100541 0.00956931 0.0096401 0.00968132 0.00951929 0.00882001 0.00860569 0.00860926 0.00908296 0.0106266 0.00900347 0.00930265 0.00952499 0.00932574 0.00959258 0.00993179 0.00919225 0.00858227 0.00847004 0.00979916 0.00858025 0.00926914 0.00975284 0.00956217 0.00922633 0.0087304 0.00856913 0.00839301 0.00824802 0.00853446 0.00817872 
0.00976981 0.00799099 0.0097487 0.00724919 0.0092756 0.00448663 0.00419571 0.00484677 0.00478287 0.0191234 0 0.00435019 0.00359466 0.0140414 0.0111037 0.0148723 0.0153642 0.0146931 0.0909681 0.0136622 0.0134982 0.0114702 0.0112898 0.0114231 0.00966744 0.00944355 0.0164743 0.00906314 0.00852386 0.00862118 0.00911356 0.00860438 0.00865147 0.00858906 0.00832495 0.00834412 0.00837642 0.00838765 0.00885897 0.00994724 0.00931015 0.0088174 0.00873939 0.0089353 0.00867481 0.00867886 0.00881758 0.00853428 0.00841574 0.00865403 0.0111842 0.00951133 0.00862851 0.00870812 0.00872996 0.00869971 0.00882607 0.00872777 0.00875712 0.0093324 0.0103044 0.00838259 0.00833041 0.00877368 0.00890338 0.00881172 0.00850517 0.00844421 0.0083391 0.00830446 0.00902781 0.00824304 0.00855584 
0.00933041 0.00959478 0.00705474 0.00664383 0.00601728 0.00450261 0.00723357 0.00867705 0.0132511 0.00438886 0.00435019 0 0.00364526 0.00986984 0.0191203 0.0103145 0.00801717 0.0647058 0.00720198 0.0107212 0.0227999 0.0100394 0.0108164 0.00935528 0.00931601 0.0121341 0.00879155 0.0089644 0.00860917 0.00829397 0.00855367 0.0083769 0.00834994 0.00844154 0.00822293 0.00827033 0.00819986 0.00831345 0.00898079 0.00829288 0.00852916 0.00908837 0.00850452 0.0086029 0.00866129 0.00841834 0.00854939 0.00830111 0.0083646 0.00857345 0.00833678 0.00850269 0.00852547 0.00857862 0.00868327 0.0086026 0.00862404 0.00871263 0.00873943 0.00859574 0.00849724 0.00824331 0.00832324 0.00890406 0.00874697 0.00910378 0.0083877 0.00856882 0.00833755 0.00839257 0.00821904 0.00831145 0.00829733 
0.0159575 0.00688883 0.00610828 0.00685806 0.0054613 0.0123544 0.00619281 0.00593628 0.00395524 0.00386398 0.00359466 0.00364526 0 0.0230674 0.00834742 0.00634953 0.00788105 0.00752399 0.00812493 0.0171848 0.00976389 0.0115618 0.00952251 0.0109173 0.0094446 0.00922765 0.010868 0.014181 0.00863224 0.00866376 0.0083301 0.00879434 0.00834498 0.00838325 0.00847237 0.00827705 0.00818754 0.0087753 0.00828532 0.00927469 0.0125058 0.00869453 0.00942421 0.00869079 0.00879804 0.00903825 0.00853887 0.00872104 0.00839102 0.00844354 0.0088295 0.0111242 0.0087572 0.00866511 0.00956385 0.00857041 0.00875586 0.0088213 0.00849099 0.00907986 0.00822687 0.00926683 0.00849535 0.00854796 0.00925966 0.00861575 0.00930385 0.00822762 0.00893999 0.00825277 0.00831098 0.00900031 0.00810321 
0.0171556 0.0103201 0.0121145 0.0101216 0.0171731 0.0182597 0.0142103 0.0129108 0.0151642 0.0118818 0.0140414 0.00986984 0.0230674 0 0.00418414 0.00365624 0.00361731 0.00380558 0.00428297 0.0404792 0.0176474 0.0138085 0.0159927 0.0795887 0.0104886 0.00982072 0.0205227 0.0103714 0.00870386 0.00864461 0.00938694 0.00861764 0.00875117 0.0085682 0.00847434 0.00843479 0.00834388 0.00839709 0.00924957 0.0115895 0.0136728 0.00936625 0.00894131 0.00919919 0.00915169 0.00876712 0.00943831 0.00860955 0.00837527 0.00909509 0.0140591 0.0109834 0.00905526 0.00923315 0.00891462 0.00923617 0.00927942 0.00895037 0.00930949 0.00990343 0.0124991 0.0101508 0.0085006 0.00984348 0.00918463 0.00966935 0.00876254 0.00898843 0.0084306 0.00836469 0.00994856 0.0082496 0.008733 
0.00952841 0.0242036 0.0109014 0.0185549 0.00964514 0.0101807 0.0226482 0.0216993 0.0174762 0.0116216 0.0111037 0.0191203 0.00834742 0.00418414 0 0.00360862 0.00363368 0.00404505 0.00372629 0.0204638 0.0801238 0.0240828 0.189316 0.0281542 0.0127391 0.016986 0.00969383 0.00927219 0.00979923 0.00972714 0.00937756 0.0102369 0.00951994 0.00928942 0.00892394 0.00892182 0.00885412 0.00981642 0.00991132 0.00927442 0.00916456 0.0119271 0.0124812 0.012991 0.013447 0.0124151 0.0110466 0.0107057 0.00957341 0.0094449 0.00917749 0.00929406 0.0120303 0.0128993 0.0145319 0.0131559 0.0142272 0.0159459 0.0122131 0.0114259 0.00905139 0.00845905 0.0103488 0.0123508 0.017636 0.0129243 0.0113268 0.00959248 0.0102504 0.00917926 0.00866773 0.00820857 0.00830686 
0.00983658 0.0106828 0.0162968 0.0112307 0.00951335 0.0119167 0.0159325 0.0263242 0.0226045 0.0111277 0.0148723 0.0103145 0.00634953 0.00365624 0.00360862 0 0.00368468 0.00361583 0.00357366 0.0211903 0.0233064 0.405731 0.0301597 0.0728977 0.0337953 0.0100636 0.00954062 0.0090515 0.00963355 0.0114227 0.0140384 0.012674 0.0115806 0.0100904 0.00965375 0.0094503 0.010063 0.0101233 0.00918197 0.00878678 0.00931082 0.0132468 0.0189213 0.0218852 0.026622 0.0162419 0.0160331 0.0141442 0.0138517 0.00904157 0.00903335 0.0092269 0.0126262 0.0274559 0.0225573 0.0216213 0.0234878 0.0273243 0.030037 0.0107189 0.00864773 0.00888132 0.00981592 0.0252302 0.0277359 0.0262698 0.0125939 0.0145745 0.0105149 0.00899284 0.00840444 0.00831129 0.00809398 
0.00940521 0.0118632 0.0149026 0.0112976 0.00990607 0.0107937 0.0190822 0.0333384 0.0172993 0.0115162 0.0153642 0.00801717 0.00788105 0.00361731 0.00363368 0.00368468 0 0.00355157 0.00356164 0.0171222 0.328804 0.0528444 0.0764228 0.0447185 0.0588735 0.0103824 0.0105807 0.00918246 0.0103004 0.0122978 0.0120583 0.0111696 0.0119006 0.00993077 0.00980511 0.00945493 0.0098546 0.00992328 0.00937755 0.00878425 0.00954735 0.0130772 0.0208077 0.0227412 0.0204974 0.0172635 0.016755 0.0149061 0.0122325 0.00921153 0.00914661 0.00920628 0.0163438 0.0223641 0.0241237 0.0194757 0.028231 0.0329125 0.0210894 0.0106759 0.00889008 0.0086104 0.010574 0.0211105 0.0296832 0.0229703 0.0159823 0.0119186 0.0107879 0.00904078 0.00844994 0.00826286 0.00817501 
0.0118255 0.0242765 0.0090816 0.0167865 0.00910965 0.0142607 0.0266637 0.0174466 0.0300677 0.0117546 0.0146931 0.0647058 0.00752399 0.00380558 0.00404505 0.00361583 0.00355157 0 0.00367999 0.185575 0.0310413 0.0595543 0.0346577 0.029215 0.0133692 0.0375226 0.0115625 0.0116289 0.0116642 0.00989603 0.0094748 0.0109022 0.00994793 0.00931648 0.0090974 0.0091734 0.00892741 0.00927893 0.00916218 0.00893411 0.0100325 0.0132363 0.011964 0.0114509 0.0134846 0.0128061 0.0102832 0.0104339 0.00936316 0.00936737 0.00891029 0.0104053 0.0117097 0.0122387 0.011987 0.0127107 0.0129628 0.0139998 0.010763 0.010662 0.00854114 0.00902695 0.00983083 0.0115256 0.0149449 0.0122104 0.010609 0.00924334 0.00983815 0.00862904 0.00833814 0.00865902 0.0081258 
0.0180309 0.0087976 0.0107737 0.00855612 0.0154613 0.0296383 0.0116929 0.0112591 0.0112673 0.0120495 0.0909681 0.00720198 0.00812493 0.00428297 0.00372629 0.00357366 0.00356164 0.00367999 0 0.0253157 0.0178328 0.0145293 0.0150566 0.0107243 0.0127668 0.0096271 0.0370401 0.0176965 0.00888453 0.00873167 0.00985735 0.0087365 0.00895545 0.00854719 0.00849143 0.00840067 0.00848946 0.00847834 0.00905486 0.0086012 0.0140143 0.00974568 0.00936532 0.00957233 0.0093273 0.00942437 0.00928444 0.00882582 0.0085679 0.00850263 0.00949349 0.0107595 0.00918681 0.00935393 0.00983253 0.00975096 0.00980529 0.0094919 0.00941414 0.00855443 0.00881417 0.00976307 0.00887469 0.00916115 0.00977931 0.00976326 0.00867335 0.00905801 0.00824175 0.00838628 0.00825516 0.00849326 0.00814004 
0.0123338 0.0134264 0.0101231 0.014914 0.0148907 0.018743 0.015794 0.0149499 0.0166262 0.0200311 0.0136622 0.0107212 0.0171848 0.0404792 0.0204638 0.0211903 0.0171222 0.185575 0.0253157 0 0.00375225 0.00360031 0.00359396 0.00359931 0.00363511 0.00547935 0.00652826 0.031668 0.00987215 0.0100705 0.00897641 0.0109138 0.0090302 0.00910903 0.00898693 0.00915832 0.00867628 0.0106395 0.00933455 0.0177373 0.0160428 0.010637 0.0121988 0.0113679 0.0109779 0.0116208 0.0100967 0.00984144 0.00949529 0.0110838 0.0171965 0.0207338 0.0116725 0.0108782 0.0116725 0.011149 0.0116663 0.0114565 0.0112806 0.0161509 0.0131829 0.0115598 0.010718 0.0108821 0.0129417 0.0105698 0.0118543 0.00881047 0.0111094 0.00863539 0.0183335 0.00871668 0.00936726 
0.0111866 0.014449 0.0419983 0.0114803 0.0127333 0.0142992 0.0476292 0.0427977 0.0417162 0.0136112 0.0134982 0.0227999 0.00976389 0.0176474 0.0801238 0.0233064 0.328804 0.0310413 0.0178328 0.00375225 0 0.00358839 0.00360588 0.00367811 0.00364219 0.00366607 0.00401164 0.019441 0.0239934 0.0106546 0.018847 0.0104611 0.0129948 0.0105931 0.00962467 0.00965566 0.0103221 0.00966371 0.0197034 0.00974155 0.0126367 0.0432223 0.0179259 0.0384431 0.0283793 0.0194601 0.0274509 0.0162075 0.0176504 0.0125804 0.0117671 0.0166873 0.0382952 0.0378947 0.0306223 0.0370309 0.0427431 0.0431025 0.0523616 0.0142882 0.0113004 0.0108279 0.0185222 0.0563083 0.0362762 0.0611782 0.0133859 0.0530501 0.0100697 0.0162155 0.0089488 0.0084792 0.00838763 
0.00966175 0.0313107 0.0130076 0.027878 0.0101763 0.015372 0.0412271 0.0889897 0.0353186 0.0163202 0.0114702 0.0100394 0.0115618 0.0138085 0.0240828 0.405731 0.0528444 0.0595543 0.0145293 0.00360031 0.00358839 0 0.00358399 0.00364206 0.00361961 0.00355013 0.00517652 0.0158824 0.0182348 0.0266648 0.0114038 0.0262086 0.0142496 0.0125273 0.01269 0.0108922 0.0110362 0.0252805 0.00989417 0.0100054 0.0124521 0.0167414 0.0614563 0.0378828 0.0527925 0.0597595 0.0284738 0.0414292 0.0252676 0.0129846 0.0103804 0.0136842 0.0386404 0.0639812 0.0796361 0.0579523 0.0991857 0.136149 0.0481542 0.0246297 0.00942614 0.0101146 0.0271883 0.0734389 0.195306 0.0485096 0.137514 0.0220129 0.0493579 0.0104906 0.00999005 0.00903457 0.00838567 
0.0108766 0.01114 0.0498783 0.0108304 0.0130421 0.0168967 0.0419089 0.074092 0.0446317 0.0162525 0.0112898 0.0108164 0.00952251 0.0159927 0.189316 0.0301597 0.0764228 0.0346577 0.0150566 0.00359396 0.00360588 0.00358399 0 0.00357417 0.00360461 0.00359672 0.00360213 0.0138696 0.0179605 0.0151434 0.0381457 0.0116876 0.0203327 0.0110954 0.0106427 0.011835 0.0140077 0.00986603 0.0137022 0.00924894 0.0106739 0.0408152 0.0250283 0.0629478 0.050429 0.0356108 0.0561469 0.0248844 0.0259115 0.011046 0.0104363 0.0119282 0.0305206 0.0983537 0.0552655 0.0918859 0.0870356 0.0651148 0.117235 0.0128289 0.0120202 0.0116713 0.0185089 0.138911 0.058646 0.303334 0.017271 0.0945096 0.0130296 0.0171261 0.00895338 0.00845744 0.00848253 
0.00993925 0.0327852 0.00997639 0.0364407 0.00948031 0.0147118 0.035418 0.0452547 0.0334209 0.0126773 0.0114231 0.00935528 0.0109173 0.0795887 0.0281542 0.0728977 0.0447185 0.029215 0.0107243 0.00359931 0.00367811 0.00364206 0.00357417 0 0.00362216 0.00357893 0.00358972 0.0139693 0.0149823 0.0378883 0.0115173 0.0336308 0.010383 0.0130894 0.012913 0.0114494 0.00983867 0.0242698 0.00918324 0.0100649 0.0127135 0.0124108 0.0708596 0.0244439 0.049091 0.0496752 0.0236962 0.0376019 0.0178394 0.0109978 0.00987311 0.0157373 0.0314705 0.0416461 0.0862488 0.0424081 0.0633577 0.0860127 0.0281457 0.0270453 0.00891219 0.0101384 0.0241715 0.0293745 0.226702 0.0305932 0.130024 0.0128615 0.0505037 0.00946718 0.00903886 0.00897194 0.00821693 
0.00964202 0.00899832 0.0390735 0.00901806 0.00994321 0.010929 0.0134544 0.043649 0.0157049 0.01056 0.00966744 0.00931601 0.0094446 0.0104886 0.0127391 0.0337953 0.0588735 0.0133692 0.0127668 0.00363511 0.00364219 0.00361961 0.00360461 0.00362216 0 0.0036908 0.00357744 0.0116682 0.0119771 0.0165823 0.0287018 0.0104676 0.0132417 0.00986916 0.00975318 0.00938615 0.0106235 0.00902876 0.0114355 0.00886618 0.00931956 0.0198747 0.0132592 0.0321605 0.0178591 0.0174382 0.0260713 0.0120147 0.0122544 0.00934205 0.00942666 0.0102068 0.0146504 0.0491396 0.0215329 0.0316658 0.0283453 0.0248295 0.0381907 0.0103738 0.00971267 0.00946991 0.00963971 0.0640987 0.0175932 0.0651108 0.0108517 0.0345845 0.0094569 0.00990563 0.008634 0.0082147 0.00827096 
0.00931019 0.0116534 0.00893595 0.0108788 0.00877713 0.0108463 0.0127243 0.0102741 0.0156813 0.00989047 0.00944355 0.0121341 0.00922765 0.00982072 0.016986 0.0100636 0.0103824 0.0375226 0.0096271 0.00547935 0.00366607 0.00355013 0.00359672 0.00357893 0.0036908 0 0.00364378 0.0128543 0.0124626 0.0111074 0.0095361 0.01398 0.00978738 0.00977203 0.00901192 0.00937247 0.00886135 0.0103421 0.010048 0.00898176 0.0114537 0.0112798 0.0116414 0.0108123 0.0116147 0.0116988 0.00954019 0.00949878 0.00918033 0.00954814 0.00885612 0.00983656 0.0130492 0.0106549 0.0118903 0.0104526 0.0117315 0.0122936 0.00975591 0.0112789 0.00881254 0.00852418 0.0157942 0.00971089 0.0161854 0.0101403 0.0122706 0.00901205 0.00933638 0.00861148 0.00858688 0.00843901 0.00826162 
0.013482 0.00893784 0.00883494 0.00949674 0.00965229 0.0181219 0.00984448 0.0105683 0.0102771 0.0123401 0.0164743 0.00879155 0.010868 0.0205227 0.00969383 0.00954062 0.0105807 0.0115625 0.0370401 0.00652826 0.00401164 0.00517652 0.00360213 0.00358972 0.00357744 0.00364378 0 0.0201605 0.00978679 0.00958627 0.00951493 0.00911061 0.00927973 0.00894452 0.00938772 0.00855727 0.00868268 0.00883152 0.00945297 0.0110284 0.0159771 0.0100814 0.0110266 0.0104441 0.00997335 0.010039 0.00941435 0.00925422 0.00874632 0.00874978 0.0100489 0.0142926 0.00940662 0.00974432 0.00995692 0.0096849 0.010045 0.00973716 0.00951153 0.00946013 0.00911549 0.0132227 0.00899078 0.0097617 0.00979363 0.0111484 0.00905642 0.00880689 0.00873276 0.00843816 0.00895376 0.00915128 0.00810878 
0.00858956 0.00851328 0.00873069 0.00929719 0.011713 0.00875417 0.0087819 0.00875098 0.00998562 0.0140274 0.00906314 0.0089644 0.014181 0.0103714 0.00927219 0.0090515 0.00918246 0.0116289 0.0176965 0.031668 0.019441 0.0158824 0.0138696 0.0139693 0.0116682 0.0128543 0.0201605 0 0.00394913 0.00359426 0.00400758 0.00373536 0.00379934 0.00375522 0.00452937 0.00443396 0.00505922 0.00559264 0.00767262 0.0384425 0.00813096 0.00839667 0.00929158 0.0086432 0.0125012 0.00852181 0.00946539 0.00862834 0.00846292 0.0117422 0.190892 0.0136094 0.00961443 0.00969149 0.00947326 0.00959585 0.0094505 0.0100571 0.0103204 0.0146991 0.0260017 0.0100214 0.00912983 0.00926209 0.00938813 0.00964965 0.00965011 0.00903482 0.00899416 0.00912525 0.0176854 0.00855409 0.00971182 
0.00809597 0.00849127 0.0085075 0.00875438 0.00852134 0.0084733 0.00922506 0.0103804 0.00968758 0.00914994 0.00852386 0.00860917 0.00863224 0.00870386 0.00979923 0.00963355 0.0103004 0.0116642 0.00888453 0.00987215 0.0239934 0.0182348 0.0179605 0.0149823 0.0119771 0.0124626 0.00978679 0.00394913 0 0.00358647 0.00361082 0.00363848 0.00352956 0.00362723 0.00375993 0.00438854 0.00404022 0.00583373 0.019226 0.00633673 0.00723522 0.00807709 0.00855769 0.0104616 0.00846134 0.00900209 0.00891109 0.00922154 0.008781 0.0422332 0.0431404 0.0102508 0.0108786 0.0102344 0.0118285 0.0103776 0.0121971 0.0116625 0.010349 0.0113796 0.00905369 0.00896865 0.00945051 0.0111182 0.01168 0.0106523 0.0107859 0.00942561 0.00924083 0.0102165 0.00900872 0.00826102 0.00827771 
0.00819397 0.00851127 0.00856144 0.0091509 0.00816376 0.00871231 0.00940754 0.0110571 0.00972102 0.00863447 0.00862118 0.00829397 0.00866376 0.00864461 0.00972714 0.0114227 0.0122978 0.00989603 0.00873167 0.0100705 0.0106546 0.0266648 0.0151434 0.0378883 0.0165823 0.0111074 0.00958627 0.00359426 0.00358647 0 0.00350602 0.00363314 0.00354524 0.00351594 0.00364042 0.00377826 0.00412287 0.0158459 0.00492394 0.00560009 0.00671788 0.00752415 0.00880956 0.00840567 0.00943114 0.00888922 0.00925367 0.0112968 0.0659524 0.110767 0.0417067 0.0105757 0.00998657 0.0134571 0.0130166 0.0127128 0.0134289 0.0140225 0.0128057 0.0105218 0.00858449 0.00876562 0.00966082 0.0135303 0.0242963 0.0129132 0.0182596 0.00952032 0.0160096 0.0086967 0.00861956 0.00860728 0.00805793 
0.00823838 0.00818919 0.0126833 0.00837478 0.0086772 0.00880328 0.00953786 0.012985 0.00952838 0.00870275 0.00911356 0.00855367 0.0083301 0.00938694 0.00937756 0.0140384 0.0120583 0.0094748 0.00985735 0.00897641 0.018847 0.0114038 0.0381457 0.0115173 0.0287018 0.0095361 0.00951493 0.00400758 0.00361082 0.00350602 0 0.0035725 0.00358709 0.00357057 0.00359769 0.00363526 0.0148011 0.00368526 0.00498678 0.00459338 0.00651557 0.00922158 0.0073611 0.00989269 0.00825976 0.00908591 0.0125733 0.0801482 0.0958028 0.0466989 0.0201878 0.00932494 0.0113943 0.0148038 0.0113076 0.0164533 0.0127311 0.0126885 0.0185878 0.00903795 0.0103868 0.0103341 0.00959236 0.0236524 0.0114403 0.0433436 0.00953755 0.0332722 0.00884354 0.0100452 0.00855856 0.00819731 0.00840069 
0.00814641 0.00896619 0.00832502 0.00971668 0.00823983 0.00872377 0.00956787 0.0114008 0.00964156 0.00871479 0.00860438 0.0083769 0.00879434 0.00861764 0.0102369 0.012674 0.0111696 0.0109022 0.0087365 0.0109138 0.0104611 0.0262086 0.0116876 0.0336308 0.0104676 0.01398 0.00911061 0.00373536 0.00363848 0.00363314 0.0035725 0 0.00354324 0.0035752 0.00362334 0.00388489 0.00367959 0.0039289 0.00387919 0.00445249 0.00705903 0.00690467 0.0092797 0.00798458 0.00880435 0.0147964 0.0946828 0.14402 0.0634644 0.0129269 0.00940009 0.0101961 0.0103907 0.0124337 0.0148076 0.0109989 0.0143955 0.0158645 0.0102784 0.0123739 0.00864979 0.00913222 0.0107083 0.0115136 0.0475276 0.0100414 0.0420272 0.00904255 0.0158052 0.00880953 0.00900911 0.00869594 0.00816106 
0.00817905 0.00821914 0.0093042 0.00844636 0.00828886 0.00870239 0.00922522 0.0107512 0.00947432 0.00857525 0.00865147 0.00834994 0.00834498 0.00875117 0.00951994 0.0115806 0.0119006 0.00994793 0.00895545 0.0090302 0.0129948 0.0142496 0.0203327 0.010383 0.0132417 0.00978738 0.00927973 0.00379934 0.00352956 0.00354524 0.00358709 0.00354324 0 0.00356224 0.00358265 0.00368743 0.00366009 0.00368368 0.00376398 0.00390587 0.0062391 0.0080158 0.00704803 0.00934985 0.009106 0.086734 0.135129 0.0606944 0.0329882 0.00951119 0.00802391 0.00898391 0.00988523 0.0120705 0.0119911 0.0143253 0.0134643 0.0119564 0.0146287 0.00906573 0.00878459 0.00924522 0.0096683 0.0200284 0.0114713 0.0279449 0.0099809 0.0151516 0.00925897 0.00896936 0.00849442 0.00815833 0.00815987 
0.00815854 0.00832773 0.00879541 0.00846578 0.00818964 0.00868922 0.00893482 0.00978349 0.00889982 0.00849209 0.00858906 0.00844154 0.00838325 0.0085682 0.00928942 0.0100904 0.00993077 0.00931648 0.00854719 0.00910903 0.0105931 0.0125273 0.0110954 0.0130894 0.00986916 0.00977203 0.00894452 0.00375522 0.00362723 0.00351594 0.00357057 0.0035752 0.00356224 0 0.00359523 0.00356067 0.00357826 0.00369528 0.00369614 0.00367604 0.00603479 0.00730404 0.00676313 0.00747057 0.0221558 0.100221 0.0666256 0.0151239 0.0117589 0.00794997 0.00815869 0.00907186 0.00949276 0.0107725 0.0117543 0.0106061 0.0109856 0.0110537 0.010096 0.00910263 0.00865355 0.00898843 0.00942791 0.0113085 0.0182269 0.0116095 0.0119069 0.0104898 0.00946148 0.00865042 0.00860341 0.00828498 0.0081781 
0.00813345 0.00827379 0.00835689 0.00845418 0.00819655 0.00842628 0.00855264 0.00948396 0.00881367 0.00850638 0.00832495 0.00822293 0.00847237 0.00847434 0.00892394 0.00965375 0.00980511 0.0090974 0.00849143 0.00898693 0.00962467 0.01269 0.0106427 0.012913 0.00975318 0.00901192 0.00938772 0.00452937 0.00375993 0.00364042 0.00359769 0.00362334 0.00358265 0.00359523 0 0.00362939 0.00365355 0.00365952 0.00354103 0.00365271 0.00532945 0.00602263 0.00654389 0.0183993 0.283335 0.08858 0.013233 0.0135519 0.00768427 0.00778583 0.00781891 0.00908787 0.00929156 0.0108441 0.0113778 0.00986733 0.0119872 0.0107079 0.00981087 0.00969078 0.00851564 0.00876369 0.00889128 0.0127644 0.0123387 0.011785 0.0116833 0.009213 0.00960653 0.00870055 0.00874511 0.00831622 0.00817326 
0.00810163 0.00818738 0.00874952 0.00836654 0.00815476 0.00856184 0.00869395 0.0091838 0.00873896 0.0085115 0.00834412 0.00827033 0.00827705 0.00843479 0.00892182 0.0094503 0.00945493 0.0091734 0.00840067 0.00915832 0.00965566 0.0108922 0.011835 0.0114494 0.00938615 0.00937247 0.00855727 0.00443396 0.00438854 0.00377826 0.00363526 0.00388489 0.00368743 0.00356067 0.00362939 0 0.00367542 0.00356199 0.00398923 0.00358488 0.00462071 0.00600009 0.00953749 0.257019 0.0639333 0.06017 0.0093844 0.00733615 0.00731711 0.00751937 0.00748114 0.00892094 0.011295 0.0115116 0.00947857 0.0117393 0.0103692 0.00992821 0.0100429 0.00918909 0.00854693 0.00876906 0.00908433 0.0112962 0.0118946 0.0125994 0.0100466 0.0103684 0.00914291 0.00870108 0.0086394 0.00823901 0.00822196 
0.0080709 0.00814432 0.00862654 0.0082268 0.00815462 0.00832107 0.0087944 0.00960977 0.00890749 0.00843671 0.00837642 0.00819986 0.00818754 0.00834388 0.00885412 0.010063 0.0098546 0.00892741 0.00848946 0.00867628 0.0103221 0.0110362 0.0140077 0.00983867 0.0106235 0.00886135 0.00868268 0.00505922 0.00404022 0.00412287 0.0148011 0.00367959 0.00366009 0.00357826 0.00365355 0.00367542 0 0.00354679 0.0035594 0.00355839 0.00380657 0.00627067 0.140516 0.0853276 0.0576871 0.00649391 0.00712701 0.00685506 0.00689186 0.00720275 0.00723224 0.00934256 0.0102721 0.00975411 0.0110479 0.00996274 0.00989518 0.0103111 0.00998887 0.00886743 0.00838445 0.00881034 0.00907968 0.0131764 0.0114884 0.0136642 0.00980655 0.0118018 0.00900128 0.00879841 0.0083776 0.00811373 0.00816068 
0.00811428 0.00883562 0.0082818 0.0105043 0.00816077 0.00849649 0.00920158 0.0103686 0.00917382 0.00845009 0.00838765 0.00831345 0.0087753 0.00839709 0.00981642 0.0101233 0.00992328 0.00927893 0.00847834 0.0106395 0.00966371 0.0252805 0.00986603 0.0242698 0.00902876 0.0103421 0.00883152 0.00559264 0.00583373 0.0158459 0.00368526 0.0039289 0.00368368 0.00369528 0.00365952 0.00356199 0.00354679 0 0.00354542 0.00359508 0.0126535 0.11139 0.124066 0.0139525 0.00628172 0.00805753 0.00642993 0.00789021 0.00678296 0.00715983 0.00746244 0.0106033 0.00972913 0.0112072 0.0119696 0.0097314 0.0120764 0.0126593 0.00954247 0.0102518 0.00841944 0.00872055 0.0108573 0.011797 0.0222295 0.00985129 0.0253075 0.0088854 0.0157404 0.00849814 0.00896555 0.00918232 0.00810297 
0.0084176 0.00823155 0.00962195 0.00832266 0.00851654 0.00894354 0.00901122 0.00905425 0.0093103 0.0087117 0.00885897 0.00898079 0.00828532 0.00924957 0.00991132 0.00918197 0.00937755 0.00916218 0.00905486 0.00933455 0.0197034 0.00989417 0.0137022 0.00918324 0.0114355 0.010048 0.00945297 0.00767262 0.019226 0.00492394 0.00498678 0.00387919 0.00376398 0.00369614 0.00354103 0.00398923 0.0035594 0.00354542 0 0.00366314 0.021041 0.282989 0.0201101 0.0076063 0.00652945 0.00679633 0.00805599 0.00686799 0.0064573 0.00708302 0.00848444 0.0102631 0.0191776 0.010064 0.00958939 0.0103335 0.0100079 0.00994054 0.0107633 0.00925115 0.0106441 0.00999382 0.00986549 0.0121188 0.0100563 0.0171376 0.00896365 0.0145975 0.00863146 0.0107057 0.00875102 0.00837476 0.00866868 
0.00911788 0.00836519 0.00819601 0.00850852 0.00821843 0.0106909 0.00853996 0.00871358 0.0086692 0.00875811 0.00994724 0.00829288 0.00927469 0.0115895 0.00927442 0.00878678 0.00878425 0.00893411 0.0086012 0.0177373 0.00974155 0.0100054 0.00924894 0.0100649 0.00886618 0.00898176 0.0110284 0.0384425 0.00633673 0.00560009 0.00459338 0.00445249 0.00390587 0.00367604 0.00365271 0.00358488 0.00355839 0.00359508 0.00366314 0 0.805755 0.0157307 0.00636058 0.00437508 0.00488312 0.00625835 0.00548704 0.00632561 0.00614472 0.00675552 0.00757513 0.0154539 0.00929049 0.00996995 0.0102046 0.00946236 0.00962608 0.00975022 0.00901496 0.010408 0.00866074 0.0123045 0.00991138 0.00938813 0.01056 0.00942024 0.010647 0.00863208 0.00930424 0.00847127 0.0101739 0.00958654 0.00827654 
0.0084819 0.00856225 0.00831528 0.00930828 0.00982468 0.00914281 0.00901476 0.00909786 0.00995206 0.0116482 0.00931015 0.00852916 0.0125058 0.0136728 0.00916456 0.00931082 0.00954735 0.0100325 0.0140143 0.0160428 0.0126367 0.0124521 0.0106739 0.0127135 0.00931956 0.0114537 0.0159771 0.00813096 0.00723522 0.00671788 0.00651557 0.00705903 0.0062391 0.00603479 0.00532945 0.00462071 0.00380657 0.0126535 0.021041 0.805755 0 0.00377999 0.0035694 0.00357768 0.00360285 0.00384158 0.00387657 0.00429569 0.00481746 0.00649023 0.0171007 0.0310424 0.0102801 0.0104298 0.0116135 0.0104116 0.0108182 0.0105083 0.0115608 0.0225995 0.0201276 0.01482 0.0122958 0.0108575 0.0144511 0.0109261 0.014134 0.00975277 0.0117584 0.0091902 0.0207816 0.00990233 0.00922165 
0.00820756 0.008492 0.010362 0.00870485 0.00932537 0.00882292 0.0118585 0.014176 0.0129063 0.00932499 0.0088174 0.00908837 0.00869453 0.00936625 0.0119271 0.0132468 0.0130772 0.0132363 0.00974568 0.010637 0.0432223 0.0167414 0.0408152 0.0124108 0.0198747 0.0112798 0.0100814 0.00839667 0.00807709 0.00752415 0.00922158 0.00690467 0.0080158 0.00730404 0.00602263 0.00600009 0.00627067 0.11139 0.282989 0.0157307 0.00377999 0 0.00355862 0.00356747 0.00368906 0.00362525 0.00375874 0.00372393 0.00418388 0.00707788 0.00627099 0.0122449 0.0257495 0.0162918 0.012996 0.0181892 0.0155519 0.019078 0.0242247 0.0214785 0.0153844 0.0115217 0.0133807 0.0327938 0.0169152 0.0379751 0.0110072 0.0295105 0.00922484 0.0216198 0.0109264 0.00844534 0.00866087 
0.00831238 0.00934985 0.00910595 0.0105884 0.00841252 0.0091928 0.0147056 0.0200839 0.0139613 0.0100541 0.00873939 0.00850452 0.00942421 0.00894131 0.0124812 0.0189213 0.0208077 0.011964 0.00936532 0.0121988 0.0179259 0.0614563 0.0250283 0.0708596 0.0132592 0.0116414 0.0110266 0.00929158 0.00855769 0.00880956 0.0073611 0.0092797 0.00704803 0.00676313 0.00654389 0.00953749 0.140516 0.124066 0.0201101 0.00636058 0.0035694 0.00355862 0 0.00355525 0.00358329 0.00356068 0.00360327 0.00361092 0.00405164 0.00405394 0.00467486 0.0115818 0.015825 0.0159608 0.023585 0.0146965 0.0258328 0.031693 0.0210507 0.0236416 0.0116693 0.0105606 0.0196791 0.0191337 0.0584373 0.0189086 0.0543131 0.0105295 0.0412143 0.00996605 0.0114617 0.00880802 0.00844148 
0.00836655 0.00862261 0.0113683 0.00896011 0.00863302 0.00982342 0.0144415 0.020888 0.0138665 0.00956931 0.0089353 0.0086029 0.00869079 0.00919919 0.012991 0.0218852 0.0227412 0.0114509 0.00957233 0.0113679 0.0384431 0.0378828 0.0629478 0.0244439 0.0321605 0.0108123 0.0104441 0.0086432 0.0104616 0.00840567 0.00989269 0.00798458 0.00934985 0.00747057 0.0183993 0.257019 0.0853276 0.0139525 0.0076063 0.00437508 0.00357768 0.00356747 0.00355525 0 0.00355009 0.00359526 0.00363595 0.00358744 0.00367951 0.00371518 0.00405902 0.0111469 0.0148948 0.0213712 0.019813 0.0279077 0.0322618 0.0353727 0.0646485 0.0139184 0.0110133 0.0129327 0.0139227 0.0393621 0.0311775 0.0561336 0.0143544 0.0380944 0.0127083 0.0129731 0.00963794 0.00842755 0.00847366 
0.0082453 0.00895606 0.00953638 0.0098158 0.00848863 0.00911324 0.0142596 0.0208398 0.0144645 0.0096401 0.00867481 0.00866129 0.00879804 0.00915169 0.013447 0.026622 0.0204974 0.0134846 0.0093273 0.0109779 0.0283793 0.0527925 0.050429 0.049091 0.0178591 0.0116147 0.00997335 0.0125012 0.00846134 0.00943114 0.00825976 0.00880435 0.009106 0.0221558 0.283335 0.0639333 0.0576871 0.00628172 0.00652945 0.00488312 0.00360285 0.00368906 0.00358329 0.00355009 0 0.00357806 0.00356998 0.00358396 0.00359179 0.00364172 0.00373518 0.0104689 0.0135288 0.0161764 0.032385 0.0331529 0.0475784 0.0795066 0.0278848 0.0148559 0.00911237 0.00993964 0.0169886 0.0327503 0.0475146 0.0313785 0.0357909 0.0225342 0.0175967 0.0119675 0.0105026 0.00851743 0.00855697 
0.00830346 0.00864503 0.00880678 0.00961509 0.00840571 0.00899236 0.0119571 0.0165267 0.0129664 0.00968132 0.00867886 0.00841834 0.00903825 0.00876712 0.0124151 0.0162419 0.0172635 0.0128061 0.00942437 0.0116208 0.0194601 0.0597595 0.0356108 0.0496752 0.0174382 0.0116988 0.010039 0.00852181 0.00900209 0.00888922 0.00908591 0.0147964 0.086734 0.100221 0.08858 0.06017 0.00649391 0.00805753 0.00679633 0.00625835 0.00384158 0.00362525 0.00356068 0.00359526 0.00357806 0 0.00361331 0.00357517 0.00351743 0.00361725 0.00384584 0.0095246 0.0134872 0.0356757 0.030329 0.0426473 0.0788846 0.0290302 0.0189566 0.0134516 0.00918304 0.01054 0.0131623 0.0315356 0.0362842 0.0316832 0.0300843 0.0138891 0.0178487 0.00943164 0.0110388 0.00873705 0.00841189 
0.00822314 0.00844686 0.0100617 0.00871502 0.00879191 0.00933717 0.01096 0.0164904 0.0109023 0.00951929 0.00881758 0.00854939 0.00853887 0.00943831 0.0110466 0.0160331 0.016755 0.0102832 0.00928444 0.0100967 0.0274509 0.0284738 0.0561469 0.0236962 0.0260713 0.00954019 0.00941435 0.00946539 0.00891109 0.00925367 0.0125733 0.0946828 0.135129 0.0666256 0.013233 0.0093844 0.00712701 0.00642993 0.00805599 0.00548704 0.00387657 0.00375874 0.00360327 0.00363595 0.00356998 0.00361331 0 0.00357267 0.00356746 0.00358874 0.00359719 0.0102906 0.0297242 0.0342209 0.0485111 0.0807642 0.0321959 0.0209087 0.0185478 0.0112557 0.00937351 0.0103714 0.0125355 0.0263806 0.035332 0.0414639 0.0180003 0.0288234 0.0124043 0.0114757 0.00991905 0.00847264 0.00854331 
0.00817258 0.00848374 0.00882736 0.00918484 0.00827938 0.00887893 0.0105291 0.0128488 0.0107919 0.00882001 0.00853428 0.00830111 0.00872104 0.00860955 0.0107057 0.0141442 0.0149061 0.0104339 0.00882582 0.00984144 0.0162075 0.0414292 0.0248844 0.0376019 0.0120147 0.00949878 0.00925422 0.00862834 0.00922154 0.0112968 0.0801482 0.14402 0.0606944 0.0151239 0.0135519 0.00733615 0.00685506 0.00789021 0.00686799 0.00632561 0.00429569 0.00372393 0.00361092 0.00358744 0.00358396 0.00357517 0.00357267 0 0.0035513 0.00358729 0.00356211 0.0110989 0.0188114 0.0442198 0.0438195 0.0266252 0.0143403 0.0170474 0.012844 0.0119737 0.00794678 0.00982193 0.0123066 0.0244899 0.0360428 0.0278165 0.0258465 0.015273 0.0148799 0.00931262 0.0097795 0.00885189 0.00833401 
0.00813457 0.00833663 0.00897774 0.00867792 0.00818195 0.00876986 0.00945937 0.0120205 0.00972536 0.00860569 0.00841574 0.0083646 0.00839102 0.00837527 0.00957341 0.0138517 0.0122325 0.00936316 0.0085679 0.00949529 0.0176504 0.0252676 0.0259115 0.0178394 0.0122544 0.00918033 0.00874632 0.00846292 0.008781 0.0659524 0.0958028 0.0634644 0.0329882 0.0117589 0.00768427 0.00731711 0.00689186 0.00678296 0.0064573 0.00614472 0.00481746 0.00418388 0.00405164 0.00367951 0.00359179 0.00351743 0.00356746 0.0035513 0 0.00355428 0.00355512 0.0116728 0.0309891 0.0309699 0.0210799 0.0121531 0.0144754 0.0123457 0.0148784 0.00950253 0.00761575 0.00897486 0.0112848 0.0207356 0.0197111 0.0193203 0.0170357 0.0130014 0.0124818 0.00898423 0.0091024 0.00843307 0.008317 
0.00852449 0.00835988 0.00852357 0.00842747 0.00822217 0.00906691 0.009056 0.00911803 0.00922305 0.00860926 0.00865403 0.00857345 0.00844354 0.00909509 0.0094449 0.00904157 0.00921153 0.00936737 0.00850263 0.0110838 0.0125804 0.0129846 0.011046 0.0109978 0.00934205 0.00954814 0.00874978 0.0117422 0.0422332 0.110767 0.0466989 0.0129269 0.00951119 0.00794997 0.00778583 0.00751937 0.00720275 0.00715983 0.00708302 0.00675552 0.00649023 0.00707788 0.00405394 0.00371518 0.00364172 0.00361725 0.00358874 0.00358729 0.00355428 0 0.00363896 0.0168089 0.0205088 0.014722 0.0116649 0.00970935 0.010198 0.0100983 0.00917199 0.0203078 0.00750703 0.00898394 0.0113643 0.0106809 0.0121092 0.0111564 0.0101241 0.0097909 0.0090886 0.010007 0.00904295 0.00920954 0.00854463 
0.00954899 0.00833191 0.00845949 0.00837901 0.00846607 0.0122041 0.00892404 0.00902587 0.00880521 0.00908296 0.0111842 0.00833678 0.0088295 0.0140591 0.00917749 0.00903335 0.00914661 0.00891029 0.00949349 0.0171965 0.0117671 0.0103804 0.0104363 0.00987311 0.00942666 0.00885612 0.0100489 0.190892 0.0431404 0.0417067 0.0201878 0.00940009 0.00802391 0.00815869 0.00781891 0.00748114 0.00723224 0.00746244 0.00848444 0.00757513 0.0171007 0.00627099 0.00467486 0.00405902 0.00373518 0.00384584 0.00359719 0.00356211 0.00355512 0.00363896 0 0.0198407 0.0161869 0.0122873 0.00892796 0.00999526 0.00930472 0.00936496 0.00954476 0.00915652 0.00878494 0.0188483 0.0101854 0.0103266 0.0104619 0.0110637 0.00986012 0.00964884 0.00911104 0.00895497 0.0116796 0.0118224 0.00864984 
