1JOBA
AEDGPQKQQLEMPLVLDQDLTQQMRLRVESLKQRGEKKQDGEKLIRPAESVYRLDFIQQQKLQFDHWNVVLDKPGKVTITGTSQNWTPDLTNLMTRQLLDPAAIFWRKEDSDAMDWNEADALEFGERLSDLAKIRKVMYFLITFGEGVEPANLKASVVFNQL
CCCCCCCCEEEEEEEECHHHHHHHHHHHHHHHHCCCCCCCCECCCCCCEEEEEEECCCCCCCCEEEEEEEECCCEEEEEEEECCCCCCCCCCCEHHHECCCCEEEEECCCCCCCEECHHHHHHHHHHHHHHCCCCCEEEEEEEECCCCCHHHEEEEEEEECC
0 0 0 0 0 0 0 0 0 0 0 0 0 0 0 0 0 0 0 0 0 0 0 0 0 0 0 0 0 0 0 0 0 0 0 0 0 0 0 0 0 0 0 0 0 0 0 0 0 0 0 0 0 0 0 0 0 0 0 0 0 0 0 0 0 0 0 0 0 0 0 0 0 0 0 0 0 0 0 0 0 0 0 0 0 0 0 0 0 0 0 0 0 0 0 0 0 0 0 0 0 0 0 0 0 0 0 0 0 0 0 0 0 0 0 0 0 0 0 0 0 0 0 0 0 0 0 0 0 0 0 0 0 0 0 0 0 0 0 0 0 0 0 0 0 0 0 0 0 0 0 0 0 0 0 0 0 0 0 0 0 0 
0 0 0 0 0 0 0 0 0 0 0 0 0 0 0 0 0 0 0 0 0 0 0 0 0 0 0 0 0 0 0 0 0 0 0 0 0 0 0 0 0 0 0 0 0 0 0 0 0 0 0 0 0 0 0 0 0 0 0 0 0 0 0 0 0 0 0 0 0 0 0 0 0 0 0 0 0 0 0 0 0 0 0 0 0 0 0 0 0 0 0 0 0 0 0 0 0 0 0 0 0 0 0 0 0 0 0 0 0 0 0 0 0 0 0 0 0 0 0 0 0 0 0 0 0 0 0 0 0 0 0 0 0 0 0 0 0 0 0 0 0 0 0 0 0 0 0 0 0 0 0 0 0 0 0 0 0 0 0 0 0 0 
0 0.00388878 0.00390019 0.00364367 0.00401115 0.00362562 0.00442635 0.005089 0.0188244 0.0121193 0.0103112 0.00915863 0.00924284 0.0136959 0.00841419 0.0378414 0.00887772 0.00855462 0.00865765 0.00830504 0.0103495 0.00836084 0.0138792 0.0111852 0.00897161 0.0100922 0.00844267 0.0125291 0.00858931 0.00977738 0.00848587 0.0135824 0.00961849 0.00936513 0.00883152 0.00846943 0.00817763 0.00866101 0.00910933 0.0082392 0.00837159 0.00850125 0.00823263 0.00850589 0.0083125 0.00842222 0.00831296 0.00841529 0.0089744 0.00814447 0.00852255 0.00811567 0.00870005 0.00818142 0.00840106 0.00835835 0.00853725 
0.00388878 0 0.0036386 0.00377061 0.00357216 0.00378564 0.00394017 0.00391237 0.00947886 0.00979345 0.0110399 0.0106226 0.0161067 0.00975634 0.0982993 0.00858245 0.0133853 0.00856637 0.00852506 0.0181738 0.0085181 0.0509516 0.00865767 0.0158126 0.0109572 0.00838802 0.0212101 0.00874723 0.0334828 0.00874285 0.0211835 0.00891923 0.00833843 0.00822618 0.00905717 0.00867184 0.0112489 0.00839108 0.00937645 0.0081133 0.00827718 0.00870917 0.00861601 0.00898267 0.00969854 0.0092759 0.00998339 0.00860367 0.0084827 0.0101699 0.00828987 0.0102983 0.00834522 0.00994396 0.00868313 0.00890035 0.00842472 
0.00390019 0.0036386 0 0.003636 0.00371388 0.00356554 0.00368138 0.00367871 0.00965109 0.0101237 0.0128683 0.0126151 0.0098673 0.0807757 0.00849638 0.0254588 0.00853636 0.0115689 0.0151325 0.00849814 0.0566043 0.00879496 0.0254915 0.00853545 0.00848842 0.0166645 0.00871009 0.115689 0.00903155 0.0575053 0.00895396 0.0101546 0.00835529 0.00825349 0.00860532 0.0118849 0.00866339 0.0130411 0.00830888 0.00891332 0.00819607 0.00832995 0.00907973 0.0105116 0.00968305 0.0122592 0.00940833 0.0107011 0.00833154 0.00816734 0.00960024 0.0084156 0.0124507 0.00881564 0.0133483 0.00865114 0.00828746 
0.00364367 0.00377061 0.003636 0 0.00354805 0.00354967 0.00356404 0.00357426 0.00850312 0.00911611 0.0104139 0.012327 0.0302531 0.00879545 0.0322949 0.00846301 0.0122352 0.00850736 0.00862881 0.0389325 0.00866087 0.0391421 0.00859021 0.0114726 0.0111132 0.00839347 0.0440639 0.00893476 0.101275 0.00898834 0.0127337 0.00859097 0.00816213 0.00813381 0.00986673 0.00873544 0.0131108 0.00835966 0.00888142 0.00817436 0.00823635 0.00918832 0.00865272 0.00970739 0.0115378 0.00961623 0.0121496 0.00860686 0.00845884 0.0106444 0.00830076 0.0102173 0.00854033 0.0103436 0.00902543 0.0089371 0.00832768 
0.00401115 0.00357216 0.00371388 0.00354805 0 0.00354729 0.00358574 0.00355044 0.00913899 0.0114562 0.0108362 0.0169842 0.00987359 0.0215701 0.00845819 0.0127863 0.00857693 0.00887694 0.0203295 0.00858464 0.0216168 0.00896677 0.012796 0.00853252 0.00855619 0.0152238 0.00869451 0.0759079 0.009933 0.0233282 0.00888443 0.00894728 0.00821527 0.00815791 0.00864974 0.0107863 0.00878289 0.00952026 0.00827847 0.00816113 0.00816143 0.00859905 0.00883167 0.0102812 0.00905094 0.0110505 0.00885663 0.00906605 0.00820083 0.00814777 0.00892528 0.00837326 0.0108795 0.00870446 0.00965431 0.00871136 0.00812835 
0.00362562 0.00378564 0.00356554 0.00354967 0.00354729 0 0.00355002 0.00356645 0.0100403 0.0110359 0.0123491 0.0138477 0.0216835 0.0094828 0.0275967 0.00878749 0.0122906 0.00980636 0.00902425 0.0210609 0.00899605 0.0279722 0.00895349 0.012191 0.0114948 0.0085716 0.0463269 0.00997347 0.0447178 0.0100274 0.0124579 0.00880163 0.00838441 0.0082341 0.00996526 0.00916422 0.0135194 0.00853217 0.00912528 0.00820614 0.00819494 0.00879143 0.00890173 0.0100634 0.0123729 0.0108491 0.0130526 0.00879974 0.00851768 0.0102884 0.00840448 0.0101224 0.0087493 0.00989635 0.00912861 0.00896828 0.00847522 
0.00442635 0.00394017 0.00368138 0.00356404 0.00358574 0.00355002 0 0.00369419 0.0108864 0.0123534 0.017754 0.0129844 0.0103175 0.0276238 0.0103271 0.013602 0.0100723 0.0105712 0.0100111 0.00877315 0.0117752 0.00906072 0.0162057 0.00883275 0.00872493 0.0189561 0.00898718 0.0272123 0.00968299 0.0152941 0.0114245 0.00906358 0.00852169 0.00872778 0.008913 0.00996652 0.00880672 0.00974876 0.00827022 0.00822193 0.0081596 0.0084849 0.00888305 0.0100365 0.00931624 0.00966482 0.00928879 0.00975206 0.00833932 0.00825161 0.0085777 0.00854618 0.00873452 0.00880347 0.00889955 0.00865005 0.00824142 
0.005089 0.00391237 0.00367871 0.00357426 0.00355044 0.00356645 0.00369419 0 0.0420771 0.0213529 0.0126647 0.0122882 0.0134823 0.0100943 0.0129036 0.0124113 0.0190982 0.00877176 0.00858669 0.00917237 0.0087466 0.00921623 0.00963179 0.0121427 0.023509 0.0091453 0.0104022 0.00986761 0.0106832 0.00964099 0.0112239 0.0115748 0.0120276 0.0104851 0.0146639 0.00871 0.00880238 0.00868939 0.00860489 0.008846 0.00820863 0.0103818 0.00869401 0.00876409 0.00876769 0.00873185 0.00878963 0.00844968 0.00871967 0.0110864 0.0084014 0.00838465 0.00834665 0.00848931 0.00847975 0.0083388 0.00832292 
0.0188244 0.00947886 0.00965109 0.00850312 0.00913899 0.0100403 0.0108864 0.0420771 0 0.0160352 0.00814989 0.00665724 0.00701141 0.0064083 0.0070212 0.0153656 0.0158989 0.00745321 0.00738452 0.0080314 0.00848251 0.00845268 0.0112666 0.0203124 0.0167628 0.0100556 0.00917312 0.00990595 0.00903178 0.00905963 0.0100809 0.0150331 0.143941 0.0224289 0.0123519 0.0087362 0.00827122 0.00899679 0.012013 0.00968085 0.0118421 0.0102784 0.00835073 0.00831207 0.00829962 0.00834128 0.00837296 0.00870966 0.0110927 0.00993767 0.0084317 0.00817908 0.00818443 0.0082031 0.00826729 0.00857987 0.0100083 
0.0121193 0.00979345 0.0101237 0.00911611 0.0114562 0.0110359 0.0123534 0.0213529 0.0160352 0 0.00373027 0.00361885 0.00356169 0.00370721 0.0037352 0.00593592 0.00815674 0.0068239 0.00673905 0.0101027 0.0101092 0.010303 0.0114068 0.0276088 0.0139012 0.0113116 0.0105532 0.0109158 0.0106764 0.0100805 0.0103256 0.0157764 0.0130938 0.0101168 0.0131982 0.00902523 0.00885669 0.00943628 0.012809 0.00832028 0.00955413 0.00973163 0.00858239 0.00897186 0.0092272 0.00908692 0.00918802 0.00991047 0.0108945 0.00867705 0.00829723 0.00846762 0.00890683 0.00855747 0.00881829 0.00944289 0.0101167 
0.0103112 0.0110399 0.0128683 0.0104139 0.0108362 0.0123491 0.017754 0.0126647 0.00814989 0.00373027 0 0.00359278 0.00357046 0.00357469 0.00367815 0.00382312 0.0068916 0.00733029 0.0074763 0.00856534 0.0135191 0.0149985 0.0213628 0.0125205 0.00954076 0.0228525 0.0113973 0.0174224 0.0129767 0.0149171 0.0166322 0.0114662 0.00919839 0.009387 0.0111969 0.0143635 0.0102571 0.016061 0.00984382 0.00838862 0.00862401 0.00878612 0.0110235 0.0127823 0.0133502 0.0158245 0.0138157 0.0125427 0.00935288 0.00854116 0.00860874 0.00899601 0.00999492 0.0103398 0.010828 0.0113415 0.00891052 
0.00915863 0.0106226 0.0126151 0.012327 0.0169842 0.0138477 0.0129844 0.0122882 0.00665724 0.00361885 0.00359278 0 0.00361384 0.00360948 0.00358933 0.00363233 0.00730442 0.00647212 0.00782395 0.0121945 0.0167467 0.0164983 0.0105916 0.0103982 0.00939963 0.0101422 0.0137029 0.0158553 0.0189226 0.0212792 0.0139153 0.0110935 0.00885537 0.00860894 0.0110848 0.0111473 0.0195759 0.0111485 0.00952585 0.00839493 0.00862502 0.00936707 0.0107736 0.0196963 0.0224129 0.0323977 0.0297157 0.0128114 0.00906514 0.00913356 0.00848465 0.0105066 0.010949 0.0151225 0.0195562 0.00991088 0.00874857 
0.00924284 0.0161067 0.0098673 0.0302531 0.00987359 0.0216835 0.0103175 0.0134823 0.00701141 0.00356169 0.00357046 0.00361384 0 0.00360223 0.00371861 0.00360747 0.0102268 0.00665745 0.0129747 0.0259549 0.0107031 0.0224668 0.00848769 0.0131366 0.0107666 0.0101673 0.0214159 0.0124755 0.0464384 0.0128015 0.0193258 0.0106481 0.00899775 0.00892189 0.0135911 0.0146201 0.0237435 0.00983386 0.0102053 0.00845882 0.00894143 0.0109342 0.014464 0.0253815 0.0347966 0.0298349 0.0379534 0.0112506 0.0095214 0.0105882 0.0085422 0.0159952 0.01085 0.0350576 0.0148423 0.0118225 0.00919442 
0.0136959 0.00975634 0.0807757 0.00879545 0.0215701 0.0094828 0.0276238 0.0100943 0.0064083 0.00370721 0.00357469 0.00360948 0.00360223 0 0.00354885 0.00373929 0.00590384 0.0219242 0.0287585 0.00825147 0.0256273 0.00761458 0.0165811 0.00848159 0.00910051 0.0176923 0.00896366 0.0773805 0.0108945 0.0377328 0.0123676 0.010658 0.00889782 0.00931055 0.0115929 0.0255188 0.0103371 0.02001 0.00864486 0.00895855 0.00833788 0.00962135 0.0112863 0.0266283 0.0166185 0.0422607 0.0110857 0.019687 0.00861122 0.00859863 0.0109821 0.00881899 0.0228478 0.0101944 0.020791 0.00937685 0.00852358 
0.00841419 0.0982993 0.00849638 0.0322949 0.00845819 0.0275967 0.0103271 0.0129036 0.0070212 0.0037352 0.00367815 0.00358933 0.00371861 0.00354885 0 0.00355656 0.0536497 0.0124743 0.00678148 0.0171103 0.00608032 0.017717 0.00703153 0.015001 0.0152214 0.00862068 0.0538989 0.00865722 0.0444295 0.00932494 0.0435092 0.0094964 0.0111597 0.0113566 0.0195206 0.00946969 0.027914 0.00889632 0.0100232 0.00836945 0.00887928 0.0125243 0.0176009 0.0117692 0.0217487 0.00993461 0.0251005 0.00910592 0.00931965 0.0179822 0.00835756 0.0261192 0.00874211 0.0179283 0.00965466 0.011256 0.00885057 
0.0378414 0.00858245 0.0254588 0.00846301 0.0127863 0.00878749 0.013602 0.0124113 0.0153656 0.00593592 0.00382312 0.00363233 0.00360747 0.00373929 0.00355656 0 0.0204341 0.0169791 0.00915797 0.00561427 0.0127876 0.00633063 0.0198281 0.00805398 0.0100692 0.023953 0.00817808 0.028012 0.00864851 0.0165472 0.0102501 0.0353509 0.014389 0.0148632 0.0145291 0.0144929 0.00891207 0.0149 0.00908779 0.0118584 0.00873245 0.0103844 0.00977301 0.011279 0.00896307 0.0111723 0.00907375 0.0120728 0.00947015 0.00905062 0.0130934 0.00834691 0.0106674 0.00856653 0.0101203 0.00879199 0.00876143 
0.00887772 0.0133853 0.00853636 0.0122352 0.00857693 0.0122906 0.0100723 0.0190982 0.0158989 0.00815674 0.0068916 0.00730442 0.0102268 0.00590384 0.0536497 0.0204341 0 0.00360703 0.00369853 0.00385414 0.00367152 0.00819291 0.00378693 0.0194159 0.00746584 0.00589763 0.0126906 0.00693907 0.0118478 0.0188497 0.0213067 0.0609706 0.0154166 0.0110209 0.0157471 0.00890468 0.0111969 0.00939398 0.026907 0.00842617 0.0116087 0.0120407 0.00883092 0.00935675 0.0100422 0.0089358 0.0111685 0.00914721 0.0134039 0.0127092 0.00812569 0.0110317 0.00848515 0.00940441 0.00884112 0.00890888 0.0151767 
0.00855462 0.00856637 0.0115689 0.00850736 0.00887694 0.00980636 0.0105712 0.00877176 0.00745321 0.0068239 0.00733029 0.00647212 0.00665745 0.0219242 0.0124743 0.0169791 0.00360703 0 0.00360262 0.00353787 0.00364485 0.00349796 0.00404003 0.00359373 0.00429585 0.00621759 0.00601713 0.00679035 0.00843061 0.0107399 0.0391065 0.0225525 0.00760828 0.0083525 0.00901104 0.0108343 0.00893551 0.0128909 0.00903155 0.00844418 0.00841928 0.00837679 0.00979356 0.00976883 0.0101696 0.0120076 0.00951053 0.0117233 0.00862789 0.00821282 0.00849544 0.00848068 0.00974186 0.00932915 0.0108019 0.0202769 0.00836695 
0.00865765 0.00852506 0.0151325 0.00862881 0.0203295 0.00902425 0.0100111 0.00858669 0.00738452 0.00673905 0.0074763 0.00782395 0.0129747 0.0287585 0.00678148 0.00915797 0.00369853 0.00360262 0 0.00346267 0.00358888 0.00355373 0.00362433 0.00363445 0.00417773 0.00601253 0.00619501 0.0251239 0.0128872 0.0593839 0.0163038 0.0091738 0.00737793 0.00802127 0.00914519 0.0103515 0.0159626 0.0101634 0.00862554 0.00828422 0.00823103 0.00884243 0.00973364 0.013729 0.0131314 0.0177085 0.0134205 0.011887 0.00857803 0.00836583 0.00871935 0.00886256 0.0125385 0.0107897 0.0347793 0.00906394 0.00863967 
0.00830504 0.0181738 0.00849814 0.0389325 0.00858464 0.0210609 0.00877315 0.00917237 0.0080314 0.0101027 0.00856534 0.0121945 0.0259549 0.00825147 0.0171103 0.00561427 0.00385414 0.00353787 0.00346267 0 0.00355399 0.00363409 0.00364463 0.00375563 0.00434457 0.00439952 0.0264149 0.00627439 0.0733418 0.00941951 0.0193019 0.00652629 0.00756822 0.00827084 0.0130125 0.0101783 0.0292248 0.00856502 0.0144752 0.00831487 0.00855828 0.0104759 0.0104354 0.0144937 0.0259763 0.0177293 0.0364861 0.00905873 0.00931003 0.0105383 0.00827993 0.0228807 0.00885239 0.0791166 0.0106352 0.0102755 0.00850218 
0.0103495 0.0085181 0.0566043 0.00866087 0.0216168 0.00899605 0.0117752 0.0087466 0.00848251 0.0101092 0.0135191 0.0167467 0.0107031 0.0256273 0.00608032 0.0127876 0.00367152 0.00364485 0.00358888 0.00355399 0 0.00353162 0.003658 0.00355723 0.00379521 0.00973745 0.00515808 0.0827782 0.0108803 0.0134471 0.00774418 0.00751435 0.00738144 0.00851087 0.00962908 0.0245991 0.00893093 0.0200502 0.00865128 0.00887209 0.00855442 0.00897985 0.0130173 0.019223 0.0129718 0.043768 0.0101549 0.0176753 0.00888242 0.00828293 0.0129886 0.00872908 0.0766906 0.0100003 0.0244283 0.0098048 0.00860015 
0.00836084 0.0509516 0.00879496 0.0391421 0.00896677 0.0279722 0.00906072 0.00921623 0.00845268 0.010303 0.0149985 0.0164983 0.0224668 0.00761458 0.017717 0.00633063 0.00819291 0.00349796 0.00355373 0.00363409 0.00353162 0 0.003545 0.00362696 0.004217 0.00400823 0.09886 0.00680379 0.0314321 0.00630566 0.0112739 0.0061565 0.0078014 0.00826581 0.0192663 0.00933696 0.0606386 0.00889329 0.00970708 0.00850208 0.00863681 0.0169423 0.0151199 0.024158 0.0452826 0.0150293 0.0637094 0.00945667 0.00940395 0.0170333 0.00838798 0.0883946 0.00991166 0.0477463 0.0137611 0.0109015 0.00880037 
0.0138792 0.00865767 0.0254915 0.00859021 0.012796 0.00895349 0.0162057 0.00963179 0.0112666 0.0114068 0.0213628 0.0105916 0.00848769 0.0165811 0.00703153 0.0198281 0.00378693 0.00404003 0.00362433 0.00364463 0.003658 0.003545 0 0.00361449 0.0043665 0.0932573 0.00553819 0.0301182 0.00654486 0.0100747 0.00794773 0.00805647 0.00853433 0.011072 0.0103183 0.0298093 0.00911512 0.0220941 0.00853536 0.010385 0.00870039 0.00962571 0.0163657 0.0180162 0.0125938 0.0242144 0.0103328 0.0265166 0.00890657 0.00861626 0.0340895 0.00860974 0.0165925 0.0103795 0.0172729 0.0105724 0.00866308 
0.0111852 0.0158126 0.00853545 0.0114726 0.00853252 0.012191 0.00883275 0.0121427 0.0203124 0.0276088 0.0125205 0.0103982 0.0131366 0.00848159 0.015001 0.00805398 0.0194159 0.00359373 0.00363445 0.00375563 0.00355723 0.00362696 0.00361449 0 0.0511153 0.00668796 0.0115005 0.00430481 0.00879515 0.00588281 0.00971886 0.0081267 0.0190508 0.0153186 0.0397181 0.00918149 0.0134178 0.00897585 0.0164784 0.0103676 0.00909329 0.0260653 0.0101508 0.0109137 0.0117702 0.0101684 0.0144486 0.00961408 0.0167794 0.0704865 0.00847132 0.0129042 0.00899075 0.0112676 0.00967231 0.0098947 0.0106534 
0.00897161 0.0109572 0.00848842 0.0111132 0.00855619 0.0114948 0.00872493 0.023509 0.0167628 0.0139012 0.00954076 0.00939963 0.0107666 0.00910051 0.0152214 0.0100692 0.00746584 0.00429585 0.00417773 0.00434457 0.00379521 0.004217 0.0043665 0.0511153 0 0.0036081 0.00366422 0.00359116 0.00376218 0.00363039 0.00392182 0.00498372 0.0190827 0.0124524 0.0250207 0.00918008 0.0113773 0.00941226 0.0886422 0.00851007 0.0143352 0.0201223 0.00975393 0.00978043 0.0110672 0.00943491 0.0118876 0.00900939 0.0243717 0.0138599 0.00827226 0.011149 0.00873831 0.0107222 0.00888034 0.00993097 0.0151756 
0.0100922 0.00838802 0.0166645 0.00839347 0.0152238 0.0085716 0.0189561 0.0091453 0.0100556 0.0113116 0.0228525 0.0101422 0.0101673 0.0176923 0.00862068 0.023953 0.00589763 0.00621759 0.00601253 0.00439952 0.00973745 0.00400823 0.0932573 0.00668796 0.0036081 0 0.00353767 0.00358559 0.00355516 0.00373915 0.00478093 0.00438947 0.00812787 0.00862918 0.0116078 0.0258698 0.00870753 0.136252 0.00899424 0.0100937 0.00863197 0.00937029 0.0123826 0.0148446 0.0100183 0.0200797 0.00950494 0.033341 0.00966047 0.00840463 0.0112461 0.00845296 0.0186279 0.00907695 0.0210333 0.0166768 0.00917787 
0.00844267 0.0212101 0.00871009 0.0440639 0.00869451 0.0463269 0.00898718 0.0104022 0.00917312 0.0105532 0.0113973 0.0137029 0.0214159 0.00896366 0.0538989 0.00817808 0.0126906 0.00601713 0.00619501 0.0264149 0.00515808 0.09886 0.00553819 0.0115005 0.00366422 0.00353767 0 0.00358363 0.00359323 0.00358771 0.00366199 0.00363134 0.00655992 0.00785273 0.0262423 0.00994347 0.193505 0.0089169 0.0126902 0.00865073 0.00882541 0.0192139 0.0159624 0.0215405 0.0592663 0.016565 0.134803 0.0105994 0.011624 0.0151423 0.00853686 0.057247 0.0103075 0.0876127 0.0173875 0.018326 0.00970732 
0.0125291 0.00874723 0.115689 0.00893476 0.0759079 0.00997347 0.0272123 0.00986761 0.00990595 0.0109158 0.0174224 0.0158553 0.0124755 0.0773805 0.00865722 0.028012 0.00693907 0.00679035 0.0251239 0.00627439 0.0827782 0.00680379 0.0301182 0.00430481 0.00359116 0.00358559 0.00358363 0 0.00358528 0.00358171 0.00363131 0.00364631 0.00702653 0.00874189 0.0134158 0.242897 0.0100846 0.0300339 0.0093269 0.0107129 0.00917565 0.0120617 0.0357706 0.0614081 0.024836 0.167202 0.0198919 0.0602917 0.0102895 0.00909102 0.0342418 0.0102041 0.122985 0.0220651 0.140513 0.0140958 0.00963212 
0.00858931 0.0334828 0.00903155 0.101275 0.009933 0.0447178 0.00968299 0.0106832 0.00903178 0.0106764 0.0129767 0.0189226 0.0464384 0.0108945 0.0444295 0.00864851 0.0118478 0.00843061 0.0128872 0.0733418 0.0108803 0.0314321 0.00654486 0.00879515 0.00376218 0.00355516 0.00359323 0.00358528 0 0.00358429 0.00364645 0.00364404 0.00685249 0.00750139 0.135561 0.0128199 0.0723332 0.0109497 0.0158531 0.00865398 0.00911283 0.0163464 0.0265608 0.0554782 0.146365 0.0530534 0.291351 0.0150141 0.0138143 0.0169291 0.00888544 0.101707 0.0144203 0.185043 0.02569 0.0265059 0.0101154 
0.00977738 0.00874285 0.0575053 0.00898834 0.0233282 0.0100274 0.0152941 0.00964099 0.00905963 0.0100805 0.0149171 0.0212792 0.0128015 0.0377328 0.00932494 0.0165472 0.0188497 0.0107399 0.0593839 0.00941951 0.0134471 0.00630566 0.0100747 0.00588281 0.00363039 0.00373915 0.00358771 0.00358171 0.00358429 0 0.00360953 0.00360581 0.0065084 0.00990558 0.0118953 0.0423619 0.0159208 0.0305911 0.00891129 0.0093179 0.00882248 0.0128343 0.0210725 0.0708504 0.0282335 0.106849 0.0208437 0.0497073 0.0100291 0.00925091 0.0187207 0.0115676 0.0686836 0.0165369 0.0872018 0.0127987 0.009641 
0.00848587 0.0211835 0.00895396 0.0127337 0.00888443 0.0124579 0.0114245 0.0112239 0.0100809 0.0103256 0.0166322 0.0139153 0.0193258 0.0123676 0.0435092 0.0102501 0.0213067 0.0391065 0.0163038 0.0193019 0.00774418 0.0112739 0.00794773 0.00971886 0.00392182 0.00478093 0.00366199 0.00363131 0.00364645 0.00360953 0 0.00367946 0.0091929 0.00924464 0.0209611 0.0267464 0.0365888 0.0195703 0.0184015 0.00930782 0.0107886 0.011883 0.0297326 0.0196182 0.0413196 0.0183279 0.040056 0.0239783 0.014407 0.0138746 0.00973344 0.022794 0.0105494 0.0275597 0.01345 0.0273833 0.00978457 
0.0135824 0.00891923 0.0101546 0.00859097 0.00894728 0.00880163 0.00906358 0.0115748 0.0150331 0.0157764 0.0114662 0.0110935 0.0106481 0.010658 0.0094964 0.0353509 0.0609706 0.0225525 0.0091738 0.00652629 0.00751435 0.0061565 0.00805647 0.0081267 0.00498372 0.00438947 0.00363134 0.00364631 0.00364404 0.00360581 0.00367946 0 0.0297835 0.0372783 0.031024 0.0138782 0.011203 0.0164936 0.0149217 0.0116732 0.0103696 0.0177677 0.0103503 0.013994 0.010794 0.0125492 0.0106639 0.0176363 0.0210333 0.0146329 0.0101528 0.00921556 0.0101006 0.00956247 0.0110934 0.0108321 0.0124576 
0.00961849 0.00833843 0.00835529 0.00816213 0.00821527 0.00838441 0.00852169 0.0120276 0.143941 0.0130938 0.00919839 0.00885537 0.00899775 0.00889782 0.0111597 0.014389 0.0154166 0.00760828 0.00737793 0.00756822 0.00738144 0.0078014 0.00853433 0.0190508 0.0190827 0.00812787 0.00655992 0.00702653 0.00685249 0.0065084 0.0091929 0.0297835 0 0.0369365 0.00746748 0.00559655 0.00629748 0.00512788 0.0143574 0.0090192 0.0166546 0.0134212 0.0101561 0.00902622 0.00901588 0.00900161 0.00909281 0.0101608 0.0162641 0.0145405 0.0089478 0.00881521 0.0089193 0.00866048 0.00864938 0.0100263 0.0135518 
0.00936513 0.00822618 0.00825349 0.00813381 0.00815791 0.0082341 0.00872778 0.0104851 0.0224289 0.0101168 0.009387 0.00860894 0.00892189 0.00931055 0.0113566 0.0148632 0.0110209 0.0083525 0.00802127 0.00827084 0.00851087 0.00826581 0.011072 0.0153186 0.0124524 0.00862918 0.00785273 0.00874189 0.00750139 0.00990558 0.00924464 0.0372783 0.0369365 0 0.00653672 0.00377126 0.00371155 0.00384378 0.00515432 0.00669213 0.00847744 0.0132582 0.00956601 0.00930865 0.00925521 0.0091147 0.00899471 0.011218 0.0135086 0.0114975 0.00878668 0.00869017 0.00890602 0.00874785 0.0090551 0.0115976 0.0143475 
0.00883152 0.00905717 0.00860532 0.00986673 0.00864974 0.00996526 0.008913 0.0146639 0.0123519 0.0131982 0.0111969 0.0110848 0.0135911 0.0115929 0.0195206 0.0145291 0.0157471 0.00901104 0.00914519 0.0130125 0.00962908 0.0192663 0.0103183 0.0397181 0.0250207 0.0116078 0.0262423 0.0134158 0.135561 0.0118953 0.0209611 0.031024 0.00746748 0.00653672 0 0.00364666 0.00361266 0.00363543 0.0047097 0.00678869 0.00886691 0.063431 0.0206788 0.0192165 0.0233089 0.0163464 0.021735 0.0145719 0.035859 0.0178972 0.00969989 0.0188868 0.0136221 0.0292993 0.0137604 0.0189183 0.0186977 
0.00846943 0.00867184 0.0118849 0.00873544 0.0107863 0.00916422 0.00996652 0.00871 0.0087362 0.00902523 0.0143635 0.0111473 0.0146201 0.0255188 0.00946969 0.0144929 0.00890468 0.0108343 0.0103515 0.0101783 0.0245991 0.00933696 0.0298093 0.00918149 0.00918008 0.0258698 0.00994347 0.242897 0.0128199 0.0423619 0.0267464 0.0138782 0.00559655 0.00377126 0.00364666 0 0.00360674 0.00364001 0.00355897 0.00666437 0.00603451 0.0157889 0.042479 0.0247124 0.0219841 0.035575 0.0143457 0.0439028 0.00950122 0.00911123 0.0152612 0.00973066 0.0575164 0.0141517 0.0415226 0.0242705 0.00916303 
0.00817763 0.0112489 0.00866339 0.0131108 0.00878289 0.0135194 0.00880672 0.00880238 0.00827122 0.00885669 0.0102571 0.0195759 0.0237435 0.0103371 0.027914 0.00891207 0.0111969 0.00893551 0.0159626 0.0292248 0.00893093 0.0606386 0.00911512 0.0134178 0.0113773 0.00870753 0.193505 0.0100846 0.0723332 0.0159208 0.0365888 0.011203 0.00629748 0.00371155 0.00361266 0.00360674 0 0.00357149 0.0036338 0.0049903 0.0946166 0.0156552 0.0153644 0.0414818 0.0392612 0.0225136 0.0960882 0.0130035 0.0119525 0.0132822 0.00891896 0.0711689 0.0114293 0.0740743 0.029221 0.0149763 0.00973971 
0.00866101 0.00839108 0.0130411 0.00835966 0.00952026 0.00853217 0.00974876 0.00868939 0.00899679 0.00943628 0.016061 0.0111485 0.00983386 0.02001 0.00889632 0.0149 0.00939398 0.0128909 0.0101634 0.00856502 0.0200502 0.00889329 0.0220941 0.00897585 0.00941226 0.136252 0.0089169 0.0300339 0.0109497 0.0305911 0.0195703 0.0164936 0.00512788 0.00384378 0.00363543 0.00364001 0.00357149 0 0.00361454 0.112155 0.0184305 0.0109904 0.0194647 0.0190718 0.0147918 0.034832 0.0111313 0.0527203 0.0101255 0.0102188 0.0327195 0.0091266 0.0183256 0.0156822 0.0238597 0.0167451 0.00968616 
0.00910933 0.00937645 0.00830888 0.00888142 0.00827847 0.00912528 0.00827022 0.00860489 0.012013 0.012809 0.00984382 0.00952585 0.0102053 0.00864486 0.0100232 0.00908779 0.026907 0.00903155 0.00862554 0.0144752 0.00865128 0.00970708 0.00853536 0.0164784 0.0886422 0.00899424 0.0126902 0.0093269 0.0158531 0.00891129 0.0184015 0.0149217 0.0143574 0.00515432 0.0047097 0.00355897 0.0036338 0.00361454 0 0.0356751 0.00452388 0.0259388 0.0101242 0.0140862 0.0111419 0.00962087 0.0117766 0.00905667 0.014319 0.0535578 0.00896407 0.0118149 0.0108262 0.0101829 0.00942682 0.00932657 0.0100631 
0.0082392 0.0081133 0.00891332 0.00817436 0.00816113 0.00820614 0.00822193 0.008846 0.00968085 0.00832028 0.00838862 0.00839493 0.00845882 0.00895855 0.00836945 0.0118584 0.00842617 0.00844418 0.00828422 0.00831487 0.00887209 0.00850208 0.010385 0.0103676 0.00851007 0.0100937 0.00865073 0.0107129 0.00865398 0.0093179 0.00930782 0.0116732 0.0090192 0.00669213 0.00678869 0.00666437 0.0049903 0.112155 0.0356751 0 0.00794916 0.0111945 0.0169946 0.0100661 0.00883376 0.00970184 0.00854461 0.014277 0.0111651 0.00829936 0.0100173 0.00860074 0.00940069 0.0086918 0.00976987 0.00962564 0.0109607 
0.00837159 0.00827718 0.00819607 0.00823635 0.00816143 0.00819494 0.0081596 0.00820863 0.0118421 0.00955413 0.00862401 0.00862502 0.00894143 0.00833788 0.00887928 0.00873245 0.0116087 0.00841928 0.00823103 0.00855828 0.00855442 0.00863681 0.00870039 0.00909329 0.0143352 0.00863197 0.00882541 0.00917565 0.00911283 0.00882248 0.0107886 0.0103696 0.0166546 0.00847744 0.00886691 0.00603451 0.0946166 0.0184305 0.00452388 0.00794916 0 0.0373789 0.00971099 0.00952041 0.0103255 0.00942575 0.0107479 0.0114735 0.0138659 0.0169379 0.00880226 0.00931489 0.00900458 0.00917371 0.00899198 0.00996076 0.00882879 
0.00850125 0.00870917 0.00832995 0.00918832 0.00859905 0.00879143 0.0084849 0.0103818 0.0102784 0.00973163 0.00878612 0.00936707 0.0109342 0.00962135 0.0125243 0.0103844 0.0120407 0.00837679 0.00884243 0.0104759 0.00897985 0.0169423 0.00962571 0.0260653 0.0201223 0.00937029 0.0192139 0.0120617 0.0163464 0.0128343 0.011883 0.0177677 0.0134212 0.0132582 0.063431 0.0157889 0.0156552 0.0109904 0.0259388 0.0111945 0.0373789 0 0.00378061 0.00356468 0.00360818 0.00361272 0.00392602 0.0038204 0.00574929 0.011529 0.00749247 0.0134663 0.0111472 0.0175466 0.0165535 0.0190976 0.0378471 
0.00823263 0.00861601 0.00907973 0.00865272 0.00883167 0.00890173 0.00888305 0.00869401 0.00835073 0.00858239 0.0110235 0.0107736 0.014464 0.0112863 0.0176009 0.00977301 0.00883092 0.00979356 0.00973364 0.0104354 0.0130173 0.0151199 0.0163657 0.0101508 0.00975393 0.0123826 0.0159624 0.0357706 0.0265608 0.0210725 0.0297326 0.0103503 0.0101561 0.00956601 0.0206788 0.042479 0.0153644 0.0194647 0.0101242 0.0169946 0.00971099 0.00378061 0 0.0035692 0.00356069 0.00357422 0.00364475 0.00468672 0.00475421 0.00767774 0.00740173 0.0116928 0.0144401 0.0180733 0.0337332 0.0353156 0.0129388 
0.00850589 0.00898267 0.0105116 0.00970739 0.0102812 0.0100634 0.0100365 0.00876409 0.00831207 0.00897186 0.0127823 0.0196963 0.0253815 0.0266283 0.0117692 0.011279 0.00935675 0.00976883 0.013729 0.0144937 0.019223 0.024158 0.0180162 0.0109137 0.00978043 0.0148446 0.0215405 0.0614081 0.0554782 0.0708504 0.0196182 0.013994 0.00902622 0.00930865 0.0192165 0.0247124 0.0414818 0.0190718 0.0140862 0.0100661 0.00952041 0.00356468 0.0035692 0 0.00358698 0.0035932 0.00373486 0.00618337 0.00378505 0.00760139 0.00941194 0.0144237 0.0219849 0.0340662 0.0457282 0.0288479 0.0136841 
0.0083125 0.00969854 0.00968305 0.0115378 0.00905094 0.0123729 0.00931624 0.00876769 0.00829962 0.0092272 0.0133502 0.0224129 0.0347966 0.0166185 0.0217487 0.00896307 0.0100422 0.0101696 0.0131314 0.0259763 0.0129718 0.0452826 0.0125938 0.0117702 0.0110672 0.0100183 0.0592663 0.024836 0.146365 0.0282335 0.0413196 0.010794 0.00901588 0.00925521 0.0233089 0.0219841 0.0392612 0.0147918 0.0111419 0.00883376 0.0103255 0.00360818 0.00356069 0.00358698 0 0.00356582 0.00355419 0.0035998 0.00380197 0.00720522 0.0068947 0.0234579 0.0209929 0.0375392 0.0401888 0.0243066 0.0119181 
0.00842222 0.0092759 0.0122592 0.00961623 0.0110505 0.0108491 0.00966482 0.00873185 0.00834128 0.00908692 0.0158245 0.0323977 0.0298349 0.0422607 0.00993461 0.0111723 0.0089358 0.0120076 0.0177085 0.0177293 0.043768 0.0150293 0.0242144 0.0101684 0.00943491 0.0200797 0.016565 0.167202 0.0530534 0.106849 0.0183279 0.0125492 0.00900161 0.0091147 0.0163464 0.035575 0.0225136 0.034832 0.00962087 0.00970184 0.00942575 0.00361272 0.00357422 0.0035932 0.00356582 0 0.00355767 0.00359776 0.00360944 0.00570774 0.0144357 0.0132541 0.0308277 0.0266736 0.0479929 0.0185997 0.0103798 
0.00831296 0.00998339 0.00940833 0.0121496 0.00885663 0.0130526 0.00928879 0.00878963 0.00837296 0.00918802 0.0138157 0.0297157 0.0379534 0.0110857 0.0251005 0.00907375 0.0111685 0.00951053 0.0134205 0.0364861 0.0101549 0.0637094 0.0103328 0.0144486 0.0118876 0.00950494 0.134803 0.0198919 0.291351 0.0208437 0.040056 0.0106639 0.00909281 0.00899471 0.021735 0.0143457 0.0960882 0.0111313 0.0117766 0.00854461 0.0107479 0.00392602 0.00364475 0.00373486 0.00355419 0.00355767 0 0.00359361 0.00360919 0.01411 0.00790218 0.0550074 0.0144155 0.0487382 0.0220808 0.0218647 0.0136554 
0.00841529 0.00860367 0.0107011 0.00860686 0.00906605 0.00879974 0.00975206 0.00844968 0.00870966 0.00991047 0.0125427 0.0128114 0.0112506 0.019687 0.00910592 0.0120728 0.00914721 0.0117233 0.011887 0.00905873 0.0176753 0.00945667 0.0265166 0.00961408 0.00900939 0.033341 0.0105994 0.0602917 0.0150141 0.0497073 0.0239783 0.0176363 0.0101608 0.011218 0.0145719 0.0439028 0.0130035 0.0527203 0.00905667 0.014277 0.0114735 0.0038204 0.00468672 0.00618337 0.0035998 0.00359776 0.00359361 0 0.00358492 0.00518055 0.0402796 0.0111417 0.0288346 0.0119809 0.023044 0.0266736 0.0120349 
0.0089744 0.0084827 0.00833154 0.00845884 0.00820083 0.00851768 0.00833932 0.00871967 0.0110927 0.0108945 0.00935288 0.00906514 0.0095214 0.00861122 0.00931965 0.00947015 0.0134039 0.00862789 0.00857803 0.00931003 0.00888242 0.00940395 0.00890657 0.0167794 0.0243717 0.00966047 0.011624 0.0102895 0.0138143 0.0100291 0.014407 0.0210333 0.0162641 0.0135086 0.035859 0.00950122 0.0119525 0.0101255 0.014319 0.0111651 0.0138659 0.00574929 0.00475421 0.00378505 0.00380197 0.00360944 0.00360919 0.00358492 0 0.0420349 0.00790518 0.0167004 0.00795415 0.010381 0.0115192 0.0227524 0.0237295 
0.00814447 0.0101699 0.00816734 0.0106444 0.00814777 0.0102884 0.00825161 0.0110864 0.00993767 0.00867705 0.00854116 0.00913356 0.0105882 0.00859863 0.0179822 0.00905062 0.0127092 0.00821282 0.00836583 0.0105383 0.00828293 0.0170333 0.00861626 0.0704865 0.0138599 0.00840463 0.0151423 0.00909102 0.0169291 0.00925091 0.0138746 0.0146329 0.0145405 0.0114975 0.0178972 0.00911123 0.0132822 0.0102188 0.0535578 0.00829936 0.0169379 0.011529 0.00767774 0.00760139 0.00720522 0.00570774 0.01411 0.00518055 0.0420349 0 0.00361049 0.00377252 0.00362639 0.00374581 0.00368968 0.00373804 0.00674236 
0.00852255 0.00828987 0.00960024 0.00830076 0.00892528 0.00840448 0.0085777 0.0084014 0.0084317 0.00829723 0.00860874 0.00848465 0.0085422 0.0109821 0.00835756 0.0130934 0.00812569 0.00849544 0.00871935 0.00827993 0.0129886 0.00838798 0.0340895 0.00847132 0.00827226 0.0112461 0.00853686 0.0342418 0.00888544 0.0187207 0.00973344 0.0101528 0.0089478 0.00878668 0.00969989 0.0152612 0.00891896 0.0327195 0.00896407 0.0100173 0.00880226 0.00749247 0.00740173 0.00941194 0.0068947 0.0144357 0.00790218 0.0402796 0.00790518 0.00361049 0 0.00352806 0.00359496 0.00355855 0.00360442 0.00367449 0.00364363 
0.00811567 0.0102983 0.0084156 0.0102173 0.00837326 0.0101224 0.00854618 0.00838465 0.00817908 0.00846762 0.00899601 0.0105066 0.0159952 0.00881899 0.0261192 0.00834691 0.0110317 0.00848068 0.00886256 0.0228807 0.00872908 0.0883946 0.00860974 0.0129042 0.011149 0.00845296 0.057247 0.0102041 0.101707 0.0115676 0.022794 0.00921556 0.00881521 0.00869017 0.0188868 0.00973066 0.0711689 0.0091266 0.0118149 0.00860074 0.00931489 0.0134663 0.0116928 0.0144237 0.0234579 0.0132541 0.0550074 0.0111417 0.0167004 0.00377252 0.00352806 0 0.00356548 0.00354711 0.00361708 0.00358538 0.00378706 
0.00870005 0.00834522 0.0124507 0.00854033 0.0108795 0.0087493 0.00873452 0.00834665 0.00818443 0.00890683 0.00999492 0.010949 0.01085 0.0228478 0.00874211 0.0106674 0.00848515 0.00974186 0.0125385 0.00885239 0.0766906 0.00991166 0.0165925 0.00899075 0.00873831 0.0186279 0.0103075 0.122985 0.0144203 0.0686836 0.0105494 0.0101006 0.0089193 0.00890602 0.0136221 0.0575164 0.0114293 0.0183256 0.0108262 0.00940069 0.00900458 0.0111472 0.0144401 0.0219849 0.0209929 0.0308277 0.0144155 0.0288346 0.00795415 0.00362639 0.00359496 0.00356548 0 0.00355802 0.00365546 0.00360147 0.00376001 
0.00818142 0.00994396 0.00881564 0.0103436 0.00870446 0.00989635 0.00880347 0.00848931 0.0082031 0.00855747 0.0103398 0.0151225 0.0350576 0.0101944 0.0179283 0.00856653 0.00940441 0.00932915 0.0107897 0.0791166 0.0100003 0.0477463 0.0103795 0.0112676 0.0107222 0.00907695 0.0876127 0.0220651 0.185043 0.0165369 0.0275597 0.00956247 0.00866048 0.00874785 0.0292993 0.0141517 0.0740743 0.0156822 0.0101829 0.0086918 0.00917371 0.0175466 0.0180733 0.0340662 0.0375392 0.0266736 0.0487382 0.0119809 0.010381 0.00374581 0.00355855 0.00354711 0.00355802 0 0.00357257 0.00361281 0.00360095 
0.00840106 0.00868313 0.0133483 0.00902543 0.00965431 0.00912861 0.00889955 0.00847975 0.00826729 0.00881829 0.010828 0.0195562 0.0148423 0.020791 0.00965466 0.0101203 0.00884112 0.0108019 0.0347793 0.0106352 0.0244283 0.0137611 0.0172729 0.00967231 0.00888034 0.0210333 0.0173875 0.140513 0.02569 0.0872018 0.01345 0.0110934 0.00864938 0.0090551 0.0137604 0.0415226 0.029221 0.0238597 0.00942682 0.00976987 0.00899198 0.0165535 0.0337332 0.0457282 0.0401888 0.0479929 0.0220808 0.023044 0.0115192 0.00368968 0.00360442 0.00361708 0.00365546 0.00357257 0 0.00365185 0.003588 
0.00835835 0.00890035 0.00865114 0.0089371 0.00871136 0.00896828 0.00865005 0.0083388 0.00857987 0.00944289 0.0113415 0.00991088 0.0118225 0.00937685 0.011256 0.00879199 0.00890888 0.0202769 0.00906394 0.0102755 0.0098048 0.0109015 0.0105724 0.0098947 0.00993097 0.0166768 0.018326 0.0140958 0.0265059 0.0127987 0.0273833 0.0108321 0.0100263 0.0115976 0.0189183 0.0242705 0.0149763 0.0167451 0.00932657 0.00962564 0.00996076 0.0190976 0.0353156 0.0288479 0.0243066 0.0185997 0.0218647 0.0266736 0.0227524 0.00373804 0.00367449 0.00358538 0.00360147 0.00361281 0.00365185 0 0.00361901 
0.00853725 0.00842472 0.00828746 0.00832768 0.00812835 0.00847522 0.00824142 0.00832292 0.0100083 0.0101167 0.00891052 0.00874857 0.00919442 0.00852358 0.00885057 0.00876143 0.0151767 0.00836695 0.00863967 0.00850218 0.00860015 0.00880037 0.00866308 0.0106534 0.0151756 0.00917787 0.00970732 0.00963212 0.0101154 0.009641 0.00978457 0.0124576 0.0135518 0.0143475 0.0186977 0.00916303 0.00973971 0.00968616 0.0100631 0.0109607 0.00882879 0.0378471 0.0129388 0.0136841 0.0119181 0.0103798 0.0136554 0.0120349 0.0237295 0.00674236 0.00364363 0.00378706 0.00376001 0.00360095 0.003588 0.00361901 0 
