1JQEA
GKYVESFRRFLNHSTEHQCMQEFMDKKLPGIIGRIGDTKSEIKILSIGGGAGEIDLQILSKVQAQYPGVCINNEVVEPSAEQIAKYKELVAKISNLENVKFAWHKETSSEYQSRMLEKKELQKWDFIHMIQMLYYVKDIPATLKFFHSLLGTNAKMLIIVVSGSSGWDKLWKKYGSRFPQDDLCQYITSDDLTQMLDNLGLKYECYDLLSTMDISDCFIDGNENGDLLWDFLTETCNFNATAPPDLRAELGKDLQEPEFSAKKEGKVLFNNTLSFIVIEA
CHHHHHHHHHHHCECHHHHHHHHHHHCHHHHCCCCCCCCCEEEEEEECCCCCHHHHHHHHHHHHHCCCCEEEEEEECCCHHHHHHHHHHHCCCCCCCCEEEEEECCCHHHHHHHHCCCCCCCCEEEEEEECCHHHCCCHHHHHHHHHHCEEEEEEEEEEEECCCCHHHHHHHHHHHHCCCCCCCCCCCHHHHHHHHHHHCCCEEEEEECCEEECHHHHCCCCHHHHHHHHHHHCCCCHHHHCCHHHHHHHHHHCCCCCCEEEECCEEEEECCEEEEEEEC
0 0 0 0 0 0 0 0 0 0 0 0 0 0 0 0 0 0 0 0 0 0 0 0 0 0 0 0 0 0 0 0 0 0 0 0 0 0 0 0 0 0 0 0 0 0 0 0 0 0 0 0 0 0 0 0 0 0 0 0 0 0 0 0 0 0 0 0 0 0 0 0 0 0 0 0 0 0 0 0 0 0 0 0 0 0 0 0 0 0 0 0 0 0 0 0 0 0 0 0 0 0 0 0 0 0 0 0 0 0 0 0 0 0 0 0 0 0 0 0 0 0 0 0 0 0 0 0 0 0 0 0 0 0 0 0 0 0 0 0 0 0 0 0 0 0 0 0 0 0 0 0 0 0 0 0 0 0 0 0 0 0 0 0 0 0 0 0 0 0 0 0 0 0 0 0 0 0 0 0 0 0 0 0 0 0 0 0 0 0 0 0 0 0 0 0 0 0 0 0 0 0 0 0 0 0 0 0 0 0 0 0 0 0 0 0 0 0 0 0 0 0 0 0 0 0 0 0 0 0 0 0 0 0 0 0 0 0 0 0 0 0 0 0 0 0 0 0 0 0 0 0 0 0 0 0 0 0 0 0 0 0 0 0 0 0 0 0 0 0 0 0 0 0 0 0 0 0 0 0 
0 0 0 0 0 0 0 0 0 0 0 0 0 0 0 0 0 0 0 0 0 0 0 0 0 0 0 0 0 0 0 0 0 0 0 0 0 0 0 0 0 0 0 0 0 0 0 0 0 0 0 0 0 0 0 0 0 0 0 0 0 0 0 0 0 0 0 0 0 0 0 0 0 0 0 0 0 0 0 0 0 0 0 0 0 0 0 0 0 0 0 0 0 0 0 0 0 0 0 0 0 0 0 0 0 0 0 0 0 0 0 0 0 0 0 0 0 0 0 0 0 0 0 0 0 0 0 0 0 0 0 0 0 0 0 0 0 0 0 0 0 0 0 0 0 0 0 0 0 0 0 0 0 0 0 0 0 0 0 0 0 0 0 0 0 0 0 0 0 0 0 0 0 0 0 0 0 0 0 0 0 0 0 0 0 0 0 0 0 0 0 0 0 0 0 0 0 0 0 0 0 0 0 0 0 0 0 0 0 0 0 0 0 0 0 0 0 0 0 0 0 0 0 0 0 0 0 0 0 0 0 0 0 0 0 0 0 0 0 0 0 0 0 0 0 0 0 0 0 0 0 0 0 0 0 0 0 0 0 0 0 0 0 0 0 0 0 0 0 0 0 0 0 0 0 0 0 0 0 0 
0 0.0120796 0.0142851 0.00914187 0.00993 0.00993607 0.0115711 0.0291277 0.0107018 0.00928934 0.00829202 0.00846524 0.00834013 0.00874988 0.0140967 0.0128459 0.0081073 0.00829462 0.00806753 0.0084687 0.0102864 0.00884604 0.00808004 0.00818171 0.00809362 0.00820022 0.00820635 0.00906276 0.0093534 0.00814525 0.00803323 0.00806989 0.00808139 0.00803404 0.00820884 0.00818883 0.0082084 0.00823923 0.00830126 0.0095184 0.0085898 0.00809941 0.00811352 0.00803247 0.00803842 0.00861529 0.00816651 0.00809996 0.00831164 0.00859097 0.00813524 0.00813214 0.00898546 0.00838349 0.0082436 0.00812222 0.00824063 0.00830065 0.00845396 0.00825821 0.0082597 0.00826578 0.00827896 0.00835154 0.0086589 
0.0120796 0 0.00409279 0.00385204 0.00369541 0.00365077 0.00377435 0.00430744 0.716727 0.0107354 0.0161237 0.00923628 0.0130127 0.0110295 0.0259992 0.0107489 0.0154561 0.00918539 0.0102588 0.0102364 0.0117875 0.00974899 0.00972317 0.00910332 0.00901826 0.00947023 0.00873439 0.0098959 0.00955822 0.00824581 0.00831426 0.00881432 0.00817996 0.00897454 0.00863638 0.00913007 0.00926442 0.0100414 0.00948622 0.00961044 0.00834527 0.008335 0.00808611 0.00821484 0.0082127 0.00820463 0.00863846 0.00815203 0.00883831 0.00838231 0.00817311 0.00835521 0.00823062 0.0085519 0.00831737 0.00865411 0.00831094 0.00859759 0.00837625 0.00835883 0.00842953 0.00848207 0.00850493 0.00840223 0.00941421 
0.0142851 0.00409279 0 0.00357339 0.00361928 0.00362698 0.00365121 0.00459245 0.0178247 0.733885 0.00922325 0.0303298 0.0120574 0.0313453 0.0134834 0.0219761 0.00911135 0.0293484 0.0111309 0.0160769 0.011335 0.0110263 0.0104749 0.0161392 0.0154093 0.0124783 0.0136504 0.0100295 0.0086911 0.00986161 0.00853756 0.00839044 0.0106603 0.00864995 0.0144297 0.0118712 0.0136774 0.0155103 0.011223 0.00962446 0.00909437 0.00826233 0.00831965 0.00841985 0.00832062 0.00868796 0.00816913 0.00895752 0.00835125 0.00831495 0.00860135 0.008288 0.00884994 0.00824653 0.00870015 0.0084537 0.0087935 0.00828639 0.00846714 0.00851481 0.00866885 0.00868736 0.0086786 0.00892173 0.00864287 
0.00914187 0.00385204 0.00357339 0 0.00359153 0.003552 0.00365703 0.00361177 0.09376 0.0130365 0.553183 0.0126634 0.0965854 0.0135039 0.0122514 0.00915229 0.0355416 0.0127951 0.0673088 0.0142036 0.00930453 0.00910415 0.0200609 0.0326002 0.0320021 0.0468585 0.0155387 0.00957766 0.00907601 0.00919846 0.00968039 0.0111322 0.00934566 0.018227 0.0151633 0.0273667 0.027508 0.0262247 0.0148888 0.00975551 0.00826008 0.00856796 0.00834831 0.00855399 0.00858509 0.00825658 0.00842434 0.00847146 0.00864594 0.00831064 0.00836486 0.00831874 0.00814192 0.0082934 0.00872739 0.00888994 0.0085442 0.00827911 0.00837006 0.0087898 0.00904229 0.00908393 0.0089697 0.00871226 0.0087583 
0.00993 0.00369541 0.00361928 0.00359153 0 0.00357804 0.0036307 0.00362225 0.0366563 0.110745 0.0232907 0.563606 0.0259363 0.040769 0.0129533 0.0129398 0.013334 0.0753718 0.040432 0.0231576 0.0109647 0.0101377 0.016865 0.0684171 0.0839395 0.0550661 0.0248179 0.0118738 0.00917847 0.0101256 0.0116795 0.011167 0.0134813 0.0143713 0.0390338 0.0492564 0.0488183 0.0370959 0.022968 0.0118076 0.00843111 0.0085757 0.00849962 0.00875928 0.00854294 0.00843993 0.00838077 0.00899224 0.00843315 0.00831591 0.00852295 0.00829609 0.00821554 0.00833525 0.00903006 0.00900485 0.00887002 0.00827275 0.00847745 0.00921839 0.00963679 0.00962512 0.00927942 0.00902003 0.00878277 
0.00993607 0.00365077 0.00362698 0.003552 0.00357804 0 0.0035902 0.00357676 0.0238716 0.067914 0.0968554 0.0424917 0.521597 0.0237832 0.0203002 0.0122785 0.0158298 0.0533821 0.0517969 0.0173576 0.0108852 0.00980813 0.0177253 0.0679929 0.0752023 0.0575397 0.022647 0.0118165 0.00898649 0.010891 0.0103124 0.00991966 0.0122693 0.0152216 0.0284349 0.0371234 0.036755 0.0439793 0.0184363 0.0124696 0.00846066 0.00834338 0.00835438 0.00857419 0.00852739 0.00840811 0.00836131 0.0089572 0.00842039 0.00832984 0.00852707 0.00830521 0.00818845 0.00834369 0.00873828 0.00876485 0.00867975 0.00824115 0.00848082 0.00886818 0.00930585 0.00923062 0.00913269 0.00899774 0.00894605 
0.0115711 0.00377435 0.00365121 0.00365703 0.0036307 0.0035902 0 0.00367292 0.0274002 0.0276974 0.0791473 0.0523463 0.0362803 0.647624 0.0233979 0.0106243 0.0291181 0.0147921 0.0288497 0.0378047 0.0109755 0.00905556 0.0205852 0.028299 0.0288562 0.033496 0.0459875 0.012547 0.00978002 0.00937718 0.00962101 0.0099573 0.0092688 0.0130917 0.0177594 0.0204148 0.0224822 0.0199303 0.024871 0.0114722 0.0083134 0.00836285 0.00841121 0.00851714 0.0086158 0.00823385 0.00843563 0.00870913 0.00865213 0.00832967 0.00852551 0.00823561 0.00820324 0.00830826 0.00891317 0.0088077 0.00870959 0.00829417 0.00851094 0.00898158 0.00942387 0.00952235 0.00929637 0.0088893 0.00877753 
0.0291277 0.00430744 0.00459245 0.00361177 0.00362225 0.00357676 0.00367292 0 0.0209711 0.0231583 0.0212965 0.0301493 0.0289212 0.0474595 0.634682 0.0248796 0.00923528 0.014022 0.0105143 0.0145374 0.0211499 0.0168243 0.009534 0.0109196 0.0129686 0.0117646 0.0141074 0.0242879 0.0125534 0.00894372 0.00860533 0.00851303 0.00939839 0.00894333 0.0116306 0.0110153 0.0108493 0.0122049 0.0122669 0.0172452 0.00849831 0.00814554 0.00813768 0.00821582 0.00812368 0.00880096 0.00864323 0.0085358 0.00845108 0.00848744 0.00831263 0.00810775 0.0082202 0.00841332 0.00862397 0.00852186 0.00861456 0.00826164 0.0086637 0.00861293 0.00922158 0.00880048 0.00874455 0.00861839 0.00903913 
0.0107018 0.716727 0.0178247 0.09376 0.0366563 0.0238716 0.0274002 0.0209711 0 0.00366668 0.00357627 0.00361247 0.00366214 0.00424503 0.00733975 0.0202837 0.0267479 0.00917022 0.0128003 0.0105323 0.0150874 0.0114804 0.0117736 0.0104067 0.0103495 0.0108134 0.00980462 0.0135824 0.0101313 0.00853376 0.00854594 0.00913917 0.00845469 0.00991131 0.00924862 0.0105004 0.0111934 0.0109364 0.0110995 0.0126974 0.00829859 0.00836385 0.00814839 0.00820014 0.00847432 0.00850936 0.00863197 0.0081475 0.00947482 0.00845161 0.00817314 0.00832368 0.00828051 0.00872106 0.00821479 0.00865544 0.00823055 0.00856486 0.0083801 0.00832129 0.00852931 0.00858331 0.00860742 0.00840974 0.00949966 
0.00928934 0.0107354 0.733885 0.0130365 0.110745 0.067914 0.0276974 0.0231583 0.00366668 0 0.00356573 0.0035712 0.00364166 0.00362743 0.00373438 0.301752 0.0110059 0.0401388 0.0113751 0.0173883 0.0120843 0.0122983 0.0163881 0.020913 0.0198323 0.0159532 0.0200132 0.0111981 0.0088367 0.0101766 0.00882861 0.00891615 0.011579 0.00973345 0.0200481 0.0178268 0.021758 0.0239131 0.0136074 0.00993993 0.00856799 0.0082767 0.00828715 0.00856144 0.00834894 0.00849418 0.00813102 0.00953546 0.00832952 0.00812604 0.00847548 0.00825211 0.00818661 0.00811566 0.00868572 0.00854619 0.00861855 0.00818633 0.00831136 0.00881164 0.00913127 0.00902735 0.00893636 0.00870775 0.00840735 
0.00829202 0.0161237 0.00922325 0.553183 0.0232907 0.0968554 0.0791473 0.0212965 0.00357627 0.00356573 0 0.00356694 0.00356203 0.00357886 0.00358044 0.0100721 0.284493 0.0126224 0.0600018 0.0149126 0.00995637 0.00941711 0.0170178 0.0297463 0.0288477 0.0505678 0.0214236 0.0107808 0.00895297 0.00906158 0.0101881 0.0108669 0.010009 0.0207157 0.016753 0.0331251 0.0336771 0.0311172 0.0172334 0.00983688 0.00813373 0.00831563 0.00822682 0.0083957 0.00839858 0.00830532 0.00826637 0.00833489 0.00836818 0.00816165 0.00826676 0.00817412 0.00807746 0.00814762 0.00839235 0.00846165 0.00825286 0.0081394 0.00820561 0.00850443 0.00870401 0.00888268 0.00855832 0.00839563 0.00853136 
0.00846524 0.00923628 0.0303298 0.0126634 0.563606 0.0424917 0.0523463 0.0301493 0.00361247 0.0035712 0.00356694 0 0.00355214 0.00356581 0.00357469 0.0215573 0.0109961 0.385469 0.0214057 0.0279738 0.0101896 0.0106887 0.0157161 0.0374387 0.0719017 0.0372525 0.0175754 0.0124874 0.008702 0.0100613 0.0102667 0.0103605 0.014734 0.0136919 0.0325118 0.0392725 0.0492934 0.0404062 0.0203972 0.0117852 0.00823676 0.00822109 0.00828879 0.00851692 0.00840559 0.00843709 0.00824245 0.00857139 0.00834367 0.00817794 0.00837959 0.00819618 0.00811686 0.00817246 0.00862889 0.00847581 0.00842061 0.00814631 0.00828142 0.00861308 0.00909682 0.00897801 0.00874451 0.00847536 0.00851526 
0.00834013 0.0130127 0.0120574 0.0965854 0.0259363 0.521597 0.0362803 0.0289212 0.00366214 0.00364166 0.00356203 0.00355214 0 0.00358163 0.00356661 0.0149697 0.071028 0.0276361 0.402695 0.0146979 0.0110724 0.0100142 0.0211427 0.0478737 0.0493825 0.0466517 0.0172968 0.0111483 0.00942067 0.00996581 0.01175 0.0114157 0.0114599 0.0221279 0.0282155 0.0496156 0.0449181 0.0497744 0.0204193 0.0112429 0.00828752 0.00831857 0.00837235 0.00856985 0.00846749 0.00828096 0.00835598 0.00844426 0.00870689 0.00821494 0.00838674 0.00841322 0.00809779 0.00819795 0.00859299 0.00867118 0.00839969 0.0081831 0.00826142 0.00877117 0.00903912 0.00919239 0.00891382 0.00853427 0.00883851 
0.00874988 0.0110295 0.0313453 0.0135039 0.040769 0.0237832 0.647624 0.0474595 0.00424503 0.00362743 0.00357886 0.00356581 0.00358163 0 0.00357873 0.0182698 0.0181854 0.0801738 0.0278616 0.42686 0.0123279 0.010387 0.0185526 0.0262315 0.0263558 0.0222479 0.0451842 0.014999 0.00981188 0.0102884 0.00953112 0.00919206 0.0100798 0.0116113 0.0203546 0.0227465 0.027155 0.0229987 0.0375835 0.0116799 0.00824008 0.00831707 0.00835853 0.0084758 0.00840123 0.00826233 0.00821579 0.00910656 0.00859075 0.00818317 0.00853037 0.00823727 0.00813765 0.00817098 0.00887203 0.00854957 0.00860277 0.00816939 0.0082828 0.00859598 0.00912291 0.00904637 0.00902901 0.00854757 0.00839453 
0.0140967 0.0259992 0.0134834 0.0122514 0.0129533 0.0203002 0.0233979 0.634682 0.00733975 0.00373438 0.00358044 0.00357469 0.00356661 0.00357873 0 0.0386791 0.0127685 0.0152041 0.0386335 0.0273348 0.380118 0.0176297 0.0114566 0.0126424 0.0125759 0.0126118 0.0139544 0.028504 0.0205512 0.00992406 0.00890809 0.00886285 0.0104021 0.0103499 0.0112572 0.0123517 0.0124045 0.0131462 0.0128193 0.0196665 0.00925265 0.0083609 0.00823084 0.00831137 0.00817457 0.0085105 0.0103844 0.00858476 0.00860876 0.00921167 0.00832214 0.00812991 0.00821084 0.00898337 0.00876637 0.00845998 0.00830808 0.00828654 0.00897872 0.00872941 0.00886443 0.00874513 0.00868325 0.00833678 0.00864884 
0.0128459 0.0107489 0.0219761 0.00915229 0.0129398 0.0122785 0.0106243 0.0248796 0.0202837 0.301752 0.0100721 0.0215573 0.0149697 0.0182698 0.0386791 0 0.00503286 0.0037722 0.00359194 0.00383131 0.00948061 0.0691632 0.0104728 0.0100755 0.0112127 0.0099319 0.0114321 0.0268241 0.0113667 0.0120259 0.00881809 0.00876969 0.011608 0.0088649 0.0130881 0.0101794 0.0121863 0.0126412 0.0118449 0.0240596 0.0114628 0.0081842 0.0085663 0.00838336 0.00819901 0.0144275 0.00840778 0.00960077 0.00883809 0.00846204 0.00830836 0.00818545 0.00989889 0.00827702 0.00907392 0.00823012 0.0089847 0.00834373 0.00936874 0.00828379 0.00871476 0.00875684 0.00832508 0.00906205 0.0087863 
0.0081073 0.0154561 0.00911135 0.0355416 0.013334 0.0158298 0.0291181 0.00923528 0.0267479 0.0110059 0.284493 0.0109961 0.071028 0.0181854 0.0127685 0.00503286 0 0.00356049 0.00358193 0.00397737 0.0036702 0.0143509 0.0468896 0.0141366 0.0119851 0.0194377 0.0216218 0.00953765 0.0100501 0.00906308 0.00956779 0.0105114 0.00884072 0.0198198 0.0112505 0.0245565 0.019449 0.0208123 0.0188293 0.0100242 0.00828899 0.00880844 0.00816601 0.00833679 0.0094628 0.00820793 0.00901311 0.00829997 0.00913009 0.00821752 0.00827347 0.00844012 0.00812677 0.00857497 0.00838819 0.00914795 0.00831489 0.00870731 0.00814532 0.00873726 0.00876223 0.00888192 0.00886764 0.00845402 0.00907118 
0.00829462 0.00918539 0.0293484 0.0127951 0.0753718 0.0533821 0.0147921 0.014022 0.00917022 0.0401388 0.0126224 0.385469 0.0276361 0.0801738 0.0152041 0.0037722 0.00356049 0 0.00354774 0.00355289 0.00356403 0.0203657 0.0173583 0.0508084 0.0699533 0.0329935 0.0181553 0.0123397 0.00971912 0.0134876 0.0115375 0.0104013 0.0240109 0.01143 0.0612328 0.0345229 0.0665712 0.0562427 0.0275253 0.0131704 0.00877644 0.00835037 0.00889885 0.00951686 0.00834474 0.00905667 0.00827358 0.00944353 0.00860005 0.00831942 0.00862194 0.00831677 0.00820681 0.00824164 0.00898686 0.00876542 0.00901228 0.00826405 0.00847246 0.00880411 0.0100754 0.0101278 0.00937353 0.00916801 0.00902659 
0.00806753 0.0102588 0.0111309 0.0673088 0.040432 0.0517969 0.0288497 0.0105143 0.0128003 0.0113751 0.0600018 0.0214057 0.402695 0.0278616 0.0386335 0.00359194 0.00358193 0.00354774 0 0.00354607 0.00354721 0.0151803 0.0416567 0.0672815 0.0637492 0.0880512 0.0190234 0.0146853 0.0103887 0.010954 0.019142 0.0148555 0.0118361 0.0333926 0.032213 0.063838 0.0591605 0.0837671 0.02521 0.0137142 0.00828022 0.00864398 0.00886799 0.00892392 0.00891763 0.00925692 0.00847102 0.00861673 0.00895063 0.00824651 0.00844396 0.0084339 0.00811662 0.00820117 0.00871642 0.00916193 0.00854971 0.00828237 0.00834066 0.00887909 0.0100749 0.0108802 0.00939642 0.00880567 0.0091453 
0.0084687 0.0102364 0.0160769 0.0142036 0.0231576 0.0173576 0.0378047 0.0145374 0.0105323 0.0173883 0.0149126 0.0279738 0.0146979 0.42686 0.0273348 0.00383131 0.00397737 0.00355289 0.00354607 0 0.0035727 0.0141106 0.0368632 0.0472152 0.0372893 0.0269046 0.100266 0.0210983 0.0101694 0.0140415 0.00982963 0.00998193 0.0110714 0.0124029 0.0208881 0.0244464 0.0352008 0.0242325 0.0654114 0.0153389 0.00849027 0.00892819 0.00847709 0.00869125 0.00869416 0.00848035 0.00859372 0.00921514 0.00885277 0.00824402 0.00844263 0.00831175 0.00816301 0.008238 0.00882707 0.00861713 0.00880823 0.00821807 0.00830227 0.00885774 0.00929717 0.00928574 0.00903628 0.00877708 0.00861286 
0.0102864 0.0117875 0.011335 0.00930453 0.0109647 0.0108852 0.0109755 0.0211499 0.0150874 0.0120843 0.00995637 0.0101896 0.0110724 0.0123279 0.380118 0.00948061 0.0036702 0.00356403 0.00354721 0.0035727 0 0.0175585 0.0119242 0.0133504 0.0168259 0.0161805 0.0244902 0.0846557 0.0185291 0.0109816 0.00884511 0.00895498 0.00929657 0.00999065 0.0113269 0.0120999 0.0114233 0.0120878 0.0121969 0.0249126 0.00985378 0.00835234 0.00826234 0.00834273 0.00822634 0.00872175 0.0102039 0.00886124 0.00879316 0.00886584 0.00818336 0.00811741 0.00818759 0.0085203 0.00849043 0.00828794 0.00827702 0.00819917 0.0085805 0.00841337 0.00880507 0.00860229 0.00844462 0.00837322 0.00833277 
0.00884604 0.00974899 0.0110263 0.00910415 0.0101377 0.00980813 0.00905556 0.0168243 0.0114804 0.0122983 0.00941711 0.0106887 0.0100142 0.010387 0.0176297 0.0691632 0.0143509 0.0203657 0.0151803 0.0141106 0.0175585 0 0.00385621 0.00355704 0.00357312 0.00351554 0.00379846 0.00419409 0.156145 0.0113912 0.00957767 0.00889655 0.0106798 0.0126841 0.0132191 0.0119049 0.0134416 0.0142763 0.0123608 0.0206867 0.0103111 0.00825741 0.00837424 0.0083617 0.00825046 0.0127637 0.00869298 0.00858231 0.00927181 0.00832096 0.00825135 0.00816045 0.00872163 0.0082604 0.00853806 0.00831176 0.00826885 0.00837001 0.00878355 0.00831274 0.00872562 0.00867848 0.00841895 0.00841753 0.0089076 
0.00808004 0.00972317 0.0104749 0.0200609 0.016865 0.0177253 0.0205852 0.009534 0.0117736 0.0163881 0.0170178 0.0157161 0.0211427 0.0185526 0.0114566 0.0104728 0.0468896 0.0173583 0.0416567 0.0368632 0.0119242 0.00385621 0 0.0035506 0.00353809 0.00356629 0.00349713 0.00369145 0.0214805 0.0434553 0.0115965 0.0109052 0.0110304 0.0205236 0.0290732 0.027705 0.0359713 0.0344026 0.0327883 0.0124112 0.00852609 0.008924 0.00857384 0.00878778 0.00966925 0.00888081 0.00866749 0.00914449 0.00920941 0.00824533 0.00845205 0.00857725 0.00813794 0.0082863 0.00868401 0.00907717 0.00865321 0.00833923 0.00839868 0.00933395 0.0102103 0.00989882 0.0094152 0.00905039 0.00938471 
0.00818171 0.00910332 0.0161392 0.0326002 0.0684171 0.0679929 0.028299 0.0109196 0.0104067 0.020913 0.0297463 0.0374387 0.0478737 0.0262315 0.0126424 0.0100755 0.0141366 0.0508084 0.0672815 0.0472152 0.0133504 0.00355704 0.0035506 0 0.00355007 0.00355854 0.00357234 0.00388627 0.0171626 0.0196605 0.0590721 0.0156758 0.0226194 0.0318176 0.0420398 0.0807443 0.079115 0.0832401 0.0395816 0.0159687 0.00883202 0.00910384 0.0103447 0.0134052 0.00976095 0.00978495 0.00888761 0.0100974 0.00948224 0.0084296 0.00915389 0.00854503 0.00817275 0.00836786 0.00949263 0.0104268 0.0092449 0.00838013 0.00882859 0.0103655 0.0139219 0.0151344 0.0128803 0.0102336 0.0111253 
0.00809362 0.00901826 0.0154093 0.0320021 0.0839395 0.0752023 0.0288562 0.0129686 0.0103495 0.0198323 0.0288477 0.0719017 0.0493825 0.0263558 0.0125759 0.0112127 0.0119851 0.0699533 0.0637492 0.0372893 0.0168259 0.00357312 0.00353809 0.00355007 0 0.00355018 0.00358919 0.00356093 0.0139858 0.0367157 0.0260747 0.0316555 0.0259243 0.024815 0.0811834 0.0817576 0.117516 0.101706 0.0444878 0.0198982 0.00902763 0.00911664 0.0106623 0.0122891 0.00959219 0.00989208 0.00905243 0.0100348 0.00986353 0.00866504 0.00886489 0.00850821 0.00820703 0.00841833 0.00948304 0.0104903 0.00913134 0.00842003 0.00880209 0.0101747 0.0131796 0.0175935 0.0115435 0.0102814 0.0102118 
0.00820022 0.00947023 0.0124783 0.0468585 0.0550661 0.0575397 0.033496 0.0117646 0.0108134 0.0159532 0.0505678 0.0372525 0.0466517 0.0222479 0.0126118 0.0099319 0.0194377 0.0329935 0.0880512 0.0269046 0.0161805 0.00351554 0.00356629 0.00355854 0.00355018 0 0.00355122 0.00355362 0.0192311 0.0275002 0.0566119 0.0232968 0.0268846 0.0534378 0.0506711 0.126852 0.0843505 0.130511 0.0498173 0.0224886 0.00897428 0.00956893 0.00993717 0.0104007 0.0097572 0.00973483 0.00919978 0.00991062 0.0108395 0.00834213 0.00879529 0.00890362 0.00832585 0.00841068 0.00935028 0.0103816 0.00905622 0.00865939 0.00863485 0.0100393 0.01306 0.0155322 0.0122846 0.0100611 0.0111881 
0.00820635 0.00873439 0.0136504 0.0155387 0.0248179 0.022647 0.0459875 0.0141074 0.00980462 0.0200132 0.0214236 0.0175754 0.0172968 0.0451842 0.0139544 0.0114321 0.0216218 0.0181553 0.0190234 0.100266 0.0244902 0.00379846 0.00349713 0.00357234 0.00358919 0.00355122 0 0.00382569 0.016102 0.0460428 0.0294832 0.0165681 0.0186013 0.0251836 0.0475435 0.0399807 0.0713567 0.0540168 0.182786 0.0404588 0.00903719 0.0092676 0.00881953 0.00915731 0.0107547 0.00972067 0.00894558 0.0142995 0.0103296 0.00826455 0.00874054 0.00848199 0.00812955 0.00826081 0.00920057 0.00940181 0.0090532 0.00841412 0.00852998 0.0105968 0.0106049 0.0115981 0.0103203 0.00948769 0.0100148 
0.00906276 0.0098959 0.0100295 0.00957766 0.0118738 0.0118165 0.012547 0.0242879 0.0135824 0.0111981 0.0107808 0.0124874 0.0111483 0.014999 0.028504 0.0268241 0.00953765 0.0123397 0.0146853 0.0210983 0.0846557 0.00419409 0.00369145 0.00388627 0.00356093 0.00355362 0.00382569 0 0.0265105 0.0158612 0.0147193 0.0110814 0.0136422 0.0191051 0.0216568 0.0219815 0.0210015 0.0338905 0.0428619 0.177597 0.0114129 0.00870992 0.00862644 0.00901994 0.00882447 0.0158709 0.0108311 0.00950509 0.0133157 0.00901779 0.00839381 0.0082513 0.00827301 0.00881469 0.00866731 0.00839099 0.00863123 0.00851543 0.0114498 0.00860706 0.00924697 0.00930435 0.00885127 0.00888916 0.0100467 
0.0093534 0.00955822 0.0086911 0.00907601 0.00917847 0.00898649 0.00978002 0.0125534 0.0101313 0.0088367 0.00895297 0.008702 0.00942067 0.00981188 0.0205512 0.0113667 0.0100501 0.00971912 0.0103887 0.0101694 0.0185291 0.156145 0.0214805 0.0171626 0.0139858 0.0192311 0.016102 0.0265105 0 0.00355731 0.00359364 0.00361207 0.00361417 0.00478462 0.00378161 0.00427878 0.00482998 0.00653412 0.00783571 0.0201908 0.0119823 0.00925017 0.00875863 0.0087298 0.00960165 0.0177425 0.010353 0.00916435 0.0199366 0.00870996 0.00822287 0.009192 0.00993083 0.008762 0.00853773 0.00895165 0.00857941 0.0117762 0.00834887 0.00851572 0.00862034 0.00904582 0.0088607 0.0091592 0.0118064 
0.00814525 0.00824581 0.00986161 0.00919846 0.0101256 0.010891 0.00937718 0.00894372 0.00853376 0.0101766 0.00906158 0.0100613 0.00996581 0.0102884 0.00992406 0.0120259 0.00906308 0.0134876 0.010954 0.0140415 0.0109816 0.0113912 0.0434553 0.0196605 0.0367157 0.0275002 0.0460428 0.0158612 0.00355731 0 0.00366825 0.00359596 0.00360434 0.00368024 0.00420002 0.0041073 0.00606372 0.00969567 0.0165015 0.00966053 0.0105828 0.00939567 0.0090447 0.00890492 0.00908096 0.0106449 0.00877968 0.012 0.00932899 0.00830872 0.00854239 0.00836744 0.00847714 0.00829431 0.0090304 0.00864872 0.00889839 0.00828241 0.00866748 0.00884182 0.00974962 0.00991826 0.00899029 0.00955881 0.00862403 
0.00803323 0.00831426 0.00853756 0.00968039 0.0116795 0.0103124 0.00962101 0.00860533 0.00854594 0.00882861 0.0101881 0.0102667 0.01175 0.00953112 0.00890809 0.00881809 0.00956779 0.0115375 0.019142 0.00982963 0.00884511 0.00957767 0.0115965 0.0590721 0.0260747 0.0566119 0.0294832 0.0147193 0.00359364 0.00366825 0 0.00358594 0.00357674 0.00366229 0.00366602 0.0039106 0.00395698 0.00688433 0.00739585 0.00680539 0.0090397 0.0089033 0.00899897 0.0091468 0.00897235 0.00852983 0.00883008 0.00859861 0.00913451 0.00822542 0.00827269 0.00820954 0.00806853 0.00820561 0.00845965 0.00901719 0.00834995 0.00824031 0.0082278 0.00857593 0.00982546 0.0112227 0.00954549 0.00867138 0.00862635 
0.00806989 0.00881432 0.00839044 0.0111322 0.011167 0.00991966 0.0099573 0.00851303 0.00913917 0.00891615 0.0108669 0.0103605 0.0114157 0.00919206 0.00886285 0.00876969 0.0105114 0.0104013 0.0148555 0.00998193 0.00895498 0.00889655 0.0109052 0.0156758 0.0316555 0.0232968 0.0165681 0.0110814 0.00361207 0.00359596 0.00358594 0 0.00354745 0.00359515 0.0036174 0.00370209 0.00452646 0.00404303 0.00458978 0.00544567 0.00909545 0.00938453 0.00887599 0.00905423 0.00879816 0.00850602 0.00895864 0.00855517 0.00946475 0.00832453 0.00824972 0.00824584 0.00804512 0.0082849 0.00843573 0.0096218 0.00831639 0.00838459 0.00829402 0.00891745 0.00933121 0.0106707 0.00978033 0.00848009 0.00900281 
0.00808139 0.00817996 0.0106603 0.00934566 0.0134813 0.0122693 0.0092688 0.00939839 0.00845469 0.011579 0.010009 0.014734 0.0114599 0.0100798 0.0104021 0.011608 0.00884072 0.0240109 0.0118361 0.0110714 0.00929657 0.0106798 0.0110304 0.0226194 0.0259243 0.0268846 0.0186013 0.0136422 0.00361417 0.00360434 0.00357674 0.00354745 0 0.0035504 0.00357506 0.0037994 0.00375993 0.00380026 0.00368226 0.00471866 0.0140833 0.00915396 0.0110285 0.0100276 0.00874693 0.0109522 0.00872411 0.00974405 0.00900982 0.00820383 0.00869648 0.00820688 0.00821785 0.00812126 0.00918838 0.00878722 0.00911399 0.0082601 0.00859662 0.00879315 0.0123143 0.0113205 0.00955222 0.0098299 0.00866958 
0.00803404 0.00897454 0.00864995 0.018227 0.0143713 0.0152216 0.0130917 0.00894333 0.00991131 0.00973345 0.0207157 0.0136919 0.0221279 0.0116113 0.0103499 0.0088649 0.0198198 0.01143 0.0333926 0.0124029 0.00999065 0.0126841 0.0205236 0.0318176 0.024815 0.0534378 0.0251836 0.0191051 0.00478462 0.00368024 0.00366229 0.00359515 0.0035504 0 0.00355148 0.00356807 0.00365557 0.00365583 0.00382329 0.00383918 0.0118064 0.0129626 0.00974796 0.00998203 0.0117692 0.00912162 0.0103256 0.00897365 0.0117876 0.00843567 0.00849074 0.00854703 0.00808484 0.0083765 0.00870797 0.0126847 0.00854155 0.00858507 0.00843738 0.0111856 0.012244 0.0167176 0.0152367 0.00942249 0.0107317 
0.00820884 0.00863638 0.0144297 0.0151633 0.0390338 0.0284349 0.0177594 0.0116306 0.00924862 0.0200481 0.016753 0.0325118 0.0282155 0.0203546 0.0112572 0.0130881 0.0112505 0.0612328 0.032213 0.0208881 0.0113269 0.0132191 0.0290732 0.0420398 0.0811834 0.0506711 0.0475435 0.0216568 0.00378161 0.00420002 0.00366602 0.0036174 0.00357506 0.00355148 0 0.00355896 0.00359847 0.00363063 0.00361367 0.00414776 0.0262061 0.0121637 0.0161936 0.0249387 0.0112114 0.0125387 0.0101696 0.013878 0.0109749 0.00853554 0.0100948 0.0088246 0.00839536 0.0085701 0.0124407 0.0117373 0.0108411 0.00867266 0.0101775 0.0121912 0.0249762 0.0300969 0.0176212 0.0151529 0.0109579 
0.00818883 0.00913007 0.0118712 0.0273667 0.0492564 0.0371234 0.0204148 0.0110153 0.0105004 0.0178268 0.0331251 0.0392725 0.0496156 0.0227465 0.0123517 0.0101794 0.0245565 0.0345229 0.063838 0.0244464 0.0120999 0.0119049 0.027705 0.0807443 0.0817576 0.126852 0.0399807 0.0219815 0.00427878 0.0041073 0.0039106 0.00370209 0.0037994 0.00356807 0.00355896 0 0.00356875 0.00364976 0.00367722 0.00384328 0.0252718 0.0356435 0.0174244 0.0168504 0.0141382 0.0118465 0.0110946 0.0132943 0.0121024 0.00872436 0.0103619 0.00933448 0.00843488 0.00875514 0.011438 0.0177472 0.0105946 0.00912717 0.00965948 0.0154748 0.0285123 0.0380397 0.0288428 0.0143513 0.0132008 
0.0082084 0.00926442 0.0136774 0.027508 0.0488183 0.036755 0.0224822 0.0108493 0.0111934 0.021758 0.0336771 0.0492934 0.0449181 0.027155 0.0124045 0.0121863 0.019449 0.0665712 0.0591605 0.0352008 0.0114233 0.0134416 0.0359713 0.079115 0.117516 0.0843505 0.0713567 0.0210015 0.00482998 0.00606372 0.00395698 0.00452646 0.00375993 0.00365557 0.00359847 0.00356875 0 0.00360984 0.00367517 0.00365382 0.0339732 0.0298378 0.0350755 0.0228942 0.01458 0.01309 0.0118359 0.0135638 0.013348 0.00913439 0.0112156 0.00928388 0.0084111 0.00890547 0.0128422 0.0200935 0.0114714 0.00896366 0.0105023 0.0161948 0.0349701 0.0499946 0.0279923 0.0149232 0.0133211 
0.00823923 0.0100414 0.0155103 0.0262247 0.0370959 0.0439793 0.0199303 0.0122049 0.0109364 0.0239131 0.0311172 0.0404062 0.0497744 0.0229987 0.0131462 0.0126412 0.0208123 0.0562427 0.0837671 0.0242325 0.0120878 0.0142763 0.0344026 0.0832401 0.101706 0.130511 0.0540168 0.0338905 0.00653412 0.00969567 0.00688433 0.00404303 0.00380026 0.00365583 0.00363063 0.00364976 0.00360984 0 0.00364347 0.00361683 0.0282408 0.0319828 0.0337948 0.0457089 0.0166996 0.0136196 0.0158879 0.0165751 0.0132672 0.00915158 0.0115732 0.00953459 0.00868445 0.00918071 0.0142785 0.0207401 0.0117891 0.00921999 0.0108836 0.017579 0.0331068 0.054087 0.0251279 0.0161016 0.0145123 
0.00830126 0.00948622 0.011223 0.0148888 0.022968 0.0184363 0.024871 0.0122669 0.0110995 0.0136074 0.0172334 0.0203972 0.0204193 0.0375835 0.0128193 0.0118449 0.0188293 0.0275253 0.02521 0.0654114 0.0121969 0.0123608 0.0327883 0.0395816 0.0444878 0.0498173 0.182786 0.0428619 0.00783571 0.0165015 0.00739585 0.00458978 0.00368226 0.00382329 0.00361367 0.00367722 0.00367517 0.00364347 0 0.00376908 0.0161711 0.0264091 0.0179302 0.0166152 0.077889 0.0163603 0.0158226 0.047801 0.021161 0.0102019 0.0098053 0.00965256 0.00843222 0.00942892 0.0128957 0.0157739 0.0121558 0.00906725 0.0108068 0.0160824 0.02413 0.0284201 0.021256 0.0140951 0.0140478 
0.0095184 0.00961044 0.00962446 0.00975551 0.0118076 0.0124696 0.0114722 0.0172452 0.0126974 0.00993993 0.00983688 0.0117852 0.0112429 0.0116799 0.0196665 0.0240596 0.0100242 0.0131704 0.0137142 0.0153389 0.0249126 0.0206867 0.0124112 0.0159687 0.0198982 0.0224886 0.0404588 0.177597 0.0201908 0.00966053 0.00680539 0.00544567 0.00471866 0.00383918 0.00414776 0.00384328 0.00365382 0.00361683 0.00376908 0 0.0216162 0.0109776 0.0130548 0.0128495 0.0193989 0.11688 0.0215879 0.020249 0.0553326 0.0134047 0.00943222 0.00856651 0.00883793 0.0116114 0.00990657 0.00922205 0.00949729 0.0097993 0.0163751 0.0107295 0.0126748 0.0143774 0.0117559 0.0114164 0.0135541 
0.0085898 0.00834527 0.00909437 0.00826008 0.00843111 0.00846066 0.0083134 0.00849831 0.00829859 0.00856799 0.00813373 0.00823676 0.00828752 0.00824008 0.00925265 0.0114628 0.00828899 0.00877644 0.00828022 0.00849027 0.00985378 0.0103111 0.00852609 0.00883202 0.00902763 0.00897428 0.00903719 0.0114129 0.0119823 0.0105828 0.0090397 0.00909545 0.0140833 0.0118064 0.0262061 0.0252718 0.0339732 0.0282408 0.0161711 0.0216162 0 0.0050211 0.00380137 0.00449572 0.00362364 0.0101993 0.00457439 0.00696439 0.0125116 0.0117192 0.00925163 0.00933618 0.0147058 0.00945369 0.010806 0.00862968 0.00971493 0.0103824 0.00993588 0.00875711 0.0090497 0.00942623 0.00879397 0.0206059 0.0148856 
0.00809941 0.008335 0.00826233 0.00856796 0.0085757 0.00834338 0.00836285 0.00814554 0.00836385 0.0082767 0.00831563 0.00822109 0.00831857 0.00831707 0.0083609 0.0081842 0.00880844 0.00835037 0.00864398 0.00892819 0.00835234 0.00825741 0.008924 0.00910384 0.00911664 0.00956893 0.0092676 0.00870992 0.00925017 0.00939567 0.0089033 0.00938453 0.00915396 0.0129626 0.0121637 0.0356435 0.0298378 0.0319828 0.0264091 0.0109776 0.0050211 0 0.00431387 0.00358474 0.00402883 0.00359998 0.00552305 0.00494517 0.0125164 0.0100638 0.00893171 0.0107123 0.00853308 0.00898028 0.008861 0.0107217 0.00882836 0.00879056 0.00840606 0.00955278 0.00894103 0.0100671 0.0175913 0.00970239 0.00965922 
0.00811352 0.00808611 0.00831965 0.00834831 0.00849962 0.00835438 0.00841121 0.00813768 0.00814839 0.00828715 0.00822682 0.00828879 0.00837235 0.00835853 0.00823084 0.0085663 0.00816601 0.00889885 0.00886799 0.00847709 0.00826234 0.00837424 0.00857384 0.0103447 0.0106623 0.00993717 0.00881953 0.00862644 0.00875863 0.0090447 0.00899897 0.00887599 0.0110285 0.00974796 0.0161936 0.0174244 0.0350755 0.0337948 0.0179302 0.0130548 0.00380137 0.00431387 0 0.00398895 0.00358505 0.0036746 0.00377219 0.00685244 0.00658688 0.00894522 0.00924579 0.00879786 0.00898865 0.00838382 0.00940638 0.00909968 0.00908903 0.00828821 0.00848613 0.00869785 0.0109016 0.024411 0.0110504 0.00932635 0.00888893 
0.00803247 0.00821484 0.00841985 0.00855399 0.00875928 0.00857419 0.00851714 0.00821582 0.00820014 0.00856144 0.0083957 0.00851692 0.00856985 0.0084758 0.00831137 0.00838336 0.00833679 0.00951686 0.00892392 0.00869125 0.00834273 0.0083617 0.00878778 0.0134052 0.0122891 0.0104007 0.00915731 0.00901994 0.0087298 0.00890492 0.0091468 0.00905423 0.0100276 0.00998203 0.0249387 0.0168504 0.0228942 0.0457089 0.0166152 0.0128495 0.00449572 0.00358474 0.00398895 0 0.00368122 0.00354875 0.00385515 0.00634018 0.00627246 0.00913347 0.00920563 0.0087835 0.00856027 0.00864377 0.00988508 0.0104711 0.00881699 0.00834674 0.0087105 0.0092859 0.0236313 0.016985 0.0103046 0.00940488 0.0089682 
0.00803842 0.0082127 0.00832062 0.00858509 0.00854294 0.00852739 0.0086158 0.00812368 0.00847432 0.00834894 0.00839858 0.00840559 0.00846749 0.00840123 0.00817457 0.00819901 0.0094628 0.00834474 0.00891763 0.00869416 0.00822634 0.00825046 0.00966925 0.00976095 0.00959219 0.0097572 0.0107547 0.00882447 0.00960165 0.00908096 0.00897235 0.00879816 0.00874693 0.0117692 0.0112114 0.0141382 0.01458 0.0166996 0.077889 0.0193989 0.00362364 0.00402883 0.00358505 0.00368122 0 0.00361378 0.00461952 0.00595118 0.00363528 0.0101256 0.00942697 0.00962914 0.00829868 0.00969171 0.00945687 0.0108753 0.00868548 0.00896657 0.0087651 0.0154255 0.0130146 0.0117956 0.0111023 0.00964163 0.0139106 
0.00861529 0.00820463 0.00868796 0.00825658 0.00843993 0.00840811 0.00823385 0.00880096 0.00850936 0.00849418 0.00830532 0.00843709 0.00828096 0.00826233 0.0085105 0.0144275 0.00820793 0.00905667 0.00925692 0.00848035 0.00872175 0.0127637 0.00888081 0.00978495 0.00989208 0.00973483 0.00972067 0.0158709 0.0177425 0.0106449 0.00852983 0.00850602 0.0109522 0.00912162 0.0125387 0.0118465 0.01309 0.0136196 0.0163603 0.11688 0.0101993 0.00359998 0.0036746 0.00354875 0.00361378 0 0.0269195 0.00493333 0.00404627 0.0159304 0.0101041 0.0084587 0.0119107 0.0123893 0.0122318 0.00862886 0.0118311 0.00898719 0.0235563 0.0108526 0.0135201 0.0115204 0.00969438 0.0148098 0.0119804 
0.00816651 0.00863846 0.00816913 0.00842434 0.00838077 0.00836131 0.00843563 0.00864323 0.00863197 0.00813102 0.00826637 0.00824245 0.00835598 0.00821579 0.0103844 0.00840778 0.00901311 0.00827358 0.00847102 0.00859372 0.0102039 0.00869298 0.00866749 0.00888761 0.00905243 0.00919978 0.00894558 0.0108311 0.010353 0.00877968 0.00883008 0.00895864 0.00872411 0.0103256 0.0101696 0.0110946 0.0118359 0.0158879 0.0158226 0.0215879 0.00457439 0.00552305 0.00377219 0.00385515 0.00461952 0.0269195 0 0.00369021 0.00432617 0.025932 0.00959359 0.0147985 0.014069 0.0125391 0.00949749 0.0118383 0.00923974 0.0274057 0.00961175 0.0109013 0.0102433 0.0115212 0.011235 0.0104334 0.0368435 
0.00809996 0.00815203 0.00895752 0.00847146 0.00899224 0.0089572 0.00870913 0.0085358 0.0081475 0.00953546 0.00833489 0.00857139 0.00844426 0.00910656 0.00858476 0.00960077 0.00829997 0.00944353 0.00861673 0.00921514 0.00886124 0.00858231 0.00914449 0.0100974 0.0100348 0.00991062 0.0142995 0.00950509 0.00916435 0.012 0.00859861 0.00855517 0.00974405 0.00897365 0.013878 0.0132943 0.0135638 0.0165751 0.047801 0.020249 0.00696439 0.00494517 0.00685244 0.00634018 0.00595118 0.00493333 0.00369021 0 0.00356129 0.0109795 0.0290528 0.0124167 0.0129489 0.00877997 0.0217799 0.00889415 0.0300758 0.0085165 0.0109895 0.0125655 0.0138714 0.0128129 0.0103285 0.0308434 0.009798 
0.00831164 0.00883831 0.00835125 0.00864594 0.00843315 0.00842039 0.00865213 0.00845108 0.00947482 0.00832952 0.00836818 0.00834367 0.00870689 0.00859075 0.00860876 0.00883809 0.00913009 0.00860005 0.00895063 0.00885277 0.00879316 0.00927181 0.00920941 0.00948224 0.00986353 0.0108395 0.0103296 0.0133157 0.0199366 0.00932899 0.00913451 0.00946475 0.00900982 0.0117876 0.0109749 0.0121024 0.013348 0.0132672 0.021161 0.0553326 0.0125116 0.0125164 0.00658688 0.00627246 0.00363528 0.00404627 0.00432617 0.00356129 0 0.0206284 0.0100206 0.0205329 0.0189424 0.0200704 0.00982677 0.0154642 0.0100432 0.0598605 0.0144831 0.0129574 0.0117297 0.0126295 0.0156303 0.010313 0.0394664 
0.00859097 0.00838231 0.00831495 0.00831064 0.00831591 0.00832984 0.00832967 0.00848744 0.00845161 0.00812604 0.00816165 0.00817794 0.00821494 0.00818317 0.00921167 0.00846204 0.00821752 0.00831942 0.00824651 0.00824402 0.00886584 0.00832096 0.00824533 0.0084296 0.00866504 0.00834213 0.00826455 0.00901779 0.00870996 0.00830872 0.00822542 0.00832453 0.00820383 0.00843567 0.00853554 0.00872436 0.00913439 0.00915158 0.0102019 0.0134047 0.0117192 0.0100638 0.00894522 0.00913347 0.0101256 0.0159304 0.025932 0.0109795 0.0206284 0 0.00367167 0.00418014 0.00714544 0.00489995 0.00861938 0.011668 0.588801 0.132208 0.00746441 0.00823911 0.00874397 0.0124384 0.0103203 0.0117631 0.0737614 
0.00813524 0.00817311 0.00860135 0.00836486 0.00852295 0.00852707 0.00852551 0.00831263 0.00817314 0.00847548 0.00826676 0.00837959 0.00838674 0.00853037 0.00832214 0.00830836 0.00827347 0.00862194 0.00844396 0.00844263 0.00818336 0.00825135 0.00845205 0.00915389 0.00886489 0.00879529 0.00874054 0.00839381 0.00822287 0.00854239 0.00827269 0.00824972 0.00869648 0.00849074 0.0100948 0.0103619 0.0112156 0.0115732 0.0098053 0.00943222 0.00925163 0.00893171 0.00924579 0.00920563 0.00942697 0.0101041 0.00959359 0.0290528 0.0100206 0.00367167 0 0.00360771 0.00357811 0.00419791 0.0140655 0.583118 0.0941687 0.00555665 0.00715149 0.00749662 0.0135747 0.00949751 0.00958899 0.0445082 0.0129965 
0.00813214 0.00835521 0.008288 0.00831874 0.00829609 0.00830521 0.00823561 0.00810775 0.00832368 0.00825211 0.00817412 0.00819618 0.00841322 0.00823727 0.00812991 0.00818545 0.00844012 0.00831677 0.0084339 0.00831175 0.00811741 0.00816045 0.00857725 0.00854503 0.00850821 0.00890362 0.00848199 0.0082513 0.009192 0.00836744 0.00820954 0.00824584 0.00820688 0.00854703 0.0088246 0.00933448 0.00928388 0.00953459 0.00965256 0.00856651 0.00933618 0.0107123 0.00879786 0.0087835 0.00962914 0.0084587 0.0147985 0.0124167 0.0205329 0.00418014 0.00360771 0 0.00380424 0.00949392 0.837926 0.0490891 0.00457316 0.0053778 0.00658898 0.0192978 0.00771409 0.0105422 0.0174028 0.00945719 0.0278432 
0.00898546 0.00823062 0.00884994 0.00814192 0.00821554 0.00818845 0.00820324 0.0082202 0.00828051 0.00818661 0.00807746 0.00811686 0.00809779 0.00813765 0.00821084 0.00989889 0.00812677 0.00820681 0.00811662 0.00816301 0.00818759 0.00872163 0.00813794 0.00817275 0.00820703 0.00832585 0.00812955 0.00827301 0.00993083 0.00847714 0.00806853 0.00804512 0.00821785 0.00808484 0.00839536 0.00843488 0.0084111 0.00868445 0.00843222 0.00883793 0.0147058 0.00853308 0.00898865 0.00856027 0.00829868 0.0119107 0.014069 0.0129489 0.0189424 0.00714544 0.00357811 0.00380424 0 0.953253 0.0455725 0.0037361 0.00431456 0.00435481 0.025996 0.00712722 0.00842735 0.0110022 0.00864561 0.0149551 0.0124587 
0.00838349 0.0085519 0.00824653 0.0082934 0.00833525 0.00834369 0.00830826 0.00841332 0.00872106 0.00811566 0.00814762 0.00817246 0.00819795 0.00817098 0.00898337 0.00827702 0.00857497 0.00824164 0.00820117 0.008238 0.0085203 0.0082604 0.0082863 0.00836786 0.00841833 0.00841068 0.00826081 0.00881469 0.008762 0.00829431 0.00820561 0.0082849 0.00812126 0.0083765 0.0085701 0.00875514 0.00890547 0.00918071 0.00942892 0.0116114 0.00945369 0.00898028 0.00838382 0.00864377 0.00969171 0.0123893 0.0125391 0.00877997 0.0200704 0.00489995 0.00419791 0.00949392 0.953253 0 0.0038015 0.00363591 0.00364732 0.00674094 0.00494979 0.00658432 0.00664877 0.0435381 0.0776073 0.0223484 0.075207 
0.0082436 0.00831737 0.00870015 0.00872739 0.00903006 0.00873828 0.00891317 0.00862397 0.00821479 0.00868572 0.00839235 0.00862889 0.00859299 0.00887203 0.00876637 0.00907392 0.00838819 0.00898686 0.00871642 0.00882707 0.00849043 0.00853806 0.00868401 0.00949263 0.00948304 0.00935028 0.00920057 0.00866731 0.00853773 0.0090304 0.00845965 0.00843573 0.00918838 0.00870797 0.0124407 0.011438 0.0128422 0.0142785 0.0128957 0.00990657 0.010806 0.008861 0.00940638 0.00988508 0.00945687 0.0122318 0.00949749 0.0217799 0.00982677 0.00861938 0.0140655 0.837926 0.0455725 0.0038015 0 0.00357729 0.00502444 0.00440423 0.00995777 0.0159961 0.0756907 0.0791468 0.023846 0.0759674 0.0109613 
0.00812222 0.00865411 0.0084537 0.00888994 0.00900485 0.00876485 0.0088077 0.00852186 0.00865544 0.00854619 0.00846165 0.00847581 0.00867118 0.00854957 0.00845998 0.00823012 0.00914795 0.00876542 0.00916193 0.00861713 0.00828794 0.00831176 0.00907717 0.0104268 0.0104903 0.0103816 0.00940181 0.00839099 0.00895165 0.00864872 0.00901719 0.0096218 0.00878722 0.0126847 0.0117373 0.0177472 0.0200935 0.0207401 0.0157739 0.00922205 0.00862968 0.0107217 0.00909968 0.0104711 0.0108753 0.00862886 0.0118383 0.00889415 0.0154642 0.011668 0.583118 0.0490891 0.0037361 0.00363591 0.00357729 0 0.00363313 0.00363042 0.00379017 0.0709719 0.0355685 0.0178201 0.0355053 0.00732312 0.0124449 
