1JR2B
MKVLLLKDAKEDDCGQDPYIRELGLYGLEATLIPVLSFEFLSLPSFSEKLSHPEDYGGLIFTSPRAVEAAELCLEQNNKTEVWERSLKEKWNAKSVYVVGNATASLVSKIGLDTEGETCGNAEKLAEYICSRESSALPLLFPCGNLKREILPKALKDKGIAMESITVYQTVAHPGIQGNLNSYYSQQGVPASITFFSPSGLTYSLKHIQELSGDNIDQIKFAAIGPTTARALAAQGLPVSCTAESPTPQALATGIRKALQ
CEEEECCCCCCCCCCCCHHHHHHHCCCCEEEECCCEEEEECCHHHHHHHHCCHHHCCEEEECCHHHHHHHHHHHHHCCCHHHHHHCHHHHHHCCEEEECCHHHHHHHHHCCCCCCCCCCCCHHHHHHHHHCCCCCCCCEEEEECCHHHCCHHHHHHHCCCCEEEEECEEEEECCCHHHHHHHHHHHHCCCCEEEECCHHHHHHHHHHHHHHHHHHHHHCEEEECCHHHHHHHHHCCCCCCEECCCCCHHHHHHHHHHHCC
0 0 0 0 0 0 0 0 0 0 0 0 0 0 0 0 0 0 0 0 0 0 0 0 0 0 0 0 0 0 0 0 0 0 0 0 0 0 0 0 0 0 0 0 0 0 0 0 0 0 0 0 0 0 0 0 0 0 0 0 0 0 0 0 0 0 0 0 0 0 0 0 0 0 0 0 0 0 0 0 0 0 0 0 0 0 0 0 0 0 0 0 0 0 0 0 0 0 0 0 0 0 0 0 0 0 0 0 0 0 0 0 0 0 0 0 0 0 0 0 0 0 0 0 0 0 0 0 0 0 0 0 0 0 0 0 0 0 0 0 0 0 0 0 0 0 0 0 0 0 0 0 0 0 0 0 0 0 0 0 0 0 0 0 0 0 0 0 0 0 0 0 0 0 0 0 0 0 0 0 0 0 0 0 0 0 0 0 0 0 0 0 0 0 0 0 0 0 0 0 0 0 0 0 0 0 0 0 0 0 0 0 0 0 0 0 0 0 0 0 0 0 0 0 0 0 0 0 0 0 0 0 0 0 0 0 0 0 0 0 0 0 0 0 0 0 0 0 0 0 0 0 0 0 0 0 0 0 0 0 
0 0 0 0 0 0 0 0 0 0 0 0 0 0 0 0 0 0 0 0 0 0 0 0 0 0 0 0 0 0 0 0 0 0 0 0 0 0 0 0 0 0 0 0 0 0 0 0 0 0 0 0 0 0 0 0 0 0 0 0 0 0 0 0 0 0 0 0 0 0 0 0 0 0 0 0 0 0 0 0 0 0 0 0 0 0 0 0 0 0 0 0 0 0 0 0 0 0 0 0 0 0 0 0 0 0 0 0 0 0 0 0 0 0 0 0 0 0 0 0 0 0 0 0 0 0 0 0 0 0 0 0 0 0 0 0 0 0 0 0 0 0 0 0 0 0 0 0 0 0 0 0 0 0 0 0 0 0 0 0 0 0 0 0 0 0 0 0 0 0 0 0 0 0 0 0 0 0 0 0 0 0 0 0 0 0 0 0 0 0 0 0 0 0 0 0 0 0 0 0 0 0 0 0 0 0 0 0 0 0 0 0 0 0 0 0 0 0 0 0 0 0 0 0 0 0 0 0 0 0 0 0 0 0 0 0 0 0 0 0 0 0 0 0 0 0 0 0 0 0 0 0 0 0 0 0 0 0 0 0 
0 0.00547424 0.00374148 0.00514747 0.722567 0.0127404 0.0305729 0.0221396 0.0324802 0.011983 0.0102592 0.0143728 0.0172179 0.0239617 0.0134875 0.0115845 0.017527 0.0115836 0.00943006 0.0106461 0.0123441 0.00887853 0.00852117 0.00899157 0.00857308 0.00935503 0.00838065 0.00829071 0.00840651 0.0084871 0.00859726 0.0084151 0.00817192 0.00822619 0.00828819 0.00846251 0.00855446 0.00844932 0.00866878 0.00922983 0.00877976 0.00849299 0.00855984 0.00899316 0.00833082 0.00859525 
0.00547424 0 0.00381537 0.00366507 0.0259426 0.733469 0.0174554 0.025105 0.0170394 0.0236771 0.0190116 0.0139302 0.0113641 0.0266285 0.064946 0.0294412 0.0140537 0.00992086 0.0163308 0.0167873 0.0108527 0.00959549 0.00920095 0.00924436 0.00901691 0.0086031 0.00910275 0.00847549 0.00870444 0.00877392 0.0084933 0.0085024 0.00850452 0.00842777 0.00844431 0.00829932 0.00863445 0.00884278 0.00881216 0.00865981 0.00843917 0.00868373 0.00874121 0.00879212 0.00838239 0.00836269 
0.00374148 0.00381537 0 0.00377665 0.0334833 0.0211769 0.574716 0.0224625 0.0160152 0.0310307 0.0203169 0.02204 0.0101248 0.0165778 0.063645 0.0748028 0.0183019 0.010699 0.0154651 0.0253403 0.0137981 0.00959689 0.0101619 0.0108908 0.00930399 0.00880215 0.0085046 0.00874122 0.00908026 0.00890639 0.00888225 0.00853057 0.00857853 0.00853714 0.00835311 0.00826499 0.00875776 0.00906889 0.00909675 0.00884035 0.00866711 0.00878201 0.00877144 0.00856346 0.00834491 0.00835513 
0.00514747 0.00366507 0.00377665 0 0.0202425 0.0250057 0.0250049 0.652012 0.028291 0.0118926 0.0110473 0.0160339 0.0288155 0.0351253 0.0177223 0.030557 0.0781193 0.0146601 0.0117956 0.0149178 0.0244414 0.013165 0.00959639 0.00961795 0.00967851 0.00966989 0.009265 0.00843073 0.00861485 0.00863005 0.00940619 0.010836 0.00842017 0.00828374 0.00824442 0.00834044 0.00952763 0.0091768 0.00881514 0.009398 0.00940764 0.00866595 0.0085173 0.00861506 0.00853917 0.00848623 
0.722567 0.0259426 0.0334833 0.0202425 0 0.00372005 0.00406368 0.00402838 0.00473888 0.005937 0.00628881 0.0426766 0.0349256 0.0202661 0.00990444 0.0134037 0.0177081 0.0202707 0.00900876 0.0125277 0.0131968 0.00909239 0.00889373 0.00876535 0.00874592 0.00995865 0.00821376 0.00870973 0.00840185 0.00830468 0.0091545 0.00879427 0.00808476 0.00831812 0.00821886 0.00906278 0.00908783 0.00820512 0.00857192 0.00879674 0.0100505 0.00815278 0.00830899 0.00876615 0.0082593 0.00877567 
0.0127404 0.733469 0.0211769 0.0250057 0.00372005 0 0.00363273 0.00360021 0.0046405 0.00477173 0.0191068 0.00774927 0.00816628 0.0143613 0.0365863 0.0123454 0.014123 0.0090228 0.0288186 0.0105116 0.0101389 0.0100071 0.00894193 0.00963027 0.00890269 0.0084674 0.00993786 0.00835149 0.00888503 0.00888715 0.00841228 0.00837784 0.008716 0.00835193 0.00842486 0.00820542 0.00838451 0.00913936 0.00862887 0.00846315 0.00812549 0.0089795 0.00860692 0.00852988 0.00846142 0.00824144 
0.0305729 0.0174554 0.574716 0.0250049 0.00406368 0.00363273 0 0.00363653 0.00411917 0.0371083 0.00430407 0.00639852 0.00556562 0.0125578 0.0227948 0.0562406 0.0126648 0.0123572 0.0097985 0.0263974 0.0110291 0.00866301 0.0109265 0.00945586 0.00937446 0.00850072 0.00816522 0.00878667 0.00872072 0.00880845 0.00866601 0.00845667 0.00837032 0.00835228 0.00821647 0.00824564 0.00854998 0.00874766 0.00907971 0.00854782 0.00872894 0.00856465 0.00850524 0.00836854 0.00818791 0.00821357 
0.0221396 0.025105 0.0224625 0.652012 0.00402838 0.00360021 0.00363653 0 0.0455122 0.0110418 0.00396457 0.00393687 0.00510645 0.0247947 0.0163846 0.0176152 0.088129 0.0131561 0.0118628 0.0124608 0.0314267 0.0122934 0.00902802 0.00914435 0.00910583 0.00932891 0.0100765 0.00832481 0.00846429 0.0087355 0.00889712 0.0101658 0.00832338 0.00816518 0.00818441 0.00831 0.00927412 0.00861937 0.00866298 0.00889487 0.00864822 0.0084394 0.008344 0.00839997 0.00835482 0.00823885 
0.0324802 0.0170394 0.0160152 0.028291 0.00473888 0.0046405 0.00411917 0.0455122 0 0.00365074 0.00374743 0.00366126 0.00458719 0.0177787 0.012541 0.0123921 0.0280611 0.0106014 0.0101198 0.0116899 0.0156814 0.00919727 0.00854294 0.00866107 0.00857083 0.00916733 0.00855453 0.00809078 0.00832924 0.00842381 0.00862932 0.00835525 0.00811827 0.00815472 0.00819999 0.00858489 0.00829377 0.00838333 0.00836803 0.0088258 0.0082968 0.00836126 0.00830654 0.00845919 0.00824027 0.00842482 
0.011983 0.0236771 0.0310307 0.0118926 0.005937 0.00477173 0.0371083 0.0110418 0.00365074 0 0.00356543 0.00391077 0.00370958 0.0122908 0.031444 0.0244615 0.010385 0.010808 0.00944921 0.0172148 0.00936452 0.00841046 0.00876956 0.00859086 0.00848514 0.00833847 0.00818997 0.0082044 0.00842874 0.00834378 0.00835513 0.00822808 0.00821463 0.00822567 0.00819287 0.00818499 0.0084611 0.00856519 0.00858371 0.00822909 0.0084423 0.00840808 0.00843883 0.00834266 0.0082571 0.00819723 
0.0102592 0.0190116 0.0203169 0.0110473 0.00628881 0.0191068 0.00430407 0.00396457 0.00374743 0.00356543 0 0.00356297 0.00359587 0.0117386 0.0213424 0.0116939 0.0138143 0.00873165 0.0127868 0.00930385 0.00908399 0.00853934 0.0084574 0.00895946 0.00837336 0.0082813 0.00867603 0.00822864 0.00844173 0.00847715 0.00832865 0.00833924 0.00832116 0.00814961 0.00820597 0.00818142 0.00829323 0.00865987 0.00844219 0.00831666 0.00813365 0.00855888 0.00835152 0.00836682 0.00830009 0.00811533 
0.0143728 0.0139302 0.02204 0.0160339 0.0426766 0.00774927 0.00639852 0.00393687 0.00366126 0.00391077 0.00356297 0 0.00368359 0.0107577 0.0236429 0.0392159 0.0102538 0.0110926 0.00959319 0.0129998 0.00898638 0.00848257 0.00872296 0.0083853 0.00839014 0.00830537 0.00820054 0.00825411 0.00830341 0.00817908 0.00834943 0.00840579 0.0081599 0.0081727 0.00813861 0.00814569 0.00846861 0.00841005 0.00842757 0.00818198 0.00862832 0.00834784 0.00820211 0.00822372 0.00813165 0.00811329 
0.0172179 0.0113641 0.0101248 0.0288155 0.0349256 0.00816628 0.00556562 0.00510645 0.00458719 0.00370958 0.00359587 0.00368359 0 0.023585 0.0131957 0.0173461 0.0573101 0.0125995 0.0109656 0.00918971 0.0119037 0.0110769 0.00844652 0.00833335 0.00821454 0.00841433 0.00949511 0.00815172 0.00816333 0.00820204 0.00841768 0.00930064 0.00824879 0.00816182 0.00811307 0.00816882 0.00869584 0.00830391 0.00829542 0.00844059 0.00895698 0.00822813 0.00815617 0.0082369 0.00827489 0.00822598 
0.0239617 0.0266285 0.0165778 0.0351253 0.0202661 0.0143613 0.0125578 0.0247947 0.0177787 0.0122908 0.0117386 0.0107577 0.023585 0 0.00373372 0.00360019 0.00422372 0.738926 0.0184995 0.0250581 0.0320206 0.0198455 0.0120548 0.0106792 0.0109311 0.0137398 0.00929153 0.00852855 0.00949609 0.00922919 0.0107784 0.00937752 0.00843331 0.00829303 0.00857235 0.00957 0.0106811 0.00905431 0.0092105 0.0104823 0.00909071 0.00849093 0.00873675 0.00931241 0.00836158 0.00857819 
0.0134875 0.064946 0.063645 0.0177223 0.00990444 0.0365863 0.0227948 0.0163846 0.012541 0.031444 0.0213424 0.0236429 0.0131957 0.00373372 0 0.00363905 0.00358884 0.0379266 0.774753 0.0417977 0.0231468 0.012721 0.0284371 0.0254688 0.0151724 0.00982815 0.0090682 0.00945154 0.0128165 0.0111074 0.0103155 0.00947764 0.0097361 0.00901676 0.00932372 0.00862413 0.00923443 0.0109847 0.0115415 0.00961786 0.00851006 0.00959657 0.00977347 0.00922671 0.00850396 0.00845603 
0.0115845 0.0294412 0.0748028 0.030557 0.0134037 0.0123454 0.0562406 0.0176152 0.0123921 0.0244615 0.0116939 0.0392159 0.0173461 0.00360019 0.00363905 0 0.00383292 0.0270919 0.0328916 0.732461 0.0308113 0.0112365 0.0225764 0.0280008 0.0207174 0.0101216 0.0088963 0.0102381 0.01082 0.0116815 0.0126395 0.0126499 0.0094043 0.00936971 0.00877735 0.00850873 0.00961818 0.0108181 0.0137878 0.0101469 0.00908626 0.00923447 0.00983557 0.00972341 0.00830784 0.00844377 
0.017527 0.0140537 0.0183019 0.0781193 0.0177081 0.014123 0.0126648 0.088129 0.0280611 0.010385 0.0138143 0.0102538 0.0573101 0.00422372 0.00358884 0.00383292 0 0.0161487 0.0274887 0.0516644 0.762108 0.0217675 0.012904 0.0126189 0.0131458 0.0158703 0.0148005 0.00900179 0.00930714 0.00998755 0.0128913 0.0141281 0.00898088 0.00858988 0.00853169 0.00890587 0.0128669 0.0100569 0.00979656 0.0136644 0.0109331 0.00922474 0.00889891 0.00983157 0.00890903 0.00855739 
0.0115836 0.00992086 0.010699 0.0146601 0.0202707 0.0090228 0.0123572 0.0131561 0.0106014 0.010808 0.00873165 0.0110926 0.0125995 0.738926 0.0379266 0.0270919 0.0161487 0 0.00385369 0.00372515 0.0039491 0.181735 0.0222491 0.0100377 0.01188 0.0160899 0.0107712 0.00932108 0.0089671 0.00932245 0.013705 0.0102026 0.00852723 0.00887983 0.00902324 0.011918 0.0122802 0.00848844 0.0104049 0.0108229 0.0114174 0.00831498 0.00895193 0.0101347 0.00833085 0.00905679 
0.00943006 0.0163308 0.0154651 0.0117956 0.00900876 0.0288186 0.0097985 0.0118628 0.0101198 0.00944921 0.0127868 0.00959319 0.0109656 0.0184995 0.774753 0.0328916 0.0274887 0.00385369 0 0.0036578 0.00367164 0.149128 0.123056 0.0435746 0.0189277 0.0108687 0.0152433 0.00978583 0.013835 0.0151312 0.00994826 0.00988637 0.0133665 0.0091551 0.00977776 0.00949808 0.00961681 0.0191682 0.0104974 0.0105146 0.00827109 0.0101723 0.00956578 0.00911624 0.00843166 0.00830656 
0.0106461 0.0167873 0.0253403 0.0149178 0.0125277 0.0105116 0.0263974 0.0124608 0.0116899 0.0172148 0.00930385 0.0129998 0.00918971 0.0250581 0.0417977 0.732461 0.0516644 0.00372515 0.0036578 0 0.00369044 0.0298858 0.145164 0.10394 0.118592 0.0160478 0.0103496 0.0178479 0.0194983 0.0189861 0.0166757 0.0135435 0.0113883 0.0111809 0.00974692 0.00891516 0.0136745 0.0154818 0.0290581 0.0107351 0.00959935 0.0100936 0.012205 0.010619 0.00852327 0.00839627 
0.0123441 0.0108527 0.0137981 0.0244414 0.0131968 0.0101389 0.0110291 0.0314267 0.0156814 0.00936452 0.00908399 0.00898638 0.0119037 0.0320206 0.0231468 0.0308113 0.762108 0.0039491 0.00367164 0.00369044 0 0.0311603 0.022854 0.0623781 0.104722 0.198818 0.0202921 0.0107333 0.0113087 0.0158785 0.0188978 0.0165522 0.0101811 0.00921592 0.0091685 0.0101685 0.0176812 0.011612 0.0152784 0.0201838 0.010966 0.00943591 0.0103337 0.0117457 0.00922115 0.00865474 
0.00887853 0.00959549 0.00959689 0.013165 0.00909239 0.0100071 0.00866301 0.0122934 0.00919727 0.00841046 0.00853934 0.00848257 0.0110769 0.0198455 0.012721 0.0112365 0.0217675 0.181735 0.149128 0.0298858 0.0311603 0 0.00476414 0.00360057 0.00362067 0.00380654 0.484687 0.0128575 0.0130794 0.0144375 0.0268591 0.0153955 0.0160194 0.010091 0.0111946 0.0240105 0.0232542 0.0209691 0.0119988 0.0256148 0.011717 0.0131914 0.0108391 0.0147184 0.00969623 0.00987137 
0.00852117 0.00920095 0.0101619 0.00959639 0.00889373 0.00894193 0.0109265 0.00902802 0.00854294 0.00876956 0.0084574 0.00872296 0.00844652 0.0120548 0.0284371 0.0225764 0.012904 0.0222491 0.123056 0.145164 0.022854 0.00476414 0 0.00356679 0.00359235 0.00361315 0.0241809 0.400888 0.0197123 0.0478667 0.0135264 0.0152688 0.015056 0.013589 0.0137755 0.0107253 0.0206662 0.026285 0.0377035 0.0118068 0.00987886 0.0149091 0.0206195 0.0120647 0.00870618 0.00865137 
0.00899157 0.00924436 0.0108908 0.00961795 0.00876535 0.00963027 0.00945586 0.00914435 0.00866107 0.00859086 0.00895946 0.0083853 0.00833335 0.0106792 0.0254688 0.0280008 0.0126189 0.0100377 0.0435746 0.10394 0.0623781 0.00360057 0.00356679 0 0.00355512 0.00357298 0.0233845 0.0121537 0.50559 0.0149797 0.0264507 0.0113691 0.0176577 0.0174297 0.00978086 0.0090269 0.0142069 0.0427252 0.0293276 0.0144734 0.00899819 0.019705 0.0190946 0.0123559 0.00855532 0.0084288 
0.00857308 0.00901691 0.00930399 0.00967851 0.00874592 0.00890269 0.00937446 0.00910583 0.00857083 0.00848514 0.00837336 0.00839014 0.00821454 0.0109311 0.0151724 0.0207174 0.0131458 0.01188 0.0189277 0.118592 0.104722 0.00362067 0.00359235 0.00355512 0 0.00354877 0.0120324 0.0754397 0.0317169 0.380549 0.0157203 0.0132644 0.0178884 0.011736 0.0124355 0.00967831 0.0142377 0.021196 0.0431311 0.0164412 0.00910241 0.0127639 0.0177059 0.0116665 0.00870817 0.0084792 
0.00935503 0.0086031 0.00880215 0.00966989 0.00995865 0.0084674 0.00850072 0.00932891 0.00916733 0.00833847 0.0082813 0.00830537 0.00841433 0.0137398 0.00982815 0.0101216 0.0158703 0.0160899 0.0108687 0.0160478 0.198818 0.00380654 0.00361315 0.00357298 0.00354877 0 0.0437899 0.0114074 0.0131781 0.0359429 0.23201 0.0234398 0.0109469 0.00952366 0.0101439 0.0335101 0.0208105 0.0105901 0.012611 0.0291887 0.012943 0.00972932 0.00987674 0.014639 0.0101424 0.00911303 
0.00838065 0.00910275 0.0085046 0.009265 0.00821376 0.00993786 0.00816522 0.0100765 0.00855453 0.00818997 0.00867603 0.00820054 0.00949511 0.00929153 0.0090682 0.0088963 0.0148005 0.0107712 0.0152433 0.0103496 0.0202921 0.484687 0.0241809 0.0233845 0.0120324 0.0437899 0 0.00381358 0.00361816 0.00381478 0.00384492 0.0037647 0.00439145 0.00428999 0.00652455 0.042642 0.0184514 0.0207868 0.0100076 0.0361454 0.00984402 0.0166317 0.0103199 0.0172996 0.0104743 0.00946875 
0.00829071 0.00847549 0.00874122 0.00843073 0.00870973 0.00835149 0.00878667 0.00832481 0.00809078 0.0082044 0.00822864 0.00825411 0.00815172 0.00852855 0.00945154 0.0102381 0.00900179 0.00932108 0.00978583 0.0178479 0.0107333 0.0128575 0.400888 0.0121537 0.0754397 0.0114074 0.00381358 0 0.00355523 0.00357042 0.00358522 0.00361346 0.00399171 0.00420603 0.00635498 0.0163188 0.0212993 0.0148289 0.0301424 0.0104102 0.0111162 0.0100642 0.0168015 0.0103534 0.00858493 0.00867835 
0.00840651 0.00870444 0.00908026 0.00861485 0.00840185 0.00888503 0.00872072 0.00846429 0.00832924 0.00842874 0.00844173 0.00830341 0.00816333 0.00949609 0.0128165 0.01082 0.00930714 0.0089671 0.013835 0.0194983 0.0113087 0.0130794 0.0197123 0.50559 0.0317169 0.0131781 0.00361816 0.00355523 0 0.00355978 0.00356141 0.00372098 0.00484289 0.00538641 0.00389427 0.00426887 0.0150552 0.0340825 0.0231357 0.0116864 0.00972984 0.0189713 0.0164159 0.0108595 0.00857182 0.00857756 
0.0084871 0.00877392 0.00890639 0.00863005 0.00830468 0.00888715 0.00880845 0.0087355 0.00842381 0.00834378 0.00847715 0.00817908 0.00820204 0.00922919 0.0111074 0.0116815 0.00998755 0.00932245 0.0151312 0.0189861 0.0158785 0.0144375 0.0478667 0.0149797 0.380549 0.0359429 0.00381478 0.00357042 0.00355978 0 0.00356358 0.00364834 0.0110224 0.00372493 0.00390779 0.00424635 0.0164393 0.0354233 0.0243275 0.0230961 0.00986077 0.0210356 0.0245941 0.0134994 0.00933652 0.00875502 
0.00859726 0.0084933 0.00888225 0.00940619 0.0091545 0.00841228 0.00866601 0.00889712 0.00862932 0.00835513 0.00832865 0.00834943 0.00841768 0.0107784 0.0103155 0.0126395 0.0128913 0.013705 0.00994826 0.0166757 0.0188978 0.0268591 0.0135264 0.0264507 0.0157203 0.23201 0.00384492 0.00358522 0.00356141 0.00356358 0 0.00789304 0.00360877 0.00363941 0.00366353 0.00385287 0.0321535 0.012652 0.024645 0.0225262 0.0222057 0.0108409 0.0163397 0.0215939 0.00973706 0.00964573 
0.0084151 0.0085024 0.00853057 0.010836 0.00879427 0.00837784 0.00845667 0.0101658 0.00835525 0.00822808 0.00833924 0.00840579 0.00930064 0.00937752 0.00947764 0.0126499 0.0141281 0.0102026 0.00988637 0.0135435 0.0165522 0.0153955 0.0152688 0.0113691 0.0132644 0.0234398 0.0037647 0.00361346 0.00372098 0.00364834 0.00789304 0 0.00355949 0.00366774 0.003718 0.00396109 0.029696 0.0120982 0.0165544 0.022986 0.0130305 0.0110024 0.0132419 0.0211 0.00894859 0.0108736 
0.00817192 0.00850452 0.00857853 0.00842017 0.00808476 0.008716 0.00837032 0.00832338 0.00811827 0.00821463 0.00832116 0.0081599 0.00824879 0.00843331 0.0097361 0.0094043 0.00898088 0.00852723 0.0133665 0.0113883 0.0101811 0.0160194 0.015056 0.0176577 0.0178884 0.0109469 0.00439145 0.00399171 0.00484289 0.0110224 0.00360877 0.00355949 0 0.00360206 0.00375695 0.0036665 0.0176429 0.049022 0.0167916 0.0181699 0.00911565 0.019401 0.0136358 0.0102175 0.00944625 0.00855765 
0.00822619 0.00842777 0.00853714 0.00828374 0.00831812 0.00835193 0.00835228 0.00816518 0.00815472 0.00822567 0.00814961 0.0081727 0.00816182 0.00829303 0.00901676 0.00936971 0.00858988 0.00887983 0.0091551 0.0111809 0.00921592 0.010091 0.013589 0.0174297 0.011736 0.00952366 0.00428999 0.00420603 0.00538641 0.00372493 0.00363941 0.00366774 0.00360206 0 0.00355314 0.00359529 0.0158602 0.0237667 0.0389823 0.0095448 0.0100784 0.0098624 0.0128008 0.00936891 0.00839236 0.00845607 
0.00828819 0.00844431 0.00835311 0.00824442 0.00821886 0.00842486 0.00821647 0.00818441 0.00819999 0.00819287 0.00820597 0.00813861 0.00811307 0.00857235 0.00932372 0.00877735 0.00853169 0.00902324 0.00977776 0.00974692 0.0091685 0.0111946 0.0137755 0.00978086 0.0124355 0.0101439 0.00652455 0.00635498 0.00389427 0.00390779 0.00366353 0.003718 0.00375695 0.00355314 0 0.00358173 0.013743 0.0552934 0.0332792 0.014076 0.00933635 0.0125663 0.0107431 0.00923561 0.00869195 0.00840324 
0.00846251 0.00829932 0.00826499 0.00834044 0.00906278 0.00820542 0.00824564 0.00831 0.00858489 0.00818499 0.00818142 0.00814569 0.00816882 0.00957 0.00862413 0.00850873 0.00890587 0.011918 0.00949808 0.00891516 0.0101685 0.0240105 0.0107253 0.0090269 0.00967831 0.0335101 0.042642 0.0163188 0.00426887 0.00424635 0.00385287 0.00396109 0.0036665 0.00359529 0.00358173 0 0.0285 0.0120389 0.0228549 0.0410735 0.0146718 0.00961434 0.00972227 0.0113963 0.010649 0.00928167 
0.00855446 0.00863445 0.00875776 0.00952763 0.00908783 0.00838451 0.00854998 0.00927412 0.00829377 0.0084611 0.00829323 0.00846861 0.00869584 0.0106811 0.00923443 0.00961818 0.0128669 0.0122802 0.00961681 0.0136745 0.0176812 0.0232542 0.0206662 0.0142069 0.0142377 0.0208105 0.0184514 0.0212993 0.0150552 0.0164393 0.0321535 0.029696 0.0176429 0.0158602 0.013743 0.0285 0 0.00377146 0.00364395 0.00383538 0.693235 0.0198569 0.0308492 0.0292104 0.0135495 0.0167197 
0.00844932 0.00884278 0.00906889 0.0091768 0.00820512 0.00913936 0.00874766 0.00861937 0.00838333 0.00856519 0.00865987 0.00841005 0.00830391 0.00905431 0.0109847 0.0108181 0.0100569 0.00848844 0.0191682 0.0154818 0.011612 0.0209691 0.026285 0.0427252 0.021196 0.0105901 0.0207868 0.0148289 0.0340825 0.0354233 0.012652 0.0120982 0.049022 0.0237667 0.0552934 0.0120389 0.00377146 0 0.00379849 0.00360886 0.0189815 0.801949 0.0255497 0.021507 0.0137038 0.00951648 
0.00866878 0.00881216 0.00909675 0.00881514 0.00857192 0.00862887 0.00907971 0.00866298 0.00836803 0.00858371 0.00844219 0.00842757 0.00829542 0.0092105 0.0115415 0.0137878 0.00979656 0.0104049 0.0104974 0.0290581 0.0152784 0.0119988 0.0377035 0.0293276 0.0431311 0.012611 0.0100076 0.0301424 0.0231357 0.0243275 0.024645 0.0165544 0.0167916 0.0389823 0.0332792 0.0228549 0.00364395 0.00379849 0 0.00381285 0.0543069 0.0303118 0.734251 0.0356966 0.0120923 0.0113868 
0.00922983 0.00865981 0.00884035 0.009398 0.00879674 0.00846315 0.00854782 0.00889487 0.0088258 0.00822909 0.00831666 0.00818198 0.00844059 0.0104823 0.00961786 0.0101469 0.0136644 0.0108229 0.0105146 0.0107351 0.0201838 0.0256148 0.0118068 0.0144734 0.0164412 0.0291887 0.0361454 0.0104102 0.0116864 0.0230961 0.0225262 0.022986 0.0181699 0.0095448 0.014076 0.0410735 0.00383538 0.00360886 0.00381285 0 0.014151 0.0336212 0.0456759 0.733817 0.0165913 0.0154048 
0.00877976 0.00843917 0.00866711 0.00940764 0.0100505 0.00812549 0.00872894 0.00864822 0.0082968 0.0084423 0.00813365 0.00862832 0.00895698 0.00909071 0.00851006 0.00908626 0.0109331 0.0114174 0.00827109 0.00959935 0.010966 0.011717 0.00987886 0.00899819 0.00910241 0.012943 0.00984402 0.0111162 0.00972984 0.00986077 0.0222057 0.0130305 0.00911565 0.0100784 0.00933635 0.0146718 0.693235 0.0189815 0.0543069 0.014151 0 0.0049643 0.00364934 0.00380087 0.0298848 0.0428314 
0.00849299 0.00868373 0.00878201 0.00866595 0.00815278 0.0089795 0.00856465 0.0084394 0.00836126 0.00840808 0.00855888 0.00834784 0.00822813 0.00849093 0.00959657 0.00923447 0.00922474 0.00831498 0.0101723 0.0100936 0.00943591 0.0131914 0.0149091 0.019705 0.0127639 0.00972932 0.0166317 0.0100642 0.0189713 0.0210356 0.0108409 0.0110024 0.019401 0.0098624 0.0125663 0.00961434 0.0198569 0.801949 0.0303118 0.0336212 0.0049643 0 0.00360573 0.00359214 0.0932911 0.0133217 
0.00855984 0.00874121 0.00877144 0.0085173 0.00830899 0.00860692 0.00850524 0.008344 0.00830654 0.00843883 0.00835152 0.00820211 0.00815617 0.00873675 0.00977347 0.00983557 0.00889891 0.00895193 0.00956578 0.012205 0.0103337 0.0108391 0.0206195 0.0190946 0.0177059 0.00987674 0.0103199 0.0168015 0.0164159 0.0245941 0.0163397 0.0132419 0.0136358 0.0128008 0.0107431 0.00972227 0.0308492 0.0255497 0.734251 0.0456759 0.00364934 0.00360573 0 0.00359689 0.101881 0.0392814 
0.00899316 0.00879212 0.00856346 0.00861506 0.00876615 0.00852988 0.00836854 0.00839997 0.00845919 0.00834266 0.00836682 0.00822372 0.0082369 0.00931241 0.00922671 0.00972341 0.00983157 0.0101347 0.00911624 0.010619 0.0117457 0.0147184 0.0120647 0.0123559 0.0116665 0.014639 0.0172996 0.0103534 0.0108595 0.0134994 0.0215939 0.0211 0.0102175 0.00936891 0.00923561 0.0113963 0.0292104 0.021507 0.0356966 0.733817 0.00380087 0.00359214 0.00359689 0 0.0243948 0.150267 
0.00833082 0.00838239 0.00834491 0.00853917 0.0082593 0.00846142 0.00818791 0.00835482 0.00824027 0.0082571 0.00830009 0.00813165 0.00827489 0.00836158 0.00850396 0.00830784 0.00890903 0.00833085 0.00843166 0.00852327 0.00922115 0.00969623 0.00870618 0.00855532 0.00870817 0.0101424 0.0104743 0.00858493 0.00857182 0.00933652 0.00973706 0.00894859 0.00944625 0.00839236 0.00869195 0.010649 0.0135495 0.0137038 0.0120923 0.0165913 0.0298848 0.0932911 0.101881 0.0243948 0 0.00400023 
0.00859525 0.00836269 0.00835513 0.00848623 0.00877567 0.00824144 0.00821357 0.00823885 0.00842482 0.00819723 0.00811533 0.00811329 0.00822598 0.00857819 0.00845603 0.00844377 0.00855739 0.00905679 0.00830656 0.00839627 0.00865474 0.00987137 0.00865137 0.0084288 0.0084792 0.00911303 0.00946875 0.00867835 0.00857756 0.00875502 0.00964573 0.0108736 0.00855765 0.00845607 0.00840324 0.00928167 0.0167197 0.00951648 0.0113868 0.0154048 0.0428314 0.0133217 0.0392814 0.150267 0.00400023 0 
