1JZAA
KEGYLVNKSTGCKYGCLKLGENEGCDKECKAKNQGGSYGYCYAFACWCEGLPESTPTYPLPNKSCS
CCEECECCCCCCECECCCCECCHHHHHHHHCCCCCCCEEEECCCEEEEECCCCCCCCCCECCECCC
0 0 0 0 0 0 0 0 0 0 0 0 0 0 0 0 0 0 0 0 0 0 0 0 0 0 0 0 0 0 0 0 0 0 0 0 0 0 0 0 0 0 0 0 0 0 0 0 0 0 0 0 0 0 0 0 0 0 0 0 0 0 0 0 0 0 
0 0 0 0 0 0 0 0 0 0 0 0 0 0 0 0 0 0 0 0 0 0 0 0 0 0 0 0 0 0 0 0 0 0 0 0 0 0 0 0 0 0 0 0 0 0 0 0 0 0 0 0 0 0 0 0 0 0 0 0 0 0 0 0 0 0 
0 0.0048937 0.00918161 0.0230993 0.0146186 0.0214563 0.0125571 0.0118471 0.00901572 0.0163048 0.0110869 0.0125366 0.00870951 0.0098186 0.0102768 0.013213 0.00948712 
0.0048937 0 0.00567712 0.0189506 0.0196627 0.0154854 0.0116553 0.00998091 0.0117686 0.011323 0.0129651 0.0128009 0.0120358 0.0107169 0.0104985 0.0100811 0.00912313 
0.00918161 0.00567712 0 0.844054 0.0169367 0.0746327 0.0139586 0.0123401 0.00910907 0.0242314 0.0142232 0.010221 0.00901433 0.00947072 0.00937403 0.0377269 0.0149244 
0.0230993 0.0189506 0.844054 0 0.0140562 0.0180102 0.0156355 0.00861883 0.011273 0.0124945 0.0116774 0.00851983 0.00878677 0.00876791 0.0103488 0.0115289 0.0125343 
0.0146186 0.0196627 0.0169367 0.0140562 0 0.378899 0.0125453 0.00890517 0.0118021 0.0127053 0.0134917 0.00934676 0.00880066 0.00857656 0.0100735 0.0125747 0.0136537 
0.0214563 0.0154854 0.0746327 0.0180102 0.378899 0 0.0185262 0.00876535 0.00873263 0.100659 0.010134 0.00857069 0.00830607 0.0103141 0.0107496 0.0448381 0.0164565 
0.0125571 0.0116553 0.0139586 0.0156355 0.0125453 0.0185262 0 0.00368333 0.00381674 0.00397699 0.00420826 0.00434952 0.0153569 0.0225777 0.737215 0.00857704 0.0114086 
0.0118471 0.00998091 0.0123401 0.00861883 0.00890517 0.00876535 0.00368333 0 0.00664197 0.00360765 0.00364419 0.00905346 0.0134488 0.880926 0.00537589 0.0100497 0.0083734 
0.00901572 0.0117686 0.00910907 0.011273 0.0118021 0.00873263 0.00381674 0.00664197 0 0.00378432 0.0114884 0.0151903 0.827019 0.0047086 0.00517606 0.00722942 0.00790901 
0.0163048 0.011323 0.0242314 0.0124945 0.0127053 0.100659 0.00397699 0.00360765 0.00378432 0 0.0374644 0.777317 0.00495837 0.00487912 0.0045645 0.0176701 0.0122034 
0.0110869 0.0129651 0.0142232 0.0116774 0.0134917 0.010134 0.00420826 0.00364419 0.0114884 0.0374644 0 0.00358628 0.00355238 0.00356248 0.00367227 0.00753143 0.00934934 
0.0125366 0.0128009 0.010221 0.00851983 0.00934676 0.00857069 0.00434952 0.00905346 0.0151903 0.777317 0.00358628 0 0.00356341 0.00355815 0.00356304 0.00744364 0.00734375 
0.00870951 0.0120358 0.00901433 0.00878677 0.00880066 0.00830607 0.0153569 0.0134488 0.827019 0.00495837 0.00355238 0.00356341 0 0.0037183 0.00355672 0.00605002 0.00705293 
0.0098186 0.0107169 0.00947072 0.00876791 0.00857656 0.0103141 0.0225777 0.880926 0.0047086 0.00487912 0.00356248 0.00355815 0.0037183 0 0.00357129 0.0102932 0.00707439 
0.0102768 0.0104985 0.00937403 0.0103488 0.0100735 0.0107496 0.737215 0.00537589 0.00517606 0.0045645 0.00367227 0.00356304 0.00355672 0.00357129 0 0.0134829 0.00697998 
0.013213 0.0100811 0.0377269 0.0115289 0.0125747 0.0448381 0.00857704 0.0100497 0.00722942 0.0176701 0.00753143 0.00744364 0.00605002 0.0102932 0.0134829 0 0.865773 
0.00948712 0.00912313 0.0149244 0.0125343 0.0136537 0.0164565 0.0114086 0.0083734 0.00790901 0.0122034 0.00934934 0.00734375 0.00705293 0.00707439 0.00697998 0.865773 0 
