1JZOB
DDAAIQQTLAKMGIKSSDIQPAPVAGMKTVLTNSGVLYITDDGKHIIQGPMYDVSGTAPVNVTNKMLLKQLNALEKEMIVYKAPQEKHVITVFTDITCGYSHKLHEQMADYNALGITVRYLAFPRQGLDSDAEKEMKAIWCAKDKNKAFDDVMAGKSVAPASCDVDIADHYALGVQLGVSGTPAVVLSNGTLVPGYQPPKEMKEFLDEHQKMTSGK
CHHHHHHHHHCCCCCEEEEEECCCCCEEEEEECCEEEEEECCCCEEECCCEEECCCCCCEEHHHHHHHHHHHHHHHHCEEECCCCCCEEEEEEECCCCHHHHHHHHCHHHHHHCCEEEEEEECCCCCCCCHHHHHHHHHHCCCCHHHHHHHHHCCCCCCCCCCCCCHHHHHHHHHHHCCCCCCEEECCCCCEEECCCCHHHHHHHHHHHHHHHHCC
0 0 0 0 0 0 0 0 0 0 0 0 0 0 0 0 0 0 0 0 0 0 0 0 0 0 0 0 0 0 0 0 0 0 0 0 0 0 0 0 0 0 0 0 0 0 0 0 0 0 0 0 0 0 0 0 0 0 0 0 0 0 0 0 0 0 0 0 0 0 0 0 0 0 0 0 0 0 0 0 0 0 0 0 0 0 0 0 0 0 0 0 0 0 0 0 0 0 0 0 0 0 0 0 0 0 0 0 0 0 0 0 0 0 0 0 0 0 0 0 0 0 0 0 0 0 0 0 0 0 0 0 0 0 0 0 0 0 0 0 0 0 0 0 0 0 0 0 0 0 0 0 0 0 0 0 0 0 0 0 0 0 0 0 0 0 0 0 0 0 0 0 0 0 0 0 0 0 0 0 0 0 0 0 0 0 0 0 0 0 0 0 0 0 0 0 0 0 0 0 0 0 0 0 0 0 0 0 0 0 0 0 0 0 0 0 
0 0 0 0 0 0 0 0 0 0 0 0 0 0 0 0 0 0 0 0 0 0 0 0 0 0 0 0 0 0 0 0 0 0 0 0 0 0 0 0 0 0 0 0 0 0 0 0 0 0 0 0 0 0 0 0 0 0 0 0 0 0 0 0 0 0 0 0 0 0 0 0 0 0 0 0 0 0 0 0 0 0 0 0 0 0 0 0 0 0 0 0 0 0 0 0 0 0 0 0 0 0 0 0 0 0 0 0 0 0 0 0 0 0 0 0 0 0 0 0 0 0 0 0 0 0 0 0 0 0 0 0 0 0 0 0 0 0 0 0 0 0 0 0 0 0 0 0 0 0 0 0 0 0 0 0 0 0 0 0 0 0 0 0 0 0 0 0 0 0 0 0 0 0 0 0 0 0 0 0 0 0 0 0 0 0 0 0 0 0 0 0 0 0 0 0 0 0 0 0 0 0 0 0 0 0 0 0 0 0 0 0 0 0 0 0 
0 0.0036864 0.00367794 0.00379903 0.00370014 0.00437525 0.00881885 0.00732785 0.00845342 0.00935024 0.0155764 0.612844 0.0282792 0.0107208 0.01012 0.0101368 0.0148623 0.0284461 0.0223879 0.00984332 0.0237934 0.0132556 0.00930996 0.0128274 0.0155828 0.0104391 0.0128867 0.0087101 0.0252613 0.0161214 0.00901507 0.0123666 0.0095617 0.00997937 0.0103254 0.0150502 0.00989861 0.00855458 0.00932205 0.00871006 0.00931048 0.00922838 0.0104861 0.00864412 0.00840556 0.00888363 0.00844256 0.00812404 0.00825552 
0.0036864 0 0.00363507 0.00365954 0.00362069 0.00367327 0.00575623 0.0072776 0.00721823 0.0147619 0.200479 0.078234 0.00854533 0.0132754 0.0108699 0.0135523 0.017718 0.00992084 0.0124112 0.0181451 0.00934465 0.00958562 0.011552 0.00920073 0.00937931 0.00982776 0.00911841 0.0139278 0.00887852 0.00904463 0.0157861 0.0101504 0.0212705 0.0146748 0.0113925 0.00944792 0.0086211 0.0104009 0.00907245 0.0109111 0.0101333 0.00997606 0.00898561 0.00846682 0.00876052 0.00851833 0.0082095 0.00828368 0.00813477 
0.00367794 0.00363507 0 0.00356195 0.00355785 0.00355738 0.00592522 0.00668009 0.0111042 0.0907483 0.614395 0.00844116 0.00787837 0.0106158 0.0137279 0.0236105 0.0120041 0.00960732 0.00965045 0.0096127 0.0100517 0.00928585 0.00904572 0.00901025 0.0087017 0.00879344 0.0100557 0.00918116 0.00940008 0.00903099 0.0108484 0.0175505 0.0340507 0.0252792 0.0115907 0.00955324 0.00858498 0.00947809 0.0114237 0.016904 0.0132799 0.0101558 0.00933903 0.00837643 0.00880592 0.00844167 0.00823393 0.00832246 0.00813925 
0.00379903 0.00365954 0.00356195 0 0.00354893 0.00356159 0.0057273 0.00889365 0.0431396 0.770776 0.00758101 0.00754159 0.00799241 0.00956439 0.0182706 0.0121344 0.0106092 0.00879376 0.0105848 0.00898566 0.0121875 0.00924843 0.0089097 0.0087799 0.00927815 0.00860091 0.010623 0.0087231 0.00992127 0.0102623 0.00906642 0.031509 0.0148415 0.0199241 0.0105508 0.00941964 0.00879681 0.00868761 0.0176104 0.0111225 0.0130862 0.00950019 0.00934933 0.00843126 0.00854624 0.00845514 0.0082143 0.00821594 0.00814137 
0.00370014 0.00362069 0.00355785 0.00354893 0 0.00356999 0.00577088 0.0755164 0.693348 0.00738259 0.00859003 0.00733675 0.00763475 0.0176453 0.0095334 0.0127939 0.0107789 0.00859037 0.00957933 0.0227845 0.00865381 0.00913169 0.0102038 0.00888291 0.00867696 0.00918204 0.0089848 0.0109844 0.00866316 0.00868842 0.0114025 0.00931091 0.0117289 0.0107349 0.0120004 0.00905545 0.00885965 0.00933613 0.00916674 0.0094989 0.0092115 0.00969803 0.00894958 0.00826718 0.00853876 0.00836619 0.00812182 0.00808488 0.00813205 
0.00437525 0.00367327 0.00355738 0.00356159 0.00356999 0 0.151579 0.674741 0.00647532 0.00653304 0.00648565 0.00713062 0.0155813 0.010627 0.00944068 0.00931925 0.00904277 0.00993614 0.0237205 0.00981317 0.0131582 0.0181707 0.00898817 0.00940492 0.0122131 0.00971642 0.0172705 0.00868765 0.00977274 0.0174748 0.0091111 0.00907417 0.00942702 0.0091501 0.00915312 0.0112149 0.0135065 0.00901663 0.00864736 0.00867116 0.00887898 0.00844668 0.00936333 0.00923338 0.00823451 0.00839433 0.00877352 0.00808792 0.00801724 
0.00881885 0.00575623 0.00592522 0.0057273 0.00577088 0.151579 0 0.00371202 0.00358253 0.00361243 0.00367921 0.00502869 0.00519536 0.00607959 0.00655339 0.00713308 0.0155031 0.926388 0.012549 0.0101734 0.0198337 0.0107902 0.00905948 0.0172086 0.0129912 0.0159394 0.0108761 0.00906061 0.0228292 0.0122487 0.00933057 0.00991248 0.00980452 0.0099417 0.0116468 0.0199132 0.00946679 0.00870948 0.00893471 0.00879384 0.00881081 0.0102136 0.0120767 0.00870495 0.00835815 0.00932892 0.00853234 0.00816359 0.0083562 
0.00732785 0.0072776 0.00668009 0.00889365 0.0755164 0.674741 0.00371202 0 0.00358009 0.00358644 0.00375757 0.00370386 0.00497196 0.0058572 0.00746024 0.00963467 0.968367 0.0131206 0.00961484 0.0167901 0.00979354 0.00976764 0.0120935 0.0106822 0.0102137 0.00977338 0.010102 0.0135836 0.0100967 0.0102289 0.0127441 0.012947 0.0153688 0.0218009 0.0150277 0.0110618 0.00903549 0.00954212 0.0103715 0.0109492 0.0135296 0.0112367 0.0103192 0.00846274 0.00912856 0.00886359 0.00825558 0.00832871 0.00831878 
0.00845342 0.00721823 0.0111042 0.0431396 0.693348 0.00647532 0.00358253 0.00358009 0 0.0035841 0.00359837 0.00358423 0.00396666 0.00623483 0.0106979 0.981146 0.0148166 0.00718661 0.0104703 0.0102094 0.0101899 0.0100136 0.0105259 0.00947026 0.00928551 0.00939582 0.0122902 0.0106627 0.0100318 0.0112815 0.0166148 0.0283196 0.06659 0.0457975 0.0179801 0.0107072 0.00939869 0.0146807 0.0200699 0.0367121 0.02654 0.0152627 0.0109119 0.00885066 0.00930833 0.00882637 0.00837618 0.00842287 0.00823476 
0.00935024 0.0147619 0.0907483 0.770776 0.00738259 0.00653304 0.00361243 0.00358644 0.0035841 0 0.00357477 0.00360666 0.00404831 0.00733924 0.975135 0.0254847 0.00900166 0.00701359 0.00859661 0.00906765 0.0107494 0.0103324 0.00982389 0.0100516 0.0100733 0.00888305 0.0132941 0.0104947 0.011188 0.0119832 0.0147039 0.0595456 0.0607944 0.0653822 0.0193646 0.0118545 0.00988547 0.0131694 0.0342923 0.0311067 0.0386093 0.0158839 0.0113269 0.00882754 0.00944144 0.00912957 0.00840633 0.00841703 0.00823861 
0.0155764 0.200479 0.614395 0.00758101 0.00859003 0.00648565 0.00367921 0.00375757 0.00359837 0.00357477 0 0.0036233 0.00600165 0.997337 0.00843382 0.00989621 0.00763815 0.00713373 0.00907263 0.0193769 0.0113021 0.0112839 0.0210653 0.0105154 0.01083 0.0131038 0.0109053 0.0216961 0.0100811 0.0113436 0.0175451 0.0157098 0.0221863 0.0249788 0.0287627 0.0121188 0.0104547 0.0129931 0.0124513 0.0138282 0.0139739 0.0167508 0.0109646 0.00903956 0.00946161 0.00862562 0.00842131 0.0083521 0.00822461 
0.612844 0.078234 0.00844116 0.00754159 0.00733675 0.00713062 0.00502869 0.00370386 0.00358423 0.00360666 0.0036233 0 0.993579 0.00584965 0.0044793 0.0042173 0.00604636 0.00597444 0.0129697 0.00964016 0.0132323 0.0291805 0.00906625 0.0130292 0.0168416 0.0105969 0.0226106 0.00905447 0.0155106 0.02165 0.00992709 0.0106408 0.0105516 0.0103561 0.0119707 0.0203321 0.0170755 0.0101631 0.00941667 0.00930769 0.00991094 0.00963777 0.0122855 0.0103699 0.0085468 0.00952849 0.0088462 0.00819663 0.0082225 
0.0282792 0.00854533 0.00787837 0.00799241 0.00763475 0.0155813 0.00519536 0.00497196 0.00396666 0.00404831 0.00600165 0.993579 0 0.00365111 0.00361963 0.00359714 0.00378915 0.00511902 0.00807302 0.0068995 0.0119824 0.010418 0.00972998 0.0548867 0.0135761 0.0147761 0.0129605 0.00953479 0.0220699 0.0187915 0.0111289 0.011053 0.0112321 0.0106681 0.010895 0.0202986 0.0112872 0.00918432 0.00928092 0.00909617 0.00956812 0.0100085 0.013734 0.00889263 0.00837015 0.00958055 0.00866194 0.00813141 0.00852392 
0.0107208 0.0132754 0.0106158 0.00956439 0.0176453 0.010627 0.00607959 0.0058572 0.00623483 0.00733924 0.997337 0.00584965 0.00365111 0 0.00364298 0.00358343 0.00395672 0.00385797 0.0063683 0.0109673 0.0128102 0.0119003 0.0331096 0.0121726 0.0107189 0.0101977 0.0104134 0.0186885 0.0110985 0.0114921 0.0208759 0.0179827 0.0282485 0.0221547 0.0194512 0.0130493 0.00944553 0.0127657 0.0120683 0.0166844 0.0145849 0.0143468 0.0110329 0.00863973 0.00939267 0.00918073 0.00826212 0.00844306 0.00847627 
0.01012 0.0108699 0.0137279 0.0182706 0.0095334 0.00944068 0.00655339 0.00746024 0.0106979 0.975135 0.00843382 0.0044793 0.00361963 0.00364298 0 0.00361949 0.00399787 0.00360175 0.0067832 0.00760149 0.0446398 0.0237366 0.0111083 0.00918088 0.00878499 0.00874979 0.0128207 0.0107782 0.0112602 0.0110954 0.0159264 0.0578404 0.0567618 0.0786307 0.0230195 0.0132623 0.00972817 0.013704 0.0398262 0.0354185 0.0454916 0.0190736 0.0133871 0.00902805 0.00974404 0.00926183 0.00848789 0.00848028 0.008349 
0.0101368 0.0135523 0.0236105 0.0121344 0.0127939 0.00931925 0.00713308 0.00963467 0.981146 0.0254847 0.00989621 0.0042173 0.00359714 0.00358343 0.00361949 0 0.00359086 0.00360924 0.00802796 0.0387823 0.551698 0.0102818 0.00962245 0.0120141 0.00907968 0.010092 0.0125325 0.0141076 0.0125757 0.0107981 0.0275253 0.0291086 0.114336 0.0670047 0.0311255 0.0150729 0.0100339 0.025161 0.0264023 0.0679061 0.0386915 0.0221678 0.0126295 0.00920012 0.00993081 0.00989911 0.00852007 0.00855204 0.00848782 
0.0148623 0.017718 0.0120041 0.0106092 0.0107789 0.00904277 0.0155031 0.968367 0.0148166 0.00900166 0.00763815 0.00604636 0.00378915 0.00395672 0.00399787 0.00359086 0 0.00372248 0.0543409 0.722394 0.0132433 0.00982085 0.0173036 0.0085086 0.0130556 0.0108677 0.0132149 0.0147024 0.0129472 0.0134045 0.0124758 0.023506 0.0158936 0.0232107 0.039798 0.01421 0.0126456 0.0115406 0.0201298 0.0116691 0.016312 0.0196559 0.0119312 0.00935948 0.00947963 0.00872133 0.00845209 0.00835955 0.008275 
0.0284461 0.00992084 0.00960732 0.00879376 0.00859037 0.00993614 0.926388 0.0131206 0.00718661 0.00701359 0.00713373 0.00597444 0.00511902 0.00385797 0.00360175 0.00360924 0.00372248 0 0.44983 0.0105068 0.00763992 0.0177737 0.0075305 0.00845289 0.0137509 0.00899971 0.0197554 0.00929824 0.0134596 0.0233228 0.0106902 0.0101982 0.0110361 0.0105993 0.0121609 0.0165699 0.0161013 0.011467 0.00921317 0.00952032 0.0097744 0.00957733 0.0117433 0.0111909 0.00842288 0.00909449 0.00894862 0.00817325 0.00814434 
0.0223879 0.0124112 0.00965045 0.0105848 0.00957933 0.0237205 0.012549 0.00961484 0.0104703 0.00859661 0.00907263 0.0129697 0.00807302 0.0063683 0.0067832 0.00802796 0.0543409 0.44983 0 0.00365247 0.00362723 0.00606793 0.0126447 0.0703091 0.0131759 0.0112058 0.0218192 0.0103812 0.0276882 0.0217498 0.0110848 0.0136103 0.0127492 0.0126998 0.0115175 0.0208099 0.0138558 0.0104966 0.0100589 0.00999508 0.0105768 0.0102201 0.0153255 0.0092693 0.00856742 0.00997089 0.00921652 0.00817182 0.00861446 
0.00984332 0.0181451 0.0096127 0.00898566 0.0227845 0.00981317 0.0101734 0.0167901 0.0102094 0.00906765 0.0193769 0.00964016 0.0068995 0.0109673 0.00760149 0.0387823 0.722394 0.0105068 0.00365247 0 0.00376334 0.00451831 0.0981469 0.00628984 0.00915296 0.0173481 0.0104845 0.113723 0.0104623 0.0105278 0.025418 0.0107042 0.0147491 0.0131941 0.0278046 0.0112616 0.00973075 0.0135009 0.0098634 0.0106816 0.0110609 0.0161221 0.0100455 0.00924181 0.00961265 0.00867759 0.00822373 0.00849947 0.00820903 
0.0237934 0.00934465 0.0100517 0.0121875 0.00865381 0.0131582 0.0198337 0.00979354 0.0101899 0.0107494 0.0113021 0.0132323 0.0119824 0.0128102 0.0446398 0.551698 0.0132433 0.00763992 0.00362723 0.00376334 0 0.0723548 0.00485539 0.00402972 0.00951973 0.00659728 0.0260126 0.00957556 0.0215278 0.0189676 0.00932276 0.0133518 0.0113725 0.0142714 0.0168239 0.0294481 0.0178713 0.00967149 0.0115959 0.0101595 0.0122167 0.0114569 0.0152979 0.0101601 0.00884322 0.00908874 0.00855009 0.0082592 0.00817383 
0.0132556 0.00958562 0.00928585 0.00924843 0.00913169 0.0181707 0.0107902 0.00976764 0.0100136 0.0103324 0.0112839 0.0291805 0.010418 0.0119003 0.0237366 0.0102818 0.00982085 0.0177737 0.00606793 0.00451831 0.0723548 0 0.00363562 0.0037415 0.0102485 0.0243312 0.0206773 0.00980977 0.0373911 0.0139075 0.00999 0.0113994 0.0106729 0.0104557 0.0110661 0.0259449 0.0104026 0.00904433 0.00942568 0.00946351 0.00967728 0.0101443 0.0175324 0.00860614 0.00837625 0.00967365 0.00840608 0.00812929 0.0084935 
0.00930996 0.011552 0.00904572 0.0089097 0.0102038 0.00898817 0.00905948 0.0120935 0.0105259 0.00982389 0.0210653 0.00906625 0.00972998 0.0331096 0.0111083 0.00962245 0.0173036 0.0075305 0.0126447 0.0981469 0.00485539 0.00363562 0 0.00356999 0.0192692 0.390098 0.00947784 0.0446519 0.00925354 0.0102474 0.011753 0.010044 0.0116669 0.0113021 0.0236543 0.0101011 0.00901753 0.00987982 0.00935858 0.00942361 0.00987573 0.0153249 0.00945041 0.00843113 0.00905334 0.00856405 0.00817639 0.00840518 0.00808117 
0.0128274 0.00920073 0.00901025 0.0087799 0.00888291 0.00940492 0.0172086 0.0106822 0.00947026 0.0100516 0.0105154 0.0130292 0.0548867 0.0121726 0.00918088 0.0120141 0.0085086 0.00845289 0.0703091 0.00628984 0.00402972 0.0037415 0.00356999 0 0.383832 0.0056722 0.0212536 0.00945287 0.0140679 0.0144017 0.00965382 0.00946085 0.0111138 0.0114733 0.0110819 0.0174711 0.0128423 0.0102307 0.00897437 0.00935306 0.0111385 0.00925432 0.0118018 0.00981999 0.00851607 0.00861059 0.0086237 0.00811691 0.00808338 
0.0155828 0.00937931 0.0087017 0.00927815 0.00867696 0.0122131 0.0129912 0.0102137 0.00928551 0.0100733 0.01083 0.0168416 0.0135761 0.0107189 0.00878499 0.00907968 0.0130556 0.0137509 0.0131759 0.00915296 0.00951973 0.0102485 0.0192692 0.383832 0 0.00377596 0.0136367 0.0148823 0.0208021 0.0202875 0.0107945 0.0102694 0.00970768 0.00968229 0.011349 0.0153556 0.0130122 0.0091181 0.00963678 0.00866836 0.00891007 0.0103996 0.0113171 0.00892602 0.00838797 0.00887784 0.00857162 0.00814143 0.00819508 
0.0104391 0.00982776 0.00879344 0.00860091 0.00918204 0.00971642 0.0159394 0.00977338 0.00939582 0.00888305 0.0131038 0.0105969 0.0147761 0.0101977 0.00874979 0.010092 0.0108677 0.00899971 0.0112058 0.0173481 0.00659728 0.0243312 0.390098 0.0056722 0.00377596 0 0.00995877 0.0126525 0.00981549 0.0126601 0.0143836 0.00939623 0.0133894 0.00936957 0.0110608 0.0141333 0.013395 0.0114489 0.00874995 0.00933547 0.00912817 0.00969308 0.0109792 0.0111209 0.00882323 0.0086746 0.00868788 0.00822759 0.00809109 
0.0128867 0.00911841 0.0100557 0.010623 0.0089848 0.0172705 0.0108761 0.010102 0.0122902 0.0132941 0.0109053 0.0226106 0.0129605 0.0104134 0.0128207 0.0125325 0.0132149 0.0197554 0.0218192 0.0104845 0.0260126 0.0206773 0.00947784 0.0212536 0.0136367 0.00995877 0 0.00359555 0.00390409 0.0107155 0.00796689 0.12062 0.0123523 0.0136496 0.00932266 0.0392843 0.0226264 0.00992409 0.0169477 0.0112739 0.0145936 0.013144 0.02591 0.0101537 0.00938138 0.0124951 0.00907463 0.00836536 0.00934307 
0.0087101 0.0139278 0.00918116 0.0087231 0.0109844 0.00868765 0.00906061 0.0135836 0.0106627 0.0104947 0.0216961 0.00905447 0.00953479 0.0186885 0.0107782 0.0141076 0.0147024 0.00929824 0.0103812 0.113723 0.00957556 0.00980977 0.0446519 0.00945287 0.0148823 0.0126525 0.00359555 0 0.00369285 0.00677502 0.102324 0.00671216 0.00857399 0.00796945 0.0202412 0.00843606 0.0103023 0.0404966 0.00983125 0.0139592 0.0106162 0.0275534 0.0103778 0.0096565 0.0112131 0.00906766 0.0083021 0.00871752 0.00814621 
0.0252613 0.00887852 0.00940008 0.00992127 0.00866316 0.00977274 0.0228292 0.0100967 0.0100318 0.011188 0.0100811 0.0155106 0.0220699 0.0110985 0.0112602 0.0125757 0.0129472 0.0134596 0.0276882 0.0104623 0.0215278 0.0373911 0.00925354 0.0140679 0.0208021 0.00981549 0.00390409 0.00369285 0 0.0475917 0.00567566 0.00873544 0.00727469 0.0111338 0.0107463 0.014386 0.0369491 0.010168 0.0177072 0.0102075 0.0132412 0.012124 0.0228239 0.0140589 0.00922618 0.0107103 0.0103259 0.00865627 0.00831571 
0.0161214 0.00904463 0.00903099 0.0102623 0.00868842 0.0174748 0.0122487 0.0102289 0.0112815 0.0119832 0.0113436 0.02165 0.0187915 0.0114921 0.0110954 0.0107981 0.0134045 0.0233228 0.0217498 0.0105278 0.0189676 0.0139075 0.0102474 0.0144017 0.0202875 0.0126601 0.0107155 0.00677502 0.0475917 0 0.00374605 0.00361037 0.00358854 0.00365195 0.0037961 0.00462233 0.526381 0.0115527 0.0148202 0.0108842 0.0147696 0.013221 0.0242216 0.0127404 0.00886896 0.0128128 0.0118849 0.00837946 0.00914558 
0.00901507 0.0157861 0.0108484 0.00906642 0.0114025 0.0091111 0.00933057 0.0127441 0.0166148 0.0147039 0.0175451 0.00992709 0.0111289 0.0208759 0.0159264 0.0275253 0.0124758 0.0106902 0.0110848 0.025418 0.00932276 0.00999 0.011753 0.00965382 0.0107945 0.0143836 0.00796689 0.102324 0.00567566 0.00374605 0 0.00355315 0.0035819 0.00356861 0.00373791 0.00369198 0.0212729 0.637093 0.010245 0.0320139 0.0142284 0.0220888 0.0116504 0.0112495 0.0115215 0.0097248 0.00863008 0.00872958 0.00835216 
0.0123666 0.0101504 0.0175505 0.031509 0.00931091 0.00907417 0.00991248 0.012947 0.0283196 0.0595456 0.0157098 0.0106408 0.011053 0.0179827 0.0578404 0.0291086 0.023506 0.0101982 0.0136103 0.0107042 0.0133518 0.0113994 0.010044 0.00946085 0.0102694 0.00939623 0.12062 0.00671216 0.00873544 0.00361037 0.00355315 0 0.00360058 0.0036042 0.00363137 0.00370674 0.0772156 0.0166109 0.616324 0.0184477 0.0902027 0.0229337 0.014559 0.0109942 0.0121138 0.0106325 0.00905166 0.00864134 0.00870946 
0.0095617 0.0212705 0.0340507 0.0148415 0.0117289 0.00942702 0.00980452 0.0153688 0.06659 0.0607944 0.0221863 0.0105516 0.0112321 0.0282485 0.0567618 0.114336 0.0158936 0.0110361 0.0127492 0.0147491 0.0113725 0.0106729 0.0116669 0.0111138 0.00970768 0.0133894 0.0123523 0.00857399 0.00727469 0.00358854 0.0035819 0.00360058 0 0.00355956 0.00359444 0.00358295 0.0259072 0.11828 0.0236419 0.67467 0.0352836 0.0339322 0.0172175 0.0152572 0.0142129 0.0115854 0.00917537 0.00873319 0.00871952 
0.00997937 0.0146748 0.0252792 0.0199241 0.0107349 0.0091501 0.0099417 0.0218009 0.0457975 0.0653822 0.0249788 0.0103561 0.0106681 0.0221547 0.0786307 0.0670047 0.0232107 0.0105993 0.0126998 0.0131941 0.0142714 0.0104557 0.0113021 0.0114733 0.00968229 0.00936957 0.0136496 0.00796945 0.0111338 0.00365195 0.00356861 0.0036042 0.00355956 0 0.00360914 0.0035784 0.0270555 0.0300899 0.205229 0.0402691 0.613608 0.0269798 0.0238645 0.0123438 0.0157826 0.011528 0.00903767 0.00882627 0.00872193 
0.0103254 0.0113925 0.0115907 0.0105508 0.0120004 0.00915312 0.0116468 0.0150277 0.0179801 0.0193646 0.0287627 0.0119707 0.010895 0.0194512 0.0230195 0.0311255 0.039798 0.0121609 0.0115175 0.0278046 0.0168239 0.0110661 0.0236543 0.0110819 0.011349 0.0110608 0.00932266 0.0202412 0.0107463 0.0037961 0.00373791 0.00363137 0.00359444 0.00360914 0 0.00371748 0.0183921 0.0496206 0.0414582 0.0810081 0.0305609 0.711145 0.0335277 0.0140523 0.0202524 0.0133494 0.00911239 0.0102754 0.00888758 
0.0150502 0.00944792 0.00955324 0.00941964 0.00905545 0.0112149 0.0199132 0.0110618 0.0107072 0.0118545 0.0121188 0.0203321 0.0202986 0.0130493 0.0132623 0.0150729 0.01421 0.0165699 0.0208099 0.0112616 0.0294481 0.0259449 0.0101011 0.0174711 0.0153556 0.0141333 0.0392843 0.00843606 0.014386 0.00462233 0.00369198 0.00370674 0.00358295 0.0035784 0.00371748 0 0.0325461 0.023156 0.0321457 0.0207451 0.0470314 0.0345392 0.670635 0.0187317 0.011654 0.0188412 0.0125961 0.00873377 0.0101179 
0.00989861 0.0086211 0.00858498 0.00879681 0.00885965 0.0135065 0.00946679 0.00903549 0.00939869 0.00988547 0.0104547 0.0170755 0.0112872 0.00944553 0.00972817 0.0100339 0.0126456 0.0161013 0.0138558 0.00973075 0.0178713 0.0104026 0.00901753 0.0128423 0.0130122 0.013395 0.0226264 0.0103023 0.0369491 0.526381 0.0212729 0.0772156 0.0259072 0.0270555 0.0183921 0.0325461 0 0.00380992 0.00367866 0.00365543 0.00376001 0.00406347 0.00637453 0.0578843 0.0129674 0.0274091 0.0123369 0.008904 0.0119168 
0.00855458 0.0104009 0.00947809 0.00868761 0.00933613 0.00901663 0.00870948 0.00954212 0.0146807 0.0131694 0.0129931 0.0101631 0.00918432 0.0127657 0.013704 0.025161 0.0115406 0.011467 0.0104966 0.0135009 0.00967149 0.00904433 0.00987982 0.0102307 0.0091181 0.0114489 0.00992409 0.0404966 0.010168 0.0115527 0.637093 0.0166109 0.11828 0.0300899 0.0496206 0.023156 0.00380992 0 0.00357896 0.0036151 0.00366085 0.00378796 0.00399696 0.0306803 0.0328814 0.0132243 0.00959424 0.00970247 0.00907934 
0.00932205 0.00907245 0.0114237 0.0176104 0.00916674 0.00864736 0.00893471 0.0103715 0.0200699 0.0342923 0.0124513 0.00941667 0.00928092 0.0120683 0.0398262 0.0264023 0.0201298 0.00921317 0.0100589 0.0098634 0.0115959 0.00942568 0.00935858 0.00897437 0.00963678 0.00874995 0.0169477 0.00983125 0.0177072 0.0148202 0.010245 0.616324 0.0236419 0.205229 0.0414582 0.0321457 0.00367866 0.00357896 0 0.00357306 0.00383878 0.0036066 0.0036555 0.0412672 0.0195383 0.0154685 0.00951799 0.00901798 0.00913736 
0.00871006 0.0109111 0.016904 0.0111225 0.0094989 0.00867116 0.00879384 0.0109492 0.0367121 0.0311067 0.0138282 0.00930769 0.00909617 0.0166844 0.0354185 0.0679061 0.0116691 0.00952032 0.00999508 0.0106816 0.0101595 0.00946351 0.00942361 0.00935306 0.00866836 0.00933547 0.0112739 0.0139592 0.0102075 0.0108842 0.0320139 0.0184477 0.67467 0.0402691 0.0810081 0.0207451 0.00365543 0.0036151 0.00357306 0 0.00357199 0.00360036 0.00357786 0.0361222 0.0273243 0.0147912 0.00969919 0.00900977 0.00890917 
0.00931048 0.0101333 0.0132799 0.0130862 0.0092115 0.00887898 0.00881081 0.0135296 0.02654 0.0386093 0.0139739 0.00991094 0.00956812 0.0145849 0.0454916 0.0386915 0.016312 0.0097744 0.0105768 0.0110609 0.0122167 0.00967728 0.00987573 0.0111385 0.00891007 0.00912817 0.0145936 0.0106162 0.0132412 0.0147696 0.0142284 0.0902027 0.0352836 0.613608 0.0305609 0.0470314 0.00376001 0.00366085 0.00383878 0.00357199 0 0.00357618 0.00356653 0.0728965 0.0324413 0.0203367 0.0101233 0.00936912 0.00932037 
0.00922838 0.00997606 0.0101558 0.00950019 0.00969803 0.00844668 0.0102136 0.0112367 0.0152627 0.0158839 0.0167508 0.00963777 0.0100085 0.0143468 0.0190736 0.0221678 0.0196559 0.00957733 0.0102201 0.0161221 0.0114569 0.0101443 0.0153249 0.00925432 0.0103996 0.00969308 0.013144 0.0275534 0.012124 0.013221 0.0220888 0.0229337 0.0339322 0.0269798 0.711145 0.0345392 0.00406347 0.00378796 0.0036066 0.00360036 0.00357618 0 0.00370842 0.0366778 0.151237 0.0243639 0.0108025 0.0147385 0.00928327 
0.0104861 0.00898561 0.00933903 0.00934933 0.00894958 0.00936333 0.0120767 0.0103192 0.0109119 0.0113269 0.0109646 0.0122855 0.013734 0.0110329 0.0133871 0.0126295 0.0119312 0.0117433 0.0153255 0.0100455 0.0152979 0.0175324 0.00945041 0.0118018 0.0113171 0.0109792 0.02591 0.0103778 0.0228239 0.0242216 0.0116504 0.014559 0.0172175 0.0238645 0.0335277 0.670635 0.00637453 0.00399696 0.0036555 0.00357786 0.00356653 0.00370842 0 0.0266815 0.0261802 0.187527 0.0180253 0.0101084 0.0117297 
0.00864412 0.00846682 0.00837643 0.00843126 0.00826718 0.00923338 0.00870495 0.00846274 0.00885066 0.00882754 0.00903956 0.0103699 0.00889263 0.00863973 0.00902805 0.00920012 0.00935948 0.0111909 0.0092693 0.00924181 0.0101601 0.00860614 0.00843113 0.00981999 0.00892602 0.0111209 0.0101537 0.0096565 0.0140589 0.0127404 0.0112495 0.0109942 0.0152572 0.0123438 0.0140523 0.0187317 0.0578843 0.0306803 0.0412672 0.0361222 0.0728965 0.0366778 0.0266815 0 0.00369553 0.00375306 0.00908172 0.0113538 0.873844 
0.00840556 0.00876052 0.00880592 0.00854624 0.00853876 0.00823451 0.00835815 0.00912856 0.00930833 0.00944144 0.00946161 0.0085468 0.00837015 0.00939267 0.00974404 0.00993081 0.00947963 0.00842288 0.00856742 0.00961265 0.00884322 0.00837625 0.00905334 0.00851607 0.00838797 0.00882323 0.00938138 0.0112131 0.00922618 0.00886896 0.0115215 0.0121138 0.0142129 0.0157826 0.0202524 0.011654 0.0129674 0.0328814 0.0195383 0.0273243 0.0324413 0.151237 0.0261802 0.00369553 0 0.00365976 0.0171308 0.955415 0.00805219 
0.00888363 0.00851833 0.00844167 0.00845514 0.00836619 0.00839433 0.00932892 0.00886359 0.00882637 0.00912957 0.00862562 0.00952849 0.00958055 0.00918073 0.00926183 0.00989911 0.00872133 0.00909449 0.00997089 0.00867759 0.00908874 0.00967365 0.00856405 0.00861059 0.00887784 0.0086746 0.0124951 0.00906766 0.0107103 0.0128128 0.0097248 0.0106325 0.0115854 0.011528 0.0133494 0.0188412 0.0274091 0.0132243 0.0154685 0.0147912 0.0203367 0.0243639 0.187527 0.00375306 0.00365976 0 0.968929 0.00805663 0.022464 
0.00844256 0.0082095 0.00823393 0.0082143 0.00812182 0.00877352 0.00853234 0.00825558 0.00837618 0.00840633 0.00842131 0.0088462 0.00866194 0.00826212 0.00848789 0.00852007 0.00845209 0.00894862 0.00921652 0.00822373 0.00855009 0.00840608 0.00817639 0.0086237 0.00857162 0.00868788 0.00907463 0.0083021 0.0103259 0.0118849 0.00863008 0.00905166 0.00917537 0.00903767 0.00911239 0.0125961 0.0123369 0.00959424 0.00951799 0.00969919 0.0101233 0.0108025 0.0180253 0.00908172 0.0171308 0.968929 0 0.00405498 0.00397318 
0.00812404 0.00828368 0.00832246 0.00821594 0.00808488 0.00808792 0.00816359 0.00832871 0.00842287 0.00841703 0.0083521 0.00819663 0.00813141 0.00844306 0.00848028 0.00855204 0.00835955 0.00817325 0.00817182 0.00849947 0.0082592 0.00812929 0.00840518 0.00811691 0.00814143 0.00822759 0.00836536 0.00871752 0.00865627 0.00837946 0.00872958 0.00864134 0.00873319 0.00882627 0.0102754 0.00873377 0.008904 0.00970247 0.00901798 0.00900977 0.00936912 0.0147385 0.0101084 0.0113538 0.955415 0.00805663 0.00405498 0 0.00373839 
0.00825552 0.00813477 0.00813925 0.00814137 0.00813205 0.00801724 0.0083562 0.00831878 0.00823476 0.00823861 0.00822461 0.0082225 0.00852392 0.00847627 0.008349 0.00848782 0.008275 0.00814434 0.00861446 0.00820903 0.00817383 0.0084935 0.00808117 0.00808338 0.00819508 0.00809109 0.00934307 0.00814621 0.00831571 0.00914558 0.00835216 0.00870946 0.00871952 0.00872193 0.00888758 0.0101179 0.0119168 0.00907934 0.00913736 0.00890917 0.00932037 0.00928327 0.0117297 0.873844 0.00805219 0.022464 0.00397318 0.00373839 0 
