1K6MA
NSPTMVIMVGLPARGKTYISTKLTRYLNFIGTPTKVFNLGQYRREAVSYKNYEFFLPDNMEALQIRKQCALAALKDVHNYLSHEEGHVAVFDATNTTRERRSLILQFAKEHGYKVFFIESICNDPGIIAENIRQVKLGSPDYIDCDREKVLEDFLKRIECYEVNYQPLDEELDSHLSYIKIFDVGTRYMVNRVQDHIQSRTVYYLMNIHVTPRSIYLCRHGESELNIRGRIGGDSGLSVRGKQYAYALANFIQSQGISSLKVFTSRMKRTIQTAEALGVPYEQFKALNEIDAGVCEEMTYEEIQEHYPEEFALRDQDKYRYRYPKGESYEDLVQRLEPVIMELERQENVLVICHQAVMRCLLAYFLDKSSEELPYLKCPLHTVLKLTPVAYGCKVESIYLNVEAVNTHREKPENVDITREPEEALDTVPAHY
CCCEEEEEECCCCCCHHHHHHHHHHHHHHCCCCEEEEEHHHHHHCCCCCCCHHHHCCCCHHHHHHHHHHHHHHHHHHHHHHHCCCCCEEEEECCCCCHHHHHHHHHHHHHHCCEEEEEEEECCCHHHHHHHHHHHHCCCCCCCCCCCHHHHHHHHHHHHHHHHCCCCCCCCCCCCCCEEEEECCCCEEEEECCCCHHHHHHHHHHCCCCCCCCCEEEEECCCEHHHHCCECCCCCCECHHHHHHHHHHHHHHHHHCCCCCEEEECCCHHHHHHHHCCCCCCEECHHHCCCCCHHHCCCEHHHHHHHCHHHHHHHHHCCCCCCCCCCCCHHHHHHHHHHHHHHHHHCCCEEEEECHHHHHHHHHHHHCCCCCCHHHCCCCCCEEEEEEECCCCEEEEEEECCCCCCCCCCCCCCCCCCCCCHHHHHCCCCCCC
0 0 0 0 0 0 0 0 0 0 0 0 0 0 0 0 0 0 0 0 0 0 0 0 0 0 0 0 0 0 0 0 0 0 0 0 0 0 0 0 0 0 0 0 0 0 0 0 0 0 0 0 0 0 0 0 0 0 0 0 0 0 0 0 0 0 0 0 0 0 0 0 0 0 0 0 0 0 0 0 0 0 0 0 0 0 0 0 0 0 0 0 0 0 0 0 0 0 0 0 0 0 0 0 0 0 0 0 0 0 0 0 0 0 0 0 0 0 0 0 0 0 0 0 0 0 0 0 0 0 0 0 0 0 0 0 0 0 0 0 0 0 0 0 0 0 0 0 0 0 0 0 0 0 0 0 0 0 0 0 0 0 0 0 0 0 0 0 0 0 0 0 0 0 0 0 0 0 0 0 0 0 0 0 0 0 0 0 0 0 0 0 0 0 0 0 0 0 0 0 0 0 0 0 0 0 0 0 0 0 0 0 0 0 0 0 0 0 0 0 0 0 0 0 0 0 0 0 0 0 0 0 0 0 0 0 0 0 0 0 0 0 0 0 0 0 0 0 0 0 0 0 0 0 0 0 0 0 0 0 0 0 0 0 0 0 0 0 0 0 0 0 0 0 0 0 0 0 0 0 0 0 0 0 0 0 0 0 0 0 0 0 0 0 0 0 0 0 0 0 0 0 0 0 0 0 0 0 0 0 0 0 0 0 0 0 0 0 0 0 0 0 0 0 0 0 0 0 0 0 0 0 0 0 0 0 0 0 0 0 0 0 0 0 0 0 0 0 0 0 0 0 0 0 0 0 0 0 0 0 0 0 0 0 0 0 0 0 0 0 0 0 0 0 0 0 0 0 0 0 0 0 0 0 0 0 0 0 0 0 0 0 0 0 0 0 0 0 0 0 0 0 0 0 0 0 0 0 0 0 0 0 0 0 0 0 0 0 0 0 0 0 0 0 0 0 0 0 0 0 0 0 
0 0 0 0 0 0 0 0 0 0 0 0 0 0 0 0 0 0 0 0 0 0 0 0 0 0 0 0 0 0 0 0 0 0 0 0 0 0 0 0 0 0 0 0 0 0 0 0 0 0 0 0 0 0 0 0 0 0 0 0 0 0 0 0 0 0 0 0 0 0 0 0 0 0 0 0 0 0 0 0 0 0 0 0 0 0 0 0 0 0 0 0 0 0 0 0 0 0 0 0 0 0 0 0 0 0 0 0 0 0 0 0 0 0 0 0 0 0 0 0 0 0 0 0 0 0 0 0 0 0 0 0 0 0 0 0 0 0 0 0 0 0 0 0 0 0 0 0 0 0 0 0 0 0 0 0 0 0 0 0 0 0 0 0 0 0 0 0 0 0 0 0 0 0 0 0 0 0 0 0 0 0 0 0 0 0 0 0 0 0 0 0 0 0 0 0 0 0 0 0 0 0 0 0 0 0 0 0 0 0 0 0 0 0 0 0 0 0 0 0 0 0 0 0 0 0 0 0 0 0 0 0 0 0 0 0 0 0 0 0 0 0 0 0 0 0 0 0 0 0 0 0 0 0 0 0 0 0 0 0 0 0 0 0 0 0 0 0 0 0 0 0 0 0 0 0 0 0 0 0 0 0 0 0 0 0 0 0 0 0 0 0 0 0 0 0 0 0 0 0 0 0 0 0 0 0 0 0 0 0 0 0 0 0 0 0 0 0 0 0 0 0 0 0 0 0 0 0 0 0 0 0 0 0 0 0 0 0 0 0 0 0 0 0 0 0 0 0 0 0 0 0 0 0 0 0 0 0 0 0 0 0 0 0 0 0 0 0 0 0 0 0 0 0 0 0 0 0 0 0 0 0 0 0 0 0 0 0 0 0 0 0 0 0 0 0 0 0 0 0 0 0 0 0 0 0 0 0 0 0 0 0 0 0 0 0 0 0 0 0 0 0 0 0 0 0 0 0 0 0 0 0 
0 0.00388465 0.00366353 0.00376135 0.00388799 0.00634834 0.110369 0.0145257 0.0120863 0.0157287 0.0348129 0.0145447 0.0101881 0.0109765 0.0119919 0.0188204 0.0104159 0.00908806 0.00973184 0.00976839 0.00955603 0.00957235 0.0100042 0.0128492 0.00875804 0.00852483 0.00868288 0.00902994 0.0107595 0.00843391 0.00820572 0.00820636 0.00850438 0.00988109 0.00854655 0.00851795 0.00853889 0.00845498 0.00867323 0.0083997 0.00874744 0.00895625 0.00851458 0.00842836 0.00842882 0.00949639 0.00826535 0.00869819 0.00920781 0.00908198 0.00937705 0.00936336 0.00943483 0.010191 0.0094324 0.00950346 0.00993433 0.010086 0.00962519 0.00971935 0.0110251 0.0103637 0.00980022 0.00967904 0.0094152 0.0098332 0.0102328 0.0143175 
0.00388465 0 0.00364412 0.0036657 0.00377112 0.00419704 0.0971853 0.0856671 0.0200717 0.0323617 0.0140534 0.0134869 0.0237277 0.0233676 0.025568 0.0131727 0.00905011 0.0122032 0.0131063 0.0158907 0.0145001 0.0132358 0.0129554 0.010293 0.00862739 0.00938733 0.00968019 0.00928731 0.00895244 0.00820727 0.00849301 0.00858088 0.00855542 0.00849522 0.00878613 0.00904576 0.00917424 0.00869286 0.00834674 0.00814716 0.00818577 0.00828501 0.00844295 0.00866614 0.00874639 0.00862697 0.00824774 0.00834643 0.0084183 0.009056 0.0100221 0.0105454 0.0100213 0.00911392 0.00974816 0.0100968 0.0104767 0.0102831 0.0101425 0.00960123 0.00965186 0.00972424 0.00923986 0.00984179 0.00947356 0.00958922 0.010692 0.0111381 
0.00366353 0.00364412 0 0.00364016 0.00365577 0.00365734 0.039458 0.0923279 0.127712 0.0177065 0.0143243 0.0126326 0.0243201 0.0763058 0.0232338 0.0121049 0.00958215 0.0125376 0.0223431 0.0269808 0.0231847 0.021818 0.0131094 0.00993382 0.00893269 0.00976775 0.010751 0.00978647 0.00905624 0.00822188 0.00861922 0.00871632 0.00859537 0.00832582 0.0086865 0.00945969 0.00966916 0.00892124 0.00833257 0.00810156 0.00809284 0.00820792 0.00838173 0.00871666 0.00868564 0.00838949 0.00820853 0.00826025 0.00829212 0.00897751 0.0102341 0.0111616 0.0101935 0.00927932 0.00957467 0.010177 0.0105461 0.0105839 0.0101397 0.00948346 0.00909246 0.00944448 0.00938387 0.00991486 0.00955744 0.00996962 0.0103345 0.010449 
0.00376135 0.0036657 0.00364016 0 0.00363226 0.00361485 0.0231055 0.0628988 0.135835 0.0431452 0.0139398 0.0136659 0.0289887 0.0704625 0.0280803 0.0124026 0.00936939 0.014172 0.02344 0.0288866 0.0258081 0.0221566 0.0137284 0.00985675 0.00896489 0.00994147 0.0105741 0.00983837 0.00911027 0.00826635 0.00852348 0.00871598 0.00855742 0.00831998 0.00876993 0.00925904 0.00967499 0.00884955 0.00834247 0.00812287 0.00812093 0.00824001 0.00840744 0.00871017 0.00867947 0.00836182 0.00822987 0.00824664 0.00827879 0.00899785 0.0102594 0.0112809 0.0102033 0.0096194 0.00958086 0.0101833 0.0105729 0.0105132 0.0101657 0.00952438 0.0090904 0.00948841 0.00937332 0.00991411 0.00958612 0.00996945 0.0103488 0.0103074 
0.00388799 0.00377112 0.00365577 0.00363226 0 0.00364522 0.0261992 0.026594 0.0529823 0.133834 0.036156 0.0136609 0.0216528 0.0293112 0.0433695 0.0148942 0.0100129 0.0117968 0.0155576 0.0174533 0.0157493 0.0144916 0.0149816 0.00995643 0.00905957 0.00941981 0.0100531 0.00947888 0.00859899 0.00831283 0.00865391 0.00863069 0.00855733 0.00824759 0.00867728 0.00921304 0.00933994 0.00874184 0.00831246 0.00809889 0.00820905 0.00820945 0.00841924 0.00860891 0.00869296 0.00843192 0.00826181 0.00827469 0.00832072 0.00920075 0.0102328 0.0111589 0.00994115 0.00926469 0.0097457 0.0102209 0.0104591 0.0102682 0.0101746 0.00938038 0.00896779 0.00967588 0.00938977 0.00952645 0.00941938 0.00971455 0.010198 0.0102998 
0.00634834 0.00419704 0.00365734 0.00361485 0.00364522 0 0.0267728 0.0138358 0.0154151 0.0612773 0.162881 0.0241669 0.0134749 0.0134775 0.01544 0.0289402 0.0127618 0.010376 0.0110792 0.0114837 0.0112622 0.0110449 0.0103114 0.0118605 0.0105089 0.00935288 0.00931225 0.0087649 0.00887539 0.00894766 0.00841687 0.00836016 0.00819575 0.00852582 0.0092834 0.00916743 0.0090561 0.0083742 0.00845132 0.00834103 0.00853157 0.00936364 0.00855669 0.00850926 0.00839383 0.00847069 0.00825584 0.0082423 0.00858851 0.00981927 0.00966038 0.0108788 0.00940666 0.00923848 0.00996343 0.00966399 0.009896 0.00970899 0.00964198 0.00912268 0.00922403 0.0111067 0.00937029 0.00953808 0.00903137 0.00923343 0.0100391 0.0105193 
0.110369 0.0971853 0.039458 0.0231055 0.0261992 0.0267728 0 0.00473138 0.00366663 0.00404381 0.00417437 0.134917 0.0130935 0.0112153 0.0116991 0.0236677 0.0108094 0.0112001 0.00957737 0.00982533 0.00972665 0.00931066 0.00993905 0.0155511 0.00910605 0.00861597 0.00842948 0.00890832 0.0109676 0.00901435 0.00832987 0.00822677 0.00838711 0.0100649 0.00933462 0.00838696 0.00834018 0.00821715 0.00845817 0.00866674 0.00859174 0.00914764 0.00857827 0.00835056 0.00825896 0.00895525 0.00809684 0.00842022 0.00874653 0.00905041 0.00871355 0.00865276 0.0086733 0.00944212 0.00895708 0.00886975 0.00892353 0.00878385 0.00912127 0.00893791 0.0108757 0.0109674 0.00894723 0.00969252 0.00911787 0.00898896 0.0104496 0.011395 
0.0145257 0.0856671 0.0923279 0.0628988 0.026594 0.0138358 0.00473138 0 0.00365142 0.00358872 0.00361364 0.0152928 0.102137 0.0135674 0.0153083 0.0104636 0.00912613 0.00966482 0.0103275 0.0120377 0.0102929 0.0104104 0.00999596 0.00974845 0.00842819 0.00857131 0.00870509 0.00898477 0.00895355 0.00820808 0.0082905 0.00822904 0.00845158 0.0084145 0.00831871 0.00855718 0.00855474 0.00842875 0.00816798 0.00808185 0.00814567 0.00820841 0.00824493 0.0083826 0.00832405 0.0083083 0.00809849 0.00816684 0.00820234 0.00859219 0.00879561 0.00882747 0.00877336 0.0084726 0.00866934 0.00876528 0.00888863 0.00883408 0.00877007 0.00878245 0.00872648 0.00897995 0.00878716 0.00886077 0.00872468 0.00887672 0.00906335 0.00976914 
0.0120863 0.0200717 0.127712 0.135835 0.0529823 0.0154151 0.00366663 0.00365142 0 0.00356266 0.0035659 0.0234769 0.0293194 0.193539 0.0130256 0.0102472 0.00957944 0.0104398 0.0205762 0.0184622 0.0175215 0.0184626 0.0107346 0.00913855 0.0085392 0.00884918 0.00961971 0.00908129 0.00843341 0.00828495 0.00832831 0.00855936 0.0084159 0.00823029 0.00843819 0.00882429 0.00892894 0.0084617 0.00813574 0.00808472 0.00809877 0.00807202 0.00833264 0.00841393 0.00843186 0.00824251 0.00811986 0.00810501 0.0081476 0.00857948 0.00886808 0.00901651 0.00880042 0.00843827 0.00869257 0.00888248 0.00904181 0.00915628 0.00887155 0.00877572 0.00855447 0.00887261 0.008916 0.00885214 0.00879862 0.00905247 0.00904796 0.00956657 
0.0157287 0.0323617 0.0177065 0.0431452 0.133834 0.0612773 0.00404381 0.00358872 0.00356266 0 0.00355249 0.0167667 0.0355094 0.0303507 0.21099 0.0135982 0.0104275 0.0131749 0.0119125 0.0138638 0.0140634 0.0120441 0.0131341 0.00900536 0.00896533 0.00914577 0.0091089 0.00893032 0.00844709 0.008394 0.00846488 0.00836753 0.00828342 0.00816359 0.00881227 0.00875682 0.00872366 0.00839283 0.00817278 0.00811327 0.00819952 0.00823631 0.00828932 0.008454 0.00828549 0.00819356 0.00816233 0.00809497 0.00837228 0.00865969 0.00894621 0.00890462 0.00871071 0.00847981 0.00868585 0.00880732 0.00884583 0.0088174 0.00877732 0.00849469 0.00838341 0.0091873 0.00861799 0.00885178 0.00865189 0.00870325 0.00897474 0.00881369 
0.0348129 0.0140534 0.0143243 0.0139398 0.036156 0.162881 0.00417437 0.00361364 0.0035659 0.00355249 0 0.0197604 0.0146216 0.0187528 0.0285545 0.289722 0.0158464 0.0101953 0.0116038 0.0114553 0.0109597 0.010608 0.0103036 0.011217 0.0109799 0.00872843 0.00857449 0.00850312 0.00846881 0.00901978 0.00825875 0.00818757 0.00816967 0.00819986 0.00922491 0.00862058 0.00865705 0.00827045 0.00825741 0.00826544 0.00855644 0.00884098 0.0084676 0.00835944 0.00826134 0.00820105 0.00811796 0.00808543 0.008689 0.00878733 0.00877706 0.00885841 0.0085918 0.00855846 0.00883789 0.00870083 0.00864721 0.00866999 0.00851349 0.00841656 0.00840089 0.00909418 0.00869336 0.00842742 0.00839074 0.00853799 0.00838951 0.00916388 
0.0145447 0.0134869 0.0126326 0.0136659 0.0136609 0.0241669 0.134917 0.0152928 0.0234769 0.0167667 0.0197604 0 0.00557933 0.00370099 0.00393475 0.00457182 0.30142 0.0367043 0.0264634 0.0340086 0.0159035 0.0144651 0.0170533 0.0329233 0.0134381 0.0112451 0.00981185 0.0105884 0.0178869 0.00951904 0.00864026 0.00867991 0.00923466 0.0132846 0.0114338 0.00901385 0.00889699 0.00886661 0.00944268 0.00867854 0.00871748 0.0093453 0.00859925 0.00841261 0.00841623 0.00938441 0.00812671 0.00828921 0.00851799 0.00877815 0.00861934 0.00869078 0.0084843 0.00890551 0.00850319 0.00852264 0.00852712 0.0085111 0.00849238 0.0084509 0.00941013 0.00887052 0.00839306 0.0084861 0.00838849 0.00843897 0.00893082 0.00966401 
0.0101881 0.0237277 0.0243201 0.0289887 0.0216528 0.0134749 0.0130935 0.102137 0.0293194 0.0355094 0.0146216 0.00557933 0 0.00364366 0.00361216 0.00373859 0.0820859 0.269155 0.0499995 0.0601795 0.0661778 0.041415 0.0292386 0.0155379 0.0125312 0.016652 0.0174564 0.0159881 0.011189 0.00862274 0.00895362 0.00903889 0.00942882 0.00953331 0.009429 0.0120915 0.0101139 0.010235 0.00859231 0.00810292 0.00812436 0.00818187 0.00836169 0.00864701 0.00879082 0.00864686 0.00808656 0.00819346 0.00821278 0.00853287 0.0090187 0.00932937 0.00894163 0.00852132 0.00856887 0.00887239 0.00901711 0.00902212 0.00870237 0.00867274 0.00847961 0.00849011 0.00854816 0.00855349 0.00850772 0.00859991 0.0087029 0.00884191 
0.0109765 0.0233676 0.0763058 0.0704625 0.0293112 0.0134775 0.0112153 0.0135674 0.193539 0.0303507 0.0187528 0.00370099 0.00364366 0 0.00365648 0.00361655 0.0301592 0.0741439 0.23682 0.0920262 0.127027 0.160861 0.0404832 0.0144605 0.0126829 0.0188368 0.0503228 0.016006 0.0106773 0.00870442 0.00919093 0.0114302 0.0096314 0.00913899 0.0103672 0.0137589 0.0187358 0.0123582 0.00880271 0.0081006 0.00811629 0.00822248 0.00840646 0.00915789 0.00923892 0.00858801 0.00812041 0.00814788 0.00810979 0.00858134 0.00925654 0.0097416 0.00935903 0.00865025 0.00864708 0.00905124 0.00920461 0.00936253 0.00898399 0.00864237 0.00841729 0.0083998 0.00853422 0.00859804 0.00864605 0.00865223 0.00875112 0.00856255 
0.0119919 0.025568 0.0232338 0.0280803 0.0433695 0.01544 0.0116991 0.0153083 0.0130256 0.21099 0.0285545 0.00393475 0.00361216 0.00365648 0 0.0036449 0.0226967 0.0528182 0.0573164 0.192477 0.0698216 0.0833342 0.15911 0.0313852 0.0135275 0.0249295 0.0189454 0.0198119 0.0102397 0.00946759 0.00958449 0.00923559 0.00974389 0.00904235 0.0106466 0.0125385 0.0127495 0.0120234 0.00885861 0.00815732 0.00824032 0.00845102 0.00841151 0.008923 0.00931722 0.00838866 0.00814435 0.00821647 0.00819375 0.00872393 0.00928635 0.00948996 0.00922087 0.00852886 0.00863737 0.00899704 0.00907451 0.00904153 0.00873139 0.00857539 0.00845938 0.00849763 0.00851386 0.00848794 0.00851002 0.00854342 0.00865123 0.00861639 
0.0188204 0.0131727 0.0121049 0.0124026 0.0148942 0.0289402 0.0236677 0.0104636 0.0102472 0.0135982 0.289722 0.00457182 0.00373859 0.00361655 0.0036449 0 0.0256177 0.0179622 0.0319296 0.0377774 0.0953657 0.0365156 0.0974261 0.188032 0.021806 0.0118781 0.0112283 0.0107592 0.0138703 0.0118756 0.00904329 0.00867647 0.00875946 0.0102916 0.0144709 0.0100787 0.0105304 0.00932239 0.00934244 0.00865661 0.00916448 0.0101358 0.00885382 0.00855106 0.00862004 0.00916963 0.00835434 0.00819027 0.00862838 0.00895727 0.00912087 0.00899314 0.00876356 0.0085973 0.00861205 0.00870042 0.00858254 0.00864356 0.00841469 0.00832623 0.0083665 0.00885286 0.00845416 0.00841645 0.00843468 0.00846053 0.00844092 0.0085919 
0.0104159 0.00905011 0.00958215 0.00936939 0.0100129 0.0127618 0.0108094 0.00912613 0.00957944 0.0104275 0.0158464 0.30142 0.0820859 0.0301592 0.0226967 0.0256177 0 0.00440087 0.00365587 0.00376202 0.00368947 0.00402499 0.00506883 0.0136258 0.0456902 0.0116857 0.0113971 0.011879 0.0186085 0.0108821 0.00904978 0.00907985 0.0105516 0.01335 0.0106041 0.00954166 0.00898658 0.00930145 0.00973105 0.00900411 0.0111365 0.00987376 0.00978978 0.00829383 0.00855368 0.00994697 0.00846858 0.00842018 0.00955345 0.00852251 0.00849712 0.00854801 0.00839281 0.00853911 0.00845502 0.00838198 0.00834102 0.00846645 0.00833721 0.00842046 0.00901927 0.00838637 0.00850296 0.00826061 0.0083504 0.00853974 0.00840458 0.0105498 
0.00908806 0.0122032 0.0125376 0.014172 0.0117968 0.010376 0.0112001 0.00966482 0.0104398 0.0131749 0.0101953 0.0367043 0.269155 0.0741439 0.0528182 0.0179622 0.00440087 0 0.00363892 0.00367045 0.00368935 0.00374902 0.00491572 0.00527769 0.032689 0.0419528 0.0209325 0.0180323 0.012822 0.00901365 0.00978884 0.00958969 0.00976278 0.0107025 0.0123917 0.0134383 0.0132656 0.0109823 0.00894763 0.00834429 0.00811903 0.00838156 0.00832271 0.00901751 0.00897938 0.00854575 0.00811792 0.00816847 0.00814421 0.00854999 0.00885731 0.00906582 0.00873161 0.00846085 0.00843947 0.00866838 0.00879989 0.00884706 0.00865505 0.00849619 0.00834612 0.00853883 0.00846271 0.00851852 0.00847811 0.0085556 0.00871071 0.00852638 
0.00973184 0.0131063 0.0223431 0.02344 0.0155576 0.0110792 0.00957737 0.0103275 0.0205762 0.0119125 0.0116038 0.0264634 0.0499995 0.23682 0.0573164 0.0319296 0.00365587 0.00363892 0 0.00362999 0.00365459 0.00374219 0.00361943 0.00401881 0.0406802 0.0454412 0.0741384 0.0213636 0.0122587 0.00919094 0.00987307 0.0123842 0.0106689 0.00988171 0.0118952 0.02351 0.0246522 0.0136955 0.00937236 0.00819249 0.00837671 0.00826058 0.00867241 0.00911217 0.0094851 0.00868663 0.00816341 0.00813264 0.00816355 0.00849412 0.0090359 0.0093209 0.00908069 0.0085078 0.00842303 0.00876545 0.00884788 0.00894524 0.00873952 0.00846706 0.00834323 0.00829088 0.00845928 0.00845525 0.00850419 0.00850449 0.0086156 0.00848703 
0.00976839 0.0158907 0.0269808 0.0288866 0.0174533 0.0114837 0.00982533 0.0120377 0.0184622 0.0138638 0.0114553 0.0340086 0.0601795 0.0920262 0.192477 0.0377774 0.00376202 0.00367045 0.00362999 0 0.00360245 0.0036226 0.00365912 0.00383559 0.0508589 0.0581032 0.0780975 0.0327379 0.0133847 0.0093094 0.0102558 0.013149 0.0110443 0.0102981 0.0127977 0.0263243 0.0326234 0.0173585 0.0100577 0.00821452 0.00835655 0.00828002 0.00879545 0.00931581 0.00988562 0.0086619 0.00815252 0.0081287 0.00817521 0.00858478 0.0093021 0.00948344 0.0091424 0.00856486 0.00858633 0.00892279 0.00904313 0.0090626 0.00875568 0.00856379 0.00832856 0.0083188 0.00857498 0.00849678 0.00854177 0.00855396 0.0086913 0.0085149 
0.00955603 0.0145001 0.0231847 0.0258081 0.0157493 0.0112622 0.00972665 0.0102929 0.0175215 0.0140634 0.0109597 0.0159035 0.0661778 0.127027 0.0698216 0.0953657 0.00368947 0.00368935 0.00365459 0.00360245 0 0.00357987 0.00362685 0.00363757 0.0329286 0.0737324 0.0745385 0.0442623 0.0127298 0.00907939 0.0103543 0.0119893 0.0101567 0.0103229 0.0121538 0.0233929 0.0327173 0.033498 0.00951029 0.00828531 0.00819567 0.00834793 0.00839086 0.00935987 0.00964999 0.00863903 0.00817693 0.00811222 0.00809804 0.00854429 0.00903766 0.00942418 0.00900212 0.00851291 0.00841468 0.00879645 0.00888042 0.00888513 0.0086437 0.00847146 0.00829267 0.00829264 0.00844787 0.00840817 0.0084592 0.00846718 0.00861863 0.00841692 
0.00957235 0.0132358 0.021818 0.0221566 0.0144916 0.0110449 0.00931066 0.0104104 0.0184626 0.0120441 0.010608 0.0144651 0.041415 0.160861 0.0833342 0.0365156 0.00402499 0.00374902 0.00374219 0.0036226 0.00357987 0 0.00358397 0.00358683 0.0266389 0.0637813 0.158503 0.0269657 0.0122053 0.00904219 0.0101772 0.0128542 0.00999782 0.00949526 0.0122183 0.0212204 0.0453332 0.0153355 0.00944032 0.00814704 0.0082157 0.00827803 0.00852694 0.00930524 0.00979798 0.0085438 0.00809687 0.00812784 0.00812461 0.00850146 0.00909495 0.00935876 0.00906129 0.00848679 0.00846506 0.00877438 0.00889443 0.00890755 0.0086726 0.00849316 0.00830326 0.00827192 0.00852641 0.00841867 0.00846121 0.00850272 0.0086463 0.00841938 
0.0100042 0.0129554 0.0131094 0.0137284 0.0149816 0.0103114 0.00993905 0.00999596 0.0107346 0.0131341 0.0103036 0.0170533 0.0292386 0.0404832 0.15911 0.0974261 0.00506883 0.00491572 0.00361943 0.00365912 0.00362685 0.00358397 0 0.0036024 0.0279713 0.0556187 0.0575017 0.127921 0.0135273 0.0100353 0.0102339 0.00996674 0.0123529 0.00941991 0.0114326 0.0231268 0.0181114 0.0169342 0.0100691 0.00824186 0.00831829 0.00861617 0.00842589 0.00920247 0.00929926 0.00865247 0.00811446 0.00821696 0.00825746 0.00856217 0.00916733 0.00942226 0.0090738 0.0083925 0.008426 0.00871477 0.00883478 0.00883611 0.0085975 0.00850314 0.00827224 0.00833843 0.00841933 0.00839149 0.00846386 0.00850119 0.00854675 0.00831133 
0.0128492 0.010293 0.00993382 0.00985675 0.00995643 0.0118605 0.0155511 0.00974845 0.00913855 0.00900536 0.011217 0.0329233 0.0155379 0.0144605 0.0313852 0.188032 0.0136258 0.00527769 0.00401881 0.00383559 0.00363757 0.00358683 0.0036024 0 0.0254927 0.0173134 0.0298144 0.0394163 0.0892645 0.0155642 0.0110502 0.00943389 0.00959033 0.0117906 0.0240698 0.0115268 0.0106339 0.0105956 0.00952642 0.00938679 0.0101278 0.011342 0.00962094 0.00866629 0.00897623 0.0096163 0.00859524 0.0081559 0.00869095 0.00900906 0.00896717 0.00924566 0.0086517 0.00847667 0.00863203 0.008503 0.00844698 0.00858643 0.00834973 0.00827066 0.00831224 0.00893422 0.00838009 0.00833494 0.00834897 0.00834914 0.0083293 0.00843919 
0.00875804 0.00862739 0.00893269 0.00896489 0.00905957 0.0105089 0.00910605 0.00842819 0.0085392 0.00896533 0.0109799 0.0134381 0.0125312 0.0126829 0.0135275 0.021806 0.0456902 0.032689 0.0406802 0.0508589 0.0329286 0.0266389 0.0279713 0.0254927 0 0.00384118 0.00366886 0.00385656 0.00548254 0.00959587 0.00770599 0.00852711 0.0188336 0.907717 0.0525296 0.025166 0.0142122 0.0244899 0.0387007 0.0165066 0.0211352 0.0192649 0.0109915 0.00999849 0.0107253 0.0180897 0.00843658 0.00941896 0.0100542 0.00937407 0.00888326 0.00921894 0.00894026 0.00916765 0.00866253 0.00846693 0.00848559 0.00856934 0.00845843 0.00833282 0.00910858 0.00836775 0.0082084 0.00821915 0.00822636 0.00827927 0.00840227 0.00943793 
0.00852483 0.00938733 0.00976775 0.00994147 0.00941981 0.00935288 0.00861597 0.00857131 0.00884918 0.00914577 0.00872843 0.0112451 0.016652 0.0188368 0.0249295 0.0118781 0.0116857 0.0419528 0.0454412 0.0581032 0.0737324 0.0637813 0.0556187 0.0173134 0.00384118 0 0.00363502 0.00365547 0.00375462 0.00634439 0.00884407 0.0121534 0.908418 0.0520733 0.0440954 0.049431 0.0338732 0.0341132 0.0136008 0.0119721 0.00936588 0.0110227 0.00957002 0.0154277 0.0137116 0.0114333 0.00835206 0.00836876 0.00837622 0.00871449 0.00951547 0.0104625 0.00931672 0.0084766 0.00836116 0.008788 0.0088453 0.00891052 0.00867092 0.0084601 0.00834335 0.00822117 0.00837152 0.00834242 0.00835506 0.00834817 0.00852296 0.00849211 
0.00868288 0.00968019 0.010751 0.0105741 0.0100531 0.00931225 0.00842948 0.00870509 0.00961971 0.0091089 0.00857449 0.00981185 0.0174564 0.0503228 0.0189454 0.0112283 0.0113971 0.0209325 0.0741384 0.0780975 0.0745385 0.158503 0.0575017 0.0298144 0.00366886 0.00363502 0 0.00363439 0.00361427 0.00862253 0.0190417 0.945644 0.0464293 0.00930687 0.0202611 0.0633796 0.0751577 0.026543 0.0119191 0.00865383 0.00887855 0.00939422 0.00986551 0.0158498 0.0153284 0.00976915 0.00830435 0.00817509 0.00829291 0.00872574 0.0097513 0.0115224 0.00973264 0.00856951 0.00853037 0.00893408 0.00912868 0.00922413 0.00878387 0.00841917 0.00819978 0.00825969 0.00846458 0.00836785 0.00838842 0.00846166 0.00856474 0.00832489 
0.00902994 0.00928731 0.00978647 0.00983837 0.00947888 0.0087649 0.00890832 0.00898477 0.00908129 0.00893032 0.00850312 0.0105884 0.0159881 0.016006 0.0198119 0.0107592 0.011879 0.0180323 0.0213636 0.0327379 0.0442623 0.0269657 0.127921 0.0394163 0.00385656 0.00365547 0.00363439 0 0.00371546 0.0402127 0.953503 0.0229887 0.00931301 0.00907916 0.0252133 0.042618 0.0411233 0.0431725 0.0131724 0.00973113 0.0110528 0.0106232 0.0125112 0.0141353 0.0180617 0.0101644 0.00873237 0.00849166 0.00853029 0.00882546 0.00967998 0.0101871 0.00952376 0.00848877 0.00848519 0.00868248 0.00869028 0.00887512 0.00854435 0.00830202 0.00816827 0.0083481 0.00844003 0.00829596 0.00830057 0.00834115 0.00837766 0.00824515 
0.0107595 0.00895244 0.00905624 0.00911027 0.00859899 0.00887539 0.0109676 0.00895355 0.00843341 0.00844709 0.00846881 0.0178869 0.011189 0.0106773 0.0102397 0.0138703 0.0186085 0.012822 0.0122587 0.0133847 0.0127298 0.0122053 0.0135273 0.0892645 0.00548254 0.00375462 0.00361427 0.00371546 0 0.985446 0.00829982 0.00615285 0.00633775 0.00976199 0.0387419 0.0144361 0.0146184 0.0159549 0.0182668 0.0153983 0.0130426 0.0212103 0.0133173 0.0106437 0.0100134 0.0125988 0.00944618 0.00840414 0.00937562 0.0101365 0.00885047 0.00906591 0.00869554 0.00849052 0.00875389 0.00846766 0.00844936 0.00852428 0.00837783 0.00817513 0.00821247 0.00910377 0.00832436 0.0082551 0.00824009 0.00820712 0.0082787 0.00819647 
0.00843391 0.00820727 0.00822188 0.00826635 0.00831283 0.00894766 0.00901435 0.00820808 0.00828495 0.008394 0.00901978 0.00951904 0.00862274 0.00870442 0.00946759 0.0118756 0.0108821 0.00901365 0.00919094 0.0093094 0.00907939 0.00904219 0.0100353 0.0155642 0.00959587 0.00634439 0.00862253 0.0402127 0.985446 0 0.00419646 0.0036978 0.00419318 0.00581098 0.0407263 0.0112496 0.00954614 0.0106263 0.0212174 0.0120586 0.0132921 0.0142689 0.0104284 0.00879043 0.00902124 0.0142585 0.0084986 0.00934843 0.00984431 0.00858677 0.00827274 0.00845835 0.00823432 0.00834519 0.00828685 0.00811498 0.00820533 0.00835817 0.00818292 0.00825292 0.0087958 0.00855493 0.00815146 0.00813968 0.00813508 0.00823359 0.00822181 0.00926462 
0.00820572 0.00849301 0.00861922 0.00852348 0.00865391 0.00841687 0.00832987 0.0082905 0.00832831 0.00846488 0.00825875 0.00864026 0.00895362 0.00919093 0.00958449 0.00904329 0.00904978 0.00978884 0.00987307 0.0102558 0.0103543 0.0101772 0.0102339 0.0110502 0.00770599 0.00884407 0.0190417 0.953503 0.00829982 0.00419646 0 0.00369275 0.00374863 0.00384093 0.0295587 0.0304162 0.0126759 0.0154394 0.00965278 0.00921593 0.00944666 0.00945257 0.00913612 0.0100498 0.00926826 0.00975942 0.00832328 0.00819947 0.00828665 0.00826496 0.0085842 0.00867403 0.00848588 0.00822805 0.0082082 0.00838802 0.00844657 0.00844919 0.00837446 0.00823197 0.00823959 0.00819852 0.00820215 0.00815238 0.00814224 0.00826202 0.00836739 0.00839769 
0.00820636 0.00858088 0.00871632 0.00871598 0.00863069 0.00836016 0.00822677 0.00822904 0.00855936 0.00836753 0.00818757 0.00867991 0.00903889 0.0114302 0.00923559 0.00867647 0.00907985 0.00958969 0.0123842 0.013149 0.0119893 0.0128542 0.00996674 0.00943389 0.00852711 0.0121534 0.945644 0.0229887 0.00615285 0.0036978 0.00369275 0 0.00356919 0.00359615 0.021173 0.0315005 0.0426774 0.0120054 0.00921507 0.00842754 0.00864937 0.00862392 0.0087688 0.0106333 0.0094655 0.00876265 0.00813468 0.00808456 0.00818852 0.00827991 0.00859494 0.00917178 0.00876841 0.0082143 0.00821683 0.00835175 0.00847329 0.00852167 0.0083437 0.00811852 0.00812522 0.00812794 0.00816123 0.00809063 0.00813823 0.00820508 0.00823133 0.00824914 
0.00850438 0.00855542 0.00859537 0.00855742 0.00855733 0.00819575 0.00838711 0.00845158 0.0084159 0.00828342 0.00816967 0.00923466 0.00942882 0.0096314 0.00974389 0.00875946 0.0105516 0.00976278 0.0106689 0.0110443 0.0101567 0.00999782 0.0123529 0.00959033 0.0188336 0.908418 0.0464293 0.00931301 0.00633775 0.00419318 0.00374863 0.00356919 0 0.00378415 0.0153476 0.0357075 0.026967 0.031147 0.0102971 0.00893171 0.0107945 0.0093116 0.0100316 0.0105351 0.0106874 0.00893626 0.00841411 0.00816641 0.00846425 0.00843013 0.00878268 0.00886161 0.00853404 0.00830241 0.00820904 0.00839991 0.00841373 0.00841301 0.00831634 0.00811709 0.00808419 0.00815669 0.00822754 0.00817586 0.00809994 0.00818143 0.00810355 0.00821608 
0.00988109 0.00849522 0.00832582 0.00831998 0.00824759 0.00852582 0.0100649 0.0084145 0.00823029 0.00816359 0.00819986 0.0132846 0.00953331 0.00913899 0.00904235 0.0102916 0.01335 0.0107025 0.00988171 0.0102981 0.0103229 0.00949526 0.00941991 0.0117906 0.907717 0.0520733 0.00930687 0.00907916 0.00976199 0.00581098 0.00384093 0.00359615 0.00378415 0 0.035346 0.0140523 0.0171173 0.0230677 0.0360114 0.0165895 0.0126121 0.0207205 0.0128451 0.0101854 0.00924277 0.0112523 0.00880218 0.008385 0.00938553 0.00978085 0.00851966 0.00862736 0.0083277 0.00829358 0.00852473 0.00830085 0.00830393 0.00834891 0.00835407 0.00811894 0.00810374 0.00914554 0.00818143 0.00821601 0.00812539 0.00812904 0.00818625 0.00827571 
0.00854655 0.00878613 0.0086865 0.00876993 0.00867728 0.0092834 0.00933462 0.00831871 0.00843819 0.00881227 0.00922491 0.0114338 0.009429 0.0103672 0.0106466 0.0144709 0.0106041 0.0123917 0.0118952 0.0127977 0.0121538 0.0122183 0.0114326 0.0240698 0.0525296 0.0440954 0.0202611 0.0252133 0.0387419 0.0407263 0.0295587 0.021173 0.0153476 0.035346 0 0.00361569 0.00362665 0.00364957 0.00417799 0.00693953 0.0168296 0.0344679 0.0384715 0.0283018 0.0128589 0.0268125 0.0091288 0.0115448 0.0123533 0.0116662 0.0101386 0.0105935 0.010501 0.0110341 0.00886717 0.00863374 0.00905518 0.00887532 0.00871511 0.00826383 0.00903803 0.00873656 0.00822606 0.00825248 0.00826859 0.00836322 0.00852831 0.00886271 
0.00851795 0.00904576 0.00945969 0.00925904 0.00921304 0.00916743 0.00838696 0.00855718 0.00882429 0.00875682 0.00862058 0.00901385 0.0120915 0.0137589 0.0125385 0.0100787 0.00954166 0.0134383 0.02351 0.0263243 0.0233929 0.0212204 0.0231268 0.0115268 0.025166 0.049431 0.0633796 0.042618 0.0144361 0.0112496 0.0304162 0.0315005 0.0357075 0.0140523 0.00361569 0 0.00358046 0.00357451 0.00361786 0.00413638 0.0099958 0.012962 0.032465 0.0520395 0.0334159 0.0138906 0.00948975 0.00891968 0.00928591 0.00956899 0.0141564 0.0179057 0.0131409 0.00896937 0.00876965 0.0100241 0.0100126 0.00992296 0.00928954 0.00868537 0.00831203 0.00837072 0.00848704 0.00845682 0.00848552 0.00852586 0.00859 0.00859621 
0.00853889 0.00917424 0.00966916 0.00967499 0.00933994 0.0090561 0.00834018 0.00855474 0.00892894 0.00872366 0.00865705 0.00889699 0.0101139 0.0187358 0.0127495 0.0105304 0.00898658 0.0132656 0.0246522 0.0326234 0.0327173 0.0453332 0.0181114 0.0106339 0.0142122 0.0338732 0.0751577 0.0411233 0.0146184 0.00954614 0.0126759 0.0426774 0.026967 0.0171173 0.00362665 0.00358046 0 0.00363852 0.00357489 0.00395252 0.00681425 0.00972101 0.0142678 0.042151 0.0523835 0.0138569 0.00861737 0.0089437 0.00869649 0.00903062 0.0125774 0.0271994 0.0133638 0.00980474 0.00886813 0.00943342 0.00997396 0.0106984 0.00955239 0.00863916 0.00835933 0.00832702 0.00848532 0.00855412 0.00844677 0.0085592 0.0085841 0.00868348 
0.00845498 0.00869286 0.00892124 0.00884955 0.00874184 0.0083742 0.00821715 0.00842875 0.0084617 0.00839283 0.00827045 0.00886661 0.010235 0.0123582 0.0120234 0.00932239 0.00930145 0.0109823 0.0136955 0.0173585 0.033498 0.0153355 0.0169342 0.0105956 0.0244899 0.0341132 0.026543 0.0431725 0.0159549 0.0106263 0.0154394 0.0120054 0.031147 0.0230677 0.00364957 0.00357451 0.00363852 0 0.00355467 0.00378513 0.00841529 0.0117974 0.0151583 0.0326023 0.0358875 0.02464 0.00894456 0.00915512 0.00879546 0.00977211 0.0127886 0.0128847 0.0133924 0.00940508 0.00844034 0.00902055 0.00916367 0.00912469 0.00892203 0.00839236 0.00820523 0.00813705 0.00835665 0.00836347 0.0082414 0.00830491 0.00842754 0.00829114 
0.00867323 0.00834674 0.00833257 0.00834247 0.00831246 0.00845132 0.00845817 0.00816798 0.00813574 0.00817278 0.00825741 0.00944268 0.00859231 0.00880271 0.00885861 0.00934244 0.00973105 0.00894763 0.00937236 0.0100577 0.00951029 0.00944032 0.0100691 0.00952642 0.0387007 0.0136008 0.0119191 0.0131724 0.0182668 0.0212174 0.00965278 0.00921507 0.0102971 0.0360114 0.00417799 0.00361786 0.00357489 0.00355467 0 0.0211007 0.0109078 0.0188385 0.0139717 0.0103231 0.0230781 0.0228559 0.00987141 0.00888653 0.0105722 0.010583 0.00924795 0.00934705 0.00915593 0.00957332 0.00854881 0.00840751 0.00850363 0.00836491 0.00835058 0.00822304 0.00818393 0.00817986 0.00817121 0.00810624 0.00815266 0.00816376 0.00820481 0.00822622 
0.0083997 0.00814716 0.00810156 0.00812287 0.00809889 0.00834103 0.00866674 0.00808185 0.00808472 0.00811327 0.00826544 0.00867854 0.00810292 0.0081006 0.00815732 0.00865661 0.00900411 0.00834429 0.00819249 0.00821452 0.00828531 0.00814704 0.00824186 0.00938679 0.0165066 0.0119721 0.00865383 0.00973113 0.0153983 0.0120586 0.00921593 0.00842754 0.00893171 0.0165895 0.00693953 0.00413638 0.00395252 0.00378513 0.0211007 0 0.100581 0.168809 0.0123875 0.0109321 0.00976201 0.0165545 0.0101739 0.0104032 0.0300805 0.00898332 0.00836155 0.00822913 0.00830227 0.00928367 0.00831856 0.00815697 0.00814531 0.00813314 0.00815925 0.00809405 0.00839323 0.00840213 0.00809704 0.00802341 0.00806334 0.00809725 0.0081243 0.00839045 
0.00874744 0.00818577 0.00809284 0.00812093 0.00820905 0.00853157 0.00859174 0.00814567 0.00809877 0.00819952 0.00855644 0.00871748 0.00812436 0.00811629 0.00824032 0.00916448 0.0111365 0.00811903 0.00837671 0.00835655 0.00819567 0.0082157 0.00831829 0.0101278 0.0211352 0.00936588 0.00887855 0.0110528 0.0130426 0.0132921 0.00944666 0.00864937 0.0107945 0.0126121 0.0168296 0.0099958 0.00681425 0.00841529 0.0109078 0.100581 0 0.106489 0.0203847 0.00980925 0.0150476 0.0194459 0.0116406 0.0121458 0.0689462 0.00940252 0.00832548 0.00829852 0.00836016 0.00904295 0.00868089 0.00812645 0.00818925 0.00824903 0.00808488 0.00809845 0.0087482 0.00835964 0.00826563 0.0080024 0.00811713 0.0082617 0.00803847 0.0105238 
0.00895625 0.00828501 0.00820792 0.00824001 0.00820945 0.00936364 0.00914764 0.00820841 0.00807202 0.00823631 0.00884098 0.0093453 0.00818187 0.00822248 0.00845102 0.0101358 0.00987376 0.00838156 0.00826058 0.00828002 0.00834793 0.00827803 0.00861617 0.011342 0.0192649 0.0110227 0.00939422 0.0106232 0.0212103 0.0142689 0.00945257 0.00862392 0.0093116 0.0207205 0.0344679 0.012962 0.00972101 0.0117974 0.0188385 0.168809 0.106489 0 0.0147366 0.0146864 0.0227105 0.0860733 0.0123285 0.0144806 0.0590376 0.0119925 0.00885596 0.00849403 0.00884128 0.011531 0.00903663 0.00827093 0.00827861 0.00828137 0.00822317 0.00833934 0.0091019 0.00929422 0.00823619 0.00804129 0.00808379 0.00812687 0.00829266 0.00972268 
0.00851458 0.00844295 0.00838173 0.00840744 0.00841924 0.00855669 0.00857827 0.00824493 0.00833264 0.00828932 0.0084676 0.00859925 0.00836169 0.00840646 0.00841151 0.00885382 0.00978978 0.00832271 0.00867241 0.00879545 0.00839086 0.00852694 0.00842589 0.00962094 0.0109915 0.00957002 0.00986551 0.0125112 0.0133173 0.0104284 0.00913612 0.0087688 0.0100316 0.0128451 0.0384715 0.032465 0.0142678 0.0151583 0.0139717 0.0123875 0.0203847 0.0147366 0 0.00416073 0.00363942 0.00598111 0.0423878 0.0208377 0.0301344 0.0140131 0.0100572 0.00998123 0.00965698 0.0101435 0.0092839 0.00838118 0.00865654 0.00933199 0.00842673 0.00845873 0.00915338 0.00849359 0.00838083 0.00809995 0.00832231 0.00870997 0.00818553 0.0101071 
0.00842836 0.00866614 0.00871666 0.00871017 0.00860891 0.00850926 0.00835056 0.0083826 0.00841393 0.008454 0.00835944 0.00841261 0.00864701 0.00915789 0.008923 0.00855106 0.00829383 0.00901751 0.00911217 0.00931581 0.00935987 0.00930524 0.00920247 0.00866629 0.00999849 0.0154277 0.0158498 0.0141353 0.0106437 0.00879043 0.0100498 0.0106333 0.0105351 0.0101854 0.0283018 0.0520395 0.042151 0.0326023 0.0103231 0.0109321 0.00980925 0.0146864 0.00416073 0 0.00374264 0.00357901 0.0184167 0.0224615 0.00993439 0.0111429 0.019858 0.0273112 0.0145869 0.00984393 0.00873634 0.0093476 0.0109656 0.00979601 0.0094282 0.00858662 0.00841214 0.00831531 0.00831038 0.00843307 0.00841893 0.00842155 0.00910484 0.00839866 
0.00842882 0.00874639 0.00868564 0.00867947 0.00869296 0.00839383 0.00825896 0.00832405 0.00843186 0.00828549 0.00826134 0.00841623 0.00879082 0.00923892 0.00931722 0.00862004 0.00855368 0.00897938 0.0094851 0.00988562 0.00964999 0.00979798 0.00929926 0.00897623 0.0107253 0.0137116 0.0153284 0.0180617 0.0100134 0.00902124 0.00926826 0.0094655 0.0106874 0.00924277 0.0128589 0.0334159 0.0523835 0.0358875 0.0230781 0.00976201 0.0150476 0.0227105 0.00363942 0.00374264 0 0.00361353 0.0837119 0.0212603 0.0124034 0.0121702 0.0214184 0.0301571 0.027629 0.0111822 0.00881631 0.0102152 0.0107224 0.0114953 0.00973678 0.00872635 0.00842124 0.0081927 0.00839582 0.00853191 0.00847467 0.00866371 0.00854586 0.00865766 
0.00949639 0.00862697 0.00838949 0.00836182 0.00843192 0.00847069 0.00895525 0.0083083 0.00824251 0.00819356 0.00820105 0.00938441 0.00864686 0.00858801 0.00838866 0.00916963 0.00994697 0.00854575 0.00868663 0.0086619 0.00863903 0.0085438 0.00865247 0.0096163 0.0180897 0.0114333 0.00976915 0.0101644 0.0125988 0.0142585 0.00975942 0.00876265 0.00893626 0.0112523 0.0268125 0.0138906 0.0138569 0.02464 0.0228559 0.0165545 0.0194459 0.0860733 0.00598111 0.00357901 0.00361353 0 0.0141251 0.11726 0.0218251 0.0196874 0.0112437 0.0108555 0.0127228 0.0152726 0.01105 0.00900721 0.00897125 0.00902549 0.00881107 0.00854522 0.00857144 0.00966757 0.00854131 0.00822605 0.0082867 0.00842428 0.00847608 0.00929377 
0.00826535 0.00824774 0.00820853 0.00822987 0.00826181 0.00825584 0.00809684 0.00809849 0.00811986 0.00816233 0.00811796 0.00812671 0.00808656 0.00812041 0.00814435 0.00835434 0.00846858 0.00811792 0.00816341 0.00815252 0.00817693 0.00809687 0.00811446 0.00859524 0.00843658 0.00835206 0.00830435 0.00873237 0.00944618 0.0084986 0.00832328 0.00813468 0.00841411 0.00880218 0.0091288 0.00948975 0.00861737 0.00894456 0.00987141 0.0101739 0.0116406 0.0123285 0.0423878 0.0184167 0.0837119 0.0141251 0 0.0105738 0.0301378 0.0101124 0.0090035 0.00886343 0.00925525 0.00997221 0.00836211 0.0082609 0.0083616 0.00842605 0.00827696 0.00828855 0.00865137 0.00812662 0.00823583 0.00803525 0.00808265 0.00823842 0.00823951 0.00892673 
0.00869819 0.00834643 0.00826025 0.00824664 0.00827469 0.0082423 0.00842022 0.00816684 0.00810501 0.00809497 0.00808543 0.00828921 0.00819346 0.00814788 0.00821647 0.00819027 0.00842018 0.00816847 0.00813264 0.0081287 0.00811222 0.00812784 0.00821696 0.0081559 0.00941896 0.00836876 0.00817509 0.00849166 0.00840414 0.00934843 0.00819947 0.00808456 0.00816641 0.008385 0.0115448 0.00891968 0.0089437 0.00915512 0.00888653 0.0104032 0.0121458 0.0144806 0.0208377 0.0224615 0.0212603 0.11726 0.0105738 0 0.0486862 0.0133044 0.0101608 0.00959258 0.0108395 0.0107339 0.0090926 0.00836113 0.00823936 0.00820596 0.00820115 0.00815016 0.00813942 0.00872631 0.00818981 0.00802984 0.00806738 0.0080816 0.0081676 0.00839947 
0.00920781 0.0084183 0.00829212 0.00827879 0.00832072 0.00858851 0.00874653 0.00820234 0.0081476 0.00837228 0.008689 0.00851799 0.00821278 0.00810979 0.00819375 0.00862838 0.00955345 0.00814421 0.00816355 0.00817521 0.00809804 0.00812461 0.00825746 0.00869095 0.0100542 0.00837622 0.00829291 0.00853029 0.00937562 0.00984431 0.00828665 0.00818852 0.00846425 0.00938553 0.0123533 0.00928591 0.00869649 0.00879546 0.0105722 0.0300805 0.0689462 0.0590376 0.0301344 0.00993439 0.0124034 0.0218251 0.0301378 0.0486862 0 0.0174755 0.0110909 0.0102749 0.0110125 0.0326863 0.0126641 0.00882322 0.00842532 0.00866633 0.00831581 0.0086095 0.0113 0.00959851 0.00851239 0.00805719 0.00815048 0.00838132 0.00821076 0.0150969 
0.00908198 0.009056 0.00897751 0.00899785 0.00920075 0.00981927 0.00905041 0.00859219 0.00857948 0.00865969 0.00878733 0.00877815 0.00853287 0.00858134 0.00872393 0.00895727 0.00852251 0.00854999 0.00849412 0.00858478 0.00854429 0.00850146 0.00856217 0.00900906 0.00937407 0.00871449 0.00872574 0.00882546 0.0101365 0.00858677 0.00826496 0.00827991 0.00843013 0.00978085 0.0116662 0.00956899 0.00903062 0.00977211 0.010583 0.00898332 0.00940252 0.0119925 0.0140131 0.0111429 0.0121702 0.0196874 0.0101124 0.0133044 0.0174755 0 0.00401273 0.00366936 0.00361209 0.00401301 0.292715 0.0400778 0.0288761 0.0129247 0.0201456 0.0126086 0.0238577 0.0176436 0.0104718 0.00967563 0.00979741 0.010318 0.0134834 0.0227405 
0.00937705 0.0100221 0.0102341 0.0102594 0.0102328 0.00966038 0.00871355 0.00879561 0.00886808 0.00894621 0.00877706 0.00861934 0.0090187 0.00925654 0.00928635 0.00912087 0.00849712 0.00885731 0.0090359 0.0093021 0.00903766 0.00909495 0.00916733 0.00896717 0.00888326 0.00951547 0.0097513 0.00967998 0.00885047 0.00827274 0.0085842 0.00859494 0.00878268 0.00851966 0.0101386 0.0141564 0.0125774 0.0127886 0.00924795 0.00836155 0.00832548 0.00885596 0.0100572 0.019858 0.0214184 0.0112437 0.0090035 0.0101608 0.0110909 0.00401273 0 0.00365793 0.00361007 0.00359347 0.104249 0.261412 0.0552184 0.0801691 0.0260742 0.0241077 0.0113452 0.0105758 0.0148726 0.0111709 0.0135946 0.0130569 0.0231434 0.0122287 
0.00936336 0.0105454 0.0111616 0.0112809 0.0111589 0.0108788 0.00865276 0.00882747 0.00901651 0.00890462 0.00885841 0.00869078 0.00932937 0.0097416 0.00948996 0.00899314 0.00854801 0.00906582 0.0093209 0.00948344 0.00942418 0.00935876 0.00942226 0.00924566 0.00921894 0.0104625 0.0115224 0.0101871 0.00906591 0.00845835 0.00867403 0.00917178 0.00886161 0.00862736 0.0105935 0.0179057 0.0271994 0.0128847 0.00934705 0.00822913 0.00829852 0.00849403 0.00998123 0.0273112 0.0301571 0.0108555 0.00886343 0.00959258 0.0102749 0.00366936 0.00365793 0 0.00367395 0.00356977 0.0567968 0.0916367 0.269236 0.0898081 0.135125 0.0181757 0.0108304 0.0103329 0.011818 0.0218126 0.021376 0.0299999 0.016078 0.0118575 
