1KGTA
MQQLQNVIESAFERRADITPANVDTVTREAVNQVIGLLDSGALRVAEKIDGQWVTHQWLKKAVLLSFRINDNKVMDGAETRYYDKVPMKFADYDEARFQKEGFRVVPPATVRQGAFIARNTVLMPSYVNIGAYVDEGTMVDTWATVGSCAQIGKNVHLSGGVGIGGVLEPLQANPTIIEDNCFIGARSEVVEGVIVEEGSVISMGVYLGQSTRIYDRETGEIHYGRVPAGSVVVSGNLPSKDGSYSLYCAVIVKKVDAKTRGKVGINELLRTID
CHHHHHHHHHHHHCHHHCCCCCCCHHHHHHHHHHHHHHHCCCCCCEEEECCEEEECHHHHHHHHHHHHHCCCEEEECCCCEEEECCCECCCCCCHHHHHHHCCEECCCCEEECCCEECCCCEECCCEECCCCEECCCCEECCCCEECCCCEECCCCEECCCCEECCCCCCCCCCCCEECCCCEECCCCEECCCCEECCCCEECCCCEECCCCCEEECCCCCEECCEECCCEEEEEEEEECCCCCCEEEEEEEEEECCHHHHHHHCCCHHHCCCC
0 0 0 0 0 0 0 0 0 0 0 0 0 0 0 0 0 0 0 0 0 0 0 0 0 0 0 0 0 0 0 0 0 0 0 0 0 0 0 0 0 0 0 0 0 0 0 0 0 0 0 0 0 0 0 0 0 0 0 0 0 0 0 0 0 0 0 0 0 0 0 0 0 0 0 0 0 0 0 0 0 0 0 0 0 0 0 0 0 0 0 0 0 0 0 0 0 0 0 0 0 0 0 0 0 0 0 0 0 0 0 0 0 0 0 0 0 0 0 0 0 0 0 0 0 0 0 0 0 0 0 0 0 0 0 0 0 0 0 0 0 0 0 0 0 0 0 0 0 0 0 0 0 0 0 0 0 0 0 0 0 0 0 0 0 0 0 0 0 0 0 0 0 0 0 0 0 0 0 0 0 0 0 0 0 0 0 0 0 0 0 0 0 0 0 0 0 0 0 0 0 0 0 0 0 0 0 0 0 0 0 0 0 0 0 0 0 0 0 0 0 0 0 0 0 0 0 0 0 0 0 0 0 0 0 0 0 0 0 0 0 0 0 0 0 0 0 0 0 0 0 0 0 0 0 0 0 0 0 0 0 0 0 0 0 0 0 0 0 0 0 0 0 0 
0 0 0 0 0 0 0 0 0 0 0 0 0 0 0 0 0 0 0 0 0 0 0 0 0 0 0 0 0 0 0 0 0 0 0 0 0 0 0 0 0 0 0 0 0 0 0 0 0 0 0 0 0 0 0 0 0 0 0 0 0 0 0 0 0 0 0 0 0 0 0 0 0 0 0 0 0 0 0 0 0 0 0 0 0 0 0 0 0 0 0 0 0 0 0 0 0 0 0 0 0 0 0 0 0 0 0 0 0 0 0 0 0 0 0 0 0 0 0 0 0 0 0 0 0 0 0 0 0 0 0 0 0 0 0 0 0 0 0 0 0 0 0 0 0 0 0 0 0 0 0 0 0 0 0 0 0 0 0 0 0 0 0 0 0 0 0 0 0 0 0 0 0 0 0 0 0 0 0 0 0 0 0 0 0 0 0 0 0 0 0 0 0 0 0 0 0 0 0 0 0 0 0 0 0 0 0 0 0 0 0 0 0 0 0 0 0 0 0 0 0 0 0 0 0 0 0 0 0 0 0 0 0 0 0 0 0 0 0 0 0 0 0 0 0 0 0 0 0 0 0 0 0 0 0 0 0 0 0 0 0 0 0 0 0 0 0 0 0 0 0 0 0 0 
0 0.00379798 0.00573417 0.00691504 0.0060309 0.00808751 0.0176824 0.988478 0.0154289 0.00993643 0.0136149 0.0233681 0.013633 0.0103054 0.0112768 0.0225522 0.0180255 0.0101693 0.0154049 0.0113351 0.0102387 0.0149112 0.0105387 0.0155331 0.00968019 0.0130399 0.00933245 0.0128512 0.00936189 0.0117078 0.00904571 0.0112394 0.00887821 0.0103757 0.00876275 0.00975896 0.00853168 0.00926857 0.00869108 0.00949257 0.00857301 0.00938108 0.00838854 0.0091825 0.00867925 0.00888495 0.00849899 0.00896537 0.00850508 0.00868091 0.00852496 0.00881017 0.00888819 0.00818754 0.00935991 0.00852014 0.00876718 0.00857827 0.00903706 0.00902706 0.00834355 0.00844261 0.0082747 0.00824637 0.00831275 0.00821749 0.00836394 0.00903248 0.00894953 0.0081835 0.00821527 0.0083933 0.00842111 0.00855058 0.00858361 0.00848513 0.00848049 0.00936358 
0.00379798 0 0.0041432 0.00372769 0.00447968 0.0215188 0.975084 0.00967878 0.0102573 0.013271 0.0114495 0.0117102 0.010147 0.00997695 0.0153094 0.0100537 0.00966619 0.00952222 0.00928516 0.0106044 0.0093201 0.00956019 0.00941759 0.00915882 0.00893761 0.00878316 0.00881157 0.00876968 0.00877504 0.00882049 0.00851217 0.00863316 0.00861597 0.00845225 0.00849254 0.00846706 0.00839488 0.00835534 0.00853109 0.00840132 0.00849532 0.00836622 0.00861232 0.00827273 0.00842831 0.00820873 0.00838915 0.00828507 0.00828141 0.00823909 0.00827876 0.00822379 0.00819114 0.00830694 0.0083293 0.00826225 0.00822854 0.00821729 0.00830392 0.00827307 0.00849318 0.00852456 0.00832248 0.00831336 0.00832208 0.00829348 0.00834172 0.0083554 0.00819294 0.00826886 0.0083054 0.00839449 0.00851801 0.00862903 0.00865954 0.00846988 0.00838318 0.00837245 
0.00573417 0.0041432 0 0.00397796 0.00694275 0.992828 0.00630239 0.00540935 0.0121319 0.0120709 0.0106664 0.00968994 0.0113494 0.0130814 0.00936941 0.0093495 0.009741 0.0100936 0.00923692 0.0109706 0.00953389 0.00891591 0.00980305 0.00912929 0.00907514 0.00898504 0.00888913 0.00878524 0.00896247 0.00872495 0.00866017 0.00863837 0.00853241 0.00845498 0.00844717 0.00853456 0.00838427 0.0083532 0.008449 0.00838028 0.00845648 0.0083804 0.00832174 0.00831149 0.00839529 0.00829103 0.00836163 0.00829102 0.00853733 0.00833975 0.00840015 0.00824957 0.00840504 0.00825909 0.00825891 0.00844818 0.00823349 0.00831769 0.00817783 0.00878751 0.00852977 0.00837564 0.00831614 0.00818412 0.00824486 0.00814568 0.00821152 0.00808253 0.00848701 0.00821367 0.00824066 0.00831291 0.00835497 0.00858949 0.0085432 0.0083148 0.00813838 0.00815995 
0.00691504 0.00372769 0.00397796 0 0.999435 0.00573657 0.00430081 0.00456531 0.018533 0.0109121 0.0102546 0.0120652 0.0214687 0.0108893 0.00947449 0.0100781 0.0155513 0.0121007 0.0105883 0.0153949 0.00921559 0.00939488 0.0124992 0.00992198 0.0115315 0.00975602 0.0102731 0.0094609 0.0105001 0.00879383 0.00974971 0.00918124 0.00907706 0.00883161 0.00911488 0.00864262 0.00894077 0.00843217 0.00904051 0.00874063 0.00896267 0.00842947 0.00868398 0.00837378 0.00894354 0.00835577 0.00864575 0.00842332 0.00900033 0.0083729 0.00876251 0.00831443 0.00904316 0.00818414 0.00823833 0.00872166 0.00833515 0.00867629 0.00838535 0.00954317 0.00856776 0.00827161 0.00819615 0.00811921 0.00821694 0.00810679 0.00809904 0.00817105 0.00896198 0.00828462 0.00814697 0.00817414 0.00816477 0.00825273 0.0082602 0.00828586 0.00805265 0.00819385 
0.0060309 0.00447968 0.00694275 0.999435 0 0.00382352 0.00392266 0.00675066 0.024832 0.0107079 0.0161014 0.0286886 0.013101 0.0105698 0.0111975 0.0219752 0.0161936 0.0114429 0.0152741 0.0110982 0.0102688 0.0154637 0.0103375 0.0145944 0.00958398 0.0124887 0.00909531 0.0121998 0.00917571 0.0118816 0.00904151 0.0118961 0.0088203 0.0103195 0.00863269 0.0101277 0.00851138 0.00922151 0.00866446 0.00960923 0.00846372 0.00945198 0.00831653 0.00887435 0.00873532 0.00886846 0.00860213 0.0091271 0.00868949 0.00871975 0.00873885 0.00878095 0.00902717 0.00830144 0.00954337 0.00872691 0.00877539 0.00867474 0.00908786 0.00870185 0.00827159 0.0083646 0.00817935 0.00823867 0.00832922 0.00819592 0.00828407 0.00901482 0.00918618 0.00818346 0.00816669 0.00830874 0.00831515 0.0084272 0.00846433 0.00836899 0.00840628 0.00927744 
0.00808751 0.0215188 0.992828 0.00573657 0.00382352 0 0.00446178 0.00360029 0.0115889 0.0303276 0.0210506 0.01179 0.0100104 0.0104359 0.0144902 0.00962257 0.00972317 0.00931399 0.00969456 0.00969097 0.00982748 0.00962362 0.00921212 0.00943441 0.00885284 0.00875503 0.00874431 0.0088196 0.00868564 0.00887708 0.00847221 0.00866412 0.00856169 0.00845939 0.00844927 0.0085608 0.00826396 0.00835562 0.00848608 0.00847655 0.00847718 0.00851896 0.00836565 0.00835433 0.00854485 0.00823987 0.00842234 0.00832186 0.00830333 0.00827466 0.00834167 0.00827867 0.0082321 0.00830688 0.00843142 0.00822192 0.00817616 0.00822229 0.00832562 0.00819979 0.00841471 0.0085458 0.00838115 0.00833598 0.00828982 0.00826125 0.00828329 0.00842003 0.0081324 0.00820644 0.00830744 0.00837101 0.00847753 0.008617 0.00871774 0.00848749 0.00841077 0.00852182 
0.0176824 0.975084 0.00630239 0.00430081 0.00392266 0.00446178 0 0.00362074 0.0159062 0.026585 0.0174602 0.0137415 0.0108606 0.0119555 0.0100602 0.00961699 0.00951787 0.0105257 0.00903487 0.012688 0.00965545 0.00903717 0.0101528 0.00915423 0.00941887 0.00891784 0.00955121 0.00869895 0.00932147 0.00871712 0.00870532 0.0085068 0.00899772 0.00841609 0.00865153 0.00848 0.00863182 0.00837716 0.00858249 0.00835222 0.00845936 0.00834633 0.00839949 0.00824932 0.00865024 0.0081877 0.00852605 0.00817143 0.0084443 0.00825755 0.00852564 0.00819568 0.00825873 0.00834876 0.00814728 0.00825786 0.00809011 0.00827487 0.00812035 0.00866706 0.00860162 0.00843534 0.00843195 0.00834592 0.00826407 0.00822757 0.008263 0.00808297 0.00831411 0.00820199 0.00830843 0.00836516 0.00845085 0.00872175 0.00866161 0.00833685 0.00817887 0.0081849 
0.988478 0.00967878 0.00540935 0.00456531 0.00675066 0.00360029 0.00362074 0 0.0314366 0.0103326 0.0130447 0.019684 0.0214673 0.010395 0.00916685 0.0110189 0.0250258 0.0127634 0.0107724 0.0153652 0.0103644 0.0100703 0.0141421 0.0120075 0.0131638 0.0103701 0.0107004 0.0107329 0.0117876 0.00956496 0.0108647 0.00964102 0.00933596 0.0097823 0.00921537 0.0090784 0.00932257 0.00889419 0.00931001 0.00916072 0.00914199 0.00860642 0.0087979 0.00856005 0.00885743 0.00840359 0.00876319 0.00853682 0.00907002 0.00851122 0.00875209 0.00829715 0.00967158 0.00818496 0.00841696 0.00875114 0.0083752 0.00868469 0.00831128 0.00958201 0.00860785 0.00836789 0.00821322 0.00814276 0.00823339 0.00816994 0.00813501 0.00816905 0.0091097 0.00824183 0.00816923 0.00814799 0.00820055 0.00833058 0.0083334 0.00839845 0.00812244 0.00815949 
0.0154289 0.0102573 0.0121319 0.018533 0.024832 0.0115889 0.0159062 0.0314366 0 0.00421478 0.00422218 0.00477308 0.00716677 0.0067957 0.0133371 0.886577 0.0126499 0.0161727 0.0163061 0.0186478 0.0111793 0.0163187 0.0118915 0.0157306 0.0112712 0.0128126 0.0106425 0.0134711 0.0103552 0.012611 0.00953879 0.0117976 0.00946958 0.0105781 0.0088867 0.0107229 0.00884089 0.00970224 0.00895786 0.00999959 0.00874599 0.00987278 0.00858862 0.00908182 0.00917736 0.00915627 0.00907273 0.00927188 0.00863966 0.00884322 0.00893999 0.00876475 0.0085452 0.00836263 0.00923373 0.00874895 0.0086547 0.00865123 0.00890062 0.00853661 0.00831508 0.00831793 0.00824097 0.00837046 0.0081927 0.00827013 0.00818186 0.00888025 0.00883213 0.00817487 0.0082943 0.00826809 0.00822622 0.0084294 0.00845015 0.00828051 0.0083558 0.0092629 
0.00993643 0.013271 0.0120709 0.0109121 0.0107079 0.0303276 0.026585 0.0103326 0.00421478 0 0.00382353 0.00371628 0.00630966 0.00836359 0.89152 0.00962931 0.0079411 0.0103381 0.00988243 0.0129065 0.0104212 0.0102868 0.0110535 0.00992364 0.0102589 0.00895671 0.0108412 0.00897857 0.00957641 0.0089856 0.00904847 0.0088457 0.00937087 0.00863431 0.0089768 0.00860664 0.00876734 0.00838007 0.00869075 0.00851178 0.00855936 0.00842939 0.00846882 0.00827946 0.0090866 0.00820274 0.00879548 0.00823389 0.00842687 0.0082301 0.00868979 0.00820112 0.00819812 0.00839488 0.00832074 0.00838785 0.00815508 0.00840251 0.00826156 0.0082596 0.00833442 0.00851421 0.00832925 0.00832647 0.00822742 0.00825932 0.00821889 0.00843433 0.00823435 0.00818227 0.0083218 0.00831867 0.00849738 0.00851454 0.00860145 0.00843909 0.00841118 0.00848952 
0.0136149 0.0114495 0.0106664 0.0102546 0.0161014 0.0210506 0.0174602 0.0130447 0.00422218 0.00382353 0 0.00358928 0.00717248 0.88255 0.0121954 0.00710612 0.0081007 0.010131 0.010556 0.0104243 0.0194012 0.00992747 0.0107507 0.010944 0.0102933 0.0112181 0.00944921 0.0121213 0.00960928 0.0100866 0.00921384 0.00959187 0.00868375 0.0104757 0.00874059 0.00906176 0.00850145 0.0092049 0.00878983 0.00892321 0.00858547 0.00873039 0.00833518 0.00856312 0.00828608 0.00849481 0.00833854 0.00863204 0.00830399 0.00849091 0.00824688 0.00833206 0.0087809 0.00824861 0.00834801 0.00817179 0.00837479 0.00814039 0.0083844 0.00873015 0.00873186 0.00865824 0.00863498 0.00834951 0.00863318 0.00827209 0.00837539 0.00809501 0.0083269 0.00834988 0.0083465 0.0085939 0.0086644 0.0089198 0.00882068 0.00856251 0.0083769 0.00815774 
0.0233681 0.0117102 0.00968994 0.0120652 0.0286886 0.01179 0.0137415 0.019684 0.00477308 0.00371628 0.00358928 0 0.931276 0.00749857 0.00622898 0.006743 0.011097 0.0183912 0.0119711 0.0362426 0.00946657 0.0137231 0.0200515 0.0133446 0.0172761 0.0113536 0.0196039 0.0103619 0.0188958 0.0107995 0.0151974 0.010298 0.0173974 0.0104636 0.0126257 0.0103853 0.0126853 0.00960385 0.0118986 0.00976013 0.0108602 0.00934752 0.0103267 0.00906952 0.0106186 0.00874363 0.010456 0.0086255 0.0102251 0.0089586 0.0104196 0.00848138 0.00913664 0.00843654 0.00842278 0.00933145 0.00844953 0.00962657 0.00843374 0.0106243 0.00879266 0.00849651 0.0083527 0.00841921 0.00820482 0.00845137 0.00813207 0.0086795 0.00944417 0.00828779 0.00850853 0.00836211 0.00837831 0.00854744 0.00857044 0.00837494 0.00813182 0.0083964 
0.013633 0.010147 0.0113494 0.0214687 0.013101 0.0100104 0.0108606 0.0214673 0.00716677 0.00630966 0.00717248 0.931276 0 0.00426568 0.00430778 0.00492544 0.00945618 0.0180382 0.0179626 0.0189868 0.0104891 0.0167064 0.0120166 0.0155416 0.0117954 0.0135903 0.0111011 0.0130068 0.0104127 0.0125363 0.00995287 0.0119624 0.00978515 0.0105773 0.00895013 0.0107166 0.00902808 0.00964978 0.00901573 0.0102503 0.00891693 0.0097074 0.00874324 0.00905374 0.00948395 0.00910079 0.00950995 0.0092355 0.00910048 0.0087492 0.00959106 0.00883926 0.00879596 0.00844934 0.00941694 0.00916922 0.00864094 0.00890834 0.00888997 0.00855184 0.00823347 0.00832144 0.00820458 0.00831319 0.0081512 0.00822878 0.00821795 0.00903526 0.00926355 0.00816539 0.00831311 0.00820535 0.00820712 0.00828538 0.00833839 0.00827711 0.0083623 0.00920514 
0.0103054 0.00997695 0.0130814 0.0108893 0.0105698 0.0104359 0.0119555 0.010395 0.0067957 0.00836359 0.88255 0.00749857 0.00426568 0 0.00497623 0.00369727 0.00628224 0.0105837 0.0105035 0.010284 0.012331 0.0099426 0.00998237 0.00996475 0.00958833 0.00931716 0.00958255 0.00990368 0.00922111 0.00927789 0.00900023 0.0092832 0.00881629 0.00900023 0.00858965 0.00871124 0.0085792 0.00849 0.00856217 0.00853535 0.00843874 0.00852456 0.00836318 0.00833517 0.00876258 0.00833556 0.00849693 0.00833181 0.00838616 0.00836968 0.00852891 0.00822183 0.00832724 0.00838866 0.00844173 0.0084869 0.00825567 0.00836624 0.00830655 0.00821568 0.00832056 0.00851523 0.0083097 0.00825696 0.008297 0.00820748 0.00823833 0.00839526 0.00829611 0.00828393 0.00826302 0.00832828 0.00841495 0.00849256 0.00857748 0.00840379 0.00839292 0.00843336 
0.0112768 0.0153094 0.00936941 0.00947449 0.0111975 0.0144902 0.0100602 0.00916685 0.0133371 0.89152 0.0121954 0.00622898 0.00430778 0.00497623 0 0.00409478 0.00643421 0.0123786 0.00989363 0.0137981 0.0122676 0.00918997 0.0104413 0.00969711 0.0101793 0.00935175 0.0101542 0.00926589 0.0100334 0.00914677 0.00945149 0.00900749 0.00939926 0.00889064 0.008731 0.00885578 0.00872459 0.00859321 0.00877764 0.00864511 0.0085746 0.00861489 0.00851891 0.00840836 0.00877661 0.00843259 0.00862078 0.00843821 0.00863515 0.00839186 0.00863889 0.00830079 0.00856429 0.0084424 0.00820115 0.00859048 0.00826922 0.00833613 0.00826398 0.00917061 0.00873931 0.00851838 0.00835231 0.00831477 0.00827123 0.00821302 0.00821212 0.00810916 0.00875992 0.00836079 0.00821969 0.0083237 0.00837526 0.00850427 0.00847445 0.00833313 0.00822001 0.00813075 
0.0225522 0.0100537 0.0093495 0.0100781 0.0219752 0.00962257 0.00961699 0.0110189 0.886577 0.00962931 0.00710612 0.006743 0.00492544 0.00369727 0.00409478 0 0.0300078 0.0128236 0.0126294 0.0176961 0.00983862 0.0108035 0.0151441 0.0119997 0.0130739 0.0104338 0.0112476 0.0112315 0.0122538 0.00993311 0.0109424 0.0100916 0.00999019 0.00996951 0.0098998 0.00923156 0.00956878 0.00929444 0.0099512 0.00904879 0.00931509 0.00870648 0.00898327 0.00841331 0.0090168 0.00831524 0.00876879 0.00843386 0.00898089 0.00837142 0.00879269 0.00826823 0.00927557 0.00816456 0.00821588 0.00859195 0.00823284 0.00852115 0.00826595 0.00985128 0.00864562 0.00830397 0.00822536 0.00821434 0.00819979 0.00814347 0.00809701 0.00818479 0.00905103 0.00817907 0.00818266 0.00810326 0.00814042 0.0082272 0.00825035 0.00822242 0.00807598 0.00814038 
0.0180255 0.00966619 0.009741 0.0155513 0.0161936 0.00972317 0.00951787 0.0250258 0.0126499 0.0079411 0.0081007 0.011097 0.00945618 0.00628224 0.00643421 0.0300078 0 0.0555907 0.0312966 0.0187493 0.0128617 0.0347455 0.0234397 0.0324326 0.0185774 0.0187372 0.0169927 0.0220134 0.0178036 0.0181203 0.0160384 0.0149825 0.0136862 0.0171155 0.013055 0.0134288 0.0141834 0.0122062 0.0121406 0.0123493 0.0106773 0.0110882 0.00965405 0.0106737 0.0100733 0.00959824 0.0094636 0.00992055 0.00971138 0.00916097 0.00952957 0.00916541 0.00945491 0.00829038 0.00890608 0.00906809 0.00879461 0.00908043 0.00920555 0.00957299 0.00830068 0.00829992 0.00818325 0.00834439 0.00836569 0.00832347 0.00813725 0.00911926 0.00951797 0.00820571 0.00838016 0.00820606 0.00824275 0.00821962 0.00824538 0.00821358 0.0081452 0.00912911 
0.0101693 0.00952222 0.0100936 0.0121007 0.0114429 0.00931399 0.0105257 0.0127634 0.0161727 0.0103381 0.010131 0.0183912 0.0180382 0.0105837 0.0123786 0.0128236 0.0555907 0 0.00508463 0.0120058 0.0476036 0.0476229 0.0234697 0.032442 0.029931 0.018728 0.0278797 0.0159955 0.028618 0.017427 0.0193497 0.0125971 0.0207843 0.0129768 0.0172611 0.0126893 0.0152135 0.0113414 0.0130107 0.0114492 0.0111499 0.0101874 0.0116116 0.00988979 0.0109467 0.00919712 0.0102812 0.0089424 0.00966475 0.00882332 0.00984652 0.00882144 0.00844566 0.00884648 0.00870869 0.00892504 0.00847959 0.00891055 0.00888982 0.0089076 0.00843662 0.00843956 0.00836787 0.008676 0.00818201 0.00869819 0.0081406 0.0090425 0.00931826 0.0081874 0.00864724 0.00824704 0.00835235 0.00836286 0.00847826 0.00820471 0.00828676 0.00902128 
0.0154049 0.00928516 0.00923692 0.0105883 0.0152741 0.00969456 0.00903487 0.0107724 0.0163061 0.00988243 0.010556 0.0119711 0.0179626 0.0105035 0.00989363 0.0126294 0.0312966 0.00508463 0 0.0416337 0.0204388 0.00684337 0.0207885 0.0199516 0.0223264 0.0235502 0.0211764 0.023039 0.0195447 0.0176841 0.0193886 0.0143395 0.0151933 0.0155278 0.0167022 0.0118637 0.0160236 0.0115806 0.0159697 0.0108053 0.013933 0.0104897 0.0127501 0.00975033 0.0112 0.00905316 0.0100238 0.00935023 0.0107608 0.00893431 0.0102532 0.00860751 0.00968844 0.00839266 0.00846802 0.00918375 0.00844032 0.00910321 0.00839487 0.0102707 0.00850907 0.0083544 0.00826712 0.0081965 0.00824513 0.00821146 0.0082579 0.00830096 0.00912372 0.0083059 0.00820503 0.00826287 0.00829589 0.00834326 0.00836706 0.00832329 0.00830203 0.00826036 
0.0113351 0.0106044 0.0109706 0.0153949 0.0110982 0.00969097 0.012688 0.0153652 0.0186478 0.0129065 0.0104243 0.0362426 0.0189868 0.010284 0.0137981 0.0176961 0.0187493 0.0120058 0.0416337 0 0.00364276 0.00382234 0.00929081 0.023717 0.0172725 0.011902 0.0702697 0.0132549 0.0415281 0.0140831 0.0253373 0.0127966 0.0443834 0.0124729 0.0236158 0.013338 0.0222964 0.0115611 0.0165244 0.0135408 0.0138088 0.0120125 0.0113396 0.0112721 0.0144638 0.0108377 0.0133121 0.0112509 0.0108883 0.00961977 0.011894 0.00985369 0.00865319 0.00970546 0.0103426 0.00954784 0.00891704 0.0101726 0.00981841 0.00985121 0.0090052 0.00904338 0.0085511 0.00948495 0.00816864 0.00979057 0.00826099 0.011455 0.00969026 0.00814654 0.00923484 0.00844158 0.00913589 0.00942621 0.00930898 0.008502 0.00883822 0.010535 
0.0102387 0.0093201 0.00953389 0.00921559 0.0102688 0.00982748 0.00965545 0.0103644 0.0111793 0.0104212 0.0194012 0.00946657 0.0104891 0.012331 0.0122676 0.00983862 0.0128617 0.0476036 0.0204388 0.00364276 0 0.00369612 0.0103809 0.0267697 0.0153195 0.0198948 0.0129847 0.110841 0.0153748 0.029443 0.0143005 0.0320603 0.0106376 0.0213019 0.0126231 0.0165892 0.0111855 0.0173668 0.0111567 0.0121492 0.0110595 0.0116567 0.00979219 0.00995469 0.00920665 0.00930485 0.008847 0.00965449 0.00924913 0.00897793 0.00870595 0.00877329 0.00904623 0.00870858 0.00841046 0.00854089 0.00839556 0.00841693 0.00847652 0.00868548 0.00872001 0.0086877 0.00856434 0.0082841 0.00870958 0.00823298 0.00866872 0.00822188 0.00831518 0.00852639 0.00828649 0.00862691 0.00867609 0.00886854 0.00878261 0.00857567 0.00848722 0.00821349 
0.0149112 0.00956019 0.00891591 0.00939488 0.0154637 0.00962362 0.00903717 0.0100703 0.0163187 0.0102868 0.00992747 0.0137231 0.0167064 0.0099426 0.00918997 0.0108035 0.0347455 0.0476229 0.00684337 0.00382234 0.00369612 0 0.0241692 0.00586853 0.0132541 0.0129395 0.0163018 0.0139476 0.0225028 0.0165152 0.01766 0.0134132 0.0139012 0.0159874 0.0147533 0.013843 0.0138454 0.0122019 0.0160271 0.0119368 0.0148807 0.0106435 0.0113986 0.0104662 0.00966509 0.00936332 0.00995761 0.00945508 0.0101488 0.00895623 0.00946836 0.00863799 0.0103386 0.00822455 0.00848546 0.00877457 0.00857308 0.00869362 0.00854057 0.0104955 0.0088518 0.00856624 0.00834841 0.00826968 0.00829685 0.00830619 0.00820799 0.00839297 0.00955192 0.00817455 0.00829428 0.00825242 0.00837933 0.00851288 0.00858546 0.00840504 0.00821002 0.00830034 
0.0105387 0.00941759 0.00980305 0.0124992 0.0103375 0.00921212 0.0101528 0.0141421 0.0118915 0.0110535 0.0107507 0.0200515 0.0120166 0.00998237 0.0104413 0.0151441 0.0234397 0.0234697 0.0207885 0.00929081 0.0103809 0.0241692 0 0.00433479 0.0138254 0.0883067 0.0285609 0.0266095 0.0938903 0.045306 0.0408048 0.0234208 0.0375581 0.0247934 0.0355357 0.0233332 0.0274026 0.0201308 0.0260276 0.0207848 0.0190994 0.0176772 0.014389 0.0153599 0.0134126 0.0122012 0.0125209 0.0116431 0.0114987 0.0102593 0.0110958 0.0105797 0.00890259 0.00931969 0.00993625 0.00911314 0.00924295 0.00945083 0.00992671 0.00960519 0.00891765 0.00877169 0.00859067 0.00867814 0.00847484 0.00868998 0.00843077 0.0096275 0.00882382 0.0083112 0.00862848 0.00850189 0.00863087 0.00893579 0.00877899 0.00853813 0.00857527 0.00957343 
0.0155331 0.00915882 0.00912929 0.00992198 0.0145944 0.00943441 0.00915423 0.0120075 0.0157306 0.00992364 0.010944 0.0133446 0.0155416 0.00996475 0.00969711 0.0119997 0.0324326 0.032442 0.0199516 0.023717 0.0267697 0.00586853 0.00433479 0 0.0617626 0.00948042 0.0329521 0.0328712 0.0319798 0.11157 0.0280713 0.0476562 0.0193433 0.0515915 0.0237713 0.0382202 0.0201567 0.0228105 0.0210968 0.0202668 0.0221464 0.0150631 0.0158522 0.013867 0.0130488 0.0114564 0.0116829 0.0123825 0.0126205 0.0110574 0.0117508 0.0102559 0.0117905 0.00888149 0.00938729 0.00966017 0.00928544 0.00982849 0.00943635 0.0113032 0.00916747 0.00868866 0.00851999 0.00826589 0.00845543 0.0082882 0.00848044 0.0089553 0.00943643 0.00844332 0.00826837 0.00843504 0.00853008 0.00883875 0.00870427 0.00865526 0.00853973 0.0086865 
0.00968019 0.00893761 0.00907514 0.0115315 0.00958398 0.00885284 0.00941887 0.0131638 0.0112712 0.0102589 0.0102933 0.0172761 0.0117954 0.00958833 0.0101793 0.0130739 0.0185774 0.029931 0.0223264 0.0172725 0.0153195 0.0132541 0.0138254 0.0617626 0 0.00384463 0.00900669 0.0537733 0.0322475 0.0177234 0.065831 0.0206857 0.0479798 0.0183531 0.0406582 0.0203743 0.027593 0.0158507 0.0229727 0.0176427 0.0174822 0.0161465 0.0156033 0.0144099 0.015231 0.0123387 0.0120095 0.0118237 0.0107309 0.0101514 0.0102559 0.0103846 0.00879738 0.00889823 0.00962433 0.00897858 0.00898181 0.00899464 0.00946809 0.00929154 0.00858565 0.00879922 0.00852035 0.00856582 0.00834163 0.00852025 0.0083033 0.00937907 0.00877584 0.00818864 0.00844429 0.00833054 0.00848154 0.00866825 0.00864079 0.00845377 0.00841553 0.00953283 
0.0130399 0.00878316 0.00898504 0.00975602 0.0124887 0.00875503 0.00891784 0.0103701 0.0128126 0.00895671 0.0112181 0.0113536 0.0135903 0.00931716 0.00935175 0.0104338 0.0187372 0.018728 0.0235502 0.011902 0.0198948 0.0129395 0.0883067 0.00948042 0.00384463 0 0.0444279 0.0135467 0.0142759 0.0332157 0.018472 0.0984556 0.0131621 0.083033 0.017284 0.0543535 0.0141464 0.0411676 0.0168947 0.0255791 0.0205011 0.0173279 0.013198 0.0148279 0.0107124 0.0125655 0.011031 0.0127229 0.0118269 0.0107988 0.0104112 0.0101069 0.0125285 0.00863158 0.00941343 0.00930146 0.00924655 0.00913563 0.00922306 0.0101619 0.00895416 0.00863578 0.00855756 0.00821395 0.00861585 0.0081985 0.00854706 0.00846379 0.00901056 0.00833666 0.00820157 0.00844125 0.00854168 0.00890225 0.00877128 0.00870184 0.00840387 0.00831519 
0.00933245 0.00881157 0.00888913 0.0102731 0.00909531 0.00874431 0.00955121 0.0107004 0.0106425 0.0108412 0.00944921 0.0196039 0.0111011 0.00958255 0.0101542 0.0112476 0.0169927 0.0278797 0.0211764 0.0702697 0.0129847 0.0163018 0.0285609 0.0329521 0.00900669 0.0444279 0 0.00397569 0.0210427 0.0659876 0.0304703 0.0117587 0.216239 0.0183637 0.0840045 0.0144134 0.0640834 0.0133849 0.0355077 0.0152873 0.025152 0.0141648 0.0181558 0.012649 0.0192307 0.0111634 0.016545 0.0102231 0.0120391 0.00940996 0.0129064 0.00972174 0.0085956 0.0101461 0.00914234 0.00957215 0.00878531 0.0101761 0.0093486 0.00941083 0.00873738 0.00873272 0.00851329 0.00887424 0.00821792 0.00906131 0.00819971 0.00994955 0.00912707 0.00823461 0.00878489 0.00842382 0.00872726 0.00882503 0.00893393 0.00836528 0.0084593 0.00996668 
0.0128512 0.00876968 0.00878524 0.0094609 0.0121998 0.0088196 0.00869895 0.0107329 0.0134711 0.00897857 0.0121213 0.0103619 0.0130068 0.00990368 0.00926589 0.0112315 0.0220134 0.0159955 0.023039 0.0132549 0.110841 0.0139476 0.0266095 0.0328712 0.0537733 0.0135467 0.00397569 0 0.0560588 0.0101532 0.0145017 0.0456775 0.0120759 0.229552 0.0147444 0.0838936 0.0127249 0.0654708 0.015634 0.0425184 0.0182325 0.0265562 0.0128783 0.020069 0.0107368 0.014976 0.0104565 0.0159386 0.0115382 0.0123241 0.0102096 0.0106423 0.0185493 0.00853313 0.0095847 0.00909477 0.00991475 0.00910089 0.00980907 0.0101289 0.00925648 0.00880089 0.00887813 0.0081449 0.00909621 0.00811448 0.00890714 0.00824113 0.00892043 0.0084325 0.00817006 0.00842154 0.00845785 0.00886062 0.00866178 0.00906473 0.00856254 0.00832905 
0.00936189 0.00877504 0.00896247 0.0105001 0.00917571 0.00868564 0.00932147 0.0117876 0.0103552 0.00957641 0.00960928 0.0188958 0.0104127 0.00922111 0.0100334 0.0122538 0.0178036 0.028618 0.0195447 0.0415281 0.0153748 0.0225028 0.0938903 0.0319798 0.0322475 0.0142759 0.0210427 0.0560588 0 0.00387781 0.0171012 0.0968675 0.0692252 0.0145077 0.179259 0.0170007 0.0936988 0.0158178 0.0603896 0.0169445 0.0346009 0.0163402 0.0245004 0.0148809 0.021562 0.0131119 0.0181473 0.0119224 0.0139567 0.0103001 0.0137094 0.0111536 0.00895032 0.0101562 0.0100831 0.00969128 0.00927197 0.0103188 0.0102776 0.00999824 0.0091372 0.00891267 0.00856169 0.00876425 0.00835385 0.00878168 0.00840266 0.0100874 0.00899756 0.00826952 0.00860422 0.00851317 0.00880553 0.00902113 0.00900901 0.00856377 0.00862795 0.0111496 
0.0117078 0.00882049 0.00872495 0.00879383 0.0118816 0.00887708 0.00871712 0.00956496 0.012611 0.0089856 0.0100866 0.0107995 0.0125363 0.00927789 0.00914677 0.00993311 0.0181203 0.017427 0.0176841 0.0140831 0.029443 0.0165152 0.045306 0.11157 0.0177234 0.0332157 0.0659876 0.0101532 0.00387781 0 0.201139 0.0182137 0.0100411 0.0585665 0.0145139 0.201748 0.0143107 0.0695182 0.0169457 0.0549582 0.0180247 0.0307217 0.0152679 0.0200097 0.0123654 0.0138817 0.0121554 0.0151093 0.0132074 0.0115647 0.0120106 0.0112568 0.0153373 0.00887081 0.00954434 0.00990992 0.00959435 0.0100461 0.00968055 0.0110772 0.00907124 0.00858571 0.00853746 0.00826102 0.0084643 0.00824128 0.00858279 0.00850165 0.00922489 0.00841249 0.00825472 0.00836952 0.00861916 0.00871818 0.00866381 0.00854618 0.00863785 0.00842683 
0.00904571 0.00851217 0.00866017 0.00974971 0.00904151 0.00847221 0.00870532 0.0108647 0.00953879 0.00904847 0.00921384 0.0151974 0.00995287 0.00900023 0.00945149 0.0109424 0.0160384 0.0193497 0.0193886 0.0253373 0.0143005 0.01766 0.0408048 0.0280713 0.065831 0.018472 0.0304703 0.0145017 0.0171012 0.201139 0 0.00450132 0.0189984 0.0551207 0.0385713 0.0122227 0.150732 0.0166686 0.0798298 0.015882 0.0413664 0.0158047 0.024616 0.0148708 0.020126 0.0137182 0.0162774 0.0124137 0.0135734 0.0105874 0.0130609 0.0119503 0.00900376 0.0100082 0.0101209 0.00961455 0.00930085 0.0101276 0.0101178 0.0100355 0.00883631 0.00873954 0.00847655 0.00858202 0.0082994 0.00858119 0.00836779 0.0100932 0.00909119 0.00824622 0.00853496 0.00838055 0.00857119 0.00872773 0.00872353 0.00848411 0.00853923 0.00967738 
0.0112394 0.00863316 0.00863837 0.00918124 0.0118961 0.00866412 0.0085068 0.00964102 0.0117976 0.0088457 0.00959187 0.010298 0.0119624 0.0092832 0.00900749 0.0100916 0.0149825 0.0125971 0.0143395 0.0127966 0.0320603 0.0134132 0.0234208 0.0476562 0.0206857 0.0984556 0.0117587 0.0456775 0.0968675 0.0182137 0.00450132 0 0.0274661 0.0247432 0.00882124 0.0528926 0.0114693 0.182613 0.0135888 0.0793127 0.015111 0.0443648 0.0128037 0.021784 0.0112176 0.0160212 0.0110783 0.0193289 0.0122397 0.0126624 0.0107108 0.0123982 0.0159672 0.00870188 0.0100878 0.00973615 0.0107824 0.00954275 0.0103285 0.0108867 0.00914045 0.00868106 0.00851962 0.00831257 0.00883874 0.00821856 0.00858431 0.00860875 0.00979691 0.00844501 0.00819264 0.00842001 0.00854361 0.0085609 0.00864059 0.00858657 0.00844542 0.0085094 
0.00887821 0.00861597 0.00853241 0.00907706 0.0088203 0.00856169 0.00899772 0.00933596 0.00946958 0.00937087 0.00868375 0.0173974 0.00978515 0.00881629 0.00939926 0.00999019 0.0136862 0.0207843 0.0151933 0.0443834 0.0106376 0.0139012 0.0375581 0.0193433 0.0479798 0.0131621 0.216239 0.0120759 0.0692252 0.0100411 0.0189984 0.0274661 0 0.00394648 0.0163295 0.015992 0.0588043 0.00909151 0.231921 0.0141569 0.0688666 0.0132125 0.0411835 0.0127355 0.0506925 0.0113001 0.0308933 0.0111604 0.0204784 0.00966855 0.0209571 0.00997799 0.00861981 0.0130218 0.00900232 0.0110564 0.00884565 0.0129848 0.00960808 0.0104684 0.00900469 0.00911698 0.00864755 0.00931208 0.00816445 0.00966662 0.00816341 0.0108144 0.0096325 0.00824165 0.00898015 0.00850306 0.00910704 0.00915818 0.00943147 0.00843975 0.00863126 0.00991054 
0.0103757 0.00845225 0.00845498 0.00883161 0.0103195 0.00845939 0.00841609 0.0097823 0.0105781 0.00863431 0.0104757 0.0104636 0.0105773 0.00900023 0.00889064 0.00996951 0.0171155 0.0129768 0.0155278 0.0124729 0.0213019 0.0159874 0.0247934 0.0515915 0.0183531 0.083033 0.0183637 0.229552 0.0145077 0.0585665 0.0551207 0.0247432 0.00394648 0 0.0301838 0.0151458 0.00972986 0.0879525 0.0159551 0.237052 0.0181529 0.0884511 0.0134742 0.0540429 0.0115912 0.0295678 0.0117084 0.031689 0.0138214 0.0203249 0.0111095 0.0148553 0.0195376 0.00874932 0.011195 0.00966053 0.0120951 0.00969445 0.0114816 0.0109023 0.00941495 0.00881721 0.00880421 0.00824212 0.00915349 0.00818662 0.00934263 0.00866629 0.00905743 0.0084518 0.00822233 0.00850922 0.00877014 0.00896855 0.00895623 0.0089211 0.0086166 0.00846644 
0.00876275 0.00849254 0.00844717 0.00911488 0.00863269 0.00844927 0.00865153 0.00921537 0.0088867 0.0089768 0.00874059 0.0126257 0.00895013 0.00858965 0.008731 0.0098998 0.013055 0.0172611 0.0167022 0.0236158 0.0126231 0.0147533 0.0355357 0.0237713 0.0406582 0.017284 0.0840045 0.0147444 0.179259 0.0145139 0.0385713 0.00882124 0.0163295 0.0301838 0 0.00375734 0.0185714 0.0406043 0.0660242 0.0134794 0.199123 0.0171279 0.0641658 0.0153662 0.0433241 0.0144639 0.0352292 0.0141284 0.0220036 0.0114326 0.0205958 0.0128216 0.00912051 0.0133855 0.00962303 0.0100142 0.00941783 0.012758 0.0105517 0.0108394 0.00946785 0.00907226 0.00864431 0.00884874 0.00838583 0.00899006 0.00841298 0.0110858 0.00887785 0.0083217 0.00858222 0.00856475 0.00901433 0.0092303 0.00931081 0.00862366 0.00863529 0.00987442 
0.00975896 0.00846706 0.00853456 0.00864262 0.0101277 0.0085608 0.00848 0.0090784 0.0107229 0.00860664 0.00906176 0.0103853 0.0107166 0.00871124 0.00885578 0.00923156 0.0134288 0.0126893 0.0118637 0.013338 0.0165892 0.013843 0.0233332 0.0382202 0.0203743 0.0543535 0.0144134 0.0838936 0.0170007 0.201748 0.0122227 0.0528926 0.015992 0.0151458 0.00375734 0 0.025852 0.038479 0.0170431 0.0726305 0.0199508 0.209626 0.0150657 0.070663 0.0130117 0.0326946 0.012851 0.0306173 0.0156655 0.0202466 0.0132145 0.0149781 0.0177927 0.00912715 0.0110839 0.0101154 0.0106005 0.0102181 0.010992 0.0121127 0.00965848 0.00885532 0.00871231 0.00842091 0.00861347 0.00844976 0.0087299 0.00900705 0.00939015 0.00847137 0.00832479 0.00856718 0.0087351 0.00902219 0.0089369 0.00870094 0.00869284 0.00864146 
0.00853168 0.00839488 0.00838427 0.00894077 0.00851138 0.00826396 0.00863182 0.00932257 0.00884089 0.00876734 0.00850145 0.0126853 0.00902808 0.0085792 0.00872459 0.00956878 0.0141834 0.0152135 0.0160236 0.0222964 0.0111855 0.0138454 0.0274026 0.0201567 0.027593 0.0141464 0.0640834 0.0127249 0.0936988 0.0143107 0.150732 0.0114693 0.0588043 0.00972986 0.0185714 0.025852 0 0.00377004 0.0250625 0.0216166 0.102104 0.0148638 0.149405 0.0147363 0.0839542 0.0139895 0.0446157 0.013394 0.0317536 0.0114938 0.0285039 0.0131932 0.00930839 0.0154776 0.0101007 0.0108661 0.0101158 0.0135769 0.0126279 0.0103524 0.00936525 0.00923179 0.00865817 0.00892967 0.00828331 0.0090795 0.00836547 0.0121874 0.00914415 0.00826004 0.00859096 0.00838633 0.00887282 0.00907828 0.00937555 0.00853969 0.00870136 0.0107566 
0.00926857 0.00835534 0.0083532 0.00843217 0.00922151 0.00835562 0.00837716 0.00889419 0.00970224 0.00838007 0.0092049 0.00960385 0.00964978 0.00849 0.00859321 0.00929444 0.0122062 0.0113414 0.0115806 0.0115611 0.0173668 0.0122019 0.0201308 0.0228105 0.0158507 0.0411676 0.0133849 0.0654708 0.0158178 0.0695182 0.0166686 0.182613 0.00909151 0.0879525 0.0406043 0.038479 0.00377004 0 0.0185114 0.0220021 0.0219106 0.128696 0.0151113 0.176123 0.0122898 0.0444346 0.0122027 0.0496576 0.0136852 0.0274158 0.011818 0.0202597 0.0201502 0.00903071 0.0116748 0.010101 0.0110974 0.0101291 0.0108056 0.011832 0.00963958 0.00903182 0.00887712 0.00847424 0.00898024 0.00840599 0.00915916 0.00888743 0.00926914 0.00844587 0.00835578 0.00879352 0.00897968 0.00943523 0.00910401 0.00895071 0.0088864 0.00862834 
0.00869108 0.00853109 0.008449 0.00904051 0.00866446 0.00848608 0.00858249 0.00931001 0.00895786 0.00869075 0.00878983 0.0118986 0.00901573 0.00856217 0.00877764 0.0099512 0.0121406 0.0130107 0.0159697 0.0165244 0.0111567 0.0160271 0.0260276 0.0210968 0.0229727 0.0168947 0.0355077 0.015634 0.0603896 0.0169457 0.0798298 0.0135888 0.231921 0.0159551 0.0660242 0.0170431 0.0250625 0.0185114 0 0.00440052 0.0806779 0.0482241 0.121493 0.0180956 0.210696 0.0186517 0.0605235 0.016038 0.0377131 0.0133984 0.0288695 0.0150391 0.0107218 0.0159516 0.0119112 0.0114143 0.0116951 0.0139365 0.0130602 0.0116081 0.0103652 0.00981074 0.009088 0.00906846 0.00866289 0.00901798 0.0088916 0.0124928 0.00924516 0.00840739 0.00873947 0.00877345 0.00959179 0.00992914 0.00985702 0.00897288 0.00922478 0.011148 
0.00949257 0.00840132 0.00838028 0.00874063 0.00960923 0.00847655 0.00835222 0.00916072 0.00999959 0.00851178 0.00892321 0.00976013 0.0102503 0.00853535 0.00864511 0.00904879 0.0123493 0.0114492 0.0108053 0.0135408 0.0121492 0.0119368 0.0207848 0.0202668 0.0176427 0.0255791 0.0152873 0.0425184 0.0169445 0.0549582 0.015882 0.0793127 0.0141569 0.237052 0.0134794 0.0726305 0.0216166 0.0220021 0.00440052 0 0.0376432 0.115994 0.0189781 0.14097 0.0153054 0.143411 0.0143756 0.0754839 0.0175526 0.0333362 0.0143776 0.0231384 0.0173547 0.0096275 0.0117059 0.01156 0.0116491 0.0125406 0.0114761 0.013704 0.0100457 0.00918306 0.00886128 0.00848026 0.00884787 0.00848259 0.0090364 0.00988824 0.0101443 0.0085863 0.00840444 0.00873588 0.00892906 0.00928636 0.00924705 0.00893284 0.00881302 0.00945029 
0.00857301 0.00849532 0.00845648 0.00896267 0.00846372 0.00847718 0.00845936 0.00914199 0.00874599 0.00855936 0.00858547 0.0108602 0.00891693 0.00843874 0.0085746 0.00931509 0.0106773 0.0111499 0.013933 0.0138088 0.0110595 0.0148807 0.0190994 0.0221464 0.0174822 0.0205011 0.025152 0.0182325 0.0346009 0.0180247 0.0413664 0.015111 0.0688666 0.0181529 0.199123 0.0199508 0.102104 0.0219106 0.0806779 0.0376432 0 0.0045434 0.0176266 0.0434136 0.072441 0.0164797 0.211593 0.0228127 0.0866676 0.0161898 0.0668025 0.0209419 0.0154161 0.0179505 0.0146604 0.0144409 0.0170674 0.0183963 0.0176671 0.0151986 0.0132068 0.0109411 0.009644 0.00951893 0.00926241 0.00951238 0.00956052 0.0145634 0.0101387 0.00875646 0.00902572 0.00913999 0.0101879 0.0113119 0.0105258 0.00963589 0.00987245 0.0126715 
0.00938108 0.00836622 0.0083804 0.00842947 0.00945198 0.00851896 0.00834633 0.00860642 0.00987278 0.00842939 0.00873039 0.00934752 0.0097074 0.00852456 0.00861489 0.00870648 0.0110882 0.0101874 0.0104897 0.0120125 0.0116567 0.0106435 0.0176772 0.0150631 0.0161465 0.0173279 0.0141648 0.0265562 0.0163402 0.0307217 0.0158047 0.0443648 0.0132125 0.0884511 0.0171279 0.209626 0.0148638 0.128696 0.0482241 0.115994 0.0045434 0 0.0325162 0.0260868 0.011519 0.0528027 0.0211155 0.267672 0.0191169 0.0940234 0.0157985 0.0482628 0.0233792 0.0124859 0.0143619 0.0136775 0.0169322 0.0133968 0.0163701 0.0160439 0.0117538 0.00964383 0.00918273 0.00872989 0.00931474 0.0088045 0.00995762 0.0101191 0.0119398 0.00917261 0.00870691 0.00921153 0.00964823 0.0101316 0.0099733 0.00958286 0.0093919 0.00998214 
0.00838854 0.00861232 0.00832174 0.00868398 0.00831653 0.00836565 0.00839949 0.0087979 0.00858862 0.00846882 0.00833518 0.0103267 0.00874324 0.00836318 0.00851891 0.00898327 0.00965405 0.0116116 0.0127501 0.0113396 0.00979219 0.0113986 0.014389 0.0158522 0.0156033 0.013198 0.0181558 0.0128783 0.0245004 0.0152679 0.024616 0.0128037 0.0411835 0.0134742 0.0641658 0.0150657 0.149405 0.0151113 0.121493 0.0189781 0.0176266 0.0325162 0 0.00411535 0.0212846 0.0513617 0.063325 0.0131121 0.191459 0.0146874 0.0826452 0.0194513 0.012649 0.0305724 0.0124411 0.0147699 0.0139536 0.0227595 0.0156417 0.0139003 0.0117425 0.0101669 0.00926582 0.00953037 0.00871909 0.00939277 0.00932127 0.0149373 0.0095413 0.00872649 0.00887813 0.00897569 0.0097863 0.0105091 0.0102267 0.00910771 0.009888 0.012287 
0.0091825 0.00827273 0.00831149 0.00837378 0.00887435 0.00835433 0.00824932 0.00856005 0.00908182 0.00827946 0.00856312 0.00906952 0.00905374 0.00833517 0.00840836 0.00841331 0.0106737 0.00988979 0.00975033 0.0112721 0.00995469 0.0104662 0.0153599 0.013867 0.0144099 0.0148279 0.012649 0.020069 0.0148809 0.0200097 0.0148708 0.021784 0.0127355 0.0540429 0.0153662 0.070663 0.0147363 0.176123 0.0180956 0.14097 0.0434136 0.0260868 0.00411535 0 0.0191241 0.0161015 0.0116743 0.068996 0.0202603 0.159501 0.0154691 0.0637103 0.0250818 0.0125264 0.0150907 0.0129604 0.016776 0.0134563 0.0161058 0.0159874 0.0124799 0.00960168 0.00918091 0.00871278 0.00933918 0.00883216 0.0099183 0.010181 0.011927 0.00893589 0.00865858 0.00934863 0.00932761 0.0100662 0.00985409 0.0095199 0.00934987 0.0106593 
0.00867925 0.00842831 0.00839529 0.00894354 0.00873532 0.00854485 0.00865024 0.00885743 0.00917736 0.0090866 0.00828608 0.0106186 0.00948395 0.00876258 0.00877661 0.0090168 0.0100733 0.0109467 0.0112 0.0144638 0.00920665 0.00966509 0.0134126 0.0130488 0.015231 0.0107124 0.0192307 0.0107368 0.021562 0.0123654 0.020126 0.0112176 0.0506925 0.0115912 0.0433241 0.0130117 0.0839542 0.0122898 0.210696 0.0153054 0.072441 0.011519 0.0212846 0.0191241 0 0.00402172 0.0405143 0.0288793 0.0634856 0.00983557 0.226991 0.0146477 0.0165294 0.031561 0.0119467 0.0247915 0.0131985 0.0377625 0.0149632 0.0201023 0.0121782 0.0105875 0.00958535 0.0108626 0.00876611 0.0113362 0.00915612 0.0183925 0.012421 0.00926757 0.0101082 0.00928999 0.00973866 0.0100992 0.0103732 0.00913047 0.01043 0.014043 
0.00888495 0.00820873 0.00829103 0.00835577 0.00886846 0.00823987 0.0081877 0.00840359 0.00915627 0.00820274 0.00849481 0.00874363 0.00910079 0.00833556 0.00843259 0.00831524 0.00959824 0.00919712 0.00905316 0.0108377 0.00930485 0.00936332 0.0122012 0.0114564 0.0123387 0.0125655 0.0111634 0.014976 0.0131119 0.0138817 0.0137182 0.0160212 0.0113001 0.0295678 0.0144639 0.0326946 0.0139895 0.0444346 0.0186517 0.143411 0.0164797 0.0528027 0.0513617 0.0161015 0.00402172 0 0.0183813 0.0115494 0.0156221 0.0309272 0.0157381 0.0908123 0.0278397 0.0113668 0.0160299 0.0137185 0.0179864 0.0131714 0.0172234 0.0166651 0.0127643 0.00941135 0.00891883 0.00857094 0.0101528 0.00861323 0.00997652 0.0102943 0.0129212 0.00940915 0.00858307 0.00927126 0.00908324 0.00943216 0.00919402 0.0092021 0.00905336 0.00976355 
0.00849899 0.00838915 0.00836163 0.00864575 0.00860213 0.00842234 0.00852605 0.00876319 0.00907273 0.00879548 0.00833854 0.010456 0.00950995 0.00849693 0.00862078 0.00876879 0.0094636 0.0102812 0.0100238 0.0133121 0.008847 0.00995761 0.0125209 0.0116829 0.0120095 0.011031 0.016545 0.0104565 0.0181473 0.0121554 0.0162774 0.0110783 0.0308933 0.0117084 0.0352292 0.012851 0.0446157 0.0122027 0.0605235 0.0143756 0.211593 0.0211155 0.063325 0.0116743 0.0405143 0.0183813 0 0.00430329 0.034167 0.0139361 0.0723844 0.0161009 0.0240343 0.051715 0.0138799 0.0257558 0.0142201 0.0428606 0.0154232 0.0202838 0.0128524 0.0109176 0.0099517 0.0110864 0.0088835 0.0116035 0.00931476 0.0192223 0.0123862 0.00910779 0.0103627 0.00961541 0.0102173 0.0112088 0.0112109 0.00951821 0.0106222 0.0136972 
