1KTGA
VVKAAGLVIYRKLAGKIEFLLLQASYPPHHWTPPKGHVDPGEDEWQAAIRETKEEANITKEQLTIHEDCHETLFYEAKGKPKSVKYWLAKLNNPDDVQLSHEHQNWKWCELEDAIKIADYAEMGSLLRKFSAFLAGF
CEEEEEEEEEEEECCEEEEEEEEECCCCCCEECCEEECCCCCCHHHHHHHHHHHHHCCCHHHEEEEEEEEEEEEEEECCEEEEEEEEEEEECCCCCCCCCCCEEEEEEECHHHHHHHHCCHHHHHHHHHHHHHHHHC
0 0 0 0 0 0 0 0 0 0 0 0 0 0 0 0 0 0 0 0 0 0 0 0 0 0 0 0 0 0 0 0 0 0 0 0 0 0 0 0 0 0 0 0 0 0 0 0 0 0 0 0 0 0 0 0 0 0 0 0 0 0 0 0 0 0 0 0 0 0 0 0 0 0 0 0 0 0 0 0 0 0 0 0 0 0 0 0 0 0 0 0 0 0 0 0 0 0 0 0 0 0 0 0 0 0 0 0 0 0 0 0 0 0 0 0 0 0 0 0 0 0 0 0 0 0 0 0 0 0 0 0 0 0 0 0 0 
0 0 0 0 0 0 0 0 0 0 0 0 0 0 0 0 0 0 0 0 0 0 0 0 0 0 0 0 0 0 0 0 0 0 0 0 0 0 0 0 0 0 0 0 0 0 0 0 0 0 0 0 0 0 0 0 0 0 0 0 0 0 0 0 0 0 0 0 0 0 0 0 0 0 0 0 0 0 0 0 0 0 0 0 0 0 0 0 0 0 0 0 0 0 0 0 0 0 0 0 0 0 0 0 0 0 0 0 0 0 0 0 0 0 0 0 0 0 0 0 0 0 0 0 0 0 0 0 0 0 0 0 0 0 0 0 0 
0 0.00427376 0.00370717 0.00374995 0.00383741 0.00450232 0.00513937 0.00695614 0.00743377 0.00860722 0.0105854 0.0188678 0.0145829 0.00966549 0.012613 0.0133172 0.0147106 0.0190769 0.0136613 0.0183622 0.0270311 0.0121581 0.0244038 0.022287 0.0105799 0.0206645 0.0104417 0.0102529 0.00974059 0.00995821 0.00898678 0.00920357 0.00918748 0.0102345 0.0099063 0.0107306 0.00960612 0.00970126 0.00904784 0.00918439 0.0115568 0.00978142 0.00900081 0.00910544 0.00988708 0.010089 0.0097786 0.0104267 0.00998813 0.00962883 0.00968227 0.00959897 0.013236 0.00929618 0.00835949 0.00827348 0.00827293 0.00844303 0.00879996 0.00960456 
0.00427376 0 0.00368454 0.00366408 0.00366513 0.0038346 0.00463788 0.00469935 0.00680753 0.00641835 0.00941689 0.00903216 0.00900717 0.012555 0.0107658 0.0137013 0.0167084 0.0151443 0.0168957 0.0240132 0.0154113 0.0168049 0.0153774 0.0118847 0.0214854 0.0104811 0.0144837 0.010883 0.0134368 0.011233 0.0106466 0.00979641 0.0119125 0.0114539 0.0157009 0.0122583 0.0159566 0.0103159 0.00983216 0.0105691 0.00993415 0.00934198 0.00911373 0.0106964 0.0112173 0.0133621 0.0130936 0.0150731 0.014185 0.0120002 0.0119525 0.0126926 0.0126388 0.00943501 0.00844721 0.00842736 0.00853032 0.00868078 0.00963002 0.00905242 
0.00370717 0.00368454 0 0.00361929 0.00365765 0.00369805 0.00386157 0.0043597 0.0045843 0.00733518 0.00613258 0.0075448 0.00925601 0.00920475 0.0121802 0.0175003 0.01619 0.0227875 0.0254656 0.0229303 0.0565674 0.0132844 0.00962023 0.0132875 0.0100583 0.0103899 0.0111747 0.016271 0.0163566 0.0178236 0.0132282 0.0164292 0.0145208 0.0254735 0.0239572 0.0367028 0.0163624 0.0141426 0.012052 0.00904729 0.00926269 0.00891593 0.00968881 0.0154536 0.0221233 0.0242799 0.0283747 0.0310276 0.0297638 0.0233507 0.021332 0.0155897 0.00963131 0.00871496 0.00854839 0.0092689 0.00902397 0.0109656 0.00920412 0.00887848 
0.00374995 0.00366408 0.00361929 0 0.00359711 0.00365464 0.00370664 0.00377747 0.00435576 0.00432589 0.00545411 0.00673887 0.00822126 0.00937085 0.0128999 0.019222 0.0191177 0.0217593 0.0440696 0.0694999 0.336174 0.00959565 0.0104691 0.0111879 0.0123182 0.00992603 0.0128438 0.0127792 0.0294381 0.0170869 0.0209503 0.0158587 0.0228615 0.0232721 0.0469677 0.0272425 0.0240686 0.0151661 0.0124864 0.00911954 0.00919243 0.00908017 0.0105658 0.01893 0.02618 0.0365281 0.0377585 0.0494363 0.0426408 0.0359466 0.0390934 0.0119134 0.00989232 0.00887729 0.00878995 0.0093336 0.0101637 0.0105589 0.0099659 0.00906074 
0.00383741 0.00366513 0.00365765 0.00359711 0 0.00361644 0.00366343 0.00372519 0.00369011 0.00508709 0.00403839 0.00544014 0.00794476 0.00916884 0.013234 0.0170287 0.0241573 0.0328435 0.0854159 0.435476 0.0426855 0.00926495 0.00944863 0.0123182 0.0106004 0.0104227 0.0115491 0.0189108 0.0212724 0.0243142 0.0175461 0.0199209 0.0177936 0.041889 0.0355722 0.0348639 0.0222389 0.0164801 0.0108284 0.00943083 0.00936577 0.00903954 0.0101536 0.0206967 0.0290148 0.03543 0.0431807 0.0483454 0.0576244 0.0447397 0.0245526 0.0119785 0.0100536 0.00881531 0.0088478 0.009931 0.00972225 0.0110863 0.0101356 0.00904412 
0.00450232 0.0038346 0.00369805 0.00365464 0.00361644 0 0.00363867 0.00366475 0.00366819 0.00368186 0.00387289 0.00445553 0.00772943 0.00985907 0.0121284 0.0207735 0.0218639 0.104809 0.526639 0.100305 0.012374 0.00944038 0.00941981 0.0114436 0.012651 0.0101786 0.0137287 0.0139125 0.0341128 0.0204247 0.0211692 0.0168024 0.03064 0.0278784 0.0451136 0.0369911 0.026628 0.0141573 0.013361 0.00936861 0.0094007 0.00913835 0.0110103 0.0219459 0.0312951 0.043945 0.0459469 0.0715436 0.063401 0.0334217 0.0305081 0.0124114 0.0102203 0.00907083 0.00906617 0.0097658 0.0101483 0.0110524 0.010599 0.00924386 
0.00513937 0.00463788 0.00386157 0.00370664 0.00366343 0.00363867 0 0.0036063 0.00365073 0.00364736 0.00364245 0.00407673 0.00741984 0.00980701 0.0159627 0.0179588 0.106099 0.529759 0.1331 0.0160242 0.0113257 0.00943645 0.00898563 0.0113563 0.0109776 0.0105201 0.0115007 0.0181775 0.026094 0.0244157 0.0186416 0.0266746 0.0202584 0.0321798 0.0440445 0.0356123 0.021008 0.0185918 0.0116228 0.0094141 0.00927248 0.00910384 0.0104281 0.022835 0.0301724 0.0403607 0.0574302 0.0656589 0.0576214 0.0352938 0.026524 0.0124184 0.00998754 0.00888418 0.00895735 0.00968734 0.0100283 0.0116693 0.0106816 0.0092172 
0.00695614 0.00469935 0.0043597 0.00377747 0.00372519 0.00366475 0.0036063 0 0.00361111 0.0036478 0.00364167 0.00385489 0.00619784 0.0103648 0.0155372 0.0486783 0.58582 0.165851 0.0134108 0.0122424 0.00986156 0.00915885 0.00894465 0.0107259 0.0111501 0.010141 0.0129473 0.0140503 0.0199635 0.0161758 0.0215068 0.0154192 0.0178023 0.0222821 0.030032 0.0240385 0.0213826 0.0139643 0.0108168 0.00913833 0.00911184 0.00893165 0.0103224 0.0147773 0.024423 0.0310226 0.0369522 0.0391514 0.0368684 0.0268062 0.0196448 0.0118049 0.00925878 0.00891162 0.00865836 0.00948113 0.00966272 0.0105051 0.00990449 0.00884513 
0.00743377 0.00680753 0.0045843 0.00435576 0.00369011 0.00366819 0.00365073 0.00361111 0 0.00364925 0.00374057 0.00365829 0.0046496 0.0135273 0.0147734 0.816219 0.10619 0.0118799 0.0126677 0.00898485 0.00973554 0.00834669 0.00881175 0.00940945 0.0102282 0.00924702 0.0128366 0.00998475 0.0179307 0.0157335 0.0122908 0.0112662 0.0142427 0.0158254 0.0188558 0.0160447 0.0148433 0.0105441 0.00996229 0.00887154 0.00951109 0.00898343 0.00890135 0.0137627 0.0143558 0.0202723 0.0167976 0.0243984 0.0222973 0.0155294 0.0167984 0.009174 0.0100543 0.00896083 0.0085105 0.00891751 0.00922757 0.00920829 0.00908167 0.00898325 
0.00860722 0.00641835 0.00733518 0.00432589 0.00508709 0.00368186 0.00364736 0.0036478 0.00364925 0 0.00364304 0.00376335 0.00729204 0.0103841 0.866806 0.0716115 0.0100815 0.00949126 0.00895989 0.00810332 0.00769679 0.00810901 0.00818442 0.00926748 0.00901576 0.00922061 0.00981922 0.0109532 0.0112991 0.0108272 0.01021 0.0108467 0.0119767 0.0111349 0.0122197 0.0125032 0.0103473 0.00973578 0.00891911 0.00864221 0.00858835 0.00860298 0.00901597 0.0101137 0.0117441 0.0111454 0.0137157 0.0130773 0.0134869 0.0119747 0.00963895 0.00907977 0.00854968 0.00859382 0.0083445 0.00859368 0.00848486 0.00877904 0.00869139 0.00837613 
0.0105854 0.00941689 0.00613258 0.00545411 0.00403839 0.00387289 0.00364245 0.00364167 0.00374057 0.00364304 0 0.00416338 0.0062891 0.961757 0.0106678 0.0121034 0.00782837 0.00738818 0.00792127 0.00784252 0.00695523 0.00849839 0.00890564 0.00918396 0.0119981 0.00860307 0.0112772 0.00939936 0.0095901 0.00917803 0.00897351 0.00939026 0.00910456 0.00903698 0.00933219 0.00923301 0.00914483 0.00880304 0.00865787 0.00871477 0.00870204 0.0103196 0.00881227 0.00875425 0.00911606 0.00919696 0.0108755 0.00936798 0.00952687 0.0089453 0.00886104 0.00865857 0.00891093 0.00904605 0.00833675 0.00826126 0.00827361 0.00831202 0.00845646 0.00829976 
0.0188678 0.00903216 0.0075448 0.00673887 0.00544014 0.00445553 0.00407673 0.00385489 0.00365829 0.00376335 0.00416338 0 0.995176 0.00950107 0.00468171 0.00502649 0.00578106 0.0062416 0.00648634 0.0070156 0.00732017 0.0103994 0.00842382 0.0154607 0.00902095 0.00940901 0.0219843 0.00902821 0.00893156 0.0092351 0.00934187 0.00844979 0.00867628 0.00906463 0.00871497 0.00890999 0.00914963 0.00880368 0.008771 0.00861909 0.00955099 0.013117 0.00893043 0.008611 0.00880951 0.0104163 0.00877918 0.00887769 0.0087383 0.00864788 0.00876475 0.00848711 0.00960328 0.0112322 0.00842485 0.00818991 0.0081716 0.00810485 0.00825621 0.00864639 
0.0145829 0.00900717 0.00925601 0.00822126 0.00794476 0.00772943 0.00741984 0.00619784 0.0046496 0.00729204 0.0062891 0.995176 0 0.00380129 0.00361214 0.00366639 0.00380826 0.00411019 0.00416659 0.00671294 0.0081364 0.00742296 0.0116537 0.0107084 0.00882409 0.0270319 0.00998964 0.0117342 0.00943261 0.00957527 0.00892015 0.00890038 0.00889686 0.00938312 0.010063 0.0104819 0.00912063 0.00993028 0.00902629 0.0104539 0.0126339 0.00958267 0.00944521 0.00876199 0.00985536 0.00896911 0.00924358 0.00916974 0.00950195 0.00947323 0.00877152 0.0116578 0.0126363 0.00888449 0.00828508 0.00836867 0.00815234 0.00843225 0.00880312 0.01082 
0.00966549 0.012555 0.00920475 0.00937085 0.00916884 0.00985907 0.00980701 0.0103648 0.0135273 0.0103841 0.961757 0.00950107 0.00380129 0 0.00359558 0.00364446 0.00365865 0.0036686 0.00384377 0.00477251 0.0062268 0.00981268 0.00727002 0.0094645 0.0272933 0.00985302 0.0185047 0.00957513 0.0158146 0.0104679 0.00965009 0.00941491 0.0118349 0.0116085 0.0149605 0.0104316 0.0139479 0.00919054 0.0103136 0.00988596 0.0105045 0.0102592 0.00914112 0.011498 0.0102132 0.0141579 0.0109615 0.014415 0.0135876 0.0105548 0.0150332 0.00962558 0.0139291 0.0093115 0.00833792 0.00844894 0.00872075 0.00866128 0.00966688 0.00926421 
0.012613 0.0107658 0.0121802 0.0128999 0.013234 0.0121284 0.0159627 0.0155372 0.0147734 0.866806 0.0106678 0.00468171 0.00361214 0.00359558 0 0.00358822 0.00368341 0.00364851 0.00365533 0.00378625 0.00405653 0.0065911 0.00850555 0.00928416 0.00908186 0.0205794 0.0101887 0.0219214 0.0135367 0.0166337 0.0139707 0.015903 0.0161304 0.0252608 0.019493 0.0351139 0.0141365 0.0167773 0.0107512 0.00949802 0.00898496 0.00893441 0.0109867 0.0131296 0.0276683 0.0216862 0.0357473 0.0365412 0.0301535 0.0258109 0.0144288 0.0150555 0.00900068 0.00861015 0.00876361 0.00947836 0.00947188 0.0118176 0.00961888 0.00899735 
0.0133172 0.0137013 0.0175003 0.019222 0.0170287 0.0207735 0.0179588 0.0486783 0.816219 0.0716115 0.0121034 0.00502649 0.00366639 0.00364446 0.00358822 0 0.00360469 0.0036237 0.00367321 0.00364363 0.00373448 0.00702194 0.00763959 0.00978586 0.0116753 0.0141437 0.015025 0.0139643 0.0372981 0.0207494 0.0230963 0.0225114 0.0286542 0.0233581 0.0499331 0.0311637 0.0322872 0.0179488 0.014172 0.00951278 0.00935079 0.00961426 0.0106415 0.0264501 0.0295768 0.0535507 0.0577147 0.063872 0.0580261 0.0344769 0.041638 0.011429 0.0101615 0.00913301 0.00909061 0.0103192 0.0120068 0.0119076 0.011806 0.00938203 
0.0147106 0.0167084 0.01619 0.0191177 0.0241573 0.0218639 0.106099 0.58582 0.10619 0.0100815 0.00782837 0.00578106 0.00380826 0.00365865 0.00368341 0.00360469 0 0.00358892 0.00361854 0.00362865 0.00367275 0.00646128 0.00799053 0.0108433 0.0190778 0.0194371 0.0143639 0.0197198 0.0259468 0.0284874 0.0272598 0.0245542 0.0212188 0.0364156 0.0423172 0.0447052 0.0305135 0.0200062 0.0134732 0.00960844 0.00937839 0.00948223 0.0113106 0.0275975 0.0379624 0.0592771 0.0564776 0.0754034 0.0742392 0.0500623 0.038032 0.0127139 0.0100652 0.00904086 0.00942664 0.0109039 0.011634 0.0147226 0.011466 0.00960783 
0.0190769 0.0151443 0.0227875 0.0217593 0.0328435 0.104809 0.529759 0.165851 0.0118799 0.00949126 0.00738818 0.0062416 0.00411019 0.0036686 0.00364851 0.0036237 0.00358892 0 0.00357501 0.00359864 0.00360893 0.00636987 0.00918462 0.0125577 0.0163279 0.0283636 0.0118426 0.0204743 0.0363243 0.0321009 0.0285547 0.021965 0.0256798 0.0363787 0.0502556 0.0463374 0.0292791 0.0231814 0.0132654 0.00971204 0.00925434 0.00923259 0.012439 0.0234975 0.0526682 0.0467086 0.0713531 0.0761998 0.0792671 0.0577136 0.0291487 0.0163751 0.00968164 0.00893259 0.00971362 0.0110293 0.0121689 0.0148798 0.0128901 0.00921687 
0.0136613 0.0168957 0.0254656 0.0440696 0.0854159 0.526639 0.1331 0.0134108 0.0126677 0.00895989 0.00792127 0.00648634 0.00416659 0.00384377 0.00365533 0.00367321 0.00361854 0.00357501 0 0.00355538 0.00356643 0.00680645 0.177452 0.00961995 0.0137038 0.00969836 0.0134083 0.0119075 0.0372997 0.0212246 0.0159434 0.0174411 0.0204477 0.0238308 0.0397789 0.0253235 0.0262418 0.0133701 0.0121655 0.00906033 0.00897095 0.00917762 0.0100921 0.0289272 0.0194954 0.0477849 0.0369462 0.0593135 0.0509496 0.0278572 0.0348671 0.0104845 0.010032 0.00874326 0.00892057 0.0101992 0.0108428 0.0116316 0.010769 0.00938121 
0.0183622 0.0240132 0.0229303 0.0694999 0.435476 0.100305 0.0160242 0.0122424 0.00898485 0.00810332 0.00784252 0.0070156 0.00671294 0.00477251 0.00378625 0.00364363 0.00362865 0.00359864 0.00355538 0 0.00367005 0.175036 0.0630867 0.0134019 0.012921 0.0126916 0.0109703 0.020693 0.0114481 0.0106841 0.0116966 0.010481 0.0108608 0.012754 0.0130056 0.0148132 0.0107287 0.010888 0.0090279 0.00987038 0.00876138 0.00968314 0.0135174 0.00953002 0.0152463 0.0121609 0.0176523 0.0145014 0.0153291 0.0132637 0.00986542 0.0150058 0.00874063 0.00919525 0.00879335 0.00879235 0.00866582 0.00905198 0.00969603 0.00872375 
0.0270311 0.0154113 0.0565674 0.336174 0.0426855 0.012374 0.0113257 0.00986156 0.00973554 0.00769679 0.00695523 0.00732017 0.0081364 0.0062268 0.00405653 0.00373448 0.00367275 0.00360893 0.00356643 0.00367005 0 0.0439572 0.00799268 0.0130579 0.00924557 0.0105972 0.0382703 0.00935678 0.0102234 0.00999605 0.00899756 0.00908159 0.00944777 0.00948455 0.00994471 0.00950675 0.010264 0.00876028 0.00905387 0.00856508 0.0100794 0.0257032 0.00868213 0.00972139 0.00954653 0.0113509 0.00960983 0.0105758 0.0101322 0.00931472 0.0101587 0.0086443 0.0124802 0.0145336 0.008395 0.00847319 0.00840301 0.00842148 0.00868115 0.00981372 
0.0121581 0.0168049 0.0132844 0.00959565 0.00926495 0.00944038 0.00943645 0.00915885 0.00834669 0.00810901 0.00849839 0.0103994 0.00742296 0.00981268 0.0065911 0.00702194 0.00646128 0.00636987 0.00680645 0.175036 0.0439572 0 0.00370732 0.00366077 0.00430437 0.00540121 0.0128712 0.00925438 0.00921877 0.00863683 0.00852018 0.00850198 0.00868601 0.00875716 0.00899599 0.00886607 0.00877627 0.00862589 0.00858403 0.00883408 0.010411 0.00876572 0.00893605 0.00866858 0.0089122 0.00891649 0.00894651 0.00907639 0.00897154 0.00890632 0.00877155 0.00940212 0.0113918 0.00847896 0.00823835 0.00821351 0.00819818 0.00820189 0.00849305 0.0100197 
0.0244038 0.0153774 0.00962023 0.0104691 0.00944863 0.00941981 0.00898563 0.00894465 0.00881175 0.00818442 0.00890564 0.00842382 0.0116537 0.00727002 0.00850555 0.00763959 0.00799053 0.00918462 0.177452 0.0630867 0.00799268 0.00370732 0 0.00502774 0.00402751 0.0045304 0.0111239 0.0111198 0.00894659 0.00863556 0.00848892 0.00890984 0.00858694 0.00926182 0.00895455 0.00904291 0.00869426 0.00859302 0.00847322 0.00877678 0.00848485 0.00999807 0.00873555 0.00885528 0.00891964 0.00881469 0.00903321 0.00896266 0.00900257 0.00887425 0.00864687 0.00969534 0.00875593 0.00902208 0.00821264 0.00817344 0.00814874 0.00828577 0.00859018 0.00860423 
0.022287 0.0118847 0.0132875 0.0111879 0.0123182 0.0114436 0.0113563 0.0107259 0.00940945 0.00926748 0.00918396 0.0154607 0.0107084 0.0094645 0.00928416 0.00978586 0.0108433 0.0125577 0.00961995 0.0134019 0.0130579 0.00366077 0.00502774 0 0.00381618 0.00425462 0.017526 0.0197677 0.0124333 0.010499 0.00909861 0.00976869 0.00934024 0.0103796 0.0102348 0.0112049 0.00909759 0.00965752 0.00876079 0.00902258 0.013057 0.00919662 0.00954846 0.0097548 0.0103701 0.0101375 0.0108595 0.0106264 0.0106499 0.0101188 0.00925415 0.0106697 0.0134014 0.00853428 0.0082677 0.00827975 0.00832353 0.00859146 0.00868617 0.0133636 
0.0105799 0.0214854 0.0100583 0.0123182 0.0106004 0.012651 0.0109776 0.0111501 0.0102282 0.00901576 0.0119981 0.00902095 0.00882409 0.0272933 0.00908186 0.0116753 0.0190778 0.0163279 0.0137038 0.012921 0.00924557 0.00430437 0.00402751 0.00381618 0 0.00430122 0.0227877 0.0166759 0.0189105 0.0105844 0.00954533 0.0093227 0.0119516 0.00924384 0.0114857 0.00922134 0.010824 0.00874046 0.00920097 0.00956824 0.00910856 0.00931709 0.00960083 0.00967334 0.0091961 0.0106885 0.0097529 0.0105305 0.00989673 0.0098669 0.0102101 0.00966635 0.00998566 0.00877248 0.00866008 0.00848605 0.00854134 0.00864731 0.0104111 0.00870626 
0.0206645 0.0104811 0.0103899 0.00992603 0.0104227 0.0101786 0.0105201 0.010141 0.00924702 0.00922061 0.00860307 0.00940901 0.0270319 0.00985302 0.0205794 0.0141437 0.0194371 0.0283636 0.00969836 0.0126916 0.0105972 0.00540121 0.0045304 0.00425462 0.00430122 0 0.0145918 0.0114865 0.00971165 0.00963091 0.00894683 0.00968245 0.0089897 0.0116702 0.00943152 0.0120145 0.00907038 0.00979119 0.00885037 0.00913811 0.00927338 0.0118815 0.00929307 0.00905811 0.00982779 0.00919063 0.00965288 0.00975088 0.00947368 0.00997284 0.0087667 0.00974138 0.00896472 0.0107154 0.00851705 0.00838759 0.00830678 0.00852549 0.0084399 0.00868294 
0.0104417 0.0144837 0.0111747 0.0128438 0.0115491 0.0137287 0.0115007 0.0129473 0.0128366 0.00981922 0.0112772 0.0219843 0.00998964 0.0185047 0.0101887 0.015025 0.0143639 0.0118426 0.0134083 0.0109703 0.0382703 0.0128712 0.0111239 0.017526 0.0227877 0.0145918 0 0.0036285 0.00363785 0.00364398 0.00358726 0.00362067 0.00380524 0.00368503 0.00415511 0.00424193 0.00577835 0.00485805 0.00862186 0.00729215 0.0236351 0.00793768 0.00762644 0.00957907 0.00841858 0.0104611 0.00883483 0.0109659 0.0100125 0.00977869 0.0158984 0.00963633 0.144083 0.0145315 0.00908307 0.00949258 0.00957378 0.00881337 0.010891 0.0363953 
0.0102529 0.010883 0.016271 0.0127792 0.0189108 0.0139125 0.0181775 0.0140503 0.00998475 0.0109532 0.00939936 0.00902821 0.0117342 0.00957513 0.0219214 0.0139643 0.0197198 0.0204743 0.0119075 0.020693 0.00935678 0.00925438 0.0111198 0.0197677 0.0166759 0.0114865 0.0036285 0 0.00358708 0.0035814 0.00356213 0.00356295 0.00361895 0.00364586 0.00367318 0.00479512 0.00461485 0.0061848 0.00577374 0.00838176 0.00638574 0.00677427 0.00890279 0.00825702 0.0101989 0.00914332 0.0108013 0.00994557 0.0102518 0.0114851 0.00893771 0.0935776 0.0096209 0.0092375 0.0113588 0.00902532 0.00863009 0.0112222 0.0116293 0.00941394 
0.00974059 0.0134368 0.0163566 0.0294381 0.0212724 0.0341128 0.026094 0.0199635 0.0179307 0.0112991 0.0095901 0.00893156 0.00943261 0.0158146 0.0135367 0.0372981 0.0259468 0.0363243 0.0372997 0.0114481 0.0102234 0.00921877 0.00894659 0.0124333 0.0189105 0.00971165 0.00363785 0.00358708 0 0.00355383 0.00356567 0.00356386 0.00357343 0.00367724 0.00399952 0.0043374 0.00811219 0.00821017 0.00899651 0.00673313 0.00666274 0.00829664 0.00779878 0.0118815 0.00976528 0.0123766 0.0125338 0.0135393 0.0142388 0.0117742 0.0819844 0.0138431 0.0836048 0.0119361 0.00896537 0.00959071 0.0109051 0.0119968 0.010789 0.0096878 
0.00995821 0.011233 0.0178236 0.0170869 0.0243142 0.0204247 0.0244157 0.0161758 0.0157335 0.0108272 0.00917803 0.0092351 0.00957527 0.0104679 0.0166337 0.0207494 0.0284874 0.0321009 0.0212246 0.0106841 0.00999605 0.00863683 0.00863556 0.010499 0.0105844 0.00963091 0.00364398 0.0035814 0.00355383 0 0.0035496 0.00354405 0.00357493 0.00359316 0.00379276 0.00404308 0.00457921 0.00620652 0.00663955 0.00544289 0.00645241 0.00627623 0.00811848 0.00969928 0.00938658 0.0110308 0.0110085 0.0138381 0.0120151 0.043151 0.0206485 0.0770051 0.100828 0.00917131 0.00896665 0.0093664 0.011214 0.010695 0.00990176 0.00939195 
0.00898678 0.0106466 0.0132282 0.0209503 0.0175461 0.0211692 0.0186416 0.0215068 0.0122908 0.01021 0.00897351 0.00934187 0.00892015 0.00965009 0.0139707 0.0230963 0.0272598 0.0285547 0.0159434 0.0116966 0.00899756 0.00852018 0.00848892 0.00909861 0.00954533 0.00894683 0.00358726 0.00356213 0.00356567 0.0035496 0 0.003539 0.00355315 0.00356964 0.00360193 0.00363712 0.0101006 0.00419146 0.0044155 0.00510116 0.00515598 0.00644712 0.00698326 0.00792899 0.0100723 0.00924499 0.0162157 0.0106092 0.038806 0.0180423 0.0967008 0.124509 0.00945638 0.00862723 0.00869513 0.00970757 0.00910677 0.00968418 0.00922507 0.00886818 
0.00920357 0.00979641 0.0164292 0.0158587 0.0199209 0.0168024 0.0266746 0.0154192 0.0112662 0.0108467 0.00939026 0.00844979 0.00890038 0.00941491 0.015903 0.0225114 0.0245542 0.021965 0.0174411 0.010481 0.00908159 0.00850198 0.00890984 0.00976869 0.0093227 0.00968245 0.00362067 0.00356295 0.00356386 0.00354405 0.003539 0 0.00352379 0.00354989 0.00356703 0.00367237 0.00390024 0.00364759 0.00388843 0.00420901 0.0047458 0.00566952 0.00646757 0.00773468 0.0094875 0.00885173 0.00903351 0.0260934 0.0222409 0.0804536 0.239651 0.0144724 0.00812639 0.00850946 0.0100979 0.00899811 0.00893194 0.0097515 0.00954353 0.00925293 
0.00918748 0.0119125 0.0145208 0.0228615 0.0177936 0.03064 0.0202584 0.0178023 0.0142427 0.0119767 0.00910456 0.00867628 0.00889686 0.0118349 0.0161304 0.0286542 0.0212188 0.0256798 0.0204477 0.0108608 0.00944777 0.00868601 0.00858694 0.00934024 0.0119516 0.0089897 0.00380524 0.00361895 0.00357343 0.00357493 0.00355315 0.00352379 0 0.00370453 0.00356768 0.00356279 0.00353748 0.00364623 0.00371328 0.0039366 0.00439837 0.00579019 0.00651099 0.0084551 0.00734025 0.00936269 0.0108657 0.0236478 0.0717528 0.444385 0.0266984 0.00999119 0.0109394 0.0151726 0.00865775 0.00919769 0.00903363 0.00956482 0.00954818 0.00953435 
0.0102345 0.0114539 0.0254735 0.0232721 0.041889 0.0278784 0.0321798 0.0222821 0.0158254 0.0111349 0.00903698 0.00906463 0.00938312 0.0116085 0.0252608 0.0233581 0.0364156 0.0363787 0.0238308 0.012754 0.00948455 0.00875716 0.00926182 0.0103796 0.00924384 0.0116702 0.00368503 0.00364586 0.00367724 0.00359316 0.00356964 0.00354989 0.00370453 0 0.00354776 0.00353828 0.00357102 0.00355654 0.00365779 0.00362741 0.00422995 0.00550359 0.00701966 0.00699914 0.00883183 0.00825442 0.0208997 0.0701424 0.63606 0.0315524 0.0101929 0.0110642 0.00844341 0.00878867 0.00908208 0.00925964 0.00920159 0.0114787 0.0106878 0.00964949 
0.0099063 0.0157009 0.0239572 0.0469677 0.0355722 0.0451136 0.0440445 0.030032 0.0188558 0.0122197 0.00933219 0.00871497 0.010063 0.0149605 0.019493 0.0499331 0.0423172 0.0502556 0.0397789 0.0130056 0.00994471 0.00899599 0.00895455 0.0102348 0.0114857 0.00943152 0.00415511 0.00367318 0.00399952 0.00379276 0.00360193 0.00356703 0.00356768 0.00354776 0 0.00355023 0.00359219 0.00357081 0.00360654 0.0035782 0.00379067 0.00541182 0.00623579 0.00859583 0.0125903 0.0217741 0.0715599 0.765035 0.0360241 0.0124656 0.0138754 0.00877685 0.0103828 0.00919536 0.00906612 0.00978135 0.0109962 0.0121168 0.0118898 0.00998054 
0.0107306 0.0122583 0.0367028 0.0272425 0.0348639 0.0369911 0.0356123 0.0240385 0.0160447 0.0125032 0.00923301 0.00890999 0.0104819 0.0104316 0.0351139 0.0311637 0.0447052 0.0463374 0.0253235 0.0148132 0.00950675 0.00886607 0.00904291 0.0112049 0.00922134 0.0120145 0.00424193 0.00479512 0.0043374 0.00404308 0.00363712 0.00367237 0.00356279 0.00353828 0.00355023 0 0.00355844 0.00358412 0.00356221 0.00358734 0.0036949 0.0046907 0.00679116 0.00808845 0.0215798 0.0605308 0.806933 0.0357608 0.0157965 0.0113677 0.0105861 0.0164533 0.00838605 0.00918522 0.00931232 0.0109551 0.0101357 0.0135061 0.0109742 0.00956865 
0.00960612 0.0159566 0.0163624 0.0240686 0.0222389 0.026628 0.021008 0.0213826 0.0148433 0.0103473 0.00914483 0.00914963 0.00912063 0.0139479 0.0141365 0.0322872 0.0305135 0.0292791 0.0262418 0.0107287 0.010264 0.00877627 0.00869426 0.00909759 0.010824 0.00907038 0.00577835 0.00461485 0.00811219 0.00457921 0.0101006 0.00390024 0.00353748 0.00357102 0.00359219 0.00355844 0 0.00355585 0.00364934 0.0035983 0.00368033 0.00485739 0.00715277 0.0198288 0.0519547 0.795444 0.0269763 0.010327 0.00992187 0.0203289 0.0132965 0.008433 0.0108758 0.00995472 0.00898824 0.00995286 0.00997649 0.00967612 0.00992177 0.00979805 
0.00970126 0.0103159 0.0141426 0.0151661 0.0164801 0.0141573 0.0185918 0.0139643 0.0105441 0.00973578 0.00880304 0.00880368 0.00993028 0.00919054 0.0167773 0.0179488 0.0200062 0.0231814 0.0133701 0.010888 0.00876028 0.00862589 0.00859302 0.00965752 0.00874046 0.00979119 0.00485805 0.0061848 0.00821017 0.00620652 0.00419146 0.00364759 0.00364623 0.00355654 0.00357081 0.00358412 0.00355585 0 0.00356003 0.00363685 0.00358558 0.00394759 0.0261747 0.0198509 0.850428 0.0207107 0.00962485 0.00785963 0.0197204 0.00937546 0.00806672 0.0112438 0.00797617 0.00880355 0.00972007 0.00899695 0.00901966 0.0106038 0.00907088 0.00872384 
0.00904784 0.00983216 0.012052 0.0124864 0.0108284 0.013361 0.0116228 0.0108168 0.00996229 0.00891911 0.00865787 0.008771 0.00902629 0.0103136 0.0107512 0.014172 0.0134732 0.0132654 0.0121655 0.0090279 0.00905387 0.00858403 0.00847322 0.00876079 0.00920097 0.00885037 0.00862186 0.00577374 0.00899651 0.00663955 0.0044155 0.00388843 0.00371328 0.00365779 0.00360654 0.00356221 0.00364934 0.00356003 0 0.00359103 0.0036646 0.012016 0.0237723 0.85287 0.0404698 0.00874144 0.00660416 0.0167873 0.0126455 0.00774894 0.0108542 0.00782694 0.00898951 0.00960159 0.00847152 0.00881951 0.00890886 0.00863022 0.00896037 0.00967504 
0.00918439 0.0105691 0.00904729 0.00911954 0.00943083 0.00936861 0.0094141 0.00913833 0.00887154 0.00864221 0.00871477 0.00861909 0.0104539 0.00988596 0.00949802 0.00951278 0.00960844 0.00971204 0.00906033 0.00987038 0.00856508 0.00883408 0.00877678 0.00902258 0.00956824 0.00913811 0.00729215 0.00838176 0.00673313 0.00544289 0.00510116 0.00420901 0.0039366 0.00362741 0.0035782 0.00358734 0.0035983 0.00363685 0.00359103 0 0.00505235 0.00487181 0.953617 0.00421779 0.00555502 0.00572204 0.00613162 0.00685394 0.00653541 0.00722328 0.00669229 0.00967772 0.00703294 0.00905663 0.00978331 0.00848542 0.0084311 0.00874136 0.00904826 0.00842763 
0.0115568 0.00993415 0.00926269 0.00919243 0.00936577 0.0094007 0.00927248 0.00911184 0.00951109 0.00858835 0.00870204 0.00955099 0.0126339 0.0105045 0.00898496 0.00935079 0.00937839 0.00925434 0.00897095 0.00876138 0.0100794 0.010411 0.00848485 0.013057 0.00910856 0.00927338 0.0236351 0.00638574 0.00666274 0.00645241 0.00515598 0.0047458 0.00439837 0.00422995 0.00379067 0.0036949 0.00368033 0.00358558 0.0036646 0.00505235 0 0.980033 0.00610261 0.00400495 0.00405703 0.00437997 0.00538011 0.00594311 0.00610074 0.00623871 0.00664371 0.00676275 0.00792531 0.0229088 0.00840796 0.00818701 0.00831874 0.00817618 0.00863439 0.00995153 
0.00978142 0.00934198 0.00891593 0.00908017 0.00903954 0.00913835 0.00910384 0.00893165 0.00898343 0.00860298 0.0103196 0.013117 0.00958267 0.0102592 0.00893441 0.00961426 0.00948223 0.00923259 0.00917762 0.00968314 0.0257032 0.00876572 0.00999807 0.00919662 0.00931709 0.0118815 0.00793768 0.00677427 0.00829664 0.00627623 0.00644712 0.00566952 0.00579019 0.00550359 0.00541182 0.0046907 0.00485739 0.00394759 0.012016 0.00487181 0.980033 0 0.00659486 0.00356503 0.00356891 0.00360058 0.00356267 0.00371433 0.00398713 0.00475907 0.00561108 0.00642884 0.0230447 0.00993028 0.00824834 0.00805535 0.00795458 0.00807238 0.00901997 0.0270641 
0.00900081 0.00911373 0.00968881 0.0105658 0.0101536 0.0110103 0.0104281 0.0103224 0.00890135 0.00901597 0.00881227 0.00893043 0.00944521 0.00914112 0.0109867 0.0106415 0.0113106 0.012439 0.0100921 0.0135174 0.00868213 0.00893605 0.00873555 0.00954846 0.00960083 0.00929307 0.00762644 0.00890279 0.00779878 0.00811848 0.00698326 0.00646757 0.00651099 0.00701966 0.00623579 0.00679116 0.00715277 0.0261747 0.0237723 0.953617 0.00610261 0.00659486 0 0.00354158 0.00355872 0.00351048 0.00357363 0.00356673 0.00379668 0.00430467 0.00476012 0.0140591 0.00632126 0.00836753 0.00855505 0.00811026 0.00812738 0.00877803 0.0100701 0.00907897 
0.00910544 0.0106964 0.0154536 0.01893 0.0206967 0.0219459 0.022835 0.0147773 0.0137627 0.0101137 0.00875425 0.008611 0.00876199 0.011498 0.0131296 0.0264501 0.0275975 0.0234975 0.0289272 0.00953002 0.00972139 0.00866858 0.00885528 0.0097548 0.00967334 0.00905811 0.00957907 0.00825702 0.0118815 0.00969928 0.00792899 0.00773468 0.0084551 0.00699914 0.00859583 0.00808845 0.0198288 0.0198509 0.85287 0.00421779 0.00400495 0.00356503 0.00354158 0 0.00355281 0.00355758 0.00357503 0.00362866 0.00379532 0.00362479 0.00762258 0.00460362 0.00664305 0.00857687 0.00834723 0.00868692 0.00945039 0.0142459 0.010436 0.00976867 
0.00988708 0.0112173 0.0221233 0.02618 0.0290148 0.0312951 0.0301724 0.024423 0.0143558 0.0117441 0.00911606 0.00880951 0.00985536 0.0102132 0.0276683 0.0295768 0.0379624 0.0526682 0.0194954 0.0152463 0.00954653 0.0089122 0.00891964 0.0103701 0.0091961 0.00982779 0.00841858 0.0101989 0.00976528 0.00938658 0.0100723 0.0094875 0.00734025 0.00883183 0.0125903 0.0215798 0.0519547 0.850428 0.0404698 0.00555502 0.00405703 0.00356891 0.00355872 0.00355281 0 0.00354777 0.00355634 0.00358719 0.00362601 0.00391665 0.00387737 0.00540738 0.00491378 0.00832346 0.00986727 0.00930067 0.00941843 0.0139558 0.011279 0.00941659 
0.010089 0.0133621 0.0242799 0.0365281 0.03543 0.043945 0.0403607 0.0310226 0.0202723 0.0111454 0.00919696 0.0104163 0.00896911 0.0141579 0.0216862 0.0535507 0.0592771 0.0467086 0.0477849 0.0121609 0.0113509 0.00891649 0.00881469 0.0101375 0.0106885 0.00919063 0.0104611 0.00914332 0.0123766 0.0110308 0.00924499 0.00885173 0.00936269 0.00825442 0.0217741 0.0605308 0.795444 0.0207107 0.00874144 0.00572204 0.00437997 0.00360058 0.00351048 0.00355758 0.00354777 0 0.00354684 0.00357415 0.00359424 0.00356388 0.00385883 0.00369421 0.00430757 0.00920421 0.00848248 0.0103137 0.0114245 0.010592 0.0130988 0.0148343 
0.0097786 0.0130936 0.0283747 0.0377585 0.0431807 0.0459469 0.0574302 0.0369522 0.0167976 0.0137157 0.0108755 0.00877918 0.00924358 0.0109615 0.0357473 0.0577147 0.0564776 0.0713531 0.0369462 0.0176523 0.00960983 0.00894651 0.00903321 0.0108595 0.0097529 0.00965288 0.00883483 0.0108013 0.0125338 0.0110085 0.0162157 0.00903351 0.0108657 0.0208997 0.0715599 0.806933 0.0269763 0.00962485 0.00660416 0.00613162 0.00538011 0.00356267 0.00357363 0.00357503 0.00355634 0.00354684 0 0.0035655 0.00357883 0.00356869 0.00363881 0.003593 0.00358888 0.00795048 0.0109752 0.0110255 0.00929545 0.0156616 0.0130086 0.0135966 
0.0104267 0.0150731 0.0310276 0.0494363 0.0483454 0.0715436 0.0656589 0.0391514 0.0243984 0.0130773 0.00936798 0.00887769 0.00916974 0.014415 0.0365412 0.063872 0.0754034 0.0761998 0.0593135 0.0145014 0.0105758 0.00907639 0.00896266 0.0106264 0.0105305 0.00975088 0.0109659 0.00994557 0.0135393 0.0138381 0.0106092 0.0260934 0.0236478 0.0701424 0.765035 0.0357608 0.010327 0.00785963 0.0167873 0.00685394 0.00594311 0.00371433 0.00356673 0.00362866 0.00358719 0.00357415 0.0035655 0 0.00355182 0.00356348 0.00353293 0.00360409 0.00362129 0.00913973 0.0102286 0.00948339 0.0118652 0.0143546 0.0246418 0.0149205 
0.00998813 0.014185 0.0297638 0.0426408 0.0576244 0.063401 0.0576214 0.0368684 0.0222973 0.0134869 0.00952687 0.0087383 0.00950195 0.0135876 0.0301535 0.0580261 0.0742392 0.0792671 0.0509496 0.0153291 0.0101322 0.00897154 0.00900257 0.0106499 0.00989673 0.00947368 0.0100125 0.0102518 0.0142388 0.0120151 0.038806 0.0222409 0.0717528 0.63606 0.0360241 0.0157965 0.00992187 0.0197204 0.0126455 0.00653541 0.00610074 0.00398713 0.00379668 0.00379532 0.00362601 0.00359424 0.00357883 0.00355182 0 0.003556 0.00355137 0.00363602 0.00361445 0.00857188 0.00885678 0.0128287 0.0122995 0.0279363 0.0194332 0.0116297 
0.00962883 0.0120002 0.0233507 0.0359466 0.0447397 0.0334217 0.0352938 0.0268062 0.0155294 0.0119747 0.0089453 0.00864788 0.00947323 0.0105548 0.0258109 0.0344769 0.0500623 0.0577136 0.0278572 0.0132637 0.00931472 0.00890632 0.00887425 0.0101188 0.0098669 0.00997284 0.00977869 0.0114851 0.0117742 0.043151 0.0180423 0.0804536 0.444385 0.0315524 0.0124656 0.0113677 0.0203289 0.00937546 0.00774894 0.00722328 0.00623871 0.00475907 0.00430467 0.00362479 0.00391665 0.00356388 0.00356869 0.00356348 0.003556 0 0.00358465 0.00361507 0.00356335 0.00844514 0.00945476 0.0153973 0.025378 0.0147676 0.0128803 0.0124726 
0.00968227 0.0119525 0.021332 0.0390934 0.0245526 0.0305081 0.026524 0.0196448 0.0167984 0.00963895 0.00886104 0.00876475 0.00877152 0.0150332 0.0144288 0.041638 0.038032 0.0291487 0.0348671 0.00986542 0.0101587 0.00877155 0.00864687 0.00925415 0.0102101 0.0087667 0.0158984 0.00893771 0.0819844 0.0206485 0.0967008 0.239651 0.0266984 0.0101929 0.0138754 0.0105861 0.0132965 0.00806672 0.0108542 0.00669229 0.00664371 0.00561108 0.00476012 0.00762258 0.00387737 0.00385883 0.00363881 0.00353293 0.00355137 0.00358465 0 0.00356098 0.00359294 0.00948506 0.0102659 0.02948 0.0137378 0.00957622 0.0105538 0.0105661 
0.00959897 0.0126926 0.0155897 0.0119134 0.0119785 0.0124114 0.0124184 0.0118049 0.009174 0.00907977 0.00865857 0.00848711 0.0116578 0.00962558 0.0150555 0.011429 0.0127139 0.0163751 0.0104845 0.0150058 0.0086443 0.00940212 0.00969534 0.0106697 0.00966635 0.00974138 0.00963633 0.0935776 0.0138431 0.0770051 0.124509 0.0144724 0.00999119 0.0110642 0.00877685 0.0164533 0.008433 0.0112438 0.00782694 0.00967772 0.00676275 0.00642884 0.0140591 0.00460362 0.00540738 0.00369421 0.003593 0.00360409 0.00363602 0.00361507 0.00356098 0 0.00360179 0.0133643 0.0391498 0.00970964 0.00902741 0.0103018 0.0150622 0.00793475 
0.013236 0.0126388 0.00963131 0.00989232 0.0100536 0.0102203 0.00998754 0.00925878 0.0100543 0.00854968 0.00891093 0.00960328 0.0126363 0.0139291 0.00900068 0.0101615 0.0100652 0.00968164 0.010032 0.00874063 0.0124802 0.0113918 0.00875593 0.0134014 0.00998566 0.00896472 0.144083 0.0096209 0.0836048 0.100828 0.00945638 0.00812639 0.0109394 0.00844341 0.0103828 0.00838605 0.0108758 0.00797617 0.00898951 0.00703294 0.00792531 0.0230447 0.00632126 0.00664305 0.00491378 0.00430757 0.00358888 0.00362129 0.00361445 0.00356335 0.00359294 0.00360179 0 0.0549173 0.00875246 0.00821881 0.00788407 0.00738386 0.00818607 0.0168197 
0.00929618 0.00943501 0.00871496 0.00887729 0.00881531 0.00907083 0.00888418 0.00891162 0.00896083 0.00859382 0.00904605 0.0112322 0.00888449 0.0093115 0.00861015 0.00913301 0.00904086 0.00893259 0.00874326 0.00919525 0.0145336 0.00847896 0.00902208 0.00853428 0.00877248 0.0107154 0.0145315 0.0092375 0.0119361 0.00917131 0.00862723 0.00850946 0.0151726 0.00878867 0.00919536 0.00918522 0.00995472 0.00880355 0.00960159 0.00905663 0.0229088 0.00993028 0.00836753 0.00857687 0.00832346 0.00920421 0.00795048 0.00913973 0.00857188 0.00844514 0.00948506 0.0133643 0.0549173 0 0.00377876 0.00360827 0.00359713 0.00365359 0.00368965 0.00563258 
0.00835949 0.00844721 0.00854839 0.00878995 0.0088478 0.00906617 0.00895735 0.00865836 0.0085105 0.0083445 0.00833675 0.00842485 0.00828508 0.00833792 0.00876361 0.00909061 0.00942664 0.00971362 0.00892057 0.00879335 0.008395 0.00823835 0.00821264 0.0082677 0.00866008 0.00851705 0.00908307 0.0113588 0.00896537 0.00896665 0.00869513 0.0100979 0.00865775 0.00908208 0.00906612 0.00931232 0.00898824 0.00972007 0.00847152 0.00978331 0.00840796 0.00824834 0.00855505 0.00834723 0.00986727 0.00848248 0.0109752 0.0102286 0.00885678 0.00945476 0.0102659 0.0391498 0.00875246 0.00377876 0 0.0035463 0.0035518 0.00354776 0.00484526 0.00362369 
0.00827348 0.00842736 0.0092689 0.0093336 0.009931 0.0097658 0.00968734 0.00948113 0.00891751 0.00859368 0.00826126 0.00818991 0.00836867 0.00844894 0.00947836 0.0103192 0.0109039 0.0110293 0.0101992 0.00879235 0.00847319 0.00821351 0.00817344 0.00827975 0.00848605 0.00838759 0.00949258 0.00902532 0.00959071 0.0093664 0.00970757 0.00899811 0.00919769 0.00925964 0.00978135 0.0109551 0.00995286 0.00899695 0.00881951 0.00848542 0.00818701 0.00805535 0.00811026 0.00868692 0.00930067 0.0103137 0.0110255 0.00948339 0.0128287 0.0153973 0.02948 0.00970964 0.00821881 0.00360827 0.0035463 0 0.00357198 0.00365385 0.00357226 0.00353959 
0.00827293 0.00853032 0.00902397 0.0101637 0.00972225 0.0101483 0.0100283 0.00966272 0.00922757 0.00848486 0.00827361 0.0081716 0.00815234 0.00872075 0.00947188 0.0120068 0.011634 0.0121689 0.0108428 0.00866582 0.00840301 0.00819818 0.00814874 0.00832353 0.00854134 0.00830678 0.00957378 0.00863009 0.0109051 0.011214 0.00910677 0.00893194 0.00903363 0.00920159 0.0109962 0.0101357 0.00997649 0.00901966 0.00890886 0.0084311 0.00831874 0.00795458 0.00812738 0.00945039 0.00941843 0.0114245 0.00929545 0.0118652 0.0122995 0.025378 0.0137378 0.00902741 0.00788407 0.00359713 0.0035518 0.00357198 0 0.00360362 0.00354464 0.00355029 
0.00844303 0.00868078 0.0109656 0.0105589 0.0110863 0.0110524 0.0116693 0.0105051 0.00920829 0.00877904 0.00831202 0.00810485 0.00843225 0.00866128 0.0118176 0.0119076 0.0147226 0.0148798 0.0116316 0.00905198 0.00842148 0.00820189 0.00828577 0.00859146 0.00864731 0.00852549 0.00881337 0.0112222 0.0119968 0.010695 0.00968418 0.0097515 0.00956482 0.0114787 0.0121168 0.0135061 0.00967612 0.0106038 0.00863022 0.00874136 0.00817618 0.00807238 0.00877803 0.0142459 0.0139558 0.010592 0.0156616 0.0143546 0.0279363 0.0147676 0.00957622 0.0103018 0.00738386 0.00365359 0.00354776 0.00365385 0.00360362 0 0.00354018 0.00354358 
0.00879996 0.00963002 0.00920412 0.0099659 0.0101356 0.010599 0.0106816 0.00990449 0.00908167 0.00869139 0.00845646 0.00825621 0.00880312 0.00966688 0.00961888 0.011806 0.011466 0.0128901 0.010769 0.00969603 0.00868115 0.00849305 0.00859018 0.00868617 0.0104111 0.0084399 0.010891 0.0116293 0.010789 0.00990176 0.00922507 0.00954353 0.00954818 0.0106878 0.0118898 0.0109742 0.00992177 0.00907088 0.00896037 0.00904826 0.00863439 0.00901997 0.0100701 0.010436 0.011279 0.0130988 0.0130086 0.0246418 0.0194332 0.0128803 0.0105538 0.0150622 0.00818607 0.00368965 0.00484526 0.00357226 0.00354464 0.00354018 0 0.00354542 
0.00960456 0.00905242 0.00887848 0.00906074 0.00904412 0.00924386 0.0092172 0.00884513 0.00898325 0.00837613 0.00829976 0.00864639 0.01082 0.00926421 0.00899735 0.00938203 0.00960783 0.00921687 0.00938121 0.00872375 0.00981372 0.0100197 0.00860423 0.0133636 0.00870626 0.00868294 0.0363953 0.00941394 0.0096878 0.00939195 0.00886818 0.00925293 0.00953435 0.00964949 0.00998054 0.00956865 0.00979805 0.00872384 0.00967504 0.00842763 0.00995153 0.0270641 0.00907897 0.00976867 0.00941659 0.0148343 0.0135966 0.0149205 0.0116297 0.0124726 0.0105661 0.00793475 0.0168197 0.00563258 0.00362369 0.00353959 0.00355029 0.00354358 0.00354542 0 
