1KWAA
RSRLVQFQKNTDEPMGITLKMNELNHCIVARIMHGGMIHRQGTLHVGDEIREINGISVANQTVEQLQKMLREMRGSITFKIVPSYREF
CCEEEEEEECCCCCCCEEEECCCHHHEEEEEECCCCHHHHHCCCCCCCEEEEECCEEHHHCCHHHHHHHHHHCCEEEEEEEECCCCCC
0 0 0 0 0 0 0 0 0 0 0 0 0 0 0 0 0 0 0 0 0 0 0 0 0 0 0 0 0 0 0 0 0 0 0 0 0 0 0 0 0 0 0 0 0 0 0 0 0 0 0 0 0 0 0 0 0 0 0 0 0 0 0 0 0 0 0 0 0 0 0 0 0 0 0 0 0 0 0 0 0 0 0 0 0 0 0 0 
0 0 0 0 0 0 0 0 0 0 0 0 0 0 0 0 0 0 0 0 0 0 0 0 0 0 0 0 0 0 0 0 0 0 0 0 0 0 0 0 0 0 0 0 0 0 0 0 0 0 0 0 0 0 0 0 0 0 0 0 0 0 0 0 0 0 0 0 0 0 0 0 0 0 0 0 0 0 0 0 0 0 0 0 0 0 0 0 
0 0.00407808 0.00375628 0.00388293 0.00379903 0.00501787 0.00919989 0.0115157 0.00960245 0.0148188 0.0279321 0.0139917 0.0104271 0.0135857 0.0104625 0.0137433 0.0233874 0.0199216 0.0104771 0.00929625 0.0124648 0.0169856 0.00989948 0.0138125 0.00991755 0.00968281 0.009413 0.00996024 0.0105551 0.00988441 0.0216941 0.0130229 
0.00407808 0 0.00364287 0.0036227 0.00359732 0.00416108 0.00378472 0.00700722 0.0162745 0.0129594 0.0173192 0.00892724 0.0365677 0.0095741 0.013811 0.0206021 0.00943221 0.0139803 0.0103147 0.0102345 0.0143978 0.00959246 0.0091363 0.0103248 0.00849741 0.0126364 0.00881875 0.0174523 0.00891546 0.0515116 0.0103233 0.0114528 
0.00375628 0.00364287 0 0.00355893 0.00395728 0.00357188 0.00365115 0.00816904 0.00765127 0.023903 0.0102699 0.0187029 0.0084252 0.0399635 0.0161566 0.00924865 0.0131013 0.00893718 0.0242711 0.0117636 0.00931519 0.0148046 0.00921557 0.00849151 0.0106144 0.00849312 0.0378801 0.00860798 0.118656 0.0090933 0.0238032 0.00845658 
0.00388293 0.0036227 0.00355893 0 0.00357214 0.00374385 0.00355802 0.00665092 0.018656 0.0113362 0.105125 0.00745001 0.0297642 0.0103517 0.0162587 0.0215289 0.00839387 0.0227021 0.00899834 0.0153719 0.0232842 0.00845215 0.00852499 0.0106524 0.0083896 0.0230874 0.00857154 0.12859 0.00881912 0.0652277 0.00879363 0.0124068 
0.00379903 0.00359732 0.00395728 0.00357214 0 0.0035402 0.00363239 0.010714 0.00742617 0.10997 0.00856562 0.0141463 0.00833989 0.0299877 0.0109661 0.00891859 0.0141708 0.00874671 0.02491 0.0104716 0.00899536 0.0139416 0.00908334 0.00839079 0.0106758 0.0083963 0.0611947 0.00869583 0.0476538 0.00873705 0.0232533 0.0085171 
0.00501787 0.00416108 0.00357188 0.00374385 0.0035402 0 0.00368605 0.00741177 0.161208 0.0157319 0.00859448 0.00705594 0.018794 0.00828951 0.00927237 0.0162953 0.00836266 0.0315149 0.00941856 0.00914887 0.0150203 0.00851003 0.00892451 0.012301 0.00834743 0.0315963 0.00860745 0.0153154 0.0085289 0.0150699 0.00871071 0.0093364 
0.00919989 0.00378472 0.00365115 0.00355802 0.00363239 0.00368605 0 0.11277 0.0119744 0.00700788 0.00719824 0.0200629 0.0079428 0.00914898 0.00850741 0.00837284 0.0169315 0.0156317 0.0116618 0.00869872 0.00856435 0.0118555 0.0126228 0.00856697 0.0246824 0.00864172 0.0112633 0.00853816 0.0114976 0.00858442 0.00976272 0.00863236 
0.0115157 0.00700722 0.00816904 0.00665092 0.010714 0.00741177 0.11277 0 0.00364019 0.0036435 0.00379676 0.00553469 0.0053949 0.0101145 0.0111297 0.0338647 0.441063 0.013542 0.0142367 0.00932241 0.0102544 0.0311678 0.0107953 0.0152158 0.0111803 0.00879495 0.0121144 0.0089536 0.0161458 0.00927874 0.0148761 0.0142214 
0.00960245 0.0162745 0.00765127 0.018656 0.00742617 0.161208 0.0119744 0.00364019 0 0.00361273 0.0036179 0.00412199 0.010558 0.00811273 0.0353609 0.344887 0.00830092 0.0210522 0.0110575 0.0130592 0.0239975 0.0093385 0.00923705 0.011563 0.0086721 0.017202 0.00907575 0.0247664 0.00928163 0.0339067 0.0108589 0.0144668 
0.0148188 0.0129594 0.023903 0.0113362 0.10997 0.0157319 0.00700788 0.0036435 0.00361273 0 0.00361867 0.00862128 0.00616599 0.140358 0.0196506 0.00810788 0.00926064 0.00962568 0.0407149 0.0116316 0.0131871 0.0140801 0.00946481 0.00913617 0.0109779 0.00916687 0.0185681 0.00919621 0.0288631 0.00950137 0.0362865 0.00895658 
0.0279321 0.0173192 0.0102699 0.105125 0.00856562 0.00859448 0.00719824 0.00379676 0.0036179 0.00361867 0 0.00795172 0.16163 0.00669688 0.00617165 0.00728957 0.0106623 0.0292419 0.0103315 0.0094374 0.0127478 0.00978055 0.0127719 0.0135079 0.0112655 0.012299 0.00890447 0.0164076 0.00905118 0.0137014 0.00893945 0.0142987 
0.0139917 0.00892724 0.0187029 0.00745001 0.0141463 0.00705594 0.0200629 0.00553469 0.00412199 0.00862128 0.00795172 0 0.00359588 0.00368911 0.00359942 0.00366505 0.00438512 0.00850275 0.014608 0.00902918 0.0094726 0.0609816 0.00988759 0.011246 0.0149461 0.00855656 0.0176063 0.00860239 0.0277431 0.00890841 0.0234885 0.0114563 
0.0104271 0.0365677 0.0084252 0.0297642 0.00833989 0.018794 0.0079428 0.0053949 0.010558 0.00616599 0.16163 0.00359588 0 0.00357225 0.00355225 0.00361167 0.00357465 0.090912 0.0091311 0.0102767 0.0241266 0.0116527 0.00893868 0.0123469 0.0087891 0.0216815 0.00881291 0.0271946 0.00911741 0.0356074 0.0100894 0.0118952 
0.0135857 0.0095741 0.0399635 0.0103517 0.0299877 0.00828951 0.00914898 0.0101145 0.00811273 0.140358 0.00669688 0.00368911 0.00357225 0 0.00361256 0.00354956 0.00435479 0.00980051 0.0408089 0.0115145 0.0109274 0.0127299 0.00892037 0.00829115 0.0109739 0.00875687 0.0321453 0.00986395 0.0439977 0.010145 0.0243936 0.00888548 
0.0104625 0.013811 0.0161566 0.0162587 0.0109661 0.00927237 0.00850741 0.0111297 0.0353609 0.0196506 0.00617165 0.00359942 0.00355225 0.00361256 0 0.00358834 0.00357159 0.014257 0.0216231 0.0214973 0.0136745 0.0101742 0.00829283 0.00849263 0.00911819 0.0107193 0.0130599 0.0143748 0.0160929 0.0173895 0.0119394 0.00948194 
0.0137433 0.0206021 0.00924865 0.0215289 0.00891859 0.0162953 0.00837284 0.0338647 0.344887 0.00810788 0.00728957 0.00366505 0.00361167 0.00354956 0.00358834 0 0.00356012 0.0212093 0.0162746 0.0132048 0.0550567 0.00895732 0.00883717 0.0113151 0.00900876 0.0160664 0.00894928 0.0187401 0.00925661 0.0213817 0.0102152 0.0103123 
0.0233874 0.00943221 0.0131013 0.00839387 0.0141708 0.00836266 0.0169315 0.441063 0.00830092 0.00926064 0.0106623 0.00438512 0.00357465 0.00435479 0.00357159 0.00356012 0 0.0159737 0.0197681 0.0105566 0.0094947 0.0416928 0.0138673 0.0100519 0.0215105 0.00858187 0.0134574 0.00866426 0.0172065 0.00872811 0.0144697 0.00917144 
0.0199216 0.0139803 0.00893718 0.0227021 0.00874671 0.0315149 0.0156317 0.013542 0.0210522 0.00962568 0.0292419 0.00850275 0.090912 0.00980051 0.014257 0.0212093 0.0159737 0 0.00361693 0.00358652 0.00394829 0.00480745 0.00456645 0.0131595 0.0130867 0.0238282 0.00955024 0.0254544 0.00911375 0.0331759 0.00995274 0.0689156 
0.0104771 0.0103147 0.0242711 0.00899834 0.02491 0.00941856 0.0116618 0.0142367 0.0110575 0.0407149 0.0103315 0.014608 0.0091311 0.0408089 0.0216231 0.0162746 0.0197681 0.00361693 0 0.00357104 0.0047865 0.00679892 0.00393325 0.00416614 0.0203397 0.01042 0.0297571 0.008663 0.0328995 0.00888513 0.112312 0.00971215 
0.00929625 0.0102345 0.0117636 0.0153719 0.0104716 0.00914887 0.00869872 0.00932241 0.0130592 0.0116316 0.0094374 0.00902918 0.0102767 0.0115145 0.0214973 0.0132048 0.0105566 0.00358652 0.00357104 0 0.00356886 0.00357649 0.00371258 0.00682908 0.0149394 0.010895 0.0110483 0.0157679 0.0128196 0.0190813 0.0104754 0.009366 
0.0124648 0.0143978 0.00931519 0.0232842 0.00899536 0.0150203 0.00856435 0.0102544 0.0239975 0.0131871 0.0127478 0.0094726 0.0241266 0.0109274 0.0136745 0.0550567 0.0094947 0.00394829 0.0047865 0.00356886 0 0.00358776 0.00384658 0.891148 0.00879072 0.0199396 0.00928164 0.0247885 0.0101508 0.0233095 0.01001 0.0120963 
0.0169856 0.00959246 0.0148046 0.00845215 0.0139416 0.00851003 0.0118555 0.0311678 0.0093385 0.0140801 0.00978055 0.0609816 0.0116527 0.0127299 0.0101742 0.00895732 0.0416928 0.00480745 0.00679892 0.00357649 0.00358776 0 0.97822 0.00372357 0.0201264 0.0085897 0.0169649 0.00853599 0.024126 0.00857203 0.0192672 0.0094146 
0.00989948 0.0091363 0.00921557 0.00852499 0.00908334 0.00892451 0.0126228 0.0107953 0.00923705 0.00946481 0.0127719 0.00988759 0.00893868 0.00892037 0.00829283 0.00883717 0.0138673 0.00456645 0.00393325 0.00371258 0.00384658 0.97822 0 0.00393213 0.00867537 0.00878419 0.0106007 0.00816336 0.0108612 0.0087358 0.0126751 0.01247 
0.0138125 0.0103248 0.00849151 0.0106524 0.00839079 0.012301 0.00856697 0.0152158 0.011563 0.00913617 0.0135079 0.011246 0.0123469 0.00829115 0.00849263 0.0113151 0.0100519 0.0131595 0.00416614 0.00682908 0.891148 0.00372357 0.00393213 0 0.00897261 0.0133755 0.00732217 0.012333 0.00778932 0.0132346 0.00835821 0.0158657 
0.00991755 0.00849741 0.0106144 0.0083896 0.0106758 0.00834743 0.0246824 0.0111803 0.0086721 0.0109779 0.0112655 0.0149461 0.0087891 0.0109739 0.00911819 0.00900876 0.0215105 0.0130867 0.0203397 0.0149394 0.00879072 0.0201264 0.00867537 0.00897261 0 0.003661 0.00397821 0.00363699 0.00452938 0.00371565 0.00508817 0.00949613 
0.00968281 0.0126364 0.00849312 0.0230874 0.0083963 0.0315963 0.00864172 0.00879495 0.017202 0.00916687 0.012299 0.00855656 0.0216815 0.00875687 0.0107193 0.0160664 0.00858187 0.0238282 0.01042 0.010895 0.0199396 0.0085897 0.00878419 0.0133755 0.003661 0 0.00356826 0.00374411 0.00354711 0.004242 0.00371788 0.00487174 
0.009413 0.00881875 0.0378801 0.00857154 0.0611947 0.00860745 0.0112633 0.0121144 0.00907575 0.0185681 0.00890447 0.0176063 0.00881291 0.0321453 0.0130599 0.00894928 0.0134574 0.00955024 0.0297571 0.0110483 0.00928164 0.0169649 0.0106007 0.00732217 0.00397821 0.00356826 0 0.00356278 0.00424792 0.00361138 0.00448842 0.00373747 
0.00996024 0.0174523 0.00860798 0.12859 0.00869583 0.0153154 0.00853816 0.0089536 0.0247664 0.00919621 0.0164076 0.00860239 0.0271946 0.00986395 0.0143748 0.0187401 0.00866426 0.0254544 0.008663 0.0157679 0.0247885 0.00853599 0.00816336 0.012333 0.00363699 0.00374411 0.00356278 0 0.00357383 0.00454772 0.00361128 0.00410115 
0.0105551 0.00891546 0.118656 0.00881912 0.0476538 0.0085289 0.0114976 0.0161458 0.00928163 0.0288631 0.00905118 0.0277431 0.00911741 0.0439977 0.0160929 0.00925661 0.0172065 0.00911375 0.0328995 0.0128196 0.0101508 0.024126 0.0108612 0.00778932 0.00452938 0.00354711 0.00424792 0.00357383 0 0.00358538 0.00421312 0.00358592 
0.00988441 0.0515116 0.0090933 0.0652277 0.00873705 0.0150699 0.00858442 0.00927874 0.0339067 0.00950137 0.0137014 0.00890841 0.0356074 0.010145 0.0173895 0.0213817 0.00872811 0.0331759 0.00888513 0.0190813 0.0233095 0.00857203 0.0087358 0.0132346 0.00371565 0.004242 0.00361138 0.00454772 0.00358538 0 0.00355758 0.00384191 
0.0216941 0.0103233 0.0238032 0.00879363 0.0232533 0.00871071 0.00976272 0.0148761 0.0108589 0.0362865 0.00893945 0.0234885 0.0100894 0.0243936 0.0119394 0.0102152 0.0144697 0.00995274 0.112312 0.0104754 0.01001 0.0192672 0.0126751 0.00835821 0.00508817 0.00371788 0.00448842 0.00361128 0.00421312 0.00355758 0 0.00355405 
0.0130229 0.0114528 0.00845658 0.0124068 0.0085171 0.0093364 0.00863236 0.0142214 0.0144668 0.00895658 0.0142987 0.0114563 0.0118952 0.00888548 0.00948194 0.0103123 0.00917144 0.0689156 0.00971215 0.009366 0.0120963 0.0094146 0.01247 0.0158657 0.00949613 0.00487174 0.00373747 0.00410115 0.00358592 0.00384191 0.00355405 0 
