1KXRA
NAIKYLGQDYENLRARCLQNGVLFQDDAFPPVSHSLGFKELGPNSSKTYGIKWKRPTELLSNPQFIVDGATRTDICQGALGDSWLLAAIASLTLNETILHRVVPYGQSFQEGYAGIFHFQLWQFGEWVDVVVDDLLPTKDGKLVFVHSAQGNEFWSALLEKAYAKVNGSYEALSGGCTSEAFEDFTGGVTEWYDLQKAPSDLYQIILKALERGSLLGCSINISDIRDLEAITFKNLVRGHAYSVTDAKQVTYQGQRVNLIRMRNPWGEVEWKGPWSDNSYEWNKVDPYEREQLRVKMEDGEFWMSFRDFIREFTKLEICN
CCEEHHHCCHHHHHHHHHHCCCCCCCCCCCCCHHHHCCCCCCCCCHHHCCCEEECHHHHCCCCECCCCCCCHHHCECCCCCCHHHHHHHHHHCCCHHHHHHHCCCCCCCCCCCCCEEEEEEEECCEEEEEEEECCEEEECCEECCCECCCCCECHHHHHHHHHHHHHCCCHHHCCCCHHHHHHHHHCCCEEEEEHHHCCCCHHHHHHHHHHCCCEEEEECCCCCCCCCCEECCCCCEECCCEEEEEEEEEEECCEEEEEEEEECCCCCCCCCCCCCCCCHHHHHCCHHHHHHHCCCCCCCEEEEEHHHHHHHCCEEEEEC
0 0 0 0 0 0 0 0 0 0 0 0 0 0 0 0 0 0 0 0 0 0 0 0 0 0 0 0 0 0 0 0 0 0 0 0 0 0 0 0 0 0 0 0 0 0 0 0 0 0 0 0 0 0 0 0 0 0 0 0 0 0 0 0 0 0 0 0 0 0 0 0 0 0 0 0 0 0 0 0 0 0 0 0 0 0 0 0 0 0 0 0 0 0 0 0 0 0 0 0 0 0 0 0 0 0 0 0 0 0 0 0 0 0 0 0 0 0 0 0 0 0 0 0 0 0 0 0 0 0 0 0 0 0 0 0 0 0 0 0 0 0 0 0 0 0 0 0 0 0 0 0 0 0 0 0 0 0 0 0 0 0 0 0 0 0 0 0 0 0 0 0 0 0 0 0 0 0 0 0 0 0 0 0 0 0 0 0 0 0 0 0 0 0 0 0 0 0 0 0 0 0 0 0 0 0 0 0 0 0 0 0 0 0 0 0 0 0 0 0 0 0 0 0 0 0 0 0 0 0 0 0 0 0 0 0 0 0 0 0 0 0 0 0 0 0 0 0 0 0 0 0 0 0 0 0 0 0 0 0 0 0 0 0 0 0 0 0 0 0 0 0 0 0 0 0 0 0 0 0 0 0 0 0 0 0 0 0 0 0 0 0 0 0 0 0 0 0 0 0 0 0 0 0 0 0 0 0 0 0 0 0 0 0 0 0 0 0 0 0 
0 0 0 0 0 0 0 0 0 0 0 0 0 0 0 0 0 0 0 0 0 0 0 0 0 0 0 0 0 0 0 0 0 0 0 0 0 0 0 0 0 0 0 0 0 0 0 0 0 0 0 0 0 0 0 0 0 0 0 0 0 0 0 0 0 0 0 0 0 0 0 0 0 0 0 0 0 0 0 0 0 0 0 0 0 0 0 0 0 0 0 0 0 0 0 0 0 0 0 0 0 0 0 0 0 0 0 0 0 0 0 0 0 0 0 0 0 0 0 0 0 0 0 0 0 0 0 0 0 0 0 0 0 0 0 0 0 0 0 0 0 0 0 0 0 0 0 0 0 0 0 0 0 0 0 0 0 0 0 0 0 0 0 0 0 0 0 0 0 0 0 0 0 0 0 0 0 0 0 0 0 0 0 0 0 0 0 0 0 0 0 0 0 0 0 0 0 0 0 0 0 0 0 0 0 0 0 0 0 0 0 0 0 0 0 0 0 0 0 0 0 0 0 0 0 0 0 0 0 0 0 0 0 0 0 0 0 0 0 0 0 0 0 0 0 0 0 0 0 0 0 0 0 0 0 0 0 0 0 0 0 0 0 0 0 0 0 0 0 0 0 0 0 0 0 0 0 0 0 0 0 0 0 0 0 0 0 0 0 0 0 0 0 0 0 0 0 0 0 0 0 0 0 0 0 0 0 0 0 0 0 0 0 0 0 0 0 0 0 0 
0 0.00694569 0.0138416 0.0163043 0.0216879 0.014391 0.0114054 0.00857611 0.00843388 0.0082341 0.00841395 0.00820547 0.00827063 0.00876978 0.00827051 0.00828379 0.00823497 0.00818568 0.00832601 0.00856984 0.00847545 0.00855637 0.00883433 0.00826692 0.00828672 0.00834909 0.00834208 0.00850025 0.00846291 0.00873924 0.00953173 0.00845052 0.00809634 0.00813265 0.00815458 0.0083981 0.00820372 0.00822607 0.00823152 0.00816078 0.0083307 0.00831875 0.00824645 0.00820134 0.00814346 0.00824415 0.00837913 0.00828371 0.00822057 0.0082975 0.00825914 0.0081764 0.00822391 0.00825146 0.00822884 0.00838678 0.00816214 0.00831427 0.00828705 0.0082467 0.00837896 0.00826334 0.00827751 0.00832073 0.0084973 0.00833152 0.00832128 0.00830001 0.00837041 0.00853386 0.00844807 0.00860412 0.00843394 0.00845356 0.0086555 
0.00694569 0 0.0232252 0.0137875 0.0199343 0.0154439 0.0129066 0.00969142 0.00865248 0.00838845 0.00832928 0.00828948 0.00822611 0.00836873 0.00808294 0.00862434 0.00836484 0.00814476 0.00829829 0.00838195 0.00844514 0.00836438 0.00836701 0.00883791 0.00828153 0.00825195 0.00819067 0.00894972 0.00831397 0.00913002 0.008763 0.00854345 0.00815664 0.00810125 0.00811346 0.00873109 0.00847814 0.00819266 0.00817061 0.00818036 0.00825853 0.0085622 0.00828646 0.00853077 0.00827073 0.00848293 0.00830007 0.00809904 0.00813181 0.00813077 0.00809617 0.00811043 0.00808059 0.00809775 0.00812862 0.00813744 0.00829295 0.00815259 0.00810629 0.00822475 0.00817853 0.00818305 0.00820193 0.00818473 0.00817143 0.00846415 0.00833668 0.00832069 0.00838239 0.00836993 0.00858565 0.00851682 0.00840343 0.00847232 0.00827128 
0.0138416 0.0232252 0 0.00361332 0.00495482 0.011127 0.0110607 0.0122155 0.00868741 0.0120649 0.00870536 0.0103773 0.00840445 0.00998973 0.00884292 0.00941373 0.0082922 0.00854154 0.00950975 0.00917502 0.0101048 0.00940408 0.0121388 0.0086386 0.00841363 0.00860265 0.00954932 0.00942002 0.00855629 0.00986408 0.00907485 0.00843175 0.00804362 0.00825129 0.00810339 0.00940713 0.00825168 0.0081216 0.00830017 0.00814538 0.00887881 0.00828694 0.00822527 0.00813748 0.00819164 0.00815123 0.00826187 0.00825525 0.00819834 0.00823175 0.00813915 0.00816315 0.00821881 0.00813481 0.00839213 0.0081517 0.00829271 0.00825361 0.00811371 0.00887101 0.0082276 0.00815239 0.00829036 0.00822367 0.00842768 0.00813337 0.00815504 0.00824684 0.00821155 0.00837748 0.00831926 0.00826611 0.00832703 0.00825742 0.00848758 
0.0163043 0.0137875 0.00361332 0 0.00360601 0.00698638 0.0104843 0.00972933 0.020746 0.00897006 0.0152205 0.00877807 0.011767 0.00898648 0.00889866 0.00809637 0.010679 0.00884863 0.00928474 0.0112454 0.0101955 0.0166907 0.00903795 0.00865075 0.00911186 0.00962659 0.00834715 0.00822679 0.0100118 0.00816574 0.00816741 0.00809248 0.00830986 0.00822614 0.00861856 0.00825132 0.00813886 0.00852506 0.0084786 0.00857265 0.0082505 0.00819598 0.00833307 0.00819328 0.00824391 0.00826121 0.00848319 0.00842347 0.00845467 0.00840739 0.00844527 0.00828388 0.00828618 0.0083311 0.00827771 0.00836403 0.00809127 0.00823902 0.00864306 0.00828458 0.00851657 0.00837842 0.00840013 0.00839075 0.00825936 0.00826721 0.00839401 0.00841167 0.00841434 0.00813076 0.0083131 0.00868625 0.00848292 0.00847849 0.00841257 
0.0216879 0.0199343 0.00495482 0.00360601 0 0.0179544 0.0126618 0.0254352 0.00924494 0.0125891 0.00933212 0.0106369 0.00906072 0.00971556 0.00858031 0.0121613 0.00906458 0.00900504 0.0093241 0.00986312 0.0104338 0.00985349 0.01105 0.011492 0.00881722 0.00880726 0.0084453 0.00971829 0.00892205 0.0104618 0.00934408 0.00928913 0.00815683 0.0082357 0.00829425 0.00896806 0.00900254 0.00832705 0.00832077 0.00826035 0.00839736 0.00831559 0.00817965 0.00832846 0.00811628 0.00896002 0.00838674 0.00821806 0.00820666 0.00830101 0.00814046 0.00816123 0.00814625 0.00815547 0.00822696 0.00812529 0.00842607 0.0082139 0.00812893 0.00825758 0.00820761 0.00816566 0.00816499 0.00821286 0.00822376 0.00841175 0.00831235 0.0083648 0.00814253 0.0083354 0.00885074 0.00848278 0.00845147 0.00825457 0.00885103 
0.014391 0.0154439 0.011127 0.00698638 0.0179544 0 0.286462 0.012791 0.00935606 0.00890002 0.00890658 0.00874718 0.00849219 0.00896211 0.0108118 0.010078 0.0086403 0.00853465 0.00880778 0.00899393 0.0091502 0.0104002 0.0124576 0.010511 0.00846355 0.00884863 0.00976148 0.010524 0.0106514 0.0133809 0.0151801 0.00846871 0.00802747 0.00802904 0.00814449 0.00898876 0.00864824 0.00805992 0.00806369 0.00811737 0.00908833 0.0084943 0.0085185 0.0083996 0.00829248 0.00831497 0.00806614 0.00804758 0.00807098 0.00809023 0.00805593 0.00803723 0.00804978 0.008036 0.00808174 0.00829512 0.00812372 0.0081158 0.00803628 0.00840706 0.00809278 0.00807473 0.00806129 0.00810531 0.0084242 0.00807198 0.00809004 0.00815513 0.00821464 0.00820287 0.00828307 0.00821132 0.00820959 0.00823181 0.00863966 
0.0114054 0.0129066 0.0110607 0.0104843 0.0126618 0.286462 0 0.0199507 0.0100635 0.0115039 0.00971723 0.00997196 0.0091617 0.00982721 0.0151743 0.0091675 0.00895799 0.0091499 0.0096294 0.0101903 0.00950434 0.0109976 0.0157454 0.0111636 0.00878656 0.00915025 0.0101487 0.0103974 0.0116892 0.0211502 0.0184084 0.0083426 0.00805037 0.00810801 0.00831648 0.00947656 0.00845435 0.00817474 0.00830056 0.0082427 0.00905373 0.00844348 0.00841287 0.00841247 0.00847489 0.00830409 0.00816485 0.00813448 0.00812637 0.00811728 0.00809623 0.00810137 0.00815718 0.00808087 0.00813651 0.00842866 0.00808139 0.00812455 0.00812166 0.00823984 0.00822876 0.00817997 0.00810652 0.00816356 0.00856027 0.00813372 0.00812746 0.00812302 0.00823781 0.00838263 0.00819966 0.00825492 0.0081543 0.00830354 0.00859284 
0.00857611 0.00969142 0.0122155 0.00972933 0.0254352 0.012791 0.0199507 0 0.004168 0.00359836 0.00355506 0.00359399 0.0035897 0.00365256 0.00567886 0.00578623 0.00656404 0.00703645 0.0117395 0.00979095 0.0132366 0.016301 0.94155 0.0115418 0.0101184 0.0128206 0.0171416 0.0111277 0.016962 0.0138817 0.0129291 0.00853808 0.00843453 0.00848696 0.0091367 0.0151186 0.0089747 0.00909358 0.00974367 0.00964664 0.0120175 0.00822881 0.00851745 0.00827346 0.00873213 0.00914909 0.00890097 0.0087502 0.00878696 0.00856721 0.00846433 0.00836273 0.00843978 0.00852224 0.008456 0.0086925 0.0082107 0.00823119 0.00827684 0.00868573 0.00870174 0.0088378 0.00864891 0.00865303 0.00924423 0.00828096 0.00832889 0.00837524 0.00832764 0.00822089 0.008362 0.00854443 0.00846112 0.00841863 0.00880374 
0.00843388 0.00865248 0.00868741 0.020746 0.00924494 0.00935606 0.0100635 0.004168 0 0.00358206 0.00356748 0.0035754 0.00374127 0.00400155 0.0037633 0.00550148 0.00745081 0.00755935 0.00800481 0.0155182 0.0158979 0.95576 0.0152024 0.00923144 0.0119165 0.0167394 0.00973854 0.009035 0.0117996 0.00922627 0.00916855 0.00839892 0.00904492 0.00884907 0.0125594 0.00872394 0.00897578 0.0125185 0.0112824 0.0153246 0.00884504 0.00838731 0.00833314 0.00844363 0.008454 0.00891913 0.0096147 0.01046 0.00991953 0.00944409 0.00908444 0.00897181 0.00896879 0.00912208 0.00881117 0.00872541 0.00818599 0.00833249 0.00871047 0.00887134 0.00984279 0.00942197 0.00948259 0.0103009 0.00850059 0.00829467 0.00864445 0.00883762 0.00926398 0.00835606 0.00832108 0.00888405 0.00911145 0.00899552 0.00878311 
0.0082341 0.00838845 0.0120649 0.00897006 0.0125891 0.00890002 0.0115039 0.00359836 0.00358206 0 0.00354724 0.00358285 0.00354775 0.00357212 0.00360705 0.00481274 0.00651094 0.00668526 0.0133878 0.0131315 0.959007 0.0195384 0.0104311 0.0092484 0.0110381 0.00981931 0.00930812 0.00868293 0.00920034 0.00899138 0.00863538 0.00853107 0.00921154 0.0128006 0.00877543 0.0108386 0.00886312 0.012654 0.0297998 0.0100088 0.0104908 0.00818809 0.00820546 0.00830943 0.00831652 0.00865 0.0110012 0.0107837 0.0149893 0.0126008 0.00974075 0.00998792 0.00966647 0.00906065 0.0101598 0.00850894 0.00813333 0.00862727 0.00862342 0.0122407 0.0101461 0.0121706 0.0144638 0.00895963 0.00851477 0.00831041 0.00873513 0.00962317 0.00854416 0.0086207 0.00824325 0.00874146 0.00983065 0.00872955 0.00928712 
0.00841395 0.00832928 0.00870536 0.0152205 0.00933212 0.00890658 0.00971723 0.00355506 0.00356748 0.00354724 0 0.00354505 0.00354899 0.00356738 0.00382682 0.00366421 0.0059634 0.00876146 0.00819537 0.980595 0.0162725 0.0129237 0.00824044 0.00970799 0.00961384 0.00893574 0.00887171 0.00820695 0.0104341 0.00857868 0.00851486 0.00865411 0.0100527 0.0093135 0.0134828 0.00876345 0.00956807 0.0177154 0.0145936 0.0199751 0.00885416 0.00842694 0.00826927 0.00842038 0.00838017 0.00912956 0.00999791 0.0197503 0.0114079 0.0110329 0.0113591 0.00915429 0.00909281 0.0113776 0.00867868 0.00956579 0.008255 0.00834032 0.01064 0.00916478 0.0130517 0.0119375 0.00971341 0.0105282 0.00889658 0.00846548 0.0090752 0.00889879 0.00898157 0.00833946 0.00836146 0.00930288 0.0090838 0.00901541 0.0103521 
0.00820547 0.00828948 0.0103773 0.00877807 0.0106369 0.00874718 0.00997196 0.00359399 0.0035754 0.00358285 0.00354505 0 0.00350472 0.00355869 0.0035431 0.00364735 0.00675564 0.00741007 0.975976 0.0112024 0.0155963 0.00857309 0.0073032 0.00705592 0.00808779 0.00964169 0.00877742 0.00886229 0.00824935 0.00882119 0.00839633 0.00868427 0.0089896 0.0112624 0.00874004 0.00990087 0.00883175 0.0114154 0.0252414 0.00921149 0.0094684 0.0082182 0.00811656 0.00821452 0.00827 0.00865467 0.0108223 0.00977831 0.0150835 0.0113534 0.00894531 0.00920034 0.00943812 0.008637 0.00896919 0.0082521 0.0081417 0.00859365 0.00854914 0.0121752 0.00947305 0.00977993 0.0122676 0.00872617 0.00841775 0.00828507 0.00850221 0.0090998 0.00847847 0.0083443 0.00825853 0.00854782 0.00907236 0.00851588 0.00901473 
0.00827063 0.00822611 0.00840445 0.011767 0.00906072 0.00849219 0.0091617 0.0035897 0.00374127 0.00354775 0.00354899 0.00350472 0 0.00354199 0.00356963 0.00360063 0.00675462 0.962488 0.00771095 0.0161189 0.00855318 0.0105848 0.00679316 0.00726598 0.00790102 0.00937031 0.00788065 0.00771989 0.00931953 0.00812706 0.00827961 0.00843953 0.00931174 0.00933825 0.0105126 0.00849479 0.00881867 0.0120163 0.0117555 0.0122374 0.00866762 0.00824593 0.00829825 0.00822333 0.00832718 0.0085846 0.00919829 0.0140708 0.00986413 0.00964083 0.00964311 0.00883422 0.00884737 0.00970455 0.00843593 0.00874204 0.00811841 0.00829776 0.00984624 0.00876856 0.0103647 0.0101058 0.00907747 0.00988986 0.00839385 0.00834891 0.00871057 0.00883745 0.00866653 0.00824584 0.00830521 0.00908675 0.00880319 0.00877401 0.00927104 
0.00876978 0.00836873 0.00998973 0.00898648 0.00971556 0.00896211 0.00982721 0.00365256 0.00400155 0.00357212 0.00356738 0.00355869 0.00354199 0 0.00354544 0.00416588 0.992744 0.00412908 0.00876363 0.00555782 0.0157195 0.00727283 0.00676568 0.00717297 0.0185785 0.00789012 0.00739726 0.00931718 0.00980717 0.00924993 0.00867334 0.00907317 0.00962117 0.00945456 0.00877324 0.0094819 0.00867656 0.00953465 0.0109532 0.00917931 0.00874421 0.00841353 0.00830809 0.00851917 0.00823285 0.00884014 0.0109105 0.0087102 0.00948419 0.00878868 0.00850576 0.00847841 0.00858271 0.00845579 0.00883181 0.00823735 0.00812017 0.00843951 0.00827078 0.00917774 0.008651 0.00883962 0.00917891 0.00852951 0.00821609 0.00827201 0.00839609 0.00882026 0.00861583 0.00827723 0.00822874 0.00853045 0.00860181 0.00837257 0.00830473 
0.00827051 0.00808294 0.00884292 0.00889866 0.00858031 0.0108118 0.0151743 0.00567886 0.0037633 0.00360705 0.00382682 0.0035431 0.00356963 0.00354544 0 0.998462 0.00404936 0.00416699 0.00395532 0.00512357 0.00503581 0.00684337 0.0072386 0.010749 0.00694238 0.00765282 0.0067606 0.00872839 0.0104556 0.0100776 0.0108538 0.00958216 0.00853219 0.00825106 0.00856356 0.00831205 0.0109525 0.00867829 0.00863968 0.00900837 0.00832049 0.00842884 0.0082456 0.00847947 0.00813715 0.0101227 0.00832028 0.00847617 0.00833107 0.00828957 0.00826221 0.00818259 0.00814281 0.00831647 0.00817069 0.00833142 0.0084347 0.00809416 0.00834752 0.00829468 0.00834827 0.00839081 0.00830979 0.00826644 0.00833205 0.00851036 0.00821005 0.0084557 0.00819 0.00822229 0.0082337 0.008361 0.00816252 0.00815299 0.00828563 
0.00828379 0.00862434 0.00941373 0.00809637 0.0121613 0.010078 0.0091675 0.00578623 0.00550148 0.00481274 0.00366421 0.00364735 0.00360063 0.00416588 0.998462 0 0.00357581 0.00355013 0.00356209 0.00359742 0.00363217 0.00371123 0.00456074 0.00531981 0.00592975 0.00578825 0.00966028 0.00778179 0.00893292 0.0118596 0.0102684 0.00871904 0.00824476 0.00830648 0.00839674 0.0124508 0.00842705 0.00828457 0.00843153 0.00834226 0.0101724 0.00825065 0.00829556 0.00811591 0.00828376 0.00830665 0.00829195 0.00817133 0.00829796 0.0082538 0.00813046 0.00814978 0.00813563 0.00807268 0.0082376 0.00821039 0.00825503 0.0080649 0.00801119 0.00864136 0.0081391 0.00821334 0.00825092 0.00823256 0.00846206 0.00844358 0.00804029 0.00818915 0.00814519 0.0082851 0.00834053 0.00813261 0.00832519 0.00818589 0.00822602 
0.00823497 0.00836484 0.0082922 0.010679 0.00906458 0.0086403 0.00895799 0.00656404 0.00745081 0.00651094 0.0059634 0.00675564 0.00675462 0.992744 0.00404936 0.00357581 0 0.00359084 0.00355434 0.00358522 0.00363745 0.00471469 0.00506034 0.00529591 0.00589036 0.0144033 0.00788625 0.00958888 0.0111402 0.00870179 0.00828759 0.00839161 0.00869463 0.00856123 0.0098754 0.00882567 0.00841002 0.00953881 0.00940522 0.0105241 0.00865701 0.00820126 0.00838326 0.0081591 0.00836471 0.00860166 0.00890949 0.00888649 0.0088095 0.00861385 0.00862757 0.0085141 0.00840064 0.00853909 0.00847353 0.00854879 0.00805701 0.00814893 0.00840313 0.0086195 0.00887741 0.00879501 0.00875364 0.00874566 0.00842218 0.00825137 0.00846426 0.0086814 0.00854115 0.00822699 0.00830503 0.00866238 0.00860591 0.00866443 0.0088076 
0.00818568 0.00814476 0.00854154 0.00884863 0.00900504 0.00853465 0.0091499 0.00703645 0.00755935 0.00668526 0.00876146 0.00741007 0.962488 0.00412908 0.00416699 0.00355013 0.00359084 0 0.0035511 0.00357502 0.00358469 0.00362381 0.00369845 0.00496241 0.00620573 0.00608352 0.00989143 0.00671086 0.0104372 0.00788052 0.00801405 0.00860561 0.00905566 0.0100679 0.00940062 0.00859606 0.00900854 0.0114292 0.0170282 0.0120675 0.00885841 0.00819494 0.00815132 0.00820437 0.00816129 0.00862057 0.00973542 0.0122161 0.0113305 0.010486 0.0101346 0.00901419 0.00903881 0.00955721 0.0087191 0.00851308 0.00809228 0.00831136 0.00899657 0.00940778 0.0102132 0.0114244 0.0107034 0.0093651 0.00847256 0.00826446 0.0086148 0.00923609 0.00867634 0.00824093 0.00826245 0.00887778 0.00904427 0.00878096 0.00959262 
0.00832601 0.00829829 0.00950975 0.00928474 0.0093241 0.00880778 0.0096294 0.0117395 0.00800481 0.0133878 0.00819537 0.975976 0.00771095 0.00876363 0.00395532 0.00356209 0.00355434 0.0035511 0 0.00356236 0.00358933 0.00359263 0.0035868 0.0043844 0.00530503 0.00627886 0.0251114 0.00883382 0.00775449 0.00800392 0.00872511 0.00917972 0.011137 0.0149941 0.00922384 0.00979252 0.00997419 0.0178359 0.037594 0.0116025 0.00993058 0.00828659 0.00824226 0.0083588 0.00841109 0.00933786 0.0130898 0.0137948 0.0180657 0.0163809 0.0100045 0.0111995 0.0113088 0.00965712 0.0103547 0.00872874 0.00822497 0.00885268 0.00894919 0.0146224 0.0119944 0.013051 0.0172199 0.00963924 0.00985811 0.00851682 0.00901218 0.0104925 0.0088137 0.00845039 0.00841047 0.00919452 0.00964937 0.00893394 0.0102131 
0.00856984 0.00838195 0.00917502 0.0112454 0.00986312 0.00899393 0.0101903 0.00979095 0.0155182 0.0131315 0.980595 0.0112024 0.0161189 0.00555782 0.00512357 0.00359742 0.00358522 0.00357502 0.00356236 0 0.00361989 0.00363061 0.00359206 0.00415549 0.00597887 0.0131296 0.0508102 0.00768995 0.00926486 0.0085479 0.00932899 0.00973399 0.0142939 0.0123109 0.0132488 0.00926287 0.0120933 0.0269589 0.0279009 0.0240551 0.00988829 0.00845609 0.00832901 0.00865025 0.0085891 0.00995729 0.0139767 0.0290401 0.018661 0.0148539 0.0141091 0.0107001 0.0107179 0.0132176 0.00941899 0.00933648 0.00846697 0.00855864 0.0114128 0.0128222 0.0164149 0.0226356 0.0121978 0.0123615 0.00905274 0.00860152 0.00943905 0.00994803 0.0095026 0.00851533 0.00860181 0.00974416 0.010121 0.00939591 0.0101125 
0.00847545 0.00844514 0.0101048 0.0101955 0.0104338 0.0091502 0.00950434 0.0132366 0.0158979 0.959007 0.0162725 0.0155963 0.00855318 0.0157195 0.00503581 0.00363217 0.00363745 0.00358469 0.00358933 0.00361989 0 0.00364984 0.00357023 0.00941604 0.0235152 0.0566216 0.0103179 0.00737293 0.00840789 0.00907284 0.00827333 0.00950915 0.0117847 0.020097 0.0100022 0.0101802 0.0111027 0.0230007 0.0584302 0.0144784 0.0115412 0.00855633 0.00834422 0.00865849 0.00849259 0.00982409 0.0152816 0.0179741 0.0225491 0.016208 0.0104298 0.0115131 0.0118083 0.0105378 0.010126 0.00895491 0.00830756 0.00909729 0.00923805 0.0208159 0.0155512 0.0143049 0.0197754 0.0101315 0.0097632 0.00861817 0.00930577 0.0109403 0.00912877 0.00893697 0.00855075 0.00938567 0.0102815 0.00915609 0.00959928 
0.00855637 0.00836438 0.00940408 0.0166907 0.00985349 0.0104002 0.0109976 0.016301 0.95576 0.0195384 0.0129237 0.00857309 0.0105848 0.00727283 0.00684337 0.00371123 0.00471469 0.00362381 0.00359263 0.00363061 0.00364984 0 0.00374581 0.0118109 0.0721284 0.0172246 0.00701007 0.00786794 0.0371763 0.00947024 0.0108692 0.0109099 0.012322 0.0096572 0.0138964 0.00953655 0.0121164 0.0212401 0.0154267 0.0304832 0.00973651 0.00881772 0.00845692 0.00928879 0.00868425 0.0104517 0.0117637 0.0156947 0.0117114 0.010013 0.00999905 0.00909255 0.00956216 0.00966675 0.00915713 0.0101851 0.00866509 0.00863949 0.00937425 0.0101161 0.0121202 0.0115578 0.0111016 0.0130217 0.0088599 0.00844961 0.00946034 0.00959166 0.00943842 0.00844167 0.00843849 0.00925603 0.0097045 0.00911717 0.00910021 
0.00883433 0.00836701 0.0121388 0.00903795 0.01105 0.0124576 0.0157454 0.94155 0.0152024 0.0104311 0.00824044 0.0073032 0.00679316 0.00676568 0.0072386 0.00456074 0.00506034 0.00369845 0.0035868 0.00359206 0.00357023 0.00374581 0 0.165273 0.00723428 0.00530549 0.00440213 0.012783 0.0106185 0.0139317 0.0115053 0.013536 0.00900803 0.00903441 0.00922816 0.0134814 0.0168866 0.0112376 0.0139139 0.0110402 0.0147207 0.00901228 0.00850944 0.00994841 0.00855245 0.014277 0.00979404 0.0097121 0.00944085 0.00926609 0.00896039 0.0085645 0.008621 0.00875506 0.00906397 0.00948717 0.0090082 0.00825311 0.00863253 0.0103889 0.00929444 0.00936291 0.0101816 0.0090105 0.00977455 0.00871619 0.00850875 0.00908739 0.00848095 0.00875135 0.0085341 0.00859982 0.00871946 0.00856844 0.0114469 
0.00826692 0.00883791 0.0086386 0.00865075 0.011492 0.010511 0.0111636 0.0115418 0.00923144 0.0092484 0.00970799 0.00705592 0.00726598 0.00717297 0.010749 0.00531981 0.00529591 0.00496241 0.0043844 0.00415549 0.00941604 0.0118109 0.165273 0 0.00363678 0.00360997 0.00436257 0.00412704 0.0109227 0.00912303 0.0143623 0.00963377 0.00873151 0.00877273 0.0093526 0.0149819 0.0092729 0.00973708 0.00983752 0.00968921 0.0115465 0.00829905 0.00887376 0.00832455 0.00866691 0.00908644 0.00891159 0.0087588 0.00869351 0.00853757 0.00838031 0.00830564 0.0083257 0.00838274 0.00835089 0.00927188 0.0081701 0.00814543 0.00843356 0.00853884 0.00868006 0.00866484 0.00871086 0.00895904 0.00956154 0.00844165 0.00824758 0.0083902 0.00839071 0.00831981 0.00829758 0.00848027 0.00841734 0.00849404 0.00861726 
0.00828672 0.00828153 0.00841363 0.00911186 0.00881722 0.00846355 0.00878656 0.0101184 0.0119165 0.0110381 0.00961384 0.00808779 0.00790102 0.0185785 0.00694238 0.00592975 0.00589036 0.00620573 0.00530503 0.00597887 0.0235152 0.0721284 0.00723428 0.00363678 0 0.00358264 0.0037055 0.00394 0.0126672 0.0253464 0.00628537 0.00922384 0.00925634 0.0093428 0.0106296 0.00911948 0.00882594 0.00973234 0.0103911 0.0103223 0.00864471 0.00828172 0.00828849 0.00834296 0.00827959 0.00863203 0.00906145 0.00908719 0.00913538 0.00880564 0.0086001 0.00843184 0.00847293 0.00848478 0.00843164 0.00829018 0.0081653 0.00827698 0.00840128 0.00875923 0.00893265 0.00896185 0.00893235 0.00876128 0.00831601 0.0083001 0.00844696 0.00863297 0.00850646 0.00823914 0.00822448 0.00865158 0.00866231 0.00852823 0.00828073 
0.00834909 0.00825195 0.00860265 0.00962659 0.00880726 0.00884863 0.00915025 0.0128206 0.0167394 0.00981931 0.00893574 0.00964169 0.00937031 0.00789012 0.00765282 0.00578825 0.0144033 0.00608352 0.00627886 0.0131296 0.0566216 0.0172246 0.00530549 0.00360997 0.00358264 0 0.00360167 0.00400261 0.969251 0.00595196 0.00691131 0.0100366 0.00958277 0.0088247 0.00975676 0.00898538 0.00988529 0.0102707 0.0100391 0.0108469 0.00883375 0.00844638 0.00848714 0.00848181 0.00835035 0.00876099 0.00923265 0.00896543 0.0088471 0.00861333 0.00864526 0.00839572 0.00837904 0.00856004 0.00846082 0.00859876 0.00824624 0.00825888 0.00847683 0.00932257 0.00890757 0.0087949 0.00891073 0.0088634 0.0083532 0.00821556 0.00845286 0.00880074 0.00943944 0.00830198 0.00823494 0.00851682 0.00858659 0.00846355 0.00834749 
0.00834208 0.00819067 0.00954932 0.00834715 0.0084453 0.00976148 0.0101487 0.0171416 0.00973854 0.00930812 0.00887171 0.00877742 0.00788065 0.00739726 0.0067606 0.00966028 0.00788625 0.00989143 0.0251114 0.0508102 0.0103179 0.00701007 0.00440213 0.00436257 0.0037055 0.00360167 0 0.984152 0.00880717 0.00659002 0.00862714 0.0115852 0.0086721 0.00850061 0.00855529 0.00881789 0.0122609 0.0087658 0.00883979 0.00865726 0.00840841 0.00881686 0.00827904 0.00898282 0.00808527 0.0104145 0.0083662 0.0084845 0.00839256 0.00840933 0.00827116 0.00813393 0.00812044 0.00823517 0.00820839 0.0081325 0.00856851 0.00813135 0.00817687 0.0082491 0.00830904 0.00838426 0.00827615 0.00825823 0.00826738 0.00832869 0.0082145 0.00824283 0.00820501 0.00815355 0.00828741 0.00821885 0.00818916 0.00819138 0.00817521 
0.00850025 0.00894972 0.00942002 0.00822679 0.00971829 0.010524 0.0103974 0.0111277 0.009035 0.00868293 0.00820695 0.00886229 0.00771989 0.00931718 0.00872839 0.00778179 0.00958888 0.00671086 0.00883382 0.00768995 0.00737293 0.00786794 0.012783 0.00412704 0.00394 0.00400261 0.984152 0 0.00768945 0.0113742 0.0118559 0.0110431 0.00883504 0.00848866 0.00871352 0.0152638 0.00903028 0.00849037 0.00849915 0.00860449 0.0114491 0.00884642 0.00905009 0.00856104 0.00884325 0.00855816 0.0086838 0.00819309 0.00843415 0.00822132 0.00815443 0.0081316 0.0082535 0.00805466 0.00870531 0.0084114 0.00818107 0.00823703 0.00802913 0.00905151 0.0081418 0.00819549 0.00829158 0.00828537 0.00888094 0.00826328 0.00805777 0.0081486 0.008232 0.00851178 0.00826947 0.00815768 0.00823222 0.00812169 0.00836567 
0.00846291 0.00831397 0.00855629 0.0100118 0.00892205 0.0106514 0.0116892 0.016962 0.0117996 0.00920034 0.0104341 0.00824935 0.00931953 0.00980717 0.0104556 0.00893292 0.0111402 0.0104372 0.00775449 0.00926486 0.00840789 0.0371763 0.0106185 0.0109227 0.0126672 0.969251 0.00880717 0.00768945 0 0.0172014 0.00985486 0.0120146 0.00899341 0.00853409 0.0109026 0.00947764 0.0115741 0.00973857 0.0087746 0.00997478 0.00918136 0.00989402 0.00875238 0.0103762 0.00850965 0.00980009 0.00855406 0.00871984 0.00843122 0.00838946 0.00845801 0.00822494 0.00814724 0.00847051 0.00829813 0.00887781 0.00850239 0.00814443 0.00895354 0.00829634 0.00849075 0.00841455 0.0083303 0.00888175 0.0084986 0.00820216 0.00830399 0.00840982 0.00841716 0.00823634 0.00826948 0.00865782 0.00827233 0.00830346 0.00836326 
0.00873924 0.00913002 0.00986408 0.00816574 0.0104618 0.0133809 0.0211502 0.0138817 0.00922627 0.00899138 0.00857868 0.00882119 0.00812706 0.00924993 0.0100776 0.0118596 0.00870179 0.00788052 0.00800392 0.0085479 0.00907284 0.00947024 0.0139317 0.00912303 0.0253464 0.00595196 0.00659002 0.0113742 0.0172014 0 0.429764 0.0121767 0.00858247 0.00887784 0.0093298 0.0164193 0.0116372 0.0087737 0.00864214 0.00870213 0.0128702 0.00949489 0.0094335 0.00966178 0.00896953 0.0103832 0.00866849 0.00818567 0.00833655 0.00821337 0.00811506 0.00808618 0.00815805 0.00810751 0.00833391 0.00861964 0.00893661 0.00821534 0.00809164 0.00864494 0.00813123 0.00819264 0.008208 0.00813598 0.00903815 0.00841132 0.00803281 0.00808914 0.00817136 0.00845674 0.00846366 0.0081287 0.00809228 0.00812258 0.00850762 
0.00953173 0.008763 0.00907485 0.00816741 0.00934408 0.0151801 0.0184084 0.0129291 0.00916855 0.00863538 0.00851486 0.00839633 0.00827961 0.00867334 0.0108538 0.0102684 0.00828759 0.00801405 0.00872511 0.00932899 0.00827333 0.0108692 0.0115053 0.0143623 0.00628537 0.00691131 0.00862714 0.0118559 0.00985486 0.429764 0 0.0154054 0.00854192 0.00895456 0.0162369 0.0166808 0.0113129 0.00870861 0.0084125 0.0089733 0.0103348 0.0101747 0.00912443 0.0104344 0.00883642 0.0102281 0.00840503 0.00819352 0.00832995 0.00819545 0.00813889 0.00806284 0.00807739 0.00807047 0.00849699 0.00877477 0.00864794 0.00811511 0.0080793 0.00812772 0.00815175 0.00808698 0.00824631 0.0082815 0.00910464 0.00832595 0.00810542 0.00812083 0.00821355 0.00868662 0.00861877 0.00816694 0.00818175 0.0081817 0.00854577 
0.00845052 0.00854345 0.00843175 0.00809248 0.00928913 0.00846871 0.0083426 0.00853808 0.00839892 0.00853107 0.00865411 0.00868427 0.00843953 0.00907317 0.00958216 0.00871904 0.00839161 0.00860561 0.00917972 0.00973399 0.00950915 0.0109099 0.013536 0.00963377 0.00922384 0.0100366 0.0115852 0.0110431 0.0120146 0.0121767 0.0154054 0 0.00456418 0.00366579 0.00418728 0.00610929 0.0198713 0.00851502 0.00926168 0.0089964 0.0224733 0.0113448 0.0127081 0.0103269 0.0100541 0.00936586 0.00882582 0.00864176 0.00873709 0.00877092 0.00858165 0.00836514 0.00861904 0.00853803 0.00917342 0.0104172 0.00850557 0.00850872 0.00839709 0.00893225 0.0084818 0.00863899 0.0086295 0.00855826 0.012209 0.00809619 0.00810036 0.00819838 0.00839215 0.00943939 0.00824077 0.00813513 0.00827656 0.00840856 0.00876143 
0.00809634 0.00815664 0.00804362 0.00830986 0.00815683 0.00802747 0.00805037 0.00843453 0.00904492 0.00921154 0.0100527 0.0089896 0.00931174 0.00962117 0.00853219 0.00824476 0.00869463 0.00905566 0.011137 0.0142939 0.0117847 0.012322 0.00900803 0.00873151 0.00925634 0.00958277 0.0086721 0.00883504 0.00899341 0.00858247 0.00854192 0.00456418 0 0.00368936 0.0035828 0.0035633 0.0105082 0.020142 0.0093464 0.0191435 0.00888503 0.0094872 0.00897264 0.00897604 0.0086162 0.0090702 0.0114046 0.00963704 0.0102496 0.00919704 0.00889948 0.00868428 0.0088134 0.00911516 0.00927371 0.00863257 0.00823041 0.00828595 0.00870008 0.00911567 0.00964544 0.00923817 0.00958726 0.0104079 0.00862544 0.00815013 0.00835059 0.00841148 0.00867702 0.0083164 0.00814097 0.00852005 0.0083677 0.00870057 0.008298 
0.00813265 0.00810125 0.00825129 0.00822614 0.0082357 0.00802904 0.00810801 0.00848696 0.00884907 0.0128006 0.0093135 0.0112624 0.00933825 0.00945456 0.00825106 0.00830648 0.00856123 0.0100679 0.0149941 0.0123109 0.020097 0.0096572 0.00903441 0.00877273 0.0093428 0.0088247 0.00850061 0.00848866 0.00853409 0.00887784 0.00895456 0.00366579 0.00368936 0 0.00355423 0.00357292 0.00994788 0.0118845 0.040121 0.00890681 0.00966323 0.0087675 0.0086898 0.00858737 0.00851763 0.00900873 0.0101173 0.0105222 0.0115929 0.00990543 0.00901786 0.00917769 0.00963761 0.00923092 0.00917533 0.00851335 0.0082358 0.00861104 0.00870606 0.0114661 0.0092361 0.0113094 0.0136692 0.00878454 0.00874009 0.0082133 0.00832334 0.00957046 0.00855785 0.00843467 0.00818076 0.00832627 0.0101094 0.00847402 0.00850847 
0.00815458 0.00811346 0.00810339 0.00861856 0.00829425 0.00814449 0.00831648 0.0091367 0.0125594 0.00877543 0.0134828 0.00874004 0.0105126 0.00877324 0.00856356 0.00839674 0.0098754 0.00940062 0.00922384 0.0132488 0.0100022 0.0138964 0.00922816 0.0093526 0.0106296 0.00975676 0.00855529 0.00871352 0.0109026 0.0093298 0.0162369 0.00418728 0.0035828 0.00355423 0 0.00357075 0.0102993 0.0260676 0.0143813 0.0513463 0.00876462 0.00950948 0.00977222 0.0096209 0.00883946 0.00999555 0.0105116 0.0143455 0.00921249 0.00949533 0.00965726 0.00876627 0.00877723 0.00968673 0.00889984 0.0100059 0.00902305 0.00861491 0.0105617 0.00851023 0.0106659 0.0102283 0.00910437 0.0116148 0.00871876 0.00836485 0.0100784 0.00852197 0.00968617 0.00844657 0.00831195 0.00954139 0.00867162 0.00879126 0.00847186 
0.0083981 0.00873109 0.00940713 0.00825132 0.00896806 0.00898876 0.00947656 0.0151186 0.00872394 0.0108386 0.00876345 0.00990087 0.00849479 0.0094819 0.00831205 0.0124508 0.00882567 0.00859606 0.00979252 0.00926287 0.0101802 0.00953655 0.0134814 0.0149819 0.00911948 0.00898538 0.00881789 0.0152638 0.00947764 0.0164193 0.0166808 0.00610929 0.0035633 0.00357292 0.00357075 0 0.0259868 0.00992511 0.0178369 0.0105003 0.0532029 0.013045 0.00911667 0.012068 0.00978347 0.0162531 0.0119537 0.00909859 0.0100235 0.00972327 0.00867872 0.00875544 0.00903497 0.00851193 0.0114615 0.00863053 0.0115019 0.00918453 0.0082358 0.0112973 0.00895312 0.00893839 0.0113041 0.00877547 0.0097392 0.00988726 0.0084602 0.00900178 0.00848262 0.00961124 0.0101862 0.00838738 0.00915986 0.00849868 0.00855253 
0.00820372 0.00847814 0.00825168 0.00813886 0.00900254 0.00864824 0.00845435 0.0089747 0.00897578 0.00886312 0.00956807 0.00883175 0.00881867 0.00867656 0.0109525 0.00842705 0.00841002 0.00900854 0.00997419 0.0120933 0.0111027 0.0121164 0.0168866 0.0092729 0.00882594 0.00988529 0.0122609 0.00903028 0.0115741 0.0116372 0.0113129 0.0198713 0.0105082 0.00994788 0.0102993 0.0259868 0 0.00378527 0.00362205 0.00363858 0.00438128 0.0118411 0.0215377 0.0136489 0.015817 0.0166013 0.0128094 0.0120623 0.0123036 0.0148326 0.0106703 0.00957743 0.00976862 0.0108876 0.0116452 0.019078 0.0102059 0.00951773 0.0103575 0.0103954 0.0143272 0.0116481 0.010953 0.0165768 0.0254034 0.00904574 0.00862337 0.00886617 0.00941546 0.0123284 0.00921377 0.0090516 0.00913013 0.00997591 0.014618 
0.00822607 0.00819266 0.0081216 0.00852506 0.00832705 0.00805992 0.00817474 0.00909358 0.0125185 0.012654 0.0177154 0.0114154 0.0120163 0.00953465 0.00867829 0.00828457 0.00953881 0.0114292 0.0178359 0.0269589 0.0230007 0.0212401 0.0112376 0.00973708 0.00973234 0.0102707 0.0087658 0.00849037 0.00973857 0.0087737 0.00870861 0.00851502 0.020142 0.0118845 0.0260676 0.00992511 0.00378527 0 0.00359759 0.00359677 0.00374123 0.0115228 0.0128951 0.0117787 0.0105031 0.0120609 0.0250723 0.0199309 0.0292119 0.0135706 0.0123143 0.0104556 0.0121492 0.0142263 0.012013 0.0109961 0.00905426 0.00969966 0.0116147 0.0126944 0.0228078 0.0211717 0.0197587 0.0318903 0.0112439 0.00902866 0.0117657 0.0145524 0.0198825 0.00922853 0.00874191 0.0149161 0.0166295 0.0182732 0.0102569 
0.00823152 0.00817061 0.00830017 0.0084786 0.00832077 0.00806369 0.00830056 0.00974367 0.0112824 0.0297998 0.0145936 0.0252414 0.0117555 0.0109532 0.00863968 0.00843153 0.00940522 0.0170282 0.037594 0.0279009 0.0584302 0.0154267 0.0139139 0.00983752 0.0103911 0.0100391 0.00883979 0.00849915 0.0087746 0.00864214 0.0084125 0.00926168 0.0093464 0.040121 0.0143813 0.0178369 0.00362205 0.00359759 0 0.00354897 0.00357648 0.00978551 0.0164686 0.00968816 0.00937778 0.013109 0.0271458 0.0493065 0.0295073 0.0259712 0.0121971 0.0167418 0.0199283 0.0131083 0.0171081 0.00997116 0.00907899 0.0105389 0.010367 0.025601 0.0226611 0.0308167 0.0799805 0.0145661 0.0130595 0.0101374 0.0118491 0.0495414 0.0111699 0.0106957 0.00939449 0.0114407 0.0408111 0.013011 0.0125 
0.00816078 0.00818036 0.00814538 0.00857265 0.00826035 0.00811737 0.0082427 0.00964664 0.0153246 0.0100088 0.0199751 0.00921149 0.0122374 0.00917931 0.00900837 0.00834226 0.0105241 0.0120675 0.0116025 0.0240551 0.0144784 0.0304832 0.0110402 0.00968921 0.0103223 0.0108469 0.00865726 0.00860449 0.00997478 0.00870213 0.0089733 0.0089964 0.0191435 0.00890681 0.0513463 0.0105003 0.00363858 0.00359677 0.00354897 0 0.00357819 0.0290985 0.0289648 0.0125038 0.0167798 0.0134499 0.0426307 0.0301823 0.0150437 0.0134024 0.0164954 0.0101695 0.0106444 0.0159774 0.010902 0.0149132 0.00939387 0.00946455 0.0143052 0.00986273 0.0207479 0.0298746 0.0153447 0.0526963 0.0120692 0.00946631 0.0249022 0.0111709 0.0191227 0.00923271 0.00888783 0.0210538 0.0105401 0.0173664 0.0121753 
0.0083307 0.00825853 0.00887881 0.0082505 0.00839736 0.00908833 0.00905373 0.0120175 0.00884504 0.0104908 0.00885416 0.0094684 0.00866762 0.00874421 0.00832049 0.0101724 0.00865701 0.00885841 0.00993058 0.00988829 0.0115412 0.00973651 0.0147207 0.0115465 0.00864471 0.00883375 0.00840841 0.0114491 0.00918136 0.0128702 0.0103348 0.0224733 0.00888503 0.00966323 0.00876462 0.0532029 0.00438128 0.00374123 0.00357648 0.00357819 0 0.0135298 0.0121699 0.0207119 0.0153443 0.0508354 0.0136448 0.010271 0.0121708 0.0168985 0.00904377 0.00971319 0.00950834 0.00895361 0.0122184 0.0107386 0.0154683 0.00976898 0.00878741 0.0104399 0.0116986 0.0101669 0.01466 0.00977286 0.0174195 0.0155762 0.00893294 0.0101161 0.00914823 0.0104406 0.0151525 0.00899588 0.0105523 0.0092562 0.0106171 
0.00831875 0.0085622 0.00828694 0.00819598 0.00831559 0.0084943 0.00844348 0.00822881 0.00838731 0.00818809 0.00842694 0.0082182 0.00824593 0.00841353 0.00842884 0.00825065 0.00820126 0.00819494 0.00828659 0.00845609 0.00855633 0.00881772 0.00901228 0.00829905 0.00828172 0.00844638 0.00881686 0.00884642 0.00989402 0.00949489 0.0101747 0.0113448 0.0094872 0.0087675 0.00950948 0.013045 0.0118411 0.0115228 0.00978551 0.0290985 0.0135298 0 0.0112549 0.00699828 0.713245 0.0107624 0.0113733 0.00808094 0.0084535 0.00762928 0.00770523 0.00770529 0.00806188 0.00850269 0.0101704 0.0133734 0.0101094 0.0094661 0.00956438 0.0090931 0.00895088 0.00950649 0.00884927 0.0101319 0.0138333 0.008578 0.00848636 0.00845052 0.0086016 0.0092783 0.00866423 0.00884635 0.00840641 0.00885533 0.00938605 
0.00824645 0.00828646 0.00822527 0.00833307 0.00817965 0.0085185 0.00841287 0.00851745 0.00833314 0.00820546 0.00826927 0.00811656 0.00829825 0.00830809 0.0082456 0.00829556 0.00838326 0.00815132 0.00824226 0.00832901 0.00834422 0.00845692 0.00850944 0.00887376 0.00828849 0.00848714 0.00827904 0.00905009 0.00875238 0.0094335 0.00912443 0.0127081 0.00897264 0.0086898 0.00977222 0.00911667 0.0215377 0.0128951 0.0164686 0.0289648 0.0121699 0.0112549 0 0.790408 0.00594908 0.0120081 0.00877754 0.00921615 0.00786247 0.00772942 0.00797287 0.00768834 0.0077608 0.00840912 0.00974743 0.0110433 0.0110476 0.00891743 0.00930845 0.008651 0.00919012 0.00880645 0.00897795 0.0105516 0.00966852 0.00964003 0.00859708 0.00853068 0.00873409 0.00858041 0.00929591 0.0092932 0.0083948 0.008995 0.00897908 
0.00820134 0.00853077 0.00813748 0.00819328 0.00832846 0.0083996 0.00841247 0.00827346 0.00844363 0.00830943 0.00842038 0.00821452 0.00822333 0.00851917 0.00847947 0.00811591 0.0081591 0.00820437 0.0083588 0.00865025 0.00865849 0.00928879 0.00994841 0.00832455 0.00834296 0.00848181 0.00898282 0.00856104 0.0103762 0.00966178 0.0104344 0.0103269 0.00897604 0.00858737 0.0096209 0.012068 0.0136489 0.0117787 0.00968816 0.0125038 0.0207119 0.00699828 0.790408 0 0.0061296 0.00509693 0.0345214 0.0249476 0.00620122 0.00614888 0.00620602 0.00624097 0.00654031 0.00681694 0.00800794 0.0168296 0.00878918 0.00866726 0.00996172 0.00862302 0.00898517 0.00887095 0.00878121 0.0117772 0.0178736 0.00890191 0.00864852 0.00855659 0.00948831 0.00980382 0.00894483 0.00907364 0.00859444 0.00931161 0.011882 
0.00814346 0.00827073 0.00819164 0.00824391 0.00811628 0.00829248 0.00847489 0.00873213 0.008454 0.00831652 0.00838017 0.00827 0.00832718 0.00823285 0.00813715 0.00828376 0.00836471 0.00816129 0.00841109 0.0085891 0.00849259 0.00868425 0.00855245 0.00866691 0.00827959 0.00835035 0.00808527 0.00884325 0.00850965 0.00896953 0.00883642 0.0100541 0.0086162 0.00851763 0.00883946 0.00978347 0.015817 0.0105031 0.00937778 0.0167798 0.0153443 0.713245 0.00594908 0.0061296 0 0.0548159 0.00667228 0.00406788 0.00458305 0.00478193 0.00504581 0.00556942 0.00588469 0.00633813 0.00820659 0.00777102 0.0097666 0.00815836 0.00771887 0.00824 0.00847258 0.00833757 0.00911703 0.0112424 0.0103853 0.0104467 0.00873574 0.00937354 0.00886124 0.00912845 0.00988412 0.0089415 0.00875478 0.00911307 0.00902796 
0.00824415 0.00848293 0.00815123 0.00826121 0.00896002 0.00831497 0.00830409 0.00914909 0.00891913 0.00865 0.00912956 0.00865467 0.0085846 0.00884014 0.0101227 0.00830665 0.00860166 0.00862057 0.00933786 0.00995729 0.00982409 0.0104517 0.014277 0.00908644 0.00863203 0.00876099 0.0104145 0.00855816 0.00980009 0.0103832 0.0102281 0.00936586 0.0090702 0.00900873 0.00999555 0.0162531 0.0166013 0.0120609 0.013109 0.0134499 0.0508354 0.0107624 0.0120081 0.00509693 0.0548159 0 0.00362861 0.00362705 0.00360418 0.00362918 0.00362647 0.00367167 0.00411472 0.00499643 0.00590841 0.0133256 0.00790319 0.00717801 0.00812853 0.00834686 0.00902284 0.0100927 0.0126927 0.0134782 0.0310761 0.0148015 0.0134147 0.0100076 0.012028 0.0150953 0.0119447 0.0111323 0.0110348 0.0123741 0.0221267 
0.00837913 0.00830007 0.00826187 0.00848319 0.00838674 0.00806614 0.00816485 0.00890097 0.0096147 0.0110012 0.00999791 0.0108223 0.00919829 0.0109105 0.00832028 0.00829195 0.00890949 0.00973542 0.0130898 0.0139767 0.0152816 0.0117637 0.00979404 0.00891159 0.00906145 0.00923265 0.0083662 0.0086838 0.00855406 0.00866849 0.00840503 0.00882582 0.0114046 0.0101173 0.0105116 0.0119537 0.0128094 0.0250723 0.0271458 0.0426307 0.0136448 0.0113733 0.00877754 0.0345214 0.00667228 0.00362861 0 0.00356032 0.00358445 0.00359773 0.00358279 0.00374104 0.00380567 0.00395051 0.0125279 0.00646073 0.00618748 0.00847603 0.00718801 0.0121368 0.0106141 0.0108264 0.0217987 0.0208441 0.255804 0.0284233 0.0170253 0.0221668 0.0137228 0.0108155 0.0116493 0.0149616 0.0307855 0.0190884 0.0129384 
0.00828371 0.00809904 0.00825525 0.00842347 0.00821806 0.00804758 0.00813448 0.0087502 0.01046 0.0107837 0.0197503 0.00977831 0.0140708 0.0087102 0.00847617 0.00817133 0.00888649 0.0122161 0.0137948 0.0290401 0.0179741 0.0156947 0.0097121 0.0087588 0.00908719 0.00896543 0.0084845 0.00819309 0.00871984 0.00818567 0.00819352 0.00864176 0.00963704 0.0105222 0.0143455 0.00909859 0.0120623 0.0199309 0.0493065 0.0301823 0.010271 0.00808094 0.00921615 0.0249476 0.00406788 0.00362705 0.00356032 0 0.00356345 0.0035797 0.00357122 0.00366679 0.00373053 0.00564302 0.00411982 0.00629266 0.00676619 0.0064823 0.0116086 0.00772503 0.0147174 0.0137186 0.0119551 0.332121 0.27627 0.0116508 0.0252212 0.026211 0.0219846 0.00942872 0.00970411 0.0325604 0.0267945 0.0239485 0.0168651 
