1L1YC
GPTKAPTKDGTSYKDLFLELYGKIKDPKNGYFSPDEGIPYHSIETLIVEAPDYGHVTTSEAFSYYVWLEAMYGNLTGNWSGVETAWKVMEDWIIPDSTEQPGMSSYNPNSPATYADEYEDPSYYPSELKFDTVRVGSDPVHNDLVSAYGPNMYLMHWLMDVDNWYGFGTGTRATFINTFQRGEQESTWETIPHPSIEEFKYGGPNGFLDLFTKDRSYAKQWRYTNAPDAEGRAIQAVYWANKWAKEQGKGSAVASVVSKAAKMGDFLRNDMFDKYFMKIGAQDKTPATGYDSAHYLMAWYTAWGGGIGASWAWKIGCSHAHFGYQNPFQGWVSATQSDFAPKSSNGKRDWTTSYKRQLEFYQWLQSAEGGIAGGATNSWNGRYEKYPAGTSTFYGMAYVPHPVYADPGSNQWFGFQAWSMQRVMEYYLETGDSSVKNLIKKWVDWVMSEIKLYDDGTFAIPSDLEWSGQPDTWTGTYTGNPNLHVRVTSYGTDLGVAGSLANALATYAAATERWEGKLDTKARDMAAELVNRAWYNFYCSEGKGVVTEEARADYKRFFEQEVYVPAGWSGTMPNGDKIQPGIKFIDIRTKYRQDPYYDIVYQAYLRGEAPVLNYHRFWHEVDLAVAMGVLATYFPDMTYKVP
CCECCCCCCCCEHHHHHHHHHHHHHCHHHCCECCCCCCECCECCCCCCCCCCCCCEEEHHHHHHHHHHHHHHHHHHCCCHHHHHHHHHHHHHCCCCHHHCCCHHHCCCCCCCCCCCCCCCHHHCCEECCCCCCCCCCCCCHHHHHHHHCCCCCCCCCEEECCCCCCCCCCCCCEEEECCCCCCCCCHHHCCCEECEECCCCEECCECHHHCEECCCCCCEEEEECCHHHHHHHHHHHHHHHHHHHHCCCHHHCHHHHHHHHHHHHHHHHHHECCCCECCCCCCCCECCCCCCECCCCCCCCEEEEECCCCCEEEECCCEEEHHHCCHHHHHHHHHCHHHCCCCCCHHHHHHHHHHHHHHHHHHHECCCCCECCEEECCECCCCECCCCCCCEECCEEEECCCCCECCECCCECHHHHHHHHHHHHHHHHHCCHHHHHHHHHHHHHHHCCCEECCCCCEEEEEEEEEECCCCCCCCCCCCCCCCEEEEEEEECCHHHHHHHHHHHHHHHHHHHHHCCCCCHHHHHHHHHHHHHHHHHCEECCCCEECCCEECHHHHHHHHCECCCCCCCCEECCCCCEECCCCEHHHHCHHHHHCCCHHHHHHHHHCCCCCEECCCEHHHHHHHHHHHHHHHHHCCCCECCCC
0 0 0 0 0 0 0 0 0 0 0 0 0 0 0 0 0 0 0 0 0 0 0 0 0 0 0 0 0 0 0 0 0 0 0 0 0 0 0 0 0 0 0 0 0 0 0 0 0 0 0 0 0 0 0 0 0 0 0 0 0 0 0 0 0 0 0 0 0 0 0 0 0 0 0 0 0 0 0 0 0 0 0 0 0 0 0 0 0 0 0 0 0 0 0 0 0 0 0 0 0 0 0 0 0 0 0 0 0 0 0 0 0 0 0 0 0 0 0 0 0 0 0 0 0 0 0 0 0 0 0 0 0 0 0 0 0 0 0 0 0 0 0 0 0 0 0 0 0 0 0 0 0 0 0 0 0 0 0 0 0 0 0 0 0 0 0 0 0 0 0 0 0 0 0 0 0 0 0 0 0 0 0 0 0 0 0 0 0 0 0 0 0 0 0 0 0 0 0 0 0 0 0 0 0 0 0 0 0 0 0 0 0 0 0 0 0 0 0 0 0 0 0 0 0 0 0 0 0 0 0 0 0 0 0 0 0 0 0 0 0 0 0 0 0 0 0 0 0 0 0 0 0 0 0 0 0 0 0 0 0 0 0 0 0 0 0 0 0 0 0 0 0 0 0 0 0 0 0 0 0 0 0 0 0 0 0 0 0 0 0 0 0 0 0 0 0 0 0 0 0 0 0 0 0 0 0 0 0 0 0 0 0 0 0 0 0 0 0 0 0 0 0 0 0 0 0 0 0 0 0 0 0 0 0 0 0 0 0 0 0 0 0 0 0 0 0 0 0 0 0 0 0 0 0 0 0 0 0 0 0 0 0 0 0 0 0 0 0 0 0 0 0 0 0 0 0 0 0 0 0 0 0 0 0 0 0 0 0 0 0 0 0 0 0 0 0 0 0 0 0 0 0 0 0 0 0 0 0 0 0 0 0 0 0 0 0 0 0 0 0 0 0 0 0 0 0 0 0 0 0 0 0 0 0 0 0 0 0 0 0 0 0 0 0 0 0 0 0 0 0 0 0 0 0 0 0 0 0 0 0 0 0 0 0 0 0 0 0 0 0 0 0 0 0 0 0 0 0 0 0 0 0 0 0 0 0 0 0 0 0 0 0 0 0 0 0 0 0 0 0 0 0 0 0 0 0 0 0 0 0 0 0 0 0 0 0 0 0 0 0 0 0 0 0 0 0 0 0 0 0 0 0 0 0 0 0 0 0 0 0 0 0 0 0 0 0 0 0 0 0 0 0 0 0 0 0 0 0 0 0 0 0 0 0 0 0 0 0 0 0 0 0 0 0 0 0 0 0 0 0 0 0 0 0 0 0 0 0 0 0 0 0 0 0 0 0 0 0 0 0 0 0 0 0 0 0 0 0 0 0 0 0 0 0 0 0 0 0 0 0 0 0 0 0 0 0 0 0 0 0 0 0 0 0 0 0 0 0 0 0 0 
0 0 0 0 0 0 0 0 0 0 0 0 0 0 0 0 0 0 0 0 0 0 0 0 0 0 0 0 0 0 0 0 0 0 0 0 0 0 0 0 0 0 0 0 0 0 0 0 0 0 0 0 0 0 0 0 0 0 0 0 0 0 0 0 0 0 0 0 0 0 0 0 0 0 0 0 0 0 0 0 0 0 0 0 0 0 0 0 0 0 0 0 0 0 0 0 0 0 0 0 0 0 0 0 0 0 0 0 0 0 0 0 0 0 0 0 0 0 0 0 0 0 0 0 0 0 0 0 0 0 0 0 0 0 0 0 0 0 0 0 0 0 0 0 0 0 0 0 0 0 0 0 0 0 0 0 0 0 0 0 0 0 0 0 0 0 0 0 0 0 0 0 0 0 0 0 0 0 0 0 0 0 0 0 0 0 0 0 0 0 0 0 0 0 0 0 0 0 0 0 0 0 0 0 0 0 0 0 0 0 0 0 0 0 0 0 0 0 0 0 0 0 0 0 0 0 0 0 0 0 0 0 0 0 0 0 0 0 0 0 0 0 0 0 0 0 0 0 0 0 0 0 0 0 0 0 0 0 0 0 0 0 0 0 0 0 0 0 0 0 0 0 0 0 0 0 0 0 0 0 0 0 0 0 0 0 0 0 0 0 0 0 0 0 0 0 0 0 0 0 0 0 0 0 0 0 0 0 0 0 0 0 0 0 0 0 0 0 0 0 0 0 0 0 0 0 0 0 0 0 0 0 0 0 0 0 0 0 0 0 0 0 0 0 0 0 0 0 0 0 0 0 0 0 0 0 0 0 0 0 0 0 0 0 0 0 0 0 0 0 0 0 0 0 0 0 0 0 0 0 0 0 0 0 0 0 0 0 0 0 0 0 0 0 0 0 0 0 0 0 0 0 0 0 0 0 0 0 0 0 0 0 0 0 0 0 0 0 0 0 0 0 0 0 0 0 0 0 0 0 0 0 0 0 0 0 0 0 0 0 0 0 0 0 0 0 0 0 0 0 0 0 0 0 0 0 0 0 0 0 0 0 0 0 0 0 0 0 0 0 0 0 0 0 0 0 0 0 0 0 0 0 0 0 0 0 0 0 0 0 0 0 0 0 0 0 0 0 0 0 0 0 0 0 0 0 0 0 0 0 0 0 0 0 0 0 0 0 0 0 0 0 0 0 0 0 0 0 0 0 0 0 0 0 0 0 0 0 0 0 0 0 0 0 0 0 0 0 0 0 0 0 0 0 0 0 0 0 0 0 0 0 0 0 0 0 0 0 0 0 0 0 0 0 0 0 0 0 0 0 0 0 0 0 0 0 0 0 0 0 0 0 0 0 0 0 0 0 0 0 0 0 0 0 0 0 0 0 0 0 0 0 0 0 0 0 0 0 0 0 0 0 0 0 0 0 0 0 0 0 0 0 0 0 0 0 0 0 0 0 0 0 
0 0.259606 0.0515781 0.0330681 0.0300556 0.0138494 0.0101339 0.0163489 0.00913754 0.00912218 0.00852533 0.00811135 0.00908818 0.00924776 0.00821525 0.0082729 0.00870839 0.00832204 0.00814594 0.00851348 0.00858335 0.00877342 0.00849073 0.0103864 0.00906076 0.00894227 0.00853829 0.00816192 0.00812874 0.0082335 0.00898773 0.00943611 0.0104702 0.0103245 0.0097741 0.00882985 0.00841037 0.00827472 0.00831013 0.00944088 0.00885829 0.00841059 0.00861096 0.00919608 0.00882475 0.00855298 0.00895561 0.0094075 0.0145564 0.0106887 0.00971683 0.0119204 0.0123279 0.0161298 0.014728 0.0131801 0.0113728 0.00983586 0.0106069 0.0118696 0.0195064 0.0162789 0.0153368 0.0274827 0.0248144 0.0265749 0.0183394 0.0166981 0.016259 0.0152665 0.0166125 0.0205824 0.0198538 0.0186928 0.0240014 0.033162 0.0256005 0.0367009 0.0367613 0.0292538 0.0270246 0.0296195 0.0355355 0.070767 0.0823895 0.094519 0.100593 0.109276 0.108212 0.117592 0.125994 0.131869 0.167847 0.191071 0.142356 0.264826 0.284118 0.219323 0.384301 
0.259606 0 0.119341 0.0382649 0.0725082 0.0132095 0.0152993 0.0186599 0.00881213 0.00946407 0.00877963 0.00809176 0.0087934 0.00998202 0.00819296 0.00820015 0.00843209 0.00834047 0.00809768 0.00858455 0.00824632 0.00883891 0.00823818 0.0106771 0.0101145 0.00822792 0.00849494 0.00808214 0.00810512 0.0081218 0.00864344 0.00912833 0.00964341 0.00983856 0.00950408 0.00857607 0.00820131 0.00814396 0.00811953 0.00871674 0.00852533 0.0082545 0.00829661 0.00830981 0.00848006 0.00829909 0.0085638 0.0100764 0.0137212 0.0111014 0.00910158 0.010403 0.0104923 0.0145095 0.0150221 0.0103111 0.0102022 0.00930283 0.0100895 0.0100175 0.017725 0.0131637 0.0173468 0.020624 0.0186559 0.018073 0.0149889 0.0120719 0.0117324 0.011251 0.0141963 0.0113709 0.0180583 0.0120735 0.0199887 0.0265463 0.0172686 0.025228 0.0200769 0.0195963 0.0170781 0.0219507 0.0224616 0.0475291 0.046203 0.0567246 0.0550011 0.0668198 0.0691724 0.0741726 0.0796323 0.0848116 0.092685 0.102392 0.10284 0.171289 0.185617 0.136793 0.26836 
0.0515781 0.119341 0 0.903593 0.0508625 0.0201773 0.016743 0.0231479 0.0103077 0.00966353 0.00909714 0.00822731 0.00981213 0.00971602 0.0082717 0.00838174 0.00898985 0.00836262 0.00820817 0.00852239 0.0086334 0.00864601 0.00851063 0.0109686 0.00898611 0.00887083 0.00850533 0.00820035 0.00808149 0.00813331 0.00885457 0.00931671 0.00953703 0.0095783 0.00937999 0.0085634 0.00832662 0.00828252 0.00826903 0.00890664 0.0086124 0.00833661 0.00831736 0.00878846 0.00850951 0.00835382 0.00848943 0.00939754 0.0130538 0.0097535 0.00911782 0.0102312 0.0104721 0.0120059 0.0107531 0.0108191 0.00953801 0.00906414 0.00925321 0.0103254 0.0144371 0.0127355 0.0120341 0.0164817 0.0176535 0.0163941 0.013029 0.0124804 0.012145 0.01156 0.0116704 0.0148431 0.0131046 0.0134444 0.015194 0.0223049 0.0190702 0.020276 0.0239752 0.0174706 0.0187431 0.0191946 0.0237239 0.0445555 0.0426339 0.0561329 0.0563951 0.0569526 0.0631582 0.0712767 0.0720249 0.0861353 0.0984863 0.106777 0.0961328 0.158822 0.182011 0.129093 0.279681 
0.0330681 0.0382649 0.903593 0 0.0467714 0.0129496 0.0205485 0.0151796 0.00956159 0.00893933 0.00884612 0.00822592 0.00905438 0.00970083 0.00824159 0.0082071 0.00870891 0.00823078 0.00805917 0.00825354 0.00821761 0.00824429 0.00805397 0.0088515 0.00853323 0.00814617 0.00822612 0.00810586 0.00808838 0.00809252 0.00831505 0.00834403 0.0084161 0.00843828 0.00832929 0.00850375 0.00825668 0.00822712 0.00818399 0.00833874 0.0083822 0.00824159 0.00825448 0.00820591 0.00833413 0.00823358 0.00809463 0.00862897 0.0103255 0.00897339 0.00862745 0.00903613 0.00888706 0.00955597 0.00977866 0.0088571 0.00883957 0.00863531 0.0085201 0.00890936 0.0107393 0.00991067 0.0099325 0.013661 0.0111316 0.0122161 0.0107547 0.0106009 0.0100549 0.00948515 0.0100971 0.0105021 0.0115281 0.00996878 0.0113496 0.0170132 0.013354 0.0141355 0.0168204 0.0127691 0.0135804 0.0129507 0.0147689 0.0302966 0.0259985 0.0366885 0.0317573 0.0379355 0.0387694 0.0474398 0.0416748 0.0492813 0.0622173 0.0650565 0.0571743 0.109785 0.122739 0.0983819 0.208867 
0.0300556 0.0725082 0.0508625 0.0467714 0 0.0294159 0.012879 0.021624 0.0102409 0.00946928 0.011896 0.00837233 0.00932199 0.0101889 0.00840023 0.00850197 0.00872037 0.00844977 0.00808492 0.00836969 0.00826922 0.00843802 0.00818573 0.00932743 0.00889993 0.00825328 0.00834497 0.00817977 0.00815014 0.00813153 0.00842133 0.00857904 0.00868684 0.00882164 0.00851723 0.0086328 0.00828215 0.00825865 0.00823256 0.00841332 0.00840756 0.00825565 0.00834852 0.00842794 0.0083903 0.00839965 0.00817801 0.00892394 0.010935 0.0089895 0.00882856 0.00924284 0.00902066 0.0104724 0.0100697 0.00923984 0.00888807 0.00870089 0.00876414 0.00904451 0.0111779 0.0100248 0.0107739 0.0148154 0.0126291 0.0137193 0.0114939 0.0104398 0.0100996 0.00984851 0.0102109 0.0110188 0.0117543 0.0107546 0.0114785 0.018832 0.0146267 0.0158622 0.0176431 0.0138993 0.0133796 0.0136707 0.0156919 0.0325164 0.028793 0.041169 0.0371318 0.0445251 0.0432582 0.0511051 0.0466918 0.0534648 0.0693679 0.0730227 0.0625358 0.129543 0.14419 0.106642 0.24005 
0.0138494 0.0132095 0.0201773 0.0129496 0.0294159 0 0.00362009 0.0037335 0.0154996 0.0118667 0.00961744 0.0091367 0.0126317 0.00916284 0.0088551 0.00965441 0.010468 0.00825891 0.00838243 0.00828067 0.0085499 0.00828811 0.00824552 0.00878698 0.0082944 0.00860116 0.0083761 0.00834584 0.00835206 0.00841283 0.00900051 0.00820842 0.00865769 0.00853841 0.00829536 0.00843921 0.0083508 0.00828942 0.00833159 0.00851529 0.00834422 0.00841512 0.00836659 0.00849423 0.00822372 0.00839481 0.00825 0.00831248 0.00921841 0.00842075 0.0086247 0.00914484 0.00879131 0.00906397 0.00854743 0.00909633 0.00852499 0.00852256 0.00868812 0.0092965 0.00973344 0.00930522 0.00917421 0.0100177 0.010995 0.0116775 0.0103901 0.0110555 0.010635 0.0102026 0.00955151 0.0117887 0.0100807 0.0123996 0.0104236 0.0127637 0.0145149 0.0147404 0.0196053 0.0129789 0.0150095 0.013169 0.0186215 0.0236329 0.0269636 0.0311771 0.0285911 0.0302593 0.0312656 0.0371477 0.0338053 0.0355035 0.0460195 0.0512629 0.0454732 0.0961349 0.111899 0.0847535 0.198217 
0.0101339 0.0152993 0.016743 0.0205485 0.012879 0.00362009 0 0.00356228 0.0128839 0.0146855 0.00936032 0.0117513 0.00898446 0.00882082 0.00962508 0.00947802 0.00866666 0.00839686 0.00830827 0.00827401 0.00828403 0.00833835 0.00829218 0.00828439 0.00848081 0.0082418 0.00821095 0.00854929 0.00843353 0.00851116 0.00856279 0.00828118 0.00822292 0.00822459 0.00825954 0.0082902 0.00859665 0.00838874 0.00849024 0.00841277 0.00831392 0.00856808 0.00871979 0.008444 0.00827747 0.00901225 0.00832575 0.0084257 0.00896875 0.00861507 0.00884923 0.00878292 0.00854425 0.0088105 0.00885243 0.00877875 0.00845005 0.00881089 0.00887841 0.00856238 0.00888939 0.00888833 0.00894904 0.00987683 0.00944322 0.0106397 0.010438 0.0103324 0.00965996 0.00949869 0.00975244 0.0107998 0.0102663 0.0107531 0.00934994 0.0136278 0.0129741 0.0139811 0.0162921 0.0124547 0.0128727 0.0120271 0.0134079 0.023898 0.0240617 0.0280265 0.0260484 0.0284328 0.0276438 0.033235 0.0337006 0.0351692 0.0436462 0.052821 0.0435156 0.101243 0.108852 0.0865521 0.167618 
0.0163489 0.0186599 0.0231479 0.0151796 0.021624 0.0037335 0.00356228 0 0.0133622 0.0134584 0.0160673 0.00917449 0.0104999 0.0112319 0.008863 0.0091559 0.00938884 0.0086961 0.00838277 0.00860997 0.0082223 0.00863122 0.00812389 0.00947005 0.00928049 0.00813802 0.00865886 0.00843803 0.00827779 0.00836775 0.00843033 0.0088514 0.00833182 0.0083644 0.00853323 0.00825388 0.00826367 0.00824411 0.00816631 0.00831422 0.00833349 0.00826619 0.00829433 0.00816973 0.00830558 0.0083042 0.00806335 0.00841237 0.00943394 0.00895388 0.00876602 0.00851709 0.00845542 0.00867052 0.00901161 0.00855297 0.00856916 0.00848633 0.00841749 0.00833163 0.0091902 0.00946705 0.00891321 0.0100901 0.0093806 0.0111025 0.00986907 0.00918275 0.00892782 0.00888434 0.00910648 0.00922438 0.0096809 0.00914629 0.00938758 0.013781 0.0112417 0.0116699 0.0122388 0.010273 0.0102531 0.0103714 0.0110097 0.0208487 0.0186832 0.0220832 0.0212934 0.0226365 0.0314648 0.0365233 0.0300869 0.0365384 0.039591 0.0440627 0.0459391 0.0898455 0.0919801 0.0788526 0.138981 
0.00913754 0.00881213 0.0103077 0.00956159 0.0102409 0.0154996 0.0128839 0.0133622 0 0.0114385 0.0226937 0.0378372 0.0173698 0.0119815 0.00985394 0.00987265 0.0128104 0.0087157 0.0105104 0.00841007 0.0123567 0.00847398 0.0105385 0.011448 0.00857268 0.0108932 0.00831864 0.00839663 0.0083019 0.00861953 0.00954092 0.00859698 0.00893095 0.00865767 0.0083655 0.00821972 0.00811724 0.00816337 0.00807585 0.00816954 0.00807118 0.0081884 0.00813791 0.00820254 0.00803617 0.00808869 0.00802944 0.00807496 0.00829111 0.00811461 0.00826392 0.0083281 0.00823623 0.00819729 0.00814586 0.00849603 0.00814517 0.00826788 0.00823998 0.00842295 0.00839365 0.00849258 0.00822452 0.00835503 0.00892567 0.00904024 0.00841819 0.00836444 0.00829543 0.00825666 0.0082316 0.00895053 0.00822623 0.0089611 0.00843143 0.00868503 0.00991263 0.00844521 0.0100912 0.00835638 0.00858321 0.00856549 0.00953326 0.0102405 0.0118149 0.0123821 0.0123109 0.0125549 0.0122654 0.0155825 0.0163484 0.0136635 0.0163137 0.0187897 0.0193916 0.0234007 0.0265719 0.0181107 0.0458495 
0.00912218 0.00946407 0.00966353 0.00893933 0.00946928 0.0118667 0.0146855 0.0134584 0.0114385 0 0.0239062 0.0257214 0.0534134 0.0173991 0.00992814 0.0126956 0.010977 0.0126854 0.00837132 0.01061 0.0085732 0.0104537 0.00833713 0.0101456 0.0113782 0.00837589 0.00919195 0.00831937 0.00826896 0.00856144 0.009562 0.00847824 0.00827523 0.00848554 0.00838535 0.00818759 0.00811241 0.00808892 0.00813822 0.00826112 0.00817867 0.00815436 0.00821049 0.00823609 0.00817519 0.00819114 0.00809388 0.00804746 0.008604 0.00830365 0.0084225 0.00822922 0.00810784 0.00828224 0.00830025 0.00823307 0.00828049 0.00833151 0.00830679 0.00822857 0.00825497 0.00826653 0.00819288 0.008733 0.00840442 0.00868714 0.00862049 0.00834913 0.00825442 0.00825519 0.00846048 0.00828821 0.00870048 0.00830149 0.00844306 0.0094881 0.00869445 0.00948776 0.00861567 0.0086366 0.00838737 0.00863503 0.00865581 0.0118875 0.00986158 0.0110434 0.0108296 0.010938 0.0116041 0.016338 0.0112105 0.0135874 0.0167972 0.0139126 0.0196028 0.0217827 0.020312 0.018862 0.0439993 
0.00852533 0.00877963 0.00909714 0.00884612 0.011896 0.00961744 0.00936032 0.0160673 0.0226937 0.0239062 0 0.00361602 0.00370063 0.0535167 0.0417163 0.0670066 0.0465385 0.0106399 0.0153799 0.0102973 0.012961 0.010556 0.0110111 0.0138592 0.0103232 0.01174 0.0101734 0.00977192 0.010511 0.0112836 0.0215423 0.00863375 0.00877747 0.00876507 0.00831123 0.00868718 0.00839707 0.00849294 0.00839531 0.00883808 0.00835803 0.00851153 0.00854501 0.00933669 0.00844569 0.00832042 0.00827215 0.00804623 0.00830767 0.00845632 0.00842351 0.00834693 0.0080726 0.00813982 0.0082094 0.00819055 0.00822643 0.0082722 0.00837037 0.00828373 0.00836932 0.00822492 0.00817551 0.00828612 0.00844171 0.00841184 0.00860078 0.00840814 0.00828008 0.00827316 0.00823675 0.00831911 0.00823003 0.00834394 0.0082493 0.00837187 0.00860337 0.00854075 0.00877697 0.00833829 0.0084169 0.00830584 0.00888081 0.00912127 0.00979364 0.0095644 0.0100667 0.00927909 0.00973072 0.0110699 0.0102435 0.0102651 0.0112246 0.0120525 0.0137824 0.0142097 0.0179584 0.0129405 0.0245938 
0.00811135 0.00809176 0.00822731 0.00822592 0.00837233 0.0091367 0.0117513 0.00917449 0.0378372 0.0257214 0.00361602 0 0.00359057 0.0207098 0.389374 0.110133 0.0170606 0.0153943 0.010053 0.0105621 0.0106947 0.00998573 0.0101892 0.0105177 0.00988031 0.00921532 0.00880425 0.0159839 0.0103141 0.0238999 0.00981416 0.0090266 0.00835066 0.00811169 0.0082957 0.00834175 0.00887892 0.00915109 0.00885474 0.00826539 0.00817719 0.00883209 0.00922577 0.00848914 0.00818644 0.00881052 0.00829193 0.00812939 0.00848543 0.00833474 0.00872166 0.00825417 0.00813012 0.00815096 0.00832968 0.00829789 0.0083226 0.00849114 0.00850398 0.00824919 0.00814923 0.00828381 0.00812081 0.00845143 0.00858864 0.00865112 0.00897333 0.00858846 0.00840377 0.00834632 0.00834911 0.00837988 0.00838661 0.00840249 0.0083255 0.00841111 0.00895242 0.00875198 0.0088267 0.00858977 0.00862854 0.00870678 0.00864602 0.00916466 0.00939965 0.00950035 0.00948678 0.00925534 0.00891634 0.00947153 0.00968903 0.00918185 0.010247 0.0113593 0.01073 0.012742 0.0149924 0.0110395 0.0200474 
0.00908818 0.0087934 0.00981213 0.00905438 0.00932199 0.0126317 0.00898446 0.0104999 0.0173698 0.0534134 0.00370063 0.00359057 0 0.181752 0.0381013 0.078056 0.065027 0.0185667 0.0112286 0.0153817 0.0116788 0.0153649 0.0100416 0.0139561 0.0144724 0.00934141 0.0179171 0.00951023 0.0108801 0.0101998 0.0161845 0.00994012 0.00884178 0.00919622 0.00940442 0.00910672 0.00845638 0.00855246 0.0084676 0.00892045 0.00899193 0.00847109 0.00858919 0.00875862 0.00902141 0.00834144 0.00865906 0.00817365 0.0089894 0.00873482 0.008449 0.00831247 0.00818424 0.00828387 0.008338 0.00818871 0.00834887 0.00834352 0.00829097 0.00815776 0.00829168 0.00853178 0.00814915 0.00843454 0.00834468 0.00909079 0.00851772 0.00834996 0.00826707 0.00825147 0.00827967 0.00830003 0.00838 0.00829412 0.0082151 0.00902481 0.00854729 0.00865627 0.00856749 0.00841125 0.00836149 0.00834076 0.00851731 0.0101738 0.00935629 0.0100095 0.00997232 0.00964193 0.00935878 0.0129526 0.0096209 0.0106926 0.013195 0.0111204 0.0151988 0.016105 0.0154928 0.0130273 0.0299336 
0.00924776 0.00998202 0.00971602 0.00970083 0.0101889 0.00916284 0.00882082 0.0112319 0.0119815 0.0173991 0.0535167 0.0207098 0.181752 0 0.00373842 0.00366631 0.00391676 0.0182691 0.0349377 0.0145089 0.0165512 0.0122193 0.0128787 0.0212328 0.0153789 0.0140474 0.0161455 0.0115199 0.0108089 0.0128783 0.0295299 0.00894074 0.0104397 0.0101741 0.0093181 0.0088408 0.00846635 0.00839436 0.00842683 0.00969777 0.00851984 0.00843736 0.0086986 0.0093298 0.00856555 0.00844465 0.00853943 0.00807294 0.00856837 0.0085633 0.00835867 0.00872622 0.00813209 0.00839915 0.00827762 0.00831199 0.00831361 0.00830994 0.00839658 0.00843721 0.00871459 0.00832246 0.00838395 0.00868091 0.00856153 0.00856769 0.0084613 0.00835588 0.00824998 0.00823703 0.00828232 0.00831942 0.00848074 0.00835752 0.00848803 0.00904463 0.00860682 0.00899562 0.008789 0.00849857 0.00836313 0.00830114 0.00869462 0.00971204 0.00960688 0.0099305 0.010189 0.0094072 0.0104665 0.0137925 0.0096844 0.0115704 0.0125117 0.0121484 0.0168927 0.0151757 0.0154835 0.013886 0.0284951 
0.00821525 0.00819296 0.0082717 0.00824159 0.00840023 0.0088551 0.00962508 0.008863 0.00985394 0.00992814 0.0417163 0.389374 0.0381013 0.00373842 0 0.00359474 0.00356841 0.0500406 0.0181295 0.0159384 0.012192 0.011953 0.0106568 0.0119009 0.0114009 0.0102333 0.0109585 0.0234512 0.0232169 0.0265327 0.0147185 0.00876626 0.00854089 0.00848576 0.00830065 0.00875978 0.00978083 0.00997406 0.0093698 0.00856749 0.00849754 0.00974863 0.00987938 0.00865978 0.00871687 0.00882696 0.00856187 0.00810647 0.00826007 0.00837403 0.00866134 0.00830513 0.00818074 0.00818551 0.00834323 0.00825772 0.00836762 0.00851446 0.00859608 0.00830189 0.00818713 0.00826332 0.00815814 0.00846204 0.00850231 0.00862023 0.00905915 0.00867703 0.00852066 0.00842019 0.00845395 0.00857556 0.00848192 0.00849016 0.00828987 0.00846217 0.00888745 0.00877042 0.00918231 0.00857991 0.00873496 0.0086016 0.0086233 0.00885984 0.00927206 0.00925323 0.00959764 0.00900105 0.0091492 0.00973296 0.00940784 0.00957023 0.0104392 0.0113399 0.0114224 0.0123135 0.0161365 0.0117396 0.0204527 
0.0082729 0.00820015 0.00838174 0.0082071 0.00850197 0.00965441 0.00947802 0.0091559 0.00987265 0.0126956 0.0670066 0.110133 0.078056 0.00366631 0.00359474 0 0.00379642 0.012982 0.0664189 0.0175276 0.0162442 0.01253 0.0115083 0.0111903 0.0118377 0.0107777 0.0103728 0.0225572 0.0236174 0.044051 0.0136304 0.010212 0.00870838 0.00831411 0.00854103 0.00877845 0.00973129 0.0105385 0.0101242 0.00878044 0.00841845 0.0096141 0.0105026 0.00929643 0.00862281 0.00935097 0.00866609 0.00821266 0.008549 0.00842439 0.00875241 0.00838615 0.00810717 0.00821714 0.00830119 0.00823693 0.00830236 0.00848392 0.00853722 0.00819161 0.00820067 0.00816259 0.00807096 0.00832298 0.00833139 0.00860122 0.00878228 0.00850163 0.00837939 0.00834002 0.00829883 0.00840856 0.00835946 0.0084757 0.00815662 0.00842789 0.00875242 0.00870975 0.00885509 0.00850637 0.00853183 0.00848805 0.00841066 0.00922882 0.00913142 0.00926927 0.00933691 0.00891279 0.00878988 0.00959559 0.00935865 0.00923491 0.0105601 0.0108483 0.0107096 0.0134314 0.0145691 0.0105961 0.0200267 
0.00870839 0.00843209 0.00898985 0.00870891 0.00872037 0.010468 0.00866666 0.00938884 0.0128104 0.010977 0.0465385 0.0170606 0.065027 0.00391676 0.00356841 0.00379642 0 0.079895 0.0139289 0.0478996 0.0235118 0.0172909 0.0125071 0.0178479 0.0178779 0.0104231 0.0201791 0.0127427 0.012075 0.013526 0.0270857 0.011794 0.00985256 0.00931519 0.00971948 0.0102394 0.00874098 0.00898938 0.00868876 0.00911508 0.00906447 0.00848481 0.00867385 0.0096166 0.0091865 0.00838045 0.00889519 0.00824439 0.00889783 0.00865488 0.00840412 0.00839866 0.00822347 0.00821752 0.00827658 0.00826519 0.00836597 0.00826214 0.00820995 0.00823874 0.00826713 0.00845024 0.00814949 0.00824992 0.00839018 0.00917635 0.00851113 0.00834887 0.00825284 0.00827226 0.008263 0.00834107 0.00828118 0.0082954 0.00815363 0.008788 0.00862112 0.00847228 0.00870753 0.0083823 0.00835436 0.00833437 0.00841931 0.00986805 0.00912852 0.00954797 0.00933979 0.00916813 0.00881062 0.010706 0.00947475 0.00935515 0.0109323 0.0110075 0.011921 0.0128478 0.0133724 0.0108968 0.0221421 
0.00832204 0.00834047 0.00836262 0.00823078 0.00844977 0.00825891 0.00839686 0.0086961 0.0087157 0.0126854 0.0106399 0.0153943 0.0185667 0.0182691 0.0500406 0.012982 0.079895 0 0.00377415 0.00362405 0.00611618 0.00639922 0.0205565 0.0108299 0.0120059 0.0201188 0.0102781 0.00979927 0.0107645 0.0102983 0.0187145 0.00934318 0.00944379 0.00928966 0.00883339 0.00827309 0.00823665 0.00825691 0.0083714 0.00885091 0.00816374 0.00822927 0.00843029 0.00878032 0.00818199 0.00860304 0.00845728 0.00802077 0.00827578 0.0081092 0.00811973 0.00829578 0.00799921 0.00805068 0.00802582 0.00811748 0.00810301 0.00825765 0.00813795 0.00823634 0.00811996 0.00810963 0.008069 0.00802584 0.00819616 0.00822102 0.00829521 0.00825435 0.00818527 0.00821986 0.00814951 0.00822121 0.00813758 0.00825347 0.00814369 0.00820695 0.0082931 0.00824483 0.00832181 0.00818603 0.00824167 0.0082087 0.00834872 0.00853854 0.00868931 0.0085395 0.00906918 0.00842766 0.00879124 0.00975098 0.00855979 0.00901989 0.0091884 0.00979953 0.0114687 0.0103028 0.010503 0.0100643 0.0157966 
0.00814594 0.00809768 0.00820817 0.00805917 0.00808492 0.00838243 0.00830827 0.00838277 0.0105104 0.00837132 0.0153799 0.010053 0.0112286 0.0349377 0.0181295 0.0664189 0.0139289 0.00377415 0 0.0038263 0.00387747 0.010285 0.00909305 0.00814909 0.010666 0.00885324 0.0119503 0.0105772 0.00957538 0.0118741 0.0105553 0.00962279 0.00870922 0.00905342 0.00856596 0.00865921 0.00846416 0.00865297 0.00853491 0.00834332 0.00857145 0.0088806 0.00852488 0.00846888 0.00901645 0.00839626 0.00825449 0.00822498 0.00828499 0.00815123 0.0082412 0.00818007 0.00817454 0.00808628 0.00811532 0.0082099 0.00807959 0.00820531 0.00823882 0.00817501 0.0080831 0.00824163 0.00805902 0.0081713 0.00819798 0.00843156 0.0083769 0.00833305 0.00829627 0.00823886 0.00827182 0.00830808 0.00826575 0.00828271 0.00814216 0.00831636 0.00838639 0.00837843 0.00841883 0.00830034 0.008265 0.00830526 0.00829327 0.00837931 0.00857509 0.0084662 0.00844045 0.00845672 0.00833784 0.00855478 0.00867612 0.00835614 0.00853286 0.00952074 0.00908374 0.009385 0.0104502 0.00918708 0.013056 
0.00851348 0.00858455 0.00852239 0.00825354 0.00836969 0.00828067 0.00827401 0.00860997 0.00841007 0.01061 0.0102973 0.0105621 0.0153817 0.0145089 0.0159384 0.0175276 0.0478996 0.00362405 0.0038263 0 0.0062468 0.0118273 0.101954 0.0134897 0.0114143 0.0155282 0.0124968 0.00973855 0.0105679 0.00938414 0.0198199 0.0089415 0.00915624 0.00917633 0.00871854 0.00835058 0.00828725 0.00833563 0.00837825 0.00859758 0.00828078 0.0082759 0.00862585 0.00848574 0.00821095 0.00834308 0.00831986 0.00802464 0.00823519 0.0081533 0.00805751 0.00829364 0.00802917 0.0081735 0.00806512 0.00809375 0.00813651 0.00818282 0.00806282 0.00806917 0.00822521 0.0080559 0.00822514 0.00818593 0.00817387 0.00841374 0.00826057 0.00821762 0.00817598 0.00818295 0.00815999 0.00821543 0.00821105 0.00819199 0.00814065 0.00839096 0.00832062 0.00833303 0.00832837 0.00823137 0.00826006 0.0081814 0.00823563 0.0085871 0.00851618 0.00853687 0.0087991 0.00845451 0.00883365 0.011125 0.008663 0.00906216 0.0105144 0.00988425 0.01221 0.0110526 0.0113391 0.0103548 0.0200938 
0.00858335 0.00824632 0.0086334 0.00821761 0.00826922 0.0085499 0.00828403 0.0082223 0.0123567 0.0085732 0.012961 0.0106947 0.0116788 0.0165512 0.012192 0.0162442 0.0235118 0.00611618 0.00387747 0.0062468 0 0.0855118 0.0152714 0.0192419 0.0186604 0.023384 0.0133631 0.0115791 0.00846288 0.0118927 0.00997294 0.0120939 0.0101368 0.00936669 0.00958478 0.0086125 0.00831146 0.0082331 0.00841468 0.00847942 0.00882465 0.00835038 0.00821666 0.00838547 0.00850996 0.0082608 0.00814469 0.00830224 0.00866331 0.00836076 0.00818496 0.00825286 0.0082386 0.00823668 0.00819341 0.00829801 0.00819902 0.00816294 0.00817489 0.00820796 0.00826927 0.00841881 0.00814311 0.00818814 0.00827591 0.00870453 0.00835477 0.00826309 0.0082497 0.00821158 0.00823154 0.00849072 0.00820306 0.0083822 0.00816646 0.00840388 0.00865398 0.00828417 0.00881199 0.00827192 0.00825449 0.00827897 0.00857316 0.00877035 0.00906813 0.00904262 0.0091187 0.0091682 0.00864311 0.00936801 0.00967525 0.00871546 0.00923957 0.0113456 0.0101356 0.01077 0.0132718 0.00974843 0.0200794 
0.00877342 0.00883891 0.00864601 0.00824429 0.00843802 0.00828811 0.00833835 0.00863122 0.00847398 0.0104537 0.010556 0.00998573 0.0153649 0.0122193 0.011953 0.01253 0.0172909 0.00639922 0.010285 0.0118273 0.0855118 0 0.0163836 0.00892129 0.0196127 0.0239167 0.0097184 0.00923719 0.00945106 0.00936739 0.0245955 0.00954156 0.0101932 0.0102509 0.00953176 0.00839469 0.00820252 0.008233 0.0082711 0.00917858 0.00829728 0.00820963 0.00843426 0.00879228 0.00836646 0.00827486 0.00836549 0.00815112 0.00839113 0.00831631 0.00806424 0.00837006 0.00805867 0.00834025 0.00819452 0.00821149 0.00816737 0.00819455 0.00816629 0.00813252 0.00843673 0.00816748 0.00823095 0.00817997 0.00814722 0.00839577 0.0082907 0.00820427 0.00816841 0.00817638 0.00812051 0.00820412 0.00813203 0.00822647 0.00810842 0.00836086 0.00830022 0.00829361 0.00833339 0.00819914 0.00823016 0.00817982 0.00827477 0.00869161 0.00872407 0.00867128 0.00883127 0.00865555 0.00884459 0.0108732 0.00879973 0.00899553 0.00987952 0.0101047 0.0129403 0.010917 0.0112988 0.0106871 0.019817 
0.00849073 0.00823818 0.00851063 0.00805397 0.00818573 0.00824552 0.00829218 0.00812389 0.0105385 0.00833713 0.0110111 0.0101892 0.0100416 0.0128787 0.0106568 0.0115083 0.0125071 0.0205565 0.00909305 0.101954 0.0152714 0.0163836 0 0.734475 0.0167881 0.0128093 0.0103553 0.0113055 0.00784915 0.0208041 0.0106216 0.0117519 0.00975827 0.0094193 0.00926714 0.00859624 0.00827078 0.00827488 0.00830131 0.00841112 0.00848018 0.00833743 0.0082311 0.0083797 0.00845149 0.00865496 0.00809628 0.0081903 0.00864237 0.00828815 0.00819927 0.00821888 0.00823428 0.0081518 0.00815854 0.0083 0.00807678 0.00818914 0.00815762 0.00815375 0.00822486 0.00833466 0.00803018 0.0080663 0.00820858 0.008466 0.00830884 0.0082102 0.00820347 0.00812717 0.00815081 0.00826077 0.00816094 0.00825069 0.00811553 0.0083146 0.00840934 0.0082419 0.00854288 0.0082399 0.00825944 0.00823343 0.00832729 0.0086671 0.00873443 0.00872548 0.00886909 0.00869449 0.00844575 0.00917887 0.00916373 0.00865543 0.00907076 0.0101491 0.00985347 0.0101378 0.0115619 0.00917622 0.0167124 
0.0103864 0.0106771 0.0109686 0.0088515 0.00932743 0.00878698 0.00828439 0.00947005 0.011448 0.0101456 0.0138592 0.0105177 0.0139561 0.0212328 0.0119009 0.0111903 0.0178479 0.0108299 0.00814909 0.0134897 0.0192419 0.00892129 0.734475 0 0.017931 0.0136209 0.0127435 0.00861213 0.0110338 0.00982 0.0190505 0.0261919 0.0300298 0.0194731 0.0209898 0.0100433 0.00827882 0.00828028 0.00830528 0.00998061 0.00958833 0.00824538 0.00834658 0.00910785 0.00956786 0.00829832 0.0087893 0.00941186 0.00992463 0.00843784 0.00809889 0.00864935 0.00896905 0.00958778 0.00875868 0.00853601 0.00853928 0.00812501 0.00807232 0.00836112 0.010079 0.00955063 0.00926488 0.0085265 0.00837203 0.00872021 0.00826657 0.00815102 0.00817579 0.0081665 0.00814013 0.00824411 0.00817268 0.00820786 0.00822657 0.00906086 0.00853353 0.00840555 0.00882355 0.00827247 0.00827689 0.00820845 0.00844926 0.00979524 0.00928124 0.00962429 0.0092578 0.00955234 0.00945067 0.0133966 0.00974055 0.00930241 0.0111954 0.0118673 0.0156575 0.0131607 0.013219 0.0130425 0.027018 
0.00906076 0.0101145 0.00898611 0.00853323 0.00889993 0.0082944 0.00848081 0.00928049 0.00857268 0.0113782 0.0103232 0.00988031 0.0144724 0.0153789 0.0114009 0.0118377 0.0178779 0.0120059 0.010666 0.0114143 0.0186604 0.0196127 0.0167881 0.017931 0 0.00608466 0.00956059 0.0928494 0.026498 0.00826611 0.0275462 0.0109506 0.0117846 0.0120687 0.0103336 0.00872911 0.00829302 0.00834594 0.00859094 0.00957551 0.0085618 0.00837463 0.00904349 0.0092157 0.00859689 0.00886914 0.00903025 0.00828733 0.00886261 0.00836731 0.00822778 0.00870727 0.00811648 0.00878975 0.00855382 0.00832361 0.00828583 0.00816979 0.00829826 0.00819802 0.0088037 0.00819913 0.00849235 0.00851854 0.00833816 0.0083723 0.00831961 0.00819563 0.00813962 0.00806775 0.0081336 0.0081575 0.00832196 0.00810284 0.00824371 0.00870975 0.00830801 0.00853487 0.00824329 0.00827027 0.00824245 0.00825592 0.00831889 0.0094449 0.00856868 0.00897291 0.00921186 0.00881919 0.00975553 0.0138588 0.00847927 0.0103084 0.0119562 0.00952088 0.0152509 0.0129559 0.010782 0.0121269 0.0226709 
0.00894227 0.00822792 0.00887083 0.00814617 0.00825328 0.00860116 0.0082418 0.00813802 0.0108932 0.00837589 0.01174 0.00921532 0.00934141 0.0140474 0.0102333 0.0107777 0.0104231 0.0201188 0.00885324 0.0155282 0.023384 0.0239167 0.0128093 0.0136209 0.00608466 0 0.136936 0.0183312 0.00604127 0.0139358 0.00832834 0.0175676 0.0140596 0.0107824 0.0108833 0.00947815 0.00836546 0.00827561 0.00843922 0.00851286 0.00930171 0.00850162 0.00822402 0.00837319 0.00890432 0.00837757 0.00816826 0.0085115 0.00888854 0.00852184 0.00816777 0.00826976 0.00853861 0.00837779 0.00823247 0.00858575 0.00831945 0.00817556 0.0081363 0.00825812 0.00844989 0.00896873 0.00811531 0.00810865 0.00826971 0.00867057 0.00830145 0.00816851 0.00822756 0.00815017 0.00811823 0.00857201 0.00813534 0.00839285 0.00811762 0.00832663 0.00891891 0.00822057 0.00917223 0.00823602 0.00827809 0.00824436 0.00858379 0.00873436 0.00909168 0.0090574 0.00894551 0.00904207 0.00865671 0.00910968 0.00970453 0.00846556 0.00893421 0.0112648 0.00923697 0.0101355 0.0126935 0.00915728 0.0167558 
0.00853829 0.00849494 0.00850533 0.00822612 0.00834497 0.0083761 0.00821095 0.00865886 0.00831864 0.00919195 0.0101734 0.00880425 0.0179171 0.0161455 0.0109585 0.0103728 0.0201791 0.0102781 0.0119503 0.0124968 0.0133631 0.0097184 0.0103553 0.0127435 0.00956059 0.136936 0 0.00358041 0.00361007 0.00365389 0.00439909 0.0113387 0.0117629 0.0111756 0.00958063 0.00999132 0.00855729 0.0085839 0.00859914 0.0123826 0.00862341 0.00846947 0.0087192 0.0101135 0.00901189 0.00824578 0.00919689 0.00818068 0.00842458 0.00838063 0.00810789 0.00878803 0.00806039 0.00829152 0.00814608 0.008213 0.00830779 0.00818798 0.00819124 0.00825832 0.00850049 0.0081349 0.00818105 0.00809549 0.00817023 0.00849641 0.00831324 0.00825303 0.00817459 0.00814737 0.00812203 0.00820037 0.00812229 0.00829838 0.0080901 0.00822954 0.00834986 0.00828071 0.00843484 0.00819319 0.00825053 0.00817798 0.00833246 0.00842299 0.00851328 0.00845479 0.00842702 0.00840633 0.00849513 0.00964038 0.00862977 0.00852602 0.00912754 0.00940141 0.0106825 0.00946369 0.0102283 0.00938126 0.0150432 
0.00816192 0.00808214 0.00820035 0.00810586 0.00817977 0.00834584 0.00854929 0.00843803 0.00839663 0.00831937 0.00977192 0.0159839 0.00951023 0.0115199 0.0234512 0.0225572 0.0127427 0.00979927 0.0105772 0.00973855 0.0115791 0.00923719 0.0113055 0.00861213 0.0928494 0.0183312 0.00358041 0 0.00356517 0.00359963 0.0036095 0.0125999 0.00929479 0.00897719 0.00853553 0.00912777 0.0123021 0.0106673 0.0158123 0.00893753 0.00848834 0.0119916 0.0101792 0.00964252 0.00835785 0.0107619 0.00850652 0.00813804 0.00822766 0.00829938 0.00866381 0.00842677 0.00814907 0.00809678 0.00828965 0.00821613 0.00817136 0.00869921 0.00859343 0.00832469 0.00818574 0.00812916 0.00812821 0.00821316 0.00824449 0.00843036 0.00875286 0.00850923 0.00838668 0.00831634 0.00829165 0.00834875 0.00825312 0.00835698 0.00818634 0.00824136 0.00861261 0.00847234 0.0086574 0.00832092 0.00842867 0.00837522 0.00838484 0.00830893 0.00853444 0.00835737 0.00863405 0.00833948 0.00836844 0.00848265 0.00853378 0.00836807 0.00847373 0.00926057 0.00875721 0.00901352 0.00988074 0.00890298 0.0112047 
0.00812874 0.00810512 0.00808149 0.00808838 0.00815014 0.00835206 0.00843353 0.00827779 0.0083019 0.00826896 0.010511 0.0103141 0.0108801 0.0108089 0.0232169 0.0236174 0.012075 0.0107645 0.00957538 0.0105679 0.00846288 0.00945106 0.00784915 0.0110338 0.026498 0.00604127 0.00361007 0.00356517 0 0.00356075 0.00358772 0.0116197 0.00851948 0.00850143 0.00834483 0.00946118 0.012842 0.0332183 0.0105075 0.00888118 0.0086099 0.0110223 0.0161255 0.00915962 0.0091586 0.00863555 0.00911648 0.00812689 0.00816501 0.00838946 0.00848927 0.00839936 0.00807175 0.00809788 0.00848605 0.00812309 0.00823333 0.00857453 0.00895502 0.00818769 0.00804723 0.00807175 0.00808116 0.0081448 0.00819317 0.00839513 0.00852775 0.00847798 0.00835438 0.00825724 0.00827371 0.00834449 0.00831514 0.00839294 0.00807255 0.0082513 0.00846788 0.00847544 0.00853634 0.00834782 0.00845035 0.0083574 0.00834253 0.00834245 0.00829639 0.00829318 0.00849956 0.00824679 0.0083286 0.00867028 0.00833091 0.00839006 0.00880489 0.00846487 0.00899142 0.0090794 0.00895677 0.00875731 0.0114479 
0.0082335 0.0081218 0.00813331 0.00809252 0.00813153 0.00841283 0.00851116 0.00836775 0.00861953 0.00856144 0.0112836 0.0238999 0.0101998 0.0128783 0.0265327 0.044051 0.013526 0.0102983 0.0118741 0.00938414 0.0118927 0.00936739 0.0208041 0.00982 0.00826611 0.0139358 0.00365389 0.00359963 0.00356075 0 0.00357621 0.0141861 0.00996109 0.00883334 0.00930913 0.0100261 0.0293463 0.0123977 0.0147265 0.00906648 0.0090745 0.0128495 0.0122103 0.0111289 0.00889503 0.0119497 0.00900302 0.00824205 0.00850278 0.00849191 0.00892698 0.0084603 0.00811304 0.00810987 0.00828165 0.00827597 0.00832302 0.00866822 0.00870158 0.0082131 0.00812344 0.00808019 0.00808544 0.0081912 0.00817479 0.00855422 0.0085488 0.00851297 0.00839719 0.00826515 0.00827945 0.00833798 0.00826206 0.00840732 0.00808935 0.00827353 0.00862271 0.00841323 0.00858803 0.00833932 0.00841256 0.00837589 0.00836157 0.00839356 0.00853435 0.00839126 0.00875058 0.00828582 0.00832527 0.00842972 0.00847432 0.00848399 0.00853162 0.0090346 0.00883182 0.00921865 0.00974552 0.00879761 0.011898 
0.00898773 0.00864344 0.00885457 0.00831505 0.00842133 0.00900051 0.00856279 0.00843033 0.00954092 0.009562 0.0215423 0.00981416 0.0161845 0.0295299 0.0147185 0.0136304 0.0270857 0.0187145 0.0105553 0.0198199 0.00997294 0.0245955 0.0106216 0.0190505 0.0275462 0.00832834 0.00439909 0.0036095 0.00358772 0.00357621 0 0.0302004 0.0159715 0.0142435 0.0138209 0.0192463 0.00958726 0.0111681 0.0107391 0.013964 0.0121499 0.00895592 0.0105745 0.0155723 0.012982 0.00896646 0.0103625 0.00886912 0.00969969 0.0104791 0.00854196 0.0088708 0.00858921 0.00880695 0.00887245 0.00852754 0.00862274 0.00844893 0.00838661 0.00823815 0.00858157 0.00883977 0.00840446 0.00822001 0.00837035 0.00905579 0.0084385 0.00843277 0.00823747 0.0082073 0.00818822 0.00829454 0.00827215 0.00830138 0.008064 0.00864133 0.00864697 0.00845792 0.00859693 0.00834716 0.0082921 0.00830349 0.00816095 0.00902475 0.00856981 0.00891398 0.00909831 0.008572 0.00845842 0.00983671 0.00861799 0.00882725 0.00976944 0.00925479 0.0103156 0.0105976 0.00988571 0.00923991 0.0159517 
0.00943611 0.00912833 0.00931671 0.00834403 0.00857904 0.00820842 0.00828118 0.0088514 0.00859698 0.00847824 0.00863375 0.0090266 0.00994012 0.00894074 0.00876626 0.010212 0.011794 0.00934318 0.00962279 0.0089415 0.0120939 0.00954156 0.0117519 0.0261919 0.0109506 0.0175676 0.0113387 0.0125999 0.0116197 0.0141861 0.0302004 0 0.187317 0.0168448 0.0987572 0.011944 0.0128228 0.00908879 0.0106825 0.0185479 0.0105855 0.010254 0.0106165 0.02147 0.0109973 0.0121933 0.0135309 0.0137491 0.0136116 0.00869042 0.00888551 0.0107511 0.0095503 0.00984342 0.00834652 0.0097388 0.00855845 0.00819995 0.00854822 0.00918557 0.00997734 0.0102453 0.00921911 0.00814628 0.00881746 0.00838338 0.0081587 0.00817685 0.00810074 0.00811678 0.00808286 0.00812869 0.00806131 0.00825856 0.00814335 0.00806311 0.00834975 0.00808733 0.00839065 0.00805846 0.00813952 0.00808553 0.00832986 0.00821236 0.00877218 0.00832728 0.0087552 0.00823958 0.00844212 0.00882319 0.00840923 0.00839925 0.00832773 0.0103401 0.00975535 0.00900456 0.0100071 0.00924783 0.0147855 
0.0104702 0.00964341 0.00953703 0.0084161 0.00868684 0.00865769 0.00822292 0.00833182 0.00893095 0.00827523 0.00877747 0.00835066 0.00884178 0.0104397 0.00854089 0.00870838 0.00985256 0.00944379 0.00870922 0.00915624 0.0101368 0.0101932 0.00975827 0.0300298 0.0117846 0.0140596 0.0117629 0.00929479 0.00851948 0.00996109 0.0159715 0.187317 0 0.72188 0.0776297 0.0173376 0.0106736 0.00928211 0.0103496 0.0172252 0.0131551 0.00992984 0.00986271 0.0149596 0.0133209 0.0105353 0.012511 0.0110801 0.0145878 0.0102269 0.00852337 0.00982775 0.0109195 0.0102578 0.00917789 0.00932384 0.00884418 0.00822058 0.00825837 0.00856739 0.0107747 0.01057 0.00902767 0.00845522 0.00875025 0.00947606 0.00855955 0.00819409 0.00808357 0.00814689 0.00812845 0.00840077 0.00814464 0.00838204 0.00814792 0.00859055 0.0090023 0.00818803 0.00896327 0.00817382 0.00820257 0.00815067 0.00844861 0.00853454 0.00875224 0.00856734 0.0087432 0.00838683 0.0084692 0.00954862 0.00892503 0.00846082 0.00896985 0.0106017 0.0103246 0.00921859 0.010803 0.00892673 0.0132429 
0.0103245 0.00983856 0.0095783 0.00843828 0.00882164 0.00853841 0.00822459 0.0083644 0.00865767 0.00848554 0.00876507 0.00811169 0.00919622 0.0101741 0.00848576 0.00831411 0.00931519 0.00928966 0.00905342 0.00917633 0.00936669 0.0102509 0.0094193 0.0194731 0.0120687 0.0107824 0.0111756 0.00897719 0.00850143 0.00883334 0.0142435 0.0168448 0.72188 0 0.12556 0.0141322 0.00961506 0.00774627 0.00985327 0.0196006 0.0134442 0.00999807 0.00975314 0.0141564 0.0135616 0.011518 0.0115753 0.0111347 0.0200477 0.0119292 0.00863325 0.0103118 0.0106278 0.0116699 0.0101347 0.00946843 0.00907831 0.00836669 0.00829235 0.0085812 0.0116683 0.0112567 0.0095239 0.00893569 0.00862522 0.00915855 0.00825095 0.00808113 0.0080254 0.00807125 0.00810686 0.00808519 0.00812066 0.00806601 0.00822884 0.00893683 0.0082176 0.00820122 0.00831597 0.00811311 0.00810794 0.0081044 0.00834912 0.00863856 0.00832477 0.00849309 0.0083321 0.00839735 0.00838163 0.0103349 0.00844212 0.00842323 0.0091035 0.00914461 0.0108873 0.0091121 0.0091886 0.00896868 0.0139664 
