1LYQB
AHPELKSSVPQADSAVAAPEKIQLNFSENLTVKFSGAKLTMTGMKGMSSHSPMPVAAKVAPGADPKSMVIIPREPLPAGTYRVDWRAVSSDTHPITGNYTFTVK
CCCCEEEEECCCCCEECCCCCEEEEECCCCCHHHCEEEEEEEEECCCCCCCCEECCEEEEECCCCCEEEEEECCCCCCEEEEEEEEECCCCCCCEEEEEEEEEC
0 0 0 0 0 0 0 0 0 0 0 0 0 0 0 0 0 0 0 0 0 0 0 0 0 0 0 0 0 0 0 0 0 0 0 0 0 0 0 0 0 0 0 0 0 0 0 0 0 0 0 0 0 0 0 0 0 0 0 0 0 0 0 0 0 0 0 0 0 0 0 0 0 0 0 0 0 0 0 0 0 0 0 0 0 0 0 0 0 0 0 0 0 0 0 0 0 0 0 0 0 0 0 0 
0 0 0 0 0 0 0 0 0 0 0 0 0 0 0 0 0 0 0 0 0 0 0 0 0 0 0 0 0 0 0 0 0 0 0 0 0 0 0 0 0 0 0 0 0 0 0 0 0 0 0 0 0 0 0 0 0 0 0 0 0 0 0 0 0 0 0 0 0 0 0 0 0 0 0 0 0 0 0 0 0 0 0 0 0 0 0 0 0 0 0 0 0 0 0 0 0 0 0 0 0 0 0 0 
0 0.00403195 0.00368507 0.00375509 0.00418441 0.00704783 0.0143386 0.0136623 0.00887555 0.0106146 0.0165748 0.181775 0.0113027 0.0110438 0.00915867 0.0111063 0.00929876 0.0103688 0.00868152 0.00882831 0.0161787 0.00930837 0.0103333 0.0139525 0.00895398 0.00939559 0.00851444 0.0129176 0.0107143 0.00968247 0.00942865 0.00955115 0.00885873 0.0135764 0.00928283 0.00822775 0.00942297 0.00855934 0.0094446 0.00825325 0.00900316 0.00834576 0.00998547 0.0103067 0.0081582 0.00879281 0.00821305 0.00878375 0.00828377 0.00974569 0.00880936 0.0150521 
0.00403195 0 0.00366018 0.00368339 0.00361451 0.00665229 0.0079759 0.0082402 0.011862 0.00954212 0.0524408 0.0153642 0.00906002 0.0103607 0.0097628 0.011968 0.00972585 0.00956061 0.00872213 0.00948874 0.00869074 0.00867983 0.00863762 0.00918588 0.00917102 0.00863569 0.00938499 0.0086082 0.00877035 0.0103143 0.0101764 0.0105201 0.0094531 0.00846582 0.00839096 0.00829102 0.00844957 0.00897501 0.00842391 0.0086782 0.00861031 0.00857588 0.00850979 0.00815692 0.00821289 0.00822554 0.00841798 0.00833905 0.00883642 0.00843695 0.00985129 0.00894338 
0.00368507 0.00366018 0 0.00356311 0.00356859 0.00540675 0.00548346 0.00852024 0.0122208 0.0148091 0.0724139 0.00932166 0.00951691 0.00886054 0.0186314 0.00925629 0.01375 0.0090177 0.0108575 0.00870152 0.00839456 0.00847727 0.00838749 0.0089941 0.00890292 0.00972699 0.00853726 0.00844627 0.0087308 0.00949871 0.0155127 0.0107564 0.00924342 0.0083303 0.00853213 0.00849132 0.00849413 0.0103135 0.00863852 0.0103995 0.00881148 0.00876012 0.0083817 0.00813266 0.00838312 0.00824906 0.00881095 0.00834518 0.00976253 0.00848564 0.00979239 0.00862936 
0.00375509 0.00368339 0.00356311 0 0.00354411 0.00484052 0.0102349 0.0111236 0.0188409 0.0955156 0.0109281 0.00985548 0.00908863 0.0178316 0.00869152 0.0128301 0.0090063 0.0138586 0.00891379 0.00926297 0.00882406 0.00875298 0.00861918 0.00955739 0.00902736 0.00863263 0.00899735 0.00848305 0.00902215 0.0113347 0.0106865 0.0108104 0.00875938 0.0086096 0.00889667 0.0084973 0.00915291 0.00841841 0.0102872 0.00838633 0.00940846 0.00842752 0.00863524 0.00841958 0.00812487 0.00880628 0.00818974 0.00898285 0.00837273 0.0106232 0.00869138 0.00943747 
0.00418441 0.00361451 0.00356859 0.00354411 0 0.0112343 0.00781844 0.0124778 0.0626109 0.007887 0.0109561 0.00753608 0.0205351 0.00909425 0.0104451 0.00856957 0.0128782 0.00859284 0.00906161 0.00851672 0.00837001 0.00958909 0.00842504 0.0157323 0.00898576 0.00843393 0.00833377 0.00951002 0.0114595 0.0092954 0.0102479 0.00867708 0.00874931 0.00821311 0.0104224 0.00938495 0.00835068 0.0101921 0.00818395 0.00919914 0.00831755 0.00852617 0.00839703 0.00880407 0.00852339 0.00811422 0.00905191 0.00823289 0.0099251 0.00824523 0.00993722 0.00830696 
0.00704783 0.00665229 0.00540675 0.00484052 0.0112343 0 0.00654269 0.0182031 0.0220843 0.00690914 0.00777115 0.0112389 0.0106333 0.0097456 0.00930033 0.00914183 0.00965401 0.00875605 0.00849034 0.00938405 0.0116686 0.0102728 0.0139139 0.0119661 0.0101207 0.00894901 0.00881435 0.0123502 0.0116294 0.0110916 0.00896065 0.00892441 0.00904286 0.0107361 0.00968378 0.00859744 0.00875534 0.0100403 0.00912349 0.00862897 0.00840645 0.00851444 0.00937087 0.0090269 0.00850914 0.00827935 0.00841424 0.00828731 0.00883772 0.00847177 0.00949881 0.0111035 
0.0143386 0.0079759 0.00548346 0.0102349 0.00781844 0.00654269 0 0.0687185 0.00943599 0.00525398 0.00799958 0.00698648 0.0129831 0.01135 0.00864903 0.00969002 0.00923853 0.0103389 0.00840718 0.00895517 0.0107292 0.0135734 0.00960789 0.0168257 0.00935596 0.00887538 0.00876393 0.00975691 0.014204 0.009985 0.00912515 0.00891454 0.00882512 0.00950673 0.0121164 0.00855427 0.00865991 0.00857747 0.00867763 0.00828843 0.0084388 0.00845579 0.00924495 0.00987146 0.00822802 0.00842908 0.00823803 0.00838087 0.00852326 0.0092693 0.00922732 0.0102003 
0.0136623 0.0082402 0.00852024 0.0111236 0.0124778 0.0182031 0.0687185 0 0.00360328 0.00370322 0.00362188 0.00569153 0.00826476 0.0126623 0.00861849 0.0415043 0.0240617 0.0346821 0.00841091 0.0104864 0.0308848 0.0102408 0.0121632 0.0247446 0.0100247 0.0121045 0.00904644 0.017798 0.0254083 0.0245287 0.01127 0.0171255 0.00926811 0.0287948 0.014911 0.00859765 0.0134665 0.00889927 0.0174704 0.00860339 0.0130505 0.00916255 0.0214445 0.0121409 0.00832804 0.0107551 0.0082762 0.0112059 0.00832219 0.0150622 0.0091758 0.0410449 
0.00887555 0.011862 0.0122208 0.0188409 0.0626109 0.0220843 0.00943599 0.00360328 0 0.0036013 0.00359517 0.00357995 0.00709287 0.00887778 0.0657219 0.017612 0.0514399 0.00844718 0.0122803 0.017042 0.00851465 0.00948908 0.00905487 0.00985643 0.0203257 0.00897221 0.0180654 0.009513 0.0131726 0.0207407 0.0584952 0.013428 0.0318592 0.00879131 0.00939709 0.0205487 0.00884718 0.0474463 0.0088853 0.035823 0.00923171 0.0360613 0.00917619 0.00847472 0.013604 0.00858921 0.0186061 0.00869221 0.0268673 0.00876392 0.0361208 0.00925867 
0.0106146 0.00954212 0.0148091 0.0955156 0.007887 0.00690914 0.00525398 0.00370322 0.0036013 0 0.00357379 0.00359794 0.00665909 0.0446518 0.0132746 0.117778 0.00814295 0.034411 0.010262 0.00949308 0.00934805 0.0084527 0.00852855 0.01191 0.00878795 0.0422739 0.00897716 0.00943803 0.00988094 0.0450783 0.0257938 0.146518 0.0097262 0.0117113 0.0107152 0.00893587 0.064662 0.00940202 0.0741008 0.00948687 0.113634 0.00948817 0.0129191 0.0092754 0.00847706 0.0321065 0.00890775 0.0304857 0.00899578 0.0907989 0.00929518 0.02195 
0.0165748 0.0524408 0.0724139 0.0109281 0.0109561 0.00777115 0.00799958 0.00362188 0.00359517 0.00357379 0 0.00356821 0.0346415 0.0137681 0.0756219 0.00770461 0.0197014 0.00853329 0.00934486 0.012577 0.00836 0.00946746 0.0106948 0.00984545 0.0262521 0.00899856 0.0119463 0.0100875 0.011657 0.0115218 0.033031 0.0105018 0.0304109 0.00879792 0.009878 0.0297271 0.00889931 0.0268317 0.00899176 0.0323195 0.0090459 0.0229816 0.00947423 0.00873125 0.0139741 0.0085717 0.0178138 0.00877076 0.0207712 0.00884893 0.0225665 0.00937695 
0.181775 0.0153642 0.00932166 0.00985548 0.00753608 0.0112389 0.00698648 0.00569153 0.00357995 0.00359794 0.00356821 0 0.0401392 0.0503363 0.0074512 0.0182477 0.0108181 0.0116461 0.0074216 0.00820423 0.0158547 0.0116215 0.0094289 0.0270979 0.00899138 0.00921311 0.00853602 0.011062 0.0180313 0.017808 0.00967482 0.0107678 0.00859921 0.0149239 0.0396667 0.00888004 0.011982 0.00866594 0.0145612 0.00856617 0.0103476 0.00861778 0.0170876 0.0290974 0.00825555 0.0101656 0.00839629 0.0104756 0.00855243 0.0126288 0.0087326 0.0206315 
0.0113027 0.00906002 0.00951691 0.00908863 0.0205351 0.0106333 0.0129831 0.00826476 0.00709287 0.00665909 0.0346415 0.0401392 0 0.00360483 0.00360884 0.00358143 0.00381171 0.00371913 0.0036109 0.00358308 0.00527508 0.00713606 0.0157554 0.010799 0.00900253 0.00906874 0.0101353 0.0317701 0.0189172 0.0108698 0.0111861 0.00993675 0.0113225 0.0153924 0.0103435 0.00980396 0.00910748 0.0121199 0.00882561 0.0103025 0.00870268 0.0537068 0.0192638 0.00885473 0.00882979 0.00851405 0.00965684 0.00854423 0.00971557 0.009045 0.0145646 0.0205138 
0.0110438 0.0103607 0.00886054 0.0178316 0.00909425 0.0097456 0.01135 0.0126623 0.00887778 0.0446518 0.0137681 0.0503363 0.00360483 0 0.00360465 0.00360414 0.00361693 0.00373476 0.00383198 0.0106844 0.00566376 0.00855807 0.00831535 0.0129104 0.00920883 0.0105643 0.00954495 0.0106222 0.0108203 0.0326483 0.0122215 0.0234959 0.0102675 0.0144648 0.0116842 0.00881134 0.0191021 0.00880013 0.0228848 0.00856456 0.0782729 0.00989691 0.014498 0.0100449 0.0085355 0.0144645 0.0085059 0.0148787 0.00851174 0.0230615 0.0100765 0.0256201 
0.00915867 0.0097628 0.0186314 0.00869152 0.0104451 0.00930033 0.00864903 0.00861849 0.0657219 0.0132746 0.0756219 0.0074512 0.00360884 0.00360465 0 0.00357839 0.00362745 0.00359928 0.00405908 0.00365391 0.00358298 0.00666461 0.00774906 0.00944835 0.0151048 0.00923801 0.0102345 0.0097419 0.0118428 0.0103018 0.0451505 0.0123414 0.0211252 0.00856848 0.00925137 0.0184941 0.00880722 0.0573924 0.00863383 0.229474 0.00898891 0.0239191 0.00892328 0.0087142 0.0134672 0.00869254 0.0308109 0.0086702 0.0512956 0.0091502 0.0302215 0.00882226 
0.0111063 0.011968 0.00925629 0.0128301 0.00856957 0.00914183 0.00969002 0.0415043 0.017612 0.117778 0.00770461 0.0182477 0.00358143 0.00360414 0.00357839 0 0.00354682 0.0036656 0.00356713 0.00352835 0.00368445 0.00595901 0.00707444 0.0116491 0.00882425 0.0156205 0.00861124 0.00932339 0.0123508 0.0321648 0.016668 0.0771273 0.00924971 0.0132496 0.011914 0.00894886 0.0450713 0.00914925 0.253888 0.00894993 0.0921443 0.00923973 0.0136323 0.0106237 0.00857185 0.0347846 0.00876085 0.049105 0.00902597 0.0804692 0.00919635 0.0309246 
0.00929876 0.00972585 0.01375 0.0090063 0.0128782 0.00965401 0.00923853 0.0240617 0.0514399 0.00814295 0.0197014 0.0108181 0.00381171 0.00361693 0.00362745 0.00354682 0 0.00358283 0.00357921 0.00359759 0.0035752 0.00635693 0.00778733 0.0100595 0.0124562 0.00908827 0.0097811 0.019724 0.0116978 0.0131338 0.0576459 0.0117795 0.0442276 0.00879148 0.00949743 0.0221423 0.00890713 0.191143 0.00891711 0.0765684 0.00904826 0.0251617 0.00944806 0.00887848 0.0143366 0.00884065 0.0360494 0.00893629 0.0578626 0.00903939 0.0324036 0.0101948 
0.0103688 0.00956061 0.0090177 0.0138586 0.00859284 0.00875605 0.0103389 0.0346821 0.00844718 0.034411 0.00853329 0.0116461 0.00371913 0.00373476 0.00359928 0.0036656 0.00358283 0 0.00355145 0.00359536 0.00368129 0.00615204 0.00746795 0.0111571 0.00857503 0.0124696 0.0144955 0.0181867 0.0102986 0.0221728 0.0136954 0.0481747 0.00890392 0.0116385 0.0110722 0.00860614 0.115279 0.00930958 0.0393824 0.00894178 0.0414047 0.00935281 0.0108603 0.00973195 0.00846079 0.0217068 0.00884014 0.0337723 0.00895847 0.0339266 0.00923157 0.0174652 
0.00868152 0.00872213 0.0108575 0.00891379 0.00906161 0.00849034 0.00840718 0.00841091 0.0122803 0.010262 0.00934486 0.0074216 0.0036109 0.00383198 0.00405908 0.00356713 0.00357921 0.00355145 0 0.00355412 0.00354741 0.0054251 0.00696573 0.00796258 0.00941695 0.0126074 0.00855444 0.015629 0.00976117 0.00968321 0.0204645 0.0107392 0.0109189 0.00842321 0.00899801 0.018423 0.00939908 0.0138887 0.00972628 0.0153074 0.00921685 0.010337 0.00890162 0.0085872 0.00919095 0.00872822 0.0119016 0.00892097 0.0124484 0.00895213 0.0109303 0.00944907 
0.00882831 0.00948874 0.00870152 0.00926297 0.00851672 0.00938405 0.00895517 0.0104864 0.017042 0.00949308 0.012577 0.00820423 0.00358308 0.0106844 0.00365391 0.00352835 0.00359759 0.00359536 0.00355412 0 0.00360959 0.0066202 0.00887343 0.00884172 0.0191187 0.00830943 0.0197318 0.00827279 0.00962282 0.0136751 0.0193287 0.00994527 0.0098597 0.00853222 0.0382375 0.0121323 0.00937591 0.010226 0.00959601 0.00923687 0.00917652 0.0103269 0.00903818 0.00902095 0.0087969 0.00938394 0.00919443 0.00891096 0.0096259 0.00898384 0.0112366 0.00897081 
0.0161787 0.00869074 0.00839456 0.00882406 0.00837001 0.0116686 0.0107292 0.0308848 0.00851465 0.00934805 0.00836 0.0158547 0.00527508 0.00566376 0.00358298 0.00368445 0.0035752 0.00368129 0.00354741 0.00360959 0 0.019253 0.00663688 0.0765435 0.00783367 0.00849853 0.00726095 0.0100831 0.0143238 0.00988562 0.00998979 0.00913505 0.00829921 0.0106136 0.0314801 0.00882469 0.0106352 0.00871453 0.0100482 0.0085196 0.00952522 0.00856366 0.00991493 0.0135697 0.00840467 0.00967806 0.00859854 0.00927779 0.00854874 0.0110032 0.00870385 0.0140522 
0.00930837 0.00867983 0.00847727 0.00875298 0.00958909 0.0102728 0.0135734 0.0102408 0.00948908 0.0084527 0.00946746 0.0116215 0.00713606 0.00855807 0.00666461 0.00595901 0.00635693 0.00615204 0.0054251 0.0066202 0.019253 0 0.00892856 0.00390444 0.00846965 0.00414906 0.00406543 0.00626341 0.00663656 0.00779181 0.00723789 0.00738461 0.00784771 0.0126076 0.00937515 0.00948029 0.00865431 0.00884528 0.00837465 0.00834723 0.00831922 0.00906988 0.0109713 0.00893424 0.0088624 0.00856289 0.00853254 0.00861392 0.00874585 0.00879043 0.0099466 0.0140407 
0.0103333 0.00863762 0.00838749 0.00861918 0.00842504 0.0139139 0.00960789 0.0121632 0.00905487 0.00852855 0.0106948 0.0094289 0.0157554 0.00831535 0.00774906 0.00707444 0.00778733 0.00746795 0.00696573 0.00887343 0.00663688 0.00892856 0 0.0942636 0.00410796 0.00371825 0.00389889 0.00414057 0.00896862 0.00754138 0.00798966 0.00759514 0.00890863 0.00885241 0.0173044 0.0086844 0.00851089 0.00896413 0.00823474 0.0083818 0.0083434 0.00910313 0.00904776 0.0106887 0.0085706 0.00851479 0.00877758 0.00850518 0.00890702 0.00871408 0.0113998 0.00917513 
0.0139525 0.00918588 0.0089941 0.00955739 0.0157323 0.0119661 0.0168257 0.0247446 0.00985643 0.01191 0.00984545 0.0270979 0.010799 0.0129104 0.00944835 0.0116491 0.0100595 0.0111571 0.00796258 0.00884172 0.0765435 0.00390444 0.0942636 0 0.00378295 0.00368296 0.00365765 0.00419715 0.00802413 0.00696818 0.00723652 0.0299138 0.05774 0.614744 0.011595 0.00898105 0.0120163 0.0093006 0.0111999 0.00861906 0.0103001 0.00950259 0.0180937 0.0130542 0.0090922 0.0117763 0.00886532 0.0104985 0.00987123 0.0142155 0.0112207 0.0447422 
0.00895398 0.00917102 0.00890292 0.00902736 0.00898576 0.0101207 0.00935596 0.0100247 0.0203257 0.00878795 0.0262521 0.00899138 0.00900253 0.00920883 0.0151048 0.00882425 0.0124562 0.00857503 0.00941695 0.0191187 0.00783367 0.00846965 0.00410796 0.00378295 0 0.00360354 0.00364132 0.0038737 0.00577043 0.0063999 0.012524 0.0234082 0.651944 0.00715957 0.00845728 0.0102218 0.00833238 0.0142759 0.00818715 0.010267 0.00839553 0.0115621 0.00888495 0.00909019 0.0104615 0.00857551 0.0111268 0.00873327 0.0119248 0.0090271 0.0262488 0.00969881 
0.00939559 0.00863569 0.00972699 0.00863263 0.00843393 0.00894901 0.00887538 0.0121045 0.00897221 0.0422739 0.00899856 0.00921311 0.00906874 0.0105643 0.00923801 0.0156205 0.00908827 0.0124696 0.0126074 0.00830943 0.00849853 0.00414906 0.00371825 0.00368296 0.00360354 0 0.0035691 0.00354784 0.00495469 0.00743833 0.0355681 0.656449 0.00648885 0.00640107 0.00909433 0.00802283 0.0112169 0.00859405 0.0114409 0.00839188 0.0129701 0.00850129 0.00871244 0.00944667 0.00843891 0.0122497 0.00879033 0.0111549 0.00927764 0.0176791 0.0100873 0.0137362 
0.00851444 0.00938499 0.00853726 0.00899735 0.00833377 0.00881435 0.00876393 0.00904644 0.0180654 0.00897716 0.0119463 0.00853602 0.0101353 0.00954495 0.0102345 0.00861124 0.0097811 0.0144955 0.00855444 0.0197318 0.00726095 0.00406543 0.00389889 0.00365765 0.00364132 0.0035691 0 0.00356474 0.0053324 0.0293585 0.618293 0.006419 0.00678158 0.00569268 0.00780851 0.0100979 0.00816435 0.0103149 0.00802895 0.00912702 0.00826907 0.0096719 0.00843832 0.00858386 0.0100055 0.00860091 0.00983111 0.00864019 0.0126684 0.00917527 0.0136881 0.00911618 
0.0129176 0.0086082 0.00844627 0.00848305 0.00951002 0.0123502 0.00975691 0.017798 0.009513 0.00943803 0.0100875 0.011062 0.0317701 0.0106222 0.0097419 0.00932339 0.019724 0.0181867 0.015629 0.00827279 0.0100831 0.00626341 0.00414057 0.00419715 0.0038737 0.00354784 0.00356474 0 0.0320241 0.603609 0.00517705 0.00520685 0.00543934 0.00554744 0.0141343 0.00825778 0.00858841 0.00884058 0.00782314 0.00834425 0.00858618 0.00880836 0.0105279 0.0148404 0.00872469 0.00872912 0.00917573 0.00894047 0.00985426 0.00900877 0.0112073 0.0134644 
0.0107143 0.00877035 0.0087308 0.00902215 0.0114595 0.0116294 0.014204 0.0254083 0.0131726 0.00988094 0.011657 0.0180313 0.0189172 0.0108203 0.0118428 0.0123508 0.0116978 0.0102986 0.00976117 0.00962282 0.0143238 0.00663656 0.00896862 0.00802413 0.00577043 0.00495469 0.0053324 0.0320241 0 0.00360888 0.00358095 0.00359541 0.00368778 0.00435299 0.00732826 0.00748589 0.00758159 0.0203728 0.00860453 0.0105767 0.00843648 0.0116396 0.018148 0.0127784 0.0104157 0.00931622 0.00989823 0.00927751 0.0113524 0.0110788 0.0170264 0.0387372 
0.00968247 0.0103143 0.00949871 0.0113347 0.0092954 0.0110916 0.009985 0.0245287 0.0207407 0.0450783 0.0115218 0.017808 0.0108698 0.0326483 0.0103018 0.0321648 0.0131338 0.0221728 0.00968321 0.0136751 0.00988562 0.00779181 0.00754138 0.00696818 0.0063999 0.00743833 0.0293585 0.603609 0.00360888 0 0.00356633 0.00357238 0.00363568 0.00355103 0.00677012 0.00676033 0.0195077 0.00887162 0.0134424 0.00824624 0.0154962 0.0135451 0.0189179 0.0117175 0.0100019 0.0149539 0.00919796 0.0163286 0.00958071 0.0211443 0.0147756 0.0280985 
0.00942865 0.0101764 0.0155127 0.0106865 0.0102479 0.00896065 0.00912515 0.01127 0.0584952 0.0257938 0.033031 0.00967482 0.0111861 0.0122215 0.0451505 0.016668 0.0576459 0.0136954 0.0204645 0.0193287 0.00998979 0.00723789 0.00798966 0.00723652 0.012524 0.0355681 0.618293 0.00517705 0.00358095 0.00356633 0 0.00616039 0.00356612 0.00359406 0.00617166 0.0205373 0.00824985 0.0324887 0.00863926 0.0133592 0.00972284 0.0188935 0.0101075 0.0101925 0.0152569 0.0100447 0.024273 0.0102402 0.031975 0.0143113 0.0327014 0.0133427 
0.00955115 0.0105201 0.0107564 0.0108104 0.00867708 0.00892441 0.00891454 0.0171255 0.013428 0.146518 0.0105018 0.0107678 0.00993675 0.0234959 0.0123414 0.0771273 0.0117795 0.0481747 0.0107392 0.00994527 0.00913505 0.00738461 0.00759514 0.0299138 0.0234082 0.656449 0.006419 0.00520685 0.00359541 0.00357238 0.00616039 0 0.00356703 0.00357644 0.0180726 0.00631077 0.057488 0.0084259 0.0163824 0.00723771 0.0200534 0.00823034 0.011698 0.0105169 0.00864903 0.023461 0.00885278 0.0332502 0.00937355 0.0410418 0.0101438 0.0275059 
0.00885873 0.0094531 0.00924342 0.00875938 0.00874931 0.00904286 0.00882512 0.00926811 0.0318592 0.0097262 0.0304109 0.00859921 0.0113225 0.0102675 0.0211252 0.00924971 0.0442276 0.00890392 0.0109189 0.0098597 0.00829921 0.00784771 0.00890863 0.05774 0.651944 0.00648885 0.00678158 0.00543934 0.00368778 0.00363568 0.00356612 0.00356703 0 0.00355959 0.00553248 0.0277971 0.00655878 0.0119769 0.00618836 0.0127912 0.00658856 0.013122 0.00836385 0.00876093 0.0159467 0.00836925 0.0186094 0.00850397 0.0213328 0.00869955 0.032865 0.00901777 
0.0135764 0.00846582 0.0083303 0.0086096 0.00821311 0.0107361 0.00950673 0.0287948 0.00879131 0.0117113 0.00879792 0.0149239 0.0153924 0.0144648 0.00856848 0.0132496 0.00879148 0.0116385 0.00842321 0.00853222 0.0106136 0.0126076 0.00885241 0.614744 0.00715957 0.00640107 0.00569268 0.00554744 0.00435299 0.00355103 0.00359406 0.00357644 0.00355959 0 0.0220726 0.00999616 0.00930668 0.00678367 0.00708885 0.005386 0.00771012 0.00615137 0.0078432 0.0219061 0.00820771 0.0116151 0.00819039 0.0146537 0.00832379 0.015992 0.00865058 0.0349659 
0.00928283 0.00839096 0.00853213 0.00889667 0.0104224 0.00968378 0.0121164 0.014911 0.00939709 0.0107152 0.009878 0.0396667 0.0103435 0.0116842 0.00925137 0.011914 0.00949743 0.0110722 0.00899801 0.0382375 0.0314801 0.00937515 0.0173044 0.011595 0.00845728 0.00909433 0.00780851 0.0141343 0.00732826 0.00677012 0.00617166 0.0180726 0.00553248 0.0220726 0 0.00361285 0.00370625 0.00370418 0.00370558 0.00363222 0.00400973 0.00406934 0.0095767 0.00788334 0.00758204 0.00961985 0.00805791 0.0110939 0.00841213 0.0155689 0.0248399 0.933891 
0.00822775 0.00829102 0.00849132 0.0084973 0.00938495 0.00859744 0.00855427 0.00859765 0.0205487 0.00893587 0.0297271 0.00888004 0.00980396 0.00881134 0.0184941 0.00894886 0.0221423 0.00860614 0.018423 0.0121323 0.00882469 0.00948029 0.0086844 0.00898105 0.0102218 0.00802283 0.0100979 0.00825778 0.00748589 0.00676033 0.0205373 0.00631077 0.0277971 0.00999616 0.00361285 0 0.00353775 0.00363687 0.00354266 0.00389188 0.00352914 0.0121453 0.00400738 0.00631253 0.0106142 0.0070698 0.0145781 0.00768972 0.0215323 0.00846139 0.964708 0.0116517 
0.00942297 0.00844957 0.00849413 0.00915291 0.00835068 0.00875534 0.00865991 0.0134665 0.00884718 0.064662 0.00889931 0.011982 0.00910748 0.0191021 0.00880722 0.0450713 0.00890713 0.115279 0.00939908 0.00937591 0.0106352 0.00865431 0.00851089 0.0120163 0.00833238 0.0112169 0.00816435 0.00858841 0.00758159 0.0195077 0.00824985 0.057488 0.00655878 0.00930668 0.00370625 0.00353775 0 0.00356043 0.0037593 0.00355898 0.00631243 0.00364438 0.00377486 0.0102602 0.00694874 0.0184464 0.00749329 0.0200548 0.00879046 0.967945 0.0102296 0.0326983 
0.00855934 0.00897501 0.0103135 0.00841841 0.0101921 0.0100403 0.00857747 0.00889927 0.0474463 0.00940202 0.0268317 0.00866594 0.0121199 0.00880013 0.0573924 0.00914925 0.191143 0.00930958 0.0138887 0.010226 0.00871453 0.00884528 0.00896413 0.0093006 0.0142759 0.00859405 0.0103149 0.00884058 0.0203728 0.00887162 0.0324887 0.0084259 0.0119769 0.00678367 0.00370418 0.00363687 0.00356043 0 0.00351321 0.0038805 0.00356575 0.00380387 0.003669 0.00618189 0.0161531 0.00677275 0.0173464 0.0078566 0.980131 0.00898047 0.0288969 0.011136 
0.0094446 0.00842391 0.00863852 0.0102872 0.00818395 0.00912349 0.00867763 0.0174704 0.0088853 0.0741008 0.00899176 0.0145612 0.00882561 0.0228848 0.00863383 0.253888 0.00891711 0.0393824 0.00972628 0.00959601 0.0100482 0.00837465 0.00823474 0.0111999 0.00818715 0.0114409 0.00802895 0.00782314 0.00860453 0.0134424 0.00863926 0.0163824 0.00618836 0.00708885 0.00370558 0.00354266 0.0037593 0.00351321 0 0.00354176 0.00363681 0.00355245 0.00370993 0.0122114 0.00584613 0.0136372 0.00680734 0.976028 0.0075352 0.0282498 0.00772094 0.0288654 
0.00825325 0.0086782 0.0103995 0.00838633 0.00919914 0.00862897 0.00828843 0.00860339 0.035823 0.00948687 0.0323195 0.00856617 0.0103025 0.00856456 0.229474 0.00894993 0.0765684 0.00894178 0.0153074 0.00923687 0.0085196 0.00834723 0.0083818 0.00861906 0.010267 0.00839188 0.00912702 0.00834425 0.0105767 0.00824624 0.0133592 0.00723771 0.0127912 0.005386 0.00363222 0.00389188 0.00355898 0.0038805 0.00354176 0 0.00352933 0.00363414 0.00355318 0.00515244 0.00858558 0.00648016 0.975697 0.00797373 0.0183649 0.007321 0.0306364 0.00807141 
0.00900316 0.00861031 0.00881148 0.00940846 0.00831755 0.00840645 0.0084388 0.0130505 0.00923171 0.113634 0.0090459 0.0103476 0.00870268 0.0782729 0.00898891 0.0921443 0.00904826 0.0414047 0.00921685 0.00917652 0.00952522 0.00831922 0.0083434 0.0103001 0.00839553 0.0129701 0.00826907 0.00858618 0.00843648 0.0154962 0.00972284 0.0200534 0.00658856 0.00771012 0.00400973 0.00352914 0.00631243 0.00356575 0.00363681 0.00352933 0 0.00354086 0.00362541 0.0104619 0.00607671 0.974342 0.00828641 0.0170968 0.00677135 0.0407626 0.00809771 0.0281812 
0.00834576 0.00857588 0.00876012 0.00842752 0.00852617 0.00851444 0.00845579 0.00916255 0.0360613 0.00948817 0.0229816 0.00861778 0.0537068 0.00989691 0.0239191 0.00923973 0.0251617 0.00935281 0.010337 0.0103269 0.00856366 0.00906988 0.00910313 0.00950259 0.0115621 0.00850129 0.0096719 0.00880836 0.0116396 0.0135451 0.0188935 0.00823034 0.013122 0.00615137 0.00406934 0.0121453 0.00364438 0.00380387 0.00355245 0.00363414 0.00354086 0 0.00355958 0.00493453 0.949204 0.00629721 0.0108687 0.00637997 0.0190697 0.00728496 0.036861 0.00822145 
0.00998547 0.00850979 0.0083817 0.00863524 0.00839703 0.00937087 0.00924495 0.0214445 0.00917619 0.0129191 0.00947423 0.0170876 0.0192638 0.014498 0.00892328 0.0136323 0.00944806 0.0108603 0.00890162 0.00903818 0.00991493 0.0109713 0.00904776 0.0180937 0.00888495 0.00871244 0.00843832 0.0105279 0.018148 0.0189179 0.0101075 0.011698 0.00836385 0.0078432 0.0095767 0.00400738 0.00377486 0.003669 0.00370993 0.00355318 0.00362541 0.00355958 0 0.924803 0.0054302 0.00883913 0.00542435 0.0165179 0.00629556 0.0106204 0.00815316 0.0283451 
0.0103067 0.00815692 0.00813266 0.00841958 0.00880407 0.0090269 0.00987146 0.0121409 0.00847472 0.0092754 0.00873125 0.0290974 0.00885473 0.0100449 0.0087142 0.0106237 0.00887848 0.00973195 0.0085872 0.00902095 0.0135697 0.00893424 0.0106887 0.0130542 0.00909019 0.00944667 0.00858386 0.0148404 0.0127784 0.0117175 0.0101925 0.0105169 0.00876093 0.0219061 0.00788334 0.00631253 0.0102602 0.00618189 0.0122114 0.00515244 0.0104619 0.00493453 0.924803 0 0.00367396 0.00369104 0.00356412 0.00366483 0.00359553 0.00451832 0.00408754 0.0314314 
0.0081582 0.00821289 0.00838312 0.00812487 0.00852339 0.00850914 0.00822802 0.00832804 0.013604 0.00847706 0.0139741 0.00825555 0.00882979 0.0085355 0.0134672 0.00857185 0.0143366 0.00846079 0.00919095 0.0087969 0.00840467 0.0088624 0.0085706 0.0090922 0.0104615 0.00843891 0.0100055 0.00872469 0.0104157 0.0100019 0.0152569 0.00864903 0.0159467 0.00820771 0.00758204 0.0106142 0.00694874 0.0161531 0.00584613 0.00858558 0.00607671 0.949204 0.0054302 0.00367396 0 0.00359043 0.0038019 0.00356412 0.00387356 0.00376803 0.00913187 0.00416979 
0.00879281 0.00822554 0.00824906 0.00880628 0.00811422 0.00827935 0.00842908 0.0107551 0.00858921 0.0321065 0.0085717 0.0101656 0.00851405 0.0144645 0.00869254 0.0347846 0.00884065 0.0217068 0.00872822 0.00938394 0.00967806 0.00856289 0.00851479 0.0117763 0.00857551 0.0122497 0.00860091 0.00872912 0.00931622 0.0149539 0.0100447 0.023461 0.00836925 0.0116151 0.00961985 0.0070698 0.0184464 0.00677275 0.0136372 0.00648016 0.974342 0.00629721 0.00883913 0.00369104 0.00359043 0 0.00353829 0.00362703 0.003561 0.00776789 0.00363666 0.00570069 
0.00821305 0.00841798 0.00881095 0.00818974 0.00905191 0.00841424 0.00823803 0.0082762 0.0186061 0.00890775 0.0178138 0.00839629 0.00965684 0.0085059 0.0308109 0.00876085 0.0360494 0.00884014 0.0119016 0.00919443 0.00859854 0.00853254 0.00877758 0.00886532 0.0111268 0.00879033 0.00983111 0.00917573 0.00989823 0.00919796 0.024273 0.00885278 0.0186094 0.00819039 0.00805791 0.0145781 0.00749329 0.0173464 0.00680734 0.975697 0.00828641 0.0108687 0.00542435 0.00356412 0.0038019 0.00353829 0 0.00348704 0.00399199 0.00359134 0.00433684 0.00369406 
0.00878375 0.00833905 0.00834518 0.00898285 0.00823289 0.00828731 0.00838087 0.0112059 0.00869221 0.0304857 0.00877076 0.0104756 0.00854423 0.0148787 0.0086702 0.049105 0.00893629 0.0337723 0.00892097 0.00891096 0.00927779 0.00861392 0.00850518 0.0104985 0.00873327 0.0111549 0.00864019 0.00894047 0.00927751 0.0163286 0.0102402 0.0332502 0.00850397 0.0146537 0.0110939 0.00768972 0.0200548 0.0078566 0.976028 0.00797373 0.0170968 0.00637997 0.0165179 0.00366483 0.00356412 0.00362703 0.00348704 0 0.00355228 0.00393552 0.00361832 0.00682605 
0.00828377 0.00883642 0.00976253 0.00837273 0.0099251 0.00883772 0.00852326 0.00832219 0.0268673 0.00899578 0.0207712 0.00855243 0.00971557 0.00851174 0.0512956 0.00902597 0.0578626 0.00895847 0.0124484 0.0096259 0.00854874 0.00874585 0.00890702 0.00987123 0.0119248 0.00927764 0.0126684 0.00985426 0.0113524 0.00958071 0.031975 0.00937355 0.0213328 0.00832379 0.00841213 0.0215323 0.00879046 0.980131 0.0075352 0.0183649 0.00677135 0.0190697 0.00629556 0.00359553 0.00387356 0.003561 0.00399199 0.00355228 0 0.0035568 0.00380858 0.00354349 
0.00974569 0.00843695 0.00848564 0.0106232 0.00824523 0.00847177 0.0092693 0.0150622 0.00876392 0.0907989 0.00884893 0.0126288 0.009045 0.0230615 0.0091502 0.0804692 0.00903939 0.0339266 0.00895213 0.00898384 0.0110032 0.00879043 0.00871408 0.0142155 0.0090271 0.0176791 0.00917527 0.00900877 0.0110788 0.0211443 0.0143113 0.0410418 0.00869955 0.015992 0.0155689 0.00846139 0.967945 0.00898047 0.0282498 0.007321 0.0407626 0.00728496 0.0106204 0.00451832 0.00376803 0.00776789 0.00359134 0.00393552 0.0035568 0 0.00356354 0.00429592 
0.00880936 0.00985129 0.00979239 0.00869138 0.00993722 0.00949881 0.00922732 0.0091758 0.0361208 0.00929518 0.0225665 0.0087326 0.0145646 0.0100765 0.0302215 0.00919635 0.0324036 0.00923157 0.0109303 0.0112366 0.00870385 0.0099466 0.0113998 0.0112207 0.0262488 0.0100873 0.0136881 0.0112073 0.0170264 0.0147756 0.0327014 0.0101438 0.032865 0.00865058 0.0248399 0.964708 0.0102296 0.0288969 0.00772094 0.0306364 0.00809771 0.036861 0.00815316 0.00408754 0.00913187 0.00363666 0.00433684 0.00361832 0.00380858 0.00356354 0 0.00358658 
0.0150521 0.00894338 0.00862936 0.00943747 0.00830696 0.0111035 0.0102003 0.0410449 0.00925867 0.02195 0.00937695 0.0206315 0.0205138 0.0256201 0.00882226 0.0309246 0.0101948 0.0174652 0.00944907 0.00897081 0.0140522 0.0140407 0.00917513 0.0447422 0.00969881 0.0137362 0.00911618 0.0134644 0.0387372 0.0280985 0.0133427 0.0275059 0.00901777 0.0349659 0.933891 0.0116517 0.0326983 0.011136 0.0288654 0.00807141 0.0281812 0.00822145 0.0283451 0.0314314 0.00416979 0.00570069 0.00369406 0.00682605 0.00354349 0.00429592 0.00358658 0 
