1MJ9A
ARVRNLNRIIMGKYEIEPWYFSPYPIELTDEDFIYIDDFTLQYFGSKKQYERYRKKCTLRHPPGNEIYRDDYVSFFEIDGRKQRTWCRNLCLLSKLFLDHKTLYYDVDPFLFYCMTRRDELGHHLVGYFSKEKESADGYNVASILTLPQYQRMGYGKLLIEFSYELSKKENKVGSPEKPLSDLGLLSYRAYWSDTLITLLVEHQKEITIDEISSMTSMTTTDILHTAKTLNILRYYKGQHIIFLNEDILDRYNRLKAKKRRTIDPNRLIWKPP
CCCCCCCEEEECCEEECCCCCCCCCCCCCCCCEEEECCCCCCEECCHHHHHHHHHCCCCCCCCCEEEEECCCEEEEEEEHHHCHHHHHHHHHHHHHHCCCCCCCCCCCCEEEEEEEEEECCEEEEEEEEEEECCCCCCEEECCEEECHHHCCCCHHHHHHHHHHHHHHHCCCCCEECCCCCHHHHHHHHHHHHHHHHHHHHHCCCEEEHHHHHHHHCCCHHHHHHHHHHCCCEEEECCEEEEECCHHHHHHHHHHHHCCCCCCCHHHECCCCC
0 0 0 0 0 0 0 0 0 0 0 0 0 0 0 0 0 0 0 0 0 0 0 0 0 0 0 0 0 0 0 0 0 0 0 0 0 0 0 0 0 0 0 0 0 0 0 0 0 0 0 0 0 0 0 0 0 0 0 0 0 0 0 0 0 0 0 0 0 0 0 0 0 0 0 0 0 0 0 0 0 0 0 0 0 0 0 0 0 0 0 0 0 0 0 0 0 0 0 0 0 0 0 0 0 0 0 0 0 0 0 0 0 0 0 0 0 0 0 0 0 0 0 0 0 0 0 0 0 0 0 0 0 0 0 0 0 0 0 0 0 0 0 0 0 0 0 0 0 0 0 0 0 0 0 0 0 0 0 0 0 0 0 0 0 0 0 0 0 0 0 0 0 0 0 0 0 0 0 0 0 0 0 0 0 0 0 0 0 0 0 0 0 0 0 0 0 0 0 0 0 0 0 0 0 0 0 0 0 0 0 0 0 0 0 0 0 0 0 0 0 0 0 0 0 0 0 0 0 0 0 0 0 0 0 0 0 0 0 0 0 0 0 0 0 0 0 0 0 0 0 0 0 0 0 0 0 0 0 0 0 0 0 0 0 0 0 0 0 0 0 0 0 
0 0 0 0 0 0 0 0 0 0 0 0 0 0 0 0 0 0 0 0 0 0 0 0 0 0 0 0 0 0 0 0 0 0 0 0 0 0 0 0 0 0 0 0 0 0 0 0 0 0 0 0 0 0 0 0 0 0 0 0 0 0 0 0 0 0 0 0 0 0 0 0 0 0 0 0 0 0 0 0 0 0 0 0 0 0 0 0 0 0 0 0 0 0 0 0 0 0 0 0 0 0 0 0 0 0 0 0 0 0 0 0 0 0 0 0 0 0 0 0 0 0 0 0 0 0 0 0 0 0 0 0 0 0 0 0 0 0 0 0 0 0 0 0 0 0 0 0 0 0 0 0 0 0 0 0 0 0 0 0 0 0 0 0 0 0 0 0 0 0 0 0 0 0 0 0 0 0 0 0 0 0 0 0 0 0 0 0 0 0 0 0 0 0 0 0 0 0 0 0 0 0 0 0 0 0 0 0 0 0 0 0 0 0 0 0 0 0 0 0 0 0 0 0 0 0 0 0 0 0 0 0 0 0 0 0 0 0 0 0 0 0 0 0 0 0 0 0 0 0 0 0 0 0 0 0 0 0 0 0 0 0 0 0 0 0 0 0 0 0 0 0 0 
0 0.00442474 0.00372945 0.00383838 0.00765202 0.00982837 0.0627746 0.293 0.0129137 0.0146444 0.017307 0.0136811 0.0114672 0.0104605 0.0108616 0.00894894 0.00952659 0.0140529 0.0110635 0.0101301 0.00994919 0.00994957 0.0100401 0.00898545 0.0137401 0.0102831 0.00867623 0.00877547 0.0089338 0.00894285 0.00862743 0.00852069 0.00842967 0.00852154 0.00870317 0.00835703 0.00829046 0.00868501 0.00860948 0.00865666 0.0085777 0.00866638 0.00838744 0.00841904 0.00817098 0.00890644 0.00861939 0.00829292 0.00865848 0.00892727 0.00854409 0.0107894 0.00822506 0.00815005 0.00849049 0.00833087 0.00885127 0.00818083 0.00823814 0.00815802 0.00827525 0.00823055 0.00829176 0.00835597 0.00838535 0.00873239 0.00832409 
0.00442474 0 0.00661753 0.00366485 0.00524522 0.00951348 0.807828 0.0150262 0.261131 0.0200349 0.0156193 0.0117569 0.0106825 0.00899993 0.0101575 0.0147463 0.0134205 0.00962253 0.0130255 0.0138096 0.0194713 0.0219487 0.0117252 0.0215717 0.00893721 0.00940144 0.00977047 0.0118258 0.0112994 0.011028 0.0110078 0.00941761 0.00909554 0.00918952 0.00844089 0.00819431 0.00923585 0.00874077 0.0115161 0.00997459 0.0103174 0.00936845 0.0094156 0.00853382 0.00900833 0.00848884 0.00837384 0.0085782 0.00868654 0.00890428 0.00962898 0.00876079 0.00822777 0.00816706 0.00827959 0.00864346 0.00833526 0.00823369 0.00835305 0.0082903 0.00823994 0.00821023 0.00840275 0.00859549 0.00868164 0.00858899 0.00839166 
0.00372945 0.00661753 0 0.00374288 0.00812091 0.915024 0.00435784 0.0216253 0.0220183 0.21551 0.0128389 0.0126382 0.0101533 0.00886864 0.0132158 0.0101601 0.0128505 0.0100299 0.00991829 0.0288415 0.0181789 0.0133311 0.0370597 0.0103876 0.0116305 0.00916155 0.0139388 0.0117677 0.0147544 0.0128489 0.010314 0.0104087 0.00890048 0.00864216 0.00827729 0.00852488 0.00877637 0.00989679 0.0104754 0.0114794 0.0104177 0.0121045 0.00909126 0.00964987 0.00838494 0.00824192 0.00826455 0.00883835 0.00850192 0.00938383 0.00940666 0.00911551 0.00811777 0.00816932 0.0083666 0.00850199 0.00829289 0.0082337 0.00834297 0.00823836 0.00812844 0.00817349 0.00852134 0.00856181 0.00856524 0.00830273 0.00812135 
0.00383838 0.00366485 0.00374288 0 0.977452 0.00377091 0.0047982 0.0173432 0.0160395 0.0137817 0.0599924 0.012718 0.01522 0.0124087 0.00896973 0.00915245 0.00954657 0.00984743 0.0230301 0.00947613 0.0105354 0.0112578 0.00931177 0.0130011 0.0102774 0.0156516 0.00917543 0.00972333 0.00977855 0.00957099 0.00918817 0.00879094 0.00857368 0.00847625 0.00831842 0.00884598 0.00862968 0.00848362 0.00940826 0.00887244 0.00948271 0.00917688 0.00896088 0.00838993 0.00846827 0.0084768 0.00909386 0.00840926 0.00917111 0.0107369 0.00901269 0.00935287 0.00817182 0.00824988 0.00831141 0.00848029 0.00828544 0.00830297 0.00817609 0.00814862 0.00822094 0.00820941 0.00824612 0.00835363 0.00821824 0.00830744 0.00854449 
0.00765202 0.00524522 0.00812091 0.977452 0 0.00393532 0.00441322 0.0359028 0.0191372 0.0157548 0.0423703 0.0123552 0.0196872 0.00965479 0.00907994 0.00952537 0.00946164 0.0161668 0.0113195 0.00870023 0.00925127 0.00898457 0.00887338 0.00952332 0.0109949 0.00991974 0.00828366 0.00862388 0.00859972 0.00867564 0.00842556 0.00832951 0.00830409 0.00865356 0.00897337 0.00827139 0.00828142 0.00829682 0.00838019 0.00840593 0.00842932 0.00839352 0.00835134 0.0082425 0.00845365 0.00948063 0.00902967 0.00816276 0.00908312 0.00866856 0.00846718 0.0101975 0.00811788 0.00876622 0.00849951 0.00886311 0.00894586 0.00829962 0.00831775 0.00855903 0.00868616 0.00840685 0.00825554 0.00855653 0.00853739 0.00907661 0.00938083 
0.00982837 0.00951348 0.915024 0.00377091 0.00393532 0 0.00367134 0.0164305 0.0482962 0.115917 0.00980195 0.016431 0.010792 0.00879366 0.0131223 0.00877535 0.0112695 0.00941523 0.0090692 0.0153209 0.00881267 0.00887028 0.0099513 0.00896899 0.00929995 0.00845595 0.0097564 0.00837926 0.00868643 0.00845388 0.00838314 0.00833745 0.00829781 0.00844724 0.00844145 0.00830266 0.0083798 0.00837942 0.00839194 0.00832448 0.00843795 0.0084547 0.00830906 0.00843459 0.00830077 0.00861956 0.00813725 0.00900322 0.00813982 0.00843877 0.00883313 0.00870239 0.00833794 0.00816182 0.00847407 0.00830582 0.00883402 0.00828471 0.00829312 0.00831084 0.00824393 0.00820935 0.00834478 0.00831091 0.00844055 0.00832039 0.0081761 
0.0627746 0.807828 0.00435784 0.0047982 0.00441322 0.00367134 0 0.0217806 0.0348017 0.0122398 0.0495381 0.0146313 0.0166221 0.0145969 0.00866832 0.0115405 0.00970598 0.00931626 0.0302954 0.00897127 0.0101348 0.0116149 0.00887269 0.0130518 0.00918119 0.0165383 0.00879918 0.0096594 0.00883775 0.00913345 0.00882062 0.00861127 0.00847249 0.00897787 0.00850471 0.00868955 0.00881636 0.0082333 0.00912312 0.00879214 0.00902172 0.0086818 0.00882661 0.00830724 0.00906018 0.00833441 0.0103803 0.00817785 0.00950095 0.0103372 0.00882164 0.00888016 0.00815566 0.00859455 0.00824954 0.00901516 0.00811474 0.00854509 0.0082117 0.00822071 0.00839789 0.0083806 0.00820105 0.00838289 0.00825404 0.00850963 0.011089 
0.293 0.0150262 0.0216253 0.0173432 0.0359028 0.0164305 0.0217806 0 0.00367526 0.00366799 0.00385463 0.00826137 0.0149936 0.0348789 0.0181654 0.00960546 0.015111 0.0255724 0.0163948 0.0164109 0.01234 0.0137161 0.0178191 0.0105611 0.0222399 0.0128295 0.0105355 0.0104977 0.0127605 0.01084 0.0101658 0.0095811 0.00935946 0.00938934 0.0107844 0.00917473 0.00862045 0.0107777 0.00944638 0.0100016 0.00951974 0.00972952 0.00871779 0.00912983 0.00898544 0.0120903 0.00895998 0.00870197 0.0103436 0.0107565 0.009394 0.014186 0.00826666 0.00840705 0.00881361 0.00836251 0.0105636 0.0082856 0.00824807 0.00821835 0.00831317 0.00831677 0.0082934 0.00847317 0.00846773 0.00898258 0.00840575 
0.0129137 0.261131 0.0220183 0.0160395 0.0191372 0.0482962 0.0348017 0.00367526 0 0.0036177 0.00359456 0.0105055 0.0147502 0.0270342 0.0200161 0.0193673 0.0210772 0.0106219 0.0176695 0.0313361 0.040914 0.0368472 0.0190499 0.0326358 0.00971587 0.0121268 0.0176097 0.0316116 0.0237407 0.0251789 0.0220168 0.0145862 0.0111335 0.0110174 0.00887675 0.0084955 0.0122154 0.0120995 0.0243077 0.0152284 0.0211411 0.0139397 0.0131352 0.00937311 0.0101933 0.00889143 0.00871636 0.00918822 0.0115365 0.0104161 0.0157489 0.0100339 0.00818016 0.00831284 0.00827779 0.00883674 0.00850287 0.00825362 0.00832625 0.00845134 0.00822324 0.0082191 0.00846981 0.00903132 0.00884514 0.00871721 0.00831301 
0.0146444 0.0200349 0.21551 0.0137817 0.0157548 0.115917 0.0122398 0.00366799 0.0036177 0 0.00358593 0.0120382 0.484292 0.010736 0.0237656 0.0159636 0.0264902 0.0151016 0.0108598 0.051084 0.0301471 0.0233816 0.0563272 0.0193961 0.0173953 0.0104183 0.0305386 0.0230963 0.0322769 0.0248905 0.0227081 0.0204289 0.0160537 0.0108065 0.00874644 0.00887406 0.0103197 0.0159671 0.017069 0.0239973 0.0192321 0.0254065 0.0126248 0.014242 0.00920678 0.00864735 0.00873824 0.0136395 0.00969083 0.0128886 0.0153174 0.0109559 0.00839135 0.00833384 0.0084513 0.00879373 0.0086972 0.00827952 0.00855287 0.00852504 0.00819471 0.00824199 0.00877321 0.00900161 0.00889703 0.00859426 0.00822299 
0.017307 0.0156193 0.0128389 0.0599924 0.0423703 0.00980195 0.0495381 0.00385463 0.00359456 0.00358593 0 0.621922 0.0124027 0.0188774 0.010352 0.012438 0.0207887 0.0215852 0.0326301 0.0119098 0.01435 0.0175276 0.011538 0.0197981 0.0166786 0.0228464 0.0104378 0.0130356 0.0122579 0.0130003 0.0106705 0.0111402 0.00928352 0.00930239 0.00894856 0.0106571 0.0101619 0.00930135 0.0111893 0.0104 0.0109862 0.0108889 0.0106812 0.00911392 0.0089426 0.00910109 0.011578 0.00925652 0.0113087 0.0154151 0.0105656 0.0125549 0.00852823 0.00841877 0.00856318 0.00856157 0.00862532 0.00862989 0.00826023 0.00834697 0.00825567 0.00830406 0.00834841 0.00850755 0.00844061 0.00852392 0.00847723 
0.0136811 0.0117569 0.0126382 0.012718 0.0123552 0.016431 0.0146313 0.00826137 0.0105055 0.0120382 0.621922 0 0.00556373 0.019586 0.017706 0.0152551 0.0190837 0.0199849 0.0130149 0.0133461 0.0100086 0.00961805 0.0103799 0.0105506 0.0337031 0.0105269 0.0100728 0.00896114 0.00930704 0.00919128 0.00888772 0.00865247 0.00851635 0.00867086 0.00986711 0.00854622 0.0084093 0.00851569 0.00883224 0.00890312 0.00873259 0.00873962 0.00853451 0.00861324 0.00846958 0.00991664 0.00863346 0.00868964 0.00912306 0.00968897 0.00890355 0.0108124 0.00818222 0.00833234 0.00844006 0.00848633 0.0088212 0.00815065 0.00825203 0.00826263 0.00816852 0.0081344 0.00826903 0.00830758 0.0083183 0.0085036 0.0088777 
0.0114672 0.0106825 0.0101533 0.01522 0.0196872 0.010792 0.0166221 0.0149936 0.0147502 0.484292 0.0124027 0.00556373 0 0.0170446 0.00909354 0.0122188 0.0257922 0.0194143 0.018236 0.01022 0.0100203 0.0102609 0.00939411 0.0376968 0.0134308 0.0123398 0.00925419 0.00927424 0.00924096 0.00903362 0.00875331 0.00861483 0.00848517 0.00904402 0.00851661 0.00897419 0.00870842 0.0083061 0.00875073 0.00856053 0.00878866 0.00853893 0.00864835 0.00839446 0.00875469 0.0083949 0.00958326 0.00865616 0.00890147 0.010353 0.0092936 0.00974267 0.00823173 0.00840202 0.00823788 0.00863172 0.00835723 0.00817982 0.00811192 0.00817665 0.00816501 0.00806473 0.00818052 0.00820796 0.00814389 0.00829193 0.00839161 
0.0104605 0.00899993 0.00886864 0.0124087 0.00965479 0.00879366 0.0145969 0.0348789 0.0270342 0.010736 0.0188774 0.019586 0.0170446 0 0.00535181 0.00360132 0.00391465 0.00473858 0.00471137 0.00472773 0.00557315 0.00708847 0.396044 0.048623 0.0107088 0.0113006 0.00891044 0.00896222 0.00897733 0.00896302 0.00865364 0.00849451 0.00893013 0.00888567 0.011248 0.00863613 0.00841696 0.0085018 0.00880066 0.0087278 0.00865839 0.00860986 0.00847029 0.00833135 0.00860944 0.0125786 0.00851916 0.0081487 0.010026 0.00917877 0.00852265 0.0147733 0.00809656 0.00848347 0.00822749 0.00816525 0.00876572 0.00816247 0.00802993 0.00804461 0.00832227 0.0083005 0.00803708 0.00823967 0.00813133 0.00862603 0.00843597 
0.0108616 0.0101575 0.0132158 0.00896973 0.00907994 0.0131223 0.00866832 0.0181654 0.0200161 0.0237656 0.010352 0.017706 0.00909354 0.00535181 0 0.00355914 0.00427965 0.00378448 0.00392094 0.00537981 0.0083191 0.385303 0.104736 0.00773083 0.0055032 0.00993824 0.0160524 0.00950396 0.015393 0.00999593 0.00989082 0.0109094 0.00934002 0.00945255 0.00915523 0.0088705 0.0091692 0.0105063 0.0097855 0.0103799 0.0101595 0.0100937 0.00914301 0.00959565 0.00901663 0.00905705 0.00846334 0.00936808 0.00855334 0.00903452 0.00957482 0.00906217 0.00828394 0.00810849 0.00887495 0.00833305 0.00906733 0.00811268 0.00831631 0.00828338 0.00819945 0.00806549 0.00840951 0.00838724 0.00856299 0.00835144 0.00814542 
0.00894894 0.0147463 0.0101601 0.00915245 0.00952537 0.00877535 0.0115405 0.00960546 0.0193673 0.0159636 0.012438 0.0152551 0.0122188 0.00360132 0.00355914 0 0.00356413 0.00379868 0.00422676 0.00795974 0.219988 0.145244 0.0124092 0.00654159 0.00521049 0.0115133 0.0104657 0.0254291 0.0128856 0.0160581 0.0152554 0.0123874 0.0117267 0.00956118 0.00872333 0.00862388 0.0105049 0.010508 0.0172537 0.012664 0.0143522 0.0117705 0.0126662 0.00925216 0.00910542 0.00868901 0.00864081 0.00843619 0.00918962 0.00946475 0.00909948 0.00995166 0.00804353 0.00825581 0.00814426 0.00856177 0.00836201 0.00808047 0.00828365 0.00826244 0.00817176 0.00809939 0.00828004 0.0087531 0.00850129 0.00848976 0.00817794 
0.00952659 0.0134205 0.0128505 0.00954657 0.00946164 0.0112695 0.00970598 0.015111 0.0210772 0.0264902 0.0207887 0.0190837 0.0257922 0.00391465 0.00427965 0.00356413 0 0.00357594 0.00678483 0.128216 0.430999 0.0101199 0.00884025 0.00676342 0.00558657 0.0108072 0.0206932 0.0135196 0.0156798 0.0140653 0.0139651 0.0134777 0.00986144 0.0100279 0.00874383 0.0088521 0.0115108 0.0106202 0.0123804 0.0131813 0.0120304 0.013198 0.0105152 0.00969867 0.00952528 0.00883645 0.00892385 0.0104015 0.0097625 0.0100612 0.0135235 0.0104779 0.00822854 0.00835306 0.00847451 0.00884276 0.00856001 0.00810419 0.00846664 0.0083677 0.00817929 0.00801734 0.00851432 0.00865779 0.00861242 0.00846722 0.00819271 
0.0140529 0.00962253 0.0100299 0.00984743 0.0161668 0.00941523 0.00931626 0.0255724 0.0106219 0.0151016 0.0215852 0.0199849 0.0194143 0.00473858 0.00378448 0.00379868 0.00357594 0 0.236123 0.536651 0.00440656 0.0049857 0.00501818 0.00521705 0.00571607 0.0184937 0.0113927 0.0105705 0.0111235 0.0107234 0.0103757 0.0116056 0.00938648 0.00895367 0.00952579 0.0149396 0.00945915 0.00964622 0.009798 0.0102372 0.00987634 0.0114451 0.00973399 0.00942872 0.00865937 0.00911859 0.0131994 0.00946628 0.00965827 0.0168975 0.0098698 0.0121346 0.00910084 0.00822837 0.00935608 0.0084135 0.00887263 0.00892223 0.00818497 0.00825553 0.00819709 0.00843763 0.00842732 0.00839587 0.00822665 0.00830286 0.00826413 
0.0110635 0.0130255 0.00991829 0.0230301 0.0113195 0.0090692 0.0302954 0.0163948 0.0176695 0.0108598 0.0326301 0.0130149 0.018236 0.00471137 0.00392094 0.00422676 0.00678483 0.236123 0 0.0036286 0.00361334 0.00357522 0.00363621 0.00560937 0.00387513 0.0722432 0.0117686 0.0129854 0.0128327 0.0113135 0.0120083 0.0101867 0.0396243 0.0106048 0.0140781 0.010356 0.0104397 0.00981972 0.0121742 0.0109456 0.0111359 0.0249694 0.0104047 0.00922646 0.0111386 0.0182629 0.0108859 0.00898316 0.0188336 0.0139236 0.010147 0.0240782 0.00826041 0.00918135 0.00828794 0.0088527 0.00994219 0.00821033 0.00811637 0.00813278 0.00848407 0.00817943 0.00825231 0.00852884 0.00849597 0.00930206 0.00896496 
0.0101301 0.0138096 0.0288415 0.00947613 0.00870023 0.0153209 0.00897127 0.0164109 0.0313361 0.051084 0.0119098 0.0133461 0.01022 0.00472773 0.00537981 0.00795974 0.128216 0.536651 0.0036286 0 0.00356673 0.00358635 0.00354584 0.00361363 0.00379649 0.0481606 0.0835323 0.021333 0.0351973 0.0230844 0.0243904 0.0792813 0.0158817 0.0120359 0.0101511 0.00971361 0.0143917 0.0249753 0.0202406 0.0335487 0.02995 0.0268896 0.0120025 0.0163639 0.0139742 0.0102137 0.00900849 0.016454 0.00979011 0.0131225 0.0227671 0.0117317 0.00834656 0.00828571 0.00864835 0.00922386 0.00909448 0.00823878 0.00840511 0.00849235 0.00817214 0.0081471 0.00892642 0.00885818 0.00890147 0.00870633 0.00816358 
0.00994919 0.0194713 0.0181789 0.0105354 0.00925127 0.00881267 0.0101348 0.01234 0.040914 0.0301471 0.01435 0.0100086 0.0100203 0.00557315 0.0083191 0.219988 0.430999 0.00440656 0.00361334 0.00356673 0 0.00360039 0.00355663 0.00356316 0.00358074 0.0258508 0.042199 0.0726176 0.0561466 0.0490713 0.139405 0.0288912 0.023842 0.0127592 0.00924678 0.00935692 0.0120197 0.0258914 0.0596691 0.0617634 0.0433679 0.0323005 0.0317214 0.0207158 0.0108875 0.00950613 0.00957185 0.00950262 0.0119962 0.0155354 0.016688 0.0149069 0.00831386 0.00837571 0.00839614 0.00918535 0.00871213 0.00819556 0.00842207 0.00847543 0.0082231 0.00820262 0.00874432 0.00960477 0.00911659 0.00898615 0.00825987 
0.00994957 0.0219487 0.0133311 0.0112578 0.00898457 0.00887028 0.0116149 0.0137161 0.0368472 0.0233816 0.0175276 0.00961805 0.0102609 0.00708847 0.385303 0.145244 0.0101199 0.0049857 0.00357522 0.00358635 0.00360039 0 0.00356508 0.00355502 0.00355858 0.0269649 0.0374444 0.0901134 0.0482294 0.154396 0.0381132 0.0440976 0.0200788 0.012071 0.00936351 0.00903523 0.0144067 0.0209702 0.0852325 0.0354259 0.0409707 0.0341797 0.0367145 0.0137802 0.0130544 0.00919635 0.00928445 0.0101883 0.013185 0.0129729 0.0171304 0.0126191 0.00825708 0.00847862 0.00841023 0.00889679 0.00863043 0.00826079 0.00834759 0.00842038 0.00823297 0.0081571 0.00878164 0.00936508 0.00913627 0.0089382 0.00855642 
0.0100401 0.0117252 0.0370597 0.00931177 0.00887338 0.0099513 0.00887269 0.0178191 0.0190499 0.0563272 0.011538 0.0103799 0.00939411 0.396044 0.104736 0.0124092 0.00884025 0.00501818 0.00363621 0.00354584 0.00355663 0.00356508 0 0.00356557 0.00355485 0.0205819 0.0753295 0.0492699 0.275212 0.036475 0.0860744 0.0344389 0.0307923 0.0107334 0.00958344 0.00985702 0.0103117 0.0655636 0.0242441 0.0524505 0.0311694 0.0678903 0.0140562 0.0317686 0.00919901 0.00944894 0.00930084 0.0112698 0.0107852 0.0154004 0.0136903 0.0156953 0.00836861 0.00824822 0.00915292 0.00850519 0.00934153 0.00832288 0.00852367 0.00841224 0.00816646 0.00828524 0.00877372 0.00927855 0.00944943 0.00851556 0.00819391 
0.00898545 0.0215717 0.0103876 0.0130011 0.00952332 0.00896899 0.0130518 0.0105611 0.0326358 0.0193961 0.0197981 0.0105506 0.0376968 0.048623 0.00773083 0.00654159 0.00676342 0.00521705 0.00560937 0.00361363 0.00356316 0.00355502 0.00356557 0 0.00354716 0.0203228 0.0261937 0.208237 0.0249668 0.077459 0.0316713 0.0234138 0.0133725 0.0223188 0.00886872 0.00929627 0.0194594 0.0106627 0.0303056 0.0174641 0.0332759 0.0137619 0.0221981 0.00926243 0.0140158 0.00861022 0.00983844 0.0115507 0.0152772 0.0117287 0.031445 0.0112958 0.00851597 0.0085495 0.00822968 0.0112721 0.00841553 0.00816552 0.00820677 0.0084136 0.00814558 0.00812333 0.00841287 0.00918132 0.0089056 0.00887519 0.00866444 
0.0137401 0.00893721 0.0116305 0.0102774 0.0109949 0.00929995 0.00918119 0.0222399 0.00971587 0.0173953 0.0166786 0.0337031 0.0134308 0.0107088 0.0055032 0.00521049 0.00558657 0.00571607 0.00387513 0.00379649 0.00358074 0.00355858 0.00355485 0.00354716 0 0.0161116 0.0675835 0.0143962 0.0204532 0.0183346 0.029119 0.0153239 0.0114907 0.00960475 0.0187618 0.0267699 0.00964191 0.011772 0.00967081 0.0127346 0.0106684 0.0152162 0.00954766 0.0110878 0.00859784 0.0149861 0.0125087 0.0102073 0.0113152 0.0172978 0.00971437 0.0255051 0.00941079 0.00833313 0.0098308 0.00835647 0.0115657 0.00853758 0.00821795 0.00818289 0.00814522 0.00822037 0.00827832 0.00832545 0.00829347 0.00856819 0.00822617 
0.0102831 0.00940144 0.00916155 0.0156516 0.00991974 0.00845595 0.0165383 0.0128295 0.0121268 0.0104183 0.0228464 0.0105269 0.0123398 0.0113006 0.00993824 0.0115133 0.0108072 0.0184937 0.0722432 0.0481606 0.0258508 0.0269649 0.0205819 0.0203228 0.0161116 0 0.0044868 0.00362804 0.00364757 0.00360937 0.00369746 0.00385095 0.00403735 0.00557178 0.00688547 0.0061323 0.00698186 0.00780784 0.00946935 0.00881646 0.0106813 0.0099612 0.0101792 0.0217917 0.163263 0.547436 0.0165747 0.010704 0.0316392 0.0254594 0.0143698 0.0430711 0.00880039 0.0127862 0.00901747 0.0103767 0.0131852 0.00838443 0.0081411 0.00830247 0.00916967 0.00824888 0.00818464 0.00862511 0.00896066 0.021959 0.00890112 
0.00867623 0.00977047 0.0139388 0.00917543 0.00828366 0.0097564 0.00879918 0.0105355 0.0176097 0.0305386 0.0104378 0.0100728 0.00925419 0.00891044 0.0160524 0.0104657 0.0206932 0.0113927 0.0117686 0.0835323 0.042199 0.0374444 0.0753295 0.0261937 0.0675835 0.0044868 0 0.00358321 0.00363735 0.00357674 0.00360196 0.00383151 0.00366873 0.00713622 0.00464403 0.00563251 0.00745835 0.00817655 0.0101263 0.0106752 0.0139888 0.0134226 0.017463 0.203582 0.568395 0.0120727 0.0103644 0.0365926 0.0104917 0.0160477 0.0478112 0.014308 0.0089837 0.00871324 0.00890584 0.0102457 0.0100368 0.00818964 0.00845431 0.0084001 0.0082361 0.00820261 0.0091851 0.0090954 0.0102641 0.0092701 0.00818154 
0.00877547 0.0118258 0.0117677 0.00972333 0.00862388 0.00837926 0.0096594 0.0104977 0.0316116 0.0230963 0.0130356 0.00896114 0.00927424 0.00896222 0.00950396 0.0254291 0.0135196 0.0105705 0.0129854 0.021333 0.0726176 0.0901134 0.0492699 0.208237 0.0143962 0.00362804 0.00358321 0 0.00356273 0.00355695 0.00367382 0.00359941 0.00397463 0.00367774 0.00406196 0.00521454 0.00770883 0.0102959 0.0163426 0.013393 0.0172026 0.045555 0.232036 0.594464 0.010837 0.0104227 0.0117498 0.0108377 0.0136882 0.0177598 0.0172537 0.0178532 0.00848485 0.00874152 0.00851839 0.0101551 0.00952162 0.00835842 0.00838393 0.00856572 0.00819394 0.00832266 0.00878981 0.0126415 0.0111915 0.00957063 0.00836435 
0.0089338 0.0112994 0.0147544 0.00977855 0.00859972 0.00868643 0.00883775 0.0127605 0.0237407 0.0322769 0.0122579 0.00930704 0.00924096 0.00897733 0.015393 0.0128856 0.0156798 0.0111235 0.0128327 0.0351973 0.0561466 0.0482294 0.275212 0.0249668 0.0204532 0.00364757 0.00363735 0.00356273 0 0.00354983 0.00355882 0.00357774 0.00357469 0.0039164 0.00358787 0.00508401 0.00680802 0.0206008 0.0195276 0.0119347 0.0402535 0.261383 0.632598 0.0141342 0.0125977 0.00971579 0.00982405 0.0136533 0.0121883 0.0159545 0.0214889 0.0176975 0.00870942 0.0087793 0.00926703 0.00931379 0.0103736 0.00870574 0.00877063 0.00853003 0.00826428 0.00832032 0.0104017 0.0109439 0.0120982 0.00924077 0.00822601 
0.00894285 0.011028 0.0128489 0.00957099 0.00867564 0.00845388 0.00913345 0.01084 0.0251789 0.0248905 0.0130003 0.00919128 0.00903362 0.00896302 0.00999593 0.0160581 0.0140653 0.0107234 0.0113135 0.0230844 0.0490713 0.154396 0.036475 0.077459 0.0183346 0.00360937 0.00357674 0.00355695 0.00354983 0 0.00364648 0.00354488 0.00356714 0.00351858 0.00362949 0.00400246 0.02092 0.0101652 0.012887 0.0368469 0.220478 0.681174 0.0134422 0.0151199 0.00944729 0.00875532 0.00979122 0.00993985 0.0120049 0.0157324 0.0180668 0.0147468 0.00870551 0.00875063 0.00860624 0.0104072 0.00962205 0.00842505 0.00850662 0.00872892 0.00830016 0.0084823 0.00902317 0.0133834 0.0109454 0.00964922 0.00832757 
0.00862743 0.0110078 0.010314 0.00918817 0.00842556 0.00838314 0.00882062 0.0101658 0.0220168 0.0227081 0.0106705 0.00888772 0.00875331 0.00865364 0.00989082 0.0152554 0.0139651 0.0103757 0.0120083 0.0243904 0.139405 0.0381132 0.0860744 0.0316713 0.029119 0.00369746 0.00360196 0.00367382 0.00355882 0.00364648 0 0.0035549 0.00356304 0.00351794 0.00356451 0.0049742 0.00453454 0.00960068 0.013181 0.225347 0.586387 0.0181849 0.0132883 0.00932362 0.00942102 0.00771852 0.00911089 0.010049 0.0113758 0.0136397 0.0180179 0.0142182 0.00846103 0.00861994 0.00857628 0.00949094 0.00906566 0.00828962 0.00848376 0.00842788 0.00823071 0.00823092 0.00885325 0.0111236 0.0109297 0.00912025 0.00819614 
0.00852069 0.00941761 0.0104087 0.00879094 0.00832951 0.00833745 0.00861127 0.0095811 0.0145862 0.0204289 0.0111402 0.00865247 0.00861483 0.00849451 0.0109094 0.0123874 0.0134777 0.0116056 0.0101867 0.0792813 0.0288912 0.0440976 0.0344389 0.0234138 0.0153239 0.00385095 0.00383151 0.00359941 0.00357774 0.00354488 0.0035549 0 0.00356073 0.00356784 0.00364457 0.00363622 0.0046947 0.0107474 0.764332 0.161856 0.0250644 0.0111632 0.00897674 0.00853192 0.00729346 0.00812491 0.00872811 0.0102804 0.0109415 0.014003 0.0130672 0.0157812 0.00848004 0.00851022 0.0085772 0.00893621 0.0097492 0.00823423 0.00832938 0.00841225 0.00811809 0.0081909 0.00862109 0.0102245 0.00998192 0.0089024 0.00815292 
0.00842967 0.00909554 0.00890048 0.00857368 0.00830409 0.00829781 0.00847249 0.00935946 0.0111335 0.0160537 0.00928352 0.00851635 0.00848517 0.00893013 0.00934002 0.0117267 0.00986144 0.00938648 0.0396243 0.0158817 0.023842 0.0200788 0.0307923 0.0133725 0.0114907 0.00403735 0.00366873 0.00397463 0.00357469 0.00356714 0.00356304 0.00356073 0 0.00360569 0.00354801 0.00579782 0.0113513 0.877201 0.0724755 0.0175487 0.00703273 0.00914304 0.00819775 0.00699317 0.00794139 0.00953114 0.00898995 0.00889456 0.0107852 0.0132815 0.0119749 0.0166369 0.00845984 0.00843031 0.00857062 0.00894758 0.00927218 0.00820709 0.00827398 0.00828048 0.00817775 0.00813642 0.0084283 0.00944171 0.00889839 0.0087065 0.00809865 
0.00852154 0.00918952 0.00864216 0.00847625 0.00865356 0.00844724 0.00897787 0.00938934 0.0110174 0.0108065 0.00930239 0.00867086 0.00904402 0.00888567 0.00945255 0.00956118 0.0100279 0.00895367 0.0106048 0.0120359 0.0127592 0.012071 0.0107334 0.0223188 0.00960475 0.00557178 0.00713622 0.00367774 0.0039164 0.00351858 0.00351794 0.00356784 0.00360569 0 0.00359092 0.00411791 0.975033 0.0181492 0.0178507 0.00495019 0.00659558 0.00923494 0.0079899 0.00711896 0.00724527 0.00732111 0.00889958 0.0129332 0.0093305 0.0127186 0.0229142 0.0110045 0.00862743 0.00900858 0.00861149 0.0109182 0.00854655 0.00848733 0.00831784 0.00846187 0.00815339 0.00822509 0.00847964 0.0088458 0.00874629 0.00859267 0.00829945 
0.00870317 0.00844089 0.00827729 0.00831842 0.00897337 0.00844145 0.00850471 0.0107844 0.00887675 0.00874644 0.00894856 0.00986711 0.00851661 0.011248 0.00915523 0.00872333 0.00874383 0.00952579 0.0140781 0.0101511 0.00924678 0.00936351 0.00958344 0.00886872 0.0187618 0.00688547 0.00464403 0.00406196 0.00358787 0.00362949 0.00356451 0.00364457 0.00354801 0.00359092 0 0.977741 0.00969132 0.00512076 0.00369508 0.00400738 0.00456995 0.00534543 0.00790871 0.00587899 0.00628361 0.00594309 0.011131 0.00836022 0.0119106 0.014869 0.00962063 0.011763 0.00952163 0.00849271 0.00939898 0.00842408 0.00923564 0.00860634 0.0081509 0.00816455 0.00813382 0.00834711 0.00832546 0.00839405 0.00827407 0.00840135 0.00838924 
0.00835703 0.00819431 0.00852488 0.00884598 0.00827139 0.00830266 0.00868955 0.00917473 0.0084955 0.00887406 0.0106571 0.00854622 0.00897419 0.00863613 0.0088705 0.00862388 0.0088521 0.0149396 0.010356 0.00971361 0.00935692 0.00903523 0.00985702 0.00929627 0.0267699 0.0061323 0.00563251 0.00521454 0.00508401 0.00400246 0.0049742 0.00363622 0.00579782 0.00411791 0.977741 0 0.00361628 0.00361604 0.00356108 0.00353767 0.00353518 0.00366589 0.00388129 0.00502331 0.00440247 0.00947039 0.00730568 0.00875788 0.0102045 0.0116161 0.00936335 0.0256481 0.00877185 0.00905036 0.00926829 0.00835765 0.015596 0.00810792 0.0080822 0.00813911 0.00851556 0.00808517 0.00812771 0.00822325 0.00837541 0.00980551 0.00810603 
0.00829046 0.00923585 0.00877637 0.00862968 0.00828142 0.0083798 0.00881636 0.00862045 0.0122154 0.0103197 0.0101619 0.0084093 0.00870842 0.00841696 0.0091692 0.0105049 0.0115108 0.00945915 0.0104397 0.0143917 0.0120197 0.0144067 0.0103117 0.0194594 0.00964191 0.00698186 0.00745835 0.00770883 0.00680802 0.02092 0.00453454 0.0046947 0.0113513 0.975033 0.00969132 0.00361628 0 0.003585 0.00357566 0.00356434 0.00356032 0.00364496 0.0037692 0.00375969 0.0104205 0.00490019 0.00779368 0.0107798 0.00972751 0.0116175 0.0314819 0.0106286 0.00863417 0.00878351 0.00823336 0.014476 0.00878865 0.00819503 0.00822619 0.00834459 0.00812742 0.00809624 0.00836136 0.00888946 0.00875587 0.00933799 0.00813137 
0.00868501 0.00874077 0.00989679 0.00848362 0.00829682 0.00837942 0.0082333 0.0107777 0.0120995 0.0159671 0.00930135 0.00851569 0.0083061 0.0085018 0.0105063 0.010508 0.0106202 0.00964622 0.00981972 0.0249753 0.0258914 0.0209702 0.0655636 0.0106627 0.011772 0.00780784 0.00817655 0.0102959 0.0206008 0.0101652 0.00960068 0.0107474 0.877201 0.0181492 0.00512076 0.00361604 0.003585 0 0.00355095 0.00356463 0.00363237 0.00359749 0.00368562 0.00554497 0.00385227 0.00437998 0.00756507 0.00845858 0.00872298 0.0154537 0.0108412 0.0155426 0.0085656 0.00848813 0.00936801 0.00870982 0.0101404 0.00820213 0.00850582 0.00828845 0.00815659 0.00811363 0.00898603 0.00940668 0.0105478 0.0085916 0.00805752 
0.00860948 0.0115161 0.0104754 0.00940826 0.00838019 0.00839194 0.00912312 0.00944638 0.0243077 0.017069 0.0111893 0.00883224 0.00875073 0.00880066 0.0097855 0.0172537 0.0123804 0.009798 0.0121742 0.0202406 0.0596691 0.0852325 0.0242441 0.0303056 0.00967081 0.00946935 0.0101263 0.0163426 0.0195276 0.012887 0.013181 0.764332 0.0724755 0.0178507 0.00369508 0.00356108 0.00357566 0.00355095 0 0.00358018 0.00356109 0.00359862 0.00359753 0.00363712 0.00363914 0.00390451 0.00676736 0.00819697 0.0149897 0.0131611 0.0188661 0.0141371 0.00885157 0.00894018 0.0084379 0.010908 0.00928891 0.00850236 0.0084273 0.00861116 0.00819239 0.00839878 0.00905284 0.016489 0.0110184 0.00945429 0.00829486 
0.00865666 0.00997459 0.0114794 0.00887244 0.00840593 0.00832448 0.00879214 0.0100016 0.0152284 0.0239973 0.0104 0.00890312 0.00856053 0.0087278 0.0103799 0.012664 0.0131813 0.0102372 0.0109456 0.0335487 0.0617634 0.0354259 0.0524505 0.0174641 0.0127346 0.00881646 0.0106752 0.013393 0.0119347 0.0368469 0.225347 0.161856 0.0175487 0.00495019 0.00400738 0.00353767 0.00356434 0.00356463 0.00358018 0 0.00363296 0.00352779 0.00356698 0.00356042 0.0035419 0.00362879 0.00653214 0.00820604 0.00918349 0.0143088 0.0138557 0.0225402 0.0088059 0.00878301 0.00882113 0.00915364 0.0111857 0.00835961 0.00856115 0.00836921 0.0081775 0.00820657 0.00906461 0.0117176 0.0126486 0.00914354 0.00823179 
0.0085777 0.0103174 0.0104177 0.00948271 0.00842932 0.00843795 0.00902172 0.00951974 0.0211411 0.0192321 0.0109862 0.00873259 0.00878866 0.00865839 0.0101595 0.0143522 0.0120304 0.00987634 0.0111359 0.02995 0.0433679 0.0409707 0.0311694 0.0332759 0.0106684 0.0106813 0.0139888 0.0172026 0.0402535 0.220478 0.586387 0.0250644 0.00703273 0.00659558 0.00456995 0.00353518 0.00356032 0.00363237 0.00356109 0.00363296 0 0.00367401 0.00358214 0.00355755 0.00359058 0.00362867 0.00765516 0.0086604 0.00939957 0.0133288 0.0278531 0.108927 0.0090455 0.00886479 0.00873725 0.0111996 0.00950194 0.00848027 0.00844877 0.00859168 0.00823084 0.00837477 0.00921166 0.0136285 0.0120257 0.00960441 0.00847741 
0.00866638 0.00936845 0.0121045 0.00917688 0.00839352 0.0084547 0.0086818 0.00972952 0.0139397 0.0254065 0.0108889 0.00873962 0.00853893 0.00860986 0.0100937 0.0117705 0.013198 0.0114451 0.0249694 0.0268896 0.0323005 0.0341797 0.0678903 0.0137619 0.0152162 0.0099612 0.0134226 0.045555 0.261383 0.681174 0.0181849 0.0111632 0.00914304 0.00923494 0.00534543 0.00366589 0.00364496 0.00359749 0.00359862 0.00352779 0.00367401 0 0.00356213 0.00356348 0.00355321 0.00403371 0.00688354 0.00896557 0.0112158 0.0220239 0.0488899 0.0240002 0.00899657 0.00873202 0.00916362 0.00893424 0.0143307 0.00831451 0.00855879 0.00855167 0.00845742 0.0083405 0.00896119 0.0115837 0.012972 0.0098156 0.00817386 
0.00838744 0.0094156 0.00909126 0.00896088 0.00835134 0.00830906 0.00882661 0.00871779 0.0131352 0.0126248 0.0106812 0.00853451 0.00864835 0.00847029 0.00914301 0.0126662 0.0105152 0.00973399 0.0104047 0.0120025 0.0317214 0.0367145 0.0140562 0.0221981 0.00954766 0.0101792 0.017463 0.232036 0.632598 0.0134422 0.0132883 0.00897674 0.00819775 0.0079899 0.00790871 0.00388129 0.0037692 0.00368562 0.00359753 0.00356698 0.00358214 0.00356213 0 0.00356026 0.00356016 0.00358121 0.00662231 0.00793543 0.022404 0.0284763 0.0141756 0.0111799 0.008611 0.0088214 0.00843704 0.0106024 0.00903629 0.00829569 0.00828377 0.00854436 0.0082878 0.00821051 0.00862194 0.0122685 0.00975624 0.0090813 0.00822367 
0.00841904 0.00853382 0.00964987 0.00838993 0.0082425 0.00843459 0.00830724 0.00912983 0.00937311 0.014242 0.00911392 0.00861324 0.00839446 0.00833135 0.00959565 0.00925216 0.00969867 0.00942872 0.00922646 0.0163639 0.0207158 0.0137802 0.0317686 0.00926243 0.0110878 0.0217917 0.203582 0.594464 0.0141342 0.0151199 0.00932362 0.00853192 0.00699317 0.00711896 0.00587899 0.00502331 0.00375969 0.00554497 0.00363712 0.00356042 0.00355755 0.00356348 0.00356026 0 0.00355592 0.00355803 0.00561989 0.0176503 0.0312532 0.0104221 0.0107974 0.0118474 0.00899604 0.00842649 0.00923654 0.00859277 0.0114882 0.00822515 0.00840042 0.00830183 0.00820824 0.0081924 0.00879548 0.0091706 0.00993432 0.00863905 0.0080551 
0.00817098 0.00900833 0.00838494 0.00846827 0.00845365 0.00830077 0.00906018 0.00898544 0.0101933 0.00920678 0.0089426 0.00846958 0.00875469 0.00860944 0.00901663 0.00910542 0.00952528 0.00865937 0.0111386 0.0139742 0.0108875 0.0130544 0.00919901 0.0140158 0.00859784 0.163263 0.568395 0.010837 0.0125977 0.00944729 0.00942102 0.00729346 0.00794139 0.00724527 0.00628361 0.00440247 0.0104205 0.00385227 0.00363914 0.0035419 0.00359058 0.00355321 0.00356016 0.00355592 0 0.00369773 0.0123999 0.0604682 0.0105973 0.0113081 0.0216056 0.00702707 0.00863988 0.0107962 0.00840304 0.012258 0.00858208 0.00851228 0.00825245 0.00848652 0.00819875 0.00824055 0.00841073 0.00909961 0.00862423 0.00864925 0.00827346 
0.00890644 0.00848884 0.00824192 0.0084768 0.00948063 0.00861956 0.00833441 0.0120903 0.00889143 0.00864735 0.00910109 0.00991664 0.0083949 0.0125786 0.00905705 0.00868901 0.00883645 0.00911859 0.0182629 0.0102137 0.00950613 0.00919635 0.00944894 0.00861022 0.0149861 0.547436 0.0120727 0.0104227 0.00971579 0.00875532 0.00771852 0.00812491 0.00953114 0.00732111 0.00594309 0.00947039 0.00490019 0.00437998 0.00390451 0.00362879 0.00362867 0.00403371 0.00358121 0.00355803 0.00369773 0 0.042485 0.00759594 0.00624514 0.0229272 0.00723108 0.0108089 0.0115913 0.00844853 0.0136617 0.00860461 0.0107946 0.00978314 0.00835664 0.00822552 0.00828654 0.00896696 0.00840708 0.00840814 0.00840404 0.00871326 0.00856277 
0.00861939 0.00837384 0.00826455 0.00909386 0.00902967 0.00813725 0.0103803 0.00895998 0.00871636 0.00873824 0.011578 0.00863346 0.00958326 0.00851916 0.00846334 0.00864081 0.00892385 0.0131994 0.0108859 0.00900849 0.00957185 0.00928445 0.00930084 0.00983844 0.0125087 0.0165747 0.0103644 0.0117498 0.00982405 0.00979122 0.00911089 0.00872811 0.00898995 0.00889958 0.011131 0.00730568 0.00779368 0.00756507 0.00676736 0.00653214 0.00765516 0.00688354 0.00662231 0.00561989 0.0123999 0.042485 0 0.00384379 0.00362058 0.00468652 0.00495467 0.0281962 0.0139601 0.014425 0.0102161 0.010551 0.013582 0.00851847 0.00811775 0.00832177 0.00941559 0.00827143 0.00815827 0.00844878 0.00862863 0.0113077 0.0089308 
0.00829292 0.0085782 0.00883835 0.00840926 0.00816276 0.00900322 0.00817785 0.00870197 0.00918822 0.0136395 0.00925652 0.00868964 0.00865616 0.0081487 0.00936808 0.00843619 0.0104015 0.00946628 0.00898316 0.016454 0.00950262 0.0101883 0.0112698 0.0115507 0.0102073 0.010704 0.0365926 0.0108377 0.0136533 0.00993985 0.010049 0.0102804 0.00889456 0.0129332 0.00836022 0.00875788 0.0107798 0.00845858 0.00819697 0.00820604 0.0086604 0.00896557 0.00793543 0.0176503 0.0604682 0.00759594 0.00384379 0 0.0036207 0.00382903 0.0336644 0.00393763 0.0214112 0.00966621 0.0098825 0.0111097 0.0112344 0.00839326 0.00848391 0.00869159 0.00822876 0.00812891 0.00863266 0.00855534 0.0107146 0.00908676 0.00807251 
0.00865848 0.00868654 0.00850192 0.00917111 0.00908312 0.00813982 0.00950095 0.0103436 0.0115365 0.00969083 0.0113087 0.00912306 0.00890147 0.010026 0.00855334 0.00918962 0.0097625 0.00965827 0.0188336 0.00979011 0.0119962 0.013185 0.0107852 0.0152772 0.0113152 0.0316392 0.0104917 0.0136882 0.0121883 0.0120049 0.0113758 0.0109415 0.0107852 0.0093305 0.0119106 0.0102045 0.00972751 0.00872298 0.0149897 0.00918349 0.00939957 0.0112158 0.022404 0.0312532 0.0105973 0.00624514 0.00362058 0.0036207 0 0.0112299 0.00433792 0.00513137 0.0118793 0.0107915 0.0101187 0.0116901 0.010748 0.00942995 0.00835823 0.00839513 0.00839918 0.00908028 0.00845099 0.00961654 0.010186 0.0103241 0.00955722 
0.00892727 0.00890428 0.00938383 0.0107369 0.00866856 0.00843877 0.0103372 0.0107565 0.0104161 0.0128886 0.0154151 0.00968897 0.010353 0.00917877 0.00903452 0.00946475 0.0100612 0.0168975 0.0139236 0.0131225 0.0155354 0.0129729 0.0154004 0.0117287 0.0172978 0.0254594 0.0160477 0.0177598 0.0159545 0.0157324 0.0136397 0.014003 0.0132815 0.0127186 0.014869 0.0116161 0.0116175 0.0154537 0.0131611 0.0143088 0.0133288 0.0220239 0.0284763 0.0104221 0.0113081 0.0229272 0.00468652 0.00382903 0.0112299 0 0.00366496 0.00376863 0.037037 0.0201721 0.0196549 0.012695 0.0283704 0.00931705 0.00848202 0.00891106 0.0102283 0.00912813 0.00890586 0.0100625 0.011257 0.0175126 0.00892584 
0.00854409 0.00962898 0.00940666 0.00901269 0.00846718 0.00883313 0.00882164 0.009394 0.0157489 0.0153174 0.0105656 0.00890355 0.0092936 0.00852265 0.00957482 0.00909948 0.0135235 0.0098698 0.010147 0.0227671 0.016688 0.0171304 0.0136903 0.031445 0.00971437 0.0143698 0.0478112 0.0172537 0.0214889 0.0180668 0.0180179 0.0130672 0.0119749 0.0229142 0.00962063 0.00936335 0.0314819 0.0108412 0.0188661 0.0138557 0.0278531 0.0488899 0.0141756 0.0107974 0.0216056 0.00723108 0.00495467 0.0336644 0.00433792 0.00366496 0 0.0038351 0.0229109 0.0294419 0.0095724 0.0649753 0.0102494 0.00906013 0.00882468 0.00918871 0.00834982 0.00853502 0.00924142 0.011673 0.015359 0.0105144 0.00871207 
0.0107894 0.00876079 0.00911551 0.00935287 0.0101975 0.00870239 0.00888016 0.014186 0.0100339 0.0109559 0.0125549 0.0108124 0.00974267 0.0147733 0.00906217 0.00995166 0.0104779 0.0121346 0.0240782 0.0117317 0.0149069 0.0126191 0.0156953 0.0112958 0.0255051 0.0430711 0.014308 0.0178532 0.0176975 0.0147468 0.0142182 0.0157812 0.0166369 0.0110045 0.011763 0.0256481 0.0106286 0.0155426 0.0141371 0.0225402 0.108927 0.0240002 0.0111799 0.0118474 0.00702707 0.0108089 0.0281962 0.00393763 0.00513137 0.00376863 0.0038351 0 0.025901 0.0197636 0.0378364 0.0115791 0.0357067 0.0155419 0.0092619 0.00866036 0.00917708 0.0118569 0.00915948 0.00960292 0.0117922 0.0137308 0.00979161 
0.00822506 0.00822777 0.00811777 0.00817182 0.00811788 0.00833794 0.00815566 0.00826666 0.00818016 0.00839135 0.00852823 0.00818222 0.00823173 0.00809656 0.00828394 0.00804353 0.00822854 0.00910084 0.00826041 0.00834656 0.00831386 0.00825708 0.00836861 0.00851597 0.00941079 0.00880039 0.0089837 0.00848485 0.00870942 0.00870551 0.00846103 0.00848004 0.00845984 0.00862743 0.00952163 0.00877185 0.00863417 0.0085656 0.00885157 0.0088059 0.0090455 0.00899657 0.008611 0.00899604 0.00863988 0.0115913 0.0139601 0.0214112 0.0118793 0.037037 0.0229109 0.025901 0 0.0272555 0.0186702 0.014064 0.0335488 0.00891755 0.00842289 0.00851823 0.00934853 0.00841806 0.00834656 0.00839963 0.00900121 0.0106895 0.00818596 
0.00815005 0.00816706 0.00816932 0.00824988 0.00876622 0.00816182 0.00859455 0.00840705 0.00831284 0.00833384 0.00841877 0.00833234 0.00840202 0.00848347 0.00810849 0.00825581 0.00835306 0.00822837 0.00918135 0.00828571 0.00837571 0.00847862 0.00824822 0.0085495 0.00833313 0.0127862 0.00871324 0.00874152 0.0087793 0.00875063 0.00861994 0.00851022 0.00843031 0.00900858 0.00849271 0.00905036 0.00878351 0.00848813 0.00894018 0.00878301 0.00886479 0.00873202 0.0088214 0.00842649 0.0107962 0.00844853 0.014425 0.00966621 0.0107915 0.0201721 0.0294419 0.0197636 0.0272555 0 0.0116544 0.0359719 0.0174695 0.0109486 0.00848475 0.0089567 0.00855158 0.00937739 0.00836665 0.00865633 0.00887705 0.00954984 0.0104893 
0.00849049 0.00827959 0.0083666 0.00831141 0.00849951 0.00847407 0.00824954 0.00881361 0.00827779 0.0084513 0.00856318 0.00844006 0.00823788 0.00822749 0.00887495 0.00814426 0.00847451 0.00935608 0.00828794 0.00864835 0.00839614 0.00841023 0.00915292 0.00822968 0.0098308 0.00901747 0.00890584 0.00851839 0.00926703 0.00860624 0.00857628 0.0085772 0.00857062 0.00861149 0.00939898 0.00926829 0.00823336 0.00936801 0.0084379 0.00882113 0.00873725 0.00916362 0.00843704 0.00923654 0.00840304 0.0136617 0.0102161 0.0098825 0.0101187 0.0196549 0.0095724 0.0378364 0.0186702 0.0116544 0 0.00375713 0.00407704 0.0499188 0.0139619 0.0115741 0.0144466 0.0115921 0.011594 0.00955967 0.0142256 0.0180327 0.008406 
