1MOWA
ENVSGISAYLLGLIWGDGGLYKLKYKGNRSEYRVVITQKSENLIKQFIAPRMQFLIDELNVKSKIQIVKGDTRYELRVSSKKLYYYFANMLERIRLFNGNRFLAYLAGIVDGDGSIIAQIKPNQSYKFKHQLSLTFQVTQKTERRWFLDKLVDEIGVGYVRDRGSVSDYILSEIKPLHNFLTQLQPFLNFKQKQANLVLKIIEQLPSAKESPDKFLEVCTWVDQIAALNDSKTRKTTSETVRAVLDSL
CCHHHHHHHHHHHHHHHEEEEEEEECCCEEEEEEEEEECCHHHHHHHHHHHHHHHHHHHCCCCCEEEEECCCCEEEEEECHHHHHHHHHHCCCHHHCCHHHHHHHHHHHHHHHEEEEEEEEECCCCCCCEEEEEEEEEEEEHHHHHHHHHHHHHHCCCEEEEECCEEEEEECCHHHHHHHHHHHHHHCCCCHHHHHHHHHHHHHHHHHCCCHHHHHHHHHHHHHHHHHCCCCCCCCCHHHHHHHHHHC
0 0 0 0 0 0 0 0 0 0 0 0 0 0 0 0 0 0 0 0 0 0 0 0 0 0 0 0 0 0 0 0 0 0 0 0 0 0 0 0 0 0 0 0 0 0 0 0 0 0 0 0 0 0 0 0 0 0 0 0 0 0 0 0 0 0 0 0 0 0 0 0 0 0 0 0 0 0 0 0 0 0 0 0 0 0 0 0 0 0 0 0 0 0 0 0 0 0 0 0 0 0 0 0 0 0 0 0 0 0 0 0 0 0 0 0 0 0 0 0 0 0 0 0 0 0 0 0 0 0 0 0 0 0 0 0 0 0 0 0 0 0 0 0 0 0 0 0 0 0 0 0 0 0 0 0 0 0 0 0 0 0 0 0 0 0 0 0 0 0 0 0 0 0 0 0 0 0 0 0 0 0 0 0 0 0 0 0 0 0 0 0 0 0 0 0 0 0 0 0 0 0 0 0 0 0 0 0 0 0 0 0 0 0 0 0 0 0 0 0 0 0 0 0 0 0 0 0 0 0 0 0 0 0 0 0 0 0 0 0 0 0 0 0 0 0 0 0 
0 0 0 0 0 0 0 0 0 0 0 0 0 0 0 0 0 0 0 0 0 0 0 0 0 0 0 0 0 0 0 0 0 0 0 0 0 0 0 0 0 0 0 0 0 0 0 0 0 0 0 0 0 0 0 0 0 0 0 0 0 0 0 0 0 0 0 0 0 0 0 0 0 0 0 0 0 0 0 0 0 0 0 0 0 0 0 0 0 0 0 0 0 0 0 0 0 0 0 0 0 0 0 0 0 0 0 0 0 0 0 0 0 0 0 0 0 0 0 0 0 0 0 0 0 0 0 0 0 0 0 0 0 0 0 0 0 0 0 0 0 0 0 0 0 0 0 0 0 0 0 0 0 0 0 0 0 0 0 0 0 0 0 0 0 0 0 0 0 0 0 0 0 0 0 0 0 0 0 0 0 0 0 0 0 0 0 0 0 0 0 0 0 0 0 0 0 0 0 0 0 0 0 0 0 0 0 0 0 0 0 0 0 0 0 0 0 0 0 0 0 0 0 0 0 0 0 0 0 0 0 0 0 0 0 0 0 0 0 0 0 0 0 0 0 0 0 0 
0 0.0036641 0.00367928 0.00372222 0.0037365 0.00379092 0.00392563 0.0101286 0.0064468 0.00670901 0.00711994 0.00834216 0.00954906 0.010375 0.0375931 0.527568 0.024997 0.0320825 0.0118735 0.00966277 0.0095566 0.0102796 0.0151467 0.0133973 0.0108946 0.0109457 0.0110245 0.0114192 0.018867 0.00872585 0.00837883 0.00884885 0.00936325 0.00925331 0.0089534 0.00889257 0.0086273 0.00927116 0.00916043 0.00836483 0.00869133 0.00872091 0.00890962 0.00905065 0.00903233 0.00889866 0.00899141 0.00913227 0.00876864 0.00904463 0.00834764 0.00829495 0.00818847 0.0081524 0.00847942 0.00811377 0.00824961 0.00833453 0.00860413 0.00857664 0.00898843 
0.0036641 0 0.00365596 0.0036795 0.00367379 0.00370023 0.00432973 0.00494023 0.00649061 0.00707076 0.00834271 0.0089171 0.0143754 0.052456 0.71811 0.0339579 0.0229933 0.0206733 0.0134077 0.0108019 0.0100257 0.0114105 0.0119231 0.0115732 0.0129857 0.0130356 0.0133 0.0162949 0.012262 0.00910365 0.00856893 0.00908527 0.00969385 0.0101791 0.0098729 0.0090508 0.00881134 0.00872329 0.00938972 0.00871392 0.00903111 0.00954197 0.00940226 0.00965972 0.00958608 0.010025 0.00938534 0.00886853 0.0087861 0.00851666 0.00829594 0.0083771 0.00828999 0.0083968 0.0082295 0.00813309 0.00840034 0.00854623 0.00886895 0.00889826 0.00864791 
0.00367928 0.00365596 0 0.00377086 0.00371552 0.00374941 0.00392468 0.00542092 0.00803104 0.00903804 0.00938944 0.0113848 0.0468829 0.811402 0.0388393 0.0221664 0.0157794 0.0141585 0.0149817 0.0109478 0.0134311 0.0108512 0.0120249 0.0130326 0.0136901 0.0259042 0.0222659 0.0141878 0.0122088 0.00944731 0.00851581 0.0117778 0.0100626 0.0148418 0.00929189 0.0113726 0.00838116 0.00878064 0.00970163 0.00848317 0.0107345 0.00953564 0.0114303 0.0102472 0.0122913 0.00996963 0.0107989 0.00921289 0.00875704 0.00839369 0.00841907 0.00850188 0.00839509 0.00838275 0.00817265 0.00824183 0.00851002 0.0086929 0.00935533 0.0089002 0.00855002 
0.00372222 0.0036795 0.00377086 0 0.00379314 0.00380448 0.00390388 0.00396096 0.00815756 0.00826573 0.0106026 0.0401929 0.855777 0.0307337 0.022603 0.0105232 0.0140271 0.0106586 0.0124132 0.0119236 0.0105781 0.0102439 0.0110396 0.0116215 0.0133182 0.0213942 0.0182357 0.0110887 0.0112124 0.00873606 0.00873403 0.00956315 0.0116234 0.0102107 0.0113752 0.00894686 0.00849559 0.00856997 0.00887752 0.00872592 0.00933488 0.0108607 0.00974016 0.0116188 0.00967196 0.0109524 0.00964013 0.00920896 0.00852055 0.00826306 0.00868878 0.00846617 0.00840043 0.00825505 0.00812698 0.00834694 0.00842761 0.00883553 0.00897641 0.00879926 0.00834751 
0.0037365 0.00367379 0.00371552 0.00379314 0 0.00384043 0.00386629 0.00395628 0.00644398 0.0107626 0.0263267 0.885456 0.0235659 0.0174309 0.0106119 0.0124536 0.0104089 0.0104675 0.0133607 0.0105105 0.0111381 0.0100586 0.0105607 0.0117733 0.012481 0.0171216 0.0155532 0.0107871 0.0104258 0.00898704 0.00837822 0.0099373 0.00938991 0.0109378 0.00925622 0.00924372 0.00842386 0.00847017 0.00901322 0.00850584 0.00924701 0.00968097 0.00949474 0.00975294 0.0101245 0.00958355 0.00950192 0.00872985 0.00843092 0.00827339 0.00858688 0.00844642 0.00830513 0.00821464 0.00820447 0.0082817 0.00836242 0.00850475 0.00886973 0.00864679 0.00822849 
0.00379092 0.00370023 0.00374941 0.00380448 0.00384043 0 0.00394021 0.00383506 0.00776578 0.0138664 0.88381 0.020747 0.0178082 0.00988011 0.0117668 0.0113366 0.00904769 0.0102897 0.0135229 0.0104535 0.0114122 0.0101718 0.0108395 0.0117104 0.0116355 0.0172015 0.0130689 0.0100828 0.0105676 0.00879065 0.00838604 0.00922172 0.0102075 0.00953003 0.00937603 0.00905086 0.00837454 0.00845836 0.00936628 0.00842906 0.00916613 0.00911188 0.00903837 0.00957798 0.00922171 0.00937323 0.00892196 0.00877834 0.00834908 0.0084916 0.008479 0.00841071 0.00830016 0.00815837 0.00823376 0.00826767 0.00826041 0.0085167 0.00875259 0.00853926 0.00818773 
0.00392563 0.00432973 0.00392468 0.00390388 0.00386629 0.00394021 0 0.00437154 0.0111495 0.943427 0.0149025 0.00969716 0.0133453 0.0102786 0.0115257 0.00908086 0.00930447 0.00970959 0.0140833 0.013646 0.00993691 0.0106274 0.0106044 0.0132287 0.0164614 0.0105321 0.0120344 0.0107089 0.0101595 0.00898812 0.00878501 0.00906102 0.00867756 0.00894481 0.00906924 0.00860722 0.00836465 0.00848062 0.0088517 0.00889334 0.00865462 0.00877213 0.00882012 0.00893912 0.00861369 0.00872108 0.0086506 0.00847652 0.00841758 0.00825991 0.00894564 0.00865673 0.00824163 0.00816798 0.008192 0.00845036 0.00829321 0.00834326 0.0084941 0.00838299 0.00818536 
0.0101286 0.00494023 0.00542092 0.00396096 0.00395628 0.00383506 0.00437154 0 0.993652 0.00899778 0.00672798 0.013579 0.00753658 0.00838312 0.00951051 0.00950914 0.0103924 0.0108844 0.0280937 0.012064 0.0106527 0.0104573 0.0131183 0.0301345 0.0131006 0.0115245 0.0111597 0.0108503 0.011923 0.0128799 0.00990351 0.00866752 0.00875358 0.00899694 0.00870893 0.00880753 0.00828766 0.00876591 0.0121953 0.00851057 0.00843 0.00867162 0.00869598 0.00873984 0.00852324 0.00856966 0.00864165 0.00845037 0.00843933 0.00825659 0.0100668 0.00898361 0.00827488 0.00819688 0.00844601 0.0091951 0.0083573 0.00833414 0.00855849 0.00829629 0.00855451 
0.0064468 0.00649061 0.00803104 0.00815756 0.00644398 0.00776578 0.0111495 0.993652 0 0.00402748 0.00379166 0.00380544 0.0040294 0.00440892 0.00533322 0.00719664 0.00954371 0.0217888 0.0293864 0.0114081 0.0113441 0.0133625 0.0228238 0.0168345 0.0114813 0.0113757 0.0118702 0.0136756 0.0229183 0.00978049 0.00828942 0.00858252 0.00886668 0.00919436 0.00909326 0.00922987 0.00914471 0.0116079 0.011183 0.00842138 0.00862055 0.00878712 0.00871786 0.00871405 0.00868673 0.00874335 0.00845033 0.00909545 0.00890561 0.00951381 0.00904023 0.00864036 0.00826161 0.00870209 0.0095249 0.00853183 0.00820446 0.00818898 0.00835368 0.00883201 0.0104306 
0.00670901 0.00707076 0.00903804 0.00826573 0.0107626 0.0138664 0.943427 0.00899778 0.00402748 0 0.0036618 0.00366883 0.00368581 0.0037493 0.00479904 0.00488795 0.0099364 0.00816069 0.0143631 0.0193654 0.0102691 0.0139271 0.012143 0.0115782 0.0150956 0.0130907 0.0157971 0.0137474 0.0131606 0.0086199 0.00878879 0.00889303 0.00981715 0.00937683 0.0103038 0.00884457 0.00937803 0.00918305 0.00881472 0.00924287 0.00865385 0.00934672 0.0090648 0.00960231 0.00911413 0.00977718 0.00973076 0.00904781 0.00931016 0.00836396 0.00858572 0.00830168 0.00829488 0.00847473 0.00853854 0.00816236 0.00831057 0.00830001 0.00868299 0.00912788 0.0086781 
0.00711994 0.00834271 0.00938944 0.0106026 0.0263267 0.88381 0.0149025 0.00672798 0.00379166 0.0036618 0 0.003635 0.00367482 0.00371712 0.00377902 0.00625034 0.00478581 0.00726911 0.0213303 0.0129313 0.0208614 0.0108246 0.0113492 0.0126901 0.0148355 0.0335845 0.0302425 0.0164508 0.0121524 0.00977687 0.00868437 0.0138957 0.0124028 0.0169544 0.0112322 0.0126816 0.00909995 0.00881573 0.00958178 0.00879666 0.011963 0.0111671 0.0138193 0.0136241 0.0141755 0.0140797 0.0135843 0.010135 0.00869623 0.00853985 0.00855447 0.00847814 0.0085287 0.00833046 0.00816385 0.00824314 0.00856353 0.00912754 0.0096795 0.00936607 0.0083927 
0.00834216 0.0089171 0.0113848 0.0401929 0.885456 0.020747 0.00969716 0.013579 0.00380544 0.00366883 0.003635 0 0.00362665 0.00366971 0.0039429 0.00376133 0.00439301 0.00617523 0.0189719 0.028818 0.0170938 0.0130508 0.012178 0.0138976 0.0231103 0.0533195 0.044117 0.0198376 0.0141533 0.00971188 0.00986532 0.0164824 0.0189515 0.0205776 0.0190564 0.0138658 0.00912332 0.00939572 0.00980722 0.00974419 0.0136182 0.0145353 0.0178896 0.0180442 0.021701 0.0179957 0.0193516 0.0117979 0.00957824 0.0085302 0.00868324 0.00875297 0.00891179 0.00861906 0.00820804 0.00839659 0.0087724 0.010472 0.0107417 0.00993195 0.00877443 
0.00954906 0.0143754 0.0468829 0.855777 0.0235659 0.0178082 0.0133453 0.00753658 0.0040294 0.00368581 0.00367482 0.00362665 0 0.00368915 0.0037233 0.0037258 0.0037699 0.00445495 0.0305627 0.0198965 0.0238315 0.0138987 0.0124666 0.0181636 0.036839 0.0611749 0.0548836 0.0224075 0.0161921 0.0102195 0.0105026 0.0183972 0.0253391 0.0254322 0.0217478 0.0132561 0.00923739 0.00927554 0.00986937 0.0106481 0.016004 0.018278 0.0209599 0.0257443 0.0222381 0.0255673 0.0185044 0.0137943 0.00969229 0.00872801 0.00897301 0.00871843 0.00900302 0.00854399 0.0082377 0.00853995 0.0090197 0.0108424 0.0121111 0.0109543 0.0088497 
0.010375 0.052456 0.811402 0.0307337 0.0174309 0.00988011 0.0102786 0.00838312 0.00440892 0.0037493 0.00371712 0.00366971 0.00368915 0 0.00364438 0.00367535 0.00375613 0.00406953 0.0357392 0.0264488 0.0227331 0.016353 0.0147227 0.0184694 0.0318821 0.0748509 0.0453162 0.0453737 0.0137034 0.0107373 0.0100206 0.0253816 0.0244623 0.0389945 0.0179197 0.0152876 0.00916036 0.00943513 0.01078 0.010187 0.02043 0.0159518 0.0348018 0.021325 0.0299252 0.020653 0.025572 0.0135398 0.00969959 0.00858573 0.00874137 0.00889923 0.00890356 0.00878281 0.00822274 0.00857561 0.00923839 0.0111261 0.0118313 0.0108282 0.00897963 
0.0375931 0.71811 0.0388393 0.022603 0.0106119 0.0117668 0.0115257 0.00951051 0.00533322 0.00479904 0.00377902 0.0039429 0.0037233 0.00364438 0 0.0037093 0.00374321 0.00377957 0.0267931 0.0380133 0.0309565 0.0206811 0.014018 0.0151633 0.0337668 0.0446887 0.0985954 0.0166165 0.0154236 0.0100219 0.0111569 0.0176191 0.0310588 0.017408 0.0232896 0.0114882 0.00959005 0.00916787 0.0100998 0.0115404 0.0125054 0.0256179 0.0158011 0.026169 0.0155464 0.0253013 0.0159601 0.0132473 0.00914563 0.00860483 0.00925619 0.00857408 0.00926336 0.00857616 0.00822772 0.00865332 0.00893333 0.0102459 0.0111699 0.0100144 0.00886525 
0.527568 0.0339579 0.0221664 0.0105232 0.0124536 0.0113366 0.00908086 0.00950914 0.00719664 0.00488795 0.00625034 0.00376133 0.0037258 0.00367535 0.0037093 0 0.00364261 0.0037614 0.0269816 0.0175397 0.0414489 0.013122 0.0122993 0.0168389 0.0172099 0.0901783 0.0264248 0.0278684 0.0112353 0.0121158 0.00956131 0.0294185 0.0125104 0.0324892 0.0102363 0.0180719 0.00863013 0.00935822 0.0107883 0.00891143 0.0256928 0.0114225 0.0293832 0.0125494 0.02862 0.01334 0.0238507 0.010606 0.00932043 0.00845849 0.00842587 0.00903755 0.00861758 0.00860792 0.008184 0.00848569 0.00880796 0.00975586 0.0110141 0.010086 0.0088833 
0.024997 0.0229933 0.0157794 0.0140271 0.0104089 0.00904769 0.00930447 0.0103924 0.00954371 0.0099364 0.00478581 0.00439301 0.0037699 0.00375613 0.00374321 0.00364261 0 0.0037962 0.016665 0.0373661 0.0139464 0.0287358 0.0126258 0.0159499 0.0480611 0.0153569 0.0277168 0.0124559 0.0139059 0.0124829 0.0148941 0.0100369 0.0144307 0.00936507 0.0166408 0.00866224 0.00915304 0.00865008 0.00902251 0.0135457 0.00930728 0.0132865 0.00948257 0.0147453 0.00932311 0.0139415 0.00940555 0.00983597 0.00858959 0.00838016 0.00994122 0.0087384 0.00866541 0.00822497 0.00814451 0.00876662 0.00858403 0.00910244 0.00916485 0.00885852 0.0084348 
0.0320825 0.0206733 0.0141585 0.0106586 0.0104675 0.0102897 0.00970959 0.0108844 0.0217888 0.00816069 0.00726911 0.00617523 0.00445495 0.00406953 0.00377957 0.0037614 0.0037962 0 0.0610983 0.0146965 0.0133255 0.0134196 0.0333912 0.0474325 0.0155878 0.0159345 0.0115479 0.0202667 0.0193699 0.0320232 0.00978525 0.0102468 0.009454 0.013082 0.00887174 0.0114297 0.00841341 0.00913508 0.0197326 0.00938005 0.00985109 0.00888153 0.0101803 0.00917634 0.0103352 0.00916662 0.00942176 0.00898117 0.00880227 0.00846588 0.010576 0.0103908 0.00842031 0.00845696 0.00850322 0.0103488 0.00872191 0.00853083 0.00905339 0.00865242 0.00918696 
0.0118735 0.0134077 0.0149817 0.0124132 0.0133607 0.0135229 0.0140833 0.0280937 0.0293864 0.0143631 0.0213303 0.0189719 0.0305627 0.0357392 0.0267931 0.0269816 0.016665 0.0610983 0 0.00449822 0.00401108 0.00517898 0.00972998 0.010291 0.00833605 0.0106603 0.0486867 0.640645 0.125647 0.0147109 0.00895714 0.0109266 0.00979363 0.0138898 0.00965859 0.0141752 0.0107723 0.0291578 0.0185799 0.00891939 0.0106194 0.00916302 0.0106771 0.00901289 0.0110386 0.00924867 0.00984771 0.00939436 0.0114087 0.0128357 0.00935753 0.0103469 0.00866309 0.00935974 0.0111835 0.00934672 0.00845304 0.00845988 0.00893464 0.00963095 0.0137647 
0.00966277 0.0108019 0.0109478 0.0119236 0.0105105 0.0104535 0.013646 0.012064 0.0114081 0.0193654 0.0129313 0.028818 0.0198965 0.0264488 0.0380133 0.0175397 0.0373661 0.0146965 0.00449822 0 0.00383247 0.0041603 0.004143 0.00758545 0.00973942 0.0323673 0.668806 0.0264571 0.0114829 0.00921634 0.0110212 0.00951417 0.0141992 0.00977512 0.0151977 0.00919757 0.0114985 0.00972012 0.00970932 0.0108372 0.00889716 0.0114473 0.00908636 0.0125733 0.00911518 0.0124871 0.00920162 0.0109532 0.00931445 0.0089705 0.00928201 0.00847654 0.00884341 0.00875819 0.00892728 0.00847121 0.00844201 0.00853767 0.00934031 0.00966013 0.00902959 
0.0095566 0.0100257 0.0134311 0.0105781 0.0111381 0.0114122 0.00993691 0.0106527 0.0113441 0.0102691 0.0208614 0.0170938 0.0238315 0.0227331 0.0309565 0.0414489 0.0139464 0.0133255 0.00401108 0.00383247 0 0.00382485 0.0037633 0.00746286 0.0164636 0.764984 0.0364813 0.0127969 0.00792659 0.0104509 0.00897218 0.0136877 0.0105103 0.0157034 0.0102337 0.0146484 0.00893031 0.0091705 0.0104113 0.00915206 0.0121607 0.0095326 0.0126237 0.0104012 0.0131325 0.0104065 0.012313 0.00980335 0.00885413 0.00858925 0.00873693 0.00880788 0.00878844 0.00833278 0.00841266 0.00856024 0.00842672 0.00919043 0.0108412 0.00912014 0.00859243 
0.0102796 0.0114105 0.0108512 0.0102439 0.0100586 0.0101718 0.0106274 0.0104573 0.0133625 0.0139271 0.0108246 0.0130508 0.0138987 0.016353 0.0206811 0.013122 0.0287358 0.0134196 0.00517898 0.0041603 0.00382485 0 0.00398004 0.0110533 0.806707 0.0221374 0.0102741 0.00777342 0.0073415 0.00995569 0.0105868 0.00951248 0.010182 0.00965533 0.0105961 0.00927997 0.00938066 0.00887452 0.0104671 0.0102122 0.0091454 0.00964718 0.00920429 0.0102043 0.00925647 0.0100838 0.00951787 0.00887196 0.0092903 0.00842681 0.0097995 0.00930028 0.00835752 0.00842759 0.00846031 0.0089534 0.00849982 0.00855699 0.00876203 0.00899688 0.00838175 
0.0151467 0.0119231 0.0120249 0.0110396 0.0105607 0.0108395 0.0106044 0.0131183 0.0228238 0.012143 0.0113492 0.012178 0.0124666 0.0147227 0.014018 0.0122993 0.0126258 0.0333912 0.00972998 0.004143 0.0037633 0.00398004 0 0.923393 0.0301923 0.0076896 0.00740847 0.00807759 0.00743868 0.0153134 0.0101987 0.00932712 0.00960181 0.00985606 0.00951828 0.0096182 0.00878121 0.00968789 0.0161575 0.00930807 0.00910347 0.00934304 0.00918661 0.00924462 0.00924745 0.00980376 0.00895547 0.00902827 0.00878456 0.00879129 0.0128863 0.00951331 0.00852262 0.00831887 0.00888325 0.0107956 0.00874477 0.00846456 0.00884915 0.00858055 0.0090831 
0.0133973 0.0115732 0.0130326 0.0116215 0.0117733 0.0117104 0.0132287 0.0301345 0.0168345 0.0115782 0.0126901 0.0138976 0.0181636 0.0184694 0.0151633 0.0168389 0.0159499 0.0474325 0.010291 0.00758545 0.00746286 0.0110533 0.923393 0 0.00385711 0.00367649 0.00383319 0.00442067 0.007084 0.0270563 0.0104452 0.0117775 0.011052 0.0139258 0.0121884 0.0135546 0.0113349 0.020528 0.0199916 0.0100395 0.0114172 0.0103217 0.0115731 0.0115909 0.0133688 0.0105409 0.011523 0.0102147 0.0141363 0.0142631 0.00996712 0.00938204 0.00888149 0.0092597 0.0124578 0.00955721 0.0086538 0.00874336 0.00943677 0.0105054 0.0167062 
0.0108946 0.0129857 0.0136901 0.0133182 0.012481 0.0116355 0.0164614 0.0131006 0.0114813 0.0150956 0.0148355 0.0231103 0.036839 0.0318821 0.0337668 0.0172099 0.0480611 0.0155878 0.00833605 0.00973942 0.0164636 0.806707 0.0301923 0.00385711 0 0.00362656 0.00367802 0.00391801 0.00399206 0.0157429 0.0253323 0.0127761 0.0255013 0.017753 0.0263411 0.0107372 0.0167021 0.0107197 0.0117939 0.0166228 0.0110054 0.0225966 0.0152597 0.0284164 0.013959 0.03016 0.0132832 0.020248 0.0114265 0.0109374 0.00911153 0.00910464 0.00922676 0.00918927 0.00956062 0.00864002 0.0092882 0.0105078 0.0140041 0.0162636 0.0104746 
0.0109457 0.0130356 0.0259042 0.0213942 0.0171216 0.0172015 0.0105321 0.0115245 0.0113757 0.0130907 0.0335845 0.0533195 0.0611749 0.0748509 0.0446887 0.0901783 0.0153569 0.0159345 0.0106603 0.0323673 0.764984 0.0221374 0.0076896 0.00367649 0.00362656 0 0.00365121 0.00368287 0.00369803 0.0228783 0.0135968 0.0605307 0.0308241 0.0521989 0.0172335 0.0328684 0.00988815 0.0105706 0.0120381 0.0110365 0.0389316 0.0216645 0.0545969 0.0205054 0.055128 0.0239382 0.0671458 0.0197921 0.0118524 0.00918949 0.009022 0.0101783 0.00947544 0.0093988 0.00857338 0.00886834 0.00976162 0.0173598 0.0375496 0.0140864 0.0104518 
0.0110245 0.0133 0.0222659 0.0182357 0.0155532 0.0130689 0.0120344 0.0111597 0.0118702 0.0157971 0.0302425 0.044117 0.0548836 0.0453162 0.0985954 0.0264248 0.0277168 0.0115479 0.0486867 0.668806 0.0364813 0.0102741 0.00740847 0.00383319 0.00367802 0.00365121 0 0.00368097 0.00359409 0.0135711 0.0227624 0.0210667 0.0651632 0.0178562 0.0531916 0.0119402 0.0120509 0.00993989 0.0105519 0.0176437 0.0133889 0.044283 0.0158911 0.0515092 0.0168907 0.0713975 0.0190339 0.0249804 0.0101365 0.00948335 0.0097154 0.00903678 0.0120338 0.00875792 0.00878751 0.00921219 0.00949998 0.0169848 0.0196597 0.0138678 0.00978124 
0.0114192 0.0162949 0.0141878 0.0110887 0.0107871 0.0100828 0.0107089 0.0108503 0.0136756 0.0137474 0.0164508 0.0198376 0.0224075 0.0453737 0.0166165 0.0278684 0.0124559 0.0202667 0.640645 0.0264571 0.0127969 0.00777342 0.00807759 0.00442067 0.00391801 0.00368287 0.00368097 0 0.00360656 0.0175373 0.0116063 0.0373248 0.0187198 0.0450873 0.0112191 0.0220144 0.00947997 0.0100783 0.0158266 0.0104154 0.0221339 0.0100128 0.0286896 0.01043 0.0281681 0.0140141 0.0216752 0.0098327 0.0179937 0.00885515 0.00968023 0.0126074 0.00855454 0.00896147 0.00846748 0.00925898 0.00973826 0.0104028 0.0124155 0.012161 0.0099049 
0.018867 0.012262 0.0122088 0.0112124 0.0104258 0.0105676 0.0101595 0.011923 0.0229183 0.0131606 0.0121524 0.0141533 0.0161921 0.0137034 0.0154236 0.0112353 0.0139059 0.0193699 0.125647 0.0114829 0.00792659 0.0073415 0.00743868 0.007084 0.00399206 0.00369803 0.00359409 0.00360656 0 0.0146883 0.0140853 0.0111716 0.016895 0.010361 0.0198358 0.00999794 0.012096 0.0117013 0.0176086 0.0141661 0.00946772 0.0149552 0.0101939 0.0158237 0.0101857 0.0134733 0.00987315 0.0195254 0.00912098 0.010788 0.0247398 0.00978467 0.00960958 0.00850256 0.00889279 0.0151436 0.00922498 0.00965412 0.0103529 0.00956599 0.0100126 
0.00872585 0.00910365 0.00944731 0.00873606 0.00898704 0.00879065 0.00898812 0.0128799 0.00978049 0.0086199 0.00977687 0.00971188 0.0102195 0.0107373 0.0100219 0.0121158 0.0124829 0.0320232 0.0147109 0.00921634 0.0104509 0.00995569 0.0153134 0.0270563 0.0157429 0.0228783 0.0135711 0.0175373 0.0146883 0 0.00358859 0.00372471 0.0036077 0.00396448 0.00365577 0.00484085 0.00359702 0.00739986 0.0100037 0.00607574 0.0135148 0.00701749 0.0217676 0.00765027 0.0268514 0.00910033 0.532839 0.00972593 0.0130792 0.014466 0.008844 0.0151314 0.0086111 0.00982105 0.0115234 0.00944694 0.0093178 0.00932675 0.0104481 0.0107158 0.0273854 
0.00837883 0.00856893 0.00851581 0.00873403 0.00837822 0.00838604 0.00878501 0.00990351 0.00828942 0.00878879 0.00868437 0.00986532 0.0105026 0.0100206 0.0111569 0.00956131 0.0148941 0.00978525 0.00895714 0.0110212 0.00897218 0.0105868 0.0101987 0.0104452 0.0253323 0.0135968 0.0227624 0.0116063 0.0140853 0.00358859 0 0.003563 0.00356653 0.00356172 0.00362917 0.0035596 0.00463826 0.00398308 0.00595078 0.0102303 0.00704487 0.0160332 0.00801948 0.0249945 0.00928217 0.810237 0.009203 0.0203366 0.00932947 0.0138183 0.0120968 0.00872336 0.0114413 0.0088307 0.00975797 0.0089044 0.00925838 0.0103031 0.0106437 0.0181387 0.00981167 
0.00884885 0.00908527 0.0117778 0.00956315 0.0099373 0.00922172 0.00906102 0.00866752 0.00858252 0.00889303 0.0138957 0.0164824 0.0183972 0.0253816 0.0176191 0.0294185 0.0100369 0.0102468 0.0109266 0.00951417 0.0136877 0.00951248 0.00932712 0.0117775 0.0127761 0.0605307 0.0210667 0.0373248 0.0111716 0.00372471 0.003563 0 0.00354707 0.00359855 0.00358786 0.00385095 0.0036194 0.00366772 0.00836084 0.00743422 0.0268582 0.00837976 0.0369092 0.0120557 0.872971 0.0175041 0.0612372 0.011245 0.0136592 0.00871853 0.00960065 0.0150767 0.00913768 0.0115466 0.00865385 0.00907302 0.0103109 0.0141819 0.0335283 0.0117901 0.010011 
0.00936325 0.00969385 0.0100626 0.0116234 0.00938991 0.0102075 0.00867756 0.00875358 0.00886668 0.00981715 0.0124028 0.0189515 0.0253391 0.0244623 0.0310588 0.0125104 0.0144307 0.009454 0.00979363 0.0141992 0.0105103 0.010182 0.00960181 0.011052 0.0255013 0.0308241 0.0651632 0.0187198 0.016895 0.0036077 0.00356653 0.00354707 0 0.00355621 0.00378646 0.00355551 0.00359287 0.0035739 0.00640535 0.0147875 0.00782225 0.0225854 0.00957151 0.890435 0.0132515 0.0388831 0.00976766 0.0503942 0.00892716 0.0108388 0.0117513 0.0088783 0.0203721 0.00871837 0.00927747 0.00924858 0.0102272 0.0239012 0.0252524 0.0167988 0.00949895 
0.00925331 0.0101791 0.0148418 0.0102107 0.0109378 0.00953003 0.00894481 0.00899694 0.00919436 0.00937683 0.0169544 0.0205776 0.0254322 0.0389945 0.017408 0.0324892 0.00936507 0.013082 0.0138898 0.00977512 0.0157034 0.00965533 0.00985606 0.0139258 0.017753 0.0521989 0.0178562 0.0450873 0.010361 0.00396448 0.00356172 0.00359855 0.00355621 0 0.0035621 0.00362048 0.00358569 0.00369433 0.00921166 0.00706759 0.0269946 0.00871028 0.931745 0.0119623 0.0369442 0.0093726 0.0405056 0.00914032 0.0120764 0.00820497 0.00897605 0.024428 0.00905355 0.0106798 0.00863531 0.00933672 0.0141447 0.0184065 0.0319169 0.0123785 0.0122141 
0.0089534 0.0098729 0.00929189 0.0113752 0.00925622 0.00937603 0.00906924 0.00870893 0.00909326 0.0103038 0.0112322 0.0190564 0.0217478 0.0179197 0.0232896 0.0102363 0.0166408 0.00887174 0.00965859 0.0151977 0.0102337 0.0105961 0.00951828 0.0121884 0.0263411 0.0172335 0.0531916 0.0112191 0.0198358 0.00365577 0.00362917 0.00358786 0.00378646 0.0035621 0 0.00354576 0.00377261 0.00356178 0.00588629 0.0221916 0.00854176 0.925201 0.00904115 0.0674149 0.00829224 0.0408374 0.00867371 0.0170428 0.00839911 0.00825877 0.0155986 0.00865496 0.0221066 0.00881843 0.00898183 0.00950518 0.0110222 0.0198761 0.0218092 0.0199074 0.0090079 
0.00889257 0.0090508 0.0113726 0.00894686 0.00924372 0.00905086 0.00860722 0.00880753 0.00922987 0.00884457 0.0126816 0.0138658 0.0132561 0.0152876 0.0114882 0.0180719 0.00866224 0.0114297 0.0141752 0.00919757 0.0146484 0.00927997 0.0096182 0.0135546 0.0107372 0.0328684 0.0119402 0.0220144 0.00999794 0.00484085 0.0035596 0.00385095 0.00355551 0.00362048 0.00354576 0 0.00356456 0.00354931 0.0111058 0.00669347 0.92861 0.00771579 0.0228609 0.00750608 0.0272996 0.00928043 0.0176593 0.00839618 0.0100796 0.0076896 0.00886021 0.0207253 0.00882137 0.00949621 0.00853691 0.00942759 0.00991475 0.0117012 0.0189868 0.0103314 0.0105942 
0.0086273 0.00881134 0.00838116 0.00849559 0.00842386 0.00837454 0.00836465 0.00828766 0.00914471 0.00937803 0.00909995 0.00912332 0.00923739 0.00916036 0.00959005 0.00863013 0.00915304 0.00841341 0.0107723 0.0114985 0.00893031 0.00938066 0.00878121 0.0113349 0.0167021 0.00988815 0.0120509 0.00947997 0.012096 0.00359702 0.00463826 0.0036194 0.00359287 0.00358569 0.00377261 0.00356456 0 0.00386779 0.0103106 0.914235 0.00668971 0.00855301 0.00694029 0.0122546 0.00698543 0.0122092 0.00723793 0.00819884 0.00774207 0.00658076 0.0131931 0.00950719 0.0093848 0.00856394 0.00847917 0.00934377 0.00956951 0.00941876 0.00947214 0.011718 0.00845813 
0.00927116 0.00872329 0.00878064 0.00856997 0.00847017 0.00845836 0.00848062 0.00876591 0.0116079 0.00918305 0.00881573 0.00939572 0.00927554 0.00943513 0.00916787 0.00935822 0.00865008 0.00913508 0.0291578 0.00972012 0.0091705 0.00887452 0.00968789 0.020528 0.0107197 0.0105706 0.00993989 0.0100783 0.0117013 0.00739986 0.00398308 0.00366772 0.0035739 0.00369433 0.00356178 0.00354931 0.00386779 0 0.882411 0.00624462 0.00616244 0.00579645 0.00704746 0.00630353 0.00821085 0.00664311 0.00720534 0.00702314 0.00698619 0.0059643 0.0158166 0.0101159 0.00837414 0.00831174 0.00839621 0.0137221 0.00897188 0.00870996 0.00914234 0.00883018 0.00943015 
0.00916043 0.00938972 0.00970163 0.00887752 0.00901322 0.00936628 0.0088517 0.0121953 0.011183 0.00881472 0.00958178 0.00980722 0.00986937 0.01078 0.0100998 0.0107883 0.00902251 0.0197326 0.0185799 0.00970932 0.0104113 0.0104671 0.0161575 0.0199916 0.0117939 0.0120381 0.0105519 0.0158266 0.0176086 0.0100037 0.00595078 0.00836084 0.00640535 0.00921166 0.00588629 0.0111058 0.0103106 0.882411 0 0.00359328 0.00364649 0.00356472 0.00401809 0.00360374 0.00470338 0.00374814 0.00488862 0.00481767 0.00627762 0.00687277 0.0128617 0.0148513 0.00881578 0.00957849 0.0135553 0.012635 0.0107309 0.00924517 0.0108395 0.0109814 0.0344443 
0.00836483 0.00871392 0.00848317 0.00872592 0.00850584 0.00842906 0.00889334 0.00851057 0.00842138 0.00924287 0.00879666 0.00974419 0.0106481 0.010187 0.0115404 0.00891143 0.0135457 0.00938005 0.00891939 0.0108372 0.00915206 0.0102122 0.00930807 0.0100395 0.0166228 0.0110365 0.0176437 0.0104154 0.0141661 0.00607574 0.0102303 0.00743422 0.0147875 0.00706759 0.0221916 0.00669347 0.914235 0.00624462 0.00359328 0 0.00354188 0.0035782 0.00362196 0.00352923 0.00361033 0.00393951 0.00375803 0.00621722 0.00431237 0.00433536 0.0187747 0.00881583 0.0115957 0.00894338 0.0100498 0.00959591 0.0103553 0.0113051 0.0127601 0.025064 0.00942928 
0.00869133 0.00903111 0.0107345 0.00933488 0.00924701 0.00916613 0.00865462 0.00843 0.00862055 0.00865385 0.011963 0.0136182 0.016004 0.02043 0.0125054 0.0256928 0.00930728 0.00985109 0.0106194 0.00889716 0.0121607 0.0091454 0.00910347 0.0114172 0.0110054 0.0389316 0.0133889 0.0221339 0.00946772 0.0135148 0.00704487 0.0268582 0.00782225 0.0269946 0.00854176 0.92861 0.00668971 0.00616244 0.00364649 0.00354188 0 0.00354915 0.00356997 0.00355851 0.00380938 0.00361996 0.00440638 0.00402429 0.00386806 0.00381764 0.008672 0.0274083 0.00875317 0.010129 0.0085017 0.00910925 0.0111851 0.0131416 0.0406264 0.0115297 0.0118017 
0.00872091 0.00954197 0.00953564 0.0108607 0.00968097 0.00911188 0.00877213 0.00867162 0.00878712 0.00934672 0.0111671 0.0145353 0.018278 0.0159518 0.0256179 0.0114225 0.0132865 0.00888153 0.00916302 0.0114473 0.0095326 0.00964718 0.00934304 0.0103217 0.0225966 0.0216645 0.044283 0.0100128 0.0149552 0.00701749 0.0160332 0.00837976 0.0225854 0.00871028 0.925201 0.00771579 0.00855301 0.00579645 0.00356472 0.0035782 0.00354915 0 0.00354556 0.00354954 0.0036027 0.00356874 0.00366035 0.00414855 0.00366878 0.00375887 0.0168043 0.00863369 0.0233158 0.00858626 0.00925921 0.00939328 0.0104566 0.0332106 0.0222814 0.023796 0.00960937 
0.00890962 0.00940226 0.0114303 0.00974016 0.00949474 0.00903837 0.00882012 0.00869598 0.00871786 0.0090648 0.0138193 0.0178896 0.0209599 0.0348018 0.0158011 0.0293832 0.00948257 0.0101803 0.0106771 0.00908636 0.0126237 0.00920429 0.00918661 0.0115731 0.0152597 0.0545969 0.0158911 0.0286896 0.0101939 0.0217676 0.00801948 0.0369092 0.00957151 0.931745 0.00904115 0.0228609 0.00694029 0.00704746 0.00401809 0.00362196 0.00356997 0.00354556 0 0.0035509 0.00364537 0.00360365 0.0035676 0.00364788 0.0037681 0.00363029 0.0102853 0.0282925 0.00870122 0.0121851 0.00860821 0.00937715 0.0153707 0.0162024 0.0448308 0.013266 0.0135859 
0.00905065 0.00965972 0.0102472 0.0116188 0.00975294 0.00957798 0.00893912 0.00873984 0.00871405 0.00960231 0.0136241 0.0180442 0.0257443 0.021325 0.026169 0.0125494 0.0147453 0.00917634 0.00901289 0.0125733 0.0104012 0.0102043 0.00924462 0.0115909 0.0284164 0.0205054 0.0515092 0.01043 0.0158237 0.00765027 0.0249945 0.0120557 0.890435 0.0119623 0.0674149 0.00750608 0.0122546 0.00630353 0.00360374 0.00352923 0.00355851 0.00354954 0.0035509 0 0.00355238 0.00358634 0.0035796 0.00362155 0.00359859 0.00363447 0.0196528 0.00858824 0.0252661 0.0089084 0.00980342 0.00960112 0.0109066 0.0299141 0.0231577 0.0275272 0.00985015 
0.00903233 0.00958608 0.0122913 0.00967196 0.0101245 0.00922171 0.00861369 0.00852324 0.00868673 0.00911413 0.0141755 0.021701 0.0222381 0.0299252 0.0155464 0.02862 0.00932311 0.0103352 0.0110386 0.00911518 0.0131325 0.00925647 0.00924745 0.0133688 0.013959 0.055128 0.0168907 0.0281681 0.0101857 0.0268514 0.00928217 0.872971 0.0132515 0.0369442 0.00829224 0.0272996 0.00698543 0.00821085 0.00470338 0.00361033 0.00380938 0.0036027 0.00364537 0.00355238 0 0.00356307 0.00356329 0.00358783 0.00358445 0.00358564 0.0100482 0.0330914 0.00881891 0.0117493 0.0086428 0.009578 0.0125843 0.017104 0.0418024 0.0150086 0.0425401 
0.00889866 0.010025 0.00996963 0.0109524 0.00958355 0.00937323 0.00872108 0.00856966 0.00874335 0.00977718 0.0140797 0.0179957 0.0255673 0.020653 0.0253013 0.01334 0.0139415 0.00916662 0.00924867 0.0124871 0.0104065 0.0100838 0.00980376 0.0105409 0.03016 0.0239382 0.0713975 0.0140141 0.0134733 0.00910033 0.810237 0.0175041 0.0388831 0.0093726 0.0408374 0.00928043 0.0122092 0.00664311 0.00374814 0.00393951 0.00361996 0.00356874 0.00360365 0.00358634 0.00356307 0 0.0035526 0.00357873 0.00356437 0.00358622 0.0193293 0.00885655 0.0308676 0.00890116 0.0110783 0.00950292 0.0118797 0.0301003 0.0327195 0.0990437 0.00997939 
0.00899141 0.00938534 0.0107989 0.00964013 0.00950192 0.00892196 0.0086506 0.00864165 0.00845033 0.00973076 0.0135843 0.0193516 0.0185044 0.025572 0.0159601 0.0238507 0.00940555 0.00942176 0.00984771 0.00920162 0.012313 0.00951787 0.00895547 0.011523 0.0132832 0.0671458 0.0190339 0.0216752 0.00987315 0.532839 0.009203 0.0612372 0.00976766 0.0405056 0.00867371 0.0176593 0.00723793 0.00720534 0.00488862 0.00375803 0.00440638 0.00366035 0.0035676 0.0035796 0.00356329 0.0035526 0 0.0035658 0.00357602 0.00355415 0.00965332 0.0292689 0.00914795 0.013057 0.0108607 0.00920777 0.011747 0.0204208 0.0743821 0.0146914 0.0120135 
0.00913227 0.00886853 0.00921289 0.00920896 0.00872985 0.00877834 0.00847652 0.00845037 0.00909545 0.00904781 0.010135 0.0117979 0.0137943 0.0135398 0.0132473 0.010606 0.00983597 0.00898117 0.00939436 0.0109532 0.00980335 0.00887196 0.00902827 0.0102147 0.020248 0.0197921 0.0249804 0.0098327 0.0195254 0.00972593 0.0203366 0.011245 0.0503942 0.00914032 0.0170428 0.00839618 0.00819884 0.00702314 0.00481767 0.00621722 0.00402429 0.00414855 0.00364788 0.00362155 0.00358783 0.00357873 0.0035658 0 0.00355036 0.00355567 0.0157819 0.00912791 0.0265244 0.0119457 0.0105234 0.00929572 0.0108558 0.0241226 0.0200511 0.0137599 0.00959608 
0.00876864 0.0087861 0.00875704 0.00852055 0.00843092 0.00834908 0.00841758 0.00843933 0.00890561 0.00931016 0.00869623 0.00957824 0.00969229 0.00969959 0.00914563 0.00932043 0.00858959 0.00880227 0.0114087 0.00931445 0.00885413 0.0092903 0.00878456 0.0141363 0.0114265 0.0118524 0.0101365 0.0179937 0.00912098 0.0130792 0.00932947 0.0136592 0.00892716 0.0120764 0.00839911 0.0100796 0.00774207 0.00698619 0.00627762 0.00431237 0.00386806 0.00366878 0.0037681 0.00359859 0.00358445 0.00356437 0.00357602 0.00355036 0 0.00360986 0.0104882 0.0302368 0.00922416 0.0153685 0.00844432 0.0165647 0.0117604 0.00969166 0.0112146 0.0149433 0.0106702 
0.00904463 0.00851666 0.00839369 0.00826306 0.00827339 0.0084916 0.00825991 0.00825659 0.00951381 0.00836396 0.00853985 0.0085302 0.00872801 0.00858573 0.00860483 0.00845849 0.00838016 0.00846588 0.0128357 0.0089705 0.00858925 0.00842681 0.00879129 0.0142631 0.0109374 0.00918949 0.00948335 0.00885515 0.010788 0.014466 0.0138183 0.00871853 0.0108388 0.00820497 0.00825877 0.0076896 0.00658076 0.0059643 0.00687277 0.00433536 0.00381764 0.00375887 0.00363029 0.00363447 0.00358564 0.00358622 0.00355415 0.00355567 0.00360986 0 0.040848 0.0129211 0.0157389 0.0071866 0.0107286 0.0144703 0.00876693 0.00848952 0.00901495 0.0100598 0.0147857 
0.00834764 0.00829594 0.00841907 0.00868878 0.00858688 0.008479 0.00894564 0.0100668 0.00904023 0.00858572 0.00855447 0.00868324 0.00897301 0.00874137 0.00925619 0.00842587 0.00994122 0.010576 0.00935753 0.00928201 0.00873693 0.0097995 0.0128863 0.00996712 0.00911153 0.009022 0.0097154 0.00968023 0.0247398 0.008844 0.0120968 0.00960065 0.0117513 0.00897605 0.0155986 0.00886021 0.0131931 0.0158166 0.0128617 0.0187747 0.008672 0.0168043 0.0102853 0.0196528 0.0100482 0.0193293 0.00965332 0.0157819 0.0104882 0.040848 0 0.00518718 0.00372777 0.00362958 0.0060615 0.00485647 0.00486502 0.00679598 0.012549 0.849851 0.0354315 
0.00829495 0.0083771 0.00850188 0.00846617 0.00844642 0.00841071 0.00865673 0.00898361 0.00864036 0.00830168 0.00847814 0.00875297 0.00871843 0.00889923 0.00857408 0.00903755 0.0087384 0.0103908 0.0103469 0.00847654 0.00880788 0.00930028 0.00951331 0.00938204 0.00910464 0.0101783 0.00903678 0.0126074 0.00978467 0.0151314 0.00872336 0.0150767 0.0088783 0.024428 0.00865496 0.0207253 0.00950719 0.0101159 0.0148513 0.00881583 0.0274083 0.00863369 0.0282925 0.00858824 0.0330914 0.00885655 0.0292689 0.00912791 0.0302368 0.0129211 0.00518718 0 0.0036038 0.00425883 0.0225697 0.00408273 0.00550005 0.0111152 0.916305 0.0243844 0.00956174 
0.00818847 0.00828999 0.00839509 0.00840043 0.00830513 0.00830016 0.00824163 0.00827488 0.00826161 0.00829488 0.0085287 0.00891179 0.00900302 0.00890356 0.00926336 0.00861758 0.00866541 0.00842031 0.00866309 0.00884341 0.00878844 0.00835752 0.00852262 0.00888149 0.00922676 0.00947544 0.0120338 0.00855454 0.00960958 0.0086111 0.0114413 0.00913768 0.0203721 0.00905355 0.0221066 0.00882137 0.0093848 0.00837414 0.00881578 0.0115957 0.00875317 0.0233158 0.00870122 0.0252661 0.00881891 0.0308676 0.00914795 0.0265244 0.00922416 0.0157389 0.00372777 0.0036038 0 0.00356043 0.00360678 0.00403381 0.0046642 0.932847 0.01558 0.00655419 0.00604804 
0.0081524 0.0083968 0.00838275 0.00825505 0.00821464 0.00815837 0.00816798 0.00819688 0.00870209 0.00847473 0.00833046 0.00861906 0.00854399 0.00878281 0.00857616 0.00860792 0.00822497 0.00845696 0.00935974 0.00875819 0.00833278 0.00842759 0.00831887 0.0092597 0.00918927 0.0093988 0.00875792 0.00896147 0.00850256 0.00982105 0.0088307 0.0115466 0.00871837 0.0106798 0.00881843 0.00949621 0.00856394 0.00831174 0.00957849 0.00894338 0.010129 0.00858626 0.0121851 0.0089084 0.0117493 0.00890116 0.013057 0.0119457 0.0153685 0.0071866 0.00362958 0.00425883 0.00356043 0 0.00447983 0.00455492 0.985426 0.00715526 0.0058324 0.00535602 0.00572262 
0.00847942 0.0082295 0.00817265 0.00812698 0.00820447 0.00823376 0.008192 0.00844601 0.0095249 0.00853854 0.00816385 0.00820804 0.0082377 0.00822274 0.00822772 0.008184 0.00814451 0.00850322 0.0111835 0.00892728 0.00841266 0.00846031 0.00888325 0.0124578 0.00956062 0.00857338 0.00878751 0.00846748 0.00889279 0.0115234 0.00975797 0.00865385 0.00927747 0.00863531 0.00898183 0.00853691 0.00847917 0.00839621 0.0135553 0.0100498 0.0085017 0.00925921 0.00860821 0.00980342 0.0086428 0.0110783 0.0108607 0.0105234 0.00844432 0.0107286 0.0060615 0.0225697 0.00360678 0.00447983 0 0.991576 0.00633553 0.00473048 0.00378038 0.00417169 0.00456302 
0.00811377 0.00813309 0.00824183 0.00834694 0.0082817 0.00826767 0.00845036 0.0091951 0.00853183 0.00816236 0.00824314 0.00839659 0.00853995 0.00857561 0.00865332 0.00848569 0.00876662 0.0103488 0.00934672 0.00847121 0.00856024 0.0089534 0.0107956 0.00955721 0.00864002 0.00886834 0.00921219 0.00925898 0.0151436 0.00944694 0.0089044 0.00907302 0.00924858 0.00933672 0.00950518 0.00942759 0.00934377 0.0137221 0.012635 0.00959591 0.00910925 0.00939328 0.00937715 0.00960112 0.009578 0.00950292 0.00920777 0.00929572 0.0165647 0.0144703 0.00485647 0.00408273 0.00403381 0.00455492 0.991576 0 0.00373313 0.00358415 0.00356537 0.00380362 0.00604752 
0.00824961 0.00840034 0.00851002 0.00842761 0.00836242 0.00826041 0.00829321 0.0083573 0.00820446 0.00831057 0.00856353 0.0087724 0.0090197 0.00923839 0.00893333 0.00880796 0.00858403 0.00872191 0.00845304 0.00844201 0.00842672 0.00849982 0.00874477 0.0086538 0.0092882 0.00976162 0.00949998 0.00973826 0.00922498 0.0093178 0.00925838 0.0103109 0.0102272 0.0141447 0.0110222 0.00991475 0.00956951 0.00897188 0.0107309 0.0103553 0.0111851 0.0104566 0.0153707 0.0109066 0.0125843 0.0118797 0.011747 0.0108558 0.0117604 0.00876693 0.00486502 0.00550005 0.0046642 0.985426 0.00633553 0.00373313 0 0.00355498 0.00355846 0.00362724 0.00386239 
0.00833453 0.00854623 0.0086929 0.00883553 0.00850475 0.0085167 0.00834326 0.00833414 0.00818898 0.00830001 0.00912754 0.010472 0.0108424 0.0111261 0.0102459 0.00975586 0.00910244 0.00853083 0.00845988 0.00853767 0.00919043 0.00855699 0.00846456 0.00874336 0.0105078 0.0173598 0.0169848 0.0104028 0.00965412 0.00932675 0.0103031 0.0141819 0.0239012 0.0184065 0.0198761 0.0117012 0.00941876 0.00870996 0.00924517 0.0113051 0.0131416 0.0332106 0.0162024 0.0299141 0.017104 0.0301003 0.0204208 0.0241226 0.00969166 0.00848952 0.00679598 0.0111152 0.932847 0.00715526 0.00473048 0.00358415 0.00355498 0 0.0035572 0.00358663 0.00359585 
0.00860413 0.00886895 0.00935533 0.00897641 0.00886973 0.00875259 0.0084941 0.00855849 0.00835368 0.00868299 0.0096795 0.0107417 0.0121111 0.0118313 0.0111699 0.0110141 0.00916485 0.00905339 0.00893464 0.00934031 0.0108412 0.00876203 0.00884915 0.00943677 0.0140041 0.0375496 0.0196597 0.0124155 0.0103529 0.0104481 0.0106437 0.0335283 0.0252524 0.0319169 0.0218092 0.0189868 0.00947214 0.00914234 0.0108395 0.0127601 0.0406264 0.0222814 0.0448308 0.0231577 0.0418024 0.0327195 0.0743821 0.0200511 0.0112146 0.00901495 0.012549 0.916305 0.01558 0.0058324 0.00378038 0.00356537 0.00355846 0.0035572 0 0.00356044 0.00360335 
0.00857664 0.00889826 0.0089002 0.00879926 0.00864679 0.00853926 0.00838299 0.00829629 0.00883201 0.00912788 0.00936607 0.00993195 0.0109543 0.0108282 0.0100144 0.010086 0.00885852 0.00865242 0.00963095 0.00966013 0.00912014 0.00899688 0.00858055 0.0105054 0.0162636 0.0140864 0.0138678 0.012161 0.00956599 0.0107158 0.0181387 0.0117901 0.0167988 0.0123785 0.0199074 0.0103314 0.011718 0.00883018 0.0109814 0.025064 0.0115297 0.023796 0.013266 0.0275272 0.0150086 0.0990437 0.0146914 0.0137599 0.0149433 0.0100598 0.849851 0.0243844 0.00655419 0.00535602 0.00417169 0.00380362 0.00362724 0.00358663 0.00356044 0 0.00358877 
0.00898843 0.00864791 0.00855002 0.00834751 0.00822849 0.00818773 0.00818536 0.00855451 0.0104306 0.0086781 0.0083927 0.00877443 0.0088497 0.00897963 0.00886525 0.0088833 0.0084348 0.00918696 0.0137647 0.00902959 0.00859243 0.00838175 0.0090831 0.0167062 0.0104746 0.0104518 0.00978124 0.0099049 0.0100126 0.0273854 0.00981167 0.010011 0.00949895 0.0122141 0.0090079 0.0105942 0.00845813 0.00943015 0.0344443 0.00942928 0.0118017 0.00960937 0.0135859 0.00985015 0.0425401 0.00997939 0.0120135 0.00959608 0.0106702 0.0147857 0.0354315 0.00956174 0.00604804 0.00572262 0.00456302 0.00604752 0.00386239 0.00359585 0.00360335 0.00358877 0 
