1N0SA
DVYHDGACPEVKPVDNFDWSQYHGKWWEVAKYPSPNGKYGKCGWAEYTPEGKSVKVSRYDVIHGKEYFMEGTAYPVGDSKIGKIYHSRTVGGYTRKTVFNVLSTDNKNYIIGYSCRYDEDKKGHWDHVWVLSRSMVLTGEAKTAVENYLIGSPVVDSQKLVYSDFSEAACKVN
CEEEECCCCCCCCCCCCCHHHCCEEEEEEEECCCHHHCCCCCEEEEEEEECCEEEEEEEEEECCEEEEEEEEEEECCCCCCCEEEEEEEECCEEEEEEEEEEEECCCCEEEEEEEEEECCCCEEEEEEEEEECCCCCCHHHHHHHHHHHHHCCCCCHHHCEECCCCHHHHCCC
0 0 0 0 0 0 0 0 0 0 0 0 0 0 0 0 0 0 0 0 0 0 0 0 0 0 0 0 0 0 0 0 0 0 0 0 0 0 0 0 0 0 0 0 0 0 0 0 0 0 0 0 0 0 0 0 0 0 0 0 0 0 0 0 0 0 0 0 0 0 0 0 0 0 0 0 0 0 0 0 0 0 0 0 0 0 0 0 0 0 0 0 0 0 0 0 0 0 0 0 0 0 0 0 0 0 0 0 0 0 0 0 0 0 0 0 0 0 0 0 0 0 0 0 0 0 0 0 0 0 0 0 0 0 0 0 0 0 0 0 0 0 0 0 0 0 0 0 0 0 0 0 0 0 0 0 0 0 0 0 0 0 0 0 0 0 0 0 0 0 0 0 0 
0 0 0 0 0 0 0 0 0 0 0 0 0 0 0 0 0 0 0 0 0 0 0 0 0 0 0 0 0 0 0 0 0 0 0 0 0 0 0 0 0 0 0 0 0 0 0 0 0 0 0 0 0 0 0 0 0 0 0 0 0 0 0 0 0 0 0 0 0 0 0 0 0 0 0 0 0 0 0 0 0 0 0 0 0 0 0 0 0 0 0 0 0 0 0 0 0 0 0 0 0 0 0 0 0 0 0 0 0 0 0 0 0 0 0 0 0 0 0 0 0 0 0 0 0 0 0 0 0 0 0 0 0 0 0 0 0 0 0 0 0 0 0 0 0 0 0 0 0 0 0 0 0 0 0 0 0 0 0 0 0 0 0 0 0 0 0 0 0 0 0 0 0 
0 0.00430065 0.00425149 0.0122536 0.0375148 0.0243596 0.0157248 0.0273311 0.0260679 0.0151152 0.0193156 0.0304265 0.0229382 0.0124262 0.0110179 0.0111134 0.0110191 0.0098417 0.00972075 0.0142852 0.0146775 0.0128497 0.011807 0.0113302 0.0103522 0.00909187 0.0105141 0.0102785 0.0112778 0.0148763 0.010574 0.00902367 0.00881607 0.00886028 0.00862886 0.00906711 0.00922002 0.00991176 0.00939888 0.00991992 0.0147143 0.0109696 0.0107671 0.00976291 0.00934293 0.00989371 0.00970709 0.00905479 0.0106819 0.00949958 0.00867928 0.0092226 0.00948856 0.00910674 0.00958206 0.0101303 0.0106106 0.0100066 0.00958279 0.00935652 0.0131197 0.0104271 0.00915513 0.010014 0.00968694 0.00958351 0.00892203 0.00874353 0.00858438 0.00855089 0.00991568 0.00913533 0.00877758 0.00850694 0.00853785 0.00940705 0.00966821 0.00974038 0.00960673 0.00889293 0.0115362 0.00851247 0.00926133 
0.00430065 0 0.00400976 0.00380375 0.013397 0.023596 0.0315414 0.0174396 0.0154196 0.0216475 0.0238826 0.0116987 0.0115211 0.011854 0.0130421 0.00944495 0.0124471 0.00913971 0.0203517 0.00983414 0.0106076 0.0133709 0.0109355 0.0137236 0.00966464 0.00955889 0.00924576 0.0117636 0.0114564 0.0104901 0.00875051 0.0089258 0.00888973 0.0088052 0.00886478 0.00869716 0.00957445 0.00898591 0.0109982 0.00941146 0.0110065 0.00867424 0.010747 0.00902454 0.0104098 0.00903143 0.0101493 0.00956213 0.00928237 0.00875468 0.00865066 0.00907623 0.00866758 0.0100051 0.00937872 0.0106502 0.0102774 0.0109444 0.00993874 0.00931236 0.0093632 0.00920212 0.0089889 0.00970061 0.00986756 0.00950509 0.00875578 0.00898703 0.00850658 0.00859075 0.00869172 0.00835298 0.00836376 0.00882859 0.00864638 0.00886833 0.00913054 0.00955128 0.0090973 0.0089529 0.00908694 0.00838799 0.00862784 
0.00425149 0.00400976 0 0.00384194 0.0137989 0.031679 0.0162025 0.0137332 0.0149424 0.016319 0.0195648 0.0107085 0.0110096 0.0146285 0.00913472 0.0107879 0.00883116 0.00962426 0.0085738 0.00887507 0.0108483 0.0105253 0.0109898 0.00924177 0.00921655 0.00891836 0.00896301 0.00963913 0.0131028 0.00879372 0.00968556 0.00910906 0.00871422 0.00873969 0.00861923 0.00894564 0.00878823 0.00943457 0.00889583 0.00965221 0.00860133 0.00983841 0.00884024 0.00950698 0.00880952 0.00926968 0.00867577 0.0087661 0.00838642 0.00936812 0.00916962 0.00858444 0.00880568 0.00892805 0.00890676 0.00948905 0.00983198 0.00983985 0.00924866 0.00889082 0.0084315 0.0092044 0.00974825 0.00981071 0.0094513 0.00890096 0.00860358 0.00850264 0.00840171 0.00830287 0.00821134 0.00846248 0.00834972 0.00847834 0.00844877 0.00855961 0.00893359 0.00903937 0.00931098 0.00882651 0.00847626 0.00845448 0.00825731 
0.0122536 0.00380375 0.00384194 0 0.0489416 0.00946095 0.0102402 0.0119671 0.00976965 0.0113325 0.0146483 0.0180254 0.0172314 0.00910667 0.00935036 0.00881255 0.00953869 0.00870553 0.0083861 0.00939478 0.0161261 0.0109639 0.00899076 0.00917539 0.00874937 0.00858767 0.00863044 0.00893241 0.00891631 0.00967615 0.0132308 0.0088912 0.00854123 0.0085586 0.00842129 0.00824094 0.00874436 0.0091798 0.00891389 0.00853638 0.0089945 0.0112869 0.00922872 0.00850893 0.00863446 0.00840716 0.00862071 0.00835068 0.00866429 0.0135317 0.00891011 0.00842566 0.00843915 0.00838201 0.00838572 0.00863691 0.0087429 0.0084962 0.00861369 0.00850069 0.00865575 0.0119562 0.00949131 0.0086197 0.00845685 0.00851569 0.00834215 0.00837806 0.00823017 0.00813156 0.00842567 0.00941867 0.00837136 0.0081361 0.00815192 0.00821071 0.00836747 0.0085296 0.00844378 0.0083272 0.00894077 0.00914695 0.00837993 
0.0375148 0.013397 0.0137989 0.0489416 0 0.00362384 0.00354362 0.00356634 0.00351247 0.00359485 0.00706707 0.0047091 0.00902551 0.00765213 0.010308 0.00808674 0.0883344 0.00850333 0.0105279 0.0155883 0.0104347 0.0101798 0.00860592 0.00979463 0.00850179 0.00837876 0.00854265 0.00848637 0.00931588 0.0156795 0.00862315 0.00867274 0.00836717 0.00837714 0.00837323 0.00823446 0.00896845 0.00854667 0.00893893 0.00870148 0.0135442 0.00858027 0.00965061 0.00844366 0.00936352 0.00853613 0.00883572 0.00838157 0.0106581 0.00858023 0.00825331 0.00842452 0.00832207 0.00865746 0.00836995 0.00885736 0.00872383 0.00881862 0.00868048 0.00847866 0.0112867 0.0088392 0.00825717 0.00858567 0.00854161 0.00855764 0.00826855 0.00840522 0.00822424 0.00819784 0.0087735 0.00822678 0.00812255 0.0080959 0.00820866 0.00827568 0.00851708 0.00862513 0.00854989 0.00836403 0.00933244 0.00819601 0.00836405 
0.0243596 0.023596 0.031679 0.00946095 0.00362384 0 0.00389702 0.00354775 0.00354907 0.0035038 0.00374532 0.00358408 0.00746835 0.0103089 0.00795906 0.106999 0.00892694 0.0142926 0.0156649 0.0167761 0.00879356 0.00906032 0.0118782 0.00902931 0.00900122 0.00907712 0.00850874 0.00941374 0.0145998 0.00875418 0.00872991 0.00870158 0.00861518 0.00870883 0.00833167 0.0108376 0.00860034 0.00986558 0.00878223 0.0123137 0.00853605 0.00918169 0.0086896 0.0106446 0.00890304 0.00997536 0.0086321 0.00979321 0.0102796 0.00836495 0.00870933 0.00850025 0.00880188 0.00874611 0.00947903 0.00976047 0.0107067 0.00952005 0.00936202 0.00962493 0.00847908 0.0083465 0.00919086 0.00913328 0.0096899 0.00879409 0.00916012 0.00913138 0.00844077 0.00844065 0.00815626 0.0080748 0.00819966 0.00844205 0.00839862 0.00875833 0.00879585 0.0101283 0.00909324 0.00876836 0.00834678 0.00815964 0.00841235 
0.0157248 0.0315414 0.0162025 0.0102402 0.00354362 0.00389702 0 0.00356651 0.00354612 0.0035499 0.00355317 0.00371515 0.00924857 0.00860447 0.129444 0.0109944 0.0290564 0.0180909 0.020082 0.00832333 0.00852674 0.010124 0.0100199 0.0104298 0.0098529 0.00933137 0.010123 0.0124984 0.00965353 0.00938883 0.00854537 0.00874469 0.00908424 0.00888558 0.0114198 0.00908265 0.0111847 0.0100066 0.0138415 0.00917674 0.00885873 0.0086663 0.0099329 0.0102047 0.0117398 0.0104734 0.01218 0.00938835 0.00845949 0.00861167 0.00882862 0.0101279 0.00947789 0.0127951 0.0138858 0.0151998 0.0146292 0.0157885 0.0165061 0.0102201 0.00861503 0.00849216 0.00971625 0.0140427 0.0128612 0.0126568 0.0107454 0.0101689 0.00937808 0.00850954 0.00816898 0.00822373 0.00832717 0.00918922 0.0100232 0.0103644 0.0141538 0.0131951 0.0126379 0.00931265 0.00864858 0.00813431 0.00831811 
0.0273311 0.0174396 0.0137332 0.0119671 0.00356634 0.00354775 0.00356651 0 0.00355854 0.00355142 0.00358773 0.00366008 0.016024 0.0913404 0.0131627 0.0138646 0.0286152 0.0106861 0.00837368 0.00840154 0.00880735 0.0112615 0.0129142 0.0154129 0.010233 0.0117012 0.0109593 0.0119583 0.0112191 0.00983785 0.00862815 0.00921033 0.00934414 0.0148949 0.00980437 0.0103948 0.0130334 0.0153051 0.0148776 0.00956323 0.00928471 0.00885453 0.0104225 0.0116966 0.021152 0.0128387 0.0160364 0.00897763 0.00882359 0.00894504 0.00950714 0.0122562 0.0121423 0.0200259 0.016338 0.0201698 0.0218515 0.0330495 0.0252853 0.0107493 0.00923004 0.00881554 0.0115374 0.0218308 0.0190488 0.0248714 0.0123882 0.0135869 0.00962589 0.00896279 0.00839188 0.00831466 0.00870384 0.0104903 0.010758 0.013603 0.0174983 0.0198333 0.0184145 0.0101314 0.00875512 0.00826305 0.00834615 
0.0260679 0.0154196 0.0149424 0.00976965 0.00351247 0.00354907 0.00354612 0.00355854 0 0.00354551 0.00355798 0.00358338 0.0240766 0.0161212 0.0147066 0.0339446 0.00997759 0.0107193 0.00805396 0.00851273 0.00991492 0.00980506 0.0247631 0.0117005 0.0134502 0.0127454 0.0115039 0.0136775 0.0201915 0.00982076 0.00909327 0.00914114 0.0117976 0.0104017 0.00943146 0.0153172 0.0128385 0.0223419 0.0116457 0.0145122 0.00899339 0.0101348 0.00998499 0.0258078 0.0147391 0.0374496 0.0110434 0.0112241 0.00864957 0.00923806 0.0109438 0.0113787 0.0249798 0.0168049 0.0260273 0.0256772 0.0488436 0.0347009 0.0292624 0.0151163 0.00895264 0.00922726 0.0150931 0.0267807 0.041131 0.0218151 0.0219301 0.0118824 0.0117911 0.0089056 0.0083966 0.0085461 0.0091876 0.0134842 0.0128627 0.0183781 0.0257322 0.0368552 0.0250954 0.0111392 0.00885631 0.00834993 0.00833789 
0.0151152 0.0216475 0.016319 0.0113325 0.00359485 0.0035038 0.0035499 0.00355142 0.00354551 0 0.00356326 0.00356154 0.0150211 0.0137497 0.0519591 0.0137859 0.0151309 0.00815796 0.0107373 0.00826314 0.00910364 0.016059 0.0113529 0.0237726 0.0108091 0.0112298 0.011353 0.0146971 0.0113374 0.0114971 0.00873526 0.00955799 0.0104439 0.00947979 0.0117493 0.0107642 0.0208955 0.0105283 0.0259495 0.0092942 0.00965948 0.00878682 0.0178655 0.0118682 0.034291 0.0125832 0.0223357 0.0090945 0.00880778 0.00998477 0.0103392 0.027078 0.0158398 0.024315 0.019787 0.0372925 0.0272319 0.0383665 0.0390966 0.0115648 0.00956902 0.00983769 0.0134753 0.0445167 0.0295056 0.0410037 0.0141688 0.0156062 0.010614 0.00891538 0.00853812 0.00862973 0.00954536 0.0119775 0.0152818 0.0234026 0.0326867 0.0350646 0.0269356 0.0107175 0.0089149 0.00841718 0.00862719 
0.0193156 0.0238826 0.0195648 0.0146483 0.00706707 0.00374532 0.00355317 0.00358773 0.00355798 0.00356326 0 0.00360801 0.0144433 0.0587502 0.0362777 0.0135981 0.00886863 0.0089047 0.00911706 0.00862232 0.0117638 0.0129396 0.0170224 0.0119768 0.0107754 0.0102595 0.0110543 0.0106959 0.019161 0.0144328 0.0101406 0.010079 0.00906693 0.0101391 0.0102322 0.011244 0.0100806 0.0134499 0.0103147 0.0136627 0.00946072 0.0109279 0.0222009 0.01319 0.0121907 0.0148924 0.0100284 0.0111217 0.0087789 0.0106005 0.0390631 0.0124779 0.0126352 0.0123902 0.0137241 0.0169368 0.0172808 0.0195753 0.0156136 0.0178013 0.00941254 0.00988505 0.0171259 0.0155924 0.0213913 0.0142131 0.0121781 0.0103197 0.00986991 0.0090714 0.00855114 0.00863485 0.00992312 0.00978755 0.0100344 0.0127733 0.0208262 0.0192242 0.0188574 0.0117441 0.009336 0.00857769 0.008505 
0.0304265 0.0116987 0.0107085 0.0180254 0.0047091 0.00358408 0.00371515 0.00366008 0.00358338 0.00356154 0.00360801 0 0.0353983 0.0233939 0.0160873 0.00872546 0.00921603 0.00870012 0.00755461 0.0140784 0.0161577 0.0115989 0.0111074 0.0108831 0.00926196 0.00993384 0.00926185 0.00978658 0.0312061 0.0185069 0.0162534 0.00910523 0.00898309 0.00900544 0.00883118 0.00941593 0.0103792 0.0101573 0.00985971 0.0100159 0.0111831 0.0283219 0.0101449 0.00988019 0.0115139 0.0096205 0.00953182 0.00909882 0.00948252 0.0591276 0.0104599 0.00997487 0.00931636 0.009711 0.00997108 0.0108903 0.0119198 0.0105385 0.0103097 0.0121449 0.0109127 0.0161545 0.0100097 0.0121253 0.0105229 0.0105893 0.00975031 0.00894889 0.00889857 0.00845579 0.00907389 0.0113127 0.00876564 0.00869035 0.00882331 0.00934891 0.0100752 0.0105694 0.0100059 0.00936389 0.0105599 0.00968408 0.0086406 
0.0229382 0.0115211 0.0110096 0.0172314 0.00902551 0.00746835 0.00924857 0.016024 0.0240766 0.0150211 0.0144433 0.0353983 0 0.00359639 0.00360087 0.00360115 0.00362356 0.00364088 0.0036843 0.00451106 0.00618154 0.00646508 0.00699677 0.00764793 0.00675443 0.00750826 0.0126048 0.680852 0.01611 0.0243911 0.00914305 0.00919507 0.00840117 0.00861451 0.00843882 0.00877088 0.00942823 0.00979574 0.00964597 0.0108196 0.0310954 0.014155 0.0110341 0.0102652 0.0103993 0.010286 0.00966931 0.00985258 0.0204197 0.0109742 0.00974526 0.00930062 0.00941987 0.0106174 0.00982988 0.0120555 0.011438 0.0121486 0.0104922 0.0113099 0.0210953 0.0121218 0.0106771 0.0109216 0.0103484 0.0103297 0.00926579 0.00938287 0.00865637 0.00922731 0.0114369 0.00926291 0.00851158 0.0085225 0.00898123 0.00922949 0.0100086 0.0105366 0.0101741 0.00921154 0.0141628 0.0084073 0.00957892 
0.0124262 0.011854 0.0146285 0.00910667 0.00765213 0.0103089 0.00860447 0.0913404 0.0161212 0.0137497 0.0587502 0.0233939 0.00359639 0 0.00354932 0.00357077 0.00350489 0.00361349 0.00366226 0.00359057 0.00645716 0.00597585 0.0088608 0.00680592 0.00721402 0.0105487 0.78278 0.0177286 0.0159839 0.009297 0.00872406 0.00862278 0.00889025 0.00876467 0.00823804 0.0105803 0.00919398 0.013381 0.00939548 0.0241506 0.00885477 0.0113735 0.00980272 0.0163219 0.0102254 0.0154635 0.00906736 0.0229387 0.00865548 0.00939904 0.0108626 0.0093996 0.0108808 0.010872 0.0177767 0.0126068 0.0217297 0.0134565 0.0147121 0.0151828 0.00900497 0.00962447 0.0137705 0.0135361 0.0180859 0.0107133 0.0134708 0.00887323 0.0114303 0.00921893 0.00845642 0.00849015 0.00877447 0.00934018 0.00907102 0.0120085 0.0110007 0.0166551 0.0121333 0.0116162 0.0087472 0.00845852 0.0085738 
0.0110179 0.0130421 0.00913472 0.00935036 0.010308 0.00795906 0.129444 0.0131627 0.0147066 0.0519591 0.0362777 0.0160873 0.00360087 0.00354932 0 0.00354463 0.00359782 0.00356274 0.003637 0.00358277 0.00448919 0.0103044 0.00615155 0.0117383 0.0114151 0.865566 0.0130951 0.0110186 0.00786149 0.0103415 0.0077806 0.00862034 0.00860789 0.00850838 0.0106581 0.00827215 0.0196484 0.00979625 0.0340135 0.00847 0.0110514 0.0084443 0.0240033 0.00895268 0.0358489 0.00923854 0.0327721 0.00882515 0.00933924 0.00912048 0.00905538 0.0174696 0.00947693 0.0232696 0.0120546 0.0329111 0.0136452 0.0304677 0.0243625 0.0100283 0.00970856 0.00913009 0.0113857 0.0239821 0.0141257 0.0263555 0.00950173 0.0228814 0.00907105 0.00884013 0.00878833 0.00843864 0.00918123 0.0094458 0.0123721 0.0110099 0.0304228 0.0164925 0.0226156 0.00991383 0.00917358 0.0083164 0.00834498 
0.0111134 0.00944495 0.0107879 0.00881255 0.00808674 0.106999 0.0109944 0.0138646 0.0339446 0.0137859 0.0135981 0.00872546 0.00360115 0.00357077 0.00354463 0 0.00357038 0.00380468 0.00355168 0.00372598 0.00472366 0.00461678 0.03086 0.00828028 0.909236 0.00968616 0.00751768 0.00685485 0.00869322 0.0072586 0.0089762 0.00820099 0.00883233 0.00892145 0.00804505 0.0164614 0.00997341 0.0338966 0.0084402 0.0192331 0.00825962 0.0163451 0.00858191 0.0450813 0.00888642 0.0503976 0.0087677 0.0122074 0.00851155 0.00923174 0.0105591 0.0089374 0.0172751 0.00992603 0.0206923 0.0106776 0.0265169 0.0139161 0.0129121 0.0111253 0.00870704 0.00906042 0.0108566 0.0117052 0.0203523 0.0101683 0.0212277 0.00877498 0.0103078 0.00864179 0.0083255 0.00841177 0.00854185 0.0107721 0.0089129 0.0154696 0.0105964 0.0206188 0.0133847 0.00980981 0.00863446 0.00834331 0.00847272 
0.0110191 0.0124471 0.00883116 0.00953869 0.0883344 0.00892694 0.0290564 0.0286152 0.00997759 0.0151309 0.00886863 0.00921603 0.00362356 0.00350489 0.00359782 0.00357038 0 0.00356417 0.00381712 0.0035641 0.00385169 0.0158512 0.0059092 0.962087 0.00753627 0.00841973 0.00695765 0.00733763 0.00691244 0.00987166 0.00768336 0.0103425 0.00841111 0.00846097 0.0115834 0.00814503 0.0285401 0.00836963 0.0181994 0.00839635 0.0127302 0.0085278 0.0264829 0.00869858 0.0480738 0.00886881 0.0181632 0.00871748 0.00937864 0.0100473 0.00883035 0.015029 0.0090454 0.0164347 0.00941095 0.0203051 0.0105847 0.0152227 0.0123084 0.00923423 0.00996613 0.00985516 0.00994887 0.0146264 0.0104813 0.0189987 0.00905688 0.015681 0.00874879 0.00866855 0.00891738 0.0085236 0.00903705 0.00884941 0.0125061 0.00969629 0.0180766 0.0112149 0.0117675 0.00899484 0.00911094 0.00844534 0.00827772 
0.0098417 0.00913971 0.00962426 0.00870553 0.00850333 0.0142926 0.0180909 0.0106861 0.0107193 0.00815796 0.0089047 0.00870012 0.00364088 0.00361349 0.00356274 0.00380468 0.00356417 0 0.00355991 0.00363178 0.00567382 0.0047064 0.984367 0.00517518 0.005534 0.00592445 0.0059525 0.00601018 0.0073212 0.00659393 0.00843685 0.007817 0.00820517 0.00849488 0.00757894 0.0200961 0.00801814 0.0116735 0.00829022 0.0108143 0.00808007 0.013117 0.00848872 0.0287103 0.00875394 0.0126299 0.00856725 0.00999955 0.00840294 0.00882577 0.00956525 0.00889186 0.0102841 0.00901981 0.0120747 0.00924123 0.0138428 0.00959292 0.00970446 0.00935652 0.00849037 0.00868672 0.00925078 0.00943833 0.0122521 0.00889008 0.0103277 0.00847439 0.00942266 0.00830925 0.00822276 0.00821168 0.00838761 0.00913749 0.00854866 0.00987065 0.00905781 0.0110391 0.00967673 0.00852624 0.00845868 0.00821398 0.00841671 
0.00972075 0.0203517 0.0085738 0.0083861 0.0105279 0.0156649 0.020082 0.00837368 0.00805396 0.0107373 0.00911706 0.00755461 0.0036843 0.00366226 0.003637 0.00355168 0.00381712 0.00355991 0 0.00356672 0.00564885 0.987139 0.00417342 0.00516391 0.0044294 0.00511854 0.00548394 0.00556575 0.00597895 0.00652913 0.00684137 0.00833743 0.00746235 0.00740192 0.0119594 0.00732088 0.00913978 0.00796506 0.00984445 0.00805068 0.0087617 0.00843265 0.031678 0.00836453 0.0102817 0.00850505 0.00936331 0.00843684 0.00835516 0.0103745 0.0102305 0.00899981 0.00858512 0.00934874 0.00870501 0.0102617 0.00875769 0.0092901 0.00904235 0.00886176 0.00840624 0.00921687 0.00915544 0.00948806 0.00887382 0.0104248 0.00841798 0.008907 0.00828656 0.00828813 0.0082647 0.00824249 0.00856523 0.00827738 0.00872799 0.00842147 0.00903865 0.00869193 0.00877424 0.00853247 0.00838343 0.00820548 0.0081036 
0.0142852 0.00983414 0.00887507 0.00939478 0.0155883 0.0167761 0.00832333 0.00840154 0.00851273 0.00826314 0.00862232 0.0140784 0.00451106 0.00359057 0.00358277 0.00372598 0.0035641 0.00363178 0.00356672 0 0.985092 0.00392648 0.00477818 0.00371249 0.00387215 0.00409695 0.00460971 0.00517631 0.00555683 0.00569848 0.0116711 0.00705969 0.00675375 0.00831256 0.00703939 0.00737048 0.00756794 0.00960544 0.00810237 0.00901983 0.0102094 0.0228155 0.00849479 0.0092578 0.00858175 0.00886425 0.00846429 0.00874395 0.00847845 0.0163596 0.00923062 0.0083982 0.00860806 0.00864673 0.0088064 0.00863897 0.0091604 0.0087296 0.00864773 0.00875786 0.00907805 0.0115439 0.00922872 0.00861314 0.00891478 0.00850762 0.00868022 0.00830881 0.00823275 0.00814058 0.00846152 0.00963413 0.00824942 0.00820779 0.00825778 0.00835316 0.00837729 0.0085781 0.00848368 0.00840405 0.00879512 0.00897928 0.00835994 
0.0146775 0.0106076 0.0108483 0.0161261 0.0104347 0.00879356 0.00852674 0.00880735 0.00991492 0.00910364 0.0117638 0.0161577 0.00618154 0.00645716 0.00448919 0.00472366 0.00385169 0.00567382 0.00564885 0.985092 0 0.00435243 0.00360758 0.00360555 0.0036064 0.00359586 0.00374983 0.00402355 0.0049817 0.00795728 0.00705238 0.00647315 0.00651181 0.00682531 0.00663569 0.00787482 0.00757887 0.0125994 0.0112031 0.472052 0.0351269 0.0204184 0.00948014 0.010833 0.00882469 0.0104333 0.00877976 0.0112322 0.0137654 0.0123563 0.0097844 0.00893644 0.00933089 0.00960844 0.00993171 0.00990775 0.0104683 0.00955045 0.00975356 0.0117776 0.0180757 0.0169918 0.0097087 0.00945012 0.0092569 0.00914611 0.00931691 0.00882877 0.00867389 0.00913409 0.0455815 0.00992798 0.00837057 0.00834552 0.00845627 0.00870525 0.0089631 0.0091531 0.00909304 0.00953568 0.0145792 0.00854148 0.0100435 
0.0128497 0.0133709 0.0105253 0.0109639 0.0101798 0.00906032 0.010124 0.0112615 0.00980506 0.016059 0.0129396 0.0115989 0.00646508 0.00597585 0.0103044 0.00461678 0.0158512 0.0047064 0.987139 0.00392648 0.00435243 0 0.00356409 0.00356364 0.00356411 0.00358436 0.00372994 0.00372708 0.00444233 0.00604127 0.00577769 0.00672934 0.00645603 0.00707008 0.00814937 0.00742018 0.0117877 0.00841621 0.876693 0.0110068 0.0180021 0.00895957 0.0381315 0.00895501 0.0257781 0.00895665 0.0170742 0.00964525 0.0106314 0.0113806 0.0104009 0.0119585 0.00940311 0.0207471 0.0119226 0.018339 0.0122772 0.0189717 0.0153824 0.0116929 0.0125754 0.0138369 0.0137267 0.01681 0.0128216 0.017487 0.00942545 0.0143772 0.0090466 0.0150749 0.00983971 0.00876683 0.00932084 0.0088451 0.0103324 0.00971248 0.0134054 0.0131226 0.0126048 0.014308 0.00997761 0.0091732 0.008737 
0.011807 0.0109355 0.0109898 0.00899076 0.00860592 0.0118782 0.0100199 0.0129142 0.0247631 0.0113529 0.0170224 0.0111074 0.00699677 0.0088608 0.00615155 0.03086 0.0059092 0.984367 0.00417342 0.00477818 0.00360758 0.00356409 0 0.00354532 0.00355166 0.00361335 0.00361415 0.00427309 0.00426001 0.00395456 0.00711672 0.00634917 0.00693029 0.00776954 0.00702118 0.0139341 0.00822331 0.951657 0.00937068 0.0283418 0.00819267 0.0166971 0.00880214 0.0544951 0.00911781 0.0427589 0.00919904 0.0150248 0.00867303 0.00952085 0.0132564 0.00968433 0.0246941 0.0126452 0.0324817 0.0156162 0.0486937 0.0209453 0.0214981 0.0151071 0.0091433 0.00989234 0.0193207 0.0211964 0.0335927 0.0129502 0.0287808 0.00941091 0.0283065 0.00919382 0.00869392 0.00882735 0.00917684 0.0147835 0.0107703 0.0214925 0.0170355 0.0379938 0.027409 0.0117606 0.00907926 0.00853491 0.00879116 
0.0113302 0.0137236 0.00924177 0.00917539 0.00979463 0.00902931 0.0104298 0.0154129 0.0117005 0.0237726 0.0119768 0.0108831 0.00764793 0.00680592 0.0117383 0.00828028 0.962087 0.00517518 0.00516391 0.00371249 0.00360555 0.00356364 0.00354532 0 0.0035548 0.00354861 0.00356696 0.00362202 0.00359231 0.00399679 0.00528333 0.00641168 0.00669978 0.00643864 0.0132465 0.00751853 0.934405 0.0116534 0.019014 0.00790177 0.0105301 0.00848523 0.0236338 0.00876405 0.0334715 0.00894807 0.0233537 0.00890605 0.00965908 0.0100384 0.00925278 0.0184067 0.00974236 0.0208784 0.0125063 0.0354251 0.0156518 0.0333892 0.021873 0.0106352 0.010164 0.0107639 0.0115178 0.0315169 0.0181484 0.0299818 0.0103249 0.0297991 0.0094565 0.0091725 0.00883536 0.00891594 0.00942718 0.0097866 0.0139572 0.0116789 0.0277634 0.028923 0.0232912 0.0104362 0.00916139 0.00854547 0.00834769 
0.0103522 0.00966464 0.00921655 0.00874937 0.00850179 0.00900122 0.0098529 0.010233 0.0134502 0.0108091 0.0107754 0.00926196 0.00675443 0.00721402 0.0114151 0.909236 0.00753627 0.005534 0.0044294 0.00387215 0.0036064 0.00356411 0.00355166 0.0035548 0 0.00354719 0.00354922 0.0035853 0.00352716 0.00363349 0.00455282 0.00600681 0.00565869 0.00698034 0.0068739 0.897239 0.00848871 0.00980106 0.00775507 0.00906696 0.00769152 0.0095138 0.00882206 0.0121477 0.00979739 0.0132792 0.00910612 0.00988488 0.00874211 0.00915523 0.00971539 0.00957964 0.0113157 0.0113365 0.0147335 0.0133176 0.0195854 0.0147317 0.0166733 0.0101177 0.00924729 0.00922513 0.011971 0.0140261 0.0195979 0.0124911 0.0184697 0.00940114 0.0101795 0.00882256 0.0085505 0.00852794 0.00884116 0.0102043 0.0100123 0.0127207 0.0155588 0.0200941 0.0141942 0.00960077 0.00894038 0.00831169 0.00829084 
0.00909187 0.00955889 0.00891836 0.00858767 0.00837876 0.00907712 0.00933137 0.0117012 0.0127454 0.0112298 0.0102595 0.00993384 0.00750826 0.0105487 0.865566 0.00968616 0.00841973 0.00592445 0.00511854 0.00409695 0.00359586 0.00358436 0.00361335 0.00354861 0.00354719 0 0.00351162 0.00355361 0.00356255 0.00356673 0.00397054 0.00457152 0.00691387 0.00604313 0.887684 0.00996592 0.0077631 0.00822349 0.00796607 0.00779768 0.00773713 0.00849933 0.0093526 0.0096511 0.010722 0.00970993 0.0102798 0.008881 0.00857994 0.00905695 0.00955875 0.0106847 0.0102894 0.0120199 0.0117189 0.0147033 0.0161772 0.0174622 0.0138266 0.0104206 0.0091079 0.0090271 0.0102383 0.0191478 0.0145033 0.0247209 0.0140973 0.011059 0.00941182 0.00876307 0.00846941 0.00845297 0.00884107 0.00925595 0.0100362 0.0126363 0.0159384 0.0164478 0.0159909 0.00940324 0.00867252 0.00829092 0.00822847 
0.0105141 0.00924576 0.00896301 0.00863044 0.00854265 0.00850874 0.010123 0.0109593 0.0115039 0.011353 0.0110543 0.00926185 0.0126048 0.78278 0.0130951 0.00751768 0.00695765 0.0059525 0.00548394 0.00460971 0.00374983 0.00372994 0.00361415 0.00356696 0.00354922 0.00351162 0 0.0035296 0.00356247 0.00355503 0.00377359 0.0124959 0.00522442 0.892544 0.00994179 0.00726522 0.00677455 0.00689315 0.00836134 0.00823296 0.00717578 0.00848433 0.00904517 0.009813 0.010719 0.00989312 0.00960962 0.00980145 0.0083484 0.00907214 0.00926636 0.0103603 0.0107798 0.0112818 0.0119794 0.0151979 0.0150883 0.0158029 0.0164196 0.00969347 0.00893141 0.00942372 0.0119389 0.0151628 0.0180549 0.0156627 0.0108127 0.0109215 0.00944648 0.0088365 0.00845646 0.00856463 0.00878207 0.00977132 0.0115223 0.0123027 0.0146073 0.019138 0.0138971 0.00943002 0.009022 0.00825349 0.00819097 
0.0102785 0.0117636 0.00963913 0.00893241 0.00848637 0.00941374 0.0124984 0.0119583 0.0136775 0.0146971 0.0106959 0.00978658 0.680852 0.0177286 0.0110186 0.00685485 0.00733763 0.00601018 0.00556575 0.00517631 0.00402355 0.00372708 0.00427309 0.00362202 0.0035853 0.00355361 0.0035296 0 0.00354166 0.00355235 0.00438534 0.00509935 0.919583 0.00911299 0.0113819 0.00543553 0.00615639 0.00798912 0.00740599 0.00664583 0.0072108 0.00866588 0.0101827 0.0108253 0.0106867 0.0110631 0.00964921 0.00903712 0.00859937 0.00931103 0.00969071 0.0119784 0.0107405 0.01303 0.0139582 0.0146034 0.0187862 0.0212596 0.0178235 0.0106914 0.00904346 0.00937099 0.01214 0.0272284 0.0260331 0.0171262 0.0135001 0.0106389 0.0105622 0.0090048 0.00870312 0.00862711 0.00912191 0.0156687 0.0118179 0.0129903 0.0198135 0.0243032 0.021323 0.00976061 0.00880812 0.008342 0.00840539 
0.0112778 0.0114564 0.0131028 0.00891631 0.00931588 0.0145998 0.00965353 0.0112191 0.0201915 0.0113374 0.019161 0.0312061 0.01611 0.0159839 0.00786149 0.00869322 0.00691244 0.0073212 0.00597895 0.00555683 0.0049817 0.00444233 0.00426001 0.00359231 0.00352716 0.00356255 0.00356247 0.00354166 0 0.00359755 0.00416785 0.982452 0.00400063 0.00629006 0.00445159 0.00586361 0.00691816 0.00775058 0.00706765 0.00888162 0.00693627 0.0118277 0.0101499 0.0120409 0.00981706 0.0140684 0.00900748 0.012361 0.00852882 0.0108718 0.0154056 0.00933104 0.0109474 0.0105623 0.0122273 0.0122948 0.0171296 0.0154829 0.0157686 0.0261226 0.00928568 0.0102802 0.0201136 0.0162652 0.017669 0.0150616 0.0134577 0.00989016 0.00966349 0.0105331 0.0086607 0.009056 0.0143761 0.0100745 0.00968046 0.0121618 0.0130045 0.0180335 0.0156989 0.0147201 0.00906171 0.00870678 0.00858125 
0.0148763 0.0104901 0.00879372 0.00967615 0.0156795 0.00875418 0.00938883 0.00983785 0.00982076 0.0114971 0.0144328 0.0185069 0.0243911 0.009297 0.0103415 0.0072586 0.00987166 0.00659393 0.00652913 0.00569848 0.00795728 0.00604127 0.00395456 0.00399679 0.00363349 0.00356673 0.00355503 0.00355235 0.00359755 0 0.991926 0.003924 0.00396673 0.00366162 0.00413442 0.00437082 0.00585578 0.00572022 0.00716409 0.00624884 0.00836892 0.00975511 0.0120476 0.00850285 0.0106403 0.00865385 0.0101509 0.00842344 0.0100458 0.0207708 0.00959293 0.00970579 0.00881485 0.00984445 0.00944028 0.0105818 0.0107272 0.0106512 0.0114103 0.0111576 0.0145744 0.0181243 0.0107966 0.0114014 0.010586 0.0116989 0.00953863 0.00942357 0.00878164 0.00881358 0.0100375 0.0123544 0.0091703 0.00861721 0.00944919 0.00922022 0.0105274 0.010425 0.0106186 0.0103036 0.0119607 0.0101877 0.00865045 
0.010574 0.00875051 0.00968556 0.0132308 0.00862315 0.00872991 0.00854537 0.00862815 0.00909327 0.00873526 0.0101406 0.0162534 0.00914305 0.00872406 0.0077806 0.0089762 0.00768336 0.00843685 0.00684137 0.0116711 0.00705238 0.00577769 0.00711672 0.00528333 0.00455282 0.00397054 0.00377359 0.00438534 0.00416785 0.991926 0 0.00378051 0.00359692 0.00377209 0.00361418 0.00412908 0.00385305 0.00448682 0.00438994 0.006642 0.00839544 0.0109529 0.00752905 0.00924371 0.00798619 0.00891923 0.00814734 0.00981015 0.0179105 0.00974089 0.00932224 0.00854929 0.0123969 0.00898679 0.00886178 0.0090051 0.00930518 0.0090631 0.00872843 0.0401647 0.0162064 0.0107674 0.0091077 0.00885149 0.00895525 0.00880475 0.00888932 0.008629 0.00863166 0.0095168 0.0121857 0.00874842 0.00833497 0.00839796 0.0084329 0.00854683 0.00857486 0.00916871 0.00884745 0.00886451 0.0139548 0.00830388 0.00994912 
0.00902367 0.0089258 0.00910906 0.0088912 0.00867274 0.00870158 0.00874469 0.00921033 0.00914114 0.00955799 0.010079 0.00910523 0.00919507 0.00862278 0.00862034 0.00820099 0.0103425 0.007817 0.00833743 0.00705969 0.00647315 0.00672934 0.00634917 0.00641168 0.00600681 0.00457152 0.0124959 0.00509935 0.982452 0.003924 0.00378051 0 0.00384572 0.00366215 0.00354474 0.00356293 0.0036472 0.00380122 0.00525551 0.00468102 0.00595572 0.00740903 0.00847997 0.00798554 0.00845885 0.0083521 0.00856997 0.0126438 0.00884337 0.00911024 0.00903666 0.0177636 0.00865669 0.00889271 0.00921675 0.00914137 0.00965157 0.00930018 0.0105386 0.0093506 0.00938511 0.00968481 0.00981488 0.00935973 0.00942426 0.00924903 0.00896894 0.00903332 0.00877133 0.00877757 0.0109499 0.00856326 0.00865103 0.00851518 0.00878173 0.00882542 0.00928204 0.00946107 0.00915534 0.00919227 0.00918036 0.00842655 0.00859233 
0.00881607 0.00888973 0.00871422 0.00854123 0.00836717 0.00861518 0.00908424 0.00934414 0.0117976 0.0104439 0.00906693 0.00898309 0.00840117 0.00889025 0.00860789 0.00883233 0.00841111 0.00820517 0.00746235 0.00675375 0.00651181 0.00645603 0.00693029 0.00669978 0.00565869 0.00691387 0.00522442 0.919583 0.00400063 0.00396673 0.00359692 0.00384572 0 0.00366514 0.00355622 0.00351723 0.00352465 0.00400615 0.00447312 0.00373876 0.00416643 0.00708676 0.00723891 0.00821043 0.00819953 0.00843875 0.0110291 0.0100676 0.00990564 0.00895603 0.0105259 0.00880098 0.00868037 0.00944109 0.00919782 0.0096503 0.0100946 0.0107992 0.00978522 0.00907285 0.00860656 0.00911885 0.00911637 0.0107228 0.0100781 0.0114432 0.0094076 0.00940077 0.00960408 0.0094712 0.00852605 0.00846265 0.00854293 0.00893087 0.00892388 0.0096356 0.0103133 0.0109466 0.0104093 0.00898975 0.00855089 0.00825195 0.00826146 
0.00886028 0.0088052 0.00873969 0.0085586 0.00837714 0.00870883 0.00888558 0.0148949 0.0104017 0.00947979 0.0101391 0.00900544 0.00861451 0.00876467 0.00850838 0.00892145 0.00846097 0.00849488 0.00740192 0.00831256 0.00682531 0.00707008 0.00776954 0.00643864 0.00698034 0.00604313 0.892544 0.00911299 0.00629006 0.00366162 0.00377209 0.00366215 0.00366514 0 0.00350972 0.00355864 0.00374967 0.00366773 0.0036881 0.0038459 0.00362798 0.00747277 0.00703058 0.00799622 0.0079406 0.0125431 0.00833638 0.0105278 0.0280497 0.00956691 0.00864067 0.00838705 0.00937828 0.00871523 0.0106222 0.00915297 0.0118214 0.0101657 0.00985948 0.00955932 0.00878608 0.00897296 0.00963524 0.00995704 0.0130292 0.00973744 0.0108642 0.00893769 0.0123709 0.00863398 0.00853843 0.00850241 0.0085545 0.00877114 0.00920575 0.00972255 0.0105519 0.0130772 0.0108557 0.00913378 0.00869946 0.00833823 0.00825 
0.00862886 0.00886478 0.00861923 0.00842129 0.00837323 0.00833167 0.0114198 0.00980437 0.00943146 0.0117493 0.0102322 0.00883118 0.00843882 0.00823804 0.0106581 0.00804505 0.0115834 0.00757894 0.0119594 0.00703939 0.00663569 0.00814937 0.00702118 0.0132465 0.0068739 0.887684 0.00994179 0.0113819 0.00445159 0.00413442 0.00361418 0.00354474 0.00355622 0.00350972 0 0.00355146 0.00356495 0.0036444 0.00367188 0.00358247 0.00362426 0.006379 0.00736713 0.00688475 0.0174404 0.00758398 0.0276144 0.0130982 0.0415593 0.00827626 0.0081686 0.00959198 0.00832212 0.0124384 0.00873102 0.0132244 0.00927644 0.0107864 0.0101186 0.00981939 0.00878676 0.00896422 0.00915516 0.0145375 0.0100821 0.0146097 0.0090056 0.017687 0.00871839 0.00875765 0.00849695 0.00833952 0.00855044 0.00887061 0.00964832 0.00970983 0.014068 0.0115207 0.0126513 0.00901701 0.00870884 0.00821633 0.00821975 
0.00906711 0.00869716 0.00894564 0.00824094 0.00823446 0.0108376 0.00908265 0.0103948 0.0153172 0.0107642 0.011244 0.00941593 0.00877088 0.0105803 0.00827215 0.0164614 0.00814503 0.0200961 0.00732088 0.00737048 0.00787482 0.00742018 0.0139341 0.00751853 0.897239 0.00996592 0.00726522 0.00543553 0.00586361 0.00437082 0.00412908 0.00356293 0.00351723 0.00355864 0.00355146 0 0.00351201 0.00358259 0.00352054 0.00368093 0.00356327 0.00899346 0.00620058 0.0185012 0.00692731 0.0175664 0.00962284 0.233163 0.0077565 0.00817978 0.0100208 0.0083287 0.011843 0.00869606 0.0149811 0.00908256 0.0144657 0.0103795 0.0117975 0.0103159 0.00860573 0.0089699 0.0104379 0.0107866 0.0190544 0.01 0.0279356 0.0089076 0.0113703 0.00879916 0.0084172 0.00856683 0.00860039 0.0105226 0.00971015 0.013904 0.0116881 0.0191934 0.0128957 0.00986152 0.00871829 0.00824778 0.00832378 
0.00922002 0.00957445 0.00878823 0.00874436 0.00896845 0.00860034 0.0111847 0.0130334 0.0128385 0.0208955 0.0100806 0.0103792 0.00942823 0.00919398 0.0196484 0.00997341 0.0285401 0.00801814 0.00913978 0.00756794 0.00757887 0.0117877 0.00822331 0.934405 0.00848871 0.0077631 0.00677455 0.00615639 0.00691816 0.00585578 0.00385305 0.0036472 0.00352465 0.00374967 0.00356495 0.00351201 0 0.0035343 0.00360471 0.00359052 0.00358828 0.00669246 0.0163397 0.00658356 0.0132729 0.0104238 0.46953 0.00810819 0.00810352 0.00874537 0.00863081 0.0127812 0.00854458 0.0161602 0.00912843 0.0173442 0.0105191 0.016954 0.01259 0.00999703 0.00969226 0.00992369 0.011068 0.0208687 0.0126708 0.0333282 0.00963801 0.0202545 0.00905495 0.00904874 0.00890996 0.0088304 0.00944706 0.00975307 0.014303 0.0114119 0.0262015 0.0154885 0.0187686 0.00997355 0.00944424 0.00869977 0.00847225 
0.00991176 0.00898591 0.00943457 0.0091798 0.00854667 0.00986558 0.0100066 0.0153051 0.0223419 0.0105283 0.0134499 0.0101573 0.00979574 0.013381 0.00979625 0.0338966 0.00836963 0.0116735 0.00796506 0.00960544 0.0125994 0.00841621 0.951657 0.0116534 0.00980106 0.00822349 0.00689315 0.00798912 0.00775058 0.00572022 0.00448682 0.00380122 0.00400615 0.00366773 0.0036444 0.00358259 0.0035343 0 0.00354721 0.00381529 0.00360916 0.0116106 0.00655429 0.0245583 0.0108131 0.714375 0.00876595 0.0115074 0.00788557 0.00859482 0.0110928 0.00854534 0.0168446 0.00904177 0.0140376 0.0106779 0.0209098 0.0121883 0.0204375 0.0126458 0.0107275 0.00953679 0.0123504 0.0135897 0.0342386 0.0109398 0.0227003 0.00908168 0.0133229 0.00913652 0.00867809 0.00903392 0.00916622 0.0130302 0.0105953 0.0174642 0.013246 0.0301412 0.015986 0.0108314 0.00976083 0.00840624 0.00879175 
0.00939888 0.0109982 0.00889583 0.00891389 0.00893893 0.00878223 0.0138415 0.0148776 0.0116457 0.0259495 0.0103147 0.00985971 0.00964597 0.00939548 0.0340135 0.0084402 0.0181994 0.00829022 0.00984445 0.00810237 0.0112031 0.876693 0.00937068 0.019014 0.00775507 0.00796607 0.00836134 0.00740599 0.00706765 0.00716409 0.00438994 0.00525551 0.00447312 0.0036881 0.00367188 0.00352054 0.00360471 0.00354721 0 0.00357454 0.00359034 0.00542664 0.0355515 0.00940813 0.792066 0.00773121 0.0112412 0.00769749 0.00864695 0.0136039 0.00834157 0.0184009 0.00871529 0.0145938 0.0107603 0.0197263 0.0114632 0.0185015 0.0168372 0.0117902 0.0106045 0.0100953 0.0110776 0.0352238 0.0139054 0.0300621 0.00996113 0.0214289 0.00932248 0.00907443 0.00916853 0.00886146 0.00996614 0.0101044 0.0139118 0.0111967 0.0282779 0.0185539 0.0220548 0.0107922 0.010221 0.00860355 0.008606 
0.00991992 0.00941146 0.00965221 0.00853638 0.00870148 0.0123137 0.00917674 0.00956323 0.0145122 0.0092942 0.0136627 0.0100159 0.0108196 0.0241506 0.00847 0.0192331 0.00839635 0.0108143 0.00805068 0.00901983 0.472052 0.0110068 0.0283418 0.00790177 0.00906696 0.00779768 0.00823296 0.00664583 0.00888162 0.00624884 0.006642 0.00468102 0.00373876 0.0038459 0.00358247 0.00368093 0.00359052 0.00381529 0.00357454 0 0.00359632 0.0580518 0.00735818 0.767915 0.00691105 0.00882614 0.0068154 0.0104644 0.00700074 0.00932663 0.0198856 0.00826666 0.0120711 0.00900192 0.0110994 0.00937519 0.0173434 0.00963884 0.0155128 0.0167591 0.00878933 0.0105678 0.0221625 0.0110418 0.0157118 0.00977126 0.0163747 0.00877707 0.0101821 0.00934067 0.00858291 0.0096081 0.00959348 0.0102167 0.00918445 0.0112301 0.0104514 0.0139496 0.012136 0.0114679 0.00888682 0.00885151 0.00871049 
0.0147143 0.0110065 0.00860133 0.0089945 0.0135442 0.00853605 0.00885873 0.00928471 0.00899339 0.00965948 0.00946072 0.0111831 0.0310954 0.00885477 0.0110514 0.00825962 0.0127302 0.00808007 0.0087617 0.0102094 0.0351269 0.0180021 0.00819267 0.0105301 0.00769152 0.00773713 0.00717578 0.0072108 0.00693627 0.00836892 0.00839544 0.00595572 0.00416643 0.00362798 0.00362426 0.00356327 0.00358828 0.00360916 0.00359034 0.00359632 0 0.00906608 0.720087 0.00541321 0.00716927 0.0058978 0.00783987 0.00647574 0.00816134 0.0189621 0.00883624 0.00984918 0.00806972 0.00961779 0.00876502 0.00961404 0.00931403 0.0164789 0.00921755 0.00977752 0.0109259 0.0226955 0.0101546 0.00995575 0.00949035 0.0112358 0.00873991 0.0100285 0.00848888 0.00847707 0.0106691 0.0136733 0.0100347 0.00849532 0.00912326 0.00886308 0.00982618 0.009369 0.00940672 0.00936404 0.0104271 0.012217 0.00861225 
0.0109696 0.00867424 0.00983841 0.0112869 0.00858027 0.00918169 0.0086663 0.00885453 0.0101348 0.00878682 0.0109279 0.0283219 0.014155 0.0113735 0.0084443 0.0163451 0.0085278 0.013117 0.00843265 0.0228155 0.0204184 0.00895957 0.0166971 0.00848523 0.0095138 0.00849933 0.00848433 0.00866588 0.0118277 0.00975511 0.0109529 0.00740903 0.00708676 0.00747277 0.006379 0.00899346 0.00669246 0.0116106 0.00542664 0.0580518 0.00906608 0 0.00364274 0.00367656 0.0036327 0.00376314 0.00376212 0.00448702 0.00543213 0.00614538 0.00922745 0.00612437 0.00824027 0.00719258 0.0090289 0.0118431 0.855211 0.0162175 0.00941321 0.0120342 0.0212734 0.0155689 0.0130635 0.0100005 0.0113428 0.00884597 0.0124611 0.00845945 0.0143617 0.0095822 0.012635 0.0121002 0.00889852 0.00936683 0.00857748 0.00972218 0.00921421 0.0114951 0.0103055 0.0102211 0.018029 0.0092361 0.0127671 
0.0107671 0.010747 0.00884024 0.00922872 0.00965061 0.0086896 0.0099329 0.0104225 0.00998499 0.0178655 0.0222009 0.0101449 0.0110341 0.00980272 0.0240033 0.00858191 0.0264829 0.00848872 0.031678 0.00849479 0.00948014 0.0381315 0.00880214 0.0236338 0.00882206 0.0093526 0.00904517 0.0101827 0.0101499 0.0120476 0.00752905 0.00847997 0.00723891 0.00703058 0.00736713 0.00620058 0.0163397 0.00655429 0.0355515 0.00735818 0.720087 0.00364274 0 0.00355999 0.00358205 0.00356596 0.0036382 0.0039006 0.00406365 0.00554163 0.00578491 0.00796931 0.00653437 0.0100512 0.0096727 0.887091 0.0126737 0.0141554 0.00962382 0.0159731 0.0130039 0.0120917 0.0129547 0.0142082 0.0102032 0.0169945 0.00873607 0.0257744 0.0088715 0.0106888 0.011081 0.0101048 0.0111218 0.00909632 0.0112255 0.00965856 0.017638 0.0135457 0.0148058 0.014754 0.0105954 0.0098694 0.00879549 
0.00976291 0.00902454 0.00950698 0.00850893 0.00844366 0.0106446 0.0102047 0.0116966 0.0258078 0.0118682 0.01319 0.00988019 0.0102652 0.0163219 0.00895268 0.0450813 0.00869858 0.0287103 0.00836453 0.0092578 0.010833 0.00895501 0.0544951 0.00876405 0.0121477 0.0096511 0.009813 0.0108253 0.0120409 0.00850285 0.00924371 0.00798554 0.00821043 0.00799622 0.00688475 0.0185012 0.00658356 0.0245583 0.00940813 0.767915 0.00541321 0.00367656 0.00355999 0 0.00353802 0.00355043 0.00354874 0.00369794 0.00369964 0.00507272 0.00636068 0.0054106 0.00874946 0.00934008 0.924656 0.0106859 0.0112959 0.00837949 0.0211926 0.0118684 0.00837441 0.00961457 0.012595 0.0130906 0.0217679 0.009509 0.0324319 0.00867933 0.0170598 0.00933284 0.00865592 0.00910849 0.00944488 0.0159057 0.00980793 0.0201818 0.0140617 0.0375161 0.0235907 0.011713 0.00958946 0.00862859 0.00921053 
0.00934293 0.0104098 0.00880952 0.00863446 0.00936352 0.00890304 0.0117398 0.021152 0.0147391 0.034291 0.0121907 0.0115139 0.0103993 0.0102254 0.0358489 0.00888642 0.0480738 0.00875394 0.0102817 0.00858175 0.00882469 0.0257781 0.00911781 0.0334715 0.00979739 0.010722 0.010719 0.0106867 0.00981706 0.0106403 0.00798619 0.00845885 0.00819953 0.0079406 0.0174404 0.00692731 0.0132729 0.0108131 0.792066 0.00691105 0.00716927 0.0036327 0.00358205 0.00353802 0 0.00355207 0.00357764 0.00356762 0.00355666 0.00490391 0.00477252 0.00841434 0.00826259 0.952142 0.0121774 0.0100083 0.00879633 0.0189995 0.0105184 0.0102916 0.00861503 0.00903774 0.0130084 0.0219009 0.0120175 0.0396671 0.00933688 0.0282764 0.00903719 0.00966924 0.00933632 0.00907006 0.011192 0.0101899 0.0195757 0.0128572 0.0494225 0.0329797 0.034445 0.0136148 0.0103386 0.00882316 0.00863931 
