1N5BA
SFEQAITQLFQQLSLSIPDTIEPVIGVKVGEFACHITEHPVGQILMFTLPSLDNNNEKETLLSHNIFSQDILKPILSWDEVGGHPVLWNRQPLNNLDNNSLYTQLEMLVQGAERLQTSSLISPPRSFS
CCHHHHHHHHHHCCCCCCCCCCCEEEEEECCEEEEEEECCCCEEEEEECCCCCCCCCHHHHHHCCCCCCCCCCCEEEEECCCCEEEEEEEEECCCCCCCHHHHHHHHHHHHHHHHCCCCCCCCCCCCC
0 0 0 0 0 0 0 0 0 0 0 0 0 0 0 0 0 0 0 0 0 0 0 0 0 0 0 0 0 0 0 0 0 0 0 0 0 0 0 0 0 0 0 0 0 0 0 0 0 0 0 0 0 0 0 0 0 0 0 0 0 0 0 0 0 0 0 0 0 0 0 0 0 0 0 0 0 0 0 0 0 0 0 0 0 0 0 0 0 0 0 0 0 0 0 0 0 0 0 0 0 0 0 0 0 0 0 0 0 0 0 0 0 0 0 0 0 0 0 0 0 0 0 0 0 0 0 0 
0 0 0 0 0 0 0 0 0 0 0 0 0 0 0 0 0 0 0 0 0 0 0 0 0 0 0 0 0 0 0 0 0 0 0 0 0 0 0 0 0 0 0 0 0 0 0 0 0 0 0 0 0 0 0 0 0 0 0 0 0 0 0 0 0 0 0 0 0 0 0 0 0 0 0 0 0 0 0 0 0 0 0 0 0 0 0 0 0 0 0 0 0 0 0 0 0 0 0 0 0 0 0 0 0 0 0 0 0 0 0 0 0 0 0 0 0 0 0 0 0 0 0 0 0 0 0 0 
0 0.00372673 0.00368729 0.00360059 0.00428634 0.004619 0.00504812 0.00604651 0.00529405 0.00871795 0.007801 0.872401 0.0465753 0.0128654 0.0102274 0.00974776 0.0110567 0.011958 0.0254889 0.0170674 0.0101354 0.00973563 0.00936592 0.011113 0.00950586 0.00965958 0.0104484 0.0108177 0.0104739 0.0095811 0.00870726 0.00881026 0.012428 
0.00372673 0 0.00365647 0.00372536 0.00363037 0.00374946 0.00653812 0.00421073 0.0125173 0.00614473 0.930057 0.0141349 0.00805201 0.00933578 0.0156912 0.0155199 0.0126465 0.0369365 0.0101261 0.0165245 0.0232418 0.010423 0.0135504 0.00905262 0.00839703 0.0115479 0.0128993 0.0151584 0.0140405 0.00987166 0.0107798 0.0116341 0.00903302 
0.00368729 0.00365647 0 0.00370273 0.00385186 0.00356679 0.00380011 0.0100265 0.0046958 0.983185 0.00784532 0.00673602 0.00668706 0.00884819 0.00986411 0.0153464 0.0438255 0.00976882 0.01057 0.0118733 0.0115589 0.04438 0.00960325 0.00877843 0.00915582 0.00914925 0.0193011 0.0264876 0.0180293 0.015813 0.0125241 0.00954322 0.00918454 
0.00360059 0.00372536 0.00370273 0 0.00360086 0.00364951 0.00775608 0.00407784 0.984017 0.00616994 0.0152222 0.00588053 0.00593895 0.0087178 0.0105335 0.0172013 0.0117767 0.0164561 0.00944511 0.0129096 0.0161203 0.0115087 0.0110791 0.00909473 0.00829819 0.0122399 0.0129824 0.0158477 0.0193818 0.0104089 0.0121162 0.00917074 0.00875864 
0.00428634 0.00363037 0.00385186 0.00360086 0 0.0036744 0.00451102 0.990474 0.00424684 0.0120025 0.0052049 0.00773795 0.00702506 0.00881462 0.0159882 0.00942242 0.0135634 0.00937345 0.00942551 0.0113781 0.0102315 0.0128642 0.00945946 0.00840417 0.00945688 0.00909059 0.0102285 0.0109835 0.0101384 0.00953893 0.00865948 0.00891144 0.00873023 
0.004619 0.00374946 0.00356679 0.00364951 0.0036744 0 0.989286 0.00414918 0.00592581 0.00374253 0.00484119 0.00476265 0.00509943 0.0242904 0.00914546 0.00786821 0.00969187 0.0114784 0.0095581 0.0182312 0.00924488 0.00911377 0.00933492 0.0112084 0.00993632 0.00901337 0.00941248 0.00930617 0.00981054 0.0085496 0.00869396 0.00858479 0.00870166 
0.00504812 0.00653812 0.00380011 0.00775608 0.00451102 0.989286 0 0.00385834 0.00365213 0.00356878 0.00379237 0.00371077 0.00412741 0.0061659 0.00658705 0.0068895 0.00908784 0.0160373 0.0556639 0.0155699 0.0114206 0.00911339 0.0120049 0.0120131 0.00865643 0.00958426 0.00931406 0.00949817 0.00943836 0.00889118 0.00928263 0.00878365 0.0170142 
0.00604651 0.00421073 0.0100265 0.00407784 0.990474 0.00414918 0.00385834 0 0.00354085 0.00357517 0.00352265 0.00363379 0.00382126 0.0056709 0.00692408 0.0070283 0.00802152 0.0147399 0.0600464 0.0206241 0.0108784 0.0165228 0.0100474 0.00879675 0.00872994 0.00878905 0.0117027 0.0120781 0.0110937 0.0132526 0.00903031 0.0196997 0.00928918 
0.00529405 0.0125173 0.0046958 0.984017 0.00424684 0.00592581 0.00365213 0.00354085 0 0.00356435 0.00365059 0.00354505 0.00355576 0.00504236 0.00675799 0.00700804 0.00906613 0.065598 0.161832 0.0118332 0.0184371 0.0129771 0.0129189 0.00948224 0.00839478 0.0108148 0.0146286 0.0200951 0.0236627 0.0118888 0.0180838 0.00988379 0.00933027 
0.00871795 0.00614473 0.983185 0.00616994 0.0120025 0.00374253 0.00356878 0.00357517 0.00356435 0 0.00353736 0.00355811 0.00365973 0.00584986 0.00630639 0.0100035 0.0552801 0.622961 0.0131309 0.0121397 0.0145584 0.0475461 0.0100594 0.00893253 0.0101635 0.00919643 0.0201341 0.025168 0.0192472 0.0227228 0.0123498 0.0139275 0.00900092 
0.007801 0.930057 0.00784532 0.0152222 0.0052049 0.00484119 0.00379237 0.00352265 0.00365059 0.00353736 0 0.00354517 0.00356184 0.00387008 0.0100058 0.0234353 0.80231 0.0139765 0.00673104 0.0145914 0.0205482 0.0189756 0.0138162 0.00930266 0.00846528 0.011314 0.0185557 0.0220095 0.0365162 0.0166737 0.0184832 0.00989457 0.0090416 
0.872401 0.0141349 0.00673602 0.00588053 0.00773795 0.00476265 0.00371077 0.00363379 0.00354505 0.00355811 0.00354517 0 0.0036528 0.00474067 0.0271686 0.82002 0.00846239 0.00923661 0.00638491 0.0124508 0.0166374 0.0161794 0.0134037 0.00943654 0.00861289 0.010068 0.0126555 0.0159935 0.0237382 0.0134412 0.00974327 0.0116035 0.00907562 
0.0465753 0.00805201 0.00668706 0.00593895 0.00702506 0.00509943 0.00412741 0.00382126 0.00355576 0.00365973 0.00356184 0.0036528 0 0.034392 0.785394 0.00410349 0.00574085 0.0069236 0.00638721 0.0198028 0.0117401 0.0119122 0.0109206 0.010952 0.0109535 0.00935551 0.0121503 0.0114464 0.0125451 0.0100824 0.00916707 0.00890622 0.00919345 
0.0128654 0.00933578 0.00884819 0.0087178 0.00881462 0.0242904 0.0061659 0.0056709 0.00504236 0.00584986 0.00387008 0.00474067 0.034392 0 0.00364988 0.0035852 0.00356327 0.00364054 0.00459583 0.093838 0.012434 0.0110629 0.0102971 0.0132984 0.0100769 0.0101583 0.0106522 0.0104737 0.010015 0.0101722 0.00964353 0.00909004 0.0480479 
0.0102274 0.0156912 0.00986411 0.0105335 0.0159882 0.00914546 0.00658705 0.00692408 0.00675799 0.00630639 0.0100058 0.0271686 0.785394 0.00364988 0 0.00357367 0.00356586 0.00366682 0.00364591 0.0975587 0.0449227 0.0176225 0.019073 0.0100915 0.00880097 0.0125095 0.0149546 0.0227854 0.019756 0.0158019 0.0129772 0.0413404 0.0101561 
0.00974776 0.0155199 0.0153464 0.0172013 0.00942242 0.00786821 0.0068895 0.0070283 0.00700804 0.0100035 0.0234353 0.82002 0.00410349 0.0035852 0.00357367 0 0.00360005 0.00359598 0.00356989 0.0510161 0.0637308 0.0818534 0.0225988 0.00981304 0.00887756 0.0112923 0.0350603 0.057681 0.0728722 0.0259782 0.0975014 0.0162211 0.0114542 
0.0110567 0.0126465 0.0438255 0.0117767 0.0135634 0.00969187 0.00908784 0.00802152 0.00906613 0.0552801 0.80231 0.00846239 0.00574085 0.00356327 0.00356586 0.00360005 0 0.0036141 0.00356829 0.0491175 0.0753986 0.165629 0.022939 0.0107712 0.00931512 0.0110651 0.0463816 0.0749313 0.0533952 0.160482 0.0232423 0.0378558 0.0102507 
0.011958 0.0369365 0.00976882 0.0164561 0.00937345 0.0114784 0.0160373 0.0147399 0.065598 0.622961 0.0139765 0.00923661 0.0069236 0.00364054 0.00366682 0.00359598 0.0036141 0 0.00376657 0.0289621 0.0765001 0.0436937 0.0995554 0.013783 0.00915857 0.0186774 0.0159361 0.0214937 0.0837301 0.0163271 0.0311568 0.0164638 0.0145689 
0.0254889 0.0101261 0.01057 0.00944511 0.00942551 0.0095581 0.0556639 0.0600464 0.161832 0.0131309 0.00673104 0.00638491 0.00638721 0.00459583 0.00364591 0.00356989 0.00356829 0.00376657 0 0.0317295 0.0193764 0.0316139 0.0298674 0.0570146 0.0138379 0.0111992 0.0159359 0.031028 0.0133272 0.0318992 0.0117776 0.00977065 0.0118265 
0.0170674 0.0165245 0.0118733 0.0129096 0.0113781 0.0182312 0.0155699 0.0206241 0.0118332 0.0121397 0.0145914 0.0124508 0.0198028 0.093838 0.0975587 0.0510161 0.0491175 0.0289621 0.0317295 0 0.00362502 0.00357265 0.00359614 0.00364428 0.00567954 0.00683029 0.00875913 0.0145525 0.777777 0.0206908 0.00999419 0.00885835 0.0340403 
0.0101354 0.0232418 0.0115589 0.0161203 0.0102315 0.00924488 0.0114206 0.0108784 0.0184371 0.0145584 0.0205482 0.0166374 0.0117401 0.012434 0.0449227 0.0637308 0.0753986 0.0765001 0.0193764 0.00362502 0 0.00358641 0.00356235 0.00358318 0.00405731 0.00732144 0.0129017 0.874343 0.013252 0.00846697 0.00972895 0.0151447 0.00994212 
0.00973563 0.010423 0.04438 0.0115087 0.0128642 0.00911377 0.00911339 0.0165228 0.0129771 0.0475461 0.0189756 0.0161794 0.0119122 0.0110629 0.0176225 0.0818534 0.165629 0.0436937 0.0316139 0.00357265 0.00358641 0 0.00361466 0.00354575 0.00535509 0.0105875 0.939022 0.022877 0.0210294 0.00947714 0.014407 0.00819794 0.00949158 
0.00936592 0.0135504 0.00960325 0.0110791 0.00945946 0.00933492 0.0120049 0.0100474 0.0129189 0.0100594 0.0138162 0.0134037 0.0109206 0.0102971 0.019073 0.0225988 0.022939 0.0995554 0.0298674 0.00359614 0.00356235 0.00361466 0 0.00356711 0.0134992 0.986303 0.00780405 0.00995329 0.00691961 0.00887424 0.00797099 0.00736455 0.00659414 
0.011113 0.00905262 0.00877843 0.00909473 0.00840417 0.0112084 0.0120131 0.00879675 0.00948224 0.00893253 0.00930266 0.00943654 0.010952 0.0132984 0.0100915 0.00981304 0.0107712 0.013783 0.0570146 0.00364428 0.00358318 0.00354575 0.00356711 0 0.988024 0.00488357 0.00458829 0.00599727 0.00656479 0.0050903 0.00587175 0.0057609 0.00704594 
0.00950586 0.00839703 0.00915582 0.00829819 0.00945688 0.00993632 0.00865643 0.00872994 0.00839478 0.0101635 0.00846528 0.00861289 0.0109535 0.0100769 0.00880097 0.00887756 0.00931512 0.00915857 0.0138379 0.00567954 0.00405731 0.00535509 0.0134992 0.988024 0 0.00361623 0.00357698 0.00365629 0.00356443 0.00366901 0.00359172 0.00529937 0.00576746 
0.00965958 0.0115479 0.00914925 0.0122399 0.00909059 0.00901337 0.00958426 0.00878905 0.0108148 0.00919643 0.011314 0.010068 0.00935551 0.0101583 0.0125095 0.0112923 0.0110651 0.0186774 0.0111992 0.00683029 0.00732144 0.0105875 0.986303 0.00488357 0.00361623 0 0.0035603 0.00359399 0.00355923 0.00358568 0.00373129 0.00385058 0.00452536 
0.0104484 0.0128993 0.0193011 0.0129824 0.0102285 0.00941248 0.00931406 0.0117027 0.0146286 0.0201341 0.0185557 0.0126555 0.0121503 0.0106522 0.0149546 0.0350603 0.0463816 0.0159361 0.0159359 0.00875913 0.0129017 0.939022 0.00780405 0.00458829 0.00357698 0.0035603 0 0.00355411 0.00356134 0.00359634 0.00357037 0.00360606 0.0036143 
0.0108177 0.0151584 0.0264876 0.0158477 0.0109835 0.00930617 0.00949817 0.0120781 0.0200951 0.025168 0.0220095 0.0159935 0.0114464 0.0104737 0.0227854 0.057681 0.0749313 0.0214937 0.031028 0.0145525 0.874343 0.022877 0.00995329 0.00599727 0.00365629 0.00359399 0.00355411 0 0.00356472 0.00358496 0.00360311 0.00370756 0.0036615 
0.0104739 0.0140405 0.0180293 0.0193818 0.0101384 0.00981054 0.00943836 0.0110937 0.0236627 0.0192472 0.0365162 0.0237382 0.0125451 0.010015 0.019756 0.0728722 0.0533952 0.0837301 0.0133272 0.777777 0.013252 0.0210294 0.00691961 0.00656479 0.00356443 0.00355923 0.00356134 0.00356472 0 0.0035425 0.00359576 0.00357032 0.00363459 
0.0095811 0.00987166 0.015813 0.0104089 0.00953893 0.0085496 0.00889118 0.0132526 0.0118888 0.0227228 0.0166737 0.0134412 0.0100824 0.0101722 0.0158019 0.0259782 0.160482 0.0163271 0.0318992 0.0206908 0.00846697 0.00947714 0.00887424 0.0050903 0.00366901 0.00358568 0.00359634 0.00358496 0.0035425 0 0.00368214 0.00356548 0.00360216 
0.00870726 0.0107798 0.0125241 0.0121162 0.00865948 0.00869396 0.00928263 0.00903031 0.0180838 0.0123498 0.0184832 0.00974327 0.00916707 0.00964353 0.0129772 0.0975014 0.0232423 0.0311568 0.0117776 0.00999419 0.00972895 0.014407 0.00797099 0.00587175 0.00359172 0.00373129 0.00357037 0.00360311 0.00359576 0.00368214 0 0.00357691 0.00355529 
0.00881026 0.0116341 0.00954322 0.00917074 0.00891144 0.00858479 0.00878365 0.0196997 0.00988379 0.0139275 0.00989457 0.0116035 0.00890622 0.00909004 0.0413404 0.0162211 0.0378558 0.0164638 0.00977065 0.00885835 0.0151447 0.00819794 0.00736455 0.0057609 0.00529937 0.00385058 0.00360606 0.00370756 0.00357032 0.00356548 0.00357691 0 0.003557 
0.012428 0.00903302 0.00918454 0.00875864 0.00873023 0.00870166 0.0170142 0.00928918 0.00933027 0.00900092 0.0090416 0.00907562 0.00919345 0.0480479 0.0101561 0.0114542 0.0102507 0.0145689 0.0118265 0.0340403 0.00994212 0.00949158 0.00659414 0.00704594 0.00576746 0.00452536 0.0036143 0.0036615 0.00363459 0.00360216 0.00355529 0.003557 0 
