1NHIA
SHMPIQVLPPQLANQIAAGEVVERPASVVKELVENSLDAGATRIDIDIERGGAKLIRIRDNGCGIKKDELALALARHATSKIASLDDLEAIISLGFRGEALASISSVSRLTLTSRTAEQQEAWQAYAEGRDMNVTVKPAAHPVGTTLEVLDLFYNTPARRKFLRTEKTEFNHIDEIIRRIALARFDVTINLSHNGKIVRQYRAVPEGGQKERRLGAICGTAFLEQALAIEWQHGDLTLRGWVADPNHTTPALAEIQYCYVNGRMMRDRLINHAIRQACEDKLGADQQPAFVLYLEIDPHQVDVNVHPAKHEVRFHQSRLVHDFIYQGVLSVLQ
CCCCCCCCCHHHHHHHHHHHHCCCHHHHHHHHHHHHHHCCCCEEEEEEEHHHCCEEEEEECCCCCCHHHHHHHHCCCCCCCCCCHHHHHCCCCCCCCCCHHHHHHHCCEEEEEEECCCCCCEEEEEEECCCCEEEEEEECCCCEEEEEEECCCCCCHHHHCCCCCHHHHHHHHHHHHHHHHHHCCCCEEEEEECCEEEEEECCCCCCCCCHHHHHHHHCHHHHHHEEEEEEEECCEEEEEEEECHHHCCCCHHHCEEEEECCEEECCHHHHHHHHHHHHHHCCCCCCCCEEEEEECCHHHEECCCCCCCCCCEECCHHHHHHHHHHHHHHHCC
0 0 0 0 0 0 0 0 0 0 0 0 0 0 0 0 0 0 0 0 0 0 0 0 0 0 0 0 0 0 0 0 0 0 0 0 0 0 0 0 0 0 0 0 0 0 0 0 0 0 0 0 0 0 0 0 0 0 0 0 0 0 0 0 0 0 0 0 0 0 0 0 0 0 0 0 0 0 0 0 0 0 0 0 0 0 0 0 0 0 0 0 0 0 0 0 0 0 0 0 0 0 0 0 0 0 0 0 0 0 0 0 0 0 0 0 0 0 0 0 0 0 0 0 0 0 0 0 0 0 0 0 0 0 0 0 0 0 0 0 0 0 0 0 0 0 0 0 0 0 0 0 0 0 0 0 0 0 0 0 0 0 0 0 0 0 0 0 0 0 0 0 0 0 0 0 0 0 0 0 0 0 0 0 0 0 0 0 0 0 0 0 0 0 0 0 0 0 0 0 0 0 0 0 0 0 0 0 0 0 0 0 0 0 0 0 0 0 0 0 0 0 0 0 0 0 0 0 0 0 0 0 0 0 0 0 0 0 0 0 0 0 0 0 0 0 0 0 0 0 0 0 0 0 0 0 0 0 0 0 0 0 0 0 0 0 0 0 0 0 0 0 0 0 0 0 0 0 0 0 0 0 0 0 0 0 0 0 0 0 0 0 0 0 0 0 0 0 0 0 0 0 0 0 0 0 0 0 0 0 0 0 0 0 0 0 0 0 0 0 0 0 0 0 0 0 0 0 0 0 0 0 0 
0 0 0 0 0 0 0 0 0 0 0 0 0 0 0 0 0 0 0 0 0 0 0 0 0 0 0 0 0 0 0 0 0 0 0 0 0 0 0 0 0 0 0 0 0 0 0 0 0 0 0 0 0 0 0 0 0 0 0 0 0 0 0 0 0 0 0 0 0 0 0 0 0 0 0 0 0 0 0 0 0 0 0 0 0 0 0 0 0 0 0 0 0 0 0 0 0 0 0 0 0 0 0 0 0 0 0 0 0 0 0 0 0 0 0 0 0 0 0 0 0 0 0 0 0 0 0 0 0 0 0 0 0 0 0 0 0 0 0 0 0 0 0 0 0 0 0 0 0 0 0 0 0 0 0 0 0 0 0 0 0 0 0 0 0 0 0 0 0 0 0 0 0 0 0 0 0 0 0 0 0 0 0 0 0 0 0 0 0 0 0 0 0 0 0 0 0 0 0 0 0 0 0 0 0 0 0 0 0 0 0 0 0 0 0 0 0 0 0 0 0 0 0 0 0 0 0 0 0 0 0 0 0 0 0 0 0 0 0 0 0 0 0 0 0 0 0 0 0 0 0 0 0 0 0 0 0 0 0 0 0 0 0 0 0 0 0 0 0 0 0 0 0 0 0 0 0 0 0 0 0 0 0 0 0 0 0 0 0 0 0 0 0 0 0 0 0 0 0 0 0 0 0 0 0 0 0 0 0 0 0 0 0 0 0 0 0 0 0 0 0 0 0 0 0 0 0 0 0 0 0 0 0 
0 0.00385157 0.0038467 0.00364564 0.00432969 0.0037511 0.0085576 0.0124574 0.00791224 0.0130209 0.00787028 0.0275818 0.0226638 0.0478625 0.00904382 0.014114 0.00879781 0.00938471 0.00983272 0.0194915 0.00949621 0.00869663 0.00877526 0.00830957 0.00961555 0.00827511 0.0105931 0.0107871 0.00815199 0.00882166 0.00821373 0.00843158 0.00839847 0.00894955 0.00936344 0.00865457 0.00863445 0.0084798 0.00963618 0.00835503 0.00935131 0.00976852 0.00824415 0.00887967 0.0081681 0.00823998 0.00823908 0.00860495 0.00816317 0.00819671 0.00814139 0.00821861 0.00838215 0.00808951 0.00817946 0.00831971 0.00815357 0.00820641 0.0081634 0.00810396 0.00813293 0.00840301 0.00837636 0.0082149 0.00825252 0.00818097 0.00856327 0.00823492 0.00842332 0.00817935 0.00834985 0.00834797 0.0083344 0.00822233 0.00824257 0.0082813 0.00824455 0.00848224 0.00844946 0.00838755 0.00849378 0.0083509 0.00893856 0.00813877 0.00863797 0.00936754 0.00846319 
0.00385157 0 0.00364417 0.00420595 0.00364201 0.00934597 0.00354036 0.0077319 0.0165332 0.00691648 0.0275116 0.0094293 0.712544 0.00881654 0.0654004 0.00900189 0.0359454 0.00941659 0.0167635 0.00995834 0.00957902 0.010282 0.00879036 0.021534 0.00845264 0.0198515 0.00832825 0.00840874 0.0120052 0.00836466 0.0112986 0.00832544 0.00930654 0.00862471 0.00976903 0.00939011 0.00852587 0.0168115 0.0085757 0.0144212 0.00884292 0.00817209 0.0127332 0.00843106 0.0104625 0.00854034 0.00855603 0.00817116 0.00861883 0.00826425 0.00870093 0.00821013 0.00947401 0.00936554 0.00838893 0.00841148 0.00953607 0.00824721 0.0084785 0.00823829 0.0082524 0.00940825 0.00837832 0.00963691 0.0083846 0.00888157 0.0083928 0.00846115 0.00853879 0.00820928 0.00859774 0.00865685 0.00839641 0.00868894 0.00828824 0.00835752 0.00882488 0.00861114 0.00867983 0.00872217 0.00851662 0.00934689 0.00833588 0.0100268 0.00824323 0.00830096 0.010112 
0.0038467 0.00364417 0 0.00363348 0.00399818 0.00356833 0.00367577 0.00707803 0.00632348 0.0287929 0.00760174 0.916531 0.00738025 0.0195169 0.00877659 0.129938 0.00956433 0.0470825 0.00987015 0.00923444 0.00876564 0.00930123 0.0201962 0.00906028 0.0454956 0.00847614 0.00915881 0.0105227 0.00835504 0.0127168 0.00842244 0.0110337 0.00844322 0.008321 0.00874471 0.00900975 0.0164538 0.00930877 0.0366963 0.00851397 0.00847653 0.0113693 0.008533 0.0131236 0.0087483 0.0088928 0.00812863 0.00852521 0.00835854 0.00846725 0.00840043 0.00867325 0.00813567 0.00824526 0.00837004 0.00879113 0.00833845 0.00860913 0.00830485 0.00828129 0.00815717 0.0083131 0.00906668 0.0085033 0.00861099 0.00841508 0.00850444 0.0084177 0.00821619 0.00833215 0.0085783 0.00856183 0.00855637 0.00813319 0.0083337 0.00836379 0.00822112 0.00861412 0.00864288 0.00863565 0.0087798 0.00848585 0.00930484 0.00811492 0.00880194 0.00970656 0.00823814 
0.00364564 0.00420595 0.00363348 0 0.00359251 0.00361847 0.0035529 0.00626979 0.0146119 0.00711146 0.967345 0.00761955 0.0111006 0.00886743 0.0706485 0.00957045 0.152681 0.01136 0.0119784 0.0093463 0.00944741 0.0112702 0.0102487 0.0682516 0.00896532 0.016598 0.00834789 0.00836194 0.0112793 0.0085315 0.015936 0.0084018 0.00884037 0.00863298 0.00946851 0.0108036 0.00963461 0.0373817 0.0100018 0.0129734 0.00884924 0.00820528 0.0144312 0.00879698 0.0124902 0.00856307 0.0085302 0.00813063 0.00845721 0.00842417 0.00868522 0.00832121 0.00893253 0.00906237 0.00848557 0.00843038 0.00970576 0.00826614 0.00849655 0.0082077 0.00813053 0.00911452 0.00846589 0.0102334 0.00842779 0.00898867 0.00853217 0.0086047 0.0085697 0.00829871 0.0087315 0.00887829 0.00851726 0.0086566 0.00826918 0.00844547 0.00921839 0.00866675 0.00886045 0.00899383 0.00867598 0.00918848 0.00837139 0.0101416 0.00823026 0.0083007 0.0097108 
0.00432969 0.00364201 0.00399818 0.00359251 0 0.00354037 0.00359414 0.00602532 0.00612813 0.97306 0.00728325 0.0123639 0.00642008 0.0223834 0.00885441 0.149374 0.00978888 0.0246666 0.0103583 0.00909268 0.00870641 0.00922628 0.022521 0.00901831 0.0257237 0.00841128 0.00906702 0.0107302 0.00829799 0.012145 0.00842262 0.0101847 0.00845993 0.00829366 0.00870396 0.00905956 0.0144481 0.00920741 0.0294464 0.00843811 0.0084973 0.0114831 0.00844752 0.0123329 0.00862283 0.00866785 0.00813414 0.00850625 0.0082862 0.0084232 0.00837307 0.00855692 0.00812121 0.00819524 0.00832664 0.00869918 0.00832018 0.00854307 0.00830892 0.00817841 0.00813108 0.00826366 0.00911853 0.00841577 0.00866997 0.0083881 0.00847981 0.00833843 0.0082107 0.00825371 0.00853767 0.00852858 0.00846221 0.00815582 0.00833864 0.00833403 0.0081838 0.00860573 0.00860642 0.008634 0.00870465 0.00849469 0.00899604 0.00810562 0.00866104 0.00956229 0.00825973 
0.0037511 0.00934597 0.00356833 0.00361847 0.00354037 0 0.00354351 0.00490394 0.97465 0.00599731 0.0143654 0.00546971 0.00781816 0.00881902 0.0505561 0.0088893 0.018021 0.00924328 0.0102156 0.00912929 0.00896747 0.013964 0.00874077 0.0135343 0.008487 0.011711 0.00819321 0.00839109 0.0093859 0.00824758 0.00902253 0.00816933 0.00848364 0.00832547 0.00887833 0.00979258 0.00850901 0.0113135 0.00847919 0.0104461 0.00858831 0.00827442 0.00961548 0.008378 0.00887162 0.00823578 0.00827887 0.00808666 0.00826531 0.00821389 0.00826348 0.00812936 0.00847259 0.00859215 0.00829512 0.00829963 0.00883136 0.00818235 0.00823494 0.00808288 0.00807123 0.00847897 0.00829598 0.00871705 0.00825097 0.00838522 0.00825179 0.00832403 0.008193 0.00819726 0.00842506 0.00838603 0.00824286 0.00853502 0.00815606 0.00824977 0.00877953 0.00849993 0.0084428 0.00844082 0.00840915 0.00848518 0.0082029 0.00903234 0.00815231 0.00819611 0.00901561 
0.0085576 0.00354036 0.00367577 0.0035529 0.00359414 0.00354351 0 0.952136 0.00431117 0.00431471 0.00389701 0.00511235 0.00460847 0.0194603 0.00896488 0.0106527 0.00895962 0.00971621 0.00926885 0.00916128 0.0214751 0.00865781 0.0089234 0.00858949 0.00905745 0.00834702 0.00882522 0.0109839 0.00815497 0.00848863 0.00814743 0.00823693 0.00813808 0.00826716 0.00994811 0.00851206 0.00862185 0.00833748 0.00899447 0.00844241 0.00831743 0.00961731 0.00817895 0.0082495 0.00815713 0.00829448 0.00810601 0.00830102 0.0081189 0.00805947 0.00806552 0.00813423 0.00804814 0.00838457 0.00811152 0.00816706 0.00805941 0.00808097 0.00805999 0.00801824 0.00807627 0.00823491 0.00820367 0.00820824 0.00810975 0.00810933 0.00807152 0.00806612 0.00811386 0.0082045 0.0081946 0.00816059 0.00809812 0.00814641 0.00805617 0.00814329 0.00809347 0.00816821 0.0081428 0.00815515 0.00809763 0.00808846 0.00822094 0.00804508 0.00813111 0.00830413 0.00814758 
0.0124574 0.0077319 0.00707803 0.00626979 0.00602532 0.00490394 0.952136 0 0.00442683 0.0035825 0.00357546 0.00405323 0.0050404 0.105824 0.0144177 0.0132574 0.0104979 0.0112587 0.0100814 0.0274871 0.0106477 0.0091027 0.00922587 0.00892025 0.0103992 0.00887064 0.0137969 0.00955657 0.00847614 0.00892446 0.00851364 0.00852678 0.00869672 0.0109387 0.00969846 0.0086393 0.00898815 0.0090746 0.0097741 0.00918348 0.0119585 0.0100393 0.00841374 0.00882171 0.00832511 0.00843262 0.0086721 0.00839123 0.00818017 0.00817011 0.00815106 0.00827438 0.0095181 0.00835673 0.00823252 0.00835209 0.00817573 0.00820906 0.00809482 0.0080658 0.00823732 0.00861301 0.00830272 0.00833591 0.00825199 0.00822367 0.00823895 0.00828496 0.00881341 0.00833651 0.00835102 0.00837649 0.00832791 0.00846942 0.0083165 0.00819998 0.00836872 0.00855155 0.00845775 0.00840814 0.00840931 0.00840505 0.00878599 0.00844827 0.00834579 0.009083 0.00889871 
0.00791224 0.0165332 0.00632348 0.0146119 0.00612813 0.97465 0.00431117 0.00442683 0 0.00358198 0.00368025 0.00369037 0.00454247 0.0144821 0.17629 0.00956901 0.050804 0.010148 0.0221561 0.0116158 0.00955349 0.0126402 0.0094279 0.0229103 0.00875092 0.0210738 0.00863098 0.00852138 0.0106011 0.00840627 0.0112 0.00838929 0.0094627 0.00863604 0.00923539 0.0113149 0.00922894 0.0204655 0.00931844 0.0170047 0.00920593 0.00832833 0.0124261 0.00859068 0.0109303 0.00867429 0.00849742 0.00812046 0.0084418 0.00830582 0.0084968 0.0083176 0.00883206 0.00861501 0.00845229 0.00850042 0.00892338 0.00830075 0.00838737 0.00817884 0.00813415 0.00851696 0.00844182 0.00973123 0.00845511 0.00884321 0.00851996 0.00856325 0.00835176 0.0082286 0.00885217 0.00877017 0.00854971 0.00839006 0.00814787 0.00840088 0.00830699 0.00849761 0.00874148 0.00877001 0.00855253 0.00882292 0.00837423 0.00900629 0.00823072 0.00832706 0.00878481 
0.0130209 0.00691648 0.0287929 0.00711146 0.97306 0.00599731 0.00431471 0.0035825 0.00358198 0 0.0035518 0.00377835 0.00355261 0.0747226 0.0100646 0.227284 0.0103452 0.0613731 0.011125 0.00951702 0.0090884 0.0106754 0.0267249 0.00962224 0.0547138 0.00863458 0.00941145 0.0107096 0.00842115 0.0138393 0.00854224 0.0110577 0.00843107 0.00846851 0.00898891 0.00993021 0.0204826 0.010476 0.0549769 0.00861262 0.0086421 0.0122167 0.00859581 0.0180667 0.00879508 0.00989116 0.00821659 0.00856727 0.00840398 0.00858409 0.00851769 0.00875078 0.00812331 0.00825034 0.0084397 0.00895577 0.00841713 0.00895148 0.00839619 0.00832614 0.00815253 0.00837556 0.00964898 0.0085387 0.0091268 0.00848177 0.00941468 0.0085251 0.00825349 0.00838306 0.00884583 0.00893855 0.00941422 0.00818684 0.00834651 0.00841299 0.0082271 0.0086575 0.00879572 0.00878072 0.00901879 0.00861814 0.00923905 0.0081325 0.00853692 0.0093799 0.00822101 
0.00787028 0.0275116 0.00760174 0.967345 0.00728325 0.0143654 0.00389701 0.00357546 0.00368025 0.0035518 0 0.00354908 0.00364397 0.0100973 0.128881 0.00979687 0.203733 0.0114223 0.0120064 0.00942175 0.00937435 0.0111687 0.00961631 0.0566764 0.00883071 0.0183125 0.00838004 0.00838236 0.0113782 0.00852301 0.013358 0.00852575 0.00888192 0.00854309 0.00932549 0.0107504 0.0094607 0.0374088 0.00943647 0.013739 0.00885028 0.00817344 0.0136394 0.00865606 0.0122004 0.00853877 0.00857116 0.00804264 0.00838485 0.0083765 0.008619 0.00819378 0.00902058 0.00890954 0.00841686 0.00844443 0.00951756 0.00824 0.00851761 0.00813078 0.00816336 0.00894234 0.00837136 0.0104634 0.00838236 0.00892853 0.00851678 0.00854135 0.008529 0.00821047 0.00873061 0.00871921 0.00843412 0.00881343 0.00821743 0.0083522 0.00906445 0.00856459 0.00863389 0.00882345 0.0085669 0.00886958 0.00829125 0.00982557 0.00814028 0.00827656 0.0094192 
0.0275818 0.0094293 0.916531 0.00761955 0.0123639 0.00546971 0.00511235 0.00405323 0.00369037 0.00377835 0.00354908 0 0.0036415 0.0246362 0.00981158 0.127936 0.0107552 0.0205088 0.0160346 0.00935421 0.00941775 0.0101881 0.0157942 0.00869557 0.0154356 0.0084092 0.00897202 0.0100312 0.00844915 0.0102541 0.00823051 0.00889157 0.00832036 0.00820812 0.00901243 0.00984924 0.0115992 0.00859946 0.0142148 0.00855787 0.00835994 0.0107509 0.00847977 0.0100223 0.00835728 0.00853707 0.0080894 0.00888435 0.00858218 0.0081897 0.00821802 0.00829331 0.00804301 0.0081968 0.00826364 0.00845669 0.00817374 0.00833382 0.00816742 0.0081601 0.00802666 0.00844482 0.00901719 0.008228 0.00846633 0.00830292 0.00856213 0.00827622 0.00815669 0.00833799 0.00847798 0.00836322 0.00828038 0.00808121 0.00822674 0.00824187 0.0081496 0.00837447 0.00835673 0.008336 0.00832366 0.00823512 0.00836804 0.00807534 0.00828616 0.009002 0.00809911 
0.0226638 0.712544 0.00738025 0.0111006 0.00642008 0.00781816 0.00460847 0.0050404 0.00454247 0.00355261 0.00364397 0.0036415 0 0.0095927 0.0354114 0.0109334 0.0278601 0.0148639 0.0165375 0.018498 0.0103124 0.010006 0.00878591 0.0105289 0.00842972 0.0101499 0.00840057 0.00913989 0.00866991 0.00819198 0.00857639 0.00817106 0.00822491 0.00842864 0.0106917 0.00913659 0.00846557 0.00988557 0.00855484 0.00912508 0.00863027 0.0084319 0.00915654 0.00847035 0.00859689 0.00821892 0.00835595 0.00833543 0.00813478 0.0080792 0.00810029 0.00810205 0.00834561 0.00888597 0.00814245 0.00812428 0.00830116 0.00808094 0.00811683 0.00806181 0.00812462 0.00865574 0.00814845 0.00837349 0.00812825 0.00822598 0.00811715 0.00816486 0.00830605 0.00824301 0.00831854 0.00822689 0.00818552 0.00833192 0.00810044 0.00816683 0.00830685 0.00836459 0.0083707 0.00837683 0.0083329 0.00833975 0.00818051 0.00872538 0.0081055 0.00811312 0.00866563 
0.0478625 0.00881654 0.0195169 0.00886743 0.0223834 0.00881902 0.0194603 0.105824 0.0144821 0.0747226 0.0100973 0.0246362 0.0095927 0 0.00499127 0.00369329 0.00368441 0.00388995 0.00375894 0.00520796 0.00831009 0.0081668 0.00959472 0.00765864 0.0262302 0.0118344 0.657792 0.0218954 0.00914856 0.0131987 0.00953078 0.0115687 0.0110773 0.013485 0.0186128 0.0122783 0.014544 0.00982622 0.0201445 0.00983509 0.103952 0.018441 0.00855615 0.0114144 0.00861993 0.0105354 0.00948692 0.00908308 0.00842725 0.00842604 0.00830941 0.00918839 0.00928728 0.00826452 0.00828143 0.00887228 0.0080921 0.00849299 0.00806396 0.00831828 0.00839953 0.00841208 0.00910693 0.00821688 0.00867264 0.00821061 0.00866176 0.00851857 0.00935476 0.00852307 0.00838744 0.00839193 0.00890186 0.00869869 0.00845853 0.0081845 0.00836587 0.00879181 0.00841713 0.00849814 0.0087119 0.00826269 0.00916448 0.00801032 0.008467 0.0093822 0.0081776 
0.00904382 0.0654004 0.00877659 0.0706485 0.00885441 0.0505561 0.00896488 0.0144177 0.17629 0.0100646 0.128881 0.00981158 0.0354114 0.00499127 0 0.00359959 0.00360872 0.00364712 0.00378796 0.00374847 0.00700349 0.00824224 0.00739914 0.0208372 0.0081163 0.74648 0.0179938 0.00873742 0.0288558 0.00859481 0.0158813 0.00849704 0.0152207 0.00992217 0.0138022 0.0249865 0.00989249 0.0578212 0.00982553 0.213775 0.0107612 0.00855774 0.0431708 0.00906903 0.028341 0.00889063 0.0101948 0.00816291 0.00918384 0.00861481 0.00948257 0.0084056 0.0112829 0.010036 0.00868302 0.008475 0.0109736 0.00818814 0.00931905 0.00828257 0.00814311 0.00994377 0.00850563 0.0122721 0.00847695 0.0105131 0.00898125 0.00897392 0.00899109 0.00838815 0.00926461 0.00950189 0.00883785 0.00883012 0.00822566 0.00847057 0.00863565 0.00867442 0.00903714 0.00922752 0.00873093 0.00903893 0.00834539 0.00935488 0.00820445 0.00825291 0.00870289 
0.014114 0.00900189 0.129938 0.00957045 0.149374 0.0088893 0.0106527 0.0132574 0.00956901 0.227284 0.00979687 0.127936 0.0109334 0.00369329 0.00359959 0 0.00358254 0.00350341 0.00361254 0.00366959 0.00656527 0.0101848 0.0166593 0.00769786 0.763542 0.0114376 0.0332778 0.013116 0.00843926 0.0239903 0.00884521 0.0196158 0.0088064 0.0093717 0.0112131 0.0118607 0.0556016 0.0103667 0.405495 0.00937223 0.0105752 0.0168719 0.00925397 0.0880649 0.0110345 0.0199834 0.00865502 0.00893654 0.00853825 0.0101265 0.00940826 0.0109634 0.00832927 0.00847668 0.00889601 0.0129549 0.00837202 0.0123485 0.00844376 0.00847564 0.00838376 0.0084277 0.0117813 0.00885691 0.0154434 0.00909927 0.0121449 0.00893326 0.00855843 0.00863286 0.00927072 0.00938827 0.0100167 0.00832868 0.00846537 0.00853974 0.00832025 0.00882498 0.00893999 0.00921571 0.00969338 0.00870863 0.00884752 0.00817053 0.0085497 0.00910442 0.00819777 
0.00879781 0.0359454 0.00956433 0.152681 0.00978888 0.018021 0.00895962 0.0104979 0.050804 0.0103452 0.203733 0.0107552 0.0278601 0.00368441 0.00360872 0.00358254 0 0.00359521 0.00357724 0.00359863 0.00589079 0.0107303 0.00812849 0.845724 0.0226174 0.0281983 0.00811887 0.00849043 0.0145134 0.00869861 0.0223475 0.00875698 0.0118822 0.00900525 0.0121628 0.0201201 0.0129664 0.337456 0.011707 0.0251213 0.0102925 0.00887143 0.0373632 0.0117202 0.0632691 0.00950377 0.00931926 0.00832189 0.0087974 0.00929984 0.0111868 0.00862509 0.00926768 0.00893505 0.00915 0.00939085 0.0120092 0.00871285 0.00926502 0.00846412 0.00820598 0.00913338 0.00862089 0.0142553 0.0095268 0.0129099 0.0100175 0.00937084 0.00941998 0.00845498 0.00967614 0.0106315 0.00936496 0.00865389 0.00822056 0.00859407 0.00862141 0.00883193 0.00929361 0.0101067 0.00916685 0.00914935 0.00857225 0.00853603 0.00829367 0.00824976 0.00831775 
0.00938471 0.00941659 0.0470825 0.01136 0.0246666 0.00924328 0.00971621 0.0112587 0.010148 0.0613731 0.0114223 0.0205088 0.0148639 0.00388995 0.00364712 0.00350341 0.00359521 0 0.00357488 0.00358719 0.00543761 0.00943348 0.846693 0.0218831 0.0143873 0.00780988 0.00813266 0.00904581 0.00854322 0.0132047 0.00884699 0.00952297 0.00856956 0.00939064 0.0103784 0.0120436 0.184186 0.0127572 0.052039 0.0100091 0.0109135 0.0110144 0.0101163 0.0406688 0.0138708 0.0122492 0.00899167 0.00826239 0.00857332 0.0093541 0.00939137 0.0090004 0.00853681 0.00842922 0.00862501 0.00996541 0.00850387 0.00935064 0.00853329 0.00825026 0.00814036 0.00840598 0.00930449 0.0095422 0.0114081 0.00931061 0.0102328 0.00882562 0.00885199 0.00840751 0.0091699 0.00946843 0.00921628 0.00828858 0.00823055 0.0084485 0.00831735 0.00860174 0.00888449 0.00902486 0.00885042 0.00864212 0.00834476 0.00817693 0.00825186 0.00823755 0.00819156 
0.00983272 0.0167635 0.00987015 0.0119784 0.0103583 0.0102156 0.00926885 0.0100814 0.0221561 0.011125 0.0120064 0.0160346 0.0165375 0.00375894 0.00378796 0.00361254 0.00357724 0.00357488 0 0.00364826 0.0102221 0.843942 0.0230503 0.0118374 0.00832574 0.00816501 0.00726867 0.00942906 0.0108806 0.00910571 0.00933422 0.00841965 0.0107329 0.008919 0.0117228 0.123607 0.0125952 0.0162011 0.0126233 0.020922 0.0102116 0.0100107 0.0144885 0.0106236 0.013232 0.0103552 0.00876512 0.00873655 0.0088265 0.00854573 0.00874046 0.00866846 0.0084822 0.00872373 0.00872134 0.00881712 0.00906666 0.00839073 0.00838664 0.00831637 0.00807391 0.00881834 0.00893783 0.00928064 0.00891002 0.00898468 0.00881627 0.00887808 0.00854033 0.00851814 0.00904947 0.00906328 0.00868939 0.0083602 0.00817418 0.0084901 0.00829041 0.0085428 0.00879405 0.00888843 0.00859026 0.00873244 0.00831094 0.0082384 0.00823958 0.00822455 0.00813487 
0.0194915 0.00995834 0.00923444 0.0093463 0.00909268 0.00912929 0.00916128 0.0274871 0.0116158 0.00951702 0.00942175 0.00935421 0.018498 0.00520796 0.00374847 0.00366959 0.00359863 0.00358719 0.00364826 0 0.607118 0.0191972 0.00767892 0.00667237 0.0114948 0.00698962 0.0076901 0.0164401 0.00859561 0.00843243 0.00828937 0.00815159 0.00821709 0.0110247 0.156325 0.013497 0.010985 0.0106153 0.010208 0.00999201 0.0127599 0.0168971 0.00948276 0.00963454 0.00956785 0.00890428 0.00900957 0.0121618 0.00920284 0.00845509 0.00856577 0.00841542 0.0088471 0.0114604 0.00863984 0.00835212 0.00848145 0.00831507 0.00820666 0.00821269 0.0081463 0.0111696 0.00911323 0.00851493 0.00847562 0.00848766 0.00887461 0.00843049 0.00867906 0.00990838 0.00848681 0.00840032 0.00831756 0.00834411 0.00906024 0.00829666 0.00840861 0.00889406 0.00855629 0.00842869 0.00847067 0.00832111 0.00828155 0.00831044 0.00824225 0.00848631 0.00818435 
0.00949621 0.00957902 0.00876564 0.00944741 0.00870641 0.00896747 0.0214751 0.0106477 0.00955349 0.0090884 0.00937435 0.00941775 0.0103124 0.00831009 0.00700349 0.00656527 0.00589079 0.00543761 0.0102221 0.607118 0 0.0036023 0.00359514 0.00356213 0.0036445 0.00369731 0.00420544 0.00548083 0.00582673 0.00644718 0.00695961 0.00654533 0.0114728 0.76755 0.0119802 0.0092699 0.00904861 0.0100456 0.0107373 0.010283 0.037454 0.0106424 0.0100067 0.00911007 0.00900848 0.00882013 0.0111392 0.00853884 0.00836845 0.00822553 0.00822026 0.0082422 0.0114729 0.00840954 0.00824473 0.00843886 0.00843412 0.00817356 0.00808338 0.00805163 0.00844224 0.00842863 0.00830219 0.00839097 0.00831317 0.00831541 0.00835777 0.0083212 0.0104223 0.00836883 0.008334 0.00835557 0.00841133 0.0086628 0.0081466 0.00803314 0.00835037 0.00860941 0.00845934 0.00843521 0.00833449 0.00826911 0.00876297 0.00819307 0.00826267 0.00812623 0.00827118 
0.00869663 0.010282 0.00930123 0.0112702 0.00922628 0.013964 0.00865781 0.0091027 0.0126402 0.0106754 0.0111687 0.0101881 0.010006 0.0081668 0.00824224 0.0101848 0.0107303 0.00943348 0.843942 0.0191972 0.0036023 0 0.00358603 0.00357258 0.0035944 0.00385778 0.00358222 0.00544455 0.0062054 0.00633488 0.00731107 0.0076668 0.875669 0.0109121 0.00861632 0.0131305 0.00975292 0.0130671 0.0113883 0.01992 0.010656 0.009522 0.0128045 0.010945 0.0130617 0.0101042 0.00916303 0.00818207 0.00857657 0.00845352 0.00863668 0.00875791 0.00897542 0.00843273 0.0084209 0.00871482 0.00848412 0.00831276 0.00832376 0.00822791 0.00819268 0.00833409 0.00855793 0.0090231 0.00867297 0.00925765 0.00894945 0.0091 0.00901996 0.00823599 0.00899806 0.00908445 0.0092025 0.00841766 0.00810869 0.00843295 0.00846073 0.00844408 0.00887356 0.00927648 0.00873342 0.00889812 0.00835043 0.00819491 0.00820476 0.00818333 0.00815417 
0.00877526 0.00879036 0.0201962 0.0102487 0.022521 0.00874077 0.0089234 0.00922587 0.0094279 0.0267249 0.00961631 0.0157942 0.00878591 0.00959472 0.00739914 0.0166593 0.00812849 0.846693 0.0230503 0.00767892 0.00359514 0.00358603 0 0.00361148 0.00362453 0.0035669 0.00361055 0.00567184 0.00545247 0.0139667 0.00973527 0.904052 0.00852221 0.00725871 0.00949873 0.0100134 0.019568 0.0109748 0.044146 0.00949771 0.00915767 0.0126835 0.00954902 0.027894 0.0136312 0.0164173 0.00863422 0.00842485 0.00851178 0.00886491 0.0095026 0.00922741 0.00848898 0.0085222 0.00857884 0.00962676 0.00910225 0.0089736 0.00840346 0.0082987 0.00813389 0.00842832 0.00914439 0.00889587 0.010967 0.00925377 0.0107867 0.00877061 0.00874034 0.00843629 0.00883633 0.00930024 0.00909644 0.00830846 0.00815153 0.0084058 0.00820519 0.00851068 0.00886005 0.00892008 0.00911127 0.00857661 0.00826334 0.00817495 0.00822575 0.0082386 0.00816147 
0.00830957 0.021534 0.00906028 0.0682516 0.00901831 0.0135343 0.00858949 0.00892025 0.0229103 0.00962224 0.0566764 0.00869557 0.0105289 0.00765864 0.0208372 0.00769786 0.845724 0.0218831 0.0118374 0.00667237 0.00356213 0.00357258 0.00361148 0 0.00356956 0.00357705 0.00355605 0.00396936 0.00752819 0.00678881 0.917964 0.00706968 0.0072955 0.00669927 0.00858237 0.0108585 0.0100334 0.0389405 0.0092781 0.015614 0.00935295 0.00864519 0.0311259 0.0099907 0.051013 0.00906028 0.00919088 0.0082201 0.00907881 0.00930987 0.0100237 0.00845888 0.00947974 0.00899744 0.00886619 0.00903893 0.0122869 0.00840086 0.00896925 0.00823187 0.00814811 0.00890382 0.00845106 0.0147038 0.00901555 0.0137804 0.00952159 0.00913683 0.00899939 0.00825548 0.00939765 0.00996064 0.00889876 0.00853216 0.00813694 0.00845134 0.00855304 0.00859485 0.00906392 0.00964455 0.00879598 0.00888383 0.00831192 0.00848414 0.00822683 0.00817134 0.00827275 
0.00961555 0.00845264 0.0454956 0.00896532 0.0257237 0.008487 0.00905745 0.0103992 0.00875092 0.0547138 0.00883071 0.0154356 0.00842972 0.0262302 0.0081163 0.763542 0.0226174 0.0143873 0.00832574 0.0114948 0.0036445 0.0035944 0.00362453 0.00356956 0 0.0035483 0.0035919 0.00726526 0.0051724 0.928724 0.00683186 0.0137314 0.00649351 0.00615746 0.00903209 0.00988191 0.0221378 0.00944094 0.0443428 0.00891109 0.00937103 0.0167401 0.00886325 0.0558298 0.00949579 0.0117202 0.00847591 0.00903555 0.00867724 0.00933951 0.0089547 0.00943981 0.00840027 0.00850743 0.00854041 0.0125209 0.00830771 0.0098055 0.00832523 0.00830656 0.00815395 0.00841499 0.011224 0.00853879 0.01298 0.00862939 0.0101068 0.00861042 0.00840347 0.00849624 0.00889772 0.00916342 0.00908592 0.00817476 0.008288 0.0084468 0.00821863 0.00860647 0.00878438 0.00880566 0.00920347 0.00849637 0.00842863 0.00825549 0.00829397 0.00891682 0.00812603 
0.00827511 0.0198515 0.00847614 0.016598 0.00841128 0.011711 0.00834702 0.00887064 0.0210738 0.00863458 0.0183125 0.0084092 0.0101499 0.0118344 0.74648 0.0114376 0.0281983 0.00780988 0.00816501 0.00698962 0.00369731 0.00385778 0.0035669 0.00357705 0.0035483 0 0.00363516 0.00470082 0.947565 0.00581653 0.00608528 0.00547123 0.00847527 0.00591805 0.00889924 0.0325645 0.00869034 0.0158207 0.00862515 0.0207559 0.00971637 0.00879466 0.0337083 0.0085641 0.0136122 0.00879866 0.00906074 0.00870612 0.00912479 0.00844732 0.00861339 0.00832033 0.00938972 0.00952479 0.00850601 0.00829966 0.00979258 0.00817154 0.0082929 0.00815539 0.00807061 0.00912476 0.00839192 0.0105272 0.00834752 0.0091877 0.008482 0.0086609 0.00859755 0.00830257 0.00872056 0.00863161 0.00835101 0.00834939 0.00809881 0.00831074 0.0083086 0.00842998 0.00865267 0.00866959 0.00851231 0.00891046 0.00818869 0.0090893 0.00818667 0.00817069 0.00876381 
0.0105931 0.00832825 0.00915881 0.00834789 0.00906702 0.00819321 0.00882522 0.0137969 0.00863098 0.00941145 0.00838004 0.00897202 0.00840057 0.657792 0.0179938 0.0332778 0.00811887 0.00813266 0.00726867 0.0076901 0.00420544 0.00358222 0.00361055 0.00355605 0.0035919 0.00363516 0 0.949068 0.00379634 0.00432722 0.00424404 0.00495913 0.00509676 0.00517725 0.0191137 0.00915209 0.00857328 0.00814396 0.00936491 0.0082743 0.0112426 0.0215638 0.00860081 0.00950174 0.00863087 0.00880815 0.00841495 0.0112313 0.00889257 0.00821581 0.00814446 0.00835 0.00842786 0.00982145 0.00828947 0.00832312 0.00815846 0.00824458 0.00807687 0.00805955 0.00810646 0.00933127 0.00885004 0.00818102 0.00830732 0.00823587 0.00833514 0.00819124 0.00829653 0.00888652 0.00821335 0.00816572 0.00823964 0.00822021 0.00835857 0.0081887 0.00816564 0.00854976 0.00821606 0.00822023 0.00838021 0.00818738 0.00834022 0.0081856 0.0082395 0.00851464 0.00815998 
0.0107871 0.00840874 0.0105227 0.00836194 0.0107302 0.00839109 0.0109839 0.00955657 0.00852138 0.0107096 0.00838236 0.0100312 0.00913989 0.0218954 0.00873742 0.013116 0.00849043 0.00904581 0.00942906 0.0164401 0.00548083 0.00544455 0.00567184 0.00396936 0.00726526 0.00470082 0.949068 0 0.00363722 0.00376701 0.00368609 0.00386255 0.00404392 0.00420862 0.00622764 0.00643347 0.0072366 0.00697545 0.0125145 0.0210831 0.0859486 0.0195005 0.00914947 0.0102662 0.00864741 0.00936491 0.0108811 0.0098716 0.00858666 0.00854357 0.00838371 0.00930123 0.0106189 0.00828871 0.00820137 0.008884 0.00813874 0.00840306 0.00805101 0.00839456 0.00845677 0.00832789 0.00886927 0.00815544 0.00846319 0.00813815 0.0085489 0.00838328 0.00963698 0.00828124 0.00817935 0.00824337 0.00859961 0.00862648 0.00819526 0.00812654 0.00825417 0.00830859 0.00823102 0.00823232 0.0084311 0.00811693 0.00909853 0.00803439 0.00834888 0.00884401 0.00822774 
0.00815199 0.0120052 0.00835504 0.0112793 0.00829799 0.0093859 0.00815497 0.00847614 0.0106011 0.00842115 0.0113782 0.00844915 0.00866991 0.00914856 0.0288558 0.00843926 0.0145134 0.00854322 0.0108806 0.00859561 0.00582673 0.0062054 0.00545247 0.00752819 0.0051724 0.947565 0.00379634 0.00363722 0 0.00359673 0.0036332 0.00356298 0.00363382 0.00398155 0.00534335 0.00617159 0.00645794 0.0103094 0.0130076 0.131473 0.00922898 0.00889071 0.0170361 0.00873848 0.0105896 0.00877325 0.00874041 0.00824809 0.00863378 0.00833443 0.0085441 0.00852849 0.00914469 0.0086554 0.00821895 0.00818396 0.00903451 0.00808467 0.00841639 0.00824715 0.00812806 0.00854474 0.00821277 0.00924056 0.00822115 0.00866803 0.00837798 0.00844969 0.00844102 0.00808658 0.00846256 0.00848034 0.00848611 0.00827408 0.00809353 0.00833821 0.00827049 0.00835221 0.00846592 0.00854898 0.0083934 0.00857778 0.0082017 0.00859604 0.00812069 0.0082009 0.00838 
0.00882166 0.00836466 0.0127168 0.0085315 0.012145 0.00824758 0.00848863 0.00892446 0.00840627 0.0138393 0.00852301 0.0102541 0.00819198 0.0131987 0.00859481 0.0239903 0.00869861 0.0132047 0.00910571 0.00843243 0.00644718 0.00633488 0.0139667 0.00678881 0.928724 0.00581653 0.00432722 0.00376701 0.00359673 0 0.00357204 0.00368598 0.00356264 0.00358869 0.00513416 0.00629212 0.00814375 0.0114693 0.112376 0.00816102 0.00776762 0.0120664 0.00891302 0.0169546 0.00909743 0.00981827 0.00837299 0.00903717 0.0086079 0.00910041 0.00877509 0.00928798 0.00841096 0.0082597 0.00823215 0.00955806 0.00820284 0.00965867 0.00817715 0.00825117 0.00822243 0.00823247 0.00901403 0.00828091 0.0093145 0.00832889 0.00900874 0.00839 0.00827384 0.00826548 0.00846585 0.0085285 0.00880036 0.00818331 0.00820128 0.00838677 0.00815664 0.00844117 0.00853661 0.00848823 0.00868565 0.00835868 0.00872074 0.00812171 0.0084223 0.00898107 0.00811613 
0.00821373 0.0112986 0.00842244 0.015936 0.00842262 0.00902253 0.00814743 0.00851364 0.0112 0.00854224 0.013358 0.00823051 0.00857639 0.00953078 0.0158813 0.00884521 0.0223475 0.00884699 0.00933422 0.00828937 0.00695961 0.00731107 0.00973527 0.917964 0.00683186 0.00608528 0.00424404 0.00368609 0.0036332 0.00357204 0 0.00364162 0.00356276 0.0035582 0.00459436 0.0063254 0.0143122 0.0735777 0.0170406 0.00781762 0.00942094 0.00923284 0.0144908 0.00900392 0.0130534 0.00861942 0.00858845 0.00854458 0.00876794 0.00864423 0.0089181 0.00834033 0.00942733 0.00896843 0.00829082 0.00829929 0.0100164 0.00814337 0.00835723 0.00806513 0.00809868 0.00892818 0.00818849 0.00975157 0.00827511 0.00891792 0.00846523 0.00840666 0.00843042 0.00817561 0.00844299 0.00899093 0.00844977 0.00828645 0.00808634 0.00830994 0.00829046 0.00838255 0.00846357 0.00865499 0.00853811 0.00853292 0.00814742 0.00898146 0.00811954 0.00818358 0.00831948 
0.00843158 0.00832544 0.0110337 0.0084018 0.0101847 0.00816933 0.00823693 0.00852678 0.00838929 0.0110577 0.00852575 0.00889157 0.00817106 0.0115687 0.00849704 0.0196158 0.00875698 0.00952297 0.00841965 0.00815159 0.00654533 0.0076668 0.904052 0.00706968 0.0137314 0.00547123 0.00495913 0.00386255 0.00356298 0.00368598 0.00364162 0 0.00354562 0.00355294 0.00419667 0.00750658 0.0854129 0.00689953 0.00911908 0.00633455 0.00622433 0.0116639 0.00878976 0.0138837 0.00895302 0.00891741 0.00836403 0.00858005 0.00850961 0.00874126 0.00854421 0.00844308 0.00828775 0.0082756 0.00816655 0.00918357 0.00816729 0.0085777 0.00810182 0.00806079 0.00802135 0.0081176 0.00852626 0.00823253 0.00870764 0.00821704 0.00848759 0.0082716 0.00820057 0.00818434 0.00841351 0.0084608 0.00834749 0.00810568 0.00812806 0.008209 0.00814367 0.00824779 0.00838568 0.00858303 0.00848903 0.0082441 0.00815436 0.00807442 0.00814034 0.00836596 0.0080692 
0.00839847 0.00930654 0.00844322 0.00884037 0.00845993 0.00848364 0.00813808 0.00869672 0.0094627 0.00843107 0.00888192 0.00832036 0.00822491 0.0110773 0.0152207 0.0088064 0.0118822 0.00856956 0.0107329 0.00821709 0.0114728 0.875669 0.00852221 0.0072955 0.00649351 0.00847527 0.00509676 0.00404392 0.00363382 0.00356264 0.00356276 0.00354562 0 0.0035461 0.00415404 0.0786065 0.0068962 0.0066117 0.00613393 0.00677213 0.00624616 0.00967874 0.0113623 0.00892803 0.00941496 0.00865318 0.00833671 0.00905011 0.00902936 0.008441 0.00852098 0.00838681 0.00840568 0.00893072 0.00834647 0.00825082 0.00837845 0.00816503 0.00818962 0.00806731 0.00799116 0.00882002 0.00831963 0.00849627 0.00821038 0.00823872 0.0083316 0.00826782 0.00828638 0.00834531 0.00829889 0.00832525 0.00822994 0.00816703 0.00812153 0.00816529 0.00819525 0.00823625 0.00836682 0.0083626 0.00831932 0.00821913 0.00817219 0.00817293 0.0081681 0.00821631 0.00813006 
0.00894955 0.00862471 0.008321 0.00863298 0.00829366 0.00832547 0.00826716 0.0109387 0.00863604 0.00846851 0.00854309 0.00820812 0.00842864 0.013485 0.00992217 0.0093717 0.00900525 0.00939064 0.008919 0.0110247 0.76755 0.0109121 0.00725871 0.00669927 0.00615746 0.00591805 0.00517725 0.00420862 0.00398155 0.00358869 0.0035582 0.00355294 0.0035461 0 0.102333 0.00588451 0.00439869 0.00421775 0.00506028 0.00583674 0.0058515 0.0120262 0.0094142 0.00926727 0.00886403 0.00891208 0.00898123 0.00996682 0.00880592 0.0083284 0.00831441 0.00822877 0.00900193 0.0100734 0.00822823 0.00823569 0.00838041 0.00815429 0.00811373 0.00801491 0.00812706 0.00926803 0.00871086 0.00841376 0.00823222 0.00823675 0.00827038 0.00824791 0.00864165 0.00863593 0.00824129 0.00819462 0.00815919 0.00820902 0.00826799 0.00814224 0.00817058 0.00830768 0.00826938 0.0082065 0.00820234 0.00815967 0.00814945 0.00836349 0.00811516 0.00821647 0.00817998 
0.00936344 0.00976903 0.00874471 0.00946851 0.00870396 0.00887833 0.00994811 0.00969846 0.00923539 0.00898891 0.00932549 0.00901243 0.0106917 0.0186128 0.0138022 0.0112131 0.0121628 0.0103784 0.0117228 0.156325 0.0119802 0.00861632 0.00949873 0.00858237 0.00903209 0.00889924 0.0191137 0.00622764 0.00534335 0.00513416 0.00459436 0.00419667 0.00415404 0.102333 0 0.0036897 0.00364049 0.00362662 0.0036808 0.00371759 0.00489833 0.050591 0.0149241 0.0102315 0.00972829 0.0102751 0.0177012 0.00957918 0.00919401 0.00877382 0.00876596 0.00924271 0.0190819 0.00905028 0.00838636 0.00864053 0.00872038 0.00824823 0.00825746 0.00823982 0.00918362 0.00934757 0.00862496 0.00880796 0.00846888 0.00866572 0.00875656 0.00889327 0.0129482 0.00873031 0.00854114 0.00865081 0.00891113 0.010148 0.00826901 0.00821658 0.00957054 0.00921938 0.00863024 0.00858302 0.00857509 0.00842934 0.00911185 0.00842025 0.00853532 0.00842272 0.00853091 
0.00865457 0.00939011 0.00900975 0.0108036 0.00905956 0.00979258 0.00851206 0.0086393 0.0113149 0.00993021 0.0107504 0.00984924 0.00913659 0.0122783 0.0249865 0.0118607 0.0201201 0.0120436 0.123607 0.013497 0.0092699 0.0131305 0.0100134 0.0108585 0.00988191 0.0325645 0.00915209 0.00643347 0.00617159 0.00629212 0.0063254 0.00750658 0.0786065 0.00588451 0.0036897 0 0.00360242 0.00360918 0.00359932 0.00368544 0.00379416 0.0232123 0.0515297 0.0118096 0.0164877 0.0121305 0.0196613 0.00878441 0.00919727 0.00888721 0.00914093 0.00995475 0.0108998 0.00879125 0.00870217 0.00919098 0.00955998 0.00848661 0.00865838 0.00846988 0.00875786 0.00875704 0.00903607 0.0102404 0.0091775 0.0107749 0.0100753 0.0100649 0.010166 0.00832027 0.00944372 0.00946257 0.00963322 0.0092819 0.00813344 0.00858487 0.00869394 0.00855937 0.00941244 0.00932445 0.00887391 0.0089229 0.00864871 0.00828579 0.008278 0.0084042 0.00820167 
0.00863445 0.00852587 0.0164538 0.00963461 0.0144481 0.00850901 0.00862185 0.00898815 0.00922894 0.0204826 0.0094607 0.0115992 0.00846557 0.014544 0.00989249 0.0556016 0.0129664 0.184186 0.0125952 0.010985 0.00904861 0.00975292 0.019568 0.0100334 0.0221378 0.00869034 0.00857328 0.0072366 0.00645794 0.00814375 0.0143122 0.0854129 0.0068962 0.00439869 0.00364049 0.00360242 0 0.00360923 0.00360863 0.00364486 0.00363053 0.0381428 0.0146411 0.072496 0.013032 0.0273366 0.00934674 0.0089234 0.00902314 0.00975025 0.0102353 0.0101866 0.00889565 0.00895938 0.00904107 0.0116159 0.0090675 0.0109186 0.00869567 0.00847624 0.00829599 0.00873361 0.0113324 0.00957968 0.0148991 0.0100928 0.016519 0.00924306 0.00923844 0.00868106 0.00987142 0.0113877 0.00964838 0.00863789 0.00821036 0.00849846 0.00844181 0.00883216 0.00966024 0.0103471 0.0110669 0.00877385 0.00866353 0.00816579 0.00837089 0.00856631 0.00819766 
0.0084798 0.0168115 0.00930877 0.0373817 0.00920741 0.0113135 0.00833748 0.0090746 0.0204655 0.010476 0.0374088 0.00859946 0.00988557 0.00982622 0.0578212 0.0103667 0.337456 0.0127572 0.0162011 0.0106153 0.0100456 0.0130671 0.0109748 0.0389405 0.00944094 0.0158207 0.00814396 0.00697545 0.0103094 0.0114693 0.0735777 0.00689953 0.0066117 0.00421775 0.00362662 0.00360918 0.00360923 0 0.00359037 0.00362364 0.00358845 0.0148019 0.143889 0.0165107 0.140758 0.00982663 0.0113148 0.0087052 0.0101464 0.0122225 0.0134569 0.00893668 0.0110986 0.00995222 0.0095807 0.011372 0.0250422 0.00906849 0.0111359 0.00834878 0.00838029 0.0103263 0.00912154 0.0336546 0.0103242 0.0309259 0.013164 0.0105661 0.00999348 0.00874535 0.0125189 0.0153481 0.0100368 0.00923609 0.00827415 0.00860444 0.00899823 0.00908814 0.0104036 0.0118229 0.0100472 0.00950535 0.00845906 0.00898148 0.00824665 0.00824591 0.00847095 
0.00963618 0.0085757 0.0366963 0.0100018 0.0294464 0.00847919 0.00899447 0.0097741 0.00931844 0.0549769 0.00943647 0.0142148 0.00855484 0.0201445 0.00982553 0.405495 0.011707 0.052039 0.0126233 0.010208 0.0107373 0.0113883 0.044146 0.0092781 0.0443428 0.00862515 0.00936491 0.0125145 0.0130076 0.112376 0.0170406 0.00911908 0.00613393 0.00506028 0.0036808 0.00359932 0.00360863 0.00359037 0 0.00356145 0.00357457 0.0796543 0.0129547 0.273094 0.0143405 0.0272993 0.00924092 0.0104613 0.0108059 0.0127426 0.0126876 0.0132348 0.00896725 0.00916676 0.0103676 0.025361 0.00925288 0.0188467 0.00889787 0.00858641 0.00846866 0.00890013 0.0240169 0.00996106 0.0337181 0.0101949 0.0213111 0.00965157 0.00953561 0.00922565 0.0103733 0.0120556 0.0111936 0.00843636 0.00838214 0.00862849 0.00860047 0.00927291 0.0100293 0.00989706 0.0123073 0.00882835 0.00918979 0.00818689 0.00857802 0.00904274 0.00821555 
0.00835503 0.0144212 0.00851397 0.0129734 0.00843811 0.0104461 0.00844241 0.00918348 0.0170047 0.00861262 0.013739 0.00855787 0.00912508 0.00983509 0.213775 0.00937223 0.0251213 0.0100091 0.020922 0.00999201 0.010283 0.01992 0.00949771 0.015614 0.00891109 0.0207559 0.0082743 0.0210831 0.131473 0.00816102 0.00781762 0.00633455 0.00677213 0.00583674 0.00371759 0.00368544 0.00364486 0.00362364 0.00356145 0 0.00486736 0.0112708 0.0929305 0.0123426 0.0597947 0.0143742 0.011382 0.0100824 0.0106356 0.00923484 0.00973594 0.00972653 0.0106906 0.0142172 0.00968358 0.00880431 0.0115277 0.00845925 0.00887964 0.00848417 0.00827598 0.0122476 0.00921333 0.0148865 0.00875696 0.010387 0.00947984 0.00935483 0.00956455 0.0090852 0.00963307 0.00979513 0.00900608 0.00874058 0.00846696 0.00879191 0.0086126 0.00889888 0.00914298 0.00926103 0.00883324 0.0094119 0.00828508 0.00912323 0.00826466 0.00822725 0.00860275 
0.00935131 0.00884292 0.00847653 0.00884924 0.0084973 0.00858831 0.00831743 0.0119585 0.00920593 0.0086421 0.00885028 0.00835994 0.00863027 0.103952 0.0107612 0.0105752 0.0102925 0.0109135 0.0102116 0.0127599 0.037454 0.010656 0.00915767 0.00935295 0.00937103 0.00971637 0.0112426 0.0859486 0.00922898 0.00776762 0.00942094 0.00622433 0.00624616 0.0058515 0.00489833 0.00379416 0.00363053 0.00358845 0.00357457 0.00486736 0 0.0268 0.011585 0.0169778 0.0193579 0.0232015 0.0219408 0.0141109 0.0100736 0.00884042 0.0090314 0.00900968 0.0103611 0.0148227 0.00926518 0.00873602 0.00870413 0.0084812 0.00844289 0.00832855 0.00836422 0.0131511 0.00977368 0.00905605 0.00875992 0.00878641 0.00908299 0.00888142 0.00896767 0.011136 0.0087608 0.00885046 0.00851996 0.00854213 0.00916069 0.00836771 0.00847325 0.00926998 0.00862301 0.00878347 0.00856079 0.00839181 0.00844918 0.00845426 0.00822652 0.00851916 0.00824446 
