1NLQA
EESFYGVTLTAESDSVTWDVDEDYARGQKLVIKQILLGAEAKENEFNVVEVNTPKDSVQIPIAVLKAGETRAVNPDVEFYESKVTFKLIKGSGPVYIHGHNIKDD
CEEEEEEEECCCCCEEEECCCCCCCCCCEEEEEEEEECCCCCECCEEEEEEEEHHHCEEEEEEEEEECCECEECCCEEEECCCEEEEEEECCCCEEEEEEEECCC
0 0 0 0 0 0 0 0 0 0 0 0 0 0 0 0 0 0 0 0 0 0 0 0 0 0 0 0 0 0 0 0 0 0 0 0 0 0 0 0 0 0 0 0 0 0 0 0 0 0 0 0 0 0 0 0 0 0 0 0 0 0 0 0 0 0 0 0 0 0 0 0 0 0 0 0 0 0 0 0 0 0 0 0 0 0 0 0 0 0 0 0 0 0 0 0 0 0 0 0 0 0 0 0 0 
0 0 0 0 0 0 0 0 0 0 0 0 0 0 0 0 0 0 0 0 0 0 0 0 0 0 0 0 0 0 0 0 0 0 0 0 0 0 0 0 0 0 0 0 0 0 0 0 0 0 0 0 0 0 0 0 0 0 0 0 0 0 0 0 0 0 0 0 0 0 0 0 0 0 0 0 0 0 0 0 0 0 0 0 0 0 0 0 0 0 0 0 0 0 0 0 0 0 0 0 0 0 0 0 0 
0 0.00420559 0.00370244 0.00363986 0.00415249 0.00386391 0.00535139 0.00989882 0.0161454 0.00771614 0.0225221 0.0320245 0.0793364 0.0236435 0.0348218 0.0247581 0.0200615 0.0170751 0.0228817 0.0185371 0.0310556 0.0126877 0.0284498 0.0154904 0.0170094 0.0152193 0.0193585 0.0124539 0.01242 0.0137055 0.0122678 0.011764 0.0111002 0.0161195 0.0133015 0.018155 0.0134663 0.0236063 0.011501 0.0122044 0.0102832 0.00990525 0.0100958 0.0120426 0.00945429 0.00890871 0.012408 0.0104114 0.0116698 0.00951179 0.0101956 0.00899623 0.00880295 0.0103057 0.0102031 0.010731 0.0100402 0.00958147 0.00923527 0.00936015 0.00910466 0.0120586 
0.00420559 0 0.00366764 0.00366749 0.00362539 0.00377097 0.00863858 0.00484695 0.00642428 0.00907155 0.00918099 0.0235609 0.0142014 0.0761194 0.0215704 0.0219988 0.0133906 0.0211376 0.0163938 0.0296456 0.0111861 0.00967977 0.0172264 0.0198041 0.0176547 0.0177697 0.0181301 0.02029 0.0121543 0.0098497 0.0105733 0.0129057 0.0143521 0.0140742 0.018012 0.0195242 0.0351981 0.0138435 0.0121443 0.00947489 0.00853919 0.00943586 0.00927198 0.0101335 0.010767 0.0117738 0.00916207 0.0106134 0.00991288 0.0127631 0.00942011 0.0118224 0.00883002 0.00900447 0.00949655 0.010919 0.011222 0.00944064 0.00971772 0.00927121 0.0231863 0.00885763 
0.00370244 0.00366764 0 0.00366282 0.00364792 0.00359243 0.00377324 0.00366965 0.0107297 0.00837157 0.0206027 0.0119263 0.0178479 0.0127967 0.0403796 0.0186511 0.0242115 0.0185906 0.0345196 0.0177314 0.0121103 0.00863252 0.00998276 0.0149174 0.0277956 0.0240211 0.0557804 0.0292224 0.0154699 0.00895208 0.00912014 0.0124776 0.0173956 0.0214146 0.0198985 0.0486022 0.0272014 0.0241308 0.0135563 0.00907777 0.0084339 0.00883618 0.00873563 0.00923184 0.014125 0.010564 0.00978067 0.00893898 0.0125884 0.0119525 0.0166184 0.0100059 0.010804 0.00847919 0.00870398 0.0134088 0.0160434 0.0144353 0.0128849 0.0355642 0.0103572 0.00861576 
0.00363986 0.00366749 0.00366282 0 0.00364697 0.00360791 0.00365833 0.00365287 0.00691317 0.0226266 0.00723582 0.15153 0.0105222 0.0217057 0.0143402 0.0302259 0.0177285 0.0289199 0.0284653 0.0158719 0.0157058 0.00849465 0.0122828 0.0111895 0.029198 0.054119 0.0218206 0.0356056 0.0102007 0.00953889 0.0110797 0.00980992 0.0280704 0.0141522 0.0434544 0.0316273 0.0356059 0.0292071 0.0109124 0.0105211 0.00849695 0.008931 0.00973352 0.00956977 0.0105895 0.0159835 0.0109919 0.0105114 0.00988967 0.0262871 0.0102911 0.0317484 0.00874581 0.00907955 0.00956771 0.0120649 0.0285718 0.013825 0.0493408 0.0127558 0.0094532 0.00953941 
0.00415249 0.00362539 0.00364792 0.00364697 0 0.00361664 0.00374965 0.00357477 0.0145215 0.00600094 0.179029 0.0106111 0.0163806 0.00996508 0.0313637 0.0109643 0.0247119 0.0212896 0.0178879 0.026122 0.0106003 0.00865581 0.00966239 0.0221357 0.0192433 0.0204767 0.0483138 0.0109099 0.0153956 0.00873384 0.00894169 0.0230464 0.00937785 0.0517467 0.0138297 0.027088 0.0319946 0.013924 0.0160236 0.00874975 0.00853606 0.00931836 0.00852781 0.00899014 0.0130747 0.0115706 0.0096899 0.00890961 0.0176871 0.00978363 0.0390754 0.00896828 0.0106254 0.00853067 0.00869992 0.0147843 0.0109232 0.044566 0.0108928 0.011214 0.00999487 0.0086291 
0.00386391 0.00377097 0.00359243 0.00360791 0.00361664 0 0.00355539 0.00399666 0.00446559 0.133673 0.0138953 0.0384655 0.0101776 0.0222483 0.00965723 0.0468147 0.0117511 0.0136494 0.0380892 0.0103954 0.0141341 0.00867675 0.0188417 0.0106551 0.045868 0.0268032 0.0106725 0.0470964 0.00910494 0.00969874 0.0180468 0.00867018 0.104516 0.00921883 0.0324884 0.0224121 0.0155369 0.0329416 0.00902321 0.0120443 0.00856172 0.00847837 0.0104027 0.0109182 0.0101369 0.0117963 0.0105663 0.0139198 0.00870311 0.0523484 0.0086491 0.0240403 0.00839836 0.00865698 0.00984438 0.00913481 0.0627626 0.00939318 0.0153186 0.00996959 0.00882434 0.0100281 
0.00535139 0.00863858 0.00377324 0.00365833 0.00374965 0.00355539 0 0.00364437 0.148194 0.0070876 0.0634298 0.00589647 0.0195211 0.0107188 0.0305134 0.00942907 0.0145456 0.0136391 0.00968566 0.032326 0.0109782 0.0113883 0.010705 0.0395579 0.0104987 0.0101269 0.0308817 0.00923884 0.0172054 0.00867405 0.00906609 0.0653611 0.00894982 0.0245631 0.00981025 0.0129844 0.0213015 0.00950004 0.0214845 0.00872516 0.0109314 0.0111864 0.00854864 0.00984605 0.017407 0.0205171 0.00927773 0.00909009 0.032071 0.0086572 0.0210384 0.0085231 0.0116582 0.00863881 0.00898046 0.046265 0.0093269 0.0139034 0.00921212 0.00925342 0.00973691 0.00856007 
0.00989882 0.00484695 0.00366965 0.00365287 0.00357477 0.00399666 0.00364437 0 0.00919854 0.0723245 0.0046658 0.0184471 0.0167439 0.0219244 0.00950574 0.0180846 0.0118118 0.0108029 0.0150745 0.00949318 0.0375479 0.0172088 0.0841628 0.00982352 0.0120531 0.0140009 0.00921649 0.0172244 0.00895336 0.0127308 0.108756 0.00892155 0.0162958 0.0088495 0.0162 0.0123972 0.00984553 0.0149515 0.00890926 0.0204974 0.0211098 0.0102634 0.0179499 0.0311831 0.0114314 0.0099094 0.0164155 0.0455851 0.00887392 0.0188158 0.00847726 0.0150219 0.00845834 0.0108035 0.0405114 0.00888368 0.0123619 0.00873508 0.0100079 0.00894644 0.00873455 0.0125527 
0.0161454 0.00642428 0.0107297 0.00691317 0.0145215 0.00446559 0.148194 0.00919854 0 0.00356736 0.00403111 0.00377241 0.0253534 0.00759102 0.0330243 0.0194198 0.0182336 0.0128686 0.00859266 0.0143926 0.0225512 0.0162569 0.0127184 0.0150962 0.00929306 0.00979315 0.0151424 0.00870731 0.0178277 0.0132633 0.0106418 0.0198554 0.00867886 0.0190888 0.00966966 0.0114793 0.0127989 0.00894941 0.0173122 0.0122061 0.0132808 0.0116757 0.00997726 0.0105758 0.0104326 0.0102437 0.0137918 0.00968552 0.0130572 0.00852215 0.0290928 0.00842828 0.0109588 0.0117299 0.00904556 0.0104504 0.00837942 0.00947819 0.00834321 0.00850779 0.00927037 0.010123 
0.00771614 0.00907155 0.00837157 0.0226266 0.00600094 0.133673 0.0070876 0.0723245 0.00356736 0 0.0037021 0.00388113 0.00774527 0.0346055 0.015447 0.0302687 0.0103623 0.00913658 0.0186669 0.00982382 0.0120636 0.00917912 0.0177476 0.00907944 0.0215861 0.0142088 0.00964955 0.0301066 0.00951872 0.0105032 0.0175284 0.00880312 0.0504748 0.00876951 0.0191284 0.0151939 0.0113681 0.0307867 0.00924912 0.0149015 0.00939533 0.00943598 0.0118643 0.0118238 0.0111712 0.0176807 0.0105579 0.0132688 0.00878723 0.0481647 0.0085499 0.0212257 0.00868825 0.00901638 0.00977452 0.00893885 0.0246122 0.00867851 0.0119096 0.00928479 0.00890233 0.00965138 
0.0225221 0.00918099 0.0206027 0.00723582 0.179029 0.0138953 0.0634298 0.0046658 0.00403111 0.0037021 0 0.0037014 0.0327912 0.0141105 0.054345 0.00868694 0.0100925 0.012041 0.00898441 0.0280642 0.0103991 0.00980598 0.0095764 0.0437608 0.0120432 0.0103151 0.0420222 0.00912251 0.0247713 0.00877395 0.00889143 0.0674111 0.00882751 0.0239261 0.00954265 0.015118 0.0267248 0.010241 0.0290653 0.00861352 0.0109159 0.0117352 0.00863859 0.0100135 0.031767 0.0210173 0.00921658 0.00930771 0.064364 0.00872859 0.0314464 0.008585 0.0120735 0.00845038 0.00924403 0.0214673 0.00919349 0.0165878 0.00942677 0.0100194 0.0121851 0.00846695 
0.0320245 0.0235609 0.0119263 0.15153 0.0106111 0.0384655 0.00589647 0.0184471 0.00377241 0.00388113 0.0037014 0 0.0262079 0.0243804 0.00875893 0.0104755 0.00869892 0.00840705 0.0114015 0.00919333 0.0258087 0.0124152 0.0571515 0.00905487 0.0125638 0.0132269 0.00953689 0.0157349 0.00874271 0.0110374 0.0851537 0.00875454 0.0173 0.00899441 0.0164662 0.0126782 0.0104778 0.0140966 0.00886035 0.0161784 0.0181902 0.0100538 0.0164825 0.0304739 0.0101168 0.0100917 0.0147831 0.0511865 0.00885386 0.0196191 0.00852702 0.0146644 0.00844239 0.0095893 0.0262091 0.00890335 0.0129014 0.00873551 0.0098838 0.00907859 0.00872169 0.0114866 
0.0793364 0.0142014 0.0178479 0.0105222 0.0163806 0.0101776 0.0195211 0.0167439 0.0253534 0.00774527 0.0327912 0.0262079 0 0.00387301 0.00359851 0.00360216 0.00359938 0.00391759 0.0039713 0.00571517 0.0125194 0.0157729 0.0115843 0.0180376 0.0113161 0.0111877 0.024293 0.00970687 0.0269693 0.0370599 0.0186882 0.0312497 0.0105299 0.0209643 0.014619 0.0219876 0.0224006 0.0119925 0.0222618 0.0207785 0.0188517 0.0179396 0.0174022 0.0197467 0.0143692 0.0119835 0.0404581 0.0209193 0.0208777 0.00982628 0.0166704 0.00918492 0.0120035 0.0178571 0.0180513 0.0218464 0.0101973 0.0138468 0.0098377 0.0112317 0.012552 0.0248053 
0.0236435 0.0761194 0.0127967 0.0217057 0.00996508 0.0222483 0.0107188 0.0219244 0.00759102 0.0346055 0.0141105 0.0243804 0.00387301 0 0.00363042 0.00358158 0.00364477 0.00380376 0.00402237 0.00494791 0.00982453 0.00711156 0.0165103 0.0106767 0.0199147 0.0197771 0.0131549 0.0344161 0.0170425 0.0174794 0.0206627 0.0116238 0.0396971 0.0126069 0.037548 0.0283357 0.0212458 0.040652 0.0130069 0.0185295 0.0101913 0.0117956 0.0136373 0.0158431 0.0259652 0.0256951 0.0127522 0.0309032 0.0152819 0.0418716 0.0111698 0.0229559 0.0108574 0.00970824 0.0190036 0.0169956 0.0411931 0.0114972 0.0231932 0.0149014 0.0171115 0.011592 
0.0348218 0.0215704 0.0403796 0.0143402 0.0313637 0.00965723 0.0305134 0.00950574 0.0330243 0.015447 0.054345 0.00875893 0.00359851 0.00363042 0 0.00355439 0.00356765 0.00365939 0.00372146 0.00389176 0.00410419 0.00651244 0.0084888 0.0196082 0.0177923 0.0160585 0.061997 0.0229875 0.0421231 0.0162807 0.00980691 0.0327661 0.0129173 0.0669104 0.0222282 0.0481608 0.0618393 0.0205192 0.0297222 0.00954825 0.00986449 0.011639 0.00958288 0.0123393 0.0474557 0.0253323 0.012586 0.0134306 0.0521607 0.0184952 0.069377 0.0120136 0.0145943 0.00978052 0.0126916 0.0509759 0.0236492 0.0735586 0.0191762 0.0410495 0.0279119 0.00936277 
0.0247581 0.0219988 0.0186511 0.0302259 0.0109643 0.0468147 0.00942907 0.0180846 0.0194198 0.0302687 0.00868694 0.0104755 0.00360216 0.00358158 0.00355439 0 0.00357307 0.00355996 0.00368509 0.00362633 0.00384077 0.00614867 0.0128248 0.00853114 0.0218963 0.0320442 0.0238591 0.0555858 0.0173029 0.0102497 0.0145188 0.0104658 0.0597368 0.0136566 0.0493715 0.03952 0.0331468 0.0417345 0.0126535 0.0117881 0.00959456 0.0108692 0.0106139 0.0147284 0.0165809 0.0276039 0.0130466 0.018089 0.0140461 0.068896 0.0141418 0.0303385 0.00981932 0.00933169 0.0152213 0.0180998 0.0793799 0.0180854 0.0517848 0.039564 0.0126184 0.0102565 
0.0200615 0.0133906 0.0242115 0.0177285 0.0247119 0.0117511 0.0145456 0.0118118 0.0182336 0.0103623 0.0100925 0.00869892 0.00359938 0.00364477 0.00356765 0.00357307 0 0.00357023 0.00357732 0.0036254 0.00366319 0.00593519 0.0084492 0.011829 0.0205115 0.0244899 0.0402396 0.0313752 0.0128304 0.00853208 0.00993102 0.0163779 0.0134533 0.0260226 0.0306929 0.049827 0.0321894 0.0267681 0.0160414 0.00973318 0.00963359 0.0104601 0.0104107 0.0118167 0.0215747 0.0173011 0.0127702 0.0119749 0.0242589 0.0238408 0.0279983 0.0166255 0.0110288 0.00958053 0.0127939 0.0268685 0.0422447 0.0485326 0.0381559 0.0273722 0.0151589 0.00968741 
0.0170751 0.0211376 0.0185906 0.0289199 0.0212896 0.0136494 0.0136391 0.0108029 0.0128686 0.00913658 0.012041 0.00840705 0.00391759 0.00380376 0.00365939 0.00355996 0.00357023 0 0.00356729 0.00359584 0.00359265 0.00552419 0.0095701 0.0196039 0.0350831 0.0293338 0.0691825 0.019657 0.0157657 0.00801574 0.0106231 0.0143609 0.0177295 0.0294093 0.0270396 0.0411635 0.0485155 0.022897 0.0172729 0.0103714 0.00965022 0.0123408 0.0100159 0.0154893 0.0224436 0.0177974 0.012041 0.016414 0.0287145 0.0255762 0.0502086 0.0137226 0.0108353 0.00923262 0.0139963 0.0375742 0.0363039 0.0700935 0.0249912 0.0251048 0.0145133 0.00918977 
0.0228817 0.0163938 0.0345196 0.0284653 0.0178879 0.0380892 0.00968566 0.0150745 0.00859266 0.0186669 0.00898441 0.0114015 0.0039713 0.00402237 0.00372146 0.00368509 0.00357732 0.00356729 0 0.00361994 0.00360723 0.00523076 0.0184314 0.0154272 0.0513738 0.0543577 0.0184737 0.0414125 0.0112502 0.00790457 0.0142555 0.00993685 0.0514437 0.0178981 0.0485149 0.0363262 0.030746 0.0583117 0.0111445 0.0111616 0.0107906 0.0102275 0.0111154 0.0152084 0.0182925 0.02336 0.0121806 0.0244317 0.016321 0.108395 0.0156748 0.0301605 0.009467 0.00917811 0.0170908 0.0208661 0.192184 0.019937 0.0505444 0.0248685 0.0129154 0.0100288 
0.0185371 0.0296456 0.0177314 0.0158719 0.026122 0.0103954 0.032326 0.00949318 0.0143926 0.00982382 0.0280642 0.00919333 0.00571517 0.00494791 0.00389176 0.00362633 0.0036254 0.00359584 0.00361994 0 0.00363332 0.00692727 0.0131523 0.0729967 0.0355434 0.0232298 0.0429332 0.0115564 0.0143244 0.00899805 0.00918079 0.0403758 0.0106705 0.0230362 0.0211037 0.0298891 0.0304577 0.0195021 0.0571772 0.0101544 0.0110035 0.0163185 0.011221 0.0120499 0.039518 0.0575431 0.0130262 0.0116703 0.0612153 0.0139808 0.0292108 0.0105524 0.0161138 0.0093225 0.0139824 0.0918269 0.0195145 0.0408763 0.0170038 0.0170753 0.0272085 0.00906702 
0.0310556 0.0111861 0.0121103 0.0157058 0.0106003 0.0141341 0.0109782 0.0375479 0.0225512 0.0120636 0.0103991 0.0258087 0.0125194 0.00982453 0.00410419 0.00384077 0.00366319 0.00359265 0.00360723 0.00363332 0 0.0248443 0.0538917 0.0287459 0.0324552 0.0172335 0.0105428 0.0148937 0.0088393 0.00844483 0.02976 0.00963799 0.0174708 0.00995797 0.0250067 0.0196765 0.0166817 0.018586 0.0148871 0.0338055 0.0199913 0.0178161 0.0242511 0.0250682 0.0140934 0.0270017 0.0504785 0.0347117 0.0106441 0.018467 0.00986226 0.0118353 0.00976422 0.0158065 0.0496992 0.011773 0.0221009 0.0112679 0.014881 0.0124833 0.0121108 0.0139596 
0.0126877 0.00967977 0.00863252 0.00849465 0.00865581 0.00867675 0.0113883 0.0172088 0.0162569 0.00917912 0.00980598 0.0124152 0.0157729 0.00711156 0.00651244 0.00614867 0.00593519 0.00552419 0.00523076 0.00692727 0.0248443 0 0.206117 0.00469023 0.00367669 0.00390872 0.00450103 0.00473822 0.00512363 0.0047985 0.0100519 0.00862278 0.00714028 0.00758914 0.00790379 0.00866968 0.00854727 0.00839036 0.0124646 0.0256363 0.0364811 0.0153967 0.0147647 0.0132278 0.00988787 0.00917187 0.0127197 0.0150348 0.0107557 0.009054 0.00974181 0.00919175 0.00935841 0.0113431 0.0135402 0.0101915 0.00840307 0.00834997 0.00831508 0.00845162 0.00877871 0.0106004 
0.0284498 0.0172264 0.00998276 0.0122828 0.00966239 0.0188417 0.010705 0.0841628 0.0127184 0.0177476 0.0095764 0.0571515 0.0115843 0.0165103 0.0084888 0.0128248 0.0084492 0.0095701 0.0184314 0.0131523 0.0538917 0.206117 0 0.00364491 0.00360512 0.0035977 0.00360039 0.00379586 0.00372764 0.00479705 0.0145165 0.00717434 0.0146373 0.00791612 0.0137693 0.0108789 0.0237006 0.189928 0.107041 0.0702919 0.0172099 0.0210886 0.032523 0.0508177 0.0129478 0.0140953 0.0291925 0.0646605 0.0119146 0.0289908 0.0096057 0.0173771 0.010276 0.0230089 0.0386052 0.0131892 0.0170673 0.00957482 0.0131809 0.0105173 0.0113906 0.0435893 
0.0154904 0.0198041 0.0149174 0.0111895 0.0221357 0.0106551 0.0395579 0.00982352 0.0150962 0.00907944 0.0437608 0.00905487 0.0180376 0.0106767 0.0196082 0.00853114 0.011829 0.0196039 0.0154272 0.0729967 0.0287459 0.00469023 0.00364491 0 0.00357085 0.00360563 0.00361674 0.00357262 0.00394495 0.00358148 0.00516927 0.0119457 0.00691637 0.0103747 0.00864885 0.0366168 0.225209 0.17243 0.0436132 0.00923469 0.00975104 0.0171359 0.00961734 0.012037 0.0330235 0.0180795 0.0105508 0.013505 0.0575837 0.0101001 0.0309105 0.00930906 0.0209413 0.0148728 0.0127505 0.0559532 0.0121452 0.0275318 0.0117072 0.0152283 0.03759 0.00923082 
0.0170094 0.0176547 0.0277956 0.029198 0.0192433 0.045868 0.0104987 0.0120531 0.00929306 0.0215861 0.0120432 0.0125638 0.0113161 0.0199147 0.0177923 0.0218963 0.0205115 0.0350831 0.0513738 0.0355434 0.0324552 0.00367669 0.00360512 0.00357085 0 0.00358547 0.00356114 0.0035446 0.0035706 0.00359073 0.0139569 0.00686608 0.00994722 0.00836645 0.0459724 0.232949 0.278201 0.0216288 0.0105509 0.00978052 0.0086628 0.0112075 0.00990452 0.0141824 0.0221515 0.0235821 0.0118717 0.0173056 0.0160741 0.048982 0.0167695 0.0299091 0.0149219 0.00945552 0.0154485 0.0232773 0.0806466 0.0234592 0.035451 0.0443224 0.0138333 0.0102964 
0.0152193 0.0177697 0.0240211 0.054119 0.0204767 0.0268032 0.0101269 0.0140009 0.00979315 0.0142088 0.0103151 0.0132269 0.0111877 0.0197771 0.0160585 0.0320442 0.0244899 0.0293338 0.0543577 0.0232298 0.0172335 0.00390872 0.0035977 0.00360563 0.00358547 0 0.00357288 0.00361779 0.00358568 0.00356227 0.00554737 0.00652034 0.0102457 0.0208452 0.276931 0.253573 0.014948 0.0199351 0.0106185 0.0110708 0.00873957 0.00950207 0.0112734 0.0118392 0.0187213 0.0192803 0.0140075 0.0136687 0.014946 0.0476304 0.0177286 0.0481654 0.0107777 0.00988602 0.0154954 0.0221991 0.0969173 0.0302776 0.0602251 0.0312762 0.0147081 0.0110082 
0.0193585 0.0181301 0.0557804 0.0218206 0.0483138 0.0106725 0.0308817 0.00921649 0.0151424 0.00964955 0.0420222 0.00953689 0.024293 0.0131549 0.061997 0.0238591 0.0402396 0.0691825 0.0184737 0.0429332 0.0105428 0.00450103 0.00360039 0.00361674 0.00356114 0.00357288 0 0.00355435 0.00357702 0.00356082 0.00399507 0.0150094 0.0103125 0.714018 0.0310276 0.018199 0.0292045 0.0123979 0.0204422 0.00911714 0.00925208 0.0117629 0.00928409 0.0133775 0.0310062 0.0257631 0.0112488 0.012284 0.0587309 0.0130061 0.182685 0.0110286 0.016785 0.00999152 0.0128639 0.093543 0.0203455 0.128992 0.0213146 0.0357784 0.0233129 0.00965073 
0.0124539 0.02029 0.0292224 0.0356056 0.0109099 0.0470964 0.00923884 0.0172244 0.00870731 0.0301066 0.00912251 0.0157349 0.00970687 0.0344161 0.0229875 0.0555858 0.0313752 0.019657 0.0414125 0.0115564 0.0148937 0.00473822 0.00379586 0.00357262 0.0035446 0.00361779 0.00355435 0 0.00355231 0.00355157 0.0058472 0.00642214 0.864108 0.00942452 0.0200878 0.0190587 0.0107102 0.0253844 0.00852801 0.010773 0.00822809 0.00934503 0.0120981 0.0129138 0.0242027 0.024258 0.0126345 0.01721 0.0104863 0.189062 0.0100487 0.034467 0.00915301 0.00937153 0.0167505 0.0129198 0.19813 0.0134349 0.0571739 0.0197029 0.0119623 0.0113265 
0.01242 0.0121543 0.0154699 0.0102007 0.0153956 0.00910494 0.0172054 0.00895336 0.0178277 0.00951872 0.0247713 0.00874271 0.0269693 0.0170425 0.0421231 0.0173029 0.0128304 0.0157657 0.0112502 0.0143244 0.0088393 0.00512363 0.00372764 0.00394495 0.0035706 0.00358568 0.00357702 0.00355231 0 0.00357608 0.00382889 0.922056 0.00440937 0.0105631 0.00611686 0.00861768 0.0122162 0.00710137 0.013275 0.00668657 0.00858807 0.0111441 0.00892288 0.011141 0.0233233 0.0184257 0.0122743 0.0115927 0.0751753 0.00916454 0.0218723 0.00908419 0.0130273 0.00999539 0.0122371 0.0372459 0.0114386 0.02641 0.0105575 0.0127283 0.0143037 0.00899092 
0.0137055 0.0098497 0.00895208 0.00953889 0.00873384 0.00969874 0.00867405 0.0127308 0.0132633 0.0105032 0.00877395 0.0110374 0.0370599 0.0174794 0.0162807 0.0102497 0.00853208 0.00801574 0.00790457 0.00899805 0.00844483 0.0047985 0.00479705 0.00358148 0.00359073 0.00356227 0.00356082 0.00355157 0.00357608 0 0.943362 0.0036546 0.00379153 0.00375097 0.00420385 0.00532829 0.00503874 0.00561384 0.00564401 0.00635473 0.0103592 0.00809226 0.00866003 0.0163865 0.00947003 0.00986069 0.0116492 0.0435797 0.00946367 0.0117573 0.00869957 0.0097282 0.00861102 0.0103104 0.0222996 0.00949835 0.0111314 0.00898342 0.00975732 0.00943445 0.00916628 0.0098411 
0.0122678 0.0105733 0.00912014 0.0110797 0.00894169 0.0180468 0.00906609 0.108756 0.0106418 0.0175284 0.00889143 0.0851537 0.0186882 0.0206627 0.00980691 0.0145188 0.00993102 0.0106231 0.0142555 0.00918079 0.02976 0.0100519 0.0145165 0.00516927 0.0139569 0.00554737 0.00399507 0.0058472 0.00382889 0.943362 0 0.00364294 0.00378575 0.00358391 0.00379753 0.00379085 0.0037998 0.00478419 0.00398243 0.0152227 0.00752205 0.00930102 0.0311818 0.0155302 0.00925485 0.010492 0.0308395 0.0359041 0.00916498 0.0268581 0.00883713 0.0221918 0.00959863 0.0323902 0.0244867 0.00990289 0.0145986 0.00893321 0.0195917 0.00953008 0.00966906 0.0383813 
0.011764 0.0129057 0.0124776 0.00980992 0.0230464 0.00867018 0.0653611 0.00892155 0.0198554 0.00880312 0.0674111 0.00875454 0.0312497 0.0116238 0.0327661 0.0104658 0.0163779 0.0143609 0.00993685 0.0403758 0.00963799 0.00862278 0.00717434 0.0119457 0.00686608 0.00652034 0.0150094 0.00642214 0.922056 0.0036546 0.00364294 0 0.00355149 0.00357882 0.0036065 0.00367866 0.00369324 0.00368955 0.00862266 0.00439436 0.00624882 0.0130313 0.00767488 0.0119085 0.0199542 0.0221347 0.00932958 0.0101352 0.0720654 0.00903048 0.0403492 0.00857535 0.0349355 0.00982751 0.0108711 0.054838 0.00970194 0.0411924 0.00945144 0.0143908 0.0212032 0.00876733 
0.0111002 0.0143521 0.0173956 0.0280704 0.00937785 0.104516 0.00894982 0.0162958 0.00867886 0.0504748 0.00882751 0.0173 0.0105299 0.0396971 0.0129173 0.0597368 0.0134533 0.0177295 0.0514437 0.0106705 0.0174708 0.00714028 0.0146373 0.00691637 0.00994722 0.0102457 0.0103125 0.864108 0.00440937 0.00379153 0.00378575 0.00355149 0 0.00355423 0.00360579 0.00362417 0.00365435 0.00489625 0.00366078 0.0041956 0.00571342 0.00706151 0.00817279 0.0145703 0.0137612 0.0125762 0.016021 0.0237617 0.0091217 0.072343 0.00883334 0.0499861 0.00863329 0.00941278 0.0173555 0.0121302 0.132575 0.0102396 0.0415151 0.0176365 0.010697 0.0117783 
0.0161195 0.0140742 0.0214146 0.0141522 0.0517467 0.00921883 0.0245631 0.0088495 0.0190888 0.00876951 0.0239261 0.00899441 0.0209643 0.0126069 0.0669104 0.0136566 0.0260226 0.0294093 0.0178981 0.0230362 0.00995797 0.00758914 0.00791612 0.0103747 0.00836645 0.0208452 0.714018 0.00942452 0.0105631 0.00375097 0.00358391 0.00357882 0.00355423 0 0.00356963 0.00356909 0.0035902 0.00363166 0.00364497 0.00362613 0.00522992 0.00678454 0.00690566 0.00898725 0.0231348 0.0128814 0.0153952 0.0101013 0.0323058 0.00948203 0.0513658 0.00886357 0.0126599 0.00955352 0.012225 0.0448216 0.0136673 0.0722194 0.015326 0.0284184 0.0201691 0.00904779 
0.0133015 0.018012 0.0198985 0.0434544 0.0138297 0.0324884 0.00981025 0.0162 0.00966966 0.0191284 0.00954265 0.0164662 0.014619 0.037548 0.0222282 0.0493715 0.0306929 0.0270396 0.0485149 0.0211037 0.0250067 0.00790379 0.0137693 0.00864885 0.0459724 0.276931 0.0310276 0.0200878 0.00611686 0.00420385 0.00379753 0.0036065 0.00360579 0.00356963 0 0.00357987 0.003631 0.00360832 0.00366417 0.00368457 0.00417181 0.00657449 0.00842311 0.0104648 0.0123547 0.0167001 0.0183515 0.0180187 0.0163537 0.0417464 0.0116911 0.0306361 0.0111836 0.0121661 0.0207876 0.0169636 0.0794013 0.0199555 0.0462405 0.0365573 0.0172733 0.0125657 
0.018155 0.0195242 0.0486022 0.0316273 0.027088 0.0224121 0.0129844 0.0123972 0.0114793 0.0151939 0.015118 0.0126782 0.0219876 0.0283357 0.0481608 0.03952 0.049827 0.0411635 0.0363262 0.0298891 0.0196765 0.00866968 0.0108789 0.0366168 0.232949 0.253573 0.018199 0.0190587 0.00861768 0.00532829 0.00379085 0.00367866 0.00362417 0.00356909 0.00357987 0 0.00359338 0.00358369 0.00364081 0.00362969 0.00419384 0.00859394 0.00948047 0.0230256 0.0146465 0.02044 0.0174943 0.0175058 0.0245424 0.0248821 0.0208107 0.0227966 0.0118594 0.00991925 0.0184918 0.0379241 0.0570793 0.0475271 0.0385287 0.0409179 0.019455 0.0121288 
0.0134663 0.0351981 0.0272014 0.0356059 0.0319946 0.0155369 0.0213015 0.00984553 0.0127989 0.0113681 0.0267248 0.0104778 0.0224006 0.0212458 0.0618393 0.0331468 0.0321894 0.0485155 0.030746 0.0304577 0.0166817 0.00854727 0.0237006 0.225209 0.278201 0.014948 0.0292045 0.0107102 0.0122162 0.00503874 0.0037998 0.00369324 0.00365435 0.0035902 0.003631 0.00359338 0 0.00358761 0.00361814 0.00361046 0.00390167 0.00787983 0.0111441 0.0107985 0.0152749 0.0173108 0.021324 0.0144763 0.0284602 0.0192582 0.0555674 0.011798 0.0120542 0.0111905 0.0159359 0.0583334 0.0365605 0.0586188 0.02342 0.0323601 0.0254111 0.0106026 
0.0236063 0.0138435 0.0241308 0.0292071 0.013924 0.0329416 0.00950004 0.0149515 0.00894941 0.0307867 0.010241 0.0140966 0.0119925 0.040652 0.0205192 0.0417345 0.0267681 0.022897 0.0583117 0.0195021 0.018586 0.00839036 0.189928 0.17243 0.0216288 0.0199351 0.0123979 0.0253844 0.00710137 0.00561384 0.00478419 0.00368955 0.00489625 0.00363166 0.00360832 0.00358369 0.00358761 0 0.00361917 0.00360559 0.00469045 0.00527426 0.0120659 0.00989431 0.0129853 0.0283058 0.0108405 0.0135222 0.0127806 0.0689542 0.0104898 0.0202588 0.00894741 0.00996375 0.0157479 0.0164658 0.109855 0.0159188 0.0293621 0.02187 0.0145599 0.0130456 
0.011501 0.0121443 0.0135563 0.0109124 0.0160236 0.00902321 0.0214845 0.00890926 0.0173122 0.00924912 0.0290653 0.00886035 0.0222618 0.0130069 0.0297222 0.0126535 0.0160414 0.0172729 0.0111445 0.0571772 0.0148871 0.0124646 0.107041 0.0436132 0.0105509 0.0106185 0.0204422 0.00852801 0.013275 0.00564401 0.00398243 0.00862266 0.00366078 0.00364497 0.00366417 0.00364081 0.00361814 0.00361917 0 0.00366811 0.113227 0.0103726 0.00790024 0.00937671 0.0362029 0.0182233 0.0107782 0.011111 0.0678647 0.0100917 0.0265654 0.00880103 0.0172274 0.0125896 0.012123 0.0672715 0.0107394 0.026396 0.0118951 0.0170595 0.0258666 0.00948388 
0.0122044 0.00947489 0.00907777 0.0105211 0.00874975 0.0120443 0.00872516 0.0204974 0.0122061 0.0149015 0.00861352 0.0161784 0.0207785 0.0185295 0.00954825 0.0117881 0.00973318 0.0103714 0.0111616 0.0101544 0.0338055 0.0256363 0.0702919 0.00923469 0.00978052 0.0110708 0.00911714 0.010773 0.00668657 0.00635473 0.0152227 0.00439436 0.0041956 0.00362613 0.00368457 0.00362969 0.00361046 0.00360559 0.00366811 0 0.0651142 0.00557871 0.0112203 0.0184456 0.0141476 0.00934752 0.0172614 0.0590278 0.00895179 0.0220023 0.00851122 0.0137876 0.0084365 0.0112651 0.0310465 0.00952117 0.0134267 0.00906387 0.0111642 0.0101841 0.00947379 0.0143279 
0.0102832 0.00853919 0.0084339 0.00849695 0.00853606 0.00856172 0.0109314 0.0211098 0.0132808 0.00939533 0.0109159 0.0181902 0.0188517 0.0101913 0.00986449 0.00959456 0.00963359 0.00965022 0.0107906 0.0110035 0.0199913 0.0364811 0.0172099 0.00975104 0.0086628 0.00873957 0.00925208 0.00822809 0.00858807 0.0103592 0.00752205 0.00624882 0.00571342 0.00522992 0.00417181 0.00419384 0.00390167 0.00469045 0.113227 0.0651142 0 0.00669984 0.00373366 0.00680891 0.00581576 0.0103972 0.0147885 0.0109481 0.00805457 0.00988543 0.00843877 0.00892086 0.00960049 0.0167366 0.0169638 0.0103136 0.00959506 0.00890109 0.00913132 0.00876332 0.0114171 0.017538 
0.00990525 0.00943586 0.00883618 0.008931 0.00931836 0.00847837 0.0111864 0.0102634 0.0116757 0.00943598 0.0117352 0.0100538 0.0179396 0.0117956 0.011639 0.0108692 0.0104601 0.0123408 0.0102275 0.0163185 0.0178161 0.0153967 0.0210886 0.0171359 0.0112075 0.00950207 0.0117629 0.00934503 0.0111441 0.00809226 0.00930102 0.0130313 0.00706151 0.00678454 0.00657449 0.00859394 0.00787983 0.00527426 0.0103726 0.00557871 0.00669984 0 0.00407345 0.00383001 0.0304734 0.0346448 0.0324118 0.00874149 0.011501 0.00780098 0.00963039 0.00761701 0.010338 0.0156028 0.0181028 0.0275836 0.0101396 0.0100744 0.00934043 0.0105007 0.0120652 0.0126152 
0.0100958 0.00927198 0.00873563 0.00973352 0.00852781 0.0104027 0.00854864 0.0179499 0.00997726 0.0118643 0.00863859 0.0164825 0.0174022 0.0136373 0.00958288 0.0106139 0.0104107 0.0100159 0.0111154 0.011221 0.0242511 0.0147647 0.032523 0.00961734 0.00990452 0.0112734 0.00928409 0.0120981 0.00892288 0.00866003 0.0311818 0.00767488 0.00817279 0.00690566 0.00842311 0.00948047 0.0111441 0.0120659 0.00790024 0.0112203 0.00373366 0.00407345 0 0.0546887 0.0245434 0.00805061 0.00594686 0.0168642 0.008665 0.0111517 0.00739628 0.0101793 0.00800159 0.0104942 0.0249165 0.0105326 0.0114095 0.00901528 0.0102304 0.0093875 0.0104716 0.0161319 
0.0120426 0.0101335 0.00923184 0.00956977 0.00899014 0.0109182 0.00984605 0.0311831 0.0105758 0.0118238 0.0100135 0.0304739 0.0197467 0.0158431 0.0123393 0.0147284 0.0118167 0.0154893 0.0152084 0.0120499 0.0250682 0.0132278 0.0508177 0.012037 0.0141824 0.0118392 0.0133775 0.0129138 0.011141 0.0163865 0.0155302 0.0119085 0.0145703 0.00898725 0.0104648 0.0230256 0.0107985 0.00989431 0.00937671 0.0184456 0.00680891 0.00383001 0.0546887 0 0.00817174 0.00359207 0.003994 0.00501137 0.00470719 0.0099512 0.00849527 0.0116985 0.00994618 0.0248715 0.0122516 0.01226 0.0119445 0.0100851 0.010568 0.0136793 0.0117359 0.0315609 
0.00945429 0.010767 0.014125 0.0105895 0.0130747 0.0101369 0.017407 0.0114314 0.0104326 0.0111712 0.031767 0.0101168 0.0143692 0.0259652 0.0474557 0.0165809 0.0215747 0.0224436 0.0182925 0.039518 0.0140934 0.00988787 0.0129478 0.0330235 0.0221515 0.0187213 0.0310062 0.0242027 0.0233233 0.00947003 0.00925485 0.0199542 0.0137612 0.0231348 0.0123547 0.0146465 0.0152749 0.0129853 0.0362029 0.0141476 0.00581576 0.0304734 0.0245434 0.00817174 0 0.00386258 0.00362027 0.00421314 0.00846913 0.0111426 0.011844 0.0100297 0.0143176 0.00810386 0.0104672 0.0294488 0.0358309 0.0127378 0.0131065 0.0111355 0.0262233 0.0130404 
0.00890871 0.0117738 0.010564 0.0159835 0.0115706 0.0117963 0.0205171 0.0099094 0.0102437 0.0176807 0.0210173 0.0100917 0.0119835 0.0256951 0.0253323 0.0276039 0.0173011 0.0177974 0.02336 0.0575431 0.0270017 0.00917187 0.0140953 0.0180795 0.0235821 0.0192803 0.0257631 0.024258 0.0184257 0.00986069 0.010492 0.0221347 0.0125762 0.0128814 0.0167001 0.02044 0.0173108 0.0283058 0.0182233 0.00934752 0.0103972 0.0346448 0.00805061 0.00359207 0.00386258 0 0.0035893 0.00408754 0.00863977 0.0121918 0.00726164 0.010838 0.00709767 0.00772252 0.0102448 0.0256509 0.0173287 0.0191568 0.0119689 0.0213635 0.0234049 0.0145207 
0.012408 0.00916207 0.00978067 0.0109919 0.0096899 0.0105663 0.00927773 0.0164155 0.0137918 0.0105579 0.00921658 0.0147831 0.0404581 0.0127522 0.012586 0.0130466 0.0127702 0.012041 0.0121806 0.0130262 0.0504785 0.0127197 0.0291925 0.0105508 0.0118717 0.0140075 0.0112488 0.0126345 0.0122743 0.0116492 0.0308395 0.00932958 0.016021 0.0153952 0.0183515 0.0174943 0.021324 0.0108405 0.0107782 0.0172614 0.0147885 0.0324118 0.00594686 0.003994 0.00362027 0.0035893 0 0.00777998 0.00575937 0.00631917 0.00457399 0.00506014 0.00665684 0.0075552 0.0191484 0.0140196 0.01167 0.0101925 0.013874 0.0122488 0.0178267 0.0217623 
0.0104114 0.0106134 0.00893898 0.0105114 0.00890961 0.0139198 0.00909009 0.0455851 0.00968552 0.0132688 0.00930771 0.0511865 0.0209193 0.0309032 0.0134306 0.018089 0.0119749 0.016414 0.0244317 0.0116703 0.0347117 0.0150348 0.0646605 0.013505 0.0173056 0.0136687 0.012284 0.01721 0.0115927 0.0435797 0.0359041 0.0101352 0.0237617 0.0101013 0.0180187 0.0175058 0.0144763 0.0135222 0.011111 0.0590278 0.0109481 0.00874149 0.0168642 0.00501137 0.00421314 0.00408754 0.00777998 0 0.00359483 0.00364066 0.0036246 0.00423721 0.00366959 0.00640276 0.012947 0.00847308 0.010706 0.00728199 0.0107683 0.0375964 0.0167567 0.0759198 
0.0116698 0.00991288 0.0125884 0.00988967 0.0176871 0.00870311 0.032071 0.00887392 0.0130572 0.00878723 0.064364 0.00885386 0.0208777 0.0152819 0.0521607 0.0140461 0.0242589 0.0287145 0.016321 0.0612153 0.0106441 0.0107557 0.0119146 0.0575837 0.0160741 0.014946 0.0587309 0.0104863 0.0751753 0.00946367 0.00916498 0.0720654 0.0091217 0.0323058 0.0163537 0.0245424 0.0284602 0.0127806 0.0678647 0.00895179 0.00805457 0.011501 0.008665 0.00470719 0.00846913 0.00863977 0.00575937 0.00359483 0 0.00356803 0.00370603 0.0036047 0.00573411 0.00386836 0.0068045 0.0152686 0.00862547 0.0125995 0.0135417 0.0265493 0.0770076 0.0102948 
0.00951179 0.0127631 0.0119525 0.0262871 0.00978363 0.0523484 0.0086572 0.0188158 0.00852215 0.0481647 0.00872859 0.0196191 0.00982628 0.0418716 0.0184952 0.068896 0.0238408 0.0255762 0.108395 0.0139808 0.018467 0.009054 0.0289908 0.0101001 0.048982 0.0476304 0.0130061 0.189062 0.00916454 0.0117573 0.0268581 0.00903048 0.072343 0.00948203 0.0417464 0.0248821 0.0192582 0.0689542 0.0100917 0.0220023 0.00988543 0.00780098 0.0111517 0.0099512 0.0111426 0.0121918 0.00631917 0.00364066 0.00356803 0 0.00358853 0.00452564 0.00361523 0.00373507 0.00988043 0.00696178 0.0254978 0.0129443 0.046409 0.0188714 0.0127205 0.0139915 
0.0101956 0.00942011 0.0166184 0.0102911 0.0390754 0.0086491 0.0210384 0.00847726 0.0290928 0.0085499 0.0314464 0.00852702 0.0166704 0.0111698 0.069377 0.0141418 0.0279983 0.0502086 0.0156748 0.0292108 0.00986226 0.00974181 0.0096057 0.0309105 0.0167695 0.0177286 0.182685 0.0100487 0.0218723 0.00869957 0.00883713 0.0403492 0.00883334 0.0513658 0.0116911 0.0208107 0.0555674 0.0104898 0.0265654 0.00851122 0.00843877 0.00963039 0.00739628 0.00849527 0.011844 0.00726164 0.00457399 0.0036246 0.00370603 0.00358853 0 0.0035447 0.00366842 0.00366692 0.00551957 0.0264339 0.012585 0.0291175 0.0270734 0.012745 0.0110891 0.00779835 
0.00899623 0.0118224 0.0100059 0.0317484 0.00896828 0.0240403 0.0085231 0.0150219 0.00842828 0.0212257 0.008585 0.0146644 0.00918492 0.0229559 0.0120136 0.0303385 0.0166255 0.0137226 0.0301605 0.0105524 0.0118353 0.00919175 0.0173771 0.00930906 0.0299091 0.0481654 0.0110286 0.034467 0.00908419 0.0097282 0.0221918 0.00857535 0.0499861 0.00886357 0.0306361 0.0227966 0.011798 0.0202588 0.00880103 0.0137876 0.00892086 0.00761701 0.0101793 0.0116985 0.0100297 0.010838 0.00506014 0.00423721 0.0036047 0.00452564 0.0035447 0 0.00355341 0.00359809 0.00742921 0.019662 0.0581917 0.0152292 0.0111688 0.00662321 0.00764248 0.00973845 
0.00880295 0.00883002 0.010804 0.00874581 0.0106254 0.00839836 0.0116582 0.00845834 0.0109588 0.00868825 0.0120735 0.00844239 0.0120035 0.0108574 0.0145943 0.00981932 0.0110288 0.0108353 0.009467 0.0161138 0.00976422 0.00935841 0.010276 0.0209413 0.0149219 0.0107777 0.016785 0.00915301 0.0130273 0.00861102 0.00959863 0.0349355 0.00863329 0.0126599 0.0111836 0.0118594 0.0120542 0.00894741 0.0172274 0.0084365 0.00960049 0.010338 0.00800159 0.00994618 0.0143176 0.00709767 0.00665684 0.00366959 0.00573411 0.00361523 0.00366842 0.00355341 0 0.00385828 0.0165019 0.0396315 0.0207257 0.00691286 0.00599303 0.00949138 0.00727551 0.00684729 
0.0103057 0.00900447 0.00847919 0.00907955 0.00853067 0.00865698 0.00863881 0.0108035 0.0117299 0.00901638 0.00845038 0.0095893 0.0178571 0.00970824 0.00978052 0.00933169 0.00958053 0.00923262 0.00917811 0.0093225 0.0158065 0.0113431 0.0230089 0.0148728 0.00945552 0.00988602 0.00999152 0.00937153 0.00999539 0.0103104 0.0323902 0.00982751 0.00941278 0.00955352 0.0121661 0.00991925 0.0111905 0.00996375 0.0125896 0.0112651 0.0167366 0.0156028 0.0104942 0.0248715 0.00810386 0.00772252 0.0075552 0.00640276 0.00386836 0.00373507 0.00366692 0.00359809 0.00385828 0 0.0277472 0.0255136 0.00467031 0.00508732 0.0084335 0.00592774 0.00672822 0.00831849 
0.0102031 0.00949655 0.00870398 0.00956771 0.00869992 0.00984438 0.00898046 0.0405114 0.00904556 0.00977452 0.00924403 0.0262091 0.0180513 0.0190036 0.0126916 0.0152213 0.0127939 0.0139963 0.0170908 0.0139824 0.0496992 0.0135402 0.0386052 0.0127505 0.0154485 0.0154954 0.0128639 0.0167505 0.0122371 0.0222996 0.0244867 0.0108711 0.0173555 0.012225 0.0207876 0.0184918 0.0159359 0.0157479 0.012123 0.0310465 0.0169638 0.0181028 0.0249165 0.0122516 0.0104672 0.0102448 0.0191484 0.012947 0.0068045 0.00988043 0.00551957 0.00742921 0.0165019 0.0277472 0 0.00361164 0.00361563 0.00361332 0.00362113 0.00366068 0.00375499 0.0132263 
0.010731 0.010919 0.0134088 0.0120649 0.0147843 0.00913481 0.046265 0.00888368 0.0104504 0.00893885 0.0214673 0.00890335 0.0218464 0.0169956 0.0509759 0.0180998 0.0268685 0.0375742 0.0208661 0.0918269 0.011773 0.0101915 0.0131892 0.0559532 0.0232773 0.0221991 0.093543 0.0129198 0.0372459 0.00949835 0.00990289 0.054838 0.0121302 0.0448216 0.0169636 0.0379241 0.0583334 0.0164658 0.0672715 0.00952117 0.0103136 0.0275836 0.0105326 0.01226 0.0294488 0.0256509 0.0140196 0.00847308 0.0152686 0.00696178 0.0264339 0.019662 0.0396315 0.0255136 0.00361164 0 0.003607 0.00356534 0.00360662 0.0036409 0.00466664 0.00388529 
0.0100402 0.011222 0.0160434 0.0285718 0.0109232 0.0627626 0.0093269 0.0123619 0.00837942 0.0246122 0.00919349 0.0129014 0.0101973 0.0411931 0.0236492 0.0793799 0.0422447 0.0363039 0.192184 0.0195145 0.0221009 0.00840307 0.0170673 0.0121452 0.0806466 0.0969173 0.0203455 0.19813 0.0114386 0.0111314 0.0145986 0.00970194 0.132575 0.0136673 0.0794013 0.0570793 0.0365605 0.109855 0.0107394 0.0134267 0.00959506 0.0101396 0.0114095 0.0119445 0.0358309 0.0173287 0.01167 0.010706 0.00862547 0.0254978 0.012585 0.0581917 0.0207257 0.00467031 0.00361563 0.003607 0 0.0035504 0.00358205 0.00359666 0.00362877 0.00376132 
0.00958147 0.00944064 0.0144353 0.013825 0.044566 0.00939318 0.0139034 0.00873508 0.00947819 0.00867851 0.0165878 0.00873551 0.0138468 0.0114972 0.0735586 0.0180854 0.0485326 0.0700935 0.019937 0.0408763 0.0112679 0.00834997 0.00957482 0.0275318 0.0234592 0.0302776 0.128992 0.0134349 0.02641 0.00898342 0.00893321 0.0411924 0.0102396 0.0722194 0.0199555 0.0475271 0.0586188 0.0159188 0.026396 0.00906387 0.00890109 0.0100744 0.00901528 0.0100851 0.0127378 0.0191568 0.0101925 0.00728199 0.0125995 0.0129443 0.0291175 0.0152292 0.00691286 0.00508732 0.00361332 0.00356534 0.0035504 0 0.00355447 0.00357911 0.00359123 0.00360921 
0.00923527 0.00971772 0.0128849 0.0493408 0.0108928 0.0153186 0.00921212 0.0100079 0.00834321 0.0119096 0.00942677 0.0098838 0.0098377 0.0231932 0.0191762 0.0517848 0.0381559 0.0249912 0.0505444 0.0170038 0.014881 0.00831508 0.0131809 0.0117072 0.035451 0.0602251 0.0213146 0.0571739 0.0105575 0.00975732 0.0195917 0.00945144 0.0415151 0.015326 0.0462405 0.0385287 0.02342 0.0293621 0.0118951 0.0111642 0.00913132 0.00934043 0.0102304 0.010568 0.0131065 0.0119689 0.013874 0.0107683 0.0135417 0.046409 0.0270734 0.0111688 0.00599303 0.0084335 0.00362113 0.00360662 0.00358205 0.00355447 0 0.00354658 0.00358979 0.00358499 
0.00936015 0.00927121 0.0355642 0.0127558 0.011214 0.00996959 0.00925342 0.00894644 0.00850779 0.00928479 0.0100194 0.00907859 0.0112317 0.0149014 0.0410495 0.039564 0.0273722 0.0251048 0.0248685 0.0170753 0.0124833 0.00845162 0.0105173 0.0152283 0.0443224 0.0312762 0.0357784 0.0197029 0.0127283 0.00943445 0.00953008 0.0143908 0.0176365 0.0284184 0.0365573 0.0409179 0.0323601 0.02187 0.0170595 0.0101841 0.00876332 0.0105007 0.0093875 0.0136793 0.0111355 0.0213635 0.0122488 0.0375964 0.0265493 0.0188714 0.012745 0.00662321 0.00949138 0.00592774 0.00366068 0.0036409 0.00359666 0.00357911 0.00354658 0 0.00353962 0.00349987 
0.00910466 0.0231863 0.0103572 0.0094532 0.00999487 0.00882434 0.00973691 0.00873455 0.00927037 0.00890233 0.0121851 0.00872169 0.012552 0.0171115 0.0279119 0.0126184 0.0151589 0.0145133 0.0129154 0.0272085 0.0121108 0.00877871 0.0113906 0.03759 0.0138333 0.0147081 0.0233129 0.0119623 0.0143037 0.00916628 0.00966906 0.0212032 0.010697 0.0201691 0.0172733 0.019455 0.0254111 0.0145599 0.0258666 0.00947379 0.0114171 0.0120652 0.0104716 0.0117359 0.0262233 0.0234049 0.0178267 0.0167567 0.0770076 0.0127205 0.0110891 0.00764248 0.00727551 0.00672822 0.00375499 0.00466664 0.00362877 0.00359123 0.00358979 0.00353962 0 0.00358015 
0.0120586 0.00885763 0.00861576 0.00953941 0.0086291 0.0100281 0.00856007 0.0125527 0.010123 0.00965138 0.00846695 0.0114866 0.0248053 0.011592 0.00936277 0.0102565 0.00968741 0.00918977 0.0100288 0.00906702 0.0139596 0.0106004 0.0435893 0.00923082 0.0102964 0.0110082 0.00965073 0.0113265 0.00899092 0.0098411 0.0383813 0.00876733 0.0117783 0.00904779 0.0125657 0.0121288 0.0106026 0.0130456 0.00948388 0.0143279 0.017538 0.0126152 0.0161319 0.0315609 0.0130404 0.0145207 0.0217623 0.0759198 0.0102948 0.0139915 0.00779835 0.00973845 0.00684729 0.00831849 0.0132263 0.00388529 0.00376132 0.00360921 0.00358499 0.00349987 0.00358015 0 
