1OFUB
TAVIKVIGVGGGGGNAVNHMAKNNVEGVEFICANTDAQALKNIAARTVLQLGPGVTKGLGAGANPEVGRQAALEDRERISEVLEGADMVFITTGMGGGTGTGAAPIIAEVAKEMGILTVAVVTRPFPFEGRKRMQIADEGIRALAESVDSLITIPNEKLLTILGKDASLLAAFAKADDVLAGAVRGISDIIKRPGMINVDFADVKTVMSEMGMAMMGTGCASGPNRAREATEAAIRNPLLEDVNLQGARGILVNITAGPDLSLGEYSDVGNIIEQFASEHATVKVGTVIDADMRDELHVTVVATGLG
CCCEEEEEEHHHHHHHHHHHHHCCCCCCEEEEEECEHHHHCCCCCCEEEECCHHHHCCECCCCCHHHHHHHHHHCHHHHHHHHCCCCEEEEEEECCCCHHHHHHHHHHHHHHHCCCEEEEEEEECCHHHCHHHHHHHHHHHHHHHCCCCEEEEEEHHHHHHHHHHHCCHHHHHHHHHHHHHHHHHHHHHHHHCCCCCCCCHHHHHHHHCCCEEEEEEEEEECCCCHHHHHHHHHHCCHHHCCCCHHHCCEEEEEEEECCCCCHHHHHHHHHHHHHHCCCCCEEEEEEEECCCCCCCEEEEEEEECCC
0 0 0 0 0 0 0 0 0 0 0 0 0 0 0 0 0 0 0 0 0 0 0 0 0 0 0 0 0 0 0 0 0 0 0 0 0 0 0 0 0 0 0 0 0 0 0 0 0 0 0 0 0 0 0 0 0 0 0 0 0 0 0 0 0 0 0 0 0 0 0 0 0 0 0 0 0 0 0 0 0 0 0 0 0 0 0 0 0 0 0 0 0 0 0 0 0 0 0 0 0 0 0 0 0 0 0 0 0 0 0 0 0 0 0 0 0 0 0 0 0 0 0 0 0 0 0 0 0 0 0 0 0 0 0 0 0 0 0 0 0 0 0 0 0 0 0 0 0 0 0 0 0 0 0 0 0 0 0 0 0 0 0 0 0 0 0 0 0 0 0 0 0 0 0 0 0 0 0 0 0 0 0 0 0 0 0 0 0 0 0 0 0 0 0 0 0 0 0 0 0 0 0 0 0 0 0 0 0 0 0 0 0 0 0 0 0 0 0 0 0 0 0 0 0 0 0 0 0 0 0 0 0 0 0 0 0 0 0 0 0 0 0 0 0 0 0 0 0 0 0 0 0 0 0 0 0 0 0 0 0 0 0 0 0 0 0 0 0 0 0 0 0 0 0 0 0 0 0 0 0 0 0 0 0 0 0 0 0 0 0 0 0 0 0 0 0 0 0 0 0 0 0 0 0 0 0 
0 0 0 0 0 0 0 0 0 0 0 0 0 0 0 0 0 0 0 0 0 0 0 0 0 0 0 0 0 0 0 0 0 0 0 0 0 0 0 0 0 0 0 0 0 0 0 0 0 0 0 0 0 0 0 0 0 0 0 0 0 0 0 0 0 0 0 0 0 0 0 0 0 0 0 0 0 0 0 0 0 0 0 0 0 0 0 0 0 0 0 0 0 0 0 0 0 0 0 0 0 0 0 0 0 0 0 0 0 0 0 0 0 0 0 0 0 0 0 0 0 0 0 0 0 0 0 0 0 0 0 0 0 0 0 0 0 0 0 0 0 0 0 0 0 0 0 0 0 0 0 0 0 0 0 0 0 0 0 0 0 0 0 0 0 0 0 0 0 0 0 0 0 0 0 0 0 0 0 0 0 0 0 0 0 0 0 0 0 0 0 0 0 0 0 0 0 0 0 0 0 0 0 0 0 0 0 0 0 0 0 0 0 0 0 0 0 0 0 0 0 0 0 0 0 0 0 0 0 0 0 0 0 0 0 0 0 0 0 0 0 0 0 0 0 0 0 0 0 0 0 0 0 0 0 0 0 0 0 0 0 0 0 0 0 0 0 0 0 0 0 0 0 0 0 0 0 0 0 0 0 0 0 0 0 0 0 0 0 0 0 0 0 0 0 0 0 0 0 0 0 0 0 0 0 0 0 
0 0.00385893 0.00370437 0.00375072 0.0037311 0.00457794 0.140417 0.0434858 0.0152026 0.01521 0.0129952 0.0216501 0.0159493 0.0321031 0.0102743 0.0183389 0.0124934 0.0137628 0.0248061 0.011193 0.0114211 0.0124951 0.00968901 0.00967827 0.0105924 0.0121947 0.00926056 0.0124397 0.010337 0.0105103 0.00937229 0.00963887 0.00927082 0.00983977 0.00907582 0.010498 0.00941061 0.00881622 0.00944092 0.00828003 0.00828822 0.00834889 0.00842397 0.00842355 0.00839671 0.00833278 0.00836611 0.00828759 0.0087693 0.00883667 0.00862199 0.00856696 0.00873223 0.0086147 0.00865839 0.00845827 0.00898385 0.00853386 0.00885767 0.00850184 0.00856186 0.00849788 0.00867118 0.00856959 0.00924876 0.0104621 0.00850453 0.0094437 0.00884622 0.00896224 0.00899871 0.00892658 0.0096829 
0.00385893 0 0.00366332 0.0036283 0.00359319 0.00363466 0.223165 0.114039 0.04247 0.0300116 0.0364262 0.0110779 0.0108911 0.012299 0.0356527 0.014122 0.0141219 0.0099516 0.0139272 0.0338922 0.0310867 0.0208836 0.017888 0.0104919 0.00918445 0.00931296 0.0135269 0.0112622 0.0186577 0.0165997 0.0111181 0.0102234 0.00905685 0.00920944 0.0108295 0.0101943 0.0122713 0.00911126 0.0084118 0.00816693 0.00833525 0.00852698 0.00861307 0.00858439 0.0084869 0.00842026 0.00836503 0.00836006 0.00826215 0.00847678 0.00868913 0.00889549 0.00895037 0.00904074 0.0087187 0.00851839 0.00849061 0.00853875 0.00866482 0.00863247 0.00864177 0.00861869 0.0088154 0.00881594 0.00873952 0.00881479 0.00887399 0.00903428 0.00896702 0.00914048 0.00923994 0.00927146 0.00895764 
0.00370437 0.00366332 0 0.00363326 0.00357151 0.00358832 0.0250097 0.264441 0.108088 0.138223 0.0298989 0.0146266 0.00848385 0.0144247 0.0133378 0.0293907 0.0119788 0.00903646 0.014667 0.0327672 0.0897257 0.0760868 0.031861 0.0134107 0.00958392 0.0108776 0.0158138 0.0250881 0.031255 0.0338566 0.0193182 0.0108047 0.00871165 0.00969415 0.0118589 0.0201754 0.0144106 0.00988414 0.00834671 0.0082915 0.00841885 0.00879344 0.00901639 0.00903195 0.00877221 0.00844236 0.00870047 0.00831181 0.00828185 0.00851904 0.00881871 0.0094166 0.00938653 0.00939911 0.0091496 0.00860306 0.00855582 0.00840696 0.00872003 0.00884072 0.00881071 0.00900056 0.00918638 0.00901911 0.00866545 0.00907491 0.00865087 0.00910798 0.00897898 0.00949561 0.00964936 0.00967493 0.00889275 
0.00375072 0.0036283 0.00363326 0 0.00356591 0.00356253 0.0233277 0.0381032 0.34326 0.0914267 0.0406333 0.0160671 0.0084736 0.011025 0.0143956 0.016931 0.0138138 0.00878739 0.0128217 0.0373573 0.0638507 0.0727204 0.0255428 0.0121518 0.00972932 0.0106232 0.0147967 0.0226036 0.0319988 0.0325634 0.0165561 0.0105148 0.00867763 0.00965367 0.0126176 0.0156973 0.0146217 0.00923139 0.00836203 0.00839459 0.00835756 0.00860715 0.00885708 0.00867953 0.00880329 0.00836154 0.00862254 0.00827803 0.00819202 0.00848376 0.00865236 0.00916497 0.00918811 0.00922117 0.00907877 0.00854833 0.00838607 0.00842791 0.00865545 0.00872444 0.00862767 0.0093253 0.00895617 0.00893689 0.00854763 0.00885498 0.00860204 0.00899219 0.00884195 0.00925502 0.00936883 0.00939064 0.00867318 
0.0037311 0.00359319 0.00357151 0.00356591 0 0.00355476 0.01695 0.0431259 0.0308957 0.186325 0.129404 0.0287463 0.00967138 0.0111224 0.0116967 0.0169811 0.017623 0.0113845 0.0139471 0.0224959 0.0291011 0.0255244 0.0157329 0.0135191 0.0106401 0.0102644 0.0130818 0.0131967 0.0173133 0.0223789 0.0113089 0.00997439 0.00856494 0.00967032 0.0101015 0.0128821 0.0113981 0.00914589 0.00827553 0.00821012 0.00825984 0.00847371 0.00852786 0.00848042 0.00844051 0.00825399 0.00838337 0.00825118 0.00822203 0.00855784 0.00865846 0.00878868 0.00873446 0.00899621 0.0086176 0.00847138 0.00846575 0.00842278 0.00861481 0.00852065 0.00857285 0.00854105 0.00873725 0.00872029 0.00845761 0.008573 0.0086079 0.00881119 0.00870426 0.00904539 0.00931226 0.00900595 0.00846938 
0.00457794 0.00363466 0.00358832 0.00356253 0.00355476 0 0.034809 0.0145033 0.0159699 0.018239 0.145019 0.0530575 0.0129886 0.016436 0.0096976 0.0104581 0.0146155 0.0187258 0.0160587 0.0122207 0.0110529 0.0125289 0.00932931 0.00920169 0.0105389 0.0132827 0.00935624 0.00924215 0.00958539 0.00959063 0.00923288 0.00862729 0.00833855 0.0105354 0.00898711 0.00892928 0.00870474 0.00839694 0.00822281 0.00833873 0.0081289 0.00815241 0.00819919 0.00820011 0.00825166 0.00809384 0.00811731 0.00812143 0.00813279 0.00840762 0.00840864 0.00834958 0.00826455 0.00847928 0.00826129 0.00833124 0.00825426 0.00847162 0.00846745 0.00825844 0.00839233 0.00835033 0.00841385 0.00854076 0.0082908 0.00870324 0.00850502 0.00846279 0.00836574 0.00850704 0.00855196 0.0085903 0.00862137 
0.140417 0.223165 0.0250097 0.0233277 0.01695 0.034809 0 0.00379192 0.00359692 0.00359919 0.00366631 0.00429375 0.00798324 0.0126592 0.0196833 0.00925767 0.0598262 0.0198125 0.0148286 0.0119192 0.0137311 0.0102577 0.0121834 0.0089176 0.0129982 0.00982585 0.0107838 0.00927468 0.0114835 0.0105461 0.00936206 0.00978653 0.0102901 0.0111249 0.00868463 0.00980389 0.0113196 0.00908651 0.00966022 0.00815234 0.00821863 0.00825992 0.00831413 0.00829294 0.00819172 0.00835154 0.00817931 0.00846012 0.00832936 0.00834143 0.00828531 0.00843977 0.00838894 0.00866522 0.00831234 0.00834569 0.00838925 0.009112 0.00839258 0.00841836 0.00835021 0.00826593 0.00838065 0.00845297 0.00860246 0.00844243 0.00957171 0.00835729 0.00902409 0.00854269 0.00864456 0.00846538 0.00913888 
0.0434858 0.114039 0.264441 0.0381032 0.0431259 0.0145033 0.00379192 0 0.00358118 0.00355473 0.00377427 0.00360426 0.00357621 0.0156003 0.0104743 0.0506394 0.00926217 0.00999228 0.021938 0.0437713 0.0226297 0.039183 0.0112024 0.0201653 0.00911929 0.0111858 0.0117538 0.0229796 0.0185564 0.0202817 0.0142969 0.0109166 0.00910547 0.00938319 0.0148317 0.0151595 0.0123104 0.0102034 0.00866963 0.00819222 0.00832891 0.0085306 0.00857696 0.00869748 0.00869278 0.00832856 0.00856297 0.00831545 0.00829335 0.00858356 0.0089662 0.00889053 0.00903904 0.00883937 0.00878529 0.00851047 0.00853855 0.00830522 0.00873656 0.00854737 0.00863813 0.00866196 0.00880433 0.00867447 0.00854308 0.00918261 0.00855879 0.0089904 0.00876562 0.00908806 0.00912633 0.00915552 0.00876757 
0.0152026 0.04247 0.108088 0.34326 0.0308957 0.0159699 0.00359692 0.00358118 0 0.00355185 0.00359265 0.00361929 0.00360777 0.0107842 0.0138312 0.0119142 0.0127421 0.00899392 0.0146801 0.0253305 0.0802329 0.0475721 0.040386 0.0108846 0.0111523 0.0101207 0.0214369 0.0230503 0.0551533 0.0439485 0.0264025 0.0111412 0.00876574 0.0103806 0.0120374 0.0237012 0.024103 0.00924748 0.00853731 0.00822827 0.00840682 0.00868665 0.00898749 0.00889302 0.00866647 0.00846491 0.00867099 0.00829651 0.00818313 0.00846355 0.00853684 0.00898343 0.00898235 0.00880732 0.00873141 0.00844439 0.00832328 0.00829424 0.00850561 0.00858303 0.00849673 0.00855977 0.00867937 0.00862175 0.00848623 0.00839679 0.00844166 0.00872383 0.00865414 0.00890389 0.00889047 0.008943 0.00877309 
0.01521 0.0300116 0.138223 0.0914267 0.186325 0.018239 0.00359919 0.00355473 0.00355185 0 0.0035483 0.00365683 0.00357649 0.0163147 0.0385976 0.0187095 0.0163378 0.00883158 0.0140956 0.0415748 0.0767383 0.0816142 0.0294047 0.0158085 0.0101522 0.0109974 0.0215141 0.0358629 0.0492169 0.0579531 0.0290685 0.0119138 0.00929448 0.0106187 0.0152038 0.0265584 0.021866 0.010371 0.00864139 0.00830405 0.00839569 0.00894015 0.00922755 0.0087969 0.00905114 0.00838787 0.00872986 0.0083834 0.00822829 0.00850971 0.00860704 0.00900369 0.00898728 0.00940792 0.00882728 0.00848932 0.00839865 0.00828601 0.00849735 0.00864189 0.00855801 0.00860969 0.00874323 0.0087691 0.00845108 0.00854748 0.00851082 0.00877188 0.00881203 0.00908989 0.00906836 0.00915304 0.00860917 
0.0129952 0.0364262 0.0298989 0.0406333 0.129404 0.145019 0.00366631 0.00377427 0.00359265 0.0035483 0 0.00355901 0.00359769 0.0110865 0.0129457 0.062955 0.0146597 0.0122982 0.0140704 0.0308457 0.0339882 0.0298895 0.0166588 0.0220472 0.0135788 0.0108404 0.0155242 0.0192655 0.0233207 0.0241839 0.0141497 0.0141172 0.00893223 0.00992053 0.0146616 0.0146788 0.0134252 0.0106163 0.00859411 0.00812864 0.00840272 0.00878659 0.00925835 0.00908427 0.00876705 0.00864509 0.00853062 0.00834568 0.00821649 0.00849447 0.00865103 0.00888897 0.00879366 0.00898481 0.00867362 0.00856413 0.00854151 0.00828609 0.00845291 0.00848546 0.00869171 0.00854513 0.00863462 0.0086687 0.00843424 0.00861832 0.00837847 0.00859201 0.00859894 0.00885849 0.00886309 0.00886435 0.00841758 
0.0216501 0.0110779 0.0146266 0.0160671 0.0287463 0.0530575 0.00429375 0.00360426 0.00361929 0.00365683 0.00355901 0 0.00357942 0.0102636 0.00782875 0.0097003 0.044382 0.0129573 0.0136605 0.0117161 0.0146075 0.0164592 0.0120858 0.00979547 0.0122885 0.011825 0.0104196 0.0108023 0.012117 0.0118572 0.010105 0.00898127 0.00853234 0.0105116 0.00895752 0.0110425 0.010107 0.00836392 0.00855853 0.00820162 0.00814631 0.00829789 0.00848264 0.00827299 0.00831757 0.00810796 0.0082508 0.00811832 0.00820451 0.00835961 0.00840126 0.00848809 0.00838608 0.00849194 0.00829804 0.00819414 0.00833521 0.00830622 0.00836503 0.00826957 0.00830638 0.00831806 0.0084776 0.00835902 0.00832181 0.00851426 0.00833272 0.00842802 0.00836979 0.00853665 0.00846947 0.00841097 0.00853354 
0.0159493 0.0108911 0.00848385 0.0084736 0.00967138 0.0129886 0.00798324 0.00357621 0.00360777 0.00357649 0.00359769 0.00357942 0 0.0167877 0.00792465 0.00534975 0.0168609 0.101315 0.0111144 0.00955668 0.00913982 0.00868057 0.00908952 0.00830378 0.0115843 0.0113599 0.00985662 0.0082414 0.00884192 0.00871247 0.00836378 0.00824535 0.00880002 0.0102835 0.00834311 0.0083039 0.00880001 0.00827595 0.00947209 0.0084869 0.0081083 0.00809215 0.00813579 0.00812443 0.00807083 0.00825465 0.00805176 0.00816237 0.00806615 0.00838035 0.00838035 0.00819064 0.00812733 0.00821577 0.00807805 0.00808604 0.00816504 0.00905624 0.00815688 0.00809448 0.00813366 0.00808485 0.00818953 0.0080477 0.00836539 0.00824648 0.00859723 0.00816662 0.00822028 0.00821571 0.00816662 0.00812296 0.00871076 
0.0321031 0.012299 0.0144247 0.011025 0.0111224 0.016436 0.0126592 0.0156003 0.0107842 0.0163147 0.0110865 0.0102636 0.0167877 0 0.00456544 0.00392893 0.00570831 0.00968267 0.0468169 0.0141156 0.0110759 0.0156743 0.00936361 0.0103704 0.0101723 0.0171374 0.00914557 0.0110804 0.00937713 0.00947248 0.00887051 0.00934434 0.0101618 0.0101163 0.00899096 0.00929153 0.00883268 0.00862608 0.0100349 0.0080967 0.00811479 0.00816432 0.00816666 0.0081626 0.00813063 0.00814599 0.00816025 0.00812696 0.00832219 0.00835804 0.00847972 0.00829275 0.0083734 0.0083318 0.00836213 0.00823591 0.00833326 0.00823774 0.00848523 0.00825428 0.00827587 0.00827665 0.00835042 0.0083723 0.00844927 0.0094604 0.0083294 0.00858511 0.00835429 0.00851858 0.00846808 0.00841449 0.008804 
0.0102743 0.0356527 0.0133378 0.0143956 0.0116967 0.0096976 0.0196833 0.0104743 0.0138312 0.0385976 0.0129457 0.00782875 0.00792465 0.00456544 0 0.0037977 0.0037401 0.00728893 0.0168866 0.0376293 0.0295203 0.011152 0.0148949 0.0091487 0.00885782 0.00974472 0.0161906 0.00929487 0.020036 0.0113761 0.0110017 0.009851 0.00888918 0.0098491 0.00913638 0.0105451 0.0122383 0.00857172 0.00878478 0.00805757 0.00826494 0.00838837 0.00838716 0.00838387 0.00841492 0.00831014 0.00825164 0.0082887 0.00813282 0.00833816 0.00836464 0.00846894 0.00839839 0.00859336 0.00832057 0.00833926 0.00819359 0.00834931 0.00833424 0.00826253 0.00830308 0.00823307 0.00842261 0.00836029 0.00828229 0.00842231 0.0086842 0.00835955 0.00845446 0.0084951 0.00851567 0.00844589 0.00849183 
0.0183389 0.014122 0.0293907 0.016931 0.0169811 0.0104581 0.00925767 0.0506394 0.0119142 0.0187095 0.062955 0.0097003 0.00534975 0.00392893 0.0037977 0 0.00358321 0.00745462 0.0213311 0.0384167 0.0228048 0.0415709 0.0109437 0.0328415 0.00925127 0.0136024 0.0103521 0.0253164 0.0123386 0.0163396 0.0130191 0.0108671 0.00874019 0.00955328 0.0130308 0.0143684 0.0102408 0.0111975 0.0084814 0.00815617 0.00830122 0.00840225 0.00850449 0.00847547 0.00852962 0.00832469 0.00850965 0.00824399 0.00834596 0.00853791 0.00861084 0.00856321 0.00874975 0.00847568 0.00865942 0.00838071 0.00825851 0.00826889 0.00886679 0.00839301 0.00840921 0.00844687 0.00852585 0.00854031 0.0083608 0.0096925 0.00833866 0.00899068 0.00850262 0.00879596 0.00872286 0.00878486 0.00840093 
0.0124934 0.0141219 0.0119788 0.0138138 0.017623 0.0146155 0.0598262 0.00926217 0.0127421 0.0163378 0.0146597 0.044382 0.0168609 0.00570831 0.0037401 0.00358321 0 0.0590858 0.014911 0.0144459 0.0293813 0.0150689 0.0204048 0.0128295 0.0398879 0.0136658 0.0132933 0.00970486 0.0139611 0.0125998 0.0126096 0.00975266 0.00945385 0.0123729 0.00948169 0.00973033 0.0112753 0.00861596 0.00888171 0.00841935 0.00821859 0.00828917 0.00837309 0.0082561 0.00822422 0.00821415 0.00816924 0.00827166 0.00820066 0.00846556 0.00856096 0.00849024 0.00854136 0.00851311 0.00845273 0.00827411 0.00825062 0.00869856 0.00842288 0.00851914 0.00851635 0.00835779 0.0083872 0.00832518 0.00829556 0.00851285 0.00879471 0.00847912 0.00846874 0.0085303 0.00851115 0.00864119 0.0084917 
0.0137628 0.0099516 0.00903646 0.00878739 0.0113845 0.0187258 0.0198125 0.00999228 0.00899392 0.00883158 0.0122982 0.0129573 0.101315 0.00968267 0.00728893 0.00745462 0.0590858 0 0.0203445 0.0113601 0.0131953 0.0139445 0.0105933 0.0114205 0.0250355 0.0149427 0.0101683 0.00891635 0.00901212 0.00927359 0.00862619 0.00975607 0.0113969 0.0105458 0.00853571 0.00843914 0.00877966 0.00868532 0.0110133 0.00829588 0.00806026 0.00809391 0.00808614 0.00811775 0.00810412 0.00810047 0.00809362 0.00826452 0.00863479 0.00833919 0.00813628 0.00813421 0.00821331 0.00820839 0.00813355 0.00820647 0.00891011 0.00849063 0.00813185 0.00809666 0.00816664 0.00808552 0.00818956 0.00822047 0.00932334 0.00865831 0.00835479 0.00824578 0.0082414 0.00827157 0.00829147 0.00855322 0.00978417 
0.0248061 0.0139272 0.014667 0.0128217 0.0139471 0.0160587 0.0148286 0.021938 0.0146801 0.0140956 0.0140704 0.0136605 0.0111144 0.0468169 0.0168866 0.0213311 0.014911 0.0203445 0 0.00364682 0.00361192 0.00364361 0.00360888 0.00366955 0.00396741 0.69864 0.0175912 0.0506279 0.0170227 0.0189388 0.0137909 0.0127672 0.0183722 0.0320897 0.0232489 0.0222896 0.0180965 0.0121535 0.0241621 0.00825014 0.00833379 0.00871346 0.00908061 0.00881947 0.00868 0.00831118 0.00839423 0.00829024 0.00873316 0.00896073 0.00881308 0.00874888 0.00939877 0.00912316 0.00906749 0.00833953 0.0091624 0.00821534 0.00852674 0.00836673 0.00854507 0.0085889 0.00856164 0.00841425 0.00883969 0.0094255 0.00834289 0.00888725 0.00868698 0.00895478 0.00873334 0.00899207 0.00898406 
0.011193 0.0338922 0.0327672 0.0373573 0.0224959 0.0122207 0.0119192 0.0437713 0.0253305 0.0415748 0.0308457 0.0117161 0.00955668 0.0141156 0.0376293 0.0384167 0.0144459 0.0113601 0.00364682 0 0.00359302 0.00358358 0.00359426 0.00359868 0.00365828 0.0569092 0.724508 0.0320458 0.0927949 0.0342369 0.036766 0.0240141 0.0116627 0.0284627 0.0679972 0.0582654 0.0535024 0.0257672 0.0122779 0.00815367 0.00895432 0.00970171 0.0117225 0.0108358 0.00993477 0.00892347 0.00891261 0.00871945 0.00848357 0.00854614 0.00932291 0.00982281 0.0107345 0.0106205 0.00987195 0.00883404 0.00896572 0.0082566 0.00869805 0.00883188 0.00888325 0.00880391 0.00888567 0.00865777 0.00871961 0.00855795 0.0086343 0.00900032 0.00880846 0.00924504 0.00894917 0.00915255 0.00890062 
0.0114211 0.0310867 0.0897257 0.0638507 0.0291011 0.0110529 0.0137311 0.0226297 0.0802329 0.0767383 0.0339882 0.0146075 0.00913982 0.0110759 0.0295203 0.0228048 0.0293813 0.0131953 0.00361192 0.00359302 0 0.00360997 0.00362266 0.00361769 0.00364563 0.0401702 0.0637562 0.540445 0.064059 0.200099 0.0434422 0.0233598 0.011332 0.016863 0.053222 0.0959357 0.16043 0.0205457 0.0108631 0.00851028 0.00935107 0.011864 0.0191703 0.0201767 0.0131255 0.0122852 0.00973651 0.00949617 0.00862468 0.00914549 0.00977863 0.0129092 0.012124 0.013815 0.0125966 0.00975773 0.00930437 0.00869135 0.00892777 0.00982322 0.00990233 0.010246 0.00951397 0.00939853 0.0102015 0.00863369 0.00892085 0.00937922 0.00971041 0.0107224 0.0101218 0.0109029 0.00906098 
0.0124951 0.0208836 0.0760868 0.0727204 0.0255244 0.0125289 0.0102577 0.039183 0.0475721 0.0816142 0.0298895 0.0164592 0.00868057 0.0156743 0.011152 0.0415709 0.0150689 0.0139445 0.00364361 0.00358358 0.00360997 0 0.00357788 0.0036223 0.00361324 0.0456531 0.0428911 0.0808525 0.543192 0.0796195 0.136994 0.021836 0.0129569 0.0157736 0.0412085 0.181145 0.0702807 0.0281333 0.010614 0.00850902 0.00916593 0.0125709 0.0191112 0.0161809 0.0153376 0.00979085 0.0103834 0.00886182 0.00855552 0.00909997 0.0102074 0.0107254 0.0143952 0.0115933 0.0119858 0.00935396 0.00949508 0.00840488 0.00911666 0.00947129 0.0097751 0.0097025 0.0096221 0.00912593 0.00890449 0.00896028 0.00877285 0.00965887 0.0093828 0.0103055 0.00983467 0.010232 0.00906391 
0.00968901 0.017888 0.031861 0.0255428 0.0157329 0.00932931 0.0121834 0.0112024 0.040386 0.0294047 0.0166588 0.0120858 0.00908952 0.00936361 0.0148949 0.0109437 0.0204048 0.0105933 0.00360888 0.00359426 0.00362266 0.00357788 0 0.00356777 0.00357684 0.017951 0.0451057 0.0543759 0.0665698 0.450113 0.0216142 0.0229177 0.0101183 0.015033 0.0272748 0.0426573 0.0699795 0.0117157 0.00985286 0.008245 0.00850558 0.0113957 0.0126039 0.0125428 0.0101562 0.00921451 0.00870163 0.00841407 0.00824695 0.00858454 0.00867346 0.00939722 0.00955624 0.0108499 0.0091891 0.00866831 0.00853468 0.00831596 0.00850821 0.00880227 0.00879787 0.0089353 0.00868506 0.00856389 0.008298 0.00839084 0.00847171 0.00879728 0.00873846 0.00891213 0.00881121 0.00912205 0.00833144 
0.00967827 0.0104919 0.0134107 0.0121518 0.0135191 0.00920169 0.0089176 0.0201653 0.0108846 0.0158085 0.0220472 0.00979547 0.00830378 0.0103704 0.0091487 0.0328415 0.0128295 0.0114205 0.00366955 0.00359868 0.00361769 0.0036223 0.00356777 0 0.00373333 0.0160702 0.0278373 0.0468332 0.0382839 0.0271568 0.30583 0.0219389 0.0187815 0.0119961 0.0188872 0.0224061 0.0189737 0.0204066 0.00973566 0.00823389 0.00867237 0.00886582 0.0104819 0.009159 0.00996126 0.00836416 0.00901072 0.00833193 0.0082343 0.00843414 0.00887385 0.00876043 0.00917075 0.0090369 0.00946524 0.00843909 0.0083308 0.00816802 0.00862775 0.0084265 0.00849786 0.00849889 0.00855642 0.00840682 0.00825567 0.00852309 0.0082833 0.00865232 0.008476 0.00878529 0.00869368 0.00868877 0.00825905 
0.0105924 0.00918445 0.00958392 0.00972932 0.0106401 0.0105389 0.0129982 0.00911929 0.0111523 0.0101522 0.0135788 0.0122885 0.0115843 0.0101723 0.00885782 0.00925127 0.0398879 0.0250355 0.00396741 0.00365828 0.00364563 0.00361324 0.00357684 0.00373333 0 0.0233922 0.0197384 0.0194823 0.0214662 0.0451011 0.0180705 0.236257 0.0207079 0.014887 0.0103902 0.011324 0.013449 0.0103352 0.0121282 0.0088611 0.00835391 0.00861964 0.0102075 0.00906966 0.00839837 0.00847957 0.00823565 0.00828713 0.00824749 0.00842214 0.00829164 0.00843525 0.0087174 0.00878251 0.00844326 0.00857083 0.00857977 0.00829276 0.00825693 0.00840359 0.00843821 0.00837833 0.00833859 0.00832067 0.00830662 0.00822537 0.0083136 0.00850923 0.00830463 0.00855863 0.00840838 0.00839454 0.00846435 
0.0121947 0.00931296 0.0108776 0.0106232 0.0102644 0.0132827 0.00982585 0.0111858 0.0101207 0.0109974 0.0108404 0.011825 0.0113599 0.0171374 0.00974472 0.0136024 0.0136658 0.0149427 0.69864 0.0569092 0.0401702 0.0456531 0.017951 0.0160702 0.0233922 0 0.00388864 0.00369636 0.00374058 0.00375384 0.00404065 0.00475944 0.00701108 0.0785737 0.0216482 0.0203442 0.0162557 0.0142526 0.0241877 0.00855182 0.00830186 0.00896042 0.0087741 0.00886519 0.00892692 0.00844803 0.00881853 0.00866037 0.0111342 0.0100071 0.00891916 0.00896875 0.0102551 0.00912265 0.00946157 0.00849335 0.010514 0.00852673 0.00876984 0.00849338 0.00865451 0.00861213 0.00859785 0.00849075 0.01002 0.00992364 0.00855429 0.00899206 0.00870909 0.0091332 0.00888493 0.00899992 0.00973995 
0.00926056 0.0135269 0.0158138 0.0147967 0.0130818 0.00935624 0.0107838 0.0117538 0.0214369 0.0215141 0.0155242 0.0104196 0.00985662 0.00914557 0.0161906 0.0103521 0.0132933 0.0101683 0.0175912 0.724508 0.0637562 0.0428911 0.0451057 0.0278373 0.0197384 0.00388864 0 0.00364833 0.00364176 0.00369002 0.00362273 0.00392631 0.00401999 0.0597716 0.113731 0.033352 0.0692126 0.0166222 0.015979 0.00854198 0.00959626 0.0102965 0.0147794 0.0123785 0.0104909 0.0108507 0.00909856 0.0117538 0.00848754 0.00887616 0.0107462 0.0127698 0.0113301 0.0165854 0.0101268 0.0112521 0.00917024 0.00862671 0.00877854 0.00926703 0.00973595 0.0092849 0.00919743 0.00915283 0.00885685 0.0085564 0.00929931 0.00899338 0.00988476 0.0100736 0.00955775 0.010132 0.00891166 
0.0124397 0.0112622 0.0250881 0.0226036 0.0131967 0.00924215 0.00927468 0.0229796 0.0230503 0.0358629 0.0192655 0.0108023 0.0082414 0.0110804 0.00929487 0.0253164 0.00970486 0.00891635 0.0506279 0.0320458 0.540445 0.0808525 0.0543759 0.0468332 0.0194823 0.00369636 0.00364833 0 0.00366752 0.00365662 0.00366194 0.00368029 0.00370144 0.264704 0.0491859 0.17071 0.0305234 0.0315395 0.0105211 0.00881732 0.00925549 0.0147744 0.0188293 0.0173296 0.0238176 0.00997434 0.0168299 0.00848507 0.0090245 0.00975755 0.0103361 0.0128926 0.0214016 0.0118551 0.0195919 0.00915516 0.00984428 0.00836518 0.00940694 0.00935577 0.00991609 0.01051 0.0100984 0.00917357 0.00900831 0.00995974 0.00863023 0.0115093 0.00941427 0.0125983 0.0100888 0.00992664 0.00888916 
0.010337 0.0186577 0.031255 0.0319988 0.0173133 0.00958539 0.0114835 0.0185564 0.0551533 0.0492169 0.0233207 0.012117 0.00884192 0.00937713 0.020036 0.0123386 0.0139611 0.00901212 0.0170227 0.0927949 0.064059 0.543192 0.0665698 0.0382839 0.0214662 0.00374058 0.00364176 0.00366752 0 0.00361014 0.00359093 0.00362936 0.00358444 0.0571653 0.433744 0.0608626 0.228627 0.0165787 0.0124188 0.00896839 0.0111443 0.0167376 0.034473 0.0289233 0.0169125 0.0196239 0.0120747 0.00973078 0.00891243 0.00979156 0.0140748 0.0202933 0.0225354 0.0257248 0.0134824 0.0119815 0.00940266 0.00877987 0.00982068 0.0106336 0.0108259 0.0114351 0.00992751 0.00965418 0.00940494 0.00885337 0.00942603 0.00954594 0.0103009 0.0122848 0.0108551 0.0109083 0.00897604 
0.0105103 0.0165997 0.0338566 0.0325634 0.0223789 0.00959063 0.0105461 0.0202817 0.0439485 0.0579531 0.0241839 0.0118572 0.00871247 0.00947248 0.0113761 0.0163396 0.0125998 0.00927359 0.0189388 0.0342369 0.200099 0.0796195 0.450113 0.0271568 0.0451011 0.00375384 0.00369002 0.00365662 0.00361014 0 0.00357138 0.00361594 0.00366309 0.0922045 0.0504298 0.564014 0.0712858 0.0433776 0.0117917 0.00903858 0.0102592 0.0170988 0.0390585 0.0261897 0.0228119 0.0139691 0.0124207 0.00971881 0.00887811 0.00934045 0.0126208 0.0197031 0.0321611 0.018391 0.017584 0.0108819 0.00986189 0.00863796 0.0093867 0.0100142 0.0117245 0.0126778 0.0110234 0.0104205 0.00950846 0.00870917 0.00918306 0.0103525 0.0106716 0.0135063 0.011289 0.0118643 0.00976768 
0.00937229 0.0111181 0.0193182 0.0165561 0.0113089 0.00923288 0.00936206 0.0142969 0.0264025 0.0290685 0.0141497 0.010105 0.00836378 0.00887051 0.0110017 0.0130191 0.0126096 0.00862619 0.0137909 0.036766 0.0434422 0.136994 0.0216142 0.30583 0.0180705 0.00404065 0.00362273 0.00366194 0.00359093 0.00357138 0 0.00359072 0.00356407 0.03268 0.0847567 0.0572022 0.406302 0.0172256 0.012195 0.00861807 0.00924281 0.0152973 0.0200591 0.0189819 0.0152483 0.0104735 0.0106393 0.00863255 0.00863367 0.00929517 0.00984758 0.0131535 0.0144598 0.0122811 0.0126256 0.00922507 0.00929394 0.00828363 0.00884257 0.0096902 0.00937299 0.00945865 0.00928458 0.00907177 0.0087997 0.00860277 0.00874642 0.00945438 0.00939816 0.00980963 0.00966333 0.00938707 0.00883632 
0.00963887 0.0102234 0.0108047 0.0105148 0.00997439 0.00862729 0.00978653 0.0109166 0.0111412 0.0119138 0.0141172 0.00898127 0.00824535 0.00934434 0.009851 0.0108671 0.00975266 0.00975607 0.0127672 0.0240141 0.0233598 0.021836 0.0229177 0.0219389 0.236257 0.00475944 0.00392631 0.00368029 0.00362936 0.00361594 0.00359072 0 0.00374813 0.0216754 0.0292742 0.0521373 0.0306277 0.237756 0.0117172 0.00941183 0.00900915 0.00984176 0.0132604 0.011049 0.0100976 0.0092601 0.00890028 0.00870394 0.00841904 0.00912677 0.0102196 0.00931123 0.0107342 0.0101909 0.00971981 0.00867979 0.00874735 0.0084079 0.00876589 0.00866626 0.00886505 0.00884314 0.00882087 0.0085787 0.00851714 0.00860199 0.00846262 0.00891198 0.00865241 0.00906667 0.00884812 0.00880647 0.00843263 
0.00927082 0.00905685 0.00871165 0.00867763 0.00856494 0.00833855 0.0102901 0.00910547 0.00876574 0.00929448 0.00893223 0.00853234 0.00880002 0.0101618 0.00888918 0.00874019 0.00945385 0.0113969 0.0183722 0.0116627 0.011332 0.0129569 0.0101183 0.0187815 0.0207079 0.00701108 0.00401999 0.00370144 0.00358444 0.00366309 0.00356407 0.00374813 0 0.0142994 0.0158556 0.013394 0.0280576 0.0150995 0.0716573 0.011152 0.00846216 0.00876079 0.00904411 0.00913283 0.0087717 0.00841974 0.00854791 0.00836594 0.0082236 0.00935658 0.00891275 0.00856279 0.00866501 0.00882123 0.00853512 0.00840355 0.00847401 0.00887878 0.00829497 0.00835366 0.00832924 0.00830726 0.00851758 0.00825138 0.00831838 0.00847071 0.00839629 0.00846091 0.00836126 0.00854916 0.00840183 0.00834256 0.00835193 
0.00983977 0.00920944 0.00969415 0.00965367 0.00967032 0.0105354 0.0111249 0.00938319 0.0103806 0.0106187 0.00992053 0.0105116 0.0102835 0.0101163 0.0098491 0.00955328 0.0123729 0.0105458 0.0320897 0.0284627 0.016863 0.0157736 0.015033 0.0119961 0.014887 0.0785737 0.0597716 0.264704 0.0571653 0.0922045 0.03268 0.0216754 0.0142994 0 0.00377796 0.00364288 0.00370336 0.00371386 0.00396538 0.130088 0.0106344 0.0131507 0.0130572 0.011712 0.00988656 0.0100383 0.0093032 0.0109298 0.012629 0.0160989 0.0126009 0.0108403 0.0125763 0.0116098 0.0103435 0.00967814 0.0133323 0.00914707 0.00856143 0.00911656 0.00899131 0.00949915 0.00932743 0.00888565 0.0117553 0.00994133 0.00884334 0.0090981 0.00947324 0.00994483 0.00955524 0.00977768 0.0102484 
0.00907582 0.0108295 0.0118589 0.0126176 0.0101015 0.00898711 0.00868463 0.0148317 0.0120374 0.0152038 0.0146616 0.00895752 0.00834311 0.00899096 0.00913638 0.0130308 0.00948169 0.00853571 0.0232489 0.0679972 0.053222 0.0412085 0.0272748 0.0188872 0.0103902 0.0216482 0.113731 0.0491859 0.433744 0.0504298 0.0847567 0.0292742 0.0158556 0.00377796 0 0.0036418 0.00362711 0.00364626 0.00359764 0.0142083 0.0805538 0.0163951 0.0254928 0.0187149 0.0212911 0.0108443 0.0140212 0.0110322 0.00958707 0.0132464 0.0194943 0.0225641 0.0288965 0.0220905 0.0236057 0.0109972 0.0107663 0.00851917 0.0099536 0.00996221 0.0119707 0.0132103 0.0117471 0.00989514 0.00976238 0.00923892 0.0092588 0.011152 0.0112415 0.0130441 0.0126271 0.0119666 0.00939777 
0.010498 0.0101943 0.0201754 0.0156973 0.0128821 0.00892928 0.00980389 0.0151595 0.0237012 0.0265584 0.0146788 0.0110425 0.0083039 0.00929153 0.0105451 0.0143684 0.00973033 0.00843914 0.0222896 0.0582654 0.0959357 0.181145 0.0426573 0.0224061 0.011324 0.0203442 0.033352 0.17071 0.0608626 0.564014 0.0572022 0.0521373 0.013394 0.00364288 0.0036418 0 0.00361894 0.00356178 0.00355761 0.0258018 0.0215335 0.093444 0.0561869 0.0513398 0.0285595 0.0218485 0.0192593 0.0108219 0.0100863 0.0117544 0.0261441 0.0404756 0.0712235 0.0356912 0.0467704 0.0139996 0.01145 0.00882566 0.0106126 0.0137177 0.0169564 0.0169309 0.0166652 0.011992 0.010126 0.0096972 0.00949042 0.0123521 0.0117016 0.01814 0.015708 0.0149174 0.0104859 
0.00941061 0.0122713 0.0144106 0.0146217 0.0113981 0.00870474 0.0113196 0.0123104 0.024103 0.021866 0.0134252 0.010107 0.00880001 0.00883268 0.0122383 0.0102408 0.0112753 0.00877966 0.0180965 0.0535024 0.16043 0.0702807 0.0699795 0.0189737 0.013449 0.0162557 0.0692126 0.0305234 0.228627 0.0712858 0.406302 0.0306277 0.0280576 0.00370336 0.00362711 0.00361894 0 0.00358078 0.00355297 0.0182365 0.0298033 0.0377159 0.123272 0.0454745 0.0290031 0.0268529 0.0154941 0.0141399 0.0091628 0.0116583 0.0244054 0.0547165 0.0473217 0.0796162 0.0259361 0.0228164 0.0100238 0.00959405 0.00998871 0.0157989 0.0156128 0.0192186 0.0154578 0.0124541 0.0096528 0.00867078 0.0107719 0.0108212 0.0170295 0.0153431 0.01693 0.0141086 0.00956603 
0.00881622 0.00911126 0.00988414 0.00923139 0.00914589 0.00839694 0.00908651 0.0102034 0.00924748 0.010371 0.0106163 0.00836392 0.00827595 0.00862608 0.00857172 0.0111975 0.00861596 0.00868532 0.0121535 0.0257672 0.0205457 0.0281333 0.0117157 0.0204066 0.0103352 0.0142526 0.0166222 0.0315395 0.0165787 0.0433776 0.0172256 0.237756 0.0150995 0.00371386 0.00364626 0.00356178 0.00358078 0 0.00355351 0.0162605 0.0165358 0.0202293 0.0257866 0.0273784 0.018211 0.0109549 0.0126342 0.0105288 0.0094304 0.0101358 0.0137003 0.0142528 0.0204704 0.0120142 0.0177918 0.00973692 0.0101945 0.00860008 0.0091022 0.00897701 0.0100026 0.00947851 0.00957994 0.00925116 0.00885835 0.00909544 0.00873868 0.0096546 0.00903071 0.0102153 0.00930498 0.00991535 0.00850213 
0.00944092 0.0084118 0.00834671 0.00836203 0.00827553 0.00822281 0.00966022 0.00866963 0.00853731 0.00864139 0.00859411 0.00855853 0.00947209 0.0100349 0.00878478 0.0084814 0.00888171 0.0110133 0.0241621 0.0122779 0.0108631 0.010614 0.00985286 0.00973566 0.0121282 0.0241877 0.015979 0.0105211 0.0124188 0.0117917 0.012195 0.0117172 0.0716573 0.00396538 0.00359764 0.00355761 0.00355297 0.00355351 0 0.0142122 0.00977094 0.0182342 0.0198483 0.0151498 0.0107929 0.0108417 0.00960903 0.0110849 0.0104656 0.0145653 0.00979521 0.00925651 0.00906779 0.00949466 0.00887757 0.00921677 0.0102823 0.0114523 0.00849471 0.00840213 0.00839393 0.00857715 0.0087385 0.0084395 0.00892134 0.0102062 0.0085344 0.00836485 0.00853425 0.00851635 0.00855328 0.00846024 0.00876261 
0.00828003 0.00816693 0.0082915 0.00839459 0.00821012 0.00833873 0.00815234 0.00819222 0.00822827 0.00830405 0.00812864 0.00820162 0.0084869 0.0080967 0.00805757 0.00815617 0.00841935 0.00829588 0.00825014 0.00815367 0.00851028 0.00850902 0.008245 0.00823389 0.0088611 0.00855182 0.00854198 0.00881732 0.00896839 0.00903858 0.00861807 0.00941183 0.011152 0.130088 0.0142083 0.0258018 0.0182365 0.0162605 0.0142122 0 0.00362727 0.00362821 0.00359507 0.00362773 0.00362828 0.00368766 0.00383056 0.00445473 0.0100095 0.0166486 0.0106224 0.00991735 0.00981592 0.010852 0.00945147 0.00977858 0.0172908 0.00892646 0.00859915 0.00857188 0.00858658 0.00891297 0.00864607 0.0093859 0.0148879 0.00836355 0.00839055 0.00848465 0.00906105 0.00915974 0.0091181 0.00951719 0.0140277 
0.00828822 0.00833525 0.00841885 0.00835756 0.00825984 0.0081289 0.00821863 0.00832891 0.00840682 0.00839569 0.00840272 0.00814631 0.0081083 0.00811479 0.00826494 0.00830122 0.00821859 0.00806026 0.00833379 0.00895432 0.00935107 0.00916593 0.00850558 0.00867237 0.00835391 0.00830186 0.00959626 0.00925549 0.0111443 0.0102592 0.00924281 0.00900915 0.00846216 0.0106344 0.0805538 0.0215335 0.0298033 0.0165358 0.00977094 0.00362727 0 0.00359635 0.00397163 0.00354637 0.00357371 0.0036309 0.00357727 0.00510773 0.00523703 0.0138374 0.029318 0.0117707 0.0139993 0.0144287 0.0111581 0.0159725 0.0106008 0.00848729 0.0095873 0.00963453 0.0100967 0.0101476 0.0110661 0.00950094 0.00899083 0.00825158 0.00921858 0.00899142 0.00999822 0.0106659 0.010405 0.0115106 0.00862801 
0.00834889 0.00852698 0.00879344 0.00860715 0.00847371 0.00815241 0.00825992 0.0085306 0.00868665 0.00894015 0.00878659 0.00829789 0.00809215 0.00816432 0.00838837 0.00840225 0.00828917 0.00809391 0.00871346 0.00970171 0.011864 0.0125709 0.0113957 0.00886582 0.00861964 0.00896042 0.0102965 0.0147744 0.0167376 0.0170988 0.0152973 0.00984176 0.00876079 0.0131507 0.0163951 0.093444 0.0377159 0.0202293 0.0182342 0.00362821 0.00359635 0 0.00355196 0.00355833 0.0035779 0.00357794 0.00653439 0.00365492 0.00432203 0.0180352 0.0170198 0.0285181 0.0311877 0.0186697 0.0340945 0.0135611 0.0109744 0.00898051 0.0113585 0.0135631 0.0169391 0.0213147 0.0152218 0.0105887 0.00999891 0.0091519 0.00884421 0.0158513 0.0137041 0.0193523 0.0232485 0.0122677 0.01749 
0.00842397 0.00861307 0.00901639 0.00885708 0.00852786 0.00819919 0.00831413 0.00857696 0.00898749 0.00922755 0.00925835 0.00848264 0.00813579 0.00816666 0.00838716 0.00850449 0.00837309 0.00808614 0.00908061 0.0117225 0.0191703 0.0191112 0.0126039 0.0104819 0.0102075 0.0087741 0.0147794 0.0188293 0.034473 0.0390585 0.0200591 0.0132604 0.00904411 0.0130572 0.0254928 0.0561869 0.123272 0.0257866 0.0198483 0.00359507 0.00397163 0.00355196 0 0.00354637 0.00361133 0.00357795 0.00355036 0.00369215 0.00371187 0.0169176 0.0349673 0.0450687 0.0626628 0.058589 0.0317632 0.0214427 0.0129719 0.00882252 0.0120558 0.0243429 0.0325556 0.0321116 0.0318737 0.0142582 0.0106972 0.0085584 0.0113415 0.0153411 0.0265293 0.0395909 0.0353063 0.0524397 0.00988218 
0.00842355 0.00858439 0.00903195 0.00867953 0.00848042 0.00820011 0.00829294 0.00869748 0.00889302 0.0087969 0.00908427 0.00827299 0.00812443 0.0081626 0.00838387 0.00847547 0.0082561 0.00811775 0.00881947 0.0108358 0.0201767 0.0161809 0.0125428 0.009159 0.00906966 0.00886519 0.0123785 0.0173296 0.0289233 0.0261897 0.0189819 0.011049 0.00913283 0.011712 0.0187149 0.0513398 0.0454745 0.0273784 0.0151498 0.00362773 0.00354637 0.00355833 0.00354637 0 0.0036331 0.00358838 0.00355911 0.00356147 0.00363685 0.0207031 0.0220336 0.047133 0.0526662 0.0419555 0.0272134 0.0220971 0.0139924 0.00917128 0.0112263 0.0219778 0.0242967 0.0299923 0.023388 0.0128038 0.0115553 0.00870179 0.0106781 0.0145967 0.0302363 0.0269364 0.0714551 0.0174869 0.0116774 
0.00839671 0.0084869 0.00877221 0.00880329 0.00844051 0.00825166 0.00819172 0.00869278 0.00866647 0.00905114 0.00876705 0.00831757 0.00807083 0.00813063 0.00841492 0.00852962 0.00822422 0.00810412 0.00868 0.00993477 0.0131255 0.0153376 0.0101562 0.00996126 0.00839837 0.00892692 0.0104909 0.0238176 0.0169125 0.0228119 0.0152483 0.0100976 0.0087717 0.00988656 0.0212911 0.0285595 0.0290031 0.018211 0.0107929 0.00362828 0.00357371 0.0035779 0.00361133 0.0036331 0 0.00355786 0.00358255 0.00358864 0.00385453 0.0167184 0.0253095 0.0282447 0.0495216 0.0181718 0.0494257 0.0103536 0.0153394 0.0085274 0.0121155 0.0152686 0.0233699 0.0199479 0.0177341 0.0118638 0.0105561 0.00933234 0.00896857 0.0431356 0.0124447 0.0523496 0.0166668 0.0196949 0.00954308 
0.00833278 0.00842026 0.00844236 0.00836154 0.00825399 0.00809384 0.00835154 0.00832856 0.00846491 0.00838787 0.00864509 0.00810796 0.00825465 0.00814599 0.00831014 0.00832469 0.00821415 0.00810047 0.00831118 0.00892347 0.0122852 0.00979085 0.00921451 0.00836416 0.00847957 0.00844803 0.0108507 0.00997434 0.0196239 0.0139691 0.0104735 0.0092601 0.00841974 0.0100383 0.0108443 0.0218485 0.0268529 0.0109549 0.0108417 0.00368766 0.0036309 0.00357794 0.00357795 0.00358838 0.00355786 0 0.00354478 0.00359224 0.00355306 0.0142317 0.0197369 0.0248223 0.0153783 0.05852 0.0101991 0.0181939 0.00928631 0.00961772 0.00945733 0.0140942 0.0136835 0.0133496 0.013068 0.0104703 0.00919351 0.00827669 0.0144361 0.00920263 0.0325154 0.0118074 0.020904 0.0105555 0.00921208 
0.00836611 0.00836503 0.00870047 0.00862254 0.00838337 0.00811731 0.00817931 0.00856297 0.00867099 0.00872986 0.00853062 0.0082508 0.00805176 0.00816025 0.00825164 0.00850965 0.00816924 0.00809362 0.00839423 0.00891261 0.00973651 0.0103834 0.00870163 0.00901072 0.00823565 0.00881853 0.00909856 0.0168299 0.0120747 0.0124207 0.0106393 0.00890028 0.00854791 0.0093032 0.0140212 0.0192593 0.0154941 0.0126342 0.00960903 0.00383056 0.00357727 0.00653439 0.00355036 0.00355911 0.00358255 0.00354478 0 0.00356771 0.00360743 0.0207626 0.0153398 0.0179486 0.0406841 0.0120822 0.0396471 0.00918392 0.0119997 0.00854767 0.0118578 0.0107198 0.0123872 0.012899 0.0126665 0.00956791 0.00937196 0.0106055 0.00858989 0.0298357 0.00962054 0.0213033 0.0119385 0.0120744 0.00886425 
0.00828759 0.00836006 0.00831181 0.00827803 0.00825118 0.00812143 0.00846012 0.00831545 0.00829651 0.0083834 0.00834568 0.00811832 0.00816237 0.00812696 0.0082887 0.00824399 0.00827166 0.00826452 0.00829024 0.00871945 0.00949617 0.00886182 0.00841407 0.00833193 0.00828713 0.00866037 0.0117538 0.00848507 0.00973078 0.00971881 0.00863255 0.00870394 0.00836594 0.0109298 0.0110322 0.0108219 0.0141399 0.0105288 0.0110849 0.00445473 0.00510773 0.00365492 0.00369215 0.00356147 0.00358864 0.00359224 0.00356771 0 0.00363597 0.0116992 0.0210429 0.021445 0.012498 0.0386017 0.00934557 0.0522207 0.0102236 0.0107992 0.00928812 0.0113446 0.0100243 0.0100968 0.0102443 0.0105059 0.0100959 0.00850118 0.0168897 0.00848061 0.0120585 0.00919076 0.011315 0.0102302 0.0105349 
0.0087693 0.00826215 0.00828185 0.00819202 0.00822203 0.00813279 0.00832936 0.00829335 0.00818313 0.00822829 0.00821649 0.00820451 0.00806615 0.00832219 0.00813282 0.00834596 0.00820066 0.00863479 0.00873316 0.00848357 0.00862468 0.00855552 0.00824695 0.0082343 0.00824749 0.0111342 0.00848754 0.0090245 0.00891243 0.00887811 0.00863367 0.00841904 0.0082236 0.012629 0.00958707 0.0100863 0.0091628 0.0094304 0.0104656 0.0100095 0.00523703 0.00432203 0.00371187 0.00363685 0.00385453 0.00355306 0.00360743 0.00363597 0 0.0229437 0.0129552 0.0121664 0.0194099 0.0107236 0.0197069 0.0104666 0.0661285 0.0110581 0.0090408 0.00861008 0.00930301 0.0092245 0.00958643 0.00887533 0.011066 0.0252141 0.00831101 0.0100035 0.00850512 0.00974999 0.00911367 0.00982816 0.00955196 
0.00883667 0.00847678 0.00851904 0.00848376 0.00855784 0.00840762 0.00834143 0.00858356 0.00846355 0.00850971 0.00849447 0.00835961 0.00838035 0.00835804 0.00833816 0.00853791 0.00846556 0.00833919 0.00896073 0.00854614 0.00914549 0.00909997 0.00858454 0.00843414 0.00842214 0.0100071 0.00887616 0.00975755 0.00979156 0.00934045 0.00929517 0.00912677 0.00935658 0.0160989 0.0132464 0.0117544 0.0116583 0.0101358 0.0145653 0.0166486 0.0138374 0.0180352 0.0169176 0.0207031 0.0167184 0.0142317 0.0207626 0.0116992 0.0229437 0 0.00371831 0.0036556 0.00368451 0.00372073 0.00409872 0.00418376 0.00681945 0.678691 0.0181471 0.0147664 0.012912 0.0142871 0.0126123 0.0134998 0.0274626 0.0335231 0.0122558 0.0179014 0.0171814 0.0190016 0.0160713 0.012968 0.0724052 
