1P0ZA
EERLHYQVGQRALIQAMQISAMPELVEAVQKRDLARIKALIDPMRSFSDATYITVGDASGQRLYHVNPDEIGKSMEGGDSDEALINAKSYVSVRKGSLGSSLRGKSPIQDATGKVIGIVSVGYTIEQLEHH
CCCCCHHHHHHHHHHHHHHHCCHHHHHHHHCCCHHHHHHHHHHHHHHCCCCEEEEEECCCEEEECCCHHHCCCECCCCCCHHHHHHCCCEEEEEEECCEEEEEEEEEEECCCCCEEEEEEEEEEHHHCCCC
0 0 0 0 0 0 0 0 0 0 0 0 0 0 0 0 0 0 0 0 0 0 0 0 0 0 0 0 0 0 0 0 0 0 0 0 0 0 0 0 0 0 0 0 0 0 0 0 0 0 0 0 0 0 0 0 0 0 0 0 0 0 0 0 0 0 0 0 0 0 0 0 0 0 0 0 0 0 0 0 0 0 0 0 0 0 0 0 0 0 0 0 0 0 0 0 0 0 0 0 0 0 0 0 0 0 0 0 0 0 0 0 0 0 0 0 0 0 0 0 0 0 0 0 0 0 0 0 0 0 0 
0 0 0 0 0 0 0 0 0 0 0 0 0 0 0 0 0 0 0 0 0 0 0 0 0 0 0 0 0 0 0 0 0 0 0 0 0 0 0 0 0 0 0 0 0 0 0 0 0 0 0 0 0 0 0 0 0 0 0 0 0 0 0 0 0 0 0 0 0 0 0 0 0 0 0 0 0 0 0 0 0 0 0 0 0 0 0 0 0 0 0 0 0 0 0 0 0 0 0 0 0 0 0 0 0 0 0 0 0 0 0 0 0 0 0 0 0 0 0 0 0 0 0 0 0 0 0 0 0 0 0 
0 0.00394649 0.00370055 0.003726 0.00366632 0.00465856 0.00995759 0.00685729 0.00751264 0.0480171 0.0352435 0.0233988 0.0109553 0.010892 0.00995568 0.0095553 0.010192 0.0197864 0.0121024 0.00943426 0.0101391 0.0102724 0.0113053 0.0130147 0.0119867 0.01014 0.0112364 0.0113084 0.0164027 0.0316194 0.0247603 0.0182501 0.013967 0.0141015 0.0129656 0.0146346 0.0112428 0.0116892 0.0193405 
0.00394649 0 0.00367978 0.0036992 0.00425171 0.00371009 0.00467465 0.00749518 0.0251066 0.0683761 0.014006 0.0224989 0.0244637 0.0159412 0.013315 0.01412 0.0128433 0.0131284 0.0100942 0.0153197 0.0119523 0.0299798 0.0144224 0.0463 0.0175595 0.0227367 0.0151307 0.0305917 0.0100627 0.0185706 0.0639219 0.0462407 0.0467218 0.0446577 0.024966 0.0550895 0.0184318 0.0385911 0.0098855 
0.00370055 0.00367978 0 0.00402516 0.00357855 0.00357746 0.00403792 0.058039 0.0449867 0.157336 0.009129 0.0113774 0.0219426 0.0328756 0.0234682 0.0265148 0.0131105 0.00918963 0.009591 0.0111579 0.0295118 0.0218198 0.0858804 0.0228772 0.0538955 0.0366894 0.0550707 0.0146 0.0132625 0.012446 0.037224 0.112477 0.0988377 0.0620418 0.170402 0.047979 0.117399 0.0163573 0.0106348 
0.003726 0.0036992 0.00402516 0 0.00357163 0.0035763 0.00541905 0.0409386 0.241848 0.0775782 0.00791121 0.0132437 0.0121366 0.0289118 0.0246458 0.0190953 0.0100366 0.0103205 0.00925631 0.0105304 0.0152989 0.0465052 0.0205973 0.0528231 0.0250605 0.041899 0.0218486 0.0231931 0.00985403 0.0115624 0.0280374 0.0678912 0.0763638 0.0883588 0.044453 0.120127 0.0292978 0.0268002 0.00947886 
0.00366632 0.00425171 0.00357855 0.00357163 0 0.00366622 0.0195954 0.774099 0.011186 0.00757091 0.0104585 0.0123415 0.0190222 0.0118185 0.0113577 0.0103259 0.014289 0.00909271 0.0105506 0.0109081 0.012762 0.0119416 0.0199919 0.0124336 0.0185748 0.0108903 0.0112946 0.0138367 0.0125781 0.0109143 0.0172844 0.0224036 0.0293204 0.0163209 0.0285423 0.0157627 0.0198935 0.0153663 0.0106542 
0.00465856 0.00371009 0.00357746 0.0035763 0.00366622 0 0.274909 0.00943804 0.00431243 0.00547359 0.0101517 0.0216553 0.0141557 0.00921259 0.00870959 0.00865244 0.00860264 0.0138879 0.018121 0.0092799 0.00946696 0.00957652 0.00984449 0.0102381 0.00951798 0.00888592 0.0088751 0.0104374 0.0113613 0.0143118 0.00978214 0.011236 0.0102548 0.0101587 0.00960623 0.0103773 0.00938082 0.0105159 0.0104339 
0.00995759 0.00467465 0.00403792 0.00541905 0.0195954 0.274909 0 0.00364023 0.00360806 0.00377323 0.0411316 0.0138576 0.0103269 0.00877632 0.0111308 0.00860376 0.0100128 0.0135717 0.00936606 0.00897016 0.00868564 0.00886561 0.0093644 0.00973219 0.00974278 0.00898784 0.0089698 0.0089973 0.0150369 0.0118031 0.0100883 0.00981281 0.0105276 0.00928506 0.00943333 0.00917833 0.00912953 0.0101859 0.0151887 
0.00685729 0.00749518 0.058039 0.0409386 0.774099 0.00943804 0.00364023 0 0.00375108 0.00354103 0.00741145 0.0145231 0.0159832 0.0140599 0.00932543 0.0099855 0.0097212 0.00937003 0.00903135 0.00919554 0.0100913 0.00991911 0.0128212 0.0115427 0.0113296 0.0105217 0.0125625 0.0105283 0.00974901 0.0100144 0.0135013 0.0198306 0.0155499 0.0119854 0.0172745 0.0109465 0.0135353 0.0128241 0.0100432 
0.00751264 0.0251066 0.0449867 0.241848 0.011186 0.00431243 0.00360806 0.00375108 0 0.00359119 0.0127095 0.016383 0.016836 0.011749 0.0106483 0.0101778 0.0118117 0.00959551 0.00943971 0.0102883 0.0095765 0.0137425 0.0121642 0.0170568 0.0131734 0.0116464 0.0107289 0.0220863 0.0102455 0.0103439 0.0147485 0.0188846 0.0215431 0.0185813 0.0144058 0.0213261 0.0158483 0.0238925 0.00926676 
0.0480171 0.0683761 0.157336 0.0775782 0.00757091 0.00547359 0.00377323 0.00354103 0.00359119 0 0.103535 0.0216471 0.0123788 0.0112783 0.0103701 0.0102062 0.0116556 0.0115945 0.0165061 0.00971336 0.0103343 0.0110991 0.0128105 0.0128071 0.0122854 0.0102329 0.0112725 0.0130434 0.0139032 0.0147533 0.0111153 0.0132529 0.0136022 0.0113501 0.0126507 0.0116056 0.0125273 0.0132588 0.013373 
0.0352435 0.014006 0.009129 0.00791121 0.0104585 0.0101517 0.0411316 0.00741145 0.0127095 0.103535 0 0.0277091 0.0102914 0.00790393 0.00838493 0.00752417 0.00996157 0.0140091 0.0135083 0.00879339 0.00842319 0.00840735 0.00898209 0.00880785 0.00901276 0.0113223 0.00844068 0.00907068 0.0174006 0.0152953 0.0092889 0.00920201 0.00886291 0.00858557 0.00903112 0.00860934 0.0087002 0.00941619 0.0176702 
0.0233988 0.0224989 0.0113774 0.0132437 0.0123415 0.0216553 0.0138576 0.0145231 0.016383 0.0216471 0.0277091 0 0.00382214 0.00360645 0.00367051 0.00383888 0.00374701 0.00768326 0.0053453 0.00556274 0.00654908 0.00692229 0.00772878 0.017102 0.695149 0.0193899 0.0175362 0.0107303 0.0174267 0.0193463 0.0121577 0.0118323 0.010771 0.0108373 0.0102567 0.0117877 0.00958895 0.0138216 0.0222328 
0.0109553 0.0244637 0.0219426 0.0121366 0.0190222 0.0141557 0.0103269 0.0159832 0.016836 0.0123788 0.0102914 0.00382214 0 0.00360372 0.00357964 0.00355672 0.00393941 0.00361015 0.00434475 0.00590024 0.00629891 0.00821008 0.0162328 0.69827 0.0104439 0.0147393 0.00782928 0.0102713 0.0106068 0.0100851 0.0185088 0.0147353 0.0135643 0.0106413 0.0140533 0.010532 0.011688 0.0133255 0.0113381 
0.010892 0.0159412 0.0328756 0.0289118 0.0118185 0.00921259 0.00877632 0.0140599 0.011749 0.0112783 0.00790393 0.00360645 0.00360372 0 0.00356239 0.0035866 0.0036037 0.00394756 0.00414514 0.00456814 0.0077394 0.00937406 0.795943 0.0187322 0.0199091 0.00780547 0.007877 0.00884245 0.00883031 0.00978366 0.0107304 0.0183024 0.0154356 0.013992 0.0169971 0.0126718 0.0176459 0.0117543 0.00931401 
0.00995568 0.013315 0.0234682 0.0246458 0.0113577 0.00870959 0.0111308 0.00932543 0.0106483 0.0103701 0.00838493 0.00367051 0.00357964 0.00356239 0 0.0035589 0.00358643 0.00359386 0.00381367 0.00537687 0.00669054 0.831881 0.00963102 0.0188323 0.00756469 0.00736836 0.00765223 0.00763024 0.00791087 0.00891317 0.0100777 0.0124767 0.0154875 0.0112068 0.0123234 0.0143953 0.0111713 0.0100589 0.00927476 
0.0095553 0.01412 0.0265148 0.0190953 0.0103259 0.00865244 0.00860376 0.0099855 0.0101778 0.0102062 0.00752417 0.00383888 0.00355672 0.0035866 0.0035589 0 0.00354545 0.00356011 0.00407623 0.00515672 0.885306 0.00681619 0.0171681 0.00612585 0.00777765 0.00688426 0.00688496 0.0076991 0.00704063 0.0088229 0.00926633 0.0137539 0.0123959 0.0121762 0.0132896 0.0121613 0.0117606 0.00983112 0.00849578 
0.010192 0.0128433 0.0131105 0.0100366 0.014289 0.00860264 0.0100128 0.0097212 0.0118117 0.0116556 0.00996157 0.00374701 0.00393941 0.0036037 0.00358643 0.00354545 0 0.00365485 0.00422038 0.889 0.00512451 0.00515501 0.00528121 0.00649718 0.00658001 0.00880193 0.00617105 0.00656867 0.00785708 0.00885778 0.0103761 0.0107983 0.0104731 0.00922054 0.0127815 0.00966878 0.0112511 0.0111447 0.00989114 
0.0197864 0.0131284 0.00918963 0.0103205 0.00909271 0.0138879 0.0135717 0.00937003 0.00959551 0.0115945 0.0140091 0.00768326 0.00361015 0.00394756 0.00359386 0.00356011 0.00365485 0 0.888646 0.00402288 0.00454941 0.00397648 0.00397935 0.0051 0.00592832 0.00513019 0.00546622 0.0072415 0.00601587 0.0176176 0.0106703 0.00961814 0.00979099 0.0100941 0.00890914 0.010713 0.00899832 0.0105501 0.00957821 
0.0121024 0.0100942 0.009591 0.00925631 0.0105506 0.018121 0.00936606 0.00903135 0.00943971 0.0165061 0.0135083 0.0053453 0.00434475 0.00414514 0.00381367 0.00407623 0.00422038 0.888646 0 0.00360418 0.00355574 0.00357767 0.00362624 0.00365496 0.00369706 0.00402442 0.00422597 0.00454865 0.0120181 0.00933436 0.00827871 0.00896841 0.00972066 0.00875945 0.00945561 0.00917083 0.00912854 0.0102154 0.0348645 
0.00943426 0.0153197 0.0111579 0.0105304 0.0109081 0.0092799 0.00897016 0.00919554 0.0102883 0.00971336 0.00879339 0.00556274 0.00590024 0.00456814 0.00537687 0.00515672 0.889 0.00402288 0.00360418 0 0.00356758 0.0035965 0.00356867 0.00353289 0.00358606 0.00363801 0.00388525 0.00452279 0.00502882 0.00768138 0.00951682 0.00967886 0.00924143 0.0100288 0.010144 0.0099915 0.0092243 0.0128284 0.0202424 
0.0101391 0.0119523 0.0295118 0.0152989 0.012762 0.00946696 0.00868564 0.0100913 0.0095765 0.0103343 0.00842319 0.00654908 0.00629891 0.0077394 0.00669054 0.885306 0.00512451 0.00454941 0.00355574 0.00356758 0 0.00357817 0.00355789 0.00355724 0.00358223 0.00409579 0.00366422 0.0043781 0.00703391 0.00706074 0.00878177 0.0137918 0.0136985 0.0102364 0.0145495 0.00909425 0.0242016 0.018637 0.525724 
0.0102724 0.0299798 0.0218198 0.0465052 0.0119416 0.00957652 0.00886561 0.00991911 0.0137425 0.0110991 0.00840735 0.00692229 0.00821008 0.00937406 0.831881 0.00681619 0.00515501 0.00397648 0.00357767 0.0035965 0.00357817 0 0.00354794 0.00355537 0.00357856 0.00358127 0.00375886 0.00367589 0.00372611 0.00722423 0.00852709 0.0111426 0.012198 0.0158576 0.00982519 0.0290171 0.0195819 0.801721 0.00847498 
0.0113053 0.0144224 0.0858804 0.0205973 0.0199919 0.00984449 0.0093644 0.0128212 0.0121642 0.0128105 0.00898209 0.00772878 0.0162328 0.795943 0.00963102 0.0171681 0.00528121 0.00397935 0.00362624 0.00356867 0.00355789 0.00354794 0 0.00354639 0.00358916 0.00356966 0.00352645 0.00363911 0.00373593 0.00772846 0.00863691 0.0142361 0.0196311 0.00940095 0.0412264 0.0196255 0.849863 0.0112534 0.0110634 
0.0130147 0.0463 0.0228772 0.0528231 0.0124336 0.0102381 0.00973219 0.0115427 0.0170568 0.0128071 0.00880785 0.017102 0.69827 0.0187322 0.0188323 0.00612585 0.00649718 0.0051 0.00365496 0.00353289 0.00355724 0.00355537 0.00354639 0 0.00356578 0.00355757 0.00355346 0.00355389 0.00360043 0.00773841 0.00994506 0.0143366 0.0116866 0.0362366 0.033417 0.881382 0.0120377 0.017759 0.00796739 
0.0119867 0.0175595 0.0538955 0.0250605 0.0185748 0.00951798 0.00974278 0.0113296 0.0131734 0.0122854 0.00901276 0.695149 0.0104439 0.0199091 0.00756469 0.00777765 0.00658001 0.00592832 0.00369706 0.00358606 0.00358223 0.00357856 0.00358916 0.00356578 0 0.0035512 0.00358271 0.00357437 0.00361922 0.00800163 0.0116945 0.0112637 0.0449189 0.0434174 0.859456 0.0115855 0.0210069 0.00937323 0.00872582 
0.01014 0.0227367 0.0366894 0.041899 0.0108903 0.00888592 0.00898784 0.0105217 0.0116464 0.0102329 0.0113223 0.0193899 0.0147393 0.00780547 0.00736836 0.00688426 0.00880193 0.00513019 0.00402442 0.00363801 0.00409579 0.00358127 0.00356966 0.00355757 0.0035512 0 0.00355028 0.00355449 0.00355066 0.00672771 0.00691789 0.0350731 0.0467796 0.814874 0.0191144 0.0124705 0.00995977 0.00994657 0.00700914 
0.0112364 0.0151307 0.0550707 0.0218486 0.0112946 0.0088751 0.0089698 0.0125625 0.0107289 0.0112725 0.00844068 0.0175362 0.00782928 0.007877 0.00765223 0.00688496 0.00617105 0.00546622 0.00422597 0.00388525 0.00366422 0.00375886 0.00352645 0.00355346 0.00358271 0.00355028 0 0.00355227 0.00357025 0.00605789 0.0186068 0.0590536 0.805136 0.0146863 0.0118989 0.00857604 0.0144951 0.00782504 0.00675565 
0.0113084 0.0305917 0.0146 0.0231931 0.0138367 0.0104374 0.0089973 0.0105283 0.0220863 0.0130434 0.00907068 0.0107303 0.0102713 0.00884245 0.00763024 0.0076991 0.00656867 0.0072415 0.00454865 0.00452279 0.0043781 0.00367589 0.00363911 0.00355389 0.00357437 0.00355449 0.00355227 0 0.00354946 0.02013 0.0743252 0.620282 0.0130719 0.00890876 0.00812249 0.00892939 0.00782697 0.0118148 0.00659357 
0.0164027 0.0100627 0.0132625 0.00985403 0.0125781 0.0113613 0.0150369 0.00974901 0.0102455 0.0139032 0.0174006 0.0174267 0.0106068 0.00883031 0.00791087 0.00704063 0.00785708 0.00601587 0.0120181 0.00502882 0.00703391 0.00372611 0.00373593 0.00360043 0.00361922 0.00355066 0.00357025 0.00354946 0 0.897954 0.0868271 0.00671444 0.0128613 0.00841732 0.00904091 0.00719876 0.00798587 0.00801073 0.0106376 
0.0316194 0.0185706 0.012446 0.0115624 0.0109143 0.0143118 0.0118031 0.0100144 0.0103439 0.0147533 0.0152953 0.0193463 0.0100851 0.00978366 0.00891317 0.0088229 0.00885778 0.0176176 0.00933436 0.00768138 0.00706074 0.00722423 0.00772846 0.00773841 0.00800163 0.00672771 0.00605789 0.02013 0.897954 0 0.0040319 0.00358808 0.00361994 0.00364633 0.00373577 0.00369746 0.00424879 0.00483017 0.0139841 
0.0247603 0.0639219 0.037224 0.0280374 0.0172844 0.00978214 0.0100883 0.0135013 0.0147485 0.0111153 0.0092889 0.0121577 0.0185088 0.0107304 0.0100777 0.00926633 0.0103761 0.0106703 0.00827871 0.00951682 0.00878177 0.00852709 0.00863691 0.00994506 0.0116945 0.00691789 0.0186068 0.0743252 0.0868271 0.0040319 0 0.00356767 0.00358193 0.00363176 0.00381864 0.00366251 0.00396855 0.00559947 0.00453483 
0.0182501 0.0462407 0.112477 0.0678912 0.0224036 0.011236 0.00981281 0.0198306 0.0188846 0.0132529 0.00920201 0.0118323 0.0147353 0.0183024 0.0124767 0.0137539 0.0107983 0.00961814 0.00896841 0.00967886 0.0137918 0.0111426 0.0142361 0.0143366 0.0112637 0.0350731 0.0590536 0.620282 0.00671444 0.00358808 0.00356767 0 0.0035801 0.00357684 0.00363857 0.00359625 0.00474976 0.00410007 0.00384975 
0.013967 0.0467218 0.0988377 0.0763638 0.0293204 0.0102548 0.0105276 0.0155499 0.0215431 0.0136022 0.00886291 0.010771 0.0135643 0.0154356 0.0154875 0.0123959 0.0104731 0.00979099 0.00972066 0.00924143 0.0136985 0.012198 0.0196311 0.0116866 0.0449189 0.0467796 0.805136 0.0130719 0.0128613 0.00361994 0.00358193 0.0035801 0 0.00356701 0.00359085 0.00363102 0.00375354 0.00374448 0.00378935 
0.0141015 0.0446577 0.0620418 0.0883588 0.0163209 0.0101587 0.00928506 0.0119854 0.0185813 0.0113501 0.00858557 0.0108373 0.0106413 0.013992 0.0112068 0.0121762 0.00922054 0.0100941 0.00875945 0.0100288 0.0102364 0.0158576 0.00940095 0.0362366 0.0434174 0.814874 0.0146863 0.00890876 0.00841732 0.00364633 0.00363176 0.00357684 0.00356701 0 0.00357492 0.00357343 0.00359175 0.00360287 0.00368642 
0.0129656 0.024966 0.170402 0.044453 0.0285423 0.00960623 0.00943333 0.0172745 0.0144058 0.0126507 0.00903112 0.0102567 0.0140533 0.0169971 0.0123234 0.0132896 0.0127815 0.00890914 0.00945561 0.010144 0.0145495 0.00982519 0.0412264 0.033417 0.859456 0.0191144 0.0118989 0.00812249 0.00904091 0.00373577 0.00381864 0.00363857 0.00359085 0.00357492 0 0.00357024 0.00361212 0.00358904 0.00361871 
0.0146346 0.0550895 0.047979 0.120127 0.0157627 0.0103773 0.00917833 0.0109465 0.0213261 0.0116056 0.00860934 0.0117877 0.010532 0.0126718 0.0143953 0.0121613 0.00966878 0.010713 0.00917083 0.0099915 0.00909425 0.0290171 0.0196255 0.881382 0.0115855 0.0124705 0.00857604 0.00892939 0.00719876 0.00369746 0.00366251 0.00359625 0.00363102 0.00357343 0.00357024 0 0.00357051 0.00356596 0.00358008 
0.0112428 0.0184318 0.117399 0.0292978 0.0198935 0.00938082 0.00912953 0.0135353 0.0158483 0.0125273 0.0087002 0.00958895 0.011688 0.0176459 0.0111713 0.0117606 0.0112511 0.00899832 0.00912854 0.0092243 0.0242016 0.0195819 0.849863 0.0120377 0.0210069 0.00995977 0.0144951 0.00782697 0.00798587 0.00424879 0.00396855 0.00474976 0.00375354 0.00359175 0.00361212 0.00357051 0 0.00355535 0.00357519 
0.0116892 0.0385911 0.0163573 0.0268002 0.0153663 0.0105159 0.0101859 0.0128241 0.0238925 0.0132588 0.00941619 0.0138216 0.0133255 0.0117543 0.0100589 0.00983112 0.0111447 0.0105501 0.0102154 0.0128284 0.018637 0.801721 0.0112534 0.017759 0.00937323 0.00994657 0.00782504 0.0118148 0.00801073 0.00483017 0.00559947 0.00410007 0.00374448 0.00360287 0.00358904 0.00356596 0.00355535 0 0.00356707 
0.0193405 0.0098855 0.0106348 0.00947886 0.0106542 0.0104339 0.0151887 0.0100432 0.00926676 0.013373 0.0176702 0.0222328 0.0113381 0.00931401 0.00927476 0.00849578 0.00989114 0.00957821 0.0348645 0.0202424 0.525724 0.00847498 0.0110634 0.00796739 0.00872582 0.00700914 0.00675565 0.00659357 0.0106376 0.0139841 0.00453483 0.00384975 0.00378935 0.00368642 0.00361871 0.00358008 0.00357519 0.00356707 0 
