1PM4A
IPNIATYTGTIQGKGEVCIIGNKEGKTRGGELYAVLHSTNVNADMTLILLRNVGGNGWGEIKRNDIDKPLKYEDYYTSGLSWIWKIKNNSSETSNYSLDATVHDDKEDSDVLTKCPV
CCCEEEEEEEECCCCEEEEEECCCCCCCCEEEEEEEECCCCCCCEEEEEEEECCCCEEEEEEEEECCCCEEEEEEECCCCCEEEEEEECCCCCEEEEEEEECCCCCCHHHECCCCCC
0 0 0 0 0 0 0 0 0 0 0 0 0 0 0 0 0 0 0 0 0 0 0 0 0 0 0 0 0 0 0 0 0 0 0 0 0 0 0 0 0 0 0 0 0 0 0 0 0 0 0 0 0 0 0 0 0 0 0 0 0 0 0 0 0 0 0 0 0 0 0 0 0 0 0 0 0 0 0 0 0 0 0 0 0 0 0 0 0 0 0 0 0 0 0 0 0 0 0 0 0 0 0 0 0 0 0 0 0 0 0 0 0 0 0 0 0 
0 0 0 0 0 0 0 0 0 0 0 0 0 0 0 0 0 0 0 0 0 0 0 0 0 0 0 0 0 0 0 0 0 0 0 0 0 0 0 0 0 0 0 0 0 0 0 0 0 0 0 0 0 0 0 0 0 0 0 0 0 0 0 0 0 0 0 0 0 0 0 0 0 0 0 0 0 0 0 0 0 0 0 0 0 0 0 0 0 0 0 0 0 0 0 0 0 0 0 0 0 0 0 0 0 0 0 0 0 0 0 0 0 0 0 0 0 
0 0.00381516 0.00373786 0.0039703 0.00401083 0.00394934 0.00424694 0.00558054 0.00984942 0.00662457 0.0100449 0.0117035 0.00947879 0.0334351 0.0166116 0.0107912 0.00891018 0.0121182 0.0110791 0.0108743 0.00930248 0.0173868 0.0131821 0.0156811 0.0107888 0.0146192 0.0103997 0.0099885 0.0100697 0.0214163 0.00970861 0.00871303 0.0089147 0.00931376 0.00918734 0.0134426 0.00890001 0.00896251 0.0114258 0.00973729 0.00891499 0.00887945 0.00900153 0.00842991 0.0091734 0.011685 0.00935813 0.00908634 0.00916579 0.00999575 0.00926388 0.0105749 0.0115132 0.00861865 0.00843039 0.00834477 0.00859602 0.00838041 0.00903729 0.00870139 0.0126402 0.00833725 
0.00381516 0 0.00367546 0.00376232 0.00367891 0.00417887 0.00379102 0.00536177 0.00525408 0.0158143 0.00725325 0.00938343 0.0262201 0.0333198 0.0147738 0.00858293 0.0167779 0.00940734 0.0252866 0.0105697 0.0290502 0.00930358 0.0162476 0.0113912 0.0280613 0.0139651 0.018807 0.0125228 0.0266503 0.00935643 0.00898129 0.00921212 0.0108965 0.00930079 0.0140347 0.00885585 0.0113463 0.00988817 0.00875496 0.0114094 0.00851432 0.0141658 0.00887736 0.00984643 0.0100571 0.0116289 0.00891209 0.0106149 0.0116789 0.00996403 0.0133859 0.00924121 0.00948991 0.00845445 0.00826105 0.00925044 0.00826229 0.0120888 0.00852655 0.0232225 0.00868994 0.00823782 
0.00373786 0.00367546 0 0.00368078 0.00398312 0.00364685 0.00583646 0.00362495 0.0119035 0.00646234 0.0103019 0.0174002 0.0182623 0.0444821 0.00848851 0.0240559 0.00869645 0.0250577 0.0114833 0.0407521 0.00966037 0.0148344 0.00922934 0.0249402 0.010863 0.0354753 0.0199812 0.0269748 0.00970908 0.00993848 0.00868362 0.0113194 0.00929079 0.0280667 0.00905483 0.0244893 0.00896517 0.00955453 0.00954914 0.00857928 0.0181948 0.00872825 0.0158451 0.0100301 0.0148163 0.00880338 0.00983827 0.0103638 0.0122406 0.0367349 0.0093439 0.0155948 0.00849 0.00826684 0.00999699 0.00846215 0.0151294 0.00902332 0.0442273 0.00889524 0.0127622 0.00828809 
0.0039703 0.00376232 0.00368078 0 0.00363513 0.00425253 0.00358459 0.00477523 0.00449029 0.0167196 0.0116465 0.0595726 0.0628567 0.0171472 0.0147904 0.00836361 0.0295859 0.00926243 0.0460603 0.00995025 0.0190849 0.00891402 0.0203099 0.00938415 0.043408 0.0193578 0.025549 0.0155466 0.0111601 0.00885225 0.00925186 0.00896488 0.0160907 0.00935897 0.0311799 0.00886355 0.0163287 0.00909927 0.008457 0.0137014 0.00837834 0.0247307 0.00909363 0.0142658 0.00897946 0.0105339 0.00916967 0.0112707 0.0225133 0.0116784 0.0260849 0.0085983 0.00926643 0.00906432 0.00813281 0.015084 0.0084028 0.0529794 0.00894776 0.0188455 0.00854097 0.00827131 
0.00401083 0.00367891 0.00398312 0.00363513 0 0.0036045 0.00387709 0.00355334 0.00639326 0.00784055 0.0264002 0.0413635 0.0206334 0.00788164 0.00823177 0.021132 0.00840841 0.0281656 0.0102547 0.0165257 0.00880039 0.0144927 0.00893107 0.0202608 0.0102728 0.0280906 0.0153808 0.0124293 0.00949052 0.00999226 0.00870195 0.0106372 0.00923906 0.0272638 0.00888143 0.0204096 0.0087904 0.00900599 0.00995011 0.00845767 0.0164262 0.00861145 0.0178298 0.00921913 0.0103931 0.00883666 0.00926923 0.0112314 0.0112286 0.0224981 0.00873563 0.0112203 0.00842144 0.0081608 0.0109289 0.00845196 0.0390243 0.0087581 0.0210424 0.00870568 0.0120286 0.00822291 
0.00394934 0.00417887 0.00364685 0.00425253 0.0036045 0 0.00356892 0.00404969 0.00395314 0.0380593 0.0287628 0.0481783 0.00998469 0.00697732 0.0171833 0.00803637 0.0428084 0.0097707 0.0211772 0.0113901 0.0183163 0.00891509 0.0315437 0.00965515 0.055468 0.0169568 0.0205049 0.0169006 0.0117882 0.00886765 0.00976583 0.00910295 0.0182713 0.009626 0.0332479 0.00902341 0.0170621 0.00918999 0.00857642 0.0167966 0.00854939 0.0391714 0.00926872 0.0120473 0.00906827 0.0109014 0.0100563 0.0129899 0.0228782 0.0100565 0.0267586 0.00882577 0.0100303 0.00935271 0.00844637 0.037801 0.00863806 0.0276882 0.0090835 0.019704 0.00865342 0.00837401 
0.00424694 0.00379102 0.00583646 0.00358459 0.00387709 0.00356892 0 0.0036375 0.022626 0.0427748 0.0461509 0.016266 0.0068881 0.00719724 0.00794728 0.0503703 0.00840943 0.0145803 0.0100304 0.015026 0.00973919 0.0162097 0.00901421 0.0449784 0.00973338 0.0154208 0.0130531 0.0107428 0.0102862 0.0103142 0.00868339 0.0160129 0.00932557 0.0166487 0.00885467 0.014299 0.0087226 0.00944276 0.0103478 0.00864644 0.0445149 0.00856533 0.0108357 0.00917221 0.0119122 0.00879722 0.00955438 0.0140475 0.00994008 0.0161079 0.00869278 0.0151215 0.008379 0.00826164 0.0369281 0.00841238 0.0136778 0.00873042 0.0149052 0.00869467 0.0128817 0.0085746 
0.00558054 0.00536177 0.00362495 0.00477523 0.00355334 0.00404969 0.0036375 0 0.0284737 0.0397882 0.00489438 0.00566619 0.00640874 0.00841419 0.0444673 0.00838134 0.0114662 0.00926774 0.0114338 0.00945387 0.0162128 0.0103171 0.0576693 0.00996708 0.0123344 0.0107868 0.0105039 0.0104799 0.0100258 0.00901919 0.0138611 0.00907608 0.0125203 0.00884586 0.0119683 0.0086551 0.00959835 0.00870385 0.00860666 0.0464403 0.00848761 0.0113868 0.00873495 0.00933563 0.0086766 0.0129868 0.0119819 0.00929143 0.0101872 0.00886052 0.0101024 0.00851557 0.00997774 0.0258431 0.00826104 0.010145 0.00847233 0.0101821 0.00864915 0.0100665 0.00895788 0.00990569 
0.00984942 0.00525408 0.0119035 0.00449029 0.00639326 0.00395314 0.022626 0.0284737 0 0.00358479 0.00357221 0.00359538 0.00367146 0.00517553 0.00607899 0.0110047 0.00730839 0.0115548 0.0123143 0.0358849 0.0164115 0.0429003 0.0110742 0.0263135 0.0108202 0.0205069 0.0109544 0.0101193 0.0117411 0.0177377 0.0100257 0.00950612 0.00905772 0.0128247 0.00891953 0.0122582 0.00879511 0.00920551 0.0139993 0.0089776 0.014479 0.00886134 0.00964042 0.00870913 0.0144915 0.0111633 0.0109254 0.00971771 0.00940372 0.011576 0.00879854 0.0136042 0.0101209 0.00853787 0.00916896 0.00850883 0.00944459 0.00831486 0.0106811 0.00900057 0.024755 0.00872092 
0.00662457 0.0158143 0.00646234 0.0167196 0.00784055 0.0380593 0.0427748 0.0397882 0.00358479 0 0.00362097 0.00358855 0.00365432 0.00364251 0.0085288 0.00688605 0.0136559 0.00971737 0.077631 0.0178671 0.0584133 0.0121424 0.0281522 0.0136927 0.0465845 0.020349 0.0225884 0.0171149 0.0138929 0.00947848 0.00985169 0.00998291 0.0170403 0.0103757 0.0283398 0.00976147 0.0141046 0.0132307 0.0089084 0.021035 0.00909802 0.0222901 0.0103531 0.0130478 0.0109351 0.0124066 0.0123739 0.0186296 0.0227126 0.0112745 0.0532419 0.0100635 0.0117973 0.00950305 0.00848602 0.0130231 0.00897897 0.0221378 0.0094676 0.0337753 0.00986324 0.00844623 
0.0100449 0.00725325 0.0103019 0.0116465 0.0264002 0.0287628 0.0461509 0.00489438 0.00357221 0.00362097 0 0.0036122 0.00356512 0.00370586 0.00677139 0.0171822 0.015968 0.0459334 0.0299229 0.0403641 0.01337 0.0139721 0.011142 0.0348952 0.030936 0.0699922 0.0524312 0.0251625 0.0129135 0.0103199 0.00973844 0.0158689 0.0177257 0.0506355 0.0226946 0.0385775 0.0141071 0.0115828 0.0105986 0.00967727 0.021809 0.0143207 0.0348813 0.0248897 0.0157775 0.00972936 0.0179882 0.0324323 0.0404867 0.158807 0.0222809 0.0184133 0.00948614 0.00879491 0.0127433 0.0125563 0.0326934 0.0165554 0.0586975 0.0126627 0.0128459 0.00845958 
0.0117035 0.00938343 0.0174002 0.0595726 0.0413635 0.0481783 0.016266 0.00566619 0.00359538 0.00358855 0.0036122 0 0.00355285 0.00359232 0.00888065 0.0200115 0.0496924 0.0673394 0.0665518 0.0657679 0.0219367 0.0127784 0.0177278 0.0246866 0.0737419 0.0943886 0.114558 0.0510712 0.01861 0.0116959 0.0108443 0.0155953 0.0491275 0.0384727 0.0516412 0.0280876 0.0275869 0.0150575 0.00957819 0.011644 0.0122389 0.0449629 0.0411707 0.0438084 0.0156475 0.010865 0.020058 0.043418 0.221745 0.0506638 0.0860396 0.014126 0.0110361 0.00942231 0.0098502 0.026473 0.0247046 0.0824481 0.0365598 0.0306677 0.012588 0.00849757 
0.00947879 0.0262201 0.0182623 0.0628567 0.0206334 0.00998469 0.0068881 0.00640874 0.00367146 0.00365432 0.00356512 0.00355285 0 0.00356162 0.0159465 0.0810195 0.0288374 0.0297096 0.0295991 0.0127425 0.0238209 0.0124893 0.0119627 0.0249373 0.0244442 0.038794 0.0336691 0.0281292 0.0248178 0.011528 0.00990946 0.0213712 0.0155599 0.0236977 0.018887 0.0155051 0.0138888 0.0173686 0.0102985 0.0102424 0.0156471 0.0147001 0.0171432 0.0155307 0.0190152 0.0114039 0.0119744 0.0787564 0.0248754 0.0280083 0.0170955 0.0189084 0.0104867 0.00886271 0.0105519 0.01125 0.0239921 0.0161767 0.0178294 0.0253715 0.0148967 0.00889123 
0.0334351 0.0333198 0.0444821 0.0171472 0.00788164 0.00697732 0.00719724 0.00841419 0.00517553 0.00364251 0.00370586 0.00359232 0.00356162 0 0.145234 0.0302646 0.0273118 0.0144226 0.013633 0.010714 0.0116 0.0237156 0.0162075 0.0152454 0.0126635 0.0131218 0.0155347 0.0116973 0.0127165 0.0113253 0.0144779 0.0104648 0.0113789 0.0101893 0.0119063 0.00974329 0.00937242 0.00914588 0.0102021 0.0230325 0.01022 0.0103891 0.0102012 0.00987038 0.0104001 0.0170935 0.03012 0.0115177 0.01172 0.011299 0.010063 0.00959983 0.0129818 0.0117958 0.00895451 0.0124128 0.00951934 0.010011 0.0108269 0.0120463 0.0167186 0.0111906 
0.0166116 0.0147738 0.00848851 0.0147904 0.00823177 0.0171833 0.00794728 0.0444673 0.00607899 0.0085288 0.00677139 0.00888065 0.0159465 0.145234 0 0.00414442 0.00413916 0.00367248 0.00528534 0.00382169 0.00523758 0.0052415 0.00938048 0.00718235 0.0114894 0.00998528 0.00915015 0.0134923 0.0224978 0.0344298 0.00998391 0.00835217 0.00941007 0.00840656 0.0115951 0.00881106 0.0112295 0.00913159 0.01318 0.0236613 0.00853388 0.0136151 0.00873328 0.00900214 0.00936661 0.0324687 0.011168 0.00955328 0.00943443 0.00894465 0.0111588 0.00976372 0.0229145 0.00959924 0.00829049 0.00987014 0.00826067 0.00960248 0.00841614 0.0136657 0.0111698 0.0100459 
0.0107912 0.00858293 0.0240559 0.00836361 0.021132 0.00803637 0.0503703 0.00838134 0.0110047 0.00688605 0.0171822 0.0200115 0.0810195 0.0302646 0.00414442 0 0.00362413 0.00357481 0.00362432 0.00363079 0.00378044 0.00565925 0.00620109 0.0169582 0.00787441 0.011674 0.0143908 0.0196259 0.0298272 0.0194681 0.00832155 0.0090122 0.00858381 0.0168183 0.00858286 0.016871 0.00880896 0.0105202 0.00963913 0.00875586 0.0175988 0.00868962 0.0206205 0.00954401 0.0141713 0.00972957 0.0108002 0.0100627 0.0103296 0.0204959 0.00895136 0.0284581 0.00919693 0.00834838 0.00976226 0.00853592 0.0110883 0.00880068 0.0171219 0.00928386 0.0151521 0.00813601 
0.00891018 0.0167779 0.00869645 0.0295859 0.00840841 0.0428084 0.00840943 0.0114662 0.00730839 0.0136559 0.015968 0.0496924 0.0288374 0.0273118 0.00413916 0.00362413 0 0.00359324 0.00358508 0.00355656 0.00389519 0.00368215 0.00831343 0.00758056 0.0112935 0.0118419 0.021308 0.0240721 0.0516465 0.00860655 0.00825691 0.00877178 0.013749 0.00909306 0.0188673 0.00988896 0.0146111 0.00949403 0.00858131 0.0131328 0.008737 0.0293399 0.00973534 0.0211535 0.0100392 0.0111567 0.010073 0.015322 0.0274681 0.011108 0.0434226 0.00925832 0.0102777 0.00882031 0.00850726 0.0149082 0.00895138 0.028909 0.00973372 0.0226146 0.00942879 0.00820511 
0.0121182 0.00940734 0.0250577 0.00926243 0.0281656 0.0097707 0.0145803 0.00926774 0.0115548 0.00971737 0.0459334 0.0673394 0.0297096 0.0144226 0.00367248 0.00357481 0.00359324 0 0.0035703 0.0035952 0.00363119 0.00379697 0.0078107 0.00995839 0.0099438 0.0416042 0.0231479 0.0309704 0.0217387 0.0116684 0.00896192 0.0108478 0.0107089 0.022314 0.012987 0.0188005 0.010685 0.00969021 0.0101244 0.00994937 0.0176003 0.0103831 0.0224503 0.0148241 0.0135425 0.0104025 0.0129885 0.0192925 0.0271843 0.0580454 0.0127269 0.0165704 0.0100689 0.00894387 0.0107497 0.0103036 0.0282474 0.0119266 0.0442367 0.0106871 0.0146665 0.00839514 
0.0110791 0.0252866 0.0114833 0.0460603 0.0102547 0.0211772 0.0100304 0.0114338 0.0123143 0.077631 0.0299229 0.0665518 0.0295991 0.013633 0.00528534 0.00362432 0.00358508 0.0035703 0 0.00355788 0.0035763 0.00357428 0.00954114 0.0211351 0.0347915 0.0327047 0.0643683 0.0404907 0.0183212 0.00989961 0.0105212 0.0111463 0.0235292 0.0185027 0.0301422 0.013556 0.0239525 0.0122837 0.00963634 0.0179201 0.010987 0.0393434 0.0205994 0.0295978 0.0145105 0.0119393 0.0210749 0.0400544 0.084445 0.0338965 0.0584873 0.0114579 0.0112016 0.0102026 0.010186 0.0318618 0.015715 0.0631058 0.0160452 0.0356262 0.0119312 0.0088492 
0.0108743 0.0105697 0.0407521 0.00995025 0.0165257 0.0113901 0.015026 0.00945387 0.0358849 0.0178671 0.0403641 0.0657679 0.0127425 0.010714 0.00382169 0.00363079 0.00355656 0.0035952 0.00355788 0 0.00355828 0.00357104 0.00904411 0.0179783 0.0203788 0.0874551 0.0315653 0.0202565 0.0112191 0.0133148 0.00871014 0.0111679 0.0154687 0.0344019 0.0131801 0.0208552 0.013378 0.0105853 0.00999749 0.00997142 0.0212906 0.0140909 0.0372786 0.0231875 0.0143199 0.00994883 0.0197768 0.0357957 0.0667548 0.0713189 0.0214695 0.0213992 0.0102473 0.00922707 0.0125375 0.0119334 0.0379151 0.0188883 0.0735385 0.0141251 0.0163736 0.00854918 
0.00930248 0.0290502 0.00966037 0.0190849 0.00880039 0.0183163 0.00973919 0.0162128 0.0164115 0.0584133 0.01337 0.0219367 0.0238209 0.0116 0.00523758 0.00378044 0.00389519 0.00363119 0.0035763 0.00355828 0 0.00360063 0.0326087 0.0235731 0.0481924 0.0148112 0.0306874 0.0117058 0.0332433 0.00772777 0.0089965 0.0117153 0.0165725 0.0135132 0.0166081 0.00922806 0.0157462 0.014806 0.00977075 0.0183153 0.00997115 0.0225385 0.0102012 0.014731 0.0134022 0.0119256 0.0150683 0.037167 0.0232799 0.0158923 0.0270833 0.0119945 0.0119686 0.00930324 0.00972711 0.0131243 0.00957466 0.0246287 0.0102583 0.0419316 0.0109438 0.00934046 
0.0173868 0.00930358 0.0148344 0.00891402 0.0144927 0.00891509 0.0162097 0.0103171 0.0429003 0.0121424 0.0139721 0.0127784 0.0124893 0.0237156 0.0052415 0.00565925 0.00368215 0.00379697 0.00357428 0.00357104 0.00360063 0 0.00861903 0.068954 0.0124077 0.0143199 0.0103425 0.010921 0.0084126 0.0138804 0.0119158 0.00966559 0.00984273 0.0108407 0.00979691 0.0155382 0.00881458 0.00904988 0.017298 0.0146725 0.0128464 0.00913765 0.0112209 0.00930859 0.0121049 0.0137448 0.0169667 0.0100912 0.0103998 0.0128659 0.0094601 0.0138321 0.0106672 0.0133944 0.0100308 0.00900416 0.0116726 0.00915086 0.0141263 0.00952952 0.0335336 0.0120651 
0.0131821 0.0162476 0.00922934 0.0203099 0.00893107 0.0315437 0.00901421 0.0576693 0.0110742 0.0281522 0.011142 0.0177278 0.0119627 0.0162075 0.00938048 0.00620109 0.00831343 0.0078107 0.00954114 0.00904411 0.0326087 0.00861903 0 0.00357413 0.00360225 0.00365605 0.00369775 0.00398305 0.00388974 0.00489255 0.00598858 0.00618387 0.0114563 0.00751474 0.0121457 0.00899766 0.0832953 0.0894336 0.129 0.0315311 0.0101532 0.0213894 0.00948869 0.0147291 0.0099355 0.0295261 0.0155619 0.0149152 0.0149441 0.0109762 0.024392 0.00980233 0.0385037 0.0140384 0.00888806 0.0146827 0.0107077 0.0175489 0.0102859 0.0207217 0.0175642 0.0101752 
0.0156811 0.0113912 0.0249402 0.00938415 0.0202608 0.00965515 0.0449784 0.00996708 0.0263135 0.0136927 0.0348952 0.0246866 0.0249373 0.0152454 0.00718235 0.0169582 0.00758056 0.00995839 0.0211351 0.0179783 0.0235731 0.068954 0.00357413 0 0.00362786 0.00360176 0.00361195 0.00375478 0.00379313 0.00407693 0.00568328 0.00678989 0.00676349 0.0138459 0.00883255 0.0629598 0.112818 0.188126 0.0481784 0.0101723 0.0260501 0.0104498 0.0190399 0.0119291 0.0241385 0.0116739 0.0229114 0.0198443 0.0173685 0.0383586 0.0124465 0.0845538 0.0109541 0.00980173 0.0165247 0.0103367 0.0191661 0.0117016 0.0277401 0.0186904 0.0247187 0.00920712 
0.0107888 0.0280613 0.010863 0.043408 0.0102728 0.055468 0.00973338 0.0123344 0.0108202 0.0465845 0.030936 0.0737419 0.0244442 0.0126635 0.0114894 0.00787441 0.0112935 0.0099438 0.0347915 0.0203788 0.0481924 0.0124077 0.00360225 0.00362786 0 0.00363641 0.00363267 0.00360407 0.00360371 0.00360562 0.00670184 0.0069544 0.0103445 0.0161792 0.0576358 0.089662 0.204484 0.0462499 0.00822611 0.0148017 0.0104434 0.0338854 0.0131996 0.0234026 0.0133208 0.0122079 0.0143637 0.0354231 0.0467535 0.0258453 0.132814 0.0117754 0.0115738 0.0112774 0.0103618 0.0279027 0.0176105 0.0612473 0.0231294 0.0340225 0.0130555 0.00880379 
0.0146192 0.0139651 0.0354753 0.0193578 0.0280906 0.0169568 0.0154208 0.0107868 0.0205069 0.020349 0.0699922 0.0943886 0.038794 0.0131218 0.00998528 0.011674 0.0118419 0.0416042 0.0327047 0.0874551 0.0148112 0.0143199 0.00365605 0.00360176 0.00363641 0 0.00359909 0.00365616 0.00362498 0.00363042 0.0058304 0.00793261 0.033209 0.0671241 0.208501 0.185694 0.0917404 0.00928647 0.00984712 0.0119834 0.0153303 0.0189983 0.0307972 0.0261426 0.0206959 0.0114071 0.0184015 0.0314349 0.0637089 0.122494 0.0555235 0.0208874 0.0126633 0.0108308 0.0153698 0.0196434 0.0422258 0.0429387 0.0635442 0.0256446 0.0203678 0.00927724 
0.0103997 0.018807 0.0199812 0.025549 0.0153808 0.0205049 0.0130531 0.0105039 0.0109544 0.0225884 0.0524312 0.114558 0.0336691 0.0155347 0.00915015 0.0143908 0.021308 0.0231479 0.0643683 0.0315653 0.0306874 0.0103425 0.00369775 0.00361195 0.00363267 0.00359909 0 0.00356484 0.00353693 0.00357947 0.00519446 0.0157068 0.0702759 0.243157 0.21454 0.100036 0.00961774 0.00952452 0.00819926 0.0103703 0.0123386 0.0216178 0.0188992 0.0183125 0.0171875 0.0107134 0.0173224 0.0274496 0.115347 0.0567605 0.0375598 0.0197315 0.0123522 0.011247 0.012388 0.0210454 0.0381014 0.0375992 0.0467949 0.0322441 0.0188837 0.00897842 
0.0099885 0.0125228 0.0269748 0.0155466 0.0124293 0.0169006 0.0107428 0.0104799 0.0101193 0.0171149 0.0251625 0.0510712 0.0281292 0.0116973 0.0134923 0.0196259 0.0240721 0.0309704 0.0404907 0.0202565 0.0117058 0.010921 0.00398305 0.00375478 0.00360407 0.00365616 0.00356484 0 0.00354562 0.00358142 0.00767108 0.0634159 0.209111 0.371588 0.0317496 0.00813682 0.00912467 0.00725233 0.00748753 0.0104301 0.0102963 0.0152937 0.0126081 0.0143084 0.0113093 0.0103175 0.012872 0.0619441 0.0423208 0.0240773 0.0264163 0.0126983 0.0112793 0.00979418 0.0107457 0.0166921 0.0158496 0.0284559 0.0238516 0.0217093 0.0163539 0.00875204 
0.0100697 0.0266503 0.00970908 0.0111601 0.00949052 0.0117882 0.0102862 0.0100258 0.0117411 0.0138929 0.0129135 0.01861 0.0248178 0.0127165 0.0224978 0.0298272 0.0516465 0.0217387 0.0183212 0.0112191 0.0332433 0.0084126 0.00388974 0.00379313 0.00360371 0.00362498 0.00353693 0.00354562 0 0.00363416 0.0419763 0.214235 0.396166 0.00930431 0.00958839 0.00655532 0.00765424 0.00638169 0.00661948 0.0148024 0.0103598 0.0131048 0.00953251 0.00987957 0.0119038 0.0104067 0.0419255 0.0171182 0.0139447 0.0143928 0.0121265 0.010973 0.0102396 0.0107523 0.0107243 0.00996915 0.0108807 0.0127827 0.0111872 0.0202872 0.0115219 0.0097369 
0.0214163 0.00935643 0.00993848 0.00885225 0.00999226 0.00886765 0.0103142 0.00901919 0.0177377 0.00947848 0.0103199 0.0116959 0.011528 0.0113253 0.0344298 0.0194681 0.00860655 0.0116684 0.00989961 0.0133148 0.00772777 0.0138804 0.00489255 0.00407693 0.00360562 0.00363042 0.00357947 0.00358142 0.00363416 0 0.509293 0.284173 0.0170582 0.00447726 0.00623051 0.00573464 0.00576095 0.00550664 0.0063061 0.0120855 0.0102193 0.00819101 0.00801468 0.00788351 0.00929259 0.0107921 0.0170208 0.00961851 0.00909961 0.0102903 0.00898404 0.010529 0.00942491 0.0204894 0.00919439 0.00899986 0.00959633 0.00892567 0.0103333 0.00944725 0.0151395 0.0111956 
0.00970861 0.00898129 0.00868362 0.00925186 0.00870195 0.00976583 0.00868339 0.0138611 0.0100257 0.00985169 0.00973844 0.0108443 0.00990946 0.0144779 0.00998391 0.00832155 0.00825691 0.00896192 0.0105212 0.00871014 0.0089965 0.0119158 0.00598858 0.00568328 0.00670184 0.0058304 0.00519446 0.00767108 0.0419763 0.509293 0 0.0052003 0.00354833 0.00356853 0.00356407 0.00364337 0.00362232 0.0039024 0.00494146 0.00718676 0.00687158 0.00704612 0.0068812 0.00676674 0.0145494 0.0361849 0.00932166 0.00866884 0.0104821 0.00989916 0.0108308 0.0120369 0.0225128 0.00966397 0.00866609 0.00944176 0.0087898 0.00904976 0.00892136 0.0118739 0.0199112 0.00930368 
0.00871303 0.00921212 0.0113194 0.00896488 0.0106372 0.00910295 0.0160129 0.00907608 0.00950612 0.00998291 0.0158689 0.0155953 0.0213712 0.0104648 0.00835217 0.0090122 0.00877178 0.0108478 0.0111463 0.0111679 0.0117153 0.00966559 0.00618387 0.00678989 0.0069544 0.00793261 0.0157068 0.0634159 0.214235 0.284173 0.0052003 0 0.00373947 0.00354104 0.00361559 0.0035911 0.00369142 0.00387853 0.00493544 0.00560711 0.0179164 0.00723773 0.0103274 0.00928841 0.0185219 0.0213896 0.00959844 0.0106829 0.0196404 0.0134687 0.0093002 0.018672 0.00975712 0.00864584 0.00914329 0.00911115 0.0107546 0.0095478 0.0124445 0.0202006 0.0177798 0.00838658 
0.0089147 0.0108965 0.00929079 0.0160907 0.00923906 0.0182713 0.00932557 0.0125203 0.00905772 0.0170403 0.0177257 0.0491275 0.0155599 0.0113789 0.00941007 0.00858381 0.013749 0.0107089 0.0235292 0.0154687 0.0165725 0.00984273 0.0114563 0.00676349 0.0103445 0.033209 0.0702759 0.209111 0.396166 0.0170582 0.00354833 0.00373947 0 0.00359846 0.00355489 0.00357222 0.00357997 0.0036258 0.00357217 0.0174397 0.00669269 0.0132581 0.00826735 0.0219606 0.0180046 0.0276394 0.0106173 0.0122289 0.0213819 0.0107446 0.0260794 0.00964298 0.0106806 0.00901722 0.00884192 0.0140593 0.00992034 0.0224421 0.0177956 0.0372322 0.0119587 0.00850433 
0.00931376 0.00930079 0.0280667 0.00935897 0.0272638 0.009626 0.0166487 0.00884586 0.0128247 0.0103757 0.0506355 0.0384727 0.0236977 0.0101893 0.00840656 0.0168183 0.00909306 0.022314 0.0185027 0.0344019 0.0135132 0.0108407 0.00751474 0.0138459 0.0161792 0.0671241 0.243157 0.371588 0.00930431 0.00447726 0.00356853 0.00354104 0.00359846 0 0.00355284 0.0035077 0.00356068 0.00356369 0.00477696 0.00531067 0.0188305 0.00891052 0.0263104 0.0247957 0.0235247 0.0237997 0.0106479 0.0164262 0.0107332 0.0352548 0.00973304 0.0185472 0.00926676 0.00870746 0.0111095 0.00953779 0.0231152 0.0151246 0.0707247 0.0107318 0.0146177 0.00841995 
0.00918734 0.0140347 0.00905483 0.0311799 0.00888143 0.0332479 0.00885467 0.0119683 0.00891953 0.0283398 0.0226946 0.0516412 0.018887 0.0119063 0.0115951 0.00858286 0.0188673 0.012987 0.0301422 0.0131801 0.0166081 0.00979691 0.0121457 0.00883255 0.0576358 0.208501 0.21454 0.0317496 0.00958839 0.00623051 0.00356407 0.00361559 0.00355489 0.00355284 0 0.00356091 0.00355989 0.00357417 0.00356427 0.00738477 0.00615574 0.0232846 0.00796376 0.0174657 0.0087712 0.0109712 0.011996 0.0116157 0.0339092 0.00973135 0.0290305 0.00918663 0.0116101 0.0096004 0.0087608 0.0183459 0.00966139 0.0462197 0.0111102 0.030032 0.0107271 0.00879743 
0.0134426 0.00885585 0.0244893 0.00886355 0.0204096 0.00902341 0.014299 0.0086551 0.0122582 0.00976147 0.0385775 0.0280876 0.0155051 0.00974329 0.00881106 0.016871 0.00988896 0.0188005 0.013556 0.0208552 0.00922806 0.0155382 0.00899766 0.0629598 0.089662 0.185694 0.100036 0.00813682 0.00655532 0.00573464 0.00364337 0.0035911 0.00357222 0.0035077 0.00356091 0 0.00357931 0.003552 0.00365898 0.0047237 0.0223445 0.0095808 0.0161502 0.00963091 0.00867052 0.00738137 0.00897179 0.0135452 0.00941729 0.0218307 0.00916592 0.0131394 0.00906062 0.00882997 0.0123359 0.00881261 0.0295822 0.00949034 0.0263913 0.0100251 0.0129174 0.00863067 
0.00890001 0.0113463 0.00896517 0.0163287 0.0087904 0.0170621 0.0087226 0.00959835 0.00879511 0.0141046 0.0141071 0.0275869 0.0138888 0.00937242 0.0112295 0.00880896 0.0146111 0.010685 0.0239525 0.013378 0.0157462 0.00881458 0.0832953 0.112818 0.204484 0.0917404 0.00961774 0.00912467 0.00765424 0.00576095 0.00362232 0.00369142 0.00357997 0.00356068 0.00355989 0.00357931 0 0.00355134 0.00355198 0.0147028 0.0099841 0.0405172 0.0111328 0.00746297 0.00758607 0.0073336 0.0116604 0.0111101 0.0178135 0.010001 0.0174752 0.00840254 0.00953948 0.0102363 0.00856825 0.0233319 0.00953366 0.0173759 0.0106183 0.016885 0.00928696 0.0087628 
0.00896251 0.00988817 0.00955453 0.00909927 0.00900599 0.00918999 0.00944276 0.00870385 0.00920551 0.0132307 0.0115828 0.0150575 0.0173686 0.00914588 0.00913159 0.0105202 0.00949403 0.00969021 0.0122837 0.0105853 0.014806 0.00904988 0.0894336 0.188126 0.0462499 0.00928647 0.00952452 0.00725233 0.00638169 0.00550664 0.0039024 0.00387853 0.0036258 0.00356369 0.00357417 0.003552 0.00355134 0 0.00372812 0.00489904 0.036655 0.0196608 0.00617105 0.00645974 0.00685113 0.00575313 0.00751903 0.0111539 0.00920738 0.00971048 0.0086281 0.00962935 0.00811739 0.00867031 0.0124288 0.00872143 0.00969709 0.0104611 0.010586 0.0129445 0.00952685 0.00885703 
0.0114258 0.00875496 0.00954914 0.008457 0.00995011 0.00857642 0.0103478 0.00860666 0.0139993 0.0089084 0.0105986 0.00957819 0.0102985 0.0102021 0.01318 0.00963913 0.00858131 0.0101244 0.00963634 0.00999749 0.00977075 0.017298 0.129 0.0481784 0.00822611 0.00984712 0.00819926 0.00748753 0.00661948 0.0063061 0.00494146 0.00493544 0.00357217 0.00477696 0.00356427 0.00365898 0.00355198 0.00372812 0 0.0345157 0.00891246 0.00380725 0.00432703 0.00508147 0.00510381 0.0074759 0.0184548 0.00790422 0.0079283 0.0102966 0.00774095 0.00887944 0.0090007 0.0126712 0.00915384 0.00840809 0.00967279 0.00838363 0.0104701 0.00937776 0.0165223 0.0108411 
0.00973729 0.0114094 0.00857928 0.0137014 0.00845767 0.0167966 0.00864644 0.0464403 0.0089776 0.021035 0.00967727 0.011644 0.0102424 0.0230325 0.0236613 0.00875586 0.0131328 0.00994937 0.0179201 0.00997142 0.0183153 0.0146725 0.0315311 0.0101723 0.0148017 0.0119834 0.0103703 0.0104301 0.0148024 0.0120855 0.00718676 0.00560711 0.0174397 0.00531067 0.00738477 0.0047237 0.0147028 0.00489904 0.0345157 0 0.00360182 0.00362915 0.00357037 0.00356181 0.00392287 0.00601579 0.00615852 0.00654917 0.00683694 0.00715334 0.0118406 0.00856059 0.075149 0.0145945 0.00831701 0.0140523 0.00863037 0.0134948 0.00880915 0.0211762 0.0192359 0.0131798 
0.00891499 0.00851432 0.0181948 0.00837834 0.0164262 0.00854939 0.0445149 0.00848761 0.014479 0.00909802 0.021809 0.0122389 0.0156471 0.01022 0.00853388 0.0175988 0.008737 0.0176003 0.010987 0.0212906 0.00997115 0.0128464 0.0101532 0.0260501 0.0104434 0.0153303 0.0123386 0.0102963 0.0103598 0.0102193 0.00687158 0.0179164 0.00669269 0.0188305 0.00615574 0.0223445 0.0099841 0.036655 0.00891246 0.00360182 0 0.00368152 0.00361058 0.00354961 0.00382511 0.00399324 0.00607489 0.00645769 0.00688502 0.0112149 0.00721267 0.0879374 0.012579 0.00840765 0.0151713 0.00843743 0.0128776 0.00856149 0.0216117 0.00968717 0.0231211 0.00850473 
0.00887945 0.0141658 0.00872825 0.0247307 0.00861145 0.0391714 0.00856533 0.0113868 0.00886134 0.0222901 0.0143207 0.0449629 0.0147001 0.0103891 0.0136151 0.00868962 0.0293399 0.0103831 0.0393434 0.0140909 0.0225385 0.00913765 0.0213894 0.0104498 0.0338854 0.0189983 0.0216178 0.0152937 0.0131048 0.00819101 0.00704612 0.00723773 0.0132581 0.00891052 0.0232846 0.0095808 0.0405172 0.0196608 0.00380725 0.00362915 0.00368152 0 0.00354533 0.0035531 0.00392513 0.00368828 0.00568585 0.00765542 0.0118971 0.00840752 0.0881758 0.0142042 0.0106115 0.00993479 0.00852095 0.0180976 0.00924746 0.0238377 0.009237 0.0498613 0.00953448 0.00902863 
0.00900153 0.00887736 0.0158451 0.00909363 0.0178298 0.00926872 0.0108357 0.00873495 0.00964042 0.0103531 0.0348813 0.0411707 0.0171432 0.0102012 0.00873328 0.0206205 0.00973534 0.0224503 0.0205994 0.0372786 0.0102012 0.0112209 0.00948869 0.0190399 0.0131996 0.0307972 0.0188992 0.0126081 0.00953251 0.00801468 0.0068812 0.0103274 0.00826735 0.0263104 0.00796376 0.0161502 0.0111328 0.00617105 0.00432703 0.00357037 0.00361058 0.00354533 0 0.00360306 0.00356577 0.0036149 0.00468878 0.00674399 0.0174554 0.0635972 0.0283103 0.0175378 0.00679272 0.00792582 0.00888154 0.0135494 0.0111215 0.0102333 0.0224968 0.0112572 0.0116221 0.00850853 
0.00842991 0.00984643 0.0100301 0.0142658 0.00921913 0.0120473 0.00917221 0.00933563 0.00870913 0.0130478 0.0248897 0.0438084 0.0155307 0.00987038 0.00900214 0.00954401 0.0211535 0.0148241 0.0295978 0.0231875 0.014731 0.00930859 0.0147291 0.0119291 0.0234026 0.0261426 0.0183125 0.0143084 0.00987957 0.00788351 0.00676674 0.00928841 0.0219606 0.0247957 0.0174657 0.00963091 0.00746297 0.00645974 0.00508147 0.00356181 0.00354961 0.0035531 0.00360306 0 0.00357846 0.00356309 0.00512508 0.0126115 0.0542422 0.0500416 0.0147612 0.00750529 0.00698699 0.00795447 0.00868805 0.0116763 0.0156415 0.0154925 0.0125511 0.0164639 0.0104562 0.00833536 
0.0091734 0.0100571 0.0148163 0.00897946 0.0103931 0.00906827 0.0119122 0.0086766 0.0144915 0.0109351 0.0157775 0.0156475 0.0190152 0.0104001 0.00936661 0.0141713 0.0100392 0.0135425 0.0145105 0.0143199 0.0134022 0.0121049 0.0099355 0.0241385 0.0133208 0.0206959 0.0171875 0.0113093 0.0119038 0.00929259 0.0145494 0.0185219 0.0180046 0.0235247 0.0087712 0.00867052 0.00758607 0.00685113 0.00510381 0.00392287 0.00382511 0.00392513 0.00356577 0.00357846 0 0.00367959 0.0109073 0.0889613 0.0312049 0.0251753 0.00701257 0.00789395 0.0069533 0.00811381 0.0142489 0.00953134 0.0144936 0.0100295 0.0123855 0.0148294 0.0213921 0.00932735 
0.011685 0.0116289 0.00880338 0.0105339 0.00883666 0.0109014 0.00879722 0.0129868 0.0111633 0.0124066 0.00972936 0.010865 0.0114039 0.0170935 0.0324687 0.00972957 0.0111567 0.0104025 0.0119393 0.00994883 0.0119256 0.0137448 0.0295261 0.0116739 0.0122079 0.0114071 0.0107134 0.0103175 0.0104067 0.0107921 0.0361849 0.0213896 0.0276394 0.0237997 0.0109712 0.00738137 0.0073336 0.00575313 0.0074759 0.00601579 0.00399324 0.00368828 0.0036149 0.00356309 0.00367959 0 0.105988 0.0470864 0.00794611 0.00734026 0.00658402 0.00693285 0.0107195 0.0152626 0.00832446 0.00968809 0.00895164 0.0106288 0.00942974 0.0164146 0.0186269 0.0150318 
0.00935813 0.00891209 0.00983827 0.00916967 0.00926923 0.0100563 0.00955438 0.0119819 0.0109254 0.0123739 0.0179882 0.020058 0.0119744 0.03012 0.011168 0.0108002 0.010073 0.0129885 0.0210749 0.0197768 0.0150683 0.0169667 0.0155619 0.0229114 0.0143637 0.0184015 0.0173224 0.012872 0.0419255 0.0170208 0.00932166 0.00959844 0.0106173 0.0106479 0.011996 0.00897179 0.0116604 0.00751903 0.0184548 0.00615852 0.00607489 0.00568585 0.00468878 0.00512508 0.0109073 0.105988 0 0.00361822 0.00355745 0.00356995 0.00353571 0.00493204 0.0039587 0.00595837 0.00660062 0.00705979 0.012188 0.013378 0.0474441 0.0711468 0.092746 0.00992482 
0.00908634 0.0106149 0.0103638 0.0112707 0.0112314 0.0129899 0.0140475 0.00929143 0.00971771 0.0186296 0.0324323 0.043418 0.0787564 0.0115177 0.00955328 0.0100627 0.015322 0.0192925 0.0400544 0.0357957 0.037167 0.0100912 0.0149152 0.0198443 0.0354231 0.0314349 0.0274496 0.0619441 0.0171182 0.00961851 0.00866884 0.0106829 0.0122289 0.0164262 0.0116157 0.0135452 0.0111101 0.0111539 0.00790422 0.00654917 0.00645769 0.00765542 0.00674399 0.0126115 0.0889613 0.0470864 0.00361822 0 0.00354427 0.00355751 0.00364898 0.00375392 0.00503891 0.00567777 0.00998394 0.0124072 0.0174592 0.030721 0.090712 0.0542988 0.0186193 0.00895959 
0.00916579 0.0116789 0.0122406 0.0225133 0.0112286 0.0228782 0.00994008 0.0101872 0.00940372 0.0227126 0.0404867 0.221745 0.0248754 0.01172 0.00943443 0.0103296 0.0274681 0.0271843 0.084445 0.0667548 0.0232799 0.0103998 0.0149441 0.0173685 0.0467535 0.0637089 0.115347 0.0423208 0.0139447 0.00909961 0.0104821 0.0196404 0.0213819 0.0107332 0.0339092 0.00941729 0.0178135 0.00920738 0.0079283 0.00683694 0.00688502 0.0118971 0.0174554 0.0542422 0.0312049 0.00794611 0.00355745 0.00354427 0 0.00355799 0.003569 0.00355157 0.00357472 0.00531076 0.00587404 0.0104083 0.0177275 0.0566958 0.0177838 0.0222334 0.0107238 0.00818713 
0.00999575 0.00996403 0.0367349 0.0116784 0.0224981 0.0100565 0.0161079 0.00886052 0.011576 0.0112745 0.158807 0.0506638 0.0280083 0.011299 0.00894465 0.0204959 0.011108 0.0580454 0.0338965 0.0713189 0.0158923 0.0128659 0.0109762 0.0383586 0.0258453 0.122494 0.0567605 0.0240773 0.0143928 0.0102903 0.00989916 0.0134687 0.0107446 0.0352548 0.00973135 0.0218307 0.010001 0.00971048 0.0102966 0.00715334 0.0112149 0.00840752 0.0635972 0.0500416 0.0251753 0.00734026 0.00356995 0.00355751 0.00355799 0 0.0035475 0.0035684 0.00358215 0.00518368 0.00891334 0.016611 0.149407 0.010923 0.0256171 0.0105955 0.0152458 0.00841539 
0.00926388 0.0133859 0.0093439 0.0260849 0.00873563 0.0267586 0.00869278 0.0101024 0.00879854 0.0532419 0.0222809 0.0860396 0.0170955 0.010063 0.0111588 0.00895136 0.0434226 0.0127269 0.0584873 0.0214695 0.0270833 0.0094601 0.024392 0.0124465 0.132814 0.0555235 0.0375598 0.0264163 0.0121265 0.00898404 0.0108308 0.0093002 0.0260794 0.00973304 0.0290305 0.00916592 0.0174752 0.0086281 0.00774095 0.0118406 0.00721267 0.0881758 0.0283103 0.0147612 0.00701257 0.00658402 0.00353571 0.00364898 0.003569 0.0035475 0 0.00356885 0.00355307 0.0137553 0.00571247 0.0954913 0.00720552 0.0211549 0.00735499 0.0192667 0.00748913 0.00844076 
0.0105749 0.00924121 0.0155948 0.0085983 0.0112203 0.00882577 0.0151215 0.00851557 0.0136042 0.0100635 0.0184133 0.014126 0.0189084 0.00959983 0.00976372 0.0284581 0.00925832 0.0165704 0.0114579 0.0213992 0.0119945 0.0138321 0.00980233 0.0845538 0.0117754 0.0208874 0.0197315 0.0126983 0.010973 0.010529 0.0120369 0.018672 0.00964298 0.0185472 0.00918663 0.0131394 0.00840254 0.00962935 0.00887944 0.00856059 0.0879374 0.0142042 0.0175378 0.00750529 0.00789395 0.00693285 0.00493204 0.00375392 0.00355157 0.0035684 0.00356885 0 0.00396646 0.00959173 0.141694 0.00568095 0.019696 0.00646076 0.010662 0.0076468 0.0100711 0.0094071 
0.0115132 0.00948991 0.00849 0.00926643 0.00842144 0.0100303 0.008379 0.00997774 0.0101209 0.0117973 0.00948614 0.0110361 0.0104867 0.0129818 0.0229145 0.00919693 0.0102777 0.0100689 0.0112016 0.0102473 0.0119686 0.0106672 0.0385037 0.0109541 0.0115738 0.0126633 0.0123522 0.0112793 0.0102396 0.00942491 0.0225128 0.00975712 0.0106806 0.00926676 0.0116101 0.00906062 0.00953948 0.00811739 0.0090007 0.075149 0.012579 0.0106115 0.00679272 0.00698699 0.0069533 0.0107195 0.0039587 0.00503891 0.00357472 0.00358215 0.00355307 0.00396646 0 0.121419 0.00402448 0.00604606 0.00484528 0.00926744 0.00613236 0.00928127 0.00803426 0.0122142 
0.00861865 0.00845445 0.00826684 0.00906432 0.0081608 0.00935271 0.00826164 0.0258431 0.00853787 0.00950305 0.00879491 0.00942231 0.00886271 0.0117958 0.00959924 0.00834838 0.00882031 0.00894387 0.0102026 0.00922707 0.00930324 0.0133944 0.0140384 0.00980173 0.0112774 0.0108308 0.011247 0.00979418 0.0107523 0.0204894 0.00966397 0.00864584 0.00901722 0.00870746 0.0096004 0.00882997 0.0102363 0.00867031 0.0126712 0.0145945 0.00840765 0.00993479 0.00792582 0.00795447 0.00811381 0.0152626 0.00595837 0.00567777 0.00531076 0.00518368 0.0137553 0.00959173 0.121419 0 0.00370065 0.0036108 0.0035772 0.00367574 0.0036207 0.00413847 0.00535118 0.00775947 
0.00843039 0.00826105 0.00999699 0.00813281 0.0109289 0.00844637 0.0369281 0.00826104 0.00916896 0.00848602 0.0127433 0.0098502 0.0105519 0.00895451 0.00829049 0.00976226 0.00850726 0.0107497 0.010186 0.0125375 0.00972711 0.0100308 0.00888806 0.0165247 0.0103618 0.0153698 0.012388 0.0107457 0.0107243 0.00919439 0.00866609 0.00914329 0.00884192 0.0111095 0.0087608 0.0123359 0.00856825 0.0124288 0.00915384 0.00831701 0.0151713 0.00852095 0.00888154 0.00868805 0.0142489 0.00832446 0.00660062 0.00998394 0.00587404 0.00891334 0.00571247 0.141694 0.00402448 0.00370065 0 0.00355524 0.00359461 0.00358251 0.00360535 0.0035992 0.00444925 0.00605098 
0.00834477 0.00925044 0.00846215 0.015084 0.00845196 0.037801 0.00841238 0.010145 0.00850883 0.0130231 0.0125563 0.026473 0.01125 0.0124128 0.00987014 0.00853592 0.0149082 0.0103036 0.0318618 0.0119334 0.0131243 0.00900416 0.0146827 0.0103367 0.0279027 0.0196434 0.0210454 0.0166921 0.00996915 0.00899986 0.00944176 0.00911115 0.0140593 0.00953779 0.0183459 0.00881261 0.0233319 0.00872143 0.00840809 0.0140523 0.00843743 0.0180976 0.0135494 0.0116763 0.00953134 0.00968809 0.00705979 0.0124072 0.0104083 0.016611 0.0954913 0.00568095 0.00604606 0.0036108 0.00355524 0 0.00355022 0.0035792 0.00351738 0.00360466 0.00363833 0.00614314 
0.00859602 0.00826229 0.0151294 0.0084028 0.0390243 0.00863806 0.0136778 0.00847233 0.00944459 0.00897897 0.0326934 0.0247046 0.0239921 0.00951934 0.00826067 0.0110883 0.00895138 0.0282474 0.015715 0.0379151 0.00957466 0.0116726 0.0107077 0.0191661 0.0176105 0.0422258 0.0381014 0.0158496 0.0108807 0.00959633 0.0087898 0.0107546 0.00992034 0.0231152 0.00966139 0.0295822 0.00953366 0.00969709 0.00967279 0.00863037 0.0128776 0.00924746 0.0111215 0.0156415 0.0144936 0.00895164 0.012188 0.0174592 0.0177275 0.149407 0.00720552 0.019696 0.00484528 0.0035772 0.00359461 0.00355022 0 0.00354084 0.00356878 0.00355356 0.00368464 0.00575065 
0.00838041 0.0120888 0.00902332 0.0529794 0.0087581 0.0276882 0.00873042 0.0101821 0.00831486 0.0221378 0.0165554 0.0824481 0.0161767 0.010011 0.00960248 0.00880068 0.028909 0.0119266 0.0631058 0.0188883 0.0246287 0.00915086 0.0175489 0.0117016 0.0612473 0.0429387 0.0375992 0.0284559 0.0127827 0.00892567 0.00904976 0.0095478 0.0224421 0.0151246 0.0462197 0.00949034 0.0173759 0.0104611 0.00838363 0.0134948 0.00856149 0.0238377 0.0102333 0.0154925 0.0100295 0.0106288 0.013378 0.030721 0.0566958 0.010923 0.0211549 0.00646076 0.00926744 0.00367574 0.00358251 0.0035792 0.00354084 0 0.00354905 0.00357117 0.00359268 0.00565191 
0.00903729 0.00852655 0.0442273 0.00894776 0.0210424 0.0090835 0.0149052 0.00864915 0.0106811 0.0094676 0.0586975 0.0365598 0.0178294 0.0108269 0.00841614 0.0171219 0.00973372 0.0442367 0.0160452 0.0735385 0.0102583 0.0141263 0.0102859 0.0277401 0.0231294 0.0635442 0.0467949 0.0238516 0.0111872 0.0103333 0.00892136 0.0124445 0.0177956 0.0707247 0.0111102 0.0263913 0.0106183 0.010586 0.0104701 0.00880915 0.0216117 0.009237 0.0224968 0.0125511 0.0123855 0.00942974 0.0474441 0.090712 0.0177838 0.0256171 0.00735499 0.010662 0.00613236 0.0036207 0.00360535 0.00351738 0.00356878 0.00354905 0 0.00356114 0.00360942 0.00498406 
0.00870139 0.0232225 0.00889524 0.0188455 0.00870568 0.019704 0.00869467 0.0100665 0.00900057 0.0337753 0.0126627 0.0306677 0.0253715 0.0120463 0.0136657 0.00928386 0.0226146 0.0106871 0.0356262 0.0141251 0.0419316 0.00952952 0.0207217 0.0186904 0.0340225 0.0256446 0.0322441 0.0217093 0.0202872 0.00944725 0.0118739 0.0202006 0.0372322 0.0107318 0.030032 0.0100251 0.016885 0.0129445 0.00937776 0.0211762 0.00968717 0.0498613 0.0112572 0.0164639 0.0148294 0.0164146 0.0711468 0.0542988 0.0222334 0.0105955 0.0192667 0.0076468 0.00928127 0.00413847 0.0035992 0.00360466 0.00355356 0.00357117 0.00356114 0 0.00362538 0.00548234 
0.0126402 0.00868994 0.0127622 0.00854097 0.0120286 0.00865342 0.0128817 0.00895788 0.024755 0.00986324 0.0128459 0.012588 0.0148967 0.0167186 0.0111698 0.0151521 0.00942879 0.0146665 0.0119312 0.0163736 0.0109438 0.0335336 0.0175642 0.0247187 0.0130555 0.0203678 0.0188837 0.0163539 0.0115219 0.0151395 0.0199112 0.0177798 0.0119587 0.0146177 0.0107271 0.0129174 0.00928696 0.00952685 0.0165223 0.0192359 0.0231211 0.00953448 0.0116221 0.0104562 0.0213921 0.0186269 0.092746 0.0186193 0.0107238 0.0152458 0.00748913 0.0100711 0.00803426 0.00535118 0.00444925 0.00363833 0.00368464 0.00359268 0.00360942 0.00362538 0 0.0108865 
0.00833725 0.00823782 0.00828809 0.00827131 0.00822291 0.00837401 0.0085746 0.00990569 0.00872092 0.00844623 0.00845958 0.00849757 0.00889123 0.0111906 0.0100459 0.00813601 0.00820511 0.00839514 0.0088492 0.00854918 0.00934046 0.0120651 0.0101752 0.00920712 0.00880379 0.00927724 0.00897842 0.00875204 0.0097369 0.0111956 0.00930368 0.00838658 0.00850433 0.00841995 0.00879743 0.00863067 0.0087628 0.00885703 0.0108411 0.0131798 0.00850473 0.00902863 0.00850853 0.00833536 0.00932735 0.0150318 0.00992482 0.00895959 0.00818713 0.00841539 0.00844076 0.0094071 0.0122142 0.00775947 0.00605098 0.00614314 0.00575065 0.00565191 0.00498406 0.00548234 0.0108865 0 
