1PXFA
METVAYADFARLEMRVGKIVEVKRHENADKLYIVQVDVGQKTLQTVTSLVPYYSEEELMGKTVVVLCNLQKAKMRGETSECMLLCAETDDGSESVLLTPERMMPAGVRVVA
CCCCCHHHHHHCCEEEEEEEEEECCCCCCCCCEEEEEECCEEEEEECCCCCCCHHHHHCCCEEEEECCCCCCCECCECCCCCECEEECCCCCCEEECCCCCCCCCCCECCC
0 0 0 0 0 0 0 0 0 0 0 0 0 0 0 0 0 0 0 0 0 0 0 0 0 0 0 0 0 0 0 0 0 0 0 0 0 0 0 0 0 0 0 0 0 0 0 0 0 0 0 0 0 0 0 0 0 0 0 0 0 0 0 0 0 0 0 0 0 0 0 0 0 0 0 0 0 0 0 0 0 0 0 0 0 0 0 0 0 0 0 0 0 0 0 0 0 0 0 0 0 0 0 0 0 0 0 0 0 0 0 
0 0 0 0 0 0 0 0 0 0 0 0 0 0 0 0 0 0 0 0 0 0 0 0 0 0 0 0 0 0 0 0 0 0 0 0 0 0 0 0 0 0 0 0 0 0 0 0 0 0 0 0 0 0 0 0 0 0 0 0 0 0 0 0 0 0 0 0 0 0 0 0 0 0 0 0 0 0 0 0 0 0 0 0 0 0 0 0 0 0 0 0 0 0 0 0 0 0 0 0 0 0 0 0 0 0 0 0 0 0 0 
0 0.00367846 0.00360783 0.00378824 0.0036565 0.00401774 0.00380129 0.00373919 0.00822466 0.00942897 0.023332 0.0185781 0.00957834 0.0272384 0.00881563 0.0397353 0.0154491 0.00935155 0.0131985 0.0118982 0.0114653 0.0324555 0.0290838 0.0196848 0.0148777 0.014148 0.0221031 0.0156322 0.011156 0.0150993 0.00988367 0.0088244 0.0104472 0.0109708 0.0085017 0.0145656 0.0106634 
0.00367846 0 0.00364132 0.00359532 0.00364574 0.00360424 0.00368132 0.00490778 0.00572018 0.00534312 0.0145814 0.019026 0.0348275 0.00943766 0.0450407 0.00955925 0.00957457 0.0350136 0.0144438 0.0214351 0.0341063 0.0112364 0.0121611 0.040749 0.0366734 0.0316204 0.0130279 0.00859838 0.00919272 0.00869259 0.00901495 0.00925328 0.00865602 0.00851562 0.0112698 0.0096959 0.00930934 
0.00360783 0.00364132 0 0.00359098 0.00362973 0.0035478 0.00366528 0.00357491 0.00402715 0.00375907 0.0102061 0.016033 0.0126506 0.0363095 0.00978066 0.014744 0.0114453 0.00938578 0.0198075 0.0181167 0.0163029 0.0104838 0.0116869 0.0194748 0.067002 0.022169 0.0112434 0.00853652 0.0084533 0.00892564 0.0093926 0.0085927 0.0085848 0.00905212 0.00863649 0.00926069 0.00834339 
0.00378824 0.00359532 0.00359098 0 0.00359828 0.00360376 0.00357074 0.00359106 0.00388026 0.00359608 0.00905032 0.0245863 0.016285 0.019832 0.00951506 0.0983179 0.00983017 0.00901144 0.0245515 0.0138389 0.015091 0.0108138 0.0114923 0.035168 0.0287026 0.0292839 0.00987682 0.00896969 0.00879529 0.0103745 0.00901385 0.00874562 0.00844033 0.00908824 0.00884196 0.00948315 0.00843128 
0.0036565 0.00364574 0.00362973 0.00359828 0 0.00356662 0.00358032 0.00389415 0.00361439 0.00425515 0.00990176 0.011455 0.0321955 0.00878737 0.414847 0.0244668 0.00960432 0.0129876 0.00946871 0.0215221 0.0142856 0.0107452 0.0129555 0.0164986 0.0500759 0.0128427 0.0143133 0.00829526 0.00842272 0.00862673 0.00990867 0.00838349 0.00862611 0.00873947 0.00983397 0.00893922 0.00886014 
0.00401774 0.00360424 0.0035478 0.00360376 0.00356662 0 0.0035461 0.00356673 0.00389363 0.00360027 0.00891098 0.0141867 0.00862471 0.475557 0.0263111 0.0122255 0.0108386 0.00830562 0.0135507 0.0104502 0.0117853 0.0106228 0.0119342 0.0165278 0.0175013 0.0200321 0.00989232 0.00941155 0.00876954 0.00961759 0.00881344 0.00871195 0.00840669 0.00923652 0.00849475 0.00962937 0.00854487 
0.00380129 0.00368132 0.00366528 0.00357074 0.00358032 0.0035461 0 0.00358194 0.0035696 0.00361895 0.00858125 0.00974202 0.0489303 0.127432 0.00868173 0.00874688 0.00824961 0.00829409 0.00950859 0.0112945 0.0116853 0.00914049 0.0101411 0.013578 0.023657 0.0145346 0.00965293 0.00855095 0.00846105 0.00895963 0.00872201 0.00837767 0.00837751 0.00862463 0.0087096 0.00912069 0.00845448 
0.00373919 0.00490778 0.00357491 0.00359106 0.00389415 0.00356673 0.00358194 0 0.0035808 0.00364106 0.010079 0.0117126 0.754735 0.0088103 0.0252458 0.00773358 0.00896847 0.00973552 0.00895507 0.0158872 0.0116359 0.00975717 0.0109396 0.0130015 0.0596616 0.012562 0.0119049 0.00844844 0.00854492 0.00858655 0.00981298 0.00867372 0.00902584 0.00895034 0.00975079 0.00898999 0.00899483 
0.00822466 0.00572018 0.00402715 0.00388026 0.00361439 0.00389363 0.0035696 0.0035808 0 0.00365535 0.0100062 0.771582 0.0076661 0.0390781 0.00679082 0.0107379 0.0096505 0.00876636 0.0117224 0.00889299 0.0130019 0.0111127 0.0118006 0.0271262 0.0114431 0.0230059 0.00908288 0.0117287 0.011007 0.0114669 0.00867686 0.0112801 0.00841052 0.0107468 0.00869076 0.0106517 0.00867813 
0.00942897 0.00534312 0.00375907 0.00359608 0.00425515 0.00360027 0.00361895 0.00364106 0.00365535 0 0.804593 0.00781453 0.0200051 0.00642891 0.0090649 0.00668492 0.014655 0.00824299 0.00797254 0.00871026 0.00891753 0.0117805 0.0220378 0.0104263 0.0100581 0.00897028 0.0138005 0.00996408 0.0114382 0.0115892 0.0106435 0.00826588 0.0088326 0.010804 0.00864024 0.00888087 0.0104551 
0.023332 0.0145814 0.0102061 0.00905032 0.00990176 0.00891098 0.00858125 0.010079 0.0100062 0.804593 0 0.00378489 0.00361212 0.0035608 0.00373637 0.00380491 0.00576933 0.00524453 0.00647329 0.00811857 0.0297004 0.938228 0.0551812 0.0199646 0.0163325 0.0150775 0.0267831 0.0126076 0.0126722 0.0129835 0.0101409 0.00915176 0.013645 0.0113926 0.0113083 0.0176252 0.01275 
0.0185781 0.019026 0.016033 0.0245863 0.011455 0.0141867 0.00974202 0.0117126 0.771582 0.00781453 0.00378489 0 0.00358554 0.00360711 0.00372106 0.00363548 0.00414129 0.00497694 0.00719592 0.0134859 0.93009 0.0203377 0.0161684 0.0835253 0.0243985 0.046354 0.0110561 0.0103411 0.00964156 0.011805 0.00918512 0.0151981 0.00881418 0.0119358 0.0109458 0.010515 0.00878802 
0.00957834 0.0348275 0.0126506 0.016285 0.0321955 0.00862471 0.0489303 0.754735 0.0076661 0.0200051 0.00361212 0.00358554 0 0.00358027 0.00358939 0.00356317 0.00396029 0.0170524 0.0149352 0.974532 0.0229868 0.00755024 0.013322 0.0284827 0.105694 0.0191516 0.0161657 0.00860509 0.00903809 0.00936805 0.0120298 0.00872783 0.00915357 0.00940536 0.0129525 0.00952277 0.0091702 
0.0272384 0.00943766 0.0363095 0.019832 0.00878737 0.475557 0.127432 0.0088103 0.0390781 0.00642891 0.0035608 0.00360711 0.00358027 0 0.00357514 0.00373895 0.00470815 0.00495715 0.978423 0.0130328 0.00695998 0.00687176 0.0123794 0.0309035 0.0246135 0.0341374 0.0097285 0.0111086 0.0098339 0.0121615 0.00933846 0.0103518 0.00861448 0.0119747 0.00883897 0.0118357 0.00850782 
0.00881563 0.0450407 0.00978066 0.00951506 0.414847 0.0263111 0.00868173 0.0252458 0.00679082 0.0090649 0.00373637 0.00372106 0.00358939 0.00357514 0 0.00355535 0.00508064 0.980465 0.00415368 0.00714822 0.00581648 0.0068166 0.0150503 0.0114928 0.0214295 0.0148637 0.0177736 0.00882918 0.00965226 0.00913617 0.0100425 0.00902816 0.00877383 0.00922809 0.0165949 0.00889578 0.00900947 
0.0397353 0.00955925 0.014744 0.0983179 0.0244668 0.0122255 0.00874688 0.00773358 0.0107379 0.00668492 0.00380491 0.00363548 0.00356317 0.00373895 0.00355535 0 0.997192 0.00376385 0.00377821 0.00370867 0.00466747 0.00544894 0.018794 0.0123194 0.00984005 0.0143301 0.0133761 0.0155099 0.0157841 0.0216185 0.0102438 0.0089028 0.00917007 0.0158337 0.00849015 0.0147578 0.0105294 
0.0154491 0.00957457 0.0114453 0.00983017 0.00960432 0.0108386 0.00824961 0.00896847 0.0096505 0.014655 0.00576933 0.00414129 0.00396029 0.00470815 0.00508064 0.997192 0 0.0036898 0.00359517 0.00358698 0.00365425 0.0043935 0.0251433 0.01062 0.0108435 0.0108794 0.0218177 0.014225 0.0115984 0.0114574 0.00936164 0.00942196 0.0133897 0.0103501 0.00965842 0.0150585 0.0123502 
0.00935155 0.0350136 0.00938578 0.00901144 0.0129876 0.00830562 0.00829409 0.00973552 0.00876636 0.00824299 0.00524453 0.00497694 0.0170524 0.00495715 0.980465 0.00376385 0.0036898 0 0.00369443 0.00356799 0.00359292 0.00356994 0.0227548 0.021695 0.0115915 0.0118088 0.0120123 0.00878752 0.00885034 0.00870901 0.0089407 0.00999255 0.00872102 0.00938016 0.0125014 0.00891122 0.00956337 
0.0131985 0.0144438 0.0198075 0.0245515 0.00946871 0.0135507 0.00950859 0.00895507 0.0117224 0.00797254 0.00647329 0.00719592 0.0149352 0.978423 0.00415368 0.00377821 0.00359517 0.00369443 0 0.00356214 0.00357143 0.00369696 0.0142272 0.0335619 0.0310554 0.0188171 0.00986605 0.00898206 0.00884713 0.00930606 0.00901749 0.00892412 0.00872643 0.0102278 0.00895836 0.00985579 0.00867154 
0.0118982 0.0214351 0.0181167 0.0138389 0.0215221 0.0104502 0.0112945 0.0158872 0.00889299 0.00871026 0.00811857 0.0134859 0.974532 0.0130328 0.00714822 0.00370867 0.00358698 0.00356799 0.00356214 0 0.00357758 0.00356646 0.0166054 0.0396297 0.139447 0.0240973 0.0144034 0.00853668 0.00881283 0.00928636 0.00993634 0.00897152 0.00896733 0.00919555 0.010005 0.00941479 0.00894245 
0.0114653 0.0341063 0.0163029 0.015091 0.0142856 0.0117853 0.0116853 0.0116359 0.0130019 0.00891753 0.0297004 0.93009 0.0229868 0.00695998 0.00581648 0.00466747 0.00365425 0.00359292 0.00357143 0.00357758 0 0.00356861 0.0213579 0.0776271 0.0532076 0.144523 0.02738 0.00972761 0.0104611 0.0102472 0.0104643 0.0113914 0.00895916 0.00989637 0.0165545 0.0100705 0.00908624 
0.0324555 0.0112364 0.0104838 0.0108138 0.0107452 0.0106228 0.00914049 0.00975717 0.0111127 0.0117805 0.938228 0.0203377 0.00755024 0.00687176 0.0068166 0.00544894 0.0043935 0.00356994 0.00369696 0.00356646 0.00356861 0 0.057603 0.0186128 0.0213064 0.0351807 0.137768 0.0189245 0.0224421 0.020071 0.0135055 0.00942422 0.00986746 0.0188664 0.0093323 0.015071 0.0116592 
0.0290838 0.0121611 0.0116869 0.0114923 0.0129555 0.0119342 0.0101411 0.0109396 0.0118006 0.0220378 0.0551812 0.0161684 0.013322 0.0123794 0.0150503 0.018794 0.0251433 0.0227548 0.0142272 0.0166054 0.0213579 0.057603 0 0.00528903 0.00365641 0.00366929 0.00464546 0.015266 0.0132996 0.020763 0.0134217 0.0105277 0.0175438 0.0232966 0.0128486 0.0227027 0.019835 
0.0196848 0.040749 0.0194748 0.035168 0.0164986 0.0165278 0.013578 0.0130015 0.0271262 0.0104263 0.0199646 0.0835253 0.0284827 0.0309035 0.0114928 0.0123194 0.01062 0.021695 0.0335619 0.0396297 0.0776271 0.0186128 0.00528903 0 0.00362677 0.00362667 0.00371585 0.00923115 0.00966464 0.0154896 0.0105154 0.0194786 0.0117784 0.0160591 0.0216152 0.0135406 0.0117247 
0.0148777 0.0366734 0.067002 0.0287026 0.0500759 0.0175013 0.023657 0.0596616 0.0114431 0.0100581 0.0163325 0.0243985 0.105694 0.0246135 0.0214295 0.00984005 0.0108435 0.0115915 0.0310554 0.139447 0.0532076 0.0213064 0.00365641 0.00362677 0 0.00367948 0.0036083 0.00759945 0.00913425 0.0115076 0.0209264 0.0118971 0.0102874 0.0142516 0.0155763 0.0119022 0.0100324 
0.014148 0.0316204 0.022169 0.0292839 0.0128427 0.0200321 0.0145346 0.012562 0.0230059 0.00897028 0.0150775 0.046354 0.0191516 0.0341374 0.0148637 0.0143301 0.0108794 0.0118088 0.0188171 0.0240973 0.144523 0.0351807 0.00366929 0.00362667 0.00367948 0 0.00358928 0.0116696 0.0138753 0.0184751 0.0114527 0.0291046 0.00931922 0.0122036 0.0237444 0.0176328 0.00995229 
0.0221031 0.0130279 0.0112434 0.00987682 0.0143133 0.00989232 0.00965293 0.0119049 0.00908288 0.0138005 0.0267831 0.0110561 0.0161657 0.0097285 0.0177736 0.0133761 0.0218177 0.0120123 0.00986605 0.0144034 0.02738 0.137768 0.00464546 0.00371585 0.0036083 0.00358928 0 0.0276507 0.0131757 0.0217923 0.0234512 0.00940369 0.019776 0.0169754 0.011337 0.0216715 0.0140427 
0.0156322 0.00859838 0.00853652 0.00896969 0.00829526 0.00941155 0.00855095 0.00844844 0.0117287 0.00996408 0.0126076 0.0103411 0.00860509 0.0111086 0.00882918 0.0155099 0.014225 0.00878752 0.00898206 0.00853668 0.00972761 0.0189245 0.015266 0.00923115 0.00759945 0.0116696 0.0276507 0 0.931058 0.0278925 0.0108345 0.00956531 0.00962348 0.0123235 0.011284 0.0188058 0.0446383 
0.011156 0.00919272 0.0084533 0.00879529 0.00842272 0.00876954 0.00846105 0.00854492 0.011007 0.0114382 0.0126722 0.00964156 0.00903809 0.0098339 0.00965226 0.0157841 0.0115984 0.00885034 0.00884713 0.00881283 0.0104611 0.0224421 0.0132996 0.00966464 0.00913425 0.0138753 0.0131757 0.931058 0 0.040684 0.00546882 0.00700185 0.0100222 0.00991112 0.0110114 0.0184072 0.0484232 
0.0150993 0.00869259 0.00892564 0.0103745 0.00862673 0.00961759 0.00895963 0.00858655 0.0114669 0.0115892 0.0129835 0.011805 0.00936805 0.0121615 0.00913617 0.0216185 0.0114574 0.00870901 0.00930606 0.00928636 0.0102472 0.020071 0.020763 0.0154896 0.0115076 0.0184751 0.0217923 0.0278925 0.040684 0 0.00433213 0.00370729 0.00405868 0.00845073 0.00823514 0.0282351 0.0577767 
0.00988367 0.00901495 0.0093926 0.00901385 0.00990867 0.00881344 0.00872201 0.00981298 0.00867686 0.0106435 0.0101409 0.00918512 0.0120298 0.00933846 0.0100425 0.0102438 0.00936164 0.0089407 0.00901749 0.00993634 0.0104643 0.0135055 0.0134217 0.0105154 0.0209264 0.0114527 0.0234512 0.0108345 0.00546882 0.00433213 0 0.00369988 0.00376578 0.00768795 0.0153709 0.841229 0.0135615 
0.0088244 0.00925328 0.0085927 0.00874562 0.00838349 0.00871195 0.00837767 0.00867372 0.0112801 0.00826588 0.00915176 0.0151981 0.00872783 0.0103518 0.00902816 0.0089028 0.00942196 0.00999255 0.00892412 0.00897152 0.0113914 0.00942422 0.0105277 0.0194786 0.0118971 0.0291046 0.00940369 0.00956531 0.00700185 0.00370729 0.00369988 0 0.00373735 0.00804258 0.909611 0.00807613 0.0105752 
0.0104472 0.00865602 0.0085848 0.00844033 0.00862611 0.00840669 0.00837751 0.00902584 0.00841052 0.0088326 0.013645 0.00881418 0.00915357 0.00861448 0.00877383 0.00917007 0.0133897 0.00872102 0.00872643 0.00896733 0.00895916 0.00986746 0.0175438 0.0117784 0.0102874 0.00931922 0.019776 0.00962348 0.0100222 0.00405868 0.00376578 0.00373735 0 0.952901 0.00594639 0.0152159 0.0124547 
0.0109708 0.00851562 0.00905212 0.00908824 0.00873947 0.00923652 0.00862463 0.00895034 0.0107468 0.010804 0.0113926 0.0119358 0.00940536 0.0119747 0.00922809 0.0158337 0.0103501 0.00938016 0.0102278 0.00919555 0.00989637 0.0188664 0.0232966 0.0160591 0.0142516 0.0122036 0.0169754 0.0123235 0.00991112 0.00845073 0.00768795 0.00804258 0.952901 0 0.00375168 0.0041543 0.0213788 
0.0085017 0.0112698 0.00863649 0.00884196 0.00983397 0.00849475 0.0087096 0.00975079 0.00869076 0.00864024 0.0113083 0.0109458 0.0129525 0.00883897 0.0165949 0.00849015 0.00965842 0.0125014 0.00895836 0.010005 0.0165545 0.0093323 0.0128486 0.0216152 0.0155763 0.0237444 0.011337 0.011284 0.0110114 0.00823514 0.0153709 0.909611 0.00594639 0.00375168 0 0.00366214 0.0175654 
0.0145656 0.0096959 0.00926069 0.00948315 0.00893922 0.00962937 0.00912069 0.00898999 0.0106517 0.00888087 0.0176252 0.010515 0.00952277 0.0118357 0.00889578 0.0147578 0.0150585 0.00891122 0.00985579 0.00941479 0.0100705 0.015071 0.0227027 0.0135406 0.0119022 0.0176328 0.0216715 0.0188058 0.0184072 0.0282351 0.841229 0.00807613 0.0152159 0.0041543 0.00366214 0 0.0330049 
0.0106634 0.00930934 0.00834339 0.00843128 0.00886014 0.00854487 0.00845448 0.00899483 0.00867813 0.0104551 0.01275 0.00878802 0.0091702 0.00850782 0.00900947 0.0105294 0.0123502 0.00956337 0.00867154 0.00894245 0.00908624 0.0116592 0.019835 0.0117247 0.0100324 0.00995229 0.0140427 0.0446383 0.0484232 0.0577767 0.0135615 0.0105752 0.0124547 0.0213788 0.0175654 0.0330049 0 
