1Q4RA
PVKHVLLASFKDGVSPEKIEELIKGYANLVNLIEPXKAFHWGKDVSIENLHQGYTHIFESTFESKEAVAEYIAHPAHVEFATIFLGSLDKVLVIDYKPTSVSL
CEEEEEEEEECCCCCHHHHHHHHHHHHCHHHHCCCCCEEEEEECCCCCCCCCCCCEEEEEEECCHHHHHHHHHCHHHHHHHHHHHHCEEEEEEEEECCCCCCC
0 0 0 0 0 0 0 0 0 0 0 0 0 0 0 0 0 0 0 0 0 0 0 0 0 0 0 0 0 0 0 0 0 0 0 0 0 0 0 0 0 0 0 0 0 0 0 0 0 0 0 0 0 0 0 0 0 0 0 0 0 0 0 0 0 0 0 0 0 0 0 0 0 0 0 0 0 0 0 0 0 0 0 0 0 0 0 0 0 0 0 0 0 0 0 0 0 0 0 0 0 0 0 
0 0 0 0 0 0 0 0 0 0 0 0 0 0 0 0 0 0 0 0 0 0 0 0 0 0 0 0 0 0 0 0 0 0 0 0 0 0 0 0 0 0 0 0 0 0 0 0 0 0 0 0 0 0 0 0 0 0 0 0 0 0 0 0 0 0 0 0 0 0 0 0 0 0 0 0 0 0 0 0 0 0 0 0 0 0 0 0 0 0 0 0 0 0 0 0 0 0 0 0 0 0 0 
0 0.00379985 0.00371145 0.00371704 0.00414224 0.0039692 0.00445357 0.0043373 0.0480742 0.0254171 0.0335259 0.00881193 0.010222 0.00912565 0.0237294 0.0293705 0.00976106 0.015535 0.00949248 0.0171575 0.00919729 0.107409 0.00953524 0.00846438 0.00871065 0.00944881 0.00886041 0.00905971 0.00900787 0.00848972 0.0120063 
0.00379985 0 0.00366003 0.00365298 0.00365671 0.00370082 0.00366017 0.0104456 0.00398651 0.0756638 0.0131142 0.0209245 0.00901171 0.0124638 0.00981058 0.0110485 0.040689 0.010813 0.0276404 0.00972365 0.0583479 0.00893857 0.00864041 0.00900986 0.0088812 0.00874089 0.0101893 0.00937542 0.00864212 0.00922481 0.00834679 
0.00371145 0.00366003 0 0.00363354 0.00364529 0.00365488 0.0038293 0.00365266 0.00401951 0.0262688 0.0358108 0.0131399 0.0180337 0.0100947 0.0093134 0.0165137 0.0137849 0.0538239 0.0144292 0.113312 0.0104583 0.0103402 0.00865902 0.0094134 0.0102417 0.0117765 0.0121929 0.0118784 0.0143977 0.00879215 0.0085041 
0.00371704 0.00365298 0.00363354 0 0.00364473 0.00372727 0.00358711 0.00361306 0.0036166 0.0575036 0.0161568 0.0277975 0.0175788 0.0119224 0.00960365 0.0115592 0.023033 0.0197455 0.136904 0.0232202 0.0219392 0.00956153 0.00895635 0.00929286 0.0101584 0.0113594 0.0132836 0.0143313 0.0115682 0.00910767 0.00865086 
0.00414224 0.00365671 0.00364529 0.00364473 0 0.00367467 0.00356316 0.00358614 0.00360781 0.0143287 0.0609663 0.0180621 0.0399701 0.00970525 0.00890293 0.0128407 0.014982 0.154556 0.0201272 0.0767714 0.0114664 0.0115121 0.00879711 0.00905759 0.0103811 0.0121254 0.0148397 0.0156612 0.011241 0.0105971 0.00860651 
0.0039692 0.00370082 0.00365488 0.00372727 0.00367467 0 0.0035493 0.00359803 0.00356839 0.0350814 0.0105718 0.106289 0.0110951 0.0113992 0.010236 0.00951153 0.106836 0.0156244 0.0826884 0.016249 0.0260564 0.0093233 0.0086365 0.00940168 0.0102047 0.011781 0.0148073 0.0133971 0.00977659 0.00962238 0.00848001 
0.00445357 0.00366017 0.0038293 0.00358711 0.00356316 0.0035493 0 0.00355214 0.00361984 0.0122062 0.0689502 0.0106539 0.0348907 0.00959344 0.0088352 0.0523384 0.0103424 0.0676263 0.0127027 0.0563556 0.00974808 0.0118095 0.00884422 0.00896377 0.0106351 0.0123923 0.0102314 0.0101329 0.010608 0.00868188 0.00871585 
0.0043373 0.0104456 0.00365266 0.00361306 0.00358614 0.00359803 0.00355214 0 0.00358384 0.0445611 0.00982737 0.0303587 0.00939742 0.0268005 0.0100278 0.00945734 0.032607 0.0102455 0.0220222 0.00967588 0.0212823 0.00882567 0.00884683 0.0100529 0.00911863 0.00892522 0.00952676 0.00973697 0.00868916 0.0098619 0.00827296 
0.0480742 0.00398651 0.00401951 0.0036166 0.00360781 0.00356839 0.00361984 0.00358384 0 0.0121981 0.0156388 0.00913988 0.011632 0.0111172 0.0289165 0.0296267 0.00952855 0.0114288 0.00926237 0.0114535 0.00876918 0.0412038 0.0342136 0.00894643 0.00858279 0.0088812 0.00889684 0.00870604 0.00867017 0.0083903 0.00921331 
0.0254171 0.0756638 0.0262688 0.0575036 0.0143287 0.0350814 0.0122062 0.0445611 0.0121981 0 0.00394095 0.00364078 0.00354841 0.00375997 0.00996606 0.00928018 0.0146942 0.00827189 0.0112462 0.0110804 0.724141 0.0148798 0.00971083 0.00907902 0.00924166 0.00939883 0.00994247 0.00987804 0.00896982 0.00929032 0.0119566 
0.0335259 0.0131142 0.0358108 0.0161568 0.0609663 0.0105718 0.0689502 0.00982737 0.0156388 0.00394095 0 0.0035495 0.00355366 0.00404372 0.00357718 0.00978846 0.00833609 0.0199793 0.00830161 0.806282 0.00944188 0.0133131 0.0092783 0.00874335 0.0090546 0.0098 0.0101442 0.00929675 0.00967999 0.00903746 0.00900076 
0.00881193 0.0209245 0.0131399 0.0277975 0.0180621 0.106289 0.0106539 0.0303587 0.00913988 0.00364078 0.0035495 0 0.00360947 0.00354843 0.00531957 0.00657668 0.0104944 0.00839451 0.8485 0.00902129 0.011953 0.00812931 0.00849939 0.00874282 0.00895939 0.00950903 0.00985753 0.0100227 0.0089965 0.00935857 0.00832227 
0.010222 0.00901171 0.0180337 0.0175788 0.0399701 0.0110951 0.0348907 0.00939742 0.011632 0.00354841 0.00355366 0.00360947 0 0.00359914 0.00360441 0.00755803 0.00752475 0.740372 0.0121717 0.0162351 0.00793393 0.00895552 0.00879896 0.00859956 0.00902952 0.00917861 0.0089908 0.00912056 0.0093485 0.00846943 0.00840517 
0.00912565 0.0124638 0.0100947 0.0119224 0.00970525 0.0113992 0.00959344 0.0268005 0.0111172 0.00375997 0.00404372 0.00354843 0.00359914 0 0.00370218 0.00658943 0.754259 0.0197997 0.0111344 0.0076502 0.00953722 0.00819439 0.00903918 0.00928379 0.00855013 0.008641 0.00912802 0.00895091 0.00864935 0.00884391 0.00839527 
0.0237294 0.00981058 0.0093134 0.00960365 0.00890293 0.010236 0.0088352 0.0100278 0.0289165 0.00996606 0.00357718 0.00531957 0.00360441 0.00370218 0 0.872981 0.0149391 0.00795004 0.00777631 0.00744476 0.00757875 0.0145648 0.0148461 0.00857245 0.00853849 0.00865294 0.00874025 0.00884458 0.00845516 0.00837567 0.00857896 
0.0293705 0.0110485 0.0165137 0.0115592 0.0128407 0.00951153 0.0523384 0.00945734 0.0296267 0.00928018 0.00978846 0.00657668 0.00755803 0.00658943 0.872981 0 0.00384764 0.00362088 0.0035695 0.00357815 0.00362639 0.00636627 0.028598 0.00998667 0.0095805 0.0106675 0.0108617 0.010389 0.0105692 0.00997763 0.0200164 
0.00976106 0.040689 0.0137849 0.023033 0.014982 0.106836 0.0103424 0.032607 0.00952855 0.0146942 0.00833609 0.0104944 0.00752475 0.754259 0.0149391 0.00384764 0 0.00358116 0.00355455 0.00357571 0.00382067 0.00364187 0.00999795 0.0204738 0.0127418 0.0111433 0.0127172 0.0132272 0.00979853 0.0144827 0.00887538 
0.015535 0.010813 0.0538239 0.0197455 0.154556 0.0156244 0.0676263 0.0102455 0.0114288 0.00827189 0.0199793 0.00839451 0.740372 0.0197997 0.00795004 0.00362088 0.00358116 0 0.0035474 0.00352293 0.00357431 0.00388685 0.0130682 0.00986549 0.0215669 0.0146157 0.0136248 0.0127655 0.0139836 0.0097483 0.00940241 
0.00949248 0.0276404 0.0144292 0.136904 0.0201272 0.0826884 0.0127027 0.0220222 0.00926237 0.0112462 0.00830161 0.8485 0.0121717 0.0111344 0.00777631 0.0035695 0.00355455 0.0035474 0 0.00355661 0.00358539 0.00356662 0.00988515 0.0186642 0.0124081 0.0168964 0.0203285 0.0171187 0.0102899 0.0123772 0.00914203 
0.0171575 0.00972365 0.113312 0.0232202 0.0767714 0.016249 0.0563556 0.00967588 0.0114535 0.0110804 0.806282 0.00902129 0.0162351 0.0076502 0.00744476 0.00357815 0.00357571 0.00352293 0.00355661 0 0.00355704 0.0035805 0.0127432 0.0117906 0.0211323 0.0137911 0.0177314 0.0170609 0.0188396 0.00935333 0.0104186 
0.00919729 0.0583479 0.0104583 0.0219392 0.0114664 0.0260564 0.00974808 0.0212823 0.00876918 0.724141 0.00944188 0.011953 0.00793393 0.00953722 0.00757875 0.00362639 0.00382067 0.00357431 0.00358539 0.00355704 0 0.00359956 0.0101959 0.0220358 0.0119277 0.0113328 0.0123097 0.0167763 0.0108669 0.0353058 0.00884698 
0.107409 0.00893857 0.0103402 0.00956153 0.0115121 0.0093233 0.0118095 0.00882567 0.0412038 0.0148798 0.0133131 0.00812931 0.00895552 0.00819439 0.0145648 0.00636627 0.00364187 0.00388685 0.00356662 0.0035805 0.00359956 0 0.0451132 0.00960134 0.0103715 0.0110797 0.0107463 0.011552 0.0120492 0.0114454 0.0288867 
0.00953524 0.00864041 0.00865902 0.00895635 0.00879711 0.0086365 0.00884422 0.00884683 0.0342136 0.00971083 0.0092783 0.00849939 0.00879896 0.00903918 0.0148461 0.028598 0.00999795 0.0130682 0.00988515 0.0127432 0.0101959 0.0451132 0 0.00426638 0.00370656 0.00372343 0.00379774 0.00617726 0.0038751 0.00403249 0.0287318 
0.00846438 0.00900986 0.0094134 0.00929286 0.00905759 0.00940168 0.00896377 0.0100529 0.00894643 0.00907902 0.00874335 0.00874282 0.00859956 0.00928379 0.00857245 0.00998667 0.0204738 0.00986549 0.0186642 0.0117906 0.0220358 0.00960134 0.00426638 0 0.00357943 0.0036557 0.00363955 0.00371946 0.0037899 0.00742625 0.0042247 
0.00871065 0.0088812 0.0102417 0.0101584 0.0103811 0.0102047 0.0106351 0.00911863 0.00858279 0.00924166 0.0090546 0.00895939 0.00902952 0.00855013 0.00853849 0.0095805 0.0127418 0.0215669 0.0124081 0.0211323 0.0119277 0.0103715 0.00370656 0.00357943 0 0.0038528 0.00372066 0.00373623 0.0104268 0.00369659 0.00378799 
0.00944881 0.00874089 0.0117765 0.0113594 0.0121254 0.011781 0.0123923 0.00892522 0.0088812 0.00939883 0.0098 0.00950903 0.00917861 0.008641 0.00865294 0.0106675 0.0111433 0.0146157 0.0168964 0.0137911 0.0113328 0.0110797 0.00372343 0.0036557 0.0038528 0 0.00363063 0.0036911 0.00411918 0.0036065 0.00423791 
0.00886041 0.0101893 0.0121929 0.0132836 0.0148397 0.0148073 0.0102314 0.00952676 0.00889684 0.00994247 0.0101442 0.00985753 0.0089908 0.00912802 0.00874025 0.0108617 0.0127172 0.0136248 0.0203285 0.0177314 0.0123097 0.0107463 0.00379774 0.00363955 0.00372066 0.00363063 0 0.00379639 0.00358995 0.00361341 0.00375096 
0.00905971 0.00937542 0.0118784 0.0143313 0.0156612 0.0133971 0.0101329 0.00973697 0.00870604 0.00987804 0.00929675 0.0100227 0.00912056 0.00895091 0.00884458 0.010389 0.0132272 0.0127655 0.0171187 0.0170609 0.0167763 0.011552 0.00617726 0.00371946 0.00373623 0.0036911 0.00379639 0 0.00362922 0.00361877 0.00369793 
0.00900787 0.00864212 0.0143977 0.0115682 0.011241 0.00977659 0.010608 0.00868916 0.00867017 0.00896982 0.00967999 0.0089965 0.0093485 0.00864935 0.00845516 0.0105692 0.00979853 0.0139836 0.0102899 0.0188396 0.0108669 0.0120492 0.0038751 0.0037899 0.0104268 0.00411918 0.00358995 0.00362922 0 0.00355598 0.00359064 
0.00848972 0.00922481 0.00879215 0.00910767 0.0105971 0.00962238 0.00868188 0.0098619 0.0083903 0.00929032 0.00903746 0.00935857 0.00846943 0.00884391 0.00837567 0.00997763 0.0144827 0.0097483 0.0123772 0.00935333 0.0353058 0.0114454 0.00403249 0.00742625 0.00369659 0.0036065 0.00361341 0.00361877 0.00355598 0 0.00371988 
0.0120063 0.00834679 0.0085041 0.00865086 0.00860651 0.00848001 0.00871585 0.00827296 0.00921331 0.0119566 0.00900076 0.00832227 0.00840517 0.00839527 0.00857896 0.0200164 0.00887538 0.00940241 0.00914203 0.0104186 0.00884698 0.0288867 0.0287318 0.0042247 0.00378799 0.00423791 0.00375096 0.00369793 0.00359064 0.00371988 0 
