1QHZA
SVVEEHGQLSISNGELVNERGEQVQLKGMSSHGLQWYGQFVNYESMKWLRDDWGINVFRAAMYTSSGGYIDDPSVKEKVKEAVEAAIDLDIYVIIDWHILSDNDPNIYKEEAKDFFDEMSELYGDYPNVIYEIANEPNGSDVTWGNQIKPYAEEVIPIIRNNDPNNIIIVGTGTWSQDVHHAADNQLADPNVMYAFHFYAGTHGQNLRDQVDYALDQGAAIFVSEWGTSAATGDGGVFLDEAQVWIDFMDERNLSWANWSLTHKDESSAALMPGANPTGGWTEAELSPSGTFVREKIRESAS
CHHHHHCCCEEECCEEECCCCCECCCEEEEECCHHHHHHHCCHHHHHHHHHHCCCCEEEEEEECCCCCCCCCHHHHHHHHHHHHHHHHHCCEEEEEEECCCCCCHHHHHHHHHHHHHHHHHHHCCCCCEEEECCCCCCCCCCCCCCCHHHHHHHHHHHHHHHCCCCCEEECCHHHHCCHHHHHCCCCCCCCEEEEEEEECCCCCHHHHHHHHHHHHCCCCEEEEEEECECCCCCCCECHHHHHHHHHHHHHHCCCEEEEEECCCCCCCCCECCCCCCCCCCCHHHECHHHHHHHHHHHCCCC
0 0 0 0 0 0 0 0 0 0 0 0 0 0 0 0 0 0 0 0 0 0 0 0 0 0 0 0 0 0 0 0 0 0 0 0 0 0 0 0 0 0 0 0 0 0 0 0 0 0 0 0 0 0 0 0 0 0 0 0 0 0 0 0 0 0 0 0 0 0 0 0 0 0 0 0 0 0 0 0 0 0 0 0 0 0 0 0 0 0 0 0 0 0 0 0 0 0 0 0 0 0 0 0 0 0 0 0 0 0 0 0 0 0 0 0 0 0 0 0 0 0 0 0 0 0 0 0 0 0 0 0 0 0 0 0 0 0 0 0 0 0 0 0 0 0 0 0 0 0 0 0 0 0 0 0 0 0 0 0 0 0 0 0 0 0 0 0 0 0 0 0 0 0 0 0 0 0 0 0 0 0 0 0 0 0 0 0 0 0 0 0 0 0 0 0 0 0 0 0 0 0 0 0 0 0 0 0 0 0 0 0 0 0 0 0 0 0 0 0 0 0 0 0 0 0 0 0 0 0 0 0 0 0 0 0 0 0 0 0 0 0 0 0 0 0 0 0 0 0 0 0 0 0 0 0 0 0 0 0 0 0 0 0 0 0 0 0 0 0 0 0 0 0 0 0 0 0 0 0 0 0 0 0 0 0 0 0 0 0 0 0 0 0 0 0 0 0 0 0 0 0 
0 0 0 0 0 0 0 0 0 0 0 0 0 0 0 0 0 0 0 0 0 0 0 0 0 0 0 0 0 0 0 0 0 0 0 0 0 0 0 0 0 0 0 0 0 0 0 0 0 0 0 0 0 0 0 0 0 0 0 0 0 0 0 0 0 0 0 0 0 0 0 0 0 0 0 0 0 0 0 0 0 0 0 0 0 0 0 0 0 0 0 0 0 0 0 0 0 0 0 0 0 0 0 0 0 0 0 0 0 0 0 0 0 0 0 0 0 0 0 0 0 0 0 0 0 0 0 0 0 0 0 0 0 0 0 0 0 0 0 0 0 0 0 0 0 0 0 0 0 0 0 0 0 0 0 0 0 0 0 0 0 0 0 0 0 0 0 0 0 0 0 0 0 0 0 0 0 0 0 0 0 0 0 0 0 0 0 0 0 0 0 0 0 0 0 0 0 0 0 0 0 0 0 0 0 0 0 0 0 0 0 0 0 0 0 0 0 0 0 0 0 0 0 0 0 0 0 0 0 0 0 0 0 0 0 0 0 0 0 0 0 0 0 0 0 0 0 0 0 0 0 0 0 0 0 0 0 0 0 0 0 0 0 0 0 0 0 0 0 0 0 0 0 0 0 0 0 0 0 0 0 0 0 0 0 0 0 0 0 0 0 0 0 0 0 0 0 0 0 0 0 0 
0 0.00367286 0.00453528 0.00807678 0.00914167 0.92975 0.0178638 0.020186 0.0099243 0.0112601 0.0114235 0.0188017 0.0155461 0.0100219 0.0169418 0.00998473 0.0111974 0.00983784 0.0145983 0.0124225 0.00974723 0.0113485 0.00898974 0.00979026 0.00855876 0.0153552 0.00912441 0.00841149 0.00868992 0.0108321 0.0090043 0.00850838 0.0095444 0.00837432 0.0082246 0.00845015 0.00835913 0.00828477 0.00838019 0.00819761 0.00868332 0.00847113 0.00843203 0.00837747 0.0082798 0.00824631 0.00824307 0.00838193 0.00902179 0.00905379 0.00833743 0.00833167 0.00833945 0.00840101 0.00834646 0.0085253 0.00907204 0.00839627 
0.00367286 0 0.00358767 0.00489269 0.980185 0.00687028 0.00880954 0.0093824 0.0308337 0.0100695 0.0199251 0.0110255 0.0111864 0.0253142 0.00897554 0.0129449 0.00932253 0.0156135 0.00961503 0.0097802 0.0138617 0.00917871 0.0102963 0.00872345 0.0124821 0.00854052 0.00900437 0.00879925 0.009256 0.0087129 0.00866342 0.00906862 0.00837598 0.00828125 0.00846356 0.00857367 0.00844139 0.00850775 0.00832733 0.00850197 0.00828193 0.00844398 0.00856361 0.00842607 0.00832054 0.00831602 0.00837116 0.00825459 0.00827829 0.00850548 0.0083212 0.00839272 0.0083205 0.00847899 0.00847004 0.00840153 0.00866733 0.00862742 
0.00453528 0.00358767 0 0.992481 0.00457464 0.00430104 0.0104601 0.0201934 0.00952227 0.0141779 0.0121665 0.0133599 0.0190834 0.00929306 0.0107832 0.00909646 0.00969082 0.0100905 0.0140677 0.0138194 0.00944897 0.00931461 0.00880079 0.00924126 0.00865527 0.00919247 0.00987015 0.00844274 0.00843228 0.00905531 0.00888075 0.00842279 0.00878946 0.00843141 0.00818599 0.00836298 0.00816743 0.00819179 0.00815239 0.00813646 0.00817555 0.00846778 0.0082711 0.00816395 0.00812549 0.00810458 0.00811712 0.00805692 0.0084492 0.00848396 0.00830042 0.00817663 0.00812893 0.0082285 0.00809848 0.00813054 0.00860993 0.00843614 
0.00807678 0.00489269 0.992481 0 0.00370017 0.0041187 0.017326 0.011642 0.0144573 0.0182412 0.0177622 0.0274866 0.0169238 0.0100333 0.0170828 0.00983214 0.0113766 0.010157 0.0149548 0.0138205 0.0105177 0.0108409 0.00940777 0.00939051 0.00880946 0.0139782 0.00905246 0.00832529 0.00916622 0.0119274 0.00895841 0.00840773 0.00954091 0.00848898 0.00813542 0.00848186 0.00829545 0.00831133 0.00838008 0.00820573 0.00896346 0.00853985 0.00831791 0.00826114 0.00818185 0.00820778 0.00818502 0.00821706 0.00881445 0.00887325 0.00830864 0.00817867 0.00822201 0.00823309 0.00827669 0.00862937 0.00891111 0.00831534 
0.00914167 0.980185 0.00457464 0.00370017 0 0.00365805 0.0114502 0.0133644 0.0394648 0.0224139 0.027069 0.00955509 0.0129838 0.0307402 0.0104438 0.0141797 0.0102111 0.0243017 0.0103926 0.0100257 0.0196412 0.0117613 0.0132638 0.00953659 0.0175346 0.00894973 0.0087367 0.00937072 0.010139 0.00888036 0.00861905 0.00952305 0.00872551 0.00823663 0.00855203 0.00865317 0.00861719 0.00863421 0.00848636 0.00851855 0.00837885 0.00846804 0.00871963 0.0085713 0.00844957 0.00845035 0.00841942 0.00833718 0.00823936 0.00825148 0.00841664 0.00847216 0.00847568 0.00846925 0.00862644 0.00841709 0.00841075 0.00827073 
0.92975 0.00687028 0.00430104 0.0041187 0.00365805 0 0.791313 0.037232 0.0254329 0.0125662 0.0143231 0.0187663 0.0293816 0.0108027 0.0128636 0.0103189 0.0108014 0.0113362 0.0220433 0.0200034 0.010704 0.0106839 0.0100029 0.0105905 0.00920913 0.0106318 0.0117155 0.00903235 0.00884189 0.00960947 0.00992398 0.00861324 0.00928032 0.00883249 0.00828854 0.00856548 0.00826968 0.00841497 0.00832929 0.00817358 0.00830951 0.00892964 0.00844172 0.00828579 0.00824071 0.00822867 0.00822865 0.00818666 0.00877526 0.00873211 0.00857214 0.00821609 0.0082187 0.00832388 0.00818888 0.00822004 0.00889385 0.00872073 
0.0178638 0.00880954 0.0104601 0.017326 0.0114502 0.791313 0 0.0138153 0.00495433 0.00628168 0.00510161 0.00638785 0.018227 0.0100722 0.00937358 0.00868086 0.00882425 0.00923179 0.0133216 0.0137137 0.00937519 0.00870049 0.00856317 0.00834625 0.00847586 0.0105498 0.00977576 0.00815768 0.00852677 0.00968082 0.00886526 0.0083172 0.00910069 0.00842106 0.00807229 0.00819326 0.00812383 0.00813658 0.008107 0.00809081 0.00860262 0.00855921 0.00814317 0.00807373 0.00807976 0.00807752 0.00805733 0.00808204 0.00964962 0.00970066 0.00840252 0.00809526 0.00801346 0.00808859 0.00807473 0.00829176 0.00953035 0.00911005 
0.020186 0.0093824 0.0201934 0.011642 0.0133644 0.037232 0.0138153 0 0.00366734 0.0035927 0.00363223 0.00379588 0.108192 0.0160611 0.0211961 0.0109202 0.0132097 0.0122766 0.0221094 0.0165388 0.0144874 0.0147351 0.0111516 0.0102989 0.00998858 0.0147621 0.00961872 0.00873289 0.00919922 0.0132553 0.00879614 0.00855016 0.0103453 0.0083751 0.00820415 0.00862959 0.00845241 0.00840066 0.00826569 0.00818866 0.00842509 0.00842102 0.00836066 0.00831151 0.00822823 0.00821326 0.00819622 0.00823873 0.0087074 0.00853276 0.00818784 0.00826584 0.00826169 0.008359 0.00825845 0.00833359 0.00843188 0.00822531 
0.0099243 0.0308337 0.00952227 0.0144573 0.0394648 0.0254329 0.00495433 0.00366734 0 0.003584 0.0035907 0.00358146 0.21203 0.0798227 0.0300945 0.0427426 0.0233644 0.0338916 0.0129051 0.0140107 0.0454772 0.0342149 0.035567 0.019002 0.0218622 0.0102504 0.00960208 0.0117483 0.0123079 0.00974433 0.00884032 0.00996944 0.00912263 0.00840893 0.0088443 0.00920852 0.00938494 0.00905172 0.0086745 0.00855151 0.00834108 0.00845215 0.00880791 0.00896486 0.00870619 0.00866844 0.00850365 0.00838878 0.00825095 0.008058 0.00838916 0.00860698 0.00864775 0.00868107 0.00855218 0.00851694 0.00825373 0.00812719 
0.0112601 0.0100695 0.0141779 0.0182412 0.0224139 0.0125662 0.00628168 0.0035927 0.003584 0 0.00356153 0.00355189 0.0395343 0.194183 0.0729972 0.0676404 0.105347 0.0196403 0.0132885 0.0115323 0.0339653 0.0685742 0.0577263 0.0500043 0.0182482 0.0101028 0.00931008 0.013098 0.0136998 0.0101902 0.00911824 0.00993287 0.00932197 0.00845372 0.00888751 0.00929855 0.00926005 0.00903812 0.00870618 0.00853334 0.00833995 0.00849555 0.00883642 0.00882832 0.0085989 0.00867941 0.00849315 0.00839529 0.00814996 0.00807596 0.00833068 0.0085173 0.00865565 0.00868835 0.00846299 0.00831439 0.008155 0.00814973 
0.0114235 0.0199251 0.0121665 0.0177622 0.027069 0.0143231 0.00510161 0.00363223 0.0035907 0.00356153 0 0.00367384 0.0207925 0.0406955 0.217109 0.0529273 0.0391293 0.129535 0.0168277 0.0127445 0.0218681 0.0275879 0.0272216 0.0228879 0.0234792 0.0110137 0.00930159 0.0110307 0.0143421 0.011078 0.00882249 0.00999271 0.009168 0.00834566 0.0087837 0.00938741 0.00897583 0.00883559 0.0085879 0.00849042 0.00835384 0.00839793 0.00868892 0.0087303 0.00859345 0.00841653 0.00845461 0.00831862 0.00811305 0.00809575 0.00832421 0.00841229 0.0084753 0.00852691 0.00843212 0.00826066 0.00814531 0.00807978 
0.0188017 0.0110255 0.0133599 0.0274866 0.00955509 0.0187663 0.00638785 0.00379588 0.00358146 0.00355189 0.00367384 0 0.034989 0.0207397 0.0273343 0.042916 0.0263087 0.0435564 0.133406 0.0196599 0.011438 0.0131046 0.0144809 0.0115409 0.013774 0.0143315 0.0121237 0.00924092 0.0104717 0.0109517 0.0104953 0.0091548 0.0100126 0.00859881 0.00826319 0.00873643 0.00835252 0.00849131 0.00831857 0.00832199 0.00826959 0.00858186 0.00838225 0.0086576 0.00831592 0.00831296 0.008188 0.00837483 0.00850484 0.00839152 0.00836845 0.0083229 0.00833083 0.0083246 0.00828445 0.00824763 0.00843518 0.00836065 
0.0155461 0.0111864 0.0190834 0.0169238 0.0129838 0.0293816 0.018227 0.108192 0.21203 0.0395343 0.0207925 0.034989 0 0.00404741 0.00361511 0.00360772 0.00372599 0.00377325 0.0054127 0.644578 0.027833 0.0344264 0.0144086 0.0155543 0.0108706 0.045061 0.0172565 0.0111934 0.01151 0.0226617 0.0115829 0.0103788 0.0133637 0.00904984 0.00853095 0.00899792 0.00898763 0.00870009 0.00858431 0.00853847 0.00941149 0.00898169 0.00868088 0.00862051 0.00846815 0.00838059 0.00830067 0.00853034 0.00924749 0.00881575 0.00860751 0.0082785 0.00835878 0.00841556 0.00832081 0.00850261 0.00890569 0.00845616 
0.0100219 0.0253142 0.00929306 0.0100333 0.0307402 0.0108027 0.0100722 0.0160611 0.0798227 0.194183 0.0406955 0.0207397 0.00404741 0 0.00359784 0.003582 0.00361056 0.0037145 0.00372605 0.0517404 0.706209 0.019852 0.0708773 0.0122369 0.0754503 0.0101753 0.0129048 0.0185361 0.0260777 0.010449 0.0102923 0.0128327 0.0100817 0.00855243 0.00934324 0.0109526 0.0102744 0.0107101 0.00871795 0.00957889 0.00841247 0.00881702 0.00960676 0.00934259 0.00900727 0.00893211 0.00881438 0.00844478 0.00829616 0.00811271 0.00837524 0.00869998 0.00865843 0.00883621 0.00862346 0.00837791 0.00822705 0.00816869 
0.0169418 0.00897554 0.0107832 0.0170828 0.0104438 0.0128636 0.00937358 0.0211961 0.0300945 0.0729972 0.217109 0.0273343 0.00361511 0.00359784 0 0.00358672 0.00361871 0.00357844 0.00364598 0.0936054 0.0331437 0.67938 0.0176126 0.242656 0.0146832 0.0171224 0.0122741 0.0314661 0.0174726 0.0167463 0.0110353 0.012804 0.0118551 0.00911577 0.010229 0.0120127 0.0137716 0.0108236 0.0125021 0.00878216 0.00892382 0.00924681 0.00983435 0.0101104 0.00940168 0.0098277 0.00906077 0.00849197 0.00819331 0.00805811 0.00855226 0.00882029 0.00889587 0.0088902 0.0089072 0.00828415 0.00811812 0.00810368 
0.00998473 0.0129449 0.00909646 0.00983214 0.0141797 0.0103189 0.00868086 0.0109202 0.0427426 0.0676404 0.0529273 0.042916 0.00360772 0.003582 0.00358672 0 0.00356637 0.0035773 0.00357211 0.0524877 0.149405 0.0395582 0.726325 0.0174171 0.0809108 0.0100157 0.0164629 0.0174133 0.0259459 0.0115032 0.011137 0.0123137 0.0102862 0.00894281 0.00975821 0.013555 0.0129415 0.0149469 0.00936873 0.00980196 0.00846124 0.00910889 0.00983187 0.0103044 0.00935103 0.00956981 0.00889872 0.00866304 0.00823451 0.00805402 0.00851839 0.00895603 0.00897546 0.00905403 0.00863887 0.00839261 0.00819486 0.00820187 
0.0111974 0.00932253 0.00969082 0.0113766 0.0102111 0.0108014 0.00882425 0.0132097 0.0233644 0.105347 0.0391293 0.0263087 0.00372599 0.00361056 0.00361871 0.00356637 0 0.00357121 0.00355901 0.041257 0.0590308 0.338157 0.0379174 0.597303 0.0151606 0.0165389 0.0110258 0.0304115 0.020775 0.0132173 0.0115663 0.0134206 0.0106891 0.00874409 0.0108089 0.0125749 0.0217938 0.0101618 0.010827 0.0088439 0.00870635 0.00886842 0.00987635 0.00980996 0.00947721 0.00923647 0.00894624 0.00836542 0.00823742 0.00805487 0.00851686 0.00883205 0.0093561 0.00886687 0.0086962 0.00829652 0.0081118 0.00811488 
0.00983784 0.0156135 0.0100905 0.010157 0.0243017 0.0113362 0.00923179 0.0122766 0.0338916 0.0196403 0.129535 0.0435564 0.00377325 0.0037145 0.00357844 0.0035773 0.00357121 0 0.00385505 0.0220617 0.134667 0.0652845 0.151092 0.0321206 0.64961 0.0171991 0.0133898 0.0201767 0.058788 0.0171089 0.0118251 0.0170867 0.010865 0.00880487 0.00963532 0.0121339 0.0108485 0.0105024 0.00889035 0.00930357 0.00861583 0.00888907 0.00932383 0.00952062 0.00906035 0.00903389 0.00875406 0.00847074 0.00826619 0.00813873 0.00840001 0.00870406 0.00872275 0.0089282 0.00867705 0.00820984 0.00819448 0.00810708 
0.0145983 0.00961503 0.0140677 0.0149548 0.0103926 0.0220433 0.0133216 0.0221094 0.0129051 0.0132885 0.0168277 0.133406 0.0054127 0.00372605 0.00364598 0.00357211 0.00355901 0.00385505 0 0.0470018 0.0197274 0.0386017 0.0337541 0.0711672 0.0316186 0.523593 0.0154773 0.012102 0.0163366 0.032495 0.0130784 0.00990513 0.0151584 0.00976137 0.00897425 0.00932391 0.00934484 0.00884441 0.00879961 0.00873428 0.00878878 0.00987934 0.00888548 0.00907625 0.00848052 0.00867656 0.00852962 0.00851314 0.0088503 0.00870476 0.00850148 0.00827163 0.00839414 0.0084622 0.00830918 0.00834643 0.0084475 0.00839221 
0.0124225 0.0097802 0.0138194 0.0138205 0.0100257 0.0200034 0.0137137 0.0165388 0.0140107 0.0115323 0.0127445 0.0196599 0.644578 0.0517404 0.0936054 0.0524877 0.041257 0.0220617 0.0470018 0 0.00571029 0.00362815 0.00364183 0.00361252 0.00376376 0.00500184 0.252038 0.0241751 0.0159004 0.0359574 0.0257146 0.0141693 0.0248072 0.0107647 0.00945849 0.010599 0.0111963 0.00933626 0.00949996 0.00907185 0.0135131 0.0122219 0.00993416 0.00918769 0.00883493 0.00896473 0.00867982 0.0090129 0.0101892 0.00948454 0.00883274 0.00844048 0.00858184 0.00869511 0.00856506 0.00906039 0.00923826 0.00842203 
0.00974723 0.0138617 0.00944897 0.0105177 0.0196412 0.010704 0.00937519 0.0144874 0.0454772 0.0339653 0.0218681 0.011438 0.027833 0.706209 0.0331437 0.149405 0.0590308 0.134667 0.0197274 0.00571029 0 0.00362212 0.00357419 0.00361339 0.0037528 0.00369092 0.405695 0.12649 0.073568 0.0163688 0.03848 0.0520054 0.0144958 0.0132281 0.016691 0.0220434 0.0197563 0.0247581 0.0124258 0.0156897 0.00918402 0.0131715 0.0150407 0.0135008 0.0119844 0.0113966 0.0103017 0.00920612 0.00856883 0.00819261 0.00882894 0.00963175 0.0100632 0.0102061 0.0095567 0.00871349 0.00838023 0.00830482 
0.0113485 0.00917871 0.00931461 0.0108409 0.0117613 0.0106839 0.00870049 0.0147351 0.0342149 0.0685742 0.0275879 0.0131046 0.0344264 0.019852 0.67938 0.0395582 0.338157 0.0652845 0.0386017 0.00362815 0.00362212 0 0.00355067 0.00358763 0.00359769 0.00362284 0.0725755 0.337985 0.054341 0.0286204 0.0318076 0.045897 0.0224404 0.0115253 0.0240075 0.0381187 0.0516552 0.032243 0.0435582 0.0110163 0.00938566 0.0118669 0.0189907 0.0186114 0.015062 0.0152151 0.0107465 0.0100053 0.00851624 0.00812528 0.00893249 0.0103025 0.0107739 0.0104858 0.0104882 0.00869793 0.00827684 0.00827934 
0.00898974 0.0102963 0.00880079 0.00940777 0.0132638 0.0100029 0.00856317 0.0111516 0.035567 0.0577263 0.0272216 0.0144809 0.0144086 0.0708773 0.0176126 0.726325 0.0379174 0.151092 0.0337541 0.00364183 0.00357419 0.00355067 0 0.00354212 0.00355004 0.00356368 0.148901 0.0677471 0.261361 0.0247652 0.0224126 0.0342343 0.019731 0.0108341 0.0175433 0.0545105 0.0337219 0.0697381 0.0152858 0.0173273 0.00887721 0.0125495 0.0159398 0.0222252 0.0156892 0.0161979 0.0107602 0.00966175 0.0084289 0.0081404 0.00865914 0.0103331 0.011016 0.01145 0.0094598 0.0085965 0.00831578 0.00828164 
0.00979026 0.00872345 0.00924126 0.00939051 0.00953659 0.0105905 0.00834625 0.0102989 0.019002 0.0500043 0.0228879 0.0115409 0.0155543 0.0122369 0.242656 0.0174171 0.597303 0.0321206 0.0711672 0.00361252 0.00361339 0.00358763 0.00354212 0 0.00356575 0.00357122 0.0472888 0.22373 0.0523134 0.11988 0.0184329 0.025819 0.0202788 0.0100976 0.0187564 0.0270939 0.0626303 0.0187511 0.0389666 0.00990406 0.00953586 0.00945971 0.0140801 0.0150318 0.0152366 0.0136152 0.0101341 0.00979477 0.00819011 0.00804063 0.00861635 0.00926014 0.0113131 0.00990788 0.00987212 0.00840949 0.00812123 0.00818094 
0.00855876 0.0124821 0.00865527 0.00880946 0.0175346 0.00920913 0.00847586 0.00998858 0.0218622 0.0182482 0.0234792 0.013774 0.0108706 0.0754503 0.0146832 0.0809108 0.0151606 0.64961 0.0316186 0.00376376 0.0037528 0.00359769 0.00355004 0.00356575 0 0.00355647 0.0222937 0.107157 0.379925 0.0298766 0.0159208 0.037637 0.0169315 0.0111319 0.0139749 0.0280649 0.0149364 0.0287764 0.010229 0.0185681 0.00863505 0.0113514 0.0116842 0.0130496 0.0101766 0.0104012 0.0108332 0.00917184 0.00840456 0.00810414 0.00851208 0.00901767 0.00932871 0.00933804 0.00888522 0.0084021 0.00827557 0.0082141 
0.0153552 0.00854052 0.00919247 0.0139782 0.00894973 0.0106318 0.0105498 0.0147621 0.0102504 0.0101028 0.0110137 0.0143315 0.045061 0.0101753 0.0171224 0.0100157 0.0165389 0.0171991 0.523593 0.00500184 0.00369092 0.00362284 0.00356368 0.00357122 0.00355647 0 0.0216707 0.0207546 0.0867284 0.337754 0.0212331 0.0128002 0.0224224 0.0124743 0.0128681 0.0100238 0.0102219 0.00905409 0.00977326 0.00902489 0.0101855 0.0110032 0.00927123 0.00900044 0.00898974 0.00875601 0.00894169 0.00897101 0.00932746 0.00908901 0.00957642 0.00856166 0.00849301 0.00843598 0.00844995 0.00836368 0.00871127 0.00852693 
0.00912441 0.00900437 0.00987015 0.00905246 0.0087367 0.0117155 0.00977576 0.00961872 0.00960208 0.00931008 0.00930159 0.0121237 0.0172565 0.0129048 0.0122741 0.0164629 0.0110258 0.0133898 0.0154773 0.252038 0.405695 0.0725755 0.148901 0.0472888 0.0222937 0.0216707 0 0.00377425 0.00365812 0.00598673 0.336661 0.0234603 0.0356952 0.0214356 0.011974 0.012424 0.0118996 0.0120185 0.0105598 0.0107108 0.0150041 0.015549 0.0120694 0.0102848 0.00971322 0.00929329 0.00955207 0.0100504 0.0113592 0.00995977 0.00937707 0.00858766 0.00862736 0.00873148 0.00868982 0.00972356 0.00943889 0.00912018 
0.00841149 0.00879925 0.00844274 0.00832529 0.00937072 0.00903235 0.00815768 0.00873289 0.0117483 0.013098 0.0110307 0.00924092 0.0111934 0.0185361 0.0314661 0.0174133 0.0304115 0.0201767 0.012102 0.0241751 0.12649 0.337985 0.0677471 0.22373 0.107157 0.0207546 0.00377425 0 0.00472697 0.00375209 0.204077 0.202771 0.0202244 0.0115617 0.0261068 0.026341 0.0283169 0.0189834 0.0180064 0.0124009 0.00962636 0.0122104 0.020575 0.0188817 0.0144935 0.0133128 0.0112423 0.00997084 0.0086164 0.00822671 0.0086303 0.00947052 0.0101589 0.0099883 0.010171 0.0086711 0.00827319 0.00816392 
0.00868992 0.009256 0.00843228 0.00916622 0.010139 0.00884189 0.00852677 0.00919922 0.0123079 0.0136998 0.0143421 0.0104717 0.01151 0.0260777 0.0174726 0.0259459 0.020775 0.058788 0.0163366 0.0159004 0.073568 0.054341 0.261361 0.0523134 0.379925 0.0867284 0.00365812 0.00472697 0 0.00379338 0.0718115 0.316717 0.123051 0.012628 0.0252826 0.0318582 0.0314144 0.0329577 0.014575 0.0345732 0.0103064 0.0136171 0.019246 0.0232689 0.0142346 0.0147151 0.0160543 0.0107484 0.00900718 0.00846984 0.00912217 0.0105446 0.0106692 0.0111116 0.0106804 0.00888208 0.00846027 0.00853018 
0.0108321 0.0087129 0.00905531 0.0119274 0.00888036 0.00960947 0.00968082 0.0132553 0.00974433 0.0101902 0.011078 0.0109517 0.0226617 0.010449 0.0167463 0.0115032 0.0132173 0.0171089 0.032495 0.0359574 0.0163688 0.0286204 0.0247652 0.11988 0.0298766 0.337754 0.00598673 0.00375209 0.00379338 0 0.0236353 0.107697 0.434624 0.0231417 0.0139764 0.0163028 0.0189862 0.0137219 0.0142004 0.0111698 0.020603 0.0202592 0.0128476 0.0119698 0.010748 0.0101108 0.0106456 0.0236722 0.0123408 0.0100001 0.0125709 0.0090915 0.00956741 0.00988568 0.0117117 0.00893635 0.00963091 0.00896411 
0.0090043 0.00866342 0.00888075 0.00895841 0.00861905 0.00992398 0.00886526 0.00879614 0.00884032 0.00911824 0.00882249 0.0104953 0.0115829 0.0102923 0.0110353 0.011137 0.0115663 0.0118251 0.0130784 0.0257146 0.03848 0.0318076 0.0224126 0.0184329 0.0159208 0.0212331 0.336661 0.204077 0.0718115 0.0236353 0 0.00424445 0.00386003 0.562138 0.0458733 0.0356668 0.025284 0.025161 0.0228294 0.0121218 0.0239266 0.0564727 0.0264359 0.0206811 0.0130136 0.0142106 0.0108912 0.0165953 0.0164137 0.0128626 0.0135024 0.0113127 0.0104818 0.0113859 0.0107425 0.0130755 0.0114681 0.00928219 
0.00850838 0.00906862 0.00842279 0.00840773 0.00952305 0.00861324 0.0083172 0.00855016 0.00996944 0.00993287 0.00999271 0.0091548 0.0103788 0.0128327 0.012804 0.0123137 0.0134206 0.0170867 0.00990513 0.0141693 0.0520054 0.045897 0.0342343 0.025819 0.037637 0.0128002 0.0234603 0.202771 0.316717 0.107697 0.00424445 0 0.00373398 0.029484 0.507625 0.047502 0.0708773 0.0331187 0.0370321 0.0835141 0.0143759 0.0241679 0.0627268 0.0275787 0.0213866 0.0164794 0.0406336 0.0113203 0.0109678 0.00901964 0.0107413 0.0164041 0.013381 0.0145142 0.0202718 0.00969766 0.00928654 0.0086653 
0.0095444 0.00837598 0.00878946 0.00954091 0.00872551 0.00928032 0.00910069 0.0103453 0.00912263 0.00932197 0.009168 0.0100126 0.0133637 0.0100817 0.0118551 0.0102862 0.0106891 0.010865 0.0151584 0.0248072 0.0144958 0.0224404 0.019731 0.0202788 0.0169315 0.0224224 0.0356952 0.0202244 0.123051 0.434624 0.00386003 0.00373398 0 0.0594555 0.0202707 0.285016 0.0370256 0.0522566 0.0382804 0.0596561 0.146024 0.0345646 0.0186813 0.0234022 0.0146963 0.0148157 0.0168569 0.0268468 0.0188094 0.0125325 0.0190396 0.0110325 0.0112793 0.0120983 0.01357 0.0138522 0.0113683 0.00996329 
0.00837432 0.00828125 0.00843141 0.00848898 0.00823663 0.00883249 0.00842106 0.0083751 0.00840893 0.00845372 0.00834566 0.00859881 0.00904984 0.00855243 0.00911577 0.00894281 0.00874409 0.00880487 0.00976137 0.0107647 0.0132281 0.0115253 0.0108341 0.0100976 0.0111319 0.0124743 0.0214356 0.0115617 0.012628 0.0231417 0.562138 0.029484 0.0594555 0 0.00380498 0.00362534 0.00359748 0.00362793 0.00360608 0.00430074 0.0059089 0.125033 0.0234393 0.0131057 0.0109125 0.0105126 0.0118147 0.0151441 0.0166308 0.0158096 0.0135801 0.0109708 0.0100334 0.0105005 0.00983191 0.0211576 0.01226 0.00973316 
0.0082246 0.00846356 0.00818599 0.00813542 0.00855203 0.00828854 0.00807229 0.00820415 0.0088443 0.00888751 0.0087837 0.00826319 0.00853095 0.00934324 0.010229 0.00975821 0.0108089 0.00963532 0.00897425 0.00945849 0.016691 0.0240075 0.0175433 0.0187564 0.0139749 0.0128681 0.011974 0.0261068 0.0252826 0.0139764 0.0458733 0.507625 0.0202707 0.00380498 0 0.00358827 0.00359461 0.00362614 0.00361951 0.00425707 0.00410082 0.0931897 0.0844134 0.0227232 0.0182726 0.0165612 0.0202249 0.0116268 0.0113984 0.00962362 0.0104243 0.0161915 0.0182509 0.0147872 0.0219211 0.00976354 0.00920748 0.00838588 
0.00845015 0.00857367 0.00836298 0.00848186 0.00865317 0.00856548 0.00819326 0.00862959 0.00920852 0.00929855 0.00938741 0.00873643 0.00899792 0.0109526 0.0120127 0.013555 0.0125749 0.0121339 0.00932391 0.010599 0.0220434 0.0381187 0.0545105 0.0270939 0.0280649 0.0100238 0.012424 0.026341 0.0318582 0.0163028 0.0356668 0.047502 0.285016 0.00362534 0.00358827 0 0.00356624 0.00358076 0.00360771 0.00356647 0.00374196 0.108816 0.0924441 0.0772506 0.0294533 0.0359578 0.0219648 0.0231185 0.0100001 0.00911213 0.0122368 0.0214883 0.0261767 0.0660409 0.0163143 0.0138729 0.00874624 0.00889117 
0.00835913 0.00844139 0.00816743 0.00829545 0.00861719 0.00826968 0.00812383 0.00845241 0.00938494 0.00926005 0.00897583 0.00835252 0.00898763 0.0102744 0.0137716 0.0129415 0.0217938 0.0108485 0.00934484 0.0111963 0.0197563 0.0516552 0.0337219 0.0626303 0.0149364 0.0102219 0.0118996 0.0283169 0.0314144 0.0189862 0.025284 0.0708773 0.0370256 0.00359748 0.00359461 0.00356624 0 0.00355413 0.00358726 0.00358527 0.00376322 0.0304461 0.146038 0.0793111 0.0530323 0.0393665 0.0246204 0.0145543 0.00987807 0.00884689 0.0114198 0.0192311 0.0647899 0.025771 0.0333662 0.0104638 0.00860791 0.00844834 
0.00828477 0.00850775 0.00819179 0.00831133 0.00863421 0.00841497 0.00813658 0.00840066 0.00905172 0.00903812 0.00883559 0.00849131 0.00870009 0.0107101 0.0108236 0.0149469 0.0101618 0.0105024 0.00884441 0.00933626 0.0247581 0.032243 0.0697381 0.0187511 0.0287764 0.00905409 0.0120185 0.0189834 0.0329577 0.0137219 0.025161 0.0331187 0.0522566 0.00362793 0.00362614 0.00358076 0.00355413 0 0.00355494 0.00358812 0.00356077 0.0494447 0.0346216 0.109401 0.0681545 0.0405875 0.0298239 0.0127262 0.00929179 0.0086865 0.0109442 0.0273359 0.022791 0.0768138 0.013999 0.0109896 0.00869003 0.00861027 
0.00838019 0.00832733 0.00815239 0.00838008 0.00848636 0.00832929 0.008107 0.00826569 0.0086745 0.00870618 0.0085879 0.00831857 0.00858431 0.00871795 0.0125021 0.00936873 0.010827 0.00889035 0.00879961 0.00949996 0.0124258 0.0435582 0.0152858 0.0389666 0.010229 0.00977326 0.0105598 0.0180064 0.014575 0.0142004 0.0228294 0.0370321 0.0382804 0.00360608 0.00361951 0.00360771 0.00358726 0.00355494 0 0.00354833 0.00358349 0.0236883 0.0768967 0.0330194 0.0581303 0.143609 0.0146658 0.0136094 0.00933356 0.00861167 0.0110068 0.012851 0.0539295 0.0183558 0.020093 0.00939397 0.00851943 0.00831247 
0.00819761 0.00850197 0.00813646 0.00820573 0.00851855 0.00817358 0.00809081 0.00818866 0.00855151 0.00853334 0.00849042 0.00832199 0.00853847 0.00957889 0.00878216 0.00980196 0.0088439 0.00930357 0.00873428 0.00907185 0.0156897 0.0110163 0.0173273 0.00990406 0.0185681 0.00902489 0.0107108 0.0124009 0.0345732 0.0111698 0.0121218 0.0835141 0.0596561 0.00430074 0.00425707 0.00356647 0.00358527 0.00358812 0.00354833 0 0.0035769 0.0244559 0.0258873 0.070257 0.0180407 0.0237555 0.176522 0.0134477 0.0106905 0.0091274 0.0109593 0.0232064 0.0104803 0.0173147 0.0131217 0.0110838 0.0088754 0.00881881 
0.00868332 0.00828193 0.00817555 0.00896346 0.00837885 0.00830951 0.00860262 0.00842509 0.00834108 0.00833995 0.00835384 0.00826959 0.00941149 0.00841247 0.00892382 0.00846124 0.00870635 0.00861583 0.00878878 0.0135131 0.00918402 0.00938566 0.00887721 0.00953586 0.00863505 0.0101855 0.0150041 0.00962636 0.0103064 0.020603 0.0239266 0.0143759 0.146024 0.0059089 0.00410082 0.00374196 0.00376322 0.00356077 0.00358349 0.0035769 0 0.025241 0.0198014 0.018354 0.0154276 0.0184691 0.0274485 0.11262 0.0215529 0.0147857 0.0200249 0.00919376 0.0107406 0.00941471 0.0109534 0.0106526 0.0109457 0.010186 
0.00847113 0.00844398 0.00846778 0.00853985 0.00846804 0.00892964 0.00855921 0.00842102 0.00845215 0.00849555 0.00839793 0.00858186 0.00898169 0.00881702 0.00924681 0.00910889 0.00886842 0.00888907 0.00987934 0.0122219 0.0131715 0.0118669 0.0125495 0.00945971 0.0113514 0.0110032 0.015549 0.0122104 0.0136171 0.0202592 0.0564727 0.0241679 0.0345646 0.125033 0.0931897 0.108816 0.0304461 0.0494447 0.0236883 0.0244559 0.025241 0 0.00377459 0.00363839 0.00364173 0.00364642 0.00370346 0.00492744 0.00881695 0.0242375 0.0410145 0.0238226 0.0132892 0.0147789 0.0121658 0.0295591 0.0176083 0.0118881 
0.00843203 0.00856361 0.0082711 0.00831791 0.00871963 0.00844172 0.00814317 0.00836066 0.00880791 0.00883642 0.00868892 0.00838225 0.00868088 0.00960676 0.00983435 0.00983187 0.00987635 0.00932383 0.00888548 0.00993416 0.0150407 0.0189907 0.0159398 0.0140801 0.0116842 0.00927123 0.0120694 0.020575 0.019246 0.0128476 0.0264359 0.0627268 0.0186813 0.0234393 0.0844134 0.0924441 0.146038 0.0346216 0.0768967 0.0258873 0.0198014 0.00377459 0 0.0035746 0.00356642 0.00383051 0.00355329 0.00381204 0.00573897 0.00829322 0.0453393 0.0559814 0.0328073 0.024387 0.049015 0.0163549 0.0108934 0.00973357 
0.00837747 0.00842607 0.00816395 0.00826114 0.0085713 0.00828579 0.00807373 0.00831151 0.00896486 0.00882832 0.0087303 0.0086576 0.00862051 0.00934259 0.0101104 0.0103044 0.00980996 0.00952062 0.00907625 0.00918769 0.0135008 0.0186114 0.0222252 0.0150318 0.0130496 0.00900044 0.0102848 0.0188817 0.0232689 0.0119698 0.0206811 0.0275787 0.0234022 0.0131057 0.0227232 0.0772506 0.0793111 0.109401 0.0330194 0.070257 0.018354 0.00363839 0.0035746 0 0.00357062 0.00364617 0.00358449 0.003603 0.00407914 0.00696213 0.0184474 0.043442 0.0358906 0.0821294 0.0260523 0.0155163 0.00922131 0.00910419 
0.0082798 0.00832054 0.00812549 0.00818185 0.00844957 0.00824071 0.00807976 0.00822823 0.00870619 0.0085989 0.00859345 0.00831592 0.00846815 0.00900727 0.00940168 0.00935103 0.00947721 0.00906035 0.00848052 0.00883493 0.0119844 0.015062 0.0156892 0.0152366 0.0101766 0.00898974 0.00971322 0.0144935 0.0142346 0.010748 0.0130136 0.0213866 0.0146963 0.0109125 0.0182726 0.0294533 0.0530323 0.0681545 0.0581303 0.0180407 0.0154276 0.00364173 0.00356642 0.00357062 0 0.00356384 0.00355847 0.00356841 0.00365173 0.00599248 0.0174168 0.0225016 0.0700423 0.0529769 0.0195555 0.0107965 0.00890566 0.00877756 
0.00824631 0.00831602 0.00810458 0.00820778 0.00845035 0.00822867 0.00807752 0.00821326 0.00866844 0.00867941 0.00841653 0.00831296 0.00838059 0.00893211 0.0098277 0.00956981 0.00923647 0.00903389 0.00867656 0.00896473 0.0113966 0.0152151 0.0161979 0.0136152 0.0104012 0.00875601 0.00929329 0.0133128 0.0147151 0.0101108 0.0142106 0.0164794 0.0148157 0.0105126 0.0165612 0.0359578 0.0393665 0.0405875 0.143609 0.0237555 0.0184691 0.00364642 0.00383051 0.00364617 0.00356384 0 0.00357027 0.00355728 0.00378326 0.00625407 0.0145234 0.0307919 0.0721133 0.0445868 0.0188258 0.0106171 0.00863871 0.00854426 
0.00824307 0.00837116 0.00811712 0.00818502 0.00841942 0.00822865 0.00805733 0.00819622 0.00850365 0.00849315 0.00845461 0.008188 0.00830067 0.00881438 0.00906077 0.00889872 0.00894624 0.00875406 0.00852962 0.00867982 0.0103017 0.0107465 0.0107602 0.0101341 0.0108332 0.00894169 0.00955207 0.0112423 0.0160543 0.0106456 0.0108912 0.0406336 0.0168569 0.0118147 0.0202249 0.0219648 0.0246204 0.0298239 0.0146658 0.176522 0.0274485 0.00370346 0.00355329 0.00358449 0.00355847 0.00357027 0 0.00355246 0.003642 0.00737626 0.0162164 0.0526441 0.0206106 0.0213137 0.0428032 0.0135135 0.0097244 0.00901074 
0.00838193 0.00825459 0.00805692 0.00821706 0.00833718 0.00818666 0.00808204 0.00823873 0.00838878 0.00839529 0.00831862 0.00837483 0.00853034 0.00844478 0.00849197 0.00866304 0.00836542 0.00847074 0.00851314 0.0090129 0.00920612 0.0100053 0.00966175 0.00979477 0.00917184 0.00897101 0.0100504 0.00997084 0.0107484 0.0236722 0.0165953 0.0113203 0.0268468 0.0151441 0.0116268 0.0231185 0.0145543 0.0127262 0.0136094 0.0134477 0.11262 0.00492744 0.00381204 0.003603 0.00356841 0.00355728 0.00355246 0 0.0037798 0.00857747 0.0508074 0.0111818 0.0187388 0.0163608 0.0130556 0.0197672 0.0121866 0.0104887 
0.00902179 0.00827829 0.0084492 0.00881445 0.00823936 0.00877526 0.00964962 0.0087074 0.00825095 0.00814996 0.00811305 0.00850484 0.00924749 0.00829616 0.00819331 0.00823451 0.00823742 0.00826619 0.0088503 0.0101892 0.00856883 0.00851624 0.0084289 0.00819011 0.00840456 0.00932746 0.0113592 0.0086164 0.00900718 0.0123408 0.0164137 0.0109678 0.0188094 0.0166308 0.0113984 0.0100001 0.00987807 0.00929179 0.00933356 0.0106905 0.0215529 0.00881695 0.00573897 0.00407914 0.00365173 0.00378326 0.003642 0.0037798 0 0.988329 0.016009 0.0108027 0.0110896 0.010546 0.0141572 0.018891 0.0397775 0.02118 
0.00905379 0.00850548 0.00848396 0.00887325 0.00825148 0.00873211 0.00970066 0.00853276 0.008058 0.00807596 0.00809575 0.00839152 0.00881575 0.00811271 0.00805811 0.00805402 0.00805487 0.00813873 0.00870476 0.00948454 0.00819261 0.00812528 0.0081404 0.00804063 0.00810414 0.00908901 0.00995977 0.00822671 0.00846984 0.0100001 0.0128626 0.00901964 0.0125325 0.0158096 0.00962362 0.00911213 0.00884689 0.0086865 0.00861167 0.0091274 0.0147857 0.0242375 0.00829322 0.00696213 0.00599248 0.00625407 0.00737626 0.00857747 0.988329 0 0.023316 0.00933474 0.00810417 0.00834491 0.00990331 0.0181411 0.069752 0.0408867 
0.00833743 0.0083212 0.00830042 0.00830864 0.00841664 0.00857214 0.00840252 0.00818784 0.00838916 0.00833068 0.00832421 0.00836845 0.00860751 0.00837524 0.00855226 0.00851839 0.00851686 0.00840001 0.00850148 0.00883274 0.00882894 0.00893249 0.00865914 0.00861635 0.00851208 0.00957642 0.00937707 0.0086303 0.00912217 0.0125709 0.0135024 0.0107413 0.0190396 0.0135801 0.0104243 0.0122368 0.0114198 0.0109442 0.0110068 0.0109593 0.0200249 0.0410145 0.0453393 0.0184474 0.0174168 0.0145234 0.0162164 0.0508074 0.016009 0.023316 0 0.00363617 0.00359983 0.0036018 0.003662 0.004235 0.0170539 0.0146301 
0.00833167 0.00839272 0.00817663 0.00817867 0.00847216 0.00821609 0.00809526 0.00826584 0.00860698 0.0085173 0.00841229 0.0083229 0.0082785 0.00869998 0.00882029 0.00895603 0.00883205 0.00870406 0.00827163 0.00844048 0.00963175 0.0103025 0.0103331 0.00926014 0.00901767 0.00856166 0.00858766 0.00947052 0.0105446 0.0090915 0.0113127 0.0164041 0.0110325 0.0109708 0.0161915 0.0214883 0.0192311 0.0273359 0.012851 0.0232064 0.00919376 0.0238226 0.0559814 0.043442 0.0225016 0.0307919 0.0526441 0.0111818 0.0108027 0.00933474 0.00363617 0 0.00356116 0.00357526 0.00378655 0.00363097 0.0100527 0.0101815 
0.00833945 0.0083205 0.00812893 0.00822201 0.00847568 0.0082187 0.00801346 0.00826169 0.00864775 0.00865565 0.0084753 0.00833083 0.00835878 0.00865843 0.00889587 0.00897546 0.0093561 0.00872275 0.00839414 0.00858184 0.0100632 0.0107739 0.011016 0.0113131 0.00932871 0.00849301 0.00862736 0.0101589 0.0106692 0.00956741 0.0104818 0.013381 0.0112793 0.0100334 0.0182509 0.0261767 0.0647899 0.022791 0.0539295 0.0104803 0.0107406 0.0132892 0.0328073 0.0358906 0.0700423 0.0721133 0.0206106 0.0187388 0.0110896 0.00810417 0.00359983 0.00356116 0 0.00358364 0.00357189 0.00356303 0.00712467 0.00872106 
0.00840101 0.00847899 0.0082285 0.00823309 0.00846925 0.00832388 0.00808859 0.008359 0.00868107 0.00868835 0.00852691 0.0083246 0.00841556 0.00883621 0.0088902 0.00905403 0.00886687 0.0089282 0.0084622 0.00869511 0.0102061 0.0104858 0.01145 0.00990788 0.00933804 0.00843598 0.00873148 0.0099883 0.0111116 0.00988568 0.0113859 0.0145142 0.0120983 0.0105005 0.0147872 0.0660409 0.025771 0.0768138 0.0183558 0.0173147 0.00941471 0.0147789 0.024387 0.0821294 0.0529769 0.0445868 0.0213137 0.0163608 0.010546 0.00834491 0.0036018 0.00357526 0.00358364 0 0.00355693 0.00355405 0.00738633 0.00952016 
0.00834646 0.00847004 0.00809848 0.00827669 0.00862644 0.00818888 0.00807473 0.00825845 0.00855218 0.00846299 0.00843212 0.00828445 0.00832081 0.00862346 0.0089072 0.00863887 0.0086962 0.00867705 0.00830918 0.00856506 0.0095567 0.0104882 0.0094598 0.00987212 0.00888522 0.00844995 0.00868982 0.010171 0.0106804 0.0117117 0.0107425 0.0202718 0.01357 0.00983191 0.0219211 0.0163143 0.0333662 0.013999 0.020093 0.0131217 0.0109534 0.0121658 0.049015 0.0260523 0.0195555 0.0188258 0.0428032 0.0130556 0.0141572 0.00990331 0.003662 0.00378655 0.00357189 0.00355693 0 0.00354981 0.010795 0.010095 
0.0085253 0.00840153 0.00813054 0.00862937 0.00841709 0.00822004 0.00829176 0.00833359 0.00851694 0.00831439 0.00826066 0.00824763 0.00850261 0.00837791 0.00828415 0.00839261 0.00829652 0.00820984 0.00834643 0.00906039 0.00871349 0.00869793 0.0085965 0.00840949 0.0084021 0.00836368 0.00972356 0.0086711 0.00888208 0.00893635 0.0130755 0.00969766 0.0138522 0.0211576 0.00976354 0.0138729 0.0104638 0.0109896 0.00939397 0.0110838 0.0106526 0.0295591 0.0163549 0.0155163 0.0107965 0.0106171 0.0135135 0.0197672 0.018891 0.0181411 0.004235 0.00363097 0.00356303 0.00355405 0.00354981 0 0.0293875 0.012655 
0.00907204 0.00866733 0.00860993 0.00891111 0.00841075 0.00889385 0.00953035 0.00843188 0.00825373 0.008155 0.00814531 0.00843518 0.00890569 0.00822705 0.00811812 0.00819486 0.0081118 0.00819448 0.0084475 0.00923826 0.00838023 0.00827684 0.00831578 0.00812123 0.00827557 0.00871127 0.00943889 0.00827319 0.00846027 0.00963091 0.0114681 0.00928654 0.0113683 0.01226 0.00920748 0.00874624 0.00860791 0.00869003 0.00851943 0.0088754 0.0109457 0.0176083 0.0108934 0.00922131 0.00890566 0.00863871 0.0097244 0.0121866 0.0397775 0.069752 0.0170539 0.0100527 0.00712467 0.00738633 0.010795 0.0293875 0 0.509351 
0.00839627 0.00862742 0.00843614 0.00831534 0.00827073 0.00872073 0.00911005 0.00822531 0.00812719 0.00814973 0.00807978 0.00836065 0.00845616 0.00816869 0.00810368 0.00820187 0.00811488 0.00810708 0.00839221 0.00842203 0.00830482 0.00827934 0.00828164 0.00818094 0.0082141 0.00852693 0.00912018 0.00816392 0.00853018 0.00896411 0.00928219 0.0086653 0.00996329 0.00973316 0.00838588 0.00889117 0.00844834 0.00861027 0.00831247 0.00881881 0.010186 0.0118881 0.00973357 0.00910419 0.00877756 0.00854426 0.00901074 0.0104887 0.02118 0.0408867 0.0146301 0.0101815 0.00872106 0.00952016 0.010095 0.012655 0.509351 0 
