1QLAE
MGRMLTIRVFKYDPQSAVSKPHFQEYKIEEAPSMTIFIVLNMIRETYDPDLNFDFVCRAGICGSCGMMINGRPSLACRTLTKDFEDGVITLLPLPAFKLIKDLSVDTGNWFNGMSQRVESWIHAQKEHDISKLEERIEPEVAQEVFELDRCIECGCCIAACGTKIMREDFVGAAGLNRVVRFMIDPHDERTDEDYYELIGDDDGVFGCMTLLACHDVCPKNLPLQSKIAYLRRKMVSVN
CCCEEEEEEEECCCCCCCCCCEEEEEEEECCCCCEHHHHHHHHHHHCCCCCCCCCCCCCCCCCCCEEEECCEEEEHHHCEHHHCCCCEEEEEECCCCEEEECCEEECHHHHHHHHHHCCCCCCCCCCCCCCCCCCCCCHHHHHHHHHHHCCCCCCHHHHCCHHHHHCCCCCHHHHHHHHHHHHCCCCCCCCHHHHHHHHCCCCCHHHCCCCCHHHHHCCCCCCHHHHHHHHHHHHHCCC
0 0 0 0 0 0 0 0 0 0 0 0 0 0 0 0 0 0 0 0 0 0 0 0 0 0 0 0 0 0 0 0 0 0 0 0 0 0 0 0 0 0 0 0 0 0 0 0 0 0 0 0 0 0 0 0 0 0 0 0 0 0 0 0 0 0 0 0 0 0 0 0 0 0 0 0 0 0 0 0 0 0 0 0 0 0 0 0 0 0 0 0 0 0 0 0 0 0 0 0 0 0 0 0 0 0 0 0 0 0 0 0 0 0 0 0 0 0 0 0 0 0 0 0 0 0 0 0 0 0 0 0 0 0 0 0 0 0 0 0 0 0 0 0 0 0 0 0 0 0 0 0 0 0 0 0 0 0 0 0 0 0 0 0 0 0 0 0 0 0 0 0 0 0 0 0 0 0 0 0 0 0 0 0 0 0 0 0 0 0 0 0 0 0 0 0 0 0 0 0 0 0 0 0 0 0 0 0 0 0 0 0 0 0 0 0 0 0 0 0 0 0 0 0 0 0 0 0 0 0 0 0 0 0 0 0 0 0 0 
0 0 0 0 0 0 0 0 0 0 0 0 0 0 0 0 0 0 0 0 0 0 0 0 0 0 0 0 0 0 0 0 0 0 0 0 0 0 0 0 0 0 0 0 0 0 0 0 0 0 0 0 0 0 0 0 0 0 0 0 0 0 0 0 0 0 0 0 0 0 0 0 0 0 0 0 0 0 0 0 0 0 0 0 0 0 0 0 0 0 0 0 0 0 0 0 0 0 0 0 0 0 0 0 0 0 0 0 0 0 0 0 0 0 0 0 0 0 0 0 0 0 0 0 0 0 0 0 0 0 0 0 0 0 0 0 0 0 0 0 0 0 0 0 0 0 0 0 0 0 0 0 0 0 0 0 0 0 0 0 0 0 0 0 0 0 0 0 0 0 0 0 0 0 0 0 0 0 0 0 0 0 0 0 0 0 0 0 0 0 0 0 0 0 0 0 0 0 0 0 0 0 0 0 0 0 0 0 0 0 0 0 0 0 0 0 0 0 0 0 0 0 0 0 0 0 0 0 0 0 0 0 0 0 0 0 0 0 0 
0 0.00392975 0.00359146 0.00362599 0.00371374 0.00379636 0.00459193 0.00763695 0.0361048 0.00839622 0.0120941 0.00880631 0.00897511 0.0154246 0.0112083 0.80862 0.0190889 0.0119018 0.00943872 0.00984415 0.0103486 0.010296 0.00829073 0.0105325 0.00995742 0.0132262 0.0111694 0.00886131 0.0105902 0.00889463 0.010407 0.0117436 0.00970074 0.00845252 0.00865391 0.011781 0.0097361 0.0085006 0.010119 
0.00392975 0 0.00362325 0.00359362 0.00358106 0.0036633 0.00380461 0.00377068 0.00868796 0.0289379 0.00812523 0.00860175 0.0184141 0.00925648 0.898476 0.00983679 0.0111231 0.0102744 0.0350538 0.0103919 0.0130826 0.00823113 0.0134755 0.00922271 0.0134864 0.00947001 0.00879543 0.0232993 0.0108118 0.0248467 0.0103766 0.0114636 0.00853024 0.0104857 0.00999111 0.00987549 0.00961058 0.0126548 0.0090068 
0.00359146 0.00362325 0 0.00359853 0.00359328 0.00359234 0.00359034 0.00366671 0.013189 0.00799633 0.00966952 0.0122827 0.0102856 0.955311 0.00887764 0.0181774 0.00953546 0.0136765 0.0138566 0.02316 0.00896187 0.00987252 0.00852282 0.0162003 0.00889177 0.00948341 0.0113104 0.00983079 0.0748952 0.0161841 0.0216098 0.00921793 0.00889848 0.0102653 0.00955573 0.00922522 0.0115134 0.0091399 0.00931727 
0.00362599 0.00359362 0.00359853 0 0.00359789 0.00359066 0.00360707 0.00360188 0.00783995 0.0133626 0.01083 0.0142302 0.947107 0.00937842 0.0260206 0.00878537 0.00936026 0.0115447 0.0461304 0.0105923 0.0154063 0.00846957 0.0158591 0.00892886 0.0146134 0.00890919 0.00896299 0.0374456 0.0162447 0.0974205 0.0154409 0.010908 0.00873656 0.0110906 0.0120294 0.0102322 0.0100372 0.0129436 0.00947823 
0.00371374 0.00358106 0.00359328 0.00359789 0 0.00355216 0.00356781 0.00357576 0.0127721 0.00910701 0.0162209 0.942782 0.00958696 0.0233659 0.00938766 0.0141769 0.00955483 0.0150301 0.0162125 0.0320276 0.00938233 0.0100069 0.00873249 0.0151357 0.00949087 0.00923159 0.0122653 0.0108252 0.132967 0.023901 0.0239693 0.0097258 0.00959093 0.0111877 0.0117083 0.0101388 0.0120847 0.0101334 0.00963733 
0.00379636 0.0036633 0.00359234 0.00359066 0.00355216 0 0.00357594 0.00357931 0.0076919 0.0330159 0.83713 0.0104594 0.0178306 0.00953342 0.0200278 0.00958093 0.00907961 0.0113651 0.0420877 0.0130768 0.013741 0.00841088 0.0122301 0.00933969 0.0117999 0.00909466 0.0100801 0.0345575 0.0232935 0.0720762 0.0135464 0.0108096 0.00872499 0.0126527 0.0134072 0.0102402 0.0101308 0.0132057 0.0101896 
0.00459193 0.00380461 0.00359034 0.00360707 0.00356781 0.00357594 0 0.00362007 0.020759 0.873362 0.0149026 0.00822368 0.00828117 0.0134605 0.0128664 0.0114395 0.00995957 0.0152838 0.023645 0.0253942 0.0109743 0.0092376 0.00918655 0.0126454 0.0108622 0.0100552 0.0124696 0.0110112 0.0209048 0.0150017 0.0216879 0.00962293 0.00928623 0.0109297 0.0136565 0.00958543 0.0108561 0.0130009 0.00995589 
0.00763695 0.00377068 0.00366671 0.00360188 0.00357576 0.00357931 0.00362007 0 0.88213 0.0174107 0.00909854 0.00757435 0.00909572 0.00944263 0.011459 0.022927 0.0177583 0.0185808 0.0124341 0.0123042 0.0146399 0.0119323 0.00883577 0.00931515 0.0120456 0.0129264 0.0133541 0.010302 0.00980786 0.0106649 0.00997988 0.013714 0.0104777 0.00893692 0.00931902 0.0115591 0.0151345 0.0101225 0.0124346 
0.0361048 0.00868796 0.013189 0.00783995 0.0127721 0.0076919 0.020759 0.88213 0 0.0036155 0.00364095 0.0036387 0.00360337 0.00465716 0.00362721 0.0117355 0.00809455 0.0148039 0.010059 0.010381 0.00995096 0.0120808 0.00846307 0.0130982 0.0104205 0.0163261 0.0124287 0.00873274 0.0115331 0.00888287 0.0100831 0.0127113 0.00962196 0.00842003 0.0086178 0.0135083 0.0108853 0.00855547 0.0108529 
0.00839622 0.0289379 0.00799633 0.0133626 0.00910701 0.0330159 0.873362 0.0174107 0.0036155 0 0.00357045 0.00356005 0.00362384 0.0035877 0.00500349 0.0036441 0.00619232 0.00988114 0.0185656 0.0093386 0.010977 0.00830182 0.0111673 0.00877785 0.0106637 0.00931723 0.00850325 0.0130573 0.00922909 0.0118895 0.00960412 0.0094301 0.00832875 0.00989992 0.00954621 0.00896525 0.00859204 0.00995521 0.00872665 
0.0120941 0.00812523 0.00966952 0.01083 0.0162209 0.83713 0.0149026 0.00909854 0.00364095 0.00357045 0 0.00361864 0.0035476 0.00412977 0.00353592 0.00373938 0.00457353 0.0102169 0.0104969 0.0115995 0.00869869 0.00839707 0.00855231 0.00911622 0.00871567 0.00856797 0.00878215 0.00898263 0.0127005 0.0122842 0.00956046 0.00982429 0.00824738 0.00889792 0.00862656 0.00860146 0.00862686 0.00880989 0.00861448 
0.00880631 0.00860175 0.0122827 0.0142302 0.942782 0.0104594 0.00822368 0.00757435 0.0036387 0.00356005 0.00361864 0 0.00372198 0.00376185 0.00354589 0.00368696 0.00441216 0.0102496 0.0118054 0.00992241 0.00906022 0.00917632 0.00843917 0.00948201 0.00857135 0.00896279 0.00915981 0.00872246 0.0194899 0.00996341 0.012202 0.00862057 0.00862446 0.00861442 0.00869693 0.00860075 0.00883115 0.00847808 0.00877242 
0.00897511 0.0184141 0.0102856 0.947107 0.00958696 0.0178306 0.00828117 0.00909572 0.00360337 0.00362384 0.0035476 0.00372198 0 0.00359057 0.00371014 0.00354653 0.00400245 0.0122325 0.0168779 0.00966153 0.0126636 0.00832848 0.0132758 0.00860217 0.0149515 0.00923441 0.00857188 0.0190005 0.00967178 0.0408633 0.00903642 0.00945812 0.00844442 0.00937578 0.00923024 0.00893568 0.0087657 0.00946484 0.00872411 
0.0154246 0.00925648 0.955311 0.00937842 0.0233659 0.00953342 0.0134605 0.00944263 0.00465716 0.0035877 0.00412977 0.00376185 0.00359057 0 0.00354884 0.0038489 0.00459115 0.0151424 0.0131253 0.0314558 0.00863458 0.0136464 0.00847486 0.0243686 0.00866936 0.00949352 0.0134046 0.00880072 0.0732196 0.0102479 0.0137908 0.00884298 0.0101603 0.0093615 0.0090103 0.00886388 0.0107966 0.00872825 0.00919513 
0.0112083 0.898476 0.00887764 0.0260206 0.00938766 0.0200278 0.0128664 0.011459 0.00362721 0.00500349 0.00353592 0.00354589 0.00371014 0.00354884 0 0.00354821 0.00445945 0.0120685 0.0353501 0.0107587 0.0185962 0.00828918 0.0365758 0.00872189 0.0120422 0.00977947 0.00917203 0.049145 0.00895839 0.0211539 0.00997534 0.00971846 0.00883961 0.010594 0.0132952 0.00907765 0.00906919 0.0161752 0.00893224 
0.80862 0.00983679 0.0181774 0.00878537 0.0141769 0.00958093 0.0114395 0.022927 0.0117355 0.0036441 0.00373938 0.00368696 0.00354653 0.0038489 0.00354821 0 0.0238333 0.0264852 0.010655 0.0235668 0.0103922 0.0320106 0.0085069 0.0134798 0.00964179 0.0165618 0.046028 0.00915401 0.015539 0.00908641 0.00981764 0.010558 0.0153179 0.00930694 0.00878184 0.0108523 0.0188791 0.00866953 0.0122364 
0.0190889 0.0111231 0.00953546 0.00936026 0.00955483 0.00907961 0.00995957 0.0177583 0.00809455 0.00619232 0.00457353 0.00441216 0.00400245 0.00459115 0.00445945 0.0238333 0 0.0232927 0.0130625 0.0121457 0.0175033 0.0181272 0.0092919 0.0110986 0.0148323 0.321391 0.0177859 0.0103034 0.00947587 0.00937518 0.00949878 0.0144702 0.0157633 0.00987814 0.00939176 0.0136881 0.019333 0.0102922 0.0116289 
0.0119018 0.0102744 0.0136765 0.0115447 0.0150301 0.0113651 0.0152838 0.0185808 0.0148039 0.00988114 0.0102169 0.0102496 0.0122325 0.0151424 0.0120685 0.0264852 0.0232927 0 0.00362918 0.00357407 0.00371994 0.00516597 0.00442545 0.00760562 0.726164 0.00721009 0.0162854 0.00959327 0.0166878 0.011306 0.01442 0.0284138 0.0124352 0.0105292 0.0124572 0.0261434 0.0189744 0.0113974 0.0240623 
0.00943872 0.0350538 0.0138566 0.0461304 0.0162125 0.0420877 0.023645 0.0124341 0.010059 0.0185656 0.0104969 0.0118054 0.0168779 0.0131253 0.0353501 0.010655 0.0130625 0.00362918 0 0.00358355 0.00358122 0.00384482 0.00987225 0.782585 0.00646976 0.0054602 0.0101443 0.0466418 0.0122553 0.0368795 0.0206316 0.0219283 0.0100425 0.0276977 0.0194264 0.0136409 0.0142248 0.0573934 0.0129425 
0.00984415 0.0103919 0.02316 0.0105923 0.0320276 0.0130768 0.0253942 0.0123042 0.010381 0.0093386 0.0115995 0.00992241 0.00966153 0.0314558 0.0107587 0.0235668 0.0121457 0.00357407 0.00358355 0 0.00366313 0.00485187 0.942004 0.0121145 0.00450836 0.00522796 0.0178925 0.0103828 0.031957 0.0150055 0.0359407 0.0104837 0.0107366 0.0126403 0.0201068 0.0123201 0.0202283 0.0195915 0.017029 
0.0103486 0.0130826 0.00896187 0.0154063 0.00938233 0.013741 0.0109743 0.0146399 0.00995096 0.010977 0.00869869 0.00906022 0.0126636 0.00863458 0.0185962 0.0103922 0.0175033 0.00371994 0.00358122 0.00366313 0 0.967732 0.00710304 0.00357904 0.00374297 0.00592942 0.0106284 0.0162787 0.00879548 0.0160925 0.00888585 0.0214777 0.0115423 0.00950809 0.0101261 0.0150814 0.0153155 0.0149662 0.0137906 
0.010296 0.00823113 0.00987252 0.00846957 0.0100069 0.00841088 0.0092376 0.0119323 0.0120808 0.00830182 0.00839707 0.00917632 0.00832848 0.0136464 0.00828918 0.0320106 0.0181272 0.00516597 0.00384482 0.00485187 0.967732 0 0.00355607 0.0036518 0.00370161 0.00615365 0.0140458 0.00743425 0.0335226 0.00803861 0.0144545 0.0260184 0.0126809 0.00834812 0.00930381 0.0161245 0.011871 0.00896277 0.0165123 
0.00829073 0.0134755 0.00852282 0.0158591 0.00873249 0.0122301 0.00918655 0.00883577 0.00846307 0.0111673 0.00855231 0.00843917 0.0132758 0.00847486 0.0365758 0.0085069 0.0092919 0.00442545 0.00987225 0.942004 0.00710304 0.00355607 0 0.00360957 0.00354554 0.00397554 0.00686202 0.0263409 0.00836127 0.019212 0.00926098 0.00903261 0.00853301 0.0107435 0.0112949 0.00937266 0.00946404 0.0156474 0.00946212 
0.0105325 0.00922271 0.0162003 0.00892886 0.0151357 0.00933969 0.0126454 0.00931515 0.0130982 0.00877785 0.00911622 0.00948201 0.00860217 0.0243686 0.00872189 0.0134798 0.0110986 0.00760562 0.782585 0.0121145 0.00357904 0.0036518 0.00360957 0 0.00355094 0.00389719 0.0359911 0.00789656 0.0216469 0.00890207 0.0123803 0.00812724 0.0121207 0.0105401 0.0105611 0.0108036 0.0158244 0.0141541 0.0134984 
0.00995742 0.0134864 0.00889177 0.0146134 0.00949087 0.0117999 0.0108622 0.0120456 0.0104205 0.0106637 0.00871567 0.00857135 0.0149515 0.00866936 0.0120422 0.00964179 0.0148323 0.726164 0.00646976 0.00450836 0.00374297 0.00370161 0.00354554 0.00355094 0 0.00718595 0.00996017 0.0114003 0.00940963 0.0123421 0.00754314 0.00943046 0.0101872 0.00940475 0.0104368 0.0125173 0.0174227 0.0169405 0.0160195 
0.0132262 0.00947001 0.00948341 0.00890919 0.00923159 0.00909466 0.0100552 0.0129264 0.0163261 0.00931723 0.00856797 0.00896279 0.00923441 0.00949352 0.00977947 0.0165618 0.321391 0.00721009 0.0054602 0.00522796 0.00592942 0.00615365 0.00397554 0.00389719 0.00718595 0 0.0497873 0.00855638 0.00554991 0.00471867 0.00506641 0.0072307 0.0116615 0.00710213 0.00784943 0.0134499 0.0232923 0.0106688 0.0190383 
0.0111694 0.00879543 0.0113104 0.00896299 0.0122653 0.0100801 0.0124696 0.0133541 0.0124287 0.00850325 0.00878215 0.00915981 0.00857188 0.0134046 0.00917203 0.046028 0.0177859 0.0162854 0.0101443 0.0178925 0.0106284 0.0140458 0.00686202 0.0359911 0.00996017 0.0497873 0 0.00365194 0.00357631 0.00363053 0.00365222 0.00442061 0.0114921 0.00622352 0.00752858 0.0208253 0.0185781 0.0106664 0.0217155 
0.00886131 0.0232993 0.00983079 0.0374456 0.0108252 0.0345575 0.0110112 0.010302 0.00873274 0.0130573 0.00898263 0.00872246 0.0190005 0.00880072 0.049145 0.00915401 0.0103034 0.00959327 0.0466418 0.0103828 0.0162787 0.00743425 0.0263409 0.00789656 0.0114003 0.00855638 0.00365194 0 0.0035997 0.00361869 0.00379853 0.00360982 0.00578817 0.00924879 0.016866 0.0193491 0.0103999 0.0544201 0.0107637 
0.0105902 0.0108118 0.0748952 0.0162447 0.132967 0.0232935 0.0209048 0.00980786 0.0115331 0.00922909 0.0127005 0.0194899 0.00967178 0.0732196 0.00895839 0.015539 0.00947587 0.0166878 0.0122553 0.031957 0.00879548 0.0335226 0.00836127 0.0216469 0.00940963 0.00554991 0.00357631 0.0035997 0 0.00357621 0.00358468 0.00369926 0.00646446 0.00701344 0.0107966 0.0410648 0.0191044 0.00984708 0.0107654 
0.00889463 0.0248467 0.0161841 0.0974205 0.023901 0.0720762 0.0150017 0.0106649 0.00888287 0.0118895 0.0122842 0.00996341 0.0408633 0.0102479 0.0211539 0.00908641 0.00937518 0.011306 0.0368795 0.0150055 0.0160925 0.00803861 0.019212 0.00890207 0.0123421 0.00471867 0.00363053 0.00361869 0.00357621 0 0.00357003 0.0035952 0.0050744 0.0186356 0.037457 0.0245822 0.0119685 0.0110482 0.0102962 
0.010407 0.0103766 0.0216098 0.0154409 0.0239693 0.0135464 0.0216879 0.00997988 0.0100831 0.00960412 0.00956046 0.012202 0.00903642 0.0137908 0.00997534 0.00981764 0.00949878 0.01442 0.0206316 0.0359407 0.00888585 0.0144545 0.00926098 0.0123803 0.00754314 0.00506641 0.00365222 0.00379853 0.00358468 0.00357003 0 0.0038398 0.0141746 0.0407082 0.0292815 0.00811419 0.00960291 0.0173603 0.00836111 
0.0117436 0.0114636 0.00921793 0.010908 0.0097258 0.0108096 0.00962293 0.013714 0.0127113 0.0094301 0.00982429 0.00862057 0.00945812 0.00884298 0.00971846 0.010558 0.0144702 0.0284138 0.0219283 0.0104837 0.0214777 0.0260184 0.00903261 0.00812724 0.00943046 0.0072307 0.00442061 0.00360982 0.00369926 0.0035952 0.0038398 0 0.0363061 0.00532118 0.00464085 0.00654643 0.023128 0.00947147 0.0142899 
0.00970074 0.00853024 0.00889848 0.00873656 0.00959093 0.00872499 0.00928623 0.0104777 0.00962196 0.00832875 0.00824738 0.00862446 0.00844442 0.0101603 0.00883961 0.0153179 0.0157633 0.0124352 0.0100425 0.0107366 0.0115423 0.0126809 0.00853301 0.0121207 0.0101872 0.0116615 0.0114921 0.00578817 0.00646446 0.0050744 0.0141746 0.0363061 0 0.00360707 0.00358191 0.0047649 0.00458159 0.00432083 0.361098 
0.00845252 0.0104857 0.0102653 0.0110906 0.0111877 0.0126527 0.0109297 0.00893692 0.00842003 0.00989992 0.00889792 0.00861442 0.00937578 0.0093615 0.010594 0.00930694 0.00987814 0.0105292 0.0276977 0.0126403 0.00950809 0.00834812 0.0107435 0.0105401 0.00940475 0.00710213 0.00622352 0.00924879 0.00701344 0.0186356 0.0407082 0.00532118 0.00360707 0 0.00364736 0.00356807 0.00425918 0.313722 0.0137302 
0.00865391 0.00999111 0.00955573 0.0120294 0.0117083 0.0134072 0.0136565 0.00931902 0.0086178 0.00954621 0.00862656 0.00869693 0.00923024 0.0090103 0.0132952 0.00878184 0.00939176 0.0124572 0.0194264 0.0201068 0.0101261 0.00930381 0.0112949 0.0105611 0.0104368 0.00784943 0.00752858 0.016866 0.0107966 0.037457 0.0292815 0.00464085 0.00358191 0.00364736 0 0.00366691 0.00945199 0.0369543 0.00595305 
0.011781 0.00987549 0.00922522 0.0102322 0.0101388 0.0102402 0.00958543 0.0115591 0.0135083 0.00896525 0.00860146 0.00860075 0.00893568 0.00886388 0.00907765 0.0108523 0.0136881 0.0261434 0.0136409 0.0123201 0.0150814 0.0161245 0.00937266 0.0108036 0.0125173 0.0134499 0.0208253 0.0193491 0.0410648 0.0245822 0.00811419 0.00654643 0.0047649 0.00356807 0.00366691 0 0.555893 0.00695886 0.00532122 
0.0097361 0.00961058 0.0115134 0.0100372 0.0120847 0.0101308 0.0108561 0.0151345 0.0108853 0.00859204 0.00862686 0.00883115 0.0087657 0.0107966 0.00906919 0.0188791 0.019333 0.0189744 0.0142248 0.0202283 0.0153155 0.011871 0.00946404 0.0158244 0.0174227 0.0232923 0.0185781 0.0103999 0.0191044 0.0119685 0.00960291 0.023128 0.00458159 0.00425918 0.00945199 0.555893 0 0.00363665 0.00369824 
0.0085006 0.0126548 0.0091399 0.0129436 0.0101334 0.0132057 0.0130009 0.0101225 0.00855547 0.00995521 0.00880989 0.00847808 0.00946484 0.00872825 0.0161752 0.00866953 0.0102922 0.0113974 0.0573934 0.0195915 0.0149662 0.00896277 0.0156474 0.0141541 0.0169405 0.0106688 0.0106664 0.0544201 0.00984708 0.0110482 0.0173603 0.00947147 0.00432083 0.313722 0.0369543 0.00695886 0.00363665 0 0.00360925 
0.010119 0.0090068 0.00931727 0.00947823 0.00963733 0.0101896 0.00995589 0.0124346 0.0108529 0.00872665 0.00861448 0.00877242 0.00872411 0.00919513 0.00893224 0.0122364 0.0116289 0.0240623 0.0129425 0.017029 0.0137906 0.0165123 0.00946212 0.0134984 0.0160195 0.0190383 0.0217155 0.0107637 0.0107654 0.0102962 0.00836111 0.0142899 0.361098 0.0137302 0.00595305 0.00532122 0.00369824 0.00360925 0 
