1QUQD
DMMDLPRSRINAGMLAQFIDKPVCFVGRLEKIHPTGKMFILSDGEGKNGTIELMEPLDEEISGIVEVVGRVTAKATILCTSYVQFKEDSHPFDLGLYNEAVKIIHDFPQFYPLGI
CHHHCCCEEECHHHHHHCCCCEEEEEEEEEEECCCCCEEEEECCCCCEEEEEECCCCCCCCCCEEEEEEEECCCCCEEEEEEEECCCCCCCCCHHHHHHHHHHHHHCCCCCCCCC
0 0 0 0 0 0 0 0 0 0 0 0 0 0 0 0 0 0 0 0 0 0 0 0 0 0 0 0 0 0 0 0 0 0 0 0 0 0 0 0 0 0 0 0 0 0 0 0 0 0 0 0 0 0 0 0 0 0 0 0 0 0 0 0 0 0 0 0 0 0 0 0 0 0 0 0 0 0 0 0 0 0 0 0 0 0 0 0 0 0 0 0 0 0 0 0 0 0 0 0 0 0 0 0 0 0 0 0 0 0 0 0 0 0 0 
0 0 0 0 0 0 0 0 0 0 0 0 0 0 0 0 0 0 0 0 0 0 0 0 0 0 0 0 0 0 0 0 0 0 0 0 0 0 0 0 0 0 0 0 0 0 0 0 0 0 0 0 0 0 0 0 0 0 0 0 0 0 0 0 0 0 0 0 0 0 0 0 0 0 0 0 0 0 0 0 0 0 0 0 0 0 0 0 0 0 0 0 0 0 0 0 0 0 0 0 0 0 0 0 0 0 0 0 0 0 0 0 0 0 0 
0 0.00370695 0.00380709 0.0378025 0.0436761 0.0410858 0.0635931 0.0116254 0.0167081 0.0103516 0.0105767 0.00982259 0.0106188 0.026838 0.022478 0.0141583 0.0163456 0.0151004 0.026318 0.0130107 0.0134086 0.00935419 0.0140628 0.0096671 0.0242283 0.0152823 0.0149487 0.0147468 0.015577 0.0107953 0.0133508 0.00956778 0.022373 0.0164311 0.00929872 0.0101772 0.00874987 0.00983999 0.00950304 0.0114028 0.0115127 
0.00370695 0 0.00355966 0.0141766 0.0930939 0.112785 0.014115 0.0130174 0.0102189 0.0117044 0.00907368 0.00988669 0.0198479 0.00869022 0.0128851 0.0408878 0.0174014 0.0330289 0.0114961 0.0100667 0.0123075 0.0121709 0.00951166 0.0291766 0.00894098 0.0123763 0.018973 0.02046 0.0122816 0.0136949 0.0105806 0.0192812 0.00881796 0.0103346 0.0164357 0.00914635 0.00978484 0.00918984 0.00997163 0.0133041 0.00921953 
0.00380709 0.00355966 0 0.0724347 0.0153107 0.0131626 0.0146981 0.00995134 0.0104263 0.00840621 0.0110555 0.00914941 0.00790885 0.0114339 0.0193973 0.0140977 0.0157478 0.0146314 0.0254945 0.0129957 0.0160406 0.0157232 0.0181704 0.00900663 0.0242074 0.0291198 0.0166909 0.011154 0.0189307 0.0110638 0.0155247 0.00917327 0.0190001 0.0323725 0.00960875 0.0128519 0.00894269 0.0101254 0.0104285 0.0128576 0.00980123 
0.0378025 0.0141766 0.0724347 0 0.00362308 0.0035982 0.00362016 0.00355236 0.00357609 0.00365501 0.00401319 0.00441272 0.00516569 0.0106889 0.0106593 0.0174627 0.00934555 0.0102178 0.0167683 0.013781 0.010321 0.00945975 0.0105984 0.0115644 0.0177118 0.0160802 0.011266 0.0126629 0.0110397 0.00991478 0.0105638 0.0107491 0.0184733 0.0163855 0.00937523 0.0093228 0.00882051 0.00911713 0.00949578 0.0122883 0.0117326 
0.0436761 0.0930939 0.0153107 0.00362308 0 0.00360345 0.00357591 0.00356486 0.00352188 0.00368447 0.00377253 0.00364155 0.0106338 0.00588189 0.00713789 0.016252 0.0100219 0.0191063 0.0140672 0.00905282 0.0219692 0.0101105 0.0151301 0.0199213 0.0136322 0.0114251 0.047502 0.0256463 0.0359439 0.0176344 0.0248542 0.0124053 0.0123045 0.0162172 0.0158817 0.0143041 0.0119214 0.0146814 0.0141677 0.0257333 0.0103759 
0.0410858 0.112785 0.0131626 0.0035982 0.00360345 0 0.00356939 0.00359367 0.00359747 0.00361989 0.00370243 0.00393044 0.00473626 0.00462431 0.00954248 0.011243 0.03424 0.0175653 0.0170333 0.00934454 0.0100723 0.0257016 0.0177561 0.0255439 0.00977426 0.0160215 0.0265817 0.125372 0.0615432 0.0884207 0.0296239 0.024384 0.00967403 0.0131643 0.0252278 0.0208708 0.0259766 0.0216347 0.0434194 0.0172216 0.0124537 
0.0635931 0.014115 0.0146981 0.00362016 0.00357591 0.00356939 0 0.00354804 0.00356566 0.00358923 0.00378278 0.00392328 0.00378483 0.00399814 0.00768895 0.0283687 0.0212343 0.0246176 0.0128789 0.00905261 0.0135571 0.0249986 0.0328308 0.0123084 0.0117822 0.0126149 0.047158 0.0506611 0.210236 0.0400749 0.0604085 0.0146983 0.0109892 0.0129023 0.0172176 0.0286562 0.0163098 0.0436724 0.0292963 0.0269253 0.0110644 
0.0116254 0.0130174 0.00995134 0.00355236 0.00356486 0.00359367 0.00354804 0 0.00355784 0.0035239 0.00357854 0.00355991 0.00361865 0.00362467 0.0136264 0.00916242 0.0171914 0.00964637 0.0114596 0.00933393 0.0102335 0.0241751 0.010491 0.0159703 0.00919077 0.0123903 0.0147228 0.088231 0.0260426 0.0444452 0.0177012 0.0177287 0.00922596 0.011607 0.0171356 0.0129959 0.0251332 0.0240696 0.0247411 0.0146625 0.0109878 
0.0167081 0.0102189 0.0104263 0.00357609 0.00352188 0.00359747 0.00356566 0.00355784 0 0.00358459 0.00428469 0.00360941 0.00359337 0.00371812 0.00693418 0.014415 0.0123102 0.0134845 0.0214022 0.00856058 0.0234023 0.00857367 0.0347833 0.00857687 0.0185817 0.010111 0.0375703 0.0173303 0.0681358 0.012967 0.0366027 0.00948225 0.0137818 0.0131883 0.00985915 0.0299564 0.0109472 0.0221886 0.0134951 0.0165669 0.00908407 
0.0103516 0.0117044 0.00840621 0.00365501 0.00368447 0.00361989 0.00358923 0.0035239 0.00358459 0 0.00353527 0.00363746 0.0036478 0.00361532 0.012188 0.00710581 0.0145634 0.0252061 0.44385 0.0126984 0.00805121 0.031413 0.00837452 0.0346733 0.00836072 0.0152422 0.0100771 0.070491 0.0124703 0.0323846 0.00982193 0.0228115 0.00864598 0.00946623 0.0293725 0.00940518 0.0192308 0.0112427 0.017879 0.00950428 0.0117471 
0.0105767 0.00907368 0.0110555 0.00401319 0.00377253 0.00370243 0.00378278 0.00357854 0.00428469 0.00353527 0 0.00366235 0.00371611 0.00451593 0.00561603 0.00986088 0.00855343 0.695954 0.0195377 0.00740669 0.0302327 0.00795568 0.0407665 0.00826392 0.0244153 0.00931911 0.0177692 0.0105018 0.0391741 0.00914751 0.0287295 0.00861207 0.0196071 0.0172712 0.00884983 0.0285111 0.00893622 0.012748 0.0103578 0.0120762 0.00863922 
0.00982259 0.00988669 0.00914941 0.00441272 0.00364155 0.00393044 0.00392328 0.00355991 0.00360941 0.00363746 0.00366235 0 0.00382741 0.00356188 0.00717712 0.00775797 0.505592 0.0416803 0.00744151 0.00947775 0.00769926 0.0151069 0.00842968 0.0130011 0.0084368 0.0107816 0.00986888 0.0291276 0.0110229 0.0142704 0.00936477 0.0122472 0.00905956 0.00938059 0.0143727 0.00915677 0.0128721 0.00950148 0.0111886 0.00890675 0.0111895 
0.0106188 0.0198479 0.00790885 0.00516569 0.0106338 0.00473626 0.00378483 0.00361865 0.00359337 0.0036478 0.00371611 0.00382741 0 0.00356293 0.0124901 0.52305 0.255833 0.00767034 0.00823994 0.00812626 0.0144443 0.00936311 0.0105935 0.0104368 0.00877952 0.0124101 0.0213878 0.0107968 0.0111628 0.00948468 0.00980335 0.0103163 0.00900883 0.0120493 0.0104021 0.00928132 0.0090093 0.00900535 0.00954933 0.00980949 0.00885891 
0.026838 0.00869022 0.0114339 0.0106889 0.00588189 0.00462431 0.00399814 0.00362467 0.00371812 0.00361532 0.00451593 0.00356188 0.00356293 0 0.432034 0.240832 0.00530293 0.00578577 0.00624582 0.011846 0.0103067 0.00778691 0.0124879 0.00819777 0.0356017 0.0225564 0.0103946 0.00918405 0.00957495 0.0090392 0.00969967 0.00887496 0.014218 0.0220276 0.00880046 0.00963886 0.00872001 0.00876467 0.00935985 0.0093227 0.00874389 
0.022478 0.0128851 0.0193973 0.0106593 0.00713789 0.00954248 0.00768895 0.0136264 0.00693418 0.012188 0.00561603 0.00717712 0.0124901 0.432034 0 0.00378928 0.00356845 0.00368813 0.00596984 0.00840613 0.00606596 0.00786106 0.00935202 0.800232 0.032965 0.0220394 0.0135828 0.0157034 0.0118181 0.0114382 0.0100485 0.0131298 0.0169828 0.0198745 0.0115069 0.00946051 0.0100307 0.00975414 0.0107171 0.00977913 0.0225143 
0.0141583 0.0408878 0.0140977 0.0174627 0.016252 0.011243 0.0283687 0.00916242 0.014415 0.00710581 0.00986088 0.00775797 0.52305 0.240832 0.00378928 0 0.00356666 0.00355483 0.00387798 0.00533091 0.0125682 0.0080227 0.930623 0.0156588 0.0121816 0.0116893 0.049338 0.0184483 0.0310605 0.0125285 0.0216822 0.0110617 0.0139626 0.0171286 0.0136526 0.0191133 0.0102075 0.0139615 0.0125536 0.0317879 0.00986324 
0.0163456 0.0174014 0.0157478 0.00934555 0.0100219 0.03424 0.0212343 0.0171914 0.0123102 0.0145634 0.00855343 0.505592 0.255833 0.00530293 0.00356845 0.00356666 0 0.00357454 0.00358248 0.00544776 0.0061906 0.938578 0.00937232 0.0122195 0.00931625 0.0146278 0.0137807 0.0674624 0.0300501 0.0319012 0.0187449 0.0208529 0.00988629 0.013014 0.0275694 0.017327 0.0180343 0.017875 0.0588928 0.0140365 0.0123141 
0.0151004 0.0330289 0.0146314 0.0102178 0.0191063 0.0175653 0.0246176 0.00964637 0.0134845 0.0252061 0.695954 0.0416803 0.00767034 0.00578577 0.00368813 0.00355483 0.00357454 0 0.00367709 0.006067 0.897203 0.00863254 0.0129625 0.00817298 0.0109158 0.0116411 0.0282212 0.0178418 0.0547029 0.0148576 0.0242202 0.0145829 0.0156362 0.0170784 0.0139966 0.0189852 0.011133 0.0252213 0.0143517 0.0410862 0.0106633 
0.026318 0.0114961 0.0254945 0.0167683 0.0140672 0.0170333 0.0128789 0.0114596 0.0214022 0.44385 0.0195377 0.00744151 0.00823994 0.00624582 0.00596984 0.00387798 0.00358248 0.00367709 0 0.955573 0.00793507 0.0100264 0.00681603 0.00707473 0.0109194 0.0251436 0.0119475 0.0170081 0.0132553 0.0146072 0.0116421 0.016942 0.0164178 0.0219931 0.0110145 0.0109645 0.0114234 0.0108151 0.0112885 0.0108929 0.0175737 
0.0130107 0.0100667 0.0129957 0.013781 0.00905282 0.00934454 0.00905261 0.00933393 0.00856058 0.0126984 0.00740669 0.00947775 0.00812626 0.011846 0.00840613 0.00533091 0.00544776 0.006067 0.955573 0 0.00377726 0.00425571 0.00354476 0.00451091 0.00386565 0.0109431 0.00734084 0.0102351 0.0083385 0.00982368 0.00925957 0.0410033 0.0149945 0.0107032 0.0103502 0.00852679 0.00961044 0.00840887 0.0099437 0.00868047 0.029026 
0.0134086 0.0123075 0.0160406 0.010321 0.0219692 0.0100723 0.0135571 0.0102335 0.0234023 0.00805121 0.0302327 0.00769926 0.0144443 0.0103067 0.00606596 0.0125682 0.0061906 0.897203 0.00793507 0.00377726 0 0.00355673 0.00385588 0.0035971 0.00404021 0.00775458 0.0165336 0.00884628 0.0263147 0.0101612 0.0580824 0.00911316 0.0432861 0.0202868 0.00869008 0.0229485 0.00863208 0.0148095 0.00938044 0.0428163 0.00884744 
0.00935419 0.0121709 0.0157232 0.00945975 0.0101105 0.0257016 0.0249986 0.0241751 0.00857367 0.031413 0.00795568 0.0151069 0.00936311 0.00778691 0.00786106 0.0080227 0.938578 0.00863254 0.0100264 0.00425571 0.00355673 0 0.0035736 0.00389866 0.00363074 0.0160262 0.00801098 0.0471067 0.0205187 0.0577566 0.00882851 0.0319886 0.00839813 0.00879957 0.034998 0.00856591 0.0278126 0.00992261 0.03058 0.00918908 0.0154852 
0.0140628 0.00951166 0.0181704 0.0105984 0.0151301 0.0177561 0.0328308 0.010491 0.0347833 0.00837452 0.0407665 0.00842968 0.0105935 0.0124879 0.00935202 0.930623 0.00937232 0.0129625 0.00681603 0.00354476 0.00385588 0.0035736 0 0.00354895 0.00377343 0.00890091 0.034345 0.014869 0.121361 0.010005 0.0451019 0.008441 0.023861 0.0255267 0.00851986 0.0625724 0.00882772 0.0319849 0.0107122 0.0212878 0.00890617 
0.0096671 0.0291766 0.00900663 0.0115644 0.0199213 0.0255439 0.0123084 0.0159703 0.00857687 0.0346733 0.00826392 0.0130011 0.0104368 0.00819777 0.800232 0.0156588 0.0122195 0.00817298 0.00707473 0.00451091 0.0035971 0.00389866 0.00354895 0 0.00361892 0.0192909 0.0135616 0.0721736 0.00960541 0.0140226 0.00816622 0.0424468 0.00805583 0.00936223 0.0991913 0.00966584 0.0252321 0.00968854 0.0148278 0.00999317 0.0169784 
0.0242283 0.00894098 0.0242074 0.0177118 0.0136322 0.00977426 0.0117822 0.00919077 0.0185817 0.00836072 0.0244153 0.0084368 0.00877952 0.0356017 0.032965 0.0121816 0.00931625 0.0109158 0.0109194 0.00386565 0.00404021 0.00363074 0.00377343 0.00361892 0 0.0261093 0.0365356 0.00915866 0.0119635 0.00841074 0.0150445 0.00808951 0.035675 0.0470172 0.00916113 0.0299361 0.00864933 0.0100506 0.00941723 0.0144429 0.00938556 
0.0152823 0.0123763 0.0291198 0.0160802 0.0114251 0.0160215 0.0126149 0.0123903 0.010111 0.0152422 0.00931911 0.0107816 0.0124101 0.0225564 0.0220394 0.0116893 0.0146278 0.0116411 0.0251436 0.0109431 0.00775458 0.0160262 0.00890091 0.0192909 0.0261093 0 0.0049612 0.00361698 0.00370029 0.00364285 0.00371282 0.00421161 0.014637 0.00867028 0.00921081 0.00803511 0.0112857 0.00946976 0.0111656 0.0273249 0.37074 
0.0149487 0.018973 0.0166909 0.011266 0.047502 0.0265817 0.047158 0.0147228 0.0375703 0.0100771 0.0177692 0.00986888 0.0213878 0.0103946 0.0135828 0.049338 0.0137807 0.0282212 0.0119475 0.00734084 0.0165336 0.00801098 0.034345 0.0135616 0.0365356 0.0049612 0 0.00367923 0.00362887 0.00362981 0.003631 0.00456138 0.00790667 0.00960297 0.00835804 0.014557 0.00873489 0.022927 0.016608 0.353777 0.125613 
0.0147468 0.02046 0.011154 0.0126629 0.0256463 0.125372 0.0506611 0.088231 0.0173303 0.070491 0.0105018 0.0291276 0.0107968 0.00918405 0.0157034 0.0184483 0.0674624 0.0178418 0.0170081 0.0102351 0.00884628 0.0471067 0.014869 0.0721736 0.00915866 0.00361698 0.00367923 0 0.0036658 0.00360608 0.00366022 0.00364693 0.00381635 0.00842776 0.0156587 0.00862231 0.0290003 0.0343627 0.308164 0.163792 0.0179495 
0.015577 0.0122816 0.0189307 0.0110397 0.0359439 0.0615432 0.210236 0.0260426 0.0681358 0.0124703 0.0391741 0.0110229 0.0111628 0.00957495 0.0118181 0.0310605 0.0300501 0.0547029 0.0132553 0.0083385 0.0263147 0.0205187 0.121361 0.00960541 0.0119635 0.00370029 0.00362887 0.0036658 0 0.00360133 0.00360255 0.00360379 0.00384537 0.0106207 0.00748043 0.0175384 0.0273831 0.32068 0.266196 0.0319284 0.00999783 
0.0107953 0.0136949 0.0110638 0.00991478 0.0176344 0.0884207 0.0400749 0.0444452 0.012967 0.0323846 0.00914751 0.0142704 0.00948468 0.0090392 0.0114382 0.0125285 0.0319012 0.0148576 0.0146072 0.00982368 0.0101612 0.0577566 0.010005 0.0140226 0.00841074 0.00364285 0.00362981 0.00360608 0.00360133 0 0.00357395 0.00361025 0.00364436 0.00572809 0.00870521 0.0106951 0.26717 0.152875 0.00920799 0.00911299 0.0137956 
0.0133508 0.0105806 0.0155247 0.0105638 0.0248542 0.0296239 0.0604085 0.0177012 0.0366027 0.00982193 0.0287295 0.00936477 0.00980335 0.00969967 0.0100485 0.0216822 0.0187449 0.0242202 0.0116421 0.00925957 0.0580824 0.00882851 0.0451019 0.00816622 0.0150445 0.00371282 0.003631 0.00366022 0.00360255 0.00357395 0 0.00357971 0.00378894 0.0178166 0.00678168 0.629474 0.0161266 0.0116474 0.0104562 0.0120328 0.00835035 
0.00956778 0.0192812 0.00917327 0.0107491 0.0124053 0.024384 0.0146983 0.0177287 0.00948225 0.0228115 0.00861207 0.0122472 0.0103163 0.00887496 0.0131298 0.0110617 0.0208529 0.0145829 0.016942 0.0410033 0.00911316 0.0319886 0.008441 0.0424468 0.00808951 0.00421161 0.00456138 0.00364693 0.00360379 0.00361025 0.00357971 0 0.00369751 0.00778371 0.806817 0.00881226 0.0525068 0.00783415 0.0113382 0.00819411 0.0157878 
0.022373 0.00881796 0.0190001 0.0184733 0.0123045 0.00967403 0.0109892 0.00922596 0.0137818 0.00864598 0.0196071 0.00905956 0.00900883 0.014218 0.0169828 0.0139626 0.00988629 0.0156362 0.0164178 0.0149945 0.0432861 0.00839813 0.023861 0.00805583 0.035675 0.014637 0.00790667 0.00381635 0.00384537 0.00364436 0.00378894 0.00369751 0 0.778687 0.00540939 0.0103354 0.00565348 0.0135469 0.0070068 0.0116221 0.00838753 
0.0164311 0.0103346 0.0323725 0.0163855 0.0162172 0.0131643 0.0129023 0.011607 0.0131883 0.00946623 0.0172712 0.00938059 0.0120493 0.0220276 0.0198745 0.0171286 0.013014 0.0170784 0.0219931 0.0107032 0.0202868 0.00879957 0.0255267 0.00936223 0.0470172 0.00867028 0.00960297 0.00842776 0.0106207 0.00572809 0.0178166 0.00778371 0.778687 0 0.00358406 0.00365709 0.00363597 0.0036389 0.00376646 0.00472964 0.00628272 
0.00929872 0.0164357 0.00960875 0.00937523 0.0158817 0.0252278 0.0172176 0.0171356 0.00985915 0.0293725 0.00884983 0.0143727 0.0104021 0.00880046 0.0115069 0.0136526 0.0275694 0.0139966 0.0110145 0.0103502 0.00869008 0.034998 0.00851986 0.0991913 0.00916113 0.00921081 0.00835804 0.0156587 0.00748043 0.00870521 0.00678168 0.806817 0.00540939 0.00358406 0 0.00354408 0.00360741 0.00358129 0.00351062 0.00377696 0.00492774 
0.0101772 0.00914635 0.0128519 0.0093228 0.0143041 0.0208708 0.0286562 0.0129959 0.0299564 0.00940518 0.0285111 0.00915677 0.00928132 0.00963886 0.00946051 0.0191133 0.017327 0.0189852 0.0109645 0.00852679 0.0229485 0.00856591 0.0625724 0.00966584 0.0299361 0.00803511 0.014557 0.00862231 0.0175384 0.0106951 0.629474 0.00881226 0.0103354 0.00365709 0.00354408 0 0.00355151 0.00356695 0.00359989 0.00374732 0.00362759 
0.00874987 0.00978484 0.00894269 0.00882051 0.0119214 0.0259766 0.0163098 0.0251332 0.0109472 0.0192308 0.00893622 0.0128721 0.0090093 0.00872001 0.0100307 0.0102075 0.0180343 0.011133 0.0114234 0.00961044 0.00863208 0.0278126 0.00882772 0.0252321 0.00864933 0.0112857 0.00873489 0.0290003 0.0273831 0.26717 0.0161266 0.0525068 0.00565348 0.00363597 0.00360741 0.00355151 0 0.00356323 0.00361452 0.00359952 0.00370792 
0.00983999 0.00918984 0.0101254 0.00911713 0.0146814 0.0216347 0.0436724 0.0240696 0.0221886 0.0112427 0.012748 0.00950148 0.00900535 0.00876467 0.00975414 0.0139615 0.017875 0.0252213 0.0108151 0.00840887 0.0148095 0.00992261 0.0319849 0.00968854 0.0100506 0.00946976 0.022927 0.0343627 0.32068 0.152875 0.0116474 0.00783415 0.0135469 0.0036389 0.00358129 0.00356695 0.00356323 0 0.00355474 0.00357935 0.003572 
0.00950304 0.00997163 0.0104285 0.00949578 0.0141677 0.0434194 0.0292963 0.0247411 0.0134951 0.017879 0.0103578 0.0111886 0.00954933 0.00935985 0.0107171 0.0125536 0.0588928 0.0143517 0.0112885 0.0099437 0.00938044 0.03058 0.0107122 0.0148278 0.00941723 0.0111656 0.016608 0.308164 0.266196 0.00920799 0.0104562 0.0113382 0.0070068 0.00376646 0.00351062 0.00359989 0.00361452 0.00355474 0 0.00355982 0.00367232 
0.0114028 0.0133041 0.0128576 0.0122883 0.0257333 0.0172216 0.0269253 0.0146625 0.0165669 0.00950428 0.0120762 0.00890675 0.00980949 0.0093227 0.00977913 0.0317879 0.0140365 0.0410862 0.0108929 0.00868047 0.0428163 0.00918908 0.0212878 0.00999317 0.0144429 0.0273249 0.353777 0.163792 0.0319284 0.00911299 0.0120328 0.00819411 0.0116221 0.00472964 0.00377696 0.00374732 0.00359952 0.00357935 0.00355982 0 0.00360651 
0.0115127 0.00921953 0.00980123 0.0117326 0.0103759 0.0124537 0.0110644 0.0109878 0.00908407 0.0117471 0.00863922 0.0111895 0.00885891 0.00874389 0.0225143 0.00986324 0.0123141 0.0106633 0.0175737 0.029026 0.00884744 0.0154852 0.00890617 0.0169784 0.00938556 0.37074 0.125613 0.0179495 0.00999783 0.0137956 0.00835035 0.0157878 0.00838753 0.00628272 0.00492774 0.00362759 0.00370792 0.003572 0.00367232 0.00360651 0 
