1R6JA
GAMDPRTITMHKDSTGHVGFIFKNGKITSIVKDSSAARNGLLTEHNICEINGQNVIGLKDSQIADILSTSGTVVTITIMPAF
CCCCCEEEEEECCCCCCCCEEEECCEEEEECCCCHHHHHCCCCCEEEEEECCEECCCCCHHHHHHHHHHCCCEEEEEEEECC
0 0 0 0 0 0 0 0 0 0 0 0 0 0 0 0 0 0 0 0 0 0 0 0 0 0 0 0 0 0 0 0 0 0 0 0 0 0 0 0 0 0 0 0 0 0 0 0 0 0 0 0 0 0 0 0 0 0 0 0 0 0 0 0 0 0 0 0 0 0 0 0 0 0 0 0 0 0 0 0 0 0 
0 0 0 0 0 0 0 0 0 0 0 0 0 0 0 0 0 0 0 0 0 0 0 0 0 0 0 0 0 0 0 0 0 0 0 0 0 0 0 0 0 0 0 0 0 0 0 0 0 0 0 0 0 0 0 0 0 0 0 0 0 0 0 0 0 0 0 0 0 0 0 0 0 0 0 0 0 0 0 0 0 0 
0 0.00414155 0.00391293 0.00372599 0.00414015 0.00602985 0.0158685 0.00866624 0.0216644 0.0206885 0.0117055 0.0127441 0.0100874 0.0197829 0.0391909 0.0175188 0.00917334 0.00988774 0.0103467 0.0109498 0.0273274 0.00921366 0.0124606 0.013356 0.011988 0.0101289 0.0133542 0.00946647 0.012791 0.00903456 0.0187365 
0.00414155 0 0.00360708 0.00378395 0.00521947 0.00418258 0.00723707 0.0317988 0.00921828 0.0184201 0.0161062 0.00884185 0.0128948 0.0216067 0.0121864 0.00955317 0.0307636 0.00956853 0.0105826 0.0469419 0.0092419 0.00978406 0.0096159 0.0147123 0.0120629 0.0325623 0.00994546 0.065801 0.00881127 0.0214418 0.00934124 
0.00391293 0.00360708 0 0.00359184 0.00362638 0.00356328 0.0128883 0.00710779 0.0491662 0.0125336 0.00805564 0.0214716 0.0095562 0.0141184 0.0117081 0.0137279 0.00904072 0.0260239 0.0434323 0.00890113 0.0169175 0.00855395 0.00860853 0.00910352 0.0274753 0.0102329 0.179212 0.00926826 0.0617434 0.00872382 0.0110009 
0.00372599 0.00378395 0.00359184 0 0.00355918 0.00372016 0.00691117 0.0317178 0.0101026 0.0233452 0.0124084 0.00808223 0.0204489 0.0133017 0.00908341 0.00863944 0.0261386 0.0155948 0.00987209 0.0383733 0.00849996 0.00858094 0.00899085 0.0122553 0.00936965 0.151826 0.0106519 0.0918986 0.00925004 0.0146129 0.00866339 
0.00414015 0.00521947 0.00362638 0.00355918 0 0.00357558 0.0285205 0.0100228 0.0570092 0.00689069 0.00838997 0.0461386 0.00856096 0.00944849 0.010465 0.0144691 0.0100091 0.0128538 0.0181036 0.009217 0.0144474 0.0087441 0.00886552 0.00925791 0.0537716 0.00909752 0.0545408 0.00912912 0.0195848 0.00926076 0.00965627 
0.00602985 0.00418258 0.00356328 0.00372016 0.00357558 0 0.0146319 0.0251612 0.00631707 0.00926108 0.050311 0.00869463 0.00897688 0.00883289 0.0140223 0.0156832 0.0110755 0.00912308 0.00886918 0.0163389 0.00879814 0.0104686 0.0102024 0.0317572 0.00923081 0.0203895 0.00918286 0.0128152 0.00875213 0.00954343 0.00957487 
0.0158685 0.00723707 0.0128883 0.00691117 0.0285205 0.0146319 0 0.00362058 0.00430387 0.00466213 0.0038927 0.00645545 0.00620055 0.0751806 0.744494 0.0129699 0.00896879 0.0101103 0.0121323 0.00956915 0.0614483 0.00900804 0.0121538 0.0108713 0.0166262 0.00938288 0.0223486 0.00941644 0.0155038 0.00926071 0.0322026 
0.00866624 0.0317988 0.00710779 0.0317178 0.0100228 0.0251612 0.00362058 0 0.00366807 0.00367032 0.00434701 0.00458736 0.132312 0.71003 0.00900047 0.0083178 0.0189744 0.00953672 0.00920897 0.0483715 0.00859967 0.00872272 0.00904915 0.0114371 0.0093917 0.0414853 0.0098786 0.0279597 0.00900716 0.0221275 0.00905102 
0.0216644 0.00921828 0.0491662 0.0101026 0.0570092 0.00631707 0.00430387 0.00366807 0 0.0036131 0.00429487 0.964145 0.0222432 0.00604089 0.0057277 0.0131595 0.00890892 0.0105574 0.0155415 0.00880292 0.0180492 0.00885128 0.00918895 0.00993592 0.0275489 0.00926904 0.0280191 0.00939594 0.0193075 0.00915725 0.00934901 
0.0206885 0.0184201 0.0125336 0.0233452 0.00689069 0.00926108 0.00466213 0.00367032 0.0036131 0 0.984615 0.0111867 0.00374705 0.0040255 0.0045784 0.00973182 0.0091167 0.00849651 0.00851932 0.0106981 0.00852368 0.00945227 0.00922886 0.0149102 0.00931215 0.0113 0.00940804 0.0101406 0.00879767 0.00908559 0.00913792 
0.0117055 0.0161062 0.00805564 0.0124084 0.00838997 0.050311 0.0038927 0.00434701 0.00429487 0.984615 0 0.00363745 0.00358947 0.00374714 0.00458047 0.00914386 0.025701 0.00841637 0.00841649 0.0281895 0.0133429 0.0100352 0.0161324 0.0147293 0.00975355 0.0151829 0.0102415 0.0150064 0.00924555 0.0112889 0.018885 
0.0127441 0.00884185 0.0214716 0.00808223 0.0461386 0.00869463 0.00645545 0.00458736 0.964145 0.0111867 0.00363745 0 0.00358801 0.00369364 0.003722 0.0129729 0.00872548 0.0178167 0.0189187 0.0106281 0.0230088 0.00857196 0.0090949 0.00979427 0.0209136 0.0114702 0.0300217 0.0109145 0.0148952 0.0117861 0.0120725 
0.0100874 0.0128948 0.0095562 0.0204489 0.00856096 0.00897688 0.00620055 0.132312 0.0222432 0.00374705 0.00358947 0.00358801 0 0.00359456 0.00361724 0.00882313 0.0139056 0.0161182 0.0153088 0.012885 0.00906674 0.00814041 0.00901878 0.0105872 0.0109612 0.0239893 0.0141975 0.0195209 0.0130305 0.00970228 0.00913234 
0.0197829 0.0216067 0.0141184 0.0133017 0.00944849 0.00883289 0.0751806 0.71003 0.00604089 0.0040255 0.00374714 0.00369364 0.00359456 0 0.00361104 0.00973413 0.0199025 0.0164533 0.0128847 0.0196366 0.00906256 0.00869787 0.00979704 0.0114673 0.0134119 0.018489 0.0118822 0.020597 0.00978528 0.0134607 0.00885601 
0.0391909 0.0121864 0.0117081 0.00908341 0.010465 0.0140223 0.744494 0.00900047 0.0057277 0.0045784 0.00458047 0.003722 0.00361724 0.00361104 0 0.0249844 0.0117688 0.00968437 0.0117563 0.00976845 0.0183079 0.00925217 0.0095556 0.0156262 0.0125412 0.0098286 0.0171506 0.0098372 0.00956273 0.00894651 0.00980429 
0.0175188 0.00955317 0.0137279 0.00863944 0.0144691 0.0156832 0.0129699 0.0083178 0.0131595 0.00973182 0.00914386 0.0129729 0.00882313 0.00973413 0.0249844 0 0.00558171 0.0035887 0.00379861 0.00367281 0.00677079 0.00453991 0.00813864 0.0207055 0.0165461 0.00928804 0.0220723 0.00919046 0.0127331 0.00873821 0.0862391 
0.00917334 0.0307636 0.00904072 0.0261386 0.0100091 0.0110755 0.00896879 0.0189744 0.00890892 0.0091167 0.025701 0.00872548 0.0139056 0.0199025 0.0117688 0.00558171 0 0.00355156 0.00355956 0.00404028 0.00356142 0.00400718 0.00580219 0.0185783 0.0173444 0.0495352 0.0107136 0.0275266 0.00976448 0.0852218 0.0101459 
0.00988774 0.00956853 0.0260239 0.0155948 0.0128538 0.00912308 0.0101103 0.00953672 0.0105574 0.00849651 0.00841637 0.0178167 0.0161182 0.0164533 0.00968437 0.0035887 0.00355156 0 0.00362671 0.00355938 0.00357004 0.00361446 0.00412551 0.0143748 0.0324673 0.0219578 0.0304542 0.0269389 0.090459 0.011112 0.0108774 
0.0103467 0.0105826 0.0434323 0.00987209 0.0181036 0.00886918 0.0121323 0.00920897 0.0155415 0.00851932 0.00841649 0.0189187 0.0153088 0.0128847 0.0117563 0.00379861 0.00355956 0.00362671 0 0.00361354 0.00354647 0.00372059 0.00491455 0.0160818 0.0297266 0.0124382 0.0761948 0.0190245 0.0479207 0.00965398 0.0124025 
0.0109498 0.0469419 0.00890113 0.0383733 0.009217 0.0163389 0.00956915 0.0483715 0.00880292 0.0106981 0.0281895 0.0106281 0.012885 0.0196366 0.00976845 0.00367281 0.00404028 0.00355938 0.00361354 0 0.00354262 0.00463229 0.964845 0.0173764 0.011223 0.0579027 0.0106489 0.15457 0.00915094 0.0401156 0.00934213 
0.0273274 0.0092419 0.0169175 0.00849996 0.0144474 0.00879814 0.0614483 0.00859967 0.0180492 0.00852368 0.0133429 0.0230088 0.00906674 0.00906256 0.0183079 0.00677079 0.00356142 0.00357004 0.00354647 0.00354262 0 0.977942 0.0038677 0.0131004 0.0239469 0.00899069 0.0851459 0.00905239 0.0190631 0.00854188 0.0150845 
0.00921366 0.00978406 0.00855395 0.00858094 0.0087441 0.0104686 0.00900804 0.00872272 0.00885128 0.00945227 0.0100352 0.00857196 0.00814041 0.00869787 0.00925217 0.00453991 0.00400718 0.00361446 0.00372059 0.00463229 0.977942 0 0.00889869 0.0108125 0.0103276 0.0110049 0.00876766 0.00882857 0.00821179 0.00881556 0.0137914 
0.0124606 0.0096159 0.00860853 0.00899085 0.00886552 0.0102024 0.0121538 0.00904915 0.00918895 0.00922886 0.0161324 0.0090949 0.00901878 0.00979704 0.0095556 0.00813864 0.00580219 0.00412551 0.00491455 0.964845 0.0038677 0.00889869 0 0.0178143 0.0102267 0.0184102 0.0093583 0.0109863 0.00853246 0.0131332 0.0109901 
0.013356 0.0147123 0.00910352 0.0122553 0.00925791 0.0317572 0.0108713 0.0114371 0.00993592 0.0149102 0.0147293 0.00979427 0.0105872 0.0114673 0.0156262 0.0207055 0.0185783 0.0143748 0.0160818 0.0173764 0.0131004 0.0108125 0.0178143 0 0.00545496 0.00359883 0.0035933 0.00375522 0.0036834 0.00384395 0.00759962 
0.011988 0.0120629 0.0274753 0.00936965 0.0537716 0.00923081 0.0166262 0.0093917 0.0275489 0.00931215 0.00975355 0.0209136 0.0109612 0.0134119 0.0125412 0.0165461 0.0173444 0.0324673 0.0297266 0.011223 0.0239469 0.0103276 0.0102267 0.00545496 0 0.00365209 0.00363895 0.00365067 0.00359314 0.00453721 0.00431682 
0.0101289 0.0325623 0.0102329 0.151826 0.00909752 0.0203895 0.00938288 0.0414853 0.00926904 0.0113 0.0151829 0.0114702 0.0239893 0.018489 0.0098286 0.00928804 0.0495352 0.0219578 0.0124382 0.0579027 0.00899069 0.0110049 0.0184102 0.00359883 0.00365209 0 0.00357706 0.0035483 0.00397791 0.00370873 0.0038615 
0.0133542 0.00994546 0.179212 0.0106519 0.0545408 0.00918286 0.0223486 0.0098786 0.0280191 0.00940804 0.0102415 0.0300217 0.0141975 0.0118822 0.0171506 0.0220723 0.0107136 0.0304542 0.0761948 0.0106489 0.0851459 0.00876766 0.0093583 0.0035933 0.00363895 0.00357706 0 0.00364878 0.00361188 0.00359527 0.00375061 
0.00946647 0.065801 0.00926826 0.0918986 0.00912912 0.0128152 0.00941644 0.0279597 0.00939594 0.0101406 0.0150064 0.0109145 0.0195209 0.020597 0.0098372 0.00919046 0.0275266 0.0269389 0.0190245 0.15457 0.00905239 0.00882857 0.0109863 0.00375522 0.00365067 0.0035483 0.00364878 0 0.00357005 0.00358274 0.00358874 
0.012791 0.00881127 0.0617434 0.00925004 0.0195848 0.00875213 0.0155038 0.00900716 0.0193075 0.00879767 0.00924555 0.0148952 0.0130305 0.00978528 0.00956273 0.0127331 0.00976448 0.090459 0.0479207 0.00915094 0.0190631 0.00821179 0.00853246 0.0036834 0.00359314 0.00397791 0.00361188 0.00357005 0 0.00355995 0.00354485 
0.00903456 0.0214418 0.00872382 0.0146129 0.00926076 0.00954343 0.00926071 0.0221275 0.00915725 0.00908559 0.0112889 0.0117861 0.00970228 0.0134607 0.00894651 0.00873821 0.0852218 0.011112 0.00965398 0.0401156 0.00854188 0.00881556 0.0131332 0.00384395 0.00453721 0.00370873 0.00359527 0.00358274 0.00355995 0 0.00354604 
0.0187365 0.00934124 0.0110009 0.00866339 0.00965627 0.00957487 0.0322026 0.00905102 0.00934901 0.00913792 0.018885 0.0120725 0.00913234 0.00885601 0.00980429 0.0862391 0.0101459 0.0108774 0.0124025 0.00934213 0.0150845 0.0137914 0.0109901 0.00759962 0.00431682 0.0038615 0.00375061 0.00358874 0.00354485 0.00354604 0 
