1RNIA
SSERIRYAKWFLEHGFNIIPIDPESKKPVLKEWQKYSHEMPSDEEKQRFLKMIEEGYNYAIPGGQKGLVILDFESKEKLKAWIGESALEELCRKTLCTNTVHGGIHIYVLSNDIPPHKINPLFEENGKGIIDLQSYNSYVLGLGSCVNHLHCTTDKCPWKEQNYTTCYTLYNELKEISKVDLKSLLRFLAEKGKRLGITLSKTAKEWLEG
CCHHHHHHHHHHHCCCCCEEECCCCCCCCCCCHHHHHCCCCCHHHHHHHHHHHHCCCEEEEECCHHHEEEEEECCHHHHHHHHCHHHHHHHHHHCCEEECCCCCEEEEEECCCCCCCCEEEEEEECCEEEEEEECCCCEEECCCCEEEHHHCCCCCCCCCCCCCEEECEECCCCCCCCECCHHHHHHHHHHHHHCCCEEECHHHHHHHHC
0 0 0 0 0 0 0 0 0 0 0 0 0 0 0 0 0 0 0 0 0 0 0 0 0 0 0 0 0 0 0 0 0 0 0 0 0 0 0 0 0 0 0 0 0 0 0 0 0 0 0 0 0 0 0 0 0 0 0 0 0 0 0 0 0 0 0 0 0 0 0 0 0 0 0 0 0 0 0 0 0 0 0 0 0 0 0 0 0 0 0 0 0 0 0 0 0 0 0 0 0 0 0 0 0 0 0 0 0 0 0 0 0 0 0 0 0 0 0 0 0 0 0 0 0 0 0 0 0 0 0 0 0 0 0 0 0 0 0 0 0 0 0 0 0 0 0 0 0 0 0 0 0 0 0 0 0 0 0 0 0 0 0 0 0 0 0 0 0 0 0 0 0 0 0 0 0 0 0 0 0 0 0 0 0 0 0 0 0 0 0 0 0 0 0 0 0 0 0 0 0 0 0 0 0 0 0 0 0 0 
0 0 0 0 0 0 0 0 0 0 0 0 0 0 0 0 0 0 0 0 0 0 0 0 0 0 0 0 0 0 0 0 0 0 0 0 0 0 0 0 0 0 0 0 0 0 0 0 0 0 0 0 0 0 0 0 0 0 0 0 0 0 0 0 0 0 0 0 0 0 0 0 0 0 0 0 0 0 0 0 0 0 0 0 0 0 0 0 0 0 0 0 0 0 0 0 0 0 0 0 0 0 0 0 0 0 0 0 0 0 0 0 0 0 0 0 0 0 0 0 0 0 0 0 0 0 0 0 0 0 0 0 0 0 0 0 0 0 0 0 0 0 0 0 0 0 0 0 0 0 0 0 0 0 0 0 0 0 0 0 0 0 0 0 0 0 0 0 0 0 0 0 0 0 0 0 0 0 0 0 0 0 0 0 0 0 0 0 0 0 0 0 0 0 0 0 0 0 0 0 0 0 0 0 0 0 0 0 0 0 
0 0.00376109 0.00375076 0.110995 0.0216798 0.067032 0.0108596 0.0164958 0.0190682 0.0173681 0.0167501 0.0183629 0.00967402 0.0146426 0.01119 0.0092701 0.0117756 0.0105338 0.00954369 0.0134768 0.0117823 0.0120084 0.0120373 0.00963264 0.00823693 0.0086114 0.00849075 0.00869713 0.00847436 0.00921345 0.00829827 0.0085039 0.00871753 0.00911376 0.00911594 0.00923776 0.00893281 0.00902586 0.00868551 0.0111366 0.00891083 0.00831511 0.00965053 0.0081697 0.00814478 0.00844589 0.00806017 0.00835987 0.00844609 0.00884264 0.00820639 0.00887749 
0.00376109 0 0.00359517 0.0123731 0.228394 0.0274611 0.122849 0.0117324 0.0155236 0.0346659 0.0213334 0.0134049 0.0288406 0.00903512 0.0102552 0.0265806 0.00917317 0.00903642 0.0172658 0.0113309 0.0170112 0.0198405 0.00916438 0.00829408 0.00949213 0.00847144 0.00865021 0.00896839 0.00955206 0.00826 0.00821181 0.00881367 0.00870716 0.00893179 0.0104512 0.00983458 0.00847929 0.00887683 0.00992589 0.00873969 0.00855147 0.00905726 0.00856133 0.00830582 0.0087018 0.00832008 0.00815614 0.00831843 0.0082095 0.00829402 0.00878572 0.00829481 
0.00375076 0.00359517 0 0.0858863 0.0146453 0.0635683 0.0372996 0.177693 0.0264472 0.0172456 0.0143807 0.0203047 0.010698 0.0318006 0.020262 0.0109107 0.0132689 0.0210075 0.00943799 0.0127039 0.0108818 0.0128234 0.0123279 0.0129242 0.00833393 0.00855995 0.00879664 0.00935487 0.00862055 0.00905146 0.00998214 0.00905557 0.00888959 0.00942001 0.00864304 0.00941392 0.00943772 0.0109963 0.0091386 0.0106606 0.0101219 0.00877843 0.0084589 0.00896841 0.00849673 0.00846553 0.00841575 0.00820822 0.00853317 0.00941543 0.00854308 0.00868782 
0.110995 0.0123731 0.0858863 0 0.00483389 0.00359877 0.00365186 0.00435849 0.00493062 0.00564382 0.00799397 0.0067226 0.0133989 0.0269083 0.0166826 0.0104103 0.023608 0.0110466 0.0101618 0.00943033 0.0120658 0.0111029 0.0243662 0.00922407 0.00848662 0.00835831 0.00845515 0.00838663 0.0101145 0.0110842 0.00865637 0.00840995 0.00862863 0.00868401 0.00909794 0.00872287 0.0123034 0.0100374 0.00848153 0.0124213 0.00901053 0.00827989 0.0109649 0.00853485 0.00811728 0.00864382 0.0083597 0.00906811 0.0097845 0.00868923 0.00829714 0.00951481 
0.0216798 0.228394 0.0146453 0.00483389 0 0.00356225 0.00357225 0.0035964 0.00415568 0.00888507 0.013152 0.0119967 0.00980623 0.0132624 0.0144462 0.0235445 0.0108171 0.0135651 0.0141266 0.0326996 0.018704 0.0305549 0.0107296 0.0108915 0.0090727 0.0101109 0.0100027 0.011539 0.0100687 0.00928494 0.00851453 0.00997316 0.0100516 0.0132739 0.0104295 0.0170045 0.00898542 0.00957811 0.0112185 0.00999172 0.00896506 0.00988791 0.00901562 0.00824973 0.00861368 0.00856935 0.00828064 0.00857352 0.00831545 0.0089206 0.00841146 0.0084052 
0.067032 0.0274611 0.0635683 0.00359877 0.00356225 0 0.00355853 0.00355474 0.00389123 0.00905168 0.0395792 0.0225064 0.0196756 0.00899432 0.019037 0.0137996 0.0138945 0.0108125 0.0260976 0.0377955 0.118838 0.025249 0.0128733 0.00888088 0.0101968 0.0118377 0.0164047 0.0177871 0.0126809 0.00883445 0.00852109 0.00988057 0.0170037 0.0177933 0.0466217 0.0125053 0.00940867 0.00981123 0.0101975 0.0112644 0.00936039 0.00908085 0.00920317 0.0085257 0.00851161 0.0090705 0.00834494 0.00827037 0.00821446 0.0085526 0.00864531 0.0084146 
0.0108596 0.122849 0.0372996 0.00365186 0.00357225 0.00355853 0 0.00358649 0.00394788 0.0226697 0.0333646 0.0144079 0.010071 0.00704108 0.0129488 0.0427373 0.0113227 0.0116882 0.0171578 0.0324933 0.027379 0.0908241 0.0110367 0.00903192 0.00889657 0.00990807 0.012187 0.0161231 0.0118322 0.00885889 0.00842157 0.0100407 0.0100873 0.0141877 0.0123102 0.0235479 0.00891507 0.00912687 0.0166241 0.0104747 0.00896044 0.0101638 0.00859478 0.00826429 0.00872359 0.0081887 0.00831579 0.00821117 0.00814144 0.00858186 0.0084905 0.00834903 
0.0164958 0.0117324 0.177693 0.00435849 0.0035964 0.00355474 0.00358649 0 0.0248994 0.0155411 0.00802428 0.00601955 0.0064404 0.0108109 0.0203412 0.0116941 0.0254086 0.0189109 0.0127289 0.013073 0.0148688 0.0175069 0.0268371 0.011432 0.00852628 0.008697 0.00997291 0.00958855 0.00912716 0.00935545 0.0112147 0.00907313 0.00967097 0.00934448 0.0102178 0.0103152 0.014213 0.0126134 0.00937808 0.013138 0.0116919 0.00865873 0.00894867 0.00957207 0.00836394 0.00867303 0.00838449 0.0082852 0.00878636 0.00901461 0.00832605 0.00844094 
0.0190682 0.0155236 0.0264472 0.00493062 0.00415568 0.00389123 0.00394788 0.0248994 0 0.00359722 0.00360576 0.0035985 0.00360792 0.00434083 0.0275652 0.0149259 0.0266035 0.0176344 0.0161691 0.0166165 0.0156273 0.0158021 0.0855306 0.0143226 0.00915621 0.00954069 0.00957753 0.0102954 0.0105578 0.0202921 0.00933992 0.0104659 0.0105675 0.0109593 0.00996447 0.0144797 0.0170256 0.0110402 0.0109842 0.0205528 0.0121257 0.00968749 0.012426 0.00860391 0.00868801 0.0092437 0.00858954 0.0112904 0.00929904 0.0101883 0.0083047 0.0107189 
0.0173681 0.0346659 0.0172456 0.00564382 0.00888507 0.00905168 0.0226697 0.0155411 0.00359722 0 0.00356786 0.00359787 0.00364283 0.00363012 0.0579941 0.0406887 0.01562 0.0158389 0.0309092 0.025713 0.0412948 0.0894803 0.0174905 0.0105888 0.0107859 0.0109764 0.0135964 0.0156317 0.0139808 0.0106488 0.00884684 0.01178 0.0152525 0.0168338 0.0197828 0.0183027 0.0106583 0.0100652 0.013048 0.0120411 0.0102833 0.0101492 0.0102404 0.0085766 0.00863175 0.0092343 0.00886403 0.00873207 0.00860394 0.00868956 0.00904797 0.00884755 
0.0167501 0.0213334 0.0143807 0.00799397 0.013152 0.0395792 0.0333646 0.00802428 0.00360576 0.00356786 0 0.0036298 0.00362645 0.00364398 0.0545245 0.0218606 0.0160361 0.0155744 0.0461388 0.0467372 0.214861 0.0385 0.0139142 0.0100061 0.0113555 0.0132253 0.0325797 0.0299074 0.0142423 0.00917464 0.00916211 0.0116959 0.0253766 0.0290519 0.0591916 0.016044 0.0121247 0.011471 0.0143637 0.0146992 0.0110093 0.00999607 0.00940353 0.00890979 0.00888475 0.00920247 0.00864716 0.00844383 0.00847127 0.00893404 0.0101782 0.00857505 
0.0183629 0.0134049 0.0203047 0.0067226 0.0119967 0.0225064 0.0144079 0.00601955 0.0035985 0.00359787 0.0036298 0 0.00354344 0.00370771 0.0197062 0.0240547 0.0182562 0.0139574 0.0113496 0.345814 0.0361644 0.0421661 0.0148522 0.0141905 0.00875091 0.0239803 0.0130469 0.0357793 0.00971957 0.0104533 0.00857769 0.0103116 0.0151994 0.0830617 0.0132583 0.0351557 0.00918114 0.0094173 0.0131299 0.012889 0.00913896 0.0102307 0.00889527 0.00848743 0.00897132 0.00979297 0.00845484 0.00841095 0.00818399 0.010301 0.0086194 0.00911404 
0.00967402 0.0288406 0.010698 0.0133989 0.00980623 0.0196756 0.010071 0.0064404 0.00360792 0.00364283 0.00362645 0.00354344 0 0.00365498 0.0231734 0.052648 0.0279323 0.00971983 0.093211 0.0105599 0.0429598 0.0349468 0.014558 0.00858135 0.0155455 0.00903718 0.0116506 0.0101783 0.022637 0.00841853 0.00884755 0.0117772 0.0121202 0.00937194 0.060927 0.00969627 0.0115112 0.0104156 0.0117175 0.0118739 0.00958286 0.00868963 0.0109314 0.00885783 0.00848215 0.00885102 0.00891073 0.00840749 0.0088341 0.00829096 0.0105424 0.00830271 
0.0146426 0.00903512 0.0318006 0.0269083 0.0132624 0.00899432 0.00704108 0.0108109 0.00434083 0.00363012 0.00364398 0.00370771 0.00365498 0 0.0192334 0.0173705 0.0661052 0.073311 0.00895084 0.0176344 0.0161913 0.0274959 0.0194046 0.0413071 0.0084251 0.00888663 0.00900672 0.0104677 0.00858169 0.0137808 0.0122403 0.0094805 0.00900705 0.0131689 0.00851373 0.0135058 0.0101085 0.0117024 0.00991619 0.0131592 0.0110997 0.00998197 0.00853987 0.00941409 0.00876519 0.00854462 0.0083897 0.00846446 0.00859679 0.015186 0.00818861 0.00990654 
0.01119 0.0102552 0.020262 0.0166826 0.0144462 0.019037 0.0129488 0.0203412 0.0275652 0.0579941 0.0545245 0.0197062 0.0231734 0.0192334 0 0.00360598 0.00376601 0.00654982 0.0130178 0.744561 0.0316874 0.0107974 0.037585 0.0120777 0.00877744 0.00907381 0.00959722 0.0100814 0.0122321 0.0163007 0.010555 0.0101001 0.0112964 0.00975955 0.0143056 0.0107395 0.0267542 0.0186001 0.0109834 0.0315956 0.0130694 0.0097673 0.0245494 0.00945988 0.00865426 0.0130631 0.00886413 0.0111727 0.011546 0.0088989 0.00934247 0.0123239 
0.0092701 0.0265806 0.0109107 0.0104103 0.0235445 0.0137996 0.0427373 0.0116941 0.0149259 0.0406887 0.0218606 0.0240547 0.052648 0.0173705 0.00360598 0 0.00400076 0.00908337 0.909688 0.0119548 0.0107031 0.0263022 0.00843131 0.00981167 0.0126606 0.00848069 0.00913644 0.0103741 0.0244616 0.00923544 0.00908576 0.0130836 0.00955491 0.0111006 0.0107211 0.0445074 0.0111808 0.0110829 0.0641063 0.0115932 0.010766 0.0322893 0.0091077 0.00878648 0.0176212 0.00845486 0.00889382 0.0089239 0.00866039 0.00869859 0.0114877 0.00927602 
0.0117756 0.00917317 0.0132689 0.023608 0.0108171 0.0138945 0.0113227 0.0254086 0.0266035 0.01562 0.0160361 0.0182562 0.0279323 0.0661052 0.00376601 0.00400076 0 0.930517 0.00675119 0.00782454 0.017916 0.00856258 0.0107761 0.0143074 0.00798316 0.0078066 0.00876896 0.0123245 0.00995056 0.0108348 0.0150043 0.00950631 0.00998072 0.0155671 0.0112127 0.0106961 0.023588 0.0184592 0.00959397 0.0257121 0.0221095 0.0099088 0.0114391 0.0143727 0.00876196 0.00954764 0.00920159 0.00867911 0.00961719 0.0105362 0.00856765 0.00922959 
0.0105338 0.00903642 0.0210075 0.0110466 0.0135651 0.0108125 0.0116882 0.0189109 0.0176344 0.0158389 0.0155744 0.0139574 0.00971983 0.073311 0.00654982 0.00908337 0.930517 0 0.00365413 0.00360908 0.00362642 0.00374499 0.00572742 0.00974706 0.00662936 0.00807038 0.00768342 0.0113443 0.0221206 0.0376791 0.00870229 0.0128262 0.00986972 0.0111275 0.00887217 0.0183641 0.0167392 0.0154576 0.0114895 0.0256675 0.0123028 0.0105804 0.0159841 0.00941615 0.0088402 0.0112081 0.00945944 0.0119815 0.0114557 0.00940236 0.00853831 0.0151743 
0.00954369 0.0172658 0.00943799 0.0101618 0.0141266 0.0260976 0.0171578 0.0127289 0.0161691 0.0309092 0.0461388 0.0113496 0.093211 0.00895084 0.0130178 0.909688 0.00675119 0.00365413 0 0.00361347 0.00358632 0.00375645 0.0037017 0.00671505 0.012126 0.00735997 0.0118195 0.0283127 0.0543945 0.00881136 0.00832875 0.0108992 0.0148494 0.0101358 0.0298675 0.0103232 0.0123276 0.0124311 0.0183029 0.0113606 0.011546 0.0111547 0.0115999 0.00893717 0.0104472 0.00924133 0.00913635 0.00892937 0.00905818 0.00848894 0.0122126 0.00879304 
0.0134768 0.0113309 0.0127039 0.00943033 0.0326996 0.0377955 0.0324933 0.013073 0.0166165 0.025713 0.0467372 0.345814 0.0105599 0.0176344 0.744561 0.0119548 0.00782454 0.00360908 0.00361347 0 0.00356549 0.00363305 0.00359525 0.0111878 0.0065258 0.0281828 0.0201655 0.0363317 0.00895697 0.0156324 0.00850069 0.0109976 0.0130193 0.0617831 0.0116712 0.029805 0.0107209 0.01195 0.0154544 0.0162405 0.0127145 0.0142699 0.00983506 0.00911444 0.0106858 0.0111531 0.0089723 0.00911492 0.0084842 0.0123898 0.00945182 0.0103317 
0.0117823 0.0170112 0.0108818 0.0120658 0.018704 0.118838 0.027379 0.0148688 0.0156273 0.0412948 0.214861 0.0361644 0.0429598 0.0161913 0.0316874 0.0107031 0.017916 0.00362642 0.00358632 0.00356549 0 0.00356974 0.00358026 0.00723894 0.0398481 0.0333906 0.0244632 0.0143992 0.0152503 0.00970044 0.00884545 0.0109803 0.0249776 0.0118537 0.0670354 0.0140827 0.0163416 0.0160085 0.0139991 0.0190162 0.0153377 0.0100936 0.0131418 0.0096823 0.0106109 0.0133197 0.00946603 0.00912263 0.0089626 0.00889053 0.0119053 0.00913849 
0.0120084 0.0198405 0.0128234 0.0111029 0.0305549 0.025249 0.0908241 0.0175069 0.0158021 0.0894803 0.0385 0.0421661 0.0349468 0.0274959 0.0107974 0.0263022 0.00856258 0.00374499 0.00375645 0.00363305 0.00356974 0 0.00368982 0.0329189 0.0296478 0.0142549 0.00934166 0.0194123 0.0208122 0.00962222 0.00945849 0.0146046 0.0126206 0.018513 0.0127895 0.0641573 0.0133614 0.0134053 0.0708139 0.0199608 0.0135856 0.0266122 0.0104143 0.00992595 0.0204725 0.00948009 0.0125099 0.0102146 0.00939473 0.010838 0.011733 0.010452 
0.0120373 0.00916438 0.0123279 0.0243662 0.0107296 0.0128733 0.0110367 0.0268371 0.0855306 0.0174905 0.0139142 0.0148522 0.014558 0.0194046 0.037585 0.00843131 0.0107761 0.00572742 0.0037017 0.00359525 0.00358026 0.00368982 0 0.0325156 0.00879217 0.00622054 0.00916967 0.012224 0.00942735 0.00972136 0.013013 0.0107201 0.0100724 0.00967553 0.0104801 0.0157055 0.0449889 0.0278139 0.0127856 0.0407499 0.0246446 0.0104048 0.0135802 0.0166956 0.00937065 0.011403 0.010779 0.00990686 0.0124079 0.0144476 0.00932119 0.0105046 
0.00963264 0.00829408 0.0129242 0.00922407 0.0108915 0.00888088 0.00903192 0.011432 0.0143226 0.0105888 0.0100061 0.0141905 0.00858135 0.0413071 0.0120777 0.00981167 0.0143074 0.00974706 0.00671505 0.0111878 0.00723894 0.0329189 0.0325156 0 0.00406634 0.00359367 0.00359571 0.00369233 0.00363814 0.0060458 0.00528376 0.00604006 0.00605332 0.00808853 0.00590722 0.096901 0.161086 0.0149423 0.00983998 0.0202089 0.0124373 0.0104746 0.0141103 0.0106465 0.0101582 0.0103543 0.00918962 0.0123243 0.0106752 0.0171064 0.00818593 0.0161607 
0.00823693 0.00949213 0.00833393 0.00848662 0.0090727 0.0101968 0.00889657 0.00852628 0.00915621 0.0107859 0.0113555 0.00875091 0.0155455 0.0084251 0.00877744 0.0126606 0.00798316 0.00662936 0.012126 0.0065258 0.0398481 0.0296478 0.00879217 0.00406634 0 0.00354209 0.00353906 0.00355123 0.00376371 0.00358238 0.00422435 0.0052927 0.00585038 0.00579372 0.0157035 0.0428775 0.0348644 0.00782157 0.00985429 0.00848847 0.00880934 0.00846767 0.00847042 0.00884541 0.00944161 0.00847944 0.00865624 0.00850257 0.0086537 0.00816684 0.00969755 0.00825745 
0.0086114 0.00847144 0.00855995 0.00835831 0.0101109 0.0118377 0.00990807 0.008697 0.00954069 0.0109764 0.0132253 0.0239803 0.00903718 0.00888663 0.00907381 0.00848069 0.0078066 0.00807038 0.00735997 0.0281828 0.0333906 0.0142549 0.00622054 0.00359367 0.00354209 0 0.00353808 0.00355998 0.00354624 0.00355087 0.00462695 0.00523649 0.00499252 0.0206517 0.0526586 0.0520398 0.00909378 0.00831385 0.00764825 0.00912202 0.0084176 0.00834265 0.00776955 0.00876595 0.00883372 0.00876881 0.00844247 0.00848102 0.00831612 0.0087973 0.0084191 0.00848612 
0.00849075 0.00865021 0.00879664 0.00845515 0.0100027 0.0164047 0.012187 0.00997291 0.00957753 0.0135964 0.0325797 0.0130469 0.0116506 0.00900672 0.00959722 0.00913644 0.00876896 0.00768342 0.0118195 0.0201655 0.0244632 0.00934166 0.00916967 0.00359571 0.00353906 0.00353808 0 0.00355323 0.00356451 0.00356639 0.00369435 0.00426556 0.0113264 0.0862116 0.113272 0.00730095 0.00818707 0.00759732 0.00804052 0.010065 0.00867349 0.00861428 0.00849536 0.00888189 0.00893639 0.0106557 0.0088053 0.00857807 0.00855483 0.00857112 0.00867103 0.00860573 
0.00869713 0.00896839 0.00935487 0.00838663 0.011539 0.0177871 0.0161231 0.00958855 0.0102954 0.0156317 0.0299074 0.0357793 0.0101783 0.0104677 0.0100814 0.0103741 0.0123245 0.0113443 0.0283127 0.0363317 0.0143992 0.0194123 0.012224 0.00369233 0.00355123 0.00355998 0.00355323 0 0.00354593 0.00357326 0.00384326 0.0084652 0.333945 0.488808 0.00776962 0.0112874 0.00847586 0.00831761 0.0126571 0.0104394 0.0101171 0.0107935 0.0100282 0.00888339 0.00980511 0.00996504 0.00875127 0.00871933 0.00859123 0.00956311 0.00887749 0.00973455 
0.00847436 0.00955206 0.00862055 0.0101145 0.0100687 0.0126809 0.0118322 0.00912716 0.0105578 0.0139808 0.0142423 0.00971957 0.022637 0.00858169 0.0122321 0.0244616 0.00995056 0.0221206 0.0543945 0.00895697 0.0152503 0.0208122 0.00942735 0.00363814 0.00376371 0.00354624 0.00356451 0.00354593 0 0.00360573 0.00798562 0.972629 0.0367354 0.00767013 0.0138688 0.00591753 0.00771063 0.0129998 0.0122461 0.0114485 0.0117732 0.00984761 0.0085428 0.0100951 0.0102151 0.00933346 0.00988674 0.00883653 0.00921907 0.00897077 0.0137985 0.00854763 
0.00921345 0.00826 0.00905146 0.0110842 0.00928494 0.00883445 0.00885889 0.00935545 0.0202921 0.0106488 0.00917464 0.0104533 0.00841853 0.0137808 0.0163007 0.00923544 0.0108348 0.0376791 0.00881136 0.0156324 0.00970044 0.00962222 0.00972136 0.0060458 0.00358238 0.00355087 0.00356639 0.00357326 0.00360573 0 0.995048 0.00517745 0.00490948 0.00477147 0.00371751 0.0050806 0.0053824 0.0116342 0.00763972 0.00820366 0.0119198 0.00834985 0.00677563 0.013036 0.00936342 0.0089355 0.0090733 0.00884439 0.00993307 0.0232199 0.00851647 0.0105607 
0.00829827 0.00821181 0.00998214 0.00865637 0.00851453 0.00852109 0.00842157 0.0112147 0.00933992 0.00884684 0.00916211 0.00857769 0.00884755 0.0122403 0.010555 0.00908576 0.0150043 0.00870229 0.00832875 0.00850069 0.00884545 0.00945849 0.013013 0.00528376 0.00422435 0.00462695 0.00369435 0.00384326 0.00798562 0.995048 0 0.00426398 0.00357558 0.00362372 0.00362656 0.00369839 0.0119075 0.00765939 0.00621087 0.0126706 0.00852574 0.00726657 0.0426146 0.00970745 0.00875158 0.0103369 0.00925555 0.0113574 0.0123311 0.00878669 0.00858728 0.012368 
0.0085039 0.00881367 0.00905557 0.00840995 0.00997316 0.00988057 0.0100407 0.00907313 0.0104659 0.01178 0.0116959 0.0103116 0.0117772 0.0094805 0.0101001 0.0130836 0.00950631 0.0128262 0.0108992 0.0109976 0.0109803 0.0146046 0.0107201 0.00604006 0.0052927 0.00523649 0.00426556 0.0084652 0.972629 0.00517745 0.00426398 0 0.0036535 0.00356441 0.00358225 0.0036331 0.00385973 0.00626396 0.00919807 0.00748762 0.00895128 0.0298695 0.00906101 0.00957239 0.00974893 0.00921003 0.00941258 0.00945969 0.0101662 0.00915606 0.00964344 0.0093167 
0.00871753 0.00870716 0.00888959 0.00862863 0.0100516 0.0170037 0.0100873 0.00967097 0.0105675 0.0152525 0.0253766 0.0151994 0.0121202 0.00900705 0.0112964 0.00955491 0.00998072 0.00986972 0.0148494 0.0130193 0.0249776 0.0126206 0.0100724 0.00605332 0.00585038 0.00499252 0.0113264 0.333945 0.0367354 0.00490948 0.00357558 0.0036535 0 0.0036336 0.00355022 0.00354513 0.00360605 0.00610736 0.00688345 0.00761597 0.012091 0.00804868 0.00784684 0.00985825 0.00929049 0.00956183 0.00900947 0.0089089 0.00904552 0.0098302 0.00968846 0.00886641 
0.00911376 0.00893179 0.00942001 0.00868401 0.0132739 0.0177933 0.0141877 0.00934448 0.0109593 0.0168338 0.0290519 0.0830617 0.00937194 0.0131689 0.00975955 0.0111006 0.0155671 0.0111275 0.0101358 0.0617831 0.0118537 0.018513 0.00967553 0.00808853 0.00579372 0.0206517 0.0862116 0.488808 0.00767013 0.00477147 0.00362372 0.00356441 0.0036336 0 0.00356692 0.00357849 0.00355931 0.00570891 0.00830642 0.012119 0.0117049 0.00837199 0.00657633 0.00947598 0.00985484 0.00947544 0.0088326 0.00898024 0.00870151 0.0120029 0.00878146 0.0110826 
0.00911594 0.0104512 0.00864304 0.00909794 0.0104295 0.0466217 0.0123102 0.0102178 0.00996447 0.0197828 0.0591916 0.0132583 0.060927 0.00851373 0.0143056 0.0107211 0.0112127 0.00887217 0.0298675 0.0116712 0.0670354 0.0127895 0.0104801 0.00590722 0.0157035 0.0526586 0.113272 0.00776962 0.0138688 0.00371751 0.00362656 0.00358225 0.00355022 0.00356692 0 0.0035587 0.00357386 0.00579213 0.006908 0.0680419 0.00967173 0.00643508 0.00879579 0.00952317 0.00877518 0.0217894 0.00949946 0.00876282 0.00901639 0.00858737 0.0153143 0.00860296 
0.00923776 0.00983458 0.00941392 0.00872287 0.0170045 0.0125053 0.0235479 0.0103152 0.0144797 0.0183027 0.016044 0.0351557 0.00969627 0.0135058 0.0107395 0.0445074 0.0106961 0.0183641 0.0103232 0.029805 0.0140827 0.0641573 0.0157055 0.096901 0.0428775 0.0520398 0.00730095 0.0112874 0.00591753 0.0050806 0.00369839 0.0036331 0.00354513 0.00357849 0.0035587 0 0.00355717 0.00929057 0.113341 0.0135329 0.00730527 0.0207496 0.00578136 0.0104376 0.0348193 0.00903891 0.00939279 0.0101881 0.0087781 0.0150957 0.00935323 0.0108265 
0.00893281 0.00847929 0.00943772 0.0123034 0.00898542 0.00940867 0.00891507 0.014213 0.0170256 0.0106583 0.0121247 0.00918114 0.0115112 0.0101085 0.0267542 0.0111808 0.023588 0.0167392 0.0123276 0.0107209 0.0163416 0.0133614 0.0449889 0.161086 0.0348644 0.00909378 0.00818707 0.00847586 0.00771063 0.0053824 0.0119075 0.00385973 0.00360605 0.00355931 0.00357386 0.00355717 0 0.10628 0.00951257 0.0121261 0.0230618 0.0062683 0.0101539 0.0198834 0.0102592 0.014594 0.0125095 0.0111886 0.0172277 0.0127015 0.0109709 0.0122515 
0.00902586 0.00887683 0.0109963 0.0100374 0.00957811 0.00981123 0.00912687 0.0126134 0.0110402 0.0100652 0.011471 0.0094173 0.0104156 0.0117024 0.0186001 0.0110829 0.0184592 0.0154576 0.0124311 0.01195 0.0160085 0.0134053 0.0278139 0.0149423 0.00782157 0.00831385 0.00759732 0.00831761 0.0129998 0.0116342 0.00765939 0.00626396 0.00610736 0.00570891 0.00579213 0.00929057 0.10628 0 0.00362382 0.00383193 0.00934818 0.00958832 0.214669 0.0268469 0.00945495 0.0271198 0.0115877 0.0141882 0.0206654 0.0106508 0.0128073 0.0154583 
0.00868551 0.00992589 0.0091386 0.00848153 0.0112185 0.0101975 0.0166241 0.00937808 0.0109842 0.013048 0.0143637 0.0131299 0.0117175 0.00991619 0.0109834 0.0641063 0.00959397 0.0114895 0.0183029 0.0154544 0.0139991 0.0708139 0.0127856 0.00983998 0.00985429 0.00764825 0.00804052 0.0126571 0.0122461 0.00763972 0.00621087 0.00919807 0.00688345 0.00830642 0.006908 0.113341 0.00951257 0.00362382 0 0.00403894 0.0143708 0.187468 0.00404049 0.00991632 0.0928877 0.00883096 0.010774 0.0125142 0.0112232 0.0119344 0.0143482 0.00996484 
0.0111366 0.00873969 0.0106606 0.0124213 0.00999172 0.0112644 0.0104747 0.013138 0.0205528 0.0120411 0.0146992 0.012889 0.0118739 0.0131592 0.0315956 0.0115932 0.0257121 0.0256675 0.0113606 0.0162405 0.0190162 0.0199608 0.0407499 0.0202089 0.00848847 0.00912202 0.010065 0.0104394 0.0114485 0.00820366 0.0126706 0.00748762 0.00761597 0.012119 0.0680419 0.0135329 0.0121261 0.00383193 0.00403894 0 0.195104 0.00405471 0.00367162 0.0257245 0.0100919 0.0163068 0.0151765 0.0115006 0.0144879 0.0241821 0.00971319 0.0135785 
0.00891083 0.00855147 0.0101219 0.00901053 0.00896506 0.00936039 0.00896044 0.0116919 0.0121257 0.0102833 0.0110093 0.00913896 0.00958286 0.0110997 0.0130694 0.010766 0.0221095 0.0123028 0.011546 0.0127145 0.0153377 0.0135856 0.0246446 0.0124373 0.00880934 0.0084176 0.00867349 0.0101171 0.0117732 0.0119198 0.00852574 0.00895128 0.012091 0.0117049 0.00967173 0.00730527 0.0230618 0.00934818 0.0143708 0.195104 0 0.00363594 0.00364557 0.049341 0.00952637 0.357186 0.0107802 0.0166166 0.0159033 0.0116886 0.0110556 0.0172696 
0.00831511 0.00905726 0.00877843 0.00827989 0.00988791 0.00908085 0.0101638 0.00865873 0.00968749 0.0101492 0.00999607 0.0102307 0.00868963 0.00998197 0.0097673 0.0322893 0.0099088 0.0105804 0.0111547 0.0142699 0.0100936 0.0266122 0.0104048 0.0104746 0.00846767 0.00834265 0.00861428 0.0107935 0.00984761 0.00834985 0.00726657 0.0298695 0.00804868 0.00837199 0.00643508 0.0207496 0.0062683 0.00958832 0.187468 0.00405471 0.00363594 0 0.00356267 0.00755554 0.761673 0.00815829 0.0111674 0.0136384 0.0106719 0.012443 0.0114233 0.0101163 
0.00965053 0.00856133 0.0084589 0.0109649 0.00901562 0.00920317 0.00859478 0.00894867 0.012426 0.0102404 0.00940353 0.00889527 0.0109314 0.00853987 0.0245494 0.0091077 0.0114391 0.0159841 0.0115999 0.00983506 0.0131418 0.0104143 0.0135802 0.0141103 0.00847042 0.00776955 0.00849536 0.0100282 0.0085428 0.00677563 0.0426146 0.00906101 0.00784684 0.00657633 0.00879579 0.00578136 0.0101539 0.214669 0.00404049 0.00367162 0.00364557 0.00356267 0 0.625796 0.00664861 0.0266937 0.0104579 0.0102552 0.0165207 0.0128725 0.0121453 0.00946604 
0.0081697 0.00830582 0.00896841 0.00853485 0.00824973 0.0085257 0.00826429 0.00957207 0.00860391 0.0085766 0.00890979 0.00848743 0.00885783 0.00941409 0.00945988 0.00878648 0.0143727 0.00941615 0.00893717 0.00911444 0.0096823 0.00992595 0.0166956 0.0106465 0.00884541 0.00876595 0.00888189 0.00888339 0.0100951 0.013036 0.00970745 0.00957239 0.00985825 0.00947598 0.00952317 0.0104376 0.0198834 0.0268469 0.00991632 0.0257245 0.049341 0.00755554 0.625796 0 0.0040696 0.00372269 0.00422741 0.0204811 0.0134936 0.0148246 0.0113369 0.0262877 
0.00814478 0.0087018 0.00849673 0.00811728 0.00861368 0.00851161 0.00872359 0.00836394 0.00868801 0.00863175 0.00888475 0.00897132 0.00848215 0.00876519 0.00865426 0.0176212 0.00876196 0.0088402 0.0104472 0.0106858 0.0106109 0.0204725 0.00937065 0.0101582 0.00944161 0.00883372 0.00893639 0.00980511 0.0102151 0.00936342 0.00875158 0.00974893 0.00929049 0.00985484 0.00877518 0.0348193 0.0102592 0.00945495 0.0928877 0.0100919 0.00952637 0.761673 0.00664861 0.0040696 0 0.00355449 0.00368019 0.00792104 0.00766821 0.0142269 0.0251829 0.0103257 
0.00844589 0.00832008 0.00846553 0.00864382 0.00856935 0.0090705 0.0081887 0.00867303 0.0092437 0.0092343 0.00920247 0.00979297 0.00885102 0.00854462 0.0130631 0.00845486 0.00954764 0.0112081 0.00924133 0.0111531 0.0133197 0.00948009 0.011403 0.0103543 0.00847944 0.00876881 0.0106557 0.00996504 0.00933346 0.0089355 0.0103369 0.00921003 0.00956183 0.00947544 0.0217894 0.00903891 0.014594 0.0271198 0.00883096 0.0163068 0.357186 0.00815829 0.0266937 0.00372269 0.00355449 0 0.00603434 0.00374362 0.00854252 0.0173548 0.0117364 0.013701 
0.00806017 0.00815614 0.00841575 0.0083597 0.00828064 0.00834494 0.00831579 0.00838449 0.00858954 0.00886403 0.00864716 0.00845484 0.00891073 0.0083897 0.00886413 0.00889382 0.00920159 0.00945944 0.00913635 0.0089723 0.00946603 0.0125099 0.010779 0.00918962 0.00865624 0.00844247 0.0088053 0.00875127 0.00988674 0.0090733 0.00925555 0.00941258 0.00900947 0.0088326 0.00949946 0.00939279 0.0125095 0.0115877 0.010774 0.0151765 0.0107802 0.0111674 0.0104579 0.00422741 0.00368019 0.00603434 0 0.00559496 0.0240234 0.0120843 0.0174354 0.0125657 
0.00835987 0.00831843 0.00820822 0.00906811 0.00857352 0.00827037 0.00821117 0.0082852 0.0112904 0.00873207 0.00844383 0.00841095 0.00840749 0.00846446 0.0111727 0.0089239 0.00867911 0.0119815 0.00892937 0.00911492 0.00912263 0.0102146 0.00990686 0.0123243 0.00850257 0.00848102 0.00857807 0.00871933 0.00883653 0.00884439 0.0113574 0.00945969 0.0089089 0.00898024 0.00876282 0.0101881 0.0111886 0.0141882 0.0125142 0.0115006 0.0166166 0.0136384 0.0102552 0.0204811 0.00792104 0.00374362 0.00559496 0 0.0558392 0.021976 0.0178147 0.0127991 
0.00844609 0.0082095 0.00853317 0.0097845 0.00831545 0.00821446 0.00814144 0.00878636 0.00929904 0.00860394 0.00847127 0.00818399 0.0088341 0.00859679 0.011546 0.00866039 0.00961719 0.0114557 0.00905818 0.0084842 0.0089626 0.00939473 0.0124079 0.0106752 0.0086537 0.00831612 0.00855483 0.00859123 0.00921907 0.00993307 0.0123311 0.0101662 0.00904552 0.00870151 0.00901639 0.0087781 0.0172277 0.0206654 0.0112232 0.0144879 0.0159033 0.0106719 0.0165207 0.0134936 0.00766821 0.00854252 0.0240234 0.0558392 0 0.0304108 0.0192871 0.0298457 
0.00884264 0.00829402 0.00941543 0.00868923 0.0089206 0.0085526 0.00858186 0.00901461 0.0101883 0.00868956 0.00893404 0.010301 0.00829096 0.015186 0.0088989 0.00869859 0.0105362 0.00940236 0.00848894 0.0123898 0.00889053 0.010838 0.0144476 0.0171064 0.00816684 0.0087973 0.00857112 0.00956311 0.00897077 0.0232199 0.00878669 0.00915606 0.0098302 0.0120029 0.00858737 0.0150957 0.0127015 0.0106508 0.0119344 0.0241821 0.0116886 0.012443 0.0128725 0.0148246 0.0142269 0.0173548 0.0120843 0.021976 0.0304108 0 0.00384606 0.0063109 
0.00820639 0.00878572 0.00854308 0.00829714 0.00841146 0.00864531 0.0084905 0.00832605 0.0083047 0.00904797 0.0101782 0.0086194 0.0105424 0.00818861 0.00934247 0.0114877 0.00856765 0.00853831 0.0122126 0.00945182 0.0119053 0.011733 0.00932119 0.00818593 0.00969755 0.0084191 0.00867103 0.00887749 0.0137985 0.00851647 0.00858728 0.00964344 0.00968846 0.00878146 0.0153143 0.00935323 0.0109709 0.0128073 0.0143482 0.00971319 0.0110556 0.0114233 0.0121453 0.0113369 0.0251829 0.0117364 0.0174354 0.0178147 0.0192871 0.00384606 0 0.00371357 
0.00887749 0.00829481 0.00868782 0.00951481 0.0084052 0.0084146 0.00834903 0.00844094 0.0107189 0.00884755 0.00857505 0.00911404 0.00830271 0.00990654 0.0123239 0.00927602 0.00922959 0.0151743 0.00879304 0.0103317 0.00913849 0.010452 0.0105046 0.0161607 0.00825745 0.00848612 0.00860573 0.00973455 0.00854763 0.0105607 0.012368 0.0093167 0.00886641 0.0110826 0.00860296 0.0108265 0.0122515 0.0154583 0.00996484 0.0135785 0.0172696 0.0101163 0.00946604 0.0262877 0.0103257 0.013701 0.0125657 0.0127991 0.0298457 0.0063109 0.00371357 0 
