1SU9A
SDAPNFVLEDTNGKRIELSDLKGKGVFLNFWGTWCEPCKKEFPYMANQYKHFKSQGVEIVAVNVGESKIAVHNFMKSYGVNFPVVLDTDRQVLDAYDVSPLPTTFLINPEGKVVKVVTGTMTESMIHDYMNLIKPGE
CECCCCEEEECCCCEEEHHHHCCCEEEEEEECCCCCHHHHHHHHHHHHHHHHHHHCEEEEEEEECCCHHHHHHHHHHCCCCCCEEEECCCHHHHHCCCCCCCEEEEECCCCEEEEEEECCCCHHHHHHHHHHHCCCC
0 0 0 0 0 0 0 0 0 0 0 0 0 0 0 0 0 0 0 0 0 0 0 0 0 0 0 0 0 0 0 0 0 0 0 0 0 0 0 0 0 0 0 0 0 0 0 0 0 0 0 0 0 0 0 0 0 0 0 0 0 0 0 0 0 0 0 0 0 0 0 0 0 0 0 0 0 0 0 0 0 0 0 0 0 0 0 0 0 0 0 0 0 0 0 0 0 0 0 0 0 0 0 0 0 0 0 0 0 0 0 0 0 0 0 0 0 0 0 0 0 0 0 0 0 0 0 0 0 0 0 0 0 0 0 0 0 
0 0 0 0 0 0 0 0 0 0 0 0 0 0 0 0 0 0 0 0 0 0 0 0 0 0 0 0 0 0 0 0 0 0 0 0 0 0 0 0 0 0 0 0 0 0 0 0 0 0 0 0 0 0 0 0 0 0 0 0 0 0 0 0 0 0 0 0 0 0 0 0 0 0 0 0 0 0 0 0 0 0 0 0 0 0 0 0 0 0 0 0 0 0 0 0 0 0 0 0 0 0 0 0 0 0 0 0 0 0 0 0 0 0 0 0 0 0 0 0 0 0 0 0 0 0 0 0 0 0 0 0 0 0 0 0 0 
0 0.0211052 0.00528699 0.00562329 0.00633369 0.0145696 0.0164155 0.0268632 0.0293946 0.0124734 0.0100799 0.00910136 0.00910269 0.0103888 0.0167245 0.0192063 0.0110162 0.00903699 0.00951212 0.00930186 0.00910071 0.0101637 0.0111766 0.0155117 0.00892892 0.00920829 0.0104143 0.0120012 0.00856398 0.00903772 0.00849432 0.010722 0.0107631 0.00837471 0.00860397 0.00830574 0.00843107 0.00814624 0.00959255 
0.0211052 0 0.00378588 0.00388805 0.00397185 0.0109785 0.00730875 0.943604 0.0179226 0.0120135 0.0118627 0.0095486 0.0121829 0.00944309 0.0412087 0.0109378 0.0220872 0.0102448 0.011823 0.013184 0.00985709 0.0168409 0.0111598 0.013387 0.00964909 0.0107325 0.0119134 0.0093399 0.00956575 0.00878713 0.0105255 0.0113426 0.00977057 0.0084749 0.00865877 0.00886078 0.00941962 0.00837636 0.0130146 
0.00528699 0.00378588 0 0.00356433 0.00358154 0.00427995 0.916042 0.00531248 0.01372 0.0165721 0.0126791 0.0260982 0.0089452 0.0609434 0.00863113 0.0128618 0.00995056 0.0301396 0.0147808 0.0122626 0.0265013 0.00912673 0.0117332 0.0101953 0.0120796 0.0101223 0.00886867 0.00871053 0.00901635 0.0129735 0.00988246 0.00995083 0.00818605 0.00867785 0.00900889 0.00937523 0.00853794 0.0104278 0.00845413 
0.00562329 0.00388805 0.00356433 0 0.00369865 0.922628 0.0081208 0.0107043 0.00863448 0.0121169 0.0164221 0.00924033 0.0411667 0.0101054 0.0129009 0.0093928 0.0230571 0.0115094 0.0144694 0.0201966 0.0105942 0.0216325 0.00858824 0.0103443 0.0109214 0.0113107 0.00844305 0.0086482 0.00930389 0.00940456 0.0126074 0.00883524 0.00872023 0.00873584 0.00850096 0.00871987 0.00949318 0.00828976 0.00855017 
0.00633369 0.00397185 0.00358154 0.00369865 0 0.0270673 0.00794898 0.00398075 0.0111138 0.0120866 0.00955109 0.0184833 0.00811363 0.0129922 0.0108496 0.0195192 0.00942604 0.0102773 0.0104078 0.00992664 0.0109704 0.00892234 0.013522 0.013487 0.00933203 0.00913709 0.0103014 0.0114031 0.00863875 0.00898459 0.00885854 0.0104582 0.00937949 0.00831481 0.00832987 0.00839397 0.00831196 0.00842891 0.00856846 
0.0145696 0.0109785 0.00427995 0.922628 0.0270673 0 0.00386531 0.00412784 0.0130834 0.0140965 0.046183 0.0106057 0.0134124 0.00735299 0.0235419 0.0115179 0.0158313 0.00973865 0.0101698 0.010943 0.00950251 0.012607 0.0107265 0.0131636 0.0092113 0.0103092 0.0109993 0.00931334 0.0090467 0.00859579 0.0092342 0.0100397 0.0101715 0.00838376 0.00853558 0.0085614 0.00885307 0.00838343 0.0113833 
0.0164155 0.00730875 0.916042 0.0081208 0.00794898 0.00386531 0 0.00358616 0.0151647 0.0494127 0.00832452 0.0102715 0.00600025 0.0189194 0.00661123 0.0200048 0.0138406 0.0150981 0.0107379 0.0104407 0.014191 0.0092895 0.0120323 0.012872 0.015618 0.0113032 0.00888674 0.0101474 0.00915753 0.00978549 0.0100833 0.0102576 0.00831599 0.0089095 0.00847868 0.00870382 0.00836511 0.0108017 0.00844857 
0.0268632 0.943604 0.00531248 0.0107043 0.00398075 0.00412784 0.00358616 0 0.048674 0.0122752 0.00580612 0.00502855 0.00675634 0.00628523 0.0120811 0.0178493 0.0175744 0.0100181 0.0112769 0.0143104 0.00967581 0.0155502 0.00977007 0.021094 0.010895 0.0103073 0.00995495 0.0132098 0.0107919 0.0091823 0.0110725 0.00945739 0.0152717 0.00873164 0.00918525 0.00891629 0.00963136 0.00836268 0.0101936 
0.0293946 0.0179226 0.01372 0.00863448 0.0111138 0.0130834 0.0151647 0.048674 0 0.00420567 0.00363324 0.00369322 0.00360398 0.00383516 0.00461705 0.55045 0.0150435 0.0180943 0.014168 0.0123788 0.0135955 0.0112257 0.0162317 0.0268545 0.0105438 0.0112672 0.0133529 0.011905 0.00918994 0.0100053 0.00970495 0.013162 0.00944773 0.00869032 0.00876772 0.0090521 0.00886571 0.00904639 0.0111591 
0.0124734 0.0120135 0.0165721 0.0121169 0.0120866 0.0140965 0.0494127 0.0122752 0.00420567 0 0.00361664 0.00362113 0.00361394 0.00359467 0.00378567 0.036248 0.674018 0.0265665 0.0441518 0.0363499 0.0338797 0.0152113 0.0115819 0.0264804 0.0439566 0.0159953 0.0102118 0.0112726 0.0184624 0.0193833 0.0181068 0.0122036 0.00891407 0.0102418 0.0105071 0.0119676 0.0107677 0.0103357 0.00921704 
0.0100799 0.0118627 0.0126791 0.0164221 0.00955109 0.046183 0.00832452 0.00580612 0.00363324 0.00361664 0 0.00380751 0.00359893 0.00360329 0.00364071 0.0404845 0.0591596 0.620557 0.0537161 0.145051 0.0410848 0.0273686 0.010612 0.0181627 0.0495156 0.0219077 0.00986527 0.00994459 0.0219853 0.0562887 0.0376476 0.011487 0.00885929 0.010436 0.0187194 0.0214843 0.0276381 0.0100911 0.00899423 
0.00910136 0.0095486 0.0260982 0.00924033 0.0184833 0.0106057 0.0102715 0.00502855 0.00369322 0.00362113 0.00380751 0 0.00355978 0.00357617 0.0035578 0.0239933 0.0509488 0.108567 0.626808 0.0420602 0.194428 0.0124467 0.0136377 0.0191793 0.0374408 0.0284825 0.0102286 0.0105419 0.016625 0.0837116 0.0264576 0.0164347 0.00862179 0.0108746 0.0173538 0.0290056 0.0184954 0.0143563 0.00887582 
0.00910269 0.0121829 0.0089452 0.0411667 0.00811363 0.0134124 0.00600025 0.00675634 0.00360398 0.00361394 0.00359893 0.00355978 0 0.00355103 0.00356253 0.0163882 0.0651467 0.115944 0.0464352 0.638123 0.0289463 0.0571543 0.00976385 0.0133593 0.0393878 0.0205799 0.00997824 0.00937319 0.0216886 0.0272687 0.0354866 0.0103057 0.00872405 0.00988552 0.0158288 0.0220845 0.0232829 0.00982711 0.00899877 
0.0103888 0.00944309 0.0609434 0.0101054 0.0129922 0.00735299 0.0189194 0.00628523 0.00383516 0.00359467 0.00360329 0.00357617 0.00355103 0 0.00357911 0.0187628 0.0358974 0.0625984 0.100595 0.0313694 0.50664 0.0264077 0.0314693 0.0124142 0.0199903 0.0347864 0.00990673 0.010789 0.0112946 0.0201054 0.022839 0.0155578 0.00852378 0.00974901 0.00945501 0.0109588 0.00967385 0.0112135 0.00883231 
0.0167245 0.0412087 0.00863113 0.0129009 0.0108496 0.0235419 0.00661123 0.0120811 0.00461705 0.00378567 0.00364071 0.0035578 0.00356253 0.00357911 0 0.0179093 0.0156474 0.0189162 0.0174408 0.0515028 0.0150636 0.308595 0.0318702 0.0196405 0.0105757 0.0121641 0.0128254 0.0125381 0.0101272 0.00975348 0.0150777 0.013041 0.0113979 0.00883909 0.00886847 0.00957732 0.00909135 0.00865097 0.0109132 
0.0192063 0.0109378 0.0128618 0.0093928 0.0195192 0.0115179 0.0200048 0.0178493 0.55045 0.036248 0.0404845 0.0239933 0.0163882 0.0187628 0.0179093 0 0.00406395 0.00361629 0.00361613 0.00366404 0.00373802 0.00372264 0.00795044 0.058735 0.0150113 0.0140003 0.0230238 0.0184123 0.0105561 0.0154159 0.0106468 0.0286594 0.010213 0.00931535 0.0103279 0.010261 0.00953332 0.0100545 0.0155594 
0.0110162 0.0220872 0.00995056 0.0230571 0.00942604 0.0158313 0.0138406 0.0175744 0.0150435 0.674018 0.0591596 0.0509488 0.0651467 0.0358974 0.0156474 0.00406395 0 0.00358059 0.00359269 0.00365505 0.00368455 0.00543765 0.00381237 0.066352 0.0940545 0.0264619 0.0110357 0.0131669 0.0370456 0.0214049 0.0620741 0.011336 0.0116283 0.0149458 0.0140698 0.0191218 0.0204832 0.0130199 0.0108235 
0.00903699 0.0102448 0.0301396 0.0115094 0.0102773 0.00973865 0.0150981 0.0100181 0.0180943 0.0265665 0.620557 0.108567 0.115944 0.0625984 0.0189162 0.00361629 0.00358059 0 0.0036054 0.00359804 0.0035499 0.0036291 0.00372393 0.0512886 0.05969 0.0367593 0.0115591 0.0128808 0.0228252 0.12404 0.0281705 0.020312 0.00975797 0.0152311 0.0270786 0.0388087 0.0344347 0.0180994 0.0101362 
0.00951212 0.011823 0.0147808 0.0144694 0.0104078 0.0101698 0.0107379 0.0112769 0.014168 0.0441518 0.0537161 0.626808 0.0464352 0.100595 0.0174408 0.00361613 0.00359269 0.0036054 0 0.00357416 0.00360265 0.00360479 0.00373279 0.0502807 0.0692911 0.0300852 0.0115288 0.0141186 0.0371618 0.0615891 0.0367784 0.0191987 0.00986578 0.0149319 0.0273308 0.04584 0.0325917 0.0142587 0.0100514 
0.00930186 0.013184 0.0122626 0.0201966 0.00992664 0.010943 0.0104407 0.0143104 0.0123788 0.0363499 0.145051 0.0420602 0.638123 0.0313694 0.0515028 0.00366404 0.00365505 0.00359804 0.00357416 0 0.00356161 0.00360891 0.00357415 0.224876 0.0850129 0.0387682 0.0122961 0.0121304 0.0395798 0.0472772 0.0792158 0.0167213 0.0101279 0.0143275 0.03603 0.0385353 0.0353182 0.0128357 0.0111963 
0.00910071 0.00985709 0.0265013 0.0105942 0.0109704 0.00950251 0.014191 0.00967581 0.0135955 0.0338797 0.0410848 0.194428 0.0289463 0.50664 0.0150636 0.00373802 0.00368455 0.0035499 0.00360265 0.00356161 0 0.00358944 0.00356243 0.0535572 0.271435 0.0577622 0.013725 0.0126967 0.0176186 0.132907 0.0277013 0.0238881 0.00956586 0.0165786 0.0221656 0.0323579 0.0222821 0.0153546 0.00963198 
0.0101637 0.0168409 0.00912673 0.0216325 0.00892234 0.012607 0.0092895 0.0155502 0.0112257 0.0152113 0.0273686 0.0124467 0.0571543 0.0264077 0.308595 0.00372264 0.00543765 0.0036291 0.00360479 0.00360891 0.00358944 0 0.00356599 0.0174287 0.0651961 0.307221 0.0161608 0.0106973 0.0254839 0.0129712 0.0632791 0.0127694 0.0141361 0.011061 0.0114543 0.0110551 0.0130974 0.010034 0.0104127 
0.0111766 0.0111598 0.0117332 0.00858824 0.013522 0.0107265 0.0120323 0.00977007 0.0162317 0.0115819 0.010612 0.0136377 0.00976385 0.0314693 0.0318702 0.00795044 0.00381237 0.00372393 0.00373279 0.00357415 0.00356243 0.00356599 0 0.0225668 0.0149676 0.0589792 0.311193 0.0233219 0.00960205 0.0123508 0.0119695 0.0339023 0.0129291 0.0097257 0.00944104 0.0099607 0.00899163 0.00988014 0.0100537 
0.0155117 0.013387 0.0101953 0.0103443 0.013487 0.0131636 0.012872 0.021094 0.0268545 0.0264804 0.0181627 0.0191793 0.0133593 0.0124142 0.0196405 0.058735 0.066352 0.0512886 0.0502807 0.224876 0.0535572 0.0174287 0.0225668 0 0.00364082 0.00366635 0.00396592 0.0948507 0.0532093 0.0225971 0.0166144 0.0370315 0.0175066 0.0134022 0.0135594 0.0136 0.0136057 0.0114446 0.0254007 
0.00892892 0.00964909 0.0120796 0.0109214 0.00933203 0.0092113 0.015618 0.010895 0.0105438 0.0439566 0.0495156 0.0374408 0.0393878 0.0199903 0.0105757 0.0150113 0.0940545 0.05969 0.0692911 0.0850129 0.271435 0.0651961 0.0149676 0.00364082 0 0.00402325 0.00358929 0.0747738 0.128398 0.0751936 0.0608585 0.0142974 0.0119547 0.022333 0.0155789 0.0218229 0.014616 0.0251028 0.0101665 
0.00920829 0.0107325 0.0101223 0.0113107 0.00913709 0.0103092 0.0113032 0.0103073 0.0112672 0.0159953 0.0219077 0.0284825 0.0205799 0.0347864 0.0121641 0.0140003 0.0264619 0.0367593 0.0300852 0.0387682 0.0577622 0.307221 0.0589792 0.00366635 0.00402325 0 0.00372162 0.0287085 0.0445063 0.0648793 0.110048 0.0265401 0.0127154 0.016895 0.0133109 0.0139367 0.0213873 0.016698 0.0128314 
0.0104143 0.0119134 0.00886867 0.00844305 0.0103014 0.0109993 0.00888674 0.00995495 0.0133529 0.0102118 0.00986527 0.0102286 0.00997824 0.00990673 0.0128254 0.0230238 0.0110357 0.0115591 0.0115288 0.0122961 0.013725 0.0161608 0.311193 0.00396592 0.00358929 0.00372162 0 0.0160214 0.0208159 0.0233865 0.0338217 0.0816049 0.0149107 0.0102022 0.00960266 0.0106075 0.00899601 0.0126215 0.0211197 
0.0120012 0.0093399 0.00871053 0.0086482 0.0114031 0.00931334 0.0101474 0.0132098 0.011905 0.0112726 0.00994459 0.0105419 0.00937319 0.010789 0.0125381 0.0184123 0.0131669 0.0128808 0.0141186 0.0121304 0.0126967 0.0106973 0.0233219 0.0948507 0.0747738 0.0287085 0.0160214 0 0.00385533 0.0036326 0.00364397 0.0037837 0.00560227 0.00603449 0.00694077 0.00729449 0.0447609 0.107434 0.458472 
0.00856398 0.00956575 0.00901635 0.00930389 0.00863875 0.0090467 0.00915753 0.0107919 0.00918994 0.0184624 0.0219853 0.016625 0.0216886 0.0112946 0.0101272 0.0105561 0.0370456 0.0228252 0.0371618 0.0395798 0.0176186 0.0254839 0.00960205 0.0532093 0.128398 0.0445063 0.0208159 0.00385533 0 0.00361211 0.00363385 0.00359179 0.00487454 0.00844447 0.00780839 0.0738176 0.151245 0.409469 0.0121481 
0.00903772 0.00878713 0.0129735 0.00940456 0.00898459 0.00859579 0.00978549 0.0091823 0.0100053 0.0193833 0.0562887 0.0837116 0.0272687 0.0201054 0.00975348 0.0154159 0.0214049 0.12404 0.0615891 0.0472772 0.132907 0.0129712 0.0123508 0.0225971 0.0751936 0.0648793 0.0233865 0.0036326 0.00361211 0 0.00361495 0.00359538 0.00471418 0.00759899 0.0608424 0.15924 0.448288 0.00971068 0.00949115 
0.00849432 0.0105255 0.00988246 0.0126074 0.00885854 0.0092342 0.0100833 0.0110725 0.00970495 0.0181068 0.0376476 0.0264576 0.0354866 0.022839 0.0150777 0.0106468 0.0620741 0.0281705 0.0367784 0.0792158 0.0277013 0.0632791 0.0119695 0.0166144 0.0608585 0.110048 0.0338217 0.00364397 0.00363385 0.00361495 0 0.00380562 0.0207288 0.161908 0.074213 0.370719 0.0106165 0.0234346 0.00971318 
0.010722 0.0113426 0.00995083 0.00883524 0.0104582 0.0100397 0.0102576 0.00945739 0.013162 0.0122036 0.011487 0.0164347 0.0103057 0.0155578 0.013041 0.0286594 0.011336 0.020312 0.0191987 0.0167213 0.0238881 0.0127694 0.0339023 0.0370315 0.0142974 0.0265401 0.0816049 0.0037837 0.00359179 0.00359538 0.00380562 0 0.149954 0.193505 0.0417167 0.0067517 0.0062876 0.00934509 0.0160264 
0.0107631 0.00977057 0.00818605 0.00872023 0.00937949 0.0101715 0.00831599 0.0152717 0.00944773 0.00891407 0.00885929 0.00862179 0.00872405 0.00852378 0.0113979 0.010213 0.0116283 0.00975797 0.00986578 0.0101279 0.00956586 0.0141361 0.0129291 0.0175066 0.0119547 0.0127154 0.0149107 0.00560227 0.00487454 0.00471418 0.0207288 0.149954 0 0.00481802 0.00361731 0.00366342 0.00376986 0.00392409 0.0111207 
0.00837471 0.0084749 0.00867785 0.00873584 0.00831481 0.00838376 0.0089095 0.00873164 0.00869032 0.0102418 0.010436 0.0108746 0.00988552 0.00974901 0.00883909 0.00931535 0.0149458 0.0152311 0.0149319 0.0143275 0.0165786 0.011061 0.0097257 0.0134022 0.022333 0.016895 0.0102022 0.00603449 0.00844447 0.00759899 0.161908 0.193505 0.00481802 0 0.00357631 0.00357785 0.00358349 0.00551747 0.00459617 
0.00860397 0.00865877 0.00900889 0.00850096 0.00832987 0.00853558 0.00847868 0.00918525 0.00876772 0.0105071 0.0187194 0.0173538 0.0158288 0.00945501 0.00886847 0.0103279 0.0140698 0.0270786 0.0273308 0.03603 0.0221656 0.0114543 0.00944104 0.0135594 0.0155789 0.0133109 0.00960266 0.00694077 0.00780839 0.0608424 0.074213 0.0417167 0.00361731 0.00357631 0 0.00358434 0.00356275 0.00363306 0.00373957 
0.00830574 0.00886078 0.00937523 0.00871987 0.00839397 0.0085614 0.00870382 0.00891629 0.0090521 0.0119676 0.0214843 0.0290056 0.0220845 0.0109588 0.00957732 0.010261 0.0191218 0.0388087 0.04584 0.0385353 0.0323579 0.0110551 0.0099607 0.0136 0.0218229 0.0139367 0.0106075 0.00729449 0.0738176 0.15924 0.370719 0.0067517 0.00366342 0.00357785 0.00358434 0 0.00359911 0.0035929 0.00370995 
0.00843107 0.00941962 0.00853794 0.00949318 0.00831196 0.00885307 0.00836511 0.00963136 0.00886571 0.0107677 0.0276381 0.0184954 0.0232829 0.00967385 0.00909135 0.00953332 0.0204832 0.0344347 0.0325917 0.0353182 0.0222821 0.0130974 0.00899163 0.0136057 0.014616 0.0213873 0.00899601 0.0447609 0.151245 0.448288 0.0106165 0.0062876 0.00376986 0.00358349 0.00356275 0.00359911 0 0.00360531 0.00365844 
0.00814624 0.00837636 0.0104278 0.00828976 0.00842891 0.00838343 0.0108017 0.00836268 0.00904639 0.0103357 0.0100911 0.0143563 0.00982711 0.0112135 0.00865097 0.0100545 0.0130199 0.0180994 0.0142587 0.0128357 0.0153546 0.010034 0.00988014 0.0114446 0.0251028 0.016698 0.0126215 0.107434 0.409469 0.00971068 0.0234346 0.00934509 0.00392409 0.00551747 0.00363306 0.0035929 0.00360531 0 0.00365914 
0.00959255 0.0130146 0.00845413 0.00855017 0.00856846 0.0113833 0.00844857 0.0101936 0.0111591 0.00921704 0.00899423 0.00887582 0.00899877 0.00883231 0.0109132 0.0155594 0.0108235 0.0101362 0.0100514 0.0111963 0.00963198 0.0104127 0.0100537 0.0254007 0.0101665 0.0128314 0.0211197 0.458472 0.0121481 0.00949115 0.00971318 0.0160264 0.0111207 0.00459617 0.00373957 0.00370995 0.00365844 0.00365914 0 
