1UFHB
IMLTPMQTEEFRSYLTYTTKHYAEEKVKAGTWLPEDAQLLSKQVFTDLLPRGLETPHHHLWSLKLNEKDIVGWLWIHAEPEHPQQEAFIYDFGLYEPYRGKGYAKQALAALDQAARSMGIRKLSLHVFAHNQTARKLYEQTGFQETDVVMSKKL
CEEEECCHHHHHHHHHHHHHHHHHHHHHCCCCCHHHHHHHHHHHHHHHCCCHHHCCCEEEEEEEEECCEEEEEEEEECCCCCCCCEEEEEEEEECHHHCCCCHHHHHHHHHHHHHHHHCCCEEEECCCCCCHHHHHHHHHCCCCCCCCCCCCCC
0 0 0 0 0 0 0 0 0 0 0 0 0 0 0 0 0 0 0 0 0 0 0 0 0 0 0 0 0 0 0 0 0 0 0 0 0 0 0 0 0 0 0 0 0 0 0 0 0 0 0 0 0 0 0 0 0 0 0 0 0 0 0 0 0 0 0 0 0 0 0 0 0 0 0 0 0 0 0 0 0 0 0 0 0 0 0 0 0 0 0 0 0 0 0 0 0 0 0 0 0 0 0 0 0 0 0 0 0 0 0 0 0 0 0 0 0 0 0 0 0 0 0 0 0 0 0 0 0 0 0 0 0 0 0 0 0 0 0 0 0 0 0 0 0 0 0 0 0 0 0 0 0 0 
0 0 0 0 0 0 0 0 0 0 0 0 0 0 0 0 0 0 0 0 0 0 0 0 0 0 0 0 0 0 0 0 0 0 0 0 0 0 0 0 0 0 0 0 0 0 0 0 0 0 0 0 0 0 0 0 0 0 0 0 0 0 0 0 0 0 0 0 0 0 0 0 0 0 0 0 0 0 0 0 0 0 0 0 0 0 0 0 0 0 0 0 0 0 0 0 0 0 0 0 0 0 0 0 0 0 0 0 0 0 0 0 0 0 0 0 0 0 0 0 0 0 0 0 0 0 0 0 0 0 0 0 0 0 0 0 0 0 0 0 0 0 0 0 0 0 0 0 0 0 0 0 0 0 
0 0.00444879 0.00398041 0.00588507 0.0562612 0.0141748 0.0125385 0.0144042 0.0167384 0.0112993 0.0139673 0.0103099 0.0137044 0.0110614 0.0109997 0.0103094 0.0119081 0.011632 0.0104994 0.0122715 0.0102971 0.0143629 0.010373 0.00920888 0.0100933 0.00946412 0.00980209 0.00915337 0.00966165 0.00965081 0.0114861 0.00887659 0.00842229 0.00879637 0.00921972 
0.00444879 0 0.00390828 0.00375252 0.0201973 0.0277757 0.0219713 0.0230271 0.015302 0.0180062 0.012565 0.0126011 0.0101351 0.0107354 0.0109935 0.0130884 0.0145756 0.0124475 0.0132417 0.0126321 0.0131665 0.0100095 0.00882985 0.00998819 0.0095088 0.0104609 0.00932959 0.00955822 0.00999632 0.0105325 0.00955928 0.00854357 0.00858543 0.00853312 0.00841795 
0.00398041 0.00390828 0 0.00382274 0.0120343 0.016038 0.0360026 0.017938 0.0253433 0.0152648 0.0156329 0.0150341 0.00882172 0.00968631 0.0101724 0.0133137 0.0127344 0.0143328 0.0121377 0.0137359 0.0152649 0.0093374 0.00868089 0.00992248 0.00939402 0.00958982 0.00941291 0.00987909 0.010776 0.0116287 0.00917826 0.00845327 0.00862479 0.0084477 0.00824575 
0.00588507 0.00375252 0.00382274 0 0.0135586 0.0121308 0.0112407 0.0210825 0.0150777 0.0140956 0.014179 0.0122785 0.0237227 0.0142391 0.0106953 0.0106367 0.0119836 0.0110914 0.0110785 0.0103143 0.00982643 0.012575 0.0136188 0.00915742 0.00951439 0.00875903 0.00903134 0.00882168 0.00896279 0.00972203 0.00990427 0.00929614 0.00853999 0.00839238 0.00846324 
0.0562612 0.0201973 0.0120343 0.0135586 0 0.00390021 0.00361242 0.0036115 0.00369836 0.00376061 0.00393832 0.00470242 0.00548398 0.00737966 0.00621302 0.00692704 0.00737241 0.00813952 0.00802128 0.0150853 0.0774861 0.664241 0.0160579 0.0123206 0.00868488 0.0122125 0.00901366 0.00920993 0.0102873 0.00951509 0.0322646 0.0108092 0.0091981 0.00875011 0.0130733 
0.0141748 0.0277757 0.016038 0.0121308 0.00390021 0 0.00357008 0.00357178 0.00358166 0.00359842 0.00368528 0.00383185 0.00392206 0.00562047 0.00770067 0.00664055 0.00874317 0.00783273 0.00878186 0.081814 0.65036 0.0665825 0.00956127 0.00984308 0.0199602 0.00897051 0.0133514 0.011153 0.0101054 0.0325075 0.00933948 0.00900452 0.00948254 0.0102626 0.00852514 
0.0125385 0.0219713 0.0360026 0.0112407 0.00361242 0.00357008 0 0.0035553 0.003567 0.00357738 0.00360507 0.00357696 0.00385025 0.00593362 0.00638695 0.00898551 0.00864415 0.0109355 0.0882422 0.655426 0.0796333 0.00990963 0.0089887 0.016198 0.0102337 0.0252734 0.011183 0.0168965 0.0361597 0.0138688 0.0111066 0.00910473 0.0122832 0.00938009 0.00898479 
0.0144042 0.0230271 0.017938 0.0210825 0.0036115 0.00357178 0.0035553 0 0.00355318 0.00355987 0.0035731 0.00352448 0.0035799 0.00536759 0.00713724 0.00739382 0.0147098 0.0930931 0.706414 0.0894144 0.0140679 0.00919952 0.00945118 0.0116382 0.0196779 0.0131705 0.0183173 0.0244005 0.0221557 0.0179041 0.0115228 0.0100241 0.0105735 0.00953315 0.00931306 
0.0167384 0.015302 0.0253433 0.0150777 0.00369836 0.00358166 0.003567 0.00355318 0 0.00355486 0.00359178 0.00358276 0.00359004 0.00453594 0.00705388 0.00725496 0.0891334 0.747524 0.138828 0.0189126 0.0115288 0.00948702 0.00921557 0.0115414 0.0207874 0.0145284 0.0252182 0.0243722 0.017965 0.0242583 0.0120084 0.00981916 0.0100027 0.0114244 0.00896884 
0.0112993 0.0180062 0.0152648 0.0140956 0.00376061 0.00359842 0.00357738 0.00355987 0.00355486 0 0.00355229 0.00357715 0.00356217 0.0040394 0.00674171 0.0606842 0.663458 0.148417 0.012542 0.00983432 0.0123909 0.00784898 0.00922536 0.0175366 0.0120259 0.0320753 0.0143017 0.016227 0.0302422 0.0163733 0.0124357 0.00936985 0.0123736 0.00932737 0.00944926 
0.0139673 0.012565 0.0156329 0.014179 0.00393832 0.00368528 0.00360507 0.0035731 0.00359178 0.00355229 0 0.00354858 0.00355185 0.0051189 0.111292 0.429998 0.16826 0.0106192 0.00771081 0.0146198 0.00884944 0.00860677 0.00962369 0.00983374 0.0327824 0.0106482 0.0154425 0.0197107 0.0140317 0.0207347 0.0101142 0.010949 0.00952155 0.0127617 0.0087744 
0.0103099 0.0126011 0.0150341 0.0122785 0.00470242 0.00383185 0.00357696 0.00352448 0.00358276 0.00357715 0.00354858 0 0.00360145 0.0403419 0.656534 0.0107841 0.00563328 0.00655825 0.00789707 0.00828332 0.0100441 0.00673891 0.00904302 0.0319988 0.00928203 0.0122563 0.00897557 0.0101678 0.0119696 0.0142199 0.0115299 0.00921961 0.011178 0.00932482 0.00940754 
0.0137044 0.0101351 0.00882172 0.0237227 0.00548398 0.00392206 0.00385025 0.0035799 0.00359004 0.00356217 0.00355185 0.00360145 0 0.926881 0.00485268 0.00371727 0.00473756 0.00427909 0.00502732 0.00537821 0.00640726 0.00635952 0.0213971 0.00911006 0.00903686 0.0084961 0.00848629 0.00870737 0.00850494 0.0101783 0.013289 0.0116187 0.00864069 0.00885219 0.00878336 
0.0110614 0.0107354 0.00968631 0.0142391 0.00737966 0.00562047 0.00593362 0.00536759 0.00453594 0.0040394 0.0051189 0.0403419 0.926881 0 0.00362246 0.00355998 0.00358497 0.00356613 0.00359222 0.00369332 0.0040456 0.00700244 0.0104622 0.00908589 0.00839537 0.010306 0.00832576 0.00960374 0.00965106 0.0193058 0.118819 0.0133191 0.010271 0.00937654 0.0142733 
0.0109997 0.0109935 0.0101724 0.0106953 0.00621302 0.00770067 0.00638695 0.00713724 0.00705388 0.00674171 0.111292 0.656534 0.00485268 0.00362246 0 0.00356512 0.00358044 0.0036901 0.0035468 0.00379773 0.00406929 0.00432081 0.00841194 0.00903828 0.0147176 0.00870902 0.0133401 0.0102387 0.0140342 0.115135 0.0125495 0.00986971 0.0116639 0.0114699 0.00903223 
0.0103094 0.0130884 0.0133137 0.0106367 0.00692704 0.00664055 0.00898551 0.00739382 0.00725496 0.0606842 0.429998 0.0107841 0.00371727 0.00355998 0.00356512 0 0.00355565 0.00357749 0.00358431 0.00360805 0.00369813 0.00363521 0.00720085 0.0106926 0.00896978 0.0249281 0.00956213 0.0370586 0.100877 0.0349643 0.012674 0.00965894 0.0106566 0.010653 0.00895418 
0.0119081 0.0145756 0.0127344 0.0119836 0.00737241 0.00874317 0.00864415 0.0147098 0.0891334 0.663458 0.16826 0.00563328 0.00473756 0.00358497 0.00358044 0.00355565 0 0.0035517 0.00350819 0.00356708 0.00358765 0.00361828 0.00826888 0.00853287 0.0193365 0.0107804 0.0464144 0.0980464 0.0442735 0.021689 0.0884353 0.010142 0.0125173 0.0117523 0.00988352 
0.011632 0.0124475 0.0143328 0.0110914 0.00813952 0.00783273 0.0109355 0.0930931 0.747524 0.148417 0.0106192 0.00655825 0.00427909 0.00356613 0.0036901 0.00357749 0.0035517 0 0.00354602 0.00355453 0.00355541 0.00359161 0.00739181 0.0103741 0.0134484 0.0844594 0.11531 0.0999743 0.0326914 0.122938 0.0109987 0.0102243 0.0111368 0.0140138 0.00923153 
0.0104994 0.0132417 0.0121377 0.0110785 0.00802128 0.00878186 0.0882422 0.706414 0.138828 0.012542 0.00771081 0.00789707 0.00502732 0.00359222 0.0035468 0.00358431 0.00350819 0.00354602 0 0.00355249 0.00355774 0.00356357 0.00688631 0.00945576 0.0692588 0.0990697 0.065845 0.0140831 0.117041 0.0135008 0.0106281 0.00977312 0.0129235 0.0108234 0.00972401 
0.0122715 0.0126321 0.0137359 0.0103143 0.0150853 0.081814 0.655426 0.0894144 0.0189126 0.00983432 0.0146198 0.00828332 0.00537821 0.00369332 0.00379773 0.00360805 0.00356708 0.00355453 0.00355249 0 0.0035652 0.00356633 0.00763564 0.0298848 0.158992 0.0370569 0.0260796 0.0915388 0.0123626 0.0235606 0.00927468 0.0113387 0.0112924 0.018241 0.00952514 
0.0102971 0.0131665 0.0152649 0.00982643 0.0774861 0.65036 0.0796333 0.0140679 0.0115288 0.0123909 0.00884944 0.0100441 0.00640726 0.0040456 0.00406929 0.00369813 0.00358765 0.00355541 0.00355774 0.0035652 0 0.00355896 0.0198805 0.153036 0.0265056 0.0358959 0.0123005 0.00992389 0.0128963 0.0209457 0.0145507 0.0103117 0.0129335 0.0128186 0.010964 
0.0143629 0.0100095 0.0093374 0.012575 0.664241 0.0665825 0.00990963 0.00919952 0.00948702 0.00784898 0.00860677 0.00673891 0.00635952 0.00700244 0.00432081 0.00363521 0.00361828 0.00359161 0.00356357 0.00356633 0.00355896 0 0.131205 0.0191236 0.0258009 0.00786199 0.00768424 0.00823435 0.00833058 0.0174423 0.0141681 0.0148552 0.00915408 0.0102777 0.00966607 
0.010373 0.00882985 0.00868089 0.0136188 0.0160579 0.00956127 0.0089887 0.00945118 0.00921557 0.00922536 0.00962369 0.00904302 0.0213971 0.0104622 0.00841194 0.00720085 0.00826888 0.00739181 0.00688631 0.00763564 0.0198805 0.131205 0 0.00373103 0.003615 0.00357254 0.0037138 0.00356297 0.0037027 0.00444364 0.00635693 0.110543 0.010489 0.010566 0.0138113 
0.00920888 0.00998819 0.00992248 0.00915742 0.0123206 0.00984308 0.016198 0.0116382 0.0115414 0.0175366 0.00983374 0.0319988 0.00911006 0.00908589 0.00903828 0.0106926 0.00853287 0.0103741 0.00945576 0.0298848 0.153036 0.0191236 0.00373103 0 0.00356712 0.00356395 0.00356967 0.00356783 0.00369769 0.00443895 0.00446091 0.0173101 0.117135 0.011163 0.0116544 
0.0100933 0.0095088 0.00939402 0.00951439 0.00868488 0.0199602 0.0102337 0.0196779 0.0207874 0.0120259 0.0327824 0.00928203 0.00903686 0.00839537 0.0147176 0.00896978 0.0193365 0.0134484 0.0692588 0.158992 0.0265056 0.0258009 0.003615 0.00356712 0 0.0035287 0.00358095 0.00360196 0.00362815 0.00394717 0.00470224 0.0189763 0.0126176 0.036324 0.00894204 
0.00946412 0.0104609 0.00958982 0.00875903 0.0122125 0.00897051 0.0252734 0.0131705 0.0145284 0.0320753 0.0106482 0.0122563 0.0084961 0.010306 0.00870902 0.0249281 0.0107804 0.0844594 0.0990697 0.0370569 0.0358959 0.00786199 0.00357254 0.00356395 0.0035287 0 0.00356031 0.00357594 0.00358873 0.00355587 0.00375788 0.0166133 0.0188 0.0105401 0.0109346 
0.00980209 0.00932959 0.00941291 0.00903134 0.00901366 0.0133514 0.011183 0.0183173 0.0252182 0.0143017 0.0154425 0.00897557 0.00848629 0.00832576 0.0133401 0.00956213 0.0464144 0.11531 0.065845 0.0260796 0.0123005 0.00768424 0.0037138 0.00356967 0.00358095 0.00356031 0 0.00356742 0.00355981 0.00352534 0.00360205 0.0167005 0.0151436 0.0108857 0.0104672 
0.00915337 0.00955822 0.00987909 0.00882168 0.00920993 0.011153 0.0168965 0.0244005 0.0243722 0.016227 0.0197107 0.0101678 0.00870737 0.00960374 0.0102387 0.0370586 0.0980464 0.0999743 0.0140831 0.0915388 0.00992389 0.00823435 0.00356297 0.00356783 0.00360196 0.00357594 0.00356742 0 0.00355021 0.00357803 0.00356054 0.0512515 0.0150797 0.0197146 0.00953243 
0.00966165 0.00999632 0.010776 0.00896279 0.0102873 0.0101054 0.0361597 0.0221557 0.017965 0.0302422 0.0140317 0.0119696 0.00850494 0.00965106 0.0140342 0.100877 0.0442735 0.0326914 0.117041 0.0123626 0.0128963 0.00833058 0.0037027 0.00369769 0.00362815 0.00358873 0.00355981 0.00355021 0 0.00356406 0.00355578 0.0176602 0.0628605 0.0133133 0.0112184 
0.00965081 0.0105325 0.0116287 0.00972203 0.00951509 0.0325075 0.0138688 0.0179041 0.0242583 0.0163733 0.0207347 0.0142199 0.0101783 0.0193058 0.115135 0.0349643 0.021689 0.122938 0.0135008 0.0235606 0.0209457 0.0174423 0.00444364 0.00443895 0.00394717 0.00355587 0.00352534 0.00357803 0.00356406 0 0.00366092 0.0192424 0.0204418 0.163259 0.0131262 
0.0114861 0.00955928 0.00917826 0.00990427 0.0322646 0.00933948 0.0111066 0.0115228 0.0120084 0.0124357 0.0101142 0.0115299 0.013289 0.118819 0.0125495 0.012674 0.0884353 0.0109987 0.0106281 0.00927468 0.0145507 0.0141681 0.00635693 0.00446091 0.00470224 0.00375788 0.00360205 0.00356054 0.00355578 0.00366092 0 0.0153737 0.0108935 0.0234149 0.117794 
0.00887659 0.00854357 0.00845327 0.00929614 0.0108092 0.00900452 0.00910473 0.0100241 0.00981916 0.00936985 0.010949 0.00921961 0.0116187 0.0133191 0.00986971 0.00965894 0.010142 0.0102243 0.00977312 0.0113387 0.0103117 0.0148552 0.110543 0.0173101 0.0189763 0.0166133 0.0167005 0.0512515 0.0176602 0.0192424 0.0153737 0 0.00472272 0.00363116 0.00675482 
0.00842229 0.00858543 0.00862479 0.00853999 0.0091981 0.00948254 0.0122832 0.0105735 0.0100027 0.0123736 0.00952155 0.011178 0.00864069 0.010271 0.0116639 0.0106566 0.0125173 0.0111368 0.0129235 0.0112924 0.0129335 0.00915408 0.010489 0.117135 0.0126176 0.0188 0.0151436 0.0150797 0.0628605 0.0204418 0.0108935 0.00472272 0 0.0148399 0.00415496 
0.00879637 0.00853312 0.0084477 0.00839238 0.00875011 0.0102626 0.00938009 0.00953315 0.0114244 0.00932737 0.0127617 0.00932482 0.00885219 0.00937654 0.0114699 0.010653 0.0117523 0.0140138 0.0108234 0.018241 0.0128186 0.0102777 0.010566 0.011163 0.036324 0.0105401 0.0108857 0.0197146 0.0133133 0.163259 0.0234149 0.00363116 0.0148399 0 0.00356998 
0.00921972 0.00841795 0.00824575 0.00846324 0.0130733 0.00852514 0.00898479 0.00931306 0.00896884 0.00944926 0.0087744 0.00940754 0.00878336 0.0142733 0.00903223 0.00895418 0.00988352 0.00923153 0.00972401 0.00952514 0.010964 0.00966607 0.0138113 0.0116544 0.00894204 0.0109346 0.0104672 0.00953243 0.0112184 0.0131262 0.117794 0.00675482 0.00415496 0.00356998 0 
