1USIA
DDIKVAVVGAMSGPIAQWGDMEFNGARQAIKDINAKGGIKGDKLVGVEYDDACDPKQAVAVANKIVNDGIKYVIGHLCSSSTQPASDIYEDEGILMISPGATNPELTQRGYQHIMRTAGLDSSQGPTAAKYILETVKPQRIAIIHDKQQYGEGLARSVQDGLKAANANVVFFDGITAGEKDFSALIARLKKENIDFVYYGGYYPEMGQMLRQARSVGLKTQFMGPEGVGNASLSNIAGDAAEGMLVTMPKRYDQDPANQGIVDALKADKKDPSGPYVWITYAAVQSLATALERTGSDEPLALVKDLKANGANTVIGPLNWDEKGDLKGFDFGVFQWHADGSSTKA
CCEEEEEEECCCCCCHHHHHHHHHHHHHHHHHHHHCCCECCECEEEEEEECCCCHHHHHHHHHHHHHCCCCEEECCCCHHHHHHHHHHHHHHCCEEEECCCCCHHHHCCCCCCEEECCCCHHHHHHHHHHHHHHCCCCCCEEEEECCCHHHHHHHHHHHHHHHHCCCCEEEEEECCCCCCCCHHHHHHHHHCCCCEEEEECCHHHHHHHHHHHHHCCCCCEEEECHHHCCHHHHHHHHHHHCCCEEEECCCHHHCHHHHHHHHHHHHCCCCCCCHHHHHHHHHHHHHHHHHHHHCCCCHHHHHHHHHHHCEEECCEEECECCCCCECCCCCEEEEECCCCCEEEC
0 0 0 0 0 0 0 0 0 0 0 0 0 0 0 0 0 0 0 0 0 0 0 0 0 0 0 0 0 0 0 0 0 0 0 0 0 0 0 0 0 0 0 0 0 0 0 0 0 0 0 0 0 0 0 0 0 0 0 0 0 0 0 0 0 0 0 0 0 0 0 0 0 0 0 0 0 0 0 0 0 0 0 0 0 0 0 0 0 0 0 0 0 0 0 0 0 0 0 0 0 0 0 0 0 0 0 0 0 0 0 0 0 0 0 0 0 0 0 0 0 0 0 0 0 0 0 0 0 0 0 0 0 0 0 0 0 0 0 0 0 0 0 0 0 0 0 0 0 0 0 0 0 0 0 0 0 0 0 0 0 0 0 0 0 0 0 0 0 0 0 0 0 0 0 0 0 0 0 0 0 0 0 0 0 0 0 0 0 0 0 0 0 0 0 0 0 0 0 0 0 0 0 0 0 0 0 0 0 0 0 0 0 0 0 0 0 0 0 0 0 0 0 0 0 0 0 0 0 0 0 0 0 0 0 0 0 0 0 0 0 0 0 0 0 0 0 0 0 0 0 0 0 0 0 0 0 0 0 0 0 0 0 0 0 0 0 0 0 0 0 0 0 0 0 0 0 0 0 0 0 0 0 0 0 0 0 0 0 0 0 0 0 0 0 0 0 0 0 0 0 0 0 0 0 0 0 0 0 0 0 0 0 0 0 0 0 0 0 0 0 0 0 0 0 0 0 0 0 0 0 0 0 0 0 0 0 0 0 0 0 0 0 0 0 
0 0 0 0 0 0 0 0 0 0 0 0 0 0 0 0 0 0 0 0 0 0 0 0 0 0 0 0 0 0 0 0 0 0 0 0 0 0 0 0 0 0 0 0 0 0 0 0 0 0 0 0 0 0 0 0 0 0 0 0 0 0 0 0 0 0 0 0 0 0 0 0 0 0 0 0 0 0 0 0 0 0 0 0 0 0 0 0 0 0 0 0 0 0 0 0 0 0 0 0 0 0 0 0 0 0 0 0 0 0 0 0 0 0 0 0 0 0 0 0 0 0 0 0 0 0 0 0 0 0 0 0 0 0 0 0 0 0 0 0 0 0 0 0 0 0 0 0 0 0 0 0 0 0 0 0 0 0 0 0 0 0 0 0 0 0 0 0 0 0 0 0 0 0 0 0 0 0 0 0 0 0 0 0 0 0 0 0 0 0 0 0 0 0 0 0 0 0 0 0 0 0 0 0 0 0 0 0 0 0 0 0 0 0 0 0 0 0 0 0 0 0 0 0 0 0 0 0 0 0 0 0 0 0 0 0 0 0 0 0 0 0 0 0 0 0 0 0 0 0 0 0 0 0 0 0 0 0 0 0 0 0 0 0 0 0 0 0 0 0 0 0 0 0 0 0 0 0 0 0 0 0 0 0 0 0 0 0 0 0 0 0 0 0 0 0 0 0 0 0 0 0 0 0 0 0 0 0 0 0 0 0 0 0 0 0 0 0 0 0 0 0 0 0 0 0 0 0 0 0 0 0 0 0 0 0 0 0 0 0 0 0 0 0 0 
0 0.0038087 0.00388216 0.00378044 0.00391716 0.00404396 0.00698099 0.0563829 0.0219651 0.126205 0.0130138 0.0140972 0.0133461 0.00925126 0.0207958 0.0147772 0.056693 0.0113564 0.0219557 0.0129793 0.00916798 0.0116577 0.0101738 0.00959153 0.00851262 0.0112401 0.0186136 0.00981689 0.00915563 0.00890902 0.0098568 0.0127223 0.00835377 0.00852842 0.00869615 0.00820042 0.00878551 0.00988466 0.00861658 0.00872828 0.00853844 0.00863024 0.00819906 0.00852419 0.00835374 0.00845397 0.0084112 0.00848068 0.008541 0.00884031 0.00965062 0.00849468 0.00980593 0.0098741 0.00837292 0.0110459 0.0132105 0.0128173 0.00889998 0.00916495 0.009188 0.00846932 0.0104684 0.0121805 0.0100216 0.0120835 
0.0038087 0 0.00357242 0.00363708 0.00364537 0.00378401 0.00378259 0.00969335 0.0101213 0.00979302 0.131391 0.0110867 0.0100471 0.0221643 0.0100664 0.011757 0.0133559 0.0256016 0.00939419 0.00993702 0.0163638 0.00937166 0.0095074 0.00890954 0.00886946 0.0088657 0.00866739 0.0109568 0.0102085 0.00911332 0.00854109 0.00826844 0.0090287 0.00877741 0.00839447 0.00866455 0.00824993 0.00840745 0.0086516 0.00867764 0.00857397 0.008225 0.00848112 0.00836102 0.00831317 0.0082399 0.00831534 0.00843263 0.0084639 0.00837209 0.00822614 0.00874656 0.00847346 0.00833306 0.00880004 0.00834821 0.00834491 0.00860889 0.00935596 0.00861457 0.00855073 0.00902154 0.00842016 0.008704 0.00925528 0.00909907 
0.00388216 0.00357242 0 0.00359827 0.0036877 0.00362607 0.00361065 0.0172892 0.0103769 0.0271202 0.0124301 0.120119 0.0225637 0.0135994 0.021799 0.0093757 0.0393006 0.0125092 0.0170465 0.0113631 0.0162299 0.0198755 0.00906217 0.00942298 0.00952368 0.00947056 0.0106632 0.0101236 0.0152738 0.010716 0.00876698 0.00948941 0.00873847 0.00917486 0.00956044 0.00866446 0.00844182 0.00882802 0.00898667 0.00934098 0.00880413 0.00845188 0.00824277 0.00901139 0.00845272 0.00834452 0.00846425 0.00882866 0.00858678 0.00836355 0.00863119 0.00853322 0.00848179 0.00861266 0.0084291 0.00891833 0.00893342 0.00893438 0.00862987 0.00883718 0.00893919 0.00872559 0.00890052 0.00938019 0.00888612 0.0094981 
0.00378044 0.00363708 0.00359827 0 0.00357152 0.00358673 0.00359375 0.0112084 0.00992326 0.0124953 0.0377198 0.0231189 0.133549 0.0292131 0.0106021 0.0114731 0.0176499 0.0274179 0.0133348 0.0126299 0.0377281 0.0134227 0.0101328 0.00974062 0.00995554 0.00968674 0.00953648 0.0147117 0.0164017 0.0109358 0.00901633 0.00866245 0.00884556 0.00929111 0.00913044 0.00886337 0.00836906 0.00867013 0.00905272 0.0094975 0.00891647 0.0083404 0.00827761 0.00860279 0.0085005 0.00835907 0.00843705 0.00858791 0.00864537 0.00834568 0.00824914 0.0085068 0.00844772 0.0083055 0.00846715 0.00848878 0.00838131 0.00847043 0.00863572 0.00869506 0.0087464 0.00869849 0.00847704 0.0085749 0.00872412 0.00885169 
0.00391716 0.00364537 0.0036877 0.00357152 0 0.00361064 0.00357439 0.0116936 0.00952806 0.0162269 0.0195267 0.0437474 0.0280293 0.104535 0.0146306 0.0115638 0.0188365 0.0230941 0.0233921 0.0118468 0.0260913 0.0235168 0.0100436 0.00970682 0.010943 0.00988717 0.00941299 0.0116653 0.0217049 0.0117583 0.00907017 0.00871094 0.00915868 0.00970301 0.00927838 0.0089406 0.00853829 0.00885138 0.00930846 0.0103907 0.00908081 0.00839078 0.00834997 0.00896581 0.00860314 0.00837699 0.00854824 0.00896808 0.00875598 0.00845706 0.00830025 0.00869818 0.00848601 0.00847183 0.00860833 0.00865436 0.00844636 0.00850821 0.00864987 0.00887991 0.0089696 0.00885125 0.00858212 0.00865172 0.00886394 0.00884096 
0.00404396 0.00378401 0.00362607 0.00358673 0.00361064 0 0.00361121 0.0150801 0.0111823 0.011123 0.0199107 0.0152317 0.0173457 0.0128696 0.130852 0.0129476 0.0142848 0.0489252 0.0208819 0.0105429 0.0187343 0.0285275 0.0107516 0.00959618 0.0131155 0.00983317 0.00918385 0.0108329 0.0137016 0.0123218 0.0088811 0.00854641 0.00890991 0.00895217 0.00885234 0.0085645 0.00831645 0.00865987 0.00892158 0.0091446 0.00883722 0.00833112 0.00829639 0.00869463 0.00845925 0.00828221 0.00845062 0.00864037 0.00857301 0.00834957 0.0082584 0.00879543 0.00837184 0.0083755 0.00862056 0.00847228 0.00833053 0.00869112 0.00861857 0.00868733 0.00875592 0.00879531 0.00846218 0.00867211 0.00887647 0.00866516 
0.00698099 0.00378259 0.00361065 0.00359375 0.00357439 0.00361121 0 0.0287615 0.0140394 0.0207548 0.0120248 0.0114596 0.00962203 0.0123378 0.0148878 0.0849664 0.0161134 0.0115742 0.0306091 0.0138 0.0106698 0.0102666 0.0100396 0.0109857 0.00911204 0.0101893 0.00965396 0.00921569 0.00945676 0.00914129 0.00906996 0.00862771 0.00840911 0.00857377 0.00834211 0.0082627 0.00838926 0.00863586 0.0085048 0.00878565 0.00832432 0.00833761 0.00821601 0.00837783 0.00821258 0.00827322 0.00848537 0.00833447 0.00832854 0.00830362 0.00843761 0.00839087 0.00830131 0.00842827 0.00837213 0.00838302 0.0084123 0.00910183 0.00870109 0.00840387 0.00839595 0.00832633 0.00833293 0.00966687 0.00857505 0.00886507 
0.0563829 0.00969335 0.0172892 0.0112084 0.0116936 0.0150801 0.0287615 0 0.949996 0.00575584 0.0080081 0.0047454 0.00595208 0.00561376 0.00976576 0.00910632 0.0170844 0.0116244 0.0163316 0.0118917 0.00887142 0.00971819 0.0113385 0.0102394 0.00867791 0.011783 0.0108079 0.00842121 0.00837406 0.00854626 0.0102774 0.00975708 0.00822742 0.00818752 0.00819406 0.0081338 0.00929843 0.00865838 0.00819443 0.00812356 0.0081762 0.0088703 0.00825614 0.00810878 0.0080864 0.00868583 0.00838143 0.00812529 0.00816103 0.00872656 0.00869674 0.00822355 0.00874183 0.00857926 0.00825525 0.00898237 0.0116379 0.0114409 0.00862056 0.00839 0.00838323 0.00821471 0.00914995 0.00987494 0.00852084 0.00973862 
0.0219651 0.0101213 0.0103769 0.00992326 0.00952806 0.0111823 0.0140394 0.949996 0 0.0049424 0.00524614 0.00371844 0.00369905 0.00395149 0.00517896 0.00615707 0.0206933 0.00989988 0.0129175 0.0121375 0.00861427 0.00897153 0.0105331 0.00923062 0.00824455 0.0118868 0.00998996 0.00836935 0.00821835 0.0084397 0.0108163 0.00891089 0.00805186 0.0081052 0.00803259 0.00802073 0.00884097 0.00840036 0.00803684 0.00807839 0.00808005 0.00834105 0.00816596 0.00800013 0.00802635 0.00834601 0.00813442 0.00806195 0.00810712 0.00832167 0.00824297 0.0081544 0.00839738 0.00828483 0.00820996 0.00846898 0.00987663 0.00969649 0.00851964 0.00831788 0.00819912 0.00820327 0.00852723 0.00973616 0.00844412 0.00915473 
0.126205 0.00979302 0.0271202 0.0124953 0.0162269 0.011123 0.0207548 0.00575584 0.0049424 0 0.00369359 0.00360658 0.00484606 0.00359132 0.00493192 0.00372006 0.0863278 0.010613 0.0183833 0.013197 0.00967958 0.0104893 0.0120068 0.0100097 0.00860088 0.0115052 0.0144043 0.00920314 0.00983794 0.00888198 0.0101811 0.0106124 0.00827463 0.00838902 0.00882452 0.0081383 0.00915575 0.00903295 0.00836856 0.00841731 0.0082665 0.0082817 0.00811742 0.00822696 0.0081812 0.00825592 0.00834537 0.00827348 0.00823707 0.00825479 0.00848714 0.00821254 0.00852177 0.00845792 0.00822695 0.00868315 0.00973852 0.0101208 0.00845229 0.00840081 0.00833368 0.00821623 0.00872132 0.00974585 0.00860402 0.00969176 
0.0130138 0.131391 0.0124301 0.0377198 0.0195267 0.0199107 0.0120248 0.0080081 0.00524614 0.00369359 0 0.0037004 0.00359902 0.00392771 0.00354855 0.00427148 0.0218534 0.0287876 0.00971366 0.0104617 0.019754 0.0102479 0.00917776 0.00892853 0.010343 0.00904715 0.00876953 0.0126403 0.010214 0.00901891 0.00864804 0.00824516 0.00869858 0.00861289 0.00827808 0.00832135 0.00834691 0.00844522 0.00882633 0.0086738 0.00845422 0.00816861 0.00818495 0.00834988 0.00826764 0.00816146 0.00828933 0.00836727 0.00834004 0.00818792 0.00817209 0.00834759 0.00839465 0.00832784 0.00834943 0.00845286 0.0083956 0.00842323 0.00849592 0.00843283 0.00838847 0.00838079 0.0083888 0.00844905 0.00854684 0.00874925 
0.0140972 0.0110867 0.120119 0.0231189 0.0437474 0.0152317 0.0114596 0.0047454 0.00371844 0.00360658 0.0037004 0 0.00366408 0.0036184 0.00364455 0.00357461 0.0210997 0.0120414 0.0105199 0.0100355 0.0124967 0.0109348 0.00883763 0.00942859 0.00882948 0.00896602 0.00917581 0.00943643 0.0120382 0.00925655 0.00851163 0.00852131 0.00847564 0.0086914 0.00915057 0.00843042 0.00830387 0.00835016 0.00859941 0.00881877 0.00856062 0.0081805 0.0082184 0.00838189 0.00834238 0.008161 0.0082796 0.00844376 0.00838771 0.00819067 0.00815434 0.00832695 0.00834767 0.00828871 0.00830914 0.00835504 0.00831643 0.00837139 0.00834625 0.00840426 0.0084379 0.00841787 0.00834731 0.0084416 0.00838106 0.00850708 
0.0133461 0.0100471 0.0225637 0.133549 0.0280293 0.0173457 0.00962203 0.00595208 0.00369905 0.00484606 0.00359902 0.00366408 0 0.00355744 0.00357385 0.00356122 0.0209818 0.0104256 0.00996179 0.00973896 0.0115788 0.0104273 0.00870509 0.0085672 0.00868959 0.00878644 0.00880022 0.00997408 0.0123108 0.00914209 0.00840839 0.00851173 0.00831263 0.00880753 0.00854892 0.00838958 0.00835939 0.00844221 0.00845145 0.00872789 0.00844 0.00822425 0.00809209 0.00833231 0.00819896 0.0081445 0.00825272 0.00831754 0.00827182 0.00817413 0.00816462 0.00827743 0.00832014 0.00825004 0.00825424 0.00844109 0.00852317 0.00831979 0.008312 0.00838453 0.00841407 0.00828866 0.00834872 0.00834434 0.00834007 0.00847751 
0.00925126 0.0221643 0.0135994 0.0292131 0.104535 0.0128696 0.0123378 0.00561376 0.00395149 0.00359132 0.00392771 0.0036184 0.00355744 0 0.00363313 0.00361265 0.0159689 0.0153602 0.0100414 0.0100183 0.0138917 0.00966003 0.00917181 0.00940602 0.00857757 0.00923765 0.0087688 0.00998846 0.0147675 0.00875149 0.00872936 0.00819293 0.00880967 0.00884637 0.0084126 0.00837039 0.00828715 0.00845386 0.00853352 0.00861437 0.00840409 0.00813154 0.00848173 0.0083003 0.00822727 0.00814683 0.00830098 0.00827976 0.00824417 0.00815506 0.00810845 0.00826863 0.00827664 0.00824038 0.0082829 0.00831589 0.00822382 0.00825858 0.00873802 0.00834704 0.00836165 0.00835459 0.00825391 0.00830645 0.00835662 0.0083919 
0.0207958 0.0100664 0.021799 0.0106021 0.0146306 0.130852 0.0148878 0.00976576 0.00517896 0.00493192 0.00354855 0.00364455 0.00357385 0.00363313 0 0.00382105 0.0181566 0.0734021 0.0324768 0.0100217 0.0121042 0.0284971 0.00928807 0.00942816 0.0126592 0.00949136 0.00950446 0.00928261 0.0101153 0.0116926 0.00851734 0.00913589 0.00847751 0.00863525 0.00861592 0.00832238 0.00845158 0.00870203 0.00859398 0.00855818 0.00854524 0.00828111 0.00805829 0.00839915 0.0082379 0.00820903 0.00823531 0.0083213 0.00828062 0.00813409 0.00826058 0.00829635 0.00830125 0.0083138 0.00827801 0.0085261 0.0084169 0.00849404 0.00828429 0.00835132 0.00836705 0.00824592 0.00834177 0.00870276 0.00836619 0.00845896 
0.0147772 0.011757 0.0093757 0.0114731 0.0115638 0.0129476 0.0849664 0.00910632 0.00615707 0.00372006 0.00427148 0.00357461 0.00356122 0.00361265 0.00382105 0 0.0186615 0.0187702 0.191989 0.0137824 0.011429 0.0104462 0.0145406 0.0124564 0.00884978 0.0129288 0.00915183 0.00903664 0.00955793 0.00880316 0.00958638 0.00854793 0.00835977 0.00831407 0.00831197 0.00826801 0.00846465 0.00859251 0.0082803 0.00840028 0.00825997 0.00836556 0.00824256 0.00819212 0.008168 0.00821532 0.00831179 0.00818736 0.00822737 0.00817797 0.00817338 0.00821691 0.00818643 0.00825476 0.00825734 0.00823766 0.00811425 0.0084533 0.00836252 0.00826436 0.00823016 0.00815397 0.00826737 0.00846677 0.00829151 0.0082029 
0.056693 0.0133559 0.0393006 0.0176499 0.0188365 0.0142848 0.0161134 0.0170844 0.0206933 0.0863278 0.0218534 0.0210997 0.0209818 0.0159689 0.0181566 0.0186615 0 0.00418484 0.0036406 0.728899 0.0442268 0.0373379 0.018258 0.0403423 0.0128273 0.0222254 0.0661631 0.028523 0.019419 0.0114582 0.0150324 0.0150341 0.00928979 0.00943599 0.00901676 0.00885079 0.0100331 0.0124111 0.00927605 0.00921241 0.00909311 0.00947169 0.00865991 0.00860908 0.00852141 0.00892645 0.0087457 0.00864959 0.00858432 0.00844262 0.0087324 0.00834603 0.0085225 0.00857428 0.00832048 0.00876877 0.00918431 0.00947786 0.00862444 0.0084801 0.0083993 0.00837143 0.00867485 0.00904835 0.00846215 0.00901484 
0.0113564 0.0256016 0.0125092 0.0274179 0.0230941 0.0489252 0.0115742 0.0116244 0.00989988 0.010613 0.0287876 0.0120414 0.0104256 0.0153602 0.0734021 0.0187702 0.00418484 0 0.00386647 0.0203406 0.689065 0.138309 0.0172877 0.0135457 0.153908 0.0121763 0.0124333 0.0497072 0.0255192 0.0352893 0.0106488 0.00878947 0.0106135 0.0102872 0.00923905 0.0110596 0.00856687 0.00900883 0.010444 0.0106091 0.0107514 0.00879545 0.00822543 0.00873745 0.00920049 0.00844347 0.00852317 0.00896517 0.00906814 0.00837257 0.00831321 0.00871164 0.00839861 0.00848359 0.00858124 0.00831194 0.00822164 0.00839577 0.00855785 0.0086243 0.00844449 0.0086711 0.00840985 0.00858307 0.00885129 0.00838261 
0.0219557 0.00939419 0.0170465 0.0133348 0.0233921 0.0208819 0.0306091 0.0163316 0.0129175 0.0183833 0.00971366 0.0105199 0.00996179 0.0100414 0.0324768 0.191989 0.0036406 0.00386647 0 0.0545445 0.0215844 0.513434 0.125156 0.0323623 0.0142805 0.0981917 0.0170861 0.0113307 0.0216353 0.0217229 0.0290749 0.0121608 0.0091561 0.00956466 0.0100539 0.00914276 0.0101811 0.0100869 0.00952252 0.00998179 0.00974933 0.0101383 0.00850115 0.0084039 0.00865967 0.00859285 0.00899755 0.0084651 0.00851875 0.00836455 0.00833382 0.00839297 0.00824381 0.00840797 0.00827032 0.008467 0.00825534 0.0086629 0.00837493 0.00851782 0.00881556 0.00831577 0.00832569 0.00882074 0.0084919 0.00831222 
0.0129793 0.00993702 0.0113631 0.0126299 0.0118468 0.0105429 0.0138 0.0118917 0.0121375 0.013197 0.0104617 0.0100355 0.00973896 0.0100183 0.0100217 0.0137824 0.728899 0.0203406 0.0545445 0 0.00367397 0.00370633 0.00422159 0.0413735 0.0165668 0.0355714 0.0478376 0.0289453 0.0168903 0.0133871 0.02116 0.0138744 0.0101946 0.00956445 0.00906562 0.00922879 0.0124804 0.0129457 0.00957212 0.00968049 0.0098216 0.0109243 0.00861996 0.00835674 0.00868409 0.00922825 0.00868149 0.00844545 0.00861078 0.0085919 0.00824046 0.00825041 0.00838647 0.00829717 0.00824381 0.00844782 0.00841263 0.00853119 0.00848799 0.00838035 0.00825834 0.00828092 0.00844438 0.00836277 0.00831891 0.00875576 
0.00916798 0.0163638 0.0162299 0.0377281 0.0260913 0.0187343 0.0106698 0.00887142 0.00861427 0.00967958 0.019754 0.0124967 0.0115788 0.0138917 0.0121042 0.011429 0.0442268 0.689065 0.0215844 0.00367397 0 0.00364442 0.00357559 0.293166 0.0610479 0.0357089 0.0206017 0.103295 0.0675519 0.0305538 0.0124912 0.00973209 0.0191488 0.0146398 0.0118349 0.0127362 0.00983725 0.0107359 0.0214938 0.0189148 0.0131098 0.00932743 0.00848717 0.00938551 0.00970624 0.00861599 0.00888873 0.00941159 0.00951816 0.00843397 0.00823381 0.00858389 0.0082623 0.00837549 0.00839432 0.00832333 0.00824598 0.00822536 0.00839989 0.00859018 0.00866218 0.00847432 0.00832074 0.00847315 0.00854887 0.00833606 
0.0116577 0.00937166 0.0198755 0.0134227 0.0235168 0.0285275 0.0102666 0.00971819 0.00897153 0.0104893 0.0102479 0.0109348 0.0104273 0.00966003 0.0284971 0.0104462 0.0373379 0.138309 0.513434 0.00370633 0.00364442 0 0.00357754 0.0280426 0.666058 0.0326282 0.0170255 0.0217565 0.0475377 0.0928002 0.0147117 0.0109773 0.0107218 0.0139798 0.0150972 0.012533 0.0102371 0.0106963 0.0116346 0.0177982 0.0187976 0.0106414 0.00862243 0.00990453 0.00991531 0.00886411 0.00907952 0.00937638 0.00944317 0.00839654 0.00818086 0.0084742 0.00829751 0.00832392 0.00836565 0.00838461 0.00817393 0.00822985 0.00831954 0.00853235 0.0085367 0.00844035 0.0082621 0.00836009 0.00842429 0.00831348 
0.0101738 0.0095074 0.00906217 0.0101328 0.0100436 0.0107516 0.0100396 0.0113385 0.0105331 0.0120068 0.00917776 0.00883763 0.00870509 0.00917181 0.00928807 0.0145406 0.018258 0.0172877 0.125156 0.00422159 0.00357559 0.00357754 0 0.0694438 0.011037 0.366071 0.0138899 0.0152972 0.0167318 0.0173855 0.0209105 0.0116251 0.00905915 0.00962689 0.00911006 0.00971474 0.00993754 0.0100348 0.00971491 0.00917617 0.0100374 0.00965919 0.00880938 0.00832644 0.00863048 0.00861788 0.00880487 0.00834378 0.00851056 0.00835219 0.00820037 0.00827477 0.00820784 0.00825331 0.00826579 0.00827049 0.00824547 0.00851773 0.00832164 0.00844312 0.00837409 0.00824989 0.00821739 0.00865161 0.00825154 0.00819545 
0.00959153 0.00890954 0.00942298 0.00974062 0.00970682 0.00959618 0.0109857 0.0102394 0.00923062 0.0100097 0.00892853 0.00942859 0.0085672 0.00940602 0.00942816 0.0124564 0.0403423 0.0135457 0.0323623 0.0413735 0.293166 0.0280426 0.0694438 0 0.00366001 0.00367486 0.238792 0.0344027 0.0347118 0.0154629 0.0314871 0.0132157 0.0103228 0.010264 0.00948142 0.00975599 0.0149469 0.012407 0.00984038 0.0102404 0.00998533 0.0116566 0.00877951 0.00839132 0.0089567 0.01002 0.00871813 0.00838496 0.00864815 0.00871874 0.00844813 0.00807356 0.00826324 0.00831879 0.00809324 0.00824583 0.00829808 0.00845589 0.00844255 0.00828435 0.00818758 0.00815763 0.00824208 0.00833721 0.00816929 0.00866574 
0.00851262 0.00886946 0.00952368 0.00995554 0.010943 0.0131155 0.00911204 0.00867791 0.00824455 0.00860088 0.010343 0.00882948 0.00868959 0.00857757 0.0126592 0.00884978 0.0128273 0.153908 0.0142805 0.0165668 0.0610479 0.666058 0.011037 0.00366001 0 0.00368132 0.0226707 0.149173 0.0370598 0.231725 0.0129722 0.0101843 0.0124581 0.0107764 0.0102676 0.0150486 0.00973362 0.0100017 0.0126339 0.0119266 0.0183576 0.00965417 0.0082625 0.00915552 0.0104658 0.00863642 0.00852885 0.00923096 0.0094218 0.00850742 0.00811433 0.00827331 0.00820438 0.00827404 0.00829398 0.00824184 0.00816409 0.00819621 0.00827795 0.00838806 0.00833775 0.00834394 0.00819316 0.00826242 0.00840981 0.00819555 
0.0112401 0.0088657 0.00947056 0.00968674 0.00988717 0.00983317 0.0101893 0.011783 0.0118868 0.0115052 0.00904715 0.00896602 0.00878644 0.00923765 0.00949136 0.0129288 0.0222254 0.0121763 0.0981917 0.0355714 0.0357089 0.0326282 0.366071 0.00367486 0.00368132 0 0.0205112 0.0180379 0.0764389 0.0521881 0.305572 0.0190364 0.0100993 0.0103755 0.0113927 0.0105984 0.015154 0.0136549 0.0102066 0.0126635 0.0121169 0.0146362 0.00916916 0.00890774 0.00944725 0.0105586 0.0110512 0.00923176 0.00914038 0.00856173 0.00849531 0.00829941 0.00835151 0.00837882 0.00819554 0.00827402 0.00843177 0.00853299 0.00845793 0.00841541 0.00835468 0.00819342 0.00823291 0.00853606 0.00820477 0.00818367 
0.0186136 0.00866739 0.0106632 0.00953648 0.00941299 0.00918385 0.00965396 0.0108079 0.00998996 0.0144043 0.00876953 0.00917581 0.00880022 0.0087688 0.00950446 0.00915183 0.0661631 0.0124333 0.0170861 0.0478376 0.0206017 0.0170255 0.0138899 0.238792 0.0226707 0.0205112 0 0.00418456 0.00364606 0.00365017 0.00404251 0.490553 0.0806874 0.0120635 0.011563 0.00945238 0.0290204 0.145386 0.0150246 0.0114054 0.010497 0.0153045 0.0108314 0.00986196 0.00919501 0.0123498 0.010807 0.00952228 0.00923883 0.0100521 0.00867256 0.00816774 0.00864562 0.0086637 0.00814261 0.00883178 0.0096609 0.009059 0.00856213 0.008381 0.00834768 0.00824784 0.00856412 0.009122 0.00829771 0.00921506 
0.00981689 0.0109568 0.0101236 0.0147117 0.0116653 0.0108329 0.00921569 0.00842121 0.00836935 0.00920314 0.0126403 0.00943643 0.00997408 0.00998846 0.00928261 0.00903664 0.028523 0.0497072 0.0113307 0.0289453 0.103295 0.0217565 0.0152972 0.0344027 0.149173 0.0180379 0.00418456 0 0.00359788 0.00361268 0.0036831 0.0903469 0.22538 0.213528 0.0155252 0.0274483 0.0109201 0.0289776 0.250101 0.0300981 0.0226219 0.0109028 0.0109448 0.0153753 0.0143605 0.00997051 0.0104624 0.0147062 0.0134969 0.00905219 0.00828512 0.00860959 0.0084508 0.008455 0.00862218 0.00839869 0.00834557 0.0082687 0.00851771 0.0086886 0.00875552 0.00864383 0.00833346 0.00846001 0.00857613 0.00847866 
0.00915563 0.0102085 0.0152738 0.0164017 0.0217049 0.0137016 0.00945676 0.00837406 0.00821835 0.00983794 0.010214 0.0120382 0.0123108 0.0147675 0.0101153 0.00955793 0.019419 0.0255192 0.0216353 0.0168903 0.0675519 0.0475377 0.0167318 0.0347118 0.0370598 0.0764389 0.00364606 0.00359788 0 0.00358301 0.00357569 0.0459109 0.0716092 0.145888 0.329069 0.0257507 0.0132859 0.0235125 0.0386831 0.31914 0.025947 0.0140942 0.00948398 0.021222 0.021622 0.0108131 0.0109941 0.0175141 0.0165189 0.00915013 0.00844522 0.00863228 0.00852603 0.00864429 0.00851803 0.00858993 0.00828368 0.00818035 0.00880141 0.00901096 0.00932013 0.00900034 0.00852675 0.00861803 0.00867745 0.00856453 
0.00890902 0.00911332 0.010716 0.0109358 0.0117583 0.0123218 0.00914129 0.00854626 0.0084397 0.00888198 0.00901891 0.00925655 0.00914209 0.00875149 0.0116926 0.00880316 0.0114582 0.0352893 0.0217229 0.0133871 0.0305538 0.0928002 0.0173855 0.0154629 0.231725 0.0521881 0.00365017 0.00361268 0.00358301 0 0.0035937 0.0185143 0.0271082 0.0865561 0.0822195 0.320607 0.0256554 0.0137109 0.0444713 0.0310172 0.229556 0.015406 0.00916401 0.016032 0.0217281 0.0120811 0.0104236 0.0126351 0.0155122 0.00940444 0.00832926 0.00857189 0.00853163 0.00833129 0.00841009 0.00852595 0.00841075 0.00827577 0.00838509 0.00858434 0.00888674 0.00860599 0.00855574 0.00834342 0.00836273 0.00823972 
0.0098568 0.00854109 0.00876698 0.00901633 0.00907017 0.0088811 0.00906996 0.0102774 0.0108163 0.0101811 0.00864804 0.00851163 0.00840839 0.00872936 0.00851734 0.00958638 0.0150324 0.0106488 0.0290749 0.02116 0.0124912 0.0147117 0.0209105 0.0314871 0.0129722 0.305572 0.00404251 0.0036831 0.00357569 0.0035937 0 0.0189377 0.0157553 0.0213388 0.0368549 0.0863581 0.337638 0.0182553 0.0114924 0.0164834 0.0140864 0.0837668 0.0112261 0.00941607 0.0109159 0.0127629 0.01379 0.00902777 0.0102864 0.00954128 0.00870248 0.00826396 0.00845418 0.00835859 0.00819796 0.00829622 0.00845933 0.00890369 0.00875873 0.00825522 0.00852829 0.00820802 0.00832494 0.00891596 0.00828645 0.00826244 
0.0127223 0.00826844 0.00948941 0.00866245 0.00871094 0.00854641 0.00862771 0.00975708 0.00891089 0.0106124 0.00824516 0.00852131 0.00851173 0.00819293 0.00913589 0.00854793 0.0150341 0.00878947 0.0121608 0.0138744 0.00973209 0.0109773 0.0116251 0.0132157 0.0101843 0.0190364 0.490553 0.0903469 0.0459109 0.0185143 0.0189377 0 0.00403993 0.0036599 0.00384172 0.00362692 0.00447412 0.180129 0.016233 0.0111867 0.0114404 0.0188707 0.0109019 0.0118678 0.00960957 0.0160402 0.0103962 0.00959814 0.00942565 0.0128251 0.00883109 0.00812168 0.00858289 0.00873688 0.00807023 0.00927408 0.00992684 0.0092767 0.0082998 0.00841671 0.0084735 0.00815999 0.00874064 0.00938521 0.00836727 0.00917056 
0.00835377 0.0090287 0.00873847 0.00884556 0.00915868 0.00890991 0.00840911 0.00822742 0.00805186 0.00827463 0.00869858 0.00847564 0.00831263 0.00880967 0.00847751 0.00835977 0.00928979 0.0106135 0.0091561 0.0101946 0.0191488 0.0107218 0.00905915 0.0103228 0.0124581 0.0100993 0.0806874 0.22538 0.0716092 0.0271082 0.0157553 0.00403993 0 0.00376269 0.00358048 0.0043221 0.003587 0.0463594 0.0950327 0.0182047 0.016256 0.0099324 0.0110517 0.0111995 0.0132532 0.00935825 0.0100488 0.0106937 0.0128197 0.00882857 0.00818758 0.00851642 0.00829956 0.00824251 0.00862696 0.00828509 0.00827482 0.00820596 0.00849586 0.00847288 0.00849719 0.00857515 0.00823044 0.00826897 0.00844579 0.00828302 
0.00852842 0.00877741 0.00917486 0.00929111 0.00970301 0.00895217 0.00857377 0.00818752 0.0081052 0.00838902 0.00861289 0.0086914 0.00880753 0.00884637 0.00863525 0.00831407 0.00943599 0.0102872 0.00956466 0.00956445 0.0146398 0.0139798 0.00962689 0.010264 0.0107764 0.0103755 0.0120635 0.213528 0.145888 0.0865561 0.0213388 0.0036599 0.00376269 0 0.00355729 0.00356552 0.00363759 0.032605 0.0472243 0.0986597 0.0196932 0.0116822 0.0102044 0.0134387 0.0126236 0.00997095 0.00949915 0.0128812 0.0113395 0.00910398 0.00824328 0.00844691 0.00837053 0.00831759 0.00838176 0.00839562 0.0081706 0.00814697 0.00840799 0.00861024 0.0087797 0.00870441 0.00832167 0.00844841 0.00839896 0.00847924 
0.00869615 0.00839447 0.00956044 0.00913044 0.00927838 0.00885234 0.00834211 0.00819406 0.00803259 0.00882452 0.00827808 0.00915057 0.00854892 0.0084126 0.00861592 0.00831197 0.00901676 0.00923905 0.0100539 0.00906562 0.0118349 0.0150972 0.00911006 0.00948142 0.0102676 0.0113927 0.011563 0.0155252 0.329069 0.0822195 0.0368549 0.00384172 0.00358048 0.00355729 0 0.00354369 0.00357019 0.0247135 0.0311145 0.0739223 0.0500043 0.0119918 0.00899034 0.0156014 0.0108309 0.00991519 0.00925791 0.0115454 0.010853 0.00884334 0.00817742 0.00826232 0.00834391 0.00820965 0.00820935 0.00846018 0.00824965 0.00815233 0.00822259 0.00859899 0.00862298 0.00840382 0.00832196 0.00822658 0.00826729 0.00840864 
0.00820042 0.00866455 0.00866446 0.00886337 0.0089406 0.0085645 0.0082627 0.0081338 0.00802073 0.0081383 0.00832135 0.00843042 0.00838958 0.00837039 0.00832238 0.00826801 0.00885079 0.0110596 0.00914276 0.00922879 0.0127362 0.012533 0.00971474 0.00975599 0.0150486 0.0105984 0.00945238 0.0274483 0.0257507 0.320607 0.0863581 0.00362692 0.0043221 0.00356552 0.00354369 0 0.00356238 0.0124962 0.0348046 0.0361666 0.0660897 0.0331063 0.00961151 0.0101247 0.0169462 0.0104852 0.0096383 0.0108306 0.0143146 0.00897157 0.00811254 0.00846979 0.0084558 0.00816811 0.00836629 0.00823453 0.00820313 0.0081153 0.0083828 0.00842599 0.00837308 0.00856937 0.00819726 0.00821703 0.00829163 0.00815989 
0.00878551 0.00824993 0.00844182 0.00836906 0.00853829 0.00831645 0.00838926 0.00929843 0.00884097 0.00915575 0.00834691 0.00830387 0.00835939 0.00828715 0.00845158 0.00846465 0.0100331 0.00856687 0.0101811 0.0124804 0.00983725 0.0102371 0.00993754 0.0149469 0.00973362 0.015154 0.0290204 0.0109201 0.0132859 0.0256554 0.337638 0.00447412 0.003587 0.00363759 0.00357019 0.00356238 0 0.0209396 0.0126406 0.0217196 0.050773 0.0939847 0.0104064 0.00990898 0.010222 0.0140043 0.0147194 0.00944539 0.00952692 0.00947962 0.00943425 0.00816576 0.00840718 0.00849721 0.00811307 0.00841283 0.00851896 0.00902593 0.00872894 0.00819761 0.00839231 0.0081943 0.00826497 0.00901179 0.00817477 0.00823127 
0.00988466 0.00840745 0.00882802 0.00867013 0.00885138 0.00865987 0.00863586 0.00865838 0.00840036 0.00903295 0.00844522 0.00835016 0.00844221 0.00845386 0.00870203 0.00859251 0.0124111 0.00900883 0.0100869 0.0129457 0.0107359 0.0106963 0.0100348 0.012407 0.0100017 0.0136549 0.145386 0.0289776 0.0235125 0.0137109 0.0182553 0.180129 0.0463594 0.032605 0.0247135 0.0124962 0.0209396 0 0.00377721 0.00362019 0.00367291 0.00374356 0.600999 0.0175181 0.0150765 0.0180206 0.0229299 0.015524 0.0124248 0.0158617 0.00875757 0.008335 0.00957218 0.00876883 0.00823872 0.00901615 0.00967943 0.00901699 0.00885956 0.00845145 0.00858269 0.00840574 0.00901527 0.00909223 0.00829399 0.00914327 
0.00861658 0.0086516 0.00898667 0.00905272 0.00930846 0.00892158 0.0085048 0.00819443 0.00803684 0.00836856 0.00882633 0.00859941 0.00845145 0.00853352 0.00859398 0.0082803 0.00927605 0.010444 0.00952252 0.00957212 0.0214938 0.0116346 0.00971491 0.00984038 0.0126339 0.0102066 0.0150246 0.250101 0.0386831 0.0444713 0.0114924 0.016233 0.0950327 0.0472243 0.0311145 0.0348046 0.0126406 0.00377721 0 0.00360171 0.00360178 0.00366194 0.0517688 0.530871 0.023449 0.0140879 0.0144719 0.0391806 0.0240984 0.0109089 0.00839492 0.00866659 0.00861178 0.00860492 0.0088955 0.0084123 0.00833746 0.00831494 0.00840288 0.00884002 0.00885577 0.00903911 0.00840172 0.00832831 0.00864358 0.00848587 
0.00872828 0.00867764 0.00934098 0.0094975 0.0103907 0.0091446 0.00878565 0.00812356 0.00807839 0.00841731 0.0086738 0.00881877 0.00872789 0.00861437 0.00855818 0.00840028 0.00921241 0.0106091 0.00998179 0.00968049 0.0189148 0.0177982 0.00917617 0.0102404 0.0119266 0.0126635 0.0114054 0.0300981 0.31914 0.0310172 0.0164834 0.0111867 0.0182047 0.0986597 0.0739223 0.0361666 0.0217196 0.00362019 0.00360171 0 0.00357925 0.00359519 0.0360842 0.0626967 0.328806 0.0123461 0.0172612 0.0330468 0.0293932 0.0103619 0.0084359 0.00870935 0.00884164 0.00869595 0.0084063 0.00918082 0.00823756 0.00822966 0.00862814 0.00894 0.0099206 0.00932744 0.00884824 0.00830597 0.00850301 0.0085729 
0.00853844 0.00857397 0.00880413 0.00891647 0.00908081 0.00883722 0.00832432 0.0081762 0.00808005 0.0082665 0.00845422 0.00856062 0.00844 0.00840409 0.00854524 0.00825997 0.00909311 0.0107514 0.00974933 0.0098216 0.0131098 0.0187976 0.0100374 0.00998533 0.0183576 0.0121169 0.010497 0.0226219 0.025947 0.229556 0.0140864 0.0114404 0.016256 0.0196932 0.0500043 0.0660897 0.050773 0.00367291 0.00360178 0.00357925 0 0.00361505 0.0169512 0.0881176 0.116475 0.158071 0.0127092 0.0339185 0.0362429 0.014201 0.00860637 0.0091366 0.00917832 0.00869137 0.00915818 0.00854309 0.00832308 0.00838142 0.00871543 0.00906063 0.00913577 0.00925745 0.0086881 0.00842983 0.00854834 0.0083157 
0.00863024 0.008225 0.00845188 0.0083404 0.00839078 0.00833112 0.00833761 0.0088703 0.00834105 0.0082817 0.00816861 0.0081805 0.00822425 0.00813154 0.00828111 0.00836556 0.00947169 0.00879545 0.0101383 0.0109243 0.00932743 0.0106414 0.00965919 0.0116566 0.00965417 0.0146362 0.0153045 0.0109028 0.0140942 0.015406 0.0837668 0.0188707 0.0099324 0.0116822 0.0119918 0.0331063 0.0939847 0.00374356 0.00366194 0.00359519 0.00361505 0 0.014078 0.0137843 0.123991 0.0880888 0.0439166 0.0116207 0.0150788 0.01549 0.00962657 0.00828251 0.00894776 0.00934153 0.00821578 0.00890406 0.00866516 0.0090104 0.00902513 0.00827076 0.00861388 0.00848731 0.00866091 0.00874031 0.0082687 0.00838737 
0.00819906 0.00848112 0.00824277 0.00827761 0.00834997 0.00829639 0.00821601 0.00825614 0.00816596 0.00811742 0.00818495 0.0082184 0.00809209 0.00848173 0.00805829 0.00824256 0.00865991 0.00822543 0.00850115 0.00861996 0.00848717 0.00862243 0.00880938 0.00877951 0.0082625 0.00916916 0.0108314 0.0109448 0.00948398 0.00916401 0.0112261 0.0109019 0.0110517 0.0102044 0.00899034 0.00961151 0.0104064 0.600999 0.0517688 0.0360842 0.0169512 0.014078 0 0.00360967 0.00361059 0.00623699 0.0958954 0.0106694 0.0142587 0.0155257 0.00823179 0.00850833 0.00899188 0.00836467 0.00873023 0.00823518 0.00874753 0.00888965 0.00916893 0.00818072 0.00813973 0.0084687 0.00836991 0.00863131 0.00835126 0.00936833 
0.00852419 0.00836102 0.00901139 0.00860279 0.00896581 0.00869463 0.00837783 0.00810878 0.00800013 0.00822696 0.00834988 0.00838189 0.00833231 0.0083003 0.00839915 0.00819212 0.00860908 0.00873745 0.0084039 0.00835674 0.00938551 0.00990453 0.00832644 0.00839132 0.00915552 0.00890774 0.00986196 0.0153753 0.021222 0.016032 0.00941607 0.0118678 0.0111995 0.0134387 0.0156014 0.0101247 0.00990898 0.0175181 0.530871 0.0626967 0.0881176 0.0137843 0.00360967 0 0.003587 0.0035589 0.047106 0.151654 0.0232767 0.0108047 0.00846698 0.00854099 0.00868179 0.00855585 0.00832315 0.00900072 0.00843877 0.00827865 0.00827304 0.00886039 0.00919315 0.00866289 0.00855918 0.0081496 0.00834602 0.00842264 
0.00835374 0.00831317 0.00845272 0.0085005 0.00860314 0.00845925 0.00821258 0.0080864 0.00802635 0.0081812 0.00826764 0.00834238 0.00819896 0.00822727 0.0082379 0.008168 0.00852141 0.00920049 0.00865967 0.00868409 0.00970624 0.00991531 0.00863048 0.0089567 0.0104658 0.00944725 0.00919501 0.0143605 0.021622 0.0217281 0.0109159 0.00960957 0.0132532 0.0126236 0.0108309 0.0169462 0.010222 0.0150765 0.023449 0.328806 0.116475 0.123991 0.00361059 0.003587 0 0.00357461 0.0426388 0.0737665 0.14882 0.0161533 0.00861949 0.0093647 0.00921744 0.00854985 0.00926535 0.0084403 0.0082573 0.00834197 0.00884738 0.00876746 0.00885894 0.00964873 0.00870673 0.00832956 0.00855896 0.00832819 
0.00845397 0.0082399 0.00834452 0.00835907 0.00837699 0.00828221 0.00827322 0.00868583 0.00834601 0.00825592 0.00816146 0.008161 0.0081445 0.00814683 0.00820903 0.00821532 0.00892645 0.00844347 0.00859285 0.00922825 0.00861599 0.00886411 0.00861788 0.01002 0.00863642 0.0105586 0.0123498 0.00997051 0.0108131 0.0120811 0.0127629 0.0160402 0.00935825 0.00997095 0.00991519 0.0104852 0.0140043 0.0180206 0.0140879 0.0123461 0.158071 0.0880888 0.00623699 0.0035589 0.00357461 0 0.0258696 0.0221011 0.0378753 0.0923449 0.0107597 0.00849069 0.00980239 0.0103149 0.00833014 0.00908389 0.00934375 0.00992635 0.00964015 0.00850562 0.00858424 0.00861446 0.00874263 0.00946987 0.00837137 0.00845121 
0.0084112 0.00831534 0.00846425 0.00843705 0.00854824 0.00845062 0.00848537 0.00838143 0.00813442 0.00834537 0.00828933 0.0082796 0.00825272 0.00830098 0.00823531 0.00831179 0.0087457 0.00852317 0.00899755 0.00868149 0.00888873 0.00907952 0.00880487 0.00871813 0.00852885 0.0110512 0.010807 0.0104624 0.0109941 0.0104236 0.01379 0.0103962 0.0100488 0.00949915 0.00925791 0.0096383 0.0147194 0.0229299 0.0144719 0.0172612 0.0127092 0.0439166 0.0958954 0.047106 0.0426388 0.0258696 0 0.00362258 0.00365549 0.00394398 0.0163708 0.0100798 0.0159527 0.00948124 0.00921186 0.0100247 0.0119139 0.0104405 0.00954917 0.00865707 0.0088721 0.00906043 0.0122859 0.00903442 0.00870835 0.0119591 
0.00848068 0.00843263 0.00882866 0.00858791 0.00896808 0.00864037 0.00833447 0.00812529 0.00806195 0.00827348 0.00836727 0.00844376 0.00831754 0.00827976 0.0083213 0.00818736 0.00864959 0.00896517 0.0084651 0.00844545 0.00941159 0.00937638 0.00834378 0.00838496 0.00923096 0.00923176 0.00952228 0.0147062 0.0175141 0.0126351 0.00902777 0.00959814 0.0106937 0.0128812 0.0115454 0.0108306 0.00944539 0.015524 0.0391806 0.0330468 0.0339185 0.0116207 0.0106694 0.151654 0.0737665 0.0221011 0.00362258 0 0.00364728 0.00354912 0.0151775 0.0134015 0.0121538 0.00995757 0.010188 0.00962109 0.00867857 0.00846268 0.00858778 0.0107343 0.0123585 0.00958579 0.00946208 0.00840272 0.00872158 0.00896892 
0.008541 0.0084639 0.00858678 0.00864537 0.00875598 0.00857301 0.00832854 0.00816103 0.00810712 0.00823707 0.00834004 0.00838771 0.00827182 0.00824417 0.00828062 0.00822737 0.00858432 0.00906814 0.00851875 0.00861078 0.00951816 0.00944317 0.00851056 0.00864815 0.0094218 0.00914038 0.00923883 0.0134969 0.0165189 0.0155122 0.0102864 0.00942565 0.0128197 0.0113395 0.010853 0.0143146 0.00952692 0.0124248 0.0240984 0.0293932 0.0362429 0.0150788 0.0142587 0.0232767 0.14882 0.0378753 0.00365549 0.00364728 0 0.00370148 0.0124748 0.0392825 0.0167992 0.0098285 0.0151908 0.00919933 0.00889101 0.00874915 0.0101767 0.0102749 0.0102498 0.0153636 0.00941614 0.00904294 0.00987295 0.00933806 
0.00884031 0.00837209 0.00836355 0.00834568 0.00845706 0.00834957 0.00830362 0.00872656 0.00832167 0.00825479 0.00818792 0.00819067 0.00817413 0.00815506 0.00813409 0.00817797 0.00844262 0.00837257 0.00836455 0.0085919 0.00843397 0.00839654 0.00835219 0.00871874 0.00850742 0.00856173 0.0100521 0.00905219 0.00915013 0.00940444 0.00954128 0.0128251 0.00882857 0.00910398 0.00884334 0.00897157 0.00947962 0.0158617 0.0109089 0.0103619 0.014201 0.01549 0.0155257 0.0108047 0.0161533 0.0923449 0.00394398 0.00354912 0.00370148 0 0.0164788 0.0107747 0.0389031 0.0145193 0.00856695 0.0103407 0.0126329 0.0109775 0.0122859 0.00878761 0.00899576 0.00925472 0.0092635 0.0117711 0.00860299 0.00907374 
0.00965062 0.00822614 0.00863119 0.00824914 0.00830025 0.0082584 0.00843761 0.00869674 0.00824297 0.00848714 0.00817209 0.00815434 0.00816462 0.00810845 0.00826058 0.00817338 0.0087324 0.00831321 0.00833382 0.00824046 0.00823381 0.00818086 0.00820037 0.00844813 0.00811433 0.00849531 0.00867256 0.00828512 0.00844522 0.00832926 0.00870248 0.00883109 0.00818758 0.00824328 0.00817742 0.00811254 0.00943425 0.00875757 0.00839492 0.0084359 0.00860637 0.00962657 0.00823179 0.00846698 0.00861949 0.0107597 0.0163708 0.0151775 0.0124748 0.0164788 0 0.00369691 0.0036584 0.00418393 0.00945417 0.744106 0.0150349 0.0240995 0.00941339 0.00895564 0.0091928 0.00886705 0.0264121 0.0120374 0.00969466 0.0407751 
0.00849468 0.00874656 0.00853322 0.0085068 0.00869818 0.00879543 0.00839087 0.00822355 0.0081544 0.00821254 0.00834759 0.00832695 0.00827743 0.00826863 0.00829635 0.00821691 0.00834603 0.00871164 0.00839297 0.00825041 0.00858389 0.0084742 0.00827477 0.00807356 0.00827331 0.00829941 0.00816774 0.00860959 0.00863228 0.00857189 0.00826396 0.00812168 0.00851642 0.00844691 0.00826232 0.00846979 0.00816576 0.008335 0.00866659 0.00870935 0.0091366 0.00828251 0.00850833 0.00854099 0.0093647 0.00849069 0.0100798 0.0134015 0.0392825 0.0107747 0.00369691 0 0.00356133 0.0038104 0.877672 0.00367534 0.0139512 0.00708944 0.011272 0.0115002 0.00841103 0.0271423 0.00873365 0.00917854 0.0404615 0.00899528 
0.00980593 0.00847346 0.00848179 0.00844772 0.00848601 0.00837184 0.00830131 0.00874183 0.00839738 0.00852177 0.00839465 0.00834767 0.00832014 0.00827664 0.00830125 0.00818643 0.0085225 0.00839861 0.00824381 0.00838647 0.0082623 0.00829751 0.00820784 0.00826324 0.00820438 0.00835151 0.00864562 0.0084508 0.00852603 0.00853163 0.00845418 0.00858289 0.00829956 0.00837053 0.00834391 0.0084558 0.00840718 0.00957218 0.00861178 0.00884164 0.00917832 0.00894776 0.00899188 0.00868179 0.00921744 0.00980239 0.0159527 0.0121538 0.0167992 0.0389031 0.0036584 0.00356133 0 0.928237 0.0036479 0.00466552 0.00456644 0.0145859 0.0186526 0.00990163 0.0121126 0.00934917 0.0147039 0.0352623 0.00925579 0.0136297 
0.0098741 0.00833306 0.00861266 0.0083055 0.00847183 0.0083755 0.00842827 0.00857926 0.00828483 0.00845792 0.00832784 0.00828871 0.00825004 0.00824038 0.0083138 0.00825476 0.00857428 0.00848359 0.00840797 0.00829717 0.00837549 0.00832392 0.00825331 0.00831879 0.00827404 0.00837882 0.0086637 0.008455 0.00864429 0.00833129 0.00835859 0.00873688 0.00824251 0.00831759 0.00820965 0.00816811 0.00849721 0.00876883 0.00860492 0.00869595 0.00869137 0.00934153 0.00836467 0.00855585 0.00854985 0.0103149 0.00948124 0.00995757 0.0098285 0.0145193 0.00418393 0.0038104 0.928237 0 0.00370444 0.00363982 0.00494421 0.0129595 0.0135284 0.0100979 0.012997 0.00905099 0.0447576 0.0128612 0.0100072 0.0397872 
0.00837292 0.00880004 0.0084291 0.00846715 0.00860833 0.00862056 0.00837213 0.00825525 0.00820996 0.00822695 0.00834943 0.00830914 0.00825424 0.0082829 0.00827801 0.00825734 0.00832048 0.00858124 0.00827032 0.00824381 0.00839432 0.00836565 0.00826579 0.00809324 0.00829398 0.00819554 0.00814261 0.00862218 0.00851803 0.00841009 0.00819796 0.00807023 0.00862696 0.00838176 0.00820935 0.00836629 0.00811307 0.00823872 0.0088955 0.0084063 0.00915818 0.00821578 0.00873023 0.00832315 0.00926535 0.00833014 0.00921186 0.010188 0.0151908 0.00856695 0.00945417 0.877672 0.0036479 0.00370444 0 0.00354552 0.00661934 0.00756772 0.0118223 0.0191775 0.00807187 0.0620236 0.00799326 0.00984554 0.0474087 0.00923057 
