1UUZA
EEQPRLFELLGQPGYKATWHAMFKGESDVPKWVSDASGPSSPSTSLSLEGQPYVLANSCKPHDCGNNRLLVAFRGDKSAAYGLQVSLPDEPAEVMQTPSKYATYRWYGEPSRQVRELLMKQLESDPNWK
CCCCCHHHHCCCHHHHHHHHHHCCCCCCCCHHHHCCCCCECCCEEEEECCEEEEEEEEECCCCCCCEEEEEEEECCCCCEEEEEEECCCCCCCCCCCHHHCCEEEEECCCCHHHHHHHHHHHHCCCCCC
0 0 0 0 0 0 0 0 0 0 0 0 0 0 0 0 0 0 0 0 0 0 0 0 0 0 0 0 0 0 0 0 0 0 0 0 0 0 0 0 0 0 0 0 0 0 0 0 0 0 0 0 0 0 0 0 0 0 0 0 0 0 0 0 0 0 0 0 0 0 0 0 0 0 0 0 0 0 0 0 0 0 0 0 0 0 0 0 0 0 0 0 0 0 0 0 0 0 0 0 0 0 0 0 0 0 0 0 0 0 0 0 0 0 0 0 0 0 0 0 0 0 0 0 0 0 0 0 0 
0 0 0 0 0 0 0 0 0 0 0 0 0 0 0 0 0 0 0 0 0 0 0 0 0 0 0 0 0 0 0 0 0 0 0 0 0 0 0 0 0 0 0 0 0 0 0 0 0 0 0 0 0 0 0 0 0 0 0 0 0 0 0 0 0 0 0 0 0 0 0 0 0 0 0 0 0 0 0 0 0 0 0 0 0 0 0 0 0 0 0 0 0 0 0 0 0 0 0 0 0 0 0 0 0 0 0 0 0 0 0 0 0 0 0 0 0 0 0 0 0 0 0 0 0 0 0 0 0 
0 0.00776225 0.00386397 0.00375563 0.00414666 0.00601309 0.00616116 0.00618158 0.00711648 0.00757497 0.00845835 0.021723 0.00893229 0.00969908 0.0150124 0.0127632 0.00948993 0.00912824 0.00959342 0.00940595 0.00943205 0.0110279 0.0169847 0.0130495 0.00972533 0.00904543 0.00881512 0.00906516 0.0105245 0.015526 0.0110847 0.00832338 0.00827288 0.00848676 0.0111493 
0.00776225 0 0.00380709 0.00362739 0.00375391 0.00451658 0.00401725 0.00442968 0.00593842 0.0127737 0.824577 0.0136481 0.00758059 0.00902206 0.0188263 0.0106383 0.0092846 0.00976817 0.00962034 0.0104658 0.0100048 0.0101161 0.0151305 0.0111867 0.00935495 0.00945729 0.00907512 0.00919792 0.00979985 0.0203376 0.00915321 0.00855185 0.00846355 0.00871211 0.0116787 
0.00386397 0.00380709 0 0.00356613 0.00428112 0.00359249 0.0038145 0.00584634 0.00599649 0.926525 0.0115874 0.00772788 0.00649865 0.00904855 0.00729201 0.00834183 0.0112105 0.0089551 0.0143777 0.00968549 0.0128807 0.00991363 0.00987726 0.00938719 0.010234 0.00990952 0.00952724 0.0111052 0.00977788 0.0107984 0.00895793 0.00854131 0.0089335 0.00944646 0.00892885 
0.00375563 0.00362739 0.00356613 0 0.0035521 0.00360207 0.00424774 0.0043997 0.938159 0.00673471 0.00702703 0.00841064 0.00812658 0.00598101 0.00662354 0.00793702 0.00879106 0.0135762 0.00958259 0.0169836 0.0102957 0.0103393 0.00855695 0.00911154 0.0094374 0.0105838 0.0135604 0.0093483 0.0123484 0.00874656 0.00844282 0.00947961 0.00871548 0.00882619 0.00867004 
0.00414666 0.00375391 0.00428112 0.0035521 0 0.0035637 0.00421921 0.979407 0.00433752 0.00579426 0.00532672 0.00878881 0.00603602 0.0061357 0.00605795 0.00817576 0.0105011 0.00867065 0.0127058 0.00949877 0.0138896 0.00992476 0.00893511 0.00989886 0.0109509 0.0111009 0.00925836 0.0169537 0.00878136 0.0140535 0.0121251 0.00856517 0.0107022 0.00888945 0.00846883 
0.00601309 0.00451658 0.00359249 0.00360207 0.0035637 0 0.985162 0.00427257 0.00419885 0.00385951 0.00587536 0.00490962 0.005245 0.00532808 0.00760078 0.0140039 0.00901013 0.00956587 0.00904939 0.0107015 0.00918229 0.011369 0.0109656 0.0199184 0.00924507 0.00981564 0.0101144 0.00876714 0.0157334 0.00954583 0.0122171 0.010146 0.00842329 0.00888104 0.00923836 
0.00616116 0.00401725 0.0038145 0.00424774 0.00421921 0.985162 0 0.00375524 0.00356492 0.00358505 0.00358209 0.00365292 0.00356195 0.00388291 0.00511969 0.00633087 0.00661034 0.00731065 0.00798901 0.00796887 0.00832158 0.00902314 0.0136342 0.00956855 0.00891563 0.00853706 0.00838964 0.00884683 0.00891611 0.0162354 0.00915527 0.00841227 0.00843669 0.00837644 0.0110766 
0.00618158 0.00442968 0.00584634 0.0043997 0.979407 0.00427257 0.00375524 0 0.0035481 0.00360575 0.00357709 0.00356036 0.00356268 0.00570891 0.0036581 0.00629553 0.00713008 0.00778908 0.00825153 0.0090274 0.0091309 0.0107455 0.0121971 0.0113119 0.00980249 0.00910203 0.00894556 0.00949245 0.00999091 0.0104234 0.00877948 0.00874511 0.00860906 0.0104075 0.00858801 
0.00711648 0.00593842 0.00599649 0.938159 0.00433752 0.00419885 0.00356492 0.0035481 0 0.00357179 0.00360944 0.00359011 0.00515364 0.00360353 0.00367879 0.00712229 0.0103421 0.00879668 0.0108511 0.0112114 0.0147394 0.029891 0.464408 0.010158 0.0111974 0.0124403 0.0169237 0.0118656 0.013348 0.0103751 0.00913439 0.00955964 0.0134287 0.00934638 0.00926518 
0.00757497 0.0127737 0.926525 0.00673471 0.00579426 0.00385951 0.00358505 0.00360575 0.00357179 0 0.00358185 0.00358201 0.00362281 0.00357009 0.00359287 0.00754311 0.008192 0.012486 0.0128619 0.023012 0.0512606 0.671497 0.0101713 0.0107126 0.015682 0.0215946 0.0193673 0.0242737 0.0143351 0.0122731 0.00922864 0.0171953 0.0138618 0.0136836 0.00937493 
0.00845835 0.824577 0.0115874 0.00702703 0.00532672 0.00587536 0.00358209 0.00357709 0.00360944 0.00358185 0 0.00355805 0.00356701 0.00355569 0.00357862 0.00783069 0.0102619 0.0100179 0.0352754 0.0351198 0.801824 0.0121498 0.00947273 0.0101588 0.0181392 0.0237585 0.0296928 0.0197784 0.0196448 0.0105523 0.00929585 0.0106352 0.0154076 0.0146113 0.011522 
0.021723 0.0136481 0.00772788 0.00841064 0.00878881 0.00490962 0.00365292 0.00356036 0.00359011 0.00358201 0.00355805 0 0.00358445 0.00357926 0.00355188 0.00697038 0.00829586 0.0180825 0.0344979 0.816358 0.0162623 0.0139111 0.00905169 0.0114242 0.0169629 0.0263305 0.0245955 0.0247768 0.0165832 0.0115807 0.00926005 0.0103639 0.0136746 0.0259811 0.00944158 
0.00893229 0.00758059 0.00649865 0.00812658 0.00603602 0.005245 0.00356195 0.00356268 0.00515364 0.00362281 0.00356701 0.00358445 0 0.0035537 0.0035624 0.00623911 0.0121543 0.0322369 0.833603 0.0142842 0.022744 0.0109381 0.00880091 0.0094686 0.0160317 0.0225459 0.0256356 0.0251613 0.0118341 0.0111472 0.00891174 0.0100701 0.0205817 0.0114107 0.00923547 
0.00969908 0.00902206 0.00904855 0.00598101 0.0061357 0.00532808 0.00388291 0.00570891 0.00360353 0.00357009 0.00355569 0.00357926 0.0035537 0 0.00357409 0.0155205 0.0301767 0.702607 0.00995041 0.0107856 0.0101553 0.0110142 0.00807703 0.00965705 0.0159097 0.0133787 0.0121437 0.011341 0.0128945 0.0109825 0.0103677 0.0118726 0.00938711 0.0117233 0.00953957 
0.0150124 0.0188263 0.00729201 0.00662354 0.00605795 0.00760078 0.00511969 0.0036581 0.00367879 0.00359287 0.00357862 0.00355188 0.0035624 0.00357409 0 0.0654875 0.563832 0.00823245 0.00765659 0.0098678 0.00975978 0.00912362 0.0107215 0.0197718 0.011256 0.00957033 0.0165041 0.00954334 0.0109673 0.0100748 0.0231783 0.00917155 0.00886369 0.00888655 0.0104646 
0.0127632 0.0106383 0.00834183 0.00793702 0.00817576 0.0140039 0.00633087 0.00629553 0.00712229 0.00754311 0.00783069 0.00697038 0.00623911 0.0155205 0.0654875 0 0.00377765 0.00359617 0.00361414 0.0035898 0.00363639 0.00397537 0.00671634 0.00776165 0.00732507 0.00713885 0.00749988 0.00845098 0.0159743 0.760181 0.0116244 0.00882792 0.00893699 0.00893342 0.0173219 
0.00948993 0.0092846 0.0112105 0.00879106 0.0105011 0.00901013 0.00661034 0.00713008 0.0103421 0.008192 0.0102619 0.00829586 0.0121543 0.0301767 0.563832 0.00377765 0 0.003586 0.00359158 0.00359108 0.003618 0.00401937 0.00375439 0.00729376 0.0082199 0.013279 0.00859215 0.0136486 0.759546 0.0776479 0.0100942 0.00992143 0.0111137 0.0151802 0.0103395 
0.00912824 0.00976817 0.0089551 0.0135762 0.00867065 0.00956587 0.00731065 0.00778908 0.00879668 0.012486 0.0100179 0.0180825 0.0322369 0.702607 0.00823245 0.00359617 0.003586 0 0.00361936 0.00359621 0.00354606 0.00362705 0.00360349 0.0076035 0.00935101 0.0102847 0.0164097 0.712877 0.0791389 0.0118685 0.00999501 0.0129669 0.0162386 0.0117931 0.00984154 
0.00959342 0.00962034 0.0143777 0.00958259 0.0127058 0.00904939 0.00798901 0.00825153 0.0108511 0.0128619 0.0352754 0.0344979 0.833603 0.00995041 0.00765659 0.00361414 0.00359158 0.00361936 0 0.00356648 0.00360624 0.00358892 0.00361252 0.00763623 0.00912082 0.0123777 0.763362 0.087092 0.0140433 0.0114236 0.0116617 0.0131816 0.0236441 0.0152525 0.00997881 
0.00940595 0.0104658 0.00968549 0.0169836 0.00949877 0.0107015 0.00796887 0.0090274 0.0112114 0.023012 0.0351198 0.816358 0.0142842 0.0107856 0.0098678 0.0035898 0.00359108 0.00359621 0.00356648 0 0.00355742 0.00358769 0.0035735 0.00920197 0.00953309 0.836191 0.0611835 0.0175261 0.0143367 0.0103278 0.0100875 0.0140666 0.0176147 0.0213174 0.0108457 
0.00943205 0.0100048 0.0128807 0.0102957 0.0138896 0.00918229 0.00832158 0.0091309 0.0147394 0.0512606 0.801824 0.0162623 0.022744 0.0101553 0.00975978 0.00363639 0.003618 0.00354606 0.00360624 0.00355742 0 0.0035601 0.00356007 0.00709981 0.747932 0.0526702 0.0169081 0.014059 0.0110186 0.0100602 0.0101092 0.0116069 0.0363056 0.0171201 0.0108175 
0.0110279 0.0101161 0.00991363 0.0103393 0.00992476 0.011369 0.00902314 0.0107455 0.029891 0.671497 0.0121498 0.0139111 0.0109381 0.0110142 0.00912362 0.00397537 0.00401937 0.00362705 0.00358892 0.00358769 0.0035601 0 0.00373022 0.715743 0.0677423 0.0159713 0.0104016 0.0109795 0.0117799 0.0100928 0.0107388 0.013022 0.0102833 0.0220709 0.0102608 
0.0169847 0.0151305 0.00987726 0.00855695 0.00893511 0.0109656 0.0136342 0.0121971 0.464408 0.0101713 0.00947273 0.00905169 0.00880091 0.00807703 0.0107215 0.00671634 0.00375439 0.00360349 0.00361252 0.0035735 0.00356007 0.00373022 0 0.0305988 0.0137622 0.00623578 0.00626309 0.00675693 0.00727596 0.00912558 0.0184214 0.0100071 0.00905127 0.00907223 0.0121591 
0.0130495 0.0111867 0.00938719 0.00911154 0.00989886 0.0199184 0.00956855 0.0113119 0.010158 0.0107126 0.0101588 0.0114242 0.0094686 0.00965705 0.0197718 0.00776165 0.00729376 0.0076035 0.00763623 0.00920197 0.00709981 0.715743 0.0305988 0 0.00391059 0.00355381 0.00358183 0.00362689 0.00490856 0.00521831 0.0244763 0.00902841 0.00976202 0.00988977 0.03749 
0.00972533 0.00935495 0.010234 0.0094374 0.0109509 0.00924507 0.00891563 0.00980249 0.0111974 0.015682 0.0181392 0.0169629 0.0160317 0.0159097 0.011256 0.00732507 0.0082199 0.00935101 0.00912082 0.00953309 0.747932 0.0677423 0.0137622 0.00391059 0 0.00357475 0.00357563 0.00362932 0.00363918 0.00382178 0.0119225 0.0177694 0.00999792 0.0210947 0.0108345 
0.00904543 0.00945729 0.00990952 0.0105838 0.0111009 0.00981564 0.00853706 0.00910203 0.0124403 0.0215946 0.0237585 0.0263305 0.0225459 0.0133787 0.00957033 0.00713885 0.013279 0.0102847 0.0123777 0.836191 0.0526702 0.0159713 0.00623578 0.00355381 0.00357475 0 0.00359092 0.00355221 0.00360251 0.0035822 0.0125884 0.0132248 0.0317453 0.0145237 0.187016 
0.00881512 0.00907512 0.00952724 0.0135604 0.00925836 0.0101144 0.00838964 0.00894556 0.0169237 0.0193673 0.0296928 0.0245955 0.0256356 0.0121437 0.0165041 0.00749988 0.00859215 0.0164097 0.763362 0.0611835 0.0169081 0.0104016 0.00626309 0.00358183 0.00357563 0.00359092 0 0.00356614 0.00359017 0.00358137 0.00898056 0.036487 0.0125692 0.233942 0.0109066 
0.00906516 0.00919792 0.0111052 0.0093483 0.0169537 0.00876714 0.00884683 0.00949245 0.0118656 0.0242737 0.0197784 0.0247768 0.0251613 0.011341 0.00954334 0.00845098 0.0136486 0.712877 0.087092 0.0175261 0.014059 0.0109795 0.00675693 0.00362689 0.00362932 0.00355221 0.00356614 0 0.00358502 0.00361093 0.0202916 0.00890923 0.432459 0.010438 0.0108114 
0.0105245 0.00979985 0.00977788 0.0123484 0.00878136 0.0157334 0.00891611 0.00999091 0.013348 0.0143351 0.0196448 0.0165832 0.0118341 0.0128945 0.0109673 0.0159743 0.759546 0.0791389 0.0140433 0.0143367 0.0110186 0.0117799 0.00727596 0.00490856 0.00363918 0.00360251 0.00359017 0.00358502 0 0.00359818 0.00976804 0.360117 0.00961692 0.0692977 0.0109767 
0.015526 0.0203376 0.0107984 0.00874656 0.0140535 0.00954583 0.0162354 0.0104234 0.0103751 0.0122731 0.0105523 0.0115807 0.0111472 0.0109825 0.0100748 0.760181 0.0776479 0.0118685 0.0114236 0.0103278 0.0100602 0.0100928 0.00912558 0.00521831 0.00382178 0.0035822 0.00358137 0.00361093 0.00359818 0 0.334454 0.00884064 0.0164962 0.0128147 0.0496908 
0.0110847 0.00915321 0.00895793 0.00844282 0.0121251 0.0122171 0.00915527 0.00877948 0.00913439 0.00922864 0.00929585 0.00926005 0.00891174 0.0103677 0.0231783 0.0116244 0.0100942 0.00999501 0.0116617 0.0100875 0.0101092 0.0107388 0.0184214 0.0244763 0.0119225 0.0125884 0.00898056 0.0202916 0.00976804 0.334454 0 0.0037839 0.00375528 0.00383796 0.00588715 
0.00832338 0.00855185 0.00854131 0.00947961 0.00856517 0.010146 0.00841227 0.00874511 0.00955964 0.0171953 0.0106352 0.0103639 0.0100701 0.0118726 0.00917155 0.00882792 0.00992143 0.0129669 0.0131816 0.0140666 0.0116069 0.013022 0.0100071 0.00902841 0.0177694 0.0132248 0.036487 0.00890923 0.360117 0.00884064 0.0037839 0 0.00356917 0.00368907 0.00366582 
0.00827288 0.00846355 0.0089335 0.00871548 0.0107022 0.00842329 0.00843669 0.00860906 0.0134287 0.0138618 0.0154076 0.0136746 0.0205817 0.00938711 0.00886369 0.00893699 0.0111137 0.0162386 0.0236441 0.0176147 0.0363056 0.0102833 0.00905127 0.00976202 0.00999792 0.0317453 0.0125692 0.432459 0.00961692 0.0164962 0.00375528 0.00356917 0 0.00355323 0.00360667 
0.00848676 0.00871211 0.00944646 0.00882619 0.00888945 0.00888104 0.00837644 0.0104075 0.00934638 0.0136836 0.0146113 0.0259811 0.0114107 0.0117233 0.00888655 0.00893342 0.0151802 0.0117931 0.0152525 0.0213174 0.0171201 0.0220709 0.00907223 0.00988977 0.0210947 0.0145237 0.233942 0.010438 0.0692977 0.0128147 0.00383796 0.00368907 0.00355323 0 0.00363668 
0.0111493 0.0116787 0.00892885 0.00867004 0.00846883 0.00923836 0.0110766 0.00858801 0.00926518 0.00937493 0.011522 0.00944158 0.00923547 0.00953957 0.0104646 0.0173219 0.0103395 0.00984154 0.00997881 0.0108457 0.0108175 0.0102608 0.0121591 0.03749 0.0108345 0.187016 0.0109066 0.0108114 0.0109767 0.0496908 0.00588715 0.00366582 0.00360667 0.00363668 0 
