1VJCA
SLSNKLTLDKLDVKGKRVVMRVDFNVPMKNNQITNNQRIKAAIPSIKFCLDNGAKSVVLMSHLGRPDGIPMPDKYSLEPVAVELKSLLGKDVLFLKDCVGPEVEKACADPAAGSVILLENLRFHVEEEGKGKDASGSKVKADPAKIEAFRASLSKLGDVYVNDAFGTAHRAHSSMVGVNLPKKAGGFLMKKELNYFAKALESPERPFLAILGGAKVADKIQLINNMLDKVNEMIIGGGMAFTFLKVLNNMEIGTSLFDEEGSKIVKDLMSKAEKNGVKITLPVDFVTADKFDENAKTGQATVASGIPAGWMGLDCGPESSKKYSEAVARAKQIVWNGPVGVFEWEAFAQGTKALMDEVVKATSRGCITIIGGGDTATCCAKWNTEDKVSHVSTGGGASLELLEGKVLPGVDALSNV
CHHHECEHHHCCCCCCEEEEECCCCCCECCCCECCCHHHHHHHHHHHHHHHCCCCEEEEECCCCCCCCCCCHHHHCCHHHHHHHHHHHCCCEEECCCCCCHHHHHHHHCCCCCEEEECCCHHHCHHHHCEEECCCCCEEECCHHHHHHHHHHHCCCCCEEEECCHHHCCCCCHHHHCCCCCCEEECHHHHHHHHHHHHHHCCCCCCEEEEECCCCCHHHHHHHHHHCCCCCEEEECHHHHHHHHHHHHCCCECCCCCCHHHHCCHHHHHHHHHHHCCEEECCCEEEEECCCCCCCCEEEEECCCCECCCCEEEEECHHHHHHHHHHHHHCCEEEEECCCCCCCCHHHCHHHHHHHHHHHHHHHCCCEEEECCCHHHHHHHHCCCCCCCCEECCCHHHHHHHHHCCCCHHHHHCCEC
0 0 0 0 0 0 0 0 0 0 0 0 0 0 0 0 0 0 0 0 0 0 0 0 0 0 0 0 0 0 0 0 0 0 0 0 0 0 0 0 0 0 0 0 0 0 0 0 0 0 0 0 0 0 0 0 0 0 0 0 0 0 0 0 0 0 0 0 0 0 0 0 0 0 0 0 0 0 0 0 0 0 0 0 0 0 0 0 0 0 0 0 0 0 0 0 0 0 0 0 0 0 0 0 0 0 0 0 0 0 0 0 0 0 0 0 0 0 0 0 0 0 0 0 0 0 0 0 0 0 0 0 0 0 0 0 0 0 0 0 0 0 0 0 0 0 0 0 0 0 0 0 0 0 0 0 0 0 0 0 0 0 0 0 0 0 0 0 0 0 0 0 0 0 0 0 0 0 0 0 0 0 0 0 0 0 0 0 0 0 0 0 0 0 0 0 0 0 0 0 0 0 0 0 0 0 0 0 0 0 0 0 0 0 0 0 0 0 0 0 0 0 0 0 0 0 0 0 0 0 0 0 0 0 0 0 0 0 0 0 0 0 0 0 0 0 0 0 0 0 0 0 0 0 0 0 0 0 0 0 0 0 0 0 0 0 0 0 0 0 0 0 0 0 0 0 0 0 0 0 0 0 0 0 0 0 0 0 0 0 0 0 0 0 0 0 0 0 0 0 0 0 0 0 0 0 0 0 0 0 0 0 0 0 0 0 0 0 0 0 0 0 0 0 0 0 0 0 0 0 0 0 0 0 0 0 0 0 0 0 0 0 0 0 0 0 0 0 0 0 0 0 0 0 0 0 0 0 0 0 0 0 0 0 0 0 0 0 0 0 0 0 0 0 0 0 0 0 0 0 0 0 0 0 0 0 0 0 0 0 0 0 0 0 0 0 0 0 0 0 0 0 0 0 0 0 0 0 0 0 0 0 0 0 0 0 
0 0 0 0 0 0 0 0 0 0 0 0 0 0 0 0 0 0 0 0 0 0 0 0 0 0 0 0 0 0 0 0 0 0 0 0 0 0 0 0 0 0 0 0 0 0 0 0 0 0 0 0 0 0 0 0 0 0 0 0 0 0 0 0 0 0 0 0 0 0 0 0 0 0 0 0 0 0 0 0 0 0 0 0 0 0 0 0 0 0 0 0 0 0 0 0 0 0 0 0 0 0 0 0 0 0 0 0 0 0 0 0 0 0 0 0 0 0 0 0 0 0 0 0 0 0 0 0 0 0 0 0 0 0 0 0 0 0 0 0 0 0 0 0 0 0 0 0 0 0 0 0 0 0 0 0 0 0 0 0 0 0 0 0 0 0 0 0 0 0 0 0 0 0 0 0 0 0 0 0 0 0 0 0 0 0 0 0 0 0 0 0 0 0 0 0 0 0 0 0 0 0 0 0 0 0 0 0 0 0 0 0 0 0 0 0 0 0 0 0 0 0 0 0 0 0 0 0 0 0 0 0 0 0 0 0 0 0 0 0 0 0 0 0 0 0 0 0 0 0 0 0 0 0 0 0 0 0 0 0 0 0 0 0 0 0 0 0 0 0 0 0 0 0 0 0 0 0 0 0 0 0 0 0 0 0 0 0 0 0 0 0 0 0 0 0 0 0 0 0 0 0 0 0 0 0 0 0 0 0 0 0 0 0 0 0 0 0 0 0 0 0 0 0 0 0 0 0 0 0 0 0 0 0 0 0 0 0 0 0 0 0 0 0 0 0 0 0 0 0 0 0 0 0 0 0 0 0 0 0 0 0 0 0 0 0 0 0 0 0 0 0 0 0 0 0 0 0 0 0 0 0 0 0 0 0 0 0 0 0 0 0 0 0 0 0 0 0 0 0 0 0 0 0 0 0 0 0 0 0 0 0 0 0 0 0 
0 0.00459667 0.00992649 0.0100384 0.0072408 0.00930545 0.0160723 0.0255307 0.0303398 0.0140217 0.0117883 0.0107875 0.0116632 0.0144203 0.0103613 0.00838047 0.0110873 0.00857014 0.0085863 0.00903217 0.0112022 0.00817128 0.00836694 0.0088974 0.00854366 0.00826151 0.00922707 0.00845388 0.00828291 0.00825897 0.00909627 0.00814527 0.00810496 0.00868429 0.0082796 0.00813642 0.00823186 0.00822618 0.00844885 0.0082438 0.00826996 0.00813554 0.00848558 0.00951356 0.00839254 0.00868133 0.00859128 0.00829639 0.00832148 0.00833698 0.00832707 0.00903153 0.00826744 0.00828169 0.00826873 0.00842872 0.00871001 0.00900143 0.00833466 0.00827165 0.00833121 0.00824983 0.0090522 0.00876284 0.00837532 0.00837274 0.00836106 0.00884928 0.00868382 0.00865808 0.0087181 0.00936767 0.00898228 0.00968818 0.0162361 
0.00459667 0 0.0287036 0.00679299 0.0104427 0.00759502 0.0159327 0.0239814 0.0635754 0.0228627 0.0136135 0.0110865 0.013424 0.0164119 0.0160907 0.00972538 0.0121114 0.0149935 0.00897595 0.00979662 0.0126996 0.0122505 0.0081892 0.00938665 0.0116358 0.00834049 0.0106982 0.00946784 0.00945483 0.00837457 0.00894105 0.00948726 0.00825174 0.00918794 0.00960561 0.0084871 0.00916232 0.00836851 0.00884235 0.00873783 0.00849839 0.00831134 0.00872607 0.00950305 0.0125771 0.00842026 0.00952238 0.00896761 0.00861155 0.00874533 0.00865462 0.00886012 0.00981374 0.00834365 0.00864613 0.00834241 0.0109723 0.0106059 0.00909487 0.00838542 0.00833733 0.00859852 0.00922234 0.0103527 0.00858348 0.00850744 0.00846315 0.00922722 0.0120388 0.00961061 0.00904932 0.00992672 0.0133966 0.0107487 0.0203747 
0.00992649 0.0287036 0 0.00494853 0.00359699 0.00363421 0.0054101 0.0129703 0.02434 0.429671 0.0197126 0.0183383 0.0117673 0.0208272 0.0162585 0.00929769 0.0133171 0.0108294 0.00900849 0.0103657 0.0123431 0.00899099 0.00845527 0.00933095 0.00960879 0.00844639 0.0102027 0.00906558 0.00868406 0.00873045 0.00904653 0.00878062 0.008214 0.00902053 0.00895486 0.00842614 0.00871388 0.00866921 0.00867798 0.00849649 0.00851042 0.00855853 0.00896705 0.00886529 0.00931209 0.00879488 0.00869153 0.00851678 0.00851284 0.00840801 0.00852662 0.00912258 0.00839095 0.00837438 0.00831114 0.00848798 0.00908682 0.0087217 0.00846785 0.00831179 0.00836485 0.00833812 0.00898896 0.00918648 0.00854037 0.00842394 0.0084272 0.0090666 0.00922941 0.00906275 0.00893812 0.00930766 0.00950296 0.0096866 0.0146093 
0.0100384 0.00679299 0.00494853 0 0.00363806 0.00361594 0.00371754 0.00798454 0.0136834 0.0394786 0.609807 0.0351506 0.0722807 0.0116145 0.0149823 0.0109157 0.00983434 0.00927612 0.015826 0.0150943 0.0125867 0.00844412 0.00862664 0.00830376 0.00834175 0.00865154 0.00856244 0.00919437 0.00971384 0.0095988 0.00868624 0.00838646 0.00856723 0.00853483 0.00844921 0.00871223 0.0098326 0.00940095 0.00888923 0.00841544 0.00883979 0.00877283 0.00865447 0.00849579 0.00866706 0.00906599 0.00840879 0.00844081 0.00878558 0.00880584 0.00861217 0.00851725 0.00826526 0.00837933 0.00834354 0.00843268 0.00834626 0.00831272 0.00837943 0.0084495 0.00856859 0.00857697 0.00845914 0.00880939 0.00879209 0.00883293 0.00882975 0.00847734 0.00867639 0.00937938 0.00947636 0.00932457 0.00934391 0.00945466 0.0109132 
0.0072408 0.0104427 0.00359699 0.00363806 0 0.00356891 0.00357065 0.00500787 0.00802723 0.0274277 0.0344988 0.712763 0.0335924 0.0236972 0.00954884 0.0134275 0.0103315 0.00922783 0.0144304 0.0362484 0.0125487 0.00842111 0.00842171 0.00843726 0.00857887 0.00845889 0.00881832 0.00889192 0.0117803 0.0103925 0.00912432 0.00844396 0.00870753 0.00888002 0.00842484 0.00906522 0.0106414 0.00993474 0.00933707 0.00847555 0.00915339 0.00961966 0.0103508 0.00826559 0.00887708 0.00890923 0.00868641 0.00844554 0.00911126 0.00959027 0.00876501 0.00844763 0.00822079 0.00842804 0.00848037 0.00846657 0.00833861 0.00830121 0.00842 0.00872935 0.00892561 0.0089102 0.00843869 0.00875182 0.00902226 0.00973075 0.00952517 0.00853179 0.00869586 0.00977565 0.0100029 0.00940567 0.00943952 0.00922135 0.0100476 
0.00930545 0.00759502 0.00363421 0.00361594 0.00356891 0 0.0035982 0.00687778 0.0135341 0.0166956 0.090454 0.0411519 0.613449 0.0260535 0.0134556 0.0113755 0.011494 0.00988798 0.0188969 0.0202406 0.0167435 0.00828205 0.0086053 0.00821083 0.00871781 0.00986004 0.00835422 0.00952034 0.00984802 0.0143386 0.00879558 0.00840674 0.00896569 0.00847985 0.00844866 0.00888355 0.0113632 0.00962684 0.00872707 0.0084341 0.00888751 0.00893256 0.00905255 0.00826227 0.00847703 0.00889091 0.00833861 0.00841624 0.0088075 0.00899627 0.00862897 0.00840853 0.00827737 0.00844834 0.00837764 0.00850352 0.00835308 0.00827031 0.00838037 0.00851376 0.00871073 0.00867505 0.00840938 0.00864398 0.00891256 0.00898575 0.00899824 0.00846827 0.0088315 0.00944178 0.00976128 0.00931388 0.0094004 0.00925501 0.010364 
0.0160723 0.0159327 0.0054101 0.00371754 0.00357065 0.0035982 0 0.00733481 0.0141368 0.0361498 0.0142032 0.0587759 0.0368906 0.395418 0.0127217 0.00970665 0.0125282 0.0139298 0.00956755 0.0125261 0.0142061 0.00961479 0.00835644 0.00843998 0.0102192 0.008459 0.00897217 0.00973995 0.00989517 0.0092173 0.0091343 0.00893608 0.00845605 0.00854287 0.00896972 0.00892386 0.00889341 0.009171 0.00966766 0.00855146 0.00871651 0.00870217 0.00937379 0.00830903 0.00952929 0.00854139 0.00850156 0.00850815 0.00855214 0.00856485 0.00848116 0.00834326 0.00841853 0.00828523 0.00829013 0.00833051 0.00839749 0.00849475 0.00851983 0.00842613 0.00843639 0.00850669 0.00846342 0.00876613 0.00863261 0.00867816 0.00867875 0.00857311 0.00930542 0.00906779 0.00905208 0.00901237 0.00958728 0.00914823 0.0122052 
0.0255307 0.0239814 0.0129703 0.00798454 0.00500787 0.00687778 0.00733481 0 0.933184 0.0154927 0.0123899 0.009323 0.0186726 0.0150029 0.015905 0.00870244 0.0112842 0.00918928 0.00871222 0.0085911 0.0107742 0.0085355 0.00859641 0.00863777 0.00923038 0.00861319 0.00899459 0.00921934 0.00814877 0.0081553 0.00858665 0.00846062 0.00811811 0.00852903 0.00881984 0.00827512 0.00829207 0.00815144 0.00832532 0.00821947 0.00834192 0.00819259 0.00843738 0.0112863 0.00839488 0.00862382 0.00854403 0.00826689 0.00834678 0.00816402 0.00821103 0.00915483 0.00825799 0.00835577 0.00808926 0.00847865 0.00850456 0.0100649 0.00841963 0.00829974 0.00832216 0.00825483 0.00900033 0.00869073 0.00841435 0.00827548 0.00827997 0.00877355 0.00893097 0.00861972 0.00859976 0.0102637 0.00893153 0.0110028 0.0151478 
0.0303398 0.0635754 0.02434 0.0136834 0.00802723 0.0135341 0.0141368 0.933184 0 0.0194011 0.0141192 0.0110431 0.0195575 0.0670424 0.0212995 0.00959218 0.0150863 0.00974764 0.00895776 0.00908829 0.0121347 0.00916743 0.00916814 0.00933057 0.0103214 0.0088982 0.00993384 0.00989404 0.00821328 0.00854755 0.00914354 0.00862265 0.00815987 0.0089108 0.00918605 0.00826055 0.00825586 0.008241 0.00910269 0.00843595 0.00821671 0.00817688 0.00866289 0.0119243 0.00878104 0.00887885 0.00852439 0.00834426 0.00831341 0.00821362 0.00829682 0.00962648 0.00849032 0.00830398 0.00813029 0.00859756 0.00878652 0.0110777 0.00871189 0.00822877 0.00830781 0.00822135 0.00908773 0.00902447 0.00840998 0.00825734 0.00831127 0.00880595 0.00953701 0.00870794 0.00887977 0.0100326 0.00958652 0.0106103 0.0188616 
0.0140217 0.0228627 0.429671 0.0394786 0.0274277 0.0166956 0.0361498 0.0154927 0.0194011 0 0.00434944 0.00362968 0.00365845 0.00416974 0.221817 0.0117541 0.024435 0.0199651 0.0149174 0.0153749 0.0272851 0.0095621 0.00918533 0.0116551 0.0102409 0.00914365 0.0129758 0.0113067 0.0095047 0.00928379 0.0107283 0.0092308 0.00834134 0.00966609 0.00939324 0.00869287 0.00913856 0.00895657 0.00905015 0.00863649 0.00856615 0.00879674 0.00900547 0.00879663 0.00867818 0.00897189 0.00882977 0.00842036 0.00851652 0.00846925 0.00858419 0.00886874 0.00817276 0.00835078 0.00827392 0.00845637 0.00867099 0.00840032 0.00838233 0.00832878 0.00837822 0.00834894 0.00877541 0.00881896 0.00850029 0.00838987 0.00844735 0.00862686 0.00858386 0.00876709 0.00871894 0.00911917 0.00876456 0.00894297 0.0103956 
0.0117883 0.0136135 0.0197126 0.609807 0.0344988 0.090454 0.0142032 0.0123899 0.0141192 0.00434944 0 0.00357071 0.00364909 0.00362164 0.161992 0.0774831 0.0129873 0.0145084 0.0881724 0.0337097 0.0159605 0.00852438 0.0102518 0.00928885 0.00899419 0.00998421 0.00990122 0.0123719 0.0148631 0.0117359 0.00980179 0.00858971 0.00923593 0.00883669 0.00907164 0.00936515 0.0119481 0.0103167 0.00931484 0.00857547 0.00954548 0.00925509 0.00892021 0.00839999 0.00870799 0.00887461 0.00848263 0.00852265 0.00875054 0.00872005 0.00865916 0.00857542 0.00823455 0.00838781 0.00830578 0.00840269 0.00843927 0.00819374 0.00837632 0.00846173 0.00859877 0.00853258 0.00848002 0.00871474 0.00870619 0.00886794 0.0087015 0.00848247 0.00849306 0.00906283 0.00922163 0.00921617 0.00886913 0.00897863 0.00930059 
0.0107875 0.0110865 0.0183383 0.0351506 0.712763 0.0411519 0.0587759 0.009323 0.0110431 0.00362968 0.00357071 0 0.00364974 0.00358121 0.121147 0.072497 0.022198 0.0174233 0.0479665 0.13309 0.0223214 0.00917482 0.00872875 0.00907995 0.00947466 0.00900755 0.00985504 0.0124742 0.0353934 0.0198203 0.0123696 0.00923185 0.00998959 0.00915639 0.00895828 0.0122529 0.019101 0.0133777 0.0104209 0.00882229 0.0102718 0.0117105 0.00971354 0.00822817 0.00932363 0.00917237 0.008849 0.00850635 0.0093195 0.00991412 0.00893955 0.00843723 0.00827859 0.00839048 0.00843265 0.00850976 0.00833877 0.00814909 0.0084403 0.00891454 0.00930644 0.00893683 0.0084781 0.00863197 0.00900258 0.00983294 0.0103807 0.0084777 0.00852448 0.00931353 0.00979448 0.00943811 0.00883322 0.00880539 0.0088504 
0.0116632 0.013424 0.0117673 0.0722807 0.0335924 0.613449 0.0368906 0.0186726 0.0195575 0.00365845 0.00364909 0.00364974 0 0.00385811 0.0185175 0.190365 0.0513207 0.0125743 0.0253998 0.11611 0.0803642 0.00867194 0.0106773 0.00885362 0.00902398 0.0126593 0.00953899 0.0111072 0.015286 0.036972 0.0128325 0.00878346 0.0106189 0.00954351 0.00943028 0.0108808 0.0133951 0.0167424 0.0113411 0.00870191 0.00951666 0.0114882 0.0109069 0.00828718 0.00847427 0.00913689 0.0085232 0.00850248 0.0090132 0.00948597 0.00889543 0.00838469 0.00823377 0.00842126 0.00834753 0.0084324 0.00824224 0.00828628 0.00843977 0.00865411 0.00915016 0.00902569 0.00844752 0.00863297 0.00910099 0.0096037 0.00959607 0.0085826 0.00849304 0.00922507 0.00941039 0.00923235 0.00906221 0.00900925 0.00911212 
0.0144203 0.0164119 0.0208272 0.0116145 0.0236972 0.0260535 0.395418 0.0150029 0.0670424 0.00416974 0.00362164 0.00358121 0.00385811 0 0.0150968 0.0169072 0.355264 0.0169161 0.0121359 0.0198238 0.0811882 0.0106226 0.00894203 0.00981201 0.011321 0.00895075 0.0105418 0.0123306 0.00972984 0.0116906 0.0143985 0.00923197 0.00894352 0.00955805 0.0128517 0.0093496 0.00997429 0.0101894 0.0108809 0.00848443 0.00871298 0.00898462 0.00977148 0.00854128 0.00861745 0.00842435 0.0085973 0.00826454 0.00877409 0.0099003 0.0084044 0.00845038 0.00817426 0.00825642 0.00822688 0.00828423 0.00823572 0.00855057 0.00842906 0.00844822 0.00891484 0.00854816 0.00863451 0.00846527 0.00892217 0.00867716 0.00880364 0.00903846 0.00854726 0.0086437 0.00879563 0.0097215 0.00869826 0.00898347 0.00997187 
0.0103613 0.0160907 0.0162585 0.0149823 0.00954884 0.0134556 0.0127217 0.015905 0.0212995 0.221817 0.161992 0.121147 0.0185175 0.0150968 0 0.00449822 0.00386673 0.0627433 0.104464 0.0133102 0.0331431 0.0101977 0.0135678 0.0155803 0.013074 0.0132247 0.0169238 0.0187324 0.0113137 0.0110549 0.012299 0.00948347 0.008634 0.011512 0.0100286 0.00954105 0.00925535 0.00892934 0.00931858 0.00882683 0.00862003 0.00848636 0.00903291 0.0101638 0.00828378 0.00921985 0.00860241 0.00825011 0.0084146 0.0084426 0.00840605 0.00953838 0.00810183 0.00829247 0.00817817 0.00855581 0.008491 0.00870447 0.00826117 0.0083369 0.00836271 0.00828075 0.00859837 0.00867986 0.00832032 0.00832609 0.00837284 0.00850374 0.00840117 0.00847784 0.0085541 0.00859601 0.00841052 0.0087433 0.0101816 
0.00838047 0.00972538 0.00929769 0.0109157 0.0134275 0.0113755 0.00970665 0.00870244 0.00959218 0.0117541 0.0774831 0.072497 0.190365 0.0169072 0.00449822 0 0.00360339 0.0167571 0.0497633 0.167278 0.0123488 0.00968669 0.0161018 0.00901992 0.00972156 0.0152169 0.00977359 0.00931932 0.0197928 0.0112317 0.00918243 0.00860567 0.0107112 0.00869274 0.00847712 0.0093017 0.00951947 0.00973153 0.00861903 0.0083019 0.00904625 0.00900742 0.00847115 0.00824248 0.00851521 0.00871941 0.00821511 0.00816417 0.00849377 0.00845327 0.00849143 0.00825321 0.008148 0.00819461 0.00818955 0.00826231 0.00822217 0.00811006 0.00821413 0.00830129 0.00834235 0.00838585 0.00817423 0.0083973 0.00845477 0.00833965 0.00846865 0.00827885 0.00836121 0.00872699 0.00885092 0.00873149 0.00865853 0.00862237 0.00854787 
0.0110873 0.0121114 0.0133171 0.00983434 0.0103315 0.011494 0.0125282 0.0112842 0.0150863 0.024435 0.0129873 0.022198 0.0513207 0.355264 0.00386673 0.00360339 0 0.0184312 0.0166684 0.0529427 0.239854 0.0151842 0.00936965 0.010515 0.0231423 0.00951453 0.0125361 0.01767 0.0101717 0.0120716 0.0121479 0.0121533 0.00853102 0.0100964 0.0129643 0.00923269 0.00908235 0.00899811 0.0102744 0.00912397 0.00889674 0.00868751 0.00931331 0.00863898 0.00945845 0.00847641 0.00867545 0.00843083 0.0084106 0.00850981 0.00826776 0.00828869 0.00842694 0.00815984 0.00818816 0.00826436 0.00835494 0.00841363 0.00838121 0.00826709 0.00820357 0.00824443 0.00824242 0.00856806 0.00843379 0.008383 0.0083397 0.00819217 0.00867599 0.00846879 0.00843409 0.00837944 0.00862799 0.00864393 0.00970789 
0.00857014 0.0149935 0.0108294 0.00927612 0.00922783 0.00988798 0.0139298 0.00918928 0.00974764 0.0199651 0.0145084 0.0174233 0.0125743 0.0169161 0.0627433 0.0167571 0.0184312 0 0.00420473 0.00361577 0.00436033 0.0237596 0.00843598 0.0683869 0.0124625 0.00971531 0.0316355 0.0140815 0.0132582 0.0107629 0.0206195 0.0112371 0.00904623 0.0142081 0.00967478 0.00993637 0.0098282 0.0104276 0.0109036 0.00928146 0.00877634 0.00907349 0.0094201 0.0083926 0.00996657 0.00822974 0.00938006 0.00858216 0.00837272 0.00839424 0.00858122 0.00885269 0.00836017 0.0080654 0.00838129 0.00820012 0.00893911 0.00819673 0.00828011 0.00827343 0.00831681 0.00836015 0.00855668 0.00847492 0.00839246 0.00831779 0.00837952 0.00836652 0.00839351 0.00840275 0.00836389 0.00850916 0.00832509 0.00836725 0.0091841 
0.0085863 0.00897595 0.00900849 0.015826 0.0144304 0.0188969 0.00956755 0.00871222 0.00895776 0.0149174 0.0881724 0.0479665 0.0253998 0.0121359 0.104464 0.0497633 0.0166684 0.00420473 0 0.00379998 0.00366444 0.00804011 0.0883374 0.0103568 0.0125108 0.0220768 0.0104075 0.024477 0.0210432 0.0417245 0.010645 0.0102699 0.0121638 0.0106422 0.0101448 0.0130685 0.0202531 0.0148669 0.0103076 0.00880093 0.0111083 0.010634 0.00962146 0.00847655 0.00833439 0.00959649 0.0085221 0.00854173 0.00895054 0.00908584 0.00878159 0.00859386 0.0081664 0.00842295 0.00839549 0.00844829 0.00841285 0.00819529 0.00832746 0.00850493 0.00865075 0.00847583 0.00837068 0.00852873 0.00855657 0.0086514 0.00867197 0.00835437 0.00836791 0.00861136 0.00874627 0.00882003 0.00843324 0.00846265 0.0084789 
0.00903217 0.00979662 0.0103657 0.0150943 0.0362484 0.0202406 0.0125261 0.0085911 0.00908829 0.0153749 0.0337097 0.13309 0.11611 0.0198238 0.0133102 0.167278 0.0529427 0.00361577 0.00379998 0 0.00378837 0.0198659 0.0185716 0.0140995 0.0153647 0.0159414 0.0136733 0.0133754 0.0693594 0.0369642 0.0181759 0.0113999 0.0185107 0.0109124 0.0126648 0.0214788 0.0321037 0.0409792 0.0134172 0.00990642 0.0130694 0.0177869 0.0102179 0.00832157 0.00968044 0.0093366 0.00869887 0.00852211 0.00935095 0.00961272 0.00883815 0.00841464 0.00825497 0.00842976 0.00843159 0.00837062 0.00832188 0.00814395 0.00839138 0.00865772 0.0086822 0.00876141 0.00837733 0.0085869 0.00877695 0.00900926 0.00878008 0.00826808 0.00844846 0.00887252 0.00904374 0.00888 0.00864069 0.0086893 0.0084618 
0.0112022 0.0126996 0.0123431 0.0125867 0.0125487 0.0167435 0.0142061 0.0107742 0.0121347 0.0272851 0.0159605 0.0223214 0.0803642 0.0811882 0.0331431 0.0123488 0.239854 0.00436033 0.00366444 0.00378837 0 0.0140947 0.0118371 0.0326475 0.0179773 0.0112275 0.0298468 0.0433354 0.0137217 0.0366601 0.0436625 0.0170175 0.0129126 0.022608 0.022195 0.0130876 0.0151216 0.0246058 0.0293214 0.0115723 0.0102317 0.0128618 0.0162981 0.0090401 0.00963434 0.00902445 0.0101729 0.00892475 0.00930574 0.00949432 0.00877776 0.00869457 0.00851443 0.00819274 0.00837974 0.00829176 0.00841186 0.00844305 0.00860926 0.00862411 0.00896825 0.00870575 0.00866558 0.0088 0.00909836 0.00885855 0.00891077 0.00894461 0.00872734 0.00886623 0.00893466 0.00977432 0.00887877 0.00891016 0.00900877 
0.00817128 0.0122505 0.00899099 0.00844412 0.00842111 0.00828205 0.00961479 0.0085355 0.00916743 0.0095621 0.00852438 0.00917482 0.00867194 0.0106226 0.0101977 0.00968669 0.0151842 0.0237596 0.00804011 0.0198659 0.0140947 0 0.00385523 0.0100063 0.00783663 0.00891159 0.952055 0.00937617 0.0112158 0.00909772 0.0167843 0.0105859 0.00860158 0.0153941 0.00924972 0.00847363 0.00853819 0.00859782 0.00975658 0.0084256 0.0082579 0.00831655 0.00893322 0.00838173 0.00947639 0.00807388 0.00916849 0.00819583 0.00812785 0.00818781 0.00826324 0.00861824 0.00820289 0.00800134 0.00829013 0.00804652 0.00874503 0.00820755 0.00816622 0.00809518 0.00814525 0.00810868 0.00861616 0.00816138 0.008139 0.00814594 0.00810454 0.00837863 0.0082187 0.00813923 0.00813501 0.00819818 0.00812146 0.00810065 0.00895124 
0.00836694 0.0081892 0.00845527 0.00862664 0.00842171 0.0086053 0.00835644 0.00859641 0.00916814 0.00918533 0.0102518 0.00872875 0.0106773 0.00894203 0.0135678 0.0161018 0.00936965 0.00843598 0.0883374 0.0185716 0.0118371 0.00385523 0 0.00462542 0.00782404 0.98529 0.00820776 0.0121014 0.011147 0.0253934 0.008855 0.00943339 0.0136418 0.00883718 0.00925217 0.00909154 0.00878564 0.00931976 0.00874127 0.00832435 0.00890432 0.00859885 0.00837081 0.00866144 0.00811344 0.00914873 0.00813418 0.00813531 0.00836459 0.00834347 0.00835352 0.00828121 0.00805723 0.00822995 0.00812892 0.00829545 0.00817842 0.00812624 0.00809102 0.00829827 0.00829394 0.00826383 0.00820329 0.00829721 0.00831511 0.00824969 0.00834905 0.00813308 0.00820208 0.00836748 0.00834764 0.00831681 0.00827593 0.00837013 0.00825856 
0.0088974 0.00938665 0.00933095 0.00830376 0.00843726 0.00821083 0.00843998 0.00863777 0.00933057 0.0116551 0.00928885 0.00907995 0.00885362 0.00981201 0.0155803 0.00901992 0.010515 0.0683869 0.0103568 0.0140995 0.0326475 0.0100063 0.00462542 0 0.995614 0.00718505 0.00945408 0.0144165 0.0116062 0.00952013 0.0112174 0.016184 0.00908611 0.0103531 0.0134035 0.00911433 0.00896319 0.00857576 0.00961852 0.00939459 0.0087468 0.00834547 0.00868586 0.00850559 0.00954177 0.00827938 0.00857311 0.00834229 0.0082671 0.00820643 0.00815355 0.00827374 0.00844329 0.00804132 0.00808679 0.0080932 0.00815637 0.00825216 0.00829682 0.00811834 0.00813043 0.00815522 0.00816761 0.00834232 0.00814655 0.00815689 0.00815087 0.00805742 0.00836818 0.00820021 0.00820044 0.00816895 0.00832255 0.008292 0.00868685 
0.00854366 0.0116358 0.00960879 0.00834175 0.00857887 0.00871781 0.0102192 0.00923038 0.0103214 0.0102409 0.00899419 0.00947466 0.00902398 0.011321 0.013074 0.00972156 0.0231423 0.0124625 0.0125108 0.0153647 0.0179773 0.00783663 0.00782404 0.995614 0 0.00483298 0.0047184 0.0150891 0.0150587 0.0124969 0.0234972 0.0124585 0.00933491 0.0188685 0.0102422 0.00962686 0.00929369 0.00935485 0.0115668 0.00899976 0.00834151 0.00858727 0.00958917 0.0092865 0.0105791 0.00827992 0.0093578 0.00836183 0.00819406 0.00821313 0.00862739 0.00934225 0.00834445 0.00806804 0.00838355 0.008178 0.00910902 0.00850539 0.00829838 0.00813571 0.00812483 0.00812135 0.0086875 0.00855623 0.00817094 0.00819447 0.00818638 0.00839726 0.00828071 0.00827506 0.00838691 0.0084389 0.00820502 0.00827853 0.00909672 
0.00826151 0.00834049 0.00844639 0.00865154 0.00845889 0.00986004 0.008459 0.00861319 0.0088982 0.00914365 0.00998421 0.00900755 0.0126593 0.00895075 0.0132247 0.0152169 0.00951453 0.00971531 0.0220768 0.0159414 0.0112275 0.00891159 0.98529 0.00718505 0.00483298 0 0.00380647 0.015349 0.0221408 0.0637863 0.0096245 0.0101035 0.0159937 0.00932758 0.0105301 0.0126223 0.00961312 0.0114303 0.00909925 0.00849837 0.00930658 0.00897568 0.00877841 0.00861835 0.00857635 0.00952963 0.0082058 0.00814403 0.00844579 0.00847354 0.00839243 0.00834097 0.00810979 0.0082414 0.00814063 0.00827543 0.00825766 0.00818339 0.00804679 0.00844849 0.00829336 0.0083498 0.00822859 0.00822667 0.00832576 0.00825552 0.00837866 0.00812166 0.00812647 0.00844122 0.00849776 0.00832512 0.00827911 0.00833025 0.00827762 
0.00922707 0.0106982 0.0102027 0.00856244 0.00881832 0.00835422 0.00897217 0.00899459 0.00993384 0.0129758 0.00990122 0.00985504 0.00953899 0.0105418 0.0169238 0.00977359 0.0125361 0.0316355 0.0104075 0.0136733 0.0298468 0.952055 0.00820776 0.00945408 0.0047184 0.00380647 0 0.017619 0.0228249 0.0179063 0.0364814 0.018362 0.00983486 0.0120093 0.0168557 0.0100779 0.0095354 0.00916462 0.0118567 0.0109398 0.00916433 0.00892131 0.00923946 0.008798 0.012586 0.0082892 0.00992871 0.00899097 0.00854802 0.00838445 0.00829821 0.0083991 0.00915756 0.00815261 0.00836059 0.0081591 0.00874219 0.00870059 0.00872626 0.00819275 0.00814042 0.00825515 0.00823065 0.00882134 0.00828627 0.00828954 0.00816734 0.00817336 0.00866987 0.00831082 0.00827729 0.00826774 0.00850096 0.0083279 0.00920218 
0.00845388 0.00946784 0.00906558 0.00919437 0.00889192 0.00952034 0.00973995 0.00921934 0.00989404 0.0113067 0.0123719 0.0124742 0.0111072 0.0123306 0.0187324 0.00931932 0.01767 0.0140815 0.024477 0.0133754 0.0433354 0.00937617 0.0121014 0.0144165 0.0150891 0.015349 0.017619 0 0.00389447 0.00369566 0.00442728 0.0955969 0.01455 0.0312723 0.0244508 0.0263148 0.0164484 0.0145158 0.0220448 0.0188896 0.0149998 0.0107011 0.0215379 0.0110439 0.00873715 0.0107434 0.0102523 0.00895752 0.00893884 0.00909264 0.00889624 0.0109035 0.00816436 0.00831819 0.00817771 0.00847164 0.00937754 0.00858492 0.00831697 0.00839111 0.00854326 0.00823694 0.00943997 0.00870133 0.0085123 0.0084455 0.00852269 0.00877097 0.00853991 0.0084597 0.00867051 0.00891519 0.00833298 0.00851334 0.00904823 
0.00828291 0.00945483 0.00868406 0.00971384 0.0117803 0.00984802 0.00989517 0.00814877 0.00821328 0.0095047 0.0148631 0.0353934 0.015286 0.00972984 0.0113137 0.0197928 0.0101717 0.0132582 0.0210432 0.0693594 0.0137217 0.0112158 0.011147 0.0116062 0.0150587 0.0221408 0.0228249 0.00389447 0 0.00364191 0.00359194 0.403323 0.0697253 0.0190623 0.0157748 0.0434032 0.0843624 0.0330313 0.0135263 0.011806 0.0359636 0.0314967 0.011653 0.00850067 0.0110765 0.00947335 0.0106804 0.00903707 0.00998461 0.0111829 0.0100197 0.00891379 0.00836698 0.00838784 0.00873123 0.00847889 0.00881344 0.00809319 0.00840966 0.00944784 0.00911466 0.0091872 0.00855934 0.00885549 0.00937454 0.00949754 0.00910534 0.00842444 0.00844304 0.00904558 0.00896259 0.00881817 0.00838264 0.00844085 0.00836141 
0.00825897 0.00837457 0.00873045 0.0095988 0.0103925 0.0143386 0.0092173 0.0081553 0.00854755 0.00928379 0.0117359 0.0198203 0.036972 0.0116906 0.0110549 0.0112317 0.0120716 0.0107629 0.0417245 0.0369642 0.0366601 0.00909772 0.0253934 0.00952013 0.0124969 0.0637863 0.0179063 0.00369566 0.00364191 0 0.00397612 0.0166546 0.554996 0.0270897 0.0138888 0.0303751 0.0339165 0.169866 0.0380879 0.0103409 0.0241943 0.0422925 0.0236803 0.00902353 0.00900878 0.0141344 0.00931144 0.0088334 0.0101839 0.0124023 0.0105134 0.00891466 0.00816554 0.00852137 0.00839197 0.0085915 0.00828018 0.00818555 0.00849364 0.0091889 0.00959644 0.00918475 0.00888449 0.00853813 0.0091672 0.00931704 0.010328 0.00889205 0.00832525 0.00888079 0.00896655 0.00905935 0.00841719 0.00837878 0.0082518 
0.00909627 0.00894105 0.00904653 0.00868624 0.00912432 0.00879558 0.0091343 0.00858665 0.00914354 0.0107283 0.00980179 0.0123696 0.0128325 0.0143985 0.012299 0.00918243 0.0121479 0.0206195 0.010645 0.0181759 0.0436625 0.0167843 0.008855 0.0112174 0.0234972 0.0096245 0.0364814 0.00442728 0.00359194 0.00397612 0 0.0300701 0.0138205 0.501506 0.0221475 0.0158236 0.0201171 0.0232586 0.0834862 0.0152511 0.0118054 0.0148153 0.0243974 0.0101671 0.0105864 0.008938 0.0109385 0.0103197 0.00919071 0.00959808 0.00926306 0.00874502 0.0094497 0.0082022 0.00821352 0.00821845 0.0086542 0.00867555 0.00879372 0.00853058 0.00859518 0.00854785 0.00868684 0.00892994 0.00852208 0.00851527 0.00892072 0.00878812 0.00839088 0.00835578 0.00828938 0.00909711 0.00837262 0.00840944 0.00887841 
0.00814527 0.00948726 0.00878062 0.00838646 0.00844396 0.00840674 0.00893608 0.00846062 0.00862265 0.0092308 0.00858971 0.00923185 0.00878346 0.00923197 0.00948347 0.00860567 0.0121533 0.0112371 0.0102699 0.0113999 0.0170175 0.0105859 0.00943339 0.016184 0.0124585 0.0101035 0.018362 0.0955969 0.403323 0.0166546 0.0300701 0 0.00396431 0.00360322 0.113754 0.0371312 0.0240168 0.015224 0.0221404 0.0225893 0.0125895 0.011243 0.0166546 0.0103187 0.010956 0.00923741 0.0120478 0.00960389 0.00897995 0.00909628 0.0089 0.0107036 0.0083388 0.0081727 0.00821293 0.00814188 0.00990797 0.00849849 0.0083739 0.00828967 0.00828624 0.00823682 0.0102109 0.00886543 0.00830922 0.00835092 0.00831184 0.00863444 0.00831715 0.008358 0.00833921 0.00867613 0.00812453 0.00822444 0.00852892 
0.00810496 0.00825174 0.008214 0.00856723 0.00870753 0.00896569 0.00845605 0.00811811 0.00815987 0.00834134 0.00923593 0.00998959 0.0106189 0.00894352 0.008634 0.0107112 0.00853102 0.00904623 0.0121638 0.0185107 0.0129126 0.00860158 0.0136418 0.00908611 0.00933491 0.0159937 0.00983486 0.01455 0.0697253 0.554996 0.0138205 0.00396431 0 0.00357138 0.021593 0.111057 0.0389621 0.12011 0.0229655 0.0113461 0.023877 0.0289921 0.0138257 0.00891999 0.00889583 0.0130412 0.00923072 0.00838227 0.0104489 0.0100411 0.0102097 0.0086088 0.00810291 0.00854683 0.00811997 0.00839122 0.00819093 0.00810666 0.00815862 0.0086647 0.00881318 0.00885515 0.008555 0.00827204 0.00886228 0.00856201 0.00902449 0.00839855 0.00809664 0.00855879 0.00875626 0.00863229 0.00833892 0.00846064 0.0081615 
0.00868429 0.00918794 0.00902053 0.00853483 0.00888002 0.00847985 0.00854287 0.00852903 0.0089108 0.00966609 0.00883669 0.00915639 0.00954351 0.00955805 0.011512 0.00869274 0.0100964 0.0142081 0.0106422 0.0109124 0.022608 0.0153941 0.00883718 0.0103531 0.0188685 0.00932758 0.0120093 0.0312723 0.0190623 0.0270897 0.501506 0.00360322 0.00357138 0 0.0295147 0.0161346 0.0355142 0.0539085 0.234169 0.0195288 0.011972 0.0152044 0.0301477 0.0132707 0.0123723 0.00927889 0.0116066 0.010715 0.00927508 0.0100021 0.00976642 0.00972107 0.0100581 0.00828826 0.00845527 0.00840888 0.00903591 0.00916321 0.00943619 0.00843441 0.00892675 0.00855279 0.00926887 0.00959431 0.00860818 0.00871538 0.00904242 0.0087121 0.00876714 0.00834439 0.00846022 0.00899604 0.00836336 0.00833819 0.00892809 
0.0082796 0.00960561 0.00895486 0.00844921 0.00842484 0.00844866 0.00896972 0.00881984 0.00918605 0.00939324 0.00907164 0.00895828 0.00943028 0.0128517 0.0100286 0.00847712 0.0129643 0.00967478 0.0101448 0.0126648 0.022195 0.00924972 0.00925217 0.0134035 0.0102422 0.0105301 0.0168557 0.0244508 0.0157748 0.0138888 0.0221475 0.113754 0.021593 0.0295147 0 0.0036656 0.00360573 0.00368079 0.00399305 0.0844272 0.0379966 0.0116832 0.0350654 0.0189135 0.0142696 0.0125349 0.0250355 0.0136561 0.0117641 0.0113346 0.0108522 0.0213781 0.00896412 0.00851306 0.00845295 0.00908324 0.0129982 0.0104435 0.00922702 0.00900553 0.00879318 0.0084942 0.0190114 0.0115425 0.00893347 0.00862164 0.00869011 0.00989223 0.00883794 0.00846648 0.0085458 0.00957103 0.00826626 0.00839647 0.00879324 
0.00813642 0.0084871 0.00842614 0.00871223 0.00906522 0.00888355 0.00892386 0.00827512 0.00826055 0.00869287 0.00936515 0.0122529 0.0108808 0.0093496 0.00954105 0.0093017 0.00923269 0.00993637 0.0130685 0.0214788 0.0130876 0.00847363 0.00909154 0.00911433 0.00962686 0.0126223 0.0100779 0.0263148 0.0434032 0.0303751 0.0158236 0.0371312 0.111057 0.0161346 0.0036656 0 0.00358997 0.00364696 0.00374076 0.44761 0.077133 0.0827309 0.0145829 0.0135525 0.0107416 0.0271842 0.0118068 0.0131046 0.0302687 0.0215244 0.0186245 0.0104046 0.00873641 0.00881317 0.00890797 0.00960614 0.00926151 0.00831351 0.00874904 0.0127371 0.0113585 0.0111867 0.00961462 0.00935178 0.0111687 0.0114853 0.0108514 0.00890573 0.00837374 0.00919878 0.00935843 0.00897035 0.0084239 0.00839988 0.00833847 
0.00823186 0.00916232 0.00871388 0.0098326 0.0106414 0.0113632 0.00889341 0.00829207 0.00825586 0.00913856 0.0119481 0.019101 0.0133951 0.00997429 0.00925535 0.00951947 0.00908235 0.0098282 0.0202531 0.0321037 0.0151216 0.00853819 0.00878564 0.00896319 0.00929369 0.00961312 0.0095354 0.0164484 0.0843624 0.0339165 0.0201171 0.0240168 0.0389621 0.0355142 0.00360573 0.00358997 0 0.00360121 0.00358625 0.0309983 0.591968 0.0498438 0.0351617 0.00939178 0.0173262 0.0164403 0.0156349 0.0120658 0.0351003 0.0873197 0.0198782 0.0102125 0.00885102 0.0095561 0.0123238 0.00944246 0.00907475 0.00834565 0.00917766 0.0148164 0.0290532 0.0130935 0.0099472 0.0101138 0.0154694 0.0246016 0.0132243 0.00923222 0.00940899 0.0107238 0.0112279 0.00982395 0.00872899 0.00852513 0.00843104 
0.00822618 0.00836851 0.00866921 0.00940095 0.00993474 0.00962684 0.009171 0.00815144 0.008241 0.00895657 0.0103167 0.0133777 0.0167424 0.0101894 0.00892934 0.00973153 0.00899811 0.0104276 0.0148669 0.0409792 0.0246058 0.00859782 0.00931976 0.00857576 0.00935485 0.0114303 0.00916462 0.0145158 0.0330313 0.169866 0.0232586 0.015224 0.12011 0.0539085 0.00368079 0.00364696 0.00360121 0 0.0036955 0.0361272 0.0468979 0.761855 0.0447955 0.0120968 0.0125213 0.0348945 0.0156948 0.0114189 0.0303243 0.0379005 0.0382863 0.0103205 0.00889047 0.00992893 0.00912291 0.0103944 0.00867984 0.00864228 0.00921311 0.0151518 0.0168284 0.0233543 0.0102414 0.00983564 0.0126779 0.0157483 0.0192139 0.0105488 0.00890047 0.00996909 0.010927 0.0100966 0.00863535 0.00867422 0.00822548 
0.00844885 0.00884235 0.00867798 0.00888923 0.00933707 0.00872707 0.00966766 0.00832532 0.00910269 0.00905015 0.00931484 0.0104209 0.0113411 0.0108809 0.00931858 0.00861903 0.0102744 0.0109036 0.0103076 0.0134172 0.0293214 0.00975658 0.00874127 0.00961852 0.0115668 0.00909925 0.0118567 0.0220448 0.0135263 0.0380879 0.0834862 0.0221404 0.0229655 0.234169 0.00399305 0.00374076 0.00358625 0.0036955 0 0.01689 0.0358618 0.0845275 0.647585 0.0187169 0.0134569 0.0140735 0.0305987 0.0151259 0.0124067 0.0152329 0.0146505 0.0215968 0.0106882 0.00864994 0.00864231 0.00914224 0.0101642 0.00993531 0.0110245 0.00954236 0.011347 0.0121422 0.018263 0.0111896 0.00951796 0.00973574 0.0124272 0.0227548 0.00905764 0.00930316 0.00897511 0.0131789 0.00861713 0.00883784 0.00879503 
0.0082438 0.00873783 0.00849649 0.00841544 0.00847555 0.0084341 0.00855146 0.00821947 0.00843595 0.00863649 0.00857547 0.00882229 0.00870191 0.00848443 0.00882683 0.0083019 0.00912397 0.00928146 0.00880093 0.00990642 0.0115723 0.0084256 0.00832435 0.00939459 0.00899976 0.00849837 0.0109398 0.0188896 0.011806 0.0103409 0.0152511 0.0225893 0.0113461 0.0195288 0.0844272 0.44761 0.0309983 0.0361272 0.01689 0 0.00367065 0.0036362 0.00375834 0.0276033 0.233942 0.0136594 0.0374277 0.0256259 0.0163339 0.0130979 0.0114476 0.0181439 0.00978354 0.00877709 0.00877766 0.00889822 0.0129367 0.00968962 0.0103534 0.0100757 0.0094395 0.00905152 0.0142465 0.0139088 0.00973274 0.00936751 0.009117 0.0103616 0.00874094 0.00881189 0.00872223 0.00958582 0.00832428 0.00825777 0.00887172 
0.00826996 0.00849839 0.00851042 0.00883979 0.00915339 0.00888751 0.00871651 0.00834192 0.00821671 0.00856615 0.00954548 0.0102718 0.00951666 0.00871298 0.00862003 0.00904625 0.00889674 0.00877634 0.0111083 0.0130694 0.0102317 0.0082579 0.00890432 0.0087468 0.00834151 0.00930658 0.00916433 0.0149998 0.0359636 0.0241943 0.0118054 0.0125895 0.023877 0.011972 0.0379966 0.077133 0.591968 0.0468979 0.0358618 0.00367065 0 0.00363301 0.00359457 0.0169463 0.0211487 0.229901 0.0117333 0.0164349 0.0543332 0.0399858 0.0178193 0.0121333 0.00892634 0.0113287 0.00948796 0.0119195 0.00995676 0.00852806 0.00935789 0.0159541 0.0232656 0.0116503 0.011532 0.0101302 0.0182324 0.0153878 0.0126255 0.00923561 0.00943389 0.0108819 0.0102113 0.00927725 0.00851399 0.00860801 0.00872585 
0.00813554 0.00831134 0.00855853 0.00877283 0.00961966 0.00893256 0.00870217 0.00819259 0.00817688 0.00879674 0.00925509 0.0117105 0.0114882 0.00898462 0.00848636 0.00900742 0.00868751 0.00907349 0.010634 0.0177869 0.0128618 0.00831655 0.00859885 0.00834547 0.00858727 0.00897568 0.00892131 0.0107011 0.0314967 0.0422925 0.0148153 0.011243 0.0289921 0.0152044 0.0116832 0.0827309 0.0498438 0.761855 0.0845275 0.0036362 0.00363301 0 0.00361809 0.0112113 0.0336966 0.0391673 0.0978588 0.0123467 0.0306942 0.0508321 0.0401017 0.0118051 0.00926688 0.0097546 0.0123417 0.010351 0.00985697 0.00862992 0.00910802 0.0202762 0.0200753 0.0461773 0.010466 0.010295 0.0133463 0.0273587 0.0316723 0.010053 0.00910957 0.0108191 0.0148268 0.0102818 0.00869301 0.00861295 0.00829425 
0.00848558 0.00872607 0.00896705 0.00865447 0.0103508 0.00905255 0.00937379 0.00843738 0.00866289 0.00900547 0.00892021 0.00971354 0.0109069 0.00977148 0.00903291 0.00847115 0.00931331 0.0094201 0.00962146 0.0102179 0.0162981 0.00893322 0.00837081 0.00868586 0.00958917 0.00877841 0.00923946 0.0215379 0.011653 0.0236803 0.0243974 0.0166546 0.0138257 0.0301477 0.0350654 0.0145829 0.0351617 0.0447955 0.647585 0.00375834 0.00359457 0.00361809 0 0.0525153 0.0161427 0.0387702 0.0593535 0.0257282 0.0157948 0.0225332 0.0282856 0.0276448 0.01274 0.00955144 0.00926127 0.0105053 0.0117061 0.0115225 0.013539 0.0106722 0.0143868 0.0150646 0.021831 0.0126757 0.0105354 0.0104482 0.0148074 0.0204481 0.0100521 0.00937339 0.0100027 0.0160902 0.00890133 0.00950726 0.00893762 
0.00951356 0.00950305 0.00886529 0.00849579 0.00826559 0.00826227 0.00830903 0.0112863 0.0119243 0.00879663 0.00839999 0.00822817 0.00828718 0.00854128 0.0101638 0.00824248 0.00863898 0.0083926 0.00847655 0.00832157 0.0090401 0.00838173 0.00866144 0.00850559 0.0092865 0.00861835 0.008798 0.0110439 0.00850067 0.00902353 0.0101671 0.0103187 0.00891999 0.0132707 0.0189135 0.0135525 0.00939178 0.0120968 0.0187169 0.0276033 0.0169463 0.0112113 0.0525153 0 0.0213794 0.0274316 0.0839012 0.012498 0.0130817 0.0106318 0.0105637 0.0450471 0.0105655 0.00973936 0.00835831 0.0116806 0.0119954 0.103402 0.0108547 0.00896412 0.00895199 0.00852826 0.0161549 0.0113965 0.00869928 0.00838542 0.00879164 0.00965421 0.00937685 0.00834934 0.00843962 0.00922599 0.00832107 0.00892086 0.0114683 
0.00839254 0.0125771 0.00931209 0.00866706 0.00887708 0.00847703 0.00952929 0.00839488 0.00878104 0.00867818 0.00870799 0.00932363 0.00847427 0.00861745 0.00828378 0.00851521 0.00945845 0.00996657 0.00833439 0.00968044 0.00963434 0.00947639 0.00811344 0.00954177 0.0105791 0.00857635 0.012586 0.00873715 0.0110765 0.00900878 0.0105864 0.010956 0.00889583 0.0123723 0.0142696 0.0107416 0.0173262 0.0125213 0.0134569 0.233942 0.0211487 0.0336966 0.0161427 0.0213794 0 0.00395677 0.00429826 0.00492581 0.00615249 0.00689373 0.0261417 0.010226 0.0286578 0.00900868 0.0214895 0.00976117 0.0681414 0.0108574 0.0153889 0.0125156 0.00934403 0.022276 0.0153249 0.0405229 0.0117611 0.0154333 0.00998259 0.0141631 0.0113363 0.0108443 0.00982842 0.0115174 0.00945458 0.00904506 0.0103106 
0.00868133 0.00842026 0.00879488 0.00906599 0.00890923 0.00889091 0.00854139 0.00862382 0.00887885 0.00897189 0.00887461 0.00917237 0.00913689 0.00842435 0.00921985 0.00871941 0.00847641 0.00822974 0.00959649 0.0093366 0.00902445 0.00807388 0.00914873 0.00827938 0.00827992 0.00952963 0.0082892 0.0107434 0.00947335 0.0141344 0.008938 0.00923741 0.0130412 0.00927889 0.0125349 0.0271842 0.0164403 0.0348945 0.0140735 0.0136594 0.229901 0.0391673 0.0387702 0.0274316 0.00395677 0 0.00370313 0.00388366 0.0110135 0.0101916 0.00843252 0.00903946 0.0083739 0.0277981 0.00835698 0.068412 0.00919256 0.0229137 0.0141773 0.023236 0.0219711 0.0116394 0.0181165 0.0147788 0.0465388 0.0116018 0.040684 0.0101041 0.00989222 0.0118393 0.023744 0.0106561 0.00898769 0.00969245 0.00838344 
0.00859128 0.00952238 0.00869153 0.00840879 0.00868641 0.00833861 0.00850156 0.00854403 0.00852439 0.00882977 0.00848263 0.008849 0.0085232 0.0085973 0.00860241 0.00821511 0.00867545 0.00938006 0.0085221 0.00869887 0.0101729 0.00916849 0.00813418 0.00857311 0.0093578 0.0082058 0.00992871 0.0102523 0.0106804 0.00931144 0.0109385 0.0120478 0.00923072 0.0116066 0.0250355 0.0118068 0.0156349 0.0156948 0.0305987 0.0374277 0.0117333 0.0978588 0.0593535 0.0839012 0.00429826 0.00370313 0 0.00819807 0.00803941 0.00437675 0.0050038 0.00531152 0.0171312 0.00832492 0.0173872 0.00881717 0.0266872 0.0164938 0.0233555 0.0157459 0.0115432 0.0276306 0.0201999 0.0321241 0.0113559 0.0156534 0.0165954 0.0367631 0.0152585 0.0101582 0.0105435 0.0182478 0.0112137 0.00915729 0.00974935 
