1XCAA
PNFSGNWKIIRSENFEELLKVLGVNVMLRKIAVAAASKPAVEIKQEGDTFYIKTSTTVRTTEINFKVGEEFEEQTVDGRPCKSLVKWESENKMVCEQKLLKGEGPKTSWTMELTNDGELILTMTADDVVCTRVYVRE
CCCCEEEEEEEEECHHHHHHHHCCCCCHHHHHHHHCCCCEEEEEEECCEEEEEEECCCCEEEEEEECCECEEEECCCCCEEEEEEEEEECCEEEEEEEECCCCCCCCEEEEEECCCCEEEEEEEECCEEEEEEEEEC
0 0 0 0 0 0 0 0 0 0 0 0 0 0 0 0 0 0 0 0 0 0 0 0 0 0 0 0 0 0 0 0 0 0 0 0 0 0 0 0 0 0 0 0 0 0 0 0 0 0 0 0 0 0 0 0 0 0 0 0 0 0 0 0 0 0 0 0 0 0 0 0 0 0 0 0 0 0 0 0 0 0 0 0 0 0 0 0 0 0 0 0 0 0 0 0 0 0 0 0 0 0 0 0 0 0 0 0 0 0 0 0 0 0 0 0 0 0 0 0 0 0 0 0 0 0 0 0 0 0 0 0 0 0 0 0 0 
0 0 0 0 0 0 0 0 0 0 0 0 0 0 0 0 0 0 0 0 0 0 0 0 0 0 0 0 0 0 0 0 0 0 0 0 0 0 0 0 0 0 0 0 0 0 0 0 0 0 0 0 0 0 0 0 0 0 0 0 0 0 0 0 0 0 0 0 0 0 0 0 0 0 0 0 0 0 0 0 0 0 0 0 0 0 0 0 0 0 0 0 0 0 0 0 0 0 0 0 0 0 0 0 0 0 0 0 0 0 0 0 0 0 0 0 0 0 0 0 0 0 0 0 0 0 0 0 0 0 0 0 0 0 0 0 0 
0 0.00370182 0.00383529 0.00362261 0.00363851 0.0037082 0.00366226 0.00396006 0.0055494 0.0114988 0.0119552 0.0087223 0.0121917 0.0083983 0.0108142 0.00962395 0.00929652 0.0104806 0.00866981 0.0111769 0.00841351 0.00964696 0.0104005 0.0103231 0.00927707 0.00833073 0.0108271 0.0082681 0.011627 0.00866838 0.0088055 0.00933603 0.00801515 0.00880577 0.00859372 0.00819658 0.00899497 0.0082474 0.00873063 0.00840235 0.00892489 0.00816439 0.00828003 0.00805627 0.00893737 0.00825985 0.00836039 0.00838672 0.00846788 0.00819879 0.00856588 0.00814503 0.0112585 0.0081582 0.00832721 0.00830797 0.00883364 0.00824278 0.0100114 0.00819906 0.00843487 0.00844665 0.00844549 0.00828553 0.0087027 0.00819991 0.01068 0.00831851 0.00820711 0.0083737 0.00826238 0.00824068 0.00826727 0.00822581 0.00815201 0.00853609 
0.00370182 0 0.00360697 0.003624 0.00357738 0.00363696 0.003886 0.00591978 0.00379083 0.0148157 0.00941512 0.0281962 0.00845773 0.0146868 0.00837535 0.00911079 0.00983897 0.00880077 0.0180518 0.00851524 0.0129821 0.00888197 0.0112336 0.00872669 0.0083561 0.0109966 0.00832145 0.0142035 0.00835791 0.0110647 0.00814727 0.00813855 0.00938345 0.00826328 0.00875476 0.00855271 0.00830579 0.00919623 0.00836447 0.00958187 0.00839566 0.00887218 0.00805735 0.00840305 0.00807252 0.00834066 0.00899532 0.00901273 0.00842423 0.00886135 0.00807894 0.0119442 0.00828368 0.00830978 0.00829235 0.00867263 0.00825665 0.0103518 0.00825121 0.00823625 0.00829634 0.00873791 0.00843589 0.00884745 0.00818313 0.0106496 0.00816543 0.00810761 0.00844747 0.00839529 0.00841677 0.00837489 0.00829225 0.0082857 0.00874993 0.00821354 
0.00383529 0.00360697 0 0.00354903 0.00354419 0.00355661 0.00369006 0.00438381 0.00406457 0.0101058 0.0446628 0.00894002 0.0356668 0.00852562 0.0120808 0.00839295 0.00857535 0.0170632 0.00883756 0.0321281 0.00878016 0.0104388 0.00876569 0.00913018 0.0101968 0.00846078 0.0263962 0.00847061 0.0191035 0.00833468 0.00854967 0.01065 0.00831215 0.00980198 0.00822708 0.00811106 0.0111738 0.00847199 0.0125221 0.00892107 0.0123712 0.00844897 0.0111245 0.00817519 0.00829884 0.00822381 0.00940224 0.00906829 0.0119324 0.00851863 0.0159689 0.00824147 0.00935555 0.00815984 0.00917759 0.00864169 0.0106858 0.00853719 0.00869299 0.00812175 0.00894166 0.00918359 0.0102752 0.00878329 0.0116041 0.00836756 0.0085981 0.00837704 0.00845455 0.00934454 0.00882471 0.00894599 0.00907066 0.0088914 0.00841739 0.0084539 
0.00362261 0.003624 0.00354903 0 0.00354524 0.00360276 0.00373354 0.00358524 0.00395816 0.0264932 0.00932436 0.0682716 0.00882649 0.0306561 0.00853572 0.00945999 0.0143236 0.00882926 0.0525774 0.00893549 0.0248943 0.00903676 0.00946809 0.0095832 0.00845739 0.02402 0.00867952 0.0418626 0.00863446 0.0116032 0.00825996 0.00834085 0.0119339 0.00855097 0.00879906 0.00969546 0.00836859 0.0172718 0.00902754 0.013107 0.00914368 0.01788 0.00835691 0.00886995 0.0080733 0.00909844 0.00886448 0.0149597 0.00890061 0.0199996 0.00844216 0.0106862 0.00826333 0.00919246 0.00851985 0.0120301 0.00886407 0.011439 0.00838563 0.00892042 0.00867875 0.0117016 0.00943081 0.0149246 0.00884823 0.0103432 0.00829737 0.00851579 0.0093615 0.00901858 0.0101259 0.00930065 0.00882549 0.00898538 0.00849776 0.00829372 
0.00363851 0.00357738 0.00354419 0.00354524 0 0.00358192 0.00357876 0.00363393 0.0035806 0.0106881 0.0550966 0.00962743 0.039153 0.0090013 0.0135044 0.00859264 0.00864568 0.0262948 0.00915996 0.0346148 0.00920099 0.0111292 0.0089014 0.0092074 0.0141152 0.00874362 0.0294214 0.00882425 0.0171705 0.00847887 0.00857173 0.0110669 0.00852891 0.010292 0.00837852 0.00828723 0.0131843 0.00860637 0.0157005 0.0103425 0.0219428 0.0086387 0.0107005 0.00835385 0.00832136 0.00853588 0.011031 0.00979321 0.0259213 0.00896146 0.012858 0.00844893 0.00936418 0.00831831 0.0108031 0.00913586 0.0131923 0.00938591 0.00869634 0.00823115 0.0100902 0.0100597 0.0139166 0.00909956 0.0130896 0.00865868 0.00869897 0.00857185 0.0087122 0.0117462 0.00907492 0.00945219 0.00919092 0.00909024 0.00846687 0.00856681 
0.0037082 0.00363696 0.00355661 0.00360276 0.00358192 0 0.00356847 0.00356527 0.00356154 0.0166009 0.010117 0.0302222 0.00995157 0.0126242 0.00869697 0.00866592 0.0104317 0.00935412 0.0167317 0.00974644 0.0127261 0.00928365 0.00908812 0.00942012 0.00877769 0.0137053 0.0093354 0.0132074 0.00880941 0.0094665 0.00830144 0.00884065 0.00884401 0.00865385 0.00854266 0.00850912 0.00850109 0.0099854 0.0102716 0.0128666 0.00926645 0.00973387 0.00854274 0.00846289 0.0081807 0.00851317 0.00882621 0.0124217 0.00927711 0.00996437 0.00852399 0.00867184 0.00840523 0.00847868 0.00895379 0.00969942 0.00942293 0.00929153 0.00834552 0.00837214 0.00881546 0.00991087 0.0096568 0.0107703 0.00897637 0.00878017 0.00824228 0.00834987 0.00862301 0.00889024 0.00948965 0.00881344 0.00870485 0.0085302 0.00859339 0.00819633 
0.00366226 0.003886 0.00369006 0.00373354 0.00357876 0.00356847 0 0.00372867 0.00357146 0.00978606 0.015749 0.0143577 0.0123052 0.0103168 0.0087368 0.00837631 0.00886266 0.00986147 0.0114425 0.0107281 0.00955628 0.00923182 0.00870476 0.00895299 0.00900515 0.0101135 0.009507 0.0100487 0.0087681 0.00857239 0.00828698 0.00858041 0.00848967 0.00859978 0.0082507 0.0083274 0.00860456 0.00907499 0.00991522 0.00917992 0.00902771 0.00887598 0.00838411 0.008228 0.00813139 0.00823215 0.00872531 0.00933587 0.00910151 0.00865563 0.00852899 0.00834902 0.00841405 0.00833903 0.00851759 0.00893837 0.00880503 0.00846959 0.00825732 0.0081782 0.00851511 0.00924906 0.00885389 0.00904604 0.00859223 0.0083442 0.00822107 0.0082137 0.00844155 0.00875891 0.00861474 0.00875839 0.00848967 0.00844631 0.00823125 0.00816427 
0.00396006 0.00591978 0.00438381 0.00358524 0.00363393 0.00356527 0.00372867 0 0.00358588 0.0100491 0.0147052 0.0111483 0.0109195 0.00908251 0.0113319 0.0083067 0.00909891 0.0111803 0.00932415 0.00964273 0.00878529 0.0101983 0.00870718 0.00955155 0.010153 0.0086237 0.00953656 0.00882433 0.00999724 0.00857247 0.00834794 0.00882259 0.00842289 0.0087038 0.0082063 0.00821636 0.00913823 0.00872311 0.00842969 0.00848577 0.00861569 0.00820728 0.00827146 0.00822461 0.00807361 0.00830429 0.00874295 0.0085976 0.00842509 0.00827502 0.00830606 0.00827587 0.00832775 0.00825508 0.00834781 0.0083594 0.00829166 0.00836406 0.00821132 0.00829355 0.00875277 0.00843484 0.00851154 0.00836586 0.00836577 0.00827963 0.00817924 0.00819955 0.00834108 0.00839444 0.00835365 0.0082784 0.00827332 0.00832499 0.00824366 0.00811741 
0.0055494 0.00379083 0.00406457 0.00395816 0.0035806 0.00356154 0.00357146 0.00358588 0 0.0154583 0.0101216 0.0137063 0.00985221 0.0106457 0.00907914 0.012895 0.0148041 0.0104131 0.0103848 0.00915037 0.00908181 0.00884948 0.0110806 0.0178726 0.00875315 0.00859127 0.00883577 0.00957748 0.00880448 0.0101339 0.0112282 0.0112467 0.0087108 0.00846652 0.00915691 0.0119987 0.00899361 0.00831714 0.00862477 0.00890738 0.00855051 0.00839185 0.00830563 0.00810928 0.00834876 0.0105751 0.00897385 0.00869974 0.00852728 0.00841696 0.00825817 0.00824813 0.00870012 0.0110511 0.0085987 0.00840039 0.00853059 0.00836562 0.00855088 0.00955871 0.00878106 0.00852891 0.00842841 0.00841558 0.00837992 0.00845125 0.00827367 0.00935513 0.00837357 0.00839642 0.00840162 0.00832262 0.00852082 0.00834925 0.00844943 0.00813811 
0.0114988 0.0148157 0.0101058 0.0264932 0.0106881 0.0166009 0.00978606 0.0100491 0.0154583 0 0.00381254 0.00360023 0.0035363 0.00375504 0.00370946 0.00474813 0.00632745 0.00564718 0.0076703 0.00643069 0.00800352 0.0168471 0.966223 0.0129034 0.008628 0.0127929 0.00844966 0.0152436 0.00921003 0.048418 0.0114987 0.00944304 0.0112119 0.00874762 0.027603 0.0180384 0.00960205 0.0115982 0.0108336 0.0117078 0.00950322 0.0111182 0.00858947 0.00970536 0.0110187 0.0203056 0.0113766 0.0105575 0.00890863 0.00993098 0.00857109 0.014907 0.013287 0.0148994 0.00922574 0.0096674 0.00885848 0.0122991 0.0143292 0.0116514 0.0100033 0.0101503 0.00887937 0.0103654 0.00865252 0.0120955 0.0110414 0.00976516 0.00956074 0.00879631 0.00887791 0.00878338 0.00873469 0.00890292 0.00942492 0.0103766 
0.0119552 0.00941512 0.0446628 0.00932436 0.0550966 0.010117 0.015749 0.0147052 0.0101216 0.00381254 0 0.00357337 0.0035646 0.00359914 0.00599263 0.00362128 0.00446432 0.00843448 0.00649491 0.0102142 0.0135632 0.973689 0.0130862 0.00876896 0.0176459 0.0085226 0.0220554 0.00842237 0.0594746 0.00892808 0.0105752 0.0132005 0.00867468 0.0286512 0.00909527 0.00875017 0.0391033 0.00948945 0.0304235 0.0115841 0.0320298 0.00889322 0.0148549 0.00885989 0.0090469 0.0107692 0.0348983 0.0116255 0.026489 0.00939534 0.0284256 0.00904321 0.013315 0.00936939 0.0249951 0.0113725 0.0295737 0.0115913 0.0121813 0.00894279 0.0250898 0.0118223 0.0314119 0.0102438 0.0337146 0.00961496 0.00994827 0.011503 0.0108622 0.0161066 0.0126638 0.0113548 0.0118025 0.0101216 0.0106506 0.00883612 
0.0087223 0.0281962 0.00894002 0.0682716 0.00962743 0.0302222 0.0143577 0.0111483 0.0137063 0.00360023 0.00357337 0 0.00357484 0.00400354 0.00356167 0.00507575 0.00639835 0.00492765 0.0119228 0.00747901 0.990136 0.010904 0.00824342 0.00954406 0.00817927 0.0228565 0.00831544 0.0564595 0.00865003 0.0217769 0.00858444 0.00875147 0.0275157 0.00868196 0.0116049 0.0130662 0.00897608 0.0401139 0.0122076 0.0453294 0.0104523 0.043467 0.00906077 0.0122554 0.00863196 0.0133962 0.0119066 0.0575079 0.0107393 0.0519081 0.00927838 0.0209392 0.00886887 0.012246 0.0106195 0.0428647 0.0129668 0.0292698 0.00903489 0.0100168 0.0113651 0.049582 0.0141015 0.0802238 0.0114121 0.0206022 0.00874227 0.0094147 0.0186499 0.0156998 0.0184328 0.018861 0.0130844 0.0164917 0.0124454 0.00889099 
0.0121917 0.00845773 0.0356668 0.00882649 0.039153 0.00995157 0.0123052 0.0109195 0.00985221 0.0035363 0.0035646 0.00357484 0 0.00355351 0.00357288 0.00355116 0.00367897 0.0124395 0.00629162 0.992977 0.00753941 0.00966232 0.00685683 0.00775416 0.0112579 0.00815574 0.0525601 0.0084335 0.0279293 0.00836329 0.00959419 0.016384 0.00832144 0.0171724 0.00876071 0.00845821 0.0243509 0.0090531 0.0385487 0.0119582 0.0406367 0.00919499 0.0217701 0.00863007 0.00879634 0.00950472 0.0232317 0.0123488 0.0588801 0.00957131 0.0296478 0.00894318 0.011183 0.00894383 0.0285161 0.0116528 0.0597391 0.0097903 0.0107363 0.00880728 0.0180112 0.015066 0.0704481 0.0118543 0.0504404 0.00921083 0.00979572 0.0102539 0.0106074 0.0280734 0.0184412 0.0143217 0.0247943 0.0109476 0.0095858 0.00912601 
0.0083983 0.0146868 0.00852562 0.0306561 0.0090013 0.0126242 0.0103168 0.00908251 0.0106457 0.00375504 0.00359914 0.00400354 0.00355351 0 0.0035372 0.00360019 0.00639066 0.00502002 0.994052 0.00631245 0.0139988 0.00591126 0.0065805 0.00791618 0.0076764 0.0555014 0.0078098 0.023716 0.00826796 0.013603 0.00799104 0.00829654 0.0177687 0.00833978 0.00974365 0.0107873 0.00850752 0.0251262 0.00963816 0.0177046 0.00901315 0.0248514 0.00858973 0.010039 0.00831324 0.010014 0.0097799 0.0333367 0.0096044 0.0280765 0.00875302 0.0146107 0.00858923 0.0102282 0.0091378 0.0275307 0.00957792 0.0155578 0.00868185 0.00933789 0.00950286 0.0292309 0.0101373 0.0401177 0.00957488 0.0115352 0.00847702 0.00886717 0.0127097 0.0109078 0.013527 0.0139683 0.00948665 0.0101087 0.00877016 0.00842596 
0.0108142 0.00837535 0.0120808 0.00853572 0.0135044 0.00869697 0.0087368 0.0113319 0.00907914 0.00370946 0.00599263 0.00356167 0.00357288 0.0035372 0 0.00381809 0.00452371 0.998005 0.00434207 0.00797224 0.0045685 0.00656946 0.00550292 0.00798283 0.0419922 0.0073973 0.0132792 0.00741528 0.0233713 0.00756759 0.00897526 0.0130054 0.00816685 0.012205 0.00827311 0.00839132 0.0279504 0.00848613 0.0113948 0.00907034 0.0124363 0.00850251 0.00982237 0.00849266 0.00844588 0.0090828 0.0146346 0.00909127 0.0124016 0.00864614 0.0103638 0.00849259 0.00980287 0.00867134 0.0128623 0.0086968 0.0107026 0.00905202 0.00916885 0.00891541 0.0131431 0.00914022 0.0141619 0.00870296 0.0110054 0.00860676 0.00878211 0.00883405 0.00871942 0.0108342 0.00931493 0.00857637 0.00886761 0.0086842 0.00864194 0.00841645 
0.00962395 0.00911079 0.00839295 0.00945999 0.00859264 0.00866592 0.00837631 0.0083067 0.012895 0.00474813 0.00362128 0.00507575 0.00355116 0.00360019 0.00381809 0 0.997489 0.00396653 0.00412434 0.00362272 0.00381148 0.00464867 0.00521819 0.0369822 0.00670388 0.00742162 0.0067128 0.00864943 0.00743283 0.0159888 0.0137605 0.0105844 0.00922225 0.00808124 0.0107559 0.0190874 0.0088323 0.0088765 0.00876584 0.00911208 0.00857798 0.0088071 0.00832239 0.00861491 0.00849695 0.0156448 0.00914551 0.00996653 0.00867753 0.00903892 0.00841396 0.00902825 0.00861768 0.0145706 0.00864075 0.00871837 0.00849011 0.00885996 0.00874049 0.0123406 0.00955911 0.008878 0.00858788 0.00893328 0.00849124 0.0086444 0.00844992 0.010263 0.00879335 0.0086164 0.00845614 0.00841217 0.00839885 0.00840789 0.00840971 0.00836845 
0.00929652 0.00983897 0.00857535 0.0143236 0.00864568 0.0104317 0.00886266 0.00909891 0.0148041 0.00632745 0.00446432 0.00639835 0.00367897 0.00639066 0.00452371 0.997489 0 0.00370333 0.0037841 0.00356719 0.00376119 0.00376868 0.0059122 0.00679787 0.00593945 0.00821727 0.00637628 0.00978309 0.00866607 0.853949 0.00877472 0.0110816 0.0101892 0.00836412 0.0270558 0.0148591 0.00884554 0.0113296 0.00913648 0.0110711 0.00873559 0.0111285 0.00849713 0.0102257 0.0110258 0.0148502 0.00962792 0.0101841 0.00868516 0.0103915 0.00851023 0.0205359 0.0120609 0.0134079 0.00879865 0.0093155 0.00873066 0.0104103 0.0118085 0.0113579 0.00885911 0.00931665 0.00884401 0.00948867 0.00849857 0.0119167 0.0104278 0.00909738 0.00895976 0.00852279 0.00880076 0.00873858 0.00856518 0.00926867 0.00951267 0.0133576 
0.0104806 0.00880077 0.0170632 0.00882926 0.0262948 0.00935412 0.00986147 0.0111803 0.0104131 0.00564718 0.00843448 0.00492765 0.0124395 0.00502002 0.998005 0.00396653 0.00370333 0 0.00355102 0.00356929 0.00357792 0.00389091 0.00370797 0.00609437 0.00743791 0.00642968 0.0103942 0.00728941 0.95193 0.00884036 0.00909507 0.0109449 0.00809538 0.0252894 0.00962412 0.00880066 0.0294763 0.00895572 0.0189187 0.0100435 0.0242299 0.00886798 0.0135065 0.0091898 0.00958575 0.011232 0.0293583 0.0100738 0.0200774 0.009156 0.0316024 0.00925175 0.0216355 0.00952559 0.0225893 0.00981874 0.0228791 0.010979 0.0165673 0.00890137 0.0231796 0.0107802 0.0227345 0.00939374 0.0329078 0.00936522 0.0114944 0.0104784 0.00987394 0.0138085 0.0112868 0.010455 0.0116528 0.00973851 0.0128494 0.0092845 
0.00866981 0.0180518 0.00883756 0.0525774 0.00915996 0.0167317 0.0114425 0.00932415 0.0103848 0.0076703 0.00649491 0.0119228 0.00629162 0.994052 0.00434207 0.00412434 0.0037841 0.00355102 0 0.00355241 0.00365545 0.00358602 0.00374912 0.00669779 0.00573265 0.0114737 0.00762431 0.949065 0.00849762 0.0136382 0.00739485 0.00818025 0.0227287 0.00843823 0.0140946 0.0122565 0.00862567 0.0283458 0.0102046 0.0343642 0.0102558 0.0306178 0.00875835 0.0118013 0.00856205 0.0123211 0.0118094 0.0486659 0.010779 0.055414 0.00921133 0.029463 0.00904839 0.0125712 0.0106804 0.0432272 0.0123848 0.0457624 0.00924775 0.0101603 0.0110543 0.0481849 0.0126731 0.0848034 0.0105967 0.0259228 0.00887596 0.00941827 0.0209325 0.0147716 0.0193777 0.0203189 0.0136133 0.0159337 0.0102419 0.00917186 
0.0111769 0.00851524 0.0321281 0.00893549 0.0346148 0.00974644 0.0107281 0.00964273 0.00915037 0.00643069 0.0102142 0.00747901 0.992977 0.00631245 0.00797224 0.00362272 0.00356719 0.00356929 0.00355241 0 0.00354257 0.0035967 0.00361972 0.00431334 0.0129063 0.00660636 0.967332 0.00764282 0.0135574 0.00671391 0.00761646 0.0151675 0.00803096 0.0154338 0.00868129 0.00827613 0.0280593 0.00875699 0.0295914 0.0111062 0.0322957 0.00915321 0.0209562 0.00872417 0.00897533 0.00957763 0.022474 0.0124787 0.0524197 0.00975547 0.0332094 0.00890434 0.0122949 0.00922478 0.0255745 0.0128479 0.0649065 0.0100165 0.0114731 0.00895438 0.0196431 0.013794 0.075572 0.0109878 0.0591094 0.00926943 0.0102267 0.01039 0.0103131 0.0326578 0.0180917 0.0159546 0.0266575 0.0110673 0.0104372 0.00898267 
0.00841351 0.0129821 0.00878016 0.0248943 0.00920099 0.0127261 0.00955628 0.00878529 0.00908181 0.00800352 0.0135632 0.990136 0.00753941 0.0139988 0.0045685 0.00381148 0.00376119 0.00357792 0.00365545 0.00354257 0 0.0035471 0.00358434 0.00662 0.00507735 0.966127 0.00696304 0.0118747 0.00638617 0.00822123 0.00680562 0.00763565 0.0126086 0.00815449 0.00908731 0.00951704 0.00850299 0.0241622 0.0107316 0.0196092 0.00933185 0.0228377 0.00880154 0.00979446 0.00830369 0.0104298 0.010742 0.0491485 0.0099902 0.0325819 0.00896442 0.0143002 0.00862403 0.0108725 0.0100513 0.0418522 0.0114369 0.01814 0.00903241 0.00957818 0.010203 0.0494785 0.0120855 0.0546686 0.0103954 0.0137066 0.00854597 0.00904232 0.0164637 0.0140081 0.018068 0.0197189 0.0117622 0.0115062 0.00937611 0.00859514 
0.00964696 0.00888197 0.0104388 0.00903676 0.0111292 0.00928365 0.00923182 0.0101983 0.00884948 0.0168471 0.973689 0.010904 0.00966232 0.00591126 0.00656946 0.00464867 0.00376868 0.00389091 0.00358602 0.0035967 0.0035471 0 0.00360772 0.00778633 0.965098 0.00527936 0.00734512 0.00561404 0.00878774 0.00639855 0.00706889 0.00941774 0.00828608 0.0142698 0.0092183 0.00894981 0.0212128 0.00921366 0.012924 0.00993547 0.0150553 0.00881812 0.00969283 0.00913863 0.00864083 0.0106039 0.0235307 0.0104089 0.0183478 0.00935631 0.0105279 0.00921528 0.00972307 0.0100256 0.0227904 0.0104177 0.0129075 0.01308 0.0101203 0.00934956 0.0197285 0.0109408 0.0218212 0.0099859 0.0134748 0.00995794 0.00916634 0.00949774 0.0112588 0.0144468 0.0140881 0.0112271 0.0104018 0.00926484 0.00963836 0.00863925 
0.0104005 0.0112336 0.00876569 0.00946809 0.0089014 0.00908812 0.00870476 0.00870718 0.0110806 0.966223 0.0130862 0.00824342 0.00685683 0.0065805 0.00550292 0.00521819 0.0059122 0.00370797 0.00374912 0.00361972 0.00358434 0.00360772 0 0.957729 0.0040907 0.00467568 0.00433226 0.0055383 0.0057444 0.00796927 0.00894195 0.00987523 0.00945586 0.00750808 0.011398 0.0169398 0.00986057 0.00941716 0.00981861 0.0103871 0.00900366 0.00901833 0.00860183 0.00920361 0.00894529 0.02592 0.0101413 0.0110728 0.00917818 0.00926387 0.00885834 0.00952205 0.00987021 0.0263145 0.00968371 0.00991086 0.00925227 0.00997502 0.0106318 0.0199795 0.0114733 0.0108298 0.00915439 0.00993531 0.00905767 0.00944405 0.00963677 0.0137673 0.0105486 0.00990533 0.00919936 0.00887814 0.00920625 0.00886318 0.00888105 0.00926319 
0.0103231 0.00872669 0.00913018 0.0095832 0.0092074 0.00942012 0.00895299 0.00955155 0.0178726 0.0129034 0.00876896 0.00954406 0.00775416 0.00791618 0.00798283 0.0369822 0.00679787 0.00609437 0.00669779 0.00431334 0.00662 0.00778633 0.957729 0 0.00418769 0.00361425 0.00361653 0.00381722 0.004087 0.00524214 0.00569925 0.00662116 0.00604824 0.00662611 0.0318856 0.010535 0.0121452 0.00960271 0.00920017 0.0151597 0.00913396 0.0102991 0.00875305 0.0100314 0.0139347 0.0171453 0.0100323 0.00924774 0.00881916 0.00911133 0.00896671 0.0126108 0.0179434 0.012681 0.00905505 0.00908258 0.00881329 0.010785 0.0160337 0.0139322 0.009624 0.00922837 0.00880003 0.00897721 0.00878718 0.0106975 0.0124198 0.011037 0.00878828 0.00872999 0.00886486 0.00879761 0.0089403 0.00922393 0.0094112 0.0118394 
0.00927707 0.0083561 0.0101968 0.00845739 0.0141152 0.00877769 0.00900515 0.010153 0.00875315 0.008628 0.0176459 0.00817927 0.0112579 0.0076764 0.0419922 0.00670388 0.00593945 0.00743791 0.00573265 0.0129063 0.00507735 0.965098 0.0040907 0.00418769 0 0.00361178 0.00362609 0.00356177 0.00379429 0.0037123 0.00414267 0.00561177 0.00542342 0.0090333 0.00897658 0.00788453 0.0132537 0.0080811 0.0102685 0.00853351 0.0160255 0.00839075 0.00968433 0.00877836 0.0097118 0.00957038 0.0134207 0.00881377 0.0106419 0.00868505 0.0226681 0.00925749 0.0113725 0.009401 0.0111096 0.00890469 0.0107104 0.00925489 0.0114624 0.00888152 0.0126745 0.00903174 0.0121708 0.00880846 0.0165988 0.00889354 0.00951851 0.00918278 0.00899831 0.00953942 0.00912464 0.00916154 0.00924204 0.0088029 0.00934104 0.00874303 
0.00833073 0.0109966 0.00846078 0.02402 0.00874362 0.0137053 0.0101135 0.0086237 0.00859127 0.0127929 0.0085226 0.0228565 0.00815574 0.0555014 0.0073973 0.00742162 0.00821727 0.00642968 0.0114737 0.00660636 0.966127 0.00527936 0.00467568 0.00361425 0.00361178 0 0.00356108 0.00368915 0.00360038 0.00412108 0.00386183 0.00475908 0.00947567 0.00561186 0.0272929 0.01016 0.00754354 0.0158963 0.00886965 0.0273935 0.00844696 0.0160722 0.0081503 0.0159794 0.00864613 0.0106949 0.00937099 0.0164245 0.00883539 0.0252078 0.00855805 0.0139561 0.00851433 0.0115223 0.00901781 0.017473 0.00947319 0.0197244 0.0086701 0.00992082 0.00951686 0.0212323 0.00941968 0.0344493 0.00902494 0.0131808 0.0084794 0.008746 0.0109338 0.00973405 0.0106525 0.0106762 0.00926199 0.0102023 0.00906387 0.00849406 
0.0108271 0.00832145 0.0263962 0.00867952 0.0294214 0.0093354 0.009507 0.00953656 0.00883577 0.00844966 0.0220554 0.00831544 0.0525601 0.0078098 0.0132792 0.0067128 0.00637628 0.0103942 0.00762431 0.967332 0.00696304 0.00734512 0.00433226 0.00361653 0.00362609 0.00356108 0 0.00354602 0.00372627 0.00355608 0.00400334 0.0102572 0.00473835 0.0231722 0.0143529 0.00651141 0.0156946 0.00787827 0.0216936 0.00923651 0.029951 0.00808823 0.0228603 0.00844976 0.00945251 0.00922295 0.0165864 0.00944928 0.0242893 0.00882573 0.0213534 0.00852333 0.0133017 0.00912226 0.0194099 0.00968269 0.0418699 0.00918167 0.0113421 0.00895063 0.0187506 0.0106635 0.0557403 0.00927135 0.0421473 0.00886508 0.0105125 0.0104018 0.00958608 0.0198361 0.0124528 0.0106933 0.020556 0.0104519 0.00960667 0.00911605 
0.0082681 0.0142035 0.00847061 0.0418626 0.00882425 0.0132074 0.0100487 0.00882433 0.00957748 0.0152436 0.00842237 0.0564595 0.0084335 0.023716 0.00741528 0.00864943 0.00978309 0.00728941 0.949065 0.00764282 0.0118747 0.00561404 0.0055383 0.00381722 0.00356177 0.00368915 0.00354602 0 0.00355341 0.00387771 0.00508839 0.00382134 0.0268582 0.00964842 0.0154869 0.0103672 0.00717962 0.0278039 0.00889639 0.0140062 0.00834615 0.0249692 0.00844153 0.0119305 0.00803877 0.0111076 0.00900837 0.0315848 0.00877979 0.0225405 0.00845914 0.0184967 0.00844878 0.0130888 0.00906685 0.0368337 0.00943405 0.0216758 0.0088139 0.0108059 0.00937942 0.0359955 0.00975924 0.0505107 0.009132 0.0161347 0.00847736 0.00900929 0.0138914 0.0111819 0.0128726 0.0145359 0.0103286 0.011048 0.00981463 0.00895525 
0.011627 0.00835791 0.0191035 0.00863446 0.0171705 0.00880941 0.0087681 0.00999724 0.00880448 0.00921003 0.0594746 0.00865003 0.0279293 0.00826796 0.0233713 0.00743283 0.00866607 0.95193 0.00849762 0.0135574 0.00638617 0.00878774 0.0057444 0.004087 0.00379429 0.00360038 0.00372627 0.00355341 0 0.00354243 0.00498567 0.0240813 0.00613928 0.0221378 0.00516394 0.00702653 0.0523145 0.0079472 0.0123899 0.00897997 0.0202459 0.00866523 0.0154226 0.00830989 0.00951836 0.0102627 0.0230309 0.0092517 0.0176394 0.00852783 0.0183613 0.00846405 0.0144615 0.00988452 0.0357987 0.00921455 0.0187176 0.00958034 0.0124899 0.00945722 0.02901 0.00974352 0.028146 0.00914754 0.022611 0.00893784 0.0116114 0.0110305 0.0102622 0.0180024 0.0115912 0.00999782 0.0117031 0.00984447 0.0101994 0.00898625 
0.00866838 0.0110647 0.00833468 0.0116032 0.00847887 0.0094665 0.00857239 0.00857247 0.0101339 0.048418 0.00892808 0.0217769 0.00836329 0.013603 0.00756759 0.0159888 0.853949 0.00884036 0.0136382 0.00671391 0.00822123 0.00639855 0.00796927 0.00524214 0.0037123 0.00412108 0.00355608 0.00387771 0.00354243 0 0.636938 0.00532573 0.0239332 0.00397595 0.00635752 0.0314303 0.00714891 0.00970524 0.00793777 0.0121819 0.00944838 0.0128457 0.00776748 0.00991436 0.00807682 0.0230188 0.00924449 0.0128485 0.00838673 0.011448 0.00837728 0.0171451 0.00860059 0.0294579 0.00913958 0.0113399 0.00871376 0.0157613 0.00933492 0.0186475 0.0102957 0.0122686 0.00886754 0.014596 0.00867023 0.0136395 0.00876525 0.0121944 0.0124749 0.0095475 0.00906889 0.0089921 0.00903281 0.0092892 0.0089797 0.00937983 
0.0088055 0.00814727 0.00854967 0.00825996 0.00857173 0.00830144 0.00828698 0.00834794 0.0112282 0.0114987 0.0105752 0.00858444 0.00959419 0.00799104 0.00897526 0.0137605 0.00877472 0.00909507 0.00739485 0.00761646 0.00680562 0.00706889 0.00894195 0.00569925 0.00414267 0.00386183 0.00400334 0.00508839 0.00498567 0.636938 0 0.00644729 0.00356701 0.00363611 0.00414842 0.00621737 0.00683993 0.0119548 0.00736327 0.0233276 0.0146945 0.0072368 0.00699353 0.00745901 0.0110066 0.0101863 0.00842265 0.00827665 0.00829202 0.00818083 0.00856838 0.00888301 0.0188196 0.0105421 0.00888071 0.00870534 0.00884729 0.00917701 0.0145998 0.0111938 0.00896776 0.00872477 0.00865281 0.0085751 0.00889206 0.00915339 0.0136531 0.0109448 0.00843904 0.00861643 0.00846523 0.00859743 0.00857447 0.0085016 0.00881971 0.0115994 
0.00933603 0.00813855 0.01065 0.00834085 0.0110669 0.00884065 0.00858041 0.00882259 0.0112467 0.00944304 0.0132005 0.00875147 0.016384 0.00829654 0.0130054 0.0105844 0.0110816 0.0109449 0.00818025 0.0151675 0.00763565 0.00941774 0.00987523 0.00662116 0.00561177 0.00475908 0.0102572 0.00382134 0.0240813 0.00532573 0.00644729 0 0.00358435 0.00370113 0.00374705 0.00452762 0.0114463 0.00731435 0.763038 0.0313459 0.0130725 0.00679613 0.00936559 0.00729706 0.0151933 0.00890845 0.010141 0.00864306 0.0110089 0.00836692 0.0120496 0.00869445 0.0506836 0.00951458 0.00944072 0.00893958 0.0124631 0.00912151 0.0178498 0.00945503 0.010166 0.00941526 0.0115295 0.0091009 0.0120569 0.00881952 0.0199737 0.0105124 0.00870351 0.00977439 0.00925419 0.00910882 0.00943833 0.00932127 0.00902342 0.0128595 
0.00801515 0.00938345 0.00831215 0.0119339 0.00852891 0.00884401 0.00848967 0.00842289 0.0087108 0.0112119 0.00867468 0.0275157 0.00832144 0.0177687 0.00816685 0.00922225 0.0101892 0.00809538 0.0227287 0.00803096 0.0126086 0.00828608 0.00945586 0.00604824 0.00542342 0.00947567 0.00473835 0.0268582 0.00613928 0.0239332 0.00356701 0.00358435 0 0.00357417 0.00367258 0.00573724 0.00485678 0.844301 0.0135344 0.00851945 0.00661234 0.00823137 0.0063948 0.0165267 0.00682057 0.00827456 0.00850525 0.0107298 0.00820533 0.0112039 0.00810575 0.0383687 0.00843897 0.0100771 0.00879234 0.0140676 0.00890849 0.0204275 0.00888681 0.0092312 0.0094216 0.0137191 0.00911528 0.0161288 0.00885291 0.0191963 0.00860487 0.00875894 0.0109262 0.00923888 0.0102036 0.0101572 0.00906332 0.00933306 0.0136208 0.00874042 
0.00880577 0.00826328 0.00980198 0.00855097 0.010292 0.00865385 0.00859978 0.0087038 0.00846652 0.00874762 0.0286512 0.00868196 0.0171724 0.00833978 0.012205 0.00808124 0.00836412 0.0252894 0.00843823 0.0154338 0.00815449 0.0142698 0.00750808 0.00662611 0.0090333 0.00561186 0.0231722 0.00964842 0.0221378 0.00397595 0.00363611 0.00370113 0.00357417 0 0.00358709 0.0060398 0.90886 0.0171341 0.00809712 0.006532 0.00979289 0.00643872 0.0106023 0.00668952 0.00659318 0.00813165 0.0210568 0.00875724 0.010367 0.00823063 0.0191291 0.00826973 0.0102462 0.0088947 0.019049 0.00933297 0.0159251 0.00975008 0.0100321 0.00890654 0.014742 0.00964356 0.0159307 0.00908498 0.0181562 0.00912316 0.00948205 0.00939494 0.0105007 0.011678 0.00978885 0.00964536 0.00955918 0.00929998 0.00945735 0.00875436 
0.00859372 0.00875476 0.00822708 0.00879906 0.00837852 0.00854266 0.0082507 0.0082063 0.00915691 0.027603 0.00909527 0.0116049 0.00876071 0.00974365 0.00827311 0.0107559 0.0270558 0.00962412 0.0140946 0.00868129 0.00908731 0.0092183 0.011398 0.0318856 0.00897658 0.0272929 0.0143529 0.0154869 0.00516394 0.00635752 0.00414842 0.00374705 0.00367258 0.00358709 0 0.962015 0.00497399 0.00547138 0.00521959 0.0065132 0.00615152 0.00702638 0.00589609 0.00651042 0.00652241 0.0175786 0.00915683 0.00999389 0.00798614 0.00963038 0.00804367 0.00931975 0.00894196 0.0204817 0.00975626 0.010503 0.00891032 0.0106493 0.0097925 0.0166593 0.0107622 0.0102109 0.00898411 0.0148931 0.0089481 0.0100532 0.00957518 0.0130903 0.0102112 0.00926181 0.00923662 0.00892007 0.00899889 0.00887436 0.00881543 0.00898272 
0.00819658 0.00855271 0.00811106 0.00969546 0.00828723 0.00850912 0.0083274 0.00821636 0.0119987 0.0180384 0.00875017 0.0130662 0.00845821 0.0107873 0.00839132 0.0190874 0.0148591 0.00880066 0.0122565 0.00827613 0.00951704 0.00894981 0.0169398 0.010535 0.00788453 0.01016 0.00651141 0.0103672 0.00702653 0.0314303 0.00621737 0.00452762 0.00573724 0.0060398 0.962015 0 0.00361493 0.00373925 0.0035588 0.00361877 0.00357121 0.00380881 0.00361497 0.00518991 0.00625875 0.00676783 0.00606323 0.0063245 0.00628071 0.0116662 0.00678418 0.0197349 0.019539 0.0349081 0.00858183 0.00914577 0.00839332 0.0114975 0.011355 0.0145278 0.00951434 0.00992831 0.00878605 0.0100581 0.00866424 0.0168708 0.0109181 0.0110741 0.00935827 0.00886346 0.00940945 0.00889169 0.00905364 0.00993331 0.00951976 0.0185466 
0.00899497 0.00830579 0.0111738 0.00836859 0.0131843 0.00850109 0.00860456 0.00913823 0.00899361 0.00960205 0.0391033 0.00897608 0.0243509 0.00850752 0.0279504 0.0088323 0.00884554 0.0294763 0.00862567 0.0280593 0.00850299 0.0212128 0.00986057 0.0121452 0.0132537 0.00754354 0.0156946 0.00717962 0.0523145 0.00714891 0.00683993 0.0114463 0.00485678 0.90886 0.00497399 0.00361493 0 0.00358409 0.00354494 0.00354313 0.0036295 0.00355653 0.00396606 0.00381655 0.00458222 0.0054697 0.00684041 0.00654033 0.00894644 0.00699219 0.0102919 0.0085164 0.694836 0.00922178 0.0173876 0.00857787 0.0162356 0.0100111 0.0161353 0.00968075 0.0244451 0.00962274 0.0190491 0.00926517 0.0196716 0.0095718 0.0170379 0.0125463 0.0102394 0.0126867 0.0102196 0.010497 0.0134599 0.0102121 0.0148867 0.0174266 
0.0082474 0.00919623 0.00847199 0.0172718 0.00860637 0.0099854 0.00907499 0.00872311 0.00831714 0.0115982 0.00948945 0.0401139 0.0090531 0.0251262 0.00848613 0.0088765 0.0113296 0.00895572 0.0283458 0.00875699 0.0241622 0.00921366 0.00941716 0.00960271 0.0080811 0.0158963 0.00787827 0.0278039 0.0079472 0.00970524 0.0119548 0.00731435 0.844301 0.0171341 0.00547138 0.00373925 0.00358409 0 0.00355003 0.0035788 0.00358464 0.00388857 0.0037424 0.00389608 0.00363289 0.0061438 0.00653099 0.00915398 0.00648487 0.0115242 0.00738575 0.815177 0.0194298 0.010679 0.00927108 0.0238166 0.00978073 0.0153206 0.00891899 0.0100132 0.0100483 0.0284065 0.0109046 0.0401327 0.00966967 0.0159893 0.00883062 0.00958453 0.0154271 0.0140092 0.0151796 0.0142216 0.0121237 0.0140344 0.0133404 0.00907862 
0.00873063 0.00836447 0.0125221 0.00902754 0.0157005 0.0102716 0.00991522 0.00842969 0.00862477 0.0108336 0.0304235 0.0122076 0.0385487 0.00963816 0.0113948 0.00876584 0.00913648 0.0189187 0.0102046 0.0295914 0.0107316 0.012924 0.00981861 0.00920017 0.0102685 0.00886965 0.0216936 0.00889639 0.0123899 0.00793777 0.00736327 0.763038 0.0135344 0.00809712 0.00521959 0.0035588 0.00354494 0.00355003 0 0.00354573 0.00356211 0.00358747 0.00357692 0.003518 0.00361368 0.00572794 0.00849858 0.00727382 0.00992068 0.0148594 0.807266 0.0472889 0.014492 0.0102397 0.0184343 0.0116466 0.0273478 0.0110966 0.0115456 0.0101859 0.0225383 0.0192953 0.0526835 0.0155628 0.0429116 0.0104601 0.0100633 0.0118582 0.0156561 0.0281369 0.0231571 0.0203493 0.0254143 0.0236945 0.0132433 0.0105927 
0.00840235 0.00958187 0.00892107 0.013107 0.0103425 0.0128666 0.00917992 0.00848577 0.00890738 0.0117078 0.0115841 0.0453294 0.0119582 0.0177046 0.00907034 0.00911208 0.0110711 0.0100435 0.0343642 0.0111062 0.0196092 0.00993547 0.0103871 0.0151597 0.00853351 0.0273935 0.00923651 0.0140062 0.00897997 0.0121819 0.0233276 0.0313459 0.00851945 0.006532 0.0065132 0.00361877 0.00354313 0.0035788 0.00354573 0 0.00356192 0.00357923 0.003545 0.00363998 0.00432749 0.00474054 0.00677618 0.00869944 0.0079806 0.843173 0.0207994 0.0220893 0.00825892 0.0125844 0.0132502 0.0233401 0.0137286 0.0171682 0.00986162 0.0108136 0.0136596 0.0421664 0.0178171 0.0457142 0.0145129 0.0162951 0.0092504 0.0106166 0.0193595 0.0217595 0.0221836 0.0300425 0.0282883 0.0174964 0.0110744 0.0103198 
0.00892489 0.00839566 0.0123712 0.00914368 0.0219428 0.00926645 0.00902771 0.00861569 0.00855051 0.00950322 0.0320298 0.0104523 0.0406367 0.00901315 0.0124363 0.00857798 0.00873559 0.0242299 0.0102558 0.0322957 0.00933185 0.0150553 0.00900366 0.00913396 0.0160255 0.00844696 0.029951 0.00834615 0.0202459 0.00944838 0.0146945 0.0130725 0.00661234 0.00979289 0.00615152 0.00357121 0.0036295 0.00358464 0.00356211 0.00356192 0 0.0035527 0.00358182 0.00382846 0.00361323 0.00405734 0.00766619 0.00771651 0.893597 0.0257028 0.0293493 0.00757548 0.00841817 0.00881944 0.0154249 0.0106892 0.0240108 0.0106661 0.0114755 0.00912412 0.0179774 0.0158361 0.0453081 0.0134765 0.0342632 0.00972954 0.0106971 0.0104418 0.0122055 0.0290521 0.0293437 0.0203534 0.0239108 0.0133629 0.0114563 0.00983386 
0.00816439 0.00887218 0.00844897 0.01788 0.0086387 0.00973387 0.00887598 0.00820728 0.00839185 0.0111182 0.00889322 0.043467 0.00919499 0.0248514 0.00850251 0.0088071 0.0111285 0.00886798 0.0306178 0.00915321 0.0228377 0.00881812 0.00901833 0.0102991 0.00839075 0.0160722 0.00808823 0.0249692 0.00866523 0.0128457 0.0072368 0.00679613 0.00823137 0.00643872 0.00702638 0.00380881 0.00355653 0.00388857 0.00358747 0.00357923 0.0035527 0 0.00355285 0.00362672 0.00355137 0.00610597 0.00609369 0.813635 0.0176389 0.0296989 0.00561333 0.0114568 0.00664995 0.0101127 0.00869367 0.0184252 0.00941398 0.0158355 0.00859659 0.0098986 0.00969274 0.0309028 0.010471 0.0441437 0.00938994 0.0155737 0.0086643 0.00961482 0.0131898 0.0145089 0.0192196 0.0151997 0.0118066 0.013266 0.00955151 0.009004 
0.00828003 0.00805735 0.0111245 0.00835691 0.0107005 0.00854274 0.00838411 0.00827146 0.00830563 0.00858947 0.0148549 0.00906077 0.0217701 0.00858973 0.00982237 0.00832239 0.00849713 0.0135065 0.00875835 0.0209562 0.00880154 0.00969283 0.00860183 0.00875305 0.00968433 0.0081503 0.0228603 0.00844153 0.0154226 0.00776748 0.00699353 0.00936559 0.0063948 0.0106023 0.00589609 0.00361497 0.00396606 0.0037424 0.00357692 0.003545 0.00358182 0.00355285 0 0.00357495 0.00361719 0.00380462 0.737128 0.0623216 0.0577665 0.00482623 0.0127428 0.00581019 0.00713118 0.00820968 0.0110077 0.00853748 0.0151259 0.0085992 0.00871566 0.00881236 0.0126363 0.0100608 0.0198822 0.00915997 0.0204801 0.00870503 0.00907575 0.00942747 0.0100615 0.0194042 0.0109325 0.010247 0.0128136 0.0102991 0.00930253 0.00883757 
0.00805627 0.00840305 0.00817519 0.00886995 0.00835385 0.00846289 0.008228 0.00822461 0.00810928 0.00970536 0.00885989 0.0122554 0.00863007 0.010039 0.00849266 0.00861491 0.0102257 0.0091898 0.0118013 0.00872417 0.00979446 0.00913863 0.00920361 0.0100314 0.00877836 0.0159794 0.00844976 0.0119305 0.00830989 0.00991436 0.00745901 0.00729706 0.0165267 0.00668952 0.00651042 0.00518991 0.00381655 0.00389608 0.003518 0.00363998 0.00382846 0.00362672 0.00357495 0 0.00367401 0.0606765 0.148566 0.016782 0.00392324 0.00606608 0.00487345 0.00649459 0.00562748 0.00934299 0.00964957 0.00988067 0.00815265 0.0111377 0.00819054 0.0104429 0.0102165 0.0105084 0.00892589 0.0118081 0.00877893 0.0115198 0.0084489 0.00950907 0.0134575 0.00905298 0.00930942 0.00947282 0.00902775 0.00924843 0.00979591 0.00868547 
0.00893737 0.00807252 0.00829884 0.0080733 0.00832136 0.0081807 0.00813139 0.00807361 0.00834876 0.0110187 0.0090469 0.00863196 0.00879634 0.00831324 0.00844588 0.00849695 0.0110258 0.00958575 0.00856205 0.00897533 0.00830369 0.00864083 0.00894529 0.0139347 0.0097118 0.00864613 0.00945251 0.00803877 0.00951836 0.00807682 0.0110066 0.0151933 0.00682057 0.00659318 0.00652241 0.00625875 0.00458222 0.00363289 0.00361368 0.00432749 0.00361323 0.00355137 0.00361719 0.00367401 0 0.946 0.0122494 0.00362634 0.00591324 0.00378563 0.00480949 0.00501666 0.00570648 0.0138066 0.00930182 0.00749101 0.00789945 0.00797668 0.00864114 0.012454 0.0107914 0.00864381 0.00882735 0.00854432 0.00878056 0.00855678 0.00892528 0.0221014 0.00880983 0.00890643 0.00859907 0.00853973 0.00864605 0.00873301 0.00855266 0.00898788 
0.00825985 0.00834066 0.00822381 0.00909844 0.00853588 0.00851317 0.00823215 0.00830429 0.0105751 0.0203056 0.0107692 0.0133962 0.00950472 0.010014 0.0090828 0.0156448 0.0148502 0.011232 0.0123211 0.00957763 0.0104298 0.0106039 0.02592 0.0171453 0.00957038 0.0106949 0.00922295 0.0111076 0.0102627 0.0230188 0.0101863 0.00890845 0.00827456 0.00813165 0.0175786 0.00676783 0.0054697 0.0061438 0.00572794 0.00474054 0.00405734 0.00610597 0.00380462 0.0606765 0.946 0 0.00363226 0.00358006 0.00356227 0.00361377 0.00361345 0.00382195 0.00583367 0.0142274 0.00752089 0.00916596 0.00846696 0.0495895 0.0351544 0.0277932 0.0136594 0.0130851 0.0102302 0.0125313 0.00977347 0.0143512 0.0173126 0.0247946 0.0135056 0.0103953 0.0115585 0.0116511 0.011069 0.0110418 0.0146828 0.0298724 
0.00836039 0.00899532 0.00940224 0.00886448 0.011031 0.00882621 0.00872531 0.00874295 0.00897385 0.0113766 0.0348983 0.0119066 0.0232317 0.0097799 0.0146346 0.00914551 0.00962792 0.0293583 0.0118094 0.022474 0.010742 0.0235307 0.0101413 0.0100323 0.0134207 0.00937099 0.0165864 0.00900837 0.0230309 0.00924449 0.00842265 0.010141 0.00850525 0.0210568 0.00915683 0.00606323 0.00684041 0.00653099 0.00849858 0.00677618 0.00766619 0.00609369 0.737128 0.148566 0.0122494 0.00363226 0 0.00355984 0.00355067 0.00359861 0.00352555 0.00379865 0.00510644 0.00785082 0.0113376 0.0096276 0.0800932 0.0327192 0.0509204 0.0107175 0.0590327 0.0126632 0.0269914 0.011 0.0224073 0.0137609 0.0109753 0.0153463 0.0200412 0.023314 0.0183311 0.0166883 0.0154687 0.0215428 0.0237841 0.0149715 
0.00838672 0.00901273 0.00906829 0.0149597 0.00979321 0.0124217 0.00933587 0.0085976 0.00869974 0.0105575 0.0116255 0.0575079 0.0123488 0.0333367 0.00909127 0.00996653 0.0101841 0.0100738 0.0486659 0.0124787 0.0491485 0.0104089 0.0110728 0.00924774 0.00881377 0.0164245 0.00944928 0.0315848 0.0092517 0.0128485 0.00827665 0.00864306 0.0107298 0.00875724 0.00999389 0.0063245 0.00654033 0.00915398 0.00727382 0.00869944 0.00771651 0.813635 0.0623216 0.016782 0.00362634 0.00358006 0.00355984 0 0.00356285 0.003564 0.00358297 0.00367049 0.00370596 0.0083686 0.00760567 0.103495 0.0120411 0.0791891 0.0575602 0.0106026 0.0112755 0.0559355 0.012147 0.0530216 0.012892 0.0214122 0.00948945 0.0111684 0.0206243 0.0254552 0.0290465 0.0252923 0.0337626 0.0232619 0.0142484 0.011083 
0.00846788 0.00842423 0.0119324 0.00890061 0.0259213 0.00927711 0.00910151 0.00842509 0.00852728 0.00890863 0.026489 0.0107393 0.0588801 0.0096044 0.0124016 0.00867753 0.00868516 0.0200774 0.010779 0.0524197 0.0099902 0.0183478 0.00917818 0.00881916 0.0106419 0.00883539 0.0242893 0.00877979 0.0176394 0.00838673 0.00829202 0.0110089 0.00820533 0.010367 0.00798614 0.00628071 0.00894644 0.00648487 0.00992068 0.0079806 0.893597 0.0176389 0.0577665 0.00392324 0.00591324 0.00356227 0.00355067 0.00356285 0 0.00356802 0.00356746 0.00360177 0.0036144 0.00635903 0.054964 0.0101047 0.0668083 0.0470195 0.019888 0.00855072 0.0176604 0.0120985 0.0371122 0.0112085 0.0334749 0.00929742 0.0107037 0.010909 0.0127171 0.0281247 0.0182655 0.0317099 0.0290104 0.018774 0.0112916 0.0128735 
