8OHMA
PPAVPQTFQVAHLHAPTGSGKSTKVPAAYAAQGYKVLVLNPSVAATLGFGVYMSKAHGIDPNIRTGVRAITTGGPITYSTYGKFLADGGCSGGAYDIIICDECHSTDSTSILGIGTVLDQAETAGARLVVLATATPPGSVTVPHPNIEEVALSNTGEIPFYGKAIPIEVIRGGRHLIFCHSKKKCDELAAKLSALGLNAVAYYRGLDVSVIPTSGDVVVVATDALMTGYTGDFDSVIDCNTCVTQTVDFSLDPTFTIDTTTVPQDAVSRSQRRGRTGRGRRGIYRFVTPGERPSGMFDSSVLCECYDAGCAWYELTPAETSVRLRAYLNTPGLPVCQDHLEFWESVFTGLTHIDAHFLSQTKQAGDNFPYLVAYQATVCARAQAPPPSWDQMWKSLTRLKPTLHGPTPLLYRLGALQNEVTLTHPVTKFIMACMS
CCCCCCCCEEEEEECCCCCCCCCHHHHHHHHCCCCEEEEECCHHHHHHHHHHHHHHCCCCCEEECCCCEECCCCCEEEEEHHHHHHCCCCCCCCCCEEEEECCCCCCHHHHHHHHHHHHHCCCCCCCEEEEEECCCCCCCCCCCCCEEEEECECCCCEEECCEEECHHHCCCCEEEEECCCHHHHHHHHHHHHHHCCCEEEECCCCCHHHCCCCCCEEEEECCCCCCCCCCCCCEEEECCEEEEEEEECCCCCCCEEEEEEEECEHHHHHHHHCCCCCCCCEEEEECCCCCECCCECCCHHHHHHHHHHHHCCCCCHHHHHHHHHHHHCCCCCCECCCCHHHHHHHHHCCCCCCHHHHHHHHHHCCCCHHHHHHHHHHHHHCCCCCCCCCHHHHHHHHHCCCCCCCEECCCEECCCCCCEECCCHHHHHHHHHCC
0 0 0 0 0 0 0 0 0 0 0 0 0 0 0 0 0 0 0 0 0 0 0 0 0 0 0 0 0 0 0 0 0 0 0 0 0 0 0 0 0 0 0 0 0 0 0 0 0 0 0 0 0 0 0 0 0 0 0 0 0 0 0 0 0 0 0 0 0 0 0 0 0 0 0 0 0 0 0 0 0 0 0 0 0 0 0 0 0 0 0 0 0 0 0 0 0 0 0 0 0 0 0 0 0 0 0 0 0 0 0 0 0 0 0 0 0 0 0 0 0 0 0 0 0 0 0 0 0 0 0 0 0 0 0 0 0 0 0 0 0 0 0 0 0 0 0 0 0 0 0 0 0 0 0 0 0 0 0 0 0 0 0 0 0 0 0 0 0 0 0 0 0 0 0 0 0 0 0 0 0 0 0 0 0 0 0 0 0 0 0 0 0 0 0 0 0 0 0 0 0 0 0 0 0 0 0 0 0 0 0 0 0 0 0 0 0 0 0 0 0 0 0 0 0 0 0 0 0 0 0 0 0 0 0 0 0 0 0 0 0 0 0 0 0 0 0 0 0 0 0 0 0 0 0 0 0 0 0 0 0 0 0 0 0 0 0 0 0 0 0 0 0 0 0 0 0 0 0 0 0 0 0 0 0 0 0 0 0 0 0 0 0 0 0 0 0 0 0 0 0 0 0 0 0 0 0 0 0 0 0 0 0 0 0 0 0 0 0 0 0 0 0 0 0 0 0 0 0 0 0 0 0 0 0 0 0 0 0 0 0 0 0 0 0 0 0 0 0 0 0 0 0 0 0 0 0 0 0 0 0 0 0 0 0 0 0 0 0 0 0 0 0 0 0 0 0 0 0 0 0 0 0 0 0 0 0 0 0 0 0 0 0 0 0 0 0 0 0 0 0 0 0 0 0 0 0 0 0 0 0 0 0 0 0 0 0 0 0 0 0 0 0 0 0 0 0 0 0 0 0 0 0 0 0 
0 0 0 0 0 0 0 0 0 0 0 0 0 0 0 0 0 0 0 0 0 0 0 0 0 0 0 0 0 0 0 0 0 0 0 0 0 0 0 0 0 0 0 0 0 0 0 0 0 0 0 0 0 0 0 0 0 0 0 0 0 0 0 0 0 0 0 0 0 0 0 0 0 0 0 0 0 0 0 0 0 0 0 0 0 0 0 0 0 0 0 0 0 0 0 0 0 0 0 0 0 0 0 0 0 0 0 0 0 0 0 0 0 0 0 0 0 0 0 0 0 0 0 0 0 0 0 0 0 0 0 0 0 0 0 0 0 0 0 0 0 0 0 0 0 0 0 0 0 0 0 0 0 0 0 0 0 0 0 0 0 0 0 0 0 0 0 0 0 0 0 0 0 0 0 0 0 0 0 0 0 0 0 0 0 0 0 0 0 0 0 0 0 0 0 0 0 0 0 0 0 0 0 0 0 0 0 0 0 0 0 0 0 0 0 0 0 0 0 0 0 0 0 0 0 0 0 0 0 0 0 0 0 0 0 0 0 0 0 0 0 0 0 0 0 0 0 0 0 0 0 0 0 0 0 0 0 0 0 0 0 0 0 0 0 0 0 0 0 0 0 0 0 0 0 0 0 0 0 0 0 0 0 0 0 0 0 0 0 0 0 0 0 0 0 0 0 0 0 0 0 0 0 0 0 0 0 0 0 0 0 0 0 0 0 0 0 0 0 0 0 0 0 0 0 0 0 0 0 0 0 0 0 0 0 0 0 0 0 0 0 0 0 0 0 0 0 0 0 0 0 0 0 0 0 0 0 0 0 0 0 0 0 0 0 0 0 0 0 0 0 0 0 0 0 0 0 0 0 0 0 0 0 0 0 0 0 0 0 0 0 0 0 0 0 0 0 0 0 0 0 0 0 0 0 0 0 0 0 0 0 0 0 0 0 0 0 0 0 0 0 0 0 0 0 0 0 0 0 0 0 0 0 0 0 
0 0.00372103 0.00358802 0.00407205 0.00369435 0.00589459 0.0553321 0.019406 0.0128163 0.0114453 0.0161571 0.0116335 0.00888554 0.0132949 0.0130465 0.0108512 0.00940291 0.00910411 0.00884158 0.00923697 0.0130649 0.0111114 0.00981805 0.00934298 0.00930479 0.0094252 0.00924497 0.00900608 0.00885381 0.00882319 0.00894021 0.0111159 0.00824586 0.00811808 0.00831505 0.0081962 0.0087498 0.0103548 0.00817677 0.00819843 0.00843928 0.00867632 0.0083307 0.00873255 0.00815749 0.00822527 0.00835872 0.008775 0.00874778 0.00853498 0.00817832 0.00832321 0.00856772 0.00852436 0.00838292 0.00856481 0.00857197 0.00872689 0.00833942 0.00827481 0.00828286 0.00836816 0.00815585 0.00825255 0.0081832 0.00821011 0.00822026 0.00836377 0.00828875 0.00848147 0.00898123 0.00830612 0.00833714 0.00824243 0.00813453 0.00841377 0.00822929 0.00827239 0.00875458 0.00839122 0.00829186 0.00834894 0.00838091 0.0087483 0.00869555 0.00931002 0.00900614 0.00983036 0.00986121 0.012332 0.0103294 0.0140188 0.0166127 
0.00372103 0 0.00357831 0.00359178 0.00353859 0.0036129 0.0487395 0.0587602 0.0202497 0.0203084 0.00893166 0.00964791 0.0130565 0.00929383 0.00940723 0.00914058 0.00893063 0.0109279 0.00939094 0.0103229 0.00869761 0.013237 0.0150815 0.0129278 0.00966395 0.00858987 0.00881649 0.00905075 0.00973497 0.00917499 0.00881378 0.0084771 0.00811949 0.0082088 0.00831208 0.0082374 0.00817555 0.0081371 0.0081862 0.00828005 0.00817912 0.00811208 0.00840807 0.00817026 0.00822107 0.00848589 0.00880991 0.00876274 0.00826394 0.00827789 0.00843377 0.00842991 0.00828709 0.00834389 0.00861092 0.00874714 0.00852243 0.00832131 0.00830115 0.00845425 0.0083774 0.0082629 0.00824277 0.00830823 0.00827841 0.00827611 0.00831278 0.00835772 0.00830351 0.00824435 0.00834919 0.00840088 0.00835716 0.00824856 0.00826676 0.00828587 0.008265 0.00825361 0.00811354 0.00831569 0.00832456 0.00839662 0.00844634 0.00838913 0.0081317 0.00827817 0.00831551 0.00872277 0.00913898 0.00942566 0.0101127 0.0103468 0.0109311 
0.00358802 0.00357831 0 0.00355773 0.00356501 0.00355127 0.0357499 0.0599239 0.0701473 0.0117764 0.0087003 0.00935345 0.0108231 0.00898597 0.00892315 0.00867217 0.0108896 0.00905292 0.0199763 0.00935952 0.00893057 0.0136302 0.0183537 0.0265594 0.0102329 0.0103556 0.00923909 0.00943422 0.0113439 0.0105715 0.00905944 0.00847596 0.00860313 0.008211 0.00845975 0.00842358 0.0081665 0.00810168 0.00854776 0.00819655 0.00825212 0.00816501 0.00845683 0.00827046 0.00818063 0.00877964 0.0091446 0.00880274 0.00846342 0.00840249 0.00841003 0.00847858 0.00830408 0.00859762 0.00858543 0.00882063 0.00855993 0.008277 0.00832753 0.0083886 0.00843083 0.0082754 0.00817265 0.00833751 0.0082629 0.00830612 0.00832033 0.00833953 0.00831861 0.00826205 0.00829051 0.00858111 0.00833275 0.0082461 0.00825678 0.00826302 0.00825689 0.00817001 0.00807948 0.00834916 0.0082699 0.00844643 0.00837664 0.00838014 0.00815116 0.00830326 0.0082814 0.00901056 0.00890457 0.00921854 0.00958707 0.012435 0.0102657 
0.00407205 0.00359178 0.00355773 0 0.00354776 0.00362117 0.0138757 0.0468025 0.098334 0.0151678 0.00928142 0.0120466 0.0094057 0.0111444 0.00927367 0.00857887 0.00893156 0.0201612 0.0106613 0.0116508 0.00910683 0.011033 0.0253425 0.0282492 0.011514 0.00889063 0.00890739 0.0107753 0.0144946 0.0142561 0.00914264 0.0088004 0.00816474 0.00829848 0.00859643 0.00829094 0.0086892 0.0086745 0.00812636 0.00910192 0.00811595 0.00852825 0.00836363 0.00828928 0.00821867 0.00899872 0.00918886 0.00911333 0.00850473 0.00842444 0.00850425 0.00858951 0.00837528 0.00856888 0.00879792 0.00921311 0.00874917 0.00841457 0.00842582 0.00850967 0.00840743 0.00829841 0.00832324 0.00832792 0.00834366 0.00836936 0.00839425 0.00846381 0.00820443 0.00826799 0.00887624 0.00838479 0.00840082 0.00831094 0.00824983 0.00848114 0.00824231 0.0082091 0.00819775 0.00827625 0.00851706 0.00842239 0.00841605 0.00831885 0.0081671 0.00843305 0.00841456 0.00891947 0.00904388 0.0101464 0.00941457 0.00980302 0.0119325 
0.00369435 0.00353859 0.00356501 0.00354776 0 0.00361548 0.0252237 0.0219697 0.0286765 0.0686716 0.0105409 0.00909431 0.0275111 0.00890569 0.00905184 0.0101379 0.0118326 0.00878778 0.0133167 0.0104582 0.00943695 0.0138456 0.0115236 0.0122686 0.0128696 0.00961395 0.00954962 0.00915188 0.0095756 0.00917032 0.0100036 0.00847031 0.00925555 0.00822754 0.00826796 0.00854992 0.00809837 0.00804026 0.00865841 0.00822512 0.00872098 0.00803261 0.00849569 0.00824709 0.00813325 0.00883219 0.00890057 0.00881412 0.00859418 0.00839828 0.00834542 0.00853574 0.00833188 0.00844037 0.00858046 0.00865605 0.00862477 0.00829176 0.00832618 0.00838316 0.00854409 0.00829906 0.0082358 0.00842328 0.00824855 0.00823211 0.00844139 0.00837505 0.00837935 0.00819544 0.00832849 0.00863686 0.00825429 0.00824415 0.00829511 0.00825727 0.00826862 0.00813733 0.00806882 0.00858748 0.00827103 0.00845829 0.00844079 0.00834341 0.00819148 0.00826572 0.0083147 0.00914144 0.00894491 0.00924218 0.0103403 0.0127406 0.0105408 
0.00589459 0.0036129 0.00355127 0.00362117 0.00361548 0 0.0204584 0.0147803 0.0176047 0.0202176 0.0535177 0.0224185 0.00890579 0.0137275 0.0141828 0.00982492 0.0116206 0.0102595 0.0091356 0.00910198 0.0103321 0.0113314 0.00940553 0.0093014 0.00905914 0.0089277 0.00939391 0.00902349 0.00873187 0.00883412 0.00849098 0.00971377 0.00853677 0.0082615 0.00824789 0.00818298 0.00867902 0.00956981 0.00821404 0.00825346 0.00816225 0.00847178 0.00835273 0.00830616 0.00843755 0.00839474 0.00841234 0.00862111 0.00871442 0.00834827 0.00821198 0.00829327 0.00851341 0.0086353 0.00861624 0.00908593 0.00829147 0.00830664 0.00830504 0.00831456 0.0082146 0.0083709 0.00822805 0.00823056 0.00817859 0.00819076 0.00818965 0.00825397 0.00813053 0.00826181 0.00928726 0.00834709 0.0083112 0.00827394 0.00820734 0.00837231 0.00810226 0.0080342 0.0082094 0.00834341 0.00842473 0.00825442 0.0082019 0.00833922 0.00812495 0.00849086 0.00867746 0.00932033 0.00868985 0.0103636 0.0093746 0.011224 0.0121912 
0.0553321 0.0487395 0.0357499 0.0138757 0.0252237 0.0204584 0 0.00511787 0.00366796 0.0037762 0.00394331 0.144788 0.0269569 0.0233542 0.0246567 0.0262384 0.175798 0.0134554 0.0157219 0.0126774 0.0189987 0.254392 0.0361697 0.0232062 0.0127889 0.0153729 0.0530217 0.0171265 0.016253 0.0120698 0.0120703 0.0149693 0.014236 0.00832973 0.00853858 0.00936809 0.00912848 0.00983546 0.0121733 0.00818987 0.00991104 0.00990059 0.00888311 0.0102528 0.00903644 0.00901633 0.0100053 0.00941239 0.0115567 0.0120563 0.00884696 0.00903309 0.00912271 0.0123556 0.00971193 0.0100034 0.00938663 0.00945539 0.00980365 0.00900894 0.00877668 0.00878218 0.00857116 0.00835383 0.0083375 0.00835319 0.00859396 0.00840049 0.00869455 0.00849336 0.00895057 0.00904303 0.00846032 0.0083928 0.0085304 0.00838414 0.0084743 0.00833234 0.00839469 0.00909303 0.00840197 0.00861028 0.00866524 0.00908893 0.00848934 0.00853231 0.00889876 0.00915048 0.0097168 0.0102383 0.0114112 0.0131355 0.0124803 
0.019406 0.0587602 0.0599239 0.0468025 0.0219697 0.0147803 0.00511787 0 0.00362396 0.00363244 0.00362922 0.125892 0.0983446 0.0163225 0.0194894 0.0159408 0.0176953 0.184398 0.0211912 0.0296773 0.0108532 0.0516318 0.435144 0.0516609 0.0366466 0.0108966 0.0189125 0.0585183 0.0425156 0.0359635 0.0143269 0.010918 0.00880809 0.00928239 0.00907236 0.00914511 0.00913334 0.00882604 0.00854616 0.00920918 0.0088035 0.00868186 0.00934276 0.00932113 0.00847628 0.0103621 0.0147049 0.0126868 0.0106133 0.00927494 0.009273 0.00973645 0.00917204 0.00904459 0.0103758 0.010739 0.00976387 0.00939912 0.00869373 0.00904242 0.00901509 0.00889113 0.00843248 0.00870739 0.00856175 0.00856287 0.00877226 0.00871662 0.00880356 0.00864979 0.0091939 0.00870591 0.00853142 0.00846552 0.00834984 0.00850909 0.0083899 0.00837857 0.00827333 0.00846708 0.0085825 0.00871704 0.00888824 0.00865746 0.0082286 0.0085254 0.00871013 0.00879238 0.00911063 0.0103782 0.00995671 0.0104926 0.0117821 
0.0128163 0.0202497 0.0701473 0.098334 0.0286765 0.0176047 0.00366796 0.00362396 0 0.00366913 0.0035748 0.0799872 0.0656075 0.0323409 0.0128682 0.0101523 0.0144734 0.0250276 0.200559 0.020217 0.0128991 0.0376442 0.0992991 0.471928 0.0242537 0.0145489 0.013887 0.0288971 0.106248 0.0722332 0.0190833 0.0103111 0.0087545 0.00886633 0.0106197 0.00884188 0.00991601 0.00848171 0.00867872 0.00865606 0.00839994 0.00866499 0.0092262 0.00881601 0.00862197 0.0103919 0.0201958 0.0175969 0.0120994 0.00916821 0.00932709 0.0104904 0.00887019 0.00922626 0.0108048 0.015127 0.0108156 0.00959674 0.00878407 0.00923489 0.00984136 0.00887651 0.00845445 0.00870273 0.00880814 0.00872389 0.00916873 0.00881418 0.00848198 0.0085349 0.00894337 0.00878861 0.00863757 0.00849791 0.00847778 0.00855716 0.00845899 0.00831897 0.00842313 0.00842824 0.00852245 0.00885514 0.00877957 0.00867157 0.00815899 0.0083242 0.0083526 0.00861851 0.00890256 0.00988771 0.00984559 0.00963874 0.0104562 
0.0114453 0.0203084 0.0117764 0.0151678 0.0686716 0.0202176 0.0037762 0.00363244 0.00366913 0 0.00395985 0.0211365 0.178479 0.0414545 0.0180692 0.0121596 0.0155954 0.0195008 0.0186754 0.120313 0.0119457 0.0214855 0.0538105 0.0271563 0.163832 0.0124436 0.0119028 0.0136758 0.0209011 0.0176345 0.0190912 0.00938469 0.0092408 0.00876696 0.00883592 0.00881897 0.00834948 0.00865068 0.00877035 0.00850124 0.00875075 0.00873484 0.00908711 0.00853746 0.00881308 0.00992451 0.0115271 0.0125983 0.0103587 0.00875802 0.00906684 0.00932199 0.00869609 0.00921424 0.00935792 0.00986725 0.00930433 0.0085074 0.00888936 0.00886576 0.0087899 0.00861052 0.00832521 0.00859232 0.00840097 0.00839574 0.00847679 0.00853269 0.00839676 0.00826952 0.00874145 0.0085095 0.00830108 0.00825539 0.00826525 0.00825564 0.0082531 0.00816317 0.00813536 0.0084084 0.00841837 0.00844961 0.00842162 0.00840725 0.00816956 0.00835896 0.00842779 0.00866881 0.0086522 0.00944144 0.00934122 0.00981642 0.0094657 
0.0161571 0.00893166 0.0087003 0.00928142 0.0105409 0.0535177 0.00394331 0.00362922 0.0035748 0.00395985 0 0.020769 0.012321 0.133642 0.0162307 0.0131786 0.0157284 0.0108901 0.010822 0.00998384 0.0600411 0.0156213 0.0104698 0.0113567 0.0121239 0.0250126 0.0123612 0.00995298 0.0095011 0.00936826 0.00894789 0.00992348 0.00979998 0.00833087 0.00839159 0.00827523 0.00894856 0.00954015 0.00839922 0.00817786 0.0083318 0.00874046 0.00834629 0.00830361 0.00913014 0.00839719 0.00867405 0.00885939 0.00924953 0.00856031 0.00832536 0.0082625 0.00853817 0.00935803 0.0085583 0.00877087 0.0083374 0.00844626 0.00847706 0.00831908 0.00822858 0.00831085 0.00834867 0.00829394 0.00813362 0.00809693 0.00816093 0.00817986 0.00814335 0.00835713 0.00887601 0.00823999 0.00812376 0.00813297 0.00817816 0.0081304 0.00808715 0.00803851 0.00862965 0.00841249 0.00820026 0.00822255 0.00817285 0.00825692 0.00820199 0.00838016 0.00850784 0.00891388 0.008485 0.00921131 0.00905343 0.00967729 0.00997899 
0.0116335 0.00964791 0.00935345 0.0120466 0.00909431 0.0224185 0.144788 0.125892 0.0799872 0.0211365 0.020769 0 0.00365067 0.00375089 0.0071704 0.0231123 0.012785 0.0648166 0.0094174 0.0199187 0.0133167 0.029116 0.0310214 0.0152045 0.0139585 0.0149627 0.0161128 0.0199316 0.0134237 0.0119344 0.0123866 0.0247022 0.00857425 0.0083492 0.0085216 0.00850041 0.013573 0.0145707 0.00823428 0.00897701 0.00961191 0.0091241 0.00890504 0.0124969 0.00872052 0.00879451 0.00936743 0.00963847 0.0163183 0.00893238 0.00851718 0.0085885 0.0109866 0.00869943 0.00902155 0.00899772 0.00896548 0.0117612 0.00849164 0.00844932 0.00853005 0.00915194 0.00831346 0.00823139 0.00818335 0.0082081 0.00824078 0.00834081 0.00820264 0.00880939 0.00892501 0.0082265 0.00824462 0.00814578 0.00809275 0.00833223 0.00813302 0.00820357 0.0103835 0.00813794 0.00812401 0.00822504 0.00827776 0.00891126 0.00817194 0.00834574 0.00845442 0.00845238 0.00874501 0.00879275 0.00918139 0.00879062 0.010601 
0.00888554 0.0130565 0.0108231 0.0094057 0.0275111 0.00890579 0.0269569 0.0983446 0.0656075 0.178479 0.012321 0.00365067 0 0.00358725 0.00982813 0.639712 0.0148304 0.0110217 0.0701254 0.0201881 0.0103923 0.0204828 0.0323109 0.0198994 0.0432622 0.0125916 0.0135414 0.0155975 0.0167345 0.0118421 0.0231211 0.00938033 0.00877419 0.00869945 0.00864977 0.0092403 0.00839265 0.00825312 0.00880729 0.00889458 0.00898202 0.00829949 0.0105322 0.00906303 0.00830227 0.00894174 0.0107184 0.0138672 0.00942593 0.00869321 0.00860357 0.0108407 0.0085051 0.00841571 0.00909406 0.00996214 0.00982669 0.00862867 0.00840873 0.00872396 0.0089765 0.00839047 0.00817438 0.00838942 0.00840295 0.00840895 0.00849024 0.00846011 0.00844736 0.00830995 0.00829803 0.00869164 0.0083377 0.00826894 0.0082479 0.00825571 0.00826221 0.00823788 0.00808405 0.00829689 0.00835765 0.00843661 0.00840306 0.00827019 0.00812938 0.00818698 0.00825115 0.00834099 0.0084638 0.00885263 0.00889243 0.00892807 0.00872728 
0.0132949 0.00929383 0.00898597 0.0111444 0.00890569 0.0137275 0.0233542 0.0163225 0.0323409 0.0414545 0.133642 0.00375089 0.00358725 0 0.690202 0.00647097 0.0152078 0.0370066 0.0142386 0.0232555 0.0127422 0.0165093 0.0154495 0.0183014 0.0193819 0.024745 0.0153709 0.0109903 0.0112523 0.0138026 0.0108974 0.0173814 0.0103169 0.00860835 0.00892469 0.00849887 0.00947571 0.0108734 0.00873234 0.00837101 0.00868053 0.00982287 0.00870061 0.00868344 0.00973188 0.00871727 0.00901941 0.0101551 0.0136935 0.00892595 0.00865128 0.00870259 0.00962598 0.00916626 0.00915184 0.00898217 0.00877825 0.00878049 0.00847915 0.00847834 0.00876798 0.00870923 0.00829578 0.00838009 0.00815499 0.00822538 0.00835483 0.00832754 0.00819506 0.00843821 0.00917002 0.00826325 0.0081961 0.00817707 0.00812022 0.00821411 0.00814398 0.00805528 0.00843844 0.00827205 0.00821829 0.00823864 0.00846282 0.0083023 0.00820162 0.00834375 0.00831599 0.00863876 0.00839899 0.00890566 0.0087389 0.00908249 0.00940169 
0.0130465 0.00940723 0.00892315 0.00927367 0.00905184 0.0141828 0.0246567 0.0194894 0.0128682 0.0180692 0.0162307 0.0071704 0.00982813 0.690202 0 0.00615979 0.00519281 0.0233129 0.0078214 0.0071395 0.00617192 0.0174601 0.0144623 0.00985362 0.0117525 0.0118643 0.0175577 0.0136744 0.00986632 0.00947841 0.010442 0.0149065 0.0102913 0.00892333 0.00860283 0.00907407 0.00991781 0.0119032 0.00906174 0.00937646 0.00897674 0.00972671 0.00908971 0.00953062 0.00864854 0.00849304 0.00842965 0.00920978 0.00938461 0.00875525 0.00860719 0.00835919 0.009195 0.00901136 0.00913089 0.00895863 0.00883118 0.00902404 0.00850592 0.00847234 0.00833853 0.00840247 0.00824942 0.00823969 0.0081969 0.00830485 0.0081984 0.00846693 0.00827717 0.0085758 0.00956603 0.0083746 0.00851617 0.0082155 0.00826491 0.00868396 0.00819121 0.00818316 0.00849163 0.00846537 0.00849223 0.00830881 0.00847102 0.00842218 0.00868014 0.00872316 0.00882092 0.00865527 0.00859609 0.00924043 0.00914054 0.0101593 0.0124554 
0.0108512 0.00914058 0.00867217 0.00857887 0.0101379 0.00982492 0.0262384 0.0159408 0.0101523 0.0121596 0.0131786 0.0231123 0.639712 0.00647097 0.00615979 0 0.0433942 0.00562791 0.00649491 0.00581937 0.00452651 0.0208997 0.0141507 0.00994707 0.0115768 0.0103522 0.0194852 0.0116069 0.00930742 0.00935093 0.0105094 0.0112395 0.0151864 0.00874267 0.00854156 0.00902933 0.00858695 0.0105927 0.0108975 0.0085149 0.00911162 0.00948682 0.00898182 0.00880641 0.00929977 0.0084276 0.00857746 0.00875794 0.00902269 0.00918622 0.00835167 0.00843749 0.00884768 0.00936765 0.00856903 0.00848027 0.00846412 0.00877652 0.0085501 0.00839881 0.00828452 0.00838054 0.00834944 0.00840507 0.00815962 0.00811269 0.00813178 0.00821027 0.00846751 0.00830188 0.00894377 0.00849178 0.00820497 0.00827954 0.00828681 0.00816878 0.00811343 0.00814086 0.00819168 0.00856533 0.00816927 0.00818391 0.00818942 0.00829807 0.0083093 0.00847099 0.00839081 0.00871984 0.00844717 0.00882396 0.00936724 0.0106074 0.0102545 
0.00940291 0.00893063 0.0108896 0.00893156 0.0118326 0.0116206 0.175798 0.0176953 0.0144734 0.0155954 0.0157284 0.012785 0.0148304 0.0152078 0.00519281 0.0433942 0 0.00360228 0.00363646 0.00358964 0.00364413 0.0832553 0.0187997 0.017585 0.0134113 0.0221965 0.0430525 0.0173604 0.0138705 0.0127594 0.0199279 0.0205688 0.0136372 0.00832311 0.00869987 0.0096894 0.00980006 0.0110973 0.0110346 0.0084268 0.0140785 0.00856324 0.00903658 0.0120107 0.0085195 0.00967824 0.0104926 0.00950621 0.0138821 0.00953013 0.00897196 0.00872254 0.00992586 0.00939698 0.00932814 0.00963736 0.00921051 0.0110123 0.00865261 0.00864169 0.008652 0.00887106 0.0081918 0.00835505 0.008302 0.00829079 0.00856704 0.00831663 0.00850557 0.00885936 0.00832568 0.00886356 0.00825685 0.00825991 0.00821956 0.00824957 0.00829034 0.0082932 0.00835505 0.00858691 0.00835084 0.00853574 0.00847598 0.0088379 0.00821396 0.00813648 0.00828472 0.00835155 0.00867845 0.00862256 0.00959107 0.00971684 0.00934097 
0.00910411 0.0109279 0.00905292 0.0201612 0.00878778 0.0102595 0.0134554 0.184398 0.0250276 0.0195008 0.0108901 0.0648166 0.0110217 0.0370066 0.0233129 0.00562791 0.00360228 0 0.00358301 0.0035926 0.00358661 0.0427722 0.0767666 0.0315858 0.0254609 0.0112128 0.0127668 0.0429154 0.0234024 0.0233611 0.0137681 0.0121991 0.00838842 0.00919168 0.00915466 0.00887197 0.010402 0.00940329 0.00825352 0.0104782 0.00848185 0.00883711 0.00942312 0.00951907 0.0083465 0.0101727 0.0119603 0.0145264 0.0100302 0.0085423 0.00882919 0.00939515 0.00882391 0.00905428 0.0097292 0.0100268 0.0102035 0.00945759 0.00837675 0.0088649 0.00893661 0.00857901 0.00817033 0.00850721 0.00843809 0.00851378 0.00853158 0.00863852 0.00829761 0.00841193 0.00889599 0.00846817 0.0084898 0.00827267 0.00822891 0.00841458 0.00820216 0.008216 0.00817276 0.00822459 0.00840496 0.00841266 0.0085014 0.00836454 0.00809347 0.00823948 0.00824089 0.00832696 0.00845007 0.00879239 0.00868423 0.00840562 0.00941511 
0.00884158 0.00939094 0.0199763 0.0106613 0.0133167 0.0091356 0.0157219 0.0211912 0.200559 0.0186754 0.010822 0.0094174 0.0701254 0.0142386 0.0078214 0.00649491 0.00363646 0.00358301 0 0.00370366 0.00356436 0.0327966 0.0453779 0.126092 0.027009 0.0198051 0.0136924 0.018141 0.0651908 0.038136 0.0195 0.0108822 0.00919893 0.008818 0.009944 0.00984918 0.00935787 0.0085849 0.0107558 0.00856799 0.0091597 0.00847317 0.0092965 0.0093581 0.00853553 0.00993098 0.0317126 0.0166946 0.0116978 0.00880607 0.00981735 0.0112795 0.0096712 0.00889745 0.0104747 0.0135172 0.0114837 0.00956747 0.0085678 0.00916898 0.0103095 0.00918799 0.00834315 0.008708 0.00898704 0.00873384 0.00889921 0.00863209 0.00930304 0.00847519 0.00852813 0.00892142 0.00838864 0.00843163 0.00835223 0.00834143 0.0083381 0.00830398 0.00856543 0.00840054 0.00837866 0.00898242 0.00851774 0.00851044 0.00813845 0.00818967 0.00840643 0.00829204 0.00836471 0.00860076 0.00861416 0.00855799 0.00856802 
0.00923697 0.0103229 0.00935952 0.0116508 0.0104582 0.00910198 0.0126774 0.0296773 0.020217 0.120313 0.00998384 0.0199187 0.0201881 0.0232555 0.0071395 0.00581937 0.00358964 0.0035926 0.00370366 0 0.00354649 0.0179329 0.0534822 0.0410005 0.0819959 0.0116776 0.0123958 0.0203438 0.0223 0.0219969 0.0274936 0.0111653 0.00891353 0.00952649 0.00924471 0.00949072 0.00878128 0.0087995 0.00864443 0.00920722 0.00871811 0.0089133 0.0094629 0.00956348 0.00896085 0.0117297 0.0122251 0.0188238 0.0118719 0.00871184 0.00891222 0.0101011 0.00928762 0.00868551 0.0096473 0.010261 0.0100586 0.00878556 0.00847901 0.00891897 0.00920551 0.00855222 0.00848832 0.00866562 0.00866723 0.00844894 0.00860572 0.00864845 0.0084411 0.00848156 0.00894833 0.00848544 0.00836912 0.00830422 0.00825648 0.00834902 0.0082458 0.00815686 0.0081137 0.00828652 0.00839555 0.00851622 0.00847017 0.00824187 0.0080764 0.00819687 0.00821756 0.00832682 0.00839814 0.00869517 0.00861607 0.00845488 0.00870513 
0.0130649 0.00869761 0.00893057 0.00910683 0.00943695 0.0103321 0.0189987 0.0108532 0.0128991 0.0119457 0.0600411 0.0133167 0.0103923 0.0127422 0.00617192 0.00452651 0.00364413 0.00358661 0.00356436 0.00354649 0 0.0160032 0.0164322 0.0135971 0.0149159 0.0318701 0.0194937 0.0130933 0.0126609 0.0109454 0.0142329 0.01282 0.0119391 0.00851543 0.00856287 0.0084429 0.00915843 0.00991129 0.00920071 0.00866323 0.00900715 0.00928916 0.00882172 0.00889625 0.0115989 0.00865824 0.00987412 0.0115644 0.0139591 0.00932292 0.00850269 0.00875236 0.0106029 0.0091833 0.00855276 0.00886469 0.00908393 0.00887552 0.00849976 0.00833348 0.0085373 0.00917037 0.00835726 0.00823379 0.00816696 0.00817698 0.00821039 0.00820995 0.00811657 0.0087196 0.00881915 0.00821213 0.00817704 0.00814743 0.00809792 0.00815044 0.00808221 0.00816168 0.00835518 0.00816991 0.00818447 0.00827914 0.00813797 0.00819813 0.00801641 0.00817238 0.00823065 0.00830734 0.00821505 0.008709 0.00851742 0.00845231 0.00868249 
0.0111114 0.013237 0.0136302 0.011033 0.0138456 0.0113314 0.254392 0.0516318 0.0376442 0.0214855 0.0156213 0.029116 0.0204828 0.0165093 0.0174601 0.0208997 0.0832553 0.0427722 0.0327966 0.0179329 0.0160032 0 0.00367133 0.00355514 0.00358604 0.00366238 0.742257 0.0771177 0.0481117 0.0233718 0.0215139 0.0259355 0.0297259 0.0105399 0.0105935 0.0125539 0.0165322 0.0167626 0.020802 0.00948704 0.0171432 0.0160665 0.0136655 0.0254365 0.0170221 0.0277373 0.0235503 0.016648 0.0246374 0.0201408 0.0122366 0.0128094 0.0132896 0.0212126 0.0152207 0.0175902 0.0237938 0.0166961 0.0121465 0.0112356 0.0107667 0.0100408 0.00940935 0.00958759 0.00879454 0.0086922 0.00930203 0.00879032 0.00913732 0.00910161 0.00974241 0.00892188 0.00863443 0.00841061 0.00872268 0.00872433 0.00859907 0.00868786 0.00930201 0.0089226 0.0083988 0.00897886 0.00879699 0.00921764 0.00823127 0.00841843 0.00840845 0.00844105 0.00862493 0.0090118 0.00907069 0.00925325 0.00929062 
0.00981805 0.0150815 0.0183537 0.0253425 0.0115236 0.00940553 0.0361697 0.435144 0.0992991 0.0538105 0.0104698 0.0310214 0.0323109 0.0154495 0.0144623 0.0141507 0.0187997 0.0767666 0.0453779 0.0534822 0.0164322 0.00367133 0 0.00359104 0.00362552 0.00361002 0.176715 0.783493 0.078817 0.103648 0.0399046 0.0162429 0.0110369 0.0177704 0.0174851 0.0177592 0.0120931 0.00969918 0.0101118 0.0168915 0.00990175 0.0109932 0.0286462 0.0110777 0.0102314 0.0524071 0.0944865 0.0583357 0.0188486 0.0153646 0.0251006 0.0219524 0.0105292 0.0122038 0.0469729 0.0501044 0.0296049 0.0124187 0.0105632 0.0171481 0.0149984 0.0112836 0.00959862 0.0103636 0.010517 0.0113573 0.0101713 0.0107531 0.00954513 0.00905284 0.0110814 0.00947897 0.00974033 0.00888181 0.00915424 0.00939234 0.0086537 0.00857171 0.00841803 0.00860686 0.00909513 0.0103093 0.0102735 0.00883813 0.00805188 0.00827783 0.00839494 0.00851104 0.00868367 0.00927981 0.00899591 0.00867714 0.0089163 
0.00934298 0.0129278 0.0265594 0.0282492 0.0122686 0.0093014 0.0232062 0.0516609 0.471928 0.0271563 0.0113567 0.0152045 0.0198994 0.0183014 0.00985362 0.00994707 0.017585 0.0315858 0.126092 0.0410005 0.0135971 0.00355514 0.00359104 0 0.00354979 0.00356027 0.0931606 0.0773035 0.746797 0.121841 0.0934008 0.0139369 0.0105157 0.0118851 0.0268216 0.0134113 0.0170799 0.0090371 0.0100426 0.010589 0.0114531 0.0108515 0.0125883 0.0127951 0.00982469 0.0403989 0.148042 0.0769962 0.026934 0.0114069 0.0211715 0.0245685 0.0122886 0.0114356 0.0246001 0.0746916 0.0296544 0.012929 0.00942516 0.0127687 0.0198284 0.0114694 0.00902135 0.00981783 0.0111623 0.0100323 0.0117588 0.010633 0.00956464 0.00914333 0.00926382 0.00994825 0.0093922 0.00918277 0.00905678 0.00890899 0.00848584 0.00891695 0.00826367 0.00849783 0.00885774 0.00991146 0.00943724 0.00909176 0.00815649 0.0082348 0.00855582 0.00845832 0.00844228 0.00908503 0.00862588 0.00842025 0.00867292 
0.00930479 0.00966395 0.0102329 0.011514 0.0128696 0.00905914 0.0127889 0.0366466 0.0242537 0.163832 0.0121239 0.0139585 0.0432622 0.0193819 0.0117525 0.0115768 0.0134113 0.0254609 0.027009 0.0819959 0.0149159 0.00358604 0.00362552 0.00354979 0 0.00396693 0.0221928 0.0822609 0.0556477 0.611545 0.0874802 0.0415467 0.0106734 0.0125392 0.0106562 0.0148191 0.0107348 0.00992523 0.00961788 0.0115955 0.00995357 0.0102602 0.0155667 0.010553 0.0100243 0.0210501 0.0226293 0.0810545 0.0250651 0.00969187 0.0129397 0.0205029 0.0105909 0.00993135 0.0141702 0.0170595 0.0164017 0.0102168 0.0089277 0.0103279 0.0136835 0.0100882 0.00864425 0.00925655 0.00904301 0.00884122 0.00897112 0.00880633 0.00886022 0.00851545 0.00920472 0.00881946 0.00852104 0.00842906 0.00838144 0.00837739 0.0084082 0.00825032 0.0082366 0.00829545 0.00860268 0.00870285 0.00877773 0.00839137 0.00814357 0.00824792 0.00822629 0.0082766 0.00836782 0.00860966 0.00843689 0.0083678 0.00850136 
0.0094252 0.00858987 0.0103556 0.00889063 0.00961395 0.0089277 0.0153729 0.0108966 0.0145489 0.0124436 0.0250126 0.0149627 0.0125916 0.024745 0.0118643 0.0103522 0.0221965 0.0112128 0.0198051 0.0116776 0.0318701 0.00366238 0.00361002 0.00356027 0.00396693 0 0.0180146 0.0148273 0.0711164 0.0290949 0.463228 0.0394069 0.0141415 0.00904894 0.00911041 0.0093624 0.0107182 0.010275 0.0107866 0.00848738 0.0152486 0.0096516 0.0103265 0.0112166 0.0118174 0.0107301 0.012314 0.0244656 0.0331165 0.0103478 0.00905153 0.0110861 0.0110718 0.00972604 0.00902661 0.0106099 0.0101561 0.0104816 0.00890762 0.00864317 0.0101902 0.0100333 0.00910521 0.00832551 0.00838166 0.008366 0.00851012 0.00826809 0.00871008 0.00854158 0.00871672 0.00866272 0.00836106 0.00818766 0.00812211 0.00819558 0.00816063 0.00820316 0.0082557 0.00830736 0.00813026 0.0082773 0.0082332 0.00837688 0.00808098 0.00820689 0.00818936 0.00826989 0.00824742 0.00839608 0.00837673 0.00832828 0.00840027 
0.00924497 0.00881649 0.00923909 0.00890739 0.00954962 0.00939391 0.0530217 0.0189125 0.013887 0.0119028 0.0123612 0.0161128 0.0135414 0.0153709 0.0175577 0.0194852 0.0430525 0.0127668 0.0136924 0.0123958 0.0194937 0.742257 0.176715 0.0931606 0.0221928 0.0180146 0 0.00392476 0.00371734 0.00374816 0.00381543 0.00839448 0.099995 0.01326 0.0103943 0.0286026 0.0239345 0.0193099 0.0300553 0.00996099 0.0285522 0.0246615 0.0193641 0.0277791 0.0215236 0.0221982 0.0185315 0.0135175 0.0226368 0.0321679 0.0160138 0.0105856 0.0183199 0.0289536 0.0169829 0.0165102 0.0139684 0.0194089 0.0161917 0.0112241 0.0101586 0.01118 0.0104015 0.00891004 0.0085785 0.00843986 0.00980215 0.00898313 0.0099479 0.00989267 0.0105927 0.0102982 0.00847754 0.00851814 0.00894599 0.00862552 0.0089612 0.00851283 0.0102087 0.0116432 0.00840388 0.00866112 0.00871566 0.0092307 0.00844438 0.00832544 0.00837991 0.00842359 0.00857652 0.00873764 0.0091815 0.00949871 0.0091793 
0.00900608 0.00905075 0.00943422 0.0107753 0.00915188 0.00902349 0.0171265 0.0585183 0.0288971 0.0136758 0.00995298 0.0199316 0.0155975 0.0109903 0.0136744 0.0116069 0.0173604 0.0429154 0.018141 0.0203438 0.0130933 0.0771177 0.783493 0.0773035 0.0822609 0.0148273 0.00392476 0 0.00370514 0.00364348 0.00404271 0.00376758 0.035588 0.0283032 0.0201221 0.025376 0.0188254 0.0123525 0.0118885 0.0190225 0.0102221 0.0166047 0.0322817 0.0126888 0.0151495 0.0512344 0.0612885 0.0410034 0.0156109 0.0203276 0.0296218 0.0224296 0.0117324 0.0170136 0.0496709 0.0431215 0.02189 0.0121601 0.0137712 0.0193427 0.0148524 0.0106035 0.00955328 0.0096867 0.00936302 0.00972591 0.0103103 0.0101524 0.0102031 0.00901936 0.0116196 0.00906818 0.00906252 0.00862898 0.00880458 0.00962965 0.00876348 0.00847512 0.00850683 0.00875567 0.00883113 0.00911533 0.00986688 0.00877714 0.00808585 0.00826275 0.00830664 0.00830923 0.0083808 0.00894097 0.00861425 0.00841863 0.00892654 
0.00885381 0.00973497 0.0113439 0.0144946 0.0095756 0.00873187 0.016253 0.0425156 0.106248 0.0209011 0.0095011 0.0134237 0.0167345 0.0112523 0.00986632 0.00930742 0.0138705 0.0234024 0.0651908 0.0223 0.0126609 0.0481117 0.078817 0.746797 0.0556477 0.0711164 0.00371734 0.00370514 0 0.00368019 0.00368538 0.00399069 0.0156165 0.0447069 0.0561046 0.0249953 0.0179522 0.0102306 0.0123853 0.0100799 0.0116826 0.0154543 0.0125581 0.0124236 0.0122758 0.0426348 0.145689 0.0894134 0.0299478 0.0184333 0.038007 0.0270912 0.013657 0.0166701 0.0545532 0.129559 0.0468541 0.0148097 0.0114893 0.0259145 0.0254482 0.0132256 0.00941548 0.0105441 0.0128275 0.0121758 0.013773 0.0129446 0.0103717 0.00914446 0.0100035 0.0108186 0.00997231 0.00936905 0.0092657 0.00961267 0.00874489 0.00871813 0.00832161 0.008669 0.00892824 0.0100369 0.0108254 0.00902644 0.00808978 0.00820987 0.008211 0.00828866 0.00841453 0.00886588 0.00867096 0.00828634 0.00861827 
0.00882319 0.00917499 0.0105715 0.0142561 0.00917032 0.00883412 0.0120698 0.0359635 0.0722332 0.0176345 0.00936826 0.0119344 0.0118421 0.0138026 0.00947841 0.00935093 0.0127594 0.0233611 0.038136 0.0219969 0.0109454 0.0233718 0.103648 0.121841 0.611545 0.0290949 0.00374816 0.00364348 0.00368019 0 0.00361449 0.0035942 0.0137374 0.0257714 0.0717296 0.0182901 0.0182851 0.0101232 0.0103963 0.0113249 0.0116996 0.0111609 0.0131169 0.012927 0.0107069 0.0334122 0.115015 0.0805336 0.0303424 0.0127979 0.0278921 0.0354989 0.0125684 0.0111866 0.038699 0.107686 0.0411273 0.0139456 0.0111004 0.0186314 0.0223491 0.0125727 0.00915323 0.0101044 0.0123224 0.011372 0.0118851 0.0113823 0.00979477 0.009524 0.0100508 0.0102032 0.0103442 0.00909659 0.00914665 0.00961322 0.00865142 0.00871776 0.00835829 0.00861784 0.00902121 0.00998065 0.00951958 0.00926986 0.00812884 0.00826004 0.00838021 0.00834214 0.0084015 0.00870664 0.00848788 0.00838499 0.00854648 
0.00894021 0.00881378 0.00905944 0.00914264 0.0100036 0.00849098 0.0120703 0.0143269 0.0190833 0.0190912 0.00894789 0.0123866 0.0231211 0.0108974 0.010442 0.0105094 0.0199279 0.0137681 0.0195 0.0274936 0.0142329 0.0215139 0.0399046 0.0934008 0.0874802 0.463228 0.00381543 0.00404271 0.00368538 0.00361449 0 0.00360988 0.0476487 0.0181973 0.0160589 0.0525763 0.0161725 0.0155846 0.0124565 0.0143432 0.0151502 0.0120063 0.0263412 0.0144042 0.016475 0.0242242 0.0271603 0.1179 0.0540462 0.0133298 0.0186897 0.0296354 0.0143219 0.0127672 0.0164897 0.0320569 0.0335651 0.0145191 0.00982231 0.0131696 0.0201607 0.0113432 0.00911104 0.0102745 0.00932124 0.00923753 0.01013 0.00902658 0.0095283 0.0092563 0.00989897 0.0110053 0.00879028 0.00868439 0.00889555 0.00859817 0.00843994 0.00840707 0.00824865 0.00881621 0.00908187 0.00899625 0.00910795 0.00857402 0.00811588 0.0083969 0.00842203 0.00833046 0.00838185 0.00869295 0.00849999 0.00840786 0.00852418 
0.0111159 0.0084771 0.00847596 0.0088004 0.00847031 0.00971377 0.0149693 0.010918 0.0103111 0.00938469 0.00992348 0.0247022 0.00938033 0.0173814 0.0149065 0.0112395 0.0205688 0.0121991 0.0108822 0.0111653 0.01282 0.0259355 0.0162429 0.0139369 0.0415467 0.0394069 0.00839448 0.00376758 0.00399069 0.0035942 0.00360988 0 0.0259557 0.0114179 0.0105021 0.0122368 0.0344727 0.031966 0.0145649 0.0108928 0.0145044 0.0185856 0.0127066 0.0155438 0.0220878 0.0127713 0.0104447 0.0194739 0.0589166 0.0201198 0.011364 0.0112899 0.0246055 0.0180286 0.0129814 0.0121986 0.0124364 0.0157285 0.0125529 0.00988679 0.00978684 0.0145442 0.0111615 0.00931172 0.00861178 0.00862178 0.0086441 0.00918884 0.00856668 0.0106211 0.0140067 0.00904711 0.00872425 0.00859604 0.00845557 0.0090172 0.00826124 0.00864072 0.00958642 0.00975143 0.00894565 0.00867203 0.0087418 0.00905673 0.00862977 0.00981433 0.00896487 0.00853735 0.00833282 0.00850853 0.00868643 0.00866813 0.00935376 
0.00824586 0.00811949 0.00860313 0.00816474 0.00925555 0.00853677 0.014236 0.00880809 0.0087545 0.0092408 0.00979998 0.00857425 0.00877419 0.0103169 0.0102913 0.0151864 0.0136372 0.00838842 0.00919893 0.00891353 0.0119391 0.0297259 0.0110369 0.0105157 0.0106734 0.0141415 0.099995 0.035588 0.0156165 0.0137374 0.0476487 0.0259557 0 0.00430958 0.00362424 0.00426713 0.00391874 0.00503654 0.00835071 0.00581639 0.0470689 0.00743546 0.0115533 0.0517199 0.0125468 0.0101267 0.0122656 0.00982371 0.024931 0.018327 0.00982551 0.00935255 0.015962 0.0171429 0.0118443 0.00997675 0.00972558 0.0200123 0.0100002 0.00917295 0.00899165 0.00943346 0.00877412 0.00850963 0.0083483 0.0082944 0.00916615 0.00822381 0.00969343 0.00895344 0.00848215 0.00986674 0.00827735 0.00831455 0.00834813 0.00820614 0.00920618 0.00824203 0.00895804 0.00919633 0.0082133 0.0083762 0.00819143 0.00930153 0.00870314 0.00815745 0.00827151 0.0082316 0.00825875 0.00821129 0.00886668 0.00898447 0.00870175 
0.00811808 0.0082088 0.008211 0.00829848 0.00822754 0.0082615 0.00832973 0.00928239 0.00886633 0.00876696 0.00833087 0.0083492 0.00869945 0.00860835 0.00892333 0.00874267 0.00832311 0.00919168 0.008818 0.00952649 0.00851543 0.0105399 0.0177704 0.0118851 0.0125392 0.00904894 0.01326 0.0283032 0.0447069 0.0257714 0.0181973 0.0114179 0.00430958 0 0.0037065 0.00369247 0.00364538 0.00525283 0.00548879 0.0109388 0.00708957 0.00755321 0.0103996 0.00997009 0.00868763 0.0110212 0.0110541 0.0165608 0.0095396 0.00970979 0.00969402 0.0112292 0.00942514 0.00905019 0.011295 0.0117869 0.0104086 0.00963393 0.00843017 0.00898989 0.00912181 0.00853768 0.00828135 0.00833295 0.00821831 0.00871217 0.00818246 0.00866462 0.00831037 0.00835408 0.00879148 0.00827889 0.00831876 0.00815067 0.00808383 0.00847302 0.0080871 0.00811323 0.00820131 0.00808518 0.00826588 0.00832384 0.0084827 0.00820368 0.00807284 0.00816009 0.00813252 0.00821406 0.00821919 0.00830405 0.0082995 0.00825216 0.0087648 
0.00831505 0.00831208 0.00845975 0.00859643 0.00826796 0.00824789 0.00853858 0.00907236 0.0106197 0.00883592 0.00839159 0.0085216 0.00864977 0.00892469 0.00860283 0.00854156 0.00869987 0.00915466 0.009944 0.00924471 0.00856287 0.0105935 0.0174851 0.0268216 0.0106562 0.00911041 0.0103943 0.0201221 0.0561046 0.0717296 0.0160589 0.0105021 0.00362424 0.0037065 0 0.00357025 0.00361255 0.00364584 0.00847889 0.00803301 0.0121555 0.0191609 0.00870611 0.00741036 0.00858092 0.00998983 0.0273114 0.0137128 0.009542 0.00905396 0.0115431 0.0103979 0.00948119 0.0101166 0.0123329 0.0182823 0.0106651 0.00912896 0.00839049 0.00940319 0.00965604 0.00880552 0.0083467 0.00866449 0.00879322 0.00891809 0.00869816 0.00925911 0.00858349 0.00875462 0.00890001 0.00870605 0.00894594 0.0083271 0.00828129 0.00884658 0.0081694 0.00822055 0.00814068 0.0081972 0.00839211 0.00862113 0.00871045 0.00842427 0.00812695 0.00817626 0.00813763 0.00818795 0.00821105 0.00827751 0.00826502 0.00827592 0.0084586 
0.0081962 0.0082374 0.00842358 0.00829094 0.00854992 0.00818298 0.00936809 0.00914511 0.00884188 0.00881897 0.00827523 0.00850041 0.0092403 0.00849887 0.00907407 0.00902933 0.0096894 0.00887197 0.00984918 0.00949072 0.0084429 0.0125539 0.0177592 0.0134113 0.0148191 0.0093624 0.0286026 0.025376 0.0249953 0.0182901 0.0525763 0.0122368 0.00426713 0.00369247 0.00357025 0 0.00356176 0.00360633 0.0181081 0.00782424 0.0155498 0.00806745 0.0144048 0.00707888 0.00952937 0.0152832 0.015849 0.0177037 0.0112868 0.0111314 0.011154 0.0126604 0.00895683 0.0116395 0.0128142 0.0126835 0.012923 0.00906932 0.008897 0.00995626 0.0106415 0.00892936 0.00837258 0.0087763 0.00863086 0.00835474 0.00882181 0.00868962 0.00892286 0.0083443 0.00860276 0.00930333 0.00831694 0.00833282 0.00832324 0.00828059 0.00845027 0.00815161 0.00805711 0.00845661 0.0082974 0.00863142 0.00843095 0.00836058 0.00821315 0.00818191 0.00822167 0.00820102 0.00819485 0.00828765 0.00824999 0.008436 0.00832945 
0.0087498 0.00817555 0.0081665 0.0086892 0.00809837 0.00867902 0.00912848 0.00913334 0.00991601 0.00834948 0.00894856 0.013573 0.00839265 0.00947571 0.00991781 0.00858695 0.00980006 0.010402 0.00935787 0.00878128 0.00915843 0.0165322 0.0120931 0.0170799 0.0107348 0.0107182 0.0239345 0.0188254 0.0179522 0.0182851 0.0161725 0.0344727 0.00391874 0.00364538 0.00361255 0.00356176 0 0.00488959 0.00662209 0.0205863 0.00599107 0.0160086 0.00719536 0.00717139 0.0131532 0.0114394 0.0109296 0.0139663 0.0219405 0.0126559 0.0108243 0.00992325 0.0143851 0.0140224 0.0112549 0.0144278 0.0106361 0.0110103 0.0113186 0.00890819 0.00995738 0.0107123 0.00944016 0.00855161 0.00876161 0.00892425 0.0083218 0.00920665 0.00876406 0.00983243 0.0136356 0.00833787 0.00916441 0.00833355 0.00818944 0.00916059 0.00816207 0.00837876 0.00868573 0.00842921 0.00825652 0.00828063 0.00845788 0.0084619 0.00811512 0.00863683 0.00929104 0.00821206 0.00821484 0.00829536 0.00829098 0.00825735 0.00902129 
0.0103548 0.0081371 0.00810168 0.0086745 0.00804026 0.00956981 0.00983546 0.00882604 0.00848171 0.00865068 0.00954015 0.0145707 0.00825312 0.0108734 0.0119032 0.0105927 0.0110973 0.00940329 0.0085849 0.0087995 0.00991129 0.0167626 0.00969918 0.0090371 0.00992523 0.010275 0.0193099 0.0123525 0.0102306 0.0101232 0.0155846 0.031966 0.00503654 0.00525283 0.00364584 0.00360633 0.00488959 0 0.283248 0.0127186 0.00813716 0.0100924 0.0209299 0.0116721 0.0219651 0.00995804 0.00908249 0.0107668 0.0215498 0.0138234 0.0100591 0.00972099 0.0175025 0.0164586 0.0103257 0.00967045 0.00971325 0.0139933 0.0117011 0.00904409 0.00845561 0.0113108 0.010047 0.00866004 0.00813548 0.00827354 0.00822874 0.0087082 0.00823842 0.0100343 0.0140949 0.00847101 0.00862104 0.00829813 0.00840286 0.00941717 0.00805266 0.00895131 0.0118823 0.00927845 0.00829948 0.00815271 0.0083119 0.00900296 0.00973292 0.0105178 0.0101573 0.00830524 0.00816711 0.0089834 0.00864447 0.0088295 0.0108844 
