1A45A
GKITFYEDRGFQGRHYECSSDHSNLQPYFSRCNSIRVDSGCWMLYEQPNFQGPQYFLRRGDYPDYQQWMGLNDSIRSCRLIPHTGSHRLRIYEREDYRGQMVEITEDCSSLHDRFHFSEIHSFNVLEGWWVLYEMTNYRGRQYLLRPGDYRRYHDWGATNARVGSLRRAVDFY
CEEEEEEECCCEEEEEEECCCECCCCCCCCCCCEEEEEECEEEEECCHHHCCCEEEECCEEECCCCCCCCCCCCCCEEEEECCCCCCEEEEECCHHHCCCEEEECCCECCCCCCCCCCCCCEEEEEECCEEEECCCCCCCCEEEECCEEECCHHHHCCCCCCCCEEEECCCCC
0 0 0 0 0 0 0 0 0 0 0 0 0 0 0 0 0 0 0 0 0 0 0 0 0 0 0 0 0 0 0 0 0 0 0 0 0 0 0 0 0 0 0 0 0 0 0 0 0 0 0 0 0 0 0 0 0 0 0 0 0 0 0 0 0 0 0 0 0 0 0 0 0 0 0 0 0 0 0 0 0 0 0 0 0 0 0 0 0 0 0 0 0 0 0 0 0 0 0 0 0 0 0 0 0 0 0 0 0 0 0 0 0 0 0 0 0 0 0 0 0 0 0 0 0 0 0 0 0 0 0 0 0 0 0 0 0 0 0 0 0 0 0 0 0 0 0 0 0 0 0 0 0 0 0 0 0 0 0 0 0 0 0 0 0 0 0 0 0 0 0 0 0 
0 0 0 0 0 0 0 0 0 0 0 0 0 0 0 0 0 0 0 0 0 0 0 0 0 0 0 0 0 0 0 0 0 0 0 0 0 0 0 0 0 0 0 0 0 0 0 0 0 0 0 0 0 0 0 0 0 0 0 0 0 0 0 0 0 0 0 0 0 0 0 0 0 0 0 0 0 0 0 0 0 0 0 0 0 0 0 0 0 0 0 0 0 0 0 0 0 0 0 0 0 0 0 0 0 0 0 0 0 0 0 0 0 0 0 0 0 0 0 0 0 0 0 0 0 0 0 0 0 0 0 0 0 0 0 0 0 0 0 0 0 0 0 0 0 0 0 0 0 0 0 0 0 0 0 0 0 0 0 0 0 0 0 0 0 0 0 0 0 0 0 0 0 
0 0.00409283 0.00334132 0.00335561 0.00347044 0.00502215 0.00768628 0.0142353 0.00662589 0.0110894 0.0110644 0.00792902 0.0775012 0.193748 0.0523706 0.0473365 0.0107251 0.0375527 0.00964284 0.017381 0.0187212 0.0275646 0.015838 0.0165713 0.0121935 0.0157898 0.0178957 0.012536 0.0130499 0.0156672 0.0104391 0.0101136 0.010632 0.0124359 0.00908364 0.0115736 0.010036 0.0117228 0.0137579 0.00866476 0.0133853 0.00889736 0.0126805 0.0100378 0.008215 0.0142455 0.00975581 0.00881367 0.00872726 0.00826786 0.00998992 0.00843034 0.00842755 0.00906872 0.00921718 0.00862718 0.00872949 0.00905427 0.00871335 0.00852248 0.00861033 0.00926333 0.00866837 0.00805582 0.00858353 0.00844255 0.00827687 0.00841344 0.00923732 
0.00409283 0 0.00337349 0.00331043 0.00337228 0.0040243 0.00366949 0.00574598 0.009167 0.00699802 0.00772776 0.0703408 0.0659557 0.69395 0.0121975 0.014069 0.158108 0.00987428 0.0792102 0.0108762 0.0121638 0.0120249 0.0413168 0.0265473 0.0237521 0.0148292 0.0145792 0.0358458 0.0222725 0.0134278 0.025589 0.00911242 0.0119942 0.0121121 0.0207104 0.01359 0.0119092 0.0128509 0.00873255 0.0321202 0.00945013 0.0235938 0.0094239 0.00851903 0.01552 0.00861146 0.0132247 0.00885211 0.00871984 0.0109602 0.00890904 0.010719 0.0087561 0.0083021 0.00892873 0.00987822 0.00965873 0.00885395 0.00830105 0.00912051 0.00901226 0.00891306 0.00829239 0.00802936 0.00825172 0.00838365 0.00881635 0.00883779 0.00858772 
0.00334132 0.00337349 0 0.00329782 0.00328951 0.00330632 0.0032343 0.0076194 0.00734749 0.00659546 0.0488174 0.0420831 0.80436 0.00846466 0.00796786 0.0183636 0.0101058 0.117034 0.0102858 0.021025 0.0107156 0.014105 0.0299453 0.0543386 0.0185995 0.00980952 0.0105449 0.0295266 0.0214359 0.0107898 0.00914931 0.0116753 0.00875294 0.0105992 0.0116331 0.0314726 0.0146628 0.00869836 0.010911 0.00925834 0.071457 0.0097438 0.00958264 0.00937551 0.00857516 0.0146465 0.00856013 0.0080976 0.00902691 0.00918479 0.0139343 0.00952591 0.00872866 0.0084282 0.00906838 0.00996474 0.00955578 0.00866316 0.00838405 0.00926699 0.00915714 0.0083492 0.00807002 0.00820617 0.00814106 0.00848078 0.00868514 0.00905792 0.00858574 
0.00335561 0.00331043 0.00329782 0 0.00330169 0.00323957 0.00322296 0.00511039 0.00769431 0.0301126 0.0960087 0.801808 0.00810045 0.0092446 0.00814545 0.0102575 0.0287438 0.0127257 0.0494807 0.0104621 0.0123713 0.0124504 0.035091 0.0421507 0.0229884 0.0104555 0.0109334 0.024868 0.0233998 0.0123116 0.0110844 0.00877948 0.00922866 0.0103662 0.0149035 0.0227287 0.0133505 0.00930326 0.00856622 0.0258717 0.0138113 0.0181004 0.0092008 0.00834819 0.0114019 0.00891099 0.00917591 0.00816174 0.00873219 0.010904 0.0106458 0.0116056 0.00877368 0.00844425 0.00899832 0.010377 0.0100545 0.00892888 0.00851164 0.00978223 0.00894723 0.00858211 0.00825216 0.0081647 0.00818017 0.00845471 0.00897867 0.00928554 0.00866807 
0.00347044 0.00337228 0.00328951 0.00330169 0 0.00320386 0.00320882 0.00430759 0.0366262 0.177474 0.675894 0.00785063 0.00824231 0.00697379 0.00713353 0.0117763 0.0112626 0.0289892 0.0115313 0.0119695 0.0108564 0.012327 0.0165846 0.0418255 0.0131188 0.0098101 0.00982724 0.0173947 0.0177105 0.0108461 0.00950611 0.00876578 0.00897427 0.00972996 0.0106495 0.0162038 0.0103051 0.00873357 0.010368 0.0100932 0.017006 0.010082 0.00906367 0.00847861 0.00872527 0.00900011 0.00894583 0.00812561 0.00860165 0.00893097 0.0107008 0.0091646 0.00844667 0.00831298 0.00857134 0.00938041 0.0091364 0.00859389 0.00832734 0.00877461 0.00885401 0.0084158 0.00812089 0.00802903 0.00818069 0.00831837 0.00846725 0.00860986 0.00841437 
0.00502215 0.0040243 0.00330632 0.00323957 0.00320386 0 0.00342982 0.0131267 0.373404 0.134078 0.00678022 0.00638197 0.00627276 0.00672007 0.00736538 0.0108825 0.0226108 0.00982064 0.0103966 0.00960532 0.00994535 0.0102365 0.0146806 0.0122972 0.014917 0.00923175 0.0103729 0.0139652 0.0171861 0.00960839 0.00960934 0.00912251 0.00869033 0.00935387 0.0098869 0.00944691 0.00930225 0.00856348 0.00884664 0.010308 0.00907602 0.0106896 0.00858577 0.00857824 0.00872898 0.00859402 0.00864129 0.0082419 0.00857178 0.00870606 0.00860755 0.00852684 0.0083573 0.00827113 0.00858448 0.00867079 0.00865036 0.00847676 0.0083154 0.00858172 0.00840818 0.00832547 0.00810811 0.00807817 0.00804659 0.00831007 0.00843842 0.00836024 0.0082009 
0.00768628 0.00366949 0.0032343 0.00322296 0.00320882 0.00342982 0 0.910395 0.032906 0.00405009 0.0044793 0.00517444 0.00502741 0.00676171 0.00818708 0.0157367 0.0113285 0.00866517 0.00891853 0.00835623 0.00864393 0.0128291 0.00946855 0.00938425 0.00927267 0.0100877 0.014728 0.0097874 0.009201 0.00983855 0.0132078 0.00833639 0.00863868 0.0119804 0.00894465 0.0086293 0.00829237 0.00840099 0.0104474 0.00868726 0.00830216 0.00835939 0.00857265 0.00926042 0.00832699 0.00811971 0.00846737 0.00889232 0.00873925 0.00822115 0.00823525 0.00819473 0.00810794 0.00824244 0.00937958 0.0081485 0.00825241 0.0082588 0.00865598 0.00826024 0.00818254 0.00816897 0.008313 0.00802336 0.00809872 0.00877344 0.00824182 0.00813437 0.00813689 
0.0142353 0.00574598 0.0076194 0.00511039 0.00430759 0.0131267 0.910395 0 0.0035439 0.00323173 0.00356596 0.00328311 0.00425705 0.00434715 0.00771022 0.0130471 0.0082753 0.0119645 0.00843639 0.00992897 0.0183834 0.00886665 0.00915813 0.00872716 0.00940827 0.0158165 0.00990518 0.00897905 0.00972262 0.0168296 0.00889967 0.00969028 0.0109348 0.00897322 0.00840553 0.00844101 0.00919432 0.0106358 0.009936 0.00815629 0.00913597 0.00848155 0.0123267 0.00896066 0.00796367 0.00929002 0.00964303 0.00921193 0.0082025 0.00798172 0.00833947 0.00810291 0.00806676 0.00874853 0.00814684 0.00807663 0.00817074 0.00890049 0.00815076 0.00805342 0.00816031 0.00899012 0.00802438 0.00801437 0.0084977 0.00811471 0.00796759 0.00818219 0.0091474 
0.00662589 0.009167 0.00734749 0.00769431 0.0366262 0.373404 0.032906 0.0035439 0 0.00330005 0.00325135 0.00328671 0.00333567 0.0034497 0.00516875 0.00812969 0.0119295 0.00828263 0.0126724 0.0118679 0.00897735 0.00833879 0.00974299 0.00947402 0.00990042 0.00915784 0.00877666 0.00946913 0.00975698 0.00901239 0.00971515 0.00846598 0.00875344 0.00841291 0.00872476 0.00897565 0.00867974 0.00862048 0.00808081 0.00955133 0.00846325 0.00940218 0.00847238 0.0080355 0.00876066 0.00824049 0.00876472 0.00818362 0.00806336 0.00821052 0.00823336 0.00834775 0.00814528 0.00809948 0.0081823 0.00831061 0.00837273 0.00824885 0.00797668 0.00831506 0.00818175 0.00833677 0.0079587 0.0079327 0.00806811 0.00799642 0.00816305 0.00824962 0.0081902 
0.0110894 0.00699802 0.00659546 0.0301126 0.177474 0.134078 0.00405009 0.00323173 0.00330005 0 0.00321748 0.00319963 0.00322205 0.00325667 0.00435435 0.00828333 0.00857111 0.0111553 0.0138469 0.0106006 0.00844737 0.00833198 0.00967313 0.0108118 0.00933558 0.00860992 0.00864283 0.00981548 0.00909036 0.00867407 0.00855585 0.00848476 0.00836348 0.00840274 0.00875914 0.00914323 0.00869203 0.00860935 0.00821633 0.00852628 0.00927657 0.00906617 0.00823824 0.00813023 0.00818936 0.00827329 0.00827978 0.00801786 0.00806503 0.00812267 0.00844396 0.00853611 0.00808878 0.00807542 0.00816562 0.00828983 0.00829164 0.00822793 0.00806115 0.00821625 0.00822957 0.0081232 0.00796161 0.0079417 0.00808825 0.00803538 0.00814122 0.00816618 0.00810647 
0.0110644 0.00772776 0.0488174 0.0960087 0.675894 0.00678022 0.0044793 0.00356596 0.00325135 0.00321748 0 0.0031961 0.00324763 0.00319837 0.00419453 0.00892968 0.00835468 0.0318495 0.00908242 0.011353 0.00830942 0.00856891 0.00991531 0.0104319 0.0110086 0.00855017 0.00902863 0.009348 0.00953468 0.00883666 0.00850076 0.00891397 0.0082631 0.00894276 0.00865088 0.0107499 0.00911775 0.00835351 0.00925202 0.00842953 0.0144375 0.00853885 0.00896873 0.00862614 0.00810952 0.0098697 0.00828972 0.0080593 0.00819905 0.00811696 0.00921295 0.00837098 0.00811568 0.00810575 0.00822348 0.00833088 0.00826951 0.00821208 0.00808912 0.0082037 0.00821466 0.00813297 0.00795907 0.00795277 0.00803848 0.00812765 0.00813128 0.00834678 0.0081331 
0.00792902 0.0703408 0.0420831 0.801808 0.00785063 0.00638197 0.00517444 0.00328311 0.00328671 0.00319963 0.0031961 0 0.00317908 0.00327563 0.00381028 0.00804821 0.0628417 0.00863633 0.0613383 0.00835907 0.00919252 0.0086825 0.0103924 0.0181776 0.0097682 0.0100221 0.00888357 0.0127385 0.0108875 0.00939655 0.0130327 0.00847928 0.0104774 0.00893497 0.0152338 0.0121197 0.00875457 0.00950653 0.00814519 0.0224085 0.00864224 0.0122663 0.00852022 0.00808348 0.0124769 0.00823118 0.0111098 0.00840246 0.00821534 0.00967828 0.00872498 0.0101193 0.00822272 0.00814437 0.00831093 0.00885092 0.00888287 0.00841486 0.00811778 0.00859664 0.00841298 0.00839205 0.00818029 0.00798091 0.00828802 0.00813007 0.00849391 0.00833041 0.00820647 
0.0775012 0.0659557 0.80436 0.00810045 0.00824231 0.00627276 0.00502741 0.00425705 0.00333567 0.00322205 0.00324763 0.00317908 0 0.00318952 0.00558363 0.0456581 0.0088284 0.0510486 0.00839345 0.0154716 0.00932528 0.00992777 0.0175824 0.0110901 0.0146787 0.0086799 0.0103293 0.0128368 0.0161767 0.00947518 0.00852517 0.026498 0.00848367 0.0102946 0.00961655 0.00992597 0.0115313 0.00841906 0.0146651 0.00850095 0.0181986 0.0087082 0.00877102 0.00981234 0.00821829 0.0172909 0.00833621 0.00807804 0.00871587 0.0084538 0.010094 0.00827082 0.00832552 0.00835144 0.00855145 0.00876921 0.00870722 0.00830517 0.00834091 0.0085317 0.00855404 0.00812839 0.0080568 0.00820272 0.00802797 0.00838999 0.00835979 0.00842731 0.0081879 
0.193748 0.69395 0.00846466 0.0092446 0.00697379 0.00672007 0.00676171 0.00434715 0.0034497 0.00325667 0.00319837 0.00327563 0.00318952 0 0.0746922 0.0135516 0.0428457 0.00871924 0.0189848 0.00864002 0.0108169 0.0172593 0.0107138 0.00986218 0.00930079 0.0143116 0.0161883 0.0107536 0.00976936 0.0131021 0.0412053 0.00850093 0.0115843 0.0177098 0.0105752 0.00912343 0.00847608 0.0113343 0.0101072 0.0181047 0.00836852 0.00943283 0.00931206 0.00942915 0.0118966 0.00830954 0.0128535 0.011693 0.00958899 0.00944928 0.00835146 0.0088003 0.0082459 0.00828666 0.00995071 0.00875673 0.00844569 0.00895602 0.00929312 0.00858723 0.00831697 0.00884486 0.00948446 0.00814881 0.00873851 0.00903309 0.00854345 0.00831214 0.00819282 
0.0523706 0.0121975 0.00796786 0.00814545 0.00713353 0.00736538 0.00818708 0.00771022 0.00516875 0.00435435 0.00419453 0.00381028 0.00558363 0.0746922 0 0.0340515 0.0119924 0.00747083 0.0109366 0.00782037 0.00835889 0.00856779 0.00819461 0.00789578 0.0089268 0.0182669 0.0142861 0.00925225 0.00900675 0.0185805 0.0177817 0.00905416 0.0138136 0.0114707 0.00949942 0.0084462 0.0086203 0.0140258 0.0111379 0.0121413 0.00827904 0.00877219 0.0124111 0.0101007 0.00946456 0.00820559 0.0136655 0.0224031 0.00931866 0.00825925 0.00808567 0.0082496 0.00807712 0.008665 0.00884333 0.00808085 0.0081646 0.00960948 0.00890185 0.00807975 0.00809545 0.00992703 0.00868155 0.00798531 0.00915017 0.00860142 0.00803469 0.00822067 0.00939689 
0.0473365 0.014069 0.0183636 0.0102575 0.0117763 0.0108825 0.0157367 0.0130471 0.00812969 0.00828333 0.00892968 0.00804821 0.0456581 0.0135516 0.0340515 0 0.00327486 0.00327995 0.00329085 0.00355663 0.00346951 0.00390428 0.00513944 0.00535235 0.00905664 0.0470082 0.0179463 0.0106995 0.0137971 0.0249885 0.0101724 0.0131622 0.0120319 0.0177052 0.00953801 0.0110218 0.0121077 0.0137533 0.0186888 0.00894589 0.0131049 0.00898989 0.0448462 0.00970802 0.00833235 0.0120302 0.0109106 0.0120039 0.00944915 0.00840978 0.00984135 0.00844778 0.00845986 0.0109078 0.0101257 0.00889962 0.00890023 0.011088 0.0087825 0.00863754 0.00871934 0.0100792 0.00816563 0.00809688 0.00843589 0.00850913 0.00814625 0.00870827 0.0100712 
0.0107251 0.158108 0.0101058 0.0287438 0.0112626 0.0226108 0.0113285 0.0082753 0.0119295 0.00857111 0.00835468 0.0628417 0.0088284 0.0428457 0.0119924 0.00327486 0 0.00324095 0.00340853 0.00327671 0.00324786 0.00342562 0.0055203 0.00754658 0.0328422 0.0341371 0.00981538 0.0228096 0.0177933 0.0128287 0.021249 0.00853033 0.0150573 0.0111383 0.0241553 0.0121146 0.0120677 0.0155258 0.00860802 0.0640459 0.00880897 0.0499005 0.00994562 0.00837001 0.0216206 0.00850027 0.0203183 0.00936569 0.00870237 0.0143724 0.00869938 0.0140521 0.00886025 0.00846429 0.00915397 0.0107637 0.0102808 0.0090118 0.00834011 0.00979403 0.00886517 0.00977238 0.00832116 0.00805353 0.00871988 0.00827196 0.00930358 0.0088715 0.00902057 
0.0375527 0.00987428 0.117034 0.0127257 0.0289892 0.00982064 0.00866517 0.0119645 0.00828263 0.0111553 0.0318495 0.00863633 0.0510486 0.00871924 0.00747083 0.00327995 0.00324095 0 0.003204 0.00324802 0.00332749 0.00331971 0.00870411 0.0133944 0.0399478 0.00583013 0.0100141 0.0144368 0.0126089 0.00968077 0.00867241 0.0145946 0.00832161 0.0134549 0.0101098 0.0208009 0.0178716 0.00857488 0.0183329 0.00877143 0.151558 0.00896357 0.00959 0.0116944 0.00844331 0.0269665 0.00853187 0.00827584 0.00982313 0.00856298 0.0288983 0.00922594 0.0093568 0.00853003 0.00925056 0.0106235 0.00991154 0.00873382 0.00879405 0.00966103 0.00958916 0.00836955 0.00818553 0.00835705 0.00811865 0.00905921 0.008506 0.00919051 0.00856739 
0.00964284 0.0792102 0.0102858 0.0494807 0.0115313 0.0103966 0.00891853 0.00843639 0.0126724 0.0138469 0.00908242 0.0613383 0.00839345 0.0189848 0.0109366 0.00329085 0.00340853 0.003204 0 0.00319402 0.0031954 0.00343895 0.0078912 0.0380342 0.00443286 0.0050158 0.00829397 0.0126173 0.0105039 0.0101342 0.0228938 0.00821173 0.0138248 0.010043 0.0156923 0.0169802 0.00909871 0.0118628 0.00856339 0.0741498 0.00905083 0.0170586 0.00894175 0.00843999 0.0209365 0.00856446 0.0149862 0.0095937 0.00851445 0.0127905 0.0093307 0.0138544 0.00847458 0.00833234 0.0089635 0.00963637 0.00930913 0.00867914 0.00830872 0.00908877 0.00870973 0.00939 0.00838551 0.0080407 0.00911854 0.00821324 0.00903846 0.00846018 0.00843192 
0.017381 0.0108762 0.021025 0.0104621 0.0119695 0.00960532 0.00835623 0.00992897 0.0118679 0.0106006 0.011353 0.00835907 0.0154716 0.00864002 0.00782037 0.00355663 0.00327671 0.00324802 0.00319402 0 0.00319825 0.00333603 0.0319081 0.00356605 0.00359266 0.00421763 0.00834152 0.0104584 0.0142789 0.00889406 0.0085341 0.0158941 0.0082863 0.0105583 0.0103165 0.0102291 0.012289 0.00852627 0.0167993 0.00899118 0.0141992 0.00988681 0.00897577 0.00913014 0.0085607 0.011764 0.00857455 0.00829216 0.00872098 0.00973582 0.0100547 0.00854997 0.00851851 0.00824276 0.00851172 0.00915366 0.00958289 0.00854707 0.00828136 0.00871871 0.00887418 0.00827908 0.00803799 0.00810585 0.00807773 0.00840384 0.00835567 0.00837061 0.0082773 
0.0187212 0.0121638 0.0107156 0.0123713 0.0108564 0.00994535 0.00864393 0.0183834 0.00897735 0.00844737 0.00830942 0.00919252 0.00932528 0.0108169 0.00835889 0.00346951 0.00324786 0.00332749 0.0031954 0.00319825 0 0.0228542 0.00325546 0.00326068 0.00328351 0.00329259 0.00968512 0.00865937 0.0100295 0.0102591 0.0123013 0.00822514 0.00886012 0.0124684 0.00901518 0.0105343 0.00876437 0.00962033 0.0108544 0.00990913 0.00927182 0.00930325 0.0105422 0.00881605 0.00878196 0.00856952 0.00894887 0.00864532 0.0104831 0.00876617 0.00891627 0.00891852 0.00826674 0.00873127 0.0091274 0.00862557 0.00877219 0.00930984 0.00851977 0.00857733 0.00836356 0.00866269 0.00824092 0.00802089 0.00813628 0.00874192 0.00818125 0.0083294 0.00851266 
0.0275646 0.0120249 0.014105 0.0124504 0.012327 0.0102365 0.0128291 0.00886665 0.00833879 0.00833198 0.00856891 0.0086825 0.00992777 0.0172593 0.00856779 0.00390428 0.00342562 0.00331971 0.00343895 0.00333603 0.0228542 0 0.00321303 0.00319426 0.0032406 0.00330562 0.006897 0.00738183 0.00922733 0.0925965 0.0116656 0.00875169 0.00989092 0.0114039 0.00963998 0.0117051 0.0100691 0.0415307 0.0103153 0.00938377 0.0112127 0.0102106 0.0167328 0.00869196 0.00859569 0.00918292 0.0121192 0.00867169 0.00885793 0.00931581 0.0102112 0.00970635 0.00887492 0.010278 0.00924768 0.00938528 0.00953261 0.0104107 0.00845677 0.00877125 0.00906369 0.0104819 0.00808899 0.00794452 0.00857157 0.00851523 0.00832721 0.00891353 0.00960109 
0.015838 0.0413168 0.0299453 0.035091 0.0165846 0.0146806 0.00946855 0.00915813 0.00974299 0.00967313 0.00991531 0.0103924 0.0175824 0.0107138 0.00819461 0.00513944 0.0055203 0.00870411 0.0078912 0.0319081 0.00325546 0.00321303 0 0.00321782 0.00323278 0.00323066 0.00732683 0.0207177 0.0758189 0.752961 0.00898402 0.0115101 0.00888827 0.0134701 0.0189885 0.0221618 0.0516595 0.00927985 0.00982016 0.0167442 0.0181674 0.0219822 0.01011 0.00871763 0.0109041 0.0118035 0.00959887 0.00846598 0.009369 0.0126308 0.0137701 0.0118814 0.00966606 0.00845055 0.00965908 0.0135745 0.0125897 0.00940019 0.00844212 0.0120529 0.0100744 0.0091673 0.00825007 0.0082171 0.0082601 0.00859419 0.00902105 0.00952972 0.00894658 
0.0165713 0.0265473 0.0543386 0.0421507 0.0418255 0.0122972 0.00938425 0.00872716 0.00947402 0.0108118 0.0104319 0.0181776 0.0110901 0.00986218 0.00789578 0.00535235 0.00754658 0.0133944 0.0380342 0.00356605 0.00326068 0.00319426 0.00321782 0 0.00319373 0.00321804 0.0101213 0.0633867 0.824285 0.0115577 0.00992094 0.00840686 0.00956791 0.0126637 0.0136614 0.0868621 0.012487 0.00957347 0.0100127 0.0145116 0.0350489 0.0160714 0.0103879 0.00878829 0.0133963 0.0119653 0.00953921 0.00829359 0.00957318 0.0140746 0.0230696 0.0183638 0.0101656 0.00881511 0.0101828 0.0186285 0.0160436 0.00936041 0.00886059 0.0132169 0.011384 0.00894738 0.0085338 0.00813837 0.00830784 0.00862766 0.00958966 0.0105811 0.00882 
0.0121935 0.0237521 0.0185995 0.0229884 0.0131188 0.014917 0.00927267 0.00940827 0.00990042 0.00933558 0.0110086 0.0097682 0.0146787 0.00930079 0.0089268 0.00905664 0.0328422 0.0399478 0.00443286 0.00359266 0.00328351 0.0032406 0.00323278 0.00319373 0 0.00325903 0.0407681 0.84919 0.014287 0.00914122 0.00817915 0.0126106 0.00815391 0.0117177 0.0398534 0.0123141 0.0171134 0.00890326 0.0110084 0.014222 0.0142689 0.0218032 0.0097728 0.00934164 0.0110629 0.0127483 0.00901184 0.00847613 0.00957646 0.0120262 0.0117024 0.0102639 0.0102305 0.00879117 0.00959056 0.0124166 0.0139201 0.00923583 0.00870414 0.0104716 0.0107595 0.00873422 0.00821615 0.00840752 0.00823963 0.00879672 0.00909156 0.00929466 0.00865778 
0.0157898 0.0148292 0.00980952 0.0104555 0.0098101 0.00923175 0.0100877 0.0158165 0.00915784 0.00860992 0.00855017 0.0100221 0.0086799 0.0143116 0.0182669 0.0470082 0.0341371 0.00583013 0.0050158 0.00421763 0.00329259 0.00330562 0.00323066 0.00321804 0.00325903 0 0.859394 0.00974333 0.00879421 0.0129289 0.0147077 0.00764589 0.011915 0.0639604 0.0106514 0.00955672 0.00872764 0.0119645 0.0174829 0.01252 0.0088325 0.00994231 0.0142935 0.0118392 0.00974611 0.0087066 0.0130774 0.0131299 0.0111146 0.0093345 0.00906719 0.00889786 0.0085579 0.00945739 0.0128906 0.00913018 0.00922589 0.0101742 0.0111172 0.00892034 0.00869038 0.0093715 0.00918541 0.00815119 0.00858451 0.0102988 0.0087062 0.00871816 0.00871536 
0.0178957 0.0145792 0.0105449 0.0109334 0.00982724 0.0103729 0.014728 0.00990518 0.00877666 0.00864283 0.00902863 0.00888357 0.0103293 0.0161883 0.0142861 0.0179463 0.00981538 0.0100141 0.00829397 0.00834152 0.00968512 0.006897 0.00732683 0.0101213 0.0407681 0.859394 0 0.00328071 0.00340119 0.00361041 0.00369425 0.00518504 0.052283 0.0184294 0.0111261 0.00988696 0.0137427 0.0187617 0.0164857 0.0100233 0.0106656 0.0116675 0.0230204 0.0109199 0.00896627 0.0111776 0.0175674 0.0119249 0.00956976 0.00891354 0.00931806 0.0090685 0.00859895 0.0115711 0.0101014 0.00906759 0.00917187 0.0140263 0.00878521 0.00873341 0.00914282 0.0131778 0.00817941 0.00812683 0.00983689 0.00875848 0.00825847 0.00886737 0.0125524 
0.012536 0.0358458 0.0295266 0.024868 0.0173947 0.0139652 0.0097874 0.00897905 0.00946913 0.00981548 0.009348 0.0127385 0.0128368 0.0107536 0.00925225 0.0106995 0.0228096 0.0144368 0.0126173 0.0104584 0.00865937 0.00738183 0.0207177 0.0633867 0.84919 0.00974333 0.00328071 0 0.00323167 0.00324333 0.00382155 0.0179037 0.0378744 0.0150192 0.0187662 0.0218209 0.0204871 0.0108101 0.010217 0.0237303 0.0186855 0.0222485 0.0112287 0.00926846 0.01756 0.0135545 0.0110144 0.00907159 0.00955534 0.0171548 0.0169316 0.0119897 0.011352 0.00878375 0.0100092 0.0175531 0.0164991 0.00986367 0.00868505 0.0120509 0.0122168 0.00928524 0.00843335 0.00834436 0.0084144 0.00882876 0.00977271 0.0106973 0.00903341 
0.0130499 0.0222725 0.0214359 0.0233998 0.0177105 0.0171861 0.009201 0.00972262 0.00975698 0.00909036 0.00953468 0.0108875 0.0161767 0.00976936 0.00900675 0.0137971 0.0177933 0.0126089 0.0105039 0.0142789 0.0100295 0.00922733 0.0758189 0.824285 0.014287 0.00879421 0.00340119 0.00323167 0 0.00328635 0.0058268 0.0148806 0.00763073 0.0141855 0.0199475 0.0182526 0.0220442 0.0105562 0.0125489 0.0163981 0.0169836 0.0320527 0.0122542 0.0103541 0.0141354 0.0173128 0.00943159 0.00884768 0.0116267 0.0167694 0.0145273 0.0123826 0.0139228 0.00943733 0.0112059 0.019893 0.023838 0.0099363 0.00905748 0.0137156 0.0144153 0.00908304 0.00855263 0.00845866 0.00826666 0.00945752 0.00993602 0.0103845 0.00894148 
0.0156672 0.0134278 0.0107898 0.0123116 0.0108461 0.00960839 0.00983855 0.0168296 0.00901239 0.00867407 0.00883666 0.00939655 0.00947518 0.0131021 0.0185805 0.0249885 0.0128287 0.00968077 0.0101342 0.00889406 0.0102591 0.0925965 0.752961 0.0115577 0.00914122 0.0129289 0.00361041 0.00324333 0.00328635 0 0.061068 0.00369351 0.00436762 0.0234736 0.0145554 0.0110737 0.0121331 0.0147846 0.0184812 0.0124368 0.009359 0.0126266 0.0226982 0.0147424 0.0107232 0.00948988 0.0146316 0.0153127 0.0145293 0.0109391 0.0102079 0.00941586 0.00878671 0.0108441 0.0166347 0.0105718 0.0102314 0.0134932 0.0137861 0.0100815 0.00950813 0.0108595 0.0104437 0.00829191 0.00892353 0.0129126 0.00910297 0.00917513 0.00971688 
0.0104391 0.025589 0.00914931 0.0110844 0.00950611 0.00960934 0.0132078 0.00889967 0.00971515 0.00855585 0.00850076 0.0130327 0.00852517 0.0412053 0.0177817 0.0101724 0.021249 0.00867241 0.0228938 0.0085341 0.0123013 0.0116656 0.00898402 0.00992094 0.00817915 0.0147077 0.00369425 0.00382155 0.0058268 0.061068 0 0.00347121 0.00467041 0.0240474 0.0209998 0.0284447 0.0101729 0.0564246 0.00936701 0.0246024 0.00862836 0.016234 0.0177666 0.00972134 0.01599 0.00866656 0.0438855 0.0170939 0.0100281 0.0120675 0.00876428 0.0109723 0.00851201 0.0108398 0.00978411 0.00951686 0.00891244 0.0129545 0.00870268 0.00908045 0.00867419 0.0163112 0.00894061 0.0080444 0.0139933 0.00834657 0.00881844 0.00848393 0.0107687 
0.0101136 0.00911242 0.0116753 0.00877948 0.00876578 0.00912251 0.00833639 0.00969028 0.00846598 0.00848476 0.00891397 0.00847928 0.026498 0.00850093 0.00905416 0.0131622 0.00853033 0.0145946 0.00821173 0.0158941 0.00822514 0.00875169 0.0115101 0.00840686 0.0126106 0.00764589 0.00518504 0.0179037 0.0148806 0.00369351 0.00347121 0 0.00324033 0.0124036 0.0338967 0.00923819 0.0523035 0.00784679 0.015346 0.00848369 0.0149801 0.00917883 0.00986125 0.0107551 0.00868702 0.0366601 0.00862802 0.00881506 0.00934654 0.0090825 0.00947081 0.00845081 0.00908059 0.00831075 0.00884847 0.00909469 0.00985391 0.00851302 0.0085793 0.00871935 0.00918468 0.00834745 0.00809556 0.00956872 0.00812773 0.00857858 0.00830862 0.0086842 0.00838495 
0.010632 0.0119942 0.00875294 0.00922866 0.00897427 0.00869033 0.00863868 0.0109348 0.00875344 0.00836348 0.0082631 0.0104774 0.00848367 0.0115843 0.0138136 0.0120319 0.0150573 0.00832161 0.0138248 0.0082863 0.00886012 0.00989092 0.00888827 0.00956791 0.00815391 0.011915 0.052283 0.0378744 0.00763073 0.00436762 0.00467041 0.00324033 0 0.028766 0.0112084 0.0168372 0.0083891 0.0157137 0.00999747 0.0158273 0.00845006 0.0115612 0.010498 0.010185 0.015558 0.00856684 0.0132413 0.0130834 0.010443 0.00945224 0.00855892 0.00938405 0.00837268 0.00877619 0.0111182 0.00889269 0.00889931 0.00909919 0.0103598 0.00876917 0.00855672 0.00897268 0.0100908 0.0082045 0.00875253 0.00957593 0.00854301 0.00859421 0.00839466 
0.0124359 0.0121121 0.0105992 0.0103662 0.00972996 0.00935387 0.0119804 0.00897322 0.00841291 0.00840274 0.00894276 0.00893497 0.0102946 0.0177098 0.0114707 0.0177052 0.0111383 0.0134549 0.010043 0.0105583 0.0124684 0.0114039 0.0134701 0.0126637 0.0117177 0.0639604 0.0184294 0.0150192 0.0141855 0.0234736 0.0240474 0.0124036 0.028766 0 0.00361521 0.00323298 0.00325248 0.00357476 0.0099109 0.0070901 0.00892478 0.0259469 0.217383 0.0151042 0.00918862 0.0141123 0.0213246 0.014191 0.0152371 0.0107797 0.0126319 0.00978767 0.0103484 0.0160464 0.0130643 0.0108292 0.0105401 0.017311 0.00981349 0.00990743 0.0102406 0.0168925 0.0088284 0.00828061 0.0112269 0.0094717 0.00874916 0.00933759 0.015509 
0.00908364 0.0207104 0.0116331 0.0149035 0.0106495 0.0098869 0.00894465 0.00840553 0.00872476 0.00875914 0.00865088 0.0152338 0.00961655 0.0105752 0.00949942 0.00953801 0.0241553 0.0101098 0.0156923 0.0103165 0.00901518 0.00963998 0.0189885 0.0136614 0.0398534 0.0106514 0.0111261 0.0187662 0.0199475 0.0145554 0.0209998 0.0338967 0.0112084 0.00361521 0 0.00320941 0.00329016 0.00327516 0.00826798 0.00919575 0.0104679 0.156976 0.0371872 0.00896789 0.0175829 0.0109431 0.0141585 0.010152 0.00998904 0.0240256 0.0112217 0.0166589 0.011237 0.00939314 0.0111337 0.0151237 0.0178536 0.0102366 0.00914434 0.012355 0.0123892 0.0104663 0.00874522 0.00836817 0.00867211 0.00868869 0.0103593 0.0107456 0.00986826 
0.0115736 0.01359 0.0314726 0.0227287 0.0162038 0.00944691 0.0086293 0.00844101 0.00897565 0.00914323 0.0107499 0.0121197 0.00992597 0.00912343 0.0084462 0.0110218 0.0121146 0.0208009 0.0169802 0.0102291 0.0105343 0.0117051 0.0221618 0.0868621 0.0123141 0.00955672 0.00988696 0.0218209 0.0182526 0.0110737 0.0284447 0.00923819 0.0168372 0.00323298 0.00320941 0 0.00322471 0.00320144 0.00636235 0.0146645 0.10711 0.0468259 0.00929113 0.00909448 0.0109024 0.0104724 0.0100423 0.00871457 0.0123391 0.0130447 0.0336009 0.0261395 0.00995148 0.00915185 0.0117247 0.0321405 0.0141095 0.00984555 0.00896 0.0173973 0.011066 0.00934255 0.00861257 0.00842779 0.00867668 0.00943524 0.0111772 0.0114388 0.00941919 
0.010036 0.0119092 0.0146628 0.0133505 0.0103051 0.00930225 0.00829237 0.00919432 0.00867974 0.00869203 0.00911775 0.00875457 0.0115313 0.00847608 0.0086203 0.0121077 0.0120677 0.0178716 0.00909871 0.012289 0.00876437 0.0100691 0.0516595 0.012487 0.0171134 0.00872764 0.0137427 0.0204871 0.0220442 0.0121331 0.0101729 0.0523035 0.0083891 0.00325248 0.00329016 0.00322471 0 0.00319914 0.0283082 0.033879 0.0376078 0.0078913 0.00742904 0.0124881 0.0100076 0.0184634 0.00857661 0.00893095 0.0115675 0.0161421 0.0235542 0.00964342 0.0121277 0.00896636 0.0133441 0.0183914 0.0153762 0.00925885 0.0109386 0.012547 0.0133091 0.00885783 0.00907921 0.00923389 0.00841033 0.0106659 0.00979262 0.0102397 0.00880055 
0.0117228 0.0128509 0.00869836 0.00930326 0.00873357 0.00856348 0.00840099 0.0106358 0.00862048 0.00860935 0.00835351 0.00950653 0.00841906 0.0113343 0.0140258 0.0137533 0.0155258 0.00857488 0.0118628 0.00852627 0.00962033 0.0415307 0.00927985 0.00957347 0.00890326 0.0119645 0.0187617 0.0108101 0.0105562 0.0147846 0.0564246 0.00784679 0.0157137 0.00357476 0.00327516 0.00320144 0.00319914 0 0.0471682 0.038929 0.00545616 0.00665623 0.00824846 0.0122555 0.0135523 0.0079343 0.0237254 0.0183432 0.0178607 0.0137912 0.00888679 0.00981364 0.00861085 0.0101774 0.017112 0.00944884 0.00921233 0.0116664 0.01333 0.00947591 0.00880513 0.010172 0.0118345 0.00823468 0.00962052 0.0121532 0.00927297 0.00883424 0.00899812 
0.0137579 0.00873255 0.010911 0.00856622 0.010368 0.00884664 0.0104474 0.009936 0.00808081 0.00821633 0.00925202 0.00814519 0.0146651 0.0101072 0.0111379 0.0186888 0.00860802 0.0183329 0.00856339 0.0167993 0.0108544 0.0103153 0.00982016 0.0100127 0.0110084 0.0174829 0.0164857 0.010217 0.0125489 0.0184812 0.00936701 0.015346 0.00999747 0.0099109 0.00826798 0.00636235 0.0283082 0.0471682 0 0.00324448 0.00331691 0.00329399 0.00405449 0.0179867 0.00656708 0.0211158 0.0299522 0.0477182 0.0167244 0.00918197 0.0176988 0.00866769 0.0164823 0.0162839 0.0171657 0.00941898 0.0107338 0.0155259 0.0126568 0.00970933 0.0116395 0.0131084 0.00904338 0.00923248 0.0103204 0.0112985 0.00830141 0.0106264 0.0162215 
0.00866476 0.0321202 0.00925834 0.0258717 0.0100932 0.010308 0.00868726 0.00815629 0.00955133 0.00852628 0.00842953 0.0224085 0.00850095 0.0181047 0.0121413 0.00894589 0.0640459 0.00877143 0.0741498 0.00899118 0.00990913 0.00938377 0.0167442 0.0145116 0.014222 0.01252 0.0100233 0.0237303 0.0163981 0.0124368 0.0246024 0.00848369 0.0158273 0.0070901 0.00919575 0.0146645 0.033879 0.038929 0.00324448 0 0.00323926 0.00333315 0.00328915 0.00606398 0.0439112 0.0130082 0.911943 0.0136445 0.010541 0.0643439 0.00912033 0.0688026 0.0127483 0.00939226 0.0117046 0.0256005 0.0143491 0.0108438 0.0101781 0.0230803 0.0103417 0.0170965 0.010607 0.00843584 0.0127277 0.00891371 0.0148273 0.00975391 0.0103102 
0.0133853 0.00945013 0.071457 0.0138113 0.017006 0.00907602 0.00830216 0.00913597 0.00846325 0.00927657 0.0144375 0.00864224 0.0181986 0.00836852 0.00827904 0.0131049 0.00880897 0.151558 0.00905083 0.0141992 0.00927182 0.0112127 0.0181674 0.0350489 0.0142689 0.0088325 0.0106656 0.0186855 0.0169836 0.009359 0.00862836 0.0149801 0.00845006 0.00892478 0.0104679 0.10711 0.0376078 0.00545616 0.00331691 0.00323926 0 0.00320169 0.00322584 0.0307524 0.00717405 0.977437 0.00835655 0.00772 0.0131745 0.00953783 0.16363 0.00971592 0.0117989 0.00929307 0.0123592 0.0178119 0.0167764 0.00932093 0.00997244 0.0151355 0.0176826 0.00896065 0.00899548 0.00995782 0.00838319 0.0113274 0.00962573 0.0150435 0.00912289 
0.00889736 0.0235938 0.0097438 0.0181004 0.010082 0.0106896 0.00835939 0.00848155 0.00940218 0.00906617 0.00853885 0.0122663 0.0087082 0.00943283 0.00877219 0.00898989 0.0499005 0.00896357 0.0170586 0.00988681 0.00930325 0.0102106 0.0219822 0.0160714 0.0218032 0.00994231 0.0116675 0.0222485 0.0320527 0.0126266 0.016234 0.00917883 0.0115612 0.0259469 0.156976 0.0468259 0.0078913 0.00665623 0.00329399 0.00333315 0.00320169 0 0.00327095 0.0107227 0.942963 0.00838461 0.0110776 0.00869052 0.0109431 0.0953444 0.00945579 0.0204189 0.0137276 0.0106021 0.0125482 0.0255251 0.0302267 0.0119907 0.0103478 0.0188623 0.017117 0.0110652 0.0097174 0.00873482 0.00925521 0.00956657 0.01844 0.0129665 0.00969981 
0.0126805 0.0094239 0.00958264 0.0092008 0.00906367 0.00858577 0.00857265 0.0123267 0.00847238 0.00823824 0.00896873 0.00852022 0.00877102 0.00931206 0.0124111 0.0448462 0.00994562 0.00959 0.00894175 0.00897577 0.0105422 0.0167328 0.01011 0.0103879 0.0097728 0.0142935 0.0230204 0.0112287 0.0122542 0.0226982 0.0177666 0.00986125 0.010498 0.217383 0.0371872 0.00929113 0.00742904 0.00824846 0.00405449 0.00328915 0.00322584 0.00327095 0 0.969561 0.0073862 0.00825528 0.0177509 0.0125716 0.0398945 0.0112523 0.0107035 0.00947448 0.0098067 0.0158082 0.0246988 0.0103864 0.0116691 0.0157995 0.0226085 0.0106633 0.0103498 0.0123203 0.012772 0.00878659 0.00955217 0.0204299 0.00972408 0.00967973 0.0122136 
0.0100378 0.00851903 0.00937551 0.00834819 0.00847861 0.00857824 0.00926042 0.00896066 0.0080355 0.00813023 0.00862614 0.00808348 0.00981234 0.00942915 0.0101007 0.00970802 0.00837001 0.0116944 0.00843999 0.00913014 0.00881605 0.00869196 0.00871763 0.00878829 0.00934164 0.0118392 0.0109199 0.00926846 0.0103541 0.0147424 0.00972134 0.0107551 0.010185 0.0151042 0.00896789 0.00909448 0.0124881 0.0122555 0.0179867 0.00606398 0.0307524 0.0107227 0.969561 0 0.00352869 0.00356703 0.00397615 0.00722618 0.013195 0.00877517 0.0156267 0.00877277 0.0106131 0.0135358 0.0128575 0.00944565 0.0101921 0.0165062 0.0113762 0.00951919 0.0111452 0.0145939 0.00971093 0.00885384 0.0108792 0.01016 0.00840549 0.00980442 0.0158956 
0.008215 0.01552 0.00857516 0.0114019 0.00872527 0.00872898 0.00832699 0.00796367 0.00876066 0.00818936 0.00810952 0.0124769 0.00821829 0.0118966 0.00946456 0.00833235 0.0216206 0.00844331 0.0209365 0.0085607 0.00878196 0.00859569 0.0109041 0.0133963 0.0110629 0.00974611 0.00896627 0.01756 0.0141354 0.0107232 0.01599 0.00868702 0.015558 0.00918862 0.0175829 0.0109024 0.0100076 0.0135523 0.00656708 0.0439112 0.00717405 0.942963 0.0073862 0.00352869 0 0.00322121 0.00361937 0.00415919 0.0097013 0.0473297 0.00907709 0.0404069 0.0109513 0.00931096 0.00984628 0.0197796 0.0140954 0.0103547 0.00934094 0.021534 0.0148035 0.0137066 0.0102991 0.00854964 0.0135763 0.00859987 0.0153711 0.0101642 0.0103374 
0.0142455 0.00861146 0.0146465 0.00891099 0.00900011 0.00859402 0.00811971 0.00929002 0.00824049 0.00827329 0.0098697 0.00823118 0.0172909 0.00830954 0.00820559 0.0120302 0.00850027 0.0269665 0.00856446 0.011764 0.00856952 0.00918292 0.0118035 0.0119653 0.0127483 0.0087066 0.0111776 0.0135545 0.0173128 0.00948988 0.00866656 0.0366601 0.00856684 0.0141123 0.0109431 0.0104724 0.0184634 0.0079343 0.0211158 0.0130082 0.977437 0.00838461 0.00825528 0.00356703 0.00322121 0 0.00319912 0.00375279 0.0222331 0.010625 0.0570218 0.0086647 0.0179148 0.010011 0.0120479 0.0148878 0.0162071 0.00928622 0.0119025 0.0133173 0.0193917 0.00889968 0.00902672 0.0168527 0.00853556 0.0145767 0.00941399 0.0148554 0.00902533 
0.00975581 0.0132247 0.00856013 0.00917591 0.00894583 0.00864129 0.00846737 0.00964303 0.00876472 0.00827978 0.00828972 0.0111098 0.00833621 0.0128535 0.0136655 0.0109106 0.0203183 0.00853187 0.0149862 0.00857455 0.00894887 0.0121192 0.00959887 0.00953921 0.00901184 0.0130774 0.0175674 0.0110144 0.00943159 0.0146316 0.0438855 0.00862802 0.0132413 0.0213246 0.0141585 0.0100423 0.00857661 0.0237254 0.0299522 0.911943 0.00835655 0.0110776 0.0177509 0.00397615 0.00361937 0.00319912 0 0.0340082 0.0178552 0.0291643 0.0107548 0.0213434 0.00960122 0.0163418 0.0175554 0.0112849 0.0109206 0.021369 0.0181187 0.0118958 0.00913195 0.0199254 0.0223991 0.00849918 0.015221 0.0150998 0.0135417 0.00893484 0.0107346 
0.00881367 0.00885211 0.0080976 0.00816174 0.00812561 0.0082419 0.00889232 0.00921193 0.00818362 0.00801786 0.0080593 0.00840246 0.00807804 0.011693 0.0224031 0.0120039 0.00936569 0.00827584 0.0095937 0.00829216 0.00864532 0.00867169 0.00846598 0.00829359 0.00847613 0.0131299 0.0119249 0.00907159 0.00884768 0.0153127 0.0170939 0.00881506 0.0130834 0.014191 0.010152 0.00871457 0.00893095 0.0183432 0.0477182 0.0136445 0.00772 0.00869052 0.0125716 0.00722618 0.00415919 0.00375279 0.0340082 0 0.0303646 0.0133483 0.00821105 0.00925654 0.00812058 0.0135573 0.0112341 0.00896423 0.00890936 0.0180066 0.015367 0.0100363 0.00911695 0.0189508 0.0125142 0.00864147 0.0168109 0.0119694 0.00906298 0.00867492 0.0145484 
0.00872726 0.00871984 0.00902691 0.00873219 0.00860165 0.00857178 0.00873925 0.0082025 0.00806336 0.00806503 0.00819905 0.00821534 0.00871587 0.00958899 0.00931866 0.00944915 0.00870237 0.00982313 0.00851445 0.00872098 0.0104831 0.00885793 0.009369 0.00957318 0.00957646 0.0111146 0.00956976 0.00955534 0.0116267 0.0145293 0.0100281 0.00934654 0.010443 0.0152371 0.00998904 0.0123391 0.0115675 0.0178607 0.0167244 0.010541 0.0131745 0.0109431 0.0398945 0.013195 0.0097013 0.0222331 0.0178552 0.0303646 0 0.00353999 0.00325989 0.00320893 0.00330506 0.00361202 0.00798534 0.00559896 0.00730617 0.0213832 0.0226686 0.0107746 0.0152657 0.0196548 0.0110332 0.00927637 0.0142335 0.0150955 0.00978765 0.014782 0.0220411 
0.00826786 0.0109602 0.00918479 0.010904 0.00893097 0.00870606 0.00822115 0.00798172 0.00821052 0.00812267 0.00811696 0.00967828 0.0084538 0.00944928 0.00825925 0.00840978 0.0143724 0.00856298 0.0127905 0.00973582 0.00876617 0.00931581 0.0126308 0.0140746 0.0120262 0.0093345 0.00891354 0.0171548 0.0167694 0.0109391 0.0120675 0.0090825 0.00945224 0.0107797 0.0240256 0.0130447 0.0161421 0.0137912 0.00918197 0.0643439 0.00953783 0.0953444 0.0112523 0.00877517 0.0473297 0.010625 0.0291643 0.0133483 0.00353999 0 0.00321582 0.00323346 0.00325156 0.00323241 0.00476342 0.00631244 0.018519 0.0214865 0.0139835 0.0323751 0.0145015 0.0165061 0.0114593 0.00921816 0.0119128 0.0108808 0.0378293 0.0158997 0.0137514 
0.00998992 0.00890904 0.0139343 0.0106458 0.0107008 0.00860755 0.00823525 0.00833947 0.00823336 0.00844396 0.00921295 0.00872498 0.010094 0.00835146 0.00808567 0.00984135 0.00869938 0.0288983 0.0093307 0.0100547 0.00891627 0.0102112 0.0137701 0.0230696 0.0117024 0.00906719 0.00931806 0.0169316 0.0145273 0.0102079 0.00876428 0.00947081 0.00855892 0.0126319 0.0112217 0.0336009 0.0235542 0.00888679 0.0176988 0.00912033 0.16363 0.00945579 0.0107035 0.0156267 0.00907709 0.0570218 0.0107548 0.00821105 0.00325989 0.00321582 0 0.00322973 0.00325867 0.0032192 0.00395615 0.00682308 0.0328437 0.0210708 0.0112078 0.0128147 0.0197999 0.00923904 0.00939194 0.0113199 0.00857876 0.0198943 0.0115778 0.0213667 0.0113762 
0.00843034 0.010719 0.00952591 0.0116056 0.0091646 0.00852684 0.00819473 0.00810291 0.00834775 0.00853611 0.00837098 0.0101193 0.00827082 0.0088003 0.0082496 0.00844778 0.0140521 0.00922594 0.0138544 0.00854997 0.00891852 0.00970635 0.0118814 0.0183638 0.0102639 0.00889786 0.0090685 0.0119897 0.0123826 0.00941586 0.0109723 0.00845081 0.00938405 0.00978767 0.0166589 0.0261395 0.00964342 0.00981364 0.00866769 0.0688026 0.00971592 0.0204189 0.00947448 0.00877277 0.0404069 0.0086647 0.0213434 0.00925654 0.00320893 0.00323346 0.00322973 0 0.00324778 0.00320473 0.00443863 0.0273143 0.0258687 0.00832042 0.0088009 0.0133411 0.00930946 0.0110166 0.0176622 0.00824896 0.0129392 0.0102858 0.017383 0.0117984 0.010188 
0.00842755 0.0087561 0.00872866 0.00877368 0.00844667 0.0083573 0.00810794 0.00806676 0.00814528 0.00808878 0.00811568 0.00822272 0.00832552 0.0082459 0.00807712 0.00845986 0.00886025 0.0093568 0.00847458 0.00851851 0.00826674 0.00887492 0.00966606 0.0101656 0.0102305 0.0085579 0.00859895 0.011352 0.0139228 0.00878671 0.00851201 0.00908059 0.00837268 0.0103484 0.011237 0.00995148 0.0121277 0.00861085 0.0164823 0.0127483 0.0117989 0.0137276 0.0098067 0.0106131 0.0109513 0.0179148 0.00960122 0.00812058 0.00330506 0.00325156 0.00325867 0.00324778 0 0.00323997 0.00513609 0.0246376 0.00740344 0.00471818 0.00904859 0.0126921 0.016678 0.00871008 0.00879056 0.0188251 0.00837062 0.0110881 0.0125544 0.0152597 0.00905737 
0.00906872 0.0083021 0.0084282 0.00844425 0.00831298 0.00827113 0.00824244 0.00874853 0.00809948 0.00807542 0.00810575 0.00814437 0.00835144 0.00828666 0.008665 0.0109078 0.00846429 0.00853003 0.00833234 0.00824276 0.00873127 0.010278 0.00845055 0.00881511 0.00879117 0.00945739 0.0115711 0.00878375 0.00943733 0.0108441 0.0108398 0.00831075 0.00877619 0.0160464 0.00939314 0.00915185 0.00896636 0.0101774 0.0162839 0.00939226 0.00929307 0.0106021 0.0158082 0.0135358 0.00931096 0.010011 0.0163418 0.0135573 0.00361202 0.00323241 0.0032192 0.00320473 0.00323997 0 0.0281838 0.00354119 0.00368525 0.00408191 0.0125909 0.010672 0.0103769 0.014171 0.0175243 0.00834236 0.010508 0.0197418 0.00959004 0.0121042 0.0143371 
