1ALYA
GDQNPQIAAHVISEASSKTTSVLQWAEKGYYTMSNNLVTLENGKQLTVKRQGLYYIYAQVTFCSNREASSQAPFIASLCLKSPGRFERILLRAANTHSSAKPCGQQSIHLGGVFELQPGASVFVNVTDPSQVSHGTGFTSFGLLKL
CCCCCCCEEEEEECCCCCCCCECCEECCCCCEECCCCEEEECCCEEEECCCEEEEEEEEEEEEECCCCCCCCEEEEEEEECCCCCCCEEEEEEEEECCCCCCCEEEEEEEEEEEEEECCECEEEEECCHHHECCCCCCCEEEEEEC
0 0 0 0 0 0 0 0 0 0 0 0 0 0 0 0 0 0 0 0 0 0 0 0 0 0 0 0 0 0 0 0 0 0 0 0 0 0 0 0 0 0 0 0 0 0 0 0 0 0 0 0 0 0 0 0 0 0 0 0 0 0 0 0 0 0 0 0 0 0 0 0 0 0 0 0 0 0 0 0 0 0 0 0 0 0 0 0 0 0 0 0 0 0 0 0 0 0 0 0 0 0 0 0 0 0 0 0 0 0 0 0 0 0 0 0 0 0 0 0 0 0 0 0 0 0 0 0 0 0 0 0 0 0 0 0 0 0 0 0 0 0 0 0 0 0 
0 0 0 0 0 0 0 0 0 0 0 0 0 0 0 0 0 0 0 0 0 0 0 0 0 0 0 0 0 0 0 0 0 0 0 0 0 0 0 0 0 0 0 0 0 0 0 0 0 0 0 0 0 0 0 0 0 0 0 0 0 0 0 0 0 0 0 0 0 0 0 0 0 0 0 0 0 0 0 0 0 0 0 0 0 0 0 0 0 0 0 0 0 0 0 0 0 0 0 0 0 0 0 0 0 0 0 0 0 0 0 0 0 0 0 0 0 0 0 0 0 0 0 0 0 0 0 0 0 0 0 0 0 0 0 0 0 0 0 0 0 0 0 0 0 0 
0 0.00333189 0.00331769 0.00331985 0.00331924 0.00470338 0.0167442 0.0122412 0.0204314 0.0163726 0.0163126 0.0156629 0.0156564 0.0117529 0.0346642 0.0349244 0.0131747 0.0194822 0.020532 0.0159134 0.00954782 0.0100531 0.0125323 0.0111143 0.0129661 0.0109256 0.0134771 0.010373 0.013202 0.0111909 0.0124558 0.0148905 0.0114236 0.0111399 0.0117418 0.0108011 0.0121847 0.0141861 0.0123415 0.0153524 0.00994256 0.00902899 0.00887678 0.00846778 0.00890708 0.00856076 0.00858795 0.00847746 0.0126275 0.00852469 0.00814995 0.00822023 0.00855927 0.00840923 0.00945209 0.00860483 0.00846379 0.00836457 0.00815261 0.0082441 0.00866762 0.00823836 0.00886345 0.00869561 0.00923463 0.00892979 0.0091656 0.00905692 0.0091527 0.00838688 0.00869286 0.00833189 0.00859172 0.00849983 0.00851048 0.0104068 
0.00333189 0 0.00327279 0.00326144 0.00328576 0.00335095 0.00882575 0.0155281 0.0127708 0.0119044 0.0242684 0.0165128 0.0123725 0.0367442 0.00996375 0.0142288 0.108016 0.0206564 0.016728 0.0121287 0.0139924 0.0214376 0.0153814 0.0492209 0.0148765 0.0396021 0.0124891 0.0580942 0.0183339 0.048687 0.0193296 0.0118087 0.00959158 0.0426365 0.018185 0.0499912 0.0222666 0.0536753 0.0177611 0.0129917 0.00903315 0.0114966 0.0109609 0.0116752 0.00960455 0.0136715 0.00925251 0.0138957 0.00853645 0.00875307 0.00871183 0.00976907 0.00891867 0.0161123 0.00927351 0.0128049 0.0090477 0.0104861 0.00888585 0.00972994 0.00866102 0.0102065 0.00816123 0.00829911 0.01174 0.0109832 0.0141123 0.00943051 0.0104208 0.00829934 0.00840684 0.0105496 0.00931477 0.0105138 0.00918068 0.0101544 
0.00331769 0.00327279 0 0.00322967 0.00325093 0.00328867 0.00803305 0.0127976 0.00943883 0.0121521 0.0106618 0.011379 0.050977 0.00971266 0.012292 0.0215469 0.0256235 0.0628408 0.0106545 0.0114381 0.0178783 0.019075 0.0864492 0.022391 0.0827673 0.017813 0.104063 0.0184636 0.144177 0.0479787 0.0203648 0.0106899 0.0123265 0.0179912 0.0617152 0.036737 0.152724 0.038751 0.0346489 0.0100721 0.00943327 0.0123563 0.020229 0.017707 0.0235123 0.010756 0.0265531 0.00989824 0.00880111 0.00903489 0.00988571 0.0099585 0.0241507 0.011919 0.0302815 0.0114234 0.0164915 0.010568 0.0127424 0.0105679 0.0195932 0.00860963 0.00845184 0.00836032 0.0153575 0.0183521 0.0146877 0.0145116 0.00910346 0.00827916 0.00947782 0.0101647 0.0174078 0.0118537 0.0100559 0.0127239 
0.00331985 0.00326144 0.00322967 0 0.00322024 0.00323765 0.00747696 0.0118325 0.0099655 0.0101252 0.0118246 0.0157856 0.0114283 0.0355055 0.00953542 0.0123662 0.0703984 0.0222384 0.0154027 0.0111149 0.0114378 0.0510584 0.0215303 0.0950977 0.0199956 0.0802836 0.0173959 0.126623 0.0437456 0.08571 0.0164025 0.0120891 0.00955817 0.0241757 0.0350556 0.113736 0.0471211 0.0959725 0.0187251 0.0118317 0.00889751 0.0119437 0.0183759 0.0242964 0.011486 0.0306272 0.0112908 0.0117875 0.00867015 0.00892701 0.00901919 0.0159645 0.00993282 0.0250969 0.011104 0.0240987 0.0105375 0.0144811 0.00952902 0.0138356 0.00932574 0.00991576 0.00822967 0.0084255 0.018639 0.0121996 0.0274861 0.00948455 0.00979719 0.00830477 0.00867588 0.0136991 0.0126256 0.0132574 0.00916082 0.0126037 
0.00331924 0.00328576 0.00325093 0.00322024 0 0.00325574 0.0162143 0.0167655 0.0575105 0.0207738 0.0140369 0.0114625 0.0320414 0.0107693 0.0134877 0.0132414 0.0190146 0.0512777 0.0101954 0.011143 0.014936 0.0109163 0.0232268 0.0126472 0.0220076 0.0110163 0.0286073 0.0121419 0.0259861 0.0166136 0.0273796 0.0101501 0.00943524 0.0129682 0.0201637 0.0167185 0.0280462 0.0127581 0.0235247 0.0104514 0.00930083 0.0104466 0.00982158 0.00985025 0.0139643 0.00895354 0.0107933 0.00944628 0.00881354 0.00862185 0.00935743 0.00856586 0.0100749 0.00885429 0.0108543 0.00921726 0.00925732 0.00894183 0.00903475 0.00881805 0.00961814 0.00868801 0.00814596 0.00861192 0.0119411 0.010492 0.00962924 0.00978972 0.00873851 0.00827335 0.00869215 0.00959364 0.00982445 0.00888841 0.00861043 0.00905683 
0.00470338 0.00335095 0.00328867 0.00323765 0.00325574 0 0.0423224 0.0772496 0.0229651 0.0139329 0.017834 0.0403874 0.0110084 0.0137246 0.0105668 0.0220464 0.0141448 0.0108994 0.0215851 0.0273097 0.0098381 0.0110904 0.00994527 0.0118825 0.00992273 0.0130154 0.00926975 0.0118106 0.00986367 0.0129137 0.00987025 0.0128398 0.0114391 0.0119797 0.0108607 0.0109904 0.00999997 0.0113835 0.0100874 0.0157055 0.0123009 0.00973173 0.00917722 0.009369 0.00859814 0.0091368 0.00855026 0.00877555 0.0090781 0.0118492 0.00838936 0.00880548 0.00837658 0.00897919 0.00834465 0.0088555 0.00835679 0.00869879 0.00849542 0.00855961 0.00834366 0.00876694 0.00840408 0.0122345 0.013037 0.00929522 0.00915544 0.00848118 0.0100857 0.0100117 0.0099408 0.00902602 0.00866061 0.00872955 0.00837316 0.00921219 
0.0167442 0.00882575 0.00803305 0.00747696 0.0162143 0.0423224 0 0.0152084 0.00704321 0.0109439 0.0163889 0.017636 0.0104164 0.0128683 0.0166195 0.0154939 0.0120632 0.0135048 0.0231338 0.0143154 0.00916519 0.00916865 0.00949984 0.00959315 0.00929535 0.00923116 0.00893254 0.00974503 0.00942885 0.00942801 0.0110095 0.0129924 0.0118997 0.0101019 0.00897926 0.00894104 0.00926918 0.00876491 0.0101996 0.015151 0.0105999 0.00939664 0.00854556 0.00845744 0.00843413 0.00859584 0.00835845 0.00841941 0.010167 0.00895117 0.00809969 0.00815747 0.00810433 0.00827668 0.00812904 0.00821971 0.0081108 0.00816041 0.00810259 0.00818119 0.00812766 0.00840766 0.00858846 0.0112349 0.00922687 0.00826182 0.00838325 0.00835495 0.00968172 0.0114097 0.00881126 0.00812261 0.00810378 0.00813092 0.00830349 0.00901212 
0.0122412 0.0155281 0.0127976 0.0118325 0.0167655 0.0772496 0.0152084 0 0.003377 0.0259535 0.154641 0.00904172 0.0125898 0.00981365 0.0314847 0.0115772 0.0123972 0.0161107 0.0146974 0.0105701 0.00974275 0.00885486 0.0115895 0.00969868 0.00957122 0.00927436 0.0104657 0.00924771 0.010202 0.00993956 0.0116654 0.012373 0.00992119 0.0100286 0.00970907 0.0093697 0.00993772 0.00934631 0.0106482 0.0130207 0.00935592 0.00924758 0.00858836 0.00848056 0.00862472 0.00837835 0.00853489 0.0086926 0.00954228 0.00837777 0.00828924 0.00820973 0.00833672 0.00841597 0.00841054 0.00838685 0.00837742 0.00828912 0.00819286 0.00829929 0.00837633 0.00855121 0.00844011 0.00904173 0.00854343 0.00853597 0.0084521 0.00883928 0.00877144 0.00889289 0.00842917 0.0083863 0.00836648 0.00830914 0.00843331 0.00897416 
0.0204314 0.0127708 0.00943883 0.0099655 0.0575105 0.0229651 0.00704321 0.003377 0 0.090321 0.0113354 0.0175964 0.00865032 0.0248483 0.00818605 0.010987 0.0122891 0.00973438 0.012857 0.0165686 0.009103 0.00945714 0.00877792 0.00941956 0.00871612 0.00947729 0.00874816 0.00954377 0.00896521 0.00952352 0.0111008 0.00987504 0.00948746 0.0100655 0.00892411 0.00911649 0.00907645 0.00908707 0.00940392 0.010446 0.00967935 0.00863928 0.00853352 0.00848869 0.00833382 0.00850649 0.00834271 0.00864104 0.00829225 0.00977231 0.00834985 0.00837676 0.00832366 0.00848996 0.0082599 0.00847014 0.00825473 0.0084297 0.00820538 0.00824034 0.00813571 0.00882134 0.00803405 0.0101028 0.00894853 0.00843835 0.0085614 0.00823015 0.00907084 0.00991013 0.00841965 0.00840832 0.00824066 0.00832009 0.00836999 0.0082986 
0.0163726 0.0119044 0.0121521 0.0101252 0.0207738 0.0139329 0.0109439 0.0259535 0.090321 0 0.00355164 0.00453699 0.0564159 0.00570804 0.00921579 0.00931491 0.00748939 0.0115665 0.0103109 0.010208 0.0186206 0.00866329 0.0111074 0.00878305 0.009502 0.00861815 0.00960202 0.0086863 0.00992945 0.00902944 0.0108964 0.0101727 0.0113945 0.00951258 0.00944495 0.00895257 0.00947182 0.00883407 0.0112134 0.010959 0.00955387 0.00936529 0.00850528 0.00837283 0.00891236 0.00827602 0.00868564 0.00843081 0.0108565 0.00828054 0.00821955 0.00807608 0.00842642 0.00825668 0.008668 0.00818929 0.00827396 0.00816162 0.00824384 0.00812075 0.00899564 0.00821347 0.00897004 0.00863151 0.00876537 0.00881832 0.00819873 0.0105453 0.00849806 0.0089504 0.00859696 0.00820879 0.00831972 0.00809538 0.0083977 0.00896103 
0.0163126 0.0242684 0.0106618 0.0118246 0.0140369 0.017834 0.0163889 0.154641 0.0113354 0.00355164 0 0.0367244 0.00464532 0.00834886 0.00469016 0.00771726 0.0120481 0.00960842 0.0186051 0.028926 0.00844483 0.0092259 0.00883895 0.0098576 0.008895 0.0100304 0.00872228 0.0108317 0.0097558 0.0102745 0.0121706 0.0119903 0.00934139 0.0111028 0.00933636 0.00943848 0.0095704 0.00942208 0.0100052 0.0119265 0.00999858 0.00877312 0.00858007 0.00847056 0.0083316 0.008793 0.00831898 0.00892113 0.00866754 0.00904541 0.00823645 0.00834123 0.00820796 0.00886452 0.00816247 0.00869633 0.00820108 0.00834879 0.00811647 0.00828914 0.0080962 0.00911913 0.00809196 0.0103714 0.00943286 0.00857634 0.00906574 0.0084357 0.0105761 0.0109843 0.0084857 0.0086852 0.00819601 0.0083414 0.00859425 0.00849029 
0.0156629 0.0165128 0.011379 0.0157856 0.0114625 0.0403874 0.017636 0.00904172 0.0175964 0.00453699 0.0367244 0 0.00327034 0.00479708 0.00615339 0.00482765 0.00875261 0.0148753 0.950986 0.0102392 0.00723601 0.0118433 0.00847327 0.0147992 0.00911469 0.016198 0.008672 0.0191056 0.0087399 0.0118674 0.0105676 0.0278806 0.0110657 0.0136293 0.00976847 0.0128232 0.00952509 0.0118263 0.010239 0.0406648 0.0136924 0.0105404 0.0103947 0.00935176 0.00887902 0.0133477 0.00858064 0.0104717 0.0126799 0.00955154 0.00821949 0.00981445 0.00840007 0.0130598 0.00845707 0.0102731 0.00835326 0.00968379 0.00827669 0.00942427 0.00832913 0.0134797 0.0104756 0.0113455 0.0102639 0.00876188 0.0121731 0.00890104 0.0263923 0.0109323 0.00855647 0.00884918 0.00846632 0.00891701 0.00883014 0.0128426 
0.0156564 0.0123725 0.050977 0.0114283 0.0320414 0.0110084 0.0104164 0.0125898 0.00865032 0.0564159 0.00464532 0.00327034 0 0.0032811 0.0035714 0.00750533 0.00758566 0.986669 0.00683264 0.00694595 0.0117873 0.00806836 0.0210496 0.00864342 0.0195139 0.0089482 0.0387801 0.00879646 0.0224776 0.0095139 0.0210741 0.00920195 0.0143353 0.0095362 0.0181098 0.00974739 0.0207851 0.00943711 0.026605 0.00910589 0.0103606 0.0126505 0.0102516 0.00984303 0.0159787 0.00863307 0.0186237 0.00878127 0.0117263 0.0085168 0.0101217 0.00838453 0.0175931 0.00851062 0.021375 0.00854957 0.0129602 0.0084877 0.00998599 0.00849283 0.0188992 0.00832665 0.00965754 0.00833342 0.00884406 0.0159414 0.0085671 0.0260026 0.00831397 0.00816608 0.00979476 0.00843017 0.0109226 0.00837619 0.00969153 0.00873253 
0.0117529 0.0367442 0.00971266 0.0355055 0.0107693 0.0137246 0.0128683 0.00981365 0.0248483 0.00570804 0.00834886 0.00479708 0.0032811 0 0.00329629 0.00456138 0.991955 0.00515896 0.0110478 0.0127779 0.00698605 0.0151319 0.0079665 0.0192186 0.00838292 0.0351326 0.00857722 0.0219158 0.00851541 0.0164705 0.0093897 0.0111343 0.00925881 0.0197739 0.00936359 0.0153199 0.00919677 0.0232969 0.00936831 0.0149527 0.0105333 0.0101915 0.0115676 0.010668 0.00848922 0.0167812 0.00861736 0.0124594 0.00846576 0.0102541 0.00838467 0.0108844 0.00834633 0.0160372 0.00830465 0.0172852 0.00841133 0.0111035 0.00837836 0.00968837 0.00830214 0.0160094 0.00810291 0.00950468 0.0101933 0.00866769 0.0190625 0.00838151 0.0146065 0.0098458 0.00842913 0.0106628 0.00845438 0.0103636 0.0083548 0.00958308 
0.0346642 0.00996375 0.012292 0.00953542 0.0134877 0.0105668 0.0166195 0.0314847 0.00818605 0.00921579 0.00469016 0.00615339 0.0035714 0.00329629 0 0.990489 0.00560042 0.00409143 0.00442184 0.00781534 0.00852885 0.00730033 0.0171193 0.00897964 0.0120108 0.00843891 0.00977984 0.00774133 0.0103508 0.00875865 0.0098503 0.00814578 0.0156239 0.00976034 0.0103177 0.00892573 0.0105743 0.00895545 0.0102893 0.00954682 0.0131972 0.0103252 0.00926478 0.00871274 0.00963262 0.0084707 0.00906004 0.00841422 0.0107554 0.0103796 0.00888628 0.00823107 0.00935063 0.00825026 0.00981049 0.00822711 0.00885616 0.00829261 0.00884662 0.00825047 0.0106355 0.00833337 0.00882141 0.010652 0.010702 0.010592 0.00833946 0.00947338 0.00851409 0.00954812 0.0103313 0.00837477 0.00883201 0.00822396 0.00835891 0.00841112 
0.0349244 0.0142288 0.0215469 0.0123662 0.0132414 0.0220464 0.0154939 0.0115772 0.010987 0.00931491 0.00771726 0.00482765 0.00750533 0.00456138 0.990489 0 0.00325157 0.00336066 0.0036256 0.00441349 0.00601851 0.00980668 0.0498076 0.00950469 0.00824881 0.0070416 0.00873739 0.00759472 0.0113975 0.00964394 0.0124725 0.0204511 0.0205235 0.0104246 0.0120696 0.0114762 0.0163566 0.0105266 0.016425 0.0181693 0.0157849 0.0106621 0.00980593 0.00917444 0.0123204 0.00921877 0.0102003 0.00947775 0.0186336 0.00936557 0.00867112 0.00860633 0.00976865 0.00889136 0.0100337 0.00896551 0.00888676 0.00871299 0.00861675 0.00843109 0.00964195 0.00867268 0.0132503 0.00997664 0.0113298 0.0107732 0.00899398 0.0144067 0.0109245 0.00948167 0.00960273 0.00860301 0.00889418 0.00867072 0.0098132 0.0124402 
0.0131747 0.108016 0.0256235 0.0703984 0.0190146 0.0141448 0.0120632 0.0123972 0.0122891 0.00748939 0.0120481 0.00875261 0.00758566 0.991955 0.00560042 0.00325157 0 0.00325143 0.00327115 0.00389783 0.00725429 0.0606503 0.0198314 0.0107985 0.00674355 0.011632 0.00777464 0.0224324 0.00805658 0.0160726 0.0217554 0.0108089 0.00949084 0.0575399 0.0134233 0.0574519 0.0128184 0.0392095 0.0132832 0.0162468 0.0107813 0.0139118 0.0139163 0.015048 0.00968107 0.0213182 0.00946111 0.0186797 0.00909302 0.00967664 0.00909702 0.0136989 0.00903404 0.0245396 0.00939925 0.0212278 0.00929646 0.0137334 0.00896666 0.0116688 0.00909443 0.0163131 0.00853488 0.00902763 0.0155452 0.013314 0.0337212 0.00971251 0.0138128 0.00877875 0.00889084 0.0162661 0.0114915 0.0137871 0.00988791 0.0110897 
0.0194822 0.0206564 0.0628408 0.0222384 0.0512777 0.0108994 0.0135048 0.0161107 0.00973438 0.0115665 0.00960842 0.0148753 0.986669 0.00515896 0.00409143 0.00336066 0.00325143 0 0.00333932 0.00452601 0.0624344 0.0102776 0.0106399 0.00617115 0.0191821 0.00784962 0.0122181 0.00709606 0.0131211 0.0121325 0.013383 0.00790015 0.0141868 0.0122039 0.0394312 0.011173 0.0349918 0.0123785 0.049855 0.0104208 0.011764 0.0135152 0.0115718 0.011028 0.0163873 0.00939635 0.0184713 0.0105801 0.0108211 0.00976124 0.0155953 0.00893253 0.0179503 0.00944296 0.0235737 0.00980763 0.0157618 0.00947377 0.0111877 0.00918738 0.0203488 0.00879955 0.00944372 0.0092445 0.015136 0.0293342 0.0102871 0.0288656 0.00868193 0.00886121 0.0114466 0.010063 0.01395 0.00988599 0.0108347 0.00961544 
0.020532 0.016728 0.0106545 0.0154027 0.0101954 0.0215851 0.0231338 0.0146974 0.012857 0.0103109 0.0186051 0.950986 0.00683264 0.0110478 0.00442184 0.0036256 0.00327115 0.00333932 0 0.107957 0.00496802 0.00825663 0.00415089 0.00545042 0.00529462 0.0079815 0.00595358 0.00954253 0.00670134 0.00977623 0.00767273 0.00982919 0.0115713 0.0161939 0.00962977 0.0122765 0.010138 0.0125756 0.0091439 0.0221412 0.0182153 0.010624 0.0108115 0.0103547 0.00867313 0.0132508 0.00869901 0.00991645 0.00938283 0.026555 0.00852152 0.00996138 0.00854625 0.0116084 0.00859454 0.0112803 0.0087733 0.00963094 0.00869756 0.00926223 0.00852392 0.0167405 0.00869659 0.0161578 0.0218331 0.00923873 0.0136179 0.00861117 0.0172252 0.0165443 0.0108605 0.0111656 0.00908536 0.00946334 0.00888056 0.0101943 
0.0159134 0.0121287 0.0114381 0.0111149 0.011143 0.0273097 0.0143154 0.0105701 0.0165686 0.010208 0.028926 0.0102392 0.00694595 0.0127779 0.00781534 0.00441349 0.00389783 0.00452601 0.107957 0 0.00323913 0.00328898 0.0032543 0.00330519 0.00338817 0.00365195 0.00378267 0.00499645 0.00491838 0.00656938 0.00676088 0.0135101 0.0107721 0.0106482 0.0116838 0.0114997 0.00954594 0.0109862 0.0106101 0.0275884 0.0147816 0.0105896 0.0102358 0.00928603 0.00942015 0.0116528 0.00899303 0.0108215 0.0127545 0.0106306 0.00885915 0.00906309 0.00861221 0.0113914 0.00866516 0.00992413 0.00856667 0.0103634 0.00843414 0.00911642 0.00854543 0.0273625 0.00996456 0.0106284 0.0101569 0.00919839 0.010062 0.00941471 0.0160161 0.0101237 0.0087666 0.00897036 0.00872151 0.00882151 0.00894844 0.0137273 
0.00954782 0.0139924 0.0178783 0.0114378 0.014936 0.0098381 0.00916519 0.00974275 0.009103 0.0186206 0.00844483 0.00723601 0.0117873 0.00698605 0.00852885 0.00601851 0.00725429 0.0624344 0.00496802 0.00323913 0 0.0036131 0.00325279 0.00328956 0.00345785 0.00350321 0.00375533 0.00370098 0.00498764 0.00550716 0.00844901 0.00556663 0.00888834 0.00976039 0.011407 0.0100365 0.012315 0.0100505 0.0161459 0.00925195 0.00933653 0.0108466 0.00950123 0.0090768 0.0103075 0.00880428 0.0126389 0.00908239 0.0100126 0.0085788 0.00966082 0.00853021 0.0113652 0.008641 0.012588 0.00853569 0.0106804 0.0086355 0.00917748 0.00934363 0.0464933 0.00903821 0.00876796 0.00818451 0.00871998 0.0112547 0.00882618 0.0124721 0.0084796 0.00815832 0.00831332 0.00877876 0.00924855 0.00857986 0.00961954 0.00909792 
0.0100531 0.0214376 0.019075 0.0510584 0.0109163 0.0110904 0.00916865 0.00885486 0.00945714 0.00866329 0.0092259 0.0118433 0.00806836 0.0151319 0.00730033 0.00980668 0.0606503 0.0102776 0.00825663 0.00328898 0.0036131 0 0.00327901 0.00323981 0.00322291 0.00356615 0.00343147 0.00416987 0.00378171 0.00700249 0.00597244 0.00619585 0.00783801 0.0120589 0.0116423 0.0165564 0.0105091 0.0211984 0.00952642 0.010383 0.00955395 0.0101006 0.0115442 0.0109614 0.00927667 0.0158775 0.00899191 0.0108305 0.00876441 0.00925649 0.00866815 0.0129614 0.008818 0.0181425 0.00890584 0.0229769 0.00916537 0.0125824 0.00906498 0.0791715 0.00920311 0.0105021 0.00831676 0.00855045 0.0120799 0.0103637 0.0249202 0.00889889 0.0110464 0.00845002 0.00854738 0.0109498 0.0103151 0.0151655 0.00887964 0.0143345 
0.0125323 0.0153814 0.0864492 0.0215303 0.0232268 0.00994527 0.00949984 0.0115895 0.00877792 0.0111074 0.00883895 0.00847327 0.0210496 0.0079665 0.0171193 0.0498076 0.0198314 0.0106399 0.00415089 0.0032543 0.00325279 0.00327901 0 0.00323434 0.00317157 0.00324213 0.00329926 0.00326619 0.00829967 0.00371054 0.00496328 0.00472917 0.00981898 0.00913078 0.0156195 0.0116883 0.0293794 0.0121333 0.0171558 0.00956296 0.010273 0.0116178 0.0129622 0.0114777 0.0208456 0.00933138 0.0224829 0.00909434 0.0106312 0.0087455 0.0121341 0.00883788 0.029357 0.00910452 0.0506474 0.00971101 0.0209202 0.00948801 0.101884 0.00929441 0.0227052 0.00854573 0.00953125 0.00849493 0.0111978 0.023792 0.0107062 0.0225394 0.00876465 0.00834558 0.00902885 0.00974602 0.0230282 0.0109839 0.0111261 0.0102083 
0.0111143 0.0492209 0.022391 0.0950977 0.0126472 0.0118825 0.00959315 0.00969868 0.00941956 0.00878305 0.0098576 0.0147992 0.00864342 0.0192186 0.00897964 0.00950469 0.0107985 0.00617115 0.00545042 0.00330519 0.00328956 0.00323981 0.00323434 0 0.00319884 0.00321426 0.00320716 0.00397209 0.00332047 0.00420174 0.00352131 0.00407935 0.00735894 0.0134123 0.0108371 0.0307705 0.0124024 0.0303371 0.010831 0.0289217 0.0101339 0.0103501 0.0136497 0.0179876 0.00974015 0.0340311 0.00948636 0.0140629 0.0088326 0.0108731 0.008935 0.0186525 0.00899615 0.0611347 0.0092623 0.0344816 0.00975662 0.154041 0.00938978 0.0185879 0.00945107 0.0164955 0.00842142 0.00869294 0.0220381 0.011308 0.0473393 0.00930568 0.0124698 0.00872909 0.00875724 0.0232334 0.0135114 0.0292018 0.00937763 0.0156537 
0.0129661 0.0148765 0.0827673 0.0199956 0.0220076 0.00992273 0.00929535 0.00957122 0.00871612 0.009502 0.008895 0.00911469 0.0195139 0.00838292 0.0120108 0.00824881 0.00674355 0.0191821 0.00529462 0.00338817 0.00345785 0.00322291 0.00317157 0.00319884 0 0.00316989 0.00333092 0.00316805 0.0032818 0.00326491 0.00377039 0.00338134 0.0089834 0.00899386 0.0192302 0.0103448 0.0234154 0.0134273 0.0507778 0.0191116 0.00999857 0.0108548 0.0129057 0.0114208 0.0190346 0.00890025 0.019941 0.00906214 0.0120592 0.00899885 0.0127471 0.0088117 0.0490546 0.00894198 0.034602 0.00915687 0.124423 0.00926433 0.0163519 0.00911929 0.0266349 0.00872612 0.00960521 0.00874754 0.0119543 0.0260036 0.0101539 0.0203056 0.00873205 0.00871099 0.0102976 0.0098143 0.0278092 0.0105289 0.0113337 0.0106383 
0.0109256 0.0396021 0.017813 0.0802836 0.0110163 0.0130154 0.00923116 0.00927436 0.00947729 0.00861815 0.0100304 0.016198 0.0089482 0.0351326 0.00843891 0.0070416 0.011632 0.00784962 0.0079815 0.00365195 0.00350321 0.00356615 0.00324213 0.00321426 0.00316989 0 0.00319936 0.00326708 0.00324092 0.00333471 0.00325715 0.00345657 0.00713341 0.0189762 0.00970942 0.0213359 0.0122653 0.07044 0.025582 0.0294273 0.0100049 0.0121847 0.0118765 0.0153497 0.00919099 0.0231001 0.00889553 0.0162087 0.00886499 0.0110099 0.00876161 0.0383224 0.00892451 0.0473491 0.00901109 0.224858 0.0090734 0.0215683 0.00899352 0.0214188 0.00919005 0.0168165 0.00846179 0.00912759 0.0192356 0.0111819 0.0493764 0.00917465 0.0136158 0.00923426 0.00872957 0.0216813 0.0115337 0.0256937 0.00904221 0.0136184 
0.0134771 0.0124891 0.104063 0.0173959 0.0286073 0.00926975 0.00893254 0.0104657 0.00874816 0.00960202 0.00872228 0.008672 0.0387801 0.00857722 0.00977984 0.00873739 0.00777464 0.0122181 0.00595358 0.00378267 0.00375533 0.00343147 0.00329926 0.00320716 0.00333092 0.00319936 0 0.00317342 0.00321846 0.00321997 0.00322813 0.00323123 0.0123355 0.00801602 0.0148609 0.0101489 0.0705744 0.0180039 0.0432109 0.00974517 0.0100691 0.0107993 0.0126652 0.0101051 0.0189883 0.00892747 0.0316806 0.00890544 0.0104215 0.00876986 0.0265679 0.00864791 0.041212 0.00880169 0.280167 0.00907501 0.0269938 0.00894005 0.0178622 0.00897808 0.0331227 0.0085419 0.00918569 0.00851699 0.0111534 0.0277689 0.00990987 0.0300034 0.00854221 0.00830624 0.0102974 0.009733 0.0278315 0.00995605 0.0148219 0.00980084 
0.010373 0.0580942 0.0184636 0.126623 0.0121419 0.0118106 0.00974503 0.00924771 0.00954377 0.0086863 0.0108317 0.0191056 0.00879646 0.0219158 0.00774133 0.00759472 0.0224324 0.00709606 0.00954253 0.00499645 0.00370098 0.00416987 0.00326619 0.00397209 0.00316805 0.00326708 0.00317342 0 0.00333395 0.00322257 0.00319512 0.00334415 0.00625008 0.011952 0.0103747 0.0551029 0.0216438 0.0668529 0.0100061 0.012391 0.0098419 0.0131978 0.0129306 0.015111 0.00891019 0.0454792 0.00892295 0.0159497 0.00862904 0.0162617 0.00875538 0.0249294 0.00874242 0.300341 0.00906678 0.0530304 0.00911758 0.0316698 0.00943715 0.0249965 0.00892233 0.0197312 0.00836905 0.00902769 0.022508 0.0113542 0.0909841 0.00901513 0.0149948 0.00919085 0.00865731 0.0252507 0.0116392 0.0361862 0.00926302 0.0142604 
0.013202 0.0183339 0.144177 0.0437456 0.0259861 0.00986367 0.00942885 0.010202 0.00896521 0.00992945 0.0097558 0.0087399 0.0224776 0.00851541 0.0103508 0.0113975 0.00805658 0.0131211 0.00670134 0.00491838 0.00498764 0.00378171 0.00829967 0.00332047 0.0032818 0.00324092 0.00321846 0.00333395 0 0.00320803 0.00335514 0.00321035 0.00987864 0.00953994 0.0452696 0.0153634 0.0533302 0.0106271 0.0193339 0.00869616 0.0104002 0.0113134 0.0131807 0.0107269 0.0310144 0.00904821 0.0268366 0.00918295 0.0106776 0.00916241 0.0145494 0.00897921 0.278457 0.0091527 0.0567334 0.00954887 0.0385771 0.0100071 0.0247072 0.00971832 0.033174 0.00863732 0.00921542 0.00866362 0.0135446 0.0425479 0.0112201 0.0361636 0.00872212 0.00877362 0.0119535 0.0109433 0.0384458 0.0124911 0.0126521 0.0112135 
0.0111909 0.048687 0.0479787 0.08571 0.0166136 0.0129137 0.00942801 0.00993956 0.00952352 0.00902944 0.0102745 0.0118674 0.0095139 0.0164705 0.00875865 0.00964394 0.0160726 0.0121325 0.00977623 0.00656938 0.00550716 0.00700249 0.00371054 0.00420174 0.00326491 0.00333471 0.00321997 0.00322257 0.00320803 0 0.0032034 0.00319451 0.00933096 0.0336654 0.0287048 0.0659302 0.0126145 0.0313421 0.00964179 0.0113815 0.00974934 0.0113306 0.0133087 0.0189085 0.00989335 0.0186132 0.00968831 0.0154365 0.00911883 0.0108593 0.00904357 0.170898 0.00935589 0.0289591 0.00986188 0.0369116 0.0102386 0.0273647 0.0100259 0.01701 0.010722 0.0128941 0.00866479 0.00920531 0.0262491 0.0139358 0.0612234 0.0101683 0.0122843 0.00875977 0.00926371 0.020718 0.0179162 0.0272153 0.0102254 0.0167858 
0.0124558 0.0193296 0.0203648 0.0164025 0.0273796 0.00987025 0.0110095 0.0116654 0.0111008 0.0108964 0.0121706 0.0105676 0.0210741 0.0093897 0.0098503 0.0124725 0.0217554 0.013383 0.00767273 0.00676088 0.00844901 0.00597244 0.00496328 0.00352131 0.00377039 0.00325715 0.00322813 0.00319512 0.00335514 0.0032034 0 0.0033984 0.0733111 0.0323398 0.0479278 0.00926367 0.0189998 0.00865336 0.0240902 0.0102604 0.0115581 0.0111384 0.0106751 0.00968085 0.0121864 0.00901011 0.0108733 0.0114944 0.0106898 0.00986538 0.175012 0.00882768 0.0115505 0.00917654 0.0142853 0.00944408 0.0137674 0.00932527 0.0108853 0.00892863 0.010649 0.00930624 0.00892396 0.0100172 0.0110893 0.0225089 0.0103915 0.0151676 0.00923654 0.00892121 0.0111731 0.0117712 0.0130794 0.0096175 0.0107491 0.00977875 
0.0148905 0.0118087 0.0106899 0.0120891 0.0101501 0.0128398 0.0129924 0.012373 0.00987504 0.0101727 0.0119903 0.0278806 0.00920195 0.0111343 0.00814578 0.0204511 0.0108089 0.00790015 0.00982919 0.0135101 0.00556663 0.00619585 0.00472917 0.00407935 0.00338134 0.00345657 0.00323123 0.00334415 0.00321035 0.00319451 0.0033984 0 0.0207363 0.0309802 0.00634427 0.00997714 0.00727381 0.00810969 0.00733884 0.0123939 0.0119892 0.00995675 0.00912015 0.00932978 0.00859701 0.0110716 0.00858726 0.00962566 0.00894058 0.168738 0.00856251 0.00958872 0.00862601 0.0108882 0.00866189 0.0115369 0.00875126 0.0102891 0.00854017 0.00895099 0.00880381 0.00991916 0.0084982 0.0136353 0.0166572 0.00955477 0.01062 0.00880327 0.0114888 0.0135263 0.0107313 0.0110263 0.00907956 0.00954068 0.00876784 0.0111034 
0.0114236 0.00959158 0.0123265 0.00955817 0.00943524 0.0114391 0.0118997 0.00992119 0.00948746 0.0113945 0.00934139 0.0110657 0.0143353 0.00925881 0.0156239 0.0205235 0.00949084 0.0141868 0.0115713 0.0107721 0.00888834 0.00783801 0.00981898 0.00735894 0.0089834 0.00713341 0.0123355 0.00625008 0.00987864 0.00933096 0.0733111 0.0207363 0 0.00322981 0.00320419 0.00318602 0.00324168 0.00326881 0.00341604 0.00387008 0.00988699 0.00819426 0.00788901 0.0079784 0.0110375 0.00813032 0.0121592 0.0292178 0.510762 0.00909276 0.00949362 0.00839581 0.011274 0.00863256 0.0119156 0.00859743 0.0108059 0.0086371 0.00962193 0.00882974 0.0126139 0.00859789 0.0116776 0.0108587 0.0108316 0.0114835 0.00899517 0.0127568 0.00948498 0.00902988 0.0101926 0.00864868 0.00918516 0.00849018 0.00913812 0.0108844 
0.0111399 0.0426365 0.0179912 0.0241757 0.0129682 0.0119797 0.0101019 0.0100286 0.0100655 0.00951258 0.0111028 0.0136293 0.0095362 0.0197739 0.00976034 0.0104246 0.0575399 0.0122039 0.0161939 0.0106482 0.00976039 0.0120589 0.00913078 0.0134123 0.00899386 0.0189762 0.00801602 0.011952 0.00953994 0.0336654 0.0323398 0.0309802 0.00322981 0 0.00321456 0.00321251 0.00323504 0.0032334 0.00346419 0.00342678 0.00748121 0.00908179 0.00953789 0.009568 0.00984133 0.0195117 0.0331004 0.587068 0.0102666 0.0107154 0.00900013 0.0132328 0.00883746 0.01614 0.00900143 0.021772 0.00919628 0.0136841 0.00895766 0.0117302 0.00939756 0.0195055 0.0088571 0.0101952 0.0133852 0.0152203 0.0214399 0.00994009 0.0146499 0.00937355 0.0105025 0.019191 0.0109038 0.0139737 0.0100102 0.0168544 
0.0117418 0.018185 0.0617152 0.0350556 0.0201637 0.0108607 0.00897926 0.00970907 0.00892411 0.00944495 0.00933636 0.00976847 0.0181098 0.00936359 0.0103177 0.0120696 0.0134233 0.0394312 0.00962977 0.0116838 0.011407 0.0116423 0.0156195 0.0108371 0.0192302 0.00970942 0.0148609 0.0103747 0.0452696 0.0287048 0.0479278 0.00634427 0.00320419 0.00321456 0 0.00320617 0.00324824 0.00321498 0.00324239 0.00330139 0.00837815 0.00860357 0.00964987 0.00910279 0.0171023 0.0344896 0.601587 0.012257 0.0101005 0.00909596 0.0118255 0.00912255 0.020781 0.00958081 0.0443663 0.00967024 0.0181301 0.010059 0.0142374 0.00980169 0.0206535 0.00917037 0.00969613 0.00932456 0.0152173 0.025994 0.0140142 0.0212282 0.00941144 0.00925487 0.0112724 0.0127317 0.0294925 0.0149551 0.0183733 0.0143949 
0.0108011 0.0499912 0.036737 0.113736 0.0167185 0.0109904 0.00894104 0.0093697 0.00911649 0.00895257 0.00943848 0.0128232 0.00974739 0.0153199 0.00892573 0.0114762 0.0574519 0.011173 0.0122765 0.0114997 0.0100365 0.0165564 0.0116883 0.0307705 0.0103448 0.0213359 0.0101489 0.0551029 0.0153634 0.0659302 0.00926367 0.00997714 0.00318602 0.00321251 0.00320617 0 0.00320262 0.00321926 0.00323536 0.00327541 0.009474 0.00986025 0.00978688 0.0201043 0.0405075 0.664629 0.0106807 0.0116205 0.0113643 0.00975579 0.00912186 0.0179398 0.00903154 0.0552123 0.00962065 0.0395411 0.00984905 0.0255768 0.00983018 0.0212164 0.0101898 0.0137651 0.00863893 0.0100213 0.0239784 0.0161113 0.069227 0.0102177 0.0161594 0.0094569 0.0101177 0.0275312 0.0178815 0.0484043 0.0123605 0.0189415 
0.0121847 0.0222666 0.152724 0.0471211 0.0280462 0.00999997 0.00926918 0.00993772 0.00907645 0.00947182 0.0095704 0.00952509 0.0207851 0.00919677 0.0105743 0.0163566 0.0128184 0.0349918 0.010138 0.00954594 0.012315 0.0105091 0.0293794 0.0124024 0.0234154 0.0122653 0.0705744 0.0216438 0.0533302 0.0126145 0.0189998 0.00727381 0.00324168 0.00323504 0.00324824 0.00320262 0 0.00319604 0.00322923 0.00323654 0.00772357 0.00888426 0.0231376 0.0882301 0.670402 0.00890227 0.0214649 0.00886279 0.0103848 0.00879973 0.0122394 0.00921367 0.0354312 0.0093198 0.0370938 0.00962772 0.025078 0.0101346 0.0233088 0.0105548 0.0263341 0.0089118 0.00942557 0.00939003 0.0156663 0.0623611 0.0147965 0.0529808 0.00937314 0.00946839 0.011772 0.0140909 0.0678164 0.0188242 0.0177162 0.0158841 
0.0141861 0.0536753 0.038751 0.0959725 0.0127581 0.0113835 0.00876491 0.00934631 0.00908707 0.00883407 0.00942208 0.0118263 0.00943711 0.0232969 0.00895545 0.0105266 0.0392095 0.0123785 0.0125756 0.0109862 0.0100505 0.0211984 0.0121333 0.0303371 0.0134273 0.07044 0.0180039 0.0668529 0.0106271 0.0313421 0.00865336 0.00810969 0.00326881 0.0032334 0.00321498 0.00321926 0.00319604 0 0.00319954 0.00322147 0.00767674 0.0171508 0.159438 0.42955 0.010221 0.0128322 0.00835949 0.0116857 0.00846511 0.00973286 0.00906303 0.0369769 0.00884342 0.0339313 0.00927476 0.0429388 0.00938326 0.0257276 0.00986492 0.0192092 0.00995711 0.0135843 0.0086525 0.00973506 0.0304056 0.0131487 0.128644 0.00986695 0.0126803 0.00910953 0.0100018 0.0415208 0.017949 0.0397274 0.0103477 0.0180828 
0.0123415 0.0177611 0.0346489 0.0187251 0.0235247 0.0100874 0.0101996 0.0106482 0.00940392 0.0112134 0.0100052 0.010239 0.026605 0.00936831 0.0102893 0.016425 0.0132832 0.049855 0.0091439 0.0106101 0.0161459 0.00952642 0.0171558 0.010831 0.0507778 0.025582 0.0432109 0.0100061 0.0193339 0.00964179 0.0240902 0.00733884 0.00341604 0.00346419 0.00324239 0.00323536 0.00322923 0.00319954 0 0.0032248 0.046697 0.364743 0.0997516 0.0100643 0.00974164 0.00696648 0.0102034 0.00878201 0.0134701 0.00993256 0.0221244 0.00875671 0.0151274 0.00884119 0.0195194 0.00906842 0.0159068 0.00928039 0.0115469 0.00897815 0.0132495 0.00896274 0.00983517 0.0103886 0.0116758 0.051494 0.00979444 0.0310602 0.00913032 0.00943406 0.0216501 0.0119414 0.0212895 0.0101327 0.0185445 0.0115002 
0.0153524 0.0129917 0.0100721 0.0118317 0.0104514 0.0157055 0.015151 0.0130207 0.010446 0.010959 0.0119265 0.0406648 0.00910589 0.0149527 0.00954682 0.0181693 0.0162468 0.0104208 0.0221412 0.0275884 0.00925195 0.010383 0.00956296 0.0289217 0.0191116 0.0294273 0.00974517 0.012391 0.00869616 0.0113815 0.0102604 0.0123939 0.00387008 0.00342678 0.00330139 0.00327541 0.00323654 0.00322147 0.0032248 0 0.362879 0.0499493 0.00811141 0.00741593 0.00670247 0.00931241 0.00727535 0.0101272 0.00859939 0.0236064 0.00890274 0.0110784 0.0086481 0.0194753 0.00870746 0.0132362 0.00886565 0.0123422 0.00888603 0.00960945 0.00877738 0.0136103 0.00899906 0.0195303 0.0305903 0.00994526 0.0154261 0.0092328 0.0221221 0.0316253 0.0134213 0.0141154 0.0098951 0.0109968 0.00956557 0.0181016 
0.00994256 0.00903315 0.00943327 0.00889751 0.00930083 0.0123009 0.0105999 0.00935592 0.00967935 0.00955387 0.00999858 0.0136924 0.0103606 0.0105333 0.0131972 0.0157849 0.0107813 0.011764 0.0182153 0.0147816 0.00933653 0.00955395 0.010273 0.0101339 0.00999857 0.0100049 0.0100691 0.0098419 0.0104002 0.00974934 0.0115581 0.0119892 0.00988699 0.00748121 0.00837815 0.009474 0.00772357 0.00767674 0.046697 0.362879 0 0.00335702 0.00328679 0.00329822 0.00343886 0.0036132 0.00345424 0.00437119 0.00731805 0.0100047 0.00775098 0.00786424 0.00875799 0.00929659 0.00920273 0.012802 0.0227885 0.0156552 0.0135215 0.00889084 0.00974671 0.0107182 0.013521 0.0133738 0.0114755 0.012514 0.0102823 0.0108459 0.0165067 0.0107375 0.0108264 0.00939481 0.00932845 0.00896801 0.00996906 0.0210799 
0.00902899 0.0114966 0.0123563 0.0119437 0.0104466 0.00973173 0.00939664 0.00924758 0.00863928 0.00936529 0.00877312 0.0105404 0.0126505 0.0101915 0.0103252 0.0106621 0.0139118 0.0135152 0.010624 0.0105896 0.0108466 0.0101006 0.0116178 0.0103501 0.0108548 0.0121847 0.0107993 0.0131978 0.0113134 0.0113306 0.0111384 0.00995675 0.00819426 0.00908179 0.00860357 0.00986025 0.00888426 0.0171508 0.364743 0.0499493 0.00335702 0 0.00320236 0.00320812 0.00323969 0.00331927 0.00361719 0.00358338 0.00388946 0.00688343 0.00790378 0.00793782 0.00880791 0.00891887 0.0304619 0.0116469 0.0640722 0.014629 0.00945811 0.00960987 0.0100895 0.010507 0.00970585 0.00961725 0.0112809 0.0132532 0.0107773 0.0130581 0.0102256 0.00940498 0.0105121 0.0115012 0.0113555 0.00968792 0.0148434 0.0113743 
0.00887678 0.0109609 0.020229 0.0183759 0.00982158 0.00917722 0.00854556 0.00858836 0.00853352 0.00850528 0.00858007 0.0103947 0.0102516 0.0115676 0.00926478 0.00980593 0.0139163 0.0115718 0.0108115 0.0102358 0.00950123 0.0115442 0.0129622 0.0136497 0.0129057 0.0118765 0.0126652 0.0129306 0.0131807 0.0133087 0.0106751 0.00912015 0.00788901 0.00953789 0.00964987 0.00978688 0.0231376 0.159438 0.0997516 0.00811141 0.00328679 0.00320236 0 0.00324377 0.00320103 0.0034952 0.00404883 0.00416666 0.00334031 0.00732138 0.00690626 0.00861555 0.00793817 0.0249419 0.0109537 0.0441428 0.0202812 0.0112347 0.00941951 0.00963394 0.00976203 0.0101512 0.00875283 0.00916565 0.010828 0.0141328 0.0135899 0.0105033 0.0108921 0.00927017 0.009649 0.0117561 0.0127444 0.0154385 0.0104258 0.0116796 
0.00846778 0.0116752 0.017707 0.0242964 0.00985025 0.009369 0.00845744 0.00848056 0.00848869 0.00837283 0.00847056 0.00935176 0.00984303 0.010668 0.00871274 0.00917444 0.015048 0.011028 0.0103547 0.00928603 0.0090768 0.0109614 0.0114777 0.0179876 0.0114208 0.0153497 0.0101051 0.015111 0.0107269 0.0189085 0.00968085 0.00932978 0.0079784 0.009568 0.00910279 0.0201043 0.0882301 0.42955 0.0100643 0.00741593 0.00329822 0.00320812 0.00324377 0 0.00319741 0.00323191 0.0031985 0.0032534 0.00326499 0.00645109 0.00728501 0.00783455 0.00963439 0.0369886 0.0140834 0.0283269 0.00875423 0.013719 0.00902974 0.00975 0.00937316 0.0101362 0.00828348 0.00891497 0.0116231 0.0114129 0.0172845 0.0099778 0.0103645 0.00920528 0.00909465 0.0127695 0.0128052 0.0160375 0.0102862 0.011637 
0.00890708 0.00960455 0.0235123 0.011486 0.0139643 0.00859814 0.00843413 0.00862472 0.00833382 0.00891236 0.0083316 0.00887902 0.0159787 0.00848922 0.00963262 0.0123204 0.00968107 0.0163873 0.00867313 0.00942015 0.0103075 0.00927667 0.0208456 0.00974015 0.0190346 0.00919099 0.0189883 0.00891019 0.0310144 0.00989335 0.0121864 0.00859701 0.0110375 0.00984133 0.0171023 0.0405075 0.670402 0.010221 0.00974164 0.00670247 0.00343886 0.00323969 0.00320103 0.00319741 0 0.00313717 0.00325703 0.00319171 0.00353486 0.00627152 0.00786733 0.0156459 0.0442917 0.0128989 0.0730724 0.0080817 0.0125086 0.00851056 0.013907 0.00860297 0.014428 0.00821513 0.00977363 0.00891482 0.0105877 0.0157189 0.00910788 0.0188432 0.00857342 0.00871999 0.0107685 0.0101658 0.0205961 0.00986385 0.0168803 0.0100652 
0.00856076 0.0136715 0.010756 0.0306272 0.00895354 0.0091368 0.00859584 0.00837835 0.00850649 0.00827602 0.008793 0.0133477 0.00863307 0.0167812 0.0084707 0.00921877 0.0213182 0.00939635 0.0132508 0.0116528 0.00880428 0.0158775 0.00933138 0.0340311 0.00890025 0.0231001 0.00892747 0.0454792 0.00904821 0.0186132 0.00901011 0.0110716 0.00813032 0.0195117 0.0344896 0.664629 0.00890227 0.0128322 0.00696648 0.00931241 0.0036132 0.00331927 0.0034952 0.00323191 0.00313717 0 0.00318982 0.0032325 0.00321948 0.00648934 0.00595167 0.067583 0.00888972 0.0783283 0.00770575 0.0263266 0.0077582 0.0166739 0.0081241 0.012607 0.00812661 0.0348417 0.00840824 0.010288 0.0125404 0.00967112 0.0286627 0.00895193 0.0161378 0.0109362 0.00920479 0.0216068 0.0103169 0.0278317 0.00899852 0.0138043 
0.00858795 0.00925251 0.0265531 0.0112908 0.0107933 0.00855026 0.00835845 0.00853489 0.00834271 0.00868564 0.00831898 0.00858064 0.0186237 0.00861736 0.00906004 0.0102003 0.00946111 0.0184713 0.00869901 0.00899303 0.0126389 0.00899191 0.0224829 0.00948636 0.019941 0.00889553 0.0316806 0.00892295 0.0268366 0.00968831 0.0108733 0.00858726 0.0121592 0.0331004 0.601587 0.0106807 0.0214649 0.00835949 0.0102034 0.00727535 0.00345424 0.00361719 0.00404883 0.0031985 0.00325703 0.00318982 0 0.00318041 0.00324513 0.0051336 0.0613647 0.00906031 0.0867312 0.00693311 0.0195124 0.00737392 0.0139988 0.00780232 0.0114786 0.00849837 0.023019 0.008146 0.0086106 0.0085837 0.00972994 0.015415 0.00921753 0.0185183 0.00861506 0.00871416 0.0130194 0.00943021 0.0245551 0.00969512 0.0122729 0.00992856 
0.00847746 0.0138957 0.00989824 0.0117875 0.00944628 0.00877555 0.00841941 0.0086926 0.00864104 0.00843081 0.00892113 0.0104717 0.00878127 0.0124594 0.00841422 0.00947775 0.0186797 0.0105801 0.00991645 0.0108215 0.00908239 0.0108305 0.00909434 0.0140629 0.00906214 0.0162087 0.00890544 0.0159497 0.00918295 0.0154365 0.0114944 0.00962566 0.0292178 0.587068 0.012257 0.0116205 0.00886279 0.0116857 0.00878201 0.0101272 0.00437119 0.00358338 0.00416666 0.0032534 0.00319171 0.0032325 0.00318041 0 0.00318418 0.0476542 0.0074914 0.0344673 0.00582465 0.010394 0.00707346 0.0127504 0.00706755 0.0099054 0.00789935 0.0198305 0.00816431 0.01177 0.00796348 0.00936977 0.0105366 0.0113559 0.0143557 0.00910627 0.0114455 0.0100376 0.00974121 0.0225594 0.00932385 0.0147644 0.00971988 0.0144316 
0.0126275 0.00853645 0.00880111 0.00867015 0.00881354 0.0090781 0.010167 0.00954228 0.00829225 0.0108565 0.00866754 0.0126799 0.0117263 0.00846576 0.0107554 0.0186336 0.00909302 0.0108211 0.00938283 0.0127545 0.0100126 0.00876441 0.0106312 0.0088326 0.0120592 0.00886499 0.0104215 0.00862904 0.0106776 0.00911883 0.0106898 0.00894058 0.510762 0.0102666 0.0101005 0.0113643 0.0103848 0.00846511 0.0134701 0.00859939 0.00731805 0.00388946 0.00334031 0.00326499 0.00353486 0.00321948 0.00324513 0.00318418 0 0.0191733 0.0365146 0.00496319 0.00827803 0.00560659 0.00977693 0.00603876 0.0086225 0.0071408 0.00974124 0.00810311 0.0094635 0.00787861 0.0102535 0.0136274 0.0148845 0.0110356 0.00871753 0.0120792 0.00923223 0.0124236 0.0212187 0.00933795 0.0106422 0.00879871 0.00955155 0.0120091 
