1AN9A
MRVVVIGAGVIGLSTALCIHERYHSVLQPLDVKVYADRFTPFTTTDVAAGLWQPYTSEPSNPQEANWNQQTFNYLLSHIGSPNAANMGLTPVSGYNLFREAVPDPYWKDMVLGFRKLTPRELDMFPDYRYGWFNTSLILEGRKYLQWLTERLTERGVKFFLRKVESFEEVARGGADVIINCTGVWAGVLQPDPLLQPGRGQIIKVDAPWLKNFIITHDLERGIYNSPYIIPGLQAVTLGGTFQVGNWNEINNIQDHNTIWEGCCRLEPTLKDAKIVGEYTGFRPVRPQVRLEREQLRFGSSNTEVIHNYGHGGYGLTIHWGCALEVAKLFGKVLEERNLL
CEEEEECCCHHHHHHHHHHHHHHCCCCCCCEEEEEECCCHHHCHHHHCCCECCCCCCCCCCCHHHHHHHHHHHHHHCCCCCCCCCCCCEEEEEEEEEECCCCCCCCCCCCCEEEEECCHHHHCCCCCCCEEEEEEEEEECHHHHHHHHHHHHHCCCCEEEECCCCCHHHHHHCCCCEEEECCHHHHHHHCCCCCCEEEEEEEEEEECCCCCCEEEEECHHHCCCCCCEEEECCCCEEEECCCEECCCCCCCCHHHHHHHHHHHHHHCHHHHHCEEEEEEEEEEEECCCCEEEEEEECCCCCCEEEEEEECCCCCHHHHHHHHHHHHHHHHHHHHHHCCCC
0 0 0 0 0 0 0 0 0 0 0 0 0 0 0 0 0 0 0 0 0 0 0 0 0 0 0 0 0 0 0 0 0 0 0 0 0 0 0 0 0 0 0 0 0 0 0 0 0 0 0 0 0 0 0 0 0 0 0 0 0 0 0 0 0 0 0 0 0 0 0 0 0 0 0 0 0 0 0 0 0 0 0 0 0 0 0 0 0 0 0 0 0 0 0 0 0 0 0 0 0 0 0 0 0 0 0 0 0 0 0 0 0 0 0 0 0 0 0 0 0 0 0 0 0 0 0 0 0 0 0 0 0 0 0 0 0 0 0 0 0 0 0 0 0 0 0 0 0 0 0 0 0 0 0 0 0 0 0 0 0 0 0 0 0 0 0 0 0 0 0 0 0 0 0 0 0 0 0 0 0 0 0 0 0 0 0 0 0 0 0 0 0 0 0 0 0 0 0 0 0 0 0 0 0 0 0 0 0 0 0 0 0 0 0 0 0 0 0 0 0 0 0 0 0 0 0 0 0 0 0 0 0 0 0 0 0 0 0 0 0 0 0 0 0 0 0 0 0 0 0 0 0 0 0 0 0 0 0 0 0 0 0 0 0 0 0 0 0 0 0 0 0 0 0 0 0 0 0 0 0 0 0 0 0 0 0 0 0 0 0 0 0 0 0 0 0 0 0 0 0 0 0 0 0 0 0 0 0 0 0 0 0 0 0 0 0 0 0 0 0 0 0 0 0 0 0 0 0 0 0 0 0 0 0 0 0 0 0 0 
0 0 0 0 0 0 0 0 0 0 0 0 0 0 0 0 0 0 0 0 0 0 0 0 0 0 0 0 0 0 0 0 0 0 0 0 0 0 0 0 0 0 0 0 0 0 0 0 0 0 0 0 0 0 0 0 0 0 0 0 0 0 0 0 0 0 0 0 0 0 0 0 0 0 0 0 0 0 0 0 0 0 0 0 0 0 0 0 0 0 0 0 0 0 0 0 0 0 0 0 0 0 0 0 0 0 0 0 0 0 0 0 0 0 0 0 0 0 0 0 0 0 0 0 0 0 0 0 0 0 0 0 0 0 0 0 0 0 0 0 0 0 0 0 0 0 0 0 0 0 0 0 0 0 0 0 0 0 0 0 0 0 0 0 0 0 0 0 0 0 0 0 0 0 0 0 0 0 0 0 0 0 0 0 0 0 0 0 0 0 0 0 0 0 0 0 0 0 0 0 0 0 0 0 0 0 0 0 0 0 0 0 0 0 0 0 0 0 0 0 0 0 0 0 0 0 0 0 0 0 0 0 0 0 0 0 0 0 0 0 0 0 0 0 0 0 0 0 0 0 0 0 0 0 0 0 0 0 0 0 0 0 0 0 0 0 0 0 0 0 0 0 0 0 0 0 0 0 0 0 0 0 0 0 0 0 0 0 0 0 0 0 0 0 0 0 0 0 0 0 0 0 0 0 0 0 0 0 0 0 0 0 0 0 0 0 0 0 0 0 0 0 0 0 0 0 0 0 0 0 0 0 0 0 0 0 0 0 0 0 
0 0.0035363 0.00333403 0.00353892 0.00449189 0.799237 0.0209368 0.0845302 0.0173682 0.0293052 0.0215405 0.0136241 0.0122772 0.0101078 0.0108235 0.0108371 0.0125977 0.0104656 0.0105198 0.0100075 0.00989281 0.0119605 0.0099741 0.00933537 0.00959581 0.00951315 0.0115742 0.00861923 0.00877311 0.00919504 0.00893272 0.00920864 0.00862706 0.00938979 0.00915043 0.00946235 0.00983804 0.0087654 0.00814828 0.00828019 0.00867803 0.00880948 0.00888517 0.00910853 0.0092975 0.00833544 0.0081314 0.00806692 0.00810269 0.00816018 0.0082321 0.00833762 0.00831334 0.00881179 0.0084596 0.00891648 0.00835266 0.00825148 0.00836372 0.00832925 0.00875544 0.00836869 0.00831856 0.00834647 0.00860413 0.00830426 0.00833093 0.008319 0.00851547 0.00814264 0.0081922 0.0086826 0.00841366 0.00836767 0.00833337 0.00826225 0.00829146 0.00850876 0.00826562 0.00858282 0.00836201 0.00857941 0.00861105 0.008776 0.00840403 0.00839516 0.00837401 0.00834524 0.00853457 0.00858007 0.00841024 0.00860737 0.00871451 0.00863575 0.0086423 0.00869139 0.00883316 
0.0035363 0 0.00337911 0.00338082 0.0034072 0.0321443 0.853532 0.0291849 0.0997517 0.0252806 0.0168931 0.010264 0.0124897 0.0133325 0.0149384 0.0205591 0.0126224 0.0161234 0.0135479 0.0124581 0.0118897 0.00978406 0.00996414 0.0111047 0.0100495 0.01047 0.00865133 0.00880556 0.00963495 0.00968114 0.00993062 0.00950964 0.00972624 0.00986604 0.0108014 0.00959321 0.0092724 0.00818624 0.00857696 0.00830035 0.00828883 0.00969809 0.0093197 0.00932698 0.00905713 0.00803984 0.00836875 0.00837351 0.00840872 0.00868521 0.00859957 0.00873378 0.00876001 0.00855472 0.00870853 0.00833582 0.00840475 0.0086565 0.00872579 0.00847779 0.00838412 0.00842145 0.00871846 0.00852224 0.00837689 0.00837508 0.00860643 0.00852959 0.00837607 0.00823055 0.00822551 0.00826495 0.00857914 0.00841796 0.00844493 0.00841879 0.00847403 0.00845242 0.00846326 0.00852058 0.00846793 0.00842154 0.00842916 0.00838245 0.00881114 0.00854238 0.00846129 0.00857211 0.00835909 0.00877238 0.00843385 0.0086222 0.00890325 0.00879747 0.00874916 0.00879596 0.00864922 
0.00333403 0.00337911 0 0.00335205 0.00325731 0.109086 0.04236 0.714592 0.104807 0.0594904 0.0116091 0.00954657 0.011738 0.0208554 0.0371743 0.0352316 0.0361698 0.0285616 0.0301765 0.0359032 0.0125584 0.00961583 0.01057 0.016397 0.0152877 0.0101077 0.00955613 0.00883049 0.0105046 0.0155489 0.0129247 0.0122087 0.0124363 0.0130767 0.0155181 0.01073 0.00949217 0.00859122 0.00871912 0.00831871 0.00820729 0.00949672 0.010204 0.0104314 0.00947991 0.00813604 0.00846326 0.0088024 0.00874192 0.009092 0.00897803 0.00953384 0.00934536 0.00951037 0.00867668 0.00836931 0.00852811 0.00898275 0.00919757 0.00876654 0.00834132 0.00861573 0.00899156 0.00880518 0.00833168 0.0083981 0.00882497 0.00892028 0.00834817 0.0082102 0.00813742 0.00844799 0.00854115 0.00860761 0.00858942 0.00859093 0.00856268 0.00875347 0.00866831 0.00898806 0.00860239 0.00868834 0.00835543 0.00849948 0.00868357 0.00864996 0.00852764 0.0085737 0.00846785 0.00860916 0.00839622 0.00876521 0.00927662 0.00906864 0.00897214 0.00891531 0.00856033 
0.00353892 0.00338082 0.00335205 0 0.00358938 0.0220569 0.0721524 0.0608342 0.633043 0.145923 0.0402441 0.0130292 0.0125615 0.0184228 0.0235176 0.026129 0.0248853 0.0260381 0.0232757 0.0264701 0.0207523 0.00979243 0.0112868 0.0159946 0.0125768 0.0117916 0.00882086 0.00931753 0.0102862 0.0144327 0.0121306 0.012585 0.0112473 0.0114686 0.0123092 0.0152424 0.00934811 0.00850047 0.00846351 0.00845796 0.00814249 0.00962003 0.00962645 0.0115078 0.00930646 0.00817472 0.00857784 0.00860763 0.00874303 0.00892655 0.00892798 0.00920654 0.00930763 0.00903914 0.00889795 0.00829806 0.00861144 0.00905138 0.0092373 0.00897464 0.00822978 0.00866074 0.00921441 0.00906174 0.00832471 0.00855232 0.00922346 0.00925577 0.00855473 0.00828399 0.00815065 0.00840512 0.00861329 0.00853698 0.00854362 0.00857442 0.00859426 0.00865443 0.00873301 0.00870737 0.00860563 0.00859499 0.0084305 0.00859914 0.00868287 0.00859841 0.00854313 0.0085591 0.00860188 0.00843162 0.00848124 0.00906039 0.00940848 0.00931822 0.00925434 0.00927546 0.00867448 
0.00449189 0.0034072 0.00325731 0.00358938 0 0.0232789 0.0297529 0.0399597 0.0362031 0.542307 0.167268 0.0329904 0.020565 0.0109944 0.0111307 0.0143716 0.0113241 0.0119554 0.0122681 0.0115271 0.011198 0.0136116 0.0152549 0.0104298 0.00964543 0.00931333 0.00995518 0.0114807 0.009281 0.00934411 0.00943883 0.00969353 0.0095821 0.009211 0.0102188 0.00958707 0.0122562 0.00905533 0.00830222 0.00818596 0.00873137 0.00988708 0.00903329 0.0099574 0.0109814 0.00841085 0.00830149 0.00840017 0.00828716 0.00872344 0.00855862 0.00888987 0.00899105 0.00888236 0.00851739 0.00838538 0.00931995 0.0089265 0.00890912 0.00855101 0.00853757 0.00925003 0.00888987 0.00866972 0.00851064 0.00893085 0.00900575 0.00857917 0.00876736 0.00843003 0.00819793 0.0087356 0.00838327 0.00831099 0.00834979 0.00835965 0.00836855 0.00828762 0.00837605 0.00833656 0.00832196 0.00835727 0.00855105 0.00890829 0.00849806 0.00834864 0.00831261 0.00837537 0.00826687 0.00840375 0.00882768 0.00868805 0.00876288 0.00866485 0.00886323 0.00858398 0.00859919 
0.799237 0.0321443 0.109086 0.0220569 0.0232789 0 0.00328219 0.00329581 0.00329899 0.0035486 0.0043003 0.0223053 0.0156327 0.0103325 0.00998574 0.00934959 0.0107476 0.00918891 0.00952439 0.00987391 0.00965899 0.0135505 0.00956895 0.00920668 0.00878497 0.00897521 0.0163558 0.00855272 0.00848916 0.00871237 0.0085311 0.00869897 0.0084845 0.00880993 0.0087231 0.0102913 0.0102418 0.0102504 0.00813407 0.00863774 0.00905706 0.00852605 0.00893969 0.00880502 0.00958506 0.00877312 0.00799895 0.00804226 0.0082107 0.00812314 0.00860581 0.00823637 0.00840486 0.00867644 0.0081726 0.00941909 0.00841056 0.008175 0.00823672 0.00816244 0.00864656 0.008507 0.00816696 0.00814134 0.00850668 0.0085891 0.00819941 0.00819168 0.00837587 0.00833673 0.0081099 0.00881693 0.00811059 0.00828478 0.00812645 0.00808401 0.00808812 0.00813078 0.00810654 0.00810021 0.00821736 0.00807212 0.00835446 0.00909444 0.00818725 0.00820581 0.00814066 0.00811995 0.00840144 0.0082888 0.00832437 0.00837439 0.00826573 0.00826473 0.00823111 0.00815228 0.00836252 
0.0209368 0.853532 0.04236 0.0721524 0.0297529 0.00328219 0 0.00323285 0.00326739 0.00333153 0.0035557 0.0127475 0.0219446 0.0165956 0.0138685 0.0257415 0.0115146 0.0192386 0.0154848 0.0121234 0.0123387 0.0101545 0.0110587 0.0105353 0.0112947 0.0104233 0.00897257 0.00935766 0.0102413 0.0100683 0.010941 0.0105949 0.0112486 0.0101279 0.0138947 0.00944683 0.00976053 0.00806944 0.00895535 0.00826997 0.0082291 0.0101815 0.009737 0.00946117 0.0086171 0.00798132 0.00848184 0.00839071 0.00838692 0.00925108 0.00855107 0.00907876 0.00888956 0.0087056 0.00901385 0.00838026 0.00848452 0.0086367 0.0087492 0.00841434 0.00824559 0.00842602 0.00857069 0.0084318 0.00820759 0.00832774 0.00855111 0.0084218 0.00821751 0.00819093 0.00810046 0.00817491 0.00848185 0.00819626 0.00829975 0.00830088 0.00830107 0.00839581 0.00830841 0.00850671 0.00828844 0.00829156 0.00824507 0.00822777 0.00870355 0.00834758 0.0082668 0.00836556 0.00819541 0.00850647 0.00832615 0.00842198 0.00865522 0.00855193 0.0086173 0.00857844 0.00848464 
0.0845302 0.0291849 0.714592 0.0608342 0.0399597 0.00329581 0.00323285 0 0.00321154 0.00324288 0.00323752 0.0100243 0.0138142 0.0255549 0.0358705 0.0259774 0.0483625 0.0197777 0.0244676 0.0363275 0.0112567 0.00940278 0.0103811 0.0195676 0.0144037 0.00989321 0.00962297 0.00880548 0.0112533 0.0174454 0.0138309 0.0157849 0.0124274 0.0177091 0.0166522 0.0128195 0.00877394 0.00897309 0.00842434 0.00837095 0.00832441 0.00901181 0.010004 0.00974723 0.00878429 0.00824728 0.00827945 0.00875894 0.00946128 0.00887929 0.00925566 0.00906934 0.00942502 0.00914868 0.00858972 0.00843539 0.00839807 0.0087533 0.00896713 0.00858779 0.00830581 0.00852947 0.00871332 0.00852478 0.00825741 0.00827639 0.00864397 0.00854277 0.0082774 0.00811736 0.00813753 0.00829297 0.0082752 0.00834765 0.00828834 0.00832257 0.00830413 0.00840949 0.00838872 0.00841469 0.00838893 0.00832925 0.00824104 0.00826165 0.00837309 0.00840717 0.00830088 0.00840115 0.00819339 0.00838372 0.00821488 0.00851037 0.00878451 0.00873621 0.00859811 0.0084875 0.00835745 
0.0173682 0.0997517 0.104807 0.633043 0.0362031 0.00329899 0.00326739 0.00321154 0 0.00320184 0.00321622 0.0114406 0.0172339 0.0320176 0.0528693 0.0588555 0.0269595 0.0452857 0.0378773 0.0322066 0.0163361 0.0101233 0.0111883 0.0180607 0.0264385 0.0118037 0.00932877 0.0093302 0.0122127 0.0218917 0.0199631 0.0177187 0.0199452 0.0164764 0.0279825 0.0118918 0.0100992 0.00835917 0.00885791 0.00829956 0.00829212 0.00936818 0.0105222 0.0118057 0.00888618 0.00811849 0.00859079 0.00900369 0.00894189 0.00947836 0.00905607 0.00985387 0.00989129 0.00892005 0.00899695 0.00844347 0.00847449 0.00905709 0.00941999 0.00880305 0.00848762 0.00848831 0.00897253 0.00881081 0.00841028 0.00839513 0.00884537 0.00880095 0.0083489 0.00810694 0.00813834 0.00815447 0.00839154 0.00832846 0.00849443 0.00839895 0.00841665 0.00848231 0.00847298 0.00860481 0.00846318 0.00846743 0.00829008 0.00819912 0.00860528 0.00843708 0.00834529 0.00843129 0.00824577 0.00830014 0.00829156 0.00858702 0.00893202 0.00887605 0.00873761 0.00876403 0.00839331 
0.0293052 0.0252806 0.0594904 0.145923 0.542307 0.0035486 0.00333153 0.00324288 0.00320184 0 0.00328161 0.016946 0.0149779 0.0234408 0.0199494 0.0162768 0.0228139 0.0164363 0.0151103 0.0150787 0.0166538 0.00992447 0.0114225 0.016727 0.0105827 0.0105588 0.00921666 0.0090674 0.0108471 0.0114952 0.0106446 0.0109363 0.0107016 0.0108503 0.0106274 0.0126612 0.0091831 0.00885652 0.00841363 0.008384 0.00817481 0.00906643 0.0094896 0.00966756 0.00883422 0.00811238 0.00834074 0.00839241 0.00837876 0.00862022 0.00851161 0.00871291 0.00869403 0.0087458 0.00845552 0.0082691 0.00848246 0.00861218 0.00884266 0.00844742 0.0082174 0.00856012 0.00859672 0.0084503 0.00817788 0.00833389 0.00857527 0.00851189 0.00837141 0.00807523 0.00803799 0.0082848 0.00824945 0.00815426 0.0082578 0.00828447 0.00820666 0.00827906 0.0082574 0.00828311 0.00823968 0.00829538 0.00815772 0.00826617 0.00830182 0.00825306 0.0082171 0.00826867 0.00815624 0.00821195 0.00824784 0.00846317 0.00857594 0.00851473 0.00844526 0.00843732 0.00827054 
0.0215405 0.0168931 0.0116091 0.0402441 0.167268 0.0043003 0.0035557 0.00323752 0.00321622 0.00328161 0 0.0483392 0.0199812 0.0122056 0.0111465 0.0136414 0.0109594 0.0111457 0.0106594 0.0100529 0.0103857 0.0125437 0.0139131 0.00979244 0.00918957 0.00889123 0.00897499 0.0115166 0.00898227 0.00869414 0.0089771 0.00901947 0.00888331 0.00899132 0.00921296 0.00896964 0.0105456 0.00904339 0.00834289 0.00821913 0.00830795 0.00985856 0.00862252 0.00883099 0.00875434 0.00832739 0.00820888 0.00822568 0.0080956 0.00825681 0.00825662 0.00832862 0.00829464 0.00829845 0.00824201 0.00821341 0.00922774 0.00830684 0.00831454 0.00821156 0.00825408 0.00885032 0.00829697 0.00814906 0.00825321 0.00865409 0.00824447 0.00818078 0.00828669 0.00819844 0.0081113 0.00875122 0.00821017 0.00813446 0.00824259 0.00823249 0.00816775 0.00818164 0.00820542 0.00818953 0.00812909 0.0082295 0.0083288 0.00863406 0.00837877 0.00816031 0.00819688 0.0082191 0.00811066 0.00846924 0.00862984 0.0083853 0.00837369 0.0083155 0.00826633 0.00828573 0.00834344 
0.0136241 0.010264 0.00954657 0.0130292 0.0329904 0.0223053 0.0127475 0.0100243 0.0114406 0.016946 0.0483392 0 0.0188187 0.0098505 0.0111109 0.0118006 0.0116385 0.0103702 0.0104332 0.0112937 0.0116468 0.0190104 0.0118604 0.00887952 0.00862158 0.00943772 0.0118351 0.00931343 0.00838992 0.00830729 0.00838484 0.00842171 0.00838293 0.00839995 0.00859347 0.00952242 0.0126244 0.00887861 0.00813912 0.00810144 0.00869993 0.00941789 0.00830495 0.00875446 0.00980575 0.00829128 0.00804144 0.00811349 0.00806 0.00811342 0.00808465 0.00819352 0.00818321 0.00822473 0.00818773 0.00908154 0.00895491 0.00810966 0.00811731 0.00819055 0.00872284 0.00868965 0.00810522 0.00812679 0.00866213 0.00871671 0.0081189 0.00820725 0.00871078 0.00821583 0.00811905 0.00847587 0.00808757 0.00807282 0.00809853 0.00807414 0.00805979 0.008096 0.00812607 0.00810373 0.00804586 0.00807181 0.00836761 0.00843985 0.00812019 0.00806696 0.00808855 0.00809663 0.00803358 0.00834507 0.00838509 0.00814889 0.00819992 0.00819619 0.00818297 0.00817327 0.00853798 
0.0122772 0.0124897 0.011738 0.0125615 0.020565 0.0156327 0.0219446 0.0138142 0.0172339 0.0149779 0.0199812 0.0188187 0 0.00337498 0.00326309 0.00329341 0.00333656 0.00329069 0.00339305 0.00420922 0.00480098 0.0146158 0.0240696 0.0119439 0.0127285 0.0116006 0.0211428 0.0148549 0.011164 0.0103763 0.0104166 0.0103836 0.0109869 0.0106541 0.0108724 0.0121732 0.0876505 0.00901132 0.0087259 0.00863592 0.0124338 0.0122512 0.0100682 0.0105864 0.0135509 0.00829812 0.008248 0.00842168 0.00846408 0.0086897 0.00939391 0.00879332 0.0092718 0.00886642 0.0094157 0.0105021 0.00903441 0.00861503 0.00879986 0.00856181 0.0107643 0.00893253 0.00859154 0.00843403 0.00942679 0.0087839 0.00838228 0.00852235 0.00915946 0.00807658 0.00817059 0.0080741 0.00805553 0.00806126 0.00807985 0.00810706 0.00804389 0.00816537 0.0080998 0.00815324 0.00840522 0.00814662 0.00845313 0.00824394 0.00804082 0.00801495 0.00802693 0.00809683 0.00803147 0.00827864 0.00840404 0.00815959 0.00831438 0.00826768 0.00819195 0.00812722 0.00837836 
0.0101078 0.0133325 0.0208554 0.0184228 0.0109944 0.0103325 0.0165956 0.0255549 0.0320176 0.0234408 0.0122056 0.0098505 0.00337498 0 0.00324636 0.00324764 0.00325594 0.00324759 0.00342077 0.00348464 0.00967901 0.00585945 0.0171753 0.0246261 0.0135946 0.0156772 0.0103911 0.0109402 0.0181235 0.0146163 0.0138106 0.0141418 0.0133972 0.0145729 0.0206147 0.090068 0.0109163 0.00878581 0.00896436 0.00886317 0.00877693 0.0103761 0.0155585 0.0140632 0.00976465 0.00823826 0.00840353 0.00866019 0.00899227 0.00949655 0.00998328 0.0102218 0.0100191 0.00988689 0.0091951 0.00885881 0.00853708 0.00926809 0.00921001 0.00917172 0.00868821 0.00859842 0.00904279 0.0087601 0.00842413 0.00833271 0.00881882 0.00878931 0.00846496 0.00815988 0.0081228 0.00807953 0.00824224 0.00816827 0.00826141 0.00825572 0.00824848 0.00840053 0.0083198 0.00856244 0.00830982 0.00831103 0.00821476 0.00801241 0.00835253 0.00820012 0.00815999 0.00833334 0.00810797 0.00818091 0.00806897 0.00831373 0.00873859 0.00856931 0.00845116 0.00843695 0.00823551 
0.0108235 0.0149384 0.0371743 0.0235176 0.0111307 0.00998574 0.0138685 0.0358705 0.0528693 0.0199494 0.0111465 0.0111109 0.00326309 0.00324636 0 0.00321451 0.00320453 0.00321447 0.00322535 0.00574665 0.00338562 0.00414427 0.0123044 0.0167961 0.0194153 0.0124799 0.00984741 0.0102163 0.0161237 0.0338289 0.0252668 0.0241392 0.0188096 0.0305593 0.117714 0.0171985 0.0113466 0.00887169 0.0094913 0.00871208 0.00841552 0.0106372 0.0201301 0.0155652 0.010051 0.0083319 0.00845761 0.0101539 0.0114231 0.0115783 0.0131667 0.0137059 0.015991 0.0118155 0.00998536 0.00847847 0.00877832 0.00976277 0.0114446 0.00957306 0.00852484 0.00870143 0.00978776 0.00892123 0.00839661 0.0084858 0.00917083 0.00896954 0.00849027 0.00811001 0.00804775 0.00813769 0.008304 0.00822432 0.00833367 0.00832206 0.00834301 0.0084572 0.00847078 0.00848026 0.00866868 0.00836269 0.00834679 0.00812338 0.00835166 0.00824346 0.00817847 0.00838705 0.0081008 0.00820227 0.00816009 0.0083003 0.00883429 0.00874286 0.00856646 0.00851614 0.00831474 
0.0108371 0.0205591 0.0352316 0.026129 0.0143716 0.00934959 0.0257415 0.0259774 0.0588555 0.0162768 0.0136414 0.0118006 0.00329341 0.00324764 0.00321451 0 0.00321039 0.00321155 0.00326913 0.00329311 0.00325592 0.00343763 0.0138118 0.0199801 0.0171979 0.0112637 0.0116559 0.0104573 0.0174493 0.0315242 0.028928 0.0221051 0.0300733 0.11927 0.0458649 0.0169946 0.013649 0.0087968 0.0100179 0.00879902 0.00871981 0.011553 0.0177941 0.0223046 0.0112116 0.00830926 0.00900411 0.0111618 0.0119466 0.0143011 0.0138026 0.015801 0.0169554 0.0124776 0.0108011 0.00862179 0.00875321 0.010085 0.0123593 0.00985751 0.00879979 0.00880478 0.00987831 0.00915107 0.00881332 0.00863182 0.00952069 0.00914741 0.00865971 0.00811326 0.00805794 0.00813522 0.0083055 0.00829402 0.0084401 0.00848336 0.00835311 0.00882684 0.00848036 0.00882996 0.00838543 0.00861947 0.00818649 0.00812645 0.00839562 0.00825969 0.00826891 0.00840912 0.00818115 0.00817378 0.00820915 0.00843196 0.00887346 0.00881426 0.00858962 0.00846147 0.00829539 
0.0125977 0.0126224 0.0361698 0.0248853 0.0113241 0.0107476 0.0115146 0.0483625 0.0269595 0.0228139 0.0109594 0.0116385 0.00333656 0.00325594 0.00320453 0.00321039 0 0.00319957 0.00323047 0.00324914 0.0032168 0.00326475 0.0142438 0.0174284 0.0133747 0.0136162 0.0339928 0.010625 0.015316 0.0297012 0.0225992 0.0309936 0.10826 0.0307232 0.0263715 0.0231995 0.011537 0.00904892 0.0089903 0.00892667 0.00852954 0.0103941 0.0195508 0.0187433 0.010985 0.00859645 0.00860316 0.0104946 0.0135992 0.0124703 0.0151597 0.0138512 0.0152987 0.01489 0.0100307 0.00883003 0.00891208 0.00989596 0.0111942 0.00980903 0.0086315 0.00875386 0.00964427 0.00942977 0.00858867 0.00851322 0.00936694 0.00901582 0.00861603 0.00812769 0.00807459 0.00812245 0.00832239 0.00839301 0.00863406 0.00836241 0.00854297 0.00843653 0.00842293 0.00847875 0.00878964 0.00832052 0.00832355 0.00812186 0.00833479 0.00829943 0.00816531 0.0084743 0.00814242 0.00813938 0.00825864 0.00835006 0.00906734 0.00874589 0.00855817 0.00843243 0.00825339 
0.0104656 0.0161234 0.0285616 0.0260381 0.0119554 0.00918891 0.0192386 0.0197777 0.0452857 0.0164363 0.0111457 0.0103702 0.00329069 0.00324759 0.00321447 0.00321155 0.00319957 0 0.0031882 0.0032309 0.00322435 0.0032412 0.0131329 0.0145935 0.0276038 0.018828 0.0290163 0.0100775 0.0152893 0.0255447 0.0259319 0.107005 0.0253582 0.022858 0.0369923 0.0168973 0.0133598 0.00872264 0.0100116 0.00881111 0.00882343 0.0110517 0.0159741 0.0191818 0.0109963 0.00825184 0.00879802 0.0112405 0.0115433 0.0144512 0.0138726 0.0147524 0.0162401 0.0129603 0.0111471 0.00893558 0.00873955 0.00978823 0.0127561 0.0100489 0.00911912 0.00881184 0.00965773 0.00958047 0.00856926 0.00866904 0.0091478 0.00914175 0.00860909 0.00807687 0.00805847 0.0081217 0.0083804 0.00856696 0.0082484 0.00874445 0.00825076 0.00879614 0.00834373 0.00873737 0.00844804 0.00857605 0.00816915 0.00807783 0.00851005 0.00819155 0.00830252 0.00844291 0.00812686 0.00815433 0.00821503 0.00855328 0.00879652 0.00878884 0.008603 0.00845162 0.00830667 
0.0105198 0.0135479 0.0301765 0.0232757 0.0122681 0.00952439 0.0154848 0.0244676 0.0378773 0.0151103 0.0106594 0.0104332 0.00339305 0.00342077 0.00322535 0.00326913 0.00323047 0.0031882 0 0.0031951 0.00324048 0.0032329 0.0115056 0.0227742 0.0256965 0.0691989 0.0122892 0.0101286 0.0135931 0.025545 0.110208 0.022048 0.0181454 0.0256026 0.0334294 0.0182335 0.0121739 0.00912623 0.00937764 0.00885536 0.00900623 0.0110371 0.0165997 0.0187707 0.0109114 0.00827419 0.00870553 0.0121181 0.0123619 0.0135672 0.0131641 0.0141477 0.0154769 0.0124822 0.0102002 0.00871331 0.00907274 0.0101022 0.0114498 0.00953081 0.00894354 0.00874036 0.00974935 0.00907975 0.00849629 0.00855305 0.00912575 0.00892127 0.00851488 0.00807964 0.00810209 0.00810423 0.00852912 0.00815352 0.00866561 0.00827979 0.00827307 0.00836857 0.00836105 0.00843454 0.00841578 0.00829965 0.00816923 0.00804392 0.00831385 0.00819706 0.00816364 0.00829387 0.00812192 0.00812261 0.00824202 0.00827073 0.00895918 0.00859855 0.00850931 0.00837228 0.00820924 
0.0100075 0.0124581 0.0359032 0.0264701 0.0115271 0.00987391 0.0121234 0.0363275 0.0322066 0.0150787 0.0100529 0.0112937 0.00420922 0.00348464 0.00574665 0.00329311 0.00324914 0.0032309 0.0031951 0 0.00321596 0.00321965 0.0127999 0.0291246 0.0885375 0.0218456 0.0113104 0.00989531 0.0154551 0.124785 0.0216086 0.0210416 0.0198764 0.0302581 0.0347633 0.0198879 0.010747 0.00921656 0.00960459 0.00947208 0.008519 0.0102314 0.019069 0.0189783 0.0111858 0.00835973 0.00901994 0.0108659 0.012643 0.0113522 0.0129691 0.0127623 0.0133131 0.0134281 0.00968336 0.00870646 0.00873925 0.0099741 0.0120349 0.00961439 0.00869432 0.00876015 0.00975256 0.00934799 0.00854194 0.00855343 0.00931116 0.00904425 0.00862858 0.0081421 0.00812208 0.00836144 0.00830143 0.00863291 0.00839715 0.00841113 0.00839124 0.00855183 0.00858263 0.00845603 0.00848534 0.00833039 0.00818461 0.00813828 0.00841631 0.00830436 0.00824937 0.00848966 0.00819364 0.00819261 0.00817938 0.00858327 0.0088409 0.00884587 0.00859377 0.00842971 0.00826956 
0.00989281 0.0118897 0.0125584 0.0207523 0.011198 0.00965899 0.0123387 0.0112567 0.0163361 0.0166538 0.0103857 0.0116468 0.00480098 0.00967901 0.00338562 0.00325592 0.0032168 0.00322435 0.00324048 0.00321596 0 0.00330146 0.0195725 0.0697111 0.0232955 0.0232161 0.00975394 0.0105315 0.10519 0.0156545 0.0140717 0.0131342 0.0130133 0.0124968 0.0161568 0.0291133 0.0124609 0.00932786 0.00950411 0.00926447 0.00861482 0.0102185 0.013222 0.0251051 0.011345 0.00840212 0.00869968 0.00934661 0.00958686 0.00971635 0.00962856 0.00968438 0.00981896 0.00923247 0.00981116 0.00848146 0.00889116 0.00928498 0.00931867 0.00948252 0.00852483 0.0088516 0.009002 0.00906763 0.00830131 0.00850788 0.00875526 0.00909882 0.00840973 0.00809863 0.00814546 0.00815072 0.00825083 0.00815023 0.00826584 0.00819239 0.00828752 0.00832396 0.00834109 0.00830584 0.0082446 0.00831282 0.00811218 0.00810267 0.00832271 0.00819156 0.00818113 0.00828655 0.00811796 0.0080402 0.00817546 0.00833064 0.00861229 0.00846887 0.00837219 0.00833757 0.00812388 
0.0119605 0.00978406 0.00961583 0.00979243 0.0136116 0.0135505 0.0101545 0.00940278 0.0101233 0.00992447 0.0125437 0.0190104 0.0146158 0.00585945 0.00414427 0.00343763 0.00326475 0.0032412 0.0032329 0.00321965 0.00330146 0 0.0375064 0.0156425 0.0141082 0.0127654 0.0240559 0.111215 0.0103535 0.00979198 0.00972597 0.0096549 0.0097631 0.00991682 0.00999179 0.0104459 0.0252223 0.0137391 0.00896614 0.00866731 0.00916723 0.0139226 0.0100298 0.00990806 0.0136689 0.0087005 0.00841074 0.00846519 0.0088732 0.0088447 0.00890089 0.00876898 0.00880946 0.00864321 0.00871058 0.00889068 0.0102888 0.00874713 0.00867312 0.00852465 0.00860603 0.010671 0.00848696 0.00838326 0.00871731 0.00924051 0.00837553 0.0083506 0.00880423 0.00833538 0.00810093 0.0087567 0.00811219 0.00810458 0.0081276 0.008224 0.00813145 0.00813875 0.00835663 0.0081493 0.00810303 0.0081067 0.00822781 0.00862171 0.00823189 0.008118 0.00806393 0.00819938 0.00802562 0.0082136 0.00849024 0.00828889 0.00833205 0.00831999 0.00822211 0.00814982 0.00822938 
0.0099741 0.00996414 0.01057 0.0112868 0.0152549 0.00956895 0.0110587 0.0103811 0.0111883 0.0114225 0.0139131 0.0118604 0.0240696 0.0171753 0.0123044 0.0138118 0.0142438 0.0131329 0.0115056 0.0127999 0.0195725 0.0375064 0 0.00327192 0.00325314 0.00331188 0.00382636 0.0226039 0.0103756 0.0111332 0.0114685 0.028463 0.0250365 0.0131816 0.0122799 0.0141215 0.0300225 0.0109242 0.00971574 0.0094463 0.0146217 0.0195936 0.0146238 0.0136076 0.0187995 0.00868635 0.00879829 0.00918352 0.00895781 0.0098467 0.0096551 0.00971516 0.0105704 0.0100387 0.0100789 0.0120675 0.00994726 0.00953797 0.00936473 0.00944391 0.0123795 0.00924366 0.00918728 0.00914189 0.0106755 0.00889872 0.00879908 0.0092313 0.00981984 0.00817221 0.00826107 0.00806817 0.00810905 0.00811678 0.00813909 0.0082329 0.00811912 0.00829129 0.00818181 0.00840603 0.00814502 0.00829721 0.00837439 0.00809856 0.00810573 0.00807692 0.00807329 0.00813372 0.00805951 0.00826604 0.00838579 0.0081395 0.00838728 0.00825781 0.00826295 0.00818991 0.00826198 
0.00933537 0.0111047 0.016397 0.0159946 0.0104298 0.00920668 0.0105353 0.0195676 0.0180607 0.016727 0.00979244 0.00887952 0.0119439 0.0246261 0.0167961 0.0199801 0.0174284 0.0145935 0.0227742 0.0291246 0.0697111 0.0156425 0.00327192 0 0.00319697 0.00325037 0.00325201 0.0133021 0.0212133 0.0221916 0.0433212 0.0265685 0.0167675 0.016571 0.0160086 0.0269515 0.0122454 0.0100645 0.0101192 0.0111137 0.00964079 0.0145071 0.0335837 0.0267166 0.0133481 0.00854543 0.00912005 0.00997338 0.0116946 0.0110702 0.0141833 0.0129923 0.0155539 0.0152003 0.0113786 0.00973521 0.00946024 0.0117799 0.011453 0.0115083 0.00910667 0.00930827 0.0105651 0.0102732 0.00891304 0.00863747 0.00979355 0.00971975 0.00895685 0.00833331 0.00812848 0.00812917 0.00836157 0.00828731 0.00838241 0.00837604 0.00840422 0.00846404 0.00862405 0.00851218 0.0085205 0.00839162 0.00824547 0.00807118 0.00843902 0.00823954 0.00825466 0.00843489 0.00823046 0.0081701 0.00820069 0.0084948 0.00893387 0.00886923 0.0086015 0.0085646 0.00822837 
0.00959581 0.0100495 0.0152877 0.0125768 0.00964543 0.00878497 0.0112947 0.0144037 0.0264385 0.0105827 0.00918957 0.00862158 0.0127285 0.0135946 0.0194153 0.0171979 0.0133747 0.0276038 0.0256965 0.0885375 0.0232955 0.0141082 0.00325314 0.00319697 0 0.00326832 0.00321625 0.0101794 0.0179314 0.106982 0.026742 0.0187041 0.0131673 0.0130089 0.0267821 0.0124688 0.0110079 0.0093076 0.0110944 0.00935026 0.00909839 0.0111531 0.0199274 0.0213718 0.010978 0.00839923 0.00881397 0.0129962 0.0109182 0.0142561 0.0137153 0.0159866 0.0172072 0.0135318 0.0105799 0.00914868 0.00902873 0.0102163 0.0157606 0.00917843 0.00896249 0.00876827 0.0104064 0.00924776 0.00862511 0.00862738 0.00938811 0.00911006 0.00859041 0.00810481 0.00804687 0.00825728 0.00826718 0.00832719 0.00829677 0.00846174 0.00823953 0.00854939 0.00838468 0.0084743 0.00846561 0.00836272 0.00822057 0.00808293 0.00834899 0.00818277 0.00816205 0.00838495 0.0081599 0.00815536 0.00820211 0.00833747 0.00892111 0.00871876 0.00866944 0.00833462 0.00821448 
0.00951315 0.01047 0.0101077 0.0117916 0.00931333 0.00897521 0.0104233 0.00989321 0.0118037 0.0105588 0.00889123 0.00943772 0.0116006 0.0156772 0.0124799 0.0112637 0.0136162 0.018828 0.0691989 0.0218456 0.0232161 0.0127654 0.00331188 0.00325037 0.00326832 0 0.00322528 0.0145731 0.0543709 0.0297957 0.0415978 0.010918 0.0111694 0.0155262 0.0147098 0.0244102 0.0120915 0.010366 0.0108108 0.00924152 0.00875964 0.0116377 0.0165221 0.0195794 0.0112273 0.00843238 0.00931245 0.00900413 0.0103423 0.00976125 0.0101561 0.0100222 0.010465 0.00959799 0.0108191 0.00851373 0.00922943 0.0105643 0.00978317 0.00975757 0.00874216 0.00951579 0.00936337 0.00941063 0.00862234 0.0087427 0.00901148 0.00905955 0.00864469 0.00820447 0.00826579 0.00817551 0.00831792 0.00816733 0.00835507 0.00819193 0.00831542 0.00833007 0.00824393 0.00827183 0.00825082 0.00835832 0.00816059 0.00814014 0.00830188 0.00817178 0.00811571 0.00822842 0.00814141 0.00806445 0.00808277 0.00855298 0.00850182 0.00850152 0.00831985 0.0082756 0.008102 
0.0115742 0.00865133 0.00955613 0.00882086 0.00995518 0.0163558 0.00897257 0.00962297 0.00932877 0.00921666 0.00897499 0.0118351 0.0211428 0.0103911 0.00984741 0.0116559 0.0339928 0.0290163 0.0122892 0.0113104 0.00975394 0.0240559 0.00382636 0.00325201 0.00321625 0.00322528 0 0.0228957 0.0165347 0.0232859 0.0102134 0.0115303 0.0115787 0.0106002 0.0105694 0.0140751 0.0182349 0.0186583 0.0091212 0.00915528 0.00923234 0.0154771 0.0105909 0.0103457 0.0160251 0.0115597 0.00831904 0.00917871 0.00891678 0.00897793 0.0092022 0.00950994 0.00890034 0.0096565 0.00851131 0.0110081 0.0134188 0.00913719 0.00881533 0.00873296 0.00872487 0.0130846 0.00862335 0.00846599 0.00853502 0.0107632 0.00875824 0.0084513 0.00886275 0.0086971 0.00807883 0.00990656 0.00812219 0.00822818 0.00819616 0.0084115 0.00820259 0.00822113 0.00834072 0.00824664 0.0082391 0.00821403 0.0081555 0.00913647 0.00815851 0.00813197 0.00809832 0.0082543 0.00808966 0.00813023 0.00852445 0.00833795 0.00839589 0.00841828 0.00836472 0.00812568 0.00816332 
0.00861923 0.00880556 0.00883049 0.00931753 0.0114807 0.00855272 0.00935766 0.00880548 0.0093302 0.0090674 0.0115166 0.00931343 0.0148549 0.0109402 0.0102163 0.0104573 0.010625 0.0100775 0.0101286 0.00989531 0.0105315 0.111215 0.0226039 0.0133021 0.0101794 0.0145731 0.0228957 0 0.00328371 0.0032032 0.00321105 0.00321399 0.00323914 0.00342971 0.0039953 0.00512236 0.0104102 0.0269634 0.0101406 0.00982839 0.0192378 0.0223889 0.0122948 0.0119122 0.0204541 0.00882282 0.0089194 0.0088675 0.00886277 0.00943183 0.00972121 0.0094348 0.010183 0.00956125 0.0125066 0.0132131 0.0106371 0.00897028 0.00923737 0.00892179 0.01578 0.00962561 0.00903487 0.0087446 0.01124 0.00923591 0.00866461 0.00899294 0.0102066 0.0081925 0.00827388 0.00810765 0.00804556 0.00807385 0.00809743 0.00807614 0.00810184 0.00817113 0.0080945 0.00826673 0.00826222 0.00813141 0.00845869 0.00805331 0.00806579 0.008052 0.00804652 0.00805252 0.00796073 0.00825572 0.00822748 0.00808749 0.00822332 0.00824487 0.00814926 0.00810884 0.0081578 
0.00877311 0.00963495 0.0105046 0.0102862 0.009281 0.00848916 0.0102413 0.0112533 0.0122127 0.0108471 0.00898227 0.00838992 0.011164 0.0181235 0.0161237 0.0174493 0.015316 0.0152893 0.0135931 0.0154551 0.10519 0.0103535 0.0103756 0.0212133 0.0179314 0.0543709 0.0165347 0.00328371 0 0.00319843 0.00321019 0.00319941 0.00318104 0.00331136 0.00355897 0.00759942 0.0042298 0.0141378 0.0346636 0.0125807 0.00967374 0.0170347 0.0383803 0.0279048 0.0111302 0.00871188 0.0103403 0.0112402 0.0111938 0.0129954 0.0147614 0.013894 0.0178964 0.0166213 0.0133755 0.00988343 0.00977984 0.0139351 0.0122252 0.0123507 0.00957416 0.00965308 0.0120031 0.0111044 0.00897553 0.00874023 0.0101276 0.0105373 0.00904328 0.00829792 0.00818846 0.00810195 0.00830777 0.00818874 0.0083128 0.00828782 0.00837276 0.00868972 0.00852182 0.00890707 0.00837737 0.00848199 0.00832022 0.00804175 0.00834982 0.00815611 0.00825367 0.00831778 0.00817341 0.00814841 0.00816233 0.00842908 0.00876826 0.00864974 0.00855833 0.00840646 0.00829156 
0.00919504 0.00968114 0.0155489 0.0144327 0.00934411 0.00871237 0.0100683 0.0174454 0.0218917 0.0114952 0.00869414 0.00830729 0.0103763 0.0146163 0.0338289 0.0315242 0.0297012 0.0255447 0.025545 0.124785 0.0156545 0.00979198 0.0111332 0.0221916 0.106982 0.0297957 0.0232859 0.0032032 0.00319843 0 0.00318304 0.00319668 0.00322116 0.00327953 0.00370811 0.00347641 0.00371242 0.016667 0.0172724 0.0137862 0.00930953 0.0131037 0.03926 0.0323598 0.0139772 0.00880981 0.0100263 0.0189473 0.0228297 0.0199486 0.0276505 0.0331044 0.0383277 0.0346742 0.0129556 0.00952141 0.0102279 0.0156262 0.0332071 0.0127799 0.00919222 0.00955674 0.0153306 0.0127947 0.00917901 0.00898174 0.0129733 0.0113865 0.00917011 0.00811403 0.00810483 0.00821048 0.0083768 0.00862484 0.00864331 0.00862179 0.00921464 0.00902148 0.00965245 0.00923359 0.00949967 0.00866325 0.00859497 0.00812866 0.00837391 0.00856475 0.00833031 0.00863566 0.00827266 0.00824671 0.00814739 0.00853509 0.00945946 0.00936907 0.00928035 0.00883143 0.00830628 
0.00893272 0.00993062 0.0129247 0.0121306 0.00943883 0.0085311 0.010941 0.0138309 0.0199631 0.0106446 0.0089771 0.00838484 0.0104166 0.0138106 0.0252668 0.028928 0.0225992 0.0259319 0.110208 0.0216086 0.0140717 0.00972597 0.0114685 0.0433212 0.026742 0.0415978 0.0102134 0.00321105 0.00321019 0.00318304 0 0.00318632 0.00322684 0.00319666 0.00330522 0.00330881 0.00335739 0.0128858 0.0160323 0.0106227 0.00984893 0.013446 0.0240979 0.0288312 0.0133365 0.0087622 0.0101383 0.0175581 0.0175991 0.0207296 0.0229022 0.0278324 0.0358362 0.0217104 0.0127186 0.00946656 0.00961528 0.0175029 0.0235985 0.0123202 0.00940893 0.00982491 0.0130423 0.0123892 0.00923697 0.0092736 0.0116461 0.0119221 0.00917979 0.00823734 0.00811516 0.0082219 0.00838264 0.00847547 0.00857471 0.00893664 0.00894863 0.00934656 0.00957387 0.0097271 0.00889071 0.00887536 0.0083002 0.00811728 0.00845341 0.00842761 0.00838413 0.00853425 0.0083033 0.00815121 0.00810816 0.00860414 0.00933918 0.00931598 0.00930155 0.00860318 0.00828821 
0.00920864 0.00950964 0.0122087 0.012585 0.00969353 0.00869897 0.0105949 0.0157849 0.0177187 0.0109363 0.00901947 0.00842171 0.0103836 0.0141418 0.0241392 0.0221051 0.0309936 0.107005 0.022048 0.0210416 0.0131342 0.0096549 0.028463 0.0265685 0.0187041 0.010918 0.0115303 0.00321399 0.00319941 0.00319668 0.00318632 0 0.00319047 0.00322788 0.00322604 0.00319099 0.00329716 0.0123293 0.0133291 0.0124551 0.00912989 0.0130396 0.0245319 0.0273577 0.0132591 0.00896967 0.0105663 0.0143938 0.0214053 0.0168729 0.0282667 0.0292375 0.0270639 0.0274173 0.0125448 0.00940321 0.0105553 0.0160193 0.0249278 0.0130542 0.00956794 0.00979326 0.0144034 0.0120205 0.00967788 0.00896537 0.0124804 0.0116896 0.00986968 0.00821067 0.00808995 0.00820682 0.00848915 0.00852214 0.00872937 0.00859564 0.00885972 0.00898053 0.00941313 0.00901283 0.00907098 0.00848175 0.0085608 0.0081289 0.00835868 0.00838165 0.00826839 0.00835857 0.00822079 0.00822862 0.00822767 0.00849147 0.00934613 0.00910129 0.00884643 0.00852202 0.00836055 
0.00862706 0.00972624 0.0124363 0.0112473 0.0095821 0.0084845 0.0112486 0.0124274 0.0199452 0.0107016 0.00888331 0.00838293 0.0109869 0.0133972 0.0188096 0.0300733 0.10826 0.0253582 0.0181454 0.0198764 0.0130133 0.0097631 0.0250365 0.0167675 0.0131673 0.0111694 0.0115787 0.00323914 0.00318104 0.00322116 0.00322684 0.00319047 0 0.00320545 0.00335567 0.00324475 0.00323434 0.0156197 0.0156789 0.0107845 0.0100221 0.0138137 0.0211129 0.0238554 0.0132089 0.00871701 0.0101937 0.0181165 0.0146877 0.0219337 0.022798 0.02413 0.031581 0.0190744 0.0121441 0.00937013 0.00985693 0.0140114 0.024393 0.0116496 0.00978066 0.00955625 0.0131348 0.0117344 0.00914819 0.00913565 0.0114043 0.0113447 0.00941688 0.00815487 0.00810899 0.00824465 0.00839458 0.00853226 0.00850867 0.00866047 0.00868408 0.00890232 0.00892792 0.00928458 0.00854614 0.00841519 0.00825152 0.00809999 0.00836667 0.00825257 0.00833602 0.00830484 0.00813619 0.00810148 0.0081056 0.00863953 0.0091045 0.00897664 0.00872621 0.00850363 0.00825073 
0.00938979 0.00986604 0.0130767 0.0114686 0.009211 0.00880993 0.0101279 0.0177091 0.0164764 0.0108503 0.00899132 0.00839995 0.0106541 0.0145729 0.0305593 0.11927 0.0307232 0.022858 0.0256026 0.0302581 0.0124968 0.00991682 0.0131816 0.016571 0.0130089 0.0155262 0.0106002 0.00342971 0.00331136 0.00327953 0.00319666 0.00322788 0.00320545 0 0.00319895 0.00323624 0.00321353 0.0226662 0.0168949 0.0160517 0.0104951 0.0152687 0.0315903 0.026879 0.0146708 0.00921457 0.0104455 0.0152839 0.0231044 0.0204889 0.0266378 0.0285393 0.0280058 0.0308936 0.011404 0.00995496 0.0103281 0.0162558 0.0241446 0.0148721 0.00961804 0.0101912 0.0139688 0.013869 0.00940737 0.00935667 0.0122674 0.0111365 0.00923158 0.0082449 0.00815448 0.0082683 0.00853512 0.00867418 0.00883761 0.00872476 0.0087965 0.00893933 0.00916347 0.0091144 0.00896693 0.00847273 0.00837835 0.00823982 0.00839556 0.0085271 0.00837 0.0084249 0.00826131 0.00819718 0.0083002 0.00854867 0.00954465 0.00932784 0.00910727 0.00859693 0.00829034 
0.00915043 0.0108014 0.0155181 0.0123092 0.0102188 0.0087231 0.0138947 0.0166522 0.0279825 0.0106274 0.00921296 0.00859347 0.0108724 0.0206147 0.117714 0.0458649 0.0263715 0.0369923 0.0334294 0.0347633 0.0161568 0.00999179 0.0122799 0.0160086 0.0267821 0.0147098 0.0105694 0.0039953 0.00355897 0.00370811 0.00330522 0.00322604 0.00335567 0.00319895 0 0.00321893 0.0032064 0.0129784 0.060954 0.0167449 0.0122609 0.0173309 0.0478368 0.0433615 0.01448 0.0093768 0.016319 0.0254254 0.0210239 0.0347977 0.0287333 0.0345104 0.0476255 0.0254013 0.017433 0.00950596 0.0110223 0.0190257 0.0517786 0.013855 0.010396 0.01061 0.0211034 0.0176208 0.0102247 0.00993501 0.0144726 0.0157091 0.0101023 0.00834971 0.00829663 0.00838737 0.00876074 0.0088686 0.00880009 0.0092128 0.00916756 0.00982225 0.00974002 0.0101676 0.00894892 0.00870941 0.00855467 0.00823791 0.00878331 0.00861308 0.00848856 0.0085735 0.00822656 0.00823307 0.00823457 0.00880996 0.0100116 0.00980254 0.00929159 0.00882802 0.00848792 
0.00946235 0.00959321 0.01073 0.0152424 0.00958707 0.0102913 0.00944683 0.0128195 0.0118918 0.0126612 0.00896964 0.00952242 0.0121732 0.090068 0.0171985 0.0169946 0.0231995 0.0168973 0.0182335 0.0198879 0.0291133 0.0104459 0.0141215 0.0269515 0.0124688 0.0244102 0.0140751 0.00512236 0.00759942 0.00347641 0.00330881 0.00319099 0.00324475 0.00323624 0.00321893 0 0.00327167 0.0293748 0.0158277 0.0991239 0.0118859 0.014415 0.0350382 0.0888034 0.0300879 0.00986234 0.011759 0.0141656 0.0205689 0.0129226 0.0207119 0.0189358 0.0170063 0.0274423 0.0168486 0.0124523 0.0108858 0.0244794 0.015179 0.0272255 0.0101186 0.0120999 0.0159223 0.0201773 0.0107322 0.00959866 0.014829 0.016794 0.0105522 0.00862807 0.00832647 0.00841335 0.00850788 0.00838307 0.00848781 0.00850317 0.00890349 0.00873204 0.00925717 0.00895937 0.00888824 0.00858057 0.00834364 0.00829258 0.00838698 0.00840726 0.00833868 0.00832797 0.00830154 0.00821549 0.00824137 0.00867445 0.00932183 0.00900493 0.00878972 0.00871657 0.0083088 
0.00983804 0.0092724 0.00949217 0.00934811 0.0122562 0.0102418 0.00976053 0.00877394 0.0100992 0.0091831 0.0105456 0.0126244 0.0876505 0.0109163 0.0113466 0.013649 0.011537 0.0133598 0.0121739 0.010747 0.0124609 0.0252223 0.0300225 0.0122454 0.0110079 0.0120915 0.0182349 0.0104102 0.0042298 0.00371242 0.00335739 0.00329716 0.00323434 0.00321353 0.0032064 0.00327167 0 0.0133112 0.0127075 0.0129196 0.12495 0.033368 0.0140384 0.0241843 0.0502494 0.0116191 0.0143104 0.0113329 0.0105586 0.0142286 0.0103359 0.0119518 0.0113877 0.0103292 0.0146506 0.0110691 0.0226727 0.010258 0.0109659 0.0110435 0.0148035 0.0191578 0.0100527 0.00996832 0.0131631 0.014366 0.00965024 0.0109408 0.0141257 0.00984606 0.00842829 0.00949522 0.0082028 0.00815956 0.00858236 0.00851577 0.00848791 0.0083923 0.00865609 0.00857201 0.00823924 0.00869099 0.0086374 0.00924662 0.00836367 0.00817627 0.00808985 0.0083106 0.00813204 0.00846404 0.00903202 0.00841902 0.00856009 0.00849449 0.00848966 0.00837432 0.00846867 
