1AZSA
DMMFHKIYIQKHDNVSILFADIEGFTSLASQCTAQELVMTLNELFARFDKLAAENHCLRIKILGDCYYCVSGLPEARADHAHCCVEMGMDMIEAISLVREMTGVNVNMRVGIHSGRVHCGVLGLRKWQFDVWSNDVTLANHMEAGGKAGRIHITKATLSYLNGDYEVEPGCGGERNAYLKEHSIETFLIL
CCCCCCCEEEEEEEEEEEEEEEECHHHHHHHCCHHHHHHHHHHHHHHHHHHHHHHCEEEEEEECCEEEEEECCCCCCCCHHHHHHHHHHHHHHHHHHHHHHHCCCCEEEEEEEEEEEEEEECCCCCCCCEEECHHHHHHHHHHHCCCCCCEEECCCCCCCCCCCCCEEECCHHHCCHHHHHCCCCCEEEC
0 0 0 0 0 0 0 0 0 0 0 0 0 0 0 0 0 0 0 0 0 0 0 0 0 0 0 0 0 0 0 0 0 0 0 0 0 0 0 0 0 0 0 0 0 0 0 0 0 0 0 0 0 0 0 0 0 0 0 0 0 0 0 0 0 0 0 0 0 0 0 0 0 0 0 0 0 0 0 0 0 0 0 0 0 0 0 0 0 0 0 0 0 0 0 0 0 0 0 0 0 0 0 0 0 0 0 0 0 0 0 0 0 0 0 0 0 0 0 0 0 0 0 0 0 0 0 0 0 0 0 0 0 0 0 0 0 0 0 0 0 0 0 0 0 0 0 0 0 0 0 0 0 0 0 0 0 0 0 0 0 0 0 0 0 0 0 0 0 0 0 0 0 0 0 0 0 0 0 0 0 0 0 0 0 0 0 0 0 0 
0 0 0 0 0 0 0 0 0 0 0 0 0 0 0 0 0 0 0 0 0 0 0 0 0 0 0 0 0 0 0 0 0 0 0 0 0 0 0 0 0 0 0 0 0 0 0 0 0 0 0 0 0 0 0 0 0 0 0 0 0 0 0 0 0 0 0 0 0 0 0 0 0 0 0 0 0 0 0 0 0 0 0 0 0 0 0 0 0 0 0 0 0 0 0 0 0 0 0 0 0 0 0 0 0 0 0 0 0 0 0 0 0 0 0 0 0 0 0 0 0 0 0 0 0 0 0 0 0 0 0 0 0 0 0 0 0 0 0 0 0 0 0 0 0 0 0 0 0 0 0 0 0 0 0 0 0 0 0 0 0 0 0 0 0 0 0 0 0 0 0 0 0 0 0 0 0 0 0 0 0 0 0 0 0 0 0 0 0 0 
0 0.00351778 0.00339263 0.00339683 0.00348353 0.00340224 0.00346612 0.00378396 0.00721448 0.00569063 0.00803344 0.00745357 0.00720297 0.00919931 0.0074228 0.0369901 0.010037 0.0148405 0.0125366 0.00957596 0.0203395 0.00988989 0.0137253 0.0113421 0.0101764 0.0113264 0.011659 0.00921781 0.0159272 0.0117213 0.00846638 0.00978089 0.00888881 0.00992185 0.00845972 0.00851396 0.00848276 0.00823955 0.00911749 0.0086923 0.00889444 0.00868434 0.00897387 0.00911898 0.00879625 0.0082739 0.00935509 0.00842095 0.00877849 0.00876912 0.00825755 0.00809638 0.00829764 0.00848745 0.00867238 0.00847374 
0.00351778 0 0.0032825 0.00328355 0.00343724 0.0033405 0.00392443 0.00406027 0.00365421 0.0073833 0.00514007 0.00909431 0.00968386 0.00623657 0.0634346 0.0067458 0.0167782 0.0103543 0.010288 0.021374 0.00952574 0.0199758 0.00971511 0.00894925 0.0106169 0.0107007 0.0122986 0.0124073 0.00971223 0.00821433 0.0113254 0.00841904 0.012562 0.0087747 0.0102316 0.0084623 0.00875848 0.00924246 0.0086782 0.00976192 0.00868981 0.00931959 0.00917004 0.00898285 0.00820069 0.0087495 0.00835881 0.00914874 0.00824592 0.00850364 0.00832671 0.00804761 0.00807726 0.00828589 0.00851169 0.00902324 
0.00339263 0.0032825 0 0.00333221 0.00327642 0.00326089 0.00321142 0.00324486 0.00374748 0.00353447 0.00595243 0.00609426 0.00522771 0.0152109 0.00570697 0.0054976 0.00882317 0.00973109 0.0117323 0.00966302 0.0223976 0.00994753 0.00874711 0.00867458 0.00982765 0.0137302 0.0138909 0.0100833 0.0091715 0.00828531 0.00847742 0.0122322 0.00936559 0.0145835 0.00939025 0.00986736 0.00886384 0.00897519 0.0100304 0.00904019 0.0102596 0.00966274 0.00996388 0.00827388 0.00820535 0.00838966 0.00834421 0.00815041 0.00825372 0.0082298 0.00800693 0.00798091 0.00801547 0.00813374 0.00825676 0.00823291 
0.00339683 0.00328355 0.00333221 0 0.00353293 0.00318705 0.00326693 0.0032972 0.00446605 0.00389393 0.00672285 0.00472786 0.0139797 0.00705074 0.00572048 0.00550026 0.00883648 0.0101273 0.0112638 0.0119886 0.014348 0.010912 0.00866993 0.00871101 0.00961829 0.0123453 0.0131643 0.00960976 0.00891887 0.00828867 0.00853842 0.00978758 0.0093988 0.0102863 0.00980139 0.00878241 0.00886352 0.00862656 0.00903838 0.00882616 0.0100787 0.00955904 0.0087969 0.00835961 0.00830457 0.00824809 0.00830473 0.00823271 0.00831405 0.00819297 0.00801114 0.0080048 0.00801722 0.00814305 0.00822137 0.00825657 
0.00348353 0.00343724 0.00327642 0.00353293 0 0.00320099 0.00318795 0.00330843 0.00348299 0.00375545 0.0033453 0.00935885 0.00722641 0.00629375 0.00634991 0.00501786 0.0111085 0.00883878 0.011397 0.0155402 0.0202663 0.00975353 0.00871305 0.00871146 0.0103133 0.0115113 0.010698 0.00923805 0.00889377 0.00808326 0.00937623 0.00868075 0.0100339 0.00940376 0.00982514 0.00924052 0.00894238 0.00949164 0.00874959 0.0103766 0.0139359 0.00939907 0.00900803 0.00817293 0.00819278 0.00803739 0.00821634 0.00825743 0.00801029 0.00821554 0.00815837 0.00793243 0.0079712 0.00809233 0.00816911 0.00839833 
0.00340224 0.0033405 0.00326089 0.00318705 0.00320099 0 0.00323101 0.00319889 0.00330791 0.00322656 0.00675956 0.00567055 0.00378809 0.0035604 0.00449594 0.00400389 0.00940138 0.0103247 0.0117809 0.0127608 0.0151095 0.00987678 0.00856408 0.00882224 0.0103786 0.0130938 0.0137748 0.0100417 0.00874361 0.00818955 0.00859993 0.0100289 0.00991781 0.0124297 0.0101258 0.00883726 0.00933017 0.00868735 0.00991937 0.0134753 0.00990858 0.0096889 0.00912672 0.00829604 0.00813814 0.00842814 0.00828333 0.00810609 0.00825834 0.00823838 0.00799301 0.00793013 0.00801052 0.00806351 0.00820538 0.00820723 
0.00346612 0.00392443 0.00321142 0.00326693 0.00318795 0.00323101 0 0.00326581 0.00322189 0.00357261 0.00590899 0.00331273 0.00332611 0.00437779 0.00348154 0.00372084 0.00928307 0.016264 0.0163242 0.0109136 0.0237705 0.00968115 0.00917296 0.00929424 0.0114558 0.0159285 0.0157856 0.011328 0.00949786 0.00906275 0.00917392 0.0172067 0.0112842 0.0197413 0.0115499 0.0111712 0.00981364 0.0106956 0.0320654 0.0100795 0.0141205 0.0106114 0.0110926 0.00857429 0.00843096 0.00861019 0.00846915 0.00827579 0.00864716 0.00831768 0.0080522 0.00802466 0.00804842 0.00827861 0.00855073 0.00845805 
0.00378396 0.00406027 0.00324486 0.0032972 0.00330843 0.00319889 0.00326581 0 0.00340776 0.00354443 0.00324534 0.00342504 0.00365508 0.00339794 0.00429734 0.00346279 0.030125 0.0132986 0.0136215 0.0579527 0.010693 0.0208285 0.01107 0.00992419 0.0152748 0.0221395 0.0200042 0.0132355 0.0108258 0.00846207 0.0196694 0.0100635 0.0401288 0.0118082 0.0251959 0.00977504 0.011247 0.0391564 0.0100492 0.0193709 0.0112765 0.0185847 0.0110261 0.0102513 0.00842675 0.00885312 0.00910642 0.00939691 0.00833623 0.00877197 0.00843639 0.00795925 0.00804725 0.00839373 0.00857219 0.00899448 
0.00721448 0.00365421 0.00374748 0.00446605 0.00348299 0.00330791 0.00322189 0.00340776 0 0.00320599 0.00328965 0.0032741 0.00327627 0.00357134 0.0033726 0.0036794 0.0106781 0.0328599 0.0456661 0.0125682 0.15086 0.0129237 0.0108425 0.0107347 0.0221929 0.0309692 0.041171 0.0152571 0.0161433 0.0122959 0.0100005 0.0501775 0.012428 0.0674476 0.0132479 0.0199699 0.0252569 0.0108669 0.0243277 0.0128178 0.0329148 0.0136848 0.0164785 0.00994773 0.00957719 0.0100915 0.0104012 0.00857605 0.00948373 0.00877643 0.0081333 0.00809766 0.00812533 0.00851692 0.00894048 0.00907604 
0.00569063 0.0073833 0.00353447 0.00389393 0.00375545 0.00322656 0.00357261 0.00354443 0.00320599 0 0.00321588 0.00324163 0.003238 0.00321558 0.00370162 0.00333418 0.0313913 0.0255452 0.0271665 0.168415 0.0243129 0.0399041 0.0114238 0.0130482 0.0261016 0.0609869 0.0539159 0.0502872 0.0142158 0.00924985 0.0401472 0.0164978 0.10081 0.0250847 0.0655149 0.0392311 0.0195918 0.0302093 0.0153786 0.0452893 0.028973 0.0462503 0.0271471 0.011994 0.00907609 0.0131344 0.00958766 0.0101948 0.00891684 0.00965523 0.00838109 0.0082347 0.00824658 0.00884402 0.00925304 0.0112803 
0.00803344 0.00514007 0.00595243 0.00672285 0.0033453 0.00675956 0.00590899 0.00324534 0.00328965 0.00321588 0 0.00320709 0.00321819 0.00322523 0.00327081 0.0037782 0.0131904 0.0380812 0.0558778 0.0258015 0.0975091 0.0187812 0.0133794 0.0119198 0.02974 0.0475005 0.094911 0.0302492 0.0183963 0.0115927 0.0126752 0.059306 0.0215014 0.0678395 0.0510941 0.0249662 0.022218 0.0148176 0.0296535 0.022856 0.0409443 0.0259482 0.0213342 0.0109361 0.00989217 0.0103519 0.00920687 0.00895726 0.00951927 0.00906927 0.00822373 0.00812802 0.0081697 0.00873222 0.00918075 0.010163 
0.00745357 0.00909431 0.00609426 0.00472786 0.00935885 0.00567055 0.00331273 0.00342504 0.0032741 0.00324163 0.00320709 0 0.00320158 0.00320533 0.00322487 0.00325814 0.0239374 0.0204527 0.04178 0.0362821 0.0371356 0.0341353 0.0114978 0.0117386 0.0232902 0.0612618 0.055978 0.0445876 0.017349 0.0100575 0.0193304 0.0292308 0.0388565 0.0831046 0.0300521 0.0218963 0.0166273 0.0203618 0.0180148 0.0271234 0.0327692 0.0289052 0.0195699 0.0117499 0.00924685 0.0116874 0.0097886 0.00933575 0.0103099 0.00938794 0.00834259 0.00816305 0.00815694 0.00902279 0.00916955 0.010988 
0.00720297 0.00968386 0.00522771 0.0139797 0.00722641 0.00378809 0.00332611 0.00365508 0.00327627 0.003238 0.00321819 0.00320158 0 0.00318966 0.00322033 0.00330809 0.0190005 0.0380521 0.0263463 0.0691841 0.0312621 0.0198313 0.0111447 0.0117146 0.0276112 0.0419176 0.048042 0.0244779 0.0139902 0.0104637 0.0210952 0.0175882 0.0886091 0.0248958 0.0353074 0.017474 0.0181194 0.0193715 0.016446 0.0271622 0.0224557 0.0357327 0.0178725 0.0104746 0.00880905 0.00981662 0.00901309 0.00959486 0.00884249 0.00911421 0.0081863 0.00812599 0.00809435 0.0087832 0.00910188 0.00946671 
0.00919931 0.00623657 0.0152109 0.00705074 0.00629375 0.0035604 0.00437779 0.00339794 0.00357134 0.00321558 0.00322523 0.00320533 0.00318966 0 0.00321413 0.00320287 0.0112328 0.0241978 0.0610238 0.017562 0.0831641 0.0124794 0.00989418 0.0101161 0.0173866 0.0344219 0.0401128 0.014129 0.0124679 0.0107131 0.0107746 0.0926724 0.0132811 0.0504055 0.0154225 0.0218796 0.0142665 0.0116097 0.0194204 0.011332 0.0294528 0.014312 0.0148449 0.00933833 0.00883556 0.00887161 0.0089071 0.00847728 0.00923106 0.00850823 0.00812098 0.00812107 0.0080825 0.00846455 0.00858984 0.00943057 
0.0074228 0.0634346 0.00570697 0.00572048 0.00634991 0.00449594 0.00348154 0.00429734 0.0033726 0.00370162 0.00327081 0.00322487 0.00322033 0.00321413 0 0.00325738 0.0166018 0.0201592 0.0160513 0.0468021 0.0121981 0.0359213 0.0109672 0.0110153 0.0169405 0.0182534 0.0193681 0.0280255 0.0107705 0.00915526 0.059516 0.00962553 0.0234567 0.0118084 0.0156326 0.00960003 0.00977152 0.0115043 0.00937013 0.0133077 0.0101153 0.0134735 0.0107358 0.0093481 0.00845589 0.00983412 0.00861348 0.00977913 0.00852492 0.00872159 0.00814957 0.00801572 0.0080699 0.00841292 0.00882344 0.00868113 
0.0369901 0.0067458 0.0054976 0.00550026 0.00501786 0.00400389 0.00372084 0.00346279 0.0036794 0.00333418 0.0037782 0.00325814 0.00330809 0.00320287 0.00325738 0 0.0281729 0.0105333 0.0145701 0.012454 0.0170053 0.0227384 0.0318194 0.0148605 0.01823 0.0125342 0.0114894 0.0132312 0.01699 0.0197174 0.00940879 0.0108836 0.00936249 0.0102044 0.0096928 0.00944276 0.00933128 0.0087805 0.00993436 0.00878373 0.00981223 0.00956367 0.0096293 0.0110421 0.0095999 0.00854261 0.00923762 0.0088986 0.0086268 0.00851016 0.00835568 0.00807115 0.00816014 0.00902779 0.00840736 0.00947747 
0.010037 0.0167782 0.00882317 0.00883648 0.0111085 0.00940138 0.00928307 0.030125 0.0106781 0.0313913 0.0131904 0.0239374 0.0190005 0.0112328 0.0166018 0.0281729 0 0.00381239 0.00325685 0.00368201 0.00332872 0.00409818 0.00453652 0.00404792 0.00477199 0.00516191 0.00787134 0.00823804 0.636505 0.0304461 0.0119107 0.00946547 0.0127367 0.0100459 0.0103732 0.0097767 0.00934531 0.00942836 0.00900403 0.0101107 0.00946085 0.0104798 0.0105761 0.0154147 0.00950717 0.00952174 0.0158851 0.0111238 0.00837378 0.0125423 0.00926676 0.00802462 0.00907056 0.00923172 0.00837522 0.0127226 
0.0148405 0.0103543 0.00973109 0.0101273 0.00883878 0.0103247 0.016264 0.0132986 0.0328599 0.0255452 0.0380812 0.0204527 0.0380521 0.0241978 0.0201592 0.0105333 0.00381239 0 0.00321873 0.00319452 0.00325817 0.00499343 0.00334222 0.00460541 0.00557988 0.00745837 0.00689978 0.559204 0.0650266 0.0130428 0.0217116 0.0150585 0.0183689 0.0213032 0.0152634 0.0117524 0.0112358 0.0112717 0.0137412 0.011971 0.0171442 0.0129623 0.0192114 0.00967657 0.00923652 0.0143898 0.0090199 0.00897286 0.0099046 0.00899442 0.00817782 0.00814127 0.00818618 0.00847777 0.00947613 0.00885578 
0.0125366 0.010288 0.0117323 0.0112638 0.011397 0.0117809 0.0163242 0.0136215 0.0456661 0.0271665 0.0558778 0.04178 0.0263463 0.0610238 0.0160513 0.0145701 0.00325685 0.00321873 0 0.00319347 0.00322831 0.00324991 0.00325157 0.00477566 0.00981423 0.0137478 0.532469 0.198046 0.0133416 0.0168812 0.0130796 0.0697452 0.0167132 0.0548542 0.0210387 0.0218949 0.0217505 0.0140676 0.0285532 0.0172103 0.034248 0.0258273 0.0183201 0.0103524 0.0120406 0.00958472 0.010553 0.00931255 0.01125 0.00907993 0.00825866 0.00820137 0.00809627 0.00935891 0.00937082 0.00959097 
0.00957596 0.021374 0.00966302 0.0119886 0.0155402 0.0127608 0.0109136 0.0579527 0.0125682 0.168415 0.0258015 0.0362821 0.0691841 0.017562 0.0468021 0.012454 0.00368201 0.00319452 0.00319347 0 0.00321878 0.0032149 0.00326914 0.00765174 0.00515017 0.242239 0.310035 0.0174986 0.00860579 0.0100573 0.0945915 0.0145047 0.132401 0.0151523 0.0657976 0.0152059 0.0173392 0.0332249 0.0124463 0.0599106 0.0245425 0.0510794 0.0130781 0.011347 0.00988134 0.0117067 0.00971221 0.0144429 0.00884349 0.0107405 0.0092699 0.00813822 0.00833323 0.00920461 0.00973942 0.0125326 
0.0203395 0.00952574 0.0223976 0.014348 0.0202663 0.0151095 0.0237705 0.010693 0.15086 0.0243129 0.0975091 0.0371356 0.0312621 0.0831641 0.0121981 0.0170053 0.00332872 0.00325817 0.00322831 0.00321878 0 0.00327138 0.0031973 0.00379062 0.119209 0.626392 0.0616373 0.0130023 0.00744202 0.0432872 0.0145095 0.163023 0.0150765 0.134042 0.0176038 0.0364696 0.0242528 0.015778 0.052246 0.0184648 0.0668482 0.0235569 0.0234358 0.0112596 0.0119871 0.010789 0.0102413 0.00906981 0.0139957 0.00930555 0.00841396 0.00841156 0.00818158 0.00910798 0.00981779 0.0100854 
0.00988989 0.0199758 0.00994753 0.010912 0.00975353 0.00987678 0.00968115 0.0208285 0.0129237 0.0399041 0.0187812 0.0341353 0.0198313 0.0124794 0.0359213 0.0227384 0.00409818 0.00499343 0.00324991 0.0032149 0.00327138 0 0.00330489 0.0255428 0.85579 0.00457003 0.00590809 0.00620067 0.0080621 0.0132899 0.0575556 0.0131861 0.03925 0.0134994 0.0273941 0.0116492 0.0120867 0.0176908 0.0119179 0.0182935 0.0143203 0.0233998 0.0228267 0.0130803 0.00944782 0.0179209 0.00931528 0.0108429 0.0100192 0.00945316 0.00843474 0.00842005 0.00808363 0.00910447 0.00965814 0.0102269 
0.0137253 0.00971511 0.00874711 0.00866993 0.00871305 0.00856408 0.00917296 0.01107 0.0108425 0.0114238 0.0133794 0.0114978 0.0111447 0.00989418 0.0109672 0.0318194 0.00453652 0.00334222 0.00325157 0.00326914 0.0031973 0.00330489 0 0.901179 0.00366997 0.00355559 0.00383101 0.00454476 0.00617333 0.0184779 0.0113446 0.0129784 0.00993946 0.0117838 0.010536 0.00998066 0.00962981 0.0098819 0.010048 0.00961258 0.0103301 0.0103363 0.0108104 0.0182804 0.0106801 0.00907717 0.0121681 0.0107634 0.00870043 0.0105154 0.00866388 0.00814099 0.0083616 0.00999407 0.00857373 0.00912579 
0.0113421 0.00894925 0.00867458 0.00871101 0.00871146 0.00882224 0.00929424 0.00992419 0.0107347 0.0130482 0.0119198 0.0117386 0.0117146 0.0101161 0.0110153 0.0148605 0.00404792 0.00460541 0.00477566 0.00765174 0.00379062 0.0255428 0.901179 0 0.00322006 0.00319874 0.00320863 0.00327425 0.00402389 0.059228 0.014598 0.011338 0.0134837 0.0118412 0.0132602 0.00998228 0.00991081 0.0103166 0.0104016 0.0103183 0.0106155 0.0123096 0.0117098 0.0160205 0.00994639 0.0090327 0.0144663 0.0103225 0.00890038 0.0144045 0.00837767 0.00810097 0.00914742 0.00876892 0.00865505 0.013564 
0.0101764 0.0106169 0.00982765 0.00961829 0.0103133 0.0103786 0.0114558 0.0152748 0.0221929 0.0261016 0.02974 0.0232902 0.0276112 0.0173866 0.0169405 0.01823 0.00477199 0.00557988 0.00981423 0.00515017 0.119209 0.85579 0.00366997 0.00322006 0 0.00320564 0.0032008 0.0032817 0.00327964 0.0271071 0.0635775 0.0256984 0.0289459 0.0463036 0.0191071 0.0185478 0.015039 0.0221107 0.0171879 0.0204297 0.0221812 0.0199869 0.0298771 0.0122857 0.0108455 0.0152646 0.0109847 0.00913223 0.0132272 0.00979408 0.00830574 0.00830629 0.00843156 0.00882813 0.0102907 0.00985099 
0.0113264 0.0107007 0.0137302 0.0123453 0.0115113 0.0130938 0.0159285 0.0221395 0.0309692 0.0609869 0.0475005 0.0612618 0.0419176 0.0344219 0.0182534 0.0125342 0.00516191 0.00745837 0.0137478 0.242239 0.626392 0.00457003 0.00355559 0.00319874 0.00320564 0 0.00322424 0.00323169 0.00323897 0.0467061 0.0362911 0.106488 0.0575721 0.0399485 0.0548117 0.0311287 0.0311746 0.0257265 0.0356996 0.0356695 0.0458495 0.0525948 0.0241076 0.0153759 0.0108091 0.013147 0.0116475 0.0101133 0.010696 0.0115875 0.00857779 0.00819653 0.0084096 0.00982598 0.010073 0.011606 
0.011659 0.0122986 0.0138909 0.0131643 0.010698 0.0137748 0.0157856 0.0200042 0.041171 0.0539159 0.094911 0.055978 0.048042 0.0401128 0.0193681 0.0114894 0.00787134 0.00689978 0.532469 0.310035 0.0616373 0.00590809 0.00383101 0.00320863 0.0032008 0.00322424 0 0.00322011 0.0032069 0.0443303 0.0776841 0.0795906 0.0659455 0.0738233 0.0539751 0.046165 0.0265822 0.0307273 0.0404049 0.0386449 0.0544331 0.0527245 0.0347413 0.0152436 0.0116838 0.0151381 0.0109415 0.00994699 0.0115744 0.0102529 0.00840543 0.00829901 0.00862481 0.00916589 0.0101176 0.0122358 
0.00921781 0.0124073 0.0100833 0.00960976 0.00923805 0.0100417 0.011328 0.0132355 0.0152571 0.0502872 0.0302492 0.0445876 0.0244779 0.014129 0.0280255 0.0132312 0.00823804 0.559204 0.198046 0.0174986 0.0130023 0.00620067 0.00454476 0.00327425 0.0032817 0.00323169 0.00322011 0 0.00361681 0.0183006 0.0601902 0.0688651 0.0475884 0.0454571 0.0823374 0.0205974 0.0246738 0.0209246 0.0213643 0.0272778 0.0256578 0.0371532 0.0682253 0.0246561 0.010638 0.0274548 0.0113712 0.00993121 0.014253 0.0112575 0.00825808 0.00835323 0.00860723 0.00938511 0.0106154 0.0108264 
0.0159272 0.00971223 0.0091715 0.00891887 0.00889377 0.00874361 0.00949786 0.0108258 0.0161433 0.0142158 0.0183963 0.017349 0.0139902 0.0124679 0.0107705 0.01699 0.636505 0.0650266 0.0133416 0.00860579 0.00744202 0.0080621 0.00617333 0.00402389 0.00327964 0.00323897 0.0032069 0.00361681 0 0.0383917 0.0234607 0.0340722 0.0217971 0.0376736 0.0277994 0.0255966 0.0196239 0.0148987 0.0166837 0.0145367 0.0212289 0.0218106 0.0193823 0.062213 0.0145846 0.0114935 0.0208652 0.0122018 0.00979112 0.0151181 0.00907718 0.00815197 0.00844118 0.0128829 0.00976326 0.0115346 
0.0117213 0.00821433 0.00828531 0.00828867 0.00808326 0.00818955 0.00906275 0.00846207 0.0122959 0.00924985 0.0115927 0.0100575 0.0104637 0.0107131 0.00915526 0.0197174 0.0304461 0.0130428 0.0168812 0.0100573 0.0432872 0.0132899 0.0184779 0.059228 0.0271071 0.0467061 0.0443303 0.0183006 0.0383917 0 0.00339743 0.00327582 0.00323796 0.00335163 0.00334101 0.00363843 0.00348413 0.00354463 0.00615062 0.00552742 0.00923118 0.00618533 0.0133931 0.0169008 0.0165597 0.00965608 0.0288309 0.0112087 0.0220636 0.0154211 0.0089044 0.00888906 0.0112556 0.0113909 0.0116641 0.0201142 
0.00846638 0.0113254 0.00847742 0.00853842 0.00937623 0.00859993 0.00917392 0.0196694 0.0100005 0.0401472 0.0126752 0.0193304 0.0210952 0.0107746 0.059516 0.00940879 0.0119107 0.0217116 0.0130796 0.0945915 0.0145095 0.0575556 0.0113446 0.014598 0.0635775 0.0362911 0.0776841 0.0601902 0.0234607 0.00339743 0 0.0031861 0.00320646 0.00322065 0.00329084 0.00330328 0.00327196 0.00678884 0.00505332 0.00886987 0.00581522 0.0161223 0.00887278 0.0126776 0.00969131 0.0362001 0.0100893 0.0440147 0.0111874 0.0205944 0.0104279 0.0086476 0.00965683 0.0127614 0.0145439 0.0190066 
0.00978089 0.00841904 0.0122322 0.00978758 0.00868075 0.0100289 0.0172067 0.0100635 0.0501775 0.0164978 0.059306 0.0292308 0.0175882 0.0926724 0.00962553 0.0108836 0.00946547 0.0150585 0.0697452 0.0145047 0.163023 0.0131861 0.0129784 0.011338 0.0256984 0.106488 0.0795906 0.0688651 0.0340722 0.00327582 0.0031861 0 0.00318771 0.00320469 0.00323207 0.00324491 0.00323058 0.00328755 0.00593356 0.00412831 0.0167377 0.00744051 0.0131467 0.00774309 0.0212202 0.00992983 0.0136513 0.0105286 0.0292693 0.00986615 0.00894908 0.00890971 0.00856695 0.0102642 0.0142116 0.0170149 
0.00888881 0.012562 0.00936559 0.0093988 0.0100339 0.00991781 0.0112842 0.0401288 0.012428 0.10081 0.0215014 0.0388565 0.0886091 0.0132811 0.0234567 0.00936249 0.0127367 0.0183689 0.0167132 0.132401 0.0150765 0.03925 0.00993946 0.0134837 0.0289459 0.0575721 0.0659455 0.0475884 0.0217971 0.00323796 0.00320646 0.00318771 0 0.00319444 0.00322741 0.00320336 0.00325392 0.00343139 0.00333564 0.0110552 0.00440855 0.0117953 0.00591296 0.00894745 0.00877408 0.0148868 0.00967033 0.0460921 0.0100562 0.022297 0.0113721 0.00855032 0.00929699 0.0159433 0.0119476 0.0266595 
0.00992185 0.0087747 0.0145835 0.0102863 0.00940376 0.0124297 0.0197413 0.0118082 0.0674476 0.0250847 0.0678395 0.0831046 0.0248958 0.0504055 0.0118084 0.0102044 0.0100459 0.0213032 0.0548542 0.0151523 0.134042 0.0134994 0.0117838 0.0118412 0.0463036 0.0399485 0.0738233 0.0454571 0.0376736 0.00335163 0.00322065 0.00320469 0.00319444 0 0.00318905 0.00322645 0.00320529 0.00325081 0.00931827 0.00398488 0.007936 0.00417728 0.00843471 0.0068941 0.0123445 0.0103091 0.012166 0.010909 0.0706833 0.010954 0.00930986 0.00984117 0.00895058 0.0109967 0.021292 0.0202734 
0.00845972 0.0102316 0.00939025 0.00980139 0.00982514 0.0101258 0.0115499 0.0251959 0.0132479 0.0655149 0.0510941 0.0300521 0.0353074 0.0154225 0.0156326 0.0096928 0.0103732 0.0152634 0.0210387 0.0657976 0.0176038 0.0273941 0.010536 0.0132602 0.0191071 0.0548117 0.0539751 0.0823374 0.0277994 0.00334101 0.00329084 0.00323207 0.00322741 0.00318905 0 0.00320561 0.00322866 0.00327477 0.00320874 0.00593802 0.00351055 0.00518991 0.00424551 0.00716763 0.00856916 0.0128889 0.00929293 0.0215045 0.0114359 0.0189196 0.00943767 0.00874685 0.00948793 0.0127212 0.0127795 0.0251472 
0.00851396 0.0084623 0.00986736 0.00878241 0.00924052 0.00883726 0.0111712 0.00977504 0.0199699 0.0392311 0.0249662 0.0218963 0.017474 0.0218796 0.00960003 0.00944276 0.0097767 0.0117524 0.0218949 0.0152059 0.0364696 0.0116492 0.00998066 0.00998228 0.0185478 0.0311287 0.046165 0.0205974 0.0255966 0.00363843 0.00330328 0.00324491 0.00320336 0.00322645 0.00320561 0 0.0031982 0.003214 0.00336913 0.00329386 0.00723628 0.00337009 0.00409282 0.00541247 0.00849343 0.0102704 0.00923735 0.0109195 0.0139534 0.0114146 0.00868204 0.00845638 0.00859899 0.00928705 0.01113 0.016181 
0.00848276 0.00875848 0.00886384 0.00886352 0.00894238 0.00933017 0.00981364 0.011247 0.0252569 0.0195918 0.022218 0.0166273 0.0181194 0.0142665 0.00977152 0.00933128 0.00934531 0.0112358 0.0217505 0.0173392 0.0242528 0.0120867 0.00962981 0.00991081 0.015039 0.0311746 0.0265822 0.0246738 0.0196239 0.00348413 0.00327196 0.00323058 0.00325392 0.00320529 0.00322866 0.0031982 0 0.00320334 0.00323995 0.00320904 0.00324135 0.00343225 0.00329772 0.00382336 0.00858056 0.00818121 0.00789548 0.011489 0.011439 0.0129703 0.00884453 0.00854808 0.00881227 0.00995906 0.0112843 0.0164915 
0.00823955 0.00924246 0.00897519 0.00862656 0.00949164 0.00868735 0.0106956 0.0391564 0.0108669 0.0302093 0.0148176 0.0203618 0.0193715 0.0116097 0.0115043 0.0087805 0.00942836 0.0112717 0.0140676 0.0332249 0.015778 0.0176908 0.0098819 0.0103166 0.0221107 0.0257265 0.0307273 0.0209246 0.0148987 0.00354463 0.00678884 0.00328755 0.00343139 0.00325081 0.00327477 0.003214 0.00320334 0 0.00316904 0.0032086 0.00320198 0.00329307 0.00330275 0.00334972 0.00674571 0.00832032 0.00876477 0.0155575 0.00982771 0.0149355 0.0091653 0.00856173 0.00897842 0.00943661 0.0117361 0.0159678 
0.00911749 0.0086782 0.0100304 0.00903838 0.00874959 0.00991937 0.0320654 0.0100492 0.0243277 0.0153786 0.0296535 0.0180148 0.016446 0.0194204 0.00937013 0.00993436 0.00900403 0.0137412 0.0285532 0.0124463 0.052246 0.0119179 0.010048 0.0104016 0.0171879 0.0356996 0.0404049 0.0213643 0.0166837 0.00615062 0.00505332 0.00593356 0.00333564 0.00931827 0.00320874 0.00336913 0.00323995 0.00316904 0 0.00318268 0.00320071 0.0032128 0.00324005 0.00326542 0.0107319 0.00826528 0.00776383 0.0111842 0.0212601 0.0102559 0.00890908 0.00874248 0.00875996 0.010254 0.0117721 0.0153749 
0.0086923 0.00976192 0.00904019 0.00882616 0.0103766 0.0134753 0.0100795 0.0193709 0.0128178 0.0452893 0.022856 0.0271234 0.0271622 0.011332 0.0133077 0.00878373 0.0101107 0.011971 0.0172103 0.0599106 0.0184648 0.0182935 0.00961258 0.0103183 0.0204297 0.0356695 0.0386449 0.0272778 0.0145367 0.00552742 0.00886987 0.00412831 0.0110552 0.00398488 0.00593802 0.00329386 0.00320904 0.0032086 0.00318268 0 0.00321458 0.00324082 0.00322651 0.00322754 0.0108975 0.00838971 0.00801841 0.0247588 0.0101521 0.0154864 0.00955255 0.00860349 0.00887159 0.0107678 0.0117103 0.0191087 
0.00889444 0.00868981 0.0102596 0.0100787 0.0139359 0.00990858 0.0141205 0.0112765 0.0329148 0.028973 0.0409443 0.0327692 0.0224557 0.0294528 0.0101153 0.00981223 0.00946085 0.0171442 0.034248 0.0245425 0.0668482 0.0143203 0.0103301 0.0106155 0.0221812 0.0458495 0.0544331 0.0256578 0.0212289 0.00923118 0.00581522 0.0167377 0.00440855 0.007936 0.00351055 0.00723628 0.00324135 0.00320198 0.00320071 0.00321458 0 0.00321535 0.00323743 0.00324498 0.0089595 0.00900391 0.117808 0.0118619 0.0270295 0.0134348 0.00912898 0.00933884 0.00905005 0.0109873 0.0156947 0.0214913 
0.00868434 0.00931959 0.00966274 0.00955904 0.00939907 0.0096889 0.0106114 0.0185847 0.0136848 0.0462503 0.0259482 0.0289052 0.0357327 0.014312 0.0134735 0.00956367 0.0104798 0.0129623 0.0258273 0.0510794 0.0235569 0.0233998 0.0103363 0.0123096 0.0199869 0.0525948 0.0527245 0.0371532 0.0218106 0.00618533 0.0161223 0.00744051 0.0117953 0.00417728 0.00518991 0.00337009 0.00343225 0.00329307 0.0032128 0.00324082 0.00321535 0 0.0032386 0.00323025 0.00831004 0.137647 0.0130404 0.0196003 0.0123823 0.024204 0.0100907 0.00888428 0.00949487 0.0130372 0.0152605 0.031799 
0.00897387 0.00917004 0.00996388 0.0087969 0.00900803 0.00912672 0.0110926 0.0110261 0.0164785 0.0271471 0.0213342 0.0195699 0.0178725 0.0148449 0.0107358 0.0096293 0.0105761 0.0192114 0.0183201 0.0130781 0.0234358 0.0228267 0.0108104 0.0117098 0.0298771 0.0241076 0.0347413 0.0682253 0.0193823 0.0133931 0.00887278 0.0131467 0.00591296 0.00843471 0.00424551 0.00409282 0.00329772 0.00330275 0.00324005 0.00322651 0.00323743 0.0032386 0 0.00331136 0.118505 0.059828 0.0119207 0.0149928 0.0667505 0.0148744 0.00932677 0.0141399 0.0094791 0.0136582 0.0323989 0.0207109 
0.00911898 0.00898285 0.00827388 0.00835961 0.00817293 0.00829604 0.00857429 0.0102513 0.00994773 0.011994 0.0109361 0.0117499 0.0104746 0.00933833 0.0093481 0.0110421 0.0154147 0.00967657 0.0103524 0.011347 0.0112596 0.0130803 0.0182804 0.0160205 0.0122857 0.0153759 0.0152436 0.0246561 0.062213 0.0169008 0.0126776 0.00774309 0.00894745 0.0068941 0.00716763 0.00541247 0.00382336 0.00334972 0.00326542 0.00322754 0.00324498 0.00323025 0.00331136 0 0.0332614 0.0230635 0.0239074 0.0246015 0.0131135 0.067009 0.0128879 0.00850758 0.0111606 0.0177612 0.0168192 0.036965 
0.00879625 0.00820069 0.00820535 0.00830457 0.00819278 0.00813814 0.00843096 0.00842675 0.00957719 0.00907609 0.00989217 0.00924685 0.00880905 0.00883556 0.00845589 0.0095999 0.00950717 0.00923652 0.0120406 0.00988134 0.0119871 0.00944782 0.0106801 0.00994639 0.0108455 0.0108091 0.0116838 0.010638 0.0145846 0.0165597 0.00969131 0.0212202 0.00877408 0.0123445 0.00856916 0.00849343 0.00858056 0.00674571 0.0107319 0.0108975 0.0089595 0.00831004 0.118505 0.0332614 0 0.00319151 0.00327156 0.0971466 0.0159492 0.0333369 0.0112712 0.00910881 0.0113965 0.0179077 0.0116454 0.0344991 
0.0082739 0.0087495 0.00838966 0.00824809 0.00803739 0.00842814 0.00861019 0.00885312 0.0100915 0.0131344 0.0103519 0.0116874 0.00981662 0.00887161 0.00983412 0.00854261 0.00952174 0.0143898 0.00958472 0.0117067 0.010789 0.0179209 0.00907717 0.0090327 0.0152646 0.013147 0.0151381 0.0274548 0.0114935 0.00965608 0.0362001 0.00992983 0.0148868 0.0103091 0.0128889 0.0102704 0.00818121 0.00832032 0.00826528 0.00838971 0.00900391 0.137647 0.059828 0.0230635 0.00319151 0 0.00322753 0.0180601 0.298078 0.0164551 0.00914496 0.0159528 0.00908134 0.0105091 0.0669112 0.0126571 
0.00935509 0.00835881 0.00834421 0.00830473 0.00821634 0.00828333 0.00846915 0.00910642 0.0104012 0.00958766 0.00920687 0.0097886 0.00901309 0.0089071 0.00861348 0.00923762 0.0158851 0.0090199 0.010553 0.00971221 0.0102413 0.00931528 0.0121681 0.0144663 0.0109847 0.0116475 0.0109415 0.0113712 0.0208652 0.0288309 0.0100893 0.0136513 0.00967033 0.012166 0.00929293 0.00923735 0.00789548 0.00876477 0.00776383 0.00801841 0.117808 0.0130404 0.0119207 0.0239074 0.00327156 0.00322753 0 0.0540878 0.0150218 0.161402 0.0266287 0.00886371 0.0112093 0.0301601 0.0189461 0.0307333 
0.00842095 0.00914874 0.00815041 0.00823271 0.00825743 0.00810609 0.00827579 0.00939691 0.00857605 0.0101948 0.00895726 0.00933575 0.00959486 0.00847728 0.00977913 0.0088986 0.0111238 0.00897286 0.00931255 0.0144429 0.00906981 0.0108429 0.0107634 0.0103225 0.00913223 0.0101133 0.00994699 0.00993121 0.0122018 0.0112087 0.0440147 0.0105286 0.0460921 0.010909 0.0215045 0.0109195 0.011489 0.0155575 0.0111842 0.0247588 0.0118619 0.0196003 0.0149928 0.0246015 0.0971466 0.0180601 0.0540878 0 0.0038571 0.00347973 0.0830453 0.0090229 0.15161 0.0502666 0.0144155 0.0949547 
0.00877849 0.00824592 0.00825372 0.00831405 0.00801029 0.00825834 0.00864716 0.00833623 0.00948373 0.00891684 0.00951927 0.0103099 0.00884249 0.00923106 0.00852492 0.0086268 0.00837378 0.0099046 0.01125 0.00884349 0.0139957 0.0100192 0.00870043 0.00890038 0.0132272 0.010696 0.0115744 0.014253 0.00979112 0.0220636 0.0111874 0.0292693 0.0100562 0.0706833 0.0114359 0.0139534 0.011439 0.00982771 0.0212601 0.0101521 0.0270295 0.0123823 0.0667505 0.0131135 0.0159492 0.298078 0.0150218 0.0038571 0 0.00331505 0.0101128 0.378455 0.00851882 0.0126848 0.330005 0.0129438 
0.00876912 0.00850364 0.0082298 0.00819297 0.00821554 0.00823838 0.00831768 0.00877197 0.00877643 0.00965523 0.00906927 0.00938794 0.00911421 0.00850823 0.00872159 0.00851016 0.0125423 0.00899442 0.00907993 0.0107405 0.00930555 0.00945316 0.0105154 0.0144045 0.00979408 0.0115875 0.0102529 0.0112575 0.0151181 0.0154211 0.0205944 0.00986615 0.022297 0.010954 0.0189196 0.0114146 0.0129703 0.0149355 0.0102559 0.0154864 0.0134348 0.024204 0.0148744 0.067009 0.0333369 0.0164551 0.161402 0.00347973 0.00331505 0 0.0673947 0.00782338 0.0822227 0.11923 0.0130581 0.0849103 
0.00825755 0.00832671 0.00800693 0.00801114 0.00815837 0.00799301 0.0080522 0.00843639 0.0081333 0.00838109 0.00822373 0.00834259 0.0081863 0.00812098 0.00814957 0.00835568 0.00926676 0.00817782 0.00825866 0.0092699 0.00841396 0.00843474 0.00866388 0.00837767 0.00830574 0.00857779 0.00840543 0.00825808 0.00907718 0.0089044 0.0104279 0.00894908 0.0113721 0.00930986 0.00943767 0.00868204 0.00884453 0.0091653 0.00890908 0.00955255 0.00912898 0.0100907 0.00932677 0.0128879 0.0112712 0.00914496 0.0266287 0.0830453 0.0101128 0.0673947 0 0.00343132 0.00328909 0.0655989 0.010906 0.750958 
0.00809638 0.00804761 0.00798091 0.0080048 0.00793243 0.00793013 0.00802466 0.00795925 0.00809766 0.0082347 0.00812802 0.00816305 0.00812599 0.00812107 0.00801572 0.00807115 0.00802462 0.00814127 0.00820137 0.00813822 0.00841156 0.00842005 0.00814099 0.00810097 0.00830629 0.00819653 0.00829901 0.00835323 0.00815197 0.00888906 0.0086476 0.00890971 0.00855032 0.00984117 0.00874685 0.00845638 0.00854808 0.00856173 0.00874248 0.00860349 0.00933884 0.00888428 0.0141399 0.00850758 0.00910881 0.0159528 0.00886371 0.0090229 0.378455 0.00782338 0.00343132 0 0.00325079 0.00936051 0.811656 0.00946756 
0.00829764 0.00807726 0.00801547 0.00801722 0.0079712 0.00801052 0.00804842 0.00804725 0.00812533 0.00824658 0.0081697 0.00815694 0.00809435 0.0080825 0.0080699 0.00816014 0.00907056 0.00818618 0.00809627 0.00833323 0.00818158 0.00808363 0.0083616 0.00914742 0.00843156 0.0084096 0.00862481 0.00860723 0.00844118 0.0112556 0.00965683 0.00856695 0.00929699 0.00895058 0.00948793 0.00859899 0.00881227 0.00897842 0.00875996 0.00887159 0.00905005 0.00949487 0.0094791 0.0111606 0.0113965 0.00908134 0.0112093 0.15161 0.00851882 0.0822227 0.00328909 0.00325079 0 0.575848 0.00986288 0.146857 
0.00848745 0.00828589 0.00813374 0.00814305 0.00809233 0.00806351 0.00827861 0.00839373 0.00851692 0.00884402 0.00873222 0.00902279 0.0087832 0.00846455 0.00841292 0.00902779 0.00923172 0.00847777 0.00935891 0.00920461 0.00910798 0.00910447 0.00999407 0.00876892 0.00882813 0.00982598 0.00916589 0.00938511 0.0128829 0.0113909 0.0127614 0.0102642 0.0159433 0.0109967 0.0127212 0.00928705 0.00995906 0.00943661 0.010254 0.0107678 0.0109873 0.0130372 0.0136582 0.0177612 0.0179077 0.0105091 0.0301601 0.0502666 0.0126848 0.11923 0.0655989 0.00936051 0.575848 0 0.00327751 0.00480449 
0.00867238 0.00851169 0.00825676 0.00822137 0.00816911 0.00820538 0.00855073 0.00857219 0.00894048 0.00925304 0.00918075 0.00916955 0.00910188 0.00858984 0.00882344 0.00840736 0.00837522 0.00947613 0.00937082 0.00973942 0.00981779 0.00965814 0.00857373 0.00865505 0.0102907 0.010073 0.0101176 0.0106154 0.00976326 0.0116641 0.0145439 0.0142116 0.0119476 0.021292 0.0127795 0.01113 0.0112843 0.0117361 0.0117721 0.0117103 0.0156947 0.0152605 0.0323989 0.0168192 0.0116454 0.0669112 0.0189461 0.0144155 0.330005 0.0130581 0.010906 0.811656 0.00986288 0.00327751 0 0.0033086 
0.00847374 0.00902324 0.00823291 0.00825657 0.00839833 0.00820723 0.00845805 0.00899448 0.00907604 0.0112803 0.010163 0.010988 0.00946671 0.00943057 0.00868113 0.00947747 0.0127226 0.00885578 0.00959097 0.0125326 0.0100854 0.0102269 0.00912579 0.013564 0.00985099 0.011606 0.0122358 0.0108264 0.0115346 0.0201142 0.0190066 0.0170149 0.0266595 0.0202734 0.0251472 0.016181 0.0164915 0.0159678 0.0153749 0.0191087 0.0214913 0.031799 0.0207109 0.036965 0.0344991 0.0126571 0.0307333 0.0949547 0.0129438 0.0849103 0.750958 0.00946756 0.146857 0.00480449 0.0033086 0 
