1B09A
QTDMSRKAFVFPKESDTSYVSLKAPLTKPLKAFTVCLHFYTELSSTRGYSIFSYATKRQDNEILIFWSKDIGYSFTVGGSEILFEVPEVTVAPVHICTSWESASGIVEFWVDGKPRVRKSLKKGYTVGAEASIILGQEQDSFGGNFEGSQSLVGDIGNVNMWDFVLSPDEINTIYLGGPFSPNVLNWRALKYEVQGEVFTKPQLWP
CCCCCCEEEEECCCCCCCEEEECCCCCCCECEEEEEEEEECCHHHCCCEEEEEEECCCCCCCEEEEEECCCEEEEEECCEEEEEECCCCCCCCEEEEEEEECCCCEEEEEECCEECCCEECCCCCCECCCCEEEECCCCCECCECCCHHHCCCEEEEEEEEECCCCCHHHHHHHHHCCCCCCCCECHHHCCEEEECCCEEEECCCC
0 0 0 0 0 0 0 0 0 0 0 0 0 0 0 0 0 0 0 0 0 0 0 0 0 0 0 0 0 0 0 0 0 0 0 0 0 0 0 0 0 0 0 0 0 0 0 0 0 0 0 0 0 0 0 0 0 0 0 0 0 0 0 0 0 0 0 0 0 0 0 0 0 0 0 0 0 0 0 0 0 0 0 0 0 0 0 0 0 0 0 0 0 0 0 0 0 0 0 0 0 0 0 0 0 0 0 0 0 0 0 0 0 0 0 0 0 0 0 0 0 0 0 0 0 0 0 0 0 0 0 0 0 0 0 0 0 0 0 0 0 0 0 0 0 0 0 0 0 0 0 0 0 0 0 0 0 0 0 0 0 0 0 0 0 0 0 0 0 0 0 0 0 0 0 0 0 0 0 0 0 0 0 0 0 0 0 0 0 0 0 0 0 0 0 0 0 0 0 0 0 0 0 0 0 0 
0 0 0 0 0 0 0 0 0 0 0 0 0 0 0 0 0 0 0 0 0 0 0 0 0 0 0 0 0 0 0 0 0 0 0 0 0 0 0 0 0 0 0 0 0 0 0 0 0 0 0 0 0 0 0 0 0 0 0 0 0 0 0 0 0 0 0 0 0 0 0 0 0 0 0 0 0 0 0 0 0 0 0 0 0 0 0 0 0 0 0 0 0 0 0 0 0 0 0 0 0 0 0 0 0 0 0 0 0 0 0 0 0 0 0 0 0 0 0 0 0 0 0 0 0 0 0 0 0 0 0 0 0 0 0 0 0 0 0 0 0 0 0 0 0 0 0 0 0 0 0 0 0 0 0 0 0 0 0 0 0 0 0 0 0 0 0 0 0 0 0 0 0 0 0 0 0 0 0 0 0 0 0 0 0 0 0 0 0 0 0 0 0 0 0 0 0 0 0 0 0 0 0 0 0 0 
0 0.00351012 0.00328389 0.00339475 0.00472323 0.0158601 0.00836752 0.014717 0.119499 0.0196328 0.0187506 0.0122577 0.0120969 0.0108903 0.0174921 0.0106725 0.0101683 0.0114689 0.0259826 0.0140542 0.0103748 0.0105581 0.00975401 0.0101267 0.0101502 0.0183878 0.0162712 0.0106232 0.0103123 0.00959377 0.00995698 0.0141865 0.0102905 0.0087585 0.00924935 0.00888822 0.010138 0.0131803 0.00908803 0.00897987 0.0083346 0.00898961 0.00885292 0.0145487 0.00960747 0.00862186 0.00880917 0.00863101 0.00856014 0.00834365 0.00847752 0.0107448 0.00876537 0.00839894 0.00849931 0.00850891 0.00863208 0.00909095 0.00830047 0.00858489 0.00856807 0.00908002 0.0096498 0.00889816 0.00833015 0.00903371 0.00957895 0.00887785 0.00837702 0.00847128 0.00812248 0.00811299 0.0080387 0.00827275 0.00804474 0.00813649 0.00810853 0.00825657 0.00835851 0.00836552 0.00800233 0.00805232 0.00834916 0.00837571 0.00811808 0.00809035 0.00862379 
0.00351012 0 0.00324027 0.00326773 0.00331632 0.00919855 0.0170839 0.0584677 0.049435 0.0140725 0.0135937 0.0475682 0.0152286 0.0306354 0.0169171 0.0184472 0.0145173 0.0316231 0.0116347 0.0131295 0.0225231 0.0198144 0.0250396 0.0131572 0.0205502 0.0120543 0.0197722 0.0353753 0.0232095 0.0223807 0.0149188 0.0105631 0.00956967 0.0172155 0.0111212 0.020468 0.0134414 0.01122 0.00859808 0.0088514 0.0108322 0.00927508 0.0129146 0.00984454 0.01097 0.0117995 0.0131581 0.0143208 0.0127886 0.00925598 0.0103885 0.00885179 0.00922096 0.0102306 0.00992444 0.0103422 0.00953547 0.00905696 0.00808855 0.00818818 0.00840957 0.00850266 0.0094564 0.00857777 0.00950465 0.00977114 0.00913692 0.00806283 0.00814009 0.00845536 0.00864632 0.00846058 0.00850742 0.00834327 0.00844847 0.00839775 0.00850075 0.00823057 0.00802743 0.00825001 0.00811679 0.00814852 0.00809374 0.00830041 0.00825469 0.0084091 0.00823026 
0.00328389 0.00324027 0 0.00328312 0.00323886 0.00873134 0.0617451 0.067857 0.014648 0.0106925 0.0150951 0.0238865 0.0614434 0.036465 0.038499 0.0362213 0.0636638 0.0179248 0.0113241 0.0108998 0.0226946 0.0662035 0.0291457 0.0515797 0.0159044 0.0120091 0.014169 0.0418758 0.0921649 0.0649171 0.0159778 0.00957486 0.00982791 0.0154187 0.0361725 0.0343988 0.0212023 0.0101877 0.00862493 0.00912734 0.0110636 0.0178536 0.010996 0.00982332 0.0101674 0.0169755 0.0406049 0.0279474 0.0222895 0.0184742 0.00985567 0.00893445 0.00967902 0.0127758 0.0226621 0.0175573 0.00997398 0.00872889 0.00812043 0.00831774 0.00856449 0.00838666 0.00822582 0.00880279 0.0119089 0.0123547 0.00946886 0.00800762 0.00796528 0.00891147 0.00909585 0.00967943 0.00902086 0.0093513 0.00909347 0.00937404 0.00884419 0.00833264 0.00804232 0.00818024 0.00819292 0.00814874 0.00808442 0.00843519 0.00839709 0.00840691 0.00828918 
0.00339475 0.00326773 0.00328312 0 0.00324224 0.0800953 0.0558717 0.0296707 0.0113674 0.0115485 0.0135965 0.0292735 0.0256749 0.0267007 0.0260739 0.033466 0.0210831 0.0584436 0.0139614 0.0126021 0.0289397 0.0235005 0.0270127 0.0204048 0.0366768 0.0128254 0.0159165 0.0347167 0.0471131 0.0366198 0.0330887 0.00989553 0.0105669 0.0174111 0.0204024 0.0232293 0.03826 0.0124922 0.00905014 0.00907323 0.00989796 0.0104937 0.0151437 0.0100004 0.0103503 0.0178506 0.0212991 0.0217157 0.0178499 0.0117543 0.0152858 0.00897112 0.0102074 0.0120298 0.016176 0.0122878 0.0108771 0.00902185 0.00849773 0.00837895 0.00870741 0.00881878 0.00829623 0.00912435 0.0111601 0.0157136 0.0101282 0.00808001 0.00807639 0.00892111 0.00970027 0.00908849 0.0089911 0.0086571 0.00880471 0.00913173 0.00905026 0.00832459 0.00806438 0.00821439 0.00813469 0.0082227 0.00798604 0.00850549 0.00836985 0.00843309 0.00812971 
0.00472323 0.00331632 0.00323886 0.00324224 0 0.0423495 0.0214821 0.00794938 0.0147884 0.0173698 0.0183181 0.0141955 0.0116559 0.012967 0.0164471 0.0108273 0.0126306 0.0131734 0.0214134 0.0237878 0.010969 0.0120778 0.0118465 0.0118908 0.0117109 0.0169666 0.0227467 0.0117574 0.0121906 0.0114642 0.0106831 0.0109449 0.0167844 0.0108607 0.0101728 0.0103572 0.0110168 0.0154339 0.0133449 0.00915721 0.00894171 0.00886255 0.00921692 0.00999244 0.0158221 0.00933418 0.0105339 0.00982739 0.00978691 0.00885605 0.00909887 0.00930715 0.0137872 0.00949091 0.00898461 0.0091489 0.00881479 0.00848742 0.00910863 0.00834477 0.00969893 0.00867065 0.0100965 0.0107055 0.00929185 0.00919337 0.00985559 0.00867719 0.00886857 0.0101051 0.00843058 0.00842136 0.00830848 0.00845077 0.00826966 0.008349 0.00823513 0.00826255 0.00847862 0.00855363 0.00814202 0.00804204 0.00805998 0.00893364 0.00823735 0.00811113 0.00812361 
0.0158601 0.00919855 0.00873134 0.0800953 0.0423495 0 0.00325845 0.00334726 0.00363967 0.0124306 0.0121149 0.0112407 0.0141064 0.0165488 0.013983 0.0111808 0.0105429 0.0113674 0.0429636 0.0144101 0.0116887 0.0113684 0.0125454 0.0110568 0.0125087 0.0323916 0.0217909 0.0138202 0.0130544 0.0123884 0.0121111 0.0204011 0.0113462 0.00999657 0.0111919 0.0106735 0.0145294 0.0195169 0.00928247 0.0091076 0.00865477 0.00985079 0.00911655 0.0272935 0.0103668 0.0102573 0.0100038 0.0140846 0.00963045 0.0094378 0.00889537 0.0157457 0.00942972 0.00874184 0.00936714 0.00904654 0.0101028 0.0110452 0.00845527 0.00961338 0.00909652 0.0105336 0.0105829 0.0102918 0.00878379 0.0101359 0.0120691 0.00909315 0.00869081 0.00855446 0.00835856 0.00825468 0.00827375 0.00838251 0.00819301 0.0083489 0.00839297 0.00870365 0.00862517 0.00836333 0.00802522 0.00810284 0.00842419 0.00851476 0.00820159 0.00824348 0.00906215 
0.00836752 0.0170839 0.0617451 0.0558717 0.0214821 0.00325845 0 0.00324971 0.00326541 0.00969044 0.00971051 0.0338104 0.0194227 0.0336172 0.0117806 0.0188944 0.0115475 0.0423059 0.011962 0.0129909 0.0159677 0.0291687 0.0162556 0.0138187 0.02166 0.0121254 0.0172921 0.0313475 0.0403757 0.0242483 0.0183211 0.0106942 0.00950178 0.0230746 0.012852 0.0378442 0.0127842 0.0134149 0.00855823 0.00878107 0.0114076 0.00884537 0.0178389 0.0091442 0.0115968 0.0129194 0.0278125 0.0160741 0.015334 0.00989153 0.014533 0.0088871 0.00935584 0.0124357 0.0115371 0.0152919 0.00950746 0.00900257 0.00820874 0.00863945 0.00870268 0.00877418 0.00893187 0.00858027 0.0117185 0.0118149 0.00980855 0.00799071 0.00812977 0.00871966 0.0088317 0.00907183 0.00877001 0.00843428 0.00883972 0.00867612 0.00870788 0.00828489 0.0080716 0.00815097 0.00813411 0.00816883 0.00804228 0.00817737 0.00830921 0.00838216 0.00821905 
0.014717 0.0584677 0.067857 0.0296707 0.00794938 0.00334726 0.00324971 0 0.00325122 0.010972 0.0171979 0.0693799 0.02886 0.00952175 0.0214069 0.0121625 0.0295698 0.0130399 0.0118776 0.0110621 0.0272217 0.0136892 0.0140101 0.0253816 0.016154 0.010869 0.0141139 0.0328452 0.0260543 0.0244308 0.0202937 0.0090784 0.0128615 0.0111667 0.0287193 0.0119084 0.0446522 0.0102604 0.009446 0.00974403 0.00899944 0.0174394 0.00907761 0.0116722 0.00981469 0.0229598 0.0134891 0.0175806 0.0127185 0.0159627 0.00936781 0.0091524 0.0109797 0.010192 0.0203989 0.00985705 0.0106266 0.0085898 0.00890809 0.00832474 0.00921628 0.00870472 0.00819753 0.0100768 0.010626 0.0135378 0.00923064 0.00814157 0.00800924 0.00898487 0.0094378 0.00866558 0.00863652 0.00879183 0.00844394 0.00925827 0.00857568 0.00826799 0.00812175 0.00816667 0.00817611 0.00815809 0.00801779 0.00841924 0.00835408 0.0083135 0.00809147 
0.119499 0.049435 0.014648 0.0113674 0.0147884 0.00363967 0.00326541 0.00325122 0 0.0397353 0.0351695 0.0281435 0.00874762 0.0108284 0.00961162 0.0133777 0.00781214 0.0127142 0.0121991 0.0281113 0.0101473 0.0116128 0.0120998 0.00979254 0.012814 0.014791 0.0349937 0.0126624 0.0121582 0.0120228 0.0108146 0.0134413 0.0167609 0.014895 0.00934846 0.0151479 0.0103214 0.0201321 0.0160366 0.00919483 0.0103754 0.00869111 0.0151485 0.00999122 0.0290053 0.00949898 0.0121721 0.0103884 0.0105639 0.00895989 0.0112519 0.00938613 0.0151622 0.0114572 0.00902032 0.00996615 0.00908012 0.00922671 0.00887899 0.00880294 0.0104132 0.00917335 0.016016 0.011018 0.00990192 0.00926371 0.010541 0.00884946 0.0105927 0.0107913 0.00844333 0.00856516 0.00881612 0.00822521 0.00848298 0.00841663 0.0083387 0.00833151 0.00895176 0.00904909 0.00814006 0.00821091 0.00811004 0.00946566 0.0081865 0.00829613 0.00813306 
0.0196328 0.0140725 0.0106925 0.0115485 0.0173698 0.0124306 0.00969044 0.010972 0.0397353 0 0.00576198 0.00341273 0.00328337 0.00345408 0.00331804 0.00361758 0.00358586 0.00596715 0.00851399 0.015247 0.00900961 0.00924682 0.00979011 0.00910023 0.0114726 0.0300181 0.0254808 0.01225 0.01008 0.00996051 0.0105193 0.0245016 0.0164366 0.0120843 0.00894843 0.0123768 0.00984762 0.0280444 0.0128548 0.00930829 0.0115483 0.00858439 0.0159139 0.0141397 0.0203156 0.00930716 0.00945284 0.00915434 0.00892233 0.0084653 0.00977679 0.0121194 0.0113372 0.00933718 0.00844172 0.00904176 0.00868752 0.0121255 0.00851402 0.012354 0.0106092 0.0113954 0.0402394 0.010072 0.00978814 0.00870676 0.0126773 0.0111419 0.016384 0.0103025 0.00805792 0.0084914 0.00859045 0.0081893 0.00859655 0.0080599 0.00818457 0.00902538 0.0116144 0.0100509 0.00800712 0.00831919 0.00899578 0.00953352 0.00812589 0.00844165 0.00892495 
0.0187506 0.0135937 0.0150951 0.0135965 0.0183181 0.0121149 0.00971051 0.0171979 0.0351695 0.00576198 0 0.00341413 0.00322353 0.00320393 0.00324035 0.00323844 0.00330013 0.00355703 0.00585701 0.0109303 0.0100836 0.01044 0.0114755 0.0125219 0.0119455 0.0229309 0.0261925 0.0142937 0.0166499 0.0139764 0.0120241 0.0145026 0.0119161 0.0109109 0.0138228 0.0128746 0.0153422 0.01514 0.00928464 0.00895023 0.00949493 0.0109722 0.0100103 0.0228443 0.0112938 0.0123379 0.0128376 0.0165672 0.0112309 0.0123138 0.0091542 0.028162 0.00969083 0.00948123 0.0126175 0.0103497 0.0102586 0.00967902 0.00830358 0.00880502 0.00878074 0.00927681 0.00940619 0.00940946 0.0100987 0.0122366 0.0111145 0.00841256 0.00836009 0.0089417 0.00869053 0.00876972 0.00867637 0.00869221 0.00876443 0.0097865 0.00842968 0.00881434 0.0087071 0.0083507 0.00806891 0.00806164 0.00817956 0.0084424 0.00822887 0.00822048 0.00833446 
0.0122577 0.0475682 0.0238865 0.0292735 0.0141955 0.0112407 0.0338104 0.0693799 0.0281435 0.00341273 0.00341413 0 0.0032279 0.00321889 0.00324349 0.00331492 0.0036482 0.00392484 0.00397991 0.0112698 0.0136592 0.0147825 0.0125251 0.0127314 0.02707 0.023114 0.0254664 0.0406257 0.0235319 0.0211796 0.0198036 0.011969 0.0111756 0.0280217 0.0124964 0.0436424 0.0158743 0.0165588 0.00940547 0.00967485 0.0121917 0.00970946 0.0436345 0.0104043 0.0165173 0.0144533 0.0364324 0.0185599 0.0262884 0.0101911 0.0466446 0.00949521 0.0102014 0.0200786 0.0120636 0.022626 0.0103373 0.0104923 0.00823445 0.00910893 0.0090538 0.00920916 0.00910736 0.00909752 0.0185804 0.012719 0.0102795 0.00814811 0.00818248 0.00918524 0.00954329 0.0091185 0.0094069 0.00862787 0.0100611 0.00878055 0.0100964 0.00866468 0.00811776 0.00828509 0.0081239 0.00828601 0.00810439 0.00835485 0.00827973 0.00853978 0.00830865 
0.0120969 0.0152286 0.0614434 0.0256749 0.0116559 0.0141064 0.0194227 0.02886 0.00874762 0.00328337 0.00322353 0.0032279 0 0.00322471 0.00323629 0.00324676 0.00339688 0.00348736 0.00351038 0.0087912 0.0142606 0.0137416 0.0144911 0.0322707 0.0208539 0.0459451 0.012794 0.0250116 0.0444446 0.0450174 0.0144536 0.0106176 0.0116105 0.011864 0.0636382 0.0196451 0.0451234 0.0106007 0.0089849 0.00990387 0.0104938 0.0494416 0.00961761 0.0149853 0.00957254 0.0339562 0.0312084 0.0676019 0.027777 0.110728 0.0124503 0.0115423 0.0103631 0.0132611 0.0624924 0.0187298 0.0148394 0.00884331 0.00850998 0.00841506 0.00878991 0.00884365 0.00819777 0.00989857 0.0133246 0.0262164 0.0103201 0.00806547 0.00803299 0.00946488 0.0106282 0.0104385 0.010398 0.0134753 0.0092968 0.0153503 0.00910179 0.00850286 0.00803441 0.00818194 0.00836795 0.00818786 0.00805447 0.00841265 0.00851533 0.00833866 0.00824314 
0.0108903 0.0306354 0.036465 0.0267007 0.012967 0.0165488 0.0336172 0.00952175 0.0108284 0.00345408 0.00320393 0.00321889 0.00322471 0 0.00320061 0.0032743 0.00321127 0.00324455 0.00337988 0.00979838 0.0104915 0.0171968 0.0217066 0.0225749 0.0527715 0.015825 0.0160989 0.0254521 0.0657905 0.0377651 0.0177949 0.0107388 0.0106681 0.0307521 0.0185208 0.091283 0.0133358 0.0175563 0.00924644 0.00951345 0.0354265 0.010642 0.0239319 0.00940254 0.0156689 0.0133673 0.124155 0.0363948 0.194453 0.0166043 0.0223411 0.00919967 0.0110476 0.0260785 0.0272834 0.0570976 0.0108043 0.0108169 0.00824287 0.00935489 0.00874358 0.00901265 0.00864688 0.0091501 0.0229874 0.0186177 0.0119142 0.00807029 0.00851884 0.00950712 0.0105939 0.0126307 0.012761 0.0102435 0.0158949 0.0100363 0.0119229 0.0089468 0.00822262 0.00819928 0.00829907 0.00828263 0.00810353 0.00863557 0.0084405 0.00869913 0.00829938 
0.0174921 0.0169171 0.038499 0.0260739 0.0164471 0.013983 0.0117806 0.0214069 0.00961162 0.00331804 0.00324035 0.00324349 0.00323629 0.00320061 0 0.00319534 0.0032486 0.00322672 0.00321657 0.00818248 0.0154293 0.0188102 0.0183463 0.0647449 0.042398 0.019117 0.012085 0.034997 0.0381865 0.0403196 0.0166458 0.00998502 0.0116092 0.0138046 0.0630023 0.0204062 0.0472366 0.0108651 0.00907412 0.0149396 0.0103171 0.0252383 0.0104122 0.011968 0.0100752 0.0365365 0.0314818 0.249448 0.0306763 0.0495076 0.0118013 0.0103252 0.0108054 0.0181191 0.0635178 0.0222543 0.0185044 0.0092654 0.00841415 0.00855903 0.00914105 0.0092468 0.00827487 0.00987821 0.0151173 0.0290633 0.0111428 0.00810311 0.00808311 0.0100695 0.0110602 0.0116657 0.0105911 0.0142568 0.00992074 0.0174228 0.00963913 0.00892777 0.00809632 0.00822164 0.00834814 0.00821944 0.00810536 0.00852465 0.00852269 0.00856632 0.008254 
0.0106725 0.0184472 0.0362213 0.033466 0.0108273 0.0111808 0.0188944 0.0121625 0.0133777 0.00361758 0.00323844 0.00331492 0.00324676 0.0032743 0.00319534 0 0.00319839 0.0032003 0.00321716 0.00942652 0.0109762 0.0239259 0.0613496 0.0352713 0.0302841 0.00976559 0.0156017 0.0180986 0.0468969 0.0304465 0.014706 0.0100506 0.00952647 0.0246146 0.0167726 0.111487 0.0166841 0.013605 0.00929578 0.00906645 0.0160576 0.0109599 0.0175249 0.0093099 0.0126 0.0133892 0.24703 0.0339009 0.0770356 0.0174978 0.0192453 0.00907882 0.0117553 0.0196814 0.0227861 0.0549517 0.0109299 0.00961443 0.00834814 0.00894996 0.00896666 0.0089632 0.00849842 0.00902763 0.0174627 0.0188334 0.0117657 0.00806538 0.00833533 0.00965859 0.0103492 0.0122068 0.0127638 0.0103142 0.0122366 0.009995 0.0107059 0.00925906 0.0081662 0.00822436 0.00825447 0.00823719 0.00812955 0.00850225 0.00846849 0.00844106 0.00827009 
0.0101683 0.0145173 0.0636638 0.0210831 0.0126306 0.0105429 0.0115475 0.0295698 0.00781214 0.00358586 0.00330013 0.0036482 0.00339688 0.00321127 0.0032486 0.00319839 0 0.00321096 0.00321027 0.00858266 0.0235988 0.0698234 0.0326793 0.0406914 0.014242 0.00910388 0.0104602 0.0233936 0.0290181 0.0379429 0.0142497 0.00965876 0.0111651 0.010777 0.0854509 0.0176445 0.0351438 0.0106371 0.00867616 0.00992705 0.00984422 0.0271445 0.00985737 0.0120781 0.00933611 0.126732 0.0385551 0.0806104 0.0255839 0.0486607 0.0103661 0.0102256 0.0101199 0.0118131 0.0563722 0.0180297 0.0132243 0.00889336 0.00826292 0.00840097 0.00867782 0.00879496 0.00816263 0.00935111 0.014372 0.0227586 0.00992378 0.0080527 0.00806128 0.00943491 0.0102179 0.0110697 0.010231 0.011536 0.00952162 0.0162388 0.00926224 0.00870617 0.00806987 0.00815184 0.00817807 0.00816448 0.00810294 0.00844314 0.00839959 0.00833172 0.00814533 
0.0114689 0.0316231 0.0179248 0.0584436 0.0131734 0.0113674 0.0423059 0.0130399 0.0127142 0.00596715 0.00355703 0.00392484 0.00348736 0.00324455 0.00322672 0.0032003 0.00321096 0 0.00323214 0.0208268 0.040871 0.0460395 0.0220344 0.0125572 0.0145722 0.0109849 0.0132421 0.0208951 0.0344507 0.0279823 0.0315582 0.0108539 0.00958137 0.0478536 0.0115353 0.0313929 0.0261597 0.0183281 0.00911848 0.00913399 0.0101936 0.00933178 0.0262942 0.00928363 0.0889403 0.0151007 0.0369635 0.0225618 0.0350444 0.0107767 0.0303076 0.00919485 0.0105267 0.0216828 0.012643 0.0180584 0.0113108 0.00979037 0.00869048 0.00898658 0.00922107 0.00933752 0.00859921 0.00935536 0.0140241 0.0217005 0.0126741 0.00814749 0.00835667 0.00936602 0.0114967 0.00952539 0.0101881 0.0085763 0.0101022 0.00895864 0.0111197 0.00945805 0.00820535 0.00819114 0.0081818 0.00826592 0.00804135 0.00872705 0.00836227 0.0086073 0.00809993 
0.0259826 0.0116347 0.0113241 0.0139614 0.0214134 0.0429636 0.011962 0.0118776 0.0121991 0.00851399 0.00585701 0.00397991 0.00351038 0.00337988 0.00321657 0.00321716 0.00321027 0.00323214 0 0.0243744 0.0384604 0.0143469 0.0097404 0.00899028 0.00914831 0.0165635 0.0195198 0.0144919 0.0130708 0.0131366 0.0134843 0.0165808 0.0295855 0.0112321 0.0118999 0.00988536 0.0176214 0.0164733 0.0156867 0.0096305 0.00897074 0.00961035 0.009183 0.0271282 0.0150486 0.012563 0.0112713 0.0135399 0.0102138 0.0104963 0.00934599 0.0133043 0.0212891 0.00994138 0.010496 0.00940626 0.00958654 0.00929855 0.00929379 0.00871047 0.0110845 0.00934557 0.0106543 0.0132545 0.00942073 0.0105917 0.0143786 0.0089256 0.00900801 0.011662 0.0088982 0.00864789 0.00854744 0.00879534 0.0083525 0.00890597 0.00851087 0.00856441 0.00859669 0.00852032 0.00813559 0.00808929 0.00817926 0.00888291 0.00823787 0.00823821 0.00817296 
0.0140542 0.0131295 0.0108998 0.0126021 0.0237878 0.0144101 0.0129909 0.0110621 0.0281113 0.015247 0.0109303 0.0112698 0.0087912 0.00979838 0.00818248 0.00942652 0.00858266 0.0208268 0.0243744 0 0.00343511 0.0032326 0.00325765 0.00330003 0.00334786 0.00537262 0.0136481 0.00848757 0.00954382 0.00942891 0.0134804 0.264926 0.0139953 0.0115217 0.0096761 0.0120019 0.0106947 0.0263216 0.0106234 0.00913598 0.00938291 0.00886879 0.0119898 0.0218216 0.0172331 0.0103872 0.0128017 0.0105642 0.011221 0.00977833 0.0106957 0.0173034 0.0104837 0.0103151 0.00946675 0.0102833 0.00955684 0.014261 0.00844482 0.0118251 0.00970642 0.0118868 0.0129298 0.00979867 0.0103186 0.0101489 0.0157808 0.00887604 0.00943798 0.00919768 0.00850316 0.00860546 0.0084119 0.00829279 0.00843068 0.00849264 0.00881486 0.00918388 0.0086822 0.00831602 0.00796432 0.00808545 0.00837079 0.00840617 0.00814795 0.00826154 0.00901413 
0.0103748 0.0225231 0.0226946 0.0289397 0.010969 0.0116887 0.0159677 0.0272217 0.0101473 0.00900961 0.0100836 0.0136592 0.0142606 0.0104915 0.0154293 0.0109762 0.0235988 0.040871 0.0384604 0.00343511 0 0.00321852 0.00323363 0.00324032 0.00374247 0.00329369 0.00878296 0.0121836 0.0108985 0.0153079 0.286682 0.0499721 0.0099122 0.0125002 0.016305 0.0114756 0.0290383 0.0136122 0.00883074 0.0101914 0.00912025 0.0123301 0.0118468 0.0126536 0.0108923 0.0305475 0.0155892 0.0267609 0.0168354 0.0199013 0.0127032 0.0105676 0.0104104 0.0125007 0.0212247 0.0121462 0.0155998 0.00943189 0.00868034 0.00871524 0.00936261 0.00939005 0.00862977 0.00933513 0.0137209 0.0190228 0.0102519 0.0081453 0.00821457 0.00892071 0.0114006 0.00923533 0.00916998 0.00954403 0.00905339 0.010534 0.00933531 0.00852471 0.00807596 0.00816154 0.00818732 0.00821808 0.00813028 0.00829919 0.00839706 0.00849063 0.00840792 
0.0105581 0.0198144 0.0662035 0.0235005 0.0120778 0.0113684 0.0291687 0.0136892 0.0116128 0.00924682 0.01044 0.0147825 0.0137416 0.0171968 0.0188102 0.0239259 0.0698234 0.0460395 0.0143469 0.0032326 0.00321852 0 0.00320895 0.0032456 0.00321848 0.00325248 0.00897398 0.0104108 0.0150281 0.287731 0.065994 0.0151256 0.00916548 0.0152999 0.0154551 0.0304997 0.0169561 0.0122429 0.00903414 0.00924498 0.0151005 0.0126773 0.0155485 0.00972157 0.0129967 0.0170737 0.0690616 0.0394824 0.0593408 0.0264085 0.0174901 0.00960106 0.0108923 0.0196255 0.0311605 0.0479743 0.0152049 0.00974157 0.00840601 0.00879361 0.00903252 0.00904405 0.0084876 0.00929678 0.0236661 0.0288663 0.012279 0.00808928 0.00820376 0.0096383 0.010755 0.0132839 0.0139622 0.0123015 0.0139665 0.0121791 0.0108212 0.00866521 0.00814043 0.00822003 0.00820627 0.00824451 0.00811251 0.00846935 0.00844032 0.00859836 0.00823744 
0.00975401 0.0250396 0.0291457 0.0270127 0.0118465 0.0125454 0.0162556 0.0140101 0.0120998 0.00979011 0.0114755 0.0125251 0.0144911 0.0217066 0.0183463 0.0613496 0.0326793 0.0220344 0.0097404 0.00325765 0.00323363 0.00320895 0 0.00321423 0.00323252 0.00323522 0.00839242 0.0100332 0.573116 0.0599701 0.0285768 0.0089224 0.00900524 0.0122674 0.017788 0.0227995 0.0130678 0.0114084 0.00895418 0.00936405 0.0127425 0.0144162 0.0130879 0.0101592 0.0105093 0.0177339 0.0447951 0.0575895 0.0457808 0.0215527 0.0155329 0.00955429 0.0102896 0.0195833 0.0344466 0.039156 0.0126128 0.00966462 0.00840811 0.0088862 0.00893252 0.00915262 0.00864514 0.00935685 0.01786 0.0266897 0.0123765 0.00809943 0.00827219 0.00950581 0.0113512 0.0139802 0.0121061 0.011996 0.0129427 0.0134842 0.0101688 0.00886849 0.00815887 0.00827503 0.00814967 0.00823781 0.00813664 0.00842953 0.00844474 0.00850524 0.00841187 
0.0101267 0.0131572 0.0515797 0.0204048 0.0118908 0.0110568 0.0138187 0.0253816 0.00979254 0.00910023 0.0125219 0.0127314 0.0322707 0.0225749 0.0647449 0.0352713 0.0406914 0.0125572 0.00899028 0.00330003 0.00324032 0.0032456 0.00321423 0 0.00320234 0.0032333 0.00835661 0.628082 0.0682181 0.0955334 0.0117824 0.00772798 0.00933182 0.0122017 0.0247223 0.0125671 0.0194707 0.011178 0.00908686 0.00953757 0.0108013 0.0172048 0.0100445 0.0149882 0.0101221 0.0235308 0.0412629 0.0574647 0.0353287 0.027094 0.0109551 0.010843 0.0106619 0.015504 0.0505286 0.0206884 0.0132467 0.00913741 0.0087094 0.0087228 0.0093192 0.00930048 0.00829801 0.00965614 0.0164239 0.0264727 0.0119358 0.00815058 0.00828435 0.00939619 0.0132835 0.0113281 0.0108684 0.0136876 0.00990289 0.0141366 0.00965121 0.00878199 0.00807751 0.00821892 0.00812145 0.00814004 0.00808294 0.00851537 0.00847554 0.00855873 0.0082674 
0.0101502 0.0205502 0.0159044 0.0366768 0.0117109 0.0125087 0.02166 0.016154 0.012814 0.0114726 0.0119455 0.02707 0.0208539 0.0527715 0.042398 0.0302841 0.014242 0.0145722 0.00914831 0.00334786 0.00374247 0.00321848 0.00323252 0.00320234 0 0.00333189 0.643666 0.0344564 0.0429799 0.0135716 0.0103541 0.00740251 0.0104518 0.0212496 0.010803 0.0149657 0.0172826 0.0146614 0.00993108 0.013024 0.00985205 0.00913612 0.0179783 0.0106749 0.013012 0.0152488 0.0376168 0.0194731 0.0217981 0.0116775 0.0211081 0.00984178 0.0123338 0.0234475 0.0128756 0.0155069 0.0129637 0.0105757 0.00884222 0.00955663 0.00972725 0.0101211 0.00898568 0.00956201 0.0157681 0.0284041 0.0146651 0.00819211 0.00863214 0.00980391 0.0109865 0.0101117 0.0106509 0.00940295 0.0101709 0.00933571 0.0116618 0.00891131 0.00818532 0.00825095 0.00819996 0.00829253 0.00804294 0.00858774 0.00850979 0.00852281 0.00821198 
0.0183878 0.0120543 0.0120091 0.0128254 0.0169666 0.0323916 0.0121254 0.010869 0.014791 0.0300181 0.0229309 0.023114 0.0459451 0.015825 0.019117 0.00976559 0.00910388 0.0109849 0.0165635 0.00537262 0.00329369 0.00325248 0.00323522 0.0032333 0.00333189 0 0.0614096 0.0140151 0.00757214 0.00792366 0.00755824 0.00917921 0.0230553 0.0108383 0.0103807 0.00952665 0.0144353 0.0183074 0.0274371 0.00949714 0.00897642 0.00951392 0.00964257 0.0197212 0.0193443 0.0175356 0.0116397 0.0126721 0.0104201 0.0101715 0.0102121 0.012151 0.027015 0.0107071 0.0103947 0.0100784 0.00973098 0.0101254 0.0109482 0.00921848 0.0131902 0.0104258 0.0127934 0.0156982 0.0100321 0.0117151 0.0201327 0.00936637 0.0105096 0.0130333 0.00938779 0.00875046 0.00895097 0.00857126 0.00854672 0.00892693 0.00874184 0.00906509 0.00932357 0.00899067 0.00820449 0.00812664 0.00829462 0.0101688 0.00832654 0.008481 0.00829478 
0.0162712 0.0197722 0.014169 0.0159165 0.0227467 0.0217909 0.0172921 0.0141139 0.0349937 0.0254808 0.0261925 0.0254664 0.012794 0.0160989 0.012085 0.0156017 0.0104602 0.0132421 0.0195198 0.0136481 0.00878296 0.00897398 0.00839242 0.00835661 0.643666 0.0614096 0 0.00330523 0.00324692 0.00328775 0.00328199 0.00404953 0.00595033 0.00727465 0.00701752 0.00966112 0.0179514 0.939285 0.0103458 0.00917793 0.0096332 0.00933282 0.0124277 0.0238805 0.036308 0.0137246 0.0158159 0.0136874 0.0132333 0.0135246 0.0116259 0.0190965 0.0171131 0.0144245 0.0125397 0.0133789 0.0107711 0.0175977 0.0090171 0.0135074 0.0115103 0.0139468 0.0167265 0.0152152 0.0156322 0.0124472 0.0214407 0.00985313 0.0101219 0.0124696 0.0093984 0.0093539 0.00944078 0.00899451 0.00973562 0.0095663 0.0094789 0.0105102 0.00952188 0.00877994 0.00805533 0.00835579 0.00878497 0.00894671 0.00839615 0.00867193 0.00958055 
0.0106232 0.0353753 0.0418758 0.0347167 0.0117574 0.0138202 0.0313475 0.0328452 0.0126624 0.01225 0.0142937 0.0406257 0.0250116 0.0254521 0.034997 0.0180986 0.0233936 0.0208951 0.0144919 0.00848757 0.0121836 0.0104108 0.0100332 0.628082 0.0344564 0.0140151 0.00330523 0 0.00322728 0.00322252 0.00325798 0.00328676 0.00508719 0.0104872 0.00900739 0.0173751 0.946824 0.0151636 0.00778673 0.00998032 0.00924678 0.0106554 0.0160275 0.0114076 0.0151351 0.044538 0.0244149 0.0357185 0.0387266 0.0206197 0.0207245 0.0104068 0.0119862 0.0247101 0.0283374 0.0186233 0.0383442 0.0103606 0.00920569 0.00946685 0.0118768 0.0105963 0.0106568 0.0130791 0.0322813 0.0347326 0.0133052 0.00847916 0.00859354 0.0108674 0.0164454 0.0114277 0.0123991 0.0142598 0.0116463 0.0130839 0.0111774 0.00887421 0.00823312 0.00851011 0.00822695 0.00828128 0.00818517 0.00889732 0.00863588 0.00901224 0.00853465 
0.0103123 0.0232095 0.0921649 0.0471131 0.0121906 0.0130544 0.0403757 0.0260543 0.0121582 0.01008 0.0166499 0.0235319 0.0444446 0.0657905 0.0381865 0.0468969 0.0290181 0.0344507 0.0130708 0.00954382 0.0108985 0.0150281 0.573116 0.0682181 0.0429799 0.00757214 0.00324692 0.00322728 0 0.00319807 0.00323856 0.00322036 0.00409869 0.00702166 0.0259545 0.945431 0.0180787 0.00875072 0.00701348 0.00820317 0.0106572 0.0149995 0.0119106 0.0117172 0.0122764 0.0226392 0.0728438 0.0704983 0.06005 0.041794 0.0176691 0.0101525 0.0123529 0.0224982 0.0521328 0.0784259 0.0185774 0.0116888 0.00879777 0.00911085 0.0100183 0.00959721 0.00909568 0.010845 0.0372238 0.0562015 0.0174239 0.00834209 0.00834765 0.0109534 0.0165351 0.020521 0.0242838 0.0187115 0.0192216 0.0233931 0.0136233 0.00918327 0.00822986 0.00835575 0.00828183 0.00848001 0.00816253 0.00890793 0.00899542 0.00906507 0.00850131 
0.00959377 0.0223807 0.0649171 0.0366198 0.0114642 0.0123884 0.0242483 0.0244308 0.0120228 0.00996051 0.0139764 0.0211796 0.0450174 0.0377651 0.0403196 0.0304465 0.0379429 0.0279823 0.0131366 0.00942891 0.0153079 0.287731 0.0599701 0.0955334 0.0135716 0.00792366 0.00328775 0.00322252 0.00319807 0 0.00319513 0.00320553 0.00377129 0.0104045 0.966758 0.0205851 0.00922227 0.00789031 0.00685381 0.00788357 0.0119203 0.0104446 0.0104015 0.0102181 0.012113 0.019794 0.0750457 0.0557653 0.0471834 0.0304892 0.0139806 0.0102199 0.0106054 0.0184826 0.0582286 0.0368805 0.0159113 0.0101431 0.00864651 0.00906772 0.00996106 0.00953587 0.00882404 0.0105292 0.0256794 0.0435633 0.0136444 0.00818605 0.00841447 0.0104937 0.0135325 0.016747 0.015327 0.0148861 0.0157011 0.0183595 0.0113856 0.00906102 0.00828298 0.00829561 0.00821639 0.00833966 0.00813852 0.00861194 0.00866082 0.00889188 0.00844197 
0.00995698 0.0149188 0.0159778 0.0330887 0.0106831 0.0121111 0.0183211 0.0202937 0.0108146 0.0105193 0.0120241 0.0198036 0.0144536 0.0177949 0.0166458 0.014706 0.0142497 0.0315582 0.0134843 0.0134804 0.286682 0.065994 0.0285768 0.0117824 0.0103541 0.00755824 0.00328199 0.00325798 0.00323856 0.00319513 0 0.00327232 0.00456363 0.976789 0.00958385 0.00665992 0.00696377 0.00763778 0.00737568 0.0136914 0.00770382 0.00816794 0.00953034 0.0104832 0.0119828 0.0335553 0.019133 0.0255666 0.0191094 0.0109108 0.0156821 0.0100317 0.0114035 0.0186391 0.0149288 0.0122471 0.0128215 0.0100019 0.00913368 0.00969346 0.00960531 0.0102603 0.00907815 0.0104607 0.0232912 0.0404566 0.0147145 0.00826675 0.00850901 0.00969067 0.011356 0.00971912 0.00979549 0.00987752 0.00921567 0.0100119 0.0105691 0.00873439 0.00830416 0.00821 0.00815635 0.008232 0.00805522 0.00866239 0.00837538 0.00838345 0.0081945 
0.0141865 0.0105631 0.00957486 0.00989553 0.0109449 0.0204011 0.0106942 0.0090784 0.0134413 0.0245016 0.0145026 0.011969 0.0106176 0.0107388 0.00998502 0.0100506 0.00965876 0.0108539 0.0165808 0.264926 0.0499721 0.0151256 0.0089224 0.00772798 0.00740251 0.00917921 0.00404953 0.00328676 0.00322036 0.00320553 0.00327232 0 0.981984 0.0109101 0.00360465 0.00382967 0.00505776 0.00641616 0.0300959 0.00739378 0.00693764 0.00749509 0.0078429 0.0102036 0.0320684 0.00974032 0.0164471 0.0105683 0.00964081 0.00949526 0.00970894 0.010414 0.0247795 0.0108833 0.00968318 0.0096876 0.0092765 0.00961403 0.0105635 0.00927654 0.012507 0.00986015 0.0152481 0.0141433 0.00985788 0.00973985 0.0158046 0.00910213 0.0105937 0.012877 0.00891143 0.00868886 0.00871518 0.0084504 0.0085019 0.00862328 0.00874598 0.00856154 0.00887809 0.00893691 0.00815692 0.00815106 0.00808318 0.00992206 0.00821536 0.00828985 0.00807632 
0.0102905 0.00956967 0.00982791 0.0105669 0.0167844 0.0113462 0.00950178 0.0128615 0.0167609 0.0164366 0.0119161 0.0111756 0.0116105 0.0106681 0.0116092 0.00952647 0.0111651 0.00958137 0.0295855 0.0139953 0.0099122 0.00916548 0.00900524 0.00933182 0.0104518 0.0230553 0.00595033 0.00508719 0.00409869 0.00377129 0.00456363 0.981984 0 0.00334154 0.00323169 0.00320826 0.00338159 0.00410487 0.00459815 0.00523167 0.00565881 0.00629153 0.00934054 0.937328 0.0117145 0.0112646 0.00920797 0.0100658 0.00937121 0.00953992 0.00924064 0.0207727 0.0131972 0.0096852 0.0101718 0.00934063 0.01023 0.0118157 0.00935349 0.0111702 0.0110241 0.0131605 0.0143145 0.0114321 0.0101572 0.0113488 0.0132308 0.0102104 0.00920795 0.00943388 0.00868384 0.00846455 0.00859761 0.00853971 0.00842026 0.00883767 0.00873184 0.00995611 0.00907458 0.00824174 0.00805386 0.0080398 0.00864011 0.00831823 0.00836451 0.00821191 0.0091623 
0.0087585 0.0172155 0.0154187 0.0174111 0.0108607 0.00999657 0.0230746 0.0111667 0.014895 0.0120843 0.0109109 0.0280217 0.011864 0.0307521 0.0138046 0.0246146 0.010777 0.0478536 0.0112321 0.0115217 0.0125002 0.0152999 0.0122674 0.0122017 0.0212496 0.0108383 0.00727465 0.0104872 0.00702166 0.0104045 0.976789 0.0109101 0.00334154 0 0.0031989 0.0032151 0.00327834 0.00340471 0.00405581 0.00520238 0.00580647 0.00733256 0.974886 0.0216336 0.0144357 0.0111988 0.0200659 0.0120774 0.0192996 0.0100742 0.0203639 0.0097716 0.0100591 0.0214992 0.0112899 0.0192108 0.01172 0.0107843 0.00876095 0.0098231 0.0102425 0.0102221 0.0114804 0.00971304 0.0284747 0.0151126 0.0144589 0.00827753 0.00860236 0.0099455 0.0100587 0.0104474 0.0100176 0.00923021 0.0124889 0.00907333 0.011372 0.00886564 0.00809371 0.0082867 0.00805249 0.00830413 0.00803866 0.00833215 0.00838532 0.00870587 0.00836211 
0.00924935 0.0111212 0.0361725 0.0204024 0.0101728 0.0111919 0.012852 0.0287193 0.00934846 0.00894843 0.0138228 0.0124964 0.0636382 0.0185208 0.0630023 0.0167726 0.0854509 0.0115353 0.0118999 0.0096761 0.016305 0.0154551 0.017788 0.0247223 0.010803 0.0103807 0.00701752 0.00900739 0.0259545 0.966758 0.00958385 0.00360465 0.00323169 0.0031989 0 0.00319308 0.00324135 0.00325056 0.00357278 0.00489869 0.0085374 0.965094 0.0251498 0.0121668 0.00848989 0.0241424 0.0132858 0.0315856 0.0138398 0.0340887 0.00966581 0.011946 0.0103798 0.0108917 0.0612134 0.0155399 0.0185216 0.0093886 0.00899058 0.00872662 0.00936504 0.0093029 0.00850436 0.0112811 0.0158165 0.0370146 0.0112408 0.00829697 0.00815067 0.00964687 0.0165665 0.011906 0.0138189 0.0223189 0.00998718 0.0322473 0.0095384 0.0087576 0.00806623 0.0081978 0.00827433 0.00816181 0.00820061 0.00836439 0.00886205 0.00837952 0.00838393 
0.00888822 0.020468 0.0343988 0.0232293 0.0103572 0.0106735 0.0378442 0.0119084 0.0151479 0.0123768 0.0128746 0.0436424 0.0196451 0.091283 0.0204062 0.111487 0.0176445 0.0313929 0.00988536 0.0120019 0.0114756 0.0304997 0.0227995 0.0125671 0.0149657 0.00952665 0.00966112 0.0173751 0.945431 0.0205851 0.00665992 0.00382967 0.00320826 0.0032151 0.00319308 0 0.00324586 0.00324193 0.00382975 0.00454741 0.971503 0.00924038 0.0350301 0.0059339 0.0118211 0.0106377 0.0571829 0.0150349 0.0389575 0.00989904 0.0181486 0.00913921 0.0111626 0.0295619 0.0166163 0.0539035 0.0105226 0.0111093 0.00858784 0.00947723 0.00993636 0.00951513 0.0115983 0.0102517 0.0501585 0.0224089 0.0181098 0.00821778 0.00881432 0.0118719 0.0125951 0.0254529 0.0225627 0.0112598 0.0387278 0.0114667 0.0132766 0.00916547 0.00830052 0.00846567 0.00815087 0.00843184 0.0080887 0.00883684 0.00854531 0.00939125 0.00839493 
0.010138 0.0134414 0.0212023 0.03826 0.0110168 0.0145294 0.0127842 0.0446522 0.0103214 0.00984762 0.0153422 0.0158743 0.0451234 0.0133358 0.0472366 0.0166841 0.0351438 0.0261597 0.0176214 0.0106947 0.0290383 0.0169561 0.0130678 0.0194707 0.0172826 0.0144353 0.0179514 0.946824 0.0180787 0.00922227 0.00696377 0.00505776 0.00338159 0.00327834 0.00324135 0.00324586 0 0.00326422 0.00392761 0.994872 0.00516927 0.00880249 0.0058148 0.00971782 0.00928063 0.0293614 0.0122851 0.0346067 0.0113697 0.0164895 0.0110788 0.0156187 0.0132934 0.01391 0.0360798 0.0115982 0.0246974 0.0105245 0.0114424 0.00983132 0.0118913 0.0125265 0.00925023 0.0153246 0.0155959 0.0953591 0.0185073 0.00871067 0.00877682 0.01048 0.0232314 0.0114061 0.0106165 0.020481 0.00933424 0.0175753 0.0125952 0.00911497 0.00842235 0.00827216 0.00830882 0.00819088 0.00814076 0.0089777 0.0092741 0.00849141 0.00839948 
0.0131803 0.01122 0.0101877 0.0124922 0.0154339 0.0195169 0.0134149 0.0102604 0.0201321 0.0280444 0.01514 0.0165588 0.0106007 0.0175563 0.0108651 0.013605 0.0106371 0.0183281 0.0164733 0.0263216 0.0136122 0.0122429 0.0114084 0.011178 0.0146614 0.0183074 0.939285 0.0151636 0.00875072 0.00789031 0.00763778 0.00641616 0.00410487 0.00340471 0.00325056 0.00324193 0.00326422 0 0.998913 0.00538711 0.00358961 0.00347753 0.0047848 0.00559332 0.0209131 0.00952405 0.0122678 0.0101466 0.0112892 0.00907896 0.0170118 0.0123626 0.0225776 0.0136611 0.0102978 0.0114241 0.00968123 0.0147777 0.011382 0.0120788 0.0154059 0.0132286 0.0221598 0.0163223 0.0124247 0.0146256 0.0536574 0.0097401 0.0130896 0.0166552 0.00966974 0.0094885 0.00948211 0.00865888 0.00903667 0.00905983 0.00977823 0.00970241 0.00953847 0.00902267 0.0082073 0.00819843 0.00810647 0.010313 0.00836455 0.00857924 0.00840316 
0.00908803 0.00859808 0.00862493 0.00905014 0.0133449 0.00928247 0.00855823 0.009446 0.0160366 0.0128548 0.00928464 0.00940547 0.0089849 0.00924644 0.00907412 0.00929578 0.00867616 0.00911848 0.0156867 0.0106234 0.00883074 0.00903414 0.00895418 0.00908686 0.00993108 0.0274371 0.0103458 0.00778673 0.00701348 0.00685381 0.00737568 0.0300959 0.00459815 0.00405581 0.00357278 0.00382975 0.00392761 0.998913 0 0.00376029 0.00324215 0.00330648 0.00384719 0.00544599 0.00734724 0.00683698 0.00729 0.00752711 0.0107619 0.0358219 0.0159953 0.0164909 0.00985032 0.0088017 0.00867529 0.00870999 0.00913778 0.0137479 0.00862586 0.0110589 0.00957291 0.0121896 0.0139314 0.0101634 0.00918022 0.00919743 0.0128103 0.00955205 0.00933175 0.00875264 0.00819577 0.00834353 0.008301 0.00816419 0.00823562 0.00822692 0.00835434 0.00977745 0.00873176 0.00834988 0.00801345 0.00807968 0.00872464 0.00832702 0.00811251 0.00814275 0.00883296 
0.00897987 0.0088514 0.00912734 0.00907323 0.00915721 0.0091076 0.00878107 0.00974403 0.00919483 0.00930829 0.00895023 0.00967485 0.00990387 0.00951345 0.0149396 0.00906645 0.00992705 0.00913399 0.0096305 0.00913598 0.0101914 0.00924498 0.00936405 0.00953757 0.013024 0.00949714 0.00917793 0.00998032 0.00820317 0.00788357 0.0136914 0.00739378 0.00523167 0.00520238 0.00489869 0.00454741 0.994872 0.00538711 0.00376029 0 0.00322651 0.00326171 0.00600332 0.00368432 0.00656033 0.00740821 0.00731173 0.0109505 0.0222452 0.0223951 0.0093769 0.00945919 0.00902693 0.00883007 0.00976831 0.00890436 0.0186229 0.00873744 0.00883513 0.00853462 0.00947998 0.00907959 0.00947312 0.00955605 0.0102584 0.00982429 0.00907277 0.00891148 0.00833062 0.0085748 0.00873297 0.00829108 0.00845447 0.00887978 0.00825 0.00853562 0.0083456 0.00841447 0.00814401 0.00817372 0.00811665 0.00802892 0.00822115 0.00814732 0.00815537 0.00816387 0.00830155 
0.0083346 0.0108322 0.0110636 0.00989796 0.00894171 0.00865477 0.0114076 0.00899944 0.0103754 0.0115483 0.00949493 0.0121917 0.0104938 0.0354265 0.0103171 0.0160576 0.00984422 0.0101936 0.00897074 0.00938291 0.00912025 0.0151005 0.0127425 0.0108013 0.00985205 0.00897642 0.0096332 0.00924678 0.0106572 0.0119203 0.00770382 0.00693764 0.00565881 0.00580647 0.0085374 0.971503 0.00516927 0.00358961 0.00324215 0.00322651 0 0.00319252 0.0032611 0.00323019 0.00651824 0.00699724 0.013205 0.0148965 0.0145442 0.0105442 0.0113522 0.00791661 0.00859498 0.0103673 0.00904489 0.0188613 0.00887817 0.00883739 0.00817728 0.00856709 0.00893136 0.00874501 0.0112143 0.00919143 0.014378 0.0101706 0.00926445 0.00831407 0.0085153 0.00901059 0.00863816 0.0102565 0.0100734 0.00855575 0.0115865 0.00866693 0.00915318 0.00852303 0.00803526 0.00833937 0.00801461 0.00814811 0.00804179 0.00830239 0.00829556 0.00837164 0.0081669 
0.00898961 0.00927508 0.0178536 0.0104937 0.00886255 0.00985079 0.00884537 0.0174394 0.00869111 0.00858439 0.0109722 0.00970946 0.0494416 0.010642 0.0252383 0.0109599 0.0271445 0.00933178 0.00961035 0.00886879 0.0123301 0.0126773 0.0144162 0.0172048 0.00913612 0.00951392 0.00933282 0.0106554 0.0149995 0.0104446 0.00816794 0.00749509 0.00629153 0.00733256 0.965094 0.00924038 0.00880249 0.00347753 0.00330648 0.00326171 0.00319252 0 0.00319152 0.00333198 0.00607856 0.0100924 0.0109313 0.0149441 0.0100597 0.0116151 0.00765732 0.00883806 0.00885451 0.00871072 0.0299327 0.00917203 0.0102611 0.00837483 0.00904951 0.00829036 0.00940088 0.00873421 0.00849443 0.010789 0.0107145 0.0164869 0.00929467 0.00878161 0.00813946 0.0087494 0.0110598 0.00927337 0.00911762 0.013752 0.00854058 0.0179991 0.00888474 0.0084077 0.00803239 0.00825628 0.00851191 0.00805591 0.00819996 0.00831576 0.00853804 0.00827932 0.0082828 
0.00885292 0.0129146 0.010996 0.0151437 0.00921692 0.00911655 0.0178389 0.00907761 0.0151485 0.0159139 0.0100103 0.0436345 0.00961761 0.0239319 0.0104122 0.0175249 0.00985737 0.0262942 0.009183 0.0119898 0.0118468 0.0155485 0.0130879 0.0100445 0.0179783 0.00964257 0.0124277 0.0160275 0.0119106 0.0104015 0.00953034 0.0078429 0.00934054 0.974886 0.0251498 0.0350301 0.0058148 0.0047848 0.00384719 0.00600332 0.0032611 0.00319152 0 0.00320105 0.0129605 0.00942036 0.0188592 0.0108784 0.00902669 0.00710534 0.0153002 0.00742501 0.00948391 0.0205 0.00912269 0.0140002 0.00949892 0.0109492 0.00839629 0.011239 0.00982182 0.0102245 0.0162988 0.00981111 0.0245641 0.0166541 0.0136801 0.00852132 0.0116833 0.0105584 0.00976597 0.00967192 0.0107964 0.00841334 0.0136829 0.00854856 0.010677 0.00868655 0.00874662 0.00907618 0.00811974 0.00873808 0.00801051 0.00891136 0.00826239 0.00898711 0.00813625 
