1B2UD
MKKAVINGEQIRSISDLHQTLKKELALPEYYGENLAALWDCLTGWVEYPLVLEWRQFEQSKQLTENGAESVLQVFREAKAEGCDITIILS
CEEEEEEHHHCCCHHHHHHHHHHHCCCCCCCCCCHHHHHHHHHHCCCCCEEEEEECHHHHHHCCCCHHHHHHHHHHHHHHCCCCEEEEEC
0 0 0 0 0 0 0 0 0 0 0 0 0 0 0 0 0 0 0 0 0 0 0 0 0 0 0 0 0 0 0 0 0 0 0 0 0 0 0 0 0 0 0 0 0 0 0 0 0 0 0 0 0 0 0 0 0 0 0 0 0 0 0 0 0 0 0 0 0 0 0 0 0 0 0 0 0 0 0 0 0 0 0 0 0 0 0 0 0 0 
0 0 0 0 0 0 0 0 0 0 0 0 0 0 0 0 0 0 0 0 0 0 0 0 0 0 0 0 0 0 0 0 0 0 0 0 0 0 0 0 0 0 0 0 0 0 0 0 0 0 0 0 0 0 0 0 0 0 0 0 0 0 0 0 0 0 0 0 0 0 0 0 0 0 0 0 0 0 0 0 0 0 0 0 0 0 0 0 0 0 
0 0.0034574 0.00347709 0.00338627 0.00382104 0.00454992 0.429534 0.0136676 0.0211568 0.00911358 0.0218247 0.0146962 0.014652 0.0088971 0.0125999 0.00918264 0.0203832 
0.0034574 0 0.00331463 0.00334859 0.00326913 0.00328417 0.0192584 0.404886 0.00896015 0.0282158 0.00881854 0.0100789 0.00873964 0.01744 0.00880295 0.0176782 0.00902371 
0.00347709 0.00331463 0 0.00328751 0.00333057 0.00321202 0.0958868 0.0131116 0.450756 0.00988435 0.020323 0.00897996 0.0185788 0.00875384 0.0699069 0.00936148 0.0119702 
0.00338627 0.00334859 0.00328751 0 0.00329982 0.00325588 0.012569 0.150291 0.0104423 0.422364 0.00868178 0.0108484 0.00862046 0.0559553 0.0103066 0.0186641 0.00893755 
0.00382104 0.00326913 0.00333057 0.00329982 0 0.00319323 0.0267619 0.0113908 0.125988 0.010304 0.199591 0.00895773 0.0235001 0.00879164 0.0180858 0.00903966 0.0112949 
0.00454992 0.00328417 0.00321202 0.00325588 0.00319323 0 0.0120728 0.0217839 0.0101562 0.0245384 0.00895273 0.140236 0.0101578 0.0142317 0.00865378 0.00974961 0.00929301 
0.429534 0.0192584 0.0958868 0.012569 0.0267619 0.0120728 0 0.00383086 0.00332953 0.00325115 0.00328712 0.00384394 0.279531 0.0137849 0.0282327 0.0110093 0.0561232 
0.0136676 0.404886 0.0131116 0.150291 0.0113908 0.0217839 0.00383086 0 0.00323758 0.00319668 0.00325658 0.00332122 0.0394636 0.249148 0.0105459 0.0624008 0.0132524 
0.0211568 0.00896015 0.450756 0.0104423 0.125988 0.0101562 0.00332953 0.00323758 0 0.00340332 0.00320182 0.00321561 0.0467168 0.0115524 0.315224 0.00998228 0.0215181 
0.00911358 0.0282158 0.00988435 0.422364 0.010304 0.0245384 0.00325115 0.00319668 0.00340332 0 0.00321903 0.00321059 0.00961382 0.146232 0.0116347 0.078173 0.0106617 
0.0218247 0.00881854 0.020323 0.00868178 0.199591 0.00895273 0.00328712 0.00325658 0.00320182 0.00321903 0 0.00335677 0.0445869 0.00957142 0.0294282 0.016381 0.0516056 
0.0146962 0.0100789 0.00897996 0.0108484 0.00895773 0.140236 0.00384394 0.00332122 0.00321561 0.00321059 0.00335677 0 0.0128731 0.0111637 0.00970745 0.0129909 0.0609196 
0.014652 0.00873964 0.0185788 0.00862046 0.0235001 0.0101578 0.279531 0.0394636 0.0467168 0.00961382 0.0445869 0.0128731 0 0.00349831 0.00383565 0.00356201 0.00804252 
0.0088971 0.01744 0.00875384 0.0559553 0.00879164 0.0142317 0.0137849 0.249148 0.0115524 0.146232 0.00957142 0.0111637 0.00349831 0 0.00333123 0.00481203 0.00336374 
0.0125999 0.00880295 0.0699069 0.0103066 0.0180858 0.00865378 0.0282327 0.0105459 0.315224 0.0116347 0.0294282 0.00970745 0.00383565 0.00333123 0 0.00325958 0.00335748 
0.00918264 0.0176782 0.00936148 0.0186641 0.00903966 0.00974961 0.0110093 0.0624008 0.00998228 0.078173 0.016381 0.0129909 0.00356201 0.00481203 0.00325958 0 0.00334316 
0.0203832 0.00902371 0.0119702 0.00893755 0.0112949 0.00929301 0.0561232 0.0132524 0.0215181 0.0106617 0.0516056 0.0609196 0.00804252 0.00336374 0.00335748 0.00334316 0 
