1B6BA
ANEFRCLTPEDAAGVFEIEREAFISVSGNCPLNLDEVQHFLTLCPELSLGWFVEGRLVAFIIGSLWDEERLTQESLALHRPRGHSAHLHALAVHRSFRQQGKGSVLLWRYLHHVGAQPAVRRAVLMCEDALVPFYQRFGFHPAGPCAIVVGSLTFTEMHCSLRGHAAL
CCEEECCCHHHHHHHHCCCCCCECCCCCCCCCCCCCCCCHHHHCHHHEEEEEECCEEEEEEEEEEECCCCCCCHHHHCCCCCCCEEEEEEEEEHHHCCCCCHHHHHHHHHHHHHHCCCCCCEEEEEECHHHHHHHHCCCCEEEECCCCEECCEECEEEEEECCCCCCC
0 0 0 0 0 0 0 0 0 0 0 0 0 0 0 0 0 0 0 0 0 0 0 0 0 0 0 0 0 0 0 0 0 0 0 0 0 0 0 0 0 0 0 0 0 0 0 0 0 0 0 0 0 0 0 0 0 0 0 0 0 0 0 0 0 0 0 0 0 0 0 0 0 0 0 0 0 0 0 0 0 0 0 0 0 0 0 0 0 0 0 0 0 0 0 0 0 0 0 0 0 0 0 0 0 0 0 0 0 0 0 0 0 0 0 0 0 0 0 0 0 0 0 0 0 0 0 0 0 0 0 0 0 0 0 0 0 0 0 0 0 0 0 0 0 0 0 0 0 0 0 0 0 0 0 0 0 0 0 0 0 0 0 0 0 0 0 0 
0 0 0 0 0 0 0 0 0 0 0 0 0 0 0 0 0 0 0 0 0 0 0 0 0 0 0 0 0 0 0 0 0 0 0 0 0 0 0 0 0 0 0 0 0 0 0 0 0 0 0 0 0 0 0 0 0 0 0 0 0 0 0 0 0 0 0 0 0 0 0 0 0 0 0 0 0 0 0 0 0 0 0 0 0 0 0 0 0 0 0 0 0 0 0 0 0 0 0 0 0 0 0 0 0 0 0 0 0 0 0 0 0 0 0 0 0 0 0 0 0 0 0 0 0 0 0 0 0 0 0 0 0 0 0 0 0 0 0 0 0 0 0 0 0 0 0 0 0 0 0 0 0 0 0 0 0 0 0 0 0 0 0 0 0 0 0 0 
0 0.00334887 0.00391596 0.0283826 0.0120712 0.00899068 0.0104672 0.0101855 0.00965786 0.0117334 0.015288 0.00932754 0.0117487 0.0109245 0.0124031 0.0103532 0.0110751 0.00923357 0.00918834 0.00875484 0.012447 0.00881701 0.00825702 0.00930254 0.00835278 0.00901428 0.0085433 0.00866665 0.00900833 0.00950513 0.00890714 0.00826272 0.00855211 0.00825273 0.00835478 0.00924722 0.00861414 0.00794687 0.00805049 0.00805468 0.00904925 0.00843556 0.00828923 0.00882254 0.00835072 0.0080904 0.0080787 0.00815968 0.00806779 0.00889268 
0.00334887 0 0.00336716 0.0161801 0.0106603 0.0182951 0.0104574 0.00940677 0.0132965 0.00888359 0.00874246 0.020704 0.00917314 0.0111819 0.010901 0.0104536 0.00932645 0.00966351 0.00872409 0.0117056 0.00872707 0.0083352 0.00985347 0.00837876 0.0100866 0.00844856 0.00912388 0.00906982 0.00946663 0.00895345 0.00836162 0.00867838 0.00827073 0.00865858 0.00844058 0.00849649 0.00798475 0.0080521 0.0081254 0.00795782 0.00818942 0.00837903 0.00834004 0.00806881 0.00801496 0.00821358 0.00830642 0.0081752 0.00853457 0.00804395 
0.00391596 0.00336716 0 0.0386031 0.0208695 0.0110945 0.0117231 0.0124197 0.00979424 0.00903949 0.0185803 0.00981505 0.0109729 0.0103687 0.0114168 0.0101906 0.00951856 0.00952674 0.0110739 0.00883152 0.00948664 0.0107016 0.0085531 0.00969376 0.00874573 0.00947011 0.00889694 0.00898514 0.00900696 0.00906496 0.00918613 0.00849191 0.00848679 0.0085425 0.00845383 0.00836728 0.00854813 0.00803388 0.00802256 0.00796043 0.00838309 0.00807292 0.00817492 0.00873273 0.00830808 0.00823563 0.00817111 0.00822692 0.00814686 0.00823129 
0.0283826 0.0161801 0.0386031 0 0.0194949 0.0113059 0.0105931 0.0111963 0.0135689 0.0196801 0.0174443 0.0140744 0.010136 0.0110277 0.0103161 0.00967496 0.00999512 0.013911 0.00898723 0.0107636 0.0170339 0.0125672 0.0105793 0.00888375 0.00925923 0.0088139 0.00938683 0.00920454 0.0107105 0.0148608 0.0109573 0.0089377 0.00828113 0.00828351 0.0088177 0.0121256 0.0093363 0.00806653 0.0081192 0.00850679 0.0105216 0.00942625 0.00946058 0.00956009 0.00909709 0.00806245 0.00802014 0.00811434 0.00821809 0.00975568 
0.0120712 0.0106603 0.0208695 0.0194949 0 0.00327483 0.00324253 0.00324505 0.00328802 0.00344915 0.00394607 0.00481559 0.00528474 0.00611204 0.0120597 0.0612067 0.555292 0.00944599 0.00852513 0.00772283 0.0169087 0.0143325 0.0105264 0.0134302 0.0110295 0.012819 0.0125671 0.0117165 0.0177927 0.0279256 0.013341 0.0100898 0.011319 0.0107499 0.0111314 0.0155696 0.00851671 0.00821441 0.00850815 0.00877411 0.00893353 0.00915379 0.00811978 0.00878762 0.00841151 0.00887084 0.00852775 0.00923438 0.0087772 0.011488 
0.00899068 0.0182951 0.0110945 0.0113059 0.00327483 0 0.00319584 0.00323393 0.00322692 0.00323657 0.00352889 0.00546655 0.00516688 0.0201913 0.0827577 0.726831 0.00884679 0.010687 0.00783043 0.011501 0.00802296 0.00979495 0.0230802 0.0123873 0.0293169 0.0166712 0.0259923 0.0172264 0.0227479 0.0125343 0.00995443 0.0155887 0.0154444 0.0254456 0.0137169 0.0103835 0.00806735 0.00832519 0.00852062 0.00818449 0.00826058 0.00827362 0.00825813 0.00814311 0.00863079 0.00925131 0.0103981 0.00923433 0.0101744 0.00845673 
0.0104672 0.0104574 0.0117231 0.0105931 0.00324253 0.00319584 0 0.00319668 0.00321957 0.00324635 0.00501765 0.00575531 0.0141133 0.108059 0.87257 0.0128587 0.0173114 0.0112495 0.0210329 0.00952089 0.00845102 0.0109856 0.0146205 0.067868 0.0324785 0.0562246 0.0342632 0.0641309 0.0213469 0.0120011 0.00979809 0.0166777 0.0649209 0.0831359 0.0203654 0.00946743 0.00831919 0.0086169 0.00841018 0.00831705 0.00838257 0.00823986 0.00821161 0.00868621 0.00983375 0.0117688 0.0146808 0.0147414 0.0101117 0.00876451 
0.0101855 0.00940677 0.0124197 0.0111963 0.00324505 0.00323393 0.00319668 0 0.00321175 0.00319268 0.0047 0.0115482 0.182843 0.81446 0.0174976 0.019308 0.00904456 0.0213173 0.0118813 0.0101404 0.00798656 0.010391 0.0192085 0.0340048 0.0371714 0.0310438 0.0506223 0.0379039 0.0213922 0.0107448 0.00986079 0.0169804 0.0498032 0.0417837 0.0162534 0.00969004 0.00823676 0.00833765 0.00852366 0.00828238 0.00823888 0.00815946 0.00820986 0.008411 0.0095576 0.0100645 0.0138815 0.010816 0.00921633 0.00854347 
0.00965786 0.0132965 0.00979424 0.0135689 0.00328802 0.00322692 0.00321957 0.00321175 0 0.00322967 0.00434506 0.958485 0.0963221 0.0100612 0.0163977 0.00999389 0.0116265 0.0116437 0.00760129 0.00781757 0.00741092 0.00999789 0.0141763 0.0130709 0.0129977 0.0145286 0.0142966 0.013534 0.0160538 0.0107477 0.0105099 0.017285 0.0118117 0.0126507 0.0117509 0.00927085 0.00836968 0.00830917 0.00845264 0.00820675 0.00833992 0.0082902 0.0084031 0.00841385 0.00860803 0.00982113 0.00916659 0.00859086 0.00887597 0.00825869 
0.0117334 0.00888359 0.00903949 0.0196801 0.00344915 0.00323657 0.00324635 0.00319268 0.00322967 0 0.976079 0.0309331 0.00374485 0.00411895 0.00412717 0.00634746 0.00602603 0.00627018 0.0060037 0.0066797 0.00761507 0.0122146 0.0102716 0.00935378 0.00986381 0.00935682 0.00980462 0.00941663 0.0104651 0.0126562 0.0164188 0.0092779 0.00897658 0.00922256 0.00897355 0.00930919 0.00887443 0.00813791 0.00808539 0.00806487 0.00841638 0.0081059 0.00839811 0.00833631 0.00991137 0.00825532 0.00843717 0.00829953 0.00835275 0.00817429 
0.015288 0.00874246 0.0185803 0.0174443 0.00394607 0.00352889 0.00501765 0.0047 0.00434506 0.976079 0 0.00328648 0.00321647 0.00328732 0.00337009 0.00339935 0.00349762 0.00386188 0.00437039 0.00563859 0.00925908 0.0249015 0.00941939 0.0130936 0.009219 0.0113635 0.0101178 0.010248 0.0137864 0.0168712 0.0139683 0.00992382 0.00965506 0.00896605 0.0109248 0.0129969 0.009096 0.00807447 0.0086192 0.00861116 0.00977109 0.00917952 0.0083345 0.00971526 0.00848014 0.00835118 0.00825636 0.00845257 0.00863386 0.0122693 
0.00932754 0.020704 0.00981505 0.0140744 0.00481559 0.00546655 0.00575531 0.0115482 0.958485 0.0309331 0.00328648 0 0.00325165 0.0032293 0.00330746 0.00328864 0.00339792 0.00370311 0.00397199 0.00704592 0.00677173 0.0142838 0.0378148 0.0107953 0.0230522 0.0114992 0.0172298 0.0169201 0.0158194 0.0119958 0.0135786 0.019798 0.0126854 0.0221011 0.0112171 0.0117081 0.00814251 0.00840105 0.0086008 0.00821919 0.00858679 0.00856107 0.00839661 0.00824323 0.00860337 0.00894981 0.00964326 0.00875718 0.0144271 0.00878863 
0.0117487 0.00917314 0.0109729 0.010136 0.00528474 0.00516688 0.0141133 0.182843 0.0963221 0.00374485 0.00321647 0.00325165 0 0.00325798 0.00325616 0.00326337 0.00326394 0.00331208 0.00395378 0.00394615 0.00460599 0.0273409 0.0184567 0.0549017 0.0209111 0.0370341 0.029855 0.0433407 0.0168126 0.0229736 0.0117637 0.0191784 0.0716005 0.0488093 0.0196028 0.0103331 0.00848121 0.00862015 0.00856111 0.00836613 0.00859661 0.00832327 0.00832861 0.00873664 0.00994756 0.0121858 0.0158174 0.0157461 0.00956229 0.00904015 
0.0109245 0.0111819 0.0103687 0.0110277 0.00611204 0.0201913 0.108059 0.81446 0.0100612 0.00411895 0.00328732 0.0032293 0.00325798 0 0.00325528 0.00325121 0.00324702 0.00374243 0.0037948 0.00407503 0.00375926 0.0173778 0.0619487 0.0416136 0.0698255 0.0531238 0.0902785 0.0524008 0.0709375 0.0219421 0.0121106 0.0478961 0.0871215 0.121993 0.0308711 0.0115594 0.00859563 0.00921055 0.00899222 0.00855294 0.00873023 0.00852272 0.00846755 0.00896678 0.012912 0.0183864 0.0290898 0.0189402 0.0124295 0.00908719 
0.0124031 0.010901 0.0114168 0.0103161 0.0120597 0.0827577 0.87257 0.0174976 0.0163977 0.00412717 0.00337009 0.00330746 0.00325616 0.00325528 0 0.00321994 0.00325552 0.00322201 0.00336013 0.00371103 0.00345444 0.0265079 0.0348453 0.0936289 0.0467613 0.0972422 0.0629327 0.175115 0.0572819 0.0147047 0.0159744 0.0432329 0.140271 0.115467 0.0523117 0.0115843 0.00890591 0.00926227 0.00906819 0.00874449 0.00901558 0.00876929 0.00855308 0.00924221 0.0124388 0.0258491 0.0324988 0.0248629 0.0138477 0.0093806 
0.0103532 0.0104536 0.0101906 0.00967496 0.0612067 0.726831 0.0128587 0.019308 0.00999389 0.00634746 0.00339935 0.00328864 0.00326337 0.00325121 0.00321994 0 0.0031996 0.00322633 0.00325495 0.00327171 0.00333099 0.0183749 0.0459842 0.0520758 0.0919177 0.0386608 0.187585 0.11524 0.0324107 0.0136695 0.0201847 0.0359914 0.116254 0.150007 0.0327832 0.011944 0.00861107 0.00914391 0.00922963 0.0085911 0.00863262 0.00846872 0.00845919 0.00886499 0.0136622 0.0175465 0.036516 0.0207689 0.0125213 0.00909862 
0.0110751 0.00932645 0.00951856 0.00999512 0.555292 0.00884679 0.0173114 0.00904456 0.0116265 0.00602603 0.00349762 0.00339792 0.00326394 0.00324702 0.00325552 0.0031996 0 0.00321584 0.00320741 0.00323302 0.00325779 0.0190889 0.0226734 0.0725502 0.0367197 0.182415 0.0777578 0.0467108 0.0327212 0.0135469 0.0128391 0.0324214 0.0823266 0.0815209 0.0357395 0.0105416 0.00845442 0.00868865 0.00905044 0.00848841 0.00849679 0.0084407 0.00833231 0.00877351 0.0109417 0.0175704 0.0252233 0.0162373 0.0108349 0.00889656 
0.00923357 0.00966351 0.00952674 0.013911 0.00944599 0.010687 0.0112495 0.0213173 0.0116437 0.00627018 0.00386188 0.00370311 0.00331208 0.00374243 0.00322201 0.00322633 0.00321584 0 0.00320521 0.00322051 0.00322086 0.0150698 0.0452208 0.0235025 0.360396 0.0380634 0.0625003 0.0387858 0.0217298 0.0128149 0.0121461 0.0311507 0.0523475 0.0856212 0.0207299 0.0117649 0.00834728 0.00894862 0.00866664 0.00854753 0.00860515 0.00842044 0.00829692 0.00871992 0.0110052 0.0146841 0.0239399 0.0142908 0.0112045 0.0089137 
0.00918834 0.00872409 0.0110739 0.00898723 0.00852513 0.00783043 0.0210329 0.0118813 0.00760129 0.0060037 0.00437039 0.00397199 0.00395378 0.0037948 0.00336013 0.00325495 0.00320741 0.00320521 0 0.00321553 0.00320075 0.0255294 0.0147069 0.562878 0.0269538 0.0723971 0.030314 0.0548817 0.0256589 0.0121413 0.0115888 0.0159919 0.0732018 0.0456056 0.0281046 0.00948332 0.00847237 0.00858865 0.00872252 0.00836603 0.00836745 0.00823533 0.00823795 0.00850709 0.00956558 0.0129645 0.0145461 0.0169113 0.00956728 0.00888879 
0.00875484 0.0117056 0.00883152 0.0107636 0.00772283 0.011501 0.00952089 0.0101404 0.00781757 0.0066797 0.00563859 0.00704592 0.00394615 0.00407503 0.00371103 0.00327171 0.00323302 0.00322051 0.00321553 0 0.00319304 0.0102864 0.495834 0.0208854 0.0779866 0.0165929 0.0300171 0.0212272 0.0517404 0.0133456 0.00971169 0.0142861 0.0143008 0.0247417 0.016604 0.0100198 0.00833659 0.00843183 0.00878636 0.00826745 0.00829407 0.00835539 0.00839897 0.00845744 0.008944 0.00941081 0.0107086 0.00911639 0.00966171 0.00854265 
0.012447 0.00872707 0.00948664 0.0170339 0.0169087 0.00802296 0.00845102 0.00798656 0.00741092 0.00761507 0.00925908 0.00677173 0.00460599 0.00375926 0.00345444 0.00333099 0.00325779 0.00322086 0.00320075 0.00319304 0 0.515403 0.0132657 0.0172164 0.0110852 0.0155919 0.0145002 0.0128372 0.0162633 0.0345368 0.0161975 0.0103726 0.0099773 0.010613 0.0103238 0.012302 0.00962516 0.00832044 0.00831473 0.00825579 0.00913562 0.00853452 0.00901828 0.00876021 0.0108671 0.00908573 0.00885928 0.00914317 0.00876737 0.00881574 
0.00881701 0.0083352 0.0107016 0.0125672 0.0143325 0.00979495 0.0109856 0.010391 0.00999789 0.0122146 0.0249015 0.0142838 0.0273409 0.0173778 0.0265079 0.0183749 0.0190889 0.0150698 0.0255294 0.0102864 0.515403 0 0.00361658 0.00324754 0.00322331 0.00321414 0.00334713 0.00341952 0.00351859 0.00525204 0.233761 0.0138999 0.0138246 0.0103775 0.0120108 0.0184343 0.00936661 0.00838455 0.00863925 0.00971906 0.00982285 0.0100948 0.00864143 0.00938454 0.00873953 0.00899942 0.0091689 0.00927138 0.00878306 0.0141608 
0.00825702 0.00985347 0.0085531 0.0105793 0.0105264 0.0230802 0.0146205 0.0192085 0.0141763 0.0102716 0.00941939 0.0378148 0.0184567 0.0619487 0.0348453 0.0459842 0.0226734 0.0452208 0.0147069 0.495834 0.0132657 0.00361658 0 0.00321635 0.00322857 0.00322414 0.0032436 0.00330745 0.00389578 0.00340795 0.0251113 0.321191 0.0191352 0.0419886 0.0145726 0.0147722 0.00855901 0.0104886 0.00905754 0.00878272 0.00902917 0.00928203 0.00877174 0.00859684 0.00947728 0.0124135 0.0196832 0.0103066 0.0223323 0.00882451 
0.00930254 0.00837876 0.00969376 0.00888375 0.0134302 0.0123873 0.067868 0.0340048 0.0130709 0.00935378 0.0130936 0.0107953 0.0549017 0.0416136 0.0936289 0.0520758 0.0725502 0.0235025 0.562878 0.0208854 0.0172164 0.00324754 0.00321635 0 0.00319911 0.00322421 0.00325562 0.00326766 0.00332919 0.00334805 0.0362877 0.023734 0.347242 0.0350369 0.0549906 0.00954258 0.00935498 0.00923819 0.00965344 0.00877807 0.00899898 0.00866812 0.00837178 0.0105496 0.0107921 0.026602 0.0186588 0.0675153 0.00960558 0.0109996 
0.00835278 0.0100866 0.00874573 0.00925923 0.0110295 0.0293169 0.0324785 0.0371714 0.0129977 0.00986381 0.009219 0.0230522 0.0209111 0.0698255 0.0467613 0.0919177 0.0367197 0.360396 0.0269538 0.0779866 0.0110852 0.00322331 0.00322857 0.00319911 0 0.00324971 0.00323057 0.00324652 0.00323001 0.00324544 0.0411761 0.085742 0.058451 0.282903 0.0175906 0.0159448 0.00879881 0.0106797 0.00914858 0.00901445 0.00882333 0.00874802 0.00876955 0.0088954 0.0118915 0.0150842 0.106736 0.0144662 0.0248203 0.0089992 
0.00901428 0.00844856 0.00947011 0.0088139 0.012819 0.0166712 0.0562246 0.0310438 0.0145286 0.00935682 0.0113635 0.0114992 0.0370341 0.0531238 0.0972422 0.0386608 0.182415 0.0380634 0.0723971 0.0165929 0.0155919 0.00321414 0.00322414 0.00322421 0.00324971 0 0.00322703 0.00324233 0.00320518 0.00325009 0.0508192 0.0508112 0.127667 0.0419128 0.0890363 0.0105303 0.00964822 0.00928373 0.00945869 0.00897426 0.0091167 0.00867046 0.00849353 0.0105977 0.011458 0.050459 0.0203046 0.0362329 0.0111081 0.0102277 
0.0085433 0.00912388 0.00889694 0.00938683 0.0125671 0.0259923 0.0342632 0.0506223 0.0142966 0.00980462 0.0101178 0.0172298 0.029855 0.0902785 0.0629327 0.187585 0.0777578 0.0625003 0.030314 0.0300171 0.0145002 0.00334713 0.0032436 0.00325562 0.00323057 0.00322703 0 0.00322096 0.00322864 0.0032237 0.0525105 0.0757798 0.104081 0.132301 0.0274752 0.0158723 0.00895426 0.0100599 0.00950223 0.00916255 0.00908092 0.00893608 0.00879972 0.0089669 0.0225768 0.0195815 0.0443849 0.0208112 0.0165389 0.00910146 
0.00866665 0.00906982 0.00898514 0.00920454 0.0117165 0.0172264 0.0641309 0.0379039 0.013534 0.00941663 0.010248 0.0169201 0.0433407 0.0524008 0.175115 0.11524 0.0467108 0.0387858 0.0548817 0.0212272 0.0128372 0.00341952 0.00330745 0.00326766 0.00324652 0.00324233 0.00322096 0 0.00320164 0.00321131 0.0328185 0.0869486 0.142183 0.134143 0.0405534 0.0155161 0.00909104 0.0104293 0.00935593 0.00908282 0.00902328 0.00882507 0.00860539 0.00994084 0.0126076 0.0213847 0.0393062 0.0219661 0.0120137 0.00968815 
0.00900833 0.00946663 0.00900696 0.0107105 0.0177927 0.0227479 0.0213469 0.0213922 0.0160538 0.0104651 0.0137864 0.0158194 0.0168126 0.0709375 0.0572819 0.0324107 0.0327212 0.0217298 0.0256589 0.0517404 0.0162633 0.00351859 0.00389578 0.00332919 0.00323001 0.00320518 0.00322864 0.00320164 0 0.0032067 0.0193786 0.0388704 0.0699787 0.107072 0.184791 0.0204437 0.0101233 0.00985418 0.0112769 0.00952494 0.0103523 0.0101057 0.00938878 0.0109877 0.0115026 0.0215088 0.0156097 0.0172156 0.0158768 0.00979507 
0.00950513 0.00895345 0.00906496 0.0148608 0.0279256 0.0125343 0.0120011 0.0107448 0.0107477 0.0126562 0.0168712 0.0119958 0.0229736 0.0219421 0.0147047 0.0136695 0.0135469 0.0128149 0.0121413 0.0133456 0.0345368 0.00525204 0.00340795 0.00334805 0.00324544 0.00325009 0.0032237 0.00321131 0.0032067 0 0.0221478 0.0178575 0.0176685 0.039357 0.060498 0.0810271 0.0123577 0.00904156 0.00955852 0.0103536 0.0116342 0.00997511 0.0119155 0.00973332 0.015746 0.0109192 0.0112901 0.0103626 0.0102985 0.0095972 
0.00890714 0.00836162 0.00918613 0.0109573 0.013341 0.00995443 0.00979809 0.00986079 0.0105099 0.0164188 0.0139683 0.0135786 0.0117637 0.0121106 0.0159744 0.0201847 0.0128391 0.0121461 0.0115888 0.00971169 0.0161975 0.233761 0.0251113 0.0362877 0.0411761 0.0508192 0.0525105 0.0328185 0.0193786 0.0221478 0 0.00471351 0.00326259 0.00326151 0.00327316 0.00515872 0.0859148 0.00948824 0.0129112 0.0236002 0.0157156 0.0181806 0.0142548 0.0161816 0.013014 0.0141335 0.0110403 0.010836 0.0116315 0.103156 
0.00826272 0.00867838 0.00849191 0.0089377 0.0100898 0.0155887 0.0166777 0.0169804 0.017285 0.0092779 0.00992382 0.019798 0.0191784 0.0478961 0.0432329 0.0359914 0.0324214 0.0311507 0.0159919 0.0142861 0.0103726 0.0138999 0.321191 0.023734 0.085742 0.0508112 0.0757798 0.0869486 0.0388704 0.0178575 0.00471351 0 0.00326514 0.00324764 0.00346854 0.00331768 0.012325 0.0660624 0.0219418 0.0166029 0.0150694 0.0118674 0.0135206 0.010597 0.0131216 0.0255385 0.029411 0.0118761 0.23063 0.0100922 
0.00855211 0.00827073 0.00848679 0.00828113 0.011319 0.0154444 0.0649209 0.0498032 0.0118117 0.00897658 0.00965506 0.0126854 0.0716005 0.0871215 0.140271 0.116254 0.0823266 0.0523475 0.0732018 0.0143008 0.0099773 0.0138246 0.0191352 0.347242 0.058451 0.127667 0.104081 0.142183 0.0699787 0.0176685 0.00326259 0.00326514 0 0.00328324 0.00320722 0.0032315 0.0187972 0.0192721 0.0293752 0.00999893 0.0108997 0.00917089 0.00931583 0.0113328 0.012911 0.0412217 0.0297603 0.307165 0.0122103 0.0114189 
0.00825273 0.00865858 0.0085425 0.00828351 0.0107499 0.0254456 0.0831359 0.0417837 0.0126507 0.00922256 0.00896605 0.0221011 0.0488093 0.121993 0.115467 0.150007 0.0815209 0.0856212 0.0456056 0.0247417 0.010613 0.0103775 0.0419886 0.0350369 0.282903 0.0419128 0.132301 0.134143 0.107072 0.039357 0.00326151 0.00324764 0.00328324 0 0.00319855 0.00320325 0.0121067 0.0449613 0.0252416 0.0117821 0.00933541 0.0104807 0.00924205 0.0103665 0.0141342 0.0178986 0.320105 0.0219018 0.0325405 0.0101808 
0.00835478 0.00844058 0.00845383 0.0088177 0.0111314 0.0137169 0.0203654 0.0162534 0.0117509 0.00897355 0.0109248 0.0112171 0.0196028 0.0308711 0.0523117 0.0327832 0.0357395 0.0207299 0.0281046 0.016604 0.0103238 0.0120108 0.0145726 0.0549906 0.0175906 0.0890363 0.0274752 0.0405534 0.184791 0.060498 0.00327316 0.00346854 0.00320722 0.00319855 0 0.00320732 0.0153352 0.0229161 0.0269177 0.0132747 0.0139243 0.0107741 0.0102571 0.0130843 0.0108959 0.270605 0.0138312 0.0310226 0.0149782 0.0223224 
0.00924722 0.00849649 0.00836728 0.0121256 0.0155696 0.0103835 0.00946743 0.00969004 0.00927085 0.00930919 0.0129969 0.0117081 0.0103331 0.0115594 0.0115843 0.011944 0.0105416 0.0117649 0.00948332 0.0100198 0.012302 0.0184343 0.0147722 0.00954258 0.0159448 0.0105303 0.0158723 0.0155161 0.0204437 0.0810271 0.00515872 0.00331768 0.0032315 0.00320325 0.00320732 0 0.0191377 0.00866625 0.0085351 0.0212375 0.0142922 0.0164263 0.0169928 0.0116655 0.136045 0.0107795 0.0125197 0.00997139 0.0275148 0.0127445 
0.00861414 0.00798475 0.00854813 0.0093363 0.00851671 0.00806735 0.00831919 0.00823676 0.00836968 0.00887443 0.009096 0.00814251 0.00848121 0.00859563 0.00890591 0.00861107 0.00845442 0.00834728 0.00847237 0.00833659 0.00962516 0.00936661 0.00855901 0.00935498 0.00879881 0.00964822 0.00895426 0.00909104 0.0101233 0.0123577 0.0859148 0.012325 0.0187972 0.0121067 0.0153352 0.0191377 0 0.00358273 0.0033064 0.00398294 0.0084475 0.00819417 0.00744602 0.0482367 0.00736111 0.00763658 0.00808405 0.388003 0.0093152 0.0341069 
0.00794687 0.0080521 0.00803388 0.00806653 0.00821441 0.00832519 0.0086169 0.00833765 0.00830917 0.00813791 0.00807447 0.00840105 0.00862015 0.00921055 0.00926227 0.00914391 0.00868865 0.00894862 0.00858865 0.00843183 0.00832044 0.00838455 0.0104886 0.00923819 0.0106797 0.00928373 0.0100599 0.0104293 0.00985418 0.00904156 0.00948824 0.0660624 0.0192721 0.0449613 0.0229161 0.00866625 0.00358273 0 0.00318957 0.00316975 0.00562237 0.00761928 0.0110198 0.0061686 0.00712388 0.00743207 0.28129 0.0094475 0.0226786 0.00788958 
0.00805049 0.0081254 0.00802256 0.0081192 0.00850815 0.00852062 0.00841018 0.00852366 0.00845264 0.00808539 0.0086192 0.0086008 0.00856111 0.00899222 0.00906819 0.00922963 0.00905044 0.00866664 0.00872252 0.00878636 0.00831473 0.00863925 0.00905754 0.00965344 0.00914858 0.00945869 0.00950223 0.00935593 0.0112769 0.00955852 0.0129112 0.0219418 0.0293752 0.0252416 0.0269177 0.0085351 0.0033064 0.00318957 0 0.00326292 0.00774528 0.0099631 0.00598955 0.0075607 0.00676212 0.0919463 0.00713804 0.00884988 0.00788808 0.00778842 
0.00805468 0.00795782 0.00796043 0.00850679 0.00877411 0.00818449 0.00831705 0.00828238 0.00820675 0.00806487 0.00861116 0.00821919 0.00836613 0.00855294 0.00874449 0.0085911 0.00848841 0.00854753 0.00836603 0.00826745 0.00825579 0.00971906 0.00878272 0.00877807 0.00901445 0.00897426 0.00916255 0.00908282 0.00952494 0.0103536 0.0236002 0.0166029 0.00999893 0.0117821 0.0132747 0.0212375 0.00398294 0.00316975 0.00326292 0 0.0155352 0.00396621 0.00803868 0.00961086 0.0616483 0.00696772 0.00967378 0.00725654 0.00741569 0.00751247 
0.00904925 0.00818942 0.00838309 0.0105216 0.00893353 0.00826058 0.00838257 0.00823888 0.00833992 0.00841638 0.00977109 0.00858679 0.00859661 0.00873023 0.00901558 0.00863262 0.00849679 0.00860515 0.00836745 0.00829407 0.00913562 0.00982285 0.00902917 0.00899898 0.00882333 0.0091167 0.00908092 0.00902328 0.0103523 0.0116342 0.0157156 0.0150694 0.0108997 0.00933541 0.0139243 0.0142922 0.0084475 0.00562237 0.00774528 0.0155352 0 0.00693497 0.00651011 0.961756 0.00511645 0.00852307 0.0056755 0.00632327 0.00649814 0.0200633 
0.00843556 0.00837903 0.00807292 0.00942625 0.00915379 0.00827362 0.00823986 0.00815946 0.0082902 0.0081059 0.00917952 0.00856107 0.00832327 0.00852272 0.00876929 0.00846872 0.0084407 0.00842044 0.00823533 0.00835539 0.00853452 0.0100948 0.00928203 0.00866812 0.00874802 0.00867046 0.00893608 0.00882507 0.0101057 0.00997511 0.0181806 0.0118674 0.00917089 0.0104807 0.0107741 0.0164263 0.00819417 0.00761928 0.0099631 0.00396621 0.00693497 0 0.98257 0.00380202 0.0106407 0.00522668 0.00487503 0.00534587 0.00765411 0.00675927 
0.00828923 0.00834004 0.00817492 0.00946058 0.00811978 0.00825813 0.00821161 0.00820986 0.0084031 0.00839811 0.0083345 0.00839661 0.00832861 0.00846755 0.00855308 0.00845919 0.00833231 0.00829692 0.00823795 0.00839897 0.00901828 0.00864143 0.00877174 0.00837178 0.00876955 0.00849353 0.00879972 0.00860539 0.00938878 0.0119155 0.0142548 0.0135206 0.00931583 0.00924205 0.0102571 0.0169928 0.00744602 0.0110198 0.00598955 0.00803868 0.00651011 0.98257 0 0.00605509 0.00325131 0.00406058 0.00344561 0.00363348 0.00480482 0.0073779 
0.00882254 0.00806881 0.00873273 0.00956009 0.00878762 0.00814311 0.00868621 0.008411 0.00841385 0.00833631 0.00971526 0.00824323 0.00873664 0.00896678 0.00924221 0.00886499 0.00877351 0.00871992 0.00850709 0.00845744 0.00876021 0.00938454 0.00859684 0.0105496 0.0088954 0.0105977 0.0089669 0.00994084 0.0109877 0.00973332 0.0161816 0.010597 0.0113328 0.0103665 0.0130843 0.0116655 0.0482367 0.0061686 0.0075607 0.00961086 0.961756 0.00380202 0.00605509 0 0.0044436 0.00325673 0.00321943 0.00333178 0.00324351 0.0056332 
0.00835072 0.00801496 0.00830808 0.00909709 0.00841151 0.00863079 0.00983375 0.0095576 0.00860803 0.00991137 0.00848014 0.00860337 0.00994756 0.012912 0.0124388 0.0136622 0.0109417 0.0110052 0.00956558 0.008944 0.0108671 0.00873953 0.00947728 0.0107921 0.0118915 0.011458 0.0225768 0.0126076 0.0115026 0.015746 0.013014 0.0131216 0.012911 0.0141342 0.0108959 0.136045 0.00736111 0.00712388 0.00676212 0.0616483 0.00511645 0.0106407 0.00325131 0.0044436 0 0.00322705 0.00325253 0.00324149 0.00323199 0.00503567 
0.0080904 0.00821358 0.00823563 0.00806245 0.00887084 0.00925131 0.0117688 0.0100645 0.00982113 0.00825532 0.00835118 0.00894981 0.0121858 0.0183864 0.0258491 0.0175465 0.0175704 0.0146841 0.0129645 0.00941081 0.00908573 0.00899942 0.0124135 0.026602 0.0150842 0.050459 0.0195815 0.0213847 0.0215088 0.0109192 0.0141335 0.0255385 0.0412217 0.0178986 0.270605 0.0107795 0.00763658 0.00743207 0.0919463 0.00696772 0.00852307 0.00522668 0.00406058 0.00325673 0.00322705 0 0.00320663 0.00323206 0.00332063 0.00330331 
0.0080787 0.00830642 0.00817111 0.00802014 0.00852775 0.0103981 0.0146808 0.0138815 0.00916659 0.00843717 0.00825636 0.00964326 0.0158174 0.0290898 0.0324988 0.036516 0.0252233 0.0239399 0.0145461 0.0107086 0.00885928 0.0091689 0.0196832 0.0186588 0.106736 0.0203046 0.0443849 0.0393062 0.0156097 0.0112901 0.0110403 0.029411 0.0297603 0.320105 0.0138312 0.0125197 0.00808405 0.28129 0.00713804 0.00967378 0.0056755 0.00487503 0.00344561 0.00321943 0.00325253 0.00320663 0 0.00321608 0.0032022 0.00323629 
0.00815968 0.0081752 0.00822692 0.00811434 0.00923438 0.00923433 0.0147414 0.010816 0.00859086 0.00829953 0.00845257 0.00875718 0.0157461 0.0189402 0.0248629 0.0207689 0.0162373 0.0142908 0.0169113 0.00911639 0.00914317 0.00927138 0.0103066 0.0675153 0.0144662 0.0362329 0.0208112 0.0219661 0.0172156 0.0103626 0.010836 0.0118761 0.307165 0.0219018 0.0310226 0.00997139 0.388003 0.0094475 0.00884988 0.00725654 0.00632327 0.00534587 0.00363348 0.00333178 0.00324149 0.00323206 0.00321608 0 0.00319983 0.00322651 
0.00806779 0.00853457 0.00814686 0.00821809 0.0087772 0.0101744 0.0101117 0.00921633 0.00887597 0.00835275 0.00863386 0.0144271 0.00956229 0.0124295 0.0138477 0.0125213 0.0108349 0.0112045 0.00956728 0.00966171 0.00876737 0.00878306 0.0223323 0.00960558 0.0248203 0.0111081 0.0165389 0.0120137 0.0158768 0.0102985 0.0116315 0.23063 0.0122103 0.0325405 0.0149782 0.0275148 0.0093152 0.0226786 0.00788808 0.00741569 0.00649814 0.00765411 0.00480482 0.00324351 0.00323199 0.00332063 0.0032022 0.00319983 0 0.00320953 
0.00889268 0.00804395 0.00823129 0.00975568 0.011488 0.00845673 0.00876451 0.00854347 0.00825869 0.00817429 0.0122693 0.00878863 0.00904015 0.00908719 0.0093806 0.00909862 0.00889656 0.0089137 0.00888879 0.00854265 0.00881574 0.0141608 0.00882451 0.0109996 0.0089992 0.0102277 0.00910146 0.00968815 0.00979507 0.0095972 0.103156 0.0100922 0.0114189 0.0101808 0.0223224 0.0127445 0.0341069 0.00788958 0.00778842 0.00751247 0.0200633 0.00675927 0.0073779 0.0056332 0.00503567 0.00330331 0.00323629 0.00322651 0.00320953 0 
