1B9ZA
AVNGKGMNPDYKAYLMAPLKKIPEVTNWETFENDLRWAKQNGFYAITVDFWWGDMEKNGDQQFDFSYAQRFAQSVKNAGMKMIPIISTHQCGGNVGDDCNVPIPSWVWNQKSDDSLYFKSETGTVNKETLNPLASDVIRKEYGELYTAFAAAMKPYKDVIAKIYLSGGPAGELRYPSYTTSDGTGYPSRGKFQAYTEFAKSKFRLWVLNKYGSLNEVNKAWGTKLISELAILPPSDGEQFLMNGYLSMYGKDYLEWYQGILENHTKLIGELAHNAFDTTFQVPIGAKIAGVHWQYNNPTIPHGAEKPAGYNDYSHLLDAFKSAKLDVTFTCLEMTDKGSYPEYSMPKTLVQNIATLANEKGIVLNGENALSIGNEEEYKRVAEMAFNYNFAGFTLLRYQDVMYNNSLMGKFKDLLGVTPVMQTIVVKNVPTTIGDTVYITGNRAELGSWDTKQYPIQLYYDSHSNDWRGNVVLPAERNIEFKAFIKSKDGTVKSWQTIQQSWNPVPLKTTSHTSSW
CHHHCCCCCCCEEEEECCCCCHHHCCCHHHHHHHHHHHHHCCEEEEEEEEEHHHHCCCCCCCCCCHHHHHHHHHHHHHCCEEEEEEECCCECCCCCCCCCECCCCCHHHHCCCCCCCEECCCCCEECCCCCCCCHHHHHHHHHHHHHHHHHHCHHHCCCECCEEECCCHHHCCCCCCCCHHHCCCCCCCCCCCCCCHHHHHHHHHHHHHHHCCHHHHHHHHCCCCCCHHHCCCCCCHHHHHHCHHHCHHHHHHHHHHHHHHHHHHHHHHHHHHHHHCCCCCCCEEEEECCCCCCCCCCCCCCCCHHHHCCCCHHHHHHHHHHHCCEEEECCCCCCCCCCCCCCCCHHHHHHHHHHHHHHHCCCEEEECCCCCCCHHHHHHHHHHHHHCCCCEEEECCCHHHHCCHHHHHHHHHHCCCCEEEEEEEEECCCCCCCCEEEEEECCHHHCCCCCCCCCEECEEECCCCEEEEEEEEECCCCEEEEEEEECCCCCEEEECCCCEEECCCCCCCCEEEEEC
0 0 0 0 0 0 0 0 0 0 0 0 0 0 0 0 0 0 0 0 0 0 0 0 0 0 0 0 0 0 0 0 0 0 0 0 0 0 0 0 0 0 0 0 0 0 0 0 0 0 0 0 0 0 0 0 0 0 0 0 0 0 0 0 0 0 0 0 0 0 0 0 0 0 0 0 0 0 0 0 0 0 0 0 0 0 0 0 0 0 0 0 0 0 0 0 0 0 0 0 0 0 0 0 0 0 0 0 0 0 0 0 0 0 0 0 0 0 0 0 0 0 0 0 0 0 0 0 0 0 0 0 0 0 0 0 0 0 0 0 0 0 0 0 0 0 0 0 0 0 0 0 0 0 0 0 0 0 0 0 0 0 0 0 0 0 0 0 0 0 0 0 0 0 0 0 0 0 0 0 0 0 0 0 0 0 0 0 0 0 0 0 0 0 0 0 0 0 0 0 0 0 0 0 0 0 0 0 0 0 0 0 0 0 0 0 0 0 0 0 0 0 0 0 0 0 0 0 0 0 0 0 0 0 0 0 0 0 0 0 0 0 0 0 0 0 0 0 0 0 0 0 0 0 0 0 0 0 0 0 0 0 0 0 0 0 0 0 0 0 0 0 0 0 0 0 0 0 0 0 0 0 0 0 0 0 0 0 0 0 0 0 0 0 0 0 0 0 0 0 0 0 0 0 0 0 0 0 0 0 0 0 0 0 0 0 0 0 0 0 0 0 0 0 0 0 0 0 0 0 0 0 0 0 0 0 0 0 0 0 0 0 0 0 0 0 0 0 0 0 0 0 0 0 0 0 0 0 0 0 0 0 0 0 0 0 0 0 0 0 0 0 0 0 0 0 0 0 0 0 0 0 0 0 0 0 0 0 0 0 0 0 0 0 0 0 0 0 0 0 0 0 0 0 0 0 0 0 0 0 0 0 0 0 0 0 0 0 0 0 0 0 0 0 0 0 0 0 0 0 0 0 0 0 0 0 0 0 0 0 0 0 0 0 0 0 0 0 0 0 0 0 0 0 0 0 0 0 0 0 0 0 0 0 0 0 0 0 0 0 0 0 0 0 0 0 0 0 0 0 0 0 0 0 0 0 0 0 0 0 0 0 0 0 0 0 0 0 0 0 0 0 0 0 0 0 0 0 0 0 0 0 0 0 0 0 
0 0 0 0 0 0 0 0 0 0 0 0 0 0 0 0 0 0 0 0 0 0 0 0 0 0 0 0 0 0 0 0 0 0 0 0 0 0 0 0 0 0 0 0 0 0 0 0 0 0 0 0 0 0 0 0 0 0 0 0 0 0 0 0 0 0 0 0 0 0 0 0 0 0 0 0 0 0 0 0 0 0 0 0 0 0 0 0 0 0 0 0 0 0 0 0 0 0 0 0 0 0 0 0 0 0 0 0 0 0 0 0 0 0 0 0 0 0 0 0 0 0 0 0 0 0 0 0 0 0 0 0 0 0 0 0 0 0 0 0 0 0 0 0 0 0 0 0 0 0 0 0 0 0 0 0 0 0 0 0 0 0 0 0 0 0 0 0 0 0 0 0 0 0 0 0 0 0 0 0 0 0 0 0 0 0 0 0 0 0 0 0 0 0 0 0 0 0 0 0 0 0 0 0 0 0 0 0 0 0 0 0 0 0 0 0 0 0 0 0 0 0 0 0 0 0 0 0 0 0 0 0 0 0 0 0 0 0 0 0 0 0 0 0 0 0 0 0 0 0 0 0 0 0 0 0 0 0 0 0 0 0 0 0 0 0 0 0 0 0 0 0 0 0 0 0 0 0 0 0 0 0 0 0 0 0 0 0 0 0 0 0 0 0 0 0 0 0 0 0 0 0 0 0 0 0 0 0 0 0 0 0 0 0 0 0 0 0 0 0 0 0 0 0 0 0 0 0 0 0 0 0 0 0 0 0 0 0 0 0 0 0 0 0 0 0 0 0 0 0 0 0 0 0 0 0 0 0 0 0 0 0 0 0 0 0 0 0 0 0 0 0 0 0 0 0 0 0 0 0 0 0 0 0 0 0 0 0 0 0 0 0 0 0 0 0 0 0 0 0 0 0 0 0 0 0 0 0 0 0 0 0 0 0 0 0 0 0 0 0 0 0 0 0 0 0 0 0 0 0 0 0 0 0 0 0 0 0 0 0 0 0 0 0 0 0 0 0 0 0 0 0 0 0 0 0 0 0 0 0 0 0 0 0 0 0 0 0 0 0 0 0 0 0 0 0 0 0 0 0 0 0 0 0 0 0 0 0 0 0 0 0 0 0 0 0 0 0 0 0 0 0 0 0 0 0 0 0 0 0 0 0 0 0 0 0 
0 0.0034436 0.0033278 0.00336967 0.0042409 0.0485873 0.0243651 0.0116999 0.0158703 0.0187399 0.0122151 0.0143606 0.0119652 0.0203262 0.0158842 0.00968677 0.0122224 0.0101282 0.0108802 0.0105585 0.0152242 0.0110709 0.0102242 0.00910395 0.00997145 0.00991703 0.00966739 0.0102988 0.00887188 0.008568 0.010042 0.00859026 0.00844562 0.00845838 0.00861394 0.00904043 0.00925999 0.00866314 0.00890016 0.00906541 0.00906402 0.00895828 0.00886843 0.0105969 0.00982818 0.00944393 0.0101783 0.0108483 0.0110546 0.00986369 0.0112914 0.0105051 0.0113185 0.011158 0.0123812 0.0117471 0.0141137 0.0132338 0.0116902 0.0133703 0.0132262 0.0135535 0.0147044 0.0153309 0.0160196 0.0176431 0.0167829 0.0211284 0.01614 0.0152344 0.0178817 0.0208882 0.0179639 0.0214988 0.0194849 0.0203883 0.0245846 0.0274435 0.0200281 0.0265356 0.023391 0.025542 0.0262781 0.0267695 0.0319157 0.034108 0.0260533 0.0293429 0.0338079 0.033573 0.0274148 0.0437325 0.0413492 0.0399661 0.0368561 0.0421649 0.0665103 
0.0034436 0 0.00327228 0.00352722 0.00341588 0.119218 0.0443238 0.0354032 0.0353582 0.0260702 0.0569219 0.0187171 0.0265024 0.011238 0.00975185 0.0273189 0.0138101 0.0273278 0.0229541 0.0217261 0.011498 0.00923749 0.0103639 0.00945568 0.00846487 0.00839749 0.00901433 0.00844433 0.00880786 0.00871298 0.00887853 0.00854213 0.00845684 0.00872016 0.00858296 0.00862878 0.00858665 0.00896673 0.00885386 0.00878416 0.00908508 0.00903405 0.00912637 0.0089433 0.0097424 0.0101984 0.00990884 0.0102597 0.0102869 0.0106886 0.0101127 0.0116209 0.0105046 0.0114401 0.0116132 0.0125247 0.0111374 0.0112053 0.0136725 0.0126908 0.0138444 0.0125485 0.0144107 0.0144355 0.0141811 0.0172917 0.0172212 0.0176732 0.0166503 0.017218 0.0172852 0.0209425 0.01798 0.0214504 0.0198986 0.0205971 0.0220238 0.0269038 0.0197813 0.0259712 0.0221198 0.0251089 0.0260325 0.0262789 0.0297048 0.0340533 0.0266339 0.026385 0.0308185 0.0305422 0.0253305 0.0382539 0.0384939 0.0400336 0.0402806 0.0443047 0.0626913 
0.0033278 0.00327228 0 0.00325571 0.00324093 0.0218066 0.10457 0.136161 0.0627618 0.0988416 0.0503136 0.136889 0.0162217 0.0134103 0.012248 0.0133544 0.0444241 0.0421314 0.0660012 0.0192951 0.0127065 0.00873366 0.008505 0.00859743 0.00842215 0.00854314 0.00836727 0.00837596 0.00908901 0.00886911 0.00908118 0.00852198 0.00850797 0.0087963 0.00860653 0.00851533 0.00864646 0.00905448 0.0088885 0.00867874 0.00875626 0.00898893 0.00904823 0.00881058 0.00961365 0.00983325 0.00977803 0.00973387 0.00998435 0.00988977 0.0106543 0.0111969 0.0108231 0.0113958 0.0121229 0.0113177 0.0108103 0.0120811 0.0123101 0.0136642 0.0136799 0.012322 0.013185 0.0135016 0.0146345 0.0175184 0.0161697 0.0169135 0.0170767 0.0165365 0.0175494 0.0193143 0.0183282 0.0206413 0.0216928 0.0199331 0.0215441 0.0258598 0.020518 0.0267697 0.0245091 0.0272954 0.0303682 0.026003 0.0280133 0.0318517 0.0247562 0.0249051 0.0285342 0.0296284 0.0244216 0.03512 0.0357401 0.0401496 0.0481268 0.0423058 0.0719193 
0.00336967 0.00352722 0.00325571 0 0.00331603 0.0201564 0.0313032 0.071136 0.122277 0.0493048 0.0943102 0.0405638 0.118615 0.0185408 0.0114696 0.0228795 0.0183628 0.037286 0.0327253 0.0681597 0.0161541 0.0101207 0.00922489 0.00944079 0.00868298 0.00862783 0.00889537 0.00863311 0.00935947 0.00977129 0.00986258 0.00860639 0.00871062 0.00888753 0.00898194 0.00874552 0.00884348 0.00932938 0.00933411 0.00900446 0.00905421 0.00938379 0.00947323 0.00889452 0.0100003 0.0102702 0.00997435 0.00992517 0.0104869 0.0103904 0.0102569 0.0112015 0.0107267 0.0115306 0.0117067 0.0110405 0.0104496 0.0122898 0.0131347 0.0130087 0.0135286 0.0114722 0.0124855 0.0138993 0.0144334 0.0172749 0.0156189 0.0149596 0.0169992 0.0170952 0.0168352 0.0187829 0.017831 0.020352 0.0200999 0.0182778 0.0194453 0.0259923 0.0207682 0.0243618 0.0222089 0.0245271 0.0263583 0.0232519 0.0255462 0.0339031 0.0253371 0.0235299 0.0267355 0.0299354 0.0237317 0.0334537 0.0373113 0.037575 0.0377627 0.0358213 0.0517755 
0.0042409 0.00341588 0.00324093 0.00331603 0 0.0247397 0.0152202 0.0219754 0.0300867 0.0744631 0.0288558 0.0288474 0.0329375 0.0749481 0.0203665 0.0115609 0.0133478 0.0125656 0.0159588 0.0149976 0.0264406 0.0141382 0.0111044 0.0110845 0.00928503 0.0101557 0.00892694 0.0108592 0.0118998 0.00885537 0.0104074 0.00923677 0.00853021 0.00853955 0.00855403 0.00858117 0.00940846 0.00898267 0.00878221 0.00877452 0.00956321 0.00910918 0.0089028 0.00896721 0.0104374 0.0103002 0.00978111 0.00985097 0.0111066 0.0104418 0.0102946 0.0105911 0.0104995 0.0110818 0.0115371 0.0108396 0.0109411 0.0143325 0.0129173 0.0128652 0.0129905 0.0115664 0.0132517 0.0157382 0.0150066 0.0191331 0.0158773 0.0159401 0.0176983 0.017098 0.0179732 0.0212588 0.0183683 0.0215401 0.0202554 0.0177667 0.0197107 0.027907 0.0213801 0.0264237 0.0236502 0.0252719 0.0269166 0.0238422 0.0269115 0.0378263 0.0290745 0.027031 0.0303118 0.0354896 0.0262665 0.0382335 0.0446003 0.04026 0.0370582 0.0368996 0.0538068 
0.0485873 0.119218 0.0218066 0.0201564 0.0247397 0 0.0045619 0.00332578 0.00351279 0.00357244 0.00453034 0.00401221 0.00473459 0.00742101 0.0543997 0.0190725 0.0111767 0.011315 0.0123347 0.0138302 0.025379 0.0157477 0.0245669 0.0123276 0.0109997 0.00933075 0.0146018 0.0106397 0.0098683 0.00865613 0.0109091 0.00881813 0.0081641 0.00826858 0.00838684 0.00908383 0.00848079 0.0084499 0.00842725 0.00904398 0.0091157 0.00842255 0.0084981 0.00950265 0.00906464 0.00889365 0.00891132 0.0102124 0.00970562 0.00951996 0.00896028 0.00959814 0.00910214 0.00976209 0.00955982 0.0106291 0.0113009 0.00994185 0.0106623 0.00997869 0.0104223 0.00996603 0.0130236 0.0122632 0.0107848 0.0121863 0.0117145 0.0140519 0.0120604 0.0123858 0.011877 0.0164625 0.0117719 0.0159074 0.012989 0.0138619 0.0154197 0.0211522 0.0135647 0.0210529 0.016187 0.0177927 0.0182667 0.0189709 0.0202213 0.0244482 0.0185665 0.0198336 0.0214905 0.0235383 0.0185134 0.0314713 0.0294002 0.0290149 0.0258296 0.0308965 0.0376681 
0.0243651 0.0443238 0.10457 0.0313032 0.0152202 0.0045619 0 0.00327586 0.00332162 0.0032971 0.00330353 0.00357028 0.00349244 0.00353674 0.0296944 0.0262549 0.017726 0.0192604 0.0158468 0.0228958 0.0114664 0.0098699 0.00918422 0.00903295 0.00909022 0.00960416 0.00874508 0.00876924 0.00875566 0.00922132 0.00906515 0.00821846 0.00831515 0.00838012 0.00848792 0.00850254 0.00852616 0.00853536 0.00857477 0.00848035 0.00853057 0.00865674 0.00861767 0.00875194 0.008767 0.0090888 0.0091216 0.00916087 0.00895331 0.00890936 0.0096724 0.00913153 0.0095043 0.00957092 0.00987869 0.0095441 0.00974216 0.0103453 0.00958828 0.0105115 0.00999687 0.010218 0.0100836 0.0105326 0.0110417 0.0111386 0.0107409 0.0115279 0.0103168 0.0102275 0.0120134 0.0117651 0.0121431 0.0122397 0.0124312 0.0121477 0.0136877 0.0138229 0.0132968 0.0146559 0.0143468 0.0143541 0.0153517 0.0158887 0.0169426 0.0163021 0.015201 0.015892 0.0182633 0.016118 0.0165153 0.0242796 0.0205926 0.0220822 0.0205809 0.0234446 0.0284929 
0.0116999 0.0354032 0.136161 0.071136 0.0219754 0.00332578 0.00327586 0 0.00324247 0.00328015 0.00332564 0.00335974 0.00330641 0.00329435 0.151703 0.027555 0.0503816 0.0373936 0.0664814 0.021541 0.0141623 0.00909911 0.0104631 0.00914206 0.00870438 0.00855625 0.00887646 0.00843723 0.00963804 0.00944357 0.00942839 0.00837467 0.00849092 0.00885567 0.00854961 0.00841896 0.00848357 0.00895187 0.00865532 0.00854659 0.00862454 0.00877795 0.00865171 0.0084914 0.00900153 0.00945046 0.00925334 0.00889469 0.00904598 0.00936457 0.00941483 0.00995085 0.00961566 0.0101053 0.01012 0.00967878 0.00918877 0.00978886 0.0106197 0.0106045 0.0110992 0.00994728 0.0103533 0.010871 0.0102748 0.0123155 0.0111987 0.0105594 0.0120027 0.012233 0.0129089 0.0143643 0.0129712 0.0141378 0.0139458 0.0132798 0.014581 0.0194683 0.0143635 0.0173529 0.0154474 0.01638 0.0173367 0.0162362 0.0188051 0.0224534 0.017208 0.0160613 0.018442 0.0218003 0.0166672 0.0247187 0.0251137 0.0246258 0.0225375 0.0236048 0.0303023 
0.0158703 0.0353582 0.0627618 0.122277 0.0300867 0.00351279 0.00332162 0.00324247 0 0.00323517 0.00330178 0.00331712 0.00323917 0.00335771 0.0195176 0.299151 0.0327291 0.109159 0.0475716 0.0385118 0.0137564 0.00999278 0.0104766 0.00964829 0.0091215 0.00887572 0.00905351 0.00878031 0.0101164 0.0100072 0.0104328 0.00844203 0.00848135 0.0086926 0.00855825 0.00849138 0.00854815 0.00885223 0.00872138 0.00864683 0.00864151 0.00874665 0.00870321 0.00862591 0.00900972 0.00941961 0.00930914 0.00912234 0.00890456 0.0092667 0.00937539 0.00971777 0.00946611 0.00980357 0.00980864 0.0095883 0.00921051 0.00980759 0.010121 0.0101647 0.0104564 0.00986634 0.0102983 0.0110135 0.0103083 0.0112172 0.0104586 0.010369 0.0107731 0.0113888 0.0124741 0.0139051 0.0122392 0.0137637 0.013149 0.0127039 0.0128211 0.0172819 0.0138709 0.0168906 0.0149362 0.0160021 0.016866 0.0160216 0.0174524 0.0197917 0.0167847 0.0157874 0.0178481 0.0201551 0.0164629 0.0241212 0.0230064 0.0243767 0.0225165 0.0239008 0.0325833 
0.0187399 0.0260702 0.0988416 0.0493048 0.0744631 0.00357244 0.0032971 0.00328015 0.00323517 0 0.00323758 0.00323951 0.00323039 0.00324749 0.0506803 0.0221945 0.437078 0.0536138 0.141313 0.026014 0.0180863 0.00994226 0.00995685 0.00970455 0.00913298 0.00919409 0.00901482 0.00898837 0.0102707 0.0104016 0.0105233 0.00846025 0.00855081 0.00892948 0.00866534 0.00851462 0.00867369 0.00903119 0.00886318 0.00866023 0.00875127 0.00890267 0.00888016 0.00864919 0.00926471 0.0096596 0.00953216 0.00918489 0.00902912 0.009355 0.00976629 0.00983175 0.00974659 0.0100056 0.0100876 0.00972493 0.0093133 0.0102935 0.010287 0.0107326 0.0107583 0.0100924 0.0101857 0.0111408 0.0107443 0.0116009 0.0105908 0.0103421 0.0112631 0.0114987 0.0129542 0.013456 0.0128582 0.0136481 0.0136907 0.0130356 0.013764 0.017203 0.0145787 0.0165953 0.0151493 0.0162583 0.0173018 0.0160945 0.017916 0.0198719 0.0165278 0.0156328 0.0174073 0.0196933 0.0165445 0.0236354 0.0230151 0.0235144 0.0222995 0.022944 0.0310178 
0.0122151 0.0569219 0.0503136 0.0943102 0.0288558 0.00453034 0.00330353 0.00332564 0.00330178 0.00323758 0 0.00323328 0.00320599 0.003211 0.0182395 0.117122 0.0377301 0.44705 0.0567383 0.0580189 0.0136547 0.0100358 0.011062 0.010202 0.0096538 0.00869718 0.00908337 0.00894085 0.0108436 0.0103099 0.011182 0.00848771 0.0085312 0.00900155 0.00864047 0.00852217 0.00860872 0.00904791 0.00887443 0.00867756 0.00875913 0.00888601 0.00886705 0.0086037 0.00918 0.00962423 0.00950518 0.00918803 0.00898535 0.00946922 0.00945066 0.00990826 0.00959257 0.00999785 0.00989436 0.00977922 0.00917416 0.00968004 0.0104501 0.0102624 0.0105826 0.00984332 0.01041 0.0111242 0.00997438 0.0107174 0.0103235 0.00999971 0.0109093 0.0115536 0.0121845 0.0138627 0.0118107 0.01382 0.0129895 0.0125913 0.0124381 0.0169345 0.013317 0.0168429 0.014569 0.0162592 0.0170385 0.0154096 0.0165391 0.0194895 0.0159633 0.0149056 0.0162892 0.0193878 0.0156017 0.0228814 0.0222396 0.0237559 0.0219161 0.0231302 0.0292227 
0.0143606 0.0187171 0.136889 0.0405638 0.0288474 0.00401221 0.00357028 0.00335974 0.00331712 0.00323951 0.00323328 0 0.00319832 0.00319855 0.0285299 0.0259594 0.151502 0.0554995 0.42988 0.0251407 0.0198519 0.00917741 0.00907259 0.00898502 0.00886314 0.00880543 0.00869264 0.00864139 0.0100521 0.0107151 0.0100835 0.00834862 0.00856458 0.00900649 0.00871371 0.00842798 0.00851531 0.0089861 0.00882242 0.00857764 0.00864754 0.0088361 0.00875772 0.00850101 0.00897521 0.00952218 0.00937748 0.00901782 0.00877042 0.00920498 0.00956797 0.00970436 0.0097106 0.00989668 0.00988094 0.00939966 0.00896741 0.00956477 0.0100003 0.0104556 0.0103191 0.00974433 0.00949057 0.0103415 0.00984053 0.0104519 0.00983672 0.00950314 0.0100461 0.010694 0.0123532 0.0124093 0.0119845 0.01258 0.0128641 0.0118948 0.0120354 0.0139478 0.0134176 0.014944 0.0139445 0.0145718 0.0157309 0.014194 0.0148512 0.0166275 0.0146288 0.0140834 0.0148485 0.0166632 0.0147036 0.0197327 0.019913 0.0201135 0.0200361 0.0197574 0.025849 
0.0119652 0.0265024 0.0162217 0.118615 0.0329375 0.00473459 0.00349244 0.00330641 0.00323917 0.00323039 0.00320599 0.00319832 0 0.00319558 0.0145173 0.035108 0.0245479 0.0783388 0.0397058 0.461926 0.0202898 0.0122801 0.0100948 0.0108606 0.010396 0.00914863 0.00968424 0.00896693 0.0102475 0.0103719 0.0100603 0.00833455 0.0083422 0.00852378 0.00844827 0.00825729 0.00832184 0.00852669 0.00850985 0.00839631 0.0084766 0.00849252 0.00846306 0.00837713 0.00868753 0.00904216 0.00883069 0.00871588 0.00875886 0.00884521 0.00893938 0.00914459 0.00907862 0.00951219 0.00926664 0.00894198 0.00875184 0.0091297 0.00965646 0.00961397 0.00988864 0.00918858 0.00916648 0.0101876 0.00936599 0.00987759 0.00954688 0.00931178 0.0100771 0.0103722 0.0108467 0.0120645 0.0104227 0.0119071 0.0111298 0.0109687 0.0106651 0.0138607 0.0118931 0.0145964 0.0127334 0.0138716 0.0142993 0.0129093 0.0130227 0.0166386 0.0141035 0.0132455 0.0134742 0.0167337 0.0144042 0.0186448 0.020328 0.0209775 0.0181845 0.0191969 0.022985 
0.0203262 0.011238 0.0134103 0.0185408 0.0749481 0.00742101 0.00353674 0.00329435 0.00335771 0.00324749 0.003211 0.00319855 0.00319558 0 0.02129 0.0132576 0.0183242 0.0163843 0.0352042 0.0406941 0.366966 0.017027 0.0149089 0.0131993 0.0107661 0.0106278 0.00975632 0.0103592 0.0120928 0.00911666 0.0101802 0.00851709 0.00828729 0.0083628 0.00820897 0.00816233 0.00847383 0.00840677 0.00829035 0.0083262 0.00850621 0.00846468 0.00839878 0.00841929 0.00881753 0.00868332 0.00868047 0.00883401 0.00890216 0.00857378 0.00870638 0.00863739 0.00869876 0.00892657 0.00897906 0.00871929 0.00895545 0.00987489 0.00901446 0.00914088 0.00912949 0.00900983 0.00919943 0.0101924 0.00995024 0.0107332 0.00964771 0.0100085 0.010658 0.00953335 0.0100857 0.0095697 0.0100901 0.00999335 0.0102784 0.00994562 0.0108024 0.0122078 0.0118139 0.0111385 0.0113333 0.0111064 0.0117273 0.0109994 0.0120506 0.0157151 0.0127188 0.0114232 0.0133275 0.0145595 0.0134523 0.0159048 0.0208799 0.0182671 0.0172262 0.0165333 0.0214974 
0.0158842 0.00975185 0.012248 0.0114696 0.0203665 0.0543997 0.0296944 0.151703 0.0195176 0.0506803 0.0182395 0.0285299 0.0145173 0.02129 0 0.00362352 0.00332755 0.00334961 0.00346106 0.00402717 0.00809404 0.0130416 0.0147719 0.0131789 0.0197778 0.016722 0.0123601 0.0135783 0.0109446 0.00995476 0.0140956 0.0100876 0.00813107 0.00824491 0.00861333 0.00910596 0.00883919 0.00822248 0.00848899 0.00876048 0.00855967 0.00843583 0.00835685 0.00922201 0.00871328 0.008478 0.00875433 0.00923756 0.00880753 0.00844283 0.00899074 0.00864791 0.00884631 0.00879465 0.00913546 0.00901692 0.0100828 0.0102161 0.00865476 0.00946462 0.00887934 0.0093914 0.00954468 0.0094887 0.0102557 0.0105825 0.00939258 0.0109543 0.00936094 0.00871774 0.0100008 0.00904199 0.0104692 0.00965417 0.0104199 0.00990968 0.0121962 0.0102718 0.0111229 0.0102961 0.0107373 0.0102141 0.0106965 0.0108609 0.0131804 0.0121897 0.010508 0.0106874 0.013044 0.0107279 0.0115836 0.0140931 0.0138826 0.0120511 0.0134386 0.0139178 0.0173373 
0.00968677 0.0273189 0.0133544 0.0228795 0.0115609 0.0190725 0.0262549 0.027555 0.299151 0.0221945 0.117122 0.0259594 0.035108 0.0132576 0.00362352 0 0.00325173 0.00327312 0.00333086 0.00338567 0.0037975 0.00690609 0.0143148 0.0199662 0.010144 0.0100207 0.0126104 0.00954783 0.0127519 0.0119487 0.0114865 0.00837012 0.00842779 0.00886368 0.0084937 0.00860267 0.00830431 0.00866197 0.00844972 0.00843282 0.00855291 0.00860235 0.00847453 0.0084489 0.00866616 0.00900213 0.00881572 0.00866769 0.00860407 0.00884993 0.00874966 0.00894707 0.00887568 0.00929625 0.00901234 0.00904159 0.00866976 0.00865052 0.00932699 0.00930395 0.00966119 0.0089738 0.00906564 0.00957067 0.00891876 0.00887204 0.00920901 0.00894477 0.0088177 0.00933478 0.00919177 0.0102192 0.00928175 0.0101726 0.00982252 0.0101415 0.00947668 0.0115751 0.00970123 0.0117069 0.0100211 0.0106892 0.0111306 0.0108062 0.0106911 0.0110655 0.00998314 0.0100003 0.0100342 0.0108913 0.0101348 0.0125409 0.0120783 0.0143379 0.0126849 0.0146358 0.0156841 
0.0122224 0.0138101 0.0444241 0.0183628 0.0133478 0.0111767 0.017726 0.0503816 0.0327291 0.437078 0.0377301 0.151502 0.0245479 0.0183242 0.00332755 0.00325173 0 0.0032234 0.00327568 0.00326588 0.00329415 0.00587346 0.00956034 0.0102627 0.0101648 0.00981019 0.00944239 0.00972626 0.0116451 0.0118955 0.0116777 0.00835841 0.00843342 0.00871137 0.00854031 0.00836236 0.00829403 0.00859681 0.0084981 0.00840663 0.00850002 0.00845543 0.00845525 0.00833877 0.00863734 0.00891241 0.00871246 0.00863213 0.00850731 0.00863584 0.00869441 0.00877777 0.0088121 0.009186 0.00897258 0.00876428 0.00863809 0.00888668 0.00902401 0.00944624 0.00948582 0.00879759 0.00872695 0.00897758 0.0088872 0.0092281 0.00873745 0.00871348 0.00868068 0.00906038 0.0093055 0.00984614 0.0094775 0.0100063 0.0098001 0.00987197 0.0093921 0.0100855 0.0100357 0.0110385 0.0102038 0.0105085 0.0109336 0.0104453 0.0102791 0.0105754 0.00986603 0.00987512 0.00988988 0.0103325 0.0101124 0.0121926 0.0126513 0.013049 0.0132354 0.0135214 0.0155112 
0.0101282 0.0273278 0.0421314 0.037286 0.0125656 0.011315 0.0192604 0.0373936 0.109159 0.0536138 0.44705 0.0554995 0.0783388 0.0163843 0.00334961 0.00327312 0.0032234 0 0.0032491 0.00325266 0.00324707 0.00563339 0.0108138 0.0117111 0.00980031 0.00955481 0.00983097 0.00960865 0.0124108 0.0143267 0.012694 0.00854943 0.00863065 0.00964191 0.00878862 0.00859001 0.00839629 0.00887344 0.0087439 0.00852188 0.00862741 0.00875107 0.00865249 0.00840587 0.00882151 0.00920705 0.00906933 0.00878406 0.00857482 0.00886062 0.00886411 0.00904539 0.00910035 0.00952318 0.0092959 0.00896995 0.00863518 0.00877002 0.00941592 0.0095998 0.00972756 0.00910667 0.00882368 0.00940413 0.00881579 0.0088704 0.00885316 0.00865916 0.00874285 0.00934003 0.00946256 0.0100052 0.00948563 0.0101658 0.010003 0.0100594 0.00954684 0.0102913 0.00995609 0.0114687 0.0103708 0.0107875 0.0113732 0.0105788 0.0102797 0.0107081 0.0100542 0.00985212 0.00976751 0.0106348 0.010253 0.0122205 0.0128507 0.0131387 0.0130685 0.0134446 0.0147595 
0.0108802 0.0229541 0.0660012 0.0327253 0.0159588 0.0123347 0.0158468 0.0664814 0.0475716 0.141313 0.0567383 0.42988 0.0397058 0.0352042 0.00346106 0.00333086 0.00327568 0.0032491 0 0.00323186 0.00322563 0.00479594 0.0127683 0.0128707 0.0116284 0.0103137 0.012635 0.0100154 0.0132978 0.0146462 0.0150748 0.00862856 0.0086752 0.00949918 0.00885362 0.00871119 0.00855196 0.0089701 0.00871905 0.00862965 0.00872546 0.00870996 0.00868753 0.00851339 0.00892926 0.00920519 0.00907146 0.00892236 0.00859237 0.00889466 0.00890967 0.00913739 0.00913545 0.00959165 0.00930179 0.00900925 0.00879724 0.00881213 0.00949097 0.00968741 0.00979948 0.00917511 0.00902862 0.00937802 0.00889959 0.00893239 0.00888985 0.00879478 0.00874604 0.00942511 0.00954751 0.00998714 0.00957235 0.0102214 0.0100787 0.0101718 0.00984435 0.0103059 0.0101309 0.0114315 0.01043 0.0108328 0.0113415 0.0105668 0.0107077 0.0106073 0.01002 0.00985307 0.0100048 0.0107165 0.0101808 0.0124286 0.0128755 0.0134356 0.0132076 0.0135015 0.0152046 
0.0105585 0.0217261 0.0192951 0.0681597 0.0149976 0.0138302 0.0228958 0.021541 0.0385118 0.026014 0.0580189 0.0251407 0.461926 0.0406941 0.00402717 0.00338567 0.00326588 0.00325266 0.00323186 0 0.00327945 0.0100185 0.0132789 0.0195362 0.0222057 0.0130446 0.0140688 0.0113484 0.0136161 0.028505 0.0143089 0.00857282 0.00854054 0.00929132 0.00863872 0.00853059 0.00842983 0.00866358 0.0086912 0.00847345 0.00854571 0.0086571 0.00862682 0.0083902 0.00884941 0.00921585 0.00910609 0.0089018 0.00854936 0.00885866 0.00882477 0.0089979 0.00904477 0.00942998 0.00920492 0.00897431 0.00866301 0.00889502 0.00944465 0.00951001 0.00983483 0.00917765 0.00892918 0.0094129 0.00897219 0.00891636 0.00898226 0.00874383 0.00885115 0.00929851 0.00934985 0.00972563 0.00944735 0.00999439 0.00991789 0.0100243 0.00960503 0.0105135 0.0101226 0.0110302 0.0100301 0.0104436 0.010837 0.0102393 0.0103563 0.011001 0.00997134 0.00953749 0.0096202 0.0105723 0.0102887 0.0113437 0.0128544 0.0134428 0.0123835 0.0128765 0.0134808 
0.0152242 0.011498 0.0127065 0.0161541 0.0264406 0.025379 0.0114664 0.0141623 0.0137564 0.0180863 0.0136547 0.0198519 0.0202898 0.366966 0.00809404 0.0037975 0.00329415 0.00324707 0.00322563 0.00327945 0 0.0116061 0.0183201 0.0257093 0.0173395 0.0165069 0.0141523 0.0178575 0.0223301 0.0116698 0.0224499 0.00953426 0.00856027 0.00876555 0.00842564 0.00868114 0.00902616 0.00862065 0.00842414 0.00859217 0.00904392 0.00851555 0.00843966 0.00856059 0.00941981 0.00903417 0.00873707 0.00879643 0.00892277 0.00864597 0.00867811 0.00869351 0.00877062 0.00901219 0.00894082 0.00873671 0.00872508 0.00976669 0.00900822 0.00912662 0.00929246 0.00893528 0.00905064 0.00986738 0.00899283 0.0101206 0.00902081 0.00910178 0.00963789 0.00911947 0.00912336 0.00925918 0.00926751 0.00964318 0.00975625 0.00983145 0.00988972 0.0114966 0.0101373 0.0104436 0.00994442 0.0103137 0.0106863 0.0102405 0.0105539 0.0132629 0.0100225 0.00944633 0.0102742 0.0118738 0.0105739 0.0115787 0.0145708 0.0132554 0.0131283 0.0126596 0.0146706 
0.0110709 0.00923749 0.00873366 0.0101207 0.0141382 0.0157477 0.0098699 0.00909911 0.00999278 0.00994226 0.0100358 0.00917741 0.0122801 0.017027 0.0130416 0.00690609 0.00587346 0.00563339 0.00479594 0.0100185 0.0116061 0 0.891086 0.0262027 0.0274866 0.0224022 0.0209696 0.0362024 0.0146583 0.010573 0.0151083 0.00928277 0.00826131 0.0081142 0.00821161 0.00901012 0.00879892 0.00826689 0.00815384 0.00876127 0.00886175 0.00831366 0.00821343 0.00907004 0.00889623 0.0084773 0.00849947 0.00920448 0.00901931 0.00856565 0.00837016 0.00843905 0.00840754 0.00847358 0.00854155 0.00877653 0.00945479 0.00993536 0.00875042 0.00871266 0.00868668 0.00898304 0.0100158 0.00999156 0.00940189 0.0104821 0.00909699 0.0102645 0.00986894 0.00895934 0.00898828 0.00936511 0.00940602 0.00926592 0.00926801 0.00953081 0.0112001 0.0125621 0.0103053 0.0101354 0.00971513 0.00985448 0.0101001 0.0101191 0.0125059 0.014155 0.0102139 0.00981072 0.0118677 0.0124048 0.0107722 0.0138448 0.0161744 0.0127301 0.012727 0.0121888 0.0159015 
0.0102242 0.0103639 0.008505 0.00922489 0.0111044 0.0245669 0.00918422 0.0104631 0.0104766 0.00995685 0.011062 0.00907259 0.0100948 0.0149089 0.0147719 0.0143148 0.00956034 0.0108138 0.0127683 0.0132789 0.0183201 0.891086 0 0.0560467 0.0222138 0.0166141 0.0386298 0.0834916 0.019499 0.0103728 0.0152043 0.011046 0.00820285 0.00825256 0.0081569 0.00911731 0.00891563 0.00844546 0.00811175 0.00878224 0.00975099 0.00829007 0.00817521 0.00884641 0.00897491 0.00856104 0.0082958 0.00923572 0.00930034 0.00915334 0.00830734 0.00887823 0.00841131 0.00865135 0.00855368 0.00925795 0.00930448 0.00926432 0.00973023 0.00860347 0.00882857 0.0085685 0.0109806 0.0111001 0.009056 0.0103062 0.00949548 0.0104162 0.0101113 0.00955607 0.00867593 0.0108098 0.00874566 0.0102879 0.00904796 0.00943189 0.0105179 0.0158404 0.00919371 0.0112633 0.00919715 0.00999144 0.00968539 0.00999983 0.012049 0.0159748 0.010697 0.00988405 0.0113584 0.0146079 0.00979002 0.0152086 0.0149135 0.0144309 0.0109653 0.0133428 0.0150189 
0.00910395 0.00945568 0.00859743 0.00944079 0.0110845 0.0123276 0.00903295 0.00914206 0.00964829 0.00970455 0.010202 0.00898502 0.0108606 0.0131993 0.0131789 0.0199662 0.0102627 0.0117111 0.0128707 0.0195362 0.0257093 0.0262027 0.0560467 0 0.00464137 0.0120791 0.913131 0.027269 0.0211397 0.0171657 0.0205231 0.00935699 0.00845586 0.00834531 0.0083367 0.00906863 0.00883831 0.0083098 0.00820604 0.00859295 0.00866713 0.00828719 0.00818154 0.0086688 0.00843659 0.00842736 0.00840322 0.00883512 0.00853294 0.0087276 0.00834176 0.00860764 0.0084032 0.00854119 0.00847613 0.00874449 0.00876744 0.00874435 0.00895528 0.0085554 0.00863487 0.00852737 0.00928504 0.00940224 0.00872021 0.00887151 0.00891918 0.00927499 0.00881285 0.00897905 0.00857288 0.00951863 0.00862812 0.00937252 0.00880711 0.00917671 0.00981567 0.0121429 0.0090473 0.00978035 0.00883817 0.0092932 0.00920242 0.00938672 0.0107998 0.0116287 0.00968847 0.00927037 0.0102366 0.0112323 0.00957434 0.011788 0.0115587 0.0119154 0.00970196 0.0112447 0.011629 
0.00997145 0.00846487 0.00842215 0.00868298 0.00928503 0.0109997 0.00909022 0.00870438 0.0091215 0.00913298 0.0096538 0.00886314 0.010396 0.0107661 0.0197778 0.010144 0.0101648 0.00980031 0.0116284 0.0222057 0.0173395 0.0274866 0.0222138 0.00464137 0 0.972551 0.00833921 0.0224567 0.0210815 0.0153131 0.0139412 0.00875312 0.00823638 0.00815607 0.00816456 0.00845834 0.00863502 0.00828089 0.00810484 0.0081938 0.00851533 0.00824538 0.00804252 0.00828675 0.00856065 0.00847285 0.00832031 0.00842114 0.00846631 0.00838088 0.00835056 0.00832839 0.00836954 0.00837332 0.00840885 0.00842487 0.00835276 0.00915613 0.00859816 0.00858744 0.00854421 0.00855252 0.00850808 0.00901018 0.00858191 0.0091205 0.00860563 0.00862446 0.00866641 0.00846409 0.00858025 0.00838893 0.00880925 0.0085492 0.00869866 0.00884922 0.0090631 0.00956473 0.0095042 0.00864247 0.00871822 0.00882461 0.00892755 0.00912976 0.00934602 0.0104325 0.00892206 0.00875358 0.00927646 0.00958138 0.00947805 0.00975302 0.0117368 0.0102655 0.0103827 0.00952789 0.0106817 
0.00991703 0.00839749 0.00854314 0.00862783 0.0101557 0.00933075 0.00960416 0.00855625 0.00887572 0.00919409 0.00869718 0.00880543 0.00914863 0.0106278 0.016722 0.0100207 0.00981019 0.00955481 0.0103137 0.0130446 0.0165069 0.0224022 0.0166141 0.0120791 0.972551 0 0.00637512 0.0396188 0.0169656 0.0288778 0.0153333 0.00937635 0.008443 0.00811198 0.00828187 0.00885213 0.00959768 0.00807481 0.00819181 0.00842076 0.00844474 0.00812419 0.00807744 0.00864489 0.00840816 0.00819946 0.00822932 0.00861938 0.00847129 0.00829283 0.0083318 0.00826128 0.00827532 0.00831407 0.00838402 0.00841256 0.00879571 0.00952961 0.00841877 0.00852688 0.00837199 0.00845507 0.00871398 0.00865114 0.00887521 0.00974175 0.00848218 0.0090143 0.00867947 0.00837189 0.00875792 0.00841369 0.00909358 0.00855965 0.00877714 0.0089232 0.00960106 0.00925017 0.00968615 0.00859893 0.00898882 0.00872993 0.00882176 0.00914341 0.0102393 0.0105245 0.00910268 0.00897506 0.0100303 0.00940417 0.00972933 0.0103236 0.0116331 0.00982617 0.0106851 0.00958121 0.0112312 
0.00966739 0.00901433 0.00836727 0.00889537 0.00892694 0.0146018 0.00874508 0.00887646 0.00905351 0.00901482 0.00908337 0.00869264 0.00968424 0.00975632 0.0123601 0.0126104 0.00944239 0.00983097 0.012635 0.0140688 0.0141523 0.0209696 0.0386298 0.913131 0.00833921 0.00637512 0 0.0548796 0.0268032 0.0190973 0.0425147 0.0094942 0.00837049 0.00829714 0.00824833 0.00863249 0.0085833 0.00831169 0.00816275 0.00825463 0.00867467 0.00824794 0.00813532 0.00828631 0.0085985 0.00836014 0.00830146 0.00846694 0.00858716 0.00855356 0.00829827 0.00845654 0.00836637 0.00842032 0.00840944 0.00859189 0.00838863 0.0086911 0.00885655 0.00851847 0.00854771 0.00848225 0.00884017 0.00930973 0.00851176 0.0089125 0.00871136 0.00878813 0.00884542 0.00871614 0.00841883 0.00916374 0.00845576 0.00899208 0.00862586 0.00883137 0.00898386 0.0111952 0.00876327 0.00933316 0.00859818 0.00904441 0.00892469 0.00908813 0.00935702 0.010942 0.00909159 0.00873282 0.0091929 0.0104594 0.00881388 0.0102574 0.0108267 0.0110983 0.00936138 0.0101075 0.0105756 
0.0102988 0.00844433 0.00837596 0.00863311 0.0108592 0.0106397 0.00876924 0.00843723 0.00878031 0.00898837 0.00894085 0.00864139 0.00896693 0.0103592 0.0135783 0.00954783 0.00972626 0.00960865 0.0100154 0.0113484 0.0178575 0.0362024 0.0834916 0.027269 0.0224567 0.0396188 0.0548796 0 0.0333151 0.00941906 0.0155489 0.0137818 0.00893698 0.00882328 0.00931171 0.0114642 0.00993084 0.0084606 0.00847145 0.00970634 0.0097744 0.00837941 0.00812236 0.00940473 0.0091897 0.00841022 0.00829979 0.0092807 0.00883929 0.00846778 0.00825595 0.00832513 0.00827874 0.00834531 0.00842533 0.00851355 0.00928894 0.00945107 0.00848563 0.0084175 0.00841229 0.00870312 0.00912917 0.00916901 0.00887933 0.00985456 0.00853276 0.00909328 0.0088176 0.00845434 0.00842738 0.00850611 0.00850473 0.00851631 0.00849272 0.00893192 0.00985533 0.0104192 0.00896242 0.00856346 0.00850446 0.00862542 0.00865779 0.00909672 0.010227 0.0105269 0.0086636 0.00851929 0.00932673 0.00959256 0.00902008 0.010112 0.0110796 0.00945366 0.00939439 0.00916054 0.0102727 
0.00887188 0.00880786 0.00908901 0.00935947 0.0118998 0.0098683 0.00875566 0.00963804 0.0101164 0.0102707 0.0108436 0.0100521 0.0102475 0.0120928 0.0109446 0.0127519 0.0116451 0.0124108 0.0132978 0.0136161 0.0223301 0.0146583 0.019499 0.0211397 0.0210815 0.0169656 0.0268032 0.0333151 0 0.00340329 0.0037939 0.0449805 0.0102295 0.0111522 0.0103926 0.0127271 0.00910744 0.00904617 0.00899509 0.0102744 0.00971949 0.00821675 0.00849691 0.00915581 0.00857265 0.00837939 0.00861008 0.00925968 0.00837135 0.00832084 0.0085067 0.00865892 0.0085573 0.00883629 0.008704 0.00869202 0.00904046 0.00851977 0.00860304 0.00865887 0.00890923 0.00855966 0.00909035 0.00858491 0.00853504 0.00860645 0.0084613 0.00873663 0.00831764 0.00842887 0.00847944 0.00859477 0.00850302 0.00882202 0.00882278 0.0089573 0.00934717 0.00978549 0.00853393 0.00899905 0.00870454 0.00905972 0.00905051 0.00905604 0.00979126 0.00902232 0.00845592 0.0085768 0.00893913 0.00887509 0.00855145 0.00963923 0.00919722 0.00924865 0.00890107 0.00908052 0.00937199 
0.008568 0.00871298 0.00886911 0.00977129 0.00885537 0.00865613 0.00922132 0.00944357 0.0100072 0.0104016 0.0103099 0.0107151 0.0103719 0.00911666 0.00995476 0.0119487 0.0118955 0.0143267 0.0146462 0.028505 0.0116698 0.010573 0.0103728 0.0171657 0.0153131 0.0288778 0.0190973 0.00941906 0.00340329 0 0.00403352 0.0122815 0.0148946 0.0114669 0.0146101 0.00942902 0.00871917 0.00889698 0.00914605 0.00884414 0.00831775 0.0084961 0.00848502 0.00836949 0.00839622 0.00882501 0.00872 0.00874065 0.00824289 0.00856154 0.0085357 0.00865542 0.00862335 0.00890915 0.00869139 0.00874893 0.00852779 0.00848299 0.00886027 0.00891571 0.00919402 0.00882146 0.00879683 0.00870557 0.00864044 0.00831387 0.00866026 0.00830398 0.00830251 0.00867516 0.00862669 0.00864473 0.00862307 0.00883685 0.00894382 0.00940286 0.00885166 0.00883535 0.00899363 0.00897148 0.00888222 0.00941128 0.00958001 0.00933929 0.00904281 0.00861593 0.00860101 0.00855254 0.00849894 0.00854707 0.00893313 0.00869667 0.0090127 0.00921523 0.00896342 0.00894519 0.0088849 
0.010042 0.00887853 0.00908118 0.00986258 0.0104074 0.0109091 0.00906515 0.00942839 0.0104328 0.0105233 0.011182 0.0100835 0.0100603 0.0101802 0.0140956 0.0114865 0.0116777 0.012694 0.0150748 0.0143089 0.0224499 0.0151083 0.0152043 0.0205231 0.0139412 0.0153333 0.0425147 0.0155489 0.0037939 0.00403352 0 0.0195362 0.0125407 0.028998 0.0243899 0.0388841 0.0106803 0.00928589 0.00908916 0.00960662 0.00930631 0.0086111 0.00829105 0.00849766 0.00939948 0.00867612 0.00840294 0.00858687 0.00865514 0.00842799 0.00851359 0.00859132 0.00855624 0.0086598 0.00860477 0.00832448 0.00833062 0.00888728 0.00867686 0.00870962 0.00884021 0.00846946 0.00851349 0.00893251 0.00830943 0.00861442 0.00831707 0.00830565 0.00861415 0.00844004 0.0084024 0.00848446 0.00846038 0.00858387 0.00863617 0.00888318 0.00862599 0.00970577 0.00867151 0.00857802 0.00857869 0.00883866 0.00888099 0.00887913 0.0087326 0.00984094 0.00845491 0.00829768 0.00844558 0.00903326 0.00851439 0.00872209 0.00947366 0.00896662 0.00863307 0.008627 0.00897588 
0.00859026 0.00854213 0.00852198 0.00860639 0.00923677 0.00881813 0.00821846 0.00837467 0.00844203 0.00846025 0.00848771 0.00834862 0.00833455 0.00851709 0.0100876 0.00837012 0.00835841 0.00854943 0.00862856 0.00857282 0.00953426 0.00928277 0.011046 0.00935699 0.00875312 0.00937635 0.0094942 0.0137818 0.0449805 0.0122815 0.0195362 0 0.00354148 0.00332323 0.00354452 0.0051985 0.197978 0.0237962 0.0147098 0.03821 0.0141436 0.00980893 0.010947 0.0164167 0.0100079 0.0101712 0.00970465 0.0133036 0.00908374 0.00857067 0.00845681 0.0089123 0.00867204 0.00930456 0.00890335 0.00944825 0.00967201 0.00856792 0.00889292 0.00870679 0.00894492 0.00861702 0.00962604 0.0088394 0.00831109 0.00821002 0.00804146 0.00845516 0.00821053 0.00806111 0.00811328 0.00837333 0.00819265 0.00840033 0.0083578 0.00847418 0.00940885 0.00982976 0.00808159 0.00856398 0.0082618 0.00873508 0.00852013 0.00859985 0.00931649 0.00878024 0.00804716 0.00803536 0.00845985 0.00853914 0.00797461 0.00858396 0.00828845 0.00830484 0.00812728 0.00819958 0.00856926 
0.00844562 0.00845684 0.00850797 0.00871062 0.00853021 0.0081641 0.00831515 0.00849092 0.00848135 0.00855081 0.0085312 0.00856458 0.0083422 0.00828729 0.00813107 0.00842779 0.00843342 0.00863065 0.0086752 0.00854054 0.00856027 0.00826131 0.00820285 0.00845586 0.00823638 0.008443 0.00837049 0.00893698 0.0102295 0.0148946 0.0125407 0.00354148 0 0.0032389 0.00332645 0.00340608 0.29052 0.0962773 0.0434329 0.0147224 0.0126373 0.0131529 0.0134798 0.0108461 0.00954877 0.0105562 0.0108063 0.0104079 0.00833877 0.00853313 0.00894038 0.00905499 0.00908623 0.00984748 0.0093986 0.00916488 0.00854332 0.0083934 0.00853076 0.00910332 0.00907012 0.0087346 0.00855305 0.00826055 0.00822974 0.00807713 0.008192 0.00815708 0.00800841 0.00831264 0.00824908 0.008403 0.00819565 0.00848201 0.00843276 0.00856045 0.00852916 0.00834391 0.00821234 0.00847445 0.00834989 0.00856503 0.0086754 0.00849205 0.00863117 0.00810237 0.00813243 0.00806002 0.00810962 0.00804519 0.00809942 0.00821208 0.00808631 0.00835147 0.0081727 0.00827005 0.00819361 
0.00845838 0.00872016 0.0087963 0.00888753 0.00853955 0.00826858 0.00838012 0.00885567 0.0086926 0.00892948 0.00900155 0.00900649 0.00852378 0.0083628 0.00824491 0.00886368 0.00871137 0.00964191 0.00949918 0.00929132 0.00876555 0.0081142 0.00825256 0.00834531 0.00815607 0.00811198 0.00829714 0.00882328 0.0111522 0.0114669 0.028998 0.00332323 0.0032389 0 0.0032543 0.00324821 0.0363023 0.415274 0.0467609 0.0215417 0.0122201 0.0187544 0.0159824 0.0105669 0.0101093 0.0150914 0.0117522 0.0103928 0.00844092 0.00922253 0.0104 0.0111426 0.0117543 0.0123862 0.0109545 0.00922271 0.00858373 0.00847255 0.00920498 0.0103426 0.0111807 0.00897952 0.00861851 0.0082732 0.00830082 0.00818363 0.00814465 0.00807774 0.00808999 0.00844663 0.00849967 0.0086887 0.00860568 0.0090438 0.00899547 0.00886521 0.0083768 0.00842008 0.00835664 0.00909181 0.00873018 0.00939441 0.00938761 0.00906244 0.00853384 0.00814952 0.00830332 0.00819874 0.00807621 0.00812925 0.00810496 0.00820736 0.00812356 0.00848245 0.00833492 0.00830888 0.00830353 
0.00861394 0.00858296 0.00860653 0.00898194 0.00855403 0.00838684 0.00848792 0.00854961 0.00855825 0.00866534 0.00864047 0.00871371 0.00844827 0.00820897 0.00861333 0.0084937 0.00854031 0.00878862 0.00885362 0.00863872 0.00842564 0.00821161 0.0081569 0.0083367 0.00816456 0.00828187 0.00824833 0.00931171 0.0103926 0.0146101 0.0243899 0.00354452 0.00332645 0.0032543 0 0.00337277 0.0464026 0.0439169 0.56961 0.0405389 0.0124233 0.0171123 0.0195337 0.0106706 0.0109236 0.0114064 0.0136595 0.0102155 0.00864749 0.00898554 0.0103389 0.00976957 0.0101656 0.0103294 0.0096323 0.00882113 0.00836791 0.0092521 0.0091833 0.00958193 0.00970579 0.00872109 0.00844809 0.00826378 0.00830231 0.00821168 0.00817635 0.00810637 0.00811907 0.00842898 0.00845246 0.00859868 0.00848201 0.0088081 0.00867093 0.00880276 0.0082874 0.00833304 0.00851249 0.00875804 0.00860322 0.0090064 0.00906186 0.00866984 0.00831175 0.00833706 0.00833232 0.00824892 0.00803186 0.00825938 0.0081625 0.0081099 0.00839753 0.00850786 0.00834091 0.00828168 0.0081391 
0.00904043 0.00862878 0.00851533 0.00874552 0.00858117 0.00908383 0.00850254 0.00841896 0.00849138 0.00851462 0.00852217 0.00842798 0.00825729 0.00816233 0.00910596 0.00860267 0.00836236 0.00859001 0.00871119 0.00853059 0.00868114 0.00901012 0.00911731 0.00906863 0.00845834 0.00885213 0.00863249 0.0114642 0.0127271 0.00942902 0.0388841 0.0051985 0.00340608 0.00324821 0.00337277 0 0.0244602 0.0359712 0.0758023 0.550418 0.0222224 0.0123 0.012014 0.0152275 0.0154891 0.0113622 0.0104748 0.0132596 0.00998973 0.00940257 0.00899252 0.00937969 0.00916013 0.00991706 0.00914171 0.00891364 0.00890789 0.010213 0.00957268 0.00900281 0.00954337 0.00851761 0.00932347 0.00923914 0.00829397 0.0100489 0.00816404 0.0082984 0.0089052 0.00837849 0.00823049 0.00848038 0.00833342 0.00860129 0.00885636 0.00860067 0.0086897 0.00922944 0.00840713 0.00865309 0.0084328 0.0087501 0.00865525 0.00849475 0.00853703 0.00884875 0.00823783 0.00811634 0.00817921 0.00865323 0.00813064 0.00819276 0.00871833 0.00852474 0.00840614 0.00823113 0.00821877 
