1BB9A
TTGRLDLPPGFMFKVQAQHDYTATDTDELQLKAGDVVLVIPFQNPEEQDEGWLMGVKESDWNQHKELEKCRGVFPENFTERVQ
CCCCCCCCCCCCEEEEECCCECCCCCCECCECCCCEEEEECCCCHHHCCCCEEEEEEHHHHHCCCCHHHHCEEEEHHHEEEEC
0 0 0 0 0 0 0 0 0 0 0 0 0 0 0 0 0 0 0 0 0 0 0 0 0 0 0 0 0 0 0 0 0 0 0 0 0 0 0 0 0 0 0 0 0 0 0 0 0 0 0 0 0 0 0 0 0 0 0 0 0 0 0 0 0 0 0 0 0 0 0 0 0 0 0 0 0 0 0 0 0 0 0 
0 0 0 0 0 0 0 0 0 0 0 0 0 0 0 0 0 0 0 0 0 0 0 0 0 0 0 0 0 0 0 0 0 0 0 0 0 0 0 0 0 0 0 0 0 0 0 0 0 0 0 0 0 0 0 0 0 0 0 0 0 0 0 0 0 0 0 0 0 0 0 0 0 0 0 0 0 0 0 0 0 0 0 
0 0.00325105 0.00320776 0.00360603 0.00381997 0.00777426 0.0134032 0.0245035 0.0331532 0.0168258 0.0170916 0.019201 0.024515 0.011087 0.00904555 0.00988226 0.00970936 0.0113495 0.0158948 0.0119081 0.00972247 0.00937109 0.0132475 0.00958289 0.00836751 0.00938737 0.0114706 
0.00325105 0 0.0032335 0.00324669 0.00324007 0.00511433 0.00832209 0.00962328 0.0177665 0.0459981 0.0306175 0.0374902 0.0104767 0.0101059 0.0105697 0.011819 0.0157461 0.0122442 0.00935875 0.0102637 0.0124383 0.0100916 0.00903846 0.00865828 0.00849435 0.0103059 0.00967767 
0.00320776 0.0032335 0 0.00320953 0.00328611 0.00439799 0.00687869 0.0136684 0.0188784 0.0280223 0.0716054 0.0177023 0.0137417 0.00871075 0.0130236 0.0216573 0.0208897 0.0117437 0.00946236 0.0120597 0.0129699 0.00966947 0.00957558 0.0100823 0.00925531 0.010013 0.0107999 
0.00360603 0.00324669 0.00320953 0 0.00322469 0.00721339 0.0166925 0.00834399 0.016358 0.0336224 0.0241913 0.0460631 0.009219 0.0115704 0.0127017 0.0153339 0.0123637 0.0122688 0.00926897 0.0115476 0.0162211 0.0113775 0.00863057 0.0113108 0.0117609 0.00970823 0.0086218 
0.00381997 0.00324007 0.00328611 0.00322469 0 0.025421 0.00779673 0.0373166 0.0338999 0.0136288 0.013695 0.0142828 0.0227201 0.0111317 0.011546 0.00965257 0.0103622 0.00979724 0.00994916 0.0209618 0.00946315 0.00887919 0.0106315 0.0906146 0.00877596 0.00885096 0.00964933 
0.00777426 0.00511433 0.00439799 0.00721339 0.025421 0 0.102477 0.54281 0.0170891 0.0137568 0.0108622 0.0142195 0.0260443 0.0103753 0.00928132 0.00856962 0.0088587 0.0110914 0.0178989 0.0135372 0.00925451 0.0097227 0.0154162 0.0182854 0.00876668 0.0092311 0.0135156 
0.0134032 0.00832209 0.00687869 0.0166925 0.00779673 0.102477 0 0.0253979 0.0105393 0.0122315 0.00781151 0.0113911 0.00961701 0.0112643 0.00888547 0.00911773 0.00905364 0.0111754 0.0137094 0.0131478 0.0102701 0.0103563 0.0113064 0.0128858 0.0087887 0.00938768 0.0104443 
0.0245035 0.00962328 0.0136684 0.00834399 0.0373166 0.54281 0.0253979 0 0.0612699 0.0111936 0.00695855 0.00625642 0.0251555 0.0098216 0.0111088 0.00869373 0.00967313 0.0128119 0.020628 0.02934 0.00995934 0.0100369 0.0201601 0.0378683 0.0102421 0.00962585 0.021913 
0.0331532 0.0177665 0.0188784 0.016358 0.0338999 0.0170891 0.0105393 0.0612699 0 0.00445273 0.00331223 0.0033791 0.00456728 0.0232783 0.00958856 0.0115326 0.0156426 0.0306151 0.0618737 0.0306897 0.0155811 0.0117359 0.0177229 0.0139426 0.00959716 0.0127112 0.0226052 
0.0168258 0.0459981 0.0280223 0.0336224 0.0136288 0.0137568 0.0122315 0.0111936 0.00445273 0 0.00341655 0.00341299 0.00349049 0.0173859 0.0527648 0.0248425 0.0774682 0.0381175 0.0438228 0.0216377 0.0520726 0.0158558 0.0121787 0.0106888 0.0132264 0.0277402 0.0211589 
0.0170916 0.0306175 0.0716054 0.0241913 0.013695 0.0108622 0.00781151 0.00695855 0.00331223 0.00341655 0 0.00341578 0.00325643 0.0109713 0.0375059 0.160958 0.0562728 0.133722 0.00935971 0.0189396 0.0549967 0.0177099 0.0101263 0.0123613 0.0148095 0.0184864 0.0179617 
0.019201 0.0374902 0.0177023 0.0460631 0.0142828 0.0142195 0.0113911 0.00625642 0.0033791 0.00341299 0.00341578 0 0.00329967 0.0333707 0.0973915 0.0396388 0.220588 0.0197183 0.00924813 0.014525 0.0354214 0.0294254 0.0102946 0.0157612 0.0133605 0.0181977 0.0138278 
0.024515 0.0104767 0.0137417 0.009219 0.0227201 0.0260443 0.00961701 0.0251555 0.00456728 0.00349049 0.00325643 0.00329967 0 0.0174081 0.0273081 0.055243 0.0111989 0.0128633 0.0113477 0.0194403 0.0112465 0.00986381 0.0106479 0.0337137 0.00950846 0.00954739 0.011706 
0.011087 0.0101059 0.00871075 0.0115704 0.0111317 0.0103753 0.0112643 0.0098216 0.0232783 0.0173859 0.0109713 0.0333707 0.0174081 0 0.00324893 0.00318585 0.00317342 0.00332889 0.00434467 0.00812568 0.00949292 0.0106253 0.170247 0.00838299 0.00882158 0.0102338 0.0160557 
0.00904555 0.0105697 0.0130236 0.0127017 0.011546 0.00928132 0.00888547 0.0111088 0.00958856 0.0527648 0.0375059 0.0973915 0.0273081 0.00324893 0 0.00320803 0.00321997 0.00323546 0.00319413 0.00877494 0.0133577 0.191266 0.0117704 0.00852911 0.00843702 0.0148846 0.0154835 
0.00988226 0.011819 0.0216573 0.0153339 0.00965257 0.00856962 0.00911773 0.00869373 0.0115326 0.0248425 0.160958 0.0396388 0.055243 0.00318585 0.00320803 0 0.0032057 0.00319019 0.00319939 0.00974523 0.223885 0.0118369 0.0107689 0.00852119 0.0106195 0.0102783 0.012116 
0.00970936 0.0157461 0.0208897 0.0123637 0.0103622 0.0088587 0.00905364 0.00967313 0.0156426 0.0774682 0.0562728 0.220588 0.0111989 0.00317342 0.00321997 0.0032057 0 0.00319958 0.00321917 0.155172 0.0272765 0.0294073 0.0080606 0.00922203 0.0104504 0.0134049 0.0116699 
0.0113495 0.0122442 0.0117437 0.0122688 0.00979724 0.0110914 0.0111754 0.0128119 0.0306151 0.0381175 0.133722 0.0197183 0.0128633 0.00332889 0.00323546 0.00319019 0.00319958 0 0.00614472 0.0114828 0.0434872 0.0199225 0.00686881 0.0110435 0.0111849 0.012791 0.0137031 
0.0158948 0.00935875 0.00946236 0.00926897 0.00994916 0.0178989 0.0137094 0.020628 0.0618737 0.0438228 0.00935971 0.00924813 0.0113477 0.00434467 0.00319413 0.00319939 0.00321917 0.00614472 0 0.0335647 0.00832859 0.0383414 0.00797301 0.0153722 0.00856392 0.00908834 0.0133592 
0.0119081 0.0102637 0.0120597 0.0115476 0.0209618 0.0135372 0.0131478 0.02934 0.0306897 0.0216377 0.0189396 0.014525 0.0194403 0.00812568 0.00877494 0.00974523 0.155172 0.0114828 0.0335647 0 0.00327013 0.00326529 0.00374338 0.00369924 0.00400349 0.00797276 0.109507 
0.00972247 0.0124383 0.0129699 0.0162211 0.00946315 0.00925451 0.0102701 0.00995934 0.0155811 0.0520726 0.0549967 0.0354214 0.0112465 0.00949292 0.0133577 0.223885 0.0272765 0.0434872 0.00832859 0.00327013 0 0.00323202 0.00322587 0.00342952 0.00381285 0.0298264 0.00882515 
0.00937109 0.0100916 0.00966947 0.0113775 0.00887919 0.0097227 0.0103563 0.0100369 0.0117359 0.0158558 0.0177099 0.0294254 0.00986381 0.0106253 0.191266 0.0118369 0.0294073 0.0199225 0.0383414 0.00326529 0.00323202 0 0.00319688 0.00441456 0.0368462 0.00401955 0.00707924 
0.0132475 0.00903846 0.00957558 0.00863057 0.0106315 0.0154162 0.0113064 0.0201601 0.0177229 0.0121787 0.0101263 0.0102946 0.0106479 0.170247 0.0117704 0.0107689 0.0080606 0.00686881 0.00797301 0.00374338 0.00322587 0.00319688 0 0.0432452 0.00352738 0.003331 0.00473286 
0.00958289 0.00865828 0.0100823 0.0113108 0.0906146 0.0182854 0.0128858 0.0378683 0.0139426 0.0106888 0.0123613 0.0157612 0.0337137 0.00838299 0.00852911 0.00852119 0.00922203 0.0110435 0.0153722 0.00369924 0.00342952 0.00441456 0.0432452 0 0.00324179 0.00331661 0.00636975 
0.00836751 0.00849435 0.00925531 0.0117609 0.00877596 0.00876668 0.0087887 0.0102421 0.00959716 0.0132264 0.0148095 0.0133605 0.00950846 0.00882158 0.00843702 0.0106195 0.0104504 0.0111849 0.00856392 0.00400349 0.00381285 0.0368462 0.00352738 0.00324179 0 0.00331896 0.00329 
0.00938737 0.0103059 0.010013 0.00970823 0.00885096 0.0092311 0.00938768 0.00962585 0.0127112 0.0277402 0.0184864 0.0181977 0.00954739 0.0102338 0.0148846 0.0102783 0.0134049 0.012791 0.00908834 0.00797276 0.0298264 0.00401955 0.003331 0.00331661 0.00331896 0 0.00341452 
0.0114706 0.00967767 0.0107999 0.0086218 0.00964933 0.0135156 0.0104443 0.021913 0.0226052 0.0211589 0.0179617 0.0138278 0.011706 0.0160557 0.0154835 0.012116 0.0116699 0.0137031 0.0133592 0.109507 0.00882515 0.00707924 0.00473286 0.00636975 0.00329 0.00341452 0 
