1BCGA
MKKNGYPLDRNGKTTECSGVNAIAPHYCNSECTKVYYAESGYCCWGACYCFGLEDDKPIGPMKDITKKYCDVQI
CEEEECECCCCCCCCECCCHHHHCCHHHHHHHHHCCCCCEEEEECCEEEEEEEECCCCECCCCHHHHHHHCCCC
0 0 0 0 0 0 0 0 0 0 0 0 0 0 0 0 0 0 0 0 0 0 0 0 0 0 0 0 0 0 0 0 0 0 0 0 0 0 0 0 0 0 0 0 0 0 0 0 0 0 0 0 0 0 0 0 0 0 0 0 0 0 0 0 0 0 0 0 0 0 0 0 0 0 
0 0 0 0 0 0 0 0 0 0 0 0 0 0 0 0 0 0 0 0 0 0 0 0 0 0 0 0 0 0 0 0 0 0 0 0 0 0 0 0 0 0 0 0 0 0 0 0 0 0 0 0 0 0 0 0 0 0 0 0 0 0 0 0 0 0 0 0 0 0 0 0 0 0 
0 0.0114019 0.00333493 0.0143317 0.00583392 0.0384627 0.0177781 0.0108053 0.0113664 0.0180821 0.0155287 0.0118629 0.010144 0.0127046 0.0108614 0.0101705 0.00964395 0.00992257 0.0185088 0.0109623 
0.0114019 0 0.00430725 0.00319656 0.00426887 0.00842731 0.0171244 0.016852 0.0176605 0.0127134 0.0092599 0.00941435 0.0172161 0.0149584 0.0147412 0.0125187 0.0106056 0.0161219 0.00925256 0.0085664 
0.00333493 0.00430725 0 0.00354948 0.00333599 0.00644152 0.0100178 0.0131473 0.0193898 0.0166394 0.00864409 0.00910728 0.00977265 0.0119038 0.0106932 0.0096076 0.0112895 0.00918105 0.00869617 0.00851927 
0.0143317 0.00319656 0.00354948 0 0.00335983 0.0086575 0.013337 0.0116791 0.0216673 0.0104514 0.0103009 0.0105726 0.010919 0.0117797 0.0114637 0.0112971 0.0109966 0.00989351 0.00926134 0.0102727 
0.00583392 0.00426887 0.00333599 0.00335983 0 0.219677 0.0131992 0.0107295 0.00986795 0.0105523 0.0120284 0.0140494 0.0102285 0.00912349 0.00917465 0.00888446 0.00892408 0.0108746 0.0121101 0.0163597 
0.0384627 0.00842731 0.00644152 0.0086575 0.219677 0 0.0201113 0.0102251 0.0116682 0.0133421 0.0134928 0.0185681 0.00973474 0.0100642 0.00930385 0.00950717 0.019859 0.00941675 0.0176199 0.0420911 
0.0177781 0.0171244 0.0100178 0.013337 0.0131992 0.0201113 0 0.0035004 0.00327003 0.00324865 0.00345704 0.00381977 0.00436185 0.00567344 0.0104677 0.753152 0.0165416 0.00821324 0.0121598 0.010018 
0.0108053 0.016852 0.0131473 0.0116791 0.0107295 0.0102251 0.0035004 0 0.00320946 0.00322001 0.00323843 0.00331179 0.00580907 0.00712707 0.887043 0.0119778 0.00714931 0.0116995 0.00751038 0.00878793 
0.0113664 0.0176605 0.0193898 0.0216673 0.00986795 0.0116682 0.00327003 0.00320946 0 0.00320531 0.00321038 0.00489503 0.00551442 0.9126 0.01056 0.00870744 0.0113822 0.00723623 0.00668879 0.00745481 
0.0180821 0.0127134 0.0166394 0.0104514 0.0105523 0.0133421 0.00324865 0.00322001 0.00320531 0 0.00321023 0.00353729 0.973827 0.00633825 0.0102195 0.0076502 0.013217 0.00594708 0.00721107 0.00760389 
0.0155287 0.0092599 0.00864409 0.0103009 0.0120284 0.0134928 0.00345704 0.00323843 0.00321038 0.00321023 0 0.971423 0.00351899 0.00358166 0.005274 0.00511229 0.00552205 0.006451 0.00543288 0.00857018 
0.0118629 0.00941435 0.00910728 0.0105726 0.0140494 0.0185681 0.00381977 0.00331179 0.00489503 0.00353729 0.971423 0 0.00323766 0.00334871 0.00320483 0.00330416 0.00349454 0.00356058 0.0080555 0.0082587 
0.010144 0.0172161 0.00977265 0.010919 0.0102285 0.00973474 0.00436185 0.00580907 0.00551442 0.973827 0.00351899 0.00323766 0 0.00321021 0.00321165 0.00321479 0.00327896 0.00585014 0.00399219 0.00626362 
0.0127046 0.0149584 0.0119038 0.0117797 0.00912349 0.0100642 0.00567344 0.00712707 0.9126 0.00633825 0.00358166 0.00334871 0.00321021 0 0.00320839 0.0032014 0.00327075 0.00319678 0.00338921 0.00586001 
0.0108614 0.0147412 0.0106932 0.0114637 0.00917465 0.00930385 0.0104677 0.887043 0.01056 0.0102195 0.005274 0.00320483 0.00321165 0.00320839 0 0.00319781 0.0031903 0.00321048 0.00326818 0.00449377 
0.0101705 0.0125187 0.0096076 0.0112971 0.00888446 0.00950717 0.753152 0.0119778 0.00870744 0.0076502 0.00511229 0.00330416 0.00321479 0.0032014 0.00319781 0 0.00319794 0.00319547 0.00321181 0.00437101 
0.00964395 0.0106056 0.0112895 0.0109966 0.00892408 0.019859 0.0165416 0.00714931 0.0113822 0.013217 0.00552205 0.00349454 0.00327896 0.00327075 0.0031903 0.00319794 0 0.00317969 0.00317571 0.00444947 
0.00992257 0.0161219 0.00918105 0.00989351 0.0108746 0.00941675 0.00821324 0.0116995 0.00723623 0.00594708 0.006451 0.00356058 0.00585014 0.00319678 0.00321048 0.00319547 0.00317969 0 0.00417199 0.00434985 
0.0185088 0.00925256 0.00869617 0.00926134 0.0121101 0.0176199 0.0121598 0.00751038 0.00668879 0.00721107 0.00543288 0.0080555 0.00399219 0.00338921 0.00326818 0.00321181 0.00317571 0.00417199 0 0.0507407 
0.0109623 0.0085664 0.00851927 0.0102727 0.0163597 0.0420911 0.010018 0.00878793 0.00745481 0.00760389 0.00857018 0.0082587 0.00626362 0.00586001 0.00449377 0.00437101 0.00444947 0.00434985 0.0507407 0 
