1BNDA
GQLSVCDSISEWVTAADKKTAVDMSGGTVTVLEKVPVSKGQLKQYFYETKCNPMGYTKEGCRGIDKRHWNSQCRTTQSYVRALTMDSKKRIGWRFIRIDTSCVCTLTIK
CCEECCCEEEEEEEHHHHCEEEECCCCEEEECCEEECCCCEEECEEEEEEECCCCHHHCCCCCECCCCEEEEEEEEEEEEEEEEECCCCCEEEEEEEEEEEEEEEEEEC
0 0 0 0 0 0 0 0 0 0 0 0 0 0 0 0 0 0 0 0 0 0 0 0 0 0 0 0 0 0 0 0 0 0 0 0 0 0 0 0 0 0 0 0 0 0 0 0 0 0 0 0 0 0 0 0 0 0 0 0 0 0 0 0 0 0 0 0 0 0 0 0 0 0 0 0 0 0 0 0 0 0 0 0 0 0 0 0 0 0 0 0 0 0 0 0 0 0 0 0 0 0 0 0 0 0 0 0 0 
0 0 0 0 0 0 0 0 0 0 0 0 0 0 0 0 0 0 0 0 0 0 0 0 0 0 0 0 0 0 0 0 0 0 0 0 0 0 0 0 0 0 0 0 0 0 0 0 0 0 0 0 0 0 0 0 0 0 0 0 0 0 0 0 0 0 0 0 0 0 0 0 0 0 0 0 0 0 0 0 0 0 0 0 0 0 0 0 0 0 0 0 0 0 0 0 0 0 0 0 0 0 0 0 0 0 0 0 0 
0 0.00419588 0.00374561 0.00840542 0.00405963 0.00471152 0.00533601 0.0122783 0.0143631 0.00966841 0.0151441 0.00931822 0.017092 0.0109263 0.0186433 0.0107391 0.0283411 0.0107322 0.0164439 0.0120894 0.00963888 0.0137128 0.00932593 0.0094148 0.0165589 0.00872152 0.00869255 0.00927596 0.00921854 0.0171229 0.0125558 0.00978641 0.00814 0.00828967 0.00810564 0.008715 0.00829739 0.00825138 0.00825555 0.00816063 0.00821185 0.00826245 0.00848851 0.00840461 0.00851743 0.0083968 0.00860728 0.00962449 0.00865242 0.00822655 0.0082347 0.00828547 0.0083229 0.00906809 0.00832605 0.00867532 0.00822618 0.00831474 0.0082657 0.0083296 0.008264 0.00843541 0.00836355 0.00884861 0.00869396 0.00922316 
0.00419588 0 0.01158 0.00352569 0.00335638 0.00338317 0.00443567 0.00462345 0.00454956 0.0121461 0.00821438 0.0116643 0.00880427 0.021281 0.00947166 0.0169527 0.00998063 0.0146494 0.00938381 0.00998941 0.0180694 0.00918689 0.00915609 0.013215 0.0093227 0.00922857 0.00895871 0.00864772 0.0111339 0.00881215 0.0132461 0.00862308 0.00851267 0.00822639 0.00844631 0.00827367 0.00828862 0.00813814 0.00813528 0.00819445 0.00825381 0.00857483 0.00850171 0.008849 0.00880673 0.00845496 0.00866086 0.00859911 0.00868543 0.00822266 0.00819527 0.00832149 0.00837694 0.00830272 0.00867511 0.00810502 0.00832727 0.00825824 0.00829846 0.00830013 0.00833813 0.0082612 0.00848504 0.00813091 0.00892083 0.00816852 
0.00374561 0.01158 0 0.00323054 0.00321484 0.0032455 0.00337265 0.00343966 0.00481554 0.00860632 0.00797105 0.0103058 0.0107506 0.0162198 0.00890675 0.038408 0.0129758 0.0183766 0.00851567 0.0308053 0.0123664 0.00857672 0.016404 0.0106417 0.00996771 0.00953803 0.00947139 0.00894658 0.0114022 0.0666474 0.0109129 0.00918464 0.00868418 0.00851634 0.00922695 0.00840581 0.00891602 0.0082458 0.00842895 0.00848795 0.00870831 0.00905112 0.00888981 0.00997101 0.00919099 0.00889868 0.00879502 0.0109572 0.00882099 0.00848934 0.00863019 0.00879085 0.00888326 0.00857954 0.0109849 0.00872107 0.00888621 0.00855566 0.00884687 0.00879056 0.00891317 0.00876338 0.00918677 0.00831117 0.00885247 0.00986019 
0.00840542 0.00352569 0.00323054 0 0.00319489 0.00333584 0.00322738 0.00319168 0.00340026 0.00518835 0.0101363 0.00662197 0.0101354 0.00801802 0.0331978 0.00906983 0.0153028 0.00862115 0.0156191 0.00882223 0.00857481 0.0119726 0.00844285 0.00884459 0.0115366 0.00951594 0.00909232 0.0107307 0.0394532 0.0114048 0.00875432 0.00915087 0.00835807 0.00935138 0.00826068 0.0101242 0.00836323 0.00885989 0.00842649 0.00846047 0.00884386 0.00885873 0.0104069 0.00888929 0.0104725 0.00888743 0.00951825 0.00850584 0.00833643 0.00858079 0.00887435 0.00882851 0.00877052 0.0114744 0.0084574 0.0102506 0.00847492 0.00943975 0.00871257 0.00939627 0.00876307 0.0095649 0.00847625 0.00960033 0.00847035 0.00877412 
0.00405963 0.00335638 0.00321484 0.00319489 0 0.00322168 0.00323173 0.0032007 0.00321292 0.00697616 0.00676055 0.00843778 0.00748304 0.0118608 0.00808621 0.012325 0.00830419 0.00914833 0.00812516 0.00914387 0.00879112 0.00829901 0.00880557 0.00956431 0.00859779 0.00985023 0.00973248 0.0250373 0.0095131 0.00909202 0.00835411 0.00827673 0.00857632 0.00844634 0.00993508 0.00843403 0.009256 0.008328 0.00840514 0.00850083 0.00861558 0.00973947 0.0091589 0.0112703 0.00969617 0.0109131 0.00853045 0.00830354 0.00812721 0.00833343 0.00889759 0.00962271 0.0118334 0.00890037 0.0113488 0.00872082 0.00977405 0.00910244 0.00989832 0.00936049 0.0102028 0.00929568 0.010077 0.00851912 0.00851405 0.00819955 
0.00471152 0.00338317 0.0032455 0.00333584 0.00322168 0 0.0031895 0.00319416 0.00319862 0.00386346 0.00785548 0.0096982 0.0331697 0.00748459 0.0103155 0.00913916 0.0124787 0.00839062 0.00886116 0.00995506 0.00846398 0.00875944 0.00860565 0.00883154 0.00944616 0.0103451 0.0695063 0.0107776 0.00886585 0.00923702 0.00844712 0.00873398 0.00838394 0.0101175 0.00854175 0.00996657 0.00856529 0.00867885 0.00844206 0.00845605 0.00908144 0.00910853 0.0115133 0.010251 0.0152292 0.00967416 0.00872958 0.00839065 0.00824078 0.00841079 0.00944954 0.0100683 0.00959815 0.0107977 0.00904692 0.0118927 0.00896879 0.0106267 0.00962959 0.0111949 0.00987255 0.0120238 0.0093262 0.00965598 0.00833505 0.00842277 
0.00533601 0.00443567 0.00337265 0.00322738 0.00323173 0.0031895 0 0.0031859 0.00320324 0.00447424 0.00808212 0.059013 0.00773531 0.00926592 0.009544 0.0248063 0.0088966 0.0116718 0.00846312 0.0122086 0.00927745 0.00851483 0.0113547 0.0109583 0.0104504 0.0682918 0.0145802 0.00968572 0.0120807 0.00908008 0.00861628 0.00852878 0.00999634 0.00915698 0.0137798 0.00907539 0.0110046 0.00886591 0.00900376 0.0100198 0.0100938 0.0144341 0.0125786 0.0273112 0.0139668 0.0138599 0.00928918 0.0086826 0.00848079 0.00932037 0.0125593 0.0151785 0.012614 0.0104182 0.0185311 0.00999557 0.0149759 0.0115222 0.0144418 0.0120672 0.0156756 0.0122949 0.0147029 0.0092435 0.00960361 0.00882965 
0.0122783 0.00462345 0.00343966 0.00319168 0.0032007 0.00319416 0.0031859 0 0.00319548 0.00448936 0.0802492 0.00620517 0.0056401 0.00784886 0.0226489 0.00868023 0.0123798 0.00941852 0.0221228 0.00838098 0.00917468 0.0191966 0.00854197 0.00938777 0.0832474 0.0110065 0.0109995 0.0116503 0.00951586 0.0108261 0.00927764 0.0105525 0.00872552 0.0103192 0.00906037 0.0103246 0.00868276 0.00877544 0.00876527 0.0086887 0.00935218 0.010036 0.0155374 0.0105531 0.0131565 0.0111976 0.0106464 0.00866198 0.0091053 0.0103133 0.0105689 0.0105025 0.00984026 0.0128123 0.00916461 0.012054 0.00960007 0.0109767 0.010019 0.0115313 0.0109691 0.0119778 0.00951258 0.0116095 0.00868324 0.00869333 
0.0143631 0.00454956 0.00481554 0.00340026 0.00321292 0.00319862 0.00320324 0.00319548 0 0.0642797 0.00478071 0.00394937 0.00458279 0.0190271 0.00768226 0.0104301 0.0132956 0.0273187 0.00760007 0.0124067 0.0224509 0.00898793 0.0111808 0.0366774 0.0110869 0.0112227 0.0114313 0.00969555 0.0113597 0.0102449 0.0164282 0.0120044 0.0100001 0.00898609 0.00995888 0.00894875 0.00907086 0.00878808 0.00866747 0.00882252 0.00950295 0.0108616 0.0100013 0.0116152 0.011763 0.00979453 0.0101374 0.0101112 0.0123789 0.00912636 0.00952678 0.00988379 0.0101015 0.00911257 0.0102767 0.00907504 0.00985997 0.00976843 0.0101843 0.00986032 0.0106792 0.00983559 0.0103766 0.00897385 0.00896415 0.00904467 
0.00966841 0.0121461 0.00860632 0.00518835 0.00697616 0.00386346 0.00447424 0.00448936 0.0642797 0 0.00369098 0.00340487 0.0033884 0.0102174 0.0077526 0.727072 0.0447966 0.0205448 0.00763781 0.0417683 0.016681 0.00895882 0.0363026 0.0147171 0.010413 0.0117594 0.0105645 0.00952794 0.0197313 0.0155231 0.015989 0.0112634 0.00986363 0.00851964 0.0119592 0.00874133 0.0105646 0.00881209 0.00912971 0.00888699 0.00909608 0.00970621 0.00943037 0.0109715 0.00981501 0.00929765 0.00919566 0.0131329 0.0113989 0.00896666 0.00869706 0.00924065 0.00941738 0.00908756 0.0106664 0.00879645 0.00946909 0.00880696 0.00944805 0.00908005 0.0093496 0.00914063 0.0102841 0.00857846 0.0101804 0.0108356 
0.0151441 0.00821438 0.00797105 0.0101363 0.00676055 0.00785548 0.00808212 0.0802492 0.00478071 0.00369098 0 0.00334209 0.00323258 0.00485017 0.820203 0.0238478 0.0433792 0.00681282 0.0436431 0.00861927 0.00841295 0.0513108 0.00843771 0.00907654 0.0266637 0.0114155 0.00997928 0.017099 0.00992055 0.0303633 0.0104532 0.0133657 0.00873 0.0186055 0.00865296 0.0180509 0.00863457 0.00932537 0.00906747 0.00887266 0.0106554 0.0101093 0.0155481 0.0104545 0.0155279 0.012257 0.0102264 0.00911245 0.00890827 0.0105013 0.010476 0.0104963 0.0106887 0.0169144 0.00891445 0.0168636 0.00911797 0.0118649 0.0108774 0.013092 0.0110383 0.0150383 0.00940623 0.0147781 0.00900071 0.010576 
0.00931822 0.0116643 0.0103058 0.00662197 0.00843778 0.0096982 0.059013 0.00620517 0.00394937 0.00340487 0.00334209 0 0.00320142 0.871134 0.0205604 0.0461696 0.00576633 0.0201977 0.00694732 0.00782049 0.0267235 0.00923673 0.0102296 0.0135301 0.0137881 0.0116433 0.0126228 0.00904639 0.0266562 0.00859652 0.00958256 0.00878146 0.0198431 0.00856287 0.0159779 0.00857429 0.00964521 0.0085098 0.00888945 0.00958802 0.00923864 0.0123638 0.0103503 0.0141581 0.0118264 0.0113528 0.0100232 0.00887657 0.0094901 0.0096111 0.0101719 0.011266 0.0117337 0.00913604 0.0164695 0.0088932 0.0117888 0.0102784 0.0112125 0.0108967 0.0125946 0.010097 0.0130334 0.00864754 0.00982902 0.00843811 
0.017092 0.00880427 0.0107506 0.0101354 0.00748304 0.0331697 0.00773531 0.0056401 0.00458279 0.0033884 0.00323258 0.00320142 0 0.0385069 0.0164361 0.00478028 0.0123972 0.00726675 0.00682646 0.00705128 0.0099302 0.0107954 0.00836807 0.0111076 0.0101153 0.0100172 0.00970552 0.0110383 0.00849374 0.0143452 0.0125802 0.0170245 0.00849825 0.0100338 0.00843079 0.00979318 0.00855089 0.00868562 0.00851622 0.00848632 0.00898728 0.00936313 0.0104461 0.00955417 0.0112173 0.00914915 0.00961212 0.0095391 0.0110821 0.00931864 0.00912879 0.0095928 0.00930996 0.0114779 0.00876197 0.0109005 0.00894781 0.00953002 0.00924654 0.0097285 0.00927787 0.0095715 0.00902552 0.010561 0.0087895 0.00948957 
0.0109263 0.021281 0.0162198 0.00801802 0.0118608 0.00748459 0.00926592 0.00784886 0.0190271 0.0102174 0.00485017 0.871134 0.0385069 0 0.00361746 0.00584672 0.004191 0.00712207 0.00452164 0.139368 0.0188727 0.00742688 0.0355271 0.0130069 0.0084435 0.0111262 0.0456159 0.00829376 0.0232644 0.0150346 0.0193068 0.00941391 0.0108243 0.00834918 0.0160541 0.00866187 0.0129418 0.00912713 0.00973652 0.0097147 0.00965284 0.0108661 0.00968308 0.0125872 0.009892 0.00981963 0.0103737 0.0187197 0.0117168 0.00883778 0.00908576 0.0095406 0.00953523 0.00894344 0.013278 0.0086893 0.0106449 0.00890779 0.0095701 0.00901324 0.00991614 0.00910091 0.0116612 0.00882939 0.0128297 0.0125006 
0.0186433 0.00947166 0.00890675 0.0331978 0.00808621 0.0103155 0.009544 0.0226489 0.00768226 0.0077526 0.820203 0.0205604 0.0164361 0.00361746 0 0.00333812 0.00408183 0.00366132 0.12042 0.0345297 0.00659833 0.051803 0.0077641 0.00806757 0.0195464 0.0382369 0.00943777 0.0202742 0.00953381 0.0328359 0.0131332 0.0156846 0.00844875 0.0238647 0.00843372 0.0213019 0.00859036 0.0114863 0.0102395 0.00965107 0.0119542 0.010728 0.0185494 0.0102853 0.0176019 0.0119027 0.0112562 0.0106909 0.0100794 0.0114135 0.0117187 0.0104684 0.0102316 0.0212884 0.00878053 0.0257478 0.00924939 0.0128857 0.0107848 0.0146172 0.0103349 0.0172066 0.0093136 0.0215072 0.0093576 0.0134631 
0.0107391 0.0169527 0.038408 0.00906983 0.012325 0.00913916 0.0248063 0.00868023 0.0104301 0.727072 0.0238478 0.0461696 0.00478028 0.00584672 0.00333812 0 0.00329901 0.0180486 0.0351411 0.00993542 0.051703 0.0077783 0.0127381 0.0296047 0.0425606 0.0171412 0.0141535 0.00852601 0.0287342 0.00852723 0.0115918 0.0106307 0.034459 0.00881285 0.030116 0.00886906 0.0140439 0.00953263 0.0104903 0.0114614 0.0114569 0.0168289 0.0105858 0.0213637 0.012634 0.0143498 0.0123133 0.00988834 0.0125176 0.0132356 0.0112125 0.014299 0.0145623 0.00964333 0.0344175 0.00959684 0.0185059 0.0109761 0.0138402 0.0127845 0.0181668 0.0108129 0.0203472 0.00924651 0.0165569 0.00897552 
0.0283411 0.00998063 0.0129758 0.0153028 0.00830419 0.0124787 0.0088966 0.0123798 0.0132956 0.0447966 0.0433792 0.00576633 0.0123972 0.004191 0.00408183 0.00329901 0 0.0849223 0.0193626 0.0127078 0.0078743 0.0111348 0.00737429 0.0399179 0.0226614 0.00956555 0.010153 0.0213823 0.00821177 0.0253003 0.016124 0.0370805 0.00861773 0.0118208 0.00851957 0.0133136 0.0086668 0.00912319 0.00918707 0.00885222 0.0100242 0.00989564 0.0122656 0.00983578 0.0116818 0.00986928 0.0102262 0.0103229 0.0146492 0.0102491 0.00990368 0.0100359 0.00943396 0.014054 0.00872535 0.0127224 0.00917876 0.010153 0.0099583 0.0102926 0.00973225 0.0106827 0.009191 0.0111463 0.00904717 0.0112641 
0.0107322 0.0146494 0.0183766 0.00862115 0.00914833 0.00839062 0.0116718 0.00941852 0.0273187 0.0205448 0.00681282 0.0201977 0.00726675 0.00712207 0.00366132 0.0180486 0.0849223 0 0.00348633 0.0035724 0.0119369 0.0052885 0.842815 0.0113521 0.00775035 0.0148532 0.007948 0.0158625 0.0344655 0.011198 0.0145307 0.00993693 0.010046 0.00847932 0.0113602 0.0085709 0.0103188 0.00870813 0.00909612 0.00910915 0.00918945 0.00994191 0.00934736 0.0113799 0.00986613 0.00944551 0.00921115 0.012939 0.0119665 0.00906727 0.00887918 0.00913515 0.00920366 0.00872286 0.0107306 0.00868592 0.00930189 0.00876468 0.0091382 0.00884083 0.00938017 0.00881217 0.0102391 0.00850492 0.00984106 0.0105625 
0.0164439 0.00938381 0.00851567 0.0156191 0.00812516 0.00886116 0.00846312 0.0221228 0.00760007 0.00763781 0.0436431 0.00694732 0.00682646 0.00452164 0.12042 0.0351411 0.0193626 0.00348633 0 0.00326377 0.00388118 0.913331 0.010711 0.00557213 0.00931191 0.00707662 0.00839751 0.0140233 0.0072271 0.0143094 0.0100395 0.0121378 0.00885909 0.0099727 0.00832287 0.012665 0.00845428 0.00899988 0.00885296 0.00873564 0.00922867 0.00899877 0.0108074 0.00894767 0.010137 0.00930684 0.00992786 0.00870832 0.00942966 0.0107086 0.00900261 0.0087671 0.00878335 0.0111628 0.00844969 0.0113578 0.00851637 0.0089451 0.00873421 0.00916911 0.00867426 0.00937222 0.00852314 0.0102261 0.00873504 0.00972501 
0.0120894 0.00998941 0.0308053 0.00882223 0.00914387 0.00995506 0.0122086 0.00838098 0.0124067 0.0417683 0.00861927 0.00782049 0.00705128 0.139368 0.0345297 0.00993542 0.0127078 0.0035724 0.00326377 0 0.89707 0.00435933 0.00766302 0.0153209 0.00744914 0.0109621 0.00894756 0.00666159 0.00983503 0.00631818 0.0149923 0.011276 0.0102564 0.00843813 0.0104128 0.00866384 0.00932597 0.00857775 0.00886934 0.00886699 0.00915765 0.0103529 0.00930414 0.00972823 0.00994589 0.00926078 0.00913508 0.00949396 0.014219 0.00906454 0.0090274 0.00906184 0.00912866 0.00902186 0.0097501 0.00880975 0.00920399 0.00905547 0.00919118 0.00906421 0.00919815 0.00881709 0.00990893 0.00875284 0.00992826 0.00859357 
0.00963888 0.0180694 0.0123664 0.00857481 0.00879112 0.00846398 0.00927745 0.00917468 0.0224509 0.016681 0.00841295 0.0267235 0.0099302 0.0188727 0.00659833 0.051703 0.0078743 0.0119369 0.00388118 0.89707 0 0.00350386 0.00337468 0.00472516 0.0122861 0.00725373 0.00551473 0.00369761 0.022923 0.00635238 0.0140747 0.00961743 0.00952296 0.00821739 0.0104118 0.00835833 0.0103658 0.00845656 0.00900235 0.00889609 0.00906473 0.00952852 0.00927775 0.011159 0.00950689 0.0091333 0.00954985 0.0157802 0.0105983 0.00882438 0.00897039 0.0091784 0.00919297 0.00880593 0.0105422 0.00876269 0.00954978 0.00879881 0.00902769 0.00893119 0.00922853 0.008996 0.0103263 0.00849433 0.011215 0.011595 
0.0137128 0.00918689 0.00857672 0.0119726 0.00829901 0.00875944 0.00851483 0.0191966 0.00898793 0.00895882 0.0513108 0.00923673 0.0107954 0.00742688 0.051803 0.0077783 0.0111348 0.0052885 0.913331 0.00435933 0.00350386 0 0.00322351 0.00324029 0.00727652 0.00393467 0.00365654 0.00497723 0.00473065 0.0109679 0.0096417 0.0106192 0.00839063 0.00923508 0.00822409 0.0112101 0.00830854 0.00859773 0.00860659 0.00861236 0.00873085 0.00896289 0.00975506 0.00899932 0.00974373 0.00905312 0.0120574 0.00909508 0.00883335 0.00969465 0.00877124 0.00884638 0.00881975 0.0103555 0.00851494 0.0114604 0.00865445 0.0089397 0.0088884 0.00936792 0.00885513 0.00994825 0.00863343 0.00991674 0.00925581 0.00997697 
0.00932593 0.00915609 0.016404 0.00844285 0.00880557 0.00860565 0.0113547 0.00854197 0.0111808 0.0363026 0.00843771 0.0102296 0.00836807 0.0355271 0.0077641 0.0127381 0.00737429 0.842815 0.010711 0.00766302 0.00337468 0.00322351 0 0.017187 0.00433418 0.00364191 0.00356385 0.0035118 0.00423691 0.00354452 0.0104488 0.0104832 0.00934969 0.0083541 0.0112582 0.00859794 0.00943014 0.00852454 0.00893488 0.00878061 0.0102686 0.010381 0.00966178 0.0113838 0.0102613 0.0100635 0.00905231 0.01197 0.0122528 0.00919757 0.00988265 0.0106253 0.0098859 0.00923238 0.0112027 0.00918507 0.00976622 0.0103914 0.0100166 0.0102873 0.0107452 0.00961768 0.012566 0.00880744 0.00993853 0.00911118 
0.0094148 0.013215 0.0106417 0.00884459 0.00956431 0.00883154 0.0109583 0.00938777 0.0366774 0.0147171 0.00907654 0.0135301 0.0111076 0.0130069 0.00806757 0.0296047 0.0399179 0.0113521 0.00557213 0.0153209 0.00472516 0.00324029 0.017187 0 0.0034663 0.00330689 0.00343899 0.00322512 0.00344502 0.00405105 0.0111683 0.00882235 0.0124276 0.00849932 0.0124201 0.00875782 0.0115679 0.0247044 0.010145 0.00935566 0.00971775 0.0105617 0.0109972 0.0133844 0.0128597 0.0104109 0.0126748 0.0146429 0.0102055 0.00937852 0.0101956 0.0121749 0.0105548 0.00952938 0.0188028 0.00951706 0.0134797 0.0105062 0.0121483 0.0121547 0.0122653 0.0117221 0.0126869 0.00912003 0.0109262 0.0147918 
0.0165589 0.0093227 0.00996771 0.0115366 0.00859779 0.00944616 0.0104504 0.0832474 0.0110869 0.010413 0.0266637 0.0137881 0.0101153 0.0084435 0.0195464 0.0425606 0.0226614 0.00775035 0.00931191 0.00744914 0.0122861 0.00727652 0.00433418 0.0034663 0 0.00333717 0.00320399 0.00323895 0.00334138 0.00437132 0.00906798 0.0111385 0.00910523 0.0152736 0.00865099 0.0153449 0.0296272 0.0104941 0.0191662 0.014581 0.0101439 0.0129438 0.014629 0.0141604 0.0156584 0.0149438 0.0161535 0.00982106 0.00969288 0.0131886 0.0130263 0.0135516 0.0147916 0.0279146 0.0113155 0.0349898 0.0128498 0.0146228 0.0155772 0.0166952 0.0152639 0.0243132 0.0129299 0.0123214 0.0210166 0.0101558 
0.00872152 0.00922857 0.00953803 0.00951594 0.00985023 0.0103451 0.0682918 0.0110065 0.0112227 0.0117594 0.0114155 0.0116433 0.0100172 0.0111262 0.0382369 0.0171412 0.00956555 0.0148532 0.00707662 0.0109621 0.00725373 0.00393467 0.00364191 0.00330689 0.00333717 0 0.00479036 0.00319392 0.00325491 0.00327494 0.0105098 0.00906372 0.0187135 0.0100993 0.0160321 0.0352712 0.0123187 0.0168647 0.010195 0.0105045 0.0146658 0.0145753 0.0197616 0.0188252 0.0297741 0.0211095 0.0121847 0.0106332 0.00958091 0.0118275 0.0212311 0.0234117 0.0289805 0.0210919 0.0312783 0.0201072 0.0212197 0.0241711 0.024838 0.0264218 0.0329274 0.0241219 0.0254297 0.0225564 0.0106024 0.0118207 
0.00869255 0.00895871 0.00947139 0.00909232 0.00973248 0.0695063 0.0145802 0.0109995 0.0114313 0.0105645 0.00997928 0.0126228 0.00970552 0.0456159 0.00943777 0.0141535 0.010153 0.007948 0.00839751 0.00894756 0.00551473 0.00365654 0.00356385 0.00343899 0.00320399 0.00479036 0 0.00335491 0.00324235 0.0032124 0.00734397 0.0114374 0.0102725 0.0208366 0.053359 0.0129335 0.0136106 0.00961544 0.00984229 0.0117153 0.0123741 0.0176831 0.0137337 0.0263622 0.0217742 0.01808 0.0118286 0.00958678 0.00952513 0.0110569 0.0198909 0.0306463 0.0216923 0.016648 0.0263514 0.0146428 0.0233774 0.0205718 0.0246046 0.0313375 0.0266804 0.0256955 0.0458685 0.0130502 0.0114499 0.0103597 
0.00927596 0.00864772 0.00894658 0.0107307 0.0250373 0.0107776 0.00968572 0.0116503 0.00969555 0.00952794 0.017099 0.00904639 0.0110383 0.00829376 0.0202742 0.00852601 0.0213823 0.0158625 0.0140233 0.00666159 0.00369761 0.00497723 0.0035118 0.00322512 0.00323895 0.00319392 0.00335491 0 0.00319004 0.00320166 0.00721435 0.0188775 0.00927976 0.0549091 0.00879567 0.0170052 0.00874022 0.0103536 0.00890182 0.00925199 0.0105631 0.0115378 0.0176129 0.0128213 0.0207592 0.0124485 0.0103989 0.00942674 0.0091837 0.0109799 0.0205669 0.0151556 0.0149998 0.0278682 0.0102927 0.0376661 0.0114536 0.0195372 0.0226911 0.0225722 0.0181645 0.0528843 0.0130935 0.017962 0.00900621 0.0122028 
0.00921854 0.0111339 0.0114022 0.0394532 0.0095131 0.00886585 0.0120807 0.00951586 0.0113597 0.0197313 0.00992055 0.0266562 0.00849374 0.0232644 0.00953381 0.0287342 0.00821177 0.0344655 0.0072271 0.00983503 0.022923 0.00473065 0.00423691 0.00344502 0.00334138 0.00325491 0.00324235 0.00319004 0 0.00318805 0.0105237 0.0110026 0.130372 0.00840597 0.0628199 0.0085182 0.0165718 0.00862469 0.0115533 0.00949566 0.0108333 0.0141258 0.0107163 0.0187683 0.0103396 0.012079 0.0115611 0.00923266 0.0103854 0.0151726 0.0115584 0.0129046 0.013079 0.00917183 0.0291031 0.0093201 0.0149348 0.0110173 0.0141362 0.0109567 0.0357205 0.0102944 0.0188441 0.00873003 0.0126715 0.00857366 
0.0171229 0.00881215 0.0666474 0.0114048 0.00909202 0.00923702 0.00908008 0.0108261 0.0102449 0.0155231 0.0303633 0.00859652 0.0143452 0.0150346 0.0328359 0.00852723 0.0253003 0.011198 0.0143094 0.00631818 0.00635238 0.0109679 0.00354452 0.00405105 0.00437132 0.00327494 0.0032124 0.00320166 0.00318805 0 0.0305804 0.0966363 0.0113297 0.0162289 0.00831004 0.0189785 0.00856906 0.0111379 0.0093391 0.00968863 0.0101184 0.0120228 0.0126964 0.0103011 0.0118964 0.00994362 0.0100639 0.0101604 0.030099 0.0175899 0.0150365 0.0144447 0.012068 0.020427 0.0093439 0.0160622 0.0125435 0.0112306 0.0111749 0.0246853 0.0100634 0.0118004 0.00949435 0.0140463 0.00877013 0.0135453 
0.0125558 0.0132461 0.0109129 0.00875432 0.00835411 0.00844712 0.00861628 0.00927764 0.0164282 0.015989 0.0104532 0.00958256 0.0125802 0.0193068 0.0131332 0.0115918 0.016124 0.0145307 0.0100395 0.0149923 0.0140747 0.0096417 0.0104488 0.0111683 0.00906798 0.0105098 0.00734397 0.00721435 0.0105237 0.0305804 0 0.070883 0.00473201 0.00397038 0.00496124 0.00553896 0.00594408 0.00569911 0.00616054 0.00644255 0.00697329 0.00776682 0.00782634 0.00878449 0.00858344 0.00843788 0.0099859 0.0165297 0.0132872 0.00976469 0.00879899 0.00894297 0.00892671 0.0090141 0.00901312 0.00914208 0.00912976 0.00892826 0.00968115 0.00909404 0.00948026 0.00916527 0.0100684 0.00913225 0.0107329 0.0164761 
0.00978641 0.00862308 0.00918464 0.00915087 0.00827673 0.00873398 0.00852878 0.0105525 0.0120044 0.0112634 0.0133657 0.00878146 0.0170245 0.00941391 0.0156846 0.0106307 0.0370805 0.00993693 0.0121378 0.011276 0.00961743 0.0106192 0.0104832 0.00882235 0.0111385 0.00906372 0.0114374 0.0188775 0.0110026 0.0966363 0.070883 0 0.00323715 0.00321171 0.00324352 0.00335456 0.00325095 0.00340018 0.00489347 0.00407107 0.00535019 0.00580341 0.00696018 0.00692733 0.00777943 0.00819547 0.0100825 0.0151629 0.0104269 0.00891565 0.00911892 0.00886102 0.00931617 0.0123942 0.00858592 0.0132943 0.00874863 0.0105934 0.0091661 0.0108267 0.00937805 0.0117504 0.00970641 0.0130491 0.0361814 0.167042 
0.00814 0.00851267 0.00868418 0.00835807 0.00857632 0.00838394 0.00999634 0.00872552 0.0100001 0.00986363 0.00873 0.0198431 0.00849825 0.0108243 0.00844875 0.034459 0.00861773 0.010046 0.00885909 0.0102564 0.00952296 0.00839063 0.00934969 0.0124276 0.00910523 0.0187135 0.0102725 0.00927976 0.130372 0.0113297 0.00473201 0.00323715 0 0.00319622 0.0032234 0.00318625 0.00323506 0.00327636 0.00332886 0.00378757 0.00415242 0.00557693 0.00599104 0.00752323 0.00709629 0.0105636 0.0103354 0.00857231 0.00873871 0.00923752 0.00926534 0.0099895 0.0123926 0.00837622 0.0145437 0.00840871 0.0120912 0.00934107 0.0116426 0.0115209 0.0137269 0.00961574 0.0190574 0.0304752 0.165724 0.00943374 
0.00828967 0.00822639 0.00851634 0.00935138 0.00844634 0.0101175 0.00915698 0.0103192 0.00898609 0.00851964 0.0186055 0.00856287 0.0100338 0.00834918 0.0238647 0.00881285 0.0118208 0.00847932 0.0099727 0.00843813 0.00821739 0.00923508 0.0083541 0.00849932 0.0152736 0.0100993 0.0208366 0.0549091 0.00840597 0.0162289 0.00397038 0.00321171 0.00319622 0 0.00318552 0.00319203 0.00318595 0.0032056 0.00340776 0.00328056 0.00355202 0.0046099 0.00651325 0.00623995 0.00889958 0.00892129 0.00835685 0.00658604 0.00775104 0.00861264 0.0108638 0.0110817 0.00919921 0.0152637 0.00842585 0.0199296 0.00876341 0.0129613 0.012649 0.016215 0.0104655 0.0413462 0.0612276 0.178964 0.00871431 0.0128344 
0.00810564 0.00844631 0.00922695 0.00826068 0.00993508 0.00854175 0.0137798 0.00906037 0.00995888 0.0119592 0.00865296 0.0159779 0.00843079 0.0160541 0.00843372 0.030116 0.00851957 0.0113602 0.00832287 0.0104128 0.0104118 0.00822409 0.0112582 0.0124201 0.00865099 0.0160321 0.053359 0.00879567 0.0628199 0.00831004 0.00496124 0.00324352 0.0032234 0.00318552 0 0.00317708 0.00322851 0.00314606 0.00324253 0.0034807 0.00335133 0.00494139 0.00470548 0.00791711 0.0066714 0.00973181 0.00695723 0.00831422 0.00803456 0.00845662 0.0109664 0.0104483 0.0102521 0.00831243 0.0211634 0.00840014 0.0142618 0.00962087 0.0140828 0.0094768 0.0324259 0.0870563 0.174066 0.00845776 0.014381 0.00881912 
0.008715 0.00827367 0.00840581 0.0101242 0.00843403 0.00996657 0.00907539 0.0103246 0.00894875 0.00874133 0.0180509 0.00857429 0.00979318 0.00866187 0.0213019 0.00886906 0.0133136 0.0085709 0.012665 0.00866384 0.00835833 0.0112101 0.00859794 0.00875782 0.0153449 0.0352712 0.0129335 0.0170052 0.0085182 0.0189785 0.00553896 0.00335456 0.00318625 0.00319203 0.00317708 0 0.00318492 0.00320423 0.00340064 0.00333765 0.00356192 0.00344228 0.00495883 0.00626365 0.0108594 0.00688741 0.00978067 0.00638113 0.00786664 0.00834614 0.00962475 0.00943991 0.00956614 0.0177973 0.00854017 0.021569 0.00868224 0.0140652 0.00974046 0.047405 0.119407 0.157521 0.009314 0.0208877 0.00892886 0.0150585 
0.00829739 0.00828862 0.00891602 0.00836323 0.009256 0.00856529 0.0110046 0.00868276 0.00907086 0.0105646 0.00863457 0.00964521 0.00855089 0.0129418 0.00859036 0.0140439 0.0086668 0.0103188 0.00845428 0.00932597 0.0103658 0.00830854 0.00943014 0.0115679 0.0296272 0.0123187 0.0136106 0.00874022 0.0165718 0.00856906 0.00594408 0.00325095 0.00323506 0.00318595 0.00322851 0.00318492 0 0.00368026 0.00331344 0.00327179 0.00326444 0.00390125 0.00362976 0.0131838 0.00521773 0.00678599 0.0065407 0.00635194 0.00775661 0.00816488 0.00895438 0.00947283 0.0107157 0.00861962 0.0147513 0.00852051 0.0117061 0.00908435 0.0332309 0.141668 0.153051 0.00940895 0.0200274 0.00909547 0.0115819 0.00887022 
0.00825138 0.00813814 0.0082458 0.00885989 0.008328 0.00867885 0.00886591 0.00877544 0.00878808 0.00881209 0.00932537 0.0085098 0.00868562 0.00912713 0.0114863 0.00953263 0.00912319 0.00870813 0.00899988 0.00857775 0.00845656 0.00859773 0.00852454 0.0247044 0.0104941 0.0168647 0.00961544 0.0103536 0.00862469 0.0111379 0.00569911 0.00340018 0.00327636 0.0032056 0.00314606 0.00320423 0.00368026 0 0.00321943 0.00324154 0.00328517 0.00327761 0.0038191 0.00354489 0.00444303 0.00503007 0.00554555 0.00511183 0.00758498 0.00795642 0.0089517 0.00928276 0.00893371 0.0118082 0.00899082 0.0119503 0.00884649 0.0334369 0.199659 0.128695 0.0096513 0.0129058 0.0123481 0.0124085 0.00880717 0.00955741 
0.00825555 0.00813528 0.00842895 0.00842649 0.00840514 0.00844206 0.00900376 0.00876527 0.00866747 0.00912971 0.00906747 0.00888945 0.00851622 0.00973652 0.0102395 0.0104903 0.00918707 0.00909612 0.00885296 0.00886934 0.00900235 0.00860659 0.00893488 0.010145 0.0191662 0.010195 0.00984229 0.00890182 0.0115533 0.0093391 0.00616054 0.00489347 0.00332886 0.00340776 0.00324253 0.00340064 0.00331344 0.00321943 0 0.00319582 0.00322569 0.00324695 0.00332619 0.0035895 0.00359941 0.0041668 0.00472412 0.00504417 0.00733323 0.00805014 0.00921906 0.00899873 0.00926994 0.00944011 0.0103568 0.00977221 0.0165999 0.282136 0.101983 0.00986231 0.0120158 0.0113017 0.0119433 0.00909497 0.0100237 0.00940427 
0.00816063 0.00819445 0.00848795 0.00846047 0.00850083 0.00845605 0.0100198 0.0086887 0.00882252 0.00888699 0.00887266 0.00958802 0.00848632 0.0097147 0.00965107 0.0114614 0.00885222 0.00910915 0.00873564 0.00886699 0.00889609 0.00861236 0.00878061 0.00935566 0.014581 0.0105045 0.0117153 0.00925199 0.00949566 0.00968863 0.00644255 0.00407107 0.00378757 0.00328056 0.0034807 0.00333765 0.00327179 0.00324154 0.00319582 0 0.0031698 0.00323804 0.00325658 0.00324646 0.00344314 0.00352335 0.00372273 0.00445536 0.00693166 0.00822336 0.00877841 0.010701 0.0105312 0.0102756 0.0111392 0.0127652 0.597153 0.0519233 0.014581 0.0119043 0.0143831 0.0130995 0.0120214 0.0102015 0.0096059 0.00946815 
0.00821185 0.00825381 0.00870831 0.00884386 0.00861558 0.00908144 0.0100938 0.00935218 0.00950295 0.00909608 0.0106554 0.00923864 0.00898728 0.00965284 0.0119542 0.0114569 0.0100242 0.00918945 0.00922867 0.00915765 0.00906473 0.00873085 0.0102686 0.00971775 0.0101439 0.0146658 0.0123741 0.0105631 0.0108333 0.0101184 0.00697329 0.00535019 0.00415242 0.00355202 0.00335133 0.00356192 0.00326444 0.00328517 0.00322569 0.0031698 0 0.00320334 0.00321815 0.00323899 0.00327238 0.00340999 0.00340943 0.00369621 0.0082516 0.00798538 0.00932813 0.0115219 0.0102827 0.0106163 0.0229463 0.693981 0.0596569 0.0233017 0.0134496 0.0179494 0.0163699 0.0170885 0.0161918 0.0112079 0.0106119 0.0114343 
0.00826245 0.00857483 0.00905112 0.00885873 0.00973947 0.00910853 0.0144341 0.010036 0.0108616 0.00970621 0.0101093 0.0123638 0.00936313 0.0108661 0.010728 0.0168289 0.00989564 0.00994191 0.00899877 0.0103529 0.00952852 0.00896289 0.010381 0.0105617 0.0129438 0.0145753 0.0176831 0.0115378 0.0141258 0.0120228 0.00776682 0.00580341 0.00557693 0.0046099 0.00494139 0.00344228 0.00390125 0.00327761 0.00324695 0.00323804 0.00320334 0 0.00320758 0.00323373 0.00326351 0.00330269 0.00326432 0.00350942 0.00725682 0.00920529 0.0131108 0.0124402 0.0133901 0.0231862 0.879361 0.0447171 0.0203681 0.0145086 0.0243643 0.0176852 0.027687 0.0194268 0.0219147 0.012899 0.0146083 0.0132586 
0.00848851 0.00850171 0.00888981 0.0104069 0.0091589 0.0115133 0.0125786 0.0155374 0.0100013 0.00943037 0.0155481 0.0103503 0.0104461 0.00968308 0.0185494 0.0105858 0.0122656 0.00934736 0.0108074 0.00930414 0.00927775 0.00975506 0.00966178 0.0109972 0.014629 0.0197616 0.0137337 0.0176129 0.0107163 0.0126964 0.00782634 0.00696018 0.00599104 0.00651325 0.00470548 0.00495883 0.00362976 0.0038191 0.00332619 0.00325658 0.00321815 0.00320758 0 0.00321288 0.00324423 0.0032683 0.00323683 0.00328244 0.00908435 0.0109113 0.0113935 0.011129 0.0264363 0.875909 0.0395103 0.0240731 0.0125848 0.0267542 0.0177181 0.0263461 0.018772 0.0284204 0.0168698 0.0242474 0.0112823 0.0150181 
0.00840461 0.008849 0.00997101 0.00888929 0.0112703 0.010251 0.0273112 0.0105531 0.0116152 0.0109715 0.0104545 0.0141581 0.00955417 0.0125872 0.0102853 0.0213637 0.00983578 0.0113799 0.00894767 0.00972823 0.011159 0.00899932 0.0113838 0.0133844 0.0141604 0.0188252 0.0263622 0.0128213 0.0187683 0.0103011 0.00878449 0.00692733 0.00752323 0.00623995 0.00791711 0.00626365 0.0131838 0.00354489 0.0035895 0.00324646 0.00323899 0.00323373 0.00321288 0 0.0032049 0.00323635 0.003236 0.00325758 0.0189399 0.00832553 0.00971715 0.0271191 0.880186 0.0421723 0.0268635 0.0114547 0.0242145 0.0159434 0.0235419 0.0171959 0.0296127 0.0194037 0.0358999 0.0125015 0.0147443 0.0133584 
0.00851743 0.00880673 0.00919099 0.0104725 0.00969617 0.0152292 0.0139668 0.0131565 0.011763 0.00981501 0.0155279 0.0118264 0.0112173 0.009892 0.0176019 0.012634 0.0116818 0.00986613 0.010137 0.00994589 0.00950689 0.00974373 0.0102613 0.0128597 0.0156584 0.0297741 0.0217742 0.0207592 0.0103396 0.0118964 0.00858344 0.00777943 0.00709629 0.00889958 0.0066714 0.0108594 0.00521773 0.00444303 0.00359941 0.00344314 0.00327238 0.00326351 0.00324423 0.0032049 0 0.00321349 0.00322362 0.00326118 0.00637155 0.00841916 0.0329488 0.931198 0.0491185 0.025351 0.0117104 0.0221879 0.0137418 0.0233406 0.0168913 0.0248577 0.0186736 0.0332311 0.0203212 0.0223089 0.0133408 0.0156952 
0.0083968 0.00845496 0.00889868 0.00888743 0.0109131 0.00967416 0.0138599 0.0111976 0.00979453 0.00929765 0.012257 0.0113528 0.00914915 0.00981963 0.0119027 0.0143498 0.00986928 0.00944551 0.00930684 0.00926078 0.0091333 0.00905312 0.0100635 0.0104109 0.0149438 0.0211095 0.01808 0.0124485 0.012079 0.00994362 0.00843788 0.00819547 0.0105636 0.00892129 0.00973181 0.00688741 0.00678599 0.00503007 0.0041668 0.00352335 0.00340999 0.00330269 0.0032683 0.00323635 0.00321349 0 0.00320901 0.00320592 0.00660078 0.0311747 0.917626 0.0540639 0.0138736 0.0117522 0.0145289 0.0121026 0.0135338 0.0132596 0.016082 0.0146684 0.0253971 0.0177271 0.0185806 0.014553 0.0130411 0.0156124 
0.00860728 0.00866086 0.00879502 0.00951825 0.00853045 0.00872958 0.00928918 0.0106464 0.0101374 0.00919566 0.0102264 0.0100232 0.00961212 0.0103737 0.0112562 0.0123133 0.0102262 0.00921115 0.00992786 0.00913508 0.00954985 0.0120574 0.00905231 0.0126748 0.0161535 0.0121847 0.0118286 0.0103989 0.0115611 0.0100639 0.0099859 0.0100825 0.0103354 0.00835685 0.00695723 0.00978067 0.0065407 0.00554555 0.00472412 0.00372273 0.00340943 0.00326432 0.00323683 0.003236 0.00322362 0.00320901 0 0.00324371 0.0251185 0.916544 0.0364357 0.0170631 0.00981807 0.0123878 0.00940486 0.0110389 0.0111068 0.0117981 0.0124499 0.0149624 0.0139425 0.0134171 0.0130633 0.0111758 0.0159727 0.0157679 
0.00962449 0.00859911 0.0109572 0.00850584 0.00830354 0.00839065 0.0086826 0.00866198 0.0101112 0.0131329 0.00911245 0.00887657 0.0095391 0.0187197 0.0106909 0.00988834 0.0103229 0.012939 0.00870832 0.00949396 0.0157802 0.00909508 0.01197 0.0146429 0.00982106 0.0106332 0.00958678 0.00942674 0.00923266 0.0101604 0.0165297 0.0151629 0.00857231 0.00658604 0.00831422 0.00638113 0.00635194 0.00511183 0.00504417 0.00445536 0.00369621 0.00350942 0.00328244 0.00325758 0.00326118 0.00320592 0.00324371 0 0.966503 0.0242022 0.00734441 0.00687695 0.00873523 0.0115586 0.00779583 0.0077314 0.00910187 0.00851759 0.0103804 0.00940941 0.00925142 0.0105762 0.0101006 0.00968772 0.00950945 0.0156354 
0.00865242 0.00868543 0.00882099 0.00833643 0.00812721 0.00824078 0.00848079 0.0091053 0.0123789 0.0113989 0.00890827 0.0094901 0.0110821 0.0117168 0.0100794 0.0125176 0.0146492 0.0119665 0.00942966 0.014219 0.0105983 0.00883335 0.0122528 0.0102055 0.00969288 0.00958091 0.00952513 0.0091837 0.0103854 0.030099 0.0132872 0.0104269 0.00873871 0.00775104 0.00803456 0.00786664 0.00775661 0.00758498 0.00733323 0.00693166 0.0082516 0.00725682 0.00908435 0.0189399 0.00637155 0.00660078 0.0251185 0.966503 0 0.00324543 0.00320465 0.00323706 0.00325234 0.00338097 0.00359336 0.00418088 0.00532721 0.00587468 0.00667696 0.00688734 0.00738128 0.00754811 0.0126532 0.00838415 0.0113669 0.0263181 
0.00822655 0.00822266 0.00848934 0.00858079 0.00833343 0.00841079 0.00932037 0.0103133 0.00912636 0.00896666 0.0105013 0.0096111 0.00931864 0.00883778 0.0114135 0.0132356 0.0102491 0.00906727 0.0107086 0.00906454 0.00882438 0.00969465 0.00919757 0.00937852 0.0131886 0.0118275 0.0110569 0.0109799 0.0151726 0.0175899 0.00976469 0.00891565 0.00923752 0.00861264 0.00845662 0.00834614 0.00816488 0.00795642 0.00805014 0.00822336 0.00798538 0.00920529 0.0109113 0.00832553 0.00841916 0.0311747 0.916544 0.0242022 0.00324543 0 0.00320022 0.00322972 0.00321929 0.00330696 0.00350202 0.00363007 0.00457778 0.00535006 0.00647685 0.00696642 0.00740216 0.00887625 0.00836215 0.0108885 0.0132057 0.0174219 
0.0082347 0.00819527 0.00863019 0.00887435 0.00889759 0.00944954 0.0125593 0.0105689 0.00952678 0.00869706 0.010476 0.0101719 0.00912879 0.00908576 0.0117187 0.0112125 0.00990368 0.00887918 0.00900261 0.0090274 0.00897039 0.00877124 0.00988265 0.0101956 0.0130263 0.0212311 0.0198909 0.0205669 0.0115584 0.0150365 0.00879899 0.00911892 0.00926534 0.0108638 0.0109664 0.00962475 0.00895438 0.0089517 0.00921906 0.00877841 0.00932813 0.0131108 0.0113935 0.00971715 0.0329488 0.917626 0.0364357 0.00734441 0.00320465 0.00320022 0 0.003191 0.00320455 0.00323328 0.00326397 0.00329798 0.0036574 0.00456995 0.00673388 0.00750529 0.00920743 0.00955235 0.0100025 0.0119967 0.0109442 0.0137891 
0.00828547 0.00832149 0.00879085 0.00882851 0.00962271 0.0100683 0.0151785 0.0105025 0.00988379 0.00924065 0.0104963 0.011266 0.0095928 0.0095406 0.0104684 0.014299 0.0100359 0.00913515 0.0087671 0.00906184 0.0091784 0.00884638 0.0106253 0.0121749 0.0135516 0.0234117 0.0306463 0.0151556 0.0129046 0.0144447 0.00894297 0.00886102 0.0099895 0.0110817 0.0104483 0.00943991 0.00947283 0.00928276 0.00899873 0.010701 0.0115219 0.0124402 0.011129 0.0271191 0.931198 0.0540639 0.0170631 0.00687695 0.00323706 0.00322972 0.003191 0 0.00320368 0.00321913 0.00324813 0.00327604 0.00339464 0.004812 0.00670487 0.0094351 0.0100979 0.00888041 0.0142107 0.00963556 0.0104445 0.0139342 
0.0083229 0.00837694 0.00888326 0.00877052 0.0118334 0.00959815 0.012614 0.00984026 0.0101015 0.00941738 0.0106887 0.0117337 0.00930996 0.00953523 0.0102316 0.0145623 0.00943396 0.00920366 0.00878335 0.00912866 0.00919297 0.00881975 0.0098859 0.0105548 0.0147916 0.0289805 0.0216923 0.0149998 0.013079 0.012068 0.00892671 0.00931617 0.0123926 0.00919921 0.0102521 0.00956614 0.0107157 0.00893371 0.00926994 0.0105312 0.0102827 0.0133901 0.0264363 0.880186 0.0491185 0.0138736 0.00981807 0.00873523 0.00325234 0.00321929 0.00320455 0.00320368 0 0.00319755 0.00323511 0.00322183 0.00330995 0.00337858 0.00472806 0.00506076 0.00676128 0.0105591 0.0116599 0.0086359 0.0118381 0.0105908 
0.00906809 0.00830272 0.00857954 0.0114744 0.00890037 0.0107977 0.0104182 0.0128123 0.00911257 0.00908756 0.0169144 0.00913604 0.0114779 0.00894344 0.0212884 0.00964333 0.014054 0.00872286 0.0111628 0.00902186 0.00880593 0.0103555 0.00923238 0.00952938 0.0279146 0.0210919 0.016648 0.0278682 0.00917183 0.020427 0.0090141 0.0123942 0.00837622 0.0152637 0.00831243 0.0177973 0.00861962 0.0118082 0.00944011 0.0102756 0.0106163 0.0231862 0.875909 0.0421723 0.025351 0.0117522 0.0123878 0.0115586 0.00338097 0.00330696 0.00323328 0.00321913 0.00319755 0 0.00319376 0.00325246 0.00325096 0.00334405 0.00351558 0.00462754 0.00713517 0.0140337 0.00766518 0.0125399 0.00765015 0.014918 
0.00832605 0.00867511 0.0109849 0.0084574 0.0113488 0.00904692 0.0185311 0.00916461 0.0102767 0.0106664 0.00891445 0.0164695 0.00876197 0.013278 0.00878053 0.0344175 0.00872535 0.0107306 0.00844969 0.0097501 0.0105422 0.00851494 0.0112027 0.0188028 0.0113155 0.0312783 0.0263514 0.0102927 0.0291031 0.0093439 0.00901312 0.00858592 0.0145437 0.00842585 0.0211634 0.00854017 0.0147513 0.00899082 0.0103568 0.0111392 0.0229463 0.879361 0.0395103 0.0268635 0.0117104 0.0145289 0.00940486 0.00779583 0.00359336 0.00350202 0.00326397 0.00324813 0.00323511 0.00319376 0 0.00319728 0.00325877 0.00323433 0.00335807 0.00351872 0.0049823 0.00549763 0.0123375 0.00681595 0.0132761 0.00754574 
0.00867532 0.00810502 0.00872107 0.0102506 0.00872082 0.0118927 0.00999557 0.012054 0.00907504 0.00879645 0.0168636 0.0088932 0.0109005 0.0086893 0.0257478 0.00959684 0.0127224 0.00868592 0.0113578 0.00880975 0.00876269 0.0114604 0.00918507 0.00951706 0.0349898 0.0201072 0.0146428 0.0376661 0.0093201 0.0160622 0.00914208 0.0132943 0.00840871 0.0199296 0.00840014 0.021569 0.00852051 0.0119503 0.00977221 0.0127652 0.693981 0.0447171 0.0240731 0.0114547 0.0221879 0.0121026 0.0110389 0.0077314 0.00418088 0.00363007 0.00329798 0.00327604 0.00322183 0.00325246 0.00319728 0 0.00319215 0.00323919 0.00327202 0.0032439 0.00353227 0.00581127 0.00481581 0.012914 0.00652083 0.0103827 
0.00822618 0.00832727 0.00888621 0.00847492 0.00977405 0.00896879 0.0149759 0.00960007 0.00985997 0.00946909 0.00911797 0.0117888 0.00894781 0.0106449 0.00924939 0.0185059 0.00917876 0.00930189 0.00851637 0.00920399 0.00954978 0.00865445 0.00976622 0.0134797 0.0128498 0.0212197 0.0233774 0.0114536 0.0149348 0.0125435 0.00912976 0.00874863 0.0120912 0.00876341 0.0142618 0.00868224 0.0117061 0.00884649 0.0165999 0.597153 0.0596569 0.0203681 0.0125848 0.0242145 0.0137418 0.0135338 0.0111068 0.00910187 0.00532721 0.00457778 0.0036574 0.00339464 0.00330995 0.00325096 0.00325877 0.00319215 0 0.00320278 0.00319927 0.00326597 0.00334335 0.003427 0.00430746 0.0044169 0.00599087 0.00776696 
