1C2AA
KRPWKCCDEAVCTRSIPPICTCMDEVFECPKTCKSCGPSMGDPSRRICQDQYVGDPGPICRPWECCDKAICTRSNPPTCRCVDEVKKCAPTCKTCLPSRSRPSRRVCIDSYFGPVPPRCT
CCCCCCCCCEEECCCCCCEEEECCCCCCCCCCCCCEEEECCEEEEEEECCEEECCCCCCCCCCCCCCCEEECCCCCCEEEECCEECCCCCCCCCEEECCCCCCCEEECCCEECCCCCCCC
0 0 0 0 0 0 0 0 0 0 0 0 0 0 0 0 0 0 0 0 0 0 0 0 0 0 0 0 0 0 0 0 0 0 0 0 0 0 0 0 0 0 0 0 0 0 0 0 0 0 0 0 0 0 0 0 0 0 0 0 0 0 0 0 0 0 0 0 0 0 0 0 0 0 0 0 0 0 0 0 0 0 0 0 0 0 0 0 0 0 0 0 0 0 0 0 0 0 0 0 0 0 0 0 0 0 0 0 0 0 0 0 0 0 0 0 0 0 0 0 
0 0 0 0 0 0 0 0 0 0 0 0 0 0 0 0 0 0 0 0 0 0 0 0 0 0 0 0 0 0 0 0 0 0 0 0 0 0 0 0 0 0 0 0 0 0 0 0 0 0 0 0 0 0 0 0 0 0 0 0 0 0 0 0 0 0 0 0 0 0 0 0 0 0 0 0 0 0 0 0 0 0 0 0 0 0 0 0 0 0 0 0 0 0 0 0 0 0 0 0 0 0 0 0 0 0 0 0 0 0 0 0 0 0 0 0 0 0 0 0 
0 0.00349616 0.00396493 0.00801831 0.0108185 0.0290344 0.647633 0.0120041 0.00959364 0.00943691 0.0178805 0.00948148 0.00877594 0.00880227 0.00983501 0.00910614 0.0103932 0.0164739 0.0103597 0.00944809 0.0143839 0.0105444 0.00873626 0.0136772 0.00894221 0.00920683 0.00883346 0.0131586 0.008905 0.00990413 0.00970223 0.0082545 0.00950615 0.0089171 0.00847822 0.0102594 0.0086234 0.00871559 
0.00349616 0 0.00341833 0.00783724 0.0227406 0.552785 0.00629911 0.00909794 0.0106495 0.0128467 0.00901695 0.00896292 0.00921584 0.00863696 0.00875244 0.00943071 0.0119181 0.00896891 0.00985407 0.0141133 0.00931958 0.0091508 0.0136245 0.00889802 0.00902891 0.00864299 0.0106341 0.00838804 0.00920177 0.00886005 0.00849944 0.00911391 0.00836239 0.00849423 0.00903258 0.00838052 0.00842165 0.00827967 
0.00396493 0.00341833 0 0.0290715 0.411689 0.00574859 0.00735728 0.0181441 0.0121988 0.00853722 0.0107433 0.013655 0.00938493 0.00886184 0.00966508 0.00889468 0.00928763 0.0119701 0.016154 0.00991715 0.0100827 0.016647 0.00881297 0.0103408 0.0122545 0.00935761 0.00839839 0.00947787 0.00971004 0.00909654 0.0120824 0.00816902 0.0086541 0.0107755 0.0082705 0.00882137 0.0102889 0.00866325 
0.00801831 0.00783724 0.0290715 0 0.00324575 0.00330151 0.00345186 0.013232 0.00867793 0.0395368 0.0383658 0.0100891 0.00823364 0.0100594 0.00857962 0.0116942 0.0109647 0.0204397 0.0203352 0.00882167 0.0533238 0.010039 0.00979097 0.0142472 0.014164 0.00853192 0.0211368 0.0100426 0.0105682 0.00999955 0.00916501 0.00840657 0.0124087 0.00953761 0.00877229 0.0111165 0.00856052 0.0106415 
0.0108185 0.0227406 0.411689 0.00324575 0 0.00319192 0.00326035 0.0105857 0.0243418 0.0264732 0.0188473 0.00806674 0.0106501 0.00826192 0.0195088 0.00881482 0.0202187 0.0155883 0.00842005 0.062563 0.00880155 0.0102688 0.00912755 0.0100475 0.0085333 0.0400061 0.00855978 0.0149238 0.00841958 0.00933081 0.00853604 0.00854905 0.00834814 0.0084533 0.00913522 0.00890502 0.00926334 0.0083103 
0.0290344 0.552785 0.00574859 0.00330151 0.00319192 0 0.00319632 0.0116829 0.0203508 0.0585186 0.00805856 0.0092285 0.00887053 0.0124415 0.00855146 0.0261342 0.016872 0.0100322 0.0314315 0.0089466 0.0146002 0.00915542 0.0129243 0.00848932 0.0159591 0.00871876 0.0319571 0.00846078 0.00981394 0.00834773 0.00851939 0.00867752 0.00839423 0.00961555 0.00904341 0.00852417 0.0086211 0.00852113 
0.647633 0.00629911 0.00735728 0.00345186 0.00326035 0.00319632 0 0.0288334 0.020735 0.00773497 0.0235678 0.00985043 0.00850162 0.00811413 0.0134908 0.00992844 0.0206848 0.027941 0.0110941 0.012533 0.0102902 0.0167247 0.00872939 0.0101158 0.0113862 0.0142402 0.00853252 0.0137588 0.0096992 0.00962275 0.0108745 0.00842581 0.00849633 0.0109542 0.00878675 0.00932717 0.0115008 0.008597 
0.0120041 0.00909794 0.0181441 0.013232 0.0105857 0.0116829 0.0288334 0 0.00327039 0.00329349 0.00348797 0.00377959 0.00474789 0.0123616 0.0755772 0.0616288 0.0116081 0.0997766 0.00890713 0.00797096 0.030889 0.013008 0.00937037 0.0196108 0.0118225 0.00965943 0.0103128 0.0200985 0.0106317 0.0133165 0.010455 0.00855053 0.0135922 0.0100113 0.0087924 0.0139538 0.00928486 0.0102758 
0.00959364 0.0106495 0.0121988 0.00867793 0.0243418 0.0203508 0.020735 0.00327039 0 0.00320916 0.00325019 0.0035775 0.01021 0.071308 0.0525166 0.00594896 0.061598 0.00699556 0.00674362 0.0227463 0.00870779 0.00955541 0.0114067 0.00978183 0.00924449 0.0132855 0.00955448 0.0104726 0.00908153 0.00906169 0.00872371 0.00912594 0.00861612 0.00861219 0.00952976 0.0090122 0.00874191 0.00842423 
0.00943691 0.0128467 0.00853722 0.0395368 0.0264732 0.0585186 0.00773497 0.00329349 0.00320916 0 0.00319286 0.00425465 0.194617 0.0129083 0.00448009 0.0503461 0.00588277 0.00598396 0.0200441 0.00729549 0.00850957 0.00981622 0.0106161 0.00841381 0.0119832 0.00933505 0.0201496 0.00845674 0.00940674 0.00849804 0.0089862 0.00883281 0.00826853 0.009801 0.00912293 0.00866744 0.00873181 0.00861322 
0.0178805 0.00901695 0.0107433 0.0383658 0.0188473 0.00805856 0.0235678 0.00348797 0.00325019 0.00319286 0 0.938986 0.00392201 0.00337749 0.00540161 0.00381869 0.00512958 0.00735416 0.00743833 0.00852625 0.00711699 0.0151573 0.00873913 0.0112439 0.0130143 0.0119651 0.0085069 0.0128886 0.010912 0.0101499 0.0127478 0.00848617 0.00889671 0.011288 0.00888607 0.00928305 0.0130585 0.00887233 
0.00948148 0.00896292 0.013655 0.0100891 0.00806674 0.0092285 0.00985043 0.00377959 0.0035775 0.00425465 0.938986 0 0.00337215 0.00320834 0.00326581 0.00331428 0.0035695 0.00406047 0.00561967 0.00533921 0.0106221 0.00983673 0.00887978 0.0135632 0.0100842 0.00841348 0.0106043 0.00979224 0.0100377 0.00999437 0.0092495 0.00843139 0.0111082 0.00875612 0.00846028 0.00977456 0.00843345 0.00905019 
0.00877594 0.00921584 0.00938493 0.00823364 0.0106501 0.00887053 0.00850162 0.00474789 0.01021 0.194617 0.00392201 0.00337215 0 0.00318545 0.00321078 0.00320878 0.00320465 0.00336829 0.00424861 0.00773517 0.00597396 0.00884834 0.00930176 0.00965448 0.00844815 0.0100602 0.00850024 0.00936853 0.00889418 0.00894615 0.00862699 0.00867368 0.00831791 0.00832017 0.00878368 0.00857839 0.00852891 0.00827318 
0.00880227 0.00863696 0.00886184 0.0100594 0.00826192 0.0124415 0.00811413 0.0123616 0.071308 0.0129083 0.00337749 0.00320834 0.00318545 0 0.00323487 0.00322851 0.00320724 0.0032172 0.00447924 0.00443949 0.0122565 0.00926311 0.0087148 0.0088082 0.0101797 0.00844246 0.0122517 0.00844511 0.00916366 0.0084258 0.00880155 0.00839003 0.00849457 0.00874973 0.00857629 0.00863199 0.00838369 0.00844206 
0.00983501 0.00875244 0.00966508 0.00857962 0.0195088 0.00855146 0.0134908 0.0755772 0.0525166 0.00448009 0.00540161 0.00326581 0.00321078 0.00323487 0 0.00319071 0.00321329 0.00325533 0.00346524 0.00678297 0.0309027 0.0104267 0.00858997 0.0100142 0.00859311 0.0202524 0.00858195 0.014684 0.00869491 0.00955081 0.00933319 0.00871952 0.00838735 0.00874484 0.00904388 0.00925176 0.00908341 0.00833872 
0.00910614 0.00943071 0.00889468 0.0116942 0.00881482 0.0261342 0.00992844 0.0616288 0.00594896 0.0503461 0.00381869 0.00331428 0.00320878 0.00322851 0.00319071 0 0.00318951 0.00319941 0.0039726 0.0163681 0.0190592 0.00963156 0.0101002 0.00888006 0.0136145 0.00885461 0.0248094 0.00878693 0.00965242 0.00852419 0.00915196 0.00880223 0.00892498 0.00985438 0.00916774 0.00917175 0.00859128 0.00867142 
0.0103932 0.0119181 0.00928763 0.0109647 0.0202187 0.016872 0.0206848 0.0116081 0.061598 0.00588277 0.00512958 0.0035695 0.00320465 0.00320724 0.00321329 0.00318951 0 0.00338211 0.00604416 0.0171787 0.004499 0.0125179 0.0127463 0.0101771 0.0104492 0.0184554 0.011724 0.010266 0.00961256 0.00973023 0.00970951 0.0107621 0.00886138 0.0104355 0.0135787 0.00945798 0.00997852 0.00905781 
0.0164739 0.00896891 0.0119701 0.0204397 0.0155883 0.0100322 0.027941 0.0997766 0.00699556 0.00598396 0.00735416 0.00406047 0.00336829 0.0032172 0.00325533 0.00319941 0.00338211 0 0.0310121 0.00401809 0.00353566 0.0156835 0.00915624 0.0134501 0.0177535 0.0118257 0.00877714 0.018144 0.0126174 0.0112929 0.0157294 0.00868086 0.0100721 0.0136918 0.00931682 0.011884 0.0146349 0.00952587 
0.0103597 0.00985407 0.016154 0.0203352 0.00842005 0.0314315 0.0110941 0.00890713 0.00674362 0.0200441 0.00743833 0.00561967 0.00424861 0.00447924 0.00346524 0.0039726 0.00604416 0.0310121 0 0.00323235 0.00355387 0.018951 0.0106446 0.0900623 0.0211018 0.00828198 0.0455247 0.0103391 0.014075 0.0108249 0.0121228 0.00880651 0.0187936 0.0123017 0.00930647 0.0145983 0.00887996 0.0131325 
0.00944809 0.0141133 0.00991715 0.00882167 0.062563 0.0089466 0.012533 0.00797096 0.0227463 0.00729549 0.00852625 0.00533921 0.00773517 0.00443949 0.00678297 0.0163681 0.0171787 0.00401809 0.00323235 0 0.00321103 0.0116701 0.135819 0.0123234 0.00864517 0.0732637 0.00882949 0.0155356 0.00923512 0.0248789 0.00902854 0.0150333 0.00872919 0.00902103 0.0223709 0.00943171 0.0116195 0.00867742 
0.0143839 0.00931958 0.0100827 0.0533238 0.00880155 0.0146002 0.0102902 0.030889 0.00870779 0.00850957 0.00711699 0.0106221 0.00597396 0.0122565 0.0309027 0.0190592 0.004499 0.00353566 0.00355387 0.00321103 0 0.0733607 0.0104272 0.0230334 0.0642329 0.0086876 0.0193898 0.00959041 0.0244892 0.00955811 0.0170179 0.00863153 0.010212 0.0224571 0.00890143 0.0106448 0.0117386 0.0104411 
0.0105444 0.0091508 0.016647 0.010039 0.0102688 0.00915542 0.0167247 0.013008 0.00955541 0.00981622 0.0151573 0.00983673 0.00884834 0.00926311 0.0104267 0.00963156 0.0125179 0.0156835 0.018951 0.0116701 0.0733607 0 0.0034099 0.00372212 0.00585527 0.0117539 0.0105542 0.559635 0.00861455 0.0142999 0.0133591 0.00918971 0.0239029 0.0124982 0.0100737 0.0203822 0.0110387 0.0115972 
0.00873626 0.0136245 0.00881297 0.00979097 0.00912755 0.0129243 0.00872939 0.00937037 0.0114067 0.0106161 0.00873913 0.00887978 0.00930176 0.0087148 0.00858997 0.0101002 0.0127463 0.00915624 0.0106446 0.135819 0.0104272 0.0034099 0 0.00331913 0.00586369 0.00798251 0.52989 0.00611376 0.00969339 0.00843342 0.0095264 0.0327262 0.00896564 0.00980639 0.02509 0.00922799 0.0103815 0.0092726 
0.0136772 0.00889802 0.0103408 0.0142472 0.0100475 0.00848932 0.0101158 0.0196108 0.00978183 0.00841381 0.0112439 0.0135632 0.00965448 0.0088082 0.0100142 0.00888006 0.0101771 0.0134501 0.0900623 0.0123234 0.0230334 0.00372212 0.00331913 0 0.00801349 0.428616 0.00512585 0.0086947 0.00933719 0.0101849 0.0235297 0.00885533 0.0102221 0.0223053 0.00972685 0.0118984 0.0151435 0.00984226 
0.00894221 0.00902891 0.0122545 0.014164 0.0085333 0.0159591 0.0113862 0.0118225 0.00924449 0.0119832 0.0130143 0.0100842 0.00844815 0.0101797 0.00859311 0.0136145 0.0104492 0.0177535 0.0211018 0.00864517 0.0642329 0.00585527 0.00586369 0.00801349 0 0.00325239 0.00331347 0.00342431 0.00409458 0.0071563 0.011026 0.00872779 0.0406775 0.0182504 0.0102382 0.0244577 0.00990105 0.0283913 
0.00920683 0.00864299 0.00935761 0.00853192 0.0400061 0.00871876 0.0142402 0.00965943 0.0132855 0.00933505 0.0119651 0.00841348 0.0100602 0.00844246 0.0202524 0.00885461 0.0184554 0.0118257 0.00828198 0.0732637 0.0086876 0.0117539 0.00798251 0.428616 0.00325239 0 0.00321613 0.00330961 0.00336228 0.0110644 0.00877646 0.0133823 0.00917494 0.0096867 0.0342013 0.0130604 0.0172883 0.00886987 
0.00883346 0.0106341 0.00839839 0.0211368 0.00855978 0.0319571 0.00853252 0.0103128 0.00955448 0.0201496 0.0085069 0.0106043 0.00850024 0.0122517 0.00858195 0.0248094 0.011724 0.00877714 0.0455247 0.00882949 0.0193898 0.0105542 0.52989 0.00512585 0.00331347 0.00321613 0 0.00321976 0.00988107 0.0435031 0.0139519 0.0163109 0.0112749 0.016989 0.0152705 0.00983938 0.00972576 0.0112707 
0.0131586 0.00838804 0.00947787 0.0100426 0.0149238 0.00846078 0.0137588 0.0200985 0.0104726 0.00845674 0.0128886 0.00979224 0.00936853 0.00844511 0.014684 0.00878693 0.010266 0.018144 0.0103391 0.0155356 0.00959041 0.559635 0.00611376 0.0086947 0.00342431 0.00330961 0.00321976 0 0.0218889 0.00399101 0.0226852 0.00811532 0.00891746 0.0151196 0.0114643 0.0144988 0.0242212 0.00913482 
0.008905 0.00920177 0.00971004 0.0105682 0.00841958 0.00981394 0.0096992 0.0106317 0.00908153 0.00940674 0.010912 0.0100377 0.00889418 0.00916366 0.00869491 0.00965242 0.00961256 0.0126174 0.014075 0.00923512 0.0244892 0.00861455 0.00969339 0.00933719 0.00409458 0.00336228 0.00988107 0.0218889 0 0.00667564 0.0101354 0.0280817 0.0409327 0.0155281 0.0112308 0.0137334 0.010739 0.046877 
0.00990413 0.00886005 0.00909654 0.00999955 0.00933081 0.00834773 0.00962275 0.0133165 0.00906169 0.00849804 0.0101499 0.00999437 0.00894615 0.0084258 0.00955081 0.00852419 0.00973023 0.0112929 0.0108249 0.0248789 0.00955811 0.0142999 0.00843342 0.0101849 0.0071563 0.0110644 0.0435031 0.00399101 0.00667564 0 0.0370858 0.0153306 0.00859926 0.0136245 0.0189235 0.0119938 0.0570916 0.0113631 
0.00970223 0.00849944 0.0120824 0.00916501 0.00853604 0.00851939 0.0108745 0.010455 0.00872371 0.0089862 0.0127478 0.0092495 0.00862699 0.00880155 0.00933319 0.00915196 0.00970951 0.0157294 0.0121228 0.00902854 0.0170179 0.0133591 0.0095264 0.0235297 0.011026 0.00877646 0.0139519 0.0226852 0.0101354 0.0370858 0 0.00340094 0.00335225 0.0116675 0.00828396 0.93183 0.00882545 0.0142849 
0.0082545 0.00911391 0.00816902 0.00840657 0.00854905 0.00867752 0.00842581 0.00855053 0.00912594 0.00883281 0.00848617 0.00843139 0.00867368 0.00839003 0.00871952 0.00880223 0.0107621 0.00868086 0.00880651 0.0150333 0.00863153 0.00918971 0.0327262 0.00885533 0.00872779 0.0133823 0.0163109 0.00811532 0.0280817 0.0153306 0.00340094 0 0.00320674 0.00665199 0.97158 0.00698589 0.0125643 0.00830216 
0.00950615 0.00836239 0.0086541 0.0124087 0.00834814 0.00839423 0.00849633 0.0135922 0.00861612 0.00826853 0.00889671 0.0111082 0.00831791 0.00849457 0.00838735 0.00892498 0.00886138 0.0100721 0.0187936 0.00872919 0.010212 0.0239029 0.00896564 0.0102221 0.0406775 0.00917494 0.0112749 0.00891746 0.0409327 0.00859926 0.00335225 0.00320674 0 0.973392 0.00600446 0.0076166 0.00924785 0.00925694 
0.0089171 0.00849423 0.0107755 0.00953761 0.0084533 0.00961555 0.0109542 0.0100113 0.00861219 0.009801 0.011288 0.00875612 0.00832017 0.00874973 0.00874484 0.00985438 0.0104355 0.0136918 0.0123017 0.00902103 0.0224571 0.0124982 0.00980639 0.0223053 0.0182504 0.0096867 0.016989 0.0151196 0.0155281 0.0136245 0.0116675 0.00665199 0.973392 0 0.0032532 0.00346255 0.00502703 0.0835278 
0.00847822 0.00903258 0.0082705 0.00877229 0.00913522 0.00904341 0.00878675 0.0087924 0.00952976 0.00912293 0.00888607 0.00846028 0.00878368 0.00857629 0.00904388 0.00916774 0.0135787 0.00931682 0.00930647 0.0223709 0.00890143 0.0100737 0.02509 0.00972685 0.0102382 0.0342013 0.0152705 0.0114643 0.0112308 0.0189235 0.00828396 0.97158 0.00600446 0.0032532 0 0.00325831 0.0359791 0.0268092 
0.0102594 0.00838052 0.00882137 0.0111165 0.00890502 0.00852417 0.00932717 0.0139538 0.0090122 0.00866744 0.00928305 0.00977456 0.00857839 0.00863199 0.00925176 0.00917175 0.00945798 0.011884 0.0145983 0.00943171 0.0106448 0.0203822 0.00922799 0.0118984 0.0244577 0.0130604 0.00983938 0.0144988 0.0137334 0.0119938 0.93183 0.00698589 0.0076166 0.00346255 0.00325831 0 0.0240685 0.00765394 
0.0086234 0.00842165 0.0102889 0.00856052 0.00926334 0.0086211 0.0115008 0.00928486 0.00874191 0.00873181 0.0130585 0.00843345 0.00852891 0.00838369 0.00908341 0.00859128 0.00997852 0.0146349 0.00887996 0.0116195 0.0117386 0.0110387 0.0103815 0.0151435 0.00990105 0.0172883 0.00972576 0.0242212 0.010739 0.0570916 0.00882545 0.0125643 0.00924785 0.00502703 0.0359791 0.0240685 0 0.00462389 
0.00871559 0.00827967 0.00866325 0.0106415 0.0083103 0.00852113 0.008597 0.0102758 0.00842423 0.00861322 0.00887233 0.00905019 0.00827318 0.00844206 0.00833872 0.00867142 0.00905781 0.00952587 0.0131325 0.00867742 0.0104411 0.0115972 0.0092726 0.00984226 0.0283913 0.00886987 0.0112707 0.00913482 0.046877 0.0113631 0.0142849 0.00830216 0.00925694 0.0835278 0.0268092 0.00765394 0.00462389 0 
