1D1MB
MEQRITLKDYAMRFGQTKTAKDLGVYQSAINKAIHAGRKIFLTINADGSVYAEEVKDGEVKPWPS
CCEEEEHHHHHHHHHHHHHHHHHCCCHHHHHHHHHHCCCEEEEECCCCCEEEEEEECCEEEECCC
0 0 0 0 0 0 0 0 0 0 0 0 0 0 0 0 0 0 0 0 0 0 0 0 0 0 0 0 0 0 0 0 0 0 0 0 0 0 0 0 0 0 0 0 0 0 0 0 0 0 0 0 0 0 0 0 0 0 0 0 0 0 0 0 0 
0 0 0 0 0 0 0 0 0 0 0 0 0 0 0 0 0 0 0 0 0 0 0 0 0 0 0 0 0 0 0 0 0 0 0 0 0 0 0 0 0 0 0 0 0 0 0 0 0 0 0 0 0 0 0 0 0 0 0 0 0 0 0 0 0 
0 0.0038216 0.00371521 0.00442906 0.0603232 0.0105103 0.0106853 0.0102988 0.0736028 0.0122902 0.00879824 0.0110818 0.00871781 0.0101993 0.0096037 0.0150014 0.0101983 0.010237 0.00835015 0.0205214 
0.0038216 0 0.00355362 0.00378191 0.0157905 0.0981286 0.0105288 0.0833163 0.00930878 0.00907717 0.0131523 0.00877276 0.0136654 0.00878197 0.0106867 0.00945158 0.0108904 0.00885358 0.0112405 0.00865454 
0.00371521 0.00355362 0 0.00323473 0.0306583 0.0118388 0.158843 0.0105697 0.011065 0.0139153 0.00901569 0.0220192 0.00867875 0.0113326 0.0087965 0.00907562 0.00946926 0.0164168 0.00850903 0.00852865 
0.00442906 0.00378191 0.00323473 0 0.0173461 0.118104 0.011169 0.0305261 0.0135086 0.0187144 0.0255548 0.00863013 0.0169429 0.00884921 0.0147731 0.0110398 0.0406661 0.00940799 0.00939083 0.00927565 
0.0603232 0.0157905 0.0306583 0.0173461 0 0.00368693 0.00329004 0.00349069 0.00698222 0.0148257 0.00784133 0.016666 0.0143773 0.76471 0.0209436 0.0376634 0.0122912 0.020625 0.00856021 0.0298848 
0.0105103 0.0981286 0.0118388 0.118104 0.00368693 0 0.00324285 0.00336264 0.00335069 0.00661904 0.0149213 0.0100992 0.902443 0.0118212 0.0148525 0.0113868 0.012334 0.00921917 0.0234457 0.0106156 
0.0106853 0.0105288 0.158843 0.011169 0.00329004 0.00324285 0 0.00330261 0.00321064 0.00882631 0.00850043 0.963428 0.0120073 0.0134496 0.00854198 0.0090646 0.00869319 0.0247001 0.00883644 0.0111221 
0.0102988 0.0833163 0.0105697 0.0305261 0.00349069 0.00336264 0.00330261 0 0.00322577 0.0145688 0.941521 0.0108414 0.0101728 0.00736018 0.00899457 0.00860967 0.0147515 0.00976294 0.0128228 0.00894153 
0.0736028 0.00930878 0.011065 0.0135086 0.00698222 0.00335069 0.00321064 0.00322577 0 0.956829 0.00608282 0.0107559 0.00516195 0.00730571 0.00692862 0.00907021 0.0159684 0.011931 0.00721405 0.00822424 
0.0122902 0.00907717 0.0139153 0.0187144 0.0148257 0.00661904 0.00882631 0.0145688 0.956829 0 0.00326698 0.00339686 0.00328786 0.00378953 0.00421865 0.0103077 0.00622382 0.0077305 0.00604303 0.0294024 
0.00879824 0.0131523 0.00901569 0.0255548 0.00784133 0.0149213 0.00850043 0.941521 0.00608282 0.00326698 0 0.00320179 0.00325606 0.0032804 0.00349871 0.00373086 0.00652651 0.0059812 0.0106928 0.00684075 
0.0110818 0.00877276 0.0220192 0.00863013 0.016666 0.0100992 0.963428 0.0108414 0.0107559 0.00339686 0.00320179 0 0.00319194 0.00334326 0.00327649 0.00332475 0.00419827 0.0125666 0.0065007 0.0167869 
0.00871781 0.0136654 0.00867875 0.0169429 0.0143773 0.902443 0.0120073 0.0101728 0.00516195 0.00328786 0.00325606 0.00319194 0 0.00322954 0.00329316 0.00328293 0.00484927 0.00604937 0.00959563 0.711291 
0.0101993 0.00878197 0.0113326 0.00884921 0.76471 0.0118212 0.0134496 0.00736018 0.00730571 0.00378953 0.0032804 0.00334326 0.00322954 0 0.00326865 0.00342943 0.00461108 0.016888 0.835902 0.0103748 
0.0096037 0.0106867 0.0087965 0.0147731 0.0209436 0.0148525 0.00854198 0.00899457 0.00692862 0.00421865 0.00349871 0.00327649 0.00329316 0.00326865 0 0.00345054 0.0084456 0.974405 0.00541605 0.00558829 
0.0150014 0.00945158 0.00907562 0.0110398 0.0376634 0.0113868 0.0090646 0.00860967 0.00907021 0.0103077 0.00373086 0.00332475 0.00328293 0.00342943 0.00345054 0 0.986146 0.0051182 0.0041767 0.00462735 
0.0101983 0.0108904 0.00946926 0.0406661 0.0122912 0.012334 0.00869319 0.0147515 0.0159684 0.00622382 0.00652651 0.00419827 0.00484927 0.00461108 0.0084456 0.986146 0 0.00354671 0.00348706 0.00420668 
0.010237 0.00885358 0.0164168 0.00940799 0.020625 0.00921917 0.0247001 0.00976294 0.011931 0.0077305 0.0059812 0.0125666 0.00604937 0.016888 0.974405 0.0051182 0.00354671 0 0.0033205 0.00327608 
0.00835015 0.0112405 0.00850903 0.00939083 0.00856021 0.0234457 0.00883644 0.0128228 0.00721405 0.00604303 0.0106928 0.0065007 0.00959563 0.835902 0.00541605 0.0041767 0.00348706 0.0033205 0 0.00324184 
0.0205214 0.00865454 0.00852865 0.00927565 0.0298848 0.0106156 0.0111221 0.00894153 0.00822424 0.0294024 0.00684075 0.0167869 0.711291 0.0103748 0.00558829 0.00462735 0.00420668 0.00327608 0.00324184 0 
