1DBFA
MMIRGIRGATTVERDTEEEILQKTKQLLEKIIEENHTKPEDVVQMLLSATPDLHAVFPAKAVRELSGWQYVPVTCMQEMDVTGGLKKCIRVMMTVQTDVPQDQIRHVYLEKAVVLRPDLSLTKNTEL
CEEEEEEEEEECCCCCHHHHHHHHHHHHHHHHHHHCCCHHHEEEEEEEECCCCCCCCCHHHHHCCCCCCCCCEEEEECCCCCCCCCCEEEEEEEEEECCCHHHCCCEECHHHHHHCCCCCHHHHCCC
0 0 0 0 0 0 0 0 0 0 0 0 0 0 0 0 0 0 0 0 0 0 0 0 0 0 0 0 0 0 0 0 0 0 0 0 0 0 0 0 0 0 0 0 0 0 0 0 0 0 0 0 0 0 0 0 0 0 0 0 0 0 0 0 0 0 0 0 0 0 0 0 0 0 0 0 0 0 0 0 0 0 0 0 0 0 0 0 0 0 0 0 0 0 0 0 0 0 0 0 0 0 0 0 0 0 0 0 0 0 0 0 0 0 0 0 0 0 0 0 0 0 0 0 0 0 0 
0 0 0 0 0 0 0 0 0 0 0 0 0 0 0 0 0 0 0 0 0 0 0 0 0 0 0 0 0 0 0 0 0 0 0 0 0 0 0 0 0 0 0 0 0 0 0 0 0 0 0 0 0 0 0 0 0 0 0 0 0 0 0 0 0 0 0 0 0 0 0 0 0 0 0 0 0 0 0 0 0 0 0 0 0 0 0 0 0 0 0 0 0 0 0 0 0 0 0 0 0 0 0 0 0 0 0 0 0 0 0 0 0 0 0 0 0 0 0 0 0 0 0 0 0 0 0 
0 0.00338136 0.00331828 0.00327897 0.0033659 0.00396455 0.00357307 0.00486669 0.0064025 0.0240896 0.0386416 0.022607 0.0276862 0.0268789 0.0275386 0.0234165 0.021348 0.0317286 0.021751 0.016772 0.0138382 0.0194807 0.0182296 0.0153822 0.0133029 0.0181528 0.0176951 0.0197067 0.0155236 0.0158065 0.0121289 0.0120716 0.0600944 0.00874327 0.00998768 
0.00338136 0 0.00331637 0.0033023 0.0032908 0.00335293 0.00349694 0.00340961 0.00949936 0.00630016 0.0354101 0.0432934 0.0312817 0.0622309 0.0262638 0.0487302 0.0213052 0.0185038 0.0192766 0.0221515 0.02033 0.0251742 0.0104792 0.0106081 0.026447 0.0189874 0.0348901 0.0195033 0.028587 0.0140065 0.0152513 0.0456005 0.00920145 0.00877387 0.00836659 
0.00331828 0.00331637 0 0.00330677 0.00328793 0.00328498 0.00333085 0.00437651 0.00335177 0.00391046 0.0152886 0.042496 0.0992252 0.0577099 0.0935421 0.0503819 0.0355062 0.0131119 0.01573 0.0307239 0.0500282 0.0163795 0.0104505 0.0116676 0.0168779 0.065286 0.0444661 0.0656124 0.0378086 0.0314256 0.0738859 0.0101407 0.00901724 0.0084313 0.00835532 
0.00327897 0.0033023 0.00330677 0 0.00327612 0.00328103 0.00330983 0.00321206 0.0035128 0.00351153 0.022743 0.0263822 0.0654582 0.0675975 0.0683368 0.0658426 0.0258875 0.0152877 0.0154144 0.0302152 0.0314794 0.0187959 0.0104218 0.0100475 0.0200574 0.0401677 0.0487936 0.0529701 0.0387534 0.122878 0.0187011 0.010124 0.00891384 0.00845376 0.00875542 
0.0033659 0.0032908 0.00328793 0.00327612 0 0.00333054 0.00319609 0.00322444 0.00323625 0.00340592 0.0173149 0.0340265 0.0473011 0.0982483 0.0416181 0.073215 0.0165126 0.0154845 0.0160196 0.0175752 0.0349089 0.015063 0.011168 0.00951935 0.0197893 0.0255921 0.0717669 0.0290844 0.160108 0.0156346 0.0226536 0.00888336 0.00882347 0.00842623 0.00822483 
0.00396455 0.00335293 0.00328498 0.00328103 0.00333054 0 0.00319495 0.00320498 0.00329196 0.00326183 0.0169301 0.0163935 0.0889023 0.0399566 0.0684947 0.0253164 0.0287949 0.0107161 0.0120567 0.0211814 0.0261125 0.0155227 0.0122598 0.00990143 0.0122176 0.0478419 0.0263584 0.147202 0.0250361 0.0255596 0.010942 0.0102364 0.00880539 0.00826576 0.00830503 
0.00357307 0.00349694 0.00333085 0.00330983 0.00319609 0.00319495 0 0.00320826 0.00322782 0.00330407 0.024308 0.0322471 0.0376638 0.067785 0.0423538 0.0451436 0.0173992 0.013602 0.0141358 0.0167217 0.0261394 0.017855 0.00990929 0.00966809 0.0174144 0.0265365 0.12564 0.0331748 0.0395766 0.0161799 0.0172243 0.00924128 0.00899907 0.00846656 0.00843066 
0.00486669 0.00340961 0.00437651 0.00321206 0.00322444 0.00320498 0.00320826 0 0.00320807 0.0032257 0.0222508 0.0308758 0.0877825 0.0619849 0.0577479 0.0614624 0.0200554 0.0150304 0.0117833 0.0187908 0.0356382 0.0158096 0.0105568 0.00953873 0.0168704 0.101574 0.0386599 0.0416394 0.0311736 0.0183953 0.0162381 0.00958068 0.00879335 0.00840307 0.0084951 
0.0064025 0.00949936 0.00335177 0.0035128 0.00323625 0.00329196 0.00322782 0.00320807 0 0.00332788 0.0164804 0.0270857 0.0474191 0.0415249 0.0474908 0.0304168 0.0884317 0.0176573 0.0121711 0.0214358 0.0159414 0.0203473 0.0106624 0.0123176 0.0567722 0.0151599 0.0188322 0.0176706 0.0183071 0.012035 0.0102148 0.010615 0.00872167 0.00857555 0.00851713 
0.0240896 0.00630016 0.00391046 0.00351153 0.00340592 0.00326183 0.00330407 0.0032257 0.00332788 0 0.0198505 0.0128298 0.0298084 0.0237008 0.0201491 0.0185344 0.0382865 0.0714144 0.0230907 0.0111442 0.0118 0.0110831 0.0146282 0.0562491 0.0122924 0.0122971 0.0103483 0.011953 0.0112523 0.0105167 0.00905919 0.00925217 0.00948108 0.0103953 0.00929831 
0.0386416 0.0354101 0.0152886 0.022743 0.0173149 0.0169301 0.024308 0.0222508 0.0164804 0.0198505 0 0.00323903 0.00326329 0.00324587 0.00326914 0.00330598 0.00332 0.00485425 0.0338489 0.0124049 0.0113464 0.0111047 0.0149422 0.0156786 0.0149088 0.0129689 0.0169126 0.0117769 0.0131971 0.0113691 0.0115731 0.0135926 0.0215817 0.0102127 0.0121794 
0.022607 0.0432934 0.042496 0.0263822 0.0340265 0.0163935 0.0322471 0.0308758 0.0270857 0.0128298 0.00323903 0 0.00321553 0.0032083 0.00322585 0.0032566 0.00328209 0.00343351 0.0591313 0.0273735 0.0220076 0.0146396 0.0116876 0.0113899 0.0268584 0.0194972 0.0330344 0.0183433 0.027416 0.0135649 0.0634882 0.011802 0.0115895 0.00961542 0.00927536 
0.0276862 0.0312817 0.0992252 0.0654582 0.0473011 0.0889023 0.0376638 0.0877825 0.0474191 0.0298084 0.00326329 0.00321553 0 0.00320705 0.00327961 0.00324926 0.00405308 0.00352191 0.0268675 0.124181 0.0370365 0.0325787 0.0121877 0.0135516 0.0209489 0.134987 0.0414569 0.164547 0.0400477 0.196994 0.0158206 0.029395 0.00932863 0.00985976 0.00912984 
0.0268789 0.0622309 0.0577099 0.0675975 0.0982483 0.0399566 0.067785 0.0619849 0.0415249 0.0237008 0.00324587 0.0032083 0.00320705 0 0.0032021 0.00324314 0.00328112 0.00397236 0.399357 0.0354825 0.139696 0.0197389 0.0184652 0.0127536 0.0672934 0.038374 0.245245 0.0469499 0.348367 0.0291635 0.0955578 0.0101773 0.0124043 0.00984098 0.00908466 
0.0275386 0.0262638 0.0935421 0.0683368 0.0416181 0.0684947 0.0423538 0.0577479 0.0474908 0.0201491 0.00326914 0.00322585 0.00327961 0.0032021 0 0.00321399 0.00323684 0.00326701 0.0332342 0.457836 0.0310298 0.0805523 0.0125571 0.0139828 0.0164538 0.210115 0.0341722 0.316568 0.0316996 0.150211 0.0139987 0.0295679 0.0096406 0.00928921 0.0095634 
0.0234165 0.0487302 0.0503819 0.0658426 0.073215 0.0253164 0.0451436 0.0614624 0.0304168 0.0185344 0.00330598 0.0032566 0.00324926 0.00324314 0.00321399 0 0.00329648 0.00327126 0.0721384 0.0265122 0.529105 0.0150173 0.0291856 0.0109993 0.0554416 0.0231818 0.281779 0.0233802 0.172213 0.016628 0.100598 0.0100508 0.011314 0.00912195 0.00889175 
0.021348 0.0213052 0.0355062 0.0258875 0.0165126 0.0287949 0.0173992 0.0200554 0.0884317 0.0382865 0.00332 0.00328209 0.00405308 0.00328112 0.00323684 0.00329648 0 0.00322723 0.0230611 0.163643 0.02445 0.591201 0.0175748 0.0181601 0.013539 0.12444 0.0157744 0.0858748 0.0172044 0.0489601 0.00996281 0.0453264 0.00899767 0.0103051 0.0103832 
0.0317286 0.0185038 0.0131119 0.0152877 0.0154845 0.0107161 0.013602 0.0150304 0.0176573 0.0714144 0.00485425 0.00343351 0.00352191 0.00397236 0.00326701 0.00327126 0.00322723 0 0.0522488 0.0198464 0.0640908 0.0299256 0.574053 0.017414 0.0280463 0.0115418 0.025078 0.0126152 0.0278963 0.00977012 0.0136747 0.00980876 0.0176122 0.0151963 0.0104021 
0.021751 0.0192766 0.01573 0.0154144 0.0160196 0.0120567 0.0141358 0.0117833 0.0121711 0.0230907 0.0338489 0.0591313 0.0268675 0.399357 0.0332342 0.0721384 0.0230611 0.0522488 0 0.00325249 0.00319039 0.00325149 0.00341638 0.0217804 0.0123884 0.0152754 0.0326202 0.0386926 0.0291572 0.0128952 0.0147855 0.0100472 0.0483652 0.0144098 0.0191733 
0.016772 0.0221515 0.0307239 0.0302152 0.0175752 0.0211814 0.0167217 0.0187908 0.0214358 0.0111442 0.0124049 0.0273735 0.124181 0.0354825 0.457836 0.0265122 0.163643 0.0198464 0.00325249 0 0.00323671 0.00323139 0.00320738 0.0112396 0.0377018 0.0389807 0.0293686 0.0469879 0.0164344 0.0196118 0.0102723 0.028052 0.00951526 0.0131841 0.0107488 
0.0138382 0.02033 0.0500282 0.0314794 0.0349089 0.0261125 0.0261394 0.0356382 0.0159414 0.0118 0.0113464 0.0220076 0.0370365 0.139696 0.0310298 0.529105 0.02445 0.0640908 0.00319039 0.00323671 0 0.00321279 0.0031891 0.00957454 0.0289792 0.0647372 0.0656305 0.0198755 0.0247074 0.0120754 0.0281231 0.0103475 0.0103245 0.00920315 0.0100608 
0.0194807 0.0251742 0.0163795 0.0187959 0.015063 0.0155227 0.017855 0.0158096 0.0203473 0.0110831 0.0111047 0.0146396 0.0325787 0.0197389 0.0805523 0.0150173 0.591201 0.0299256 0.00325149 0.00323139 0.00321279 0 0.00329011 0.0321223 0.0414366 0.0440648 0.0186542 0.0168495 0.0147778 0.0203852 0.0131937 0.0170699 0.00874222 0.0109288 0.0105606 
0.0182296 0.0104792 0.0104505 0.0104218 0.011168 0.0122598 0.00990929 0.0105568 0.0106624 0.0146282 0.0149422 0.0116876 0.0121877 0.0184652 0.0125571 0.0291856 0.0175748 0.574053 0.00341638 0.00320738 0.0031891 0.00329011 0 0.0401787 0.020291 0.0124049 0.0100209 0.00817527 0.0262766 0.00887535 0.00875803 0.00867384 0.0128258 0.0113955 0.010723 
0.0153822 0.0106081 0.0116676 0.0100475 0.00951935 0.00990143 0.00966809 0.00953873 0.0123176 0.0562491 0.0156786 0.0113899 0.0135516 0.0127536 0.0139828 0.0109993 0.0181601 0.017414 0.0217804 0.0112396 0.00957454 0.0321223 0.0401787 0 0.0032545 0.00320942 0.0031944 0.00321757 0.00350191 0.00352032 0.00342653 0.00541036 0.0153948 0.0146081 0.0271193 
0.0133029 0.026447 0.0168779 0.0200574 0.0197893 0.0122176 0.0174144 0.0168704 0.0567722 0.0122924 0.0149088 0.0268584 0.0209489 0.0672934 0.0164538 0.0554416 0.013539 0.0280463 0.0123884 0.0377018 0.0289792 0.0414366 0.020291 0.0032545 0 0.00319721 0.00325213 0.003275 0.0033925 0.00334335 0.00359543 0.0071918 0.00723493 0.0206661 0.010398 
0.0181528 0.0189874 0.065286 0.0401677 0.0255921 0.0478419 0.0265365 0.101574 0.0151599 0.0122971 0.0129689 0.0194972 0.134987 0.038374 0.210115 0.0231818 0.12444 0.0115418 0.0152754 0.0389807 0.0647372 0.0440648 0.0124049 0.00320942 0.00319721 0 0.00319651 0.00323375 0.00321697 0.0032495 0.0106557 0.00357725 0.00359632 0.00902916 0.0087669 
0.0176951 0.0348901 0.0444661 0.0487936 0.0717669 0.0263584 0.12564 0.0386599 0.0188322 0.0103483 0.0169126 0.0330344 0.0414569 0.245245 0.0341722 0.281779 0.0157744 0.025078 0.0326202 0.0293686 0.0656305 0.0186542 0.0100209 0.0031944 0.00325213 0.00319651 0 0.00320678 0.00321925 0.00322104 0.00339414 0.00329703 0.00353333 0.0141321 0.00834685 
0.0197067 0.0195033 0.0656124 0.0529701 0.0290844 0.147202 0.0331748 0.0416394 0.0176706 0.011953 0.0117769 0.0183433 0.164547 0.0469499 0.316568 0.0233802 0.0858748 0.0126152 0.0386926 0.0469879 0.0198755 0.0168495 0.00817527 0.00321757 0.003275 0.00323375 0.00320678 0 0.00319516 0.0032777 0.003202 0.00326776 0.00326236 0.00735181 0.00806534 
0.0155236 0.028587 0.0378086 0.0387534 0.160108 0.0250361 0.0395766 0.0311736 0.0183071 0.0112523 0.0131971 0.027416 0.0400477 0.348367 0.0316996 0.172213 0.0172044 0.0278963 0.0291572 0.0164344 0.0247074 0.0147778 0.0262766 0.00350191 0.0033925 0.00321697 0.00321925 0.00319516 0 0.00321819 0.00321813 0.00324274 0.00325513 0.00938129 0.00831175 
0.0158065 0.0140065 0.0314256 0.122878 0.0156346 0.0255596 0.0161799 0.0183953 0.012035 0.0105167 0.0113691 0.0135649 0.196994 0.0291635 0.150211 0.016628 0.0489601 0.00977012 0.0128952 0.0196118 0.0120754 0.0203852 0.00887535 0.00352032 0.00334335 0.0032495 0.00322104 0.0032777 0.00321819 0 0.00320582 0.00321738 0.0032105 0.00695599 0.00981963 
0.0121289 0.0152513 0.0738859 0.0187011 0.0226536 0.010942 0.0172243 0.0162381 0.0102148 0.00905919 0.0115731 0.0634882 0.0158206 0.0955578 0.0139987 0.100598 0.00996281 0.0136747 0.0147855 0.0102723 0.0281231 0.0131937 0.00875803 0.00342653 0.00359543 0.0106557 0.00339414 0.003202 0.00321813 0.00320582 0 0.00321017 0.00322587 0.00834803 0.0127024 
0.0120716 0.0456005 0.0101407 0.010124 0.00888336 0.0102364 0.00924128 0.00958068 0.010615 0.00925217 0.0135926 0.011802 0.029395 0.0101773 0.0295679 0.0100508 0.0453264 0.00980876 0.0100472 0.028052 0.0103475 0.0170699 0.00867384 0.00541036 0.0071918 0.00357725 0.00329703 0.00326776 0.00324274 0.00321738 0.00321017 0 0.00322156 0.0176617 0.0183986 
0.0600944 0.00920145 0.00901724 0.00891384 0.00882347 0.00880539 0.00899907 0.00879335 0.00872167 0.00948108 0.0215817 0.0115895 0.00932863 0.0124043 0.0096406 0.011314 0.00899767 0.0176122 0.0483652 0.00951526 0.0103245 0.00874222 0.0128258 0.0153948 0.00723493 0.00359632 0.00353333 0.00326236 0.00325513 0.0032105 0.00322587 0.00322156 0 0.0324869 0.0126964 
0.00874327 0.00877387 0.0084313 0.00845376 0.00842623 0.00826576 0.00846656 0.00840307 0.00857555 0.0103953 0.0102127 0.00961542 0.00985976 0.00984098 0.00928921 0.00912195 0.0103051 0.0151963 0.0144098 0.0131841 0.00920315 0.0109288 0.0113955 0.0146081 0.0206661 0.00902916 0.0141321 0.00735181 0.00938129 0.00695599 0.00834803 0.0176617 0.0324869 0 0.0105375 
0.00998768 0.00836659 0.00835532 0.00875542 0.00822483 0.00830503 0.00843066 0.0084951 0.00851713 0.00929831 0.0121794 0.00927536 0.00912984 0.00908466 0.0095634 0.00889175 0.0103832 0.0104021 0.0191733 0.0107488 0.0100608 0.0105606 0.010723 0.0271193 0.010398 0.0087669 0.00834685 0.00806534 0.00831175 0.00981963 0.0127024 0.0183986 0.0126964 0.0105375 0 
