1DHNA
MQDTIFLKGMRFYGYHGALSAENEIGQIFKVDVTLKVDLSEAGRTDNVIDTVHYGEVFEEVKSIMEGKAVNLLEHLAERIANRINSQYNRVMETKVRITKENPPIPGHYDGVGIEIVRENK
CCCEEEEEEEEEEECCCCCHHHHHHCEEEEEEEEEEECCHHHHHHCCHHHCCCHHHHHHHHHHHHCCCCCCCHHHHHHHHHHHHHHHCCCEEEEEEEEEECCCCCCCCCCCEEEEEEEECC
0 0 0 0 0 0 0 0 0 0 0 0 0 0 0 0 0 0 0 0 0 0 0 0 0 0 0 0 0 0 0 0 0 0 0 0 0 0 0 0 0 0 0 0 0 0 0 0 0 0 0 0 0 0 0 0 0 0 0 0 0 0 0 0 0 0 0 0 0 0 0 0 0 0 0 0 0 0 0 0 0 0 0 0 0 0 0 0 0 0 0 0 0 0 0 0 0 0 0 0 0 0 0 0 0 0 0 0 0 0 0 0 0 0 0 0 0 0 0 0 0 
0 0 0 0 0 0 0 0 0 0 0 0 0 0 0 0 0 0 0 0 0 0 0 0 0 0 0 0 0 0 0 0 0 0 0 0 0 0 0 0 0 0 0 0 0 0 0 0 0 0 0 0 0 0 0 0 0 0 0 0 0 0 0 0 0 0 0 0 0 0 0 0 0 0 0 0 0 0 0 0 0 0 0 0 0 0 0 0 0 0 0 0 0 0 0 0 0 0 0 0 0 0 0 0 0 0 0 0 0 0 0 0 0 0 0 0 0 0 0 0 0 
0 0.00340988 0.00341445 0.00330057 0.00344872 0.00335402 0.00357669 0.00494922 0.00380132 0.0167019 0.0104116 0.0218505 0.0126117 0.00908957 0.0171956 0.00898408 0.0335754 0.00927991 0.0223958 0.0094884 0.104829 0.0244467 0.00970102 0.00834665 0.00862524 0.00829805 0.0109169 0.0085148 0.0147381 0.00848151 0.0115484 0.00942082 0.00861396 0.00913525 0.008189 0.0110206 0.00822605 0.00848834 0.00824075 0.010463 
0.00340988 0 0.00324205 0.00339961 0.00323657 0.00330245 0.00467028 0.00330688 0.014378 0.0054672 0.00886871 0.0139359 0.013739 0.0551886 0.00922276 0.0977855 0.00904329 0.0783947 0.00900276 0.270767 0.0232817 0.0391922 0.0105811 0.00977631 0.00908752 0.0154074 0.0082574 0.0433313 0.00862042 0.029796 0.00897314 0.0116584 0.0101413 0.00816447 0.0158674 0.00840033 0.0154366 0.00823474 0.00946129 0.00836908 
0.00341445 0.00324205 0 0.00319662 0.00321904 0.00321775 0.00326321 0.00616433 0.00346816 0.00548775 0.00378355 0.00869976 0.0285013 0.00913743 0.0752551 0.00888766 0.0773318 0.009055 0.32857 0.0137772 0.0635313 0.00865866 0.00853183 0.00909535 0.0141506 0.00841413 0.0316859 0.00862167 0.0631699 0.00919985 0.0134692 0.00838126 0.00841273 0.0116024 0.00840917 0.0208575 0.00842861 0.0105051 0.0083839 0.00880016 
0.00330057 0.00339961 0.00319662 0 0.00318441 0.00321347 0.00379498 0.00324048 0.00514877 0.00326874 0.00843134 0.00944094 0.00827897 0.0373318 0.00869081 0.0506151 0.00861356 0.259567 0.0527941 0.0797365 0.00873863 0.0166819 0.00936767 0.00864036 0.0088074 0.0176772 0.00831481 0.0439705 0.00878815 0.0267886 0.00900385 0.0087035 0.00875638 0.00818753 0.0162636 0.00838089 0.0138962 0.00875536 0.00844065 0.00812906 
0.00344872 0.00323657 0.00321904 0.00318441 0 0.00325004 0.00318741 0.00329087 0.00331413 0.00334063 0.00323757 0.00701537 0.0105069 0.0084038 0.0133045 0.00899748 0.0610941 0.101192 0.0195541 0.00869443 0.0114433 0.00891785 0.00828922 0.00853874 0.010041 0.00827934 0.0117967 0.00872497 0.0153272 0.0103093 0.00864173 0.00832073 0.00808206 0.00838437 0.00843257 0.0102331 0.00855899 0.00831496 0.00836647 0.00808349 
0.00335402 0.00330245 0.00321775 0.00321347 0.00325004 0 0.00313519 0.00322658 0.00320601 0.00319481 0.00321821 0.00758049 0.0100185 0.00868803 0.0172455 0.0135069 0.466495 0.00944476 0.0126431 0.00871552 0.0148579 0.00850812 0.00827676 0.00882615 0.00894805 0.00880745 0.0105457 0.0089508 0.0160349 0.00936402 0.010577 0.00819999 0.00808674 0.00837003 0.00848453 0.0099437 0.00842989 0.00839986 0.00821781 0.00806196 
0.00357669 0.00467028 0.00326321 0.00379498 0.00318741 0.00313519 0 0.00320039 0.00337129 0.00322878 0.00339068 0.00772444 0.00782705 0.0385942 0.00953415 0.712353 0.00837112 0.0314752 0.00810535 0.0631746 0.00834567 0.0190378 0.00894131 0.00853315 0.00912979 0.0137942 0.00820948 0.0336834 0.00841044 0.0268343 0.00834087 0.00908386 0.00871369 0.00809347 0.0136048 0.0082255 0.0124209 0.00816623 0.00829155 0.00807355 
0.00494922 0.00330688 0.00616433 0.00324048 0.00329087 0.00322658 0.00320039 0 0.00320234 0.00328237 0.00319391 0.00713592 0.0223664 0.0084299 0.833648 0.00834729 0.0414148 0.00836407 0.0836478 0.00827314 0.0318979 0.00838476 0.00837165 0.00911849 0.013243 0.00827367 0.0247255 0.00832893 0.0478474 0.00872912 0.0122494 0.00826083 0.00822697 0.0102801 0.00823177 0.0167216 0.00830266 0.00933472 0.00832602 0.00872952 
0.00380132 0.014378 0.00346816 0.00514877 0.00331413 0.00320601 0.00337129 0.00320234 0 0.00319327 0.00325325 0.00940449 0.00856701 0.863761 0.00853685 0.0469345 0.00828144 0.0581427 0.0083039 0.0546902 0.00866143 0.0169671 0.00953535 0.00887941 0.00895406 0.0196461 0.00832284 0.0509263 0.00866348 0.0373401 0.00859225 0.00904067 0.00863153 0.00819277 0.0184221 0.0084421 0.0135053 0.0082818 0.0083929 0.00810345 
0.0167019 0.0054672 0.00548775 0.00326874 0.00334063 0.00319481 0.00322878 0.00328237 0.00319327 0 0.00319064 0.00846655 0.800081 0.00807507 0.059503 0.0078416 0.0351701 0.00832236 0.0343224 0.0084015 0.0333288 0.00858479 0.00879359 0.0087634 0.00956695 0.00822523 0.0138077 0.00840493 0.0167881 0.00865277 0.0105184 0.00823468 0.00818777 0.0110373 0.00818124 0.0110108 0.00834876 0.00865899 0.00824875 0.00835312 
0.0104116 0.00886871 0.00378355 0.00843134 0.00323757 0.00321821 0.00339068 0.00319391 0.00325325 0.00319064 0 0.779361 0.00716907 0.0190002 0.00726262 0.0187415 0.00759928 0.0171843 0.00797219 0.0168012 0.00841787 0.0311201 0.0125335 0.00868788 0.00829024 0.0101746 0.0081877 0.0124579 0.00845459 0.0102889 0.00864694 0.00903375 0.0109661 0.00817137 0.011875 0.00827601 0.00948243 0.00828926 0.00828808 0.00823037 
0.0218505 0.0139359 0.00869976 0.00944094 0.00701537 0.00758049 0.00772444 0.00713592 0.00940449 0.00846655 0.779361 0 0.00419085 0.00325784 0.00328662 0.00346025 0.00331396 0.00376256 0.0035658 0.00543911 0.00484326 0.0350156 0.0108331 0.00856534 0.00885532 0.00908597 0.0086634 0.0109663 0.00873846 0.0112159 0.00951694 0.018801 0.00846396 0.00840912 0.0091864 0.00846637 0.00940358 0.00820684 0.00855313 0.010461 
0.0126117 0.013739 0.0285013 0.00827897 0.0105069 0.0100185 0.00782705 0.0223664 0.00856701 0.800081 0.00716907 0.00419085 0 0.00319803 0.00326038 0.00321592 0.00325617 0.00329405 0.00575084 0.00412755 0.0285391 0.00532374 0.00872138 0.0100903 0.0104483 0.0085901 0.0138161 0.00869085 0.0207351 0.00903161 0.0239896 0.00849795 0.00821953 0.00913678 0.00841014 0.0118362 0.00834077 0.00875362 0.00855025 0.00882376 
0.00908957 0.0551886 0.00913743 0.0373318 0.0084038 0.00868803 0.0385942 0.0084299 0.863761 0.00807507 0.0190002 0.00325784 0.00319803 0 0.00320071 0.00325234 0.00321906 0.00380197 0.00331478 0.0146679 0.0035491 0.00695824 0.0115705 0.0105548 0.0097072 0.0217708 0.0086684 0.0541458 0.00900997 0.0807943 0.00871687 0.0132977 0.00940357 0.00836696 0.0238687 0.00861199 0.0228645 0.00842965 0.00906901 0.00821867 
0.0171956 0.00922276 0.0752551 0.00869081 0.0133045 0.0172455 0.00953415 0.833648 0.00853685 0.059503 0.00726262 0.00328662 0.00326038 0.00320071 0 0.00318611 0.00320824 0.00324566 0.00747136 0.00337669 0.00598589 0.00359084 0.0102578 0.0128481 0.0213475 0.00875814 0.0655936 0.00897993 0.127179 0.00939496 0.0783736 0.00860882 0.00846801 0.0140795 0.00859095 0.0396777 0.00869286 0.0125462 0.00878859 0.009035 
0.00898408 0.0977855 0.00888766 0.0506151 0.00899748 0.0135069 0.712353 0.00834729 0.0469345 0.0078416 0.0187415 0.00346025 0.00321592 0.00325234 0.00318611 0 0.00319108 0.00344337 0.00322111 0.00392701 0.0032567 0.00495382 0.021865 0.0121406 0.0105432 0.0522886 0.00869974 0.166792 0.00929691 0.227086 0.00899538 0.00953216 0.0107063 0.00831089 0.0565285 0.00873889 0.0450086 0.00848445 0.0110767 0.00822063 
0.0335754 0.00904329 0.0773318 0.00861356 0.0610941 0.466495 0.00837112 0.0414148 0.00828144 0.0351701 0.00759928 0.00331396 0.00325617 0.00321906 0.00320824 0.00319108 0 0.00318737 0.00323754 0.00327017 0.00358518 0.00329465 0.0108566 0.0149427 0.0387155 0.00882152 0.119169 0.00910012 0.287626 0.00937018 0.0223562 0.0086901 0.00846602 0.0208036 0.00865322 0.0635101 0.00886043 0.0180332 0.00880483 0.00878693 
0.00927991 0.0783947 0.009055 0.259567 0.101192 0.00944476 0.0314752 0.00836407 0.0581427 0.00832236 0.0171843 0.00376256 0.00329405 0.00380197 0.00324566 0.00344337 0.00318737 0 0.00322296 0.00405132 0.00327592 0.00422867 0.0188065 0.0130702 0.0107899 0.103427 0.00886353 0.307009 0.00948484 0.124426 0.00895985 0.0116861 0.0114413 0.00847989 0.0875172 0.0091597 0.0844156 0.00877418 0.0102066 0.00851325 
0.0223958 0.00900276 0.32857 0.0527941 0.0195541 0.0126431 0.00810535 0.0836478 0.0083039 0.0343224 0.00797219 0.0035658 0.00575084 0.00331478 0.00747136 0.00322111 0.00323754 0.00322296 0 0.00320449 0.00332353 0.00321397 0.0125545 0.0148455 0.0344173 0.0088024 0.20579 0.00891104 0.142689 0.00917526 0.0382498 0.00868638 0.00854669 0.0220302 0.00863009 0.069686 0.00873478 0.0178963 0.00874282 0.00935789 
0.0094884 0.270767 0.0137772 0.0797365 0.00869443 0.00871552 0.0631746 0.00827314 0.0546902 0.0084015 0.0168012 0.00543911 0.00412755 0.0146679 0.00337669 0.00392701 0.00327017 0.00405132 0.00320449 0 0.00319017 0.00385108 0.021811 0.0129719 0.0112924 0.143396 0.00882268 0.109583 0.00910744 0.0940439 0.00908212 0.010179 0.0119843 0.00845208 0.0535134 0.00871711 0.0356341 0.00859059 0.00956759 0.00836861 
0.104829 0.0232817 0.0635313 0.00873863 0.0114433 0.0148579 0.00834567 0.0318979 0.00866143 0.0333288 0.00841787 0.00484326 0.0285391 0.0035491 0.00598589 0.0032567 0.00358518 0.00327592 0.00332353 0.00319017 0 0.00321654 0.0106508 0.014628 0.0797376 0.00896556 0.0380694 0.00909967 0.0517961 0.00915646 0.0279302 0.0086194 0.0087026 0.0172269 0.00846236 0.0205499 0.00852732 0.0104219 0.00881011 0.00901896 
0.0244467 0.0391922 0.00865866 0.0166819 0.00891785 0.00850812 0.0190378 0.00838476 0.0169671 0.00858479 0.0311201 0.0350156 0.00532374 0.00695824 0.00359084 0.00495382 0.00329465 0.00422867 0.00321397 0.00385108 0.00321654 0 0.0531536 0.0284736 0.00943202 0.0219588 0.00879761 0.0339004 0.00890032 0.0200996 0.00946796 0.0157571 0.0216583 0.0083799 0.0204851 0.00852777 0.0133928 0.00847584 0.00891475 0.00873595 
0.00970102 0.0105811 0.00853183 0.00936767 0.00828922 0.00827676 0.00894131 0.00837165 0.00953535 0.00879359 0.0125335 0.0108331 0.00872138 0.0115705 0.0102578 0.021865 0.0108566 0.0188065 0.0125545 0.021811 0.0106508 0.0531536 0 0.00393584 0.00323006 0.00356855 0.00346134 0.00423359 0.00352113 0.00435293 0.00530122 0.0245481 0.0112324 0.00864867 0.0122529 0.00895328 0.0118882 0.00902198 0.0102512 0.0296195 
0.00834665 0.00977631 0.00909535 0.00864036 0.00853874 0.00882615 0.00853315 0.00911849 0.00887941 0.0087634 0.00868788 0.00856534 0.0100903 0.0105548 0.0128481 0.0121406 0.0149427 0.0130702 0.0148455 0.0129719 0.014628 0.0284736 0.00393584 0 0.0031926 0.00319783 0.0032214 0.00326861 0.00334452 0.00377894 0.00500945 0.00391484 0.00815768 0.010794 0.00864608 0.0102527 0.00970284 0.00884343 0.0166115 0.0133209 
0.00862524 0.00908752 0.0141506 0.0088074 0.010041 0.00894805 0.00912979 0.013243 0.00895406 0.00956695 0.00829024 0.00885532 0.0104483 0.0097072 0.0213475 0.0105432 0.0387155 0.0107899 0.0344173 0.0112924 0.0797376 0.00943202 0.00323006 0.0031926 0 0.00317181 0.00335538 0.00319873 0.00331169 0.00362103 0.00340703 0.00329797 0.00789612 0.0100389 0.00862751 0.0162212 0.00926635 0.0160759 0.0164764 0.38062 
0.00829805 0.0154074 0.00841413 0.0176772 0.00827934 0.00880745 0.0137942 0.00827367 0.0196461 0.00822523 0.0101746 0.00908597 0.0085901 0.0217708 0.00875814 0.0522886 0.00882152 0.103427 0.0088024 0.143396 0.00896556 0.0219588 0.00356855 0.00319783 0.00317181 0 0.00318832 0.00337682 0.00322322 0.00346544 0.0032343 0.00397547 0.0097418 0.00790483 0.0218312 0.00847968 0.0423989 0.00958977 0.553749 0.0123895 
0.0109169 0.0082574 0.0316859 0.00831481 0.0117967 0.0105457 0.00820948 0.0247255 0.00832284 0.0138077 0.0081877 0.0086634 0.0138161 0.0086684 0.0655936 0.00869974 0.119169 0.00886353 0.20579 0.00882268 0.0380694 0.00879761 0.00346134 0.0032214 0.00335538 0.00318832 0 0.00317916 0.00426685 0.00323446 0.00431156 0.00343503 0.00757383 0.0225277 0.00830723 0.0515286 0.00964915 0.752891 0.0107353 0.0138853 
0.0085148 0.0433313 0.00862167 0.0439705 0.00872497 0.0089508 0.0336834 0.00832893 0.0509263 0.00840493 0.0124579 0.0109663 0.00869085 0.0541458 0.00897993 0.166792 0.00910012 0.307009 0.00891104 0.109583 0.00909967 0.0339004 0.00423359 0.00326861 0.00319873 0.00337682 0.00317916 0 0.00319547 0.00360301 0.00322038 0.00357533 0.0143707 0.00885067 0.060308 0.00893005 0.868933 0.0110233 0.017089 0.00993574 
0.0147381 0.00862042 0.0631699 0.00878815 0.0153272 0.0160349 0.00841044 0.0478474 0.00866348 0.0167881 0.00845459 0.00873846 0.0207351 0.00900997 0.127179 0.00929691 0.287626 0.00948484 0.142689 0.00910744 0.0517961 0.00890032 0.00352113 0.00334452 0.00331169 0.00322322 0.00426685 0.00319547 0 0.0031875 0.00326964 0.00324331 0.00798647 0.0354287 0.00970981 0.899481 0.00948333 0.0272039 0.0100304 0.0120854 
0.00848151 0.029796 0.00919985 0.0267886 0.0103093 0.00936402 0.0268343 0.00872912 0.0373401 0.00865277 0.0102889 0.0112159 0.00903161 0.0807943 0.00939496 0.227086 0.00937018 0.124426 0.00917526 0.0940439 0.00915646 0.0200996 0.00435293 0.00377894 0.00362103 0.00346544 0.00323446 0.00360301 0.0031875 0 0.0031949 0.00329273 0.0184002 0.00847237 0.904725 0.00887254 0.0350667 0.00905833 0.0122755 0.00950057 
0.0115484 0.00897314 0.0134692 0.00900385 0.00864173 0.010577 0.00834087 0.0122494 0.00859225 0.0105184 0.00864694 0.00951694 0.0239896 0.00871687 0.0783736 0.00899538 0.0223562 0.00895985 0.0382498 0.00908212 0.0279302 0.00946796 0.00530122 0.00500945 0.00340703 0.0032343 0.00431156 0.00322038 0.00326964 0.0031949 0 0.00330692 0.0108408 0.876443 0.00820118 0.0292011 0.00803407 0.011594 0.00959916 0.0106358 
0.00942082 0.0116584 0.00838126 0.0087035 0.00832073 0.00819999 0.00908386 0.00826083 0.00904067 0.00823468 0.00903375 0.018801 0.00849795 0.0132977 0.00860882 0.00953216 0.0086901 0.0116861 0.00868638 0.010179 0.0086194 0.0157571 0.0245481 0.00391484 0.00329797 0.00397547 0.00343503 0.00357533 0.00324331 0.00329273 0.00330692 0 0.753521 0.00812433 0.0246338 0.00832127 0.0161672 0.00795066 0.0103723 0.00972397 
0.00861396 0.0101413 0.00841273 0.00875638 0.00808206 0.00808674 0.00871369 0.00822697 0.00863153 0.00818777 0.0109661 0.00846396 0.00821953 0.00940357 0.00846801 0.0107063 0.00846602 0.0114413 0.00854669 0.0119843 0.0087026 0.0216583 0.0112324 0.00815768 0.00789612 0.0097418 0.00757383 0.0143707 0.00798647 0.0184002 0.0108408 0.753521 0 0.00460895 0.00347079 0.0032798 0.00349645 0.00344995 0.00371382 0.0102388 
0.00913525 0.00816447 0.0116024 0.00818753 0.00838437 0.00837003 0.00809347 0.0102801 0.00819277 0.0110373 0.00817137 0.00840912 0.00913678 0.00836696 0.0140795 0.00831089 0.0208036 0.00847989 0.0220302 0.00845208 0.0172269 0.0083799 0.00864867 0.010794 0.0100389 0.00790483 0.0225277 0.00885067 0.0354287 0.00847237 0.876443 0.00812433 0.00460895 0 0.00322909 0.00342043 0.00331 0.00341225 0.00372341 0.00499251 
0.008189 0.0158674 0.00840917 0.0162636 0.00843257 0.00848453 0.0136048 0.00823177 0.0184221 0.00818124 0.011875 0.0091864 0.00841014 0.0238687 0.00859095 0.0565285 0.00865322 0.0875172 0.00863009 0.0535134 0.00846236 0.0204851 0.0122529 0.00864608 0.00862751 0.0218312 0.00830723 0.060308 0.00970981 0.904725 0.00820118 0.0246338 0.00347079 0.00322909 0 0.00319856 0.00327912 0.0032512 0.00360616 0.00353236 
0.0110206 0.00840033 0.0208575 0.00838089 0.0102331 0.0099437 0.0082255 0.0167216 0.0084421 0.0110108 0.00827601 0.00846637 0.0118362 0.00861199 0.0396777 0.00873889 0.0635101 0.0091597 0.069686 0.00871711 0.0205499 0.00852777 0.00895328 0.0102527 0.0162212 0.00847968 0.0515286 0.00893005 0.899481 0.00887254 0.0292011 0.00832127 0.0032798 0.00342043 0.00319856 0 0.00321021 0.00332053 0.00322898 0.00355359 
0.00822605 0.0154366 0.00842861 0.0138962 0.00855899 0.00842989 0.0124209 0.00830266 0.0135053 0.00834876 0.00948243 0.00940358 0.00834077 0.0228645 0.00869286 0.0450086 0.00886043 0.0844156 0.00873478 0.0356341 0.00852732 0.0133928 0.0118882 0.00970284 0.00926635 0.0423989 0.00964915 0.868933 0.00948333 0.0350667 0.00803407 0.0161672 0.00349645 0.00331 0.00327912 0.00321021 0 0.0032175 0.00327194 0.00327133 
0.00848834 0.00823474 0.0105051 0.00875536 0.00831496 0.00839986 0.00816623 0.00933472 0.0082818 0.00865899 0.00828926 0.00820684 0.00875362 0.00842965 0.0125462 0.00848445 0.0180332 0.00877418 0.0178963 0.00859059 0.0104219 0.00847584 0.00902198 0.00884343 0.0160759 0.00958977 0.752891 0.0110233 0.0272039 0.00905833 0.011594 0.00795066 0.00344995 0.00341225 0.0032512 0.00332053 0.0032175 0 0.00334562 0.00324281 
0.00824075 0.00946129 0.0083839 0.00844065 0.00836647 0.00821781 0.00829155 0.00832602 0.0083929 0.00824875 0.00828808 0.00855313 0.00855025 0.00906901 0.00878859 0.0110767 0.00880483 0.0102066 0.00874282 0.00956759 0.00881011 0.00891475 0.0102512 0.0166115 0.0164764 0.553749 0.0107353 0.017089 0.0100304 0.0122755 0.00959916 0.0103723 0.00371382 0.00372341 0.00360616 0.00322898 0.00327194 0.00334562 0 0.00329166 
0.010463 0.00836908 0.00880016 0.00812906 0.00808349 0.00806196 0.00807355 0.00872952 0.00810345 0.00835312 0.00823037 0.010461 0.00882376 0.00821867 0.009035 0.00822063 0.00878693 0.00851325 0.00935789 0.00836861 0.00901896 0.00873595 0.0296195 0.0133209 0.38062 0.0123895 0.0138853 0.00993574 0.0120854 0.00950057 0.0106358 0.00972397 0.0102388 0.00499251 0.00353236 0.00355359 0.00327133 0.00324281 0.00329166 0 
