1DQOA
DARQFLIYNEDHKRCVDALSAISVQTATCNPEAESQKFRWVSDSQIMSVAFKLCLGVPSKTDWASVTLYACDSKSEYQKWECKNDTLFGIKGTELYFNYGNRQEKNIKLYKGSGLWSRWKVYGTTDDLCSRGYE
CCCCECEEECCCCEEEEEEECCEEEEECCCCCCHHHCEEECCCCCEEECCCCEEEECCCCCCCCECEEECCCCCCCCCCEEECCCCEEEECCCCCEEECCCCCCCCCEEECCCCHHHECEECCCCCCHHHHCCC
0 0 0 0 0 0 0 0 0 0 0 0 0 0 0 0 0 0 0 0 0 0 0 0 0 0 0 0 0 0 0 0 0 0 0 0 0 0 0 0 0 0 0 0 0 0 0 0 0 0 0 0 0 0 0 0 0 0 0 0 0 0 0 0 0 0 0 0 0 0 0 0 0 0 0 0 0 0 0 0 0 0 0 0 0 0 0 0 0 0 0 0 0 0 0 0 0 0 0 0 0 0 0 0 0 0 0 0 0 0 0 0 0 0 0 0 0 0 0 0 0 0 0 0 0 0 0 0 0 0 0 0 0 0 
0 0 0 0 0 0 0 0 0 0 0 0 0 0 0 0 0 0 0 0 0 0 0 0 0 0 0 0 0 0 0 0 0 0 0 0 0 0 0 0 0 0 0 0 0 0 0 0 0 0 0 0 0 0 0 0 0 0 0 0 0 0 0 0 0 0 0 0 0 0 0 0 0 0 0 0 0 0 0 0 0 0 0 0 0 0 0 0 0 0 0 0 0 0 0 0 0 0 0 0 0 0 0 0 0 0 0 0 0 0 0 0 0 0 0 0 0 0 0 0 0 0 0 0 0 0 0 0 0 0 0 0 0 0 
0 0.00369222 0.00464593 0.00649661 0.00828475 0.00927246 0.0152048 0.0458144 0.0127223 0.0123319 0.0285888 0.0256966 0.0143105 0.0120146 0.017318 0.03002 0.050304 0.0141832 0.0248697 0.0313795 0.0139314 0.0226633 0.0314849 0.0119498 0.0137639 0.0221949 0.0276784 0.0211215 0.0154751 0.0154434 0.0139256 0.00893545 0.0130145 0.0174063 0.010275 0.0111819 0.0149114 0.0147743 0.0103839 0.01214 0.0117585 0.00931349 0.0105187 0.00988534 0.0100982 0.00974489 
0.00369222 0 0.00339055 0.00333863 0.00472876 0.0275014 0.247648 0.0367513 0.0086446 0.0120146 0.0142393 0.0125088 0.012167 0.0202577 0.011555 0.0213588 0.0136435 0.0135084 0.0296188 0.0130565 0.0130676 0.0275993 0.0125788 0.0143613 0.0151734 0.0227243 0.0119046 0.0149275 0.0102833 0.0137586 0.0101384 0.0089081 0.014895 0.0110155 0.0140213 0.0137931 0.0122399 0.0100592 0.00956011 0.0128159 0.00927898 0.00878424 0.00969155 0.00845472 0.00860003 0.00887206 
0.00464593 0.00339055 0 0.00345515 0.0105746 0.936916 0.020966 0.00585913 0.00718777 0.00949812 0.00740798 0.00909288 0.0204764 0.0097818 0.0357304 0.00950961 0.0125698 0.0529352 0.0104283 0.0121126 0.0517989 0.0118724 0.0113639 0.0148324 0.0264867 0.0117449 0.00981791 0.01 0.0218591 0.00931061 0.00909753 0.0168542 0.00891879 0.010138 0.0124134 0.0125555 0.00899543 0.00933894 0.0134122 0.00889074 0.00864706 0.00978358 0.00864812 0.00821124 0.00865477 0.00833647 
0.00649661 0.00333863 0.00345515 0 0.966426 0.0129316 0.00427206 0.00426277 0.00537857 0.0056033 0.00654312 0.0122578 0.00839391 0.00928935 0.00837049 0.0111295 0.0183296 0.00946975 0.0137684 0.0212691 0.0106729 0.0159523 0.0145961 0.010526 0.0103491 0.0151036 0.010945 0.012285 0.0103696 0.00997977 0.0130971 0.0087719 0.00911093 0.0137734 0.00932715 0.00919262 0.00991958 0.0114701 0.00892329 0.00894675 0.00953407 0.00865102 0.00853727 0.00916264 0.0084071 0.00820854 
0.00828475 0.00472876 0.0105746 0.966426 0 0.0032709 0.00324666 0.00323057 0.00321735 0.00359449 0.00392447 0.00946069 0.00561296 0.00583544 0.0078534 0.0134448 0.0367024 0.0128146 0.012761 0.0134629 0.0100331 0.02424 0.0172043 0.00944394 0.0102263 0.0160611 0.0201844 0.012615 0.00892803 0.0138877 0.00915609 0.00861379 0.0120195 0.0110604 0.00911028 0.00933739 0.0111528 0.0099428 0.0087128 0.0104859 0.00955372 0.00824464 0.00950633 0.00825289 0.00886182 0.00859347 
0.00927246 0.0275014 0.936916 0.0129316 0.0032709 0 0.00320051 0.00319392 0.00320912 0.00327033 0.00373873 0.00522876 0.00605353 0.0066006 0.0105025 0.677264 0.0108109 0.0190043 0.0103864 0.0124682 0.0199264 0.0102174 0.011859 0.0180294 0.0168831 0.011423 0.0104045 0.0094263 0.0180181 0.00943501 0.00998603 0.0104254 0.00948688 0.010687 0.0132448 0.0112088 0.00897907 0.0090975 0.0108669 0.00860225 0.0085885 0.0095946 0.00841261 0.00825966 0.00848341 0.00844356 
0.0152048 0.247648 0.020966 0.00427206 0.00324666 0.00320051 0 0.00321075 0.00319436 0.00323385 0.00324315 0.00389708 0.00609807 0.00902661 0.736137 0.0143516 0.0102311 0.00950868 0.00974495 0.0132357 0.0109654 0.010618 0.0108753 0.0129018 0.0143423 0.0104644 0.00935659 0.0124255 0.0104893 0.00925303 0.00982795 0.00892061 0.00894748 0.0110347 0.0165482 0.011513 0.00924446 0.00948153 0.00958992 0.00879408 0.00891904 0.00872253 0.00845532 0.00829964 0.00834776 0.00833361 
0.0458144 0.0367513 0.00585913 0.00426277 0.00323057 0.00319392 0.00321075 0 0.0031886 0.00320647 0.00319568 0.00373348 0.00673361 0.77377 0.0276633 0.00771824 0.00911781 0.011275 0.00956431 0.0131913 0.0102469 0.0142372 0.0105167 0.0170156 0.014177 0.0113984 0.010438 0.0154078 0.00897944 0.0100273 0.00914929 0.0096551 0.00878476 0.0111955 0.0137894 0.0132185 0.00885085 0.010278 0.00924968 0.00921013 0.00920176 0.00847244 0.00841456 0.00840769 0.00857018 0.00826712 
0.0127223 0.0086446 0.00718777 0.00537857 0.00321735 0.00320912 0.00319436 0.0031886 0 0.00320004 0.00321167 0.00371791 0.725331 0.0284783 0.00943409 0.00492201 0.00892868 0.00900729 0.0115688 0.0104039 0.0129411 0.00975144 0.0100053 0.0118199 0.0130468 0.010029 0.00916178 0.00942037 0.0114427 0.00909545 0.0100572 0.00868509 0.0092229 0.00987344 0.0127209 0.0106926 0.00939635 0.00875775 0.0103334 0.00890809 0.008416 0.00925764 0.0086218 0.00826771 0.00823957 0.00834633 
0.0123319 0.0120146 0.00949812 0.0056033 0.00359449 0.00327033 0.00323385 0.00320647 0.00320004 0 0.00323199 0.0168286 0.060639 0.00514945 0.00556418 0.0043737 0.00746253 0.0129158 0.00831483 0.0104555 0.0131864 0.0113772 0.00971391 0.011595 0.0132784 0.0102362 0.0100988 0.00997208 0.010521 0.00885958 0.00873857 0.0107194 0.00836033 0.0101694 0.0103948 0.0110693 0.00852222 0.00915173 0.0106009 0.00856242 0.00862139 0.00929902 0.0083835 0.00809254 0.00834824 0.00818309 
0.0285888 0.0142393 0.00740798 0.00654312 0.00392447 0.00373873 0.00324315 0.00319568 0.00321167 0.00323199 0 0.771106 0.00418383 0.00340172 0.00366413 0.00366082 0.0111534 0.00777784 0.00955778 0.0149566 0.00938234 0.0126975 0.015409 0.00927392 0.0101199 0.0129952 0.0132611 0.0141365 0.00945963 0.00975281 0.0124745 0.00834451 0.00882911 0.0143533 0.00973301 0.00871231 0.0095366 0.0120828 0.00849877 0.0093119 0.00977923 0.00849207 0.00873411 0.00873847 0.00844072 0.00815738 
0.0256966 0.0125088 0.00909288 0.0122578 0.00946069 0.00522876 0.00389708 0.00373348 0.00371791 0.0168286 0.771106 0 0.00327098 0.00321903 0.00329164 0.00335814 0.00814596 0.0101449 0.0186138 0.0155552 0.0123315 0.0324062 0.0214692 0.0127924 0.0113211 0.0227673 0.027542 0.0155107 0.0108573 0.0182141 0.0102556 0.00901305 0.0129432 0.0130117 0.0106574 0.0107239 0.0144337 0.0114032 0.00896358 0.0136746 0.0110104 0.0086633 0.0107578 0.00848619 0.00921867 0.00903217 
0.0143105 0.012167 0.0204764 0.00839391 0.00561296 0.00605353 0.00609807 0.00673361 0.725331 0.060639 0.00418383 0.00327098 0 0.0032194 0.00324886 0.00323416 0.0100248 0.0179631 0.015761 0.0130323 0.0331717 0.0114405 0.0129548 0.019883 0.0251182 0.0191265 0.00968988 0.0103969 0.0262976 0.0100096 0.0105241 0.00983799 0.00965304 0.0118252 0.0164378 0.0142913 0.0109929 0.00912651 0.0150316 0.0090162 0.00884131 0.010767 0.0087071 0.00875699 0.00853088 0.00869669 
0.0120146 0.0202577 0.0097818 0.00928935 0.00583544 0.0066006 0.00902661 0.77377 0.0284783 0.00514945 0.00340172 0.00321903 0.0032194 0 0.00322997 0.0032206 0.0080283 0.0153004 0.0286189 0.0138111 0.0116019 0.0141209 0.010232 0.0209131 0.0328714 0.0133495 0.0101435 0.0149202 0.00995521 0.0103652 0.00994738 0.00942676 0.00934954 0.0112815 0.0192578 0.0155054 0.00931929 0.00995107 0.010318 0.00970148 0.00934088 0.00894605 0.00889215 0.0083591 0.00847201 0.0085152 
0.017318 0.011555 0.0357304 0.00837049 0.0078534 0.0105025 0.736137 0.0276633 0.00943409 0.00556418 0.00366413 0.00329164 0.00324886 0.00322997 0 0.00324158 0.0168194 0.0428055 0.00992555 0.0131363 0.0242304 0.0167567 0.0126017 0.0306468 0.0225249 0.0165837 0.0127167 0.0134852 0.0140689 0.0100466 0.0097431 0.0174052 0.00875724 0.013182 0.0221784 0.0204162 0.00923643 0.0111045 0.0136389 0.00967695 0.00994647 0.0100645 0.00883606 0.00872721 0.00902972 0.00835955 
0.03002 0.0213588 0.00950961 0.0111295 0.0134448 0.677264 0.0143516 0.00771824 0.00492201 0.0043737 0.00366082 0.00335814 0.00323416 0.0032206 0.00324158 0 0.0186959 0.00772836 0.0212484 0.0175345 0.0108759 0.0186897 0.0227769 0.0113155 0.0122064 0.0203696 0.0112561 0.0121189 0.011684 0.0127555 0.0232392 0.00891705 0.00973216 0.0191807 0.0108934 0.0099224 0.0131777 0.0119197 0.00976765 0.00986558 0.00979567 0.00940537 0.00887441 0.00924736 0.00851675 0.00867051 
0.050304 0.0136435 0.0125698 0.0183296 0.0367024 0.0108109 0.0102311 0.00911781 0.00892868 0.00746253 0.0111534 0.00814596 0.0100248 0.0080283 0.0168194 0.0186959 0 0.00341582 0.00330736 0.0040389 0.00890266 0.860958 0.00876219 0.00726749 0.0105119 0.0423747 0.0165238 0.0105214 0.0111403 0.0239345 0.0112839 0.00923452 0.0323325 0.0129665 0.0114807 0.0119137 0.0179204 0.0107779 0.0106279 0.0125797 0.0101133 0.00928507 0.0119198 0.00948503 0.00902228 0.0105907 
0.0141832 0.0135084 0.0529352 0.00946975 0.0128146 0.0190043 0.00950868 0.011275 0.00900729 0.0129158 0.00777784 0.0101449 0.0179631 0.0153004 0.0428055 0.00772836 0.00341582 0 0.0032456 0.00680356 0.902423 0.00618533 0.00751029 0.0155274 0.0258259 0.0102249 0.0119723 0.0114458 0.0326415 0.00942568 0.00924213 0.0576038 0.00898395 0.0107749 0.0156637 0.0277121 0.0086196 0.0105416 0.0249676 0.00887982 0.00964861 0.0113014 0.0085597 0.00836614 0.00939329 0.00832512 
0.0248697 0.0296188 0.0104283 0.0137684 0.012761 0.0103864 0.00974495 0.00956431 0.0115688 0.00831483 0.00955778 0.0186138 0.015761 0.0286189 0.00992555 0.0212484 0.00330736 0.0032456 0 0.862078 0.00459695 0.00812258 0.0107306 0.0241324 0.0101593 0.0410371 0.0114046 0.0183622 0.0113167 0.0105623 0.0367089 0.00867639 0.00967589 0.0224919 0.0152412 0.00984006 0.011498 0.0205492 0.010461 0.0101181 0.0122673 0.00949839 0.00883319 0.0101005 0.00889747 0.00870091 
0.0313795 0.0130565 0.0121126 0.0212691 0.0134629 0.0124682 0.0132357 0.0131913 0.0104039 0.0104555 0.0149566 0.0155552 0.0130323 0.0138111 0.0131363 0.0175345 0.0040389 0.00680356 0.862078 0 0.00328693 0.00328256 0.00598698 0.00802131 0.213741 0.0545185 0.01651 0.0138752 0.0120033 0.0291038 0.0116392 0.00995469 0.0431171 0.0154205 0.0124683 0.0149717 0.0175219 0.0117464 0.011788 0.0215147 0.0109462 0.00959796 0.015353 0.00904518 0.00945649 0.0125422 
0.0139314 0.0130676 0.0517989 0.0106729 0.0100331 0.0199264 0.0109654 0.0102469 0.0129411 0.0131864 0.00938234 0.0123315 0.0331717 0.0116019 0.0242304 0.0108759 0.00890266 0.902423 0.00459695 0.00328693 0 0.003418 0.00497881 0.74146 0.0273201 0.00950384 0.0100085 0.00968668 0.0728859 0.00988108 0.011227 0.0380478 0.00972687 0.011967 0.0235838 0.0268581 0.0102458 0.0102252 0.0987621 0.00958401 0.00937679 0.0205927 0.00877597 0.00859126 0.00907025 0.00907742 
0.0226633 0.0275993 0.0118724 0.0159523 0.02424 0.0102174 0.010618 0.0142372 0.00975144 0.0113772 0.0126975 0.0324062 0.0114405 0.0141209 0.0167567 0.0186897 0.860958 0.00618533 0.00812258 0.00328256 0.003418 0 0.815981 0.00723638 0.00854539 0.00605026 0.0195472 0.0341045 0.0125048 0.0201058 0.0177267 0.0116548 0.0106216 0.0263912 0.0133723 0.017969 0.0142709 0.0364255 0.0104878 0.0258458 0.019217 0.00943364 0.0120375 0.0112974 0.0121907 0.00891056 
0.0314849 0.0125788 0.0113639 0.0145961 0.0172043 0.011859 0.0108753 0.0105167 0.0100053 0.00971391 0.015409 0.0214692 0.0129548 0.010232 0.0126017 0.0227769 0.00876219 0.00751029 0.0107306 0.00598698 0.00497881 0.815981 0 0.0037229 0.00323053 0.00346337 0.0220907 0.0103048 0.0136768 0.0269842 0.0248747 0.00890154 0.0179279 0.0205431 0.0114095 0.0108162 0.01929 0.0127171 0.0106078 0.0133364 0.011635 0.00925013 0.0122622 0.00962749 0.00958685 0.0106482 
0.0119498 0.0143613 0.0148324 0.010526 0.00944394 0.0180294 0.0129018 0.0170156 0.0118199 0.011595 0.00927392 0.0127924 0.019883 0.0209131 0.0306468 0.0113155 0.00726749 0.0155274 0.0241324 0.00802131 0.74146 0.00723638 0.0037229 0 0.00329584 0.00319946 0.00677951 0.0103729 0.0344804 0.137476 0.011763 0.0124002 0.0103909 0.0129137 0.0235252 0.0186431 0.0108897 0.0106559 0.0151482 0.0098771 0.00956529 0.0107589 0.0096013 0.00831769 0.00896404 0.00881518 
0.0137639 0.0151734 0.0264867 0.0103491 0.0102263 0.0168831 0.0143423 0.014177 0.0130468 0.0132784 0.0101199 0.0113211 0.0251182 0.0328714 0.0225249 0.0122064 0.0105119 0.0258259 0.0101593 0.213741 0.0273201 0.00854539 0.00323053 0.00329584 0 0.00324787 0.00862432 0.0113695 0.31113 0.00910277 0.0134005 0.0175564 0.0101018 0.0132264 0.031037 0.029273 0.0102572 0.0120308 0.0448089 0.0121991 0.0108095 0.0172264 0.00919872 0.00920583 0.0101684 0.00896678 
0.0221949 0.0227243 0.0117449 0.0151036 0.0160611 0.011423 0.0104644 0.0113984 0.010029 0.0102362 0.0129952 0.0227673 0.0191265 0.0133495 0.0165837 0.0203696 0.0423747 0.0102249 0.0410371 0.0545185 0.00950384 0.00605026 0.00346337 0.00319946 0.00324787 0 0.0352934 0.278374 0.00971659 0.0406867 0.0189756 0.0101783 0.0155878 0.0273894 0.0161319 0.0177428 0.0185041 0.0284818 0.0115038 0.0270635 0.0184577 0.00985129 0.0112766 0.0119076 0.0107843 0.0093433 
0.0276784 0.0119046 0.00981791 0.010945 0.0201844 0.0104045 0.00935659 0.010438 0.00916178 0.0100988 0.0132611 0.027542 0.00968988 0.0101435 0.0127167 0.0112561 0.0165238 0.0119723 0.0114046 0.01651 0.0100085 0.0195472 0.0220907 0.00677951 0.00862432 0.0352934 0 0.00589139 0.00344896 0.00402137 0.00841012 0.00802897 0.0129312 0.0260065 0.0100049 0.0124705 0.0141783 0.0241205 0.0100947 0.0182703 0.0241902 0.00928652 0.0141045 0.0120687 0.0179408 0.00972933 
0.0211215 0.0149275 0.01 0.012285 0.012615 0.0094263 0.0124255 0.0154078 0.00942037 0.00997208 0.0141365 0.0155107 0.0103969 0.0149202 0.0134852 0.0121189 0.0105214 0.0114458 0.0183622 0.0138752 0.00968668 0.0341045 0.0103048 0.0103729 0.0113695 0.278374 0.00589139 0 0.00339909 0.00347973 0.00720605 0.0123051 0.117857 0.0138402 0.0118629 0.0139992 0.0130549 0.0192782 0.00978015 0.0623231 0.0177334 0.00892177 0.0203613 0.0108587 0.0138267 0.00966425 
0.0154751 0.0102833 0.0218591 0.0103696 0.00892803 0.0180181 0.0104893 0.00897944 0.0114427 0.010521 0.00945963 0.0108573 0.0262976 0.00995521 0.0140689 0.011684 0.0111403 0.0326415 0.0113167 0.0120033 0.0728859 0.0125048 0.0136768 0.0344804 0.31113 0.00971659 0.00344896 0.00339909 0 0.00341237 0.0169577 0.189406 0.0207721 0.014067 0.0216133 0.0188149 0.0155601 0.0121266 0.203192 0.0103428 0.00952503 0.0660821 0.00951776 0.00951225 0.00907453 0.0129232 
0.0154434 0.0137586 0.00931061 0.00997977 0.0138877 0.00943501 0.00925303 0.0100273 0.00909545 0.00885958 0.00975281 0.0182141 0.0100096 0.0103652 0.0100466 0.0127555 0.0239345 0.00942568 0.0105623 0.0291038 0.00988108 0.0201058 0.0269842 0.137476 0.00910277 0.0406867 0.00402137 0.00347973 0.00341237 0 0.144652 0.00715912 0.00959312 0.0337632 0.0108267 0.0120827 0.0189794 0.0600858 0.00979705 0.0177555 0.0184105 0.00919303 0.0102092 0.0109116 0.0110827 0.00879176 
0.0139256 0.0101384 0.00909753 0.0130971 0.00915609 0.00998603 0.00982795 0.00914929 0.0100572 0.00873857 0.0124745 0.0102556 0.0105241 0.00994738 0.0097431 0.0232392 0.0112839 0.00924213 0.0367089 0.0116392 0.011227 0.0177267 0.0248747 0.011763 0.0134005 0.0189756 0.00841012 0.00720605 0.0169577 0.144652 0 0.0033536 0.00340265 0.00436112 0.00940724 0.0697369 0.78264 0.00808855 0.0122151 0.020942 0.0100869 0.0113003 0.0265803 0.0108409 0.0114723 0.0164981 
0.00893545 0.0089081 0.0168542 0.0087719 0.00861379 0.0104254 0.00892061 0.0096551 0.00868509 0.0107194 0.00834451 0.00901305 0.00983799 0.00942676 0.0174052 0.00891705 0.00923452 0.0576038 0.00867639 0.00995469 0.0380478 0.0116548 0.00890154 0.0124002 0.0175564 0.0101783 0.00802897 0.0123051 0.189406 0.00715912 0.0033536 0 0.00358603 0.00662838 0.0410823 0.760715 0.00560217 0.0101668 0.0366099 0.00806049 0.009754 0.0244179 0.00952689 0.00839275 0.013758 0.00865164 
0.0130145 0.014895 0.00891879 0.00911093 0.0120195 0.00948688 0.00894748 0.00878476 0.0092229 0.00836033 0.00882911 0.0129432 0.00965304 0.00934954 0.00875724 0.00973216 0.0323325 0.00898395 0.00967589 0.0431171 0.00972687 0.0106216 0.0179279 0.0103909 0.0101018 0.0155878 0.0129312 0.117857 0.0207721 0.00959312 0.00340265 0.00358603 0 0.179238 0.581523 0.00501956 0.00745774 0.0517122 0.00753532 0.0077547 0.022481 0.0096477 0.00910482 0.0133798 0.00954561 0.00954188 
0.0174063 0.0110155 0.010138 0.0137734 0.0110604 0.010687 0.0110347 0.0111955 0.00987344 0.0101694 0.0143533 0.0130117 0.0118252 0.0112815 0.013182 0.0191807 0.0129665 0.0107749 0.0224919 0.0154205 0.011967 0.0263912 0.0205431 0.0129137 0.0132264 0.0273894 0.0260065 0.0138402 0.014067 0.0337632 0.00436112 0.00662838 0.179238 0 0.00331406 0.00330327 0.00748327 0.00783696 0.0101645 0.189216 0.0288736 0.0127806 0.0244616 0.012176 0.0132603 0.0188352 
0.010275 0.0140213 0.0124134 0.00932715 0.00911028 0.0132448 0.0165482 0.0137894 0.0127209 0.0103948 0.00973301 0.0106574 0.0164378 0.0192578 0.0221784 0.0108934 0.0114807 0.0156637 0.0152412 0.0124683 0.0235838 0.0133723 0.0114095 0.0235252 0.031037 0.0161319 0.0100049 0.0118629 0.0216133 0.0108267 0.00940724 0.0410823 0.581523 0.00331406 0 0.00326969 0.00322445 0.00939313 0.12103 0.0572037 0.013727 0.043578 0.0105931 0.00956007 0.0115069 0.0110149 
0.0111819 0.0137931 0.0125555 0.00919262 0.00933739 0.0112088 0.011513 0.0132185 0.0106926 0.0110693 0.00871231 0.0107239 0.0142913 0.0155054 0.0204162 0.0099224 0.0119137 0.0277121 0.00984006 0.0149717 0.0268581 0.017969 0.0108162 0.0186431 0.029273 0.0177428 0.0124705 0.0139992 0.0188149 0.0120827 0.0697369 0.760715 0.00501956 0.00330327 0.00326969 0 0.00330568 0.272697 0.0869399 0.0130658 0.0180393 0.0176593 0.0121907 0.00966321 0.0155821 0.00972391 
0.0149114 0.0122399 0.00899543 0.00991958 0.0111528 0.00897907 0.00924446 0.00885085 0.00939635 0.00852222 0.0095366 0.0144337 0.0109929 0.00931929 0.00923643 0.0131777 0.0179204 0.0086196 0.011498 0.0175219 0.0102458 0.0142709 0.01929 0.0108897 0.0102572 0.0185041 0.0141783 0.0130549 0.0155601 0.0189794 0.78264 0.00560217 0.00745774 0.00748327 0.00322445 0.00330568 0 0.0361096 0.0093737 0.00790669 0.0135662 0.0140598 0.0128869 0.0178915 0.0101694 0.0124878 
0.0147743 0.0100592 0.00933894 0.0114701 0.0099428 0.0090975 0.00948153 0.010278 0.00875775 0.00915173 0.0120828 0.0114032 0.00912651 0.00995107 0.0111045 0.0119197 0.0107779 0.0105416 0.0205492 0.0117464 0.0102252 0.0364255 0.0127171 0.0106559 0.0120308 0.0284818 0.0241205 0.0192782 0.0121266 0.0600858 0.00808855 0.0101668 0.0517122 0.00783696 0.00939313 0.272697 0.0361096 0 0.00335307 0.00357078 0.029966 0.0106441 0.82315 0.00949509 0.0158349 0.0139671 
0.0103839 0.00956011 0.0134122 0.00892329 0.0087128 0.0108669 0.00958992 0.00924968 0.0103334 0.0106009 0.00849877 0.00896358 0.0150316 0.010318 0.0136389 0.00976765 0.0106279 0.0249676 0.010461 0.011788 0.0987621 0.0104878 0.0106078 0.0151482 0.0448089 0.0115038 0.0100947 0.00978015 0.203192 0.00979705 0.0122151 0.0366099 0.00753532 0.0101645 0.12103 0.0869399 0.0093737 0.00335307 0 0.00329404 0.0105003 0.961559 0.00796922 0.00778811 0.0140547 0.0160271 
0.01214 0.0128159 0.00889074 0.00894675 0.0104859 0.00860225 0.00879408 0.00921013 0.00890809 0.00856242 0.0093119 0.0136746 0.0090162 0.00970148 0.00967695 0.00986558 0.0125797 0.00887982 0.0101181 0.0215147 0.00958401 0.0258458 0.0133364 0.0098771 0.0121991 0.0270635 0.0182703 0.0623231 0.0103428 0.0177555 0.020942 0.00806049 0.0077547 0.189216 0.0572037 0.0130658 0.00790669 0.00357078 0.00329404 0 0.871077 0.00832952 0.0193208 0.00935869 0.0137201 0.0116367 
0.0117585 0.00927898 0.00864706 0.00953407 0.00955372 0.0085885 0.00891904 0.00920176 0.008416 0.00862139 0.00977923 0.0110104 0.00884131 0.00934088 0.00994647 0.00979567 0.0101133 0.00964861 0.0122673 0.0109462 0.00937679 0.019217 0.011635 0.00956529 0.0108095 0.0184577 0.0241902 0.0177334 0.00952503 0.0184105 0.0100869 0.009754 0.022481 0.0288736 0.013727 0.0180393 0.0135662 0.029966 0.0105003 0.871077 0 0.00325386 0.00351964 0.00616388 0.0142029 0.0145741 
0.00931349 0.00878424 0.00978358 0.00865102 0.00824464 0.0095946 0.00872253 0.00847244 0.00925764 0.00929902 0.00849207 0.0086633 0.010767 0.00894605 0.0100645 0.00940537 0.00928507 0.0113014 0.00949839 0.00959796 0.0205927 0.00943364 0.00925013 0.0107589 0.0172264 0.00985129 0.00928652 0.00892177 0.0660821 0.00919303 0.0113003 0.0244179 0.0096477 0.0127806 0.043578 0.0176593 0.0140598 0.0106441 0.961559 0.00832952 0.00325386 0 0.00331889 0.00445311 0.0189768 0.0354231 
0.0105187 0.00969155 0.00864812 0.00853727 0.00950633 0.00841261 0.00845532 0.00841456 0.0086218 0.0083835 0.00873411 0.0107578 0.0087071 0.00889215 0.00883606 0.00887441 0.0119198 0.0085597 0.00883319 0.015353 0.00877597 0.0120375 0.0122622 0.0096013 0.00919872 0.0112766 0.0141045 0.0203613 0.00951776 0.0102092 0.0265803 0.00952689 0.00910482 0.0244616 0.0105931 0.0121907 0.0128869 0.82315 0.00796922 0.0193208 0.00351964 0.00331889 0 0.0126908 0.0120814 0.0106033 
0.00988534 0.00845472 0.00821124 0.00916264 0.00825289 0.00825966 0.00829964 0.00840769 0.00826771 0.00809254 0.00873847 0.00848619 0.00875699 0.0083591 0.00872721 0.00924736 0.00948503 0.00836614 0.0101005 0.00904518 0.00859126 0.0112974 0.00962749 0.00831769 0.00920583 0.0119076 0.0120687 0.0108587 0.00951225 0.0109116 0.0108409 0.00839275 0.0133798 0.012176 0.00956007 0.00966321 0.0178915 0.00949509 0.00778811 0.00935869 0.00616388 0.00445311 0.0126908 0 0.00327309 0.00337321 
0.0100982 0.00860003 0.00865477 0.0084071 0.00886182 0.00848341 0.00834776 0.00857018 0.00823957 0.00834824 0.00844072 0.00921867 0.00853088 0.00847201 0.00902972 0.00851675 0.00902228 0.00939329 0.00889747 0.00945649 0.00907025 0.0121907 0.00958685 0.00896404 0.0101684 0.0107843 0.0179408 0.0138267 0.00907453 0.0110827 0.0114723 0.013758 0.00954561 0.0132603 0.0115069 0.0155821 0.0101694 0.0158349 0.0140547 0.0137201 0.0142029 0.0189768 0.0120814 0.00327309 0 0.00422477 
0.00974489 0.00887206 0.00833647 0.00820854 0.00859347 0.00844356 0.00833361 0.00826712 0.00834633 0.00818309 0.00815738 0.00903217 0.00869669 0.0085152 0.00835955 0.00867051 0.0105907 0.00832512 0.00870091 0.0125422 0.00907742 0.00891056 0.0106482 0.00881518 0.00896678 0.0093433 0.00972933 0.00966425 0.0129232 0.00879176 0.0164981 0.00865164 0.00954188 0.0188352 0.0110149 0.00972391 0.0124878 0.0139671 0.0160271 0.0116367 0.0145741 0.0354231 0.0106033 0.00337321 0.00422477 0 
