1DS1A
TSVDCTAYGPELRALAARLPRTPRADLYAFLDAAHTAAASLPGALATALDTFNAEGSEDGHLLLRGLPVEADADLPTTPSSTPAPEDRSLLTMEAMLGLVGRRLGLHTGYRELRSGTVYHDVYPSPGAHHLSSETSETLLEFHTEMAYHRLQPNYVMLACSRADHERTAATLVASVRKALPLLDERTRARLLDRRMPCCVDVAFRGGVDDPGAIAQVKPLYGDADDPFLGYDRELLAPEDPADKEAVAALSKALDEVTEAVYLEPGDLLIVDNFRTTHARTPFSPRWDGKDRWLHRVYIRTDRNGQLSGGERAGDVVAFTPRG
CEEECHHHHHHHHHHHHCCCCCHHHHHHHHHHHHHHHHCCCCHHHHHHHHHHHHHCCCCCEEEEECCCCCCHHHCCCCCCCCCCCCCCCCCHHHHHHHHHHHHHCEEEEECCCHHHCCCEEECCCCCCCCCCCCCCCCCEEEECCCCCECCCCCEEEEEEEECCCCCCCCEEEEEHHHHHHHCCHHHHHHHECCCEEECCCHHHCCCCCCHHHCEEECCEECCCCCCEECCECCCECCCCHHHHHHHHHHHHHHHHCCEEECCCCCCEEEEECCCEEEEECCCCCCCCCCCCEEEEEEEECCHHHCCCCCCCCCEEECCCECC
0 0 0 0 0 0 0 0 0 0 0 0 0 0 0 0 0 0 0 0 0 0 0 0 0 0 0 0 0 0 0 0 0 0 0 0 0 0 0 0 0 0 0 0 0 0 0 0 0 0 0 0 0 0 0 0 0 0 0 0 0 0 0 0 0 0 0 0 0 0 0 0 0 0 0 0 0 0 0 0 0 0 0 0 0 0 0 0 0 0 0 0 0 0 0 0 0 0 0 0 0 0 0 0 0 0 0 0 0 0 0 0 0 0 0 0 0 0 0 0 0 0 0 0 0 0 0 0 0 0 0 0 0 0 0 0 0 0 0 0 0 0 0 0 0 0 0 0 0 0 0 0 0 0 0 0 0 0 0 0 0 0 0 0 0 0 0 0 0 0 0 0 0 0 0 0 0 0 0 0 0 0 0 0 0 0 0 0 0 0 0 0 0 0 0 0 0 0 0 0 0 0 0 0 0 0 0 0 0 0 0 0 0 0 0 0 0 0 0 0 0 0 0 0 0 0 0 0 0 0 0 0 0 0 0 0 0 0 0 0 0 0 0 0 0 0 0 0 0 0 0 0 0 0 0 0 0 0 0 0 0 0 0 0 0 0 0 0 0 0 0 0 0 0 0 0 0 0 0 0 0 0 0 0 0 0 0 0 0 0 0 0 0 0 0 0 0 0 0 0 0 0 0 0 0 0 0 0 0 0 0 0 0 0 0 0 0 0 0 0 0 0 0 
0 0 0 0 0 0 0 0 0 0 0 0 0 0 0 0 0 0 0 0 0 0 0 0 0 0 0 0 0 0 0 0 0 0 0 0 0 0 0 0 0 0 0 0 0 0 0 0 0 0 0 0 0 0 0 0 0 0 0 0 0 0 0 0 0 0 0 0 0 0 0 0 0 0 0 0 0 0 0 0 0 0 0 0 0 0 0 0 0 0 0 0 0 0 0 0 0 0 0 0 0 0 0 0 0 0 0 0 0 0 0 0 0 0 0 0 0 0 0 0 0 0 0 0 0 0 0 0 0 0 0 0 0 0 0 0 0 0 0 0 0 0 0 0 0 0 0 0 0 0 0 0 0 0 0 0 0 0 0 0 0 0 0 0 0 0 0 0 0 0 0 0 0 0 0 0 0 0 0 0 0 0 0 0 0 0 0 0 0 0 0 0 0 0 0 0 0 0 0 0 0 0 0 0 0 0 0 0 0 0 0 0 0 0 0 0 0 0 0 0 0 0 0 0 0 0 0 0 0 0 0 0 0 0 0 0 0 0 0 0 0 0 0 0 0 0 0 0 0 0 0 0 0 0 0 0 0 0 0 0 0 0 0 0 0 0 0 0 0 0 0 0 0 0 0 0 0 0 0 0 0 0 0 0 0 0 0 0 0 0 0 0 0 0 0 0 0 0 0 0 0 0 0 0 0 0 0 0 0 0 0 0 0 0 0 0 0 0 0 0 0 0 0 
0 0.00352957 0.00570746 0.0548307 0.0162885 0.0200109 0.00991777 0.0162217 0.00893125 0.00870555 0.00910004 0.00851575 0.00985981 0.00918545 0.00827692 0.0103854 0.00866335 0.0085015 0.00818667 0.00903671 0.00844646 0.00862625 0.00824837 0.00852524 0.0083688 0.00835503 0.00831409 0.00834071 0.00882921 0.00893737 0.00822858 0.00850446 0.00837362 0.00889638 0.00826406 0.00861361 0.00809332 0.0084959 0.00829754 0.00825147 0.00840773 0.00828322 0.00833385 0.0082765 0.00826468 0.00847107 0.00888637 0.00839588 0.00836888 0.00862263 0.00849361 0.00859458 0.00854409 0.00845671 0.00863691 0.00838083 0.00830094 0.00828523 0.00830812 0.00901801 0.0084662 0.00841523 0.00837393 0.00847049 0.0087058 0.00871762 0.00868692 0.00931311 0.008848 0.00918788 0.0100663 0.00992147 
0.00352957 0 0.00328396 0.0147598 0.0664252 0.0112494 0.0381303 0.0094407 0.00870963 0.00876127 0.00851763 0.0085435 0.00848565 0.00846791 0.00874294 0.00871121 0.0100304 0.00815072 0.00915147 0.00805341 0.00821891 0.00820957 0.00839038 0.00841896 0.0085564 0.00836287 0.00835095 0.00839757 0.00814186 0.00852245 0.00858119 0.0084955 0.00834271 0.00819696 0.00821757 0.0086303 0.00809455 0.00851258 0.008624 0.00811892 0.00891367 0.00803285 0.00820261 0.0080533 0.00826201 0.0081126 0.00821539 0.00844069 0.00827069 0.00871624 0.00852058 0.00880116 0.00859291 0.00875918 0.00834368 0.00824578 0.00839731 0.008262 0.00841299 0.00826636 0.0083356 0.00863253 0.00838691 0.00849402 0.00868124 0.00865938 0.0088347 0.00855675 0.00877148 0.00880462 0.00962916 0.00929738 
0.00570746 0.00328396 0 0.0200909 0.0124209 0.0221806 0.0147666 0.0477617 0.0114706 0.00879258 0.00877684 0.00874737 0.00921206 0.0103791 0.00834027 0.00904559 0.00963246 0.00933147 0.00821598 0.00897695 0.00895519 0.0102139 0.00849449 0.00852265 0.00849125 0.00841716 0.00854895 0.00826725 0.00838371 0.0101581 0.0085372 0.0084187 0.00832453 0.00888213 0.00883219 0.00851492 0.00824834 0.00815396 0.00895375 0.00828592 0.00810996 0.00863356 0.00823528 0.00902952 0.00820701 0.00871973 0.00927562 0.00876188 0.00822072 0.00818243 0.00930188 0.00863777 0.00853402 0.00831318 0.00824387 0.00876937 0.00829297 0.00826389 0.00822672 0.00844799 0.00887168 0.008338 0.00827227 0.00830786 0.00830878 0.00843742 0.00833862 0.00851371 0.0095589 0.00868362 0.00868884 0.0100653 
0.0548307 0.0147598 0.0200909 0 0.00421209 0.00321153 0.00335011 0.00425097 0.0822645 0.0138853 0.0124799 0.0119275 0.0205581 0.016329 0.0112209 0.0227366 0.00966615 0.00917228 0.00937718 0.0134797 0.010394 0.0109636 0.00994813 0.0113822 0.0109456 0.0118761 0.0100823 0.0103504 0.0124847 0.0105195 0.00905721 0.00938652 0.0105943 0.0131493 0.00874653 0.00861397 0.00817608 0.00941102 0.00828136 0.00815271 0.00900928 0.008193 0.00845437 0.00833781 0.00834354 0.00833059 0.00875503 0.00822261 0.00809271 0.00842338 0.00841394 0.00858019 0.00858735 0.00849314 0.00892549 0.00815389 0.00816055 0.00822285 0.00823473 0.00900458 0.00818994 0.00834553 0.00822648 0.00830492 0.00835667 0.00836048 0.00840863 0.00901366 0.00835164 0.00830407 0.00907747 0.00898575 
0.0162885 0.0664252 0.0124209 0.00421209 0 0.0032221 0.00329473 0.00328201 0.0501904 0.0783751 0.023832 0.0216644 0.0106753 0.0143912 0.0270503 0.0133331 0.0103685 0.0102093 0.0192722 0.0094713 0.00876545 0.010549 0.020832 0.0228255 0.0316288 0.0180728 0.0168891 0.0143185 0.00966611 0.0105633 0.0130942 0.0127402 0.0150449 0.00942799 0.00816374 0.00837268 0.00845231 0.00880306 0.00828099 0.00840985 0.00874976 0.00825513 0.00835967 0.00819994 0.00858742 0.00805878 0.00814361 0.00813757 0.00828371 0.00827694 0.00839914 0.00919337 0.00960662 0.00885368 0.00835039 0.0082262 0.00839984 0.00848401 0.00846987 0.00831148 0.00830997 0.00845718 0.00857997 0.00868284 0.00875974 0.00900284 0.00879315 0.00839879 0.00832751 0.00860206 0.00860543 0.00830628 
0.0200109 0.0112494 0.0221806 0.00321153 0.0032221 0 0.00320733 0.00323144 0.0183591 0.0431167 0.0819701 0.0173286 0.0106923 0.0129175 0.0136496 0.01273 0.00912759 0.0202379 0.0102018 0.00945129 0.00830949 0.00973966 0.0140143 0.0418534 0.0230023 0.0258216 0.0167563 0.0123491 0.00887262 0.00999402 0.011586 0.0196468 0.0107381 0.00963845 0.00808331 0.00839412 0.00837994 0.00840428 0.00831582 0.00837985 0.0082625 0.00820434 0.00819909 0.00828852 0.00830636 0.00807258 0.00809494 0.0082247 0.0082769 0.00822026 0.0086065 0.00901776 0.00944775 0.00861936 0.00828624 0.00827662 0.00838968 0.00877789 0.0084903 0.0081797 0.00840942 0.00844767 0.00852752 0.00869868 0.0087977 0.00905498 0.00872516 0.00828457 0.00840932 0.00842386 0.00862329 0.00826744 
0.00991777 0.0381303 0.0147666 0.00335011 0.00329473 0.00320733 0 0.00339042 0.0132115 0.0240496 0.0238398 0.0457041 0.0138874 0.0111816 0.0168001 0.0111885 0.0122515 0.00905785 0.0150414 0.00872151 0.00900779 0.00945492 0.0139903 0.011831 0.0148198 0.0106736 0.0107618 0.0105617 0.00871821 0.0098796 0.0115571 0.0097305 0.0106288 0.00864726 0.00830929 0.0085942 0.00839015 0.0084445 0.00839885 0.00827502 0.00856873 0.00817466 0.00818906 0.00827865 0.00827285 0.00807015 0.00815092 0.00813337 0.00817985 0.00819979 0.00871142 0.00866679 0.00867013 0.00846308 0.00816414 0.00820966 0.00827944 0.00827727 0.00827523 0.00809597 0.00829276 0.00833976 0.00837808 0.00833045 0.00842774 0.00847386 0.00841849 0.00820361 0.00850343 0.00839703 0.00835427 0.00857603 
0.0162217 0.0094407 0.0477617 0.00425097 0.00328201 0.00323144 0.00339042 0 0.0188043 0.0114121 0.0158074 0.0199365 0.0394007 0.0154831 0.00974622 0.0175592 0.0134672 0.00943178 0.00882667 0.00992951 0.00964891 0.0131817 0.00915691 0.0095778 0.00943416 0.00937167 0.00917283 0.00875614 0.00878572 0.0137804 0.00893703 0.00914442 0.00863088 0.009243 0.00892304 0.00859355 0.00810741 0.00831354 0.00862433 0.00813786 0.00818802 0.00845945 0.00824912 0.00867668 0.00824603 0.00848554 0.00876294 0.00833317 0.00810489 0.00818225 0.0091215 0.00857481 0.00859715 0.00828019 0.00825879 0.00832732 0.00816159 0.00812232 0.00812148 0.00815776 0.00850599 0.00821881 0.00823171 0.00818519 0.00824123 0.00825752 0.00820998 0.00817118 0.00893182 0.00830558 0.00827835 0.00879896 
0.00893125 0.00870963 0.0114706 0.0822645 0.0501904 0.0183591 0.0132115 0.0188043 0 0.00427833 0.00324834 0.00327418 0.00375748 0.0116041 0.00754898 0.0427634 0.0143554 0.00967223 0.0112842 0.0197134 0.0127899 0.0119813 0.0119459 0.011246 0.0120126 0.0112979 0.0108654 0.0116133 0.0179101 0.012313 0.0100785 0.00997948 0.0117386 0.0191382 0.00947681 0.00844404 0.00895684 0.0121899 0.00837815 0.00834662 0.0106042 0.00823429 0.00884468 0.00829397 0.00894425 0.00841737 0.00870147 0.00822428 0.00806358 0.0085998 0.00871128 0.0085703 0.00867089 0.0084292 0.00886031 0.00835884 0.00809131 0.00831979 0.00823649 0.00880525 0.00868122 0.00815026 0.00857204 0.00821626 0.00855166 0.00826016 0.0086374 0.00881312 0.00866361 0.00804481 0.00880045 0.0087469 
0.00870555 0.00876127 0.00879258 0.0138853 0.0783751 0.0431167 0.0240496 0.0114121 0.00427833 0 0.00322488 0.00323169 0.00329855 0.00888091 0.0281089 0.0236598 0.0110487 0.0144893 0.0141179 0.0107546 0.00891442 0.0108815 0.0183567 0.0233434 0.0219787 0.01851 0.0165389 0.0173493 0.00992841 0.010264 0.0142846 0.0133385 0.0163856 0.0100624 0.00818672 0.00841161 0.00856778 0.00855793 0.00826769 0.00827749 0.00859294 0.00828121 0.00832575 0.00827312 0.0083783 0.0080152 0.00802208 0.00802897 0.00814836 0.00813422 0.00834166 0.00909519 0.00912254 0.00881022 0.00827461 0.00817221 0.00827281 0.00840981 0.00835402 0.00817356 0.00816321 0.00844734 0.00838648 0.0085988 0.00854898 0.00859192 0.00848267 0.00820217 0.00811861 0.00824894 0.00837982 0.00811905 
0.00910004 0.00851763 0.00877684 0.0124799 0.023832 0.0819701 0.0238398 0.0158074 0.00324834 0.00322488 0 0.00319916 0.00320076 0.0130898 0.0156228 0.0186762 0.0105282 0.0143038 0.0171644 0.0101303 0.00871164 0.0110265 0.018825 0.0379018 0.032908 0.0276758 0.02883 0.0137263 0.0100346 0.0105658 0.0139201 0.032275 0.0127044 0.011433 0.0082252 0.00857653 0.00841832 0.00903279 0.00864642 0.00829453 0.00852101 0.0082397 0.00836998 0.00827641 0.00833762 0.00796264 0.00799975 0.0081427 0.00821494 0.00818355 0.00856338 0.00924067 0.0100458 0.00871523 0.00831283 0.00817262 0.00839485 0.00878266 0.00846465 0.00815554 0.00846391 0.00866114 0.00876803 0.0087292 0.00938522 0.00914784 0.00854674 0.00813852 0.00815857 0.0082678 0.00829884 0.00799127 
0.00851575 0.0085435 0.00874737 0.0119275 0.0216644 0.0173286 0.0457041 0.0199365 0.00327418 0.00323169 0.00319916 0 0.00325112 0.0123975 0.0551158 0.0145252 0.0104805 0.0198367 0.0177915 0.0137792 0.00910339 0.0108053 0.0191959 0.0184981 0.0163682 0.0168676 0.0136904 0.0174351 0.0100542 0.0101313 0.0163457 0.0118496 0.0160947 0.0105305 0.00848889 0.00841892 0.00957503 0.00875131 0.00831261 0.0086122 0.00842994 0.00827544 0.00837967 0.00831862 0.00841333 0.00804847 0.00810244 0.00806454 0.00817112 0.00809799 0.00847421 0.00875432 0.00878751 0.00843775 0.00823206 0.0081889 0.00837185 0.00843552 0.00827115 0.00814836 0.00812686 0.0083638 0.00842337 0.00840617 0.00864171 0.00840821 0.00843194 0.00815391 0.00812748 0.00817133 0.00818771 0.00803249 
0.00985981 0.00848565 0.00921206 0.0205581 0.0106753 0.0106923 0.0138874 0.0394007 0.00375748 0.00329855 0.00320076 0.00325112 0 0.0400736 0.00924667 0.0277908 0.0268222 0.00959617 0.0117097 0.0167291 0.0141854 0.0172929 0.0104565 0.0104686 0.0113807 0.0102549 0.0107116 0.00945699 0.0122409 0.0187811 0.0099809 0.0102523 0.00991748 0.0122421 0.010473 0.0102773 0.00834686 0.00931757 0.00998709 0.00822173 0.00906779 0.00906303 0.00858543 0.00927802 0.00860288 0.00882647 0.00935294 0.00838976 0.00806023 0.00828722 0.00906897 0.00849838 0.00849072 0.00817732 0.00842269 0.0085481 0.00817127 0.00865615 0.00812028 0.00824541 0.00848806 0.00820673 0.00818375 0.00825772 0.00839247 0.00829951 0.00819184 0.00828481 0.00907235 0.00816368 0.00831105 0.00859909 
0.00918545 0.00846791 0.0103791 0.016329 0.0143912 0.0129175 0.0111816 0.0154831 0.0116041 0.00888091 0.0130898 0.0123975 0.0400736 0 0.00324827 0.00324226 0.0565485 0.0206024 0.0172953 0.0293129 0.0131057 0.0227908 0.0162337 0.0164716 0.013738 0.0130266 0.0127289 0.0134531 0.0193925 0.0239761 0.0164104 0.0134404 0.0141342 0.0213714 0.00967846 0.00990164 0.00882793 0.0135389 0.0096458 0.00851083 0.0112288 0.0087141 0.00932815 0.00886235 0.00904448 0.00858231 0.00917931 0.00844859 0.00803561 0.00864133 0.00913743 0.0087989 0.00896713 0.00862353 0.00892313 0.00837841 0.00817203 0.00838496 0.00841782 0.00875966 0.00871755 0.00848083 0.00832435 0.008376 0.0084863 0.0085047 0.00849584 0.00928467 0.00849967 0.00809955 0.00887272 0.00863689 
0.00827692 0.00874294 0.00834027 0.0112209 0.0270503 0.0136496 0.0168001 0.00974622 0.00754898 0.0281089 0.0156228 0.0551158 0.00924667 0.00324827 0 0.00322168 0.0173881 0.082454 0.10286 0.0119216 0.0109086 0.0121614 0.0400555 0.0193528 0.0168638 0.0140673 0.0161282 0.0358978 0.0140816 0.0111029 0.0255203 0.0140537 0.0317884 0.0113178 0.00882469 0.00837908 0.0169646 0.00884672 0.00842031 0.00998316 0.00865566 0.0089599 0.00856516 0.00897515 0.00871348 0.0080362 0.00812007 0.00810916 0.008332 0.00822344 0.00858887 0.00927874 0.00935264 0.00912036 0.00841761 0.00818213 0.00842536 0.00852989 0.00861141 0.00820588 0.00825342 0.00847246 0.00846519 0.0085258 0.00867166 0.00861534 0.00883251 0.00821629 0.00818757 0.0083203 0.00820935 0.00801638 
0.0103854 0.00871121 0.00904559 0.0227366 0.0133331 0.01273 0.0111885 0.0175592 0.0427634 0.0236598 0.0186762 0.0145252 0.0277908 0.00324226 0.00322168 0 0.0450673 0.0212871 0.0363279 0.110506 0.0149757 0.0254036 0.0128414 0.0152601 0.0166332 0.0163605 0.0147052 0.017176 0.0203397 0.027634 0.0125338 0.0174109 0.0144651 0.0257771 0.0110947 0.01329 0.00844785 0.0113903 0.0131244 0.0083225 0.00985891 0.0103284 0.00881242 0.0101721 0.00893081 0.00862821 0.00938316 0.00893523 0.00814817 0.00843381 0.00983889 0.00929396 0.00998186 0.00883252 0.00924343 0.00960537 0.00826856 0.00898761 0.00837514 0.00863305 0.00929878 0.00845795 0.00842222 0.0084368 0.00862208 0.00865929 0.00856396 0.008447 0.00882814 0.00821541 0.00825059 0.00836282 
0.00866335 0.0100304 0.00963246 0.00966615 0.0103685 0.00912759 0.0122515 0.0134672 0.0143554 0.0110487 0.0105282 0.0104805 0.0268222 0.0565485 0.0173881 0.0450673 0 0.00330545 0.00359214 0.00802785 0.00812721 0.00929357 0.0109818 0.00930986 0.0173284 0.0109308 0.0167236 0.0109491 0.0430216 0.018009 0.0170417 0.0100792 0.0192323 0.021094 0.0148253 0.0172116 0.00877753 0.0463436 0.0136599 0.00848434 0.0364007 0.00865443 0.0115825 0.00861192 0.0109005 0.00944639 0.0112351 0.00947518 0.00815629 0.0151049 0.00923305 0.00875014 0.0088239 0.00910188 0.00913021 0.00846402 0.00829142 0.00828088 0.00877553 0.00897408 0.00833835 0.0081936 0.00831922 0.00835591 0.00873273 0.00852132 0.00883703 0.00893509 0.00893858 0.00825526 0.0110427 0.0100372 
0.0085015 0.00815072 0.00933147 0.00917228 0.0102093 0.0202379 0.00905785 0.00943178 0.00967223 0.0144893 0.0143038 0.0198367 0.00959617 0.0206024 0.082454 0.0212871 0.00330545 0 0.00319923 0.00321495 0.00418192 0.012105 0.0110195 0.0259763 0.00965229 0.0306763 0.0100547 0.0228072 0.00906948 0.0132573 0.0115055 0.0278637 0.013654 0.0139125 0.00849185 0.0084862 0.0297216 0.00870673 0.00823965 0.015449 0.00836732 0.00935008 0.0084125 0.00903926 0.00842561 0.00817983 0.00818025 0.00814204 0.00888663 0.00812964 0.00847239 0.00921168 0.00926704 0.00884221 0.00829601 0.0083145 0.00828003 0.00873355 0.00846848 0.00855397 0.00837819 0.008482 0.00857983 0.00856994 0.0084351 0.00884142 0.00846909 0.00826389 0.00814878 0.00833937 0.0082474 0.00813573 
0.00818667 0.00915147 0.00821598 0.00937718 0.0192722 0.0102018 0.0150414 0.00882667 0.0112842 0.0141179 0.0171644 0.0177915 0.0117097 0.0172953 0.10286 0.0363279 0.00359214 0.00319923 0 0.00319734 0.00495871 0.0101456 0.0789451 0.0147161 0.0561332 0.0102723 0.0220193 0.0167509 0.0102497 0.0103839 0.0406498 0.0142704 0.0556025 0.0109347 0.00943749 0.0167688 0.00972433 0.0113941 0.0100222 0.00855559 0.0100616 0.00927443 0.00932237 0.00905597 0.00993155 0.00821138 0.00846869 0.00835286 0.00838115 0.00843419 0.00914431 0.00950107 0.00981955 0.0100013 0.00858114 0.00847278 0.00876054 0.0084822 0.00960069 0.00832726 0.00847178 0.00868235 0.00860052 0.00855467 0.00898799 0.00861238 0.00911073 0.00825541 0.00825034 0.00827198 0.00833228 0.00798202 
0.00903671 0.00805341 0.00897695 0.0134797 0.0094713 0.00945129 0.00872151 0.00992951 0.0197134 0.0107546 0.0101303 0.0137792 0.0167291 0.0293129 0.0119216 0.110506 0.00802785 0.00321495 0.00319734 0 0.0141741 0.046397 0.0143585 0.0153779 0.0100017 0.0172202 0.0111788 0.0108256 0.0184091 0.0230405 0.0108442 0.0122069 0.0121343 0.0337702 0.0121451 0.0100286 0.00954449 0.0101873 0.0100494 0.0090653 0.00922326 0.0107548 0.00911259 0.0117496 0.00924861 0.00926051 0.0103274 0.00842248 0.00818986 0.00825123 0.00943163 0.00884594 0.00884509 0.00875369 0.00926571 0.00948464 0.00825928 0.00901025 0.0084498 0.00876148 0.00870018 0.00839419 0.00828961 0.00852712 0.00833046 0.00859674 0.00830171 0.00849175 0.00862504 0.00819373 0.00824635 0.00847647 
0.00844646 0.00821891 0.00895519 0.010394 0.00876545 0.00830949 0.00900779 0.00964891 0.0127899 0.00891442 0.00871164 0.00910339 0.0141854 0.0131057 0.0109086 0.0149757 0.00812721 0.00418192 0.00495871 0.0141741 0 0.0105472 0.00875818 0.00512631 0.0054248 0.00525959 0.00628366 0.00705252 0.0096747 0.0140119 0.0108328 0.00930574 0.0127676 0.0155081 0.0306929 0.0135457 0.0087288 0.0125841 0.0124464 0.00851763 0.0122549 0.0116347 0.0111732 0.0118142 0.00994818 0.0129371 0.0206059 0.00867951 0.00812522 0.0092177 0.00956189 0.00836499 0.00833989 0.00856814 0.00877789 0.00861025 0.0080434 0.00818379 0.00810663 0.00901057 0.00845532 0.0080678 0.00815241 0.00800912 0.00814447 0.00822616 0.00830464 0.00884303 0.00851821 0.00804991 0.00901413 0.0116636 
0.00862625 0.00820957 0.0102139 0.0109636 0.010549 0.00973966 0.00945492 0.0131817 0.0119813 0.0108815 0.0110265 0.0108053 0.0172929 0.0227908 0.0121614 0.0254036 0.00929357 0.012105 0.0101456 0.046397 0.0105472 0 0.00329696 0.00321188 0.00327307 0.0032409 0.00327141 0.00349927 0.00527651 0.0334059 0.0125486 0.0125686 0.0112949 0.0386761 0.0121898 0.0119772 0.0111156 0.0154593 0.0104042 0.00981484 0.0141401 0.00979966 0.0111037 0.0100097 0.0110073 0.00930287 0.0105257 0.00897208 0.00839288 0.00940227 0.0101984 0.0102252 0.00982262 0.00965329 0.0107786 0.0089366 0.00851763 0.00858293 0.00880362 0.0107518 0.00919465 0.00882144 0.00880557 0.00868045 0.0088556 0.00889139 0.00893858 0.0104161 0.00841444 0.00822517 0.00918703 0.0088515 
0.00824837 0.00839038 0.00849449 0.00994813 0.020832 0.0140143 0.0139903 0.00915691 0.0119459 0.0183567 0.018825 0.0191959 0.0104565 0.0162337 0.0400555 0.0128414 0.0109818 0.0110195 0.0789451 0.0143585 0.00875818 0.00329696 0 0.00324023 0.00322926 0.00321924 0.00329167 0.00369511 0.00344598 0.0120351 0.026755 0.0115658 0.0389293 0.010538 0.0097377 0.011422 0.0127277 0.0122279 0.0106731 0.0101243 0.0115448 0.0103899 0.00916121 0.0105629 0.00995551 0.00848632 0.00871016 0.0085701 0.00841761 0.00873128 0.00971634 0.0154595 0.0143939 0.0137879 0.0092418 0.00861049 0.00910522 0.00908459 0.0106723 0.00872094 0.00901339 0.00948749 0.00923528 0.00942854 0.0101675 0.0101442 0.0102313 0.00865223 0.0082806 0.00835126 0.00855704 0.00811176 
0.00852524 0.00841896 0.00852265 0.0113822 0.0228255 0.0418534 0.011831 0.0095778 0.011246 0.0233434 0.0379018 0.0184981 0.0104686 0.0164716 0.0193528 0.0152601 0.00930986 0.0259763 0.0147161 0.0153779 0.00512631 0.00321188 0.00324023 0 0.0032146 0.00320963 0.00480097 0.00327576 0.0032782 0.0135845 0.0125934 0.0461094 0.0142067 0.0161133 0.00963654 0.0117187 0.0110161 0.0102057 0.010712 0.0106474 0.00983501 0.00991987 0.0091401 0.00983117 0.00985244 0.00831766 0.00850737 0.00867344 0.00873671 0.00877495 0.0113279 0.0198762 0.0414781 0.0157379 0.0112926 0.00938201 0.0101367 0.0149565 0.0103749 0.00895986 0.00959037 0.009666 0.0117926 0.0123424 0.0127169 0.0153133 0.0107103 0.00896482 0.00861316 0.00850604 0.00854789 0.00797411 
0.0083688 0.0085564 0.00849125 0.0109456 0.0316288 0.0230023 0.0148198 0.00943416 0.0120126 0.0219787 0.032908 0.0163682 0.0113807 0.013738 0.0168638 0.0166332 0.0173284 0.00965229 0.0561332 0.0100017 0.0054248 0.00327307 0.00322926 0.0032146 0 0.00320876 0.00322665 0.00324769 0.00324744 0.00962699 0.0347803 0.0172671 0.0350427 0.0235054 0.00916579 0.0110848 0.00979358 0.0129272 0.0116239 0.00941223 0.0132776 0.00979126 0.00940334 0.00992551 0.010724 0.00843751 0.00869596 0.00884282 0.00853838 0.00937188 0.0116968 0.0221919 0.0318208 0.0185235 0.0101544 0.0090785 0.010585 0.0117028 0.012539 0.00890775 0.00942935 0.0100455 0.012643 0.0118691 0.0151146 0.0133114 0.0114317 0.00892678 0.00863916 0.00854622 0.00849635 0.00798967 
0.00835503 0.00836287 0.00841716 0.0118761 0.0180728 0.0258216 0.0106736 0.00937167 0.0112979 0.01851 0.0276758 0.0168676 0.0102549 0.0130266 0.0140673 0.0163605 0.0109308 0.0306763 0.0102723 0.0172202 0.00525959 0.0032409 0.00321924 0.00320963 0.00320876 0 0.0031909 0.00322257 0.00322063 0.0270138 0.0133206 0.0350642 0.0330081 0.0241252 0.00945247 0.0096041 0.0108219 0.0105613 0.0098347 0.010249 0.00986674 0.00989562 0.00910437 0.0102224 0.0096881 0.00833803 0.00854453 0.00867667 0.00854196 0.00889045 0.0114447 0.018154 0.029601 0.0128557 0.0100923 0.00928785 0.00981013 0.0140819 0.0104074 0.00900727 0.00919361 0.0094372 0.0119036 0.011672 0.0116347 0.0132932 0.00997077 0.00877201 0.0085553 0.00846449 0.00837275 0.00797552 
0.00831409 0.00835095 0.00854895 0.0100823 0.0168891 0.0167563 0.0107618 0.00917283 0.0108654 0.0165389 0.02883 0.0136904 0.0107116 0.0127289 0.0161282 0.0147052 0.0167236 0.0100547 0.0220193 0.0111788 0.00628366 0.00327141 0.00329167 0.00480097 0.00322665 0.0031909 0 0.0032117 0.00325444 0.0102865 0.0231555 0.0403105 0.0415598 0.00972465 0.00914263 0.0107435 0.00966402 0.0125691 0.0101845 0.00929469 0.011461 0.00898037 0.00937692 0.00930793 0.00974022 0.0083338 0.00855648 0.00861724 0.00848709 0.00882722 0.010072 0.0154233 0.0207199 0.013132 0.00970367 0.00895624 0.0103359 0.0109111 0.0103422 0.0086675 0.00906367 0.00936933 0.0120798 0.0104256 0.0122097 0.010818 0.00985243 0.008817 0.00847601 0.0084149 0.00856419 0.00798046 
0.00834071 0.00839757 0.00826725 0.0103504 0.0143185 0.0123491 0.0105617 0.00875614 0.0116133 0.0173493 0.0137263 0.0174351 0.00945699 0.0134531 0.0358978 0.017176 0.0109491 0.0228072 0.0167509 0.0108256 0.00705252 0.00349927 0.00369511 0.00327576 0.00324769 0.00322257 0.0032117 0 0.00321904 0.0298754 0.0363796 0.0485203 0.0206735 0.00902187 0.0105109 0.010373 0.021308 0.010372 0.00989724 0.0147092 0.00964425 0.0111424 0.00954391 0.0115362 0.0106219 0.00840237 0.00881961 0.00867705 0.00884206 0.00874583 0.0107267 0.0132421 0.0136633 0.012758 0.00949615 0.00941647 0.00974672 0.00976646 0.010418 0.00868577 0.00901562 0.0103415 0.00934219 0.00940616 0.00965546 0.00954413 0.00975101 0.00868118 0.00839941 0.00835593 0.00836202 0.00803151 
0.00882921 0.00814186 0.00838371 0.0124847 0.00966611 0.00887262 0.00871821 0.00878572 0.0179101 0.00992841 0.0100346 0.0100542 0.0122409 0.0193925 0.0140816 0.0203397 0.0430216 0.00906948 0.0102497 0.0184091 0.0096747 0.00527651 0.00344598 0.0032782 0.00324744 0.00322063 0.00325444 0.00321904 0 0.0310602 0.0398353 0.00993464 0.00922263 0.00934367 0.0136265 0.0191986 0.00895894 0.013497 0.0165469 0.00869395 0.0111907 0.0144393 0.0108781 0.0155123 0.0105117 0.0100662 0.0120717 0.00989095 0.00823473 0.00868421 0.0123219 0.00984881 0.00930617 0.008987 0.00999814 0.0101791 0.00878427 0.00867707 0.00875514 0.00868256 0.0102276 0.00852058 0.00845326 0.00852231 0.00862254 0.00884987 0.00862085 0.00853407 0.00931616 0.00815743 0.00834895 0.0084478 
0.00893737 0.00852245 0.0101581 0.0105195 0.0105633 0.00999402 0.0098796 0.0137804 0.012313 0.010264 0.0105658 0.0101313 0.0187811 0.0239761 0.0111029 0.027634 0.018009 0.0132573 0.0103839 0.0230405 0.0140119 0.0334059 0.0120351 0.0135845 0.00962699 0.0270138 0.0102865 0.0298754 0.0310602 0 0.00332798 0.00329621 0.00330352 0.00365287 0.0136187 0.0198392 0.0130042 0.0212327 0.0142414 0.011907 0.0215755 0.0131515 0.015045 0.0142722 0.0135937 0.0114341 0.0153055 0.00996042 0.00904808 0.0122419 0.0151788 0.0136761 0.0135204 0.0115499 0.0148497 0.0109833 0.00899146 0.00920413 0.00904252 0.0154997 0.0101722 0.00893459 0.00920302 0.00891443 0.00962659 0.00974861 0.0100114 0.0120103 0.00874347 0.00866266 0.0105939 0.00949051 
0.00822858 0.00858119 0.0085372 0.00905721 0.0130942 0.011586 0.0115571 0.00893703 0.0100785 0.0142846 0.0139201 0.0163457 0.0099809 0.0164104 0.0255203 0.0125338 0.0170417 0.0115055 0.0406498 0.0108442 0.0108328 0.0125486 0.026755 0.0125934 0.0347803 0.0133206 0.0231555 0.0363796 0.0398353 0.00332798 0 0.00325079 0.00343611 0.00325088 0.0102346 0.0204856 0.0223974 0.0139001 0.0130512 0.0122992 0.0122595 0.0122304 0.0101777 0.0113601 0.010883 0.00890063 0.00926964 0.00908211 0.00895038 0.00965711 0.0114919 0.0202065 0.0181217 0.017064 0.00946736 0.00910831 0.0106462 0.00977449 0.0134995 0.00890984 0.00905795 0.0104521 0.00987577 0.0103873 0.0106869 0.0112913 0.0116868 0.00899357 0.00843688 0.00849586 0.00910425 0.00820193 
0.00850446 0.0084955 0.0084187 0.00938652 0.0127402 0.0196468 0.0097305 0.00914442 0.00997948 0.0133385 0.032275 0.0118496 0.0102523 0.0134404 0.0140537 0.0174109 0.0100792 0.0278637 0.0142704 0.0122069 0.00930574 0.0125686 0.0115658 0.0461094 0.0172671 0.0350642 0.0403105 0.0485203 0.00993464 0.00329621 0.00325079 0 0.00322596 0.00322645 0.00859245 0.0144133 0.0184177 0.0119061 0.0109171 0.0117224 0.0112978 0.0100883 0.00938332 0.0104189 0.00978184 0.00859924 0.00902482 0.00878425 0.00896991 0.00940763 0.0113381 0.0222663 0.0505803 0.0146241 0.01069 0.00920763 0.00995372 0.0197814 0.010421 0.00925599 0.009211 0.00981373 0.0141879 0.0118794 0.0128789 0.0162243 0.0101607 0.00908413 0.00868668 0.0084727 0.00859071 0.0080383 
0.00837362 0.00834271 0.00832453 0.0105943 0.0150449 0.0107381 0.0106288 0.00863088 0.0117386 0.0163856 0.0127044 0.0160947 0.00991748 0.0141342 0.0317884 0.0144651 0.0192323 0.013654 0.0556025 0.0121343 0.0127676 0.0112949 0.0389293 0.0142067 0.0350427 0.0330081 0.0415598 0.0206735 0.00922263 0.00330352 0.00343611 0.00322596 0 0.00320815 0.00841714 0.015484 0.0381793 0.016 0.0138425 0.0152244 0.01315 0.0141577 0.0125632 0.0135994 0.0179556 0.00966186 0.0113561 0.00951469 0.00932056 0.0103428 0.013002 0.021379 0.0200098 0.0197562 0.0105269 0.0101821 0.015208 0.010194 0.0134572 0.00884033 0.0104656 0.0111049 0.010179 0.0101065 0.0116413 0.0112953 0.0129188 0.00883385 0.00896994 0.00858218 0.00866731 0.00817087 
0.00889638 0.00819696 0.00888213 0.0131493 0.00942799 0.00963845 0.00864726 0.009243 0.0191382 0.0100624 0.011433 0.0105305 0.0122421 0.0213714 0.0113178 0.0257771 0.021094 0.0139125 0.0109347 0.0337702 0.0155081 0.0386761 0.010538 0.0161133 0.0235054 0.0241252 0.00972465 0.00902187 0.00934367 0.00365287 0.00325088 0.00322645 0.00320815 0 0.0148276 0.0212077 0.0188374 0.0399748 0.0164359 0.0120364 0.0143554 0.0189067 0.0189697 0.0227322 0.0147032 0.0131798 0.0154477 0.0111436 0.00891698 0.00952974 0.0155274 0.0117697 0.0108854 0.0109016 0.0124411 0.0146129 0.00948121 0.0102027 0.00928141 0.010122 0.0105751 0.00974859 0.00884034 0.00916258 0.00880796 0.00982793 0.00911479 0.00964744 0.010272 0.00860731 0.0086024 0.00859597 
0.00826406 0.00821757 0.00883219 0.00874653 0.00816374 0.00808331 0.00830929 0.00892304 0.00947681 0.00818672 0.0082252 0.00848889 0.010473 0.00967846 0.00882469 0.0110947 0.0148253 0.00849185 0.00943749 0.0121451 0.0306929 0.0121898 0.0097377 0.00963654 0.00916579 0.00945247 0.00914263 0.0105109 0.0136265 0.0136187 0.0102346 0.00859245 0.00841714 0.0148276 0 0.0915875 0.00408598 0.00536343 0.0111422 0.00985607 0.0221802 0.0240274 0.0185192 0.0157796 0.0161033 0.0200545 0.0378196 0.00999608 0.00880146 0.0126029 0.0101484 0.0087388 0.00859282 0.00929348 0.0111163 0.00917577 0.00831131 0.00816998 0.00871607 0.010094 0.00909715 0.00830461 0.00816362 0.00823479 0.00820204 0.00826307 0.00859298 0.00981822 0.00857454 0.00823352 0.00962902 0.0130951 
0.00861361 0.0086303 0.00851492 0.00861397 0.00837268 0.00839412 0.0085942 0.00859355 0.00844404 0.00841161 0.00857653 0.00841892 0.0102773 0.00990164 0.00837908 0.01329 0.0172116 0.0084862 0.0167688 0.0100286 0.0135457 0.0119772 0.011422 0.0117187 0.0110848 0.0096041 0.0107435 0.010373 0.0191986 0.0198392 0.0204856 0.0144133 0.015484 0.0212077 0.0915875 0 0.00332127 0.00325178 0.0558895 0.00900822 0.59037 0.0099732 0.0138741 0.0117998 0.0130044 0.011581 0.0151753 0.0109636 0.00831112 0.023709 0.0119282 0.00956982 0.0100546 0.0094664 0.0103972 0.00930999 0.00887218 0.00864933 0.00915088 0.00986621 0.00897348 0.00873967 0.00915729 0.00847599 0.00925808 0.00860457 0.00945365 0.00941136 0.00901032 0.00820606 0.0139539 0.00992766 
0.00809332 0.00809455 0.00824834 0.00817608 0.00845231 0.00837994 0.00839015 0.00810741 0.00895684 0.00856778 0.00841832 0.00957503 0.00834686 0.00882793 0.0169646 0.00844785 0.00877753 0.0297216 0.00972433 0.00954449 0.0087288 0.0111156 0.0127277 0.0110161 0.00979358 0.0108219 0.00966402 0.021308 0.00895894 0.0130042 0.0223974 0.0184177 0.0381793 0.0188374 0.00408598 0.00332127 0 0.00319544 0.00729235 0.878171 0.00803271 0.0271515 0.00996432 0.0178781 0.0112762 0.00936588 0.00999404 0.00876248 0.0241813 0.00841105 0.00924571 0.0127935 0.010376 0.0120298 0.00869201 0.00874499 0.00910237 0.00898095 0.0102944 0.00860396 0.00867718 0.00922936 0.00854546 0.00860485 0.00842046 0.0100016 0.00912578 0.00856807 0.0081679 0.00962292 0.00822812 0.00829078 
0.0084959 0.00851258 0.00815396 0.00941102 0.00880306 0.00840428 0.0084445 0.00831354 0.0121899 0.00855793 0.00903279 0.00875131 0.00931757 0.0135389 0.00884672 0.0113903 0.0463436 0.00870673 0.0113941 0.0101873 0.0125841 0.0154593 0.0122279 0.0102057 0.0129272 0.0105613 0.0125691 0.010372 0.013497 0.0212327 0.0139001 0.0119061 0.016 0.0399748 0.00536343 0.00325178 0.00319544 0 0.562688 0.00765528 0.102487 0.0134415 0.0256055 0.0159187 0.0175513 0.011126 0.0162568 0.0154943 0.00852338 0.0121412 0.0194116 0.0105674 0.0111277 0.0106786 0.0126093 0.0132098 0.00954862 0.00914622 0.0102545 0.00928647 0.0113133 0.00906816 0.00884395 0.00893383 0.00958013 0.00911028 0.00998918 0.00897396 0.0114712 0.00834396 0.00962074 0.00881473 
0.00829754 0.008624 0.00895375 0.00828136 0.00828099 0.00831582 0.00839885 0.00862433 0.00837815 0.00826769 0.00864642 0.00831261 0.00998709 0.0096458 0.00842031 0.0131244 0.0136599 0.00823965 0.0100222 0.0100494 0.0124464 0.0104042 0.0106731 0.010712 0.0116239 0.0098347 0.0101845 0.00989724 0.0165469 0.0142414 0.0130512 0.0109171 0.0138425 0.0164359 0.0111422 0.0558895 0.00729235 0.562688 0 0.00328364 0.00429859 0.00359029 0.0576755 0.00709779 0.0271913 0.0109501 0.0183893 0.016615 0.00962197 0.0410761 0.0151448 0.0114931 0.0116145 0.0111913 0.0148102 0.0107419 0.00945853 0.00906614 0.0100633 0.0134197 0.00985897 0.00899665 0.00954878 0.00911409 0.0102868 0.00904354 0.0103475 0.0129056 0.00972641 0.00839595 0.0149541 0.0103793 
0.00825147 0.00811892 0.00828592 0.00815271 0.00840985 0.00837985 0.00827502 0.00813786 0.00834662 0.00827749 0.00829453 0.0086122 0.00822173 0.00851083 0.00998316 0.0083225 0.00848434 0.015449 0.00855559 0.0090653 0.00851763 0.00981484 0.0101243 0.0106474 0.00941223 0.010249 0.00929469 0.0147092 0.00869395 0.011907 0.0122992 0.0117224 0.0152244 0.0120364 0.00985607 0.00900822 0.878171 0.00765528 0.00328364 0 0.00319982 0.0123344 0.00487357 0.028276 0.0114223 0.0103202 0.0115936 0.00932177 0.0623997 0.00858733 0.0110996 0.0186459 0.0116656 0.0147239 0.00969545 0.00939963 0.0096535 0.0106655 0.00962453 0.00885882 0.0091761 0.00974008 0.00873547 0.00909392 0.00856912 0.0115315 0.00926094 0.00882979 0.00835164 0.011627 0.00830276 0.00846819 
0.00840773 0.00891367 0.00810996 0.00900928 0.00874976 0.0082625 0.00856873 0.00818802 0.0106042 0.00859294 0.00852101 0.00842994 0.00906779 0.0112288 0.00865566 0.00985891 0.0364007 0.00836732 0.0100616 0.00922326 0.0122549 0.0141401 0.0115448 0.00983501 0.0132776 0.00986674 0.011461 0.00964425 0.0111907 0.0215755 0.0122595 0.0112978 0.01315 0.0143554 0.0221802 0.59037 0.00803271 0.102487 0.00429859 0.00319982 0 0.00733678 0.00405697 0.011117 0.0137663 0.0138665 0.0226701 0.037071 0.00875264 0.0187912 0.0265417 0.0120096 0.011682 0.0122216 0.0139668 0.0163552 0.0105749 0.00952324 0.0112699 0.00951792 0.0136588 0.0101252 0.00941812 0.00895547 0.0106571 0.00921751 0.0108733 0.00981761 0.0154462 0.00837404 0.0116212 0.00939662 
0.00828322 0.00803285 0.00863356 0.008193 0.00825513 0.00820434 0.00817466 0.00845945 0.00823429 0.00828121 0.0082397 0.00827544 0.00906303 0.0087141 0.0089599 0.0103284 0.00865443 0.00935008 0.00927443 0.0107548 0.0116347 0.00979966 0.0103899 0.00991987 0.00979126 0.00989562 0.00898037 0.0111424 0.0144393 0.0131515 0.0122304 0.0100883 0.0141577 0.0189067 0.0240274 0.0099732 0.0271515 0.0134415 0.00359029 0.0123344 0.00733678 0 0.00481381 0.00929489 0.550737 0.0161864 0.0332793 0.0120988 0.0157152 0.0143416 0.0140697 0.0148577 0.0112461 0.0139194 0.0157723 0.0107362 0.0100544 0.00915331 0.00984093 0.0142892 0.00990699 0.00930597 0.00902706 0.00902162 0.00888061 0.00946619 0.00980239 0.0140867 0.00857858 0.00958575 0.0105375 0.010333 
0.00833385 0.00820261 0.00823528 0.00845437 0.00835967 0.00819909 0.00818906 0.00824912 0.00884468 0.00832575 0.00836998 0.00837967 0.00858543 0.00932815 0.00856516 0.00881242 0.0115825 0.0084125 0.00932237 0.00911259 0.0111732 0.0111037 0.00916121 0.0091401 0.00940334 0.00910437 0.00937692 0.00954391 0.0108781 0.015045 0.0101777 0.00938332 0.0125632 0.0189697 0.0185192 0.0138741 0.00996432 0.0256055 0.0576755 0.00487357 0.00405697 0.00481381 0 0.633561 0.0128832 0.0204979 0.0306822 0.0135564 0.0100956 0.0132435 0.0150902 0.0107251 0.0099828 0.0126981 0.0131961 0.0124697 0.00911217 0.00889312 0.0100026 0.010151 0.0109475 0.00907608 0.00874095 0.00873309 0.00891472 0.00895869 0.0103862 0.00989395 0.0103795 0.00863732 0.00990581 0.00975788 
0.0082765 0.0080533 0.00902952 0.00833781 0.00819994 0.00828852 0.00827865 0.00867668 0.00829397 0.00827312 0.00827641 0.00831862 0.00927802 0.00886235 0.00897515 0.0101721 0.00861192 0.00903926 0.00905597 0.0117496 0.0118142 0.0100097 0.0105629 0.00983117 0.00992551 0.0102224 0.00930793 0.0115362 0.0155123 0.0142722 0.0113601 0.0104189 0.0135994 0.0227322 0.0157796 0.0117998 0.0178781 0.0159187 0.00709779 0.028276 0.011117 0.00929489 0.633561 0 0.00365246 0.00602756 0.0236743 0.0211767 0.0193368 0.0192655 0.0176102 0.0188173 0.0131724 0.0184964 0.0194469 0.0134258 0.011518 0.0098708 0.0109881 0.0184565 0.0109726 0.0102057 0.00923845 0.00957059 0.0095063 0.0100997 0.0119948 0.0156372 0.00921446 0.0101706 0.0120125 0.0115727 
0.00826468 0.00826201 0.00820701 0.00834354 0.00858742 0.00830636 0.00827285 0.00824603 0.00894425 0.0083783 0.00833762 0.00841333 0.00860288 0.00904448 0.00871348 0.00893081 0.0109005 0.00842561 0.00993155 0.00924861 0.00994818 0.0110073 0.00995551 0.00985244 0.010724 0.0096881 0.00974022 0.0106219 0.0105117 0.0135937 0.010883 0.00978184 0.0179556 0.0147032 0.0161033 0.0130044 0.0112762 0.0175513 0.0271913 0.0114223 0.0137663 0.550737 0.0128832 0.00365246 0 0.0530773 0.014094 0.0174533 0.0135306 0.0176579 0.017127 0.0138168 0.012522 0.0230148 0.0188776 0.0139624 0.0100215 0.00978163 0.0147914 0.0110565 0.0125025 0.0101252 0.0092863 0.00934641 0.0101525 0.0095581 0.0133847 0.0109927 0.0105675 0.00892943 0.00997025 0.0090292 
0.00847107 0.0081126 0.00871973 0.00833059 0.00805878 0.00807258 0.00807015 0.00848554 0.00841737 0.0080152 0.00796264 0.00804847 0.00882647 0.00858231 0.0080362 0.00862821 0.00944639 0.00817983 0.00821138 0.00926051 0.0129371 0.00930287 0.00848632 0.00831766 0.00843751 0.00833803 0.0083338 0.00840237 0.0100662 0.0114341 0.00890063 0.00859924 0.00966186 0.0131798 0.0200545 0.011581 0.00936588 0.011126 0.0109501 0.0103202 0.0138665 0.0161864 0.0204979 0.00602756 0.0530773 0 0.464078 0.0116998 0.0126709 0.0165584 0.013186 0.00997041 0.00915633 0.0104399 0.0136504 0.0117388 0.00893005 0.00908823 0.00877259 0.0141931 0.0102117 0.00864507 0.00834167 0.00845629 0.00839255 0.00867202 0.00879522 0.0118197 0.00999689 0.00869662 0.0104299 0.0138779 
0.00888637 0.00821539 0.00927562 0.00875503 0.00814361 0.00809494 0.00815092 0.00876294 0.00870147 0.00802208 0.00799975 0.00810244 0.00935294 0.00917931 0.00812007 0.00938316 0.0112351 0.00818025 0.00846869 0.0103274 0.0206059 0.0105257 0.00871016 0.00850737 0.00869596 0.00854453 0.00855648 0.00881961 0.0120717 0.0153055 0.00926964 0.00902482 0.0113561 0.0154477 0.0378196 0.0151753 0.00999404 0.0162568 0.0183893 0.0115936 0.0226701 0.0332793 0.0306822 0.0236743 0.014094 0.464078 0 0.0181351 0.0123824 0.0809236 0.0227142 0.0127366 0.0107903 0.0139397 0.0180872 0.0168513 0.0102518 0.00885228 0.0101407 0.0170203 0.0136841 0.00946511 0.00880491 0.00892914 0.00902746 0.00912823 0.0104109 0.0146431 0.0121289 0.00921495 0.013409 0.0189322 
0.00839588 0.00844069 0.00876188 0.00822261 0.00813757 0.0082247 0.00813337 0.00833317 0.00822428 0.00802897 0.0081427 0.00806454 0.00838976 0.00844859 0.00810916 0.00893523 0.00947518 0.00814204 0.00835286 0.00842248 0.00867951 0.00897208 0.0085701 0.00867344 0.00884282 0.00867667 0.00861724 0.00867705 0.00989095 0.00996042 0.00908211 0.00878425 0.00951469 0.0111436 0.00999608 0.0109636 0.00876248 0.0154943 0.016615 0.00932177 0.037071 0.0120988 0.0135564 0.0211767 0.0174533 0.0116998 0.0181351 0 0.00359643 0.00338468 0.00846684 0.0213207 0.040612 0.0196275 0.0162263 0.0172055 0.010158 0.0106386 0.011279 0.0277055 0.0182392 0.0103785 0.0115725 0.0101728 0.0110178 0.0108556 0.0118128 0.0185293 0.0115204 0.0101276 0.0232441 0.0131727 
0.00836888 0.00827069 0.00822072 0.00809271 0.00828371 0.0082769 0.00817985 0.00810489 0.00806358 0.00814836 0.00821494 0.00817112 0.00806023 0.00803561 0.008332 0.00814817 0.00815629 0.00888663 0.00838115 0.00818986 0.00812522 0.00839288 0.00841761 0.00873671 0.00853838 0.00854196 0.00848709 0.00884206 0.00823473 0.00904808 0.00895038 0.00896991 0.00932056 0.00891698 0.00880146 0.00831112 0.0241813 0.00852338 0.00962197 0.0623997 0.00875264 0.0157152 0.0100956 0.0193368 0.0135306 0.0126709 0.0123824 0.00359643 0 0.00323544 0.0089899 0.0424476 0.0166718 0.0148291 0.00671176 0.00800384 0.0142575 0.00830989 0.0167344 0.00903601 0.0116962 0.0207758 0.00949288 0.0102684 0.00965795 0.0137171 0.016093 0.00970156 0.00925318 0.0261704 0.00908495 0.00926117 
0.00862263 0.00871624 0.00818243 0.00842338 0.00827694 0.00822026 0.00819979 0.00818225 0.0085998 0.00813422 0.00818355 0.00809799 0.00828722 0.00864133 0.00822344 0.00843381 0.0151049 0.00812964 0.00843419 0.00825123 0.0092177 0.00940227 0.00873128 0.00877495 0.00937188 0.00889045 0.00882722 0.00874583 0.00868421 0.0122419 0.00965711 0.00940763 0.0103428 0.00952974 0.0126029 0.023709 0.00841105 0.0121412 0.0410761 0.00858733 0.0187912 0.0143416 0.0132435 0.0192655 0.0176579 0.0165584 0.0809236 0.00338468 0.00323544 0 0.0409943 0.0138597 0.0124082 0.00786341 0.010494 0.0138483 0.0083171 0.00924351 0.00988306 0.014417 0.0282769 0.0108422 0.0100137 0.00954047 0.0116725 0.0101344 0.0122742 0.0118787 0.0305015 0.00899246 0.0156804 0.0133155 
0.00849361 0.00852058 0.00930188 0.00841394 0.00839914 0.0086065 0.00871142 0.0091215 0.00871128 0.00834166 0.00856338 0.00847421 0.00906897 0.00913743 0.00858887 0.00983889 0.00923305 0.00847239 0.00914431 0.00943163 0.00956189 0.0101984 0.00971634 0.0113279 0.0116968 0.0114447 0.010072 0.0107267 0.0123219 0.0151788 0.0114919 0.0113381 0.013002 0.0155274 0.0101484 0.0119282 0.00924571 0.0194116 0.0151448 0.0110996 0.0265417 0.0140697 0.0150902 0.0176102 0.017127 0.013186 0.0227142 0.00846684 0.0089899 0.0409943 0 0.00351351 0.00346233 0.00345455 0.00384538 0.0109884 0.00680033 0.0070295 0.0515042 0.1914 0.0639041 0.014584 0.0151636 0.019344 0.0222849 0.0149829 0.0203143 0.0300528 0.0194358 0.012986 0.0294983 0.0153028 
