1E44A
GLKLDLTWFDKSTEDFKGEEYSKDFGDDGSVMESLGVPFKDNVNNGCFDVIAEWVPLLQPYFNHQIDISDNEYFVSFDYRDGDW
CEEEEEEEEECCCCCEEEEEECCCCCCCCHHHHHHCCCCCCCCCCCEEECCCCHHHHHHHHCCCCCCCCCEEEEEEEEECCCCC
0 0 0 0 0 0 0 0 0 0 0 0 0 0 0 0 0 0 0 0 0 0 0 0 0 0 0 0 0 0 0 0 0 0 0 0 0 0 0 0 0 0 0 0 0 0 0 0 0 0 0 0 0 0 0 0 0 0 0 0 0 0 0 0 0 0 0 0 0 0 0 0 0 0 0 0 0 0 0 0 0 0 0 0 
0 0 0 0 0 0 0 0 0 0 0 0 0 0 0 0 0 0 0 0 0 0 0 0 0 0 0 0 0 0 0 0 0 0 0 0 0 0 0 0 0 0 0 0 0 0 0 0 0 0 0 0 0 0 0 0 0 0 0 0 0 0 0 0 0 0 0 0 0 0 0 0 0 0 0 0 0 0 0 0 0 0 0 0 
0 0.00422262 0.00340715 0.00338937 0.00337572 0.00387255 0.00359532 0.0235473 0.0263087 0.032014 0.0100135 0.0219119 0.0197247 0.0218123 0.0723624 0.026725 0.0182616 0.0288818 0.01711 0.0111368 0.017672 0.0168111 0.0293753 0.015242 0.0309563 0.0104657 0.129191 
0.00422262 0 0.00334162 0.00331155 0.00323922 0.00360065 0.00378231 0.00859476 0.00440805 0.00660541 0.0124016 0.007482 0.0193914 0.0183188 0.0154474 0.0135476 0.0138261 0.0169099 0.00942509 0.0114958 0.0106077 0.0196084 0.0136873 0.0311278 0.00990443 0.0930608 0.00919022 
0.00340715 0.00334162 0 0.00320839 0.00324031 0.00316365 0.00354292 0.00392695 0.00325105 0.0114875 0.00664704 0.0371878 0.00841816 0.0166321 0.0193209 0.018087 0.019505 0.00901776 0.0123064 0.00940279 0.0320556 0.0153237 0.0842783 0.0127621 0.244873 0.00933981 0.0112159 
0.00338937 0.00331155 0.00320839 0 0.00318795 0.0032424 0.00340245 0.00321878 0.0032678 0.00574864 0.014103 0.00741026 0.0256449 0.015918 0.361449 0.0217122 0.00937131 0.0256345 0.00863418 0.019377 0.0133828 0.0590279 0.0155621 0.334894 0.0171246 0.0363167 0.00897194 
0.00337572 0.00323922 0.00324031 0.00318795 0 0.00320652 0.00319928 0.00320121 0.00321307 0.00879557 0.00633122 0.0331073 0.00793834 0.44178 0.117788 0.00953822 0.0170131 0.00930497 0.010462 0.00942859 0.0329351 0.0151021 0.285975 0.0133609 0.097485 0.00959997 0.0109634 
0.00387255 0.00360065 0.00316365 0.0032424 0.00320652 0 0.00325274 0.00319216 0.00325481 0.00504174 0.0151242 0.0233263 0.477775 0.112502 0.0128206 0.0122438 0.00944937 0.0125069 0.00904463 0.0125642 0.0140918 0.175351 0.0239958 0.075989 0.0173859 0.0182052 0.00906356 
0.00359532 0.00378231 0.00354292 0.00340245 0.00319928 0.00325274 0 0.00322267 0.0031914 0.0150436 0.0345796 0.407785 0.113725 0.0129653 0.00922119 0.0103539 0.0112038 0.0106074 0.00952883 0.0109523 0.113956 0.0211463 0.0328108 0.0244771 0.0208237 0.0115857 0.00970985 
0.0235473 0.00859476 0.00392695 0.00321878 0.00320121 0.00319216 0.00322267 0 0.00326261 0.243545 0.0675352 0.0790843 0.0079617 0.00723757 0.00762865 0.0103628 0.01953 0.00992484 0.00951 0.0552525 0.0114362 0.0114538 0.0123498 0.0107194 0.0135285 0.00953063 0.00899747 
0.0263087 0.00440805 0.00325105 0.0032678 0.00321307 0.00325481 0.0031914 0.00326261 0 0.0438725 0.0192257 0.00483486 0.00498918 0.00559555 0.00709103 0.0139242 0.00884645 0.010521 0.0464514 0.00971511 0.00867808 0.00935791 0.00887583 0.00958851 0.00872967 0.00941244 0.00890727 
0.032014 0.00660541 0.0114875 0.00574864 0.00879557 0.00504174 0.0150436 0.243545 0.0438725 0 0.00325491 0.00327018 0.00324796 0.00340724 0.00650034 0.0113874 0.0120428 0.0118204 0.0117434 0.0085252 0.00973083 0.0089088 0.0105749 0.00885491 0.0101758 0.00857368 0.0208925 
0.0100135 0.0124016 0.00664704 0.014103 0.00633122 0.0151242 0.0345796 0.0675352 0.0192257 0.00325491 0 0.00322227 0.00325716 0.003486 0.00331074 0.0121314 0.00904893 0.0149256 0.00840022 0.0101443 0.00872404 0.0112833 0.00892879 0.0149751 0.00866737 0.0196536 0.00835818 
0.0219119 0.007482 0.0371878 0.00741026 0.0331073 0.0233263 0.407785 0.0790843 0.00483486 0.00327018 0.00322227 0 0.00321111 0.00324661 0.00347694 0.0107152 0.0148824 0.00851823 0.011029 0.00846886 0.0135957 0.00953739 0.0240461 0.009295 0.0276575 0.00862575 0.0103471 
0.0197247 0.0193914 0.00841816 0.0256449 0.00793834 0.477775 0.113725 0.0079617 0.00498918 0.00324796 0.00325716 0.00321111 0 0.00329764 0.0032252 0.0179111 0.00962602 0.0229652 0.00836239 0.00985353 0.00964476 0.0131221 0.0104091 0.027416 0.00992761 0.0105822 0.00872317 
0.0218123 0.0183188 0.0166321 0.015918 0.44178 0.112502 0.0129653 0.00723757 0.00559555 0.00340724 0.003486 0.00324661 0.00329764 0 0.00334859 0.0122169 0.0730777 0.0162029 0.00953046 0.00919124 0.0103282 0.0101204 0.0155071 0.010118 0.0105543 0.0113039 0.00893298 
0.0723624 0.0154474 0.0193209 0.361449 0.117788 0.0128206 0.00922119 0.00762865 0.00709103 0.00650034 0.00331074 0.00347694 0.0032252 0.00334859 0 0.0419503 0.0132692 0.0853523 0.0142456 0.00904963 0.00926531 0.0117923 0.00971575 0.00913227 0.00974057 0.00949649 0.0118938 
0.026725 0.0135476 0.018087 0.0217122 0.00953822 0.0122438 0.0103539 0.0103628 0.0139242 0.0113874 0.0121314 0.0107152 0.0179111 0.0122169 0.0419503 0 0.00389294 0.00364135 0.0127767 0.0116579 0.0141118 0.0133923 0.0100273 0.0120531 0.00923 0.0137102 0.0198064 
0.0182616 0.0138261 0.019505 0.00937131 0.0170131 0.00944937 0.0112038 0.01953 0.00884645 0.0120428 0.00904893 0.0148824 0.00962602 0.0730777 0.0132692 0.00389294 0 0.00344981 0.0126035 0.0147136 0.0147586 0.0142864 0.0185853 0.0101642 0.0181159 0.0151305 0.0134226 
0.0288818 0.0169099 0.00901776 0.0256345 0.00930497 0.0125069 0.0106074 0.00992484 0.010521 0.0118204 0.0149256 0.00851823 0.0229652 0.0162029 0.0853523 0.00364135 0.00344981 0 0.0119981 0.0108815 0.0143339 0.0181135 0.012352 0.0268772 0.0113382 0.0388526 0.0101221 
0.01711 0.00942509 0.0123064 0.00863418 0.010462 0.00904463 0.00952883 0.00951 0.0464514 0.0117434 0.00840022 0.011029 0.00836239 0.00953046 0.0142456 0.0127767 0.0126035 0.0119981 0 0.00339431 0.0032368 0.00325072 0.00340969 0.00434022 0.0034887 0.00338131 0.0154925 
0.0111368 0.0114958 0.00940279 0.019377 0.00942859 0.0125642 0.0109523 0.0552525 0.00971511 0.0085252 0.0101443 0.00846886 0.00985353 0.00919124 0.00904963 0.0116579 0.0147136 0.0108815 0.00339431 0 0.00323975 0.00320968 0.00313866 0.00330619 0.00337049 0.00399391 0.00372612 
0.017672 0.0106077 0.0320556 0.0133828 0.0329351 0.0140918 0.113956 0.0114362 0.00867808 0.00973083 0.00872404 0.0135957 0.00964476 0.0103282 0.00926531 0.0141118 0.0147586 0.0143339 0.0032368 0.00323975 0 0.00321271 0.00318938 0.00329206 0.00326909 0.00340727 0.00404099 
0.0168111 0.0196084 0.0153237 0.0590279 0.0151021 0.175351 0.0211463 0.0114538 0.00935791 0.0089088 0.0112833 0.00953739 0.0131221 0.0101204 0.0117923 0.0133923 0.0142864 0.0181135 0.00325072 0.00320968 0.00321271 0 0.0031934 0.00322311 0.0032145 0.00324223 0.0033749 
0.0293753 0.0136873 0.0842783 0.0155621 0.285975 0.0239958 0.0328108 0.0123498 0.00887583 0.0105749 0.00892879 0.0240461 0.0104091 0.0155071 0.00971575 0.0100273 0.0185853 0.012352 0.00340969 0.00313866 0.00318938 0.0031934 0 0.0032177 0.00326297 0.00320911 0.00326666 
0.015242 0.0311278 0.0127621 0.334894 0.0133609 0.075989 0.0244771 0.0107194 0.00958851 0.00885491 0.0149751 0.009295 0.027416 0.010118 0.00913227 0.0120531 0.0101642 0.0268772 0.00434022 0.00330619 0.00329206 0.00322311 0.0032177 0 0.00319905 0.00323053 0.00321824 
0.0309563 0.00990443 0.244873 0.0171246 0.097485 0.0173859 0.0208237 0.0135285 0.00872967 0.0101758 0.00866737 0.0276575 0.00992761 0.0105543 0.00974057 0.00923 0.0181159 0.0113382 0.0034887 0.00337049 0.00326909 0.0032145 0.00326297 0.00319905 0 0.00318995 0.00321348 
0.0104657 0.0930608 0.00933981 0.0363167 0.00959997 0.0182052 0.0115857 0.00953063 0.00941244 0.00857368 0.0196536 0.00862575 0.0105822 0.0113039 0.00949649 0.0137102 0.0151305 0.0388526 0.00338131 0.00399391 0.00340727 0.00324223 0.00320911 0.00323053 0.00318995 0 0.00326528 
0.129191 0.00919022 0.0112159 0.00897194 0.0109634 0.00906356 0.00970985 0.00899747 0.00890727 0.0208925 0.00835818 0.0103471 0.00872317 0.00893298 0.0118938 0.0198064 0.0134226 0.0101221 0.0154925 0.00372612 0.00404099 0.0033749 0.00326666 0.00321824 0.00321348 0.00326528 0 
