1EDYA
EAPFTLKVNTLPLNFDKAEHHRKFQIHINVSYIGERPNSNMVIVDVKMVSGFIPVKPSVKKLQDQSNIQRTEVNTNHVLIYIEKLTNQTMGFSFAVEQDIPVKNLKPAPVKVYDYYETDEFAIEEYSAPFSSDS
CCCEEEEEEEEECCCCCCCCCCEEEEEEEEEECCCCCCCCCEEEEEECCCCEEECHHHHHHHHHCCCEEEEEEECCEEEEEECCCCCCCEEEEEEEEECCCCCCCCCEEEEEEECCCCCCEEEEEECCCCCECC
0 0 0 0 0 0 0 0 0 0 0 0 0 0 0 0 0 0 0 0 0 0 0 0 0 0 0 0 0 0 0 0 0 0 0 0 0 0 0 0 0 0 0 0 0 0 0 0 0 0 0 0 0 0 0 0 0 0 0 0 0 0 0 0 0 0 0 0 0 0 0 0 0 0 0 0 0 0 0 0 0 0 0 0 0 0 0 0 0 0 0 0 0 0 0 0 0 0 0 0 0 0 0 0 0 0 0 0 0 0 0 0 0 0 0 0 0 0 0 0 0 0 0 0 0 0 0 0 0 0 0 0 0 0 
0 0 0 0 0 0 0 0 0 0 0 0 0 0 0 0 0 0 0 0 0 0 0 0 0 0 0 0 0 0 0 0 0 0 0 0 0 0 0 0 0 0 0 0 0 0 0 0 0 0 0 0 0 0 0 0 0 0 0 0 0 0 0 0 0 0 0 0 0 0 0 0 0 0 0 0 0 0 0 0 0 0 0 0 0 0 0 0 0 0 0 0 0 0 0 0 0 0 0 0 0 0 0 0 0 0 0 0 0 0 0 0 0 0 0 0 0 0 0 0 0 0 0 0 0 0 0 0 0 0 0 0 0 0 
0 0.00326128 0.00345594 0.0033145 0.00353436 0.00350481 0.00364184 0.00471438 0.0183243 0.0123901 0.0201815 0.00911321 0.0184241 0.00893027 0.0266772 0.00896186 0.0161536 0.0146379 0.622279 0.0147801 0.0138346 0.018135 0.00909555 0.0219076 0.0135923 0.015837 0.00896157 0.0421817 0.015091 0.00838919 0.00879177 0.0116117 0.00864188 0.0112011 0.0119935 0.0096733 0.0123073 0.00971862 0.0132923 0.0101385 0.0302471 0.00989322 0.0082379 0.0102622 0.00827399 0.0110915 0.00847327 0.0104151 0.00873265 0.0173099 0.00983884 0.00824407 0.0104626 0.00838245 0.00973795 0.00887552 0.0116982 0.00860476 0.00845703 0.00819032 0.00813172 0.00837836 0.0109444 0.0102932 
0.00326128 0 0.00323695 0.00330428 0.00328891 0.00336749 0.00330262 0.00532008 0.00459887 0.0161835 0.00922035 0.0331444 0.00836191 0.0345035 0.00840482 0.041903 0.0113307 0.722674 0.00983849 0.0176054 0.0302419 0.00989342 0.0506113 0.00903988 0.0179672 0.00908748 0.0190979 0.00952243 0.00870345 0.0109347 0.00985406 0.00837417 0.0124562 0.00892333 0.00967297 0.0112319 0.00940292 0.0280602 0.0121858 0.0246995 0.00913652 0.00830969 0.0130113 0.0085832 0.0175889 0.00875216 0.0177618 0.0086313 0.0165458 0.00840012 0.00819857 0.0103269 0.00840246 0.0141662 0.00844354 0.0116623 0.00829807 0.00900522 0.00820466 0.00845012 0.00814866 0.00876913 0.0082481 0.00835823 
0.00345594 0.00323695 0 0.00320825 0.00339521 0.00325385 0.00356072 0.00348406 0.00339139 0.0076206 0.0247141 0.0081577 0.0545571 0.00845875 0.0860926 0.0106147 0.738024 0.00866731 0.0127202 0.0109675 0.013462 0.0708426 0.00888207 0.0368906 0.00877181 0.0149344 0.00867648 0.0117426 0.0141466 0.00858514 0.00899341 0.0202712 0.00848482 0.0106906 0.00835387 0.00848172 0.0214499 0.0124894 0.059988 0.00930047 0.0121285 0.0106768 0.00837793 0.0295882 0.00838158 0.0354965 0.00874836 0.0355834 0.00845153 0.00997152 0.00965202 0.0081803 0.025307 0.00845438 0.0224725 0.0085298 0.00888324 0.00828253 0.00929205 0.00837825 0.0087435 0.00810468 0.00933207 0.00831668 
0.0033145 0.00330428 0.00320825 0 0.00319206 0.00343245 0.00322928 0.00339012 0.00358008 0.0147414 0.00787571 0.0468032 0.00853216 0.0590484 0.0125287 0.769552 0.00880096 0.0151411 0.00882623 0.0131975 0.0169515 0.00956196 0.0845288 0.00862734 0.0162759 0.00905897 0.0102398 0.00911153 0.00878944 0.0113137 0.0117961 0.00846629 0.018517 0.00857219 0.009304 0.0118274 0.00879049 0.0465672 0.0133216 0.016056 0.00860026 0.00830864 0.0161341 0.00842507 0.0282485 0.00875446 0.0392461 0.00875667 0.0113323 0.00816984 0.00815697 0.0114604 0.00834647 0.0238733 0.00873929 0.0101615 0.00835986 0.00939342 0.00825521 0.00948649 0.0083885 0.00898628 0.00814507 0.0086103 
0.00353436 0.00328891 0.00339521 0.00319206 0 0.00323214 0.00330778 0.00334925 0.00330476 0.00700526 0.0281112 0.00825485 0.0503074 0.0142777 0.805277 0.00824761 0.0184216 0.00864609 0.0124758 0.0104326 0.0116849 0.0555147 0.00889578 0.0283683 0.0089376 0.0115166 0.00861535 0.0102092 0.0138635 0.00846059 0.00885751 0.0174151 0.00853872 0.00977337 0.00839859 0.00843184 0.0200824 0.011388 0.0323057 0.00941918 0.0108318 0.0106309 0.0083266 0.0236188 0.00863435 0.0332477 0.00885861 0.0187326 0.0084409 0.00956376 0.00956482 0.00821855 0.0200962 0.00844315 0.0160032 0.00850199 0.00854008 0.00826532 0.00912486 0.00828038 0.00842038 0.00808212 0.00886957 0.00825951 
0.00350481 0.00336749 0.00325385 0.00343245 0.00323214 0 0.00320764 0.0032813 0.00324338 0.0110378 0.00790266 0.0171745 0.01126 0.758494 0.00830938 0.0119398 0.00860077 0.0127097 0.0086598 0.0108049 0.0165104 0.00970474 0.034139 0.00865046 0.0105337 0.00895943 0.00915925 0.00893953 0.00888168 0.00935848 0.010497 0.00872862 0.0109278 0.00840798 0.00862798 0.0095081 0.00887385 0.0207427 0.0130796 0.0113755 0.00850925 0.0082739 0.0107645 0.00850723 0.0153851 0.00872409 0.0148674 0.00881759 0.0091951 0.00830168 0.00815319 0.00877052 0.00848951 0.0129252 0.00854363 0.00866446 0.00826165 0.00848336 0.00815887 0.00835087 0.00812825 0.00836359 0.0081931 0.00829884 
0.00364184 0.00330262 0.00356072 0.00322928 0.00330778 0.00320764 0 0.00323659 0.00322945 0.00911903 0.012434 0.0114259 0.694579 0.00825886 0.00935175 0.0084534 0.0113437 0.0084701 0.00937515 0.01013 0.00982884 0.0144333 0.0100166 0.0102196 0.00901664 0.00922367 0.00861452 0.00919527 0.00939993 0.00856528 0.00913612 0.00939902 0.00870342 0.0085121 0.00831776 0.00867908 0.00974978 0.0117022 0.0134914 0.0092434 0.00871226 0.0086229 0.00846247 0.0101964 0.00887137 0.0105112 0.00878856 0.00945773 0.00838153 0.00829312 0.00826596 0.00821292 0.00954302 0.00881348 0.00910731 0.00834377 0.00819904 0.0082066 0.00821386 0.0082364 0.00810923 0.00813664 0.00811006 0.00818024 
0.00471438 0.00532008 0.00348406 0.00339012 0.00334925 0.0032813 0.00323659 0 0.00330321 0.00806256 0.021382 0.606048 0.0080268 0.00746424 0.00792637 0.00795125 0.00843351 0.00948612 0.0084362 0.00990491 0.0109351 0.00905427 0.00942702 0.00941593 0.00876501 0.00902684 0.00922151 0.00861367 0.00953772 0.00862955 0.00840765 0.00852871 0.00866124 0.0084678 0.00830593 0.00868186 0.00953279 0.00886536 0.0093317 0.00904165 0.00842097 0.0083941 0.00895459 0.00842133 0.00856966 0.0084056 0.00842992 0.00847436 0.00829088 0.00819758 0.00833849 0.00828854 0.00836332 0.00869082 0.00837082 0.00832779 0.0081773 0.00841244 0.00816027 0.00808991 0.00804453 0.00801415 0.00808852 0.00830565 
0.0183243 0.00459887 0.00339139 0.00358008 0.00330476 0.00324338 0.00322945 0.00330321 0 0.0366696 0.539258 0.00809578 0.00694045 0.00738515 0.00775947 0.00751132 0.00819974 0.00910159 0.010159 0.0195379 0.00947929 0.00902261 0.00917488 0.00875965 0.0097275 0.0214007 0.00850143 0.00958237 0.0168779 0.00850889 0.00852428 0.00865886 0.00872644 0.00844928 0.00856562 0.0122304 0.00928236 0.00908554 0.00900418 0.00889313 0.00883956 0.0112038 0.00842567 0.00830015 0.00838349 0.00836081 0.0085769 0.00841502 0.00823373 0.00839089 0.00954198 0.00824595 0.00832629 0.00857831 0.00818277 0.00816822 0.00842677 0.00956201 0.00829724 0.00812632 0.00806881 0.00805231 0.00813673 0.00922615 
0.0123901 0.0161835 0.0076206 0.0147414 0.00700526 0.0110378 0.00911903 0.00806256 0.0366696 0 0.00345407 0.00326003 0.00318051 0.00354003 0.00325528 0.00385126 0.00339201 0.00627618 0.00769417 0.0231092 0.00997736 0.00836479 0.0168635 0.008313 0.0943783 0.009659 0.0119063 0.0161533 0.0093589 0.00951549 0.00979179 0.0086145 0.0114358 0.00885522 0.01913 0.0158871 0.00920751 0.0112337 0.00957856 0.0155211 0.0112996 0.00859267 0.0102042 0.00842543 0.0111324 0.00839856 0.0111663 0.00837036 0.0160695 0.00958437 0.0083468 0.0103038 0.00825653 0.0115889 0.00825113 0.0102588 0.00902288 0.00967491 0.00807566 0.00831997 0.00815581 0.0087569 0.0089784 0.00984518 
0.0201815 0.00922035 0.0247141 0.00787571 0.0281112 0.00790266 0.012434 0.021382 0.539258 0.00345407 0 0.00319064 0.00322734 0.0032262 0.00348795 0.00328373 0.00560159 0.00362798 0.00578624 0.0101252 0.013836 0.0233497 0.00871782 0.115873 0.00917495 0.0162094 0.00978773 0.0153973 0.0146636 0.00920718 0.00921489 0.0161553 0.00870536 0.0207229 0.00874738 0.00922689 0.0582234 0.0108637 0.0531632 0.0108393 0.0170162 0.0115698 0.00865071 0.0249588 0.00854397 0.0313377 0.00899097 0.0419069 0.0087145 0.0184662 0.0115669 0.00834642 0.0199266 0.00862251 0.0235914 0.00892364 0.0105248 0.00837084 0.0103579 0.00835143 0.00898146 0.00830419 0.00961789 0.00829547 
0.00911321 0.0331444 0.0081577 0.0468032 0.00825485 0.0171745 0.0114259 0.606048 0.00809578 0.00326003 0.00319064 0 0.00318175 0.00327574 0.00321918 0.00328798 0.00322873 0.00445833 0.00375415 0.0107761 0.0157601 0.0088036 0.114029 0.00828739 0.0405662 0.00906506 0.0164846 0.00914474 0.00886322 0.0124529 0.0141557 0.00889569 0.0374621 0.00865281 0.00973808 0.0124819 0.00964066 0.110815 0.0153921 0.0403659 0.00898354 0.00850766 0.024619 0.00871386 0.0667626 0.00934768 0.0878393 0.00934429 0.0310018 0.0084128 0.00825637 0.0157499 0.00870766 0.050008 0.00931315 0.016547 0.00844778 0.00908771 0.00864314 0.0111342 0.00859396 0.00948633 0.00838061 0.00819442 
0.0184241 0.00836191 0.0545571 0.00853216 0.0503074 0.01126 0.694579 0.0080268 0.00694045 0.00318051 0.00322734 0.00318175 0 0.00321931 0.00351747 0.0032236 0.00350288 0.00324307 0.00370454 0.00921446 0.00978254 0.0847005 0.00861209 0.060652 0.0107386 0.0162087 0.00864567 0.0109636 0.0146118 0.00895129 0.0103918 0.0415167 0.00875108 0.0137345 0.00864622 0.00874464 0.055836 0.0137448 0.119922 0.0104575 0.0153744 0.0127841 0.00868676 0.05963 0.00889989 0.13497 0.00932046 0.0831119 0.00882153 0.0116096 0.010849 0.00851472 0.0530009 0.00915894 0.0613605 0.00893622 0.0101851 0.00848058 0.0102432 0.00886968 0.0113379 0.00830154 0.00965454 0.00831909 
0.00893027 0.0345035 0.00845875 0.0590484 0.0142777 0.758494 0.00825886 0.00746424 0.00738515 0.00354003 0.0032262 0.00327574 0.00321931 0 0.00313253 0.003381 0.00325839 0.00351235 0.00329979 0.0107102 0.0268946 0.00835873 0.0513529 0.00862124 0.197515 0.00873584 0.0119174 0.00872399 0.00869363 0.0129899 0.0171802 0.00864951 0.0288531 0.00861347 0.00962171 0.0141227 0.00983242 0.0751234 0.0125363 0.0358351 0.00878295 0.0084888 0.0271246 0.00865294 0.122365 0.00894298 0.0699091 0.00903032 0.017853 0.00832468 0.00821934 0.0177178 0.00866775 0.0623137 0.00910768 0.0143318 0.00850716 0.00953275 0.00840897 0.0119307 0.00862704 0.0093332 0.00820231 0.00822469 
0.0266772 0.00840482 0.0860926 0.0125287 0.805277 0.00830938 0.00935175 0.00792637 0.00775947 0.00325528 0.00348795 0.00321918 0.00351747 0.00313253 0 0.00319571 0.00322158 0.00321513 0.00330674 0.0137603 0.0131722 0.0264601 0.00882598 0.286299 0.0148794 0.0128075 0.00837508 0.00988261 0.0154207 0.00914052 0.0093013 0.0311161 0.00871191 0.0124397 0.00859945 0.00894669 0.0495046 0.0119061 0.113252 0.0100483 0.0151271 0.0135593 0.00855829 0.132489 0.00873373 0.0984311 0.00913256 0.0455027 0.00860653 0.0113184 0.0110502 0.00841309 0.0509137 0.0086283 0.0553245 0.00915817 0.00964767 0.00840448 0.0106569 0.0088399 0.0103592 0.00821267 0.0098178 0.00837396 
0.00896186 0.041903 0.0106147 0.769552 0.00824761 0.0119398 0.0084534 0.00795125 0.00751132 0.00385126 0.00328373 0.00328798 0.0032236 0.003381 0.00319571 0 0.00319649 0.00321105 0.00322416 0.0081432 0.0115768 0.014279 0.327577 0.00932558 0.0529286 0.00842207 0.010414 0.00881704 0.00868753 0.011486 0.0134298 0.00869684 0.0252162 0.00865458 0.00928169 0.0122574 0.00952703 0.0805199 0.0153494 0.0288972 0.00892838 0.00844742 0.0503815 0.00869494 0.0652331 0.00915627 0.0502302 0.00924843 0.016277 0.00848569 0.00828383 0.016368 0.00856759 0.0540212 0.0094306 0.0129003 0.00847058 0.00962438 0.00856379 0.0108958 0.00871202 0.00942428 0.00822138 0.00830322 
0.0161536 0.0113307 0.738024 0.00880096 0.0184216 0.00860077 0.0113437 0.00843351 0.00819974 0.00339201 0.00560159 0.00322873 0.00350288 0.00325839 0.00322158 0.00319649 0 0.00319001 0.00321292 0.00910758 0.0124322 0.31097 0.0231282 0.027859 0.00822507 0.0107393 0.00855088 0.0110081 0.0117271 0.00900056 0.0107596 0.0218371 0.00890605 0.010513 0.00849629 0.0087242 0.0344906 0.0149597 0.115389 0.0109486 0.0113491 0.0244938 0.00869919 0.0556153 0.00887611 0.0481953 0.00955934 0.0352807 0.00881431 0.009531 0.00962489 0.00852068 0.0349523 0.00916126 0.0344986 0.00906879 0.00897681 0.00834601 0.00942134 0.00884585 0.00944814 0.00823444 0.00879386 0.00807536 
0.0146379 0.722674 0.00866731 0.0151411 0.00864609 0.0127097 0.0084701 0.00948612 0.00910159 0.00627618 0.00362798 0.00445833 0.00324307 0.00351235 0.00321513 0.00321105 0.00319001 0 0.00322399 0.0147536 0.292836 0.0203165 0.0139005 0.00753328 0.0106083 0.00906669 0.0246521 0.00922863 0.00939126 0.0146378 0.0104198 0.00861295 0.0115644 0.00880245 0.00911034 0.0115815 0.0102408 0.0265929 0.012327 0.0278514 0.00918762 0.00884782 0.0316783 0.00872158 0.0192176 0.00918842 0.0184341 0.00889584 0.0126557 0.00852177 0.0083942 0.0128065 0.00861513 0.0152466 0.00895247 0.0114444 0.00858086 0.00907352 0.00832952 0.00886236 0.0082622 0.00887403 0.00828157 0.00822081 
0.622279 0.00983849 0.0127202 0.00882623 0.0124758 0.0086598 0.00937515 0.0084362 0.010159 0.00769417 0.00578624 0.00375415 0.00370454 0.00329979 0.00330674 0.00322416 0.00321292 0.00322399 0 0.263034 0.0121559 0.0126628 0.00713464 0.0132504 0.0173153 0.0303352 0.00901476 0.0131269 0.0350444 0.00909879 0.00882075 0.0104219 0.00877653 0.00893076 0.00943907 0.012281 0.0126822 0.0102829 0.0130178 0.0111296 0.0166006 0.0299894 0.00888016 0.0106653 0.00873368 0.0123126 0.00907536 0.00976308 0.00875147 0.0110608 0.0150045 0.00847444 0.0105389 0.00906436 0.00968121 0.00895193 0.00962096 0.0111378 0.00907685 0.00841592 0.00836931 0.00831806 0.00970087 0.00936006 
0.0147801 0.0176054 0.0109675 0.0131975 0.0104326 0.0108049 0.01013 0.00990491 0.0195379 0.0231092 0.0101252 0.0107761 0.00921446 0.0107102 0.0137603 0.0081432 0.00910758 0.0147536 0.263034 0 0.00324505 0.00323718 0.0032825 0.0032765 0.00404483 0.00611974 0.00812709 0.0206058 0.0173072 0.0115217 0.0109174 0.00949892 0.0109701 0.0151192 0.0218872 0.0272649 0.0174895 0.0145966 0.0180372 0.0177058 0.0973402 0.0111162 0.0110291 0.00970273 0.0114064 0.0113291 0.0124997 0.0110981 0.0117121 0.0210564 0.0108962 0.010373 0.0102198 0.0114685 0.0116233 0.0110256 0.0272503 0.00997788 0.0087845 0.00877613 0.00851415 0.00916692 0.0157556 0.0110088 
0.0138346 0.0302419 0.013462 0.0169515 0.0116849 0.0165104 0.00982884 0.0109351 0.00947929 0.00997736 0.013836 0.0157601 0.00978254 0.0268946 0.0131722 0.0115768 0.0124322 0.292836 0.0121559 0.00324505 0 0.00322042 0.00322283 0.00323539 0.00328153 0.00551272 0.0110991 0.00814499 0.0128805 0.0126669 0.0144164 0.0108759 0.0128314 0.0114656 0.00954249 0.012881 0.0244868 0.0483743 0.0305625 0.106657 0.0104921 0.0109457 0.0142933 0.0110282 0.0181232 0.0141873 0.0354935 0.0119794 0.019465 0.00930358 0.0101982 0.0124162 0.0127902 0.0221818 0.0138011 0.0281326 0.00937417 0.00908194 0.00922125 0.00997713 0.00897802 0.0105097 0.00883325 0.00849269 
0.018135 0.00989342 0.0708426 0.00956196 0.0555147 0.00970474 0.0144333 0.00905427 0.00902261 0.00836479 0.0233497 0.0088036 0.0847005 0.00835873 0.0264601 0.014279 0.31097 0.0203165 0.0126628 0.00323718 0.00322042 0 0.00320148 0.00325568 0.00323062 0.00831811 0.0061217 0.0166019 0.016558 0.00902245 0.0120777 0.0323776 0.00888045 0.0130399 0.00877269 0.00948557 0.0375581 0.0201625 0.248078 0.0116433 0.0150471 0.0128002 0.00929763 0.0600188 0.0100229 0.0990839 0.0108633 0.0835752 0.00919199 0.0119126 0.0107473 0.00887686 0.064751 0.0107903 0.118612 0.0100401 0.0111123 0.00870454 0.0105999 0.0101298 0.0139774 0.0086419 0.00968911 0.0084177 
0.00909555 0.0506113 0.00888207 0.0845288 0.00889578 0.034139 0.0100166 0.00942702 0.00917488 0.0168635 0.00871782 0.114029 0.00861209 0.0513529 0.00882598 0.327577 0.0231282 0.0139005 0.00713464 0.0032825 0.00322283 0.00320148 0 0.00319052 0.00327507 0.00394733 0.0225696 0.0141484 0.00851678 0.0160503 0.0142743 0.00851855 0.0329939 0.00852445 0.00987752 0.0123938 0.00959356 0.178756 0.0173238 0.0372362 0.00884937 0.00876299 0.031429 0.0088872 0.104491 0.00952731 0.124547 0.00988073 0.0236387 0.00860087 0.00855794 0.0218132 0.00906569 0.137648 0.00981151 0.0182173 0.00874383 0.00966942 0.00865968 0.017105 0.00937692 0.0103201 0.00853572 0.00826716 
0.0219076 0.00903988 0.0368906 0.00862734 0.0283683 0.00865046 0.0102196 0.00941593 0.00875965 0.008313 0.115873 0.00828739 0.060652 0.00862124 0.286299 0.00932558 0.027859 0.00753328 0.0132504 0.0032765 0.00323539 0.00325568 0.00319052 0 0.00318878 0.00997071 0.00734502 0.00563257 0.0229404 0.00894995 0.00879731 0.0245502 0.00843298 0.0138671 0.00838357 0.00882478 0.0823314 0.00980896 0.030604 0.0109855 0.0171893 0.0152579 0.00874734 0.0337864 0.00860075 0.0556131 0.00899623 0.0273384 0.0088129 0.0128298 0.0120235 0.00853481 0.0489744 0.00873449 0.0276107 0.00914104 0.00996408 0.00881867 0.0165356 0.00861806 0.00969087 0.00848224 0.0103981 0.00848429 
0.0135923 0.0179672 0.00877181 0.0162759 0.0089376 0.0105337 0.00901664 0.00876501 0.0097275 0.0943783 0.00917495 0.0405662 0.0107386 0.197515 0.0148794 0.0529286 0.00822507 0.0106083 0.0173153 0.00404483 0.00328153 0.00323062 0.00327507 0.00318878 0 0.0121449 0.00789216 0.00450933 0.0118349 0.0107668 0.0102111 0.00872673 0.0118176 0.00845707 0.0120958 0.0371058 0.00931381 0.0143517 0.0113964 0.0233883 0.0109681 0.0109537 0.0147106 0.00873534 0.022098 0.00907015 0.0163805 0.00887473 0.0145318 0.00896524 0.00996668 0.0150979 0.00859906 0.0160457 0.00873665 0.0129644 0.00908287 0.0158465 0.00852863 0.00869797 0.00836424 0.00903386 0.00861219 0.00930507 
0.015837 0.00908748 0.0149344 0.00905897 0.0115166 0.00895943 0.00922367 0.00902684 0.0214007 0.009659 0.0162094 0.00906506 0.0162087 0.00873584 0.0128075 0.00842207 0.0107393 0.00906669 0.0303352 0.00611974 0.00551272 0.00831811 0.00394733 0.00997071 0.0121449 0 0.00326195 0.00343076 0.0256901 0.0139667 0.0156076 0.0228134 0.00862149 0.011211 0.0198591 0.0102899 0.015532 0.00992759 0.0130226 0.0112659 0.0481 0.0120369 0.00878319 0.0140411 0.00882726 0.0116517 0.00920348 0.0105729 0.0092724 0.0350836 0.0109449 0.00860945 0.0111533 0.00905848 0.0111601 0.00954206 0.018495 0.00888153 0.00890554 0.0085666 0.00853896 0.00876805 0.0162747 0.0119778 
0.00896157 0.0190979 0.00867648 0.0102398 0.00861535 0.00915925 0.00861452 0.00922151 0.00850143 0.0119063 0.00978773 0.0164846 0.00864567 0.0119174 0.00837508 0.010414 0.00855088 0.0246521 0.00901476 0.00812709 0.0110991 0.0061217 0.0225696 0.00734502 0.00789216 0.00326195 0 0.00323123 0.00877775 0.0329782 0.0124255 0.00810683 0.00948488 0.00971973 0.00822152 0.0095066 0.0101332 0.0138359 0.0105216 0.0335024 0.0104756 0.00875681 0.0164261 0.0086527 0.0103828 0.00890133 0.0110754 0.00885162 0.0174651 0.00848992 0.00867664 0.0122062 0.00869218 0.0100272 0.00896633 0.0173884 0.00856518 0.00851563 0.00858609 0.00839342 0.00831282 0.00942062 0.00840429 0.00846266 
0.0421817 0.00952243 0.0117426 0.00911153 0.0102092 0.00893953 0.00919527 0.00861367 0.00958237 0.0161533 0.0153973 0.00914474 0.0109636 0.00872399 0.00988261 0.00881704 0.0110081 0.00922863 0.0131269 0.0206058 0.00814499 0.0166019 0.0141484 0.00563257 0.00450933 0.00343076 0.00323123 0 0.0263057 0.00777046 0.0070631 0.00944548 0.00796301 0.00761372 0.010085 0.0138333 0.0110492 0.00952224 0.0150413 0.00995463 0.0164073 0.029064 0.00938306 0.0102095 0.00922818 0.0111148 0.0101772 0.0206614 0.00892735 0.0106192 0.0197289 0.00914711 0.0105739 0.00943634 0.0105025 0.0092502 0.0111356 0.0147107 0.00963478 0.00871062 0.00856729 0.00841304 0.010058 0.0108821 
0.015091 0.00870345 0.0141466 0.00878944 0.0138635 0.00888168 0.00939993 0.00953772 0.0168779 0.0093589 0.0146636 0.00886322 0.0146118 0.00869363 0.0154207 0.00868753 0.0117271 0.00939126 0.0350444 0.0173072 0.0128805 0.016558 0.00851678 0.0229404 0.0118349 0.0256901 0.00877775 0.0263057 0 0.00331859 0.00323344 0.00367569 0.00333897 0.00423153 0.00575601 0.00475188 0.00639717 0.00635892 0.007627 0.0100314 0.643973 0.0263278 0.00808452 0.012188 0.00822704 0.0130167 0.00885844 0.0109612 0.00897623 0.0694114 0.0143572 0.00876342 0.0153009 0.00880024 0.0130484 0.00974527 0.0193759 0.0102783 0.0103326 0.00872247 0.00874456 0.0087614 0.0318437 0.0130565 
0.00838919 0.0109347 0.00858514 0.0113137 0.00846059 0.00935848 0.00856528 0.00862955 0.00850889 0.00951549 0.00920718 0.0124529 0.00895129 0.0129899 0.00914052 0.011486 0.00900056 0.0146378 0.00909879 0.0115217 0.0126669 0.00902245 0.0160503 0.00894995 0.0107668 0.0139667 0.0329782 0.00777046 0.00331859 0 0.00331094 0.00319732 0.00323679 0.00332984 0.00361248 0.00409786 0.00527147 0.00635038 0.00710611 0.14843 0.0957304 0.0079207 0.00987388 0.00842137 0.0103862 0.00860205 0.0109 0.0084758 0.0132837 0.00873276 0.00895802 0.0101667 0.00888811 0.012623 0.00920255 0.0133569 0.00919075 0.00892986 0.00879974 0.00881457 0.00846574 0.00950614 0.00899167 0.0086312 
0.00879177 0.00985406 0.00899341 0.0117961 0.00885751 0.010497 0.00913612 0.00840765 0.00852428 0.00979179 0.00921489 0.0141557 0.0103918 0.0171802 0.0093013 0.0134298 0.0107596 0.0104198 0.00882075 0.0109174 0.0144164 0.0120777 0.0142743 0.00879731 0.0102111 0.0156076 0.0124255 0.0070631 0.00323344 0.00331094 0 0.00316594 0.00324258 0.00327142 0.00361275 0.00379199 0.00477803 0.00689029 0.0487518 0.892175 0.00711203 0.00802428 0.00878903 0.00875787 0.010756 0.00897519 0.0115489 0.00953578 0.0119903 0.00857555 0.00872016 0.00977609 0.00943965 0.0137377 0.0109557 0.0104121 0.00874033 0.00905906 0.00862835 0.00942756 0.00934135 0.00958786 0.00844535 0.00836073 
0.0116117 0.00837417 0.0202712 0.00846629 0.0174151 0.00872862 0.00939902 0.00852871 0.00865886 0.0086145 0.0161553 0.00889569 0.0415167 0.00864951 0.0311161 0.00869684 0.0218371 0.00861295 0.0104219 0.00949892 0.0108759 0.0323776 0.00851855 0.0245502 0.00872673 0.0228134 0.00810683 0.00944548 0.00367569 0.00319732 0.00316594 0 0.00319748 0.00332704 0.00331768 0.00345499 0.00551379 0.0128283 0.947045 0.00748386 0.00815406 0.0086335 0.00771643 0.0178588 0.00815731 0.0178832 0.00868806 0.0175652 0.00837874 0.0150122 0.0115514 0.00842778 0.025741 0.0088796 0.0249062 0.00875595 0.00954366 0.00899948 0.0106388 0.00918747 0.0110237 0.00856488 0.0103352 0.00892486 
0.00864188 0.0124562 0.00848482 0.018517 0.00853872 0.0109278 0.00870342 0.00866124 0.00872644 0.0114358 0.00870536 0.0374621 0.00875108 0.0288531 0.00871191 0.0252162 0.00890605 0.0115644 0.00877653 0.0109701 0.0128314 0.00888045 0.0329939 0.00843298 0.0118176 0.00862149 0.00948488 0.00796301 0.00333897 0.00323679 0.00324258 0.00319748 0 0.00319478 0.00327576 0.0047039 0.00866248 0.948521 0.00613843 0.00976224 0.00529668 0.00704964 0.0209248 0.00809804 0.0169539 0.00864311 0.0201779 0.00843159 0.0164991 0.00858879 0.00863939 0.0132175 0.00867604 0.0290007 0.00899415 0.0109383 0.00863275 0.0101701 0.00888884 0.0114194 0.00892931 0.00952874 0.00857727 0.00862571 
0.0112011 0.00892333 0.0106906 0.00857219 0.00977337 0.00840798 0.0085121 0.0084678 0.00844928 0.00885522 0.0207229 0.00865281 0.0137345 0.00861347 0.0124397 0.00865458 0.010513 0.00880245 0.00893076 0.0151192 0.0114656 0.0130399 0.00852445 0.0138671 0.00845707 0.011211 0.00971973 0.00761372 0.00423153 0.00332984 0.00327142 0.00332704 0.00319478 0 0.00333634 0.00466685 0.992626 0.00441191 0.00588431 0.00533223 0.00536981 0.00906046 0.00808468 0.0127283 0.00820209 0.016487 0.00860966 0.0117016 0.00930908 0.00910314 0.00978971 0.00859337 0.0120032 0.00872815 0.01206 0.00903861 0.00881899 0.0095658 0.0111738 0.00861138 0.00864745 0.00861304 0.00887461 0.00879277 
0.0119935 0.00967297 0.00835387 0.009304 0.00839859 0.00862798 0.00831776 0.00830593 0.00856562 0.01913 0.00874738 0.00973808 0.00864622 0.00962171 0.00859945 0.00928169 0.00849629 0.00911034 0.00943907 0.0218872 0.00954249 0.00877269 0.00987752 0.00838357 0.0120958 0.0198591 0.00822152 0.010085 0.00575601 0.00361248 0.00361275 0.00331768 0.00327576 0.00333634 0 0.992264 0.0041216 0.00362036 0.0035686 0.00463936 0.00470258 0.0122104 0.00932459 0.00764213 0.0091448 0.00815135 0.0104513 0.00865339 0.00908363 0.0101831 0.0130104 0.00948115 0.00869431 0.00948625 0.00864044 0.00904947 0.00965832 0.0181295 0.00900934 0.00863068 0.00838274 0.00865784 0.00883464 0.0110514 
0.0096733 0.0112319 0.00848172 0.0118274 0.00843184 0.0095081 0.00867908 0.00868186 0.0122304 0.0158871 0.00922689 0.0124819 0.00874464 0.0141227 0.00894669 0.0122574 0.0087242 0.0115815 0.012281 0.0272649 0.012881 0.00948557 0.0123938 0.00882478 0.0371058 0.0102899 0.0095066 0.0138333 0.00475188 0.00409786 0.00379199 0.00345499 0.0047039 0.00466685 0.992264 0 0.00335588 0.00325804 0.0032417 0.00362467 0.00395514 0.00654243 0.00843833 0.00675167 0.0106046 0.0108448 0.0994459 0.0100068 0.0127722 0.0116216 0.0112325 0.0142976 0.00905697 0.0153322 0.00912341 0.0120094 0.0119044 0.016012 0.00919855 0.00917422 0.00878367 0.00987533 0.0109893 0.0119051 
0.0123073 0.00940292 0.0214499 0.00879049 0.0200824 0.00887385 0.00974978 0.00953279 0.00928236 0.00920751 0.0582234 0.00964066 0.055836 0.00983242 0.0495046 0.00952703 0.0344906 0.0102408 0.0126822 0.0174895 0.0244868 0.0375581 0.00959356 0.0823314 0.00931381 0.015532 0.0101332 0.0110492 0.00639717 0.00527147 0.00477803 0.00551379 0.00866248 0.992626 0.0041216 0.00335588 0 0.0032611 0.00327028 0.0033299 0.00383747 0.00903044 0.00680201 0.0120223 0.0202185 0.157407 0.013953 0.0208618 0.00955182 0.0187456 0.0174942 0.00959073 0.035605 0.00956593 0.037418 0.0112734 0.0107496 0.0110405 0.0194823 0.00951307 0.011717 0.0108396 0.0128312 0.0107748 
0.00971862 0.0280602 0.0124894 0.0465672 0.011388 0.0207427 0.0117022 0.00886536 0.00908554 0.0112337 0.0108637 0.110815 0.0137448 0.0751234 0.0119061 0.0805199 0.0149597 0.0265929 0.0102829 0.0145966 0.0483743 0.0201625 0.178756 0.00980896 0.0143517 0.00992759 0.0138359 0.00952224 0.00635892 0.00635038 0.00689029 0.0128283 0.948521 0.00441191 0.00362036 0.00325804 0.0032611 0 0.00323613 0.00325608 0.0032789 0.00656633 0.0216845 0.0151873 0.128932 0.0184133 0.0294119 0.0095805 0.0193736 0.00898088 0.00962736 0.0250875 0.0104689 0.0863026 0.0145964 0.025216 0.00976786 0.0111176 0.013209 0.0221983 0.0128988 0.01386 0.00932143 0.0089084 
0.0132923 0.0121858 0.059988 0.0133216 0.0323057 0.0130796 0.0134914 0.0093317 0.00900418 0.00957856 0.0531632 0.0153921 0.119922 0.0125363 0.113252 0.0153494 0.115389 0.012327 0.0130178 0.0180372 0.0305625 0.248078 0.0173238 0.030604 0.0113964 0.0130226 0.0105216 0.0150413 0.007627 0.00710611 0.0487518 0.947045 0.00613843 0.00588431 0.0035686 0.0032417 0.00327028 0.00323613 0 0.00321106 0.00326223 0.0105247 0.0112567 0.128474 0.0228566 0.0313221 0.0116637 0.0247036 0.00936878 0.011767 0.0132944 0.0104094 0.0556057 0.0161431 0.0938589 0.0140592 0.0129311 0.0101486 0.0178654 0.0150189 0.0290779 0.00997323 0.0120654 0.00903463 
0.0101385 0.0246995 0.00930047 0.016056 0.00941918 0.0113755 0.0092434 0.00904165 0.00889313 0.0155211 0.0108393 0.0403659 0.0104575 0.0358351 0.0100483 0.0288972 0.0109486 0.0278514 0.0111296 0.0177058 0.106657 0.0116433 0.0372362 0.0109855 0.0233883 0.0112659 0.0335024 0.00995463 0.0100314 0.14843 0.892175 0.00748386 0.00976224 0.00533223 0.00463936 0.00362467 0.0033299 0.00325608 0.00321106 0 0.00326183 0.0168084 0.121655 0.0119856 0.0296158 0.00937922 0.0182651 0.00914175 0.0259728 0.00850875 0.00990865 0.0288093 0.0106163 0.0269643 0.0141725 0.037546 0.010328 0.0143729 0.0124566 0.0119468 0.00976301 0.018429 0.00946478 0.00956028 
0.0302471 0.00913652 0.0121285 0.00860026 0.0108318 0.00850925 0.00871226 0.00842097 0.00883956 0.0112996 0.0170162 0.00898354 0.0153744 0.00878295 0.0151271 0.00892838 0.0113491 0.00918762 0.0166006 0.0973402 0.0104921 0.0150471 0.00884937 0.0171893 0.0109681 0.0481 0.0104756 0.0164073 0.643973 0.0957304 0.00711203 0.00815406 0.00529668 0.00536981 0.00470258 0.00395514 0.00383747 0.0032789 0.00326223 0.00326183 0 0.112797 0.00752853 0.0182122 0.00728918 0.0111408 0.00751031 0.0100825 0.00728019 0.016453 0.0270238 0.00930824 0.0178463 0.00895544 0.0116259 0.00995576 0.0161718 0.0171363 0.013012 0.00874852 0.00912589 0.00881855 0.0179938 0.014797 
0.00989322 0.00830969 0.0106768 0.00830864 0.0106309 0.0082739 0.0086229 0.0083941 0.0112038 0.00859267 0.0115698 0.00850766 0.0127841 0.0084888 0.0135593 0.00844742 0.0244938 0.00884782 0.0299894 0.0111162 0.0109457 0.0128002 0.00876299 0.0152579 0.0109537 0.0120369 0.00875681 0.029064 0.0263278 0.0079207 0.00802428 0.0086335 0.00704964 0.00906046 0.0122104 0.00654243 0.00903044 0.00656633 0.0105247 0.0168084 0.112797 0 0.00325207 0.00329601 0.0032111 0.00342869 0.00331981 0.00351143 0.00332879 0.00980101 0.00890115 0.0077149 0.0125332 0.00835342 0.0165314 0.00959759 0.0376185 0.0116407 0.010757 0.00884049 0.00913344 0.00899067 0.0293155 0.0128003 
0.0082379 0.0130113 0.00837793 0.0161341 0.0083266 0.0107645 0.00846247 0.00895459 0.00842567 0.0102042 0.00865071 0.024619 0.00868676 0.0271246 0.00855829 0.0503815 0.00869919 0.0316783 0.00888016 0.0110291 0.0142933 0.00929763 0.031429 0.00874734 0.0147106 0.00878319 0.0164261 0.00938306 0.00808452 0.00987388 0.00878903 0.00771643 0.0209248 0.00808468 0.00932459 0.00843833 0.00680201 0.0216845 0.0112567 0.121655 0.00752853 0.00325207 0 0.00319162 0.00328119 0.00321869 0.0032271 0.00325428 0.0102597 0.00349068 0.0068 0.0232386 0.00814809 0.0314889 0.00842823 0.0419842 0.00955957 0.010919 0.00900639 0.0109467 0.00867953 0.0192688 0.00878043 0.00959659 
0.0102622 0.0085832 0.0295882 0.00842507 0.0236188 0.00850723 0.0101964 0.00842133 0.00830015 0.00842543 0.0249588 0.00871386 0.05963 0.00865294 0.132489 0.00869494 0.0556153 0.00872158 0.0106653 0.00970273 0.0110282 0.0600188 0.0088872 0.0337864 0.00873534 0.0140411 0.0086527 0.0102095 0.012188 0.00842137 0.00875787 0.0178588 0.00809804 0.0127283 0.00764213 0.00675167 0.0120223 0.0151873 0.128474 0.0119856 0.0182122 0.00329601 0.00319162 0 0.00318605 0.00318055 0.00322149 0.00363298 0.00322653 0.00369634 0.0113573 0.00743864 0.0385657 0.00835985 0.0904229 0.00946713 0.0432437 0.0086736 0.0134335 0.00900083 0.0140869 0.00856762 0.0134193 0.00889235 
0.00827399 0.0175889 0.00838158 0.0282485 0.00863435 0.0153851 0.00887137 0.00856966 0.00838349 0.0111324 0.00854397 0.0667626 0.00889989 0.122365 0.00873373 0.0652331 0.00887611 0.0192176 0.00873368 0.0114064 0.0181232 0.0100229 0.104491 0.00860075 0.022098 0.00882726 0.0103828 0.00922818 0.00822704 0.0103862 0.010756 0.00815731 0.0169539 0.00820209 0.0091448 0.0106046 0.0202185 0.128932 0.0228566 0.0296158 0.00728918 0.0032111 0.00328119 0.00318605 0 0.00318429 0.00325631 0.00321351 0.00328187 0.00326565 0.00655494 0.0157827 0.00796416 0.107624 0.00968867 0.0615376 0.00902215 0.0111248 0.00939581 0.0201784 0.0093828 0.016851 0.00858982 0.00870817 
0.0110915 0.00875216 0.0354965 0.00875446 0.0332477 0.00872409 0.0105112 0.0084056 0.00836081 0.00839856 0.0313377 0.00934768 0.13497 0.00894298 0.0984311 0.00915627 0.0481953 0.00918842 0.0123126 0.0113291 0.0141873 0.0990839 0.00952731 0.0556131 0.00907015 0.0116517 0.00890133 0.0111148 0.0130167 0.00860205 0.00897519 0.0178832 0.00864311 0.016487 0.00815135 0.0108448 0.157407 0.0184133 0.0313221 0.00937922 0.0111408 0.00342869 0.00321869 0.00318055 0.00318429 0 0.00319166 0.00331835 0.00323814 0.00331016 0.00949211 0.00738522 0.0543272 0.0178957 0.116205 0.00960068 0.0129331 0.00911773 0.0223814 0.0092929 0.0133743 0.00871933 0.0181598 0.00935188 
0.00847327 0.0177618 0.00874836 0.0392461 0.00885861 0.0148674 0.00878856 0.00842992 0.0085769 0.0111663 0.00899097 0.0878393 0.00932046 0.0699091 0.00913256 0.0502302 0.00955934 0.0184341 0.00907536 0.0124997 0.0354935 0.0108633 0.124547 0.00899623 0.0163805 0.00920348 0.0110754 0.0101772 0.00885844 0.0109 0.0115489 0.00868806 0.0201779 0.00860966 0.0104513 0.0994459 0.013953 0.0294119 0.0116637 0.0182651 0.00751031 0.00331981 0.0032271 0.00322149 0.00325631 0.00319166 0 0.00318891 0.00322676 0.00320597 0.00649684 0.0514498 0.00882234 0.0747995 0.0109472 0.0303412 0.00896826 0.0132533 0.00962846 0.0136827 0.00949045 0.0134475 0.00897887 0.00918075 
0.0104151 0.0086313 0.0355834 0.00875667 0.0187326 0.00881759 0.00945773 0.00847436 0.00841502 0.00837036 0.0419069 0.00934429 0.0831119 0.00903032 0.0455027 0.00924843 0.0352807 0.00889584 0.00976308 0.0110981 0.0119794 0.0835752 0.00988073 0.0273384 0.00887473 0.0105729 0.00885162 0.0206614 0.0109612 0.0084758 0.00953578 0.0175652 0.00843159 0.0117016 0.00865339 0.0100068 0.0208618 0.0095805 0.0247036 0.00914175 0.0100825 0.00351143 0.00325428 0.00363298 0.00321351 0.00331835 0.00318891 0 0.00321298 0.00325489 0.0355646 0.00763153 0.0972276 0.0167983 0.0542388 0.00867523 0.00953282 0.00861251 0.0118049 0.00905633 0.0132298 0.00848292 0.0162454 0.00879114 
0.00873265 0.0165458 0.00845153 0.0113323 0.0084409 0.0091951 0.00838153 0.00829088 0.00823373 0.0160695 0.0087145 0.0310018 0.00882153 0.017853 0.00860653 0.016277 0.00881431 0.0126557 0.00875147 0.0117121 0.019465 0.00919199 0.0236387 0.0088129 0.0145318 0.0092724 0.0174651 0.00892735 0.00897623 0.0132837 0.0119903 0.00837874 0.0164991 0.00930908 0.00908363 0.0127722 0.00955182 0.0193736 0.00936878 0.0259728 0.00728019 0.00332879 0.0102597 0.00322653 0.00328187 0.00323814 0.00322676 0.00321298 0 0.00333997 0.00714586 0.0928698 0.00778572 0.030764 0.0080754 0.0170476 0.00763991 0.0149528 0.00962932 0.0102004 0.00875736 0.0172536 0.00889098 0.00918368 
0.0173099 0.00840012 0.00997152 0.00816984 0.00956376 0.00830168 0.00829312 0.00819758 0.00839089 0.00958437 0.0184662 0.0084128 0.0116096 0.00832468 0.0113184 0.00848569 0.009531 0.00852177 0.0110608 0.0210564 0.00930358 0.0119126 0.00860087 0.0128298 0.00896524 0.0350836 0.00848992 0.0106192 0.0694114 0.00873276 0.00857555 0.0150122 0.00858879 0.00910314 0.0101831 0.0116216 0.0187456 0.00898088 0.011767 0.00850875 0.016453 0.00980101 0.00349068 0.00369634 0.00326565 0.00331016 0.00320597 0.00325489 0.00333997 0 0.145207 0.00618232 0.0142123 0.00672254 0.00893121 0.00722236 0.0122037 0.0118271 0.0122162 0.00827914 0.00862827 0.00818735 0.0169219 0.0148209 
0.00983884 0.00819857 0.00965202 0.00815697 0.00956482 0.00815319 0.00826596 0.00833849 0.00954198 0.0083468 0.0115669 0.00825637 0.010849 0.00821934 0.0110502 0.00828383 0.00962489 0.0083942 0.0150045 0.0108962 0.0101982 0.0107473 0.00855794 0.0120235 0.00996668 0.0109449 0.00867664 0.0197289 0.0143572 0.00895802 0.00872016 0.0115514 0.00863939 0.00978971 0.0130104 0.0112325 0.0174942 0.00962736 0.0132944 0.00990865 0.0270238 0.00890115 0.0068 0.0113573 0.00655494 0.00949211 0.00649684 0.0355646 0.00714586 0.145207 0 0.00326639 0.00325319 0.00324989 0.00332076 0.00335281 0.00418279 0.00713924 0.00726693 0.00718985 0.0071685 0.00828114 0.726624 0.0158745 
0.00824407 0.0103269 0.0081803 0.0114604 0.00821855 0.00877052 0.00821292 0.00828854 0.00824595 0.0103038 0.00834642 0.0157499 0.00851472 0.0177178 0.00841309 0.016368 0.00852068 0.0128065 0.00847444 0.010373 0.0124162 0.00887686 0.0218132 0.00853481 0.0150979 0.00860945 0.0122062 0.00914711 0.00876342 0.0101667 0.00977609 0.00842778 0.0132175 0.00859337 0.00948115 0.0142976 0.00959073 0.0250875 0.0104094 0.0288093 0.00930824 0.0077149 0.0232386 0.00743864 0.0157827 0.00738522 0.0514498 0.00763153 0.0928698 0.00618232 0.00326639 0 0.00320342 0.00328891 0.00324892 0.00333419 0.00323948 0.00690394 0.00657713 0.00810885 0.00762031 0.755544 0.025606 0.00924384 
0.0104626 0.00840246 0.025307 0.00834647 0.0200962 0.00848951 0.00954302 0.00836332 0.00832629 0.00825653 0.0199266 0.00870766 0.0530009 0.00866775 0.0509137 0.00856759 0.0349523 0.00861513 0.0105389 0.0102198 0.0127902 0.064751 0.00906569 0.0489744 0.00859906 0.0111533 0.00869218 0.0105739 0.0153009 0.00888811 0.00943965 0.025741 0.00867604 0.0120032 0.00869431 0.00905697 0.035605 0.0104689 0.0556057 0.0106163 0.0178463 0.0125332 0.00814809 0.0385657 0.00796416 0.0543272 0.00882234 0.0972276 0.00778572 0.0142123 0.00325319 0.00320342 0 0.00320045 0.00338287 0.00326962 0.00332446 0.00614465 0.010189 0.00798493 0.656473 0.022222 0.0587091 0.010123 
0.00838245 0.0141662 0.00845438 0.0238733 0.00844315 0.0129252 0.00881348 0.00869082 0.00857831 0.0115889 0.00862251 0.050008 0.00915894 0.0623137 0.0086283 0.0540212 0.00916126 0.0152466 0.00906436 0.0114685 0.0221818 0.0107903 0.137648 0.00873449 0.0160457 0.00905848 0.0100272 0.00943634 0.00880024 0.012623 0.0137377 0.0088796 0.0290007 0.00872815 0.00948625 0.0153322 0.00956593 0.0863026 0.0161431 0.0269643 0.00895544 0.00835342 0.0314889 0.00835985 0.107624 0.0178957 0.0747995 0.0167983 0.030764 0.00672254 0.00324989 0.00328891 0.00320045 0 0.00319631 0.00323831 0.00321816 0.00952934 0.00704311 0.7127 0.0389123 0.130508 0.00836073 0.00894245 
0.00973795 0.00844354 0.0224725 0.00873929 0.0160032 0.00854363 0.00910731 0.00837082 0.00818277 0.00825113 0.0235914 0.00931315 0.0613605 0.00910768 0.0553245 0.0094306 0.0344986 0.00895247 0.00968121 0.0116233 0.0138011 0.118612 0.00981151 0.0276107 0.00873665 0.0111601 0.00896633 0.0105025 0.0130484 0.00920255 0.0109557 0.0249062 0.00899415 0.01206 0.00864044 0.00912341 0.037418 0.0145964 0.0938589 0.0141725 0.0116259 0.0165314 0.00842823 0.0904229 0.00968867 0.116205 0.0109472 0.0542388 0.0080754 0.00893121 0.00332076 0.00324892 0.00338287 0.00319631 0 0.0031873 0.00321318 0.0065029 0.819382 0.0514799 0.0874686 0.00838893 0.0102797 0.00844396 
0.00887552 0.0116623 0.0085298 0.0101615 0.00850199 0.00866446 0.00834377 0.00832779 0.00816822 0.0102588 0.00892364 0.016547 0.00893622 0.0143318 0.00915817 0.0129003 0.00906879 0.0114444 0.00895193 0.0110256 0.0281326 0.0100401 0.0182173 0.00914104 0.0129644 0.00954206 0.0173884 0.0092502 0.00974527 0.0133569 0.0104121 0.00875595 0.0109383 0.00903861 0.00904947 0.0120094 0.0112734 0.025216 0.0140592 0.037546 0.00995576 0.00959759 0.0419842 0.00946713 0.0615376 0.00960068 0.0303412 0.00867523 0.0170476 0.00722236 0.00335281 0.00333419 0.00326962 0.00323831 0.0031873 0 0.00327933 0.861608 0.0740056 0.0355183 0.00730637 0.0105792 0.0076213 0.00993462 
0.0116982 0.00829807 0.00888324 0.00835986 0.00854008 0.00826165 0.00819904 0.0081773 0.00842677 0.00902288 0.0105248 0.00844778 0.0101851 0.00850716 0.00964767 0.00847058 0.00897681 0.00858086 0.00962096 0.0272503 0.00937417 0.0111123 0.00874383 0.00996408 0.00908287 0.018495 0.00856518 0.0111356 0.0193759 0.00919075 0.00874033 0.00954366 0.00863275 0.00881899 0.00965832 0.0119044 0.0107496 0.00976786 0.0129311 0.010328 0.0161718 0.0376185 0.00955957 0.0432437 0.00902215 0.0129331 0.00896826 0.00953282 0.00763991 0.0122037 0.00418279 0.00323948 0.00332446 0.00321816 0.00321318 0.00327933 0 0.0346445 0.0512902 0.00490587 0.00560551 0.00596339 0.0174453 0.0104168 
0.00860476 0.00900522 0.00828253 0.00939342 0.00826532 0.00848336 0.0082066 0.00841244 0.00956201 0.00967491 0.00837084 0.00908771 0.00848058 0.00953275 0.00840448 0.00962438 0.00834601 0.00907352 0.0111378 0.00997788 0.00908194 0.00870454 0.00966942 0.00881867 0.0158465 0.00888153 0.00851563 0.0147107 0.0102783 0.00892986 0.00905906 0.00899948 0.0101701 0.0095658 0.0181295 0.016012 0.0110405 0.0111176 0.0101486 0.0143729 0.0171363 0.0116407 0.010919 0.0086736 0.0111248 0.00911773 0.0132533 0.00861251 0.0149528 0.0118271 0.00713924 0.00690394 0.00614465 0.00952934 0.0065029 0.861608 0.0346445 0 0.00416929 0.00325418 0.00322048 0.00346781 0.00415901 0.0108033 
0.00845703 0.00820466 0.00929205 0.00825521 0.00912486 0.00815887 0.00821386 0.00816027 0.00829724 0.00807566 0.0103579 0.00864314 0.0102432 0.00840897 0.0106569 0.00856379 0.00942134 0.00832952 0.00907685 0.0087845 0.00922125 0.0105999 0.00865968 0.0165356 0.00852863 0.00890554 0.00858609 0.00963478 0.0103326 0.00879974 0.00862835 0.0106388 0.00888884 0.0111738 0.00900934 0.00919855 0.0194823 0.013209 0.0178654 0.0124566 0.013012 0.010757 0.00900639 0.0134335 0.00939581 0.0223814 0.00962846 0.0118049 0.00962932 0.0122162 0.00726693 0.00657713 0.010189 0.00704311 0.819382 0.0740056 0.0512902 0.00416929 0 0.00321564 0.00323633 0.00344765 0.00355938 0.00750474 
