1EGHA
MELTTRTLPARKHIALVAHDHCKQMLMSWVERHQPLLEQHVLYATGTTGNLISRATGMNVNAMLSGPMGGDQQVGALISEGKIDVLIFFWDPLNAVPHDPDVKALLRLATVWNIPVATNVATADFIIQSPHFNDAVDILIPDYQRYLADRLK
CCEEEEEECCCCEEEEEECHHHHHHHHHHHHHCHHHHCCCEEEECHHHHHHHHHHHCCCEEECCCHHHCHHHHHHHHHHCCCCCEEEEECCCCCCCCCHHHHHHHHHHHHHCCCCEECCHHHHHHHHCCHHHHCCEEEEEECHHHHHHHHCC
0 0 0 0 0 0 0 0 0 0 0 0 0 0 0 0 0 0 0 0 0 0 0 0 0 0 0 0 0 0 0 0 0 0 0 0 0 0 0 0 0 0 0 0 0 0 0 0 0 0 0 0 0 0 0 0 0 0 0 0 0 0 0 0 0 0 0 0 0 0 0 0 0 0 0 0 0 0 0 0 0 0 0 0 0 0 0 0 0 0 0 0 0 0 0 0 0 0 0 0 0 0 0 0 0 0 0 0 0 0 0 0 0 0 0 0 0 0 0 0 0 0 0 0 0 0 0 0 0 0 0 0 0 0 0 0 0 0 0 0 0 0 0 0 0 0 0 0 0 0 0 0 
0 0 0 0 0 0 0 0 0 0 0 0 0 0 0 0 0 0 0 0 0 0 0 0 0 0 0 0 0 0 0 0 0 0 0 0 0 0 0 0 0 0 0 0 0 0 0 0 0 0 0 0 0 0 0 0 0 0 0 0 0 0 0 0 0 0 0 0 0 0 0 0 0 0 0 0 0 0 0 0 0 0 0 0 0 0 0 0 0 0 0 0 0 0 0 0 0 0 0 0 0 0 0 0 0 0 0 0 0 0 0 0 0 0 0 0 0 0 0 0 0 0 0 0 0 0 0 0 0 0 0 0 0 0 0 0 0 0 0 0 0 0 0 0 0 0 0 0 0 0 0 0 
0 0.003744 0.00343936 0.00362183 0.0045703 0.0100594 0.00894482 0.00776748 0.00843212 0.0103096 0.0571411 0.110898 0.016402 0.00955342 0.0115186 0.0173197 0.0136669 0.00868814 0.0121172 0.0112207 0.00885065 0.0094544 0.00883006 0.0116642 0.00853 0.00878463 0.00971805 0.0083629 0.00852583 0.00834824 0.00859587 0.00979809 
0.003744 0 0.00331759 0.00337804 0.00387919 0.00362041 0.00593483 0.00909731 0.00855782 0.0337151 0.0856962 0.0275029 0.0107233 0.0153557 0.0118199 0.011051 0.0103792 0.00900244 0.00948677 0.0103042 0.0128873 0.0109847 0.0108084 0.00936457 0.00831196 0.00842866 0.00847616 0.00814577 0.00866488 0.00827031 0.00882448 0.0082983 
0.00343936 0.00331759 0 0.00334401 0.0033027 0.00325087 0.00899243 0.00685642 0.0343071 0.0892634 0.0144733 0.00702122 0.0114941 0.0105393 0.0134501 0.00941679 0.00925108 0.00886309 0.00870831 0.0103561 0.0134689 0.0168999 0.0109091 0.00894464 0.00833898 0.00828236 0.00840956 0.00886431 0.00834801 0.00926833 0.00830139 0.00818693 
0.00362183 0.00337804 0.00334401 0 0.00322077 0.00330327 0.00478743 0.0353481 0.0378172 0.0281504 0.00753152 0.00707779 0.0106561 0.0191594 0.0105309 0.011147 0.0138609 0.00852808 0.0091434 0.0132656 0.0180784 0.031095 0.0106091 0.00944375 0.00854949 0.00830559 0.00988896 0.00822432 0.0109 0.00856254 0.00850579 0.00822068 
0.0045703 0.00387919 0.0033027 0.00322077 0 0.00323085 0.0575347 0.0329481 0.0205282 0.00836194 0.00957165 0.00666129 0.0170967 0.0121978 0.0310732 0.0099449 0.00897429 0.0134762 0.00905406 0.0108095 0.0195356 0.0124724 0.0168886 0.00900854 0.00884833 0.00849574 0.0086903 0.0101824 0.00834802 0.00929388 0.00826217 0.00821967 
0.0100594 0.00362041 0.00325087 0.00330327 0.00323085 0 0.0683642 0.022482 0.00499807 0.00658922 0.00639423 0.00742553 0.0157375 0.0135014 0.00988243 0.0189251 0.0407445 0.0084847 0.0109838 0.0238987 0.0106869 0.0107661 0.00923012 0.0110912 0.0102891 0.00852814 0.0143589 0.00846434 0.00931704 0.00819267 0.00832169 0.008386 
0.00894482 0.00593483 0.00899243 0.00478743 0.0575347 0.0683642 0 0.0033423 0.00323468 0.00334228 0.00337972 0.00439531 0.555874 0.011021 0.0276533 0.0156387 0.0110443 0.0133001 0.0156518 0.0271908 0.0153064 0.0132406 0.012655 0.0119239 0.010315 0.00997792 0.00915849 0.0103982 0.00826339 0.0102111 0.00894363 0.00984889 
0.00776748 0.00909731 0.00685642 0.0353481 0.0329481 0.022482 0.0033423 0 0.00326688 0.00333604 0.00329333 0.0033125 0.0733641 0.548354 0.0144777 0.0213178 0.0281877 0.00980221 0.0112127 0.139708 0.0708536 0.0620617 0.0188997 0.0152124 0.010557 0.00921613 0.0108479 0.00850313 0.013774 0.00926642 0.0100427 0.0085793 
0.00843212 0.00855782 0.0343071 0.0378172 0.0205282 0.00499807 0.00323468 0.00326688 0 0.00346627 0.00324064 0.00321865 0.140702 0.0487274 0.281311 0.0133317 0.0109326 0.0133457 0.0102247 0.0307686 0.20353 0.108909 0.0506282 0.0143523 0.0097466 0.00907278 0.00862748 0.0100281 0.0112517 0.0149031 0.00956583 0.00867955 
0.0103096 0.0337151 0.0892634 0.0281504 0.00836194 0.00658922 0.00334228 0.00333604 0.00346627 0 0.00322929 0.00321162 0.0534669 0.187666 0.0438361 0.10253 0.0135576 0.0115568 0.0119114 0.0387957 0.096176 0.337936 0.0621389 0.0180791 0.011046 0.00978736 0.00902265 0.00978803 0.0163443 0.0145767 0.010973 0.00887381 
0.0571411 0.0856962 0.0144733 0.00753152 0.00957165 0.00639423 0.00337972 0.00329333 0.00324064 0.00322929 0 0.00324509 0.0293053 0.0610163 0.322945 0.033104 0.0160468 0.0184317 0.0145492 0.0237653 0.0578935 0.068264 0.188902 0.0259606 0.0124956 0.0107877 0.00893924 0.00932665 0.0111407 0.0102311 0.00954984 0.0085705 
0.110898 0.0275029 0.00702122 0.00707779 0.00666129 0.00742553 0.00439531 0.0033125 0.00321865 0.00321162 0.00324509 0 0.0215869 0.0225293 0.0502083 0.245308 0.0229328 0.00991115 0.0229794 0.030981 0.0134454 0.0147139 0.0154916 0.0475368 0.0167839 0.0126903 0.0124382 0.00875015 0.00911056 0.00890751 0.00875691 0.00869932 
0.016402 0.0107233 0.0114941 0.0106561 0.0170967 0.0157375 0.555874 0.0733641 0.140702 0.0534669 0.0293053 0.0215869 0 0.00355854 0.00328409 0.0035083 0.0308475 0.0128991 0.022659 0.0635422 0.03534 0.0171458 0.0161771 0.0166277 0.0117052 0.011489 0.009484 0.00911269 0.00890023 0.00949993 0.0093691 0.0107866 
0.00955342 0.0153557 0.0105393 0.0191594 0.0121978 0.0135014 0.011021 0.548354 0.0487274 0.187666 0.0610163 0.0225293 0.00355854 0 0.00375085 0.00322286 0.147556 0.0370028 0.0185103 0.024669 0.11533 0.0696403 0.04746 0.0133887 0.0137533 0.0103425 0.00892223 0.00884405 0.0127377 0.0104893 0.0110388 0.00892266 
0.0115186 0.0118199 0.0134501 0.0105309 0.0310732 0.00988243 0.0276533 0.0144777 0.281311 0.0438361 0.322945 0.0502083 0.00328409 0.00375085 0 0.00326137 0.0157407 0.345479 0.0241713 0.0222311 0.0441615 0.0707532 0.0992115 0.0334497 0.0137085 0.0136024 0.00937059 0.0112623 0.0105975 0.0127119 0.0110291 0.00912505 
0.0173197 0.011051 0.00941679 0.011147 0.0099449 0.0189251 0.0156387 0.0213178 0.0133317 0.10253 0.033104 0.245308 0.0035083 0.00322286 0.00326137 0 0.026823 0.00974431 0.347275 0.0348768 0.020174 0.0175756 0.0376521 0.0488855 0.0221866 0.0153604 0.0156035 0.00892759 0.0102527 0.00901219 0.0097404 0.0100948 
0.0136669 0.0103792 0.00925108 0.0138609 0.00897429 0.0407445 0.0110443 0.0281877 0.0109326 0.0135576 0.0160468 0.0229328 0.0308475 0.147556 0.0157407 0.026823 0 0.00408654 0.00340096 0.102789 0.019201 0.0254236 0.0113195 0.0330425 0.0150727 0.0165812 0.0167157 0.00832282 0.0122088 0.00848581 0.00922061 0.0182976 
0.00868814 0.00900244 0.00886309 0.00852808 0.0134762 0.0084847 0.0133001 0.00980221 0.0133457 0.0115568 0.0184317 0.00991115 0.0128991 0.0370028 0.345479 0.00974431 0.00408654 0 0.0032868 0.0140561 0.0567856 0.0203608 0.0854064 0.00978781 0.0117458 0.0123165 0.00831385 0.00977006 0.0084165 0.00894032 0.00914328 0.008261 
0.0121172 0.00948677 0.00870831 0.0091434 0.00905406 0.0109838 0.0156518 0.0112127 0.0102247 0.0119114 0.0145492 0.0229794 0.022659 0.0185103 0.0241713 0.347275 0.00340096 0.0032868 0 0.0239404 0.0144286 0.038513 0.0308416 0.145172 0.0153252 0.011367 0.0143732 0.00860712 0.00901934 0.00882063 0.00894279 0.00931911 
0.0112207 0.0103042 0.0103561 0.0132656 0.0108095 0.0238987 0.0271908 0.139708 0.0307686 0.0387957 0.0237653 0.030981 0.0635422 0.024669 0.0222311 0.0348768 0.102789 0.0140561 0.0239404 0 0.00361107 0.00336094 0.00331194 0.00370635 0.119265 0.0359064 0.067543 0.0157974 0.0221938 0.0166031 0.0173155 0.0259099 
0.00885065 0.0128873 0.0134689 0.0180784 0.0195356 0.0106869 0.0153064 0.0708536 0.20353 0.096176 0.0578935 0.0134454 0.03534 0.11533 0.0441615 0.020174 0.019201 0.0567856 0.0144286 0.00361107 0 0.00326801 0.00326175 0.00346523 0.268813 0.0236066 0.019571 0.0382054 0.0302739 0.04308 0.0350877 0.012401 
0.0094544 0.0109847 0.0168999 0.031095 0.0124724 0.0107661 0.0132406 0.0620617 0.108909 0.337936 0.068264 0.0147139 0.0171458 0.0696403 0.0707532 0.0175756 0.0254236 0.0203608 0.038513 0.00336094 0.00326801 0 0.00321915 0.00323135 0.0454737 0.0746074 0.015713 0.0217139 0.105442 0.0871503 0.0283542 0.0114111 
0.00883006 0.0108084 0.0109091 0.0106091 0.0168886 0.00923012 0.012655 0.0188997 0.0506282 0.0621389 0.188902 0.0154916 0.0161771 0.04746 0.0992115 0.0376521 0.0113195 0.0854064 0.0308416 0.00331194 0.00326175 0.00321915 0 0.00338577 0.0715132 0.0540641 0.0138758 0.0238608 0.0273492 0.0341205 0.0588213 0.0107708 
0.0116642 0.00936457 0.00894464 0.00944375 0.00900854 0.0110912 0.0119239 0.0152124 0.0143523 0.0180791 0.0259606 0.0475368 0.0166277 0.0133887 0.0334497 0.0488855 0.0330425 0.00978781 0.145172 0.00370635 0.00346523 0.00323135 0.00338577 0 0.0386792 0.115495 0.0204382 0.0115828 0.0140815 0.0140176 0.020046 0.0221087 
0.00853 0.00831196 0.00833898 0.00854949 0.00884833 0.0102891 0.010315 0.010557 0.0097466 0.011046 0.0124956 0.0167839 0.0117052 0.0137533 0.0137085 0.0221866 0.0150727 0.0117458 0.0153252 0.119265 0.268813 0.0454737 0.0715132 0.0386792 0 0.00397348 0.0322123 0.0252158 0.0130244 0.0183081 0.0262948 0.0351659 
0.00878463 0.00842866 0.00828236 0.00830559 0.00849574 0.00852814 0.00997792 0.00921613 0.00907278 0.00978736 0.0107877 0.0126903 0.011489 0.0103425 0.0136024 0.0153604 0.0165812 0.0123165 0.011367 0.0359064 0.0236066 0.0746074 0.0540641 0.115495 0.00397348 0 0.0340986 0.0127569 0.0133859 0.011179 0.0421474 0.0356543 
0.00971805 0.00847616 0.00840956 0.00988896 0.0086903 0.0143589 0.00915849 0.0108479 0.00862748 0.00902265 0.00893924 0.0124382 0.009484 0.00892223 0.00937059 0.0156035 0.0167157 0.00831385 0.0143732 0.067543 0.019571 0.015713 0.0138758 0.0204382 0.0322123 0.0340986 0 0.00419016 0.00354767 0.00328827 0.00365685 0.0108408 
0.0083629 0.00814577 0.00886431 0.00822432 0.0101824 0.00846434 0.0103982 0.00850313 0.0100281 0.00978803 0.00932665 0.00875015 0.00911269 0.00884405 0.0112623 0.00892759 0.00832282 0.00977006 0.00860712 0.0157974 0.0382054 0.0217139 0.0238608 0.0115828 0.0252158 0.0127569 0.00419016 0 0.0032133 0.00324299 0.00332266 0.00328594 
0.00852583 0.00866488 0.00834801 0.0109 0.00834802 0.00931704 0.00826339 0.013774 0.0112517 0.0163443 0.0111407 0.00911056 0.00890023 0.0127377 0.0105975 0.0102527 0.0122088 0.0084165 0.00901934 0.0221938 0.0302739 0.105442 0.0273492 0.0140815 0.0130244 0.0133859 0.00354767 0.0032133 0 0.00321463 0.00324157 0.00326287 
0.00834824 0.00827031 0.00926833 0.00856254 0.00929388 0.00819267 0.0102111 0.00926642 0.0149031 0.0145767 0.0102311 0.00890751 0.00949993 0.0104893 0.0127119 0.00901219 0.00848581 0.00894032 0.00882063 0.0166031 0.04308 0.0871503 0.0341205 0.0140176 0.0183081 0.011179 0.00328827 0.00324299 0.00321463 0 0.00319772 0.00320724 
0.00859587 0.00882448 0.00830139 0.00850579 0.00826217 0.00832169 0.00894363 0.0100427 0.00956583 0.010973 0.00954984 0.00875691 0.0093691 0.0110388 0.0110291 0.0097404 0.00922061 0.00914328 0.00894279 0.0173155 0.0350877 0.0283542 0.0588213 0.020046 0.0262948 0.0421474 0.00365685 0.00332266 0.00324157 0.00319772 0 0.00329403 
0.00979809 0.0082983 0.00818693 0.00822068 0.00821967 0.008386 0.00984889 0.0085793 0.00867955 0.00887381 0.0085705 0.00869932 0.0107866 0.00892266 0.00912505 0.0100948 0.0182976 0.008261 0.00931911 0.0259099 0.012401 0.0114111 0.0107708 0.0221087 0.0351659 0.0356543 0.0108408 0.00328594 0.00326287 0.00320724 0.00329403 0 
