1EJJA
KKPVALIILDGFALRDETYGNAVAQANKPNFDRYWNEYPHTTLKACGEAVGLPEGQMGNSEVGHLNIGAGRIVYQSLTRINIAIREGEFDRNETFLAAMNHVKQHGTSLHLFGLLSDGGVHSHIHHLYALLRLAAKEGVKRVYIHGFLDGRDVGPQTAPQYIKELQEKIKEYGVGEIATLSGRYYSMDRDKRWDRVEKAYRAMVYGEGPTYRDPLECIEDSYKHGIYDEFVLPSVIVREDGRPVATIQDNDAIIFYNFRPDRAIQISNTFTNEDFREFDRGPKHPKHLFFVCLTHFSETVAGYVAFKPTNLDNTIGEVLSQHGLRQLRIAETEKYPHVTFFMSGGREEEFPGEDRILINSPKVPTYDLKPEMSAYEVTDALLKEIEADKYDAIILNYANPDMVGHSGKLEPTIKAVEAVDECLGKVVDAILAKGGIAIITADHGNADEVLTPDGKPQTAHTTNPVPVIVTKKGIKLRDGGILGDLAPTMLDLLGLPQPKEMTGKSLIV
CCCEEEEEECECCCCCCCCCCHHHHCCCHHHHHHHHHCCEEEEECCHHHHCCCCCCCCCHHHHHHHHHHCCCCCCHHHHHHHHHHCCCHHHCHHHHHHHHHHHHCCCCEEEEEEECCCCCCCCHHHHHHHHHHHHHCCCCCEEEEEEECCCCCCCCCHHHHHHHHHHHHHHHCCCCEEEEEEHHHHCCCCCCHHHHHHHHHHHHHCCCCEECCHHHHHHHHHHCCCCHHHCCCEEEECCCCCECCCCCCCCEEEECCCCCCCCHHHHHHHHCCCCCCCCCCCCCCCCCEEEEEECCCCCCCCEEEECCCCCCCCHHHHHHHCCCCEEEEEEHHHHHHHCCCCCCCCCCCCCCEEEEEECCCCCCCHHHCCCCCHHHHHHHHHHHHHHCCCCEEEEEECHHHHHHCCCCHHHHHHHHHHHHHHHHHHHHHHHHCCCEEEEECCCECCCCCECCCCCECCCCECCCEEEEECCCCCCECCCCEHHHHHHHHHHHCCCCCCCCCCCCCCEC
0 0 0 0 0 0 0 0 0 0 0 0 0 0 0 0 0 0 0 0 0 0 0 0 0 0 0 0 0 0 0 0 0 0 0 0 0 0 0 0 0 0 0 0 0 0 0 0 0 0 0 0 0 0 0 0 0 0 0 0 0 0 0 0 0 0 0 0 0 0 0 0 0 0 0 0 0 0 0 0 0 0 0 0 0 0 0 0 0 0 0 0 0 0 0 0 0 0 0 0 0 0 0 0 0 0 0 0 0 0 0 0 0 0 0 0 0 0 0 0 0 0 0 0 0 0 0 0 0 0 0 0 0 0 0 0 0 0 0 0 0 0 0 0 0 0 0 0 0 0 0 0 0 0 0 0 0 0 0 0 0 0 0 0 0 0 0 0 0 0 0 0 0 0 0 0 0 0 0 0 0 0 0 0 0 0 0 0 0 0 0 0 0 0 0 0 0 0 0 0 0 0 0 0 0 0 0 0 0 0 0 0 0 0 0 0 0 0 0 0 0 0 0 0 0 0 0 0 0 0 0 0 0 0 0 0 0 0 0 0 0 0 0 0 0 0 0 0 0 0 0 0 0 0 0 0 0 0 0 0 0 0 0 0 0 0 0 0 0 0 0 0 0 0 0 0 0 0 0 0 0 0 0 0 0 0 0 0 0 0 0 0 0 0 0 0 0 0 0 0 0 0 0 0 0 0 0 0 0 0 0 0 0 0 0 0 0 0 0 0 0 0 0 0 0 0 0 0 0 0 0 0 0 0 0 0 0 0 0 0 0 0 0 0 0 0 0 0 0 0 0 0 0 0 0 0 0 0 0 0 0 0 0 0 0 0 0 0 0 0 0 0 0 0 0 0 0 0 0 0 0 0 0 0 0 0 0 0 0 0 0 0 0 0 0 0 0 0 0 0 0 0 0 0 0 0 0 0 0 0 0 0 0 0 0 0 0 0 0 0 0 0 0 0 0 0 0 0 0 0 0 0 0 0 0 0 0 0 0 0 0 0 0 0 0 0 0 0 0 0 0 0 0 0 0 0 0 0 0 0 0 0 0 0 0 0 0 0 0 0 0 0 0 0 0 0 0 0 0 0 0 0 0 0 0 0 0 0 0 0 0 0 0 0 0 0 0 0 0 0 0 0 0 0 0 0 0 0 
0 0 0 0 0 0 0 0 0 0 0 0 0 0 0 0 0 0 0 0 0 0 0 0 0 0 0 0 0 0 0 0 0 0 0 0 0 0 0 0 0 0 0 0 0 0 0 0 0 0 0 0 0 0 0 0 0 0 0 0 0 0 0 0 0 0 0 0 0 0 0 0 0 0 0 0 0 0 0 0 0 0 0 0 0 0 0 0 0 0 0 0 0 0 0 0 0 0 0 0 0 0 0 0 0 0 0 0 0 0 0 0 0 0 0 0 0 0 0 0 0 0 0 0 0 0 0 0 0 0 0 0 0 0 0 0 0 0 0 0 0 0 0 0 0 0 0 0 0 0 0 0 0 0 0 0 0 0 0 0 0 0 0 0 0 0 0 0 0 0 0 0 0 0 0 0 0 0 0 0 0 0 0 0 0 0 0 0 0 0 0 0 0 0 0 0 0 0 0 0 0 0 0 0 0 0 0 0 0 0 0 0 0 0 0 0 0 0 0 0 0 0 0 0 0 0 0 0 0 0 0 0 0 0 0 0 0 0 0 0 0 0 0 0 0 0 0 0 0 0 0 0 0 0 0 0 0 0 0 0 0 0 0 0 0 0 0 0 0 0 0 0 0 0 0 0 0 0 0 0 0 0 0 0 0 0 0 0 0 0 0 0 0 0 0 0 0 0 0 0 0 0 0 0 0 0 0 0 0 0 0 0 0 0 0 0 0 0 0 0 0 0 0 0 0 0 0 0 0 0 0 0 0 0 0 0 0 0 0 0 0 0 0 0 0 0 0 0 0 0 0 0 0 0 0 0 0 0 0 0 0 0 0 0 0 0 0 0 0 0 0 0 0 0 0 0 0 0 0 0 0 0 0 0 0 0 0 0 0 0 0 0 0 0 0 0 0 0 0 0 0 0 0 0 0 0 0 0 0 0 0 0 0 0 0 0 0 0 0 0 0 0 0 0 0 0 0 0 0 0 0 0 0 0 0 0 0 0 0 0 0 0 0 0 0 0 0 0 0 0 0 0 0 0 0 0 0 0 0 0 0 0 0 0 0 0 0 0 0 0 0 0 0 0 0 0 0 0 0 0 0 0 0 0 0 0 0 0 0 0 0 0 0 0 0 0 0 0 0 0 0 0 0 0 0 0 0 0 
0 0.00334336 0.0032968 0.00333454 0.00340767 0.00402025 0.00580796 0.118424 0.0212296 0.0112171 0.0144724 0.0261272 0.0126062 0.0102684 0.0098633 0.0100952 0.0104378 0.00998692 0.0120779 0.010171 0.00869612 0.00912079 0.00905346 0.00900615 0.00871155 0.00996113 0.00857806 0.0083321 0.00859427 0.00835234 0.00836287 0.00874889 0.00806302 0.00836684 0.00831295 0.0083595 0.00844367 0.00903446 0.00880244 0.00849805 0.00857041 0.0084894 0.00891695 0.0083809 0.00852259 0.0086327 0.00861832 0.00839856 0.00893136 0.00839612 0.00845954 0.00845371 0.00947694 0.00852341 0.00851964 0.00857007 0.0088622 0.00855279 0.00903014 0.00850325 0.00851938 0.00868013 0.00906024 0.00924044 0.0102164 0.0100137 0.0103689 0.0107336 0.0108946 0.0101194 0.0110742 0.0130091 0.0136539 0.017468 0.0171841 0.0193517 0.0159026 0.0228919 0.0189208 0.0254888 0.0172441 0.0175901 0.0227949 0.0233938 0.0301838 0.0376882 0.0297044 0.0871607 
0.00334336 0 0.00327371 0.00329473 0.0033134 0.00358489 0.0045398 0.0732835 0.0891913 0.0195323 0.0257143 0.0163595 0.0119998 0.0204116 0.017612 0.0173534 0.0207095 0.0159124 0.00996066 0.00931619 0.0104146 0.0114797 0.0116288 0.0120504 0.0104363 0.00906043 0.00842755 0.00884626 0.0101029 0.0093652 0.00867907 0.00831225 0.00804984 0.00821577 0.00825394 0.00877146 0.00874513 0.00849025 0.00815989 0.00842733 0.00935504 0.00905015 0.00884276 0.00850613 0.00915128 0.00900789 0.00900406 0.00878276 0.00845607 0.00838634 0.00871249 0.00890696 0.00871336 0.00850926 0.00908554 0.00918687 0.0093036 0.00898456 0.00870795 0.00841194 0.00865731 0.00886405 0.00933542 0.00950934 0.00920368 0.0100859 0.0106358 0.0108032 0.0107739 0.0102667 0.00993839 0.0129243 0.0149816 0.0188932 0.0171877 0.0170014 0.0130198 0.0162372 0.0149748 0.0207981 0.0160078 0.0181364 0.0282169 0.0259185 0.0267354 0.032372 0.0236821 0.0791768 
0.0032968 0.00327371 0 0.00332153 0.00327939 0.00323638 0.00336049 0.0596193 0.0691708 0.0595283 0.028702 0.0144642 0.013684 0.0205543 0.0479339 0.0426574 0.0442115 0.0151695 0.00995374 0.00986097 0.0116974 0.0175655 0.0170382 0.017944 0.0107458 0.00975781 0.00879422 0.00937566 0.0113702 0.0109036 0.00882129 0.00853046 0.00812027 0.00825405 0.0086129 0.00928101 0.00900871 0.00864015 0.00825211 0.00881305 0.00972361 0.00945546 0.00893448 0.00898007 0.0093878 0.00932956 0.00940223 0.00896163 0.00856339 0.00853476 0.00885161 0.00897284 0.00881006 0.00869562 0.00913163 0.0094298 0.00965462 0.00912113 0.00883092 0.00853087 0.00882075 0.00923852 0.0098272 0.00961274 0.00938927 0.0105042 0.0118873 0.0121926 0.0120841 0.0108204 0.0102758 0.0156159 0.0174545 0.0259656 0.0205138 0.0188088 0.0162354 0.0189239 0.0181158 0.0246264 0.0185824 0.0212214 0.0502348 0.0375506 0.0313582 0.0366857 0.0269993 0.0973526 
0.00333454 0.00329473 0.00332153 0 0.00325389 0.00321641 0.00328007 0.0316995 0.0811085 0.0840072 0.0356536 0.0138543 0.0129498 0.0255723 0.0549591 0.045162 0.0439071 0.0158765 0.0101525 0.00984839 0.0121325 0.0187239 0.0190243 0.0184956 0.01116 0.00953167 0.00898185 0.00970039 0.0116752 0.0111557 0.00898604 0.00859689 0.00807607 0.00814544 0.00862679 0.00943874 0.00910807 0.00850659 0.0082386 0.00878723 0.00997315 0.00955015 0.0088686 0.00887049 0.00945868 0.00934017 0.00940867 0.00897896 0.00851404 0.00853376 0.00882079 0.00887006 0.00877711 0.00865144 0.00913207 0.00945681 0.00960611 0.00910511 0.00876666 0.00853843 0.00880704 0.00921312 0.00975893 0.00961204 0.00948962 0.0105175 0.0117456 0.0120915 0.0119722 0.0108771 0.0102261 0.0158307 0.0177273 0.0248311 0.0202433 0.0192763 0.0149949 0.0191846 0.0176509 0.0245957 0.0186075 0.0214119 0.0475652 0.0336845 0.0316617 0.0375913 0.0276843 0.0968799 
0.00340767 0.0033134 0.00327939 0.00325389 0 0.00321694 0.00351566 0.0255155 0.0322462 0.0632231 0.0885624 0.0328693 0.0123534 0.0196775 0.0276481 0.0239737 0.0218887 0.0205493 0.0104554 0.00973502 0.0105949 0.0135804 0.0122767 0.0128434 0.0119269 0.00974125 0.00882191 0.00907386 0.00977825 0.00957903 0.00882579 0.00835408 0.00806037 0.0081847 0.0085172 0.00903753 0.00892661 0.00835871 0.00818296 0.00876182 0.00941744 0.00943326 0.00882827 0.00884879 0.00927563 0.00909286 0.00913915 0.00893009 0.00842946 0.00850578 0.00880103 0.00897518 0.00868593 0.00857592 0.00916398 0.0093072 0.00944136 0.00898393 0.00869958 0.00850187 0.00876577 0.00896217 0.00939515 0.00936324 0.00931281 0.0104672 0.0110751 0.0112151 0.010997 0.0102082 0.00947768 0.0153184 0.0161307 0.0188653 0.0164289 0.0156873 0.015137 0.0176887 0.0172026 0.0236689 0.0182661 0.0184326 0.0328764 0.0246977 0.0253814 0.0337617 0.0262763 0.0866082 
0.00402025 0.00358489 0.00323638 0.00321641 0.00321694 0 0.00599419 0.0151308 0.0190998 0.0139753 0.0683922 0.0373162 0.0174249 0.0107673 0.0159286 0.0158254 0.0145074 0.0122248 0.0111895 0.00985742 0.00900463 0.0111349 0.00991309 0.0114765 0.00923295 0.0100545 0.00882227 0.00856784 0.00901665 0.00944294 0.00866824 0.00872452 0.00808358 0.00823651 0.0084582 0.0085635 0.00864358 0.00843625 0.00839722 0.00873758 0.00878553 0.00878281 0.00858147 0.00865807 0.00861736 0.0087884 0.00871168 0.00833529 0.0083431 0.00847317 0.00849249 0.008398 0.0084977 0.00858144 0.00862893 0.00870198 0.00876687 0.00841164 0.0084337 0.00859467 0.00845639 0.00864786 0.00897738 0.0087366 0.00910313 0.0107531 0.0105913 0.0103256 0.0103361 0.00965724 0.00973061 0.0148148 0.0143612 0.0162708 0.0147749 0.0155928 0.015627 0.0195468 0.0166144 0.0240493 0.0187472 0.016518 0.0232097 0.0213035 0.024839 0.0350152 0.0279561 0.0850942 
0.00580796 0.0045398 0.00336049 0.00328007 0.00351566 0.00599419 0 0.0206703 0.0110957 0.0118094 0.0380845 0.138904 0.0126119 0.00925026 0.00890743 0.00996621 0.00909064 0.00914665 0.0116718 0.0101006 0.00863393 0.00842807 0.00850642 0.0086712 0.00844565 0.0107093 0.00893227 0.00818163 0.00831946 0.00825499 0.0084207 0.00848523 0.00836443 0.00823809 0.00869926 0.00818661 0.00809322 0.00860211 0.00933657 0.00873726 0.00844695 0.00813953 0.00849422 0.00887085 0.0082646 0.00832973 0.00826527 0.00820516 0.00847368 0.00879171 0.00827181 0.00824972 0.00920916 0.00874277 0.00832897 0.00838092 0.00834575 0.00834828 0.00880494 0.00894453 0.00831011 0.00854252 0.00864955 0.00896442 0.00981661 0.0108173 0.00951172 0.00948995 0.0091826 0.00922412 0.0107009 0.014728 0.0132462 0.0148951 0.0143618 0.0170797 0.0183877 0.026023 0.0244405 0.0330105 0.0208912 0.01587 0.0186438 0.019302 0.0263967 0.0438326 0.0389827 0.0801087 
0.118424 0.0732835 0.0596193 0.0316995 0.0255155 0.0151308 0.0206703 0 0.00339448 0.00330085 0.00324825 0.00386284 0.023169 0.0117054 0.00924952 0.00936918 0.00994721 0.00925311 0.0135685 0.0088658 0.00911393 0.00856222 0.00886352 0.00899568 0.00870273 0.00974794 0.00821084 0.00813538 0.00842543 0.00813245 0.00830262 0.00848677 0.00820505 0.00802052 0.00830391 0.00805524 0.008088 0.00829478 0.00854011 0.00814292 0.00819651 0.00811067 0.00831827 0.00814394 0.00815839 0.00809585 0.00811394 0.00810161 0.00836082 0.00815795 0.00823013 0.00818607 0.00852766 0.00820324 0.00826309 0.00822097 0.00824283 0.0082449 0.00844906 0.00819057 0.00825092 0.00827065 0.00825752 0.0084118 0.00853982 0.00845965 0.00861134 0.00854135 0.00845193 0.0084758 0.0092854 0.0092305 0.00924842 0.0101499 0.00979241 0.0114553 0.010309 0.0125808 0.0119249 0.0134262 0.00960699 0.0101186 0.0110115 0.0123042 0.0144597 0.0186792 0.0182785 0.0336278 
0.0212296 0.0891913 0.0691708 0.0811085 0.0322462 0.0190998 0.0110957 0.00339448 0 0.00322023 0.00334877 0.00321928 0.0268148 0.0121584 0.0194148 0.0146105 0.0142659 0.0113209 0.00900305 0.0101122 0.00882553 0.0115191 0.00957055 0.0112614 0.00947239 0.00857893 0.00828048 0.00853526 0.00853514 0.00883285 0.00830135 0.00864899 0.00793352 0.0081945 0.00808629 0.00852261 0.00834256 0.00823588 0.008114 0.00819002 0.00858559 0.00842253 0.00821776 0.008204 0.00842273 0.00843901 0.00847178 0.00828077 0.00828395 0.00814509 0.00833508 0.00834501 0.00840129 0.00820567 0.00843434 0.00849212 0.00850325 0.00830735 0.00828904 0.00824633 0.00830931 0.00842429 0.00867667 0.00850918 0.00872991 0.00871771 0.00901941 0.00891568 0.00893195 0.00874303 0.00873118 0.00926553 0.0103827 0.0114611 0.0110848 0.0101696 0.0100726 0.011017 0.0103594 0.0124939 0.0114783 0.0112254 0.0134001 0.0136801 0.0157537 0.0199821 0.0135089 0.0356428 
0.0112171 0.0195323 0.0595283 0.0840072 0.0632231 0.0139753 0.0118094 0.00330085 0.00322023 0 0.00319924 0.00327014 0.0105753 0.0329905 0.0168798 0.0197762 0.018876 0.00989832 0.00874797 0.00841463 0.0112776 0.00975855 0.0142353 0.0108429 0.00904944 0.00832763 0.00829287 0.00841698 0.0108235 0.00843404 0.00846748 0.00817967 0.00829977 0.00803571 0.00824781 0.00837297 0.00833502 0.00815893 0.00813078 0.00826091 0.00850574 0.00838203 0.00819157 0.00824557 0.00839452 0.00837832 0.00836395 0.00824179 0.00816627 0.00818812 0.00833655 0.00827374 0.00828371 0.00825792 0.00839441 0.00846294 0.00849217 0.00830847 0.00829851 0.00818145 0.0083908 0.00848004 0.00853591 0.00863564 0.00836594 0.00868055 0.00896549 0.00883974 0.00877158 0.00876649 0.00860257 0.00969104 0.010304 0.0121528 0.0108132 0.0113148 0.0100025 0.0120522 0.0116297 0.0125701 0.0102831 0.0120294 0.0139228 0.0144008 0.0158776 0.0173396 0.0173391 0.0422203 
0.0144724 0.0257143 0.028702 0.0356536 0.0885624 0.0683922 0.0380845 0.00324825 0.00334877 0.00319924 0 0.00320687 0.0185476 0.0145383 0.0417428 0.0191354 0.0170033 0.0215707 0.00987955 0.0109156 0.00924985 0.0146702 0.00950207 0.0121173 0.0102749 0.00900512 0.00887491 0.00890349 0.00865903 0.00938589 0.00845457 0.00838505 0.0080252 0.00845155 0.00827149 0.00844145 0.00840826 0.00828934 0.00821018 0.00836686 0.00849888 0.00851443 0.00824392 0.00828405 0.0083902 0.00843211 0.00847495 0.00834432 0.00825895 0.00822617 0.00840821 0.0083485 0.00835359 0.00833449 0.00848555 0.00846256 0.00855205 0.00836721 0.00828046 0.00840741 0.0083184 0.0085122 0.00887448 0.00867249 0.00885125 0.00909397 0.00943529 0.00910838 0.00914849 0.00886894 0.00879151 0.0109287 0.0119746 0.012225 0.0119642 0.0107225 0.0111012 0.0124052 0.0118519 0.0151363 0.0143545 0.0121065 0.0146981 0.0137644 0.0168771 0.0232427 0.0148038 0.0423061 
0.0261272 0.0163595 0.0144642 0.0138543 0.0328693 0.0373162 0.138904 0.00386284 0.00321928 0.00327014 0.00320687 0 0.0140519 0.0185512 0.0155212 0.019525 0.0166166 0.0233285 0.0439498 0.0103579 0.0102668 0.00870272 0.00960456 0.00894967 0.0089908 0.00986721 0.00925104 0.00846064 0.00934541 0.00834214 0.00870465 0.0082945 0.00884525 0.00804614 0.00895931 0.00831274 0.00831842 0.00828863 0.00866539 0.00880676 0.00839679 0.00829722 0.00823868 0.00869277 0.00829808 0.00819457 0.00821134 0.00813319 0.00817889 0.00855743 0.00826003 0.00819865 0.00827283 0.00840302 0.00826976 0.00831489 0.00827562 0.00819592 0.00840608 0.00831334 0.00826977 0.00837228 0.00837161 0.00877683 0.00834954 0.00907904 0.00897215 0.00877003 0.00861018 0.00873952 0.00879589 0.010967 0.0101028 0.0106032 0.00988059 0.0114887 0.0104847 0.0137528 0.012763 0.0145029 0.0106372 0.0109207 0.0116042 0.0122328 0.0140992 0.020196 0.0213058 0.0401785 
0.0126062 0.0119998 0.013684 0.0129498 0.0123534 0.0174249 0.0126119 0.023169 0.0268148 0.0105753 0.0185476 0.0140519 0 0.00328377 0.00328398 0.00326322 0.003292 0.00358556 0.00957947 0.583849 0.0159705 0.0277885 0.0126147 0.0200566 0.0128008 0.0299404 0.0135852 0.0122465 0.0107229 0.0115886 0.0107092 0.0183354 0.00830554 0.00982277 0.00912498 0.00902775 0.00912825 0.0106321 0.00938354 0.0090876 0.00917925 0.0088938 0.0104114 0.00841373 0.0083331 0.00861053 0.00841886 0.00828648 0.00833372 0.00826236 0.00822239 0.00818599 0.00901981 0.00830049 0.00825284 0.00820207 0.0083684 0.00823694 0.00842961 0.00808165 0.00814879 0.00825116 0.0083404 0.00826912 0.00865328 0.00844769 0.0086444 0.00862104 0.00851603 0.00829307 0.00867645 0.00834757 0.00884597 0.00901922 0.00899396 0.00930666 0.00886699 0.00978706 0.00890272 0.00977175 0.0085241 0.00861529 0.00919791 0.00936526 0.0100291 0.0125604 0.0100327 0.0144253 
0.0102684 0.0204116 0.0205543 0.0255723 0.0196775 0.0107673 0.00925026 0.0117054 0.0121584 0.0329905 0.0145383 0.0185512 0.00328377 0 0.00324071 0.00320958 0.00321928 0.00355866 0.0041324 0.0437137 0.691521 0.0177031 0.0639875 0.024871 0.0395085 0.0120459 0.0106073 0.0180266 0.0370207 0.0137681 0.023283 0.0094379 0.00847963 0.00826034 0.00919716 0.0104322 0.0111363 0.00883182 0.00814059 0.00875614 0.0105635 0.0100092 0.00920931 0.00839561 0.00888305 0.00883484 0.00878724 0.00844722 0.00823627 0.00806588 0.00842393 0.00838731 0.00837568 0.00820092 0.00839451 0.00854296 0.00858155 0.00827601 0.00829278 0.00811269 0.00820205 0.00837825 0.00854726 0.00846593 0.00830331 0.00853879 0.0091189 0.00889124 0.00873878 0.00858428 0.00842911 0.0084621 0.00937082 0.00973492 0.00932344 0.00909737 0.00842352 0.0086652 0.00843614 0.00856782 0.0084535 0.00892373 0.0099088 0.00989735 0.00933025 0.00918547 0.00923016 0.0116194 
0.0098633 0.017612 0.0479339 0.0549591 0.0276481 0.0159286 0.00890743 0.00924952 0.0194148 0.0168798 0.0417428 0.0155212 0.00328398 0.00324071 0 0.00321579 0.00328042 0.00326814 0.00327651 0.0706234 0.021732 0.684015 0.0313998 0.167949 0.0252509 0.0162967 0.0100098 0.0236625 0.0300039 0.0848372 0.012768 0.0116166 0.0081366 0.00832325 0.00896997 0.0131258 0.010732 0.00896537 0.00816266 0.0089727 0.012451 0.0115886 0.00997819 0.00865457 0.00960966 0.00991262 0.00975646 0.00887839 0.00836211 0.00813451 0.00868166 0.00856388 0.00839436 0.00822278 0.00864009 0.00915479 0.00922641 0.00846291 0.0083162 0.00810066 0.00823384 0.0084755 0.00880026 0.0085367 0.00841639 0.00873102 0.00942321 0.00916926 0.00903081 0.00875916 0.00838122 0.00851563 0.00958546 0.010034 0.00948914 0.00890863 0.00835206 0.00844879 0.00831247 0.00844053 0.00844846 0.00904785 0.0101041 0.00999346 0.00923608 0.00942755 0.00873464 0.0123566 
0.0100952 0.0173534 0.0426574 0.045162 0.0239737 0.0158254 0.00996621 0.00936918 0.0146105 0.0197762 0.0191354 0.019525 0.00326322 0.00320958 0.00321579 0 0.0032129 0.00323693 0.00325418 0.0305594 0.0744124 0.0399229 0.583643 0.0413682 0.0469433 0.0126616 0.0109491 0.0199282 0.0630364 0.0428107 0.0173173 0.010734 0.00818678 0.0082348 0.00909627 0.0118315 0.010433 0.00898804 0.00816889 0.00906895 0.0111532 0.0106306 0.00925893 0.00844789 0.00913361 0.00968413 0.00920757 0.00874008 0.00821595 0.00819274 0.00844058 0.00847785 0.0082227 0.00820774 0.00835025 0.00877 0.00875427 0.0082932 0.00820096 0.0080905 0.0082529 0.00841819 0.00862257 0.0084775 0.00824179 0.00864843 0.00914414 0.0088968 0.00895391 0.00854587 0.00831334 0.00842223 0.00933381 0.00972708 0.0091634 0.00873513 0.0083536 0.00850975 0.00839039 0.00851019 0.00842505 0.00888105 0.00998207 0.00978879 0.00908089 0.00923168 0.00885197 0.0122247 
0.0104378 0.0207095 0.0442115 0.0439071 0.0218887 0.0145074 0.00909064 0.00994721 0.0142659 0.018876 0.0170033 0.0166166 0.003292 0.00321928 0.00328042 0.0032129 0 0.00320998 0.00323966 0.0364493 0.065205 0.171588 0.0591154 0.560946 0.0261755 0.0247234 0.0108639 0.0319534 0.0533261 0.0369089 0.0179604 0.0107223 0.00821884 0.00825749 0.00924379 0.0130897 0.0112859 0.00880874 0.00812782 0.00931265 0.0113629 0.0116242 0.00939132 0.00853799 0.00926672 0.00948482 0.0094056 0.0086284 0.00830854 0.00812173 0.00854253 0.00850149 0.00827598 0.00821156 0.00854499 0.00877561 0.00887658 0.0083721 0.00830186 0.00812422 0.0082009 0.00842149 0.0087061 0.00850241 0.00826011 0.00875753 0.00928103 0.00905994 0.0088562 0.00851999 0.00835931 0.00852755 0.00950045 0.00988392 0.00942528 0.00882155 0.0083369 0.00846012 0.00833331 0.00846243 0.00842519 0.00902093 0.0100567 0.0099578 0.00923822 0.00921051 0.00884606 0.0123261 
0.00998692 0.0159124 0.0151695 0.0158765 0.0205493 0.0122248 0.00914665 0.00925311 0.0113209 0.00989832 0.0215707 0.0233285 0.00358556 0.00355866 0.00326814 0.00323693 0.00320998 0 0.00338798 0.018811 0.0509627 0.0543402 0.0978424 0.0411798 0.694879 0.02276 0.0126605 0.0187274 0.0221866 0.0193496 0.0259065 0.0115054 0.00848766 0.00840067 0.00916784 0.0111898 0.0105299 0.0088856 0.0083025 0.00890837 0.0101856 0.0107486 0.00929379 0.00832645 0.00876873 0.00876148 0.00869293 0.00858934 0.00830142 0.00804211 0.00835598 0.0083706 0.00828465 0.00820138 0.00841905 0.00845043 0.00858879 0.00835455 0.00828241 0.00812606 0.00822391 0.00827969 0.00842659 0.0084137 0.00828449 0.00855697 0.00912152 0.00899044 0.00877252 0.00865091 0.00841476 0.00859778 0.00938325 0.0096668 0.0093956 0.00892893 0.00855764 0.00872686 0.00834588 0.008567 0.00838542 0.00900248 0.0101037 0.00982631 0.00922387 0.00907201 0.00910442 0.0120069 
0.0120779 0.00996066 0.00995374 0.0101525 0.0104554 0.0111895 0.0116718 0.0135685 0.00900305 0.00874797 0.00987955 0.0439498 0.00957947 0.0041324 0.00327651 0.00325418 0.00323966 0.00338798 0 0.0239425 0.0170144 0.034459 0.016722 0.0357552 0.0443491 0.579417 0.0171719 0.0114855 0.0118828 0.0110133 0.0116086 0.0136197 0.00990751 0.00874527 0.0122386 0.0091094 0.00916381 0.00969855 0.00968957 0.0106196 0.0094694 0.00893903 0.00968413 0.00912121 0.00840792 0.00852604 0.00842212 0.00821937 0.00839566 0.00849137 0.00825809 0.00820513 0.00854681 0.00849253 0.00831391 0.00822368 0.00843462 0.00818472 0.00820425 0.0084818 0.00819416 0.00821273 0.00826742 0.00824368 0.00848916 0.00879462 0.00861716 0.00850719 0.00841096 0.00831958 0.00848316 0.00938801 0.00888981 0.00899855 0.00888262 0.00914221 0.00952323 0.0100843 0.00911228 0.0104921 0.00896346 0.00852222 0.00963142 0.00910277 0.00964818 0.0121304 0.0107491 0.0171077 
0.010171 0.00931619 0.00986097 0.00984839 0.00973502 0.00985742 0.0101006 0.0088658 0.0101122 0.00841463 0.0109156 0.0103579 0.583849 0.0437137 0.0706234 0.0305594 0.0364493 0.018811 0.0239425 0 0.00343039 0.00330157 0.00328061 0.00328418 0.00344674 0.00678209 0.155161 0.0242892 0.0116151 0.0152538 0.0110389 0.0257723 0.00938002 0.0175725 0.0119182 0.0118246 0.0101935 0.0158568 0.0117886 0.0105381 0.00974409 0.00936589 0.0124062 0.00913918 0.00872799 0.00864977 0.00852928 0.00856386 0.00871187 0.00856167 0.00846871 0.00851765 0.0097876 0.00869841 0.00842253 0.00834763 0.00851416 0.00860886 0.00860332 0.00833895 0.00809556 0.00816483 0.00854607 0.00835628 0.00902188 0.00889626 0.00863588 0.00853866 0.00852131 0.00840327 0.00878499 0.00841218 0.00859993 0.00866741 0.00866794 0.00904313 0.00909819 0.0103825 0.00896158 0.00990883 0.00864564 0.00842642 0.00875507 0.00873026 0.00948636 0.0132412 0.00943192 0.0134288 
0.00869612 0.0104146 0.0116974 0.0121325 0.0105949 0.00900463 0.00863393 0.00911393 0.00882553 0.0112776 0.00924985 0.0102668 0.0159705 0.691521 0.021732 0.0744124 0.065205 0.0509627 0.0170144 0.00343039 0 0.00321869 0.00322666 0.00325321 0.00344938 0.00402849 0.136501 0.0951878 0.0504941 0.0123687 0.031172 0.0104917 0.0103197 0.00899865 0.0113192 0.0165643 0.0144849 0.00995608 0.00843061 0.00987033 0.0152562 0.0125241 0.0100763 0.00872058 0.00924319 0.00939824 0.00945001 0.00874483 0.00829793 0.00834583 0.00843273 0.00856067 0.0085141 0.00821581 0.00849531 0.00871767 0.00866225 0.00850315 0.00830851 0.00805195 0.00825897 0.00841526 0.00861268 0.00848069 0.00830346 0.00852874 0.00905311 0.00879215 0.00862394 0.00840973 0.00836915 0.00840347 0.00913688 0.00933989 0.00910909 0.00887533 0.00832844 0.00849329 0.00840578 0.00844257 0.00840396 0.00870273 0.0092105 0.00925599 0.00896038 0.00892863 0.00897406 0.0099427 
0.00912079 0.0114797 0.0175655 0.0187239 0.0135804 0.0111349 0.00842807 0.00856222 0.0115191 0.00975855 0.0146702 0.00870272 0.0277885 0.0177031 0.684015 0.0399229 0.171588 0.0543402 0.034459 0.00330157 0.00321869 0 0.0032122 0.00327274 0.00325799 0.00331589 0.0479244 0.183504 0.0372106 0.16505 0.0139581 0.0138339 0.008397 0.00893531 0.0101106 0.024671 0.0174796 0.0102655 0.00832928 0.00998255 0.0179112 0.017518 0.0104299 0.00885839 0.0101783 0.0113397 0.0112071 0.00906887 0.00849562 0.00820372 0.00875993 0.00875573 0.00863422 0.00825559 0.00896593 0.00928817 0.00996365 0.00857299 0.00834013 0.00807448 0.00828061 0.00853129 0.00906414 0.00848008 0.00848731 0.00873916 0.00915232 0.00911378 0.00911676 0.00853174 0.00836199 0.00836949 0.00916579 0.0096283 0.00929499 0.00871783 0.00828838 0.00830255 0.00825367 0.00835547 0.00835633 0.00867824 0.00952564 0.00939788 0.00882346 0.00891557 0.00848398 0.00998912 
0.00905346 0.0116288 0.0170382 0.0190243 0.0122767 0.00991309 0.00850642 0.00886352 0.00957055 0.0142353 0.00950207 0.00960456 0.0126147 0.0639875 0.0313998 0.583643 0.0591154 0.0978424 0.016722 0.00328061 0.00322666 0.0032122 0 0.00321092 0.00321291 0.00322311 0.0435366 0.0356886 0.438698 0.0419359 0.0352391 0.0111946 0.00855362 0.00844911 0.0114116 0.0219986 0.0180239 0.00947747 0.00818567 0.0101742 0.0166877 0.0172186 0.0103713 0.00891788 0.0105508 0.0112127 0.0114876 0.008851 0.00833118 0.00831606 0.00849191 0.00903886 0.0083948 0.00828518 0.00866759 0.0101693 0.00912961 0.00862064 0.00836431 0.00802631 0.0082308 0.00867152 0.00880554 0.00848685 0.00832729 0.00861208 0.00893034 0.00881785 0.00872865 0.00851117 0.00827719 0.00832917 0.0089449 0.0092028 0.00898948 0.0085128 0.00826992 0.0082884 0.00824897 0.00830494 0.00832276 0.00856034 0.00921628 0.00918388 0.00870833 0.0084055 0.00848327 0.00964459 
0.00900615 0.0120504 0.017944 0.0184956 0.0128434 0.0114765 0.0086712 0.00899568 0.0112614 0.0108429 0.0121173 0.00894967 0.0200566 0.024871 0.167949 0.0413682 0.560946 0.0411798 0.0357552 0.00328418 0.00325321 0.00327274 0.00321092 0 0.00321273 0.00321543 0.0259465 0.130783 0.0589828 0.387786 0.0205816 0.0151633 0.00850336 0.00876602 0.0104226 0.0243609 0.017306 0.0102344 0.00829407 0.0100379 0.0188511 0.0188846 0.0115488 0.0090014 0.0109271 0.012247 0.0107903 0.00929163 0.00863982 0.00827564 0.00873924 0.00882099 0.00854908 0.0083551 0.0092542 0.0097052 0.00999675 0.00861486 0.00840671 0.00820657 0.00831128 0.00860737 0.00916131 0.00841257 0.00837098 0.00866865 0.00915054 0.00904765 0.00914809 0.00853894 0.00833196 0.00840069 0.00919345 0.00949788 0.0090923 0.00857363 0.00825927 0.0082942 0.00823298 0.00828411 0.00829252 0.00869095 0.00953672 0.00938122 0.00876259 0.00861694 0.00847997 0.0095935 
0.00871155 0.0104363 0.0107458 0.01116 0.0119269 0.00923295 0.00844565 0.00870273 0.00947239 0.00904944 0.0102749 0.0089908 0.0128008 0.0395085 0.0252509 0.0469433 0.0261755 0.694879 0.0443491 0.00344674 0.00344938 0.00325799 0.00321291 0.00321273 0 0.00339093 0.0255102 0.0332381 0.126806 0.0436326 0.370708 0.0183814 0.00933026 0.00899737 0.0103598 0.0170983 0.0202957 0.0100187 0.00849407 0.00950059 0.0142466 0.0184813 0.0104812 0.00865908 0.00918987 0.009714 0.0092564 0.00911225 0.0084867 0.00821555 0.00840086 0.00856319 0.00830644 0.00819401 0.00850515 0.00872682 0.00870687 0.00835884 0.0082391 0.00802258 0.00819893 0.00828238 0.00842501 0.00834956 0.00818069 0.0083951 0.00871996 0.00871862 0.00855204 0.00840505 0.00825625 0.00836626 0.00913034 0.0093105 0.00901208 0.0085828 0.00834493 0.00847103 0.0082301 0.00827563 0.00827743 0.00857329 0.00923305 0.00910818 0.00879258 0.00841833 0.0086807 0.00978881 
0.00996113 0.00906043 0.00975781 0.00953167 0.00974125 0.0100545 0.0107093 0.00974794 0.00857893 0.00832763 0.00900512 0.00986721 0.0299404 0.0120459 0.0162967 0.0126616 0.0247234 0.02276 0.579417 0.00678209 0.00402849 0.00331589 0.00322311 0.00321543 0.00339093 0 0.0298957 0.0243021 0.0280109 0.0473794 0.0636083 0.270081 0.0110348 0.0103722 0.01552 0.0104809 0.0111142 0.0126134 0.0105801 0.0128385 0.0100424 0.0111481 0.0142124 0.0103616 0.00893334 0.00895323 0.00914458 0.00852317 0.00871737 0.00873837 0.00827655 0.00831705 0.00890439 0.00854772 0.00836608 0.00832905 0.00860477 0.00823526 0.00830396 0.00838631 0.00812825 0.00815819 0.0083906 0.00815481 0.00834142 0.0087156 0.00868546 0.00851305 0.00845008 0.00827097 0.00833947 0.00895045 0.00890559 0.00890657 0.00869408 0.00889421 0.00876461 0.00896037 0.00852396 0.00901495 0.00846101 0.00842877 0.00892999 0.00874816 0.00911227 0.0102153 0.00945675 0.0122818 
0.00857806 0.00842755 0.00879422 0.00898185 0.00882191 0.00882227 0.00893227 0.00821084 0.00828048 0.00829287 0.00887491 0.00925104 0.0135852 0.0106073 0.0100098 0.0109491 0.0108639 0.0126605 0.0171719 0.155161 0.136501 0.0479244 0.0435366 0.0259465 0.0255102 0.0298957 0 0.00528443 0.00327763 0.00337606 0.00336325 0.00372749 0.0261896 0.0210513 0.0210923 0.0139013 0.0119492 0.0219865 0.0135381 0.0125673 0.011516 0.0103886 0.0163708 0.00966219 0.00931037 0.00890258 0.00894629 0.00881256 0.00965752 0.00847478 0.00838694 0.00862497 0.0104625 0.00839581 0.00834044 0.00843698 0.00858946 0.00847252 0.00894718 0.00822617 0.00807537 0.00813199 0.00832466 0.00833128 0.00887639 0.00862083 0.00841521 0.00838709 0.00831328 0.00825847 0.00892415 0.0083175 0.0084408 0.00853086 0.00849926 0.0090334 0.008638 0.00901261 0.00852342 0.00885339 0.00825086 0.00825635 0.00845707 0.00858457 0.00913688 0.0105967 0.00888741 0.0107183 
0.0083321 0.00884626 0.00937566 0.00970039 0.00907386 0.00856784 0.00818163 0.00813538 0.00853526 0.00841698 0.00890349 0.00846064 0.0122465 0.0180266 0.0236625 0.0199282 0.0319534 0.0187274 0.0114855 0.0242892 0.0951878 0.183504 0.0356886 0.130783 0.0332381 0.0243021 0.00528443 0 0.00326785 0.00326027 0.00325793 0.00326251 0.0136315 0.0144692 0.0138836 0.0357997 0.0181041 0.0135196 0.00951423 0.0120238 0.0297113 0.0182337 0.0114967 0.00879301 0.0114397 0.0115133 0.0110723 0.0106676 0.00868741 0.00828461 0.00881629 0.0088826 0.00908779 0.00824493 0.00873272 0.00891144 0.00936803 0.00866032 0.00834912 0.00804583 0.00824214 0.00835082 0.00852889 0.00844506 0.00824913 0.00838664 0.00867179 0.00859299 0.00850881 0.00825657 0.00827359 0.00824393 0.00866945 0.00899064 0.0087615 0.00850601 0.0082446 0.00832212 0.00825639 0.00839939 0.00826528 0.00837806 0.00880041 0.00880815 0.00861003 0.00881146 0.00851471 0.00907566 
0.00859427 0.0101029 0.0113702 0.0116752 0.00977825 0.00901665 0.00831946 0.00842543 0.00853514 0.0108235 0.00865903 0.00934541 0.0107229 0.0370207 0.0300039 0.0630364 0.0533261 0.0221866 0.0118828 0.0116151 0.0504941 0.0372106 0.438698 0.0589828 0.126806 0.0280109 0.00327763 0.00326785 0 0.00324549 0.00320597 0.00322058 0.014319 0.00930122 0.0165321 0.0337558 0.0346059 0.0107453 0.00883997 0.0121935 0.0314877 0.0396718 0.0131083 0.0106813 0.0137047 0.0189885 0.0216285 0.010139 0.0087571 0.00879644 0.00903285 0.010841 0.00872493 0.00853993 0.00913024 0.013054 0.0102156 0.00915403 0.00876525 0.00810275 0.00837454 0.00871579 0.00904357 0.00865912 0.00836076 0.00878207 0.00912139 0.00932351 0.00903905 0.00853431 0.00829666 0.00835529 0.00903281 0.0095532 0.00889219 0.00855495 0.00825923 0.00829972 0.00826937 0.0082858 0.00825961 0.00855479 0.0091352 0.00908022 0.00875067 0.0083694 0.00847232 0.00926341 
0.00835234 0.0093652 0.0109036 0.0111557 0.00957903 0.00944294 0.00825499 0.00813245 0.00883285 0.00843404 0.00938589 0.00834214 0.0115886 0.0137681 0.0848372 0.0428107 0.0369089 0.0193496 0.0110133 0.0152538 0.0123687 0.16505 0.0419359 0.387786 0.0436326 0.0473794 0.00337606 0.00326027 0.00324549 0 0.00320905 0.00319921 0.00969537 0.0121826 0.0129863 0.0474306 0.0203483 0.0114969 0.00865628 0.0105719 0.0337938 0.0308933 0.0127122 0.00898383 0.0125709 0.0215669 0.0149838 0.0104644 0.00881847 0.008321 0.00917731 0.00893674 0.00891351 0.00827621 0.00972047 0.0094316 0.0108154 0.00885564 0.00840593 0.00803477 0.00822974 0.00862992 0.00928692 0.00840444 0.00840489 0.00839599 0.00906221 0.00896952 0.00921224 0.00834773 0.00828271 0.00829228 0.00881056 0.00916034 0.00873885 0.0083595 0.0082399 0.00823282 0.00819862 0.00825518 0.00828944 0.00841763 0.008979 0.0088502 0.00861142 0.00859384 0.00835542 0.00880607 
0.00836287 0.00867907 0.00882129 0.00898604 0.00882579 0.00866824 0.0084207 0.00830262 0.00830135 0.00846748 0.00845457 0.00870465 0.0107092 0.023283 0.012768 0.0173173 0.0179604 0.0259065 0.0116086 0.0110389 0.031172 0.0139581 0.0352391 0.0205816 0.370708 0.0636083 0.00336325 0.00325793 0.00320597 0.00320905 0 0.00320206 0.0176351 0.015589 0.0157036 0.024031 0.0325975 0.0113885 0.00983953 0.0116985 0.0195059 0.0314652 0.0147538 0.00980326 0.010891 0.0107897 0.011631 0.00979877 0.00899661 0.00869104 0.00864487 0.00958062 0.00858536 0.00845722 0.00854173 0.00955374 0.00872803 0.00889677 0.00890417 0.00807541 0.00820932 0.00832669 0.00836319 0.00833377 0.0083123 0.00841767 0.00858826 0.00862397 0.00851672 0.00824688 0.00815795 0.00829947 0.00860114 0.00867849 0.00861213 0.00837245 0.00827668 0.00834368 0.00821962 0.00831155 0.00825636 0.00835433 0.00860259 0.00860061 0.00854137 0.00834901 0.00874082 0.0090948 
0.00874889 0.00831225 0.00853046 0.00859689 0.00835408 0.00872452 0.00848523 0.00848677 0.00864899 0.00817967 0.00838505 0.0082945 0.0183354 0.0094379 0.0116166 0.010734 0.0107223 0.0115054 0.0136197 0.0257723 0.0104917 0.0138339 0.0111946 0.0151633 0.0183814 0.270081 0.00372749 0.00326251 0.00322058 0.00319921 0.00320206 0 0.0177459 0.0329484 0.0196521 0.0123961 0.0141743 0.016358 0.0120121 0.0295448 0.0117025 0.0111239 0.0166839 0.0112931 0.00912436 0.00937811 0.00896448 0.00874114 0.00880296 0.00873481 0.00852319 0.00843311 0.00881215 0.00860613 0.00855625 0.0082988 0.00853665 0.00833513 0.0085143 0.00823971 0.00809663 0.00812157 0.00834385 0.00813599 0.00819762 0.00843207 0.00843041 0.00835127 0.00833039 0.00806778 0.00812758 0.00848069 0.00844344 0.00858908 0.00842073 0.00836873 0.00836632 0.00852228 0.00822864 0.00843988 0.00832838 0.00824933 0.00845112 0.00841607 0.00845044 0.00867465 0.00888054 0.00961013 
0.00806302 0.00804984 0.00812027 0.00807607 0.00806037 0.00808358 0.00836443 0.00820505 0.00793352 0.00829977 0.0080252 0.00884525 0.00830554 0.00847963 0.0081366 0.00818678 0.00821884 0.00848766 0.00990751 0.00938002 0.0103197 0.008397 0.00855362 0.00850336 0.00933026 0.0110348 0.0261896 0.0136315 0.014319 0.00969537 0.0176351 0.0177459 0 0.00514476 0.0166336 0.017041 0.0190398 0.0165704 0.018864 0.013414 0.00988293 0.0103394 0.0137731 0.00927175 0.00839139 0.00826636 0.00830498 0.00845141 0.00932198 0.00933893 0.00810165 0.0085838 0.00978191 0.00839802 0.00810479 0.0084385 0.00808945 0.00833247 0.00898742 0.00809585 0.00799143 0.00799729 0.00797625 0.00830327 0.00829683 0.00810235 0.00809592 0.00804027 0.00801142 0.00804486 0.00827142 0.00807216 0.00813094 0.00813531 0.00805191 0.00853584 0.00830921 0.00871467 0.00853131 0.00855156 0.00805347 0.00807055 0.00818378 0.00814678 0.00854694 0.00874034 0.00868301 0.00919765 
0.00836684 0.00821577 0.00825405 0.00814544 0.0081847 0.00823651 0.00823809 0.00802052 0.0081945 0.00803571 0.00845155 0.00804614 0.00982277 0.00826034 0.00832325 0.0082348 0.00825749 0.00840067 0.00874527 0.0175725 0.00899865 0.00893531 0.00844911 0.00876602 0.00899737 0.0103722 0.0210513 0.0144692 0.00930122 0.0121826 0.015589 0.0329484 0.00514476 0 0.0251592 0.0138275 0.0154709 0.0348158 0.0251342 0.013107 0.0103031 0.00955224 0.0111507 0.0112727 0.00878308 0.00846103 0.00838183 0.0089094 0.00874357 0.0092112 0.00866455 0.00823279 0.00951901 0.00903694 0.00870094 0.00802059 0.00830639 0.00818774 0.00819124 0.00943551 0.00808046 0.00802697 0.00826274 0.00807746 0.00878776 0.00842573 0.00823736 0.00815211 0.00811157 0.00806675 0.00819956 0.00841769 0.00825581 0.00821938 0.00815069 0.00829427 0.00836812 0.0087298 0.00828373 0.0089485 0.00855031 0.00824872 0.00824255 0.00821367 0.00838128 0.0112413 0.00844033 0.0102271 
0.00831295 0.00825394 0.0086129 0.00862679 0.0085172 0.0084582 0.00869926 0.00830391 0.00808629 0.00824781 0.00827149 0.00895931 0.00912498 0.00919716 0.00896997 0.00909627 0.00924379 0.00916784 0.0122386 0.0119182 0.0113192 0.0101106 0.0114116 0.0104226 0.0103598 0.01552 0.0210923 0.0138836 0.0165321 0.0129863 0.0157036 0.0196521 0.0166336 0.0251592 0 0.00333433 0.00329943 0.00366697 0.0116554 0.0510241 0.0225368 0.0203656 0.0479689 0.0231925 0.0164682 0.0128493 0.0141664 0.0117915 0.0162975 0.0125214 0.00995357 0.010769 0.0193244 0.0106798 0.00940199 0.0100282 0.0105418 0.0106171 0.0133302 0.00843233 0.0081885 0.00839034 0.00866631 0.00909439 0.00999612 0.0095207 0.00878219 0.00897953 0.00866987 0.00856847 0.00910677 0.00828603 0.00839096 0.00868862 0.00858655 0.00954948 0.00853201 0.00886781 0.00838175 0.00860219 0.00812647 0.00813481 0.00850696 0.00841151 0.0090051 0.00896296 0.00851833 0.00910795 
0.0083595 0.00877146 0.00928101 0.00943874 0.00903753 0.0085635 0.00818661 0.00805524 0.00852261 0.00837297 0.00844145 0.00831274 0.00902775 0.0104322 0.0131258 0.0118315 0.0130897 0.0111898 0.0091094 0.0118246 0.0165643 0.024671 0.0219986 0.0243609 0.0170983 0.0104809 0.0139013 0.0357997 0.0337558 0.0474306 0.024031 0.0123961 0.017041 0.0138275 0.00333433 0 0.00326918 0.00326274 0.00962445 0.0338961 0.191736 0.110739 0.0199833 0.0157313 0.0495417 0.0584258 0.0338859 0.0204677 0.0108357 0.0095147 0.02003 0.0184265 0.0112384 0.00961287 0.0156053 0.0180998 0.0196193 0.0137052 0.00983844 0.00828726 0.00856067 0.00931912 0.0104931 0.00944278 0.00913328 0.00919815 0.0100656 0.0102197 0.00996964 0.0088807 0.00850138 0.00829986 0.00890123 0.00937752 0.00888219 0.00862595 0.00816054 0.00818491 0.00807777 0.00816889 0.00822884 0.00842649 0.0089056 0.00894045 0.00861609 0.00844011 0.0083577 0.00843449 
0.00844367 0.00874513 0.00900871 0.00910807 0.00892661 0.00864358 0.00809322 0.008088 0.00834256 0.00833502 0.00840826 0.00831842 0.00912825 0.0111363 0.010732 0.010433 0.0112859 0.0105299 0.00916381 0.0101935 0.0144849 0.0174796 0.0180239 0.017306 0.0202957 0.0111142 0.0119492 0.0181041 0.0346059 0.0203483 0.0325975 0.0141743 0.0190398 0.0154709 0.00329943 0.00326918 0 0.00327364 0.0210018 0.0337128 0.11018 0.138226 0.0309157 0.0158226 0.0287883 0.0297711 0.0287395 0.0282153 0.0101477 0.0108547 0.0152392 0.0189767 0.0101285 0.0103952 0.0120267 0.0164334 0.0149003 0.0135336 0.00970934 0.00855621 0.00885131 0.00910779 0.0100812 0.00953486 0.00893008 0.0092263 0.00958477 0.00967103 0.00936878 0.00877872 0.008454 0.00863868 0.00896685 0.00908452 0.00889453 0.00847047 0.00809572 0.00816803 0.00806435 0.00813859 0.00820571 0.00843323 0.00885072 0.00881317 0.00856872 0.00829553 0.00827016 0.00872107 
0.00903446 0.00849025 0.00864015 0.00850659 0.00835871 0.00843625 0.00860211 0.00829478 0.00823588 0.00815893 0.00828934 0.00828863 0.0106321 0.00883182 0.00896537 0.00898804 0.00880874 0.0088856 0.00969855 0.0158568 0.00995608 0.0102655 0.00947747 0.0102344 0.0100187 0.0126134 0.0219865 0.0135196 0.0107453 0.0114969 0.0113885 0.016358 0.0165704 0.0348158 0.00366697 0.00326274 0.00327364 0 0.681415 0.0404253 0.0204176 0.0246318 0.073992 0.0244351 0.0134875 0.0124134 0.0111305 0.0118098 0.0126804 0.0147743 0.0112939 0.00944166 0.0133203 0.013214 0.011317 0.0094149 0.00977262 0.009548 0.00957229 0.0110771 0.0086995 0.00852018 0.00896533 0.00854165 0.0095712 0.00998259 0.00901706 0.00867189 0.00855396 0.0082574 0.00856639 0.00943313 0.00853707 0.00863043 0.00837483 0.00863793 0.00872398 0.00881079 0.00838559 0.00876146 0.00850127 0.00829212 0.00872008 0.00832659 0.00860785 0.00987207 0.00873211 0.0101899 
0.00880244 0.00815989 0.00825211 0.0082386 0.00818296 0.00839722 0.00933657 0.00854011 0.008114 0.00813078 0.00821018 0.00866539 0.00938354 0.00814059 0.00816266 0.00816889 0.00812782 0.0083025 0.00968957 0.0117886 0.00843061 0.00832928 0.00818567 0.00829407 0.00849407 0.0105801 0.0135381 0.00951423 0.00883997 0.00865628 0.00983953 0.0120121 0.018864 0.0251342 0.0116554 0.00962445 0.0210018 0.681415 0 0.0214601 0.0118511 0.00840792 0.0183379 0.0194427 0.010099 0.00916235 0.00893153 0.00999986 0.0122687 0.0131142 0.00996645 0.00930485 0.0139412 0.0119542 0.00882202 0.00835358 0.00835508 0.00880723 0.010797 0.00927377 0.00822305 0.00807507 0.00836406 0.00836329 0.00923916 0.00959049 0.00826746 0.00826331 0.00812265 0.00813402 0.00892737 0.00881406 0.00814293 0.00820508 0.00827006 0.00894025 0.00962568 0.00995461 0.00881265 0.00965303 0.00854614 0.00806261 0.00820949 0.00812847 0.00877648 0.0108581 0.00912368 0.0111554 
0.00849805 0.00842733 0.00881305 0.00878723 0.00876182 0.00873758 0.00873726 0.00814292 0.00819002 0.00826091 0.00836686 0.00880676 0.0090876 0.00875614 0.0089727 0.00906895 0.00931265 0.00890837 0.0106196 0.0105381 0.00987033 0.00998255 0.0101742 0.0100379 0.00950059 0.0128385 0.0125673 0.0120238 0.0121935 0.0105719 0.0116985 0.0295448 0.013414 0.013107 0.0510241 0.0338961 0.0337128 0.0404253 0.0214601 0 0.00339498 0.0032903 0.00378159 0.676288 0.0335727 0.0264621 0.0141262 0.0146954 0.0181447 0.0225034 0.0127783 0.0125428 0.0233983 0.01315 0.0106627 0.0116437 0.0116249 0.0115841 0.0155701 0.00859975 0.00838805 0.00889688 0.00922469 0.0100952 0.0124379 0.0101907 0.00925219 0.00951423 0.00893139 0.00876812 0.00974427 0.0084975 0.00854312 0.0091335 0.00887417 0.00984009 0.00854408 0.00898958 0.0084419 0.0087308 0.00823183 0.00823996 0.00861835 0.00863448 0.00923492 0.00910536 0.00846523 0.00937182 
