1EYLA
EFDDDLVDAEGNLVENGGTYYLLPHIWAHGGGIETAKTGNEPCPLTVVRSPNEVSKGEPIRISSQFLSLFIPRGSLVALGFANPPSCAASPWWTVVDSPQGPAVKLSQQKLPEKDILVFKFEKVSHSNIHVYKLLYCQHDEEDVKCDQYIGIHRDRNGNRRLVVTEENPLELVLLKAKS
CCCCECECCCCCECECCCEEEEEECCHHHCCCEEEECCCCCCCCCEEEECCCCCCCCCCEEEEECCCCCECECCCCEEEEECCCCCCCCCCECEEECCCCCCEEECCCCCCCHHHCCCEEEEECCCCCCCCEEEEEEEECCCCEEEEEEEEEEECCCCCEEEEEECCCECEEEEEECCC
0 0 0 0 0 0 0 0 0 0 0 0 0 0 0 0 0 0 0 0 0 0 0 0 0 0 0 0 0 0 0 0 0 0 0 0 0 0 0 0 0 0 0 0 0 0 0 0 0 0 0 0 0 0 0 0 0 0 0 0 0 0 0 0 0 0 0 0 0 0 0 0 0 0 0 0 0 0 0 0 0 0 0 0 0 0 0 0 0 0 0 0 0 0 0 0 0 0 0 0 0 0 0 0 0 0 0 0 0 0 0 0 0 0 0 0 0 0 0 0 0 0 0 0 0 0 0 0 0 0 0 0 0 0 0 0 0 0 0 0 0 0 0 0 0 0 0 0 0 0 0 0 0 0 0 0 0 0 0 0 0 0 0 0 0 0 0 0 0 0 0 0 0 0 0 0 0 0 0 
0 0 0 0 0 0 0 0 0 0 0 0 0 0 0 0 0 0 0 0 0 0 0 0 0 0 0 0 0 0 0 0 0 0 0 0 0 0 0 0 0 0 0 0 0 0 0 0 0 0 0 0 0 0 0 0 0 0 0 0 0 0 0 0 0 0 0 0 0 0 0 0 0 0 0 0 0 0 0 0 0 0 0 0 0 0 0 0 0 0 0 0 0 0 0 0 0 0 0 0 0 0 0 0 0 0 0 0 0 0 0 0 0 0 0 0 0 0 0 0 0 0 0 0 0 0 0 0 0 0 0 0 0 0 0 0 0 0 0 0 0 0 0 0 0 0 0 0 0 0 0 0 0 0 0 0 0 0 0 0 0 0 0 0 0 0 0 0 0 0 0 0 0 0 0 0 0 0 0 
0 0.00831905 0.0339479 0.0739435 0.0184701 0.0125868 0.013401 0.0120499 0.0107806 0.0241605 0.0245429 0.0103788 0.0110489 0.0218753 0.0343853 0.0149515 0.012137 0.0216028 0.0284397 0.0106606 0.0119632 0.0103459 0.0137123 0.0252439 0.021006 0.0425295 0.0111177 0.0107468 0.00955102 0.014729 0.0118259 0.0103791 0.00866465 0.0113122 0.0118846 0.00902953 0.0117308 0.0109824 0.00849534 0.00891665 0.00832173 0.00991778 0.00972708 0.00841149 0.00850343 0.00830591 0.00852724 0.00832494 0.00817001 0.00885307 0.00870663 0.00808486 0.00810039 0.00808522 0.0081347 0.00811499 0.00824119 0.00820187 0.00810854 0.00808307 0.00877763 0.00857965 0.00819903 0.00831004 0.00834922 0.00842467 0.00954988 0.00902914 0.00901839 0.0082657 0.00822746 0.00828776 0.00837124 0.00922094 
0.00831905 0 0.799279 0.0263315 0.0155116 0.0136741 0.0155999 0.0125887 0.0132946 0.018641 0.018213 0.0101514 0.010774 0.0279393 0.0206743 0.0133101 0.0170568 0.0297336 0.019081 0.0104541 0.0108544 0.0111245 0.0132935 0.0238356 0.0226804 0.0342909 0.0111457 0.0114867 0.0113831 0.0181491 0.015246 0.00936486 0.00875281 0.0106105 0.0126001 0.0104028 0.014485 0.0120477 0.00858065 0.00833313 0.00821844 0.00927086 0.0107919 0.00849409 0.00833079 0.00857939 0.00845041 0.00820202 0.00802765 0.00855037 0.00878244 0.0081174 0.00804312 0.00798878 0.00799518 0.00810499 0.0081571 0.00812366 0.00809792 0.00802983 0.00859722 0.00876609 0.00830345 0.00831964 0.00825547 0.00823952 0.00916642 0.0101016 0.00875226 0.00837245 0.00823148 0.00833339 0.00861977 0.00931469 
0.0339479 0.799279 0 0.0287816 0.0253499 0.0211895 0.00729599 0.00610024 0.00694521 0.011694 0.0133704 0.00892078 0.0100335 0.01363 0.027536 0.0102994 0.0103233 0.020369 0.0136557 0.0104464 0.00869399 0.010382 0.0111265 0.0261608 0.0173147 0.0176673 0.00935867 0.00868477 0.00920373 0.0132842 0.0137121 0.0107388 0.00842196 0.0108031 0.0109503 0.00844702 0.0107472 0.00956355 0.00850994 0.00817384 0.00830027 0.0098343 0.0091631 0.00832277 0.00804107 0.00811851 0.00817236 0.00801502 0.00804521 0.00857678 0.00872741 0.00813603 0.00797047 0.00800612 0.00794297 0.00800127 0.00800345 0.00803809 0.00798237 0.0080242 0.00880524 0.00894648 0.00812661 0.00811748 0.0081231 0.00822256 0.00924702 0.00937322 0.00916739 0.00806204 0.00809379 0.00810115 0.00816551 0.00969266 
0.0739435 0.0263315 0.0287816 0 0.313681 0.00898103 0.00408758 0.00400005 0.00533908 0.00581008 0.0117058 0.0087663 0.0094753 0.0110265 0.0238345 0.0102251 0.0106187 0.0175465 0.0145296 0.011239 0.00846587 0.00979091 0.00990471 0.029396 0.0180926 0.0150459 0.00965557 0.00862271 0.00937745 0.0118199 0.0159251 0.0112162 0.00828537 0.00924785 0.0124988 0.00860599 0.0107694 0.00984854 0.00958722 0.00803862 0.00832803 0.00946025 0.00974309 0.00910682 0.00804407 0.00826368 0.00818843 0.00797761 0.00798259 0.00826592 0.00867684 0.00855254 0.00794883 0.00803371 0.00795788 0.00821876 0.00810873 0.00806746 0.00802556 0.00798949 0.00881224 0.00912834 0.00824746 0.00814 0.00826281 0.0080942 0.00868175 0.00988017 0.0102699 0.00807545 0.00826954 0.00808685 0.00811337 0.00912601 
0.0184701 0.0155116 0.0253499 0.313681 0 0.00325442 0.00326233 0.00327151 0.00333602 0.00467497 0.00826882 0.00821994 0.010743 0.0293622 0.024608 0.0117371 0.0125337 0.0306552 0.0106914 0.0111944 0.00934961 0.0127556 0.0156429 0.0177871 0.0136181 0.0120802 0.00984942 0.00958641 0.0114962 0.0175048 0.0101955 0.00923658 0.00852766 0.0131227 0.00923784 0.00896213 0.0131642 0.0085855 0.0087374 0.00821758 0.00845542 0.0106993 0.00830215 0.00843636 0.00819701 0.00828191 0.00843942 0.0082127 0.0082149 0.0087068 0.00803981 0.00812647 0.00799434 0.00805647 0.00797638 0.00805826 0.00804901 0.00809461 0.0080656 0.00804848 0.00906131 0.00827584 0.00804558 0.00822222 0.0084237 0.00847757 0.0101216 0.00843639 0.00867847 0.00807975 0.00816013 0.00832728 0.00852055 0.010132 
0.0125868 0.0136741 0.0211895 0.00898103 0.00325442 0 0.00328231 0.00322135 0.00326475 0.00327645 0.00904699 0.0105007 0.0169604 0.0298285 0.015394 0.0418866 0.0221347 0.0148251 0.0168865 0.0122381 0.0217523 0.0117241 0.015815 0.010258 0.0096647 0.0145156 0.0183651 0.0221416 0.0147429 0.0130146 0.0087725 0.00889564 0.0102461 0.00941996 0.00935155 0.012753 0.0102483 0.00960873 0.00862831 0.00973593 0.00873528 0.00916617 0.00856763 0.00864061 0.00980695 0.00996197 0.00993841 0.00893354 0.00840503 0.00832091 0.008185 0.00822466 0.00840155 0.00824856 0.00836851 0.00838234 0.00851826 0.00860182 0.00838162 0.00834449 0.00822638 0.00805994 0.00840232 0.00893418 0.00940469 0.00929531 0.0086116 0.00809627 0.00829668 0.00893456 0.00910314 0.00939732 0.00934783 0.00891408 
0.013401 0.0155999 0.00729599 0.00408758 0.00326233 0.00328231 0 0.00321025 0.00320745 0.00338406 0.0095443 0.0153536 0.0239179 0.0415149 0.0233115 0.0330539 0.0226326 0.0157264 0.011222 0.0411184 0.0212468 0.0288665 0.00965461 0.0106783 0.00912107 0.01331 0.03738 0.037557 0.032107 0.0107942 0.0090198 0.013001 0.00960044 0.00936575 0.010455 0.0122491 0.0120972 0.00982389 0.0121587 0.0106969 0.00948972 0.0089076 0.00869655 0.0103582 0.0130949 0.0187259 0.0150641 0.00961909 0.00855957 0.00824699 0.00839377 0.00868894 0.0087392 0.00901757 0.00863815 0.00992641 0.00928627 0.00989524 0.00902004 0.0084313 0.00829984 0.00832845 0.00886445 0.0105359 0.013178 0.00910822 0.00864778 0.00814155 0.00933484 0.00948098 0.0103846 0.0112485 0.00948068 0.00898075 
0.0120499 0.0125887 0.00610024 0.00400005 0.00327151 0.00322135 0.00321025 0 0.00319379 0.00320548 0.0131723 0.0178876 0.0417384 0.0124168 0.017339 0.0315132 0.0215599 0.0135177 0.0147973 0.0181019 0.0720308 0.011279 0.010238 0.00993289 0.00895333 0.016921 0.0294795 0.11341 0.0196642 0.0112999 0.00897294 0.0104381 0.0102165 0.0091228 0.0103353 0.0140134 0.0135131 0.0113722 0.00958956 0.0144034 0.00903184 0.0085474 0.00899357 0.00962639 0.0162941 0.0164585 0.0154796 0.0114181 0.00857566 0.00817855 0.0085718 0.00848236 0.00924051 0.00871008 0.00879912 0.00929654 0.00951182 0.00971167 0.00884207 0.0083666 0.00816555 0.0083356 0.00865069 0.011531 0.0113617 0.00934781 0.0084733 0.00808813 0.00906347 0.00948164 0.0108705 0.0112318 0.00949767 0.00890575 
0.0107806 0.0132946 0.00694521 0.00533908 0.00333602 0.00326475 0.00320745 0.00319379 0 0.00321587 0.0148831 0.0368142 0.0265297 0.008787 0.0133352 0.0197467 0.0332941 0.013004 0.0115277 0.0305493 0.0112854 0.0166522 0.00931171 0.0103335 0.00921234 0.0113581 0.0276615 0.0154034 0.0316776 0.0108934 0.00897075 0.00906024 0.00987731 0.00887693 0.0102795 0.0148824 0.0106265 0.00950653 0.00927744 0.0087097 0.00869602 0.00830418 0.00874195 0.00943095 0.00916709 0.00981053 0.00946185 0.0086483 0.00836061 0.00814509 0.008228 0.00823076 0.00823385 0.00816606 0.00834678 0.00834494 0.00843897 0.00853688 0.00838726 0.00817434 0.00811085 0.0081733 0.00845508 0.00862091 0.00910845 0.00878547 0.00836941 0.00806605 0.00890202 0.00881208 0.00863388 0.0088048 0.00877214 0.00837264 
0.0241605 0.018641 0.011694 0.00581008 0.00467497 0.00327645 0.00338406 0.00320548 0.00321587 0 0.0532897 0.00869494 0.00669666 0.0130956 0.0230855 0.0127314 0.0119558 0.0192703 0.0360472 0.0095335 0.0102487 0.00924326 0.0109246 0.0176381 0.0122339 0.0255693 0.0101108 0.0111912 0.0102488 0.0135708 0.0112416 0.0101972 0.00870649 0.00930945 0.0148014 0.00883032 0.010535 0.0136908 0.00841164 0.00870859 0.00833145 0.00828385 0.0112472 0.00868239 0.00849832 0.00874451 0.00860068 0.00849022 0.00820634 0.00807977 0.00876639 0.00824093 0.00815995 0.00810612 0.00810832 0.00817738 0.00834282 0.00841476 0.00828997 0.00810515 0.0080658 0.00864287 0.00835293 0.00838115 0.00840039 0.00849645 0.00857978 0.00872077 0.0091324 0.00835474 0.00837863 0.00850511 0.00825168 0.00844918 
0.0245429 0.018213 0.0133704 0.0117058 0.00826882 0.00904699 0.0095443 0.0131723 0.0148831 0.0532897 0 0.0032581 0.00329353 0.00522292 0.0101989 0.00965047 0.0215012 0.571621 0.016119 0.0102065 0.0117249 0.0101845 0.029888 0.0141112 0.0207246 0.0133606 0.0112368 0.0107794 0.0102093 0.0245664 0.00921575 0.00881869 0.00896906 0.0147572 0.00920439 0.00917483 0.0137021 0.0097441 0.00840596 0.00911026 0.00851939 0.0114572 0.0087855 0.00831304 0.00867286 0.00847964 0.00857436 0.0084596 0.00830386 0.00965483 0.00825816 0.00809127 0.0083059 0.00816014 0.00813023 0.00816973 0.00824507 0.00831718 0.00825013 0.00825038 0.00900265 0.0082096 0.0080931 0.00839535 0.00857566 0.00877313 0.0101858 0.00848259 0.00817676 0.00831758 0.00827601 0.0085732 0.00858259 0.00966563 
0.0103788 0.0101514 0.00892078 0.0087663 0.00821994 0.0105007 0.0153536 0.0178876 0.0368142 0.00869494 0.0032581 0 0.00519159 0.00316363 0.0101695 0.0192703 0.433653 0.0122802 0.0100981 0.0183935 0.0098897 0.0158132 0.00913189 0.00990903 0.00888353 0.0102897 0.0145573 0.0127998 0.0139391 0.00944837 0.00836614 0.0089837 0.00907083 0.00922497 0.00899892 0.00938584 0.009679 0.00852928 0.00908169 0.008448 0.00844624 0.0085067 0.00833216 0.00869059 0.00872141 0.00918078 0.00882074 0.00846827 0.00821478 0.00817645 0.00805837 0.00822224 0.00827039 0.00816891 0.00812237 0.0082452 0.0082388 0.00837022 0.00819624 0.0081608 0.00811687 0.00806011 0.00815188 0.00848293 0.0087599 0.0086398 0.00832299 0.00801522 0.00843854 0.00836491 0.00845638 0.00873699 0.00853342 0.00841381 
0.0110489 0.010774 0.0100335 0.0094753 0.010743 0.0169604 0.0239179 0.0417384 0.0265297 0.00669666 0.00329353 0.00519159 0 0.00326535 0.012662 0.409498 0.0192838 0.00885402 0.0109882 0.017128 0.0122716 0.0125358 0.00886067 0.0108792 0.00893079 0.0106239 0.0163344 0.0116111 0.0187913 0.00941895 0.00869656 0.00897006 0.00907697 0.00877568 0.0099226 0.0110481 0.00923547 0.00935739 0.00893249 0.00869941 0.00863701 0.00824421 0.00871786 0.00871426 0.00860132 0.00885727 0.00865255 0.0084437 0.00820872 0.00804839 0.00824646 0.0082425 0.00816937 0.00807842 0.00808669 0.00819465 0.00824845 0.00831146 0.00827908 0.00812551 0.0080167 0.00822442 0.00827545 0.00835949 0.00871817 0.00847269 0.00821557 0.00805099 0.00890494 0.00850493 0.00845031 0.0085932 0.00844625 0.0082955 
0.0218753 0.0279393 0.01363 0.0110265 0.0293622 0.0298285 0.0415149 0.0124168 0.008787 0.0130956 0.00522292 0.00316363 0.00326535 0 0.369837 0.0122486 0.00992878 0.0112411 0.0420904 0.0089704 0.0129911 0.00885959 0.0150299 0.0164722 0.0181504 0.0255776 0.00965265 0.0108064 0.00944463 0.0144277 0.0121277 0.0100203 0.00931943 0.00958578 0.015003 0.00899984 0.0109088 0.0185449 0.00838891 0.0101737 0.00830808 0.00843903 0.012372 0.0082874 0.00867016 0.00862811 0.00870901 0.00867322 0.00818327 0.008236 0.00917553 0.00812241 0.00841606 0.00810216 0.00811911 0.00808734 0.00839169 0.00844979 0.00827017 0.00809332 0.00810257 0.00849546 0.00827439 0.00838282 0.0083882 0.00831956 0.00866046 0.00862073 0.00876178 0.00860208 0.00831961 0.00841148 0.00844834 0.00845407 
0.0343853 0.0206743 0.027536 0.0238345 0.024608 0.015394 0.0233115 0.017339 0.0133352 0.0230855 0.0101989 0.0101695 0.012662 0.369837 0 0.00346028 0.00326599 0.00414163 0.0122547 0.0375332 0.0114077 0.0500367 0.0299363 0.0334195 0.0184514 0.0338773 0.0293312 0.0119241 0.0244609 0.0234101 0.0176301 0.0165878 0.00973605 0.0352768 0.0185132 0.0126311 0.0282059 0.010802 0.0140925 0.00887568 0.0104376 0.0156723 0.00960204 0.0123949 0.00923381 0.0103286 0.0107438 0.00865141 0.00917726 0.0101157 0.00852052 0.00896227 0.00827362 0.00857927 0.00825326 0.00863607 0.00856028 0.00891303 0.00849406 0.00852122 0.0107757 0.00928377 0.00864449 0.00968568 0.0100122 0.0101069 0.0120055 0.00935863 0.0102146 0.00879409 0.0093998 0.00952139 0.00964724 0.0120195 
0.0149515 0.0133101 0.0102994 0.0102251 0.0117371 0.0418866 0.0330539 0.0315132 0.0197467 0.0127314 0.00965047 0.0192703 0.409498 0.0122486 0.00346028 0 0.00325953 0.00323264 0.0223267 0.0383842 0.0881569 0.0329527 0.0140067 0.0119558 0.0103872 0.0253634 0.0505467 0.0618893 0.0242116 0.0144192 0.0100803 0.0104336 0.0286768 0.0103417 0.0142873 0.0309311 0.0125416 0.0118373 0.0101954 0.0138171 0.00987831 0.0090452 0.00948283 0.0109585 0.0170926 0.016039 0.0120164 0.0109211 0.00883625 0.00836244 0.00857049 0.00881037 0.00917409 0.00872325 0.00866922 0.00922378 0.00927225 0.0102385 0.00890044 0.00868957 0.00822862 0.0082689 0.00902665 0.0111313 0.0123004 0.0103401 0.00905202 0.00835912 0.00875377 0.0114981 0.0107763 0.0125239 0.0105635 0.00911132 
0.012137 0.0170568 0.0103233 0.0106187 0.0125337 0.0221347 0.0226326 0.0215599 0.0332941 0.0119558 0.0215012 0.433653 0.0192838 0.00992878 0.00326599 0.00325953 0 0.00325516 0.0211036 0.0732488 0.0313869 0.0301715 0.0110634 0.0124585 0.0110093 0.0146752 0.0388785 0.0331643 0.0612146 0.0165377 0.0103429 0.0137164 0.0159356 0.0106094 0.0140933 0.037769 0.0168046 0.0109886 0.0131576 0.0108632 0.0108032 0.00947942 0.00971489 0.013529 0.0128753 0.0146935 0.0153273 0.0106963 0.00947222 0.00844468 0.0086795 0.00884428 0.00877558 0.00881962 0.00896504 0.00934693 0.00952072 0.0108218 0.00960028 0.00900028 0.00825802 0.00862987 0.00924878 0.0117137 0.0153845 0.0122146 0.00897155 0.0081708 0.00996472 0.0101945 0.0114503 0.0133651 0.0111763 0.00930529 
0.0216028 0.0297336 0.020369 0.0175465 0.0306552 0.0148251 0.0157264 0.0135177 0.013004 0.0192703 0.571621 0.0122802 0.00885402 0.0112411 0.00414163 0.00323264 0.00325516 0 0.0241239 0.0262153 0.012672 0.0172066 0.0253301 0.0217717 0.017859 0.0280531 0.0163498 0.0124811 0.0190435 0.0322391 0.022943 0.0168733 0.00989671 0.0147477 0.0308973 0.0115287 0.0272469 0.0197432 0.010456 0.00911688 0.00899259 0.0100194 0.017645 0.0106356 0.00929922 0.0100612 0.0100269 0.00896968 0.00853531 0.00875459 0.0112561 0.00890983 0.00851217 0.00842984 0.00825011 0.00861578 0.00872162 0.00926034 0.00855632 0.00846182 0.00868996 0.0114998 0.00935705 0.00898433 0.0096053 0.00900967 0.00995233 0.0108286 0.0118988 0.00939905 0.00933458 0.00924943 0.00915147 0.00978234 
0.0284397 0.019081 0.0136557 0.0145296 0.0106914 0.0168865 0.011222 0.0147973 0.0115277 0.0360472 0.016119 0.0100981 0.0109882 0.0420904 0.0122547 0.0223267 0.0211036 0.0241239 0 0.00326028 0.00324122 0.00328896 0.00394883 0.00808516 0.0134092 0.0175425 0.0127897 0.0169848 0.0103721 0.431685 0.012244 0.0104469 0.0152955 0.020835 0.012853 0.0175464 0.0220918 0.0248381 0.00879468 0.0168306 0.00891662 0.0216115 0.0131194 0.00885889 0.01256 0.00948726 0.0100585 0.0101096 0.008646 0.0129865 0.00946662 0.00826855 0.0103479 0.00829386 0.00870848 0.00837821 0.0095038 0.0089832 0.00903604 0.00868766 0.0107413 0.00866298 0.00918639 0.0101556 0.00929579 0.0105006 0.0142048 0.010232 0.00868548 0.0111799 0.0088475 0.00959203 0.00987912 0.0125256 
0.0106606 0.0104541 0.0104464 0.011239 0.0111944 0.0122381 0.0411184 0.0181019 0.0305493 0.0095335 0.0102065 0.0183935 0.017128 0.0089704 0.0375332 0.0383842 0.0732488 0.0262153 0.00326028 0 0.00323166 0.00318876 0.00324852 0.00832404 0.00636746 0.0119432 0.0498864 0.0102755 0.4972 0.0100469 0.010203 0.0143643 0.0100588 0.0101554 0.014845 0.0153459 0.0143166 0.00912571 0.0468748 0.0086352 0.0302702 0.00952191 0.00870787 0.0241928 0.00953216 0.0285473 0.0165926 0.00901038 0.0110147 0.00823797 0.00830081 0.012285 0.00826643 0.0110646 0.00837507 0.0108153 0.0086213 0.0121617 0.0086548 0.00900566 0.00834645 0.00859806 0.00923629 0.0105339 0.0146223 0.0102157 0.00857887 0.00819745 0.0112285 0.00897156 0.013762 0.0117637 0.0107155 0.00893003 
0.0119632 0.0108544 0.00869399 0.00846587 0.00934961 0.0217523 0.0212468 0.0720308 0.0112854 0.0102487 0.0117249 0.0098897 0.0122716 0.0129911 0.0114077 0.0881569 0.0313869 0.012672 0.00324122 0.00323166 0 0.00321191 0.00320607 0.00472209 0.0075035 0.0142688 0.0134615 0.5456 0.0107461 0.0164658 0.00947907 0.00981288 0.0148345 0.00950899 0.0109744 0.0164821 0.010968 0.0156945 0.00883521 0.0878492 0.00872487 0.00900244 0.0102571 0.0092067 0.05875 0.016388 0.0133485 0.0248479 0.00868336 0.00845667 0.00874419 0.00843022 0.0181717 0.0087153 0.0106551 0.00903189 0.0144162 0.0111792 0.0103192 0.0087316 0.00821883 0.00823522 0.00910755 0.0162731 0.0151222 0.0108337 0.00877682 0.00810337 0.00878654 0.0135966 0.0108959 0.0172209 0.0106107 0.00880857 
0.0103459 0.0111245 0.010382 0.00979091 0.0127556 0.0117241 0.0288665 0.011279 0.0166522 0.00924326 0.0101845 0.0158132 0.0125358 0.00885959 0.0500367 0.0329527 0.0301715 0.0172066 0.00328896 0.00318876 0.00321191 0 0.00324642 0.043134 0.0058267 0.0102876 0.439234 0.00907374 0.0343472 0.0105073 0.0100276 0.0112708 0.0106927 0.00999076 0.013286 0.0170797 0.0142309 0.0093685 0.044409 0.00860037 0.0111685 0.00894665 0.00930145 0.0181545 0.00909188 0.0124665 0.0126761 0.00872992 0.00915071 0.00822633 0.00841131 0.0103121 0.00832129 0.00882274 0.00829544 0.00904871 0.00855222 0.00941372 0.00852298 0.00848223 0.00816237 0.00851727 0.00882003 0.00930209 0.0105732 0.00924747 0.00874039 0.00821882 0.0099521 0.00910907 0.0101701 0.00964479 0.00918565 0.0088483 
0.0137123 0.0132935 0.0111265 0.00990471 0.0156429 0.015815 0.00965461 0.010238 0.00931171 0.0109246 0.029888 0.00913189 0.00886067 0.0150299 0.0299363 0.0140067 0.0110634 0.0253301 0.00394883 0.00324852 0.00320607 0.00324642 0 0.0145817 0.00728227 0.301372 0.0100458 0.0137052 0.0106612 0.0185815 0.0129178 0.0109964 0.0105632 0.0100532 0.0180672 0.011039 0.0116323 0.0615927 0.00852947 0.0106802 0.00853644 0.00876383 0.0225707 0.00878148 0.00933825 0.00915359 0.00904071 0.00913394 0.00838847 0.00833686 0.0112116 0.00831198 0.0088621 0.0083364 0.00834563 0.0082802 0.00868362 0.00866344 0.00851366 0.00827376 0.0081542 0.00926419 0.00894148 0.00884112 0.00877287 0.00878085 0.00905393 0.00943154 0.00898324 0.00964496 0.00869285 0.00892803 0.00895785 0.00878882 
0.0252439 0.0238356 0.0261608 0.029396 0.0177871 0.010258 0.0106783 0.00993289 0.0103335 0.0176381 0.0141112 0.00990903 0.0108792 0.0164722 0.0334195 0.0119558 0.0124585 0.0217717 0.00808516 0.00832404 0.00472209 0.043134 0.0145817 0 0.0194843 0.0134897 0.00985 0.00615092 0.00874805 0.0115471 0.0245634 0.0181398 0.0121731 0.0216039 0.020459 0.0126747 0.0243572 0.0149384 0.0116828 0.00902335 0.00996484 0.0164582 0.0124295 0.0112902 0.00882825 0.00914186 0.00947367 0.00859237 0.00862286 0.0102264 0.00956347 0.00882423 0.00835988 0.00828747 0.008091 0.00848618 0.00846535 0.00877943 0.00827214 0.00834321 0.0110364 0.0106898 0.00864059 0.0086587 0.00917535 0.00952886 0.0130468 0.0123242 0.0122876 0.00857257 0.00871609 0.00871494 0.00900936 0.0125188 
0.021006 0.0226804 0.0173147 0.0180926 0.0136181 0.0096647 0.00912107 0.00895333 0.00921234 0.0122339 0.0207246 0.00888353 0.00893079 0.0181504 0.0184514 0.0103872 0.0110093 0.017859 0.0134092 0.00636746 0.0075035 0.0058267 0.00728227 0.0194843 0 0.0197798 0.00651991 0.0048411 0.0046513 0.0149527 0.0156056 0.0126658 0.00957832 0.0134909 0.017715 0.0107256 0.0165004 0.0240373 0.00884369 0.00941824 0.00854162 0.0101528 0.0221512 0.00881355 0.00860845 0.00862705 0.00848744 0.00832409 0.00811168 0.00913379 0.0111526 0.00818878 0.00823694 0.00807491 0.00804021 0.00809328 0.00827194 0.00825611 0.00817999 0.00816799 0.00929749 0.0098874 0.00858961 0.00827041 0.00845027 0.00847267 0.0104917 0.0145192 0.0102506 0.00846259 0.00828487 0.00837435 0.00853905 0.00976372 
0.0425295 0.0342909 0.0176673 0.0150459 0.0120802 0.0145156 0.01331 0.016921 0.0113581 0.0255693 0.0133606 0.0102897 0.0106239 0.0255776 0.0338773 0.0253634 0.0146752 0.0280531 0.0175425 0.0119432 0.0142688 0.0102876 0.301372 0.0134897 0.0197798 0 0.00330364 0.00325999 0.00328653 0.00391496 0.0185842 0.0185007 0.0135087 0.0353614 0.0283908 0.0186275 0.033486 0.0313313 0.0112753 0.0143687 0.0100494 0.0368769 0.0158538 0.0128172 0.0147285 0.0117788 0.0141674 0.0106587 0.00924356 0.0135407 0.0098386 0.00893963 0.00994275 0.00876608 0.00944141 0.0092469 0.00998769 0.00978854 0.00899385 0.0090183 0.0128628 0.00989781 0.010216 0.0118035 0.0119626 0.0128395 0.015394 0.0108805 0.0101669 0.0120431 0.0110235 0.0122955 0.0115835 0.0167279 
0.0111177 0.0111457 0.00935867 0.00965557 0.00984942 0.0183651 0.03738 0.0294795 0.0276615 0.0101108 0.0112368 0.0145573 0.0163344 0.00965265 0.0293312 0.0505467 0.0388785 0.0163498 0.0127897 0.0498864 0.0134615 0.439234 0.0100458 0.00985 0.00651991 0.00330364 0 0.00323005 0.00324542 0.00326104 0.00916413 0.0152017 0.0369675 0.0362306 0.0263309 0.0423158 0.0191739 0.0118469 0.0395393 0.0101042 0.0323321 0.0107666 0.0105562 0.0347932 0.0151869 0.0401834 0.0237737 0.0114575 0.0147739 0.00877714 0.00878804 0.0136414 0.00910766 0.0125114 0.00952376 0.0123502 0.0103263 0.0177332 0.011073 0.0102767 0.0088095 0.00862934 0.0122542 0.0172662 0.0290945 0.0176009 0.0100653 0.00842302 0.0120192 0.01384 0.0211573 0.0197875 0.0183962 0.00966356 
0.0107468 0.0114867 0.00868477 0.00862271 0.00958641 0.0221416 0.037557 0.11341 0.0154034 0.0111912 0.0107794 0.0127998 0.0116111 0.0108064 0.0119241 0.0618893 0.0331643 0.0124811 0.0169848 0.0102755 0.5456 0.00907374 0.0137052 0.00615092 0.0048411 0.00325999 0.00323005 0 0.00319517 0.0032319 0.00831269 0.0189115 0.0242031 0.0157725 0.0140074 0.0229025 0.0142802 0.0183177 0.00991734 0.0842223 0.00985476 0.00992536 0.0128564 0.0116109 0.0910149 0.0312913 0.0250948 0.0374482 0.0091967 0.00897665 0.00973559 0.00917483 0.0234733 0.00969329 0.0160383 0.0121058 0.0226647 0.0175448 0.017517 0.00959633 0.00882585 0.00858355 0.011355 0.037434 0.0378531 0.0198515 0.00972945 0.00840307 0.0099527 0.0234433 0.0229735 0.0483583 0.0178421 0.009745 
0.00955102 0.0113831 0.00920373 0.00937745 0.0114962 0.0147429 0.032107 0.0196642 0.0316776 0.0102488 0.0102093 0.0139391 0.0187913 0.00944463 0.0244609 0.0242116 0.0612146 0.0190435 0.0103721 0.4972 0.0107461 0.0343472 0.0106612 0.00874805 0.0046513 0.00328653 0.00324542 0.00319517 0 0.00344156 0.0229792 0.0237688 0.0520131 0.0120616 0.0178816 0.057145 0.0281218 0.0102825 0.0639652 0.0102263 0.0210634 0.0125608 0.0101198 0.0425117 0.0122025 0.0238605 0.0295779 0.0117632 0.0128196 0.0090397 0.00876879 0.0151803 0.00910737 0.010715 0.0091671 0.0118413 0.00982642 0.01602 0.00992969 0.0108305 0.0088349 0.00853281 0.0102423 0.0153708 0.0230366 0.0187516 0.00974744 0.00845274 0.0126296 0.011135 0.0189845 0.0175491 0.0160612 0.0100298 
0.014729 0.0181491 0.0132842 0.0118199 0.0175048 0.0130146 0.0107942 0.0112999 0.0108934 0.0135708 0.0245664 0.00944837 0.00941895 0.0144277 0.0234101 0.0144192 0.0165377 0.0322391 0.431685 0.0100469 0.0164658 0.0105073 0.0185815 0.0115471 0.0149527 0.00391496 0.00326104 0.0032319 0.00344156 0 0.0258747 0.026581 0.0148942 0.0284038 0.0247664 0.0155833 0.0389485 0.0752816 0.00989794 0.0117355 0.00904393 0.0125904 0.0345916 0.0100967 0.0110494 0.0111778 0.0106144 0.0105089 0.00864261 0.00955483 0.015222 0.00872895 0.00968782 0.00863505 0.00877043 0.00866069 0.00940045 0.0095392 0.00896307 0.00870591 0.00934283 0.0115238 0.00962861 0.00980903 0.00999381 0.0106945 0.0121474 0.0117978 0.0109164 0.0107764 0.010246 0.0100537 0.0113596 0.0113542 
0.0118259 0.015246 0.0137121 0.0159251 0.0101955 0.0087725 0.0090198 0.00897294 0.00897075 0.0112416 0.00921575 0.00836614 0.00869656 0.0121277 0.0176301 0.0100803 0.0103429 0.022943 0.012244 0.010203 0.00947907 0.0100276 0.0129178 0.0245634 0.0156056 0.0185842 0.00916413 0.00831269 0.0229792 0.0258747 0 0.00360124 0.00334353 0.00376138 0.00743521 0.008298 0.0226609 0.0185346 0.0100082 0.00871125 0.00962419 0.0142925 0.0120445 0.00985897 0.00913767 0.00958253 0.0115219 0.00873449 0.0086802 0.00982986 0.00945137 0.0086614 0.00837267 0.00840521 0.00827079 0.00854844 0.00854455 0.00858654 0.00827788 0.00834181 0.0105022 0.00968554 0.00844452 0.0086576 0.00897714 0.00971646 0.0127565 0.0126236 0.00993578 0.0084588 0.00869476 0.00880633 0.00923727 0.0136099 
0.0103791 0.00936486 0.0107388 0.0112162 0.00923658 0.00889564 0.013001 0.0104381 0.00906024 0.0101972 0.00881869 0.0089837 0.00897006 0.0100203 0.0165878 0.0104336 0.0137164 0.0168733 0.0104469 0.0143643 0.00981288 0.0112708 0.0109964 0.0181398 0.0126658 0.0185007 0.0152017 0.0189115 0.0237688 0.026581 0.00360124 0 0.00320713 0.00332655 0.00700403 0.0153962 0.840053 0.0101166 0.0130025 0.00852717 0.00993173 0.0137902 0.010127 0.012274 0.0100887 0.0124884 0.0124753 0.00917542 0.00968997 0.0095067 0.00903831 0.00996652 0.00884708 0.00927674 0.00862726 0.00965312 0.00923068 0.0100451 0.00900034 0.00849256 0.0102366 0.00914284 0.0088546 0.0106948 0.0116775 0.00954777 0.011131 0.00960067 0.0119361 0.00898231 0.0118001 0.0104532 0.0102801 0.0110134 
0.00866465 0.00875281 0.00842196 0.00828537 0.00852766 0.0102461 0.00960044 0.0102165 0.00987731 0.00870649 0.00896906 0.00907083 0.00907697 0.00931943 0.00973605 0.0286768 0.0159356 0.00989671 0.0152955 0.0100588 0.0148345 0.0106927 0.0105632 0.0121731 0.00957832 0.0135087 0.0369675 0.0242031 0.0520131 0.0148942 0.00334353 0.00320713 0 0.00350292 0.0149962 0.945821 0.00816842 0.0171826 0.00972854 0.0153864 0.00992168 0.00895606 0.0124981 0.0102579 0.0128408 0.0102094 0.00927675 0.0107896 0.00912116 0.00862435 0.00947686 0.00878093 0.00986296 0.00857137 0.00888586 0.00878085 0.0092481 0.00941805 0.00878952 0.00945752 0.00839632 0.00856499 0.010372 0.00966367 0.00971559 0.0120195 0.00893603 0.00844942 0.00849337 0.0131452 0.00909804 0.0103043 0.0118342 0.00881735 
0.0113122 0.0106105 0.0108031 0.00924785 0.0131227 0.00941996 0.00936575 0.0091228 0.00887693 0.00930945 0.0147572 0.00922497 0.00877568 0.00958578 0.0352768 0.0103417 0.0106094 0.0147477 0.020835 0.0101554 0.00950899 0.00999076 0.0100532 0.0216039 0.0134909 0.0353614 0.0362306 0.0157725 0.0120616 0.0284038 0.00376138 0.00332655 0.00350292 0 0.837095 0.0073501 0.0148387 0.017837 0.0122241 0.00962495 0.00939556 0.0111944 0.0186549 0.00996945 0.00925816 0.00966614 0.0107715 0.00888762 0.00875422 0.00896773 0.0126993 0.00915421 0.00867144 0.00878195 0.00848015 0.00890373 0.00886404 0.00937881 0.00878333 0.00855412 0.0093183 0.0125351 0.00973844 0.00913522 0.00970112 0.00928391 0.00970634 0.0111633 0.0135051 0.00932582 0.0112886 0.00940515 0.00935045 0.0102905 
0.0118846 0.0126001 0.0109503 0.0124988 0.00923784 0.00935155 0.010455 0.0103353 0.0102795 0.0148014 0.00920439 0.00899892 0.0099226 0.015003 0.0185132 0.0142873 0.0140933 0.0308973 0.012853 0.014845 0.0109744 0.013286 0.0180672 0.020459 0.017715 0.0283908 0.0263309 0.0140074 0.0178816 0.0247664 0.00743521 0.00700403 0.0149962 0.837095 0 0.00329314 0.00333191 0.0212105 0.0395131 0.0298345 0.0216555 0.0483349 0.0141624 0.0174117 0.0106312 0.0125369 0.0124517 0.010287 0.0107224 0.0201639 0.010814 0.0103536 0.00942437 0.00942231 0.00903228 0.00956188 0.00993396 0.0104905 0.00932197 0.00936861 0.0176106 0.0109076 0.0109202 0.0113728 0.0130232 0.0132121 0.0203494 0.0118251 0.01187 0.0110418 0.0124474 0.0116585 0.0125002 0.022473 
0.00902953 0.0104028 0.00844702 0.00860599 0.00896213 0.012753 0.0122491 0.0140134 0.0148824 0.00883032 0.00917483 0.00938584 0.0110481 0.00899984 0.0126311 0.0309311 0.037769 0.0115287 0.0175464 0.0153459 0.0164821 0.0170797 0.011039 0.0126747 0.0107256 0.0186275 0.0423158 0.0229025 0.057145 0.0155833 0.008298 0.0153962 0.945821 0.0073501 0.00329314 0 0.00360734 0.02844 0.0426619 0.0208972 0.0385085 0.0109351 0.0162374 0.0194755 0.0203418 0.0153514 0.0120723 0.0115498 0.0163402 0.00932926 0.00962265 0.00998908 0.00967332 0.00911477 0.00941072 0.00937758 0.0105029 0.0109018 0.00994534 0.0120383 0.0088554 0.00945353 0.0133116 0.013544 0.015266 0.0264321 0.0104057 0.00907441 0.00935592 0.0242165 0.0119223 0.0177241 0.0309769 0.0100898 
0.0117308 0.014485 0.0107472 0.0107694 0.0131642 0.0102483 0.0120972 0.0135131 0.0106265 0.010535 0.0137021 0.009679 0.00923547 0.0109088 0.0282059 0.0125416 0.0168046 0.0272469 0.0220918 0.0143166 0.010968 0.0142309 0.0116323 0.0243572 0.0165004 0.033486 0.0191739 0.0142802 0.0281218 0.0389485 0.0226609 0.840053 0.00816842 0.0148387 0.00333191 0.00360734 0 0.0235869 0.0299456 0.010236 0.0169317 0.0630559 0.0188589 0.0145572 0.010614 0.0149236 0.0155281 0.013218 0.0105916 0.0111367 0.0142915 0.0108137 0.00913286 0.00991355 0.00899059 0.0102454 0.00973691 0.0117814 0.00976748 0.0091596 0.0107487 0.0146581 0.0105458 0.0112907 0.0172591 0.013422 0.0156293 0.0121518 0.0188863 0.0100564 0.0143561 0.0137806 0.015179 0.01604 
0.0109824 0.0120477 0.00956355 0.00984854 0.0085855 0.00960873 0.00982389 0.0113722 0.00950653 0.0136908 0.0097441 0.00852928 0.00935739 0.0185449 0.010802 0.0118373 0.0109886 0.0197432 0.0248381 0.00912571 0.0156945 0.0093685 0.0615927 0.0149384 0.0240373 0.0313313 0.0118469 0.0183177 0.0102825 0.0752816 0.0185346 0.0101166 0.0171826 0.017837 0.0212105 0.02844 0.0235869 0 0.00325556 0.00350184 0.00330432 0.00404475 0.020165 0.0091459 0.0278939 0.0100076 0.397192 0.0484305 0.00937814 0.0844121 0.01373 0.00853427 0.018321 0.00857589 0.010414 0.00888462 0.0122293 0.00971972 0.00965089 0.0098792 0.0186773 0.0126227 0.0134448 0.0148547 0.0114694 0.0168274 0.0294941 0.0149923 0.00982198 0.0256677 0.0104556 0.0157559 0.0153002 0.0250981 
0.00849534 0.00858065 0.00850994 0.00958722 0.0087374 0.00862831 0.0121587 0.00958956 0.00927744 0.00841164 0.00840596 0.00908169 0.00893249 0.00838891 0.0140925 0.0101954 0.0131576 0.010456 0.00879468 0.0468748 0.00883521 0.044409 0.00852947 0.0116828 0.00884369 0.0112753 0.0395393 0.00991734 0.0639652 0.00989794 0.0100082 0.0130025 0.00972854 0.0122241 0.0395131 0.0426619 0.0299456 0.00325556 0 0.00319054 0.00325592 0.00335733 0.0070112 0.0719573 0.00788645 0.617788 0.0400968 0.00815692 0.0472397 0.00757661 0.00831087 0.0212263 0.00814752 0.0137563 0.00830097 0.0123956 0.00872352 0.0134796 0.00937497 0.0122475 0.00928084 0.0101361 0.0119501 0.0126016 0.0267336 0.0140737 0.00935134 0.00912269 0.0161716 0.00939284 0.0316221 0.0139841 0.0190711 0.0101597 
0.00891665 0.00833313 0.00817384 0.00803862 0.00821758 0.00973593 0.0106969 0.0144034 0.0087097 0.00870859 0.00911026 0.008448 0.00869941 0.0101737 0.00887568 0.0138171 0.0108632 0.00911688 0.0168306 0.0086352 0.0878492 0.00860037 0.0106802 0.00902335 0.00941824 0.0143687 0.0101042 0.0842223 0.0102263 0.0117355 0.00871125 0.00852717 0.0153864 0.00962495 0.0298345 0.0208972 0.010236 0.00350184 0.00319054 0 0.00319247 0.00326786 0.0223411 0.0076407 0.753836 0.0116873 0.00840053 0.0411809 0.00820168 0.00826333 0.0117415 0.00806292 0.0292549 0.00823164 0.0121836 0.0084357 0.0130672 0.00979875 0.0113982 0.0091831 0.00909284 0.0094201 0.0112174 0.0246911 0.0138214 0.0120008 0.0103513 0.00921436 0.00884182 0.0332253 0.0112525 0.0289622 0.0114182 0.0093378 
0.00832173 0.00821844 0.00830027 0.00832803 0.00845542 0.00873528 0.00948972 0.00903184 0.00869602 0.00833145 0.00851939 0.00844624 0.00863701 0.00830808 0.0104376 0.00987831 0.0108032 0.00899259 0.00891662 0.0302702 0.00872487 0.0111685 0.00853644 0.00996484 0.00854162 0.0100494 0.0323321 0.00985476 0.0210634 0.00904393 0.00962419 0.00993173 0.00992168 0.00939556 0.0216555 0.0385085 0.0169317 0.00330432 0.00325592 0.00319247 0 0.0033353 0.00996225 0.697725 0.00859573 0.00841752 0.0169617 0.00736421 0.00811365 0.00678745 0.00823647 0.017301 0.00807769 0.0093412 0.00826018 0.00972047 0.00869468 0.0104776 0.00881154 0.0100388 0.00906579 0.00944411 0.0118449 0.0115119 0.0150339 0.0120645 0.00905829 0.00905161 0.0122496 0.0101262 0.0169682 0.0111463 0.013333 0.00919253 
0.00991778 0.00927086 0.0098343 0.00946025 0.0106993 0.00916617 0.0089076 0.0085474 0.00830418 0.00828385 0.0114572 0.0085067 0.00824421 0.00843903 0.0156723 0.0090452 0.00947942 0.0100194 0.0216115 0.00952191 0.00900244 0.00894665 0.00876383 0.0164582 0.0101528 0.0368769 0.0107666 0.00992536 0.0125608 0.0125904 0.0142925 0.0137902 0.00895606 0.0111944 0.0483349 0.0109351 0.0630559 0.00404475 0.00335733 0.00326786 0.0033353 0 0.707541 0.0137619 0.0065412 0.0214237 0.0136849 0.00712832 0.00671898 0.0067163 0.0136213 0.00881598 0.00825557 0.0089995 0.00807862 0.00924466 0.00916751 0.00941506 0.00965069 0.0092286 0.0101067 0.017325 0.0106276 0.00997681 0.0106074 0.0109376 0.0110073 0.0134691 0.0158015 0.0100407 0.01102 0.0102027 0.0106365 0.0119814 
0.00972708 0.0107919 0.0091631 0.00974309 0.00830215 0.00856763 0.00869655 0.00899357 0.00874195 0.0112472 0.0087855 0.00833216 0.00871786 0.012372 0.00960204 0.00948283 0.00971489 0.017645 0.0131194 0.00870787 0.0102571 0.00930145 0.0225707 0.0124295 0.0221512 0.0158538 0.0105562 0.0128564 0.0101198 0.0345916 0.0120445 0.010127 0.0124981 0.0186549 0.0141624 0.0162374 0.0188589 0.020165 0.0070112 0.0223411 0.00996225 0.707541 0 0.00328412 0.00331392 0.00323146 0.00329528 0.00326616 0.00336503 0.00591025 0.00757293 0.00675634 0.00883313 0.00712191 0.00749278 0.00838849 0.0214004 0.12238 0.119336 0.0269308 0.0319314 0.0122389 0.0110932 0.0111868 0.0105821 0.0136839 0.0316524 0.0169104 0.0111898 0.0244761 0.0100001 0.0131462 0.0134811 0.0324364 
0.00841149 0.00849409 0.00832277 0.00910682 0.00843636 0.00864061 0.0103582 0.00962639 0.00943095 0.00868239 0.00831304 0.00869059 0.00871426 0.0082874 0.0123949 0.0109585 0.013529 0.0106356 0.00885889 0.0241928 0.0092067 0.0181545 0.00878148 0.0112902 0.00881355 0.0128172 0.0347932 0.0116109 0.0425117 0.0100967 0.00985897 0.012274 0.0102579 0.00996945 0.0174117 0.0194755 0.0145572 0.0091459 0.0719573 0.0076407 0.697725 0.0137619 0.00328412 0 0.00321766 0.00321399 0.00321439 0.00323633 0.00379548 0.00322021 0.00564863 0.0104381 0.00658239 0.00855942 0.00765008 0.0263515 0.107262 0.22141 0.0198771 0.0127772 0.00976717 0.0117997 0.012964 0.0137061 0.0202471 0.0193114 0.0104505 0.00976562 0.0173447 0.0127565 0.0352034 0.0161407 0.0332273 0.0140128 
0.00850343 0.00833079 0.00804107 0.00804407 0.00819701 0.00980695 0.0130949 0.0162941 0.00916709 0.00849832 0.00867286 0.00872141 0.00860132 0.00867016 0.00923381 0.0170926 0.0128753 0.00929922 0.01256 0.00953216 0.05875 0.00909188 0.00933825 0.00882825 0.00860845 0.0147285 0.0151869 0.0910149 0.0122025 0.0110494 0.00913767 0.0100887 0.0128408 0.00925816 0.0106312 0.0203418 0.010614 0.0278939 0.00788645 0.753836 0.00859573 0.0065412 0.00331392 0.00321766 0 0.00325078 0.0031896 0.00337241 0.00344152 0.00325025 0.00680886 0.00613352 0.0103609 0.00665426 0.035635 0.119898 0.29775 0.0167548 0.010724 0.00968566 0.00927004 0.00903859 0.0122144 0.0215303 0.0219535 0.0164097 0.0101093 0.00918337 0.0100284 0.0441317 0.0185015 0.0788251 0.0249504 0.0105319 
0.00830591 0.00857939 0.00811851 0.00826368 0.00828191 0.00996197 0.0187259 0.0164585 0.00981053 0.00874451 0.00847964 0.00918078 0.00885727 0.00862811 0.0103286 0.016039 0.0146935 0.0100612 0.00948726 0.0285473 0.016388 0.0124665 0.00915359 0.00914186 0.00862705 0.0117788 0.0401834 0.0312913 0.0238605 0.0111778 0.00958253 0.0124884 0.0102094 0.00966614 0.0125369 0.0153514 0.0149236 0.0100076 0.617788 0.0116873 0.00841752 0.0214237 0.00323146 0.00321399 0.00325078 0 0.00320019 0.00318496 0.00321755 0.00317315 0.00474268 0.00708295 0.00625011 0.0660226 0.177879 0.400692 0.00968077 0.0112925 0.00924709 0.00886478 0.00853422 0.00878466 0.0120333 0.0224459 0.0383882 0.0162331 0.0103669 0.00887277 0.0142891 0.0165857 0.0746724 0.0465329 0.0265965 0.0127466 
0.00852724 0.00845041 0.00817236 0.00818843 0.00843942 0.00993841 0.0150641 0.0154796 0.00946185 0.00860068 0.00857436 0.00882074 0.00865255 0.00870901 0.0107438 0.0120164 0.0153273 0.0100269 0.0100585 0.0165926 0.0133485 0.0126761 0.00904071 0.00947367 0.00848744 0.0141674 0.0237737 0.0250948 0.0295779 0.0106144 0.0115219 0.0124753 0.00927675 0.0107715 0.0124517 0.0120723 0.0155281 0.397192 0.0400968 0.00840053 0.0169617 0.0136849 0.00329528 0.00321439 0.0031896 0.00320019 0 0.00331425 0.00319339 0.00319368 0.00478416 0.00674655 0.0108778 0.235335 0.285097 0.0139359 0.00847037 0.0113223 0.00956707 0.00900413 0.00941254 0.00940411 0.0129693 0.0201045 0.0284359 0.0134482 0.0108929 0.00888903 0.0150526 0.0231753 0.0446766 0.0419683 0.0213702 0.0140702 
0.00832494 0.00820202 0.00801502 0.00797761 0.0082127 0.00893354 0.00961909 0.0114181 0.0086483 0.00849022 0.0084596 0.00846827 0.0084437 0.00867322 0.00865141 0.0109211 0.0106963 0.00896968 0.0101096 0.00901038 0.0248479 0.00872992 0.00913394 0.00859237 0.00832409 0.0106587 0.0114575 0.0374482 0.0117632 0.0105089 0.00873449 0.00917542 0.0107896 0.00888762 0.010287 0.0115498 0.013218 0.0484305 0.00815692 0.0411809 0.00736421 0.00712832 0.00326616 0.00323633 0.00337241 0.00318496 0.00331425 0 0.0031969 0.0031976 0.00644789 0.0086435 0.41305 0.117116 0.00833115 0.00729249 0.00857444 0.00790488 0.00843206 0.00777709 0.0073786 0.00970353 0.00981594 0.0155963 0.0145425 0.0108367 0.00962711 0.00868638 0.0169175 0.0240513 0.0144436 0.0297722 0.0144128 0.00982096 
0.00817001 0.00802765 0.00804521 0.00798259 0.0082149 0.00840503 0.00855957 0.00857566 0.00836061 0.00820634 0.00830386 0.00821478 0.00820872 0.00818327 0.00917726 0.00883625 0.00947222 0.00853531 0.008646 0.0110147 0.00868336 0.00915071 0.00838847 0.00862286 0.00811168 0.00924356 0.0147739 0.0091967 0.0128196 0.00864261 0.0086802 0.00968997 0.00912116 0.00875422 0.0107224 0.0163402 0.0105916 0.00937814 0.0472397 0.00820168 0.00811365 0.00671898 0.00336503 0.00379548 0.00344152 0.00321755 0.00319339 0.0031969 0 0.00324201 0.0045154 0.780123 0.0309247 0.00732808 0.00620337 0.00654002 0.00610018 0.0075455 0.00720154 0.00717905 0.00676119 0.00927457 0.0107058 0.00935646 0.0115035 0.0109214 0.0087594 0.00875957 0.0109037 0.0101271 0.0120494 0.0111491 0.0120133 0.00910085 
0.00885307 0.00855037 0.00857678 0.00826592 0.0087068 0.00832091 0.00824699 0.00817855 0.00814509 0.00807977 0.00965483 0.00817645 0.00804839 0.008236 0.0101157 0.00836244 0.00844468 0.00875459 0.0129865 0.00823797 0.00845667 0.00822633 0.00833686 0.0102264 0.00913379 0.0135407 0.00877714 0.00897665 0.0090397 0.00955483 0.00982986 0.0095067 0.00862435 0.00896773 0.0201639 0.00932926 0.0111367 0.0844121 0.00757661 0.00826333 0.00678745 0.0067163 0.00591025 0.00322021 0.00325025 0.00317315 0.00319368 0.0031976 0.00324201 0 0.934866 0.00408388 0.00525424 0.00490823 0.00446499 0.00524822 0.00584324 0.00597768 0.00597064 0.00605833 0.00593692 0.0114207 0.00924835 0.00861813 0.00870543 0.00900175 0.0101675 0.0108187 0.0105294 0.00962098 0.00935116 0.00908107 0.0101636 0.00974773 
0.00870663 0.00878244 0.00872741 0.00867684 0.00803981 0.008185 0.00839377 0.0085718 0.008228 0.00876639 0.00825816 0.00805837 0.00824646 0.00917553 0.00852052 0.00857049 0.0086795 0.0112561 0.00946662 0.00830081 0.00874419 0.00841131 0.0112116 0.00956347 0.0111526 0.0098386 0.00878804 0.00973559 0.00876879 0.015222 0.00945137 0.00903831 0.00947686 0.0126993 0.010814 0.00962265 0.0142915 0.01373 0.00831087 0.0117415 0.00823647 0.0136213 0.00757293 0.00564863 0.00680886 0.00474268 0.00478416 0.00644789 0.0045154 0.934866 0 0.00318663 0.00324164 0.00321479 0.00321252 0.00352847 0.00347244 0.00375094 0.00444707 0.00521587 0.00779981 0.00787313 0.0076821 0.00917543 0.00891591 0.0109245 0.0207799 0.0122689 0.00964526 0.0130878 0.00899225 0.012179 0.0105677 0.0241824 
