1FQTA
MKFTRVCDRRDVPEGEALKVESGGTSVAIFNVDGELFATQDRCTHGDWSLSDGGYLEGDVVECSLHMGKFCVRTGKVKSPPPCEALKIFPIRIEDNDVLVDFEAGYLAP
CCCEEEEEHHHCCCCCEEEEEECCEEEEEEEECCEEEEEECECCCCCCECCCCCCEECCEEECCCCCCEEECCCCCEEECCCCCCCCECCEEEECCEEEECCCCCECCC
0 0 0 0 0 0 0 0 0 0 0 0 0 0 0 0 0 0 0 0 0 0 0 0 0 0 0 0 0 0 0 0 0 0 0 0 0 0 0 0 0 0 0 0 0 0 0 0 0 0 0 0 0 0 0 0 0 0 0 0 0 0 0 0 0 0 0 0 0 0 0 0 0 0 0 0 0 0 0 0 0 0 0 0 0 0 0 0 0 0 0 0 0 0 0 0 0 0 0 0 0 0 0 0 0 0 0 0 0 
0 0 0 0 0 0 0 0 0 0 0 0 0 0 0 0 0 0 0 0 0 0 0 0 0 0 0 0 0 0 0 0 0 0 0 0 0 0 0 0 0 0 0 0 0 0 0 0 0 0 0 0 0 0 0 0 0 0 0 0 0 0 0 0 0 0 0 0 0 0 0 0 0 0 0 0 0 0 0 0 0 0 0 0 0 0 0 0 0 0 0 0 0 0 0 0 0 0 0 0 0 0 0 0 0 0 0 0 0 
0 0.00326333 0.00322696 0.00338166 0.00363767 0.00992993 0.00877717 0.00953097 0.0247943 0.0239596 0.0852327 0.0104538 0.00959062 0.0107305 0.0106555 0.0112518 0.0112792 0.010549 0.0249637 0.0119143 0.010835 0.00991325 0.0106117 0.00993173 0.0132552 0.0144735 0.0133231 0.0114146 0.0105688 0.0154468 0.010303 0.0193224 0.008985 0.00882428 0.0111993 0.0103524 0.00854663 0.0107531 0.0107653 0.0106087 0.00833053 0.00892879 0.0102043 0.00867302 0.00853313 0.00879737 0.0116888 0.0101672 
0.00326333 0 0.00319199 0.00349825 0.00319236 0.00659321 0.00821514 0.015039 0.0164194 0.0631884 0.00838815 0.00823219 0.0114109 0.0104924 0.01791 0.0142458 0.0110328 0.0156157 0.00891383 0.0100462 0.0108126 0.0165345 0.0129939 0.0132603 0.00899096 0.00942002 0.00883769 0.00892958 0.00847329 0.0101193 0.00989037 0.00955743 0.00904786 0.00903227 0.00903608 0.00847515 0.00861841 0.00826376 0.00834913 0.00857833 0.00902786 0.00831491 0.00819715 0.00845606 0.00871114 0.0115773 0.00912838 0.00834218 
0.00322696 0.00319199 0 0.00318669 0.00321027 0.00712006 0.00996569 0.0216197 0.052717 0.00820366 0.00798691 0.00809342 0.00942483 0.0184238 0.0173095 0.0283106 0.0243957 0.0104627 0.0105447 0.00884896 0.0136648 0.0163993 0.0355405 0.0127841 0.0106472 0.00875738 0.00883662 0.00881508 0.0085675 0.00947983 0.0104804 0.00945013 0.00899936 0.0100432 0.00890474 0.00881447 0.00822687 0.00842677 0.00863589 0.00987731 0.00865662 0.00888785 0.00819919 0.00826574 0.0106433 0.0103116 0.0100643 0.00815988 
0.00338166 0.00349825 0.00318669 0 0.00320835 0.0187953 0.0380308 0.018153 0.00683157 0.00893785 0.00640688 0.00878046 0.0103162 0.00997339 0.0126923 0.0140455 0.0142308 0.0189304 0.0103451 0.0106903 0.0111414 0.0143787 0.0127477 0.0205661 0.00988074 0.010941 0.0106581 0.0099643 0.00984332 0.0113029 0.0112725 0.0110679 0.0100434 0.0115273 0.0100957 0.0090764 0.00908984 0.00828212 0.00921676 0.0097308 0.0091908 0.00867397 0.00824711 0.00890242 0.00970082 0.0135005 0.0103129 0.00911234 
0.00363767 0.00319236 0.00321027 0.00320835 0 0.0540119 0.00588435 0.00510513 0.00521144 0.00552523 0.00673798 0.00996842 0.00750352 0.00757395 0.00860751 0.0125416 0.0092847 0.0299731 0.00956035 0.0143381 0.0100935 0.00988685 0.0100946 0.010557 0.011123 0.0125897 0.0133677 0.0125912 0.0092535 0.0134552 0.00936129 0.0113528 0.0116808 0.00932479 0.0103888 0.0110367 0.00833323 0.00830232 0.0103339 0.0139246 0.00841777 0.00844975 0.0082913 0.0101464 0.00943781 0.00900402 0.0101115 0.00980505 
0.00992993 0.00659321 0.00712006 0.0187953 0.0540119 0 0.00359477 0.00327993 0.00358581 0.00369748 0.00433801 0.00490515 0.00556784 0.00664024 0.00682245 0.011667 0.795215 0.0159815 0.0166708 0.00814261 0.00847368 0.00889403 0.00894433 0.0103952 0.0115915 0.0150773 0.0131704 0.0110136 0.0114463 0.0110126 0.00907517 0.0219981 0.00903389 0.00884605 0.0146069 0.0100686 0.00883657 0.0121617 0.0111229 0.00989048 0.00839711 0.00873864 0.0111358 0.00866416 0.00830944 0.0088006 0.0112372 0.0108497 
0.00877717 0.00821514 0.00996569 0.0380308 0.00588435 0.00359477 0 0.00324827 0.00325113 0.00326517 0.00335939 0.0039199 0.00468863 0.00612471 0.00955483 0.846892 0.0135788 0.00794476 0.00769562 0.00719994 0.00897075 0.00842006 0.00993042 0.0100682 0.0091329 0.00871263 0.00933714 0.00977821 0.00866634 0.00928325 0.014474 0.0088267 0.00863375 0.0101202 0.00859253 0.00874522 0.00863561 0.0085178 0.00952691 0.00927503 0.00831598 0.0089059 0.00833325 0.00818986 0.00911433 0.0089352 0.00960406 0.00848352 
0.00953097 0.015039 0.0216197 0.018153 0.00510513 0.00327993 0.00324827 0 0.00319281 0.0034215 0.00320738 0.00410583 0.00543188 0.00653991 0.962816 0.0192933 0.00678459 0.00757942 0.00576048 0.0087121 0.00792836 0.0167584 0.00878551 0.00966932 0.00936896 0.00900209 0.00947475 0.00884016 0.00910646 0.0138593 0.00862301 0.0163018 0.0118772 0.00861127 0.0106109 0.00912526 0.00870806 0.00869092 0.0085942 0.00856068 0.010617 0.00819573 0.0088145 0.00939681 0.00840058 0.0123647 0.00856738 0.00918322 
0.0247943 0.0164194 0.052717 0.00683157 0.00521144 0.00358581 0.00325113 0.00319281 0 0.00318275 0.00323797 0.00465678 0.00694706 0.928838 0.0147179 0.00851524 0.00904509 0.00583417 0.0081612 0.00655284 0.0115959 0.00816206 0.0144136 0.00877816 0.00856124 0.00768692 0.00930283 0.0124811 0.0085 0.00913081 0.0187184 0.00865896 0.00855166 0.0120829 0.00873831 0.0103294 0.00844026 0.0086475 0.0101935 0.0132044 0.00832826 0.0113797 0.00822714 0.00825265 0.0132184 0.0087824 0.0104956 0.00830301 
0.0239596 0.0631884 0.00820366 0.00893785 0.00552523 0.00369748 0.00326517 0.0034215 0.00318275 0 0.00321501 0.00820664 0.985867 0.00442323 0.00529736 0.00543091 0.00588698 0.00766998 0.00561894 0.00835935 0.00845556 0.0107112 0.0084227 0.0104953 0.00769664 0.00941403 0.0103782 0.00878372 0.00963159 0.0130927 0.00900126 0.0125783 0.00987132 0.00887062 0.0096034 0.00867977 0.00895967 0.00821581 0.0087718 0.00847752 0.0102177 0.00830467 0.00839569 0.00886624 0.0087879 0.0124846 0.0088017 0.00899418 
0.0852327 0.00838815 0.00798691 0.00640688 0.00673798 0.00433801 0.00335939 0.00320738 0.00323797 0.00321501 0 0.995643 0.00437472 0.00353538 0.00356065 0.00406009 0.00497093 0.00501829 0.00667 0.00837289 0.00918613 0.00746413 0.00839223 0.00774752 0.00783027 0.00874803 0.0115237 0.0159779 0.00879476 0.0125958 0.0104845 0.00953035 0.00994103 0.00902001 0.00908915 0.0122173 0.00826833 0.00852962 0.0105443 0.0159839 0.00823756 0.00848073 0.00824506 0.00962222 0.00926232 0.00854861 0.0126389 0.0100299 
0.0104538 0.00823219 0.00809342 0.00878046 0.00996842 0.00490515 0.0039199 0.00410583 0.00465678 0.00820664 0.995643 0 0.00335462 0.0032342 0.00325328 0.00328922 0.00336046 0.00362188 0.00494598 0.00648509 0.0059603 0.00681767 0.00684777 0.00892616 0.00901971 0.0141775 0.0202686 0.00976664 0.0119048 0.0128547 0.00867006 0.0220124 0.0102701 0.00873024 0.0148559 0.00977623 0.0087301 0.0122751 0.0122227 0.00912931 0.00860326 0.00881852 0.0112983 0.00912308 0.00841341 0.00894759 0.0128888 0.0113956 
0.00959062 0.0114109 0.00942483 0.0103162 0.00750352 0.00556784 0.00468863 0.00543188 0.00694706 0.985867 0.00437472 0.00335462 0 0.00323294 0.00321692 0.00326728 0.00331126 0.00377234 0.00354169 0.0050741 0.0063371 0.00681819 0.00679403 0.00834165 0.00920006 0.0647638 0.00972699 0.0105694 0.00908461 0.0102137 0.0124766 0.0104633 0.00953935 0.0105056 0.010107 0.00950165 0.00936657 0.00936969 0.0108072 0.00944157 0.00912961 0.00901324 0.00913183 0.00866675 0.0101674 0.0114634 0.010045 0.00865171 
0.0107305 0.0104924 0.0184238 0.00997339 0.00757395 0.00664024 0.00612471 0.00653991 0.928838 0.00442323 0.00353538 0.0032342 0.00323294 0 0.00326071 0.00323563 0.0032124 0.00324836 0.00327938 0.00417187 0.0066064 0.00681439 0.00894906 0.0105672 0.817636 0.00808679 0.00926701 0.00958046 0.00882073 0.0108686 0.0113553 0.0105356 0.00972246 0.0119857 0.00947487 0.00999085 0.0087657 0.00923095 0.010351 0.0136768 0.00948579 0.00999841 0.0087223 0.00882452 0.0200353 0.0139406 0.0133549 0.0086885 
0.0106555 0.01791 0.0173095 0.0126923 0.00860751 0.00682245 0.00955483 0.962816 0.0147179 0.00529736 0.00356065 0.00325328 0.00321692 0.00326071 0 0.00322267 0.00320514 0.00325409 0.00324304 0.00414211 0.00581979 0.00961883 0.011694 0.917719 0.0240042 0.00727346 0.0107668 0.00954402 0.00963792 0.0125178 0.0111833 0.0130025 0.0118207 0.0122297 0.0115236 0.00941027 0.00941757 0.00901142 0.0100029 0.0112218 0.0177373 0.00979056 0.00904405 0.00984615 0.0184303 0.0412308 0.015196 0.00901781 
0.0112518 0.0142458 0.0283106 0.0140455 0.0125416 0.011667 0.846892 0.0192933 0.00851524 0.00543091 0.00406009 0.00328922 0.00326728 0.00323563 0.00322267 0 0.00320203 0.00326583 0.00321689 0.00345206 0.00695206 0.0102125 0.957137 0.0143366 0.00746482 0.006433 0.00915868 0.00959888 0.00927273 0.0110881 0.0117906 0.0141939 0.0104521 0.0140466 0.0118833 0.00959896 0.00902966 0.00917373 0.00989989 0.0123768 0.0140963 0.0112807 0.00912907 0.00960636 0.01972 0.033116 0.0196289 0.00903071 
0.0112792 0.0110328 0.0243957 0.0142308 0.0092847 0.795215 0.0135788 0.00678459 0.00904509 0.00588698 0.00497093 0.00336046 0.00331126 0.0032124 0.00320514 0.00320203 0 0.00321824 0.00322276 0.00395786 0.0185456 0.964024 0.0256053 0.0101669 0.00714573 0.00588739 0.00878146 0.00989319 0.00915887 0.0105832 0.0134825 0.0105447 0.00974543 0.0144363 0.0112931 0.00947204 0.0089949 0.00880768 0.00971484 0.0127888 0.0101428 0.0110192 0.00863583 0.00926088 0.0206838 0.0203678 0.0184079 0.00886414 
0.010549 0.0156157 0.0104627 0.0189304 0.0299731 0.0159815 0.00794476 0.00757942 0.00583417 0.00766998 0.00501829 0.00362188 0.00377234 0.00324836 0.00325409 0.00326583 0.00321824 0 0.0033094 0.00467684 0.994212 0.0101355 0.00601098 0.00680817 0.00550432 0.00625603 0.00960108 0.0100567 0.0112603 0.0142772 0.0115086 0.0189886 0.0132659 0.0129626 0.0138816 0.00909922 0.0100297 0.00867462 0.0102672 0.00945686 0.0151858 0.00882496 0.00871465 0.00992048 0.010202 0.0342026 0.0124326 0.0100272 
0.0249637 0.00891383 0.0105447 0.0103451 0.00956035 0.0166708 0.00769562 0.00576048 0.0081612 0.00561894 0.00667 0.00494598 0.00354169 0.00327938 0.00324304 0.00321689 0.00322276 0.0033094 0 0.996108 0.00996288 0.00405524 0.00358635 0.00490481 0.00451585 0.00469534 0.00957326 0.0228022 0.00911305 0.012406 0.0164439 0.00968444 0.0100795 0.0126941 0.00959316 0.0156363 0.00858219 0.00901754 0.0127516 0.0288759 0.00839646 0.00921166 0.00840578 0.0101178 0.0117635 0.00886505 0.0188335 0.0103869 
0.0119143 0.0100462 0.00884896 0.0106903 0.0143381 0.00814261 0.00719994 0.0087121 0.00655284 0.00835935 0.00837289 0.00648509 0.0050741 0.00417187 0.00414211 0.00345206 0.00395786 0.00467684 0.996108 0 0.00338025 0.00324143 0.00323853 0.00343415 0.00356162 0.00507139 0.00952062 0.00973468 0.0125962 0.0231507 0.00829375 0.0475238 0.0127354 0.00885816 0.0234038 0.0102669 0.00939704 0.0127031 0.0127447 0.00920248 0.0100054 0.00882614 0.0140363 0.0109758 0.00875233 0.010774 0.0125643 0.0132997 
0.010835 0.0108126 0.0136648 0.0111414 0.0100935 0.00847368 0.00897075 0.00792836 0.0115959 0.00845556 0.00918613 0.0059603 0.0063371 0.0066064 0.00581979 0.00695206 0.0185456 0.994212 0.00996288 0.00338025 0 0.00320535 0.00324076 0.00354718 0.00337608 0.00341535 0.00686743 0.0122466 0.00895861 0.00893403 0.0401407 0.00950266 0.00898993 0.0222981 0.00941018 0.011306 0.0100271 0.00958436 0.0125237 0.0126078 0.00879081 0.0119153 0.00919958 0.00855929 0.0152889 0.0104938 0.0131523 0.00883729 
0.00991325 0.0165345 0.0163993 0.0143787 0.00988685 0.00889403 0.00842006 0.0167584 0.00816206 0.0107112 0.00746413 0.00681767 0.00681819 0.00681439 0.00961883 0.0102125 0.964024 0.0101355 0.00405524 0.00324143 0.00320535 0 0.0031969 0.00322973 0.0032902 0.00360109 0.00703581 0.00866525 0.00964793 0.0186128 0.00869504 0.0215756 0.0118894 0.00939076 0.0132018 0.0092045 0.00894136 0.00921521 0.00947695 0.00956276 0.0147487 0.0088908 0.00913414 0.00973472 0.0108103 0.0297649 0.0107057 0.00918335 
0.0106117 0.0129939 0.0355405 0.0127477 0.0100946 0.00894433 0.00993042 0.00878551 0.0144136 0.0084227 0.00839223 0.00684777 0.00679403 0.00894906 0.011694 0.957137 0.0256053 0.00601098 0.00358635 0.00323853 0.00324076 0.0031969 0 0.00320207 0.00321589 0.00323687 0.0064729 0.0090871 0.00894765 0.0106485 0.0162615 0.0112212 0.00982857 0.0139406 0.0104653 0.00915832 0.0090311 0.00894027 0.00952178 0.0122351 0.0107899 0.0111272 0.00859226 0.00921154 0.0209184 0.0187017 0.0178869 0.00890248 
0.00993173 0.0132603 0.0127841 0.0205661 0.010557 0.0103952 0.0100682 0.00966932 0.00877816 0.0104953 0.00774752 0.00892616 0.00834165 0.0105672 0.917719 0.0143366 0.0101669 0.00680817 0.00490481 0.00343415 0.00354718 0.00322973 0.00320207 0 0.00318916 0.00322201 0.00879944 0.00958008 0.0174748 0.0103732 0.0166121 0.014367 0.0104657 0.0259442 0.0124863 0.00924875 0.0100117 0.00889371 0.0106764 0.010287 0.0121101 0.0101442 0.0086809 0.0094831 0.0110841 0.0380542 0.0157199 0.00958419 
0.0132552 0.00899096 0.0106472 0.00988074 0.011123 0.0115915 0.0091329 0.00936896 0.00856124 0.00769664 0.00783027 0.00901971 0.00920006 0.817636 0.0240042 0.00746482 0.00714573 0.00550432 0.00451585 0.00356162 0.00337608 0.0032902 0.00321589 0.00318916 0 0.00472053 0.00613034 0.0137627 0.0101417 0.0125106 0.00888548 0.017258 0.0108551 0.0097003 0.0136776 0.0109965 0.00850252 0.00872142 0.0100495 0.0137936 0.00872731 0.00860927 0.00864517 0.010101 0.0106008 0.0100268 0.0183594 0.0103358 
0.0144735 0.00942002 0.00875738 0.010941 0.0125897 0.0150773 0.00871263 0.00900209 0.00768692 0.00941403 0.00874803 0.0141775 0.0647638 0.00808679 0.00727346 0.006433 0.00588739 0.00625603 0.00469534 0.00507139 0.00341535 0.00360109 0.00323687 0.00322201 0.00472053 0 0.850813 0.0105481 0.0429567 0.0163937 0.00781555 0.0233959 0.0206783 0.00944828 0.019083 0.0113511 0.00930757 0.0112889 0.0230093 0.0118451 0.00934165 0.00851302 0.0116033 0.0142642 0.00900588 0.0114771 0.0129667 0.0243297 
0.0133231 0.00883769 0.00883662 0.0106581 0.0133677 0.0131704 0.00933714 0.00947475 0.00930283 0.0103782 0.0115237 0.0202686 0.00972699 0.00926701 0.0107668 0.00915868 0.00878146 0.00960108 0.00957326 0.00952062 0.00686743 0.00703581 0.0064729 0.00879944 0.00613034 0.850813 0 0.0273267 0.0151036 0.0108748 0.0102985 0.0738048 0.0125403 0.0105104 0.015525 0.0140383 0.00969852 0.01365 0.0492041 0.0143585 0.00906229 0.00900691 0.0119215 0.0124208 0.00983359 0.01085 0.0153131 0.0320336 
0.0114146 0.00892958 0.00881508 0.0099643 0.0125912 0.0110136 0.00977821 0.00884016 0.0124811 0.00878372 0.0159779 0.00976664 0.0105694 0.00958046 0.00954402 0.00959888 0.00989319 0.0100567 0.0228022 0.00973468 0.0122466 0.00866525 0.0090871 0.00958008 0.0137627 0.0105481 0.0273267 0 0.00611377 0.00513646 0.81672 0.0287929 0.00688261 0.0125837 0.0121962 0.0145774 0.0136898 0.0145101 0.0246428 0.0172918 0.00890187 0.0108637 0.0122003 0.00957053 0.0122328 0.0104053 0.022116 0.0144639 
0.0105688 0.00847329 0.0085675 0.00984332 0.0092535 0.0114463 0.00866634 0.00910646 0.0085 0.00963159 0.00879476 0.0119048 0.00908461 0.00882073 0.00963792 0.00927273 0.00915887 0.0112603 0.00911305 0.0125962 0.00895861 0.00964793 0.00894765 0.0174748 0.0101417 0.0429567 0.0151036 0.00611377 0 0.921472 0.0040578 0.00391149 0.00953782 0.00757963 0.0109299 0.015273 0.00972236 0.00902418 0.0155604 0.0118476 0.00886444 0.0088819 0.00923821 0.0112325 0.00920141 0.010833 0.0118109 0.0150709 
0.0154468 0.0101193 0.00947983 0.0113029 0.0134552 0.0110126 0.00928325 0.0138593 0.00913081 0.0130927 0.0125958 0.0128547 0.0102137 0.0108686 0.0125178 0.0110881 0.0105832 0.0142772 0.012406 0.0231507 0.00893403 0.0186128 0.0106485 0.0103732 0.0125106 0.0163937 0.0108748 0.00513646 0.921472 0 0.00339699 0.00380209 0.00861091 0.00850164 0.813375 0.0108056 0.00976078 0.0250109 0.0153131 0.0119506 0.0122346 0.00977912 0.0190777 0.0151645 0.0099048 0.0177512 0.0158583 0.0193109 
0.010303 0.00989037 0.0104804 0.0112725 0.00936129 0.00907517 0.014474 0.00862301 0.0187184 0.00900126 0.0104845 0.00867006 0.0124766 0.0113553 0.0111833 0.0117906 0.0134825 0.0115086 0.0164439 0.00829375 0.0401407 0.00869504 0.0162615 0.0166121 0.00888548 0.00781555 0.0102985 0.81672 0.0040578 0.00339699 0 0.00322762 0.00507628 0.873669 0.00644149 0.0104106 0.0225482 0.00866047 0.0171346 0.0169752 0.00903939 0.0242627 0.00873886 0.00861651 0.0371937 0.012864 0.0222386 0.00993077 
0.0193224 0.00955743 0.00945013 0.0110679 0.0113528 0.0219981 0.0088267 0.0163018 0.00865896 0.0125783 0.00953035 0.0220124 0.0104633 0.0105356 0.0130025 0.0141939 0.0105447 0.0189886 0.00968444 0.0475238 0.00950266 0.0215756 0.0112212 0.014367 0.017258 0.0233959 0.0738048 0.0287929 0.00391149 0.00380209 0.00322762 0 0.896002 0.00603464 0.0177591 0.0205136 0.00957058 0.0123296 0.0219169 0.0160278 0.0140507 0.00887457 0.0124975 0.0295517 0.00979306 0.0221821 0.0179385 0.0208729 
0.008985 0.00904786 0.00899936 0.0100434 0.0116808 0.00903389 0.00863375 0.0118772 0.00855166 0.00987132 0.00994103 0.0102701 0.00953935 0.00972246 0.0118207 0.0104521 0.00974543 0.0132659 0.0100795 0.0127354 0.00898993 0.0118894 0.00982857 0.0104657 0.0108551 0.0206783 0.0125403 0.00688261 0.00953782 0.00861091 0.00507628 0.896002 0 0.00324677 0.00343437 0.00529329 0.0378011 0.580624 0.0121472 0.00940834 0.0123298 0.00910494 0.0205065 0.0113614 0.0090075 0.0173325 0.0165275 0.0172282 
0.00882428 0.00903227 0.0100432 0.0115273 0.00932479 0.00884605 0.0101202 0.00861127 0.0120829 0.00887062 0.00902001 0.00873024 0.0105056 0.0119857 0.0122297 0.0140466 0.0144363 0.0129626 0.0126941 0.00885816 0.0222981 0.00939076 0.0139406 0.0259442 0.0097003 0.00944828 0.0105104 0.0125837 0.00757963 0.00850164 0.873669 0.00603464 0.00324677 0 0.0032923 0.153104 0.23338 0.0149658 0.0148047 0.0143892 0.00908025 0.0274287 0.008462 0.00875157 0.0280354 0.0189942 0.0220905 0.0107002 
0.0111993 0.00903608 0.00890474 0.0100957 0.0103888 0.0146069 0.00859253 0.0106109 0.00873831 0.0096034 0.00908915 0.0148559 0.010107 0.00947487 0.0115236 0.0118833 0.0112931 0.0138816 0.00959316 0.0234038 0.00941018 0.0132018 0.0104653 0.0124863 0.0136776 0.019083 0.015525 0.0121962 0.0109299 0.813375 0.00644149 0.0177591 0.00343437 0.0032923 0 0.119355 0.00691756 0.0045798 0.0129146 0.0220461 0.0122674 0.00854171 0.0118844 0.0213321 0.00992759 0.0166029 0.0262367 0.017932 
0.0103524 0.00847515 0.00881447 0.0090764 0.0110367 0.0100686 0.00874522 0.00912526 0.0103294 0.00867977 0.0122173 0.00977623 0.00950165 0.00999085 0.00941027 0.00959896 0.00947204 0.00909922 0.0156363 0.0102669 0.011306 0.0092045 0.00915832 0.00924875 0.0109965 0.0113511 0.0140383 0.0145774 0.015273 0.0108056 0.0104106 0.0205136 0.00529329 0.153104 0.119355 0 0.00347632 0.00339132 0.0188702 0.0207322 0.00934917 0.0239551 0.0193866 0.00950548 0.0113024 0.0106865 0.0280909 0.0143214 
0.00854663 0.00861841 0.00822687 0.00908984 0.00833323 0.00883657 0.00863561 0.00870806 0.00844026 0.00895967 0.00826833 0.0087301 0.00936657 0.0087657 0.00941757 0.00902966 0.0089949 0.0100297 0.00858219 0.00939704 0.0100271 0.00894136 0.0090311 0.0100117 0.00850252 0.00930757 0.00969852 0.0136898 0.00972236 0.00976078 0.0225482 0.00957058 0.0378011 0.23338 0.00691756 0.00347632 0 0.00339214 0.0073811 0.00911896 0.0137987 0.00922306 0.00742444 0.0083642 0.00998302 0.0143172 0.00963048 0.0107321 
0.0107531 0.00826376 0.00842677 0.00828212 0.00830232 0.0121617 0.0085178 0.00869092 0.0086475 0.00821581 0.00852962 0.0122751 0.00936969 0.00923095 0.00901142 0.00917373 0.00880768 0.00867462 0.00901754 0.0127031 0.00958436 0.00921521 0.00894027 0.00889371 0.00872142 0.0112889 0.01365 0.0145101 0.00902418 0.0250109 0.00866047 0.0123296 0.580624 0.0149658 0.0045798 0.00339132 0.00339214 0 0.0327183 0.0342826 0.00769509 0.00819691 0.0068251 0.0120517 0.00995164 0.0090546 0.0134266 0.012823 
0.0107653 0.00834913 0.00863589 0.00921676 0.0103339 0.0111229 0.00952691 0.0085942 0.0101935 0.0087718 0.0105443 0.0122227 0.0108072 0.010351 0.0100029 0.00989989 0.00971484 0.0102672 0.0127516 0.0127447 0.0125237 0.00947695 0.00952178 0.0106764 0.0100495 0.0230093 0.0492041 0.0246428 0.0155604 0.0153131 0.0171346 0.0219169 0.0121472 0.0148047 0.0129146 0.0188702 0.0073811 0.0327183 0 0.0152315 0.00374644 0.00353149 0.00440341 0.00569882 0.00819986 0.00961319 0.023607 0.267076 
0.0106087 0.00857833 0.00987731 0.0097308 0.0139246 0.00989048 0.00927503 0.00856068 0.0132044 0.00847752 0.0159839 0.00912931 0.00944157 0.0136768 0.0112218 0.0123768 0.0127888 0.00945686 0.0288759 0.00920248 0.0126078 0.00956276 0.0122351 0.010287 0.0137936 0.0118451 0.0143585 0.0172918 0.0118476 0.0119506 0.0169752 0.0160278 0.00940834 0.0143892 0.0220461 0.0207322 0.00911896 0.0342826 0.0152315 0 0.00325166 0.00345756 0.00460099 0.00369698 0.00751432 0.0116984 0.983066 0.0144991 
0.00833053 0.00902786 0.00865662 0.0091908 0.00841777 0.00839711 0.00831598 0.010617 0.00832826 0.0102177 0.00823756 0.00860326 0.00912961 0.00948579 0.0177373 0.0140963 0.0101428 0.0151858 0.00839646 0.0100054 0.00879081 0.0147487 0.0107899 0.0121101 0.00872731 0.00934165 0.00906229 0.00890187 0.00886444 0.0122346 0.00903939 0.0140507 0.0123298 0.00908025 0.0122674 0.00934917 0.0137987 0.00769509 0.00374644 0.00325166 0 0.003227 0.00331742 0.00442699 0.00624656 0.986467 0.00970458 0.0101853 
0.00892879 0.00831491 0.00888785 0.00867397 0.00844975 0.00873864 0.0089059 0.00819573 0.0113797 0.00830467 0.00848073 0.00881852 0.00901324 0.00999841 0.00979056 0.0112807 0.0110192 0.00882496 0.00921166 0.00882614 0.0119153 0.0088908 0.0111272 0.0101442 0.00860927 0.00851302 0.00900691 0.0108637 0.0088819 0.00977912 0.0242627 0.00887457 0.00910494 0.0274287 0.00854171 0.0239551 0.00922306 0.00819691 0.00353149 0.00345756 0.003227 0 0.0035041 0.00402745 0.993701 0.00574112 0.00610261 0.0074377 
0.0102043 0.00819715 0.00819919 0.00824711 0.0082913 0.0111358 0.00833325 0.0088145 0.00822714 0.00839569 0.00824506 0.0112983 0.00913183 0.0087223 0.00904405 0.00912907 0.00863583 0.00871465 0.00840578 0.0140363 0.00919958 0.00913414 0.00859226 0.0086809 0.00864517 0.0116033 0.0119215 0.0122003 0.00923821 0.0190777 0.00873886 0.0124975 0.0205065 0.008462 0.0118844 0.0193866 0.00742444 0.0068251 0.00440341 0.00460099 0.00331742 0.0035041 0 0.997164 0.0053139 0.00353721 0.00395109 0.0109785 
0.00867302 0.00845606 0.00826574 0.00890242 0.0101464 0.00866416 0.00818986 0.00939681 0.00825265 0.00886624 0.00962222 0.00912308 0.00866675 0.00882452 0.00984615 0.00960636 0.00926088 0.00992048 0.0101178 0.0109758 0.00855929 0.00973472 0.00921154 0.0094831 0.010101 0.0142642 0.0124208 0.00957053 0.0112325 0.0151645 0.00861651 0.0295517 0.0113614 0.00875157 0.0213321 0.00950548 0.0083642 0.0120517 0.00569882 0.00369698 0.00442699 0.00402745 0.997164 0 0.00354403 0.003296 0.00348548 0.0206797 
0.00853313 0.00871114 0.0106433 0.00970082 0.00943781 0.00830944 0.00911433 0.00840058 0.0132184 0.0087879 0.00926232 0.00841341 0.0101674 0.0200353 0.0184303 0.01972 0.0206838 0.010202 0.0117635 0.00875233 0.0152889 0.0108103 0.0209184 0.0110841 0.0106008 0.00900588 0.00983359 0.0122328 0.00920141 0.0099048 0.0371937 0.00979306 0.0090075 0.0280354 0.00992759 0.0113024 0.00998302 0.00995164 0.00819986 0.00751432 0.00624656 0.993701 0.0053139 0.00354403 0 0.00336509 0.00330966 0.00880826 
0.00879737 0.0115773 0.0103116 0.0135005 0.00900402 0.0088006 0.0089352 0.0123647 0.0087824 0.0124846 0.00854861 0.00894759 0.0114634 0.0139406 0.0412308 0.033116 0.0203678 0.0342026 0.00886505 0.010774 0.0104938 0.0297649 0.0187017 0.0380542 0.0100268 0.0114771 0.01085 0.0104053 0.010833 0.0177512 0.012864 0.0221821 0.0173325 0.0189942 0.0166029 0.0106865 0.0143172 0.0090546 0.00961319 0.0116984 0.986467 0.00574112 0.00353721 0.003296 0.00336509 0 0.00324912 0.0191876 
0.0116888 0.00912838 0.0100643 0.0103129 0.0101115 0.0112372 0.00960406 0.00856738 0.0104956 0.0088017 0.0126389 0.0128888 0.010045 0.0133549 0.015196 0.0196289 0.0184079 0.0124326 0.0188335 0.0125643 0.0131523 0.0107057 0.0178869 0.0157199 0.0183594 0.0129667 0.0153131 0.022116 0.0118109 0.0158583 0.0222386 0.0179385 0.0165275 0.0220905 0.0262367 0.0280909 0.00963048 0.0134266 0.023607 0.983066 0.00970458 0.00610261 0.00395109 0.00348548 0.00330966 0.00324912 0 0.0953247 
0.0101672 0.00834218 0.00815988 0.00911234 0.00980505 0.0108497 0.00848352 0.00918322 0.00830301 0.00899418 0.0100299 0.0113956 0.00865171 0.0086885 0.00901781 0.00903071 0.00886414 0.0100272 0.0103869 0.0132997 0.00883729 0.00918335 0.00890248 0.00958419 0.0103358 0.0243297 0.0320336 0.0144639 0.0150709 0.0193109 0.00993077 0.0208729 0.0172282 0.0107002 0.017932 0.0143214 0.0107321 0.012823 0.267076 0.0144991 0.0101853 0.0074377 0.0109785 0.0206797 0.00880826 0.0191876 0.0953247 0 
