1G8OA
SKLKLSDWFNPFKRPEVVTMTKWKAPVVWEGTYNRAVLDNYYAKQKITVGLTVFAVGRYIEHYLEEFLTSANKHFMVGHPVIFYIMVDDVSRMPLIELGPLRSFKVFKIKPEKRWQDISMMRMKTIGEHIVAHIQHEVDFLFCMDVDQVFQDKFGVETLGESVAQLQAWWYKADPNDFTYERRKESAAYIPFGEGDFYYHAAIFGGTPTQVLNITQECFKGILKDKKNDIEAQWHDESHLNKYFLLNKPTKILSPEYCWDYHIGLPADIKLVKMSWQTKEYNVVRNN
CCCCHHHCECHHHCCCCCCECCCCCEEECCCCECHHHHHHHHHHCCCCEEEEEEECCCHHHHHHHHHHHHHHHHECCCCCEEEEEEECCHHHCCCCCCCCCEEEEEEECCCCCCHHHHHHHHHHHHHHHHHHCHHHHCCEEEEECCCEEECCCECHHHCCCEEEEECCCCCCCCHHHCCCECCCCCCCECCCCCCCCCEEEEEEEECHHHHHHHHHHHHHHHHHHHHCCCCCCCHHHHHHHHHHHHCCCCEEECHHHCECHHHCCCCCCCCCCEEECCCCCCCCCCC
0 0 0 0 0 0 0 0 0 0 0 0 0 0 0 0 0 0 0 0 0 0 0 0 0 0 0 0 0 0 0 0 0 0 0 0 0 0 0 0 0 0 0 0 0 0 0 0 0 0 0 0 0 0 0 0 0 0 0 0 0 0 0 0 0 0 0 0 0 0 0 0 0 0 0 0 0 0 0 0 0 0 0 0 0 0 0 0 0 0 0 0 0 0 0 0 0 0 0 0 0 0 0 0 0 0 0 0 0 0 0 0 0 0 0 0 0 0 0 0 0 0 0 0 0 0 0 0 0 0 0 0 0 0 0 0 0 0 0 0 0 0 0 0 0 0 0 0 0 0 0 0 0 0 0 0 0 0 0 0 0 0 0 0 0 0 0 0 0 0 0 0 0 0 0 0 0 0 0 0 0 0 0 0 0 0 0 0 0 0 0 0 0 0 0 0 0 0 0 0 0 0 0 0 0 0 0 0 0 0 0 0 0 0 0 0 0 0 0 0 0 0 0 0 0 0 0 0 0 0 0 0 0 0 0 0 0 0 0 0 0 0 0 0 0 0 0 0 0 0 0 0 0 0 0 0 0 0 0 0 0 0 0 0 0 0 0 0 0 0 0 0 0 0 0 0 0 0 0 0 0 0 0 0 0 0 0 
0 0 0 0 0 0 0 0 0 0 0 0 0 0 0 0 0 0 0 0 0 0 0 0 0 0 0 0 0 0 0 0 0 0 0 0 0 0 0 0 0 0 0 0 0 0 0 0 0 0 0 0 0 0 0 0 0 0 0 0 0 0 0 0 0 0 0 0 0 0 0 0 0 0 0 0 0 0 0 0 0 0 0 0 0 0 0 0 0 0 0 0 0 0 0 0 0 0 0 0 0 0 0 0 0 0 0 0 0 0 0 0 0 0 0 0 0 0 0 0 0 0 0 0 0 0 0 0 0 0 0 0 0 0 0 0 0 0 0 0 0 0 0 0 0 0 0 0 0 0 0 0 0 0 0 0 0 0 0 0 0 0 0 0 0 0 0 0 0 0 0 0 0 0 0 0 0 0 0 0 0 0 0 0 0 0 0 0 0 0 0 0 0 0 0 0 0 0 0 0 0 0 0 0 0 0 0 0 0 0 0 0 0 0 0 0 0 0 0 0 0 0 0 0 0 0 0 0 0 0 0 0 0 0 0 0 0 0 0 0 0 0 0 0 0 0 0 0 0 0 0 0 0 0 0 0 0 0 0 0 0 0 0 0 0 0 0 0 0 0 0 0 0 0 0 0 0 0 0 0 0 0 0 0 0 0 0 
0 0.251462 0.0145227 0.0161462 0.0248967 0.328499 0.0207103 0.0111175 0.0105497 0.0100313 0.0107923 0.0120521 0.0169461 0.029466 0.013478 0.00921074 0.0096807 0.0091447 0.00977213 0.00963543 0.0133914 0.0111729 0.00856479 0.00869113 0.00853307 0.00861862 0.0090244 0.0114606 0.0116338 0.00832257 0.00836502 0.00888494 0.00924047 0.00968118 0.00828082 0.0104003 0.0204619 0.00936292 0.00813609 0.008119 0.00807691 0.00902269 0.0124711 0.0121833 0.00921107 0.00802262 0.00801128 0.00807451 0.00800172 0.00803357 0.00804221 0.00919304 0.00909717 0.00826857 0.00946558 0.0124693 0.00907921 0.00834851 0.00933163 
0.251462 0 0.405155 0.0129227 0.0114125 0.072576 0.0221961 0.0133507 0.00981196 0.0112094 0.0100501 0.014002 0.0194932 0.0267057 0.0143322 0.00974688 0.00958147 0.00904436 0.00915892 0.00957826 0.0133097 0.0107219 0.00859564 0.00829205 0.00849188 0.00823571 0.00844632 0.0122211 0.0104064 0.00832485 0.00812159 0.00839705 0.00903851 0.00895141 0.00836792 0.00916258 0.0134476 0.00904482 0.00817568 0.00809886 0.00815078 0.00858567 0.012723 0.0122515 0.00887672 0.00807433 0.00808499 0.00814102 0.00809334 0.00811255 0.00807847 0.00859357 0.00876378 0.00828731 0.00897606 0.0102398 0.00882225 0.00823956 0.00864836 
0.0145227 0.405155 0 0.00325426 0.00326009 0.0124894 0.0728128 0.0323192 0.0176237 0.021893 0.0276187 0.0184842 0.0331502 0.0116091 0.0234947 0.0123485 0.0144981 0.0125582 0.0128317 0.011907 0.0194781 0.00918838 0.00872449 0.00853819 0.00907003 0.00851341 0.00878192 0.0148869 0.0123479 0.00897972 0.009749 0.0096306 0.0115047 0.00938429 0.00841343 0.00977416 0.00998826 0.00867959 0.00832173 0.00874115 0.00869528 0.00863772 0.0086963 0.00931681 0.00873834 0.00817783 0.00841999 0.00848361 0.00847795 0.00858534 0.0083733 0.00848482 0.00841197 0.00820618 0.0088876 0.00836039 0.00852613 0.00819692 0.00852291 
0.0161462 0.0129227 0.00325426 0 0.00326439 0.0103378 0.0311638 0.0922539 0.0282282 0.0181466 0.0276666 0.109952 0.0199048 0.0120588 0.0143009 0.0346808 0.021285 0.0232158 0.0221467 0.0365662 0.0123664 0.00876088 0.00921942 0.00889444 0.00873969 0.00887514 0.0109594 0.00891295 0.0103752 0.0124973 0.0107229 0.0138457 0.00949525 0.00908877 0.0101477 0.00869754 0.0083403 0.00832038 0.00895109 0.00953174 0.00963611 0.00880675 0.00807539 0.00815125 0.008312 0.00857025 0.00880864 0.00895385 0.00917977 0.00888817 0.00876872 0.00835496 0.00829954 0.00877585 0.00843587 0.00811117 0.00846241 0.00858103 0.00825084 
0.0248967 0.0114125 0.00326009 0.00326439 0 0.0819691 0.0402412 0.0285142 0.0251516 0.0218333 0.0260472 0.0493822 0.156613 0.0140156 0.0207773 0.0127566 0.0183327 0.0168547 0.0166714 0.0190231 0.0258506 0.0112537 0.0087774 0.00867659 0.00876661 0.00881479 0.00896782 0.0113709 0.0123447 0.00999208 0.0125768 0.0111482 0.0107835 0.0105354 0.00864188 0.00955661 0.00923592 0.00976083 0.00863209 0.00941561 0.00874416 0.00888083 0.00875206 0.00937188 0.00891397 0.00834893 0.00844655 0.00884107 0.00881003 0.00877647 0.00831857 0.00838733 0.00866292 0.00836832 0.0083237 0.00832281 0.00872122 0.00817734 0.00826186 
0.328499 0.072576 0.0124894 0.0103378 0.0819691 0 0.0357642 0.0120897 0.0115979 0.0104306 0.0110971 0.0141165 0.030435 0.1015 0.021013 0.0101545 0.00981463 0.00948983 0.00920216 0.010006 0.0162079 0.0146162 0.00861236 0.00879605 0.00838845 0.00847044 0.00900379 0.0116346 0.0130285 0.00856161 0.00818378 0.00848002 0.00935669 0.0104364 0.00831123 0.0107168 0.0279641 0.00998214 0.0081376 0.00811954 0.00818306 0.0090372 0.0138398 0.011948 0.0100113 0.00807489 0.00835443 0.00812744 0.0081017 0.00809448 0.00808665 0.00925439 0.00913519 0.00820112 0.00914648 0.0104089 0.0092905 0.00819496 0.00892975 
0.0207103 0.0221961 0.0728128 0.0311638 0.0402412 0.0357642 0 0.00333515 0.00333678 0.00340695 0.00341293 0.00361227 0.00638593 0.024143 0.281001 0.019919 0.0191172 0.0130825 0.0199992 0.0147258 0.0438671 0.0120421 0.00933651 0.0101869 0.00962396 0.00982029 0.0103139 0.0211979 0.0160329 0.0106259 0.0115892 0.0107838 0.0188799 0.0104564 0.00872736 0.0120313 0.0129293 0.00932075 0.0087146 0.00979482 0.00905809 0.0109795 0.00957342 0.00964029 0.00870684 0.00833673 0.00867955 0.00888554 0.00909986 0.00896961 0.0085426 0.00966642 0.00875646 0.00828223 0.00952229 0.00844656 0.00890793 0.00819518 0.00872897 
0.0111175 0.0133507 0.0323192 0.0922539 0.0285142 0.0120897 0.00333515 0 0.00324919 0.00327897 0.00332918 0.00340375 0.00432179 0.0119449 0.0489272 0.34268 0.0232105 0.0506128 0.0246827 0.0785275 0.0138239 0.00924863 0.0121739 0.00927658 0.013123 0.0108386 0.0155594 0.0121595 0.0114668 0.0200608 0.0207375 0.0199761 0.010502 0.0099856 0.0107746 0.00945658 0.00873916 0.00877859 0.0104742 0.0120757 0.013209 0.00902753 0.00839961 0.00834601 0.00850092 0.00876201 0.00926491 0.0103447 0.0101897 0.00953366 0.00915194 0.00855348 0.00828145 0.00856757 0.00848121 0.00811001 0.00840898 0.00840408 0.00843698 
0.0105497 0.00981196 0.0176237 0.0282282 0.0251516 0.0115979 0.00333678 0.00324919 0 0.00324228 0.00328676 0.00333676 0.00347072 0.0106536 0.0351569 0.0288718 0.422765 0.0318039 0.147754 0.0274983 0.0161014 0.00942104 0.00916127 0.0167171 0.0105003 0.0234504 0.0132656 0.00993188 0.0152358 0.0194091 0.047207 0.0172462 0.013894 0.0109637 0.00935712 0.00997225 0.00861609 0.00901871 0.0104543 0.0232899 0.0107059 0.00996551 0.00814934 0.0081433 0.00869969 0.00896392 0.0108255 0.0117304 0.0120873 0.0111337 0.00922018 0.00876951 0.0085401 0.00859776 0.00860436 0.00811831 0.00846105 0.00847833 0.00838424 
0.0100313 0.0112094 0.021893 0.0181466 0.0218333 0.0104306 0.00340695 0.00327897 0.00324228 0 0.00323949 0.00323218 0.00326764 0.0104554 0.0188567 0.0592258 0.0446989 0.508385 0.0374829 0.0400476 0.0117777 0.00917596 0.0112444 0.0101351 0.02706 0.0119897 0.0110449 0.0120231 0.0113988 0.0212891 0.0414512 0.0211333 0.0109369 0.0103213 0.00986314 0.00918503 0.00843684 0.00881019 0.0117613 0.0160555 0.0140915 0.00895504 0.00846379 0.00847803 0.00865586 0.00903545 0.0102367 0.0135269 0.0121082 0.0103851 0.00934236 0.00862796 0.00839576 0.00856387 0.00847213 0.00807861 0.00841936 0.00840841 0.00833038 
0.0107923 0.0100501 0.0276187 0.0276666 0.0260472 0.0110971 0.00341293 0.00332918 0.00328676 0.00323949 0 0.00328007 0.00327089 0.0115721 0.0280868 0.0439895 0.19151 0.0620429 0.425778 0.0237791 0.0157707 0.00952836 0.00967335 0.01976 0.0112515 0.0177122 0.0120953 0.0101117 0.0152923 0.022654 0.0551189 0.0193443 0.0125141 0.0107356 0.00946986 0.0093101 0.00855538 0.00909243 0.0110904 0.0242033 0.0104534 0.00949748 0.00817273 0.00821079 0.00868115 0.00954238 0.0112235 0.0121724 0.0115334 0.0108308 0.0090705 0.00851874 0.00846229 0.0087553 0.00856462 0.00808492 0.00850832 0.0084283 0.00835397 
0.0120521 0.014002 0.0184842 0.109952 0.0493822 0.0141165 0.00361227 0.00340375 0.00333676 0.00323218 0.00328007 0 0.00323422 0.0153491 0.0234468 0.066325 0.0569936 0.096598 0.0392419 0.464129 0.0212391 0.0111065 0.0145709 0.010166 0.0121033 0.0110936 0.0170377 0.0134213 0.0135938 0.0249695 0.0259248 0.032474 0.0125277 0.0118482 0.0142031 0.00943517 0.00923013 0.00993321 0.0133905 0.0149472 0.0152998 0.00967779 0.00862777 0.00860585 0.00947616 0.00982274 0.00998422 0.0108545 0.0104596 0.00949041 0.00914456 0.00849808 0.00847132 0.00886622 0.00855182 0.00808962 0.00850368 0.00847251 0.00829225 
0.0169461 0.0194932 0.0331502 0.0199048 0.156613 0.030435 0.00638593 0.00432179 0.00347072 0.00326764 0.00327089 0.00323422 0 0.0297177 0.0352261 0.0291338 0.0389111 0.0273377 0.0331873 0.0371051 0.330982 0.0191776 0.00964486 0.00912229 0.00959797 0.00943119 0.00963355 0.0195592 0.0187135 0.0118913 0.0147802 0.0151487 0.0182131 0.0156248 0.00986604 0.0107587 0.0111251 0.013928 0.00987067 0.0101983 0.0110144 0.0103782 0.0102081 0.0106861 0.0106454 0.00881741 0.00921357 0.00930948 0.00944235 0.00942422 0.00895521 0.00922036 0.00905857 0.00882306 0.0086 0.00846251 0.00901214 0.00832283 0.00835504 
0.029466 0.0267057 0.0116091 0.0120588 0.0140156 0.1015 0.024143 0.0119449 0.0106536 0.0104554 0.0115721 0.0153491 0.0297177 0 0.0104336 0.0038197 0.00371779 0.00376168 0.00433528 0.00541529 0.00697255 0.011323 0.00917491 0.00928343 0.0090855 0.00864637 0.010483 0.0146087 0.0117366 0.00910957 0.00934543 0.0108535 0.0136504 0.00971258 0.00898392 0.0126032 0.0574193 0.00895707 0.00847695 0.00862672 0.00891507 0.0111935 0.0129454 0.0115098 0.00852863 0.00819422 0.00840622 0.00826423 0.008246 0.00829439 0.00846921 0.00995412 0.00821568 0.00814334 0.00925507 0.00972299 0.00835635 0.00802108 0.00843537 
0.013478 0.0143322 0.0234947 0.0143009 0.0207773 0.021013 0.281001 0.0489272 0.0351569 0.0188567 0.0280868 0.0234468 0.0352261 0.0104336 0 0.00332121 0.00323455 0.00324597 0.00322406 0.00328107 0.00458571 0.204266 0.0130156 0.0148704 0.0097701 0.0130131 0.014342 0.0292003 0.0330774 0.0171988 0.0149381 0.0151538 0.0237112 0.0148247 0.0100909 0.0202803 0.0165105 0.0118072 0.0100118 0.0117332 0.00983479 0.0155927 0.00967517 0.0103382 0.00971717 0.00892851 0.00915106 0.00957258 0.00924417 0.00931515 0.00914601 0.0103836 0.00871034 0.0085517 0.00939129 0.00890551 0.00872436 0.00826273 0.00850653 
0.00921074 0.00974688 0.0123485 0.0346808 0.0127566 0.0101545 0.019919 0.34268 0.0288718 0.0592258 0.0439895 0.066325 0.0291338 0.0038197 0.00332121 0 0.0032246 0.00325358 0.00328884 0.00336409 0.00353083 0.0119914 0.2244 0.00965934 0.020888 0.0135486 0.0347967 0.0207795 0.0205584 0.0344262 0.0418053 0.0302229 0.0118616 0.0121524 0.0181902 0.00959735 0.00985073 0.00978535 0.0138485 0.0164791 0.0201342 0.00935874 0.00934463 0.0086365 0.00910291 0.00937781 0.0100733 0.0125713 0.0112576 0.0107823 0.0103677 0.00877103 0.00839411 0.00859265 0.00847957 0.00807775 0.00834276 0.00832477 0.00836242 
0.0096807 0.00958147 0.0144981 0.021285 0.0183327 0.00981463 0.0191172 0.0232105 0.422765 0.0446989 0.19151 0.0569936 0.0389111 0.00371779 0.00323455 0.0032246 0 0.00349919 0.00316616 0.0032385 0.00327452 0.0141491 0.0120229 0.246949 0.0154043 0.0658923 0.0204004 0.0126427 0.0234862 0.0442796 0.0862929 0.0364153 0.0168365 0.0158207 0.0111272 0.0111206 0.00940205 0.0109308 0.0171684 0.0532128 0.0160954 0.0121277 0.00845934 0.00895426 0.00960531 0.0118941 0.0191661 0.0196762 0.022113 0.0172495 0.0109489 0.00982981 0.00868171 0.00902181 0.00898907 0.00816702 0.00870087 0.00854329 0.00879235 
0.0091447 0.00904436 0.0125582 0.0232158 0.0168547 0.00948983 0.0130825 0.0506128 0.0318039 0.508385 0.0620429 0.096598 0.0273377 0.00376168 0.00324597 0.00325358 0.00349919 0 0.00320284 0.00321082 0.00324945 0.01019 0.0276473 0.0123372 0.395598 0.0245203 0.0189638 0.0125337 0.0168854 0.0564305 0.0793661 0.0464424 0.0166024 0.0130431 0.0134199 0.00991425 0.00929106 0.00984268 0.022416 0.0306739 0.0261362 0.0100168 0.00875531 0.00848141 0.00974384 0.0126684 0.0165907 0.0221512 0.021031 0.015931 0.0115184 0.00963863 0.0087234 0.00876499 0.00873291 0.00812613 0.00868966 0.00850121 0.00844132 
0.00977213 0.00915892 0.0128317 0.0221467 0.0166714 0.00920216 0.0199992 0.0246827 0.147754 0.0374829 0.425778 0.0392419 0.0331873 0.00433528 0.00322406 0.00328884 0.00316616 0.00320284 0 0.00320084 0.00321355 0.0145876 0.0142739 0.113294 0.0218093 0.22565 0.0159058 0.0146835 0.0216504 0.0342595 0.108003 0.0313963 0.0179995 0.0147062 0.0134728 0.0107214 0.00901044 0.0124068 0.0169482 0.049163 0.0152306 0.0106351 0.00837916 0.0084864 0.00976448 0.0123337 0.0187253 0.0218783 0.0197944 0.019507 0.0117322 0.00923843 0.00854116 0.00879602 0.00888978 0.00816345 0.00868083 0.00852941 0.00840412 
0.00963543 0.00957826 0.011907 0.0365662 0.0190231 0.010006 0.0147258 0.0785275 0.0274983 0.0400476 0.0237791 0.464129 0.0371051 0.00541529 0.00328107 0.00336409 0.0032385 0.00321082 0.00320084 0 0.00321808 0.0126223 0.111033 0.0107265 0.017725 0.0115478 0.267332 0.0140662 0.0164273 0.033008 0.0351815 0.0763064 0.017253 0.0127982 0.0220639 0.0102705 0.00976832 0.00997808 0.0211132 0.0166422 0.0323531 0.0120582 0.00895246 0.0087567 0.00974276 0.0127167 0.0132538 0.0143007 0.0137403 0.0115457 0.0125782 0.0091699 0.00853528 0.00907349 0.00851482 0.0082164 0.00840683 0.0084781 0.00817946 
0.0133914 0.0133097 0.0194781 0.0123664 0.0258506 0.0162079 0.0438671 0.0138239 0.0161014 0.0117777 0.0157707 0.0212391 0.330982 0.00697255 0.00458571 0.00353083 0.00327452 0.00324945 0.00321355 0.00321808 0 0.0666252 0.0112273 0.0128811 0.0097192 0.011687 0.0178765 0.291679 0.0200233 0.0132272 0.0135584 0.0140431 0.0254081 0.0178176 0.0103687 0.0122 0.0144941 0.0168289 0.0104604 0.0106668 0.0110416 0.0145485 0.0114959 0.0112747 0.0118579 0.00929601 0.00909633 0.00922586 0.00911233 0.00904072 0.00944695 0.0105625 0.00881684 0.00856285 0.0088872 0.00852959 0.00886211 0.00813647 0.00828599 
0.0111729 0.0107219 0.00918838 0.00876088 0.0112537 0.0146162 0.0120421 0.00924863 0.00942104 0.00917596 0.00952836 0.0111065 0.0191776 0.011323 0.204266 0.0119914 0.0141491 0.01019 0.0145876 0.0126223 0.0666252 0 0.00386742 0.00327173 0.00336023 0.00353818 0.00361719 0.00766829 0.0290153 0.0102444 0.00939714 0.00969275 0.0155125 0.0113645 0.00873487 0.0213891 0.016621 0.00939233 0.00870145 0.00893243 0.00880042 0.0116715 0.0102126 0.0104508 0.00850507 0.00825205 0.00843705 0.00843691 0.00842446 0.00831636 0.00861607 0.0100874 0.00834998 0.00821541 0.00900829 0.00845071 0.00822182 0.00803019 0.0082485 
0.00856479 0.00859564 0.00872449 0.00921942 0.0087774 0.00861236 0.00933651 0.0121739 0.00916127 0.0112444 0.00967335 0.0145709 0.00964486 0.00917491 0.0130156 0.2244 0.0120229 0.0276473 0.0142739 0.111033 0.0112273 0.00386742 0 0.00320699 0.00331934 0.00317921 0.00335511 0.00403705 0.0122978 0.0151263 0.0120291 0.0107401 0.00914002 0.00933256 0.0113369 0.00883829 0.00912901 0.00876251 0.00977045 0.00917695 0.0109896 0.00857293 0.0084317 0.00853147 0.00824244 0.00841189 0.00855402 0.00894364 0.00857957 0.00857419 0.00856244 0.00827467 0.00814833 0.00829206 0.00823119 0.00805824 0.00817097 0.00819412 0.00811739 
0.00869113 0.00829205 0.00853819 0.00889444 0.00867659 0.00879605 0.0101869 0.00927658 0.0167171 0.0101351 0.01976 0.010166 0.00912229 0.00928343 0.0148704 0.00965934 0.246949 0.0123372 0.113294 0.0107265 0.0128811 0.00327173 0.00320699 0 0.00324249 0.00333398 0.00329516 0.00330307 0.0256417 0.0142359 0.0132037 0.0104269 0.00938975 0.0103737 0.00879776 0.00938889 0.00974475 0.00929748 0.00913136 0.0135816 0.00881235 0.00897254 0.00828826 0.00816692 0.00869 0.00841302 0.0104177 0.00982266 0.0105984 0.00921233 0.00863498 0.0084729 0.00821136 0.00825839 0.00835636 0.00812935 0.00816349 0.00815641 0.00811886 
0.00853307 0.00849188 0.00907003 0.00873969 0.00876661 0.00838845 0.00962396 0.013123 0.0105003 0.02706 0.0112515 0.0121033 0.00959797 0.0090855 0.0097701 0.020888 0.0154043 0.395598 0.0218093 0.017725 0.0097192 0.00336023 0.00331934 0.00324249 0 0.00320508 0.00322816 0.0034949 0.0143898 0.0243577 0.0167243 0.0110157 0.00911155 0.00970057 0.00963774 0.00884547 0.00876285 0.00910714 0.0103334 0.0104874 0.0108285 0.00866524 0.0083721 0.00870413 0.0084362 0.00925822 0.00918299 0.0115596 0.0102257 0.00903835 0.00862529 0.00860622 0.00831183 0.00836988 0.00851811 0.00817756 0.00824175 0.00821492 0.00814226 
0.00861862 0.00823571 0.00851341 0.00887514 0.00881479 0.00847044 0.00982029 0.0108386 0.0234504 0.0119897 0.0177122 0.0110936 0.00943119 0.00864637 0.0130131 0.0135486 0.0658923 0.0245203 0.22565 0.0115478 0.011687 0.00353818 0.00317921 0.00333398 0.00320508 0 0.00322395 0.0032457 0.017728 0.0216153 0.0301006 0.011901 0.00977142 0.0102923 0.00965808 0.00945828 0.00908226 0.00923376 0.00987139 0.0164329 0.00909621 0.00878096 0.00824037 0.00823568 0.00833066 0.00851148 0.0115312 0.0109019 0.0107241 0.00923096 0.00840589 0.00839476 0.00815422 0.00819353 0.00821482 0.00807106 0.0081111 0.00813241 0.00810534 
0.0090244 0.00844632 0.00878192 0.0109594 0.00896782 0.00900379 0.0103139 0.0155594 0.0132656 0.0110449 0.0120953 0.0170377 0.00963355 0.010483 0.014342 0.0347967 0.0204004 0.0189638 0.0159058 0.267332 0.0178765 0.00361719 0.00335511 0.00329516 0.00322816 0.00322395 0 0.00324787 0.0171347 0.0287381 0.0247694 0.0437548 0.011685 0.0108473 0.0134548 0.00989363 0.0111347 0.00956891 0.012173 0.0110906 0.0102213 0.00933082 0.0087754 0.0085403 0.00875111 0.0131375 0.00964934 0.009657 0.00943378 0.00945735 0.00874606 0.00849488 0.00825735 0.00841545 0.00830721 0.00840429 0.00815188 0.00823489 0.00809769 
0.0114606 0.0122211 0.0148869 0.00891295 0.0113709 0.0116346 0.0211979 0.0121595 0.00993188 0.0120231 0.0101117 0.0134213 0.0195592 0.0146087 0.0292003 0.0207795 0.0126427 0.0125337 0.0146835 0.0140662 0.291679 0.00766829 0.00403705 0.00330307 0.0034949 0.0032457 0.00324787 0 0.0140516 0.014228 0.0187347 0.0264141 0.0379099 0.0169424 0.0118362 0.0120044 0.0152293 0.0168678 0.0107494 0.00966978 0.0139742 0.0101416 0.0139974 0.0139352 0.012003 0.00864679 0.00910234 0.00960365 0.0091975 0.0089288 0.00898172 0.00881586 0.0115093 0.0084237 0.00840857 0.00917075 0.00863198 0.00816004 0.00809399 
0.0116338 0.0104064 0.0123479 0.0103752 0.0123447 0.0130285 0.0160329 0.0114668 0.0152358 0.0113988 0.0152923 0.0135938 0.0187135 0.0117366 0.0330774 0.0205584 0.0234862 0.0168854 0.0216504 0.0164273 0.0200233 0.0290153 0.0122978 0.0256417 0.0143898 0.017728 0.0171347 0.0140516 0 0.00343836 0.00324444 0.00327263 0.0036953 0.0057834 0.00612463 0.0219301 0.0210839 0.0364295 0.0169871 0.0164676 0.0120857 0.0343097 0.0142801 0.0174232 0.0196935 0.0163009 0.0200725 0.0177454 0.0138553 0.0119659 0.0102458 0.0190229 0.0139196 0.01016 0.0127431 0.00966612 0.0109699 0.00860044 0.00931278 
0.00832257 0.00832485 0.00897972 0.0124973 0.00999208 0.00856161 0.0106259 0.0200608 0.0194091 0.0212891 0.022654 0.0249695 0.0118913 0.00910957 0.0171988 0.0344262 0.0442796 0.0564305 0.0342595 0.033008 0.0132272 0.0102444 0.0151263 0.0142359 0.0243577 0.0216153 0.0287381 0.014228 0.00343836 0 0.00320155 0.00324686 0.00326804 0.0115719 0.0177423 0.0189078 0.0107698 0.0167344 0.0283383 0.032584 0.0442625 0.0142727 0.0100571 0.0110378 0.0127447 0.0245644 0.0317208 0.0557893 0.0341646 0.0230243 0.0196469 0.0116399 0.0104179 0.0127987 0.00984348 0.00836882 0.00892784 0.00962442 0.00869614 
0.00836502 0.00812159 0.009749 0.0107229 0.0125768 0.00818378 0.0115892 0.0207375 0.047207 0.0414512 0.0551189 0.0259248 0.0147802 0.00934543 0.0149381 0.0418053 0.0862929 0.0793661 0.108003 0.0351815 0.0135584 0.00939714 0.0120291 0.0132037 0.0167243 0.0301006 0.0247694 0.0187347 0.00324444 0.00320155 0 0.00321274 0.00320197 0.00634105 0.0132459 0.0154526 0.00598632 0.01317 0.0235198 0.0787961 0.0215376 0.0122941 0.00977908 0.00999328 0.0135904 0.0222611 0.0725028 0.0608773 0.0948787 0.0744 0.0189842 0.011607 0.0096889 0.0105153 0.0101859 0.00882263 0.00928691 0.00891424 0.00862012 
0.00888494 0.00839705 0.0096306 0.0138457 0.0111482 0.00848002 0.0107838 0.0199761 0.0172462 0.0211333 0.0193443 0.032474 0.0151487 0.0108535 0.0151538 0.0302229 0.0364153 0.0464424 0.0313963 0.0763064 0.0140431 0.00969275 0.0107401 0.0104269 0.0110157 0.011901 0.0437548 0.0264141 0.00327263 0.00324686 0.00321274 0 0.00321875 0.00750191 0.0453486 0.00598142 0.00787844 0.0118533 0.0500906 0.0284324 0.0708556 0.0204783 0.012658 0.0110463 0.0151535 0.0279999 0.0221191 0.0386058 0.0343726 0.0301472 0.0411102 0.013638 0.00944073 0.0117341 0.0105262 0.00879006 0.00913825 0.0100545 0.00886108 
0.00924047 0.00903851 0.0115047 0.00949525 0.0107835 0.00935669 0.0188799 0.010502 0.013894 0.0109369 0.0125141 0.0125277 0.0182131 0.0136504 0.0237112 0.0118616 0.0168365 0.0166024 0.0179995 0.017253 0.0254081 0.0155125 0.00914002 0.00938975 0.00911155 0.00977142 0.011685 0.0379099 0.0036953 0.00326804 0.00320197 0.00321875 0 0.0526032 0.00404297 0.0049276 0.00825772 0.0414328 0.0142629 0.0165944 0.0193246 0.0418603 0.0149316 0.0136246 0.0230145 0.0134981 0.0148507 0.0162586 0.0175189 0.015919 0.015683 0.0230567 0.0129954 0.00931466 0.0116259 0.00970787 0.0116787 0.00840559 0.00847544 
0.00968118 0.00895141 0.00938429 0.00908877 0.0105354 0.0104364 0.0104564 0.0099856 0.0109637 0.0103213 0.0107356 0.0118482 0.0156248 0.00971258 0.0148247 0.0121524 0.0158207 0.0130431 0.0147062 0.0127982 0.0178176 0.0113645 0.00933256 0.0103737 0.00970057 0.0102923 0.0108473 0.0169424 0.0057834 0.0115719 0.00634105 0.00750191 0.0526032 0 0.00334142 0.00331384 0.00700881 0.0156356 0.0197001 0.0182931 0.0220789 0.0347031 0.0124148 0.0163192 0.0182637 0.0146667 0.0173229 0.0143918 0.0129359 0.0126653 0.0111113 0.0170535 0.0106574 0.00990806 0.0133628 0.00922216 0.00922142 0.00845391 0.00940902 
0.00828082 0.00836792 0.00841343 0.0101477 0.00864188 0.00831123 0.00872736 0.0107746 0.00935712 0.00986314 0.00946986 0.0142031 0.00986604 0.00898392 0.0100909 0.0181902 0.0111272 0.0134199 0.0134728 0.0220639 0.0103687 0.00873487 0.0113369 0.00879776 0.00963774 0.00965808 0.0134548 0.0118362 0.00612463 0.0177423 0.0132459 0.0453486 0.00404297 0.00334142 0 0.00349444 0.00786812 0.0126571 0.0302758 0.0136684 0.106091 0.0115093 0.0134524 0.0128318 0.0100057 0.01973 0.0106829 0.0143034 0.0124691 0.0114474 0.031799 0.0100345 0.00881373 0.0130833 0.00908482 0.00875972 0.0084232 0.00952537 0.00835457 
0.0104003 0.00916258 0.00977416 0.00869754 0.00955661 0.0107168 0.0120313 0.00945658 0.00997225 0.00918503 0.0093101 0.00943517 0.0107587 0.0126032 0.0202803 0.00959735 0.0111206 0.00991425 0.0107214 0.0102705 0.0122 0.0213891 0.00883829 0.00938889 0.00884547 0.00945828 0.00989363 0.0120044 0.0219301 0.0189078 0.0154526 0.00598142 0.0049276 0.00331384 0.00349444 0 0.0376619 0.0306898 0.0182077 0.0228945 0.0106416 0.0307844 0.0163538 0.0130623 0.0202242 0.0104581 0.0108909 0.0102963 0.0102554 0.0118976 0.00990723 0.013669 0.0111895 0.00912525 0.0103523 0.00963074 0.0102458 0.00830996 0.00854733 
0.0204619 0.0134476 0.00998826 0.0083403 0.00923592 0.0279641 0.0129293 0.00873916 0.00861609 0.00843684 0.00855538 0.00923013 0.0111251 0.0574193 0.0165105 0.00985073 0.00940205 0.00929106 0.00901044 0.00976832 0.0144941 0.016621 0.00912901 0.00974475 0.00876285 0.00908226 0.0111347 0.0152293 0.0210839 0.0107698 0.00598632 0.00787844 0.00825772 0.00700881 0.00786812 0.0376619 0 0.0176026 0.00787287 0.00584946 0.00617018 0.0111167 0.112396 0.111453 0.0221748 0.0113247 0.0105925 0.00975898 0.00966291 0.00934851 0.0100388 0.0210517 0.0131008 0.00914506 0.0122913 0.0414891 0.0108238 0.00828613 0.00998715 
0.00936292 0.00904482 0.00867959 0.00832038 0.00976083 0.00998214 0.00932075 0.00877859 0.00901871 0.00881019 0.00909243 0.00993321 0.013928 0.00895707 0.0118072 0.00978535 0.0109308 0.00984268 0.0124068 0.00997808 0.0168289 0.00939233 0.00876251 0.00929748 0.00910714 0.00923376 0.00956891 0.0168678 0.0364295 0.0167344 0.01317 0.0118533 0.0414328 0.0156356 0.0126571 0.0306898 0.0176026 0 0.00352947 0.00327151 0.00338255 0.00366777 0.0232014 0.0317516 0.018968 0.0135877 0.0128941 0.0128843 0.0153724 0.010826 0.0110348 0.0193252 0.0110862 0.00963347 0.0137291 0.0100861 0.00882885 0.0083307 0.00935581 
0.00813609 0.00817568 0.00832173 0.00895109 0.00863209 0.0081376 0.0087146 0.0104742 0.0104543 0.0117613 0.0110904 0.0133905 0.00987067 0.00847695 0.0100118 0.0138485 0.0171684 0.022416 0.0169482 0.0211132 0.0104604 0.00870145 0.00977045 0.00913136 0.0103334 0.00987139 0.012173 0.0107494 0.0169871 0.0283383 0.0235198 0.0500906 0.0142629 0.0197001 0.0302758 0.0182077 0.00787287 0.00352947 0 0.00325468 0.00324012 0.00339953 0.0115084 0.0145719 0.0194034 0.0232505 0.0203158 0.0631943 0.0256906 0.0174154 0.0237928 0.0119956 0.0103351 0.0112349 0.0106611 0.00874988 0.0086108 0.00923493 0.00866541 
0.008119 0.00809886 0.00874115 0.00953174 0.00941561 0.00811954 0.00979482 0.0120757 0.0232899 0.0160555 0.0242033 0.0149472 0.0101983 0.00862672 0.0117332 0.0164791 0.0532128 0.0306739 0.049163 0.0166422 0.0106668 0.00893243 0.00917695 0.0135816 0.0104874 0.0164329 0.0110906 0.00966978 0.0164676 0.032584 0.0787961 0.0284324 0.0165944 0.0182931 0.0136684 0.0228945 0.00584946 0.00327151 0.00325468 0 0.00322799 0.00326646 0.00877331 0.0133015 0.0160925 0.0215669 0.0970825 0.0492001 0.0527065 0.0603194 0.0160199 0.0129291 0.0101415 0.0127565 0.0105745 0.00908725 0.00978497 0.00918706 0.00914167 
0.00807691 0.00815078 0.00869528 0.00963611 0.00874416 0.00818306 0.00905809 0.013209 0.0107059 0.0140915 0.0104534 0.0152998 0.0110144 0.00891507 0.00983479 0.0201342 0.0160954 0.0261362 0.0152306 0.0323531 0.0110416 0.00880042 0.0109896 0.00881235 0.0108285 0.00909621 0.0102213 0.0139742 0.0120857 0.0442625 0.0215376 0.0708556 0.0193246 0.0220789 0.106091 0.0106416 0.00617018 0.00338255 0.00324012 0.00322799 0 0.00333316 0.0127741 0.014828 0.0135165 0.0905878 0.0203854 0.0432329 0.0383384 0.0257915 0.0511481 0.0129538 0.0101351 0.0145292 0.0110028 0.0088668 0.00898017 0.0112528 0.00871147 
0.00902269 0.00858567 0.00863772 0.00880675 0.00888083 0.0090372 0.0109795 0.00902753 0.00996551 0.00895504 0.00949748 0.00967779 0.0103782 0.0111935 0.0155927 0.00935874 0.0121277 0.0100168 0.0106351 0.0120582 0.0145485 0.0116715 0.00857293 0.00897254 0.00866524 0.00878096 0.00933082 0.0101416 0.0343097 0.0142727 0.0122941 0.0204783 0.0418603 0.0347031 0.0115093 0.0307844 0.0111167 0.00366777 0.00339953 0.00326646 0.00333316 0 0.0279933 0.0173377 0.0597732 0.0128717 0.0154154 0.0174369 0.0143347 0.0146883 0.0195218 0.0419816 0.0118876 0.0106816 0.0141206 0.00999605 0.0127418 0.00884761 0.00904426 
0.0124711 0.012723 0.0086963 0.00807539 0.00875206 0.0138398 0.00957342 0.00839961 0.00814934 0.00846379 0.00817273 0.00862777 0.0102081 0.0129454 0.00967517 0.00934463 0.00845934 0.00875531 0.00837916 0.00895246 0.0114959 0.0102126 0.0084317 0.00828826 0.0083721 0.00824037 0.0087754 0.0139974 0.0142801 0.0100571 0.00977908 0.012658 0.0149316 0.0124148 0.0134524 0.0163538 0.112396 0.0232014 0.0115084 0.00877331 0.0127741 0.0279933 0 0.84437 0.0171157 0.012051 0.00939954 0.0101637 0.00988271 0.00971923 0.0133227 0.0303154 0.0120655 0.0106104 0.0144447 0.0246064 0.00939777 0.00942047 0.00980693 
0.0121833 0.0122515 0.00931681 0.00815125 0.00937188 0.011948 0.00964029 0.00834601 0.0081433 0.00847803 0.00821079 0.00860585 0.0106861 0.0115098 0.0103382 0.0086365 0.00895426 0.00848141 0.0084864 0.0087567 0.0112747 0.0104508 0.00853147 0.00816692 0.00870413 0.00823568 0.0085403 0.0139352 0.0174232 0.0110378 0.00999328 0.0110463 0.0136246 0.0163192 0.0128318 0.0130623 0.111453 0.0317516 0.0145719 0.0133015 0.014828 0.0173377 0.84437 0 0.0289339 0.0113005 0.00679278 0.00790227 0.00909291 0.00893419 0.0110508 0.0164337 0.0179748 0.0126412 0.0145205 0.043822 0.0112781 0.00919512 0.0101798 
0.00921107 0.00887672 0.00873834 0.008312 0.00891397 0.0100113 0.00870684 0.00850092 0.00869969 0.00865586 0.00868115 0.00947616 0.0106454 0.00852863 0.00971717 0.00910291 0.00960531 0.00974384 0.00976448 0.00974276 0.0118579 0.00850507 0.00824244 0.00869 0.0084362 0.00833066 0.00875111 0.012003 0.0196935 0.0127447 0.0135904 0.0151535 0.0230145 0.0182637 0.0100057 0.0202242 0.0221748 0.018968 0.0194034 0.0160925 0.0135165 0.0597732 0.0171157 0.0289339 0 0.00373706 0.00321334 0.00326261 0.00326933 0.00335128 0.0036164 0.0100304 0.0538719 0.0163882 0.0367345 0.0135562 0.0109762 0.00950531 0.0141888 
0.00802262 0.00807433 0.00817783 0.00857025 0.00834893 0.00807489 0.00833673 0.00876201 0.00896392 0.00903545 0.00954238 0.00982274 0.00881741 0.00819422 0.00892851 0.00937781 0.0118941 0.0126684 0.0123337 0.0127167 0.00929601 0.00825205 0.00841189 0.00841302 0.00925822 0.00851148 0.0131375 0.00864679 0.0163009 0.0245644 0.0222611 0.0279999 0.0134981 0.0146667 0.01973 0.0104581 0.0113247 0.0135877 0.0232505 0.0215669 0.0905878 0.0128717 0.012051 0.0113005 0.00373706 0 0.00324196 0.0032084 0.00323453 0.00325554 0.00366559 0.00354929 0.0302548 0.0448011 0.0127077 0.00978014 0.0102626 0.01493 0.00972822 
0.00801128 0.00808499 0.00841999 0.00880864 0.00844655 0.00835443 0.00867955 0.00926491 0.0108255 0.0102367 0.0112235 0.00998422 0.00921357 0.00840622 0.00915106 0.0100733 0.0191661 0.0165907 0.0187253 0.0132538 0.00909633 0.00843705 0.00855402 0.0104177 0.00918299 0.0115312 0.00964934 0.00910234 0.0200725 0.0317208 0.0725028 0.0221191 0.0148507 0.0173229 0.0106829 0.0108909 0.0105925 0.0128941 0.0203158 0.0970825 0.0203854 0.0154154 0.00939954 0.00679278 0.00321334 0.00324196 0 0.0032287 0.00320484 0.00340489 0.00322758 0.00340126 0.0492889 0.0213619 0.0148604 0.00976946 0.0130692 0.0107697 0.00952762 
0.00807451 0.00814102 0.00848361 0.00895385 0.00884107 0.00812744 0.00888554 0.0103447 0.0117304 0.0135269 0.0121724 0.0108545 0.00930948 0.00826423 0.00957258 0.0125713 0.0196762 0.0221512 0.0218783 0.0143007 0.00922586 0.00843691 0.00894364 0.00982266 0.0115596 0.0109019 0.009657 0.00960365 0.0177454 0.0557893 0.0608773 0.0386058 0.0162586 0.0143918 0.0143034 0.0102963 0.00975898 0.0128843 0.0631943 0.0492001 0.0432329 0.0174369 0.0101637 0.00790227 0.00326261 0.0032084 0.0032287 0 0.0032717 0.00323116 0.00320365 0.00328205 0.0384953 0.037711 0.0179315 0.0101491 0.0118989 0.0141149 0.0097582 
0.00800172 0.00809334 0.00847795 0.00917977 0.00881003 0.0081017 0.00909986 0.0101897 0.0120873 0.0121082 0.0115334 0.0104596 0.00944235 0.008246 0.00924417 0.0112576 0.022113 0.021031 0.0197944 0.0137403 0.00911233 0.00842446 0.00857957 0.0105984 0.0102257 0.0107241 0.00943378 0.0091975 0.0138553 0.0341646 0.0948787 0.0343726 0.0175189 0.0129359 0.0124691 0.0102554 0.00966291 0.0153724 0.0256906 0.0527065 0.0383384 0.0143347 0.00988271 0.00909291 0.00326933 0.00323453 0.00320484 0.0032717 0 0.00321002 0.00323097 0.00331643 0.0293009 0.0326244 0.0164106 0.00975797 0.0112829 0.0124465 0.00936876 
0.00803357 0.00811255 0.00858534 0.00888817 0.00877647 0.00809448 0.00896961 0.00953366 0.0111337 0.0103851 0.0108308 0.00949041 0.00942422 0.00829439 0.00931515 0.0107823 0.0172495 0.015931 0.019507 0.0115457 0.00904072 0.00831636 0.00857419 0.00921233 0.00903835 0.00923096 0.00945735 0.0089288 0.0119659 0.0230243 0.0744 0.0301472 0.015919 0.0126653 0.0114474 0.0118976 0.00934851 0.010826 0.0174154 0.0603194 0.0257915 0.0146883 0.00971923 0.00893419 0.00335128 0.00325554 0.00340489 0.00323116 0.00321002 0 0.00321706 0.00321593 0.0316016 0.0252822 0.0210652 0.00950473 0.01156 0.0109422 0.00972584 
0.00804221 0.00807847 0.0083733 0.00876872 0.00831857 0.00808665 0.0085426 0.00915194 0.00922018 0.00934236 0.0090705 0.00914456 0.00895521 0.00846921 0.00914601 0.0103677 0.0109489 0.0115184 0.0117322 0.0125782 0.00944695 0.00861607 0.00856244 0.00863498 0.00862529 0.00840589 0.00874606 0.00898172 0.0102458 0.0196469 0.0189842 0.0411102 0.015683 0.0111113 0.031799 0.00990723 0.0100388 0.0110348 0.0237928 0.0160199 0.0511481 0.0195218 0.0133227 0.0110508 0.0036164 0.00366559 0.00322758 0.00320365 0.00323097 0.00321706 0 0.00347087 0.0136247 0.092055 0.0362748 0.0116774 0.0109249 0.0186055 0.00948663 
0.00919304 0.00859357 0.00848482 0.00835496 0.00838733 0.00925439 0.00966642 0.00855348 0.00876951 0.00862796 0.00851874 0.00849808 0.00922036 0.00995412 0.0103836 0.00877103 0.00982981 0.00963863 0.00923843 0.0091699 0.0105625 0.0100874 0.00827467 0.0084729 0.00860622 0.00839476 0.00849488 0.00881586 0.0190229 0.0116399 0.011607 0.013638 0.0230567 0.0170535 0.0100345 0.013669 0.0210517 0.0193252 0.0119956 0.0129291 0.0129538 0.0419816 0.0303154 0.0164337 0.0100304 0.00354929 0.00340126 0.00328205 0.00331643 0.00321593 0.00347087 0 0.01759 0.0160409 0.194774 0.0258485 0.0172856 0.00929146 0.0108478 
0.00909717 0.00876378 0.00841197 0.00829954 0.00866292 0.00913519 0.00875646 0.00828145 0.0085401 0.00839576 0.00846229 0.00847132 0.00905857 0.00821568 0.00871034 0.00839411 0.00868171 0.0087234 0.00854116 0.00853528 0.00881684 0.00834998 0.00814833 0.00821136 0.00831183 0.00815422 0.00825735 0.0115093 0.0139196 0.0104179 0.0096889 0.00944073 0.0129954 0.0106574 0.00881373 0.0111895 0.0131008 0.0110862 0.0103351 0.0101415 0.0101351 0.0118876 0.0120655 0.0179748 0.0538719 0.0302548 0.0492889 0.0384953 0.0293009 0.0316016 0.0136247 0.01759 0 0.00374709 0.00341696 0.0069243 0.142541 0.0173353 0.0570724 
0.00826857 0.00828731 0.00820618 0.00877585 0.00836832 0.00820112 0.00828223 0.00856757 0.00859776 0.00856387 0.0087553 0.00886622 0.00882306 0.00814334 0.0085517 0.00859265 0.00902181 0.00876499 0.00879602 0.00907349 0.00856285 0.00821541 0.00829206 0.00825839 0.00836988 0.00819353 0.00841545 0.0084237 0.01016 0.0127987 0.0105153 0.0117341 0.00931466 0.00990806 0.0130833 0.00912525 0.00914506 0.00963347 0.0112349 0.0127565 0.0145292 0.0106816 0.0106104 0.0126412 0.0163882 0.0448011 0.0213619 0.037711 0.0326244 0.0252822 0.092055 0.0160409 0.00374709 0 0.00331555 0.00492742 0.0512566 0.322635 0.0135898 
0.00946558 0.00897606 0.0088876 0.00843587 0.0083237 0.00914648 0.00952229 0.00848121 0.00860436 0.00847213 0.00856462 0.00855182 0.0086 0.00925507 0.00939129 0.00847957 0.00898907 0.00873291 0.00888978 0.00851482 0.0088872 0.00900829 0.00823119 0.00835636 0.00851811 0.00821482 0.00830721 0.00840857 0.0127431 0.00984348 0.0101859 0.0105262 0.0116259 0.0133628 0.00908482 0.0103523 0.0122913 0.0137291 0.0106611 0.0105745 0.0110028 0.0141206 0.0144447 0.0145205 0.0367345 0.0127077 0.0148604 0.0179315 0.0164106 0.0210652 0.0362748 0.194774 0.00341696 0.00331555 0 0.00926203 0.0716725 0.0291892 0.0515765 
0.0124693 0.0102398 0.00836039 0.00811117 0.00832281 0.0104089 0.00844656 0.00811001 0.00811831 0.00807861 0.00808492 0.00808962 0.00846251 0.00972299 0.00890551 0.00807775 0.00816702 0.00812613 0.00816345 0.0082164 0.00852959 0.00845071 0.00805824 0.00812935 0.00817756 0.00807106 0.00840429 0.00917075 0.00966612 0.00836882 0.00882263 0.00879006 0.00970787 0.00922216 0.00875972 0.00963074 0.0414891 0.0100861 0.00874988 0.00908725 0.0088668 0.00999605 0.0246064 0.043822 0.0135562 0.00978014 0.00976946 0.0101491 0.00975797 0.00950473 0.0116774 0.0258485 0.0069243 0.00492742 0.00926203 0 0.0385398 0.0127489 0.0192253 
0.00907921 0.00882225 0.00852613 0.00846241 0.00872122 0.0092905 0.00890793 0.00840898 0.00846105 0.00841936 0.00850832 0.00850368 0.00901214 0.00835635 0.00872436 0.00834276 0.00870087 0.00868966 0.00868083 0.00840683 0.00886211 0.00822182 0.00817097 0.00816349 0.00824175 0.0081111 0.00815188 0.00863198 0.0109699 0.00892784 0.00928691 0.00913825 0.0116787 0.00922142 0.0084232 0.0102458 0.0108238 0.00882885 0.0086108 0.00978497 0.00898017 0.0127418 0.00939777 0.0112781 0.0109762 0.0102626 0.0130692 0.0118989 0.0112829 0.01156 0.0109249 0.0172856 0.142541 0.0512566 0.0716725 0.0385398 0 0.00321846 0.00359496 
0.00834851 0.00823956 0.00819692 0.00858103 0.00817734 0.00819496 0.00819518 0.00840408 0.00847833 0.00840841 0.0084283 0.00847251 0.00832283 0.00802108 0.00826273 0.00832477 0.00854329 0.00850121 0.00852941 0.0084781 0.00813647 0.00803019 0.00819412 0.00815641 0.00821492 0.00813241 0.00823489 0.00816004 0.00860044 0.00962442 0.00891424 0.0100545 0.00840559 0.00845391 0.00952537 0.00830996 0.00828613 0.0083307 0.00923493 0.00918706 0.0112528 0.00884761 0.00942047 0.00919512 0.00950531 0.01493 0.0107697 0.0141149 0.0124465 0.0109422 0.0186055 0.00929146 0.0173353 0.322635 0.0291892 0.0127489 0.00321846 0 0.00321145 
0.00933163 0.00864836 0.00852291 0.00825084 0.00826186 0.00892975 0.00872897 0.00843698 0.00838424 0.00833038 0.00835397 0.00829225 0.00835504 0.00843537 0.00850653 0.00836242 0.00879235 0.00844132 0.00840412 0.00817946 0.00828599 0.0082485 0.00811739 0.00811886 0.00814226 0.00810534 0.00809769 0.00809399 0.00931278 0.00869614 0.00862012 0.00886108 0.00847544 0.00940902 0.00835457 0.00854733 0.00998715 0.00935581 0.00866541 0.00914167 0.00871147 0.00904426 0.00980693 0.0101798 0.0141888 0.00972822 0.00952762 0.0097582 0.00936876 0.00972584 0.00948663 0.0108478 0.0570724 0.0135898 0.0515765 0.0192253 0.00359496 0.00321145 0 
