1G96A
VGGPMDASVEEEGVRRALDFAVGEYNKASNDMYHSRALQVVRARKQIVAGVNYFLDVELGRTTCTKTQPNLDNCPFHDQPHLKRKAFCSFQIYAVPWQGTMTLSKSTCQDA
CCCCEECCCCCHHHHHHHHHHHHHHHHHCCCCCCCCCCCCCCCEECCCCCEEEEEEEEEECECCCCCCCCHHHCCECCCCCCCCEEEEEEEEEEEHHHCEEEEEEEEEEEC
0 0 0 0 0 0 0 0 0 0 0 0 0 0 0 0 0 0 0 0 0 0 0 0 0 0 0 0 0 0 0 0 0 0 0 0 0 0 0 0 0 0 0 0 0 0 0 0 0 0 0 0 0 0 0 0 0 0 0 0 0 0 0 0 0 0 0 0 0 0 0 0 0 0 0 0 0 0 0 0 0 0 0 0 0 0 0 0 0 0 0 0 0 0 0 0 0 0 0 0 0 0 0 0 0 0 0 0 0 0 0 
0 0 0 0 0 0 0 0 0 0 0 0 0 0 0 0 0 0 0 0 0 0 0 0 0 0 0 0 0 0 0 0 0 0 0 0 0 0 0 0 0 0 0 0 0 0 0 0 0 0 0 0 0 0 0 0 0 0 0 0 0 0 0 0 0 0 0 0 0 0 0 0 0 0 0 0 0 0 0 0 0 0 0 0 0 0 0 0 0 0 0 0 0 0 0 0 0 0 0 0 0 0 0 0 0 0 0 0 0 0 0 
0 0.0080709 0.0114956 0.0447726 0.00949516 0.00893884 0.00928561 0.00884573 0.00863361 0.00862416 0.00882247 0.00851501 0.00876871 0.00871267 0.0102972 0.00971503 0.00868796 0.00830519 0.00810469 0.00816384 0.008075 0.00819055 0.00813598 0.00821086 0.00819775 0.00844087 0.0084367 0.00840806 0.00810017 0.0080688 0.00797853 0.00805314 0.00798827 0.00798836 0.00800529 0.0080071 0.0081758 0.00845536 
0.0080709 0 0.189314 0.0114814 0.0099213 0.00848354 0.00895838 0.00861256 0.00876558 0.00865386 0.00858495 0.00886585 0.00859884 0.00887053 0.00978162 0.00951952 0.00969283 0.00820502 0.00841999 0.00814554 0.00830886 0.00818944 0.00839377 0.00820412 0.00842633 0.00840978 0.00829339 0.00896443 0.00808531 0.00810792 0.00802901 0.008058 0.00799873 0.00797869 0.00806655 0.00801481 0.00818348 0.00811686 
0.0114956 0.189314 0 0.00856137 0.0135384 0.0763093 0.00949608 0.00797404 0.00632825 0.00688944 0.0064084 0.00818621 0.0073563 0.00946593 0.0135016 0.0170915 0.0127475 0.009108 0.00995266 0.00847735 0.00920756 0.00849048 0.00925883 0.00856932 0.00922788 0.0100195 0.0106681 0.00960255 0.00881243 0.0087137 0.00839294 0.00859887 0.00840281 0.00834018 0.00844056 0.00829428 0.00878218 0.00977272 
0.0447726 0.0114814 0.00856137 0 0.109243 0.00626536 0.00466756 0.00445271 0.00556001 0.00541452 0.0070404 0.0062836 0.00866644 0.00713926 0.0110776 0.0112632 0.0109088 0.0111582 0.00867821 0.00900225 0.00860112 0.00909078 0.00866488 0.00893731 0.00856367 0.00987606 0.0119329 0.0107723 0.00889299 0.00850826 0.00842449 0.00843856 0.00828207 0.00840102 0.00825246 0.00845561 0.00867799 0.0089385 
0.00949516 0.0099213 0.0135384 0.109243 0 0.00427602 0.00324511 0.00361437 0.00358622 0.00345156 0.0037882 0.00438944 0.00451252 0.00905506 0.00811569 0.0114227 0.0115991 0.00981239 0.00892203 0.00894289 0.00850946 0.00909607 0.00892301 0.00904698 0.00892816 0.0664146 0.0113916 0.00925321 0.0088411 0.00875397 0.00865775 0.00867847 0.00864524 0.00851763 0.00859276 0.00861534 0.00914879 0.0117916 
0.00893884 0.00848354 0.0763093 0.00626536 0.00427602 0 0.00338041 0.00331657 0.00328588 0.00328805 0.00352775 0.00365895 0.00542912 0.00407801 0.0061279 0.0084668 0.00947669 0.0091476 0.00960415 0.00862025 0.00941358 0.00872095 0.00950926 0.00887742 0.0686723 0.0091817 0.0086607 0.00884396 0.00858888 0.00872336 0.00844789 0.00868494 0.00847061 0.00848786 0.00853801 0.0085641 0.00911406 0.00848466 
0.00928561 0.00895838 0.00949608 0.00466756 0.00324511 0.00338041 0 0.00336915 0.00324347 0.00325798 0.00357125 0.00387573 0.00351641 0.00353679 0.00462771 0.00814129 0.00963251 0.0098494 0.00954137 0.00995891 0.00901457 0.0107122 0.00981864 0.110069 0.00966025 0.00936764 0.00858622 0.00881498 0.00894197 0.00908365 0.00921302 0.00898358 0.00898397 0.00915262 0.00911963 0.00956237 0.00880893 0.00863035 
0.00884573 0.00861256 0.00797404 0.00445271 0.00361437 0.00331657 0.00336915 0 0.00324395 0.00331413 0.00369916 0.00388723 0.003596 0.00341966 0.00425082 0.00812935 0.00988143 0.00895256 0.0113615 0.00908536 0.0108192 0.00994901 0.128611 0.0094969 0.0126469 0.00910524 0.00871923 0.00903918 0.00861849 0.010031 0.00885588 0.00959285 0.00914461 0.00900056 0.00946882 0.00899996 0.00904261 0.00860236 
0.00863361 0.00876558 0.00632825 0.00556001 0.00358622 0.00328588 0.00324347 0.00324395 0 0.00387172 0.00339209 0.00335514 0.00331225 0.0033281 0.00371456 0.00776672 0.00871529 0.0124741 0.00856366 0.0136507 0.00848899 0.137971 0.00887438 0.0235021 0.00880387 0.00977213 0.00849607 0.00861434 0.00949601 0.0086828 0.0102101 0.00879531 0.00903521 0.00906245 0.00880134 0.0100933 0.00857684 0.00867951 
0.00862416 0.00865386 0.00688944 0.00541452 0.00345156 0.00328805 0.00325798 0.00331413 0.00387172 0 0.00317296 0.00331461 0.0032613 0.0034113 0.00360966 0.00767987 0.0121487 0.00849339 0.0189749 0.00836735 0.150868 0.0085164 0.0243168 0.00863264 0.0194048 0.00905569 0.00892067 0.00926184 0.00848644 0.0119126 0.00871445 0.0109815 0.00920773 0.00918003 0.00988192 0.00896093 0.00927024 0.00874893 
0.00882247 0.00858495 0.0064084 0.0070404 0.0037882 0.00352775 0.00357125 0.00369916 0.00339209 0.00317296 0 0.00325544 0.0032974 0.0033154 0.00347306 0.00773076 0.00872301 0.0171732 0.00850191 0.152015 0.00842016 0.0265186 0.00869914 0.0256817 0.00885341 0.0100805 0.00877598 0.00907683 0.0105508 0.00884547 0.0118516 0.00898922 0.0094603 0.00965493 0.00872961 0.0103109 0.00875239 0.00914876 
0.00851501 0.00886585 0.00818621 0.0062836 0.00438944 0.00365895 0.00387573 0.00388723 0.00335514 0.00331461 0.00325544 0 0.0032171 0.00324285 0.00343449 0.00764178 0.0137729 0.00859874 0.140126 0.00846405 0.0265589 0.00857402 0.0269804 0.00894196 0.0187961 0.00908411 0.00851997 0.00968913 0.00882085 0.0146454 0.0091134 0.0124099 0.00982178 0.00921531 0.0105762 0.00960943 0.00994031 0.00874118 
0.00876871 0.00859884 0.0073563 0.00866644 0.00451252 0.00542912 0.00351641 0.003596 0.00331225 0.0032613 0.0032974 0.0032171 0 0.00337594 0.00333496 0.00899765 0.00961498 0.106123 0.00864838 0.0153831 0.00851436 0.0131476 0.00892917 0.0132671 0.00892099 0.0121415 0.00881439 0.00920592 0.0113404 0.00872922 0.009594 0.00872785 0.0087303 0.0087802 0.00892085 0.00887751 0.00889817 0.00883805 
0.00871267 0.00887053 0.00946593 0.00713926 0.00905506 0.00407801 0.00353679 0.00341966 0.0033281 0.0034113 0.0033154 0.00324285 0.00337594 0 0.00679257 0.00857247 0.0680614 0.00892251 0.0117297 0.00887262 0.00993401 0.00875981 0.0102586 0.00922744 0.00996198 0.00895516 0.00862124 0.0118559 0.0087455 0.0107852 0.00876523 0.00952865 0.00908417 0.00883778 0.0090304 0.00891089 0.00901096 0.00903342 
0.0102972 0.00978162 0.0135016 0.0110776 0.00811569 0.0061279 0.00462771 0.00425082 0.00371456 0.00360966 0.00347306 0.00343449 0.00333496 0.00679257 0 0.619031 0.0129473 0.0106727 0.00872911 0.00890703 0.00832466 0.00902734 0.00881857 0.00910468 0.00857553 0.0112974 0.0105239 0.0131498 0.00911377 0.00866255 0.00869217 0.00871899 0.00860548 0.0085489 0.00849494 0.0086144 0.00882054 0.0106056 
0.00971503 0.00951952 0.0170915 0.0112632 0.0114227 0.0084668 0.00814129 0.00812935 0.00776672 0.00767987 0.00773076 0.00764178 0.00899765 0.00857247 0.619031 0 0.0589888 0.00868955 0.00670976 0.00636547 0.00624504 0.00717388 0.00728323 0.00756543 0.00791652 0.00906724 0.00871941 0.0107787 0.00870991 0.00856067 0.00823601 0.00848159 0.00833751 0.0083487 0.00837641 0.00845344 0.00909722 0.0117821 
0.00868796 0.00969283 0.0127475 0.0109088 0.0115991 0.00947669 0.00963251 0.00988143 0.00871529 0.0121487 0.00872301 0.0137729 0.00961498 0.0680614 0.0129473 0.0589888 0 0.00375486 0.00329754 0.003217 0.00344193 0.00326397 0.00391983 0.00355022 0.0063126 0.00493456 0.0139824 0.00842428 0.00761165 0.00920642 0.00794183 0.00929414 0.00866872 0.00890001 0.00951012 0.00927774 0.0237473 0.178344 
0.00830519 0.00820502 0.009108 0.0111582 0.00981239 0.0091476 0.0098494 0.00895256 0.0124741 0.00849339 0.0171732 0.00859874 0.106123 0.00892251 0.0106727 0.00868955 0.00375486 0 0.00318623 0.00325886 0.00320727 0.00348991 0.00327587 0.00471854 0.00377756 0.00786211 0.00393825 0.00582492 0.00916837 0.00779404 0.0100922 0.00815031 0.00910922 0.00965229 0.00849859 0.0238711 0.144735 0.378801 
0.00810469 0.00841999 0.00995266 0.00867821 0.00892203 0.00960415 0.00954137 0.0113615 0.00856366 0.0189749 0.00850191 0.140126 0.00864838 0.0117297 0.00872911 0.00670976 0.00329754 0.00318623 0 0.00318235 0.00323363 0.00321725 0.00328103 0.00326982 0.00479444 0.00325669 0.00330637 0.0070338 0.00708791 0.0121955 0.00770443 0.00967672 0.00943967 0.00891785 0.0257846 0.0706426 0.437386 0.0106072 
0.00816384 0.00814554 0.00847735 0.00900225 0.00894289 0.00862025 0.00995891 0.00908536 0.0136507 0.00836735 0.152015 0.00846405 0.0153831 0.00887262 0.00890703 0.00636547 0.003217 0.00325886 0.00318235 0 0.00318408 0.00335734 0.00321906 0.00380267 0.00334059 0.00350225 0.00322276 0.00546427 0.00977651 0.00737986 0.0122731 0.00784308 0.0105609 0.0204692 0.0712808 0.479357 0.00863707 0.0167298 
0.008075 0.00830886 0.00920756 0.00860112 0.00850946 0.00941358 0.00901457 0.0108192 0.00848899 0.150868 0.00842016 0.0265589 0.00851436 0.00993401 0.00832466 0.00624504 0.00344193 0.00320727 0.00323363 0.00318408 0 0.00318453 0.00323778 0.00321513 0.00328408 0.00318717 0.00312133 0.00620213 0.00626102 0.0101827 0.00701759 0.00942576 0.0131788 0.0796789 0.475137 0.0090304 0.0111092 0.00850566 
0.00819055 0.00818944 0.00849048 0.00909078 0.00909607 0.00872095 0.0107122 0.00994901 0.137971 0.0085164 0.0265186 0.00857402 0.0131476 0.00875981 0.00902734 0.00717388 0.00326397 0.00348991 0.00321725 0.00335734 0.00318453 0 0.00510493 0.00325759 0.0032418 0.00320553 0.00314933 0.00450409 0.00771645 0.00697931 0.0126776 0.00999788 0.122876 0.461811 0.00822256 0.0101529 0.00843635 0.0125789 
0.00813598 0.00839377 0.00925883 0.00866488 0.00892301 0.00950926 0.00981864 0.128611 0.00887438 0.0243168 0.00869914 0.0269804 0.00892917 0.0102586 0.00881857 0.00728323 0.00391983 0.00327587 0.00328103 0.00321906 0.00323778 0.00510493 0 0.00319689 0.00320795 0.00320916 0.00320248 0.00613375 0.0123361 0.00880086 0.00845219 0.309143 0.420454 0.00785233 0.0109318 0.00815305 0.0132509 0.00908483 
0.00821086 0.00820412 0.00856932 0.00893731 0.00904698 0.00887742 0.110069 0.0094969 0.0235021 0.00863264 0.0256817 0.00894196 0.0132671 0.00922744 0.00910468 0.00756543 0.00355022 0.00471854 0.00326982 0.00380267 0.00321513 0.00325759 0.00319689 0 0.00319909 0.00320832 0.00315809 0.00360036 0.00927938 0.0115086 0.769182 0.0649308 0.00852953 0.00954637 0.00756436 0.0112223 0.00827487 0.0114527 
0.00819775 0.00842633 0.00922788 0.00856367 0.00892816 0.0686723 0.00966025 0.0126469 0.00880387 0.0194048 0.00885341 0.0187961 0.00892099 0.00996198 0.00857553 0.00791652 0.0063126 0.00377756 0.00479444 0.00334059 0.00328408 0.0032418 0.00320795 0.00319909 0 0.00320392 0.0032006 0.00768667 0.00965241 0.868429 0.0266764 0.00826006 0.00850278 0.00740284 0.00988809 0.0077679 0.00895174 0.00924048 
0.00844087 0.00840978 0.0100195 0.00987606 0.0664146 0.0091817 0.00936764 0.00910524 0.00977213 0.00905569 0.0100805 0.00908411 0.0121415 0.00895516 0.0112974 0.00906724 0.00493456 0.00786211 0.00325669 0.00350225 0.00318717 0.00320553 0.00320916 0.00320832 0.00320392 0 0.00318836 0.00369634 0.933623 0.00550055 0.00661608 0.00573464 0.00627793 0.0074161 0.00630031 0.00730854 0.00739894 0.00903216 
0.0084367 0.00829339 0.0106681 0.0119329 0.0113916 0.0086607 0.00858622 0.00871923 0.00849607 0.00892067 0.00877598 0.00851997 0.00881439 0.00862124 0.0105239 0.00871941 0.0139824 0.00393825 0.00330637 0.00322276 0.00312133 0.00314933 0.00320248 0.00315809 0.0032006 0.00318836 0 0.930783 0.00347447 0.00349454 0.0033457 0.00367735 0.00442091 0.00455807 0.00487633 0.00531485 0.00554072 0.00630655 
0.00840806 0.00896443 0.00960255 0.0107723 0.00925321 0.00884396 0.00881498 0.00903918 0.00861434 0.00926184 0.00907683 0.00968913 0.00920592 0.0118559 0.0131498 0.0107787 0.00842428 0.00582492 0.0070338 0.00546427 0.00620213 0.00450409 0.00613375 0.00360036 0.00768667 0.00369634 0.930783 0 0.00348132 0.00329051 0.00330726 0.00340294 0.00360993 0.00346002 0.00375573 0.00418458 0.00535695 0.0129241 
0.00810017 0.00808531 0.00881243 0.00889299 0.0088411 0.00858888 0.00894197 0.00861849 0.00949601 0.00848644 0.0105508 0.00882085 0.0113404 0.0087455 0.00911377 0.00870991 0.00761165 0.00916837 0.00708791 0.00977651 0.00626102 0.00771645 0.0123361 0.00927938 0.00965241 0.933623 0.00347447 0.00348132 0 0.00322607 0.00330237 0.00328837 0.00334658 0.00370913 0.00378529 0.00563617 0.00612279 0.00756954 
0.0080688 0.00810792 0.0087137 0.00850826 0.00875397 0.00872336 0.00908365 0.010031 0.0086828 0.0119126 0.00884547 0.0146454 0.00872922 0.0107852 0.00866255 0.00856067 0.00920642 0.00779404 0.0121955 0.00737986 0.0101827 0.00697931 0.00880086 0.0115086 0.868429 0.00550055 0.00349454 0.00329051 0.00322607 0 0.00320283 0.0033714 0.00332658 0.00332879 0.00368383 0.0041596 0.0044708 0.00590322 
0.00797853 0.00802901 0.00839294 0.00842449 0.00865775 0.00844789 0.00921302 0.00885588 0.0102101 0.00871445 0.0118516 0.0091134 0.009594 0.00876523 0.00869217 0.00823601 0.00794183 0.0100922 0.00770443 0.0122731 0.00701759 0.0126776 0.00845219 0.769182 0.0266764 0.00661608 0.0033457 0.00330726 0.00330237 0.00320283 0 0.00321852 0.00327476 0.00334279 0.00342313 0.0041127 0.00390946 0.00509655 
0.00805314 0.008058 0.00859887 0.00843856 0.00867847 0.00868494 0.00898358 0.00959285 0.00879531 0.0109815 0.00898922 0.0124099 0.00872785 0.00952865 0.00871899 0.00848159 0.00929414 0.00815031 0.00967672 0.00784308 0.00942576 0.00999788 0.309143 0.0649308 0.00826006 0.00573464 0.00367735 0.00340294 0.00328837 0.0033714 0.00321852 0 0.00327596 0.00331972 0.00346132 0.00364565 0.00355674 0.00429057 
0.00798827 0.00799873 0.00840281 0.00828207 0.00864524 0.00847061 0.00898397 0.00914461 0.00903521 0.00920773 0.0094603 0.00982178 0.0087303 0.00908417 0.00860548 0.00833751 0.00866872 0.00910922 0.00943967 0.0105609 0.0131788 0.122876 0.420454 0.00852953 0.00850278 0.00627793 0.00442091 0.00360993 0.00334658 0.00332658 0.00327476 0.00327596 0 0.00336297 0.0032717 0.00335996 0.00387008 0.00377195 
0.00798836 0.00797869 0.00834018 0.00840102 0.00851763 0.00848786 0.00915262 0.00900056 0.00906245 0.00918003 0.00965493 0.00921531 0.0087802 0.00883778 0.0085489 0.0083487 0.00890001 0.00965229 0.00891785 0.0204692 0.0796789 0.461811 0.00785233 0.00954637 0.00740284 0.0074161 0.00455807 0.00346002 0.00370913 0.00332879 0.00334279 0.00331972 0.00336297 0 0.0032529 0.00329589 0.00329127 0.0139364 
0.00800529 0.00806655 0.00844056 0.00825246 0.00859276 0.00853801 0.00911963 0.00946882 0.00880134 0.00988192 0.00872961 0.0105762 0.00892085 0.0090304 0.00849494 0.00837641 0.00951012 0.00849859 0.0257846 0.0712808 0.475137 0.00822256 0.0109318 0.00756436 0.00988809 0.00630031 0.00487633 0.00375573 0.00378529 0.00368383 0.00342313 0.00346132 0.0032717 0.0032529 0 0.00323826 0.00326782 0.00338161 
0.0080071 0.00801481 0.00829428 0.00845561 0.00861534 0.0085641 0.00956237 0.00899996 0.0100933 0.00896093 0.0103109 0.00960943 0.00887751 0.00891089 0.0086144 0.00845344 0.00927774 0.0238711 0.0706426 0.479357 0.0090304 0.0101529 0.00815305 0.0112223 0.0077679 0.00730854 0.00531485 0.00418458 0.00563617 0.0041596 0.0041127 0.00364565 0.00335996 0.00329589 0.00323826 0 0.00324778 0.00322948 
0.0081758 0.00818348 0.00878218 0.00867799 0.00914879 0.00911406 0.00880893 0.00904261 0.00857684 0.00927024 0.00875239 0.00994031 0.00889817 0.00901096 0.00882054 0.00909722 0.0237473 0.144735 0.437386 0.00863707 0.0111092 0.00843635 0.0132509 0.00827487 0.00895174 0.00739894 0.00554072 0.00535695 0.00612279 0.0044708 0.00390946 0.00355674 0.00387008 0.00329127 0.00326782 0.00324778 0 0.00339806 
0.00845536 0.00811686 0.00977272 0.0089385 0.0117916 0.00848466 0.00863035 0.00860236 0.00867951 0.00874893 0.00914876 0.00874118 0.00883805 0.00903342 0.0106056 0.0117821 0.178344 0.378801 0.0106072 0.0167298 0.00850566 0.0125789 0.00908483 0.0114527 0.00924048 0.00903216 0.00630655 0.0129241 0.00756954 0.00590322 0.00509655 0.00429057 0.00377195 0.0139364 0.00338161 0.00322948 0.00339806 0 
