1GC1C
KKVVLGKKGDTVELTCTASQKKSIQFHWKNSNQIKILGNQGSFLTKGPSKLNDRADSRRSLWDQGNFPLIIKNLKIEDSDTYICEVEDQKEEVQLLVFGLTANSDTHLLQGQSLTLTLESPPGSSPSVQCRSPRGKNIQGGKTLSVSQLELQDSGTWTCTVLQNQKKVEFKIDIVVLAFQK
CEEEEEECCCCEEECCECCCCCCCCCEEECCCCCEEEEEECCEEEECCCCCCCCEECCHHHHHHCECCEEECCCCHHHCEEEEEECCCCEEEEEEEEEEEEECCCCEEECCCCEEEEEECCCCCCCEEEEECCCCCEEEECCEEEECCCCHHHCEEEEEEEEECCEEEEEEEEEEEECCCC
0 0 0 0 0 0 0 0 0 0 0 0 0 0 0 0 0 0 0 0 0 0 0 0 0 0 0 0 0 0 0 0 0 0 0 0 0 0 0 0 0 0 0 0 0 0 0 0 0 0 0 0 0 0 0 0 0 0 0 0 0 0 0 0 0 0 0 0 0 0 0 0 0 0 0 0 0 0 0 0 0 0 0 0 0 0 0 0 0 0 0 0 0 0 0 0 0 0 0 0 0 0 0 0 0 0 0 0 0 0 0 0 0 0 0 0 0 0 0 0 0 0 0 0 0 0 0 0 0 0 0 0 0 0 0 0 0 0 0 0 0 0 0 0 0 0 0 0 0 0 0 0 0 0 0 0 0 0 0 0 0 0 0 0 0 0 0 0 0 0 0 0 0 0 0 0 0 0 0 0 0 
0 0 0 0 0 0 0 0 0 0 0 0 0 0 0 0 0 0 0 0 0 0 0 0 0 0 0 0 0 0 0 0 0 0 0 0 0 0 0 0 0 0 0 0 0 0 0 0 0 0 0 0 0 0 0 0 0 0 0 0 0 0 0 0 0 0 0 0 0 0 0 0 0 0 0 0 0 0 0 0 0 0 0 0 0 0 0 0 0 0 0 0 0 0 0 0 0 0 0 0 0 0 0 0 0 0 0 0 0 0 0 0 0 0 0 0 0 0 0 0 0 0 0 0 0 0 0 0 0 0 0 0 0 0 0 0 0 0 0 0 0 0 0 0 0 0 0 0 0 0 0 0 0 0 0 0 0 0 0 0 0 0 0 0 0 0 0 0 0 0 0 0 0 0 0 0 0 0 0 0 0 
0 0.004595 0.00332893 0.00341868 0.00361726 0.0130347 0.00916368 0.0146187 0.0193948 0.0408304 0.0503095 0.0126934 0.0570078 0.0898816 0.0238999 0.0217591 0.0139968 0.0132173 0.0202548 0.0466572 0.0160076 0.0157203 0.0211466 0.0106167 0.0115807 0.0117221 0.0218373 0.0123339 0.019421 0.0149861 0.0110844 0.0131964 0.012527 0.0105093 0.0167479 0.0105853 0.00884813 0.00949513 0.00871514 0.0110303 0.0105921 0.0113718 0.0120022 0.0115183 0.010561 0.0091678 0.0101618 0.0105562 0.0107382 0.00823691 0.00945433 0.00951754 0.00985243 0.00921203 0.0108228 0.00890084 0.0108884 0.00954678 0.00843004 0.00910255 0.00858873 0.00946026 0.00947246 0.00818633 0.0082965 0.00861022 0.00960363 0.00815709 0.00910937 0.00874364 0.00847554 0.00811333 0.00813396 0.00843737 0.00856296 0.00868851 0.00858055 0.00844463 0.00874874 0.00837817 0.00813253 0.00811813 0.00889565 0.00835241 0.00858099 0.00867308 0.00870483 0.00916089 0.008923 0.00864825 0.00905538 
0.004595 0 0.00332988 0.00330552 0.00375272 0.00345678 0.0113026 0.011979 0.0174441 0.0101577 0.0228418 0.0471198 0.011687 0.0329367 0.1119 0.0255711 0.0212197 0.020902 0.011043 0.0236139 0.0493991 0.0192467 0.0146569 0.0185007 0.00951952 0.00887881 0.0459109 0.0153193 0.0167986 0.0100718 0.0235339 0.0189658 0.0187747 0.0248669 0.010312 0.00896519 0.00961381 0.00870726 0.0132517 0.010286 0.0227383 0.0150058 0.0181084 0.0160563 0.0122893 0.0138355 0.00931294 0.0116903 0.00892594 0.00968404 0.00871088 0.0107536 0.00891016 0.0132029 0.00923166 0.0116398 0.00891558 0.00840459 0.0102295 0.00843287 0.00952204 0.00862156 0.00824441 0.00912038 0.00827214 0.00824239 0.00845806 0.0101799 0.0086939 0.00879041 0.00838476 0.00818021 0.00849868 0.00842518 0.00916512 0.00851625 0.00889633 0.00845381 0.00827793 0.00824568 0.00815957 0.00900693 0.00855652 0.00945673 0.00845902 0.00954703 0.00843327 0.00948225 0.00852799 0.00899013 0.00852265 
0.00332893 0.00332988 0 0.0033163 0.00328085 0.00326292 0.00738678 0.018614 0.0188982 0.00998365 0.0190525 0.0130482 0.0130585 0.0164466 0.0366619 0.0833584 0.0577613 0.0169582 0.0107362 0.0173845 0.0302857 0.0276871 0.0131479 0.00944254 0.00928939 0.00869455 0.0175036 0.0184325 0.0116378 0.0104741 0.0188105 0.0576955 0.0819738 0.0162647 0.0116304 0.00861886 0.00862786 0.0135628 0.0113112 0.0290829 0.0237801 0.0424931 0.0471909 0.03488 0.0342095 0.0151444 0.0109269 0.00876578 0.00959521 0.00848598 0.00851446 0.00924031 0.0122704 0.0124586 0.0165292 0.00921393 0.00870215 0.00885247 0.00887218 0.011098 0.00871273 0.00834335 0.00862734 0.00857883 0.00832184 0.00815059 0.00873527 0.00869899 0.00914512 0.00834414 0.0081718 0.00821721 0.00862916 0.0091509 0.0093967 0.0094912 0.00948105 0.00862138 0.00824744 0.00811657 0.00821781 0.00860908 0.00940473 0.00913129 0.00895886 0.00932704 0.00911191 0.00990613 0.00950725 0.00878423 0.00855797 
0.00341868 0.00330552 0.0033163 0 0.00326418 0.00323279 0.0105863 0.0186908 0.0335367 0.00828541 0.0118603 0.0130046 0.0117359 0.011396 0.0228269 0.0561405 0.0436315 0.0197578 0.0101862 0.0147438 0.0213251 0.0258914 0.012374 0.00945235 0.00890689 0.00880499 0.0148026 0.0134263 0.0119217 0.00985732 0.014576 0.0557715 0.0403719 0.015775 0.0103275 0.00872234 0.00879745 0.00991116 0.0111716 0.01563 0.0211209 0.0276858 0.0326518 0.0311668 0.0201213 0.0131155 0.00958987 0.00903719 0.00893833 0.00854116 0.00837988 0.00938121 0.0101014 0.0128352 0.0109739 0.00895642 0.00862372 0.00860307 0.00902558 0.00887466 0.00875598 0.00837943 0.00834892 0.00849945 0.00820152 0.00818024 0.00851596 0.00866575 0.0085749 0.00834596 0.00820227 0.00820616 0.00870479 0.00874507 0.00905799 0.00904604 0.00899695 0.00844809 0.00821871 0.00825022 0.00817282 0.00847458 0.0085391 0.00877881 0.00849095 0.00888397 0.00868298 0.00924565 0.00900625 0.00867518 0.00845373 
0.00361726 0.00375272 0.00328085 0.00326418 0 0.0033369 0.0240256 0.0444901 0.0118181 0.00774146 0.0125639 0.0205557 0.0110801 0.0121549 0.0243872 0.0136307 0.0162459 0.0328136 0.0109934 0.0139147 0.0212769 0.0187679 0.0110597 0.0112529 0.00923805 0.00974762 0.0135446 0.0136885 0.0105616 0.0101749 0.0152946 0.0118589 0.0135316 0.0161657 0.0102159 0.00902617 0.00862372 0.00848786 0.00963075 0.00899197 0.0122646 0.0109343 0.0138553 0.0109624 0.010535 0.0101216 0.00874241 0.00933745 0.00916515 0.00895221 0.00826501 0.00973865 0.010311 0.0105681 0.00865444 0.00920169 0.00826641 0.00884665 0.00897984 0.00826146 0.00882797 0.00820368 0.00832784 0.00856905 0.0081276 0.00813005 0.00882571 0.00880108 0.00829424 0.00833207 0.00835389 0.00820552 0.00841171 0.00830267 0.0086266 0.00844097 0.00849264 0.00824409 0.00812795 0.00821373 0.00815759 0.00839219 0.00822689 0.00852154 0.00827578 0.00859155 0.00823977 0.00865941 0.00835546 0.00837053 0.00818571 
0.0130347 0.00345678 0.00326292 0.00323279 0.0033369 0 0.0740757 0.00743407 0.00555155 0.0117436 0.0137748 0.00903441 0.0113733 0.016972 0.0109136 0.00956253 0.00914472 0.0105166 0.0136875 0.0201447 0.0105222 0.0106955 0.0125 0.0137485 0.00889913 0.013248 0.0165867 0.00931268 0.00937143 0.0145528 0.00984025 0.00910449 0.00949021 0.00857346 0.00942954 0.0111966 0.00841511 0.00840598 0.00852119 0.00859714 0.00869285 0.00895024 0.00890661 0.0089863 0.00906311 0.00859155 0.00851007 0.00838402 0.0107063 0.00822748 0.00826295 0.0103606 0.00956626 0.00840031 0.00857653 0.0082239 0.0085526 0.0100836 0.00821985 0.00823755 0.0081551 0.00825898 0.0089112 0.00819999 0.00807744 0.00803146 0.00962821 0.00827542 0.00817406 0.0081516 0.00875882 0.00822708 0.00810246 0.00813625 0.00816087 0.00822152 0.00814139 0.00808763 0.008047 0.00853046 0.00814793 0.00806609 0.00816001 0.00819114 0.00815531 0.00807764 0.00817524 0.00821601 0.00814391 0.00808559 0.00828263 
0.00916368 0.0113026 0.00738678 0.0105863 0.0240256 0.0740757 0 0.003325 0.00495807 0.00445043 0.0128183 0.0136276 0.0579225 0.0188195 0.0230469 0.011739 0.0111334 0.0111009 0.0207018 0.0206026 0.0168977 0.0132908 0.0300725 0.0223253 0.0119584 0.0109575 0.0285118 0.0101895 0.0994196 0.0105048 0.0104308 0.0112552 0.00990826 0.0119623 0.0139633 0.0108561 0.00980756 0.00847139 0.0150665 0.00850708 0.0139992 0.00947609 0.00974206 0.0105464 0.00887572 0.0125466 0.00893226 0.0328722 0.00920596 0.0104513 0.0104219 0.0143242 0.00844245 0.015023 0.00839509 0.0138662 0.0101965 0.00838308 0.0114827 0.00818535 0.0110555 0.00978151 0.00860088 0.0103193 0.00816051 0.00969801 0.00907006 0.0120883 0.00840303 0.0146163 0.00963375 0.00797204 0.00931957 0.0081509 0.00965244 0.00828366 0.00899245 0.00821479 0.00990899 0.00888388 0.00810757 0.010864 0.00831422 0.0108582 0.00821662 0.0110776 0.0082315 0.0109668 0.0083175 0.00964358 0.00972001 
0.0146187 0.011979 0.018614 0.0186908 0.0444901 0.00743407 0.003325 0 0.00324066 0.0092775 0.0142132 0.066161 0.012895 0.0156309 0.0132567 0.0122813 0.0102724 0.0200701 0.00950465 0.0140857 0.0170596 0.0238661 0.0108842 0.0109533 0.0139205 0.0113128 0.0110812 0.152128 0.00928413 0.00999143 0.0118838 0.0101415 0.0116874 0.0115268 0.0109159 0.00917214 0.00840479 0.0111437 0.00832561 0.0141556 0.00878306 0.010849 0.0100471 0.00950473 0.011522 0.00851028 0.0174328 0.00829568 0.0109701 0.00865677 0.00873015 0.00848787 0.0134496 0.00845411 0.0126419 0.00833629 0.00952516 0.0103202 0.00815116 0.0107698 0.00825893 0.00899063 0.00980818 0.00809895 0.00862786 0.00810494 0.0107417 0.00812987 0.0108035 0.00812033 0.00807938 0.00890349 0.00815955 0.00929679 0.0081881 0.00885945 0.00820561 0.00853725 0.00805675 0.0081393 0.00876957 0.00807571 0.00972154 0.00817233 0.00943291 0.00815718 0.00967615 0.00823187 0.00940793 0.0082956 0.00841708 
0.0193948 0.0174441 0.0188982 0.0335367 0.0118181 0.00555155 0.00495807 0.00324066 0 0.00376324 0.0180629 0.0159858 0.0115626 0.0135824 0.0141909 0.0104825 0.0110494 0.01362 0.0174707 0.0204742 0.0165399 0.0123204 0.0176451 0.0242041 0.00942478 0.0109181 0.0751301 0.00954292 0.0269231 0.0145455 0.0101257 0.0108356 0.0117809 0.0126493 0.00931476 0.0104183 0.00930521 0.00825948 0.0145421 0.00837195 0.0130623 0.00958533 0.00982909 0.0108685 0.00891766 0.0147559 0.00850459 0.0164541 0.00896225 0.00980326 0.008702 0.0156621 0.00842072 0.0142782 0.00831859 0.0136395 0.00852349 0.00873141 0.0118731 0.00819444 0.0105983 0.0081296 0.0082544 0.0100136 0.00805772 0.00848025 0.00847483 0.0115299 0.00821204 0.0101177 0.00951468 0.00804397 0.0088773 0.00816318 0.00917241 0.00832729 0.00932608 0.00819903 0.00861305 0.00873872 0.00804503 0.0101841 0.0081381 0.0109014 0.00814579 0.0111372 0.00814052 0.0100731 0.00824337 0.00914287 0.00851627 
0.0408304 0.0101577 0.00998365 0.00828541 0.00774146 0.0117436 0.00445043 0.0092775 0.00376324 0 0.0636468 0.00841454 0.0168288 0.0187192 0.0115687 0.00977703 0.00943113 0.0200567 0.023398 0.0211493 0.0108238 0.0121474 0.0211329 0.0187606 0.0191834 0.111216 0.0142688 0.0158711 0.0150617 0.0137879 0.0100823 0.00902337 0.00916635 0.00894431 0.0158476 0.0173276 0.00989875 0.0106163 0.00832082 0.0114571 0.00841479 0.00939409 0.0087494 0.00867225 0.00925874 0.00814918 0.0119048 0.0104333 0.0167086 0.00856348 0.0102599 0.0103747 0.0118066 0.00812076 0.0114106 0.00824794 0.0133306 0.0148141 0.00807985 0.0102042 0.00806928 0.0110641 0.0121962 0.00812112 0.00859758 0.00915514 0.0152682 0.00813376 0.0112883 0.00909977 0.00882403 0.00876374 0.00798207 0.00935928 0.00803336 0.00892818 0.00798599 0.00871783 0.00898516 0.00903551 0.00878848 0.00800154 0.00952393 0.00804103 0.00913734 0.0079734 0.00934561 0.00806656 0.0091599 0.00826031 0.0106755 
0.0503095 0.0228418 0.0190525 0.0118603 0.0125639 0.0137748 0.0128183 0.0142132 0.0180629 0.0636468 0 0.0032259 0.00330299 0.007129 0.00916127 0.0288736 0.538018 0.0113413 0.02723 0.0102747 0.00977838 0.0118546 0.0325289 0.0108012 0.0155574 0.0115528 0.0161948 0.0162521 0.020132 0.0106029 0.0106544 0.0125836 0.012426 0.0122781 0.0246079 0.0086939 0.00838624 0.00899399 0.0088427 0.0105611 0.00965077 0.0111235 0.0115372 0.0112935 0.0106612 0.00904569 0.00971007 0.0115749 0.00944862 0.0084425 0.00971571 0.00878403 0.0092173 0.00899294 0.00937966 0.00864166 0.0113539 0.00875341 0.00839118 0.0087898 0.00853494 0.0100471 0.00845334 0.00812006 0.00807241 0.00866145 0.0086863 0.00812614 0.00884536 0.00910964 0.00818306 0.00809542 0.00821745 0.00837341 0.00844599 0.00863852 0.00833357 0.00830002 0.00876644 0.00808605 0.00816684 0.00815875 0.00862229 0.00829572 0.00842348 0.00831827 0.00842825 0.00845841 0.00850225 0.00837026 0.00875229 
0.0126934 0.0471198 0.0130482 0.0130046 0.0205557 0.00903441 0.0136276 0.066161 0.0159858 0.00841454 0.0032259 0 0.00331505 0.0080147 0.113401 0.368952 0.0125844 0.0178058 0.00700921 0.00966851 0.0166265 0.0202402 0.0101744 0.0241716 0.0104174 0.0100359 0.0152991 0.0439405 0.0112245 0.00949757 0.016237 0.0131879 0.0139037 0.0469193 0.0096446 0.00850927 0.00897626 0.00866503 0.0100479 0.00893183 0.0114788 0.0103341 0.0126765 0.0126432 0.00960041 0.0109195 0.00923558 0.00931893 0.00836959 0.0112359 0.00844191 0.00881808 0.00900225 0.0105475 0.0086771 0.0105513 0.00840204 0.00824608 0.00939472 0.00841309 0.00992124 0.00822995 0.00805609 0.00848656 0.00824787 0.00815588 0.00811251 0.00891902 0.00859792 0.00837549 0.00820515 0.00819866 0.00837331 0.0084416 0.00892061 0.00853968 0.00879362 0.00871621 0.00809886 0.00802199 0.00813143 0.00849167 0.00835026 0.0089412 0.00831156 0.00887181 0.00841205 0.00882239 0.00849471 0.00869648 0.00813721 
0.0570078 0.011687 0.0130585 0.0117359 0.0110801 0.0113733 0.0579225 0.012895 0.0115626 0.0168288 0.00330299 0.00331505 0 0.821951 0.11204 0.00949281 0.00728143 0.00698729 0.00822024 0.0206927 0.0113112 0.00992324 0.0141467 0.016843 0.0120158 0.021236 0.0300302 0.0124024 0.0132866 0.017455 0.0111693 0.0109589 0.0246706 0.00993664 0.0128259 0.0126134 0.00871378 0.00871571 0.0087136 0.00916384 0.00931842 0.010396 0.0106272 0.0100757 0.0119476 0.00912463 0.00907694 0.00906271 0.0126499 0.0084906 0.00894774 0.0117675 0.0102719 0.00883916 0.00914276 0.00857619 0.00952373 0.0116709 0.0084712 0.00896052 0.00842922 0.00845393 0.00927349 0.0083058 0.00812548 0.0081817 0.0106871 0.00856062 0.00839083 0.00813658 0.00898539 0.00825136 0.00831051 0.00837405 0.00828317 0.00838209 0.0083546 0.00824633 0.00827574 0.00865084 0.00814452 0.00812015 0.00825994 0.00823489 0.00823373 0.00821097 0.00825929 0.00831216 0.0082805 0.00826824 0.00840228 
0.0898816 0.0329367 0.0164466 0.011396 0.0121549 0.016972 0.0188195 0.0156309 0.0135824 0.0187192 0.007129 0.0080147 0.821951 0 0.00331322 0.00321317 0.00321966 0.00328803 0.00436271 0.00743864 0.00687241 0.0111154 0.0185094 0.0194886 0.0382101 0.0140232 0.0277397 0.0143805 0.0231864 0.0150193 0.0119445 0.0118152 0.0112878 0.010488 0.0253453 0.0113659 0.00934727 0.0104988 0.00928221 0.011639 0.0102517 0.0114038 0.0110112 0.0109583 0.0105551 0.00879726 0.0112169 0.0134136 0.0126949 0.00861204 0.0102395 0.0105482 0.0120416 0.00917707 0.0110142 0.00874555 0.0141579 0.0110287 0.00841702 0.00961684 0.00843372 0.0112601 0.010656 0.00815116 0.00824988 0.00884412 0.0111909 0.00823452 0.0107739 0.00918924 0.00832987 0.00825032 0.00807031 0.00881455 0.00836115 0.00920197 0.0083615 0.00869772 0.0086738 0.00828689 0.00854811 0.00814936 0.00960198 0.0083295 0.00909121 0.00832271 0.00930602 0.00842284 0.0092159 0.00840679 0.00914313 
0.0238999 0.1119 0.0366619 0.0228269 0.0243872 0.0109136 0.0230469 0.0132567 0.0141909 0.0115687 0.00916127 0.113401 0.11204 0.00331322 0 0.00320545 0.00321348 0.00325991 0.00334926 0.00973045 0.00708942 0.0132331 0.0410646 0.0451119 0.0100888 0.00963109 0.0392117 0.0210427 0.0162994 0.0126065 0.0311779 0.0242365 0.0295357 0.0324399 0.0118784 0.00925803 0.0115312 0.00933425 0.0163274 0.0130032 0.0352336 0.021323 0.02926 0.0287272 0.0151807 0.0172572 0.00996351 0.0108695 0.00948841 0.0102192 0.00868981 0.0118421 0.0106497 0.018289 0.0101926 0.012267 0.00907358 0.00896043 0.0106357 0.00863352 0.0101655 0.00860244 0.00843272 0.00912872 0.00823164 0.00830425 0.00848404 0.0102781 0.00885435 0.00865434 0.00829386 0.00812191 0.00861006 0.00852194 0.0101817 0.00890315 0.00946924 0.00867904 0.00830345 0.00819947 0.0081024 0.00900967 0.00848881 0.00955138 0.00838686 0.00978165 0.00852309 0.010044 0.00878879 0.0091844 0.00837373 
0.0217591 0.0255711 0.0833584 0.0561405 0.0136307 0.00956253 0.011739 0.0122813 0.0104825 0.00977703 0.0288736 0.368952 0.00949281 0.00321317 0.00320545 0 0.00319886 0.0032318 0.00321576 0.004309 0.0100167 0.0178745 0.674721 0.00915268 0.00933033 0.00932294 0.0181318 0.0195408 0.0113852 0.0108815 0.0187571 0.0502564 0.0591059 0.0232385 0.0117237 0.00881806 0.00928712 0.0128598 0.0118957 0.0278382 0.0233973 0.0509037 0.0535339 0.0435897 0.0366236 0.0161782 0.01152 0.00915323 0.00928238 0.00877621 0.00864579 0.00910279 0.0148387 0.0168758 0.0223712 0.00980724 0.0090127 0.00859963 0.0099237 0.0124796 0.0091881 0.00852069 0.00840984 0.00876504 0.00842138 0.00830512 0.00860638 0.00899864 0.00964069 0.00843357 0.00833423 0.00840014 0.0092348 0.0107455 0.0111437 0.0103062 0.010775 0.00876862 0.0082788 0.00817102 0.00827956 0.00905432 0.0095684 0.00950949 0.0100451 0.00948026 0.0104653 0.00982317 0.0110846 0.00867309 0.00849952 
0.0139968 0.0212197 0.0577613 0.0436315 0.0162459 0.00914472 0.0111334 0.0102724 0.0110494 0.00943113 0.538018 0.0125844 0.00728143 0.00321966 0.00321348 0.00319886 0 0.00323577 0.00320429 0.00513598 0.0097625 0.868516 0.00802717 0.00870012 0.00881191 0.00894364 0.0163962 0.0134175 0.0126687 0.0109683 0.0174916 0.0575179 0.0565287 0.0277003 0.0115084 0.00860978 0.00987481 0.0109489 0.0131376 0.0160944 0.0281932 0.0315422 0.0543177 0.0404261 0.0292934 0.0185821 0.0101585 0.0098694 0.00893564 0.00877584 0.00868152 0.00925254 0.0114262 0.0202836 0.0146563 0.00992889 0.00906475 0.00847225 0.0105607 0.0110524 0.00954475 0.00856419 0.00823598 0.00875719 0.00834249 0.00825833 0.00836034 0.00930257 0.00930582 0.00857341 0.00839112 0.00834532 0.00890982 0.00959152 0.0115553 0.0104329 0.0104262 0.00888178 0.0082509 0.00810093 0.00821067 0.0088683 0.00915754 0.0100502 0.00892387 0.0100664 0.00923779 0.010142 0.00944488 0.00891781 0.00830365 
0.0132173 0.020902 0.0169582 0.0197578 0.0328136 0.0105166 0.0111009 0.0200701 0.01362 0.0200567 0.0113413 0.0178058 0.00698729 0.00328803 0.00325991 0.0032318 0.00323577 0 0.0034773 0.00616533 0.911311 0.00854945 0.00608017 0.00949728 0.0149381 0.0100503 0.0136005 0.0448561 0.0121632 0.0107367 0.0200856 0.0189182 0.0237792 0.0521448 0.0123539 0.00909288 0.0095874 0.00945554 0.00951474 0.0124861 0.0131428 0.0167743 0.0212836 0.019958 0.0138646 0.0110934 0.0119991 0.00925493 0.0089344 0.00995723 0.00888764 0.0091238 0.011224 0.010506 0.00976147 0.0106905 0.00924667 0.00872309 0.00922197 0.00875629 0.00934914 0.00850014 0.00822977 0.00842244 0.00846182 0.00821356 0.0084609 0.00856777 0.00871722 0.0083088 0.00849209 0.00823895 0.00855649 0.00876851 0.0094318 0.00878118 0.00901406 0.00876832 0.00818445 0.00814049 0.00816753 0.00848249 0.00841491 0.00867588 0.00837886 0.00866424 0.00848292 0.00889199 0.00875648 0.00868976 0.00817052 
0.0202548 0.011043 0.0107362 0.0101862 0.0109934 0.0136875 0.0207018 0.00950465 0.0174707 0.023398 0.02723 0.00700921 0.00822024 0.00436271 0.00334926 0.00321576 0.00320429 0.0034773 0 0.925232 0.00371808 0.00392866 0.00454596 0.0121856 0.01023 0.0165684 0.0212606 0.0113415 0.0179018 0.017395 0.0106269 0.0113297 0.011998 0.0121751 0.0179448 0.0122098 0.00860122 0.00855449 0.00886224 0.00903927 0.00943585 0.0102118 0.0106995 0.0105053 0.0103271 0.00964938 0.00909989 0.0104184 0.0120411 0.00869997 0.00913949 0.0120642 0.00936672 0.0088885 0.00875123 0.00869503 0.0111443 0.0105547 0.00848518 0.0083544 0.00861891 0.00867143 0.00896704 0.0082336 0.00818055 0.00842538 0.00992937 0.00835971 0.00829573 0.00848633 0.00872935 0.00814551 0.00825303 0.00828669 0.00834996 0.00830545 0.00832241 0.00826309 0.0084826 0.00842025 0.00807488 0.00815567 0.00823023 0.0082662 0.00815615 0.00825844 0.00819414 0.00833455 0.00819436 0.00831833 0.00851898 
0.0466572 0.0236139 0.0173845 0.0147438 0.0139147 0.0201447 0.0206026 0.0140857 0.0204742 0.0211493 0.0102747 0.00966851 0.0206927 0.00743864 0.00973045 0.004309 0.00513598 0.00616533 0.925232 0 0.00325123 0.00328703 0.00390236 0.0157847 0.0215275 0.0152358 0.0326368 0.015173 0.0462949 0.0145035 0.0142601 0.0133726 0.0167242 0.0155676 0.0271841 0.0108453 0.00968427 0.0101074 0.0101393 0.0114259 0.0119718 0.0134962 0.0141186 0.0148848 0.0138519 0.0101452 0.0115387 0.0204113 0.0113748 0.00904136 0.0133027 0.0112065 0.0102961 0.0105033 0.0104213 0.00991813 0.0160748 0.00962879 0.00887532 0.00929188 0.00952287 0.013766 0.00925116 0.00832731 0.00847133 0.0107154 0.0096469 0.00857466 0.00987922 0.0119806 0.00834567 0.00810876 0.00832891 0.0084302 0.00879228 0.00898875 0.00867182 0.00881093 0.0100319 0.00833145 0.00816682 0.00844269 0.0089403 0.00867791 0.00874699 0.00879305 0.00881343 0.00903209 0.00890845 0.00923517 0.0101549 
0.0160076 0.0493991 0.0302857 0.0213251 0.0212769 0.0105222 0.0168977 0.0170596 0.0165399 0.0108238 0.00977838 0.0166265 0.0113112 0.00687241 0.00708942 0.0100167 0.0097625 0.911311 0.00371808 0.00325123 0 0.00323745 0.00327446 0.0137796 0.0117483 0.00945803 0.0297517 0.0508814 0.0212317 0.0108448 0.0188677 0.0301532 0.0255878 0.0360209 0.0122889 0.0089241 0.00975682 0.0100215 0.0131708 0.0117913 0.0236426 0.0209102 0.0285261 0.030728 0.0163635 0.0158859 0.0111787 0.0117201 0.00923078 0.0108171 0.00892773 0.00976706 0.0125449 0.0182975 0.0112617 0.0123143 0.00949063 0.00883704 0.0109537 0.00946407 0.0111229 0.00890886 0.00836551 0.00885971 0.00845208 0.00857527 0.00845558 0.00983409 0.00935422 0.00880306 0.00831545 0.00840651 0.00878257 0.00896436 0.00999002 0.0093558 0.00986682 0.00890247 0.00848269 0.00831914 0.00830791 0.0087782 0.00888819 0.00972376 0.0087363 0.00960043 0.00882925 0.0097974 0.00919874 0.00950322 0.00868917 
0.0157203 0.0192467 0.0276871 0.0258914 0.0187679 0.0106955 0.0132908 0.0238661 0.0123204 0.0121474 0.0118546 0.0202402 0.00992324 0.0111154 0.0132331 0.0178745 0.868516 0.00854945 0.00392866 0.00328703 0.00323745 0 0.00327864 0.0152672 0.0321796 0.0119624 0.0204822 0.0521383 0.0156698 0.0111929 0.0261434 0.0237918 0.0390629 0.0363659 0.014391 0.00962838 0.00985966 0.0101975 0.00983748 0.0145559 0.0142241 0.0192456 0.0290389 0.020363 0.0203582 0.0122263 0.0140366 0.00926212 0.0108022 0.00974894 0.00954492 0.00971712 0.0166096 0.0112112 0.0131637 0.0111743 0.00963016 0.00932409 0.00980105 0.0101015 0.0105876 0.00861 0.00860104 0.00859107 0.00859411 0.00843644 0.00925267 0.00900902 0.00922663 0.00855376 0.00839146 0.00844299 0.00864813 0.00928562 0.00957196 0.00971472 0.00930105 0.00926845 0.00838947 0.00840254 0.00828887 0.00867846 0.00887736 0.00911413 0.00868518 0.0089403 0.00887205 0.00927961 0.00928044 0.00901158 0.00832044 
0.0211466 0.0146569 0.0131479 0.012374 0.0110597 0.0125 0.0300725 0.0108842 0.0176451 0.0211329 0.0325289 0.0101744 0.0141467 0.0185094 0.0410646 0.674721 0.00802717 0.00608017 0.00454596 0.00390236 0.00327446 0.00327864 0 0.0539232 0.0185011 0.0223845 0.0326918 0.0155756 0.0312277 0.0237482 0.0127984 0.0144995 0.012713 0.0129673 0.019237 0.0168774 0.00966026 0.00909119 0.00988028 0.0102745 0.0108376 0.0118862 0.0118934 0.0120465 0.011582 0.0111444 0.00988617 0.0126359 0.0152605 0.00925061 0.0099434 0.0194386 0.0122705 0.00969773 0.00971052 0.00935419 0.0130767 0.0145348 0.00918953 0.0088446 0.00878601 0.00928316 0.0112601 0.00860806 0.00832391 0.00865792 0.0133767 0.00905433 0.00874009 0.00906824 0.0105304 0.00855481 0.00842486 0.0085516 0.00848895 0.00884677 0.00853513 0.00841013 0.0084718 0.00931824 0.00833799 0.00839816 0.00851064 0.00862372 0.00846047 0.00855721 0.00847711 0.00864643 0.00855027 0.00846896 0.00875024 
0.0106167 0.0185007 0.00944254 0.00945235 0.0112529 0.0137485 0.0223253 0.0109533 0.0242041 0.0187606 0.0108012 0.0241716 0.016843 0.0194886 0.0451119 0.00915268 0.00870012 0.00949728 0.0121856 0.0157847 0.0137796 0.0152672 0.0539232 0 0.00483622 0.0115392 0.0272723 0.030891 0.175423 0.0110781 0.0127586 0.01002 0.00952106 0.0132937 0.0181939 0.0107156 0.0103654 0.00865731 0.0119309 0.0088191 0.0111235 0.00930538 0.00954053 0.00994453 0.0090726 0.00952093 0.00969967 0.0320328 0.00974137 0.0112344 0.0113439 0.0125987 0.0090713 0.0102973 0.00858505 0.0113602 0.0115469 0.00878603 0.00977714 0.00823102 0.00958882 0.0101047 0.00875589 0.00903802 0.00820884 0.0101248 0.00903999 0.00993869 0.00848828 0.0122547 0.00844042 0.00809801 0.00817297 0.00810143 0.00840371 0.00819332 0.00838392 0.00832556 0.00942672 0.00831838 0.00813104 0.00893631 0.00821765 0.00923823 0.00810748 0.0092547 0.00815368 0.00899088 0.00823868 0.00865223 0.00926127 
0.0115807 0.00951952 0.00928939 0.00890689 0.00923805 0.00889913 0.0119584 0.0139205 0.00942478 0.0191834 0.0155574 0.0104174 0.0120158 0.0382101 0.0100888 0.00933033 0.00881191 0.0149381 0.01023 0.0215275 0.0117483 0.0321796 0.0185011 0.00483622 0 0.0721409 0.0164809 0.170906 0.0136992 0.0115089 0.0101905 0.00941527 0.00983126 0.0106041 0.0140832 0.0117606 0.00874896 0.00895915 0.00854336 0.00954922 0.00882612 0.00961374 0.00913632 0.00916808 0.00922032 0.0086199 0.0111338 0.00900592 0.0126869 0.00912456 0.0088125 0.0106096 0.0111702 0.00857161 0.00947873 0.00863716 0.0101652 0.0122286 0.00839776 0.00858772 0.00835953 0.00907091 0.00956056 0.00825442 0.00818721 0.00824195 0.0109517 0.00827883 0.00893161 0.00831293 0.00848705 0.00830312 0.00804775 0.00831522 0.00812434 0.00823851 0.00813095 0.00828342 0.00811883 0.00850889 0.00827857 0.00803753 0.00851074 0.0081272 0.00843206 0.00809346 0.00839549 0.00814935 0.00834774 0.00819963 0.00842619 
0.0117221 0.00887881 0.00869455 0.00880499 0.00974762 0.013248 0.0109575 0.0113128 0.0109181 0.111216 0.0115528 0.0100359 0.021236 0.0140232 0.00963109 0.00932294 0.00894364 0.0100503 0.0165684 0.0152358 0.00945803 0.0119624 0.0223845 0.0115392 0.0721409 0 0.00580851 0.00362882 0.00533526 0.00608148 0.00716179 0.00825117 0.00828416 0.00847573 0.0199377 0.0109328 0.0083844 0.00864265 0.00843895 0.00951865 0.00880037 0.00957466 0.00923824 0.00923367 0.009698 0.00858239 0.0118695 0.0139458 0.0127992 0.00899074 0.0125671 0.0108605 0.00993589 0.00848893 0.00955017 0.00870568 0.0158205 0.0121916 0.00836591 0.00917548 0.00842974 0.0134005 0.0109455 0.00812114 0.00827176 0.0101653 0.011446 0.00813937 0.00940396 0.0101322 0.00925557 0.0081321 0.00798655 0.0082832 0.00809969 0.00840246 0.00808642 0.00864582 0.00966664 0.00879801 0.00820692 0.00799852 0.00836731 0.00804558 0.00832407 0.00810543 0.00828233 0.00806552 0.00829019 0.00831222 0.0104064 
0.0218373 0.0459109 0.0175036 0.0148026 0.0135446 0.0165867 0.0285118 0.0110812 0.0751301 0.0142688 0.0161948 0.0152991 0.0300302 0.0277397 0.0392117 0.0181318 0.0163962 0.0136005 0.0212606 0.0326368 0.0297517 0.0204822 0.0326918 0.0272723 0.0164809 0.00580851 0 0.00331602 0.00409415 0.00961119 0.0155591 0.0267894 0.0132754 0.0153336 0.0294897 0.0131623 0.0114273 0.010254 0.0139313 0.0114627 0.0207981 0.0151714 0.0181178 0.0305137 0.0139003 0.0173845 0.0115981 0.0433049 0.0182468 0.0128186 0.0172979 0.0270977 0.0128535 0.0284178 0.0112029 0.0187699 0.0181558 0.0109004 0.0164056 0.00965164 0.0147462 0.0165578 0.010157 0.0108912 0.0090497 0.01355 0.0107292 0.0133273 0.00992191 0.022989 0.00963259 0.00856106 0.00980843 0.00907508 0.0127993 0.010125 0.0116284 0.00935247 0.0135929 0.00912012 0.00872052 0.0110373 0.00890063 0.011796 0.0088695 0.0123589 0.00917213 0.0130716 0.0101608 0.0112632 0.0121864 
0.0123339 0.0153193 0.0184325 0.0134263 0.0136885 0.00931268 0.0101895 0.152128 0.00954292 0.0158711 0.0162521 0.0439405 0.0124024 0.0143805 0.0210427 0.0195408 0.0134175 0.0448561 0.0113415 0.015173 0.0508814 0.0521383 0.0155756 0.030891 0.170906 0.00362882 0.00331602 0 0.00339014 0.010748 0.0329973 0.0150937 0.017209 0.0170763 0.016573 0.00931298 0.0109162 0.0103699 0.00889263 0.0142872 0.0129434 0.0158696 0.0382191 0.0165178 0.0179074 0.0102692 0.03595 0.00954277 0.0134962 0.0240626 0.0105107 0.0119618 0.0422321 0.00983269 0.0157887 0.0122597 0.0125215 0.0127933 0.0104386 0.0142777 0.0109656 0.0101753 0.0103425 0.00898369 0.0125871 0.00860925 0.011537 0.0092695 0.0182228 0.00872755 0.00856147 0.00958031 0.00853903 0.0110107 0.00907978 0.0113854 0.00917119 0.0130767 0.00832971 0.00864043 0.00962543 0.00856354 0.0102529 0.00898064 0.00975083 0.0088581 0.0103355 0.009265 0.0105141 0.0105835 0.00863032 
0.019421 0.0167986 0.0116378 0.0119217 0.0105616 0.00937143 0.0994196 0.00928413 0.0269231 0.0150617 0.020132 0.0112245 0.0132866 0.0231864 0.0162994 0.0113852 0.0126687 0.0121632 0.0179018 0.0462949 0.0212317 0.0156698 0.0312277 0.175423 0.0136992 0.00533526 0.00409415 0.00339014 0 0.023107 0.0130893 0.0101003 0.0109691 0.0125199 0.0120016 0.0215182 0.00996141 0.00848429 0.0136075 0.00946048 0.0182125 0.0261909 0.0210346 0.0147107 0.0114837 0.0168707 0.00944735 0.0357055 0.0178971 0.0128101 0.0113787 0.0550664 0.0121321 0.0174782 0.00948763 0.0183211 0.0115247 0.0166656 0.0151128 0.00889953 0.0121595 0.00939013 0.0123048 0.0128309 0.00845866 0.0100664 0.0141172 0.0173877 0.00881685 0.0127646 0.01582 0.00883655 0.00944786 0.00882083 0.00997461 0.00915513 0.00985728 0.0086714 0.00983272 0.0124629 0.00868286 0.0103589 0.00859499 0.0121756 0.00846017 0.0113084 0.00845791 0.0111457 0.00900039 0.00938983 0.00967397 
0.0149861 0.0100718 0.0104741 0.00985732 0.0101749 0.0145528 0.0105048 0.00999143 0.0145455 0.0137879 0.0106029 0.00949757 0.017455 0.0150193 0.0126065 0.0108815 0.0109683 0.0107367 0.017395 0.0145035 0.0108448 0.0111929 0.0237482 0.0110781 0.0115089 0.00608148 0.00961119 0.010748 0.023107 0 0.00320072 0.00325971 0.00324877 0.00329272 0.00377531 0.00496866 0.00589178 0.00606912 0.00701921 0.00933814 0.583288 0.113678 0.0193748 0.0104485 0.0102279 0.0102448 0.0103061 0.0275142 0.0142882 0.00908248 0.0143209 0.01377 0.0104665 0.0111096 0.0101129 0.0109965 0.0273433 0.0108112 0.00953264 0.0100038 0.00991388 0.0176629 0.0102389 0.00875819 0.0087009 0.0122995 0.0102562 0.00915873 0.0103311 0.0168265 0.00854384 0.00833265 0.00862712 0.00898882 0.00954379 0.00954714 0.00921462 0.00918266 0.0123528 0.0083622 0.0084582 0.00878005 0.00873162 0.00933697 0.00879305 0.00956225 0.00886163 0.00979266 0.00903395 0.00979361 0.011595 
0.0110844 0.0235339 0.0188105 0.014576 0.0152946 0.00984025 0.0104308 0.0118838 0.0101257 0.0100823 0.0106544 0.016237 0.0111693 0.0119445 0.0311779 0.0187571 0.0174916 0.0200856 0.0106269 0.0142601 0.0188677 0.0261434 0.0127984 0.0127586 0.0101905 0.00716179 0.0155591 0.0329973 0.0130893 0.00320072 0 0.00325988 0.00323319 0.00335793 0.00329146 0.00520495 0.00601065 0.00733633 0.00856685 0.704971 0.0770355 0.0121706 0.0132847 0.020999 0.0154837 0.0103248 0.0144216 0.0125334 0.0105152 0.0138192 0.00940328 0.0133814 0.0203954 0.0135353 0.0123166 0.0267786 0.0118502 0.00983441 0.0139793 0.0111293 0.0144739 0.0133299 0.00908531 0.00982045 0.00923184 0.00921017 0.00948536 0.0107415 0.0115629 0.00978839 0.00845474 0.0087287 0.0101924 0.0109348 0.0140431 0.0128111 0.0121467 0.0116558 0.00981142 0.00833016 0.00868618 0.00928972 0.00951445 0.0112313 0.00933719 0.0119524 0.0105323 0.0121846 0.0117066 0.0125558 0.00933129 
0.0131964 0.0189658 0.0576955 0.0557715 0.0118589 0.00910449 0.0112552 0.0101415 0.0108356 0.00902337 0.0125836 0.0131879 0.0109589 0.0118152 0.0242365 0.0502564 0.0575179 0.0189182 0.0113297 0.0133726 0.0301532 0.0237918 0.0144995 0.01002 0.00941527 0.00825117 0.0267894 0.0150937 0.0101003 0.00325971 0.00325988 0 0.00322223 0.0032249 0.00325622 0.00464172 0.0068535 0.00784139 0.797467 0.0511336 0.0188002 0.011916 0.0261921 0.017418 0.016378 0.015323 0.0117442 0.0102843 0.0108974 0.00948654 0.00969828 0.0126233 0.0139679 0.024173 0.024321 0.0132693 0.0111204 0.0100022 0.0134328 0.0214312 0.0153518 0.010922 0.00915337 0.0110526 0.0102887 0.00904534 0.00917472 0.0121506 0.0126449 0.00956455 0.00934605 0.00929581 0.0151457 0.0175774 0.0221345 0.0205143 0.0319727 0.0117372 0.00885664 0.0086714 0.00903797 0.0125072 0.0141704 0.0144651 0.0143467 0.0166089 0.0165615 0.0242635 0.0212131 0.0116889 0.00912614 
0.012527 0.0187747 0.0819738 0.0403719 0.0135316 0.00949021 0.00990826 0.0116874 0.0117809 0.00916635 0.012426 0.0139037 0.0246706 0.0112878 0.0295357 0.0591059 0.0565287 0.0237792 0.011998 0.0167242 0.0255878 0.0390629 0.012713 0.00952106 0.00983126 0.00828416 0.0132754 0.017209 0.0109691 0.00324877 0.00323319 0.00322223 0 0.00318783 0.00325676 0.00482847 0.0069843 0.816689 0.0220122 0.0112787 0.016464 0.0166538 0.0204616 0.0177461 0.0315265 0.0146681 0.0102766 0.0106974 0.0113609 0.0101953 0.0108507 0.0110297 0.0177418 0.0289782 0.0267432 0.0129015 0.0111269 0.0107264 0.0148659 0.0243501 0.0142509 0.00996802 0.00953757 0.0108511 0.0103978 0.00933695 0.00963181 0.0113591 0.0149178 0.00990391 0.00903328 0.0101546 0.014361 0.0216222 0.0204205 0.025323 0.0223438 0.0129182 0.00939369 0.00856222 0.0100825 0.0157339 0.0151244 0.0154742 0.0147359 0.0174025 0.0174177 0.0278461 0.0201704 0.0129037 0.00922614 
0.0105093 0.0248669 0.0162647 0.015775 0.0161657 0.00857346 0.0119623 0.0115268 0.0126493 0.00894431 0.0122781 0.0469193 0.00993664 0.010488 0.0324399 0.0232385 0.0277003 0.0521448 0.0121751 0.0155676 0.0360209 0.0363659 0.0129673 0.0132937 0.0106041 0.00847573 0.0153336 0.0170763 0.0125199 0.00329272 0.00335793 0.0032249 0.00318783 0 0.00323002 0.00509307 0.930101 0.00817981 0.00909229 0.0132918 0.0107638 0.00989842 0.0128943 0.015891 0.0120724 0.0121072 0.0105949 0.0134475 0.00989392 0.0268769 0.0093545 0.0160453 0.0154716 0.0271278 0.00990947 0.0323511 0.0107298 0.010538 0.0275583 0.00975854 0.0334542 0.00895717 0.00902024 0.0118323 0.00956367 0.00920024 0.00938679 0.0141896 0.0109753 0.0100729 0.00947887 0.00924286 0.0112174 0.00998226 0.0198033 0.0112265 0.0145331 0.010931 0.00922601 0.00883841 0.00888017 0.0108206 0.0093371 0.0130216 0.00938532 0.01526 0.0100279 0.0159376 0.0102156 0.0159289 0.0087411 
0.0167479 0.010312 0.0116304 0.0103275 0.0102159 0.00942954 0.0139633 0.0109159 0.00931476 0.0158476 0.0246079 0.0096446 0.0128259 0.0253453 0.0118784 0.0117237 0.0115084 0.0123539 0.0179448 0.0271841 0.0122889 0.014391 0.019237 0.0181939 0.0140832 0.0199377 0.0294897 0.016573 0.0120016 0.00377531 0.00329146 0.00325622 0.00325676 0.00323002 0 0.936234 0.0041035 0.00521458 0.00506183 0.0153529 0.00730902 0.01035 0.0112411 0.00896671 0.0103483 0.00793694 0.0128115 0.00887994 0.0230082 0.00901078 0.0146031 0.0186196 0.0212036 0.00961988 0.0143527 0.00966397 0.0273922 0.0302735 0.00923241 0.0130154 0.00938626 0.0130385 0.0189713 0.00893957 0.0092626 0.00934245 0.020935 0.00914301 0.0130044 0.00918575 0.0116238 0.00952858 0.00867588 0.0109187 0.00925668 0.0107319 0.00937241 0.00996064 0.00882081 0.0111567 0.00911758 0.00863372 0.0100643 0.00908446 0.00998989 0.00906465 0.0103322 0.00912881 0.0104842 0.0092224 0.00981705 
0.0105853 0.00896519 0.00861886 0.00872234 0.00902617 0.0111966 0.0108561 0.00917214 0.0104183 0.0173276 0.0086939 0.00850927 0.0126134 0.0113659 0.00925803 0.00881806 0.00860978 0.00909288 0.0122098 0.0108453 0.0089241 0.00962838 0.0168774 0.0107156 0.0117606 0.0109328 0.0131623 0.00931298 0.0215182 0.00496866 0.00520495 0.00464172 0.00482847 0.00509307 0.936234 0 0.00400357 0.00330957 0.00360376 0.00361981 0.00341575 0.00363876 0.00414752 0.00525508 0.00570062 0.00619392 0.00793448 0.0154785 0.00988172 0.00827979 0.0143964 0.0118844 0.0100538 0.0101761 0.0108744 0.00994554 0.0245677 0.0116957 0.00909374 0.0102141 0.00897115 0.0224326 0.0113863 0.00909766 0.00910585 0.0118662 0.0128852 0.00936856 0.0109707 0.0129614 0.00900528 0.00846032 0.00821779 0.00857373 0.00835258 0.00924356 0.00823949 0.00956931 0.010687 0.00899772 0.00874035 0.00847735 0.00928266 0.00883764 0.00931974 0.00895156 0.0090197 0.00854634 0.00912982 0.0090812 0.0118831 
0.00884813 0.00961381 0.00862786 0.00879745 0.00862372 0.00841511 0.00980756 0.00840479 0.00930521 0.00989875 0.00838624 0.00897626 0.00871378 0.00934727 0.0115312 0.00928712 0.00987481 0.0095874 0.00860122 0.00968427 0.00975682 0.00985966 0.00966026 0.0103654 0.00874896 0.0083844 0.0114273 0.0109162 0.00996141 0.00589178 0.00601065 0.0068535 0.0069843 0.930101 0.0041035 0.00400357 0 0.0032215 0.00328738 0.00320431 0.0032615 0.00329411 0.00364406 0.00464903 0.00457537 0.00667403 0.0063554 0.00758106 0.00735353 0.0104621 0.00803035 0.0103853 0.00887539 0.0138594 0.00865368 0.016596 0.00902428 0.00883315 0.0126957 0.00850848 0.0160795 0.00883951 0.00895983 0.0101388 0.00852974 0.0087281 0.00950949 0.0122993 0.00922801 0.00971676 0.00835823 0.00821135 0.00872354 0.00831285 0.0104065 0.0085982 0.0107863 0.0085503 0.00863389 0.00828388 0.00818982 0.00917486 0.00829903 0.0103248 0.00818722 0.0106149 0.00827586 0.0112382 0.00840558 0.00983609 0.0084063 
0.00949513 0.00870726 0.0135628 0.00991116 0.00848786 0.00840598 0.00847139 0.0111437 0.00825948 0.0106163 0.00899399 0.00866503 0.00871571 0.0104988 0.00933425 0.0128598 0.0109489 0.00945554 0.00855449 0.0101074 0.0100215 0.0101975 0.00909119 0.00865731 0.00895915 0.00864265 0.010254 0.0103699 0.00848429 0.00606912 0.00733633 0.00784139 0.816689 0.00817981 0.00521458 0.00330957 0.0032215 0 0.00318262 0.00327487 0.00327937 0.00329888 0.00344073 0.00347301 0.00392901 0.00419019 0.0102181 0.005284 0.00963077 0.00711566 0.00811292 0.0085735 0.0157312 0.00841125 0.0335432 0.0084546 0.0117887 0.0126199 0.00843861 0.0413422 0.00850812 0.0109633 0.0109284 0.00861782 0.0106042 0.00847471 0.01334 0.00859557 0.0189014 0.00843905 0.00846531 0.0104994 0.00843876 0.0207745 0.00857266 0.0298926 0.00864497 0.0111013 0.0081706 0.00842001 0.00985309 0.00830581 0.0170725 0.00836819 0.0181056 0.00849557 0.0193194 0.008418 0.0200419 0.00983103 0.00863829 
0.00871514 0.0132517 0.0113112 0.0111716 0.00963075 0.00852119 0.0150665 0.00832561 0.0145421 0.00832082 0.0088427 0.0100479 0.0087136 0.00928221 0.0163274 0.0118957 0.0131376 0.00951474 0.00886224 0.0101393 0.0131708 0.00983748 0.00988028 0.0119309 0.00854336 0.00843895 0.0139313 0.00889263 0.0136075 0.00701921 0.00856685 0.797467 0.0220122 0.00909229 0.00506183 0.00360376 0.00328738 0.00318262 0 0.00319891 0.00335077 0.00328195 0.00334381 0.00369467 0.00351692 0.015494 0.00433693 0.00849925 0.00678291 0.00908292 0.00779469 0.0126542 0.00843154 0.0680045 0.00845643 0.0294519 0.00896478 0.00842751 0.0479492 0.00841959 0.0233662 0.00873188 0.00859505 0.019691 0.00841573 0.0104021 0.00882153 0.0297413 0.00867824 0.0158033 0.010328 0.0083101 0.0269635 0.00849124 0.0416179 0.00880075 0.0307396 0.0086013 0.0096493 0.00902297 0.00819763 0.0244456 0.0083596 0.0370198 0.00842169 0.0371301 0.00843058 0.0425462 0.00880974 0.0131567 0.00894171 
0.0110303 0.010286 0.0290829 0.01563 0.00899197 0.00859714 0.00850708 0.0141556 0.00837195 0.0114571 0.0105611 0.00893183 0.00916384 0.011639 0.0130032 0.0278382 0.0160944 0.0124861 0.00903927 0.0114259 0.0117913 0.0145559 0.0102745 0.0088191 0.00954922 0.00951865 0.0114627 0.0142872 0.00946048 0.00933814 0.704971 0.0511336 0.0112787 0.0132918 0.0153529 0.00361981 0.00320431 0.00327487 0.00319891 0 0.00320166 0.00328227 0.00340711 0.00335119 0.00406617 0.0038712 0.0074288 0.00409278 0.010041 0.00707173 0.00855498 0.00895017 0.0366201 0.00900886 0.0559941 0.00934122 0.0126105 0.0246848 0.00865349 0.0612705 0.00862523 0.0114831 0.0141629 0.00869027 0.0145625 0.00851352 0.0172637 0.00875712 0.0339618 0.00864017 0.00847891 0.0193617 0.00852574 0.0509955 0.00912165 0.0592093 0.00926361 0.0152425 0.010813 0.00849551 0.0134944 0.00844241 0.0513381 0.00862988 0.0376676 0.00861074 0.056784 0.00933674 0.0433071 0.00929202 0.00923481 
0.0105921 0.0227383 0.0237801 0.0211209 0.0122646 0.00869285 0.0139992 0.00878306 0.0130623 0.00841479 0.00965077 0.0114788 0.00931842 0.0102517 0.0352336 0.0233973 0.0281932 0.0131428 0.00943585 0.0119718 0.0236426 0.0142241 0.0108376 0.0111235 0.00882612 0.00880037 0.0207981 0.0129434 0.0182125 0.583288 0.0770355 0.0188002 0.016464 0.0107638 0.00730902 0.00341575 0.0032615 0.00327937 0.00335077 0.00320166 0 0.00321811 0.00328084 0.00332471 0.00326131 0.00446271 0.00350387 0.00471293 0.00692094 0.00935137 0.00795499 0.0173033 0.0104918 0.0475776 0.0109401 0.0260091 0.011126 0.00900917 0.0428972 0.00918446 0.020254 0.0095075 0.00900316 0.021099 0.00872626 0.0099848 0.00906159 0.031599 0.00983627 0.012767 0.0128458 0.00856516 0.0361472 0.00951607 0.0641448 0.0112532 0.0431602 0.0117806 0.00919606 0.00927697 0.00840292 0.0396796 0.00922264 0.0506574 0.00895205 0.065784 0.00989109 0.0638751 0.012177 0.0203375 0.00912279 
