1GYMA
ASSVNELENWSKWMQPIPDSIPLARISIPGTHDSGTFKLQNPIKQVWGMTQEYDFRYQMDHGARIFDIRGRLTDDNTIVLHHGPLYLYVTLHEFINEAKQFLKDNPSETIIMSLKKEYEDMKGAEDSFSSTFEKKYFVDPIFLKTEGNIKLGDARGKIVLLKRYSGSNEPGGYNNFYWPDNETFTTTVNQNANVTVQDKYKVSYDEKVKSIKDTMDETMNNSEDLNHLYINFTSLSSGGTAWNSPYYYASYINPEIANYIKQKNPARVGWVIQDYINEKWSPLLYQEVIRANKSLI
CCCHHHHHCCCCCCCCCCCCCEHHHCCEEEECCHHHHHCCCHHHHHHHCCCCCCHHHHHHCCCCEEEEEEEECCCCCEEEEECCEEEEEEHHHHHHHHHHHHHHCCCCCEEEEEEECCCCCCCCCCCHHHHHHHHCCCCCCECCCCCCCEHHHHCCCEEEEEECCCCCCCCCECCCCCCCCEEEEEECCCCCEEEEEECCCCCHHHHHHHHHHHHHHHHCCCCCCCEEEEEECCCCCCCCCCCCHHHHHHHHHHHHHHHHHHHCCCCCCEEEECCCCCCCCCCHHHHHHHHHHHCC
0 0 0 0 0 0 0 0 0 0 0 0 0 0 0 0 0 0 0 0 0 0 0 0 0 0 0 0 0 0 0 0 0 0 0 0 0 0 0 0 0 0 0 0 0 0 0 0 0 0 0 0 0 0 0 0 0 0 0 0 0 0 0 0 0 0 0 0 0 0 0 0 0 0 0 0 0 0 0 0 0 0 0 0 0 0 0 0 0 0 0 0 0 0 0 0 0 0 0 0 0 0 0 0 0 0 0 0 0 0 0 0 0 0 0 0 0 0 0 0 0 0 0 0 0 0 0 0 0 0 0 0 0 0 0 0 0 0 0 0 0 0 0 0 0 0 0 0 0 0 0 0 0 0 0 0 0 0 0 0 0 0 0 0 0 0 0 0 0 0 0 0 0 0 0 0 0 0 0 0 0 0 0 0 0 0 0 0 0 0 0 0 0 0 0 0 0 0 0 0 0 0 0 0 0 0 0 0 0 0 0 0 0 0 0 0 0 0 0 0 0 0 0 0 0 0 0 0 0 0 0 0 0 0 0 0 0 0 0 0 0 0 0 0 0 0 0 0 0 0 0 0 0 0 0 0 0 0 0 0 0 0 0 0 0 0 0 0 0 0 0 0 0 0 0 0 0 0 0 0 0 0 0 0 0 0 0 0 0 0 0 0 0 0 0 0 
0 0 0 0 0 0 0 0 0 0 0 0 0 0 0 0 0 0 0 0 0 0 0 0 0 0 0 0 0 0 0 0 0 0 0 0 0 0 0 0 0 0 0 0 0 0 0 0 0 0 0 0 0 0 0 0 0 0 0 0 0 0 0 0 0 0 0 0 0 0 0 0 0 0 0 0 0 0 0 0 0 0 0 0 0 0 0 0 0 0 0 0 0 0 0 0 0 0 0 0 0 0 0 0 0 0 0 0 0 0 0 0 0 0 0 0 0 0 0 0 0 0 0 0 0 0 0 0 0 0 0 0 0 0 0 0 0 0 0 0 0 0 0 0 0 0 0 0 0 0 0 0 0 0 0 0 0 0 0 0 0 0 0 0 0 0 0 0 0 0 0 0 0 0 0 0 0 0 0 0 0 0 0 0 0 0 0 0 0 0 0 0 0 0 0 0 0 0 0 0 0 0 0 0 0 0 0 0 0 0 0 0 0 0 0 0 0 0 0 0 0 0 0 0 0 0 0 0 0 0 0 0 0 0 0 0 0 0 0 0 0 0 0 0 0 0 0 0 0 0 0 0 0 0 0 0 0 0 0 0 0 0 0 0 0 0 0 0 0 0 0 0 0 0 0 0 0 0 0 0 0 0 0 0 0 0 0 0 0 0 0 0 0 0 0 0 
0 0.00650199 0.00362825 0.00371948 0.00640482 0.0364794 0.0114161 0.0109342 0.00934986 0.0106353 0.00935306 0.0102418 0.0137067 0.0234119 0.0110115 0.00900389 0.008918 0.0133922 0.0129485 0.00958186 0.00843969 0.00894768 0.00886579 0.0163024 0.013864 0.00928503 0.00862501 0.00865273 0.00829556 0.00829462 0.00903828 0.0165058 0.0164001 0.0102253 0.00834424 0.00826432 0.00823872 0.00814495 0.00894811 0.0118964 0.00895321 0.00823844 0.00801999 0.00819659 0.00800221 0.00851274 0.00955413 0.00809621 0.00808556 0.00809296 0.00804341 0.00834675 0.00869905 0.00809893 0.00808823 0.00809265 0.00807418 0.00838903 0.00868773 0.00833418 0.00816122 0.00845317 
0.00650199 0 0.00339681 0.00326623 0.00340323 0.127852 0.0270287 0.0137577 0.0173116 0.0130017 0.0147402 0.0117335 0.0195415 0.0177624 0.0132818 0.0114169 0.0108065 0.0131326 0.0107122 0.00901219 0.00947093 0.00900369 0.0140638 0.0137171 0.0117803 0.0109551 0.0109062 0.00976307 0.00889396 0.00850747 0.0094035 0.00889234 0.00881643 0.0089241 0.00854378 0.00898652 0.00868525 0.008537 0.00907559 0.00858459 0.00819435 0.00798862 0.00806513 0.00801991 0.00804706 0.00832211 0.00808262 0.00818298 0.00811699 0.00835905 0.00820362 0.0083392 0.00831827 0.0081737 0.00830416 0.00836601 0.00815732 0.00840046 0.0084068 0.00833278 0.00827874 0.00860283 
0.00362825 0.00339681 0 0.00319927 0.00321312 0.0404042 0.0688968 0.0319375 0.0176603 0.0198717 0.0177162 0.021598 0.00936933 0.0103081 0.0207473 0.0188283 0.0139226 0.00910984 0.00875471 0.00962525 0.00976871 0.0111371 0.0100188 0.0101641 0.00999409 0.0179528 0.0147242 0.0120043 0.00929671 0.00890818 0.00829299 0.00817766 0.00821491 0.00827646 0.00896711 0.00934016 0.00892961 0.00884651 0.00845608 0.00808873 0.00800964 0.00805283 0.00815175 0.00814412 0.0081172 0.00808656 0.00804617 0.00825338 0.00833276 0.0086239 0.00831724 0.0081493 0.00810211 0.00830602 0.00843915 0.00844524 0.00823423 0.0081316 0.00822518 0.00836745 0.00833327 0.00825121 
0.00371948 0.00326623 0.00319927 0 0.00339424 0.0556329 0.0487418 0.0551498 0.0325668 0.027377 0.0365513 0.0322646 0.0164911 0.0115889 0.0186852 0.0261642 0.0292159 0.0120777 0.00936936 0.00995894 0.0118545 0.00965095 0.0144571 0.00990653 0.0113282 0.0224921 0.0192304 0.0132066 0.0104261 0.00917113 0.0088083 0.0084088 0.00825187 0.00878312 0.0095623 0.0108385 0.0103732 0.00927356 0.00855198 0.00832604 0.0080864 0.00815845 0.00827434 0.0082209 0.00822097 0.00810939 0.00807807 0.00846734 0.00862694 0.009122 0.00868946 0.00832732 0.00812985 0.00829938 0.0087201 0.00875685 0.00841943 0.00827501 0.00824638 0.00846159 0.00853573 0.00832317 
0.00640482 0.00340323 0.00321312 0.00339424 0 0.0225595 0.0196618 0.0354451 0.0197562 0.0244635 0.0191878 0.0198463 0.0317649 0.0159863 0.0121719 0.0113746 0.0120257 0.016748 0.0115389 0.0090613 0.0090338 0.00944314 0.00908911 0.0129425 0.014702 0.00991772 0.0107538 0.00978803 0.0086958 0.0088175 0.0087033 0.00982944 0.00888225 0.00924353 0.00864558 0.00893153 0.0086169 0.00872711 0.00877289 0.00907002 0.00834194 0.00808758 0.00811904 0.00812009 0.00811539 0.00821268 0.00851693 0.00820122 0.00826953 0.00843755 0.00827478 0.00840659 0.00827754 0.00813909 0.00826443 0.00826456 0.00817584 0.00826292 0.0084733 0.00825592 0.00829198 0.00830703 
0.0364794 0.127852 0.0404042 0.0556329 0.0225595 0 0.00375425 0.00325107 0.0032593 0.00331617 0.00354405 0.00451207 0.010286 0.0149683 0.00990227 0.0107626 0.0116155 0.0269029 0.0214098 0.0154735 0.0142385 0.0127882 0.0163463 0.041763 0.0386562 0.0340275 0.0158398 0.0155482 0.0107866 0.0110163 0.0167604 0.0146153 0.0146116 0.0125811 0.0127128 0.0118347 0.0115006 0.0107494 0.0153147 0.0107101 0.00865454 0.00832152 0.0084211 0.00850018 0.00850555 0.00954541 0.00915692 0.00888507 0.00899511 0.00933417 0.00931539 0.00987968 0.00873657 0.0083467 0.00882191 0.00879168 0.00872945 0.00973035 0.00891631 0.00841232 0.00857471 0.00900061 
0.0114161 0.0270287 0.0688968 0.0487418 0.0196618 0.00375425 0 0.00325524 0.00323958 0.00320837 0.00341038 0.00356699 0.00511178 0.00934967 0.00936044 0.0111711 0.0141937 0.00892281 0.0212411 0.0144522 0.0346418 0.00939998 0.0444066 0.00962419 0.0381158 0.0444451 0.0775893 0.0119901 0.0258162 0.0105977 0.0152745 0.00911944 0.00869395 0.0109592 0.0176429 0.0214973 0.0172645 0.0138034 0.00943272 0.00858533 0.00849341 0.00836028 0.00900326 0.00837012 0.00915698 0.00826884 0.00840997 0.00995736 0.00962696 0.011517 0.00928329 0.00865123 0.00828914 0.00886353 0.00912556 0.00986496 0.00871253 0.0087334 0.00851773 0.00872352 0.00864445 0.00849615 
0.0109342 0.0137577 0.0319375 0.0551498 0.0354451 0.00325107 0.00325524 0 0.00319835 0.0031973 0.0032113 0.00321887 0.00329034 0.00684368 0.0114876 0.0153791 0.0131363 0.0457519 0.00945038 0.0218706 0.00936858 0.0586117 0.0087708 0.0150169 0.0141607 0.0752677 0.0286796 0.142057 0.0107971 0.035873 0.0094024 0.00902732 0.00899516 0.00898238 0.0243895 0.0415539 0.0298945 0.0159067 0.00930825 0.0082993 0.00833524 0.00920849 0.0085889 0.0105755 0.00847309 0.00856563 0.00905978 0.00924295 0.0158516 0.0111938 0.0113291 0.00873522 0.00845192 0.00878112 0.0115037 0.0097062 0.00948255 0.00888086 0.0087873 0.00895342 0.00936637 0.00863917 
0.00934986 0.0173116 0.0176603 0.0325668 0.0197562 0.0032593 0.00323958 0.00319835 0 0.00319967 0.00321316 0.00320502 0.00321192 0.0088166 0.00782851 0.0122824 0.0345892 0.134035 0.0120216 0.00842723 0.0429753 0.0084839 0.0230459 0.00814128 0.0257257 0.0229177 0.140807 0.0160625 0.118928 0.00919433 0.00976383 0.00869439 0.0083404 0.0107979 0.0148674 0.0448733 0.0351632 0.0132342 0.00928998 0.00847421 0.00847213 0.0082958 0.0118186 0.00863294 0.00907496 0.00820988 0.00843238 0.0104681 0.00999953 0.0150092 0.00955583 0.00884974 0.00837694 0.00890561 0.00959134 0.0114569 0.00887348 0.0100361 0.00875045 0.00869495 0.00901211 0.00856101 
0.0106353 0.0130017 0.0198717 0.027377 0.0244635 0.00331617 0.00320837 0.0031973 0.00319967 0 0.00319699 0.00320862 0.00327434 0.00599745 0.0103997 0.0185106 0.290581 0.0268133 0.00746165 0.0230194 0.00832991 0.027722 0.00860632 0.0111015 0.0175265 0.0628358 0.0340188 0.123271 0.0108887 0.0163911 0.00912075 0.00914759 0.00900995 0.00905389 0.0205677 0.0324338 0.0246141 0.0135029 0.0095363 0.0084463 0.00831092 0.00892282 0.00850316 0.0100855 0.00838225 0.00842995 0.00943505 0.00884006 0.0135257 0.0108728 0.00985621 0.00851765 0.00839778 0.00880126 0.0106592 0.00931193 0.0092673 0.00850137 0.00854146 0.00872603 0.00881212 0.00833438 
0.00935306 0.0147402 0.0177162 0.0365513 0.0191878 0.00354405 0.00341038 0.0032113 0.00321316 0.00319699 0 0.00318939 0.00321168 0.00869972 0.00998571 0.789244 0.0452797 0.00688939 0.00973477 0.0081939 0.0236517 0.00883634 0.0156532 0.00880086 0.0236728 0.0365433 0.139597 0.0138209 0.0376377 0.00931897 0.0100064 0.00895838 0.00832853 0.0116694 0.0154707 0.0339246 0.0294582 0.0123964 0.00984661 0.00847809 0.00874689 0.00835272 0.0103323 0.00872388 0.00904983 0.00827164 0.00849925 0.0109933 0.0102699 0.0146351 0.009493 0.00879743 0.00843746 0.00896892 0.00972635 0.0106854 0.00876748 0.00882799 0.00856369 0.00875597 0.00878625 0.00859049 
0.0102418 0.0117335 0.021598 0.0322646 0.0198463 0.00451207 0.00356699 0.00321887 0.00320502 0.00320862 0.00318939 0 0.00331149 0.013301 0.856343 0.0325349 0.010229 0.00673342 0.00786154 0.0181986 0.00762805 0.0132563 0.0100667 0.010085 0.0177818 0.0496102 0.0134891 0.0298013 0.0090983 0.0142903 0.0093976 0.00965572 0.00889763 0.00977153 0.0130657 0.0134629 0.011657 0.013003 0.00890649 0.0087492 0.00852017 0.00864983 0.00820894 0.00860806 0.00835431 0.00820627 0.00926852 0.00856885 0.009299 0.00909001 0.00952469 0.00845998 0.00833701 0.00846798 0.00913874 0.00858178 0.00866118 0.00835364 0.00845034 0.00851336 0.0085379 0.00819757 
0.0137067 0.0195415 0.00936933 0.0164911 0.0317649 0.010286 0.00511178 0.00329034 0.00321192 0.00327434 0.00321168 0.00331149 0 0.815212 0.0234134 0.0072678 0.00717087 0.00665511 0.0162811 0.00805171 0.00916834 0.00849404 0.0115557 0.0182687 0.0317468 0.0117275 0.0132055 0.00995844 0.0101124 0.00898161 0.0117489 0.0138412 0.0103292 0.0153743 0.0104034 0.00992989 0.0100243 0.00937325 0.0110456 0.0109123 0.0103695 0.00847771 0.00849258 0.00835251 0.0083919 0.00865985 0.010295 0.00891273 0.00868565 0.00900159 0.00858777 0.00922371 0.00906065 0.00847735 0.00850682 0.00847478 0.00831384 0.00889721 0.00912898 0.00843095 0.00826365 0.00840657 
0.0234119 0.0177624 0.0103081 0.0115889 0.0159863 0.0149683 0.00934967 0.00684368 0.0088166 0.00599745 0.00869972 0.013301 0.815212 0 0.00324394 0.00323806 0.00324928 0.00431928 0.00515205 0.00471194 0.00692903 0.0109492 0.184077 0.103021 0.0515677 0.0185884 0.0151725 0.0105792 0.013391 0.0101627 0.0196095 0.0145143 0.0140846 0.0193321 0.0143142 0.0107435 0.0105331 0.0106372 0.0149094 0.0118362 0.00923878 0.00834281 0.0090799 0.0084997 0.00895827 0.00982248 0.00885342 0.00987829 0.00881679 0.00938861 0.00926081 0.010564 0.00877603 0.00842103 0.00873543 0.00872172 0.00852281 0.00927544 0.00873533 0.00830341 0.00848622 0.00887946 
0.0110115 0.0132818 0.0207473 0.0186852 0.0121719 0.00990227 0.00936044 0.0114876 0.00782851 0.0103997 0.00998571 0.856343 0.0234134 0.00324394 0 0.00322832 0.00322737 0.00327087 0.00379945 0.00621585 0.00585312 0.209823 0.0351092 0.0413838 0.0227532 0.0750596 0.0233703 0.0276774 0.00995188 0.0181389 0.00997544 0.010532 0.0102265 0.00978555 0.0305145 0.0245752 0.0174358 0.017109 0.00991898 0.00887791 0.00829656 0.00868235 0.00846274 0.00873778 0.0087294 0.00870867 0.0091043 0.00924606 0.0111394 0.0112766 0.0100494 0.00895493 0.00836955 0.00879473 0.0100783 0.00934386 0.00891865 0.00859604 0.00844404 0.00878272 0.00876978 0.00836726 
0.00900389 0.0114169 0.0188283 0.0261642 0.0113746 0.0107626 0.0111711 0.0153791 0.0122824 0.0185106 0.789244 0.0325349 0.0072678 0.00323806 0.00322832 0 0.00319397 0.00320236 0.00359497 0.00626267 0.32908 0.0433165 0.0202948 0.005404 0.0184915 0.0291267 0.0778958 0.0181501 0.024233 0.0102186 0.00942944 0.00906821 0.00855545 0.00967353 0.0159168 0.0450154 0.0375525 0.0134148 0.00927995 0.00848446 0.00837461 0.00848492 0.00910805 0.00918269 0.00887041 0.00835708 0.00856909 0.00940336 0.0118614 0.0144456 0.0102068 0.00878137 0.00841281 0.0088491 0.00999665 0.0105374 0.00918889 0.00875534 0.00855402 0.008831 0.00916895 0.00861405 
0.008918 0.0108065 0.0139226 0.0292159 0.0120257 0.0116155 0.0141937 0.0131363 0.0345892 0.290581 0.0452797 0.010229 0.00717087 0.00324928 0.00322737 0.00319397 0 0.00322387 0.00528997 0.731708 0.0157938 0.00767244 0.00677699 0.00390541 0.0141233 0.0298672 0.0190869 0.0187335 0.0118378 0.0121951 0.0104738 0.00932318 0.00840646 0.00978671 0.0135999 0.0148693 0.014988 0.0174655 0.00921467 0.00875451 0.00833966 0.00838391 0.00844018 0.008322 0.00874186 0.00823032 0.00835625 0.00908255 0.00894008 0.00977316 0.00963824 0.00863693 0.00822702 0.00865342 0.00899403 0.00884997 0.00861952 0.00840214 0.00830128 0.00837309 0.00848983 0.00831646 
0.0133922 0.0131326 0.00910984 0.0120777 0.016748 0.0269029 0.00892281 0.0457519 0.134035 0.0268133 0.00688939 0.00673342 0.00665511 0.00431928 0.00327087 0.00320236 0.00322387 0 0.855948 0.00350281 0.00341801 0.00344951 0.00353913 0.00396029 0.0191095 0.0115356 0.0120581 0.0120421 0.00889403 0.00961576 0.0112005 0.0123758 0.0111038 0.0132128 0.0103183 0.00988492 0.00949701 0.00954867 0.00973471 0.0100319 0.00945665 0.0085532 0.00818313 0.00832739 0.00814892 0.00856293 0.0109625 0.00843101 0.00858877 0.00853859 0.00849743 0.00881931 0.00897211 0.00839648 0.00831533 0.00827593 0.00831991 0.00864528 0.0086108 0.00823327 0.00824161 0.00823316 
0.0129485 0.0107122 0.00875471 0.00936936 0.0115389 0.0214098 0.0212411 0.00945038 0.0120216 0.00746165 0.00973477 0.00786154 0.0162811 0.00515205 0.00379945 0.00359497 0.00528997 0.855948 0 0.00324281 0.00349233 0.00324241 0.00399853 0.00360431 0.034262 0.015589 0.0108375 0.00911483 0.0117238 0.00922836 0.0204921 0.0126539 0.0117323 0.0119482 0.00958968 0.00929267 0.0091453 0.00925426 0.0143105 0.0104869 0.00857117 0.00809928 0.00844242 0.00819643 0.00859488 0.00910887 0.0084835 0.00871423 0.00828851 0.00867865 0.00860251 0.0102628 0.00813559 0.00809316 0.00824592 0.00830517 0.00818347 0.00892723 0.00824299 0.00807284 0.00817365 0.00845785 
0.00958186 0.00901219 0.00962525 0.00995894 0.0090613 0.0154735 0.0144522 0.0218706 0.00842723 0.0230194 0.0081939 0.0181986 0.00805171 0.00471194 0.00621585 0.00626267 0.731708 0.00350281 0.00324281 0 0.00325833 0.00323037 0.00321242 0.0036026 0.0153567 0.0330691 0.0195064 0.0170138 0.0084916 0.0298205 0.00928156 0.00992753 0.0100407 0.00911673 0.0122785 0.0103324 0.00936052 0.0107087 0.00915188 0.00853162 0.00823654 0.00883994 0.00812721 0.0089342 0.00825698 0.0087967 0.00925625 0.00827345 0.00991294 0.00854788 0.0101365 0.00838861 0.00818283 0.00819487 0.00861806 0.00826852 0.00852111 0.00825945 0.00818228 0.00826448 0.00834129 0.00817288 
0.00843969 0.00947093 0.00976871 0.0118545 0.0090338 0.0142385 0.0346418 0.00936858 0.0429753 0.00832991 0.0236517 0.00762805 0.00916834 0.00692903 0.00585312 0.32908 0.0157938 0.00341801 0.00349233 0.00325833 0 0.00319141 0.00323523 0.00319141 0.0163477 0.0155314 0.0421516 0.0108992 0.0398251 0.00887744 0.00937046 0.00915959 0.00836058 0.0104749 0.010563 0.0161575 0.0185518 0.00944968 0.00899261 0.00846305 0.00835352 0.00810174 0.0109826 0.00832463 0.0088655 0.00810591 0.00807881 0.00981484 0.00861038 0.0126646 0.00875059 0.00849819 0.00816742 0.00851576 0.00880512 0.00934212 0.0086079 0.00841918 0.00832821 0.00846714 0.00858038 0.00830286 
0.00894768 0.00900369 0.0111371 0.00965095 0.00944314 0.0127882 0.00939998 0.0586117 0.0084839 0.027722 0.00883634 0.0132563 0.00849404 0.0109492 0.209823 0.0433165 0.00767244 0.00344951 0.00324241 0.00323037 0.00319141 0 0.00318529 0.00329859 0.0128208 0.0436952 0.0124931 0.0579003 0.0096587 0.0120266 0.00917904 0.00962804 0.010058 0.00968641 0.0139341 0.0218479 0.0138233 0.0109838 0.00902514 0.00855459 0.00852336 0.00992306 0.00847622 0.0117387 0.00847823 0.00929888 0.0105326 0.00841228 0.0158057 0.00967107 0.00972973 0.00845862 0.00847817 0.00841303 0.0103851 0.00885852 0.00891806 0.00833415 0.00838506 0.00845872 0.00841103 0.00824155 
0.00886579 0.0140638 0.0100188 0.0144571 0.00908911 0.0163463 0.0444066 0.0087708 0.0230459 0.00860632 0.0156532 0.0100667 0.0115557 0.184077 0.0351092 0.0202948 0.00677699 0.00353913 0.00399853 0.00321242 0.00323523 0.00318529 0 0.00319349 0.0206648 0.0189479 0.0377577 0.0100028 0.0263208 0.0114767 0.0101644 0.0101994 0.00879819 0.0143438 0.0137065 0.0117383 0.0131066 0.0102057 0.00889281 0.00895137 0.00952764 0.00860228 0.0108624 0.00843998 0.00947336 0.0084368 0.00849489 0.0134198 0.00859665 0.0114749 0.00892739 0.0086532 0.00849926 0.00907254 0.00867149 0.00942828 0.00856104 0.00851614 0.00864354 0.00843416 0.00852159 0.00820785 
0.0163024 0.0137171 0.0101641 0.00990653 0.0129425 0.041763 0.00962419 0.0150169 0.00814128 0.0111015 0.00880086 0.010085 0.0182687 0.103021 0.0413838 0.005404 0.00390541 0.00396029 0.00360431 0.0036026 0.00319141 0.00329859 0.00319349 0 0.0125295 0.0161737 0.0103217 0.016896 0.00817263 0.0111092 0.0207274 0.0185719 0.0629182 0.015771 0.0110945 0.0107417 0.00951174 0.00981268 0.00974756 0.0126621 0.0138717 0.00998161 0.00908598 0.0094073 0.00863313 0.00937087 0.0211515 0.00835579 0.0106106 0.0086165 0.00885548 0.00878201 0.0100516 0.00839246 0.00955429 0.00831304 0.00848022 0.00831401 0.00882465 0.00830685 0.00818737 0.00815759 
0.013864 0.0117803 0.00999409 0.0113282 0.014702 0.0386562 0.0381158 0.0141607 0.0257257 0.0175265 0.0236728 0.0177818 0.0317468 0.0515677 0.0227532 0.0184915 0.0141233 0.0191095 0.034262 0.0153567 0.0163477 0.0128208 0.0206648 0.0125295 0 0.00330327 0.00328197 0.00329858 0.00331742 0.00340316 0.00515506 0.0365935 0.0229141 0.0559449 0.0238645 0.0213793 0.0156219 0.016438 0.0280284 0.014135 0.010179 0.00930713 0.00961964 0.00900894 0.00969908 0.0137089 0.0115024 0.0119857 0.0100622 0.0123992 0.0108584 0.0153113 0.00946714 0.00929947 0.00983923 0.00996436 0.00993739 0.0120262 0.00918413 0.00855954 0.00882539 0.00934855 
0.00928503 0.0109551 0.0179528 0.0224921 0.00991772 0.0340275 0.0444451 0.0752677 0.0229177 0.0628358 0.0365433 0.0496102 0.0117275 0.0185884 0.0750596 0.0291267 0.0298672 0.0115356 0.015589 0.0330691 0.0155314 0.0436952 0.0189479 0.0161737 0.00330327 0 0.00326036 0.00330616 0.00321049 0.0032618 0.00347161 0.0180361 0.0123398 0.0235581 0.147809 0.0520139 0.0492977 0.047569 0.0144269 0.0103305 0.00920115 0.0115197 0.00987702 0.0118786 0.0110894 0.0103278 0.0109766 0.0146562 0.0273261 0.0242524 0.0260463 0.010101 0.00902293 0.0111297 0.0177763 0.0144626 0.0143034 0.0101445 0.00896309 0.00980927 0.00971222 0.009211 
0.00862501 0.0109062 0.0147242 0.0192304 0.0107538 0.0158398 0.0775893 0.0286796 0.140807 0.0340188 0.139597 0.0134891 0.0132055 0.0151725 0.0233703 0.0778958 0.0190869 0.0120581 0.0108375 0.0195064 0.0421516 0.0124931 0.0377577 0.0103217 0.00328197 0.00326036 0 0.00321538 0.00328036 0.00322835 0.00326659 0.0124898 0.00911599 0.0208286 0.031396 0.14731 0.0830759 0.0309616 0.0113858 0.00912655 0.00905852 0.00916671 0.0160541 0.0113007 0.0130963 0.009927 0.00935179 0.0212651 0.0231703 0.0747464 0.0156966 0.0112677 0.00890051 0.0114443 0.0172232 0.0234421 0.0114109 0.0100992 0.00932814 0.00986014 0.0098025 0.00916924 
0.00865273 0.00976307 0.0120043 0.0132066 0.00978803 0.0155482 0.0119901 0.142057 0.0160625 0.123271 0.0138209 0.0298013 0.00995844 0.0105792 0.0276774 0.0181501 0.0187335 0.0120421 0.00911483 0.0170138 0.0108992 0.0579003 0.0100028 0.016896 0.00329858 0.00330616 0.00321538 0 0.0031921 0.00320808 0.00329805 0.0149485 0.0107845 0.0111467 0.0334235 0.061409 0.0948153 0.0194168 0.0114136 0.00920346 0.00894715 0.0108057 0.00952028 0.0168919 0.00905684 0.00967435 0.0109893 0.00985519 0.0447858 0.0184166 0.0175323 0.00971082 0.00894858 0.00946281 0.0181098 0.0121188 0.0117471 0.00909352 0.0089669 0.0090124 0.00917813 0.00865107 
0.00829556 0.00889396 0.00929671 0.0104261 0.0086958 0.0107866 0.0258162 0.0107971 0.118928 0.0108887 0.0376377 0.0090983 0.0101124 0.013391 0.00995188 0.024233 0.0118378 0.00889403 0.0117238 0.0084916 0.0398251 0.0096587 0.0263208 0.00817263 0.00331742 0.00321049 0.00328036 0.0031921 0 0.00322752 0.0032177 0.0103592 0.00870819 0.0148093 0.0177298 0.0377814 0.0223257 0.0129072 0.0101403 0.00878414 0.00924178 0.00859644 0.0157095 0.00886177 0.00953345 0.00859658 0.00859023 0.0138273 0.0100575 0.0196859 0.00937193 0.0091006 0.00847838 0.00921064 0.00989286 0.0128742 0.00874095 0.00904718 0.00838516 0.00857931 0.00878371 0.00837977 
0.00829462 0.00850747 0.00890818 0.00917113 0.0088175 0.0110163 0.0105977 0.035873 0.00919433 0.0163911 0.00931897 0.0142903 0.00898161 0.0101627 0.0181389 0.0102186 0.0121951 0.00961576 0.00922836 0.0298205 0.00887744 0.0120266 0.0114767 0.0111092 0.00340316 0.0032618 0.00322835 0.00320808 0.00322752 0 0.00329352 0.0121311 0.0101551 0.012593 0.0234945 0.0144449 0.0137048 0.0139556 0.00976956 0.00923611 0.0091128 0.0104289 0.00854619 0.00893367 0.00866043 0.00860621 0.0106314 0.00918953 0.0101585 0.00918535 0.0100999 0.00862784 0.00863105 0.00887857 0.00939034 0.00870552 0.00893943 0.00837412 0.00839912 0.0084781 0.00838484 0.00818387 
0.00903828 0.0094035 0.00829299 0.0088083 0.0087033 0.0167604 0.0152745 0.0094024 0.00976383 0.00912075 0.0100064 0.0093976 0.0117489 0.0196095 0.00997544 0.00942944 0.0104738 0.0112005 0.0204921 0.00928156 0.00937046 0.00917904 0.0101644 0.0207274 0.00515506 0.00347161 0.00326659 0.00329805 0.0032177 0.00329352 0 0.0299872 0.0142093 0.0244165 0.0126535 0.0122924 0.0118845 0.0127371 0.0117183 0.0120784 0.0129699 0.00898456 0.00885386 0.00881362 0.00849987 0.00899041 0.0125047 0.00967684 0.00882387 0.00922454 0.00870066 0.00941901 0.0101249 0.00885581 0.00839463 0.00839592 0.00837612 0.00854824 0.00937379 0.00829488 0.0082526 0.00815586 
0.0165058 0.00889234 0.00817766 0.0084088 0.00982944 0.0146153 0.00911944 0.00902732 0.00869439 0.00914759 0.00895838 0.00965572 0.0138412 0.0145143 0.010532 0.00906821 0.00932318 0.0123758 0.0126539 0.00992753 0.00915959 0.00962804 0.0101994 0.0185719 0.0365935 0.0180361 0.0124898 0.0149485 0.0103592 0.0121311 0.0299872 0 0.412438 0.0320209 0.0204845 0.0128467 0.0117469 0.015511 0.0284698 0.0829128 0.015844 0.0107261 0.00948228 0.00931121 0.00962987 0.0159601 0.0190356 0.010922 0.00973 0.00960476 0.0113549 0.0149067 0.0124802 0.00913907 0.00875493 0.00863442 0.0089963 0.0124219 0.01074 0.00843404 0.0085518 0.01008 
0.0164001 0.00881643 0.00821491 0.00825187 0.00888225 0.0146116 0.00869395 0.00899516 0.0083404 0.00900995 0.00832853 0.00889763 0.0103292 0.0140846 0.0102265 0.00855545 0.00840646 0.0111038 0.0117323 0.0100407 0.00836058 0.010058 0.00879819 0.0629182 0.0229141 0.0123398 0.00911599 0.0107845 0.00870819 0.0101551 0.0142093 0.412438 0 0.0392673 0.00796451 0.00596533 0.00604336 0.0067162 0.0094252 0.0739056 0.0150118 0.0112718 0.00870099 0.00940665 0.00881672 0.0147128 0.0317408 0.00966089 0.0102447 0.00902859 0.00983796 0.012745 0.0143089 0.00903465 0.00871393 0.00844815 0.00878069 0.0100757 0.0103813 0.00833782 0.00832424 0.00918592 
0.0102253 0.0089241 0.00827646 0.00878312 0.00924353 0.0125811 0.0109592 0.00898238 0.0107979 0.00905389 0.0116694 0.00977153 0.0153743 0.0193321 0.00978555 0.00967353 0.00978671 0.0132128 0.0119482 0.00911673 0.0104749 0.00968641 0.0143438 0.015771 0.0559449 0.0235581 0.0208286 0.0111467 0.0148093 0.012593 0.0244165 0.0320209 0.0392673 0 0.00427605 0.00329004 0.00338957 0.00350908 0.00723273 0.0256993 0.0586144 0.0116619 0.0142463 0.0105791 0.0137006 0.0236376 0.0287889 0.0267048 0.0117222 0.0146985 0.0142563 0.0239398 0.0176978 0.0124493 0.0108465 0.011466 0.0107963 0.0185694 0.0112314 0.00910455 0.00977975 0.0119944 
0.00834424 0.00854378 0.00896711 0.0095623 0.00864558 0.0127128 0.0176429 0.0243895 0.0148674 0.0205677 0.0154707 0.0130657 0.0104034 0.0143142 0.0305145 0.0159168 0.0135999 0.0103183 0.00958968 0.0122785 0.010563 0.0139341 0.0137065 0.0110945 0.0238645 0.147809 0.031396 0.0334235 0.0177298 0.0234945 0.0126535 0.0204845 0.00796451 0.00427605 0 0.00330695 0.00329732 0.00341423 0.00357083 0.0118025 0.0197969 0.0408773 0.0129263 0.0202495 0.0205295 0.0126701 0.0191952 0.0529604 0.0312777 0.0286397 0.0304694 0.013491 0.0121074 0.0296306 0.0268259 0.0272746 0.0218328 0.0126678 0.0117151 0.012909 0.0122596 0.0102714 
0.00826432 0.00898652 0.00934016 0.0108385 0.00893153 0.0118347 0.0214973 0.0415539 0.0448733 0.0324338 0.0339246 0.0134629 0.00992989 0.0107435 0.0245752 0.0450154 0.0148693 0.00988492 0.00929267 0.0103324 0.0161575 0.0218479 0.0117383 0.0107417 0.0213793 0.0520139 0.14731 0.061409 0.0377814 0.0144449 0.0122924 0.0128467 0.00596533 0.00329004 0.00330695 0 0.00329493 0.00323615 0.00328908 0.00928432 0.0142767 0.0156621 0.0367778 0.026923 0.0171353 0.011392 0.014175 0.0230667 0.0705449 0.0802939 0.0362314 0.0127744 0.0107037 0.0192449 0.068682 0.0767978 0.0265617 0.0128651 0.0116223 0.0143766 0.0166235 0.010489 
0.00823872 0.00868525 0.00892961 0.0103732 0.0086169 0.0115006 0.0172645 0.0298945 0.0351632 0.0246141 0.0294582 0.011657 0.0100243 0.0105331 0.0174358 0.0375525 0.014988 0.00949701 0.0091453 0.00936052 0.0185518 0.0138233 0.0131066 0.00951174 0.0156219 0.0492977 0.0830759 0.0948153 0.0223257 0.0137048 0.0118845 0.0117469 0.00604336 0.00338957 0.00329732 0.00329493 0 0.00321965 0.00322492 0.00983574 0.0143953 0.0151178 0.0328078 0.0235671 0.015012 0.0114054 0.0112969 0.0268827 0.0390956 0.0943481 0.0274413 0.0139356 0.0102383 0.0202768 0.0568566 0.0702285 0.0197524 0.0132106 0.0106338 0.0132816 0.0149386 0.0103762 
0.00814495 0.008537 0.00884651 0.00927356 0.00872711 0.0107494 0.0138034 0.0159067 0.0132342 0.0135029 0.0123964 0.013003 0.00937325 0.0106372 0.017109 0.0134148 0.0174655 0.00954867 0.00925426 0.0107087 0.00944968 0.0109838 0.0102057 0.00981268 0.016438 0.047569 0.0309616 0.0194168 0.0129072 0.0139556 0.0127371 0.015511 0.0067162 0.00350908 0.00341423 0.00323615 0.00321965 0 0.00323489 0.0196335 0.0176993 0.0316055 0.0134877 0.0139581 0.0339838 0.0154824 0.0152329 0.022525 0.026111 0.0219981 0.0834316 0.0137208 0.0108378 0.0221632 0.0239063 0.0214795 0.036993 0.011804 0.0108828 0.0116714 0.0139029 0.0100467 
0.00894811 0.00907559 0.00845608 0.00855198 0.00877289 0.0153147 0.00943272 0.00930825 0.00928998 0.0095363 0.00984661 0.00890649 0.0110456 0.0149094 0.00991898 0.00927995 0.00921467 0.00973471 0.0143105 0.00915188 0.00899261 0.00902514 0.00889281 0.00974756 0.0280284 0.0144269 0.0113858 0.0114136 0.0101403 0.00976956 0.0117183 0.0284698 0.0094252 0.00723273 0.00357083 0.00328908 0.00322492 0.00323489 0 0.0564726 0.0333504 0.0129532 0.0120538 0.0120033 0.0132262 0.0229166 0.0249804 0.0137507 0.0127364 0.0131844 0.0145409 0.0266265 0.0204901 0.0126343 0.0109832 0.010662 0.0108166 0.016625 0.0157046 0.00998685 0.00948121 0.0103305 
0.0118964 0.00858459 0.00808873 0.00832604 0.00907002 0.0107101 0.00858533 0.0082993 0.00847421 0.0084463 0.00847809 0.0087492 0.0109123 0.0118362 0.00887791 0.00848446 0.00875451 0.0100319 0.0104869 0.00853162 0.00846305 0.00855459 0.00895137 0.0126621 0.014135 0.0103305 0.00912655 0.00920346 0.00878414 0.00923611 0.0120784 0.0829128 0.0739056 0.0256993 0.0118025 0.00928432 0.00983574 0.0196335 0.0564726 0 0.104397 0.00989505 0.00836559 0.00776297 0.00861841 0.0199156 0.0170338 0.0119013 0.00975182 0.00995061 0.0142829 0.0216805 0.0200954 0.0105501 0.00977497 0.00926189 0.0102397 0.0157263 0.0132198 0.00875418 0.00888528 0.0113736 
0.00895321 0.00819435 0.00800964 0.0080864 0.00834194 0.00865454 0.00849341 0.00833524 0.00847213 0.00831092 0.00874689 0.00852017 0.0103695 0.00923878 0.00829656 0.00837461 0.00833966 0.00945665 0.00857117 0.00823654 0.00835352 0.00852336 0.00952764 0.0138717 0.010179 0.00920115 0.00905852 0.00894715 0.00924178 0.0091128 0.0129699 0.015844 0.0150118 0.0586144 0.0197969 0.0142767 0.0143953 0.0176993 0.0333504 0.104397 0 0.00336199 0.00349927 0.00339565 0.003583 0.0057365 0.008358 0.00837878 0.00727108 0.00936601 0.0245404 0.89799 0.0121169 0.00981531 0.00988118 0.0104342 0.0103896 0.0211153 0.00944986 0.00874024 0.00926594 0.0108047 
0.00823844 0.00798862 0.00805283 0.00815845 0.00808758 0.00832152 0.00836028 0.00920849 0.0082958 0.00892282 0.00835272 0.00864983 0.00847771 0.00834281 0.00868235 0.00848492 0.00838391 0.0085532 0.00809928 0.00883994 0.00810174 0.00992306 0.00860228 0.00998161 0.00930713 0.0115197 0.00916671 0.0108057 0.00859644 0.0104289 0.00898456 0.0107261 0.0112718 0.0116619 0.0408773 0.0156621 0.0151178 0.0316055 0.0129532 0.00989505 0.00336199 0 0.00320997 0.00329397 0.00340578 0.00349023 0.0075774 0.00647511 0.00878977 0.00986304 0.923763 0.0111527 0.00999675 0.0111411 0.0123923 0.00979067 0.0175855 0.00939819 0.00887343 0.00905397 0.00933421 0.00905902 
0.00801999 0.00806513 0.00815175 0.00827434 0.00811904 0.0084211 0.00900326 0.0085889 0.0118186 0.00850316 0.0103323 0.00820894 0.00849258 0.0090799 0.00846274 0.00910805 0.00844018 0.00818313 0.00844242 0.00812721 0.0109826 0.00847622 0.0108624 0.00908598 0.00961964 0.00987702 0.0160541 0.00952028 0.0157095 0.00854619 0.00885386 0.00948228 0.00870099 0.0142463 0.0129263 0.0367778 0.0328078 0.0134877 0.0120538 0.00836559 0.00349927 0.00320997 0 0.0032329 0.00327692 0.00331608 0.00610739 0.00898983 0.00900714 0.945007 0.00938917 0.00816185 0.0105347 0.0129796 0.0120687 0.0274442 0.00954967 0.00983782 0.00923341 0.00927481 0.0096241 0.00883497 
0.00819659 0.00801991 0.00814412 0.0082209 0.00812009 0.00850018 0.00837012 0.0105755 0.00863294 0.0100855 0.00872388 0.00860806 0.00835251 0.0084997 0.00873778 0.00918269 0.008322 0.00832739 0.00819643 0.0089342 0.00832463 0.0117387 0.00843998 0.0094073 0.00900894 0.0118786 0.0113007 0.0168919 0.00886177 0.00893367 0.00881362 0.00931121 0.00940665 0.0105791 0.0202495 0.026923 0.0235671 0.0139581 0.0120033 0.00776297 0.00339565 0.00329397 0.0032329 0 0.00320915 0.0032361 0.00817261 0.00780404 0.946713 0.0121456 0.00825834 0.00781928 0.00960727 0.0103303 0.0272314 0.0117859 0.0112037 0.00917022 0.00902734 0.00969711 0.00965009 0.00906904 
0.00800221 0.00804706 0.0081172 0.00822097 0.00811539 0.00850555 0.00915698 0.00847309 0.00907496 0.00838225 0.00904983 0.00835431 0.0083919 0.00895827 0.0087294 0.00887041 0.00874186 0.00814892 0.00859488 0.00825698 0.0088655 0.00847823 0.00947336 0.00863313 0.00969908 0.0110894 0.0130963 0.00905684 0.00953345 0.00866043 0.00849987 0.00962987 0.00881672 0.0137006 0.0205295 0.0171353 0.015012 0.0339838 0.0132262 0.00861841 0.003583 0.00340578 0.00327692 0.00320915 0 0.00323011 0.00703077 0.943549 0.00939206 0.00885748 0.00817085 0.00731278 0.0102418 0.0176815 0.0108686 0.0142505 0.0126702 0.00994089 0.00973611 0.00980054 0.0105833 0.0087698 
0.00851274 0.00832211 0.00808656 0.00810939 0.00821268 0.00954541 0.00826884 0.00856563 0.00820988 0.00842995 0.00827164 0.00820627 0.00865985 0.00982248 0.00870867 0.00835708 0.00823032 0.00856293 0.00910887 0.0087967 0.00810591 0.00929888 0.0084368 0.00937087 0.0137089 0.0103278 0.009927 0.00967435 0.00859658 0.00860621 0.00899041 0.0159601 0.0147128 0.0236376 0.0126701 0.011392 0.0114054 0.0154824 0.0229166 0.0199156 0.0057365 0.00349023 0.00331608 0.0032361 0.00323011 0 0.934526 0.00961602 0.00726988 0.00694724 0.00792932 0.00915181 0.0176963 0.0109525 0.0108318 0.00986201 0.0112302 0.0135041 0.0137453 0.0112808 0.00918869 0.00972271 
0.00955413 0.00808262 0.00804617 0.00807807 0.00851693 0.00915692 0.00840997 0.00905978 0.00843238 0.00943505 0.00849925 0.00926852 0.010295 0.00885342 0.0091043 0.00856909 0.00835625 0.0109625 0.0084835 0.00925625 0.00807881 0.0105326 0.00849489 0.0211515 0.0115024 0.0109766 0.00935179 0.0109893 0.00859023 0.0106314 0.0125047 0.0190356 0.0317408 0.0287889 0.0191952 0.014175 0.0112969 0.0152329 0.0249804 0.0170338 0.008358 0.0075774 0.00610739 0.00817261 0.00703077 0.934526 0 0.00331719 0.00326345 0.00330651 0.00341868 0.00588137 0.326749 0.0120973 0.0148531 0.0104357 0.0155141 0.0201215 0.0123851 0.0100075 0.0103762 0.0157797 
0.00809621 0.00818298 0.00825338 0.00846734 0.00820122 0.00888507 0.00995736 0.00924295 0.0104681 0.00884006 0.0109933 0.00856885 0.00891273 0.00987829 0.00924606 0.00940336 0.00908255 0.00843101 0.00871423 0.00827345 0.00981484 0.00841228 0.0134198 0.00835579 0.0119857 0.0146562 0.0212651 0.00985519 0.0138273 0.00918953 0.00967684 0.010922 0.00966089 0.0267048 0.0529604 0.0230667 0.0268827 0.022525 0.0137507 0.0119013 0.00837878 0.00647511 0.00898983 0.00780404 0.943549 0.00961602 0.00331719 0 0.00325601 0.00326355 0.0032961 0.00335275 0.0529765 0.413564 0.0140781 0.0406943 0.0142185 0.0168407 0.0123346 0.0144545 0.0176607 0.0106974 
0.00808556 0.00811699 0.00833276 0.00862694 0.00826953 0.00899511 0.00962696 0.0158516 0.00999953 0.0135257 0.0102699 0.009299 0.00868565 0.00881679 0.0111394 0.0118614 0.00894008 0.00858877 0.00828851 0.00991294 0.00861038 0.0158057 0.00859665 0.0106106 0.0100622 0.0273261 0.0231703 0.0447858 0.0100575 0.0101585 0.00882387 0.00973 0.0102447 0.0117222 0.0312777 0.0705449 0.0390956 0.026111 0.0127364 0.00975182 0.00727108 0.00878977 0.00900714 0.946713 0.00939206 0.00726988 0.00326345 0.00325601 0 0.00325746 0.00321208 0.00326104 0.0371669 0.0272847 0.478873 0.0227277 0.036556 0.0111955 0.0121248 0.0226667 0.0156545 0.0112718 
0.00809296 0.00835905 0.0086239 0.009122 0.00843755 0.00933417 0.011517 0.0111938 0.0150092 0.0108728 0.0146351 0.00909001 0.00900159 0.00938861 0.0112766 0.0144456 0.00977316 0.00853859 0.00867865 0.00854788 0.0126646 0.00967107 0.0114749 0.0086165 0.0123992 0.0242524 0.0747464 0.0184166 0.0196859 0.00918535 0.00922454 0.00960476 0.00902859 0.0146985 0.0286397 0.0802939 0.0943481 0.0219981 0.0131844 0.00995061 0.00936601 0.00986304 0.945007 0.0121456 0.00885748 0.00694724 0.00330651 0.00326355 0.00325746 0 0.00324382 0.00323217 0.0248977 0.0968222 0.0605592 0.544719 0.0189004 0.0196803 0.0135501 0.0224009 0.0303987 0.0113114 
0.00804341 0.00820362 0.00831724 0.00868946 0.00827478 0.00931539 0.00928329 0.0113291 0.00955583 0.00985621 0.009493 0.00952469 0.00858777 0.00926081 0.0100494 0.0102068 0.00963824 0.00849743 0.00860251 0.0101365 0.00875059 0.00972973 0.00892739 0.00885548 0.0108584 0.0260463 0.0156966 0.0175323 0.00937193 0.0100999 0.00870066 0.0113549 0.00983796 0.0142563 0.0304694 0.0362314 0.0274413 0.0834316 0.0145409 0.0142829 0.0245404 0.923763 0.00938917 0.00825834 0.00817085 0.00792932 0.00341868 0.0032961 0.00321208 0.00324382 0 0.00323166 0.0230817 0.0324818 0.129505 0.0444514 0.541245 0.0188345 0.0135269 0.0208383 0.0378668 0.0132272 
0.00834675 0.0083392 0.0081493 0.00832732 0.00840659 0.00987968 0.00865123 0.00873522 0.00884974 0.00851765 0.00879743 0.00845998 0.00922371 0.010564 0.00895493 0.00878137 0.00863693 0.00881931 0.0102628 0.00838861 0.00849819 0.00845862 0.0086532 0.00878201 0.0153113 0.010101 0.0112677 0.00971082 0.0091006 0.00862784 0.00941901 0.0149067 0.012745 0.0239398 0.013491 0.0127744 0.0139356 0.0137208 0.0266265 0.0216805 0.89799 0.0111527 0.00816185 0.00781928 0.00731278 0.00915181 0.00588137 0.00335275 0.00326104 0.00323217 0.00323166 0 0.0212673 0.0224934 0.0202901 0.038333 0.0446642 0.463643 0.0192524 0.0116746 0.0116148 0.0162011 
0.00869905 0.00831827 0.00810211 0.00812985 0.00827754 0.00873657 0.00828914 0.00845192 0.00837694 0.00839778 0.00843746 0.00833701 0.00906065 0.00877603 0.00836955 0.00841281 0.00822702 0.00897211 0.00813559 0.00818283 0.00816742 0.00847817 0.00849926 0.0100516 0.00946714 0.00902293 0.00890051 0.00894858 0.00847838 0.00863105 0.0101249 0.0124802 0.0143089 0.0176978 0.0121074 0.0107037 0.0102383 0.0108378 0.0204901 0.0200954 0.0121169 0.00999675 0.0105347 0.00960727 0.0102418 0.0176963 0.326749 0.0529765 0.0371669 0.0248977 0.0230817 0.0212673 0 0.0035844 0.00327863 0.00329413 0.00341656 0.00451287 0.19749 0.0131846 0.0137576 0.0226295 
0.00809893 0.0081737 0.00830602 0.00829938 0.00813909 0.0083467 0.00886353 0.00878112 0.00890561 0.00880126 0.00896892 0.00846798 0.00847735 0.00842103 0.00879473 0.0088491 0.00865342 0.00839648 0.00809316 0.00819487 0.00851576 0.00841303 0.00907254 0.00839246 0.00929947 0.0111297 0.0114443 0.00946281 0.00921064 0.00887857 0.00885581 0.00913907 0.00903465 0.0124493 0.0296306 0.0192449 0.0202768 0.0221632 0.0126343 0.0105501 0.00981531 0.0111411 0.0129796 0.0103303 0.0176815 0.0109525 0.0120973 0.413564 0.0272847 0.0968222 0.0324818 0.0224934 0.0035844 0 0.00327689 0.00325482 0.00334834 0.00341233 0.0636976 0.110708 0.0341734 0.0139574 
0.00808823 0.00830416 0.00843915 0.0087201 0.00826443 0.00882191 0.00912556 0.0115037 0.00959134 0.0106592 0.00972635 0.00913874 0.00850682 0.00873543 0.0100783 0.00999665 0.00899403 0.00831533 0.00824592 0.00861806 0.00880512 0.0103851 0.00867149 0.00955429 0.00983923 0.0177763 0.0172232 0.0181098 0.00989286 0.00939034 0.00839463 0.00875493 0.00871393 0.0108465 0.0268259 0.068682 0.0568566 0.0239063 0.0109832 0.00977497 0.00988118 0.0123923 0.0120687 0.0272314 0.0108686 0.0108318 0.0148531 0.0140781 0.478873 0.0605592 0.129505 0.0202901 0.00327863 0.00327689 0 0.00322935 0.00322341 0.00325665 0.142682 0.0961912 0.0700351 0.0159357 
0.00809265 0.00836601 0.00844524 0.00875685 0.00826456 0.00879168 0.00986496 0.0097062 0.0114569 0.00931193 0.0106854 0.00858178 0.00847478 0.00872172 0.00934386 0.0105374 0.00884997 0.00827593 0.00830517 0.00826852 0.00934212 0.00885852 0.00942828 0.00831304 0.00996436 0.0144626 0.0234421 0.0121188 0.0128742 0.00870552 0.00839592 0.00863442 0.00844815 0.011466 0.0272746 0.0767978 0.0702285 0.0214795 0.010662 0.00926189 0.0104342 0.00979067 0.0274442 0.0117859 0.0142505 0.00986201 0.0104357 0.0406943 0.0227277 0.544719 0.0444514 0.038333 0.00329413 0.00325482 0.00322935 0 0.00321175 0.00321529 0.0782472 0.179827 0.0918971 0.0195065 
0.00807418 0.00815732 0.00823423 0.00841943 0.00817584 0.00872945 0.00871253 0.00948255 0.00887348 0.0092673 0.00876748 0.00866118 0.00831384 0.00852281 0.00891865 0.00918889 0.00861952 0.00831991 0.00818347 0.00852111 0.0086079 0.00891806 0.00856104 0.00848022 0.00993739 0.0143034 0.0114109 0.0117471 0.00874095 0.00893943 0.00837612 0.0089963 0.00878069 0.0107963 0.0218328 0.0265617 0.0197524 0.036993 0.0108166 0.0102397 0.0103896 0.0175855 0.00954967 0.0112037 0.0126702 0.0112302 0.0155141 0.0142185 0.036556 0.0189004 0.541245 0.0446642 0.00341656 0.00334834 0.00322341 0.00321175 0 0.00339424 0.0239482 0.101022 0.319182 0.037513 
0.00838903 0.00840046 0.0081316 0.00827501 0.00826292 0.00973035 0.0087334 0.00888086 0.0100361 0.00850137 0.00882799 0.00835364 0.00889721 0.00927544 0.00859604 0.00875534 0.00840214 0.00864528 0.00892723 0.00825945 0.00841918 0.00833415 0.00851614 0.00831401 0.0120262 0.0101445 0.0100992 0.00909352 0.00904718 0.00837412 0.00854824 0.0124219 0.0100757 0.0185694 0.0126678 0.0128651 0.0132106 0.011804 0.016625 0.0157263 0.0211153 0.00939819 0.00983782 0.00917022 0.00994089 0.0135041 0.0201215 0.0168407 0.0111955 0.0196803 0.0188345 0.463643 0.00451287 0.00341233 0.00325665 0.00321529 0.00339424 0 0.0323767 0.0197076 0.153691 0.306907 
0.00868773 0.0084068 0.00822518 0.00824638 0.0084733 0.00891631 0.00851773 0.0087873 0.00875045 0.00854146 0.00856369 0.00845034 0.00912898 0.00873533 0.00844404 0.00855402 0.00830128 0.0086108 0.00824299 0.00818228 0.00832821 0.00838506 0.00864354 0.00882465 0.00918413 0.00896309 0.00932814 0.0089669 0.00838516 0.00839912 0.00937379 0.01074 0.0103813 0.0112314 0.0117151 0.0116223 0.0106338 0.0108828 0.0157046 0.0132198 0.00944986 0.00887343 0.00923341 0.00902734 0.00973611 0.0137453 0.0123851 0.0123346 0.0121248 0.0135501 0.0135269 0.0192524 0.19749 0.0636976 0.142682 0.0782472 0.0239482 0.0323767 0 0.00372758 0.00328911 0.00463497 
