1GZ7B
APTATLANGDTITGLNAIVNEKFLGIPFAEPPVGTLRFKPPVPYSASLNGQQFTSYGPSCMQMNPMGSFEDTLPKNALDLVLQSKIFQVVLPNDEDCLTINVIRPPGTRASAGLPVMLWIFGGGFELGGSSLFPGDQMVAKSVLMGKPVIHVSMNYRVASWGFLAGPDIQNEGSGNAGLHDQRLAMQWVADNIAGFGGDPSKVTIYGESAGSMSTFVHLVWNDGDNTYNGKPLFRAAIMQSGCMVPSDPVDGTYGTEIYNQVVASAGCGSASDKLACLRGLSQDTLYQATSDTPGVLAYPSLRLSYLPRPDGTFITDDMYALVRDGKYAHVPVIIGDQNDEGTLFGLSSLNVTTDAQARAYFKQSFIHASDAEIDTLMAAYTSDITQGSPFDTGIFNAITPQFKRISALLGDLAFTLARRYFLNYYQGGTKYSFLSKQLSGLPVLGTFHGNDIIWQDYLVGSGSVIYNNAFIAFANDLDPNKAGLWTNWPTYTSSSQSGNNLMQINGLGLYTGKDNFRPDAYSALFSNPPSFFV
CCEEECCCCCEEECEECCCCEEEEEEECECCCCHHHCCCCCCECCCCCCCCECECCCCECCCCCCCCCHHHCCCHHHHHHHHHHCCCCCCCCECCCCCEEEEEECCCCCCCCCEEEEEEECCCCCCCCCCCCCCCHHHHHHHHHCCCCCEEEEECCCCHHHHHCCCHHHHHHCCCCHHHHHHHHHHHHHHHHHHHHCEEEEEEEEEEECHHHHHHHHHHHHHHHCCEECCEECCCEEEEECCCCCCCCCCCCHHHHHHHHHHHHHHCCCCCCCHHHHHHCCCHHHHHHHHHCCCCCCCCCCCCCCCCCCCCCCCCCCCHHHHHHCCCCCCCCEEEEEECECCHHHHCCCCCCCCHHHHHHHHHHHCCCCCHHHHHHHHHHCCCCHHHCCCCCCCCCCCCCCCHHHHHHHHHHHHCHHHHHHHHHHCCCCCEEEEEECCCCCCCCCCCECCCHHHHHHCCCCCCHHHHCHHHHHHHHHCCHHHHCCCCCCCCCCCCCCCCCCEEEECCCCEEEECCCCCHHHHHHHHCCHHHHCC
0 0 0 0 0 0 0 0 0 0 0 0 0 0 0 0 0 0 0 0 0 0 0 0 0 0 0 0 0 0 0 0 0 0 0 0 0 0 0 0 0 0 0 0 0 0 0 0 0 0 0 0 0 0 0 0 0 0 0 0 0 0 0 0 0 0 0 0 0 0 0 0 0 0 0 0 0 0 0 0 0 0 0 0 0 0 0 0 0 0 0 0 0 0 0 0 0 0 0 0 0 0 0 0 0 0 0 0 0 0 0 0 0 0 0 0 0 0 0 0 0 0 0 0 0 0 0 0 0 0 0 0 0 0 0 0 0 0 0 0 0 0 0 0 0 0 0 0 0 0 0 0 0 0 0 0 0 0 0 0 0 0 0 0 0 0 0 0 0 0 0 0 0 0 0 0 0 0 0 0 0 0 0 0 0 0 0 0 0 0 0 0 0 0 0 0 0 0 0 0 0 0 0 0 0 0 0 0 0 0 0 0 0 0 0 0 0 0 0 0 0 0 0 0 0 0 0 0 0 0 0 0 0 0 0 0 0 0 0 0 0 0 0 0 0 0 0 0 0 0 0 0 0 0 0 0 0 0 0 0 0 0 0 0 0 0 0 0 0 0 0 0 0 0 0 0 0 0 0 0 0 0 0 0 0 0 0 0 0 0 0 0 0 0 0 0 0 0 0 0 0 0 0 0 0 0 0 0 0 0 0 0 0 0 0 0 0 0 0 0 0 0 0 0 0 0 0 0 0 0 0 0 0 0 0 0 0 0 0 0 0 0 0 0 0 0 0 0 0 0 0 0 0 0 0 0 0 0 0 0 0 0 0 0 0 0 0 0 0 0 0 0 0 0 0 0 0 0 0 0 0 0 0 0 0 0 0 0 0 0 0 0 0 0 0 0 0 0 0 0 0 0 0 0 0 0 0 0 0 0 0 0 0 0 0 0 0 0 0 0 0 0 0 0 0 0 0 0 0 0 0 0 0 0 0 0 0 0 0 0 0 0 0 0 0 0 0 0 0 0 0 0 0 0 0 0 0 0 0 0 0 0 0 0 0 0 0 0 0 0 0 0 0 0 0 0 0 0 0 0 0 0 0 0 0 0 0 0 0 0 0 0 0 0 0 0 0 0 0 0 0 0 0 0 0 0 0 0 0 0 0 0 0 0 0 0 0 0 0 0 0 0 0 0 0 0 0 0 0 0 0 0 0 0 
0 0 0 0 0 0 0 0 0 0 0 0 0 0 0 0 0 0 0 0 0 0 0 0 0 0 0 0 0 0 0 0 0 0 0 0 0 0 0 0 0 0 0 0 0 0 0 0 0 0 0 0 0 0 0 0 0 0 0 0 0 0 0 0 0 0 0 0 0 0 0 0 0 0 0 0 0 0 0 0 0 0 0 0 0 0 0 0 0 0 0 0 0 0 0 0 0 0 0 0 0 0 0 0 0 0 0 0 0 0 0 0 0 0 0 0 0 0 0 0 0 0 0 0 0 0 0 0 0 0 0 0 0 0 0 0 0 0 0 0 0 0 0 0 0 0 0 0 0 0 0 0 0 0 0 0 0 0 0 0 0 0 0 0 0 0 0 0 0 0 0 0 0 0 0 0 0 0 0 0 0 0 0 0 0 0 0 0 0 0 0 0 0 0 0 0 0 0 0 0 0 0 0 0 0 0 0 0 0 0 0 0 0 0 0 0 0 0 0 0 0 0 0 0 0 0 0 0 0 0 0 0 0 0 0 0 0 0 0 0 0 0 0 0 0 0 0 0 0 0 0 0 0 0 0 0 0 0 0 0 0 0 0 0 0 0 0 0 0 0 0 0 0 0 0 0 0 0 0 0 0 0 0 0 0 0 0 0 0 0 0 0 0 0 0 0 0 0 0 0 0 0 0 0 0 0 0 0 0 0 0 0 0 0 0 0 0 0 0 0 0 0 0 0 0 0 0 0 0 0 0 0 0 0 0 0 0 0 0 0 0 0 0 0 0 0 0 0 0 0 0 0 0 0 0 0 0 0 0 0 0 0 0 0 0 0 0 0 0 0 0 0 0 0 0 0 0 0 0 0 0 0 0 0 0 0 0 0 0 0 0 0 0 0 0 0 0 0 0 0 0 0 0 0 0 0 0 0 0 0 0 0 0 0 0 0 0 0 0 0 0 0 0 0 0 0 0 0 0 0 0 0 0 0 0 0 0 0 0 0 0 0 0 0 0 0 0 0 0 0 0 0 0 0 0 0 0 0 0 0 0 0 0 0 0 0 0 0 0 0 0 0 0 0 0 0 0 0 0 0 0 0 0 0 0 0 0 0 0 0 0 0 0 0 0 0 0 0 0 0 0 0 0 0 0 0 0 0 0 0 0 0 0 0 0 0 0 0 0 0 0 0 0 0 0 0 0 0 0 0 0 0 0 0 
0 0.00335534 0.00432518 0.0160733 0.00756721 0.944885 0.011592 0.0186716 0.0312371 0.0128874 0.0123713 0.011533 0.0157412 0.0100631 0.0395133 0.0189611 0.0146157 0.0230372 0.017207 0.0103923 0.00987131 0.0117899 0.00858335 0.0107085 0.00876856 0.00897809 0.011882 0.00859675 0.00877559 0.00890404 0.0092013 0.00945863 0.00958849 0.00972497 0.00913057 0.00871759 0.00855257 0.00861995 0.00886855 0.00800113 0.00803325 0.00806918 0.00801546 0.00838375 0.00821669 0.00853368 0.00819859 0.00812579 0.0081247 0.00887302 0.00854275 0.0083062 0.00817964 0.00838609 0.00833417 0.00826229 0.00841656 0.0081909 0.00849137 0.00870882 0.00874647 0.00862102 0.00847878 0.00832215 0.00914848 0.00879682 0.0131487 0.0117167 0.014224 0.0142212 0.0147153 0.0154878 0.01886 0.0367405 0.0342489 0.0405469 0.0493158 0.054923 0.0433183 0.0487503 0.0653424 
0.00335534 0 0.00322682 0.00784963 0.978947 0.00790365 0.0115738 0.00905017 0.00982215 0.0313728 0.0120705 0.0136532 0.0103539 0.064436 0.0096671 0.0147722 0.00944955 0.00958381 0.00907335 0.00909847 0.00908722 0.00863114 0.0157084 0.00889567 0.0113053 0.00966836 0.00863243 0.00890438 0.00842397 0.0105117 0.00946644 0.0106281 0.0106763 0.00966134 0.00856299 0.00878644 0.00881015 0.00849634 0.00849368 0.00804852 0.00810094 0.00814404 0.00811979 0.00821437 0.00887569 0.00832729 0.00853014 0.00827266 0.00830212 0.00815644 0.00807795 0.00822199 0.00806102 0.00811908 0.00847476 0.00839172 0.00841748 0.00835418 0.00825971 0.00899169 0.0090184 0.00885115 0.00861249 0.00862567 0.00841059 0.00854668 0.0144292 0.0143796 0.0144 0.0154042 0.0143302 0.0147416 0.016981 0.0371429 0.0365681 0.0409985 0.0471231 0.0567115 0.0483567 0.0483765 0.0563624 
0.00432518 0.00322682 0 0.993306 0.0054339 0.0075615 0.00819617 0.00931224 0.0220746 0.0110225 0.011583 0.0115986 0.024172 0.0102908 0.0160237 0.0185438 0.0124002 0.0258146 0.0182435 0.0139023 0.0110889 0.0199293 0.00858055 0.0111986 0.00919709 0.00893047 0.00991726 0.00944987 0.00877764 0.00888032 0.0100597 0.00908944 0.00982993 0.00931556 0.0110623 0.0090702 0.0085794 0.00877799 0.00859092 0.00841672 0.00807107 0.0080217 0.00807144 0.00818935 0.00827943 0.00850472 0.00827031 0.00816997 0.00818566 0.00838651 0.00872431 0.0081134 0.00823018 0.00814636 0.00854586 0.00830094 0.0081716 0.00811736 0.00819068 0.00955955 0.00894047 0.00853542 0.00845666 0.00839506 0.00841603 0.0101109 0.0178423 0.0144161 0.0163762 0.0155566 0.0151637 0.0154134 0.0249825 0.0474532 0.0394409 0.0476539 0.0555764 0.0709133 0.0544681 0.05737 0.0654126 
0.0160733 0.00784963 0.993306 0 0.00330614 0.00325876 0.00467807 0.00715726 0.0175478 0.00827628 0.0116589 0.011499 0.0259334 0.0115743 0.0202664 0.0135634 0.0150078 0.0206008 0.0175402 0.0111395 0.0100697 0.0115752 0.00887502 0.0105243 0.00869901 0.00988812 0.0128489 0.00843731 0.00901081 0.0089621 0.00935136 0.00908702 0.0110064 0.00961176 0.00962691 0.0088324 0.0086207 0.00888015 0.00860872 0.00803473 0.00806238 0.00808996 0.00811921 0.00833673 0.00815664 0.00862795 0.00835165 0.00826465 0.00816444 0.00856076 0.00848693 0.00823466 0.00817549 0.0081923 0.00828762 0.00831126 0.00853439 0.00816252 0.00831434 0.00862371 0.00858706 0.00847153 0.00848815 0.00831175 0.00870432 0.00898855 0.0130154 0.0110996 0.0132721 0.0129584 0.0137834 0.0148614 0.0188732 0.0318805 0.028878 0.0374501 0.0468575 0.0493813 0.0361308 0.0432925 0.0564493 
0.00756721 0.978947 0.0054339 0.00330614 0 0.00322275 0.00330992 0.00639035 0.00644547 0.0210346 0.0147395 0.0203297 0.00989997 0.0343675 0.00761152 0.0107856 0.00966286 0.00940663 0.00945084 0.00920177 0.00861122 0.00880814 0.0170482 0.00909454 0.0125575 0.00947499 0.00875729 0.0084295 0.00847916 0.0110573 0.00969955 0.0119418 0.0111074 0.00952887 0.0084593 0.00901442 0.00968059 0.00876171 0.00851801 0.00802722 0.00809415 0.00810647 0.00811674 0.00818398 0.00848896 0.00831863 0.00870383 0.0082773 0.00830602 0.00818936 0.00807377 0.00812614 0.00797895 0.00811488 0.00826123 0.0082907 0.00831617 0.00837281 0.00829717 0.00877361 0.00899129 0.00881066 0.00859679 0.00861018 0.00829468 0.00835526 0.0119054 0.0119713 0.0127162 0.0130132 0.012249 0.0119833 0.0134898 0.0297814 0.0279255 0.0295427 0.0359308 0.0452003 0.0351598 0.0340743 0.0428846 
0.944885 0.00790365 0.0075615 0.00325876 0.00322275 0 0.0046355 0.00333433 0.0104763 0.00925067 0.0230951 0.00931336 0.0121724 0.00684473 0.0112372 0.0113329 0.0101295 0.0148632 0.0139469 0.0108074 0.00901856 0.0161723 0.00894736 0.0142301 0.0103287 0.00986415 0.00931887 0.00871969 0.00863413 0.0103301 0.0135198 0.0110605 0.0100599 0.00970178 0.00998399 0.00918182 0.0096061 0.00865433 0.0086393 0.00819794 0.00811879 0.00815839 0.008172 0.00816398 0.0084949 0.00883255 0.00889583 0.00863127 0.00833125 0.00830126 0.00810345 0.00812391 0.00804282 0.00813309 0.00839256 0.00830331 0.0084201 0.00820706 0.00817631 0.00900602 0.00849481 0.00836462 0.0082605 0.00825754 0.00863049 0.00860414 0.0121206 0.0108421 0.0125398 0.0124133 0.0117052 0.0118276 0.0159301 0.0362621 0.0318334 0.0360157 0.0418579 0.0533905 0.0410985 0.0414995 0.0520432 
0.011592 0.0115738 0.00819617 0.00467807 0.00330992 0.0046355 0 0.0141815 0.00420428 0.407996 0.00936996 0.00677762 0.00648968 0.00616842 0.00878431 0.00961901 0.0125908 0.0122902 0.011993 0.00973057 0.00909176 0.00870531 0.00867085 0.00863045 0.00851193 0.0087316 0.00926437 0.00833456 0.00835785 0.00859584 0.00854354 0.00886171 0.0089106 0.00879279 0.00856523 0.00827914 0.0083453 0.00811562 0.00817149 0.00795545 0.00795838 0.00794213 0.00795829 0.00803817 0.0080495 0.00806746 0.00820099 0.00804963 0.00803983 0.00809236 0.00809719 0.00800743 0.00797427 0.00800986 0.00807845 0.00810069 0.00803295 0.00804759 0.00804632 0.00836399 0.00830123 0.00823974 0.00818124 0.00816984 0.00820247 0.00851136 0.0122632 0.0112708 0.0117738 0.0118547 0.0111039 0.0114686 0.0142066 0.033291 0.0282885 0.0315716 0.0397294 0.049248 0.0384334 0.0383846 0.0501854 
0.0186716 0.00905017 0.00931224 0.00715726 0.00639035 0.00333433 0.0141815 0 0.69404 0.00822624 0.00429221 0.0044093 0.0048418 0.00579157 0.00662432 0.0116263 0.0111067 0.0128958 0.012502 0.0116607 0.0103232 0.0100212 0.00847349 0.00840486 0.00829078 0.00845595 0.00861358 0.00861781 0.00811202 0.00827795 0.00833039 0.00837716 0.00847195 0.00844631 0.00876769 0.00817179 0.00815002 0.00806744 0.00831213 0.00810214 0.00805267 0.00806412 0.007995 0.00808745 0.00810688 0.00816376 0.00813734 0.00807123 0.00800218 0.00812054 0.00815378 0.00811704 0.00802666 0.00810298 0.00827612 0.00818456 0.00814523 0.00810387 0.0081216 0.00865689 0.00854883 0.00829123 0.00825052 0.00831512 0.00830027 0.00862675 0.0125021 0.0106762 0.0108493 0.0107569 0.0108569 0.0121918 0.0164691 0.0359195 0.0309415 0.0365983 0.0426907 0.0545505 0.0415925 0.0422367 0.0535466 
0.0312371 0.00982215 0.0220746 0.0175478 0.00644547 0.0104763 0.00420428 0.69404 0 0.00330156 0.00324487 0.00322884 0.00323954 0.00326651 0.00415837 0.0047733 0.0134504 0.0160768 0.0139998 0.0113335 0.00952713 0.0141523 0.00981467 0.0117461 0.00984639 0.00984279 0.0144405 0.00878446 0.00851839 0.0101155 0.0102657 0.010291 0.0104284 0.011321 0.00885274 0.00915809 0.00876837 0.00893585 0.00955959 0.00823016 0.00802698 0.00797203 0.00815986 0.00822348 0.00821153 0.0083827 0.00842308 0.00858565 0.00827095 0.00916908 0.00807631 0.00813523 0.00803578 0.00809726 0.00836592 0.00829533 0.00828713 0.00818033 0.00834468 0.00849926 0.00867661 0.00848525 0.00832915 0.00827629 0.00829103 0.00839404 0.0102675 0.00975662 0.0110158 0.0109451 0.0107971 0.011378 0.01338 0.0262476 0.0240791 0.0282484 0.0350348 0.0401337 0.031367 0.0334359 0.043514 
0.0128874 0.0313728 0.0110225 0.00827628 0.0210346 0.00925067 0.407996 0.00822624 0.00330156 0 0.00320961 0.0032353 0.00327122 0.00331757 0.00345255 0.00387311 0.00916086 0.00995326 0.00947036 0.0093775 0.00845438 0.0103088 0.0230638 0.016365 0.0230676 0.0176711 0.00977267 0.00862471 0.0105079 0.0173145 0.0196095 0.0227138 0.0201654 0.0102094 0.00925302 0.0101919 0.0102358 0.00930263 0.00884044 0.00809178 0.00816947 0.00819851 0.00825597 0.00833977 0.0086332 0.00875381 0.00885697 0.00867094 0.00849154 0.00823628 0.00803212 0.00811891 0.0079894 0.0080945 0.00826778 0.00885436 0.00871261 0.00836488 0.00822429 0.00859498 0.00922516 0.00905795 0.0087003 0.00840221 0.00837624 0.00826713 0.0100646 0.0107975 0.0124635 0.0125223 0.0121038 0.0112445 0.0117598 0.0227346 0.0229995 0.026554 0.0316675 0.0339708 0.0285498 0.0312001 0.0387476 
0.0123713 0.0120705 0.011583 0.0116589 0.0147395 0.0230951 0.00936996 0.00429221 0.00324487 0.00320961 0 0.00320054 0.0032232 0.00325225 0.00327029 0.0035619 0.00844448 0.00930532 0.0090274 0.00920474 0.00825433 0.0108563 0.0194539 0.0409006 0.0434546 0.0203225 0.00928583 0.00863995 0.0103497 0.0363076 0.0424201 0.051805 0.02137 0.0107589 0.0100366 0.0119708 0.0155888 0.0111731 0.00875902 0.0087439 0.00812293 0.00827125 0.00835716 0.00846029 0.00882757 0.0093626 0.0100643 0.00944845 0.00851864 0.00841107 0.00802589 0.00808791 0.00796336 0.00805185 0.00817066 0.0087506 0.00910292 0.00851238 0.00829069 0.00880495 0.00917722 0.00892466 0.0088198 0.00865739 0.00863245 0.0082998 0.0116932 0.0114616 0.01301 0.0129398 0.0123048 0.0126007 0.0117023 0.0259902 0.027625 0.0280324 0.0305949 0.035129 0.0319355 0.0313347 0.0360464 
0.011533 0.0136532 0.0115986 0.011499 0.0203297 0.00931336 0.00677762 0.0044093 0.00322884 0.0032353 0.00320054 0 0.0032071 0.00322278 0.0032227 0.00327459 0.00789922 0.00965946 0.00920387 0.00922367 0.00844475 0.0112086 0.03036 0.0369154 0.0735227 0.0211778 0.00998525 0.00875828 0.011768 0.0542205 0.0592527 0.0650815 0.0251821 0.0125843 0.0105051 0.0143123 0.0194625 0.0112097 0.00918818 0.00813955 0.00818322 0.00833541 0.00832765 0.00841092 0.00923337 0.00940081 0.0100556 0.00875836 0.00848788 0.00829349 0.00800614 0.00810399 0.0079548 0.00803964 0.00829742 0.00858612 0.00899928 0.00844996 0.0081764 0.00884702 0.00922985 0.00921007 0.008681 0.00846038 0.00846827 0.00834298 0.0105662 0.0108639 0.012588 0.0125403 0.0116289 0.011082 0.0117356 0.0235421 0.0260706 0.0258148 0.0296841 0.0328524 0.0291083 0.0296229 0.0352578 
0.0157412 0.0103539 0.024172 0.0259334 0.00989997 0.0121724 0.00648968 0.0048418 0.00323954 0.00327122 0.0032232 0.0032071 0 0.00319234 0.00318853 0.00326048 0.00845819 0.00954362 0.00935547 0.0094097 0.00823006 0.0147249 0.0172284 0.0797927 0.0335792 0.0222673 0.0104687 0.00861244 0.0140783 0.0367977 0.0642536 0.047412 0.0355105 0.011466 0.010332 0.0155875 0.0148525 0.0128996 0.00945114 0.00881763 0.00827332 0.00834139 0.00851418 0.0089459 0.00890352 0.0102487 0.00964719 0.00945937 0.00878845 0.00821987 0.00807534 0.00804353 0.00807856 0.00803178 0.00833233 0.0088705 0.00935453 0.00853695 0.00820997 0.0087489 0.00913539 0.00903704 0.00891552 0.0084598 0.00841337 0.00825307 0.0113734 0.0110957 0.0128652 0.0127281 0.0121999 0.0117726 0.0113532 0.0260165 0.0259323 0.0261387 0.0299622 0.034713 0.0299831 0.0291158 0.0348658 
0.0100631 0.064436 0.0102908 0.0115743 0.0343675 0.00684473 0.00616842 0.00579157 0.00326651 0.00331757 0.00325225 0.00322278 0.00319234 0 0.00320954 0.00327751 0.00768461 0.00878659 0.00930939 0.00916484 0.0086494 0.00979409 0.0385522 0.0124191 0.0209993 0.0161293 0.00902501 0.00889663 0.00949764 0.0192256 0.0159797 0.0218866 0.0206491 0.0119629 0.00917566 0.0106363 0.0117295 0.00956443 0.0093055 0.00815748 0.00821307 0.00824969 0.0083033 0.00827052 0.00889446 0.00870875 0.00914274 0.00853721 0.00851414 0.00822134 0.00805173 0.00806603 0.00803529 0.00808103 0.00825736 0.00843408 0.0085667 0.00860951 0.00839069 0.00876831 0.00905126 0.00928873 0.00887046 0.00866587 0.00838854 0.00823676 0.00996081 0.0105125 0.0115569 0.0116682 0.0112118 0.0102484 0.0102711 0.0217514 0.0209 0.0194244 0.0251689 0.0307835 0.0253067 0.0229576 0.0301837 
0.0395133 0.0096671 0.0160237 0.0202664 0.00761152 0.0112372 0.00878431 0.00662432 0.00415837 0.00345255 0.00327029 0.0032227 0.00318853 0.00320954 0 0.00331279 0.0094935 0.0150405 0.0109166 0.0111988 0.00880677 0.0246392 0.00999334 0.0148763 0.0111521 0.0109485 0.00962599 0.00875655 0.00889118 0.0127397 0.014399 0.0130723 0.0118302 0.0109447 0.00982345 0.0095013 0.0101041 0.00890014 0.00869751 0.00826535 0.00806597 0.00812478 0.00816548 0.00822844 0.00824665 0.00843664 0.00853046 0.00827718 0.00825024 0.00821787 0.00802528 0.00806968 0.00797057 0.00806584 0.008358 0.00818905 0.00835885 0.00816519 0.00816932 0.0103881 0.00843606 0.00853722 0.00833582 0.0083083 0.00851069 0.00837008 0.0107178 0.00996581 0.0114283 0.0113401 0.0102594 0.0097137 0.0118851 0.0277 0.0236047 0.0241676 0.0285588 0.0367778 0.0289653 0.027877 0.0339975 
0.0189611 0.0147722 0.0185438 0.0135634 0.0107856 0.0113329 0.00961901 0.0116263 0.0047733 0.00387311 0.0035619 0.00327459 0.00326048 0.00327751 0.00331279 0 0.768166 0.0239412 0.0373673 0.0271315 0.022247 0.0125214 0.00985244 0.00873596 0.00886189 0.0092335 0.0114433 0.0114588 0.00853158 0.00894618 0.00876497 0.00889094 0.00930305 0.0112767 0.0105378 0.00894947 0.00835046 0.00821555 0.0128022 0.00913374 0.00803231 0.00806144 0.00809876 0.00809655 0.00835609 0.00816494 0.00830793 0.00819924 0.00809662 0.0087268 0.00846588 0.00836358 0.00830407 0.00825948 0.00870129 0.00824102 0.00827669 0.00815587 0.00837558 0.00940978 0.00836674 0.00856148 0.00838041 0.00830314 0.0087813 0.00980894 0.013838 0.0113511 0.0108067 0.011194 0.0105276 0.0128161 0.0173813 0.0365854 0.0317334 0.0336521 0.0397178 0.0507237 0.0409051 0.0417581 0.0493393 
0.0146157 0.00944955 0.0124002 0.0150078 0.00966286 0.0101295 0.0125908 0.0111067 0.0134504 0.00916086 0.00844448 0.00789922 0.00845819 0.00768461 0.0094935 0.768166 0 0.0588157 0.0189334 0.0183135 0.0155035 0.0118247 0.0089588 0.00858271 0.0083747 0.00856376 0.00953228 0.00918095 0.00842119 0.00839042 0.00824597 0.00829797 0.00835214 0.00877506 0.00928879 0.00825079 0.0080069 0.0080474 0.00834015 0.00815293 0.00794407 0.00792894 0.00797177 0.00797144 0.00798615 0.00800858 0.00802114 0.00798985 0.00795244 0.00807112 0.00853632 0.00816336 0.00825138 0.00804107 0.00838735 0.0080708 0.00803112 0.00801891 0.00805723 0.00865492 0.00823045 0.00821573 0.00818947 0.00817453 0.00824575 0.00869873 0.0113019 0.00934221 0.00912453 0.00905397 0.00928941 0.0102712 0.0138169 0.0227294 0.0189206 0.0214109 0.0274876 0.0345262 0.0273222 0.0277418 0.0341183 
0.0230372 0.00958381 0.0258146 0.0206008 0.00940663 0.0148632 0.0122902 0.0128958 0.0160768 0.00995326 0.00930532 0.00965946 0.00954362 0.00878659 0.0150405 0.0239412 0.0588157 0 0.0224265 0.00854242 0.0245425 0.0168325 0.00926274 0.0119424 0.00883114 0.00930735 0.0149184 0.00996188 0.00879023 0.00861351 0.00889845 0.0085733 0.00907272 0.0101275 0.0100478 0.00867927 0.0080702 0.00850759 0.00890096 0.00812587 0.00793178 0.00792429 0.0079523 0.00821266 0.00806729 0.00861565 0.0080566 0.00805235 0.00799352 0.0089551 0.0087878 0.00839928 0.00838982 0.00823549 0.00831899 0.00807304 0.00800805 0.00798541 0.00828824 0.00892684 0.00844533 0.00844119 0.00821156 0.00817592 0.00856583 0.00899968 0.0124855 0.00919052 0.00991838 0.00947579 0.00990189 0.0109557 0.014599 0.0200043 0.0165576 0.0221467 0.0287951 0.0319682 0.0214347 0.0273541 0.0353931 
0.017207 0.00907335 0.0182435 0.0175402 0.00945084 0.0139469 0.011993 0.012502 0.0139998 0.00947036 0.0090274 0.00920387 0.00935547 0.00930939 0.0109166 0.0373673 0.0189334 0.0224265 0 0.10439 0.0309629 0.015879 0.00914225 0.00940248 0.00863145 0.00966078 0.0151166 0.0105517 0.00872258 0.00866754 0.00855119 0.00844507 0.00869547 0.0109 0.0102111 0.00860749 0.00815358 0.00839703 0.00907473 0.00836237 0.00797374 0.00791975 0.00797654 0.00828415 0.00805325 0.00837729 0.00804354 0.00803986 0.00804975 0.00909288 0.0087551 0.00832099 0.0083648 0.00834606 0.00829406 0.00808144 0.00800693 0.00801194 0.00821622 0.00897561 0.00833396 0.00829674 0.00818142 0.00818136 0.00840777 0.00914375 0.0117754 0.00921407 0.00944057 0.00911977 0.0093251 0.0106145 0.014432 0.0214382 0.0168713 0.0195665 0.02652 0.0340083 0.0251882 0.0255244 0.0325828 
0.0103923 0.00909847 0.0139023 0.0111395 0.00920177 0.0108074 0.00973057 0.0116607 0.0113335 0.0093775 0.00920474 0.00922367 0.0094097 0.00916484 0.0111988 0.0271315 0.0183135 0.00854242 0.10439 0 0.276494 0.0141517 0.0104442 0.00969476 0.00938636 0.0113535 0.0160513 0.00913913 0.0084935 0.00930631 0.008776 0.00891001 0.00932481 0.0106571 0.00918433 0.00841889 0.00828007 0.00834034 0.00906701 0.00813455 0.00797269 0.00796559 0.00801144 0.00799023 0.00803176 0.00809447 0.00809989 0.00807964 0.00816083 0.00991855 0.00812468 0.00813308 0.00797721 0.00811512 0.00831329 0.00808452 0.00803241 0.00808199 0.00871089 0.00862019 0.00826363 0.00822294 0.00818471 0.00817216 0.00826264 0.00840141 0.00920151 0.00856244 0.00875336 0.00862518 0.00891832 0.00956618 0.0108772 0.0134245 0.0119928 0.013279 0.0173234 0.0199478 0.0153523 0.0167425 0.0214556 
0.00987131 0.00908722 0.0110889 0.0100697 0.00861122 0.00901856 0.00909176 0.0103232 0.00952713 0.00845438 0.00825433 0.00844475 0.00823006 0.0086494 0.00880677 0.022247 0.0155035 0.0245425 0.0309629 0.276494 0 0.0258032 0.0107506 0.00414284 0.00484872 0.0059938 0.00779061 0.0107087 0.00823577 0.00923526 0.00821633 0.00868052 0.00924702 0.0163824 0.0123197 0.00904814 0.008432 0.00846022 0.0108392 0.00857544 0.0078961 0.00794214 0.00794325 0.00797757 0.0087303 0.00813527 0.00824155 0.00800691 0.00807981 0.00884259 0.0088208 0.00834959 0.00834075 0.00812671 0.00918918 0.00797232 0.00797697 0.00799354 0.00826321 0.00870266 0.00815654 0.00813846 0.00810462 0.00807932 0.00813772 0.00836453 0.00901549 0.00840757 0.00829833 0.00829178 0.00844779 0.00893769 0.0105798 0.0112745 0.00973375 0.0103337 0.0145898 0.0165143 0.0119314 0.0119495 0.0170103 
0.0117899 0.00863114 0.0199293 0.0115752 0.00880814 0.0161723 0.00870531 0.0100212 0.0141523 0.0103088 0.0108563 0.0112086 0.0147249 0.00979409 0.0246392 0.0125214 0.0118247 0.0168325 0.015879 0.0141517 0.0258032 0 0.00357745 0.0032417 0.00325458 0.00332939 0.00509995 0.0111172 0.0145421 0.0101199 0.0158066 0.0163207 0.0456198 0.0438536 0.0466205 0.025477 0.011682 0.0207347 0.0121983 0.00955014 0.00838512 0.00821153 0.00852602 0.00940488 0.00902438 0.0131392 0.00916273 0.0106643 0.00904227 0.0129323 0.00845216 0.00836129 0.00811119 0.00865507 0.00886436 0.00900313 0.0089779 0.00866727 0.0089012 0.00873574 0.00858624 0.00855412 0.00838784 0.00823473 0.00835666 0.00837548 0.0088142 0.00848278 0.00876475 0.00868402 0.00875985 0.00899476 0.0093681 0.00993193 0.0101813 0.0111086 0.0115161 0.0117978 0.0107747 0.0126686 0.013447 
0.00858335 0.0157084 0.00858055 0.00887502 0.0170482 0.00894736 0.00867085 0.00847349 0.00981467 0.0230638 0.0194539 0.03036 0.0172284 0.0385522 0.00999334 0.00985244 0.0089588 0.00926274 0.00914225 0.0104442 0.0107506 0.00357745 0 0.00326885 0.00323788 0.00343518 0.00327219 0.0127365 0.00915857 0.0266662 0.036575 0.0665285 0.0671488 0.0299825 0.0327084 0.0369877 0.0887891 0.0133482 0.0495181 0.00877098 0.00845556 0.00919503 0.00901833 0.0089843 0.0230844 0.0100137 0.0265243 0.0106762 0.0146607 0.00877977 0.00805128 0.00821819 0.00805744 0.00814055 0.00982697 0.00953898 0.0108766 0.0101452 0.00862988 0.00855511 0.00893385 0.00869258 0.00852497 0.00830981 0.00826281 0.00823262 0.00853269 0.0088211 0.0089448 0.00890242 0.00882385 0.00865363 0.0090227 0.0102417 0.0108913 0.0106829 0.01184 0.0122884 0.0109691 0.0117082 0.013151 
0.0107085 0.00889567 0.0111986 0.0105243 0.00909454 0.0142301 0.00863045 0.00840486 0.0117461 0.016365 0.0409006 0.0369154 0.0797927 0.0124191 0.0148763 0.00873596 0.00858271 0.0119424 0.00940248 0.00969476 0.00414284 0.0032417 0.00326885 0 0.00320192 0.00320237 0.00323959 0.00697708 0.0183936 0.0133617 0.0792055 0.0388805 0.0440247 0.0112379 0.0256931 0.123456 0.0331382 0.125631 0.0100701 0.00896664 0.00933791 0.00899989 0.0102806 0.0170461 0.0111796 0.0624014 0.0170615 0.0327255 0.0119539 0.00919198 0.00855182 0.00812848 0.0082589 0.00835745 0.00868137 0.0105581 0.0134673 0.00991352 0.00878212 0.00895103 0.00896485 0.00911481 0.00886045 0.00847828 0.00847766 0.00822225 0.00850256 0.00861777 0.008967 0.00889477 0.00892105 0.00862 0.00845425 0.0103872 0.0108051 0.0111187 0.00968596 0.0104086 0.0104585 0.011833 0.0107256 
0.00876856 0.0113053 0.00919709 0.00869901 0.0125575 0.0103287 0.00851193 0.00829078 0.00984639 0.0230676 0.0434546 0.0735227 0.0335792 0.0209993 0.0111521 0.00886189 0.0083747 0.00883114 0.00863145 0.00938636 0.00484872 0.00325458 0.00323788 0.00320192 0 0.00320941 0.00333004 0.0106128 0.0179967 0.060016 0.0338687 0.0566915 0.0154712 0.0136982 0.0317329 0.0456245 0.300387 0.0208115 0.0153459 0.00895201 0.00868008 0.010542 0.0109111 0.0103708 0.025494 0.0179739 0.0423935 0.0182301 0.0140738 0.00892685 0.00809795 0.00809483 0.00804051 0.00808863 0.00914464 0.0112987 0.0136982 0.0102314 0.00857852 0.00881663 0.00906021 0.00918451 0.00897882 0.0083854 0.00844775 0.00822179 0.00844054 0.00865773 0.00890305 0.00895391 0.00882006 0.00857454 0.00847052 0.0102204 0.0109893 0.0109482 0.0103662 0.0108908 0.0103794 0.0112126 0.0116371 
0.00897809 0.00966836 0.00893047 0.00988812 0.00947499 0.00986415 0.0087316 0.00845595 0.00984279 0.0176711 0.0203225 0.0211778 0.0222673 0.0161293 0.0109485 0.0092335 0.00856376 0.00930735 0.00966078 0.0113535 0.0059938 0.00332939 0.00343518 0.00320237 0.00320941 0 0.00320897 0.0116435 0.0310133 0.0288712 0.0358695 0.015807 0.0299403 0.0167644 0.0173748 0.0996253 0.0301186 0.0733419 0.0168001 0.00919907 0.0090018 0.00871421 0.00895988 0.0106544 0.0104374 0.0144696 0.0139128 0.0167837 0.012286 0.00952687 0.00811848 0.0080989 0.00801816 0.00811294 0.00870576 0.00951704 0.0103807 0.0102017 0.008675 0.00837212 0.00865553 0.00853862 0.0085709 0.00829082 0.00823068 0.00812702 0.00835725 0.00860301 0.00876092 0.00874983 0.00870441 0.00849804 0.0086232 0.00990211 0.0103868 0.01025 0.0100502 0.0110468 0.0102396 0.0107377 0.0101879 
0.011882 0.00863243 0.00991726 0.0128489 0.00875729 0.00931887 0.00926437 0.00861358 0.0144405 0.00977267 0.00928583 0.00998525 0.0104687 0.00902501 0.00962599 0.0114433 0.00953228 0.0149184 0.0151166 0.0160513 0.00779061 0.00509995 0.00327219 0.00323959 0.00333004 0.00320897 0 0.04261 0.0142696 0.0155848 0.0105556 0.00852037 0.00898011 0.0214016 0.02405 0.0132 0.0137562 0.0134947 0.0183634 0.0113378 0.00838727 0.00839632 0.00863504 0.00860938 0.00893398 0.00973138 0.00911851 0.00921136 0.00919094 0.00968937 0.00864288 0.00809129 0.00827557 0.00830665 0.00991536 0.00873446 0.00873733 0.00858912 0.00839741 0.00916469 0.00851768 0.00838476 0.00823246 0.00815821 0.00824224 0.00834495 0.00900951 0.00841647 0.0084289 0.00836285 0.00839453 0.00845183 0.00927647 0.0107756 0.00951305 0.00948357 0.00965589 0.0135355 0.0107306 0.0101644 0.0106828 
0.00859675 0.00890438 0.00944987 0.00843731 0.0084295 0.00871969 0.00833456 0.00861781 0.00878446 0.00862471 0.00863995 0.00875828 0.00861244 0.00889663 0.00875655 0.0114588 0.00918095 0.00996188 0.0105517 0.00913913 0.0107087 0.0111172 0.0127365 0.00697708 0.0106128 0.0116435 0.04261 0 0.00342914 0.00322469 0.00322515 0.00319757 0.00350565 0.00651017 0.157627 0.0112922 0.0131324 0.00930174 0.0211544 0.00868542 0.00808644 0.00814038 0.00807913 0.00823843 0.00972851 0.00878398 0.0090854 0.00842618 0.00881648 0.0103172 0.0083395 0.00843127 0.00799249 0.0082475 0.00977865 0.00824938 0.0083093 0.00849734 0.00865172 0.00831961 0.00827835 0.00818633 0.00813104 0.00812538 0.00810849 0.00815055 0.00830121 0.00827537 0.0082819 0.00828747 0.00838961 0.00848517 0.00865996 0.0089349 0.00888099 0.00906221 0.0108893 0.0110055 0.00929314 0.00961161 0.0124253 
0.00877559 0.00842397 0.00877764 0.00901081 0.00847916 0.00863413 0.00835785 0.00811202 0.00851839 0.0105079 0.0103497 0.011768 0.0140783 0.00949764 0.00889118 0.00853158 0.00842119 0.00879023 0.00872258 0.0084935 0.00823577 0.0145421 0.00915857 0.0183936 0.0179967 0.0310133 0.0142696 0.00342914 0 0.00323161 0.00319392 0.00316068 0.00335352 0.00347625 0.0354835 0.147731 0.0139708 0.0279413 0.0097498 0.00850095 0.00862928 0.0082939 0.00868924 0.00949008 0.00936201 0.0176216 0.0102395 0.0131031 0.00996521 0.00988533 0.00807735 0.00808367 0.00798303 0.00804393 0.00837921 0.00961806 0.00902007 0.00909055 0.00843468 0.0083531 0.00841369 0.00841477 0.00825001 0.00814282 0.0081194 0.00804921 0.0082833 0.00840054 0.00847451 0.00850312 0.00864318 0.0084049 0.00823029 0.00866903 0.00917359 0.00922522 0.00885658 0.00920431 0.00893942 0.0097227 0.00930664 
0.00890404 0.0105117 0.00888032 0.0089621 0.0110573 0.0103301 0.00859584 0.00827795 0.0101155 0.0173145 0.0363076 0.0542205 0.0367977 0.0192256 0.0127397 0.00894618 0.00839042 0.00861351 0.00866754 0.00930631 0.00923526 0.0101199 0.0266662 0.0133617 0.060016 0.0288712 0.0155848 0.00322469 0.00323161 0 0.0032443 0.00322635 0.00323971 0.0070211 0.434345 0.0478188 0.256693 0.0182669 0.0279505 0.00978668 0.00939446 0.0135506 0.0115065 0.0136237 0.0443395 0.0241831 0.0790909 0.0273687 0.0196868 0.0099585 0.00820747 0.00836819 0.00811369 0.00820752 0.0101831 0.0106895 0.0214955 0.0114333 0.00945411 0.00908861 0.00923331 0.0091626 0.00917921 0.00871012 0.00853967 0.00821643 0.00834334 0.0085377 0.00881178 0.00894104 0.00886702 0.00855368 0.00841781 0.00918988 0.0100531 0.009817 0.00919823 0.00940392 0.00942031 0.00977525 0.00986328 
0.0092013 0.00946644 0.0100597 0.00935136 0.00969955 0.0135198 0.00854354 0.00833039 0.0102657 0.0196095 0.0424201 0.0592527 0.0642536 0.0159797 0.014399 0.00876497 0.00824597 0.00889845 0.00855119 0.008776 0.00821633 0.0158066 0.036575 0.0792055 0.0338687 0.0358695 0.0105556 0.00322515 0.00319392 0.0032443 0 0.00320198 0.00321142 0.00322343 0.0683315 0.598505 0.0511365 0.165089 0.0136268 0.00971846 0.0107977 0.0103384 0.01602 0.0256962 0.0163417 0.126941 0.0539331 0.0661806 0.0170016 0.00997808 0.00828288 0.00814476 0.00812243 0.00830154 0.00965789 0.0152773 0.0213189 0.0150497 0.00937517 0.0136368 0.0103044 0.00977582 0.00957948 0.00861252 0.00947668 0.00822695 0.00833027 0.00860631 0.00898489 0.00892413 0.00890849 0.00873491 0.0083053 0.00928695 0.0101576 0.0100782 0.00915672 0.00915136 0.0094073 0.0103124 0.00927367 
0.00945863 0.0106281 0.00908944 0.00908702 0.0119418 0.0110605 0.00886171 0.00837716 0.010291 0.0227138 0.051805 0.0650815 0.047412 0.0218866 0.0130723 0.00889094 0.00829797 0.0085733 0.00844507 0.00891001 0.00868052 0.0163207 0.0665285 0.0388805 0.0566915 0.015807 0.00852037 0.00319757 0.00316068 0.00322635 0.00320198 0 0.00321921 0.00322753 0.0848495 0.0859347 0.766446 0.0241578 0.0487275 0.0100015 0.00967447 0.0173056 0.0134316 0.0127196 0.0593586 0.0299546 0.1816 0.0347459 0.0234869 0.0102048 0.00821385 0.00825923 0.00816609 0.00843043 0.0109058 0.0140918 0.0325307 0.0147774 0.00952071 0.0097228 0.00982235 0.0097861 0.00946601 0.00870157 0.0089011 0.00823557 0.00839095 0.00863639 0.00907375 0.00904645 0.00890581 0.00876926 0.00840507 0.00939262 0.0105142 0.0103072 0.0094566 0.0095855 0.00962609 0.0101733 0.0103048 
0.00958849 0.0106763 0.00982993 0.0110064 0.0111074 0.0100599 0.0089106 0.00847195 0.0104284 0.0201654 0.02137 0.0251821 0.0355105 0.0206491 0.0118302 0.00930305 0.00835214 0.00907272 0.00869547 0.00932481 0.00924702 0.0456198 0.0671488 0.0440247 0.0154712 0.0299403 0.00898011 0.00350565 0.00335352 0.00323971 0.00321142 0.00321921 0 0.00326158 0.0300171 0.269412 0.0702118 0.701397 0.0201218 0.0116215 0.0139494 0.00921832 0.0107251 0.0175616 0.0134411 0.0468474 0.0250919 0.0576498 0.029017 0.0107254 0.00837782 0.00830238 0.00826593 0.00857918 0.00938518 0.0172746 0.0169624 0.0203196 0.0100927 0.00976674 0.00919189 0.00934319 0.00904773 0.00878864 0.00844213 0.00813752 0.00845751 0.00888047 0.00919151 0.00907321 0.0089024 0.00873217 0.00862965 0.00954809 0.0103185 0.0101276 0.00915849 0.00982842 0.00972561 0.0102666 0.00936244 
0.00972497 0.00966134 0.00931556 0.00961176 0.00952887 0.00970178 0.00879279 0.00844631 0.011321 0.0102094 0.0107589 0.0125843 0.011466 0.0119629 0.0109447 0.0112767 0.00877506 0.0101275 0.0109 0.0106571 0.0163824 0.0438536 0.0299825 0.0112379 0.0136982 0.0167644 0.0214016 0.00651017 0.00347625 0.0070211 0.00322343 0.00322753 0.00326158 0 0.0452414 0.0231814 0.105381 0.065433 0.503026 0.0138068 0.00870106 0.00898426 0.00929854 0.00949263 0.0113755 0.0103818 0.0163835 0.0125033 0.0163304 0.014774 0.00852417 0.00822304 0.00824721 0.00859581 0.0118784 0.00955056 0.0106864 0.0138149 0.0112234 0.0107971 0.00917698 0.00955089 0.00921504 0.00898747 0.00861115 0.00831531 0.00854931 0.00883299 0.00883333 0.00862015 0.00860279 0.00916486 0.00952326 0.0101446 0.00984778 0.00941579 0.00980125 0.0119332 0.00964549 0.00936662 0.0105592 
0.00913057 0.00856299 0.0110623 0.00962691 0.0084593 0.00998399 0.00856523 0.00876769 0.00885274 0.00925302 0.0100366 0.0105051 0.010332 0.00917566 0.00982345 0.0105378 0.00928879 0.0100478 0.0102111 0.00918433 0.0123197 0.0466205 0.0327084 0.0256931 0.0317329 0.0173748 0.02405 0.157627 0.0354835 0.434345 0.0683315 0.0848495 0.0300171 0.0452414 0 0.00349057 0.00335156 0.00330477 0.00353255 0.0499406 0.0111263 0.00983005 0.0101211 0.0126593 0.0166251 0.0197115 0.0211255 0.014984 0.0123006 0.021519 0.0095765 0.00978195 0.00860909 0.00976762 0.0169228 0.0130895 0.0146777 0.011078 0.0126496 0.00935253 0.00883115 0.00910565 0.00857346 0.00834714 0.00819252 0.00821861 0.00831013 0.00829433 0.00839187 0.00842647 0.00839343 0.00849216 0.00859581 0.00872605 0.00886976 0.00905649 0.00952645 0.00951338 0.00878318 0.00911165 0.0103305 
0.00871759 0.00878644 0.0090702 0.0088324 0.00901442 0.00918182 0.00827914 0.00817179 0.00915809 0.0101919 0.0119708 0.0143123 0.0155875 0.0106363 0.0095013 0.00894947 0.00825079 0.00867927 0.00860749 0.00841889 0.00904814 0.025477 0.0369877 0.123456 0.0456245 0.0996253 0.0132 0.0112922 0.147731 0.0478188 0.598505 0.0859347 0.269412 0.0231814 0.00349057 0 0.00323494 0.00325572 0.00323716 0.0355316 0.0326081 0.0111412 0.0174396 0.0229656 0.0194261 0.11541 0.0342212 0.0441074 0.0420304 0.0121557 0.00903938 0.00852928 0.00838686 0.00874464 0.0127496 0.0421262 0.029706 0.0243283 0.0107684 0.00934145 0.00979078 0.0101783 0.00893709 0.00865824 0.00823983 0.00810629 0.00847075 0.00864743 0.00907274 0.00892839 0.00887571 0.00862949 0.00860196 0.00894622 0.00983874 0.00952565 0.0090344 0.00895731 0.00918255 0.00938366 0.00943596 
0.00855257 0.00881015 0.0085794 0.0086207 0.00968059 0.0096061 0.0083453 0.00815002 0.00876837 0.0102358 0.0155888 0.0194625 0.0148525 0.0117295 0.0101041 0.00835046 0.0080069 0.0080702 0.00815358 0.00828007 0.008432 0.011682 0.0887891 0.0331382 0.300387 0.0301186 0.0137562 0.0131324 0.0139708 0.256693 0.0511365 0.766446 0.0702118 0.105381 0.00335156 0.00323494 0 0.00324967 0.00333038 0.0303062 0.0141746 0.0485679 0.0169894 0.0168466 0.135293 0.0203981 0.244391 0.0438518 0.0286488 0.0118573 0.00845786 0.00846754 0.00821386 0.0084322 0.015532 0.0183282 0.0823558 0.0206506 0.0113493 0.0103435 0.0102299 0.0102878 0.0095598 0.00865154 0.00885215 0.00818246 0.00826369 0.00851078 0.0088549 0.0088387 0.00868799 0.00854567 0.00836304 0.00870001 0.00959656 0.00915022 0.00881775 0.00896387 0.00885822 0.00881136 0.00930392 
0.00861995 0.00849634 0.00877799 0.00888015 0.00876171 0.00865433 0.00811562 0.00806744 0.00893585 0.00930263 0.0111731 0.0112097 0.0128996 0.00956443 0.00890014 0.00821555 0.0080474 0.00850759 0.00839703 0.00834034 0.00846022 0.0207347 0.0133482 0.125631 0.0208115 0.0733419 0.0134947 0.00930174 0.0279413 0.0182669 0.165089 0.0241578 0.701397 0.065433 0.00330477 0.00325572 0.00324967 0 0.00338897 0.0141735 0.044086 0.00989665 0.0168963 0.0305014 0.0127224 0.0950126 0.0224591 0.0702685 0.050267 0.0146344 0.00867085 0.00851126 0.00833323 0.00923203 0.009689 0.0265566 0.0216339 0.0297913 0.0118096 0.00931474 0.00906839 0.00925457 0.00875042 0.00876698 0.00839631 0.00810049 0.00833564 0.00848778 0.00873567 0.00869887 0.00862839 0.00850512 0.00840033 0.0087111 0.00919798 0.00907786 0.00861265 0.00895881 0.00888942 0.00885408 0.00871324 
0.00886855 0.00849368 0.00859092 0.00860872 0.00851801 0.0086393 0.00817149 0.00831213 0.00955959 0.00884044 0.00875902 0.00918818 0.00945114 0.0093055 0.00869751 0.0128022 0.00834015 0.00890096 0.00907473 0.00906701 0.0108392 0.0121983 0.0495181 0.0100701 0.0153459 0.0168001 0.0183634 0.0211544 0.0097498 0.0279505 0.0136268 0.0487275 0.0201218 0.503026 0.00353255 0.00323716 0.00333038 0.00338897 0 0.0339116 0.00881607 0.0143048 0.0126083 0.0106451 0.0226728 0.0144235 0.0343797 0.0156972 0.0482399 0.03674 0.00953743 0.00879698 0.00855935 0.0088306 0.016615 0.00978523 0.0122832 0.0129773 0.0148991 0.00966115 0.00875123 0.00869923 0.00880258 0.00833353 0.00871616 0.00842329 0.0085074 0.00839489 0.00840642 0.00834391 0.00834837 0.00851878 0.00884892 0.00887466 0.00862423 0.00867247 0.00894663 0.0103384 0.00879153 0.00860074 0.0095464 
0.00800113 0.00804852 0.00841672 0.00803473 0.00802722 0.00819794 0.00795545 0.00810214 0.00823016 0.00809178 0.0087439 0.00813955 0.00881763 0.00815748 0.00826535 0.00913374 0.00815293 0.00812587 0.00836237 0.00813455 0.00857544 0.00955014 0.00877098 0.00896664 0.00895201 0.00919907 0.0113378 0.00868542 0.00850095 0.00978668 0.00971846 0.0100015 0.0116215 0.0138068 0.0499406 0.0355316 0.0303062 0.0141735 0.0339116 0 0.00368903 0.00319097 0.00550073 0.00324978 0.0034938 0.00333518 0.00347673 0.00435954 0.00415373 0.0156433 0.00939758 0.0112264 0.00913242 0.0115407 0.0145209 0.0107575 0.0108348 0.0126194 0.0183171 0.00870646 0.00833855 0.00872646 0.00832041 0.00848761 0.0085275 0.00831014 0.00812683 0.00808267 0.00806567 0.00821681 0.00806134 0.00874907 0.00826216 0.00832601 0.00816946 0.00817592 0.00868142 0.00822294 0.00811118 0.00821213 0.00910453 
0.00803325 0.00810094 0.00807107 0.00806238 0.00809415 0.00811879 0.00795838 0.00805267 0.00802698 0.00816947 0.00812293 0.00818322 0.00827332 0.00821307 0.00806597 0.00803231 0.00794407 0.00793178 0.00797374 0.00797269 0.0078961 0.00838512 0.00845556 0.00933791 0.00868008 0.0090018 0.00838727 0.00808644 0.00862928 0.00939446 0.0107977 0.00967447 0.0139494 0.00870106 0.0111263 0.0326081 0.0141746 0.044086 0.00881607 0.00368903 0 0.00323536 0.00318471 0.00321378 0.00316828 0.0043127 0.00382322 0.00367893 0.00929768 0.00441401 0.00869315 0.00846912 0.00821929 0.00838499 0.00871861 0.0121827 0.00993287 0.0129118 0.00890408 0.00831954 0.00839921 0.00847292 0.00827693 0.00824007 0.0080995 0.00801003 0.00811618 0.00812523 0.00814848 0.00814191 0.00811243 0.00812597 0.00804793 0.00824337 0.00830185 0.00835639 0.00833589 0.00818785 0.00828308 0.00833055 0.00830367 
0.00806918 0.00814404 0.0080217 0.00808996 0.00810647 0.00815839 0.00794213 0.00806412 0.00797203 0.00819851 0.00827125 0.00833541 0.00834139 0.00824969 0.00812478 0.00806144 0.00792894 0.00792429 0.00791975 0.00796559 0.00794214 0.00821153 0.00919503 0.00899989 0.010542 0.00871421 0.00839632 0.00814038 0.0082939 0.0135506 0.0103384 0.0173056 0.00921832 0.00898426 0.00983005 0.0111412 0.0485679 0.00989665 0.0143048 0.00319097 0.00323536 0 0.00317885 0.0031811 0.00326295 0.00346726 0.0033183 0.00449535 0.00345186 0.00394681 0.00809549 0.00811823 0.00809218 0.00805176 0.00973106 0.00939626 0.0138527 0.00932103 0.00955924 0.00847737 0.00848024 0.00869466 0.00863871 0.00826628 0.00816317 0.00797089 0.00809997 0.00817261 0.00819344 0.00820392 0.00816777 0.00812482 0.00809058 0.00821859 0.0083226 0.00825721 0.00825782 0.00821063 0.0082566 0.00825193 0.00830626 
0.00801546 0.00811979 0.00807144 0.00811921 0.00811674 0.008172 0.00795829 0.007995 0.00815986 0.00825597 0.00835716 0.00832765 0.00851418 0.0083033 0.00816548 0.00809876 0.00797177 0.0079523 0.00797654 0.00801144 0.00794325 0.00852602 0.00901833 0.0102806 0.0109111 0.00895988 0.00863504 0.00807913 0.00868924 0.0115065 0.01602 0.0134316 0.0107251 0.00929854 0.0101211 0.0174396 0.0169894 0.0168963 0.0126083 0.00550073 0.00318471 0.00317885 0 0.00319472 0.00322507 0.00329551 0.00453331 0.00329692 0.00343238 0.00325253 0.00860719 0.00831649 0.00811945 0.00872134 0.00935 0.0124525 0.0127128 0.0102312 0.00934393 0.00845438 0.00882937 0.00898903 0.00888658 0.00825704 0.00819939 0.00804736 0.00809579 0.00820254 0.00817925 0.00820612 0.00813823 0.0081592 0.00809356 0.00827467 0.00837869 0.0082764 0.0082518 0.00818385 0.00827812 0.00825851 0.00829121 
