1HQSA
MAQGEKITVSNGVLNVPNNPIIPFIEGDGTGPDIWNAASKVLEAAVEKAYKGEKKITWKEVYAGEKAYNKTGEWLPAETLDVIREYFIAIKGPLTTPVGGGIRSLNVALRQELDLFVXLRPVRYFTGVPSPVKRPEDTDMVIFRENTEDIYAGIEYAKGSEEVQKLISFLQNELNVNKIRFPETSGIGIKPVSEEGTSRLVRAAIDYAIEHGRKSVTLVHKGNIMKFTEGAFKNWGYELAEKEYGDKVFTWAQYDRIAEEQGKDAANKAQSEAEAAGKIIIKDSIADIFLQQILTRPNEFDVVATMNLNGDYISDALAAQVGGIGIAPGANINYETGHAIFEATHGTAPKYAGLDKVNPSSVILSGVLLLEHLGWNEAADLVIKSMEKTIASKVVTYDFARLMDGATEVKCSEFGEELIKNMD
CCCCECCEEECCEEECCCCEEEEEECCCCCHHHHHHHHHHHHHHHHHHHHCCCCCCEEEECCCCHHHHHHHCCCCCHHHHHHHHHHCEEEECCCCCCCCCCCCCHHHHHHHHCCCCEEEEEEECCCCCCCCECCHHHCEEEEEEECCCHHHHCCEECCCCHHHHHHHHHHHHHCCCCCCCCHHHEEEEEEEEEHHHHHHHHHHHHHHHHHHCCCEEEEEECCCCCCCCHHHHHHHHHHHHHHHHHHHEEEHHHHHHHHHHHHHHHHHHHHHHHHHCCCEEEEEEEHHHHHHHHHHCHHHCCEEEECHHHHHHHHHHHHHHCCCCCCCEEEEECCCCCCEEEEECCCCCHHHCCCCCCCCHHHHHHHHHHHHHHCCHHHHHHHHHHHHHHHHCCEECHHHHCCCCCCEECCHHHHHHHHHHCCC
0 0 0 0 0 0 0 0 0 0 0 0 0 0 0 0 0 0 0 0 0 0 0 0 0 0 0 0 0 0 0 0 0 0 0 0 0 0 0 0 0 0 0 0 0 0 0 0 0 0 0 0 0 0 0 0 0 0 0 0 0 0 0 0 0 0 0 0 0 0 0 0 0 0 0 0 0 0 0 0 0 0 0 0 0 0 0 0 0 0 0 0 0 0 0 0 0 0 0 0 0 0 0 0 0 0 0 0 0 0 0 0 0 0 0 0 0 0 0 0 0 0 0 0 0 0 0 0 0 0 0 0 0 0 0 0 0 0 0 0 0 0 0 0 0 0 0 0 0 0 0 0 0 0 0 0 0 0 0 0 0 0 0 0 0 0 0 0 0 0 0 0 0 0 0 0 0 0 0 0 0 0 0 0 0 0 0 0 0 0 0 0 0 0 0 0 0 0 0 0 0 0 0 0 0 0 0 0 0 0 0 0 0 0 0 0 0 0 0 0 0 0 0 0 0 0 0 0 0 0 0 0 0 0 0 0 0 0 0 0 0 0 0 0 0 0 0 0 0 0 0 0 0 0 0 0 0 0 0 0 0 0 0 0 0 0 0 0 0 0 0 0 0 0 0 0 0 0 0 0 0 0 0 0 0 0 0 0 0 0 0 0 0 0 0 0 0 0 0 0 0 0 0 0 0 0 0 0 0 0 0 0 0 0 0 0 0 0 0 0 0 0 0 0 0 0 0 0 0 0 0 0 0 0 0 0 0 0 0 0 0 0 0 0 0 0 0 0 0 0 0 0 0 0 0 0 0 0 0 0 0 0 0 0 0 0 0 0 0 0 0 0 0 0 0 0 0 0 0 0 0 0 0 0 0 0 0 0 0 0 0 0 0 0 0 0 0 0 0 0 0 0 0 0 0 0 0 0 0 0 0 0 0 0 0 0 0 0 0 0 0 0 0 
0 0 0 0 0 0 0 0 0 0 0 0 0 0 0 0 0 0 0 0 0 0 0 0 0 0 0 0 0 0 0 0 0 0 0 0 0 0 0 0 0 0 0 0 0 0 0 0 0 0 0 0 0 0 0 0 0 0 0 0 0 0 0 0 0 0 0 0 0 0 0 0 0 0 0 0 0 0 0 0 0 0 0 0 0 0 0 0 0 0 0 0 0 0 0 0 0 0 0 0 0 0 0 0 0 0 0 0 0 0 0 0 0 0 0 0 0 0 0 0 0 0 0 0 0 0 0 0 0 0 0 0 0 0 0 0 0 0 0 0 0 0 0 0 0 0 0 0 0 0 0 0 0 0 0 0 0 0 0 0 0 0 0 0 0 0 0 0 0 0 0 0 0 0 0 0 0 0 0 0 0 0 0 0 0 0 0 0 0 0 0 0 0 0 0 0 0 0 0 0 0 0 0 0 0 0 0 0 0 0 0 0 0 0 0 0 0 0 0 0 0 0 0 0 0 0 0 0 0 0 0 0 0 0 0 0 0 0 0 0 0 0 0 0 0 0 0 0 0 0 0 0 0 0 0 0 0 0 0 0 0 0 0 0 0 0 0 0 0 0 0 0 0 0 0 0 0 0 0 0 0 0 0 0 0 0 0 0 0 0 0 0 0 0 0 0 0 0 0 0 0 0 0 0 0 0 0 0 0 0 0 0 0 0 0 0 0 0 0 0 0 0 0 0 0 0 0 0 0 0 0 0 0 0 0 0 0 0 0 0 0 0 0 0 0 0 0 0 0 0 0 0 0 0 0 0 0 0 0 0 0 0 0 0 0 0 0 0 0 0 0 0 0 0 0 0 0 0 0 0 0 0 0 0 0 0 0 0 0 0 0 0 0 0 0 0 0 0 0 0 0 0 0 0 0 0 0 0 0 0 0 0 0 0 0 0 0 0 0 0 0 0 0 
0 0.0237837 0.00664501 0.00970312 0.0121761 0.0162942 0.0196362 0.0351745 0.0108985 0.00817238 0.00839484 0.0118932 0.0230916 0.0124908 0.00896777 0.00862782 0.0108627 0.011642 0.0086145 0.00907177 0.0115906 0.0101931 0.00813908 0.00827992 0.00800232 0.00806287 0.0082434 0.00882889 0.0153442 0.00896486 0.00821163 0.00805511 0.00809889 0.00811572 0.00816012 0.00875148 0.00910755 0.00877481 0.00843545 0.00799209 0.0079748 0.00802392 0.00802347 0.00800218 0.00795462 0.00801891 0.00838754 0.00899977 0.00814013 0.0080776 0.00813657 0.00813716 0.00852883 0.00853495 0.00812563 0.00866742 0.00963775 0.0084908 0.00825457 0.00822928 0.00826305 0.00830337 0.00870621 0.00903014 0.00858882 0.00838686 0.00947616 0.00864804 0.00837013 0.00826533 0.00863796 0.0094012 0.009145 0.00865818 0.0085135 0.008708 0.00967572 0.0125328 0.0125788 0.0148877 0.0148871 
0.0237837 0 0.0038462 0.00439078 0.00858944 0.0114216 0.926572 0.0103425 0.0110082 0.00806103 0.0111338 0.0157671 0.024851 0.0210748 0.00871191 0.00969088 0.0152076 0.0102266 0.00979406 0.0095716 0.0134767 0.00905572 0.0085597 0.00842419 0.00836379 0.00833018 0.00821239 0.00951547 0.00953306 0.00919786 0.00817716 0.00854453 0.00855944 0.0082755 0.00834798 0.00868516 0.00854267 0.00837294 0.00807353 0.00804632 0.00813759 0.00817188 0.00810823 0.00810704 0.00812214 0.00811237 0.00838487 0.00900891 0.00810948 0.0083982 0.00818154 0.00810442 0.00853348 0.0082118 0.00811794 0.00859519 0.00859014 0.00850838 0.00832752 0.00824485 0.00817668 0.00829875 0.00848181 0.00881431 0.00856504 0.00837666 0.00935468 0.00839566 0.00820634 0.0081991 0.00877982 0.00913863 0.0089957 0.0085479 0.00856032 0.00889315 0.00950065 0.0114216 0.0118344 0.0122894 0.0142806 
0.00664501 0.0038462 0 0.0034847 0.00540711 0.974496 0.00590707 0.00830537 0.0088578 0.00798864 0.00837375 0.02742 0.0102758 0.00890869 0.0122998 0.00916621 0.00857879 0.0097394 0.00957404 0.0102722 0.00871461 0.00854984 0.00841986 0.00840296 0.0082272 0.00811176 0.00861292 0.00815511 0.0085854 0.00804478 0.00840812 0.00834395 0.00833403 0.00834595 0.00820008 0.00810726 0.00820826 0.00819992 0.00811141 0.00816795 0.0081038 0.00818022 0.00810651 0.00813144 0.00809993 0.00812057 0.0080802 0.00809023 0.00828036 0.00825939 0.00826658 0.00818697 0.00807189 0.00829545 0.00809398 0.00810019 0.00879396 0.00848626 0.00833867 0.00826551 0.00830032 0.00830216 0.00831564 0.00847081 0.00865983 0.0083857 0.00838646 0.00820274 0.00834193 0.00833196 0.00846136 0.00841137 0.00862311 0.00872978 0.0085703 0.00861987 0.00867134 0.00993137 0.0100052 0.0106286 0.0108858 
0.00970312 0.00439078 0.0034847 0 0.990194 0.0040658 0.00401191 0.0112059 0.00866645 0.00714905 0.00993958 0.0110753 0.0104544 0.0163143 0.00889257 0.00843785 0.00908247 0.0114334 0.0089767 0.00856176 0.0100219 0.00977441 0.00829557 0.00819654 0.0080492 0.00810079 0.00808948 0.00824656 0.00991247 0.00887583 0.00826624 0.00826701 0.00824737 0.00823756 0.00807649 0.00819209 0.00853376 0.00810355 0.00846326 0.00808691 0.00817213 0.00808168 0.00805564 0.00805807 0.00799373 0.00798218 0.00803647 0.00843771 0.00816686 0.0081012 0.0082023 0.00810526 0.00807604 0.00840308 0.00803138 0.00807648 0.00870085 0.0082885 0.00823754 0.00816692 0.0081926 0.00813404 0.00818813 0.00852731 0.00840734 0.00822573 0.00839135 0.00830308 0.00827891 0.00819711 0.00825982 0.00830061 0.00874332 0.00844131 0.00837487 0.0083153 0.00855336 0.010771 0.0100843 0.0125065 0.0119812 
0.0121761 0.00858944 0.00540711 0.990194 0 0.00357805 0.00361872 0.00513339 0.00969727 0.01366 0.0205784 0.0088177 0.0116308 0.0258566 0.00854272 0.0100576 0.0145125 0.0102903 0.0111561 0.00937122 0.0132529 0.00882337 0.0084894 0.00835332 0.00839064 0.00828229 0.00821126 0.00955921 0.00937529 0.00900927 0.00814996 0.0084244 0.00849276 0.00827679 0.00840084 0.00879997 0.00849631 0.00829667 0.00801356 0.00801414 0.00808394 0.00813554 0.00809586 0.00808881 0.00807195 0.00809943 0.00837213 0.00874019 0.00799087 0.00823185 0.00812201 0.00807264 0.00848528 0.00821205 0.00803621 0.00846141 0.00842857 0.00835853 0.0082109 0.00815909 0.00815141 0.00821581 0.00838892 0.00856436 0.00831858 0.00827212 0.00900121 0.00825523 0.00816861 0.00815473 0.00839029 0.00878211 0.00854264 0.00842868 0.0083914 0.00851784 0.00918478 0.0103028 0.0105303 0.0110935 0.0127103 
0.0162942 0.0114216 0.974496 0.0040658 0.00357805 0 0.00336029 0.00669573 0.0223913 0.0198073 0.00614636 0.0102583 0.00825731 0.0088377 0.0206106 0.00916387 0.008861 0.0111084 0.0111274 0.013735 0.00902564 0.00926314 0.00903815 0.00881212 0.00831428 0.00821032 0.00941451 0.00816346 0.00918957 0.00802591 0.00952874 0.00847026 0.00853519 0.00856601 0.00849287 0.00825654 0.00813931 0.00848056 0.00832539 0.0082899 0.00820618 0.00825816 0.00824114 0.00817479 0.00820177 0.00819407 0.00809702 0.00804793 0.00830795 0.00832912 0.00837343 0.00832924 0.00814842 0.00874133 0.00818649 0.00811063 0.00897495 0.00857277 0.00848329 0.00834197 0.00837756 0.00838479 0.00842597 0.00853259 0.00878035 0.0086263 0.00849862 0.00821134 0.00850723 0.00841557 0.00865566 0.00886187 0.00875898 0.00888468 0.00879543 0.00880855 0.00880354 0.00998883 0.0101292 0.0102977 0.010463 
0.0196362 0.926572 0.00590707 0.00401191 0.00361872 0.00336029 0 0.0365041 0.0183707 0.00421258 0.00583773 0.00689247 0.00858293 0.041406 0.00886441 0.00931347 0.0109846 0.0137703 0.0106373 0.00998548 0.0183809 0.0111409 0.00911298 0.00862814 0.00840583 0.00847342 0.00838926 0.0105612 0.0097832 0.0105522 0.00871932 0.00903454 0.0090899 0.00871692 0.0083399 0.0086716 0.0091531 0.00817192 0.00864756 0.00829525 0.00837963 0.00830799 0.00824486 0.00819166 0.0082647 0.00826571 0.0080757 0.00870213 0.00838046 0.00837487 0.00849446 0.00817015 0.00825811 0.00845594 0.00813396 0.00804674 0.00883063 0.00843764 0.00827232 0.0082271 0.00819084 0.00816962 0.00830189 0.00889068 0.00856686 0.00830156 0.00850776 0.00834908 0.0083195 0.00821853 0.00848379 0.00838577 0.00889337 0.00865563 0.00843001 0.00855955 0.0085426 0.010572 0.00967261 0.0116712 0.0115361 
0.0351745 0.0103425 0.00830537 0.0112059 0.00513339 0.00669573 0.0365041 0 0.00323215 0.00323191 0.00319863 0.00323246 0.00373929 0.10436 0.0130343 0.00920501 0.0168478 0.0217857 0.0136839 0.0107655 0.0130524 0.0124034 0.00891963 0.009098 0.00856371 0.00859465 0.0095112 0.00897106 0.0100855 0.00852663 0.00882294 0.00870342 0.00918858 0.00900969 0.00862558 0.00940695 0.0083254 0.00875176 0.00823985 0.0082279 0.00824662 0.00827429 0.00834628 0.00839783 0.00822519 0.0083847 0.00834268 0.00830413 0.00814966 0.00827704 0.0083603 0.00823272 0.0083511 0.00835186 0.0080892 0.00838534 0.00861469 0.0083965 0.00837123 0.00830875 0.00828016 0.00826747 0.00833537 0.00852559 0.00839726 0.00836875 0.00884753 0.00821529 0.00830909 0.00825645 0.00837705 0.00851986 0.00842219 0.00849935 0.00850353 0.00835104 0.00857459 0.00930108 0.00960647 0.00970223 0.0100043 
0.0108985 0.0110082 0.0088578 0.00866645 0.00969727 0.0223913 0.0183707 0.00323215 0 0.00325804 0.00318495 0.00333364 0.0032948 0.113954 0.0249745 0.0189883 0.0101709 0.0132126 0.0460166 0.0140076 0.0122707 0.0106301 0.016927 0.0121983 0.0109838 0.0096831 0.00989771 0.00897181 0.0086687 0.00841062 0.0106982 0.0126652 0.0122556 0.0106189 0.0101388 0.00861735 0.00831045 0.00837984 0.0082493 0.00850509 0.00864383 0.00882243 0.00892134 0.00858629 0.00861623 0.00846272 0.00833519 0.008193 0.00844286 0.00855808 0.0087055 0.00842766 0.00826059 0.00809383 0.00824949 0.0082502 0.00837835 0.00858507 0.00860868 0.0084547 0.00847442 0.0083784 0.00862224 0.00832144 0.00872928 0.00854902 0.0084531 0.0081985 0.00843297 0.00841884 0.00859409 0.00834877 0.00848948 0.00886238 0.0086923 0.00867932 0.00850049 0.00881774 0.00904048 0.00893397 0.00933776 
0.00817238 0.00806103 0.00798864 0.00714905 0.01366 0.0198073 0.00421258 0.00323191 0.00325804 0 0.00321642 0.00322972 0.00326456 0.0407042 0.153326 0.0188881 0.00986876 0.0199158 0.0354328 0.0361728 0.0113361 0.0142986 0.0176422 0.0360147 0.0173956 0.013755 0.0108474 0.00886482 0.00826989 0.00838152 0.0134728 0.0215695 0.0284682 0.0178655 0.0102948 0.00880499 0.00821959 0.00830358 0.00839599 0.00880064 0.00982607 0.00990648 0.00968124 0.00913938 0.00967813 0.00869619 0.0083049 0.00832255 0.0086676 0.00995379 0.00994426 0.00885654 0.00828774 0.00833884 0.00826838 0.00823965 0.0085916 0.00870561 0.008915 0.00898876 0.0088358 0.0085573 0.00850578 0.00859293 0.00908564 0.00893251 0.00844186 0.00827882 0.00851262 0.008566 0.00868347 0.00836228 0.0087074 0.00918204 0.00893322 0.00882375 0.00838024 0.00885131 0.00894306 0.00881703 0.00899202 
0.00839484 0.0111338 0.00837375 0.00993958 0.0205784 0.00614636 0.00583773 0.00319863 0.00318495 0.00321642 0 0.00322637 0.00323018 0.0271552 0.0529109 0.0560704 0.0226324 0.0153769 0.0674683 0.0257106 0.0141978 0.0109097 0.025228 0.0241341 0.0229382 0.012688 0.0100726 0.0093143 0.00822692 0.00876727 0.0127287 0.0295204 0.0266015 0.0170559 0.0102585 0.00871389 0.00826317 0.00830689 0.00844518 0.00887936 0.0099994 0.0100429 0.00954734 0.00915447 0.00914653 0.00860989 0.00832013 0.00825182 0.00875491 0.00918074 0.00954559 0.00870366 0.00854208 0.00831231 0.00821795 0.00823759 0.00853838 0.00880562 0.00918809 0.00866027 0.00874932 0.0085096 0.00856166 0.00866622 0.00917525 0.00896126 0.00848835 0.00828432 0.00852641 0.00883422 0.00868248 0.00834845 0.00873358 0.00918424 0.00928312 0.00887652 0.00836225 0.00892097 0.00908791 0.00890393 0.00923676 
0.0118932 0.0157671 0.02742 0.0110753 0.0088177 0.0102583 0.00689247 0.00323246 0.00333364 0.00322972 0.00322637 0 0.0035466 0.0202359 0.026232 0.116517 0.0612512 0.0175388 0.0413275 0.128721 0.0176945 0.012174 0.0210503 0.0198733 0.012569 0.0103624 0.0112192 0.0116628 0.00869324 0.00885095 0.0117373 0.0181542 0.019792 0.0132862 0.0131815 0.00904124 0.00850449 0.00849359 0.00859207 0.00898148 0.00944509 0.00943164 0.00918941 0.00893414 0.00913081 0.00871845 0.0083179 0.00847731 0.00866554 0.00901342 0.00940844 0.0089561 0.0086511 0.00837401 0.00865316 0.00825743 0.00868192 0.009 0.00959987 0.00870439 0.00884655 0.00863365 0.00881248 0.00867716 0.00973333 0.0090076 0.00875199 0.00826839 0.00874083 0.00862717 0.00879294 0.00840731 0.00883968 0.0092166 0.00919336 0.00893737 0.00841757 0.00916259 0.00915061 0.00920202 0.00926726 
0.0230916 0.024851 0.0102758 0.0104544 0.0116308 0.00825731 0.00858293 0.00373929 0.0032948 0.00326456 0.00323018 0.0035466 0 0.0142021 0.0175011 0.0400842 0.137913 0.0208624 0.0124756 0.0213253 0.0393029 0.0164005 0.00992297 0.00986261 0.00886636 0.00873747 0.0110448 0.00919261 0.0108659 0.00906067 0.00979924 0.00984779 0.0105053 0.00999268 0.00892667 0.0100814 0.00835655 0.00837868 0.0098314 0.00841758 0.00858367 0.00857356 0.00874797 0.00840179 0.00872572 0.00847245 0.00833993 0.00832442 0.00830513 0.00851968 0.00936774 0.00849914 0.00871167 0.00845896 0.00824676 0.00812245 0.00862492 0.00877314 0.00897246 0.00825373 0.00826074 0.0083877 0.00847782 0.0086956 0.00887735 0.00863496 0.00856467 0.00822808 0.00840951 0.00829354 0.00848757 0.00841225 0.00873347 0.00872915 0.00874298 0.00854512 0.00857035 0.00919528 0.00944837 0.00969115 0.00981311 
0.0124908 0.0210748 0.00890869 0.0163143 0.0258566 0.0088377 0.041406 0.10436 0.113954 0.0407042 0.0271552 0.0202359 0.0142021 0 0.00321664 0.0033278 0.00400524 0.0358983 0.0198645 0.0113558 0.0414346 0.0119392 0.0107149 0.00888685 0.0105965 0.00898855 0.00862968 0.0164833 0.00913464 0.012461 0.00841054 0.0105351 0.010225 0.00873753 0.00964777 0.00995794 0.00966191 0.00834437 0.00816047 0.0082439 0.00820168 0.00849053 0.00827963 0.00856766 0.00833029 0.00828883 0.00879056 0.0089097 0.00806301 0.00902283 0.00836998 0.00820081 0.00842458 0.00802445 0.00807245 0.00831346 0.00836068 0.00827104 0.00812001 0.00812174 0.00819645 0.00815988 0.00837999 0.0084176 0.00835574 0.00811723 0.00878622 0.00820197 0.008191 0.00811915 0.00856161 0.00828198 0.00840235 0.00834313 0.00823958 0.00846167 0.00848433 0.00913158 0.00941097 0.00951482 0.0104286 
0.00896777 0.00871191 0.0122998 0.00889257 0.00854272 0.0206106 0.00886441 0.0130343 0.0249745 0.153326 0.0529109 0.026232 0.0175011 0.00321664 0 0.00341499 0.00324784 0.0279223 0.0256575 0.0548867 0.0110976 0.0102838 0.00969442 0.0157479 0.00904883 0.00973552 0.0119204 0.00856411 0.00892807 0.00813433 0.0120283 0.0106007 0.0119257 0.00978434 0.00876257 0.00859914 0.00812982 0.00861431 0.00822711 0.00829858 0.00862728 0.00853918 0.00866685 0.00840641 0.00841468 0.00842377 0.00825213 0.00804041 0.00855576 0.00841112 0.00853749 0.00835426 0.00817846 0.00817975 0.00818995 0.00821793 0.00838571 0.00833933 0.00844692 0.00828359 0.00831408 0.00824391 0.00825806 0.00830651 0.0084584 0.00832864 0.00838908 0.00820511 0.00838452 0.00836761 0.0083168 0.00836449 0.00835581 0.00859105 0.00854079 0.00842047 0.00851155 0.00848828 0.00876814 0.00867936 0.00890916 
0.00862782 0.00969088 0.00916621 0.00843785 0.0100576 0.00916387 0.00931347 0.00920501 0.0189883 0.0188881 0.0560704 0.116517 0.0400842 0.0033278 0.00341499 0 0.00330187 0.0122283 0.0437214 0.0560855 0.0127639 0.00951116 0.0136148 0.00938044 0.0100168 0.00894339 0.00906573 0.00882618 0.00838168 0.0085915 0.00995832 0.00995703 0.00996944 0.00951405 0.00933738 0.00849637 0.00836363 0.00824206 0.00822077 0.00839778 0.008389 0.00856961 0.00830148 0.00820201 0.00830163 0.0084556 0.00821066 0.00807267 0.00819552 0.00830243 0.00842896 0.00827323 0.00819291 0.00807324 0.00812209 0.00804074 0.00818463 0.00819589 0.00829239 0.00809171 0.00813901 0.0081275 0.00812349 0.00815995 0.00827444 0.00819277 0.00815885 0.00811313 0.00821279 0.00824055 0.00825535 0.00819731 0.00828245 0.00834018 0.00830658 0.00829786 0.00821028 0.00830996 0.00849889 0.00838706 0.00858753 
0.0108627 0.0152076 0.00857879 0.00908247 0.0145125 0.008861 0.0109846 0.0168478 0.0101709 0.00986876 0.0226324 0.0612512 0.137913 0.00400524 0.00324784 0.00330187 0 0.0350395 0.0159851 0.029461 0.0828063 0.0132007 0.0106973 0.00980473 0.00901034 0.00859462 0.00896913 0.00930849 0.0106962 0.0115505 0.00876204 0.0094466 0.00911209 0.0088798 0.00861589 0.00877295 0.00897279 0.00825589 0.00984312 0.00829854 0.00839797 0.0083609 0.00821129 0.00816592 0.00817356 0.00817356 0.00827522 0.00890413 0.00817615 0.0085387 0.00825215 0.00822011 0.00831481 0.00824234 0.00809191 0.00813828 0.00835987 0.0083082 0.00826795 0.00813364 0.0081656 0.00812388 0.00822316 0.00839187 0.00832819 0.00821429 0.00833256 0.00821127 0.00819136 0.00822742 0.00823712 0.00824696 0.00842993 0.00836778 0.00829074 0.00826808 0.00827689 0.00860666 0.00865392 0.00914908 0.00895658 
0.011642 0.0102266 0.0097394 0.0114334 0.0102903 0.0111084 0.0137703 0.0217857 0.0132126 0.0199158 0.0153769 0.0175388 0.0208624 0.0358983 0.0279223 0.0122283 0.0350395 0 0.00329768 0.00326491 0.00354263 0.246385 0.0225907 0.0303755 0.0144263 0.0178607 0.0197912 0.0206392 0.0185039 0.0137619 0.0252222 0.0184113 0.0203665 0.0162075 0.0125649 0.0207079 0.00963273 0.0128843 0.0105209 0.00916478 0.0111811 0.00971089 0.0115072 0.00918022 0.00979641 0.00949753 0.0118188 0.00933019 0.0101992 0.00944594 0.00958944 0.00973758 0.0103656 0.00918763 0.00856627 0.00976285 0.00960481 0.00852038 0.00945989 0.00887366 0.00858838 0.00873672 0.00948972 0.00933188 0.00915744 0.00870179 0.00963637 0.00850206 0.00836657 0.0083941 0.00827266 0.00861623 0.00867009 0.00871235 0.00875744 0.00845543 0.0091998 0.00851048 0.00955363 0.00846058 0.00903315 
0.0086145 0.00979406 0.00957404 0.0089767 0.0111561 0.0111274 0.0106373 0.0136839 0.0460166 0.0354328 0.0674683 0.0413275 0.0124756 0.0198645 0.0256575 0.0437214 0.0159851 0.00329768 0 0.00327431 0.00324844 0.111003 0.229783 0.0293712 0.0566698 0.0293481 0.0237005 0.0151906 0.00977698 0.0116812 0.0385994 0.0690609 0.0593515 0.0327189 0.0345781 0.0112364 0.00961227 0.00941944 0.0098635 0.0147238 0.015875 0.0242204 0.0141479 0.0158581 0.0132232 0.0116253 0.00890089 0.00954866 0.0101577 0.0133286 0.0128241 0.0114324 0.00901424 0.00840565 0.00850621 0.00852981 0.0087838 0.00936447 0.00926316 0.00886765 0.00896124 0.00868811 0.00874323 0.00868316 0.010374 0.00878345 0.00868054 0.00822178 0.00846864 0.00852558 0.00863083 0.00829677 0.00861276 0.0097144 0.00879047 0.00872274 0.00830827 0.00853406 0.00879283 0.00843031 0.00864162 
0.00907177 0.0095716 0.0102722 0.00856176 0.00937122 0.013735 0.00998548 0.0107655 0.0140076 0.0361728 0.0257106 0.128721 0.0213253 0.0113558 0.0548867 0.0560855 0.029461 0.00326491 0.00327431 0 0.00341758 0.0347032 0.0615834 0.118652 0.0334594 0.0366646 0.0867714 0.0219411 0.012008 0.0103392 0.0352749 0.0372679 0.0464164 0.0564144 0.0354381 0.0165563 0.00951845 0.0108061 0.0100102 0.0118922 0.0195989 0.0136053 0.0191136 0.0105217 0.0130291 0.0113217 0.0090814 0.00912152 0.0106795 0.0110327 0.0131694 0.0117027 0.00923967 0.00869324 0.00871835 0.00833555 0.00878472 0.00877866 0.00950936 0.00873766 0.00876078 0.00876548 0.00849993 0.00873832 0.00917635 0.00903638 0.00838168 0.00812227 0.00841756 0.00839218 0.00843708 0.00828963 0.00855034 0.00876088 0.00868801 0.00848242 0.00826835 0.00838779 0.0086796 0.00837849 0.00839002 
0.0115906 0.0134767 0.00871461 0.0100219 0.0132529 0.00902564 0.0183809 0.0130524 0.0122707 0.0113361 0.0141978 0.0176945 0.0393029 0.0414346 0.0110976 0.0127639 0.0828063 0.00354263 0.00324844 0.00341758 0 0.0237581 0.0324091 0.0332545 0.0372949 0.01545 0.0335164 0.147331 0.0205366 0.0187503 0.0120119 0.0159132 0.024651 0.0138426 0.0158466 0.0184024 0.0145611 0.00989784 0.0128251 0.00991893 0.010467 0.0100746 0.00979662 0.00909304 0.00892926 0.00996491 0.0101179 0.0104333 0.00907618 0.00939122 0.00916728 0.00954506 0.0107238 0.00930706 0.00857511 0.00859284 0.00912285 0.00879757 0.00890893 0.00825047 0.00862953 0.00859543 0.00906988 0.00904586 0.00923133 0.00855705 0.0085952 0.00825339 0.00821863 0.00821305 0.00837194 0.00828232 0.0089758 0.00870133 0.00864809 0.00840567 0.00837382 0.00859612 0.00866576 0.0088154 0.00852989 
0.0101931 0.00905572 0.00854984 0.00977441 0.00882337 0.00926314 0.0111409 0.0124034 0.0106301 0.0142986 0.0109097 0.012174 0.0164005 0.0119392 0.0102838 0.00951116 0.0132007 0.246385 0.111003 0.0347032 0.0237581 0 0.00376498 0.00338664 0.00324402 0.00324106 0.00380423 0.00433964 0.0162715 0.0305767 0.021214 0.0258855 0.0151725 0.0192524 0.015004 0.49116 0.0113515 0.0179884 0.0130995 0.0103649 0.0142893 0.0108051 0.0145965 0.00988751 0.0116789 0.0110842 0.0151709 0.0130969 0.0111097 0.0100797 0.0109107 0.0105197 0.0136084 0.00913956 0.00859896 0.00970905 0.0101952 0.00871964 0.00913351 0.00870398 0.00862209 0.00875643 0.00942795 0.00997755 0.0090319 0.00877743 0.00909691 0.00843896 0.00828724 0.00830653 0.00823363 0.00861576 0.00856346 0.0084998 0.0086577 0.00842457 0.00882409 0.0083979 0.00908046 0.00827193 0.0087483 
0.00813908 0.0085597 0.00841986 0.00829557 0.0084894 0.00903815 0.00911298 0.00891963 0.016927 0.0176422 0.025228 0.0210503 0.00992297 0.0107149 0.00969442 0.0136148 0.0106973 0.0225907 0.229783 0.0615834 0.0324091 0.00376498 0 0.00323246 0.003214 0.00319828 0.00321905 0.00342868 0.00842777 0.0104342 0.046597 0.0239536 0.0526983 0.0167258 0.505954 0.010778 0.0112871 0.0109036 0.0104984 0.0197164 0.0183697 0.0328356 0.0156205 0.021909 0.0191328 0.0137535 0.00986849 0.0101618 0.0123607 0.0217756 0.0155764 0.01585 0.00991574 0.0086568 0.00855033 0.00844822 0.00858791 0.00899884 0.00933619 0.00908697 0.00898764 0.00871097 0.00857055 0.00862513 0.00944785 0.00884142 0.00847101 0.00817956 0.00846876 0.00844818 0.00836938 0.00823499 0.00836898 0.00897481 0.00851872 0.00845376 0.00819765 0.00831657 0.00877748 0.00822955 0.00842032 
0.00827992 0.00842419 0.00840296 0.00819654 0.00835332 0.00881212 0.00862814 0.009098 0.0121983 0.0360147 0.0241341 0.0198733 0.00986261 0.00888685 0.0157479 0.00938044 0.00980473 0.0303755 0.0293712 0.118652 0.0332545 0.00338664 0.00323246 0 0.00330314 0.00323159 0.0032169 0.00325796 0.00692561 0.0105143 0.0186836 0.0577135 0.0209404 0.614514 0.0110082 0.0132592 0.00910877 0.00947058 0.0117389 0.0126345 0.0530999 0.0174293 0.0553361 0.0177949 0.0301001 0.0114438 0.00966372 0.00897716 0.0165541 0.0169831 0.0353532 0.0145535 0.0099652 0.00912832 0.0084867 0.00852417 0.00888602 0.00897518 0.0100098 0.00910999 0.00929772 0.00885131 0.00858638 0.00902034 0.00918075 0.00881935 0.00861697 0.00825999 0.00843187 0.00861684 0.00836506 0.00828098 0.00846215 0.00912416 0.00866203 0.00834948 0.0081928 0.00833754 0.00832104 0.00824977 0.00825692 
0.00800232 0.00836379 0.0082272 0.0080492 0.00839064 0.00831428 0.00840583 0.00856371 0.0109838 0.0173956 0.0229382 0.012569 0.00886636 0.0105965 0.00904883 0.0100168 0.00901034 0.0144263 0.0566698 0.0334594 0.0372949 0.00324402 0.003214 0.00330314 0 0.00318427 0.00319586 0.00327994 0.00602156 0.00965172 0.0142566 0.0235309 0.627711 0.0130505 0.0200027 0.00962302 0.00952074 0.00872825 0.00959241 0.0170543 0.0162251 0.0406251 0.0157503 0.0291076 0.0165637 0.010202 0.00884333 0.00911301 0.00939775 0.0285929 0.0189071 0.0118943 0.0090796 0.00838467 0.00833157 0.00822625 0.00851315 0.00881886 0.00937287 0.00935631 0.00894197 0.0086892 0.0082217 0.00857036 0.00874618 0.00858155 0.00822303 0.00814839 0.0082959 0.00829643 0.00826598 0.00807501 0.0082742 0.00855316 0.00844759 0.0081932 0.00811877 0.0082155 0.0082297 0.00820594 0.0082347 
0.00806287 0.00833018 0.00811176 0.00810079 0.00828229 0.00821032 0.00847342 0.00859465 0.0096831 0.013755 0.012688 0.0103624 0.00873747 0.00898855 0.00973552 0.00894339 0.00859462 0.0178607 0.0293481 0.0366646 0.01545 0.00324106 0.00319828 0.00323159 0.00318427 0 0.00318943 0.00319099 0.0060035 0.0125926 0.0114732 0.578234 0.0163979 0.026711 0.0114022 0.00997784 0.00901137 0.00891938 0.0162844 0.0102292 0.0219635 0.0159346 0.0199271 0.0111224 0.0133 0.00931106 0.00859243 0.00868168 0.0101052 0.0138264 0.0137761 0.00948423 0.00914378 0.00887644 0.00838111 0.00833998 0.00841822 0.00871068 0.00896791 0.00901635 0.00861422 0.00856081 0.00838021 0.00841458 0.00869904 0.00846765 0.00830661 0.00808077 0.00829214 0.00836885 0.00828914 0.0081852 0.00833301 0.00858005 0.00855079 0.00833706 0.00822283 0.00823374 0.00823719 0.00824224 0.00824811 
0.0082434 0.00821239 0.00861292 0.00808948 0.00821126 0.00941451 0.00838926 0.0095112 0.00989771 0.0108474 0.0100726 0.0112192 0.0110448 0.00862968 0.0119204 0.00906573 0.00896913 0.0197912 0.0237005 0.0867714 0.0335164 0.00380423 0.00321905 0.0032169 0.00319586 0.00318943 0 0.00321589 0.00936061 0.0072107 0.568729 0.0127304 0.0196364 0.0153603 0.0169559 0.0106553 0.00934086 0.0122653 0.0117137 0.0172274 0.0138548 0.0126374 0.0123206 0.00978289 0.00999694 0.0114916 0.00916948 0.00941685 0.0200639 0.0101442 0.0118362 0.0110159 0.00925285 0.00878062 0.0086826 0.008426 0.00892762 0.00854333 0.00891985 0.00832667 0.00845504 0.00865945 0.00839659 0.00845425 0.00858434 0.00840913 0.00845849 0.00811328 0.00825798 0.00826961 0.00830418 0.00819266 0.00825012 0.00836529 0.0083408 0.00819855 0.00816086 0.0082232 0.00831293 0.00821758 0.00827767 
0.00882889 0.00951547 0.00815511 0.00824656 0.00955921 0.00816346 0.0105612 0.00897106 0.00897181 0.00886482 0.0093143 0.0116628 0.00919261 0.0164833 0.00856411 0.00882618 0.00930849 0.0206392 0.0151906 0.0219411 0.147331 0.00433964 0.00342868 0.00325796 0.00327994 0.00319099 0.00321589 0 0.0103435 0.530458 0.00872868 0.0220941 0.0197793 0.0175701 0.0206882 0.0214195 0.0156803 0.00984351 0.0166511 0.0103469 0.010623 0.0122842 0.00985335 0.00990815 0.00938758 0.00954363 0.00977757 0.0118011 0.00869779 0.0111297 0.00926426 0.0102925 0.00992621 0.00928093 0.00842585 0.00851063 0.00865764 0.00855467 0.00858639 0.00831418 0.00846314 0.00844802 0.00848353 0.00863127 0.00862287 0.00851536 0.00853471 0.00812579 0.00811853 0.00818182 0.00822264 0.00812131 0.00831809 0.00834374 0.0082376 0.00822953 0.00812244 0.00829559 0.00841941 0.008331 0.00841617 
0.0153442 0.00953306 0.0085854 0.00991247 0.00937529 0.00918957 0.0097832 0.0100855 0.0086687 0.00826989 0.00822692 0.00869324 0.0108659 0.00913464 0.00892807 0.00838168 0.0106962 0.0185039 0.00977698 0.012008 0.0205366 0.0162715 0.00842777 0.00692561 0.00602156 0.0060035 0.00936061 0.0103435 0 0.00703886 0.00810383 0.00513154 0.00561244 0.00624527 0.00752356 0.0110407 0.0151091 0.0406826 0.0137938 0.00927296 0.00929743 0.00871425 0.00953802 0.00849178 0.00885981 0.0108319 0.0137968 0.0103966 0.00932197 0.00863596 0.00854927 0.00874064 0.0122801 0.0106378 0.00834996 0.0105519 0.0113566 0.00825581 0.00825762 0.00806416 0.00805217 0.00816352 0.00944002 0.0088245 0.00823205 0.00816197 0.00952682 0.00817419 0.00808504 0.00809105 0.00806569 0.00913405 0.00837478 0.00813528 0.0081552 0.00814159 0.00910488 0.00851955 0.00920575 0.00885045 0.00915138 
0.00896486 0.00919786 0.00804478 0.00887583 0.00900927 0.00802591 0.0105522 0.00852663 0.00841062 0.00838152 0.00876727 0.00885095 0.00906067 0.012461 0.00813433 0.0085915 0.0115505 0.0137619 0.0116812 0.0103392 0.0187503 0.0305767 0.0104342 0.0105143 0.00965172 0.0125926 0.0072107 0.530458 0.00703886 0 0.00319838 0.00321036 0.00320622 0.00322291 0.00336237 0.00386498 0.0102317 0.0101634 0.0128122 0.00980493 0.0100444 0.0113538 0.00949049 0.0103798 0.00985101 0.0105409 0.0166159 0.0136744 0.00846888 0.0117136 0.00901938 0.00904063 0.0129423 0.00818807 0.00871006 0.00977267 0.00838535 0.00830408 0.00845233 0.00845646 0.00847199 0.00848384 0.00895123 0.00837984 0.00837608 0.00834901 0.00948182 0.008064 0.0081272 0.00826787 0.00840132 0.00838858 0.00827652 0.00818756 0.0083127 0.00839224 0.00848234 0.00826761 0.00850114 0.00824828 0.00883119 
0.00821163 0.00817716 0.00840812 0.00826624 0.00814996 0.00952874 0.00871932 0.00882294 0.0106982 0.0134728 0.0127287 0.0117373 0.00979924 0.00841054 0.0120283 0.00995832 0.00876204 0.0252222 0.0385994 0.0352749 0.0120119 0.021214 0.046597 0.0186836 0.0142566 0.0114732 0.568729 0.00872868 0.00810383 0.00319838 0 0.00321502 0.00322293 0.00322092 0.00368808 0.00376988 0.0116768 0.00996204 0.0176901 0.0219954 0.0316305 0.0177879 0.0295206 0.0173671 0.0182703 0.0210649 0.00994468 0.0111916 0.0432428 0.0162119 0.0270881 0.0209929 0.0105835 0.00993298 0.00879874 0.00902378 0.00969631 0.00992448 0.0106641 0.00969801 0.00944892 0.00935776 0.0087981 0.00961482 0.00969664 0.00945183 0.00869713 0.0082705 0.00842877 0.0086477 0.00838939 0.00830515 0.00858093 0.00884468 0.00874832 0.00861137 0.00831422 0.00854667 0.00857975 0.0082914 0.00830564 
0.00805511 0.00854453 0.00834395 0.00826701 0.0084244 0.00847026 0.00903454 0.00870342 0.0126652 0.0215695 0.0295204 0.0181542 0.00984779 0.0105351 0.0106007 0.00995703 0.0094466 0.0184113 0.0690609 0.0372679 0.0159132 0.0258855 0.0239536 0.0577135 0.0235309 0.578234 0.0127304 0.0220941 0.00513154 0.00321036 0.00321502 0 0.00322645 0.00321336 0.00325637 0.00331843 0.00788807 0.0089049 0.0159256 0.0311719 0.0599816 0.0586513 0.0593205 0.0491865 0.0557656 0.0144395 0.0107643 0.0125671 0.0236926 0.0770821 0.0780261 0.0253349 0.0118107 0.00939445 0.0091296 0.00916919 0.00933067 0.011631 0.013482 0.0142454 0.0119579 0.0107767 0.00895934 0.0100147 0.0115282 0.0102669 0.00968344 0.00828 0.00865054 0.00950663 0.00871205 0.00851168 0.00864201 0.00972733 0.00961621 0.00884624 0.00840517 0.00835683 0.00844414 0.00830182 0.00833126 
0.00809889 0.00855944 0.00833403 0.00824737 0.00849276 0.00853519 0.0090899 0.00918858 0.0122556 0.0284682 0.0266015 0.019792 0.0105053 0.010225 0.0119257 0.00996944 0.00911209 0.0203665 0.0593515 0.0464164 0.024651 0.0151725 0.0526983 0.0209404 0.627711 0.0163979 0.0196364 0.0197793 0.00561244 0.00320622 0.00322293 0.00322645 0 0.00321422 0.00324069 0.00329712 0.0079352 0.00831687 0.0142089 0.0310848 0.0711256 0.0851073 0.0508834 0.0657464 0.0436561 0.0208506 0.0114409 0.0117899 0.0260663 0.0957831 0.0886535 0.033386 0.0151856 0.0099552 0.0092308 0.009391 0.00952648 0.0124718 0.0150774 0.015769 0.0133288 0.010783 0.00952934 0.0105154 0.013168 0.0112072 0.00989336 0.00835632 0.00904542 0.00924876 0.00899596 0.0084804 0.00884108 0.0102291 0.0100737 0.0091661 0.00844981 0.00833863 0.00853423 0.00820018 0.00827889 
0.00811572 0.0082755 0.00834595 0.00823756 0.00827679 0.00856601 0.00871692 0.00900969 0.0106189 0.0178655 0.0170559 0.0132862 0.00999268 0.00873753 0.00978434 0.00951405 0.0088798 0.0162075 0.0327189 0.0564144 0.0138426 0.0192524 0.0167258 0.614514 0.0130505 0.026711 0.0153603 0.0175701 0.00624527 0.00322291 0.00322092 0.00321336 0.00321422 0 0.00319659 0.00320695 0.00809756 0.0118132 0.0158702 0.0224884 0.075726 0.0432758 0.06894 0.0276195 0.0460594 0.0143345 0.0105087 0.0105489 0.0311009 0.0393534 0.0547099 0.0239464 0.0121788 0.00940949 0.00893561 0.0094141 0.00957474 0.00954704 0.0135989 0.0105866 0.0110165 0.00946725 0.00886194 0.0100064 0.00995835 0.0109345 0.00871643 0.00827421 0.00841718 0.00889203 0.00860088 0.00844446 0.00855523 0.00908944 0.00946896 0.00845011 0.00827706 0.00833869 0.00839966 0.00826518 0.00826021 
0.00816012 0.00834798 0.00820008 0.00807649 0.00840084 0.00849287 0.0083399 0.00862558 0.0101388 0.0102948 0.0102585 0.0131815 0.00892667 0.00964777 0.00876257 0.00933738 0.00861589 0.0125649 0.0345781 0.0354381 0.0158466 0.015004 0.505954 0.0110082 0.0200027 0.0114022 0.0169559 0.0206882 0.00752356 0.00336237 0.00368808 0.00325637 0.00324069 0.00319659 0 0.00327738 0.0164778 0.0564683 0.012006 0.0260824 0.016893 0.0318288 0.0160689 0.0250236 0.0133113 0.0178935 0.0101272 0.0117725 0.0127199 0.017435 0.0151279 0.020416 0.0121018 0.00911758 0.00993591 0.00863115 0.00889639 0.00992415 0.00933968 0.00912107 0.00928556 0.00953574 0.00888166 0.00905786 0.00945763 0.00882004 0.00844555 0.00807852 0.00846718 0.00829194 0.0083144 0.00816655 0.0083472 0.00869868 0.00854338 0.00835758 0.00815934 0.00823309 0.00834969 0.00825931 0.00822794 
0.00875148 0.00868516 0.00810726 0.00819209 0.00879997 0.00825654 0.0086716 0.00940695 0.00861735 0.00880499 0.00871389 0.00904124 0.0100814 0.00995794 0.00859914 0.00849637 0.00877295 0.0207079 0.0112364 0.0165563 0.0184024 0.49116 0.010778 0.0132592 0.00962302 0.00997784 0.0106553 0.0214195 0.0110407 0.00386498 0.00376988 0.00331843 0.00329712 0.00320695 0.00327738 0 0.0651669 0.0139334 0.0245994 0.0114078 0.017653 0.0123986 0.0159398 0.0100443 0.0106996 0.0119092 0.0126352 0.0137152 0.0105516 0.0097551 0.0112001 0.0109844 0.0139571 0.0113543 0.00876924 0.00914691 0.00973309 0.00857374 0.00873124 0.00857582 0.00870692 0.00850395 0.0091183 0.0097267 0.00856928 0.00850038 0.00857195 0.00818365 0.00818936 0.00821758 0.00824687 0.00839531 0.00854536 0.00846625 0.00849001 0.00820938 0.00826268 0.0083671 0.00834482 0.00845657 0.00829935 
0.00910755 0.00854267 0.00820826 0.00853376 0.00849631 0.00813931 0.0091531 0.0083254 0.00831045 0.00821959 0.00826317 0.00850449 0.00835655 0.00966191 0.00812982 0.00836363 0.00897279 0.00963273 0.00961227 0.00951845 0.0145611 0.0113515 0.0112871 0.00910877 0.00952074 0.00901137 0.00934086 0.0156803 0.0151091 0.0102317 0.0116768 0.00788807 0.0079352 0.00809756 0.0164778 0.0651669 0 0.00403993 0.0107986 0.0123992 0.0095816 0.010919 0.00980279 0.00984601 0.010142 0.0122793 0.0158247 0.0122592 0.00952036 0.0100136 0.00909196 0.00962574 0.0110653 0.00846664 0.0088184 0.00944687 0.00885054 0.00849604 0.00831328 0.00820896 0.00814223 0.00833694 0.0089554 0.00846421 0.00833954 0.00829059 0.00873593 0.00798784 0.00812451 0.0080734 0.00810808 0.00814319 0.00811394 0.00814775 0.00814167 0.00829881 0.00818082 0.00819727 0.00828179 0.00829875 0.00844628 
0.00877481 0.00837294 0.00819992 0.00810355 0.00829667 0.00848056 0.00817192 0.00875176 0.00837984 0.00830358 0.00830689 0.00849359 0.00837868 0.00834437 0.00861431 0.00824206 0.00825589 0.0128843 0.00941944 0.0108061 0.00989784 0.0179884 0.0109036 0.00947058 0.00872825 0.00891938 0.0122653 0.00984351 0.0406826 0.0101634 0.00996204 0.0089049 0.00831687 0.0118132 0.0564683 0.0139334 0.00403993 0 0.0207526 0.0105815 0.0132431 0.0101523 0.0128607 0.00965 0.0102122 0.0180511 0.0130207 0.0115967 0.011786 0.00904406 0.00914197 0.0102108 0.00985785 0.0105287 0.0088305 0.00846 0.0100904 0.00849522 0.00850185 0.0082207 0.0082818 0.00850004 0.00851623 0.00920729 0.00844807 0.00830522 0.00848137 0.00814148 0.0082179 0.00809053 0.00815245 0.00829188 0.00839274 0.0082898 0.00820688 0.00812872 0.00817671 0.00828584 0.00836034 0.00830173 0.00833137 
0.00843545 0.00807353 0.00811141 0.00846326 0.00801356 0.00832539 0.00864756 0.00823985 0.0082493 0.00839599 0.00844518 0.00859207 0.0098314 0.00816047 0.00822711 0.00822077 0.00984312 0.0105209 0.0098635 0.0100102 0.0128251 0.0130995 0.0104984 0.0117389 0.00959241 0.0162844 0.0117137 0.0166511 0.0137938 0.0128122 0.0176901 0.0159256 0.0142089 0.0158702 0.012006 0.0245994 0.0107986 0.0207526 0 0.00327908 0.00328259 0.00328482 0.00328457 0.0033082 0.00335834 0.00345534 0.00419157 0.0206986 0.0143818 0.0110513 0.013071 0.0133402 0.0256167 0.0105694 0.0100336 0.0168573 0.010514 0.00938769 0.00957571 0.00899983 0.0095082 0.00958033 0.0131927 0.00963702 0.00908708 0.00927793 0.0170142 0.0081048 0.00831163 0.00832393 0.00826947 0.00936736 0.00836388 0.00845541 0.00873652 0.00839522 0.0100064 0.00808023 0.00846368 0.00802934 0.00826169 
0.00799209 0.00804632 0.00816795 0.00808691 0.00801414 0.0082899 0.00829525 0.0082279 0.00850509 0.00880064 0.00887936 0.00898148 0.00841758 0.0082439 0.00829858 0.00839778 0.00829854 0.00916478 0.0147238 0.0118922 0.00991893 0.0103649 0.0197164 0.0126345 0.0170543 0.0102292 0.0172274 0.0103469 0.00927296 0.00980493 0.0219954 0.0311719 0.0310848 0.0224884 0.0260824 0.0114078 0.0123992 0.0105815 0.00327908 0 0.00324969 0.00324885 0.00327042 0.00328477 0.00347069 0.00329527 0.00369874 0.0274777 0.0202978 0.0224767 0.0166823 0.021044 0.0128228 0.00951426 0.0112104 0.0112202 0.00925389 0.0139018 0.0128764 0.0123517 0.0107531 0.0129081 0.00967637 0.00958361 0.0109188 0.0111983 0.00906371 0.00824256 0.00875432 0.00927135 0.00881905 0.00828947 0.00857249 0.00911864 0.00892083 0.00936387 0.00827581 0.00824656 0.00842624 0.00818711 0.00813963 
0.0079748 0.00813759 0.0081038 0.00817213 0.00808394 0.00820618 0.00837963 0.00824662 0.00864383 0.00982607 0.0099994 0.00944509 0.00858367 0.00820168 0.00862728 0.008389 0.00839797 0.0111811 0.015875 0.0195989 0.010467 0.0142893 0.0183697 0.0530999 0.0162251 0.0219635 0.0138548 0.010623 0.00929743 0.0100444 0.0316305 0.0599816 0.0711256 0.075726 0.016893 0.017653 0.0095816 0.0132431 0.00328259 0.00324969 0 0.00319413 0.00325004 0.00321472 0.00317914 0.00324288 0.0032356 0.0172207 0.0472091 0.0368501 0.0602355 0.0240441 0.0148964 0.0109782 0.00989499 0.0102503 0.0108487 0.0129175 0.0372871 0.0165273 0.0264856 0.0130084 0.0103373 0.0111777 0.0137126 0.013701 0.00962414 0.00844514 0.00885379 0.0101233 0.00858011 0.00875647 0.00905553 0.00953608 0.0105337 0.0090225 0.00857652 0.00813336 0.00823129 0.00809256 0.00812321 
0.00802392 0.00817188 0.00818022 0.00808168 0.00813554 0.00825816 0.00830799 0.00827429 0.00882243 0.00990648 0.0100429 0.00943164 0.00857356 0.00849053 0.00853918 0.00856961 0.0083609 0.00971089 0.0242204 0.0136053 0.0100746 0.0108051 0.0328356 0.0174293 0.0406251 0.0159346 0.0126374 0.0122842 0.00871425 0.0113538 0.0177879 0.0586513 0.0851073 0.0432758 0.0318288 0.0123986 0.010919 0.0101523 0.00328482 0.00324885 0.00319413 0 0.00320108 0.00322327 0.00322248 0.00322251 0.0032768 0.0362464 0.0203988 0.0879646 0.0361312 0.0223 0.0141348 0.00972132 0.0101275 0.00986066 0.00931204 0.0227548 0.0219756 0.0295656 0.0171779 0.015855 0.00943082 0.0100916 0.0185165 0.0121138 0.00967922 0.00832385 0.00928054 0.00974541 0.00930988 0.00872863 0.00910021 0.010528 0.00988588 0.00938432 0.00840744 0.0081325 0.0082752 0.00807919 0.00817619 
0.00802347 0.00810823 0.00810651 0.00805564 0.00809586 0.00824114 0.00824486 0.00834628 0.00892134 0.00968124 0.00954734 0.00918941 0.00874797 0.00827963 0.00866685 0.00830148 0.00821129 0.0115072 0.0141479 0.0191136 0.00979662 0.0145965 0.0156205 0.0553361 0.0157503 0.0199271 0.0123206 0.00985335 0.00953802 0.00949049 0.0295206 0.0593205 0.0508834 0.06894 0.0160689 0.0159398 0.00980279 0.0128607 0.00328457 0.00327042 0.00325004 0.00320108 0 0.00319245 0.00321796 0.00322082 0.00323787 0.020753 0.0716968 0.0336747 0.0700339 0.0236389 0.013739 0.0124021 0.0100945 0.0103566 0.0125633 0.0129185 0.0498567 0.0165779 0.0269834 0.0130796 0.0107334 0.0117727 0.0144536 0.0136419 0.00939271 0.00864837 0.00888727 0.0100069 0.0086398 0.00860165 0.00913843 0.00955864 0.0102239 0.0088659 0.00848245 0.00813953 0.00819408 0.00808996 0.00810638 
0.00800218 0.00810704 0.00813144 0.00805807 0.00808881 0.00817479 0.00819166 0.00839783 0.00858629 0.00913938 0.00915447 0.00893414 0.00840179 0.00856766 0.00840641 0.00820201 0.00816592 0.00918022 0.0158581 0.0105217 0.00909304 0.00988751 0.021909 0.0177949 0.0291076 0.0111224 0.00978289 0.00990815 0.00849178 0.0103798 0.0173671 0.0491865 0.0657464 0.0276195 0.0250236 0.0100443 0.00984601 0.00965 0.0033082 0.00328477 0.00321472 0.00322327 0.00319245 0 0.00319023 0.00321014 0.00319991 0.0213771 0.0152047 0.103511 0.037938 0.0189113 0.0115908 0.00999943 0.009554 0.00906376 0.00901689 0.0171497 0.0164524 0.0215068 0.0136951 0.0114308 0.00876789 0.00979936 0.0126441 0.0102123 0.00882612 0.00826933 0.00893617 0.00901816 0.00859207 0.00834143 0.00872115 0.0096794 0.00941647 0.00941861 0.00824255 0.00806603 0.00815118 0.0080583 0.0081286 
