1HRUA
NNLQRDAIAAAIDVLNEERVIAYPTEAVFGVGCDPDSETAVXRLLELKQRPVDKGLILIAANYEQLKPYIDDTXLTDVQRETIFSRWPGPVTFVFPAPATTPRWLTGRFDSLAVRVTDHPLVVALCQAYGKPLVSTSANLSGLPPCRTVDEVRAQFGAAFPVVPGETGGRLNPSEIRDALTGELFR
CHHHHHHHHHHHHHHHCCCCEEEECCCCEEEEECCCCHHHHHHHHHHHCCCHHHCCEEEECCHHHHHHHCCCCCCCHHHHHHHHCCCCCCEEEEEECCCCCCHHHHCCCCEEEEEECCCHHHHHHHHHHCCCEEEEECCCCCCCCCCCHHHHHHHHCCCCCECCCCCCCCCCCCEEEECCCCCECC
0 0 0 0 0 0 0 0 0 0 0 0 0 0 0 0 0 0 0 0 0 0 0 0 0 0 0 0 0 0 0 0 0 0 0 0 0 0 0 0 0 0 0 0 0 0 0 0 0 0 0 0 0 0 0 0 0 0 0 0 0 0 0 0 0 0 0 0 0 0 0 0 0 0 0 0 0 0 0 0 0 0 0 0 0 0 0 0 0 0 0 0 0 0 0 0 0 0 0 0 0 0 0 0 0 0 0 0 0 0 0 0 0 0 0 0 0 0 0 0 0 0 0 0 0 0 0 0 0 0 0 0 0 0 0 0 0 0 0 0 0 0 0 0 0 0 0 0 0 0 0 0 0 0 0 0 0 0 0 0 0 0 0 0 0 0 0 0 0 0 0 0 0 0 0 0 0 0 0 0 0 0 0 0 0 0 
0 0 0 0 0 0 0 0 0 0 0 0 0 0 0 0 0 0 0 0 0 0 0 0 0 0 0 0 0 0 0 0 0 0 0 0 0 0 0 0 0 0 0 0 0 0 0 0 0 0 0 0 0 0 0 0 0 0 0 0 0 0 0 0 0 0 0 0 0 0 0 0 0 0 0 0 0 0 0 0 0 0 0 0 0 0 0 0 0 0 0 0 0 0 0 0 0 0 0 0 0 0 0 0 0 0 0 0 0 0 0 0 0 0 0 0 0 0 0 0 0 0 0 0 0 0 0 0 0 0 0 0 0 0 0 0 0 0 0 0 0 0 0 0 0 0 0 0 0 0 0 0 0 0 0 0 0 0 0 0 0 0 0 0 0 0 0 0 0 0 0 0 0 0 0 0 0 0 0 0 0 0 0 0 0 0 
0 0.00340689 0.00327425 0.00368526 0.00813754 0.0124052 0.0129043 0.465281 0.0709989 0.0794654 0.0188753 0.0188702 0.0312175 0.0140865 0.0160281 0.0165346 0.0155227 0.0112734 0.0164979 0.0121759 0.0113377 0.0120957 0.0125592 0.0108889 0.013484 0.0115421 0.0095935 0.00914513 0.00915888 0.00998586 0.00990479 0.008559 0.00835881 0.00856176 0.00969641 0.00903584 
0.00340689 0 0.0032625 0.00320972 0.00501024 0.0173549 0.489353 0.030656 0.00927617 0.029034 0.119771 0.0448288 0.0163566 0.0127751 0.0245446 0.045375 0.0492015 0.0212157 0.0119108 0.0105916 0.0183277 0.0261294 0.0247936 0.0177734 0.0106256 0.0108582 0.0116987 0.0101677 0.00946274 0.00860615 0.00841438 0.00818869 0.00848392 0.00863859 0.00857414 0.00810379 
0.00327425 0.0032625 0 0.00322926 0.00653283 0.536823 0.0296199 0.0129224 0.00784594 0.0156403 0.022364 0.0917461 0.0147571 0.0102399 0.0181737 0.0204179 0.0223079 0.0231801 0.0100626 0.00976951 0.012816 0.0153566 0.0147324 0.0177296 0.00913765 0.00980194 0.0104487 0.00950791 0.00921546 0.00854658 0.00829652 0.00826897 0.00837179 0.00856213 0.00825671 0.00809246 
0.00368526 0.00320972 0.00322926 0 0.415506 0.023661 0.0042222 0.00760263 0.00889845 0.0180333 0.0119042 0.0137384 0.0449204 0.0191544 0.00961735 0.0113414 0.0107488 0.00997004 0.0143378 0.0119697 0.00984011 0.00972983 0.0101654 0.00913976 0.0111313 0.0122706 0.00908054 0.0086534 0.00858759 0.00897191 0.00933289 0.00845848 0.00813732 0.00816668 0.00842312 0.00849054 
0.00813754 0.00501024 0.00653283 0.415506 0 0.00332538 0.00326593 0.00331155 0.00405286 0.145195 0.0280691 0.0199492 0.0382789 0.0144192 0.0171248 0.0146749 0.0157657 0.0124498 0.0215978 0.0123528 0.0125344 0.0122023 0.0123662 0.0119448 0.0194132 0.0106695 0.00951465 0.00901326 0.00910086 0.0109084 0.010535 0.00847271 0.00825037 0.00844579 0.0093779 0.00873398 
0.0124052 0.0173549 0.536823 0.023661 0.00332538 0 0.0032145 0.00323349 0.00325593 0.0989283 0.120452 0.0507322 0.014948 0.0118422 0.0282562 0.026162 0.0431884 0.0219365 0.0112606 0.0103142 0.0149382 0.0275826 0.0192667 0.0214579 0.00985347 0.0114963 0.0137834 0.0106615 0.0101001 0.00855909 0.0083438 0.0082961 0.00847905 0.00863306 0.00839489 0.00802801 
0.0129043 0.489353 0.0296199 0.0042222 0.00326593 0.0032145 0 0.00320892 0.00319522 0.0262229 0.14446 0.0549345 0.0210176 0.0117424 0.0131528 0.0762713 0.0522267 0.0201352 0.0113649 0.00972974 0.0187307 0.0229576 0.0606569 0.0133906 0.0106366 0.00948466 0.0122552 0.0123724 0.00972542 0.00869215 0.00824079 0.00807039 0.0084181 0.00851766 0.00850897 0.00794611 
0.465281 0.030656 0.0129224 0.00760263 0.00331155 0.00323349 0.00320892 0 0.00347691 0.0264646 0.0414088 0.288169 0.0564212 0.0107079 0.0250406 0.021995 0.0264426 0.0265425 0.0137712 0.0101485 0.012387 0.0276304 0.0126458 0.0283685 0.00987917 0.0101563 0.0112409 0.0110957 0.00911907 0.00928748 0.00844072 0.00823981 0.0084399 0.00863006 0.008362 0.0080712 
0.0709989 0.00927617 0.00784594 0.00889845 0.00405286 0.00325593 0.00319522 0.00347691 0 0.021172 0.0310531 0.0975663 0.353674 0.0287988 0.0118663 0.0132078 0.0121834 0.013379 0.0211813 0.0136459 0.0142279 0.0105791 0.0152452 0.0100312 0.0196421 0.0140281 0.00954399 0.00896575 0.00922606 0.00924753 0.0100241 0.00862888 0.00830715 0.00838087 0.00899042 0.00869517 
0.0794654 0.029034 0.0156403 0.0180333 0.145195 0.0989283 0.0262229 0.0264646 0.021172 0 0.00395466 0.00330831 0.00401998 0.126375 0.0479352 0.0254092 0.0214095 0.0124666 0.0275446 0.0274643 0.013041 0.0231849 0.0122111 0.0170917 0.0150477 0.0187226 0.0103398 0.010427 0.00972479 0.0144045 0.0111408 0.00947976 0.00848235 0.00939928 0.0114823 0.00929007 
0.0188753 0.119771 0.022364 0.0119042 0.0280691 0.120452 0.14446 0.0414088 0.0310531 0.00395466 0 0.00355687 0.00324696 0.113235 0.0898527 0.127295 0.0524568 0.0287976 0.0123797 0.0120061 0.065885 0.0246034 0.0632247 0.0143078 0.0153504 0.013894 0.0216489 0.0141434 0.0133811 0.00901154 0.00891182 0.00837658 0.00929038 0.00938127 0.00902832 0.00813347 
0.0188702 0.0448288 0.0917461 0.0137384 0.0199492 0.0507322 0.0549345 0.288169 0.0975663 0.00330831 0.00355687 0 0.00325731 0.0274133 0.0962072 0.0809476 0.157522 0.12117 0.0270341 0.0157264 0.0211145 0.0529349 0.0302578 0.0858406 0.0119581 0.0151761 0.0251358 0.0202286 0.0119747 0.0106083 0.00935856 0.009003 0.00894757 0.00953808 0.0089651 0.0082789 
0.0312175 0.0163566 0.0147571 0.0449204 0.0382789 0.014948 0.0210176 0.0564212 0.353674 0.00401998 0.00324696 0.00325731 0 0.0288364 0.0169611 0.0352584 0.0442136 0.0870627 0.151294 0.0219544 0.0167924 0.0155447 0.0156848 0.0142676 0.0312823 0.0288181 0.0118667 0.0101672 0.0099351 0.0121003 0.0129015 0.0108699 0.00897763 0.0088181 0.0101435 0.0095034 
0.0140865 0.0127751 0.0102399 0.0191544 0.0144192 0.0118422 0.0117424 0.0107079 0.0287988 0.126375 0.113235 0.0274133 0.0288364 0 0.00329647 0.00333811 0.00328092 0.00332576 0.00438234 0.0394042 0.0216571 0.0108005 0.0190039 0.0137083 0.237262 0.0204307 0.0136141 0.0110691 0.0125184 0.0150383 0.0155659 0.00933956 0.0090802 0.00956667 0.0132896 0.0103775 
0.0160281 0.0245446 0.0181737 0.00961735 0.0171248 0.0282562 0.0131528 0.0250406 0.0118663 0.0479352 0.0898527 0.0962072 0.0169611 0.00329647 0 0.00327397 0.00327726 0.00324902 0.00334161 0.0624333 0.0197881 0.0417007 0.0138885 0.276255 0.0125362 0.0266256 0.0242881 0.0214293 0.0120771 0.0195875 0.00986582 0.00944988 0.0108288 0.0126912 0.0108433 0.00843431 
0.0165346 0.045375 0.0204179 0.0113414 0.0146749 0.026162 0.0762713 0.021995 0.0132078 0.0254092 0.127295 0.0809476 0.0352584 0.00333811 0.00327397 0 0.00327086 0.00324353 0.00323268 0.0148022 0.0727276 0.0244949 0.528711 0.0182388 0.0188373 0.0202434 0.0427839 0.0285681 0.0277764 0.00994592 0.0104827 0.00902039 0.0129651 0.0169271 0.0102117 0.00835319 
0.0155227 0.0492015 0.0223079 0.0107488 0.0157657 0.0431884 0.0522267 0.0264426 0.0121834 0.0214095 0.0524568 0.157522 0.0442136 0.00328092 0.00327726 0.00327086 0 0.00320776 0.00322112 0.0268726 0.0181417 0.593262 0.0451693 0.0486076 0.0121073 0.0217099 0.0343516 0.0632718 0.0145077 0.0113503 0.00957281 0.00905954 0.011767 0.0152267 0.0105638 0.00831596 
0.0112734 0.0212157 0.0231801 0.00997004 0.0124498 0.0219365 0.0201352 0.0265425 0.013379 0.0124666 0.0287976 0.12117 0.0870627 0.00332576 0.00324902 0.00324353 0.00320776 0 0.00339086 0.011308 0.405137 0.0231876 0.0635611 0.0383274 0.0173136 0.0156327 0.0316374 0.0145425 0.0244023 0.0112338 0.0103536 0.00888533 0.0101431 0.0125053 0.00991161 0.0083749 
0.0164979 0.0119108 0.0100626 0.0143378 0.0215978 0.0112606 0.0113649 0.0137712 0.0211813 0.0275446 0.0123797 0.0270341 0.151294 0.00438234 0.00334161 0.00323268 0.00322112 0.00339086 0 0.370334 0.0147614 0.0255983 0.0193304 0.0404439 0.0587088 0.044252 0.0122612 0.0109402 0.0111665 0.0186782 0.0160666 0.0125959 0.00914471 0.00946991 0.0131792 0.0109605 
0.0121759 0.0105916 0.00976951 0.0119697 0.0123528 0.0103142 0.00972974 0.0101485 0.0136459 0.0274643 0.0120061 0.0157264 0.0219544 0.0394042 0.0624333 0.0148022 0.0268726 0.011308 0.370334 0 0.00331355 0.0032361 0.00324052 0.00342104 0.0037568 0.0758361 0.0141128 0.0133471 0.0105167 0.0347562 0.0142783 0.0120775 0.00941942 0.0102022 0.0179156 0.0109108 
0.0113377 0.0183277 0.012816 0.00984011 0.0125344 0.0149382 0.0187307 0.012387 0.0142279 0.013041 0.065885 0.0211145 0.0167924 0.0216571 0.0197881 0.0727276 0.0181417 0.405137 0.0147614 0.00331355 0 0.00322695 0.00323933 0.00333136 0.00341126 0.083586 0.0516276 0.0150317 0.0412777 0.0105719 0.0137701 0.00991369 0.0164676 0.0138333 0.0121609 0.00866442 
0.0120957 0.0261294 0.0153566 0.00972983 0.0122023 0.0275826 0.0229576 0.0276304 0.0105791 0.0231849 0.0246034 0.0529349 0.0155447 0.0108005 0.0417007 0.0244949 0.593262 0.0231876 0.0255983 0.0032361 0.00322695 0 0.00320785 0.00323219 0.00324195 0.0365927 0.0616275 0.0963064 0.0143032 0.0202201 0.00985716 0.0101437 0.0138915 0.0213492 0.0121641 0.00853646 
0.0125592 0.0247936 0.0147324 0.0101654 0.0123662 0.0192667 0.0606569 0.0126458 0.0152452 0.0122111 0.0632247 0.0302578 0.0156848 0.0190039 0.0138885 0.528711 0.0451693 0.0635611 0.0193304 0.00324052 0.00323933 0.00320785 0 0.00320756 0.00328019 0.0322513 0.0991404 0.0605292 0.0351651 0.0100976 0.0109856 0.0095567 0.0198485 0.0191054 0.0114137 0.00847095 
0.0108889 0.0177734 0.0177296 0.00913976 0.0119448 0.0214579 0.0133906 0.0283685 0.0100312 0.0170917 0.0143078 0.0858406 0.0142676 0.0137083 0.276255 0.0182388 0.0486076 0.0383274 0.0404439 0.00342104 0.00333136 0.00323219 0.00320756 0 0.00322605 0.0452192 0.0764969 0.0758666 0.031447 0.0285837 0.0117386 0.0116397 0.0142402 0.0207176 0.0135881 0.00890899 
0.013484 0.0106256 0.00913765 0.0111313 0.0194132 0.00985347 0.0106366 0.00987917 0.0196421 0.0150477 0.0153504 0.0119581 0.0312823 0.237262 0.0125362 0.0188373 0.0121073 0.0173136 0.0587088 0.0037568 0.00341126 0.00324195 0.00328019 0.00322605 0 0.0290356 0.0324094 0.015882 0.0553418 0.0514881 0.0223344 0.0137216 0.0105606 0.00980755 0.013743 0.0133598 
0.0115421 0.0108582 0.00980194 0.0122706 0.0106695 0.0114963 0.00948466 0.0101563 0.0140281 0.0187226 0.013894 0.0151761 0.0288181 0.0204307 0.0266256 0.0202434 0.0217099 0.0156327 0.044252 0.0758361 0.083586 0.0365927 0.0322513 0.0452192 0.0290356 0 0.00328758 0.00325998 0.00329776 0.00373665 0.0546141 0.0383149 0.0133011 0.0146226 0.0272662 0.0141545 
0.0095935 0.0116987 0.0104487 0.00908054 0.00951465 0.0137834 0.0122552 0.0112409 0.00954399 0.0103398 0.0216489 0.0251358 0.0118667 0.0136141 0.0242881 0.0427839 0.0343516 0.0316374 0.0122612 0.0141128 0.0516276 0.0616275 0.0991404 0.0764969 0.0324094 0.00328758 0 0.00326495 0.00326244 0.00323009 0.0268312 0.0137816 0.0302948 0.0202554 0.0128276 0.00884892 
0.00914513 0.0101677 0.00950791 0.0086534 0.00901326 0.0106615 0.0123724 0.0110957 0.00896575 0.010427 0.0141434 0.0202286 0.0101672 0.0110691 0.0214293 0.0285681 0.0632718 0.0145425 0.0109402 0.0133471 0.0150317 0.0963064 0.0605292 0.0758666 0.015882 0.00325998 0.00326495 0 0.00320608 0.00322217 0.014623 0.0115694 0.0166187 0.0197594 0.0119022 0.0086436 
0.00915888 0.00946274 0.00921546 0.00858759 0.00910086 0.0101001 0.00972542 0.00911907 0.00922606 0.00972479 0.0133811 0.0119747 0.0099351 0.0125184 0.0120771 0.0277764 0.0145077 0.0244023 0.0111665 0.0105167 0.0412777 0.0143032 0.0351651 0.031447 0.0553418 0.00329776 0.00326244 0.00320608 0 0.00320452 0.0152096 0.0109749 0.0152344 0.0215634 0.0172818 0.00956503 
0.00998586 0.00860615 0.00854658 0.00897191 0.0109084 0.00855909 0.00869215 0.00928748 0.00924753 0.0144045 0.00901154 0.0106083 0.0121003 0.0150383 0.0195875 0.00994592 0.0113503 0.0112338 0.0186782 0.0347562 0.0105719 0.0202201 0.0100976 0.0285837 0.0514881 0.00373665 0.00323009 0.00322217 0.00320452 0 0.0242535 0.0189012 0.0105102 0.0172199 0.0301427 0.0113844 
0.00990479 0.00841438 0.00829652 0.00933289 0.010535 0.0083438 0.00824079 0.00844072 0.0100241 0.0111408 0.00891182 0.00935856 0.0129015 0.0155659 0.00986582 0.0104827 0.00957281 0.0103536 0.0160666 0.0142783 0.0137701 0.00985716 0.0109856 0.0117386 0.0223344 0.0546141 0.0268312 0.014623 0.0152096 0.0242535 0 0.0252554 0.0102683 0.0176012 0.0397057 0.0601811 
0.008559 0.00818869 0.00826897 0.00845848 0.00847271 0.0082961 0.00807039 0.00823981 0.00862888 0.00947976 0.00837658 0.009003 0.0108699 0.00933956 0.00944988 0.00902039 0.00905954 0.00888533 0.0125959 0.0120775 0.00991369 0.0101437 0.0095567 0.0116397 0.0137216 0.0383149 0.0137816 0.0115694 0.0109749 0.0189012 0.0252554 0 0.00336015 0.00351519 0.00426311 0.00961938 
0.00835881 0.00848392 0.00837179 0.00813732 0.00825037 0.00847905 0.0084181 0.0084399 0.00830715 0.00848235 0.00929038 0.00894757 0.00897763 0.0090802 0.0108288 0.0129651 0.011767 0.0101431 0.00914471 0.00941942 0.0164676 0.0138915 0.0198485 0.0142402 0.0105606 0.0133011 0.0302948 0.0166187 0.0152344 0.0105102 0.0102683 0.00336015 0 0.00333056 0.00323657 0.00696143 
0.00856176 0.00863859 0.00856213 0.00816668 0.00844579 0.00863306 0.00851766 0.00863006 0.00838087 0.00939928 0.00938127 0.00953808 0.0088181 0.00956667 0.0126912 0.0169271 0.0152267 0.0125053 0.00946991 0.0102022 0.0138333 0.0213492 0.0191054 0.0207176 0.00980755 0.0146226 0.0202554 0.0197594 0.0215634 0.0172199 0.0176012 0.00351519 0.00333056 0 0.00323028 0.0502576 
0.00969641 0.00857414 0.00825671 0.00842312 0.0093779 0.00839489 0.00850897 0.008362 0.00899042 0.0114823 0.00902832 0.0089651 0.0101435 0.0132896 0.0108433 0.0102117 0.0105638 0.00991161 0.0131792 0.0179156 0.0121609 0.0121641 0.0114137 0.0135881 0.013743 0.0272662 0.0128276 0.0119022 0.0172818 0.0301427 0.0397057 0.00426311 0.00323657 0.00323028 0 0.0568841 
0.00903584 0.00810379 0.00809246 0.00849054 0.00873398 0.00802801 0.00794611 0.0080712 0.00869517 0.00929007 0.00813347 0.0082789 0.0095034 0.0103775 0.00843431 0.00835319 0.00831596 0.0083749 0.0109605 0.0109108 0.00866442 0.00853646 0.00847095 0.00890899 0.0133598 0.0141545 0.00884892 0.0086436 0.00956503 0.0113844 0.0601811 0.00961938 0.00696143 0.0502576 0.0568841 0 
