1HTWA
MESLTQYIPDEFSMLRFGKKFAEILLKLHTEKAIMVYLNGDLGAGKTTLTRGMLQGIGHQGNVKSPTYTLVEEYNIAGKMIYHFDLYRLADPEELEFMGIRDYFNTDSICLIEWSEKGQGILPEADILVNIDYYDDARNIELIAQTNLGKNIISAFSN
CCEEEEEECCHHHHHHHHHHHHHHHHHHCCCCCEEEEEECCCCCCHHHHHHHHHHHCCCCCCCCCCCCCCEEEEEECCEEEEEEECCCCCCCCHHHHCCHHHHHCCCCEEEEECHHHHCCCCCCCCEEEEEEEECCEEEEEEEECCHHHHHHHHHCCC
0 0 0 0 0 0 0 0 0 0 0 0 0 0 0 0 0 0 0 0 0 0 0 0 0 0 0 0 0 0 0 0 0 0 0 0 0 0 0 0 0 0 0 0 0 0 0 0 0 0 0 0 0 0 0 0 0 0 0 0 0 0 0 0 0 0 0 0 0 0 0 0 0 0 0 0 0 0 0 0 0 0 0 0 0 0 0 0 0 0 0 0 0 0 0 0 0 0 0 0 0 0 0 0 0 0 0 0 0 0 0 0 0 0 0 0 0 0 0 0 0 0 0 0 0 0 0 0 0 0 0 0 0 0 0 0 0 0 0 0 0 0 0 0 0 0 0 0 0 0 0 0 0 0 0 0 0 0 
0 0 0 0 0 0 0 0 0 0 0 0 0 0 0 0 0 0 0 0 0 0 0 0 0 0 0 0 0 0 0 0 0 0 0 0 0 0 0 0 0 0 0 0 0 0 0 0 0 0 0 0 0 0 0 0 0 0 0 0 0 0 0 0 0 0 0 0 0 0 0 0 0 0 0 0 0 0 0 0 0 0 0 0 0 0 0 0 0 0 0 0 0 0 0 0 0 0 0 0 0 0 0 0 0 0 0 0 0 0 0 0 0 0 0 0 0 0 0 0 0 0 0 0 0 0 0 0 0 0 0 0 0 0 0 0 0 0 0 0 0 0 0 0 0 0 0 0 0 0 0 0 0 0 0 0 0 0 
0 0.00336881 0.00337358 0.00331148 0.00357459 0.00501194 0.102494 0.0125994 0.0113526 0.011997 0.0108137 0.0186038 0.0106233 0.00846619 0.00888279 0.00821053 0.010764 0.00989424 0.0093638 0.0086666 0.0087983 0.00860187 0.00875584 0.00860093 0.0120264 0.00878598 0.0086033 0.00860652 0.00836436 0.00978135 0.00854436 0.00835341 0.00833608 0.00882041 0.00812424 0.00824332 0.00806819 0.00869101 0.00829594 0.00805674 0.00832921 0.00807601 0.00881389 0.00810118 0.00847936 0.00856808 
0.00336881 0 0.00332922 0.00330719 0.00338937 0.00342762 0.0254338 0.0700411 0.0212387 0.0130677 0.0235334 0.0104182 0.00938875 0.0108962 0.00843429 0.0156538 0.00846204 0.012249 0.0089983 0.0101614 0.0111156 0.0116179 0.00965452 0.0163329 0.00846029 0.0086991 0.00927247 0.0103834 0.00934939 0.0086753 0.00937096 0.00871322 0.0108274 0.00838761 0.00984429 0.00819795 0.00843493 0.00811442 0.00847096 0.00825514 0.00828121 0.00971376 0.00834391 0.00950052 0.00828887 0.00856229 
0.00337358 0.00332922 0 0.00327183 0.00325029 0.00321587 0.0245149 0.0372772 0.0505432 0.0567274 0.0109976 0.00936667 0.00971123 0.00893606 0.0218307 0.00864225 0.0140307 0.00832195 0.00870313 0.0109268 0.0177284 0.0173257 0.02544 0.00918341 0.00929215 0.00866354 0.0115608 0.0160677 0.0091027 0.00853626 0.0090015 0.0114717 0.00982311 0.0135214 0.00843776 0.00889298 0.00817058 0.00813009 0.00820466 0.00846263 0.00961509 0.00855694 0.0142047 0.00886928 0.00912125 0.00822753 
0.00331148 0.00330719 0.00327183 0 0.00320853 0.00322321 0.0261339 0.0604595 0.106688 0.0705969 0.0201254 0.00989486 0.00935943 0.0164742 0.00957461 0.0250122 0.00851493 0.00945228 0.00898081 0.0110854 0.0301521 0.030338 0.0175057 0.0174569 0.00882613 0.00952587 0.0122424 0.0188721 0.0112291 0.00903875 0.0100651 0.0100042 0.0169726 0.00932457 0.0111204 0.00834287 0.00832326 0.00809881 0.00850649 0.00875192 0.00903205 0.0111293 0.00883857 0.0109522 0.00855489 0.00850525 
0.00357459 0.00338937 0.00325029 0.00320853 0 0.00329091 0.0221406 0.0528964 0.0459982 0.0728968 0.0767967 0.0139967 0.0123081 0.0114253 0.0122051 0.00893708 0.0141008 0.00858346 0.00933083 0.0137133 0.0159402 0.0168394 0.0185618 0.0138144 0.0105856 0.0095943 0.0139015 0.0142821 0.0106659 0.00945193 0.00937247 0.011897 0.0102198 0.0118031 0.00864071 0.00850266 0.00824228 0.00806069 0.00835089 0.00890038 0.00917799 0.00891725 0.00958465 0.00889153 0.008746 0.00847038 
0.00501194 0.00342762 0.00321587 0.00322321 0.00329091 0 0.02454 0.0153248 0.0181111 0.0267543 0.065697 0.102376 0.0196139 0.00961945 0.00867773 0.0094119 0.00879183 0.00984696 0.0145609 0.00974907 0.0106179 0.00993902 0.0100012 0.0106604 0.011554 0.0149693 0.0092996 0.00930588 0.0104703 0.00937504 0.0131056 0.00890883 0.00918048 0.0086423 0.00862498 0.00815761 0.00819605 0.00814871 0.00967917 0.00852895 0.00835625 0.00877817 0.00838075 0.00855276 0.00842235 0.00856027 
0.102494 0.0254338 0.0245149 0.0261339 0.0221406 0.02454 0 0.00333058 0.00325419 0.00330816 0.00377299 0.00405801 0.11643 0.0120531 0.0104716 0.00960162 0.0108834 0.0174965 0.0172043 0.015555 0.012485 0.0126087 0.0121699 0.013222 0.0176336 0.0149638 0.0138096 0.011491 0.0103673 0.0163886 0.0136059 0.010481 0.0114195 0.00996519 0.00944219 0.00848917 0.00875007 0.00958352 0.00892302 0.00861232 0.00891887 0.00940902 0.00919398 0.00950931 0.00931322 0.0104239 
0.0125994 0.0700411 0.0372772 0.0604595 0.0528964 0.0153248 0.00333058 0 0.00326409 0.00322605 0.00355211 0.00324195 0.0613785 0.0709012 0.013408 0.0146425 0.0145394 0.00963882 0.0119827 0.0367396 0.0346024 0.0337659 0.0378383 0.0232149 0.0112995 0.0142803 0.0426189 0.0286858 0.0203467 0.010061 0.0137106 0.0257787 0.0190765 0.0177739 0.0112589 0.00995447 0.00879225 0.00828017 0.00881473 0.0105397 0.0107018 0.0118765 0.0148195 0.0130601 0.0107069 0.00928756 
0.0113526 0.0212387 0.0505432 0.106688 0.0459982 0.0181111 0.00325419 0.00326409 0 0.00322913 0.00327774 0.00322632 0.0407979 0.0507505 0.0630038 0.0336946 0.0106056 0.0105047 0.0112722 0.0259547 0.0710765 0.110765 0.0505388 0.0400081 0.0109481 0.015854 0.0370887 0.112051 0.0233771 0.0114779 0.020657 0.0233392 0.0845473 0.0235614 0.0241698 0.0101724 0.00903482 0.00835718 0.00917681 0.0123333 0.0157323 0.029651 0.0189313 0.0297894 0.0107168 0.00942727 
0.011997 0.0130677 0.0567274 0.0705969 0.0728968 0.0267543 0.00330816 0.00322605 0.00322913 0 0.00324374 0.00322059 0.0298006 0.0425591 0.083328 0.0389973 0.0156694 0.00980385 0.0113708 0.024875 0.082599 0.0751674 0.127348 0.0182111 0.0161719 0.0121666 0.059268 0.0739612 0.0245961 0.0122044 0.0147971 0.0432709 0.0378415 0.0522859 0.0125448 0.0142114 0.00891516 0.00838066 0.00926202 0.0114983 0.0202129 0.0159324 0.0308407 0.0172883 0.0126632 0.00938526 
0.0108137 0.0235334 0.0109976 0.0201254 0.0767967 0.065697 0.00377299 0.00355211 0.00327774 0.00324374 0 0.00342028 0.0168843 0.0318181 0.0164171 0.0243713 0.0307199 0.0149335 0.0105833 0.0204532 0.0255643 0.0304378 0.0163456 0.087774 0.0112135 0.0146952 0.017382 0.0187925 0.0323845 0.0104721 0.0124464 0.0115006 0.0241057 0.0102409 0.0114216 0.00862599 0.00870758 0.00825315 0.00923123 0.010086 0.00905629 0.0123182 0.00948434 0.0117055 0.00935371 0.00918351 
0.0186038 0.0104182 0.00936667 0.00989486 0.0139967 0.102376 0.00405801 0.00324195 0.00322632 0.00322059 0.00342028 0 0.0233819 0.0113402 0.0122812 0.0112844 0.0230192 0.0568259 0.0189839 0.0109531 0.0120502 0.0104969 0.012655 0.0106741 0.0741802 0.0149931 0.0100286 0.00965388 0.00961496 0.0138 0.0132375 0.00930845 0.00914675 0.0091318 0.0086506 0.0083227 0.00831804 0.00835559 0.0115062 0.00850141 0.00863115 0.0086412 0.00874891 0.00858873 0.00871865 0.00916794 
0.0106233 0.00938875 0.00971123 0.00935943 0.0123081 0.0196139 0.11643 0.0613785 0.0407979 0.0298006 0.0168843 0.0233819 0 0.00329656 0.00324616 0.00322202 0.00347611 0.00403487 0.0047309 0.00634486 0.00615778 0.00732824 0.0158803 0.833566 0.0436387 0.0320787 0.0149625 0.0118093 0.010536 0.0300545 0.0177339 0.0123257 0.0111169 0.0116537 0.00921428 0.00949153 0.00910358 0.0150717 0.00939539 0.00913859 0.00946252 0.0091517 0.0102483 0.00918971 0.0110326 0.014763 
0.00846619 0.0108962 0.00893606 0.0164742 0.0114253 0.00961945 0.0120531 0.0709012 0.0507505 0.0425591 0.0318181 0.0113402 0.00329656 0 0.00324251 0.00323448 0.00334173 0.00328622 0.00409673 0.00561188 0.0182224 0.00999219 0.939392 0.0191111 0.00867489 0.0119408 0.0228132 0.0189376 0.01915 0.00984849 0.013337 0.0147013 0.0206165 0.0114593 0.0133969 0.00874902 0.00946538 0.00847362 0.0090352 0.00985226 0.0096067 0.0134011 0.00942026 0.0140719 0.0101559 0.00953484 
0.00888279 0.00843429 0.0218307 0.00957461 0.0122051 0.00867773 0.0104716 0.013408 0.0630038 0.083328 0.0164171 0.0122812 0.00324616 0.00324251 0 0.00332926 0.00325983 0.00320197 0.00341249 0.00673487 0.00622009 0.939378 0.0238408 0.00676868 0.00660097 0.0100613 0.0164243 0.0308855 0.0101087 0.00985726 0.00987869 0.016612 0.0131989 0.0286948 0.00918913 0.0135488 0.00853707 0.00837617 0.00846924 0.00944199 0.0127703 0.0091439 0.0236288 0.0096255 0.0113274 0.00862514 
0.00821053 0.0156538 0.00864225 0.0250122 0.00893708 0.0094119 0.00960162 0.0146425 0.0336946 0.0389973 0.0243713 0.0112844 0.00322202 0.00323448 0.00332926 0 0.00318322 0.00326879 0.00762934 0.00528093 0.956658 0.00773308 0.00587145 0.0065861 0.00558149 0.024464 0.0145522 0.0199136 0.0122791 0.00986366 0.0138732 0.0102161 0.0428746 0.00934766 0.0309047 0.00862736 0.00910889 0.00847322 0.009219 0.00919154 0.0093332 0.0328862 0.00887932 0.0277697 0.00870427 0.00957258 
0.010764 0.00846204 0.0140307 0.00851493 0.0141008 0.00879183 0.0108834 0.0145394 0.0106056 0.0156694 0.0307199 0.0230192 0.00347611 0.00334173 0.00325983 0.00318322 0 0.00325564 0.00380447 0.994963 0.00580234 0.00445132 0.00423677 0.00497687 0.00642431 0.0108639 0.0154355 0.0131245 0.0118578 0.0107636 0.00985792 0.026084 0.00940555 0.0211248 0.00871254 0.00978768 0.00859117 0.00838662 0.00891717 0.00953894 0.0111911 0.00856424 0.0180194 0.00870573 0.0130231 0.00844688 
0.00989424 0.012249 0.00832195 0.00945228 0.00858346 0.00984696 0.0174965 0.00963882 0.0105047 0.00980385 0.0149335 0.0568259 0.00403487 0.00328622 0.00320197 0.00326879 0.00325564 0 0.996514 0.00386495 0.00335791 0.00332739 0.00352822 0.00547462 0.00455033 0.0249846 0.0101452 0.00975853 0.0111247 0.0117636 0.0303441 0.00933603 0.0122022 0.0085914 0.0108598 0.00833902 0.00854955 0.00860493 0.0143996 0.0094536 0.00859703 0.011911 0.00847567 0.0106287 0.00857682 0.010429 
0.0093638 0.0089983 0.00870313 0.00898081 0.00933083 0.0145609 0.0172043 0.0119827 0.0112722 0.0113708 0.0105833 0.0189839 0.0047309 0.00409673 0.00341249 0.00762934 0.00380447 0.996514 0 0.00327454 0.0032288 0.00320721 0.003239 0.00333344 0.00380946 0.111054 0.0149126 0.011479 0.0103959 0.0275882 0.0228818 0.0114521 0.0114823 0.00989097 0.0097246 0.00856908 0.00898778 0.0127401 0.0105787 0.00923946 0.00906494 0.0102882 0.00924104 0.00970355 0.00979205 0.0140395 
0.0086666 0.0101614 0.0109268 0.0110854 0.0137133 0.00974907 0.015555 0.0367396 0.0259547 0.024875 0.0204532 0.0109531 0.00634486 0.00561188 0.00673487 0.00528093 0.994963 0.00386495 0.00327454 0 0.00318729 0.00319641 0.00320694 0.00326604 0.00356345 0.0404937 0.120895 0.0206254 0.0255544 0.0110591 0.0166362 0.0327732 0.0210641 0.0210842 0.0117596 0.0105373 0.0105028 0.00879496 0.0096285 0.0129606 0.0127866 0.0124027 0.0160367 0.0140028 0.014919 0.00940697 
0.0087983 0.0111156 0.0177284 0.0301521 0.0159402 0.0106179 0.012485 0.0346024 0.0710765 0.082599 0.0255643 0.0120502 0.00615778 0.0182224 0.00622009 0.956658 0.00580234 0.00335791 0.0032288 0.00318729 0 0.0031886 0.00320581 0.00321797 0.00348365 0.263732 0.0342811 0.169227 0.0190858 0.0168685 0.0156472 0.0330085 0.0676933 0.0367147 0.0251045 0.0148719 0.00966991 0.00901978 0.0095165 0.0139163 0.018832 0.0269623 0.0257666 0.0420334 0.0141744 0.0111628 
0.00860187 0.0116179 0.0173257 0.030338 0.0168394 0.00993902 0.0126087 0.0337659 0.110765 0.0751674 0.0304378 0.0104969 0.00732824 0.00999219 0.939378 0.00773308 0.00445132 0.00332739 0.00320721 0.00319641 0.0031886 0 0.00325596 0.00321407 0.00320772 0.0242544 0.461553 0.051569 0.0769477 0.0125481 0.0190834 0.0282717 0.0738779 0.0367544 0.0303377 0.0135217 0.0103191 0.00878908 0.0102608 0.0160897 0.0201272 0.0330771 0.029832 0.0391967 0.0140641 0.0103264 
0.00875584 0.00965452 0.02544 0.0175057 0.0185618 0.0100012 0.0121699 0.0378383 0.0505388 0.127348 0.0163456 0.012655 0.0158803 0.939392 0.0238408 0.00587145 0.00423677 0.00352822 0.003239 0.00320694 0.00320581 0.00325596 0 0.0032089 0.00319782 0.0271822 0.0386987 0.587233 0.0255052 0.0225408 0.0145835 0.0502297 0.0278439 0.0994969 0.0149754 0.0205501 0.00954989 0.00895396 0.00978942 0.0132768 0.0334341 0.0146834 0.0550315 0.0193657 0.0212488 0.0100481 
0.00860093 0.0163329 0.00918341 0.0174569 0.0138144 0.0106604 0.013222 0.0232149 0.0400081 0.0182111 0.087774 0.0106741 0.833566 0.0191111 0.00676868 0.0065861 0.00497687 0.00547462 0.00333344 0.00326604 0.00321797 0.00321407 0.0032089 0 0.00322591 0.0230236 0.0457775 0.0531628 0.622448 0.0155363 0.0287993 0.0202182 0.0804063 0.01026 0.0312844 0.00892317 0.0128016 0.00870572 0.0138374 0.0186897 0.0103586 0.0306062 0.00971906 0.0343083 0.0123904 0.0124583 
0.0120264 0.00846029 0.00929215 0.00882613 0.0105856 0.011554 0.0176336 0.0112995 0.0109481 0.0161719 0.0112135 0.0741802 0.0436387 0.00867489 0.00660097 0.00558149 0.00642431 0.00455033 0.00380946 0.00356345 0.00348365 0.00320772 0.00319782 0.00322591 0 0.0153103 0.019032 0.037155 0.0314965 0.544485 0.0165086 0.0182477 0.0111768 0.0170765 0.00902769 0.00967438 0.00866961 0.009907 0.0140183 0.0101133 0.0114854 0.00914153 0.0134095 0.00922837 0.0141706 0.01097 
0.00878598 0.0086991 0.00866354 0.00952587 0.0095943 0.0149693 0.0149638 0.0142803 0.015854 0.0121666 0.0146952 0.0149931 0.0320787 0.0119408 0.0100613 0.024464 0.0108639 0.0249846 0.111054 0.0404937 0.263732 0.0242544 0.0271822 0.0230236 0.0153103 0 0.00341553 0.00327481 0.00325662 0.00395874 0.0666712 0.0149175 0.0216088 0.0126395 0.0201596 0.00970549 0.0129402 0.0208536 0.0168227 0.0136854 0.010724 0.0150967 0.0101359 0.0143591 0.0121393 0.0324164 
0.0086033 0.00927247 0.0115608 0.0122424 0.0139015 0.0092996 0.0138096 0.0426189 0.0370887 0.059268 0.017382 0.0100286 0.0149625 0.0228132 0.0164243 0.0145522 0.0154355 0.0101452 0.0149126 0.120895 0.0342811 0.461553 0.0386987 0.0457775 0.019032 0.00341553 0 0.00324927 0.00323907 0.00323729 0.0418981 0.0571672 0.0288222 0.0509291 0.0162174 0.0128991 0.0119766 0.00984344 0.0142041 0.0242553 0.0174439 0.0176817 0.0252329 0.0165957 0.0288925 0.0121213 
0.00860652 0.0103834 0.0160677 0.0188721 0.0142821 0.00930588 0.011491 0.0286858 0.112051 0.0739612 0.0187925 0.00965388 0.0118093 0.0189376 0.0308855 0.0199136 0.0131245 0.00975853 0.011479 0.0206254 0.169227 0.051569 0.587233 0.0531628 0.037155 0.00327481 0.00324927 0 0.00321645 0.0032199 0.0231169 0.0493211 0.056374 0.0516249 0.0230745 0.0219994 0.0115877 0.00927331 0.0114854 0.019914 0.0423575 0.0222783 0.0322958 0.0514566 0.0200449 0.0121184 
0.00836436 0.00934939 0.0091027 0.0112291 0.0106659 0.0104703 0.0103673 0.0203467 0.0233771 0.0245961 0.0323845 0.00961496 0.010536 0.01915 0.0101087 0.0122791 0.0118578 0.0111247 0.0103959 0.0255544 0.0190858 0.0769477 0.0255052 0.622448 0.0314965 0.00325662 0.00323907 0.00321645 0 0.00337723 0.0198922 0.0275632 0.0456329 0.0163912 0.0176497 0.00942467 0.0165752 0.00852348 0.0101596 0.0203028 0.0118548 0.0153498 0.0139401 0.0243013 0.0193769 0.0138737 
0.00978135 0.0086753 0.00853626 0.00903875 0.00945193 0.00937504 0.0163886 0.010061 0.0114779 0.0122044 0.0104721 0.0138 0.0300545 0.00984849 0.00985726 0.00986366 0.0107636 0.0117636 0.0275882 0.0110591 0.0168685 0.0125481 0.0225408 0.0155363 0.544485 0.00395874 0.00323729 0.0032199 0.00337723 0 0.0227519 0.0218154 0.0122361 0.0197676 0.00985654 0.00879682 0.00813993 0.0105458 0.0193783 0.0100923 0.0105994 0.0102525 0.0108301 0.0110139 0.0140667 0.0143594 
0.00854436 0.00937096 0.0090015 0.0100651 0.00937247 0.0131056 0.0136059 0.0137106 0.020657 0.0147971 0.0124464 0.0132375 0.0177339 0.013337 0.00987869 0.0138732 0.00985792 0.0303441 0.0228818 0.0166362 0.0156472 0.0190834 0.0145835 0.0287993 0.0165086 0.0666712 0.0418981 0.0231169 0.0198922 0.0227519 0 0.00333385 0.00327251 0.00331262 0.00330172 0.00326715 0.00367887 0.00674569 0.00590227 0.00858452 0.00747901 0.0117372 0.008136 0.0125263 0.0190741 0.95476 
0.00835341 0.00871322 0.0114717 0.0100042 0.011897 0.00890883 0.010481 0.0257787 0.0233392 0.0432709 0.0115006 0.00930845 0.0123257 0.0147013 0.016612 0.0102161 0.026084 0.00933603 0.0114521 0.0327732 0.0330085 0.0282717 0.0502297 0.0202182 0.0182477 0.0149175 0.0571672 0.0493211 0.0275632 0.0218154 0.00333385 0 0.00322473 0.00321631 0.00328563 0.00325743 0.00352761 0.00364481 0.00528033 0.00719803 0.00904261 0.00741422 0.011008 0.0148058 0.979356 0.0135205 
0.00833608 0.0108274 0.00982311 0.0169726 0.0102198 0.00918048 0.0114195 0.0190765 0.0845473 0.0378415 0.0241057 0.00914675 0.0111169 0.0206165 0.0131989 0.0428746 0.00940555 0.0122022 0.0114823 0.0210641 0.0676933 0.0738779 0.0278439 0.0804063 0.0111768 0.0216088 0.0288222 0.056374 0.0456329 0.0122361 0.00327251 0.00322473 0 0.00322086 0.00323097 0.00319556 0.00321653 0.00331238 0.00482964 0.00738662 0.00678839 0.0149819 0.0118996 0.9788 0.01555 0.0120124 
0.00882041 0.00838761 0.0135214 0.00932457 0.0118031 0.0086423 0.00996519 0.0177739 0.0235614 0.0522859 0.0102409 0.0091318 0.0116537 0.0114593 0.0286948 0.00934766 0.0211248 0.0085914 0.00989097 0.0210842 0.0367147 0.0367544 0.0994969 0.01026 0.0170765 0.0126395 0.0509291 0.0516249 0.0163912 0.0197676 0.00331262 0.00321631 0.00322086 0 0.00319532 0.00326582 0.00320128 0.00331541 0.00400384 0.00568463 0.00965272 0.00950578 0.98978 0.0122479 0.0116725 0.00824139 
0.00812424 0.00984429 0.00843776 0.0111204 0.00864071 0.00862498 0.00944219 0.0112589 0.0241698 0.0125448 0.0114216 0.0086506 0.00921428 0.0133969 0.00918913 0.0309047 0.00871254 0.0108598 0.0097246 0.0117596 0.0251045 0.0303377 0.0149754 0.0312844 0.00902769 0.0201596 0.0162174 0.0230745 0.0176497 0.00985654 0.00330172 0.00328563 0.00323097 0.00319532 0 0.00318659 0.00322092 0.00321966 0.00359216 0.0054366 0.00618919 0.992356 0.0069634 0.0148541 0.006833 0.0111974 
0.00824332 0.00819795 0.00889298 0.00834287 0.00850266 0.00815761 0.00848917 0.00995447 0.0101724 0.0142114 0.00862599 0.0083227 0.00949153 0.00874902 0.0135488 0.00862736 0.00978768 0.00833902 0.00856908 0.0105373 0.0148719 0.0135217 0.0205501 0.00892317 0.00967438 0.00970549 0.0128991 0.0219994 0.00942467 0.00879682 0.00326715 0.00325743 0.00319556 0.00326582 0.00318659 0 0.00319193 0.00320252 0.00348662 0.00599038 0.983451 0.00523862 0.0100259 0.00542832 0.00766532 0.00640259 
0.00806819 0.00843493 0.00817058 0.00832326 0.00824228 0.00819605 0.00875007 0.00879225 0.00903482 0.00891516 0.00870758 0.00831804 0.00910358 0.00946538 0.00853707 0.00910889 0.00859117 0.00854955 0.00898778 0.0105028 0.00966991 0.0103191 0.00954989 0.0128016 0.00866961 0.0129402 0.0119766 0.0115877 0.0165752 0.00813993 0.00367887 0.00352761 0.00321653 0.00320128 0.00322092 0.00319193 0 0.00370806 0.00350219 0.987232 0.00531622 0.00629999 0.00442646 0.00688142 0.00596957 0.0065911 
0.00869101 0.00811442 0.00813009 0.00809881 0.00806069 0.00814871 0.00958352 0.00828017 0.00835718 0.00838066 0.00825315 0.00835559 0.0150717 0.00847362 0.00837617 0.00847322 0.00838662 0.00860493 0.0127401 0.00879496 0.00901978 0.00878908 0.00895396 0.00870572 0.009907 0.0208536 0.00984344 0.00927331 0.00852348 0.0105458 0.00674569 0.00364481 0.00331238 0.00331541 0.00321966 0.00320252 0.00370806 0 0.999037 0.00442703 0.00369886 0.00350891 0.00346128 0.0045071 0.0053593 0.00597294 
0.00829594 0.00847096 0.00820466 0.00850649 0.00835089 0.00967917 0.00892302 0.00881473 0.00917681 0.00926202 0.00923123 0.0115062 0.00939539 0.0090352 0.00846924 0.009219 0.00891717 0.0143996 0.0105787 0.0096285 0.0095165 0.0102608 0.00978942 0.0138374 0.0140183 0.0168227 0.0142041 0.0114854 0.0101596 0.0193783 0.00590227 0.00528033 0.00482964 0.00400384 0.00359216 0.00348662 0.00350219 0.999037 0 0.00435274 0.00324041 0.00325333 0.00328369 0.00340152 0.00355098 0.00786297 
0.00805674 0.00825514 0.00846263 0.00875192 0.00890038 0.00852895 0.00861232 0.0105397 0.0123333 0.0114983 0.010086 0.00850141 0.00913859 0.00985226 0.00944199 0.00919154 0.00953894 0.0094536 0.00923946 0.0129606 0.0139163 0.0160897 0.0132768 0.0186897 0.0101133 0.0136854 0.0242553 0.019914 0.0203028 0.0100923 0.00858452 0.00719803 0.00738662 0.00568463 0.0054366 0.00599038 0.987232 0.00442703 0.00435274 0 0.00323741 0.00322632 0.00320438 0.00337365 0.00358011 0.00370279 
0.00832921 0.00828121 0.00961509 0.00903205 0.00917799 0.00835625 0.00891887 0.0107018 0.0157323 0.0202129 0.00905629 0.00863115 0.00946252 0.0096067 0.0127703 0.0093332 0.0111911 0.00859703 0.00906494 0.0127866 0.018832 0.0201272 0.0334341 0.0103586 0.0114854 0.010724 0.0174439 0.0423575 0.0118548 0.0105994 0.00747901 0.00904261 0.00678839 0.00965272 0.00618919 0.983451 0.00531622 0.00369886 0.00324041 0.00323741 0 0.00319801 0.00322009 0.00323309 0.00317421 0.00350114 
0.00807601 0.00971376 0.00855694 0.0111293 0.00891725 0.00877817 0.00940902 0.0118765 0.029651 0.0159324 0.0123182 0.0086412 0.0091517 0.0134011 0.0091439 0.0328862 0.00856424 0.011911 0.0102882 0.0124027 0.0269623 0.0330771 0.0146834 0.0306062 0.00914153 0.0150967 0.0176817 0.0222783 0.0153498 0.0102525 0.0117372 0.00741422 0.0149819 0.00950578 0.992356 0.00523862 0.00629999 0.00350891 0.00325333 0.00322632 0.00319801 0 0.00319677 0.00333515 0.00324293 0.00409271 
0.00881389 0.00834391 0.0142047 0.00883857 0.00958465 0.00838075 0.00919398 0.0148195 0.0189313 0.0308407 0.00948434 0.00874891 0.0102483 0.00942026 0.0236288 0.00887932 0.0180194 0.00847567 0.00924104 0.0160367 0.0257666 0.029832 0.0550315 0.00971906 0.0134095 0.0101359 0.0252329 0.0322958 0.0139401 0.0108301 0.008136 0.011008 0.0118996 0.98978 0.0069634 0.0100259 0.00442646 0.00346128 0.00328369 0.00320438 0.00322009 0.00319677 0 0.00321557 0.00326334 0.00323507 
0.00810118 0.00950052 0.00886928 0.0109522 0.00889153 0.00855276 0.00950931 0.0130601 0.0297894 0.0172883 0.0117055 0.00858873 0.00918971 0.0140719 0.0096255 0.0277697 0.00870573 0.0106287 0.00970355 0.0140028 0.0420334 0.0391967 0.0193657 0.0343083 0.00922837 0.0143591 0.0165957 0.0514566 0.0243013 0.0110139 0.0125263 0.0148058 0.9788 0.0122479 0.0148541 0.00542832 0.00688142 0.0045071 0.00340152 0.00337365 0.00323309 0.00333515 0.00321557 0 0.00319273 0.00322611 
0.00847936 0.00828887 0.00912125 0.00855489 0.008746 0.00842235 0.00931322 0.0107069 0.0107168 0.0126632 0.00935371 0.00871865 0.0110326 0.0101559 0.0113274 0.00870427 0.0130231 0.00857682 0.00979205 0.014919 0.0141744 0.0140641 0.0212488 0.0123904 0.0141706 0.0121393 0.0288925 0.0200449 0.0193769 0.0140667 0.0190741 0.979356 0.01555 0.0116725 0.006833 0.00766532 0.00596957 0.0053593 0.00355098 0.00358011 0.00317421 0.00324293 0.00326334 0.00319273 0 0.00329484 
0.00856808 0.00856229 0.00822753 0.00850525 0.00847038 0.00856027 0.0104239 0.00928756 0.00942727 0.00938526 0.00918351 0.00916794 0.014763 0.00953484 0.00862514 0.00957258 0.00844688 0.010429 0.0140395 0.00940697 0.0111628 0.0103264 0.0100481 0.0124583 0.01097 0.0324164 0.0121213 0.0121184 0.0138737 0.0143594 0.95476 0.0135205 0.0120124 0.00824139 0.0111974 0.00640259 0.0065911 0.00597294 0.00786297 0.00370279 0.00350114 0.00409271 0.00323507 0.00322611 0.00329484 0 
