1IM3D
PWFQIEDNRCYIDNGKLFARGSIVGNMSRFVFDPKADYGGVGENLYVHADDVEFVPGESLKWNVRNLDVMPIFETLALRLVLQGDVIWLRCVPEL
CCEEEEEEEEEECCCEEEEEEEEEECCCCEEEEEEEECCCCEEECCCCHHHEEEECCCEEEEEEEEEECCCCCCEEEEEEEECCEEEEEEECCCC
0 0 0 0 0 0 0 0 0 0 0 0 0 0 0 0 0 0 0 0 0 0 0 0 0 0 0 0 0 0 0 0 0 0 0 0 0 0 0 0 0 0 0 0 0 0 0 0 0 0 0 0 0 0 0 0 0 0 0 0 0 0 0 0 0 0 0 0 0 0 0 0 0 0 0 0 0 0 0 0 0 0 0 0 0 0 0 0 0 0 0 0 0 0 0 
0 0 0 0 0 0 0 0 0 0 0 0 0 0 0 0 0 0 0 0 0 0 0 0 0 0 0 0 0 0 0 0 0 0 0 0 0 0 0 0 0 0 0 0 0 0 0 0 0 0 0 0 0 0 0 0 0 0 0 0 0 0 0 0 0 0 0 0 0 0 0 0 0 0 0 0 0 0 0 0 0 0 0 0 0 0 0 0 0 0 0 0 0 0 0 
0 0.0033747 0.0034713 0.00339489 0.00383709 0.00356896 0.00343392 0.0038677 0.00414593 0.0249141 0.00659324 0.00916919 0.00843534 0.00890193 0.00831386 0.0133738 0.0107884 0.0117382 0.0116432 0.509928 0.022994 0.0094999 0.0114729 0.0084505 0.0106022 0.00935822 0.0117013 0.010746 0.0104755 0.00891682 0.0142957 0.016998 0.00890955 0.010127 0.0104212 0.00947513 0.00924505 0.00854513 0.010695 0.00849772 0.0100827 0.00829627 0.00856872 0.0105652 0.00939309 0.00946125 0.00919901 0.00877478 0.00924199 0.00922486 0.0096958 0.00898301 0.0109982 0.00831521 0.00825862 0.00905381 0.0083091 0.0090649 0.00840118 0.0113527 
0.0033747 0 0.00331619 0.00329432 0.00328865 0.0033364 0.00327388 0.00358986 0.0168544 0.00365795 0.0058928 0.00648773 0.00809871 0.00695684 0.0200851 0.00745006 0.0188413 0.0100535 0.488268 0.0264895 0.0114278 0.0158367 0.00923895 0.0117721 0.00841755 0.0126979 0.0101098 0.00933175 0.00856815 0.00943405 0.00850689 0.00873324 0.0103477 0.00876762 0.00841068 0.00873415 0.0086782 0.0105342 0.00857171 0.0108311 0.00841199 0.00886577 0.00928567 0.00855162 0.008738 0.00874394 0.00908673 0.0121322 0.00949563 0.0128189 0.00932637 0.0103724 0.00849397 0.00820516 0.00881406 0.00841024 0.0107523 0.00852604 0.0101645 0.00832173 
0.0034713 0.00331619 0 0.00328994 0.00320057 0.00323539 0.00321552 0.00741151 0.00335363 0.00366278 0.00582283 0.00793418 0.00684823 0.0151138 0.0068571 0.0126365 0.0122976 0.442215 0.0867956 0.00934251 0.0105616 0.0094529 0.0252467 0.00900332 0.0128338 0.00931259 0.0122507 0.00840186 0.00910156 0.00861684 0.00859051 0.0128503 0.00887662 0.0104182 0.0084241 0.00858073 0.0114418 0.00887137 0.0151415 0.00936097 0.01233 0.00908884 0.00907837 0.0103858 0.00845685 0.00885493 0.0108234 0.0111468 0.0178864 0.0111309 0.0208363 0.00927645 0.00906206 0.00824847 0.0085938 0.0134606 0.0089872 0.0136531 0.00848606 0.00903561 
0.00339489 0.00329432 0.00328994 0 0.00320112 0.00320043 0.00330431 0.00332017 0.0033509 0.00340123 0.00606551 0.00871733 0.00924384 0.0069097 0.00832881 0.00826952 0.131817 0.218281 0.0135311 0.00762318 0.0105226 0.0136419 0.0123913 0.0109655 0.00919543 0.0106209 0.0101359 0.00960988 0.00856694 0.00858117 0.00860686 0.00883374 0.00999634 0.00883674 0.00847295 0.00898669 0.00878468 0.0124279 0.00974587 0.0135304 0.00894835 0.00940749 0.010863 0.00847884 0.00873798 0.00921309 0.00919953 0.0179171 0.0121523 0.0198548 0.0138617 0.0103235 0.00877161 0.0082542 0.0089361 0.00972033 0.0149593 0.00972016 0.00956382 0.00902784 
0.00383709 0.00328865 0.00320057 0.00320112 0 0.00326175 0.00323638 0.00324362 0.00325313 0.00346628 0.00591373 0.0193361 0.00854455 0.0083354 0.0123372 0.0307199 0.850614 0.0131244 0.00931761 0.00837808 0.00997308 0.0118223 0.013913 0.00990312 0.0109 0.0137396 0.0102602 0.00894507 0.00860994 0.00880088 0.00885913 0.00932796 0.0105048 0.00905985 0.00846389 0.00894104 0.00964296 0.0124249 0.0168643 0.0128582 0.00927896 0.0110597 0.00952221 0.0086719 0.00916739 0.00889366 0.00991191 0.0191302 0.0179712 0.0242751 0.01432 0.0122119 0.0090136 0.00820747 0.00913432 0.0110613 0.0147595 0.00964339 0.0113903 0.00898009 
0.00356896 0.0033364 0.00323539 0.00320043 0.00326175 0 0.00316877 0.00318918 0.00324291 0.00331708 0.00370578 0.00615625 0.00614608 0.0158977 0.0181745 0.903815 0.00709568 0.0104651 0.00722897 0.00758937 0.00907221 0.0106541 0.0134048 0.00908419 0.01282 0.00993722 0.0116884 0.0102042 0.00860021 0.00846064 0.00875822 0.0122205 0.00886186 0.00988821 0.00838638 0.00879179 0.0108168 0.00977521 0.0168199 0.00912034 0.0139223 0.00897779 0.00966304 0.0110174 0.00849145 0.00966857 0.0108278 0.0161556 0.0253664 0.0147951 0.0247294 0.0103893 0.0102478 0.00833748 0.00937447 0.0146318 0.0105813 0.0234372 0.00895316 0.0104667 
0.00343392 0.00327388 0.00321552 0.00330431 0.00323638 0.00316877 0 0.00313275 0.00323824 0.00324141 0.00468468 0.00472879 0.0162321 0.0178877 0.938933 0.00614892 0.0135312 0.00693496 0.0091614 0.00699234 0.00929279 0.013466 0.0100978 0.0220561 0.00839518 0.0110934 0.00854284 0.00954542 0.00858334 0.00897365 0.00887935 0.00871188 0.0133987 0.0086647 0.00846551 0.00958308 0.00875831 0.0258797 0.00868068 0.0232764 0.00853251 0.0109737 0.0105036 0.00842624 0.0106985 0.00892634 0.00954767 0.0265823 0.0112673 0.0292891 0.0101014 0.0149651 0.00847929 0.00853644 0.00912795 0.00921788 0.0294519 0.00877615 0.015411 0.00838337 
0.0038677 0.00358986 0.00741151 0.00332017 0.00324362 0.00318918 0.00313275 0 0.00329315 0.00377464 0.00389089 0.0321186 0.0249582 0.945375 0.00583193 0.00976503 0.00592706 0.0140409 0.00665126 0.00788719 0.0109641 0.0102044 0.0227197 0.00849127 0.0106091 0.00863423 0.0144562 0.00806291 0.00959374 0.00840761 0.00883592 0.0207091 0.00859749 0.0134124 0.00854785 0.00874101 0.0224107 0.00871296 0.0411783 0.00845886 0.0212216 0.00887222 0.0088894 0.0158536 0.00836553 0.010207 0.0134181 0.0112285 0.0271155 0.0111148 0.0305768 0.00897993 0.0106462 0.00831302 0.00871406 0.0286614 0.00895397 0.0302354 0.00839342 0.0104105 
0.00414593 0.0168544 0.00335363 0.0033509 0.00325313 0.00324291 0.00323824 0.00329315 0 0.00335142 0.0257299 0.167393 0.87389 0.00570798 0.00974077 0.00532755 0.0105547 0.00699573 0.00943665 0.00679136 0.010072 0.0317569 0.00915914 0.0124595 0.00808151 0.0119004 0.00867656 0.0104153 0.00957594 0.0139537 0.00892006 0.00942083 0.019168 0.00902157 0.00900434 0.0137088 0.00880134 0.018844 0.00861257 0.0195705 0.00860295 0.00946452 0.0102069 0.00858466 0.0108282 0.00957401 0.0100893 0.0161065 0.00920863 0.0146988 0.00922784 0.0144954 0.00861539 0.00879886 0.0113054 0.00877444 0.0175381 0.0086485 0.0124261 0.0084242 
0.0249141 0.00365795 0.00366278 0.00340123 0.00346628 0.00331708 0.00324141 0.00377464 0.00335142 0 0.41236 0.82574 0.00354115 0.0123802 0.00349739 0.0059523 0.00883855 0.00796356 0.00596798 0.00770479 0.0329835 0.0118479 0.00982285 0.00735184 0.00789336 0.00800046 0.0102461 0.00807335 0.0177502 0.0085961 0.00927137 0.0497461 0.00874618 0.00915612 0.00889495 0.0127829 0.0137372 0.00835859 0.0118904 0.00834579 0.00984651 0.00838892 0.00837274 0.0101756 0.00858759 0.0130001 0.0114983 0.00887624 0.0104187 0.00866587 0.0101284 0.00857407 0.0117096 0.00986947 0.00851165 0.00938136 0.00831257 0.0097021 0.00824736 0.0103914 
0.00659324 0.0058928 0.00582283 0.00606551 0.00591373 0.00370578 0.00468468 0.00389089 0.0257299 0.41236 0 0.00409994 0.0036265 0.00324426 0.00351573 0.00325267 0.00402628 0.0039326 0.00913477 0.00628208 0.00875532 0.00763032 0.00727929 0.00691412 0.00739749 0.00887222 0.00825107 0.0182501 0.00934047 0.00907812 0.0150983 0.00882056 0.0102316 0.00979612 0.0149242 0.0123464 0.00845854 0.0105019 0.00834556 0.011412 0.00825856 0.00892341 0.00926239 0.00909622 0.016834 0.0118438 0.00883669 0.00985401 0.00872611 0.0118787 0.00891811 0.0131941 0.010236 0.00902756 0.00856955 0.00841509 0.0102717 0.00818708 0.0115685 0.0103385 
0.00916919 0.00648773 0.00793418 0.00871733 0.0193361 0.00615625 0.00472879 0.0321186 0.167393 0.82574 0.00409994 0 0.00321443 0.00323264 0.00323751 0.00349666 0.00327194 0.00773927 0.0087477 0.00576688 0.00944859 0.00911019 0.0106039 0.0074813 0.00898736 0.00844265 0.0214601 0.0118157 0.00976102 0.0136594 0.00977999 0.0144675 0.00917768 0.0169224 0.00914105 0.00937901 0.0123583 0.00893688 0.0205732 0.00903657 0.0131374 0.00928354 0.0129365 0.0232482 0.00903218 0.00965583 0.0167531 0.0111381 0.0243126 0.0115427 0.0373239 0.0111664 0.0115425 0.00835677 0.0093154 0.0137644 0.00979656 0.0156765 0.0094584 0.0112542 
0.00843534 0.00809871 0.00684823 0.00924384 0.00854455 0.00614608 0.0162321 0.0249582 0.87389 0.00354115 0.0036265 0.00321443 0 0.0032487 0.003192 0.00316603 0.00338196 0.0036661 0.00345634 0.00368308 0.00732696 0.0115184 0.0102159 0.0102876 0.00751431 0.0144308 0.0152668 0.0393906 0.00900785 0.00904025 0.0107696 0.00929215 0.014709 0.00940142 0.00988122 0.0110565 0.00886908 0.0288735 0.00929893 0.0309314 0.0090304 0.0266296 0.0136959 0.00907409 0.0129489 0.0103671 0.0101721 0.0499694 0.0138705 0.0739274 0.0136346 0.0230581 0.00950556 0.00884757 0.0108413 0.0116071 0.051621 0.00967961 0.0196461 0.00896531 
0.00890193 0.00695684 0.0151138 0.0069097 0.0083354 0.0158977 0.0178877 0.945375 0.00570798 0.0123802 0.00324426 0.00323264 0.0032487 0 0.00319522 0.00322609 0.00323576 0.00356663 0.00334981 0.0058168 0.00724583 0.00946544 0.0101166 0.00898847 0.0123896 0.0258568 0.0677226 0.00804248 0.00912936 0.00931974 0.00867588 0.0152052 0.00882664 0.013927 0.00855639 0.00879632 0.0196508 0.00864601 0.0432937 0.00867447 0.0516197 0.00905665 0.00994762 0.0169255 0.00885744 0.00969152 0.0227076 0.013407 0.0705079 0.0151401 0.0697378 0.0122404 0.0136096 0.00841443 0.00934645 0.0426008 0.0102614 0.0578723 0.00863258 0.0133482 
0.00831386 0.0200851 0.0068571 0.00832881 0.0123372 0.0181745 0.938933 0.00583193 0.00974077 0.00349739 0.00351573 0.00323751 0.003192 0.00319522 0 0.00311365 0.00361565 0.00322179 0.00341833 0.00323627 0.00670524 0.00779132 0.00794016 0.0112799 0.0178746 0.0474805 0.00792223 0.0121608 0.00832796 0.00903891 0.00889768 0.00857892 0.0153955 0.00865883 0.00866416 0.0108597 0.00864129 0.0398314 0.00903843 0.0920438 0.00852996 0.0127562 0.0117215 0.00849325 0.0126893 0.00984281 0.00919063 0.0542145 0.0111615 0.0540012 0.010795 0.022751 0.00880368 0.0086632 0.0102419 0.00968063 0.059048 0.00885571 0.0216316 0.00857266 
0.0133738 0.00745006 0.0126365 0.00826952 0.0307199 0.903815 0.00614892 0.00976503 0.00532755 0.0059523 0.00325267 0.00349666 0.00316603 0.00322609 0.00311365 0 0.00343244 0.00326052 0.00321805 0.0031852 0.00597647 0.00823108 0.0181975 0.019648 0.0562503 0.00973209 0.0132443 0.00672125 0.00892746 0.0083073 0.00908768 0.0231858 0.00850287 0.0123615 0.00857153 0.00880172 0.0224855 0.00869836 0.10423 0.00876227 0.0295102 0.00911921 0.00947232 0.0194383 0.00859729 0.0101901 0.0228711 0.0122074 0.068224 0.0132156 0.0691715 0.00968944 0.0129284 0.00849966 0.00966882 0.0518035 0.00951509 0.0574054 0.00872628 0.0142715 
0.0107884 0.0188413 0.0122976 0.131817 0.850614 0.00709568 0.0135312 0.00592706 0.0105547 0.00883855 0.00402628 0.00327194 0.00338196 0.00323576 0.00361565 0.00343244 0 0.00321305 0.00323117 0.00331369 0.0115963 0.0165796 0.0243557 0.0867375 0.00808307 0.0118723 0.00704434 0.00818946 0.00868682 0.0092754 0.00886518 0.00918443 0.041654 0.00906902 0.00951021 0.0122235 0.00896165 0.094735 0.00910796 0.0515969 0.00888136 0.0150624 0.0154315 0.00865105 0.0120382 0.0114147 0.0121371 0.0775639 0.015994 0.0927506 0.016256 0.0263188 0.00928796 0.00926236 0.0157856 0.0115059 0.0875372 0.00971754 0.0223201 0.00896136 
0.0117382 0.0100535 0.442215 0.218281 0.0131244 0.0104651 0.00693496 0.0140409 0.00699573 0.00796356 0.0039326 0.00773927 0.0036661 0.00356663 0.00322179 0.00326052 0.00321305 0 0.00321498 0.00320785 0.00735485 0.0345734 0.133779 0.0118823 0.0134302 0.00685711 0.0135354 0.00697778 0.00928682 0.00921204 0.00974967 0.014752 0.00928156 0.0174634 0.00862508 0.00904488 0.0386783 0.0103163 0.0418929 0.00993338 0.0214286 0.0101958 0.0105585 0.0127145 0.00914627 0.0100519 0.0255722 0.0258681 0.0798483 0.0243425 0.0835169 0.0138893 0.0127298 0.00894051 0.0103499 0.0567708 0.0138178 0.0492098 0.00955214 0.0110643 
0.0116432 0.488268 0.0867956 0.0135311 0.00931761 0.00722897 0.0091614 0.00665126 0.00943665 0.00596798 0.00913477 0.0087477 0.00345634 0.00334981 0.00341833 0.00321805 0.00323117 0.00321498 0 0.00336688 0.0357349 0.143958 0.00980514 0.0071038 0.00601428 0.00937374 0.00753431 0.0096611 0.0108192 0.0171463 0.00922761 0.00967401 0.0171109 0.0103035 0.0100094 0.021032 0.0101619 0.0168779 0.00959595 0.0144567 0.00889813 0.0103719 0.0106124 0.00974907 0.0116378 0.0125277 0.0125011 0.0311137 0.0122517 0.0272891 0.0137415 0.035263 0.0123702 0.00941321 0.0138015 0.00987963 0.0191278 0.00981507 0.0153045 0.00937243 
0.509928 0.0264895 0.00934251 0.00762318 0.00837808 0.00758937 0.00699234 0.00788719 0.00679136 0.00770479 0.00628208 0.00576688 0.00368308 0.0058168 0.00323627 0.0031852 0.00331369 0.00320785 0.00336688 0 0.133267 0.0152633 0.00439553 0.0041392 0.0054113 0.0053743 0.00729831 0.00613893 0.0114435 0.00810228 0.0112644 0.0325022 0.00905931 0.0102563 0.00975367 0.0136482 0.0118065 0.00907093 0.0115803 0.00893006 0.0106828 0.00872032 0.00913068 0.0108025 0.0103889 0.0163039 0.0118996 0.011314 0.0156106 0.0120772 0.0128418 0.0117565 0.0194587 0.011626 0.00894336 0.0111848 0.00926734 0.011796 0.00898178 0.0137625 
0.022994 0.0114278 0.0105616 0.0105226 0.00997308 0.00907221 0.00929279 0.0109641 0.010072 0.0329835 0.00875532 0.00944859 0.00732696 0.00724583 0.00670524 0.00597647 0.0115963 0.00735485 0.0357349 0.133267 0 0.00329122 0.00323009 0.0032093 0.00323294 0.00342187 0.00384103 0.00524505 0.00830986 0.00736395 0.0185495 0.0138538 0.012434 0.0159019 0.0219218 0.0199843 0.0110204 0.0102999 0.0132349 0.0106393 0.0115594 0.0103286 0.0106741 0.0142521 0.018664 0.0293918 0.0254079 0.0157408 0.0198671 0.0183772 0.0268322 0.0167898 0.041719 0.0112616 0.0108294 0.0132036 0.0115349 0.011827 0.0112798 0.0356652 
0.0094999 0.0158367 0.0094529 0.0136419 0.0118223 0.0106541 0.013466 0.0102044 0.0317569 0.0118479 0.00763032 0.00911019 0.0115184 0.00946544 0.00779132 0.00823108 0.0165796 0.0345734 0.143958 0.0152633 0.00329122 0 0.00321318 0.00320573 0.00323352 0.0034136 0.00430277 0.00454067 0.0169015 0.0143203 0.00778895 0.00906959 0.0159012 0.020438 0.01684 0.0106428 0.0119515 0.012953 0.0126209 0.018144 0.0105336 0.0123858 0.0130989 0.0134405 0.0108753 0.0145705 0.0258708 0.0548734 0.027647 0.0552893 0.025986 0.0969476 0.0110486 0.00953963 0.0161457 0.0162869 0.0328975 0.0118631 0.0295072 0.0109357 
0.0114729 0.00923895 0.0252467 0.0123913 0.013913 0.0134048 0.0100978 0.0227197 0.00915914 0.00982285 0.00727929 0.0106039 0.0102159 0.0101166 0.00794016 0.0181975 0.0243557 0.133779 0.00980514 0.00439553 0.00323009 0.00321318 0 0.00320119 0.00314718 0.00321714 0.00323682 0.00320716 0.00966398 0.00635786 0.0176637 0.0111598 0.0112108 0.0204469 0.0100333 0.00994547 0.0117724 0.0103613 0.0363055 0.0103019 0.0172771 0.0119639 0.0117466 0.0146355 0.00981102 0.0122749 0.0204254 0.0346985 0.0886003 0.0285757 0.198971 0.0138628 0.0165881 0.00944845 0.0114381 0.0472082 0.0153621 0.0695131 0.0104612 0.0130512 
0.0084505 0.0117721 0.00900332 0.0109655 0.00990312 0.00908419 0.0220561 0.00849127 0.0124595 0.00735184 0.00691412 0.0074813 0.0102876 0.00898847 0.0112799 0.019648 0.0867375 0.0118823 0.0071038 0.0041392 0.0032093 0.00320573 0.00320119 0 0.00316817 0.00318691 0.003187 0.00325762 0.00467335 0.00738027 0.0149127 0.006462 0.0348007 0.00909304 0.00819021 0.00866383 0.00862296 0.017402 0.00902605 0.0215586 0.00839998 0.0103986 0.0116207 0.0085208 0.0146185 0.00961928 0.0109269 0.0485131 0.0142623 0.185638 0.0135928 0.0233512 0.00941975 0.00884807 0.0102707 0.0113987 0.0648263 0.0116174 0.0157036 0.00894214 
0.0106022 0.00841755 0.0128338 0.00919543 0.0109 0.01282 0.00839518 0.0106091 0.00808151 0.00789336 0.00739749 0.00898736 0.00751431 0.0123896 0.0178746 0.0562503 0.00808307 0.0134302 0.00601428 0.0054113 0.00323294 0.00323352 0.00314718 0.00316817 0 0.00318875 0.00318846 0.00319021 0.00472258 0.00605308 0.0189669 0.0213044 0.007411 0.00894186 0.00740985 0.00855745 0.0118201 0.00892594 0.0189535 0.00841789 0.014192 0.0090832 0.00877287 0.0124739 0.00847608 0.0101809 0.0148868 0.0130197 0.111218 0.0122534 0.0405774 0.010382 0.0106897 0.00963008 0.0093808 0.03996 0.0109251 0.0257866 0.00893958 0.0102362 
0.00935822 0.0126979 0.00931259 0.0106209 0.0137396 0.00993722 0.0110934 0.00863423 0.0119004 0.00800046 0.00887222 0.00844265 0.0144308 0.0258568 0.0474805 0.00973209 0.0118723 0.00685711 0.00937374 0.0053743 0.00342187 0.0034136 0.00321714 0.00318691 0.00318875 0 0.00318685 0.00318895 0.00452617 0.00693479 0.745032 0.00663331 0.0095674 0.00840135 0.0086335 0.0111562 0.00881624 0.0177621 0.00915659 0.015939 0.00880375 0.0107343 0.0109548 0.00878188 0.0127928 0.011029 0.0108345 0.107207 0.0113243 0.0532855 0.0118241 0.0206837 0.00967676 0.00912196 0.021254 0.0106148 0.0378652 0.00958055 0.0153993 0.00950427 
0.0117013 0.0101098 0.0122507 0.0101359 0.0102602 0.0116884 0.00854284 0.0144562 0.00867656 0.0102461 0.00825107 0.0214601 0.0152668 0.0677226 0.00792223 0.0132443 0.00704434 0.0135354 0.00753431 0.00729831 0.00384103 0.00430277 0.00323682 0.003187 0.00318846 0.00318685 0 0.0031894 0.0147992 0.857378 0.0073299 0.031837 0.00757312 0.032267 0.00773693 0.00923309 0.0310108 0.00846487 0.0173726 0.00834888 0.0141723 0.00856794 0.00910197 0.0264713 0.00858957 0.0105677 0.076606 0.0110496 0.0303853 0.0104779 0.0295949 0.0125743 0.0172391 0.00973934 0.0100199 0.0163375 0.00918655 0.0266896 0.00928196 0.0119104 
0.010746 0.00933175 0.00840186 0.00960988 0.00894507 0.0102042 0.00954542 0.00806291 0.0104153 0.00807335 0.0182501 0.0118157 0.0393906 0.00804248 0.0121608 0.00672125 0.00818946 0.00697778 0.0096611 0.00613893 0.00524505 0.00454067 0.00320716 0.00325762 0.00319021 0.00318895 0.0031894 0 0.896285 0.00444094 0.00805064 0.00710383 0.0102994 0.00723158 0.0116018 0.0172833 0.00811987 0.0103817 0.00826501 0.0108853 0.00809945 0.00867794 0.00966976 0.00829679 0.0182464 0.023402 0.00917524 0.0143231 0.00920494 0.0127177 0.00924826 0.0129665 0.0109315 0.0108458 0.00903302 0.00871448 0.0136547 0.00850962 0.0123839 0.00864058 
0.0104755 0.00856815 0.00910156 0.00856694 0.00860994 0.00860021 0.00858334 0.00959374 0.00957594 0.0177502 0.00934047 0.00976102 0.00900785 0.00912936 0.00832796 0.00892746 0.00868682 0.00928682 0.0108192 0.0114435 0.00830986 0.0169015 0.00966398 0.00467335 0.00472258 0.00452617 0.0147992 0.896285 0 0.00472377 0.00626399 0.00533384 0.00600832 0.0231579 0.0125354 0.00797994 0.00780916 0.00827612 0.00925935 0.00833321 0.0105634 0.0125458 0.00885696 0.0122046 0.0126159 0.0119868 0.0101739 0.00979655 0.00983363 0.0100471 0.0108917 0.0102121 0.0140384 0.0091123 0.00880822 0.010078 0.00893798 0.00907475 0.00947807 0.0203788 
0.00891682 0.00943405 0.00861684 0.00858117 0.00880088 0.00846064 0.00897365 0.00840761 0.0139537 0.0085961 0.00907812 0.0136594 0.00904025 0.00931974 0.00903891 0.0083073 0.0092754 0.00921204 0.0171463 0.00810228 0.00736395 0.0143203 0.00635786 0.00738027 0.00605308 0.00693479 0.857378 0.00444094 0.00472377 0 0.00561817 0.00513037 0.0184184 0.0170248 0.00551581 0.00791229 0.0150377 0.00815398 0.00783005 0.00947547 0.00934165 0.0090879 0.00839984 0.00940604 0.0123492 0.00930462 0.0123045 0.0100964 0.00967702 0.0103268 0.00961674 0.0186317 0.00892691 0.00883433 0.00943242 0.00919711 0.00966621 0.00883573 0.0130296 0.00848564 
0.0142957 0.00850689 0.00859051 0.00860686 0.00885913 0.00875822 0.00887935 0.00883592 0.00892006 0.00927137 0.0150983 0.00977999 0.0107696 0.00867588 0.00889768 0.00908768 0.00886518 0.00974967 0.00922761 0.0112644 0.0185495 0.00778895 0.0176637 0.0149127 0.0189669 0.745032 0.0073299 0.00805064 0.00626399 0.00561817 0 0.0528261 0.011602 0.00523265 0.00697437 0.0148456 0.00788431 0.00751897 0.00796188 0.012995 0.0082078 0.0084715 0.00849507 0.00824637 0.0114647 0.0150628 0.00987106 0.0107471 0.00934372 0.0102523 0.00941225 0.0097941 0.0112036 0.0131217 0.00871844 0.00901979 0.00947835 0.00896565 0.00960814 0.00926665 
0.016998 0.00873324 0.0128503 0.00883374 0.00932796 0.0122205 0.00871188 0.0207091 0.00942083 0.0497461 0.00882056 0.0144675 0.00929215 0.0152052 0.00857892 0.0231858 0.00918443 0.014752 0.00967401 0.0325022 0.0138538 0.00906959 0.0111598 0.006462 0.0213044 0.00663331 0.031837 0.00710383 0.00533384 0.00513037 0.0528261 0 0.0032197 0.00342236 0.00360989 0.00358622 0.00424614 0.0131189 0.674718 0.00610814 0.0129585 0.00508352 0.00547734 0.0147796 0.00765825 0.0119706 0.0136775 0.00936646 0.0169932 0.0108676 0.0227755 0.0102991 0.0573979 0.0089278 0.00932374 0.0184709 0.0089898 0.0232123 0.00938889 0.0875403 
0.00890955 0.0103477 0.00887662 0.00999634 0.0105048 0.00886186 0.0133987 0.00859749 0.019168 0.00874618 0.0102316 0.00917768 0.014709 0.00882664 0.0153955 0.00850287 0.041654 0.00928156 0.0171109 0.00905931 0.012434 0.0159012 0.0112108 0.0348007 0.007411 0.0095674 0.00757312 0.0102994 0.00600832 0.0184184 0.011602 0.0032197 0 0.00326551 0.0032386 0.00490144 0.00430756 0.805396 0.00444748 0.00773676 0.00468481 0.00672107 0.00703364 0.00626905 0.00751465 0.00982631 0.00966098 0.0210771 0.00966975 0.0250314 0.00961087 0.0283646 0.00884857 0.00985497 0.0110421 0.00915872 0.0259039 0.00880255 0.0433362 0.00893133 
0.010127 0.00876762 0.0104182 0.00883674 0.00905985 0.00988821 0.0086647 0.0134124 0.00902157 0.00915612 0.00979612 0.0169224 0.00940142 0.013927 0.00865883 0.0123615 0.00906902 0.0174634 0.0103035 0.0102563 0.0159019 0.020438 0.0204469 0.00909304 0.00894186 0.00840135 0.032267 0.00723158 0.0231579 0.0170248 0.00523265 0.00342236 0.00326551 0 0.00325004 0.00481459 0.840472 0.00421415 0.00535832 0.00436959 0.00637001 0.00646505 0.00640544 0.00831596 0.00642078 0.0103594 0.0206177 0.00997172 0.0170972 0.0102657 0.021744 0.010794 0.0110705 0.00960789 0.00975945 0.0125751 0.00956749 0.0361921 0.00926921 0.0101141 
0.0104212 0.00841068 0.0084241 0.00847295 0.00846389 0.00838638 0.00846551 0.00854785 0.00900434 0.00889495 0.0149242 0.00914105 0.00988122 0.00855639 0.00866416 0.00857153 0.00951021 0.00862508 0.0100094 0.00975367 0.0219218 0.01684 0.0100333 0.00819021 0.00740985 0.0086335 0.00773693 0.0116018 0.0125354 0.00551581 0.00697437 0.00360989 0.0032386 0.00325004 0 0.952 0.00645793 0.00346486 0.00400373 0.00388632 0.00544477 0.00552803 0.00558524 0.00598253 0.00612157 0.0132101 0.0091792 0.0105799 0.00885981 0.00938111 0.0089291 0.00894796 0.0102577 0.010631 0.00857231 0.00864195 0.0103271 0.00866035 0.00906684 0.00875302 
0.00947513 0.00873415 0.00858073 0.00898669 0.00894104 0.00879179 0.00958308 0.00874101 0.0137088 0.0127829 0.0123464 0.00937901 0.0110565 0.00879632 0.0108597 0.00880172 0.0122235 0.00904488 0.021032 0.0136482 0.0199843 0.0106428 0.00994547 0.00866383 0.00855745 0.0111562 0.00923309 0.0172833 0.00797994 0.00791229 0.0148456 0.00358622 0.00490144 0.00481459 0.952 0 0.00326462 0.00326436 0.00322847 0.00343198 0.00335998 0.00417493 0.00401475 0.00493426 0.0125303 0.00874852 0.00887477 0.00983276 0.00898158 0.0129049 0.00925222 0.0173851 0.0154097 0.0115103 0.00887037 0.00923366 0.0111652 0.00857579 0.0179476 0.0173181 
0.00924505 0.0086782 0.0114418 0.00878468 0.00964296 0.0108168 0.00875831 0.0224107 0.00880134 0.0137372 0.00845854 0.0123583 0.00886908 0.0196508 0.00864129 0.0224855 0.00896165 0.0386783 0.0101619 0.0118065 0.0110204 0.0119515 0.0117724 0.00862296 0.0118201 0.00881624 0.0310108 0.00811987 0.00780916 0.0150377 0.00788431 0.00424614 0.00430756 0.840472 0.00645793 0.00326462 0 0.00319349 0.00327222 0.00321896 0.00348785 0.00328749 0.00379029 0.0205753 0.00701358 0.00718039 0.0109382 0.00826585 0.0140693 0.00851181 0.0213747 0.0110721 0.0222484 0.00808199 0.00945664 0.0149527 0.00863351 0.0241549 0.00879318 0.0271059 
0.00854513 0.0105342 0.00887137 0.0124279 0.0124249 0.00977521 0.0258797 0.00871296 0.018844 0.00835859 0.0105019 0.00893688 0.0288735 0.00864601 0.0398314 0.00869836 0.094735 0.0103163 0.0168779 0.00907093 0.0102999 0.012953 0.0103613 0.017402 0.00892594 0.0177621 0.00846487 0.0103817 0.00827612 0.00815398 0.00751897 0.0131189 0.805396 0.00421415 0.00346486 0.00326436 0.00319349 0 0.00316809 0.00334269 0.0031832 0.00331931 0.0146851 0.0042425 0.00517674 0.007171 0.00728759 0.0164374 0.00784034 0.031254 0.00898439 0.0266234 0.0097541 0.00959613 0.00903057 0.0087153 0.0563128 0.00844733 0.0484151 0.00824044 
0.010695 0.00857171 0.0151415 0.00974587 0.0168643 0.0168199 0.00868068 0.0411783 0.00861257 0.0118904 0.00834556 0.0205732 0.00929893 0.0432937 0.00903843 0.10423 0.00910796 0.0418929 0.00959595 0.0115803 0.0132349 0.0126209 0.0363055 0.00902605 0.0189535 0.00915659 0.0173726 0.00826501 0.00925935 0.00783005 0.00796188 0.674718 0.00444748 0.00535832 0.00400373 0.00322847 0.00327222 0.00316809 0 0.00320331 0.00334848 0.0047272 0.0139353 0.00499517 0.00320787 0.00769814 0.0106044 0.00815607 0.0281216 0.0100827 0.0552837 0.0181771 0.0309884 0.00797074 0.00902954 0.0309142 0.00850858 0.0638603 0.00837141 0.0148081 
0.00849772 0.0108311 0.00936097 0.0135304 0.0128582 0.00912034 0.0232764 0.00845886 0.0195705 0.00834579 0.011412 0.00903657 0.0309314 0.00867447 0.0920438 0.00876227 0.0515969 0.00993338 0.0144567 0.00893006 0.0106393 0.018144 0.0103019 0.0215586 0.00841789 0.015939 0.00834888 0.0108853 0.00833321 0.00947547 0.012995 0.00610814 0.00773676 0.00436959 0.00388632 0.00343198 0.00321896 0.00334269 0.00320331 0 0.00317635 0.00331447 0.00330573 0.00320207 0.00390823 0.00747994 0.00656055 0.0252026 0.00709105 0.0292842 0.0153885 0.0489546 0.00774208 0.00892521 0.0103215 0.00840005 0.0556925 0.00830083 0.022385 0.00827693 
0.0100827 0.00841199 0.01233 0.00894835 0.00927896 0.0139223 0.00853251 0.0212216 0.00860295 0.00984651 0.00825856 0.0131374 0.0090304 0.0516197 0.00852996 0.0295102 0.00888136 0.0214286 0.00889813 0.0106828 0.0115594 0.0105336 0.0172771 0.00839998 0.014192 0.00880375 0.0141723 0.00809945 0.0105634 0.00934165 0.0082078 0.0129585 0.00468481 0.00637001 0.00544477 0.00335998 0.00348785 0.0031832 0.00334848 0.00317635 0 0.00328158 0.0032033 0.00424276 0.00319401 0.0065825 0.0088477 0.00686681 0.0266797 0.0200604 0.0570811 0.00737971 0.0102113 0.00764162 0.00819152 0.0182672 0.00807282 0.029098 0.00804387 0.0119934 
0.00829627 0.00886577 0.00908884 0.00940749 0.0110597 0.00897779 0.0109737 0.00887222 0.00946452 0.00838892 0.00892341 0.00928354 0.0266296 0.00905665 0.0127562 0.00911921 0.0150624 0.0101958 0.0103719 0.00872032 0.0103286 0.0123858 0.0119639 0.0103986 0.0090832 0.0107343 0.00856794 0.00867794 0.0125458 0.0090879 0.0084715 0.00508352 0.00672107 0.00646505 0.00552803 0.00417493 0.00328749 0.00331931 0.0047272 0.00331447 0.00328158 0 0.00320415 0.00348609 0.00327353 0.00760523 0.00699395 0.0160405 0.0188098 0.0328779 0.00842646 0.00932216 0.00758561 0.00795471 0.00890361 0.00850755 0.0169349 0.00838002 0.0103752 0.00831205 
0.00856872 0.00928567 0.00907837 0.010863 0.00952221 0.00966304 0.0105036 0.0088894 0.0102069 0.00837274 0.00926239 0.0129365 0.0136959 0.00994762 0.0117215 0.00947232 0.0154315 0.0105585 0.0106124 0.00913068 0.0106741 0.0130989 0.0117466 0.0116207 0.00877287 0.0109548 0.00910197 0.00966976 0.00885696 0.00839984 0.00849507 0.00547734 0.00703364 0.00640544 0.00558524 0.00401475 0.00379029 0.0146851 0.0139353 0.00330573 0.0032033 0.00320415 0 0.00319852 0.00324051 0.00537634 0.0102367 0.0535571 0.0227076 0.0150739 0.0078164 0.0101589 0.00752505 0.00801274 0.00841008 0.0102192 0.012524 0.00863857 0.0102219 0.0083368 
0.0105652 0.00855162 0.0103858 0.00847884 0.0086719 0.0110174 0.00842624 0.0158536 0.00858466 0.0101756 0.00909622 0.0232482 0.00907409 0.0169255 0.00849325 0.0194383 0.00865105 0.0127145 0.00974907 0.0108025 0.0142521 0.0134405 0.0146355 0.0085208 0.0124739 0.00878188 0.0264713 0.00829679 0.0122046 0.00940604 0.00824637 0.0147796 0.00626905 0.00831596 0.00598253 0.00493426 0.0205753 0.0042425 0.00499517 0.00320207 0.00424276 0.00348609 0.00319852 0 0.00319136 0.00965153 0.0316433 0.00789796 0.0129094 0.00666758 0.00984651 0.00661207 0.0113072 0.00709298 0.00863189 0.0123024 0.00808015 0.0220381 0.00812934 0.0149931 
0.00939309 0.008738 0.00845685 0.00873798 0.00916739 0.00849145 0.0106985 0.00836553 0.0108282 0.00858759 0.016834 0.00903218 0.0129489 0.00885744 0.0126893 0.00859729 0.0120382 0.00914627 0.0116378 0.0103889 0.018664 0.0108753 0.00981102 0.0146185 0.00847608 0.0127928 0.00858957 0.0182464 0.0126159 0.0123492 0.0114647 0.00765825 0.00751465 0.00642078 0.00612157 0.0125303 0.00701358 0.00517674 0.00320787 0.00390823 0.00319401 0.00327353 0.00324051 0.00319136 0 0.0265941 0.0068987 0.0122279 0.00563979 0.00818061 0.00628055 0.0105408 0.0066989 0.0100715 0.00763056 0.00755621 0.0145649 0.00761996 0.0166014 0.00849259 
0.00946125 0.00874394 0.00885493 0.00921309 0.00889366 0.00966857 0.00892634 0.010207 0.00957401 0.0130001 0.0118438 0.00965583 0.0103671 0.00969152 0.00984281 0.0101901 0.0114147 0.0100519 0.0125277 0.0163039 0.0293918 0.0145705 0.0122749 0.00961928 0.0101809 0.011029 0.0105677 0.023402 0.0119868 0.00930462 0.0150628 0.0119706 0.00982631 0.0103594 0.0132101 0.00874852 0.00718039 0.007171 0.00769814 0.00747994 0.0065825 0.00760523 0.00537634 0.00965153 0.0265941 0 0.00335892 0.00328086 0.00325464 0.00336331 0.00348943 0.00362141 0.00750289 0.00655275 0.00588335 0.00832952 0.00751812 0.00789979 0.00939204 0.0813673 
0.00919901 0.00908673 0.0108234 0.00919953 0.00991191 0.0108278 0.00954767 0.0134181 0.0100893 0.0114983 0.00883669 0.0167531 0.0101721 0.0227076 0.00919063 0.0228711 0.0121371 0.0255722 0.0125011 0.0118996 0.0254079 0.0258708 0.0204254 0.0109269 0.0148868 0.0108345 0.076606 0.00917524 0.0101739 0.0123045 0.00987106 0.0136775 0.00966098 0.0206177 0.0091792 0.00887477 0.0109382 0.00728759 0.0106044 0.00656055 0.0088477 0.00699395 0.0102367 0.0316433 0.0068987 0.00335892 0 0.00326135 0.00328403 0.00325374 0.00363789 0.00351485 0.00458946 0.00508224 0.00701472 0.00819164 0.00746185 0.0107683 0.0207547 0.867276 
0.00877478 0.0121322 0.0111468 0.0179171 0.0191302 0.0161556 0.0265823 0.0112285 0.0161065 0.00887624 0.00985401 0.0111381 0.0499694 0.013407 0.0542145 0.0122074 0.0775639 0.0258681 0.0311137 0.011314 0.0157408 0.0548734 0.0346985 0.0485131 0.0130197 0.107207 0.0110496 0.0143231 0.00979655 0.0100964 0.0107471 0.00936646 0.0210771 0.00997172 0.0105799 0.00983276 0.00826585 0.0164374 0.00815607 0.0252026 0.00686681 0.0160405 0.0535571 0.00789796 0.0122279 0.00328086 0.00326135 0 0.00321127 0.00323368 0.00329257 0.00327677 0.00342421 0.00506295 0.00617449 0.00672674 0.0133346 0.021202 0.922578 0.0172044 
0.00924199 0.00949563 0.0178864 0.0121523 0.0179712 0.0253664 0.0112673 0.0271155 0.00920863 0.0104187 0.00872611 0.0243126 0.0138705 0.0705079 0.0111615 0.068224 0.015994 0.0798483 0.0122517 0.0156106 0.0198671 0.027647 0.0886003 0.0142623 0.111218 0.0113243 0.0303853 0.00920494 0.00983363 0.00967702 0.00934372 0.0169932 0.00966975 0.0170972 0.00885981 0.00898158 0.0140693 0.00784034 0.0281216 0.00709105 0.0266797 0.0188098 0.0227076 0.0129094 0.00563979 0.00325464 0.00328403 0.00321127 0 0.00320351 0.00358465 0.00328853 0.00332382 0.00407635 0.00506561 0.0125651 0.0152618 0.950245 0.0113329 0.0116335 
0.00922486 0.0128189 0.0111309 0.0198548 0.0242751 0.0147951 0.0292891 0.0111148 0.0146988 0.00866587 0.0118787 0.0115427 0.0739274 0.0151401 0.0540012 0.0132156 0.0927506 0.0243425 0.0272891 0.0120772 0.0183772 0.0552893 0.0285757 0.185638 0.0122534 0.0532855 0.0104779 0.0127177 0.0100471 0.0103268 0.0102523 0.0108676 0.0250314 0.0102657 0.00938111 0.0129049 0.00851181 0.031254 0.0100827 0.0292842 0.0200604 0.0328779 0.0150739 0.00666758 0.00818061 0.00336331 0.00325374 0.00323368 0.00320351 0 0.00322635 0.00324717 0.00325779 0.00622731 0.00558911 0.0175606 0.977143 0.0144655 0.00974591 0.0082206 
0.0096958 0.00932637 0.0208363 0.0138617 0.01432 0.0247294 0.0101014 0.0305768 0.00922784 0.0101284 0.00891811 0.0373239 0.0136346 0.0697378 0.010795 0.0691715 0.016256 0.0835169 0.0137415 0.0128418 0.0268322 0.025986 0.198971 0.0135928 0.0405774 0.0118241 0.0295949 0.00924826 0.0108917 0.00961674 0.00941225 0.0227755 0.00961087 0.021744 0.0089291 0.00925222 0.0213747 0.00898439 0.0552837 0.0153885 0.0570811 0.00842646 0.0078164 0.00984651 0.00628055 0.00348943 0.00363789 0.00329257 0.00358465 0.00322635 0 0.00323671 0.00327146 0.00635985 0.00733827 0.960175 0.0100985 0.0110106 0.00627336 0.0106942 
0.00898301 0.0103724 0.00927645 0.0103235 0.0122119 0.0103893 0.0149651 0.00897993 0.0144954 0.00857407 0.0131941 0.0111664 0.0230581 0.0122404 0.022751 0.00968944 0.0263188 0.0138893 0.035263 0.0117565 0.0167898 0.0969476 0.0138628 0.0233512 0.010382 0.0206837 0.0125743 0.0129665 0.0102121 0.0186317 0.0097941 0.0102991 0.0283646 0.010794 0.00894796 0.0173851 0.0110721 0.0266234 0.0181771 0.0489546 0.00737971 0.00932216 0.0101589 0.00661207 0.0105408 0.00362141 0.00351485 0.00327677 0.00328853 0.00324717 0.00323671 0 0.00327649 0.016786 0.974203 0.00494447 0.00692789 0.00468976 0.012273 0.00631331 
0.0109982 0.00849397 0.00906206 0.00877161 0.0090136 0.0102478 0.00847929 0.0106462 0.00861539 0.0117096 0.010236 0.0115425 0.00950556 0.0136096 0.00880368 0.0129284 0.00928796 0.0127298 0.0123702 0.0194587 0.041719 0.0110486 0.0165881 0.00941975 0.0106897 0.00967676 0.0172391 0.0109315 0.0140384 0.00892691 0.0112036 0.0573979 0.00884857 0.0110705 0.0102577 0.0154097 0.0222484 0.0097541 0.0309884 0.00774208 0.0102113 0.00758561 0.00752505 0.0113072 0.0066989 0.00750289 0.00458946 0.00342421 0.00332382 0.00325779 0.00327146 0.00327649 0 0.961443 0.00343842 0.00472609 0.00350494 0.00592027 0.00408666 0.0179931 
0.00831521 0.00820516 0.00824847 0.0082542 0.00820747 0.00833748 0.00853644 0.00831302 0.00879886 0.00986947 0.00902756 0.00835677 0.00884757 0.00841443 0.0086632 0.00849966 0.00926236 0.00894051 0.00941321 0.011626 0.0112616 0.00953963 0.00944845 0.00884807 0.00963008 0.00912196 0.00973934 0.0108458 0.0091123 0.00883433 0.0131217 0.0089278 0.00985497 0.00960789 0.010631 0.0115103 0.00808199 0.00959613 0.00797074 0.00892521 0.00764162 0.00795471 0.00801274 0.00709298 0.0100715 0.00655275 0.00508224 0.00506295 0.00407635 0.00622731 0.00635985 0.016786 0.961443 0 0.00338958 0.00323212 0.00335672 0.00321848 0.00392487 0.00522435 
0.00825862 0.00881406 0.0085938 0.0089361 0.00913432 0.00937447 0.00912795 0.00871406 0.0113054 0.00851165 0.00856955 0.0093154 0.0108413 0.00934645 0.0102419 0.00966882 0.0157856 0.0103499 0.0138015 0.00894336 0.0108294 0.0161457 0.0114381 0.0102707 0.0093808 0.021254 0.0100199 0.00903302 0.00880822 0.00943242 0.00871844 0.00932374 0.0110421 0.00975945 0.00857231 0.00887037 0.00945664 0.00903057 0.00902954 0.0103215 0.00819152 0.00890361 0.00841008 0.00863189 0.00763056 0.00588335 0.00701472 0.00617449 0.00506561 0.00558911 0.00733827 0.974203 0.00343842 0.00338958 0 0.00320859 0.00320045 0.0031555 0.0033016 0.00333164 
0.00905381 0.00841024 0.0134606 0.00972033 0.0110613 0.0146318 0.00921788 0.0286614 0.00877444 0.00938136 0.00841509 0.0137644 0.0116071 0.0426008 0.00968063 0.0518035 0.0115059 0.0567708 0.00987963 0.0111848 0.0132036 0.0162869 0.0472082 0.0113987 0.03996 0.0106148 0.0163375 0.00871448 0.010078 0.00919711 0.00901979 0.0184709 0.00915872 0.0125751 0.00864195 0.00923366 0.0149527 0.0087153 0.0309142 0.00840005 0.0182672 0.00850755 0.0102192 0.0123024 0.00755621 0.00832952 0.00819164 0.00672674 0.0125651 0.0175606 0.960175 0.00494447 0.00472609 0.00323212 0.00320859 0 0.00319266 0.00322971 0.00321289 0.00367955 
0.0083091 0.0107523 0.0089872 0.0149593 0.0147595 0.0105813 0.0294519 0.00895397 0.0175381 0.00831257 0.0102717 0.00979656 0.051621 0.0102614 0.059048 0.00951509 0.0875372 0.0138178 0.0191278 0.00926734 0.0115349 0.0328975 0.0153621 0.0648263 0.0109251 0.0378652 0.00918655 0.0136547 0.00893798 0.00966621 0.00947835 0.0089898 0.0259039 0.00956749 0.0103271 0.0111652 0.00863351 0.0563128 0.00850858 0.0556925 0.00807282 0.0169349 0.012524 0.00808015 0.0145649 0.00751812 0.00746185 0.0133346 0.0152618 0.977143 0.0100985 0.00692789 0.00350494 0.00335672 0.00320045 0.00319266 0 0.00318971 0.00333734 0.00323319 
0.0090649 0.00852604 0.0136531 0.00972016 0.00964339 0.0234372 0.00877615 0.0302354 0.0086485 0.0097021 0.00818708 0.0156765 0.00967961 0.0578723 0.00885571 0.0574054 0.00971754 0.0492098 0.00981507 0.011796 0.011827 0.0118631 0.0695131 0.0116174 0.0257866 0.00958055 0.0266896 0.00850962 0.00907475 0.00883573 0.00896565 0.0232123 0.00880255 0.0361921 0.00866035 0.00857579 0.0241549 0.00844733 0.0638603 0.00830083 0.029098 0.00838002 0.00863857 0.0220381 0.00761996 0.00789979 0.0107683 0.021202 0.950245 0.0144655 0.0110106 0.00468976 0.00592027 0.00321848 0.0031555 0.00322971 0.00318971 0 0.00317953 0.00346262 
0.00840118 0.0101645 0.00848606 0.00956382 0.0113903 0.00895316 0.015411 0.00839342 0.0124261 0.00824736 0.0115685 0.0094584 0.0196461 0.00863258 0.0216316 0.00872628 0.0223201 0.00955214 0.0153045 0.00898178 0.0112798 0.0295072 0.0104612 0.0157036 0.00893958 0.0153993 0.00928196 0.0123839 0.00947807 0.0130296 0.00960814 0.00938889 0.0433362 0.00926921 0.00906684 0.0179476 0.00879318 0.0484151 0.00837141 0.022385 0.00804387 0.0103752 0.0102219 0.00812934 0.0166014 0.00939204 0.0207547 0.922578 0.0113329 0.00974591 0.00627336 0.012273 0.00408666 0.00392487 0.0033016 0.00321289 0.00333734 0.00317953 0 0.0032825 
0.0113527 0.00832173 0.00903561 0.00902784 0.00898009 0.0104667 0.00838337 0.0104105 0.0084242 0.0103914 0.0103385 0.0112542 0.00896531 0.0133482 0.00857266 0.0142715 0.00896136 0.0110643 0.00937243 0.0137625 0.0356652 0.0109357 0.0130512 0.00894214 0.0102362 0.00950427 0.0119104 0.00864058 0.0203788 0.00848564 0.00926665 0.0875403 0.00893133 0.0101141 0.00875302 0.0173181 0.0271059 0.00824044 0.0148081 0.00827693 0.0119934 0.00831205 0.0083368 0.0149931 0.00849259 0.0813673 0.867276 0.0172044 0.0116335 0.0082206 0.0106942 0.00631331 0.0179931 0.00522435 0.00333164 0.00367955 0.00323319 0.00346262 0.0032825 0 
