1IQZA
PKYTIVDKETCIACGACGAAAPDIYDYDEDGIAYVTLDDNQGIVEVPDILIDDMMDAFEGCPTDSIKVADEPFDGDPNKFE
CCEEEECCCCCCCCCHHHHHCCCCEEECCCCCEEECCCCCCCCCCCCHHHHHHHHHHHHHCCCCCEEEECCCCCCCCCCCC
0 0 0 0 0 0 0 0 0 0 0 0 0 0 0 0 0 0 0 0 0 0 0 0 0 0 0 0 0 0 0 0 0 0 0 0 0 0 0 0 0 0 0 0 0 0 0 0 0 0 0 0 0 0 0 0 0 0 0 0 0 0 0 0 0 0 0 0 0 0 0 0 0 0 0 0 0 0 0 0 0 
0 0 0 0 0 0 0 0 0 0 0 0 0 0 0 0 0 0 0 0 0 0 0 0 0 0 0 0 0 0 0 0 0 0 0 0 0 0 0 0 0 0 0 0 0 0 0 0 0 0 0 0 0 0 0 0 0 0 0 0 0 0 0 0 0 0 0 0 0 0 0 0 0 0 0 0 0 0 0 0 0 
0 0.0035865 0.0034155 0.0053948 0.211329 0.0103631 0.0977843 0.0393408 0.0123844 0.101138 0.0325935 0.0115897 0.0120427 0.0631181 
0.0035865 0 0.00324188 0.0032638 0.0480056 0.0804202 0.0138283 0.0213898 0.0616355 0.0120458 0.0137855 0.0233978 0.0518204 0.0102853 
0.0034155 0.00324188 0 0.00322339 0.0327974 0.043228 0.0239006 0.0276322 0.0283663 0.0165904 0.0131811 0.0322195 0.0213893 0.00987137 
0.0053948 0.0032638 0.00322339 0 0.0447188 0.0156197 0.0569401 0.0359693 0.018124 0.0348796 0.0711719 0.011317 0.011637 0.0121616 
0.211329 0.0480056 0.0327974 0.0447188 0 0.00347295 0.00617512 0.0079231 0.0195232 0.943855 0.015121 0.0102451 0.0109797 0.024074 
0.0103631 0.0804202 0.043228 0.0156197 0.00347295 0 0.00397843 0.00799606 0.979591 0.00668172 0.00905711 0.0105406 0.0116839 0.00870171 
0.0977843 0.0138283 0.0239006 0.0569401 0.00617512 0.00397843 0 0.993206 0.00477455 0.00729846 0.0179477 0.00941456 0.00929126 0.00980426 
0.0393408 0.0213898 0.0276322 0.0359693 0.0079231 0.00799606 0.993206 0 0.00353944 0.00385047 0.0574536 0.0227468 0.0175854 0.0375399 
0.0123844 0.0616355 0.0283663 0.018124 0.0195232 0.979591 0.00477455 0.00353944 0 0.0033031 0.0217971 0.0327433 0.101507 0.00992205 
0.101138 0.0120458 0.0165904 0.0348796 0.943855 0.00668172 0.00729846 0.00385047 0.0033031 0 0.038196 0.0211997 0.0316521 0.159376 
0.0325935 0.0137855 0.0131811 0.0711719 0.015121 0.00905711 0.0179477 0.0574536 0.0217971 0.038196 0 0.00337133 0.00337767 0.00844771 
0.0115897 0.0233978 0.0322195 0.011317 0.0102451 0.0105406 0.00941456 0.0227468 0.0327433 0.0211997 0.00337133 0 0.00327823 0.00325415 
0.0120427 0.0518204 0.0213893 0.011637 0.0109797 0.0116839 0.00929126 0.0175854 0.101507 0.0316521 0.00337767 0.00327823 0 0.00339341 
0.0631181 0.0102853 0.00987137 0.0121616 0.024074 0.00870171 0.00980426 0.0375399 0.00992205 0.159376 0.00844771 0.00325415 0.00339341 0 
