1IR2I
XMVWTPVNNKMFETFSYLPPLSDEQIAAQVDYIVANGWIPCLEFAESDKAYVSNESAIRFGSVSCLYYDNRYWTMWKLPMFGCRDPMQVLREIVACTKAFPDAYVRLVAFDNQKQVQIMGFLVQRPKSARDWQPANKRSV
CCCECCCCCCCCCCCCCCCCCCHHHHHHHHHHHHHCCCEEEEEEECHHHCCCECHHHHHCCCCCCCCCECCCCEECCCCCCCCCCHHHHHHHHHHHHHHCCCCEEEEEEEECCCCEEEEEEEEECCCCCCCCCCHHHCEC
0 0 0 0 0 0 0 0 0 0 0 0 0 0 0 0 0 0 0 0 0 0 0 0 0 0 0 0 0 0 0 0 0 0 0 0 0 0 0 0 0 0 0 0 0 0 0 0 0 0 0 0 0 0 0 0 0 0 0 0 0 0 0 0 0 0 0 0 0 0 0 0 0 0 0 0 0 0 0 0 0 0 0 0 0 0 0 0 0 0 0 0 0 0 0 0 0 0 0 0 0 0 0 0 0 0 0 0 0 0 0 0 0 0 0 0 0 0 0 0 0 0 0 0 0 0 0 0 0 0 0 0 0 0 0 0 0 0 0 0 
0 0 0 0 0 0 0 0 0 0 0 0 0 0 0 0 0 0 0 0 0 0 0 0 0 0 0 0 0 0 0 0 0 0 0 0 0 0 0 0 0 0 0 0 0 0 0 0 0 0 0 0 0 0 0 0 0 0 0 0 0 0 0 0 0 0 0 0 0 0 0 0 0 0 0 0 0 0 0 0 0 0 0 0 0 0 0 0 0 0 0 0 0 0 0 0 0 0 0 0 0 0 0 0 0 0 0 0 0 0 0 0 0 0 0 0 0 0 0 0 0 0 0 0 0 0 0 0 0 0 0 0 0 0 0 0 0 0 0 0 
0 0.0191965 0.0110918 0.017646 0.0155411 0.0160615 0.0176439 0.0304291 0.0594205 0.0204178 0.0103921 0.0102377 0.0136866 0.00882434 0.00887824 0.00916086 0.0089087 0.00908139 0.00890013 0.010507 0.0109123 0.0084242 0.00866943 0.00863652 0.00891652 0.0088126 0.00880317 0.00880106 0.0101824 0.012866 
0.0191965 0 0.00414184 0.00326243 0.00325595 0.00326036 0.00355458 0.00664123 0.00916949 0.0130622 0.0102147 0.0137073 0.0127985 0.0108138 0.0109643 0.01068 0.0106187 0.00980481 0.0494833 0.00980089 0.00947787 0.00937361 0.00971732 0.009918 0.0103068 0.0104575 0.0101565 0.00910295 0.0113842 0.00919932 
0.0110918 0.00414184 0 0.00319917 0.00322906 0.00333957 0.00332556 0.00322856 0.00590421 0.00981069 0.0110216 0.0110729 0.0108988 0.0228786 0.0225511 0.0280977 0.0196628 0.0752358 0.0110066 0.0088164 0.0100748 0.0144346 0.016765 0.0151427 0.019945 0.0219478 0.0198049 0.011912 0.00913938 0.00879041 
0.017646 0.00326243 0.00319917 0 0.00504136 0.00321985 0.00324293 0.00329157 0.00619485 0.00995834 0.0125374 0.0114167 0.013307 0.017326 0.0763539 0.0456607 0.134154 0.037809 0.0151829 0.009783 0.0114366 0.0179942 0.0356858 0.0399484 0.0464341 0.0381429 0.0362248 0.0142497 0.0115962 0.00927319 
0.0155411 0.00325595 0.00322906 0.00504136 0 0.00320186 0.00324257 0.00323908 0.00548376 0.0100903 0.00979797 0.0140688 0.00982822 0.0449826 0.0226578 0.275663 0.0565458 0.0412519 0.0162302 0.00990585 0.0119594 0.0148398 0.0504585 0.0554099 0.0304244 0.0536465 0.0277479 0.0177633 0.0107994 0.00886436 
0.0160615 0.00326036 0.00333957 0.00321985 0.00320186 0 0.00319654 0.00319874 0.00648554 0.00963471 0.0173852 0.010732 0.0179278 0.013803 0.322219 0.0349123 0.0802946 0.0518758 0.0131709 0.00926211 0.0100494 0.0412947 0.0317702 0.0361708 0.05533 0.030688 0.0476164 0.0128757 0.0102616 0.00878806 
0.0176439 0.00355458 0.00332556 0.00324293 0.00324257 0.00319654 0 0.00328705 0.0121119 0.0185691 0.0114384 0.0156048 0.0114625 0.101148 0.0112952 0.0264045 0.0141103 0.0148514 0.0164938 0.00932447 0.0172505 0.0110826 0.0181915 0.0131818 0.012909 0.0169179 0.0116046 0.0126346 0.00989071 0.00987051 
0.0304291 0.00664123 0.00322856 0.00329157 0.00323908 0.00319874 0.00328705 0 0.0331839 0.017105 0.0222242 0.0119422 0.0624603 0.0104394 0.0102576 0.0104297 0.0106212 0.00980801 0.0100353 0.0106366 0.0170496 0.00998943 0.00989091 0.00959858 0.00983545 0.00985682 0.00992128 0.00947993 0.0116193 0.0134766 
0.0594205 0.00916949 0.00590421 0.00619485 0.00548376 0.00648554 0.0121119 0.0331839 0 0.728788 0.0204168 0.0351324 0.0270019 0.0109597 0.0106008 0.0102278 0.00995172 0.00995388 0.0108716 0.0116217 0.015293 0.0103475 0.00935619 0.00931975 0.0106315 0.0094331 0.00941794 0.00940164 0.0116838 0.036394 
0.0204178 0.0130622 0.00981069 0.00995834 0.0100903 0.00963471 0.0185691 0.017105 0.728788 0 0.0637848 0.00944891 0.0224471 0.0111758 0.0107418 0.0100255 0.00972748 0.00975155 0.011559 0.0130221 0.0121217 0.0095771 0.00933504 0.00951255 0.00955704 0.00919428 0.00904753 0.00964817 0.0127021 0.0267542 
0.0103921 0.0102147 0.0110216 0.0125374 0.00979797 0.0173852 0.0114384 0.0222242 0.0204168 0.0637848 0 0.00330591 0.023862 0.0216315 0.0190301 0.0134578 0.0129128 0.0131698 0.0222151 0.0119931 0.00997199 0.0134806 0.0112792 0.0106658 0.0111731 0.0103001 0.0101521 0.0117148 0.0128421 0.0103058 
0.0102377 0.0137073 0.0110729 0.0114167 0.0140688 0.010732 0.0156048 0.0119422 0.0351324 0.00944891 0.00330591 0 0.0217447 0.0250822 0.0164047 0.016488 0.0165229 0.0150787 0.0193695 0.0157868 0.0145667 0.0153093 0.0112702 0.012147 0.0112809 0.0105392 0.00972634 0.0114599 0.0124041 0.0169473 
0.0136866 0.0127985 0.0108988 0.013307 0.00982822 0.0179278 0.0114625 0.0624603 0.0270019 0.0224471 0.023862 0.0217447 0 0.00378545 0.00327582 0.00330744 0.00335129 0.00344906 0.00406007 0.00641954 0.00801199 0.00978997 0.00890393 0.00911998 0.0106981 0.0135472 0.0324456 0.108645 0.359466 0.0204367 
0.00882434 0.0108138 0.0228786 0.017326 0.0449826 0.013803 0.101148 0.0104394 0.0109597 0.0111758 0.0216315 0.0250822 0.00378545 0 0.00322657 0.00323194 0.00318775 0.00331384 0.00457837 0.00358892 0.00838319 0.00777282 0.0152238 0.0100741 0.015983 0.059628 0.0812273 0.426764 0.0351882 0.0173923 
0.00887824 0.0109643 0.0225511 0.0763539 0.0226578 0.322219 0.0112952 0.0102576 0.0106008 0.0107418 0.0190301 0.0164047 0.00327582 0.00322657 0 0.00323135 0.00321295 0.00348465 0.00325496 0.00326115 0.00655179 0.0140653 0.0151048 0.0278037 0.0774688 0.0632108 0.678501 0.0206472 0.0122283 0.0125136 
0.00916086 0.01068 0.0280977 0.0456607 0.275663 0.0349123 0.0264045 0.0104297 0.0102278 0.0100255 0.0134578 0.016488 0.00330744 0.00323194 0.00323135 0 0.00324163 0.00321949 0.00326324 0.00325606 0.00829668 0.0104671 0.0255854 0.0414222 0.093932 0.754533 0.0216381 0.0165328 0.0120498 0.0162458 
0.0089087 0.0106187 0.0196628 0.134154 0.0565458 0.0802946 0.0141103 0.0106212 0.00995172 0.00972748 0.0129128 0.0165229 0.00335129 0.00318775 0.00321295 0.00324163 0 0.00320733 0.00326641 0.0032095 0.00502685 0.014407 0.0328353 0.0686412 0.740085 0.0121777 0.0187531 0.0119354 0.010794 0.0144064 
0.00908139 0.00980481 0.0752358 0.037809 0.0412519 0.0518758 0.0148514 0.00980801 0.00995388 0.00975155 0.0131698 0.0150787 0.00344906 0.00331384 0.00348465 0.00321949 0.00320733 0 0.00322074 0.00320673 0.00517061 0.0201944 0.216286 0.668853 0.0143353 0.0166727 0.029831 0.0161749 0.0114345 0.0133606 
0.00890013 0.0494833 0.0110066 0.0151829 0.0162302 0.0131709 0.0164938 0.0100353 0.0108716 0.011559 0.0222151 0.0193695 0.00406007 0.00457837 0.00325496 0.00326324 0.00326641 0.00322074 0 0.00340262 0.0255992 0.747301 0.151645 0.00850339 0.0125576 0.0107349 0.0139389 0.018351 0.0150221 0.0163164 
0.010507 0.00980089 0.0088164 0.009783 0.00990585 0.00926211 0.00932447 0.0106366 0.0116217 0.0130221 0.0119931 0.0157868 0.00641954 0.00358892 0.00326115 0.00325606 0.0032095 0.00320673 0.00340262 0 0.90203 0.0330902 0.0044304 0.00392418 0.00659145 0.00721168 0.00681557 0.00711847 0.00841196 0.017279 
0.0109123 0.00947787 0.0100748 0.0114366 0.0119594 0.0100494 0.0172505 0.0170496 0.015293 0.0121217 0.00997199 0.0145667 0.00801199 0.00838319 0.00655179 0.00829668 0.00502685 0.00517061 0.0255992 0.90203 0 0.00322452 0.00325053 0.00320851 0.00323878 0.00334011 0.00347562 0.00390358 0.00762199 0.043116 
0.0084242 0.00937361 0.0144346 0.0179942 0.0148398 0.0412947 0.0110826 0.00998943 0.0103475 0.0095771 0.0134806 0.0153093 0.00978997 0.00777282 0.0140653 0.0104671 0.014407 0.0201944 0.747301 0.0330902 0.00322452 0 0.00322048 0.0032039 0.00323751 0.00328563 0.00376451 0.00415445 0.00362421 0.0129042 
0.00866943 0.00971732 0.016765 0.0356858 0.0504585 0.0317702 0.0181915 0.00989091 0.00935619 0.00933504 0.0112792 0.0112702 0.00890393 0.0152238 0.0151048 0.0255854 0.0328353 0.216286 0.151645 0.0044304 0.00325053 0.00322048 0 0.00323324 0.00322147 0.00331723 0.00609341 0.00331525 0.00339936 0.015959 
0.00863652 0.009918 0.0151427 0.0399484 0.0554099 0.0361708 0.0131818 0.00959858 0.00931975 0.00951255 0.0106658 0.012147 0.00911998 0.0100741 0.0278037 0.0414222 0.0686412 0.668853 0.00850339 0.00392418 0.00320851 0.0032039 0.00323324 0 0.00319366 0.00328679 0.00323489 0.00318549 0.00332466 0.0128412 
0.00891652 0.0103068 0.019945 0.0464341 0.0304244 0.05533 0.012909 0.00983545 0.0106315 0.00955704 0.0111731 0.0112809 0.0106981 0.015983 0.0774688 0.093932 0.740085 0.0143353 0.0125576 0.00659145 0.00323878 0.00323751 0.00322147 0.00319366 0 0.00320294 0.00317902 0.00321119 0.00320116 0.0183391 
0.0088126 0.0104575 0.0219478 0.0381429 0.0536465 0.030688 0.0169179 0.00985682 0.0094331 0.00919428 0.0103001 0.0105392 0.0135472 0.059628 0.0632108 0.754533 0.0121777 0.0166727 0.0107349 0.00721168 0.00334011 0.00328563 0.00331723 0.00328679 0.00320294 0 0.00321766 0.00322681 0.00325942 0.0144282 
0.00880317 0.0101565 0.0198049 0.0362248 0.0277479 0.0476164 0.0116046 0.00992128 0.00941794 0.00904753 0.0101521 0.00972634 0.0324456 0.0812273 0.678501 0.0216381 0.0187531 0.029831 0.0139389 0.00681557 0.00347562 0.00376451 0.00609341 0.00323489 0.00317902 0.00321766 0 0.00319735 0.00324108 0.0130677 
0.00880106 0.00910295 0.011912 0.0142497 0.0177633 0.0128757 0.0126346 0.00947993 0.00940164 0.00964817 0.0117148 0.0114599 0.108645 0.426764 0.0206472 0.0165328 0.0119354 0.0161749 0.018351 0.00711847 0.00390358 0.00415445 0.00331525 0.00318549 0.00321119 0.00322681 0.00319735 0 0.00329033 0.0189458 
0.0101824 0.0113842 0.00913938 0.0115962 0.0107994 0.0102616 0.00989071 0.0116193 0.0116838 0.0127021 0.0128421 0.0124041 0.359466 0.0351882 0.0122283 0.0120498 0.010794 0.0114345 0.0150221 0.00841196 0.00762199 0.00362421 0.00339936 0.00332466 0.00320116 0.00325942 0.00324108 0.00329033 0 0.107251 
0.012866 0.00919932 0.00879041 0.00927319 0.00886436 0.00878806 0.00987051 0.0134766 0.036394 0.0267542 0.0103058 0.0169473 0.0204367 0.0173923 0.0125136 0.0162458 0.0144064 0.0133606 0.0163164 0.017279 0.043116 0.0129042 0.015959 0.0128412 0.0183391 0.0144282 0.0130677 0.0189458 0.107251 0 
