1IZNB
SDQQLDCALDLMRRLPPQQIEKNLSDLIDLVPSLCEDLLSSVDQPLKIARDKVVGKDYLLCDYNRDGDSYRSPWSNKYDPPLEDGAMPSARLRKLEVEANNAFDQYRDLYFEGGVSSVYLWDLDHGFAGVILIKKAGDGSKKIKGCWDSIHVVEVQEKSSGRTAHYKLTSTVMLWLQTNKTGSGTMNLGGSLTRQMEKDETVSDSSPHIANIGRLVEDMENKIRSTLNEIYFGKTKDIVNGLRSIDAIPDNQKYKQLQRELSQVLTQRQI
CHHHHHHHHHHHCCCCHHHHHHHHHHHHHHCHHHHHHHHHHCCCCCEEEEECCCCEEEEECHHHEECCEEECCCCCCEECCCCCCCCCCHHHHHHHHHHHHHHHHHHHHHHCCCEEEEEEEECCCEEEEEEEEEEECCCCCCEEEEEEEEEEEEEEECCCCCEEEEEEEEEEEEEEEEEEHHHEEEEEEEEEEEEEEEEEECCCCCCHHHHHHHHHHHHHHHHHHHHHHHHHCHHHHHHHHHCCCCCCCCCHHHHHHHHHHHHHHHCCCC
0 0 0 0 0 0 0 0 0 0 0 0 0 0 0 0 0 0 0 0 0 0 0 0 0 0 0 0 0 0 0 0 0 0 0 0 0 0 0 0 0 0 0 0 0 0 0 0 0 0 0 0 0 0 0 0 0 0 0 0 0 0 0 0 0 0 0 0 0 0 0 0 0 0 0 0 0 0 0 0 0 0 0 0 0 0 0 0 0 0 0 0 0 0 0 0 0 0 0 0 0 0 0 0 0 0 0 0 0 0 0 0 0 0 0 0 0 0 0 0 0 0 0 0 0 0 0 0 0 0 0 0 0 0 0 0 0 0 0 0 0 0 0 0 0 0 0 0 0 0 0 0 0 0 0 0 0 0 0 0 0 0 0 0 0 0 0 0 0 0 0 0 0 0 0 0 0 0 0 0 0 0 0 0 0 0 0 0 0 0 0 0 0 0 0 0 0 0 0 0 0 0 0 0 0 0 0 0 0 0 0 0 0 0 0 0 0 0 0 0 0 0 0 0 0 0 0 0 0 0 0 0 0 0 0 0 0 0 0 0 0 0 0 0 0 0 0 0 0 0 0 0 0 0 0 0 0 0 0 0 0 0 0 0 0 0 0 0 0 0 
0 0 0 0 0 0 0 0 0 0 0 0 0 0 0 0 0 0 0 0 0 0 0 0 0 0 0 0 0 0 0 0 0 0 0 0 0 0 0 0 0 0 0 0 0 0 0 0 0 0 0 0 0 0 0 0 0 0 0 0 0 0 0 0 0 0 0 0 0 0 0 0 0 0 0 0 0 0 0 0 0 0 0 0 0 0 0 0 0 0 0 0 0 0 0 0 0 0 0 0 0 0 0 0 0 0 0 0 0 0 0 0 0 0 0 0 0 0 0 0 0 0 0 0 0 0 0 0 0 0 0 0 0 0 0 0 0 0 0 0 0 0 0 0 0 0 0 0 0 0 0 0 0 0 0 0 0 0 0 0 0 0 0 0 0 0 0 0 0 0 0 0 0 0 0 0 0 0 0 0 0 0 0 0 0 0 0 0 0 0 0 0 0 0 0 0 0 0 0 0 0 0 0 0 0 0 0 0 0 0 0 0 0 0 0 0 0 0 0 0 0 0 0 0 0 0 0 0 0 0 0 0 0 0 0 0 0 0 0 0 0 0 0 0 0 0 0 0 0 0 0 0 0 0 0 0 0 0 0 0 0 0 0 0 0 0 0 0 0 0 
0 0.00353369 0.00331846 0.00449964 0.00421573 0.00776307 0.00690598 0.00946685 0.02125 0.964338 0.00775258 0.0102736 0.0111327 0.00981521 0.0218164 0.010671 0.014473 0.00913342 0.00878512 0.00950054 0.00909054 0.010169 0.00885938 0.00897443 0.00995765 0.00907059 0.00864569 0.00895298 0.00947995 0.00988185 0.0101779 0.0105566 0.0102883 0.00940104 0.00909673 0.0101085 0.00905507 0.00866331 0.00844217 0.00848045 0.00844351 0.00852157 0.00883724 0.00867333 0.00966771 0.00886845 0.00850348 0.00994127 0.00836772 0.00857481 0.00943556 0.00949502 0.00827693 0.00838118 0.00840837 0.00881218 0.00828838 0.00903203 0.0083814 0.00837712 0.00862089 0.0086222 0.00865232 0.00861346 0.00847238 0.00819815 0.00810444 0.00819771 0.00848432 0.00804782 0.00815025 0.00817661 0.00829487 0.00819954 0.00817556 0.00821193 0.00825716 0.0081091 0.00811883 0.00804909 0.00808016 0.00800371 0.00804963 0.0080192 0.00804624 0.00818198 0.00887844 
0.00353369 0 0.00329575 0.00328305 0.00322441 0.00469851 0.00767673 0.011644 0.963166 0.0111177 0.00898961 0.00699742 0.00916557 0.0155354 0.00960853 0.0107125 0.00859622 0.00908017 0.0100597 0.0108871 0.0128095 0.0115997 0.0102046 0.00967517 0.00840391 0.00890374 0.0093599 0.0100162 0.0119551 0.0135062 0.0134092 0.0152576 0.0113414 0.00960408 0.00897837 0.0084457 0.00949121 0.0084916 0.00893615 0.00880821 0.00896811 0.00899572 0.0101302 0.00959594 0.0102802 0.00950317 0.00904178 0.00909355 0.00893203 0.00830957 0.00829245 0.00834168 0.00854132 0.00832866 0.00852668 0.00846023 0.00856716 0.0084579 0.00850486 0.00858715 0.00869591 0.00902182 0.00892253 0.00858765 0.00858279 0.00821092 0.00818377 0.00817104 0.0080841 0.00813885 0.00822823 0.00829066 0.00840192 0.00847334 0.00858203 0.00853591 0.00841427 0.0082907 0.00816531 0.00812685 0.00809797 0.00804808 0.00811766 0.00807616 0.0081245 0.00821605 0.00819728 
0.00331846 0.00329575 0 0.00320679 0.00322058 0.00475475 0.00844175 0.982456 0.0110621 0.00654332 0.00624479 0.0066808 0.01042 0.00865465 0.0106308 0.00941009 0.00829423 0.00899765 0.00917877 0.0119953 0.0196799 0.0108283 0.0157329 0.00872577 0.00838375 0.00854706 0.00937636 0.0128506 0.0150468 0.0163071 0.0202279 0.0183766 0.0178625 0.0098243 0.00881878 0.00836533 0.00928862 0.00826111 0.0108971 0.00918251 0.00952048 0.0100094 0.00990679 0.0138523 0.0111823 0.0106427 0.011771 0.00872037 0.0109152 0.00809848 0.00853697 0.00815534 0.00872556 0.00833492 0.0101245 0.00839396 0.0102733 0.00830304 0.0090988 0.00834802 0.0101837 0.00919636 0.0101377 0.00895083 0.00935518 0.00821815 0.00851183 0.00805891 0.00802944 0.0084085 0.00815007 0.00857289 0.00829384 0.00887591 0.0085946 0.00869553 0.00829389 0.00845604 0.00820956 0.00811076 0.0080577 0.0082298 0.00804612 0.00818287 0.00803706 0.00821117 0.0080414 
0.00449964 0.00328305 0.00320679 0 0.00321918 0.0167748 0.997387 0.00874936 0.00838219 0.00578668 0.00571346 0.00775096 0.00929903 0.025428 0.00913624 0.00905 0.00940286 0.00976783 0.0107884 0.0106773 0.0093028 0.0157316 0.0088197 0.00961901 0.00830336 0.00923354 0.00962794 0.00918997 0.0105267 0.0102749 0.0109464 0.0121524 0.0100488 0.00988507 0.00856468 0.00828539 0.00844996 0.00936487 0.00859771 0.00913674 0.00969006 0.00891274 0.00968425 0.0087619 0.0103177 0.00917923 0.00842758 0.0121476 0.00832376 0.00887888 0.00816305 0.00958578 0.00830392 0.00958439 0.00855919 0.00996906 0.00822376 0.00982682 0.0083407 0.00886485 0.00867258 0.00952511 0.00976203 0.00937333 0.00859365 0.00839925 0.00817012 0.00841571 0.00804046 0.00825869 0.00961646 0.008572 0.00905821 0.00891866 0.00869172 0.00900479 0.00917202 0.0083639 0.00820354 0.00808465 0.00820834 0.00805421 0.00813615 0.00804037 0.00812625 0.00810319 0.00828422 
0.00421573 0.00322441 0.00322058 0.00321918 0 0.994286 0.00465205 0.00468076 0.00468914 0.00465251 0.00949625 0.00608223 0.0170181 0.00830673 0.00967824 0.0160767 0.0083311 0.0156743 0.00928562 0.00880121 0.00976631 0.00866545 0.00922572 0.00833114 0.00851212 0.0128137 0.00885489 0.00887716 0.00916726 0.00960206 0.00947096 0.00928372 0.00937475 0.00853585 0.00840738 0.00851726 0.0147022 0.00824469 0.00876697 0.0084656 0.00848571 0.0084709 0.00848663 0.00909428 0.00879023 0.00848032 0.00896661 0.00822902 0.00916356 0.00814992 0.00889524 0.00891668 0.00868603 0.00818723 0.00921493 0.00812881 0.00902386 0.00819906 0.00838335 0.00814947 0.00855448 0.0084072 0.00858518 0.00828798 0.00862451 0.00814276 0.00817588 0.00805362 0.00807503 0.0105448 0.00810388 0.00817548 0.00826006 0.0081844 0.00821771 0.00828623 0.00820752 0.00827886 0.0081033 0.00805626 0.00809418 0.00822789 0.00805578 0.00809013 0.00809246 0.00815252 0.00809205 
0.00776307 0.00469851 0.00475475 0.0167748 0.994286 0 0.00620391 0.00321617 0.00325587 0.00458402 0.00373731 0.00542771 0.00647028 0.00759747 0.0274386 0.0105184 0.0114271 0.00871909 0.00849799 0.00863193 0.00851978 0.00870852 0.00856849 0.00858566 0.0100243 0.00850761 0.00826423 0.00853072 0.00850775 0.00879593 0.00896817 0.00881922 0.00872732 0.00866816 0.00862037 0.0101336 0.00874498 0.00804061 0.0082002 0.00811003 0.00822449 0.00817694 0.00834605 0.00837135 0.00827173 0.00833021 0.00823935 0.00838033 0.00816334 0.0081704 0.00970045 0.00843372 0.00805337 0.00808346 0.00814168 0.00825953 0.00817218 0.00807998 0.00807784 0.00803481 0.00820713 0.00816542 0.00826141 0.00822264 0.00814164 0.0080314 0.0080919 0.00813095 0.00843567 0.00801872 0.00796611 0.00805317 0.00799237 0.00805407 0.0080173 0.00811822 0.00803522 0.00800952 0.0079897 0.0079595 0.00796853 0.00795873 0.00796574 0.00794319 0.00796258 0.00798309 0.00861378 
0.00690598 0.00767673 0.00844175 0.997387 0.00465205 0.00620391 0 0.00320282 0.00319554 0.00325407 0.00392317 0.00432233 0.00620752 0.017026 0.00903865 0.0089707 0.00825484 0.00858569 0.00898729 0.010099 0.00947174 0.0109851 0.00889202 0.00904927 0.00837098 0.00842232 0.00880882 0.0091166 0.0104714 0.0105889 0.010729 0.0112531 0.00983697 0.0091524 0.0087119 0.00844111 0.00838772 0.00851595 0.00842534 0.00878841 0.00869577 0.00859309 0.00909138 0.00887468 0.00952889 0.00880265 0.00862099 0.00932703 0.00830299 0.00842801 0.00822078 0.00829845 0.00821753 0.00826469 0.00837739 0.00845907 0.00823826 0.00835029 0.00819559 0.00845972 0.00855956 0.0088115 0.00877862 0.00849352 0.00830383 0.00816286 0.00812485 0.00812484 0.00802848 0.00796606 0.00806487 0.00814021 0.00826215 0.00831556 0.00825395 0.00825242 0.00818656 0.00816483 0.00809247 0.00806584 0.00799206 0.00802737 0.00799746 0.00806447 0.00803009 0.00808858 0.00815645 
0.00946685 0.011644 0.982456 0.00874936 0.00468076 0.00321617 0.00320282 0 0.00326299 0.00320745 0.00335545 0.00379117 0.00902637 0.00754974 0.00999871 0.00881438 0.00890086 0.00924659 0.0111044 0.0188847 0.0265023 0.0156811 0.0183311 0.00928384 0.00892651 0.00911203 0.011103 0.0217392 0.0230136 0.030309 0.0360429 0.0334779 0.025369 0.0138074 0.00946093 0.00864512 0.00907009 0.00870035 0.014831 0.0123695 0.0130852 0.0128671 0.0139458 0.019042 0.0151739 0.0145153 0.0179989 0.0118247 0.0124487 0.00838444 0.00853936 0.00840556 0.00918042 0.00929059 0.0110276 0.009464 0.011055 0.00903591 0.0107178 0.00968542 0.0135952 0.0126163 0.01369 0.010899 0.0102782 0.00882299 0.00854499 0.00819704 0.00811369 0.00834368 0.00829744 0.00918937 0.00889306 0.00929086 0.00915396 0.00930862 0.00868936 0.00864715 0.00835084 0.00831389 0.00822477 0.00828811 0.00820685 0.0083407 0.00815589 0.00824844 0.0083138 
0.02125 0.963166 0.0110621 0.00838219 0.00468914 0.00325587 0.00319554 0.00326299 0 0.0032748 0.00336315 0.00647564 0.00719786 0.0233848 0.00903688 0.01591 0.00958632 0.0100493 0.0130961 0.0191991 0.0182811 0.018755 0.0125591 0.0147288 0.00889996 0.00972431 0.0165376 0.0170297 0.0220188 0.0258638 0.0281497 0.0296197 0.026277 0.0128234 0.0127597 0.00878403 0.00891323 0.0103406 0.0116234 0.0126235 0.0125033 0.0137389 0.0133881 0.0153656 0.0153439 0.0178042 0.011577 0.0116196 0.00944441 0.00965545 0.00864893 0.00870365 0.00932285 0.00958115 0.00989031 0.00942472 0.00910083 0.00971329 0.0101771 0.0100547 0.0116805 0.0133951 0.0135801 0.0108563 0.0098695 0.00873694 0.00852108 0.00849714 0.00807635 0.00841757 0.00864727 0.00901924 0.00950576 0.00958421 0.00921125 0.00951355 0.00872738 0.00870744 0.00839967 0.00836041 0.00820525 0.00822349 0.00825521 0.00825617 0.00817188 0.0083629 0.00824922 
0.964338 0.0111177 0.00654332 0.00578668 0.00465251 0.00458402 0.00325407 0.00320745 0.0032748 0 0.013715 0.00394364 0.0300061 0.0066167 0.0752676 0.0167791 0.00936959 0.0183708 0.0112491 0.0118375 0.0143695 0.0114022 0.010441 0.00927 0.0103005 0.0159012 0.0113311 0.0132697 0.0136646 0.0135674 0.0189094 0.0152377 0.0145027 0.0106186 0.0100152 0.0100992 0.0126631 0.00888054 0.0102822 0.00999655 0.0102955 0.0105262 0.0103895 0.0105748 0.012066 0.0104835 0.0104659 0.00919787 0.00934484 0.00859697 0.00978882 0.0104854 0.00977173 0.00929351 0.00977864 0.00854728 0.00907701 0.00881443 0.00903917 0.00906562 0.0103102 0.0119022 0.0107541 0.00959502 0.00934763 0.00839817 0.00839115 0.00830295 0.00822533 0.0101336 0.00878404 0.00860358 0.00990104 0.00879669 0.00933142 0.00898123 0.00898653 0.00864285 0.00835557 0.00823976 0.00819879 0.00823606 0.00817386 0.00813478 0.00810398 0.00844701 0.00863656 
0.00775258 0.00898961 0.00624479 0.00571346 0.00949625 0.00373731 0.00392317 0.00335545 0.00336315 0.013715 0 0.00407228 0.00369573 0.665812 0.0112648 0.00781546 0.0130764 0.00924517 0.00871736 0.00908949 0.00888614 0.00865057 0.00876922 0.00868639 0.010043 0.00879279 0.00871882 0.00861189 0.00862682 0.00873049 0.00877715 0.00859312 0.00874126 0.00863718 0.00891155 0.00978394 0.00964989 0.00823271 0.00845511 0.00832174 0.00843998 0.00833037 0.00835488 0.00844243 0.00843551 0.00841831 0.00855923 0.00830657 0.00855403 0.00819182 0.0103326 0.00807959 0.00840709 0.00810017 0.00850364 0.00818279 0.00847474 0.00814401 0.00822284 0.00816017 0.00832514 0.00830609 0.00834632 0.00828133 0.00830163 0.00804381 0.00807595 0.00844196 0.00843448 0.00825805 0.00797163 0.00804876 0.00810934 0.00805 0.00808391 0.00814569 0.0080574 0.0081351 0.00801915 0.00803319 0.00796856 0.00810737 0.0080081 0.0080313 0.00798745 0.008087 0.0082086 
0.0102736 0.00699742 0.0066808 0.00775096 0.00608223 0.00542771 0.00432233 0.00379117 0.00647564 0.00394364 0.00407228 0 0.954921 0.00410056 0.00351713 0.00734042 0.00682646 0.00957951 0.00861821 0.00851362 0.00874901 0.0087138 0.00836553 0.00839915 0.00832781 0.00916245 0.00844312 0.00833613 0.00853835 0.00840167 0.00853359 0.00852692 0.008384 0.00837419 0.0082299 0.0083298 0.00871538 0.00804962 0.00812037 0.00814362 0.00812242 0.0081415 0.00819913 0.00819939 0.00825829 0.00813606 0.0081755 0.00820795 0.00809326 0.00813269 0.008263 0.00857797 0.00803867 0.0080782 0.00812468 0.00809265 0.00803829 0.00810091 0.00801521 0.00809615 0.00812789 0.00819399 0.00818197 0.00811969 0.00817798 0.00805137 0.00800554 0.0081068 0.00815331 0.0082905 0.00804918 0.00802795 0.00814535 0.00801377 0.00811639 0.00810417 0.00809392 0.00803908 0.00802055 0.00801114 0.00800786 0.0080163 0.0080152 0.00802574 0.00803701 0.00807933 0.00819075 
0.0111327 0.00916557 0.01042 0.00929903 0.0170181 0.00647028 0.00620752 0.00902637 0.00719786 0.0300061 0.00369573 0.954921 0 0.00326464 0.00369131 0.00714674 0.0117385 0.0131759 0.00909447 0.00955305 0.00960741 0.00937781 0.00915215 0.00944342 0.0145349 0.00874678 0.00860886 0.0093384 0.00937927 0.00960228 0.0100742 0.00966482 0.00994211 0.0094076 0.0103546 0.0130286 0.00973866 0.00821703 0.00873339 0.0083813 0.0085509 0.00852845 0.00852659 0.00887066 0.00887266 0.00883616 0.00894283 0.00893513 0.0088312 0.00853635 0.0128935 0.00841393 0.00829025 0.00838278 0.00849925 0.008371 0.00866641 0.00826546 0.00842251 0.00829557 0.0085483 0.00859211 0.00849473 0.00842077 0.00847249 0.00818541 0.00820171 0.00836501 0.00917302 0.00817163 0.00805083 0.00816866 0.0081377 0.00812634 0.00811802 0.00826285 0.00816432 0.00815549 0.00814422 0.00807052 0.00804982 0.00804905 0.00803242 0.00805782 0.00799615 0.00812655 0.0090843 
0.00981521 0.0155354 0.00865465 0.025428 0.00830673 0.00759747 0.017026 0.00754974 0.0233848 0.0066167 0.665812 0.00410056 0.00326464 0 0.00337795 0.0153919 0.22019 0.0092895 0.0131953 0.00960063 0.00996699 0.0104469 0.00914261 0.0113612 0.00850891 0.00892848 0.0111282 0.00963594 0.0102068 0.0104562 0.0106786 0.0112742 0.0097505 0.00947032 0.0099871 0.0087829 0.00847839 0.00926522 0.00871876 0.0089648 0.00878931 0.00875871 0.00901084 0.00902857 0.0093312 0.00901077 0.00866809 0.00926354 0.00840806 0.00955142 0.00847198 0.0085243 0.00858902 0.00856158 0.00869852 0.00842806 0.00827982 0.00850609 0.00817447 0.00845112 0.00855987 0.00896772 0.00884513 0.00851996 0.00860983 0.00819774 0.00809981 0.0089113 0.00815807 0.00813641 0.00821643 0.00813396 0.00820465 0.0082402 0.00827892 0.00838016 0.0081863 0.00814646 0.00810922 0.00799606 0.00805552 0.00800367 0.0080509 0.0080617 0.00805378 0.00815474 0.00823686 
0.0218164 0.00960853 0.0106308 0.00913624 0.00967824 0.0274386 0.00903865 0.00999871 0.00903688 0.0752676 0.0112648 0.00351713 0.00369131 0.00337795 0 0.28815 0.00501033 0.0189342 0.0110468 0.0109837 0.0109386 0.00981439 0.0102769 0.00886202 0.00932431 0.0146684 0.0102934 0.0101601 0.0100851 0.011255 0.0108906 0.0103551 0.0103711 0.00935524 0.00897432 0.00951627 0.0128775 0.00855017 0.00898395 0.00884978 0.00914062 0.00889149 0.00898873 0.00923877 0.00964386 0.00895987 0.00912721 0.00875629 0.0089778 0.00840434 0.00898683 0.0108755 0.00867167 0.00849821 0.00897333 0.0083907 0.0086231 0.0083819 0.00860064 0.00855037 0.008925 0.00876447 0.00895247 0.00883951 0.00870329 0.00829401 0.00835272 0.00811512 0.00826967 0.0105634 0.00837255 0.00826307 0.00834349 0.00829374 0.00864532 0.00841539 0.00857937 0.008422 0.00827835 0.00818872 0.00809246 0.00818358 0.00820631 0.00813531 0.00806081 0.00826828 0.00845558 
0.010671 0.0107125 0.00941009 0.00905 0.0160767 0.0105184 0.0089707 0.00881438 0.01591 0.0167791 0.00781546 0.00734042 0.00714674 0.0153919 0.28815 0 0.0115137 0.0135884 0.0111362 0.00945392 0.0108574 0.00905733 0.00936252 0.00896131 0.0111784 0.0110608 0.00950635 0.00881642 0.00883394 0.00904366 0.00910394 0.00894299 0.00906645 0.0087321 0.00981828 0.0125337 0.0124294 0.00824685 0.00857394 0.00834256 0.00849055 0.00842084 0.00845299 0.00875344 0.00854411 0.00870845 0.00881609 0.00845908 0.00901089 0.00828631 0.0120304 0.00893527 0.0084872 0.00824873 0.00864356 0.00828167 0.00897244 0.00820643 0.00833142 0.00818033 0.00845966 0.00842694 0.00848647 0.00835508 0.00854933 0.00811526 0.00825598 0.00831245 0.00854407 0.00892178 0.00811935 0.00821626 0.00813722 0.00821483 0.00817821 0.0082731 0.00820217 0.00827487 0.00811918 0.00804273 0.00803628 0.00820606 0.00808348 0.0080833 0.00799607 0.0081472 0.00845875 
0.014473 0.00859622 0.00829423 0.00940286 0.0083311 0.0114271 0.00825484 0.00890086 0.00958632 0.00936959 0.0130764 0.00682646 0.0117385 0.22019 0.00501033 0.0115137 0 0.015798 0.00984144 0.00952427 0.00887202 0.00978603 0.00850018 0.00926932 0.00892828 0.0104458 0.00889855 0.00868534 0.00881626 0.00882128 0.00883936 0.00879925 0.00859149 0.00852928 0.0114074 0.00875909 0.00918962 0.00838897 0.00832256 0.00825405 0.0082483 0.00824388 0.0084008 0.00834894 0.00857582 0.00838215 0.00828788 0.00863925 0.00816618 0.00833466 0.0082096 0.0094652 0.00810474 0.00814106 0.00817989 0.0082285 0.00805778 0.00819897 0.00807759 0.00810513 0.00812717 0.00822889 0.00818305 0.00810278 0.00822566 0.00807533 0.00806118 0.00807797 0.00797989 0.00842755 0.00803959 0.00802033 0.00802707 0.00806485 0.0080319 0.00806562 0.00807379 0.00812748 0.00806772 0.00797034 0.00804018 0.00802908 0.00801478 0.00798186 0.00801794 0.00799453 0.00825038 
0.00913342 0.00908017 0.00899765 0.00976783 0.0156743 0.00871909 0.00858569 0.00924659 0.0100493 0.0183708 0.00924517 0.00957951 0.0131759 0.0092895 0.0189342 0.0135884 0.015798 0 0.00396368 0.00325388 0.00331075 0.00325309 0.00337978 0.00369331 0.00587188 0.00649471 0.00744762 0.00787004 0.00816134 0.00964562 0.010212 0.0212568 0.0373026 0.552312 0.0168691 0.0222777 0.0153147 0.00889272 0.00930235 0.0089864 0.00920303 0.00928643 0.00915877 0.0123661 0.00992432 0.0103134 0.0110211 0.00954171 0.0120017 0.0102161 0.0248683 0.0104216 0.00949389 0.00905487 0.00977676 0.00910845 0.0101694 0.00887716 0.00939418 0.00927075 0.0101916 0.0110295 0.00994647 0.00941175 0.00932677 0.00913087 0.00900919 0.00962648 0.0115764 0.00872127 0.0081935 0.00880137 0.00850009 0.00873857 0.00873177 0.00921524 0.00917304 0.0085234 0.00848217 0.0083786 0.00827511 0.00833654 0.0083025 0.00826336 0.00817384 0.00846799 0.0120504 
0.00878512 0.0100597 0.00917877 0.0107884 0.00928562 0.00849799 0.00898729 0.0111044 0.0130961 0.0112491 0.00871736 0.00861821 0.00909447 0.0131953 0.0110468 0.0111362 0.00984144 0.00396368 0 0.00325755 0.00323658 0.00327209 0.00343554 0.00403422 0.00347418 0.00593682 0.00691808 0.00772362 0.00999519 0.0107519 0.0277092 0.0336536 0.742775 0.0147559 0.0138779 0.0104356 0.0107332 0.0119034 0.0100653 0.010825 0.0117599 0.0110195 0.0145342 0.0121639 0.0207485 0.0146976 0.0121105 0.0143985 0.00974165 0.0120128 0.0127029 0.00989981 0.0112659 0.0108163 0.0110853 0.010708 0.0103319 0.0107229 0.0116267 0.0115618 0.0177799 0.0160941 0.0173919 0.0121342 0.0119141 0.00992177 0.0108885 0.00931229 0.00874857 0.00871146 0.00898071 0.00934059 0.0110693 0.01059 0.0104415 0.0117091 0.00981144 0.00893879 0.00867209 0.00864133 0.00839113 0.00844982 0.00840524 0.00853539 0.00828628 0.00922535 0.00934792 
0.00950054 0.0108871 0.0119953 0.0106773 0.00880121 0.00863193 0.010099 0.0188847 0.0191991 0.0118375 0.00908949 0.00851362 0.00955305 0.00960063 0.0109837 0.00945392 0.00952427 0.00325388 0.00325755 0 0.00321213 0.00322153 0.00343194 0.00322346 0.0040343 0.00563237 0.00743578 0.0106737 0.0115227 0.0405031 0.0509264 0.871113 0.0230859 0.0157815 0.00924835 0.00905669 0.00942075 0.0114044 0.0144511 0.0160768 0.0192871 0.0202351 0.0264988 0.0230196 0.0341563 0.0341413 0.0193669 0.0273052 0.0145159 0.0254587 0.00935395 0.0103864 0.0111074 0.0249288 0.0137737 0.024783 0.0118668 0.0209204 0.0143768 0.0316234 0.0254174 0.0607742 0.0304575 0.0437044 0.0138479 0.0219327 0.00972449 0.00912781 0.00861456 0.00934222 0.0101972 0.0128339 0.0246024 0.0183189 0.0302533 0.0142713 0.0178563 0.0103768 0.0132386 0.00932714 0.0111889 0.00930907 0.0105018 0.00873407 0.0108371 0.00889608 0.00912025 
0.00909054 0.0128095 0.0196799 0.0093028 0.00976631 0.00851978 0.00947174 0.0265023 0.0182811 0.0143695 0.00888614 0.00874901 0.00960741 0.00996699 0.0109386 0.0108574 0.00887202 0.00331075 0.00323658 0.00321213 0 0.00321317 0.00320181 0.003241 0.00323917 0.00471574 0.00955103 0.00859991 0.0346017 0.0453856 0.879265 0.0178385 0.0203036 0.00961093 0.0115406 0.00920782 0.0125406 0.00948836 0.0185418 0.0167565 0.0261236 0.0228779 0.0170481 0.0558886 0.0222473 0.0287833 0.0505358 0.0144706 0.0557348 0.00899897 0.0115083 0.00924156 0.0277619 0.0112993 0.0584687 0.0109583 0.0593583 0.0104743 0.0416832 0.0146903 0.080573 0.0274428 0.114563 0.0182353 0.0554316 0.0110523 0.0151652 0.00878946 0.00885862 0.0106517 0.00911758 0.0318931 0.0132325 0.0556125 0.0164854 0.0342988 0.0118614 0.0221996 0.00919597 0.0128079 0.00968731 0.013424 0.00873434 0.0140468 0.00877926 0.0115568 0.00880145 
0.010169 0.0115997 0.0108283 0.0157316 0.00866545 0.00870852 0.0109851 0.0156811 0.018755 0.0114022 0.00865057 0.0087138 0.00937781 0.0104469 0.00981439 0.00905733 0.00978603 0.00325309 0.00327209 0.00322153 0.00321317 0 0.00320598 0.00321518 0.00319647 0.00396222 0.00635056 0.0238164 0.0434957 0.871025 0.0142086 0.0149637 0.0104288 0.0144374 0.00909894 0.00949603 0.00857387 0.0153671 0.0109586 0.02933 0.0201642 0.0188368 0.0397087 0.0149804 0.0533146 0.0288109 0.0159434 0.0825374 0.00981052 0.0145406 0.00913245 0.0152554 0.00970874 0.0522632 0.0107161 0.0589309 0.0095997 0.052975 0.0124001 0.0519755 0.0206149 0.0987524 0.0240584 0.0884043 0.0120979 0.0274895 0.00923623 0.00955581 0.00865399 0.00907913 0.0169061 0.0105509 0.0584233 0.0129617 0.0350161 0.0121056 0.0326974 0.00963641 0.0179824 0.00922815 0.0135618 0.00867009 0.0148693 0.00880043 0.0117074 0.00889061 0.00931698 
0.00885938 0.0102046 0.0157329 0.0088197 0.00922572 0.00856849 0.00889202 0.0183311 0.0125591 0.010441 0.00876922 0.00836553 0.00915215 0.00914261 0.0102769 0.00936252 0.00850018 0.00337978 0.00343554 0.00343194 0.00320181 0.00320598 0 0.0032039 0.00321677 0.00356055 0.0148257 0.0470753 0.849728 0.0138266 0.0122776 0.00867244 0.0112209 0.00813108 0.00981505 0.00795756 0.0111381 0.00865903 0.0202725 0.012413 0.014677 0.017162 0.0122587 0.0269301 0.0142263 0.0240616 0.0424624 0.0103988 0.0331006 0.00878872 0.01109 0.00872674 0.0185075 0.0094923 0.0445619 0.00919554 0.0489806 0.0091157 0.0264754 0.0106748 0.0574736 0.0153755 0.0598413 0.0125535 0.0317695 0.00935285 0.0113941 0.00883048 0.00863073 0.0106053 0.00874608 0.0324999 0.0101968 0.0278363 0.0108254 0.023039 0.00943115 0.0214677 0.00904499 0.0106842 0.0084859 0.0121173 0.0086005 0.00942292 0.00870239 0.00962899 0.00857807 
0.00897443 0.00967517 0.00872577 0.00961901 0.00833114 0.00858566 0.00904927 0.00928384 0.0147288 0.00927 0.00868639 0.00839915 0.00944342 0.0113612 0.00886202 0.00896131 0.00926932 0.00369331 0.00403422 0.00322346 0.003241 0.00321518 0.0032039 0 0.00325354 0.0138124 0.110126 0.669365 0.00921167 0.00796063 0.00733239 0.00899497 0.00832944 0.00886766 0.00740996 0.00774523 0.00885317 0.0139333 0.00999642 0.01099 0.0108932 0.0105865 0.0109455 0.0106829 0.0212395 0.0156967 0.0104354 0.0118804 0.00935537 0.0100894 0.00861576 0.0112517 0.0102348 0.0139745 0.00917981 0.0154958 0.0093304 0.0108372 0.0092351 0.0139143 0.0104009 0.0199004 0.0120227 0.0137716 0.00941245 0.00966865 0.00863757 0.00876349 0.0082619 0.0102854 0.0143972 0.00888878 0.0115416 0.00940361 0.0106804 0.00922975 0.0109391 0.00873244 0.00881249 0.00836786 0.0106181 0.00841472 0.00843083 0.00836065 0.00841946 0.00848791 0.00837947 
0.00995765 0.00840391 0.00838375 0.00830336 0.00851212 0.0100243 0.00837098 0.00892651 0.00889996 0.0103005 0.010043 0.00832781 0.0145349 0.00850891 0.00932431 0.0111784 0.00892828 0.00587188 0.00347418 0.0040343 0.00323917 0.00319647 0.00321677 0.00325354 0 0.166669 0.541665 0.00730332 0.0041745 0.00468161 0.0078872 0.00637345 0.00706586 0.00647538 0.00657298 0.00717755 0.0134492 0.00844648 0.0084134 0.00872738 0.00875285 0.00888733 0.00911061 0.0104862 0.00980883 0.00930864 0.00982819 0.0090177 0.00920206 0.0085968 0.00994227 0.0161107 0.0158485 0.0107719 0.0136548 0.00921767 0.00991168 0.00881759 0.00913118 0.00896113 0.010419 0.00963707 0.00964134 0.00904009 0.00890257 0.00853276 0.00839872 0.00828841 0.00827699 0.016669 0.00867227 0.0102168 0.0110417 0.0104108 0.00969937 0.0104664 0.00921218 0.00883952 0.00848679 0.00838193 0.00820314 0.00840282 0.00822846 0.00810969 0.00818048 0.00825128 0.00871909 
0.00907059 0.00890374 0.00854706 0.00923354 0.0128137 0.00850761 0.00842232 0.00911203 0.00972431 0.0159012 0.00879279 0.00916245 0.00874678 0.00892848 0.0146684 0.0110608 0.0104458 0.00649471 0.00593682 0.00563237 0.00471574 0.00396222 0.00356055 0.0138124 0.166669 0 0.00335005 0.00324004 0.00324306 0.0032704 0.00341264 0.00351497 0.00381623 0.00465097 0.00595837 0.00972933 0.00942 0.00765514 0.0080697 0.00814285 0.00860761 0.00930385 0.0104982 0.0122769 0.012813 0.0177641 0.0150518 0.0125836 0.0105936 0.0142411 0.0198866 0.0145438 0.0104886 0.00956912 0.0106744 0.00947736 0.0109598 0.00948896 0.0103275 0.0107003 0.0114218 0.0118518 0.0111475 0.0112373 0.00966206 0.00959884 0.00945072 0.00977682 0.0153481 0.00894032 0.00874835 0.00938411 0.0092231 0.00924141 0.00940348 0.00931945 0.00919219 0.00870033 0.00855824 0.00881355 0.00846984 0.00840042 0.0084669 0.00857007 0.00829336 0.00864335 0.0133852 
0.00864569 0.0093599 0.00937636 0.00962794 0.00885489 0.00826423 0.00880882 0.011103 0.0165376 0.0113311 0.00871882 0.00844312 0.00860886 0.0111282 0.0102934 0.00950635 0.00889855 0.00744762 0.00691808 0.00743578 0.00955103 0.00635056 0.0148257 0.110126 0.541665 0.00335005 0 0.00321805 0.00320004 0.00327093 0.00331454 0.00356848 0.00445988 0.00506114 0.0111637 0.00627096 0.00861396 0.00913235 0.00948545 0.00942244 0.0148949 0.0104065 0.0288077 0.0178389 0.0359719 0.0467312 0.0228311 0.0167412 0.0354073 0.0114654 0.0111512 0.00965011 0.0163921 0.0111901 0.0124378 0.0106663 0.010702 0.01032 0.0157014 0.0131429 0.0196778 0.021166 0.0249645 0.0151069 0.0141318 0.0105607 0.0097329 0.0287053 0.00984794 0.00924855 0.00905568 0.0123565 0.0115482 0.0124191 0.0116142 0.0132597 0.0105583 0.0096457 0.00914564 0.00898445 0.00859021 0.00882664 0.00856418 0.00864911 0.00851298 0.0111582 0.00907541 
0.00895298 0.0100162 0.0128506 0.00918997 0.00887716 0.00853072 0.0091166 0.0217392 0.0170297 0.0132697 0.00861189 0.00833613 0.0093384 0.00963594 0.0101601 0.00881642 0.00868534 0.00787004 0.00772362 0.0106737 0.00859991 0.0238164 0.0470753 0.669365 0.00730332 0.00324004 0.00321805 0 0.00320118 0.00323175 0.0034202 0.00326528 0.0033538 0.00586607 0.00456725 0.00496158 0.00833335 0.0090959 0.0115042 0.0124525 0.0138682 0.0165684 0.0213106 0.0581554 0.0431475 0.0558059 0.0225754 0.0570854 0.015489 0.0099999 0.00988068 0.0100413 0.0126466 0.0140408 0.0173191 0.0133086 0.0151472 0.0216535 0.0181094 0.0230241 0.0309538 0.0499414 0.0409316 0.0278696 0.0210568 0.0140432 0.014898 0.00934088 0.00896048 0.0102138 0.0107626 0.0154383 0.0199668 0.0245445 0.0227388 0.0214294 0.0169302 0.0123299 0.011781 0.0104547 0.00989758 0.00979979 0.00928013 0.00960085 0.0101035 0.00949192 0.00932775 
0.00947995 0.0119551 0.0150468 0.0105267 0.00916726 0.00850775 0.0104714 0.0230136 0.0220188 0.0136646 0.00862682 0.00853835 0.00937927 0.0102068 0.0100851 0.00883394 0.00881626 0.00816134 0.00999519 0.0115227 0.0346017 0.0434957 0.849728 0.00921167 0.0041745 0.00324306 0.00320004 0.00320118 0 0.00322623 0.00324127 0.00342065 0.0034413 0.00341591 0.003373 0.00379548 0.00771337 0.00918767 0.0129445 0.0123792 0.0181033 0.018548 0.0603502 0.0568112 0.0818926 0.0274367 0.0861956 0.0210979 0.0172017 0.0104714 0.0102658 0.01069 0.0156194 0.0182756 0.0203003 0.0165176 0.0254929 0.0160403 0.0245082 0.0293879 0.0477522 0.0634674 0.0534657 0.0476427 0.0274449 0.0185373 0.0116628 0.00962295 0.00930484 0.0104109 0.011629 0.0233352 0.0322746 0.0332147 0.0302851 0.0291097 0.022372 0.0153348 0.0134374 0.0127083 0.011197 0.0118764 0.010455 0.0109765 0.0102587 0.0107425 0.0093341 
0.00988185 0.0135062 0.0163071 0.0102749 0.00960206 0.00879593 0.0105889 0.030309 0.0258638 0.0135674 0.00873049 0.00840167 0.00960228 0.0104562 0.011255 0.00904366 0.00882128 0.00964562 0.0107519 0.0405031 0.0453856 0.871025 0.0138266 0.00796063 0.00468161 0.0032704 0.00327093 0.00323175 0.00322623 0 0.00324486 0.00333388 0.00327963 0.00335775 0.00361038 0.00359789 0.00853985 0.00884927 0.015123 0.0148254 0.0255738 0.0530837 0.0803961 0.073436 0.038485 0.0993792 0.0283644 0.0243413 0.0186392 0.0114484 0.0106097 0.0107686 0.0200006 0.0194961 0.0251061 0.0196544 0.0215849 0.0217365 0.0274542 0.0352449 0.063078 0.0709246 0.0772572 0.0568497 0.0488778 0.0169306 0.0134756 0.00980149 0.00904376 0.0112844 0.0122338 0.0292709 0.0348281 0.045721 0.0343655 0.0409972 0.0266178 0.0206537 0.0148263 0.0126048 0.0126689 0.0123993 0.0118276 0.012086 0.0108905 0.0114069 0.00961518 
0.0101779 0.0134092 0.0202279 0.0109464 0.00947096 0.00896817 0.010729 0.0360429 0.0281497 0.0189094 0.00877715 0.00853359 0.0100742 0.0106786 0.0108906 0.00910394 0.00883936 0.010212 0.0277092 0.0509264 0.879265 0.0142086 0.0122776 0.00733239 0.0078872 0.00341264 0.00331454 0.0034202 0.00324127 0.00324486 0 0.00325588 0.00325988 0.00326146 0.00330167 0.00349161 0.00847435 0.00866607 0.0198216 0.019171 0.0747647 0.112739 0.0783364 0.0355804 0.0809665 0.0312823 0.0335448 0.018746 0.025391 0.00995853 0.0121862 0.0110782 0.0183857 0.0199997 0.0333881 0.0181041 0.0284629 0.0189661 0.0361928 0.0358251 0.0656205 0.0834875 0.104264 0.0637666 0.0361186 0.0218658 0.0164038 0.00998681 0.00913997 0.0116809 0.0127988 0.036297 0.0358984 0.0525304 0.0388684 0.0482575 0.0266783 0.0212092 0.0146144 0.0159804 0.0126746 0.0172817 0.0104273 0.0135172 0.0117 0.0117715 0.00973571 
0.0105566 0.0152576 0.0183766 0.0121524 0.00928372 0.00881922 0.0112531 0.0334779 0.0296197 0.0152377 0.00859312 0.00852692 0.00966482 0.0112742 0.0103551 0.00894299 0.00879925 0.0212568 0.0336536 0.871113 0.0178385 0.0149637 0.00867244 0.00899497 0.00637345 0.00351497 0.00356848 0.00326528 0.00342065 0.00333388 0.00325588 0 0.00322232 0.003233 0.00326016 0.00329124 0.00700899 0.0108453 0.0143853 0.0458955 0.119678 0.0611862 0.0346462 0.0396642 0.0289531 0.0275904 0.0158585 0.0361442 0.0115329 0.015591 0.00969244 0.011618 0.0159744 0.0354763 0.0156154 0.034235 0.0159292 0.0259926 0.0212662 0.0443059 0.0539497 0.109569 0.0723971 0.0732722 0.0250477 0.0279323 0.0123176 0.0106137 0.00924548 0.0108117 0.0147741 0.0225656 0.0552189 0.0371703 0.0549788 0.0345643 0.0441064 0.0159507 0.0192228 0.0136377 0.024941 0.011522 0.0141038 0.0110581 0.0137414 0.0113116 0.0102547 
0.0102883 0.0113414 0.0178625 0.0100488 0.00937475 0.00872732 0.00983697 0.025369 0.026277 0.0145027 0.00874126 0.008384 0.00994211 0.0097505 0.0103711 0.00906645 0.00859149 0.0373026 0.742775 0.0230859 0.0203036 0.0104288 0.0112209 0.00832944 0.00706586 0.00381623 0.00445988 0.0033538 0.0034413 0.00327963 0.00325988 0.00322232 0 0.00327024 0.00323959 0.00325555 0.0108481 0.0091007 0.053231 0.100261 0.0843822 0.0201562 0.0333419 0.024298 0.0215061 0.0180993 0.0281676 0.0118262 0.0243868 0.00910326 0.0125158 0.0139382 0.0299293 0.0125063 0.0368182 0.011397 0.0311941 0.0111937 0.0346161 0.0204584 0.0648676 0.0497753 0.0753492 0.0270397 0.0360437 0.0128454 0.0155063 0.00934683 0.00902821 0.0125499 0.0114724 0.0466207 0.022447 0.0545934 0.0227078 0.0472236 0.0148283 0.0282152 0.010317 0.0179368 0.0103875 0.0152295 0.00956131 0.0126821 0.00967747 0.0122819 0.0094175 
0.00940104 0.00960408 0.0098243 0.00988507 0.00853585 0.00866816 0.0091524 0.0138074 0.0128234 0.0106186 0.00863718 0.00837419 0.0094076 0.00947032 0.00935524 0.0087321 0.00852928 0.552312 0.0147559 0.0157815 0.00961093 0.0144374 0.00813108 0.00886766 0.00647538 0.00465097 0.00506114 0.00586607 0.00341591 0.00335775 0.00326146 0.003233 0.00327024 0 0.0032078 0.00321073 0.00810715 0.0280438 0.0621487 0.0976703 0.01468 0.0283825 0.0290218 0.0110042 0.0166003 0.0228667 0.0099987 0.0221893 0.00980164 0.0111266 0.0090327 0.0140453 0.010116 0.0235177 0.0118813 0.021572 0.0108482 0.0202099 0.0128018 0.0255989 0.0195908 0.0439563 0.0224039 0.032572 0.0122391 0.0163426 0.00954771 0.00948326 0.00868674 0.0100159 0.0131374 0.0116309 0.0312783 0.0138366 0.0258612 0.0130135 0.0244657 0.0100152 0.015925 0.00918819 0.0125725 0.0090124 0.0109679 0.00888446 0.0104739 0.00880362 0.00959322 
0.00909673 0.00897837 0.00881878 0.00856468 0.00840738 0.00862037 0.0087119 0.00946093 0.0127597 0.0100152 0.00891155 0.0082299 0.0103546 0.0099871 0.00897432 0.00981828 0.0114074 0.0168691 0.0138779 0.00924835 0.0115406 0.00909894 0.00981505 0.00740996 0.00657298 0.00595837 0.0111637 0.00456725 0.003373 0.00361038 0.00330167 0.00326016 0.00323959 0.0032078 0 0.00362434 0.0410668 0.0701002 0.0684336 0.0225151 0.0213715 0.0098787 0.00819756 0.0107371 0.0105402 0.0106535 0.0146012 0.00916028 0.0149648 0.00854762 0.0103597 0.0112302 0.0201962 0.00964987 0.0128651 0.0092352 0.0144687 0.00939187 0.0128666 0.0188074 0.0145737 0.0118213 0.0162838 0.0103998 0.013185 0.00903557 0.00946363 0.00909224 0.0141874 0.0141578 0.00967161 0.0118808 0.00970528 0.0141049 0.00991028 0.0159767 0.00937284 0.0124618 0.00893807 0.00924061 0.00855401 0.00934688 0.00853594 0.00881507 0.0084325 0.00969617 0.00862979 
0.0101085 0.0084457 0.00836533 0.00828539 0.00851726 0.0101336 0.00844111 0.00864512 0.00878403 0.0100992 0.00978394 0.0083298 0.0130286 0.0087829 0.00951627 0.0125337 0.00875909 0.0222777 0.0104356 0.00905669 0.00920782 0.00949603 0.00795756 0.00774523 0.00717755 0.00972933 0.00627096 0.00496158 0.00379548 0.00359789 0.00349161 0.00329124 0.00325555 0.00321073 0.00362434 0 0.100823 0.0180045 0.00700127 0.0166539 0.00673599 0.00741 0.00648075 0.00782178 0.00836985 0.0096914 0.00906176 0.00879691 0.00866021 0.0086915 0.00924203 0.0229166 0.0110167 0.00975291 0.00906223 0.00920258 0.00933845 0.00959848 0.011473 0.00986899 0.0093682 0.0105475 0.00954539 0.00955756 0.00891417 0.00890305 0.00870582 0.0103735 0.00882466 0.0165007 0.00964466 0.00875587 0.0100372 0.00876632 0.00985557 0.009053 0.010352 0.00950551 0.00892033 0.00849585 0.00907711 0.00854543 0.00856083 0.00835497 0.00844477 0.00844384 0.00961256 
0.00905507 0.00949121 0.00928862 0.00844996 0.0147022 0.00874498 0.00838772 0.00907009 0.00891323 0.0126631 0.00964989 0.00871538 0.00973866 0.00847839 0.0128775 0.0124294 0.00918962 0.0153147 0.0107332 0.00942075 0.0125406 0.00857387 0.0111381 0.00885317 0.0134492 0.00942 0.00861396 0.00833335 0.00771337 0.00853985 0.00847435 0.00700899 0.0108481 0.00810715 0.0410668 0.100823 0 0.00319661 0.00319464 0.00322053 0.0032471 0.00322203 0.0032993 0.00447015 0.00483585 0.00605366 0.00866158 0.00633243 0.0127888 0.00676804 0.0706758 0.0103138 0.0135487 0.00827991 0.0161027 0.00847484 0.0193803 0.00855481 0.0157896 0.0101595 0.012957 0.00934478 0.0128264 0.00903741 0.0148087 0.00925096 0.15959 0.00980739 0.0207681 0.0180616 0.00877695 0.0127577 0.00878034 0.0107472 0.00890769 0.0115256 0.00878597 0.0125054 0.00853722 0.010538 0.00867806 0.0116474 0.0085002 0.0169737 0.00874584 0.0168631 0.0121498 
0.00866331 0.0084916 0.00826111 0.00936487 0.00824469 0.00804061 0.00851595 0.00870035 0.0103406 0.00888054 0.00823271 0.00804962 0.00821703 0.00926522 0.00855017 0.00824685 0.00838897 0.00889272 0.0119034 0.0114044 0.00948836 0.0153671 0.00865903 0.0139333 0.00844648 0.00765514 0.00913235 0.0090959 0.00918767 0.00884927 0.00866607 0.0108453 0.0091007 0.0280438 0.0701002 0.0180045 0.00319661 0 0.00318718 0.00317604 0.00322739 0.00320219 0.00321032 0.00333104 0.00414425 0.00475259 0.00519079 0.00819429 0.00608037 0.0313249 0.0066221 0.0108498 0.00835385 0.0129919 0.008543 0.016162 0.00833615 0.0137176 0.0100427 0.0141059 0.00940746 0.0178213 0.010132 0.0158277 0.00931136 0.313491 0.00863048 0.0111305 0.00947893 0.00879495 0.013396 0.00891458 0.0149349 0.00936449 0.0121461 0.00942395 0.0142826 0.00876632 0.0106682 0.00855336 0.0101866 0.00843783 0.0167831 0.00853694 0.0110255 0.00875708 0.0108182 
0.00844217 0.00893615 0.0108971 0.00859771 0.00876697 0.0082002 0.00842534 0.014831 0.0116234 0.0102822 0.00845511 0.00812037 0.00873339 0.00871876 0.00898395 0.00857394 0.00832256 0.00930235 0.0100653 0.0144511 0.0185418 0.0109586 0.0202725 0.00999642 0.0084134 0.0080697 0.00948545 0.0115042 0.0129445 0.015123 0.0198216 0.0143853 0.053231 0.0621487 0.0684336 0.00700127 0.00319464 0.00318718 0 0.00327564 0.00318229 0.00318626 0.00319097 0.00342703 0.00345036 0.00349728 0.00778482 0.00443136 0.0167518 0.005903 0.00873756 0.00730039 0.0114776 0.00849111 0.0189998 0.00888015 0.0167281 0.00936986 0.0170946 0.0107425 0.0247503 0.0163607 0.0392055 0.020888 0.555978 0.00980931 0.0127287 0.00980887 0.0100491 0.0100834 0.0087814 0.0206437 0.0127429 0.0247688 0.0132879 0.0206476 0.011732 0.0178035 0.0091634 0.0129236 0.00896625 0.0202447 0.00933959 0.0127252 0.00937639 0.0129947 0.00871352 
0.00848045 0.00880821 0.00918251 0.00913674 0.0084656 0.00811003 0.00878841 0.0123695 0.0126235 0.00999655 0.00832174 0.00814362 0.0083813 0.0089648 0.00884978 0.00834256 0.00825405 0.0089864 0.010825 0.0160768 0.0167565 0.02933 0.012413 0.01099 0.00872738 0.00814285 0.00942244 0.0124525 0.0123792 0.0148254 0.019171 0.0458955 0.100261 0.0976703 0.0225151 0.0166539 0.00322053 0.00317604 0.00327564 0 0.00318349 0.00318195 0.00318987 0.00322816 0.00340069 0.00448793 0.00413301 0.0180811 0.00683407 0.0057956 0.00589018 0.0078367 0.00812016 0.0120336 0.00982774 0.0135386 0.0106367 0.0115045 0.0103041 0.017652 0.0155459 0.035668 0.0371023 0.591661 0.0107191 0.0141341 0.0327164 0.0111806 0.00925533 0.00938147 0.0110995 0.0113006 0.0256246 0.0190069 0.0226197 0.0178056 0.0215445 0.0112935 0.013323 0.010478 0.0198256 0.0103993 0.0140645 0.0100965 0.0119906 0.0103128 0.00935519 
0.00844351 0.00896811 0.00952048 0.00969006 0.00848571 0.00822449 0.00869577 0.0130852 0.0125033 0.0102955 0.00843998 0.00812242 0.0085509 0.00878931 0.00914062 0.00849055 0.0082483 0.00920303 0.0117599 0.0192871 0.0261236 0.0201642 0.014677 0.0108932 0.00875285 0.00860761 0.0148949 0.0138682 0.0181033 0.0255738 0.0747647 0.119678 0.0843822 0.01468 0.0213715 0.00673599 0.0032471 0.00322739 0.00318229 0.00318349 0 0.00320355 0.00318534 0.00321264 0.0032274 0.00339353 0.00748727 0.00447939 0.00616747 0.00672208 0.00643446 0.00714063 0.0107619 0.00972062 0.0133623 0.0186318 0.011752 0.010449 0.0150412 0.0178835 0.0386546 0.0477788 0.637266 0.0240474 0.019016 0.0265305 0.0126272 0.0127572 0.00865095 0.00939309 0.00975613 0.0192203 0.0197651 0.0269451 0.0202125 0.0247846 0.0164457 0.0141734 0.0112595 0.0130531 0.0111673 0.0114772 0.0106686 0.0116845 0.0101011 0.0105785 0.00928799 
0.00852157 0.00899572 0.0100094 0.00891274 0.0084709 0.00817694 0.00859309 0.0128671 0.0137389 0.0105262 0.00833037 0.0081415 0.00852845 0.00875871 0.00889149 0.00842084 0.00824388 0.00928643 0.0110195 0.0202351 0.0228779 0.0188368 0.017162 0.0105865 0.00888733 0.00930385 0.0104065 0.0165684 0.018548 0.0530837 0.112739 0.0611862 0.0201562 0.0283825 0.0098787 0.00741 0.00322203 0.00320219 0.00318626 0.00318195 0.00320355 0 0.00319497 0.00320656 0.00320569 0.00368812 0.00345111 0.00336241 0.00497984 0.00403507 0.00457492 0.00727841 0.00894132 0.0101737 0.0119 0.0147315 0.0109313 0.0105193 0.0147211 0.0292629 0.0353066 0.656018 0.0165644 0.0202238 0.0284216 0.0136813 0.0116931 0.00951116 0.00891825 0.00951756 0.0112494 0.0172261 0.0167323 0.0234859 0.0211652 0.0237852 0.0170007 0.0148413 0.0140361 0.0121097 0.0128012 0.012346 0.0106766 0.0103696 0.0102629 0.0108016 0.00901753 
