1JJ2S
SKQPDKQRKSQRRAPLHERHKQVRATLSADLREEYGQRNVRVNAGDTVEVLRGDFAGEEGEVINVDLDKAVIHVEDVTLEKTDGEEVPRPLDTSNVRVTDLDLEDEKREARLESEDDSA
CCCHHHHHHHHHCCCHHHCHHHHEEEECHHHHHHHCCCEEECCCCCEEEECCCCCCCCEEEEEEEECCCCEEEECCCEEECCCCCEEECCECHHHEEEEECCCCCHHHHHHHHCCCCCC
0 0 0 0 0 0 0 0 0 0 0 0 0 0 0 0 0 0 0 0 0 0 0 0 0 0 0 0 0 0 0 0 0 0 0 0 0 0 0 0 0 0 0 0 0 0 0 0 0 0 0 0 0 0 0 0 0 0 0 0 0 0 0 0 0 0 0 0 0 0 0 0 0 0 0 0 0 0 0 0 0 0 0 0 0 0 0 0 0 0 0 0 0 0 0 0 0 0 0 0 0 0 0 0 0 0 0 0 0 0 0 0 0 0 0 0 0 0 0 
0 0 0 0 0 0 0 0 0 0 0 0 0 0 0 0 0 0 0 0 0 0 0 0 0 0 0 0 0 0 0 0 0 0 0 0 0 0 0 0 0 0 0 0 0 0 0 0 0 0 0 0 0 0 0 0 0 0 0 0 0 0 0 0 0 0 0 0 0 0 0 0 0 0 0 0 0 0 0 0 0 0 0 0 0 0 0 0 0 0 0 0 0 0 0 0 0 0 0 0 0 0 0 0 0 0 0 0 0 0 0 0 0 0 0 0 0 0 0 
0 0.00332494 0.00337244 0.00355771 0.0131043 0.00706474 0.427544 0.0200617 0.00847373 0.0365437 0.0162532 0.0119421 0.00856341 0.0127555 0.00896862 0.0105794 0.0107149 0.00880644 0.032611 0.0160421 0.00946908 0.0192094 0.0104708 0.0106132 0.00888143 0.0146648 0.00925126 0.0085259 0.0124579 0.0098775 0.00897738 0.00956886 0.00869644 0.0131816 0.010041 
0.00332494 0 0.00331244 0.00351908 0.00661352 0.383267 0.0168328 0.00821124 0.0643593 0.00915829 0.019156 0.00831106 0.0330561 0.00844317 0.0204873 0.0110984 0.0091197 0.0480562 0.00911395 0.0100345 0.0425811 0.00904148 0.022104 0.00889177 0.0116774 0.00927723 0.00865152 0.0113929 0.00872507 0.0136291 0.0169759 0.00847182 0.0356374 0.00897478 0.00874105 
0.00337244 0.00331244 0 0.00320868 0.280544 0.0137507 0.0223921 0.0231244 0.00940704 0.0666372 0.00914716 0.0178783 0.00882635 0.0257633 0.00883057 0.00954236 0.0293606 0.00893918 0.0121759 0.0196475 0.00965779 0.0650692 0.00852882 0.0174331 0.00951687 0.00911595 0.0101677 0.00860912 0.00922098 0.00861416 0.00908395 0.03075 0.00856416 0.0125689 0.00883704 
0.00355771 0.00351908 0.00320868 0 0.013765 0.0183429 0.0111774 0.0132809 0.0259109 0.00942962 0.0756752 0.0124318 0.0261994 0.00872663 0.0109692 0.00944275 0.00886348 0.0170035 0.01114 0.0201676 0.0173554 0.00892399 0.0405266 0.0195225 0.0094105 0.0107054 0.0126491 0.00926623 0.00868597 0.0294954 0.0654359 0.00881577 0.0116651 0.00879716 0.00935091 
0.0131043 0.00661352 0.280544 0.013765 0 0.00327769 0.00330259 0.011506 0.00630102 0.152014 0.0385812 0.0203349 0.0080316 0.0164534 0.00900743 0.00932742 0.0140587 0.00961787 0.0329588 0.0284979 0.00948482 0.0333038 0.0105561 0.0171696 0.00889424 0.023036 0.0119483 0.00858745 0.019262 0.0109876 0.0112593 0.01324 0.00877419 0.00995231 0.0162146 
0.00706474 0.383267 0.0137507 0.0183429 0.00327769 0 0.00326546 0.00484779 0.165718 0.0192584 0.00883131 0.00748358 0.0291654 0.0081101 0.0116121 0.019422 0.00867595 0.0720949 0.00868436 0.0110891 0.0885653 0.00932508 0.0164428 0.00939528 0.0438872 0.00892572 0.00885862 0.0317372 0.00847296 0.0152852 0.0190657 0.00909627 0.0148932 0.0102827 0.00868466 
0.427544 0.0168328 0.0223921 0.0111774 0.00330259 0.00326546 0 0.183646 0.0145123 0.0188918 0.00668125 0.0287614 0.00848774 0.0133046 0.0121476 0.00949569 0.0177313 0.00896862 0.0225459 0.068226 0.00963589 0.0184856 0.0104272 0.0551992 0.00885885 0.0115069 0.025093 0.00868609 0.010594 0.0130109 0.0173482 0.0138395 0.00900874 0.0094699 0.011745 
0.0200617 0.00821124 0.0231244 0.0132809 0.011506 0.00484779 0.183646 0 0.00327473 0.00342082 0.00340332 0.0183824 0.00688174 0.499648 0.0324967 0.035971 0.0151839 0.00855251 0.0522964 0.0355034 0.00943885 0.0229408 0.0113763 0.0222495 0.00919197 0.0220627 0.013792 0.00883451 0.0189795 0.012126 0.0109093 0.017863 0.00896337 0.0183443 0.019336 
0.00847373 0.0643593 0.00940704 0.0259109 0.00630102 0.165718 0.0145123 0.00327473 0 0.00325588 0.00381219 0.00652474 0.655342 0.00868479 0.0817482 0.0109804 0.00862863 0.0561894 0.00900314 0.012039 0.117963 0.00948766 0.0266078 0.010101 0.0214432 0.0105849 0.00991799 0.0206554 0.00942745 0.0195657 0.0287616 0.00887715 0.101782 0.0117139 0.010121 
0.0365437 0.00915829 0.0666372 0.00942962 0.152014 0.0192584 0.0188918 0.00342082 0.00325588 0 0.0032377 0.66788 0.00854261 0.0607403 0.00783471 0.00938801 0.0209476 0.00832432 0.0136766 0.0325189 0.0104032 0.0712449 0.00873952 0.0251064 0.0116035 0.0100774 0.017091 0.00990456 0.0108335 0.0100905 0.011837 0.117817 0.00932268 0.0209972 0.0102779 
0.0162532 0.019156 0.00914716 0.0756752 0.0385812 0.00883131 0.00668125 0.00340332 0.00381219 0.0032377 0 0.0170368 0.031648 0.00696015 0.0146318 0.0086893 0.00893358 0.0168196 0.010716 0.0172467 0.0180692 0.00943951 0.0500758 0.0178068 0.0103867 0.0110005 0.0139756 0.00973535 0.00960963 0.0304304 0.117145 0.00923565 0.0160965 0.00897756 0.0116631 
0.0119421 0.00831106 0.0178783 0.0124318 0.0203349 0.00748358 0.0287614 0.0183824 0.00652474 0.66788 0.0170368 0 0.00381178 0.0033061 0.00324832 0.00336768 0.00351592 0.0035829 0.0104913 0.00817075 0.00641954 0.0220147 0.00825233 0.0123736 0.00930585 0.0612581 0.0120708 0.00852688 0.0198368 0.0125628 0.00941951 0.012963 0.00848087 0.0119968 0.0156561 
0.00856341 0.0330561 0.00882635 0.0261994 0.0080316 0.0291654 0.00848774 0.00688174 0.655342 0.00854261 0.031648 0.00381178 0 0.00317992 0.0034378 0.00322915 0.00327233 0.00712474 0.00325975 0.00585111 0.0146913 0.00700577 0.0195871 0.00832539 0.0523422 0.0191554 0.00884932 0.0149294 0.00884315 0.0212157 0.0210559 0.00855661 0.0337382 0.00971384 0.0100084 
0.0127555 0.00844317 0.0257633 0.00872663 0.0164534 0.0081101 0.0133046 0.499648 0.00868479 0.0607403 0.00696015 0.0033061 0.00317992 0 0.0031652 0.0032201 0.00341263 0.00325415 0.00500806 0.00964383 0.00617555 0.0180571 0.00632565 0.0378456 0.0103145 0.0117978 0.0132094 0.00825997 0.00975559 0.00853025 0.00875438 0.0355426 0.0086844 0.0162319 0.00971112 
0.00896862 0.0204873 0.00883057 0.0109692 0.00900743 0.0116121 0.0121476 0.0324967 0.0817482 0.00783471 0.0146318 0.00324832 0.0034378 0.0031652 0 0.00322402 0.00321594 0.00356897 0.00332705 0.00522815 0.0114416 0.00787739 0.352966 0.00936736 0.00997175 0.00892078 0.00871122 0.00915021 0.00884203 0.0124063 0.0204925 0.00901883 0.0348815 0.00918772 0.0090517 
0.0105794 0.0110984 0.00954236 0.00944275 0.00932742 0.019422 0.00949569 0.035971 0.0109804 0.00938801 0.0086893 0.00336768 0.00322915 0.0032201 0.00322402 0 0.00322603 0.00322476 0.00324346 0.00551153 0.00735314 0.0251444 0.111972 0.0091068 0.00798217 0.00855476 0.00919069 0.00862147 0.00864616 0.00943479 0.0114617 0.0113887 0.0123451 0.0106888 0.00907502 
0.0107149 0.0091197 0.0293606 0.00886348 0.0140587 0.00867595 0.0177313 0.0151839 0.00862863 0.0209476 0.00893358 0.00351592 0.00327233 0.00341263 0.00321594 0.00322603 0 0.00321426 0.0032828 0.00514883 0.0101565 0.867557 0.00633871 0.0124353 0.00762482 0.00900428 0.0109584 0.00836178 0.0105571 0.00886213 0.00975642 0.0225026 0.0103488 0.0136972 0.00970469 
0.00880644 0.0480562 0.00893918 0.0170035 0.00961787 0.0720949 0.00896862 0.00855251 0.0561894 0.00832432 0.0168196 0.0035829 0.00712474 0.00325415 0.00356897 0.00322476 0.00321426 0 0.00328196 0.00454543 0.94212 0.00586157 0.0180663 0.00762744 0.0144908 0.00752451 0.00924618 0.0224059 0.00857799 0.0185324 0.0309707 0.00883848 0.0385941 0.0110073 0.00904287 
0.032611 0.00911395 0.0121759 0.01114 0.0329588 0.00868436 0.0225459 0.0522964 0.00900314 0.0136766 0.010716 0.0104913 0.00325975 0.00500806 0.00332705 0.00324346 0.0032828 0.00328196 0 0.948368 0.00502167 0.00543047 0.00431429 0.0199932 0.00725713 0.0165549 0.0221213 0.008221 0.0112477 0.0125348 0.0152858 0.0167413 0.00886476 0.00972698 0.0144434 
0.0160421 0.0100345 0.0196475 0.0201676 0.0284979 0.0110891 0.068226 0.0355034 0.012039 0.0325189 0.0172467 0.00817075 0.00585111 0.00964383 0.00522815 0.00551153 0.00514883 0.00454543 0.948368 0 0.00325211 0.00336222 0.00354624 0.00706049 0.00864689 0.119351 0.0163506 0.00861484 0.0366118 0.0175367 0.0146134 0.0213891 0.0100981 0.033685 0.0260406 
0.00946908 0.0425811 0.00965779 0.0173554 0.00948482 0.0885653 0.00963589 0.00943885 0.117963 0.0104032 0.0180692 0.00641954 0.0146913 0.00617555 0.0114416 0.00735314 0.0101565 0.94212 0.00502167 0.00325211 0 0.00327316 0.00342949 0.00406425 0.0515324 0.0192194 0.00728619 0.0343138 0.00923473 0.0144962 0.0255804 0.00902656 0.0849687 0.0119437 0.011236 
0.0192094 0.00904148 0.0650692 0.00892399 0.0333038 0.00932508 0.0184856 0.0229408 0.00948766 0.0712449 0.00943951 0.0220147 0.00700577 0.0180571 0.00787739 0.0251444 0.867557 0.00586157 0.00543047 0.00336222 0.00327316 0 0.00328755 0.0250784 0.0243234 0.00545663 0.0207977 0.00797307 0.010132 0.00823016 0.0103977 0.0766376 0.00924102 0.0273491 0.0114572 
0.0104708 0.022104 0.00852882 0.0405266 0.0105561 0.0164428 0.0104272 0.0113763 0.0266078 0.00873952 0.0500758 0.00825233 0.0195871 0.00632565 0.352966 0.111972 0.00633871 0.0180663 0.00431429 0.00354624 0.00342949 0.00328755 0 0.0117155 0.00730183 0.00370914 0.00983665 0.0105834 0.00750689 0.0586835 0.114794 0.00872701 0.0215082 0.00914194 0.0140407 
0.0106132 0.00889177 0.0174331 0.0195225 0.0171696 0.00939528 0.0551992 0.0222495 0.010101 0.0251064 0.0178068 0.0123736 0.00832539 0.0378456 0.00936736 0.0091068 0.0124353 0.00762744 0.0199932 0.00706049 0.00406425 0.0250784 0.0117155 0 0.00339702 0.00355157 0.00868024 0.00875203 0.90121 0.0145657 0.00938692 0.017797 0.00924603 0.0140875 0.0362611 
0.00888143 0.0116774 0.00951687 0.0094105 0.00889424 0.0438872 0.00885885 0.00919197 0.0214432 0.0116035 0.0103867 0.00930585 0.0523422 0.0103145 0.00997175 0.00798217 0.00762482 0.0144908 0.00725713 0.00864689 0.0515324 0.0243234 0.00730183 0.00339702 0 0.00333607 0.00681802 0.957466 0.00624239 0.0111118 0.0120926 0.00945784 0.0114367 0.0125644 0.00882827 
0.0146648 0.00927723 0.00911595 0.0107054 0.023036 0.00892572 0.0115069 0.0220627 0.0105849 0.0100774 0.0110005 0.0612581 0.0191554 0.0117978 0.00892078 0.00855476 0.00900428 0.00752451 0.0165549 0.119351 0.0192194 0.00545663 0.00370914 0.00355157 0.00333607 0 0.956364 0.00411838 0.0051009 0.00754736 0.0176788 0.00946887 0.00988056 0.00954697 0.0123457 
0.00925126 0.00865152 0.0101677 0.0126491 0.0119483 0.00885862 0.025093 0.013792 0.00991799 0.017091 0.0139756 0.0120708 0.00884932 0.0132094 0.00871122 0.00919069 0.0109584 0.00924618 0.0221213 0.0163506 0.00728619 0.0207977 0.00983665 0.00868024 0.00681802 0.956364 0 0.00359356 0.00361877 0.00436354 0.00483081 0.00702823 0.00740334 0.0165539 0.0201743 
0.0085259 0.0113929 0.00860912 0.00926623 0.00858745 0.0317372 0.00868609 0.00883451 0.0206554 0.00990456 0.00973535 0.00852688 0.0149294 0.00825997 0.00915021 0.00862147 0.00836178 0.0224059 0.008221 0.00861484 0.0343138 0.00797307 0.0105834 0.00875203 0.957466 0.00411838 0.00359356 0 0.00332395 0.00345382 0.00575768 0.00562816 0.0132363 0.0160282 0.00676069 
0.0124579 0.00872507 0.00922098 0.00868597 0.019262 0.00847296 0.010594 0.0189795 0.00942745 0.0108335 0.00960963 0.0198368 0.00884315 0.00975559 0.00884203 0.00864616 0.0105571 0.00857799 0.0112477 0.0366118 0.00923473 0.010132 0.00750689 0.90121 0.00624239 0.0051009 0.00361877 0.00332395 0 0.0113366 0.00571136 0.00972446 0.00701214 0.00652488 0.00747331 
0.0098775 0.0136291 0.00861416 0.0294954 0.0109876 0.0152852 0.0130109 0.012126 0.0195657 0.0100905 0.0304304 0.0125628 0.0212157 0.00853025 0.0124063 0.00943479 0.00886213 0.0185324 0.0125348 0.0175367 0.0144962 0.00823016 0.0586835 0.0145657 0.0111118 0.00754736 0.00436354 0.00345382 0.0113366 0 0.0203041 0.00373594 0.00536907 0.00385426 0.00580055 
0.00897738 0.0169759 0.00908395 0.0654359 0.0112593 0.0190657 0.0173482 0.0109093 0.0287616 0.011837 0.117145 0.00941951 0.0210559 0.00875438 0.0204925 0.0114617 0.00975642 0.0309707 0.0152858 0.0146134 0.0255804 0.0103977 0.114794 0.00938692 0.0120926 0.0176788 0.00483081 0.00575768 0.00571136 0.0203041 0 0.00322678 0.00353851 0.00327456 0.00404686 
0.00956886 0.00847182 0.03075 0.00881577 0.01324 0.00909627 0.0138395 0.017863 0.00887715 0.117817 0.00923565 0.012963 0.00855661 0.0355426 0.00901883 0.0113887 0.0225026 0.00883848 0.0167413 0.0213891 0.00902656 0.0766376 0.00872701 0.017797 0.00945784 0.00946887 0.00702823 0.00562816 0.00972446 0.00373594 0.00322678 0 0.00319216 0.00335721 0.00344326 
0.00869644 0.0356374 0.00856416 0.0116651 0.00877419 0.0148932 0.00900874 0.00896337 0.101782 0.00932268 0.0160965 0.00848087 0.0337382 0.0086844 0.0348815 0.0123451 0.0103488 0.0385941 0.00886476 0.0100981 0.0849687 0.00924102 0.0215082 0.00924603 0.0114367 0.00988056 0.00740334 0.0132363 0.00701214 0.00536907 0.00353851 0.00319216 0 0.00322671 0.0032392 
0.0131816 0.00897478 0.0125689 0.00879716 0.00995231 0.0102827 0.0094699 0.0183443 0.0117139 0.0209972 0.00897756 0.0119968 0.00971384 0.0162319 0.00918772 0.0106888 0.0136972 0.0110073 0.00972698 0.033685 0.0119437 0.0273491 0.00914194 0.0140875 0.0125644 0.00954697 0.0165539 0.0160282 0.00652488 0.00385426 0.00327456 0.00335721 0.00322671 0 0.00337063 
0.010041 0.00874105 0.00883704 0.00935091 0.0162146 0.00868466 0.011745 0.019336 0.010121 0.0102779 0.0116631 0.0156561 0.0100084 0.00971112 0.0090517 0.00907502 0.00970469 0.00904287 0.0144434 0.0260406 0.011236 0.0114572 0.0140407 0.0362611 0.00882827 0.0123457 0.0201743 0.00676069 0.00747331 0.00580055 0.00404686 0.00344326 0.0032392 0.00337063 0 
