1JKMA
PGRLGDESSGPRTDPRFSPAMVEALATFGLDAVAAAPPVSASDDLPTVLAAVGASHDGFQAVYDSIALDLPTDRDDVETSTETILGVDGNEITLHVFRPAGVEGVLPGLVYTHGGGMTILTTDNRVHRRWCTDLAAAGSVVVMVDFRNAWTAEGHHPFPSGVEDCLAAVLWVDEHRESLGLSGVVVQGESGGGNLAIATTLLAKRRGRLDAIDGVYASIPYISGGYAWDHERRLTELPSLVENDGYFIENGGMALLVRAYDPTGEHAEDPIAWPYFASEDELRGLPPFVVAVNELDPLRDEGIAFARRLARAGVDVAARVNIGLVHGADVIFRHWLPAALESTVRDVAGFAADRARLR
CHHHHCCCCCCCCCCCCCHHHHHHHHCCCCCCCCCCCCCCCCCCHHHHHHHHHHHHHHHHHHHHHCCCCCCCCCCCEEEEEEEEECCCCCEEEEEEEEECCCCCCEEEEEEECCCCCCCCCCCCHHHHHHHHHHHHCCCEEEEEECCCCEECCEECCCCHHHHHHHHHHHHHHHCHHHHCEEEEEEEEECHHHHHHHHHHHHHHHCCCHHHCCEEEEECCCCCCCCCCCHHHHHHHCCHHHHCCCCCCCHHHHHHHHHHHCCCCCCCCCCCCCHHHCCHHHHCCCCCEEEEEECCCCCHHHHHHHHHHHHHCCCCEEEEEECCCCCCHHHHCHHHCHHHHHHHHHHHHHHHHHHHHHC
0 0 0 0 0 0 0 0 0 0 0 0 0 0 0 0 0 0 0 0 0 0 0 0 0 0 0 0 0 0 0 0 0 0 0 0 0 0 0 0 0 0 0 0 0 0 0 0 0 0 0 0 0 0 0 0 0 0 0 0 0 0 0 0 0 0 0 0 0 0 0 0 0 0 0 0 0 0 0 0 0 0 0 0 0 0 0 0 0 0 0 0 0 0 0 0 0 0 0 0 0 0 0 0 0 0 0 0 0 0 0 0 0 0 0 0 0 0 0 0 0 0 0 0 0 0 0 0 0 0 0 0 0 0 0 0 0 0 0 0 0 0 0 0 0 0 0 0 0 0 0 0 0 0 0 0 0 0 0 0 0 0 0 0 0 0 0 0 0 0 0 0 0 0 0 0 0 0 0 0 0 0 0 0 0 0 0 0 0 0 0 0 0 0 0 0 0 0 0 0 0 0 0 0 0 0 0 0 0 0 0 0 0 0 0 0 0 0 0 0 0 0 0 0 0 0 0 0 0 0 0 0 0 0 0 0 0 0 0 0 0 0 0 0 0 0 0 0 0 0 0 0 0 0 0 0 0 0 0 0 0 0 0 0 0 0 0 0 0 0 0 0 0 0 0 0 0 0 0 0 0 0 0 0 0 0 0 0 0 0 0 0 0 0 0 0 0 0 0 0 0 0 0 0 0 0 0 0 0 0 0 0 0 0 0 0 0 0 0 0 0 0 0 0 0 0 0 0 0 0 0 0 0 0 0 0 0 0 0 0 0 0 0 0 0 0 0 0 0 0 0 0 0 0 0 0 0 0 
0 0 0 0 0 0 0 0 0 0 0 0 0 0 0 0 0 0 0 0 0 0 0 0 0 0 0 0 0 0 0 0 0 0 0 0 0 0 0 0 0 0 0 0 0 0 0 0 0 0 0 0 0 0 0 0 0 0 0 0 0 0 0 0 0 0 0 0 0 0 0 0 0 0 0 0 0 0 0 0 0 0 0 0 0 0 0 0 0 0 0 0 0 0 0 0 0 0 0 0 0 0 0 0 0 0 0 0 0 0 0 0 0 0 0 0 0 0 0 0 0 0 0 0 0 0 0 0 0 0 0 0 0 0 0 0 0 0 0 0 0 0 0 0 0 0 0 0 0 0 0 0 0 0 0 0 0 0 0 0 0 0 0 0 0 0 0 0 0 0 0 0 0 0 0 0 0 0 0 0 0 0 0 0 0 0 0 0 0 0 0 0 0 0 0 0 0 0 0 0 0 0 0 0 0 0 0 0 0 0 0 0 0 0 0 0 0 0 0 0 0 0 0 0 0 0 0 0 0 0 0 0 0 0 0 0 0 0 0 0 0 0 0 0 0 0 0 0 0 0 0 0 0 0 0 0 0 0 0 0 0 0 0 0 0 0 0 0 0 0 0 0 0 0 0 0 0 0 0 0 0 0 0 0 0 0 0 0 0 0 0 0 0 0 0 0 0 0 0 0 0 0 0 0 0 0 0 0 0 0 0 0 0 0 0 0 0 0 0 0 0 0 0 0 0 0 0 0 0 0 0 0 0 0 0 0 0 0 0 0 0 0 0 0 0 0 0 0 0 0 0 0 0 0 0 0 0 0 
0 0.00334868 0.00338613 0.00415507 0.00335822 0.00395172 0.00359704 0.0066953 0.0151739 0.00774146 0.0106315 0.00790171 0.0121427 0.00864448 0.0106062 0.0113707 0.0234892 0.888364 0.0125011 0.0101812 0.0109852 0.0101364 0.010226 0.0102763 0.0206268 0.013714 0.0098489 0.0108264 0.00939994 0.0108198 0.0103295 0.0101312 0.011411 0.00885282 0.00895359 0.00920231 0.00803701 0.00853623 0.0086295 0.00855536 0.00864169 0.00847168 0.00858095 0.00933228 0.00833686 0.008172 0.00837955 0.00832212 0.00937336 0.00828626 0.00831119 0.00831195 0.00839646 0.00826111 0.00845532 0.00867346 0.00841898 0.00835075 0.00839678 0.00827266 0.0084957 
0.00334868 0 0.00329975 0.00332869 0.00333451 0.00325767 0.00407492 0.0040693 0.00508026 0.00774874 0.00734255 0.0104637 0.00818603 0.0107635 0.00975498 0.0345793 0.865275 0.00939207 0.00896998 0.0116566 0.0102693 0.0125186 0.0104398 0.0156804 0.00909462 0.0102775 0.0122165 0.0105515 0.0121963 0.0089248 0.00895977 0.00861146 0.0088519 0.00822824 0.00824486 0.00809005 0.00826166 0.00833597 0.00861868 0.00886907 0.00857418 0.00856188 0.00845207 0.00834227 0.00816396 0.0083157 0.00839172 0.00843741 0.00834107 0.00811104 0.00825385 0.00832909 0.00828436 0.00816269 0.00812646 0.0080853 0.00825297 0.00830369 0.00834534 0.00825575 0.00821216 
0.00338613 0.00329975 0 0.00336836 0.00324662 0.00342488 0.00335082 0.00360176 0.0035512 0.00693295 0.00889627 0.0081626 0.00912615 0.00827925 0.038743 0.84984 0.00968212 0.00827233 0.00886462 0.0089872 0.0108088 0.0111235 0.0174704 0.00927731 0.00914515 0.00941968 0.0102574 0.0151352 0.0106193 0.00928347 0.00842016 0.00841106 0.00847249 0.00831162 0.00804108 0.00826264 0.00811591 0.00883893 0.00910114 0.00907183 0.00934655 0.00856361 0.00835763 0.00809922 0.00819669 0.00823845 0.0086369 0.00834069 0.00829182 0.00816941 0.00827407 0.00837772 0.00837494 0.00822436 0.00813725 0.00818215 0.00826123 0.00836454 0.00843605 0.00827463 0.00834294 
0.00415507 0.00332869 0.00336836 0 0.00328571 0.00322386 0.00342787 0.00330321 0.00338228 0.00671046 0.0071977 0.00737168 0.00723197 0.0122581 0.894418 0.0146754 0.00764047 0.00757132 0.00846113 0.00860884 0.00928369 0.0119548 0.00997476 0.00917208 0.00860356 0.00925917 0.00958973 0.0113725 0.0111885 0.00873108 0.00844029 0.00837494 0.00843562 0.00813621 0.00805437 0.00810326 0.00807318 0.00852659 0.00862416 0.00911186 0.0086369 0.00830544 0.00824754 0.00808118 0.0081138 0.00811558 0.00830329 0.00830377 0.00815198 0.00811216 0.00814025 0.00821079 0.0081995 0.00808812 0.0081089 0.00814343 0.00817057 0.00825334 0.00842762 0.0082063 0.00820806 
0.00335822 0.00333451 0.00324662 0.00328571 0 0.00322613 0.00318111 0.00329304 0.00319183 0.00586956 0.00672423 0.00741733 0.00857677 0.919642 0.017265 0.00792952 0.00766114 0.00765348 0.00825632 0.0086633 0.0101496 0.0101528 0.0100845 0.00906297 0.0086769 0.00912126 0.0110182 0.0120538 0.010945 0.0087705 0.00840614 0.00837263 0.00841649 0.00820504 0.00803874 0.0080957 0.00812372 0.00840202 0.00898411 0.00948997 0.00871514 0.00835613 0.0081697 0.00806473 0.00813583 0.00812839 0.0084009 0.00829377 0.00813499 0.00814895 0.00817137 0.00826044 0.0081721 0.00810821 0.00812266 0.00816067 0.00822285 0.00833635 0.00828571 0.00822834 0.00823177 
0.00395172 0.00325767 0.00342488 0.00322386 0.00322613 0 0.00319925 0.00322196 0.00322468 0.00485961 0.00766865 0.00760293 0.926624 0.0141626 0.00850763 0.00774174 0.00727208 0.00756405 0.00826183 0.00883935 0.0124035 0.0112383 0.0109793 0.00942832 0.00890808 0.00953759 0.0106389 0.0177822 0.0115288 0.00992909 0.00835841 0.00840168 0.00847884 0.00813531 0.00808525 0.00821505 0.00809929 0.00933932 0.00960982 0.00961109 0.00989677 0.00861786 0.00845 0.0081676 0.008168 0.00829483 0.00851471 0.0084905 0.00827308 0.00817595 0.00824493 0.00833272 0.00832721 0.0081641 0.00812396 0.00819257 0.00819588 0.00834118 0.00852264 0.00823554 0.00830375 
0.00359704 0.00407492 0.00335082 0.00342787 0.00318111 0.00319925 0 0.00319912 0.00324814 0.00775083 0.00609056 0.961063 0.0110882 0.0144787 0.00704869 0.00788983 0.00759511 0.00729414 0.00848468 0.00971109 0.0110461 0.0156025 0.0125159 0.0108776 0.00902342 0.0116932 0.0138869 0.0196264 0.0255212 0.00881805 0.00961728 0.00861619 0.00854118 0.00826593 0.00812226 0.00823636 0.00864525 0.00912556 0.00991421 0.0121036 0.00969601 0.00964601 0.00847291 0.00827804 0.00839959 0.00838492 0.00946991 0.00857542 0.00840961 0.00831577 0.00831565 0.00848249 0.00834819 0.00814319 0.00809805 0.00820862 0.00825748 0.00838898 0.00833313 0.0082934 0.00826347 
0.0066953 0.0040693 0.00360176 0.00330321 0.00329304 0.00322196 0.00319912 0 0.00320678 0.0056034 0.980002 0.00942144 0.0124536 0.00683331 0.00891286 0.00771023 0.00728425 0.0070661 0.00909497 0.00999555 0.0110195 0.0121891 0.0155677 0.014483 0.010936 0.011267 0.016132 0.0147167 0.0103691 0.0212545 0.00861221 0.00909589 0.00872914 0.00854217 0.00824557 0.00898968 0.00839104 0.00935875 0.00972015 0.00923617 0.0101328 0.00880945 0.00900023 0.00829602 0.0084161 0.00860259 0.00848133 0.0091392 0.0084907 0.00826281 0.00838457 0.00844701 0.00843775 0.00823748 0.00815258 0.00831012 0.008258 0.00845926 0.00845494 0.00829112 0.0082498 
0.0151739 0.00508026 0.0035512 0.00338228 0.00319183 0.00322468 0.00324814 0.00320678 0 0.983957 0.0058527 0.00705052 0.00518602 0.00787886 0.00706786 0.0073663 0.0074705 0.00742915 0.0127734 0.010442 0.0110029 0.0114529 0.0108968 0.0166121 0.0149819 0.0207049 0.0108963 0.0108209 0.0113314 0.00917125 0.0185059 0.0123378 0.0095307 0.00979729 0.00896272 0.0109214 0.00851847 0.00836029 0.00934365 0.00913343 0.00875742 0.0086662 0.00865197 0.00953176 0.0099252 0.00851012 0.00861504 0.00838315 0.00899537 0.0087489 0.00829755 0.00827021 0.00821724 0.00814846 0.00819107 0.00843644 0.00825783 0.0082113 0.00809649 0.00813486 0.00818109 
0.00774146 0.00774874 0.00693295 0.00671046 0.00586956 0.00485961 0.00775083 0.0056034 0.983957 0 0.00332115 0.00329289 0.00318136 0.00342012 0.00328322 0.00334153 0.00431484 0.00510237 0.00785002 0.00835664 0.00811244 0.00917263 0.0092458 0.0135935 0.0289949 0.0212308 0.01068 0.00998522 0.0119453 0.00890635 0.0235085 0.00989758 0.0117301 0.00879227 0.0100723 0.00809982 0.00864116 0.00830455 0.00851469 0.00926807 0.0085307 0.00865868 0.00839208 0.0101265 0.00843706 0.00836741 0.00847756 0.00869169 0.00995673 0.00822431 0.00808218 0.00849015 0.00825978 0.00810407 0.00822164 0.00809071 0.00820593 0.008103 0.00814916 0.00813616 0.00841178 
0.0106315 0.00734255 0.00889627 0.0071977 0.00672423 0.00766865 0.00609056 0.980002 0.0058527 0.00332115 0 0.00322662 0.00324773 0.00324245 0.0033498 0.00336574 0.00364738 0.00394596 0.00707263 0.00769446 0.0100767 0.0105702 0.0131466 0.0231218 0.0327789 0.0131943 0.0181245 0.0220739 0.00987606 0.0430057 0.00857699 0.0102979 0.00933118 0.00877256 0.00833556 0.0095792 0.00832704 0.0108386 0.0108919 0.00995196 0.0121319 0.00956954 0.0100509 0.00846233 0.00861397 0.00890287 0.00925665 0.0105328 0.00855839 0.00830343 0.0084857 0.0085549 0.00854939 0.00827395 0.0082664 0.00870457 0.00832968 0.00857495 0.0085889 0.00835185 0.00841514 
0.00790171 0.0104637 0.0081626 0.00737168 0.00741733 0.00760293 0.961063 0.00942144 0.00705052 0.00329289 0.00322662 0 0.00320853 0.00321172 0.00322377 0.00324091 0.00328101 0.003262 0.00670277 0.00785851 0.00839213 0.0126532 0.014191 0.0330178 0.0141038 0.0138703 0.0234122 0.0185051 0.0702742 0.00906506 0.0489414 0.0088008 0.00897284 0.008327 0.00843775 0.00837379 0.0106074 0.0101547 0.014211 0.0304614 0.0131631 0.0144359 0.00924491 0.00869781 0.00880763 0.00885376 0.0106643 0.00965142 0.00904552 0.00842073 0.00886081 0.00928422 0.00893653 0.00838619 0.00817937 0.00820785 0.00830057 0.00858579 0.00841576 0.00848415 0.00826529 
0.0121427 0.00818603 0.00912615 0.00723197 0.00857677 0.926624 0.0110882 0.0124536 0.00518602 0.00318136 0.00324773 0.00320853 0 0.00320547 0.00329773 0.00324592 0.00322391 0.00325488 0.00715163 0.00753178 0.0119781 0.0182781 0.0433144 0.0275903 0.0211026 0.0148573 0.0214714 0.0951299 0.0147902 0.0730244 0.00917892 0.00947402 0.00873961 0.00858225 0.00832576 0.0101273 0.00880073 0.0167155 0.0251038 0.0175779 0.0396419 0.0122805 0.0115658 0.00869182 0.00905397 0.0101901 0.0113954 0.0114505 0.00909429 0.00848152 0.00866046 0.00907559 0.00898182 0.0084143 0.00827782 0.0085269 0.00837058 0.00867245 0.00864357 0.0085557 0.00845414 
0.00864448 0.0107635 0.00827925 0.0122581 0.919642 0.0141626 0.0144787 0.00683331 0.00787886 0.00342012 0.00324245 0.00321172 0.00320547 0 0.00320703 0.00320091 0.00321003 0.00324155 0.00672438 0.00910915 0.0163285 0.0464288 0.0639516 0.0326752 0.0119689 0.0158057 0.0576165 0.0382263 0.180463 0.0110095 0.0152952 0.00903638 0.00894814 0.00843898 0.00854583 0.00875868 0.0121132 0.0157759 0.0241373 0.0574623 0.0259118 0.0257248 0.0106304 0.00890281 0.00939674 0.0101943 0.015312 0.010618 0.0101957 0.00867324 0.00875163 0.00951251 0.00925995 0.00858843 0.00831577 0.00835343 0.00845885 0.00871581 0.00870433 0.00853273 0.00839947 
0.0106062 0.00975498 0.038743 0.894418 0.017265 0.00850763 0.00704869 0.00891286 0.00706786 0.00328322 0.0033498 0.00322377 0.00329773 0.00320703 0 0.00321191 0.00323057 0.00323595 0.00664267 0.00843108 0.0354914 0.0688875 0.0571889 0.022475 0.00906245 0.0219077 0.0341828 0.176121 0.0430664 0.0340771 0.00988141 0.00950185 0.00870434 0.00857229 0.00847152 0.00939511 0.00993094 0.0211393 0.0375002 0.0368824 0.0550811 0.0203967 0.0136631 0.00882333 0.0100669 0.0113119 0.0167028 0.0141198 0.00977958 0.00861878 0.00909129 0.00949643 0.00956328 0.00873045 0.00833366 0.00837444 0.00852016 0.00904358 0.00886455 0.0087152 0.00858474 
0.0113707 0.0345793 0.84984 0.0146754 0.00792952 0.00774174 0.00788983 0.00771023 0.0073663 0.00334153 0.00336574 0.00324091 0.00324592 0.00320091 0.00321191 0 0.00322953 0.00319188 0.00661188 0.026314 0.0547274 0.0397588 0.0527685 0.00997076 0.00882018 0.0151939 0.0634956 0.0622366 0.0573004 0.0169498 0.0112552 0.00911323 0.00879051 0.00852283 0.00864241 0.00922394 0.0101465 0.0200776 0.0275328 0.031154 0.0353177 0.0210609 0.0114269 0.00891805 0.0097019 0.0105867 0.0140507 0.0104638 0.00945692 0.00861389 0.00872366 0.0090942 0.00917869 0.00864595 0.00827636 0.00832102 0.00840796 0.00872598 0.00868058 0.0083886 0.00835652 
0.0234892 0.865275 0.00968212 0.00764047 0.00766114 0.00727208 0.00759511 0.00728425 0.0074705 0.00431484 0.00364738 0.00328101 0.00322391 0.00321003 0.00323057 0.00322953 0 0.0034012 0.0231573 0.0434781 0.0124841 0.0197969 0.00932484 0.0160379 0.0088165 0.0188468 0.0193333 0.0160424 0.017325 0.0130485 0.0116011 0.00995184 0.0089203 0.00877759 0.00871444 0.0091008 0.0104148 0.00912633 0.00999235 0.0118448 0.0109303 0.0101587 0.0103672 0.00853951 0.0092584 0.00945199 0.0089288 0.00978025 0.0087383 0.00836873 0.00854194 0.00859209 0.00851173 0.00836257 0.00815488 0.0082041 0.00825851 0.00835182 0.00827633 0.00820411 0.00819296 
0.888364 0.00939207 0.00827233 0.00757132 0.00765348 0.00756405 0.00729414 0.0070661 0.00742915 0.00510237 0.00394596 0.003262 0.00325488 0.00324155 0.00323595 0.00319188 0.0034012 0 0.0629316 0.00692157 0.00744761 0.0061475 0.00693574 0.00654542 0.00901399 0.0192366 0.0115227 0.0106839 0.00960137 0.0103853 0.00936468 0.0144847 0.00912143 0.0100929 0.00860506 0.0199464 0.0085706 0.00905935 0.0101003 0.00878139 0.0090739 0.00869934 0.00871151 0.00876313 0.010521 0.00872051 0.00859006 0.00839834 0.00846069 0.00876543 0.00825751 0.0082902 0.00823103 0.0080802 0.00814879 0.00852328 0.00821085 0.00827269 0.00811703 0.008142 0.00816465 
0.0125011 0.00896998 0.00886462 0.00846113 0.00825632 0.00826183 0.00848468 0.00909497 0.0127734 0.00785002 0.00707263 0.00670277 0.00715163 0.00672438 0.00664267 0.00661188 0.0231573 0.0629316 0 0.00362049 0.00323656 0.00326102 0.00326202 0.00336331 0.00378721 0.0861678 0.011101 0.0123607 0.0100591 0.0101587 0.0114815 0.0104 0.0120276 0.00867047 0.0097125 0.00903882 0.0083863 0.00873246 0.00897287 0.00895216 0.00885469 0.00865174 0.00873055 0.00993167 0.00872085 0.00834454 0.00861268 0.00879177 0.0096227 0.00831517 0.00824365 0.0083523 0.00827267 0.00811872 0.00817576 0.00837378 0.00817241 0.00819728 0.00817292 0.00811867 0.00824026 
0.0101812 0.0116566 0.0089872 0.00860884 0.0086633 0.00883935 0.00971109 0.00999555 0.010442 0.00835664 0.00769446 0.00785851 0.00753178 0.00910915 0.00843108 0.026314 0.0434781 0.00692157 0.00362049 0 0.00320199 0.00322859 0.00323558 0.0034362 0.00330017 0.0453278 0.107868 0.0178266 0.0208259 0.012 0.0101018 0.00993579 0.00915782 0.00914623 0.00852827 0.00861898 0.00923501 0.0105827 0.0137634 0.0148174 0.0150003 0.011141 0.00976593 0.00875761 0.00903661 0.00922615 0.00980433 0.00957261 0.00926681 0.00839508 0.00850927 0.00854459 0.00859979 0.00831995 0.00823251 0.00818689 0.00830354 0.0084072 0.00836125 0.00823277 0.00820027 
0.0109852 0.0102693 0.0108088 0.00928369 0.0101496 0.0124035 0.0110461 0.0110195 0.0110029 0.00811244 0.0100767 0.00839213 0.0119781 0.0163285 0.0354914 0.0547274 0.0124841 0.00744761 0.00323656 0.00320199 0 0.00322313 0.00321878 0.00325629 0.00324425 0.338383 0.0729517 0.151963 0.0377183 0.023718 0.010843 0.0093433 0.00899481 0.00869625 0.00893749 0.0097881 0.0107367 0.0226243 0.0400124 0.0474845 0.0576131 0.0245213 0.0129108 0.00947116 0.0112639 0.0119365 0.0185705 0.013254 0.0110998 0.00899608 0.00945008 0.00958344 0.0101004 0.00890669 0.00861539 0.00843196 0.00858195 0.00884535 0.00882233 0.00860415 0.00856545 
0.0101364 0.0125186 0.0111235 0.0119548 0.0101528 0.0112383 0.0156025 0.0121891 0.0114529 0.00917263 0.0105702 0.0126532 0.0182781 0.0464288 0.0688875 0.0397588 0.0197969 0.0061475 0.00326102 0.00322859 0.00322313 0 0.00320585 0.00321504 0.00322137 0.0408062 0.490204 0.121139 0.186242 0.0184161 0.0142711 0.00934946 0.0089204 0.00880633 0.00890349 0.00945201 0.0137904 0.0251496 0.0520356 0.0946005 0.0658391 0.0433082 0.0144216 0.00971598 0.0108462 0.0162482 0.0220668 0.016923 0.0111292 0.00915768 0.00941059 0.0102765 0.0106086 0.00922828 0.00855419 0.00847954 0.00858958 0.00905579 0.0090574 0.00886867 0.00864232 
0.010226 0.0104398 0.0174704 0.00997476 0.0100845 0.0109793 0.0125159 0.0155677 0.0108968 0.0092458 0.0131466 0.014191 0.0433144 0.0639516 0.0571889 0.0527685 0.00932484 0.00693574 0.00326202 0.00323558 0.00321878 0.00320585 0 0.00319571 0.00320426 0.035315 0.0743024 0.588076 0.0938024 0.0736365 0.0120113 0.00976711 0.00905964 0.00934846 0.00863443 0.00990572 0.0111808 0.0289999 0.0549175 0.0579973 0.117542 0.0317496 0.0160287 0.00971938 0.0113455 0.0139905 0.0225987 0.0174482 0.010338 0.00888057 0.00981289 0.010544 0.0108144 0.00947547 0.00873507 0.00850357 0.00863716 0.00930017 0.00907186 0.00881416 0.00857506 
0.0102763 0.0156804 0.00927731 0.00917208 0.00906297 0.00942832 0.0108776 0.014483 0.0166121 0.0135935 0.0231218 0.0330178 0.0275903 0.0326752 0.022475 0.00997076 0.0160379 0.00654542 0.00336331 0.0034362 0.00325629 0.00321504 0.00319571 0 0.00341337 0.0231013 0.0999634 0.0564472 0.468191 0.0941606 0.0715558 0.0111241 0.0106878 0.00913621 0.0111215 0.0100595 0.0140464 0.0141754 0.0185449 0.0366074 0.0273651 0.0394692 0.0205887 0.0127163 0.0107345 0.0120403 0.0156921 0.0159687 0.0126018 0.00895032 0.00906169 0.00928271 0.00987257 0.00902895 0.00846992 0.0083344 0.00849827 0.00872362 0.00874253 0.00843989 0.008629 
0.0206268 0.00909462 0.00914515 0.00860356 0.0086769 0.00890808 0.00902342 0.010936 0.0149819 0.0289949 0.0327789 0.0141038 0.0211026 0.0119689 0.00906245 0.00882018 0.0088165 0.00901399 0.00378721 0.00330017 0.00324425 0.00322137 0.00320426 0.00341337 0 0.0226531 0.0166182 0.0604353 0.0178375 0.215495 0.0986914 0.0179931 0.0105515 0.011558 0.0101408 0.0182956 0.00917534 0.0117039 0.0108484 0.0132103 0.0179995 0.0118342 0.0147609 0.013669 0.0111275 0.00970764 0.00986497 0.0114539 0.012475 0.0088796 0.00860342 0.00877356 0.00887103 0.00843321 0.00858591 0.00849512 0.00832044 0.0085425 0.00824485 0.00828481 0.00838867 
0.013714 0.0102775 0.00941968 0.00925917 0.00912126 0.00953759 0.0116932 0.011267 0.0207049 0.0212308 0.0131943 0.0138703 0.0148573 0.0158057 0.0219077 0.0151939 0.0188468 0.0192366 0.0861678 0.0453278 0.338383 0.0408062 0.035315 0.0231013 0.0226531 0 0.00362167 0.00336576 0.0033927 0.00338263 0.00441741 0.0101564 0.0145467 0.00903153 0.0151766 0.0152393 0.0127937 0.0121126 0.0238495 0.0166926 0.0173544 0.0130961 0.0129823 0.0194553 0.0203256 0.0104606 0.012132 0.0112746 0.0182154 0.0093355 0.0086105 0.00932631 0.00940125 0.00895342 0.00949116 0.00889867 0.00828022 0.00862007 0.00866075 0.00857805 0.00897126 
0.0098489 0.0122165 0.0102574 0.00958973 0.0110182 0.0106389 0.0138869 0.016132 0.0108963 0.01068 0.0181245 0.0234122 0.0214714 0.0576165 0.0341828 0.0634956 0.0193333 0.0115227 0.011101 0.107868 0.0729517 0.490204 0.0743024 0.0999634 0.0166182 0.00362167 0 0.00330506 0.00326834 0.00330983 0.00324765 0.00816129 0.0092943 0.00833261 0.00977096 0.013966 0.0182042 0.0330482 0.0323417 0.0909315 0.042681 0.029487 0.0232236 0.0115274 0.0162422 0.0304327 0.0252496 0.0252395 0.0139606 0.00925726 0.0101093 0.0107012 0.0115782 0.00938747 0.00876343 0.00848317 0.00875742 0.00931253 0.00907853 0.00866056 0.00874713 
0.0108264 0.0105515 0.0151352 0.0113725 0.0120538 0.0177822 0.0196264 0.0147167 0.0108209 0.00998522 0.0220739 0.0185051 0.0951299 0.0382263 0.176121 0.0622366 0.0160424 0.0106839 0.0123607 0.0178266 0.151963 0.121139 0.588076 0.0564472 0.0604353 0.00336576 0.00330506 0 0.00329876 0.00327972 0.00322628 0.00753793 0.00786453 0.00737683 0.00790753 0.0165467 0.0176162 0.0444318 0.102421 0.074014 0.178899 0.0517525 0.02537 0.0115599 0.0174385 0.033972 0.0733582 0.0375181 0.0162563 0.0102954 0.0109947 0.0168918 0.0140047 0.0100772 0.00915427 0.00910513 0.00912474 0.0100457 0.00983145 0.00942724 0.00883912 
0.00939994 0.0121963 0.0106193 0.0111885 0.010945 0.0115288 0.0255212 0.0103691 0.0113314 0.0119453 0.00987606 0.0702742 0.0147902 0.180463 0.0430664 0.0573004 0.017325 0.00960137 0.0100591 0.0208259 0.0377183 0.186242 0.0938024 0.468191 0.0178375 0.0033927 0.00326834 0.00329876 0 0.00320337 0.00321553 0.00499098 0.00828161 0.00711608 0.00745425 0.0121752 0.0229815 0.0394034 0.0422298 0.120712 0.0541374 0.0959787 0.0162912 0.0115527 0.0145807 0.0259724 0.0522768 0.0261369 0.013921 0.00949451 0.0115096 0.0134578 0.0139235 0.00956093 0.00873906 0.0085774 0.00880079 0.00925346 0.0103283 0.00874313 0.00861735 
0.0108198 0.0089248 0.00928347 0.00873108 0.0087705 0.00992909 0.00881805 0.0212545 0.00917125 0.00890635 0.0430057 0.00906506 0.0730244 0.0110095 0.0340771 0.0169498 0.0130485 0.0103853 0.0101587 0.012 0.023718 0.0184161 0.0736365 0.0941606 0.215495 0.00338263 0.00330983 0.00327972 0.00320337 0 0.00321734 0.00842175 0.0189153 0.00775627 0.0114289 0.0236305 0.0120921 0.0186466 0.0215846 0.0161475 0.0408424 0.0139753 0.0535197 0.0118048 0.0122757 0.0173559 0.015256 0.0331017 0.0127152 0.00906042 0.00926317 0.0101482 0.00964345 0.00921607 0.00861718 0.00875149 0.0085579 0.00905856 0.00861287 0.00898631 0.00830514 
0.0103295 0.00895977 0.00842016 0.00844029 0.00840614 0.00835841 0.00961728 0.00861221 0.0185059 0.0235085 0.00857699 0.0489414 0.00917892 0.0152952 0.00988141 0.0112552 0.0116011 0.00936468 0.0114815 0.0101018 0.010843 0.0142711 0.0120113 0.0715558 0.0986914 0.00441741 0.00324765 0.00322628 0.00321553 0.00321734 0 0.0114925 0.00623608 0.00863227 0.00877276 0.0154419 0.0115053 0.00966727 0.011788 0.0150996 0.0109895 0.0145443 0.0149532 0.0392282 0.0123159 0.00969153 0.0120107 0.010831 0.0204626 0.00926452 0.00859629 0.00863712 0.00886664 0.00844979 0.00848837 0.00842254 0.00833585 0.00834039 0.00839436 0.0082641 0.00830672 
0.0101312 0.00861146 0.00841106 0.00837494 0.00837263 0.00840168 0.00861619 0.00909589 0.0123378 0.00989758 0.0102979 0.0088008 0.00947402 0.00903638 0.00950185 0.00911323 0.00995184 0.0144847 0.0104 0.00993579 0.0093433 0.00934946 0.00976711 0.0111241 0.0179931 0.0101564 0.00816129 0.00753793 0.00499098 0.00842175 0.0114925 0 0.0125784 0.00524389 0.966594 0.0115472 0.00950442 0.00962398 0.00958971 0.00934488 0.0103327 0.00939458 0.0115602 0.0157363 0.0101002 0.00924773 0.00885217 0.0109027 0.0131846 0.00884565 0.00838245 0.0084115 0.00834056 0.00841178 0.0086335 0.0086016 0.00822328 0.00819909 0.00812181 0.00815153 0.00833521 
0.011411 0.0088519 0.00847249 0.00843562 0.00841649 0.00847884 0.00854118 0.00872914 0.0095307 0.0117301 0.00933118 0.00897284 0.00873961 0.00894814 0.00870434 0.00879051 0.0089203 0.00912143 0.0120276 0.00915782 0.00899481 0.0089204 0.00905964 0.0106878 0.0105515 0.0145467 0.0092943 0.00786453 0.00828161 0.0189153 0.00623608 0.0125784 0 0.988461 0.00399978 0.0148546 0.00937708 0.00888553 0.00946389 0.00924977 0.00910245 0.00906797 0.00996908 0.0103735 0.0121815 0.00935824 0.0089044 0.00976144 0.00971176 0.00921312 0.00840879 0.00841733 0.00840851 0.00828499 0.00839962 0.00875086 0.00827194 0.00835651 0.0081682 0.00823054 0.00820131 
0.00885282 0.00822824 0.00831162 0.00813621 0.00820504 0.00813531 0.00826593 0.00854217 0.00979729 0.00879227 0.00877256 0.008327 0.00858225 0.00843898 0.00857229 0.00852283 0.00877759 0.0100929 0.00867047 0.00914623 0.00869625 0.00880633 0.00934846 0.00913621 0.011558 0.00903153 0.00833261 0.00737683 0.00711608 0.00775627 0.00863227 0.00524389 0.988461 0 0.00345599 0.0111536 0.00954389 0.00902015 0.00913505 0.00892435 0.00932597 0.00879432 0.00960664 0.0110282 0.00872833 0.00855982 0.00843393 0.0088071 0.0103306 0.00820691 0.00817272 0.00820852 0.00812536 0.00812577 0.00826582 0.00816099 0.00803061 0.00808212 0.00806287 0.00805182 0.00807247 
0.00895359 0.00824486 0.00804108 0.00805437 0.00803874 0.00808525 0.00812226 0.00824557 0.00896272 0.0100723 0.00833556 0.00843775 0.00832576 0.00854583 0.00847152 0.00864241 0.00871444 0.00860506 0.0097125 0.00852827 0.00893749 0.00890349 0.00863443 0.0111215 0.0101408 0.0151766 0.00977096 0.00790753 0.00745425 0.0114289 0.00877276 0.966594 0.00399978 0.00345599 0 0.0202873 0.00893928 0.0101692 0.00965275 0.01007 0.00985806 0.0100049 0.0105052 0.012642 0.0104444 0.00850897 0.00848493 0.00904166 0.00969579 0.00841444 0.00801989 0.00803645 0.00800594 0.00804999 0.00810535 0.00805963 0.00806856 0.00795244 0.00800589 0.00799084 0.00805625 
0.00920231 0.00809005 0.00826264 0.00810326 0.0080957 0.00821505 0.00823636 0.00898968 0.0109214 0.00809982 0.0095792 0.00837379 0.0101273 0.00875868 0.00939511 0.00922394 0.0091008 0.0199464 0.00903882 0.00861898 0.0097881 0.00945201 0.00990572 0.0100595 0.0182956 0.0152393 0.013966 0.0165467 0.0121752 0.0236305 0.0154419 0.0115472 0.0148546 0.0111536 0.0202873 0 0.00354935 0.00324592 0.003567 0.00331272 0.00345704 0.00337553 0.00349576 0.00580598 0.0269759 0.0109239 0.0112987 0.0122573 0.0288484 0.00938266 0.00868271 0.0090012 0.00884761 0.00880476 0.0103898 0.00889261 0.00812163 0.00856464 0.00820448 0.00842989 0.00889729 
0.00803701 0.00826166 0.00811591 0.00807318 0.00812372 0.00809929 0.00864525 0.00839104 0.00851847 0.00864116 0.00832704 0.0106074 0.00880073 0.0121132 0.00993094 0.0101465 0.0104148 0.0085706 0.0083863 0.00923501 0.0107367 0.0137904 0.0111808 0.0140464 0.00917534 0.0127937 0.0182042 0.0176162 0.0229815 0.0120921 0.0115053 0.00950442 0.00937708 0.00954389 0.00893928 0.00354935 0 0.00322628 0.00322855 0.0034271 0.00329885 0.0034976 0.00381504 0.00346046 0.0180608 0.0411137 0.0113474 0.0195916 0.0104906 0.00877753 0.0097822 0.00999604 0.0106406 0.00913427 0.00857627 0.00823506 0.00843787 0.00852054 0.00868705 0.00855016 0.0081783 
0.00853623 0.00833597 0.00883893 0.00852659 0.00840202 0.00933932 0.00912556 0.00935875 0.00836029 0.00830455 0.0108386 0.0101547 0.0167155 0.0157759 0.0211393 0.0200776 0.00912633 0.00905935 0.00873246 0.0105827 0.0226243 0.0251496 0.0289999 0.0141754 0.0117039 0.0121126 0.0330482 0.0444318 0.0394034 0.0186466 0.00966727 0.00962398 0.00888553 0.00902015 0.0101692 0.00324592 0.00322628 0 0.00321239 0.00322191 0.00324899 0.00495581 0.00322919 0.00333315 0.0806883 0.0230956 0.0603792 0.0130483 0.0143083 0.00959274 0.0119455 0.0165465 0.0182789 0.00997083 0.00873921 0.00865976 0.00884397 0.0100745 0.0100987 0.00891884 0.00842932 
0.0086295 0.00861868 0.00910114 0.00862416 0.00898411 0.00960982 0.00991421 0.00972015 0.00934365 0.00851469 0.0108919 0.014211 0.0251038 0.0241373 0.0375002 0.0275328 0.00999235 0.0101003 0.00897287 0.0137634 0.0400124 0.0520356 0.0549175 0.0185449 0.0108484 0.0238495 0.0323417 0.102421 0.0422298 0.0215846 0.011788 0.00958971 0.00946389 0.00913505 0.00965275 0.003567 0.00322855 0.00321239 0 0.00322481 0.00317399 0.00321393 0.00324559 0.00374492 0.0452051 0.114917 0.0373848 0.0356981 0.0136272 0.01108 0.013981 0.0269072 0.0223852 0.0120873 0.00926712 0.00900891 0.00889445 0.0122936 0.0101683 0.00993757 0.00879488 
0.00855536 0.00886907 0.00907183 0.00911186 0.00948997 0.00961109 0.0121036 0.00923617 0.00913343 0.00926807 0.00995196 0.0304614 0.0175779 0.0574623 0.0368824 0.031154 0.0118448 0.00878139 0.00895216 0.0148174 0.0474845 0.0946005 0.0579973 0.0366074 0.0132103 0.0166926 0.0909315 0.074014 0.120712 0.0161475 0.0150996 0.00934488 0.00924977 0.00892435 0.01007 0.00331272 0.0034271 0.00322191 0.00322481 0 0.00325791 0.00320419 0.00321871 0.00363607 0.332175 0.0501631 0.138996 0.0295819 0.024472 0.0107883 0.023712 0.0352586 0.0422523 0.0149476 0.00955779 0.00891993 0.0111069 0.0124072 0.0159823 0.00998796 0.0089802 
0.00864169 0.00857418 0.00934655 0.0086369 0.00871514 0.00989677 0.00969601 0.0101328 0.00875742 0.0085307 0.0121319 0.0131631 0.0396419 0.0259118 0.0550811 0.0353177 0.0109303 0.0090739 0.00885469 0.0150003 0.0576131 0.0658391 0.117542 0.0273651 0.0179995 0.0173544 0.042681 0.178899 0.0541374 0.0408424 0.0109895 0.0103327 0.00910245 0.00932597 0.00985806 0.00345704 0.00329885 0.00324899 0.00317399 0.00325791 0 0.0032061 0.00321528 0.00321483 0.0308422 0.402124 0.0737285 0.0765193 0.0154526 0.0114409 0.0168232 0.0466781 0.0399133 0.0174139 0.00954558 0.00982845 0.00925518 0.0154002 0.012647 0.0104315 0.00915314 
0.00847168 0.00856188 0.00856361 0.00830544 0.00835613 0.00861786 0.00964601 0.00880945 0.0086662 0.00865868 0.00956954 0.0144359 0.0122805 0.0257248 0.0203967 0.0210609 0.0101587 0.00869934 0.00865174 0.011141 0.0245213 0.0433082 0.0317496 0.0394692 0.0118342 0.0130961 0.029487 0.0517525 0.0959787 0.0139753 0.0145443 0.00939458 0.00906797 0.00879432 0.0100049 0.00337553 0.0034976 0.00495581 0.00321393 0.00320419 0.0032061 0 0.00321746 0.00319963 0.0318472 0.0309633 0.447541 0.0329515 0.0279052 0.010042 0.0147004 0.0223697 0.0259788 0.0134103 0.00933305 0.00871075 0.00925882 0.0108635 0.011116 0.00957353 0.00871385 
0.00858095 0.00845207 0.00835763 0.00824754 0.0081697 0.00845 0.00847291 0.00900023 0.00865197 0.00839208 0.0100509 0.00924491 0.0115658 0.0106304 0.0136631 0.0114269 0.0103672 0.00871151 0.00873055 0.00976593 0.0129108 0.0144216 0.0160287 0.0205887 0.0147609 0.0129823 0.0232236 0.02537 0.0162912 0.0535197 0.0149532 0.0115602 0.00996908 0.00960664 0.0105052 0.00349576 0.00381504 0.00322919 0.00324559 0.00321871 0.00321528 0.00321746 0 0.00347488 0.0181514 0.0556175 0.0342929 0.547739 0.0413954 0.0112958 0.0116483 0.0140349 0.0134861 0.0144196 0.00993441 0.00927843 0.00884972 0.00977026 0.00879019 0.00985464 0.00908797 
0.00933228 0.00834227 0.00809922 0.00808118 0.00806473 0.0081676 0.00827804 0.00829602 0.00953176 0.0101265 0.00846233 0.00869781 0.00869182 0.00890281 0.00882333 0.00891805 0.00853951 0.00876313 0.00993167 0.00875761 0.00947116 0.00971598 0.00971938 0.0127163 0.013669 0.0194553 0.0115274 0.0115599 0.0115527 0.0118048 0.0392282 0.0157363 0.0103735 0.0110282 0.012642 0.00580598 0.00346046 0.00333315 0.00374492 0.00363607 0.00321483 0.00319963 0.00347488 0 0.0197568 0.0133765 0.041128 0.0614051 0.525925 0.0124796 0.00910193 0.0089548 0.0092089 0.00896512 0.0110328 0.00948106 0.00846072 0.00843719 0.00865257 0.00878535 0.00885084 
0.00833686 0.00816396 0.00819669 0.0081138 0.00813583 0.008168 0.00839959 0.0084161 0.0099252 0.00843706 0.00861397 0.00880763 0.00905397 0.00939674 0.0100669 0.0097019 0.0092584 0.010521 0.00872085 0.00903661 0.0112639 0.0108462 0.0113455 0.0107345 0.0111275 0.0203256 0.0162422 0.0174385 0.0145807 0.0122757 0.0123159 0.0101002 0.0121815 0.00872833 0.0104444 0.0269759 0.0180608 0.0806883 0.0452051 0.332175 0.0308422 0.0318472 0.0181514 0.0197568 0 0.00344233 0.00331056 0.00336292 0.00385927 0.110974 0.0177317 0.0163421 0.0141434 0.012339 0.0153788 0.0116877 0.00941407 0.0104142 0.00922623 0.010393 0.0106651 
0.008172 0.0083157 0.00823845 0.00811558 0.00812839 0.00829483 0.00838492 0.00860259 0.00851012 0.00836741 0.00890287 0.00885376 0.0101901 0.0101943 0.0113119 0.0105867 0.00945199 0.00872051 0.00834454 0.00922615 0.0119365 0.0162482 0.0139905 0.0120403 0.00970764 0.0104606 0.0304327 0.033972 0.0259724 0.0173559 0.00969153 0.00924773 0.00935824 0.00855982 0.00850897 0.0109239 0.0411137 0.0230956 0.114917 0.0501631 0.402124 0.0309633 0.0556175 0.0133765 0.00344233 0 0.00324329 0.00326266 0.0033811 0.0920421 0.0667618 0.0383102 0.0365733 0.0184509 0.0113927 0.00951172 0.0117862 0.0126556 0.0120941 0.0120914 0.00916025 
0.00837955 0.00839172 0.0086369 0.00830329 0.0084009 0.00851471 0.00946991 0.00848133 0.00861504 0.00847756 0.00925665 0.0106643 0.0113954 0.015312 0.0167028 0.0140507 0.0089288 0.00859006 0.00861268 0.00980433 0.0185705 0.0220668 0.0225987 0.0156921 0.00986497 0.012132 0.0252496 0.0733582 0.0522768 0.015256 0.0120107 0.00885217 0.0089044 0.00843393 0.00848493 0.0112987 0.0113474 0.0603792 0.0373848 0.138996 0.0737285 0.447541 0.0342929 0.041128 0.00331056 0.00324329 0 0.00321418 0.00322745 0.0455228 0.0804452 0.0975035 0.0727399 0.0215952 0.0120315 0.0101636 0.0128169 0.0238519 0.0196679 0.013772 0.00934299 
0.00832212 0.00843741 0.00834069 0.00830377 0.00829377 0.0084905 0.00857542 0.0091392 0.00838315 0.00869169 0.0105328 0.00965142 0.0114505 0.010618 0.0141198 0.0104638 0.00978025 0.00839834 0.00879177 0.00957261 0.013254 0.016923 0.0174482 0.0159687 0.0114539 0.0112746 0.0252395 0.0375181 0.0261369 0.0331017 0.010831 0.0109027 0.00976144 0.0088071 0.00904166 0.0122573 0.0195916 0.0130483 0.0356981 0.0295819 0.0765193 0.0329515 0.547739 0.0614051 0.00336292 0.00326266 0.00321418 0 0.00340604 0.0316507 0.0717376 0.0940238 0.0811596 0.0951916 0.0193936 0.0109816 0.0138483 0.0218656 0.0182404 0.0166487 0.0101668 
0.00937336 0.00834107 0.00829182 0.00815198 0.00813499 0.00827308 0.00840961 0.0084907 0.00899537 0.00995673 0.00855839 0.00904552 0.00909429 0.0101957 0.00977958 0.00945692 0.0087383 0.00846069 0.0096227 0.00926681 0.0110998 0.0111292 0.010338 0.0126018 0.012475 0.0182154 0.0139606 0.0162563 0.013921 0.0127152 0.0204626 0.0131846 0.00971176 0.0103306 0.00969579 0.0288484 0.0104906 0.0143083 0.0136272 0.024472 0.0154526 0.0279052 0.0413954 0.525925 0.00385927 0.0033811 0.00322745 0.00340604 0 0.0198844 0.0266801 0.0441727 0.0637431 0.0708626 0.0859371 0.0127582 0.0109629 0.0113571 0.0109773 0.0130376 0.011759 
0.00828626 0.00811104 0.00816941 0.00811216 0.00814895 0.00817595 0.00831577 0.00826281 0.0087489 0.00822431 0.00830343 0.00842073 0.00848152 0.00867324 0.00861878 0.00861389 0.00836873 0.00876543 0.00831517 0.00839508 0.00899608 0.00915768 0.00888057 0.00895032 0.0088796 0.0093355 0.00925726 0.0102954 0.00949451 0.00906042 0.00926452 0.00884565 0.00921312 0.00820691 0.00841444 0.00938266 0.00877753 0.00959274 0.01108 0.0107883 0.0114409 0.010042 0.0112958 0.0124796 0.110974 0.0920421 0.0455228 0.0316507 0.0198844 0 0.00341308 0.00333978 0.00337942 0.00330742 0.00446476 0.455397 0.0304898 0.0188268 0.0158675 0.020969 0.031864 
0.00831119 0.00825385 0.00827407 0.00814025 0.00817137 0.00824493 0.00831565 0.00838457 0.00829755 0.00808218 0.0084857 0.00886081 0.00866046 0.00875163 0.00909129 0.00872366 0.00854194 0.00825751 0.00824365 0.00850927 0.00945008 0.00941059 0.00981289 0.00906169 0.00860342 0.0086105 0.0101093 0.0109947 0.0115096 0.00926317 0.00859629 0.00838245 0.00840879 0.00817272 0.00801989 0.00868271 0.0097822 0.0119455 0.013981 0.023712 0.0168232 0.0147004 0.0116483 0.00910193 0.0177317 0.0667618 0.0804452 0.0717376 0.0266801 0.00341308 0 0.00327806 0.00325609 0.00326903 0.00327038 0.0888283 0.524211 0.0261189 0.0410044 0.0382734 0.0138516 
0.00831195 0.00832909 0.00837772 0.00821079 0.00826044 0.00833272 0.00848249 0.00844701 0.00827021 0.00849015 0.0085549 0.00928422 0.00907559 0.00951251 0.00949643 0.0090942 0.00859209 0.0082902 0.0083523 0.00854459 0.00958344 0.0102765 0.010544 0.00928271 0.00877356 0.00932631 0.0107012 0.0168918 0.0134578 0.0101482 0.00863712 0.0084115 0.00841733 0.00820852 0.00803645 0.0090012 0.00999604 0.0165465 0.0269072 0.0352586 0.0466781 0.0223697 0.0140349 0.0089548 0.0163421 0.0383102 0.0975035 0.0940238 0.0441727 0.00333978 0.00327806 0 0.00322758 0.00323019 0.00323286 0.111314 0.041844 0.556566 0.0488298 0.054277 0.0129832 
0.00839646 0.00828436 0.00837494 0.0081995 0.0081721 0.00832721 0.00834819 0.00843775 0.00821724 0.00825978 0.00854939 0.00893653 0.00898182 0.00925995 0.00956328 0.00917869 0.00851173 0.00823103 0.00827267 0.00859979 0.0101004 0.0106086 0.0108144 0.00987257 0.00887103 0.00940125 0.0115782 0.0140047 0.0139235 0.00964345 0.00886664 0.00834056 0.00840851 0.00812536 0.00800594 0.00884761 0.0106406 0.0182789 0.0223852 0.0422523 0.0399133 0.0259788 0.0134861 0.0092089 0.0141434 0.0365733 0.0727399 0.0811596 0.0637431 0.00337942 0.00325609 0.00322758 0 0.00324851 0.00321507 0.0323605 0.180549 0.0790621 0.601365 0.0293689 0.0156383 
0.00826111 0.00816269 0.00822436 0.00808812 0.00810821 0.0081641 0.00814319 0.00823748 0.00814846 0.00810407 0.00827395 0.00838619 0.0084143 0.00858843 0.00873045 0.00864595 0.00836257 0.0080802 0.00811872 0.00831995 0.00890669 0.00922828 0.00947547 0.00902895 0.00843321 0.00895342 0.00938747 0.0100772 0.00956093 0.00921607 0.00844979 0.00841178 0.00828499 0.00812577 0.00804999 0.00880476 0.00913427 0.00997083 0.0120873 0.0149476 0.0174139 0.0134103 0.0144196 0.00896512 0.012339 0.0184509 0.0215952 0.0951916 0.0708626 0.00330742 0.00326903 0.00323019 0.00324851 0 0.00340374 0.0266134 0.0360108 0.107881 0.0414838 0.603803 0.0209189 
0.00845532 0.00812646 0.00813725 0.0081089 0.00812266 0.00812396 0.00809805 0.00815258 0.00819107 0.00822164 0.0082664 0.00817937 0.00827782 0.00831577 0.00833366 0.00827636 0.00815488 0.00814879 0.00817576 0.00823251 0.00861539 0.00855419 0.00873507 0.00846992 0.00858591 0.00949116 0.00876343 0.00915427 0.00873906 0.00861718 0.00848837 0.0086335 0.00839962 0.00826582 0.00810535 0.0103898 0.00857627 0.00873921 0.00926712 0.00955779 0.00954558 0.00933305 0.00993441 0.0110328 0.0153788 0.0113927 0.0120315 0.0193936 0.0859371 0.00446476 0.00327038 0.00323286 0.00321507 0.00340374 0 0.021573 0.0264506 0.0237772 0.0287922 0.0633746 0.527295 
0.00867346 0.0080853 0.00818215 0.00814343 0.00816067 0.00819257 0.00820862 0.00831012 0.00843644 0.00809071 0.00870457 0.00820785 0.0085269 0.00835343 0.00837444 0.00832102 0.0082041 0.00852328 0.00837378 0.00818689 0.00843196 0.00847954 0.00850357 0.0083344 0.00849512 0.00889867 0.00848317 0.00910513 0.0085774 0.00875149 0.00842254 0.0086016 0.00875086 0.00816099 0.00805963 0.00889261 0.00823506 0.00865976 0.00900891 0.00891993 0.00982845 0.00871075 0.00927843 0.00948106 0.0116877 0.00951172 0.0101636 0.0109816 0.0127582 0.455397 0.0888283 0.111314 0.0323605 0.0266134 0.021573 0 0.00333597 0.0032748 0.00327846 0.00337539 0.00522844 
0.00841898 0.00825297 0.00826123 0.00817057 0.00822285 0.00819588 0.00825748 0.008258 0.00825783 0.00820593 0.00832968 0.00830057 0.00837058 0.00845885 0.00852016 0.00840796 0.00825851 0.00821085 0.00817241 0.00830354 0.00858195 0.00858958 0.00863716 0.00849827 0.00832044 0.00828022 0.00875742 0.00912474 0.00880079 0.0085579 0.00833585 0.00822328 0.00827194 0.00803061 0.00806856 0.00812163 0.00843787 0.00884397 0.00889445 0.0111069 0.00925518 0.00925882 0.00884972 0.00846072 0.00941407 0.0117862 0.0128169 0.0138483 0.0109629 0.0304898 0.524211 0.041844 0.180549 0.0360108 0.0264506 0.00333597 0 0.0032106 0.00322509 0.00334501 0.00332258 
0.00835075 0.00830369 0.00836454 0.00825334 0.00833635 0.00834118 0.00838898 0.00845926 0.0082113 0.008103 0.00857495 0.00858579 0.00867245 0.00871581 0.00904358 0.00872598 0.00835182 0.00827269 0.00819728 0.0084072 0.00884535 0.00905579 0.00930017 0.00872362 0.0085425 0.00862007 0.00931253 0.0100457 0.00925346 0.00905856 0.00834039 0.00819909 0.00835651 0.00808212 0.00795244 0.00856464 0.00852054 0.0100745 0.0122936 0.0124072 0.0154002 0.0108635 0.00977026 0.00843719 0.0104142 0.0126556 0.0238519 0.0218656 0.0113571 0.0188268 0.0261189 0.556566 0.0790621 0.107881 0.0237772 0.0032748 0.0032106 0 0.00320935 0.00322486 0.00323398 
0.00839678 0.00834534 0.00843605 0.00842762 0.00828571 0.00852264 0.00833313 0.00845494 0.00809649 0.00814916 0.0085889 0.00841576 0.00864357 0.00870433 0.00886455 0.00868058 0.00827633 0.00811703 0.00817292 0.00836125 0.00882233 0.0090574 0.00907186 0.00874253 0.00824485 0.00866075 0.00907853 0.00983145 0.0103283 0.00861287 0.00839436 0.00812181 0.0081682 0.00806287 0.00800589 0.00820448 0.00868705 0.0100987 0.0101683 0.0159823 0.012647 0.011116 0.00879019 0.00865257 0.00922623 0.0120941 0.0196679 0.0182404 0.0109773 0.0158675 0.0410044 0.0488298 0.601365 0.0414838 0.0287922 0.00327846 0.00322509 0.00320935 0 0.00319429 0.00322314 
