1JNRB
PSFVNPEKCDGCKALERTACEYICPNDLMTLDKEKMKAYNREPDMCWECYSCVKMCPQGAIDVRGYVDYSPLGGACVPMRGTSDIMWTVKYRNGKVLRFKFAIRTTPWGSIQPFEGFPEPTEEALKSELLAGEPEIIGTSEFPQVKKKA
CEEECCCCCCCCCCCCCCHHHHHCCCCCEEEECCCCEEEECCHHHCCCCCHHHHHCCCCCEEECCCCCCCCCCCEEEEEECCCEEEEEEECCCCCEEEEEEECCCCCCCCCCCCCCCCCCCHHHHCCCCCCCCCHHHCCCCCCCCCECC
0 0 0 0 0 0 0 0 0 0 0 0 0 0 0 0 0 0 0 0 0 0 0 0 0 0 0 0 0 0 0 0 0 0 0 0 0 0 0 0 0 0 0 0 0 0 0 0 0 0 0 0 0 0 0 0 0 0 0 0 0 0 0 0 0 0 0 0 0 0 0 0 0 0 0 0 0 0 0 0 0 0 0 0 0 0 0 0 0 0 0 0 0 0 0 0 0 0 0 0 0 0 0 0 0 0 0 0 0 0 0 0 0 0 0 0 0 0 0 0 0 0 0 0 0 0 0 0 0 0 0 0 0 0 0 0 0 0 0 0 0 0 0 0 0 0 0 0 0 
0 0 0 0 0 0 0 0 0 0 0 0 0 0 0 0 0 0 0 0 0 0 0 0 0 0 0 0 0 0 0 0 0 0 0 0 0 0 0 0 0 0 0 0 0 0 0 0 0 0 0 0 0 0 0 0 0 0 0 0 0 0 0 0 0 0 0 0 0 0 0 0 0 0 0 0 0 0 0 0 0 0 0 0 0 0 0 0 0 0 0 0 0 0 0 0 0 0 0 0 0 0 0 0 0 0 0 0 0 0 0 0 0 0 0 0 0 0 0 0 0 0 0 0 0 0 0 0 0 0 0 0 0 0 0 0 0 0 0 0 0 0 0 0 0 0 0 0 0 
0 0.00346337 0.00368969 0.294699 0.0756463 0.0342084 0.0383628 0.0313124 0.0211471 0.0184002 0.0350447 0.0212864 0.0117913 0.055532 0.0149384 0.0150712 0.0125729 0.0147909 0.0109802 0.0177253 0.0109958 0.0124532 0.0111279 0.0140654 0.010876 0.0116415 0.014591 0.0109629 0.0111315 0.0105999 0.0122406 0.0106836 0.011012 0.015 0.0100114 
0.00346337 0 0.0033048 0.0235877 0.212556 0.113704 0.0122126 0.0130813 0.0258165 0.0423722 0.011842 0.0104117 0.108667 0.0104639 0.0123437 0.0129915 0.0102658 0.00937577 0.0142455 0.00935745 0.00975712 0.0103977 0.00970899 0.00945778 0.00982621 0.0108491 0.00955946 0.00975084 0.00937834 0.0098538 0.00932848 0.00958785 0.0103256 0.00961656 0.00867108 
0.00368969 0.0033048 0 0.0415966 0.0177698 0.092118 0.0915567 0.013198 0.0152161 0.0133119 0.0220658 0.0671431 0.00895859 0.0262591 0.0214909 0.012217 0.00910996 0.0110183 0.00908897 0.0131573 0.012759 0.0114436 0.00888701 0.0106428 0.00891798 0.0102868 0.0111819 0.0130844 0.0113399 0.00874986 0.010723 0.0088366 0.0108445 0.0105653 0.00953776 
0.294699 0.0235877 0.0415966 0 0.00327486 0.00327411 0.00357769 0.00493173 0.00632198 0.0213579 0.959218 0.0243541 0.0122364 0.0368038 0.016427 0.0148765 0.0109393 0.0116374 0.0114928 0.0287416 0.011901 0.0112933 0.00983494 0.0118328 0.00999908 0.012019 0.0200193 0.0108427 0.0112768 0.00973599 0.0113691 0.00982963 0.0115039 0.0220416 0.010632 
0.0756463 0.212556 0.0177698 0.00327486 0 0.00323088 0.00320763 0.00471807 0.0198134 0.955493 0.0149451 0.0121487 0.0441121 0.0114876 0.0146144 0.0162679 0.0199447 0.0123489 0.0178215 0.0102274 0.010314 0.0107059 0.0162684 0.0109337 0.0166885 0.0111639 0.011887 0.00970414 0.010336 0.0153231 0.0105182 0.0145036 0.0109415 0.0120502 0.00853858 
0.0342084 0.113704 0.092118 0.00327411 0.00323088 0 0.00331226 0.00602674 0.9517 0.0187976 0.00672545 0.0209043 0.0146281 0.0170825 0.0124225 0.0197489 0.0099929 0.0131833 0.0103787 0.0100506 0.00967647 0.0148722 0.00953285 0.0127965 0.00956553 0.0143237 0.00946216 0.00989737 0.0117391 0.00942736 0.011301 0.00956604 0.0129627 0.00935499 0.00849878 
0.0383628 0.0122126 0.0915567 0.00357769 0.00320763 0.00331226 0 0.945274 0.0043886 0.00423262 0.00574572 0.017981 0.010085 0.0125595 0.0211586 0.0110593 0.0093358 0.00948394 0.00921749 0.0109131 0.0148964 0.0104678 0.009308 0.00967519 0.00920993 0.0090448 0.0117967 0.014503 0.0104516 0.00921012 0.00919653 0.00907713 0.00901474 0.0109301 0.0094478 
0.0313124 0.0130813 0.013198 0.00493173 0.00471807 0.00602674 0.945274 0 0.00323263 0.00332875 0.00375355 0.0318626 0.0179274 0.0136792 0.0172179 0.00958741 0.0117252 0.00891385 0.0129499 0.0130231 0.015558 0.00904371 0.0114367 0.00894498 0.0115757 0.00912554 0.0191318 0.0138517 0.0088367 0.0113416 0.00872798 0.01109 0.00892217 0.0163033 0.0100102 
0.0211471 0.0258165 0.0152161 0.00632198 0.0198134 0.9517 0.0043886 0.00323263 0 0.00324606 0.00323116 0.0868197 0.0293498 0.0235387 0.011627 0.0299853 0.0100839 0.0200532 0.0100247 0.0132514 0.00949303 0.0224306 0.00956233 0.018465 0.00943073 0.0189989 0.00946669 0.00956649 0.0184871 0.00919173 0.0162592 0.00906371 0.0159201 0.00928834 0.00884433 
0.0184002 0.0423722 0.0133119 0.0213579 0.955493 0.0187976 0.00423262 0.00332875 0.00324606 0 0.00338844 0.0173445 0.159991 0.0172511 0.0139925 0.0127274 0.0168926 0.0101403 0.0179093 0.00929454 0.0110049 0.010621 0.0127034 0.00977178 0.0135965 0.0108739 0.0108037 0.0104477 0.00989765 0.0118414 0.0093581 0.0125765 0.0104692 0.010624 0.00851911 
0.0350447 0.011842 0.0220658 0.959218 0.0149451 0.00672545 0.00574572 0.00375355 0.00323116 0.00338844 0 0.0197887 0.0136599 0.161836 0.0203811 0.0144177 0.00966377 0.0102035 0.0111533 0.015167 0.0157126 0.0107109 0.00997608 0.010708 0.00997187 0.00999116 0.0158838 0.0161675 0.0108303 0.0101575 0.0102831 0.00984823 0.00996185 0.0133971 0.00973621 
0.0212864 0.0104117 0.0671431 0.0243541 0.0121487 0.0209043 0.017981 0.0318626 0.0868197 0.0173445 0.0197887 0 0.0033625 0.00354306 0.0166734 0.0222848 0.0203021 0.0482032 0.0123457 0.0531452 0.0124747 0.0158553 0.0103423 0.0141942 0.009863 0.0166226 0.017981 0.0169753 0.0182408 0.0099825 0.0162666 0.0096855 0.0164274 0.0176897 0.0147009 
0.0117913 0.108667 0.00895859 0.0122364 0.0441121 0.0146281 0.010085 0.0179274 0.0293498 0.159991 0.0136599 0.0033625 0 0.00320841 0.026669 0.0305596 0.0507626 0.0094016 0.0507979 0.00967948 0.0149571 0.0107561 0.0170009 0.00939117 0.0177898 0.0107104 0.0139046 0.0140862 0.0110823 0.0182633 0.00898421 0.017289 0.0109055 0.0155473 0.00891016 
0.055532 0.0104639 0.0262591 0.0368038 0.0114876 0.0170825 0.0125595 0.0136792 0.0235387 0.0172511 0.161836 0.00354306 0.00320841 0 0.0790748 0.0448008 0.010921 0.0221805 0.010495 0.0301298 0.0129491 0.016875 0.00888327 0.0183229 0.00899222 0.0198689 0.0174745 0.0207983 0.0197121 0.00897416 0.020361 0.00901192 0.0191666 0.0133033 0.0121666 
0.0149384 0.0123437 0.0214909 0.016427 0.0146144 0.0124225 0.0211586 0.0172179 0.011627 0.0139925 0.0203811 0.0166734 0.026669 0.0790748 0 0.00377692 0.00327669 0.00333785 0.00428654 0.00769024 0.0125904 0.00720959 0.0114347 0.00828994 0.0224006 0.083248 0.812156 0.0236151 0.011738 0.015739 0.00999911 0.0167886 0.0123818 0.0600674 0.0167511 
0.0150712 0.0129915 0.012217 0.0148765 0.0162679 0.0197489 0.0110593 0.00958741 0.0299853 0.0127274 0.0144177 0.0222848 0.0305596 0.0448008 0.00377692 0 0.00326654 0.00333102 0.00353666 0.00371748 0.00626067 0.0131809 0.00746598 0.0518636 0.0411977 0.819146 0.0118211 0.0103427 0.0351353 0.0089593 0.0345754 0.00922112 0.0640237 0.0110647 0.0106778 
0.0125729 0.0102658 0.00910996 0.0109393 0.0199447 0.0099929 0.0093358 0.0117252 0.0100839 0.0168926 0.00966377 0.0203021 0.0507626 0.010921 0.00327669 0.00326654 0 0.00325402 0.00330912 0.00326945 0.00763732 0.00694281 0.0979553 0.036738 0.859337 0.00766789 0.0109312 0.0125807 0.0087271 0.0437062 0.00851706 0.0612271 0.00877324 0.0137786 0.00911268 
0.0147909 0.00937577 0.0110183 0.0116374 0.0123489 0.0131833 0.00948394 0.00891385 0.0200532 0.0101403 0.0102035 0.0482032 0.0094016 0.0221805 0.00333785 0.00333102 0.00325402 0 0.003213 0.00327223 0.00451888 0.135094 0.0278949 0.926463 0.00697932 0.0125511 0.00757383 0.00870871 0.0234204 0.00837802 0.0521218 0.00856353 0.0228006 0.00931957 0.00989321 
0.0109802 0.0142455 0.00908897 0.0114928 0.0178215 0.0103787 0.00921749 0.0129499 0.0100247 0.0179093 0.0111533 0.0123457 0.0507979 0.010495 0.00428654 0.00353666 0.00330912 0.003213 0 0.00328922 0.0340913 0.068421 0.789895 0.00684722 0.00969849 0.00681366 0.0107769 0.0155036 0.00948669 0.0366906 0.00843537 0.0184651 0.00893029 0.0188781 0.00987167 
0.0177253 0.00935745 0.0131573 0.0287416 0.0102274 0.0100506 0.0109131 0.0130231 0.0132514 0.00929454 0.015167 0.0531452 0.00967948 0.0301298 0.00769024 0.00371748 0.00326945 0.00327223 0.00328922 0 0.26022 0.500431 0.0049895 0.00662086 0.00599274 0.0089135 0.00819188 0.0142286 0.0297677 0.00889392 0.0145036 0.00916953 0.0170128 0.0135594 0.0178231 
0.0109958 0.00975712 0.012759 0.011901 0.010314 0.00967647 0.0148964 0.015558 0.00949303 0.0110049 0.0157126 0.0124747 0.0149571 0.0129491 0.0125904 0.00626067 0.00763732 0.00451888 0.0340913 0.26022 0 0.00352728 0.00339009 0.00334353 0.00387508 0.00401466 0.0110084 0.0183544 0.00756147 0.0123952 0.00803939 0.0155634 0.0161478 0.919012 0.0135471 
0.0124532 0.0103977 0.0114436 0.0112933 0.0107059 0.0148722 0.0104678 0.00904371 0.0224306 0.010621 0.0107109 0.0158553 0.0107561 0.016875 0.00720959 0.0131809 0.00694281 0.135094 0.068421 0.500431 0.00352728 0 0.0032283 0.00335886 0.00330326 0.0042695 0.00402785 0.00719593 0.0158148 0.00765373 0.0167821 0.00924849 0.980964 0.0128473 0.0129574 
0.0111279 0.00970899 0.00888701 0.00983494 0.0162684 0.00953285 0.009308 0.0114367 0.00956233 0.0127034 0.00997608 0.0103423 0.0170009 0.00888327 0.0114347 0.00746598 0.0979553 0.0278949 0.789895 0.0049895 0.00339009 0.0032283 0 0.00324145 0.00328569 0.00331158 0.00353149 0.0107664 0.00702399 0.0183344 0.00843866 0.980344 0.00956103 0.0207535 0.00937645 
0.0140654 0.00945778 0.0106428 0.0118328 0.0109337 0.0127965 0.00967519 0.00894498 0.018465 0.00977178 0.010708 0.0141942 0.00939117 0.0183229 0.00828994 0.0518636 0.036738 0.926463 0.00684722 0.00662086 0.00334353 0.00335886 0.00324145 0 0.00321811 0.00335087 0.00327323 0.00674329 0.0189012 0.00837736 0.990528 0.00860904 0.0287979 0.00902343 0.0107814 
0.010876 0.00982621 0.00891798 0.00999908 0.0166885 0.00956553 0.00920993 0.0115757 0.00943073 0.0135965 0.00997187 0.009863 0.0177898 0.00899222 0.0224006 0.0411977 0.859337 0.00697932 0.00969849 0.00599274 0.00387508 0.00330326 0.00328569 0.00321811 0 0.00323717 0.00327804 0.0115581 0.0085239 0.990439 0.00894495 0.038064 0.00778453 0.0169371 0.00967134 
0.0116415 0.0108491 0.0102868 0.012019 0.0111639 0.0143237 0.0090448 0.00912554 0.0189989 0.0108739 0.00999116 0.0166226 0.0107104 0.0198689 0.083248 0.819146 0.00766789 0.0125511 0.00681366 0.0089135 0.00401466 0.0042695 0.00331158 0.00335087 0.00323717 0 0.00328575 0.0104298 0.985946 0.00813101 0.0264338 0.00722053 0.0194282 0.00895347 0.0107841 
0.014591 0.00955946 0.0111819 0.0200193 0.011887 0.00946216 0.0117967 0.0191318 0.00946669 0.0108037 0.0158838 0.017981 0.0139046 0.0174745 0.812156 0.0118211 0.0109312 0.00757383 0.0107769 0.00819188 0.0110084 0.00402785 0.00353149 0.00327323 0.00327804 0.00328575 0 0.990924 0.00884245 0.0163003 0.00669503 0.0101233 0.00771156 0.0200292 0.0139606 
0.0109629 0.00975084 0.0130844 0.0108427 0.00970414 0.00989737 0.014503 0.0138517 0.00956649 0.0104477 0.0161675 0.0169753 0.0140862 0.0207983 0.0236151 0.0103427 0.0125807 0.00870871 0.0155036 0.0142286 0.0183544 0.00719593 0.0107664 0.00674329 0.0115581 0.0104298 0.990924 0 0.0036077 0.00342986 0.00339051 0.00436937 0.00439348 0.0135383 0.0264259 
0.0111315 0.00937834 0.0113399 0.0112768 0.010336 0.0117391 0.0104516 0.0088367 0.0184871 0.00989765 0.0108303 0.0182408 0.0110823 0.0197121 0.011738 0.0351353 0.0087271 0.0234204 0.00948669 0.0297677 0.00756147 0.0158148 0.00702399 0.0189012 0.0085239 0.985946 0.00884245 0.0036077 0 0.00325722 0.0034407 0.00333332 0.00466076 0.00526735 0.0172418 
0.0105999 0.0098538 0.00874986 0.00973599 0.0153231 0.00942736 0.00921012 0.0113416 0.00919173 0.0118414 0.0101575 0.0099825 0.0182633 0.00897416 0.015739 0.0089593 0.0437062 0.00837802 0.0366906 0.00889392 0.0123952 0.00765373 0.0183344 0.00837736 0.990439 0.00813101 0.0163003 0.00342986 0.00325722 0 0.00325182 0.00335008 0.00338591 0.0040465 0.010788 
0.0122406 0.00932848 0.010723 0.0113691 0.0105182 0.011301 0.00919653 0.00872798 0.0162592 0.0093581 0.0102831 0.0162666 0.00898421 0.020361 0.00999911 0.0345754 0.00851706 0.0521218 0.00843537 0.0145036 0.00803939 0.0167821 0.00843866 0.990528 0.00894495 0.0264338 0.00669503 0.00339051 0.0034407 0.00325182 0 0.00322344 0.00344205 0.00327262 0.0133432 
0.0106836 0.00958785 0.0088366 0.00982963 0.0145036 0.00956604 0.00907713 0.01109 0.00906371 0.0125765 0.00984823 0.0096855 0.017289 0.00901192 0.0167886 0.00922112 0.0612271 0.00856353 0.0184651 0.00916953 0.0155634 0.00924849 0.980344 0.00860904 0.038064 0.00722053 0.0101233 0.00436937 0.00333332 0.00335008 0.00322344 0 0.00324742 0.00329671 0.0106403 
0.011012 0.0103256 0.0108445 0.0115039 0.0109415 0.0129627 0.00901474 0.00892217 0.0159201 0.0104692 0.00996185 0.0164274 0.0109055 0.0191666 0.0123818 0.0640237 0.00877324 0.0228006 0.00893029 0.0170128 0.0161478 0.980964 0.00956103 0.0287979 0.00778453 0.0194282 0.00771156 0.00439348 0.00466076 0.00338591 0.00344205 0.00324742 0 0.00326399 0.011959 
0.015 0.00961656 0.0105653 0.0220416 0.0120502 0.00935499 0.0109301 0.0163033 0.00928834 0.010624 0.0133971 0.0176897 0.0155473 0.0133033 0.0600674 0.0110647 0.0137786 0.00931957 0.0188781 0.0135594 0.919012 0.0128473 0.0207535 0.00902343 0.0169371 0.00895347 0.0200292 0.0135383 0.00526735 0.0040465 0.00327262 0.00329671 0.00326399 0 0.0216108 
0.0100114 0.00867108 0.00953776 0.010632 0.00853858 0.00849878 0.0094478 0.0100102 0.00884433 0.00851911 0.00973621 0.0147009 0.00891016 0.0121666 0.0167511 0.0106778 0.00911268 0.00989321 0.00987167 0.0178231 0.0135471 0.0129574 0.00937645 0.0107814 0.00967134 0.0107841 0.0139606 0.0264259 0.0172418 0.010788 0.0133432 0.0106403 0.011959 0.0216108 0 
