1K0KA
SWQAYTDNLIGTGKVDKAVIYSRAGDAVWATSGGLSLQPNEIGEIVQGFDNPAGLQSNGLHIQGQKFMLLRADDRSIYGRHDAEGVVCVRTKQTVIIAHYPPTVQAGEATKIVEQLADYLIGVQY
CHHHHHHHHHHCCCCCEEEEEECCCCCEEEEECCCCCCCCHHHHHHHHHHCHHHHHCCCEEECCEEEEEEEECCCEEEEEECCEEEEEEECCCEEEEEEECCCCCHHHHHHHHHHHHHHHHHCCC
0 0 0 0 0 0 0 0 0 0 0 0 0 0 0 0 0 0 0 0 0 0 0 0 0 0 0 0 0 0 0 0 0 0 0 0 0 0 0 0 0 0 0 0 0 0 0 0 0 0 0 0 0 0 0 0 0 0 0 0 0 0 0 0 0 0 0 0 0 0 0 0 0 0 0 0 0 0 0 0 0 0 0 0 0 0 0 0 0 0 0 0 0 0 0 0 0 0 0 0 0 0 0 0 0 0 0 0 0 0 0 0 0 0 0 0 0 0 0 0 0 0 0 0 0 
0 0 0 0 0 0 0 0 0 0 0 0 0 0 0 0 0 0 0 0 0 0 0 0 0 0 0 0 0 0 0 0 0 0 0 0 0 0 0 0 0 0 0 0 0 0 0 0 0 0 0 0 0 0 0 0 0 0 0 0 0 0 0 0 0 0 0 0 0 0 0 0 0 0 0 0 0 0 0 0 0 0 0 0 0 0 0 0 0 0 0 0 0 0 0 0 0 0 0 0 0 0 0 0 0 0 0 0 0 0 0 0 0 0 0 0 0 0 0 0 0 0 0 0 0 
0 0.00334039 0.00330112 0.00325318 0.00335442 0.00440223 0.0102321 0.0075631 0.00787716 0.0142049 0.0517293 0.0283203 0.00986253 0.0115048 0.0105781 0.00918237 0.00948553 0.0116167 0.00898308 0.00960499 0.00937287 0.0113217 0.0157364 0.0100889 0.0100032 0.0095235 0.00909262 0.0113408 0.0104355 0.00949088 0.0096543 0.00982189 0.0104418 0.0103045 0.0126346 0.0133898 0.0105572 0.010324 0.0117479 0.00991733 0.00967917 0.0103625 
0.00334039 0 0.00325737 0.00320842 0.00341378 0.00333169 0.00748885 0.00662322 0.0152292 0.0252726 0.607623 0.0164416 0.0105599 0.0137317 0.00979783 0.00966285 0.0192115 0.0115679 0.0297208 0.012146 0.0106905 0.0109164 0.0132547 0.0374989 0.01224 0.0156189 0.0129797 0.0094813 0.00962502 0.016775 0.0207185 0.0156603 0.0306191 0.0192876 0.0106732 0.013329 0.0398223 0.0256106 0.0296706 0.021822 0.0158417 0.00943135 
0.00330112 0.00325737 0 0.0032263 0.00326051 0.00324331 0.0114759 0.0234078 0.0240498 0.769708 0.00967188 0.0125141 0.0140004 0.00955038 0.00916617 0.0137076 0.0119071 0.0559658 0.018366 0.0208105 0.0122898 0.00888998 0.0155163 0.0244254 0.0633137 0.0297479 0.0107612 0.00903193 0.00958564 0.0203114 0.0382784 0.107476 0.0504178 0.0221841 0.0102726 0.010248 0.0358763 0.131494 0.0928063 0.0818086 0.0183894 0.00972991 
0.00325318 0.00320842 0.0032263 0 0.00321143 0.00323478 0.0168306 0.0453092 0.787939 0.0180499 0.00825009 0.0127345 0.0120748 0.0118276 0.00931018 0.0101667 0.0287277 0.0273783 0.0358022 0.0219535 0.0112023 0.00946402 0.0131406 0.0498916 0.0526775 0.0380946 0.0113593 0.00903113 0.00989303 0.0214026 0.0866464 0.0828321 0.0781587 0.0328775 0.0110778 0.0115262 0.0358794 0.161186 0.157606 0.0802947 0.0273401 0.00976941 
0.00335442 0.00341378 0.00326051 0.00321143 0 0.00339929 0.303338 0.28862 0.0091679 0.00901982 0.00713931 0.012183 0.0176313 0.0111149 0.0101122 0.0123885 0.0108344 0.0148711 0.0116879 0.0103594 0.0129065 0.00911707 0.0138097 0.0201903 0.0183326 0.0144023 0.0117281 0.00898535 0.0103211 0.020063 0.0166674 0.0225768 0.021291 0.0269278 0.0113556 0.0110872 0.0194591 0.0277519 0.0310691 0.027764 0.0236165 0.010129 
0.00440223 0.00333169 0.00324331 0.00323478 0.00339929 0 0.240442 0.00431105 0.00631948 0.00482089 0.0104204 0.0176173 0.00921678 0.011961 0.0127511 0.00884782 0.00985192 0.00952138 0.00954059 0.00902429 0.00874771 0.0108014 0.018126 0.0100271 0.010447 0.0103254 0.009172 0.00899832 0.0153524 0.0100157 0.0112328 0.0105866 0.011465 0.0104351 0.011457 0.0154189 0.0107761 0.0104429 0.0120357 0.0106312 0.0118925 0.0103519 
0.0102321 0.00748885 0.0114759 0.0168306 0.303338 0.240442 0 0.00322983 0.00325069 0.00332691 0.00464806 0.0291178 0.00927088 0.0257725 0.010312 0.00896247 0.010522 0.00946172 0.011088 0.00912848 0.00991852 0.0186166 0.0125607 0.0116466 0.00945284 0.00974406 0.00971333 0.0129378 0.00998511 0.00961042 0.00994566 0.0100321 0.0107447 0.0108436 0.0150987 0.0130137 0.010989 0.0103108 0.0115693 0.00987425 0.00944619 0.0144214 
0.0075631 0.00662322 0.0234078 0.0453092 0.28862 0.00431105 0.00322983 0 0.00319197 0.00328969 0.00323358 0.0100318 0.0344705 0.00866888 0.00883089 0.0107691 0.00853989 0.0217759 0.00895101 0.00961955 0.0110078 0.00849244 0.0108213 0.00968301 0.0134767 0.00959749 0.00916953 0.00848398 0.00888581 0.010824 0.0104851 0.0171577 0.0121701 0.0109625 0.00900603 0.00923577 0.0127814 0.0162632 0.0119639 0.0119217 0.0120651 0.00860859 
0.00787716 0.0152292 0.0240498 0.787939 0.0091679 0.00631948 0.00325069 0.00319197 0 0.00319878 0.00334784 0.0351593 0.00890524 0.0171522 0.0089744 0.00849731 0.0219789 0.00887648 0.0179339 0.0113308 0.00918916 0.00982954 0.00935954 0.017144 0.0106435 0.01434 0.00919087 0.00865889 0.00893289 0.0105183 0.0200954 0.0132094 0.0250871 0.0108558 0.00930478 0.00926643 0.0126759 0.0212474 0.023269 0.0159823 0.0104683 0.00882488 
0.0142049 0.0252726 0.769708 0.0180499 0.00901982 0.00482089 0.00332691 0.00328969 0.00319878 0 0.00320693 0.0103646 0.0523055 0.00919405 0.00892439 0.0123996 0.00858211 0.0147476 0.0092814 0.00910952 0.0101914 0.00844978 0.0122813 0.00963199 0.0123439 0.00910136 0.00941566 0.0085069 0.00897121 0.0122768 0.00971683 0.0138627 0.0100243 0.0114115 0.00881045 0.00948891 0.0106715 0.0126635 0.0106702 0.0111399 0.0108149 0.0088154 
0.0517293 0.607623 0.00967188 0.00825009 0.00713931 0.0104204 0.00464806 0.00323358 0.00334784 0.00320693 0 0.0214899 0.00939285 0.0472858 0.013008 0.00838113 0.0102561 0.0113735 0.0102889 0.0086866 0.00875174 0.0109393 0.0157008 0.00987898 0.00897522 0.00910376 0.0085329 0.00855142 0.0144478 0.00994394 0.00978232 0.00948622 0.00958182 0.0091085 0.00980011 0.0136615 0.00983813 0.0101962 0.0098179 0.00896651 0.00960324 0.00925 
0.0283203 0.0164416 0.0125141 0.0127345 0.012183 0.0176173 0.0291178 0.0100318 0.0351593 0.0103646 0.0214899 0 0.00343955 0.00384014 0.00393731 0.00545105 0.82517 0.0099215 0.00652617 0.00579409 0.00685192 0.0265496 0.00773119 0.0123324 0.0083708 0.00988949 0.00934439 0.0176488 0.00955538 0.010625 0.0115358 0.00997104 0.0120131 0.0118158 0.0247323 0.0144065 0.0136065 0.0117511 0.0119765 0.0106198 0.0113859 0.0235717 
0.00986253 0.0105599 0.0140004 0.0120748 0.0176313 0.00921678 0.00927088 0.0344705 0.00890524 0.0523055 0.00939285 0.00343955 0 0.00350095 0.00438614 0.974276 0.00375352 0.00531801 0.00422385 0.0056663 0.00833149 0.00583938 0.0109387 0.00843519 0.0101598 0.00825848 0.0099813 0.00813068 0.00938657 0.0150698 0.00947281 0.0122907 0.010883 0.0191202 0.0101969 0.0102153 0.014168 0.0136908 0.0120627 0.012287 0.0183573 0.00897094 
0.0115048 0.0137317 0.00955038 0.0118276 0.0111149 0.011961 0.0257725 0.00866888 0.0171522 0.00919405 0.0472858 0.00384014 0.00350095 0 0.966067 0.00353583 0.0039649 0.00331978 0.00398642 0.00407349 0.00467483 0.00680225 0.00906678 0.00938514 0.00777295 0.00801867 0.00727025 0.00757925 0.0128859 0.0119147 0.012784 0.0101053 0.0120274 0.011063 0.0114748 0.0167677 0.0108983 0.0104503 0.0117884 0.0104589 0.0109567 0.0107002 
0.0105781 0.00979783 0.00916617 0.00931018 0.0101122 0.0127511 0.010312 0.00883089 0.0089744 0.00892439 0.013008 0.00393731 0.00438614 0.966067 0 0.00454429 0.00322537 0.00332089 0.00343995 0.00330792 0.00379111 0.00718088 0.00579517 0.00598957 0.00632505 0.00680276 0.00775773 0.0226528 0.0100485 0.0100957 0.0132152 0.00878457 0.00926655 0.00969463 0.0180229 0.0126585 0.010519 0.00973214 0.00949949 0.0092102 0.00991238 0.0156228 
0.00918237 0.00966285 0.0137076 0.0101667 0.0123885 0.00884782 0.00896247 0.0107691 0.00849731 0.0123996 0.00838113 0.00545105 0.974276 0.00353583 0.00454429 0 0.00322767 0.00322198 0.0031983 0.00323848 0.00433366 0.00357513 0.00646513 0.00613832 0.00827212 0.00678497 0.0100493 0.0230519 0.0088011 0.0112684 0.00894035 0.0103972 0.00908567 0.0120851 0.00956789 0.0100868 0.0117128 0.0130911 0.0106367 0.0110057 0.0117011 0.00973387 
0.00948553 0.0192115 0.0119071 0.0287277 0.0108344 0.00985192 0.010522 0.00853989 0.0219789 0.00858211 0.0102561 0.82517 0.00375352 0.0039649 0.00322537 0.00322767 0 0.00318265 0.00320902 0.00327872 0.00322051 0.0036259 0.0046017 0.00931678 0.00692226 0.0118284 0.0136798 0.113545 0.00876779 0.00974525 0.0121872 0.0112582 0.0155036 0.00987045 0.00970565 0.0107327 0.0149309 0.0184297 0.0213672 0.0174703 0.0118155 0.00959472 
0.0116167 0.0115679 0.0559658 0.0273783 0.0148711 0.00952138 0.00946172 0.0217759 0.00887648 0.0147476 0.0113735 0.0099215 0.00531801 0.00331978 0.00332089 0.00322198 0.00318265 0 0.00337474 0.00319746 0.00526668 0.00323205 0.00492535 0.00576981 0.0130424 0.0195017 0.409316 0.0346388 0.00804817 0.0102925 0.00992449 0.0169739 0.0131558 0.0142558 0.00965139 0.0129543 0.0165245 0.0314602 0.0235625 0.0280586 0.0131938 0.00952294 
0.00898308 0.0297208 0.018366 0.0358022 0.0116879 0.00954059 0.011088 0.00895101 0.0179339 0.0092814 0.0102889 0.00652617 0.00422385 0.00398642 0.00343995 0.0031983 0.00320902 0.00337474 0 0.00342108 0.00322804 0.00337522 0.00396092 0.0163263 0.0106434 0.532615 0.0802011 0.00759767 0.00732111 0.00911803 0.0120767 0.0147082 0.0140229 0.0100973 0.0108899 0.0108553 0.0166111 0.0282136 0.0364379 0.0194708 0.0144785 0.0103189 
0.00960499 0.012146 0.0208105 0.0219535 0.0103594 0.00902429 0.00912848 0.00961955 0.0113308 0.00910952 0.0086866 0.00579409 0.0056663 0.00407349 0.00330792 0.00323848 0.00327872 0.00319746 0.00342108 0 0.00323704 0.00318941 0.00442266 0.0143891 0.0615448 0.133824 0.00687205 0.00569249 0.00654985 0.0082208 0.0107783 0.0167222 0.010368 0.0100241 0.0089993 0.010004 0.0183274 0.0243729 0.0226244 0.0184196 0.0101617 0.00930467 
0.00937287 0.0106905 0.0122898 0.0112023 0.0129065 0.00874771 0.00991852 0.0110078 0.00918916 0.0101914 0.00875174 0.00685192 0.00833149 0.00467483 0.00379111 0.00433366 0.00322051 0.00526668 0.00322804 0.00323704 0 0.0035091 0.00808132 0.0777591 0.356589 0.00644296 0.00661689 0.00547715 0.00755741 0.0145411 0.00909289 0.0107515 0.00952129 0.0118945 0.013363 0.0138264 0.0144086 0.012749 0.0158571 0.0123828 0.0156636 0.00865327 
0.0113217 0.0109164 0.00888998 0.00946402 0.00911707 0.0108014 0.0186166 0.00849244 0.00982954 0.00844978 0.0109393 0.0265496 0.00583938 0.00680225 0.00718088 0.00357513 0.0036259 0.00323205 0.00337522 0.00318941 0.0035091 0 0.120254 0.423552 0.00350366 0.00552491 0.00419023 0.00463645 0.0103873 0.014083 0.00810198 0.0082505 0.00831424 0.00986353 0.0317298 0.0179085 0.0112251 0.00971559 0.0100413 0.0111994 0.00960261 0.0101928 
0.0157364 0.0132547 0.0155163 0.0131406 0.0138097 0.018126 0.0125607 0.0108213 0.00935954 0.0122813 0.0157008 0.00773119 0.0109387 0.00906678 0.00579517 0.00646513 0.0046017 0.00492535 0.00396092 0.00442266 0.00808132 0.120254 0 0.00328199 0.00321765 0.00325788 0.00336626 0.004609 0.00457369 0.00549791 0.00646836 0.00780337 0.0119865 0.880351 0.0821024 0.0147217 0.0154486 0.0137587 0.0124822 0.0126698 0.013922 0.0232224 
0.0100889 0.0374989 0.0244254 0.0498916 0.0201903 0.0100271 0.0116466 0.00968301 0.017144 0.00963199 0.00987898 0.0123324 0.00843519 0.00938514 0.00598957 0.00613832 0.00931678 0.00576981 0.0163263 0.0143891 0.0777591 0.423552 0.00328199 0 0.00318965 0.00319844 0.00334748 0.00324969 0.00430655 0.00559459 0.00737112 0.0109497 0.918803 0.0300229 0.0127175 0.00954145 0.0257891 0.0194449 0.0251728 0.0221091 0.0269102 0.0138787 
0.0100032 0.01224 0.0633137 0.0526775 0.0183326 0.010447 0.00945284 0.0134767 0.0106435 0.0123439 0.00897522 0.0083708 0.0101598 0.00777295 0.00632505 0.00827212 0.00692226 0.0130424 0.0106434 0.0615448 0.356589 0.00350366 0.00321765 0.00318965 0 0.0031977 0.00317852 0.00323581 0.00350318 0.00487215 0.0079455 0.935216 0.013402 0.00993451 0.00801008 0.00877438 0.0111144 0.0293331 0.0193439 0.0277328 0.0193095 0.0104976 
0.0095235 0.0156189 0.0297479 0.0380946 0.0144023 0.0103254 0.00974406 0.00959749 0.01434 0.00910136 0.00910376 0.00988949 0.00825848 0.00801867 0.00680276 0.00678497 0.0118284 0.0195017 0.532615 0.133824 0.00644296 0.00552491 0.00325788 0.00319844 0.0031977 0 0.00315215 0.00321439 0.00395287 0.00433259 0.956717 0.0160154 0.0117544 0.00955651 0.0071892 0.00822346 0.0123197 0.0165298 0.0233225 0.0153635 0.0249785 0.0104436 
0.00909262 0.0129797 0.0107612 0.0113593 0.0117281 0.009172 0.00971333 0.00916953 0.00919087 0.00941566 0.0085329 0.00934439 0.0099813 0.00727025 0.00775773 0.0100493 0.0136798 0.409316 0.0802011 0.00687205 0.00661689 0.00419023 0.00336626 0.00334748 0.00317852 0.00315215 0 0.00338789 0.00366551 0.983397 0.00629129 0.00710638 0.00660745 0.00601129 0.005946 0.00857977 0.0139758 0.0126866 0.011245 0.0104792 0.0152255 0.00794483 
0.0113408 0.0094813 0.00903193 0.00903113 0.00898535 0.00899832 0.0129378 0.00848398 0.00865889 0.0085069 0.00855142 0.0176488 0.00813068 0.00757925 0.0226528 0.0230519 0.113545 0.0346388 0.00759767 0.00569249 0.00547715 0.00463645 0.004609 0.00324969 0.00323581 0.00321439 0.00338789 0 0.980535 0.00633813 0.00573117 0.00375211 0.00388601 0.00475461 0.0055431 0.0165923 0.00894357 0.00779348 0.00785518 0.00767147 0.00993559 0.0109996 
0.0104355 0.00962502 0.00958564 0.00989303 0.0103211 0.0153524 0.00998511 0.00888581 0.00893289 0.00897121 0.0144478 0.00955538 0.00938657 0.0128859 0.0100485 0.0088011 0.00876779 0.00804817 0.00732111 0.00654985 0.00755741 0.0103873 0.00457369 0.00430655 0.00350318 0.00395287 0.00366551 0.980535 0 0.00362561 0.00320789 0.0032271 0.00325405 0.00336125 0.00378199 0.00660338 0.00702462 0.00732626 0.00767701 0.00799791 0.0101326 0.0921869 
0.00949088 0.016775 0.0203114 0.0214026 0.020063 0.0100157 0.00961042 0.010824 0.0105183 0.0122768 0.00994394 0.010625 0.0150698 0.0119147 0.0100957 0.0112684 0.00974525 0.0102925 0.00911803 0.0082208 0.0145411 0.014083 0.00549791 0.00559459 0.00487215 0.00433259 0.983397 0.00633813 0.00362561 0 0.00319818 0.00321692 0.00323185 0.00332191 0.00355916 0.00538279 0.00819876 0.00980673 0.011947 0.0174154 0.0676214 0.58124 
0.0096543 0.0207185 0.0382784 0.0866464 0.0166674 0.0112328 0.00994566 0.0104851 0.0200954 0.00971683 0.00978232 0.0115358 0.00947281 0.012784 0.0132152 0.00894035 0.0121872 0.00992449 0.0120767 0.0107783 0.00909289 0.00810198 0.00646836 0.00737112 0.0079455 0.956717 0.00629129 0.00573117 0.00320789 0.00319818 0 0.00323083 0.0032074 0.00321294 0.00327614 0.004849 0.00879801 0.0130581 0.0217712 0.0541689 0.69915 0.0108612 
0.00982189 0.0156603 0.107476 0.0828321 0.0225768 0.0105866 0.0100321 0.0171577 0.0132094 0.0138627 0.00948622 0.00997104 0.0122907 0.0101053 0.00878457 0.0103972 0.0112582 0.0169739 0.0147082 0.0167222 0.0107515 0.0082505 0.00780337 0.0109497 0.935216 0.0160154 0.00710638 0.00375211 0.0032271 0.00321692 0.00323083 0 0.00320176 0.00322003 0.00326771 0.00504671 0.00681711 0.0209809 0.0533055 0.745756 0.0141504 0.00805419 
0.0104418 0.0306191 0.0504178 0.0781587 0.021291 0.011465 0.0107447 0.0121701 0.0250871 0.0100243 0.00958182 0.0120131 0.010883 0.0120274 0.00926655 0.00908567 0.0155036 0.0131558 0.0140229 0.010368 0.00952129 0.00831424 0.0119865 0.918803 0.013402 0.0117544 0.00660745 0.00388601 0.00325405 0.00323185 0.0032074 0.00320176 0 0.00321634 0.00323903 0.00361705 0.0137321 0.0475036 0.709094 0.0180034 0.00877307 0.0107011 
0.0103045 0.0192876 0.0221841 0.0328775 0.0269278 0.0104351 0.0108436 0.0109625 0.0108558 0.0114115 0.0091085 0.0118158 0.0191202 0.011063 0.00969463 0.0120851 0.00987045 0.0142558 0.0100973 0.0100241 0.0118945 0.00986353 0.880351 0.0300229 0.00993451 0.00955651 0.00601129 0.00475461 0.00336125 0.00332191 0.00321294 0.00322003 0.00321634 0 0.00321793 0.00582579 0.0407933 0.662283 0.00816614 0.0123352 0.0117288 0.00806845 
0.0126346 0.0106732 0.0102726 0.0110778 0.0113556 0.011457 0.0150987 0.00900603 0.00930478 0.00881045 0.00980011 0.0247323 0.0101969 0.0114748 0.0180229 0.00956789 0.00970565 0.00965139 0.0108899 0.0089993 0.013363 0.0317298 0.0821024 0.0127175 0.00801008 0.0071892 0.005946 0.0055431 0.00378199 0.00355916 0.00327614 0.00326771 0.00323903 0.00321793 0 0.0605296 0.635566 0.00420679 0.00429507 0.00552654 0.00696727 0.0084673 
0.0133898 0.013329 0.010248 0.0115262 0.0110872 0.0154189 0.0130137 0.00923577 0.00926643 0.00948891 0.0136615 0.0144065 0.0102153 0.0167677 0.0126585 0.0100868 0.0107327 0.0129543 0.0108553 0.010004 0.0138264 0.0179085 0.0147217 0.00954145 0.00877438 0.00822346 0.00857977 0.0165923 0.00660338 0.00538279 0.004849 0.00504671 0.00361705 0.00582579 0.0605296 0 0.00333936 0.00323667 0.00324763 0.00326671 0.00343511 0.0047368 
0.0105572 0.0398223 0.0358763 0.0358794 0.0194591 0.0107761 0.010989 0.0127814 0.0126759 0.0106715 0.00983813 0.0136065 0.014168 0.0108983 0.010519 0.0117128 0.0149309 0.0165245 0.0166111 0.0183274 0.0144086 0.0112251 0.0154486 0.0257891 0.0111144 0.0123197 0.0139758 0.00894357 0.00702462 0.00819876 0.00879801 0.00681711 0.0137321 0.0407933 0.635566 0.00333936 0 0.00326017 0.0032545 0.00324038 0.00335732 0.00374642 
0.010324 0.0256106 0.131494 0.161186 0.0277519 0.0104429 0.0103108 0.0162632 0.0212474 0.0126635 0.0101962 0.0117511 0.0136908 0.0104503 0.00973214 0.0130911 0.0184297 0.0314602 0.0282136 0.0243729 0.012749 0.00971559 0.0137587 0.0194449 0.0293331 0.0165298 0.0126866 0.00779348 0.00732626 0.00980673 0.0130581 0.0209809 0.0475036 0.662283 0.00420679 0.00323667 0.00326017 0 0.0032381 0.00331474 0.00329391 0.00343497 
0.0117479 0.0296706 0.0928063 0.157606 0.0310691 0.0120357 0.0115693 0.0119639 0.023269 0.0106702 0.0098179 0.0119765 0.0120627 0.0117884 0.00949949 0.0106367 0.0213672 0.0235625 0.0364379 0.0226244 0.0158571 0.0100413 0.0124822 0.0251728 0.0193439 0.0233225 0.011245 0.00785518 0.00767701 0.011947 0.0217712 0.0533055 0.709094 0.00816614 0.00429507 0.00324763 0.0032545 0.0032381 0 0.00322082 0.0032383 0.00327278 
0.00991733 0.021822 0.0818086 0.0802947 0.027764 0.0106312 0.00987425 0.0119217 0.0159823 0.0111399 0.00896651 0.0106198 0.012287 0.0104589 0.0092102 0.0110057 0.0174703 0.0280586 0.0194708 0.0184196 0.0123828 0.0111994 0.0126698 0.0221091 0.0277328 0.0153635 0.0104792 0.00767147 0.00799791 0.0174154 0.0541689 0.745756 0.0180034 0.0123352 0.00552654 0.00326671 0.00324038 0.00331474 0.00322082 0 0.00322522 0.00333713 
0.00967917 0.0158417 0.0183894 0.0273401 0.0236165 0.0118925 0.00944619 0.0120651 0.0104683 0.0108149 0.00960324 0.0113859 0.0183573 0.0109567 0.00991238 0.0117011 0.0118155 0.0131938 0.0144785 0.0101617 0.0156636 0.00960261 0.013922 0.0269102 0.0193095 0.0249785 0.0152255 0.00993559 0.0101326 0.0676214 0.69915 0.0141504 0.00877307 0.0117288 0.00696727 0.00343511 0.00335732 0.00329391 0.0032383 0.00322522 0 0.00427087 
0.0103625 0.00943135 0.00972991 0.00976941 0.010129 0.0103519 0.0144214 0.00860859 0.00882488 0.0088154 0.00925 0.0235717 0.00897094 0.0107002 0.0156228 0.00973387 0.00959472 0.00952294 0.0103189 0.00930467 0.00865327 0.0101928 0.0232224 0.0138787 0.0104976 0.0104436 0.00794483 0.0109996 0.0921869 0.58124 0.0108612 0.00805419 0.0107011 0.00806845 0.0084673 0.0047368 0.00374642 0.00343497 0.00327278 0.00333713 0.00427087 0 
