1K70A
ALQTIINARLPGEEGLWQIHLQDGKISAIDAQSGVMPITENSLDAEQGLVIPPFVEPHIHLDTTQTAGQPNWNQSGTLFEGIERWAERKALLTHDDVKQRAWQTLKWQIANGIQHVRTHVDVSDATLTALKAMLEVKQEVAPWIDLQIVAFPQEGILSYPNGEALLEEALRLGADVVGAIPHFEFTREYGVESLHKTFALAQKYDRLIDVHCDEIDDEQSRFVETVAALAHHEGMGARVTASHTTAMHSYNGAYTSRLFRLLKMSGINFVANPLVNIHLQGRFDTYPKRRGITRVKEMLESGINVCFGHDDVFDPWYPLGTANMLQVLHMGLHVCQLMGYGQINDGLNLITHHSARTLNLQDYGIAAGNSANLIILPAENGFDALRRQVPVRYSVRGGKVIASTQPAQTTVYLEQPEAIDYKR
CCCEEEEEECCCCCCEEEEEEECCEEEEEEEECCCCCCCCCEEECCCCEEECCEEEEEECCCCCCCCCCCCCCCCCCHHHHHHHHHHHHCCCCHHHHHHHHHHHHHHHHHCCEEEEEEEEECCCCCCHHHHHHHHHHHHHCCCCEEEEEEECCCCCCCCCCHHHHHHHHHHCCCCEEEECHHHCCCHHHHHHHHHHHHHHHHHHCCEEEEEECCCCCCCCCHHHHHHHHHHHHCCHHHEEEEECHHHHHCCHHHHHHHHHHHHHHCCEEEECHHHHHHHCCCCCCCCCCCCCCCHHHHHHHCCCEEECCECCCECCECCCCCCHHHHHHHHHHHCCCCCHHHHHHHHHHHCHHHHHHCCCCCCCCCCCCECCEEEECCCCHHHHHHHCCCCCEEEECCEEEEECCCCCEEEECCCEEEECCCC
0 0 0 0 0 0 0 0 0 0 0 0 0 0 0 0 0 0 0 0 0 0 0 0 0 0 0 0 0 0 0 0 0 0 0 0 0 0 0 0 0 0 0 0 0 0 0 0 0 0 0 0 0 0 0 0 0 0 0 0 0 0 0 0 0 0 0 0 0 0 0 0 0 0 0 0 0 0 0 0 0 0 0 0 0 0 0 0 0 0 0 0 0 0 0 0 0 0 0 0 0 0 0 0 0 0 0 0 0 0 0 0 0 0 0 0 0 0 0 0 0 0 0 0 0 0 0 0 0 0 0 0 0 0 0 0 0 0 0 0 0 0 0 0 0 0 0 0 0 0 0 0 0 0 0 0 0 0 0 0 0 0 0 0 0 0 0 0 0 0 0 0 0 0 0 0 0 0 0 0 0 0 0 0 0 0 0 0 0 0 0 0 0 0 0 0 0 0 0 0 0 0 0 0 0 0 0 0 0 0 0 0 0 0 0 0 0 0 0 0 0 0 0 0 0 0 0 0 0 0 0 0 0 0 0 0 0 0 0 0 0 0 0 0 0 0 0 0 0 0 0 0 0 0 0 0 0 0 0 0 0 0 0 0 0 0 0 0 0 0 0 0 0 0 0 0 0 0 0 0 0 0 0 0 0 0 0 0 0 0 0 0 0 0 0 0 0 0 0 0 0 0 0 0 0 0 0 0 0 0 0 0 0 0 0 0 0 0 0 0 0 0 0 0 0 0 0 0 0 0 0 0 0 0 0 0 0 0 0 0 0 0 0 0 0 0 0 0 0 0 0 0 0 0 0 0 0 0 0 0 0 0 0 0 0 0 0 0 0 0 0 0 0 0 0 0 0 0 0 0 0 0 0 0 0 0 0 0 0 0 0 0 0 0 0 0 0 0 0 0 0 0 0 0 0 0 0 0 0 0 0 0 0 0 0 0 0 0 0 0 0 0 0 
0 0 0 0 0 0 0 0 0 0 0 0 0 0 0 0 0 0 0 0 0 0 0 0 0 0 0 0 0 0 0 0 0 0 0 0 0 0 0 0 0 0 0 0 0 0 0 0 0 0 0 0 0 0 0 0 0 0 0 0 0 0 0 0 0 0 0 0 0 0 0 0 0 0 0 0 0 0 0 0 0 0 0 0 0 0 0 0 0 0 0 0 0 0 0 0 0 0 0 0 0 0 0 0 0 0 0 0 0 0 0 0 0 0 0 0 0 0 0 0 0 0 0 0 0 0 0 0 0 0 0 0 0 0 0 0 0 0 0 0 0 0 0 0 0 0 0 0 0 0 0 0 0 0 0 0 0 0 0 0 0 0 0 0 0 0 0 0 0 0 0 0 0 0 0 0 0 0 0 0 0 0 0 0 0 0 0 0 0 0 0 0 0 0 0 0 0 0 0 0 0 0 0 0 0 0 0 0 0 0 0 0 0 0 0 0 0 0 0 0 0 0 0 0 0 0 0 0 0 0 0 0 0 0 0 0 0 0 0 0 0 0 0 0 0 0 0 0 0 0 0 0 0 0 0 0 0 0 0 0 0 0 0 0 0 0 0 0 0 0 0 0 0 0 0 0 0 0 0 0 0 0 0 0 0 0 0 0 0 0 0 0 0 0 0 0 0 0 0 0 0 0 0 0 0 0 0 0 0 0 0 0 0 0 0 0 0 0 0 0 0 0 0 0 0 0 0 0 0 0 0 0 0 0 0 0 0 0 0 0 0 0 0 0 0 0 0 0 0 0 0 0 0 0 0 0 0 0 0 0 0 0 0 0 0 0 0 0 0 0 0 0 0 0 0 0 0 0 0 0 0 0 0 0 0 0 0 0 0 0 0 0 0 0 0 0 0 0 0 0 0 0 0 0 0 0 0 0 0 0 0 0 0 0 0 0 0 0 0 0 0 0 0 
0 0.00366956 0.00334249 0.00345634 0.00385869 0.00677658 0.0158988 0.0116717 0.0102654 0.0141241 0.0256491 0.102307 0.166584 0.0147631 0.0161358 0.012405 0.0108517 0.011043 0.00953228 0.0111674 0.0302794 0.0229893 0.0116365 0.0198419 0.0277508 0.0125978 0.0248593 0.0237592 0.0131781 0.0104272 0.0107846 0.0106288 0.0293418 0.00940745 0.00850513 0.00905528 0.00903963 0.00893394 0.00927144 0.00916072 0.00961799 0.0104559 0.0085738 0.00858479 0.00857002 0.009013 0.00903692 0.00927404 0.00982112 0.00894555 0.00828516 0.00882749 0.0102167 0.00856139 0.00828029 0.00832674 0.00858715 0.00823398 0.0087409 0.00860584 0.00832764 0.00839904 0.00828152 0.00879749 0.00867224 0.00856679 0.00847933 0.00922919 0.00872313 0.00864357 0.00917529 0.0086527 0.00883016 0.00930532 0.0106932 0.00988363 0.010209 0.010197 0.0116412 0.0103411 0.0102293 0.0105807 0.0119642 0.0111608 0.010494 0.0110346 0.011548 0.0136766 0.0130792 0.0115435 0.0123538 0.0164945 0.0137727 0.0122064 0.0134724 0.0181516 
0.00366956 0 0.00331688 0.00330547 0.00361855 0.00364329 0.00864469 0.0126217 0.0120414 0.0542626 0.0970523 0.10003 0.0140533 0.0118042 0.0153208 0.0116314 0.0123241 0.0104609 0.0103378 0.0150997 0.0119521 0.0154495 0.0289641 0.0129007 0.0188683 0.0376276 0.0133482 0.0211271 0.0285055 0.0181326 0.016918 0.0427898 0.0111957 0.00899855 0.00932413 0.0106721 0.010756 0.0108107 0.0108491 0.0109192 0.0110316 0.00940851 0.00848589 0.00914349 0.00892662 0.00982166 0.0095175 0.00980373 0.00852529 0.00854984 0.00860977 0.00907618 0.00869968 0.00820433 0.0084641 0.00861125 0.00860278 0.00842966 0.00826164 0.00838324 0.00847854 0.00850009 0.00833257 0.00830556 0.00835876 0.0087086 0.00856386 0.00858599 0.00861039 0.00900444 0.00873093 0.00827649 0.00840117 0.00843052 0.00935095 0.00950808 0.0102808 0.0101358 0.0101009 0.00975654 0.0100902 0.0101514 0.0105282 0.00999796 0.00993857 0.0103304 0.0106252 0.0107867 0.011041 0.0106042 0.0110552 0.0123908 0.0116035 0.0110951 0.0120518 0.0138404 
0.00334249 0.00331688 0 0.0032558 0.00325872 0.00326741 0.00834266 0.00993659 0.0272611 0.145533 0.0886222 0.013988 0.00919366 0.00953125 0.0116082 0.0114001 0.0145609 0.0147214 0.0137751 0.0100862 0.00988398 0.0135776 0.0127423 0.0128955 0.0183325 0.0161078 0.0153815 0.0161916 0.029929 0.0365822 0.0835574 0.0201298 0.0126 0.00942998 0.010539 0.017401 0.01719 0.0168321 0.0162702 0.01726 0.0127517 0.0093218 0.00868622 0.00983985 0.0107337 0.0132724 0.0126079 0.0104936 0.00856749 0.00886067 0.00910876 0.00937685 0.00884409 0.00837376 0.00860316 0.00940396 0.00961789 0.0086592 0.00836464 0.00857727 0.00848273 0.00883674 0.00847504 0.00825354 0.00841262 0.00883189 0.0086335 0.0083734 0.00921864 0.0091261 0.00865718 0.00825634 0.00830584 0.00837567 0.00918389 0.00992049 0.0105744 0.00990659 0.00953881 0.00998543 0.0102231 0.00967574 0.00977291 0.0100729 0.00990396 0.0102962 0.0100513 0.00971881 0.0109393 0.0103813 0.0102285 0.0107989 0.0115805 0.0108848 0.0108874 0.0120488 
0.00345634 0.00330547 0.0032558 0 0.00322553 0.00324557 0.00829151 0.0132911 0.216466 0.0520993 0.0242306 0.00992786 0.0082364 0.00980862 0.00892238 0.0124873 0.0120658 0.0112406 0.0116339 0.0096761 0.00976991 0.0124451 0.0105705 0.0172989 0.0128317 0.0146779 0.0125446 0.0151328 0.0157085 0.0695361 0.0160361 0.0187186 0.0105759 0.00910273 0.00971528 0.0152969 0.0120299 0.0138109 0.0126039 0.012934 0.00990814 0.00994263 0.00894317 0.00910526 0.0100414 0.0101381 0.0101767 0.0100253 0.00842506 0.00850915 0.00858771 0.0089843 0.00864739 0.00826749 0.00838588 0.00898556 0.00868808 0.00854783 0.00828081 0.00836516 0.00831561 0.00853326 0.00831609 0.00826065 0.00833475 0.00862649 0.00841285 0.00837611 0.00861559 0.00877299 0.00854428 0.00825032 0.00828504 0.00832846 0.00928106 0.00965689 0.0100441 0.00967858 0.00921553 0.00984415 0.00983337 0.00940741 0.00936835 0.0104091 0.00970374 0.0103898 0.00974882 0.00995924 0.0110474 0.0103684 0.0102853 0.0110297 0.0116936 0.0109488 0.0110948 0.012065 
0.00385869 0.00361855 0.00325872 0.00322553 0 0.00322795 0.0181123 0.275814 0.0551726 0.0203669 0.00747941 0.0137538 0.0076022 0.00892155 0.0229644 0.0084515 0.0107918 0.00980208 0.00927244 0.0100307 0.0103695 0.0121986 0.0384878 0.00987739 0.0147825 0.0274822 0.0114733 0.0128819 0.0339627 0.0103059 0.0161733 0.0126679 0.0120953 0.00943923 0.00946535 0.0100669 0.0121606 0.0103794 0.0101461 0.00952702 0.0118109 0.00876372 0.00820789 0.0100765 0.00884884 0.00929099 0.00905584 0.00956914 0.00844634 0.00869049 0.00857927 0.00863843 0.00850712 0.00838399 0.00841439 0.00848791 0.00850159 0.00840447 0.00823211 0.00861773 0.00828085 0.00837878 0.00832682 0.00818772 0.00828978 0.00854903 0.00840522 0.00837762 0.00862733 0.008749 0.00851361 0.0082663 0.00825034 0.00832677 0.00893059 0.00952295 0.0100634 0.00952161 0.00941057 0.00964963 0.00999139 0.00943548 0.00957171 0.010066 0.0100661 0.00957065 0.0100294 0.00959588 0.0113634 0.0105664 0.0100063 0.0107166 0.0119038 0.0111696 0.0105425 0.0116727 
0.00677658 0.00364329 0.00326741 0.00324557 0.00322795 0 0.209399 0.0958691 0.0145433 0.00652861 0.00883068 0.00665117 0.00918573 0.0252671 0.00931144 0.0105847 0.00898329 0.00840179 0.00889616 0.00930593 0.0120486 0.0287902 0.00995657 0.0325802 0.0245652 0.0112927 0.0140711 0.034608 0.0100583 0.0118111 0.009235 0.0136072 0.012514 0.012338 0.00891279 0.00908514 0.00882139 0.00899773 0.00887091 0.00893574 0.00862009 0.00928368 0.0104414 0.00863884 0.00867383 0.00859357 0.00856441 0.00849337 0.00852292 0.00901271 0.00848265 0.00839853 0.00857501 0.00893558 0.0083804 0.00829807 0.00821632 0.00819774 0.00817197 0.0085385 0.00829099 0.00820935 0.00815642 0.008173 0.00903582 0.00830909 0.00814506 0.00844949 0.00865655 0.00845451 0.00850123 0.00898517 0.00864528 0.008966 0.0114565 0.0101129 0.00953458 0.00931907 0.0091323 0.0112412 0.00962047 0.00959202 0.00977579 0.0138987 0.0100759 0.0110575 0.0099096 0.0112212 0.0151583 0.0121868 0.0111289 0.0122635 0.0158946 0.0130165 0.0116617 0.0131171 
0.0158988 0.00864469 0.00834266 0.00829151 0.0181123 0.209399 0 0.00334265 0.00324722 0.00323521 0.00329355 0.00360319 0.00580197 0.00606598 0.00762079 0.00695911 0.00709144 0.00732012 0.00754903 0.0390463 0.813763 0.0131536 0.011083 0.0194194 0.0162157 0.012559 0.0197002 0.0177228 0.0110377 0.00957388 0.00958772 0.0107179 0.0168815 0.00884203 0.00847168 0.00892479 0.00877437 0.00864566 0.00874379 0.00903802 0.00912856 0.0105906 0.00831355 0.00824697 0.00833157 0.00861109 0.00902773 0.00891314 0.0098609 0.00824896 0.00813324 0.00857822 0.00918517 0.00837277 0.00809848 0.00817724 0.00818541 0.00815888 0.00841835 0.0083539 0.00813399 0.00828618 0.00811744 0.00849231 0.00826207 0.00824022 0.00819393 0.00898833 0.00830694 0.00821601 0.00860342 0.00839522 0.0084768 0.00865932 0.00951727 0.00907312 0.00880284 0.00910145 0.00982018 0.00920417 0.00892378 0.00918512 0.010376 0.00996376 0.00924014 0.00954311 0.0100238 0.0113716 0.0111109 0.00986687 0.0104306 0.0130126 0.011575 0.0101725 0.0108807 0.014243 
0.0116717 0.0126217 0.00993659 0.0132911 0.275814 0.0958691 0.00334265 0 0.00321113 0.00321423 0.00323637 0.00339889 0.00641251 0.00533484 0.00688544 0.00635904 0.00716706 0.0117536 0.0397073 0.826454 0.01624 0.0108639 0.0209727 0.0108165 0.0155301 0.0196479 0.0131572 0.0151512 0.0259962 0.0107348 0.019891 0.0122728 0.0158413 0.00868217 0.00972448 0.0100982 0.0115008 0.0102637 0.0123806 0.0099241 0.0136634 0.00927125 0.00818383 0.00933926 0.0088207 0.0101765 0.00942455 0.0113861 0.00851903 0.008403 0.00856679 0.00883738 0.00874238 0.00813882 0.00841475 0.00846198 0.00876953 0.008311 0.00834346 0.00826877 0.00838998 0.00834101 0.00828377 0.00820542 0.0082102 0.00843222 0.00834505 0.0083481 0.00838654 0.00872214 0.00832073 0.0082097 0.00827936 0.00830618 0.00856128 0.00898479 0.00981946 0.00938712 0.00908144 0.00894247 0.00949447 0.00920689 0.00919023 0.0089631 0.00924407 0.00917486 0.00943092 0.0093356 0.00967889 0.00935397 0.00953154 0.01006 0.00996668 0.00962155 0.0100215 0.0109986 
0.0102654 0.0120414 0.0272611 0.216466 0.0551726 0.0145433 0.00324722 0.00321113 0 0.00319608 0.00323305 0.00324105 0.00325656 0.00458135 0.00545948 0.00671086 0.00920307 0.0546967 0.82479 0.0244729 0.00782145 0.012774 0.0097224 0.0138534 0.0126922 0.015264 0.0119178 0.0172452 0.0137432 0.0597805 0.0151816 0.0345054 0.0100722 0.00912135 0.00989001 0.0205956 0.0134579 0.0254291 0.0136768 0.0242997 0.0102668 0.00946418 0.00902487 0.00924155 0.0126356 0.0106621 0.0157313 0.0103055 0.00865858 0.00858363 0.00902681 0.00931041 0.00853859 0.00826872 0.00853188 0.00936551 0.00878426 0.00867904 0.00822114 0.0082236 0.00844998 0.00856034 0.00836862 0.0082113 0.00817711 0.00857496 0.00843921 0.00834748 0.00843403 0.00867331 0.00835609 0.00821181 0.00824585 0.00827574 0.00852853 0.009038 0.00986998 0.00930696 0.00886864 0.0090025 0.00941944 0.00895086 0.00891558 0.00968247 0.00913096 0.00969243 0.0090395 0.00928671 0.0099867 0.00940088 0.00939541 0.00994379 0.0103646 0.00971962 0.00995637 0.0103666 
0.0141241 0.0542626 0.145533 0.0520993 0.0203669 0.00652861 0.00323521 0.00321423 0.00319608 0 0.00321508 0.00322854 0.00320119 0.00358049 0.0125366 0.0056224 0.12368 0.772254 0.0188411 0.00715875 0.00783305 0.00941897 0.0120655 0.009279 0.0160878 0.0117301 0.0121205 0.0120255 0.0389725 0.012707 0.0816626 0.00998889 0.0144024 0.0089948 0.0113109 0.015241 0.0283579 0.0156411 0.0261751 0.0142561 0.0171 0.00915363 0.00826054 0.0137529 0.0100709 0.0185273 0.0119502 0.0111042 0.00867492 0.0092463 0.00912701 0.00909034 0.00869806 0.00840064 0.00878966 0.00891808 0.0100353 0.00849615 0.00839748 0.00881509 0.00875095 0.00872029 0.0084533 0.00831216 0.0082934 0.00860898 0.00858547 0.00837903 0.00874236 0.00864717 0.0084669 0.00821855 0.00827351 0.00832645 0.00842344 0.00923784 0.00988603 0.00934455 0.00925267 0.0091666 0.00971623 0.00926285 0.00925388 0.00895246 0.00971671 0.00951808 0.00994842 0.00926941 0.0100706 0.00991936 0.0098245 0.0102591 0.0103464 0.0102985 0.01031 0.0109835 
0.0256491 0.0970523 0.0886222 0.0242306 0.00747941 0.00883068 0.00329355 0.00323637 0.00323305 0.00321508 0 0.00320714 0.00322468 0.00632531 0.00402743 0.23794 0.675565 0.00788836 0.00697409 0.00730863 0.00624904 0.010959 0.00873951 0.0128257 0.0119524 0.0124824 0.00988086 0.0148996 0.0110418 0.0735158 0.0101206 0.0249434 0.009627 0.00919756 0.0102556 0.0220702 0.0110795 0.0204992 0.0115943 0.0198477 0.009496 0.010102 0.010442 0.0087309 0.0151316 0.0101261 0.0115217 0.00980231 0.00855524 0.00851761 0.00864576 0.00904324 0.00845012 0.00837029 0.00835799 0.00934232 0.00857946 0.00862471 0.00824505 0.00818065 0.00831095 0.00843925 0.00831339 0.00822588 0.00833062 0.00845925 0.00841438 0.00831883 0.00835481 0.00865074 0.00833454 0.00820936 0.00823899 0.00825329 0.00885326 0.00894938 0.00940299 0.00923907 0.00882887 0.00924392 0.00933631 0.00902276 0.00893685 0.0102847 0.00922969 0.0103911 0.00914772 0.00995314 0.0105485 0.0101236 0.010057 0.0106359 0.0108741 0.0103709 0.0106704 0.0110105 
0.102307 0.10003 0.013988 0.00992786 0.0137538 0.00665117 0.00360319 0.00339889 0.00324105 0.00322854 0.00320714 0 0.00319541 0.00384324 0.987427 0.033103 0.00632451 0.00540142 0.00480416 0.00618238 0.0102477 0.00901899 0.0233744 0.00876001 0.0122142 0.0168633 0.0106762 0.0112311 0.0202995 0.00882327 0.0156688 0.0104466 0.0147347 0.00869705 0.00899558 0.00909998 0.0110128 0.00930417 0.00971354 0.00923702 0.0113349 0.00876672 0.0080893 0.0102284 0.00831504 0.00925353 0.00895515 0.00911987 0.00836896 0.00845173 0.00843278 0.0084257 0.00831474 0.00829744 0.00829772 0.00836788 0.00844825 0.00829004 0.00815654 0.008489 0.00827228 0.00836831 0.00828605 0.00814288 0.00819126 0.00836049 0.00827435 0.00825409 0.00836453 0.00840104 0.00833746 0.00820915 0.00824836 0.0083234 0.00855499 0.00904276 0.00900933 0.00887023 0.00904461 0.00924314 0.009156 0.00908262 0.00922708 0.0096328 0.00979685 0.00924633 0.0101746 0.00950534 0.0111522 0.0104364 0.0101804 0.0107323 0.0115764 0.0107729 0.0105352 0.0115772 
0.166584 0.0140533 0.00919366 0.0082364 0.0076022 0.00918573 0.00580197 0.00641251 0.00325656 0.00320119 0.00322468 0.00319541 0 0.997094 0.00820447 0.00373696 0.00351699 0.00365239 0.00470785 0.00550932 0.00584853 0.0127178 0.00842027 0.0135775 0.0158639 0.00995136 0.0110723 0.0189092 0.00885045 0.00937612 0.00857702 0.0111996 0.0108453 0.0100652 0.0082032 0.00845428 0.00818497 0.00836424 0.00822664 0.00834009 0.00825644 0.00874634 0.00863167 0.00824536 0.00828467 0.00822771 0.0081911 0.00823834 0.00818222 0.0083586 0.00807321 0.0081481 0.0083439 0.00823766 0.0081226 0.00810398 0.0080399 0.00808844 0.00802858 0.0081919 0.00804652 0.00808772 0.00808294 0.00802553 0.00828804 0.00813184 0.00805866 0.00817225 0.00824765 0.00826707 0.00816585 0.00840265 0.00825656 0.0083664 0.009395 0.00895546 0.00867481 0.00851354 0.0084758 0.00937691 0.00872612 0.00859422 0.00887763 0.0111449 0.00908303 0.0094303 0.0090205 0.00953039 0.0123764 0.010138 0.00960217 0.0105641 0.0129344 0.0105758 0.00995431 0.0111149 
0.0147631 0.0118042 0.00953125 0.00980862 0.00892155 0.0252671 0.00606598 0.00533484 0.00458135 0.00358049 0.00632531 0.00384324 0.997094 0 0.00414071 0.00326725 0.00328046 0.00341941 0.00343829 0.00389438 0.00643424 0.00965217 0.00802029 0.0199911 0.0140491 0.011064 0.0152659 0.0153306 0.00919652 0.00987511 0.00853988 0.0106705 0.0121817 0.00863581 0.00831584 0.00865553 0.00829761 0.00850129 0.00834537 0.00860693 0.00863026 0.0101339 0.00979475 0.00801379 0.0087014 0.00827148 0.0084208 0.00870102 0.00870719 0.00825746 0.00811514 0.00830184 0.00886422 0.00842818 0.00803463 0.00821616 0.00806854 0.00809549 0.00821985 0.00804576 0.00812838 0.00811456 0.00804227 0.00837235 0.00862542 0.00819886 0.00810878 0.00880471 0.00820317 0.0082678 0.00843318 0.0085151 0.00858562 0.00878329 0.0112735 0.00883765 0.00887827 0.0092234 0.00931246 0.00982505 0.00911909 0.00947162 0.00989813 0.0111675 0.00937069 0.0105851 0.00984835 0.0119805 0.0115032 0.0105433 0.0111772 0.0134093 0.0118253 0.0107661 0.0116076 0.0140433 
0.0161358 0.0153208 0.0116082 0.00892238 0.0229644 0.00931144 0.00762079 0.00688544 0.00545948 0.0125366 0.00402743 0.987427 0.00820447 0.00414071 0 0.00322525 0.00352582 0.00331417 0.00328064 0.00379087 0.00502794 0.00820729 0.0119742 0.00888207 0.0134563 0.0118452 0.0115161 0.0116238 0.0159079 0.00859979 0.0133925 0.00914364 0.01176 0.00849378 0.00861421 0.00868696 0.00937248 0.00868312 0.00931246 0.00873991 0.0099786 0.00839863 0.00804333 0.00982877 0.00829838 0.00903555 0.00876802 0.00869363 0.00831277 0.00828652 0.0083951 0.00848033 0.00831497 0.00816351 0.00832137 0.0082837 0.00837473 0.00823438 0.0082655 0.00850327 0.00827579 0.00829735 0.00825102 0.00817348 0.00818674 0.00836941 0.00829636 0.00834219 0.00837542 0.00841649 0.00834097 0.00827008 0.00844376 0.00864065 0.00875006 0.00905373 0.00906015 0.00895443 0.00947101 0.00916767 0.00936757 0.00937255 0.00949618 0.00929761 0.0100587 0.00932925 0.0103993 0.0099206 0.0108186 0.0103875 0.0104632 0.0109844 0.0111329 0.0105766 0.0110215 0.0119582 
0.012405 0.0116314 0.0114001 0.0124873 0.0084515 0.0105847 0.00695911 0.00635904 0.00671086 0.0056224 0.23794 0.033103 0.00373696 0.00326725 0.00322525 0 0.00320921 0.00327325 0.0032225 0.00330248 0.00328778 0.0078492 0.00752526 0.010463 0.0104679 0.010443 0.00951871 0.0107946 0.00939145 0.014379 0.00910964 0.011009 0.0100137 0.00850302 0.00865203 0.0110068 0.00935592 0.0108118 0.00977742 0.0109606 0.00869635 0.0086278 0.00892746 0.0087616 0.00980993 0.00942453 0.00942126 0.00888287 0.00823371 0.00847598 0.00835685 0.00856362 0.00822186 0.00818332 0.00822392 0.00841593 0.00833153 0.00823461 0.00813196 0.00819847 0.00822256 0.00824452 0.00816335 0.00814257 0.00820989 0.00835849 0.00829342 0.00823153 0.00828765 0.00831722 0.00825171 0.00820719 0.00822935 0.00827725 0.00864171 0.00869943 0.00883847 0.00887429 0.0086526 0.00895199 0.00885746 0.00875714 0.00876652 0.00995009 0.0090059 0.00974483 0.00901279 0.00963469 0.0103647 0.0097719 0.00970983 0.0104184 0.0107522 0.00999245 0.0101475 0.0110764 
0.0108517 0.0123241 0.0145609 0.0120658 0.0107918 0.00898329 0.00709144 0.00716706 0.00920307 0.12368 0.675565 0.00632451 0.00351699 0.00328046 0.00352582 0.00320921 0 0.00323547 0.00322482 0.00325328 0.00327489 0.00787135 0.00758912 0.00859741 0.0108624 0.0111046 0.0094883 0.0101453 0.0120614 0.0110715 0.0116138 0.0105232 0.00960935 0.00857968 0.0087845 0.00990574 0.0103321 0.0108073 0.0101682 0.0103705 0.0091342 0.00866522 0.00821498 0.00898527 0.00920198 0.00982088 0.00926535 0.00875916 0.00829627 0.00826272 0.00833582 0.00845752 0.00825402 0.00821997 0.00828637 0.00839507 0.00833791 0.00820336 0.00817314 0.00815588 0.00824944 0.00828978 0.00816264 0.00812323 0.00821705 0.00834221 0.00825746 0.00825787 0.0083563 0.00840963 0.00823953 0.00819381 0.00821616 0.00828118 0.00847821 0.00867732 0.00892437 0.00880312 0.00879249 0.00880085 0.00907667 0.00884981 0.00891159 0.00955835 0.00926683 0.00961661 0.00947409 0.00931457 0.0102697 0.0098014 0.00968143 0.010285 0.0106711 0.0100718 0.0101522 0.0109598 
0.011043 0.0104609 0.0147214 0.0112406 0.00980208 0.00840179 0.00732012 0.0117536 0.0546967 0.772254 0.00788836 0.00540142 0.00365239 0.00341941 0.00331417 0.00327325 0.00323547 0 0.00319783 0.00321011 0.00320335 0.00668436 0.0073824 0.0129862 0.0100705 0.0095279 0.0089049 0.0094235 0.0101691 0.00933091 0.0137958 0.00899874 0.00899875 0.00843132 0.00846793 0.00939289 0.00965484 0.00928462 0.00966989 0.00904885 0.00879998 0.00840842 0.00809204 0.00867361 0.00842401 0.00932831 0.00892355 0.00851711 0.00817758 0.00818597 0.00811898 0.00842514 0.00815654 0.00808464 0.00816568 0.00826021 0.00825136 0.00818655 0.0080761 0.00812546 0.00816813 0.00815534 0.00813758 0.00808548 0.00810769 0.00821 0.0082484 0.00820503 0.00825063 0.00827089 0.00822253 0.00818785 0.00820886 0.00828737 0.00850326 0.00867339 0.00872271 0.00870936 0.00857502 0.0087164 0.00882109 0.00870241 0.00875098 0.00915812 0.00906427 0.00911066 0.00930934 0.00911392 0.00993055 0.00951215 0.00939891 0.0099876 0.0103158 0.00973358 0.00975883 0.0106208 
0.00953228 0.0103378 0.0137751 0.0116339 0.00927244 0.00889616 0.00754903 0.0397073 0.82479 0.0188411 0.00697409 0.00480416 0.00470785 0.00343829 0.00328064 0.0032225 0.00322482 0.00319783 0 0.00321385 0.00319926 0.00703487 0.00841617 0.0120733 0.00874047 0.00927994 0.00887869 0.0089321 0.00937967 0.0140648 0.00986506 0.0093332 0.00898069 0.00826925 0.00841933 0.00974625 0.00919037 0.00991332 0.00921653 0.00958046 0.00874134 0.00835143 0.00817456 0.00838769 0.00870577 0.00883468 0.00880171 0.0084862 0.00814574 0.00810139 0.00824178 0.00836329 0.00816767 0.00812172 0.0081539 0.00827765 0.00822971 0.00818515 0.00804922 0.00809871 0.00814526 0.00814988 0.00808044 0.00809953 0.00812741 0.0082385 0.00814492 0.00815517 0.00825772 0.00824523 0.00819736 0.0081567 0.00816879 0.00822461 0.00833084 0.00853648 0.00870494 0.00864119 0.00844363 0.00858076 0.00868574 0.00862734 0.00857237 0.00903769 0.00882074 0.00901747 0.00882378 0.00890821 0.00941263 0.0090975 0.00906712 0.00949168 0.00971014 0.0092429 0.00933775 0.00978049 
0.0111674 0.0150997 0.0100862 0.0096761 0.0100307 0.00930593 0.0390463 0.826454 0.0244729 0.00715875 0.00730863 0.00618238 0.00550932 0.00389438 0.00379087 0.00330248 0.00325328 0.00321011 0.00321385 0 0.00327878 0.0107477 0.0371133 0.00848122 0.00968712 0.0202264 0.0090748 0.0103135 0.0155762 0.00937339 0.00928434 0.0110159 0.00943647 0.00859714 0.00866357 0.00871222 0.00870503 0.00868818 0.00860016 0.00864612 0.00910763 0.00845843 0.00818409 0.00833847 0.00836489 0.00839273 0.00837252 0.00843371 0.00820097 0.00808273 0.00820697 0.0082842 0.00813832 0.00807354 0.00815131 0.00825634 0.00817465 0.00809722 0.00814789 0.00804552 0.00818762 0.00815473 0.00811664 0.00803949 0.00806327 0.00816667 0.00810173 0.00809502 0.0082127 0.00822994 0.00817709 0.00816677 0.0081829 0.0082181 0.00844078 0.00842222 0.00859244 0.00850386 0.00834873 0.0085399 0.00861916 0.00848266 0.0084027 0.00934327 0.00875443 0.00906455 0.00866629 0.00868611 0.00969625 0.00918539 0.00895245 0.0092764 0.0100105 0.00939928 0.00920909 0.00962898 
0.0302794 0.0119521 0.00988398 0.00976991 0.0103695 0.0120486 0.813763 0.01624 0.00782145 0.00783305 0.00624904 0.0102477 0.00584853 0.00643424 0.00502794 0.00328778 0.00327489 0.00320335 0.00319926 0.00327878 0 0.041916 0.0101308 0.0105091 0.0138192 0.00976156 0.0152558 0.0266611 0.00964983 0.00848969 0.0086188 0.00902225 0.0159761 0.0118035 0.00838421 0.00834957 0.00845075 0.00839557 0.00834296 0.0083306 0.00847744 0.00893444 0.00862387 0.0083272 0.00815374 0.00825688 0.00822535 0.00822609 0.0082356 0.00851809 0.00810786 0.00818472 0.00844984 0.00831918 0.00808663 0.00814715 0.00810154 0.00807069 0.00810438 0.00836769 0.00812327 0.00813431 0.00808574 0.00813943 0.00827407 0.00813586 0.00809931 0.00830612 0.0083479 0.00826227 0.0082216 0.0085017 0.00829131 0.00850305 0.00905405 0.00888151 0.00850272 0.00839601 0.00871357 0.0093889 0.00857945 0.00853863 0.00905551 0.0102981 0.00924665 0.0087678 0.00926785 0.00927853 0.0121166 0.00982807 0.0094835 0.0102141 0.0125846 0.0101863 0.00981017 0.0107906 
0.0229893 0.0154495 0.0135776 0.0124451 0.0121986 0.0287902 0.0131536 0.0108639 0.012774 0.00941897 0.010959 0.00901899 0.0127178 0.00965217 0.00820729 0.0078492 0.00787135 0.00668436 0.00703487 0.0107477 0.041916 0 0.00333858 0.00327514 0.00553666 0.0325552 0.135486 0.00954103 0.00794176 0.00781862 0.00736426 0.0105847 0.014062 0.0103101 0.00900736 0.00965573 0.00900961 0.00933119 0.00913097 0.00986942 0.00930343 0.0120271 0.00897938 0.00865003 0.00866485 0.00884487 0.0088949 0.00915594 0.0093843 0.00853087 0.00827953 0.00868531 0.0099939 0.00849592 0.00821352 0.00827953 0.0083964 0.00818396 0.00835236 0.00845336 0.00820227 0.00823845 0.00817116 0.0083413 0.00817655 0.00824127 0.00814597 0.00874851 0.0085233 0.00826702 0.00832935 0.00838609 0.00850553 0.00848321 0.00908979 0.00895173 0.00858109 0.00857842 0.00879281 0.00873023 0.00860721 0.00850364 0.00884749 0.00923921 0.00876192 0.008809 0.00889567 0.00931124 0.00988255 0.00902185 0.00918553 0.0102188 0.0101396 0.00915278 0.00943255 0.0106965 
0.0116365 0.0289641 0.0127423 0.0105705 0.0384878 0.00995657 0.011083 0.0209727 0.0097224 0.0120655 0.00873951 0.0233744 0.00842027 0.00802029 0.0119742 0.00752526 0.00758912 0.0073824 0.00841617 0.0371133 0.0101308 0.00333858 0 0.00338361 0.0226098 0.238231 0.0106865 0.00874531 0.0125554 0.00684604 0.00974375 0.0112574 0.011596 0.00984348 0.0111769 0.00928754 0.0104197 0.00933868 0.00981254 0.0092087 0.019938 0.00910795 0.00830677 0.00963952 0.00852677 0.00946595 0.00953052 0.0104624 0.00860007 0.00845797 0.00845551 0.00901756 0.00854813 0.00822219 0.00836992 0.00835461 0.00847851 0.00838509 0.00828682 0.00822284 0.00831933 0.00827267 0.00825295 0.00821124 0.00813379 0.00838312 0.00836754 0.00826154 0.00836517 0.00850842 0.00840528 0.00824214 0.0082503 0.00822532 0.00856486 0.00864686 0.00903332 0.00895217 0.00878998 0.00864017 0.00892733 0.00885438 0.00874004 0.00855609 0.00890514 0.00869635 0.00886439 0.00865681 0.00896192 0.00888705 0.00886492 0.00894218 0.00915672 0.00899276 0.00897733 0.00931766 
0.0198419 0.0129007 0.0128955 0.0172989 0.00987739 0.0325802 0.0194194 0.0108165 0.0138534 0.009279 0.0128257 0.00876001 0.0135775 0.0199911 0.00888207 0.010463 0.00859741 0.0129862 0.0120733 0.00848122 0.0105091 0.00327514 0.00338361 0 0.153268 0.0128959 0.00626167 0.010571 0.00747756 0.00771228 0.00746408 0.0097338 0.015051 0.014623 0.00942973 0.0104134 0.00940377 0.0107846 0.00926723 0.0103518 0.00961541 0.0226358 0.0110819 0.00862249 0.00932553 0.00901916 0.00907674 0.00962174 0.00944294 0.00927823 0.00845245 0.00877483 0.00931941 0.00871633 0.00837092 0.00834736 0.0084181 0.00847074 0.00828554 0.00841018 0.00833298 0.00829925 0.00819648 0.00819757 0.00855097 0.00826717 0.0082117 0.00825893 0.00846714 0.00836399 0.00831131 0.00853972 0.00836263 0.008347 0.00911572 0.00892877 0.00884015 0.0087013 0.00866733 0.00901737 0.00859977 0.00858787 0.00879427 0.0102457 0.00865176 0.00895359 0.00870231 0.00907122 0.010551 0.00922079 0.00894191 0.00951446 0.011054 0.00948134 0.00913861 0.00991878 
0.0277508 0.0188683 0.0183325 0.0128317 0.0147825 0.0245652 0.0162157 0.0155301 0.0126922 0.0160878 0.0119524 0.0122142 0.0158639 0.0140491 0.0134563 0.0104679 0.0108624 0.0100705 0.00874047 0.00968712 0.0138192 0.00553666 0.0226098 0.153268 0 0.00329505 0.00335388 0.00417142 0.00594575 0.00526249 0.0135505 0.00647219 0.012926 0.0174277 0.0111738 0.0108275 0.0108553 0.0100588 0.0108424 0.0107308 0.011435 0.0131782 0.00986616 0.00953843 0.00920956 0.0100385 0.00971825 0.0102658 0.0113453 0.00938859 0.00878125 0.00945128 0.0115679 0.00853985 0.00849274 0.00864187 0.00877074 0.00846725 0.00872954 0.0085055 0.0083206 0.00857805 0.0083922 0.00847251 0.00819951 0.00824156 0.00838299 0.00904977 0.00851245 0.00832363 0.00848554 0.00840075 0.0085063 0.00850854 0.00899832 0.00890688 0.0088994 0.00900287 0.00926301 0.00876605 0.00866785 0.00876437 0.00930223 0.00900287 0.0087255 0.00877427 0.00904925 0.00953988 0.00948391 0.00886721 0.00923981 0.0103269 0.00967497 0.00896317 0.00940051 0.0109364 
0.0125978 0.0376276 0.0161078 0.0146779 0.0274822 0.0112927 0.012559 0.0196479 0.015264 0.0117301 0.0124824 0.0168633 0.00995136 0.011064 0.0118452 0.010443 0.0111046 0.0095279 0.00927994 0.0202264 0.00976156 0.0325552 0.238231 0.0128959 0.00329505 0 0.00351703 0.0041021 0.0113611 0.00433587 0.00582944 0.0073625 0.00697012 0.0125134 0.0164735 0.0127535 0.011546 0.0133311 0.0115588 0.0128561 0.0233647 0.0110264 0.00888644 0.0102018 0.00999234 0.0112319 0.0110816 0.0143464 0.00914467 0.0090169 0.0092899 0.0102633 0.00889758 0.00843744 0.00868067 0.00886236 0.00896376 0.00910564 0.00842648 0.00825957 0.00856998 0.00861276 0.00857795 0.00838046 0.00827972 0.00865603 0.00864122 0.00841303 0.00856871 0.00867276 0.00859006 0.00832565 0.00835157 0.00831702 0.00876258 0.00910701 0.00982651 0.00932094 0.00908034 0.00887108 0.00932817 0.00910527 0.00901482 0.00881895 0.00908768 0.00899695 0.00896947 0.00894968 0.00898818 0.00902506 0.008984 0.00912753 0.00911441 0.0091018 0.00909687 0.00947213 
0.0248593 0.0133482 0.0153815 0.0125446 0.0114733 0.0140711 0.0197002 0.0131572 0.0119178 0.0121205 0.00988086 0.0106762 0.0110723 0.0152659 0.0115161 0.00951871 0.0094883 0.0089049 0.00887869 0.0090748 0.0152558 0.135486 0.0106865 0.00626167 0.00335388 0.00351703 0 0.0379528 0.00390053 0.00336862 0.00365852 0.00396944 0.00975651 0.0181845 0.0110318 0.0108167 0.0105657 0.0111696 0.0102969 0.0116428 0.012044 0.0188692 0.011128 0.00944015 0.00936345 0.00983225 0.0098808 0.0104195 0.0103574 0.0107759 0.00873356 0.00940406 0.00951931 0.0088541 0.00850967 0.00845372 0.00874966 0.00841669 0.0086439 0.00863867 0.00852554 0.00842816 0.00830227 0.0084739 0.00847752 0.00837967 0.00829153 0.00850509 0.00876113 0.00841168 0.00837415 0.0085154 0.00840214 0.00835865 0.00891484 0.00918987 0.00913372 0.00879619 0.00869775 0.00887496 0.00870536 0.0086117 0.00874293 0.00944183 0.00870078 0.00869167 0.00861027 0.00863381 0.010121 0.00888619 0.00870045 0.00879035 0.0104417 0.00910656 0.00879608 0.00895405 
0.0237592 0.0211271 0.0161916 0.0151328 0.0128819 0.034608 0.0177228 0.0151512 0.0172452 0.0120255 0.0148996 0.0112311 0.0189092 0.0153306 0.0116238 0.0107946 0.0101453 0.0094235 0.0089321 0.0103135 0.0266611 0.00954103 0.00874531 0.010571 0.00417142 0.0041021 0.0379528 0 0.00335979 0.00322572 0.00322234 0.00328994 0.00387745 0.0707214 0.0129413 0.0133373 0.0110362 0.0119774 0.0121494 0.01383 0.0127441 0.0192114 0.0113068 0.00958754 0.0102959 0.0103378 0.0105004 0.0113658 0.0137523 0.00958796 0.00880706 0.00965905 0.0147211 0.00855209 0.00859979 0.00898238 0.00878305 0.00894093 0.00873669 0.00836883 0.00845487 0.00844852 0.00838918 0.00848886 0.00827776 0.00835768 0.00831045 0.00898993 0.00853488 0.0082982 0.0085477 0.00831179 0.00840066 0.00842388 0.00881837 0.00859974 0.00882762 0.00874086 0.00897425 0.00846872 0.00853125 0.0084896 0.00903741 0.0085257 0.00844294 0.00854492 0.00861832 0.00914889 0.00902721 0.00860334 0.00880937 0.00971487 0.00915827 0.00869564 0.00898088 0.00994736 
0.0131781 0.0285055 0.029929 0.0157085 0.0339627 0.0100583 0.0110377 0.0259962 0.0137432 0.0389725 0.0110418 0.0202995 0.00885045 0.00919652 0.0159079 0.00939145 0.0120614 0.0101691 0.00937967 0.0155762 0.00964983 0.00794176 0.0125554 0.00747756 0.00594575 0.0113611 0.00390053 0.00335979 0 0.00323792 0.00321072 0.00326622 0.00335294 0.0209404 0.0331691 0.0148862 0.0260955 0.0190689 0.0215091 0.0153373 0.0321683 0.010366 0.00859746 0.0180242 0.0106965 0.0159478 0.014313 0.0147506 0.00917097 0.00923606 0.0093433 0.0103688 0.00895015 0.00844506 0.00878856 0.00883733 0.0102219 0.00858686 0.00834089 0.00821622 0.00835724 0.00848219 0.00835186 0.00819512 0.00815012 0.00852325 0.00831027 0.008292 0.00832123 0.00854558 0.00827366 0.0081736 0.00826553 0.00824495 0.00845865 0.00866674 0.00916414 0.0089276 0.00859767 0.00843814 0.00875464 0.00872816 0.0085628 0.00832013 0.00864522 0.00861115 0.00869479 0.00851824 0.00861545 0.00866943 0.0087001 0.00876498 0.00872183 0.00875338 0.00879801 0.00903183 
0.0104272 0.0181326 0.0365822 0.0695361 0.0103059 0.0118111 0.00957388 0.0107348 0.0597805 0.012707 0.0735158 0.00882327 0.00937612 0.00987511 0.00859979 0.014379 0.0110715 0.00933091 0.0140648 0.00937339 0.00848969 0.00781862 0.00684604 0.00771228 0.00526249 0.00433587 0.00336862 0.00322572 0.00323792 0 0.00318241 0.00319851 0.00319949 0.0181944 0.0228354 0.0452985 0.0332956 0.0445659 0.020097 0.041842 0.0136827 0.0125747 0.00938402 0.00929513 0.0266549 0.0174372 0.0266555 0.0144779 0.00919475 0.00860827 0.00923162 0.0102172 0.00890984 0.00834386 0.00859486 0.0106288 0.00923321 0.00945358 0.00831559 0.00821197 0.00894529 0.00857797 0.00850778 0.00826597 0.00809687 0.0085419 0.00840831 0.00828225 0.00829452 0.00839457 0.00832177 0.0081332 0.0081695 0.00816582 0.00823901 0.00853583 0.00896547 0.00863638 0.0084203 0.00833376 0.0085826 0.00852261 0.00837485 0.00829185 0.00858429 0.00857015 0.00854947 0.00833343 0.00846706 0.00853651 0.00854349 0.00853446 0.00852024 0.00856224 0.0085914 0.00856039 
0.0107846 0.016918 0.0835574 0.0160361 0.0161733 0.009235 0.00958772 0.019891 0.0151816 0.0816626 0.0101206 0.0156688 0.00857702 0.00853988 0.0133925 0.00910964 0.0116138 0.0137958 0.00986506 0.00928434 0.0086188 0.00736426 0.00974375 0.00746408 0.0135505 0.00582944 0.00365852 0.00322234 0.00321072 0.00318241 0 0.00318873 0.00319996 0.0175744 0.0258922 0.0401418 0.0525753 0.0214301 0.0421214 0.0192532 0.0207578 0.0108762 0.0084301 0.0168192 0.0121811 0.0267644 0.017968 0.0132431 0.00879986 0.00884904 0.00947171 0.0102294 0.00906888 0.00831429 0.0091625 0.00909552 0.0115297 0.00862684 0.00864921 0.00835528 0.00842568 0.00876699 0.00846486 0.00821706 0.00817145 0.00860509 0.00836001 0.00824175 0.00837463 0.00832773 0.00830245 0.00816103 0.0081927 0.00819011 0.00825981 0.00845693 0.0087604 0.00856998 0.0083724 0.00827542 0.00855438 0.00844195 0.0083558 0.00822796 0.00857062 0.00854914 0.00851235 0.00832393 0.00841348 0.008556 0.00856272 0.0085081 0.00851043 0.00859692 0.00866079 0.00856572 
0.0106288 0.0427898 0.0201298 0.0187186 0.0126679 0.0136072 0.0107179 0.0122728 0.0345054 0.00998889 0.0249434 0.0104466 0.0111996 0.0106705 0.00914364 0.011009 0.0105232 0.00899874 0.0093332 0.0110159 0.00902225 0.0105847 0.0112574 0.0097338 0.00647219 0.0073625 0.00396944 0.00328994 0.00326622 0.00319851 0.00318873 0 0.00338774 0.0151807 0.0298237 0.0372467 0.0197304 0.0386595 0.0168684 0.0328718 0.0264826 0.0211938 0.00984769 0.0100399 0.0156142 0.0122235 0.0155218 0.0151881 0.0105479 0.00872503 0.00935146 0.011406 0.00930162 0.00852784 0.00895929 0.0103497 0.00997009 0.010098 0.00860436 0.00824125 0.00858842 0.00873585 0.00860757 0.00823696 0.00816331 0.00858926 0.00842283 0.00827148 0.00822709 0.00834883 0.00820735 0.0081068 0.00816788 0.00813103 0.0082489 0.00845485 0.00882382 0.00852303 0.00837831 0.00828398 0.00859576 0.00844769 0.00831277 0.00830345 0.00851265 0.00853418 0.00851747 0.00832158 0.00855703 0.00853799 0.00849656 0.00843526 0.00862146 0.00860899 0.0085893 0.00852713 
0.0293418 0.0111957 0.0126 0.0105759 0.0120953 0.012514 0.0168815 0.0158413 0.0100722 0.0144024 0.009627 0.0147347 0.0108453 0.0121817 0.01176 0.0100137 0.00960935 0.00899875 0.00898069 0.00943647 0.0159761 0.014062 0.011596 0.015051 0.012926 0.00697012 0.00975651 0.00387745 0.00335294 0.00319949 0.00319996 0.00338774 0 0.0185794 0.0122495 0.0197373 0.0216177 0.0175105 0.0179566 0.0131214 0.0312918 0.0446853 0.00925832 0.0120254 0.00906368 0.0107579 0.00956155 0.0117047 0.0101501 0.0102361 0.00891943 0.009699 0.0103365 0.0086569 0.00870137 0.00845508 0.0091378 0.00880891 0.00903593 0.00966384 0.00841462 0.00898537 0.00830713 0.00834354 0.00829396 0.00835644 0.0082535 0.00838701 0.00851762 0.00830563 0.00836966 0.00835912 0.00822785 0.00822411 0.00850184 0.00864797 0.00870956 0.00849731 0.00847682 0.00855905 0.00848738 0.00836004 0.00840313 0.00877134 0.00852285 0.00846358 0.00840785 0.00836193 0.00951987 0.00862387 0.00847259 0.00863657 0.00976227 0.00872397 0.00856881 0.00882824 
0.00940745 0.00899855 0.00942998 0.00910273 0.00943923 0.012338 0.00884203 0.00868217 0.00912135 0.0089948 0.00919756 0.00869705 0.0100652 0.00863581 0.00849378 0.00850302 0.00857968 0.00843132 0.00826925 0.00859714 0.0118035 0.0103101 0.00984348 0.014623 0.0174277 0.0125134 0.0181845 0.0707214 0.0209404 0.0181944 0.0175744 0.0151807 0.0185794 0 0.00373314 0.00326861 0.00326688 0.00327498 0.00337792 0.00354365 0.00483699 0.00977004 0.038321 0.0110096 0.011865 0.0118118 0.012666 0.0132582 0.0225189 0.0109596 0.00993842 0.0112311 0.0235808 0.00907277 0.00889354 0.00920724 0.00941451 0.00925112 0.0110243 0.00838511 0.00868042 0.00846654 0.00858966 0.00958491 0.00828236 0.00832012 0.00840869 0.00976647 0.00856831 0.00812818 0.00843181 0.00811914 0.00819803 0.00813306 0.00841974 0.00829492 0.00831209 0.00838289 0.00851827 0.0081682 0.00822451 0.00820307 0.00849559 0.00821469 0.00818981 0.00817351 0.00824746 0.00849382 0.00834361 0.00821229 0.00827418 0.00880362 0.00836313 0.00822513 0.00831997 0.0089492 
0.00850513 0.00932413 0.010539 0.00971528 0.00946535 0.00891279 0.00847168 0.00972448 0.00989001 0.0113109 0.0102556 0.00899558 0.0082032 0.00831584 0.00861421 0.00865203 0.0087845 0.00846793 0.00841933 0.00866357 0.00838421 0.00900736 0.0111769 0.00942973 0.0111738 0.0164735 0.0110318 0.0129413 0.0331691 0.0228354 0.0258922 0.0298237 0.0122495 0.00373314 0 0.00327494 0.00323936 0.00322106 0.00323095 0.00335482 0.00384787 0.00524384 0.0227228 0.0367098 0.0145628 0.025814 0.0159965 0.0261065 0.0104179 0.0113602 0.01214 0.0164687 0.0103451 0.00908646 0.0105609 0.0121259 0.011802 0.0101527 0.00920583 0.00827448 0.00861345 0.00913536 0.00891353 0.00862363 0.00812136 0.00876731 0.00864834 0.00848583 0.00817671 0.00829621 0.00827661 0.00807282 0.00812426 0.0080611 0.00822957 0.00833886 0.0086602 0.00844455 0.00833057 0.0082541 0.00841161 0.0083708 0.00832969 0.00816785 0.00837888 0.00829181 0.00835878 0.00826595 0.00821591 0.00836326 0.00836347 0.00838001 0.00823482 0.00839354 0.00842573 0.00838584 
0.00905528 0.0106721 0.017401 0.0152969 0.0100669 0.00908514 0.00892479 0.0100982 0.0205956 0.015241 0.0220702 0.00909998 0.00845428 0.00865553 0.00868696 0.0110068 0.00990574 0.00939289 0.00974625 0.00871222 0.00834957 0.00965573 0.00928754 0.0104134 0.0108275 0.0127535 0.0108167 0.0133373 0.0148862 0.0452985 0.0401418 0.0372467 0.0197373 0.00326861 0.00327494 0 0.00321966 0.00320484 0.00324529 0.00323415 0.00324913 0.00352834 0.198192 0.0141886 0.0819889 0.0215476 0.062267 0.0177148 0.0127843 0.0108215 0.0193596 0.0173545 0.0120336 0.00932646 0.0118311 0.0270116 0.0167856 0.0149023 0.00966437 0.00903711 0.00923183 0.0116181 0.00953545 0.00902049 0.00832378 0.00920447 0.00883344 0.00890043 0.00842524 0.00843156 0.0084555 0.00808242 0.00805732 0.00802799 0.00821632 0.00849437 0.00905791 0.00848395 0.00836154 0.00825552 0.008564 0.00838064 0.00833408 0.00819192 0.00852782 0.00844588 0.00839388 0.00821674 0.00830618 0.00841478 0.00837214 0.00828976 0.00834995 0.00843108 0.00838502 0.00828769 
0.00903963 0.010756 0.01719 0.0120299 0.0121606 0.00882139 0.00877437 0.0115008 0.0134579 0.0283579 0.0110795 0.0110128 0.00818497 0.00829761 0.00937248 0.00935592 0.0103321 0.00965484 0.00919037 0.00870503 0.00845075 0.00900961 0.0104197 0.00940377 0.0108553 0.011546 0.0105657 0.0110362 0.0260955 0.0332956 0.0525753 0.0197304 0.0216177 0.00326688 0.00323936 0.00321966 0 0.00319331 0.0032328 0.00323394 0.00320176 0.00330888 0.0123984 0.329879 0.0132607 0.0933991 0.0226561 0.029345 0.0102138 0.0123929 0.0160302 0.0199689 0.0110842 0.00909985 0.0152559 0.0158443 0.0342111 0.0109288 0.00951674 0.00886581 0.0095514 0.0116436 0.00927786 0.00866973 0.00834391 0.00928328 0.00868799 0.00875298 0.00837979 0.00837111 0.00834435 0.00809307 0.00809783 0.00802915 0.00818866 0.00845605 0.00874557 0.00842345 0.00826531 0.00825859 0.00846563 0.00835852 0.00823603 0.00817079 0.00842996 0.00829055 0.00833827 0.00822133 0.00822868 0.0083826 0.00836829 0.00828014 0.00824596 0.00841812 0.00841079 0.00829463 
