1KP6A
NNAFCAGFGLSCKWECWCTAHGTGNELRYATAAGCGDHLSKSYYDARAGHCLFSDDLRNQFYSHCSSLNNNMSCRSLSK
CHHHHHHHCCCCCEEEEEECCCCCCECHHHHHCCCHHHCCCEEEECCCCEEEECCCCHHHHHHHHHHCCCEEEEEECCC
0 0 0 0 0 0 0 0 0 0 0 0 0 0 0 0 0 0 0 0 0 0 0 0 0 0 0 0 0 0 0 0 0 0 0 0 0 0 0 0 0 0 0 0 0 0 0 0 0 0 0 0 0 0 0 0 0 0 0 0 0 0 0 0 0 0 0 0 0 0 0 0 0 0 0 0 0 0 0 
0 0 0 0 0 0 0 0 0 0 0 0 0 0 0 0 0 0 0 0 0 0 0 0 0 0 0 0 0 0 0 0 0 0 0 0 0 0 0 0 0 0 0 0 0 0 0 0 0 0 0 0 0 0 0 0 0 0 0 0 0 0 0 0 0 0 0 0 0 0 0 0 0 0 0 0 0 0 0 
0 0.00328604 0.00326552 0.0032428 0.00327801 0.00356946 0.011075 0.0206213 0.00918128 0.0236535 0.014062 0.0130679 0.0196957 0.0111518 0.104413 0.00850162 0.0120805 0.00955152 0.0104751 0.00995372 0.111628 
0.00328604 0 0.00319044 0.00319885 0.00319972 0.00321599 0.0049902 0.00927739 0.03691 0.0132041 0.0124288 0.0131346 0.0143039 0.178206 0.0101382 0.0105623 0.00928799 0.0141221 0.00871634 0.15545 0.00901985 
0.00326552 0.00319044 0 0.0031979 0.00319726 0.00320474 0.00406922 0.0135977 0.0127567 0.034013 0.00920965 0.0122972 0.182049 0.0207932 0.0237388 0.00840787 0.0175365 0.00937067 0.201937 0.00918473 0.00942446 
0.0032428 0.00319885 0.0031979 0 0.0033425 0.00322533 0.00490926 0.0132136 0.0385992 0.0103046 0.014121 0.0213616 0.0175462 0.0691122 0.0109267 0.013588 0.0090313 0.2021 0.00960539 0.0108102 0.00962721 
0.00327801 0.00319972 0.00319726 0.0033425 0 0.00321781 0.0125642 0.0324773 0.0180393 0.0377001 0.0101335 0.0139872 0.0538811 0.0358862 0.0272474 0.00867476 0.186783 0.00896951 0.0144324 0.00935621 0.00886094 
0.00356946 0.00321599 0.00320474 0.00322533 0.00321781 0 0.697902 0.0186383 0.0199371 0.0131933 0.0206766 0.0247979 0.0109621 0.0244103 0.0170251 0.126992 0.00933492 0.0107492 0.00876002 0.00905139 0.00873367 
0.011075 0.0049902 0.00406922 0.00490926 0.0125642 0.697902 0 0.0221917 0.00787017 0.0104729 0.0146202 0.0143948 0.00834042 0.0107755 0.0231214 0.0207242 0.00849863 0.00883084 0.00837542 0.00975293 0.0123074 
0.0206213 0.00927739 0.0135977 0.0132136 0.0324773 0.0186383 0.0221917 0 0.00384238 0.0117315 0.00536071 0.00394449 0.0077299 0.0121392 0.929979 0.0118045 0.00910295 0.00868655 0.00986743 0.0113953 0.0202384 
0.00918128 0.03691 0.0127567 0.0385992 0.0180393 0.0199371 0.00787017 0.00384238 0 0.0035779 0.0032179 0.0077043 0.0350521 0.94715 0.0187551 0.0101581 0.0103043 0.00962812 0.00859404 0.017775 0.00885525 
0.0236535 0.0132041 0.034013 0.0103046 0.0377001 0.0131933 0.0104729 0.0117315 0.0035779 0 0.00338788 0.00577333 0.986526 0.00632675 0.00796831 0.00857363 0.0154274 0.00851353 0.0119352 0.00867133 0.00903649 
0.014062 0.0124288 0.00920965 0.014121 0.0101335 0.0206766 0.0146202 0.00536071 0.0032179 0.00338788 0 0.971688 0.00806463 0.00614771 0.00394371 0.0212557 0.00833511 0.0144688 0.00813395 0.00945507 0.00909166 
0.0130679 0.0131346 0.0122972 0.0213616 0.0139872 0.0247979 0.0143948 0.00394449 0.0077043 0.00577333 0.971688 0 0.00337714 0.00326277 0.00374578 0.0253488 0.00861767 0.0117851 0.0115349 0.0139132 0.040611 
0.0196957 0.0143039 0.182049 0.0175462 0.0538811 0.0109621 0.00834042 0.0077299 0.0350521 0.986526 0.00806463 0.00337714 0 0.00448281 0.00323067 0.012361 0.0264941 0.0104528 0.0298739 0.0308603 0.0104381 
0.0111518 0.178206 0.0207932 0.0691122 0.0358862 0.0244103 0.0107755 0.0121392 0.94715 0.00632675 0.00614771 0.00326277 0.00448281 0 0.00330727 0.0183083 0.0149047 0.0345974 0.0205001 0.0455469 0.0108721 
0.104413 0.0101382 0.0237388 0.0109267 0.0272474 0.0170251 0.0231214 0.929979 0.0187551 0.00796831 0.00394371 0.00374578 0.00323067 0.00330727 0 0.0204793 0.0263656 0.0198514 0.011909 0.0120773 0.0344202 
0.00850162 0.0105623 0.00840787 0.013588 0.00867476 0.126992 0.0207242 0.0118045 0.0101581 0.00857363 0.0212557 0.0253488 0.012361 0.0183083 0.0204793 0 0.00332099 0.00331657 0.00321023 0.00336652 0.0045782 
0.0120805 0.00928799 0.0175365 0.0090313 0.186783 0.00933492 0.00849863 0.00910295 0.0103043 0.0154274 0.00833511 0.00861767 0.0264941 0.0149047 0.0263656 0.00332099 0 0.00319759 0.00322342 0.00358894 0.00330262 
0.00955152 0.0141221 0.00937067 0.2021 0.00896951 0.0107492 0.00883084 0.00868655 0.00962812 0.00851353 0.0144688 0.0117851 0.0104528 0.0345974 0.0198514 0.00331657 0.00319759 0 0.00319216 0.00320902 0.00343663 
0.0104751 0.00871634 0.201937 0.00960539 0.0144324 0.00876002 0.00837542 0.00986743 0.00859404 0.0119352 0.00813395 0.0115349 0.0298739 0.0205001 0.011909 0.00321023 0.00322342 0.00319216 0 0.00334516 0.00325351 
0.00995372 0.15545 0.00918473 0.0108102 0.00935621 0.00905139 0.00975293 0.0113953 0.017775 0.00867133 0.00945507 0.0139132 0.0308603 0.0455469 0.0120773 0.00336652 0.00358894 0.00320902 0.00334516 0 0.00525169 
0.111628 0.00901985 0.00942446 0.00962721 0.00886094 0.00873367 0.0123074 0.0202384 0.00885525 0.00903649 0.00909166 0.040611 0.0104381 0.0108721 0.0344202 0.0045782 0.00330262 0.00343663 0.00325351 0.00525169 0 
