1KTZB
PQLCKFCDVRFSTCDNQKSCMSNCSITSICEKPQEVCVAVWRKNDENITLETVCHDPKLPYHDFILEDAASPKCIMKEKKKPGETFFMCSCSSDECNDNIIFSEEY
CCEEECCEEEECCCCCCCEEECCCCCEEECCCCCCEEEEEEEECCCCEEEEEEEECCCCCECCECCCCCCCCCEEEEEECCCCCEEEEEEECCCCHHHEEEECCCC
0 0 0 0 0 0 0 0 0 0 0 0 0 0 0 0 0 0 0 0 0 0 0 0 0 0 0 0 0 0 0 0 0 0 0 0 0 0 0 0 0 0 0 0 0 0 0 0 0 0 0 0 0 0 0 0 0 0 0 0 0 0 0 0 0 0 0 0 0 0 0 0 0 0 0 0 0 0 0 0 0 0 0 0 0 0 0 0 0 0 0 0 0 0 0 0 0 0 0 0 0 0 0 0 0 0 
0 0 0 0 0 0 0 0 0 0 0 0 0 0 0 0 0 0 0 0 0 0 0 0 0 0 0 0 0 0 0 0 0 0 0 0 0 0 0 0 0 0 0 0 0 0 0 0 0 0 0 0 0 0 0 0 0 0 0 0 0 0 0 0 0 0 0 0 0 0 0 0 0 0 0 0 0 0 0 0 0 0 0 0 0 0 0 0 0 0 0 0 0 0 0 0 0 0 0 0 0 0 0 0 0 0 
0 0.00336243 0.0034457 0.00431775 0.00340114 0.023837 0.0242413 0.00952637 0.00948138 0.0440074 0.0183568 0.014674 0.219434 0.0165595 0.0142739 0.0275557 0.0146478 0.0140397 0.0113432 0.0120285 0.0234889 0.0146602 0.012965 0.0125482 0.0125054 0.0132455 0.0116398 0.0142343 0.0260655 0.0103004 0.0118056 0.0104504 0.0101756 0.009667 0.00879569 0.00905776 0.0130575 0.00893942 0.00916346 0.0113973 0.0109957 0.0109912 0.0107032 0.0122096 0.00919482 0.00907222 0.0100146 0.0127527 
0.00336243 0 0.0032317 0.00330413 0.0161015 0.00686214 0.00568969 0.00672975 0.0767251 0.00873845 0.0127651 0.523076 0.0125827 0.0142683 0.0321914 0.0180845 0.0256872 0.0202515 0.0139784 0.025188 0.010863 0.0125252 0.0217436 0.0154513 0.0142211 0.0156402 0.0165348 0.0612335 0.0133664 0.00989691 0.0109593 0.0119168 0.0221629 0.0113698 0.00934167 0.010205 0.00883547 0.00917083 0.0122692 0.0120713 0.0153917 0.0122991 0.0163734 0.00911115 0.00895415 0.0131925 0.013229 0.0100248 
0.0034457 0.0032317 0 0.018867 0.00365518 0.00696572 0.00427933 0.0269197 0.00755983 0.01115 0.21777 0.0133679 0.0359542 0.0300118 0.0137974 0.0174907 0.0168671 0.0163133 0.0162834 0.0117336 0.00964085 0.0196795 0.0130711 0.0131168 0.0144885 0.0130945 0.0208556 0.016939 0.020456 0.01121 0.0121031 0.0154068 0.0106045 0.0104721 0.00966837 0.00917445 0.00875906 0.0130757 0.00915626 0.0132103 0.0135558 0.0129538 0.0118822 0.0100506 0.0117716 0.00963413 0.01182 0.010898 
0.00431775 0.00330413 0.018867 0 0.0032932 0.00326805 0.00379516 0.00664556 0.00597719 0.0792036 0.0111677 0.00957582 0.0237233 0.0105094 0.0105436 0.0106363 0.0123416 0.0099411 0.00935808 0.00981163 0.012417 0.00961657 0.0122186 0.00894698 0.0116711 0.0102008 0.0097862 0.00976719 0.014669 0.00899244 0.00961504 0.00951854 0.00890211 0.00853014 0.00836574 0.00872985 0.0109539 0.00909376 0.00830007 0.00869884 0.00957991 0.00846087 0.0114825 0.00912592 0.00873217 0.00837732 0.00927751 0.00953174 
0.00340114 0.0161015 0.00365518 0.0032932 0 0.00345305 0.00327353 0.0049269 0.03307 0.0135727 0.00854459 0.0144072 0.00920752 0.010724 0.0102711 0.0201217 0.0125077 0.0135259 0.0105039 0.00991147 0.00904886 0.0118696 0.00897302 0.0238999 0.00960619 0.0121073 0.0106271 0.0140173 0.00915074 0.00977113 0.0104514 0.00935718 0.00956322 0.0097803 0.00853357 0.00844218 0.00892471 0.00814067 0.00919633 0.00989809 0.0096368 0.0122746 0.00851573 0.00918638 0.00838873 0.0123151 0.00853808 0.00882799 
0.023837 0.00686214 0.00696572 0.00326805 0.00345305 0 0.00321679 0.0330348 0.0180474 0.0111323 0.013031 0.0163068 0.00955125 0.00957615 0.0220958 0.0113838 0.0155385 0.0117552 0.010799 0.0100278 0.00857232 0.00899054 0.0245892 0.00939982 0.0139526 0.0100944 0.0118771 0.0136468 0.00920602 0.00870696 0.0090052 0.0089592 0.01138 0.00908757 0.00868117 0.00890126 0.00823573 0.00897315 0.00866438 0.0096576 0.011489 0.0090348 0.0116296 0.00823191 0.00865191 0.00851073 0.0107993 0.00855149 
0.0242413 0.00568969 0.00427933 0.00379516 0.00327353 0.00321679 0 0.0217112 0.0134407 0.00650105 0.0178678 0.00962573 0.016985 0.0278423 0.00987307 0.0121919 0.0102145 0.0116483 0.0101933 0.00998864 0.00923967 0.0239063 0.00955618 0.013702 0.00955085 0.0107527 0.00962878 0.00980606 0.0120675 0.0147806 0.0157838 0.012681 0.00939802 0.00882178 0.00852696 0.00837032 0.00919418 0.0119791 0.00879936 0.0089608 0.00889728 0.00916436 0.0085785 0.00944309 0.00992214 0.00902643 0.00883348 0.0107046 
0.00952637 0.00672975 0.0269197 0.00664556 0.0049269 0.0330348 0.0217112 0 0.00323161 0.00319431 0.00495241 0.00668341 0.0448806 0.00864792 0.00891884 0.00972481 0.00881605 0.00909548 0.00945595 0.010449 0.0134303 0.00988282 0.0139912 0.00857829 0.0109168 0.00913169 0.00943737 0.0093675 0.0160034 0.00927112 0.0100173 0.0107613 0.009884 0.00865135 0.00851865 0.00897187 0.00973023 0.0104376 0.00838161 0.00928316 0.00946571 0.00851459 0.0100366 0.00904665 0.00885241 0.00847881 0.00933122 0.00988226 
0.00948138 0.0767251 0.00755983 0.00597719 0.03307 0.0180474 0.0134407 0.00323161 0 0.00320542 0.00452422 0.106549 0.00674858 0.00804955 0.0134044 0.00927234 0.0106818 0.0103022 0.0101925 0.0175443 0.00845018 0.0107584 0.0091422 0.0127475 0.00899545 0.0109963 0.00933707 0.0319587 0.00963261 0.0113524 0.011176 0.00938114 0.0101148 0.00887776 0.00856401 0.00900269 0.00908145 0.00836352 0.0118702 0.00918984 0.00902282 0.0116234 0.00907319 0.00926211 0.008369 0.00992255 0.00947949 0.00935915 
0.0440074 0.00873845 0.01115 0.0792036 0.0135727 0.0111323 0.00650105 0.00319431 0.00320542 0 0.097064 0.00709254 0.00523267 0.0223637 0.00904944 0.00951468 0.010838 0.0116789 0.0121166 0.0098429 0.00858603 0.0136712 0.0138279 0.00940119 0.0101437 0.00971879 0.0115937 0.00963247 0.012803 0.0113798 0.0119951 0.012129 0.010264 0.00895931 0.00894586 0.00863266 0.00862396 0.0163909 0.00877312 0.00963712 0.0108394 0.00931373 0.00994577 0.00861539 0.0115654 0.00879025 0.00981599 0.0094162 
0.0183568 0.0127651 0.21777 0.0111677 0.00854459 0.013031 0.0178678 0.00495241 0.00452422 0.097064 0 0.00327742 0.0037505 0.00701983 0.0102031 0.023219 0.0257889 0.00974055 0.00910861 0.0105818 0.021993 0.0149298 0.0121165 0.0107467 0.014915 0.0115033 0.0110863 0.0127287 0.0275388 0.0140464 0.0187158 0.0168055 0.0117748 0.0103972 0.00916867 0.0106029 0.0202668 0.0107233 0.00939339 0.0115698 0.0114457 0.0102786 0.0116427 0.0166406 0.0109513 0.00998835 0.0110174 0.019083 
0.014674 0.523076 0.0133679 0.00957582 0.0144072 0.0163068 0.00962573 0.00668341 0.106549 0.00709254 0.00327742 0 0.00325881 0.00895263 0.059972 0.0356364 0.0124123 0.0113527 0.00903101 0.0193709 0.00804857 0.00990713 0.0214402 0.0131496 0.0139617 0.0148409 0.0127864 0.0760702 0.0130093 0.0117429 0.0124523 0.0118714 0.026329 0.0108658 0.01071 0.0130092 0.00887824 0.00932747 0.0170192 0.0159975 0.0161212 0.0164194 0.0210096 0.00992298 0.00988212 0.0133578 0.0296221 0.0104056 
0.219434 0.0125827 0.0359542 0.0237233 0.00920752 0.00955125 0.016985 0.0448806 0.00674858 0.00523267 0.0037505 0.00325881 0 0.0327002 0.0238613 0.0137654 0.00850483 0.00878261 0.0100263 0.0080374 0.00730968 0.0218371 0.0106951 0.0119844 0.0124964 0.0117932 0.0200566 0.0160148 0.026334 0.0209508 0.0159841 0.0199024 0.0109189 0.010699 0.0106779 0.0094931 0.0102039 0.0175808 0.0101616 0.013266 0.0150105 0.0135915 0.0118057 0.0129623 0.0150734 0.0118084 0.0129535 0.0207119 
0.0165595 0.0142683 0.0300118 0.0105094 0.010724 0.00957615 0.0278423 0.00864792 0.00804955 0.0223637 0.00701983 0.00895263 0.0327002 0 0.00325828 0.00324573 0.00320885 0.00324728 0.00322531 0.00343359 0.0053303 0.00860589 0.00856839 0.00814753 0.00941208 0.0087148 0.00993569 0.0165741 0.944094 0.0130936 0.0206234 0.0218069 0.0143767 0.0102284 0.00935162 0.0105779 0.0215076 0.0107339 0.0107462 0.0118273 0.0121051 0.0115249 0.0122405 0.0241109 0.011368 0.0111814 0.0109 0.0215002 
0.0142739 0.0321914 0.0137974 0.0105436 0.0102711 0.0220958 0.00987307 0.00891884 0.0134044 0.00904944 0.0102031 0.059972 0.0238613 0.00325828 0 0.00325587 0.00322615 0.00326197 0.003249 0.0034289 0.00350109 0.00727974 0.00952619 0.00960229 0.00955939 0.0117772 0.0186272 0.955859 0.0166245 0.01009 0.0108037 0.0147609 0.0233905 0.0138841 0.0122869 0.0130356 0.0105855 0.0105583 0.018498 0.0208624 0.0244017 0.0221923 0.0235453 0.0550793 0.0113672 0.0143327 0.0283841 0.0104554 
0.0275557 0.0180845 0.0174907 0.0106363 0.0201217 0.0113838 0.0121919 0.00972481 0.00927234 0.00951468 0.023219 0.0356364 0.0137654 0.00324573 0.00325587 0 0.00324292 0.00321473 0.00318013 0.00323185 0.00324898 0.00701753 0.0102583 0.0108078 0.0160685 0.018713 0.956229 0.0227562 0.0128098 0.00926807 0.0103772 0.0164425 0.020128 0.0300176 0.0190849 0.0110555 0.0107949 0.0109339 0.0207947 0.0444396 0.0632436 0.0513808 0.0723028 0.0123265 0.0120843 0.0277848 0.0228866 0.0129165 
0.0146478 0.0256872 0.0168671 0.0123416 0.0125077 0.0155385 0.0102145 0.00881605 0.0106818 0.010838 0.0257889 0.0124123 0.00850483 0.00320885 0.00322615 0.00324292 0 0.00320011 0.00320706 0.00320102 0.00321382 0.00533782 0.00954446 0.010139 0.020763 0.975491 0.0173984 0.0146389 0.00826932 0.00848927 0.00917277 0.0138432 0.0336604 0.0291329 0.0217481 0.0134896 0.00931209 0.0114744 0.0188536 0.0613536 0.0968523 0.167782 0.023128 0.0110592 0.0136946 0.0234725 0.0331128 0.0109453 
0.0140397 0.0202515 0.0163133 0.0099411 0.0135259 0.0117552 0.0116483 0.00909548 0.0103022 0.0116789 0.00974055 0.0113527 0.00878261 0.00324728 0.00326197 0.00321473 0.00320011 0 0.00319419 0.00320562 0.00322829 0.00513374 0.0076331 0.0171802 0.973406 0.0258634 0.0139378 0.0133109 0.0083904 0.0110162 0.00923361 0.0127621 0.0236859 0.0314868 0.0230406 0.0111463 0.00968047 0.00985524 0.0210477 0.0491004 0.213168 0.0668721 0.0229805 0.0112103 0.0105772 0.0223451 0.0287516 0.0122501 
0.0113432 0.0139784 0.0162834 0.00935808 0.0105039 0.010799 0.0101933 0.00945595 0.0101925 0.0121166 0.00910861 0.00903101 0.0100263 0.00322531 0.003249 0.00318013 0.00320706 0.00319419 0 0.00318897 0.00319693 0.00449659 0.00890113 0.965435 0.0207747 0.00924484 0.0104419 0.0111297 0.00758919 0.00799655 0.00862984 0.0119984 0.017838 0.0189525 0.0127286 0.00971681 0.0089144 0.0111328 0.013789 0.0926552 0.0464564 0.0398644 0.0137462 0.00965745 0.0115769 0.0141706 0.0197496 0.00994588 
0.0120285 0.025188 0.0117336 0.00981163 0.00991147 0.0100278 0.00998864 0.010449 0.0175443 0.0098429 0.0105818 0.0193709 0.0080374 0.00343359 0.0034289 0.00323185 0.00320102 0.00320562 0.00318897 0 0.00329571 0.00744064 0.990105 0.0138356 0.00765745 0.0100784 0.00875983 0.00774118 0.00691857 0.00898148 0.0106681 0.0128824 0.0181868 0.0101311 0.0092736 0.00912058 0.00948203 0.0115835 0.0518575 0.0153035 0.0147464 0.0125321 0.0117604 0.00931054 0.0101335 0.0114283 0.0124408 0.00971411 
0.0234889 0.010863 0.00964085 0.012417 0.00904886 0.00857232 0.00923967 0.0134303 0.00845018 0.00858603 0.021993 0.00804857 0.00730968 0.0053303 0.00350109 0.00324898 0.00321382 0.00322829 0.00319693 0.00329571 0 0.985587 0.012437 0.0089831 0.00709302 0.00599516 0.0051634 0.00608376 0.00605211 0.00919709 0.0119791 0.0207826 0.0101094 0.0085403 0.00861728 0.00833035 0.00867586 0.0409944 0.0107765 0.00983376 0.00934925 0.00984538 0.00911763 0.00898784 0.0117537 0.00945774 0.00914099 0.00881368 
0.0146602 0.0125252 0.0196795 0.00961657 0.0118696 0.00899054 0.0239063 0.00988282 0.0107584 0.0136712 0.0149298 0.00990713 0.0218371 0.00860589 0.00727974 0.00701753 0.00533782 0.00513374 0.00449659 0.00744064 0.985587 0 0.0032367 0.00328271 0.00322731 0.00324671 0.00329518 0.00338429 0.00453677 0.0120636 0.0138194 0.0330057 0.0115381 0.0105369 0.00923886 0.0100158 0.0416693 0.0111068 0.0116171 0.011207 0.011246 0.012705 0.0100846 0.0575954 0.0112819 0.0129961 0.0103291 0.0329861 
0.012965 0.0217436 0.0130711 0.0122186 0.00897302 0.0245892 0.00955618 0.0139912 0.0091422 0.0138279 0.0121165 0.0214402 0.0106951 0.00856839 0.00952619 0.0102583 0.00954446 0.0076331 0.00890113 0.990105 0.012437 0.0032367 0 0.00323438 0.00323708 0.00325056 0.00327401 0.00328561 0.00362398 0.00659369 0.00815068 0.0138352 0.02338 0.0103826 0.0107604 0.0185385 0.0103719 0.0141827 0.0113165 0.0206893 0.0250828 0.0116488 0.0604753 0.0104373 0.0128781 0.0106559 0.0432994 0.0106821 
0.0125482 0.0154513 0.0131168 0.00894698 0.0238999 0.00939982 0.013702 0.00857829 0.0127475 0.00940119 0.0107467 0.0131496 0.0119844 0.00814753 0.00960229 0.0108078 0.010139 0.0171802 0.965435 0.0138356 0.0089831 0.00328271 0.00323438 0 0.00323908 0.00327772 0.00327265 0.00334575 0.00329405 0.00629642 0.00769213 0.0128731 0.0124385 0.0205038 0.0138989 0.0111227 0.0136461 0.00907811 0.0221215 0.0258249 0.0231884 0.0870914 0.0161973 0.0183562 0.00958818 0.0375209 0.0173338 0.0153469 
0.0125054 0.0142211 0.0144885 0.0116711 0.00960619 0.0139526 0.00955085 0.0109168 0.00899545 0.0101437 0.014915 0.0139617 0.0124964 0.00941208 0.00955939 0.0160685 0.020763 0.973406 0.0207747 0.00765745 0.00709302 0.00322731 0.00323708 0.00323908 0 0.00322625 0.00320975 0.00324121 0.00323605 0.00571568 0.00687643 0.0136897 0.0199129 0.019625 0.0163021 0.0169614 0.00970752 0.0115863 0.0130339 0.0332961 0.0748745 0.03847 0.023566 0.0100313 0.0150716 0.0129359 0.0340334 0.0115052 
0.0132455 0.0156402 0.0130945 0.0102008 0.0121073 0.0100944 0.0107527 0.00913169 0.0109963 0.00971879 0.0115033 0.0148409 0.0117932 0.0087148 0.0117772 0.018713 0.975491 0.0258634 0.00924484 0.0100784 0.00599516 0.00324671 0.00325056 0.00327772 0.00322625 0 0.00319614 0.00320474 0.00321181 0.0050555 0.00646263 0.0138283 0.0277684 0.0217799 0.0263544 0.0140716 0.00928238 0.0101464 0.0128876 0.0465633 0.0616471 0.0463958 0.0154025 0.0102589 0.0115905 0.0199893 0.0191402 0.0110331 
0.0116398 0.0165348 0.0208556 0.0097862 0.0106271 0.0118771 0.00962878 0.00943737 0.00933707 0.0115937 0.0110863 0.0127864 0.0200566 0.00993569 0.0186272 0.956229 0.0173984 0.0139378 0.0104419 0.00875983 0.0051634 0.00329518 0.00327401 0.00327265 0.00320975 0.00319614 0 0.00321105 0.00323578 0.00414867 0.00676522 0.0137882 0.0211281 0.0407478 0.0214675 0.0111306 0.00928616 0.00966235 0.0297507 0.0426456 0.0467772 0.0407853 0.0132599 0.0107403 0.011939 0.0143265 0.0258896 0.0114452 
0.0142343 0.0612335 0.016939 0.00976719 0.0140173 0.0136468 0.00980606 0.0093675 0.0319587 0.00963247 0.0127287 0.0760702 0.0160148 0.0165741 0.955859 0.0227562 0.0146389 0.0133109 0.0111297 0.00774118 0.00608376 0.00338429 0.00328561 0.00334575 0.00324121 0.00320474 0.00321105 0 0.00319575 0.00506443 0.00953311 0.0135213 0.060349 0.0154842 0.0144679 0.0152921 0.00966735 0.0184043 0.0284665 0.0324329 0.026053 0.0237336 0.030236 0.0123296 0.0108405 0.0202376 0.0499399 0.0139871 
0.0260655 0.0133664 0.020456 0.014669 0.00915074 0.00920602 0.0120675 0.0160034 0.00963261 0.012803 0.0275388 0.0130093 0.026334 0.944094 0.0166245 0.0128098 0.00826932 0.0083904 0.00758919 0.00691857 0.00605211 0.00453677 0.00362398 0.00329405 0.00323605 0.00321181 0.00323578 0.00319575 0 0.0298365 0.0110261 0.0445058 0.0190488 0.0143449 0.0101427 0.00929325 0.0120658 0.0286521 0.0108168 0.0134128 0.0145824 0.011934 0.0151362 0.0133642 0.0166224 0.0106334 0.015402 0.0190439 
0.0103004 0.00989691 0.01121 0.00899244 0.00977113 0.00870696 0.0147806 0.00927112 0.0113524 0.0113798 0.0140464 0.0117429 0.0209508 0.0130936 0.01009 0.00926807 0.00848927 0.0110162 0.00799655 0.00898148 0.00919709 0.0120636 0.00659369 0.00629642 0.00571568 0.0050555 0.00414867 0.00506443 0.0298365 0 0.888014 0.0127758 0.0102778 0.00881595 0.00673717 0.00733799 0.0215799 0.0100596 0.0102148 0.0086247 0.00855689 0.00922016 0.00937406 0.020123 0.0106675 0.0118809 0.00964653 0.0194806 
0.0118056 0.0109593 0.0121031 0.00961504 0.0104514 0.0090052 0.0157838 0.0100173 0.011176 0.0119951 0.0187158 0.0124523 0.0159841 0.0206234 0.0108037 0.0103772 0.00917277 0.00923361 0.00862984 0.0106681 0.0119791 0.0138194 0.00815068 0.00769213 0.00687643 0.00646263 0.00676522 0.00953311 0.0110261 0.888014 0 0.0176776 0.00899387 0.00603538 0.0061731 0.00672797 0.0143829 0.0103884 0.00970133 0.0090534 0.00843508 0.00878144 0.0107518 0.0493496 0.0124373 0.0130113 0.010429 0.0200636 
0.0104504 0.0119168 0.0154068 0.00951854 0.00935718 0.0089592 0.012681 0.0107613 0.00938114 0.012129 0.0168055 0.0118714 0.0199024 0.0218069 0.0147609 0.0164425 0.0138432 0.0127621 0.0119984 0.0128824 0.0207826 0.0330057 0.0138352 0.0128731 0.0136897 0.0138283 0.0137882 0.0135213 0.0445058 0.0127758 0.0176776 0 0.00322994 0.00319239 0.00325667 0.00332239 0.00572697 0.0116202 0.00682969 0.00674801 0.00861491 0.0482394 0.0909182 0.233761 0.0117286 0.0145293 0.0130946 0.0321899 
0.0101756 0.0221629 0.0106045 0.00890211 0.00956322 0.01138 0.00939802 0.009884 0.0101148 0.010264 0.0117748 0.026329 0.0109189 0.0143767 0.0233905 0.020128 0.0336604 0.0236859 0.017838 0.0181868 0.0101094 0.0115381 0.02338 0.0124385 0.0199129 0.0277684 0.0211281 0.060349 0.0190488 0.0102778 0.00899387 0.00322994 0 0.00319627 0.00321144 0.0032331 0.00326621 0.00664671 0.00757274 0.0134814 0.0568547 0.0921206 0.257757 0.0108134 0.00877766 0.0132325 0.104418 0.0132027 
0.009667 0.0113698 0.0104721 0.00853014 0.0097803 0.00908757 0.00882178 0.00865135 0.00887776 0.00895931 0.0103972 0.0108658 0.010699 0.0102284 0.0138841 0.0300176 0.0291329 0.0314868 0.0189525 0.0101311 0.0085403 0.0105369 0.0103826 0.0205038 0.019625 0.0217799 0.0407478 0.0154842 0.0143449 0.00881595 0.00603538 0.00319239 0.00319627 0 0.0032229 0.00320473 0.00339614 0.00734486 0.00979655 0.0657808 0.0658768 0.278761 0.00780982 0.010164 0.00843841 0.0199725 0.0137109 0.019058 
0.00879569 0.00934167 0.00966837 0.00836574 0.00853357 0.00868117 0.00852696 0.00851865 0.00856401 0.00894586 0.00916867 0.01071 0.0106779 0.00935162 0.0122869 0.0190849 0.0217481 0.0230406 0.0127286 0.0092736 0.00861728 0.00923886 0.0107604 0.0138989 0.0163021 0.0263544 0.0214675 0.0144679 0.0101427 0.00673717 0.0061731 0.00325667 0.00321144 0.0032229 0 0.00335994 0.00325071 0.00852421 0.0421091 0.042391 0.720947 0.00748852 0.00703213 0.0083631 0.00773672 0.00972837 0.0119278 0.009847 
0.00905776 0.010205 0.00917445 0.00872985 0.00844218 0.00890126 0.00837032 0.00897187 0.00900269 0.00863266 0.0106029 0.0130092 0.0094931 0.0105779 0.0130356 0.0110555 0.0134896 0.0111463 0.00971681 0.00912058 0.00833035 0.0100158 0.0185385 0.0111227 0.0169614 0.0140716 0.0111306 0.0152921 0.00929325 0.00733799 0.00672797 0.00332239 0.0032331 0.00320473 0.00335994 0 0.00325828 0.032377 0.039148 0.720167 0.00568478 0.00692313 0.00563976 0.00594901 0.00834778 0.00895926 0.0140619 0.00921022 
0.0130575 0.00883547 0.00875906 0.0109539 0.00892471 0.00823573 0.00919418 0.00973023 0.00908145 0.00862396 0.0202668 0.00887824 0.0102039 0.0215076 0.0105855 0.0107949 0.00931209 0.00968047 0.0089144 0.00948203 0.00867586 0.0416693 0.0103719 0.0136461 0.00970752 0.00928238 0.00928616 0.00966735 0.0120658 0.0215799 0.0143829 0.00572697 0.00326621 0.00339614 0.00325071 0.00325828 0 0.0495692 0.671946 0.00402805 0.00538712 0.00502346 0.0052549 0.00694223 0.0104372 0.0114766 0.00876777 0.0147779 
0.00893942 0.00917083 0.0130757 0.00909376 0.00814067 0.00897315 0.0119791 0.0104376 0.00836352 0.0163909 0.0107233 0.00932747 0.0175808 0.0107339 0.0105583 0.0109339 0.0114744 0.00985524 0.0111328 0.0115835 0.0409944 0.0111068 0.0141827 0.00907811 0.0115863 0.0101464 0.00966235 0.0184043 0.0286521 0.0100596 0.0103884 0.0116202 0.00664671 0.00734486 0.00852421 0.032377 0.0495692 0 0.00330604 0.00326121 0.00321015 0.00325872 0.00419419 0.00429921 0.00607595 0.00628776 0.015365 0.0241674 
0.00916346 0.0122692 0.00915626 0.00830007 0.00919633 0.00866438 0.00879936 0.00838161 0.0118702 0.00877312 0.00939339 0.0170192 0.0101616 0.0107462 0.018498 0.0207947 0.0188536 0.0210477 0.013789 0.0518575 0.0107765 0.0116171 0.0113165 0.0221215 0.0130339 0.0128876 0.0297507 0.0284665 0.0108168 0.0102148 0.00970133 0.00682969 0.00757274 0.00979655 0.0421091 0.039148 0.671946 0.00330604 0 0.0032557 0.00321582 0.00323979 0.0032667 0.00330266 0.00523445 0.00824712 0.01116 0.01328 
0.0113973 0.0120713 0.0132103 0.00869884 0.00989809 0.0096576 0.0089608 0.00928316 0.00918984 0.00963712 0.0115698 0.0159975 0.013266 0.0118273 0.0208624 0.0444396 0.0613536 0.0491004 0.0926552 0.0153035 0.00983376 0.011207 0.0206893 0.0258249 0.0332961 0.0465633 0.0426456 0.0324329 0.0134128 0.0086247 0.0090534 0.00674801 0.0134814 0.0657808 0.042391 0.720167 0.00402805 0.00326121 0.0032557 0 0.00322337 0.00323122 0.00322703 0.00326719 0.00501775 0.00831137 0.0156642 0.0129966 
0.0109957 0.0153917 0.0135558 0.00957991 0.0096368 0.011489 0.00889728 0.00946571 0.00902282 0.0108394 0.0114457 0.0161212 0.0150105 0.0121051 0.0244017 0.0632436 0.0968523 0.213168 0.0464564 0.0147464 0.00934925 0.011246 0.0250828 0.0231884 0.0748745 0.0616471 0.0467772 0.026053 0.0145824 0.00855689 0.00843508 0.00861491 0.0568547 0.0658768 0.720947 0.00568478 0.00538712 0.00321015 0.00321582 0.00322337 0 0.0032097 0.00320636 0.00320227 0.0042965 0.00767921 0.0276318 0.0144346 
0.0109912 0.0122991 0.0129538 0.00846087 0.0122746 0.0090348 0.00916436 0.00851459 0.0116234 0.00931373 0.0102786 0.0164194 0.0135915 0.0115249 0.0221923 0.0513808 0.167782 0.0668721 0.0398644 0.0125321 0.00984538 0.012705 0.0116488 0.0870914 0.03847 0.0463958 0.0407853 0.0237336 0.011934 0.00922016 0.00878144 0.0482394 0.0921206 0.278761 0.00748852 0.00692313 0.00502346 0.00325872 0.00323979 0.00323122 0.0032097 0 0.00322934 0.00320624 0.00488145 0.0132599 0.0106372 0.0239098 
0.0107032 0.0163734 0.0118822 0.0114825 0.00851573 0.0116296 0.0085785 0.0100366 0.00907319 0.00994577 0.0116427 0.0210096 0.0118057 0.0122405 0.0235453 0.0723028 0.023128 0.0229805 0.0137462 0.0117604 0.00911763 0.0100846 0.0604753 0.0161973 0.023566 0.0154025 0.0132599 0.030236 0.0151362 0.00937406 0.0107518 0.0909182 0.257757 0.00780982 0.00703213 0.00563976 0.0052549 0.00419419 0.0032667 0.00322703 0.00320636 0.00322934 0 0.00319711 0.0067284 0.0100404 0.043148 0.00971618 
0.0122096 0.00911115 0.0100506 0.00912592 0.00918638 0.00823191 0.00944309 0.00904665 0.00926211 0.00861539 0.0166406 0.00992298 0.0129623 0.0241109 0.0550793 0.0123265 0.0110592 0.0112103 0.00965745 0.00931054 0.00898784 0.0575954 0.0104373 0.0183562 0.0100313 0.0102589 0.0107403 0.0123296 0.0133642 0.020123 0.0493496 0.233761 0.0108134 0.010164 0.0083631 0.00594901 0.00694223 0.00429921 0.00330266 0.00326719 0.00320227 0.00320624 0.00319711 0 0.00976123 0.0166137 0.00771701 0.0222356 
0.00919482 0.00895415 0.0117716 0.00873217 0.00838873 0.00865191 0.00992214 0.00885241 0.008369 0.0115654 0.0109513 0.00988212 0.0150734 0.011368 0.0113672 0.0120843 0.0136946 0.0105772 0.0115769 0.0101335 0.0117537 0.0112819 0.0128781 0.00958818 0.0150716 0.0115905 0.011939 0.0108405 0.0166224 0.0106675 0.0124373 0.0117286 0.00877766 0.00843841 0.00773672 0.00834778 0.0104372 0.00607595 0.00523445 0.00501775 0.0042965 0.00488145 0.0067284 0.00976123 0 0.00320652 0.00322437 0.00337322 
0.00907222 0.0131925 0.00963413 0.00837732 0.0123151 0.00851073 0.00902643 0.00847881 0.00992255 0.00879025 0.00998835 0.0133578 0.0118084 0.0111814 0.0143327 0.0277848 0.0234725 0.0223451 0.0141706 0.0114283 0.00945774 0.0129961 0.0106559 0.0375209 0.0129359 0.0199893 0.0143265 0.0202376 0.0106334 0.0118809 0.0130113 0.0145293 0.0132325 0.0199725 0.00972837 0.00895926 0.0114766 0.00628776 0.00824712 0.00831137 0.00767921 0.0132599 0.0100404 0.0166137 0.00320652 0 0.00325462 0.00336507 
0.0100146 0.013229 0.01182 0.00927751 0.00853808 0.0107993 0.00883348 0.00933122 0.00947949 0.00981599 0.0110174 0.0296221 0.0129535 0.0109 0.0283841 0.0228866 0.0331128 0.0287516 0.0197496 0.0124408 0.00914099 0.0103291 0.0432994 0.0173338 0.0340334 0.0191402 0.0258896 0.0499399 0.015402 0.00964653 0.010429 0.0130946 0.104418 0.0137109 0.0119278 0.0140619 0.00876777 0.015365 0.01116 0.0156642 0.0276318 0.0106372 0.043148 0.00771701 0.00322437 0.00325462 0 0.00331734 
0.0127527 0.0100248 0.010898 0.00953174 0.00882799 0.00855149 0.0107046 0.00988226 0.00935915 0.0094162 0.019083 0.0104056 0.0207119 0.0215002 0.0104554 0.0129165 0.0109453 0.0122501 0.00994588 0.00971411 0.00881368 0.0329861 0.0106821 0.0153469 0.0115052 0.0110331 0.0114452 0.0139871 0.0190439 0.0194806 0.0200636 0.0321899 0.0132027 0.019058 0.009847 0.00921022 0.0147779 0.0241674 0.01328 0.0129966 0.0144346 0.0239098 0.00971618 0.0222356 0.00337322 0.00336507 0.00331734 0 
