1L9WA
MKTVTVKNLIIGEGMPKIIVSLMGRDINSVKAEALAYREATFDILEWRVDHFMDIASTQSVLTAARVIRDAMPDIPLLFTFRSAKEGGEQTITTQHYLTLNRAAIDSGLVDMIDLELFTGDADVKATVDYAHAHNVYVVMSNHDFHQTPSAEEMVSRLRKMQALGADIPKIAVMPQSKHDVLTLLTATLEMQQHYADRPVITMSMAKEGVISRLAGEVFGSAATFGAVKQASAPGQIAVNDLRSVLMILHNA
CCCEEECCEEECCCCCEEEEEECCCCHHHHHHHHHHHCCCCCCEEEEEHHHCCCCCCHHHHHHHHHHHHHHCCCCCEEEECCCHHHCCCCCCCHHHHHHHHHHHHHCCCCCEEEEEHHHCHHHHHHHHHHHHCCCCEEEEEEEECCCCCCHHHHHHHHHHHHHCCCCEEEEEECCCCHHHHHHHHHHHHHHHHHCCCCCCEEEECHHHHHHHHHCHHHHCCCEEEEECCCCCCCCCCEHHHHHHHHHHHHHC
0 0 0 0 0 0 0 0 0 0 0 0 0 0 0 0 0 0 0 0 0 0 0 0 0 0 0 0 0 0 0 0 0 0 0 0 0 0 0 0 0 0 0 0 0 0 0 0 0 0 0 0 0 0 0 0 0 0 0 0 0 0 0 0 0 0 0 0 0 0 0 0 0 0 0 0 0 0 0 0 0 0 0 0 0 0 0 0 0 0 0 0 0 0 0 0 0 0 0 0 0 0 0 0 0 0 0 0 0 0 0 0 0 0 0 0 0 0 0 0 0 0 0 0 0 0 0 0 0 0 0 0 0 0 0 0 0 0 0 0 0 0 0 0 0 0 0 0 0 0 0 0 0 0 0 0 0 0 0 0 0 0 0 0 0 0 0 0 0 0 0 0 0 0 0 0 0 0 0 0 0 0 0 0 0 0 0 0 0 0 0 0 0 0 0 0 0 0 0 0 0 0 0 0 0 0 0 0 0 0 0 0 0 0 0 0 0 0 0 0 0 0 0 0 0 0 0 0 0 0 0 0 0 0 0 0 0 0 0 0 0 0 0 0 0 0 0 0 0 0 0 0 
0 0 0 0 0 0 0 0 0 0 0 0 0 0 0 0 0 0 0 0 0 0 0 0 0 0 0 0 0 0 0 0 0 0 0 0 0 0 0 0 0 0 0 0 0 0 0 0 0 0 0 0 0 0 0 0 0 0 0 0 0 0 0 0 0 0 0 0 0 0 0 0 0 0 0 0 0 0 0 0 0 0 0 0 0 0 0 0 0 0 0 0 0 0 0 0 0 0 0 0 0 0 0 0 0 0 0 0 0 0 0 0 0 0 0 0 0 0 0 0 0 0 0 0 0 0 0 0 0 0 0 0 0 0 0 0 0 0 0 0 0 0 0 0 0 0 0 0 0 0 0 0 0 0 0 0 0 0 0 0 0 0 0 0 0 0 0 0 0 0 0 0 0 0 0 0 0 0 0 0 0 0 0 0 0 0 0 0 0 0 0 0 0 0 0 0 0 0 0 0 0 0 0 0 0 0 0 0 0 0 0 0 0 0 0 0 0 0 0 0 0 0 0 0 0 0 0 0 0 0 0 0 0 0 0 0 0 0 0 0 0 0 0 0 0 0 0 0 0 0 0 0 
0 0.00362295 0.00761888 0.0079083 0.0112316 0.913142 0.0132085 0.0162405 0.0162823 0.0162389 0.0124412 0.0689307 0.0293011 0.0155614 0.0111049 0.016603 0.0164236 0.0155792 0.00928553 0.011666 0.0141589 0.0102182 0.00920061 0.00859238 0.00988231 0.0101979 0.00919959 0.00880401 0.00878294 0.0087187 0.00834942 0.00839353 0.00834763 0.00863127 0.00858285 0.00826829 0.00854366 0.00899735 0.00862234 0.00992848 0.00865599 0.00845672 0.00829426 0.00873587 0.00863536 0.0084559 0.0085133 0.00850797 0.00905083 0.00896308 
0.00362295 0 0.003316 0.00685454 0.975234 0.00663653 0.0128486 0.014502 0.011903 0.0118083 0.0725906 0.0121819 0.0119953 0.0155926 0.0190109 0.0114281 0.0113272 0.0106879 0.0461962 0.0116853 0.0107927 0.00938253 0.00867335 0.00901721 0.00896695 0.00905954 0.00967607 0.00862979 0.00870932 0.00847181 0.00847539 0.00822283 0.00829616 0.00808967 0.00823777 0.00837062 0.00841103 0.00875506 0.00853569 0.00833461 0.00817478 0.00855072 0.00831041 0.00821644 0.00828823 0.00841973 0.00830872 0.00841416 0.00821015 0.0090903 
0.00761888 0.003316 0 0.98236 0.00428027 0.00804397 0.0149583 0.0132344 0.0126615 0.033251 0.0117421 0.0286373 0.0264315 0.0154281 0.0100408 0.0126354 0.0108828 0.0286979 0.0109106 0.0117417 0.0130888 0.0124221 0.00961643 0.00844581 0.00940399 0.0094842 0.011355 0.00916204 0.00866 0.00885556 0.0083813 0.00833542 0.00817165 0.00841896 0.00928777 0.00874283 0.00835189 0.00868012 0.00847202 0.00885426 0.0090953 0.0083833 0.00813925 0.00820932 0.00913173 0.00832521 0.00821731 0.00816308 0.00829456 0.00845679 
0.0079083 0.00685454 0.98236 0 0.00338917 0.00592982 0.00665486 0.0218587 0.047223 0.0256317 0.010367 0.0222884 0.0305453 0.0144233 0.0101885 0.0160677 0.0165714 0.0228894 0.0111757 0.0126914 0.0164283 0.0114552 0.00964169 0.00862623 0.0103803 0.0109085 0.00925255 0.00899065 0.00881336 0.00876803 0.00841442 0.00850081 0.00836308 0.00865847 0.00852291 0.00845734 0.00856026 0.00911239 0.00858127 0.00945643 0.0089219 0.0084252 0.00831737 0.00869549 0.00857862 0.00840301 0.00839565 0.00843734 0.00886214 0.00899945 
0.0112316 0.975234 0.00428027 0.00338917 0 0.00336087 0.0141326 0.0383061 0.0215905 0.00753829 0.0331161 0.00806151 0.0117344 0.0125186 0.0178211 0.011502 0.0119823 0.0101451 0.0225689 0.0113101 0.0112702 0.00903692 0.00866461 0.00911687 0.00873111 0.00898095 0.00905657 0.00857808 0.00862997 0.00840677 0.00833134 0.00827298 0.00823271 0.00806034 0.00818704 0.00823 0.00841197 0.00836993 0.00849097 0.00827651 0.00807589 0.00842652 0.0081962 0.00818245 0.00817891 0.00834342 0.00829952 0.00826064 0.00815399 0.00873655 
0.913142 0.00663653 0.00804397 0.00592982 0.00336087 0 0.0548357 0.0266717 0.00676092 0.0107007 0.00738302 0.0165143 0.023468 0.0139714 0.0097481 0.0127431 0.0109028 0.0274467 0.010237 0.0125197 0.013834 0.013482 0.00965551 0.00846184 0.00950435 0.00940502 0.011657 0.00899435 0.00893286 0.00887788 0.00837046 0.00831723 0.00829014 0.00832754 0.00920453 0.00862635 0.00834596 0.00871191 0.00843787 0.00890417 0.00904695 0.00831013 0.00814075 0.00820086 0.00899825 0.00831551 0.00823916 0.0082283 0.00824022 0.00846903 
0.0132085 0.0128486 0.0149583 0.00665486 0.0141326 0.0548357 0 0.00331439 0.00327261 0.00329498 0.00333321 0.00397765 0.145168 0.0152995 0.0146121 0.0123265 0.0336159 0.0266314 0.0160528 0.0126062 0.0301556 0.0165358 0.00961302 0.0101869 0.00993398 0.0162302 0.00984217 0.00936605 0.00943964 0.00905564 0.00892284 0.00887921 0.00856794 0.00879635 0.00878962 0.0084636 0.00893285 0.00885785 0.00899983 0.00982099 0.00866906 0.00836129 0.00839491 0.00871896 0.00847451 0.00823765 0.00827787 0.0082781 0.00861709 0.00924357 
0.0162405 0.014502 0.0132344 0.0218587 0.0383061 0.0266717 0.00331439 0 0.00328321 0.00326148 0.00335086 0.00332134 0.11486 0.164389 0.0213326 0.0437392 0.0114221 0.0532327 0.0443582 0.0420527 0.0128356 0.0185181 0.0302787 0.0151287 0.0231565 0.00956401 0.01019 0.0158807 0.0141607 0.0144051 0.0109904 0.0102588 0.00910216 0.00838698 0.00921815 0.00957074 0.0105166 0.0114901 0.0101155 0.00914307 0.00871927 0.00914321 0.00873572 0.00844361 0.00842681 0.00881751 0.00942744 0.00868382 0.00841875 0.00831417 
0.0162823 0.011903 0.0126615 0.047223 0.0215905 0.00676092 0.00327261 0.00328321 0 0.00325785 0.00324327 0.00323749 0.33363 0.0473441 0.259334 0.0175192 0.0148256 0.0301756 0.102906 0.0369644 0.020329 0.0172734 0.0246955 0.0590278 0.0184646 0.01079 0.0104576 0.0164646 0.032717 0.0212053 0.0180733 0.0125904 0.00932988 0.00862435 0.00915856 0.0102117 0.0147591 0.0144076 0.011927 0.0095284 0.00925262 0.00930411 0.00898534 0.00855238 0.00848551 0.00891477 0.00944091 0.00864492 0.00846241 0.00825692 
0.0162389 0.0118083 0.033251 0.0256317 0.00753829 0.0107007 0.00329498 0.00326148 0.00325785 0 0.00323914 0.0032249 0.0319704 0.482336 0.0482006 0.0646428 0.0104092 0.0281273 0.0424189 0.0729537 0.0124701 0.0134133 0.035197 0.0243716 0.0248802 0.0096252 0.0096219 0.0185068 0.0252906 0.0220196 0.0143339 0.0128252 0.00909893 0.00861444 0.0090165 0.0098426 0.0116369 0.0139162 0.0108739 0.00970832 0.00895539 0.00909799 0.00895871 0.00863148 0.00844009 0.00879934 0.00903824 0.00858154 0.00833931 0.00819269 
0.0124412 0.0725906 0.0117421 0.010367 0.0331161 0.00738302 0.00333321 0.00335086 0.00324327 0.00323914 0 0.00322254 0.0392969 0.0228382 0.478213 0.0448088 0.0412704 0.016471 0.064871 0.0639674 0.0244329 0.013583 0.0159299 0.0301865 0.0148408 0.0115462 0.00981315 0.0124812 0.0165812 0.0154305 0.0122219 0.0105074 0.00922128 0.00838284 0.0087194 0.00915828 0.0106244 0.0103035 0.0100573 0.00902529 0.00861368 0.00887871 0.00866238 0.00837542 0.00834812 0.00846169 0.00866639 0.0084191 0.0082011 0.00811486 
0.0689307 0.0121819 0.0286373 0.0222884 0.00806151 0.0165143 0.00397765 0.00332134 0.00323749 0.0032249 0.00322254 0 0.0170006 0.042613 0.0216517 0.319892 0.0472765 0.0353613 0.0130306 0.0338313 0.0368473 0.0182314 0.0108682 0.0101429 0.0147744 0.0118706 0.0117215 0.0101073 0.0114146 0.0110872 0.00974553 0.00886425 0.00862581 0.00888372 0.00982577 0.00860564 0.00898264 0.00949708 0.00883797 0.0118742 0.00892265 0.00854511 0.00850243 0.00878566 0.00852213 0.00824821 0.00849992 0.00822267 0.00827781 0.00830742 
0.0293011 0.0119953 0.0264315 0.0305453 0.0117344 0.023468 0.145168 0.11486 0.33363 0.0319704 0.0392969 0.0170006 0 0.00336922 0.00323615 0.00328088 0.0036313 0.134472 0.0319415 0.0162992 0.0317663 0.0218685 0.0171235 0.0113918 0.0121579 0.0241873 0.0126748 0.0123395 0.0120559 0.0106589 0.00995489 0.00937343 0.00900795 0.0092664 0.00918399 0.00930823 0.0096914 0.010942 0.00996292 0.010611 0.00909729 0.00858008 0.00864538 0.00901446 0.00885201 0.00831491 0.00851459 0.00841284 0.00876163 0.00888693 
0.0155614 0.0155926 0.0154281 0.0144233 0.0125186 0.0139714 0.0152995 0.164389 0.0473441 0.482336 0.0228382 0.042613 0.00336922 0 0.00320693 0.00323545 0.00322141 0.43683 0.0431257 0.0831843 0.0124915 0.0160046 0.032821 0.0136446 0.0317499 0.00962245 0.00952404 0.0228339 0.0173517 0.0208022 0.0108836 0.0109676 0.00958415 0.00848333 0.00882591 0.00971782 0.0103454 0.0125653 0.0105514 0.00929826 0.00849433 0.00887481 0.0087757 0.00839001 0.00845218 0.00863687 0.00906726 0.00862814 0.00832618 0.00831595 
0.0111049 0.0190109 0.0100408 0.0101885 0.0178211 0.0097481 0.0146121 0.0213326 0.259334 0.0482006 0.478213 0.0216517 0.00323615 0.00320693 0 0.00320639 0.00322149 0.0260868 0.591265 0.030209 0.0362221 0.0141099 0.0173416 0.146505 0.0122237 0.0189468 0.0101269 0.0151287 0.0559598 0.0225418 0.0287484 0.0154647 0.00988292 0.00880795 0.00893808 0.00961451 0.0198456 0.0134246 0.0140777 0.0094988 0.00906989 0.00965358 0.0092133 0.00866835 0.00858181 0.00900559 0.00902623 0.00875129 0.00835301 0.00821545 
0.016603 0.0114281 0.0126354 0.0160677 0.011502 0.0127431 0.0123265 0.0437392 0.0175192 0.0646428 0.0448088 0.319892 0.00328088 0.00323545 0.00320639 0 0.00321792 0.053873 0.0321959 0.624121 0.0178656 0.0143097 0.0413239 0.0103375 0.0436092 0.0104899 0.0114812 0.0201075 0.014722 0.0173631 0.0108868 0.0127154 0.00956566 0.00853461 0.00980478 0.0122173 0.00983011 0.0150314 0.00963901 0.0109065 0.0102364 0.00868148 0.0104447 0.00959557 0.0088011 0.00833322 0.00889688 0.00847673 0.00831795 0.00815329 
0.0164236 0.0113272 0.0108828 0.0165714 0.0119823 0.0109028 0.0336159 0.0114221 0.0148256 0.0104092 0.0412704 0.0472765 0.0036313 0.00322141 0.00322149 0.00321792 0 0.0178932 0.0248737 0.0402313 0.471519 0.027974 0.0101027 0.0141514 0.0098303 0.0221542 0.0174516 0.00964502 0.0104084 0.00948118 0.0103511 0.00913921 0.00880717 0.00897018 0.009829 0.00872605 0.00942992 0.00963095 0.00927643 0.00991324 0.00919723 0.00914969 0.00861128 0.0095005 0.00936034 0.00843918 0.00834246 0.00828518 0.00836983 0.00926474 
0.0155792 0.0106879 0.0286979 0.0228894 0.0101451 0.0274467 0.0266314 0.0532327 0.0301756 0.0281273 0.016471 0.0353613 0.134472 0.43683 0.0260868 0.053873 0.0178932 0 0.00337731 0.00330593 0.0035426 0.276859 0.0936723 0.0141128 0.0297322 0.0391056 0.0349883 0.0345705 0.0207586 0.0195132 0.0127776 0.0111483 0.0110671 0.0126516 0.0150133 0.0147973 0.0127305 0.0185976 0.0141085 0.0217391 0.0112974 0.00954326 0.0100286 0.0112 0.00942189 0.00872622 0.00904282 0.00895663 0.0093994 0.0100611 
0.00928553 0.0461962 0.0109106 0.0111757 0.0225689 0.010237 0.0160528 0.0443582 0.102906 0.0424189 0.064871 0.0130306 0.0319415 0.0431257 0.591265 0.0321959 0.0248737 0.00337731 0 0.00350107 0.00324266 0.304464 0.131936 0.172249 0.0259539 0.0163389 0.0145642 0.0535936 0.0729685 0.0346468 0.0283514 0.0172935 0.0156679 0.00908844 0.0117766 0.0141123 0.0309219 0.0224957 0.0331219 0.011435 0.00973008 0.0121378 0.0111486 0.00935464 0.00875489 0.00945363 0.00994548 0.00963694 0.00844858 0.00840444 
0.011666 0.0116853 0.0117417 0.0126914 0.0113101 0.0125197 0.0126062 0.0420527 0.0369644 0.0729537 0.0639674 0.0338313 0.0162992 0.0831843 0.030209 0.624121 0.0402313 0.00330593 0.00350107 0 0.00346775 0.0332791 0.279805 0.0730406 0.286815 0.0157236 0.0145326 0.0461786 0.0405258 0.0430158 0.021089 0.0292937 0.017191 0.00954088 0.0111497 0.0166989 0.0173416 0.0377795 0.0279577 0.018094 0.0127698 0.012523 0.0156568 0.00951032 0.00956005 0.00926074 0.010255 0.00964405 0.00865015 0.0082656 
0.0141589 0.0107927 0.0130888 0.0164283 0.0112702 0.013834 0.0301556 0.0128356 0.020329 0.0124701 0.0244329 0.0368473 0.0317663 0.0124915 0.0362221 0.0178656 0.471519 0.0035426 0.00324266 0.00346775 0 0.025637 0.0187796 0.111386 0.0363483 0.202348 0.0272339 0.014269 0.0163628 0.0147647 0.0145487 0.0107119 0.0113792 0.0128648 0.0157185 0.0100297 0.0133732 0.0108385 0.0141997 0.0200202 0.0121698 0.0102685 0.0094392 0.0129003 0.0109372 0.00888106 0.00877252 0.00875373 0.00921061 0.00978801 
0.0102182 0.00938253 0.0124221 0.0114552 0.00903692 0.013482 0.0165358 0.0185181 0.0172734 0.0134133 0.013583 0.0182314 0.0218685 0.0160046 0.0141099 0.0143097 0.027974 0.276859 0.304464 0.0332791 0.025637 0 0.00333348 0.0032321 0.0032547 0.00353164 0.612788 0.0289026 0.0396607 0.0138635 0.0173074 0.0115769 0.0138758 0.0157788 0.0242318 0.0216104 0.0177884 0.0216559 0.0174352 0.0272727 0.0155039 0.0121538 0.0110244 0.0155927 0.0101178 0.00941518 0.0094146 0.0101721 0.0119478 0.0105049 
0.00920061 0.00867335 0.00961643 0.00964169 0.00866461 0.00965551 0.00961302 0.0302787 0.0246955 0.035197 0.0159299 0.0108682 0.0171235 0.032821 0.0173416 0.0413239 0.0101027 0.0936723 0.131936 0.279805 0.0187796 0.00333348 0 0.00319376 0.00326774 0.00321672 0.0396645 0.679358 0.023637 0.0752389 0.0189447 0.0237043 0.0169804 0.00995333 0.0188618 0.0409065 0.021373 0.0653392 0.0273677 0.0149909 0.0138205 0.0148695 0.0242321 0.00961329 0.01007 0.00978005 0.0131798 0.0107959 0.00886621 0.00840134 
0.00859238 0.00901721 0.00844581 0.00862623 0.00911687 0.00846184 0.0101869 0.0151287 0.0590278 0.0243716 0.0301865 0.0101429 0.0113918 0.0136446 0.146505 0.0103375 0.0141514 0.0141128 0.172249 0.0730406 0.111386 0.0032321 0.00319376 0 0.00319693 0.00320174 0.0335841 0.0250126 0.550694 0.0227358 0.123258 0.027297 0.0165888 0.00998066 0.0123121 0.0154435 0.105278 0.0302269 0.0528543 0.0148441 0.0105333 0.0366878 0.0116475 0.0116812 0.00880828 0.0145188 0.0126965 0.0109548 0.00864297 0.00831806 
0.00988231 0.00896695 0.00940399 0.0103803 0.00873111 0.00950435 0.00993398 0.0231565 0.0184646 0.0248802 0.0148408 0.0147744 0.0121579 0.0317499 0.0122237 0.0436092 0.0098303 0.0297322 0.0259539 0.286815 0.0363483 0.0032547 0.00326774 0.00319693 0 0.00324328 0.0155055 0.0785004 0.0249257 0.342058 0.0194526 0.0460538 0.0233844 0.0120884 0.0151331 0.0355532 0.0146216 0.0462121 0.0263172 0.0247487 0.0162622 0.0123093 0.0256629 0.00986341 0.012565 0.0100494 0.0156721 0.0101936 0.00914006 0.00838428 
0.0101979 0.00905954 0.0094842 0.0109085 0.00898095 0.00940502 0.0162302 0.00956401 0.01079 0.0096252 0.0115462 0.0118706 0.0241873 0.00962245 0.0189468 0.0104899 0.0221542 0.0391056 0.0163389 0.0157236 0.202348 0.00353164 0.00321672 0.00320174 0.00324328 0 0.0257513 0.0122515 0.0276451 0.0160513 0.147439 0.0116148 0.0498416 0.0255823 0.0232817 0.0112302 0.015953 0.0115537 0.015808 0.0279337 0.0141208 0.0121025 0.00964838 0.0151565 0.0118591 0.00990196 0.0087967 0.00941089 0.0090761 0.0111915 
0.00919959 0.00967607 0.011355 0.00925255 0.00905657 0.011657 0.00984217 0.01019 0.0104576 0.0096219 0.00981315 0.0117215 0.0126748 0.00952404 0.0101269 0.0114812 0.0174516 0.0349883 0.0145642 0.0145326 0.0272339 0.612788 0.0396645 0.0335841 0.0155055 0.0257513 0 0.003538 0.00326016 0.00320494 0.00323756 0.0032887 0.00387191 0.0053334 0.0698588 0.0199652 0.0200458 0.0174084 0.0181208 0.0314222 0.0385016 0.0162545 0.0109599 0.0195694 0.0108015 0.0108219 0.00955774 0.0106151 0.013121 0.0143386 
0.00880401 0.00862979 0.00916204 0.00899065 0.00857808 0.00899435 0.00936605 0.0158807 0.0164646 0.0185068 0.0124812 0.0101073 0.0123395 0.0228339 0.0151287 0.0201075 0.00964502 0.0345705 0.0535936 0.0461786 0.014269 0.0289026 0.679358 0.0250126 0.0785004 0.0122515 0.003538 0 0.00329431 0.00322112 0.00325555 0.00323919 0.00371361 0.00332325 0.0532303 0.130343 0.0261209 0.0581519 0.0467773 0.0202845 0.0239034 0.0338827 0.0307782 0.0118068 0.0145982 0.016524 0.0193968 0.0159239 0.0102806 0.00889195 
0.00878294 0.00870932 0.00866 0.00881336 0.00862997 0.00893286 0.00943964 0.0141607 0.032717 0.0252906 0.0165812 0.0114146 0.0120559 0.0173517 0.0559598 0.014722 0.0104084 0.0207586 0.0729685 0.0405258 0.0163628 0.0396607 0.023637 0.550694 0.0249257 0.0276451 0.00326016 0.00329431 0 0.00325398 0.0032142 0.00321536 0.00321868 0.00529469 0.31579 0.0266752 0.1425 0.0609509 0.0734915 0.0200668 0.0240563 0.0637011 0.0245752 0.015093 0.011506 0.0275311 0.0281287 0.0180994 0.00950116 0.00867395 
0.0087187 0.00847181 0.00885556 0.00876803 0.00840677 0.00887788 0.00905564 0.0144051 0.0212053 0.0220196 0.0154305 0.0110872 0.0106589 0.0208022 0.0225418 0.0173631 0.00948118 0.0195132 0.0346468 0.0430158 0.0147647 0.0138635 0.0752389 0.0227358 0.342058 0.0160513 0.00320494 0.00322112 0.00325398 0 0.00320817 0.00322176 0.00322583 0.00321478 0.0189721 0.283212 0.0396337 0.177919 0.0283387 0.025939 0.0194117 0.02761 0.0310293 0.0130944 0.012421 0.016309 0.0351291 0.012783 0.0100601 0.00840743 
0.00834942 0.00847539 0.0083813 0.00841442 0.00833134 0.00837046 0.00892284 0.0109904 0.0180733 0.0143339 0.0122219 0.00974553 0.00995489 0.0108836 0.0287484 0.0108868 0.0103511 0.0127776 0.0283514 0.021089 0.0145487 0.0173074 0.0189447 0.123258 0.0194526 0.147439 0.00323756 0.00325555 0.0032142 0.00320817 0 0.00320011 0.00322497 0.00319032 0.0315194 0.0260258 0.404026 0.0297482 0.0554679 0.0167491 0.0148181 0.028837 0.0215869 0.0155 0.0103071 0.0169516 0.0156445 0.0134668 0.00915936 0.00850891 
0.00839353 0.00822283 0.00833542 0.00850081 0.00827298 0.00831723 0.00887921 0.0102588 0.0125904 0.0128252 0.0105074 0.00886425 0.00937343 0.0109676 0.0154647 0.0127154 0.00913921 0.0111483 0.0172935 0.0292937 0.0107119 0.0115769 0.0237043 0.027297 0.0460538 0.0116148 0.0032887 0.00323919 0.00321536 0.00322176 0.00320011 0 0.00320721 0.00318645 0.0260157 0.0532454 0.0235526 0.366141 0.0225116 0.0233701 0.0117757 0.0155952 0.0208195 0.0100976 0.0107881 0.0104415 0.0170513 0.0103914 0.0091701 0.008269 
0.00834763 0.00829616 0.00817165 0.00836308 0.00823271 0.00829014 0.00856794 0.00910216 0.00932988 0.00909893 0.00922128 0.00862581 0.00900795 0.00958415 0.00988292 0.00956566 0.00880717 0.0110671 0.0156679 0.017191 0.0113792 0.0138758 0.0169804 0.0165888 0.0233844 0.0498416 0.00387191 0.00371361 0.00321868 0.00322583 0.00322497 0.00320721 0 0.0043724 0.0162668 0.0232261 0.0341275 0.0227967 0.394396 0.0156104 0.01167 0.0170069 0.0184966 0.0111167 0.0093661 0.0107778 0.00966288 0.0106728 0.00884428 0.00857096 
0.00863127 0.00808967 0.00841896 0.00865847 0.00806034 0.00832754 0.00879635 0.00838698 0.00862435 0.00861444 0.00838284 0.00888372 0.0092664 0.00848333 0.00880795 0.00853461 0.00897018 0.0126516 0.00908844 0.00954088 0.0128648 0.0157788 0.00995333 0.00998066 0.0120884 0.0255823 0.0053334 0.00332325 0.00529469 0.00321478 0.00319032 0.00318645 0.0043724 0 0.0214905 0.0119126 0.0169596 0.0152622 0.0176084 0.355345 0.0124176 0.00943037 0.00946534 0.013987 0.0128013 0.00857597 0.00892621 0.00882255 0.009033 0.00865353 
0.00858285 0.00823777 0.00928777 0.00852291 0.00818704 0.00920453 0.00878962 0.00921815 0.00915856 0.0090165 0.0087194 0.00982577 0.00918399 0.00882591 0.00893808 0.00980478 0.009829 0.0150133 0.0117766 0.0111497 0.0157185 0.0242318 0.0188618 0.0123121 0.0151331 0.0232817 0.0698588 0.0532303 0.31579 0.0189721 0.0315194 0.0260157 0.0162668 0.0214905 0 0.00353138 0.00325583 0.00343315 0.00330701 0.00401845 0.18238 0.0197264 0.0152656 0.0214279 0.0153381 0.0116051 0.0118674 0.0112083 0.0167949 0.0126019 
0.00826829 0.00837062 0.00874283 0.00845734 0.00823 0.00862635 0.0084636 0.00957074 0.0102117 0.0098426 0.00915828 0.00860564 0.00930823 0.00971782 0.00961451 0.0122173 0.00872605 0.0147973 0.0141123 0.0166989 0.0100297 0.0216104 0.0409065 0.0154435 0.0355532 0.0112302 0.0199652 0.130343 0.0266752 0.283212 0.0260258 0.0532454 0.0232261 0.0119126 0.00353138 0 0.00323324 0.00323782 0.00332668 0.00334587 0.0628986 0.093804 0.0232338 0.0114505 0.0166515 0.0160774 0.020762 0.0151766 0.0121072 0.00917018 
0.00854366 0.00841103 0.00835189 0.00856026 0.00841197 0.00834596 0.00893285 0.0105166 0.0147591 0.0116369 0.0106244 0.00898264 0.0096914 0.0103454 0.0198456 0.00983011 0.00942992 0.0127305 0.0309219 0.0173416 0.0133732 0.0177884 0.021373 0.105278 0.0146216 0.015953 0.0200458 0.0261209 0.1425 0.0396337 0.404026 0.0235526 0.0341275 0.0169596 0.00325583 0.00323324 0 0.00322237 0.00321642 0.0039333 0.357544 0.0880129 0.0367567 0.0146522 0.0128136 0.0412381 0.0205618 0.0247285 0.0107326 0.00990247 
0.00899735 0.00875506 0.00868012 0.00911239 0.00836993 0.00871191 0.00885785 0.0114901 0.0144076 0.0139162 0.0103035 0.00949708 0.010942 0.0125653 0.0134246 0.0150314 0.00963095 0.0185976 0.0224957 0.0377795 0.0108385 0.0216559 0.0653392 0.0302269 0.0462121 0.0115537 0.0174084 0.0581519 0.0609509 0.177919 0.0297482 0.366141 0.0227967 0.0152622 0.00343315 0.00323782 0.00322237 0 0.00320751 0.0032352 0.108748 0.459921 0.0395849 0.0177768 0.0259482 0.0195785 0.0812728 0.014953 0.0112866 0.00871666 
0.00862234 0.00853569 0.00847202 0.00858127 0.00849097 0.00843787 0.00899983 0.0101155 0.011927 0.0108739 0.0100573 0.00883797 0.00996292 0.0105514 0.0140777 0.00963901 0.00927643 0.0141085 0.0331219 0.0279577 0.0141997 0.0174352 0.0273677 0.0528543 0.0263172 0.015808 0.0181208 0.0467773 0.0734915 0.0283387 0.0554679 0.0225116 0.394396 0.0176084 0.00330701 0.00332668 0.00321642 0.00320751 0 0.00341399 0.0435003 0.121193 0.634879 0.0293494 0.0151633 0.0516386 0.0193454 0.0414954 0.0109242 0.00948707 
0.00992848 0.00833461 0.00885426 0.00945643 0.00827651 0.00890417 0.00982099 0.00914307 0.0095284 0.00970832 0.00902529 0.0118742 0.010611 0.00929826 0.0094988 0.0109065 0.00991324 0.0217391 0.011435 0.018094 0.0200202 0.0272727 0.0149909 0.0148441 0.0247487 0.0279337 0.0314222 0.0202845 0.0200668 0.025939 0.0167491 0.0233701 0.0156104 0.355345 0.00401845 0.00334587 0.0039333 0.0032352 0.00341399 0 0.0364902 0.051788 0.109766 0.621368 0.0376436 0.0125048 0.0183573 0.015884 0.0258035 0.0116871 
0.00865599 0.00817478 0.0090953 0.0089219 0.00807589 0.00904695 0.00866906 0.00871927 0.00925262 0.00895539 0.00861368 0.00892265 0.00909729 0.00849433 0.00906989 0.0102364 0.00919723 0.0112974 0.00973008 0.0127698 0.0121698 0.0155039 0.0138205 0.0105333 0.0162622 0.0141208 0.0385016 0.0239034 0.0240563 0.0194117 0.0148181 0.0117757 0.01167 0.0124176 0.18238 0.0628986 0.357544 0.108748 0.0435003 0.0364902 0 0.00329456 0.00326008 0.00341058 0.108094 0.0286138 0.0159927 0.0154308 0.030242 0.0189637 
0.00845672 0.00855072 0.0083833 0.0084252 0.00842652 0.00831013 0.00836129 0.00914321 0.00930411 0.00909799 0.00887871 0.00854511 0.00858008 0.00887481 0.00965358 0.00868148 0.00914969 0.00954326 0.0121378 0.012523 0.0102685 0.0121538 0.0148695 0.0366878 0.0123093 0.0121025 0.0162545 0.0338827 0.0637011 0.02761 0.028837 0.0155952 0.0170069 0.00943037 0.0197264 0.093804 0.0880129 0.459921 0.121193 0.051788 0.00329456 0 0.00331261 0.00324049 0.0581746 0.114964 0.0334505 0.0465411 0.0142698 0.0124476 
0.00829426 0.00831041 0.00813925 0.00831737 0.0081962 0.00814075 0.00839491 0.00873572 0.00898534 0.00895871 0.00866238 0.00850243 0.00864538 0.0087757 0.0092133 0.0104447 0.00861128 0.0100286 0.0111486 0.0156568 0.0094392 0.0110244 0.0242321 0.0116475 0.0256629 0.00964838 0.0109599 0.0307782 0.0245752 0.0310293 0.0215869 0.0208195 0.0184966 0.00946534 0.0152656 0.0232338 0.0367567 0.0395849 0.634879 0.109766 0.00326008 0.00331261 0 0.00322119 0.0213385 0.0598842 0.111975 0.0592332 0.0289085 0.00939762 
0.00873587 0.00821644 0.00820932 0.00869549 0.00818245 0.00820086 0.00871896 0.00844361 0.00855238 0.00863148 0.00837542 0.00878566 0.00901446 0.00839001 0.00866835 0.00959557 0.0095005 0.0112 0.00935464 0.00951032 0.0129003 0.0155927 0.00961329 0.0116812 0.00986341 0.0151565 0.0195694 0.0118068 0.015093 0.0130944 0.0155 0.0100976 0.0111167 0.013987 0.0214279 0.0114505 0.0146522 0.0177768 0.0293494 0.621368 0.00341058 0.00324049 0.00322119 0 0.0172256 0.0262268 0.0286233 0.0638245 0.078981 0.01713 
0.00863536 0.00828823 0.00913173 0.00857862 0.00817891 0.00899825 0.00847451 0.00842681 0.00848551 0.00844009 0.00834812 0.00852213 0.00885201 0.00845218 0.00858181 0.0088011 0.00936034 0.00942189 0.00875489 0.00956005 0.0109372 0.0101178 0.01007 0.00880828 0.012565 0.0118591 0.0108015 0.0145982 0.011506 0.012421 0.0103071 0.0107881 0.0093661 0.0128013 0.0153381 0.0166515 0.0128136 0.0259482 0.0151633 0.0376436 0.108094 0.0581746 0.0213385 0.0172256 0 0.00330784 0.00327021 0.00331818 0.00407183 0.015503 
0.0084559 0.00841973 0.00832521 0.00840301 0.00834342 0.00831551 0.00823765 0.00881751 0.00891477 0.00879934 0.00846169 0.00824821 0.00831491 0.00863687 0.00900559 0.00833322 0.00843918 0.00872622 0.00945363 0.00926074 0.00888106 0.00941518 0.00978005 0.0145188 0.0100494 0.00990196 0.0108219 0.016524 0.0275311 0.016309 0.0169516 0.0104415 0.0107778 0.00857597 0.0116051 0.0160774 0.0412381 0.0195785 0.0516386 0.0125048 0.0286138 0.114964 0.0598842 0.0262268 0.00330784 0 0.00323198 0.00486185 0.00324043 0.00844938 
0.0085133 0.00830872 0.00821731 0.00839565 0.00829952 0.00823916 0.00827787 0.00942744 0.00944091 0.00903824 0.00866639 0.00849992 0.00851459 0.00906726 0.00902623 0.00889688 0.00834246 0.00904282 0.00994548 0.010255 0.00877252 0.0094146 0.0131798 0.0126965 0.0156721 0.0087967 0.00955774 0.0193968 0.0281287 0.0351291 0.0156445 0.0170513 0.00966288 0.00892621 0.0118674 0.020762 0.0205618 0.0812728 0.0193454 0.0183573 0.0159927 0.0334505 0.111975 0.0286233 0.00327021 0.00323198 0 0.00321271 0.00320915 0.0053991 
0.00850797 0.00841416 0.00816308 0.00843734 0.00826064 0.0082283 0.0082781 0.00868382 0.00864492 0.00858154 0.0084191 0.00822267 0.00841284 0.00862814 0.00875129 0.00847673 0.00828518 0.00895663 0.00963694 0.00964405 0.00875373 0.0101721 0.0107959 0.0109548 0.0101936 0.00941089 0.0106151 0.0159239 0.0180994 0.012783 0.0134668 0.0103914 0.0106728 0.00882255 0.0112083 0.0151766 0.0247285 0.014953 0.0414954 0.015884 0.0154308 0.0465411 0.0592332 0.0638245 0.00331818 0.00486185 0.00321271 0 0.00352274 0.0109669 
0.00905083 0.00821015 0.00829456 0.00886214 0.00815399 0.00824022 0.00861709 0.00841875 0.00846241 0.00833931 0.0082011 0.00827781 0.00876163 0.00832618 0.00835301 0.00831795 0.00836983 0.0093994 0.00844858 0.00865015 0.00921061 0.0119478 0.00886621 0.00864297 0.00914006 0.0090761 0.013121 0.0102806 0.00950116 0.0100601 0.00915936 0.0091701 0.00884428 0.009033 0.0167949 0.0121072 0.0107326 0.0112866 0.0109242 0.0258035 0.030242 0.0142698 0.0289085 0.078981 0.00407183 0.00324043 0.00320915 0.00352274 0 0.0108292 
0.00896308 0.0090903 0.00845679 0.00899945 0.00873655 0.00846903 0.00924357 0.00831417 0.00825692 0.00819269 0.00811486 0.00830742 0.00888693 0.00831595 0.00821545 0.00815329 0.00926474 0.0100611 0.00840444 0.0082656 0.00978801 0.0105049 0.00840134 0.00831806 0.00838428 0.0111915 0.0143386 0.00889195 0.00867395 0.00840743 0.00850891 0.008269 0.00857096 0.00865353 0.0126019 0.00917018 0.00990247 0.00871666 0.00948707 0.0116871 0.0189637 0.0124476 0.00939762 0.01713 0.015503 0.00844938 0.0053991 0.0109669 0.0108292 0 
