1LM8B
MDVFLMIRRHKTTIFTDAKESSTVFELKRIVEGILKRPPDEQRLYKDDQLLDDGKTLGECGFTSQTARPQAPATVGLAFRADDTFEALCIEPFSSPPELPDVMKPQ
CEEEEEEEEECEEEEEEEECCCEHHHHHHHHHHHHCCCHHHEEEEECCEECCCCCECCCCCCCCCCCECCECEEEEEEECCCCCCCCCCECCCCCCCCCCHHHCCC
0 0 0 0 0 0 0 0 0 0 0 0 0 0 0 0 0 0 0 0 0 0 0 0 0 0 0 0 0 0 0 0 0 0 0 0 0 0 0 0 0 0 0 0 0 0 0 0 0 0 0 0 0 0 0 0 0 0 0 0 0 0 0 0 0 0 0 0 0 0 0 0 0 0 0 0 0 0 0 0 0 0 0 0 0 0 0 0 0 0 0 0 0 0 0 0 0 0 0 0 0 0 0 0 0 0 
0 0 0 0 0 0 0 0 0 0 0 0 0 0 0 0 0 0 0 0 0 0 0 0 0 0 0 0 0 0 0 0 0 0 0 0 0 0 0 0 0 0 0 0 0 0 0 0 0 0 0 0 0 0 0 0 0 0 0 0 0 0 0 0 0 0 0 0 0 0 0 0 0 0 0 0 0 0 0 0 0 0 0 0 0 0 0 0 0 0 0 0 0 0 0 0 0 0 0 0 0 0 0 0 0 0 
0 0.00333939 0.00332329 0.00328435 0.00339071 0.00375485 0.00356906 0.00406008 0.0183319 0.00750733 0.0100619 0.00908567 0.0143737 0.00984979 0.0144554 0.0278397 0.674829 0.0204171 0.0125632 0.0157303 0.0121606 0.0136103 0.0250595 0.0117798 0.0121729 0.0139421 0.0105745 0.0103491 0.0103394 0.0143478 0.0100811 0.0171333 0.0117957 0.0128921 0.0125779 0.00901578 
0.00333939 0 0.00331324 0.00331337 0.00329258 0.00331554 0.0033669 0.00682064 0.00351109 0.00557054 0.00707161 0.00891121 0.00775788 0.0137293 0.00969385 0.705483 0.0143715 0.00862055 0.0142667 0.0139899 0.0284578 0.014902 0.0104363 0.0108406 0.0094563 0.0103496 0.00864622 0.00894037 0.0136127 0.0114753 0.0347652 0.0154234 0.0352524 0.0115517 0.0126336 0.0086104 
0.00332329 0.00331324 0 0.00329521 0.00327855 0.00330204 0.00332836 0.00327326 0.00333099 0.00433133 0.00855854 0.00920549 0.0167088 0.0152058 0.691676 0.012813 0.00973364 0.00793644 0.00954408 0.0240246 0.0242798 0.0169226 0.0109264 0.00898255 0.00950767 0.00958789 0.00866878 0.00866794 0.0124252 0.0316375 0.018517 0.0730332 0.0316904 0.0259159 0.00979358 0.00834344 
0.00328435 0.00331337 0.00329521 0 0.0032814 0.00330801 0.0032794 0.00317604 0.00326567 0.00411548 0.00655498 0.0129003 0.015468 0.729802 0.0120445 0.013096 0.00771308 0.00715011 0.0118259 0.0165771 0.0515829 0.0136825 0.0108574 0.00919295 0.00929654 0.00934125 0.00860132 0.00893665 0.0192884 0.0131184 0.073592 0.0349941 0.14064 0.0170319 0.0139946 0.00847517 
0.00339071 0.00329258 0.00327855 0.0032814 0 0.00328124 0.00318964 0.00319692 0.00322839 0.00335616 0.0245932 0.0105811 0.754749 0.0116894 0.00908393 0.00724929 0.0165806 0.00666012 0.0102507 0.0284326 0.018604 0.017198 0.011374 0.00909406 0.00956556 0.00964288 0.00874064 0.00902757 0.0117926 0.0311637 0.018901 0.106885 0.0300106 0.030893 0.0105793 0.00828171 
0.00375485 0.00331554 0.00330204 0.00330801 0.00328124 0 0.00319573 0.00321818 0.00321371 0.00341661 0.00492092 0.692651 0.0103729 0.0133521 0.00552013 0.00927528 0.00650178 0.00657248 0.0117845 0.0112707 0.0285403 0.0133446 0.0100022 0.00899823 0.0090641 0.0093299 0.00870766 0.00876986 0.0161161 0.010471 0.0944098 0.0191581 0.0679746 0.0123018 0.0118777 0.00837051 
0.00356906 0.0033669 0.00332836 0.0032794 0.00318964 0.00319573 0 0.00318095 0.00319761 0.00486318 0.559145 0.00457776 0.00644513 0.00465651 0.00684797 0.00521774 0.0107759 0.00570648 0.00872779 0.0142981 0.0160764 0.0106555 0.00924836 0.00874634 0.00880581 0.00916814 0.00836978 0.00864282 0.0104918 0.027364 0.0114394 0.0476311 0.0147901 0.0154102 0.00946026 0.0081867 
0.00406008 0.00682064 0.00327326 0.00317604 0.00319692 0.00321818 0.00318095 0 0.00329364 0.119145 0.0096344 0.00369757 0.00354885 0.00517139 0.00383409 0.00529346 0.00523951 0.00572203 0.011851 0.0126063 0.0109114 0.0116773 0.00895252 0.00905063 0.00910164 0.00989246 0.0085148 0.00864876 0.0154109 0.00919063 0.0115983 0.0100183 0.0133283 0.00993302 0.00947432 0.00831769 
0.0183319 0.00351109 0.00333099 0.00326567 0.00322839 0.00321371 0.00319761 0.00329364 0 0.00699105 0.00554485 0.00432728 0.00342207 0.00377804 0.00337024 0.00357361 0.00446437 0.00568808 0.0131651 0.00958518 0.0091494 0.00903709 0.00911802 0.00948042 0.00873987 0.0106553 0.00863507 0.00872457 0.0112708 0.00921604 0.00908659 0.0102922 0.0094665 0.00897263 0.00913155 0.00838468 
0.00750733 0.00557054 0.00433133 0.00411548 0.00335616 0.00341661 0.00486318 0.119145 0.00699105 0 0.00332421 0.00323901 0.00425133 0.00324544 0.0032526 0.00338369 0.0052274 0.00601197 0.0134595 0.00923259 0.0102681 0.0102923 0.017042 0.00966617 0.0111093 0.0149096 0.00955423 0.0100637 0.0114604 0.00923791 0.0116543 0.00956858 0.011485 0.00891225 0.0216127 0.010406 
0.0100619 0.00707161 0.00855854 0.00655498 0.0245932 0.00492092 0.559145 0.0096344 0.00554485 0.00332421 0 0.00321838 0.00324541 0.00322612 0.00327596 0.00352565 0.00358244 0.00594254 0.0123673 0.0188196 0.0117819 0.0205447 0.0117028 0.0108432 0.011058 0.0123511 0.00973797 0.0097741 0.0101514 0.0271829 0.0116518 0.0278463 0.0128072 0.0201259 0.010682 0.0089652 
0.00908567 0.00891121 0.00920549 0.0129003 0.0105811 0.692651 0.00457776 0.00369757 0.00432728 0.00323901 0.00321838 0 0.00321815 0.00324208 0.00340822 0.0032119 0.00347881 0.00379642 0.0111392 0.0125017 0.0496887 0.01383 0.0117554 0.0090206 0.00923503 0.0100067 0.00879276 0.00896239 0.0143374 0.0140115 0.0441847 0.025158 0.0772463 0.0139074 0.0114266 0.00852096 
0.0143737 0.00775788 0.0167088 0.015468 0.754749 0.0103729 0.00644513 0.00354885 0.00342207 0.00425133 0.00324541 0.00321815 0 0.00335643 0.00321667 0.00321268 0.00330191 0.00353515 0.00953531 0.0212043 0.0178793 0.0168346 0.0115605 0.00909181 0.00961603 0.010257 0.00880869 0.00903486 0.0108996 0.0200668 0.0174545 0.0525143 0.030131 0.0199479 0.0104004 0.00847072 
0.00984979 0.0137293 0.0152058 0.729802 0.0116894 0.0133521 0.00465651 0.00517139 0.00377804 0.00324544 0.00322612 0.00324208 0.00335643 0 0.003197 0.00321442 0.00323953 0.00342622 0.0108789 0.0110447 0.0280387 0.0175783 0.00990693 0.00862193 0.00882554 0.00937863 0.0084631 0.00874235 0.0121577 0.00985297 0.0329231 0.0160258 0.0346273 0.0100955 0.0106045 0.00840266 
0.0144554 0.00969385 0.691676 0.0120445 0.00908393 0.00552013 0.00684797 0.00383409 0.00337024 0.0032526 0.00327596 0.00340822 0.00321667 0.003197 0 0.00317882 0.00321225 0.00343775 0.00830581 0.0160167 0.012411 0.0105408 0.00883367 0.008446 0.00852264 0.00923471 0.00833994 0.00847114 0.00880327 0.0191737 0.00977327 0.0278585 0.0106273 0.0120893 0.00869818 0.0081446 
0.0278397 0.705483 0.012813 0.013096 0.00724929 0.00927528 0.00521774 0.00529346 0.00357361 0.00338369 0.00352565 0.0032119 0.00321268 0.00321442 0.00317882 0 0.00327749 0.00345356 0.0271912 0.0108147 0.014795 0.0116964 0.00889198 0.00895502 0.00948218 0.0103626 0.0086679 0.00848463 0.0144742 0.00897013 0.0156674 0.00924332 0.0136887 0.0090586 0.0100198 0.00862781 
0.674829 0.0143715 0.00973364 0.00771308 0.0165806 0.00650178 0.0107759 0.00523951 0.00446437 0.0052274 0.00358244 0.00347881 0.00330191 0.00323953 0.00321225 0.00327749 0 0.0273655 0.0128372 0.0172915 0.00959623 0.0128703 0.0123865 0.011647 0.0105782 0.0165688 0.0108215 0.0108317 0.0113411 0.0109621 0.00873743 0.00986448 0.00903545 0.0101409 0.00956508 0.0094392 
0.0204171 0.00862055 0.00793644 0.00715011 0.00666012 0.00657248 0.00570648 0.00572203 0.00568808 0.00601197 0.00594254 0.00379642 0.00353515 0.00342622 0.00343775 0.00345356 0.0273655 0 0.0153766 0.00879742 0.0081843 0.0100752 0.0164917 0.0190879 0.024685 0.21327 0.0441561 0.0361286 0.0115962 0.0112876 0.00904841 0.00953011 0.00888731 0.0102214 0.013737 0.0401766 
0.0125632 0.0142667 0.00954408 0.0118259 0.0102507 0.0117845 0.00872779 0.011851 0.0131651 0.0134595 0.0123673 0.0111392 0.00953531 0.0108789 0.00830581 0.0271912 0.0128372 0.0153766 0 0.00319952 0.00321974 0.00327822 0.00355198 0.00342583 0.00492275 0.0092081 0.0115196 0.011732 0.0127006 0.00905087 0.0127417 0.00926867 0.0113313 0.00966887 0.0861295 0.0132697 
0.0157303 0.0139899 0.0240246 0.0165771 0.0284326 0.0112707 0.0142981 0.0126063 0.00958518 0.00923259 0.0188196 0.0125017 0.0212043 0.0110447 0.0160167 0.0108147 0.0172915 0.00879742 0.00319952 0 0.00318694 0.00320627 0.00331355 0.00355267 0.00702296 0.00890844 0.0109353 0.0104166 0.00934006 0.0252144 0.00975054 0.025065 0.0114246 0.103851 0.0121189 0.0092183 
0.0121606 0.0284578 0.0242798 0.0515829 0.018604 0.0285403 0.0160764 0.0109114 0.0091494 0.0102681 0.0117819 0.0496887 0.0178793 0.0280387 0.012411 0.014795 0.00959623 0.0081843 0.00321974 0.00318694 0 0.00329939 0.00324511 0.0036526 0.00949248 0.0253588 0.00848618 0.00948293 0.0124099 0.0140738 0.0315946 0.0144934 0.113654 0.0111258 0.0104959 0.0085771 
0.0136103 0.014902 0.0169226 0.0136825 0.017198 0.0133446 0.0106555 0.0116773 0.00903709 0.0102923 0.0205447 0.01383 0.0168346 0.0175783 0.0105408 0.0116964 0.0128703 0.0100752 0.00327822 0.00320627 0.00329939 0 0.00334077 0.00464918 0.940702 0.0113141 0.0113537 0.0117792 0.0108017 0.0140884 0.0107556 0.0470628 0.0136256 0.0173449 0.0107832 0.010287 
0.0250595 0.0104363 0.0109264 0.0108574 0.011374 0.0100022 0.00924836 0.00895252 0.00911802 0.017042 0.0117028 0.0117554 0.0115605 0.00990693 0.00883367 0.00889198 0.0123865 0.0164917 0.00355198 0.00331355 0.00324511 0.00334077 0 0.97029 0.00506035 0.015032 0.0112572 0.0128769 0.016994 0.0103127 0.0167902 0.0105123 0.0102788 0.0103057 0.0127064 0.0112471 
0.0117798 0.0108406 0.00898255 0.00919295 0.00909406 0.00899823 0.00874634 0.00905063 0.00948042 0.00966617 0.0108432 0.0090206 0.00909181 0.00862193 0.008446 0.00895502 0.011647 0.0190879 0.00342583 0.00355267 0.0036526 0.00464918 0.97029 0 0.00426324 0.0170136 0.015646 0.0127397 0.00899672 0.0125405 0.00883214 0.00894428 0.00870887 0.00987295 0.0141927 0.0138546 
0.0121729 0.0094563 0.00950767 0.00929654 0.00956556 0.0090641 0.00880581 0.00910164 0.00873987 0.0111093 0.011058 0.00923503 0.00961603 0.00882554 0.00852264 0.00948218 0.0105782 0.024685 0.00492275 0.00702296 0.00949248 0.940702 0.00506035 0.00426324 0 0.0571485 0.0169472 0.0118203 0.0130717 0.0108959 0.00970265 0.00990061 0.00964914 0.0144748 0.0137809 0.0131165 
0.0139421 0.0103496 0.00958789 0.00934125 0.00964288 0.0093299 0.00916814 0.00989246 0.0106553 0.0149096 0.0123511 0.0100067 0.010257 0.00937863 0.00923471 0.0103626 0.0165688 0.21327 0.0092081 0.00890844 0.0253588 0.0113141 0.015032 0.0170136 0.0571485 0 0.109716 0.0279978 0.015313 0.0123656 0.00967023 0.0114012 0.00960881 0.0147604 0.0222965 0.0534984 
0.0105745 0.00864622 0.00866878 0.00860132 0.00874064 0.00870766 0.00836978 0.0085148 0.00863507 0.00955423 0.00973797 0.00879276 0.00880869 0.0084631 0.00833994 0.0086679 0.0108215 0.0441561 0.0115196 0.0109353 0.00848618 0.0113537 0.0112572 0.015646 0.0169472 0.109716 0 0.575738 0.00353391 0.00437093 0.0040231 0.00521791 0.00557533 0.00716955 0.00919498 0.0265325 
0.0103491 0.00894037 0.00866794 0.00893665 0.00902757 0.00876986 0.00864282 0.00864876 0.00872457 0.0100637 0.0097741 0.00896239 0.00903486 0.00874235 0.00847114 0.00848463 0.0108317 0.0361286 0.011732 0.0104166 0.00948293 0.0117792 0.0128769 0.0127397 0.0118203 0.0279978 0.575738 0 0.00322207 0.00326504 0.0033066 0.00340238 0.00344195 0.00418164 0.00612563 0.0245521 
0.0103394 0.0136127 0.0124252 0.0192884 0.0117926 0.0161161 0.0104918 0.0154109 0.0112708 0.0114604 0.0101514 0.0143374 0.0108996 0.0121577 0.00880327 0.0144742 0.0113411 0.0115962 0.0127006 0.00934006 0.0124099 0.0108017 0.016994 0.00899672 0.0130717 0.015313 0.00353391 0.00322207 0 0.00327513 0.00329218 0.00325227 0.00342509 0.00335183 0.00530743 0.0152136 
0.0143478 0.0114753 0.0316375 0.0131184 0.0311637 0.010471 0.027364 0.00919063 0.00921604 0.00923791 0.0271829 0.0140115 0.0200668 0.00985297 0.0191737 0.00897013 0.0109621 0.0112876 0.00905087 0.0252144 0.0140738 0.0140884 0.0103127 0.0125405 0.0108959 0.0123656 0.00437093 0.00326504 0.00327513 0 0.0032663 0.00328618 0.00332541 0.00351254 0.00344898 0.00847222 
0.0100811 0.0347652 0.018517 0.073592 0.018901 0.0944098 0.0114394 0.0115983 0.00908659 0.0116543 0.0116518 0.0441847 0.0174545 0.0329231 0.00977327 0.0156674 0.00873743 0.00904841 0.0127417 0.00975054 0.0315946 0.0107556 0.0167902 0.00883214 0.00970265 0.00967023 0.0040231 0.0033066 0.00329218 0.0032663 0 0.00328269 0.00350216 0.00326043 0.00344635 0.0080688 
0.0171333 0.0154234 0.0730332 0.0349941 0.106885 0.0191581 0.0476311 0.0100183 0.0102922 0.00956858 0.0278463 0.025158 0.0525143 0.0160258 0.0278585 0.00924332 0.00986448 0.00953011 0.00926867 0.025065 0.0144934 0.0470628 0.0105123 0.00894428 0.00990061 0.0114012 0.00521791 0.00340238 0.00325227 0.00328618 0.00328269 0 0.00323381 0.00323878 0.00325047 0.00787357 
0.0117957 0.0352524 0.0316904 0.14064 0.0300106 0.0679746 0.0147901 0.0133283 0.0094665 0.011485 0.0128072 0.0772463 0.030131 0.0346273 0.0106273 0.0136887 0.00903545 0.00888731 0.0113313 0.0114246 0.113654 0.0136256 0.0102788 0.00870887 0.00964914 0.00960881 0.00557533 0.00344195 0.00342509 0.00332541 0.00350216 0.00323381 0 0.00320131 0.00323365 0.00870975 
0.0128921 0.0115517 0.0259159 0.0170319 0.030893 0.0123018 0.0154102 0.00993302 0.00897263 0.00891225 0.0201259 0.0139074 0.0199479 0.0100955 0.0120893 0.0090586 0.0101409 0.0102214 0.00966887 0.103851 0.0111258 0.0173449 0.0103057 0.00987295 0.0144748 0.0147604 0.00716955 0.00418164 0.00335183 0.00351254 0.00326043 0.00323878 0.00320131 0 0.00325273 0.0130815 
0.0125779 0.0126336 0.00979358 0.0139946 0.0105793 0.0118777 0.00946026 0.00947432 0.00913155 0.0216127 0.010682 0.0114266 0.0104004 0.0106045 0.00869818 0.0100198 0.00956508 0.013737 0.0861295 0.0121189 0.0104959 0.0107832 0.0127064 0.0141927 0.0137809 0.0222965 0.00919498 0.00612563 0.00530743 0.00344898 0.00344635 0.00325047 0.00323365 0.00325273 0 0.0781251 
0.00901578 0.0086104 0.00834344 0.00847517 0.00828171 0.00837051 0.0081867 0.00831769 0.00838468 0.010406 0.0089652 0.00852096 0.00847072 0.00840266 0.0081446 0.00862781 0.0094392 0.0401766 0.0132697 0.0092183 0.0085771 0.010287 0.0112471 0.0138546 0.0131165 0.0534984 0.0265325 0.0245521 0.0152136 0.00847222 0.0080688 0.00787357 0.00870975 0.0130815 0.0781251 0 
