1LR7A
ETCENVDCGPGKKCRMNKKNKPRCVCAPDCSNITWKGPVCGLDGKTYRNECALLKARCKEQPELEVQYQGKCK
CCCCCCCCCCCEEEEECCCCCEEEEECCCHHHCCCCCCEEECCCCEECCHHHHHHHHHHCCCCCCEEEECCCC
0 0 0 0 0 0 0 0 0 0 0 0 0 0 0 0 0 0 0 0 0 0 0 0 0 0 0 0 0 0 0 0 0 0 0 0 0 0 0 0 0 0 0 0 0 0 0 0 0 0 0 0 0 0 0 0 0 0 0 0 0 0 0 0 0 0 0 0 0 0 0 0 0 
0 0 0 0 0 0 0 0 0 0 0 0 0 0 0 0 0 0 0 0 0 0 0 0 0 0 0 0 0 0 0 0 0 0 0 0 0 0 0 0 0 0 0 0 0 0 0 0 0 0 0 0 0 0 0 0 0 0 0 0 0 0 0 0 0 0 0 0 0 0 0 0 0 
0 0.00319816 0.00317063 0.00330645 0.00458112 0.00519939 0.00565939 0.00576569 0.0126972 0.909882 0.0108882 0.00951122 0.0141817 0.0112602 0.0103382 0.0091965 0.00836363 0.00842078 0.0096871 
0.00319816 0 0.003224 0.00331149 0.00336678 0.00451698 0.0057353 0.0163261 0.895752 0.0227699 0.0112333 0.0118614 0.010582 0.00916303 0.0102368 0.00923368 0.00878113 0.00940196 0.00873967 
0.00317063 0.003224 0 0.00332825 0.00323009 0.00417072 0.00578927 0.93847 0.012882 0.00600707 0.00938565 0.00965836 0.00899026 0.00914691 0.00847709 0.00886202 0.00913562 0.00870874 0.00830407 
0.00330645 0.00331149 0.00332825 0 0.00319629 0.00500195 0.959164 0.00926947 0.00600919 0.00578761 0.0110363 0.0141848 0.00940195 0.00946009 0.0100188 0.0093372 0.00890835 0.00899566 0.00822583 
0.00458112 0.00336678 0.00323009 0.00319629 0 0.99351 0.00422805 0.00454682 0.00436109 0.00519671 0.0148936 0.00944188 0.00980295 0.0120322 0.00945762 0.012692 0.00832868 0.00834574 0.00840935 
0.00519939 0.00451698 0.00417072 0.00500195 0.99351 0 0.00323127 0.00320928 0.00331175 0.00389626 0.00743475 0.0080072 0.0149572 0.00928389 0.0144457 0.010007 0.00841044 0.00860988 0.0099404 
0.00565939 0.0057353 0.00578927 0.959164 0.00422805 0.00323127 0 0.0031847 0.00322886 0.00322442 0.00966718 0.0115351 0.0138844 0.0100579 0.00901511 0.00896229 0.00979154 0.00886081 0.00857068 
0.00576569 0.0163261 0.93847 0.00926947 0.00454682 0.00320928 0.0031847 0 0.0031828 0.00319818 0.0118611 0.0110405 0.0124546 0.00798238 0.00880666 0.0094741 0.00867717 0.00931081 0.00828177 
0.0126972 0.895752 0.012882 0.00600919 0.00436109 0.00331175 0.00322886 0.0031828 0 0.00328582 0.0115285 0.0407827 0.00908616 0.0141621 0.00889223 0.0092467 0.014848 0.0091681 0.0085744 
0.909882 0.0227699 0.00600707 0.00578761 0.00519671 0.00389626 0.00322442 0.00319818 0.00328582 0 0.0234749 0.0108018 0.0228052 0.00937803 0.0162378 0.0305539 0.00850869 0.00892325 0.00891521 
0.0108882 0.0112333 0.00938565 0.0110363 0.0148936 0.00743475 0.00966718 0.0118611 0.0115285 0.0234749 0 0.00359003 0.00347849 0.00681886 0.589231 0.0217466 0.0113905 0.00951728 0.0167437 
0.00951122 0.0118614 0.00965836 0.0141848 0.00944188 0.0080072 0.0115351 0.0110405 0.0407827 0.0108018 0.00359003 0 0.00334554 0.622422 0.0450954 0.00975953 0.0132235 0.0295118 0.00882954 
0.0141817 0.010582 0.00899026 0.00940195 0.00980295 0.0149572 0.0138844 0.0124546 0.00908616 0.0228052 0.00347849 0.00334554 0 0.0238282 0.00626536 0.0223196 0.00944372 0.0102511 0.0124244 
0.0112602 0.00916303 0.00914691 0.00946009 0.0120322 0.00928389 0.0100579 0.00798238 0.0141621 0.00937803 0.00681886 0.622422 0.0238282 0 0.00661998 0.0139816 0.0126482 0.0140221 0.016679 
0.0103382 0.0102368 0.00847709 0.0100188 0.00945762 0.0144457 0.00901511 0.00880666 0.00889223 0.0162378 0.589231 0.0450954 0.00626536 0.00661998 0 0.0250699 0.00905839 0.0147434 0.0131074 
0.0091965 0.00923368 0.00886202 0.0093372 0.012692 0.010007 0.00896229 0.0094741 0.0092467 0.0305539 0.0217466 0.00975953 0.0223196 0.0139816 0.0250699 0 0.00377727 0.00358338 0.0155207 
0.00836363 0.00878113 0.00913562 0.00890835 0.00832868 0.00841044 0.00979154 0.00867717 0.014848 0.00850869 0.0113905 0.0132235 0.00944372 0.0126482 0.00905839 0.00377727 0 0.00365515 0.00325001 
0.00842078 0.00940196 0.00870874 0.00899566 0.00834574 0.00860988 0.00886081 0.00931081 0.0091681 0.00892325 0.00951728 0.0295118 0.0102511 0.0140221 0.0147434 0.00358338 0.00365515 0 0.00323022 
0.0096871 0.00873967 0.00830407 0.00822583 0.00840935 0.0099404 0.00857068 0.00828177 0.0085744 0.00891521 0.0167437 0.00882954 0.0124244 0.016679 0.0131074 0.0155207 0.00325001 0.00323022 0 
