1LSHB
SKPKVVIVLRAVRADGKQQGLQTTLYYGLTSNGLPKAKIVAVELSDLSVWKLCAKFRLSAHMKAKAAIGWGKNCQQYRAMLEASTGNLQSHPAARVDIKWGRLPSSLQRAKNALLENGAPVIASKLEMEIMPKANQKHQVSVILAAMTPRRMNIIVKLPKVTYFQQGILLPFTF
CCCCEEEEEEECCCCCCCCEEEEEEEEECHHHHCCEEEEEEEECCCCCCCEEEEEEECCCCCEEEEEEEECCCCCCEEEEEEEEEEECCCCEEEEEEEEECCCCHHHHHHHHHHHHCHHHHHHHCCCCEEECCCCCCCEEEEEEEEEECCEEEEEEECCCCEEEEEEEECCCCC
0 0 0 0 0 0 0 0 0 0 0 0 0 0 0 0 0 0 0 0 0 0 0 0 0 0 0 0 0 0 0 0 0 0 0 0 0 0 0 0 0 0 0 0 0 0 0 0 0 0 0 0 0 0 0 0 0 0 0 0 0 0 0 0 0 0 0 0 0 0 0 0 0 0 0 0 0 0 0 0 0 0 0 0 0 0 0 0 0 0 0 0 0 0 0 0 0 0 0 0 0 0 0 0 0 0 0 0 0 0 0 0 0 0 0 0 0 0 0 0 0 0 0 0 0 0 0 0 0 0 0 0 0 0 0 0 0 0 0 0 0 0 0 0 0 0 0 0 0 0 0 0 0 0 0 0 0 0 0 0 0 0 0 0 0 0 0 0 0 0 0 0 0 0 
0 0 0 0 0 0 0 0 0 0 0 0 0 0 0 0 0 0 0 0 0 0 0 0 0 0 0 0 0 0 0 0 0 0 0 0 0 0 0 0 0 0 0 0 0 0 0 0 0 0 0 0 0 0 0 0 0 0 0 0 0 0 0 0 0 0 0 0 0 0 0 0 0 0 0 0 0 0 0 0 0 0 0 0 0 0 0 0 0 0 0 0 0 0 0 0 0 0 0 0 0 0 0 0 0 0 0 0 0 0 0 0 0 0 0 0 0 0 0 0 0 0 0 0 0 0 0 0 0 0 0 0 0 0 0 0 0 0 0 0 0 0 0 0 0 0 0 0 0 0 0 0 0 0 0 0 0 0 0 0 0 0 0 0 0 0 0 0 0 0 0 0 0 0 
0 0.00347775 0.00335025 0.00352131 0.00363528 0.0038266 0.0164767 0.0119663 0.00894423 0.00865132 0.0126197 0.016686 0.173851 0.0259734 0.0237526 0.0852385 0.0154762 0.0194644 0.01038 0.0134579 0.0136002 0.0121488 0.0185988 0.0180771 0.0143009 0.0113289 0.0107858 0.0129231 0.00878965 0.0131249 0.0170511 0.0118107 0.0177426 0.00923988 0.012505 0.00922541 0.00942839 0.0091328 0.0140156 0.0170516 0.00848055 0.0134589 0.00859548 0.00922083 0.00924138 0.00874653 0.00898292 0.00846171 0.00930355 0.0112048 0.00971339 0.00892019 0.00926285 0.00853073 0.00966365 0.00866101 0.00882298 0.00849857 0.0121607 0.00843524 0.00828233 0.00884884 0.00884992 0.00837712 0.00854585 0.0085765 0.00900878 0.0091275 0.00855963 0.00852165 0.00830467 0.00912284 0.00829634 0.00922498 0.00824748 0.00892757 0.0084425 0.00979943 0.00928907 0.00851881 0.00824853 0.00819801 0.0080394 0.00809307 0.00805446 0.00817295 0.00857497 
0.00347775 0 0.00335456 0.00331715 0.00325627 0.00405792 0.00342871 0.00786176 0.00972881 0.00992394 0.0125728 0.247537 0.033982 0.0193307 0.0206299 0.0101964 0.0114717 0.0135828 0.0158381 0.0153734 0.019497 0.0249663 0.0158694 0.0132955 0.00978382 0.0147947 0.0137776 0.0113696 0.0115866 0.0126395 0.0101312 0.0106704 0.0118235 0.0121454 0.00983919 0.0128314 0.0107703 0.0123416 0.00924823 0.00951223 0.0110516 0.00923239 0.0116464 0.00964456 0.0105457 0.00971191 0.00894301 0.00891104 0.00917524 0.00888958 0.00843148 0.00976321 0.00916669 0.0105644 0.00897429 0.00980919 0.00956868 0.00954986 0.00853646 0.00816539 0.00827173 0.00822727 0.00831121 0.00851857 0.00874971 0.00918865 0.009519 0.00925678 0.00930606 0.00871186 0.00856709 0.00810043 0.00826194 0.00837974 0.00861771 0.00894409 0.00920984 0.00882635 0.00875672 0.00839612 0.00861329 0.00850891 0.00825812 0.00817989 0.00821194 0.0082166 0.00827713 
0.00335025 0.00335456 0 0.00330013 0.00329119 0.00330438 0.0033229 0.00821209 0.00921455 0.01242 0.236867 0.08622 0.0210368 0.020898 0.0101103 0.00858004 0.0106568 0.0118602 0.0137923 0.0275011 0.0253433 0.0315919 0.0132068 0.0110308 0.0101743 0.0113023 0.0156848 0.0164371 0.0160309 0.0111081 0.00917855 0.0106329 0.0105279 0.0128772 0.0131895 0.0143408 0.0179859 0.0115582 0.00923538 0.00931542 0.00954427 0.0119751 0.012664 0.0142586 0.0109699 0.0123647 0.00999558 0.00984787 0.00870279 0.00873819 0.00870111 0.00892996 0.0113519 0.0115255 0.0112155 0.0108254 0.0131332 0.00915721 0.00847643 0.00845684 0.00818255 0.00824713 0.00849636 0.00856281 0.00963684 0.0103489 0.0106809 0.0106958 0.00978989 0.00963072 0.00840388 0.00826868 0.00835242 0.00852871 0.00903604 0.00978588 0.00923503 0.00878196 0.0087381 0.00863458 0.00868567 0.00871914 0.00839728 0.00829421 0.00838189 0.00832292 0.00825779 
0.00352131 0.00331715 0.00330013 0 0.00322561 0.00323436 0.00335548 0.00726137 0.00872383 0.18017 0.0855277 0.0145099 0.0153607 0.0107358 0.00873296 0.00981481 0.00943608 0.012082 0.0133163 0.0148153 0.0262024 0.0191215 0.0132901 0.0103389 0.00921489 0.00975807 0.0132978 0.0182394 0.0127982 0.0100268 0.00957058 0.00928527 0.0129928 0.0107978 0.013206 0.0155642 0.0120845 0.0104661 0.00894213 0.0096864 0.00867565 0.0133148 0.0116897 0.010288 0.0109986 0.0096463 0.0115934 0.00887349 0.00870385 0.0085523 0.00824197 0.00900816 0.011037 0.0110718 0.00987998 0.0117909 0.0100795 0.00879875 0.00838151 0.00816285 0.0080693 0.00807347 0.00819107 0.00832855 0.00907926 0.00924076 0.00944434 0.00962355 0.00954748 0.00888991 0.00826148 0.00806484 0.00807005 0.00843766 0.00858265 0.00935806 0.00854959 0.00868109 0.00838335 0.00821055 0.00848898 0.00834319 0.00823499 0.00819565 0.00824781 0.00809252 0.00815047 
0.00363528 0.00325627 0.00329119 0.00322561 0 0.00319869 0.0032424 0.0070425 0.126024 0.0339876 0.0174446 0.0136616 0.0110182 0.0096519 0.00916039 0.00828297 0.00896141 0.0114742 0.0102339 0.0187613 0.0163182 0.0167055 0.012354 0.00962964 0.0088465 0.00989202 0.011964 0.0169338 0.00992699 0.0100183 0.00874515 0.00889998 0.0119053 0.00970926 0.01216 0.00985998 0.0119524 0.00967183 0.00894219 0.00885423 0.00873063 0.0120998 0.00951283 0.010198 0.00925443 0.0108051 0.00912983 0.008892 0.00851047 0.00826006 0.00822305 0.0085562 0.0110006 0.00977586 0.0106995 0.009107 0.0109425 0.00853862 0.00834339 0.00810399 0.00816232 0.00803758 0.00819727 0.0083981 0.00890279 0.0095024 0.00929053 0.00968589 0.00891554 0.00891318 0.0083374 0.00811949 0.00805412 0.00837447 0.00844729 0.00908874 0.00851994 0.00852706 0.00828515 0.00819991 0.00855001 0.00840505 0.00828522 0.00808291 0.00812983 0.00811466 0.00810266 
0.0038266 0.00405792 0.00330438 0.00323436 0.00319869 0 0.0032428 0.0872441 0.0223286 0.0160601 0.0108009 0.0104425 0.00914541 0.0115013 0.0115505 0.00777655 0.0120532 0.00995598 0.0128563 0.0108563 0.012631 0.0174205 0.012424 0.0134037 0.0104822 0.010608 0.0119298 0.00921177 0.0119751 0.00892729 0.00938007 0.0129493 0.00926385 0.0118791 0.00881656 0.0103006 0.00937802 0.0119599 0.00930953 0.00927551 0.0113126 0.00857294 0.00967202 0.00869626 0.0090314 0.008791 0.00861556 0.00851548 0.00844682 0.00854105 0.00893549 0.00897147 0.0085811 0.0104531 0.0084056 0.00909744 0.00873305 0.0090591 0.00818002 0.00881378 0.00804064 0.00809178 0.00867719 0.00836829 0.00866801 0.00884726 0.00877225 0.00866554 0.00885736 0.00842126 0.00826139 0.00809615 0.0087175 0.00818082 0.00867109 0.00843835 0.00867048 0.00828378 0.00846464 0.00862133 0.00844914 0.0084534 0.00814473 0.00807938 0.00812624 0.00815027 0.00809353 
0.0164767 0.00342871 0.0033229 0.00335548 0.0032424 0.0032428 0 0.0696151 0.0110167 0.00813718 0.00904483 0.00744132 0.00809985 0.00828631 0.00791453 0.0104648 0.0150276 0.0150288 0.00892201 0.0094613 0.0106082 0.00974747 0.0153862 0.0118352 0.01618 0.00940033 0.00915769 0.0108414 0.00848175 0.009845 0.00986615 0.0111908 0.0154068 0.00855832 0.00966999 0.0085882 0.00886614 0.00866637 0.0104035 0.0276451 0.00847371 0.010244 0.00836906 0.00864647 0.00866899 0.00850636 0.00861836 0.00826989 0.00847047 0.00894048 0.00932629 0.00894356 0.00910024 0.00837828 0.00889855 0.00846419 0.00842197 0.00820673 0.00928998 0.00888946 0.0081786 0.00811473 0.00922979 0.00848591 0.00835855 0.00842861 0.00837976 0.00847947 0.0083701 0.0083979 0.00814357 0.00830112 0.00871983 0.00844133 0.00852169 0.00855556 0.00829188 0.00878714 0.00825816 0.00891048 0.00838164 0.00836324 0.00820333 0.00806747 0.00811291 0.00809309 0.00814344 
0.0119663 0.00786176 0.00821209 0.00726137 0.0070425 0.0872441 0.0696151 0 0.00352422 0.00330721 0.00338233 0.00340518 0.00343295 0.00339862 0.00497959 0.0122753 0.00853497 0.00786594 0.00866948 0.00887038 0.00915824 0.0101448 0.0184217 0.121574 0.0155165 0.00937425 0.00943057 0.00898185 0.00899755 0.00950995 0.0184367 0.0114838 0.00963187 0.00957182 0.00899623 0.00913098 0.00883263 0.00903596 0.0161937 0.00918747 0.00894641 0.00871605 0.00873827 0.00859175 0.00867905 0.00850686 0.00854642 0.00839596 0.00878913 0.0116975 0.00852849 0.00836853 0.00857347 0.00863526 0.00833488 0.00867085 0.00837159 0.00867894 0.0101933 0.00820915 0.00807815 0.00914072 0.00825833 0.00809374 0.00828915 0.00829272 0.00836202 0.00863239 0.00861575 0.00822282 0.0082619 0.00848901 0.00827058 0.00806889 0.00818939 0.00824834 0.00828068 0.00836161 0.00933979 0.00824965 0.00807194 0.00810173 0.0079991 0.00807503 0.00798789 0.00806623 0.00881516 
0.00894423 0.00972881 0.00921455 0.00872383 0.126024 0.0223286 0.0110167 0.00352422 0 0.00321721 0.00324073 0.00324127 0.00328464 0.00366864 0.00662771 0.00360519 0.00725642 0.0092052 0.00798521 0.00950909 0.00928951 0.0115564 0.06116 0.233504 0.0090326 0.00991155 0.00892846 0.0103033 0.00863335 0.0113248 0.00873323 0.00874169 0.0102508 0.0086753 0.00942153 0.00896757 0.0091602 0.00990301 0.0106058 0.00872014 0.00865386 0.00961502 0.00946449 0.00906907 0.00865605 0.00883486 0.00875012 0.00848831 0.0086152 0.00834538 0.00821685 0.00872063 0.0090445 0.00869608 0.00874933 0.00865363 0.00907819 0.00860512 0.00839695 0.00811449 0.00825006 0.00809766 0.0081863 0.00837601 0.00862385 0.00882255 0.00881503 0.00896505 0.00884001 0.0087469 0.00835312 0.00815062 0.00804156 0.00835877 0.00837081 0.00879449 0.00844872 0.00865339 0.00825608 0.00814739 0.00845004 0.00838586 0.00820902 0.00811809 0.0081489 0.00816299 0.00810817 
0.00865132 0.00992394 0.01242 0.18017 0.0339876 0.0160601 0.00813718 0.00330721 0.00321721 0 0.00319958 0.00322521 0.00329679 0.00336491 0.0035201 0.00329608 0.00762583 0.00728889 0.0105876 0.00885056 0.00934103 0.0469343 0.429757 0.0135128 0.00892971 0.00872729 0.0107262 0.0088897 0.014649 0.00865051 0.00897344 0.00966573 0.00863177 0.0117673 0.00883101 0.0102466 0.0103584 0.00991925 0.0088809 0.00855314 0.00945687 0.0088001 0.0107718 0.00894329 0.00954457 0.0104421 0.00911411 0.00882864 0.00849382 0.00839637 0.00833075 0.00850832 0.00905404 0.0105555 0.00882373 0.00941242 0.00978393 0.00886782 0.00828976 0.0082642 0.00808822 0.00811871 0.00824792 0.00833384 0.0089201 0.00918853 0.00943951 0.00934202 0.00927963 0.00863605 0.00829227 0.00812185 0.00819351 0.00827106 0.00886737 0.00877163 0.00921523 0.0084022 0.00863102 0.00832776 0.00858259 0.00856901 0.00817771 0.00819573 0.00816013 0.00815422 0.00805991 
0.0126197 0.0125728 0.236867 0.0855277 0.0174446 0.0108009 0.00904483 0.00338233 0.00324073 0.00319958 0 0.00326258 0.0032418 0.00326137 0.00324288 0.00343958 0.00662181 0.00947381 0.00770855 0.0109885 0.0242973 0.763429 0.0274609 0.0096858 0.00892284 0.00981673 0.00932602 0.0164646 0.00848801 0.0110783 0.00875546 0.00921921 0.0141022 0.00914752 0.0137047 0.00977442 0.0117182 0.00939969 0.00918924 0.0106332 0.00873427 0.0149038 0.00910639 0.0101427 0.0107943 0.00981103 0.00976493 0.00891449 0.00868772 0.00831219 0.00836453 0.00905001 0.0113709 0.00921296 0.0112068 0.0096309 0.0107273 0.00871797 0.00864163 0.00815289 0.00815176 0.00812103 0.00817853 0.00858991 0.00930034 0.0102824 0.00977753 0.0101662 0.00919975 0.00940432 0.00827949 0.00814818 0.00817074 0.00859101 0.00853052 0.00991807 0.0085195 0.00896584 0.00833911 0.0082714 0.00855587 0.00846989 0.00838064 0.0081737 0.00827326 0.00810779 0.00813714 
0.016686 0.247537 0.08622 0.0145099 0.0136616 0.0104425 0.00744132 0.00340518 0.00324127 0.00322521 0.00326258 0 0.00341281 0.00322051 0.003266 0.00338602 0.00782941 0.00749073 0.00987392 0.0162185 0.824192 0.0348779 0.0127054 0.0117096 0.00915412 0.00917174 0.010919 0.00931307 0.0116822 0.008908 0.00916129 0.0103663 0.00937126 0.0116925 0.0096402 0.0136471 0.0115468 0.0094413 0.0091778 0.00910514 0.0100222 0.00930734 0.011035 0.011634 0.0100779 0.0102595 0.00942325 0.00896434 0.0086087 0.00846978 0.00852359 0.0090911 0.00943332 0.0108496 0.00952573 0.0110532 0.00987926 0.00893334 0.00839585 0.00827328 0.00810106 0.00813462 0.00829223 0.00838492 0.00939512 0.00961593 0.0104169 0.00951272 0.00995823 0.00875578 0.00830802 0.00816894 0.00816619 0.00831522 0.00919546 0.00888739 0.00899174 0.00855772 0.00860057 0.0082947 0.00850723 0.00860117 0.008213 0.00816329 0.00815084 0.00811446 0.00808163 
0.173851 0.033982 0.0210368 0.0153607 0.0110182 0.00914541 0.00809985 0.00343295 0.00328464 0.00329679 0.0032418 0.00341281 0 0.00320687 0.00325178 0.00324841 0.00673314 0.00909847 0.0146561 0.848483 0.0167045 0.0198325 0.0101021 0.0095796 0.00865456 0.00941377 0.0093531 0.0122901 0.00900323 0.00981493 0.00882666 0.00910864 0.0107418 0.0096949 0.0128832 0.011016 0.0110191 0.00921638 0.00890312 0.00913077 0.00899304 0.0109493 0.01144 0.0107923 0.0101596 0.00978971 0.00924644 0.00893985 0.00845409 0.00837896 0.0083258 0.00880341 0.00978323 0.010485 0.0102414 0.0101751 0.0100732 0.00871914 0.00846435 0.00819212 0.00813207 0.00811745 0.00820387 0.0084754 0.00924406 0.0102995 0.0104459 0.0100215 0.00952681 0.00910696 0.00827546 0.00817756 0.00815132 0.00841355 0.00870092 0.00943095 0.00870192 0.00854656 0.00835607 0.00829039 0.00856656 0.00842409 0.00823531 0.00812704 0.0081905 0.00816839 0.00809773 
0.0259734 0.0193307 0.020898 0.0107358 0.0096519 0.0115013 0.00828631 0.00339862 0.00366864 0.00336491 0.00326137 0.00322051 0.00320687 0 0.00322199 0.00328052 0.0120337 0.0108265 0.819174 0.0166943 0.0136508 0.0111267 0.0101196 0.00910812 0.00884826 0.00895233 0.0105368 0.00942223 0.0105902 0.00870409 0.00884394 0.00950904 0.00961754 0.0118157 0.0100001 0.0103459 0.0107898 0.00937336 0.00899874 0.00889686 0.00925858 0.0116483 0.0103911 0.0100273 0.00992687 0.00914006 0.00940675 0.00876002 0.00853307 0.00839467 0.00833457 0.00889307 0.010709 0.0105484 0.00930753 0.00965957 0.00998333 0.0088226 0.00839018 0.0081506 0.00813705 0.00812875 0.008259 0.0083292 0.0094497 0.00950362 0.00992609 0.00966143 0.00949088 0.008959 0.00828535 0.00810562 0.00815507 0.00831376 0.00891698 0.00902738 0.0087468 0.0085446 0.00844134 0.0082552 0.00845095 0.00852587 0.00824823 0.00809549 0.00819888 0.00815642 0.00808319 
0.0237526 0.0206299 0.0101103 0.00873296 0.00916039 0.0115505 0.00791453 0.00497959 0.00662771 0.0035201 0.00324288 0.003266 0.00325178 0.00322199 0 0.00336055 0.0103699 0.800653 0.0122782 0.00797945 0.00817363 0.00965997 0.00941763 0.00950321 0.00947253 0.0106064 0.0088892 0.0089697 0.00859559 0.00919033 0.00908954 0.0106136 0.0106735 0.00937459 0.00880507 0.009157 0.00897967 0.010925 0.00924854 0.00980307 0.0117759 0.00879566 0.00923301 0.0087899 0.00880119 0.00882028 0.00855947 0.00845308 0.0086148 0.00831788 0.00883324 0.00923508 0.00890043 0.00886824 0.00852309 0.00866354 0.00875336 0.0088286 0.00831907 0.00846708 0.00821239 0.00805829 0.00860593 0.00855031 0.00833352 0.00848051 0.00843503 0.00856439 0.00842574 0.00831531 0.00821714 0.00808369 0.00839849 0.00824897 0.00825527 0.00831562 0.00841714 0.00827943 0.00832394 0.00848498 0.00845364 0.00830529 0.00813493 0.00804668 0.00805968 0.00805536 0.00803155 
0.0852385 0.0101964 0.00858004 0.00981481 0.00828297 0.00777655 0.0104648 0.0122753 0.00360519 0.00329608 0.00343958 0.00338602 0.00324841 0.00328052 0.00336055 0 0.823584 0.00694397 0.00593807 0.00584061 0.00639588 0.00676894 0.00873846 0.00767165 0.0162012 0.0084032 0.00897084 0.00887691 0.00823706 0.0089154 0.00993364 0.0209252 0.0130755 0.0087247 0.0092673 0.00879296 0.0087624 0.00886237 0.011126 0.0276058 0.00876565 0.00978243 0.0087053 0.0087467 0.0089642 0.00866592 0.00880854 0.00852887 0.00850611 0.00898375 0.0105949 0.00986106 0.0092301 0.00852768 0.00872368 0.00860819 0.00852623 0.00835174 0.00967037 0.00951957 0.00812009 0.00811835 0.00983968 0.00838147 0.00841344 0.00845497 0.00843915 0.00846328 0.00836567 0.00834297 0.00815417 0.00830021 0.00954672 0.00831829 0.00837812 0.00842629 0.00823642 0.00852906 0.00824498 0.00922787 0.00826216 0.00833835 0.0082043 0.00808014 0.00811715 0.00805874 0.00816849 
0.0154762 0.0114717 0.0106568 0.00943608 0.00896141 0.0120532 0.0150276 0.00853497 0.00725642 0.00762583 0.00662181 0.00782941 0.00673314 0.0120337 0.0103699 0.823584 0 0.00416319 0.00337878 0.00333834 0.0034316 0.00368736 0.0037835 0.00876923 0.00883179 0.00697452 0.00850735 0.00800426 0.00921908 0.0105375 0.549386 0.0155888 0.00924368 0.01114 0.00886042 0.00975898 0.00865969 0.00899127 0.018225 0.0116239 0.0105191 0.00870271 0.00954096 0.00884097 0.00923424 0.00909947 0.00884818 0.00915153 0.00897904 0.0143189 0.0107082 0.0091073 0.00875402 0.00924902 0.00885628 0.00922139 0.00861585 0.00924932 0.0111192 0.0090585 0.00815543 0.00931633 0.00939964 0.00818541 0.00831793 0.00836718 0.00848524 0.00853719 0.00835251 0.00822914 0.00826027 0.00872903 0.00892674 0.00804643 0.0083203 0.00821994 0.00850173 0.00833626 0.0106343 0.00868578 0.00807967 0.00811105 0.00800565 0.0080022 0.00804972 0.00804431 0.00886941 
0.0194644 0.0135828 0.0118602 0.012082 0.0114742 0.00995598 0.0150288 0.00786594 0.0092052 0.00728889 0.00947381 0.00749073 0.00909847 0.0108265 0.800653 0.00694397 0.00416319 0 0.00322404 0.00324647 0.00337349 0.00332255 0.00482312 0.00350464 0.00693237 0.00784684 0.00758754 0.0110687 0.00843417 0.632281 0.0276501 0.00941037 0.0237794 0.00856026 0.0133134 0.0091186 0.00979868 0.0112167 0.00909935 0.0149034 0.00888853 0.0145526 0.00879324 0.0101047 0.0104237 0.00999405 0.00947046 0.00886906 0.0100186 0.00874406 0.00936598 0.00987083 0.0109076 0.00880928 0.0112891 0.00902994 0.00999379 0.0103928 0.00915495 0.00820362 0.00852076 0.00821499 0.00831615 0.00870369 0.00845657 0.00860978 0.00880049 0.00885501 0.00872259 0.00853963 0.00827065 0.00819902 0.0080955 0.00985423 0.00823168 0.00931434 0.00827371 0.00998734 0.00832003 0.00825587 0.00831407 0.0083067 0.00811063 0.00805847 0.00812488 0.0083401 0.008101 
0.01038 0.0158381 0.0137923 0.0133163 0.0102339 0.0128563 0.00892201 0.00866948 0.00798521 0.0105876 0.00770855 0.00987392 0.0146561 0.819174 0.0122782 0.00593807 0.00337878 0.00322404 0 0.00319913 0.00326183 0.00331564 0.00331329 0.00358235 0.00808479 0.00710652 0.0085598 0.00826658 0.594986 0.018011 0.0120221 0.0109828 0.00886305 0.0135424 0.00907665 0.0123343 0.0105173 0.00949834 0.008998 0.00898536 0.0115514 0.00930288 0.0147018 0.0104735 0.0132387 0.00982021 0.0102709 0.0103512 0.008719 0.00879652 0.00878113 0.00918449 0.00951431 0.0132326 0.00930354 0.0144777 0.0132662 0.00950511 0.00841793 0.00847027 0.00802957 0.00817448 0.00842368 0.00859825 0.0102036 0.0098998 0.0111776 0.0112657 0.0103426 0.00884349 0.00838757 0.00808383 0.00865627 0.00827194 0.01056 0.00882833 0.0103278 0.00842054 0.00895451 0.00851598 0.00866173 0.00888139 0.00823886 0.00817026 0.0083721 0.00804387 0.00817576 
0.0134579 0.0153734 0.0275011 0.0148153 0.0187613 0.0108563 0.0094613 0.00887038 0.00950909 0.00885056 0.0109885 0.0162185 0.848483 0.0166943 0.00797945 0.00584061 0.00333834 0.00324647 0.00319913 0 0.00322579 0.00323639 0.00325187 0.00327999 0.00658127 0.00778049 0.00736889 0.550877 0.0548202 0.0201876 0.0133622 0.00994103 0.0131406 0.010878 0.0124183 0.0125792 0.0136178 0.00985136 0.00929477 0.0104958 0.0102012 0.0157669 0.0131087 0.0232761 0.0105958 0.015679 0.0119556 0.0107674 0.0091372 0.00864857 0.00914775 0.0103503 0.0150903 0.0136096 0.0198309 0.0192757 0.0161946 0.00962684 0.00874934 0.00835474 0.00816603 0.00809958 0.00854818 0.00981524 0.0112087 0.014034 0.015111 0.0152942 0.012357 0.0108861 0.00879233 0.00818734 0.00842734 0.00959487 0.0101267 0.0128093 0.0100724 0.0093044 0.00873536 0.0086234 0.00940012 0.00988238 0.00868263 0.00855006 0.00847887 0.00819165 0.00820218 
0.0136002 0.019497 0.0253433 0.0262024 0.0163182 0.012631 0.0106082 0.00915824 0.00928951 0.00934103 0.0242973 0.824192 0.0167045 0.0136508 0.00817363 0.00639588 0.0034316 0.00337349 0.00326183 0.00322579 0 0.00321907 0.00329139 0.00324914 0.00769271 0.00725919 0.502772 0.0725375 0.0265853 0.0197264 0.0102381 0.010205 0.0128914 0.0107458 0.0144363 0.0124325 0.0128551 0.010972 0.0101509 0.0119407 0.0109096 0.0194942 0.0197616 0.0142007 0.0157769 0.0134083 0.0150679 0.0103066 0.00954048 0.00902041 0.00937996 0.0118491 0.0166086 0.0248674 0.0211746 0.0199557 0.0169974 0.0107261 0.00911549 0.00849983 0.00827413 0.00820392 0.00882278 0.00982586 0.0146848 0.0167225 0.0192011 0.0191311 0.016075 0.0125544 0.00873558 0.00825368 0.00855691 0.00975269 0.0118974 0.0146811 0.0105744 0.0100062 0.00890174 0.00869011 0.00990197 0.00963218 0.00899734 0.00855752 0.00856766 0.00832776 0.008216 
0.0121488 0.0249663 0.0315919 0.0191215 0.0167055 0.0174205 0.00974747 0.0101448 0.0115564 0.0469343 0.763429 0.0348779 0.0198325 0.0111267 0.00965997 0.00676894 0.00368736 0.00332255 0.00331564 0.00323639 0.00321907 0 0.00324894 0.00322851 0.00731353 0.473736 0.112756 0.0280421 0.0156913 0.00940173 0.0108067 0.0110127 0.00999851 0.0202102 0.0104672 0.0148728 0.0132348 0.0151886 0.0108456 0.00978681 0.0176853 0.0139817 0.0198242 0.0148446 0.0146609 0.0164112 0.0119477 0.0128357 0.00928231 0.00948344 0.00961517 0.0120733 0.0205079 0.0267369 0.0148932 0.0185829 0.0173127 0.0131954 0.0090612 0.00880145 0.00826414 0.00827548 0.00903107 0.00972461 0.0175485 0.0163319 0.0209339 0.0170086 0.0195665 0.011247 0.00937142 0.0082482 0.00907012 0.00879437 0.0149942 0.0109765 0.0146239 0.00920653 0.00938617 0.00912922 0.00913875 0.010536 0.00875952 0.00843886 0.0087399 0.00827057 0.00841289 
0.0185988 0.0158694 0.0132068 0.0132901 0.012354 0.012424 0.0153862 0.0184217 0.06116 0.429757 0.0274609 0.0127054 0.0101021 0.0101196 0.00941763 0.00873846 0.0037835 0.00482312 0.00331329 0.00325187 0.00329139 0.00324894 0 0.0032148 0.550747 0.116631 0.0148662 0.0165456 0.00777008 0.0129072 0.00848915 0.00927467 0.0352532 0.008644 0.0132291 0.00983268 0.0171144 0.0195086 0.0113537 0.0178648 0.0110483 0.0169572 0.0103733 0.0115352 0.0121516 0.00979581 0.0120516 0.00914885 0.0101674 0.00897935 0.00959528 0.0143379 0.014361 0.0111476 0.0119977 0.0105993 0.0123521 0.011751 0.0101357 0.00848798 0.00907787 0.00820621 0.00906047 0.0113709 0.0100998 0.0130491 0.0126384 0.0138158 0.0112099 0.012188 0.00905939 0.00852967 0.00887339 0.0124981 0.00907313 0.0163156 0.00935214 0.0137075 0.00847116 0.00911621 0.0103593 0.00903574 0.00865526 0.00840834 0.00843447 0.00866896 0.0081656 
0.0180771 0.0132955 0.0110308 0.0103389 0.00962964 0.0134037 0.0118352 0.121574 0.233504 0.0135128 0.0096858 0.0117096 0.0095796 0.00910812 0.00950321 0.00767165 0.00876923 0.00350464 0.00358235 0.00327999 0.00324914 0.00322851 0.0032148 0 0.108261 0.00906293 0.00765254 0.00663353 0.00697541 0.00635957 0.0123348 0.030691 0.00879603 0.0110673 0.00865482 0.0116088 0.00906287 0.0114629 0.0431789 0.0160239 0.0134292 0.00893772 0.0109915 0.00957162 0.00971446 0.0105255 0.00899125 0.00955998 0.00884376 0.0108323 0.01803 0.0113645 0.0100921 0.0104504 0.0092202 0.00977454 0.00950546 0.0103389 0.0102801 0.0158051 0.00830983 0.00878773 0.0131971 0.00876516 0.00945837 0.00948721 0.00968449 0.00939476 0.0100181 0.00875157 0.00888481 0.00829275 0.0124987 0.00826133 0.0103616 0.00856611 0.0104352 0.00846517 0.0116822 0.0134687 0.00878714 0.0088696 0.00827234 0.0081819 0.0083875 0.00822265 0.0091643 
0.0143009 0.00978382 0.0101743 0.00921489 0.0088465 0.0104822 0.01618 0.0155165 0.0090326 0.00892971 0.00892284 0.00915412 0.00865456 0.00884826 0.00947253 0.0162012 0.00883179 0.00693237 0.00808479 0.00658127 0.00769271 0.00731353 0.550747 0.108261 0 0.00326909 0.00321489 0.0032215 0.00327325 0.00354625 0.0156963 0.00738554 0.00675192 0.00800866 0.00781605 0.00826482 0.0167998 0.162306 0.231954 0.0100568 0.00947033 0.00923292 0.00887892 0.00868382 0.00896367 0.00887261 0.00878847 0.00863647 0.00932932 0.0125024 0.0096765 0.00922225 0.0089646 0.00935578 0.00877481 0.00923253 0.00866941 0.00960103 0.0108073 0.00844861 0.00823988 0.00910554 0.00876704 0.00824547 0.00845674 0.00841528 0.00862833 0.00866418 0.00910169 0.00829866 0.00857763 0.00852828 0.00853773 0.00834615 0.00841231 0.00846958 0.00852852 0.00862304 0.0110064 0.00852159 0.0082284 0.00817526 0.00809553 0.00813947 0.00806557 0.00802986 0.00898069 
0.0113289 0.0147947 0.0113023 0.00975807 0.00989202 0.010608 0.00940033 0.00937425 0.00991155 0.00872729 0.00981673 0.00917174 0.00941377 0.00895233 0.0106064 0.0084032 0.00697452 0.00784684 0.00710652 0.00778049 0.00725919 0.473736 0.116631 0.00906293 0.00326909 0 0.00318459 0.00319656 0.00320956 0.00346542 0.00320499 0.00546892 0.0065073 0.00655635 0.00750377 0.0214037 0.126717 0.159284 0.016274 0.0093315 0.00955201 0.00946294 0.00901241 0.00955643 0.00898665 0.0094278 0.00884328 0.00911581 0.00941633 0.00847647 0.00894764 0.0100331 0.0104633 0.00959128 0.0100882 0.00929771 0.0118704 0.00925739 0.00889385 0.00832554 0.00833386 0.00825735 0.00834849 0.00896946 0.00926961 0.0106078 0.00999022 0.0124398 0.00939048 0.00915118 0.00866435 0.00825356 0.00827051 0.00906225 0.00875691 0.00984062 0.00915092 0.00902953 0.00864259 0.00832815 0.00874554 0.00880217 0.00827054 0.00814924 0.00819205 0.00832125 0.00813738 
0.0107858 0.0137776 0.0156848 0.0132978 0.011964 0.0119298 0.00915769 0.00943057 0.00892846 0.0107262 0.00932602 0.010919 0.0093531 0.0105368 0.0088892 0.00897084 0.00850735 0.00758754 0.0085598 0.00736889 0.502772 0.112756 0.0148662 0.00765254 0.00321489 0.00318459 0 0.00318145 0.00324955 0.00318924 0.00327553 0.00602003 0.0063724 0.00722627 0.013505 0.177121 0.107701 0.064793 0.00861142 0.0090687 0.00960037 0.0105115 0.0114109 0.00949553 0.00992951 0.00956908 0.00969885 0.00955768 0.00897028 0.00900038 0.00897151 0.0101329 0.010398 0.0137182 0.0110926 0.0179359 0.0104267 0.0103987 0.00882055 0.00871368 0.00828322 0.00821198 0.00856148 0.00883611 0.0116486 0.0113544 0.0157191 0.0128796 0.0132287 0.00969124 0.00851635 0.00819741 0.00849769 0.0086243 0.0108276 0.0102974 0.0112019 0.00879164 0.00876111 0.00851899 0.00909294 0.00913674 0.00863111 0.00837839 0.00843343 0.00823312 0.00816167 
0.0129231 0.0113696 0.0164371 0.0182394 0.0169338 0.00921177 0.0108414 0.00898185 0.0103033 0.0088897 0.0164646 0.00931307 0.0122901 0.00942223 0.0089697 0.00887691 0.00800426 0.0110687 0.00826658 0.550877 0.0725375 0.0280421 0.0165456 0.00663353 0.0032215 0.00319656 0.00318145 0 0.00319006 0.00326658 0.00325955 0.00456513 0.00828536 0.00875055 0.218601 0.102838 0.0677601 0.00857465 0.00815807 0.0100752 0.00848047 0.0158199 0.00917408 0.011019 0.0096329 0.0101575 0.0110544 0.00936968 0.00933796 0.00870074 0.00885328 0.00964251 0.0137592 0.00992598 0.0209214 0.0100149 0.01445 0.00903973 0.0093336 0.00831794 0.00846371 0.0082846 0.00839517 0.0105228 0.0102335 0.0165019 0.0123793 0.0150232 0.011473 0.0128284 0.00855859 0.00849117 0.00816484 0.0104235 0.0090228 0.0158202 0.00910661 0.0110051 0.00832511 0.00844929 0.00906972 0.00939674 0.00867831 0.00859834 0.00841144 0.00845081 0.00808879 
0.00878965 0.0115866 0.0160309 0.0127982 0.00992699 0.0119751 0.00848175 0.00899755 0.00863335 0.014649 0.00848801 0.0116822 0.00900323 0.0105902 0.00859559 0.00823706 0.00921908 0.00843417 0.594986 0.0548202 0.0265853 0.0156913 0.00777008 0.00697541 0.00327325 0.00320956 0.00324955 0.00319006 0 0.00318713 0.00321035 0.00560753 0.00605972 0.215844 0.0503046 0.0780679 0.00671784 0.0072839 0.00721464 0.00802476 0.0107971 0.00836044 0.0110913 0.00865324 0.00923809 0.0100119 0.00906366 0.00961298 0.00848969 0.00911153 0.00857659 0.0092841 0.00964355 0.0158799 0.00883066 0.0134306 0.0098079 0.00968969 0.00840278 0.0084779 0.00810258 0.00815144 0.00842638 0.00848601 0.0119661 0.00960864 0.0120293 0.0102791 0.0128024 0.00892686 0.00864932 0.00808119 0.00844627 0.00855707 0.0125552 0.00876266 0.0114322 0.00833672 0.00851879 0.00840661 0.00854402 0.00911968 0.00836811 0.00821711 0.00831825 0.00813319 0.00810366 
0.0131249 0.0126395 0.0111081 0.0100268 0.0100183 0.00892729 0.009845 0.00950995 0.0113248 0.00865051 0.0110783 0.008908 0.00981493 0.00870409 0.00919033 0.0089154 0.0105375 0.632281 0.018011 0.0201876 0.0197264 0.00940173 0.0129072 0.00635957 0.00354625 0.00346542 0.00318924 0.00326658 0.00318713 0 0.003249 0.00666163 0.287854 0.0154561 0.0796534 0.00694327 0.00667712 0.00734312 0.00686487 0.0109398 0.00903979 0.0122219 0.00850556 0.00915969 0.00943205 0.00885129 0.00918438 0.00851633 0.0102502 0.00849555 0.00931181 0.0106874 0.0119559 0.00888185 0.00996996 0.00922304 0.00960073 0.00880708 0.00888251 0.00858241 0.00859119 0.00822755 0.00858891 0.0101011 0.00878669 0.00998765 0.00931423 0.0105398 0.00884534 0.00921518 0.00840737 0.00821039 0.00822463 0.0146695 0.00832236 0.0112724 0.0084634 0.00964146 0.00821047 0.00869629 0.00879448 0.00869399 0.00833707 0.00823434 0.00810544 0.00829143 0.00803007 
0.0170511 0.0101312 0.00917855 0.00957058 0.00874515 0.00938007 0.00986615 0.0184367 0.00873323 0.00897344 0.00875546 0.00916129 0.00882666 0.00884394 0.00908954 0.00993364 0.549386 0.0276501 0.0120221 0.0133622 0.0102381 0.0108067 0.00848915 0.0123348 0.0156963 0.00320499 0.00327553 0.00325955 0.00321035 0.003249 0 0.206971 0.0123003 0.0287111 0.00516433 0.00578046 0.00608048 0.00652751 0.00843308 0.0130454 0.00867187 0.00863029 0.00885382 0.00859667 0.0087148 0.00909953 0.00879321 0.00989508 0.00891903 0.00948471 0.0119082 0.0100993 0.00924924 0.00927722 0.00866494 0.00915774 0.00863035 0.00904539 0.00945816 0.0108876 0.00825437 0.0086341 0.0113775 0.0084867 0.00867546 0.00853711 0.0089037 0.00869893 0.00890266 0.00840235 0.00826681 0.00839435 0.0123308 0.0081977 0.00870414 0.00844692 0.00860016 0.00836494 0.00935847 0.0101272 0.00836315 0.00847082 0.00818819 0.00809655 0.00817015 0.00801555 0.0084791 
0.0118107 0.0106704 0.0106329 0.00928527 0.00889998 0.0129493 0.0111908 0.0114838 0.00874169 0.00966573 0.00921921 0.0103663 0.00910864 0.00950904 0.0106136 0.0209252 0.0155888 0.00941037 0.0109828 0.00994103 0.010205 0.0110127 0.00927467 0.030691 0.00738554 0.00546892 0.00602003 0.00456513 0.00560753 0.00666163 0.206971 0 0.00329169 0.00338512 0.00324546 0.00337929 0.00335203 0.00364126 0.00523582 0.00673546 0.00968301 0.00701737 0.00901613 0.00789482 0.00919206 0.0222666 0.210981 0.0136461 0.0092662 0.0186869 0.0126996 0.00905751 0.00927684 0.0104291 0.009205 0.00978986 0.00874784 0.0106716 0.0111135 0.0109096 0.00820063 0.0106643 0.0103859 0.00827074 0.00879627 0.00889444 0.00898223 0.00894292 0.00890436 0.0082906 0.00897435 0.00875482 0.0111303 0.00810833 0.00970526 0.00826372 0.00990618 0.00833379 0.0149186 0.00989563 0.00828784 0.00830298 0.00807451 0.0081024 0.00817143 0.00809433 0.010305 
0.0177426 0.0118235 0.0105279 0.0129928 0.0119053 0.00926385 0.0154068 0.00963187 0.0102508 0.00863177 0.0141022 0.00937126 0.0107418 0.00961754 0.0106735 0.0130755 0.00924368 0.0237794 0.00886305 0.0131406 0.0128914 0.00999851 0.0352532 0.00879603 0.00675192 0.0065073 0.0063724 0.00828536 0.00605972 0.287854 0.0123003 0.00329169 0 0.00318536 0.00322397 0.00340031 0.00324464 0.0034552 0.00325468 0.0103582 0.00648834 0.0121064 0.0075828 0.0104148 0.0377786 0.25786 0.0305815 0.00881154 0.0195174 0.00878913 0.00931184 0.0120629 0.0122446 0.00895586 0.0130679 0.00935965 0.0100504 0.0089801 0.0113801 0.00827069 0.010001 0.00852411 0.00873595 0.0104898 0.00896558 0.0102736 0.010074 0.0110763 0.00929097 0.0111959 0.00839696 0.00902838 0.0080852 0.0131875 0.00833461 0.0136151 0.00836661 0.0164921 0.00850823 0.00845168 0.00884341 0.00851892 0.0085718 0.00822211 0.00834614 0.00890265 0.00824371 
0.00923988 0.0121454 0.0128772 0.0107978 0.00970926 0.0118791 0.00855832 0.00957182 0.0086753 0.0117673 0.00914752 0.0116925 0.0096949 0.0118157 0.00937459 0.0087247 0.01114 0.00856026 0.0135424 0.010878 0.0107458 0.0202102 0.008644 0.0110673 0.00800866 0.00655635 0.00722627 0.00875055 0.215844 0.0154561 0.0287111 0.00338512 0.00318536 0 0.00319498 0.00325136 0.00381906 0.00330457 0.00334648 0.0063258 0.00879783 0.00688535 0.0119516 0.0230065 0.241845 0.0443213 0.00883637 0.0130925 0.00857661 0.00886391 0.00928165 0.00903978 0.00906684 0.0125679 0.00892791 0.0111325 0.00928833 0.00977464 0.00841325 0.00975779 0.0082278 0.00848867 0.00873855 0.00844113 0.0116366 0.0103871 0.012303 0.0107571 0.0130861 0.00878159 0.00894068 0.00814635 0.00952476 0.00821045 0.0136204 0.00876895 0.0143607 0.00832206 0.0095767 0.00904313 0.00873581 0.00944367 0.00822345 0.00827879 0.00863437 0.00848621 0.0084091 
0.012505 0.00983919 0.0131895 0.013206 0.01216 0.00881656 0.00966999 0.00899623 0.00942153 0.00883101 0.0137047 0.0096402 0.0128832 0.0100001 0.00880507 0.0092673 0.00886042 0.0133134 0.00907665 0.0124183 0.0144363 0.0104672 0.0132291 0.00865482 0.00781605 0.00750377 0.013505 0.218601 0.0503046 0.0796534 0.00516433 0.00324546 0.00322397 0.00319498 0 0.00350489 0.00321126 0.00321941 0.00323146 0.00751016 0.0064441 0.0105979 0.0116582 0.342719 0.0322924 0.00873318 0.0107657 0.00827552 0.00904787 0.0081075 0.00859089 0.00905917 0.0113528 0.00893793 0.0144613 0.00916178 0.0113061 0.00871883 0.00893572 0.00846656 0.00848813 0.00828346 0.00861489 0.00979611 0.00956954 0.012669 0.0116232 0.0149909 0.0102782 0.0108363 0.00846628 0.00847751 0.00814728 0.0110447 0.00856974 0.0168664 0.00892219 0.0100667 0.00842906 0.00846679 0.00886363 0.00898972 0.00876835 0.00837189 0.00858605 0.00841189 0.00812497 
0.00922541 0.0128314 0.0143408 0.0155642 0.00985998 0.0103006 0.0085882 0.00913098 0.00896757 0.0102466 0.00977442 0.0136471 0.011016 0.0103459 0.009157 0.00879296 0.00975898 0.0091186 0.0123343 0.0125792 0.0124325 0.0148728 0.00983268 0.0116088 0.00826482 0.0214037 0.177121 0.102838 0.0780679 0.00694327 0.00578046 0.00337929 0.00340031 0.00325136 0.00350489 0 0.00323315 0.00319449 0.00321213 0.00568573 0.00714605 0.00904272 0.534417 0.0113357 0.00881387 0.00962472 0.00878258 0.0083323 0.00825673 0.00827945 0.00846814 0.00923885 0.00920333 0.0136512 0.0092249 0.0108496 0.00967179 0.0096976 0.0084349 0.00883857 0.00824379 0.0083631 0.00860533 0.00877908 0.0113683 0.0118154 0.0141727 0.0136128 0.0148858 0.00964296 0.00882965 0.00816901 0.00899649 0.00848232 0.0125517 0.0103045 0.0114676 0.00981688 0.00896162 0.00862363 0.00903883 0.00942447 0.00863996 0.00830824 0.00853282 0.00817653 0.00825378 
0.00942839 0.0107703 0.0179859 0.0120845 0.0119524 0.00937802 0.00886614 0.00883263 0.0091602 0.0103584 0.0117182 0.0115468 0.0110191 0.0107898 0.00897967 0.0087624 0.00865969 0.00979868 0.0105173 0.0136178 0.0128551 0.0132348 0.0171144 0.00906287 0.0167998 0.126717 0.107701 0.0677601 0.00671784 0.00667712 0.00608048 0.00335203 0.00324464 0.00381906 0.00321126 0.00323315 0 0.003206 0.00319324 0.0055585 0.00868793 0.473596 0.0135311 0.010435 0.00851778 0.00902149 0.00791416 0.00896281 0.00810952 0.00783994 0.00827199 0.00849551 0.0128518 0.00978668 0.0107788 0.0101348 0.0113995 0.00926839 0.00873784 0.00851568 0.00839485 0.0082076 0.00854397 0.00966168 0.0130975 0.0156087 0.0160448 0.0176153 0.0145093 0.0120284 0.00884474 0.00822249 0.0082774 0.0131211 0.0114299 0.0129552 0.0122828 0.00972187 0.00861047 0.00853551 0.00925382 0.0103672 0.00882268 0.0085386 0.00842607 0.00834076 0.0081632 
0.0091328 0.0123416 0.0115582 0.0104661 0.00967183 0.0119599 0.00866637 0.00903596 0.00990301 0.00991925 0.00939969 0.0094413 0.00921638 0.00937336 0.010925 0.00886237 0.00899127 0.0112167 0.00949834 0.00985136 0.010972 0.0151886 0.0195086 0.0114629 0.162306 0.159284 0.064793 0.00857465 0.0072839 0.00734312 0.00652751 0.00364126 0.0034552 0.00330457 0.00321941 0.00319449 0.003206 0 0.00318996 0.00868064 0.501231 0.00938204 0.00757315 0.0142928 0.00750619 0.00730297 0.00838706 0.00764264 0.00877947 0.00764869 0.00840669 0.0111685 0.0101284 0.0106757 0.00890473 0.00983645 0.0100334 0.0172322 0.00893706 0.0086431 0.00899478 0.00818283 0.00883143 0.00981861 0.0112225 0.0129436 0.0125128 0.0134455 0.0133996 0.011041 0.00952284 0.00835663 0.00894958 0.00984708 0.0107565 0.0113177 0.0106315 0.0114714 0.00889589 0.00885821 0.0102933 0.00988128 0.00867491 0.00827885 0.00848714 0.00830036 0.00814606 
0.0140156 0.00924823 0.00923538 0.00894213 0.00894219 0.00930953 0.0104035 0.0161937 0.0106058 0.0088809 0.00918924 0.0091778 0.00890312 0.00899874 0.00924854 0.011126 0.018225 0.00909935 0.008998 0.00929477 0.0101509 0.0108456 0.0113537 0.0431789 0.231954 0.016274 0.00861142 0.00815807 0.00721464 0.00686487 0.00843308 0.00523582 0.00325468 0.00334648 0.00323146 0.00321213 0.00319324 0.00318996 0 0.544935 0.0103564 0.00524506 0.0101701 0.00601897 0.00624383 0.00754879 0.00708169 0.00740277 0.00755858 0.00832137 0.0127598 0.010999 0.0098701 0.00877934 0.00878644 0.00912091 0.00914155 0.00989321 0.0159361 0.011404 0.00840063 0.00962404 0.0124691 0.00915869 0.00925729 0.00924004 0.00930726 0.00995004 0.00960991 0.00948805 0.00909302 0.00909773 0.0102964 0.00900666 0.00923515 0.00909117 0.00877236 0.00877647 0.0108871 0.0113757 0.00928111 0.00891399 0.00845555 0.0081961 0.00824488 0.00821412 0.00903422 
0.0170516 0.00951223 0.00931542 0.0096864 0.00885423 0.00927551 0.0276451 0.00918747 0.00872014 0.00855314 0.0106332 0.00910514 0.00913077 0.00889686 0.00980307 0.0276058 0.0116239 0.0149034 0.00898536 0.0104958 0.0119407 0.00978681 0.0178648 0.0160239 0.0100568 0.0093315 0.0090687 0.0100752 0.00802476 0.0109398 0.0130454 0.00673546 0.0103582 0.0063258 0.00751016 0.00568573 0.0055585 0.00868064 0.544935 0 0.00322869 0.00339607 0.00325963 0.00338608 0.00358589 0.00354365 0.00464362 0.004495 0.00666992 0.00906735 0.00717023 0.00780821 0.00914293 0.00848425 0.0113113 0.00865807 0.00841508 0.00868796 0.0608343 0.00902636 0.0122456 0.0119797 0.0100488 0.010062 0.00889677 0.00920241 0.00954058 0.0103236 0.00902511 0.00918783 0.00885717 0.0137444 0.00852746 0.0108274 0.00847506 0.0108191 0.0085537 0.0118614 0.0114996 0.00894228 0.00891407 0.00844319 0.00860776 0.00841802 0.00834688 0.00849203 0.00987177 
0.00848055 0.0110516 0.00954427 0.00867565 0.00873063 0.0113126 0.00847371 0.00894641 0.00865386 0.00945687 0.00873427 0.0100222 0.00899304 0.00925858 0.0117759 0.00876565 0.0105191 0.00888853 0.0115514 0.0102012 0.0109096 0.0176853 0.0110483 0.0134292 0.00947033 0.00955201 0.00960037 0.00848047 0.0107971 0.00903979 0.00867187 0.00968301 0.00648834 0.00879783 0.0064441 0.00714605 0.00868793 0.501231 0.0103564 0.00322869 0 0.00319622 0.00320065 0.0032171 0.00323997 0.00333613 0.00331312 0.00385526 0.00444811 0.00501512 0.00649216 0.00729596 0.00828353 0.00914162 0.00804996 0.00894812 0.00833182 0.023488 0.0129624 0.0187417 0.00855942 0.00855098 0.00928012 0.00906334 0.0107549 0.0100537 0.0110014 0.0101698 0.0131959 0.00871617 0.0129258 0.00829161 0.00967857 0.00829547 0.0146933 0.00864688 0.0130399 0.00869966 0.010551 0.00911422 0.00873958 0.00898368 0.00817363 0.00814862 0.00840134 0.00829961 0.00852087 
0.0134589 0.00923239 0.0119751 0.0133148 0.0120998 0.00857294 0.010244 0.00871605 0.00961502 0.0088001 0.0149038 0.00930734 0.0109493 0.0116483 0.00879566 0.00978243 0.00870271 0.0145526 0.00930288 0.0157669 0.0194942 0.0139817 0.0169572 0.00893772 0.00923292 0.00946294 0.0105115 0.0158199 0.00836044 0.0122219 0.00863029 0.00701737 0.0121064 0.00688535 0.0105979 0.00904272 0.473596 0.00938204 0.00524506 0.00339607 0.00319622 0 0.00322621 0.0031983 0.00330734 0.00328222 0.00364145 0.00342788 0.00425635 0.00371051 0.00624378 0.00727178 0.0107066 0.00808076 0.0104944 0.00880752 0.0142849 0.0161123 0.601473 0.00860602 0.00890768 0.008374 0.00888056 0.013385 0.0107349 0.0197613 0.0156679 0.0205773 0.0109882 0.0230186 0.008676 0.00893426 0.00818603 0.0171811 0.00875766 0.0311539 0.00935819 0.0153017 0.00857701 0.00870348 0.00990258 0.0099964 0.010936 0.00866762 0.00880217 0.00863131 0.00825257 
