1M1TA
STPSIVIASAARTAVGSFNGAFANTPAHELGATVISAVLERAGVAAGEVNEVILGQVLPAGEGANPARQAAMKAGVPQEATAWGMNQLCGSGLRAVALGMQQIATGDASIIVAGGMESMSMAPHCAHLRGGVKMGDFKMIDTMIKDGLTDAFYGYHMGTTAENVAKQWQLSRDEQDAFAVASQNKAEAAQKDGRFKDEIVPFIVKGRKGDITVDADEYIRHGATLDSMAKLRPAFDKEGTVTAGNASGLNDGAAAALLMSEAEASRRGIQPLGRIVSWATVGVDPKVMGTGPIPASRKALERAGWKIGDLDLVEANEAFAAQACAVNKDLGWDPSIVNVNGGAIAIGHPIGASGARILNTLLFEMKRRGARKGLATLCIGGGMGVAMCIESL
CCCCEEEEEEEECCCEECCCCCCCCCHHHHHHHHHHHHHHHHCCCHHHCCEEEEECCCCCCCCCCHHHHHHHHCCCCCCCEEEEEECHHHHHHHHHHHHHHHHHCCCCCEEEEEEEEECCCCCEEECCCCCCCCCCEEEEEHHHHHHCECCCCCCEHHHHHHHHHHHHCCCHHHHHHHHHHHHHHHHHHHHHCCCCCCECCEEECCCCCCEEECCCCCCCCCCCHHHHHCCCCCCCCCCCCCCCCECCCEEEEEEEEEEEHHHHHHHCCCCCEEEEEEEEEECCHHHHHHCHHHHHHHHHHHHCCCHHHCCEEEECCCEHHHHHHHHHHHCCCHHHECCCCCHHHHCCCHHHHHHHHHHHHHHHHHHHCCCEEEEEEEECCCEEEEEEEECC
0 0 0 0 0 0 0 0 0 0 0 0 0 0 0 0 0 0 0 0 0 0 0 0 0 0 0 0 0 0 0 0 0 0 0 0 0 0 0 0 0 0 0 0 0 0 0 0 0 0 0 0 0 0 0 0 0 0 0 0 0 0 0 0 0 0 0 0 0 0 0 0 0 0 0 0 0 0 0 0 0 0 0 0 0 0 0 0 0 0 0 0 0 0 0 0 0 0 0 0 0 0 0 0 0 0 0 0 0 0 0 0 0 0 0 0 0 0 0 0 0 0 0 0 0 0 0 0 0 0 0 0 0 0 0 0 0 0 0 0 0 0 0 0 0 0 0 0 0 0 0 0 0 0 0 0 0 0 0 0 0 0 0 0 0 0 0 0 0 0 0 0 0 0 0 0 0 0 0 0 0 0 0 0 0 0 0 0 0 0 0 0 0 0 0 0 0 0 0 0 0 0 0 0 0 0 0 0 0 0 0 0 0 0 0 0 0 0 0 0 0 0 0 0 0 0 0 0 0 0 0 0 0 0 0 0 0 0 0 0 0 0 0 0 0 0 0 0 0 0 0 0 0 0 0 0 0 0 0 0 0 0 0 0 0 0 0 0 0 0 0 0 0 0 0 0 0 0 0 0 0 0 0 0 0 0 0 0 0 0 0 0 0 0 0 0 0 0 0 0 0 0 0 0 0 0 0 0 0 0 0 0 0 0 0 0 0 0 0 0 0 0 0 0 0 0 0 0 0 0 0 0 0 0 0 0 0 0 0 0 0 0 0 0 0 0 0 0 0 0 0 0 0 0 0 0 0 0 0 0 0 0 0 0 0 0 0 0 0 0 0 0 0 0 0 0 0 0 0 0 0 0 0 0 0 0 0 0 0 0 0 0 
0 0 0 0 0 0 0 0 0 0 0 0 0 0 0 0 0 0 0 0 0 0 0 0 0 0 0 0 0 0 0 0 0 0 0 0 0 0 0 0 0 0 0 0 0 0 0 0 0 0 0 0 0 0 0 0 0 0 0 0 0 0 0 0 0 0 0 0 0 0 0 0 0 0 0 0 0 0 0 0 0 0 0 0 0 0 0 0 0 0 0 0 0 0 0 0 0 0 0 0 0 0 0 0 0 0 0 0 0 0 0 0 0 0 0 0 0 0 0 0 0 0 0 0 0 0 0 0 0 0 0 0 0 0 0 0 0 0 0 0 0 0 0 0 0 0 0 0 0 0 0 0 0 0 0 0 0 0 0 0 0 0 0 0 0 0 0 0 0 0 0 0 0 0 0 0 0 0 0 0 0 0 0 0 0 0 0 0 0 0 0 0 0 0 0 0 0 0 0 0 0 0 0 0 0 0 0 0 0 0 0 0 0 0 0 0 0 0 0 0 0 0 0 0 0 0 0 0 0 0 0 0 0 0 0 0 0 0 0 0 0 0 0 0 0 0 0 0 0 0 0 0 0 0 0 0 0 0 0 0 0 0 0 0 0 0 0 0 0 0 0 0 0 0 0 0 0 0 0 0 0 0 0 0 0 0 0 0 0 0 0 0 0 0 0 0 0 0 0 0 0 0 0 0 0 0 0 0 0 0 0 0 0 0 0 0 0 0 0 0 0 0 0 0 0 0 0 0 0 0 0 0 0 0 0 0 0 0 0 0 0 0 0 0 0 0 0 0 0 0 0 0 0 0 0 0 0 0 0 0 0 0 0 0 0 0 0 0 0 0 0 0 0 0 0 0 0 0 0 0 0 0 0 0 0 0 0 0 0 0 0 0 
0 0.00336457 0.00331413 0.00327594 0.00351475 0.00331468 0.00359137 0.00786477 0.0115087 0.0147138 0.125275 0.0351973 0.0172737 0.0150151 0.0242038 0.0151323 0.0119367 0.0127127 0.0109762 0.011472 0.0152793 0.024242 0.0110505 0.0133334 0.0107942 0.00959655 0.00919469 0.00877089 0.00888215 0.0110293 0.0101069 0.00862457 0.0111659 0.00905753 0.00835937 0.00921525 0.00945287 0.00986267 0.00993657 0.00832012 0.00911778 0.00904698 0.00835643 0.00894747 0.00829049 0.00833698 0.00906292 0.00837126 0.00815966 0.00824118 0.00825534 0.00834283 0.0083818 0.00857844 0.00864883 0.00861678 0.00861862 0.00836137 0.00855852 0.00834606 0.00844677 0.00855939 0.0084123 0.00850037 0.00863776 0.008391 0.00852717 0.00850782 0.00882785 0.00862882 0.00857524 0.00867952 0.00905365 0.00962952 0.00946063 0.00905327 0.0088111 0.00934126 0.0096042 0.00948984 0.0101629 0.00998471 0.0100391 0.00872652 0.00906679 0.00928784 0.00967844 0.0102424 0.00993629 0.00991842 0.0110059 
0.00336457 0 0.00331791 0.00329999 0.00334188 0.00330405 0.00404969 0.00482436 0.0109413 0.00915339 0.0566845 0.208802 0.0698901 0.0494488 0.0130636 0.0150148 0.0408287 0.0282036 0.0320657 0.0173014 0.0112666 0.0130553 0.0313546 0.0273664 0.0237974 0.0168874 0.0138478 0.0112263 0.010935 0.00931101 0.0103831 0.00956987 0.00900248 0.00861495 0.0102282 0.0103195 0.0111342 0.00924228 0.0082628 0.00818754 0.00834496 0.00868499 0.00871383 0.00841138 0.00855219 0.00851874 0.00828774 0.00830324 0.00817722 0.00843422 0.00850774 0.00892479 0.00891922 0.00925089 0.00978796 0.00958239 0.00965391 0.00877204 0.00847049 0.0084622 0.00896735 0.00897315 0.00887712 0.00949959 0.00888906 0.00889697 0.00887237 0.00902146 0.00897654 0.00876169 0.00929052 0.00941526 0.00894421 0.0092435 0.00882062 0.00915666 0.00987221 0.0101732 0.0107691 0.0105941 0.0107376 0.0104464 0.00977217 0.00964283 0.010105 0.0103402 0.0107715 0.0109431 0.0107332 0.0110275 0.0102165 
0.00331413 0.00331791 0 0.00326163 0.00328729 0.00331137 0.00322955 0.00363141 0.00727562 0.00804337 0.0395636 0.0668531 0.291674 0.0613409 0.0208072 0.0124611 0.0274108 0.0736275 0.055218 0.0215863 0.0122747 0.0157291 0.0287883 0.0701807 0.0509596 0.030835 0.0187998 0.0170402 0.0115631 0.0099395 0.0105586 0.009743 0.00958401 0.00878082 0.00967333 0.0187323 0.0113526 0.00928409 0.00826593 0.00808422 0.00837221 0.0090053 0.00862165 0.00841953 0.00856879 0.00845822 0.00836675 0.00833382 0.00820417 0.00855579 0.00882884 0.00903493 0.00919501 0.00977176 0.010192 0.0102477 0.0096392 0.00894805 0.00841503 0.0087588 0.00882496 0.00914965 0.00910056 0.00991048 0.00930956 0.00889461 0.00986281 0.00908448 0.00895971 0.00892295 0.00921344 0.00968791 0.00872784 0.00896955 0.00872191 0.00962092 0.0100841 0.0106862 0.0108909 0.0114454 0.0112166 0.0113724 0.01023 0.0104514 0.0108253 0.0113058 0.0118259 0.0119686 0.0119833 0.010933 0.00995782 
0.00327594 0.00329999 0.00326163 0 0.00323394 0.00321429 0.00324037 0.00329059 0.00532183 0.00645884 0.0243863 0.0774218 0.104585 0.0842195 0.0197582 0.0102672 0.0304251 0.0606526 0.0445168 0.0234984 0.0118739 0.0159463 0.01926 0.0444029 0.0411284 0.0267159 0.0176748 0.0145431 0.0101229 0.00955867 0.0102508 0.00943615 0.00941623 0.00884317 0.00935892 0.0127251 0.0107347 0.00885769 0.00814216 0.00808795 0.0082249 0.00883339 0.00844858 0.00830724 0.00829352 0.0083287 0.00823614 0.00824559 0.0081252 0.00832788 0.00850821 0.00855641 0.00876163 0.00901174 0.0094005 0.00927913 0.00923069 0.00865954 0.00829419 0.00837179 0.00853569 0.00880811 0.00859426 0.00919176 0.00864097 0.00859438 0.00864696 0.00865638 0.00863217 0.00846643 0.00886132 0.00888433 0.00849233 0.00867724 0.00862902 0.00890726 0.00957716 0.00997301 0.01023 0.0104192 0.0103374 0.0104316 0.00969637 0.00937549 0.0102933 0.0102966 0.010663 0.0107775 0.0110007 0.0102208 0.00959291 
0.00351475 0.00334188 0.00328729 0.00323394 0 0.00320867 0.00322791 0.00323961 0.00418654 0.00604797 0.0325706 0.030292 0.128005 0.0370059 0.0199042 0.0111209 0.0205312 0.039279 0.0351546 0.0125718 0.0111365 0.0104373 0.0181752 0.0305828 0.0294161 0.0206213 0.0157107 0.0104417 0.00978758 0.00937672 0.00949071 0.00897348 0.00884815 0.0084225 0.00960799 0.0101737 0.00982924 0.00872194 0.00818524 0.00811735 0.0082444 0.00862702 0.00841248 0.00825913 0.00841544 0.00835655 0.00822119 0.00819711 0.00823243 0.00834832 0.00844934 0.00857922 0.00855631 0.00887426 0.00908749 0.00896562 0.00885926 0.00845534 0.00822382 0.00863799 0.00846176 0.00863629 0.00849712 0.00865219 0.00871313 0.00852494 0.00858361 0.00857809 0.00847344 0.00854733 0.00875908 0.00881934 0.00843081 0.00882407 0.00841732 0.00922677 0.00970181 0.0101264 0.0104145 0.0107027 0.0106224 0.0104396 0.00929015 0.00984544 0.0105874 0.0104681 0.0108477 0.0111679 0.0113589 0.0104013 0.00940191 
0.00331468 0.00330405 0.00331137 0.00321429 0.00320867 0 0.00319894 0.00323327 0.00373321 0.00546776 0.0277944 0.047337 0.0764842 0.0448479 0.0174655 0.0109335 0.0204378 0.0314148 0.0242633 0.0153794 0.0110761 0.0112973 0.0144778 0.0324326 0.0334065 0.0181262 0.0126025 0.0115761 0.00935073 0.00914159 0.0095805 0.00914438 0.00929201 0.00855354 0.00893078 0.011114 0.00945614 0.00875986 0.00814524 0.00824921 0.00816417 0.00863765 0.00832296 0.00824353 0.00835138 0.00827549 0.00823454 0.00817509 0.00816508 0.00830589 0.00840752 0.00845744 0.00848844 0.0086654 0.00882132 0.00875724 0.00865206 0.00842857 0.00820733 0.00839348 0.00841916 0.00860395 0.00845895 0.00883567 0.00855065 0.00848257 0.00851829 0.00842042 0.00834215 0.00841112 0.00861585 0.00862551 0.00834967 0.0087032 0.00842766 0.00865455 0.00927268 0.00975205 0.0101097 0.0102538 0.010201 0.0100895 0.00897846 0.00889495 0.0098727 0.0100035 0.0104307 0.0104819 0.0108227 0.0101825 0.00924963 
0.00359137 0.00404969 0.00322955 0.00324037 0.00322791 0.00319894 0 0.00325656 0.00449202 0.0167668 0.0144708 0.0279573 0.0447785 0.0934336 0.0238819 0.00985394 0.0185452 0.0154684 0.0165247 0.0190549 0.0110627 0.00995809 0.0137494 0.0184942 0.0159938 0.0116054 0.0111455 0.00951087 0.0108167 0.00960947 0.00907862 0.00995232 0.00867317 0.00825018 0.00878197 0.00913981 0.00952933 0.00852406 0.00841869 0.00806493 0.00821063 0.00847894 0.00836342 0.0082991 0.00824985 0.00829561 0.0083058 0.00818072 0.0081621 0.00820925 0.00832136 0.00839248 0.00844999 0.00855044 0.00868325 0.00866803 0.00861029 0.00833661 0.008233 0.00835176 0.00840984 0.00845864 0.00837691 0.00851123 0.00848102 0.00838483 0.00840856 0.00842087 0.00838213 0.00841986 0.0085911 0.00862754 0.00833024 0.00876238 0.00845566 0.00858351 0.00908467 0.00956745 0.009777 0.00990121 0.00989208 0.00981324 0.00887262 0.00891957 0.00958784 0.00957177 0.00998563 0.0101504 0.0101262 0.00976464 0.00889826 
0.00786477 0.00482436 0.00363141 0.00329059 0.00323961 0.00323327 0.00325656 0 0.0177335 0.00890422 0.0206889 0.016773 0.0220186 0.0364229 0.0462055 0.0170039 0.0112562 0.0108973 0.0106563 0.0108425 0.0141238 0.0133238 0.0108103 0.0105561 0.0102869 0.00983326 0.00961205 0.00923258 0.00890175 0.0103455 0.0119825 0.00858086 0.0088931 0.00916686 0.00845817 0.00865318 0.00856699 0.00888163 0.00990488 0.00888202 0.00896633 0.00879416 0.00823947 0.00831692 0.00861767 0.00819704 0.00824011 0.00873521 0.00848152 0.00811642 0.00818529 0.00823839 0.00833564 0.00834728 0.00836911 0.00840269 0.00833889 0.00823899 0.00823682 0.00866507 0.00838819 0.00832957 0.00826024 0.00853042 0.00828637 0.00827713 0.00828579 0.00823745 0.00830827 0.00872737 0.00853859 0.00848104 0.00846539 0.00954372 0.00908024 0.00932972 0.00892903 0.00919784 0.00957768 0.00934755 0.00954521 0.00939568 0.00919119 0.0100531 0.00951231 0.00959056 0.00960679 0.00983567 0.010242 0.00919169 0.00932607 
0.0115087 0.0109413 0.00727562 0.00532183 0.00418654 0.00373321 0.00449202 0.0177335 0 0.00597453 0.0300417 0.0307519 0.0180448 0.0317822 0.0282841 0.00965041 0.0106523 0.00948926 0.00935693 0.0102273 0.0128476 0.0106745 0.0101583 0.00941182 0.00935082 0.00910424 0.00861465 0.00838355 0.00856833 0.0100431 0.00906507 0.00864347 0.00948999 0.00826609 0.00826825 0.00835783 0.00876126 0.00871979 0.00899002 0.0082719 0.00832295 0.00834144 0.00816646 0.00838038 0.00802817 0.00817119 0.00836074 0.00821787 0.00802731 0.0081112 0.00809746 0.00821317 0.00822825 0.0082989 0.00834211 0.00828931 0.00829053 0.00825087 0.00824567 0.0081521 0.00829874 0.00832632 0.00826579 0.00827704 0.00830321 0.00829354 0.00825759 0.00829365 0.00835217 0.0083026 0.00840824 0.00860249 0.00861376 0.00924803 0.00894047 0.00851438 0.00858331 0.00877638 0.00888935 0.008976 0.00902622 0.00907387 0.00920384 0.00869129 0.00887891 0.00878291 0.00912384 0.00929607 0.00918413 0.00908772 0.00928037 
0.0147138 0.00915339 0.00804337 0.00645884 0.00604797 0.00546776 0.0167668 0.00890422 0.00597453 0 0.0137629 0.0127381 0.0164896 0.0492451 0.0515698 0.0117366 0.00954725 0.00890367 0.00925069 0.0094511 0.0109038 0.0100364 0.00926322 0.00891449 0.00867734 0.00847725 0.00853134 0.0083401 0.00853246 0.00900243 0.0096986 0.00867647 0.00844551 0.00836273 0.00833389 0.00822728 0.00854618 0.00843113 0.00975703 0.00838377 0.00900094 0.00829878 0.0083449 0.00820605 0.00833738 0.00825602 0.00816851 0.00841278 0.00826248 0.00817684 0.00814528 0.00825735 0.00821403 0.00829488 0.00828826 0.00833743 0.00832882 0.00821092 0.00824471 0.00849518 0.00843815 0.00830298 0.00822428 0.00832521 0.00823963 0.00826852 0.00822145 0.00830074 0.00851964 0.00841297 0.00858749 0.00867495 0.00856083 0.00944222 0.00882112 0.0087804 0.00883348 0.00877895 0.00888521 0.00883613 0.00878809 0.00883589 0.00907098 0.00933939 0.00888534 0.0087456 0.00886464 0.00907825 0.00893759 0.00891691 0.00934152 
0.125275 0.0566845 0.0395636 0.0243863 0.0325706 0.0277944 0.0144708 0.0206889 0.0300417 0.0137629 0 0.00341703 0.00326966 0.0032602 0.00347981 0.687218 0.0169032 0.0143458 0.0112864 0.0112184 0.0271054 0.0398943 0.024992 0.0142897 0.0124628 0.0126696 0.0102925 0.00914312 0.00942125 0.0151947 0.0122611 0.00903399 0.0114965 0.00966493 0.0091593 0.00924256 0.010023 0.0110329 0.00973217 0.00906326 0.00924747 0.00884386 0.00828606 0.00865747 0.00836739 0.0082147 0.00876108 0.0081982 0.00831199 0.008124 0.00821068 0.00839803 0.00840571 0.00932132 0.00916181 0.00880342 0.00846172 0.00829691 0.00831535 0.00845428 0.00820915 0.00832176 0.00824662 0.00844006 0.00840308 0.00827552 0.00823429 0.00844706 0.00836487 0.0085308 0.0083234 0.00833753 0.00849435 0.00955889 0.00841231 0.00844357 0.00838968 0.0083734 0.00842637 0.00855406 0.00880274 0.00860274 0.00849424 0.00839259 0.00838747 0.00839602 0.00852081 0.00885372 0.00867818 0.00849774 0.00903865 
0.0351973 0.208802 0.0668531 0.0774218 0.030292 0.047337 0.0279573 0.016773 0.0307519 0.0127381 0.00341703 0 0.0032205 0.00325504 0.00331486 0.038018 0.652374 0.0219501 0.0340612 0.0570513 0.0113914 0.0331724 0.0604117 0.045773 0.0325043 0.0215904 0.0163544 0.0134907 0.0137782 0.0101087 0.0129074 0.0112436 0.0101956 0.00961829 0.0111402 0.0146465 0.0136563 0.00969659 0.00846231 0.00819479 0.00845669 0.00912552 0.00847408 0.00852513 0.00826068 0.00833657 0.00839684 0.00816442 0.00821043 0.00834268 0.00837784 0.0085522 0.00852466 0.00886957 0.00888349 0.00889697 0.00868548 0.00835842 0.00824694 0.00830699 0.00842664 0.00860461 0.00841787 0.00862956 0.00851799 0.00847976 0.00847839 0.00843551 0.0084187 0.00840619 0.00854424 0.00865537 0.00842908 0.00859304 0.00846854 0.00844158 0.00854062 0.0087936 0.00900926 0.00903888 0.00915106 0.00919297 0.00888036 0.00836185 0.0087409 0.00878073 0.00907432 0.00930244 0.00932825 0.00908052 0.00885562 
0.0172737 0.0698901 0.291674 0.104585 0.128005 0.0764842 0.0447785 0.0220186 0.0180448 0.0164896 0.00326966 0.0032205 0 0.00322515 0.00323798 0.0373622 0.0370664 0.594716 0.115612 0.0281786 0.0117327 0.0152016 0.0583407 0.147215 0.109258 0.0518742 0.0370815 0.0291392 0.0145586 0.0114371 0.0126342 0.0110876 0.0105379 0.00909876 0.0122956 0.0270451 0.0153537 0.0100986 0.0084021 0.00819849 0.00828936 0.00916766 0.00854962 0.00870085 0.00838155 0.00845586 0.00829216 0.00819639 0.00816374 0.00867938 0.00888502 0.00932274 0.00953555 0.00952004 0.0110054 0.0102739 0.0103585 0.00855323 0.00834231 0.00836715 0.00865464 0.00919543 0.00872638 0.00938456 0.00882969 0.00878414 0.00905645 0.00867115 0.00863258 0.00851737 0.00885668 0.00893713 0.00833508 0.00846947 0.00833115 0.00857509 0.00872569 0.00910079 0.0092293 0.00931041 0.00954124 0.00957357 0.00879679 0.00871414 0.00915099 0.00918227 0.00956566 0.00991548 0.00974444 0.00905506 0.0087277 
0.0150151 0.0494488 0.0613409 0.0842195 0.0370059 0.0448479 0.0934336 0.0364229 0.0317822 0.0492451 0.0032602 0.00325504 0.00322515 0 0.0034773 0.0138736 0.114272 0.0662162 0.438168 0.0769759 0.0333699 0.0131163 0.0305687 0.0594978 0.0486008 0.0397826 0.0225276 0.0159503 0.0307545 0.0147331 0.0125224 0.0233116 0.01361 0.00917551 0.0110213 0.0134294 0.0197073 0.012746 0.00898374 0.00849637 0.00849524 0.00891489 0.00881168 0.00836111 0.00826304 0.00838245 0.00825087 0.00817643 0.00812862 0.00830984 0.00844175 0.00855262 0.00862189 0.00902127 0.00914496 0.0092769 0.00938883 0.00855662 0.00817159 0.00829191 0.00845501 0.00873773 0.00844074 0.0087589 0.00849008 0.00847142 0.00847379 0.00842908 0.00837758 0.00850662 0.00867014 0.00867795 0.00828087 0.00851414 0.00834413 0.008384 0.00881672 0.00906483 0.00907344 0.00923271 0.00947913 0.00917069 0.00866195 0.00845184 0.00899043 0.00901645 0.00930566 0.00949709 0.00926359 0.00887643 0.00838163 
0.0242038 0.0130636 0.0208072 0.0197582 0.0199042 0.0174655 0.0238819 0.0462055 0.0282841 0.0515698 0.00347981 0.00331486 0.00323798 0.0034773 0 0.0188442 0.0224521 0.0557169 0.0269638 0.387429 0.114656 0.0250618 0.0124886 0.0174513 0.0179891 0.0143511 0.0131269 0.0112989 0.0135365 0.0221438 0.017954 0.0116195 0.0133246 0.0119433 0.00876604 0.00939097 0.0108607 0.0120563 0.0116337 0.0089499 0.0092249 0.0106564 0.00825246 0.00858273 0.00842237 0.00821654 0.00847471 0.00877878 0.00831829 0.00817134 0.00829247 0.00828708 0.00834571 0.00851812 0.00861374 0.0086232 0.00897715 0.00847855 0.00825221 0.00859483 0.00820719 0.0084941 0.00836139 0.00832389 0.00828312 0.00830108 0.00823854 0.00826746 0.0083624 0.00877927 0.00834855 0.00831764 0.00840113 0.00873813 0.00870316 0.00848685 0.00843102 0.00845851 0.00848417 0.0085959 0.00864682 0.00864703 0.00879526 0.00886357 0.00861155 0.00851929 0.00863307 0.00887019 0.00867703 0.00848522 0.00847406 
0.0151323 0.0150148 0.0124611 0.0102672 0.0111209 0.0109335 0.00985394 0.0170039 0.00965041 0.0117366 0.687218 0.038018 0.0373622 0.0138736 0.0188442 0 0.00328647 0.00327407 0.00323254 0.00327079 0.00610574 0.0519613 0.0261962 0.0134345 0.0110749 0.0110036 0.0105095 0.00906808 0.0101457 0.0179622 0.0155478 0.0101163 0.0137858 0.00952735 0.0100761 0.00927261 0.010191 0.0133849 0.0119713 0.0109641 0.00959114 0.00876825 0.00855495 0.00926876 0.00819935 0.00835297 0.00916185 0.00823307 0.00818154 0.00817083 0.0081323 0.00827073 0.00851369 0.00848255 0.00850769 0.00836192 0.00847273 0.00833253 0.00867943 0.00832892 0.00822324 0.00819246 0.00811549 0.00821419 0.00835711 0.0081603 0.00813695 0.0082269 0.00837635 0.00830657 0.00830125 0.00825487 0.00829963 0.00887555 0.00822721 0.00828489 0.00821717 0.00826608 0.00827367 0.00846842 0.00844783 0.00843313 0.008328 0.00830719 0.00828113 0.00841642 0.00828841 0.00852215 0.00839775 0.00836036 0.00866444 
0.0119367 0.0408287 0.0274108 0.0304251 0.0205312 0.0204378 0.0185452 0.0112562 0.0106523 0.00954725 0.0169032 0.652374 0.0370664 0.114272 0.0224521 0.00328647 0 0.00324667 0.00324877 0.00324754 0.00327399 0.0751586 0.0575206 0.030531 0.0274517 0.0220071 0.015092 0.0166286 0.0151661 0.0113026 0.0124964 0.0150169 0.0110635 0.0102691 0.010522 0.0167825 0.0148671 0.0110672 0.00859135 0.00825797 0.00831498 0.00922753 0.00848499 0.00873812 0.00827841 0.00821739 0.00826259 0.00807423 0.00806714 0.00838477 0.00850477 0.00865105 0.00886582 0.00897665 0.00929118 0.00927259 0.00886474 0.00838279 0.00817395 0.00825053 0.00831756 0.00877898 0.00837468 0.00863717 0.00858917 0.00848701 0.00836561 0.00838569 0.00829179 0.00830623 0.00842602 0.00835826 0.00827746 0.00835204 0.00826116 0.00830876 0.0084428 0.00854521 0.00861619 0.00877179 0.00893487 0.0087188 0.00846934 0.00827835 0.00858334 0.00853896 0.00865512 0.0089346 0.00889257 0.00853038 0.00842002 
0.0127127 0.0282036 0.0736275 0.0606526 0.039279 0.0314148 0.0154684 0.0108973 0.00948926 0.00890367 0.0143458 0.0219501 0.594716 0.0662162 0.0557169 0.00327407 0.00324667 0 0.00321729 0.0032288 0.00321554 0.0346593 0.0449161 0.0841322 0.0585888 0.0299678 0.03388 0.0267605 0.0254614 0.0122632 0.0129872 0.0112538 0.0109103 0.00939026 0.0130105 0.0257078 0.0151527 0.0112257 0.00867042 0.00830447 0.00827945 0.0087928 0.00876136 0.00842218 0.00831558 0.00830929 0.00833871 0.00809972 0.00816317 0.00857793 0.00924965 0.0092959 0.0092266 0.00992793 0.0105428 0.0104182 0.00974795 0.0086726 0.00817541 0.0082922 0.00850241 0.008961 0.00859072 0.00917138 0.008737 0.00867511 0.00870564 0.00842855 0.00834753 0.00825403 0.00853576 0.00845944 0.00821488 0.00813695 0.00816403 0.00829932 0.00842571 0.00857679 0.00856839 0.00873672 0.0092679 0.00862158 0.00831404 0.00830964 0.00853944 0.00858769 0.00863641 0.00904466 0.00882999 0.00844968 0.00841931 
0.0109762 0.0320657 0.055218 0.0445168 0.0351546 0.0242633 0.0165247 0.0106563 0.00935693 0.00925069 0.0112864 0.0340612 0.115612 0.438168 0.0269638 0.00323254 0.00324877 0.00321729 0 0.00320072 0.00319184 0.0309993 0.0658992 0.0939378 0.0500767 0.0359713 0.0378702 0.0284855 0.01843 0.0128141 0.0131787 0.0124873 0.0106089 0.00911857 0.0161634 0.0199541 0.0147384 0.0125427 0.00883133 0.0083732 0.00822268 0.00894143 0.00892518 0.00836188 0.00832599 0.00835016 0.00820852 0.00806919 0.00810583 0.00857605 0.00886377 0.00916236 0.00899975 0.00966044 0.0100754 0.00981971 0.0100662 0.008405 0.0081358 0.0089255 0.00842821 0.00883156 0.00867538 0.00895981 0.00869019 0.0086609 0.00861985 0.0083826 0.0083355 0.00830362 0.00860892 0.00839611 0.00827909 0.00821202 0.00819525 0.0083698 0.00843683 0.00856302 0.00854508 0.00893032 0.0096783 0.00866661 0.00837943 0.008387 0.00852899 0.00853916 0.00867464 0.0089082 0.00880116 0.00848313 0.00838086 
0.011472 0.0173014 0.0215863 0.0234984 0.0125718 0.0153794 0.0190549 0.0108425 0.0102273 0.0094511 0.0112184 0.0570513 0.0281786 0.0769759 0.387429 0.00327079 0.00324754 0.0032288 0.00320072 0 0.00332573 0.0185436 0.0397981 0.0547906 0.0497209 0.030931 0.0267792 0.0241547 0.0377762 0.0157134 0.0111008 0.0289348 0.0112553 0.0104502 0.0102008 0.0142747 0.021873 0.0122831 0.00970841 0.00845955 0.00843815 0.00916915 0.0086973 0.00881777 0.00836237 0.00822091 0.00860983 0.00812277 0.00814823 0.0083634 0.00861409 0.00857088 0.0086048 0.00869558 0.0089173 0.00881438 0.00886527 0.00833931 0.0081832 0.00827739 0.00828379 0.00847743 0.00828214 0.00843358 0.00859935 0.00836818 0.00838141 0.00835505 0.00823689 0.00822616 0.00837497 0.00831245 0.00818823 0.00815398 0.00827143 0.00825629 0.00839596 0.00846901 0.00842598 0.00870703 0.00922708 0.00861845 0.00843632 0.0082774 0.00850515 0.00849218 0.00852901 0.00875412 0.00872427 0.00839436 0.00827624 
0.0152793 0.0112666 0.0122747 0.0118739 0.0111365 0.0110761 0.0110627 0.0141238 0.0128476 0.0109038 0.0271054 0.0113914 0.0117327 0.0333699 0.114656 0.00610574 0.00327399 0.00321554 0.00319184 0.00332573 0 0.0154133 0.0152879 0.023312 0.0226251 0.0218196 0.0233741 0.0213238 0.0184863 0.0690025 0.0260664 0.0113655 0.0165035 0.0130209 0.0108138 0.0102728 0.0128654 0.0162114 0.0142078 0.0115774 0.0102284 0.015137 0.00852342 0.00861118 0.00922418 0.00842945 0.00851601 0.00891792 0.00873649 0.00818483 0.00837559 0.00841063 0.00833011 0.008489 0.0085423 0.00840299 0.00845397 0.00823389 0.00827616 0.00851639 0.00814821 0.00828892 0.00820729 0.00845939 0.00831312 0.0081919 0.00813589 0.00816916 0.00825687 0.0084633 0.00825617 0.00817022 0.00827937 0.00870216 0.00849578 0.00843629 0.00830318 0.00833033 0.00836088 0.00840587 0.0085511 0.00842106 0.00844959 0.00876265 0.00837226 0.00833727 0.00840139 0.00848866 0.00845226 0.00833278 0.00837922 
0.024242 0.0130553 0.0157291 0.0159463 0.0104373 0.0112973 0.00995809 0.0133238 0.0106745 0.0100364 0.0398943 0.0331724 0.0152016 0.0131163 0.0250618 0.0519613 0.0751586 0.0346593 0.0309993 0.0185436 0.0154133 0 0.00337234 0.00328945 0.00327752 0.00330177 0.00328175 0.0035634 0.00875252 0.00848107 0.0128683 0.0117531 0.0174184 0.0431865 0.0137621 0.0154896 0.0130843 0.0160455 0.0156405 0.0135889 0.0157161 0.0178705 0.00871604 0.0196533 0.011498 0.00852926 0.0162378 0.00897206 0.00832663 0.00835226 0.00873083 0.00883179 0.00927168 0.00982173 0.0104664 0.00932159 0.00927292 0.00874107 0.00909162 0.00962728 0.00835043 0.00919586 0.00853363 0.00893623 0.00900604 0.00894305 0.00855117 0.00895594 0.00891061 0.00914312 0.00856066 0.00856435 0.00910157 0.00936211 0.00935204 0.00872785 0.00827816 0.00838808 0.00838676 0.0084903 0.00880015 0.0085818 0.00871056 0.00859942 0.00832732 0.00842115 0.0084364 0.00879668 0.00856072 0.00846416 0.0091578 
0.0110505 0.0313546 0.0287883 0.01926 0.0181752 0.0144778 0.0137494 0.0108103 0.0101583 0.00926322 0.024992 0.0604117 0.0583407 0.0305687 0.0124886 0.0261962 0.0575206 0.0449161 0.0658992 0.0397981 0.0152879 0.00337234 0 0.00326208 0.00325929 0.00329178 0.00329616 0.00358914 0.00423277 0.00377525 0.0123377 0.0146228 0.00984041 0.0120977 0.0367778 0.0171824 0.0233668 0.0109723 0.011621 0.00976327 0.00988566 0.0114098 0.012472 0.00953308 0.0088428 0.0100694 0.00907884 0.00813275 0.00825746 0.00874666 0.00906941 0.0102341 0.0102697 0.0115799 0.0125249 0.011233 0.0107477 0.00904266 0.00856195 0.00849778 0.00873725 0.00902661 0.00872659 0.00980312 0.00895393 0.00931708 0.0088153 0.00893681 0.00898188 0.00848162 0.00880126 0.00891174 0.0083578 0.00852539 0.00827662 0.00835331 0.00851905 0.00867363 0.00879468 0.00890172 0.00886627 0.00900507 0.00871992 0.00828473 0.00865537 0.00864341 0.00889088 0.00906014 0.00899688 0.00876008 0.00854441 
0.0133334 0.0273664 0.0701807 0.0444029 0.0305828 0.0324326 0.0184942 0.0105561 0.00941182 0.00891449 0.0142897 0.045773 0.147215 0.0594978 0.0174513 0.0134345 0.030531 0.0841322 0.0939378 0.0547906 0.023312 0.00328945 0.00326208 0 0.00326191 0.00323014 0.00333863 0.00343974 0.003507 0.003442 0.0082966 0.00950654 0.00948235 0.0138541 0.0137394 0.0476725 0.019659 0.0134156 0.0103312 0.00887386 0.00911075 0.0116664 0.0100583 0.00971409 0.0091008 0.00876513 0.00913604 0.00822853 0.00862449 0.00896842 0.0119229 0.0124072 0.0133129 0.0160043 0.0193598 0.017598 0.0138531 0.00901563 0.00842836 0.00888212 0.00895744 0.00999983 0.0101589 0.0111268 0.0107782 0.0101182 0.00996794 0.00962409 0.00946059 0.00865855 0.0091853 0.00883634 0.0083329 0.00826196 0.00847418 0.0084452 0.00848629 0.00901638 0.00881519 0.00944713 0.00952972 0.00969459 0.00915557 0.00855944 0.00877023 0.00912787 0.00920334 0.0100328 0.00938811 0.00911251 0.00857909 
0.0107942 0.0237974 0.0509596 0.0411284 0.0294161 0.0334065 0.0159938 0.0102869 0.00935082 0.00867734 0.0124628 0.0325043 0.109258 0.0486008 0.0179891 0.0110749 0.0274517 0.0585888 0.0500767 0.0497209 0.0226251 0.00327752 0.00325929 0.00326191 0 0.00320358 0.00321102 0.00326134 0.00331389 0.00333825 0.00706301 0.00817238 0.00918953 0.010663 0.0173636 0.027632 0.0212574 0.0112388 0.00996566 0.00883746 0.00900524 0.0100624 0.00974107 0.00966817 0.00881168 0.00879541 0.00878567 0.00819537 0.00851978 0.00910021 0.0102471 0.0117048 0.011167 0.0144222 0.0165362 0.0159982 0.0126726 0.00891806 0.00831659 0.0087531 0.00871287 0.00991789 0.00919148 0.0107624 0.0095475 0.00949173 0.00977559 0.00888022 0.00864536 0.0085369 0.00893056 0.0086041 0.00830667 0.00819674 0.00823545 0.00837679 0.00845229 0.00866318 0.00874687 0.00898612 0.00948758 0.00907422 0.00871952 0.00835628 0.00867117 0.0086752 0.00895808 0.0093977 0.00914251 0.00855528 0.00834239 
0.00959655 0.0168874 0.030835 0.0267159 0.0206213 0.0181262 0.0116054 0.00983326 0.00910424 0.00847725 0.0126696 0.0215904 0.0518742 0.0397826 0.0143511 0.0110036 0.0220071 0.0299678 0.0359713 0.030931 0.0218196 0.00330177 0.00329178 0.00323014 0.00320358 0 0.0031898 0.00326759 0.00324966 0.00324453 0.00604586 0.0079071 0.00663757 0.0108624 0.012321 0.0263455 0.0138172 0.0165781 0.00959206 0.00858003 0.00870251 0.00942288 0.00936362 0.00914005 0.00848553 0.00839211 0.00878426 0.00810837 0.0081709 0.0086991 0.0100676 0.0101079 0.0109562 0.0119416 0.0129444 0.0138287 0.01118 0.00864819 0.00829391 0.00836119 0.00843946 0.00945842 0.00887245 0.00963693 0.00937564 0.00897118 0.00951702 0.00861715 0.00856207 0.00831767 0.0086152 0.00843735 0.0082181 0.00802577 0.00810784 0.00814741 0.00828414 0.00846822 0.00850402 0.0085932 0.00890322 0.00856675 0.00831608 0.00823761 0.0084655 0.00852213 0.00859445 0.00888141 0.00882757 0.00839633 0.00836417 
0.00919469 0.0138478 0.0187998 0.0176748 0.0157107 0.0126025 0.0111455 0.00961205 0.00861465 0.00853134 0.0102925 0.0163544 0.0370815 0.0225276 0.0131269 0.0105095 0.015092 0.03388 0.0378702 0.0267792 0.0233741 0.00328175 0.00329616 0.00333863 0.00321102 0.0031898 0 0.0031735 0.00321057 0.00323048 0.0055293 0.00678154 0.0116376 0.00923786 0.0154105 0.0152957 0.020588 0.0104055 0.0091939 0.00834761 0.00851477 0.00912792 0.00906248 0.0094362 0.00833522 0.0084335 0.00881288 0.00802413 0.0082431 0.00855828 0.00919921 0.00972884 0.00965534 0.0106947 0.0110452 0.0115551 0.00988611 0.00859313 0.00828525 0.00818863 0.00886658 0.00890365 0.00874753 0.00955246 0.00865328 0.00898414 0.00880243 0.00846958 0.0085634 0.00820893 0.00857985 0.00836053 0.00821487 0.00802183 0.00809314 0.00824083 0.00832831 0.00850415 0.0084572 0.00868492 0.00869297 0.00848244 0.00827992 0.00825386 0.0084173 0.00846452 0.0086606 0.00876811 0.00861251 0.00838869 0.00827691 
0.00877089 0.0112263 0.0170402 0.0145431 0.0104417 0.0115761 0.00951087 0.00923258 0.00838355 0.0083401 0.00914312 0.0134907 0.0291392 0.0159503 0.0112989 0.00906808 0.0166286 0.0267605 0.0284855 0.0241547 0.0213238 0.0035634 0.00358914 0.00343974 0.00326134 0.00326759 0.0031735 0 0.00325911 0.00322266 0.00641141 0.0153652 0.0103427 0.00879794 0.00954147 0.0224368 0.0134958 0.0130321 0.00902176 0.00824005 0.00846437 0.00897864 0.00854308 0.00923229 0.00825232 0.0083128 0.00885022 0.00808856 0.00838752 0.00848738 0.00897417 0.00904697 0.00944745 0.00958032 0.0102931 0.00996536 0.00938706 0.00834836 0.00823774 0.00827937 0.00833589 0.00874556 0.00857614 0.00882661 0.00872357 0.00849312 0.00855705 0.00831085 0.00830583 0.0082133 0.00838396 0.00829841 0.00819654 0.00804474 0.00815193 0.00823334 0.00829959 0.00842377 0.00837611 0.00845074 0.0087464 0.00837124 0.00825316 0.00833772 0.00837616 0.00838277 0.00847849 0.00856972 0.00848918 0.00830649 0.00833958 
0.00888215 0.010935 0.0115631 0.0101229 0.00978758 0.00935073 0.0108167 0.00890175 0.00856833 0.00853246 0.00942125 0.0137782 0.0145586 0.0307545 0.0135365 0.0101457 0.0151661 0.0254614 0.01843 0.0377762 0.0184863 0.00875252 0.00423277 0.003507 0.00331389 0.00324966 0.00321057 0.00325911 0 0.00326976 0.0058663 0.00980307 0.00577895 0.00836753 0.0214435 0.0135966 0.0273257 0.0119184 0.0104584 0.00913786 0.00857378 0.00889129 0.00982502 0.00871554 0.00839792 0.00961162 0.00838413 0.00808506 0.00815576 0.00849198 0.00877114 0.0091555 0.00893782 0.00941269 0.00920128 0.00948728 0.00910885 0.00940492 0.00824144 0.00819304 0.00832793 0.00858133 0.00835381 0.00888226 0.00848858 0.00860011 0.0084021 0.00846951 0.00824199 0.00812443 0.00821045 0.00825166 0.00815015 0.00806458 0.00809601 0.00809338 0.00821498 0.00833383 0.00838663 0.0084925 0.00854267 0.00830506 0.00824082 0.0081325 0.00827908 0.00831263 0.00833649 0.00852407 0.00839115 0.00833606 0.00825447 
0.0110293 0.00931101 0.0099395 0.00955867 0.00937672 0.00914159 0.00960947 0.0103455 0.0100431 0.00900243 0.0151947 0.0101087 0.0114371 0.0147331 0.0221438 0.0179622 0.0113026 0.0122632 0.0128141 0.0157134 0.0690025 0.00848107 0.00377525 0.003442 0.00333825 0.00324453 0.00323048 0.00322266 0.00326976 0 0.0127164 0.00478976 0.00499524 0.0156265 0.0106937 0.0113778 0.0182772 0.0211778 0.017206 0.0126377 0.0112557 0.0128574 0.00880139 0.00941151 0.00950485 0.00862051 0.00893981 0.00881608 0.00972131 0.00822359 0.00856484 0.00872591 0.00858054 0.00889992 0.00902114 0.00864351 0.00887007 0.00872985 0.00881186 0.0084323 0.00814746 0.00836194 0.00823144 0.00833505 0.00841687 0.00827709 0.00833344 0.00820208 0.00847163 0.00829384 0.00823363 0.00822357 0.0082537 0.00857692 0.00830346 0.00842248 0.00825128 0.00825554 0.00827883 0.00831767 0.00860211 0.00834907 0.00839855 0.0085364 0.00829356 0.00827828 0.00829644 0.00840266 0.00842801 0.00831814 0.00830329 
0.0101069 0.0103831 0.0105586 0.0102508 0.00949071 0.0095805 0.00907862 0.0119825 0.00906507 0.0096986 0.0122611 0.0129074 0.0126342 0.0125224 0.017954 0.0155478 0.0124964 0.0129872 0.0131787 0.0111008 0.0260664 0.0128683 0.0123377 0.0082966 0.00706301 0.00604586 0.0055293 0.00641141 0.0058663 0.0127164 0 0.00340529 0.003219 0.00857327 0.0200648 0.0238919 0.0168878 0.0743732 0.0134081 0.0136177 0.0141443 0.0111699 0.0104123 0.0144997 0.00885167 0.00899513 0.012406 0.00890155 0.00840582 0.0082613 0.00860814 0.00902505 0.00929823 0.0095717 0.00951371 0.00945103 0.00883857 0.00890598 0.0104378 0.00840352 0.00832799 0.00850426 0.00837988 0.00869664 0.00851111 0.00852974 0.00832713 0.00838766 0.00952524 0.00841763 0.00828343 0.00829254 0.0084856 0.00907935 0.0081793 0.00840293 0.00815979 0.00827592 0.00821031 0.00843144 0.00843297 0.00824677 0.00853125 0.0083969 0.00822375 0.00819826 0.00829581 0.00877486 0.0083559 0.00820564 0.00847867 
0.00862457 0.00956987 0.009743 0.00943615 0.00897348 0.00914438 0.00995232 0.00858086 0.00864347 0.00867647 0.00903399 0.0112436 0.0110876 0.0233116 0.0116195 0.0101163 0.0150169 0.0112538 0.0124873 0.0289348 0.0113655 0.0117531 0.0146228 0.00950654 0.00817238 0.0079071 0.00678154 0.0153652 0.00980307 0.00478976 0.00340529 0 0.00322081 0.013082 0.036549 0.0134617 0.122859 0.00634261 0.0128703 0.00987109 0.00934819 0.00967932 0.012954 0.00890568 0.00841825 0.00962226 0.00857389 0.00815563 0.008149 0.00836967 0.00853888 0.00858055 0.00857843 0.00900189 0.00916433 0.00907924 0.00899585 0.008683 0.00859362 0.00827222 0.0083641 0.00856802 0.00837741 0.00851379 0.00846577 0.00843729 0.0083712 0.00857432 0.00830503 0.00821952 0.00836123 0.00838031 0.00822001 0.00813973 0.0081261 0.00827106 0.00831423 0.00837625 0.00836117 0.00845523 0.00846449 0.00839968 0.00826966 0.00821181 0.00835311 0.00837535 0.0083834 0.00848972 0.00847468 0.00833379 0.00826717 
0.0111659 0.00900248 0.00958401 0.00941623 0.00884815 0.00929201 0.00867317 0.0088931 0.00948999 0.00844551 0.0114965 0.0101956 0.0105379 0.01361 0.0133246 0.0137858 0.0110635 0.0109103 0.0106089 0.0112553 0.0165035 0.0174184 0.00984041 0.00948235 0.00918953 0.00663757 0.0116376 0.0103427 0.00577895 0.00499524 0.003219 0.00322081 0 0.0390207 0.00840448 0.0109303 0.00979134 0.0104885 0.0132802 0.00984953 0.0128428 0.0182838 0.00852667 0.00980119 0.0112032 0.00842609 0.010008 0.00892848 0.00897692 0.00820323 0.00851452 0.00866568 0.00867401 0.0088424 0.00902326 0.00885348 0.00883796 0.00845414 0.00860092 0.00925995 0.00821935 0.00839443 0.00838282 0.00851331 0.00852572 0.00834096 0.00855341 0.00822538 0.00842928 0.00835772 0.00826187 0.00814943 0.00825804 0.00825348 0.00835873 0.00828421 0.00821178 0.0082572 0.00828281 0.00825123 0.00842277 0.00826817 0.00837091 0.00849986 0.00825872 0.0082434 0.00829855 0.00846956 0.00834498 0.00827147 0.00828656 
0.00905753 0.00861495 0.00878082 0.00884317 0.0084225 0.00855354 0.00825018 0.00916686 0.00826609 0.00836273 0.00966493 0.00961829 0.00909876 0.00917551 0.0119433 0.00952735 0.0102691 0.00939026 0.00911857 0.0104502 0.0130209 0.0431865 0.0120977 0.0138541 0.010663 0.0108624 0.00923786 0.00879794 0.00836753 0.0156265 0.00857327 0.013082 0.0390207 0 0.00324812 0.00324307 0.00325146 0.0032395 0.00770726 0.00798778 0.0150661 0.0157236 0.00853444 0.0275706 0.00998729 0.00838861 0.0218499 0.00886754 0.00823639 0.008383 0.00827155 0.00875233 0.0084049 0.00869492 0.00874741 0.00865562 0.0085857 0.00848871 0.00937884 0.00868081 0.00816017 0.00846845 0.00852197 0.00836358 0.00842263 0.0083511 0.00824966 0.0083879 0.00844139 0.00839626 0.00824234 0.00818943 0.00855511 0.00872856 0.00865994 0.00813689 0.00831136 0.00827992 0.00828082 0.00826907 0.00831172 0.00836663 0.00834466 0.0081076 0.00822599 0.00821688 0.00831817 0.00841443 0.00836087 0.00832263 0.00856807 
0.00835937 0.0102282 0.00967333 0.00935892 0.00960799 0.00893078 0.00878197 0.00845817 0.00826825 0.00833389 0.0091593 0.0111402 0.0122956 0.0110213 0.00876604 0.0100761 0.010522 0.0130105 0.0161634 0.0102008 0.0108138 0.0137621 0.0367778 0.0137394 0.0173636 0.012321 0.0154105 0.00954147 0.0214435 0.0106937 0.0200648 0.036549 0.00840448 0.00324812 0 0.0031858 0.00319722 0.00319915 0.00596942 0.00720614 0.00920336 0.00930322 0.0174719 0.00857663 0.00847874 0.0114508 0.00839876 0.00815024 0.00822439 0.00835939 0.00849018 0.00917339 0.00930693 0.00958647 0.0102304 0.0099755 0.00905195 0.00874004 0.00844031 0.00814023 0.00894254 0.00838048 0.00863521 0.00866176 0.00860396 0.00859067 0.00856709 0.00841445 0.00844148 0.00818519 0.0083546 0.00841994 0.00823522 0.00823636 0.00802894 0.00817301 0.00818231 0.00827635 0.0083231 0.00834373 0.00840333 0.00829851 0.00820174 0.00818879 0.00822522 0.00825062 0.00825886 0.00844529 0.00834124 0.00825456 0.008216 
0.00921525 0.0103195 0.0187323 0.0127251 0.0101737 0.011114 0.00913981 0.00865318 0.00835783 0.00822728 0.00924256 0.0146465 0.0270451 0.0134294 0.00939097 0.00927261 0.0167825 0.0257078 0.0199541 0.0142747 0.0102728 0.0154896 0.0171824 0.0476725 0.027632 0.0263455 0.0152957 0.0224368 0.0135966 0.0113778 0.0238919 0.0134617 0.0109303 0.00324307 0.0031858 0 0.00322412 0.00319328 0.00508945 0.00588122 0.00951189 0.0148498 0.00911231 0.0101189 0.00943394 0.00863158 0.00973334 0.00808377 0.00826409 0.0088222 0.0108598 0.0114634 0.0112502 0.0137244 0.0164178 0.0163686 0.014056 0.00897117 0.00854475 0.0085486 0.0084728 0.0107297 0.00935512 0.00992292 0.0101466 0.00954832 0.00918873 0.00940104 0.00857559 0.00841198 0.00885542 0.00849637 0.00831643 0.00814007 0.0081637 0.00827488 0.00836913 0.00847902 0.00846064 0.00857076 0.00882661 0.00853537 0.00837268 0.00834358 0.0083994 0.00846225 0.00855096 0.00874068 0.00883289 0.00842838 0.00843039 
0.00945287 0.0111342 0.0113526 0.0107347 0.00982924 0.00945614 0.00952933 0.00856699 0.00876126 0.00854618 0.010023 0.0136563 0.0153537 0.0197073 0.0108607 0.010191 0.0148671 0.0151527 0.0147384 0.021873 0.0128654 0.0130843 0.0233668 0.019659 0.0212574 0.0138172 0.020588 0.0134958 0.0273257 0.0182772 0.0168878 0.122859 0.00979134 0.00325146 0.00319722 0.00322412 0 0.00320221 0.0065785 0.00691549 0.0107569 0.0119257 0.0129754 0.0095883 0.00928748 0.0102834 0.00901411 0.00851349 0.0089458 0.00940788 0.00931304 0.0104522 0.00960798 0.0106811 0.0117124 0.0115551 0.0110177 0.00998577 0.00893526 0.00861334 0.00894676 0.0090492 0.00911042 0.00968884 0.00914856 0.00888307 0.00889616 0.00879602 0.00845773 0.00859753 0.0085121 0.00859628 0.00820697 0.00829868 0.00821195 0.00812851 0.00822705 0.00828633 0.00828762 0.00850774 0.00861763 0.00840194 0.00825004 0.00812508 0.00827518 0.0082703 0.00836083 0.00858545 0.00851469 0.0083122 0.00820039 
0.00986267 0.00924228 0.00928409 0.00885769 0.00872194 0.00875986 0.00852406 0.00888163 0.00871979 0.00843113 0.0110329 0.00969659 0.0100986 0.012746 0.0120563 0.0133849 0.0110672 0.0112257 0.0125427 0.0122831 0.0162114 0.0160455 0.0109723 0.0134156 0.0112388 0.0165781 0.0104055 0.0130321 0.0119184 0.0211778 0.0743732 0.00634261 0.0104885 0.0032395 0.00319915 0.00319328 0.00320221 0 0.0107107 0.00627545 0.013185 0.0147258 0.00976814 0.0105974 0.0104526 0.00902484 0.00964562 0.00941265 0.0105656 0.00899177 0.00889749 0.00911123 0.00908842 0.00908847 0.00952726 0.00907964 0.00939235 0.00934128 0.00907229 0.00962893 0.00858298 0.00859029 0.00854014 0.00870004 0.00862364 0.00841239 0.00847449 0.00836284 0.00865425 0.00850175 0.00830091 0.00834538 0.00826884 0.00891741 0.00823537 0.00816461 0.00821676 0.00821583 0.00825771 0.00832932 0.0087559 0.00827845 0.00823113 0.00822398 0.00832919 0.00820913 0.00830605 0.00849172 0.00840258 0.00821089 0.00818746 
0.00993657 0.0082628 0.00826593 0.00814216 0.00818524 0.00814524 0.00841869 0.00990488 0.00899002 0.00975703 0.00973217 0.00846231 0.0084021 0.00898374 0.0116337 0.0119713 0.00859135 0.00867042 0.00883133 0.00970841 0.0142078 0.0156405 0.011621 0.0103312 0.00996566 0.00959206 0.0091939 0.00902176 0.0104584 0.017206 0.0134081 0.0128703 0.0132802 0.00770726 0.00596942 0.00508945 0.0065785 0.0107107 0 0.896262 0.0500719 0.0132901 0.0118676 0.0154273 0.010893 0.0104726 0.0137682 0.015701 0.00932049 0.00819839 0.00822341 0.00831521 0.00830601 0.00835316 0.00838907 0.00836053 0.00833164 0.00895919 0.0109951 0.00984904 0.00838994 0.00820157 0.00822452 0.008156 0.00814944 0.00810939 0.00811926 0.00847081 0.00983219 0.00897376 0.00813726 0.0082345 0.00943474 0.0137641 0.00975497 0.00932577 0.00811773 0.0081739 0.00818028 0.00820494 0.00818718 0.00816577 0.00868477 0.0092815 0.00814308 0.00810197 0.0081486 0.00821756 0.00818229 0.00821475 0.00907316 
