1M3DD
HGFLVTRHSQTTDDPQCPPGTKILYHGYSLLYVQGNERAHGQDLGTAGSCLRKFSTMPFLFCNINNVCNFASRNDYSYWLSTPEPMPMSMAPITGENIRPFISRCAVCEAPAMVMAVHSQTIQIPQCPTGWSSLWIGYSFVMHTSAGAEGSGQALASPGSCLEEFRSAPFIECHGRGTCNYYANAYSFWLATIERSEMFKKPTPSTLKAGELRTHVSRCQVCMRR
CCEEEEEECCCCCCCCCCCCCEEEEEEEEEEEEEECCEEEECCCCCHHHEECCCCCCCEEEECCCCCEEECCCCCEEEEEECCCCCCCCCCCEEHHHHHHHECEEEEEEECCCEEEEECCCCCCCCCCCCEEEEEEEEEEEEEECHHHCEEECCCCCHHHEECCCCCCCEEEEECCCEEECCCCCEEEEEECCCHHHCCCCCCCEEECCCCCHHHECEEEEEEEC
0 0 0 0 0 0 0 0 0 0 0 0 0 0 0 0 0 0 0 0 0 0 0 0 0 0 0 0 0 0 0 0 0 0 0 0 0 0 0 0 0 0 0 0 0 0 0 0 0 0 0 0 0 0 0 0 0 0 0 0 0 0 0 0 0 0 0 0 0 0 0 0 0 0 0 0 0 0 0 0 0 0 0 0 0 0 0 0 0 0 0 0 0 0 0 0 0 0 0 0 0 0 0 0 0 0 0 0 0 0 0 0 0 0 0 0 0 0 0 0 0 0 0 0 0 0 0 0 0 0 0 0 0 0 0 0 0 0 0 0 0 0 0 0 0 0 0 0 0 0 0 0 0 0 0 0 0 0 0 0 0 0 0 0 0 0 0 0 0 0 0 0 0 0 0 0 0 0 0 0 0 0 0 0 0 0 0 0 0 0 0 0 0 0 0 0 0 0 0 0 0 0 0 0 0 0 0 0 0 0 0 0 0 0 0 0 0 0 0 0 0 0 0 0 0 
0 0 0 0 0 0 0 0 0 0 0 0 0 0 0 0 0 0 0 0 0 0 0 0 0 0 0 0 0 0 0 0 0 0 0 0 0 0 0 0 0 0 0 0 0 0 0 0 0 0 0 0 0 0 0 0 0 0 0 0 0 0 0 0 0 0 0 0 0 0 0 0 0 0 0 0 0 0 0 0 0 0 0 0 0 0 0 0 0 0 0 0 0 0 0 0 0 0 0 0 0 0 0 0 0 0 0 0 0 0 0 0 0 0 0 0 0 0 0 0 0 0 0 0 0 0 0 0 0 0 0 0 0 0 0 0 0 0 0 0 0 0 0 0 0 0 0 0 0 0 0 0 0 0 0 0 0 0 0 0 0 0 0 0 0 0 0 0 0 0 0 0 0 0 0 0 0 0 0 0 0 0 0 0 0 0 0 0 0 0 0 0 0 0 0 0 0 0 0 0 0 0 0 0 0 0 0 0 0 0 0 0 0 0 0 0 0 0 0 0 0 0 0 0 0 
0 0.00329296 0.00328157 0.00329714 0.00351059 0.0049007 0.0668101 0.01255 0.0100825 0.0112382 0.00930693 0.0547473 0.0164282 0.016985 0.0152115 0.0132455 0.0137455 0.0139287 0.0115483 0.0380114 0.0147503 0.0119613 0.0115771 0.0258124 0.0110416 0.0142141 0.0186131 0.010789 0.0124542 0.0282409 0.0104828 0.00934669 0.0209407 0.010406 0.0096521 0.010206 0.00970554 0.0106879 0.0178999 0.0100492 0.0104758 0.00953906 0.00921241 0.00967438 0.00973241 0.00973374 0.00964422 0.00990555 0.0143797 0.00942708 0.00932058 0.00943038 0.00922305 0.011199 0.00819812 0.00807952 0.00819119 0.00828407 0.00851487 0.00930084 0.00845696 0.0087374 0.00842637 0.00863925 0.00852649 0.00862553 0.00864381 0.0103792 0.00851116 0.00804077 0.00880795 0.00817712 0.00831492 0.00870358 0.0082945 0.00841317 0.00830582 0.00850541 0.00822957 0.0081115 0.0085167 0.00823545 0.00822076 0.00831827 0.00859781 0.00853893 0.00881014 0.00828747 0.00820825 0.00986482 0.00853536 0.00864176 0.00830201 0.00823518 0.00830626 0.00833576 0.00841303 0.00860338 
0.00329296 0 0.00322226 0.00322924 0.00342912 0.00324961 0.013006 0.0281998 0.0206159 0.01087 0.074636 0.0146119 0.0206658 0.0179816 0.0117277 0.0229805 0.0231366 0.0114819 0.0307483 0.0101563 0.0116205 0.0135405 0.0290755 0.0094246 0.00951604 0.00895789 0.0131928 0.0223502 0.0334035 0.0103855 0.0101405 0.0151663 0.00930301 0.00942947 0.0139699 0.0114217 0.0200031 0.0130911 0.0104671 0.0085396 0.00946186 0.0083132 0.00919588 0.00992481 0.0131252 0.0128394 0.0106964 0.0120467 0.00847219 0.00925494 0.0103539 0.0117767 0.0108486 0.00902687 0.00817138 0.00819028 0.00858695 0.00854006 0.00964224 0.00929284 0.00956833 0.00896572 0.00901788 0.00946834 0.00938519 0.0092038 0.00905607 0.00849338 0.00814049 0.00835983 0.00835026 0.00821178 0.00817723 0.00827119 0.00858652 0.00877468 0.00850416 0.00828561 0.008139 0.00825937 0.00824543 0.00814345 0.00843265 0.00845455 0.00870783 0.00871935 0.00843124 0.00811154 0.00826809 0.00835951 0.00809326 0.00808094 0.00831201 0.00847141 0.00846683 0.00839582 0.00841212 0.00830391 
0.00328157 0.00322226 0 0.00320897 0.0032466 0.00321838 0.0104009 0.020109 0.0300104 0.134821 0.0114205 0.0247193 0.0140823 0.0149618 0.0251653 0.0213277 0.0209947 0.0555205 0.0115965 0.0108298 0.00971785 0.0371476 0.0115191 0.0115842 0.00918259 0.0091917 0.0127738 0.0276377 0.0282654 0.0123591 0.0101838 0.00991979 0.0109721 0.0097501 0.0119059 0.0355243 0.0267816 0.0148486 0.00946547 0.00877545 0.00827756 0.00904052 0.0107673 0.0133846 0.0166089 0.0214862 0.0245939 0.00957201 0.00920664 0.00968563 0.0129613 0.0187996 0.0115747 0.00879964 0.00813925 0.00846032 0.00869831 0.0102914 0.0101425 0.0120268 0.00975802 0.0111551 0.00941481 0.0111101 0.01054 0.0109253 0.00904643 0.00865234 0.00853182 0.00837496 0.00835721 0.008207 0.00822366 0.00860172 0.00993862 0.00894814 0.00861932 0.00830047 0.00821434 0.00839051 0.00829652 0.00827099 0.0084391 0.00901796 0.00915902 0.00850647 0.00838988 0.0081341 0.00819175 0.00820255 0.00838069 0.00855307 0.00862572 0.00857807 0.00892923 0.00856959 0.00844983 0.00842637 
0.00329714 0.00322924 0.00320897 0 0.00319866 0.00323068 0.0218702 0.0136569 0.0674621 0.0317695 0.0301933 0.0124342 0.0137754 0.0226014 0.0167194 0.0232083 0.0429976 0.0238448 0.0149088 0.010619 0.0133959 0.013958 0.0160347 0.0101309 0.00933936 0.00905884 0.0162757 0.0264398 0.0256431 0.011938 0.0100672 0.011803 0.00994079 0.00954565 0.0152955 0.0284769 0.0378757 0.0114838 0.0100304 0.00846856 0.00856972 0.00853784 0.0124634 0.0115018 0.0235076 0.0239023 0.0141843 0.010536 0.00857398 0.00992504 0.0122319 0.0181206 0.0105026 0.00879156 0.00809183 0.00827095 0.00925737 0.0091115 0.0118593 0.0108115 0.0113032 0.0102906 0.00985118 0.0107332 0.0116116 0.0102824 0.00891203 0.00856385 0.00824953 0.00845648 0.00828627 0.00810204 0.00814465 0.00847696 0.00883561 0.00918925 0.00845201 0.00818694 0.00814004 0.00824225 0.00822582 0.00813831 0.00842076 0.00914916 0.00887084 0.00846801 0.00824341 0.00807735 0.00815766 0.00813838 0.00813077 0.00829818 0.00849478 0.00861999 0.00864618 0.008562 0.00829093 0.00836639 
0.00351059 0.00342912 0.0032466 0.00319866 0 0.00321818 0.0139738 0.0415317 0.0114656 0.0226456 0.0265271 0.0156556 0.0146609 0.0135725 0.0132536 0.0227985 0.0213616 0.0168497 0.0454145 0.0154653 0.011834 0.019413 0.0333881 0.0149723 0.011306 0.0111665 0.015339 0.0247094 0.036858 0.0138271 0.0106131 0.0186268 0.0116633 0.0108755 0.0163431 0.0146126 0.0152137 0.0208533 0.00996664 0.00924198 0.00881264 0.00916504 0.0100396 0.0122989 0.0132602 0.0116027 0.010927 0.0101097 0.00870758 0.010138 0.0112415 0.0111891 0.0126803 0.00909595 0.00813293 0.00850061 0.00852066 0.00921987 0.00949874 0.0103578 0.00942048 0.00946453 0.00898552 0.00947093 0.00961291 0.00953725 0.00903527 0.00846447 0.00828249 0.00842322 0.00818439 0.00830662 0.00826355 0.00858438 0.00880582 0.00867621 0.00857825 0.00821609 0.00813746 0.00836078 0.00818589 0.00824697 0.00842072 0.00864215 0.0085346 0.00846772 0.00820666 0.0080814 0.00816671 0.00812178 0.00813787 0.00840377 0.00833527 0.00848246 0.00845193 0.00838261 0.0082086 0.00819252 
0.0049007 0.00324961 0.00321838 0.00323068 0.00321818 0 0.0761702 0.00949657 0.0104543 0.011207 0.0106794 0.0101721 0.0132185 0.0101873 0.012799 0.0115339 0.0102923 0.0132083 0.0142279 0.0342758 0.0164944 0.0108602 0.0117949 0.0235663 0.0152716 0.012184 0.0193961 0.0111066 0.0125729 0.0204397 0.0135222 0.00953584 0.0158389 0.0150654 0.00947295 0.00991017 0.0102881 0.0104557 0.012697 0.0106851 0.00856782 0.0125933 0.0140328 0.00999263 0.00914685 0.00948476 0.00915952 0.00892246 0.00882417 0.011967 0.00925056 0.0089862 0.00933897 0.00966738 0.00899294 0.00824845 0.0082327 0.0084303 0.00881389 0.00878759 0.0088224 0.00882949 0.0086833 0.00851204 0.00877025 0.00866929 0.00889943 0.00865177 0.0101544 0.00812984 0.00860165 0.00837033 0.00837931 0.0105958 0.0083033 0.00859154 0.00825824 0.00839074 0.00968157 0.00816722 0.00820717 0.00839307 0.00831597 0.00828851 0.00853628 0.0083306 0.00827005 0.00819133 0.00812086 0.00818375 0.00868729 0.00814715 0.00839939 0.00823747 0.00821877 0.0081448 0.0081022 0.00811767 
0.0668101 0.013006 0.0104009 0.0218702 0.0139738 0.0761702 0 0.00346887 0.00336379 0.00327625 0.00335228 0.00328375 0.00367651 0.00588825 0.00490702 0.00701553 0.00805155 0.00669259 0.00775045 0.0206067 0.00912941 0.00811664 0.010857 0.0138234 0.010459 0.0109917 0.0135255 0.00942031 0.0108446 0.016498 0.0110022 0.00920549 0.013628 0.00995892 0.00891165 0.00886469 0.00897588 0.00910252 0.0174171 0.00903145 0.0113241 0.0086212 0.00896289 0.00858277 0.00866967 0.00871343 0.00845746 0.00974601 0.010346 0.00944995 0.00856579 0.00851494 0.00860603 0.0102907 0.00821599 0.00805375 0.00816869 0.00808778 0.00832562 0.00832477 0.008173 0.00827 0.00821951 0.00819426 0.00822951 0.00824701 0.008257 0.00922026 0.00804067 0.007981 0.00831279 0.00803364 0.00816236 0.00825947 0.00811453 0.0081766 0.0080613 0.00838572 0.00817834 0.00799687 0.00830299 0.00809938 0.00809606 0.00806551 0.00819463 0.00820705 0.00842836 0.00814378 0.00804472 0.00877752 0.00818042 0.00811443 0.00803138 0.00807189 0.00807929 0.00805897 0.00820667 0.00834044 
0.01255 0.0281998 0.020109 0.0136569 0.0415317 0.00949657 0.00346887 0 0.00340735 0.00319069 0.00320085 0.00325243 0.00337938 0.00362004 0.00447657 0.00503781 0.00628789 0.00821733 0.00788562 0.0066696 0.00681881 0.0106152 0.00901521 0.00935907 0.00898985 0.00881816 0.0112056 0.0135719 0.0104531 0.00970078 0.00999694 0.00951112 0.00924594 0.00918021 0.00969755 0.0117018 0.0107243 0.0108584 0.00896649 0.00914555 0.00843035 0.00856991 0.00847175 0.00970891 0.00993875 0.0102451 0.0100366 0.00887064 0.00863084 0.00865254 0.00949603 0.00959089 0.00913122 0.00848373 0.00810642 0.00811887 0.00818204 0.00868465 0.00868364 0.00892352 0.00863644 0.00867869 0.00844709 0.00884736 0.00857797 0.00887415 0.00858736 0.0083286 0.00813681 0.00817496 0.00818626 0.0081628 0.00814715 0.00817641 0.0083878 0.00842046 0.0083365 0.00811008 0.00809165 0.00828563 0.00811979 0.00811888 0.00828726 0.00837693 0.00845847 0.00836196 0.00815999 0.00799606 0.00815445 0.0081821 0.00813179 0.00800289 0.00823748 0.00826723 0.00821345 0.00827776 0.00821521 0.0080699 
0.0100825 0.0206159 0.0300104 0.0674621 0.0114656 0.0104543 0.00336379 0.00340735 0 0.00317997 0.0031955 0.00321616 0.00329249 0.00347687 0.0033994 0.00442632 0.00541334 0.0061919 0.00649232 0.00540311 0.00667 0.00807761 0.0078094 0.00760091 0.00830202 0.00846906 0.0106751 0.0118639 0.0110182 0.00897501 0.00937344 0.00954345 0.00885853 0.00903904 0.00989048 0.0114142 0.0179285 0.00930841 0.00920238 0.00841916 0.00855575 0.00826608 0.00954378 0.00891461 0.0148656 0.0115058 0.0106179 0.00932763 0.00827739 0.00892887 0.00934778 0.0125212 0.00899742 0.00841754 0.0080538 0.00811767 0.00863047 0.00857096 0.00994336 0.00927365 0.0093683 0.00920409 0.00917354 0.00908843 0.0103737 0.00919085 0.00855259 0.00817773 0.00813399 0.00810477 0.00811419 0.00809157 0.00808984 0.00824206 0.00841918 0.00857876 0.00826358 0.00809734 0.00814258 0.00812813 0.00815522 0.00810062 0.0083465 0.00827794 0.00896729 0.00840957 0.00820166 0.00810435 0.00809117 0.00806117 0.00801374 0.00809504 0.00828824 0.00830126 0.0086408 0.00825728 0.00821631 0.00817051 
0.0112382 0.01087 0.134821 0.0317695 0.0226456 0.011207 0.00327625 0.00319069 0.00317997 0 0.00325447 0.00324098 0.00321235 0.00332596 0.00352864 0.00377807 0.00475667 0.00713176 0.00544742 0.00588908 0.00638357 0.00771149 0.00757226 0.0094294 0.00844283 0.0087486 0.0107037 0.0126095 0.0152419 0.0109665 0.0092784 0.00923036 0.0101011 0.00905617 0.00963753 0.0230233 0.0133706 0.0119177 0.00902393 0.00874464 0.00826331 0.00866151 0.00907375 0.0119421 0.012294 0.0156058 0.0150774 0.00908486 0.00905005 0.00877408 0.0108747 0.0123315 0.0100217 0.00862908 0.00812981 0.0081723 0.0085186 0.00965578 0.00985984 0.0106124 0.00947549 0.0105436 0.00899549 0.0108134 0.00979492 0.0102608 0.00874853 0.00896057 0.0081343 0.00819122 0.00835265 0.00812763 0.00814033 0.00829523 0.00877628 0.00862593 0.00847252 0.00824373 0.00812306 0.0082415 0.00811516 0.00811472 0.00829144 0.00878811 0.00866912 0.00864755 0.00821558 0.00801951 0.00807858 0.00814082 0.00817741 0.0083183 0.00834394 0.00848864 0.00835418 0.00863319 0.00816159 0.00831057 
0.00930693 0.074636 0.0114205 0.0301933 0.0265271 0.0106794 0.00335228 0.00320085 0.0031955 0.00325447 0 0.00315683 0.00322489 0.00323086 0.00320767 0.00375976 0.00362916 0.00388547 0.0046971 0.00456859 0.00653679 0.00658368 0.00811079 0.00717595 0.00832124 0.00850956 0.0104797 0.0138046 0.0136978 0.0105812 0.00926476 0.0106646 0.00914308 0.00909576 0.0122928 0.0121146 0.0218006 0.00997743 0.00950417 0.00844382 0.00871551 0.00834879 0.010943 0.00952351 0.0203342 0.0157114 0.0106572 0.0111348 0.00827473 0.00922709 0.00987649 0.0159597 0.010049 0.00856239 0.00807491 0.00819005 0.00888483 0.00869832 0.0121882 0.0101598 0.0106111 0.00982471 0.0102586 0.0101845 0.0115991 0.00959886 0.00925267 0.00823132 0.00821994 0.00820886 0.00825156 0.00810433 0.00819259 0.00827867 0.0087041 0.00993937 0.00834268 0.00820783 0.00814348 0.00811258 0.00819127 0.00812393 0.00839931 0.00845473 0.00892407 0.00837529 0.00810368 0.00806843 0.00804486 0.00803119 0.00802126 0.00844582 0.00834595 0.0085459 0.00880091 0.00830339 0.00819489 0.00820044 
0.0547473 0.0146119 0.0247193 0.0124342 0.0156556 0.0101721 0.00328375 0.00325243 0.00321616 0.00324098 0.00315683 0 0.0032181 0.00322328 0.0032657 0.00325668 0.00352816 0.00397197 0.00388736 0.00384355 0.00569572 0.00780931 0.00721527 0.00793063 0.00812057 0.00866068 0.0118013 0.0180374 0.0146703 0.0111649 0.00984344 0.00979863 0.0104465 0.0101264 0.0109599 0.0227411 0.0194056 0.01452 0.0096771 0.00880714 0.0085267 0.00893595 0.00980818 0.0165769 0.0163012 0.018462 0.0191741 0.0096867 0.00918953 0.00935009 0.0135703 0.0167511 0.0115039 0.00909348 0.00819282 0.00833626 0.00870443 0.0107692 0.0113475 0.0128348 0.0121092 0.0126045 0.0098528 0.0133676 0.0108999 0.0127281 0.00964843 0.00921078 0.00819619 0.00835016 0.00843952 0.00829188 0.00819088 0.00844235 0.00904456 0.00875966 0.00873757 0.00831113 0.00814314 0.00848843 0.00821218 0.00827066 0.00843203 0.00888776 0.00885878 0.00869378 0.00830183 0.0081018 0.00806158 0.00805216 0.00808024 0.00822948 0.00865982 0.00849897 0.0084996 0.00857917 0.00825036 0.00823792 
0.0164282 0.0206658 0.0140823 0.0137754 0.0146609 0.0132185 0.00367651 0.00337938 0.00329249 0.00321235 0.00322489 0.0032181 0 0.00320152 0.00320903 0.00329819 0.00327558 0.00346989 0.00340549 0.00393746 0.00602077 0.00749849 0.00767061 0.00822756 0.00850782 0.00899597 0.0149826 0.0177039 0.0146086 0.0123811 0.0102914 0.0100338 0.0112823 0.00998763 0.0121216 0.0262749 0.020553 0.0139556 0.0111393 0.00878716 0.00858052 0.00897156 0.0126475 0.0126422 0.0196007 0.0233502 0.0209108 0.0104554 0.00948602 0.00982306 0.0129993 0.020241 0.0117553 0.00962814 0.00819997 0.00841931 0.00906894 0.0107374 0.0117724 0.0136957 0.0121362 0.0126942 0.0110254 0.0131648 0.0141459 0.0112254 0.0102616 0.00913001 0.00830204 0.00844053 0.00957568 0.00828859 0.00843808 0.00855787 0.00912264 0.00913019 0.00863399 0.00839315 0.00823781 0.00829083 0.00834355 0.00827247 0.00844938 0.00902593 0.00873429 0.00851743 0.00833147 0.00807591 0.00813626 0.00810675 0.00808277 0.00873426 0.00835349 0.00861442 0.00863353 0.00832559 0.00818394 0.00841244 
0.016985 0.0179816 0.0149618 0.0226014 0.0135725 0.0101873 0.00588825 0.00362004 0.00347687 0.00332596 0.00323086 0.00322328 0.00320152 0 0.00321399 0.00324131 0.00326889 0.00334803 0.00349729 0.00331392 0.00678649 0.00707059 0.00932711 0.00722959 0.00906809 0.00933256 0.0159195 0.0209702 0.0183117 0.0119402 0.0105656 0.0126045 0.0103308 0.0112075 0.0163194 0.0226225 0.0409889 0.0146335 0.0121911 0.00882454 0.00899341 0.00916758 0.0138592 0.0134504 0.0347743 0.0288342 0.020711 0.0132004 0.00905494 0.011309 0.0181648 0.0289561 0.0138096 0.00988623 0.00830537 0.00852064 0.0102667 0.0101668 0.017628 0.0144686 0.015376 0.0130915 0.0117971 0.01466 0.0154841 0.0135942 0.00980674 0.00902236 0.00844173 0.00856733 0.00847302 0.00830009 0.00830591 0.00880984 0.0104485 0.0107714 0.00892302 0.00841861 0.00829152 0.00833337 0.00833641 0.00832001 0.00866366 0.00909978 0.00974838 0.00883299 0.00838554 0.00812387 0.00816911 0.00820578 0.00808236 0.00871303 0.00864408 0.00888304 0.00897236 0.00858366 0.00835929 0.00841181 
0.0152115 0.0117277 0.0251653 0.0167194 0.0132536 0.012799 0.00490702 0.00447657 0.0033994 0.00352864 0.00320767 0.0032657 0.00320903 0.00321399 0 0.00320904 0.00321692 0.00324796 0.0032245 0.00327317 0.00497635 0.0084221 0.0067654 0.00814029 0.0097174 0.0222389 0.0138058 0.0222488 0.0185459 0.0128561 0.0110255 0.0106881 0.0110683 0.0115838 0.0160956 0.046151 0.0305582 0.0228787 0.011267 0.00942103 0.00867524 0.00948757 0.012091 0.0249579 0.0305659 0.0360581 0.036967 0.0121999 0.0094217 0.0114913 0.0217406 0.0357431 0.0162047 0.00959919 0.00835047 0.00903514 0.00972003 0.0158545 0.0159068 0.0246013 0.0177155 0.0177361 0.0138778 0.0200742 0.0196447 0.0169262 0.0115662 0.00874449 0.00857893 0.00867964 0.00877184 0.00848365 0.00838748 0.00884916 0.0112241 0.00985246 0.00927556 0.00840892 0.00833006 0.00848718 0.0084265 0.00836345 0.008795 0.00989047 0.0100276 0.00881338 0.0086251 0.00812485 0.00823897 0.00817177 0.00836072 0.00884936 0.00900939 0.00891862 0.00925807 0.00882245 0.00855416 0.00897411 
0.0132455 0.0229805 0.0213277 0.0232083 0.0227985 0.0115339 0.00701553 0.00503781 0.00442632 0.00377807 0.00375976 0.00325668 0.00329819 0.00324131 0.00320904 0 0.00320043 0.00322946 0.00322694 0.00317428 0.00471691 0.00622336 0.00887162 0.0262015 0.0157189 0.00950076 0.0147571 0.0241202 0.0208961 0.0157694 0.0120698 0.0127602 0.0122089 0.0118814 0.0209941 0.0368024 0.0557677 0.0251298 0.0126227 0.00911172 0.00915269 0.0095029 0.0162544 0.0193391 0.0475046 0.0425683 0.0441909 0.0134574 0.00972059 0.0140896 0.025722 0.0450937 0.0171542 0.0116084 0.00849098 0.00887022 0.01164 0.0145801 0.0257253 0.0227508 0.0200486 0.0203503 0.0159791 0.0196546 0.0224668 0.0190688 0.0117424 0.00921693 0.00875916 0.00860695 0.00879862 0.00846113 0.00841847 0.00911783 0.0110859 0.0120824 0.00966755 0.00853565 0.00839373 0.00865814 0.00851856 0.00842161 0.00894704 0.00983583 0.0110675 0.00922995 0.00868117 0.00818875 0.00835385 0.00826855 0.00824877 0.00855521 0.00907217 0.00926687 0.00956513 0.0088251 0.00847235 0.00846599 
0.0137455 0.0231366 0.0209947 0.0429976 0.0213616 0.0102923 0.00805155 0.00628789 0.00541334 0.00475667 0.00362916 0.00352816 0.00327558 0.00326889 0.00321692 0.00320043 0 0.00320774 0.00322663 0.00325848 0.00370026 0.00721409 0.0150191 0.761961 0.00788402 0.00853764 0.0150871 0.0264311 0.0264078 0.0145054 0.0116796 0.016046 0.011967 0.0115725 0.0223309 0.0429241 0.0808233 0.0195593 0.0130726 0.00915175 0.00919839 0.00993097 0.0166554 0.0195129 0.046454 0.0536298 0.0314197 0.0166553 0.00931226 0.0135635 0.0225648 0.0455656 0.0207778 0.0108879 0.00838116 0.00928628 0.0120914 0.0129654 0.030445 0.0194996 0.0230924 0.0162335 0.0187844 0.0187777 0.0233694 0.0194818 0.012642 0.0090215 0.00887352 0.00874037 0.00864172 0.00846694 0.00839971 0.00919818 0.0111915 0.0135705 0.00918976 0.00855352 0.00863713 0.00853525 0.00855506 0.00850143 0.0091509 0.00991269 0.0116706 0.00916198 0.00862077 0.00827177 0.00831121 0.00827143 0.00817672 0.0106502 0.00905839 0.00946302 0.00942203 0.00902157 0.00852902 0.00854987 
0.0139287 0.0114819 0.0555205 0.0238448 0.0168497 0.0132083 0.00669259 0.00821733 0.0061919 0.00713176 0.00388547 0.00397197 0.00346989 0.00334803 0.00324796 0.00322946 0.00320774 0 0.00319497 0.00320096 0.00344306 0.0141692 0.733225 0.0203301 0.00680361 0.00815623 0.0131353 0.0264981 0.0244004 0.0141381 0.0117772 0.0116778 0.0140123 0.0108904 0.0163564 0.0653649 0.0302095 0.0264971 0.0102077 0.00956101 0.00876365 0.00958724 0.0132228 0.0306612 0.0320871 0.0351574 0.0377509 0.0113893 0.00968837 0.0110707 0.0225793 0.0418255 0.018187 0.00975185 0.00848147 0.00869763 0.00998848 0.0160739 0.0133104 0.0247494 0.0155653 0.0191185 0.0123532 0.0205568 0.0167703 0.017168 0.0110509 0.00883052 0.00872806 0.00859721 0.00887459 0.00842499 0.00834883 0.00882758 0.0105938 0.0103778 0.00952549 0.00836511 0.0083481 0.00865424 0.0083772 0.00829916 0.00859916 0.0101495 0.0098779 0.00908813 0.00854873 0.00810502 0.00826273 0.008245 0.00828936 0.00854353 0.00883413 0.00882458 0.00937566 0.00863952 0.0084509 0.00848457 
0.0115483 0.0307483 0.0115965 0.0149088 0.0454145 0.0142279 0.00775045 0.00788562 0.00649232 0.00544742 0.0046971 0.00388736 0.00340549 0.00349729 0.0032245 0.00322694 0.00322663 0.00319497 0 0.00320601 0.00505197 0.823665 0.00540495 0.00482445 0.00740781 0.00875667 0.012301 0.0280135 0.0445499 0.0145355 0.0103645 0.0383168 0.0120063 0.0114502 0.0211188 0.0129755 0.0246046 0.0207188 0.0130227 0.00921656 0.00990733 0.0100171 0.0128205 0.0123492 0.0170213 0.0151686 0.0123079 0.0183215 0.00870875 0.0117298 0.015386 0.0166027 0.0195132 0.0108363 0.00827161 0.00878169 0.0092955 0.00875188 0.0130885 0.0104469 0.0130001 0.0100793 0.0108934 0.0100435 0.0116808 0.0109187 0.01101 0.00878857 0.00842676 0.00865442 0.00840192 0.0086707 0.0084157 0.00917138 0.00907 0.00954523 0.00884624 0.00846037 0.00816743 0.00837394 0.00842685 0.00825463 0.00858861 0.00861603 0.00892002 0.00846062 0.00831283 0.00807849 0.00815604 0.00807044 0.00806669 0.00843465 0.00858694 0.00847007 0.00849509 0.0083445 0.00812709 0.00817516 
0.0380114 0.0101563 0.0108298 0.010619 0.0154653 0.0342758 0.0206067 0.0066696 0.00540311 0.00588908 0.00456859 0.00384355 0.00393746 0.00331392 0.00327317 0.00317428 0.00325848 0.00320096 0.00320601 0 0.891072 0.00430332 0.00343493 0.00556332 0.00888064 0.00946248 0.0218348 0.0119771 0.0168638 0.0350062 0.0179019 0.0113541 0.0314273 0.0183503 0.00986377 0.0116194 0.0105853 0.0147502 0.0163122 0.0149712 0.00932013 0.0172826 0.0137098 0.0111614 0.010847 0.0102409 0.0102322 0.00962262 0.0104564 0.0174651 0.00987028 0.0102524 0.0112569 0.0131091 0.0143338 0.00847012 0.00829341 0.00907523 0.00901211 0.0106903 0.00928514 0.00992146 0.00889589 0.00903863 0.00933866 0.0091613 0.00966067 0.00958591 0.011026 0.0082454 0.00937657 0.00942654 0.00904267 0.010701 0.00884229 0.00858168 0.00864838 0.00859359 0.00982251 0.00817388 0.00853237 0.00955354 0.00829193 0.00836507 0.00855416 0.00837517 0.00839251 0.0082455 0.00812084 0.00836768 0.00927122 0.00855223 0.00838696 0.00827734 0.00833816 0.00824322 0.00820874 0.00816878 
0.0147503 0.0116205 0.00971785 0.0133959 0.011834 0.0164944 0.00912941 0.00681881 0.00667 0.00638357 0.00653679 0.00569572 0.00602077 0.00678649 0.00497635 0.00471691 0.00370026 0.00344306 0.00505197 0.891072 0 0.00409036 0.00323379 0.00346186 0.00553613 0.022896 0.023309 0.0110714 0.0111617 0.0322831 0.0135969 0.0116137 0.0180278 0.0136443 0.0112625 0.00981839 0.0155821 0.0104102 0.0255761 0.00972855 0.0141014 0.00977016 0.0108774 0.0106895 0.0111214 0.0117817 0.00939108 0.0113937 0.0105161 0.0116122 0.0101394 0.009957 0.00993942 0.0120963 0.00821106 0.00811612 0.00845689 0.00838719 0.00908384 0.0087687 0.00867084 0.00861493 0.00880206 0.00865178 0.00884037 0.00901408 0.0085369 0.010455 0.00823136 0.00808531 0.00876445 0.00828816 0.00833128 0.00845665 0.00831224 0.0083867 0.00825974 0.00862658 0.00835764 0.00810609 0.00840222 0.00815871 0.00815612 0.008237 0.00832932 0.00823723 0.00836337 0.00813189 0.00800426 0.00851705 0.0080612 0.00839818 0.00817074 0.0081381 0.00814885 0.00815603 0.00816315 0.00838883 
0.0119613 0.0135405 0.0371476 0.013958 0.019413 0.0108602 0.00811664 0.0106152 0.00807761 0.00771149 0.00658368 0.00780931 0.00749849 0.00707059 0.0084221 0.00622336 0.00721409 0.0141692 0.823665 0.00430332 0.00409036 0 0.00326567 0.00320095 0.0071941 0.0119528 0.0208486 0.0258102 0.0297554 0.0129834 0.0123314 0.0146005 0.0133539 0.0103803 0.0129134 0.0246551 0.0159781 0.0268575 0.0101021 0.0113486 0.00895752 0.00949669 0.00958999 0.019471 0.0160479 0.0175807 0.0176131 0.0101936 0.00947096 0.0108127 0.0176137 0.0166405 0.0146834 0.00936656 0.00824646 0.00851692 0.00897779 0.0104548 0.00975573 0.0118186 0.0102576 0.0104908 0.00934679 0.0115828 0.0105638 0.0107584 0.00994883 0.00855737 0.00825763 0.00842038 0.00849891 0.00819606 0.00853606 0.00845179 0.00965652 0.00892351 0.00909579 0.00816636 0.00817883 0.00842217 0.00818432 0.00820322 0.00854643 0.00911212 0.00913931 0.00874031 0.00829378 0.00805746 0.00816566 0.00821663 0.00813386 0.00819411 0.00857044 0.00860515 0.00869965 0.00872884 0.00836044 0.00820404 
0.0115771 0.0290755 0.0115191 0.0160347 0.0333881 0.0117949 0.010857 0.00901521 0.0078094 0.00757226 0.00811079 0.00721527 0.00767061 0.00932711 0.0067654 0.00887162 0.0150191 0.733225 0.00540495 0.00343493 0.00323379 0.00326567 0 0.00344699 0.00750115 0.00777008 0.014804 0.0440943 0.0407945 0.011961 0.0115363 0.0401198 0.0118961 0.0102965 0.020922 0.0123765 0.0277371 0.0195081 0.0129483 0.00922489 0.0102169 0.0095032 0.0127789 0.0117225 0.0169298 0.0144978 0.0116989 0.0179096 0.00873579 0.0108485 0.0135727 0.0171735 0.0195839 0.0099349 0.0082668 0.00846122 0.0091304 0.00882341 0.0125995 0.0101038 0.01142 0.00974587 0.0104305 0.00973344 0.0124312 0.0107681 0.0114511 0.00888196 0.00847997 0.00895666 0.00847863 0.00859506 0.00842893 0.00915931 0.0090082 0.00972441 0.00888256 0.0084007 0.0083618 0.00839964 0.00846427 0.00821624 0.00856409 0.0086813 0.00917609 0.00856901 0.00821334 0.00808066 0.00816531 0.00810846 0.00802554 0.00824342 0.00879579 0.008541 0.00875103 0.00854285 0.00823337 0.00814753 
0.0258124 0.0094246 0.0115842 0.0101309 0.0149723 0.0235663 0.0138234 0.00935907 0.00760091 0.0094294 0.00717595 0.00793063 0.00822756 0.00722959 0.00814029 0.0262015 0.761961 0.0203301 0.00482445 0.00556332 0.00346186 0.00320095 0.00344699 0 0.0113242 0.0149027 0.0238473 0.0192551 0.0281288 0.0688707 0.0162361 0.0110069 0.0326849 0.0146973 0.0096771 0.0116149 0.0113725 0.0171555 0.0190775 0.013915 0.00946665 0.019802 0.0134863 0.0114544 0.0103122 0.0105295 0.0108448 0.00953982 0.0113624 0.0138769 0.0102369 0.0105155 0.0114466 0.0145543 0.00972996 0.00846323 0.00845705 0.00904215 0.00915649 0.00953826 0.0091969 0.00966696 0.00900333 0.00921184 0.00937546 0.00927217 0.00983556 0.0105063 0.0103335 0.00839328 0.00944267 0.00917761 0.00875874 0.0094176 0.00886943 0.00849095 0.00873694 0.00941924 0.00920904 0.00825471 0.00856709 0.00932865 0.0082929 0.0085355 0.00844907 0.00839516 0.00851568 0.00820769 0.00810571 0.00829858 0.0090228 0.00848015 0.00823607 0.00831832 0.00834418 0.008273 0.00828956 0.00821679 
0.0110416 0.00951604 0.00918259 0.00933936 0.011306 0.0152716 0.010459 0.00898985 0.00830202 0.00844283 0.00832124 0.00812057 0.00850782 0.00906809 0.0097174 0.0157189 0.00788402 0.00680361 0.00740781 0.00888064 0.00553613 0.0071941 0.00750115 0.0113242 0 0.00334195 0.00590088 0.0160456 0.00836423 0.0206101 0.00819381 0.011166 0.0143843 0.00949566 0.0107963 0.00942281 0.00963752 0.0119056 0.0189874 0.0132017 0.0152316 0.0136174 0.00982333 0.0108027 0.0100226 0.00958711 0.00942033 0.0112234 0.0124107 0.0105218 0.0104705 0.00945065 0.0111415 0.0120416 0.00825757 0.00826386 0.00845102 0.00847876 0.00857042 0.00904307 0.00871444 0.00880067 0.00850264 0.00861789 0.00873041 0.00886152 0.00962027 0.0115474 0.00829582 0.00855499 0.00939395 0.00851951 0.00917247 0.0084898 0.00866762 0.0083097 0.008649 0.00898443 0.00819731 0.00826871 0.00880438 0.00807753 0.0081903 0.00826015 0.00835613 0.0083987 0.00874079 0.00799257 0.00804818 0.00860296 0.00846449 0.00824338 0.0082131 0.00811561 0.00811809 0.00812479 0.00816285 0.00815353 
0.0142141 0.00895789 0.0091917 0.00905884 0.0111665 0.012184 0.0109917 0.00881816 0.00846906 0.0087486 0.00850956 0.00866068 0.00899597 0.00933256 0.0222389 0.00950076 0.00853764 0.00815623 0.00875667 0.00946248 0.022896 0.0119528 0.00777008 0.0149027 0.00334195 0 0.0193935 0.00644859 0.00900693 0.00756945 0.00835174 0.0102173 0.0139605 0.0120458 0.00958146 0.00926353 0.00943845 0.0132124 0.0125995 0.0271461 0.0107567 0.0158066 0.0109279 0.00975996 0.0095162 0.00925652 0.00946897 0.0104043 0.0104446 0.0121085 0.00917027 0.00950588 0.0100806 0.0114715 0.00900706 0.00836353 0.00838685 0.00863844 0.00857087 0.00879134 0.00866391 0.00883614 0.0086208 0.008611 0.00891763 0.00876476 0.00936303 0.0119456 0.00930037 0.00834465 0.00918352 0.00889368 0.00941006 0.00921732 0.00846613 0.0084037 0.00874792 0.0102003 0.00861702 0.00835046 0.00956726 0.00919868 0.00833844 0.00843232 0.00833242 0.00851048 0.00870602 0.00814956 0.00846618 0.00868258 0.00940174 0.00864959 0.00824281 0.00826366 0.00826089 0.00830489 0.00824033 0.00815635 
0.0186131 0.0131928 0.0127738 0.0162757 0.015339 0.0193961 0.0135255 0.0112056 0.0106751 0.0107037 0.0104797 0.0118013 0.0149826 0.0159195 0.0138058 0.0147571 0.0150871 0.0131353 0.012301 0.0218348 0.023309 0.0208486 0.014804 0.0238473 0.00590088 0.0193935 0 0.00328488 0.0032898 0.00340915 0.00917583 0.00736193 0.0600793 0.0445109 0.012578 0.0108227 0.0129852 0.0127973 0.0376723 0.0145026 0.017031 0.0149367 0.0161829 0.023616 0.0173114 0.02177 0.0155637 0.0146727 0.0170458 0.0260082 0.0231464 0.0156741 0.0146151 0.0189869 0.00899455 0.0087608 0.00916381 0.00981536 0.0109194 0.0116674 0.010574 0.0104627 0.0106493 0.010953 0.0112108 0.0115152 0.0106486 0.0153114 0.00943001 0.00865214 0.011056 0.00891114 0.00963878 0.0105204 0.00981848 0.00935576 0.0096158 0.0106487 0.00876735 0.00849135 0.00968964 0.00882843 0.00876438 0.00884356 0.0094147 0.00915863 0.00992812 0.00838332 0.00819842 0.00935198 0.00869341 0.00884471 0.00856135 0.00899144 0.0086088 0.0086066 0.00849488 0.00873416 
0.010789 0.0223502 0.0276377 0.0264398 0.0247094 0.0111066 0.00942031 0.0135719 0.0118639 0.0126095 0.0138046 0.0180374 0.0177039 0.0209702 0.0222488 0.0241202 0.0264311 0.0264981 0.0280135 0.0119771 0.0110714 0.0258102 0.0440943 0.0192551 0.0160456 0.00644859 0.00328488 0 0.0032524 0.00323481 0.00598991 0.0337906 0.601931 0.0102019 0.0117401 0.0164408 0.0160013 0.043794 0.0133112 0.013115 0.0109554 0.0105004 0.01366 0.033292 0.0491925 0.0326014 0.0375281 0.019826 0.0106786 0.0170407 0.0380103 0.0568437 0.0320577 0.0113474 0.00866196 0.0099752 0.0109648 0.0172211 0.0236188 0.0209292 0.0192778 0.0176352 0.0154029 0.022057 0.0263276 0.0211834 0.0176018 0.0101278 0.00909681 0.0102641 0.00931008 0.00897415 0.00866541 0.00998668 0.0136566 0.013576 0.0126074 0.00870478 0.0087934 0.00893062 0.00884118 0.00861445 0.00982932 0.0109075 0.0126886 0.00993023 0.00934869 0.0082424 0.00830248 0.00847602 0.00841282 0.00877311 0.00913984 0.00966149 0.00994304 0.00914987 0.00867932 0.0084745 
0.0124542 0.0334035 0.0282654 0.0256431 0.036858 0.0125729 0.0108446 0.0104531 0.0110182 0.0152419 0.0136978 0.0146703 0.0146086 0.0183117 0.0185459 0.0208961 0.0264078 0.0244004 0.0445499 0.0168638 0.0111617 0.0297554 0.0407945 0.0281288 0.00836423 0.00900693 0.0032898 0.0032524 0 0.00327288 0.0246831 0.751506 0.0107672 0.016951 0.0202924 0.0129518 0.0305546 0.0283982 0.0169971 0.0113938 0.0126254 0.0119536 0.01648 0.0211503 0.0305246 0.0383496 0.0259228 0.0358217 0.0107753 0.0154697 0.0481195 0.0429015 0.0665595 0.0144087 0.00890816 0.0101289 0.0102724 0.0117057 0.0197788 0.0175335 0.0184009 0.0175194 0.0152223 0.0183554 0.0230306 0.0230208 0.022122 0.0106709 0.00967743 0.011862 0.00981368 0.0101788 0.00953473 0.0105295 0.0134993 0.0142987 0.0124727 0.00944051 0.0089916 0.00936225 0.00944377 0.00880982 0.00992033 0.0106005 0.0118526 0.0107959 0.00867062 0.00838426 0.00850229 0.00827445 0.00834046 0.00885184 0.00920454 0.00969236 0.0096391 0.00913788 0.00852882 0.00840195 
0.0282409 0.0103855 0.0123591 0.011938 0.0138271 0.0204397 0.016498 0.00970078 0.00897501 0.0109665 0.0105812 0.0111649 0.0123811 0.0119402 0.0128561 0.0157694 0.0145054 0.0141381 0.0145355 0.0350062 0.0322831 0.0129834 0.011961 0.0688707 0.0206101 0.00756945 0.00340915 0.00323481 0.00327288 0 0.712995 0.00601206 0.0132663 0.0162821 0.00827119 0.0131342 0.0135303 0.0178736 0.0203094 0.0264817 0.0103778 0.0283877 0.0193807 0.0180472 0.0129091 0.0137927 0.0165514 0.0120899 0.0152893 0.0361677 0.0155532 0.0155948 0.0183892 0.0253981 0.014059 0.00892938 0.00881056 0.010203 0.0106085 0.0126021 0.0108028 0.012348 0.0108722 0.0111412 0.0127224 0.0118706 0.0132516 0.0127118 0.0176517 0.00913418 0.0124135 0.012472 0.0102051 0.0146705 0.0100759 0.00930243 0.0100141 0.00993318 0.0111509 0.00862813 0.00920078 0.0118701 0.008741 0.00935248 0.00946014 0.00890094 0.00931236 0.00867089 0.00822195 0.00873858 0.0109268 0.00981508 0.00895859 0.00887851 0.00925947 0.00862457 0.00870963 0.00844483 
0.0104828 0.0101405 0.0101838 0.0100672 0.0106131 0.0135222 0.0110022 0.00999694 0.00937344 0.0092784 0.00926476 0.00984344 0.0102914 0.0105656 0.0110255 0.0120698 0.0116796 0.0117772 0.0103645 0.0179019 0.0135969 0.0123314 0.0115363 0.0162361 0.00819381 0.00835174 0.00917583 0.00598991 0.0246831 0.712995 0 0.0032708 0.00329077 0.00511249 0.00755389 0.0211611 0.0109189 0.00841743 0.0244192 0.0123236 0.0162819 0.0140858 0.0128796 0.0139149 0.0144085 0.0124 0.0113394 0.0135869 0.0151262 0.0146808 0.0142378 0.0150568 0.0117873 0.0155217 0.00865897 0.00848489 0.00903925 0.00929629 0.00949937 0.0101438 0.00964252 0.00979135 0.00987319 0.00992768 0.0099401 0.0101558 0.00984915 0.012409 0.00918493 0.00839648 0.0119197 0.00859243 0.00924995 0.00951797 0.00901149 0.00918121 0.00897828 0.00939086 0.00862307 0.00829565 0.00950134 0.00845292 0.00836868 0.0087037 0.00885782 0.00888385 0.00905919 0.00822869 0.00814574 0.00904976 0.008547 0.00896085 0.00836594 0.00840992 0.0086226 0.00827068 0.00816353 0.00850447 
0.00934669 0.0151663 0.00991979 0.011803 0.0186268 0.00953584 0.00920549 0.00951112 0.00954345 0.00923036 0.0106646 0.00979863 0.0100338 0.0126045 0.0106881 0.0127602 0.016046 0.0116778 0.0383168 0.0113541 0.0116137 0.0146005 0.0401198 0.0110069 0.011166 0.0102173 0.00736193 0.0337906 0.751506 0.00601206 0.0032708 0 0.00331232 0.0109675 0.0259354 0.0082616 0.00947162 0.0204209 0.00749821 0.0130692 0.0132931 0.0105191 0.0114783 0.0177487 0.0152417 0.0150852 0.0128774 0.0296007 0.00986812 0.0142944 0.0199469 0.0157699 0.0436739 0.0112054 0.00851944 0.00921312 0.00937053 0.00953778 0.013544 0.0112758 0.0120276 0.0101041 0.0104202 0.0105667 0.011584 0.0117649 0.0154665 0.0100865 0.00902075 0.0134027 0.00886135 0.00980382 0.00902715 0.00983762 0.0102025 0.00998527 0.010797 0.00861584 0.00862586 0.0089252 0.00864174 0.00861596 0.00974007 0.00907686 0.0094508 0.00922262 0.00849756 0.00827212 0.00839913 0.00814443 0.00811453 0.00824724 0.00855847 0.00879094 0.00879475 0.00856946 0.00843914 0.00814712 
0.0209407 0.00930301 0.0109721 0.00994079 0.0116633 0.0158389 0.013628 0.00924594 0.00885853 0.0101011 0.00914308 0.0104465 0.0112823 0.0103308 0.0110683 0.0122089 0.011967 0.0140123 0.0120063 0.0314273 0.0180278 0.0133539 0.0118961 0.0326849 0.0143843 0.0139605 0.0600793 0.601931 0.0107672 0.0132663 0.00329077 0.00331232 0 0.0277568 0.00563054 0.00510127 0.0103664 0.00727929 0.00783795 0.0190252 0.0112056 0.0239114 0.0182467 0.0122954 0.0115879 0.0118589 0.012827 0.0114604 0.015966 0.0243486 0.0125317 0.0132553 0.0154371 0.0255238 0.0133434 0.00899612 0.0087574 0.00971161 0.0103444 0.0116041 0.0100621 0.0112995 0.0102721 0.0101059 0.0113574 0.0117021 0.0121559 0.012092 0.0157661 0.00875627 0.0123389 0.011444 0.0106705 0.0147838 0.0097947 0.0096171 0.0100123 0.00979738 0.0107961 0.00861424 0.00918309 0.0106964 0.00866581 0.00885516 0.00920413 0.00888812 0.00894329 0.00865878 0.008175 0.00860845 0.009839 0.00960635 0.00880754 0.00880536 0.00871717 0.00867236 0.00860286 0.0083952 
0.010406 0.00942947 0.0097501 0.00954565 0.0108755 0.0150654 0.00995892 0.00918021 0.00903904 0.00905617 0.00909576 0.0101264 0.00998763 0.0112075 0.0115838 0.0118814 0.0115725 0.0108904 0.0114502 0.0183503 0.0136443 0.0103803 0.0102965 0.0146973 0.00949566 0.0120458 0.0445109 0.0102019 0.016951 0.0162821 0.00511249 0.0109675 0.0277568 0 0.00322381 0.0032271 0.00324291 0.00325131 0.00428323 0.0123268 0.0150308 0.0134008 0.0132934 0.0151896 0.01193 0.011562 0.0117943 0.0183003 0.017933 0.0167253 0.0151676 0.0123882 0.0119514 0.0177946 0.00899473 0.0088135 0.0089674 0.00942638 0.00959888 0.0114465 0.0102851 0.0104752 0.00975846 0.0109079 0.0104913 0.0105212 0.0102091 0.0232433 0.0087652 0.00869298 0.0116758 0.00858238 0.00969352 0.0093156 0.00911579 0.00895866 0.00932182 0.0109533 0.00861424 0.00840821 0.00987799 0.00837128 0.00839206 0.00895083 0.00892006 0.00916758 0.0105445 0.00829265 0.00809996 0.00976914 0.00852702 0.00851239 0.00836535 0.00843585 0.00846625 0.00833086 0.00833931 0.00892762 
0.0096521 0.0139699 0.0119059 0.0152955 0.0163431 0.00947295 0.00891165 0.00969755 0.00989048 0.00963753 0.0122928 0.0109599 0.0121216 0.0163194 0.0160956 0.0209941 0.0223309 0.0163564 0.0211188 0.00986377 0.0112625 0.0129134 0.020922 0.0096771 0.0107963 0.00958146 0.012578 0.0117401 0.0202924 0.00827119 0.00755389 0.0259354 0.00563054 0.00322381 0 0.00321159 0.00322557 0.0031921 0.00327112 0.0102687 0.00865361 0.00935965 0.0114012 0.0164661 0.0201729 0.0252516 0.0208097 0.0196121 0.00958051 0.0188137 0.0246417 0.0244865 0.0208838 0.0117587 0.00874042 0.00908341 0.0107538 0.0100158 0.0215394 0.0148109 0.0191224 0.0123123 0.0160888 0.0167397 0.0197962 0.0154269 0.0289232 0.00987943 0.00942005 0.0097898 0.00889771 0.00909945 0.00864522 0.00987026 0.0107378 0.0124884 0.010808 0.00901336 0.0087222 0.00874306 0.00887251 0.00861739 0.00940232 0.00990432 0.0109069 0.0106329 0.00873287 0.0082185 0.00832628 0.00832327 0.00813238 0.00865499 0.00877039 0.00970785 0.00906799 0.00902642 0.00856848 0.00857555 
0.010206 0.0114217 0.0355243 0.0284769 0.0146126 0.00991017 0.00886469 0.0117018 0.0114142 0.0230233 0.0121146 0.0227411 0.0262749 0.0226225 0.046151 0.0368024 0.0429241 0.0653649 0.0129755 0.0116194 0.00981839 0.0246551 0.0123765 0.0116149 0.00942281 0.00926353 0.0108227 0.0164408 0.0129518 0.0131342 0.0211611 0.0082616 0.00510127 0.0032271 0.00321159 0 0.003219 0.00319951 0.00324403 0.00965132 0.00694607 0.0102044 0.0147323 0.0200307 0.0250767 0.063028 0.0405428 0.0130198 0.0109073 0.0144132 0.0312643 0.0463485 0.0323812 0.0106837 0.00899244 0.0101593 0.0118158 0.0356125 0.0239628 0.0472182 0.0199957 0.0496127 0.0204294 0.0503594 0.0290923 0.0634253 0.0148784 0.0110753 0.0102123 0.0099242 0.00965815 0.00888939 0.00886387 0.00962363 0.0169835 0.022671 0.0158324 0.00909488 0.00882184 0.0091 0.00900472 0.00893354 0.00994378 0.0185937 0.0179856 0.0108379 0.00930081 0.00824286 0.00820978 0.00837448 0.00840848 0.00924948 0.00961872 0.0104403 0.0117466 0.00955623 0.00882966 0.00891113 
0.00970554 0.0200031 0.0267816 0.0378757 0.0152137 0.0102881 0.00897588 0.0107243 0.0179285 0.0133706 0.0218006 0.0194056 0.020553 0.0409889 0.0305582 0.0557677 0.0808233 0.0302095 0.0246046 0.0105853 0.0155821 0.0159781 0.0277371 0.0113725 0.00963752 0.00943845 0.0129852 0.0160013 0.0305546 0.0135303 0.0109189 0.00947162 0.0103664 0.00324291 0.00322557 0.003219 0 0.00324311 0.00321063 0.00844827 0.0114808 0.00996172 0.016513 0.0190835 0.0789937 0.0443446 0.0311231 0.0234878 0.0095262 0.0148333 0.0328219 0.0902051 0.0250616 0.0128213 0.00886715 0.009612 0.0214893 0.0165322 0.0744627 0.0246751 0.0545399 0.0243932 0.0416435 0.0274496 0.0865173 0.0391668 0.0197163 0.0105363 0.00948894 0.00967559 0.00964704 0.00896686 0.008948 0.0116578 0.0174549 0.0417588 0.0112826 0.00957616 0.00892961 0.00913618 0.00960591 0.00892145 0.0116432 0.0176738 0.0216787 0.0107024 0.00973036 0.00830189 0.00834119 0.00856728 0.00837093 0.0101309 0.00948316 0.0125972 0.0114029 0.0109421 0.00907293 0.00972345 
0.0106879 0.0130911 0.0148486 0.0114838 0.0208533 0.0104557 0.00910252 0.0108584 0.00930841 0.0119177 0.00997743 0.01452 0.0139556 0.0146335 0.0228787 0.0251298 0.0195593 0.0264971 0.0207188 0.0147502 0.0104102 0.0268575 0.0195081 0.0171555 0.0119056 0.0132124 0.0127973 0.043794 0.0283982 0.0178736 0.00841743 0.0204209 0.00727929 0.00325131 0.0031921 0.00319951 0.00324311 0 0.00322787 0.0205989 0.00903399 0.0113169 0.0142566 0.0361035 0.021259 0.02695 0.0229239 0.0186301 0.0118636 0.0145195 0.0346251 0.0227515 0.0698686 0.0141763 0.00921615 0.0109052 0.00951459 0.018596 0.0128001 0.0283104 0.0149663 0.023201 0.0143648 0.0360756 0.0169307 0.0196886 0.0282786 0.0114251 0.00984028 0.0124249 0.0106044 0.0111262 0.0100167 0.0109623 0.0185611 0.0113473 0.0221635 0.00918872 0.00922973 0.0104712 0.00919666 0.00921854 0.0137104 0.013321 0.0110015 0.0112219 0.00894607 0.00843678 0.0085567 0.00840638 0.00840358 0.00888539 0.00976972 0.00925056 0.0104509 0.00878798 0.00878543 0.00841042 
