1MWWA
MITVFGLKSKLAPRREKLAEVIYNSLHLGLDIPKGKHAIRFLCLEKEDFYYPFDRSDDYTVIEINLMAGRMEGTKKRLIKMLFSELEYKLGIRAHDVEITIKEQPAHCWGFRGMTGDEAR
CEEEEEEHHHHHHHHHHHHHHHHHHHHHHHCCCCCCCCEEEEEECHHHEECCCCCCCCCEEEEEEEECCCCHHHHHHHHHHHHHHHHHHHCCCHHHEEEEEEEECHHHEEECCEECCCCC
0 0 0 0 0 0 0 0 0 0 0 0 0 0 0 0 0 0 0 0 0 0 0 0 0 0 0 0 0 0 0 0 0 0 0 0 0 0 0 0 0 0 0 0 0 0 0 0 0 0 0 0 0 0 0 0 0 0 0 0 0 0 0 0 0 0 0 0 0 0 0 0 0 0 0 0 0 0 0 0 0 0 0 0 0 0 0 0 0 0 0 0 0 0 0 0 0 0 0 0 0 0 0 0 0 0 0 0 0 0 0 0 0 0 0 0 0 0 0 0 
0 0 0 0 0 0 0 0 0 0 0 0 0 0 0 0 0 0 0 0 0 0 0 0 0 0 0 0 0 0 0 0 0 0 0 0 0 0 0 0 0 0 0 0 0 0 0 0 0 0 0 0 0 0 0 0 0 0 0 0 0 0 0 0 0 0 0 0 0 0 0 0 0 0 0 0 0 0 0 0 0 0 0 0 0 0 0 0 0 0 0 0 0 0 0 0 0 0 0 0 0 0 0 0 0 0 0 0 0 0 0 0 0 0 0 0 0 0 0 0 
0 0.00348492 0.00336487 0.00343822 0.0034534 0.00541554 0.483609 0.0303736 0.0466468 0.0272835 0.0247658 0.0521084 0.0116245 0.0146807 0.0392031 0.0196319 0.0491294 0.024276 0.0407492 0.0171456 0.0188697 0.0191307 0.014526 0.0123224 0.0214954 0.0133334 0.0131304 0.0118298 0.00980936 0.0134605 0.0115479 0.00876832 0.0141941 0.00885416 0.011089 
0.00348492 0 0.00362626 0.00334247 0.00341959 0.00327813 0.0761438 0.528022 0.0314024 0.0632447 0.0364411 0.0133826 0.0121288 0.0098696 0.0286937 0.0779328 0.0347369 0.121184 0.0294531 0.0452873 0.0215105 0.0103303 0.01182 0.0239746 0.0199498 0.026968 0.014102 0.0112937 0.0104371 0.00895778 0.00951258 0.00964034 0.008749 0.0090157 0.00843219 
0.00336487 0.00362626 0 0.0033325 0.00321608 0.00321545 0.0528052 0.0644104 0.45788 0.066348 0.0313948 0.0110998 0.0101477 0.00891052 0.0177545 0.034576 0.162167 0.0471934 0.124286 0.0381099 0.0197915 0.00987287 0.0112423 0.0143262 0.0549101 0.0288432 0.025792 0.0189214 0.00962656 0.00850513 0.00956785 0.00885691 0.00876123 0.00846732 0.00827775 
0.00343822 0.00334247 0.0033325 0 0.00320555 0.00320265 0.026071 0.111001 0.0802901 0.383119 0.0165894 0.0136773 0.00980109 0.00947956 0.0156445 0.0524078 0.0605284 0.100054 0.0500419 0.0523715 0.0142018 0.0107045 0.0105367 0.0185667 0.0372027 0.0333111 0.0212673 0.0156432 0.00929964 0.00880056 0.00934602 0.00902456 0.00890526 0.00846642 0.00838538 
0.0034534 0.00341959 0.00321608 0.00320555 0 0.00319661 0.0201125 0.0469202 0.0400374 0.0230125 0.296296 0.0106328 0.0138627 0.0125218 0.0184402 0.0254761 0.020693 0.0236465 0.0203884 0.013857 0.0180741 0.00992568 0.0118265 0.0161505 0.0142124 0.0142447 0.0111133 0.00927272 0.00993734 0.00829307 0.00998734 0.0100898 0.00844817 0.00888791 0.00846502 
0.00541554 0.00327813 0.00321545 0.00320265 0.00319661 0 0.0364646 0.0133913 0.0141224 0.0158262 0.0134105 0.18528 0.0200346 0.0130253 0.0222053 0.0107228 0.0115872 0.00989698 0.0102094 0.00956073 0.0097785 0.0126013 0.0205994 0.0095216 0.00995822 0.00913455 0.00899938 0.00890603 0.00843196 0.00906104 0.0128362 0.00875629 0.00881235 0.00990031 0.00850021 
0.483609 0.0761438 0.0528052 0.026071 0.0201125 0.0364646 0 0.00343077 0.00329235 0.00325668 0.00334247 0.00429915 0.00504992 0.0140547 0.0313506 0.0168937 0.0268977 0.0131665 0.0186158 0.017879 0.0212276 0.0247661 0.0172709 0.012944 0.018014 0.0120494 0.0126651 0.0115521 0.0110546 0.0159563 0.0107941 0.00935168 0.0141657 0.00943619 0.0110348 
0.0303736 0.528022 0.0644104 0.111001 0.0469202 0.0133913 0.00343077 0 0.00321552 0.00320525 0.00332704 0.00332088 0.00446307 0.00557057 0.0252379 0.0484745 0.018694 0.0586256 0.0274483 0.0354372 0.0206047 0.0128366 0.0123759 0.0426404 0.0196196 0.0522526 0.0245711 0.0142665 0.0152375 0.00968686 0.0104326 0.0130461 0.00923212 0.00917586 0.00870502 
0.0466468 0.0314024 0.45788 0.0802901 0.0400374 0.0141224 0.00329235 0.00321552 0 0.00320239 0.00321734 0.00326266 0.00335489 0.00455462 0.0141454 0.020667 0.0544246 0.0300493 0.0913586 0.0225271 0.0210624 0.00982294 0.0190638 0.0156581 0.150593 0.0367569 0.0469167 0.0290675 0.0110071 0.00966535 0.0120947 0.00959771 0.00978819 0.00896592 0.00874497 
0.0272835 0.0632447 0.066348 0.383119 0.0230125 0.0158262 0.00325668 0.00320525 0.00320239 0 0.0031922 0.00321477 0.00328254 0.00454953 0.013593 0.0246371 0.0357304 0.0588645 0.0333472 0.0384015 0.0125689 0.0101955 0.012272 0.0315772 0.0539646 0.0784588 0.0302538 0.0260259 0.0108513 0.00921442 0.0110689 0.0100755 0.0102496 0.00869543 0.00871548 
0.0247658 0.0364411 0.0313948 0.0165894 0.296296 0.0134105 0.00334247 0.00332704 0.00321734 0.0031922 0 0.00320238 0.00600796 0.0161072 0.0154393 0.0306972 0.0177299 0.0464684 0.0203903 0.0168176 0.0318555 0.0103564 0.014862 0.0237361 0.0198174 0.025915 0.0154218 0.0110442 0.0155625 0.00865544 0.0109437 0.0176529 0.00870203 0.00955039 0.00925968 
0.0521084 0.0133826 0.0110998 0.0136773 0.0106328 0.18528 0.00429915 0.00332088 0.00326266 0.00321477 0.00320238 0 0.018426 0.00381978 0.0206093 0.0132868 0.0131826 0.0090642 0.0107693 0.00869759 0.0114745 0.0215314 0.0298901 0.0103923 0.0135312 0.00960482 0.00954969 0.0101178 0.00868898 0.011877 0.0175021 0.00894288 0.0103553 0.0127212 0.00961001 
0.0116245 0.0121288 0.0101477 0.00980109 0.0138627 0.0200346 0.00504992 0.00446307 0.00335489 0.00328254 0.00600796 0.018426 0 0.00375913 0.00760186 0.0214924 0.0103246 0.00697243 0.00862072 0.00648823 0.00837038 0.0100182 0.0128804 0.0104277 0.0127953 0.00907837 0.0101337 0.0091853 0.0094773 0.0152815 0.009766 0.00965688 0.0161773 0.00916631 0.0122989 
0.0146807 0.0098696 0.00891052 0.00947956 0.0125218 0.0130253 0.0140547 0.00557057 0.00455462 0.00454953 0.0161072 0.00381978 0.00375913 0 0.0676213 0.0141983 0.0074911 0.00777553 0.00691815 0.00765474 0.00804255 0.0101945 0.0107338 0.0113712 0.00895171 0.0101296 0.00884264 0.00884545 0.0102102 0.00932771 0.0107513 0.0105941 0.00865145 0.0109185 0.00925015 
0.0392031 0.0286937 0.0177545 0.0156445 0.0184402 0.0222053 0.0313506 0.0252379 0.0141454 0.013593 0.0154393 0.0206093 0.00760186 0.0676213 0 0.0036676 0.00330674 0.00333791 0.00330163 0.00336343 0.00339347 0.0171528 0.218155 0.0185915 0.0217809 0.0158626 0.0163127 0.0111123 0.0217881 0.0191057 0.0161185 0.0107605 0.020904 0.0112257 0.0166711 
0.0196319 0.0779328 0.034576 0.0524078 0.0254761 0.0107228 0.0168937 0.0484745 0.020667 0.0246371 0.0306972 0.0132868 0.0214924 0.0141983 0.0036676 0 0.0032858 0.00323932 0.00323719 0.00333256 0.00350164 0.00370557 0.0321822 0.392478 0.0290135 0.0499513 0.0178235 0.027878 0.0157679 0.012213 0.0120241 0.0194412 0.0100559 0.0112522 0.00947355 
0.0491294 0.0347369 0.162167 0.0605284 0.020693 0.0115872 0.0268977 0.018694 0.0544246 0.0357304 0.0177299 0.0131826 0.0103246 0.0074911 0.00330674 0.0032858 0 0.00322439 0.0032815 0.00322655 0.00330252 0.00327983 0.0609402 0.0242147 0.572761 0.0216213 0.121856 0.0306569 0.0150152 0.0106308 0.0198834 0.01008 0.0134892 0.00974575 0.0092664 
0.024276 0.121184 0.0471934 0.100054 0.0236465 0.00989698 0.0131665 0.0586256 0.0300493 0.0588645 0.0464684 0.0090642 0.00697243 0.00777553 0.00333791 0.00323932 0.00322439 0 0.00319818 0.00320613 0.00325404 0.00382138 0.0184997 0.1736 0.0226993 0.604256 0.0198662 0.0443521 0.0190288 0.00990073 0.0121524 0.0198044 0.00989305 0.00944991 0.00997554 
0.0407492 0.0294531 0.124286 0.0500419 0.0203884 0.0102094 0.0186158 0.0274483 0.0913586 0.0333472 0.0203903 0.0107693 0.00862072 0.00691815 0.00330163 0.00323719 0.0032815 0.00319818 0 0.00320073 0.00323968 0.00321785 0.0731739 0.0258688 0.435725 0.0177036 0.42553 0.0236925 0.0120931 0.0105374 0.0174026 0.00981129 0.012981 0.0102333 0.00892085 
0.0171456 0.0452873 0.0381099 0.0523715 0.013857 0.00956073 0.017879 0.0354372 0.0225271 0.0384015 0.0168176 0.00869759 0.00648823 0.00765474 0.00336343 0.00333256 0.00322655 0.00320613 0.00320073 0 0.00322512 0.00320168 0.014166 0.155826 0.0199323 0.220815 0.0186774 0.226893 0.0165668 0.0104128 0.010955 0.0153923 0.00931684 0.00918117 0.00897003 
0.0188697 0.0215105 0.0197915 0.0142018 0.0180741 0.0097785 0.0212276 0.0206047 0.0210624 0.0125689 0.0318555 0.0114745 0.00837038 0.00804255 0.00339347 0.00350164 0.00330252 0.00325404 0.00323968 0.00322512 0 0.00332419 0.0355492 0.0194006 0.0909152 0.0232774 0.049987 0.0164857 0.216403 0.0106728 0.0136007 0.0169604 0.0109969 0.0105184 0.0104262 
0.0191307 0.0103303 0.00987287 0.0107045 0.00992568 0.0126013 0.0247661 0.0128366 0.00982294 0.0101955 0.0103564 0.0215314 0.0100182 0.0101945 0.0171528 0.00370557 0.00327983 0.00382138 0.00321785 0.00320168 0.00332419 0 0.0225244 0.0142497 0.021603 0.0275504 0.012825 0.0165036 0.0173454 0.158208 0.0139653 0.0109274 0.0126685 0.0133186 0.0108133 
0.014526 0.01182 0.0112423 0.0105367 0.0118265 0.0205994 0.0172709 0.0123759 0.0190638 0.012272 0.014862 0.0298901 0.0128804 0.0107338 0.218155 0.0321822 0.0609402 0.0184997 0.0731739 0.014166 0.0355492 0.0225244 0 0.00327116 0.00325491 0.00330544 0.00327445 0.00336884 0.00328357 0.00475305 0.00403177 0.00466257 0.017175 0.00671003 0.0134624 
0.0123224 0.0239746 0.0143262 0.0185667 0.0161505 0.0095216 0.012944 0.0426404 0.0156581 0.0315772 0.0237361 0.0103923 0.0104277 0.0113712 0.0185915 0.392478 0.0242147 0.1736 0.0258688 0.155826 0.0194006 0.0142497 0.00327116 0 0.00324182 0.00320925 0.00325066 0.00322282 0.00349269 0.00329125 0.00388809 0.00860051 0.00665665 0.0102411 0.00977414 
0.0214954 0.0199498 0.0549101 0.0372027 0.0142124 0.00995822 0.018014 0.0196196 0.150593 0.0539646 0.0198174 0.0135312 0.0127953 0.00895171 0.0217809 0.0290135 0.572761 0.0226993 0.435725 0.0199323 0.0909152 0.021603 0.00325491 0.00324182 0 0.00323979 0.00322692 0.00323386 0.00325529 0.00336273 0.00462072 0.00502739 0.0109336 0.00857845 0.0102988 
0.0133334 0.026968 0.0288432 0.0333111 0.0142447 0.00913455 0.0120494 0.0522526 0.0367569 0.0784588 0.025915 0.00960482 0.00907837 0.0101296 0.0158626 0.0499513 0.0216213 0.604256 0.0177036 0.220815 0.0232774 0.0275504 0.00330544 0.00320925 0.00323979 0 0.00322644 0.00319854 0.00325804 0.00324902 0.00339446 0.00583932 0.00665925 0.0080571 0.00838646 
0.0131304 0.014102 0.025792 0.0212673 0.0111133 0.00899938 0.0126651 0.0245711 0.0469167 0.0302538 0.0154218 0.00954969 0.0101337 0.00884264 0.0163127 0.0178235 0.121856 0.0198662 0.42553 0.0186774 0.049987 0.012825 0.00327445 0.00325066 0.00322692 0.00322644 0 0.00320513 0.00323046 0.00325156 0.00354784 0.00460938 0.0103763 0.00764129 0.00787173 
0.0118298 0.0112937 0.0189214 0.0156432 0.00927272 0.00890603 0.0115521 0.0142665 0.0290675 0.0260259 0.0110442 0.0101178 0.0091853 0.00884545 0.0111123 0.027878 0.0306569 0.0443521 0.0236925 0.226893 0.0164857 0.0165036 0.00336884 0.00322282 0.00323386 0.00319854 0.00320513 0 0.00321682 0.00321534 0.003312 0.00455164 0.00738207 0.00630709 0.00715448 
0.00980936 0.0104371 0.00962656 0.00929964 0.00993734 0.00843196 0.0110546 0.0152375 0.0110071 0.0108513 0.0155625 0.00868898 0.0094773 0.0102102 0.0217881 0.0157679 0.0150152 0.0190288 0.0120931 0.0165668 0.216403 0.0173454 0.00328357 0.00349269 0.00325529 0.00325804 0.00323046 0.00321682 0 0.00321532 0.00333243 0.0100853 0.00394748 0.00743103 0.00830947 
0.0134605 0.00895778 0.00850513 0.00880056 0.00829307 0.00906104 0.0159563 0.00968686 0.00966535 0.00921442 0.00865544 0.011877 0.0152815 0.00932771 0.0191057 0.012213 0.0106308 0.00990073 0.0105374 0.0104128 0.0106728 0.158208 0.00475305 0.00329125 0.00336273 0.00324902 0.00325156 0.00321534 0.00321532 0 0.00758728 0.00335453 0.00500466 0.0058226 0.00635469 
0.0115479 0.00951258 0.00956785 0.00934602 0.00998734 0.0128362 0.0107941 0.0104326 0.0120947 0.0110689 0.0109437 0.0175021 0.009766 0.0107513 0.0161185 0.0120241 0.0198834 0.0121524 0.0174026 0.010955 0.0136007 0.0139653 0.00403177 0.00388809 0.00462072 0.00339446 0.00354784 0.003312 0.00333243 0.00758728 0 0.00322745 0.00324512 0.0034396 0.0101798 
0.00876832 0.00964034 0.00885691 0.00902456 0.0100898 0.00875629 0.00935168 0.0130461 0.00959771 0.0100755 0.0176529 0.00894288 0.00965688 0.0105941 0.0107605 0.0194412 0.01008 0.0198044 0.00981129 0.0153923 0.0169604 0.0109274 0.00466257 0.00860051 0.00502739 0.00583932 0.00460938 0.00455164 0.0100853 0.00335453 0.00322745 0 0.00321689 0.00394476 0.899067 
0.0141941 0.008749 0.00876123 0.00890526 0.00844817 0.00881235 0.0141657 0.00923212 0.00978819 0.0102496 0.00870203 0.0103553 0.0161773 0.00865145 0.020904 0.0100559 0.0134892 0.00989305 0.012981 0.00931684 0.0109969 0.0126685 0.017175 0.00665665 0.0109336 0.00665925 0.0103763 0.00738207 0.00394748 0.00500466 0.00324512 0.00321689 0 0.977563 0.00430537 
0.00885416 0.0090157 0.00846732 0.00846642 0.00888791 0.00990031 0.00943619 0.00917586 0.00896592 0.00869543 0.00955039 0.0127212 0.00916631 0.0109185 0.0112257 0.0112522 0.00974575 0.00944991 0.0102333 0.00918117 0.0105184 0.0133186 0.00671003 0.0102411 0.00857845 0.0080571 0.00764129 0.00630709 0.00743103 0.0058226 0.0034396 0.00394476 0.977563 0 0.00501381 
0.011089 0.00843219 0.00827775 0.00838538 0.00846502 0.00850021 0.0110348 0.00870502 0.00874497 0.00871548 0.00925968 0.00961001 0.0122989 0.00925015 0.0166711 0.00947355 0.0092664 0.00997554 0.00892085 0.00897003 0.0104262 0.0108133 0.0134624 0.00977414 0.0102988 0.00838646 0.00787173 0.00715448 0.00830947 0.00635469 0.0101798 0.899067 0.00430537 0.00501381 0 
