1NB5K
MIPGGLSEAKPATPEIQEIVDKVKPQLEEKTNETYGKLEAVQYKTQVVAGTNYYIKVRAGDNKYMHLKVFKSLPGQNEDLVLTGYQVDKNKDDELTGF
CCCCCCCCCEECCHHHHHHHHHHHHHHHHHHCCCCCCCEEEEECCEECCCEEEEEEEECCCCCEEEEEEEECCCCCCCCCCCCCEECCCCCCCCCCCC
0 0 0 0 0 0 0 0 0 0 0 0 0 0 0 0 0 0 0 0 0 0 0 0 0 0 0 0 0 0 0 0 0 0 0 0 0 0 0 0 0 0 0 0 0 0 0 0 0 0 0 0 0 0 0 0 0 0 0 0 0 0 0 0 0 0 0 0 0 0 0 0 0 0 0 0 0 0 0 0 0 0 0 0 0 0 0 0 0 0 0 0 0 0 0 0 0 0 
0 0 0 0 0 0 0 0 0 0 0 0 0 0 0 0 0 0 0 0 0 0 0 0 0 0 0 0 0 0 0 0 0 0 0 0 0 0 0 0 0 0 0 0 0 0 0 0 0 0 0 0 0 0 0 0 0 0 0 0 0 0 0 0 0 0 0 0 0 0 0 0 0 0 0 0 0 0 0 0 0 0 0 0 0 0 0 0 0 0 0 0 0 0 0 0 0 0 
0 0.0281212 0.0174417 0.0107207 0.00888 0.0101603 0.026121 0.0146497 0.0141392 0.010109 0.00917697 0.00869592 0.00891609 0.00902414 0.00868409 0.00921951 0.0110527 0.00965105 0.00876976 0.00873681 0.00860886 0.00857144 0.00855693 0.00897714 0.00968474 0.0089264 0.00928216 
0.0281212 0 0.0192434 0.0102636 0.00934809 0.010983 0.0185697 0.0143777 0.013275 0.0120196 0.00915266 0.00885035 0.00887205 0.0089186 0.00873751 0.00976555 0.00933882 0.0118045 0.00934937 0.00866039 0.00884691 0.00863348 0.00863035 0.00933111 0.00889848 0.0112443 0.00834873 
0.0174417 0.0192434 0 0.00330175 0.00326733 0.00360401 0.00390266 0.00597784 0.00789138 0.0106118 0.00956678 0.0184705 0.0114395 0.00923389 0.0325254 0.0182496 0.303791 0.0262715 0.0099714 0.0120141 0.00930331 0.0184308 0.0105879 0.0114032 0.0276965 0.0146088 0.0104689 
0.0107207 0.0102636 0.00330175 0 0.00322719 0.003233 0.00332472 0.00408671 0.00563197 0.00698294 0.0185333 0.00911736 0.0135837 0.0272103 0.0127645 0.285655 0.00882172 0.00957097 0.0184521 0.0102889 0.026795 0.0124363 0.0132519 0.017695 0.00953342 0.00892929 0.00923033 
0.00888 0.00934809 0.00326733 0.00322719 0 0.00318398 0.00320361 0.00342612 0.00470876 0.00609785 0.00720189 0.011511 0.0118739 0.0201259 0.0512107 0.00967837 0.00875198 0.00861886 0.0095428 0.0203803 0.0132984 0.0133739 0.0227488 0.00953118 0.00957683 0.00874337 0.00848237 
0.0101603 0.010983 0.00360401 0.003233 0.00318398 0 0.00324364 0.0046415 0.00582714 0.0057599 0.0169757 0.0080505 0.0248328 0.0139389 0.0135036 0.00814472 0.0106468 0.00900425 0.0159555 0.0156053 0.0103916 0.0262436 0.0120723 0.0151676 0.010653 0.0100952 0.00859736 
0.026121 0.0185697 0.00390266 0.00332472 0.00320361 0.00324364 0 0.00804813 0.0043063 0.0151871 0.0105997 0.0283576 0.0120651 0.0209868 0.00726915 0.0108823 0.00853842 0.018457 0.0112231 0.010658 0.0171855 0.0102422 0.0106474 0.0121184 0.0212771 0.0138953 0.00994701 
0.0146497 0.0143777 0.00597784 0.00408671 0.00342612 0.0046415 0.00804813 0 0.00387286 0.00433889 0.367438 0.00567503 0.00820457 0.00662849 0.00772376 0.00702547 0.0133887 0.011437 0.01102 0.0106789 0.0096041 0.0123838 0.0107636 0.0127398 0.0223022 0.0139345 0.0186147 
0.0141392 0.013275 0.00789138 0.00563197 0.00470876 0.00582714 0.0043063 0.00387286 0 0.44972 0.00527775 0.00389674 0.00419034 0.00549348 0.00627609 0.0106908 0.00820407 0.013325 0.0121603 0.00958985 0.0110443 0.0110703 0.0131205 0.025263 0.0146633 0.0268456 0.0104883 
0.010109 0.0120196 0.0106118 0.00698294 0.00609785 0.0057599 0.0151871 0.00433889 0.44972 0 0.00327792 0.00320394 0.00326709 0.00341701 0.00344352 0.00358471 0.00871498 0.00835839 0.00761273 0.00771036 0.00903782 0.00916493 0.0203529 0.0167347 0.908929 0.0111606 0.013197 
0.00917697 0.00915266 0.00956678 0.0185333 0.00720189 0.0169757 0.0105997 0.367438 0.00527775 0.00327792 0 0.0032057 0.00323152 0.00322926 0.00328559 0.00390346 0.00360474 0.00592346 0.00699012 0.00824724 0.00775453 0.0115613 0.0136793 0.922705 0.0144214 0.010488 0.00898003 
0.00869592 0.00885035 0.0184705 0.00911736 0.011511 0.0080505 0.0283576 0.00567503 0.00389674 0.00320394 0.0032057 0 0.00323646 0.00320936 0.00315311 0.00320477 0.00329089 0.00685141 0.0081843 0.00742703 0.0104233 0.0160394 0.922631 0.0149371 0.0161564 0.0089381 0.00895815 
0.00891609 0.00887205 0.0114395 0.0135837 0.0118739 0.0248328 0.0120651 0.00820457 0.00419034 0.00326709 0.00323152 0.00323646 0 0.00320236 0.0032192 0.00322115 0.00335284 0.00651992 0.00677211 0.0127467 0.0102706 0.954425 0.0222395 0.0189338 0.0101408 0.00983316 0.00880022 
0.00902414 0.0089186 0.00923389 0.0272103 0.0201259 0.0139389 0.0209868 0.00662849 0.00549348 0.00341701 0.00322926 0.00320936 0.00320236 0 0.00319395 0.00322674 0.00321432 0.00493958 0.0115338 0.00988079 0.962264 0.0144438 0.0161278 0.0101297 0.00980103 0.00914362 0.00878721 
0.00868409 0.00873751 0.0325254 0.0127645 0.0512107 0.0135036 0.00726915 0.00772376 0.00627609 0.00344352 0.00328559 0.00315311 0.0032192 0.00319395 0 0.00318866 0.00322588 0.0063712 0.00727497 0.981581 0.00932859 0.0215818 0.0100836 0.00988177 0.0092354 0.0104182 0.00857039 
0.00921951 0.00976555 0.0182496 0.285655 0.00967837 0.00814472 0.0108823 0.00702547 0.0106908 0.00358471 0.00390346 0.00320477 0.00322115 0.00322674 0.00318866 0 0.00321563 0.00740418 0.973943 0.00823365 0.0185024 0.00759457 0.0111978 0.014572 0.0102879 0.00957664 0.0105996 
0.0110527 0.00933882 0.303791 0.00882172 0.00875198 0.0106468 0.00853842 0.0133887 0.00820407 0.00871498 0.00360474 0.00329089 0.00335284 0.00321432 0.00322588 0.00321563 0 0.978573 0.00671918 0.00918958 0.00523368 0.00812949 0.0071441 0.0081582 0.0146073 0.0195656 0.00936455 
0.00965105 0.0118045 0.0262715 0.00957097 0.00861886 0.00900425 0.018457 0.011437 0.013325 0.00835839 0.00592346 0.00685141 0.00651992 0.00493958 0.0063712 0.00740418 0.978573 0 0.00350479 0.00319886 0.00319689 0.00321228 0.00329081 0.00359621 0.00574975 0.0133619 0.0134244 
0.00876976 0.00934937 0.0099714 0.0184521 0.0095428 0.0159555 0.0112231 0.01102 0.0121603 0.00761273 0.00699012 0.0081843 0.00677211 0.0115338 0.00727497 0.973943 0.00671918 0.00350479 0 0.00320207 0.00321554 0.00320578 0.00325131 0.0033736 0.0046694 0.0127049 0.00981143 
0.00873681 0.00866039 0.0120141 0.0102889 0.0203803 0.0156053 0.010658 0.0106789 0.00958985 0.00771036 0.00824724 0.00742703 0.0127467 0.00988079 0.981581 0.00823365 0.00918958 0.00319886 0.00320207 0 0.00320764 0.00326499 0.00324349 0.0032393 0.00337121 0.00963373 0.00862331 
0.00860886 0.00884691 0.00930331 0.026795 0.0132984 0.0103916 0.0171855 0.0096041 0.0110443 0.00903782 0.00775453 0.0104233 0.0102706 0.962264 0.00932859 0.0185024 0.00523368 0.00319689 0.00321554 0.00320764 0 0.00319911 0.00331799 0.00325446 0.00324648 0.00844882 0.00921161 
0.00857144 0.00863348 0.0184308 0.0124363 0.0133739 0.0262436 0.0102422 0.0123838 0.0110703 0.00916493 0.0115613 0.0160394 0.954425 0.0144438 0.0215818 0.00759457 0.00812949 0.00321228 0.00320578 0.00326499 0.00319911 0 0.00319076 0.00319512 0.00322751 0.0139164 0.00891622 
0.00855693 0.00863035 0.0105879 0.0132519 0.0227488 0.0120723 0.0106474 0.0107636 0.0131205 0.0203529 0.0136793 0.922631 0.0222395 0.0161278 0.0100836 0.0111978 0.0071441 0.00329081 0.00325131 0.00324349 0.00331799 0.00319076 0 0.003204 0.00321653 0.0133689 0.0165283 
0.00897714 0.00933111 0.0114032 0.017695 0.00953118 0.0151676 0.0121184 0.0127398 0.025263 0.0167347 0.922705 0.0149371 0.0189338 0.0101297 0.00988177 0.014572 0.0081582 0.00359621 0.0033736 0.0032393 0.00325446 0.00319512 0.003204 0 0.00328607 0.0151792 0.0251985 
0.00968474 0.00889848 0.0276965 0.00953342 0.00957683 0.010653 0.0212771 0.0223022 0.0146633 0.908929 0.0144214 0.0161564 0.0101408 0.00980103 0.0092354 0.0102879 0.0146073 0.00574975 0.0046694 0.00337121 0.00324648 0.00322751 0.00321653 0.00328607 0 0.0413771 0.0227772 
0.0089264 0.0112443 0.0146088 0.00892929 0.00874337 0.0100952 0.0138953 0.0139345 0.0268456 0.0111606 0.010488 0.0089381 0.00983316 0.00914362 0.0104182 0.00957664 0.0195656 0.0133619 0.0127049 0.00963373 0.00844882 0.0139164 0.0133689 0.0151792 0.0413771 0 0.0251128 
0.00928216 0.00834873 0.0104689 0.00923033 0.00848237 0.00859736 0.00994701 0.0186147 0.0104883 0.013197 0.00898003 0.00895815 0.00880022 0.00878721 0.00857039 0.0105996 0.00936455 0.0134244 0.00981143 0.00862331 0.00921161 0.00891622 0.0165283 0.0251985 0.0227772 0.0251128 0 
