1NEGA
KELVLALYDYQEKSPREVTMKKGDILTLLNSTNKDWWKVEVNDRQGFVPAAYVKKLAAAWSHPQF
CCEEEECCCECCCCCCECCECCCCEEEEEECCCCCEEEEEECCEEEEEEHHHEEECCCCCCCCCC
0 0 0 0 0 0 0 0 0 0 0 0 0 0 0 0 0 0 0 0 0 0 0 0 0 0 0 0 0 0 0 0 0 0 0 0 0 0 0 0 0 0 0 0 0 0 0 0 0 0 0 0 0 0 0 0 0 0 0 0 0 0 0 0 0 
0 0 0 0 0 0 0 0 0 0 0 0 0 0 0 0 0 0 0 0 0 0 0 0 0 0 0 0 0 0 0 0 0 0 0 0 0 0 0 0 0 0 0 0 0 0 0 0 0 0 0 0 0 0 0 0 0 0 0 0 0 0 0 0 0 
0 0.00363519 0.00339984 0.00403348 0.0100453 0.0156357 0.0258046 0.0397643 0.0188941 0.0546524 0.0113004 0.0150911 0.0193533 0.0113473 0.00957188 0.0107003 0.0113058 0.014255 0.0184878 0.0117661 0.00973092 0.00996548 0.0103998 0.0097247 0.0235801 0.014099 0.00951091 0.0157898 
0.00363519 0 0.00327617 0.00331323 0.00526544 0.00993728 0.0152198 0.0149567 0.177959 0.0179804 0.0257285 0.0168654 0.0118636 0.00997743 0.0167042 0.00976984 0.0187262 0.013675 0.013711 0.00965145 0.0117648 0.0154698 0.0123372 0.0157372 0.011195 0.0144873 0.013363 0.0202924 
0.00339984 0.00327617 0 0.00331451 0.0057153 0.0125957 0.0171934 0.0427411 0.0317167 0.0457732 0.018617 0.035771 0.0108749 0.0119084 0.0150128 0.0138891 0.0121253 0.0198384 0.0110503 0.01034 0.0126968 0.0115627 0.0229252 0.0194387 0.011716 0.0187557 0.0267833 0.0106729 
0.00403348 0.00331323 0.00331451 0 0.0140949 0.0206918 0.0233012 0.0348168 0.0147037 0.0180546 0.0181352 0.0135205 0.0277454 0.0165319 0.0111668 0.0102579 0.00975297 0.0124476 0.016834 0.0186483 0.00953183 0.0115463 0.0111493 0.0116277 0.0165102 0.0473507 0.0108202 0.0145252 
0.0100453 0.00526544 0.0057153 0.0140949 0 0.07166 0.49102 0.0110304 0.013514 0.00855733 0.00991607 0.0105591 0.0139499 0.00929891 0.0108769 0.00824954 0.0115302 0.00957987 0.0282834 0.011586 0.00886661 0.00933747 0.00857021 0.00954761 0.0172113 0.0267319 0.0102486 0.0134276 
0.0156357 0.00993728 0.0125957 0.0206918 0.07166 0 0.0381531 0.0134025 0.00892517 0.00889569 0.00709609 0.00848238 0.00930089 0.00880431 0.00765353 0.00819066 0.00788684 0.014979 0.0124245 0.0119999 0.00911141 0.00862443 0.00963721 0.0093499 0.0172292 0.014467 0.0107576 0.0138509 
0.0258046 0.0152198 0.0171934 0.0233012 0.49102 0.0381531 0 0.0303892 0.0140415 0.00419588 0.00689165 0.00580697 0.0115282 0.0070695 0.0104181 0.00686956 0.0135031 0.00852678 0.0569269 0.0148118 0.00964561 0.0118433 0.00844382 0.0102434 0.0166669 0.0472594 0.0102707 0.0193097 
0.0397643 0.0149567 0.0427411 0.0348168 0.0110304 0.0134025 0.0303892 0 0.00356092 0.00326426 0.00335507 0.00359772 0.00443635 0.00611396 0.00568359 0.0106095 0.00677793 0.0413201 0.055315 0.0110369 0.00876252 0.00816607 0.0113281 0.00878322 0.0321902 0.0108064 0.0109378 0.0205145 
0.0188941 0.177959 0.0317167 0.0147037 0.013514 0.00892517 0.0140415 0.00356092 0 0.00328956 0.00329297 0.00331389 0.00331386 0.00486942 0.0106591 0.00612066 0.0283202 0.0187802 0.229289 0.00770599 0.00879118 0.0160836 0.00859662 0.0205907 0.00908292 0.0200054 0.0119866 0.0122966 
0.0546524 0.0179804 0.0457732 0.0180546 0.00855733 0.00889569 0.00419588 0.00326426 0.00328956 0 0.00321351 0.00321688 0.00324826 0.00675796 0.00583511 0.0418287 0.022437 0.612098 0.00817627 0.00794342 0.00968255 0.00880123 0.0520044 0.00889689 0.00989882 0.0101111 0.0124051 0.0117446 
0.0113004 0.0257285 0.018617 0.0181352 0.00991607 0.00709609 0.00689165 0.00335507 0.00329297 0.00321351 0 0.00320018 0.00324824 0.00387425 0.0561332 0.0195532 0.593916 0.00752995 0.0097272 0.00726286 0.00772372 0.021779 0.00860248 0.011013 0.00762251 0.0161232 0.00867973 0.0134259 
0.0150911 0.0168654 0.035771 0.0135205 0.0105591 0.00848238 0.00580697 0.00359772 0.00331389 0.00321688 0.00320018 0 0.00326573 0.0203391 0.042624 0.0638538 0.00585597 0.00717515 0.0061167 0.00678889 0.0126309 0.00777435 0.0104792 0.00790152 0.00976735 0.0103484 0.0228221 0.00897581 
0.0193533 0.0118636 0.0108749 0.0277454 0.0139499 0.00930089 0.0115282 0.00443635 0.00331386 0.00324826 0.00324824 0.00326573 0 0.0599611 0.0564563 0.00506436 0.00452228 0.00525749 0.0059167 0.0240222 0.00683249 0.00764839 0.00756454 0.00711629 0.00741131 0.0533307 0.00851097 0.0116376 
0.0113473 0.00997743 0.0119084 0.0165319 0.00929891 0.00880431 0.0070695 0.00611396 0.00486942 0.00675796 0.00387425 0.0203391 0.0599611 0 0.00349522 0.00321528 0.00320232 0.00368099 0.00357493 0.00362298 0.00462215 0.00507992 0.0066272 0.00558655 0.948506 0.00611752 0.0072703 0.0138908 
0.00957188 0.0167042 0.0150128 0.0111668 0.0108769 0.00765353 0.0104181 0.00568359 0.0106591 0.00583511 0.0561332 0.042624 0.0564563 0.00349522 0 0.00318156 0.003314 0.0032814 0.00373636 0.00364506 0.00389101 0.00638289 0.00613875 0.979536 0.00657097 0.00818788 0.007409 0.00950809 
0.0107003 0.00976984 0.0138891 0.0102579 0.00824954 0.00819066 0.00686956 0.0106095 0.00612066 0.0418287 0.0195532 0.0638538 0.00506436 0.00321528 0.00318156 0 0.00322419 0.00330698 0.00321305 0.00340684 0.00480109 0.00431528 0.982498 0.00667396 0.00543506 0.00553554 0.00732673 0.00759528 
0.0113058 0.0187262 0.0121253 0.00975297 0.0115302 0.00788684 0.0135031 0.00677793 0.0283202 0.022437 0.593916 0.00585597 0.00452228 0.00320232 0.003314 0.00322419 0 0.00318324 0.00339447 0.0057347 0.00406893 0.988275 0.00834247 0.00520116 0.00367507 0.00965171 0.00642893 0.00788411 
0.014255 0.013675 0.0198384 0.0124476 0.00957987 0.014979 0.00852678 0.0413201 0.0187802 0.612098 0.00752995 0.00717515 0.00525749 0.00368099 0.0032814 0.00330698 0.00318324 0 0.00325252 0.007137 0.988611 0.00596528 0.00545028 0.00413911 0.00397893 0.00552664 0.0101488 0.00968175 
0.0184878 0.013711 0.0110503 0.016834 0.0282834 0.0124245 0.0569269 0.055315 0.229289 0.00817627 0.0097272 0.0061167 0.0059167 0.00357493 0.00373636 0.00321305 0.00339447 0.00325252 0 0.995001 0.00343269 0.00642269 0.00329327 0.0039335 0.00360767 0.0254517 0.00646981 0.00704121 
0.0117661 0.00965145 0.01034 0.0186483 0.011586 0.0119999 0.0148118 0.0110369 0.00770599 0.00794342 0.00726286 0.00678889 0.0240222 0.00362298 0.00364506 0.00340684 0.0057347 0.007137 0.995001 0 0.00332356 0.00321368 0.00333436 0.00338748 0.00432053 0.00374047 0.00450961 0.0122654 
0.00973092 0.0117648 0.0126968 0.00953183 0.00886661 0.00911141 0.00964561 0.00876252 0.00879118 0.00968255 0.00772372 0.0126309 0.00683249 0.00462215 0.00389101 0.00480109 0.00406893 0.988611 0.00343269 0.00332356 0 0.00328174 0.00324565 0.00397951 0.00321587 0.00335287 0.00518554 0.00675223 
0.00996548 0.0154698 0.0115627 0.0115463 0.00933747 0.00862443 0.0118433 0.00816607 0.0160836 0.00880123 0.021779 0.00777435 0.00764839 0.00507992 0.00638289 0.00431528 0.988275 0.00596528 0.00642269 0.00321368 0.00328174 0 0.00319747 0.00320793 0.00318586 0.00395353 0.00370313 0.00541642 
0.0103998 0.0123372 0.0229252 0.0111493 0.00857021 0.00963721 0.00844382 0.0113281 0.00859662 0.0520044 0.00860248 0.0104792 0.00756454 0.0066272 0.00613875 0.982498 0.00834247 0.00545028 0.00329327 0.00333436 0.00324565 0.00319747 0 0.00318602 0.00319794 0.0032829 0.00350896 0.00629981 
0.0097247 0.0157372 0.0194387 0.0116277 0.00954761 0.0093499 0.0102434 0.00878322 0.0205907 0.00889689 0.011013 0.00790152 0.00711629 0.00558655 0.979536 0.00667396 0.00520116 0.00413911 0.0039335 0.00338748 0.00397951 0.00320793 0.00318602 0 0.00319259 0.00326095 0.00672787 0.0057926 
0.0235801 0.011195 0.011716 0.0165102 0.0172113 0.0172292 0.0166669 0.0321902 0.00908292 0.00989882 0.00762251 0.00976735 0.00741131 0.948506 0.00657097 0.00543506 0.00367507 0.00397893 0.00360767 0.00432053 0.00321587 0.00318586 0.00319794 0.00319259 0 0.00450159 0.00339324 0.00361017 
0.014099 0.0144873 0.0187557 0.0473507 0.0267319 0.014467 0.0472594 0.0108064 0.0200054 0.0101111 0.0161232 0.0103484 0.0533307 0.00611752 0.00818788 0.00553554 0.00965171 0.00552664 0.0254517 0.00374047 0.00335287 0.00395353 0.0032829 0.00326095 0.00450159 0 0.00323947 0.00356085 
0.00951091 0.013363 0.0267833 0.0108202 0.0102486 0.0107576 0.0102707 0.0109378 0.0119866 0.0124051 0.00867973 0.0228221 0.00851097 0.0072703 0.007409 0.00732673 0.00642893 0.0101488 0.00646981 0.00450961 0.00518554 0.00370313 0.00350896 0.00672787 0.00339324 0.00323947 0 0.0032968 
0.0157898 0.0202924 0.0106729 0.0145252 0.0134276 0.0138509 0.0193097 0.0205145 0.0122966 0.0117446 0.0134259 0.00897581 0.0116376 0.0138908 0.00950809 0.00759528 0.00788411 0.00968175 0.00704121 0.0122654 0.00675223 0.00541642 0.00629981 0.0057926 0.00361017 0.00356085 0.0032968 0 
