1NI2A
PKPINVRVTTMDAELEFAIQPNTTGKQLFDQVVKTIGLREVWYFGLHYVDNKGFPTWLKLDKKVSAQEVRKENPLQFKFRAKFYPEDVAEELIQDITQKLFFLQVKEGILSDEIYCPPETAVLLGSYAVQAKFGDYNKEVHKSGYLSSERLIPQRVMDQHKLTRDQWEDRIQVWHAEHRGMLKDNAMLEYLKIAQDLEMYGINYFEIKNKKGTDLWLGVDALGLNIYEKDDKLTPKIGFPWSEIRNISFNDKKFVIKPIDKKAPDFVFYAPRLRINKRILQLCMGNHELYMRRRKP
CCCEEEEEEECCEEEEEEECCCCEHHHHHHHHHHHHCCCCHHHEEEEEEECCCCEEECCCCCEHHHCCECCCCCEEEEEEECCCCCCHHHHCCCHHHHHHHHHHHHHHHHCCCCCCCHHHHHHHHHHHHHHHHCCCCCCCCCCCCCCCCCCCCHHHHHHCCCCHHHHHHHHHHHHHHCCCCCHHHHHHHHHHHHCCCCCCCCEEEEEEECCCCEEEEEECCCEEEEEECCECCCCCEEEECCCEEEEEECCCCEEEEECCCCCCCCEEECCCHHHHHHHHHHHHHHHHHHHHCCCC
0 0 0 0 0 0 0 0 0 0 0 0 0 0 0 0 0 0 0 0 0 0 0 0 0 0 0 0 0 0 0 0 0 0 0 0 0 0 0 0 0 0 0 0 0 0 0 0 0 0 0 0 0 0 0 0 0 0 0 0 0 0 0 0 0 0 0 0 0 0 0 0 0 0 0 0 0 0 0 0 0 0 0 0 0 0 0 0 0 0 0 0 0 0 0 0 0 0 0 0 0 0 0 0 0 0 0 0 0 0 0 0 0 0 0 0 0 0 0 0 0 0 0 0 0 0 0 0 0 0 0 0 0 0 0 0 0 0 0 0 0 0 0 0 0 0 0 0 0 0 0 0 0 0 0 0 0 0 0 0 0 0 0 0 0 0 0 0 0 0 0 0 0 0 0 0 0 0 0 0 0 0 0 0 0 0 0 0 0 0 0 0 0 0 0 0 0 0 0 0 0 0 0 0 0 0 0 0 0 0 0 0 0 0 0 0 0 0 0 0 0 0 0 0 0 0 0 0 0 0 0 0 0 0 0 0 0 0 0 0 0 0 0 0 0 0 0 0 0 0 0 0 0 0 0 0 0 0 0 0 0 0 0 0 0 0 0 0 0 0 0 0 0 0 0 0 0 0 0 0 0 0 0 0 0 0 0 0 0 0 0 0 0 0 0 0 
0 0 0 0 0 0 0 0 0 0 0 0 0 0 0 0 0 0 0 0 0 0 0 0 0 0 0 0 0 0 0 0 0 0 0 0 0 0 0 0 0 0 0 0 0 0 0 0 0 0 0 0 0 0 0 0 0 0 0 0 0 0 0 0 0 0 0 0 0 0 0 0 0 0 0 0 0 0 0 0 0 0 0 0 0 0 0 0 0 0 0 0 0 0 0 0 0 0 0 0 0 0 0 0 0 0 0 0 0 0 0 0 0 0 0 0 0 0 0 0 0 0 0 0 0 0 0 0 0 0 0 0 0 0 0 0 0 0 0 0 0 0 0 0 0 0 0 0 0 0 0 0 0 0 0 0 0 0 0 0 0 0 0 0 0 0 0 0 0 0 0 0 0 0 0 0 0 0 0 0 0 0 0 0 0 0 0 0 0 0 0 0 0 0 0 0 0 0 0 0 0 0 0 0 0 0 0 0 0 0 0 0 0 0 0 0 0 0 0 0 0 0 0 0 0 0 0 0 0 0 0 0 0 0 0 0 0 0 0 0 0 0 0 0 0 0 0 0 0 0 0 0 0 0 0 0 0 0 0 0 0 0 0 0 0 0 0 0 0 0 0 0 0 0 0 0 0 0 0 0 0 0 0 0 0 0 0 0 0 0 0 0 0 0 0 0 
0 0.00327464 0.00340143 0.00322682 0.00352029 0.00335923 0.00448391 0.00605849 0.00578801 0.0107639 0.00674963 0.0125054 0.0108695 0.901205 0.0103574 0.0141893 0.00909275 0.010617 0.00886547 0.0107853 0.00921182 0.0199981 0.00904639 0.0087581 0.0120803 0.0140809 0.0126831 0.00986389 0.00824189 0.0106945 0.00818943 0.0107587 0.00857826 0.0313185 0.00798034 0.00811383 0.00809375 0.00812259 0.00853891 0.00808197 0.00854657 0.00801774 0.00810602 0.00811517 0.00821345 0.00814699 0.00828364 0.00838742 0.00812616 0.00815709 0.0082451 0.00819165 0.00831632 0.0085255 0.00828387 0.00816908 0.00819226 0.00814631 0.00865869 0.00819293 0.00818712 0.00847758 0.00818311 0.00859677 0.00888953 0.00834797 0.00838041 0.00827099 0.00851612 0.00847273 0.00835628 0.00880906 
0.00327464 0 0.00325974 0.00330967 0.00321374 0.00341409 0.00329157 0.00381258 0.00878101 0.00535863 0.0103026 0.0075805 0.967889 0.00898718 0.00902087 0.00910468 0.0203823 0.00903878 0.0189276 0.00881195 0.0323274 0.00844656 0.00956622 0.010262 0.00902244 0.0140074 0.00841731 0.00844758 0.014807 0.00831963 0.0193673 0.00829454 0.0445843 0.0086543 0.0081786 0.0081496 0.00807469 0.0084175 0.00806588 0.00843554 0.00812458 0.00813445 0.00819492 0.00816483 0.00816663 0.00823679 0.00812417 0.00802921 0.0082202 0.00827983 0.00819032 0.00810067 0.00830153 0.00813741 0.00808295 0.00825456 0.008135 0.00816651 0.00810588 0.00818489 0.00825624 0.0081725 0.00830202 0.00822901 0.00818098 0.00852873 0.00822025 0.0083717 0.00823204 0.00846111 0.00835749 0.00853553 
0.00340143 0.00325974 0 0.00321949 0.00342952 0.00321603 0.00329306 0.0063759 0.00404821 0.0168764 0.00657549 0.983132 0.00743059 0.0157445 0.006181 0.0140423 0.00914622 0.0415028 0.00907517 0.0680178 0.00876073 0.0116451 0.00895212 0.00985609 0.00912771 0.00874985 0.0120815 0.0110696 0.00841715 0.0397627 0.0083273 0.0980776 0.00862904 0.0164456 0.00812766 0.00820708 0.00841421 0.00820763 0.00966522 0.00804538 0.0083129 0.00806615 0.00847369 0.00835759 0.00850496 0.00829954 0.00826355 0.00835403 0.00833176 0.00848899 0.00835374 0.00818672 0.00819618 0.00841373 0.00876263 0.00814267 0.00834486 0.00806435 0.00955688 0.00827569 0.00825016 0.00903349 0.00810683 0.00851077 0.010047 0.008314 0.00881693 0.00824622 0.00836026 0.00831438 0.00881127 0.00836275 
0.00322682 0.00330967 0.00321949 0 0.00318837 0.0032515 0.0032644 0.00348237 0.00757603 0.00482429 0.987604 0.00732931 0.0128056 0.0063835 0.00684379 0.0092775 0.0250216 0.00985197 0.115175 0.00973077 0.0182867 0.00870887 0.0101149 0.00950655 0.0100427 0.0131885 0.00844077 0.00865397 0.0273412 0.00867783 0.128076 0.00890234 0.022515 0.00934268 0.00862451 0.00828009 0.00823695 0.00891204 0.00814968 0.0084739 0.00810219 0.00849538 0.00828366 0.00854092 0.00847828 0.00842863 0.00819554 0.00826336 0.00826476 0.0086119 0.0083507 0.00815348 0.00818839 0.0081671 0.00820972 0.00836619 0.00816092 0.00821608 0.00816991 0.00821441 0.00850789 0.0082714 0.00856507 0.00817183 0.00827711 0.00878902 0.00840503 0.00842995 0.00822984 0.00900985 0.00841615 0.0085554 
0.00352029 0.00321374 0.00342952 0.00318837 0 0.00319869 0.00324145 0.00772718 0.00377901 0.988229 0.00545343 0.0125665 0.00600271 0.00843948 0.00566427 0.017506 0.00971604 0.129095 0.0104948 0.0655096 0.00941465 0.0106451 0.00909907 0.0109857 0.00978486 0.00889849 0.010896 0.0144306 0.0087755 0.162544 0.00896544 0.0658863 0.00923236 0.0175678 0.00831258 0.00832049 0.00851782 0.00833327 0.00920477 0.00811186 0.00820628 0.00811478 0.00853113 0.00866179 0.00883376 0.00858636 0.00841561 0.00834155 0.00846502 0.00871671 0.00854084 0.00832293 0.00820849 0.00821946 0.0085048 0.00821628 0.00835931 0.00807436 0.0088469 0.00831797 0.00840698 0.00875317 0.00822018 0.00836069 0.00935415 0.00849288 0.00878114 0.00843509 0.00834748 0.00842904 0.00869174 0.0085809 
0.00335923 0.00341409 0.00321603 0.0032515 0.00319869 0 0.00327785 0.00347411 0.978986 0.00382789 0.00537241 0.00461994 0.00693063 0.00612686 0.00710777 0.0102027 0.0678561 0.0129636 0.0261904 0.0109951 0.0213056 0.00909667 0.00930567 0.0160941 0.0103118 0.0116432 0.00890832 0.00925229 0.0688238 0.00904384 0.0191462 0.00981271 0.0241807 0.00971266 0.00810219 0.00816149 0.00816437 0.00829042 0.00814807 0.00809816 0.00807636 0.00808462 0.00819233 0.00835651 0.00841253 0.00836598 0.00813505 0.00818029 0.00814839 0.00843717 0.00825955 0.00815235 0.00814167 0.00801101 0.00812524 0.00809141 0.00811138 0.00800845 0.00815971 0.00810534 0.00821627 0.0081635 0.00810586 0.00814322 0.00833108 0.00828387 0.00833096 0.00823777 0.00823251 0.00829577 0.0085029 0.00822412 
0.00448391 0.00329157 0.00329306 0.0032644 0.00324145 0.00327785 0 0.97875 0.00360118 0.00351344 0.00345724 0.00385867 0.00453486 0.00652208 0.00772608 0.0506601 0.011536 0.0130345 0.0103145 0.0112341 0.0102237 0.0140847 0.013047 0.00980761 0.0153122 0.014097 0.012427 0.0575737 0.00910734 0.00991211 0.00941206 0.00993567 0.0104059 0.0167189 0.00865282 0.00815426 0.00825765 0.00816745 0.0081945 0.0080908 0.00821128 0.00824765 0.00826452 0.00844022 0.00835428 0.00826677 0.00873381 0.00840092 0.00820937 0.00839865 0.00820647 0.0081734 0.00822377 0.00838361 0.008321 0.00816715 0.0081102 0.00814635 0.00862092 0.0081272 0.00818337 0.00819538 0.00816628 0.00828319 0.00858126 0.00832213 0.00826638 0.0081905 0.00828777 0.00859357 0.00842532 0.00832287 
0.00605849 0.00381258 0.0063759 0.00348237 0.00772718 0.00347411 0.97875 0 0.00326134 0.0034108 0.00326039 0.00367197 0.00332931 0.00667924 0.00602564 0.0142985 0.00905798 0.0102952 0.00876951 0.0122463 0.00895233 0.0263292 0.00906622 0.00934057 0.0121959 0.0152333 0.0141978 0.0121733 0.00826845 0.0117421 0.00825578 0.0120399 0.00864538 0.0437831 0.00802853 0.00812605 0.00818241 0.00815396 0.00853344 0.00803859 0.00842526 0.00796411 0.00822716 0.00812548 0.0082141 0.00810237 0.00827172 0.00832187 0.00812227 0.00812563 0.00818735 0.00808964 0.00823747 0.00867378 0.00838084 0.00814326 0.00818436 0.00813378 0.00872784 0.00814626 0.00813291 0.00853762 0.00813343 0.00856298 0.00927777 0.00832525 0.00840477 0.00818421 0.00859015 0.0082861 0.0083317 0.00855063 
0.00578801 0.00878101 0.00404821 0.00757603 0.00377901 0.978986 0.00360118 0.00326134 0 0.00321684 0.00326486 0.00323215 0.00555843 0.00327111 0.00557343 0.00926948 0.0189447 0.00869336 0.0156115 0.00881986 0.033355 0.00870104 0.00959018 0.00946632 0.009627 0.0144072 0.00862543 0.0086295 0.0142704 0.00842283 0.020117 0.00845436 0.0423397 0.00883788 0.00846601 0.00814808 0.00812412 0.00845454 0.00809698 0.00862242 0.00811198 0.00832317 0.00816812 0.00820483 0.00816807 0.0081873 0.00813032 0.00811072 0.00817034 0.00824174 0.00817113 0.00814051 0.00831391 0.008186 0.00805673 0.00834892 0.00816511 0.00820087 0.00816518 0.00825119 0.00833717 0.00818957 0.0084125 0.00825234 0.00819742 0.00867525 0.0082216 0.00845171 0.00822733 0.00851291 0.0082599 0.00860679 
0.0107639 0.00535863 0.0168764 0.00482429 0.988229 0.00382789 0.00351344 0.0034108 0.00321684 0 0.00319879 0.00406419 0.00322629 0.00428207 0.00352091 0.0142129 0.00882962 0.0368222 0.00882471 0.048525 0.00864035 0.0113856 0.00879662 0.00992918 0.00893525 0.00876651 0.0120375 0.0119431 0.00846799 0.0403711 0.00839412 0.0988629 0.00873828 0.0155856 0.0080979 0.00826014 0.00851773 0.00820844 0.0097105 0.00809172 0.0084148 0.00808907 0.00852728 0.00829751 0.00869901 0.00833826 0.00828355 0.0082774 0.00839129 0.00846192 0.00839715 0.0082191 0.0081526 0.00839444 0.0086847 0.00818312 0.00844115 0.00808996 0.00935679 0.00825622 0.0082444 0.00915782 0.00813949 0.00860988 0.00984957 0.0083095 0.00879824 0.00826188 0.00845971 0.00831836 0.00874332 0.00838715 
0.00674963 0.0103026 0.00657549 0.987604 0.00545343 0.00537241 0.00345724 0.00326039 0.00326486 0.00319879 0 0.00319684 0.00334262 0.00319866 0.00446378 0.00872134 0.0289538 0.00898043 0.073014 0.00903399 0.0150271 0.00860653 0.010088 0.00905011 0.00982621 0.0137728 0.00841919 0.00864764 0.0222124 0.00867002 0.11384 0.00878165 0.0187094 0.00901562 0.00882946 0.0081964 0.00818118 0.00890666 0.00813857 0.008805 0.00809648 0.00871911 0.008236 0.0085784 0.00836639 0.00851226 0.00811147 0.00840388 0.00819932 0.00860442 0.00832928 0.00819917 0.00827615 0.00822116 0.00831727 0.00865462 0.00810204 0.00840479 0.00823283 0.00824204 0.00849437 0.00819955 0.00893434 0.00821982 0.00828719 0.00896863 0.00826781 0.00847175 0.0082136 0.00906917 0.00821236 0.00871871 
0.0125054 0.0075805 0.983132 0.00732931 0.0125665 0.00461994 0.00385867 0.00367197 0.00323215 0.00406419 0.00319684 0 0.00318258 0.00345275 0.00326917 0.0197349 0.00966101 0.0933101 0.0103442 0.0407098 0.00884151 0.0108115 0.00888184 0.0106463 0.00929607 0.00877216 0.0117704 0.0133317 0.00867049 0.124751 0.00870746 0.047975 0.00885561 0.0200872 0.0082923 0.00836157 0.00879971 0.00822095 0.0100745 0.00807937 0.00842502 0.00810037 0.00887753 0.00844877 0.00929278 0.00849696 0.00834945 0.00832341 0.00848239 0.00857606 0.00855112 0.00826445 0.00817675 0.00840097 0.00867745 0.00813079 0.0084738 0.00804666 0.009363 0.00826522 0.0082732 0.00921816 0.00815979 0.00843824 0.010008 0.00833489 0.00900366 0.00832151 0.00834922 0.00833299 0.00881448 0.00840175 
0.0108695 0.967889 0.00743059 0.0128056 0.00600271 0.00693063 0.00453486 0.00332931 0.00555843 0.00322629 0.00334262 0.00318258 0 0.00319726 0.00485462 0.00939971 0.0564046 0.0112168 0.0254183 0.00981786 0.0218106 0.00846112 0.0097183 0.0103622 0.00988754 0.0131902 0.00871923 0.00898232 0.0584593 0.00868848 0.0223255 0.00880072 0.022907 0.00890638 0.00829555 0.0082163 0.00820202 0.008499 0.00814487 0.00842409 0.00805528 0.00832168 0.00820616 0.00833454 0.00832538 0.00833315 0.00810262 0.00811602 0.008238 0.00843113 0.00829504 0.00817651 0.0081694 0.00807388 0.00816142 0.00827488 0.00812666 0.0081409 0.00814512 0.00821189 0.00825017 0.00818445 0.00832243 0.00816237 0.00825299 0.008506 0.00823074 0.00824703 0.00815638 0.00844069 0.00827655 0.00839953 
0.901205 0.00898718 0.0157445 0.0063835 0.00843948 0.00612686 0.00652208 0.00667924 0.00327111 0.00428207 0.00319866 0.00345275 0.00319726 0 0.00652419 0.0451298 0.0099244 0.0166932 0.00966969 0.0182953 0.00918794 0.0202939 0.0112316 0.0101159 0.0102646 0.0107201 0.021786 0.0617839 0.00850679 0.0167297 0.00847081 0.0137549 0.0086507 0.0164334 0.00833779 0.00817199 0.00831557 0.00806881 0.00871392 0.00803265 0.00848945 0.0082224 0.00835916 0.00821873 0.00828547 0.00811701 0.00838114 0.00841599 0.0083661 0.0082877 0.00827363 0.00821325 0.00817709 0.00874715 0.00865853 0.00814108 0.00821084 0.00809615 0.00962733 0.00815466 0.00815938 0.00861309 0.00810301 0.00849867 0.00961391 0.00820952 0.00832945 0.00816459 0.00836932 0.00853891 0.00841315 0.00830689 
0.0103574 0.00902087 0.006181 0.00684379 0.00566427 0.00710777 0.00772608 0.00602564 0.00557343 0.00352091 0.00446378 0.00326917 0.00485462 0.00652419 0 0.010724 0.010279 0.007578 0.008823 0.00807435 0.0112116 0.0115305 0.0152592 0.0125214 0.0134629 0.273884 0.0562948 0.0117117 0.0105526 0.00852892 0.0104628 0.00846637 0.0113588 0.0113356 0.00875979 0.00804851 0.00801596 0.00817124 0.00800083 0.00838772 0.00827025 0.00868614 0.00800015 0.0080303 0.00801997 0.00806459 0.00845453 0.00850362 0.00808829 0.00806136 0.00801067 0.00806254 0.00840202 0.00988677 0.00836873 0.008105 0.00796911 0.00857996 0.00860006 0.0080724 0.00814828 0.00807686 0.00819698 0.00835588 0.00852363 0.00832131 0.00808171 0.00813234 0.00833286 0.00884476 0.00811886 0.00956974 
0.0141893 0.00910468 0.0140423 0.0092775 0.017506 0.0102027 0.0506601 0.0142985 0.00926948 0.0142129 0.00872134 0.0197349 0.00939971 0.0451298 0.010724 0 0.00321362 0.00320851 0.00323741 0.00326418 0.00326214 0.00350288 0.00453849 0.00487002 0.0127397 0.00878387 0.0152837 0.0151355 0.00854324 0.0145611 0.00890242 0.016394 0.00990473 0.177314 0.00842592 0.0081309 0.00815165 0.00819235 0.00869104 0.00815475 0.0086199 0.00796405 0.00821964 0.00817171 0.0084911 0.00839557 0.00927873 0.00829849 0.00817123 0.00832374 0.00831142 0.00822795 0.00842822 0.00818582 0.00822322 0.00801484 0.00817145 0.00817791 0.00831609 0.00805188 0.00812927 0.00823166 0.00807714 0.00842163 0.00862119 0.0081158 0.00844183 0.00809753 0.00860585 0.00816491 0.00837672 0.00856375 
0.00909275 0.0203823 0.00914622 0.0250216 0.00971604 0.0678561 0.011536 0.00905798 0.0189447 0.00882962 0.0289538 0.00966101 0.0564046 0.0099244 0.010279 0.00321362 0 0.00318054 0.00321925 0.0032207 0.00322379 0.00329618 0.00445404 0.00700108 0.00725919 0.00832263 0.0100722 0.00943985 0.0235986 0.00902546 0.0230427 0.00942779 0.235825 0.0112825 0.00841039 0.00831083 0.00833802 0.00862458 0.00839704 0.00863631 0.00818841 0.0081979 0.0082949 0.00882667 0.00873683 0.00877831 0.00838767 0.00825893 0.00855913 0.00873261 0.00849128 0.00844251 0.00822148 0.00797194 0.00825218 0.00810833 0.00822697 0.00815311 0.00827498 0.00818061 0.00821683 0.00825967 0.00818227 0.00814085 0.00843026 0.00825307 0.00844462 0.00844861 0.00822637 0.00814036 0.00848129 0.00845929 
0.010617 0.00903878 0.0415028 0.00985197 0.129095 0.0129636 0.0130345 0.0102952 0.00869336 0.0368222 0.00898043 0.0933101 0.0112168 0.0166932 0.007578 0.00320851 0.00318054 0 0.00321553 0.00320753 0.00322058 0.00327066 0.00479979 0.00694803 0.0070067 0.0110827 0.00900122 0.0114573 0.00933051 0.0384008 0.00909629 0.265976 0.0113368 0.0169344 0.0083864 0.00841505 0.00880776 0.00848806 0.00908783 0.00824886 0.00815803 0.00811953 0.00889965 0.00905474 0.00987173 0.00885954 0.0086226 0.00837626 0.00877511 0.00898544 0.00932809 0.008341 0.00825167 0.008064 0.00812931 0.00817336 0.00829861 0.00812644 0.0081937 0.00813423 0.00826332 0.00827495 0.00808182 0.00821817 0.00865735 0.00852172 0.0087251 0.00826099 0.00827355 0.00837471 0.00860587 0.00860529 
0.00886547 0.0189276 0.00907517 0.115175 0.0104948 0.0261904 0.0103145 0.00876951 0.0156115 0.00882471 0.073014 0.0103442 0.0254183 0.00966969 0.008823 0.00323741 0.00321925 0.00321553 0 0.00325406 0.00325938 0.00321595 0.00508874 0.00552614 0.745863 0.00812072 0.00830843 0.00888789 0.0186485 0.00885743 0.209561 0.00991146 0.0236662 0.0102926 0.00855126 0.00832195 0.00824904 0.00875162 0.00835725 0.00831488 0.00812773 0.00817977 0.00834929 0.00889984 0.00877816 0.00860157 0.00826194 0.00837455 0.00839636 0.0093292 0.00851129 0.00823026 0.00819334 0.00801249 0.00805991 0.00820768 0.00819487 0.00809457 0.00809792 0.00817492 0.00827958 0.00822294 0.008151 0.00819921 0.00825503 0.00831866 0.00840276 0.00824615 0.00824359 0.00816226 0.00831818 0.00841299 
0.0107853 0.00881195 0.0680178 0.00973077 0.0655096 0.0109951 0.0112341 0.0122463 0.00881986 0.048525 0.00903399 0.0407098 0.00981786 0.0182953 0.00807435 0.00326418 0.0032207 0.00320753 0.00325406 0 0.00318343 0.00319106 0.00378378 0.714499 0.051383 0.00607223 0.00905606 0.0121125 0.00888214 0.127736 0.00942675 0.0351765 0.0101097 0.0163808 0.00837309 0.00839739 0.00888421 0.00844914 0.0095625 0.00818822 0.00827528 0.00807442 0.00871184 0.00865943 0.00936576 0.00867818 0.00850933 0.00833763 0.00882269 0.00889997 0.0086932 0.00833071 0.00824949 0.00803266 0.00809645 0.00815387 0.00835262 0.00807013 0.00832635 0.00817678 0.00833525 0.00845816 0.00817658 0.00824358 0.00865547 0.00830693 0.00888668 0.0083173 0.00836148 0.00828225 0.00857529 0.00837496 
0.00921182 0.0323274 0.00876073 0.0182867 0.00941465 0.0213056 0.0102237 0.00895233 0.033355 0.00864035 0.0150271 0.00884151 0.0218106 0.00918794 0.0112116 0.00326214 0.00322379 0.00322058 0.00325938 0.00318343 0 0.00322699 0.766643 0.0221357 0.0217753 0.0072044 0.00853098 0.00928679 0.069196 0.00862241 0.014157 0.00881797 0.0199859 0.0102135 0.00822357 0.00824424 0.00822945 0.00834298 0.00816758 0.00823033 0.00804652 0.00812895 0.00835315 0.00839134 0.00838046 0.00833761 0.00809401 0.00812835 0.0084295 0.00840562 0.00830326 0.0081782 0.00807913 0.0080047 0.00805563 0.00811232 0.00812819 0.00809143 0.00811198 0.00817132 0.00814168 0.00820221 0.00809556 0.00807567 0.00824809 0.0083069 0.00823056 0.00818442 0.00806592 0.00824045 0.0081501 0.00817867 
0.0199981 0.00844656 0.0116451 0.00870887 0.0106451 0.00909667 0.0140847 0.0263292 0.00870104 0.0113856 0.00860653 0.0108115 0.00846112 0.0202939 0.0115305 0.00350288 0.00329618 0.00327066 0.00321595 0.00319106 0.00322699 0 0.0412523 0.0041792 0.00385097 0.00553109 0.0131539 0.0794225 0.00827057 0.0114801 0.00836021 0.0105151 0.00893222 0.0148528 0.0081945 0.00806769 0.00816659 0.00806066 0.00813418 0.00801702 0.00833469 0.00826149 0.00815299 0.00815183 0.00811276 0.00807211 0.00848405 0.00826558 0.00813996 0.00819112 0.008101 0.00808867 0.00811729 0.00840678 0.00825389 0.00806912 0.008097 0.00803753 0.00861068 0.00810231 0.0080497 0.00809894 0.00813458 0.00817992 0.00861484 0.00814759 0.00812118 0.00809786 0.00820051 0.00834496 0.00815101 0.00812442 
0.00904639 0.00956622 0.00895212 0.0101149 0.00909907 0.00930567 0.013047 0.00906622 0.00959018 0.00879662 0.010088 0.00888184 0.0097183 0.0112316 0.0152592 0.00453849 0.00445404 0.00479979 0.00508874 0.00378378 0.766643 0.0412523 0 0.00319653 0.00324342 0.00937079 0.00851766 0.00808131 0.0085427 0.00890245 0.00939391 0.00847967 0.00957647 0.0132663 0.00813609 0.00800668 0.00797699 0.00823639 0.00798106 0.00813961 0.00819963 0.00801429 0.00794851 0.00805887 0.00811486 0.00804196 0.00819187 0.00822428 0.00798979 0.00812565 0.0080744 0.00799183 0.00814475 0.00819787 0.00822384 0.00798799 0.00797677 0.00805809 0.00830219 0.00799765 0.00812817 0.00804098 0.00804359 0.00815475 0.00834196 0.0081912 0.00812203 0.00806319 0.00820083 0.00828292 0.00808036 0.00849561 
0.0087581 0.010262 0.00985609 0.00950655 0.0109857 0.0160941 0.00980761 0.00934057 0.00946632 0.00992918 0.00905011 0.0106463 0.0103622 0.0101159 0.0125214 0.00487002 0.00700108 0.00694803 0.00552614 0.714499 0.0221357 0.0041792 0.00319653 0 0.00324183 0.00910027 0.00898921 0.00885969 0.0184162 0.0136792 0.00938338 0.0100349 0.0163756 0.0155476 0.00818716 0.00826046 0.00819482 0.0082195 0.00824853 0.00814386 0.00807723 0.00806247 0.00829118 0.00826796 0.0083516 0.00844116 0.00816602 0.00810918 0.00827002 0.00831525 0.00833571 0.00820387 0.00815276 0.00797911 0.00796148 0.00807948 0.0081255 0.00807207 0.0080163 0.00813165 0.00820419 0.00820213 0.00812452 0.00812088 0.00814217 0.00824468 0.00828606 0.00815754 0.00818048 0.00814402 0.00830795 0.00821497 
0.0120803 0.00902244 0.00912771 0.0100427 0.00978486 0.0103118 0.0153122 0.0121959 0.009627 0.00893525 0.00982621 0.00929607 0.00988754 0.0102646 0.0134629 0.0127397 0.00725919 0.0070067 0.745863 0.051383 0.0217753 0.00385097 0.00324342 0.00324183 0 0.0202048 0.012847 0.0247354 0.0111855 0.00907945 0.0103706 0.0103822 0.0150042 0.0138975 0.00870175 0.00814111 0.0081784 0.0082065 0.00814067 0.00809 0.00826343 0.00832322 0.00823191 0.00837706 0.00840236 0.00828962 0.00858791 0.00838672 0.00821838 0.00833101 0.00827831 0.00812582 0.00811287 0.00825667 0.00819258 0.00808297 0.00807551 0.00803375 0.00822279 0.00804917 0.00807064 0.00810022 0.00806307 0.00809574 0.008344 0.00816452 0.00821876 0.00805364 0.00809445 0.00840686 0.00810774 0.00839215 
0.0140809 0.0140074 0.00874985 0.0131885 0.00889849 0.0116432 0.014097 0.0152333 0.0144072 0.00876651 0.0137728 0.00877216 0.0131902 0.0107201 0.273884 0.00878387 0.00832263 0.0110827 0.00812072 0.00607223 0.0072044 0.00553109 0.00937079 0.00910027 0.0202048 0 0.0843989 0.00992106 0.0103041 0.00535733 0.00784325 0.0060129 0.00981992 0.0101145 0.0112957 0.00840261 0.00810481 0.00874913 0.00807631 0.00871716 0.00868123 0.0104272 0.00813893 0.00820262 0.00811818 0.00828244 0.00843241 0.00975338 0.00820673 0.00825573 0.0081484 0.00829222 0.00888943 0.0116531 0.0090736 0.00834273 0.00800899 0.00878931 0.00939462 0.00827342 0.00841061 0.0080396 0.00852111 0.00857937 0.00934585 0.00878524 0.00811904 0.00834771 0.00847879 0.00972828 0.00818483 0.00985063 
0.0126831 0.00841731 0.0120815 0.00844077 0.010896 0.00890832 0.012427 0.0141978 0.00862543 0.0120375 0.00841919 0.0117704 0.00871923 0.021786 0.0562948 0.0152837 0.0100722 0.00900122 0.00830843 0.00905606 0.00853098 0.0131539 0.00851766 0.00898921 0.012847 0.0843989 0 0.0344654 0.00384585 0.00677798 0.00450996 0.00632811 0.00653797 0.0250833 0.00877164 0.00815574 0.00813089 0.0080484 0.00879458 0.00801892 0.00926967 0.00849889 0.00821602 0.00806246 0.00807303 0.00806658 0.00865603 0.00863691 0.00814436 0.00805994 0.00806738 0.00821521 0.00837459 0.0109515 0.00903692 0.00809768 0.00819728 0.00812715 0.0102789 0.00811401 0.00805411 0.00861572 0.00805525 0.00878756 0.0107421 0.00814156 0.00836813 0.00804328 0.00866204 0.00859313 0.00822059 0.00861681 
0.00986389 0.00844758 0.0110696 0.00865397 0.0144306 0.00925229 0.0575737 0.0121733 0.0086295 0.0119431 0.00864764 0.0133317 0.00898232 0.0617839 0.0117117 0.0151355 0.00943985 0.0114573 0.00888789 0.0121125 0.00928679 0.0794225 0.00808131 0.00885969 0.0247354 0.00992106 0.0344654 0 0.00326137 0.00337822 0.00323349 0.00342286 0.00344728 0.013305 0.00848034 0.00827872 0.00819556 0.00819897 0.00860709 0.00808561 0.00981375 0.00800826 0.00824036 0.00817158 0.00855132 0.00848042 0.00955989 0.00827544 0.00814883 0.00835135 0.00832967 0.00818082 0.00854184 0.00846173 0.00835171 0.0079916 0.00815954 0.00824785 0.00863415 0.00797076 0.00815666 0.00837776 0.00801801 0.00869086 0.00905234 0.00822499 0.00843527 0.00819223 0.00861435 0.00823104 0.00825067 0.00866925 
0.00824189 0.014807 0.00841715 0.0273412 0.0087755 0.0688238 0.00910734 0.00826845 0.0142704 0.00846799 0.0222124 0.00867049 0.0584593 0.00850679 0.0105526 0.00854324 0.0235986 0.00933051 0.0186485 0.00888214 0.069196 0.00827057 0.0085427 0.0184162 0.0111855 0.0103041 0.00384585 0.00326137 0 0.00319552 0.00326624 0.00320723 0.00604776 0.00350544 0.00957828 0.00849789 0.00835844 0.00926619 0.00811509 0.00890201 0.00808946 0.00850764 0.00828492 0.00904098 0.00842451 0.00953202 0.00824744 0.00834563 0.00840472 0.00907074 0.00837352 0.00826488 0.00820092 0.00798151 0.00806896 0.00836812 0.00812005 0.00816104 0.00805268 0.00820127 0.00838281 0.00816142 0.00840161 0.00805756 0.00810587 0.00863203 0.00830802 0.00843099 0.00810632 0.00830542 0.00823699 0.00837117 
0.0106945 0.00831963 0.0397627 0.00867783 0.162544 0.00904384 0.00991211 0.0117421 0.00842283 0.0403711 0.00867002 0.124751 0.00868848 0.0167297 0.00852892 0.0145611 0.00902546 0.0384008 0.00885743 0.127736 0.00862241 0.0114801 0.00890245 0.0136792 0.00907945 0.00535733 0.00677798 0.00337822 0.00319552 0 0.00320245 0.00383272 0.00321144 0.00368784 0.00872254 0.00943167 0.010365 0.00835798 0.0152413 0.00828241 0.0087887 0.00811838 0.00996194 0.00863966 0.0112028 0.00882348 0.00869142 0.00845268 0.00928039 0.00866595 0.00898864 0.00860638 0.00818158 0.00815061 0.00852315 0.00811034 0.00889522 0.0080898 0.00931921 0.00821402 0.0082105 0.00947559 0.00813914 0.00843868 0.0101024 0.00828633 0.00954387 0.008259 0.00843452 0.00815654 0.0086086 0.00833001 
0.00818943 0.0193673 0.0083273 0.128076 0.00896544 0.0191462 0.00941206 0.00825578 0.020117 0.00839412 0.11384 0.00870746 0.0223255 0.00847081 0.0104628 0.00890242 0.0230427 0.00909629 0.209561 0.00942675 0.014157 0.00836021 0.00939391 0.00938338 0.0103706 0.00784325 0.00450996 0.00323349 0.00326624 0.00320245 0 0.00318822 0.00322204 0.00322858 0.0125237 0.00887513 0.00842704 0.0147298 0.00819889 0.00956636 0.00808231 0.00888863 0.00836732 0.0116147 0.00855548 0.00928686 0.00830075 0.00855108 0.00838096 0.0102059 0.00851824 0.00825726 0.00826674 0.00802836 0.00816458 0.00885538 0.00809657 0.00833274 0.00805276 0.00819215 0.00869406 0.00814692 0.0087941 0.00822474 0.00817913 0.00912796 0.00838349 0.00848271 0.00814471 0.00864652 0.0082263 0.00854719 
0.0107587 0.00829454 0.0980776 0.00890234 0.0658863 0.00981271 0.00993567 0.0120399 0.00845436 0.0988629 0.00878165 0.047975 0.00880072 0.0137549 0.00846637 0.016394 0.00942779 0.265976 0.00991146 0.0351765 0.00881797 0.0105151 0.00847967 0.0100349 0.0103822 0.0060129 0.00632811 0.00342286 0.00320723 0.00383272 0.00318822 0 0.00315235 0.00349254 0.00928138 0.0103216 0.0141028 0.00863792 0.0145342 0.00827011 0.00858395 0.00807443 0.0107179 0.00928269 0.0129415 0.00890434 0.00881479 0.00853673 0.00959559 0.00915612 0.00961946 0.00846534 0.00828372 0.00802272 0.00852535 0.00806842 0.00872562 0.00805943 0.00894089 0.00815759 0.00822985 0.00928125 0.00809734 0.00829486 0.0100244 0.00828436 0.00960302 0.00824746 0.00843586 0.00816202 0.00863756 0.00845197 
0.00857826 0.0445843 0.00862904 0.022515 0.00923236 0.0241807 0.0104059 0.00864538 0.0423397 0.00873828 0.0187094 0.00885561 0.022907 0.0086507 0.0113588 0.00990473 0.235825 0.0113368 0.0236662 0.0101097 0.0199859 0.00893222 0.00957647 0.0163756 0.0150042 0.00981992 0.00653797 0.00344728 0.00604776 0.00321144 0.00322204 0.00315235 0 0.00328289 0.0122676 0.0101711 0.00875466 0.0151053 0.00841096 0.0106112 0.00853611 0.00881929 0.00853197 0.0110913 0.00893355 0.00959448 0.00848401 0.00873072 0.00869633 0.0110027 0.00862575 0.00838397 0.00821637 0.00802022 0.00808411 0.0085717 0.00823805 0.00819476 0.00808285 0.00818092 0.00881588 0.0081988 0.00833846 0.00807968 0.00829685 0.00886196 0.00849237 0.00828857 0.00814038 0.00838484 0.0085464 0.00849522 
0.0313185 0.0086543 0.0164456 0.00934268 0.0175678 0.00971266 0.0167189 0.0437831 0.00883788 0.0155856 0.00901562 0.0200872 0.00890638 0.0164334 0.0113356 0.177314 0.0112825 0.0169344 0.0102926 0.0163808 0.0102135 0.0148528 0.0132663 0.0155476 0.0138975 0.0101145 0.0250833 0.013305 0.00350544 0.00368784 0.00322858 0.00349254 0.00328289 0 0.0128801 0.00974002 0.0132115 0.00950044 0.0118091 0.00922003 0.0127157 0.00862771 0.0114097 0.00924458 0.0110259 0.00928843 0.0107523 0.0111404 0.00967687 0.00936945 0.00902321 0.00873851 0.00839883 0.00913723 0.00950433 0.00820331 0.008955 0.00817206 0.0106378 0.00878878 0.0082065 0.00953063 0.00816566 0.00869846 0.0124261 0.00840998 0.00928548 0.00819884 0.00848213 0.00881035 0.00878511 0.00846753 
0.00798034 0.0081786 0.00812766 0.00862451 0.00831258 0.00810219 0.00865282 0.00802853 0.00846601 0.0080979 0.00882946 0.0082923 0.00829555 0.00833779 0.00875979 0.00842592 0.00841039 0.0083864 0.00855126 0.00837309 0.00822357 0.0081945 0.00813609 0.00818716 0.00870175 0.0112957 0.00877164 0.00848034 0.00957828 0.00872254 0.0125237 0.00928138 0.0122676 0.0128801 0 0.00341791 0.0032392 0.00361736 0.00322377 0.0100265 0.00427329 0.0081048 0.00616349 0.00818058 0.00738232 0.0337183 0.688642 0.0161291 0.00948686 0.0115313 0.00919662 0.0101182 0.0170091 0.0128529 0.0116477 0.0124669 0.00855517 0.0302925 0.00965753 0.0106597 0.0118728 0.0086185 0.0119755 0.0112912 0.0107152 0.0139762 0.00889295 0.0118195 0.0129609 0.0115049 0.00861773 0.0177379 
0.00811383 0.0081496 0.00820708 0.00828009 0.00832049 0.00816149 0.00815426 0.00812605 0.00814808 0.00826014 0.0081964 0.00836157 0.0082163 0.00817199 0.00804851 0.0081309 0.00831083 0.00841505 0.00832195 0.00839739 0.00824424 0.00806769 0.00800668 0.00826046 0.00814111 0.00840261 0.00815574 0.00827872 0.00849789 0.00943167 0.00887513 0.0103216 0.0101711 0.00974002 0.00341791 0 0.00325959 0.00319582 0.00336477 0.00333652 0.00324183 0.00535357 0.00683748 0.00702187 0.0118287 0.811458 0.0517735 0.0122268 0.0180147 0.0107757 0.0110638 0.0153856 0.00987506 0.00910901 0.00987562 0.00970095 0.0156042 0.00901655 0.0116557 0.010103 0.00970475 0.0117813 0.00989661 0.0094141 0.0142858 0.0112222 0.0146583 0.0119021 0.00999679 0.00923814 0.0113833 0.00925627 
0.00809375 0.00807469 0.00841421 0.00823695 0.00851782 0.00816437 0.00825765 0.00818241 0.00812412 0.00851773 0.00818118 0.00879971 0.00820202 0.00831557 0.00801596 0.00815165 0.00833802 0.00880776 0.00824904 0.00888421 0.00822945 0.00816659 0.00797699 0.00819482 0.0081784 0.00810481 0.00813089 0.00819556 0.00835844 0.010365 0.00842704 0.0141028 0.00875466 0.0132115 0.0032392 0.00325959 0 0.00319437 0.00325494 0.00363027 0.00349549 0.00434698 0.00733513 0.00804269 0.86691 0.0258343 0.01303 0.00849954 0.011237 0.00974953 0.0147957 0.0101536 0.0101266 0.00881621 0.00941143 0.00951935 0.0134255 0.00859288 0.011113 0.00954054 0.00930924 0.0214561 0.00857829 0.0104765 0.0122222 0.00973237 0.0342781 0.00901465 0.0134218 0.00888555 0.010396 0.00898848 
0.00812259 0.0084175 0.00820763 0.00891204 0.00833327 0.00829042 0.00816745 0.00815396 0.00845454 0.00820844 0.00890666 0.00822095 0.008499 0.00806881 0.00817124 0.00819235 0.00862458 0.00848806 0.00875162 0.00844914 0.00834298 0.00806066 0.00823639 0.0082195 0.0082065 0.00874913 0.0080484 0.00819897 0.00926619 0.00835798 0.0147298 0.00863792 0.0151053 0.00950044 0.00361736 0.00319582 0.00319437 0 0.00319593 0.00330807 0.00320491 0.00482808 0.00532961 0.917481 0.0169021 0.0207892 0.00765829 0.00890423 0.00869065 0.0187172 0.00990445 0.0092399 0.00909603 0.00819798 0.00872547 0.0180689 0.00832533 0.0140821 0.00869066 0.00970741 0.0269031 0.00860991 0.0205825 0.00859953 0.00900294 0.0385349 0.00950784 0.0333817 0.00860123 0.011578 0.0087901 0.0103322 
0.00853891 0.00806588 0.00966522 0.00814968 0.00920477 0.00814807 0.0081945 0.00853344 0.00809698 0.0097105 0.00813857 0.0100745 0.00814487 0.00871392 0.00800083 0.00869104 0.00839704 0.00908783 0.00835725 0.0095625 0.00816758 0.00813418 0.00798106 0.00824853 0.00814067 0.00807631 0.00879458 0.00860709 0.00811509 0.0152413 0.00819889 0.0145342 0.00841096 0.0118091 0.00322377 0.00336477 0.00325494 0.00319593 0 0.00317557 0.00325669 0.00373504 0.935934 0.0181356 0.0140565 0.00676209 0.007921 0.00870666 0.0124541 0.00878323 0.0152809 0.00959189 0.00834767 0.0096122 0.014158 0.00850808 0.0200974 0.00836537 0.0172495 0.00983072 0.00870708 0.0365343 0.0085237 0.0117151 0.0218854 0.008731 0.0632465 0.00880406 0.0118668 0.00876595 0.0126695 0.00867499 
0.00808197 0.00843554 0.00804538 0.0084739 0.00811186 0.00809816 0.0080908 0.00803859 0.00862242 0.00809172 0.008805 0.00807937 0.00842409 0.00803265 0.00838772 0.00815475 0.00863631 0.00824886 0.00831488 0.00818822 0.00823033 0.00801702 0.00813961 0.00814386 0.00809 0.00871716 0.00801892 0.00808561 0.00890201 0.00828241 0.00956636 0.00827011 0.0106112 0.00922003 0.0100265 0.00333652 0.00363027 0.00330807 0.00317557 0 0.00437765 0.929416 0.0144824 0.0169587 0.00529969 0.00847639 0.00621716 0.0090412 0.00960556 0.0152289 0.00781611 0.00857505 0.00847606 0.00923254 0.00900931 0.0273055 0.00821937 0.0114549 0.00970606 0.0102826 0.0139647 0.00845051 0.014127 0.00849128 0.00945647 0.0391416 0.00873387 0.0188325 0.00848797 0.015214 0.0089076 0.0105921 
0.00854657 0.00812458 0.0083129 0.00810219 0.00820628 0.00807636 0.00821128 0.00842526 0.00811198 0.0084148 0.00809648 0.00842502 0.00805528 0.00848945 0.00827025 0.0086199 0.00818841 0.00815803 0.00812773 0.00827528 0.00804652 0.00833469 0.00819963 0.00807723 0.00826343 0.00868123 0.00926967 0.00981375 0.00808946 0.0087887 0.00808231 0.00858395 0.00853611 0.0127157 0.00427329 0.00324183 0.00349549 0.00320491 0.00325669 0.00437765 0 0.0146588 0.013669 0.00481814 0.00479712 0.00483589 0.00815062 0.0145041 0.00878428 0.00681981 0.00806333 0.0079788 0.00781153 0.0148062 0.0247214 0.00846232 0.0101083 0.00826709 0.0433659 0.00898798 0.0085198 0.0118829 0.00837041 0.0124039 0.0488131 0.00877681 0.0109081 0.0085236 0.0121188 0.0139894 0.011109 0.00900162 
0.00801774 0.00813445 0.00806615 0.00849538 0.00811478 0.00808462 0.00824765 0.00796411 0.00832317 0.00808907 0.00871911 0.00810037 0.00832168 0.0082224 0.00868614 0.00796405 0.0081979 0.00811953 0.00817977 0.00807442 0.00812895 0.00826149 0.00801429 0.00806247 0.00832322 0.0104272 0.00849889 0.00800826 0.00850764 0.00811838 0.00888863 0.00807443 0.00881929 0.00862771 0.0081048 0.00535357 0.00434698 0.00482808 0.00373504 0.929416 0.0146588 0 0.00322839 0.00322131 0.00322548 0.00327979 0.00401547 0.00537875 0.00553989 0.00847395 0.00663008 0.00926285 0.0676894 0.022191 0.00960723 0.0103973 0.00794195 0.0245478 0.00990375 0.00974753 0.0103863 0.0084531 0.0121022 0.0121186 0.0129466 0.0126217 0.00890994 0.0128615 0.0121901 0.013016 0.00877102 0.0170156 
0.00810602 0.00819492 0.00847369 0.00828366 0.00853113 0.00819233 0.00826452 0.00822716 0.00816812 0.00852728 0.008236 0.00887753 0.00820616 0.00835916 0.00800015 0.00821964 0.0082949 0.00889965 0.00834929 0.00871184 0.00835315 0.00815299 0.00794851 0.00829118 0.00823191 0.00813893 0.00821602 0.00824036 0.00828492 0.00996194 0.00836732 0.0107179 0.00853197 0.0114097 0.00616349 0.00683748 0.00733513 0.00532961 0.935934 0.0144824 0.013669 0.00322839 0 0.00323085 0.00322777 0.00317076 0.003293 0.0045643 0.00724 0.00597436 0.0101474 0.0463482 0.443519 0.00742493 0.0127583 0.00959614 0.0200409 0.00879512 0.0149984 0.0139537 0.00912354 0.0224703 0.0089674 0.0111553 0.023041 0.0110404 0.0348274 0.0100546 0.0140541 0.00954338 0.0229578 0.0092762 
0.00811517 0.00816483 0.00835759 0.00854092 0.00866179 0.00835651 0.00844022 0.00812548 0.00820483 0.00829751 0.0085784 0.00844877 0.00833454 0.00821873 0.0080303 0.00817171 0.00882667 0.00905474 0.00889984 0.00865943 0.00839134 0.00815183 0.00805887 0.00826796 0.00837706 0.00820262 0.00806246 0.00817158 0.00904098 0.00863966 0.0116147 0.00928269 0.0110913 0.00924458 0.00818058 0.00702187 0.00804269 0.917481 0.0181356 0.0169587 0.00481814 0.00322131 0.00323085 0 0.00319342 0.00326947 0.00323565 0.00483251 0.00544758 0.0227681 0.0319177 0.722938 0.00839901 0.00670294 0.00868946 0.0192986 0.00864696 0.0136588 0.00892082 0.0103796 0.041846 0.00898825 0.0188858 0.00885912 0.00966614 0.0378645 0.0142495 0.034271 0.0093282 0.0133475 0.00990386 0.0131771 
0.00821345 0.00816663 0.00850496 0.00847828 0.00883376 0.00841253 0.00835428 0.0082141 0.00816807 0.00869901 0.00836639 0.00929278 0.00832538 0.00828547 0.00801997 0.0084911 0.00873683 0.00987173 0.00877816 0.00936576 0.00838046 0.00811276 0.00811486 0.0083516 0.00840236 0.00811818 0.00807303 0.00855132 0.00842451 0.0112028 0.00855548 0.0129415 0.00893355 0.0110259 0.00738232 0.0118287 0.86691 0.0169021 0.0140565 0.00529969 0.00479712 0.00322548 0.00322777 0.00319342 0 0.0031891 0.00322606 0.00385946 0.0103141 0.0212309 0.80391 0.00889902 0.00611322 0.0063961 0.0116764 0.00992278 0.0162461 0.008908 0.0122421 0.0108397 0.0107898 0.035572 0.00894674 0.0105318 0.0163766 0.0109794 0.0767134 0.0111682 0.0126449 0.0106661 0.0178653 0.0101102 
0.00814699 0.00823679 0.00829954 0.00842863 0.00858636 0.00836598 0.00826677 0.00810237 0.0081873 0.00833826 0.00851226 0.00849696 0.00833315 0.00811701 0.00806459 0.00839557 0.00877831 0.00885954 0.00860157 0.00867818 0.00833761 0.00807211 0.00804196 0.00844116 0.00828962 0.00828244 0.00806658 0.00848042 0.00953202 0.00882348 0.00928686 0.00890434 0.00959448 0.00928843 0.0337183 0.811458 0.0258343 0.0207892 0.00676209 0.00847639 0.00483589 0.00327979 0.00317076 0.00326947 0.0031891 0 0.00328281 0.00881308 0.0202841 0.8342 0.0058725 0.00768946 0.00841734 0.00611403 0.00951611 0.0187671 0.0119427 0.0110926 0.00943512 0.0129704 0.0138026 0.00910959 0.0251609 0.00989645 0.0102264 0.0316676 0.0155101 0.0329375 0.00998179 0.01386 0.0235257 0.0124684 
0.00828364 0.00812417 0.00826355 0.00819554 0.00841561 0.00813505 0.00873381 0.00827172 0.00813032 0.00828355 0.00811147 0.00834945 0.00810262 0.00838114 0.00845453 0.00927873 0.00838767 0.0086226 0.00826194 0.00850933 0.00809401 0.00848405 0.00819187 0.00816602 0.00858791 0.00843241 0.00865603 0.00955989 0.00824744 0.00869142 0.00830075 0.00881479 0.00848401 0.0107523 0.688642 0.0517735 0.01303 0.00765829 0.007921 0.00621716 0.00815062 0.00401547 0.003293 0.00323565 0.00322606 0.00328281 0 0.0739053 0.74907 0.00427906 0.00537355 0.00762206 0.00676694 0.00900866 0.0197601 0.00901972 0.0100568 0.0117947 0.0279363 0.00973866 0.00922634 0.0113417 0.00871676 0.0187335 0.0321271 0.00992268 0.0143921 0.0103497 0.0227412 0.0186047 0.0143341 0.0209154 
0.00838742 0.00802921 0.00835403 0.00826336 0.00834155 0.00818029 0.00840092 0.00832187 0.00811072 0.0082774 0.00840388 0.00832341 0.00811602 0.00841599 0.00850362 0.00829849 0.00825893 0.00837626 0.00837455 0.00833763 0.00812835 0.00826558 0.00822428 0.00810918 0.00838672 0.00975338 0.00863691 0.00827544 0.00834563 0.00845268 0.00855108 0.00853673 0.00873072 0.0111404 0.0161291 0.0122268 0.00849954 0.00890423 0.00870666 0.0090412 0.0145041 0.00537875 0.0045643 0.00483251 0.00385946 0.00881308 0.0739053 0 0.00336026 0.00328926 0.00325634 0.00337267 0.00399458 0.00829053 0.010145 0.00892218 0.00868543 0.329536 0.013647 0.0120928 0.0112666 0.00950072 0.0105411 0.023541 0.0258947 0.0144162 0.0110227 0.0144177 0.0217198 0.0180262 0.0101549 0.0243459 
0.00812616 0.0082202 0.00833176 0.00826476 0.00846502 0.00814839 0.00820937 0.00812227 0.00817034 0.00839129 0.00819932 0.00848239 0.008238 0.0083661 0.00808829 0.00817123 0.00855913 0.00877511 0.00839636 0.00882269 0.0084295 0.00813996 0.00798979 0.00827002 0.00821838 0.00820673 0.00814436 0.00814883 0.00840472 0.00928039 0.00838096 0.00959559 0.00869633 0.00967687 0.00948686 0.0180147 0.011237 0.00869065 0.0124541 0.00960556 0.00878428 0.00553989 0.00724 0.00544758 0.0103141 0.0202841 0.74907 0.00336026 0 0.00328089 0.00319105 0.00354387 0.00337978 0.00421388 0.00876387 0.00831761 0.340289 0.0137916 0.0143577 0.0131093 0.00988115 0.0155609 0.0100212 0.0114707 0.023567 0.0126482 0.0254912 0.012182 0.0162603 0.0110218 0.054526 0.0100098 
0.00815709 0.00827983 0.00848899 0.0086119 0.00871671 0.00843717 0.00839865 0.00812563 0.00824174 0.00846192 0.00860442 0.00857606 0.00843113 0.0082877 0.00806136 0.00832374 0.00873261 0.00898544 0.0093292 0.00889997 0.00840562 0.00819112 0.00812565 0.00831525 0.00833101 0.00825573 0.00805994 0.00835135 0.00907074 0.00866595 0.0102059 0.00915612 0.0110027 0.00936945 0.0115313 0.0107757 0.00974953 0.0187172 0.00878323 0.0152289 0.00681981 0.00847395 0.00597436 0.0227681 0.0212309 0.8342 0.00427906 0.00328926 0.00328089 0 0.00323321 0.0031934 0.00323169 0.00358872 0.00725204 0.349873 0.0131251 0.0260301 0.00857598 0.0106398 0.0176064 0.00905864 0.0175793 0.0090257 0.00956514 0.0277968 0.013049 0.0310273 0.00913704 0.0191151 0.00995634 0.0130881 
