1NR2A
RECCLEYFKGAIPLRKLKTWYQTSEDCSRDAIVFVTVQGRAICSDPNNKRVKNAVKYLQSLE
CCCCCCCCCCCCCCCCEEEEEECCCCCCCCCEEEEECCCCEEEECCCCHHHHHHHHHHHCCC
0 0 0 0 0 0 0 0 0 0 0 0 0 0 0 0 0 0 0 0 0 0 0 0 0 0 0 0 0 0 0 0 0 0 0 0 0 0 0 0 0 0 0 0 0 0 0 0 0 0 0 0 0 0 0 0 0 0 0 0 0 0 
0 0 0 0 0 0 0 0 0 0 0 0 0 0 0 0 0 0 0 0 0 0 0 0 0 0 0 0 0 0 0 0 0 0 0 0 0 0 0 0 0 0 0 0 0 0 0 0 0 0 0 0 0 0 0 0 0 0 0 0 0 0 
0 0.00353092 0.00336054 0.0033445 0.00539832 0.00711436 0.0235158 0.0105241 0.0109267 0.0257936 0.474694 0.0161468 0.01683 0.0102966 0.0344965 
0.00353092 0 0.00323113 0.00329755 0.00530029 0.00330339 0.0078964 0.00997822 0.0105948 0.0648838 0.169636 0.010011 0.00873362 0.0145337 0.00892625 
0.00336054 0.00323113 0 0.00355105 0.00326279 0.00323528 0.00696765 0.0132221 0.0335865 0.743653 0.0104947 0.00830062 0.00973038 0.0090514 0.00879244 
0.0033445 0.00329755 0.00355105 0 0.003465 0.00320178 0.00864437 0.0124266 0.893128 0.0101767 0.00909498 0.00841041 0.00934948 0.00958704 0.00875222 
0.00539832 0.00530029 0.00326279 0.003465 0 0.0033023 0.01244 0.849556 0.011214 0.0175718 0.00742331 0.0114936 0.0109003 0.00985793 0.00852016 
0.00711436 0.00330339 0.00323528 0.00320178 0.0033023 0 0.912389 0.0118085 0.0187246 0.00892999 0.010576 0.016278 0.00860669 0.00900775 0.00831024 
0.0235158 0.0078964 0.00696765 0.00864437 0.01244 0.912389 0 0.00350375 0.0032945 0.00346001 0.00420842 0.00779733 0.00726969 0.0100969 0.943624 
0.0105241 0.00997822 0.0132221 0.0124266 0.849556 0.0118085 0.00350375 0 0.00327498 0.00339514 0.00326926 0.00652614 0.0101986 0.933271 0.0226923 
0.0109267 0.0105948 0.0335865 0.893128 0.011214 0.0187246 0.0032945 0.00327498 0 0.00333478 0.00324439 0.00688159 0.919599 0.0273336 0.00958675 
0.0257936 0.0648838 0.743653 0.0101767 0.0175718 0.00892999 0.00346001 0.00339514 0.00333478 0 0.00326957 0.960788 0.0343402 0.0122025 0.00784053 
0.474694 0.169636 0.0104947 0.00909498 0.00742331 0.010576 0.00420842 0.00326926 0.00324439 0.00326957 0 0.0260052 0.00525631 0.00376704 0.00605023 
0.0161468 0.010011 0.00830062 0.00841041 0.0114936 0.016278 0.00779733 0.00652614 0.00688159 0.960788 0.0260052 0 0.00353379 0.0032843 0.00464984 
0.01683 0.00873362 0.00973038 0.00934948 0.0109003 0.00860669 0.00726969 0.0101986 0.919599 0.0343402 0.00525631 0.00353379 0 0.00322996 0.00326891 
0.0102966 0.0145337 0.0090514 0.00958704 0.00985793 0.00900775 0.0100969 0.933271 0.0273336 0.0122025 0.00376704 0.0032843 0.00322996 0 0.0031928 
0.0344965 0.00892625 0.00879244 0.00875222 0.00852016 0.00831024 0.943624 0.0226923 0.00958675 0.00784053 0.00605023 0.00464984 0.00326891 0.0031928 0 
