1NVJB
AETKIVVGPQPFSVGEEYPWLAERDEDGAVVTFTGKVRNHNLGDSVNALTLEHYPGMTEKALAEIVDEARNRWPLGRVTVIHRIGELWPGDEIVFVGVTSAHRSSAFEAGQFIMDYLKTRAPFWKR
CCEEEEEECCCCCHHHHHHHHCCCCCCCEEEEEEEECCCCCCCCCCCCEEEEECCCHHHHHHHHHHHHHHHHCCEEEEEEEEECEEECCCCEEEEEEEEECCHHHHHHHHHHHHHHHHHHCCEEEC
0 0 0 0 0 0 0 0 0 0 0 0 0 0 0 0 0 0 0 0 0 0 0 0 0 0 0 0 0 0 0 0 0 0 0 0 0 0 0 0 0 0 0 0 0 0 0 0 0 0 0 0 0 0 0 0 0 0 0 0 0 0 0 0 0 0 0 0 0 0 0 0 0 0 0 0 0 0 0 0 0 0 0 0 0 0 0 0 0 0 0 0 0 0 0 0 0 0 0 0 0 0 0 0 0 0 0 0 0 0 0 0 0 0 0 0 0 0 0 0 0 0 0 0 0 0 
0 0 0 0 0 0 0 0 0 0 0 0 0 0 0 0 0 0 0 0 0 0 0 0 0 0 0 0 0 0 0 0 0 0 0 0 0 0 0 0 0 0 0 0 0 0 0 0 0 0 0 0 0 0 0 0 0 0 0 0 0 0 0 0 0 0 0 0 0 0 0 0 0 0 0 0 0 0 0 0 0 0 0 0 0 0 0 0 0 0 0 0 0 0 0 0 0 0 0 0 0 0 0 0 0 0 0 0 0 0 0 0 0 0 0 0 0 0 0 0 0 0 0 0 0 0 
0 0.00374103 0.00335463 0.0034381 0.00385599 0.00772817 0.0323045 0.01198 0.0119477 0.0110688 0.0166137 0.00945617 0.0116517 0.0199226 0.0156431 0.00962021 0.0104272 0.00969107 0.01937 0.00926458 0.00846021 0.00856117 0.00918869 0.00983372 0.00957208 0.00856472 0.00901968 0.00910252 0.00861779 0.00818212 0.0106767 0.00989309 0.00863371 0.00869378 0.00870791 0.00894433 0.00853748 0.00849928 0.00897047 0.0113641 0.00857394 0.00812758 0.00930295 
0.00374103 0 0.00329879 0.00329771 0.00370665 0.00341469 0.0142665 0.0300974 0.013935 0.0284459 0.00983554 0.0129909 0.0132861 0.00981635 0.0102913 0.0141388 0.00894949 0.0149833 0.00946098 0.0086508 0.00908269 0.0100029 0.00885594 0.0193973 0.00953468 0.00993465 0.00950708 0.00874814 0.00830124 0.00869269 0.00824265 0.00866717 0.00963094 0.00980421 0.0114069 0.00917892 0.00979561 0.00868605 0.00885269 0.00873881 0.00810076 0.00835989 0.00849401 
0.00335463 0.00329879 0 0.00324606 0.00330893 0.00320225 0.0162612 0.0173487 0.0802296 0.0149072 0.0464825 0.0135242 0.0130262 0.00890646 0.0115592 0.00937713 0.0313326 0.00907656 0.00989686 0.00974398 0.0101837 0.0109399 0.0303873 0.0131244 0.0287895 0.0143535 0.010104 0.00924241 0.00903256 0.00824735 0.00863628 0.00889632 0.0115459 0.0157233 0.0197658 0.0196426 0.0141629 0.0150981 0.00877187 0.00846615 0.00856398 0.00805513 0.00860447 
0.0034381 0.00329771 0.00324606 0 0.00322478 0.00320608 0.0170951 0.0558015 0.0267098 0.118994 0.0187287 0.0416039 0.0108189 0.0106989 0.00971164 0.0297907 0.0098153 0.0173159 0.00863307 0.0089089 0.0111461 0.0301031 0.0156095 0.0554306 0.0267105 0.0222569 0.0128122 0.00982913 0.0091583 0.00902038 0.00824867 0.00923931 0.0112582 0.0278638 0.0340202 0.0192909 0.029054 0.0131702 0.00955566 0.0084641 0.00827426 0.00836041 0.00893833 
0.00385599 0.00370665 0.00330893 0.00322478 0 0.00325501 0.0181242 0.0241286 0.0540747 0.0214628 0.0550195 0.0147929 0.0490368 0.0117945 0.0155985 0.0106664 0.015731 0.00950998 0.00958789 0.00947695 0.0133068 0.010197 0.0192389 0.0120442 0.0187249 0.0128818 0.0153341 0.00934443 0.00902928 0.00906794 0.00902045 0.00927449 0.0115729 0.0119333 0.0153914 0.0155396 0.0105608 0.0127868 0.00920671 0.00853659 0.00857937 0.00836658 0.0093963 
0.00772817 0.00341469 0.00320225 0.00320608 0.00325501 0 0.0203936 0.0170316 0.0169137 0.0178635 0.0143281 0.0147676 0.0123798 0.0466864 0.0165669 0.0113124 0.00902995 0.00913525 0.00924628 0.0133884 0.0090882 0.00924 0.00944133 0.00999835 0.00956806 0.00929348 0.00888507 0.00917942 0.00970639 0.00829034 0.00873689 0.0120561 0.00934129 0.00905186 0.00955899 0.00953463 0.00937557 0.00909389 0.00863972 0.00869833 0.00891259 0.00823024 0.00819813 
0.0323045 0.0142665 0.0162612 0.0170951 0.0181242 0.0203936 0 0.00423343 0.00325571 0.00328239 0.00339299 0.00336216 0.00357121 0.00948715 0.0468172 0.0143247 0.0108666 0.0123319 0.0366244 0.0154909 0.0148851 0.0126475 0.0151536 0.0175087 0.0168172 0.0130503 0.0293552 0.0180502 0.0101967 0.00944195 0.0185308 0.0136675 0.015308 0.0163876 0.0157131 0.018075 0.0121548 0.0130245 0.0135856 0.023606 0.00926384 0.00864821 0.017628 
0.01198 0.0300974 0.0173487 0.0558015 0.0241286 0.0170316 0.00423343 0 0.00335874 0.00324706 0.00352252 0.00327759 0.00381844 0.00377654 0.0188416 0.0295923 0.0130775 0.0325364 0.0110839 0.0132159 0.0229956 0.0315708 0.0217631 0.0523899 0.0344354 0.0384606 0.0273472 0.0121649 0.0103355 0.0125484 0.00930246 0.0120146 0.026015 0.0351389 0.0509011 0.0302794 0.0323466 0.0190262 0.0191944 0.0102346 0.00906332 0.0107668 0.00984514 
0.0119477 0.013935 0.0802296 0.0267098 0.0540747 0.0169137 0.00325571 0.00335874 0 0.00326945 0.00324151 0.00325113 0.00326413 0.00333036 0.017498 0.0155535 0.0486924 0.0117479 0.021542 0.0133663 0.022502 0.0359343 0.117844 0.0476111 0.138698 0.0726481 0.0289872 0.0164219 0.0123866 0.00953384 0.0104587 0.0115383 0.0317465 0.0941587 0.0855419 0.129311 0.0530426 0.107882 0.0126131 0.010086 0.0103643 0.00874703 0.0139195 
0.0110688 0.0284459 0.0149072 0.118994 0.0214628 0.0178635 0.00328239 0.00324706 0.00326945 0 0.0032415 0.00322682 0.00324119 0.00328307 0.0134206 0.0542097 0.0112046 0.0409001 0.0170966 0.0115774 0.0240769 0.0821777 0.0269243 0.177209 0.0795394 0.0679989 0.0322768 0.0190204 0.0115206 0.0123661 0.00953612 0.0124045 0.0260066 0.0956463 0.133825 0.0581303 0.148062 0.0315316 0.0220747 0.0100404 0.00923399 0.0102662 0.0108421 
0.0166137 0.00983554 0.0464825 0.0187287 0.0550195 0.0143281 0.00339299 0.00352252 0.00324151 0.0032415 0 0.00320966 0.00321715 0.00324392 0.0224064 0.013806 0.0534735 0.0128436 0.0220554 0.0128379 0.0200039 0.024788 0.111556 0.039206 0.10343 0.0512618 0.0305039 0.0147391 0.0112715 0.0091926 0.011777 0.0107404 0.0248783 0.0657286 0.0697812 0.146711 0.0337762 0.06573 0.0130211 0.010456 0.00971487 0.00849806 0.0140426 
0.00945617 0.0129909 0.0135242 0.0416039 0.0147929 0.0147676 0.00336216 0.00327759 0.00325113 0.00322682 0.00320966 0 0.00320517 0.00322699 0.013936 0.0267524 0.0196228 0.0387409 0.0100537 0.0107201 0.0141297 0.0438833 0.025377 0.0663328 0.0368137 0.0456989 0.020852 0.0166462 0.0100538 0.0105891 0.0093116 0.0105939 0.0173956 0.0477735 0.106736 0.0329491 0.0457294 0.0257939 0.0137401 0.00947215 0.00893689 0.00934623 0.0105532 
0.0116517 0.0132861 0.0130262 0.0108189 0.0490368 0.0123798 0.00357121 0.00381844 0.00326413 0.00324119 0.00321715 0.00320517 0 0.00330891 0.022051 0.0206852 0.0360899 0.0215745 0.0101004 0.012165 0.0204776 0.0178015 0.0256087 0.0164445 0.0296143 0.022722 0.0372507 0.011424 0.00987625 0.011784 0.0116444 0.0108745 0.0222913 0.049311 0.0260942 0.0282971 0.0180022 0.0226533 0.014133 0.0102565 0.010751 0.010484 0.0102911 
0.0199226 0.00981635 0.00890646 0.0106989 0.0117945 0.0466864 0.00948715 0.00377654 0.00333036 0.00328307 0.00324392 0.00322699 0.00330891 0 0.0240886 0.03296 0.0105525 0.0253603 0.0263073 0.0192515 0.0133288 0.0133981 0.0106758 0.0153681 0.0142607 0.0134771 0.0149451 0.0146468 0.0116568 0.00945048 0.0113334 0.0171828 0.0242691 0.0131681 0.0170122 0.0138723 0.0131578 0.0118752 0.0137267 0.0128568 0.0109795 0.00888009 0.0113548 
0.0156431 0.0102913 0.0115592 0.00971164 0.0155985 0.0165669 0.0468172 0.0188416 0.017498 0.0134206 0.0224064 0.013936 0.022051 0.0240886 0 0.00330456 0.00333367 0.00330185 0.00442484 0.0392585 0.0161766 0.0195785 0.0169435 0.0129106 0.0194407 0.0117287 0.0144644 0.0187034 0.0114364 0.00928269 0.028019 0.0185502 0.014099 0.0132815 0.0155747 0.0174335 0.0114372 0.0124979 0.0118411 0.0235537 0.0106666 0.00882119 0.0253849 
0.00962021 0.0141388 0.00937713 0.0297907 0.0106664 0.0113124 0.0143247 0.0295923 0.0155535 0.0542097 0.013806 0.0267524 0.0206852 0.03296 0.00330456 0 0.00327583 0.00338614 0.00330981 0.0169 0.0303961 0.0267498 0.0123099 0.0652458 0.0169625 0.0157732 0.0222926 0.011487 0.00919845 0.0247736 0.00879803 0.0120903 0.0175386 0.0252469 0.0337177 0.0182383 0.0317597 0.0125923 0.0225362 0.0102487 0.00866808 0.0142805 0.00925298 
0.0104272 0.00894949 0.0313326 0.0098153 0.015731 0.00902995 0.0108666 0.0130775 0.0486924 0.0112046 0.0534735 0.0196228 0.0360899 0.0105525 0.00333367 0.00327583 0 0.00319751 0.00327879 0.0181183 0.014213 0.0227731 0.0747721 0.0125728 0.0385053 0.0255934 0.0133305 0.0117546 0.0119605 0.00882633 0.0131907 0.00997541 0.0178977 0.0288796 0.0284431 0.0372817 0.0146829 0.0533184 0.0100944 0.00995354 0.01174 0.00856079 0.0226097 
0.00969107 0.0149833 0.00907656 0.0173159 0.00950998 0.00913525 0.0123319 0.0325364 0.0117479 0.0409001 0.0128436 0.0387409 0.0215745 0.0253603 0.00330185 0.00338614 0.00319751 0 0.00322235 0.0102233 0.0259573 0.037779 0.0096503 0.0329072 0.0145058 0.0178465 0.0168426 0.0116063 0.00887964 0.0208069 0.00903077 0.0111305 0.0112162 0.0147472 0.0188003 0.0115608 0.0392995 0.0110368 0.015062 0.00881358 0.008525 0.0185498 0.00880025 
0.01937 0.00946098 0.00989686 0.00863307 0.00958789 0.00924628 0.0366244 0.0110839 0.021542 0.0170966 0.0220554 0.0100537 0.0101004 0.0263073 0.00442484 0.00330981 0.00327879 0.00322235 0 0.032537 0.0171004 0.013774 0.0239201 0.0116417 0.0133665 0.0137767 0.0136061 0.0107276 0.0134419 0.00875739 0.0132791 0.0148483 0.0117756 0.0101968 0.00988011 0.0145395 0.00959514 0.0113272 0.00890641 0.0103371 0.0362909 0.00836625 0.0101786 
0.00926458 0.0086508 0.00974398 0.0089089 0.00947695 0.0133884 0.0154909 0.0132159 0.0133663 0.0115774 0.0128379 0.0107201 0.012165 0.0192515 0.0392585 0.0169 0.0181183 0.0102233 0.032537 0 0.00340333 0.00320453 0.00318415 0.00326172 0.00331493 0.00333359 0.00334702 0.00783665 0.00511831 0.00625413 0.013317 0.00894198 0.0118349 0.00964493 0.0117108 0.0116633 0.0108829 0.0117479 0.0113368 0.0331207 0.0118914 0.00920921 0.0333566 
0.00846021 0.00908269 0.0101837 0.0111461 0.0133068 0.0090882 0.0148851 0.0229956 0.022502 0.0240769 0.0200039 0.0141297 0.0204776 0.0133288 0.0161766 0.0303961 0.014213 0.0259573 0.0171004 0.00340333 0 0.00320508 0.00320758 0.00323806 0.00327042 0.00335529 0.00354432 0.00372902 0.00452017 0.00899707 0.0073142 0.00933967 0.0138683 0.0167843 0.0206505 0.0187939 0.0160702 0.0252089 0.023325 0.0166282 0.010832 0.0166854 0.0131109 
0.00856117 0.0100029 0.0109399 0.0301031 0.010197 0.00924 0.0126475 0.0315708 0.0359343 0.0821777 0.024788 0.0438833 0.0178015 0.0133981 0.0195785 0.0267498 0.0227731 0.037779 0.013774 0.00320453 0.00320508 0 0.00319057 0.00320517 0.0032603 0.00327627 0.00334384 0.00332813 0.00590072 0.00612204 0.00689124 0.00884167 0.012057 0.0267898 0.0416737 0.0209945 0.0423517 0.0290479 0.0719839 0.01077 0.0109317 0.0118043 0.0127812 
0.00918869 0.00885594 0.0303873 0.0156095 0.0192389 0.00944133 0.0151536 0.0217631 0.117844 0.0269243 0.111556 0.025377 0.0256087 0.0106758 0.0169435 0.0123099 0.0747721 0.0096503 0.0239201 0.00318415 0.00320758 0.00319057 0 0.00321206 0.00323424 0.00324693 0.00326247 0.00347747 0.00413584 0.0043315 0.00982684 0.00831333 0.0133378 0.0318971 0.0218103 0.0433756 0.0256552 0.150034 0.013148 0.0274923 0.0156148 0.00915038 0.0235955 
0.00983372 0.0193973 0.0131244 0.0554306 0.0120442 0.00999835 0.0175087 0.0523899 0.0476111 0.177209 0.039206 0.0663328 0.0164445 0.0153681 0.0129106 0.0652458 0.0125728 0.0329072 0.0116417 0.00326172 0.00323806 0.00320517 0.00321206 0 0.00321428 0.00321945 0.00323114 0.00325066 0.00609365 0.00505034 0.00482464 0.00903731 0.0175953 0.023734 0.0394853 0.0300994 0.123208 0.0240916 0.0843638 0.0111189 0.0109191 0.0178649 0.0142847 
0.00957208 0.00953468 0.0287895 0.0267105 0.0187249 0.00956806 0.0168172 0.0344354 0.138698 0.0795394 0.10343 0.0368137 0.0296143 0.0142607 0.0194407 0.0169625 0.0385053 0.0145058 0.0133665 0.00331493 0.00327042 0.0032603 0.00323424 0.00321428 0 0.00321574 0.00323907 0.003235 0.00333745 0.00376199 0.00991037 0.0124055 0.0119985 0.0292009 0.0449245 0.130146 0.0324462 0.152446 0.0308136 0.0119718 0.015484 0.0118718 0.0255408 
0.00856472 0.00993465 0.0143535 0.0222569 0.0128818 0.00929348 0.0130503 0.0384606 0.0726481 0.0679989 0.0512618 0.0456989 0.022722 0.0134771 0.0117287 0.0157732 0.0255934 0.0178465 0.0137767 0.00333359 0.00335529 0.00327627 0.00324693 0.00321945 0.00321574 0 0.00321903 0.00321949 0.00332092 0.00404356 0.033974 0.00813296 0.0186759 0.0214467 0.127596 0.0232002 0.103648 0.0369988 0.0213378 0.00963809 0.0113408 0.0113271 0.0237836 
0.00901968 0.00950708 0.010104 0.0128122 0.0153341 0.00888507 0.0293552 0.0273472 0.0289872 0.0322768 0.0305039 0.020852 0.0372507 0.0149451 0.0144644 0.0222926 0.0133305 0.0168426 0.0136061 0.00334702 0.00354432 0.00334384 0.00326247 0.00323114 0.00323907 0.00321903 0 0.00325602 0.0032658 0.0166706 0.00377305 0.00906719 0.021082 0.0962386 0.0181698 0.0610796 0.023409 0.0160175 0.0145598 0.0102326 0.0115442 0.0216505 0.0148115 
0.00910252 0.00874814 0.00924241 0.00982913 0.00934443 0.00917942 0.0180502 0.0121649 0.0164219 0.0190204 0.0147391 0.0166462 0.011424 0.0146468 0.0187034 0.011487 0.0117546 0.0116063 0.0107276 0.00783665 0.00372902 0.00332813 0.00347747 0.00325066 0.003235 0.00321949 0.00325602 0 0.0185649 0.00322672 0.01166 0.0145946 0.0294515 0.0126474 0.031576 0.028025 0.0112988 0.0105517 0.0101171 0.00911233 0.0160315 0.0092486 0.0134568 
0.00861779 0.00830124 0.00903256 0.0091583 0.00902928 0.00970639 0.0101967 0.0103355 0.0123866 0.0115206 0.0112715 0.0100538 0.00987625 0.0116568 0.0114364 0.00919845 0.0119605 0.00887964 0.0134419 0.00511831 0.00452017 0.00590072 0.00413584 0.00609365 0.00333745 0.00332092 0.0032658 0.0185649 0 0.00318947 0.00340237 0.00431708 0.00701126 0.0803274 0.0175894 0.00939622 0.00814403 0.00826547 0.00789095 0.0141157 0.0105842 0.00865723 0.029934 
0.00818212 0.00869269 0.00824735 0.00902038 0.00906794 0.00829034 0.00944195 0.0125484 0.00953384 0.0123661 0.0091926 0.0105891 0.011784 0.00945048 0.00928269 0.0247736 0.00882633 0.0208069 0.00875739 0.00625413 0.00899707 0.00612204 0.0043315 0.00505034 0.00376199 0.00404356 0.0166706 0.00322672 0.00318947 0 0.00325925 0.00454118 0.0498086 0.00819312 0.00974037 0.00704593 0.00727012 0.00715855 0.0144446 0.00744479 0.00897536 0.0504925 0.00918897 
0.0106767 0.00824265 0.00863628 0.00824867 0.00902045 0.00873689 0.0185308 0.00930246 0.0104587 0.00953612 0.011777 0.0093116 0.0116444 0.0113334 0.028019 0.00879803 0.0131907 0.00903077 0.0132791 0.013317 0.0073142 0.00689124 0.00982684 0.00482464 0.00991037 0.033974 0.00377305 0.01166 0.00340237 0.00325925 0 0.0439925 0.0170065 0.00811204 0.00529517 0.0059357 0.00622677 0.00789075 0.00782428 0.00746249 0.0450039 0.00867175 0.0183255 
0.00989309 0.00866717 0.00889632 0.00923931 0.00927449 0.0120561 0.0136675 0.0120146 0.0115383 0.0124045 0.0107404 0.0105939 0.0108745 0.0171828 0.0185502 0.0120903 0.00997541 0.0111305 0.0148483 0.00894198 0.00933967 0.00884167 0.00831333 0.00903731 0.0124055 0.00813296 0.00906719 0.0145946 0.00431708 0.00454118 0.0439925 0 0.00343472 0.00321433 0.00324508 0.00330931 0.00339612 0.0033694 0.00407619 0.00772293 0.0213225 0.0121942 0.0455163 
0.00863371 0.00963094 0.0115459 0.0112582 0.0115729 0.00934129 0.015308 0.026015 0.0317465 0.0260066 0.0248783 0.0173956 0.0222913 0.0242691 0.014099 0.0175386 0.0178977 0.0112162 0.0117756 0.0118349 0.0138683 0.012057 0.0133378 0.0175953 0.0119985 0.0186759 0.021082 0.0294515 0.00701126 0.0498086 0.0170065 0.00343472 0 0.00326475 0.00323872 0.00332577 0.00336238 0.00364029 0.00647818 0.00383676 0.0514905 0.0198789 0.0186133 
0.00869378 0.00980421 0.0157233 0.0278638 0.0119333 0.00905186 0.0163876 0.0351389 0.0941587 0.0956463 0.0657286 0.0477735 0.049311 0.0131681 0.0132815 0.0252469 0.0288796 0.0147472 0.0101968 0.00964493 0.0167843 0.0267898 0.0318971 0.023734 0.0292009 0.0214467 0.0962386 0.0126474 0.0803274 0.00819312 0.00811204 0.00321433 0.00326475 0 0.00327191 0.00333558 0.00324141 0.00338079 0.00340006 0.00355887 0.0206115 0.0177756 0.020938 
0.00870791 0.0114069 0.0197658 0.0340202 0.0153914 0.00955899 0.0157131 0.0509011 0.0855419 0.133825 0.0697812 0.106736 0.0260942 0.0170122 0.0155747 0.0337177 0.0284431 0.0188003 0.00988011 0.0117108 0.0206505 0.0416737 0.0218103 0.0394853 0.0449245 0.127596 0.0181698 0.031576 0.0175894 0.00974037 0.00529517 0.00324508 0.00323872 0.00327191 0 0.00324918 0.00325081 0.00333363 0.00329416 0.00331934 0.0210414 0.0197931 0.0277705 
0.00894433 0.00917892 0.0196426 0.0192909 0.0155396 0.00953463 0.018075 0.0302794 0.129311 0.0581303 0.146711 0.0329491 0.0282971 0.0138723 0.0174335 0.0182383 0.0372817 0.0115608 0.0145395 0.0116633 0.0187939 0.0209945 0.0433756 0.0300994 0.130146 0.0232002 0.0610796 0.028025 0.00939622 0.00704593 0.0059357 0.00330931 0.00332577 0.00333558 0.00324918 0 0.00323608 0.00333 0.00330041 0.00331539 0.0324032 0.0144495 0.0413094 
0.00853748 0.00979561 0.0141629 0.029054 0.0105608 0.00937557 0.0121548 0.0323466 0.0530426 0.148062 0.0337762 0.0457294 0.0180022 0.0131578 0.0114372 0.0317597 0.0146829 0.0392995 0.00959514 0.0108829 0.0160702 0.0423517 0.0256552 0.123208 0.0324462 0.103648 0.023409 0.0112988 0.00814403 0.00727012 0.00622677 0.00339612 0.00336238 0.00324141 0.00325081 0.00323608 0 0.0032224 0.00328291 0.00322606 0.0186805 0.0292076 0.0312801 
0.00849928 0.00868605 0.0150981 0.0131702 0.0127868 0.00909389 0.0130245 0.0190262 0.107882 0.0315316 0.06573 0.0257939 0.0226533 0.0118752 0.0124979 0.0125923 0.0533184 0.0110368 0.0113272 0.0117479 0.0252089 0.0290479 0.150034 0.0240916 0.152446 0.0369988 0.0160175 0.0105517 0.00826547 0.00715855 0.00789075 0.0033694 0.00364029 0.00338079 0.00333363 0.00333 0.0032224 0 0.00324154 0.00322362 0.0314021 0.0211688 0.0601649 
0.00897047 0.00885269 0.00877187 0.00955566 0.00920671 0.00863972 0.0135856 0.0191944 0.0126131 0.0220747 0.0130211 0.0137401 0.014133 0.0137267 0.0118411 0.0225362 0.0100944 0.015062 0.00890641 0.0113368 0.023325 0.0719839 0.013148 0.0843638 0.0308136 0.0213378 0.0145598 0.0101171 0.00789095 0.0144446 0.00782428 0.00407619 0.00647818 0.00340006 0.00329416 0.00330041 0.00328291 0.00324154 0 0.00322941 0.0186965 0.106987 0.0380836 
0.0113641 0.00873881 0.00846615 0.0084641 0.00853659 0.00869833 0.023606 0.0102346 0.010086 0.0100404 0.010456 0.00947215 0.0102565 0.0128568 0.0235537 0.0102487 0.00995354 0.00881358 0.0103371 0.0331207 0.0166282 0.01077 0.0274923 0.0111189 0.0119718 0.00963809 0.0102326 0.00911233 0.0141157 0.00744479 0.00746249 0.00772293 0.00383676 0.00355887 0.00331934 0.00331539 0.00322606 0.00322362 0.00322941 0 0.0196878 0.0109055 0.175088 
0.00857394 0.00810076 0.00856398 0.00827426 0.00857937 0.00891259 0.00926384 0.00906332 0.0103643 0.00923399 0.00971487 0.00893689 0.010751 0.0109795 0.0106666 0.00866808 0.01174 0.008525 0.0362909 0.0118914 0.010832 0.0109317 0.0156148 0.0109191 0.015484 0.0113408 0.0115442 0.0160315 0.0105842 0.00897536 0.0450039 0.0213225 0.0514905 0.0206115 0.0210414 0.0324032 0.0186805 0.0314021 0.0186965 0.0196878 0 0.00326505 0.00542736 
0.00812758 0.00835989 0.00805513 0.00836041 0.00836658 0.00823024 0.00864821 0.0107668 0.00874703 0.0102662 0.00849806 0.00934623 0.010484 0.00888009 0.00882119 0.0142805 0.00856079 0.0185498 0.00836625 0.00920921 0.0166854 0.0118043 0.00915038 0.0178649 0.0118718 0.0113271 0.0216505 0.0092486 0.00865723 0.0504925 0.00867175 0.0121942 0.0198789 0.0177756 0.0197931 0.0144495 0.0292076 0.0211688 0.106987 0.0109055 0.00326505 0 0.0031998 
0.00930295 0.00849401 0.00860447 0.00893833 0.0093963 0.00819813 0.017628 0.00984514 0.0139195 0.0108421 0.0140426 0.0105532 0.0102911 0.0113548 0.0253849 0.00925298 0.0226097 0.00880025 0.0101786 0.0333566 0.0131109 0.0127812 0.0235955 0.0142847 0.0255408 0.0237836 0.0148115 0.0134568 0.029934 0.00918897 0.0183255 0.0455163 0.0186133 0.020938 0.0277705 0.0413094 0.0312801 0.0601649 0.0380836 0.175088 0.00542736 0.0031998 0 
