1NYKA
TPEKEPLKPGDILVYAQGGGEPKPIRLEELKPGDPFVLAYPMDPKTKVVKSGEAKNTLLVARFDPEELAPEVAQHAAEGVVAYSAVCTHLGCIVSQWVADEEAALCPCHGGVYDLRHGAQVIAGPPPRPVPQLPVRVEDGVLVAAGEFLGPVGVQA
CHHHCCCCCCCEEEECCCCCCCCECEHHHCCCCCCCEEEEEECCCCCCECCCCHHHCEEEEECCHHHCCHHHHCCCECCEEEEECECCCCCCECCEEEHHHCEEECCCCCCEEEHHHCCEEEECCCCCCCCEECEEEECCEEEECCCCCCCCCCCC
0 0 0 0 0 0 0 0 0 0 0 0 0 0 0 0 0 0 0 0 0 0 0 0 0 0 0 0 0 0 0 0 0 0 0 0 0 0 0 0 0 0 0 0 0 0 0 0 0 0 0 0 0 0 0 0 0 0 0 0 0 0 0 0 0 0 0 0 0 0 0 0 0 0 0 0 0 0 0 0 0 0 0 0 0 0 0 0 0 0 0 0 0 0 0 0 0 0 0 0 0 0 0 0 0 0 0 0 0 0 0 0 0 0 0 0 0 0 0 0 0 0 0 0 0 0 0 0 0 0 0 0 0 0 0 0 0 0 0 0 0 0 0 0 0 0 0 0 0 0 0 0 0 0 0 0 
0 0 0 0 0 0 0 0 0 0 0 0 0 0 0 0 0 0 0 0 0 0 0 0 0 0 0 0 0 0 0 0 0 0 0 0 0 0 0 0 0 0 0 0 0 0 0 0 0 0 0 0 0 0 0 0 0 0 0 0 0 0 0 0 0 0 0 0 0 0 0 0 0 0 0 0 0 0 0 0 0 0 0 0 0 0 0 0 0 0 0 0 0 0 0 0 0 0 0 0 0 0 0 0 0 0 0 0 0 0 0 0 0 0 0 0 0 0 0 0 0 0 0 0 0 0 0 0 0 0 0 0 0 0 0 0 0 0 0 0 0 0 0 0 0 0 0 0 0 0 0 0 0 0 0 0 
0 0.00360918 0.00361414 0.00596267 0.032774 0.0279052 0.0532779 0.0186159 0.0183641 0.0161524 0.0164545 0.0423505 0.0291285 0.0243871 0.0193186 0.0189639 0.0179061 0.0344833 0.014541 0.0148054 0.013643 0.0131739 0.0142664 0.0224846 0.0164424 0.0127207 0.00900018 0.00866471 0.012951 0.00989506 0.00910015 0.0139704 0.00985063 0.00937877 0.0121524 0.00970362 0.00852379 0.00948792 0.0118165 0.0093208 0.009211 0.00944997 0.00846883 0.00931752 0.0105638 0.00985174 0.00941467 0.0109622 0.0127781 
0.00360918 0 0.00344415 0.00342567 0.0188373 0.0100768 0.0201998 0.0553404 0.0300972 0.0301981 0.053858 0.0164441 0.0142502 0.0160864 0.0593704 0.0512957 0.0578985 0.0159676 0.00987825 0.0144477 0.037982 0.0393545 0.0264858 0.0147176 0.0104632 0.00900599 0.00899135 0.00882054 0.00901871 0.00913985 0.0116978 0.0106085 0.00906363 0.0098109 0.00937193 0.00871757 0.00889778 0.00927285 0.00899024 0.00877704 0.00889052 0.00916547 0.0085774 0.00892868 0.00870221 0.00916659 0.0100759 0.0113322 0.010366 
0.00361414 0.00344415 0 0.00329757 0.074724 0.0101434 0.0227093 0.0288967 0.0227359 0.0412954 0.046276 0.0177618 0.0139721 0.0161692 0.039974 0.0481416 0.036753 0.015716 0.0107729 0.0147216 0.02629 0.0264448 0.0303701 0.0117065 0.0129586 0.0093814 0.00940473 0.0093133 0.00878788 0.0103132 0.0109091 0.0100982 0.0103918 0.0100151 0.00913519 0.00968294 0.00908065 0.00864181 0.00840278 0.00928712 0.00893856 0.00922324 0.00905895 0.0085313 0.00829768 0.0101998 0.0106035 0.010031 0.00924764 
0.00596267 0.00342567 0.00329757 0 0.0684132 0.0126386 0.0284135 0.0143236 0.0149708 0.0140356 0.0177506 0.0304887 0.0266125 0.028547 0.0167181 0.0137143 0.0150174 0.0172717 0.0188249 0.0240308 0.0130088 0.0125689 0.0148357 0.0151354 0.0177043 0.0120707 0.0127044 0.00862955 0.0089118 0.0133482 0.0094912 0.0108601 0.0131575 0.00909835 0.00930599 0.0111845 0.00898984 0.00839643 0.00920998 0.0105046 0.00906752 0.0115947 0.00903825 0.00853463 0.00849817 0.0124309 0.0105927 0.00935797 0.0100871 
0.032774 0.0188373 0.074724 0.0684132 0 0.0157029 0.0180405 0.0125064 0.0106634 0.00939664 0.0129004 0.0182797 0.0578928 0.0186562 0.0127537 0.0102792 0.0113794 0.0206377 0.0213352 0.0184592 0.0110048 0.00963791 0.00987343 0.0120138 0.0246102 0.0214402 0.00968579 0.00903343 0.011948 0.0111343 0.00858451 0.0117443 0.0103172 0.00892248 0.0108165 0.0121922 0.00848001 0.00844001 0.0115564 0.00983469 0.00890736 0.00905008 0.00859156 0.00834057 0.00977616 0.0105493 0.00867299 0.009064 0.0111165 
0.0279052 0.0100768 0.0101434 0.0126386 0.0157029 0 0.0210911 0.0077383 0.00645841 0.00666866 0.00684422 0.0110176 0.0597589 0.0220038 0.0117377 0.00997034 0.0107419 0.0178123 0.0306824 0.0242042 0.0103555 0.00944362 0.0101995 0.0134674 0.0330631 0.0345461 0.0119252 0.00998299 0.0101275 0.0173707 0.00874848 0.0120206 0.0142144 0.0090902 0.0116317 0.0157604 0.00865975 0.00845246 0.0102972 0.0115074 0.0092142 0.00964712 0.00898734 0.0082075 0.00944919 0.0133926 0.00888465 0.0087765 0.00906024 
0.0532779 0.0201998 0.0227093 0.0284135 0.0180405 0.0210911 0 0.00393218 0.00329759 0.0033481 0.00348604 0.0055438 0.0183839 0.0196885 0.0128317 0.0133589 0.0143586 0.0581125 0.014849 0.0166202 0.0118532 0.0109495 0.0124604 0.0155464 0.0165892 0.0134336 0.00924928 0.00876215 0.0140897 0.00984125 0.00891402 0.0165008 0.00924487 0.00941731 0.0122851 0.0100887 0.0084497 0.00913878 0.0129624 0.00921181 0.00913531 0.00898437 0.00861293 0.00923227 0.0110215 0.00949794 0.0090314 0.0108123 0.0124104 
0.0186159 0.0553404 0.0288967 0.0143236 0.0125064 0.0077383 0.00393218 0 0.00323007 0.00327791 0.00327866 0.00332085 0.00804991 0.0118555 0.0285 0.0169218 0.036908 0.0150176 0.00922433 0.0133047 0.0194404 0.0184631 0.0152174 0.0112022 0.00948177 0.0093654 0.00868795 0.00896132 0.00886284 0.00907363 0.0101161 0.00941873 0.00886203 0.00922054 0.00902161 0.00891292 0.00846095 0.00879995 0.00876084 0.00854545 0.00840054 0.00858975 0.00856553 0.00864821 0.00856165 0.00868594 0.00930184 0.010267 0.00931294 
0.0183641 0.0300972 0.0227359 0.0149708 0.0106634 0.00645841 0.00329759 0.00323007 0 0.00322284 0.00322192 0.00325301 0.00706004 0.0172557 0.0231246 0.060289 0.0285627 0.0134408 0.00942507 0.0119155 0.0226292 0.0368291 0.022746 0.0120962 0.0105136 0.00867419 0.00916904 0.00846954 0.00888775 0.00946927 0.00970686 0.0095956 0.00899545 0.00899897 0.00907041 0.00869236 0.00917285 0.00851333 0.00854097 0.00852169 0.00880086 0.00991218 0.00867367 0.00863878 0.00827827 0.00907766 0.0100001 0.0103587 0.00931202 
0.0161524 0.0301981 0.0412954 0.0140356 0.00939664 0.00666866 0.0033481 0.00327791 0.00322284 0 0.00320545 0.00321582 0.00703953 0.0111308 0.0564766 0.0810161 0.0269678 0.0125998 0.00889777 0.0117238 0.0286961 0.0666467 0.0182887 0.0149865 0.00978073 0.008804 0.00894135 0.00875878 0.00879948 0.00934319 0.00987492 0.0104624 0.00906608 0.00914393 0.00942237 0.00873199 0.0089361 0.00886911 0.00859103 0.00852211 0.00913209 0.00946924 0.00895534 0.0086549 0.00821112 0.00903575 0.0108618 0.0112042 0.00952904 
0.0164545 0.053858 0.046276 0.0177506 0.0129004 0.00684422 0.00348604 0.00327866 0.00322192 0.00320545 0 0.00322022 0.0121143 0.0244091 0.0565605 0.0370968 0.0597502 0.0182052 0.0104346 0.0137843 0.0363822 0.0230922 0.0553567 0.0140301 0.0140712 0.00919281 0.00932026 0.0107042 0.00909883 0.0103304 0.017798 0.0106244 0.0101383 0.0124658 0.0102785 0.00906113 0.00921384 0.00917035 0.00857211 0.0094822 0.00943223 0.00918487 0.00904683 0.00869924 0.00824604 0.00995236 0.0108742 0.0128976 0.00941441 
0.0423505 0.0164441 0.0177618 0.0304887 0.0182797 0.0110176 0.0055438 0.00332085 0.00325301 0.00321582 0.00322022 0 0.514156 0.0454864 0.0182912 0.0163577 0.0243512 0.0423285 0.0173072 0.0292318 0.0140101 0.0139059 0.0166354 0.0202815 0.0288014 0.0131057 0.0147966 0.00912888 0.00988264 0.0184384 0.00989519 0.0125033 0.01651 0.00944791 0.0113737 0.0125329 0.00902959 0.00850608 0.0100914 0.0128635 0.0101886 0.0127108 0.00873651 0.0085257 0.00858369 0.0148003 0.0102536 0.01002 0.0112839 
0.0291285 0.0142502 0.0139721 0.0266125 0.0578928 0.0597589 0.0183839 0.00804991 0.00706004 0.00703953 0.0121143 0.514156 0 0.0305151 0.0163062 0.00920328 0.0119895 0.0204156 0.119269 0.0243632 0.0129015 0.00983012 0.0124975 0.0139219 0.0780395 0.0526765 0.0137055 0.0106098 0.014596 0.0149437 0.0106797 0.0138133 0.0142652 0.0116321 0.0127746 0.0147881 0.010099 0.00979569 0.0131723 0.0157945 0.0108759 0.0116907 0.00938891 0.00904604 0.011424 0.0129924 0.00946359 0.00973156 0.0137626 
0.0243871 0.0160864 0.0161692 0.028547 0.0186562 0.0220038 0.0196885 0.0118555 0.0172557 0.0111308 0.0244091 0.0454864 0.0305151 0 0.00329102 0.00327222 0.00332399 0.00530392 0.0268925 0.0380547 0.0170477 0.0158866 0.0157489 0.177277 0.0172846 0.0236586 0.0114688 0.0103222 0.0334734 0.0129079 0.0107784 0.0247874 0.0108908 0.0111746 0.0220214 0.0110878 0.00909759 0.0097641 0.016461 0.0103635 0.0124738 0.0101846 0.00906589 0.0100218 0.0125681 0.0108593 0.00999472 0.0123285 0.018301 
0.0193186 0.0593704 0.039974 0.0167181 0.0127537 0.0117377 0.0128317 0.0285 0.0231246 0.0564766 0.0565605 0.0182912 0.0163062 0.00329102 0 0.00325814 0.00330228 0.00339136 0.0175403 0.0304105 0.126552 0.024441 0.270204 0.0127445 0.0131996 0.010796 0.0104317 0.0112255 0.0103328 0.0115259 0.0253105 0.0120687 0.0106788 0.0162794 0.0106775 0.00983426 0.0100556 0.0108678 0.0101846 0.0103228 0.0106072 0.0101046 0.010132 0.0100234 0.00965405 0.0105687 0.0153172 0.0196465 0.011577 
0.0189639 0.0512957 0.0481416 0.0137143 0.0102792 0.00997034 0.0133589 0.0169218 0.060289 0.0810161 0.0370968 0.0163577 0.00920328 0.00327222 0.00325814 0 0.00321712 0.00324153 0.0106163 0.0258122 0.0391955 0.504389 0.0231203 0.0250149 0.0112043 0.00968764 0.011117 0.00926209 0.0100036 0.011905 0.0116495 0.0144182 0.0108555 0.0106953 0.011952 0.00994652 0.0122813 0.0105875 0.00951555 0.00972631 0.0108111 0.0113346 0.011697 0.00935953 0.00876169 0.0101785 0.0200301 0.0190024 0.0111477 
0.0179061 0.0578985 0.036753 0.0150174 0.0113794 0.0107419 0.0143586 0.036908 0.0285627 0.0269678 0.0597502 0.0243512 0.0119895 0.00332399 0.00330228 0.00321712 0 0.0032738 0.0161314 0.0164052 0.386588 0.0349957 0.163769 0.0210373 0.0172978 0.010344 0.0107351 0.014155 0.00978949 0.0116091 0.03859 0.0123102 0.0119909 0.0236178 0.011711 0.0103588 0.0114043 0.0101674 0.00936863 0.0109061 0.0109766 0.0104216 0.0103776 0.00991248 0.00855502 0.0115814 0.016022 0.0195957 0.0110003 
0.0344833 0.0159676 0.015716 0.0172717 0.0206377 0.0178123 0.0581125 0.0150176 0.0134408 0.0125998 0.0182052 0.0423285 0.0204156 0.00530392 0.00339136 0.00324153 0.0032738 0 0.02537 0.221605 0.0205923 0.0349612 0.039947 0.067458 0.0418527 0.0187696 0.0186624 0.00960873 0.0122812 0.0262098 0.0107192 0.0264389 0.0245749 0.0103428 0.0186254 0.0178153 0.00963791 0.00897442 0.0113822 0.0152494 0.0118067 0.0153774 0.00965451 0.00875717 0.0091843 0.0195216 0.0117913 0.0123169 0.0130857 
0.014541 0.00987825 0.0107729 0.0188249 0.0213352 0.0306824 0.014849 0.00922433 0.00942507 0.00889777 0.0104346 0.0173072 0.119269 0.0268925 0.0175403 0.0106163 0.0161314 0.02537 0 0.283518 0.00512884 0.00375008 0.00493597 0.00542292 0.0186808 0.0405479 0.0119471 0.00941042 0.015332 0.0132043 0.0119377 0.0142809 0.0138892 0.0119133 0.0155547 0.0118556 0.00912563 0.00877903 0.013283 0.0167774 0.0113936 0.0120262 0.00851979 0.0089929 0.0116199 0.0134317 0.00982434 0.0104605 0.0159249 
0.0148054 0.0144477 0.0147216 0.0240308 0.0184592 0.0242042 0.0166202 0.0133047 0.0119155 0.0117238 0.0137843 0.0292318 0.0243632 0.0380547 0.0304105 0.0258122 0.0164052 0.221605 0.283518 0 0.00331788 0.00324056 0.00336713 0.00351857 0.0046612 0.0176458 0.0119219 0.00906581 0.0372478 0.0184057 0.0111373 0.0347945 0.0153721 0.0133229 0.0233753 0.0201371 0.0100756 0.0108567 0.0202661 0.0132194 0.0153996 0.011372 0.010005 0.0105501 0.0156243 0.0139563 0.0117608 0.0153361 0.0206163 
0.013643 0.037982 0.02629 0.0130088 0.0110048 0.0103555 0.0118532 0.0194404 0.0226292 0.0286961 0.0363822 0.0140101 0.0129015 0.0170477 0.126552 0.0391955 0.386588 0.0205923 0.00512884 0.00331788 0 0.00326156 0.00326297 0.00322738 0.00357222 0.00908164 0.0134809 0.0235599 0.00913869 0.0129281 0.0313522 0.0118473 0.011509 0.0213362 0.0112648 0.0112021 0.0147297 0.0137936 0.0107282 0.0125813 0.0120323 0.0117154 0.0123755 0.0111695 0.00982371 0.0112756 0.025819 0.0261121 0.0126661 
0.0131739 0.0393545 0.0264448 0.0125689 0.00963791 0.00944362 0.0109495 0.0184631 0.0368291 0.0666467 0.0230922 0.0139059 0.00983012 0.0158866 0.024441 0.504389 0.0349957 0.0349612 0.00375008 0.00324056 0.00326156 0 0.00321832 0.00320551 0.00336047 0.0077944 0.0105856 0.00949729 0.0138844 0.0144551 0.0126316 0.0157626 0.0123251 0.0124985 0.0121499 0.0104788 0.0149832 0.0130992 0.0100261 0.0103831 0.0128286 0.012444 0.0152986 0.0101399 0.00907675 0.011336 0.0311574 0.0288252 0.0123132 
0.0142664 0.0264858 0.0303701 0.0148357 0.00987343 0.0101995 0.0124604 0.0152174 0.022746 0.0182887 0.0553567 0.0166354 0.0124975 0.0157489 0.270204 0.0231203 0.163769 0.039947 0.00493597 0.00336713 0.00326297 0.00321832 0 0.00320578 0.00359289 0.0155227 0.0132437 0.0225028 0.010621 0.0117012 0.0437292 0.0148097 0.0129105 0.0275473 0.0131427 0.0111905 0.0121353 0.0121119 0.0126965 0.0136339 0.0142204 0.0116877 0.0111924 0.0112424 0.00930836 0.0130426 0.0205489 0.0363398 0.0144514 
0.0224846 0.0147176 0.0117065 0.0151354 0.0120138 0.0134674 0.0155464 0.0112022 0.0120962 0.0149865 0.0140301 0.0202815 0.0139219 0.177277 0.0127445 0.0250149 0.0210373 0.067458 0.00542292 0.00351857 0.00322738 0.00320551 0.00320578 0 0.00325061 0.00942326 0.0281198 0.0078204 0.00703254 0.019271 0.0101476 0.0292852 0.0181737 0.0111281 0.0169484 0.0144824 0.00965244 0.00968465 0.0123528 0.0141548 0.0132983 0.0188909 0.00974525 0.00898004 0.00988906 0.0154545 0.012606 0.0156103 0.0156109 
0.0164424 0.0104632 0.0129586 0.0177043 0.0246102 0.0330631 0.0165892 0.00948177 0.0105136 0.00978073 0.0140712 0.0288014 0.0780395 0.0172846 0.0131996 0.0112043 0.0172978 0.0418527 0.0186808 0.0046612 0.00357222 0.00336047 0.00359289 0.00325061 0 0.858126 0.00840742 0.00918472 0.0133443 0.0112627 0.0119356 0.0248767 0.015886 0.0168569 0.0270848 0.016936 0.00932231 0.00952805 0.0191363 0.0203697 0.0150977 0.0126052 0.00918514 0.00950419 0.0134035 0.0168541 0.0109451 0.015501 0.0237567 
0.0127207 0.00900599 0.0093814 0.0120707 0.0214402 0.0345461 0.0134336 0.0093654 0.00867419 0.008804 0.00919281 0.0131057 0.0526765 0.0236586 0.010796 0.00968764 0.010344 0.0187696 0.0405479 0.0176458 0.00908164 0.0077944 0.0155227 0.00942326 0.858126 0 0.00496317 0.0043952 0.0034965 0.0092605 0.00852979 0.0269721 0.0233931 0.013756 0.0145664 0.0223187 0.0100125 0.00955247 0.0160346 0.0207541 0.0108216 0.011226 0.0102212 0.00881896 0.0124501 0.016836 0.0104836 0.0111637 0.0123325 
0.00900018 0.00899135 0.00940473 0.0127044 0.00968579 0.0119252 0.00924928 0.00868795 0.00916904 0.00894135 0.00932026 0.0147966 0.0137055 0.0114688 0.0104317 0.011117 0.0107351 0.0186624 0.0119471 0.0119219 0.0134809 0.0105856 0.0132437 0.0281198 0.00840742 0.00496317 0 0.00323315 0.00333642 0.00394313 0.00761864 0.732273 0.00818055 0.00863859 0.010354 0.0108539 0.00954287 0.010218 0.015244 0.0098021 0.0113794 0.00996395 0.00886252 0.00947488 0.0116256 0.0101447 0.00965182 0.0108641 0.016308 
0.00866471 0.00882054 0.0093133 0.00862955 0.00903343 0.00998299 0.00876215 0.00896132 0.00846954 0.00875878 0.0107042 0.00912888 0.0106098 0.0103222 0.0112255 0.00926209 0.014155 0.00960873 0.00941042 0.00906581 0.0235599 0.00949729 0.0225028 0.0078204 0.00918472 0.0043952 0.00323315 0 0.00319527 0.00454475 0.81666 0.00402838 0.00719771 0.0215886 0.00586775 0.0099289 0.0125868 0.0102155 0.00904388 0.011403 0.00923979 0.00891096 0.010141 0.0089001 0.00878839 0.00976567 0.0105794 0.0143979 0.00883142 
0.012951 0.00901871 0.00878788 0.0089118 0.011948 0.0101275 0.0140897 0.00886284 0.00888775 0.00879948 0.00909883 0.00988264 0.014596 0.0334734 0.0103328 0.0100036 0.00978949 0.0122812 0.015332 0.0372478 0.00913869 0.0138844 0.010621 0.00703254 0.0133443 0.0034965 0.00333642 0.00319527 0 0.893575 0.00340152 0.00340226 0.0181795 0.00654446 0.00927395 0.0263257 0.0103576 0.00808336 0.00978919 0.0140105 0.0109399 0.0185416 0.00873006 0.00876821 0.0091994 0.0193866 0.0105375 0.00984882 0.00994869 
0.00989506 0.00913985 0.0103132 0.0133482 0.0111343 0.0173707 0.00984125 0.00907363 0.00946927 0.00934319 0.0103304 0.0184384 0.0149437 0.0129079 0.0115259 0.011905 0.0116091 0.0262098 0.0132043 0.0184057 0.0129281 0.0144551 0.0117012 0.019271 0.0112627 0.0092605 0.00394313 0.00454475 0.893575 0 0.00320175 0.00331859 0.00627374 0.00852462 0.919766 0.0123301 0.00886874 0.010194 0.0329211 0.011568 0.0176766 0.0108897 0.0105864 0.0103338 0.0177563 0.0123372 0.0124945 0.0151014 0.022633 
0.00910015 0.0116978 0.0109091 0.0094912 0.00858451 0.00874848 0.00891402 0.0101161 0.00970686 0.00987492 0.017798 0.00989519 0.0106797 0.0107784 0.0253105 0.0116495 0.03859 0.0107192 0.0119377 0.0111373 0.0313522 0.0126316 0.0437292 0.0101476 0.0119356 0.00852979 0.00761864 0.81666 0.00340152 0.00320175 0 0.00324385 0.00772244 0.963499 0.00534672 0.00819993 0.0146444 0.0165472 0.0113259 0.0150843 0.0135073 0.0103411 0.0107681 0.0141889 0.00878384 0.0101611 0.0213475 0.0238958 0.0121808 
0.0139704 0.0106085 0.0100982 0.0108601 0.0117443 0.0120206 0.0165008 0.00941873 0.0095956 0.0104624 0.0106244 0.0125033 0.0138133 0.0247874 0.0120687 0.0144182 0.0123102 0.0264389 0.0142809 0.0347945 0.0118473 0.0157626 0.0148097 0.0292852 0.0248767 0.0269721 0.732273 0.00402838 0.00340226 0.00331859 0.00324385 0 0.97384 0.00526428 0.00759147 0.0263222 0.0100116 0.0101324 0.0173554 0.0211527 0.0130877 0.016383 0.0114554 0.0090939 0.0114197 0.0362169 0.0138254 0.0152971 0.0132843 
0.00985063 0.00906363 0.0103918 0.0131575 0.0103172 0.0142144 0.00924487 0.00886203 0.00899545 0.00906608 0.0101383 0.01651 0.0142652 0.0108908 0.0106788 0.0108555 0.0119909 0.0245749 0.0138892 0.0153721 0.011509 0.0123251 0.0129105 0.0181737 0.015886 0.0233931 0.00818055 0.00719771 0.0181795 0.00627374 0.00772244 0.97384 0 0.00400284 0.00332367 0.0144367 0.0112568 0.102562 0.365334 0.010784 0.0134961 0.0105494 0.00984675 0.0122542 0.020273 0.0136105 0.0119859 0.0171422 0.026297 
0.00937877 0.0098109 0.0100151 0.00909835 0.00892248 0.0090902 0.00941731 0.00922054 0.00899897 0.00914393 0.0124658 0.00944791 0.0116321 0.0111746 0.0162794 0.0106953 0.0236178 0.0103428 0.0119133 0.0133229 0.0213362 0.0124985 0.0275473 0.0111281 0.0168569 0.013756 0.00863859 0.0215886 0.00654446 0.00852462 0.963499 0.00526428 0.00400284 0 0.00321324 0.00637857 0.605202 0.0171508 0.00653164 0.0162961 0.0112695 0.00960114 0.0105115 0.0127335 0.00887427 0.0119633 0.0193611 0.02246 0.0124367 
0.0121524 0.00937193 0.00913519 0.00930599 0.0108165 0.0116317 0.0122851 0.00902161 0.00907041 0.00942237 0.0102785 0.0113737 0.0127746 0.0220214 0.0106775 0.011952 0.011711 0.0186254 0.0155547 0.0233753 0.0112648 0.0121499 0.0131427 0.0169484 0.0270848 0.0145664 0.010354 0.00586775 0.00927395 0.919766 0.00534672 0.00759147 0.00332367 0.00321324 0 0.659165 0.00451103 0.00411002 0.00475557 0.0104637 0.00945339 0.0115099 0.00895611 0.00799433 0.00882271 0.0188579 0.0107895 0.0140669 0.0138365 
0.00970362 0.00871757 0.00968294 0.0111845 0.0121922 0.0157604 0.0100887 0.00891292 0.00869236 0.00873199 0.00906113 0.0125329 0.0147881 0.0110878 0.00983426 0.00994652 0.0103588 0.0178153 0.0118556 0.0201371 0.0112021 0.0104788 0.0111905 0.0144824 0.016936 0.0223187 0.0108539 0.0099289 0.0263257 0.0123301 0.00819993 0.0263222 0.0144367 0.00637857 0.659165 0 0.00381264 0.00338825 0.00522167 0.010849 0.0109035 0.00948417 0.0129782 0.0103749 0.0252083 0.0143926 0.0116083 0.0150489 0.0207787 
0.00852379 0.00889778 0.00908065 0.00898984 0.00848001 0.00865975 0.0084497 0.00846095 0.00917285 0.0089361 0.00921384 0.00902959 0.010099 0.00909759 0.0100556 0.0122813 0.0114043 0.00963791 0.00912563 0.0100756 0.0147297 0.0149832 0.0121353 0.00965244 0.00932231 0.0100125 0.00954287 0.0125868 0.0103576 0.00886874 0.0146444 0.0100116 0.0112568 0.605202 0.00451103 0.00381264 0 0.00366058 0.00326085 0.00915925 0.00909741 0.0161463 0.0112373 0.0263017 0.00931368 0.0097411 0.0157119 0.0198599 0.0119531 
0.00948792 0.00927285 0.00864181 0.00839643 0.00844001 0.00845246 0.00913878 0.00879995 0.00851333 0.00886911 0.00917035 0.00850608 0.00979569 0.0097641 0.0108678 0.0105875 0.0101674 0.00897442 0.00877903 0.0108567 0.0137936 0.0130992 0.0121119 0.00968465 0.00952805 0.00955247 0.010218 0.0102155 0.00808336 0.010194 0.0165472 0.0101324 0.102562 0.0171508 0.00411002 0.00338825 0.00366058 0 0.00325879 0.00785158 0.019324 0.00883072 0.0161745 0.00986472 0.00793333 0.0102547 0.0152998 0.0148908 0.00884947 
0.0118165 0.00899024 0.00840278 0.00920998 0.0115564 0.0102972 0.0129624 0.00876084 0.00854097 0.00859103 0.00857211 0.0100914 0.0131723 0.016461 0.0101846 0.00951555 0.00936863 0.0113822 0.013283 0.0202661 0.0107282 0.0100261 0.0126965 0.0123528 0.0191363 0.0160346 0.015244 0.00904388 0.00978919 0.0329211 0.0113259 0.0173554 0.365334 0.00653164 0.00475557 0.00522167 0.00326085 0.00325879 0 0.0157843 0.00804317 0.0334132 0.00959555 0.00752574 0.00833133 0.0202574 0.0121034 0.0111026 0.0127973 
0.0093208 0.00877704 0.00928712 0.0105046 0.00983469 0.0115074 0.00921181 0.00854545 0.00852169 0.00852211 0.0094822 0.0128635 0.0157945 0.0103635 0.0103228 0.00972631 0.0109061 0.0152494 0.0167774 0.0132194 0.0125813 0.0103831 0.0136339 0.0141548 0.0203697 0.0207541 0.0098021 0.011403 0.0140105 0.011568 0.0150843 0.0211527 0.010784 0.0162961 0.0104637 0.010849 0.00915925 0.00785158 0.0157843 0 0.00366514 0.00327402 0.00384344 0.00350133 0.00547038 0.00756883 0.00917158 0.00949027 0.024585 
0.009211 0.00889052 0.00893856 0.00906752 0.00890736 0.0092142 0.00913531 0.00840054 0.00880086 0.00913209 0.00943223 0.0101886 0.0108759 0.0124738 0.0106072 0.0108111 0.0109766 0.0118067 0.0113936 0.0153996 0.0120323 0.0128286 0.0142204 0.0132983 0.0150977 0.0108216 0.0113794 0.00923979 0.0109399 0.0176766 0.0135073 0.0130877 0.0134961 0.0112695 0.00945339 0.0109035 0.00909741 0.019324 0.00804317 0.00366514 0 0.00713902 0.00327066 0.00335513 0.00341759 0.00732462 0.00746945 0.0115572 0.0151186 
0.00944997 0.00916547 0.00922324 0.0115947 0.00905008 0.00964712 0.00898437 0.00858975 0.00991218 0.00946924 0.00918487 0.0127108 0.0116907 0.0101846 0.0101046 0.0113346 0.0104216 0.0153774 0.0120262 0.011372 0.0117154 0.012444 0.0116877 0.0188909 0.0126052 0.011226 0.00996395 0.00891096 0.0185416 0.0108897 0.0103411 0.016383 0.0105494 0.00960114 0.0115099 0.00948417 0.0161463 0.00883072 0.0334132 0.00327402 0.00713902 0 0.00323061 0.00339225 0.00349205 0.00393984 0.00892707 0.0194326 0.929611 
0.00846883 0.0085774 0.00905895 0.00903825 0.00859156 0.00898734 0.00861293 0.00856553 0.00867367 0.00895534 0.00904683 0.00873651 0.00938891 0.00906589 0.010132 0.011697 0.0103776 0.00965451 0.00851979 0.010005 0.0123755 0.0152986 0.0111924 0.00974525 0.00918514 0.0102212 0.00886252 0.010141 0.00873006 0.0105864 0.0107681 0.0114554 0.00984675 0.0105115 0.00895611 0.0129782 0.0112373 0.0161745 0.00959555 0.00384344 0.00327066 0.00323061 0 0.00326213 0.00335305 0.00453764 0.0211487 0.968056 0.00887074 
0.00931752 0.00892868 0.0085313 0.00853463 0.00834057 0.0082075 0.00923227 0.00864821 0.00863878 0.0086549 0.00869924 0.0085257 0.00904604 0.0100218 0.0100234 0.00935953 0.00991248 0.00875717 0.0089929 0.0105501 0.0111695 0.0101399 0.0112424 0.00898004 0.00950419 0.00881896 0.00947488 0.0089001 0.00876821 0.0103338 0.0141889 0.0090939 0.0122542 0.0127335 0.00799433 0.0103749 0.0263017 0.00986472 0.00752574 0.00350133 0.00335513 0.00339225 0.00326213 0 0.00336703 0.00626223 0.992575 0.00676302 0.00608548 
0.0105638 0.00870221 0.00829768 0.00849817 0.00977616 0.00944919 0.0110215 0.00856165 0.00827827 0.00821112 0.00824604 0.00858369 0.011424 0.0125681 0.00965405 0.00876169 0.00855502 0.0091843 0.0116199 0.0156243 0.00982371 0.00907675 0.00930836 0.00988906 0.0134035 0.0124501 0.0116256 0.00878839 0.0091994 0.0177563 0.00878384 0.0114197 0.020273 0.00887427 0.00882271 0.0252083 0.00931368 0.00793333 0.00833133 0.00547038 0.00341759 0.00349205 0.00335305 0.00336703 0 0.997853 0.0055285 0.00444816 0.0047644 
0.00985174 0.00916659 0.0101998 0.0124309 0.0105493 0.0133926 0.00949794 0.00868594 0.00907766 0.00903575 0.00995236 0.0148003 0.0129924 0.0108593 0.0105687 0.0101785 0.0115814 0.0195216 0.0134317 0.0139563 0.0112756 0.011336 0.0130426 0.0154545 0.0168541 0.016836 0.0101447 0.00976567 0.0193866 0.0123372 0.0101611 0.0362169 0.0136105 0.0119633 0.0188579 0.0143926 0.0097411 0.0102547 0.0202574 0.00756883 0.00732462 0.00393984 0.00453764 0.00626223 0.997853 0 0.00345752 0.0033951 0.00588826 
0.00941467 0.0100759 0.0106035 0.0105927 0.00867299 0.00888465 0.0090314 0.00930184 0.0100001 0.0108618 0.0108742 0.0102536 0.00946359 0.00999472 0.0153172 0.0200301 0.016022 0.0117913 0.00982434 0.0117608 0.025819 0.0311574 0.0205489 0.012606 0.0109451 0.0104836 0.00965182 0.0105794 0.0105375 0.0124945 0.0213475 0.0138254 0.0119859 0.0193611 0.0107895 0.0116083 0.0157119 0.0152998 0.0121034 0.00917158 0.00746945 0.00892707 0.0211487 0.992575 0.0055285 0.00345752 0 0.00341329 0.00348273 
0.0109622 0.0113322 0.010031 0.00935797 0.009064 0.0087765 0.0108123 0.010267 0.0103587 0.0112042 0.0128976 0.01002 0.00973156 0.0123285 0.0196465 0.0190024 0.0195957 0.0123169 0.0104605 0.0153361 0.0261121 0.0288252 0.0363398 0.0156103 0.015501 0.0111637 0.0108641 0.0143979 0.00984882 0.0151014 0.0238958 0.0152971 0.0171422 0.02246 0.0140669 0.0150489 0.0198599 0.0148908 0.0111026 0.00949027 0.0115572 0.0194326 0.968056 0.00676302 0.00444816 0.0033951 0.00341329 0 0.00340596 
0.0127781 0.010366 0.00924764 0.0100871 0.0111165 0.00906024 0.0124104 0.00931294 0.00931202 0.00952904 0.00941441 0.0112839 0.0137626 0.018301 0.011577 0.0111477 0.0110003 0.0130857 0.0159249 0.0206163 0.0126661 0.0123132 0.0144514 0.0156109 0.0237567 0.0123325 0.016308 0.00883142 0.00994869 0.022633 0.0121808 0.0132843 0.026297 0.0124367 0.0138365 0.0207787 0.0119531 0.00884947 0.0127973 0.024585 0.0151186 0.929611 0.00887074 0.00608548 0.0047644 0.00588826 0.00348273 0.00340596 0 
