1OBBB
VKIGIIGAGSAVFSLRLVSDLCKTPGLSGSTVTLMDIDEERLDAILTIAKKYVEEVGADLKFEKTMNLDDVIIDADFVINTAMVGGHTYLEKVRQIGEKYGYYRGIDAQEFNMVSDYYTFSNYNQLKYFVDIARKIEKLSPKAWYLQAANPIFEGTTLVTRTVPIKAVGFXHGHYGVMEIVEKLGLEEEKVDWQVAGVNHGIWLNRFRYNGGNAYPLLDKWIEEKSKDWKPENPFNDQLSPAAIDMYRFYGVMPIGDTVRNSSWRYHRDLETKKKWYGEPWGGADSEIGWKWYQDTLGKVTEITKKVAKFIKENPSVRLSDLGSVLGKDLSEKQFVLEVEKILDPERKSGEQHIPFIDALLNDNKARFVVNIPNKGIIHGIDDDVVVEVPALVDKNGIHPEKIEPPLPDRVVKYYLRPRIMRMEMALEAFLTGDIRIIKELLYRDPRTKSDEQVEKVIEEILALPENEEMRKHYLK
CEEEEECCCCHHHHHHHHHHHHCCHHHCCCEEEEECCCHHHHHHHHHHHHHHHHHHCCCCEEEEECCHHHHHCCCCEEEECCCCCHHHHHHHHHHHHHHCCCCCCCCCECCECCCCCCCCCCHHHHHHHHHHHHHHHHHCCCCEEEECCCCHHHHHHHHHHHCCCEEEEECCHHHHHHHHHHHHCCCHHHEEEEEEEECCEEEEEEEEECCEECHHHHHHHHHHHHHHCCCCCCCCCCCCHHHHHHHHHHCCCEEHHHHCCCCHHHHCCHHHHHHHHCCCCCCCCCHHHHHHHHHHHHHHHHHHHHHHHHHHHCCCCCHHHHHHHCCCCHHHHHHHHHHHHHHCCCCCCCCCHHHHHHHHHHCCCEEEEEEEECCCCCCCCCCCCEEEEEEEEECCEEEECCCCCCCCHHHHHHCHHHHHHHHHHHHHHHHHCCHHHHHHHHHHCCCCCCHHHHHHHHHHHHCCHHHHHHHHHCCC
0 0 0 0 0 0 0 0 0 0 0 0 0 0 0 0 0 0 0 0 0 0 0 0 0 0 0 0 0 0 0 0 0 0 0 0 0 0 0 0 0 0 0 0 0 0 0 0 0 0 0 0 0 0 0 0 0 0 0 0 0 0 0 0 0 0 0 0 0 0 0 0 0 0 0 0 0 0 0 0 0 0 0 0 0 0 0 0 0 0 0 0 0 0 0 0 0 0 0 0 0 0 0 0 0 0 0 0 0 0 0 0 0 0 0 0 0 0 0 0 0 0 0 0 0 0 0 0 0 0 0 0 0 0 0 0 0 0 0 0 0 0 0 0 0 0 0 0 0 0 0 0 0 0 0 0 0 0 0 0 0 0 0 0 0 0 0 0 0 0 0 0 0 0 0 0 0 0 0 0 0 0 0 0 0 0 0 0 0 0 0 0 0 0 0 0 0 0 0 0 0 0 0 0 0 0 0 0 0 0 0 0 0 0 0 0 0 0 0 0 0 0 0 0 0 0 0 0 0 0 0 0 0 0 0 0 0 0 0 0 0 0 0 0 0 0 0 0 0 0 0 0 0 0 0 0 0 0 0 0 0 0 0 0 0 0 0 0 0 0 0 0 0 0 0 0 0 0 0 0 0 0 0 0 0 0 0 0 0 0 0 0 0 0 0 0 0 0 0 0 0 0 0 0 0 0 0 0 0 0 0 0 0 0 0 0 0 0 0 0 0 0 0 0 0 0 0 0 0 0 0 0 0 0 0 0 0 0 0 0 0 0 0 0 0 0 0 0 0 0 0 0 0 0 0 0 0 0 0 0 0 0 0 0 0 0 0 0 0 0 0 0 0 0 0 0 0 0 0 0 0 0 0 0 0 0 0 0 0 0 0 0 0 0 0 0 0 0 0 0 0 0 0 0 0 0 0 0 0 0 0 0 0 0 0 0 0 0 0 0 0 0 0 0 0 0 0 0 0 0 0 0 0 0 0 0 0 0 0 0 0 0 0 0 0 0 0 0 0 0 0 0 0 0 0 0 0 0 0 0 0 0 0 0 0 0 0 0 0 0 0 0 0 0 0 0 
0 0 0 0 0 0 0 0 0 0 0 0 0 0 0 0 0 0 0 0 0 0 0 0 0 0 0 0 0 0 0 0 0 0 0 0 0 0 0 0 0 0 0 0 0 0 0 0 0 0 0 0 0 0 0 0 0 0 0 0 0 0 0 0 0 0 0 0 0 0 0 0 0 0 0 0 0 0 0 0 0 0 0 0 0 0 0 0 0 0 0 0 0 0 0 0 0 0 0 0 0 0 0 0 0 0 0 0 0 0 0 0 0 0 0 0 0 0 0 0 0 0 0 0 0 0 0 0 0 0 0 0 0 0 0 0 0 0 0 0 0 0 0 0 0 0 0 0 0 0 0 0 0 0 0 0 0 0 0 0 0 0 0 0 0 0 0 0 0 0 0 0 0 0 0 0 0 0 0 0 0 0 0 0 0 0 0 0 0 0 0 0 0 0 0 0 0 0 0 0 0 0 0 0 0 0 0 0 0 0 0 0 0 0 0 0 0 0 0 0 0 0 0 0 0 0 0 0 0 0 0 0 0 0 0 0 0 0 0 0 0 0 0 0 0 0 0 0 0 0 0 0 0 0 0 0 0 0 0 0 0 0 0 0 0 0 0 0 0 0 0 0 0 0 0 0 0 0 0 0 0 0 0 0 0 0 0 0 0 0 0 0 0 0 0 0 0 0 0 0 0 0 0 0 0 0 0 0 0 0 0 0 0 0 0 0 0 0 0 0 0 0 0 0 0 0 0 0 0 0 0 0 0 0 0 0 0 0 0 0 0 0 0 0 0 0 0 0 0 0 0 0 0 0 0 0 0 0 0 0 0 0 0 0 0 0 0 0 0 0 0 0 0 0 0 0 0 0 0 0 0 0 0 0 0 0 0 0 0 0 0 0 0 0 0 0 0 0 0 0 0 0 0 0 0 0 0 0 0 0 0 0 0 0 0 0 0 0 0 0 0 0 0 0 0 0 0 0 0 0 0 0 0 0 0 0 0 0 0 0 0 0 0 0 0 0 0 0 0 0 0 0 0 0 0 0 0 0 0 0 0 0 0 0 0 0 0 0 0 0 0 0 0 0 0 0 
0 0.00410134 0.00331329 0.0033886 0.004927 0.855074 0.0166393 0.0628046 0.01727 0.0591632 0.0347751 0.0103587 0.0149998 0.00940265 0.0221099 0.0241449 0.0200884 0.0137471 0.0216841 0.00933281 0.00958543 0.0094578 0.00963611 0.00889668 0.0101525 0.00943258 0.00863122 0.00910345 0.00898099 0.0095316 0.00818933 0.00825139 0.00842272 0.00832269 0.00868872 0.0085028 0.00869148 0.00875541 0.00840126 0.00838593 0.00876992 0.00846966 0.00854122 0.00834375 0.00840787 0.00832786 0.00863528 0.00806204 0.00825946 0.00836449 0.00880774 0.00950043 0.00962688 0.0107853 0.010558 0.0108441 0.0113645 0.00970258 0.0110646 0.0111733 0.0112797 0.013607 0.0126188 0.0123586 0.012874 0.0131038 0.012501 0.0113296 0.0106649 0.00971036 0.0112402 0.0166232 
0.00410134 0 0.00332784 0.0034413 0.0038618 0.0342974 0.885018 0.0164649 0.0811607 0.0153382 0.0108973 0.0613374 0.0096218 0.0242342 0.0099272 0.174541 0.0376905 0.0487585 0.0145034 0.00900032 0.00860031 0.00914716 0.0101694 0.0108596 0.0088478 0.00831531 0.00980397 0.00971246 0.0096682 0.00870068 0.00953772 0.0084626 0.00905089 0.00870728 0.00891426 0.00904459 0.00890937 0.00831542 0.00825372 0.00862847 0.00890338 0.00925653 0.008736 0.00848582 0.00865803 0.00827934 0.00839993 0.00796386 0.00812942 0.00831861 0.00872522 0.00915669 0.00891914 0.0096701 0.00962214 0.0101518 0.00974841 0.00915053 0.00895408 0.0101439 0.01155 0.010199 0.0104072 0.00967329 0.0103104 0.0104901 0.0105971 0.009762 0.00915624 0.00939723 0.00936014 0.00964278 
0.00331329 0.00332784 0 0.00334362 0.00324363 0.115146 0.0288004 0.820163 0.022897 0.0253996 0.0155328 0.0118723 0.0575965 0.0108721 0.00988158 0.0163108 0.226414 0.0289569 0.0165533 0.00856243 0.00838087 0.00947342 0.0125404 0.0106176 0.00898734 0.00889989 0.00952438 0.0120468 0.0105757 0.00929453 0.00838487 0.00873433 0.00973007 0.00902991 0.00992844 0.00959387 0.00910188 0.00857588 0.00842447 0.00896613 0.010184 0.00925031 0.00928638 0.00884089 0.00893568 0.0083755 0.00829409 0.00800021 0.00811739 0.00832066 0.00872317 0.00872337 0.00923893 0.0101019 0.0103825 0.0105694 0.0106563 0.00964592 0.00882829 0.0107465 0.0113228 0.0120563 0.0113622 0.0108854 0.0110768 0.0117035 0.0109078 0.00925372 0.00969645 0.00955895 0.0102197 0.00972369 
0.0033886 0.0034413 0.00334362 0 0.00353171 0.0165855 0.0911116 0.0563957 0.82434 0.0301655 0.0119311 0.0170495 0.0113269 0.0243375 0.00940226 0.0165222 0.0263432 0.258179 0.0205336 0.00953405 0.00872304 0.00919504 0.0104113 0.0120453 0.00902684 0.00847383 0.00911031 0.00937789 0.0105464 0.0087657 0.00834849 0.00859724 0.00915713 0.00876406 0.00909579 0.00902517 0.00902643 0.00841104 0.00838595 0.00870138 0.00912294 0.00907523 0.0087854 0.00848652 0.00861645 0.00842183 0.00818998 0.00806832 0.00816972 0.00826909 0.00860486 0.00891849 0.00922812 0.00963877 0.0101497 0.0101715 0.0102634 0.00960696 0.00887969 0.0104303 0.0106637 0.0111027 0.0105106 0.0100322 0.0102475 0.0109659 0.0101402 0.00924668 0.00962429 0.0093305 0.00970159 0.00919523 
0.004927 0.0038618 0.00324363 0.00353171 0 0.0218248 0.0179552 0.0501354 0.106096 0.778006 0.0138767 0.0112936 0.00912174 0.0101432 0.0153094 0.0223351 0.0128667 0.0228639 0.148369 0.0111227 0.0109802 0.00998416 0.00890178 0.00946822 0.0110733 0.00897612 0.00838296 0.00888767 0.00891445 0.0123289 0.00866483 0.00823828 0.00869086 0.00833656 0.00865882 0.00846903 0.00830845 0.0089197 0.00852504 0.00851364 0.00917499 0.00873494 0.00840574 0.00835756 0.00848418 0.00815644 0.00840235 0.00810362 0.00814802 0.00824325 0.00854308 0.00943008 0.008801 0.00910689 0.00909378 0.00915954 0.0091633 0.00887037 0.00905564 0.0110692 0.0107695 0.010097 0.00951192 0.00938441 0.00979678 0.0100003 0.00987263 0.00975213 0.00981545 0.00924629 0.00902868 0.00935403 
0.855074 0.0342974 0.115146 0.0165855 0.0218248 0 0.00340821 0.00327259 0.00331437 0.00436659 0.716635 0.00899418 0.01488 0.0102807 0.0273741 0.0208215 0.0147651 0.0122908 0.0200688 0.0100744 0.0117815 0.00984162 0.00869162 0.00864255 0.0107646 0.0115886 0.00819627 0.00843731 0.00905069 0.00930521 0.00810326 0.00899965 0.00813211 0.00850957 0.00830317 0.00830689 0.00863863 0.0084761 0.00820917 0.00802372 0.00839193 0.00813492 0.00832241 0.00827612 0.00816318 0.00877499 0.00834441 0.00814752 0.00832458 0.00818084 0.00823232 0.00908306 0.00888456 0.00848476 0.00889578 0.00845852 0.00873826 0.00846413 0.0095406 0.0100943 0.00871238 0.00947823 0.00859028 0.00908236 0.00856142 0.00954886 0.0089768 0.010474 0.00944135 0.00838248 0.00891232 0.010413 
0.0166393 0.885018 0.0288004 0.0911116 0.0179552 0.00340821 0 0.00322224 0.00329658 0.00334287 0.0130586 0.754055 0.00888361 0.0228476 0.0102637 0.0414156 0.0288982 0.0224216 0.011938 0.00872129 0.00888754 0.00883821 0.00970401 0.0108539 0.00873791 0.00826271 0.0099785 0.0090854 0.00913924 0.00852599 0.00994296 0.00824197 0.00932144 0.00832427 0.00868338 0.00870649 0.0086305 0.00826337 0.00826529 0.00853496 0.00858187 0.00863233 0.00854025 0.00834564 0.00874882 0.00823715 0.00851074 0.00800377 0.00810174 0.00827626 0.00848856 0.00868258 0.00864136 0.00913384 0.00885855 0.00905901 0.00895329 0.0086426 0.0086163 0.00901898 0.0105373 0.00928054 0.00928318 0.00889071 0.00942409 0.00920078 0.00927334 0.00902167 0.00873765 0.00905847 0.00871496 0.00902774 
0.0628046 0.0164649 0.820163 0.0563957 0.0501354 0.00327259 0.00322224 0 0.00322862 0.00322944 0.082877 0.0104566 0.641266 0.0120262 0.0110323 0.0135924 0.0630501 0.0231316 0.0131176 0.00852157 0.00856821 0.00962056 0.0123328 0.00975118 0.00894775 0.00910854 0.00908815 0.011083 0.0101033 0.00887674 0.00826441 0.00877196 0.00891746 0.00907197 0.00930512 0.00921019 0.00918621 0.00833946 0.00839551 0.00873756 0.00947618 0.00903698 0.00875849 0.00880288 0.00854102 0.00844779 0.00816684 0.00798624 0.00810168 0.00811792 0.00825362 0.00833973 0.00869635 0.00877851 0.00887685 0.00905802 0.00910069 0.0086254 0.00843944 0.00921425 0.0095733 0.00983445 0.00918482 0.00907518 0.00926128 0.00945785 0.00890408 0.00863863 0.00855222 0.00850455 0.00878821 0.00880482 
0.01727 0.0811607 0.022897 0.82434 0.106096 0.00331437 0.00329658 0.00322862 0 0.00355953 0.0116937 0.0661462 0.0155482 0.587616 0.0109638 0.0180954 0.0280447 0.104713 0.028089 0.0100639 0.00936188 0.00938827 0.011171 0.0184702 0.00993024 0.00863656 0.00997347 0.00995503 0.0125615 0.00910022 0.00845036 0.00861556 0.00962603 0.00884187 0.00950474 0.00914045 0.00937244 0.00859966 0.00840996 0.0088076 0.00947889 0.00952884 0.00906196 0.00860327 0.00865937 0.00832205 0.00821694 0.0080039 0.00814304 0.00823893 0.00854901 0.00846757 0.00864233 0.00890154 0.00910461 0.00919798 0.00930865 0.00876084 0.00835163 0.00929922 0.00987192 0.00998339 0.00946805 0.00900146 0.00935053 0.00973036 0.00915937 0.00854063 0.00861491 0.00861604 0.00870925 0.00853895 
0.0591632 0.0153382 0.0253996 0.0301655 0.778006 0.00436659 0.00334287 0.00322944 0.00355953 0 0.0232743 0.016053 0.0233335 0.0176831 0.586782 0.0228711 0.0136593 0.0205022 0.0575246 0.0130219 0.0125242 0.0119878 0.00939971 0.00967935 0.0105048 0.00947058 0.00891156 0.00874941 0.00969071 0.00948442 0.00937374 0.00829745 0.00867069 0.00849545 0.00869075 0.00850009 0.00839037 0.00857222 0.00852879 0.00843994 0.00880351 0.0085362 0.00846274 0.00833777 0.00833822 0.00815535 0.00829925 0.00811238 0.00815418 0.00818621 0.0083325 0.00877685 0.0084358 0.00849163 0.00848681 0.00848151 0.00853451 0.00845551 0.00839849 0.00965708 0.00923772 0.00884262 0.00852038 0.00855207 0.00860919 0.00872045 0.00871346 0.00871332 0.00902141 0.00848025 0.00842683 0.00866549 
0.0347751 0.0108973 0.0155328 0.0119311 0.0138767 0.716635 0.0130586 0.082877 0.0116937 0.0232743 0 0.00357723 0.00326291 0.00337845 0.00445115 0.00963008 0.0117736 0.0137152 0.039884 0.0124983 0.0161523 0.0111493 0.0093084 0.00853093 0.0144742 0.0141704 0.00855657 0.00878341 0.0093566 0.01002 0.00800736 0.00966467 0.00810641 0.00892001 0.00823891 0.00835892 0.00899647 0.00865529 0.00827693 0.00811739 0.00852107 0.00818557 0.00831162 0.00843936 0.00807021 0.00936281 0.00820733 0.00817362 0.00852477 0.00827243 0.00818841 0.0089628 0.00887513 0.00835203 0.00878328 0.00829973 0.00864622 0.00829656 0.00920885 0.0100102 0.00853607 0.00931991 0.00831157 0.00890642 0.00831126 0.00923021 0.00860179 0.00971927 0.00922345 0.0082927 0.00869445 0.00987661 
0.0103587 0.0613374 0.0118723 0.0170495 0.0112936 0.00899418 0.754055 0.0104566 0.0661462 0.016053 0.00357723 0 0.00319776 0.00336089 0.00324853 0.0131405 0.0122032 0.0427745 0.0196738 0.00944853 0.00914109 0.00896447 0.00941203 0.011668 0.00855825 0.00821652 0.0115472 0.00899842 0.00897991 0.00852917 0.0113728 0.00810855 0.0101632 0.00820851 0.00875006 0.00867349 0.00846805 0.00824509 0.0082123 0.00865924 0.00844633 0.00871542 0.00860934 0.0082904 0.00936842 0.00813169 0.0091106 0.00800611 0.00807498 0.00817355 0.00845346 0.00876373 0.00839917 0.00884205 0.00852922 0.00873903 0.00859863 0.00854365 0.0084724 0.00858553 0.00953206 0.00871648 0.00881876 0.00843434 0.00894469 0.00859207 0.00894955 0.00881538 0.00855304 0.00887831 0.00840803 0.00881234 
0.0149998 0.0096218 0.0575965 0.0113269 0.00912174 0.01488 0.00888361 0.641266 0.0155482 0.0233335 0.00326291 0.00319776 0 0.00320959 0.00322146 0.0103533 0.0335894 0.0205626 0.0106322 0.00857218 0.00854305 0.00872937 0.0108066 0.00904225 0.00860281 0.00888046 0.00847527 0.00950382 0.00940549 0.00849744 0.00806486 0.00858323 0.00829702 0.00864108 0.00855879 0.00859705 0.00864609 0.00818995 0.00824657 0.00828324 0.00892767 0.00848755 0.00832819 0.00874065 0.00822419 0.00829046 0.00816024 0.00794927 0.00801824 0.0080973 0.00810646 0.00821008 0.00833135 0.00838344 0.00839192 0.00843283 0.00840739 0.00832855 0.00828212 0.0086588 0.0085097 0.00858521 0.00837308 0.00835575 0.00842922 0.00849189 0.00841584 0.00832839 0.00832444 0.00829111 0.0083832 0.00850509 
0.00940265 0.0242342 0.0108721 0.0243375 0.0101432 0.0102807 0.0228476 0.0120262 0.587616 0.0176831 0.00337845 0.00336089 0.00320959 0 0.0032907 0.0152658 0.0299875 0.0262187 0.0111266 0.00904913 0.00874876 0.00916416 0.0100476 0.0108528 0.00854162 0.00851273 0.00885436 0.00870214 0.00933846 0.0083477 0.0084701 0.00822667 0.00856435 0.00831746 0.00866793 0.00841733 0.00861358 0.00815067 0.00808822 0.00852943 0.00845388 0.00842931 0.00836457 0.00824436 0.00827236 0.00822903 0.00804895 0.00798255 0.0080693 0.00809917 0.00817229 0.00832172 0.00828211 0.00841137 0.00838091 0.00845306 0.00844651 0.00828544 0.00822191 0.00848609 0.00853352 0.00855599 0.00844633 0.00836015 0.0084331 0.00851132 0.00842628 0.00828852 0.00839911 0.00853811 0.00832009 0.00831166 
0.0221099 0.0099272 0.00988158 0.00940226 0.0153094 0.0273741 0.0102637 0.0110323 0.0109638 0.586782 0.00445115 0.00324853 0.00322146 0.0032907 0 0.0245107 0.01408 0.0104526 0.0300071 0.0133857 0.0142806 0.0119099 0.00869725 0.00858183 0.0103008 0.00967258 0.00832868 0.00831805 0.00855775 0.00959653 0.0101745 0.00823909 0.00812099 0.00814513 0.00814387 0.00819526 0.00816074 0.0085759 0.00863335 0.00815355 0.00823658 0.00817592 0.00812356 0.00812371 0.00812315 0.00805079 0.00832189 0.00821041 0.00809587 0.0081306 0.00813044 0.00872996 0.00829256 0.00828317 0.00824222 0.00827369 0.00825509 0.00820609 0.00831288 0.00900238 0.00846678 0.00829545 0.0082514 0.00833287 0.00835472 0.00829903 0.00833393 0.00864049 0.00871841 0.00852262 0.00823727 0.00850888 
0.0241449 0.174541 0.0163108 0.0165222 0.0223351 0.0208215 0.0414156 0.0135924 0.0180954 0.0228711 0.00963008 0.0131405 0.0103533 0.0152658 0.0245107 0 0.00341078 0.00331119 0.00358363 0.0484614 0.0180662 0.0415924 0.0134064 0.0133757 0.0174547 0.0132578 0.0167965 0.012749 0.0112723 0.0136488 0.0119882 0.00836445 0.0101756 0.0091122 0.00999891 0.00948176 0.00967021 0.0106043 0.00909799 0.0091728 0.00925146 0.00921265 0.00942856 0.00856981 0.00950721 0.00843147 0.0105793 0.00810453 0.00849488 0.00879463 0.00848299 0.0084542 0.00836304 0.00852792 0.00843118 0.00870631 0.00849822 0.00840977 0.0085735 0.00876407 0.00879089 0.00865268 0.0085455 0.0083653 0.00863898 0.00851434 0.00853459 0.00873897 0.00840827 0.00823146 0.00828831 0.00886944 
0.0200884 0.0376905 0.226414 0.0263432 0.0128667 0.0147651 0.0288982 0.0630501 0.0280447 0.0136593 0.0117736 0.0122032 0.0335894 0.0299875 0.01408 0.00341078 0 0.00326899 0.0032439 0.0171513 0.0141112 0.0145739 0.0774543 0.0304549 0.0115228 0.0104109 0.0188672 0.0188469 0.02242 0.0105531 0.00891517 0.0103683 0.0100381 0.0115006 0.0114318 0.0120679 0.0114843 0.00915429 0.00889769 0.0101041 0.011483 0.0106606 0.00973406 0.00986326 0.00884752 0.00905579 0.0083582 0.00801182 0.00812284 0.00823563 0.00876106 0.0083727 0.00849589 0.00863052 0.00865251 0.00885489 0.00888001 0.00858162 0.00835309 0.00864687 0.0093504 0.00909188 0.00895236 0.00867709 0.00888082 0.00878627 0.00867981 0.0084471 0.00835279 0.00835986 0.00844762 0.00846733 
0.0137471 0.0487585 0.0289569 0.258179 0.0228639 0.0122908 0.0224216 0.0231316 0.104713 0.0205022 0.0137152 0.0427745 0.0205626 0.0262187 0.0104526 0.00331119 0.00326899 0 0.00331022 0.0199564 0.0139292 0.0124702 0.0354976 0.110395 0.0153409 0.0101604 0.0139602 0.0220208 0.0314054 0.0122458 0.00942922 0.0091508 0.0109813 0.0100249 0.0121063 0.0119069 0.0147979 0.00943698 0.00948067 0.0107095 0.0117156 0.0109649 0.0113538 0.00905782 0.00954994 0.00859522 0.00838539 0.00805781 0.00819376 0.00824628 0.00848874 0.00832065 0.00833828 0.00859617 0.00863103 0.00871134 0.00876966 0.00856494 0.00824656 0.00869333 0.0090649 0.00915725 0.00880725 0.00865675 0.00874587 0.00885649 0.00856079 0.00829808 0.00831922 0.00833759 0.0083575 0.00826984 
0.0216841 0.0145034 0.0165533 0.0205336 0.148369 0.0200688 0.011938 0.0131176 0.028089 0.0575246 0.039884 0.0196738 0.0106322 0.0111266 0.0300071 0.00358363 0.0032439 0.00331022 0 0.0327926 0.0305638 0.0267856 0.0139006 0.0199831 0.102564 0.012834 0.0119143 0.0110577 0.0216874 0.0224779 0.011301 0.00872927 0.00920642 0.0093218 0.00921749 0.0105186 0.0118924 0.0109751 0.0109048 0.0101463 0.00920065 0.00952306 0.00953104 0.00880646 0.00863727 0.00858248 0.00859233 0.00844775 0.00841216 0.00836773 0.00870567 0.00872976 0.00837501 0.00850286 0.00845313 0.00843864 0.00853748 0.00836698 0.00825169 0.00939584 0.00887122 0.0087265 0.00845286 0.00847871 0.00857947 0.00864258 0.00840197 0.00845207 0.00867574 0.00829887 0.00825902 0.00829797 
0.00933281 0.00900032 0.00856243 0.00953405 0.0111227 0.0100744 0.00872129 0.00852157 0.0100639 0.0130219 0.0124983 0.00944853 0.00857218 0.00904913 0.0133857 0.0484614 0.0171513 0.0199564 0.0327926 0 0.823653 0.0167117 0.0114817 0.0154513 0.0260219 0.0126014 0.00977467 0.00891957 0.0106961 0.0154849 0.0100265 0.0082122 0.00831702 0.00826517 0.00832528 0.00845752 0.00926046 0.0113412 0.00956158 0.00828234 0.00831027 0.00834627 0.00833359 0.00814902 0.0082674 0.00825879 0.00943522 0.00866546 0.00891878 0.00879277 0.00870508 0.00878838 0.00820208 0.00823431 0.00827743 0.00828174 0.00826539 0.00823776 0.00865127 0.00893767 0.00840768 0.00829358 0.00825646 0.00823009 0.00829854 0.00827439 0.00834836 0.00879904 0.00851879 0.00820357 0.00821965 0.00873162 
0.00958543 0.00860031 0.00838087 0.00872304 0.0109802 0.0117815 0.00888754 0.00856821 0.00936188 0.0125242 0.0161523 0.00914109 0.00854305 0.00874876 0.0142806 0.0180662 0.0141112 0.0139292 0.0305638 0.823653 0 0.0206249 0.0127765 0.0170212 0.073951 0.0166014 0.00955686 0.00899076 0.0100633 0.0157038 0.0101886 0.00838693 0.00835299 0.00835038 0.00841148 0.00848536 0.00906599 0.0104823 0.00966947 0.00858328 0.00830168 0.00826323 0.00845178 0.00824767 0.00826626 0.00839347 0.00917031 0.00883884 0.00913789 0.00883171 0.00885321 0.00864266 0.00820314 0.00820776 0.00826058 0.0082327 0.0082423 0.00819211 0.00861506 0.00890773 0.00837813 0.00829066 0.00824541 0.00821965 0.00830128 0.00825306 0.00827359 0.0087044 0.00857315 0.00819699 0.00824101 0.00860748 
0.0094578 0.00914716 0.00947342 0.00919504 0.00998416 0.00984162 0.00883821 0.00962056 0.00938827 0.0119878 0.0111493 0.00896447 0.00872937 0.00916416 0.0119099 0.0415924 0.0145739 0.0124702 0.0267856 0.0167117 0.0206249 0 0.00325553 0.00320291 0.00364912 0.544682 0.0221675 0.019748 0.0153715 0.0328152 0.0107419 0.0106895 0.0107196 0.0131838 0.0118628 0.0123517 0.0123193 0.0189654 0.0122042 0.011804 0.0118109 0.0114188 0.0103771 0.0104497 0.00950903 0.0103744 0.0136762 0.00840095 0.00997661 0.00925758 0.00932371 0.00818233 0.00818851 0.00827659 0.0082532 0.00838525 0.00836132 0.00822755 0.00833513 0.00831585 0.00839553 0.0084832 0.00832252 0.00825369 0.00843366 0.00833177 0.00830637 0.00841986 0.00827563 0.00817681 0.00811855 0.0084191 
0.00963611 0.0101694 0.0125404 0.0104113 0.00890178 0.00869162 0.00970401 0.0123328 0.011171 0.00939971 0.0093084 0.00941203 0.0108066 0.0100476 0.00869725 0.0134064 0.0774543 0.0354976 0.0139006 0.0114817 0.0127765 0.00325553 0 0.00334959 0.00319831 0.0378452 0.541178 0.045365 0.093815 0.0130039 0.0110016 0.0135138 0.0189854 0.0230356 0.0238608 0.0269284 0.0297334 0.0110132 0.0116368 0.0242625 0.0286703 0.019418 0.0161049 0.0162337 0.0124778 0.0156033 0.009104 0.00841292 0.00849363 0.00880501 0.00920717 0.00816341 0.00827075 0.00846055 0.0086296 0.00889422 0.00873088 0.0083719 0.00816819 0.00860571 0.00906758 0.00874859 0.00875592 0.008433 0.00885067 0.00859389 0.00839165 0.00824881 0.00824662 0.0082865 0.00820701 0.00821832 
0.00889668 0.0108596 0.0106176 0.0120453 0.00946822 0.00864255 0.0108539 0.00975118 0.0184702 0.00967935 0.00853093 0.011668 0.00904225 0.0108528 0.00858183 0.0133757 0.0304549 0.110395 0.0199831 0.0154513 0.0170212 0.00320291 0.00334959 0 0.00328762 0.0173886 0.0464319 0.456867 0.0870461 0.0331452 0.0109979 0.0112165 0.0257516 0.0143446 0.0241647 0.0227484 0.0429646 0.0150506 0.0118017 0.0247586 0.0188082 0.0203356 0.0171944 0.01139 0.0171166 0.0100932 0.00995087 0.00861496 0.00871923 0.00884383 0.00978446 0.00817852 0.00818039 0.00836823 0.00847902 0.00862245 0.0086134 0.00834277 0.00810351 0.00834797 0.0084678 0.00865574 0.00846241 0.00836765 0.00850036 0.00855422 0.00832449 0.00821813 0.00817491 0.00821506 0.00816623 0.0081913 
0.0101525 0.0088478 0.00898734 0.00902684 0.0110733 0.0107646 0.00873791 0.00894775 0.00993024 0.0105048 0.0144742 0.00855825 0.00860281 0.00854162 0.0103008 0.0174547 0.0115228 0.0153409 0.102564 0.0260219 0.073951 0.00364912 0.00319831 0.00328762 0 0.0301624 0.0336786 0.0200572 0.390533 0.178564 0.0160235 0.0117861 0.0170992 0.0124521 0.0120073 0.0124238 0.0188896 0.0282512 0.0181797 0.0121304 0.0117389 0.0119365 0.0113439 0.0118115 0.00962336 0.0105089 0.0100133 0.0100102 0.00933754 0.00985993 0.00966242 0.00827593 0.00814711 0.00831558 0.00828736 0.00848255 0.00824397 0.00815784 0.00809354 0.00862024 0.00854966 0.00831288 0.00823912 0.00815774 0.00830714 0.00827531 0.00828508 0.00820091 0.00832831 0.00814401 0.00811538 0.00819408 
0.00943258 0.00831531 0.00889989 0.00847383 0.00897612 0.0115886 0.00826271 0.00910854 0.00863656 0.00947058 0.0141704 0.00821652 0.00888046 0.00851273 0.00967258 0.0132578 0.0104109 0.0101604 0.012834 0.0126014 0.0166014 0.544682 0.0378452 0.0173886 0.0301624 0 0.00484106 0.00328073 0.00327648 0.00397962 0.011243 0.0212589 0.00911407 0.0257637 0.0100607 0.0112894 0.0134043 0.0149191 0.0170589 0.0102953 0.0129544 0.00960852 0.010178 0.0130914 0.00884838 0.0152429 0.0109343 0.0101526 0.0124544 0.011246 0.00996122 0.00831713 0.00820025 0.00810886 0.00820199 0.0081743 0.00828377 0.00816819 0.00834324 0.00865967 0.00821374 0.00829908 0.00806301 0.00811133 0.00818195 0.00818062 0.00814171 0.00831351 0.00824423 0.00805609 0.0080132 0.00833554 
0.00863122 0.00980397 0.00952438 0.00911031 0.00838296 0.00819627 0.0099785 0.00908815 0.00997347 0.00891156 0.00855657 0.0115472 0.00847527 0.00885436 0.00832868 0.0167965 0.0188672 0.0139602 0.0119143 0.00977467 0.00955686 0.0221675 0.541178 0.0464319 0.0336786 0.00484106 0 0.00321029 0.00323747 0.00321494 0.0416014 0.0127268 0.0350867 0.0151186 0.031968 0.0182568 0.0202679 0.0112524 0.0134318 0.0355415 0.0183673 0.0209687 0.025074 0.0123376 0.0246306 0.0107717 0.0127089 0.00923694 0.00894475 0.00910121 0.0104573 0.00813397 0.00827121 0.00852077 0.00846075 0.00880364 0.00857484 0.00827732 0.00808582 0.0084041 0.00897248 0.00855562 0.00857608 0.00826316 0.00859839 0.00843571 0.00834012 0.00822336 0.00819706 0.00822396 0.00815064 0.0081968 
0.00910345 0.00971246 0.0120468 0.00937789 0.00888767 0.00843731 0.0090854 0.011083 0.00995503 0.00874941 0.00878341 0.00899842 0.00950382 0.00870214 0.00831805 0.012749 0.0188469 0.0220208 0.0110577 0.00891957 0.00899076 0.019748 0.045365 0.456867 0.0200572 0.00328073 0.00321029 0 0.00322662 0.00321126 0.0153852 0.0261869 0.0463748 0.0321201 0.0408001 0.0614947 0.0192106 0.012018 0.0134663 0.0274341 0.0613239 0.0426211 0.0262828 0.0254989 0.0248043 0.0123128 0.0100635 0.00868317 0.00958321 0.00943587 0.00888267 0.00816703 0.00829021 0.00858838 0.00876159 0.00899197 0.00886358 0.00839074 0.00819004 0.00836726 0.00878686 0.00877889 0.00866376 0.00839713 0.00867951 0.00861819 0.00842409 0.00824061 0.00814316 0.00823594 0.00816747 0.00814442 
0.00898099 0.0096682 0.0105757 0.0105464 0.00891445 0.00905069 0.00913924 0.0101033 0.0125615 0.00969071 0.0093566 0.00897991 0.00940549 0.00933846 0.00855775 0.0112723 0.02242 0.0314054 0.0216874 0.0106961 0.0100633 0.0153715 0.093815 0.0870461 0.390533 0.00327648 0.00323747 0.00322662 0 0.0033193 0.012548 0.0314871 0.0258342 0.0590228 0.0397054 0.0380497 0.140856 0.0269437 0.0133756 0.0388958 0.0406248 0.0317689 0.0244363 0.0220208 0.0135081 0.0271493 0.0101239 0.00911142 0.0142369 0.00988465 0.0110078 0.0081101 0.00834775 0.00871251 0.00887479 0.00916773 0.00895082 0.00865751 0.00808152 0.00832748 0.00890592 0.0091072 0.00880158 0.00846487 0.00878493 0.00880881 0.00845946 0.00815532 0.00811276 0.0081602 0.00818554 0.00812537 
0.0095316 0.00870068 0.00929453 0.0087657 0.0123289 0.00930521 0.00852599 0.00887674 0.00910022 0.00948442 0.01002 0.00852917 0.00849744 0.0083477 0.00959653 0.0136488 0.0105531 0.0122458 0.0224779 0.0154849 0.0157038 0.0328152 0.0130039 0.0331452 0.178564 0.00397962 0.00321494 0.00321126 0.0033193 0 0.0165944 0.0122058 0.0208483 0.0153561 0.026316 0.0207677 0.0362566 0.130011 0.0261608 0.0146024 0.0134888 0.0160239 0.0126485 0.0116895 0.0106698 0.0106623 0.0217577 0.0155725 0.0103575 0.0126195 0.0117943 0.00826422 0.0081229 0.00825989 0.00859213 0.00833736 0.00854337 0.00816409 0.00823857 0.00876219 0.0084079 0.00833344 0.00833452 0.00815602 0.00840977 0.00825036 0.00814917 0.00837707 0.00824642 0.00810144 0.00808953 0.00818591 
0.00818933 0.00953772 0.00838487 0.00834849 0.00866483 0.00810326 0.00994296 0.00826441 0.00845036 0.00937374 0.00800736 0.0113728 0.00806486 0.0084701 0.0101745 0.0119882 0.00891517 0.00942922 0.011301 0.0100265 0.0101886 0.0107419 0.0110016 0.0109979 0.0160235 0.011243 0.0416014 0.0153852 0.012548 0.0165944 0 0.00320243 0.00333841 0.00319866 0.00337817 0.00331758 0.00332498 0.00537998 0.00418231 0.00509882 0.00526833 0.00554588 0.0055637 0.00579448 0.0357506 0.0142179 0.656482 0.00736528 0.0112138 0.0101855 0.0147414 0.00869866 0.00795957 0.00902618 0.00824996 0.00892482 0.00824638 0.00825022 0.00825548 0.00813665 0.00902968 0.00822129 0.0087097 0.0081906 0.00895281 0.00816824 0.00838121 0.00838687 0.0081386 0.00807838 0.00797741 0.00826394 
0.00825139 0.0084626 0.00873433 0.00859724 0.00823828 0.00899965 0.00824197 0.00877196 0.00861556 0.00829745 0.00966467 0.00810855 0.00858323 0.00822667 0.00823909 0.00836445 0.0103683 0.0091508 0.00872927 0.0082122 0.00838693 0.0106895 0.0135138 0.0112165 0.0117861 0.0212589 0.0127268 0.0261869 0.0314871 0.0122058 0.00320243 0 0.00317375 0.00318719 0.00318516 0.00324175 0.00332029 0.0032369 0.00404 0.0048176 0.00622573 0.00567681 0.00562669 0.0318584 0.0158895 0.688153 0.00683473 0.00727564 0.0074344 0.00972368 0.00933745 0.00807015 0.00827494 0.00827422 0.00855596 0.00856423 0.00882011 0.00845425 0.00817289 0.00834483 0.00841175 0.00947607 0.00843084 0.00831443 0.00853958 0.00841335 0.00817344 0.00814459 0.00807421 0.00818593 0.00810997 0.00811098 
0.00842272 0.00905089 0.00973007 0.00915713 0.00869086 0.00813211 0.00932144 0.00891746 0.00962603 0.00867069 0.00810641 0.0101632 0.00829702 0.00856435 0.00812099 0.0101756 0.0100381 0.0109813 0.00920642 0.00831702 0.00835299 0.0107196 0.0189854 0.0257516 0.0170992 0.00911407 0.0350867 0.0463748 0.0258342 0.0208483 0.00333841 0.00317375 0 0.00318501 0.00319595 0.00323378 0.00319997 0.00325426 0.00380999 0.00879528 0.00781576 0.00854011 0.0399421 0.0953513 0.712623 0.00735953 0.00902726 0.00737526 0.00785985 0.00963771 0.00963015 0.00818298 0.00815778 0.00894541 0.00874683 0.00955583 0.00887192 0.00857225 0.00817881 0.00839711 0.00903238 0.00867099 0.00904715 0.00842758 0.00897955 0.00854996 0.00845972 0.0083024 0.00807324 0.00823191 0.00816541 0.00809087 
0.00832269 0.00870728 0.00902991 0.00876406 0.00833656 0.00850957 0.00832427 0.00907197 0.00884187 0.00849545 0.00892001 0.00820851 0.00864108 0.00831746 0.00814513 0.0091122 0.0115006 0.0100249 0.0093218 0.00826517 0.00835038 0.0131838 0.0230356 0.0143446 0.0124521 0.0257637 0.0151186 0.0321201 0.0590228 0.0153561 0.00319866 0.00318719 0.00318501 0 0.0031899 0.00321207 0.00320814 0.00321553 0.00747843 0.0057554 0.0125759 0.0252061 0.138338 0.638131 0.00688553 0.00964652 0.00664755 0.00696659 0.00777847 0.00953306 0.00926553 0.0080707 0.0082313 0.00840193 0.0089782 0.00892408 0.00914473 0.00831678 0.00813636 0.00827911 0.00852392 0.00897279 0.00851728 0.00828298 0.00854654 0.00854834 0.00843206 0.00812669 0.00813299 0.00807843 0.00809978 0.00811373 
0.00868872 0.00891426 0.00992844 0.00909579 0.00865882 0.00830317 0.00868338 0.00930512 0.00950474 0.00869075 0.00823891 0.00875006 0.00855879 0.00866793 0.00814387 0.00999891 0.0114318 0.0121063 0.00921749 0.00832528 0.00841148 0.0118628 0.0238608 0.0241647 0.0120073 0.0100607 0.031968 0.0408001 0.0397054 0.026316 0.00337817 0.00318516 0.00319595 0.0031899 0 0.00319646 0.00321329 0.00320242 0.00348113 0.0214175 0.0133583 0.275595 0.259177 0.00677988 0.0090411 0.00653148 0.00735537 0.00684821 0.0076969 0.0104949 0.0102426 0.00809235 0.0082846 0.00878456 0.00911847 0.00946955 0.00891266 0.00848169 0.00815407 0.00834966 0.00907112 0.008877 0.0088391 0.00835639 0.00885107 0.00871233 0.00838542 0.00822361 0.0081143 0.00823473 0.00812493 0.00811463 
0.0085028 0.00904459 0.00959387 0.00902517 0.00846903 0.00830689 0.00870649 0.00921019 0.00914045 0.00850009 0.00835892 0.00867349 0.00859705 0.00841733 0.00819526 0.00948176 0.0120679 0.0119069 0.0105186 0.00845752 0.00848536 0.0123517 0.0269284 0.0227484 0.0124238 0.0112894 0.0182568 0.0614947 0.0380497 0.0207677 0.00331758 0.00324175 0.00323378 0.00321207 0.00319646 0 0.00320778 0.00319908 0.00464536 0.00637721 0.506773 0.172339 0.0081229 0.00717283 0.00740586 0.00698024 0.00715479 0.00672798 0.00781549 0.0104463 0.0104993 0.00809247 0.0083588 0.00901722 0.00914564 0.00942219 0.00926741 0.008423 0.00812139 0.00855827 0.00894748 0.0091354 0.00881762 0.00849722 0.00885096 0.0087627 0.00826403 0.00810759 0.00817953 0.00821397 0.00817266 0.00808169 
0.00869148 0.00890937 0.00910188 0.00902643 0.00830845 0.00863863 0.0086305 0.00918621 0.00937244 0.00839037 0.00899647 0.00846805 0.00864609 0.00861358 0.00816074 0.00967021 0.0114843 0.0147979 0.0118924 0.00926046 0.00906599 0.0123193 0.0297334 0.0429646 0.0188896 0.0134043 0.0202679 0.0192106 0.140856 0.0362566 0.00332498 0.00332029 0.00319997 0.00320814 0.00321329 0.00320778 0 0.00351898 0.0040699 0.737883 0.0841648 0.0129413 0.00538912 0.00631789 0.00704408 0.0107541 0.00649983 0.00835397 0.0097048 0.011088 0.0117678 0.00826345 0.00838445 0.00871501 0.00874174 0.00906922 0.00885825 0.00862061 0.00808667 0.00853499 0.0087472 0.00884129 0.00881989 0.0083752 0.00870863 0.00861731 0.00846179 0.0081224 0.00822039 0.00826231 0.0083145 0.0081135 
0.00875541 0.00831542 0.00857588 0.00841104 0.0089197 0.0084761 0.00826337 0.00833946 0.00859966 0.00857222 0.00865529 0.00824509 0.00818995 0.00815067 0.0085759 0.0106043 0.00915429 0.00943698 0.0109751 0.0113412 0.0104823 0.0189654 0.0110132 0.0150506 0.0282512 0.0149191 0.0112524 0.012018 0.0269437 0.130011 0.00537998 0.0032369 0.00325426 0.00321553 0.00320242 0.00319908 0.00351898 0 0.839912 0.0234811 0.00587041 0.0039056 0.00374151 0.0043659 0.0060818 0.00531701 0.00687919 0.0097272 0.00794316 0.0144441 0.0124742 0.00816956 0.00805694 0.00834717 0.00864167 0.00856849 0.00845197 0.00817134 0.00829778 0.00857573 0.00834305 0.00834343 0.00826641 0.00813361 0.00834959 0.00816774 0.00815875 0.00819535 0.00812257 0.00805972 0.00807346 0.00813736 
0.00840126 0.00825372 0.00842447 0.00838595 0.00852504 0.00820917 0.00826529 0.00839551 0.00840996 0.00852879 0.00827693 0.0082123 0.00824657 0.00808822 0.00863335 0.00909799 0.00889769 0.00948067 0.0109048 0.00956158 0.00966947 0.0122042 0.0116368 0.0118017 0.0181797 0.0170589 0.0134318 0.0134663 0.0133756 0.0261608 0.00418231 0.00404 0.00380999 0.00747843 0.00348113 0.00464536 0.0040699 0.839912 0 0.00324446 0.00321696 0.00320524 0.00320889 0.00325575 0.00328742 0.00347237 0.00704857 0.00534001 0.00749513 0.0181672 0.0145791 0.00814955 0.00812787 0.00818981 0.00826407 0.00841217 0.00851857 0.00829108 0.00841262 0.00843316 0.00833904 0.00831436 0.00828612 0.00819628 0.00840818 0.0082344 0.00818827 0.00826271 0.00814038 0.00806567 0.0080837 0.0082307 
0.00838593 0.00862847 0.00896613 0.00870138 0.00851364 0.00802372 0.00853496 0.00873756 0.0088076 0.00843994 0.00811739 0.00865924 0.00828324 0.00852943 0.00815355 0.0091728 0.0101041 0.0107095 0.0101463 0.00828234 0.00858328 0.011804 0.0242625 0.0247586 0.0121304 0.0102953 0.0355415 0.0274341 0.0388958 0.0146024 0.00509882 0.0048176 0.00879528 0.0057554 0.0214175 0.00637721 0.737883 0.0234811 0.00324446 0 0.00319564 0.0032083 0.00318919 0.00325579 0.00346624 0.00611956 0.00393455 0.00602301 0.00637142 0.0124141 0.0131778 0.00808043 0.00823029 0.00856747 0.00874368 0.008911 0.00891375 0.00838111 0.00815144 0.00824876 0.00872982 0.0087689 0.00867285 0.00839492 0.00879201 0.00849544 0.00831599 0.00817827 0.00809633 0.00820525 0.00811079 0.00812365 
0.00876992 0.00890338 0.010184 0.00912294 0.00917499 0.00839193 0.00858187 0.00947618 0.00947889 0.00880351 0.00852107 0.00844633 0.00892767 0.00845388 0.00823658 0.00925146 0.011483 0.0117156 0.00920065 0.00831027 0.00830168 0.0118109 0.0286703 0.0188082 0.0117389 0.0129544 0.0183673 0.0613239 0.0406248 0.0134888 0.00526833 0.00622573 0.00781576 0.0125759 0.0133583 0.506773 0.0841648 0.00587041 0.00321696 0.00319564 0 0.003207 0.00319133 0.00319534 0.00323734 0.0032957 0.00326006 0.00519842 0.00755354 0.0110693 0.0100534 0.00814992 0.00847932 0.00900209 0.00937264 0.010154 0.00958156 0.00897744 0.00830614 0.00856812 0.00937458 0.00967235 0.00905893 0.00874641 0.00897253 0.00897927 0.00851178 0.0083077 0.00814507 0.00827425 0.00830394 0.0082167 
0.00846966 0.00925653 0.00925031 0.00907523 0.00873494 0.00813492 0.00863233 0.00903698 0.00952884 0.0085362 0.00818557 0.00871542 0.00848755 0.00842931 0.00817592 0.00921265 0.0106606 0.0109649 0.00952306 0.00834627 0.00826323 0.0114188 0.019418 0.0203356 0.0119365 0.00960852 0.0209687 0.0426211 0.0317689 0.0160239 0.00554588 0.00567681 0.00854011 0.0252061 0.275595 0.172339 0.0129413 0.0039056 0.00320524 0.0032083 0.003207 0 0.00318646 0.00320218 0.00319874 0.00324093 0.00329084 0.00436675 0.00547633 0.0118069 0.0125392 0.00808528 0.00833251 0.00876431 0.00924138 0.010135 0.00963276 0.00853483 0.00826084 0.00841225 0.00910861 0.00899431 0.00901252 0.00863514 0.00890869 0.00887553 0.00842549 0.00821931 0.00808615 0.00820902 0.00818572 0.00808722 
0.00854122 0.008736 0.00928638 0.0087854 0.00840574 0.00832241 0.00854025 0.00875849 0.00906196 0.00846274 0.00831162 0.00860934 0.00832819 0.00836457 0.00812356 0.00942856 0.00973406 0.0113538 0.00953104 0.00833359 0.00845178 0.0103771 0.0161049 0.0171944 0.0113439 0.010178 0.025074 0.0262828 0.0244363 0.0126485 0.0055637 0.00562669 0.0399421 0.138338 0.259177 0.0081229 0.00538912 0.00374151 0.00320889 0.00318919 0.00319133 0.00318646 0 0.00320376 0.0031925 0.00321865 0.00321909 0.00360171 0.00392374 0.0109595 0.0105735 0.00814987 0.00828554 0.0087889 0.00918005 0.00950951 0.00909093 0.00856273 0.00814507 0.0084824 0.00897459 0.00897193 0.00891273 0.0084514 0.00893942 0.00872792 0.00843802 0.00815476 0.00812631 0.0082322 0.0081647 0.00813396 
0.00834375 0.00848582 0.00884089 0.00848652 0.00835756 0.00827612 0.00834564 0.00880288 0.00860327 0.00833777 0.00843936 0.0082904 0.00874065 0.00824436 0.00812371 0.00856981 0.00986326 0.00905782 0.00880646 0.00814902 0.00824767 0.0104497 0.0162337 0.01139 0.0118115 0.0130914 0.0123376 0.0254989 0.0220208 0.0116895 0.00579448 0.0318584 0.0953513 0.638131 0.00677988 0.00717283 0.00631789 0.0043659 0.00325575 0.00325579 0.00319534 0.00320218 0.00320376 0 0.00322507 0.00324253 0.00319691 0.00336527 0.00510316 0.0111826 0.0117665 0.00807438 0.00831175 0.00854762 0.00884893 0.00871496 0.00899563 0.00828541 0.00811298 0.00832876 0.00861034 0.00887523 0.0084652 0.00849157 0.00851121 0.00852927 0.00836637 0.00813497 0.00808673 0.00820634 0.00816415 0.00811428 
0.00840787 0.00865803 0.00893568 0.00861645 0.00848418 0.00816318 0.00874882 0.00854102 0.00865937 0.00833822 0.00807021 0.00936842 0.00822419 0.00827236 0.00812315 0.00950721 0.00884752 0.00954994 0.00863727 0.0082674 0.00826626 0.00950903 0.0124778 0.0171166 0.00962336 0.00884838 0.0246306 0.0248043 0.0135081 0.0106698 0.0357506 0.0158895 0.712623 0.00688553 0.0090411 0.00740586 0.00704408 0.0060818 0.00328742 0.00346624 0.00323734 0.00319874 0.0031925 0.00322507 0 0.00319875 0.00322075 0.00344937 0.0045966 0.0225576 0.0104997 0.00810595 0.00819494 0.00878644 0.00889315 0.00918615 0.00874176 0.00845182 0.00813552 0.00861842 0.00897359 0.00886077 0.00877439 0.0084175 0.0087211 0.00855241 0.00832188 0.00818916 0.00810977 0.00820586 0.00816201 0.00814901 
0.00832786 0.00827934 0.0083755 0.00842183 0.00815644 0.00877499 0.00823715 0.00844779 0.00832205 0.00815535 0.00936281 0.00813169 0.00829046 0.00822903 0.00805079 0.00843147 0.00905579 0.00859522 0.00858248 0.00825879 0.00839347 0.0103744 0.0156033 0.0100932 0.0105089 0.0152429 0.0107717 0.0123128 0.0271493 0.0106623 0.0142179 0.688153 0.00735953 0.00964652 0.00653148 0.00698024 0.0107541 0.00531701 0.00347237 0.00611956 0.0032957 0.00324093 0.00321865 0.00324253 0.00319875 0 0.00321359 0.00511677 0.937596 0.0104526 0.00942804 0.00808919 0.0083607 0.00824436 0.00842265 0.00849351 0.00852434 0.00817705 0.00808083 0.0084885 0.00837307 0.00850536 0.00829092 0.00818871 0.00829844 0.00836172 0.0083282 0.00805835 0.00811373 0.00813037 0.00823048 0.00806513 
0.00863528 0.00839993 0.00829409 0.00818998 0.00840235 0.00834441 0.00851074 0.00816684 0.00821694 0.00829925 0.00820733 0.0091106 0.00816024 0.00804895 0.00832189 0.0105793 0.0083582 0.00838539 0.00859233 0.00943522 0.00917031 0.0136762 0.009104 0.00995087 0.0100133 0.0109343 0.0127089 0.0100635 0.0101239 0.0217577 0.656482 0.00683473 0.00902726 0.00664755 0.00735537 0.00715479 0.00649983 0.00687919 0.00704857 0.00393455 0.00326006 0.00329084 0.00321909 0.00319691 0.00322075 0.00321359 0 0.991791 0.00348769 0.0125188 0.0104655 0.00866944 0.008102 0.00826613 0.00820014 0.00829382 0.00824075 0.0081089 0.00814308 0.00887212 0.0084395 0.00822345 0.00819259 0.00812767 0.00834623 0.00813622 0.00813648 0.00819359 0.00822675 0.0081742 0.00810089 0.00809818 
0.00806204 0.00796386 0.00800021 0.00806832 0.00810362 0.00814752 0.00800377 0.00798624 0.0080039 0.00811238 0.00817362 0.00800611 0.00794927 0.00798255 0.00821041 0.00810453 0.00801182 0.00805781 0.00844775 0.00866546 0.00883884 0.00840095 0.00841292 0.00861496 0.0100102 0.0101526 0.00923694 0.00868317 0.00911142 0.0155725 0.00736528 0.00727564 0.00737526 0.00696659 0.00684821 0.00672798 0.00835397 0.0097272 0.00534001 0.00602301 0.00519842 0.00436675 0.00360171 0.00336527 0.00344937 0.00511677 0.991791 0 0.0120175 0.0124116 0.0239652 0.00803988 0.00800009 0.00794707 0.00798012 0.00801085 0.00806711 0.00794698 0.0081787 0.00816881 0.00805697 0.00804623 0.00795289 0.00794709 0.00796748 0.00803135 0.00801798 0.0080973 0.0079979 0.00791466 0.00799921 0.00804551 
0.00825946 0.00812942 0.00811739 0.00816972 0.00814802 0.00832458 0.00810174 0.00810168 0.00814304 0.00815418 0.00852477 0.00807498 0.00801824 0.0080693 0.00809587 0.00849488 0.00812284 0.00819376 0.00841216 0.00891878 0.00913789 0.00997661 0.00849363 0.00871923 0.00933754 0.0124544 0.00894475 0.00958321 0.0142369 0.0103575 0.0112138 0.0074344 0.00785985 0.00777847 0.0076969 0.00781549 0.0097048 0.00794316 0.00749513 0.00637142 0.00755354 0.00547633 0.00392374 0.00510316 0.0045966 0.937596 0.00348769 0.0120175 0 0.0342452 0.0154532 0.00828371 0.00805887 0.00801729 0.008076 0.00807577 0.00807891 0.00805704 0.00817961 0.00861138 0.00806563 0.00808222 0.00800818 0.00808472 0.00808183 0.00803127 0.00807868 0.00810728 0.00833202 0.00799113 0.00805601 0.00810083 
