1OFNB
MQARKLAVDGAIEFTPRVFADDRGLLILPYQEEAFVEAHGGPLFRVAQTIHSMSKRGVVRGIHYTVTPPGTAKYVYCARGKAMDIVIDIRVGSPTFGQWDSVLMDQQDPRAVYLPVGVGHAFVALEDDTVMSYMLSRSYVTQDELALSALDPALGLPIDIGVEPIVSDRDRVAITLAEAQRQGLLPDYTTSQEIERRLTAVP
CEEEECCCCCCEEEECCCEEECCEEEECCCEHHHHHHHHCCCCCCCCEEEEEEECCCEEEEEEEECCCCCCCEEEEEEECCEEEEEECCCECCCCCCCEEEEEECCCCCCEEEECCCCEEEEEECCCCEEEEEEECCCCCHHHEEECCCCCCCCCCCCCCCCCCECCHHHHCCCCHHHHHHHCCCCEHHHHHHHHHHHCCCC
0 0 0 0 0 0 0 0 0 0 0 0 0 0 0 0 0 0 0 0 0 0 0 0 0 0 0 0 0 0 0 0 0 0 0 0 0 0 0 0 0 0 0 0 0 0 0 0 0 0 0 0 0 0 0 0 0 0 0 0 0 0 0 0 0 0 0 0 0 0 0 0 0 0 0 0 0 0 0 0 0 0 0 0 0 0 0 0 0 0 0 0 0 0 0 0 0 0 0 0 0 0 0 0 0 0 0 0 0 0 0 0 0 0 0 0 0 0 0 0 0 0 0 0 0 0 0 0 0 0 0 0 0 0 0 0 0 0 0 0 0 0 0 0 0 0 0 0 0 0 0 0 0 0 0 0 0 0 0 0 0 0 0 0 0 0 0 0 0 0 0 0 0 0 0 0 0 0 0 0 0 0 0 0 0 0 0 0 0 0 0 0 0 0 0 0 0 0 0 0 0 0 
0 0 0 0 0 0 0 0 0 0 0 0 0 0 0 0 0 0 0 0 0 0 0 0 0 0 0 0 0 0 0 0 0 0 0 0 0 0 0 0 0 0 0 0 0 0 0 0 0 0 0 0 0 0 0 0 0 0 0 0 0 0 0 0 0 0 0 0 0 0 0 0 0 0 0 0 0 0 0 0 0 0 0 0 0 0 0 0 0 0 0 0 0 0 0 0 0 0 0 0 0 0 0 0 0 0 0 0 0 0 0 0 0 0 0 0 0 0 0 0 0 0 0 0 0 0 0 0 0 0 0 0 0 0 0 0 0 0 0 0 0 0 0 0 0 0 0 0 0 0 0 0 0 0 0 0 0 0 0 0 0 0 0 0 0 0 0 0 0 0 0 0 0 0 0 0 0 0 0 0 0 0 0 0 0 0 0 0 0 0 0 0 0 0 0 0 0 0 0 0 0 0 
0 0.00430089 0.00376845 0.00646972 0.00841796 0.0126966 0.0366365 0.961199 0.0131508 0.00849975 0.0156159 0.016541 0.0106509 0.0114124 0.0320308 0.015038 0.0138394 0.0113365 0.0106831 0.0114639 0.0110004 0.00934461 0.0220615 0.0132638 0.00931817 0.011572 0.0124979 0.00991113 0.0111067 0.00897873 0.0179945 0.0109508 0.0105768 0.0103427 0.0114836 0.00997801 0.00915127 0.0130681 0.00950374 0.00949852 0.0100907 0.0114372 0.010137 0.0118259 0.00886951 0.00857064 0.00808728 0.00833341 0.00828156 0.00826365 0.0102571 0.00873096 0.00890525 0.00889958 0.00942072 0.008229 0.00824842 0.00851797 0.00883776 0.0088249 0.00957184 0.00829867 0.00863773 0.00838034 0.00877192 0.00840806 0.00856487 0.00861345 0.00831942 0.00810373 0.00877528 0.00829677 0.0087463 
0.00430089 0 0.00412869 0.00321219 0.00621581 0.00964153 0.920378 0.00829462 0.00809968 0.0120058 0.00759483 0.010171 0.0104916 0.021972 0.0110315 0.00858231 0.00961996 0.0151453 0.0139161 0.00982434 0.00964356 0.0107675 0.00902565 0.0091125 0.0108429 0.0108371 0.0111794 0.0103815 0.00903614 0.0116088 0.00871784 0.00879206 0.0105994 0.0113198 0.00937779 0.010218 0.00958996 0.00865171 0.00853462 0.0098811 0.00924007 0.0115136 0.00928188 0.00922569 0.00827774 0.00802724 0.00827059 0.00816212 0.00846458 0.00820522 0.00844989 0.00824547 0.00859074 0.0086232 0.00832879 0.008149 0.00824566 0.00849251 0.00845967 0.0085435 0.00837718 0.00809145 0.00812731 0.00836585 0.0082763 0.00841822 0.00832182 0.00817252 0.00800329 0.00805502 0.00819792 0.00806401 0.00817987 
0.00376845 0.00412869 0 0.00323134 0.0133162 0.922656 0.00890016 0.00597099 0.00953956 0.00988768 0.00712094 0.00998005 0.0279667 0.0129371 0.0090443 0.010109 0.00952289 0.0112412 0.00950521 0.0111968 0.0106461 0.0104409 0.00865324 0.00981834 0.0113699 0.0101686 0.0098769 0.0100496 0.0107782 0.00977826 0.00863748 0.00881183 0.0117417 0.00917789 0.0100484 0.00954388 0.00958769 0.0083871 0.00857455 0.00895786 0.00956799 0.00974601 0.0109523 0.00878335 0.00821299 0.00819449 0.00815087 0.00818916 0.00836516 0.00836155 0.00827676 0.00834198 0.00869425 0.008924 0.00838023 0.00827673 0.00829299 0.00838626 0.00852721 0.00876622 0.00830868 0.00815241 0.00828495 0.00843828 0.00836887 0.00851106 0.00874768 0.0081629 0.0081893 0.0081946 0.00812228 0.0081021 0.00804497 
0.00646972 0.00321219 0.00323134 0 0.957204 0.0113366 0.00587278 0.00733334 0.012712 0.00723575 0.00753989 0.0359766 0.00950822 0.0101545 0.01747 0.0147226 0.0176665 0.00944172 0.0094866 0.00910768 0.00933216 0.00904319 0.0101657 0.0215428 0.00932413 0.00949061 0.00999831 0.00912141 0.00913325 0.00904618 0.00963713 0.0155073 0.00971908 0.00895241 0.0095418 0.00888239 0.00860488 0.00954159 0.0111537 0.008725 0.00912202 0.00895579 0.00911236 0.0099849 0.0097888 0.00933976 0.00813569 0.0083411 0.00818179 0.00837762 0.00849585 0.00965209 0.00834569 0.00857429 0.00836047 0.00912655 0.00826879 0.00822761 0.0083454 0.00829513 0.00857252 0.00973118 0.00832977 0.00824655 0.0083676 0.00827916 0.00829505 0.00826979 0.00939164 0.0081148 0.00816718 0.00955252 0.00886535 
0.00841796 0.00621581 0.0133162 0.957204 0 0.00328957 0.00337348 0.0037773 0.00478597 0.0062586 0.0695401 0.0115528 0.00905473 0.0110871 0.0293158 0.0154847 0.0222191 0.016069 0.012313 0.0136207 0.0115077 0.0124225 0.0201984 0.0187816 0.0125355 0.0146914 0.0147961 0.0127351 0.0113094 0.012739 0.0160844 0.0154559 0.014342 0.0145566 0.0135281 0.013186 0.0114509 0.017535 0.0127372 0.0108457 0.0120954 0.015427 0.0137348 0.0234846 0.0111738 0.00867991 0.00855592 0.00862027 0.00924206 0.00875653 0.0147666 0.0105766 0.00971904 0.0110306 0.012313 0.00904711 0.00859014 0.00909516 0.00955692 0.0103321 0.0131152 0.00912278 0.00854397 0.00904655 0.00928735 0.00910068 0.00927674 0.0107436 0.00828724 0.0082995 0.00953626 0.00878162 0.00962177 
0.0126966 0.00964153 0.922656 0.0113366 0.00328957 0 0.00321854 0.00325757 0.00406714 0.0281102 0.0292142 0.0100547 0.0128003 0.0369338 0.010782 0.00763661 0.014846 0.0316172 0.0282672 0.0200784 0.0268714 0.0156275 0.0104178 0.0132943 0.0224339 0.0389463 0.0294537 0.0195282 0.0300642 0.0138837 0.0104964 0.0117555 0.0302273 0.0303395 0.0434411 0.0199119 0.0242651 0.0104775 0.010097 0.0186906 0.0349031 0.0275829 0.0349784 0.0129639 0.00860974 0.0085985 0.00884271 0.0118372 0.0102271 0.0143624 0.00931704 0.00998884 0.0126044 0.0225196 0.00964396 0.00886565 0.0108695 0.0125784 0.0151056 0.0132945 0.010272 0.0086334 0.0109123 0.0113687 0.0121234 0.0113349 0.0109008 0.00871691 0.00838534 0.00856261 0.00895384 0.00824897 0.00824443 
0.0366365 0.920378 0.00890016 0.00587278 0.00337348 0.00321854 0 0.0032011 0.00612602 0.0160223 0.00774692 0.00874514 0.0124322 0.0133986 0.0198911 0.0111983 0.0128292 0.0208088 0.0219784 0.0171445 0.0224995 0.0328079 0.0100674 0.0129223 0.0315669 0.0180264 0.0207825 0.0296017 0.013352 0.0393407 0.0109435 0.010967 0.021277 0.0293481 0.0180014 0.0303327 0.0261493 0.0100169 0.0102217 0.0179626 0.0146387 0.0302206 0.0295542 0.028197 0.00872478 0.00843906 0.0101071 0.00883972 0.0146696 0.0105062 0.00988037 0.00970893 0.0143178 0.01409 0.0101799 0.00941962 0.0103163 0.0124881 0.0122789 0.0153475 0.00950461 0.00931839 0.00949238 0.0119107 0.0103069 0.0117289 0.0111331 0.00877087 0.00880019 0.00866099 0.00859795 0.00847729 0.00806806 
0.961199 0.00829462 0.00597099 0.00733334 0.0037773 0.00325757 0.0032011 0 0.0171484 0.00354417 0.00392169 0.0173504 0.00713436 0.00952563 0.0635334 0.00906751 0.0200083 0.0107373 0.00968089 0.0115323 0.0111183 0.0102034 0.013004 0.0273011 0.0108958 0.0114325 0.0123613 0.00969256 0.0118652 0.00993768 0.0149746 0.0185666 0.0110145 0.0101599 0.0128069 0.0107358 0.00953177 0.0147047 0.0125135 0.0090069 0.0124467 0.00951685 0.0132737 0.0134875 0.0108401 0.0101145 0.00827306 0.0086016 0.00857406 0.00938564 0.0092602 0.0110411 0.00875958 0.00958244 0.00886663 0.0101991 0.00890756 0.00860113 0.00890967 0.00882752 0.00960853 0.0102255 0.00893988 0.00866778 0.00874004 0.00863114 0.00913086 0.00855674 0.0103254 0.00830367 0.00845134 0.00935186 0.00868469 
0.0131508 0.00809968 0.00953956 0.012712 0.00478597 0.00406714 0.00612602 0.0171484 0 0.00510227 0.00344352 0.00525952 0.00818817 0.73074 0.0200667 0.00743107 0.0131029 0.00952911 0.0096215 0.00879843 0.00935014 0.00936551 0.0161603 0.0146216 0.00925595 0.00983296 0.00994341 0.00920003 0.00906466 0.00974716 0.0123191 0.011445 0.0101873 0.00970839 0.00967128 0.00939432 0.00906415 0.012826 0.00995159 0.00919433 0.00915885 0.0094485 0.00930365 0.0133213 0.00959019 0.00872268 0.00819954 0.00838107 0.00843715 0.00897037 0.00993603 0.00909005 0.00848956 0.00892466 0.00911003 0.00829072 0.00820109 0.00824943 0.00841928 0.00855171 0.00970902 0.00861804 0.00817986 0.0082804 0.00835538 0.00843872 0.00831223 0.00871222 0.00815841 0.00804366 0.00856586 0.00859997 0.00935007 
0.00849975 0.0120058 0.00988768 0.00723575 0.0062586 0.0281102 0.0160223 0.00354417 0.00510227 0 0.00375849 0.00391232 0.917334 0.00803878 0.0048665 0.00480694 0.00998089 0.012711 0.00863509 0.00878738 0.00864513 0.0122408 0.00880248 0.00991895 0.0108259 0.00893526 0.00903916 0.00903581 0.0087241 0.0114213 0.00865655 0.00885791 0.0105902 0.00889625 0.00890645 0.00887604 0.0100018 0.00838999 0.00858717 0.00898108 0.00856398 0.00887081 0.0102564 0.00899161 0.00845626 0.00815422 0.00830942 0.00803564 0.00835639 0.00844713 0.00837069 0.00846709 0.00866669 0.00863512 0.00824582 0.00832557 0.00823281 0.00814846 0.00841124 0.00863284 0.0082278 0.00819167 0.00817717 0.00816165 0.00818411 0.00827915 0.00836522 0.00816949 0.00813158 0.00815769 0.00807409 0.00815737 0.00815649 
0.0156159 0.00759483 0.00712094 0.00753989 0.0695401 0.0292142 0.00774692 0.00392169 0.00344352 0.00375849 0 0.971594 0.00628239 0.00360275 0.00399567 0.00480902 0.0119201 0.00913551 0.00865122 0.00843895 0.00907458 0.00876239 0.0105854 0.0147756 0.00893986 0.00906485 0.00908943 0.00869153 0.00887127 0.00886863 0.00965247 0.0106817 0.00904649 0.00880021 0.00898959 0.00882365 0.0086142 0.00976974 0.00974371 0.00864009 0.0089703 0.00872163 0.00913368 0.010986 0.00903431 0.00868906 0.00805051 0.00806519 0.00824698 0.00813364 0.00882746 0.00888811 0.00831132 0.00829118 0.00848556 0.00852379 0.00812785 0.00816871 0.00826683 0.00835262 0.00838906 0.00868696 0.00812393 0.00816086 0.00816189 0.00819473 0.00822709 0.00816073 0.00850291 0.00810232 0.00819164 0.00855584 0.00825887 
0.016541 0.010171 0.00998005 0.0359766 0.0115528 0.0100547 0.00874514 0.0173504 0.00525952 0.00391232 0.971594 0 0.00336444 0.00336551 0.00692723 0.00846909 0.0326661 0.0112695 0.010993 0.0121084 0.0114207 0.0114258 0.0311137 0.0140937 0.0109051 0.0105622 0.0120651 0.0105863 0.00904461 0.0118399 0.0180159 0.0135279 0.0124553 0.0113132 0.0122468 0.0105151 0.010613 0.019104 0.0117129 0.010154 0.010036 0.0117106 0.0107049 0.020081 0.0116858 0.00853401 0.00885974 0.00833546 0.00890338 0.00877815 0.0155786 0.00990307 0.00898151 0.00994882 0.0123626 0.00863842 0.00842202 0.00867629 0.00879562 0.00936703 0.015168 0.0088482 0.00845184 0.00851561 0.00871223 0.00872854 0.00884806 0.0110926 0.0081743 0.00822562 0.00904293 0.00883203 0.00951482 
0.0106509 0.0104916 0.0279667 0.00950822 0.00905473 0.0128003 0.0124322 0.00713436 0.00818817 0.917334 0.00628239 0.00336444 0 0.00343089 0.00326935 0.00367838 0.0161763 0.0643587 0.0148371 0.0200695 0.0115639 0.0150058 0.00972471 0.0107565 0.0165133 0.0169738 0.016504 0.0133598 0.0128893 0.0128355 0.0094452 0.00974848 0.0180545 0.0187155 0.0163783 0.017184 0.0135321 0.0098399 0.00902964 0.0133452 0.0163191 0.0217915 0.0155762 0.0106477 0.00839568 0.00819593 0.00892895 0.00928984 0.0101748 0.00937165 0.00910239 0.00873402 0.0103071 0.011795 0.00893273 0.0084172 0.00889848 0.0098928 0.0104548 0.0100903 0.00932071 0.00842456 0.00873193 0.00968698 0.00910706 0.00915594 0.0093147 0.00857179 0.0081419 0.00828843 0.00843735 0.00805095 0.00815564 
0.0114124 0.021972 0.0129371 0.0101545 0.0110871 0.0369338 0.0133986 0.00952563 0.73074 0.00803878 0.00360275 0.00336551 0.00343089 0 0.00393813 0.00381229 0.0149024 0.0234656 0.0255413 0.0129945 0.0277885 0.0130564 0.0101848 0.0115477 0.0157596 0.017109 0.0139558 0.0120312 0.0159439 0.0134098 0.00995929 0.0103656 0.0157618 0.0153306 0.0187708 0.0167675 0.0178424 0.010165 0.00923907 0.0120077 0.0162408 0.0144381 0.0304261 0.0122116 0.00856146 0.00843995 0.00876189 0.00914113 0.00906594 0.0119428 0.00887576 0.00880804 0.0102419 0.014123 0.00907812 0.00882047 0.00936054 0.00950871 0.0104709 0.0111729 0.00889867 0.00856015 0.00916383 0.00935758 0.00972651 0.0100837 0.00984052 0.00837857 0.00839794 0.00868537 0.00832341 0.00819829 0.00818186 
0.0320308 0.0110315 0.0090443 0.01747 0.0293158 0.010782 0.0198911 0.0635334 0.0200667 0.0048665 0.00399567 0.00692723 0.00326935 0.00393813 0 0.00826425 0.0251953 0.018866 0.0138112 0.028745 0.0119011 0.0326307 0.0170907 0.0239162 0.0134286 0.0123056 0.0124627 0.0117161 0.0102536 0.0133817 0.0189941 0.0172925 0.0155849 0.0126598 0.012355 0.0135229 0.0121172 0.0177184 0.0162105 0.0113968 0.01111 0.0119315 0.0139462 0.0279428 0.0125306 0.0103279 0.00914183 0.00842809 0.00928975 0.00896884 0.0120769 0.0118055 0.00970355 0.00998716 0.0102552 0.0112771 0.00908149 0.00908118 0.00916875 0.00992852 0.0102934 0.01139 0.00904238 0.00932566 0.0089678 0.00915028 0.00875016 0.00926137 0.0105278 0.00841475 0.00867569 0.00961686 0.00854303 
0.015038 0.00858231 0.010109 0.0147226 0.0154847 0.00763661 0.0111983 0.00906751 0.00743107 0.00480694 0.00480902 0.00846909 0.00367838 0.00381229 0.00826425 0 0.0239477 0.00734055 0.00646275 0.00697118 0.00740956 0.00798084 0.0161793 0.0199129 0.00962022 0.00940434 0.00903265 0.00863538 0.00912382 0.00981671 0.0215607 0.016831 0.0102032 0.00914218 0.00950214 0.00920065 0.00940807 0.0118921 0.013701 0.0094179 0.00885892 0.0086331 0.00968501 0.0118861 0.0476556 0.00987478 0.00826301 0.0081582 0.00821906 0.00846873 0.00991988 0.0115277 0.00879967 0.00872685 0.00958811 0.00955016 0.00820628 0.00814272 0.00823435 0.00845619 0.00978589 0.00993956 0.00852551 0.0081062 0.00809966 0.00814763 0.00853232 0.00915632 0.0090988 0.00849917 0.00868128 0.0112795 0.0116179 
0.0138394 0.00961996 0.00952289 0.0176665 0.0222191 0.014846 0.0128292 0.0200083 0.0131029 0.00998089 0.0119201 0.0326661 0.0161763 0.0149024 0.0251953 0.0239477 0 0.00323064 0.00319978 0.00320576 0.00319614 0.00330135 0.00470025 0.00764158 0.0074656 0.00775742 0.00753127 0.00879337 0.0396133 0.0767879 0.0498064 0.0177179 0.0184005 0.0128494 0.011653 0.0119727 0.0123668 0.0270723 0.0210463 0.0132851 0.013438 0.0131318 0.0141699 0.0260105 0.0132252 0.0106852 0.00902437 0.00941419 0.0094622 0.0100298 0.016803 0.0135237 0.0105764 0.0123942 0.0138156 0.0106781 0.00944616 0.00949941 0.00996317 0.0114195 0.0167474 0.0103128 0.00928436 0.00955032 0.00971237 0.0102141 0.00984027 0.0170773 0.00877566 0.00848509 0.0108294 0.00910607 0.00949412 
0.0113365 0.0151453 0.0112412 0.00944172 0.016069 0.0316172 0.0208088 0.0107373 0.00952911 0.012711 0.00913551 0.0112695 0.0643587 0.0234656 0.018866 0.00734055 0.00323064 0 0.00324588 0.00320961 0.00321622 0.003248 0.00330119 0.00609587 0.00723009 0.00739181 0.00919107 0.0535235 0.0542637 0.0580204 0.00789446 0.0116182 0.0303039 0.0198098 0.0199955 0.015802 0.0251555 0.0106771 0.0124124 0.0233749 0.0180706 0.0275819 0.027471 0.015981 0.00913023 0.00912948 0.010412 0.0121041 0.0135277 0.0175982 0.00979891 0.011212 0.0182009 0.0232233 0.0102076 0.00940726 0.0134407 0.0131907 0.0166933 0.0174443 0.0102383 0.00888925 0.0162676 0.0121929 0.0141899 0.0138583 0.0176193 0.00940593 0.0084133 0.00911934 0.00867808 0.0082538 0.00821795 
0.0106831 0.0139161 0.00950521 0.0094866 0.012313 0.0282672 0.0219784 0.00968089 0.0096215 0.00863509 0.00865122 0.010993 0.0148371 0.0255413 0.0138112 0.00646275 0.00319978 0.00324588 0 0.00322211 0.00321515 0.003205 0.00321327 0.00421357 0.00793761 0.00850325 0.0490825 0.0629637 0.0613468 0.00837583 0.00712108 0.0100805 0.0189759 0.0307881 0.0208981 0.039155 0.0144807 0.0100964 0.0114888 0.0141438 0.0320437 0.0441521 0.0267287 0.0135764 0.00864136 0.00894532 0.0109223 0.0127543 0.0255217 0.0124488 0.00997792 0.0101516 0.0208042 0.0159553 0.00997272 0.00980558 0.012183 0.0208534 0.0250573 0.0139886 0.00966752 0.00966647 0.0106838 0.0263375 0.0180492 0.0381874 0.0129775 0.00935184 0.00921521 0.00862645 0.00920977 0.00816305 0.0080936 
0.0114639 0.00982434 0.0111968 0.00910768 0.0136207 0.0200784 0.0171445 0.0115323 0.00879843 0.00878738 0.00843895 0.0121084 0.0200695 0.0129945 0.028745 0.00697118 0.00320576 0.00320961 0.00322211 0 0.0032086 0.00323118 0.00321504 0.00411142 0.00628181 0.052543 0.0794814 0.0370996 0.0138209 0.00815758 0.00659095 0.00976744 0.0137485 0.0176636 0.0414956 0.017687 0.0159778 0.00982853 0.0104926 0.0149926 0.0329246 0.0644709 0.0225179 0.0143952 0.00875786 0.00913904 0.0105525 0.0167003 0.0226072 0.0123386 0.00997261 0.0107226 0.0176255 0.0193104 0.0101052 0.00980574 0.0128034 0.0341149 0.029689 0.0151712 0.0104147 0.00911366 0.0144629 0.0217613 0.0510871 0.0263648 0.0120589 0.0100012 0.00871823 0.0088904 0.00900962 0.00811315 0.00807672 
0.0110004 0.00964356 0.0106461 0.00933216 0.0115077 0.0268714 0.0224995 0.0111183 0.00935014 0.00864513 0.00907458 0.0114207 0.0115639 0.0277885 0.0119011 0.00740956 0.00319614 0.00321622 0.00321515 0.0032086 0 0.00319148 0.00319375 0.00422158 0.0239473 0.0794845 0.028298 0.00950431 0.011224 0.00737262 0.00725119 0.0103225 0.0121423 0.0217048 0.0231378 0.020295 0.0143269 0.0119957 0.0106869 0.0150622 0.0495486 0.0275901 0.036823 0.0160086 0.00855318 0.00900765 0.00991949 0.0197159 0.0120046 0.0150627 0.00963904 0.010341 0.0128438 0.0282119 0.0103276 0.00948339 0.0158259 0.0229461 0.0241955 0.0139955 0.0105788 0.00933791 0.0120602 0.0384727 0.0219602 0.0188506 0.0158217 0.00930264 0.00934571 0.008759 0.00960435 0.00809304 0.00813525 
0.00934461 0.0107675 0.0104409 0.00904319 0.0124225 0.0156275 0.0328079 0.0102034 0.00936551 0.0122408 0.00876239 0.0114258 0.0150058 0.0130564 0.0326307 0.00798084 0.00330135 0.003248 0.003205 0.00323118 0.00319148 0 0.00322055 0.00687299 0.127428 0.0118302 0.00992587 0.0061382 0.00622825 0.00827194 0.00714496 0.00897619 0.0280266 0.0108693 0.0136718 0.0120662 0.0258515 0.0115226 0.0114981 0.0165967 0.0127947 0.0175606 0.0281308 0.0230388 0.00919551 0.00884003 0.0114169 0.00894861 0.011622 0.0111168 0.0106614 0.0100222 0.0158388 0.0154226 0.0109081 0.010001 0.0111393 0.0114159 0.0116251 0.0156565 0.00971215 0.00956502 0.0235435 0.0116975 0.0106124 0.0114125 0.0117554 0.00930627 0.00954867 0.0100499 0.00897945 0.00841931 0.00806704 
0.0220615 0.00902565 0.00865324 0.0101657 0.0201984 0.0104178 0.0100674 0.013004 0.0161603 0.00880248 0.0105854 0.0311137 0.00972471 0.0101848 0.0170907 0.0161793 0.00470025 0.00330119 0.00321327 0.00321504 0.00319375 0.00322055 0 0.130264 0.0131921 0.00375419 0.00361558 0.00416528 0.00536449 0.005906 0.0113673 0.0230182 0.00998886 0.00931148 0.00952796 0.00973801 0.00987534 0.0149206 0.0173274 0.0101556 0.0109612 0.00951257 0.011101 0.0207075 0.0163715 0.0135859 0.00897419 0.00896874 0.00915557 0.00925298 0.011371 0.0149115 0.0102424 0.0105774 0.0109761 0.0131396 0.00996944 0.0092697 0.0099903 0.0100421 0.0117483 0.0270577 0.00957996 0.00905209 0.00951211 0.00915904 0.00980008 0.0102114 0.0117372 0.00863893 0.0097574 0.0101766 0.00888774 
0.0132638 0.0091125 0.00981834 0.0215428 0.0187816 0.0132943 0.0129223 0.0273011 0.0146216 0.00991895 0.0147756 0.0140937 0.0107565 0.0115477 0.0239162 0.0199129 0.00764158 0.00609587 0.00421357 0.00411142 0.00422158 0.00687299 0.130264 0 0.00329653 0.00321128 0.00322318 0.00327982 0.00331271 0.00523613 0.00640459 0.0179053 0.0118736 0.00983844 0.0119224 0.0112445 0.0118503 0.071116 0.0187164 0.0124387 0.0126603 0.0130777 0.015957 0.0309992 0.01864 0.0112499 0.00930946 0.0114066 0.00957329 0.0127799 0.022145 0.0176188 0.0135936 0.0161056 0.018586 0.0117256 0.0103444 0.00984461 0.010903 0.013022 0.0248503 0.0104886 0.0102914 0.00969621 0.0102285 0.0103782 0.0105794 0.0199101 0.00940957 0.00881227 0.0133053 0.01054 0.0108687 
0.00931817 0.0108429 0.0113699 0.00932413 0.0125355 0.0224339 0.0315669 0.0108958 0.00925595 0.0108259 0.00893986 0.0109051 0.0165133 0.0157596 0.0134286 0.00962022 0.0074656 0.00723009 0.00793761 0.00628181 0.0239473 0.127428 0.0131921 0.00329653 0 0.00323304 0.00321279 0.00335155 0.00325741 0.00610032 0.00377982 0.00893251 0.0151666 0.0139952 0.0127622 0.0177169 0.0452777 0.0407601 0.0121467 0.0263699 0.0146247 0.0314803 0.0261359 0.0177488 0.0104645 0.00891394 0.0128943 0.00980034 0.0183641 0.0121726 0.0123281 0.0104907 0.0362134 0.0224249 0.0117162 0.00952482 0.0142295 0.0176675 0.0173449 0.0272389 0.0109536 0.00965503 0.0126531 0.0188603 0.0150716 0.0168602 0.0144233 0.0104306 0.0089697 0.00902626 0.00937391 0.00830455 0.00822606 
0.011572 0.0108371 0.0101686 0.00949061 0.0146914 0.0389463 0.0180264 0.0114325 0.00983296 0.00893526 0.00906485 0.0105622 0.0169738 0.017109 0.0123056 0.00940434 0.00775742 0.00739181 0.00850325 0.052543 0.0794845 0.0118302 0.00375419 0.00321128 0.00323304 0 0.00319369 0.00319864 0.00323235 0.00332027 0.00329519 0.00936542 0.013463 0.0136167 0.0217343 0.0261449 0.0322017 0.0366074 0.011344 0.0191038 0.0436539 0.027843 0.0274379 0.0187385 0.00920803 0.0101818 0.0103918 0.0187708 0.016435 0.0174002 0.0103048 0.0130205 0.0222607 0.0326945 0.0114424 0.01103 0.0167382 0.0281112 0.0533649 0.0178765 0.012845 0.00998648 0.017053 0.0282377 0.0379441 0.0331443 0.0158558 0.0104634 0.00938724 0.00911772 0.00956448 0.00852623 0.00821153 
0.0124979 0.0111794 0.0098769 0.00999831 0.0147961 0.0294537 0.0207825 0.0123613 0.00994341 0.00903916 0.00908943 0.0120651 0.016504 0.0139558 0.0124627 0.00903265 0.00753127 0.00919107 0.0490825 0.0794814 0.028298 0.00992587 0.00361558 0.00322318 0.00321279 0.00319369 0 0.00320693 0.0032039 0.00323353 0.0033619 0.00901989 0.0124648 0.0160008 0.0459631 0.0453047 0.0741956 0.0136784 0.0115886 0.0139461 0.0255009 0.0316262 0.0271362 0.0159541 0.00932787 0.00912184 0.0125136 0.0150837 0.0217485 0.0145889 0.011003 0.0126116 0.0291635 0.0223159 0.0123965 0.0111177 0.0190276 0.0466656 0.0370356 0.0205202 0.0128958 0.0102245 0.0169702 0.0348042 0.0438525 0.0354633 0.0169587 0.0103793 0.00964197 0.00926885 0.00987072 0.00823997 0.00813833 
0.00991113 0.0103815 0.0100496 0.00912141 0.0127351 0.0195282 0.0296017 0.00969256 0.00920003 0.00903581 0.00869153 0.0105863 0.0133598 0.0120312 0.0117161 0.00863538 0.00879337 0.0535235 0.0629637 0.0370996 0.00950431 0.0061382 0.00416528 0.00327982 0.00335155 0.00319864 0.00320693 0 0.00320085 0.00321214 0.00321883 0.00840058 0.0129906 0.0503888 0.0283036 0.0879339 0.0165362 0.00860868 0.00985893 0.0138762 0.0167874 0.0322922 0.0197689 0.0160818 0.00898291 0.00907476 0.0122528 0.0122193 0.0257011 0.0112894 0.0108654 0.0111781 0.0271825 0.020978 0.0119924 0.0100621 0.023823 0.0360967 0.0325157 0.0223382 0.00998639 0.00980436 0.014525 0.0469773 0.0353889 0.0342951 0.0131496 0.0102292 0.0093771 0.00911415 0.0091249 0.00820184 0.0080789 
0.0111067 0.00903614 0.0107782 0.00913325 0.0113094 0.0300642 0.013352 0.0118652 0.00906466 0.0087241 0.00887127 0.00904461 0.0128893 0.0159439 0.0102536 0.00912382 0.0396133 0.0542637 0.0613468 0.0138209 0.011224 0.00622825 0.00536449 0.00331271 0.00325741 0.00323235 0.0032039 0.00320085 0 0.00320399 0.00320589 0.00878159 0.0543926 0.0562995 0.0717391 0.0175282 0.00953194 0.00949418 0.0102513 0.0111341 0.0347962 0.0180694 0.0267553 0.0135926 0.00874207 0.00925574 0.00920601 0.0261797 0.0115866 0.0168252 0.00935518 0.0106498 0.0151661 0.0311485 0.0103209 0.0102425 0.0154856 0.0201254 0.0375974 0.0149543 0.0114655 0.00908017 0.0173264 0.0217083 0.0328588 0.0189881 0.013899 0.00936711 0.00927905 0.00876932 0.00961971 0.00830029 0.00813623 
0.00897873 0.0116088 0.00977826 0.00904618 0.012739 0.0138837 0.0393407 0.00993768 0.00974716 0.0114213 0.00886863 0.0118399 0.0128355 0.0134098 0.0133817 0.00981671 0.0767879 0.0580204 0.00837583 0.00815758 0.00737262 0.00827194 0.005906 0.00523613 0.00610032 0.00332027 0.00323353 0.00321214 0.00320399 0 0.00329475 0.0423091 0.0811753 0.039829 0.0106777 0.0102308 0.0174453 0.00877372 0.0111268 0.0145451 0.0127446 0.0157177 0.0250374 0.0274588 0.0102465 0.00925899 0.0145082 0.00932861 0.0131517 0.013213 0.0126721 0.0114282 0.0197394 0.0204033 0.0137147 0.0110136 0.0145732 0.016454 0.0144523 0.0264779 0.0103236 0.0117044 0.0125138 0.016141 0.0116942 0.0146384 0.0133152 0.0100191 0.009865 0.010329 0.00961699 0.00869431 0.0082502 
0.0179945 0.00871784 0.00863748 0.00963713 0.0160844 0.0104964 0.0109435 0.0149746 0.0123191 0.00865655 0.00965247 0.0180159 0.0094452 0.00995929 0.0189941 0.0215607 0.0498064 0.00789446 0.00712108 0.00659095 0.00725119 0.00714496 0.0113673 0.00640459 0.00377982 0.00329519 0.0033619 0.00321883 0.00320589 0.00329475 0 0.0540336 0.0397895 0.00729554 0.00709608 0.00749312 0.00784717 0.0103231 0.0129987 0.00887215 0.0101058 0.00949925 0.0149548 0.0324841 0.0151085 0.012437 0.00928221 0.00893469 0.00925074 0.0101881 0.0128697 0.0151158 0.0102694 0.012772 0.0128045 0.0142645 0.00991013 0.0101342 0.0103589 0.0109088 0.0162176 0.0128518 0.0102397 0.00954384 0.00999203 0.0100853 0.0107496 0.0109562 0.0115247 0.00863252 0.0103683 0.0100783 0.00886916 
0.0109508 0.00879206 0.00881183 0.0155073 0.0154559 0.0117555 0.010967 0.0185666 0.011445 0.00885791 0.0106817 0.0135279 0.00974848 0.0103656 0.0172925 0.016831 0.0177179 0.0116182 0.0100805 0.00976744 0.0103225 0.00897619 0.0230182 0.0179053 0.00893251 0.00936542 0.00901989 0.00840058 0.00878159 0.0423091 0.0540336 0 0.00336006 0.00321645 0.00322808 0.00327114 0.00331427 0.0045081 0.00679545 0.00687144 0.00707777 0.00737585 0.0112895 0.05945 0.0263231 0.0182198 0.0091716 0.0106705 0.00923775 0.01306 0.0182601 0.0264072 0.0147025 0.0168451 0.0194181 0.0167073 0.0122836 0.0103212 0.0119254 0.0128669 0.0252806 0.0154548 0.0114584 0.0107858 0.0113239 0.0111568 0.0106146 0.0511209 0.00969066 0.00885803 0.0131577 0.0108738 0.0109917 
0.0105768 0.0105994 0.0117417 0.00971908 0.014342 0.0302273 0.021277 0.0110145 0.0101873 0.0105902 0.00904649 0.0124553 0.0180545 0.0157618 0.0155849 0.0102032 0.0184005 0.0303039 0.0189759 0.0137485 0.0121423 0.0280266 0.00998886 0.0118736 0.0151666 0.013463 0.0124648 0.0129906 0.0543926 0.0811753 0.0397895 0.00336006 0 0.00321823 0.00321908 0.00341134 0.00334473 0.00343589 0.0073586 0.0084336 0.0070194 0.0133305 0.0685519 0.125477 0.0154773 0.0105931 0.0151253 0.0118159 0.0151126 0.0174699 0.0120516 0.0230722 0.0509329 0.0384765 0.0120045 0.0134818 0.0264901 0.0210945 0.0277357 0.0314833 0.0144237 0.0129559 0.0297532 0.0210003 0.0215094 0.0206298 0.0860873 0.0110174 0.00955471 0.0111207 0.0108072 0.00887153 0.00860712 
0.0103427 0.0113198 0.00917789 0.00895241 0.0145566 0.0303395 0.0293481 0.0101599 0.00970839 0.00889625 0.00880021 0.0113132 0.0187155 0.0153306 0.0126598 0.00914218 0.0128494 0.0198098 0.0307881 0.0176636 0.0217048 0.0108693 0.00931148 0.00983844 0.0139952 0.0136167 0.0160008 0.0503888 0.0562995 0.039829 0.00729554 0.00321645 0.00321823 0 0.00321707 0.00320824 0.003204 0.003237 0.00437429 0.00536862 0.00688263 0.0537817 0.0869427 0.0542592 0.00764468 0.00874202 0.0125308 0.0128709 0.0283484 0.0116052 0.0121435 0.0158332 0.0495825 0.0243293 0.0124839 0.0130282 0.0208895 0.0543623 0.0579118 0.0322774 0.0119959 0.0115808 0.0252283 0.0730923 0.0390265 0.120759 0.0158912 0.0116404 0.0106345 0.00972224 0.0100961 0.00851917 0.00823291 
0.0114836 0.00937779 0.0100484 0.0095418 0.0135281 0.0434411 0.0180014 0.0128069 0.00967128 0.00890645 0.00898959 0.0122468 0.0163783 0.0187708 0.012355 0.00950214 0.011653 0.0199955 0.0208981 0.0414956 0.0231378 0.0136718 0.00952796 0.0119224 0.0127622 0.0217343 0.0459631 0.0283036 0.0717391 0.0106777 0.00709608 0.00322808 0.00321908 0.00321707 0 0.00319515 0.00322369 0.00323586 0.00679611 0.004668 0.058035 0.0757355 0.0607748 0.00879833 0.00794684 0.0094178 0.00966509 0.027157 0.0139788 0.0205351 0.0111917 0.0163849 0.0267824 0.0411696 0.0144224 0.0136887 0.0244119 0.0467323 0.07754 0.0253919 0.0160811 0.010953 0.0284328 0.0399011 0.149466 0.0352594 0.0272049 0.011103 0.0100685 0.00996435 0.0109781 0.00872608 0.00832165 
0.00997801 0.010218 0.00954388 0.00888239 0.013186 0.0199119 0.0303327 0.0107358 0.00939432 0.00887604 0.00882365 0.0105151 0.017184 0.0167675 0.0135229 0.00920065 0.0119727 0.015802 0.039155 0.017687 0.020295 0.0120662 0.00973801 0.0112445 0.0177169 0.0261449 0.0453047 0.0879339 0.0175282 0.0102308 0.00749312 0.00327114 0.00341134 0.00320824 0.00319515 0 0.00320317 0.00322966 0.00349336 0.0290752 0.0485527 0.0731799 0.0129433 0.00715897 0.00689774 0.00865128 0.0129489 0.0136248 0.0282427 0.0128645 0.0128855 0.0141423 0.0312674 0.0355014 0.0128394 0.0128018 0.0241862 0.0585346 0.0452226 0.0322515 0.0121669 0.0113424 0.0176213 0.121361 0.0343174 0.0534017 0.0177998 0.0117968 0.0116403 0.00971876 0.0101496 0.00848857 0.0082306 
0.00915127 0.00958996 0.00958769 0.00860488 0.0114509 0.0242651 0.0261493 0.00953177 0.00906415 0.0100018 0.0086142 0.010613 0.0135321 0.0178424 0.0121172 0.00940807 0.0123668 0.0251555 0.0144807 0.0159778 0.0143269 0.0258515 0.00987534 0.0118503 0.0452777 0.0322017 0.0741956 0.0165362 0.00953194 0.0174453 0.00784717 0.00331427 0.00334473 0.003204 0.00322369 0.00320317 0 0.00320931 0.0142485 0.0351226 0.018172 0.00500292 0.0116772 0.00863842 0.00741465 0.00978068 0.0128458 0.0103262 0.0135872 0.019665 0.0118326 0.0121185 0.0380007 0.0438495 0.0139128 0.0132884 0.0263662 0.0209625 0.0294102 0.0394996 0.0140661 0.0105345 0.0453655 0.0239177 0.0221536 0.0204401 0.0469688 0.0107578 0.010623 0.0142727 0.0112631 0.00866612 0.00815042 
0.0130681 0.00865171 0.0083871 0.00954159 0.017535 0.0104775 0.0100169 0.0147047 0.012826 0.00838999 0.00976974 0.019104 0.0098399 0.010165 0.0177184 0.0118921 0.0270723 0.0106771 0.0100964 0.00982853 0.0119957 0.0115226 0.0149206 0.071116 0.0407601 0.0366074 0.0136784 0.00860868 0.00949418 0.00877372 0.0103231 0.0045081 0.00343589 0.003237 0.00323586 0.00322966 0.00320931 0 0.105434 0.0057498 0.00427788 0.00361389 0.00532792 0.00718655 0.0095432 0.0185269 0.0087602 0.0092231 0.00887898 0.0132643 0.0191585 0.0304684 0.0107899 0.0199729 0.0202145 0.0241927 0.0108314 0.0106483 0.0129826 0.0186994 0.0219749 0.0278879 0.0108982 0.0111622 0.0110801 0.0106952 0.0111719 0.0215782 0.0147881 0.00899639 0.0145908 0.0122201 0.00931254 
0.00950374 0.00853462 0.00857455 0.0111537 0.0127372 0.010097 0.0102217 0.0125135 0.00995159 0.00858717 0.00974371 0.0117129 0.00902964 0.00923907 0.0162105 0.013701 0.0210463 0.0124124 0.0114888 0.0104926 0.0106869 0.0114981 0.0173274 0.0187164 0.0121467 0.011344 0.0115886 0.00985893 0.0102513 0.0111268 0.0129987 0.00679545 0.0073586 0.00437429 0.00679611 0.00349336 0.0142485 0.105434 0 0.00325063 0.00320286 0.00320606 0.00345839 0.0049694 0.0094145 0.0113278 0.0102869 0.00837774 0.010493 0.0099478 0.353117 0.0268016 0.0143188 0.0146733 0.0206306 0.0166093 0.0113272 0.0106175 0.0115171 0.0130577 0.0352148 0.0160136 0.0119238 0.0108754 0.0106269 0.0115431 0.0124804 0.0190689 0.0102109 0.00883729 0.0131707 0.0100077 0.0100638 
0.00949852 0.0098811 0.00895786 0.008725 0.0108457 0.0186906 0.0179626 0.0090069 0.00919433 0.00898108 0.00864009 0.010154 0.0133452 0.0120077 0.0113968 0.0094179 0.0132851 0.0233749 0.0141438 0.0149926 0.0150622 0.0165967 0.0101556 0.0124387 0.0263699 0.0191038 0.0139461 0.0138762 0.0111341 0.0145451 0.00887215 0.00687144 0.0084336 0.00536862 0.004668 0.0290752 0.0351226 0.0057498 0.00325063 0 0.00319194 0.00320242 0.00326521 0.00339423 0.00484712 0.00839544 0.0101087 0.0101489 0.014254 0.332812 0.0236975 0.0142194 0.0454381 0.0188087 0.0110654 0.0136655 0.0216166 0.0209879 0.0200764 0.0485951 0.0111147 0.0129368 0.0231163 0.0227815 0.0189079 0.0234384 0.0193451 0.0116416 0.00986866 0.0107552 0.0104305 0.00877421 0.00849478 
0.0100907 0.00924007 0.00956799 0.00912202 0.0120954 0.0349031 0.0146387 0.0124467 0.00915885 0.00856398 0.0089703 0.010036 0.0163191 0.0162408 0.01111 0.00885892 0.013438 0.0180706 0.0320437 0.0329246 0.0495486 0.0127947 0.0109612 0.0126603 0.0146247 0.0436539 0.0255009 0.0167874 0.0347962 0.0127446 0.0101058 0.00707777 0.0070194 0.00688263 0.058035 0.0485527 0.018172 0.00427788 0.00320286 0.00319194 0 0.00320155 0.00321723 0.00324811 0.00397258 0.00763933 0.010037 0.0273005 0.265279 0.0339824 0.0117689 0.0139254 0.0188916 0.0418575 0.0116311 0.0114585 0.0269253 0.0384964 0.0959674 0.022595 0.0152508 0.0103308 0.0277463 0.0382389 0.0836238 0.0414031 0.0271279 0.0114632 0.0105508 0.010363 0.0116812 0.00865184 0.00828351 
0.0114372 0.0115136 0.00974601 0.00895579 0.015427 0.0275829 0.0302206 0.00951685 0.0094485 0.00887081 0.00872163 0.0117106 0.0217915 0.0144381 0.0119315 0.0086331 0.0131318 0.0275819 0.0441521 0.0644709 0.0275901 0.0175606 0.00951257 0.0130777 0.0314803 0.027843 0.0316262 0.0322922 0.0180694 0.0157177 0.00949925 0.00737585 0.0133305 0.0537817 0.0757355 0.0731799 0.00500292 0.00361389 0.00320606 0.00320242 0.00320155 0 0.00323169 0.00321801 0.00387907 0.00882761 0.039553 0.221963 0.0658151 0.0104684 0.0134247 0.0160271 0.0528742 0.0205248 0.0123206 0.0137946 0.0216643 0.14647 0.0575913 0.028676 0.011272 0.0146064 0.0230072 0.115678 0.0527272 0.0752524 0.0182654 0.0115661 0.0120228 0.0100816 0.0109022 0.0085678 0.0084312 
0.010137 0.00928188 0.0109523 0.00911236 0.0137348 0.0349784 0.0295542 0.0132737 0.00930365 0.0102564 0.00913368 0.0107049 0.0155762 0.0304261 0.0139462 0.00968501 0.0141699 0.027471 0.0267287 0.0225179 0.036823 0.0281308 0.011101 0.015957 0.0261359 0.0274379 0.0271362 0.0197689 0.0267553 0.0250374 0.0149548 0.0112895 0.0685519 0.0869427 0.0607748 0.0129433 0.0116772 0.00532792 0.00345839 0.00326521 0.00321723 0.00323169 0 0.00335684 0.00523976 0.0114168 0.263696 0.0307893 0.0164081 0.0509665 0.0134045 0.0154558 0.0353488 0.121123 0.0153703 0.0152187 0.0564367 0.023825 0.0493958 0.0645994 0.0212429 0.0120139 0.0394482 0.0309476 0.0461354 0.0291879 0.0964154 0.0142098 0.0120506 0.0213876 0.0151945 0.0110558 0.00892701 
0.0118259 0.00922569 0.00878335 0.0099849 0.0234846 0.0129639 0.028197 0.0134875 0.0133213 0.00899161 0.010986 0.020081 0.0106477 0.0122116 0.0279428 0.0118861 0.0260105 0.015981 0.0135764 0.0143952 0.0160086 0.0230388 0.0207075 0.0309992 0.0177488 0.0187385 0.0159541 0.0160818 0.0135926 0.0274588 0.0324841 0.05945 0.125477 0.0542592 0.00879833 0.00715897 0.00863842 0.00718655 0.0049694 0.00339423 0.00324811 0.00321801 0.00335684 0 0.0408958 0.232292 0.0181826 0.00949786 0.0158722 0.0175336 0.0579874 0.0230634 0.0207487 0.0254108 0.0577548 0.0418671 0.0171947 0.0195929 0.0199787 0.0404383 0.0393067 0.0310588 0.0149053 0.0210145 0.0167599 0.0216294 0.0182422 0.0463079 0.0228646 0.010743 0.0257692 0.0135464 0.00958889 
0.00886951 0.00827774 0.00821299 0.0097888 0.0111738 0.00860974 0.00872478 0.0108401 0.00959019 0.00845626 0.00903431 0.0116858 0.00839568 0.00856146 0.0125306 0.0476556 0.0132252 0.00913023 0.00864136 0.00875786 0.00855318 0.00919551 0.0163715 0.01864 0.0104645 0.00920803 0.00932787 0.00898291 0.00874207 0.0102465 0.0151085 0.0263231 0.0154773 0.00764468 0.00794684 0.00689774 0.00741465 0.0095432 0.0094145 0.00484712 0.00397258 0.00387907 0.00523976 0.0408958 0 0.06943 0.00760275 0.00539008 0.00737678 0.00750533 0.0133957 0.0134555 0.0110201 0.0115161 0.0143586 0.0149422 0.0093513 0.00915544 0.0090179 0.0105975 0.0172821 0.0162818 0.00975359 0.0090155 0.00879365 0.00904925 0.00970185 0.0168339 0.0112394 0.00910628 0.0116275 0.0195474 0.0140109 
0.00857064 0.00802724 0.00819449 0.00933976 0.00867991 0.0085985 0.00843906 0.0101145 0.00872268 0.00815422 0.00868906 0.00853401 0.00819593 0.00843995 0.0103279 0.00987478 0.0106852 0.00912948 0.00894532 0.00913904 0.00900765 0.00884003 0.0135859 0.0112499 0.00891394 0.0101818 0.00912184 0.00907476 0.00925574 0.00925899 0.012437 0.0182198 0.0105931 0.00874202 0.0094178 0.00865128 0.00978068 0.0185269 0.0113278 0.00839544 0.00763933 0.00882761 0.0114168 0.232292 0.06943 0 0.00345777 0.00323357 0.00320833 0.00351381 0.00366122 0.00663528 0.00650017 0.0111786 0.0121294 0.0103199 0.00851534 0.00867747 0.00905645 0.0106138 0.0190795 0.011194 0.00990244 0.00893535 0.00950544 0.00911249 0.0127991 0.0130571 0.0091868 0.00877576 0.0111367 0.0100613 0.0107434 
0.00808728 0.00827059 0.00815087 0.00813569 0.00855592 0.00884271 0.0101071 0.00827306 0.00819954 0.00830942 0.00805051 0.00885974 0.00892895 0.00876189 0.00914183 0.00826301 0.00902437 0.010412 0.0109223 0.0105525 0.00991949 0.0114169 0.00897419 0.00930946 0.0128943 0.0103918 0.0125136 0.0122528 0.00920601 0.0145082 0.00928221 0.0091716 0.0151253 0.0125308 0.00966509 0.0129489 0.0128458 0.0087602 0.0102869 0.0101087 0.010037 0.039553 0.263696 0.0181826 0.00760275 0.00345777 0 0.00320347 0.00324259 0.00325029 0.00323648 0.00571743 0.00846993 0.00829863 0.0139649 0.00890457 0.00973134 0.00970533 0.0102963 0.0164382 0.0101525 0.0096054 0.0109373 0.0113956 0.00983769 0.0124851 0.0116375 0.00982199 0.00898198 0.00922545 0.00956652 0.00845088 0.0082894 
0.00833341 0.00816212 0.00818916 0.0083411 0.00862027 0.0118372 0.00883972 0.0086016 0.00838107 0.00803564 0.00806519 0.00833546 0.00928984 0.00914113 0.00842809 0.0081582 0.00941419 0.0121041 0.0127543 0.0167003 0.0197159 0.00894861 0.00896874 0.0114066 0.00980034 0.0187708 0.0150837 0.0122193 0.0261797 0.00932861 0.00893469 0.0106705 0.0118159 0.0128709 0.027157 0.0136248 0.0103262 0.0092231 0.00837774 0.0101489 0.0273005 0.221963 0.0307893 0.00949786 0.00539008 0.00323357 0.00320347 0 0.00317737 0.00323339 0.0032103 0.00626972 0.00709825 0.0156501 0.0189692 0.00874848 0.00982004 0.0112404 0.0132 0.0106434 0.00980558 0.00948618 0.0124599 0.0116927 0.0245392 0.0110333 0.0117211 0.00879674 0.00956317 0.00943262 0.00894405 0.0085297 0.00828735 
0.00828156 0.00846458 0.00836516 0.00818179 0.00924206 0.0102271 0.0146696 0.00857406 0.00843715 0.00835639 0.00824698 0.00890338 0.0101748 0.00906594 0.00928975 0.00821906 0.0094622 0.0135277 0.0255217 0.0226072 0.0120046 0.011622 0.00915557 0.00957329 0.0183641 0.016435 0.0217485 0.0257011 0.0115866 0.0131517 0.00925074 0.00923775 0.0151126 0.0283484 0.0139788 0.0282427 0.0135872 0.00887898 0.010493 0.014254 0.265279 0.0658151 0.0164081 0.0158722 0.00737678 0.00320833 0.00324259 0.00317737 0 0.00318658 0.00320497 0.0110597 0.0152666 0.026015 0.0174431 0.00875361 0.00912927 0.0174206 0.0136137 0.013356 0.00982429 0.0110847 0.0114986 0.0367215 0.012699 0.0236651 0.00980736 0.0100536 0.0105851 0.00916006 0.00965597 0.0085207 0.0083752 
0.00826365 0.00820522 0.00836155 0.00837762 0.00875653 0.0143624 0.0105062 0.00938564 0.00897037 0.00844713 0.00813364 0.00877815 0.00937165 0.0119428 0.00896884 0.00846873 0.0100298 0.0175982 0.0124488 0.0123386 0.0150627 0.0111168 0.00925298 0.0127799 0.0121726 0.0174002 0.0145889 0.0112894 0.0168252 0.013213 0.0101881 0.01306 0.0174699 0.0116052 0.0205351 0.0128645 0.019665 0.0132643 0.0099478 0.332812 0.0339824 0.0104684 0.0509665 0.0175336 0.00750533 0.00351381 0.00325029 0.00323339 0.00318658 0 0.00327145 0.00842947 0.0253121 0.0371863 0.00729665 0.00886208 0.0199335 0.0110345 0.0121218 0.0207107 0.0141095 0.00979265 0.0226855 0.0123637 0.0177618 0.0108131 0.0286776 0.00999521 0.00965409 0.016703 0.0112387 0.0101841 0.00889516 
0.0102571 0.00844989 0.00827676 0.00849585 0.0147666 0.00931704 0.00988037 0.0092602 0.00993603 0.00837069 0.00882746 0.0155786 0.00910239 0.00887576 0.0120769 0.00991988 0.016803 0.00979891 0.00997792 0.00997261 0.00963904 0.0106614 0.011371 0.022145 0.0123281 0.0103048 0.011003 0.0108654 0.00935518 0.0126721 0.0128697 0.0182601 0.0120516 0.0121435 0.0111917 0.0128855 0.0118326 0.0191585 0.353117 0.0236975 0.0117689 0.0134247 0.0134045 0.0579874 0.0133957 0.00366122 0.00323648 0.0032103 0.00320497 0.00327145 0 0.0682397 0.0389408 0.00662663 0.00821152 0.0143243 0.009022 0.0114156 0.01209 0.0222423 0.0150145 0.0206799 0.0115307 0.0121543 0.00984594 0.0122851 0.010257 0.0306871 0.0187583 0.00928946 0.0161695 0.0139694 0.00972698 
