1OQJA
DMEIAYPITCGESKAILLWKKFVCPGINVKCVKFNDQLISPKHFVHLAGKSTLKDWKRAIRLGGIMLRKMMDSGQIDFYQHDKVCSNTCR
CCEEEEEEEECCEEEEEEHHHCCCCCCCCCCEEECCEEECHHHHHHHCCCHHHCCHHHHCEECCEEHHHHHHCCCCCCCCCCCCCCCCCC
0 0 0 0 0 0 0 0 0 0 0 0 0 0 0 0 0 0 0 0 0 0 0 0 0 0 0 0 0 0 0 0 0 0 0 0 0 0 0 0 0 0 0 0 0 0 0 0 0 0 0 0 0 0 0 0 0 0 0 0 0 0 0 0 0 0 0 0 0 0 0 0 0 0 0 0 0 0 0 0 0 0 0 0 0 0 0 0 0 0 
0 0 0 0 0 0 0 0 0 0 0 0 0 0 0 0 0 0 0 0 0 0 0 0 0 0 0 0 0 0 0 0 0 0 0 0 0 0 0 0 0 0 0 0 0 0 0 0 0 0 0 0 0 0 0 0 0 0 0 0 0 0 0 0 0 0 0 0 0 0 0 0 0 0 0 0 0 0 0 0 0 0 0 0 0 0 0 0 0 0 
0 0.00347171 0.00332336 0.00336866 0.00330658 0.00365363 0.00405701 0.00843315 0.00754192 0.00781412 0.00832024 0.00957354 0.0107763 0.0367142 0.0279745 0.0240172 0.0288621 0.0136629 0.00975337 0.0287738 0.0115088 0.0134169 0.00991884 0.0109238 
0.00347171 0 0.00332739 0.00332248 0.00330619 0.00333009 0.00365812 0.00395602 0.00614708 0.00669395 0.00854977 0.00888793 0.0203064 0.0146066 0.0625873 0.0212647 0.0131488 0.0101739 0.0263368 0.0113652 0.0102639 0.0105959 0.00912214 0.00884813 
0.00332336 0.00332739 0 0.00330521 0.00332714 0.00325052 0.00327033 0.0033026 0.00548399 0.00610626 0.00710294 0.0179818 0.0122453 0.651952 0.0137601 0.0109776 0.00947159 0.0104398 0.00925689 0.011635 0.00950092 0.00918335 0.00870214 0.00838538 
0.00336866 0.00332248 0.00330521 0 0.00327092 0.00320887 0.00324742 0.00321738 0.00454319 0.00472995 0.0154113 0.0162757 0.849346 0.00710563 0.0119976 0.00936758 0.0101753 0.00916391 0.00956704 0.0108823 0.00911826 0.00934972 0.00858974 0.00840317 
0.00330658 0.00330619 0.00332714 0.00327092 0 0.00319551 0.00322209 0.00320906 0.0034396 0.0196586 0.00676877 0.931479 0.00692257 0.00511364 0.0101919 0.0128593 0.00899223 0.00963327 0.0107283 0.0101139 0.0103262 0.00880467 0.00866336 0.00851007 
0.00365363 0.00333009 0.00325052 0.00320887 0.00319551 0 0.00324055 0.00326213 0.0080325 0.00370368 0.928001 0.00995768 0.00656398 0.00410661 0.0136698 0.00915482 0.0290168 0.00979937 0.0102084 0.0181207 0.00941507 0.0115851 0.00910397 0.00877498 
0.00405701 0.00365812 0.00327033 0.00324742 0.00322209 0.00324055 0 0.00338461 0.00577541 0.954677 0.00663045 0.00929034 0.00551767 0.00510286 0.00952829 0.05883 0.00862532 0.0103053 0.0313867 0.0104689 0.0172542 0.0091831 0.0101385 0.00927335 
0.00843315 0.00395602 0.0033026 0.00321738 0.00320906 0.00326213 0.00338461 0 0.973476 0.00361136 0.00361495 0.00365366 0.00565435 0.00455249 0.0274866 0.00851392 0.0236394 0.0150912 0.00925966 0.0220167 0.0109898 0.0135588 0.011681 0.00888267 
0.00754192 0.00614708 0.00548399 0.00454319 0.0034396 0.0080325 0.00577541 0.973476 0 0.00324723 0.00324022 0.00327384 0.00355865 0.0042447 0.0143635 0.00870454 0.0868955 0.0102267 0.00905028 0.0331297 0.00934443 0.0156932 0.00934194 0.0106596 
0.00781412 0.00669395 0.00610626 0.00472995 0.0196586 0.00370368 0.954677 0.00361136 0.00324723 0 0.00319279 0.00322841 0.00322929 0.00322629 0.00924503 0.0418193 0.00904844 0.00906082 0.0147045 0.00962431 0.0114686 0.00868633 0.00907835 0.00864864 
0.00832024 0.00854977 0.00710294 0.0154113 0.00676877 0.928001 0.00663045 0.00361495 0.00324022 0.00319279 0 0.00332817 0.00320292 0.00321291 0.0169449 0.0109351 0.0199932 0.0103088 0.00983268 0.0117768 0.0092737 0.0109907 0.00894884 0.00865112 
0.00957354 0.00888793 0.0179818 0.0162757 0.931479 0.00995768 0.00929034 0.00365366 0.00327384 0.00322841 0.00332817 0 0.0032097 0.00319632 0.0146581 0.0531241 0.0114148 0.0113491 0.0105017 0.0119362 0.0117312 0.00976856 0.00908407 0.00890601 
0.0107763 0.0203064 0.0122453 0.849346 0.00692257 0.00656398 0.00551767 0.00565435 0.00355865 0.00322929 0.00320292 0.0032097 0 0.00322231 0.0756149 0.023991 0.0102672 0.00941783 0.0168396 0.0121297 0.0120401 0.0130314 0.0100256 0.00946049 
0.0367142 0.0146066 0.651952 0.00710563 0.00511364 0.00410661 0.00510286 0.00455249 0.0042447 0.00322629 0.00321291 0.00319632 0.00322231 0 0.0132399 0.00703198 0.0200919 0.0128579 0.00821053 0.0206275 0.0215523 0.0108783 0.0139938 0.00999846 
0.0279745 0.0625873 0.0137601 0.0119976 0.0101919 0.0136698 0.00952829 0.0274866 0.0143635 0.00924503 0.0169449 0.0146581 0.0756149 0.0132399 0 0.0032943 0.00371196 0.00357311 0.00505321 0.952451 0.010314 0.0260367 0.0112336 0.0172019 
0.0240172 0.0212647 0.0109776 0.00936758 0.0128593 0.00915482 0.05883 0.00851392 0.00870454 0.0418193 0.0109351 0.0531241 0.023991 0.00703198 0.0032943 0 0.00331305 0.00406565 0.981083 0.00371142 0.0301903 0.00940923 0.0115612 0.0104506 
0.0288621 0.0131488 0.00947159 0.0101753 0.00899223 0.0290168 0.00862532 0.0236394 0.0868955 0.00904844 0.0199932 0.0114148 0.0102672 0.0200919 0.00371196 0.00331305 0 0.985923 0.00346755 0.00469185 0.0109924 0.0177259 0.012197 0.00963636 
0.0136629 0.0101739 0.0104398 0.00916391 0.00963327 0.00979937 0.0103053 0.0150912 0.0102267 0.00906082 0.0103088 0.0113491 0.00941783 0.0128579 0.00357311 0.00406565 0.985923 0 0.00336386 0.00384255 0.0182627 0.0179737 0.0100946 0.0128599 
0.00975337 0.0263368 0.00925689 0.00956704 0.0107283 0.0102084 0.0313867 0.00925966 0.00905028 0.0147045 0.00983268 0.0105017 0.0168396 0.00821053 0.00505321 0.981083 0.00346755 0.00336386 0 0.00338614 0.0257352 0.017228 0.015844 0.0104108 
0.0287738 0.0113652 0.011635 0.0108823 0.0101139 0.0181207 0.0104689 0.0220167 0.0331297 0.00962431 0.0117768 0.0119362 0.0121297 0.0206275 0.952451 0.00371142 0.00469185 0.00384255 0.00338614 0 0.0185613 0.0325824 0.0171449 0.0102913 
0.0115088 0.0102639 0.00950092 0.00911826 0.0103262 0.00941507 0.0172542 0.0109898 0.00934443 0.0114686 0.0092737 0.0117312 0.0120401 0.0215523 0.010314 0.0301903 0.0109924 0.0182627 0.0257352 0.0185613 0 0.00497368 0.00396676 0.971928 
0.0134169 0.0105959 0.00918335 0.00934972 0.00880467 0.0115851 0.0091831 0.0135588 0.0156932 0.00868633 0.0109907 0.00976856 0.0130314 0.0108783 0.0260367 0.00940923 0.0177259 0.0179737 0.017228 0.0325824 0.00497368 0 0.982412 0.00335033 
0.00991884 0.00912214 0.00870214 0.00858974 0.00866336 0.00910397 0.0101385 0.011681 0.00934194 0.00907835 0.00894884 0.00908407 0.0100256 0.0139938 0.0112336 0.0115612 0.012197 0.0100946 0.015844 0.0171449 0.00396676 0.982412 0 0.00487979 
0.0109238 0.00884813 0.00838538 0.00840317 0.00851007 0.00877498 0.00927335 0.00888267 0.0106596 0.00864864 0.00865112 0.00890601 0.00946049 0.00999846 0.0172019 0.0104506 0.00963636 0.0128599 0.0104108 0.0102913 0.971928 0.00335033 0.00487979 0 
