1OV8A
ANAPGGSNVVNETPAQTVEVRAAPDALAFAQTSLSLPANTVVRLDFVNQNNLGVQHNWVLVNGGDDVAAAVNTAAQNNADALFVPPPDTPNALAWTAMLNAGESGSVTFRTPAPGTYLYICTFPGHYLAGMKGTLTVTP
CCCCECCCECCCCCCEEEEEEECCCCCCECCCEEEEECCCEEEEEEEECCCCCCCECCEEECCCHHHHHHHHHHHHCCHHHCCCCCCCCCCEEEECCCECCCEEEEEEEECCCCEEEEEECCCCCCCCCCCEEEEEEEC
0 0 0 0 0 0 0 0 0 0 0 0 0 0 0 0 0 0 0 0 0 0 0 0 0 0 0 0 0 0 0 0 0 0 0 0 0 0 0 0 0 0 0 0 0 0 0 0 0 0 0 0 0 0 0 0 0 0 0 0 0 0 0 0 0 0 0 0 0 0 0 0 0 0 0 0 0 0 0 0 0 0 0 0 0 0 0 0 0 0 0 0 0 0 0 0 0 0 0 0 0 0 0 0 0 0 0 0 0 0 0 0 0 0 0 0 0 0 0 0 0 0 0 0 0 0 0 0 0 0 0 0 0 0 0 0 0 0 0 
0 0 0 0 0 0 0 0 0 0 0 0 0 0 0 0 0 0 0 0 0 0 0 0 0 0 0 0 0 0 0 0 0 0 0 0 0 0 0 0 0 0 0 0 0 0 0 0 0 0 0 0 0 0 0 0 0 0 0 0 0 0 0 0 0 0 0 0 0 0 0 0 0 0 0 0 0 0 0 0 0 0 0 0 0 0 0 0 0 0 0 0 0 0 0 0 0 0 0 0 0 0 0 0 0 0 0 0 0 0 0 0 0 0 0 0 0 0 0 0 0 0 0 0 0 0 0 0 0 0 0 0 0 0 0 0 0 0 0 
0 0.520209 0.0237441 0.0118619 0.0148913 0.00894473 0.012971 0.0103017 0.0243529 0.130207 0.0161187 0.0225436 0.00929042 0.0129083 0.0176405 0.0189251 0.0198958 0.00950697 0.0145441 0.00957677 0.0108344 0.0100009 0.0153394 0.0269835 0.0167221 0.0108109 0.0203255 0.0175698 0.00898536 0.00885567 0.0116175 0.02163 0.00987863 0.00872826 0.00873484 0.00829161 0.00901809 0.0084933 0.0094114 0.00992591 0.0109484 0.00849563 0.00836443 0.00843603 0.00869113 0.0103782 0.0100226 0.0100899 0.00831871 0.00989811 0.00904865 0.0109018 0.00953653 
0.520209 0 0.0837856 0.0141026 0.00804365 0.00845828 0.00809195 0.00994079 0.0184908 0.0650222 0.028417 0.0142915 0.012153 0.0103238 0.021494 0.028802 0.0131461 0.0119485 0.0103019 0.0116233 0.00946553 0.0124741 0.0128976 0.0327611 0.0185246 0.0113866 0.0161757 0.0178959 0.0109481 0.00890488 0.011263 0.0160216 0.00989928 0.00897277 0.00822275 0.00931747 0.0082721 0.0097435 0.00856793 0.0113687 0.00973113 0.00885566 0.008417 0.00854579 0.00857092 0.0100068 0.0114502 0.00857576 0.0100301 0.00850425 0.0110639 0.00882765 0.0103008 
0.0237441 0.0837856 0 0.00343804 0.00347984 0.00334758 0.0037204 0.00370728 0.00689531 0.0145099 0.0107989 0.0115183 0.00920697 0.0139933 0.0298005 0.0155029 0.0259538 0.0103703 0.0138498 0.00937719 0.0125839 0.0107556 0.0198598 0.0106768 0.0123004 0.010206 0.0210125 0.0108362 0.00864858 0.00908301 0.0127397 0.0104776 0.00859272 0.00812383 0.00818794 0.00843328 0.00876925 0.00882749 0.0121757 0.0106841 0.00858759 0.00806701 0.0083033 0.00841983 0.00892632 0.0102596 0.00870329 0.00886792 0.0085444 0.00885551 0.00951866 0.00995005 0.0093181 
0.0118619 0.0141026 0.00343804 0 0.00326516 0.00334326 0.00334872 0.0060447 0.00368982 0.00677588 0.0127328 0.00849868 0.0192286 0.010276 0.0289864 0.0138647 0.0093754 0.062098 0.00867522 0.0322623 0.00927276 0.0268926 0.00910291 0.00907524 0.0111701 0.0125111 0.0103535 0.00996868 0.0103662 0.0113342 0.00924337 0.00841037 0.00832067 0.00829999 0.00814987 0.0110258 0.00832851 0.0169286 0.00864587 0.0101072 0.00826043 0.00853938 0.00824711 0.00874653 0.00954551 0.00876661 0.00883475 0.00822026 0.0101244 0.00821916 0.0111176 0.00859838 0.00910357 
0.0148913 0.00804365 0.00347984 0.00326516 0 0.00321471 0.00352595 0.00324646 0.00351435 0.00798823 0.00720357 0.0385914 0.00878242 0.0443392 0.0103505 0.00914641 0.0474664 0.00883754 0.154646 0.0088417 0.0599992 0.00910166 0.0110958 0.00881869 0.0107007 0.0100754 0.0129544 0.0114116 0.0110764 0.0105255 0.0098923 0.00880774 0.00816813 0.00810405 0.0117766 0.00828935 0.0382263 0.00848545 0.0139172 0.00839208 0.00845107 0.00814799 0.00980741 0.0108745 0.010253 0.00927394 0.00800321 0.0122022 0.00810036 0.0148662 0.00870018 0.0115701 0.00834373 
0.00894473 0.00845828 0.00334758 0.00334326 0.00321471 0 0.00321027 0.00328161 0.00326234 0.00570603 0.0209817 0.00819651 0.114607 0.00871726 0.0120991 0.0272685 0.00862852 0.0881816 0.00865454 0.159845 0.0094917 0.0171631 0.00868329 0.00877065 0.0117501 0.0104359 0.00974601 0.00988134 0.0136521 0.0132491 0.00933038 0.0082774 0.00853171 0.00896403 0.00821073 0.0307432 0.00887765 0.0345899 0.00852024 0.010078 0.00856232 0.0093946 0.00903752 0.0135211 0.0117009 0.00886152 0.0100487 0.00825952 0.0155984 0.00834981 0.0185952 0.00931278 0.0101234 
0.012971 0.00809195 0.0037204 0.00334872 0.00352595 0.00321027 0 0.00318766 0.00324257 0.0078127 0.00727423 0.079296 0.00839626 0.0295863 0.00885303 0.00855946 0.0394544 0.00874393 0.0920044 0.0088066 0.0749058 0.00905699 0.0108438 0.00869952 0.010638 0.0111112 0.0128673 0.0114981 0.0117999 0.0114677 0.00979117 0.00874482 0.00831181 0.0081386 0.0134112 0.00855305 0.031344 0.00872199 0.0139403 0.00855193 0.00847333 0.00821704 0.010576 0.0114045 0.0104058 0.00949261 0.00801897 0.0132772 0.00826826 0.0145918 0.00874947 0.0116963 0.00850476 
0.0103017 0.00994079 0.00370728 0.0060447 0.00324646 0.00328161 0.00318766 0 0.00320497 0.00628197 0.0465282 0.00930931 0.028632 0.0120991 0.00999739 0.0179664 0.00951442 0.0369496 0.00867443 0.0191528 0.00936252 0.050326 0.00873515 0.00923528 0.0131857 0.0166572 0.00994898 0.0098614 0.0113376 0.0157214 0.00938974 0.00859303 0.00849594 0.00887047 0.00828995 0.0139705 0.00857983 0.0135756 0.00860942 0.00920488 0.00837861 0.00893616 0.00850971 0.00953648 0.0123942 0.00884127 0.00967058 0.00823059 0.0113305 0.00834225 0.0116283 0.00856534 0.0086815 
0.0243529 0.0184908 0.00689531 0.00368982 0.00351435 0.00326234 0.00324257 0.00320497 0 0.288369 0.0122851 0.0210946 0.0103213 0.0100121 0.0111652 0.0162068 0.0220391 0.00925484 0.0122118 0.0098943 0.011806 0.0103398 0.0273914 0.0125219 0.0225006 0.0112331 0.0210055 0.0187407 0.00961839 0.0104107 0.0133304 0.0116765 0.0110061 0.00841345 0.00908973 0.00865116 0.0096608 0.00881166 0.00958027 0.00945022 0.0112479 0.00849515 0.00879721 0.00899654 0.00988379 0.0117399 0.00943541 0.00917363 0.00824028 0.00874968 0.00859693 0.00890435 0.00894083 
0.130207 0.0650222 0.0145099 0.00677588 0.00798823 0.00570603 0.0078127 0.00628197 0.288369 0 0.0239283 0.010527 0.00385063 0.00491242 0.00682704 0.0127773 0.0108618 0.00687576 0.0102242 0.00819008 0.00881499 0.0092274 0.0122991 0.0491756 0.0170267 0.0108583 0.0223531 0.0199855 0.00930342 0.00928754 0.012269 0.0593816 0.00965696 0.00838475 0.00889285 0.00828812 0.00905896 0.00841475 0.0104034 0.00954993 0.0105703 0.00828385 0.00844203 0.00842068 0.00886607 0.010706 0.00933867 0.00981926 0.00817162 0.00972381 0.00829137 0.0101641 0.00901811 
0.0161187 0.028417 0.0107989 0.0127328 0.00720357 0.0209817 0.00727423 0.0465282 0.0122851 0.0239283 0 0.00343786 0.00328649 0.00327396 0.0037639 0.00680374 0.00523163 0.01118 0.0108335 0.0443075 0.00787251 0.0132236 0.0125931 0.0105964 0.0164345 0.0115653 0.0165088 0.0155299 0.00980409 0.00972077 0.0120401 0.0102858 0.00892492 0.00863411 0.008129 0.0110782 0.0082575 0.0135395 0.00839355 0.0185856 0.00863114 0.00872319 0.00832922 0.00864834 0.00950429 0.0101127 0.0108865 0.00801629 0.0113099 0.0080956 0.0148737 0.00880047 0.0128162 
0.0225436 0.0142915 0.0115183 0.00849868 0.0385914 0.00819651 0.079296 0.00930931 0.0210946 0.010527 0.00343786 0 0.00322977 0.00352373 0.00348535 0.00406937 0.0173949 0.00763677 0.0452737 0.00692549 0.0139684 0.00884331 0.00891804 0.00846972 0.0109294 0.0167914 0.0149786 0.015818 0.0128132 0.0114352 0.0116021 0.0104895 0.00834283 0.00820281 0.0133185 0.00831505 0.0305904 0.00848726 0.028338 0.00857379 0.00924878 0.00820852 0.0101624 0.0117037 0.0104829 0.0103605 0.00798095 0.0159165 0.00806971 0.0194148 0.00836908 0.0184958 0.00854065 
0.00929042 0.012153 0.00920697 0.0192286 0.00878242 0.114607 0.00839626 0.028632 0.0103213 0.00385063 0.00328649 0.00322977 0 0.00319706 0.00322209 0.00549129 0.00787519 0.0392025 0.00887186 0.0137029 0.00703913 0.0103197 0.00622973 0.007632 0.0132604 0.0115035 0.0103368 0.0101459 0.0175521 0.0170018 0.00969763 0.00835202 0.00830126 0.00937166 0.00834955 0.0379738 0.00901491 0.0740828 0.00885254 0.0107683 0.00833194 0.00937589 0.00994883 0.015234 0.0153187 0.0092277 0.0106333 0.0082685 0.027713 0.00842477 0.0335846 0.00860964 0.0108325 
0.0129083 0.0103238 0.0139933 0.010276 0.0443392 0.00871726 0.0295863 0.0120991 0.0100121 0.00491242 0.00327396 0.00352373 0.00319706 0 0.00317654 0.00736218 0.0279037 0.00491037 0.0112554 0.00566659 0.00939687 0.00655488 0.00636195 0.00754911 0.0113072 0.0288513 0.0154298 0.0111561 0.0144104 0.0275347 0.0122547 0.00926081 0.00866613 0.00832519 0.0106238 0.00862217 0.024198 0.00878094 0.0204593 0.00865083 0.00894276 0.00886709 0.00956619 0.0123405 0.0162834 0.0113962 0.00810613 0.0165186 0.00823165 0.012003 0.00848042 0.0113875 0.00854051 
0.0176405 0.021494 0.0298005 0.0289864 0.0103505 0.0120991 0.00885303 0.00999739 0.0111652 0.00682704 0.0037639 0.00348535 0.00322209 0.00317654 0 0.0219855 0.00363588 0.00985093 0.00359385 0.00487955 0.00527705 0.0061864 0.00591705 0.00932073 0.0235091 0.00970218 0.0211119 0.0169984 0.0106406 0.0123077 0.0159245 0.012696 0.0110068 0.00871178 0.00851283 0.0122751 0.00875394 0.0113971 0.00876148 0.0115057 0.011007 0.00894501 0.00891544 0.00908794 0.0116405 0.0113265 0.0133822 0.00827007 0.00910491 0.00839469 0.00970356 0.00843532 0.00957894 
0.0189251 0.028802 0.0155029 0.0138647 0.00914641 0.0272685 0.00855946 0.0179664 0.0162068 0.0127773 0.00680374 0.00406937 0.00549129 0.00736218 0.0219855 0 0.00329068 0.0032473 0.00321311 0.00328647 0.00330489 0.0036036 0.00593977 0.00889973 0.016863 0.0118511 0.0300857 0.0236224 0.0122998 0.0117899 0.0188304 0.0126675 0.00931423 0.00873339 0.0085651 0.010738 0.00891807 0.0122863 0.00962095 0.105402 0.00879595 0.00863245 0.00861587 0.00907874 0.0101005 0.0142145 0.00988258 0.0084001 0.0098863 0.00850149 0.0123777 0.00981527 0.0140322 
0.0198958 0.0131461 0.0259538 0.0093754 0.0474664 0.00862852 0.0394544 0.00951442 0.0220391 0.0108618 0.00523163 0.0173949 0.00787519 0.0279037 0.00363588 0.00329068 0 0.00320386 0.0033122 0.00323405 0.00334659 0.00337342 0.00372541 0.00682682 0.00993552 0.0274212 0.0182527 0.0191278 0.019001 0.0174111 0.0121345 0.0106337 0.00853856 0.00848842 0.0142605 0.00878065 0.0343442 0.00883569 0.139538 0.00897406 0.00892854 0.00860937 0.0111581 0.0126998 0.0159586 0.0107529 0.00815497 0.0193277 0.0084437 0.0184449 0.0088587 0.0224214 0.00869582 
0.00950697 0.0119485 0.0103703 0.062098 0.00883754 0.0881816 0.00874393 0.0369496 0.00925484 0.00687576 0.01118 0.00763677 0.0392025 0.00491037 0.00985093 0.0032473 0.00320386 0 0.00319254 0.00332301 0.0032316 0.00331122 0.00325564 0.00590066 0.0143627 0.0115122 0.0106094 0.011524 0.0262429 0.0204511 0.010015 0.00853984 0.00863785 0.00963113 0.00856339 0.0557035 0.009462 0.264415 0.00899223 0.011615 0.00847269 0.0101519 0.00977756 0.0243643 0.0164472 0.00985758 0.0107303 0.00833382 0.0402277 0.0086053 0.0565949 0.00856223 0.0116232 
0.0145441 0.0103019 0.0138498 0.00867522 0.154646 0.00865454 0.0920044 0.00867443 0.0122118 0.0102242 0.0108335 0.0452737 0.00887186 0.0112554 0.00359385 0.00321311 0.0033122 0.00319254 0 0.00320123 0.00328864 0.00321644 0.00327057 0.00599417 0.0102388 0.00968756 0.0135424 0.0184392 0.0174225 0.0161063 0.0117569 0.00981525 0.00856408 0.00846652 0.0231181 0.00887719 0.344306 0.00914724 0.0383567 0.0086126 0.00913848 0.00854815 0.0215103 0.0234421 0.0176765 0.0117058 0.00813492 0.0227864 0.00843651 0.0625035 0.00889565 0.019837 0.00879813 
0.00957677 0.0116233 0.00937719 0.0322623 0.0088417 0.159845 0.0088066 0.0191528 0.0098943 0.00819008 0.0443075 0.00692549 0.0137029 0.00566659 0.00487955 0.00328647 0.00323405 0.00332301 0.00320123 0 0.00318805 0.0032126 0.00321046 0.00589115 0.011752 0.00955882 0.0220456 0.0120405 0.022294 0.0229645 0.0110626 0.00864457 0.00851142 0.0101215 0.00890892 0.208874 0.00956088 0.0805245 0.00915991 0.0124474 0.00846289 0.0119351 0.010942 0.0246209 0.0226164 0.0106132 0.0103028 0.00852212 0.0432366 0.00896933 0.0398306 0.00891896 0.0107514 
0.0108344 0.00946553 0.0125839 0.00927276 0.0599992 0.0094917 0.0749058 0.00936252 0.011806 0.00881499 0.00787251 0.0139684 0.00703913 0.00939687 0.00527705 0.00330489 0.00334659 0.0032316 0.00328864 0.00318805 0 0.00320174 0.00320202 0.00558789 0.0145777 0.0198154 0.0173199 0.014195 0.0240283 0.0344234 0.0128958 0.00907544 0.00873708 0.00866102 0.1174 0.00996425 0.0458404 0.0124919 0.0221848 0.00915134 0.00889605 0.00905071 0.0165583 0.0284582 0.0213281 0.0121138 0.00829865 0.0250231 0.00919162 0.0222608 0.0110011 0.0123155 0.00956314 
0.0100009 0.0124741 0.0107556 0.0268926 0.00910166 0.0171631 0.00905699 0.050326 0.0103398 0.0092274 0.0132236 0.00884331 0.0103197 0.00655488 0.0061864 0.0036036 0.00337342 0.00331122 0.00321644 0.0032126 0.00320174 0 0.00324285 0.015396 0.0202242 0.0384259 0.0135616 0.0127681 0.0172123 0.04406 0.0132307 0.00941748 0.00893885 0.0654037 0.0087554 0.0150582 0.00943646 0.0162056 0.010726 0.0117104 0.00871376 0.0102442 0.00961153 0.0111962 0.0258724 0.0123301 0.0133599 0.00883841 0.0123071 0.00882702 0.0122236 0.00935695 0.00942262 
0.0153394 0.0128976 0.0198598 0.00910291 0.0110958 0.00868329 0.0108438 0.00873515 0.0273914 0.0122991 0.0125931 0.00891804 0.00622973 0.00636195 0.00591705 0.00593977 0.00372541 0.00325564 0.00327057 0.00321046 0.00320202 0.00324285 0 0.0164675 0.0213556 0.0148712 0.0205685 0.0153612 0.0101021 0.0132762 0.0220906 0.0114596 0.024805 0.00831681 0.00915328 0.00863593 0.010056 0.00889728 0.0104049 0.00927812 0.0103667 0.00857249 0.00877442 0.00931442 0.0110542 0.015375 0.00901395 0.0095545 0.00823706 0.00889308 0.00838083 0.00924174 0.0088414 
0.0269835 0.0327611 0.0106768 0.00907524 0.00881869 0.00877065 0.00869952 0.00923528 0.0125219 0.0491756 0.0105964 0.00846972 0.007632 0.00754911 0.00932073 0.00889973 0.00682682 0.00590066 0.00599417 0.00589115 0.00558789 0.015396 0.0164675 0 0.0119757 0.00892097 0.00487198 0.0194311 0.00961926 0.0107175 0.0134717 0.0759991 0.00905725 0.00849399 0.00852822 0.00862429 0.00877997 0.00885706 0.00922959 0.0111708 0.00934224 0.00847534 0.00856139 0.00879382 0.00964206 0.0126466 0.00923688 0.00843293 0.00823348 0.00847023 0.00830583 0.00848552 0.00971466 
0.0167221 0.0185246 0.0123004 0.0111701 0.0107007 0.0117501 0.010638 0.0131857 0.0225006 0.0170267 0.0164345 0.0109294 0.0132604 0.0113072 0.0235091 0.016863 0.00993552 0.0143627 0.0102388 0.011752 0.0145777 0.0202242 0.0213556 0.0119757 0 0.0032751 0.00349837 0.170757 0.0585657 0.0171283 0.0605024 0.0141483 0.0100902 0.0091591 0.00912332 0.010482 0.0107894 0.0124945 0.0122692 0.0213205 0.0097254 0.00913503 0.00968995 0.0120077 0.0148969 0.0225124 0.00941559 0.0093638 0.00995412 0.0094605 0.0125898 0.0112799 0.0149185 
0.0108109 0.0113866 0.010206 0.0125111 0.0100754 0.0104359 0.0111112 0.0166572 0.0112331 0.0108583 0.0115653 0.0167914 0.0115035 0.0288513 0.00970218 0.0118511 0.0274212 0.0115122 0.00968756 0.00955882 0.0198154 0.0384259 0.0148712 0.00892097 0.0032751 0 0.00329007 0.0239014 0.0862406 0.379439 0.0155306 0.0109016 0.00923459 0.00966409 0.00913513 0.00996794 0.0111927 0.0105826 0.0202106 0.00971839 0.00918597 0.00992014 0.00960793 0.012654 0.0358375 0.0115971 0.00869076 0.00995952 0.00915158 0.00952622 0.0106216 0.0125075 0.00966311 
0.0203255 0.0161757 0.0210125 0.0103535 0.0129544 0.00974601 0.0128673 0.00994898 0.0210055 0.0223531 0.0165088 0.0149786 0.0103368 0.0154298 0.0211119 0.0300857 0.0182527 0.0106094 0.0135424 0.0220456 0.0173199 0.0135616 0.0205685 0.00487198 0.00349837 0.00329007 0 0.0467965 0.0199044 0.0939671 0.267227 0.0194019 0.0125886 0.00895715 0.0102807 0.0101496 0.0139881 0.011474 0.0141734 0.0178396 0.0148428 0.00942841 0.010177 0.0103551 0.0161096 0.0245978 0.0127857 0.0113808 0.0092507 0.0115084 0.00984989 0.0123847 0.0126336 
0.0175698 0.0178959 0.0108362 0.00996868 0.0114116 0.00988134 0.0114981 0.0098614 0.0187407 0.0199855 0.0155299 0.015818 0.0101459 0.0111561 0.0169984 0.0236224 0.0191278 0.011524 0.0184392 0.0120405 0.014195 0.0127681 0.0153612 0.0194311 0.170757 0.0239014 0.0467965 0 0.00344697 0.00326377 0.00355329 0.00633437 0.00984756 0.00724739 0.0100481 0.0183904 0.0320953 0.0140683 0.0206682 0.0350985 0.0149841 0.0101831 0.0154582 0.0112139 0.0137083 0.0335831 0.012911 0.0152788 0.0112294 0.0135973 0.014233 0.0165453 0.0255185 
0.00898536 0.0109481 0.00864858 0.0103662 0.0110764 0.0136521 0.0117999 0.0113376 0.00961839 0.00930342 0.00980409 0.0128132 0.0175521 0.0144104 0.0106406 0.0122998 0.019001 0.0262429 0.0174225 0.022294 0.0240283 0.0172123 0.0101021 0.00961926 0.0585657 0.0862406 0.0199044 0.00344697 0 0.00343959 0.00323094 0.00406952 0.00584009 0.00850184 0.0110317 0.0203371 0.0197488 0.0161966 0.0176874 0.010376 0.0100631 0.0126671 0.0137797 0.0224796 0.029585 0.0115998 0.00957354 0.0186786 0.0133259 0.0120747 0.0161967 0.0195413 0.0122089 
0.00885567 0.00890488 0.00908301 0.0113342 0.0105255 0.0132491 0.0114677 0.0157214 0.0104107 0.00928754 0.00972077 0.0114352 0.0170018 0.0275347 0.0123077 0.0117899 0.0174111 0.0204511 0.0161063 0.0229645 0.0344234 0.04406 0.0132762 0.0107175 0.0171283 0.379439 0.0939671 0.00326377 0.00343959 0 0.00325548 0.00369855 0.0103038 0.0241071 0.0139719 0.0225133 0.0106727 0.0141757 0.0182569 0.0125615 0.00944893 0.0153053 0.0127728 0.0274184 0.0798139 0.0263768 0.0113701 0.0115979 0.0164137 0.0111613 0.0198785 0.0322338 0.0184406 
0.0116175 0.011263 0.0127397 0.00924337 0.0098923 0.00933038 0.00979117 0.00938974 0.0133304 0.012269 0.0120401 0.0116021 0.00969763 0.0122547 0.0159245 0.0188304 0.0121345 0.010015 0.0117569 0.0110626 0.0128958 0.0132307 0.0220906 0.0134717 0.0605024 0.0155306 0.267227 0.00355329 0.00323094 0.00325548 0 0.0184342 0.0183367 0.0150859 0.0110854 0.00793648 0.0107688 0.00882739 0.0129838 0.0120342 0.0133937 0.00980893 0.0134887 0.0126353 0.0191448 0.0542007 0.0145253 0.0112723 0.00941664 0.0121674 0.0101461 0.0159318 0.0180885 
0.02163 0.0160216 0.0104776 0.00841037 0.00880774 0.0082774 0.00874482 0.00859303 0.0116765 0.0593816 0.0102858 0.0104895 0.00835202 0.00926081 0.012696 0.0126675 0.0106337 0.00853984 0.00981525 0.00864457 0.00907544 0.00941748 0.0114596 0.0759991 0.0141483 0.0109016 0.0194019 0.00633437 0.00406952 0.00369855 0.0184342 0 0.148055 0.00703059 0.00379199 0.00372725 0.005597 0.00493801 0.00713723 0.00723045 0.00956864 0.00753648 0.00815887 0.00853739 0.0101484 0.0199383 0.0120313 0.0116519 0.00864731 0.0111423 0.00927196 0.0130401 0.0153633 
0.00987863 0.00989928 0.00859272 0.00832067 0.00816813 0.00853171 0.00831181 0.00849594 0.0110061 0.00965696 0.00892492 0.00834283 0.00830126 0.00866613 0.0110068 0.00931423 0.00853856 0.00863785 0.00856408 0.00851142 0.00873708 0.00893885 0.024805 0.00905725 0.0100902 0.00923459 0.0125886 0.00984756 0.00584009 0.0103038 0.0183367 0.148055 0 0.00344135 0.00320784 0.00325037 0.00331082 0.00353948 0.00466371 0.00612477 0.0056236 0.00612544 0.00701514 0.00738352 0.00998526 0.0180246 0.0106508 0.00887456 0.0105525 0.00889877 0.00994335 0.011972 0.0212011 
0.00872826 0.00897277 0.00812383 0.00829999 0.00810405 0.00896403 0.0081386 0.00887047 0.00841345 0.00838475 0.00863411 0.00820281 0.00937166 0.00832519 0.00871178 0.00873339 0.00848842 0.00963113 0.00846652 0.0101215 0.00866102 0.0654037 0.00831681 0.00849399 0.0091591 0.00966409 0.00895715 0.00724739 0.00850184 0.0241071 0.0150859 0.00703059 0.00344135 0 0.00316332 0.00322916 0.00319348 0.00329046 0.0045046 0.00449246 0.00526749 0.00632027 0.00702177 0.0104805 0.0110929 0.00973232 0.0092276 0.00846204 0.0130473 0.00843364 0.0156319 0.00921693 0.014643 
0.00873484 0.00822275 0.00818794 0.00814987 0.0117766 0.00821073 0.0134112 0.00828995 0.00908973 0.00889285 0.008129 0.0133185 0.00834955 0.0106238 0.00851283 0.0085651 0.0142605 0.00856339 0.0231181 0.00890892 0.1174 0.0087554 0.00915328 0.00852822 0.00912332 0.00913513 0.0102807 0.0100481 0.0110317 0.0139719 0.0110854 0.00379199 0.00320784 0.00316332 0 0.00318656 0.00324239 0.00321514 0.00431326 0.00323841 0.00545424 0.00557194 0.0127151 0.00806885 0.00827659 0.0113116 0.00811934 0.018322 0.00827184 0.0264996 0.00855942 0.0229482 0.00883325 
0.00829161 0.00931747 0.00843328 0.0110258 0.00828935 0.0307432 0.00855305 0.0139705 0.00865116 0.00828812 0.0110782 0.00831505 0.0379738 0.00862217 0.0122751 0.010738 0.00878065 0.0557035 0.00887719 0.208874 0.00996425 0.0150582 0.00863593 0.00862429 0.010482 0.00996794 0.0101496 0.0183904 0.0203371 0.0225133 0.00793648 0.00372725 0.00325037 0.00322916 0.00318656 0 0.00318843 0.00328572 0.00320188 0.00338859 0.00435727 0.0106814 0.00800737 0.00841081 0.0149185 0.014143 0.0129085 0.00819471 0.0562437 0.00843629 0.0760054 0.00880597 0.0153531 
0.00901809 0.0082721 0.00876925 0.00832851 0.0382263 0.00887765 0.031344 0.00857983 0.0096608 0.00905896 0.0082575 0.0305904 0.00901491 0.024198 0.00875394 0.00891807 0.0343442 0.009462 0.344306 0.00956088 0.0458404 0.00943646 0.010056 0.00877997 0.0107894 0.0111927 0.0139881 0.0320953 0.0197488 0.0106727 0.0107688 0.005597 0.00331082 0.00319348 0.00324239 0.00318843 0 0.00320307 0.00322783 0.0032152 0.00621601 0.0058509 0.010969 0.011804 0.0129648 0.00957216 0.00820542 0.0360287 0.0084484 0.0790802 0.0088738 0.0300288 0.0101462 
0.0084933 0.0097435 0.00882749 0.0169286 0.00848545 0.0345899 0.00872199 0.0135756 0.00881166 0.00841475 0.0135395 0.00848726 0.0740828 0.00878094 0.0113971 0.0122863 0.00883569 0.264415 0.00914724 0.0805245 0.0124919 0.0162056 0.00889728 0.00885706 0.0124945 0.0105826 0.011474 0.0140683 0.0161966 0.0141757 0.00882739 0.00493801 0.00353948 0.00329046 0.00321514 0.00328572 0.00320307 0 0.00321416 0.00326546 0.00385085 0.0138988 0.0103919 0.0119722 0.0114289 0.0098136 0.0149822 0.00835367 0.0893708 0.0085187 0.0706072 0.00912908 0.0201285 
0.0094114 0.00856793 0.0121757 0.00864587 0.0139172 0.00852024 0.0139403 0.00860942 0.00958027 0.0104034 0.00839355 0.028338 0.00885254 0.0204593 0.00876148 0.00962095 0.139538 0.00899223 0.0383567 0.00915991 0.0221848 0.010726 0.0104049 0.00922959 0.0122692 0.0202106 0.0141734 0.0206682 0.0176874 0.0182569 0.0129838 0.00713723 0.00466371 0.0045046 0.00431326 0.00320188 0.00322783 0.00321416 0 0.003352 0.0105961 0.0166105 0.0119079 0.00825862 0.00947021 0.00860564 0.00868402 0.0463339 0.00856697 0.0263329 0.00898951 0.0570336 0.0109414 
0.00992591 0.0113687 0.0106841 0.0101072 0.00839208 0.010078 0.00855193 0.00920488 0.00945022 0.00954993 0.0185856 0.00857379 0.0107683 0.00865083 0.0115057 0.105402 0.00897406 0.011615 0.0086126 0.0124474 0.00915134 0.0117104 0.00927812 0.0111708 0.0213205 0.00971839 0.0178396 0.0350985 0.010376 0.0125615 0.0120342 0.00723045 0.00612477 0.00449246 0.00323841 0.00338859 0.0032152 0.00326546 0.003352 0 0.0080591 0.0119751 0.0079313 0.0056333 0.00662157 0.0082678 0.0477044 0.00838598 0.0136215 0.00857961 0.0172503 0.00966323 0.0643677 
0.0109484 0.00973113 0.00858759 0.00826043 0.00845107 0.00856232 0.00847333 0.00837861 0.0112479 0.0105703 0.00863114 0.00924878 0.00833194 0.00894276 0.011007 0.00879595 0.00892854 0.00847269 0.00913848 0.00846289 0.00889605 0.00871376 0.0103667 0.00934224 0.0097254 0.00918597 0.0148428 0.0149841 0.0100631 0.00944893 0.0133937 0.00956864 0.0056236 0.00526749 0.00545424 0.00435727 0.00621601 0.00385085 0.0105961 0.0080591 0 0.0035641 0.00316054 0.00334561 0.00327631 0.00406827 0.00969823 0.00990586 0.00808145 0.013006 0.0109112 0.61893 0.0319203 
0.00849563 0.00885566 0.00806701 0.00853938 0.00814799 0.0093946 0.00821704 0.00893616 0.00849515 0.00828385 0.00872319 0.00820852 0.00937589 0.00886709 0.00894501 0.00863245 0.00860937 0.0101519 0.00854815 0.0119351 0.00905071 0.0102442 0.00857249 0.00847534 0.00913503 0.00992014 0.00942841 0.0101831 0.0126671 0.0153053 0.00980893 0.00753648 0.00612544 0.00632027 0.00557194 0.0106814 0.0058509 0.0138988 0.0166105 0.0119751 0.0035641 0 0.00319908 0.00323364 0.00350816 0.00328355 0.00977474 0.00761927 0.0140698 0.0087922 0.806899 0.0122342 0.0151798 
0.00836443 0.008417 0.0083033 0.00824711 0.00980741 0.00903752 0.010576 0.00850971 0.00879721 0.00844203 0.00832922 0.0101624 0.00994883 0.00956619 0.00891544 0.00861587 0.0111581 0.00977756 0.0215103 0.010942 0.0165583 0.00961153 0.00877442 0.00856139 0.00968995 0.00960793 0.010177 0.0154582 0.0137797 0.0127728 0.0134887 0.00815887 0.00701514 0.00702177 0.0127151 0.00800737 0.010969 0.0103919 0.0119079 0.0079313 0.00316054 0.00319908 0 0.00339885 0.00320073 0.00324874 0.0076461 0.0135788 0.00950813 0.859527 0.0138945 0.013986 0.0121429 
0.00843603 0.00854579 0.00841983 0.00874653 0.0108745 0.0135211 0.0114045 0.00953648 0.00899654 0.00842068 0.00864834 0.0117037 0.015234 0.0123405 0.00908794 0.00907874 0.0126998 0.0243643 0.0234421 0.0246209 0.0284582 0.0111962 0.00931442 0.00879382 0.0120077 0.012654 0.0103551 0.0112139 0.0224796 0.0274184 0.0126353 0.00853739 0.00738352 0.0104805 0.00806885 0.00841081 0.011804 0.0119722 0.00825862 0.0056333 0.00334561 0.00323364 0.00339885 0 0.00323344 0.00322858 0.0162423 0.00976588 0.819558 0.0208432 0.0162562 0.0146855 0.0185993 
0.00869113 0.00857092 0.00892632 0.00954551 0.010253 0.0117009 0.0104058 0.0123942 0.00988379 0.00886607 0.00950429 0.0104829 0.0153187 0.0162834 0.0116405 0.0101005 0.0159586 0.0164472 0.0176765 0.0226164 0.0213281 0.0258724 0.0110542 0.00964206 0.0148969 0.0358375 0.0161096 0.0137083 0.029585 0.0798139 0.0191448 0.0101484 0.00998526 0.0110929 0.00827659 0.0149185 0.0129648 0.0114289 0.00947021 0.00662157 0.00327631 0.00350816 0.00320073 0.00323344 0 0.00341344 0.010998 0.797256 0.0136546 0.0125528 0.0136137 0.0310033 0.0165195 
0.0103782 0.0100068 0.0102596 0.00876661 0.00927394 0.00886152 0.00949261 0.00884127 0.0117399 0.010706 0.0101127 0.0103605 0.0092277 0.0113962 0.0113265 0.0142145 0.0107529 0.00985758 0.0117058 0.0106132 0.0121138 0.0123301 0.015375 0.0126466 0.0225124 0.0115971 0.0245978 0.0335831 0.0115998 0.0263768 0.0542007 0.0199383 0.0180246 0.00973232 0.0113116 0.014143 0.00957216 0.0098136 0.00860564 0.0082678 0.00406827 0.00328355 0.00324874 0.00322858 0.00341344 0 0.847945 0.00970163 0.0214086 0.00965331 0.0130209 0.013496 0.0463642 
0.0100226 0.0114502 0.00870329 0.00883475 0.00800321 0.0100487 0.00801897 0.00967058 0.00943541 0.00933867 0.0108865 0.00798095 0.0106333 0.00810613 0.0133822 0.00988258 0.00815497 0.0107303 0.00813492 0.0103028 0.00829865 0.0133599 0.00901395 0.00923688 0.00941559 0.00869076 0.0127857 0.012911 0.00957354 0.0113701 0.0145253 0.0120313 0.0106508 0.0092276 0.00811934 0.0129085 0.00820542 0.0149822 0.00868402 0.0477044 0.00969823 0.00977474 0.0076461 0.0162423 0.010998 0.847945 0 0.0034668 0.00337116 0.00326588 0.00525868 0.00366014 0.0236278 
0.0100899 0.00857576 0.00886792 0.00822026 0.0122022 0.00825952 0.0132772 0.00823059 0.00917363 0.00981926 0.00801629 0.0159165 0.0082685 0.0165186 0.00827007 0.0084001 0.0193277 0.00833382 0.0227864 0.00852212 0.0250231 0.00883841 0.0095545 0.00843293 0.0093638 0.00995952 0.0113808 0.0152788 0.0186786 0.0115979 0.0112723 0.0116519 0.00887456 0.00846204 0.018322 0.00819471 0.0360287 0.00835367 0.0463339 0.00838598 0.00990586 0.00761927 0.0135788 0.00976588 0.797256 0.00970163 0.0034668 0 0.00321801 0.00351085 0.00325955 0.005579 0.00390165 
0.00831871 0.0100301 0.0085444 0.0101244 0.00810036 0.0155984 0.00826826 0.0113305 0.00824028 0.00817162 0.0113099 0.00806971 0.027713 0.00823165 0.00910491 0.0098863 0.0084437 0.0402277 0.00843651 0.0432366 0.00919162 0.0123071 0.00823706 0.00823348 0.00995412 0.00915158 0.0092507 0.0112294 0.0133259 0.0164137 0.00941664 0.00864731 0.0105525 0.0130473 0.00827184 0.0562437 0.0084484 0.0893708 0.00856697 0.0136215 0.00808145 0.0140698 0.00950813 0.819558 0.0136546 0.0214086 0.00337116 0.00321801 0 0.00320206 0.00351235 0.00323741 0.0040717 
0.00989811 0.00850425 0.00885551 0.00821916 0.0148662 0.00834981 0.0145918 0.00834225 0.00874968 0.00972381 0.0080956 0.0194148 0.00842477 0.012003 0.00839469 0.00850149 0.0184449 0.0086053 0.0625035 0.00896933 0.0222608 0.00882702 0.00889308 0.00847023 0.0094605 0.00952622 0.0115084 0.0135973 0.0120747 0.0111613 0.0121674 0.0111423 0.00889877 0.00843364 0.0264996 0.00843629 0.0790802 0.0085187 0.0263329 0.00857961 0.013006 0.0087922 0.859527 0.0208432 0.0125528 0.00965331 0.00326588 0.00351085 0.00320206 0 0.00330028 0.00498287 0.00382071 
0.00904865 0.0110639 0.00951866 0.0111176 0.00870018 0.0185952 0.00874947 0.0116283 0.00859693 0.00829137 0.0148737 0.00836908 0.0335846 0.00848042 0.00970356 0.0123777 0.0088587 0.0565949 0.00889565 0.0398306 0.0110011 0.0122236 0.00838083 0.00830583 0.0125898 0.0106216 0.00984989 0.014233 0.0161967 0.0198785 0.0101461 0.00927196 0.00994335 0.0156319 0.00855942 0.0760054 0.0088738 0.0706072 0.00898951 0.0172503 0.0109112 0.806899 0.0138945 0.0162562 0.0136137 0.0130209 0.00525868 0.00325955 0.00351235 0.00330028 0 0.00338176 0.00339493 
0.0109018 0.00882765 0.00995005 0.00859838 0.0115701 0.00931278 0.0116963 0.00856534 0.00890435 0.0101641 0.00880047 0.0184958 0.00860964 0.0113875 0.00843532 0.00981527 0.0224214 0.00856223 0.019837 0.00891896 0.0123155 0.00935695 0.00924174 0.00848552 0.0112799 0.0125075 0.0123847 0.0165453 0.0195413 0.0322338 0.0159318 0.0130401 0.011972 0.00921693 0.0229482 0.00880597 0.0300288 0.00912908 0.0570336 0.00966323 0.61893 0.0122342 0.013986 0.0146855 0.0310033 0.013496 0.00366014 0.005579 0.00323741 0.00498287 0.00338176 0 0.00352864 
0.00953653 0.0103008 0.0093181 0.00910357 0.00834373 0.0101234 0.00850476 0.0086815 0.00894083 0.00901811 0.0128162 0.00854065 0.0108325 0.00854051 0.00957894 0.0140322 0.00869582 0.0116232 0.00879813 0.0107514 0.00956314 0.00942262 0.0088414 0.00971466 0.0149185 0.00966311 0.0126336 0.0255185 0.0122089 0.0184406 0.0180885 0.0153633 0.0212011 0.014643 0.00883325 0.0153531 0.0101462 0.0201285 0.0109414 0.0643677 0.0319203 0.0151798 0.0121429 0.0185993 0.0165195 0.0463642 0.0236278 0.00390165 0.0040717 0.00382071 0.00339493 0.00352864 0 
