1P4NA
PVLNLNDPQAVERYEEFMRQSPYGQVTQDLGWAKVKNNWEPVDVYLEDDQGAIIAAMSMLLGDTPTDKKFAYASKGPVMDVTDVDLLDRLVDEAVKALDGRAYVLRFDPEVAYSDEFNTTLQDHGYVTRNRNVADAGMHATIQPRLNMVLDLTKFPDAKTTLDLYPSKTKSKIKRPFRDGVEVHSGNSATELDEFFKTYTTMAERHGITHRPIEYFQRMQAAFDADTMRIFVAEREGKLLSTGIALKYGRKIWYMYAGSMDGNTYYAPYAVQSEMIQWALDTNTDLYDLGGIESESTDDSLYVFKHVFVKDAPREYIGEIDKVLDPEVYAELVKD
CECCCCCHHHHHHHHHHHHHCCCCCHHHCHHHHHHCCCCEEEEEEEECCCCCEEEEEEEEEECCCCCCEEEEECCCCECCCCCHHHHHHHHHHHHHHHCCCEEEEEECCCCECCHHHHHHHHHCCCEEECCCCCCCCCCCCCCCCEEEEEEHHHCCCCCCHHHHCCHHHHHHHHHHHHCCEEEEEECCHHHHHHHHHHHHHHHHHHCCCCCCHHHHHHHHHHCCCCCEEEEEEEECCEEEEEEEEEEECCEEEEEEEEECCCCCCCHHHHHHHHHHHHHHHCCCCEEEEEECCCCCCCCHHHHHHHHHCCCCCEEECCEEEEECCHHHHHHHCCC
0 0 0 0 0 0 0 0 0 0 0 0 0 0 0 0 0 0 0 0 0 0 0 0 0 0 0 0 0 0 0 0 0 0 0 0 0 0 0 0 0 0 0 0 0 0 0 0 0 0 0 0 0 0 0 0 0 0 0 0 0 0 0 0 0 0 0 0 0 0 0 0 0 0 0 0 0 0 0 0 0 0 0 0 0 0 0 0 0 0 0 0 0 0 0 0 0 0 0 0 0 0 0 0 0 0 0 0 0 0 0 0 0 0 0 0 0 0 0 0 0 0 0 0 0 0 0 0 0 0 0 0 0 0 0 0 0 0 0 0 0 0 0 0 0 0 0 0 0 0 0 0 0 0 0 0 0 0 0 0 0 0 0 0 0 0 0 0 0 0 0 0 0 0 0 0 0 0 0 0 0 0 0 0 0 0 0 0 0 0 0 0 0 0 0 0 0 0 0 0 0 0 0 0 0 0 0 0 0 0 0 0 0 0 0 0 0 0 0 0 0 0 0 0 0 0 0 0 0 0 0 0 0 0 0 0 0 0 0 0 0 0 0 0 0 0 0 0 0 0 0 0 0 0 0 0 0 0 0 0 0 0 0 0 0 0 0 0 0 0 0 0 0 0 0 0 0 0 0 0 0 0 0 0 0 0 0 0 0 0 0 0 0 0 0 0 0 0 0 0 0 0 0 0 0 0 0 0 0 0 0 0 0 0 0 0 0 0 0 0 0 0 0 0 0 0 0 0 0 0 0 0 0 0 0 
0 0 0 0 0 0 0 0 0 0 0 0 0 0 0 0 0 0 0 0 0 0 0 0 0 0 0 0 0 0 0 0 0 0 0 0 0 0 0 0 0 0 0 0 0 0 0 0 0 0 0 0 0 0 0 0 0 0 0 0 0 0 0 0 0 0 0 0 0 0 0 0 0 0 0 0 0 0 0 0 0 0 0 0 0 0 0 0 0 0 0 0 0 0 0 0 0 0 0 0 0 0 0 0 0 0 0 0 0 0 0 0 0 0 0 0 0 0 0 0 0 0 0 0 0 0 0 0 0 0 0 0 0 0 0 0 0 0 0 0 0 0 0 0 0 0 0 0 0 0 0 0 0 0 0 0 0 0 0 0 0 0 0 0 0 0 0 0 0 0 0 0 0 0 0 0 0 0 0 0 0 0 0 0 0 0 0 0 0 0 0 0 0 0 0 0 0 0 0 0 0 0 0 0 0 0 0 0 0 0 0 0 0 0 0 0 0 0 0 0 0 0 0 0 0 0 0 0 0 0 0 0 0 0 0 0 0 0 0 0 0 0 0 0 0 0 0 0 0 0 0 0 0 0 0 0 0 0 0 0 0 0 0 0 0 0 0 0 0 0 0 0 0 0 0 0 0 0 0 0 0 0 0 0 0 0 0 0 0 0 0 0 0 0 0 0 0 0 0 0 0 0 0 0 0 0 0 0 0 0 0 0 0 0 0 0 0 0 0 0 0 0 0 0 0 0 0 0 0 0 0 0 0 0 0 
0 0.0431826 0.0110536 0.0133721 0.0133399 0.0158136 0.0136901 0.0153179 0.0289396 0.0249414 0.0134179 0.0104155 0.0116038 0.0106274 0.0106356 0.010102 0.00988579 0.0110359 0.0352502 0.0202738 0.00981065 0.00929928 0.0101164 0.0128854 0.0266677 0.0133168 0.0093666 0.00874965 0.00887351 0.00944374 0.0106973 0.0195031 0.0116462 0.00870651 0.0100581 0.0101753 0.00844728 0.0083915 0.00839972 0.00824201 0.00998545 0.0113463 0.00927751 0.00835985 0.00835334 0.00809791 0.00881826 0.00987505 0.00848289 0.00828406 0.00834516 0.00833901 0.00837934 0.00841215 0.00884517 0.00986038 0.00865074 0.008429 0.00834584 0.00833376 0.00837465 0.00838524 0.00848247 0.00839139 0.00839771 0.00890803 0.00953091 0.00859394 0.00830199 0.00836239 0.00829752 0.00830652 0.00832568 0.00835858 0.00902141 0.00948998 0.0086769 0.00839285 0.00837027 0.0084688 0.00921808 0.0106921 0.00872783 0.00928946 0.00973057 0.00871974 0.0087745 0.00875279 0.0108791 
0.0431826 0 0.00431144 0.00328295 0.00333476 0.00331669 0.00371191 0.00399141 0.00783504 0.00768107 0.00725969 0.00737654 0.00822941 0.0082314 0.0089614 0.0200869 0.0352059 0.532417 0.0200306 0.0140984 0.00957379 0.00941127 0.0108755 0.0128663 0.0114887 0.00969486 0.00884682 0.00872221 0.00851316 0.00922775 0.0109182 0.0101129 0.0084686 0.00830224 0.00931095 0.00813071 0.00808816 0.00805936 0.00816462 0.00838673 0.00960645 0.00823106 0.00813799 0.00797318 0.00796337 0.00797666 0.00814713 0.00807282 0.00801752 0.00801466 0.00807212 0.00802014 0.00795124 0.00799309 0.00819892 0.00827823 0.00794123 0.00795725 0.00798701 0.00796042 0.00799576 0.00799768 0.0080144 0.00798248 0.00802495 0.00831428 0.00799757 0.0079437 0.00797344 0.00799503 0.0079849 0.00797905 0.00796663 0.00798252 0.00819351 0.00811598 0.00805409 0.00806484 0.00805713 0.00807411 0.00838256 0.00812633 0.00812515 0.00830648 0.00821532 0.00816266 0.00815539 0.00822043 0.00841847 
0.0110536 0.00431144 0 0.00318685 0.00321546 0.00322052 0.00327493 0.00378374 0.00333007 0.00635982 0.00887179 0.00728748 0.0082931 0.00850612 0.0201782 0.0288904 0.624204 0.0167418 0.00851424 0.00947957 0.0224971 0.0106676 0.0115093 0.00912156 0.00909373 0.00885452 0.0112759 0.0105621 0.0102115 0.0100625 0.00882529 0.00838813 0.0082313 0.0082817 0.00839997 0.00808566 0.00829698 0.00846705 0.008647 0.00869392 0.0085104 0.00804544 0.00818556 0.00808117 0.00809654 0.0081071 0.007985 0.00805178 0.00834172 0.00837356 0.00832791 0.00829063 0.00823937 0.00812727 0.00803984 0.00794801 0.00808482 0.00818407 0.0082717 0.00825582 0.00828005 0.0082837 0.00829395 0.00836245 0.00817261 0.00804975 0.00801619 0.00810961 0.0081248 0.00810263 0.0081236 0.00812242 0.00809687 0.00809843 0.00804394 0.0081146 0.0082268 0.00821193 0.00820083 0.00817052 0.00814405 0.00809658 0.00821596 0.00820934 0.008228 0.00830982 0.00826566 0.00829793 0.00817886 
0.0133721 0.00328295 0.00318685 0 0.00320129 0.00322224 0.00325317 0.0032633 0.0032605 0.00809042 0.00710436 0.00971811 0.00881423 0.0224401 0.0269157 0.742582 0.0143859 0.0101473 0.009668 0.00914605 0.0128223 0.0239469 0.0103942 0.0100483 0.0094248 0.00963892 0.0122673 0.0203672 0.0312783 0.010133 0.0106814 0.00829818 0.00855252 0.00849223 0.00849368 0.00833194 0.00904101 0.0105114 0.0102849 0.00928862 0.00850342 0.00864109 0.00825104 0.00866892 0.00821253 0.00825055 0.00808308 0.00816347 0.00839024 0.00860457 0.0086245 0.00845503 0.00844043 0.00808782 0.0081182 0.00799983 0.00818558 0.00834805 0.00853322 0.00847702 0.00855021 0.00852568 0.00852948 0.00848754 0.00814816 0.00817292 0.00811982 0.00823431 0.00841191 0.00842312 0.00833274 0.00845189 0.00834514 0.00829395 0.00811833 0.00820099 0.00831127 0.00841285 0.00835735 0.00829746 0.00817064 0.00816327 0.00824944 0.00821436 0.00830104 0.00844175 0.00839219 0.00832474 0.00824442 
0.0133399 0.00333476 0.00321546 0.00320129 0 0.00320609 0.00321815 0.00324477 0.0032655 0.00655453 0.0111215 0.00830778 0.0249425 0.0306317 0.845718 0.0216152 0.0146555 0.0127661 0.00922666 0.0106727 0.0121923 0.0185945 0.0256829 0.0103923 0.0100822 0.00929841 0.0195884 0.0575 0.0282984 0.0345247 0.00965947 0.00888609 0.00883951 0.00877864 0.00885432 0.00851495 0.0102215 0.0138932 0.0183677 0.0101524 0.00912541 0.00828182 0.00900816 0.00843457 0.00867896 0.00831857 0.00807997 0.00824593 0.00863212 0.0090384 0.00924396 0.0087338 0.00845516 0.00819838 0.00808267 0.00808028 0.00836956 0.00865219 0.00893863 0.00892692 0.00886099 0.00911488 0.00864839 0.00898484 0.00823035 0.00817041 0.00815856 0.00843103 0.00869193 0.00873004 0.00854299 0.00859625 0.00861861 0.00830851 0.00819443 0.00823474 0.00837943 0.00853113 0.00847339 0.00834002 0.00821787 0.00820795 0.00829778 0.00826602 0.00834103 0.00851736 0.0084738 0.00842252 0.00827969 
0.0158136 0.00331669 0.00322052 0.00322224 0.00320609 0 0.00320319 0.00324052 0.00321926 0.0078934 0.00756484 0.0360334 0.0464988 0.865622 0.0238696 0.0159259 0.0152912 0.0115629 0.0111562 0.00951838 0.0175332 0.0256162 0.0172216 0.0129594 0.0108747 0.0108842 0.0312415 0.0509346 0.111181 0.0154812 0.0167229 0.00858399 0.00897742 0.00986652 0.0092267 0.00942048 0.0110218 0.0191926 0.0201723 0.0137407 0.00898617 0.00904957 0.00837551 0.0095385 0.00855026 0.00870496 0.00820402 0.00846187 0.00880002 0.00949753 0.00956003 0.00884432 0.00870599 0.00822541 0.00815068 0.00810735 0.00855639 0.00892145 0.00905775 0.00916662 0.00901711 0.00904489 0.00873798 0.00893651 0.0083237 0.0082426 0.00830115 0.00850404 0.00909275 0.00883266 0.00874602 0.00870222 0.00859022 0.00837088 0.00821568 0.00832186 0.00846539 0.0086052 0.00857832 0.00844431 0.00828085 0.00820586 0.00837222 0.00833799 0.00850751 0.00866116 0.00860182 0.00855799 0.00839897 
0.0136901 0.00371191 0.00327493 0.00325317 0.00321815 0.00320319 0 0.00321369 0.00322598 0.00638524 0.0250427 0.0675026 0.826136 0.0236411 0.0136669 0.0105025 0.0148416 0.0107582 0.00958917 0.0110943 0.011149 0.0244544 0.0186815 0.0103662 0.011338 0.0115171 0.0183773 0.0621324 0.0279007 0.0297362 0.0101403 0.00933727 0.00939115 0.00904872 0.0092321 0.0088868 0.0102339 0.0130637 0.0173794 0.0103484 0.00954253 0.00828154 0.00927209 0.00850445 0.00867315 0.00846274 0.0081898 0.00838278 0.00864536 0.00898456 0.00905273 0.00866129 0.00846116 0.00817937 0.00809625 0.00810604 0.00836804 0.00867192 0.00896998 0.00872596 0.00873639 0.00883052 0.00864788 0.00877328 0.008239 0.00823672 0.00821855 0.00844008 0.00874388 0.00884027 0.00860694 0.00855164 0.00845359 0.00832984 0.00815871 0.0082714 0.0083984 0.00854875 0.00849889 0.0084092 0.00824007 0.0082898 0.00839824 0.00829915 0.00836994 0.00859151 0.00852638 0.00853088 0.00834275 
0.0153179 0.00399141 0.00378374 0.0032633 0.00324477 0.00324052 0.00321369 0 0.00344442 0.0790301 0.120702 0.554109 0.0126188 0.0126502 0.00852779 0.0107432 0.00972713 0.0121703 0.0106437 0.0100152 0.0212103 0.0113562 0.0173878 0.0130322 0.0119737 0.0112768 0.0169239 0.0148045 0.0187617 0.0127018 0.0141768 0.00897537 0.00940712 0.00992319 0.00872765 0.0089801 0.00906245 0.0092156 0.00945524 0.0100154 0.0085189 0.0094368 0.00837156 0.00885345 0.00827923 0.00829135 0.00808113 0.00836926 0.00842777 0.0085278 0.00850961 0.00839882 0.00830918 0.00810325 0.00810868 0.00816672 0.0084215 0.00839557 0.00837564 0.00852174 0.00844758 0.00845194 0.00844139 0.00848517 0.0081505 0.00815862 0.0082543 0.00838544 0.00845574 0.00840652 0.0083752 0.00828082 0.00825435 0.00827128 0.00810569 0.00830082 0.00831697 0.00836027 0.00829596 0.00831151 0.00819578 0.00827082 0.00843787 0.00824118 0.00837358 0.00842522 0.00841171 0.00843296 0.00826365 
0.0289396 0.00783504 0.00333007 0.0032605 0.0032655 0.00321926 0.00322598 0.00344442 0 0.776331 0.0810705 0.00617721 0.00640117 0.00628705 0.00715564 0.00703687 0.00771612 0.0081241 0.00837581 0.0191708 0.00919185 0.00938863 0.00960691 0.0110853 0.0153737 0.0164621 0.0109129 0.0101778 0.00921838 0.00993885 0.0103848 0.0130692 0.0134743 0.0084076 0.00888678 0.00984293 0.00827881 0.00847674 0.00867896 0.00839513 0.00864319 0.00939301 0.00872859 0.00823638 0.00815172 0.00813612 0.00807089 0.00882207 0.00818586 0.00841719 0.00823084 0.00829503 0.00813662 0.00812698 0.00808596 0.00866542 0.0083392 0.00819892 0.00822956 0.0081877 0.00824711 0.00829741 0.00822511 0.00827485 0.00811515 0.00809166 0.0085079 0.00822399 0.00820623 0.00827886 0.00823447 0.00807879 0.00808978 0.00807481 0.00809123 0.00841145 0.00822403 0.00811999 0.00813535 0.00810743 0.00819125 0.00842786 0.00819692 0.00815851 0.00862863 0.00831148 0.00820737 0.00823473 0.00820247 
0.0249414 0.00768107 0.00635982 0.00809042 0.00655453 0.0078934 0.00638524 0.0790301 0.776331 0 0.00344598 0.00324596 0.0032502 0.00327963 0.00329061 0.00358064 0.00431714 0.00597804 0.020094 0.0111969 0.010922 0.00944652 0.0114579 0.0322139 0.018403 0.0191718 0.0129984 0.0107957 0.0124929 0.010625 0.0311904 0.0148832 0.00938115 0.00915874 0.0150054 0.00901097 0.00872023 0.00895058 0.00876551 0.0102011 0.0121764 0.0107896 0.00820547 0.00896739 0.00818118 0.00829876 0.00897879 0.00853764 0.00823783 0.00834063 0.00851141 0.00833734 0.00819145 0.00818226 0.00884273 0.00827567 0.00816087 0.00817671 0.00828332 0.00831486 0.00830711 0.00836618 0.00830876 0.00838254 0.00818982 0.00910109 0.00831777 0.00811947 0.00821265 0.00825054 0.00825647 0.00823049 0.00819108 0.00814801 0.00856555 0.00842998 0.00824124 0.0082451 0.00824548 0.00826407 0.00874746 0.00828041 0.0083145 0.0088246 0.00849071 0.00833751 0.00830649 0.00849117 0.00883935 
0.0134179 0.00725969 0.00887179 0.00710436 0.0111215 0.00756484 0.0250427 0.120702 0.0810705 0.00344598 0 0.00320829 0.00324827 0.00324783 0.00320999 0.00344958 0.00358205 0.00556293 0.00483566 0.0135464 0.00967982 0.0104312 0.0189382 0.0114745 0.0104127 0.0115455 0.0228026 0.0223702 0.0141494 0.0231269 0.0100721 0.0105625 0.00920365 0.00923907 0.00950661 0.00872489 0.00946889 0.010124 0.011853 0.00984748 0.00976608 0.00843734 0.0093341 0.00838294 0.00833932 0.00836835 0.00817718 0.00823393 0.0084399 0.00860657 0.00865397 0.00844943 0.00830209 0.00814631 0.00816255 0.00820119 0.00829651 0.00830758 0.00847851 0.00843962 0.00845852 0.00859187 0.00847623 0.00851823 0.00819902 0.00817358 0.00813224 0.0083443 0.00841637 0.00842089 0.00838741 0.00834425 0.008374 0.00825041 0.0081334 0.00814326 0.00836508 0.00835981 0.00830029 0.0083526 0.00828508 0.00821999 0.00842408 0.00832316 0.00835537 0.00846799 0.00840688 0.00843113 0.00831763 
0.0104155 0.00737654 0.00728748 0.00971811 0.00830778 0.0360334 0.0675026 0.554109 0.00617721 0.00324596 0.00320829 0 0.0032313 0.00322016 0.0032378 0.00331155 0.00366898 0.00350095 0.00414549 0.00763151 0.011885 0.0136642 0.0122221 0.0107058 0.00964348 0.0115466 0.0220061 0.0473012 0.059681 0.0173574 0.0129861 0.00869663 0.00915829 0.00975799 0.00918396 0.00883944 0.0110564 0.0184974 0.0207589 0.0126473 0.00913055 0.00876609 0.00853621 0.00952364 0.00878986 0.0086025 0.00816194 0.00844054 0.00867262 0.00914722 0.00944623 0.00878919 0.00890002 0.00820771 0.00814211 0.0081116 0.00846551 0.00878906 0.0090211 0.00901547 0.00921986 0.00906604 0.00899876 0.00891966 0.00829202 0.00816855 0.00826952 0.00857754 0.00885968 0.00885836 0.00877674 0.00898508 0.00862482 0.0086113 0.00815321 0.00823001 0.0084269 0.00862945 0.00856613 0.00840587 0.00822358 0.00818829 0.00828875 0.00827314 0.0083872 0.00862112 0.00856631 0.00849427 0.0083329 
0.0116038 0.00822941 0.0082931 0.00881423 0.0249425 0.0464988 0.826136 0.0126188 0.00640117 0.0032502 0.00324827 0.0032313 0 0.00320646 0.00323031 0.00323186 0.0033129 0.00326642 0.00341713 0.00833526 0.0102878 0.0119803 0.0133364 0.0140258 0.0111969 0.0124172 0.0307696 0.0593292 0.0453943 0.0295831 0.0115177 0.00929869 0.00942755 0.00963696 0.00959562 0.00896508 0.0114524 0.0204351 0.0279177 0.0122159 0.00999233 0.00845339 0.00928023 0.00938421 0.00926144 0.00845738 0.00812393 0.00845184 0.00873452 0.00938467 0.00962414 0.00916137 0.00848818 0.00824865 0.00803223 0.00817851 0.008408 0.00877029 0.00922971 0.00911676 0.00910368 0.00924271 0.00885436 0.00906797 0.00832078 0.0082707 0.00826696 0.0085476 0.00886662 0.00902641 0.0089323 0.00884573 0.00880757 0.00827669 0.00824292 0.00822386 0.00838991 0.00858805 0.00843309 0.0083928 0.00821461 0.00818738 0.00831663 0.00826155 0.00840844 0.00858656 0.00847474 0.00844599 0.00828794 
0.0106274 0.0082314 0.00850612 0.0224401 0.0306317 0.865622 0.0236411 0.0126502 0.00628705 0.00327963 0.00324783 0.00322016 0.00320646 0 0.00325523 0.0032401 0.00326155 0.00326512 0.00334362 0.00767789 0.0102756 0.0114536 0.017019 0.13185 0.00996945 0.013209 0.0271677 0.0611206 0.0745303 0.0202548 0.0175179 0.00874048 0.00928883 0.0104167 0.00935731 0.00924951 0.0118431 0.0276666 0.0246308 0.0153232 0.00941109 0.00851018 0.00864394 0.0098169 0.00889621 0.00871044 0.00817852 0.00838501 0.00895264 0.0100236 0.00983765 0.00895159 0.00871393 0.00823554 0.00810261 0.00806185 0.00839774 0.00913376 0.00901821 0.00948359 0.00913782 0.00926131 0.00884126 0.0089405 0.00829697 0.00815786 0.00820114 0.00856324 0.00922553 0.00895678 0.00902987 0.00889215 0.0087275 0.00849334 0.00814976 0.00818216 0.00844004 0.00866209 0.00858542 0.00845201 0.00819964 0.00812641 0.00829881 0.00822564 0.00832155 0.00858033 0.00853216 0.00846745 0.00830635 
0.0106356 0.0089614 0.0201782 0.0269157 0.845718 0.0238696 0.0136669 0.00852779 0.00715564 0.00329061 0.00320999 0.0032378 0.00323031 0.00325523 0 0.00319995 0.00329927 0.00325677 0.00320888 0.00769744 0.00813109 0.0131094 0.130353 0.119635 0.0108187 0.0121699 0.0331556 0.0602081 0.0473183 0.0407796 0.0122282 0.00905905 0.00972223 0.00991029 0.0096102 0.0093573 0.0123605 0.023356 0.0351343 0.0147527 0.0106548 0.00849078 0.00916898 0.00898523 0.00932415 0.00859279 0.00824429 0.00845894 0.00895644 0.00947081 0.00985205 0.00904951 0.00858594 0.00822131 0.00812916 0.00807104 0.00864316 0.00887171 0.00971485 0.00906801 0.00925581 0.00919687 0.00893965 0.00896299 0.00835639 0.00816895 0.00822772 0.00873297 0.00904215 0.00934748 0.00890094 0.0088605 0.00869656 0.00842585 0.00815395 0.00822632 0.00843299 0.00863062 0.00857002 0.00845684 0.00822172 0.00815472 0.00831933 0.00824977 0.00840832 0.00859259 0.0085401 0.00851952 0.00829161 
0.010102 0.0200869 0.0288904 0.742582 0.0216152 0.0159259 0.0105025 0.0107432 0.00703687 0.00358064 0.00344958 0.00331155 0.00323186 0.0032401 0.00319995 0 0.0032227 0.00325279 0.00322124 0.00695987 0.010924 0.145588 0.12071 0.126592 0.0086378 0.0141919 0.0263257 0.0715841 0.0915016 0.0215793 0.0147021 0.00884449 0.00941283 0.0111761 0.00960928 0.00934775 0.0123246 0.0312582 0.0319882 0.0166262 0.00962177 0.00883635 0.00864187 0.0103801 0.00898111 0.00881179 0.00822911 0.00846033 0.00885314 0.00968287 0.00975791 0.00895642 0.00871174 0.008241 0.0082005 0.0081763 0.00841049 0.00922358 0.00913904 0.00942675 0.00910483 0.00916393 0.00877205 0.0090918 0.00832982 0.00818779 0.00821601 0.00861104 0.00932215 0.0089107 0.00892458 0.0087525 0.0087399 0.00845931 0.00815436 0.00823311 0.00845464 0.00862087 0.00865146 0.00846389 0.00822108 0.00816551 0.00830169 0.00826005 0.008449 0.00856853 0.00857666 0.00847751 0.00831228 
0.00988579 0.0352059 0.624204 0.0143859 0.0146555 0.0152912 0.0148416 0.00972713 0.00771612 0.00431714 0.00358205 0.00366898 0.0033129 0.00326155 0.00329927 0.0032227 0 0.00323565 0.00320293 0.0073731 0.113158 0.124989 0.188393 0.00960481 0.008878 0.0122149 0.0295578 0.0711437 0.0637372 0.0266386 0.0139439 0.00902486 0.0095888 0.0103144 0.00978852 0.00901065 0.012497 0.0249848 0.0365697 0.0143104 0.0102162 0.00856867 0.00900988 0.00917841 0.00926101 0.00873431 0.00823372 0.00872537 0.00885571 0.00974151 0.00976506 0.00905462 0.00867803 0.00826521 0.00812377 0.00810316 0.00880037 0.00884388 0.00977538 0.00901883 0.00921549 0.00908131 0.00895087 0.00897984 0.00838381 0.00822968 0.00826129 0.00886556 0.00903604 0.00935192 0.00882316 0.00906273 0.00872412 0.008456 0.00814954 0.00829331 0.00841788 0.0086403 0.00862627 0.00846529 0.00822779 0.0081493 0.00833831 0.00824399 0.00838115 0.00861991 0.00854587 0.00852238 0.00831909 
0.0110359 0.532417 0.0167418 0.0101473 0.0127661 0.0115629 0.0107582 0.0121703 0.0081241 0.00597804 0.00556293 0.00350095 0.00326642 0.00326512 0.00325677 0.00325279 0.00323565 0 0.00330144 0.120273 0.0878968 0.166903 0.014866 0.0120641 0.0109414 0.0159123 0.0224581 0.0259925 0.0195372 0.0436986 0.0140087 0.0107788 0.0110257 0.0122248 0.00984363 0.00918385 0.010171 0.011228 0.0134187 0.0126947 0.00959679 0.00909383 0.00895113 0.0086799 0.00846063 0.00851512 0.00812626 0.00846638 0.00858749 0.00876113 0.00876621 0.00861453 0.00841631 0.00814945 0.00812911 0.00826142 0.00853866 0.00867844 0.00862089 0.00886734 0.00859701 0.00869953 0.00860729 0.00851977 0.00827721 0.00812602 0.00827534 0.00848525 0.00869081 0.00850907 0.00854421 0.00844303 0.00843961 0.00836481 0.0081032 0.00822355 0.0083566 0.00843819 0.00836615 0.00834882 0.00816538 0.00816277 0.00833959 0.00818167 0.00830907 0.00843407 0.00841287 0.00837736 0.00822821 
0.0352502 0.0200306 0.00851424 0.009668 0.00922666 0.0111562 0.00958917 0.0106437 0.00837581 0.020094 0.00483566 0.00414549 0.00341713 0.00334362 0.00320888 0.00322124 0.00320293 0.00330144 0 0.0588401 0.175304 0.00854261 0.00997909 0.0123793 0.0147437 0.0259474 0.0122852 0.0122077 0.0131261 0.0113603 0.0271082 0.0135884 0.0151379 0.00896345 0.0103058 0.0111993 0.00920029 0.00920724 0.00948869 0.00962924 0.00922147 0.0127816 0.00844104 0.00873742 0.00828907 0.00816445 0.00839946 0.00941324 0.00837837 0.0085233 0.00845094 0.00840418 0.00831902 0.00810286 0.00815129 0.00862443 0.00849593 0.00834496 0.00862986 0.00840762 0.00840688 0.00849602 0.008372 0.00852466 0.00806081 0.0082497 0.00859613 0.00836748 0.00833543 0.00870717 0.00831455 0.00846261 0.0082903 0.00814119 0.00833093 0.00854085 0.00826795 0.00821897 0.00823083 0.00815837 0.00833547 0.0084651 0.00818721 0.00825724 0.00871305 0.0083415 0.00826819 0.00823977 0.0082086 
0.0202738 0.0140984 0.00947957 0.00914605 0.0106727 0.00951838 0.0110943 0.0100152 0.0191708 0.0111969 0.0135464 0.00763151 0.00833526 0.00767789 0.00769744 0.00695987 0.0073731 0.120273 0.0588401 0 0.00332108 0.00322367 0.00332595 0.00397094 0.00852029 0.103544 0.0265199 0.0120055 0.0100139 0.0181968 0.0174867 0.0225923 0.011752 0.00902141 0.0186431 0.0102031 0.00870852 0.00882466 0.00926778 0.00941702 0.0158473 0.0083282 0.0100346 0.00808605 0.00844391 0.00831074 0.00866524 0.00831009 0.00819779 0.00824418 0.00836724 0.00840791 0.00805531 0.00818255 0.00839149 0.00874102 0.0080098 0.00810026 0.00817055 0.00823252 0.00816095 0.0082152 0.00832497 0.00809945 0.00831058 0.00844246 0.00831193 0.00800805 0.00809503 0.0081116 0.00808604 0.00808045 0.00810593 0.00803654 0.00848476 0.00824503 0.00803063 0.00805136 0.008063 0.00805777 0.00842992 0.00818002 0.00811381 0.00831949 0.00834076 0.0081732 0.00816589 0.00820879 0.00852501 
0.00981065 0.00957379 0.0224971 0.0128223 0.0121923 0.0175332 0.011149 0.0212103 0.00919185 0.010922 0.00967982 0.011885 0.0102878 0.0102756 0.00813109 0.010924 0.113158 0.0878968 0.175304 0.00332108 0 0.00322698 0.00324188 0.00322845 0.0054477 0.044986 0.0760716 0.0729731 0.0378783 0.0161052 0.0143796 0.00955171 0.00956499 0.0126314 0.00986018 0.00895362 0.0110998 0.011963 0.0122836 0.0137488 0.00943608 0.00943114 0.00826596 0.00990436 0.0083412 0.00842831 0.0081564 0.00828099 0.00860975 0.00876176 0.00885085 0.0084843 0.00843546 0.0081976 0.00809733 0.00802142 0.00840048 0.00839498 0.00861554 0.00859339 0.00859055 0.00878957 0.0084596 0.00860095 0.0082155 0.00816363 0.00809615 0.00843086 0.008526 0.0085765 0.0084423 0.00840979 0.00840212 0.00825466 0.00811683 0.00816262 0.00839548 0.00841141 0.00834868 0.00821432 0.00820474 0.00809803 0.00823575 0.0082315 0.00834163 0.00844505 0.00835948 0.00841642 0.00823217 
0.00929928 0.00941127 0.0106676 0.0239469 0.0185945 0.0256162 0.0244544 0.0113562 0.00938863 0.00944652 0.0104312 0.0136642 0.0119803 0.0114536 0.0131094 0.145588 0.124989 0.166903 0.00854261 0.00322367 0.00322698 0 0.00320065 0.00321114 0.00490043 0.0161422 0.0489561 0.119437 0.113802 0.0198364 0.0124088 0.00921506 0.00991263 0.00969484 0.009795 0.00903467 0.0112869 0.0216437 0.0294585 0.0130656 0.00966622 0.00847849 0.00895442 0.00940202 0.00921735 0.00853686 0.00820449 0.00842072 0.00870466 0.00954435 0.0101732 0.00897294 0.00853725 0.0082298 0.00812336 0.0081779 0.00835 0.00875561 0.00895766 0.00889622 0.00893993 0.00901515 0.00876634 0.00877585 0.00832507 0.00823073 0.00823334 0.00851183 0.00894959 0.00898067 0.00873118 0.00886851 0.00863657 0.00827589 0.00819486 0.00822498 0.00838919 0.00859928 0.00846071 0.00832121 0.00818506 0.00818476 0.00819959 0.00816802 0.00824435 0.008346 0.0084225 0.00828141 0.00819532 
0.0101164 0.0108755 0.0115093 0.0103942 0.0256829 0.0172216 0.0186815 0.0173878 0.00960691 0.0114579 0.0189382 0.0122221 0.0133364 0.017019 0.130353 0.12071 0.188393 0.014866 0.00997909 0.00332595 0.00324188 0.00320065 0 0.00322606 0.00711732 0.0192589 0.0581361 0.0538052 0.0640239 0.160887 0.0204814 0.0114449 0.0115505 0.0186645 0.0101185 0.00947853 0.0125058 0.0138506 0.0183496 0.0160945 0.0108839 0.00888962 0.00918513 0.0089749 0.00885697 0.00897628 0.00824126 0.00855598 0.00888312 0.00923045 0.00956887 0.00889876 0.00847983 0.00832106 0.0081392 0.00828755 0.00859899 0.00876412 0.00905988 0.00878749 0.00881768 0.00886878 0.00886929 0.00865876 0.00845612 0.00816941 0.00835897 0.00879378 0.00874109 0.00900256 0.00868292 0.00870601 0.00870896 0.00845035 0.00815129 0.00825906 0.00843603 0.00854173 0.00847626 0.00835385 0.00818317 0.00819373 0.00828023 0.00817181 0.00829729 0.00842607 0.00840243 0.00834389 0.00819697 
0.0128854 0.0128663 0.00912156 0.0100483 0.0103923 0.0129594 0.0103662 0.0130322 0.0110853 0.0322139 0.0114745 0.0107058 0.0140258 0.13185 0.119635 0.126592 0.00960481 0.0120641 0.0123793 0.00397094 0.00322845 0.00321114 0.00322606 0 0.0173577 0.0303035 0.0164485 0.0189634 0.0209797 0.0524384 0.147977 0.0154534 0.0166728 0.0101397 0.0147618 0.0117901 0.00950811 0.00979164 0.0103386 0.0126222 0.0116082 0.012981 0.00845906 0.00875529 0.00848987 0.00843671 0.00860174 0.00958697 0.0086971 0.0088252 0.00881795 0.00864385 0.00834296 0.00815657 0.00818503 0.00873146 0.00844777 0.00849408 0.00862282 0.00857453 0.00856991 0.00868275 0.00850739 0.0085188 0.00814316 0.00836516 0.00860534 0.00831907 0.00851285 0.00842892 0.00836155 0.00827845 0.00831835 0.00825663 0.00836824 0.0084024 0.00830572 0.0083003 0.00825295 0.00826814 0.00828408 0.00834959 0.00819967 0.00821967 0.00862747 0.00831873 0.00824662 0.00825063 0.00822676 
0.0266677 0.0114887 0.00909373 0.0094248 0.0100822 0.0108747 0.011338 0.0119737 0.0153737 0.018403 0.0104127 0.00964348 0.0111969 0.00996945 0.0108187 0.0086378 0.008878 0.0109414 0.0147437 0.00852029 0.0054477 0.00490043 0.00711732 0.0173577 0 0.0257789 0.0147432 0.0141878 0.0140849 0.0245595 0.0594194 0.0920961 0.0136914 0.0101744 0.0153965 0.0104772 0.0088419 0.00878954 0.00879907 0.00982667 0.0133628 0.0105292 0.00859384 0.00820922 0.00819041 0.00816963 0.00913899 0.00901817 0.00812008 0.00814396 0.00817908 0.00819133 0.00811554 0.00826674 0.0087128 0.00868462 0.008119 0.00811495 0.00813032 0.00817982 0.00815574 0.00814418 0.00818867 0.00811718 0.00825331 0.00912588 0.00848538 0.00809059 0.00808939 0.00811662 0.00807394 0.00810574 0.00808436 0.00814192 0.00892848 0.00849165 0.00812586 0.00808853 0.00809347 0.00811628 0.00893416 0.00843252 0.00809065 0.00856469 0.00847291 0.00814933 0.00814514 0.00819659 0.00886894 
0.0133168 0.00969486 0.00885452 0.00963892 0.00929841 0.0108842 0.0115171 0.0112768 0.0164621 0.0191718 0.0115455 0.0115466 0.0124172 0.013209 0.0121699 0.0141919 0.0122149 0.0159123 0.0259474 0.103544 0.044986 0.0161422 0.0192589 0.0303035 0.0257789 0 0.00509866 0.0033035 0.00340156 0.00346193 0.00564231 0.0152074 0.0396 0.0120716 0.0475481 0.0128231 0.0115936 0.0103288 0.0100337 0.0136301 0.0209444 0.0112481 0.00902861 0.00914735 0.00835389 0.00876473 0.0131058 0.00896588 0.00849953 0.00857755 0.00872744 0.00859255 0.00841692 0.00846937 0.00937793 0.00840212 0.00827509 0.00828149 0.00847164 0.00842608 0.00845597 0.00849989 0.0085531 0.00833746 0.00847057 0.00916733 0.00829153 0.00824931 0.00830501 0.00835598 0.00830155 0.0083716 0.00825472 0.00822843 0.00883006 0.00839414 0.0081534 0.00819731 0.0081665 0.00818645 0.00872587 0.00819905 0.00815002 0.00847299 0.00839783 0.00821993 0.00823044 0.00840601 0.00862488 
0.0093666 0.00884682 0.0112759 0.0122673 0.0195884 0.0312415 0.0183773 0.0169239 0.0109129 0.0129984 0.0228026 0.0220061 0.0307696 0.0271677 0.0331556 0.0263257 0.0295578 0.0224581 0.0122852 0.0265199 0.0760716 0.0489561 0.0581361 0.0164485 0.0147432 0.00509866 0 0.00324082 0.00325442 0.00341155 0.00330552 0.00787102 0.0236812 0.0460588 0.0133904 0.0126094 0.0226833 0.0201257 0.0273747 0.0263831 0.0114035 0.0102517 0.0104316 0.00959035 0.00995324 0.0108796 0.00918583 0.00864017 0.00966081 0.00979119 0.0107139 0.00967885 0.00876043 0.008548 0.00826753 0.00825284 0.00857353 0.00901502 0.00962427 0.00972268 0.00983659 0.00986457 0.00959582 0.00887357 0.00871663 0.00839028 0.00827594 0.00872703 0.00911249 0.00949839 0.00926583 0.00894389 0.00891603 0.00873802 0.0085157 0.00820118 0.00848846 0.00856442 0.00855792 0.0084324 0.00833673 0.00810204 0.00829058 0.00817846 0.00817326 0.00857285 0.00844299 0.0084952 0.00825581 
0.00874965 0.00872221 0.0105621 0.0203672 0.0575 0.0509346 0.0621324 0.0148045 0.0101778 0.0107957 0.0223702 0.0473012 0.0593292 0.0611206 0.0602081 0.0715841 0.0711437 0.0259925 0.0122077 0.0120055 0.0729731 0.119437 0.0538052 0.0189634 0.0141878 0.0033035 0.00324082 0 0.00327739 0.00321304 0.00322844 0.00543457 0.0252948 0.0156523 0.0233494 0.0109229 0.0199863 0.0444021 0.0922663 0.0228808 0.0154033 0.00930087 0.01197 0.0134602 0.0181981 0.0107118 0.00879265 0.00891717 0.0110545 0.0136739 0.0174908 0.0129167 0.0104744 0.0085436 0.0082211 0.00840503 0.00899543 0.011849 0.0123747 0.0122363 0.0125882 0.0121723 0.0115075 0.0106352 0.00883701 0.00834337 0.00850263 0.00948578 0.0110116 0.0110902 0.010124 0.0106016 0.00987604 0.00901474 0.00846085 0.00838362 0.00875587 0.00926102 0.00917645 0.00868017 0.00859052 0.00819527 0.00834513 0.00823529 0.00838676 0.00873268 0.00863331 0.00853627 0.0083232 
0.00887351 0.00851316 0.0102115 0.0312783 0.0282984 0.111181 0.0279007 0.0187617 0.00921838 0.0124929 0.0141494 0.059681 0.0453943 0.0745303 0.0473183 0.0915016 0.0637372 0.0195372 0.0131261 0.0100139 0.0378783 0.113802 0.0640239 0.0209797 0.0140849 0.00340156 0.00325442 0.00327739 0 0.00320463 0.00322031 0.00500457 0.0172423 0.0330335 0.0122781 0.0111507 0.0171753 0.0778914 0.046446 0.0307576 0.00999867 0.0108304 0.00978394 0.0301781 0.0116367 0.0104445 0.00892687 0.00899087 0.0106952 0.0172985 0.0155352 0.0124629 0.0104145 0.00850782 0.0083442 0.00830137 0.00917714 0.0112986 0.0123242 0.0124221 0.0123509 0.0123109 0.0103921 0.011661 0.00867415 0.00856578 0.00852858 0.00947999 0.0109896 0.011342 0.0109517 0.010588 0.00984682 0.00923487 0.00853645 0.00835797 0.00880424 0.00918491 0.00946982 0.00868214 0.00845363 0.00814554 0.00832655 0.00826211 0.0083671 0.00874342 0.00873544 0.00861073 0.0083766 
0.00944374 0.00922775 0.0100625 0.010133 0.0345247 0.0154812 0.0297362 0.0127018 0.00993885 0.010625 0.0231269 0.0173574 0.0295831 0.0202548 0.0407796 0.0215793 0.0266386 0.0436986 0.0113603 0.0181968 0.0161052 0.0198364 0.160887 0.0524384 0.0245595 0.00346193 0.00341155 0.00321304 0.00320463 0 0.00322402 0.0132142 0.0230534 0.0603648 0.0301092 0.0113663 0.0257595 0.0169532 0.0354353 0.0260273 0.0159696 0.00945404 0.0198905 0.00909975 0.0104948 0.011389 0.00891876 0.00901292 0.0113528 0.0103024 0.0116524 0.0104159 0.00876535 0.00860706 0.00819251 0.00887297 0.00898932 0.00970861 0.0100825 0.00988423 0.0102557 0.00976108 0.00985543 0.00912446 0.00898508 0.00827799 0.00857015 0.00901978 0.00982675 0.0100571 0.00940954 0.00960591 0.00919973 0.00887449 0.00842913 0.00827524 0.00862106 0.00889681 0.00872169 0.00872489 0.00826619 0.00819635 0.00837916 0.00817556 0.00832605 0.00862023 0.00847419 0.00835173 0.0081689 
0.0106973 0.0109182 0.00882529 0.0106814 0.00965947 0.0167229 0.0101403 0.0141768 0.0103848 0.0311904 0.0100721 0.0129861 0.0115177 0.0175179 0.0122282 0.0147021 0.0139439 0.0140087 0.0271082 0.0174867 0.0143796 0.0124088 0.0204814 0.147977 0.0594194 0.00564231 0.00330552 0.00322844 0.00322031 0.00322402 0 0.0498134 0.0295689 0.0255776 0.053887 0.0224765 0.0121758 0.013254 0.0129398 0.01891 0.0165961 0.0324005 0.00899709 0.0106432 0.0088017 0.00894043 0.0104778 0.0133295 0.00906806 0.00948217 0.00942198 0.00898115 0.00886876 0.00838023 0.0083365 0.00975672 0.00926029 0.00893627 0.00927118 0.00921651 0.00909498 0.00931976 0.008729 0.00904791 0.00830684 0.00899277 0.0097762 0.00894383 0.00873606 0.00916102 0.00862636 0.00865155 0.00866 0.00848262 0.00872114 0.00890788 0.00838721 0.00835386 0.00843777 0.00832374 0.00855468 0.00858504 0.00811208 0.00835063 0.00890978 0.00842078 0.00838809 0.00816161 0.0082218 
0.0195031 0.0101129 0.00838813 0.00829818 0.00888609 0.00858399 0.00933727 0.00897537 0.0130692 0.0148832 0.0105625 0.00869663 0.00929869 0.00874048 0.00905905 0.00884449 0.00902486 0.0107788 0.0135884 0.0225923 0.00955171 0.00921506 0.0114449 0.0154534 0.0920961 0.0152074 0.00787102 0.00543457 0.00500457 0.0132142 0.0498134 0 0.05985 0.0131666 0.0529961 0.0152356 0.00962377 0.00933489 0.00925036 0.0112085 0.0235742 0.0126095 0.0114667 0.00839602 0.00849299 0.00840432 0.0105154 0.00965279 0.00829033 0.00817777 0.0086981 0.00841994 0.0080649 0.00830643 0.00882581 0.0109764 0.00834449 0.00832314 0.00823681 0.00831185 0.00836956 0.00819141 0.0083678 0.00803349 0.00860283 0.00929203 0.00937498 0.00815486 0.00813839 0.00807342 0.00803992 0.00805296 0.00803905 0.00805836 0.00913962 0.00865295 0.00813258 0.00804029 0.0080294 0.00812777 0.00882957 0.00857401 0.00813124 0.00836547 0.00897036 0.00811564 0.00810048 0.00817706 0.00879654 
0.0116462 0.0084686 0.0082313 0.00855252 0.00883951 0.00897742 0.00939115 0.00940712 0.0134743 0.00938115 0.00920365 0.00915829 0.00942755 0.00928883 0.00972223 0.00941283 0.0095888 0.0110257 0.0151379 0.011752 0.00956499 0.00991263 0.0115505 0.0166728 0.0136914 0.0396 0.0236812 0.0252948 0.0172423 0.0230534 0.0295689 0.05985 0 0.00336716 0.00350375 0.0685943 0.0117435 0.0341883 0.028837 0.0156975 0.03699 0.00995734 0.0110927 0.0089244 0.00899883 0.00924748 0.0155833 0.00884883 0.00864036 0.00877481 0.00895443 0.00882364 0.00841506 0.00872589 0.00959816 0.00879059 0.00824387 0.00849841 0.0086725 0.00863341 0.00857236 0.00864093 0.00871158 0.00845752 0.00894096 0.00943719 0.00848521 0.00822704 0.00838101 0.00843041 0.00828087 0.00838762 0.00831632 0.00833708 0.00982056 0.00826751 0.0080698 0.00817007 0.00814574 0.00817433 0.009051 0.0083041 0.00800467 0.00846464 0.00856662 0.00806312 0.00814247 0.008287 0.00865413 
0.00870651 0.00830224 0.0082817 0.00849223 0.00877864 0.00986652 0.00904872 0.00992319 0.0084076 0.00915874 0.00923907 0.00975799 0.00963696 0.0104167 0.00991029 0.0111761 0.0103144 0.0122248 0.00896345 0.00902141 0.0126314 0.00969484 0.0186645 0.0101397 0.0101744 0.0120716 0.0460588 0.0156523 0.0330335 0.0603648 0.0255776 0.0131666 0.00336716 0 0.00321856 0.0110241 0.0675843 0.0244983 0.0169497 0.0572547 0.00997437 0.0113144 0.00922735 0.00977247 0.00861627 0.0101732 0.00872259 0.00861965 0.00903809 0.00907294 0.00909634 0.0085991 0.00838242 0.00821799 0.00805506 0.00829237 0.00859907 0.00853692 0.00868083 0.00862745 0.00877553 0.00882404 0.00850724 0.00856525 0.0082567 0.0081625 0.00818469 0.00852246 0.00844336 0.00856558 0.00843418 0.00842702 0.00837494 0.00842665 0.00815603 0.00810999 0.00823121 0.00829332 0.0082614 0.00830667 0.00813982 0.00801057 0.00810772 0.00809819 0.00811563 0.00835895 0.00824619 0.00818087 0.00809279 
0.0100581 0.00931095 0.00839997 0.00849368 0.00885432 0.0092267 0.0092321 0.00872765 0.00888678 0.0150054 0.00950661 0.00918396 0.00959562 0.00935731 0.0096102 0.00960928 0.00978852 0.00984363 0.0103058 0.0186431 0.00986018 0.009795 0.0101185 0.0147618 0.0153965 0.0475481 0.0133904 0.0233494 0.0122781 0.0301092 0.053887 0.0529961 0.00350375 0.00321856 0 0.0495515 0.0194156 0.0184348 0.0211519 0.014318 0.0515625 0.018999 0.0105701 0.00896122 0.00900094 0.0089407 0.0116685 0.0123853 0.00910772 0.00871625 0.0090254 0.00865244 0.00845106 0.00818962 0.0082172 0.0110508 0.00879918 0.00863532 0.0085786 0.00863962 0.00862922 0.00876916 0.00852534 0.00846171 0.0083026 0.00841569 0.00981139 0.00847165 0.00842676 0.00851613 0.00836017 0.00836891 0.00838326 0.00827467 0.0086989 0.00870192 0.00829348 0.00823225 0.00823057 0.00838251 0.00860921 0.00855208 0.00812554 0.00811026 0.00875442 0.00836645 0.008198 0.00826894 0.00808819 
0.0101753 0.00813071 0.00808566 0.00833194 0.00851495 0.00942048 0.0088868 0.0089801 0.00984293 0.00901097 0.00872489 0.00883944 0.00896508 0.00924951 0.0093573 0.00934775 0.00901065 0.00918385 0.0111993 0.0102031 0.00895362 0.00903467 0.00947853 0.0117901 0.0104772 0.0128231 0.0126094 0.0109229 0.0111507 0.0113663 0.0224765 0.0152356 0.0685943 0.0110241 0.0495515 0 0.0034486 0.00324893 0.00324755 0.00333955 0.0037074 0.0534728 0.0132855 0.00940647 0.00887741 0.00992876 0.0135964 0.00938538 0.00905537 0.00918707 0.00938966 0.00925523 0.00855486 0.00856538 0.00968742 0.00903513 0.00848879 0.00865609 0.00892661 0.00917611 0.00898391 0.00921833 0.00898261 0.00893887 0.00865288 0.00968316 0.00867902 0.00841244 0.00866039 0.00883378 0.00874365 0.00865917 0.00886479 0.0085912 0.00936635 0.00822131 0.00811815 0.00826767 0.00827815 0.00819114 0.00880855 0.0080666 0.00796625 0.00834514 0.00837755 0.00806474 0.00813567 0.00810574 0.00838184 
0.00844728 0.00808816 0.00829698 0.00904101 0.0102215 0.0110218 0.0102339 0.00906245 0.00827881 0.00872023 0.00946889 0.0110564 0.0114524 0.0118431 0.0123605 0.0123246 0.012497 0.010171 0.00920029 0.00870852 0.0110998 0.0112869 0.0125058 0.00950811 0.0088419 0.0115936 0.0226833 0.0199863 0.0171753 0.0257595 0.0121758 0.00962377 0.0117435 0.0675843 0.0194156 0.0034486 0 0.00321124 0.0032161 0.00320439 0.00321549 0.024058 0.0515563 0.0111182 0.0106184 0.0104293 0.00974188 0.00948142 0.0130741 0.0118542 0.0145 0.0112894 0.00977717 0.00873409 0.00831234 0.00833275 0.00956301 0.0104497 0.0115575 0.0115899 0.0116935 0.0116708 0.0109062 0.0100926 0.00902517 0.00844276 0.00846542 0.00965226 0.010123 0.0105836 0.0100729 0.00998026 0.00989504 0.00909166 0.00864796 0.00820712 0.00844484 0.00874303 0.00854746 0.00858954 0.00852765 0.00804482 0.0081533 0.00809893 0.00815884 0.00847706 0.00832951 0.00829995 0.00813421 
0.0083915 0.00805936 0.00846705 0.0105114 0.0138932 0.0191926 0.0130637 0.0092156 0.00847674 0.00895058 0.010124 0.0184974 0.0204351 0.0276666 0.023356 0.0312582 0.0249848 0.011228 0.00920724 0.00882466 0.011963 0.0216437 0.0138506 0.00979164 0.00878954 0.0103288 0.0201257 0.0444021 0.0778914 0.0169532 0.013254 0.00933489 0.0341883 0.0244983 0.0184348 0.00324893 0.00321124 0 0.00319755 0.00319248 0.00320517 0.0230013 0.0206827 0.0895727 0.0169182 0.0131503 0.00940698 0.00963582 0.01377 0.0305484 0.0290828 0.0218837 0.0142175 0.00870017 0.00842124 0.00838954 0.0100196 0.0171072 0.0212124 0.0215962 0.0217709 0.0236858 0.0163348 0.0168732 0.0089139 0.00867084 0.00853201 0.0100288 0.0148604 0.0173137 0.0145351 0.0135686 0.012475 0.00951381 0.00847725 0.00831802 0.0089096 0.00933592 0.0101821 0.00882281 0.00846969 0.00811378 0.00819294 0.00820682 0.00835051 0.00856082 0.00877866 0.0084835 0.00823651 
0.00839972 0.00816462 0.008647 0.0102849 0.0183677 0.0201723 0.0173794 0.00945524 0.00867896 0.00876551 0.011853 0.0207589 0.0279177 0.0246308 0.0351343 0.0319882 0.0365697 0.0134187 0.00948869 0.00926778 0.0122836 0.0294585 0.0183496 0.0103386 0.00879907 0.0100337 0.0273747 0.0922663 0.046446 0.0354353 0.0129398 0.00925036 0.028837 0.0169497 0.0211519 0.00324755 0.0032161 0.00319755 0 0.00319794 0.00320397 0.0133775 0.0297613 0.0248878 0.0995194 0.0140943 0.0109552 0.00956101 0.0217579 0.0313592 0.054331 0.0267559 0.0141501 0.00940485 0.0084919 0.00863513 0.010877 0.0213609 0.0278205 0.02584 0.0294384 0.0255621 0.0237457 0.0152559 0.0100029 0.00873233 0.00863857 0.0112748 0.0207448 0.0204255 0.0176898 0.0169943 0.0152578 0.0104524 0.00874178 0.00845166 0.00925258 0.0106632 0.0102581 0.00945579 0.00877238 0.00813327 0.00822011 0.00825465 0.00850459 0.00894382 0.00891693 0.00853184 0.00827902 
0.00824201 0.00838673 0.00869392 0.00928862 0.0101524 0.0137407 0.0103484 0.0100154 0.00839513 0.0102011 0.00984748 0.0126473 0.0122159 0.0153232 0.0147527 0.0166262 0.0143104 0.0126947 0.00962924 0.00941702 0.0137488 0.0130656 0.0160945 0.0126222 0.00982667 0.0136301 0.0263831 0.0228808 0.0307576 0.0260273 0.01891 0.0112085 0.0156975 0.0572547 0.014318 0.00333955 0.00320439 0.00319248 0.00319794 0 0.00320351 0.0211262 0.0131791 0.030508 0.0178207 0.122716 0.0137042 0.0118169 0.0143097 0.0180929 0.0179491 0.0137955 0.0108096 0.00902521 0.00847506 0.00929429 0.0112804 0.011582 0.0133165 0.0147985 0.0126327 0.0167451 0.011162 0.0124069 0.00915036 0.00884631 0.00955174 0.0111262 0.0117772 0.0117202 0.0121806 0.0117977 0.0111074 0.0104588 0.00868065 0.00864181 0.00910626 0.00904702 0.00937653 0.00892884 0.00853261 0.00817957 0.00831207 0.00829987 0.00852227 0.00870629 0.00849623 0.0085725 0.00819374 
