1PKKA
MILSDKDIIDYVTSKRIIIKPFNKDFVGPCSYDVTLGDEFIIYDDEVYDLSKELNYKRIKIKNSILVCPLNYNLTEEKINYFKEKYNVDYVVEGGVLGTTNEYIELPNDISAQYQGRSSLGRVFLTSHQTAGWIDAGFKGKITLEIVAFDKPVILYKNQRIGQLIFSKLLSPADVGYSERKT
CECCHHHHHHHHHCCCCEEECCCHHHECCCCEEEEECCEEEEECCCCCCCCCCCCEEEEECCCEEEEECCCCCCCHHHHHHHHHHHCCCEEEECCEEEEEEEEEECCCCEEEEEEECHHHHCCCEECCCCCCEECCCCEEEEEEEEEECCCCEEEECCCEEEEEEEEECCCCCCCCEEECCC
0 0 0 0 0 0 0 0 0 0 0 0 0 0 0 0 0 0 0 0 0 0 0 0 0 0 0 0 0 0 0 0 0 0 0 0 0 0 0 0 0 0 0 0 0 0 0 0 0 0 0 0 0 0 0 0 0 0 0 0 0 0 0 0 0 0 0 0 0 0 0 0 0 0 0 0 0 0 0 0 0 0 0 0 0 0 0 0 0 0 0 0 0 0 0 0 0 0 0 0 0 0 0 0 0 0 0 0 0 0 0 0 0 0 0 0 0 0 0 0 0 0 0 0 0 0 0 0 0 0 0 0 0 0 0 0 0 0 0 0 0 0 0 0 0 0 0 0 0 0 0 0 0 0 0 0 0 0 0 0 0 0 0 0 0 0 0 0 0 0 0 0 0 0 0 0 0 0 0 0 0 0 
0 0 0 0 0 0 0 0 0 0 0 0 0 0 0 0 0 0 0 0 0 0 0 0 0 0 0 0 0 0 0 0 0 0 0 0 0 0 0 0 0 0 0 0 0 0 0 0 0 0 0 0 0 0 0 0 0 0 0 0 0 0 0 0 0 0 0 0 0 0 0 0 0 0 0 0 0 0 0 0 0 0 0 0 0 0 0 0 0 0 0 0 0 0 0 0 0 0 0 0 0 0 0 0 0 0 0 0 0 0 0 0 0 0 0 0 0 0 0 0 0 0 0 0 0 0 0 0 0 0 0 0 0 0 0 0 0 0 0 0 0 0 0 0 0 0 0 0 0 0 0 0 0 0 0 0 0 0 0 0 0 0 0 0 0 0 0 0 0 0 0 0 0 0 0 0 0 0 0 0 0 0 
0 0.0844318 0.0255719 0.0576754 0.0813914 0.0261884 0.0118602 0.011476 0.0143246 0.027606 0.0222019 0.0128612 0.00998456 0.0108972 0.0155376 0.0169727 0.00968282 0.00926618 0.00956166 0.0167843 0.0195046 0.010745 0.00955642 0.0108585 0.0135744 0.0138375 0.00901391 0.00863183 0.0121928 0.0129858 0.00911961 0.00867547 0.00829755 0.00839728 0.00832572 0.00866084 0.00866684 0.00855952 0.0115324 0.0114142 0.00849553 0.00862477 0.00848756 0.00827888 0.00820545 0.009696 0.0105456 0.00922749 0.0101064 0.00915392 0.00998356 0.00818254 0.00839315 0.00813702 0.00929953 0.00827765 0.00883905 0.00819459 0.00846255 0.00975395 0.0120597 0.00837481 0.00830048 0.00890969 0.00931803 0.0081541 0.00812527 0.00815328 0.00819417 0.00823264 0.00820275 0.00817657 0.00947427 0.00956103 0.00821386 0.00908174 
0.0844318 0 0.003378 0.00392205 0.0061012 0.0214631 0.0181041 0.0162693 0.0506747 0.0338495 0.0242313 0.0158018 0.017818 0.0135753 0.0284824 0.0134427 0.0121283 0.012472 0.0116014 0.0394788 0.0183096 0.0149243 0.0153125 0.0173967 0.023811 0.0168072 0.0119334 0.00972336 0.018705 0.0113745 0.0105625 0.00911119 0.00967726 0.0085911 0.00894799 0.00899955 0.00945867 0.00927249 0.0248548 0.0103089 0.00949867 0.00873894 0.00920863 0.00826764 0.00882056 0.0106309 0.00946009 0.00973885 0.0090991 0.00897784 0.00957187 0.00818448 0.00951329 0.00839416 0.0104989 0.0085102 0.0105409 0.00848076 0.00875165 0.00984733 0.00891714 0.00880332 0.00859481 0.00943794 0.00917712 0.00818228 0.00856104 0.00863861 0.00868024 0.00887714 0.00862499 0.00836411 0.00885605 0.00855445 0.00815724 0.00875838 
0.0255719 0.003378 0 0.00322394 0.00613889 0.0126478 0.0251063 0.0345691 0.0312237 0.0166043 0.010035 0.0317864 0.0100005 0.0257469 0.00998336 0.0104824 0.0134057 0.00948726 0.0275136 0.0094896 0.0130938 0.0197762 0.0119594 0.0286489 0.0100922 0.0101508 0.0102704 0.0143668 0.00876859 0.0105866 0.0104829 0.00980384 0.00859452 0.00887961 0.00858608 0.00913837 0.00885137 0.0132365 0.00865166 0.0099762 0.00894452 0.00940204 0.00846517 0.00889705 0.00838344 0.00845333 0.00971488 0.00867774 0.00849044 0.00899159 0.00821671 0.00965227 0.00819563 0.00910729 0.00824651 0.00987031 0.00840693 0.00922688 0.00874778 0.00857805 0.00897304 0.00843306 0.00904868 0.00816784 0.00832933 0.00860603 0.00865742 0.00845523 0.0088225 0.0087739 0.00874327 0.00857181 0.00817141 0.00829804 0.00828917 0.00804865 
0.0576754 0.00392205 0.00322394 0 0.00564796 0.0225108 0.02855 0.0106591 0.0111241 0.0100375 0.0153284 0.00976393 0.0105294 0.00898845 0.0101392 0.0139609 0.0103494 0.00952532 0.0088736 0.0114983 0.0164757 0.0114508 0.00988531 0.0101375 0.00986732 0.012643 0.0100378 0.00859426 0.00936502 0.0123391 0.0095072 0.00886905 0.00854435 0.0083602 0.00840501 0.0085507 0.0092364 0.00856596 0.0093953 0.0107594 0.00860142 0.00850553 0.00842475 0.00822364 0.00812636 0.00817763 0.00865539 0.0084634 0.00874959 0.00811476 0.00963322 0.00815833 0.00847857 0.00825701 0.00887523 0.00828488 0.00914159 0.00825381 0.00831711 0.00816853 0.00946402 0.00834523 0.00820337 0.00813027 0.00877422 0.00819218 0.00814905 0.00820761 0.00838809 0.00833243 0.0082213 0.00821858 0.00808403 0.00910192 0.00813465 0.00799241 
0.0813914 0.0061012 0.00613889 0.00564796 0 0.14266 0.00480847 0.00360987 0.00395455 0.00749957 0.00603973 0.00670836 0.00627022 0.00857837 0.0143338 0.0124707 0.00901926 0.00893253 0.0127447 0.0144766 0.0141452 0.0104626 0.00931099 0.0122595 0.0169079 0.0105605 0.0091089 0.00958032 0.0123701 0.0111107 0.00881308 0.00883194 0.00839175 0.0084046 0.00824653 0.00857683 0.00845342 0.00964384 0.012734 0.0098434 0.00846393 0.00884534 0.0083279 0.00830497 0.00833207 0.0113094 0.0105567 0.00973059 0.00837242 0.0106353 0.00825833 0.00893517 0.00801525 0.00874089 0.00810765 0.0096181 0.00812165 0.00832521 0.00842202 0.00985508 0.00959075 0.00814829 0.00854917 0.00916338 0.00822123 0.00806988 0.00820725 0.00812476 0.00824096 0.00823522 0.00821708 0.00840312 0.00879715 0.00830475 0.00808045 0.00865191 
0.0261884 0.0214631 0.0126478 0.0225108 0.14266 0 0.00327455 0.00322579 0.00331071 0.00408473 0.0051802 0.00597417 0.00675517 0.030088 0.324452 0.015509 0.0100148 0.00959075 0.0128978 0.0229419 0.0207756 0.0152634 0.0120177 0.0138235 0.0345334 0.0132129 0.0097835 0.00989062 0.0159312 0.0128849 0.00936808 0.00935737 0.00882977 0.00903685 0.00856771 0.00905772 0.00885601 0.00980555 0.0154265 0.0104974 0.00886389 0.00928448 0.00851334 0.00865885 0.00839355 0.0119969 0.00890121 0.00935751 0.00837191 0.0100493 0.00852536 0.00892128 0.00829528 0.00891589 0.00868926 0.00983343 0.00875581 0.00865136 0.00872164 0.0105792 0.00928985 0.00835201 0.00872035 0.00925169 0.00842674 0.00822583 0.00849127 0.00853949 0.00872373 0.00872685 0.00851345 0.00851548 0.00902995 0.00832257 0.00800292 0.00870703 
0.0118602 0.0181041 0.0251063 0.02855 0.00480847 0.00327455 0 0.00323995 0.00325323 0.00331305 0.00435229 0.00524903 0.0206781 0.228517 0.0546091 0.00926314 0.0106082 0.0111403 0.0130227 0.0142135 0.0111393 0.0238977 0.0262765 0.0379003 0.0124676 0.0110451 0.0142526 0.0109507 0.0115832 0.00968088 0.0138886 0.0110182 0.0147026 0.00940058 0.0107982 0.0116587 0.0141808 0.0110832 0.0123131 0.00907521 0.0139019 0.0107766 0.0140374 0.00875349 0.00953384 0.00849184 0.008656 0.00847807 0.00839182 0.00839327 0.00835032 0.00873581 0.00945985 0.00895342 0.0115813 0.00904846 0.0109057 0.00926828 0.00972607 0.00894871 0.00861569 0.00931164 0.00857838 0.00844232 0.00839934 0.00854827 0.00901624 0.00992973 0.00970398 0.0106691 0.00887456 0.00862769 0.00837127 0.00810604 0.00825952 0.00811936 
0.011476 0.0162693 0.0345691 0.0106591 0.00360987 0.00322579 0.00323995 0 0.00323102 0.00321245 0.00393943 0.0356988 0.131967 0.0689176 0.0071539 0.0100905 0.0114795 0.0130874 0.0169249 0.00981729 0.0120407 0.0237886 0.0812496 0.0223315 0.0111989 0.0112551 0.0169268 0.0189049 0.00916887 0.0120762 0.0116252 0.0456704 0.0117134 0.0192216 0.0119502 0.0249838 0.0152635 0.0189471 0.00949413 0.0116224 0.0105237 0.0438611 0.0106524 0.0222741 0.00846097 0.00901275 0.0093493 0.00846108 0.00831813 0.00894049 0.00820143 0.0129562 0.00904165 0.018839 0.0092117 0.0222694 0.011818 0.0198865 0.00942973 0.00909628 0.00955237 0.00907237 0.00960138 0.0083048 0.00825388 0.00941602 0.011722 0.0109849 0.0152235 0.0130239 0.0111802 0.00899204 0.00842986 0.00824265 0.00817623 0.00826643 
0.0143246 0.0506747 0.0312237 0.0111241 0.00395455 0.00331071 0.00325323 0.00323102 0 0.00325339 0.0186485 0.22701 0.0375586 0.00759609 0.00674539 0.00950595 0.0139303 0.0124166 0.012674 0.0172939 0.0122471 0.0399663 0.0288523 0.0580774 0.014656 0.0127556 0.017627 0.0147937 0.0130346 0.011674 0.0277302 0.0118812 0.0163818 0.00944959 0.0120099 0.012033 0.0154007 0.0117848 0.0151588 0.010153 0.0233948 0.0107034 0.017424 0.00891599 0.011199 0.00866925 0.00910471 0.00936508 0.00888963 0.00846199 0.00908122 0.00853214 0.0107188 0.00886108 0.0134299 0.00922821 0.0149463 0.0095876 0.0113174 0.0087794 0.00901608 0.00994459 0.00887197 0.00845178 0.00893381 0.00885261 0.00963576 0.0116697 0.0106238 0.011895 0.00998574 0.00877207 0.00824575 0.00832961 0.00828295 0.0080309 
0.027606 0.0338495 0.0166043 0.0100375 0.00749957 0.00408473 0.00331305 0.00321245 0.00325339 0 0.300183 0.0192083 0.00386202 0.00467664 0.00653004 0.0188641 0.0122194 0.00900999 0.0131524 0.0144919 0.0478608 0.0138832 0.0123434 0.0173599 0.026929 0.0184822 0.0108478 0.0111662 0.012425 0.0243842 0.0115205 0.0121716 0.00926228 0.00955515 0.0094862 0.00969832 0.00970592 0.0113126 0.0125241 0.0208609 0.00956257 0.0101919 0.00874186 0.00920904 0.00842186 0.00981258 0.0122266 0.00957271 0.00975119 0.00990264 0.00981648 0.00939261 0.00833708 0.00931924 0.00847981 0.00986219 0.00868945 0.00909171 0.00883309 0.0100333 0.013247 0.0085692 0.0086457 0.00855322 0.00982027 0.00853162 0.00892694 0.00889425 0.00941676 0.00906611 0.00901163 0.00873689 0.00850082 0.0100361 0.00824381 0.00838233 
0.0222019 0.0242313 0.010035 0.0153284 0.00603973 0.0051802 0.00435229 0.00393943 0.0186485 0.300183 0 0.00334109 0.00324137 0.00340658 0.00434708 0.0153287 0.00836895 0.0104146 0.0101982 0.713739 0.014818 0.012674 0.0114318 0.0123541 0.0202388 0.0147128 0.0104979 0.00943369 0.0182121 0.0109389 0.010179 0.00892475 0.00994312 0.00874492 0.00900658 0.008958 0.0095752 0.00917153 0.021254 0.00933241 0.00935563 0.00864086 0.0094217 0.00831291 0.00907975 0.0100909 0.00869777 0.00962244 0.00907951 0.00872302 0.00955456 0.00818909 0.00955793 0.00833747 0.0108017 0.00836113 0.0102488 0.00836073 0.00919167 0.0100742 0.00860093 0.00886721 0.00850592 0.00945507 0.00908668 0.00809876 0.00835145 0.00848453 0.00845177 0.00869127 0.00874157 0.00847393 0.00907711 0.00825983 0.00803982 0.00867343 
0.0128612 0.0158018 0.0317864 0.00976393 0.00670836 0.00597417 0.00524903 0.0356988 0.22701 0.0192083 0.00334109 0 0.00319598 0.00337234 0.00339309 0.0102956 0.0168594 0.00993634 0.825062 0.0128105 0.0166873 0.0240488 0.0155941 0.021566 0.012732 0.0131239 0.0141193 0.0194844 0.010358 0.0126606 0.0105984 0.0147071 0.00941924 0.0120639 0.00958231 0.0129248 0.00968663 0.0219035 0.00971543 0.0105636 0.00977785 0.014536 0.00896352 0.011219 0.00899938 0.00976159 0.00973254 0.00851849 0.00819202 0.00935016 0.00807405 0.0121153 0.00822319 0.0124318 0.00876044 0.0146733 0.00881776 0.0109315 0.00895257 0.00942548 0.00969119 0.00851701 0.00952056 0.00873052 0.00811124 0.00901473 0.00899924 0.00928011 0.00966735 0.00975506 0.00896424 0.00936918 0.00863108 0.00811423 0.0082183 0.00828167 
0.00998456 0.017818 0.0100005 0.0105294 0.00627022 0.00675517 0.0206781 0.131967 0.0375586 0.00386202 0.00324137 0.00319598 0 0.00321314 0.00322377 0.0105503 0.00942484 0.822186 0.0105882 0.0147845 0.0106227 0.016515 0.0356237 0.0150887 0.0101385 0.0110529 0.0186395 0.010188 0.0109766 0.00995707 0.0155993 0.0142117 0.0222823 0.00981499 0.0139151 0.0129848 0.0346111 0.0092294 0.0120215 0.0093131 0.0137481 0.0126008 0.0209572 0.00942323 0.00893825 0.00865562 0.00862446 0.00864233 0.00853822 0.00832725 0.00873731 0.00863364 0.0130148 0.00908836 0.0144351 0.00943431 0.0154359 0.00998094 0.00952818 0.00871919 0.00871293 0.00956111 0.00861199 0.00841777 0.00858603 0.00857233 0.00964059 0.0110056 0.010529 0.0112693 0.0100593 0.00857788 0.00840342 0.00820306 0.00815035 0.00811446 
0.0108972 0.0135753 0.0257469 0.00898845 0.00857837 0.030088 0.228517 0.0689176 0.00759609 0.00467664 0.00340658 0.00337234 0.00321314 0 0.00339578 0.0102809 0.729466 0.010398 0.0385051 0.0101001 0.0139791 0.0218079 0.0172896 0.0303847 0.0110809 0.0116284 0.0151168 0.0171375 0.00920236 0.0122652 0.01215 0.0146482 0.00932679 0.00979978 0.00928045 0.0122577 0.00970436 0.0148927 0.00942698 0.0106863 0.0106497 0.0125898 0.00911134 0.00950422 0.00864626 0.00889901 0.00969593 0.00887904 0.00848564 0.00887608 0.00842502 0.0101071 0.00845458 0.00974128 0.00871081 0.01229 0.00933207 0.0100759 0.00925358 0.00888261 0.0095314 0.00866042 0.00907929 0.00828936 0.00849648 0.00880194 0.00900436 0.00921538 0.00993389 0.00955638 0.00886567 0.00887149 0.00825772 0.00859741 0.00833401 0.00807878 
0.0155376 0.0284824 0.00998336 0.0101392 0.0143338 0.324452 0.0546091 0.0071539 0.00674539 0.00653004 0.00434708 0.00339309 0.00322377 0.00339578 0 0.838422 0.0107003 0.0107404 0.0102145 0.0267468 0.0242147 0.0120874 0.0103114 0.0118679 0.0195698 0.0175938 0.0107146 0.00905241 0.0109822 0.0178224 0.0115709 0.010037 0.00897645 0.0087501 0.00910618 0.00901768 0.00949509 0.00891456 0.0106368 0.0151858 0.00956787 0.0090663 0.00878766 0.0085821 0.00833717 0.00866662 0.0107568 0.00913811 0.0097645 0.00865241 0.0113961 0.00851415 0.00858752 0.00861141 0.00906346 0.00891255 0.00922297 0.00867879 0.00857515 0.00870881 0.0117554 0.00859603 0.00841919 0.00826339 0.00984207 0.00835449 0.0085423 0.00847531 0.00885362 0.0085325 0.00854835 0.00839163 0.00865731 0.0100496 0.00824279 0.00807607 
0.0169727 0.0134427 0.0104824 0.0139609 0.0124707 0.015509 0.00926314 0.0100905 0.00950595 0.0188641 0.0153287 0.0102956 0.0105503 0.0102809 0.838422 0 0.0040806 0.00329786 0.00361615 0.0050929 0.00584659 0.00654455 0.00691325 0.0382743 0.254018 0.0166224 0.0098341 0.0108705 0.0169182 0.0130885 0.00957318 0.00915029 0.0090417 0.00906474 0.00891449 0.00896633 0.00898154 0.00963491 0.0174476 0.0103229 0.00885782 0.00887978 0.00866459 0.00872576 0.00870416 0.0123046 0.00953936 0.00935271 0.00863764 0.0102876 0.00866059 0.00950851 0.00849217 0.00918803 0.00901951 0.00982039 0.00878567 0.00852727 0.00864464 0.0103094 0.00961673 0.00846569 0.0086696 0.00963762 0.00851109 0.00818928 0.0082547 0.00831477 0.00835617 0.00848642 0.00828978 0.00851627 0.0091481 0.00851915 0.00810834 0.00886733 
0.00968282 0.0121283 0.0134057 0.0103494 0.00901926 0.0100148 0.0106082 0.0114795 0.0139303 0.0122194 0.00836895 0.0168594 0.00942484 0.729466 0.0107003 0.0040806 0 0.00321651 0.00332823 0.00331815 0.00478048 0.00661204 0.0282019 0.148375 0.0255787 0.0108619 0.0113339 0.0110641 0.00979131 0.00981088 0.00964592 0.00973312 0.00910433 0.00917372 0.00882092 0.010247 0.00915637 0.0127591 0.00935062 0.00930791 0.00941526 0.0098387 0.00904253 0.00884306 0.00886971 0.00900153 0.00897009 0.00833206 0.00848104 0.00846661 0.00815916 0.00917975 0.00839128 0.00918476 0.00892785 0.00996708 0.0088008 0.00881697 0.00863851 0.00876025 0.00874984 0.00833086 0.00865378 0.00856294 0.00811069 0.00822278 0.00839023 0.00870335 0.00871745 0.00871254 0.00851002 0.00847131 0.00858739 0.00812862 0.00810685 0.00823688 
0.00926618 0.012472 0.00948726 0.00952532 0.00893253 0.00959075 0.0111403 0.0130874 0.0124166 0.00900999 0.0104146 0.00993634 0.822186 0.010398 0.0107404 0.00329786 0.00321651 0 0.0032382 0.00328964 0.004214 0.0292639 0.0596512 0.0457236 0.00623737 0.011173 0.0113604 0.00935677 0.0096308 0.00952733 0.0109522 0.0109405 0.0143909 0.00897676 0.0104447 0.0105415 0.0194524 0.00882749 0.0107279 0.00920578 0.0102001 0.0101734 0.0144658 0.0093657 0.00899759 0.00843396 0.00852116 0.00856069 0.00880179 0.00823893 0.00898006 0.00837155 0.0138418 0.00874916 0.0145564 0.00871467 0.0156656 0.00898238 0.00907804 0.00845181 0.00850816 0.00956705 0.00832102 0.00856281 0.00881562 0.00831035 0.00917338 0.00991298 0.00940017 0.0108263 0.00928749 0.00827407 0.00824107 0.00824991 0.00803129 0.00804073 
0.00956166 0.0116014 0.0275136 0.0088736 0.0127447 0.0128978 0.0130227 0.0169249 0.012674 0.0131524 0.0101982 0.825062 0.0105882 0.0385051 0.0102145 0.00361615 0.00332823 0.0032382 0 0.00320932 0.00654508 0.0699708 0.0700034 0.00799035 0.00695312 0.0134252 0.0155319 0.0200497 0.00887134 0.0133923 0.0118296 0.014403 0.00879871 0.0119145 0.00919365 0.0122409 0.00921151 0.0243388 0.00902075 0.0112827 0.0102098 0.0144648 0.00879788 0.012298 0.00852582 0.00970298 0.0117879 0.00877621 0.00846166 0.0115321 0.00824119 0.0171938 0.00828987 0.0145311 0.00849507 0.0186594 0.00870654 0.0123214 0.00894709 0.00881101 0.0112548 0.0085183 0.0108129 0.00821671 0.00829035 0.00956024 0.00910835 0.00893159 0.0103575 0.00933689 0.0096093 0.00896383 0.00823275 0.00856807 0.0083685 0.00815973 
0.0167843 0.0394788 0.0094896 0.0114983 0.0144766 0.0229419 0.0142135 0.00981729 0.0172939 0.0144919 0.713739 0.0128105 0.0147845 0.0101001 0.0267468 0.0050929 0.00331815 0.00328964 0.00320932 0 0.0898332 0.0805 0.00456918 0.00544475 0.00629916 0.022183 0.0117586 0.00938262 0.017403 0.0196728 0.0147669 0.00935072 0.0112177 0.00882755 0.010682 0.00923759 0.0123468 0.00873571 0.0293354 0.0185253 0.0118933 0.00898648 0.0107836 0.00848564 0.00981018 0.00906429 0.0110247 0.0119432 0.0136618 0.00841864 0.0203674 0.00836772 0.0124908 0.00839941 0.0134438 0.00858497 0.0126901 0.00870672 0.00930313 0.00939323 0.0122093 0.0106322 0.00847231 0.00978986 0.0123573 0.00836182 0.00849995 0.00898763 0.00877587 0.00927494 0.00856417 0.00831904 0.00871165 0.0102666 0.00830654 0.0083038 
0.0195046 0.0183096 0.0130938 0.0164757 0.0141452 0.0207756 0.0111393 0.0120407 0.0122471 0.0478608 0.014818 0.0166873 0.0106227 0.0139791 0.0242147 0.00584659 0.00478048 0.004214 0.00654508 0.0898332 0 0.00327104 0.00321951 0.00329962 0.00407849 0.110071 0.0141704 0.0131149 0.0219261 0.0224348 0.011723 0.0107897 0.00996816 0.0105383 0.00936933 0.0103591 0.00989089 0.012363 0.0237512 0.0169312 0.0101396 0.0104238 0.00916795 0.00946678 0.00954136 0.01673 0.0111282 0.0114163 0.00924987 0.0122772 0.00929241 0.0106581 0.00877951 0.00989152 0.00955704 0.0108952 0.00933363 0.00925425 0.00955545 0.0132533 0.011853 0.00865872 0.00948923 0.0113011 0.00906519 0.00854221 0.00876895 0.00905463 0.0090094 0.00901733 0.0090527 0.00931148 0.0116005 0.00872596 0.00813527 0.00992162 
0.010745 0.0149243 0.0197762 0.0114508 0.0104626 0.0152634 0.0238977 0.0237886 0.0399663 0.0138832 0.012674 0.0240488 0.016515 0.0218079 0.0120874 0.00654455 0.00661204 0.0292639 0.0699708 0.0805 0.00327104 0 0.00324091 0.00324881 0.00337518 0.239679 0.0494655 0.034857 0.0132188 0.0166349 0.0225078 0.016379 0.0151753 0.0120432 0.0114143 0.0159096 0.0141727 0.0195346 0.0127869 0.0135576 0.0174943 0.0172182 0.0162306 0.0120886 0.0112072 0.0105675 0.010762 0.00931113 0.00886963 0.00943814 0.00853597 0.0111989 0.0100884 0.0118899 0.0118154 0.0140627 0.0131361 0.013144 0.0118184 0.0100307 0.0106912 0.0100213 0.0115285 0.00972811 0.00853673 0.00999672 0.0118452 0.0131921 0.0131115 0.0132221 0.0109095 0.0104939 0.00935716 0.00828111 0.00839121 0.00856375 
0.00955642 0.0153125 0.0119594 0.00988531 0.00931099 0.0120177 0.0262765 0.0812496 0.0288523 0.0123434 0.0114318 0.0155941 0.0356237 0.0172896 0.0103114 0.00691325 0.0282019 0.0596512 0.0700034 0.00456918 0.00321951 0.00324091 0 0.00324094 0.00322443 0.0406148 0.300058 0.0226858 0.0150352 0.0141836 0.0193324 0.0345566 0.0232044 0.0188689 0.0163813 0.032588 0.0470259 0.0162548 0.0125073 0.0122148 0.0195399 0.0340769 0.0215469 0.0193268 0.0101356 0.00944633 0.00949858 0.00966741 0.00886767 0.00890401 0.00876223 0.0116319 0.013357 0.0149278 0.0164013 0.0181253 0.024247 0.0254914 0.0131215 0.00974189 0.0100937 0.0137985 0.0108462 0.00874282 0.00894276 0.0111448 0.0183714 0.0268497 0.0285292 0.0305479 0.0206029 0.0102175 0.00873148 0.00844973 0.00834767 0.00829177 
0.0108585 0.0173967 0.0286489 0.0101375 0.0122595 0.0138235 0.0379003 0.0223315 0.0580774 0.0173599 0.0123541 0.021566 0.0150887 0.0303847 0.0118679 0.0382743 0.148375 0.0457236 0.00799035 0.00544475 0.00329962 0.00324881 0.00324094 0 0.00321843 0.0304255 0.0369223 0.325123 0.0207911 0.0162158 0.0265652 0.021791 0.0151753 0.0113384 0.0132826 0.0375019 0.0173401 0.0320265 0.01769 0.0141581 0.0223358 0.0184678 0.0156952 0.011596 0.011711 0.00981997 0.011205 0.0130243 0.010005 0.00987338 0.00925155 0.010614 0.0100041 0.0103957 0.0112085 0.0140331 0.0133134 0.0133901 0.0149671 0.0101313 0.0108479 0.0113098 0.0113251 0.0087671 0.00928106 0.0103252 0.013092 0.0171279 0.0171919 0.0190768 0.0131276 0.0108954 0.00867525 0.0089017 0.00869733 0.00818496 
0.0135744 0.023811 0.0100922 0.00986732 0.0169079 0.0345334 0.0124676 0.0111989 0.014656 0.026929 0.0202388 0.012732 0.0101385 0.0110809 0.0195698 0.254018 0.0255787 0.00623737 0.00695312 0.00629916 0.00407849 0.00337518 0.00322443 0.00321843 0 0.0181528 0.0169298 0.028034 0.251641 0.022559 0.0155321 0.0117754 0.00967166 0.0100235 0.0138583 0.010702 0.0116565 0.0111749 0.0342628 0.0205995 0.0123146 0.0105099 0.00959893 0.0094682 0.00893742 0.00988718 0.0147529 0.0113739 0.0127564 0.0103582 0.0126554 0.00949307 0.00917485 0.00940252 0.00990721 0.0099661 0.0102205 0.00934679 0.00975733 0.0108293 0.0168785 0.00899188 0.00887453 0.00888113 0.0107941 0.00879358 0.0090711 0.00930188 0.00964999 0.0096824 0.0091042 0.00876223 0.00851508 0.0116626 0.00834873 0.0082727 
0.0138375 0.0168072 0.0101508 0.012643 0.0105605 0.0132129 0.0110451 0.0112551 0.0127556 0.0184822 0.0147128 0.0131239 0.0110529 0.0116284 0.0175938 0.0166224 0.0108619 0.011173 0.0134252 0.022183 0.110071 0.239679 0.0406148 0.0304255 0.0181528 0 0.00337772 0.00352867 0.00380759 0.00454575 0.0062012 0.0300482 0.0614819 0.0902708 0.00742761 0.00798703 0.00821926 0.0096515 0.0310509 0.01462 0.0108072 0.00979329 0.0111134 0.00937733 0.0107005 0.0171766 0.0123565 0.0182906 0.0116914 0.0129802 0.0127138 0.0108916 0.011242 0.0107919 0.0138968 0.0115944 0.0126145 0.0105501 0.0120092 0.0172358 0.0173614 0.0107667 0.00994386 0.0136714 0.0113409 0.00920461 0.00962218 0.0104448 0.00974731 0.0105249 0.00972755 0.00998306 0.0135939 0.00892965 0.00850398 0.0103182 
0.00901391 0.0119334 0.0102704 0.0100378 0.0091089 0.0097835 0.0142526 0.0169268 0.017627 0.0108478 0.0104979 0.0141193 0.0186395 0.0151168 0.0107146 0.0098341 0.0113339 0.0113604 0.0155319 0.0117586 0.0141704 0.0494655 0.300058 0.0369223 0.0169298 0.00337772 0 0.00328046 0.00326432 0.00411916 0.0102229 0.0332081 0.0963455 0.00679002 0.00631359 0.00644718 0.00771737 0.0121065 0.0095259 0.0118881 0.0126993 0.0118246 0.0105663 0.00988889 0.0116385 0.00976329 0.012786 0.00967966 0.0107673 0.00971689 0.00923719 0.0113417 0.0123937 0.0108839 0.0138153 0.0124069 0.0139997 0.0125686 0.0134677 0.0102369 0.0122025 0.0139766 0.0112232 0.0100898 0.00919581 0.00979173 0.011959 0.0130372 0.0130172 0.0135392 0.0113222 0.0106608 0.00938783 0.00857599 0.00865136 0.00864573 
0.00863183 0.00972336 0.0143668 0.00859426 0.00958032 0.00989062 0.0109507 0.0189049 0.0147937 0.0111662 0.00943369 0.0194844 0.010188 0.0171375 0.00905241 0.0108705 0.0110641 0.00935677 0.0200497 0.00938262 0.0131149 0.034857 0.0226858 0.325123 0.028034 0.00352867 0.00328046 0 0.00327022 0.00494791 0.0745472 0.0678671 0.00621606 0.00694055 0.00607591 0.00672433 0.00938022 0.00991081 0.00723943 0.00994082 0.0107167 0.0113412 0.00861529 0.0123179 0.00851414 0.00950822 0.0138444 0.0104785 0.00941532 0.01242 0.00888852 0.0184625 0.0087203 0.016672 0.00886319 0.021459 0.00946935 0.0177851 0.0113078 0.0104036 0.0122313 0.00926925 0.0152904 0.00861518 0.00872059 0.0122244 0.0102785 0.0120378 0.015927 0.011335 0.0115489 0.0110925 0.00857848 0.00897171 0.00861938 0.00829751 
0.0121928 0.018705 0.00876859 0.00936502 0.0123701 0.0159312 0.0115832 0.00916887 0.0130346 0.012425 0.0182121 0.010358 0.0109766 0.00920236 0.0109822 0.0169182 0.00979131 0.0096308 0.00887134 0.017403 0.0219261 0.0132188 0.0150352 0.0207911 0.251641 0.00380759 0.00326432 0.00327022 0 0.0781305 0.0125424 0.00374059 0.00417388 0.00457586 0.00522912 0.00665151 0.00784905 0.00657625 0.0120606 0.0129992 0.0104114 0.00844774 0.0108436 0.00814425 0.0096986 0.00889095 0.0137431 0.0149442 0.017367 0.00957841 0.0246856 0.00888227 0.0139931 0.00873845 0.0155744 0.00882859 0.0147464 0.00894483 0.012065 0.0109551 0.0160043 0.0114358 0.00879797 0.0107947 0.0179684 0.00873219 0.00922157 0.0107014 0.00922016 0.0105468 0.00936963 0.0089861 0.00953377 0.012503 0.00856135 0.00878792 
0.0129858 0.0113745 0.0105866 0.0123391 0.0111107 0.0128849 0.00968088 0.0120762 0.011674 0.0243842 0.0109389 0.0126606 0.00995707 0.0122652 0.0178224 0.0130885 0.00981088 0.00952733 0.0133923 0.0196728 0.0224348 0.0166349 0.0141836 0.0162158 0.022559 0.00454575 0.00411916 0.00494791 0.0781305 0 0.00331887 0.00321517 0.00324597 0.00330069 0.00337999 0.00381963 0.00427005 0.00692467 0.00943466 0.0124479 0.00902577 0.00987129 0.00876966 0.0102145 0.00926427 0.0266624 0.016641 0.0181325 0.0106865 0.0178247 0.0106818 0.0138516 0.00920083 0.0136662 0.00993491 0.0160628 0.00993494 0.0137225 0.0117208 0.0263867 0.0215623 0.00958179 0.012165 0.0147859 0.0100936 0.010711 0.0100231 0.0104976 0.0103218 0.0107333 0.0103515 0.0110151 0.014876 0.00971237 0.00865257 0.0121523 
0.00911961 0.0105625 0.0104829 0.0095072 0.00881308 0.00936808 0.0138886 0.0116252 0.0277302 0.0115205 0.010179 0.0105984 0.0155993 0.01215 0.0115709 0.00957318 0.00964592 0.0109522 0.0118296 0.0147669 0.011723 0.0225078 0.0193324 0.0265652 0.0155321 0.0062012 0.0102229 0.0745472 0.0125424 0.00331887 0 0.00324024 0.00324266 0.0032337 0.00325913 0.00327352 0.00416286 0.00501277 0.00608999 0.00721191 0.0103514 0.00856014 0.0111371 0.00836827 0.0148696 0.00967001 0.0137677 0.0113173 0.0108267 0.00907721 0.0100949 0.00978794 0.0160106 0.00974282 0.0200386 0.0107078 0.0242274 0.0104397 0.0272029 0.0106764 0.0112739 0.0167067 0.00985484 0.0109393 0.00987778 0.0097019 0.0142642 0.0159512 0.0130321 0.0163644 0.0114684 0.0118038 0.0110867 0.00858015 0.0090728 0.00874284 
0.00867547 0.00911119 0.00980384 0.00886905 0.00883194 0.00935737 0.0110182 0.0456704 0.0118812 0.0121716 0.00892475 0.0147071 0.0142117 0.0146482 0.010037 0.00915029 0.00973312 0.0109405 0.014403 0.00935072 0.0107897 0.016379 0.0345566 0.021791 0.0117754 0.0300482 0.0332081 0.0678671 0.00374059 0.00321517 0.00324024 0 0.00318746 0.00320786 0.00323077 0.00325586 0.00349017 0.00399754 0.00389024 0.0076143 0.00801766 0.0137528 0.00805276 0.0196646 0.00845383 0.036685 0.010868 0.0094195 0.00873492 0.0103154 0.00863043 0.0179435 0.00894884 0.0348799 0.00934961 0.0525757 0.0101375 0.064732 0.00994187 0.0119404 0.0118099 0.00984505 0.0127197 0.00912407 0.00876482 0.0128726 0.015828 0.0212163 0.0313538 0.0215579 0.0236295 0.0142281 0.00928141 0.00874253 0.00849392 0.00889781 
0.00829755 0.00967726 0.00859452 0.00854435 0.00839175 0.00882977 0.0147026 0.0117134 0.0163818 0.00926228 0.00994312 0.00941924 0.0222823 0.00932679 0.00897645 0.0090417 0.00910433 0.0143909 0.00879871 0.0112177 0.00996816 0.0151753 0.0232044 0.0151753 0.00967166 0.0614819 0.0963455 0.00621606 0.00417388 0.00324597 0.00324266 0.00318746 0 0.00312224 0.00322716 0.00324608 0.00340179 0.00334432 0.00434875 0.0066519 0.008587 0.00751582 0.0201828 0.00769708 0.0314694 0.0178327 0.00902092 0.00938131 0.00935043 0.00843694 0.0107916 0.00858965 0.0312431 0.00899429 0.0433528 0.00933478 0.0773469 0.0100177 0.0147316 0.00921735 0.00954342 0.0157581 0.0088797 0.0091355 0.00974076 0.00898304 0.0151695 0.0220655 0.01394 0.0297336 0.0181743 0.00942337 0.00864026 0.00862739 0.00830058 0.00836325 
0.00839728 0.0085911 0.00887961 0.0083602 0.0084046 0.00903685 0.00940058 0.0192216 0.00944959 0.00955515 0.00874492 0.0120639 0.00981499 0.00979978 0.0087501 0.00906474 0.00917372 0.00897676 0.0119145 0.00882755 0.0105383 0.0120432 0.0188689 0.0113384 0.0100235 0.0902708 0.00679002 0.00694055 0.00457586 0.00330069 0.0032337 0.00320786 0.00312224 0 0.00320692 0.00321258 0.00324188 0.00329436 0.00327136 0.00614874 0.00643476 0.0153996 0.00709245 0.0232653 0.0127888 0.0140463 0.00989827 0.0085828 0.00854262 0.00985003 0.00849805 0.0198821 0.00883347 0.0242475 0.0090968 0.0538037 0.00987824 0.025446 0.00909306 0.00952112 0.0116225 0.00895555 0.010359 0.00858651 0.0084432 0.0103733 0.01104 0.0124492 0.0206473 0.0192667 0.0125432 0.00943349 0.00859698 0.00850694 0.00829009 0.0083296 
0.00832572 0.00894799 0.00858608 0.00840501 0.00824653 0.00856771 0.0107982 0.0119502 0.0120099 0.0094862 0.00900658 0.00958231 0.0139151 0.00928045 0.00910618 0.00891449 0.00882092 0.0104447 0.00919365 0.010682 0.00936933 0.0114143 0.0163813 0.0132826 0.0138583 0.00742761 0.00631359 0.00607591 0.00522912 0.00337999 0.00325913 0.00323077 0.00322716 0.00320692 0 0.00319948 0.0032277 0.00321488 0.00332543 0.00508962 0.0101053 0.0063599 0.0122679 0.0124055 0.0181176 0.00627976 0.0091118 0.0089115 0.00899876 0.00850576 0.0100461 0.00984176 0.0177601 0.00952693 0.0372565 0.0106651 0.0253613 0.0104378 0.0118874 0.00916499 0.00925351 0.0129094 0.0091092 0.00901471 0.00878582 0.00911291 0.0127962 0.0208564 0.0172962 0.0195519 0.0125582 0.00935843 0.00870631 0.00834135 0.0082697 0.00822445 
0.00866084 0.00899955 0.00913837 0.0085507 0.00857683 0.00905772 0.0116587 0.0249838 0.012033 0.00969832 0.008958 0.0129248 0.0129848 0.0122577 0.00901768 0.00896633 0.010247 0.0105415 0.0122409 0.00923759 0.0103591 0.0159096 0.032588 0.0375019 0.010702 0.00798703 0.00644718 0.00672433 0.00665151 0.00381963 0.00327352 0.00325586 0.00324608 0.00321258 0.00319948 0 0.00318875 0.0032094 0.00322144 0.00665564 0.00579098 0.0195409 0.0127353 0.0195294 0.00657251 0.00611908 0.00887053 0.0089545 0.00884789 0.0094477 0.00886445 0.0142582 0.0103876 0.0369847 0.0106065 0.0243236 0.0118011 0.0274725 0.00999695 0.0102346 0.0113424 0.0107298 0.0110585 0.00893288 0.00882836 0.0115832 0.0215894 0.0346541 0.0290029 0.0237376 0.0172084 0.0103844 0.00873216 0.00859782 0.00847432 0.00836279 
0.00866684 0.00945867 0.00885137 0.0092364 0.00845342 0.00885601 0.0141808 0.0152635 0.0154007 0.00970592 0.0095752 0.00968663 0.0346111 0.00970436 0.00949509 0.00898154 0.00915637 0.0194524 0.00921151 0.0123468 0.00989089 0.0141727 0.0470259 0.0173401 0.0116565 0.00821926 0.00771737 0.00938022 0.00784905 0.00427005 0.00416286 0.00349017 0.00340179 0.00324188 0.0032277 0.00318875 0 0.00320784 0.00321662 0.00418909 0.0075708 0.0224309 0.0527068 0.00649807 0.00719722 0.00609173 0.00859058 0.0115475 0.0104365 0.00858692 0.0107855 0.00876066 0.0767424 0.00937136 0.0319235 0.00988747 0.0452012 0.0111373 0.0143424 0.0097358 0.00971597 0.0209153 0.00973279 0.0104472 0.00966075 0.0103065 0.0300255 0.0294492 0.0167121 0.0305243 0.0161172 0.0102224 0.00945808 0.00860823 0.00857422 0.00888499 
0.00855952 0.00927249 0.0132365 0.00856596 0.00964384 0.00980555 0.0110832 0.0189471 0.0117848 0.0113126 0.00917153 0.0219035 0.0092294 0.0148927 0.00891456 0.00963491 0.0127591 0.00882749 0.0243388 0.00873571 0.012363 0.0195346 0.0162548 0.0320265 0.0111749 0.0096515 0.0121065 0.00991081 0.00657625 0.00692467 0.00501277 0.00399754 0.00334432 0.00329436 0.00321488 0.0032094 0.00320784 0 0.00322726 0.00506054 0.0110367 0.0566619 0.0046908 0.00844514 0.00650491 0.00628557 0.017969 0.010425 0.00945106 0.0248577 0.00878737 0.155944 0.00869638 0.0299619 0.00883865 0.0477033 0.00923829 0.0291501 0.010851 0.0109694 0.0165787 0.00933328 0.0233439 0.00878248 0.00935303 0.0461519 0.0107774 0.0136153 0.0231 0.0119414 0.0122966 0.0129096 0.00878711 0.00935853 0.00919542 0.00859296 
0.0115324 0.0248548 0.00865166 0.0093953 0.012734 0.0154265 0.0123131 0.00949413 0.0151588 0.0125241 0.021254 0.00971543 0.0120215 0.00942698 0.0106368 0.0174476 0.00935062 0.0107279 0.00902075 0.0293354 0.0237512 0.0127869 0.0125073 0.01769 0.0342628 0.0310509 0.0095259 0.00723943 0.0120606 0.00943466 0.00608999 0.00389024 0.00434875 0.00327136 0.00332543 0.00322144 0.00321662 0.00322726 0 0.01566 0.0189317 0.0036372 0.00478537 0.0045084 0.00638499 0.00459652 0.012027 0.0187467 0.0269305 0.00963513 0.171303 0.00895202 0.0202248 0.00879817 0.0230031 0.00893033 0.0225174 0.00927372 0.0218303 0.0132759 0.0198984 0.0174742 0.00903853 0.0141464 0.0372577 0.00913092 0.0113089 0.0147964 0.00995644 0.0146221 0.0106531 0.010094 0.0111102 0.0175957 0.00889854 0.00863909 
0.0114142 0.0103089 0.0099762 0.0107594 0.0098434 0.0104974 0.00907521 0.0116224 0.010153 0.0208609 0.00933241 0.0105636 0.0093131 0.0106863 0.0151858 0.0103229 0.00930791 0.00920578 0.0112827 0.0185253 0.0169312 0.0135576 0.0122148 0.0141581 0.0205995 0.01462 0.0118881 0.00994082 0.0129992 0.0124479 0.00721191 0.0076143 0.0066519 0.00614874 0.00508962 0.00665564 0.00418909 0.00506054 0.01566 0 0.00324151 0.00322067 0.00323798 0.00325105 0.00336593 0.00740357 0.011002 0.0155391 0.0107932 0.0200115 0.0109069 0.0131355 0.00949688 0.0133506 0.0098853 0.0143732 0.0102705 0.0131765 0.0121974 0.0222033 0.0235465 0.0102799 0.0135012 0.016582 0.0107204 0.0111719 0.0113042 0.01146 0.0119619 0.0115433 0.0127545 0.0114106 0.0591774 0.00907718 0.00864421 0.0131834 
0.00849553 0.00949867 0.00894452 0.00860142 0.00846393 0.00886389 0.0139019 0.0105237 0.0233948 0.00956257 0.00935563 0.00977785 0.0137481 0.0106497 0.00956787 0.00885782 0.00941526 0.0102001 0.0102098 0.0118933 0.0101396 0.0174943 0.0195399 0.0223358 0.0123146 0.0108072 0.0126993 0.0107167 0.0104114 0.00902577 0.0103514 0.00801766 0.008587 0.00643476 0.0101053 0.00579098 0.0075708 0.0110367 0.0189317 0.00324151 0 0.00322495 0.00322701 0.00321908 0.00502724 0.00323212 0.00964178 0.0135433 0.0143746 0.00882388 0.0110729 0.00970549 0.024633 0.0100383 0.0197006 0.010561 0.0356279 0.0107409 0.0231846 0.00997692 0.0108137 0.0235503 0.00966335 0.0100894 0.0108221 0.0105546 0.0138564 0.0231738 0.0141982 0.0287385 0.0126247 0.0376043 0.00945083 0.00862658 0.00910587 0.00855617 
0.00862477 0.00873894 0.00940204 0.00850553 0.00884534 0.00928448 0.0107766 0.0438611 0.0107034 0.0101919 0.00864086 0.014536 0.0126008 0.0125898 0.0090663 0.00887978 0.0098387 0.0101734 0.0144648 0.00898648 0.0104238 0.0172182 0.0340769 0.0184678 0.0105099 0.00979329 0.0118246 0.0113412 0.00844774 0.00987129 0.00856014 0.0137528 0.00751582 0.0153996 0.0063599 0.0195409 0.0224309 0.0566619 0.0036372 0.00322067 0.00322495 0 0.00319418 0.0033051 0.00322835 0.00326619 0.00786439 0.00783601 0.00842734 0.0135673 0.0083354 0.0249758 0.00877796 0.0414126 0.00928861 0.0646026 0.00994755 0.0621146 0.0102257 0.0109509 0.0149794 0.0108853 0.0151147 0.00895542 0.00880185 0.0149185 0.0189755 0.0198435 0.0564478 0.0219881 0.0588584 0.0123975 0.00917274 0.00903966 0.00857106 0.00876076 
0.00848756 0.00920863 0.00846517 0.00842475 0.0083279 0.00851334 0.0140374 0.0106524 0.017424 0.00874186 0.0094217 0.00896352 0.0209572 0.00911134 0.00878766 0.00866459 0.00904253 0.0144658 0.00879788 0.0107836 0.00916795 0.0162306 0.0215469 0.0156952 0.00959893 0.0111134 0.0105663 0.00861529 0.0108436 0.00876966 0.0111371 0.00805276 0.0201828 0.00709245 0.0122679 0.0127353 0.0527068 0.0046908 0.00478537 0.00323798 0.00322701 0.00319418 0 0.00325658 0.00319542 0.00329406 0.00622247 0.0139847 0.0100782 0.00795585 0.0121149 0.00840423 0.0422582 0.00869619 0.0430958 0.00891312 0.0939744 0.00970173 0.0189641 0.0093403 0.0101213 0.0227484 0.00893944 0.0100653 0.0120027 0.00925853 0.0156079 0.0355985 0.0131942 0.0743944 0.0125858 0.0101807 0.00894459 0.00860624 0.00851619 0.00829288 
0.00827888 0.00826764 0.00889705 0.00822364 0.00830497 0.00865885 0.00875349 0.0222741 0.00891599 0.00920904 0.00831291 0.011219 0.00942323 0.00950422 0.0085821 0.00872576 0.00884306 0.0093657 0.012298 0.00848564 0.00946678 0.0120886 0.0193268 0.011596 0.0094682 0.00937733 0.00988889 0.0123179 0.00814425 0.0102145 0.00836827 0.0196646 0.00769708 0.0232653 0.0124055 0.0195294 0.00649807 0.00844514 0.0045084 0.00325105 0.00321908 0.0033051 0.00325658 0 0.00318682 0.0032458 0.00916064 0.00929059 0.00787258 0.0113702 0.00805496 0.0327661 0.00836888 0.0324488 0.00856371 0.0579977 0.00876695 0.0356335 0.00908417 0.00962465 0.0131112 0.00886856 0.0167001 0.00873082 0.00852078 0.0127368 0.0141329 0.011495 0.0503297 0.012392 0.0139168 0.00970056 0.00867555 0.00872279 0.00842074 0.00875895 
0.00820545 0.00882056 0.00838344 0.00812636 0.00833207 0.00839355 0.00953384 0.00846097 0.011199 0.00842186 0.00907975 0.00899938 0.00893825 0.00864626 0.00833717 0.00870416 0.00886971 0.00899759 0.00852582 0.00981018 0.00954136 0.0112072 0.0101356 0.011711 0.00893742 0.0107005 0.0116385 0.00851414 0.0096986 0.00926427 0.0148696 0.00845383 0.0314694 0.0127888 0.0181176 0.00657251 0.00719722 0.00650491 0.00638499 0.00336593 0.00502724 0.00322835 0.00319542 0.00318682 0 0.00350514 0.0103819 0.0343522 0.010605 0.0080321 0.0187104 0.0087312 0.0189541 0.00838529 0.0159269 0.00860438 0.0148173 0.00879305 0.0133528 0.00889567 0.00935333 0.0171434 0.00887279 0.00891442 0.0108534 0.00903642 0.00948445 0.0320105 0.0094087 0.0106372 0.00904124 0.00929685 0.0084505 0.00875905 0.00930045 0.00818684 
0.009696 0.0106309 0.00845333 0.00817763 0.0113094 0.0119969 0.00849184 0.00901275 0.00866925 0.00981258 0.0100909 0.00976159 0.00865562 0.00889901 0.00866662 0.0123046 0.00900153 0.00843396 0.00970298 0.00906429 0.01673 0.0105675 0.00944633 0.00981997 0.00988718 0.0171766 0.00976329 0.00950822 0.00889095 0.0266624 0.00967001 0.036685 0.0178327 0.0140463 0.00627976 0.00611908 0.00609173 0.00628557 0.00459652 0.00740357 0.00323212 0.00326619 0.00329406 0.0032458 0.00350514 0 0.0575175 0.0066233 0.00923974 0.0118879 0.0152847 0.0144911 0.00834267 0.0124626 0.00874164 0.015753 0.00879593 0.0106352 0.00893653 0.0117914 0.0335738 0.00888348 0.00971345 0.010171 0.0134 0.00966154 0.0268868 0.00938726 0.00981047 0.00931147 0.00921551 0.00908883 0.0090694 0.0184761 0.00831703 0.00909813 
0.0105456 0.00946009 0.00971488 0.00865539 0.0105567 0.00890121 0.008656 0.0093493 0.00910471 0.0122266 0.00869777 0.00973254 0.00862446 0.00969593 0.0107568 0.00953936 0.00897009 0.00852116 0.0117879 0.0110247 0.0111282 0.010762 0.00949858 0.011205 0.0147529 0.0123565 0.012786 0.0138444 0.0137431 0.016641 0.0137677 0.010868 0.00902092 0.00989827 0.0091118 0.00887053 0.00859058 0.017969 0.012027 0.011002 0.00964178 0.00786439 0.00622247 0.00916064 0.0103819 0.0575175 0 0.00397655 0.00934083 0.222248 0.00852246 0.0177037 0.00776029 0.0196637 0.00857093 0.0179543 0.00890111 0.0125044 0.0119044 0.0418803 0.0211997 0.0104748 0.0169044 0.0157663 0.0105499 0.0130509 0.00952802 0.00941359 0.0099172 0.00963023 0.00974942 0.0119732 0.0138141 0.0110578 0.0099649 0.0121132 
0.00922749 0.00973885 0.00867774 0.0084634 0.00973059 0.00935751 0.00847807 0.00846108 0.00936508 0.00957271 0.00962244 0.00851849 0.00864233 0.00887904 0.00913811 0.00935271 0.00833206 0.00856069 0.00877621 0.0119432 0.0114163 0.00931113 0.00966741 0.0130243 0.0113739 0.0182906 0.00967966 0.0104785 0.0149442 0.0181325 0.0113173 0.0094195 0.00938131 0.0085828 0.0089115 0.0089545 0.0115475 0.010425 0.0187467 0.0155391 0.0135433 0.00783601 0.0139847 0.00929059 0.0343522 0.0066233 0.00397655 0 0.114579 0.00770324 0.0210592 0.0079461 0.0136138 0.00864776 0.012296 0.00914605 0.0118187 0.00934827 0.0233863 0.013517 0.0178047 0.0123855 0.0108353 0.0114371 0.0168874 0.00929931 0.00943818 0.00976895 0.00964069 0.0104999 0.00995622 0.0115414 0.010164 0.0124274 0.00923766 0.0100427 
0.0101064 0.0090991 0.00849044 0.00874959 0.00837242 0.00837191 0.00839182 0.00831813 0.00888963 0.00975119 0.00907951 0.00819202 0.00853822 0.00848564 0.0097645 0.00863764 0.00848104 0.00880179 0.00846166 0.0136618 0.00924987 0.00886963 0.00886767 0.010005 0.0127564 0.0116914 0.0107673 0.00941532 0.017367 0.0106865 0.0108267 0.00873492 0.00935043 0.00854262 0.00899876 0.00884789 0.0104365 0.00945106 0.0269305 0.0107932 0.0143746 0.00842734 0.0100782 0.00787258 0.010605 0.00923974 0.00934083 0.114579 0 0.0060083 0.0218237 0.0175376 0.0240253 0.00651653 0.0116078 0.00652487 0.00995427 0.00722547 0.0123792 0.0114697 0.0109091 0.0155993 0.00953868 0.0191027 0.0135545 0.00886331 0.00921154 0.00936564 0.00878479 0.0101479 0.00905685 0.0108265 0.0134587 0.00953099 0.00980247 0.0110597 
