1Q19A
SNSFCVVYKGSDTDINNIQRDFDGKGEALSNGYLFIEQNGHYQKCEMERGTAYLIGSLYNRTFLIGLAGVWEGEAYLANDAELLALLFTRLGANALALAEGDFCFFIDEPNGELTVITESRGFSPVHVVQGKKAWMTNSLKLVTAAEGEGALWFEEEALVCQSLMRADTYTPVKNAQRLKPGAVHVLTHDSEGYSFVESRTLTTPASNQLLALPREPLLALIDRYLNAPLEDLAPRFDTVGIPLSGGLDSSLVTALASRHFKKLNTYSIGTELSNEFEFSQQVADALGTHHQMKILSETEVINGIIESIYYNEIFDGLSAEIQSGLFNVYRQAQGQVSCMLTGYGSDLLFGGILKPGAQYDNPNQLLAEQVYRTRWTGEFATHGASCYGIDIRHPFWSHSLISLCHALHPDYKIFDNEVKNILREYADSLQLLPKDIVWRKKIGIHEGSSVNQAFANVLGSTVDNYQTKSRFTYRVYQAFLRGRLSITDVTPSQLKDLIK
CCCEEEEECCCHHHHHHHHHHCCEEEEEECCEEEEEECCCCEEEEECCCCEEEEECCCCCHHHHHHHHCCCCHHHHHCCHHHHHHHHHHHHCHHHHHHCCCCCEEEEECCCCCEEEEECCCCCCCCEEEECCCEEEECCCHHHHHHHCCCCCCECCHHHHCCCCCCCCCCCCECCEEECCCCEEEEEEECCCCCEEEEEEECCCCCCCCCECCCHHHHHHHHHHHHHHHHHHHHHHCCEEEEECCCCHHHHHHHHHHCCCCCEEEEEEEEECCECCHHHHHHHHHHHCCEEEEEEECHHHHHHHHHHHHHHHCCCCHHHHHHHHHHHHHHHHHECCECEEECCCCHHHHHCCCCCCCCCCCCHHHHHHHHHHHHHHHCCCCCHHHHHCCCEEECCCCCHHHHHHHHCECHHHCEECCEECHHHHHHHHHCCCCCHHHHCCCCCCHHHHCCHHHHHHHHHCCCCCCHHHHHHHHHHHHHHHHCCCCCHHHCCHHHCHHHCC
0 0 0 0 0 0 0 0 0 0 0 0 0 0 0 0 0 0 0 0 0 0 0 0 0 0 0 0 0 0 0 0 0 0 0 0 0 0 0 0 0 0 0 0 0 0 0 0 0 0 0 0 0 0 0 0 0 0 0 0 0 0 0 0 0 0 0 0 0 0 0 0 0 0 0 0 0 0 0 0 0 0 0 0 0 0 0 0 0 0 0 0 0 0 0 0 0 0 0 0 0 0 0 0 0 0 0 0 0 0 0 0 0 0 0 0 0 0 0 0 0 0 0 0 0 0 0 0 0 0 0 0 0 0 0 0 0 0 0 0 0 0 0 0 0 0 0 0 0 0 0 0 0 0 0 0 0 0 0 0 0 0 0 0 0 0 0 0 0 0 0 0 0 0 0 0 0 0 0 0 0 0 0 0 0 0 0 0 0 0 0 0 0 0 0 0 0 0 0 0 0 0 0 0 0 0 0 0 0 0 0 0 0 0 0 0 0 0 0 0 0 0 0 0 0 0 0 0 0 0 0 0 0 0 0 0 0 0 0 0 0 0 0 0 0 0 0 0 0 0 0 0 0 0 0 0 0 0 0 0 0 0 0 0 0 0 0 0 0 0 0 0 0 0 0 0 0 0 0 0 0 0 0 0 0 0 0 0 0 0 0 0 0 0 0 0 0 0 0 0 0 0 0 0 0 0 0 0 0 0 0 0 0 0 0 0 0 0 0 0 0 0 0 0 0 0 0 0 0 0 0 0 0 0 0 0 0 0 0 0 0 0 0 0 0 0 0 0 0 0 0 0 0 0 0 0 0 0 0 0 0 0 0 0 0 0 0 0 0 0 0 0 0 0 0 0 0 0 0 0 0 0 0 0 0 0 0 0 0 0 0 0 0 0 0 0 0 0 0 0 0 0 0 0 0 0 0 0 0 0 0 0 0 0 0 0 0 0 0 0 0 0 0 0 0 0 0 0 0 0 0 0 0 0 0 0 0 0 0 0 0 0 0 0 0 0 0 0 0 0 0 0 0 0 0 0 0 0 0 0 0 0 0 0 0 0 0 0 0 0 0 0 0 0 0 0 0 0 0 0 0 0 0 0 0 0 0 0 0 0 0 0 0 0 0 0 0 0 0 0 
0 0 0 0 0 0 0 0 0 0 0 0 0 0 0 0 0 0 0 0 0 0 0 0 0 0 0 0 0 0 0 0 0 0 0 0 0 0 0 0 0 0 0 0 0 0 0 0 0 0 0 0 0 0 0 0 0 0 0 0 0 0 0 0 0 0 0 0 0 0 0 0 0 0 0 0 0 0 0 0 0 0 0 0 0 0 0 0 0 0 0 0 0 0 0 0 0 0 0 0 0 0 0 0 0 0 0 0 0 0 0 0 0 0 0 0 0 0 0 0 0 0 0 0 0 0 0 0 0 0 0 0 0 0 0 0 0 0 0 0 0 0 0 0 0 0 0 0 0 0 0 0 0 0 0 0 0 0 0 0 0 0 0 0 0 0 0 0 0 0 0 0 0 0 0 0 0 0 0 0 0 0 0 0 0 0 0 0 0 0 0 0 0 0 0 0 0 0 0 0 0 0 0 0 0 0 0 0 0 0 0 0 0 0 0 0 0 0 0 0 0 0 0 0 0 0 0 0 0 0 0 0 0 0 0 0 0 0 0 0 0 0 0 0 0 0 0 0 0 0 0 0 0 0 0 0 0 0 0 0 0 0 0 0 0 0 0 0 0 0 0 0 0 0 0 0 0 0 0 0 0 0 0 0 0 0 0 0 0 0 0 0 0 0 0 0 0 0 0 0 0 0 0 0 0 0 0 0 0 0 0 0 0 0 0 0 0 0 0 0 0 0 0 0 0 0 0 0 0 0 0 0 0 0 0 0 0 0 0 0 0 0 0 0 0 0 0 0 0 0 0 0 0 0 0 0 0 0 0 0 0 0 0 0 0 0 0 0 0 0 0 0 0 0 0 0 0 0 0 0 0 0 0 0 0 0 0 0 0 0 0 0 0 0 0 0 0 0 0 0 0 0 0 0 0 0 0 0 0 0 0 0 0 0 0 0 0 0 0 0 0 0 0 0 0 0 0 0 0 0 0 0 0 0 0 0 0 0 0 0 0 0 0 0 0 0 0 0 0 0 0 0 0 0 0 0 0 0 0 0 0 0 0 0 0 0 0 0 0 0 0 0 0 0 0 0 0 0 0 0 0 0 0 0 0 0 0 0 0 0 0 0 0 0 0 0 0 0 0 0 
0 0.00373702 0.00335315 0.00395313 0.00615782 0.0490308 0.0157138 0.0118645 0.0145979 0.0157827 0.0555049 0.0278129 0.0248415 0.0242202 0.0214094 0.0195244 0.0302291 0.0153487 0.00991543 0.0105225 0.0112536 0.0264385 0.0272749 0.0167669 0.0176826 0.0142306 0.0300314 0.011788 0.0110419 0.0105701 0.0114976 0.0141866 0.0117643 0.0096342 0.0104135 0.0110366 0.015807 0.010299 0.00901658 0.00957262 0.0114647 0.00962035 0.00903775 0.0103439 0.0122017 0.00996563 0.00978575 0.0088958 0.00813354 0.00959044 0.00871145 0.0082918 0.00877159 0.00878021 0.00878476 0.00871311 0.0100057 0.00892168 0.00822131 0.00870722 0.00831174 0.00855215 0.00826807 0.00927233 0.00940808 0.00867487 0.00832026 0.00862417 0.00873947 0.00950885 0.00870052 0.00842979 0.00869526 0.00858606 0.00882315 0.00870546 0.00903847 0.00858181 0.0094929 0.00891255 0.00846863 0.00841738 0.00831231 0.00845921 0.00846458 0.00865042 0.00987952 0.00879374 0.0104785 0.0095607 0.00950981 0.0103633 0.01105 0.0108814 0.0127322 0.0137564 0.0115545 0.013826 0.0113628 0.0130579 
0.00373702 0 0.00336046 0.00339301 0.00356818 0.0244181 0.0330436 0.0197949 0.0177589 0.0332964 0.0209485 0.020804 0.0629909 0.0438296 0.0597076 0.0439763 0.0145642 0.0104521 0.0146324 0.0108654 0.0319327 0.0121822 0.0164389 0.052468 0.0359 0.0552614 0.0143759 0.0119111 0.0166549 0.0166797 0.0160433 0.010989 0.0105183 0.0119511 0.0130731 0.0154628 0.0105728 0.00983105 0.0097072 0.00952062 0.0090229 0.00917956 0.00980602 0.0109308 0.0105348 0.00830441 0.00826815 0.00852594 0.00829162 0.00853808 0.00829721 0.00881684 0.00929755 0.00975763 0.0090411 0.00884281 0.00880333 0.00827391 0.00871652 0.00877082 0.00863628 0.00861042 0.00839937 0.00843598 0.00821716 0.00826339 0.00849426 0.00867033 0.0088152 0.00867202 0.00827967 0.00854911 0.00856497 0.00885575 0.00899083 0.00903625 0.00893895 0.00856646 0.00866154 0.00826202 0.00831747 0.00849265 0.00833599 0.00849238 0.00847861 0.00852637 0.00872877 0.00829401 0.00936555 0.0090291 0.00939813 0.00966401 0.010458 0.011073 0.0106425 0.0110308 0.0108396 0.0113087 0.0107828 0.0113558 
0.00335315 0.00336046 0 0.00328669 0.00328154 0.0179624 0.0297178 0.0245998 0.0644718 0.0193992 0.0135777 0.0151568 0.0251228 0.108939 0.087845 0.0244749 0.0122184 0.0104185 0.0106957 0.0364598 0.011476 0.010586 0.0130306 0.0282519 0.117167 0.0276882 0.0161333 0.0108116 0.0190005 0.0344325 0.0148407 0.00994069 0.010303 0.0118122 0.0252002 0.0134596 0.0100385 0.00993129 0.0109005 0.00926106 0.00857509 0.00884887 0.010478 0.0115487 0.00911421 0.00812221 0.00815807 0.00848596 0.00830772 0.00855542 0.00846026 0.00888434 0.0101373 0.0101998 0.00982083 0.00877216 0.00853406 0.00847743 0.00862348 0.00933177 0.00872966 0.00904364 0.00834314 0.00835963 0.00809879 0.00846968 0.00846692 0.00880086 0.00872649 0.00844562 0.00851213 0.00849117 0.0087972 0.00873417 0.00892402 0.00903689 0.00909281 0.00855039 0.00842691 0.00820438 0.00835299 0.00844619 0.00829055 0.00843178 0.00846529 0.00840535 0.00842411 0.00828825 0.00925756 0.00936148 0.00925323 0.00903805 0.0105295 0.0101995 0.00991449 0.0107082 0.0105601 0.0104986 0.0107535 0.0110826 
0.00395313 0.00339301 0.00328669 0 0.00329234 0.0207457 0.0272859 0.0264132 0.0156782 0.0476256 0.0137264 0.0162727 0.0426802 0.0327635 0.0313364 0.0366119 0.0117517 0.0106841 0.0236483 0.0102655 0.013266 0.0114853 0.0151524 0.036658 0.0234969 0.0685607 0.0153142 0.0113074 0.0148337 0.0145934 0.0140997 0.00943277 0.0101688 0.0129229 0.0123764 0.0126876 0.00943022 0.010283 0.00965158 0.00888312 0.00838952 0.0092853 0.00995968 0.0100589 0.00902736 0.00826423 0.00838947 0.00849481 0.00833513 0.00830995 0.00862007 0.00878482 0.00906417 0.00917999 0.00907384 0.00859085 0.00830526 0.00854445 0.00870578 0.00878451 0.00848186 0.00847638 0.00821333 0.00830227 0.00818498 0.00833459 0.00840842 0.00841922 0.00849458 0.00832266 0.00827644 0.00842592 0.00832971 0.00854435 0.00850918 0.00861039 0.00855154 0.00836052 0.00838599 0.00827424 0.00840465 0.00837149 0.00827594 0.00835562 0.00837502 0.00837925 0.00837239 0.00837601 0.00912731 0.00873443 0.00917813 0.0087786 0.0108947 0.00989866 0.00956399 0.0108141 0.0111757 0.0104232 0.0111637 0.0107533 
0.00615782 0.00356818 0.00328154 0.00329234 0 0.040192 0.0148037 0.01001 0.0153975 0.0139149 0.0555801 0.0286362 0.0215116 0.015118 0.0144287 0.0226884 0.0198042 0.0549832 0.00940171 0.00884215 0.0109502 0.0134444 0.0250622 0.0134783 0.013762 0.0136089 0.0288004 0.0152871 0.0102724 0.0101828 0.00986757 0.0111157 0.0147993 0.0101493 0.0100307 0.00962156 0.0112073 0.0120765 0.00898197 0.00878007 0.00886945 0.0106696 0.00913581 0.00919932 0.00951518 0.00932831 0.0094251 0.00962988 0.00815659 0.00838018 0.00956498 0.00866634 0.00882678 0.00883268 0.00870455 0.00828999 0.0086586 0.00912511 0.00844836 0.00861714 0.00836238 0.00849499 0.00810115 0.00834977 0.0088578 0.00859417 0.00841688 0.00834285 0.00821838 0.00836671 0.00874602 0.00843362 0.00850368 0.00838263 0.00839886 0.00843079 0.00846531 0.00819025 0.00864868 0.00864099 0.00862805 0.00837243 0.00830936 0.0083463 0.00840432 0.0082545 0.00882236 0.00913639 0.0122182 0.00939499 0.00887267 0.00897914 0.0112188 0.0101602 0.0100541 0.0151537 0.0133742 0.0118123 0.0116612 0.0123604 
0.0490308 0.0244181 0.0179624 0.0207457 0.040192 0 0.00473996 0.00327328 0.00333854 0.00367954 0.00987992 0.0057583 0.00650027 0.00676113 0.00779474 0.0230838 0.88463 0.00904532 0.00830486 0.00818558 0.010304 0.0193333 0.0146954 0.0107289 0.0100554 0.0109332 0.0206688 0.00905132 0.00891762 0.00883206 0.00892995 0.0120354 0.00940194 0.00857235 0.00861623 0.00882611 0.0108551 0.00876054 0.00825148 0.00837803 0.00946552 0.00865558 0.00814666 0.00849223 0.00946504 0.0091161 0.0086915 0.00843833 0.00796285 0.00838068 0.00803535 0.00798758 0.00807873 0.00815587 0.00803809 0.00803026 0.00854132 0.00816996 0.00797855 0.00802585 0.00799482 0.00802583 0.00798985 0.00843627 0.00869184 0.00828105 0.00803766 0.00809234 0.00808263 0.00842123 0.00807292 0.00805825 0.0081249 0.00810233 0.00812104 0.00813622 0.00816282 0.00814369 0.00854538 0.00850914 0.0081717 0.00809749 0.00814015 0.00818875 0.00817391 0.00821379 0.0091121 0.0087827 0.0103928 0.00842641 0.00830567 0.00854044 0.00962219 0.0093837 0.00964762 0.0125143 0.0103897 0.0104426 0.00993162 0.0110098 
0.0157138 0.0330436 0.0297178 0.0272859 0.0148037 0.00473996 0 0.00324777 0.00327037 0.00387806 0.00346344 0.00513165 0.00577449 0.00713319 0.0137222 0.907817 0.00937435 0.00773131 0.0080496 0.00809364 0.010123 0.00904703 0.00933242 0.0123289 0.0107606 0.0133059 0.00982711 0.00856651 0.00991573 0.00939536 0.00930539 0.00894653 0.00845418 0.00863665 0.0090015 0.00908681 0.00878512 0.0083799 0.00846059 0.00840512 0.00841856 0.00814495 0.00828445 0.00860435 0.00851755 0.00814249 0.00808437 0.00798524 0.00796463 0.00809067 0.00797732 0.00812934 0.0081998 0.00821261 0.00819004 0.0081363 0.0082264 0.00795305 0.00805508 0.00808622 0.00808385 0.00806468 0.00807098 0.00816351 0.0080808 0.0079531 0.00803382 0.00812152 0.00811979 0.00813298 0.00800358 0.008078 0.00810895 0.00816456 0.00818099 0.00826691 0.0082197 0.00813598 0.00817032 0.00816474 0.00810181 0.00818462 0.00811245 0.00822422 0.00816394 0.00820083 0.00836076 0.00815314 0.00844095 0.0082477 0.0084657 0.00831382 0.0091001 0.00887783 0.00885789 0.0096365 0.00929029 0.00938299 0.00905346 0.00959023 
0.0118645 0.0197949 0.0245998 0.0264132 0.01001 0.00327328 0.00324777 0 0.00322825 0.00323981 0.00329863 0.00404601 0.00632236 0.0115847 0.93704 0.0129052 0.00659283 0.00724483 0.00774122 0.00926436 0.00812319 0.00897183 0.0091713 0.0097282 0.0189785 0.0113497 0.00927786 0.00866906 0.00953676 0.0120244 0.00907873 0.00861813 0.00853599 0.00916069 0.0103088 0.00894599 0.00843666 0.00863716 0.00853741 0.00823266 0.00821354 0.0081991 0.00852143 0.0085422 0.00829877 0.00803913 0.00800544 0.00807563 0.00804308 0.00804253 0.00807699 0.00817367 0.00833436 0.00841018 0.0083494 0.00815541 0.00809426 0.00805659 0.00806045 0.00822043 0.00814267 0.00813951 0.00806797 0.00806902 0.00798171 0.00802764 0.0080302 0.00812594 0.00808766 0.00812118 0.00798758 0.0080472 0.00808946 0.00808262 0.00819299 0.00821917 0.00816052 0.00809551 0.00816503 0.00810733 0.00809788 0.00812999 0.0080842 0.0081467 0.00817226 0.00810099 0.00825013 0.00817937 0.00840385 0.00836235 0.00829703 0.00824389 0.00958929 0.00870493 0.00882237 0.00958265 0.00928224 0.00926931 0.00926855 0.00947546 
0.0145979 0.0177589 0.0644718 0.0156782 0.0153975 0.00333854 0.00327037 0.00322825 0 0.00318544 0.00324531 0.0040197 0.00738099 0.958702 0.0130998 0.00645951 0.0062467 0.00741594 0.00803253 0.00857452 0.0094398 0.00830412 0.0094807 0.0155692 0.0184972 0.0128113 0.010251 0.00925785 0.0120375 0.014097 0.0101678 0.00870496 0.00947166 0.00913633 0.0146018 0.00958852 0.00894149 0.00862279 0.00918621 0.00861671 0.00827183 0.00837062 0.00882506 0.0090993 0.00844158 0.00807646 0.00809074 0.0081575 0.00808921 0.00810736 0.00809364 0.00826832 0.00869544 0.0085993 0.00850393 0.00822977 0.00818598 0.00801026 0.00815411 0.00834497 0.00820214 0.00824745 0.00804323 0.00817412 0.00807171 0.00800139 0.00818597 0.00821281 0.00815012 0.00813071 0.00802713 0.00819906 0.00816983 0.00826087 0.00829543 0.00844708 0.00827506 0.00821101 0.00817217 0.00809262 0.00808778 0.00825587 0.00808356 0.00825698 0.00823427 0.00819435 0.00829611 0.0081584 0.00880055 0.00843167 0.00836995 0.00834306 0.00879244 0.00905713 0.00865039 0.00985191 0.0096888 0.00924325 0.0090346 0.00957725 
0.0157827 0.0332964 0.0193992 0.0476256 0.0139149 0.00367954 0.00387806 0.00323981 0.00318544 0 0.00325019 0.00524613 0.986728 0.0106662 0.00649045 0.00738641 0.00607589 0.00776295 0.0112228 0.00984926 0.00768923 0.0111976 0.0126419 0.015072 0.0142455 0.0228107 0.0124744 0.010013 0.011039 0.0112261 0.0102398 0.00900172 0.00927664 0.0111764 0.00971918 0.010116 0.00888876 0.00951334 0.00908891 0.00838468 0.00833448 0.00858194 0.00922759 0.00875332 0.00851689 0.00810441 0.0081312 0.00820873 0.0081615 0.00818722 0.00833129 0.0084276 0.00844012 0.00847864 0.00834575 0.0082298 0.00817136 0.00834372 0.00818657 0.00829953 0.00819815 0.00817974 0.00811304 0.00815247 0.00805458 0.00815675 0.00811367 0.00814158 0.00814002 0.00815078 0.00804247 0.00810478 0.0081151 0.00813067 0.0082213 0.0082229 0.00823441 0.00812372 0.00812749 0.00817829 0.00820141 0.0081353 0.00810394 0.00816076 0.00824319 0.00818807 0.00820539 0.00822742 0.00838464 0.00835778 0.00863346 0.00838239 0.0104064 0.0088225 0.00897547 0.00943102 0.00974782 0.00952783 0.00983708 0.00921678 
0.0555049 0.0209485 0.0135777 0.0137264 0.0555801 0.00987992 0.00346344 0.00329863 0.00324531 0.00325019 0 0.991204 0.0123511 0.00401926 0.00405817 0.00585461 0.00634413 0.0250195 0.00811114 0.00722571 0.0087744 0.00869733 0.0243455 0.014164 0.010243 0.0121628 0.0239957 0.0169195 0.00977878 0.00925493 0.00999105 0.0103322 0.019359 0.0100913 0.00954153 0.00940581 0.0117255 0.0124272 0.00886625 0.00877632 0.00867158 0.0124836 0.00907991 0.00884398 0.00950305 0.00955711 0.010062 0.0100485 0.00811771 0.00834077 0.00950793 0.00845826 0.00843565 0.00839303 0.00843973 0.00821392 0.00855354 0.00909713 0.00831805 0.0082828 0.00819535 0.00836149 0.00807593 0.00829968 0.00969681 0.00839847 0.00835878 0.00823228 0.00813103 0.00817623 0.00838334 0.00832549 0.00819435 0.00821012 0.00820359 0.0082481 0.00820486 0.00815447 0.00856981 0.00860605 0.00850191 0.00834449 0.0081659 0.00825892 0.00823667 0.00818287 0.00875529 0.009172 0.01264 0.00876865 0.00845402 0.00855922 0.0101002 0.00948918 0.00921271 0.0146376 0.0125994 0.0105601 0.0110459 0.0111425 
0.0278129 0.020804 0.0151568 0.0162727 0.0286362 0.0057583 0.00513165 0.00404601 0.0040197 0.00524613 0.991204 0 0.00336507 0.00328772 0.0032478 0.00349629 0.00531363 0.00680785 0.00614884 0.00668422 0.00816657 0.0478665 0.0289233 0.0154664 0.0116777 0.012186 0.0252774 0.0132317 0.0107341 0.00969762 0.0104568 0.0171204 0.0121071 0.00935528 0.00941693 0.0102995 0.015378 0.0101904 0.00878377 0.00915632 0.0119658 0.00909917 0.0086655 0.00954186 0.0118045 0.0101804 0.00938861 0.00846418 0.00811807 0.00919716 0.00833567 0.00816662 0.0083104 0.00850793 0.00836081 0.00852494 0.00972466 0.00827787 0.00812602 0.00817365 0.00813193 0.00814121 0.00813553 0.00930078 0.00907455 0.00903763 0.00810715 0.00817367 0.00824346 0.00893422 0.00818989 0.00811638 0.00817347 0.00816908 0.00818343 0.0082016 0.0082349 0.00817919 0.00888738 0.00851552 0.00813075 0.00811888 0.00812239 0.00821161 0.00817473 0.00818121 0.0092057 0.0085088 0.00970244 0.00844441 0.00835881 0.00878046 0.00935676 0.00916125 0.00959956 0.0113207 0.0102792 0.0103187 0.00946942 0.0106004 
0.0248415 0.0629909 0.0251228 0.0426802 0.0215116 0.00650027 0.00577449 0.00632236 0.00738099 0.986728 0.0123511 0.00336507 0 0.00324483 0.00324609 0.00337809 0.00345283 0.00653378 0.00696781 0.00743058 0.0392474 0.114664 0.0157871 0.0234979 0.0159916 0.029086 0.018002 0.0120672 0.0225342 0.0195807 0.0155884 0.0136397 0.0101459 0.0149584 0.0165644 0.0157236 0.0117447 0.0101966 0.0104579 0.00980061 0.00951178 0.00894037 0.0105399 0.0114712 0.0102587 0.00841151 0.00818953 0.00820647 0.00833328 0.00843967 0.00822495 0.00870392 0.00914111 0.00937577 0.0089091 0.00883452 0.00871491 0.00812604 0.0083737 0.00860984 0.00844668 0.00843097 0.00841025 0.00846653 0.00806357 0.00804544 0.0082775 0.00838644 0.00852358 0.00841519 0.00807915 0.00831291 0.00828296 0.0084168 0.00846211 0.00852383 0.00847565 0.00835799 0.00838941 0.0081361 0.00816043 0.00831121 0.00817476 0.00834772 0.0083171 0.00832502 0.00840527 0.00815082 0.00848193 0.00848783 0.00900678 0.00865563 0.00909928 0.00922841 0.00902306 0.00920558 0.00921134 0.00934358 0.00890898 0.00920708 
0.0242202 0.0438296 0.108939 0.0327635 0.015118 0.00676113 0.00713319 0.0115847 0.958702 0.0106662 0.00401926 0.00328772 0.00324483 0 0.00328321 0.00323739 0.00327077 0.00598347 0.00767187 0.0336668 0.0806463 0.0465114 0.0102216 0.0181301 0.0384717 0.0267495 0.0125319 0.0159911 0.0357804 0.0728309 0.0310398 0.0104588 0.0106731 0.0208555 0.0577699 0.0277685 0.0113674 0.0121241 0.0152943 0.0106133 0.00937716 0.00923056 0.0145624 0.0139503 0.0100203 0.00818661 0.00815346 0.00859031 0.0085284 0.00851555 0.00874249 0.0095995 0.0120697 0.013117 0.0124333 0.00923367 0.00874746 0.00836875 0.00889644 0.00999334 0.00948276 0.00907768 0.00862872 0.00852073 0.00801564 0.00824616 0.00862515 0.00920912 0.00877459 0.00831538 0.00810866 0.00851529 0.00865295 0.00877401 0.00887544 0.00906193 0.00901911 0.00851203 0.00832205 0.00809341 0.00812635 0.00833894 0.00830745 0.00842031 0.00847598 0.00837327 0.00836008 0.00813587 0.00858814 0.00879912 0.0090278 0.00863249 0.00895355 0.00939725 0.00884896 0.00916336 0.00917993 0.00906392 0.00922929 0.00923135 
0.0214094 0.0597076 0.087845 0.0313364 0.0144287 0.00779474 0.0137222 0.93704 0.0130998 0.00649045 0.00405817 0.0032478 0.00324609 0.00328321 0 0.00321592 0.00322332 0.00543531 0.0489575 0.120651 0.0482455 0.00845612 0.00979723 0.0278473 0.0420937 0.0226163 0.0150198 0.0161513 0.049935 0.116981 0.0261219 0.0108819 0.0109045 0.0267602 0.063847 0.0251259 0.0117586 0.0132118 0.0157814 0.0116811 0.00906958 0.00952182 0.0145766 0.017934 0.0103592 0.00812229 0.00821068 0.00851157 0.00854945 0.00866713 0.00885293 0.00964583 0.0123228 0.0132442 0.0117041 0.00924027 0.00853952 0.0084655 0.00914399 0.0100409 0.00940169 0.00919971 0.00866916 0.00842866 0.00801765 0.00821591 0.00856928 0.00933511 0.00888247 0.00831687 0.00813711 0.00847035 0.00866351 0.00879597 0.00887864 0.00913764 0.00907544 0.00851607 0.00833422 0.00813504 0.00816489 0.00838962 0.00827533 0.00841345 0.00843432 0.00840251 0.0083266 0.0081346 0.00841906 0.00869475 0.00905843 0.0086597 0.00907389 0.00945349 0.00884574 0.00912368 0.00915584 0.00908559 0.00931071 0.00930815 
0.0195244 0.0439763 0.0244749 0.0366119 0.0226884 0.0230838 0.907817 0.0129052 0.00645951 0.00738641 0.00585461 0.00349629 0.00337809 0.00323739 0.00321592 0 0.00326228 0.0485148 0.122833 0.0148403 0.00840399 0.00691991 0.0125123 0.0341122 0.0165193 0.0469482 0.0185824 0.0189807 0.0330695 0.0198214 0.0293877 0.0104519 0.0110803 0.0167969 0.0180228 0.0258396 0.0123946 0.0112268 0.0121991 0.0103829 0.0086924 0.00947423 0.0111383 0.0138766 0.00994596 0.00826523 0.00829278 0.00850064 0.00837418 0.00846154 0.00860675 0.00903599 0.00935692 0.00997424 0.00910672 0.00899281 0.00846409 0.00849933 0.00857617 0.00889277 0.0084867 0.00850319 0.00832616 0.00835284 0.00806944 0.00812401 0.00823901 0.00847612 0.00850686 0.00819669 0.00812143 0.00822078 0.00830559 0.00833503 0.00835474 0.00842847 0.00842331 0.00829841 0.00817666 0.00807601 0.00808999 0.00818516 0.00813328 0.00823045 0.00825079 0.00823769 0.00830629 0.0081849 0.00854792 0.00842562 0.00886258 0.00859779 0.00902543 0.00909668 0.00873106 0.00940088 0.00957772 0.00910505 0.00922563 0.00921127 
0.0302291 0.0145642 0.0122184 0.0117517 0.0198042 0.88463 0.00937435 0.00659283 0.0062467 0.00607589 0.00634413 0.00531363 0.00345283 0.00327077 0.00322332 0.00326228 0 0.136704 0.0196218 0.00422876 0.00515327 0.00597003 0.0151457 0.0105378 0.00977592 0.0105728 0.0301521 0.0230348 0.00981692 0.00979169 0.00958141 0.0122912 0.0162999 0.0102967 0.00981768 0.00967882 0.012946 0.0136594 0.00887202 0.00873539 0.00899662 0.0114315 0.00908 0.00908404 0.0100709 0.00889094 0.00917796 0.00914541 0.00809463 0.00837649 0.0093371 0.00840115 0.00847447 0.00856649 0.00849717 0.00830925 0.00860602 0.00887392 0.00833733 0.0083599 0.00824875 0.00829708 0.00810272 0.00829382 0.00878769 0.0082606 0.00817479 0.00823506 0.00813024 0.00822862 0.00824801 0.00816827 0.00816318 0.00821463 0.00816946 0.00821842 0.00822977 0.00811115 0.00836461 0.00833124 0.00834389 0.00817304 0.00815582 0.00818283 0.00818848 0.00814889 0.00837989 0.00843182 0.00957512 0.00846012 0.00837703 0.00839141 0.00978674 0.0085863 0.00869027 0.011328 0.0104349 0.00939247 0.00964147 0.00972814 
0.0153487 0.0104521 0.0104185 0.0106841 0.0549832 0.00904532 0.00773131 0.00724483 0.00741594 0.00776295 0.0250195 0.00680785 0.00653378 0.00598347 0.00543531 0.0485148 0.136704 0 0.00322392 0.00324024 0.0033127 0.00341964 0.00583895 0.00610837 0.00683601 0.0135203 0.90739 0.00972319 0.00913787 0.00905123 0.0091458 0.0158633 0.0099183 0.00870217 0.00884013 0.00916768 0.0138692 0.0087185 0.00845522 0.00853994 0.0108863 0.00860277 0.00832896 0.00863454 0.0107573 0.00944646 0.00892083 0.00847757 0.00798215 0.00862285 0.00803991 0.00812364 0.00821593 0.00823546 0.0082407 0.00814667 0.00877774 0.0080953 0.00801335 0.00811854 0.0080601 0.00810162 0.00802714 0.00862381 0.00868457 0.00808759 0.00797672 0.00806667 0.00806554 0.00838161 0.00804732 0.00801099 0.00809106 0.00809162 0.00811416 0.00810756 0.00816433 0.00809322 0.00857605 0.00835742 0.008042 0.008106 0.0081015 0.00816702 0.0081528 0.00811808 0.00908927 0.00848011 0.0100832 0.00831945 0.00825007 0.00832799 0.00864897 0.00881626 0.00894786 0.0113637 0.00982037 0.0096169 0.00908691 0.0101487 
0.00991543 0.0146324 0.0106957 0.0236483 0.00940171 0.00830486 0.0080496 0.00774122 0.00803253 0.0112228 0.00811114 0.00614884 0.00696781 0.00767187 0.0489575 0.122833 0.0196218 0.00322392 0 0.00320501 0.00319474 0.00318019 0.00476755 0.0080968 0.00910459 0.931399 0.00886838 0.00914486 0.011674 0.0100498 0.0110608 0.00867875 0.00861468 0.00933907 0.00963196 0.0102419 0.00868837 0.00856033 0.00850139 0.00858236 0.00833932 0.00815546 0.00843052 0.00872077 0.00852046 0.00810256 0.00809049 0.00803543 0.00810575 0.00814959 0.00809851 0.00827959 0.00840298 0.00851074 0.00841583 0.0082579 0.00814253 0.00806413 0.00816501 0.00819604 0.00819873 0.00819524 0.00811453 0.00809526 0.007971 0.00793445 0.00806754 0.0080798 0.0081851 0.00807614 0.00798429 0.00813497 0.00808632 0.00817092 0.00812921 0.00818754 0.00818769 0.00808922 0.00815504 0.00805673 0.00807773 0.00817877 0.0081312 0.00819136 0.00818749 0.00816141 0.00818604 0.00807625 0.00825362 0.00823256 0.00838624 0.00822955 0.00857924 0.00846991 0.00840479 0.00873023 0.00856476 0.00855908 0.00852063 0.0085687 
0.0105225 0.0108654 0.0364598 0.0102655 0.00884215 0.00818558 0.00809364 0.00926436 0.00857452 0.00984926 0.00722571 0.00668422 0.00743058 0.0336668 0.120651 0.0148403 0.00422876 0.00324024 0.00320501 0 0.00318047 0.00321397 0.0043443 0.00714801 0.938739 0.00851228 0.00689412 0.0103722 0.0101544 0.0185152 0.00927062 0.00862532 0.00854262 0.00931326 0.0132661 0.00918794 0.00858593 0.00868457 0.00880067 0.00848283 0.0083088 0.00819911 0.00880849 0.00881096 0.00839215 0.00798031 0.00798402 0.00809754 0.0080513 0.00806977 0.00807399 0.00824871 0.00861489 0.00850339 0.00849983 0.00824174 0.00812402 0.00803442 0.00818374 0.00835991 0.00828404 0.00825426 0.00816921 0.00816409 0.00798016 0.00804811 0.00811371 0.00826217 0.00813625 0.00808357 0.00804734 0.00813387 0.00817541 0.00817494 0.00821042 0.0082556 0.00822984 0.00813719 0.00810082 0.00807864 0.00808906 0.0081742 0.00812545 0.00817505 0.00818278 0.00813132 0.00818597 0.00808725 0.00821014 0.00831979 0.00831743 0.00824237 0.00884037 0.00845896 0.00847978 0.00880448 0.00863243 0.00867542 0.00865771 0.00871111 
0.0112536 0.0319327 0.011476 0.013266 0.0109502 0.010304 0.010123 0.00812319 0.0094398 0.00768923 0.0087744 0.00816657 0.0392474 0.0806463 0.0482455 0.00840399 0.00515327 0.0033127 0.00319474 0.00318047 0 0.00319081 0.00408811 0.967071 0.0221739 0.0084226 0.00704802 0.00951521 0.0156651 0.0105367 0.0126023 0.00886835 0.00956492 0.00985221 0.00983528 0.0123696 0.00912277 0.00876325 0.00920059 0.00919996 0.00831527 0.00842727 0.00869092 0.00976155 0.00860266 0.00808875 0.00815395 0.00810396 0.00804728 0.00814672 0.00811069 0.00821726 0.00839677 0.00843758 0.00848307 0.00820645 0.00821041 0.00800117 0.00833289 0.00825605 0.00815402 0.00816457 0.00808026 0.00820397 0.00807597 0.00799122 0.008158 0.00815562 0.00811127 0.008128 0.00796399 0.00816307 0.0080962 0.00818268 0.00817923 0.00821978 0.00819345 0.00812937 0.00810249 0.00799563 0.00804998 0.00815747 0.00808732 0.00811495 0.00812493 0.00809647 0.00820321 0.00811094 0.00883441 0.00822559 0.00829586 0.00818887 0.00832095 0.0086323 0.00827197 0.00930735 0.00899613 0.00873393 0.00857702 0.00885396 
0.0264385 0.0121822 0.010586 0.0114853 0.0134444 0.0193333 0.00904703 0.00897183 0.00830412 0.0111976 0.00869733 0.0478665 0.114664 0.0465114 0.00845612 0.00691991 0.00597003 0.00341964 0.00318019 0.00321397 0.00319081 0 0.979611 0.0126487 0.00529318 0.00608119 0.00883171 0.0162275 0.00957484 0.00951074 0.00908323 0.0117053 0.0133218 0.00984455 0.00923174 0.00908769 0.0111468 0.0142287 0.00856276 0.00836638 0.00887502 0.0106592 0.00861978 0.00855117 0.009249 0.00891445 0.00890152 0.00892673 0.0081333 0.00819841 0.00893546 0.00827818 0.00829822 0.0083225 0.00823916 0.00819513 0.00828318 0.00885413 0.0081297 0.00818156 0.00813137 0.00814582 0.00807916 0.00821364 0.00839759 0.00834465 0.00808099 0.00811208 0.00806381 0.00805063 0.00818079 0.0080473 0.0080777 0.00804866 0.00808992 0.00808771 0.00806612 0.00798692 0.00812949 0.0082663 0.00821187 0.00806782 0.00807704 0.00808158 0.0081196 0.00807698 0.00816574 0.00835545 0.00858948 0.00823851 0.00834993 0.00815056 0.0103458 0.00838231 0.00863282 0.0100688 0.00980217 0.00906795 0.00955661 0.00914284 
0.0272749 0.0164389 0.0130306 0.0151524 0.0250622 0.0146954 0.00933242 0.0091713 0.0094807 0.0126419 0.0243455 0.0289233 0.0157871 0.0102216 0.00979723 0.0125123 0.0151457 0.00583895 0.00476755 0.0043443 0.00408811 0.979611 0 0.00327286 0.00326702 0.00333708 0.00375615 0.1522 0.0151258 0.0129387 0.0124726 0.0689546 0.0161589 0.0112925 0.0109656 0.0116552 0.022089 0.0137775 0.00996957 0.00957713 0.0139895 0.0101956 0.00984844 0.0101479 0.0146053 0.0108525 0.00936886 0.00870228 0.00825391 0.00998099 0.00861823 0.00825229 0.00873872 0.00882368 0.0087559 0.00867748 0.0106147 0.00852245 0.00820468 0.00837104 0.00830511 0.00841398 0.00821182 0.00990445 0.00886505 0.00863277 0.00808329 0.00822961 0.00824507 0.00904513 0.00837071 0.00804291 0.0081312 0.00815702 0.00821416 0.0082329 0.00828109 0.00815043 0.00869241 0.00859122 0.00814137 0.00810376 0.0080482 0.00812799 0.0080781 0.00815854 0.00890061 0.00830662 0.0086985 0.00829603 0.00831489 0.00855295 0.00948398 0.00860842 0.00917509 0.00999016 0.00896128 0.00952524 0.00897722 0.00962482 
0.0167669 0.052468 0.0282519 0.036658 0.0134783 0.0107289 0.0123289 0.0097282 0.0155692 0.015072 0.014164 0.0154664 0.0234979 0.0181301 0.0278473 0.0341122 0.0105378 0.00610837 0.0080968 0.00714801 0.967071 0.0126487 0.00327286 0 0.00324542 0.00326239 0.00327027 0.0539137 0.15296 0.0291422 0.0688925 0.0112251 0.0120537 0.0234851 0.0280568 0.0278543 0.0124475 0.0118888 0.013685 0.0114995 0.00963268 0.00975925 0.0135069 0.0149442 0.0109404 0.0085412 0.00839664 0.00843751 0.0085169 0.00848374 0.00850358 0.00934657 0.0099182 0.0113388 0.00976351 0.00935577 0.00879334 0.00830504 0.00878854 0.0091828 0.00912124 0.00880736 0.00865676 0.00848398 0.00811016 0.00807145 0.0085728 0.00863669 0.00865135 0.00833477 0.00817002 0.00837768 0.00845548 0.00851094 0.00856238 0.0086225 0.00866424 0.00830444 0.0082857 0.00806047 0.00811846 0.00826959 0.00820703 0.00828391 0.00828 0.00824594 0.00839821 0.00811586 0.0084177 0.00848933 0.00888844 0.00855585 0.0086307 0.00908948 0.00870844 0.00887506 0.00896116 0.00893094 0.00866619 0.00876941 
0.0176826 0.0359 0.117167 0.0234969 0.013762 0.0100554 0.0107606 0.0189785 0.0184972 0.0142455 0.010243 0.0116777 0.0159916 0.0384717 0.0420937 0.0165193 0.00977592 0.00683601 0.00910459 0.938739 0.0221739 0.00529318 0.00326702 0.00324542 0 0.00322609 0.003224 0.0439932 0.0595275 0.366774 0.0216893 0.0133351 0.0112508 0.0292153 0.0799516 0.020732 0.0123709 0.0127256 0.0174654 0.0126671 0.00953412 0.0093373 0.0214107 0.0177192 0.0107608 0.00836953 0.00826414 0.00864384 0.00866471 0.00869389 0.00890515 0.00962777 0.0146405 0.0139108 0.0135684 0.00923097 0.00877203 0.00847092 0.00895336 0.0114532 0.00989789 0.00945445 0.00872406 0.00853374 0.0080413 0.00828347 0.00864383 0.00915317 0.00873568 0.00834554 0.00812191 0.00848893 0.00868371 0.00878132 0.00883365 0.00902133 0.0089096 0.00844279 0.0082622 0.00801117 0.00806582 0.0082569 0.00830308 0.00835678 0.00844382 0.00837557 0.00831015 0.00811442 0.00832955 0.00863002 0.00885605 0.00851108 0.00886375 0.00900749 0.00861928 0.00881835 0.00879267 0.00881395 0.00868463 0.00884272 
0.0142306 0.0552614 0.0276882 0.0685607 0.0136089 0.0109332 0.0133059 0.0113497 0.0128113 0.0228107 0.0121628 0.012186 0.029086 0.0267495 0.0226163 0.0469482 0.0105728 0.0135203 0.931399 0.00851228 0.0084226 0.00608119 0.00333708 0.00326239 0.00322609 0 0.00370869 0.0190742 0.168999 0.0626852 0.329454 0.0157917 0.013672 0.0305654 0.0329475 0.0741401 0.0150453 0.0120815 0.0244551 0.0162392 0.00901581 0.010167 0.0152268 0.033007 0.0121159 0.00870141 0.00856284 0.00869139 0.00896926 0.00873282 0.00898621 0.00960886 0.0102472 0.0123137 0.0106205 0.0104533 0.00867089 0.00857402 0.0091394 0.00967599 0.00892352 0.00889189 0.0086529 0.00842655 0.00814045 0.00812218 0.00865769 0.00879837 0.0089236 0.008217 0.0081528 0.00848014 0.00848494 0.00855013 0.00865076 0.00862537 0.00875693 0.00839389 0.00817175 0.0080456 0.00810346 0.00821106 0.00816044 0.00826527 0.00835181 0.00824237 0.00821541 0.00813807 0.00837802 0.00852481 0.00894692 0.00868536 0.0087379 0.0090974 0.00868619 0.00884198 0.0090786 0.00889768 0.00891572 0.00880348 
0.0300314 0.0143759 0.0161333 0.0153142 0.0288004 0.0206688 0.00982711 0.00927786 0.010251 0.0124744 0.0239957 0.0252774 0.018002 0.0125319 0.0150198 0.0185824 0.0301521 0.90739 0.00886838 0.00689412 0.00704802 0.00883171 0.00375615 0.00327027 0.003224 0.00370869 0 0.0621808 0.0172854 0.044799 0.0678809 0.281383 0.0195956 0.0142313 0.0170694 0.0153791 0.0363323 0.0273525 0.0109009 0.00981289 0.0116681 0.0141671 0.0104444 0.0118829 0.0198417 0.010588 0.0104334 0.0104703 0.00831855 0.00920149 0.0109068 0.00882599 0.00927675 0.00937971 0.00920216 0.00893391 0.00956545 0.00962126 0.00858329 0.00871816 0.00846624 0.00850975 0.00828609 0.00889404 0.00883872 0.00843599 0.00827896 0.00836088 0.00836089 0.00860874 0.00828188 0.00822025 0.00830535 0.00830985 0.00843451 0.00835856 0.00836981 0.00820457 0.00850443 0.0082613 0.00829328 0.00813409 0.00811325 0.0081234 0.0081821 0.00808863 0.00838568 0.00834539 0.00911931 0.00848615 0.00870225 0.00854806 0.00936587 0.00869102 0.00869752 0.0101541 0.00926043 0.0091127 0.00899388 0.00919539 
0.011788 0.0119111 0.0108116 0.0113074 0.0152871 0.00905132 0.00856651 0.00866906 0.00925785 0.010013 0.0169195 0.0132317 0.0120672 0.0159911 0.0161513 0.0189807 0.0230348 0.00972319 0.00914486 0.0103722 0.00951521 0.0162275 0.1522 0.0539137 0.0439932 0.0190742 0.0621808 0 0.00329824 0.00327253 0.00329231 0.00393458 0.00907789 0.00822652 0.00880522 0.0178763 0.961321 0.0270703 0.0137428 0.0116852 0.0246226 0.0202183 0.0148794 0.0146988 0.0285728 0.0159837 0.0119006 0.00980734 0.00913383 0.0155963 0.0105913 0.00989359 0.011736 0.0122385 0.0131174 0.0112122 0.0168776 0.0093727 0.0093161 0.00964988 0.00928121 0.00944968 0.00928757 0.0131216 0.00950467 0.00858588 0.00842692 0.0089221 0.00901831 0.00958424 0.00821558 0.00815816 0.00829883 0.0084064 0.00851655 0.00859216 0.00847547 0.00826041 0.00865009 0.0084371 0.0079945 0.00796761 0.00802954 0.00811138 0.00808527 0.00809421 0.0088061 0.00813077 0.00847126 0.00836329 0.00828659 0.00839026 0.00844283 0.00848308 0.00856562 0.00895862 0.008347 0.00857743 0.00835116 0.00881744 
0.0110419 0.0166549 0.0190005 0.0148337 0.0102724 0.00891762 0.00991573 0.00953676 0.0120375 0.011039 0.00977878 0.0107341 0.0225342 0.0357804 0.049935 0.0330695 0.00981692 0.00913787 0.011674 0.0101544 0.0156651 0.00957484 0.0151258 0.15296 0.0595275 0.168999 0.0172854 0.00329824 0 0.00322805 0.0032459 0.00327663 0.00756259 0.0119834 0.0244825 0.943128 0.0244414 0.0192079 0.0222542 0.0303991 0.0103205 0.0208724 0.0301987 0.038642 0.0144421 0.00986694 0.00960456 0.010095 0.0128018 0.00970455 0.0108216 0.015971 0.0250329 0.0430967 0.0247698 0.0171821 0.0100507 0.00924151 0.0135242 0.0155695 0.0142161 0.0126266 0.0110702 0.00929954 0.00840682 0.00846595 0.00913656 0.0102758 0.00968864 0.00861016 0.00822371 0.00864678 0.00873626 0.00917517 0.00915383 0.0092008 0.00911328 0.00859367 0.00831033 0.00795096 0.00802579 0.00833073 0.0081895 0.00825683 0.00829858 0.00826504 0.0082511 0.00800992 0.00823577 0.00836462 0.0085236 0.00826241 0.00841266 0.00862026 0.00838635 0.00838122 0.00841077 0.00852507 0.0083345 0.00854312 
0.0105701 0.0166797 0.0344325 0.0145934 0.0101828 0.00883206 0.00939536 0.0120244 0.014097 0.0112261 0.00925493 0.00969762 0.0195807 0.0728309 0.116981 0.0198214 0.00979169 0.00905123 0.0100498 0.0185152 0.0105367 0.00951074 0.0129387 0.0291422 0.366774 0.0626852 0.044799 0.00327253 0.00322805 0 0.00319496 0.00322361 0.00699599 0.025048 0.924738 0.0425129 0.00991568 0.0141652 0.0262354 0.0135552 0.0102818 0.0113882 0.0478731 0.0270348 0.0145703 0.00898152 0.00886459 0.0101619 0.0103359 0.0100783 0.0105807 0.0150776 0.0600178 0.053456 0.053074 0.0161579 0.00967578 0.00911273 0.0130898 0.027018 0.0213989 0.0166158 0.0113491 0.0092118 0.00818724 0.00855723 0.0093073 0.0134959 0.0095975 0.00889618 0.00824912 0.00853082 0.00927488 0.00968351 0.00961709 0.010356 0.0098044 0.00876008 0.00832049 0.00794128 0.00807842 0.00838368 0.00835253 0.00829696 0.00843138 0.00832391 0.00825721 0.00803889 0.00812507 0.00844518 0.00849327 0.00830298 0.00840167 0.00852769 0.0083307 0.0083301 0.00832855 0.00833195 0.00828246 0.00843642 
0.0114976 0.0160433 0.0148407 0.0140997 0.00986757 0.00892995 0.00930539 0.00907873 0.0101678 0.0102398 0.00999105 0.0104568 0.0155884 0.0310398 0.0261219 0.0293877 0.00958141 0.0091458 0.0110608 0.00927062 0.0126023 0.00908323 0.0124726 0.0688925 0.0216893 0.329454 0.0678809 0.00329231 0.0032459 0.00319496 0 0.00329552 0.0257806 0.92867 0.0375097 0.0153858 0.00939056 0.0131562 0.0186167 0.02125 0.00968572 0.0131349 0.0226711 0.0881183 0.0197002 0.010779 0.00988813 0.0105176 0.0134561 0.010264 0.010858 0.0171513 0.0165235 0.0265283 0.018177 0.01988 0.00998928 0.00962846 0.0129872 0.0130582 0.0116454 0.0110397 0.0110474 0.00933267 0.00849385 0.00852914 0.00929161 0.00977436 0.0105158 0.00859469 0.00811308 0.00864657 0.00864492 0.00877416 0.00894095 0.00890465 0.00905702 0.00857853 0.00828644 0.00799481 0.00806133 0.00827543 0.00820626 0.00816464 0.00828102 0.0083273 0.00810521 0.00803977 0.00828835 0.00828164 0.00853271 0.00836476 0.00832108 0.00858109 0.00825418 0.00836929 0.00836194 0.00844623 0.00827549 0.00849236 
0.0141866 0.010989 0.00994069 0.00943277 0.0111157 0.0120354 0.00894653 0.00861813 0.00870496 0.00900172 0.0103322 0.0171204 0.0136397 0.0104588 0.0108819 0.0104519 0.0122912 0.0158633 0.00867875 0.00862532 0.00886835 0.0117053 0.0689546 0.0112251 0.0133351 0.0157917 0.281383 0.00393458 0.00327663 0.00322361 0.00329552 0 0.969557 0.0259072 0.00670025 0.00739415 0.0114841 0.0212781 0.0116664 0.00968461 0.0143678 0.0207022 0.0136225 0.0149956 0.0589887 0.0152168 0.0139511 0.0170453 0.00879715 0.0118497 0.0181075 0.0103026 0.0107248 0.010742 0.0101166 0.0109365 0.0124424 0.0137304 0.00968829 0.00982769 0.00933596 0.00898965 0.00880555 0.0104709 0.010132 0.0094981 0.00853577 0.00873884 0.00850377 0.00920336 0.00863397 0.0081972 0.0083232 0.00841057 0.00841211 0.00841633 0.00838609 0.008247 0.00862021 0.00846184 0.00836887 0.00811503 0.00809317 0.00805764 0.00820824 0.00804291 0.00819014 0.00820553 0.00890444 0.0084188 0.00823923 0.00825779 0.0087011 0.00829198 0.00830051 0.00917977 0.008599 0.00844427 0.00851634 0.00854305 
0.0117643 0.0105183 0.010303 0.0101688 0.0147993 0.00940194 0.00845418 0.00853599 0.00947166 0.00927664 0.019359 0.0121071 0.0101459 0.0106731 0.0109045 0.0110803 0.0162999 0.0099183 0.00861468 0.00854262 0.00956492 0.0133218 0.0161589 0.0120537 0.0112508 0.013672 0.0195956 0.00907789 0.00756259 0.00699599 0.0257806 0.969557 0 0.00330005 0.00325828 0.00330877 0.00466721 0.014937 0.0105926 0.0131146 0.0651977 0.018296 0.0117575 0.0134589 0.0234705 0.0208023 0.0199659 0.0136526 0.00898819 0.01871 0.0112371 0.0104048 0.0107044 0.0111331 0.0106576 0.0102686 0.0198046 0.0104357 0.00973564 0.00949132 0.00911998 0.00953401 0.00887952 0.0157357 0.0118191 0.0086988 0.00883152 0.00864367 0.0092431 0.0101363 0.00831543 0.00822795 0.00824614 0.00833935 0.00865674 0.00849971 0.00874043 0.00835654 0.00900219 0.00861063 0.00802416 0.00802398 0.00800974 0.0080588 0.00816514 0.00808151 0.00934417 0.00825078 0.00967473 0.00891352 0.00821315 0.00866497 0.00838969 0.00856893 0.00885434 0.00973865 0.00853533 0.00879957 0.00849381 0.00896719 
0.0096342 0.0119511 0.0118122 0.0129229 0.0101493 0.00857235 0.00863665 0.00916069 0.00913633 0.0111764 0.0100913 0.00935528 0.0149584 0.0208555 0.0267602 0.0167969 0.0102967 0.00870217 0.00933907 0.00931326 0.00985221 0.00984455 0.0112925 0.0234851 0.0292153 0.0305654 0.0142313 0.00822652 0.0119834 0.025048 0.92867 0.0259072 0.00330005 0 0.00324388 0.00326293 0.00334508 0.0139838 0.0139163 0.040653 0.0299495 0.0134301 0.0228261 0.0306421 0.0135873 0.0121508 0.0103762 0.0097203 0.0134565 0.0100358 0.0104919 0.0135618 0.0209841 0.0351912 0.0156211 0.0174109 0.0107533 0.00941852 0.0116351 0.0130956 0.013705 0.0100463 0.0123569 0.0099313 0.00850839 0.00863319 0.00881241 0.01017 0.00976446 0.00917552 0.0081776 0.00846218 0.00861844 0.0091627 0.00888901 0.00941918 0.0088836 0.00875328 0.00828935 0.00801113 0.00806797 0.00825803 0.00814637 0.00824096 0.00818608 0.00829533 0.00824083 0.00803056 0.00819196 0.0082796 0.0085461 0.00826541 0.00881312 0.00854092 0.00839573 0.00835381 0.00839667 0.00854582 0.00833301 0.00847875 
0.0104135 0.0130731 0.0252002 0.0123764 0.0100307 0.00861623 0.0090015 0.0103088 0.0146018 0.00971918 0.00954153 0.00941693 0.0165644 0.0577699 0.063847 0.0180228 0.00981768 0.00884013 0.00963196 0.0132661 0.00983528 0.00923174 0.0109656 0.0280568 0.0799516 0.0329475 0.0170694 0.00880522 0.0244825 0.924738 0.0375097 0.00670025 0.00325828 0.00324388 0 0.00322273 0.00322386 0.0102923 0.0364176 0.0478694 0.0185751 0.0117083 0.0307577 0.0192204 0.0139187 0.00993287 0.00928022 0.0117299 0.0105399 0.011273 0.0106812 0.0168285 0.0596053 0.0530721 0.0554221 0.0157871 0.0103078 0.00928314 0.0147881 0.0326332 0.0217048 0.0226329 0.0110576 0.009745 0.00830049 0.00865803 0.00977205 0.0140093 0.0102918 0.00900236 0.00836625 0.00869395 0.00989915 0.00979819 0.0105831 0.0105951 0.0106435 0.00896539 0.00859631 0.00796852 0.0081409 0.00839697 0.00844759 0.00831684 0.00871066 0.00834963 0.00831015 0.00807507 0.00817755 0.00868106 0.00846975 0.00834687 0.00841087 0.00850455 0.00835791 0.00840465 0.00835902 0.00833091 0.00828526 0.00840357 
