1Q5YA
TQGFAVLSYVYEHEKRDLASRIVSTQHHHHDLSVATLHVHINHDDCLEIAVLKGDMGDVQHFADDVIAQRGVRHGHLQCLPKED
CEEEEEEEEEEECCCHHHHHHHHHHHHHCHHHEEEEEEEECCCCEEEEEEEEEEEHHHHHHHHHHHHCCCCCEEEEEEEEECCC
0 0 0 0 0 0 0 0 0 0 0 0 0 0 0 0 0 0 0 0 0 0 0 0 0 0 0 0 0 0 0 0 0 0 0 0 0 0 0 0 0 0 0 0 0 0 0 0 0 0 0 0 0 0 0 0 0 0 0 0 0 0 0 0 0 0 0 0 0 0 0 0 0 0 0 0 0 0 0 0 0 0 0 0 
0 0 0 0 0 0 0 0 0 0 0 0 0 0 0 0 0 0 0 0 0 0 0 0 0 0 0 0 0 0 0 0 0 0 0 0 0 0 0 0 0 0 0 0 0 0 0 0 0 0 0 0 0 0 0 0 0 0 0 0 0 0 0 0 0 0 0 0 0 0 0 0 0 0 0 0 0 0 0 0 0 0 0 0 
0 0.00388737 0.00335637 0.00338215 0.00364796 0.00380952 0.00384204 0.00469856 0.00584623 0.00646975 0.0212156 0.0243234 0.01552 0.0145969 0.0167497 0.0129803 0.0171687 0.0127035 0.0169499 0.0196722 0.0113969 0.0138865 0.0151364 0.0164604 0.016447 0.0178964 0.012127 0.0110607 0.00904895 0.0330123 0.00905302 0.00886078 0.00848194 0.00845374 0.00845791 0.00886117 0.00892595 0.00995031 0.0109293 
0.00388737 0 0.00328567 0.00329517 0.00332858 0.00330654 0.00338166 0.00383267 0.00415569 0.0137291 0.00815296 0.0155982 0.0302647 0.0260766 0.0170295 0.0217295 0.0196062 0.0316712 0.0125131 0.0117083 0.0299208 0.0177486 0.0292803 0.025314 0.0363893 0.027783 0.0214969 0.0110721 0.037156 0.00921991 0.00886645 0.00919833 0.0091108 0.00931541 0.00921509 0.010478 0.0108073 0.0123466 0.0103961 
0.00335637 0.00328567 0 0.00329145 0.00329934 0.00339946 0.00334587 0.00331199 0.00761123 0.00387556 0.00445248 0.0135589 0.0253875 0.0303289 0.0404367 0.0275563 0.042987 0.0208449 0.0120425 0.01257 0.0147693 0.0488459 0.03271 0.0516489 0.0464084 0.0465178 0.0249478 0.0572091 0.0104756 0.00947907 0.00915218 0.00937326 0.0102184 0.0111177 0.0120176 0.0169423 0.0149734 0.0107796 0.00960951 
0.00338215 0.00329517 0.00329145 0 0.0032925 0.0033122 0.00334728 0.00540764 0.0039726 0.0035185 0.00392186 0.0289809 0.0252709 0.0681617 0.0444035 0.076349 0.0499269 0.0362312 0.0174902 0.0130165 0.0331999 0.0654214 0.093656 0.0674126 0.117086 0.0667444 0.147959 0.0216517 0.014456 0.00980708 0.00971807 0.0117039 0.0121476 0.0137728 0.0181812 0.0416161 0.0184688 0.0126699 0.00929191 
0.00364796 0.00332858 0.00329934 0.0032925 0 0.00328984 0.00341613 0.00358901 0.00327328 0.00328603 0.00355817 0.0178748 0.0293116 0.0387345 0.093481 0.0312511 0.0977092 0.0230159 0.0192185 0.0120453 0.0210071 0.0394319 0.0716007 0.0606802 0.0765031 0.248861 0.0297879 0.0400804 0.00988402 0.0107387 0.00948674 0.0109679 0.011056 0.0168397 0.0247159 0.0216671 0.0222348 0.0113271 0.00939798 
0.00380952 0.00330654 0.00339946 0.0033122 0.00328984 0 0.00320722 0.00327102 0.0032629 0.00321789 0.00337675 0.0161433 0.0222531 0.0767185 0.0257248 0.0700162 0.0224217 0.0647154 0.0103522 0.0105167 0.0170866 0.0596407 0.0287099 0.0695347 0.158496 0.0398382 0.0911058 0.0111912 0.01519 0.00890655 0.00913205 0.00957741 0.0121695 0.0182507 0.0144342 0.0172294 0.0115815 0.0111961 0.00889542 
0.00384204 0.00338166 0.00334587 0.00334728 0.00341613 0.00320722 0 0.00320982 0.00321644 0.00323641 0.00326374 0.0179416 0.0285529 0.0392521 0.0855322 0.0289689 0.133435 0.0161022 0.0168228 0.0115424 0.0205154 0.0278484 0.0789946 0.103701 0.0754191 0.0917752 0.0218006 0.0552784 0.00939317 0.0106946 0.00947028 0.0118478 0.0169704 0.0178979 0.0118092 0.0168026 0.0207237 0.00965356 0.00955065 
0.00469856 0.00383267 0.00331199 0.00540764 0.00358901 0.00327102 0.00320982 0 0.00320165 0.00322169 0.0032176 0.0190371 0.023601 0.0598469 0.0561159 0.100193 0.0289194 0.0421968 0.0133406 0.011303 0.017795 0.0502226 0.134706 0.0552301 0.05927 0.0462723 0.06755 0.0130799 0.014872 0.00910558 0.00982461 0.0138763 0.0134118 0.0114222 0.0128353 0.0177807 0.012302 0.010842 0.00884815 
0.00584623 0.00415569 0.00761123 0.0039726 0.00327328 0.0032629 0.00321644 0.00320165 0 0.00319777 0.00320053 0.0167088 0.0263148 0.0514954 0.0725691 0.0258795 0.0730469 0.0195123 0.0136971 0.0104496 0.0151589 0.110421 0.0362046 0.0272817 0.0395025 0.0531387 0.0167724 0.0228842 0.0092182 0.00991822 0.00923993 0.0103938 0.0100581 0.0110284 0.0111245 0.0127631 0.013474 0.00969884 0.0089439 
0.00646975 0.0137291 0.00387556 0.0035185 0.00328603 0.00321789 0.00323641 0.00322169 0.00319777 0 0.00325949 0.0194248 0.0301633 0.0376695 0.0173681 0.0314466 0.0186875 0.0999065 0.0122635 0.0100503 0.100181 0.0175403 0.0152146 0.019946 0.0195996 0.0172677 0.0194237 0.00941938 0.0213506 0.0092196 0.00900498 0.00942652 0.00908417 0.00912049 0.00936188 0.0102375 0.00899362 0.0108239 0.0085982 
0.0212156 0.00815296 0.00445248 0.00392186 0.00355817 0.00337675 0.00326374 0.0032176 0.00320053 0.00325949 0 0.0220915 0.0140099 0.0136185 0.019915 0.0110192 0.0240797 0.0141771 0.0545123 0.0726552 0.0112606 0.0107851 0.0117218 0.0106947 0.0123384 0.0117334 0.00927523 0.0106659 0.0109306 0.0139079 0.0118676 0.00868744 0.00849022 0.00892973 0.00868516 0.00861871 0.0111231 0.00848101 0.00900996 
0.0243234 0.0155982 0.0135589 0.0289809 0.0178748 0.0161433 0.0179416 0.0190371 0.0167088 0.0194248 0.0220915 0 0.00326691 0.00327946 0.00328404 0.00331181 0.00331014 0.00332257 0.00401551 0.00487867 0.00579789 0.00639748 0.00764704 0.0107295 0.0120324 0.0142674 0.117063 0.179792 0.0145208 0.0171805 0.0127203 0.0100822 0.00956397 0.0096937 0.0091838 0.0101399 0.0108119 0.0116941 0.0186862 
0.01552 0.0302647 0.0253875 0.0252709 0.0293116 0.0222531 0.0285529 0.023601 0.0263148 0.0301633 0.0140099 0.00326691 0 0.00321845 0.00327785 0.00326562 0.00325882 0.00334927 0.00345855 0.00511821 0.00693141 0.00838466 0.00824984 0.0111634 0.0157263 0.084089 0.350874 0.012159 0.0101955 0.00730806 0.0101234 0.0102525 0.00964852 0.00990103 0.0102231 0.0131816 0.0123624 0.0166825 0.00965153 
0.0145969 0.0260766 0.0303289 0.0681617 0.0387345 0.0767185 0.0392521 0.0598469 0.0514954 0.0376695 0.0136185 0.00327946 0.00321845 0 0.00322066 0.00323532 0.00324438 0.00328687 0.00327951 0.0057532 0.00844536 0.0105265 0.0136846 0.0234896 0.072261 0.707761 0.0219946 0.0115625 0.00993164 0.00713906 0.0102724 0.0110783 0.0118568 0.0120402 0.0174121 0.0186825 0.0200306 0.0129577 0.00953924 
0.0167497 0.0170295 0.0404367 0.0444035 0.093481 0.0257248 0.0855322 0.0561159 0.0725691 0.0173681 0.019915 0.00328404 0.00327785 0.00322066 0 0.00319685 0.00330393 0.00323438 0.00330178 0.00489266 0.00823809 0.0117731 0.025155 0.0327339 0.80015 0.0286498 0.010027 0.0162705 0.00735957 0.00733196 0.0104483 0.0129509 0.00988535 0.0216688 0.0116928 0.0204617 0.0287311 0.00989439 0.0100645 
0.0129803 0.0217295 0.0275563 0.076349 0.0312511 0.0700162 0.0289689 0.100193 0.0258795 0.0314466 0.0110192 0.00331181 0.00326562 0.00323532 0.00319685 0 0.0032276 0.00327574 0.00323209 0.00413553 0.00975713 0.0174871 0.0212499 0.817886 0.0132696 0.0111271 0.0163568 0.00798269 0.0112753 0.00617895 0.0108761 0.0102627 0.0152757 0.0105464 0.0184977 0.0181363 0.0115346 0.0153195 0.0090328 
0.0171687 0.0196062 0.042987 0.0499269 0.0977092 0.0224217 0.133435 0.0289194 0.0730469 0.0186875 0.0240797 0.00331014 0.00325882 0.00324438 0.00330393 0.0032276 0 0.00319945 0.00323933 0.00386418 0.0165695 0.0145968 0.872431 0.00946455 0.0138074 0.0180161 0.0077839 0.0293617 0.0064574 0.00773272 0.0104815 0.013223 0.0101755 0.0269194 0.0111387 0.0161841 0.0266848 0.010318 0.00991322 
0.0127035 0.0316712 0.0208449 0.0362312 0.0230159 0.0647154 0.0161022 0.0421968 0.0195123 0.0999065 0.0141771 0.00332257 0.00334927 0.00328687 0.00323438 0.00327574 0.00319945 0 0.00321798 0.005581 0.0227352 0.74667 0.0060921 0.0131288 0.0138398 0.00862905 0.0203188 0.0069711 0.0139952 0.00579558 0.0118952 0.0117528 0.0118957 0.00937628 0.01214 0.0123787 0.0102495 0.0286734 0.00919496 
0.0169499 0.0125131 0.0120425 0.0174902 0.0192185 0.0103522 0.0168228 0.0133406 0.0136971 0.0122635 0.0545123 0.00401551 0.00345855 0.00327951 0.00330178 0.00323209 0.00323933 0.00321798 0 0.0337716 0.673747 0.00492073 0.00673866 0.00587522 0.00754721 0.00958964 0.00707612 0.0095908 0.00563312 0.00766872 0.013195 0.00998409 0.00862745 0.00936059 0.00889529 0.00943386 0.00990104 0.00926746 0.0103381 
0.0196722 0.0117083 0.01257 0.0130165 0.0120453 0.0105167 0.0115424 0.011303 0.0104496 0.0100503 0.0726552 0.00487867 0.00511821 0.0057532 0.00489266 0.00413553 0.00386418 0.005581 0.0337716 0 0.00322059 0.00319665 0.00319615 0.00316874 0.0032835 0.00326966 0.00350785 0.00355096 0.00368562 0.0068421 0.0169728 0.00902105 0.00900035 0.00895331 0.00891318 0.00902801 0.00992149 0.00957919 0.0180407 
0.0113969 0.0299208 0.0147693 0.0331999 0.0210071 0.0170866 0.0205154 0.017795 0.0151589 0.100181 0.0112606 0.00579789 0.00693141 0.00844536 0.00823809 0.00975713 0.0165695 0.0227352 0.673747 0.00322059 0 0.0032095 0.00319535 0.00321931 0.0033196 0.00355106 0.00329073 0.00413561 0.0039572 0.0042132 0.0101343 0.0144482 0.00950565 0.00997048 0.00894139 0.0110399 0.0106496 0.0152701 0.0114361 
0.0138865 0.0177486 0.0488459 0.0654214 0.0394319 0.0596407 0.0278484 0.0502226 0.110421 0.0175403 0.0107851 0.00639748 0.00838466 0.0105265 0.0117731 0.0174871 0.0145968 0.74667 0.00492073 0.00319665 0.0032095 0 0.00319327 0.00321523 0.0032393 0.00328375 0.0037776 0.00335131 0.0040533 0.00327383 0.0160769 0.0102626 0.0137876 0.0100225 0.0166892 0.0132745 0.0141376 0.0130747 0.00980673 
0.0151364 0.0292803 0.03271 0.093656 0.0716007 0.0287099 0.0789946 0.134706 0.0362046 0.0152146 0.0117218 0.00764704 0.00824984 0.0136846 0.025155 0.0212499 0.872431 0.0060921 0.00673866 0.00319615 0.00319535 0.00319327 0 0.00319317 0.00320296 0.00324588 0.00340315 0.00530072 0.00325862 0.00358206 0.0133592 0.0153749 0.0094409 0.0316606 0.00991752 0.0176304 0.02364 0.0114207 0.0104065 
0.0164604 0.025314 0.0516489 0.0674126 0.0606802 0.0695347 0.103701 0.0552301 0.0272817 0.019946 0.0106947 0.0107295 0.0111634 0.0234896 0.0327339 0.817886 0.00946455 0.0131288 0.00587522 0.00316874 0.00321931 0.00321523 0.00319317 0 0.00324586 0.00327033 0.00323966 0.00326778 0.00403779 0.00322033 0.0141178 0.0150956 0.0184026 0.0101435 0.0187681 0.0207919 0.0136493 0.0166414 0.00961344 
0.016447 0.0363893 0.0464084 0.117086 0.0765031 0.158496 0.0754191 0.05927 0.0395025 0.0195996 0.0123384 0.0120324 0.0157263 0.072261 0.80015 0.0132696 0.0138074 0.0138398 0.00754721 0.0032835 0.0033196 0.0032393 0.00320296 0.00324586 0 0.00326408 0.00325057 0.00323738 0.00322316 0.00325355 0.0126372 0.0170399 0.0120602 0.020009 0.0127925 0.0211052 0.0253791 0.0126286 0.0097449 
0.0178964 0.027783 0.0465178 0.0667444 0.248861 0.0398382 0.0917752 0.0462723 0.0531387 0.0172677 0.0117334 0.0142674 0.084089 0.707761 0.0286498 0.0111271 0.0180161 0.00862905 0.00958964 0.00326966 0.00355106 0.00328375 0.00324588 0.00327033 0.00326408 0 0.00338365 0.00321624 0.00320739 0.00321754 0.0133916 0.0136581 0.0131364 0.0161005 0.0160182 0.0184024 0.0213859 0.0105538 0.0104133 
0.012127 0.0214969 0.0249478 0.147959 0.0297879 0.0911058 0.0218006 0.06755 0.0167724 0.0194237 0.00927523 0.117063 0.350874 0.0219946 0.010027 0.0163568 0.0077839 0.0203188 0.00707612 0.00350785 0.00329073 0.0037776 0.00340315 0.00323966 0.00325057 0.00338365 0 0.00319368 0.00320864 0.00319775 0.0109666 0.0125035 0.0184093 0.0111841 0.0130765 0.0185071 0.00951418 0.0149764 0.00904593 
0.0110607 0.0110721 0.0572091 0.0216517 0.0400804 0.0111912 0.0552784 0.0130799 0.0228842 0.00941938 0.0106659 0.179792 0.012159 0.0115625 0.0162705 0.00798269 0.0293617 0.0069711 0.0095908 0.00355096 0.00413561 0.00335131 0.00530072 0.00326778 0.00323738 0.00321624 0.00319368 0 0.00318673 0.00325984 0.010917 0.0129386 0.00935757 0.0177096 0.0114192 0.0105276 0.02322 0.00849014 0.00967993 
0.00904895 0.037156 0.0104756 0.014456 0.00988402 0.01519 0.00939317 0.014872 0.0092182 0.0213506 0.0109306 0.0145208 0.0101955 0.00993164 0.00735957 0.0112753 0.0064574 0.0139952 0.00563312 0.00368562 0.0039572 0.0040533 0.00325862 0.00403779 0.00322316 0.00320739 0.00320864 0.00318673 0 0.00319625 0.00888146 0.0103884 0.00999656 0.0084584 0.00919579 0.0120889 0.00839574 0.0217404 0.00802435 
0.0330123 0.00921991 0.00947907 0.00980708 0.0107387 0.00890655 0.0106946 0.00910558 0.00991822 0.0092196 0.0139079 0.0171805 0.00730806 0.00713906 0.00733196 0.00617895 0.00773272 0.00579558 0.00766872 0.0068421 0.0042132 0.00327383 0.00358206 0.00322033 0.00325355 0.00321754 0.00319775 0.00325984 0.00319625 0 0.0147775 0.00849835 0.00673708 0.00788464 0.00830352 0.0075276 0.0104992 0.0077574 0.0115177 
0.00905302 0.00886645 0.00915218 0.00971807 0.00948674 0.00913205 0.00947028 0.00982461 0.00923993 0.00900498 0.0118676 0.0127203 0.0101234 0.0102724 0.0104483 0.0108761 0.0104815 0.0118952 0.013195 0.0169728 0.0101343 0.0160769 0.0133592 0.0141178 0.0126372 0.0133916 0.0109666 0.010917 0.00888146 0.0147775 0 0.0034477 0.00328679 0.0032904 0.0043337 0.00340254 0.00486366 0.00648094 0.0204005 
0.00886078 0.00919833 0.00937326 0.0117039 0.0109679 0.00957741 0.0118478 0.0138763 0.0103938 0.00942652 0.00868744 0.0100822 0.0102525 0.0110783 0.0129509 0.0102627 0.013223 0.0117528 0.00998409 0.00902105 0.0144482 0.0102626 0.0153749 0.0150956 0.0170399 0.0136581 0.0125035 0.0129386 0.0103884 0.00849835 0.0034477 0 0.00321798 0.00321117 0.00322478 0.00322783 0.00327005 0.00352116 0.00490477 
0.00848194 0.0091108 0.0102184 0.0121476 0.011056 0.0121695 0.0169704 0.0134118 0.0100581 0.00908417 0.00849022 0.00956397 0.00964852 0.0118568 0.00988535 0.0152757 0.0101755 0.0118957 0.00862745 0.00900035 0.00950565 0.0137876 0.0094409 0.0184026 0.0120602 0.0131364 0.0184093 0.00935757 0.00999656 0.00673708 0.00328679 0.00321798 0 0.00346735 0.00323479 0.00344288 0.00341941 0.00336024 0.0035461 
0.00845374 0.00931541 0.0111177 0.0137728 0.0168397 0.0182507 0.0178979 0.0114222 0.0110284 0.00912049 0.00892973 0.0096937 0.00990103 0.0120402 0.0216688 0.0105464 0.0269194 0.00937628 0.00936059 0.00895331 0.00997048 0.0100225 0.0316606 0.0101435 0.020009 0.0161005 0.0111841 0.0177096 0.0084584 0.00788464 0.0032904 0.00321117 0.00346735 0 0.0031685 0.00322635 0.00333031 0.00325189 0.00337281 
0.00845791 0.00921509 0.0120176 0.0181812 0.0247159 0.0144342 0.0118092 0.0128353 0.0111245 0.00936188 0.00868516 0.0091838 0.0102231 0.0174121 0.0116928 0.0184977 0.0111387 0.01214 0.00889529 0.00891318 0.00894139 0.0166892 0.00991752 0.0187681 0.0127925 0.0160182 0.0130765 0.0114192 0.00919579 0.00830352 0.0043337 0.00322478 0.00323479 0.0031685 0 0.00324978 0.00323074 0.00321583 0.00322348 
0.00886117 0.010478 0.0169423 0.0416161 0.0216671 0.0172294 0.0168026 0.0177807 0.0127631 0.0102375 0.00861871 0.0101399 0.0131816 0.0186825 0.0204617 0.0181363 0.0161841 0.0123787 0.00943386 0.00902801 0.0110399 0.0132745 0.0176304 0.0207919 0.0211052 0.0184024 0.0185071 0.0105276 0.0120889 0.0075276 0.00340254 0.00322783 0.00344288 0.00322635 0.00324978 0 0.00320142 0.00321103 0.00323822 
0.00892595 0.0108073 0.0149734 0.0184688 0.0222348 0.0115815 0.0207237 0.012302 0.013474 0.00899362 0.0111231 0.0108119 0.0123624 0.0200306 0.0287311 0.0115346 0.0266848 0.0102495 0.00990104 0.00992149 0.0106496 0.0141376 0.02364 0.0136493 0.0253791 0.0213859 0.00951418 0.02322 0.00839574 0.0104992 0.00486366 0.00327005 0.00341941 0.00333031 0.00323074 0.00320142 0 0.00320723 0.00327502 
0.00995031 0.0123466 0.0107796 0.0126699 0.0113271 0.0111961 0.00965356 0.010842 0.00969884 0.0108239 0.00848101 0.0116941 0.0166825 0.0129577 0.00989439 0.0153195 0.010318 0.0286734 0.00926746 0.00957919 0.0152701 0.0130747 0.0114207 0.0166414 0.0126286 0.0105538 0.0149764 0.00849014 0.0217404 0.0077574 0.00648094 0.00352116 0.00336024 0.00325189 0.00321583 0.00321103 0.00320723 0 0.00331834 
0.0109293 0.0103961 0.00960951 0.00929191 0.00939798 0.00889542 0.00955065 0.00884815 0.0089439 0.0085982 0.00900996 0.0186862 0.00965153 0.00953924 0.0100645 0.0090328 0.00991322 0.00919496 0.0103381 0.0180407 0.0114361 0.00980673 0.0104065 0.00961344 0.0097449 0.0104133 0.00904593 0.00967993 0.00802435 0.0115177 0.0204005 0.00490477 0.0035461 0.00337281 0.00322348 0.00323822 0.00327502 0.00331834 0 
