1QAHB
SSIIRKVISTSKAPAAIGAYSQAVLVDRTIYVSGQIGMDPSSGQLVPGGVAEEAKQALKNLGEILKAAGCDFTNVVKTTVLLADINDFGTVNEIYKTYFQGNLPARAAYQVAALPKGSRIEIEAIAVQGPFT
CCCCEEEECCCCCCCCCCCCCCEEEECCEEEEEEEECECCCCCCECCCCHHHHHHHHHHHHHHHHHHCCCCHHHEEEEEEEECCHHHHHHHHHHHHCCCCCCCCEEEEEECCCCHHHCCEEEEEEEECCCCC
0 0 0 0 0 0 0 0 0 0 0 0 0 0 0 0 0 0 0 0 0 0 0 0 0 0 0 0 0 0 0 0 0 0 0 0 0 0 0 0 0 0 0 0 0 0 0 0 0 0 0 0 0 0 0 0 0 0 0 0 0 0 0 0 0 0 0 0 0 0 0 0 0 0 0 0 0 0 0 0 0 0 0 0 0 0 0 0 0 0 0 0 0 0 0 0 0 0 0 0 0 0 0 0 0 0 0 0 0 0 0 0 0 0 0 0 0 0 0 0 0 0 0 0 0 0 0 0 0 0 0 0 
0 0 0 0 0 0 0 0 0 0 0 0 0 0 0 0 0 0 0 0 0 0 0 0 0 0 0 0 0 0 0 0 0 0 0 0 0 0 0 0 0 0 0 0 0 0 0 0 0 0 0 0 0 0 0 0 0 0 0 0 0 0 0 0 0 0 0 0 0 0 0 0 0 0 0 0 0 0 0 0 0 0 0 0 0 0 0 0 0 0 0 0 0 0 0 0 0 0 0 0 0 0 0 0 0 0 0 0 0 0 0 0 0 0 0 0 0 0 0 0 0 0 0 0 0 0 0 0 0 0 0 0 
0 0.00413326 0.00353011 0.0101201 0.0249822 0.0120179 0.0383881 0.302034 0.0292279 0.0134468 0.0114708 0.0100857 0.00904643 0.00915033 0.0092227 0.0156359 0.0161249 0.0184506 0.0102661 0.00856756 0.00894014 0.0096651 0.0109738 0.0105173 0.00928242 0.0122642 0.00926121 0.00820234 0.00821284 0.00827604 0.00819265 0.00992783 0.00922183 0.00837352 0.00844754 0.00854 0.00823566 0.00831068 0.00832887 0.00924477 
0.00413326 0 0.00540503 0.00328415 0.014889 0.047325 0.274354 0.0122098 0.00976634 0.0360315 0.0113556 0.0113237 0.00932275 0.0103725 0.0163976 0.0105398 0.00930595 0.0100426 0.0103374 0.00890095 0.00954561 0.0103965 0.00989609 0.0134208 0.0106138 0.0093662 0.00827862 0.00811281 0.008186 0.00817133 0.00824166 0.00845397 0.00906654 0.00863955 0.00898366 0.00857341 0.00868271 0.00833152 0.00855862 0.00831528 
0.00353011 0.00540503 0 0.00326335 0.0184876 0.386733 0.0328258 0.00913939 0.0174983 0.0111138 0.0255055 0.00976071 0.00992835 0.0226387 0.0171386 0.010103 0.00906822 0.010685 0.0102602 0.0109379 0.0119719 0.00906821 0.0117267 0.0104806 0.0182103 0.00950206 0.00855614 0.00843284 0.00816859 0.00848488 0.00838643 0.00899041 0.00869424 0.0107009 0.00851891 0.00972022 0.00839503 0.00938289 0.00858328 0.00833745 
0.0101201 0.00328415 0.00326335 0 0.276342 0.0128765 0.0253717 0.0355487 0.0134078 0.0168055 0.00974606 0.0131503 0.0141377 0.0114263 0.0118167 0.014442 0.0252014 0.0181582 0.0252071 0.00919296 0.00855354 0.011734 0.00891591 0.01137 0.0106801 0.0174012 0.0104493 0.00820581 0.00831489 0.00819464 0.00846721 0.00845955 0.0181563 0.00833493 0.0106025 0.00836843 0.00930306 0.00829518 0.00881097 0.00846806 
0.0249822 0.014889 0.0184876 0.276342 0 0.00330098 0.00340467 0.0039443 0.00442672 0.00491363 0.00630277 0.721224 0.0225455 0.00698252 0.0090619 0.014059 0.0115343 0.0297961 0.0163131 0.0104779 0.0111461 0.0140541 0.01317 0.0144763 0.0156333 0.0241462 0.00947878 0.00851213 0.00862428 0.00853197 0.008851 0.0130393 0.0120796 0.00965948 0.00951015 0.00943153 0.00946358 0.00931426 0.00944252 0.0128612 
0.0120179 0.047325 0.386733 0.0128765 0.00330098 0 0.00331206 0.00330419 0.00414557 0.00617313 0.912511 0.020337 0.00608147 0.00727751 0.0128651 0.00929479 0.00826929 0.0108085 0.0128772 0.0123596 0.0172641 0.0160632 0.0192272 0.0265508 0.0352022 0.0116037 0.00888796 0.00857173 0.00861714 0.00876339 0.0095483 0.00869891 0.0100436 0.0104351 0.0102074 0.00999459 0.0102083 0.00954776 0.011671 0.00875316 
0.0383881 0.274354 0.0328258 0.0253717 0.00340467 0.00331206 0 0.003324 0.00700734 0.977256 0.00550238 0.00540407 0.00475774 0.00787204 0.00830337 0.00755433 0.00733371 0.0112326 0.0123103 0.0131176 0.0118104 0.0118391 0.0118798 0.022815 0.0294119 0.0147174 0.00884638 0.00875466 0.00838749 0.00878426 0.00874955 0.00868773 0.0103487 0.0101264 0.0101068 0.00934909 0.00990457 0.00910287 0.0105995 0.0086997 
0.302034 0.0122098 0.00913939 0.0355487 0.0039443 0.00330419 0.003324 0 0.993644 0.00705482 0.0035286 0.00365552 0.00409676 0.00484914 0.00619489 0.00661959 0.00845264 0.0169475 0.0199646 0.00956398 0.00919018 0.00997744 0.00968742 0.0103615 0.011072 0.0195254 0.0114027 0.00828933 0.00841138 0.00837816 0.00842791 0.00931684 0.0148277 0.00867786 0.00897941 0.00847735 0.00873376 0.00832656 0.00878234 0.00895673 
0.0292279 0.00976634 0.0174983 0.0134078 0.00442672 0.00414557 0.00700734 0.993644 0 0.00329712 0.00324888 0.00324841 0.00330838 0.00327818 0.00361586 0.00474092 0.00570001 0.017423 0.0119993 0.00996715 0.0129304 0.0094339 0.0129389 0.00956809 0.017316 0.0142922 0.00958909 0.00861591 0.0084808 0.00883788 0.00852989 0.0180239 0.00899834 0.0102823 0.00835308 0.0110112 0.00828608 0.0102057 0.00872599 0.0237662 
0.0134468 0.0360315 0.0111138 0.0168055 0.00491363 0.00617313 0.977256 0.00705482 0.00329712 0 0.00321995 0.0032393 0.00320962 0.00328343 0.00352256 0.00362613 0.00545291 0.0099451 0.0170839 0.0127336 0.00935999 0.0326278 0.00992398 0.0400893 0.0121701 0.0128471 0.00886015 0.00842712 0.0089725 0.00875169 0.0105483 0.00843872 0.0143348 0.00863301 0.0198994 0.00834072 0.0182323 0.00846069 0.0160248 0.00857263 
0.0114708 0.0113556 0.0255055 0.00974606 0.00630277 0.912511 0.00550238 0.0035286 0.00324888 0.00321995 0 0.0032083 0.00322019 0.00323636 0.00360753 0.00465798 0.00365402 0.00769521 0.010152 0.0113181 0.0391677 0.0099618 0.0773059 0.0166475 0.0354856 0.010623 0.00865675 0.00945599 0.00894804 0.01203 0.00867232 0.0110439 0.00888019 0.0218614 0.00939305 0.0303329 0.00973271 0.0274543 0.00954744 0.0100221 
0.0100857 0.0113237 0.00976071 0.0131503 0.721224 0.020337 0.00540407 0.00365552 0.00324841 0.0032393 0.0032083 0 0.00319209 0.00320846 0.00321717 0.00332474 0.00343605 0.00721896 0.0129898 0.0126263 0.0105081 0.0608775 0.0112388 0.0710396 0.0141332 0.0138201 0.00865271 0.00833671 0.0097477 0.00891928 0.00948463 0.00830359 0.0122641 0.00884259 0.0308311 0.00897908 0.0257273 0.00946029 0.0127388 0.00855553 
0.00904643 0.00932275 0.00992835 0.0141377 0.0225455 0.00608147 0.00475774 0.00409676 0.00330838 0.00320962 0.00322019 0.00319209 0 0.00319152 0.00316699 0.00321105 0.00323873 0.00605314 0.0103552 0.0100679 0.0226665 0.0115903 0.0265246 0.0142753 0.0185948 0.0104774 0.0083141 0.00846266 0.00854546 0.00893019 0.00861703 0.00864336 0.00859539 0.0108961 0.00933673 0.0134025 0.00989144 0.0108854 0.00933942 0.00857991 
0.00915033 0.0103725 0.0226387 0.0114263 0.00698252 0.00727751 0.00787204 0.00484914 0.00327818 0.00328343 0.00323636 0.00320846 0.00319152 0 0.00319419 0.00320231 0.00316206 0.00627281 0.0118272 0.0129525 0.0126846 0.0295482 0.0138162 0.0344135 0.0132525 0.0116018 0.0085131 0.00865337 0.00943379 0.00916816 0.00915115 0.00857363 0.010622 0.00986366 0.0191467 0.00955981 0.0144783 0.0101134 0.0105644 0.00880486 
0.0092227 0.0163976 0.0171386 0.0118167 0.0090619 0.0128651 0.00830337 0.00619489 0.00361586 0.00352256 0.00360753 0.00321717 0.00316699 0.00319419 0 0.00316919 0.00322025 0.00805238 0.0141321 0.012667 0.0161302 0.0103782 0.0156828 0.0128497 0.0488559 0.012862 0.00875671 0.00874894 0.00880413 0.00850307 0.00889863 0.00881047 0.0090128 0.0149034 0.0089873 0.00948097 0.00923617 0.00883962 0.0107337 0.0086297 
0.0156359 0.0105398 0.010103 0.014442 0.014059 0.00929479 0.00755433 0.00661959 0.00474092 0.00362613 0.00465798 0.00332474 0.00321105 0.00320231 0.00316919 0 0.00342494 0.00755699 0.0414412 0.00965294 0.0105598 0.0122285 0.0107412 0.0180054 0.0124495 0.0241433 0.00932023 0.00833496 0.00855313 0.00842609 0.00857463 0.00871219 0.0129036 0.00871251 0.0110582 0.00879308 0.00962344 0.0087409 0.00903522 0.00873736 
0.0161249 0.00930595 0.00906822 0.0252014 0.0115343 0.00826929 0.00733371 0.00845264 0.00570001 0.00545291 0.00365402 0.00343605 0.00323873 0.00316206 0.00322025 0.00342494 0 0.980504 0.0157503 0.00988448 0.00918806 0.0102067 0.00963373 0.0102421 0.013423 0.0274344 0.0119678 0.00836274 0.0081995 0.00819656 0.0083694 0.00930499 0.0172582 0.0086563 0.00913807 0.00823922 0.00867167 0.00823185 0.00862618 0.0101145 
0.0184506 0.0100426 0.010685 0.0181582 0.0297961 0.0108085 0.0112326 0.0169475 0.017423 0.0099451 0.00769521 0.00721896 0.00605314 0.00627281 0.00805238 0.00755699 0.980504 0 0.0179115 0.0100726 0.0106579 0.0122276 0.0110511 0.01194 0.0149831 0.0440966 0.0129242 0.00855514 0.00850204 0.00844622 0.00879323 0.0115421 0.0176557 0.0095685 0.00911141 0.00880571 0.00882655 0.00875683 0.00868978 0.0110579 
0.0102661 0.0103374 0.0102602 0.0252071 0.0163131 0.0128772 0.0123103 0.0199646 0.0119993 0.0170839 0.010152 0.0129898 0.0103552 0.0118272 0.0141321 0.0414412 0.0157503 0.0179115 0 0.00323969 0.00322711 0.00329973 0.00326204 0.00341794 0.00342306 0.00482546 0.0188594 0.00972222 0.0103353 0.0104584 0.0119972 0.0175457 0.021487 0.0106696 0.0178221 0.00993141 0.0138708 0.0111287 0.0187134 0.0419723 
0.00856756 0.00890095 0.0109379 0.00919296 0.0104779 0.0123596 0.0131176 0.00956398 0.00996715 0.0127336 0.0113181 0.0126263 0.0100679 0.0129525 0.012667 0.00965294 0.00988448 0.0100726 0.00323969 0 0.00320107 0.00323518 0.00326519 0.00331628 0.00397821 0.00327011 0.0162088 0.0103591 0.00937143 0.00898765 0.0116621 0.00962688 0.0112853 0.0117951 0.0119954 0.0100093 0.011828 0.0117224 0.0316061 0.00968602 
0.00894014 0.00954561 0.0119719 0.00855354 0.0111461 0.0172641 0.0118104 0.00919018 0.0129304 0.00935999 0.0391677 0.0105081 0.0226665 0.0126846 0.0161302 0.0105598 0.00918806 0.0106579 0.00322711 0.00320107 0 0.00319548 0.00322827 0.00328313 0.00330727 0.00342798 0.0420847 0.0137793 0.00952332 0.0153386 0.00954074 0.0114027 0.00969301 0.0305183 0.0101191 0.0322866 0.01049 0.144659 0.0107205 0.0103844 
0.0096651 0.0103965 0.00906821 0.011734 0.0140541 0.0160632 0.0118391 0.00997744 0.0094339 0.0326278 0.0099618 0.0608775 0.0115903 0.0295482 0.0103782 0.0122285 0.0102067 0.0122276 0.00329973 0.00323518 0.00319548 0 0.00322011 0.00324046 0.00325686 0.00327492 0.0210582 0.0712518 0.027115 0.00980633 0.0144337 0.00948575 0.0275515 0.00991839 0.0694798 0.00956174 0.21819 0.010485 0.02284 0.00985686 
0.0109738 0.00989609 0.0117267 0.00891591 0.01317 0.0192272 0.0118798 0.00968742 0.0129389 0.00992398 0.0773059 0.0112388 0.0265246 0.0138162 0.0156828 0.0107412 0.00963373 0.0110511 0.00326204 0.00326519 0.00322827 0.00322011 0 0.00322812 0.0032499 0.0032296 0.018624 0.0349348 0.113651 0.0201377 0.0121358 0.0159342 0.0122222 0.0624441 0.0102971 0.250272 0.0112629 0.0379661 0.0116021 0.0122919 
0.0105173 0.0134208 0.0104806 0.01137 0.0144763 0.0265508 0.022815 0.0103615 0.00956809 0.0400893 0.0166475 0.0710396 0.0142753 0.0344135 0.0128497 0.0180054 0.0102421 0.01194 0.00341794 0.00331628 0.00328313 0.00324046 0.00322812 0 0.0032943 0.00327682 0.0241762 0.0231803 0.0331674 0.131613 0.0227922 0.0106951 0.0327986 0.0130361 0.326706 0.0123362 0.0604896 0.0168416 0.0372599 0.0107545 
0.00928242 0.0106138 0.0182103 0.0106801 0.0156333 0.0352022 0.0294119 0.011072 0.017316 0.0121701 0.0354856 0.0141332 0.0185948 0.0132525 0.0488559 0.0124495 0.013423 0.0149831 0.00342306 0.00397821 0.00330727 0.00325686 0.0032499 0.0032943 0 0.00340604 0.01907 0.0332561 0.0139561 0.0222234 0.189712 0.033659 0.0144938 0.244386 0.0120963 0.0320137 0.0138532 0.0297548 0.0393795 0.0171128 
0.0122642 0.0093662 0.00950206 0.0174012 0.0241462 0.0116037 0.0147174 0.0195254 0.0142922 0.0128471 0.010623 0.0138201 0.0104774 0.0116018 0.012862 0.0241433 0.0274344 0.0440966 0.00482546 0.00327011 0.00342798 0.00327492 0.0032296 0.00327682 0.00340604 0 0.0214754 0.0125249 0.0145539 0.0116561 0.0351038 0.230836 0.168805 0.0113882 0.0236623 0.0105497 0.0153572 0.0112319 0.0258562 0.0230442 
0.00926121 0.00827862 0.00855614 0.0104493 0.00947878 0.00888796 0.00884638 0.0114027 0.00958909 0.00886015 0.00865675 0.00865271 0.0083141 0.0085131 0.00875671 0.00932023 0.0119678 0.0129242 0.0188594 0.0162088 0.0420847 0.0210582 0.018624 0.0241762 0.01907 0.0214754 0 0.00335032 0.00329084 0.00322707 0.00340347 0.00518902 0.0106742 0.00913954 0.00877049 0.00936217 0.0119203 0.0426634 0.0153647 0.0439392 
0.00820234 0.00811281 0.00843284 0.00820581 0.00851213 0.00857173 0.00875466 0.00828933 0.00861591 0.00842712 0.00945599 0.00833671 0.00846266 0.00865337 0.00874894 0.00833496 0.00836274 0.00855514 0.00972222 0.0103591 0.0137793 0.0712518 0.0349348 0.0231803 0.0332561 0.0125249 0.00335032 0 0.00319316 0.00331155 0.00332745 0.00335355 0.00743742 0.0099847 0.00854344 0.0143253 0.0246669 0.0125805 0.0202392 0.00937799 
0.00821284 0.008186 0.00816859 0.00831489 0.00862428 0.00861714 0.00838749 0.00841138 0.0084808 0.0089725 0.00894804 0.0097477 0.00854546 0.00943379 0.00880413 0.00855313 0.0081995 0.00850204 0.0103353 0.00937143 0.00952332 0.027115 0.113651 0.0331674 0.0139561 0.0145539 0.00329084 0.00319316 0 0.00338504 0.00322137 0.00323031 0.00811072 0.00758323 0.0259727 0.0137485 0.0159212 0.0115603 0.0096742 0.0094401 
0.00827604 0.00817133 0.00848488 0.00819464 0.00853197 0.00876339 0.00878426 0.00837816 0.00883788 0.00875169 0.01203 0.00891928 0.00893019 0.00916816 0.00850307 0.00842609 0.00819656 0.00844622 0.0104584 0.00898765 0.0153386 0.00980633 0.0201377 0.131613 0.0222234 0.0116561 0.00322707 0.00331155 0.00338504 0 0.0032117 0.00323993 0.00681555 0.0164472 0.0136686 0.0183969 0.0099049 0.0113965 0.00853605 0.00974712 
0.00819265 0.00824166 0.00838643 0.00846721 0.008851 0.0095483 0.00874955 0.00842791 0.00852989 0.0105483 0.00867232 0.00948463 0.00861703 0.00915115 0.00889863 0.00857463 0.0083694 0.00879323 0.0119972 0.0116621 0.00954074 0.0144337 0.0121358 0.0227922 0.189712 0.0351038 0.00340347 0.00332745 0.00322137 0.0032117 0 0.00319289 0.0199528 0.0162363 0.0264849 0.00798068 0.0110075 0.00827717 0.0242202 0.00932934 
0.00992783 0.00845397 0.00899041 0.00845955 0.0130393 0.00869891 0.00868773 0.00931684 0.0180239 0.00843872 0.0110439 0.00830359 0.00864336 0.00857363 0.00881047 0.00871219 0.00930499 0.0115421 0.0175457 0.00962688 0.0114027 0.00948575 0.0159342 0.0106951 0.033659 0.230836 0.00518902 0.00335355 0.00323031 0.00323993 0.00319289 0 0.0373439 0.0380685 0.00628604 0.0105826 0.00711111 0.00997387 0.00810011 0.0181574 
0.00922183 0.00906654 0.00869424 0.0181563 0.0120796 0.0100436 0.0103487 0.0148277 0.00899834 0.0143348 0.00888019 0.0122641 0.00859539 0.010622 0.0090128 0.0129036 0.0172582 0.0176557 0.021487 0.0112853 0.00969301 0.0275515 0.0122222 0.0327986 0.0144938 0.168805 0.0106742 0.00743742 0.00811072 0.00681555 0.0199528 0.0373439 0 0.0033078 0.00342029 0.00325323 0.00364381 0.00344127 0.00617098 0.0123379 
0.00837352 0.00863955 0.0107009 0.00833493 0.00965948 0.0104351 0.0101264 0.00867786 0.0102823 0.00863301 0.0218614 0.00884259 0.0108961 0.00986366 0.0149034 0.00871251 0.0086563 0.0095685 0.0106696 0.0117951 0.0305183 0.00991839 0.0624441 0.0130361 0.244386 0.0113882 0.00913954 0.0099847 0.00758323 0.0164472 0.0162363 0.0380685 0.0033078 0 0.00322745 0.00323536 0.00322017 0.00336896 0.00346315 0.00422124 
0.00844754 0.00898366 0.00851891 0.0106025 0.00951015 0.0102074 0.0101068 0.00897941 0.00835308 0.0198994 0.00939305 0.0308311 0.00933673 0.0191467 0.0089873 0.0110582 0.00913807 0.00911141 0.0178221 0.0119954 0.0101191 0.0694798 0.0102971 0.326706 0.0120963 0.0236623 0.00877049 0.00854344 0.0259727 0.0136686 0.0264849 0.00628604 0.00342029 0.00322745 0 0.00320147 0.00329489 0.00325808 0.00339417 0.0034431 
0.00854 0.00857341 0.00972022 0.00836843 0.00943153 0.00999459 0.00934909 0.00847735 0.0110112 0.00834072 0.0303329 0.00897908 0.0134025 0.00955981 0.00948097 0.00879308 0.00823922 0.00880571 0.00993141 0.0100093 0.0322866 0.00956174 0.250272 0.0123362 0.0320137 0.0105497 0.00936217 0.0143253 0.0137485 0.0183969 0.00798068 0.0105826 0.00325323 0.00323536 0.00320147 0 0.00317606 0.00327466 0.00322364 0.0035899 
0.00823566 0.00868271 0.00839503 0.00930306 0.00946358 0.0102083 0.00990457 0.00873376 0.00828608 0.0182323 0.00973271 0.0257273 0.00989144 0.0144783 0.00923617 0.00962344 0.00867167 0.00882655 0.0138708 0.011828 0.01049 0.21819 0.0112629 0.0604896 0.0138532 0.0153572 0.0119203 0.0246669 0.0159212 0.0099049 0.0110075 0.00711111 0.00364381 0.00322017 0.00329489 0.00317606 0 0.00321141 0.00325997 0.00327032 
0.00831068 0.00833152 0.00938289 0.00829518 0.00931426 0.00954776 0.00910287 0.00832656 0.0102057 0.00846069 0.0274543 0.00946029 0.0108854 0.0101134 0.00883962 0.0087409 0.00823185 0.00875683 0.0111287 0.0117224 0.144659 0.010485 0.0379661 0.0168416 0.0297548 0.0112319 0.0426634 0.0125805 0.0115603 0.0113965 0.00827717 0.00997387 0.00344127 0.00336896 0.00325808 0.00327466 0.00321141 0 0.00320636 0.003298 
0.00832887 0.00855862 0.00858328 0.00881097 0.00944252 0.011671 0.0105995 0.00878234 0.00872599 0.0160248 0.00954744 0.0127388 0.00933942 0.0105644 0.0107337 0.00903522 0.00862618 0.00868978 0.0187134 0.0316061 0.0107205 0.02284 0.0116021 0.0372599 0.0393795 0.0258562 0.0153647 0.0202392 0.0096742 0.00853605 0.0242202 0.00810011 0.00617098 0.00346315 0.00339417 0.00322364 0.00325997 0.00320636 0 0.00329545 
0.00924477 0.00831528 0.00833745 0.00846806 0.0128612 0.00875316 0.0086997 0.00895673 0.0237662 0.00857263 0.0100221 0.00855553 0.00857991 0.00880486 0.0086297 0.00873736 0.0101145 0.0110579 0.0419723 0.00968602 0.0103844 0.00985686 0.0122919 0.0107545 0.0171128 0.0230442 0.0439392 0.00937799 0.0094401 0.00974712 0.00932934 0.0181574 0.0123379 0.00422124 0.0034431 0.0035899 0.00327032 0.003298 0.00329545 0 
