1QAJA
GSHMTWLSDFPQAWAETGGMGLAVRQAPLIIPLKATSTPVSIKQYPMSQEARLGIKPHIQRLLDQGILVPCQSPWNTPLLPVKKPGTNDYRPVQDLREVNKRVEDIHPTVPNPYNLLSGLPPSHQWYTVLDLKDAFFCLRLHPTSQPLFAFEWRDPEMGISGQLTWTRLPQGFKNSPTLFDEALHRDLADFRIQHPDLILLQYVDDLLLAATSELDCQQGTRALLQTLGNLGYRASAKKAQICQKQVKYLGYLLKEGQR
CCCHHHHHHCCCCECCCCCCCCCCCCCCECCCECCCCCCCECCCCCCCHHHHHHHHHHHHHHHHCCCEEEECCCCECCEEEEECCCCCCEEEEECCHHHHCCECCCCCCCCCHHHHHHCCCCCCCEEEEEEECCCHHHCEECCCCHHHHCEEEEEHHHCEEEEEEECECCCCCCCHHHHHHHHHHHHHHHHHHHCCCCEEEEECCEEEEEECCHHHHHHHHHHHHHHHHHHCCCECCCCCEEEECCEEECCEEECCCCC
0 0 0 0 0 0 0 0 0 0 0 0 0 0 0 0 0 0 0 0 0 0 0 0 0 0 0 0 0 0 0 0 0 0 0 0 0 0 0 0 0 0 0 0 0 0 0 0 0 0 0 0 0 0 0 0 0 0 0 0 0 0 0 0 0 0 0 0 0 0 0 0 0 0 0 0 0 0 0 0 0 0 0 0 0 0 0 0 0 0 0 0 0 0 0 0 0 0 0 0 0 0 0 0 0 0 0 0 0 0 0 0 0 0 0 0 0 0 0 0 0 0 0 0 0 0 0 0 0 0 0 0 0 0 0 0 0 0 0 0 0 0 0 0 0 0 0 0 0 0 0 0 0 0 0 0 0 0 0 0 0 0 0 0 0 0 0 0 0 0 0 0 0 0 0 0 0 0 0 0 0 0 0 0 0 0 0 0 0 0 0 0 0 0 0 0 0 0 0 0 0 0 0 0 0 0 0 0 0 0 0 0 0 0 0 0 0 0 0 0 0 0 0 0 0 0 0 0 0 0 0 0 0 0 0 0 0 0 0 0 0 0 0 0 0 0 0 0 0 0 0 0 0 0 0 0 0 0 0 
0 0 0 0 0 0 0 0 0 0 0 0 0 0 0 0 0 0 0 0 0 0 0 0 0 0 0 0 0 0 0 0 0 0 0 0 0 0 0 0 0 0 0 0 0 0 0 0 0 0 0 0 0 0 0 0 0 0 0 0 0 0 0 0 0 0 0 0 0 0 0 0 0 0 0 0 0 0 0 0 0 0 0 0 0 0 0 0 0 0 0 0 0 0 0 0 0 0 0 0 0 0 0 0 0 0 0 0 0 0 0 0 0 0 0 0 0 0 0 0 0 0 0 0 0 0 0 0 0 0 0 0 0 0 0 0 0 0 0 0 0 0 0 0 0 0 0 0 0 0 0 0 0 0 0 0 0 0 0 0 0 0 0 0 0 0 0 0 0 0 0 0 0 0 0 0 0 0 0 0 0 0 0 0 0 0 0 0 0 0 0 0 0 0 0 0 0 0 0 0 0 0 0 0 0 0 0 0 0 0 0 0 0 0 0 0 0 0 0 0 0 0 0 0 0 0 0 0 0 0 0 0 0 0 0 0 0 0 0 0 0 0 0 0 0 0 0 0 0 0 0 0 0 0 0 0 0 0 0 
0 0.150709 0.0628287 0.0549987 0.0132394 0.00896972 0.00921512 0.0111311 0.0172815 0.0121735 0.00843018 0.00834432 0.00905607 0.0126213 0.0102547 0.00842159 0.00812135 0.00894681 0.00999327 0.0192331 0.00942638 0.00837461 0.00831211 0.00819341 0.00832874 0.00846458 0.00885767 0.00888489 0.00859086 0.00929425 0.00816229 0.00804596 0.00816905 0.00873533 0.00893596 0.00803646 0.0080649 0.008022 0.00810258 0.00824574 0.00816154 0.00943569 0.0090381 0.00810101 0.00811427 0.0080547 0.00835769 0.00838958 0.00813584 0.00814622 0.00820881 0.00815044 0.00845168 0.00905087 0.00864018 0.00819336 0.00815779 0.0082731 0.00930191 0.00820189 0.00849946 0.00928975 0.00828273 0.00889272 
0.150709 0 0.100286 0.0616067 0.0428438 0.0154914 0.0109602 0.0208338 0.0338304 0.0262884 0.0101254 0.00908802 0.0124279 0.0141241 0.0241673 0.00977439 0.00990066 0.0096707 0.0166024 0.0532226 0.013402 0.0104465 0.00875839 0.0100842 0.00933061 0.00859754 0.0152809 0.00956293 0.014015 0.0168145 0.0081824 0.00932095 0.00815226 0.00870774 0.0138411 0.00809913 0.00868101 0.00800948 0.00843147 0.00822253 0.00925854 0.0106366 0.0119982 0.00846284 0.00827711 0.00812941 0.00858846 0.00983705 0.0097609 0.00839228 0.00846454 0.00830125 0.00958646 0.0111989 0.00876048 0.00841554 0.00852319 0.00852198 0.0104176 0.00825159 0.0087716 0.0105939 0.00827135 0.0112975 
0.0628287 0.100286 0 0.172846 0.0274777 0.0134528 0.0107003 0.0220361 0.044982 0.0251863 0.00946901 0.00887857 0.0120053 0.0132967 0.0231714 0.00901124 0.0090461 0.0092949 0.0147491 0.100168 0.0110453 0.00944563 0.00854905 0.00884929 0.00881174 0.0083983 0.0126463 0.00978509 0.0146398 0.0155085 0.0082414 0.00856684 0.00819191 0.00960745 0.0105432 0.00812346 0.00805457 0.00800494 0.00823392 0.00814561 0.00870168 0.0103862 0.0102743 0.00837837 0.00812224 0.00800922 0.00849169 0.00854735 0.0088775 0.00817383 0.00811827 0.00821763 0.00911225 0.0104199 0.00860852 0.00830795 0.00831981 0.00822106 0.0099187 0.00814387 0.00863699 0.00947601 0.0082087 0.0100344 
0.0549987 0.0616067 0.172846 0 0.0312532 0.0115565 0.015925 0.0186001 0.123881 0.0159244 0.00933754 0.00909902 0.00936884 0.019798 0.0128234 0.0102857 0.00858235 0.00983797 0.0124932 0.0326056 0.0117323 0.00871732 0.00896585 0.00844503 0.00836165 0.0089213 0.00923643 0.0117041 0.00908368 0.00966184 0.00889563 0.00806376 0.00883518 0.00879464 0.00885961 0.00817988 0.00801837 0.00808551 0.00823198 0.00836311 0.00848155 0.0113084 0.0105793 0.00816195 0.00830351 0.00814338 0.00908983 0.00872333 0.00814349 0.00825758 0.00817494 0.00840237 0.0094637 0.00974247 0.00931204 0.00810758 0.00811644 0.00851835 0.0084815 0.00823273 0.00869919 0.00847266 0.00836776 0.00897966 
0.0132394 0.0428438 0.0274777 0.0312532 0 0.00389998 0.00325944 0.00414167 0.00806447 0.0124409 0.00926376 0.00918352 0.0280386 0.0516717 0.0143145 0.0129932 0.0104133 0.0188835 0.0235287 0.0247858 0.0265667 0.0173855 0.0179108 0.0188897 0.0145323 0.0129193 0.018087 0.0103627 0.0137228 0.0113156 0.00961136 0.00928495 0.0096799 0.0100266 0.00853879 0.00832716 0.00857398 0.00872094 0.00929733 0.00997333 0.0108329 0.0119608 0.0116113 0.00920301 0.00913614 0.00862397 0.00934098 0.00859633 0.00898496 0.0096477 0.00980501 0.00929071 0.0102092 0.0091078 0.00864986 0.00819248 0.00820382 0.00840353 0.00850528 0.00816242 0.00883891 0.00835605 0.00834355 0.00905404 
0.00896972 0.0154914 0.0134528 0.0115565 0.00389998 0 0.00457543 0.00320453 0.00418906 0.0103987 0.00974243 0.0226732 0.0137599 0.00827192 0.0104301 0.0101507 0.0376611 0.0176696 0.0125394 0.0106919 0.0112983 0.0288642 0.0280506 0.0316666 0.0350899 0.017229 0.0114761 0.00924098 0.0094261 0.0112511 0.0103177 0.0109709 0.00912213 0.00857179 0.00835765 0.00852084 0.0100152 0.00940373 0.0106282 0.0108657 0.010047 0.00875711 0.00929816 0.00979646 0.00920812 0.00882451 0.0086327 0.00824623 0.00907681 0.010241 0.0104333 0.00964846 0.00854732 0.00814843 0.00828812 0.00837806 0.00820993 0.0081782 0.00821038 0.00833083 0.00821298 0.00820981 0.0082599 0.00817493 
0.00921512 0.0109602 0.0107003 0.015925 0.00325944 0.00457543 0 0.00319335 0.00408679 0.00604341 0.0212224 0.00944521 0.00718576 0.00765261 0.00835918 0.0323827 0.00823849 0.0196202 0.0119504 0.0099205 0.012858 0.0130605 0.0192273 0.0166877 0.01421 0.026829 0.00992337 0.00995808 0.00886133 0.0101969 0.0125083 0.0087685 0.00947827 0.00830839 0.00832825 0.00863888 0.00885906 0.00951542 0.00983294 0.0119925 0.0089588 0.00858306 0.00998854 0.00922935 0.00918818 0.00879767 0.00828199 0.00852347 0.00868469 0.00985203 0.00893751 0.00861091 0.00837773 0.00805942 0.00830151 0.00826624 0.00816109 0.00804415 0.00810998 0.00827881 0.00815976 0.0081573 0.00823821 0.00814191 
0.0111311 0.0208338 0.0220361 0.0186001 0.00414167 0.00320453 0.00319335 0 0.0113602 0.0318806 0.00684119 0.0066315 0.00638618 0.00676951 0.0266293 0.00835968 0.00851839 0.00901821 0.0226133 0.0227325 0.0122124 0.0121555 0.00948578 0.0112272 0.0113589 0.00931165 0.0255403 0.00940097 0.0115529 0.0178323 0.00843125 0.00921545 0.00831872 0.00968128 0.0100529 0.00832888 0.0085299 0.00835488 0.00859425 0.00853556 0.00953905 0.0100445 0.00958805 0.00894544 0.00860532 0.00899912 0.0083419 0.00836531 0.00854486 0.00861955 0.00866407 0.00859903 0.00869717 0.00876843 0.00818917 0.00822911 0.00810834 0.0080883 0.00848888 0.00805188 0.00828591 0.00866597 0.00812792 0.00845556 
0.0172815 0.0338304 0.044982 0.123881 0.00806447 0.00418906 0.00408679 0.0113602 0 0.0069013 0.00340783 0.00327032 0.00341999 0.00429749 0.00767328 0.00715132 0.00631189 0.0082228 0.0242082 0.151173 0.0133492 0.0095823 0.00938498 0.00904009 0.00880318 0.0103116 0.012522 0.015013 0.0116531 0.0127053 0.00874622 0.00812958 0.00880811 0.014315 0.00880404 0.00806426 0.00809586 0.0081084 0.00827257 0.00859754 0.0088689 0.0162505 0.0108233 0.00811757 0.00812243 0.00814549 0.00930999 0.00908533 0.00823916 0.0081844 0.00811615 0.00823764 0.00985423 0.0104424 0.00875389 0.0080551 0.00796637 0.00816826 0.00840311 0.00809388 0.00859176 0.00846389 0.00812885 0.00906511 
0.0121735 0.0262884 0.0251863 0.0159244 0.0124409 0.0103987 0.00604341 0.0318806 0.0069013 0 0.00326777 0.00326179 0.00325449 0.00424551 0.00899974 0.00648083 0.00716958 0.0150117 0.900637 0.0210231 0.0152945 0.017492 0.0118787 0.0132679 0.0137723 0.0106052 0.0242547 0.00965172 0.0162944 0.0117142 0.00871967 0.00938627 0.00959945 0.0136073 0.00854045 0.00825327 0.00847254 0.00855791 0.00901481 0.00908296 0.0118976 0.0134497 0.00950952 0.00886591 0.00867553 0.00833219 0.00943888 0.00832353 0.00869687 0.00869654 0.00865004 0.00864274 0.0115445 0.00913431 0.00837331 0.00807656 0.00821287 0.00839132 0.00845714 0.00798688 0.00883029 0.00825202 0.00808418 0.00918447 
0.00843018 0.0101254 0.00946901 0.00933754 0.00926376 0.00974243 0.0212224 0.00684119 0.00340783 0.00326777 0 0.00327469 0.00323111 0.00329595 0.00543986 0.00783491 0.0151756 0.84093 0.014548 0.0104059 0.0114413 0.0126292 0.0148477 0.0172312 0.0143177 0.0144488 0.00902407 0.00923294 0.00850732 0.00924721 0.00958497 0.00887693 0.00933146 0.00826374 0.00820772 0.00838906 0.00851629 0.00910557 0.00897713 0.0102104 0.00864676 0.00857435 0.00856739 0.00869579 0.00842676 0.0083702 0.00852586 0.00826681 0.00852585 0.0087227 0.00885258 0.00861285 0.00836141 0.00808469 0.00820241 0.00817916 0.0081279 0.0080516 0.00802531 0.00806913 0.00811491 0.00805805 0.00811424 0.00814663 
0.00834432 0.00908802 0.00887857 0.00909902 0.00918352 0.0226732 0.00944521 0.0066315 0.00327032 0.00326179 0.00327469 0 0.00318804 0.00320364 0.00650218 0.00837234 0.86138 0.00862858 0.00705562 0.008514 0.0102637 0.0126236 0.0202031 0.0156668 0.0216239 0.0105014 0.00890926 0.00863004 0.00838167 0.00964173 0.00945863 0.00920778 0.00856485 0.00812531 0.00838736 0.00844307 0.0088412 0.00950326 0.0100903 0.0101096 0.00862192 0.00824327 0.00894682 0.0101067 0.00923328 0.00831174 0.00853295 0.00821236 0.00859241 0.00969583 0.00956869 0.0084631 0.00826186 0.0080575 0.00848173 0.00828349 0.00811038 0.00805001 0.0081809 0.00814743 0.00823856 0.00815814 0.00818721 0.00832502 
0.00905607 0.0124279 0.0120053 0.00936884 0.0280386 0.0137599 0.00718576 0.00638618 0.00341999 0.00325449 0.00323111 0.00318804 0 0.003322 0.00793045 0.886831 0.00972753 0.00648069 0.00719279 0.0151368 0.0102591 0.0157124 0.0094718 0.0150877 0.0110351 0.00977232 0.0101103 0.00896686 0.0096386 0.0104896 0.00873005 0.00945404 0.00860607 0.00837214 0.00912199 0.00843296 0.00872719 0.00849769 0.00906432 0.00901673 0.00866418 0.00847818 0.0102226 0.00930389 0.00857041 0.00889818 0.00834171 0.00888286 0.00969818 0.00874849 0.00879487 0.00893698 0.00848559 0.00821878 0.0081676 0.00822735 0.00810364 0.00807354 0.00837562 0.0081304 0.00817447 0.00840591 0.00895739 0.00838178 
0.0126213 0.0141241 0.0132967 0.019798 0.0516717 0.00827192 0.00765261 0.00676951 0.00429749 0.00424551 0.00329595 0.00320364 0.003322 0 0.974341 0.010337 0.00500422 0.00595573 0.00621215 0.0183455 0.0155389 0.0109026 0.0117009 0.00931061 0.00908316 0.00984871 0.00911442 0.0121968 0.00896176 0.0168557 0.00917021 0.00829013 0.00855717 0.00889196 0.0106701 0.00836698 0.00834996 0.00874352 0.00872277 0.00876287 0.00841346 0.00956366 0.0126485 0.00844611 0.00840686 0.00822615 0.00836781 0.00924505 0.00903991 0.00867172 0.00827836 0.00819972 0.00829316 0.00872649 0.00916266 0.00808507 0.00802185 0.00811125 0.00886941 0.00807514 0.00813871 0.00888404 0.00835106 0.00828708 
0.0102547 0.0241673 0.0231714 0.0128234 0.0143145 0.0104301 0.00835918 0.0266293 0.00767328 0.00899974 0.00543986 0.00650218 0.00793045 0.974341 0 0.00324848 0.0032523 0.003358 0.00391866 0.0226252 0.022132 0.0178573 0.0100765 0.0120059 0.0105726 0.00998671 0.0325138 0.00898488 0.0210649 0.0126525 0.00838934 0.0120223 0.00905309 0.0155054 0.00930669 0.00809947 0.00856379 0.00827431 0.00903561 0.00855153 0.0112112 0.0119703 0.00891174 0.00870295 0.00835134 0.00823241 0.00977546 0.00818916 0.00878098 0.00836899 0.00850712 0.00854716 0.0106912 0.00913041 0.00821155 0.00818757 0.00810021 0.00844814 0.00892152 0.00802262 0.00874853 0.00851579 0.00805588 0.00959986 
0.00842159 0.00977439 0.00901124 0.0102857 0.0129932 0.0101507 0.0323827 0.00835968 0.00715132 0.00648083 0.00783491 0.00837234 0.886831 0.010337 0.00324848 0 0.00317841 0.00323295 0.00334845 0.0066635 0.0139951 0.0112675 0.023461 0.0118091 0.0111357 0.0260324 0.00862144 0.0106026 0.00852559 0.00903503 0.0123372 0.00858474 0.0137801 0.0082833 0.00828997 0.00874974 0.00862403 0.00945791 0.00875926 0.0119984 0.00862922 0.00899788 0.00926896 0.00848781 0.00847271 0.00850246 0.00868279 0.00831513 0.00828327 0.00874161 0.00860218 0.00943328 0.00841083 0.00813036 0.00881948 0.00820175 0.00811579 0.00816304 0.00804505 0.00824352 0.00808826 0.00806821 0.00825691 0.00817946 
0.00812135 0.00990066 0.0090461 0.00858235 0.0104133 0.0376611 0.00823849 0.00851839 0.00631189 0.00716958 0.0151756 0.86138 0.00972753 0.00500422 0.0032523 0.00317841 0 0.00317942 0.00319402 0.00635787 0.0136163 0.0467519 0.0160228 0.0308958 0.0338217 0.009254 0.0102674 0.00861877 0.00876426 0.0125308 0.00857687 0.0213585 0.00843606 0.00830467 0.00927985 0.00831217 0.010607 0.00906532 0.0126078 0.00902766 0.00915217 0.00833494 0.00869789 0.00943775 0.0093961 0.00842226 0.00821519 0.00842653 0.00904362 0.00915875 0.0107251 0.00843644 0.00827346 0.00808938 0.0082299 0.00832237 0.00813358 0.00809374 0.00837597 0.00804277 0.00824078 0.00843404 0.00811797 0.00819709 
0.00894681 0.0096707 0.0092949 0.00983797 0.0188835 0.0176696 0.0196202 0.00901821 0.0082228 0.0150117 0.84093 0.00862858 0.00648069 0.00595573 0.003358 0.00323295 0.00317942 0 0.00327383 0.0089067 0.014717 0.0224032 0.0303737 0.0254377 0.0198725 0.0428314 0.00987045 0.0107951 0.00943451 0.0100907 0.0243245 0.00919509 0.0107176 0.00996285 0.00845001 0.00877264 0.00892809 0.00972342 0.00939475 0.0129122 0.00922469 0.00911497 0.0109011 0.00979905 0.00931277 0.00912511 0.0086665 0.00860389 0.0089165 0.00999935 0.00941642 0.0092586 0.00853857 0.00809565 0.00883292 0.00826598 0.00818504 0.0081294 0.00818138 0.00828706 0.00871743 0.0082156 0.00825123 0.00818947 
0.00999327 0.0166024 0.0147491 0.0124932 0.0235287 0.0125394 0.0119504 0.0226133 0.0242082 0.900637 0.014548 0.00705562 0.00719279 0.00621215 0.00391866 0.00334845 0.00319402 0.00327383 0 0.119887 0.0193373 0.015541 0.017531 0.0242195 0.0244815 0.0229973 0.0457992 0.0147009 0.0139147 0.0262661 0.00882958 0.0095596 0.00906971 0.00884126 0.0119339 0.00847787 0.00896311 0.009065 0.0100383 0.0107673 0.0118393 0.0115639 0.0143838 0.00944389 0.00905972 0.00936479 0.0088036 0.00960153 0.0103153 0.0105437 0.0099336 0.00883872 0.009165 0.00896295 0.00881935 0.00820757 0.00818567 0.00810248 0.00961619 0.0081167 0.00834454 0.00904495 0.00812113 0.00838899 
0.0192331 0.0532226 0.100168 0.0326056 0.0247858 0.0106919 0.0099205 0.0227325 0.151173 0.0210231 0.0104059 0.008514 0.0151368 0.0183455 0.0226252 0.0066635 0.00635787 0.0089067 0.119887 0 0.0300504 0.0203108 0.0104192 0.014275 0.0124774 0.0116574 0.0468395 0.0164284 0.0448742 0.0338607 0.00885959 0.0124982 0.00962505 0.0192295 0.013746 0.00905234 0.00848012 0.0083321 0.00928624 0.00893458 0.0119605 0.0444407 0.0136902 0.00879748 0.00843224 0.00845576 0.0102747 0.00952295 0.0101612 0.00832013 0.00839998 0.00861192 0.0117733 0.014585 0.00908567 0.00813606 0.00844452 0.00842986 0.0112262 0.00802401 0.00942673 0.0110407 0.00821737 0.0134066 
0.00942638 0.013402 0.0110453 0.0117323 0.0265667 0.0112983 0.012858 0.0122124 0.0133492 0.0152945 0.0114413 0.0102637 0.0102591 0.0155389 0.022132 0.0139951 0.0136163 0.014717 0.0193373 0.0300504 0 0.00400191 0.00324488 0.00319818 0.00327596 0.00370803 0.0045129 0.0183368 0.0112424 0.0158322 0.0118316 0.00956412 0.0151274 0.0142499 0.010407 0.00975002 0.00906988 0.0106703 0.00913027 0.0125879 0.0170381 0.0174481 0.0182598 0.010063 0.0091121 0.00926072 0.0136504 0.0121051 0.00936541 0.00995765 0.00930572 0.0107054 0.0118481 0.00943784 0.0115224 0.00827684 0.00900057 0.00887312 0.00873884 0.0087243 0.0101862 0.00861955 0.00841106 0.0091497 
0.00837461 0.0104465 0.00944563 0.00871732 0.0173855 0.0288642 0.0130605 0.0121555 0.0095823 0.017492 0.0126292 0.0126236 0.0157124 0.0109026 0.0178573 0.0112675 0.0467519 0.0224032 0.015541 0.0203108 0.00400191 0 0.00325056 0.00325133 0.00327182 0.00332724 0.00374869 0.00734834 0.0134708 0.0159115 0.0137549 0.0307855 0.0119438 0.0101848 0.0140397 0.0100099 0.0154437 0.0103821 0.0246982 0.0244884 0.0128181 0.0120929 0.0127432 0.0232295 0.0113188 0.0175162 0.0096574 0.0135184 0.0294019 0.0125607 0.019385 0.0117997 0.0104078 0.00922307 0.00851033 0.00931499 0.0084852 0.00835262 0.00958974 0.00907767 0.00917093 0.00870313 0.00839809 0.0085199 
0.00831211 0.00875839 0.00854905 0.00896585 0.0179108 0.0280506 0.0192273 0.00948578 0.00938498 0.0118787 0.0148477 0.0202031 0.0094718 0.0117009 0.0100765 0.023461 0.0160228 0.0303737 0.017531 0.0104192 0.00324488 0.00325056 0 0.00323702 0.00322163 0.00327826 0.00324859 0.0080317 0.00731525 0.0132041 0.0581712 0.014252 0.0137191 0.00902015 0.00941965 0.0156644 0.0127086 0.0367041 0.0264943 0.0252676 0.0141797 0.0113663 0.0269934 0.0220055 0.0322851 0.0106496 0.0103354 0.0109498 0.0148045 0.0519941 0.0349472 0.0172947 0.00960106 0.00840845 0.0107613 0.00914115 0.00859402 0.00838259 0.00909113 0.00895042 0.00920563 0.00860125 0.00855071 0.00852337 
0.00819341 0.0100842 0.00884929 0.00844503 0.0188897 0.0316666 0.0166877 0.0112272 0.00904009 0.0132679 0.0172312 0.0156668 0.0150877 0.00931061 0.0120059 0.0118091 0.0308958 0.0254377 0.0242195 0.014275 0.00319818 0.00325133 0.00323702 0 0.00327738 0.00324007 0.00323733 0.00609727 0.00975241 0.0290926 0.0154293 0.0231715 0.0135839 0.00936116 0.00976955 0.00927741 0.0171586 0.0253055 0.0392644 0.0162403 0.016676 0.0118986 0.0158036 0.0351841 0.0317992 0.0163026 0.00956427 0.00973868 0.022357 0.0497227 0.0463034 0.0144277 0.0100152 0.00851742 0.00940625 0.00951787 0.00859675 0.00826962 0.00922072 0.00872022 0.008991 0.00913086 0.00837616 0.00885182 
0.00832874 0.00933061 0.00881174 0.00836165 0.0145323 0.0350899 0.01421 0.0113589 0.00880318 0.0137723 0.0143177 0.0216239 0.0110351 0.00908316 0.0105726 0.0111357 0.0338217 0.0198725 0.0244815 0.0124774 0.00327596 0.00327182 0.00322163 0.00327738 0 0.00320427 0.00320638 0.00637621 0.0126254 0.0158506 0.0133544 0.0322825 0.0103483 0.00838376 0.00968727 0.00962909 0.0210545 0.0146116 0.0336884 0.0151669 0.0172048 0.0107305 0.0156212 0.0313786 0.0376444 0.0126687 0.00948937 0.0095123 0.0323604 0.0336677 0.0420588 0.0133079 0.00995526 0.00841307 0.00922146 0.00937608 0.00891308 0.00834393 0.00875852 0.00869507 0.0089249 0.00888277 0.00844717 0.00889293 
0.00846458 0.00859754 0.0083983 0.0089213 0.0129193 0.017229 0.026829 0.00931165 0.0103116 0.0106052 0.0144488 0.0105014 0.00977232 0.00984871 0.00998671 0.0260324 0.009254 0.0428314 0.0229973 0.0116574 0.00370803 0.00332724 0.00327826 0.00324007 0.00320427 0 0.00322433 0.0174635 0.0102033 0.0112463 0.0519267 0.00972427 0.0167688 0.00883207 0.00929799 0.0138875 0.00953316 0.0196634 0.0111842 0.0603372 0.0105925 0.014037 0.0177904 0.0153551 0.0160628 0.0184016 0.00993249 0.0100229 0.0107218 0.0291834 0.0165461 0.0228283 0.00929338 0.00857743 0.00998406 0.00866749 0.00875114 0.00817142 0.00844156 0.00958239 0.0085974 0.00834917 0.00892698 0.00826951 
0.00885767 0.0152809 0.0126463 0.00923643 0.018087 0.0114761 0.00992337 0.0255403 0.012522 0.0242547 0.00902407 0.00890926 0.0101103 0.00911442 0.0325138 0.00862144 0.0102674 0.00987045 0.0457992 0.0468395 0.0045129 0.00374869 0.00324859 0.00323733 0.00320638 0.00322433 0 0.00783577 0.0292258 0.0576429 0.00894041 0.0303998 0.00871684 0.0101916 0.023717 0.00894879 0.0102428 0.00916941 0.0129343 0.0108858 0.0298144 0.0193558 0.0152361 0.0111626 0.010074 0.0104107 0.0102596 0.0102764 0.0118146 0.0102008 0.0129965 0.0101677 0.0138856 0.0117013 0.00938789 0.00869735 0.00849612 0.00831646 0.0113297 0.00829435 0.00927093 0.0112368 0.00823896 0.0103207 
0.00888489 0.00956293 0.00978509 0.0117041 0.0103627 0.00924098 0.00995808 0.00940097 0.015013 0.00965172 0.00923294 0.00863004 0.00896686 0.0121968 0.00898488 0.0106026 0.00861877 0.0107951 0.0147009 0.0164284 0.0183368 0.00734834 0.0080317 0.00609727 0.00637621 0.0174635 0.00783577 0 0.00328292 0.00541599 0.0477754 0.0064968 0.0079745 0.0067999 0.00725727 0.00844659 0.0079261 0.00917446 0.00946677 0.0135639 0.0168952 0.03321 0.0167833 0.00922023 0.00950976 0.00922496 0.01203 0.0104378 0.00871699 0.00964893 0.00891327 0.0104778 0.0102489 0.0108797 0.00968629 0.00833255 0.00822725 0.00876969 0.00819565 0.00868238 0.00940835 0.00809322 0.00930275 0.00869286 
0.00859086 0.014015 0.0146398 0.00908368 0.0137228 0.0094261 0.00886133 0.0115529 0.0116531 0.0162944 0.00850732 0.00838167 0.0096386 0.00896176 0.0210649 0.00852559 0.00876426 0.00943451 0.0139147 0.0448742 0.0112424 0.0134708 0.00731525 0.00975241 0.0126254 0.0102033 0.0292258 0.00328292 0 0.0838472 0.00678377 0.00968919 0.00624915 0.00578877 0.0147137 0.00818503 0.00863317 0.00817136 0.0106963 0.027534 0.0145415 0.0251143 0.0130318 0.0107591 0.00928348 0.0103268 0.00947918 0.00949097 0.0117453 0.00914715 0.0100338 0.00910579 0.0126924 0.0130911 0.00862007 0.00863561 0.00845675 0.0081224 0.0128512 0.00817066 0.00880446 0.0154939 0.0083469 0.00966539 
0.00929425 0.0168145 0.0155085 0.00966184 0.0113156 0.0112511 0.0101969 0.0178323 0.0127053 0.0117142 0.00924721 0.00964173 0.0104896 0.0168557 0.0126525 0.00903503 0.0125308 0.0100907 0.0262661 0.0338607 0.0158322 0.0159115 0.0132041 0.0290926 0.0158506 0.0112463 0.0576429 0.00541599 0.0838472 0 0.00326097 0.0032573 0.00338751 0.00579252 0.00439787 0.00490718 0.00632276 0.00922433 0.826463 0.0199083 0.0222703 0.0163064 0.022547 0.0129543 0.0117392 0.0123574 0.0197392 0.0106134 0.0149877 0.0109582 0.0144416 0.0116666 0.0291624 0.0130137 0.00912606 0.00992217 0.00888416 0.0108808 0.0105111 0.00859562 0.0122518 0.00970524 0.00856726 0.0152571 
0.00816229 0.0081824 0.0082414 0.00889563 0.00961136 0.0103177 0.0125083 0.00843125 0.00874622 0.00871967 0.00958497 0.00945863 0.00873005 0.00917021 0.00838934 0.0123372 0.00857687 0.0243245 0.00882958 0.00885959 0.0118316 0.0137549 0.0581712 0.0154293 0.0133544 0.0519267 0.00894041 0.0477754 0.00678377 0.00326097 0 0.00318622 0.00339897 0.0032182 0.00343633 0.00592514 0.00687191 0.872167 0.00825128 0.0216238 0.0071141 0.00830029 0.0194607 0.0162787 0.0144816 0.0146054 0.01012 0.0107763 0.00962311 0.0230595 0.0116676 0.017766 0.00903921 0.00834487 0.0122088 0.00829063 0.0093856 0.00837151 0.00832753 0.00988025 0.00843058 0.00836589 0.00911618 0.00828741 
0.00804596 0.00932095 0.00856684 0.00806376 0.00928495 0.0109709 0.0087685 0.00921545 0.00812958 0.00938627 0.00887693 0.00920778 0.00945404 0.00829013 0.0120223 0.00858474 0.0213585 0.00919509 0.0095596 0.0124982 0.00956412 0.0307855 0.014252 0.0231715 0.0322825 0.00972427 0.0303998 0.0064968 0.00968919 0.0032573 0.00318622 0 0.00318538 0.00319741 0.00504587 0.00505521 0.85582 0.0109296 0.0170757 0.00729123 0.00793889 0.00653613 0.00949471 0.0172964 0.0163484 0.0115055 0.00963375 0.00858468 0.0170731 0.0104798 0.0254989 0.00943909 0.00969686 0.00871554 0.00828994 0.00950977 0.00877479 0.00834957 0.00993623 0.00826097 0.00889527 0.00949128 0.0082135 0.00927701 
0.00816905 0.00815226 0.00819191 0.00883518 0.0096799 0.00912213 0.00947827 0.00831872 0.00880811 0.00959945 0.00933146 0.00856485 0.00860607 0.00855717 0.00905309 0.0137801 0.00843606 0.0107176 0.00906971 0.00962505 0.0151274 0.0119438 0.0137191 0.0135839 0.0103483 0.0167688 0.00871684 0.0079745 0.00624915 0.00338751 0.00339897 0.00318538 0 0.00319659 0.00386295 0.860265 0.0035857 0.00678403 0.00583671 0.00777592 0.00585183 0.00580751 0.018805 0.0112506 0.0130648 0.00976737 0.00958565 0.0109913 0.00980802 0.0135153 0.0101305 0.0104185 0.00903271 0.00849686 0.0110004 0.00870093 0.00855574 0.00825812 0.00851998 0.0116171 0.00843063 0.00861469 0.00977978 0.00827968 
0.00873533 0.00870774 0.00960745 0.00879464 0.0100266 0.00857179 0.00830839 0.00968128 0.014315 0.0136073 0.00826374 0.00812531 0.00837214 0.00889196 0.0155054 0.0082833 0.00830467 0.00996285 0.00884126 0.0192295 0.0142499 0.0101848 0.00902015 0.00936116 0.00838376 0.00883207 0.0101916 0.0067999 0.00578877 0.00579252 0.0032182 0.00319741 0.00319659 0 0.879011 0.00319538 0.0032997 0.00366637 0.0039148 0.0041231 0.0048019 0.00561577 0.01386 0.00961593 0.00921651 0.00897283 0.0094004 0.0104208 0.00993879 0.00907179 0.00923993 0.00886626 0.00967826 0.0101824 0.00937462 0.00857164 0.00840291 0.00828493 0.0108564 0.00825908 0.00837186 0.0106146 0.00815888 0.00866374 
0.00893596 0.0138411 0.0105432 0.00885961 0.00853879 0.00835765 0.00832825 0.0100529 0.00880404 0.00854045 0.00820772 0.00838736 0.00912199 0.0106701 0.00930669 0.00828997 0.00927985 0.00845001 0.0119339 0.013746 0.010407 0.0140397 0.00941965 0.00976955 0.00968727 0.00929799 0.023717 0.00725727 0.0147137 0.00439787 0.00343633 0.00504587 0.00386295 0.879011 0 0.00335252 0.00321444 0.00325632 0.00329934 0.0038626 0.00547007 0.00492583 0.0250727 0.0101779 0.00912641 0.00923663 0.012556 0.00910803 0.0119959 0.00891933 0.00914373 0.00930562 0.0152881 0.00949402 0.00833012 0.00824292 0.00876583 0.00916506 0.00848412 0.00825347 0.0101191 0.00865303 0.00809925 0.0122793 
0.00803646 0.00809913 0.00812346 0.00817988 0.00832716 0.00852084 0.00863888 0.00832888 0.00806426 0.00825327 0.00838906 0.00844307 0.00843296 0.00836698 0.00809947 0.00874974 0.00831217 0.00877264 0.00847787 0.00905234 0.00975002 0.0100099 0.0156644 0.00927741 0.00962909 0.0138875 0.00894879 0.00844659 0.00818503 0.00490718 0.00592514 0.00505521 0.860265 0.00319538 0.00335252 0 0.00320655 0.0032316 0.0032666 0.00352659 0.00341949 0.00376181 0.0143291 0.0235642 0.00933286 0.0108933 0.00940333 0.00962468 0.00916492 0.011988 0.00901258 0.0100612 0.00912856 0.0082918 0.00842364 0.00827375 0.00852638 0.00831731 0.00805792 0.00872876 0.00838039 0.00812012 0.00834443 0.00826555 
0.0080649 0.00868101 0.00805457 0.00801837 0.00857398 0.0100152 0.00885906 0.0085299 0.00809586 0.00847254 0.00851629 0.0088412 0.00872719 0.00834996 0.00856379 0.00862403 0.010607 0.00892809 0.00896311 0.00848012 0.00906988 0.0154437 0.0127086 0.0171586 0.0210545 0.00953316 0.0102428 0.0079261 0.00863317 0.00632276 0.00687191 0.85582 0.0035857 0.0032997 0.00321444 0.00320655 0 0.00319345 0.00321844 0.00321594 0.00330814 0.00330628 0.0165041 0.0143422 0.0398008 0.0108075 0.00969687 0.00858803 0.0121716 0.0110716 0.0175006 0.00965428 0.00936521 0.00822018 0.00836654 0.00861152 0.00860353 0.00826363 0.00838122 0.00855382 0.00852085 0.00832342 0.00826527 0.00856976 
0.008022 0.00800948 0.00800494 0.00808551 0.00872094 0.00940373 0.00951542 0.00835488 0.0081084 0.00855791 0.00910557 0.00950326 0.00849769 0.00874352 0.00827431 0.00945791 0.00906532 0.00972342 0.009065 0.0083321 0.0106703 0.0103821 0.0367041 0.0253055 0.0146116 0.0196634 0.00916941 0.00917446 0.00817136 0.00922433 0.872167 0.0109296 0.00678403 0.00366637 0.00325632 0.0032316 0.00319345 0 0.00319456 0.00321296 0.00328434 0.00331091 0.0265384 0.0183703 0.0179178 0.0144329 0.00976881 0.00951698 0.00953085 0.0248559 0.0126597 0.0111581 0.00896249 0.00816633 0.00883567 0.00851809 0.00871922 0.00859682 0.00833305 0.00843766 0.00849012 0.00825166 0.0083241 0.00828155 
0.00810258 0.00843147 0.00823392 0.00823198 0.00929733 0.0106282 0.00983294 0.00859425 0.00827257 0.00901481 0.00897713 0.0100903 0.00906432 0.00872277 0.00903561 0.00875926 0.0126078 0.00939475 0.0100383 0.00928624 0.00913027 0.0246982 0.0264943 0.0392644 0.0336884 0.0111842 0.0129343 0.00946677 0.0106963 0.826463 0.00825128 0.0170757 0.00583671 0.0039148 0.00329934 0.0032666 0.00321844 0.00319456 0 0.00331032 0.0032633 0.0041814 0.0158592 0.0308616 0.0353388 0.0170137 0.0109248 0.00917927 0.0188577 0.0140794 0.0271087 0.010711 0.0102898 0.00852962 0.00882399 0.00916852 0.00908433 0.00859226 0.00905472 0.00878096 0.00902455 0.00888698 0.00851266 0.00899344 
0.00824574 0.00822253 0.00814561 0.00836311 0.00997333 0.0108657 0.0119925 0.00853556 0.00859754 0.00908296 0.0102104 0.0101096 0.00901673 0.00876287 0.00855153 0.0119984 0.00902766 0.0129122 0.0107673 0.00893458 0.0125879 0.0244884 0.0252676 0.0162403 0.0151669 0.0603372 0.0108858 0.0135639 0.027534 0.0199083 0.0216238 0.00729123 0.00777592 0.0041231 0.0038626 0.00352659 0.00321594 0.00321296 0.00331032 0 0.00325511 0.00342447 0.0359213 0.022757 0.0333274 0.0205394 0.0184193 0.0101835 0.0117799 0.0258645 0.015079 0.0238829 0.0100623 0.00883231 0.0135324 0.00947648 0.00930592 0.00865052 0.00882526 0.0123879 0.00926207 0.00882078 0.0114904 0.00903792 
0.00816154 0.00925854 0.00870168 0.00848155 0.0108329 0.010047 0.0089588 0.00953905 0.0088689 0.0118976 0.00864676 0.00862192 0.00866418 0.00841346 0.0112112 0.00862922 0.00915217 0.00922469 0.0118393 0.0119605 0.0170381 0.0128181 0.0141797 0.016676 0.0172048 0.0105925 0.0298144 0.0168952 0.0145415 0.0222703 0.0071141 0.00793889 0.00585183 0.0048019 0.00547007 0.00341949 0.00330814 0.00328434 0.0032633 0.00325511 0 0.00799723 0.0212388 0.0237305 0.0207304 0.0198431 0.0170382 0.0110463 0.0129479 0.0124219 0.0173465 0.0114112 0.0130363 0.00984949 0.00988893 0.00960977 0.00870411 0.00847121 0.0119868 0.00855769 0.010473 0.0106725 0.00833522 0.00918511 
0.00943569 0.0106366 0.0103862 0.0113084 0.0119608 0.00875711 0.00858306 0.0100445 0.0162505 0.0134497 0.00857435 0.00824327 0.00847818 0.00956366 0.0119703 0.00899788 0.00833494 0.00911497 0.0115639 0.0444407 0.0174481 0.0120929 0.0113663 0.0118986 0.0107305 0.014037 0.0193558 0.03321 0.0251143 0.0163064 0.00830029 0.00653613 0.00580751 0.00561577 0.00492583 0.00376181 0.00330628 0.00331091 0.0041814 0.00342447 0.00799723 0 0.0429645 0.0139078 0.0153464 0.0289304 0.0391381 0.0130217 0.0129091 0.0127085 0.0114876 0.0126738 0.0302353 0.0325725 0.0130091 0.00892709 0.00866766 0.00874373 0.0130212 0.00919825 0.0110025 0.0125894 0.00867434 0.0104306 
0.0090381 0.0119982 0.0102743 0.0105793 0.0116113 0.00929816 0.00998854 0.00958805 0.0108233 0.00950952 0.00856739 0.00894682 0.0102226 0.0126485 0.00891174 0.00926896 0.00869789 0.0109011 0.0143838 0.0136902 0.0182598 0.0127432 0.0269934 0.0158036 0.0156212 0.0177904 0.0152361 0.0167833 0.0130318 0.022547 0.0194607 0.00949471 0.018805 0.01386 0.0250727 0.0143291 0.0165041 0.0265384 0.0158592 0.0359213 0.0212388 0.0429645 0 0.0035104 0.00334042 0.00332314 0.00419615 0.00552437 0.0064262 0.00830007 0.0110925 0.781042 0.0967489 0.020146 0.0695988 0.0101902 0.0122343 0.0184992 0.0139341 0.014046 0.0211054 0.0136308 0.013363 0.0154034 
0.00810101 0.00846284 0.00837837 0.00816195 0.00920301 0.00979646 0.00922935 0.00894544 0.00811757 0.00886591 0.00869579 0.0101067 0.00930389 0.00844611 0.00870295 0.00848781 0.00943775 0.00979905 0.00944389 0.00879748 0.010063 0.0232295 0.0220055 0.0351841 0.0313786 0.0153551 0.0111626 0.00922023 0.0107591 0.0129543 0.0162787 0.0172964 0.0112506 0.00961593 0.0101779 0.0235642 0.0143422 0.0183703 0.0308616 0.022757 0.0237305 0.0139078 0.0035104 0 0.00323136 0.00321468 0.00326534 0.00446013 0.00856292 0.00829535 0.876571 0.0402028 0.0106864 0.0126984 0.0115344 0.0324661 0.0115793 0.00953539 0.0267242 0.0117847 0.0112158 0.0116704 0.0112273 0.0101437 
0.00811427 0.00827711 0.00812224 0.00830351 0.00913614 0.00920812 0.00918818 0.00860532 0.00812243 0.00867553 0.00842676 0.00923328 0.00857041 0.00840686 0.00835134 0.00847271 0.0093961 0.00931277 0.00905972 0.00843224 0.0091121 0.0113188 0.0322851 0.0317992 0.0376444 0.0160628 0.010074 0.00950976 0.00928348 0.0117392 0.0144816 0.0163484 0.0130648 0.00921651 0.00912641 0.00933286 0.0398008 0.0179178 0.0353388 0.0333274 0.0207304 0.0153464 0.00334042 0.00323136 0 0.00320571 0.00321209 0.00371852 0.00476717 0.96399 0.0291381 0.0109849 0.00818229 0.00986591 0.0132366 0.0101186 0.0137921 0.00895117 0.0102084 0.0129743 0.0103299 0.00989593 0.00936934 0.00987093 
0.0080547 0.00812941 0.00800922 0.00814338 0.00862397 0.00882451 0.00879767 0.00899912 0.00814549 0.00833219 0.0083702 0.00831174 0.00889818 0.00822615 0.00823241 0.00850246 0.00842226 0.00912511 0.00936479 0.00845576 0.00926072 0.0175162 0.0106496 0.0163026 0.0126687 0.0184016 0.0104107 0.00922496 0.0103268 0.0123574 0.0146054 0.0115055 0.00976737 0.00897283 0.00923663 0.0108933 0.0108075 0.0144329 0.0170137 0.0205394 0.0198431 0.0289304 0.00332314 0.00321468 0.00320571 0 0.00341672 0.00701901 0.969169 0.0131169 0.00965904 0.00509815 0.00814856 0.010154 0.0104652 0.0130735 0.0100669 0.00899809 0.0116627 0.0131251 0.010479 0.00996387 0.0142799 0.0100151 
0.00835769 0.00858846 0.00849169 0.00908983 0.00934098 0.0086327 0.00828199 0.0083419 0.00930999 0.00943888 0.00852586 0.00853295 0.00834171 0.00836781 0.00977546 0.00868279 0.00821519 0.0086665 0.0088036 0.0102747 0.0136504 0.0096574 0.0103354 0.00956427 0.00948937 0.00993249 0.0102596 0.01203 0.00947918 0.0197392 0.01012 0.00963375 0.00958565 0.0094004 0.012556 0.00940333 0.00969687 0.00976881 0.0109248 0.0184193 0.0170382 0.0391381 0.00419615 0.00326534 0.00321209 0.00341672 0 0.968706 0.00789554 0.00466551 0.00412644 0.00527132 0.00578113 0.0138244 0.0225026 0.00969832 0.00931998 0.00916908 0.0159534 0.00984789 0.0122126 0.0166964 0.00969628 0.0105337 
0.00838958 0.00983705 0.00854735 0.00872333 0.00859633 0.00824623 0.00852347 0.00836531 0.00908533 0.00832353 0.00826681 0.00821236 0.00888286 0.00924505 0.00818916 0.00831513 0.00842653 0.00860389 0.00960153 0.00952295 0.0121051 0.0135184 0.0109498 0.00973868 0.0095123 0.0100229 0.0102764 0.0104378 0.00949097 0.0106134 0.0107763 0.00858468 0.0109913 0.0104208 0.00910803 0.00962468 0.00858803 0.00951698 0.00917927 0.0101835 0.0110463 0.0130217 0.00552437 0.00446013 0.00371852 0.00701901 0.968706 0 0.00332842 0.00321758 0.00322501 0.00329314 0.00404484 0.023097 0.0319065 0.00926408 0.00942997 0.011204 0.0108429 0.00970111 0.011113 0.00986347 0.0100517 0.0110739 
0.00813584 0.0097609 0.0088775 0.00814349 0.00898496 0.00907681 0.00868469 0.00854486 0.00823916 0.00869687 0.00852585 0.00859241 0.00969818 0.00903991 0.00878098 0.00828327 0.00904362 0.0089165 0.0103153 0.0101612 0.00936541 0.0294019 0.0148045 0.022357 0.0323604 0.0107218 0.0118146 0.00871699 0.0117453 0.0149877 0.00962311 0.0170731 0.00980802 0.00993879 0.0119959 0.00916492 0.0121716 0.00953085 0.0188577 0.0117799 0.0129479 0.0129091 0.0064262 0.00856292 0.00476717 0.969169 0.00789554 0.00332842 0 0.00321267 0.00321612 0.00348563 0.00366044 0.025924 0.0153809 0.0264215 0.0130125 0.0097829 0.0163244 0.0112666 0.0111701 0.0136368 0.00992983 0.0135027 
0.00814622 0.00839228 0.00817383 0.00825758 0.0096477 0.010241 0.00985203 0.00861955 0.0081844 0.00869654 0.0087227 0.00969583 0.00874849 0.00867172 0.00836899 0.00874161 0.00915875 0.00999935 0.0105437 0.00832013 0.00995765 0.0125607 0.0519941 0.0497227 0.0336677 0.0291834 0.0102008 0.00964893 0.00914715 0.0109582 0.0230595 0.0104798 0.0135153 0.00907179 0.00891933 0.011988 0.0110716 0.0248559 0.0140794 0.0258645 0.0124219 0.0127085 0.00830007 0.00829535 0.96399 0.0131169 0.00466551 0.00321758 0.00321267 0 0.00321054 0.00321661 0.00339394 0.0160781 0.0343241 0.0124449 0.0164964 0.0108819 0.0102512 0.0136145 0.0110065 0.0101141 0.011018 0.00965699 
0.00820881 0.00846454 0.00811827 0.00817494 0.00980501 0.0104333 0.00893751 0.00866407 0.00811615 0.00865004 0.00885258 0.00956869 0.00879487 0.00827836 0.00850712 0.00860218 0.0107251 0.00941642 0.0099336 0.00839998 0.00930572 0.019385 0.0349472 0.0463034 0.0420588 0.0165461 0.0129965 0.00891327 0.0100338 0.0144416 0.0116676 0.0254989 0.0101305 0.00923993 0.00914373 0.00901258 0.0175006 0.0126597 0.0271087 0.015079 0.0173465 0.0114876 0.0110925 0.876571 0.0291381 0.00965904 0.00412644 0.00322501 0.00321612 0.00321054 0 0.00319997 0.00336851 0.0167041 0.0161502 0.030907 0.0186408 0.00979588 0.0124566 0.0117156 0.0135272 0.0119546 0.00949971 0.0119127 
0.00815044 0.00830125 0.00821763 0.00840237 0.00929071 0.00964846 0.00861091 0.00859903 0.00823764 0.00864274 0.00861285 0.0084631 0.00893698 0.00819972 0.00854716 0.00943328 0.00843644 0.0092586 0.00883872 0.00861192 0.0107054 0.0117997 0.0172947 0.0144277 0.0133079 0.0228283 0.0101677 0.0104778 0.00910579 0.0116666 0.017766 0.00943909 0.0104185 0.00886626 0.00930562 0.0100612 0.00965428 0.0111581 0.010711 0.0238829 0.0114112 0.0126738 0.781042 0.0402028 0.0109849 0.00509815 0.00527132 0.00329314 0.00348563 0.00321661 0.00319997 0 0.00329692 0.0156093 0.0146098 0.0301598 0.016325 0.00987164 0.010571 0.0349199 0.0117511 0.0101726 0.01885 0.00984732 
0.00845168 0.00958646 0.00911225 0.0094637 0.0102092 0.00854732 0.00837773 0.00869717 0.00985423 0.0115445 0.00836141 0.00826186 0.00848559 0.00829316 0.0106912 0.00841083 0.00827346 0.00853857 0.009165 0.0117733 0.0118481 0.0104078 0.00960106 0.0100152 0.00995526 0.00929338 0.0138856 0.0102489 0.0126924 0.0291624 0.00903921 0.00969686 0.00903271 0.00967826 0.0152881 0.00912856 0.00936521 0.00896249 0.0102898 0.0100623 0.0130363 0.0302353 0.0967489 0.0106864 0.00818229 0.00814856 0.00578113 0.00404484 0.00366044 0.00339394 0.00336851 0.00329692 0 0.0420622 0.0229492 0.0130498 0.0141082 0.0119723 0.0280525 0.00988574 0.0206714 0.0270552 0.00947641 0.0155499 
0.00905087 0.0111989 0.0104199 0.00974247 0.0091078 0.00814843 0.00805942 0.00876843 0.0104424 0.00913431 0.00808469 0.0080575 0.00821878 0.00872649 0.00913041 0.00813036 0.00808938 0.00809565 0.00896295 0.014585 0.00943784 0.00922307 0.00840845 0.00851742 0.00841307 0.00857743 0.0117013 0.0108797 0.0130911 0.0130137 0.00834487 0.00871554 0.00849686 0.0101824 0.00949402 0.0082918 0.00822018 0.00816633 0.00852962 0.00883231 0.00984949 0.0325725 0.020146 0.0126984 0.00986591 0.010154 0.0138244 0.023097 0.025924 0.0160781 0.0167041 0.0156093 0.0420622 0 0.0297495 0.00576025 0.00524545 0.00613917 0.00795 0.00773379 0.0119642 0.0144579 0.0104191 0.02186 
0.00864018 0.00876048 0.00860852 0.00931204 0.00864986 0.00828812 0.00830151 0.00818917 0.00875389 0.00837331 0.00820241 0.00848173 0.0081676 0.00916266 0.00821155 0.00881948 0.0082299 0.00883292 0.00881935 0.00908567 0.0115224 0.00851033 0.0107613 0.00940625 0.00922146 0.00998406 0.00938789 0.00968629 0.00862007 0.00912606 0.0122088 0.00828994 0.0110004 0.00937462 0.00833012 0.00842364 0.00836654 0.00883567 0.00882399 0.0135324 0.00988893 0.0130091 0.0695988 0.0115344 0.0132366 0.0104652 0.0225026 0.0319065 0.0153809 0.0343241 0.0161502 0.0146098 0.0229492 0.0297495 0 0.00327196 0.00325811 0.00471934 0.00356829 0.00985992 0.0344312 0.0070937 0.0210367 0.0120229 
0.00819336 0.00841554 0.00830795 0.00810758 0.00819248 0.00837806 0.00826624 0.00822911 0.0080551 0.00807656 0.00817916 0.00828349 0.00822735 0.00808507 0.00818757 0.00820175 0.00832237 0.00826598 0.00820757 0.00813606 0.00827684 0.00931499 0.00914115 0.00951787 0.00937608 0.00866749 0.00869735 0.00833255 0.00863561 0.00992217 0.00829063 0.00950977 0.00870093 0.00857164 0.00824292 0.00827375 0.00861152 0.00851809 0.00916852 0.00947648 0.00960977 0.00892709 0.0101902 0.0324661 0.0101186 0.0130735 0.00969832 0.00926408 0.0264215 0.0124449 0.030907 0.0301598 0.0130498 0.00576025 0.00327196 0 0.00386934 0.00320644 0.00423411 0.0247969 0.00945723 0.00991317 0.00837459 0.0118898 
0.00815779 0.00852319 0.00831981 0.00811644 0.00820382 0.00820993 0.00816109 0.00810834 0.00796637 0.00821287 0.0081279 0.00811038 0.00810364 0.00802185 0.00810021 0.00811579 0.00813358 0.00818504 0.00818567 0.00844452 0.00900057 0.0084852 0.00859402 0.00859675 0.00891308 0.00875114 0.00849612 0.00822725 0.00845675 0.00888416 0.0093856 0.00877479 0.00855574 0.00840291 0.00876583 0.00852638 0.00860353 0.00871922 0.00908433 0.00930592 0.00870411 0.00866766 0.0122343 0.0115793 0.0137921 0.0100669 0.00931998 0.00942997 0.0130125 0.0164964 0.0186408 0.016325 0.0141082 0.00524545 0.00325811 0.00386934 0 0.00326812 0.00831447 0.00524574 0.00373852 0.0106075 0.0120774 0.00673955 
