1QFTB
QPDWADEAANGAHQDAWKSLKADVENVYYMVKATYKNDPVWGNDFTCVGVMANDVNEDEKSIQAEFLFMNNADTNMQFATEKVTAVKMYGYNRENAFRYETEDGQVFTDVIAYSDDNCDVIYVPGTDGNEEGYELWTTDYDNIPANCLNKFNEYAVGRETRDVFTSACL
CCCCCCHHHHHHHCCHHHHHHCCCCCCEEEEEECCCEECCCEECCEEEEEEEEEEECCCCEEEEEEEEECCCCCCCEEEEEEEEEECCCCCCCCCEEEEEECCCCEEEEEEEEEECCEEEEEECCCCCCCCEEEEEECCCCCCCHHHHHHHHHHCCCCCCEECCCCCCC
0 0 0 0 0 0 0 0 0 0 0 0 0 0 0 0 0 0 0 0 0 0 0 0 0 0 0 0 0 0 0 0 0 0 0 0 0 0 0 0 0 0 0 0 0 0 0 0 0 0 0 0 0 0 0 0 0 0 0 0 0 0 0 0 0 0 0 0 0 0 0 0 0 0 0 0 0 0 0 0 0 0 0 0 0 0 0 0 0 0 0 0 0 0 0 0 0 0 0 0 0 0 0 0 0 0 0 0 0 0 0 0 0 0 0 0 0 0 0 0 0 0 0 0 0 0 0 0 0 0 0 0 0 0 0 0 0 0 0 0 0 0 0 0 0 0 0 0 0 0 0 0 0 0 0 0 0 0 0 0 0 0 0 0 0 0 0 0 0 
0 0 0 0 0 0 0 0 0 0 0 0 0 0 0 0 0 0 0 0 0 0 0 0 0 0 0 0 0 0 0 0 0 0 0 0 0 0 0 0 0 0 0 0 0 0 0 0 0 0 0 0 0 0 0 0 0 0 0 0 0 0 0 0 0 0 0 0 0 0 0 0 0 0 0 0 0 0 0 0 0 0 0 0 0 0 0 0 0 0 0 0 0 0 0 0 0 0 0 0 0 0 0 0 0 0 0 0 0 0 0 0 0 0 0 0 0 0 0 0 0 0 0 0 0 0 0 0 0 0 0 0 0 0 0 0 0 0 0 0 0 0 0 0 0 0 0 0 0 0 0 0 0 0 0 0 0 0 0 0 0 0 0 0 0 0 0 0 0 
0 0.00344602 0.00328771 0.00325306 0.00334026 0.00522102 0.00720401 0.00989273 0.00744864 0.0105363 0.0119403 0.0100998 0.0100743 0.0106578 0.0129445 0.0519855 0.0151433 0.0104764 0.00912687 0.0105496 0.0176157 0.0220699 0.0107897 0.00988837 0.0107586 0.0100936 0.0108498 0.00941504 0.0102515 0.0195478 0.00928443 0.00931651 0.00912591 0.0091279 0.00978378 0.00937006 0.0104882 0.0105943 0.0109428 0.0151263 0.00945582 0.00871983 0.00861731 0.00891729 0.00924367 0.0200607 0.00878789 0.00886432 0.00888078 0.00889608 0.00986954 0.00969792 0.00919336 0.00891086 0.00920929 0.00950832 0.00899524 0.00863313 0.0093041 0.00929802 0.00963353 0.0111465 0.00847469 0.00832343 0.00853988 0.00868194 0.00861901 0.0102889 0.0082703 0.00858098 
0.00344602 0 0.00330007 0.00326968 0.00325619 0.00325256 0.0072872 0.00553777 0.00958507 0.00801639 0.0107787 0.0158828 0.0174673 0.0522077 0.0785988 0.0141612 0.0135955 0.011047 0.0142844 0.0217701 0.0103758 0.0116064 0.0172849 0.0114785 0.0135074 0.0120835 0.014212 0.0130781 0.0184288 0.0116645 0.00908874 0.0119787 0.0127825 0.0122884 0.0153806 0.0139617 0.0149883 0.0154759 0.0211518 0.0117704 0.0103377 0.0120405 0.0107376 0.0104716 0.0155969 0.00987447 0.00888987 0.0110297 0.0117118 0.0158179 0.0226339 0.0234633 0.0205091 0.0123055 0.0108448 0.00898599 0.00895343 0.0110668 0.0182562 0.0199786 0.0187125 0.00973144 0.00834384 0.00900664 0.010093 0.0112515 0.0106446 0.00918756 0.00812061 0.00832367 
0.00328771 0.00330007 0 0.00319717 0.00321102 0.00323311 0.00361016 0.00449469 0.00682898 0.0071298 0.00860498 0.0130398 0.0212641 0.077944 0.0230303 0.0196139 0.0136965 0.0163261 0.0252781 0.011479 0.010186 0.0102549 0.0118344 0.016809 0.0139391 0.0169224 0.0165282 0.0246552 0.0166572 0.0103532 0.00908063 0.0120547 0.0166356 0.0183062 0.0197688 0.0229457 0.0271527 0.0325438 0.0139909 0.0101973 0.0101319 0.0130445 0.0178681 0.0167791 0.00987665 0.00861409 0.00898171 0.0115911 0.0224478 0.0359668 0.0450112 0.05738 0.0460225 0.0257562 0.0100759 0.00861407 0.00883485 0.0137527 0.0390199 0.0645226 0.0248303 0.00949333 0.00874667 0.00997777 0.0167038 0.0221962 0.0115076 0.00896841 0.00809943 0.00821863 
0.00325306 0.00326968 0.00319717 0 0.00321991 0.00321612 0.0035653 0.00437653 0.00709357 0.00684899 0.00850781 0.017154 0.0522545 0.0236567 0.0292748 0.0116302 0.0276575 0.0168629 0.0167375 0.01394 0.0101396 0.0097485 0.0167323 0.0106889 0.0270089 0.0102026 0.0331474 0.0131666 0.0174287 0.0106797 0.00911081 0.011579 0.0212402 0.0145591 0.027274 0.0147729 0.0547085 0.0159763 0.0198523 0.00954166 0.0101207 0.0186249 0.0145942 0.0210643 0.00896842 0.00943795 0.00883842 0.0137612 0.0225455 0.0341248 0.0454668 0.0569023 0.0540557 0.024103 0.0104748 0.00883941 0.00919479 0.0118385 0.0511812 0.0562437 0.0218684 0.0103734 0.00863136 0.0103448 0.0150671 0.0222442 0.0102789 0.00918242 0.00826043 0.00828843 
0.00334026 0.00325619 0.00321102 0.00321991 0 0.00326526 0.00416411 0.0171838 0.00822752 0.0152371 0.0124646 0.0306907 0.0160893 0.0206226 0.0146365 0.0225967 0.0129277 0.0185948 0.0104818 0.0383276 0.0102689 0.0131925 0.010428 0.0216877 0.00935123 0.0205317 0.00958962 0.0197044 0.0201556 0.0153559 0.0108884 0.0127597 0.0108808 0.0149239 0.0105272 0.0326118 0.00998987 0.0183492 0.0120336 0.0100264 0.0135897 0.0122488 0.0181363 0.00902626 0.0149139 0.00870988 0.010403 0.0113676 0.0130873 0.0151074 0.0167787 0.0226131 0.0218523 0.0134697 0.0107571 0.00852804 0.00891276 0.0159522 0.0144447 0.0179894 0.0251214 0.0091425 0.00938248 0.00933925 0.0120793 0.0103382 0.0123932 0.00875798 0.00823612 0.00837872 
0.00522102 0.00325256 0.00323311 0.00321612 0.00326526 0 0.0287034 0.00614756 0.0158842 0.0114338 0.0396224 0.0155367 0.0113167 0.0133349 0.0171213 0.0114829 0.0132877 0.00927977 0.0102933 0.00985458 0.0256589 0.0134223 0.0178611 0.00907639 0.0226649 0.00903982 0.0124074 0.00950288 0.0227414 0.0165843 0.013434 0.00954532 0.0108042 0.00982943 0.0163916 0.00936629 0.0128184 0.00997519 0.0121247 0.0114057 0.0194094 0.0129844 0.00897993 0.0115617 0.00868338 0.0116789 0.0116647 0.00973768 0.00992485 0.0102435 0.0108608 0.0126816 0.0113537 0.0104838 0.00916762 0.00893878 0.0152272 0.00939802 0.0106268 0.0126013 0.011203 0.0109809 0.0115621 0.00970531 0.00897061 0.0095595 0.00888651 0.0105351 0.00898436 0.00838151 
0.00720401 0.0072872 0.00361016 0.0035653 0.00416411 0.0287034 0 0.00998058 0.00678473 0.78516 0.00751012 0.00991888 0.00655127 0.0128217 0.00905327 0.0064238 0.00651545 0.00680537 0.00680258 0.0119381 0.0112623 0.0124206 0.00987697 0.00893233 0.00859964 0.00902261 0.00860389 0.00900664 0.00902027 0.0158014 0.0101286 0.0096372 0.00866902 0.00887768 0.00869423 0.0089514 0.00890824 0.00911976 0.00929542 0.0102565 0.0103784 0.00882861 0.00853112 0.0084932 0.00870684 0.00978351 0.00995327 0.00850199 0.00840105 0.00847516 0.00884739 0.00876822 0.00870262 0.00843951 0.00847891 0.00843924 0.00933821 0.0085023 0.0085282 0.00868982 0.00898741 0.00920756 0.00877485 0.00825281 0.00818344 0.00822206 0.00828024 0.00894269 0.00837583 0.00819537 
0.00989273 0.00553777 0.00449469 0.00437653 0.0171838 0.00614756 0.00998058 0 0.937501 0.00395266 0.0097049 0.0058372 0.00668386 0.00696404 0.00617201 0.0058379 0.00633794 0.00574426 0.00611158 0.0067273 0.00750919 0.00977949 0.00912409 0.00806892 0.00856706 0.0082275 0.00846493 0.00826363 0.00900776 0.00872419 0.00923538 0.00850182 0.0110645 0.00854582 0.00856832 0.0085667 0.00874173 0.00892554 0.00892808 0.00867628 0.00994227 0.00856595 0.00822013 0.0085079 0.0082618 0.00836448 0.00884763 0.00843064 0.00828306 0.00837203 0.00849201 0.00846574 0.00839887 0.0083569 0.00830406 0.00805656 0.00917145 0.00824808 0.00832713 0.00837126 0.00864207 0.00820922 0.00850045 0.00819903 0.00812481 0.00814412 0.00822045 0.00820549 0.00837053 0.00807229 
0.00744864 0.00958507 0.00682898 0.00709357 0.00822752 0.0158842 0.00678473 0.937501 0 0.00919258 0.00376034 0.0548054 0.0244925 0.00423973 0.00471014 0.00463109 0.00510567 0.00530071 0.00536692 0.00681904 0.00919206 0.00928003 0.00951775 0.00846436 0.00884002 0.00873683 0.00902135 0.00871527 0.00910805 0.0221143 0.00890351 0.00915598 0.0087078 0.00878695 0.00876361 0.00896482 0.00897433 0.00913898 0.00966391 0.0116735 0.00902972 0.0088752 0.00884021 0.00890857 0.00873936 0.0109273 0.00869965 0.0086292 0.00842074 0.00845605 0.00859454 0.00866704 0.00854452 0.00843518 0.00868775 0.0088216 0.00856497 0.00836681 0.00851927 0.00852655 0.00895794 0.0101667 0.00824518 0.00842742 0.00824367 0.0083131 0.0084437 0.00951478 0.00822629 0.00829653 
0.0105363 0.00801639 0.0071298 0.00684899 0.0152371 0.0114338 0.78516 0.00395266 0.00919258 0 0.155035 0.0113683 0.00340889 0.00333071 0.00390117 0.00413138 0.00449646 0.00452339 0.00520056 0.00680149 0.00640492 0.00809911 0.00859895 0.00745313 0.0076905 0.00761808 0.00812526 0.00798156 0.0107824 0.00908152 0.00914235 0.00850937 0.00839669 0.00835769 0.00864322 0.00851738 0.00875532 0.00862462 0.00973435 0.00854811 0.0102755 0.00871984 0.00827179 0.00862776 0.00893006 0.00839354 0.00888597 0.00847543 0.00837178 0.00841643 0.00866291 0.00866774 0.00852931 0.00853226 0.00847117 0.00811351 0.00890449 0.00842355 0.00845968 0.00853676 0.0088031 0.00846891 0.00861025 0.00834156 0.00822882 0.00834326 0.0083382 0.00835504 0.00821903 0.00808865 
0.0119403 0.0107787 0.00860498 0.00850781 0.0124646 0.0396224 0.00751012 0.0097049 0.00376034 0.155035 0 0.00325962 0.00328127 0.00322697 0.00328913 0.00384318 0.00327562 0.00388968 0.00417069 0.00616723 0.00724091 0.0170509 0.00717878 0.0133396 0.00748181 0.018629 0.0082765 0.0119021 0.00931736 0.104384 0.0159622 0.00992604 0.00923023 0.0103762 0.00887616 0.0136545 0.00907523 0.0224341 0.0102976 0.0182285 0.0147235 0.00887835 0.0122607 0.00847228 0.0144208 0.0111799 0.0140267 0.00888947 0.0106106 0.00969651 0.0106335 0.0121899 0.0108902 0.0103828 0.00972734 0.012177 0.00907555 0.0100589 0.00985112 0.010412 0.012949 0.0118182 0.00894741 0.00836887 0.00960133 0.00851108 0.00972741 0.0126652 0.00849177 0.00964312 
0.0100998 0.0158828 0.0130398 0.017154 0.0306907 0.0155367 0.00991888 0.0058372 0.0548054 0.0113683 0.00325962 0 0.00320281 0.00320317 0.00323994 0.00326395 0.00346276 0.00354111 0.00370371 0.00468345 0.00533483 0.00637932 0.0188424 0.00755308 0.0180463 0.00834907 0.0150724 0.0109699 0.0508424 0.135158 0.00973823 0.0114386 0.013238 0.0101809 0.0174213 0.00944211 0.0315675 0.0105861 0.0227977 0.0102062 0.0107963 0.0201394 0.00900849 0.0190232 0.00913671 0.0102126 0.00878011 0.0160228 0.0119228 0.0159431 0.0217975 0.018465 0.0207736 0.0129301 0.0111807 0.00873482 0.0106786 0.0109411 0.0207059 0.0238761 0.0135363 0.00995484 0.00873095 0.0100746 0.0101933 0.0146482 0.0100563 0.00903987 0.00829347 0.0082105 
0.0100743 0.0174673 0.0212641 0.0522545 0.0160893 0.0113167 0.00655127 0.00668386 0.0244925 0.00340889 0.00328127 0.00320281 0 0.00321644 0.00324728 0.00337528 0.00416428 0.00333005 0.00335693 0.00376429 0.00407168 0.00745375 0.00781976 0.0147438 0.00933369 0.00975712 0.010086 0.0320578 0.201831 0.065524 0.00889791 0.0112108 0.0133165 0.0130447 0.014177 0.0179829 0.0164873 0.0198547 0.0156451 0.00970545 0.0117479 0.0130659 0.0167315 0.0120425 0.0100788 0.00927572 0.00974585 0.0120112 0.0233848 0.0277583 0.0367768 0.0472869 0.0341628 0.0226395 0.0103919 0.00869575 0.0093992 0.0139742 0.0410575 0.0492623 0.0197846 0.00927385 0.0086731 0.0109925 0.0151197 0.0245009 0.0107014 0.00917518 0.00815262 0.00823079 
0.0106578 0.0522077 0.077944 0.0236567 0.0206226 0.0133349 0.0128217 0.00696404 0.00423973 0.00333071 0.00322697 0.00320317 0.00321644 0 0.00318951 0.00321601 0.00321969 0.00322708 0.00370572 0.00334615 0.00353119 0.00644781 0.00800481 0.0129585 0.0080115 0.0109792 0.0150809 0.625176 0.0907548 0.0132396 0.0090724 0.0145894 0.0131106 0.0171977 0.0128524 0.0312157 0.0128391 0.046366 0.0113127 0.0110646 0.0116067 0.0133135 0.0267978 0.0114491 0.0208606 0.00884185 0.00989313 0.0125737 0.028999 0.0338756 0.0497666 0.0513818 0.0483589 0.0229917 0.0102835 0.00867992 0.00910921 0.0241146 0.0379885 0.0492242 0.0229511 0.0097018 0.00933605 0.0101752 0.0281615 0.0158196 0.0143467 0.00909433 0.00819859 0.00833956 
0.0129445 0.0785988 0.0230303 0.0292748 0.0146365 0.0171213 0.00905327 0.00617201 0.00471014 0.00390117 0.00328913 0.00323994 0.00324728 0.00318951 0 0.00319069 0.00322676 0.00319686 0.00322007 0.00335627 0.00581615 0.00594521 0.0114978 0.00712039 0.022266 0.015614 0.737888 0.0644292 0.0185593 0.00889883 0.00853977 0.00918406 0.0161234 0.00985427 0.0235549 0.00972735 0.0635704 0.00985227 0.0220676 0.00942164 0.0106161 0.0227461 0.00977286 0.0486372 0.00878269 0.0124366 0.00875432 0.0167519 0.014846 0.0367964 0.0446313 0.0517674 0.0366529 0.0191511 0.0105837 0.00875319 0.0104141 0.0104115 0.0543304 0.0478969 0.0186417 0.0102879 0.0088645 0.0114326 0.0127937 0.0348419 0.00976577 0.00960587 0.00827316 0.00823745 
0.0519855 0.0141612 0.0196139 0.0116302 0.0225967 0.0114829 0.0064238 0.0058379 0.00463109 0.00413138 0.00384318 0.00326395 0.00337528 0.00321601 0.00319069 0 0.00318729 0.00320691 0.0032142 0.00319212 0.0032406 0.00697476 0.00616662 0.0241657 0.0167067 0.779719 0.0151517 0.0221353 0.0083671 0.0100447 0.00865175 0.00947309 0.00908153 0.0150599 0.00907902 0.0352945 0.00864562 0.0413712 0.00908023 0.00983224 0.0106241 0.00905766 0.0402778 0.00880268 0.0198398 0.00841674 0.0110286 0.00893063 0.0254265 0.014082 0.021556 0.0223243 0.0217366 0.0126533 0.00897185 0.00850662 0.00862734 0.0141473 0.0152644 0.021879 0.0141439 0.00878371 0.00853467 0.0085777 0.0193097 0.0100033 0.0112209 0.00862557 0.00812612 0.00828351 
0.0151433 0.0135955 0.0136965 0.0276575 0.0129277 0.0132877 0.00651545 0.00633794 0.00510567 0.00449646 0.00327562 0.00346276 0.00416428 0.00321969 0.00322676 0.00318729 0 0.00318988 0.00319054 0.00320225 0.00320911 0.0043071 0.0183703 0.00617371 0.793525 0.0405617 0.0360173 0.00714626 0.00889753 0.00742549 0.00840004 0.00900659 0.0153234 0.00878816 0.0213302 0.00864916 0.0385785 0.00890241 0.0164584 0.00914753 0.00911576 0.0226743 0.0087045 0.0505858 0.00856726 0.0114732 0.0085839 0.0241409 0.0101011 0.0196466 0.0196986 0.0227638 0.0185378 0.013634 0.00950035 0.00844313 0.0100169 0.00944744 0.0253258 0.0234694 0.0126107 0.00962689 0.00842959 0.0106181 0.00961767 0.0182706 0.00902602 0.00926238 0.00829338 0.00811495 
0.0104764 0.011047 0.0163261 0.0168629 0.0185948 0.00927977 0.00680537 0.00574426 0.00530071 0.00452339 0.00388968 0.00354111 0.00333005 0.00322708 0.00319686 0.00320691 0.00318988 0 0.00318416 0.00321703 0.00321182 0.0050326 0.00533655 0.221428 0.0465949 0.0289146 0.00622589 0.00760865 0.00656399 0.00709061 0.0080895 0.00974482 0.0087185 0.0121548 0.00853381 0.0212064 0.00868926 0.0203157 0.00897302 0.00914779 0.00999833 0.00890119 0.0231151 0.00877911 0.0139615 0.00836733 0.00958622 0.00883088 0.0189178 0.0135119 0.0210154 0.0186406 0.0215653 0.0122891 0.00886591 0.00831674 0.00838829 0.0117756 0.0148835 0.0237055 0.0135991 0.008526 0.00843392 0.00851757 0.0150522 0.0104544 0.0100588 0.00849495 0.00803504 0.00809662 
0.00912687 0.0142844 0.0252781 0.0167375 0.0104818 0.0102933 0.00680258 0.00611158 0.00536692 0.00520056 0.00417069 0.00370371 0.00335693 0.00370572 0.00322007 0.0032142 0.00319054 0.00318416 0 0.00317652 0.00318882 0.0147924 0.0991047 0.359577 0.0114499 0.00587749 0.00716364 0.00658925 0.00703632 0.00636047 0.00777307 0.0116443 0.0132481 0.00875286 0.013268 0.00891717 0.0131775 0.010174 0.0114143 0.00940004 0.00935893 0.0130152 0.0101241 0.0131764 0.0087827 0.00879728 0.00854203 0.0119317 0.0121933 0.017813 0.0207975 0.0295232 0.0189719 0.0121412 0.00904319 0.00830174 0.00868324 0.0104064 0.0233323 0.0272857 0.0121746 0.00869811 0.00828008 0.00933153 0.0114061 0.0145625 0.00945248 0.00864118 0.00802398 0.0081758 
0.0105496 0.0217701 0.011479 0.01394 0.0383276 0.00985458 0.0119381 0.0067273 0.00681904 0.00680149 0.00616723 0.00468345 0.00376429 0.00334615 0.00335627 0.00319212 0.00320225 0.00321703 0.00317652 0 0.00327772 0.0497926 0.675194 0.00861391 0.00528423 0.00597112 0.00635911 0.00604669 0.00695071 0.00706783 0.0110317 0.0122558 0.00854593 0.0096287 0.00874758 0.0096837 0.00934162 0.0102831 0.011271 0.00978871 0.0107161 0.0111987 0.00950511 0.00897897 0.00996151 0.00855404 0.0100148 0.0104 0.0106283 0.0104668 0.0132456 0.0133538 0.0137144 0.0102288 0.0094923 0.00842722 0.00872759 0.011082 0.0117931 0.0132498 0.015634 0.00893839 0.00872482 0.0091427 0.00935765 0.00976041 0.00990968 0.00860471 0.00813101 0.00807856 
0.0176157 0.0103758 0.010186 0.0101396 0.0102689 0.0256589 0.0112623 0.00750919 0.00919206 0.00640492 0.00724091 0.00533483 0.00407168 0.00353119 0.00581615 0.0032406 0.00320911 0.00321182 0.00318882 0.00327772 0 0.689764 0.00618489 0.00365933 0.00421963 0.00467393 0.00639144 0.00637889 0.00677521 0.00770166 0.0120986 0.00832538 0.00900188 0.00881439 0.00922386 0.00873898 0.00961644 0.00937297 0.0159412 0.0119039 0.0196978 0.0102963 0.00879468 0.00958894 0.00876433 0.0108784 0.0133866 0.00949553 0.00944406 0.00962039 0.00977119 0.0101484 0.00969183 0.00941058 0.00881366 0.00893988 0.0127443 0.00896575 0.0095423 0.00967622 0.0099839 0.00969773 0.0120526 0.00936397 0.00881477 0.0089389 0.00892664 0.00988684 0.00918828 0.00821428 
0.0220699 0.0116064 0.0102549 0.0097485 0.0131925 0.0134223 0.0124206 0.00977949 0.00928003 0.00809911 0.0170509 0.00637932 0.00745375 0.00644781 0.00594521 0.00697476 0.0043071 0.0050326 0.0147924 0.0497926 0.689764 0 0.00344786 0.00332424 0.00322867 0.00371765 0.00329766 0.00359123 0.00342402 0.00729143 0.011051 0.00754615 0.00798917 0.0089633 0.00852868 0.0108109 0.0093138 0.551194 0.023801 0.0828488 0.0172686 0.00904827 0.0112273 0.0087829 0.0166862 0.0118355 0.0169709 0.00965036 0.0109333 0.00988475 0.0110645 0.0110248 0.0111194 0.00971799 0.00972905 0.0118001 0.0108647 0.0106056 0.00959039 0.0106168 0.0125265 0.0128221 0.00960413 0.00867988 0.00950836 0.00856231 0.00996243 0.0119869 0.00882121 0.00902255 
0.0107897 0.0172849 0.0118344 0.0167323 0.010428 0.0178611 0.00987697 0.00912409 0.00951775 0.00859895 0.00717878 0.0188424 0.00781976 0.00800481 0.0114978 0.00616662 0.0183703 0.00533655 0.0991047 0.675194 0.00618489 0.00344786 0 0.00318701 0.00335858 0.00320942 0.00357397 0.00328881 0.00608771 0.00387983 0.00642695 0.00798137 0.00957127 0.00829576 0.01132 0.00882248 0.674382 0.0153054 0.161752 0.0096135 0.0103956 0.0238998 0.00889728 0.0328374 0.00909044 0.0167387 0.00893491 0.025928 0.0101869 0.0154986 0.0180423 0.0179156 0.0148289 0.0118415 0.0120587 0.0090838 0.0122878 0.00995723 0.0242974 0.0196915 0.0137114 0.0107962 0.00874121 0.0112274 0.00917474 0.0160877 0.00914794 0.0109176 0.00892458 0.00825404 
0.00988837 0.0114785 0.016809 0.0106889 0.0216877 0.00907639 0.00893233 0.00806892 0.00846436 0.00745313 0.0133396 0.00755308 0.0147438 0.0129585 0.00712039 0.0241657 0.00617371 0.221428 0.359577 0.00861391 0.00365933 0.00332424 0.00318701 0 0.00313312 0.00332098 0.0032292 0.00360681 0.00326467 0.00344752 0.00669117 0.00808778 0.00773926 0.00970034 0.00824541 0.690937 0.0122368 0.107996 0.00872318 0.0147704 0.0114802 0.00868647 0.0446211 0.00859454 0.0282909 0.00835292 0.014616 0.00897673 0.0205073 0.0127408 0.0195796 0.0230684 0.0243335 0.0159277 0.00931711 0.00859952 0.00855131 0.0166137 0.0138381 0.0240483 0.0148273 0.0086902 0.0089592 0.00864709 0.0199848 0.00965265 0.0134137 0.0085653 0.00822326 0.00837855 
0.0107586 0.0135074 0.0139391 0.0270089 0.00935123 0.0226649 0.00859964 0.00856706 0.00884002 0.0076905 0.00748181 0.0180463 0.00933369 0.0080115 0.022266 0.0167067 0.793525 0.0465949 0.0114499 0.00528423 0.00421963 0.00322867 0.00335858 0.00313312 0 0.00320246 0.00399838 0.00320942 0.0034188 0.00327727 0.00617336 0.00668424 0.00926482 0.00789905 0.703769 0.0175172 0.117642 0.00856242 0.029437 0.00863141 0.00897424 0.0266173 0.00852242 0.0543332 0.00859477 0.0190184 0.00880887 0.0202554 0.0105318 0.0251455 0.0220407 0.028373 0.024289 0.0149677 0.0101392 0.00872185 0.0122051 0.00966181 0.0333212 0.0230043 0.0118642 0.0100518 0.00866389 0.0114385 0.00953838 0.0275976 0.00905347 0.0100883 0.00919497 0.00829062 
0.0100936 0.0120835 0.0169224 0.0102026 0.0205317 0.00903982 0.00902261 0.0082275 0.00873683 0.00761808 0.018629 0.00834907 0.00975712 0.0109792 0.015614 0.779719 0.0405617 0.0289146 0.00587749 0.00597112 0.00467393 0.00371765 0.00320942 0.00332098 0.00320246 0 0.00319074 0.00321643 0.0032407 0.0033433 0.00651699 0.00804515 0.00707062 0.646048 0.0198463 0.107301 0.00790274 0.0301355 0.00842225 0.00996158 0.0116184 0.0085822 0.0327272 0.00850295 0.0376589 0.00853494 0.0147297 0.00900529 0.0215753 0.0142319 0.0260239 0.0212135 0.0240109 0.0132553 0.00905627 0.00859991 0.0085747 0.0191718 0.0136098 0.0242231 0.0153417 0.00868689 0.00904793 0.00866607 0.0219285 0.00954991 0.013737 0.00859403 0.00824926 0.00852327 
0.0108498 0.014212 0.0165282 0.0331474 0.00958962 0.0124074 0.00860389 0.00846493 0.00902135 0.00812526 0.0082765 0.0150724 0.010086 0.0150809 0.737888 0.0151517 0.0360173 0.00622589 0.00716364 0.00635911 0.00639144 0.00329766 0.00357397 0.0032292 0.00399838 0.00319074 0 0.00318972 0.0032295 0.00322181 0.00602445 0.00686467 0.630062 0.0176242 0.0734651 0.00803796 0.0320846 0.00846021 0.018149 0.00876884 0.00901418 0.0191288 0.00859933 0.0721417 0.00860425 0.0127848 0.00881165 0.0184417 0.0108499 0.0295193 0.0269801 0.0371546 0.0179223 0.0166483 0.0101886 0.008634 0.0128803 0.0104874 0.0370304 0.0358393 0.0121339 0.00980959 0.00876021 0.012354 0.0100492 0.0302855 0.00927737 0.00921574 0.0088606 0.00830964 
0.00941504 0.0130781 0.0246552 0.0131666 0.0197044 0.00950288 0.00900664 0.00826363 0.00871527 0.00798156 0.0119021 0.0109699 0.0320578 0.625176 0.0644292 0.0221353 0.00714626 0.00760865 0.00658925 0.00604669 0.00637889 0.00359123 0.00328881 0.00360681 0.00320942 0.00321643 0.00318972 0 0.00319342 0.00321539 0.00591469 0.546853 0.021207 0.0630109 0.00733678 0.0188642 0.00754335 0.0157321 0.00863229 0.00870646 0.010611 0.00875363 0.0565447 0.00868619 0.0153516 0.00850532 0.0108379 0.00948641 0.0285253 0.0181068 0.0261964 0.0254906 0.0374853 0.0157781 0.00955747 0.00874816 0.0086123 0.0159222 0.0239496 0.0380606 0.0194582 0.00914471 0.00873597 0.00922535 0.0239321 0.0131872 0.0126295 0.00878234 0.00815794 0.00829729 
0.0102515 0.0184288 0.0166572 0.0174287 0.0201556 0.0227414 0.00902027 0.00900776 0.00910805 0.0107824 0.00931736 0.0508424 0.201831 0.0907548 0.0185593 0.0083671 0.00889753 0.00656399 0.00703632 0.00695071 0.00677521 0.00342402 0.00608771 0.00326467 0.0034188 0.0032407 0.0032295 0.00319342 0 0.0033358 0.43926 0.0329602 0.0648075 0.00877959 0.00898066 0.00721565 0.0102015 0.00827232 0.013205 0.00870797 0.00953856 0.0254626 0.00868253 0.0120855 0.00896999 0.0134573 0.0093295 0.0195252 0.0111407 0.0163248 0.0150238 0.0217337 0.0190663 0.0136548 0.0125007 0.00872786 0.00938253 0.0125294 0.0182889 0.0209833 0.0280868 0.0112231 0.00904362 0.0142518 0.0101139 0.0149966 0.0118669 0.00939841 0.00830668 0.0086346 
0.0195478 0.0116645 0.0103532 0.0106797 0.0153559 0.0165843 0.0158014 0.00872419 0.0221143 0.00908152 0.104384 0.135158 0.065524 0.0132396 0.00889883 0.0100447 0.00742549 0.00709061 0.00636047 0.00706783 0.00770166 0.00729143 0.00387983 0.00344752 0.00327727 0.0033433 0.00322181 0.00321539 0.0033358 0 0.108872 0.0957974 0.0061689 0.0126148 0.00593448 0.00688978 0.00726327 0.00944394 0.00815169 0.00892053 0.0350919 0.00992675 0.00958958 0.00902152 0.0098544 0.00974288 0.0230573 0.0106465 0.0110081 0.0101307 0.0111532 0.0112595 0.0117483 0.0102126 0.00938739 0.00891764 0.0171375 0.0105634 0.0104863 0.011104 0.0126297 0.0115304 0.0171865 0.0104118 0.00933703 0.00916233 0.00963869 0.010864 0.00977415 0.00859056 
0.00928443 0.00908874 0.00908063 0.00911081 0.0108884 0.013434 0.0101286 0.00923538 0.00890351 0.00914235 0.0159622 0.00973823 0.00889791 0.0090724 0.00853977 0.00865175 0.00840004 0.0080895 0.00777307 0.0110317 0.0120986 0.011051 0.00642695 0.00669117 0.00617336 0.00651699 0.00602445 0.00591469 0.43926 0.108872 0 0.00329123 0.00323607 0.00337658 0.00332154 0.00363391 0.00341748 0.0038959 0.00417029 0.00762512 0.00762243 0.00764136 0.00822261 0.00891964 0.0100701 0.0243134 0.00965382 0.00891209 0.00897538 0.0101283 0.00897165 0.00954769 0.00938289 0.0165367 0.00971451 0.0132151 0.00942267 0.00983671 0.00922006 0.00965182 0.0115847 0.0125662 0.00890222 0.00858951 0.00861081 0.00855879 0.0090425 0.0133563 0.00847052 0.00871035 
0.00931651 0.0119787 0.0120547 0.011579 0.0127597 0.00954532 0.0096372 0.00850182 0.00915598 0.00850937 0.00992604 0.0114386 0.0112108 0.0145894 0.00918406 0.00947309 0.00900659 0.00974482 0.0116443 0.0122558 0.00832538 0.00754615 0.00798137 0.00808778 0.00668424 0.00804515 0.00686467 0.546853 0.0329602 0.0957974 0.00329123 0 0.0032264 0.00321654 0.00316729 0.00320807 0.00325867 0.00365101 0.00384077 0.00350676 0.00880799 0.00832066 0.00952486 0.00863871 0.0232308 0.00873467 0.00936424 0.0103549 0.0189369 0.0113564 0.0118207 0.0115973 0.0245739 0.0105731 0.0180535 0.00891239 0.00940178 0.0114517 0.0119467 0.0151795 0.0140929 0.00915863 0.0087884 0.00910419 0.0100674 0.00953935 0.011098 0.00901942 0.00828458 0.00829371 
0.00912591 0.0127825 0.0166356 0.0212402 0.0108808 0.0108042 0.00866902 0.0110645 0.0087078 0.00839669 0.00923023 0.013238 0.0133165 0.0131106 0.0161234 0.00908153 0.0153234 0.0087185 0.0132481 0.00854593 0.00900188 0.00798917 0.00957127 0.00773926 0.00926482 0.00707062 0.630062 0.021207 0.0648075 0.0061689 0.00323607 0.0032264 0 0.00318407 0.00319913 0.00321287 0.00331043 0.00354757 0.00372899 0.00349447 0.00791923 0.00873194 0.00912407 0.0190067 0.00842129 0.0127855 0.00913378 0.0241105 0.0109059 0.012742 0.0142842 0.0225046 0.0155964 0.0239247 0.00956162 0.00872847 0.00922731 0.0101838 0.0229622 0.0261648 0.0126304 0.00948726 0.00887635 0.010131 0.0105101 0.0192156 0.00946726 0.0100007 0.00827628 0.00825006 
0.0091279 0.0122884 0.0183062 0.0145591 0.0149239 0.00982943 0.00887768 0.00854582 0.00878695 0.00835769 0.0103762 0.0101809 0.0130447 0.0171977 0.00985427 0.0150599 0.00878816 0.0121548 0.00875286 0.0096287 0.00881439 0.0089633 0.00829576 0.00970034 0.00789905 0.646048 0.0176242 0.0630109 0.00877959 0.0126148 0.00337658 0.00321654 0.00318407 0 0.00316916 0.00329196 0.00330338 0.00325951 0.0032654 0.00342164 0.00784944 0.00852399 0.0137595 0.00839904 0.0154953 0.01916 0.0183664 0.00929154 0.0145867 0.0118212 0.0174515 0.015197 0.0300354 0.0124356 0.00933132 0.00899957 0.00886121 0.0183295 0.0166979 0.0212687 0.0162454 0.00926603 0.00898101 0.00919314 0.0198152 0.0111362 0.0123802 0.00906195 0.00825268 0.00839293 
0.00978378 0.0153806 0.0197688 0.027274 0.0105272 0.0163916 0.00869423 0.00856832 0.00876361 0.00864322 0.00887616 0.0174213 0.014177 0.0128524 0.0235549 0.00907902 0.0213302 0.00853381 0.013268 0.00874758 0.00922386 0.00852868 0.01132 0.00824541 0.703769 0.0198463 0.0734651 0.00733678 0.00898066 0.00593448 0.00332154 0.00316729 0.00319913 0.00316916 0 0.00322533 0.0032908 0.00325447 0.00337517 0.0033046 0.0075038 0.0150725 0.00789246 0.0113065 0.0115642 0.638418 0.00887543 0.0123941 0.0105938 0.0176528 0.0164999 0.0332183 0.0165879 0.0137152 0.0100261 0.00870033 0.0108471 0.010649 0.0262646 0.0300653 0.0137192 0.00991109 0.00901991 0.0119444 0.0108875 0.0227965 0.00977284 0.0105079 0.00845079 0.00828047 
0.00937006 0.0139617 0.0229457 0.0147729 0.0326118 0.00936629 0.0089514 0.0085667 0.00896482 0.00851738 0.0136545 0.00944211 0.0179829 0.0312157 0.00972735 0.0352945 0.00864916 0.0212064 0.00891717 0.0096837 0.00873898 0.0108109 0.00882248 0.690937 0.0175172 0.107301 0.00803796 0.0188642 0.00721565 0.00688978 0.00363391 0.00320807 0.00321287 0.00329196 0.00322533 0 0.00323944 0.00331501 0.00320867 0.00325274 0.0078704 0.00782834 0.0166728 0.00868628 0.827146 0.00864961 0.0119949 0.00936756 0.0205814 0.0118457 0.0319154 0.0184936 0.0216181 0.0156235 0.0097216 0.00879378 0.00872256 0.0218186 0.016762 0.0256482 0.020758 0.00890493 0.00952512 0.00940473 0.0292114 0.0107959 0.025363 0.00892871 0.00827768 0.00856749 
0.0104882 0.0149883 0.0271527 0.0547085 0.00998987 0.0128184 0.00890824 0.00874173 0.00897433 0.00875532 0.00907523 0.0315675 0.0164873 0.0128391 0.0635704 0.00864562 0.0385785 0.00868926 0.0131775 0.00934162 0.00961644 0.0093138 0.674382 0.0122368 0.117642 0.00790274 0.0320846 0.00754335 0.0102015 0.00726327 0.00341748 0.00325867 0.00331043 0.00330338 0.0032908 0.00323944 0 0.00321196 0.00324771 0.00321983 0.00724255 0.0119368 0.00840584 0.844889 0.00939892 0.0123078 0.00878811 0.0174515 0.00981495 0.032091 0.0194089 0.0225683 0.0168965 0.0176281 0.0124728 0.00885546 0.0129904 0.00994604 0.0500244 0.0492397 0.0148657 0.010494 0.00944987 0.0143681 0.0114715 0.0709731 0.00930568 0.0102946 0.00903817 0.00841803 
0.0105943 0.0154759 0.0325438 0.0159763 0.0183492 0.00997519 0.00911976 0.00892554 0.00913898 0.00862462 0.0224341 0.0105861 0.0198547 0.046366 0.00985227 0.0413712 0.00890241 0.0203157 0.010174 0.0102831 0.00937297 0.551194 0.0153054 0.107996 0.00856242 0.0301355 0.00846021 0.0157321 0.00827232 0.00944394 0.0038959 0.00365101 0.00354757 0.00325951 0.00325447 0.00331501 0.00321196 0 0.00322473 0.00321764 0.0109602 0.0079119 0.885748 0.0102912 0.0203737 0.00769779 0.0167882 0.00914119 0.0296108 0.0148657 0.0196367 0.0203265 0.0265304 0.0254206 0.0102547 0.00947603 0.0097005 0.0227859 0.0219744 0.0337887 0.0192946 0.00991894 0.0109418 0.00991492 0.0430814 0.0112382 0.0168202 0.00934405 0.00853196 0.00879599 
0.0109428 0.0211518 0.0139909 0.0198523 0.0120336 0.0121247 0.00929542 0.00892808 0.00966391 0.00973435 0.0102976 0.0227977 0.0156451 0.0113127 0.0220676 0.00908023 0.0164584 0.00897302 0.0114143 0.011271 0.0159412 0.023801 0.161752 0.00872318 0.029437 0.00842225 0.018149 0.00863229 0.013205 0.00815169 0.00417029 0.00384077 0.00372899 0.0032654 0.00337517 0.00320867 0.00324771 0.00322473 0 0.00321908 0.00765571 0.90665 0.00838158 0.0151898 0.00840462 0.0131909 0.0100506 0.0320327 0.0104801 0.0129149 0.0137116 0.0186013 0.0327373 0.0152893 0.0126943 0.00853665 0.0133107 0.0132884 0.0164568 0.0210964 0.0284648 0.0106209 0.011293 0.0276779 0.010122 0.0179141 0.0104917 0.0105008 0.00946558 0.00878754 
0.0151263 0.0117704 0.0101973 0.00954166 0.0100264 0.0114057 0.0102565 0.00867628 0.0116735 0.00854811 0.0182285 0.0102062 0.00970545 0.0110646 0.00942164 0.00983224 0.00914753 0.00914779 0.00940004 0.00978871 0.0119039 0.0828488 0.0096135 0.0147704 0.00863141 0.00996158 0.00876884 0.00870646 0.00870797 0.00892053 0.00762512 0.00350676 0.00349447 0.00342164 0.0033046 0.00325274 0.00321983 0.00321764 0.00321908 0 0.822155 0.00820348 0.00805965 0.00649594 0.0072145 0.00739608 0.0187258 0.00940722 0.00988277 0.00955602 0.0100657 0.0204268 0.013085 0.0101335 0.00987492 0.00922919 0.0183756 0.0104472 0.0101358 0.0106239 0.0110482 0.0106859 0.0255193 0.0111888 0.00978957 0.00935924 0.00988543 0.0101622 0.00985097 0.00876228 
0.00945582 0.0103377 0.0101319 0.0101207 0.0135897 0.0194094 0.0103784 0.00994227 0.00902972 0.0102755 0.0147235 0.0107963 0.0117479 0.0116067 0.0106161 0.0106241 0.00911576 0.00999833 0.00935893 0.0107161 0.0196978 0.0172686 0.0103956 0.0114802 0.00897424 0.0116184 0.00901418 0.010611 0.00953856 0.0350919 0.00762243 0.00880799 0.00791923 0.00784944 0.0075038 0.0078704 0.00724255 0.0109602 0.00765571 0.822155 0 0.00335228 0.00323993 0.00323089 0.00347484 0.00427076 0.00793324 0.00618566 0.00840343 0.0101259 0.69009 0.062378 0.0109821 0.0109661 0.012423 0.0156353 0.00939606 0.0111202 0.00972314 0.0125121 0.0156519 0.0241672 0.0113487 0.0100367 0.0115789 0.00935608 0.0136081 0.0197438 0.00979867 0.0113018 
0.00871983 0.0120405 0.0130445 0.0186249 0.0122488 0.0129844 0.00882861 0.00856595 0.0088752 0.00871984 0.00887835 0.0201394 0.0130659 0.0133135 0.0227461 0.00905766 0.0226743 0.00890119 0.0130152 0.0111987 0.0102963 0.00904827 0.0238998 0.00868647 0.0266173 0.0085822 0.0191288 0.00875363 0.0254626 0.00992675 0.00764136 0.00832066 0.00873194 0.00852399 0.0150725 0.00782834 0.0119368 0.0079119 0.90665 0.00820348 0.00335228 0 0.00319686 0.00328221 0.00328295 0.00346538 0.00519776 0.00813815 0.00953095 0.859246 0.0422677 0.0156473 0.0118786 0.013694 0.0143139 0.00833654 0.00917133 0.00895403 0.0223791 0.0178236 0.0216885 0.0109947 0.00937972 0.01353 0.0100161 0.0206747 0.0107049 0.0133304 0.00928746 0.00871251 
0.00861731 0.0107376 0.0178681 0.0145942 0.0181363 0.00897993 0.00853112 0.00822013 0.00884021 0.00827179 0.0122607 0.00900849 0.0167315 0.0267978 0.00977286 0.0402778 0.0087045 0.0231151 0.0101241 0.00950511 0.00879468 0.0112273 0.00889728 0.0446211 0.00852242 0.0327272 0.00859933 0.0565447 0.00868253 0.00958958 0.00822261 0.00952486 0.00912407 0.0137595 0.00789246 0.0166728 0.00840584 0.885748 0.00838158 0.00805965 0.00323993 0.00319686 0 0.0032047 0.0032759 0.00321744 0.010276 0.00640497 0.908221 0.0269563 0.0115526 0.00948581 0.0119809 0.0108935 0.00789746 0.00700862 0.00763625 0.015417 0.0102843 0.019604 0.0125446 0.00878197 0.00980067 0.00903914 0.0332385 0.0116205 0.0161611 0.00889914 0.00845727 0.00867786 
0.00891729 0.0104716 0.0167791 0.0210643 0.00902626 0.0115617 0.0084932 0.0085079 0.00890857 0.00862776 0.00847228 0.0190232 0.0120425 0.0114491 0.0486372 0.00880268 0.0505858 0.00877911 0.0131764 0.00897897 0.00958894 0.0087829 0.0328374 0.00859454 0.0543332 0.00850295 0.0721417 0.00868619 0.0120855 0.00902152 0.00891964 0.00863871 0.0190067 0.00839904 0.0113065 0.00868628 0.844889 0.0102912 0.0151898 0.00649594 0.00323089 0.00328221 0.0032047 0 0.00319356 0.00335531 0.00685184 0.905438 0.0183728 0.0228138 0.0082728 0.0118472 0.00928523 0.00946664 0.00758823 0.00718933 0.00983929 0.00833023 0.0292116 0.013508 0.0106311 0.00909961 0.00964717 0.0127865 0.0100341 0.0363742 0.00905249 0.011885 0.0097953 0.00838777 
0.00924367 0.0155969 0.00987665 0.00896842 0.0149139 0.00868338 0.00870684 0.0082618 0.00873936 0.00893006 0.0144208 0.00913671 0.0100788 0.0208606 0.00878269 0.0198398 0.00856726 0.0139615 0.0087827 0.00996151 0.00876433 0.0166862 0.00909044 0.0282909 0.00859477 0.0376589 0.00860425 0.0153516 0.00896999 0.0098544 0.0100701 0.0232308 0.00842129 0.0154953 0.0115642 0.827146 0.00939892 0.0203737 0.00840462 0.0072145 0.00347484 0.00328295 0.0032759 0.00319356 0 0.00388452 0.886025 0.0156901 0.014728 0.00552577 0.00700288 0.00754157 0.00752389 0.00782646 0.00716528 0.00613581 0.00763142 0.0340815 0.00858687 0.0104111 0.0139095 0.00861112 0.0106349 0.011041 0.0184543 0.00900551 0.0165841 0.00879981 0.008653 0.00905386 
0.0200607 0.00987447 0.00861409 0.00943795 0.00870988 0.0116789 0.00978351 0.00836448 0.0109273 0.00839354 0.0111799 0.0102126 0.00927572 0.00884185 0.0124366 0.00841674 0.0114732 0.00836733 0.00879728 0.00855404 0.0108784 0.0118355 0.0167387 0.00835292 0.0190184 0.00853494 0.0127848 0.00850532 0.0134573 0.00974288 0.0243134 0.00873467 0.0127855 0.01916 0.638418 0.00864961 0.0123078 0.00769779 0.0131909 0.00739608 0.00427076 0.00346538 0.00321744 0.00335531 0.00388452 0 0.041532 0.0315418 0.00408235 0.00446528 0.00520999 0.00649206 0.00602644 0.00695661 0.00668125 0.00633191 0.0331741 0.00830873 0.00848704 0.00932331 0.0100435 0.0118988 0.0207694 0.0272798 0.00870724 0.00981814 0.00890314 0.0132984 0.0146595 0.00845235 
0.00878789 0.00888987 0.00898171 0.00883842 0.010403 0.0116647 0.00995327 0.00884763 0.00869965 0.00888597 0.0140267 0.00878011 0.00974585 0.00989313 0.00875432 0.0110286 0.0085839 0.00958622 0.00854203 0.0100148 0.0133866 0.0169709 0.00893491 0.014616 0.00880887 0.0147297 0.00881165 0.0108379 0.0093295 0.0230573 0.00965382 0.00936424 0.00913378 0.0183664 0.00887543 0.0119949 0.00878811 0.0167882 0.0100506 0.0187258 0.00793324 0.00519776 0.010276 0.00685184 0.886025 0.041532 0 0.00327752 0.00322169 0.00320995 0.00326738 0.00333417 0.00343144 0.00415885 0.00585061 0.00822607 0.00613606 0.00700138 0.00713455 0.00886936 0.0139273 0.0133588 0.0116047 0.00899969 0.00991766 0.00933656 0.0141596 0.0163181 0.0103571 0.0108797 
0.00886432 0.0110297 0.0115911 0.0137612 0.0113676 0.00973768 0.00850199 0.00843064 0.0086292 0.00847543 0.00888947 0.0160228 0.0120112 0.0125737 0.0167519 0.00893063 0.0241409 0.00883088 0.0119317 0.0104 0.00949553 0.00965036 0.025928 0.00897673 0.0202554 0.00900529 0.0184417 0.00948641 0.0195252 0.0106465 0.00891209 0.0103549 0.0241105 0.00929154 0.0123941 0.00936756 0.0174515 0.00914119 0.0320327 0.00940722 0.00618566 0.00813815 0.00640497 0.905438 0.0156901 0.0315418 0.00327752 0 0.00321238 0.00321713 0.00325839 0.00331201 0.00355606 0.0035852 0.00479685 0.00394646 0.006083 0.00706969 0.00956444 0.0119081 0.0201655 0.0103829 0.00996501 0.0146894 0.0141691 0.0148731 0.0120133 0.0111769 0.010375 0.00867554 
0.00888078 0.0117118 0.0224478 0.0225455 0.0130873 0.00992485 0.00840105 0.00828306 0.00842074 0.00837178 0.0106106 0.0119228 0.0233848 0.028999 0.014846 0.0254265 0.0101011 0.0189178 0.0121933 0.0106283 0.00944406 0.0109333 0.0101869 0.0205073 0.0105318 0.0215753 0.0108499 0.0285253 0.0111407 0.0110081 0.00897538 0.0189369 0.0109059 0.0145867 0.0105938 0.0205814 0.00981495 0.0296108 0.0104801 0.00988277 0.00840343 0.00953095 0.908221 0.0183728 0.014728 0.00408235 0.00322169 0.00321238 0 0.00321235 0.00323082 0.00322609 0.0032035 0.00348339 0.00333239 0.00360623 0.00567093 0.00738843 0.0111584 0.0144636 0.0112024 0.00864331 0.0117923 0.0137591 0.021188 0.0147275 0.0122907 0.0100905 0.00876049 0.00910309 
0.00889608 0.0158179 0.0359668 0.0341248 0.0151074 0.0102435 0.00847516 0.00837203 0.00845605 0.00841643 0.00969651 0.0159431 0.0277583 0.0338756 0.0367964 0.014082 0.0196466 0.0135119 0.017813 0.0104668 0.00962039 0.00988475 0.0154986 0.0127408 0.0251455 0.0142319 0.0295193 0.0181068 0.0163248 0.0101307 0.0101283 0.0113564 0.012742 0.0118212 0.0176528 0.0118457 0.032091 0.0148657 0.0129149 0.00955602 0.0101259 0.859246 0.0269563 0.0228138 0.00552577 0.00446528 0.00320995 0.00321713 0.00321235 0 0.00320707 0.00320747 0.00322222 0.00322424 0.0032342 0.00327925 0.00483123 0.0070177 0.0143095 0.0128154 0.0132187 0.0503421 0.0142876 0.0136355 0.0203496 0.020162 0.013383 0.00988603 0.00905559 0.00884091 
0.00986954 0.0226339 0.0450112 0.0454668 0.0167787 0.0108608 0.00884739 0.00849201 0.00859454 0.00866291 0.0106335 0.0217975 0.0367768 0.0497666 0.0446313 0.021556 0.0196986 0.0210154 0.0207975 0.0132456 0.00977119 0.0110645 0.0180423 0.0195796 0.0220407 0.0260239 0.0269801 0.0261964 0.0150238 0.0111532 0.00897165 0.0118207 0.0142842 0.0174515 0.0164999 0.0319154 0.0194089 0.0196367 0.0137116 0.0100657 0.69009 0.0422677 0.0115526 0.0082728 0.00700288 0.00520999 0.00326738 0.00325839 0.00323082 0.00320707 0 0.0032188 0.00323221 0.00325232 0.00323191 0.0032586 0.00473844 0.0069014 0.00934589 0.0161836 0.223574 0.163594 0.0110897 0.0172656 0.0190126 0.0230499 0.0139879 0.010849 0.00965264 0.00947692 
0.00969792 0.0234633 0.05738 0.0569023 0.0226131 0.0126816 0.00876822 0.00846574 0.00866704 0.00866774 0.0121899 0.018465 0.0472869 0.0513818 0.0517674 0.0223243 0.0227638 0.0186406 0.0295232 0.0133538 0.0101484 0.0110248 0.0179156 0.0230684 0.028373 0.0212135 0.0371546 0.0254906 0.0217337 0.0112595 0.00954769 0.0115973 0.0225046 0.015197 0.0332183 0.0184936 0.0225683 0.0203265 0.0186013 0.0204268 0.062378 0.0156473 0.00948581 0.0118472 0.00754157 0.00649206 0.00333417 0.00331201 0.00322609 0.00320747 0.0032188 0 0.00321344 0.00324933 0.00322811 0.00327117 0.00536461 0.00648396 0.0194147 0.262062 0.326758 0.0205195 0.0112115 0.0119482 0.0204052 0.0263282 0.0173526 0.0112794 0.00981854 0.00932443 
0.00919336 0.0205091 0.0460225 0.0540557 0.0218523 0.0113537 0.00870262 0.00839887 0.00854452 0.00852931 0.0108902 0.0207736 0.0341628 0.0483589 0.0366529 0.0217366 0.0185378 0.0215653 0.0189719 0.0137144 0.00969183 0.0111194 0.0148289 0.0243335 0.024289 0.0240109 0.0179223 0.0374853 0.0190663 0.0117483 0.00938289 0.0245739 0.0155964 0.0300354 0.0165879 0.0216181 0.0168965 0.0265304 0.0327373 0.013085 0.0109821 0.0118786 0.0119809 0.00928523 0.00752389 0.00602644 0.00343144 0.00355606 0.0032035 0.00322222 0.00323221 0.00321344 0 0.00320818 0.00321029 0.00321276 0.00369904 0.00540625 0.0513212 0.47864 0.0500968 0.00797124 0.00959803 0.012486 0.0213084 0.0293785 0.0232707 0.0120123 0.00928054 0.0095778 
0.00891086 0.0123055 0.0257562 0.024103 0.0134697 0.0104838 0.00843951 0.0083569 0.00843518 0.00853226 0.0103828 0.0129301 0.0226395 0.0229917 0.0191511 0.0126533 0.013634 0.0122891 0.0121412 0.0102288 0.00941058 0.00971799 0.0118415 0.0159277 0.0149677 0.0132553 0.0166483 0.0157781 0.0136548 0.0102126 0.0165367 0.0105731 0.0239247 0.0124356 0.0137152 0.0156235 0.0176281 0.0254206 0.0152893 0.0101335 0.0109661 0.013694 0.0108935 0.00946664 0.00782646 0.00695661 0.00415885 0.0035852 0.00348339 0.00322424 0.00325232 0.00324933 0.00320818 0 0.00320597 0.00319492 0.0037083 0.0138425 0.805706 0.0569214 0.0138957 0.00670216 0.00921168 0.0117552 0.0189478 0.016473 0.0118003 0.010723 0.00900074 0.00898233 
