1QHVA
AITIGNKNDDKLTLWTTPDPSPNCRIHSDNDCKFTLVLTKCGSQVLATVAALAVSGDLSSMTGTVASVSIFLRFDQNGVLMENSSLKKHYWNFRNGNSTNANPYTNAVGFMPNLLAYPKTQSQTAKNNIVSQVYLHGDKTKPMILTITLNGTSESTETSEVSTYSMSFTWSWESGKYTTETFATNSYTFSYIAQE
CCCCCCCCCHHHEEECCCCCCCCECCCCCCCEEEEEEEEEECCEEEEEEEEEECCCCCHHHCCCCCEEEEEEEECCCCCECCCCCECCCCCEEEECCEECCCCCCCCHHHCECCCCCCCCCCCCHHHEEEEEEEHHHCCCCEEEEEEEECHHHCCCCCCCCCCEEEEEEEECCCCCCCCCCCECCCEEEEEEECC
0 0 0 0 0 0 0 0 0 0 0 0 0 0 0 0 0 0 0 0 0 0 0 0 0 0 0 0 0 0 0 0 0 0 0 0 0 0 0 0 0 0 0 0 0 0 0 0 0 0 0 0 0 0 0 0 0 0 0 0 0 0 0 0 0 0 0 0 0 0 0 0 0 0 0 0 0 0 0 0 0 0 0 0 0 0 0 0 0 0 0 0 0 0 0 0 0 0 0 0 0 0 0 0 0 0 0 0 0 0 0 0 0 0 0 0 0 0 0 0 0 0 0 0 0 0 0 0 0 0 0 0 0 0 0 0 0 0 0 0 0 0 0 0 0 0 0 0 0 0 0 0 0 0 0 0 0 0 0 0 0 0 0 0 0 0 0 0 0 0 0 0 0 0 0 0 0 0 0 0 0 0 0 0 0 0 0 0 0 0 0 0 0 0 0 
0 0 0 0 0 0 0 0 0 0 0 0 0 0 0 0 0 0 0 0 0 0 0 0 0 0 0 0 0 0 0 0 0 0 0 0 0 0 0 0 0 0 0 0 0 0 0 0 0 0 0 0 0 0 0 0 0 0 0 0 0 0 0 0 0 0 0 0 0 0 0 0 0 0 0 0 0 0 0 0 0 0 0 0 0 0 0 0 0 0 0 0 0 0 0 0 0 0 0 0 0 0 0 0 0 0 0 0 0 0 0 0 0 0 0 0 0 0 0 0 0 0 0 0 0 0 0 0 0 0 0 0 0 0 0 0 0 0 0 0 0 0 0 0 0 0 0 0 0 0 0 0 0 0 0 0 0 0 0 0 0 0 0 0 0 0 0 0 0 0 0 0 0 0 0 0 0 0 0 0 0 0 0 0 0 0 0 0 0 0 0 0 0 0 0 
0 0.00333361 0.00335268 0.00565682 0.00902644 0.0141612 0.0135966 0.0160205 0.0120859 0.0126093 0.00988435 0.0157168 0.0104542 0.0203781 0.0111855 0.0099199 0.0109067 0.01037 0.0132405 0.0107035 0.0120893 0.0115818 0.0118886 0.0213231 0.0122191 0.0109593 0.0110453 0.0108662 0.0109179 0.0111223 0.0116363 0.0148653 0.0103255 0.0106646 0.00934328 0.00917151 0.00881525 0.0104214 0.0084992 0.00927616 0.00943315 0.0085204 0.00830228 0.00818527 0.00816627 0.00817871 0.00853853 0.0118313 0.00822114 0.00850381 0.00856154 0.00860776 0.00876065 0.00869787 0.00885573 0.00959314 0.00825625 0.00822708 0.00833948 0.00857602 0.00841665 0.00835373 0.00822158 0.00872097 0.00849399 0.00825747 0.00807408 0.00817634 0.00810299 0.00832533 0.00819363 0.00832242 
0.00333361 0 0.00332894 0.0121763 0.00963795 0.0216176 0.0225628 0.0141731 0.0211814 0.0111108 0.0203455 0.0100165 0.0266317 0.00984074 0.00969472 0.0142634 0.00994283 0.0138537 0.0103336 0.0126443 0.0127578 0.0132032 0.0290767 0.0133679 0.00949008 0.0164996 0.010821 0.0122196 0.010652 0.0144714 0.0205012 0.0119633 0.00941978 0.00913421 0.00906483 0.0208226 0.01046 0.00854491 0.00859182 0.00872297 0.00867854 0.00842001 0.00839492 0.00823221 0.00826498 0.0083375 0.00902976 0.00888412 0.00817132 0.0088647 0.00885127 0.00915906 0.00889644 0.0100893 0.00922837 0.00907272 0.00823373 0.00866287 0.00938169 0.00875391 0.00916084 0.00853094 0.00882307 0.00831865 0.00828745 0.00820263 0.00827456 0.00850778 0.00823588 0.00846111 0.00857386 0.00818857 
0.00335268 0.00332894 0 0.019515 0.0234256 0.016897 0.0122329 0.0211136 0.0140095 0.0216948 0.013674 0.0132521 0.0110565 0.0256488 0.013172 0.0100812 0.0106047 0.0109591 0.0114451 0.011883 0.0119632 0.0147833 0.0140094 0.0219938 0.0157508 0.0108578 0.0102932 0.0101468 0.0108987 0.0113291 0.0152085 0.0195931 0.0118886 0.0123717 0.0132715 0.00948725 0.00908056 0.00914034 0.00900009 0.00888174 0.00931584 0.0104696 0.00843137 0.00832608 0.00847412 0.00858961 0.00861745 0.00884298 0.00855134 0.00857372 0.00904185 0.00905748 0.0094024 0.00934272 0.00885296 0.00953136 0.0090257 0.00869664 0.00875293 0.00897741 0.0090807 0.00859146 0.008996 0.0083707 0.0087698 0.0084369 0.00835491 0.0082789 0.00824455 0.00860089 0.00819947 0.00826964 
0.00565682 0.0121763 0.019515 0 0.427101 0.00512606 0.00882418 0.00572031 0.00807678 0.00672566 0.00889326 0.00672041 0.00735691 0.010447 0.00971837 0.0196516 0.00814454 0.0126987 0.00833645 0.0118783 0.0105417 0.0107945 0.00986315 0.0265599 0.0149569 0.0157894 0.00853198 0.0124205 0.00849944 0.0103229 0.00933893 0.018725 0.0531678 0.0933411 0.00982122 0.00872528 0.00840119 0.00950902 0.00991801 0.0135564 0.0187495 0.00995412 0.0081814 0.00808112 0.00809334 0.00796143 0.00861432 0.00893615 0.00841491 0.00921673 0.00798576 0.00902403 0.00814681 0.0094661 0.00814347 0.0113315 0.00932828 0.00801676 0.00846398 0.00806377 0.00833824 0.00803502 0.00827207 0.00823362 0.0110088 0.00998733 0.00804005 0.00893176 0.00802593 0.00860972 0.008074 0.00946455 
0.00902644 0.00963795 0.0234256 0.427101 0 0.00324132 0.00331052 0.00326204 0.00344881 0.00415068 0.00380508 0.00347004 0.0052659 0.00781639 0.00675585 0.00842428 0.00703086 0.00968015 0.00787926 0.0120876 0.00881632 0.0182806 0.0138224 0.924028 0.010053 0.015041 0.00884582 0.0147161 0.00922036 0.0132612 0.00949859 0.0410295 0.011536 0.015745 0.00872878 0.00972206 0.00873422 0.0119787 0.00880119 0.0120675 0.00928128 0.00877052 0.00825236 0.0082772 0.00817806 0.00817355 0.00871867 0.0101582 0.00832779 0.00870926 0.0082409 0.00923435 0.00836284 0.00966902 0.00858705 0.0155226 0.0083656 0.0081662 0.00848611 0.00825406 0.00894391 0.00818793 0.00844087 0.00836512 0.00937214 0.00872991 0.00808031 0.00857084 0.008064 0.00869572 0.00816768 0.00874352 
0.0141612 0.0216176 0.016897 0.00512606 0.00324132 0 0.00322951 0.00326788 0.00327911 0.00351801 0.00346279 0.0045371 0.00433708 0.00388979 0.00738235 0.00632932 0.0107825 0.0073295 0.01769 0.0082316 0.0313461 0.0125552 0.963141 0.00992322 0.0234882 0.00877186 0.032739 0.00901544 0.0361376 0.00941651 0.0509738 0.00928043 0.00941372 0.0087667 0.0111984 0.00927074 0.0102595 0.00866431 0.00911887 0.00837613 0.00845873 0.00855677 0.00857573 0.00844828 0.00867431 0.00894455 0.00824998 0.00955336 0.00894143 0.00844361 0.0146929 0.00923378 0.0187987 0.00887416 0.0170386 0.00831575 0.00826338 0.00941335 0.00853649 0.0105577 0.00878157 0.0103676 0.00834225 0.00891655 0.008304 0.00808928 0.00924556 0.00820989 0.00894074 0.00832985 0.00848108 0.00810703 
0.0135966 0.0225628 0.0122329 0.00882418 0.00331052 0.00322951 0 0.00322281 0.00345664 0.00327114 0.00540591 0.00338831 0.00375345 0.00331729 0.00556138 0.0131756 0.00670073 0.0289396 0.0077522 0.0202906 0.0107134 0.975376 0.00980305 0.0134041 0.00903327 0.067185 0.00890532 0.0945365 0.0093946 0.141244 0.00954055 0.0167165 0.00907359 0.010887 0.00901622 0.0171853 0.00899074 0.00876633 0.00837169 0.00897565 0.00836327 0.00896263 0.00899876 0.00961257 0.00927884 0.00859065 0.0110629 0.00841922 0.00822558 0.0140547 0.00968486 0.0377216 0.0107011 0.0373443 0.00924534 0.00964554 0.00880129 0.00864323 0.0123913 0.00946979 0.0161014 0.00921667 0.0106051 0.00838749 0.0081385 0.00926689 0.0081475 0.0108823 0.00825962 0.0104024 0.00860008 0.00837213 
0.0160205 0.0141731 0.0211136 0.00572031 0.00326204 0.00326788 0.00322281 0 0.00322861 0.00316576 0.00329146 0.00397036 0.00320468 0.00333872 0.00978782 0.00654841 0.0145429 0.00766983 0.01746 0.0172238 0.977217 0.0158613 0.0155241 0.0103415 0.0323418 0.00935493 0.064366 0.0105229 0.120712 0.0110321 0.0394487 0.0106416 0.00977974 0.00891246 0.0144561 0.0101808 0.0105191 0.00913097 0.00885253 0.0084914 0.00877082 0.00919023 0.00951625 0.00987164 0.0104907 0.0133348 0.00868293 0.0102285 0.00929229 0.00918644 0.0326106 0.0117493 0.0483821 0.0126376 0.0203514 0.00891669 0.00858697 0.0105209 0.00992112 0.0190517 0.0104065 0.0130843 0.00902164 0.00903296 0.0083481 0.00829287 0.00971748 0.00838042 0.0107523 0.00877386 0.00874702 0.00829598 
0.0120859 0.0211814 0.0140095 0.00807678 0.00344881 0.00327911 0.00345664 0.00322861 0 0.00328961 0.0037341 0.00324248 0.00335272 0.00334195 0.00699364 0.018173 0.0067948 0.0242923 0.0115662 0.979343 0.0146602 0.021924 0.010058 0.0122711 0.0104206 0.0547123 0.0102486 0.128894 0.011081 0.134849 0.0118101 0.0155851 0.00956156 0.0100568 0.0102035 0.0193878 0.0094582 0.00907716 0.00846371 0.00896178 0.00856369 0.00936814 0.00943397 0.0123191 0.0119824 0.0102703 0.0105304 0.00886756 0.00842847 0.0175269 0.0122715 0.0529384 0.0166064 0.0494533 0.0120807 0.0103761 0.00891883 0.00948345 0.0180363 0.0116924 0.0213886 0.00976249 0.0105558 0.0085203 0.00829814 0.00894556 0.00835641 0.0107191 0.00870953 0.0113066 0.00881478 0.00841199 
0.0126093 0.0111108 0.0216948 0.00672566 0.00415068 0.00351801 0.00327114 0.00316576 0.00328961 0 0.00331805 0.00331584 0.00324775 0.00324723 0.00976841 0.00553618 0.0332056 0.00963443 0.989875 0.0111408 0.0172303 0.00986219 0.0181476 0.0102891 0.0230266 0.00969368 0.0962739 0.0102958 0.0965038 0.0140776 0.0446165 0.010487 0.00988305 0.0090161 0.0158854 0.0103172 0.011201 0.00910472 0.00904869 0.00851677 0.00879024 0.00953539 0.0100242 0.0103288 0.0108542 0.0131054 0.00921535 0.00952519 0.00935256 0.00963248 0.0358677 0.0126313 0.0546652 0.0134873 0.0217901 0.00945094 0.00873075 0.0101368 0.0119373 0.019556 0.0103521 0.0143666 0.00901288 0.00875285 0.0083622 0.00832734 0.00924692 0.00853096 0.0100369 0.00904605 0.00866764 0.00826956 
0.00988435 0.0203455 0.013674 0.00889326 0.00380508 0.00346279 0.00540591 0.00329146 0.0037341 0.00331805 0 0.00327122 0.00326032 0.00322907 0.00354758 0.0158082 0.00636134 0.989753 0.00821677 0.0140755 0.00796719 0.0212717 0.00915712 0.0132249 0.0090016 0.070434 0.00883209 0.0798225 0.00937527 0.0684729 0.0100196 0.0148964 0.00914024 0.0103269 0.00902603 0.0153324 0.00923086 0.00887056 0.00834462 0.00901505 0.00848959 0.010224 0.00911287 0.0102362 0.010059 0.00920404 0.0104282 0.0084969 0.0083736 0.0168154 0.00990679 0.0350376 0.0116659 0.0354669 0.010231 0.0101206 0.00880587 0.00897144 0.0168342 0.00995914 0.0154555 0.00894288 0.00981404 0.00844311 0.00833568 0.00905548 0.00831488 0.0106348 0.0084423 0.0102648 0.00844784 0.00845605 
0.0157168 0.0100165 0.0132521 0.00672041 0.00347004 0.0045371 0.00338831 0.00397036 0.00324248 0.00331584 0.00327122 0 0.00321677 0.00321127 0.00584866 0.00451622 0.959282 0.00613226 0.00998999 0.00582081 0.016916 0.00852954 0.0120258 0.00774383 0.0322093 0.0088 0.0372617 0.00901701 0.0366146 0.0097991 0.0186351 0.00954046 0.00911063 0.00856572 0.0108991 0.00937077 0.00954139 0.0086044 0.00862323 0.00832956 0.0083764 0.00877199 0.00898658 0.00874737 0.00877384 0.00957115 0.00849043 0.00917443 0.00882341 0.0085684 0.0183523 0.00960755 0.0207003 0.00982178 0.0109704 0.00859079 0.00830456 0.00892592 0.00899211 0.0116627 0.0089446 0.0101143 0.00857708 0.00831799 0.00811045 0.0081316 0.00854154 0.00843025 0.00881271 0.00840171 0.00834866 0.00813263 
0.0104542 0.0266317 0.0110565 0.00735691 0.0052659 0.00433708 0.00375345 0.00320468 0.00335272 0.00324775 0.00326032 0.00321677 0 0.00340283 0.00462382 0.989334 0.0036933 0.00558013 0.00441946 0.0100486 0.0108355 0.00939256 0.00708795 0.00905403 0.00937919 0.0224991 0.00870416 0.0147303 0.00910129 0.0139374 0.0100184 0.0105287 0.00916253 0.00973303 0.0092364 0.0108196 0.00879901 0.00830411 0.00840023 0.00877552 0.00840441 0.0087484 0.00837191 0.00820271 0.00824062 0.00815136 0.00865631 0.00823352 0.00817475 0.00923223 0.00859786 0.00985354 0.00867851 0.0101081 0.00844023 0.00849234 0.00834056 0.00828273 0.00876678 0.00843853 0.00905388 0.00829356 0.00840207 0.00808217 0.00810154 0.00838036 0.00819304 0.00847154 0.00806892 0.00824224 0.00814868 0.00813376 
0.0203781 0.00984074 0.0256488 0.010447 0.00781639 0.00388979 0.00331729 0.00333872 0.00334195 0.00324723 0.00322907 0.00321127 0.00340283 0 0.993239 0.00394581 0.00342721 0.00347698 0.00727167 0.00440273 0.00540527 0.00574939 0.00684684 0.0073702 0.0202583 0.00931789 0.00989508 0.00895429 0.0095859 0.00880829 0.0110778 0.0117323 0.0137981 0.01387 0.0137381 0.00874134 0.00850398 0.00880568 0.00989082 0.00899484 0.00937452 0.0100267 0.0083416 0.0081899 0.00809513 0.00824931 0.00822646 0.0084794 0.00898572 0.00826834 0.00832735 0.00829065 0.00861395 0.00838283 0.00822449 0.00889997 0.00900112 0.00840694 0.00815008 0.00831747 0.00819779 0.00820788 0.00821083 0.0080995 0.00901237 0.00861917 0.00830018 0.00805389 0.0081451 0.00813304 0.00816175 0.00808665 
0.0111855 0.00969472 0.013172 0.00971837 0.00675585 0.00738235 0.00556138 0.00978782 0.00699364 0.00976841 0.00354758 0.00584866 0.00462382 0.993239 0 0.00336453 0.00342799 0.00325588 0.00374663 0.00351192 0.00435258 0.00369284 0.0063522 0.00808235 0.0576082 0.00897597 0.0143232 0.00882423 0.0195242 0.00875834 0.0125855 0.0140776 0.0139893 0.0124868 0.0115089 0.00871987 0.00910638 0.0112488 0.0106565 0.00989047 0.00927349 0.00859943 0.00854963 0.0081516 0.00832299 0.00881802 0.00831518 0.0151617 0.00957009 0.0081165 0.00922983 0.00830343 0.00988662 0.00844776 0.00995038 0.0095449 0.00821071 0.00823686 0.00819163 0.00850581 0.00817487 0.00843213 0.0080673 0.00901486 0.00947164 0.00814717 0.00899657 0.00805843 0.00878378 0.00812406 0.00829188 0.00832494 
0.0099199 0.0142634 0.0100812 0.0196516 0.00842428 0.00632932 0.0131756 0.00654841 0.018173 0.00553618 0.0158082 0.00451622 0.989334 0.00394581 0.00336453 0 0.00321935 0.00331556 0.00322454 0.00356195 0.00339916 0.00465371 0.00420426 0.008132 0.00867368 0.0649639 0.00864316 0.0531645 0.00885223 0.0245704 0.010004 0.0214708 0.00990858 0.0142362 0.00878433 0.0127073 0.00911034 0.00952902 0.00858812 0.0103713 0.00844445 0.00923895 0.00830861 0.0085478 0.00851618 0.0082761 0.0111702 0.00832003 0.0081167 0.0116351 0.00849727 0.0169258 0.00879415 0.0154422 0.00882102 0.0100806 0.00849013 0.00824814 0.00923868 0.00836199 0.0105816 0.00824084 0.00946394 0.00815922 0.00860953 0.0092039 0.00820736 0.00942721 0.00813179 0.00902883 0.00822136 0.00844187 
0.0109067 0.00994283 0.0106047 0.00814454 0.00703086 0.0107825 0.00670073 0.0145429 0.0067948 0.0332056 0.00636134 0.959282 0.0036933 0.00342721 0.00342799 0.00321935 0 0.00320007 0.00328243 0.00326043 0.00339273 0.0033184 0.00377776 0.0035159 0.0255761 0.00861859 0.0798124 0.00867606 0.0432895 0.00891697 0.0274972 0.00888744 0.00920396 0.00869162 0.0130865 0.00892897 0.00984686 0.0086858 0.00962473 0.0083187 0.00856256 0.00851656 0.00882155 0.00878314 0.00897375 0.0110709 0.00823991 0.0101436 0.00906585 0.00844318 0.0227491 0.00911494 0.0284077 0.00937025 0.0138711 0.00845277 0.00834819 0.00876713 0.00895267 0.0137348 0.00901302 0.0118116 0.00834925 0.0111168 0.00829133 0.00811676 0.00927013 0.0083107 0.0096008 0.00844157 0.00847981 0.00819895 
0.01037 0.0138537 0.0109591 0.0126987 0.00968015 0.0073295 0.0289396 0.00766983 0.0242923 0.00963443 0.989753 0.00613226 0.00558013 0.00347698 0.00325588 0.00331556 0.00320007 0 0.00320481 0.00330466 0.00319965 0.00355257 0.00331524 0.00393699 0.0085663 0.0709404 0.00880435 0.0683788 0.00910058 0.113213 0.00932387 0.0264737 0.00964524 0.0125194 0.00925669 0.0147901 0.0088716 0.0090945 0.00844636 0.0102828 0.00848158 0.0093311 0.00887383 0.00970214 0.00990352 0.00858098 0.0109496 0.00848533 0.00825316 0.0168334 0.0094885 0.0440909 0.0100125 0.0444789 0.00934462 0.010632 0.00889504 0.00856479 0.0158404 0.00907191 0.0183674 0.00877867 0.0200891 0.00824309 0.00825319 0.00960267 0.00819346 0.0122476 0.00833408 0.0111336 0.00836541 0.00884951 
0.0132405 0.0103336 0.0114451 0.00833645 0.00787926 0.01769 0.0077522 0.01746 0.0115662 0.989875 0.00821677 0.00998999 0.00441946 0.00727167 0.00374663 0.00322454 0.00328243 0.00320481 0 0.00321934 0.00329403 0.00323776 0.00338752 0.00335386 0.048545 0.00881863 0.0777794 0.00889684 0.1082 0.00943809 0.0425603 0.00914131 0.0095635 0.00879345 0.0134491 0.00930724 0.0106292 0.00873936 0.00982669 0.00845605 0.00863966 0.00867203 0.00933278 0.00913294 0.00939414 0.0124403 0.00843898 0.0110568 0.00999498 0.00852719 0.028636 0.0098183 0.04947 0.0108532 0.0183889 0.00854002 0.0083467 0.0100316 0.00907653 0.0242669 0.00954148 0.0236553 0.00853305 0.00909483 0.00848157 0.00817208 0.00982214 0.00835867 0.0110405 0.00859653 0.00894235 0.00825897 
0.0107035 0.0126443 0.011883 0.0118783 0.0120876 0.0082316 0.0202906 0.0172238 0.979343 0.0111408 0.0140755 0.00582081 0.0100486 0.00440273 0.00351192 0.00356195 0.00326043 0.00330466 0.00321934 0 0.00322021 0.00333425 0.00331886 0.00345111 0.00905907 0.069923 0.00937727 0.143828 0.00977136 0.0679468 0.0101741 0.015399 0.00958441 0.0113378 0.00946596 0.0159693 0.00918158 0.0093017 0.0085753 0.00979963 0.00845372 0.00909229 0.00901958 0.00994472 0.0101293 0.00900283 0.0101203 0.00863016 0.00828171 0.0166276 0.00944846 0.05363 0.0111273 0.0527188 0.00930669 0.0102344 0.0088091 0.00866163 0.0335305 0.00936242 0.0261757 0.00880649 0.0108053 0.00831469 0.00814702 0.00927392 0.00817939 0.0111374 0.00835613 0.010695 0.00843123 0.00835348 
0.0120893 0.0127578 0.0119632 0.0105417 0.00881632 0.0313461 0.0107134 0.977217 0.0146602 0.0172303 0.00796719 0.016916 0.0108355 0.00540527 0.00435258 0.00339916 0.00339273 0.00319965 0.00329403 0.00322021 0 0.00321166 0.00329484 0.00323214 0.0458938 0.0104877 0.10091 0.0101521 0.0763296 0.0121076 0.033083 0.00995792 0.00979153 0.00918913 0.0173384 0.0101691 0.011324 0.00903781 0.00937279 0.008614 0.00891616 0.00919483 0.00985851 0.0100861 0.0102375 0.0147818 0.00892716 0.0103788 0.00937584 0.00904515 0.0340473 0.0119075 0.0510528 0.0139709 0.0181265 0.00930978 0.00878402 0.0129944 0.00976264 0.0249584 0.0103483 0.0129666 0.00868962 0.008829 0.00827215 0.00831186 0.00929353 0.00864549 0.0108209 0.00884776 0.00869951 0.00835393 
0.0115818 0.0132032 0.0147833 0.0107945 0.0182806 0.0125552 0.975376 0.0158613 0.021924 0.00986219 0.0212717 0.00852954 0.00939256 0.00574939 0.00369284 0.00465371 0.0033184 0.00355257 0.00323776 0.00333425 0.00321166 0 0.00322011 0.00323817 0.00972893 0.114017 0.0114104 0.0916636 0.0118499 0.0859339 0.0117056 0.0142126 0.00973475 0.0106174 0.00953365 0.0207895 0.00952226 0.00915656 0.00854773 0.00911129 0.00860557 0.00956597 0.00932599 0.0112281 0.0113582 0.00957051 0.0104473 0.00877646 0.00848622 0.0204718 0.0106002 0.0504366 0.0135088 0.0565541 0.0110835 0.0104113 0.0100863 0.00970595 0.0255417 0.0105484 0.0200261 0.00942975 0.0111581 0.00840202 0.00826741 0.00889723 0.00827485 0.0113264 0.008462 0.0108203 0.00863142 0.00851033 
0.0118886 0.0290767 0.0140094 0.00986315 0.0138224 0.963141 0.00980305 0.0155241 0.010058 0.0181476 0.00915712 0.0120258 0.00708795 0.00684684 0.0063522 0.00420426 0.00377776 0.00331524 0.00338752 0.00331886 0.00329484 0.00322011 0 0.00323433 0.0883616 0.0102721 0.041287 0.00998118 0.0386202 0.0101013 0.0608811 0.010422 0.0128646 0.0102511 0.0185787 0.0102324 0.0112987 0.00880985 0.0105592 0.00909075 0.00909308 0.00956346 0.00934472 0.00877928 0.00894915 0.0093785 0.00871987 0.0091663 0.0105703 0.00882794 0.0169114 0.00944825 0.0187938 0.0100568 0.0153009 0.00955492 0.00876088 0.0136696 0.00890419 0.0130601 0.00887543 0.00985291 0.00853854 0.00866473 0.00855009 0.00829498 0.00964987 0.00844137 0.00914787 0.00857925 0.00856917 0.00822593 
0.0213231 0.0133679 0.0219938 0.0265599 0.924028 0.00992322 0.0134041 0.0103415 0.0122711 0.0102891 0.0132249 0.00774383 0.00905403 0.0073702 0.00808235 0.008132 0.0035159 0.00393699 0.00335386 0.00345111 0.00323214 0.00323817 0.00323433 0 0.0129826 0.0343636 0.00972801 0.019296 0.0106641 0.0162524 0.0113762 0.0766964 0.0209559 0.0286819 0.015095 0.0107463 0.0088836 0.0101188 0.0111634 0.0121503 0.0107666 0.0152841 0.00889833 0.00859202 0.00857876 0.00842852 0.00929713 0.0094641 0.00930015 0.0118021 0.0088106 0.0103848 0.00925503 0.0107625 0.00877952 0.0112633 0.0128829 0.00882555 0.00917484 0.00886447 0.00896827 0.00851751 0.00908354 0.00820193 0.0101422 0.0104156 0.00839694 0.0089603 0.00823784 0.0088614 0.00830759 0.00850965 
0.0122191 0.00949008 0.0157508 0.0149569 0.010053 0.0234882 0.00903327 0.0323418 0.0104206 0.0230266 0.0090016 0.0322093 0.00937919 0.0202583 0.0576082 0.00867368 0.0255761 0.0085663 0.048545 0.00905907 0.0458938 0.00972893 0.0883616 0.0129826 0 0.00325982 0.0033441 0.00327018 0.00404544 0.0033222 0.00473605 0.00720729 0.0160969 0.0130949 0.033622 0.00866299 0.0113399 0.0149212 0.0164318 0.0108079 0.0123829 0.00936942 0.00920026 0.00863005 0.00910872 0.0105444 0.00862531 0.0383697 0.0173688 0.00825908 0.0145783 0.00861222 0.0173181 0.00879466 0.0192499 0.0115587 0.00900796 0.00951899 0.00826979 0.0113853 0.00822829 0.0109621 0.00822536 0.041348 0.0107471 0.00833216 0.0108998 0.00806655 0.0102951 0.00822929 0.00965467 0.00883963 
0.0109593 0.0164996 0.0108578 0.0157894 0.015041 0.00877186 0.067185 0.00935493 0.0547123 0.00969368 0.070434 0.0088 0.0224991 0.00931789 0.00897597 0.0649639 0.00861859 0.0709404 0.00881863 0.069923 0.0104877 0.114017 0.0102721 0.0343636 0.00325982 0 0.00320268 0.00396786 0.00321655 0.0038639 0.00343634 0.00459374 0.00730002 0.0129389 0.00833108 0.0231799 0.00925987 0.0103556 0.00864032 0.015312 0.00937319 0.0112638 0.00886201 0.00976584 0.0099094 0.00857253 0.0199363 0.00861092 0.00828222 0.0295438 0.00849123 0.0352282 0.00866205 0.0419131 0.00894109 0.0131464 0.00984329 0.00848694 0.0161788 0.00847625 0.0184943 0.00831966 0.041001 0.00824001 0.0084233 0.0109903 0.00807425 0.0128398 0.008122 0.0124789 0.00828246 0.00928456 
0.0110453 0.010821 0.0102932 0.00853198 0.00884582 0.032739 0.00890532 0.064366 0.0102486 0.0962739 0.00883209 0.0372617 0.00870416 0.00989508 0.0143232 0.00864316 0.0798124 0.00880435 0.0777794 0.00937727 0.10091 0.0114104 0.041287 0.00972801 0.0033441 0.00320268 0 0.00320157 0.00342015 0.00325929 0.00338967 0.00326386 0.0063634 0.00769058 0.0162215 0.00881895 0.0110858 0.00871058 0.0104123 0.00837996 0.00900669 0.00900313 0.00990171 0.00917788 0.00986594 0.0184044 0.00847962 0.0148408 0.0109024 0.00854545 0.0637947 0.00894355 0.0917667 0.010189 0.0253515 0.00851366 0.00851236 0.0126295 0.00883918 0.0304939 0.00924319 0.0626313 0.0084844 0.00989117 0.0083372 0.00815282 0.0112582 0.00821348 0.013517 0.00867278 0.0111866 0.00833922 
0.0108662 0.0122196 0.0101468 0.0124205 0.0147161 0.00901544 0.0945365 0.0105229 0.128894 0.0102958 0.0798225 0.00901701 0.0147303 0.00895429 0.00882423 0.0531645 0.00867606 0.0683788 0.00889684 0.143828 0.0101521 0.0916636 0.00998118 0.019296 0.00327018 0.00396786 0.00320157 0 0.0031942 0.00337885 0.00322432 0.00330875 0.00614411 0.0108035 0.00857341 0.0155546 0.00875343 0.00975497 0.00830255 0.011171 0.00886773 0.0112748 0.00951074 0.0117274 0.0128124 0.00915051 0.0170224 0.00904936 0.00848328 0.0309538 0.00961913 0.127619 0.0111479 0.109481 0.0102905 0.0124942 0.00997384 0.00882712 0.0388742 0.00990454 0.108432 0.0091929 0.0136737 0.00850808 0.00834107 0.011229 0.00822328 0.0207009 0.00842931 0.0155281 0.00855452 0.00938889 
0.0109179 0.010652 0.0108987 0.00849944 0.00922036 0.0361376 0.0093946 0.120712 0.011081 0.0965038 0.00937527 0.0366146 0.00910129 0.0095859 0.0195242 0.00885223 0.0432895 0.00910058 0.1082 0.00977136 0.0763296 0.0118499 0.0386202 0.0106641 0.00404544 0.00321655 0.00342015 0.0031942 0 0.00323875 0.00321874 0.00325687 0.00632837 0.00786568 0.0175488 0.00971977 0.0120468 0.00902801 0.00925045 0.00845658 0.00916606 0.0093514 0.0100133 0.011797 0.0121931 0.0202339 0.00901125 0.0160566 0.010427 0.00886922 0.0722494 0.0102013 0.118247 0.0122712 0.0316309 0.00881348 0.00875184 0.0172591 0.0101515 0.0966065 0.0102854 0.0243248 0.0088875 0.00924573 0.00833555 0.00818063 0.0115814 0.00836492 0.0186085 0.00931065 0.00931196 0.00844667 
0.0111223 0.0144714 0.0113291 0.0103229 0.0132612 0.00941651 0.141244 0.0110321 0.134849 0.0140776 0.0684729 0.0097991 0.0139374 0.00880829 0.00875834 0.0245704 0.00891697 0.113213 0.00943809 0.0679468 0.0121076 0.0859339 0.0101013 0.0162524 0.0033222 0.0038639 0.00325929 0.00337885 0.00323875 0 0.00318367 0.0032784 0.00499509 0.00958302 0.00908748 0.022388 0.0103679 0.00905868 0.00824568 0.00975063 0.00911189 0.0100171 0.00984534 0.0137585 0.0125153 0.0096071 0.0131393 0.00891767 0.00858637 0.03496 0.011316 0.110958 0.0129047 0.118354 0.010458 0.0116182 0.0105389 0.00991467 0.100791 0.0108769 0.0429362 0.00978625 0.012774 0.00846351 0.0082359 0.0103078 0.0083847 0.0149754 0.00870228 0.013561 0.00866509 0.00856938 
0.0116363 0.0205012 0.0152085 0.00933893 0.00949859 0.0509738 0.00954055 0.0394487 0.0118101 0.0446165 0.0100196 0.0186351 0.0100184 0.0110778 0.0125855 0.010004 0.0274972 0.00932387 0.0425603 0.0101741 0.033083 0.0117056 0.0608811 0.0113762 0.00473605 0.00343634 0.00338967 0.00322432 0.00321874 0.00318367 0 0.00320342 0.0134532 0.0165246 0.0220097 0.0169378 0.0323068 0.00906616 0.0110447 0.00993792 0.00986274 0.00986361 0.0116277 0.00929079 0.00970287 0.0114323 0.00943498 0.0111623 0.010657 0.0092639 0.0342503 0.00978971 0.036817 0.0113998 0.0385582 0.010392 0.0088118 0.0481618 0.00992328 0.0198929 0.00966647 0.013177 0.00895318 0.00894835 0.00888724 0.00830417 0.0113857 0.00837191 0.0102592 0.00891393 0.00915309 0.00835076 
0.0148653 0.0119633 0.0195931 0.018725 0.0410295 0.00928043 0.0167165 0.0106416 0.0155851 0.010487 0.0148964 0.00954046 0.0105287 0.0117323 0.0140776 0.0214708 0.00888744 0.0264737 0.00914131 0.015399 0.00995792 0.0142126 0.010422 0.0766964 0.00720729 0.00459374 0.00326386 0.00330875 0.00325687 0.0032784 0.00320342 0 0.625663 0.0239824 0.0248697 0.0141141 0.0106914 0.0166979 0.0121699 0.0151406 0.0127648 0.017829 0.00923278 0.00881924 0.00873998 0.00869845 0.0093127 0.0103953 0.00991137 0.013095 0.00908334 0.0119649 0.00941038 0.0124175 0.0098589 0.0200115 0.0248584 0.00897559 0.0105819 0.00923725 0.00968228 0.00891718 0.00925986 0.00887974 0.0107253 0.0139937 0.00838854 0.00904041 0.00835643 0.00874503 0.00855718 0.00895482 
0.0103255 0.00941978 0.0118886 0.0531678 0.011536 0.00941372 0.00907359 0.00977974 0.00956156 0.00988305 0.00914024 0.00911063 0.00916253 0.0137981 0.0139893 0.00990858 0.00920396 0.00964524 0.0095635 0.00958441 0.00979153 0.00973475 0.0128646 0.0209559 0.0160969 0.00730002 0.0063634 0.00614411 0.00632837 0.00499509 0.0134532 0.625663 0 0.124799 0.0152558 0.00803108 0.0093272 0.00952047 0.0146605 0.0163816 0.0365636 0.0117237 0.00888181 0.00840805 0.00848631 0.00850623 0.0093004 0.0140294 0.010757 0.00901495 0.00875347 0.00881797 0.0092829 0.00904071 0.0103544 0.0135186 0.00979608 0.00863501 0.00847083 0.00838399 0.00838903 0.00822017 0.00827009 0.00900071 0.0155317 0.0093215 0.00844768 0.00833723 0.00823386 0.00819058 0.00826534 0.00894818 
0.0106646 0.00913421 0.0123717 0.0933411 0.015745 0.0087667 0.010887 0.00891246 0.0100568 0.0090161 0.0103269 0.00856572 0.00973303 0.01387 0.0124868 0.0142362 0.00869162 0.0125194 0.00879345 0.0113378 0.00918913 0.0106174 0.0102511 0.0286819 0.0130949 0.0129389 0.00769058 0.0108035 0.00786568 0.00958302 0.0165246 0.0239824 0.124799 0 0.0281296 0.00567831 0.00877164 0.00745842 0.0124057 0.0236251 0.0513683 0.0148474 0.00901944 0.00853271 0.00857024 0.00845724 0.0110704 0.0134215 0.0104908 0.0117744 0.00846082 0.0104937 0.00877398 0.0097998 0.00943493 0.0191637 0.0124529 0.00868471 0.00864338 0.00834731 0.00859342 0.00818617 0.00855257 0.00931222 0.022516 0.0118722 0.0083698 0.0085365 0.00818911 0.00832958 0.00842134 0.0107644 
0.00934328 0.00906483 0.0132715 0.00982122 0.00872878 0.0111984 0.00901622 0.0144561 0.0102035 0.0158854 0.00902603 0.0108991 0.0092364 0.0137381 0.0115089 0.00878433 0.0130865 0.00925669 0.0134491 0.00946596 0.0173384 0.00953365 0.0185787 0.015095 0.033622 0.00833108 0.0162215 0.00857341 0.0175488 0.00908748 0.0220097 0.0248697 0.0152558 0.0281296 0 0.00322372 0.00338679 0.00387143 0.00431932 0.00806435 0.0127008 0.011562 0.00900273 0.00861759 0.00885332 0.00987685 0.00921231 0.0426082 0.0130524 0.00896234 0.0166698 0.00955139 0.0190869 0.00978391 0.0203729 0.0151742 0.00935181 0.0102344 0.00865709 0.0122479 0.00867794 0.00981624 0.00851846 0.0167877 0.010433 0.00814863 0.0090412 0.00812019 0.00901035 0.00838386 0.00940353 0.00962856 
0.00917151 0.0208226 0.00948725 0.00872528 0.00972206 0.00927074 0.0171853 0.0101808 0.0193878 0.0103172 0.0153324 0.00937077 0.0108196 0.00874134 0.00871987 0.0127073 0.00892897 0.0147901 0.00930724 0.0159693 0.0101691 0.0207895 0.0102324 0.0107463 0.00866299 0.0231799 0.00881895 0.0155546 0.00971977 0.022388 0.0169378 0.0141141 0.00803108 0.00567831 0.00322372 0 0.014324 0.00320716 0.00720005 0.0349349 0.0125657 0.010456 0.00912542 0.00899473 0.00926874 0.00888439 0.015689 0.00936736 0.00891253 0.0150679 0.00942708 0.0214594 0.0102494 0.0241879 0.0102917 0.0107262 0.00904455 0.00963357 0.016728 0.00959024 0.0138452 0.00905612 0.0246325 0.00844184 0.00828912 0.00860022 0.00828004 0.00943446 0.00838591 0.0093463 0.00868978 0.00847335 
0.00881525 0.01046 0.00908056 0.00840119 0.00873422 0.0102595 0.00899074 0.0105191 0.0094582 0.011201 0.00923086 0.00954139 0.00879901 0.00850398 0.00910638 0.00911034 0.00984686 0.0088716 0.0106292 0.00918158 0.011324 0.00952226 0.0112987 0.0088836 0.0113399 0.00925987 0.0110858 0.00875343 0.0120468 0.0103679 0.0323068 0.0106914 0.0093272 0.00877164 0.00338679 0.014324 0 0.00334578 0.0128606 0.704143 0.00683684 0.00972937 0.00922446 0.00874667 0.00870331 0.00948607 0.00901643 0.00937802 0.00893642 0.00939929 0.0114362 0.00942423 0.0122708 0.00995703 0.0123086 0.00909185 0.00875485 0.0109388 0.00899209 0.0104793 0.00910123 0.0106708 0.00891236 0.00841049 0.00835672 0.0082697 0.00862877 0.00828277 0.00833788 0.00861496 0.00852022 0.0082522 
0.0104214 0.00854491 0.00914034 0.00950902 0.0119787 0.00866431 0.00876633 0.00913097 0.00907716 0.00910472 0.00887056 0.0086044 0.00830411 0.00880568 0.0112488 0.00952902 0.0086858 0.0090945 0.00873936 0.0093017 0.00903781 0.00915656 0.00880985 0.0101188 0.0149212 0.0103556 0.00871058 0.00975497 0.00902801 0.00905868 0.00906616 0.0166979 0.00952047 0.00745842 0.00387143 0.00320716 0.00334578 0 0.888816 0.00613591 0.00758178 0.0135232 0.00986727 0.0083373 0.00854195 0.0085917 0.00920634 0.00926853 0.0105858 0.00940595 0.00888013 0.00904525 0.00940917 0.0093831 0.00889642 0.0104372 0.0148759 0.00872255 0.00881631 0.00878629 0.0088966 0.00867036 0.00841969 0.00827829 0.00958605 0.0100417 0.00829698 0.0082522 0.00824453 0.00832593 0.0082462 0.00818495 
0.0084992 0.00859182 0.00900009 0.00991801 0.00880119 0.00911887 0.00837169 0.00885253 0.00846371 0.00904869 0.00834462 0.00862323 0.00840023 0.00989082 0.0106565 0.00858812 0.00962473 0.00844636 0.00982669 0.0085753 0.00937279 0.00854773 0.0105592 0.0111634 0.0164318 0.00864032 0.0104123 0.00830255 0.00925045 0.00824568 0.0110447 0.0121699 0.0146605 0.0124057 0.00431932 0.00720005 0.0128606 0.888816 0 0.00761935 0.0154399 0.00999201 0.00882634 0.00844467 0.00846486 0.00930447 0.00868304 0.0266773 0.0110099 0.0086552 0.00947076 0.00853798 0.00980428 0.00863028 0.0106083 0.011349 0.00860557 0.00893561 0.00830904 0.00854103 0.00831283 0.00829927 0.00823838 0.00949707 0.0104335 0.00838138 0.00920855 0.00811529 0.00853743 0.00812937 0.00845305 0.00886011 
0.00927616 0.00872297 0.00888174 0.0135564 0.0120675 0.00837613 0.00897565 0.0084914 0.00896178 0.00851677 0.00901505 0.00832956 0.00877552 0.00899484 0.00989047 0.0103713 0.0083187 0.0102828 0.00845605 0.00979963 0.008614 0.00911129 0.00909075 0.0121503 0.0108079 0.015312 0.00837996 0.011171 0.00845658 0.00975063 0.00993792 0.0151406 0.0163816 0.0236251 0.00806435 0.0349349 0.704143 0.00613591 0.00761935 0 0.0416086 0.0130895 0.00912077 0.00836882 0.00883505 0.00842153 0.0116691 0.00968987 0.00979275 0.0110497 0.00856851 0.00962402 0.00883702 0.0100534 0.00928635 0.0110154 0.0119901 0.00869345 0.00875665 0.00854382 0.00866772 0.00829191 0.0088086 0.00819447 0.0103991 0.0115733 0.0082171 0.00878828 0.00805948 0.00836278 0.00822003 0.00925529 
0.00943315 0.00867854 0.00931584 0.0187495 0.00928128 0.00845873 0.00836327 0.00877082 0.00856369 0.00879024 0.00848959 0.0083764 0.00840441 0.00937452 0.00927349 0.00844445 0.00856256 0.00848158 0.00863966 0.00845372 0.00891616 0.00860557 0.00909308 0.0107666 0.0123829 0.00937319 0.00900669 0.00886773 0.00916606 0.00911189 0.00986274 0.0127648 0.0365636 0.0513683 0.0127008 0.0125657 0.00683684 0.00758178 0.0154399 0.0416086 0 0.0121904 0.00655388 0.00716191 0.0068914 0.00713218 0.00782497 0.0126701 0.0105417 0.0090244 0.00906237 0.00878909 0.00938858 0.00947286 0.0106229 0.0299886 0.00980065 0.00928804 0.00904033 0.00895748 0.00908796 0.0088681 0.00875423 0.00983257 0.0207057 0.00978989 0.0088978 0.00825395 0.00840913 0.008177 0.00861015 0.00957701 
0.0085204 0.00842001 0.0104696 0.00995412 0.00877052 0.00855677 0.00896263 0.00919023 0.00936814 0.00953539 0.010224 0.00877199 0.0087484 0.0100267 0.00859943 0.00923895 0.00851656 0.0093311 0.00867203 0.00909229 0.00919483 0.00956597 0.00956346 0.0152841 0.00936942 0.0112638 0.00900313 0.0112748 0.0093514 0.0100171 0.00986361 0.017829 0.0117237 0.0148474 0.011562 0.010456 0.00972937 0.0135232 0.00999201 0.0130895 0.0121904 0 0.00325272 0.00324905 0.00323729 0.0032158 0.003556 0.00362629 0.00566142 0.00639134 0.00617975 0.00741196 0.00837462 0.0422836 0.459903 0.0707542 0.0128499 0.00993865 0.0100709 0.00958056 0.00997004 0.00927486 0.0108824 0.0153848 0.0122235 0.0101415 0.00875193 0.00944047 0.00893799 0.00947145 0.00928811 0.0140044 
0.00830228 0.00839492 0.00843137 0.0081814 0.00825236 0.00857573 0.00899876 0.00951625 0.00943397 0.0100242 0.00911287 0.00898658 0.00837191 0.0083416 0.00854963 0.00830861 0.00882155 0.00887383 0.00933278 0.00901958 0.00985851 0.00932599 0.00934472 0.00889833 0.00920026 0.00886201 0.00990171 0.00951074 0.0100133 0.00984534 0.0116277 0.00923278 0.00888181 0.00901944 0.00900273 0.00912542 0.00922446 0.00986727 0.00882634 0.00912077 0.00655388 0.00325272 0 0.00319386 0.0032081 0.0032036 0.00328471 0.0035741 0.00573701 0.00699055 0.0077362 0.00820425 0.0639593 0.523252 0.0381576 0.00921478 0.00932807 0.0103376 0.00985688 0.0107097 0.00960152 0.0112974 0.0106389 0.00912258 0.00911937 0.00872503 0.00889887 0.0088728 0.00949843 0.00919988 0.0105023 0.00906933 
0.00818527 0.00823221 0.00832608 0.00808112 0.0082772 0.00844828 0.00961257 0.00987164 0.0123191 0.0103288 0.0102362 0.00874737 0.00820271 0.0081899 0.0081516 0.0085478 0.00878314 0.00970214 0.00913294 0.00994472 0.0100861 0.0112281 0.00877928 0.00859202 0.00863005 0.00976584 0.00917788 0.0117274 0.011797 0.0137585 0.00929079 0.00881924 0.00840805 0.00853271 0.00861759 0.00899473 0.00874667 0.0083373 0.00844467 0.00836882 0.00716191 0.00324905 0.00319386 0 0.00330202 0.00321381 0.0032234 0.00321012 0.00608852 0.0070227 0.00803338 0.0382278 0.591395 0.0363687 0.00905434 0.00797694 0.00878881 0.00937682 0.010618 0.0112118 0.0144548 0.0107942 0.00928247 0.00865077 0.0084512 0.00892086 0.00868251 0.0095485 0.00908546 0.0103856 0.00892358 0.00847943 
0.00816627 0.00826498 0.00847412 0.00809334 0.00817806 0.00867431 0.00927884 0.0104907 0.0119824 0.0108542 0.010059 0.00877384 0.00824062 0.00809513 0.00832299 0.00851618 0.00897375 0.00990352 0.00939414 0.0101293 0.0102375 0.0113582 0.00894915 0.00857876 0.00910872 0.0099094 0.00986594 0.0128124 0.0121931 0.0125153 0.00970287 0.00873998 0.00848631 0.00857024 0.00885332 0.00926874 0.00870331 0.00854195 0.00846486 0.00883505 0.0068914 0.00323729 0.0032081 0.00330202 0 0.00319397 0.00319713 0.00321925 0.0126103 0.00702398 0.0112811 0.591555 0.0298365 0.00995442 0.00846628 0.00787956 0.00907134 0.00920852 0.0112374 0.0139758 0.0135892 0.0102665 0.00978496 0.00875571 0.00846629 0.00901804 0.00890945 0.0101452 0.00982881 0.0102441 0.00884239 0.00866764 
0.00817871 0.0083375 0.00858961 0.00796143 0.00817355 0.00894455 0.00859065 0.0133348 0.0102703 0.0131054 0.00920404 0.00957115 0.00815136 0.00824931 0.00881802 0.0082761 0.0110709 0.00858098 0.0124403 0.00900283 0.0147818 0.00957051 0.0093785 0.00842852 0.0105444 0.00857253 0.0184044 0.00915051 0.0202339 0.0096071 0.0114323 0.00869845 0.00850623 0.00845724 0.00987685 0.00888439 0.00948607 0.0085917 0.00930447 0.00842153 0.00713218 0.0032158 0.0032036 0.00321381 0.00319397 0 0.00318226 0.00327011 0.00726789 0.0070576 0.843964 0.0110801 0.0167939 0.00827344 0.013338 0.00702902 0.00906525 0.013047 0.010492 0.0274989 0.00918424 0.0183598 0.00886629 0.00948776 0.00864176 0.00866551 0.0119486 0.0087658 0.0142531 0.00908754 0.00955279 0.00848504 
0.00853853 0.00902976 0.00861745 0.00861432 0.00871867 0.00824998 0.0110629 0.00868293 0.0105304 0.00921535 0.0104282 0.00849043 0.00865631 0.00822646 0.00831518 0.0111702 0.00823991 0.0109496 0.00843898 0.0101203 0.00892716 0.0104473 0.00871987 0.00929713 0.00862531 0.0199363 0.00847962 0.0170224 0.00901125 0.0131393 0.00943498 0.0093127 0.0093004 0.0110704 0.00921231 0.015689 0.00901643 0.00920634 0.00868304 0.0116691 0.00782497 0.003556 0.00328471 0.0032234 0.00319713 0.00318226 0 0.00326145 0.00481946 0.758287 0.00654337 0.0101057 0.00678553 0.0114929 0.0074117 0.00776764 0.0122607 0.0110921 0.0226544 0.00904131 0.0162165 0.00870359 0.0146079 0.00879772 0.00961249 0.0160156 0.00880952 0.0139956 0.00847003 0.0118217 0.0089698 0.00919837 
0.0118313 0.00888412 0.00884298 0.00893615 0.0101582 0.00955336 0.00841922 0.0102285 0.00886756 0.00952519 0.0084969 0.00917443 0.00823352 0.0084794 0.0151617 0.00832003 0.0101436 0.00848533 0.0110568 0.00863016 0.0103788 0.00877646 0.0091663 0.0094641 0.0383697 0.00861092 0.0148408 0.00904936 0.0160566 0.00891767 0.0111623 0.0103953 0.0140294 0.0134215 0.0426082 0.00936736 0.00937802 0.00926853 0.0266773 0.00968987 0.0126701 0.00362629 0.0035741 0.00321012 0.00321925 0.00327011 0.00326145 0 0.88667 0.00401125 0.0157965 0.00458996 0.00689705 0.00601554 0.00747347 0.00745501 0.0215754 0.0187735 0.009092 0.0157567 0.0087861 0.0126007 0.00934586 0.012705 0.0170455 0.0126587 0.0166029 0.00857229 0.0117477 0.00915282 0.0104816 0.00926072 
0.00822114 0.00817132 0.00855134 0.00841491 0.00832779 0.00894143 0.00822558 0.00929229 0.00842847 0.00935256 0.0083736 0.00882341 0.00817475 0.00898572 0.00957009 0.0081167 0.00906585 0.00825316 0.00999498 0.00828171 0.00937584 0.00848622 0.0105703 0.00930015 0.0173688 0.00828222 0.0109024 0.00848328 0.010427 0.00858637 0.010657 0.00991137 0.010757 0.0104908 0.0130524 0.00891253 0.00893642 0.0105858 0.0110099 0.00979275 0.0105417 0.00566142 0.00573701 0.00608852 0.0126103 0.00726789 0.00481946 0.88667 0 0.0032474 0.00325589 0.00315848 0.0033235 0.00346434 0.00378584 0.00404214 0.0125145 0.0102898 0.00845864 0.012068 0.00843977 0.0136129 0.00873654 0.0376325 0.0140052 0.0100505 0.0125803 0.00857252 0.011928 0.00871451 0.0109909 0.0102765 
0.00850381 0.0088647 0.00857372 0.00921673 0.00870926 0.00844361 0.0140547 0.00918644 0.0175269 0.00963248 0.0168154 0.0085684 0.00923223 0.00826834 0.0081165 0.0116351 0.00844318 0.0168334 0.00852719 0.0166276 0.00904515 0.0204718 0.00882794 0.0118021 0.00825908 0.0295438 0.00854545 0.0309538 0.00886922 0.03496 0.0092639 0.013095 0.00901495 0.0117744 0.00896234 0.0150679 0.00939929 0.00940595 0.0086552 0.0110497 0.0090244 0.00639134 0.00699055 0.0070227 0.00702398 0.0070576 0.758287 0.00401125 0.0032474 0 0.00319538 0.00321251 0.00321634 0.00345915 0.00380839 0.0039092 0.0177609 0.0102844 0.0296161 0.00929227 0.0335821 0.00888548 0.0671918 0.00907717 0.0108459 0.0162162 0.00884291 0.0297226 0.00883915 0.0224094 0.00920397 0.0295372 
0.00856154 0.00885127 0.00904185 0.00798576 0.0082409 0.0146929 0.00968486 0.0326106 0.0122715 0.0358677 0.00990679 0.0183523 0.00859786 0.00832735 0.00922983 0.00849727 0.0227491 0.0094885 0.028636 0.00944846 0.0340473 0.0106002 0.0169114 0.0088106 0.0145783 0.00849123 0.0637947 0.00961913 0.0722494 0.011316 0.0342503 0.00908334 0.00875347 0.00846082 0.0166698 0.00942708 0.0114362 0.00888013 0.00947076 0.00856851 0.00906237 0.00617975 0.0077362 0.00803338 0.0112811 0.843964 0.00654337 0.0157965 0.00325589 0.00319538 0 0.00320328 0.00321986 0.00325715 0.00328089 0.00328559 0.0104624 0.0253103 0.00987156 0.056417 0.0095674 0.0946298 0.00912389 0.073351 0.00964187 0.0088122 0.0333454 0.0087876 0.0557929 0.00944295 0.0496557 0.00887014 
