1QLWA
VPKTPAGPLTLSGQGSFFVGGRDVTSETLSLSPKYDAHGTVTVDQMYVRYQIPQRAKRYPITLIHGCCLTGMTWETTPDGRMGWDEYFLRKGYSTYVIDQSGRGRSATDISAINAVKLGKAPASSLPDLFAAGHEAAWAIFRFGPRYPDAFKDTQFPVQAQAELWQQMVPDWLGSMPTPNPTVANLSKLAIKLDGTVLLSHSQSGIYPFQTAAMNPKGITAIVSVEPGECPKPEDVKPLTSIPVLVVFGDHIEEFPRWAPRLKACHAFIDALNAAGGKGQLMSLPALGVHGNSHMMMQDRNNLQVADLILDWIGRNTA
CCCCCCCCEEEEEEEEEEECCEEEEECCCCCCCCCCCCEEEEECCEEEEEEEECCCCCCCEEEECCCCCCHHHHCCCCCCCCCHHHHHHHCCCCEEEEECCCCCCCCCCCHHHHHHHCCCCCHHHCCCCECCCHHHHHHHCCCCCECCECCCCCCCCHHHHHHHHHHCCCECHHHCCCCCHHHHHHHHHHHHHCCEEEEEEHHHCCHHHHHHHHCCCCEEEEEEECCCCCCCHHHCHHHCCCCEEEEECCCCCCCCCCHHHHHHHHHHHHHHHHCCCCEEEEEHHHHCCCCCCCCHHHCCCHHHHHHHHHHHHHHCCC
0 0 0 0 0 0 0 0 0 0 0 0 0 0 0 0 0 0 0 0 0 0 0 0 0 0 0 0 0 0 0 0 0 0 0 0 0 0 0 0 0 0 0 0 0 0 0 0 0 0 0 0 0 0 0 0 0 0 0 0 0 0 0 0 0 0 0 0 0 0 0 0 0 0 0 0 0 0 0 0 0 0 0 0 0 0 0 0 0 0 0 0 0 0 0 0 0 0 0 0 0 0 0 0 0 0 0 0 0 0 0 0 0 0 0 0 0 0 0 0 0 0 0 0 0 0 0 0 0 0 0 0 0 0 0 0 0 0 0 0 0 0 0 0 0 0 0 0 0 0 0 0 0 0 0 0 0 0 0 0 0 0 0 0 0 0 0 0 0 0 0 0 0 0 0 0 0 0 0 0 0 0 0 0 0 0 0 0 0 0 0 0 0 0 0 0 0 0 0 0 0 0 0 0 0 0 0 0 0 0 0 0 0 0 0 0 0 0 0 0 0 0 0 0 0 0 0 0 0 0 0 0 0 0 0 0 0 0 0 0 0 0 0 0 0 0 0 0 0 0 0 0 0 0 0 0 0 0 0 0 0 0 0 0 0 0 0 0 0 0 0 0 0 0 0 0 0 0 0 0 0 0 0 0 0 0 0 0 0 0 0 0 0 0 0 0 0 0 0 0 0 0 0 0 0 0 0 0 0 0 0 0 0 0 0 0 0 0 
0 0 0 0 0 0 0 0 0 0 0 0 0 0 0 0 0 0 0 0 0 0 0 0 0 0 0 0 0 0 0 0 0 0 0 0 0 0 0 0 0 0 0 0 0 0 0 0 0 0 0 0 0 0 0 0 0 0 0 0 0 0 0 0 0 0 0 0 0 0 0 0 0 0 0 0 0 0 0 0 0 0 0 0 0 0 0 0 0 0 0 0 0 0 0 0 0 0 0 0 0 0 0 0 0 0 0 0 0 0 0 0 0 0 0 0 0 0 0 0 0 0 0 0 0 0 0 0 0 0 0 0 0 0 0 0 0 0 0 0 0 0 0 0 0 0 0 0 0 0 0 0 0 0 0 0 0 0 0 0 0 0 0 0 0 0 0 0 0 0 0 0 0 0 0 0 0 0 0 0 0 0 0 0 0 0 0 0 0 0 0 0 0 0 0 0 0 0 0 0 0 0 0 0 0 0 0 0 0 0 0 0 0 0 0 0 0 0 0 0 0 0 0 0 0 0 0 0 0 0 0 0 0 0 0 0 0 0 0 0 0 0 0 0 0 0 0 0 0 0 0 0 0 0 0 0 0 0 0 0 0 0 0 0 0 0 0 0 0 0 0 0 0 0 0 0 0 0 0 0 0 0 0 0 0 0 0 0 0 0 0 0 0 0 0 0 0 0 0 0 0 0 0 0 0 0 0 0 0 0 0 0 0 0 0 0 0 0 
0 0.00330234 0.00361586 0.00329554 0.00344622 0.00340762 0.00373208 0.0048726 0.00743783 0.00932587 0.0247044 0.012343 0.00769392 0.0139359 0.0101954 0.0945254 0.0444133 0.0108382 0.0161938 0.0118028 0.0501852 0.0205089 0.0113931 0.0129535 0.0102054 0.0135696 0.0119644 0.0103695 0.0499259 0.0237673 0.0112055 0.0124028 0.0191499 0.0109372 0.00964817 0.0093769 0.0101799 0.0117283 0.0108586 0.00924289 0.00873486 0.00892045 0.00854544 0.00830011 0.00837315 0.00839014 0.0083714 0.00835422 0.00856791 0.00829051 0.0085463 0.00857155 0.00842178 0.0085408 0.00921666 0.00861435 0.00843806 0.0086389 0.00850018 0.00921427 0.00928751 0.00823649 0.00842445 0.00835939 0.0088105 
0.00330234 0 0.00325005 0.00357346 0.00324099 0.00339759 0.00340157 0.00450121 0.0053246 0.00984197 0.00749998 0.00710409 0.0135874 0.00739737 0.102435 0.009148 0.0112802 0.0515652 0.0100647 0.0535543 0.0107267 0.0135747 0.0240119 0.0110098 0.0215051 0.0126049 0.011006 0.03131 0.0100271 0.0116824 0.0378706 0.015818 0.0103352 0.00929548 0.0115549 0.0115422 0.0110142 0.0093584 0.00876891 0.0084338 0.00818345 0.00818099 0.00833903 0.00831478 0.00845684 0.00838346 0.00831488 0.00814826 0.00812003 0.00832891 0.00842156 0.00847875 0.00838339 0.00847332 0.00825128 0.00814774 0.00843025 0.00852978 0.00837343 0.00836199 0.00817493 0.00843264 0.00830828 0.00824893 0.00839912 
0.00361586 0.00325005 0 0.00321802 0.00330224 0.00332684 0.0034403 0.00353576 0.00549263 0.00529021 0.00641253 0.00786406 0.00689841 0.0727684 0.00784281 0.014228 0.0144659 0.00967073 0.0777747 0.0114429 0.0157705 0.0116773 0.0107755 0.0347777 0.0136464 0.0259949 0.0294058 0.00893305 0.0120411 0.0151219 0.0136885 0.0159109 0.0109578 0.00948818 0.0116899 0.0181369 0.0133412 0.00943763 0.00842335 0.00797068 0.00798838 0.00799649 0.00820273 0.00864376 0.00887237 0.0087165 0.00829276 0.00814634 0.00819816 0.00848775 0.00894396 0.00875622 0.0088515 0.0084741 0.00835234 0.0084193 0.00871961 0.00896392 0.00857514 0.00832342 0.00911651 0.00831086 0.00852363 0.00832572 0.0083483 
0.00329554 0.00357346 0.00321802 0 0.00320436 0.00324806 0.00327343 0.00323544 0.00348142 0.00361832 0.00447947 0.00616112 0.0309228 0.0068786 0.0224259 0.00771735 0.00936761 0.0274382 0.0110972 0.0267002 0.00915234 0.0104078 0.0150096 0.0127644 0.0317289 0.0196535 0.0113834 0.0117763 0.0241259 0.00999351 0.0239543 0.0123869 0.0100466 0.00886774 0.01232 0.017841 0.0102909 0.00901846 0.00825987 0.00807315 0.00801894 0.00804135 0.00819097 0.00838179 0.00871659 0.00851427 0.0082126 0.00826456 0.00806492 0.0082801 0.00850316 0.00861094 0.00841104 0.00837349 0.00814484 0.00817937 0.00841852 0.00866746 0.00838555 0.00823 0.00821487 0.00826948 0.00825335 0.00818398 0.00820666 
0.00344622 0.00324099 0.00330224 0.00320436 0 0.00320362 0.0032418 0.00327288 0.00334595 0.00347662 0.00359924 0.0340567 0.00627983 0.0105894 0.00727959 0.0107085 0.0244322 0.011215 0.0581914 0.0119309 0.0127186 0.011347 0.0140219 0.0355379 0.0280145 0.0298805 0.0198312 0.0421146 0.0102774 0.0119162 0.0165022 0.0186197 0.0113707 0.0102109 0.0122673 0.019503 0.0122384 0.00964254 0.00821384 0.00795209 0.00798416 0.00798776 0.00812381 0.00864268 0.00895746 0.00874032 0.00838435 0.00809476 0.00815236 0.00837645 0.00909734 0.00874796 0.00875069 0.00843033 0.00825828 0.00832902 0.00858794 0.00894588 0.00850513 0.00826431 0.00832319 0.00825758 0.00839554 0.00829177 0.0082357 
0.00340762 0.00339759 0.00332684 0.00324806 0.00320362 0 0.00319897 0.00322839 0.00326871 0.00327695 0.0064878 0.00567856 0.00772669 0.00667329 0.00926785 0.0163851 0.0125388 0.0236376 0.0134333 0.0225476 0.0110807 0.0111606 0.0182953 0.0326193 0.0359655 0.0161411 0.100615 0.0115077 0.00977422 0.0113212 0.0252671 0.0172508 0.0129121 0.00925357 0.0126836 0.0203044 0.0120545 0.010213 0.00820638 0.00795425 0.00792938 0.00797491 0.00808251 0.00834152 0.00861024 0.00848194 0.00817883 0.00816159 0.0080006 0.00847382 0.00854077 0.00854283 0.00841006 0.00828965 0.00814038 0.00816496 0.00837839 0.00860906 0.00829154 0.00820064 0.00822826 0.00814798 0.00829519 0.00816433 0.00816153 
0.00373208 0.00340157 0.0034403 0.00327343 0.0032418 0.00319897 0 0.00319956 0.00325728 0.00356189 0.00323362 0.00537121 0.00588476 0.0083236 0.0192456 0.215781 0.015017 0.0117831 0.0380175 0.0129165 0.0137451 0.0121171 0.0349525 0.0413007 0.019301 0.147919 0.0194116 0.0105166 0.0102675 0.0126307 0.0216226 0.0244679 0.0121525 0.00961758 0.0136482 0.0244633 0.0146567 0.0100233 0.00828463 0.00793968 0.00794162 0.00801477 0.00823257 0.00874951 0.00927484 0.00892253 0.00837617 0.00818292 0.00813445 0.00842364 0.00894414 0.0089209 0.00867695 0.00855781 0.00826008 0.00830143 0.00862813 0.00904355 0.00861058 0.00829002 0.00827389 0.00826354 0.00844285 0.0083431 0.00824312 
0.0048726 0.00450121 0.00353576 0.00323544 0.00327288 0.00322839 0.00319956 0 0.00322052 0.00325373 0.00323523 0.00408432 0.00795607 0.0167551 0.279418 0.0591033 0.0100389 0.0193941 0.0169769 0.0282596 0.0106703 0.0256995 0.0277302 0.0222156 0.159961 0.0236566 0.0248452 0.0121097 0.00956636 0.0122377 0.0407697 0.0230732 0.0127421 0.00992069 0.0167352 0.0309751 0.0158364 0.0108866 0.00825673 0.00799402 0.00800665 0.0080349 0.00828077 0.00897866 0.00930453 0.00906543 0.00834932 0.00817318 0.00811717 0.00856379 0.00896705 0.00899826 0.00879546 0.00853693 0.00824222 0.00828858 0.00866067 0.00907789 0.00866453 0.0082916 0.00827852 0.00824583 0.00845737 0.0083212 0.00819968 
0.00743783 0.0053246 0.00549263 0.00348142 0.00334595 0.00326871 0.00325728 0.00322052 0 0.00321999 0.00326052 0.00471517 0.0223347 0.361634 0.0801458 0.00966489 0.0121443 0.0127441 0.0514842 0.0167262 0.0142153 0.0151487 0.0181473 0.130877 0.0268916 0.0397851 0.0230053 0.0123256 0.0104054 0.0165676 0.03203 0.036984 0.0137362 0.0110032 0.0177469 0.0377972 0.0176904 0.010738 0.00835334 0.00796131 0.00793739 0.00808422 0.00858313 0.00897609 0.00974922 0.00935902 0.0084252 0.00825079 0.00819174 0.00861236 0.00922457 0.00926254 0.0090714 0.0086821 0.0083995 0.00835181 0.008835 0.00922025 0.00881001 0.00843096 0.00831357 0.0083429 0.00853119 0.00836682 0.00824967 
0.00932587 0.00984197 0.00529021 0.00361832 0.00347662 0.00327695 0.00356189 0.00325373 0.00321999 0 0.00322269 0.00964916 0.61487 0.0328724 0.0082591 0.00713399 0.0125334 0.0263999 0.0170921 0.0583542 0.0161216 0.0162266 0.0785425 0.0181851 0.0262295 0.0168587 0.01909 0.016024 0.0105115 0.0140232 0.053545 0.0666376 0.021659 0.0107411 0.0185494 0.0224594 0.0262632 0.012453 0.00928856 0.00807 0.00802978 0.00816279 0.00852958 0.00914961 0.00923742 0.00935111 0.00848924 0.00816292 0.00826524 0.00855537 0.00886264 0.00893889 0.00899083 0.00871917 0.00828449 0.00855028 0.00877021 0.00905826 0.00906981 0.00835128 0.00839205 0.00830006 0.00846073 0.00833591 0.00823649 
0.0247044 0.00749998 0.00641253 0.00447947 0.00359924 0.0064878 0.00323362 0.00323523 0.00326052 0.00322269 0 0.830982 0.00726828 0.00478909 0.00457416 0.00674861 0.0194303 0.0135904 0.0129722 0.016192 0.0445048 0.052355 0.0136243 0.0129474 0.0111972 0.0132153 0.00999538 0.0100014 0.0124587 0.0312221 0.0130299 0.0183811 0.0349624 0.0187662 0.0113503 0.0111613 0.0110861 0.0189016 0.0122154 0.00878986 0.00847775 0.00895942 0.0101266 0.00873746 0.0090374 0.00880676 0.00830192 0.00814243 0.00935784 0.00850434 0.00861244 0.00840909 0.00853604 0.00829148 0.00869307 0.00917483 0.00860858 0.00862866 0.00838062 0.00858197 0.00883538 0.00826429 0.00831606 0.00818758 0.00824719 
0.012343 0.00710409 0.00786406 0.00616112 0.0340567 0.00567856 0.00537121 0.00408432 0.00471517 0.00964916 0.830982 0 0.00340261 0.00338534 0.00338775 0.00473649 0.0167459 0.00858491 0.0101781 0.0195914 0.587847 0.012127 0.0097412 0.00978264 0.00949821 0.0106483 0.00974802 0.00954826 0.0214646 0.0133707 0.0105301 0.0105504 0.0149892 0.00981592 0.00880797 0.00882827 0.00918291 0.0106501 0.00956206 0.00875899 0.00837886 0.00851517 0.00831443 0.00799985 0.00818621 0.0080408 0.00812064 0.00813473 0.00832146 0.00800556 0.00819339 0.00829025 0.00813174 0.00826621 0.00848022 0.00826747 0.00807754 0.00825284 0.00825598 0.0085305 0.00833132 0.00801869 0.00819042 0.0081305 0.00843321 
0.00769392 0.0135874 0.00689841 0.0309228 0.00627983 0.00772669 0.00588476 0.00795607 0.0223347 0.61487 0.00726828 0.00340261 0 0.00321733 0.00351556 0.0032779 0.00856673 0.0164382 0.0110975 0.670685 0.0102496 0.00973906 0.0119175 0.00945501 0.0133451 0.010273 0.00899085 0.0123779 0.00953766 0.010872 0.0146806 0.0111665 0.00947744 0.00897713 0.00957272 0.0102366 0.00982632 0.00871342 0.0084595 0.00822634 0.00808252 0.00812147 0.0080945 0.00820222 0.00832922 0.00827561 0.00819125 0.00808847 0.0080014 0.00822704 0.00837346 0.00835808 0.00830504 0.00827138 0.00815117 0.00812425 0.00827417 0.00847757 0.00825439 0.0082622 0.00818908 0.00829866 0.00830128 0.00824328 0.00828282 
0.0139359 0.00739737 0.0727684 0.0068786 0.0105894 0.00667329 0.0083236 0.0167551 0.361634 0.0328724 0.00478909 0.00338534 0.00321733 0 0.00321361 0.00330172 0.0119546 0.00926917 0.77292 0.00994164 0.0124498 0.0102275 0.0102406 0.0261927 0.0113976 0.0150569 0.0167465 0.00888237 0.0120779 0.0128317 0.0134434 0.0150919 0.0103224 0.00982026 0.0154556 0.0180735 0.0104175 0.00915353 0.00838389 0.00803759 0.00805549 0.00804244 0.0081474 0.00842609 0.00868046 0.0085881 0.00824968 0.00810136 0.00811798 0.00828127 0.0086925 0.00855575 0.00860013 0.00841326 0.00827551 0.00825374 0.00843534 0.00871579 0.00840973 0.00829198 0.00879588 0.008178 0.00838316 0.00822737 0.00818185 
0.0101954 0.102435 0.00784281 0.0224259 0.00727959 0.00926785 0.0192456 0.279418 0.0801458 0.0082591 0.00457416 0.00338775 0.00351556 0.00321361 0 0.00322206 0.0106022 0.730917 0.0124922 0.0278843 0.00948349 0.0116808 0.0184984 0.00984368 0.0133398 0.0120356 0.00966905 0.0159253 0.00875221 0.0114777 0.0240294 0.0182281 0.0109649 0.00992893 0.0125237 0.0130825 0.0113654 0.00960531 0.00906822 0.00829678 0.00813019 0.00815703 0.0086184 0.00852038 0.00848451 0.00843156 0.00835262 0.00810132 0.00828837 0.00834831 0.00843226 0.00848295 0.0084479 0.00831468 0.00813417 0.00837199 0.00856662 0.00852873 0.00831461 0.00819472 0.0082979 0.00832502 0.00824212 0.00814632 0.00823804 
0.0945254 0.009148 0.014228 0.00771735 0.0107085 0.0163851 0.215781 0.0591033 0.00966489 0.00713399 0.00674861 0.00473649 0.0032779 0.00330172 0.00322206 0 0.59503 0.00997979 0.0187478 0.0116544 0.0319222 0.0208211 0.0108418 0.0109536 0.00957998 0.0125829 0.0114026 0.00986756 0.0141066 0.0316051 0.010741 0.0132371 0.0181445 0.0193248 0.0103958 0.00974094 0.00961816 0.0130469 0.0116454 0.00869151 0.00852328 0.00873885 0.0094255 0.00852693 0.0084166 0.00851636 0.00814344 0.00809195 0.00904725 0.00829237 0.00843596 0.00837655 0.00854787 0.00818275 0.0085134 0.00923432 0.00850677 0.00868196 0.0083106 0.00839175 0.00942087 0.00819851 0.0082548 0.00820247 0.00816706 
0.0444133 0.0112802 0.0144659 0.00936761 0.0244322 0.0125388 0.015017 0.0100389 0.0121443 0.0125334 0.0194303 0.0167459 0.00856673 0.0119546 0.0106022 0.59503 0 0.0033688 0.0033148 0.00337863 0.00405597 0.00459022 0.00561443 0.00650112 0.0197184 0.040489 0.0142497 0.0078308 0.0310555 0.0217449 0.0140957 0.0128436 0.0243051 0.0196317 0.0117021 0.0106687 0.0112146 0.0167169 0.0118667 0.00919619 0.00868762 0.00957556 0.00852641 0.00837812 0.00851778 0.00850116 0.00834889 0.00887449 0.00893782 0.00818051 0.00857354 0.00860447 0.00842368 0.00855542 0.0090357 0.00954967 0.00827497 0.00854029 0.00845379 0.00895625 0.00877753 0.0080309 0.00816416 0.00816815 0.00859271 
0.0108382 0.0515652 0.00967073 0.0274382 0.011215 0.0236376 0.0117831 0.0193941 0.0127441 0.0263999 0.0135904 0.00858491 0.0164382 0.00926917 0.730917 0.00997979 0.0033688 0 0.0032024 0.00326357 0.00328932 0.00432353 0.00791695 0.00969541 0.03331 0.0202377 0.00717782 0.0193788 0.00886856 0.0144352 0.0316165 0.0235799 0.0139971 0.0119321 0.0294813 0.01636 0.0216201 0.01185 0.00888776 0.00824864 0.00807403 0.00816395 0.00823527 0.00855689 0.00879834 0.00871161 0.00844182 0.00821923 0.00806451 0.00842302 0.0086858 0.00872197 0.00854493 0.00855664 0.00832054 0.00816939 0.00860233 0.00864603 0.00846499 0.00850786 0.00816993 0.00820891 0.00833505 0.00821611 0.00827468 
0.0161938 0.0100647 0.0777747 0.0110972 0.0581914 0.0134333 0.0380175 0.0169769 0.0514842 0.0170921 0.0129722 0.0101781 0.0110975 0.77292 0.0124922 0.0187478 0.0033148 0.0032024 0 0.00329955 0.00324343 0.00470012 0.0136354 0.0536105 0.0157096 0.0101899 0.0204786 0.00746397 0.00862536 0.0157276 0.0243776 0.0318042 0.0139504 0.014757 0.0227335 0.0883614 0.0195115 0.0124083 0.00884922 0.0080834 0.00802466 0.0081438 0.00849012 0.00926362 0.0102583 0.0100498 0.00866543 0.00835272 0.00828917 0.0086399 0.00980146 0.00967799 0.00965475 0.00881357 0.00860119 0.00849 0.00890965 0.00956266 0.00884046 0.00855655 0.00835888 0.00821885 0.00850278 0.00837194 0.00825359 
0.0118028 0.0535543 0.0114429 0.0267002 0.0119309 0.0225476 0.0129165 0.0282596 0.0167262 0.0583542 0.016192 0.0195914 0.670685 0.00994164 0.0278843 0.0116544 0.00337863 0.00326357 0.00329955 0 0.00327457 0.00448326 0.0926861 0.00706233 0.00849636 0.0146835 0.00802616 0.00791235 0.0070206 0.0121564 0.0395142 0.0477814 0.0198571 0.0129498 0.0384205 0.0255233 0.0503148 0.0153617 0.0104089 0.0082575 0.00817687 0.00829849 0.00906165 0.00930341 0.00994874 0.00962486 0.00872349 0.00825947 0.00850735 0.00875178 0.00913342 0.00925551 0.00930995 0.00883464 0.00838822 0.00872461 0.00909365 0.00931883 0.00905586 0.00838622 0.00831989 0.00830594 0.00838742 0.00827327 0.00815834 
0.0501852 0.0107267 0.0157705 0.00915234 0.0127186 0.0110807 0.0137451 0.0106703 0.0142153 0.0161216 0.0445048 0.587847 0.0102496 0.0124498 0.00948349 0.0319222 0.00405597 0.00328932 0.00324343 0.00327457 0 0.108516 0.005462 0.00354742 0.00588868 0.00523052 0.00611788 0.00589495 0.00691491 0.0218504 0.0126734 0.0179358 0.0481258 0.0277709 0.0128457 0.0129664 0.0127114 0.0452213 0.0137254 0.0088804 0.00903441 0.00932068 0.0105816 0.0089108 0.00924357 0.00907076 0.00839613 0.00836998 0.00938072 0.00849549 0.00908891 0.00896836 0.00920702 0.00848483 0.00953859 0.0093469 0.0086726 0.00918094 0.00863909 0.0087171 0.00870558 0.00819175 0.00825151 0.00817134 0.00813868 
0.0205089 0.0135747 0.0116773 0.0104078 0.011347 0.0111606 0.0121171 0.0256995 0.0151487 0.0162266 0.052355 0.012127 0.00973906 0.0102275 0.0116808 0.0208211 0.00459022 0.00432353 0.00470012 0.00448326 0.108516 0 0.00325607 0.00325165 0.00323864 0.00329573 0.00340157 0.00350504 0.00930527 0.0157247 0.0125772 0.0135717 0.0304398 0.0258784 0.016445 0.0139703 0.0140622 0.0215061 0.0139546 0.00921977 0.00866825 0.00947512 0.00853876 0.00854333 0.00905161 0.0087693 0.00855188 0.00955123 0.00856323 0.00836936 0.00871725 0.00876586 0.00852032 0.00862637 0.00910748 0.00904702 0.00838472 0.00862889 0.00848108 0.0091617 0.00839679 0.00805333 0.00823275 0.00818421 0.00867996 
0.0113931 0.0240119 0.0107755 0.0150096 0.0140219 0.0182953 0.0349525 0.0277302 0.0181473 0.0785425 0.0136243 0.0097412 0.0119175 0.0102406 0.0184984 0.0108418 0.00561443 0.00791695 0.0136354 0.0926861 0.005462 0.00325607 0 0.00322841 0.00322957 0.00327907 0.00330837 0.00338687 0.00398154 0.0120966 0.0227336 0.0252031 0.017809 0.0205742 0.0421698 0.027816 0.0279226 0.0137132 0.00926005 0.00821928 0.00809112 0.00821636 0.00833577 0.00934887 0.00997225 0.00932946 0.00869836 0.00831097 0.00815897 0.00863443 0.00922046 0.00936412 0.00904758 0.00877979 0.0085462 0.00826098 0.00878277 0.00915298 0.00876963 0.00861458 0.00822141 0.00817625 0.00843605 0.00826265 0.00829899 
0.0129535 0.0110098 0.0347777 0.0127644 0.0355379 0.0326193 0.0413007 0.0222156 0.130877 0.0181851 0.0129474 0.00978264 0.00945501 0.0261927 0.00984368 0.0109536 0.00650112 0.00969541 0.0536105 0.00706233 0.00354742 0.00325165 0.00322841 0 0.00320883 0.00323953 0.00321254 0.00325415 0.00325893 0.00912715 0.0217852 0.0204354 0.0233178 0.018114 0.0272243 0.0832776 0.0276959 0.0120248 0.00881038 0.00809263 0.00803241 0.00811694 0.00860272 0.0098401 0.0112001 0.0103645 0.00893767 0.00847428 0.00828582 0.0087684 0.00990266 0.0101636 0.00978783 0.00889516 0.00890391 0.00855374 0.00915136 0.00975893 0.00887379 0.00887695 0.00829183 0.00831528 0.0085566 0.00837246 0.00831053 
0.0102054 0.0215051 0.0136464 0.0317289 0.0280145 0.0359655 0.019301 0.159961 0.0268916 0.0262295 0.0111972 0.00949821 0.0133451 0.0113976 0.0133398 0.00957998 0.0197184 0.03331 0.0157096 0.00849636 0.00588868 0.00323864 0.00322957 0.00320883 0 0.00320242 0.00321421 0.0032376 0.00324324 0.0113656 0.0189729 0.0209045 0.0368341 0.0148673 0.0357778 0.0566126 0.0255878 0.0129616 0.00883907 0.00808492 0.00802674 0.00810052 0.00847501 0.00974065 0.0112596 0.0102212 0.00918728 0.00824297 0.00822621 0.00876676 0.00992508 0.0103102 0.00979885 0.00902751 0.00860251 0.00840822 0.00912034 0.00959968 0.00889069 0.00844466 0.00824231 0.00817367 0.0084714 0.00827665 0.00820145 
0.0135696 0.0126049 0.0259949 0.0196535 0.0298805 0.0161411 0.147919 0.0236566 0.0397851 0.0168587 0.0132153 0.0106483 0.010273 0.0150569 0.0120356 0.0125829 0.040489 0.0202377 0.0101899 0.0146835 0.00523052 0.00329573 0.00327907 0.00323953 0.00320242 0 0.00323775 0.00321774 0.00323757 0.0106523 0.0156413 0.0418577 0.039803 0.0180986 0.0266733 0.0431671 0.0226245 0.012584 0.00906025 0.00816499 0.00809533 0.00816712 0.00853735 0.00932839 0.0108826 0.0100427 0.00864243 0.00834772 0.00832103 0.00862518 0.00982322 0.00950548 0.0101128 0.00879507 0.0087568 0.00853542 0.00874804 0.00933563 0.00883598 0.00856292 0.00826571 0.00824316 0.00844356 0.0083372 0.00821265 
0.0119644 0.011006 0.0294058 0.0113834 0.0198312 0.100615 0.0194116 0.0248452 0.0230053 0.01909 0.00999538 0.00974802 0.00899085 0.0167465 0.00966905 0.0114026 0.0142497 0.00717782 0.0204786 0.00802616 0.00611788 0.00340157 0.00330837 0.00321254 0.00321421 0.00323775 0 0.00334418 0.00320248 0.00963826 0.0264265 0.0374618 0.00995842 0.0142601 0.020162 0.0434452 0.0176044 0.0105142 0.00876031 0.00807768 0.00801224 0.0080495 0.00850761 0.00924815 0.0101621 0.00959863 0.00850554 0.00823019 0.008202 0.00886373 0.00941144 0.00934325 0.00900188 0.00855295 0.00834552 0.00837009 0.00876093 0.00926595 0.0085927 0.00827724 0.00824484 0.0081401 0.0083963 0.0082456 0.00816167 
0.0103695 0.03131 0.00893305 0.0117763 0.0421146 0.0115077 0.0105166 0.0121097 0.0123256 0.016024 0.0100014 0.00954826 0.0123779 0.00888237 0.0159253 0.00986756 0.0078308 0.0193788 0.00746397 0.00791235 0.00589495 0.00350504 0.00338687 0.00325415 0.0032376 0.00321774 0.00334418 0 0.00319949 0.0121249 0.0502841 0.0142155 0.0125925 0.0108382 0.0164552 0.0154248 0.0150822 0.0107702 0.0091841 0.00813917 0.00801113 0.00804675 0.00864572 0.00858332 0.00853593 0.00848016 0.00836395 0.00811784 0.00822585 0.00834178 0.00841061 0.00850798 0.00849355 0.00831398 0.00808883 0.00829973 0.00849989 0.00863759 0.0083074 0.00810603 0.00810729 0.00812948 0.00814102 0.00814324 0.00802817 
0.0499259 0.0100271 0.0120411 0.0241259 0.0102774 0.00977422 0.0102675 0.00956636 0.0104054 0.0105115 0.0124587 0.0214646 0.00953766 0.0120779 0.00875221 0.0141066 0.0310555 0.00886856 0.00862536 0.0070206 0.00691491 0.00930527 0.00398154 0.00325893 0.00324324 0.00323757 0.00320248 0.00319949 0 0.084705 0.00848434 0.00718184 0.00976962 0.0223314 0.0116166 0.0101059 0.00946827 0.0119617 0.0127809 0.00918174 0.00875468 0.00889018 0.0104107 0.0086046 0.00841978 0.0082793 0.00816561 0.00808815 0.00913388 0.00826073 0.00833906 0.00830401 0.00832315 0.00811416 0.00847873 0.00910451 0.00833838 0.00844035 0.0081326 0.00839287 0.00862419 0.00807879 0.00814647 0.00808302 0.00806176 
0.0237673 0.0116824 0.0151219 0.00999351 0.0119162 0.0113212 0.0126307 0.0122377 0.0165676 0.0140232 0.0312221 0.0133707 0.010872 0.0128317 0.0114777 0.0316051 0.0217449 0.0144352 0.0157276 0.0121564 0.0218504 0.0157247 0.0120966 0.00912715 0.0113656 0.0106523 0.00963826 0.0121249 0.084705 0 0.0032677 0.0032785 0.0033652 0.456319 0.0617675 0.0204754 0.0173321 0.0252069 0.0148677 0.00983285 0.00909934 0.010514 0.00902317 0.00893882 0.0092763 0.0091361 0.00895871 0.00972783 0.00880821 0.00841427 0.00907926 0.00901173 0.00872007 0.00875576 0.0093726 0.00920172 0.00845248 0.00873447 0.00849381 0.00939889 0.00856386 0.0079969 0.00816129 0.00815136 0.00860519 
0.0112055 0.0378706 0.0136885 0.0239543 0.0165022 0.0252671 0.0216226 0.0407697 0.03203 0.053545 0.0130299 0.0105301 0.0146806 0.0134434 0.0240294 0.010741 0.0140957 0.0316165 0.0243776 0.0395142 0.0126734 0.0125772 0.0227336 0.0217852 0.0189729 0.0156413 0.0264265 0.0502841 0.00848434 0.0032677 0 0.00327648 0.00323596 0.083814 0.510168 0.120407 0.0592886 0.0134331 0.00998404 0.00837477 0.00833555 0.00841232 0.00886884 0.0100902 0.011554 0.0103968 0.00925246 0.00856946 0.00843379 0.00921669 0.010388 0.0100586 0.00967234 0.00944492 0.00872252 0.00856624 0.00922674 0.00974037 0.00913407 0.00893438 0.00822543 0.00828853 0.00851074 0.00832712 0.0082653 
0.0124028 0.015818 0.0159109 0.0123869 0.0186197 0.0172508 0.0244679 0.0230732 0.036984 0.0666376 0.0183811 0.0105504 0.0111665 0.0150919 0.0182281 0.0132371 0.0128436 0.0235799 0.0318042 0.0477814 0.0179358 0.0135717 0.0252031 0.0204354 0.0209045 0.0418577 0.0374618 0.0142155 0.00718184 0.0032785 0.00327648 0 0.00342023 0.0271757 0.0591735 0.496987 0.222232 0.0619705 0.0105253 0.00840115 0.00828444 0.00863958 0.00954798 0.0102357 0.0120383 0.0126137 0.00952065 0.0085395 0.00863972 0.00906806 0.01005 0.0106386 0.0104365 0.00959952 0.00878044 0.00907149 0.00940203 0.0102181 0.00952988 0.00875653 0.00833281 0.00831642 0.00867699 0.00837856 0.0083801 
0.0191499 0.0103352 0.0109578 0.0100466 0.0113707 0.0129121 0.0121525 0.0127421 0.0137362 0.021659 0.0349624 0.0149892 0.00947744 0.0103224 0.0109649 0.0181445 0.0243051 0.0139971 0.0139504 0.0198571 0.0481258 0.0304398 0.017809 0.0233178 0.0368341 0.039803 0.00995842 0.0125925 0.00976962 0.0033652 0.00323596 0.00342023 0 0.0230979 0.0285606 0.0351016 0.36881 0.287233 0.0177941 0.00931537 0.00932039 0.00967341 0.011765 0.00965614 0.00999009 0.00963381 0.00903659 0.00890217 0.00970059 0.00866683 0.00918026 0.0091047 0.00921406 0.00901506 0.0101292 0.00946796 0.00880577 0.00917985 0.00891241 0.00922502 0.00845122 0.00817228 0.00849978 0.0081901 0.00817963 
0.0109372 0.00929548 0.00948818 0.00886774 0.0102109 0.00925357 0.00961758 0.00992069 0.0110032 0.0107411 0.0187662 0.00981592 0.00897713 0.00982026 0.00992893 0.0193248 0.0196317 0.0119321 0.014757 0.0129498 0.0277709 0.0258784 0.0205742 0.018114 0.0148673 0.0180986 0.0142601 0.0108382 0.0223314 0.456319 0.083814 0.0271757 0.0230979 0 0.00377178 0.00328729 0.00328822 0.00371141 0.0537052 0.0122328 0.0116621 0.0126527 0.0101856 0.00966988 0.00992206 0.00931189 0.00965273 0.0108949 0.00907909 0.00857516 0.00971087 0.00913657 0.00910569 0.00961931 0.0105659 0.00982141 0.00871332 0.00893041 0.00882825 0.00990382 0.00845818 0.0080238 0.00811328 0.00819275 0.00884991 
0.00964817 0.0115549 0.0116899 0.01232 0.0122673 0.0126836 0.0136482 0.0167352 0.0177469 0.0185494 0.0113503 0.00880797 0.00957272 0.0154556 0.0125237 0.0103958 0.0117021 0.0294813 0.0227335 0.0384205 0.0128457 0.016445 0.0421698 0.0272243 0.0357778 0.0266733 0.020162 0.0164552 0.0116166 0.0617675 0.510168 0.0591735 0.0285606 0.00377178 0 0.00326178 0.00321649 0.00324965 0.0227644 0.00949208 0.00922467 0.00946285 0.00946142 0.0142857 0.0170114 0.0150317 0.0107374 0.00899479 0.00885613 0.00971255 0.0118796 0.0122088 0.0116582 0.0103964 0.00937122 0.00897148 0.00982109 0.0102167 0.00945496 0.0095538 0.00833097 0.00832041 0.00852783 0.00846227 0.00846397 
0.0093769 0.0115422 0.0181369 0.017841 0.019503 0.0203044 0.0244633 0.0309751 0.0377972 0.0224594 0.0111613 0.00882827 0.0102366 0.0180735 0.0130825 0.00974094 0.0106687 0.01636 0.0883614 0.0255233 0.0129664 0.0139703 0.027816 0.0832776 0.0566126 0.0431671 0.0434452 0.0154248 0.0101059 0.0204754 0.120407 0.496987 0.0351016 0.00328729 0.00326178 0 0.00321582 0.00321357 0.0190705 0.00873517 0.00856772 0.00899834 0.0100049 0.0165625 0.0420918 0.035024 0.0129103 0.00889258 0.00905974 0.0104497 0.0188679 0.0173687 0.0176873 0.012345 0.0092847 0.00934635 0.0113014 0.0132616 0.0105617 0.0090175 0.00842929 0.00853027 0.00902459 0.00855805 0.00847267 
0.0101799 0.0110142 0.0133412 0.0102909 0.0122384 0.0120545 0.0146567 0.0158364 0.0176904 0.0262632 0.0110861 0.00918291 0.00982632 0.0104175 0.0113654 0.00961816 0.0112146 0.0216201 0.0195115 0.0503148 0.0127114 0.0140622 0.0279226 0.0276959 0.0255878 0.0226245 0.0176044 0.0150822 0.00946827 0.0173321 0.0592886 0.222232 0.36881 0.00328822 0.00321649 0.00321582 0 0.00328974 0.0174935 0.00952596 0.00905722 0.0097658 0.010918 0.0167001 0.020307 0.0169113 0.0140323 0.00933377 0.00950598 0.010333 0.0135717 0.0133098 0.0126673 0.0113529 0.00926962 0.00975772 0.0105373 0.0112249 0.0107689 0.0089683 0.00823775 0.00839746 0.00868724 0.00831411 0.00818925 
0.0117283 0.0093584 0.00943763 0.00901846 0.00964254 0.010213 0.0100233 0.0108866 0.010738 0.012453 0.0189016 0.0106501 0.00871342 0.00915353 0.00960531 0.0130469 0.0167169 0.01185 0.0124083 0.0153617 0.0452213 0.0215061 0.0137132 0.0120248 0.0129616 0.012584 0.0105142 0.0107702 0.0119617 0.0252069 0.0134331 0.0619705 0.287233 0.00371141 0.00324965 0.00321357 0.00328974 0 0.035127 0.0117016 0.0118954 0.0120765 0.013934 0.0101186 0.0131646 0.0125888 0.0108613 0.0105377 0.0110592 0.00911263 0.00955295 0.0100209 0.00971729 0.00977087 0.0108118 0.0106108 0.0091944 0.00943705 0.0089448 0.010361 0.00830034 0.00815805 0.00832878 0.00822365 0.00833165 
0.0108586 0.00876891 0.00842335 0.00825987 0.00821384 0.00820638 0.00828463 0.00825673 0.00835334 0.00928856 0.0122154 0.00956206 0.0084595 0.00838389 0.00906822 0.0116454 0.0118667 0.00888776 0.00884922 0.0104089 0.0137254 0.0139546 0.00926005 0.00881038 0.00883907 0.00906025 0.00876031 0.0091841 0.0127809 0.0148677 0.00998404 0.0105253 0.0177941 0.0537052 0.0227644 0.0190705 0.0174935 0.035127 0 0.194132 0.0397094 0.144432 0.0161993 0.0111905 0.0107434 0.00946096 0.0111483 0.0141602 0.0134945 0.00899785 0.00898812 0.00901484 0.00882436 0.00987953 0.0135209 0.0126687 0.00925283 0.00865786 0.00885543 0.0123292 0.00984296 0.00814433 0.00806254 0.00829984 0.00963636 
0.00924289 0.0084338 0.00797068 0.00807315 0.00795209 0.00795425 0.00793968 0.00799402 0.00796131 0.00807 0.00878986 0.00875899 0.00822634 0.00803759 0.00829678 0.00869151 0.00919619 0.00824864 0.0080834 0.0082575 0.0088804 0.00921977 0.00821928 0.00809263 0.00808492 0.00816499 0.00807768 0.00813917 0.00918174 0.00983285 0.00837477 0.00840115 0.00931537 0.0122328 0.00949208 0.00873517 0.00952596 0.0117016 0.194132 0 0.663033 0.0236499 0.0138768 0.00910102 0.00896618 0.00851435 0.00909256 0.0113578 0.0108179 0.00847503 0.00842396 0.00846087 0.00827528 0.00849457 0.00969054 0.0097959 0.00829469 0.00813786 0.00820644 0.00948874 0.0088456 0.00805161 0.00794954 0.00803245 0.00859137 
0.00873486 0.00818345 0.00798838 0.00801894 0.00798416 0.00792938 0.00794162 0.00800665 0.00793739 0.00802978 0.00847775 0.00837886 0.00808252 0.00805549 0.00813019 0.00852328 0.00868762 0.00807403 0.00802466 0.00817687 0.00903441 0.00866825 0.00809112 0.00803241 0.00802674 0.00809533 0.00801224 0.00801113 0.00875468 0.00909934 0.00833555 0.00828444 0.00932039 0.0116621 0.00922467 0.00856772 0.00905722 0.0118954 0.0397094 0.663033 0 0.105004 0.0121195 0.00963037 0.00968833 0.00870123 0.00956947 0.0109102 0.0104289 0.00877031 0.00844974 0.00865334 0.00829315 0.00851363 0.0101937 0.00932516 0.00819814 0.00817729 0.00820278 0.00913651 0.00851794 0.00794883 0.00793347 0.00798168 0.00867172 
0.00892045 0.00818099 0.00799649 0.00804135 0.00798776 0.00797491 0.00801477 0.0080349 0.00808422 0.00816279 0.00895942 0.00851517 0.00812147 0.00804244 0.00815703 0.00873885 0.00957556 0.00816395 0.0081438 0.00829849 0.00932068 0.00947512 0.00821636 0.00811694 0.00810052 0.00816712 0.0080495 0.00804675 0.00889018 0.010514 0.00841232 0.00863958 0.00967341 0.0126527 0.00946285 0.00899834 0.0097658 0.0120765 0.144432 0.0236499 0.105004 0 0.0381359 0.0140175 0.0123569 0.012946 0.0194872 0.0290698 0.0224255 0.0103075 0.0103148 0.00981389 0.00983194 0.0100007 0.0161306 0.0148204 0.0107898 0.00959834 0.00948036 0.0125568 0.00958004 0.00828187 0.00816197 0.00838612 0.0099459 
0.00854544 0.00833903 0.00820273 0.00819097 0.00812381 0.00808251 0.00823257 0.00828077 0.00858313 0.00852958 0.0101266 0.00831443 0.0080945 0.0081474 0.0086184 0.0094255 0.00852641 0.00823527 0.00849012 0.00906165 0.0105816 0.00853876 0.00833577 0.00860272 0.00847501 0.00853735 0.00850761 0.00864572 0.0104107 0.00902317 0.00886884 0.00954798 0.011765 0.0101856 0.00946142 0.0100049 0.010918 0.013934 0.0161993 0.0138768 0.0121195 0.0381359 0 0.00364988 0.00327304 0.00328222 0.00335776 0.00369671 0.14202 0.0860139 0.0159986 0.0183454 0.01384 0.0212421 0.0307945 0.0352661 0.018569 0.0145276 0.014638 0.0295782 0.0101166 0.00924023 0.00887064 0.0101386 0.0171417 
0.00830011 0.00831478 0.00864376 0.00838179 0.00864268 0.00834152 0.00874951 0.00897866 0.00897609 0.00914961 0.00873746 0.00799985 0.00820222 0.00842609 0.00852038 0.00852693 0.00837812 0.00855689 0.00926362 0.00930341 0.0089108 0.00854333 0.00934887 0.0098401 0.00974065 0.00932839 0.00924815 0.00858332 0.0086046 0.00893882 0.0100902 0.0102357 0.00965614 0.00966988 0.0142857 0.0165625 0.0167001 0.0101186 0.0111905 0.00910102 0.00963037 0.0140175 0.00364988 0 0.00325445 0.00326186 0.00329283 0.00323019 0.0787592 0.0571798 0.245784 0.0315309 0.0658069 0.0323186 0.018421 0.0393352 0.0672292 0.0502968 0.0456001 0.0141331 0.0100784 0.00995801 0.011466 0.0148799 0.00978711 
0.00837315 0.00845684 0.00887237 0.00871659 0.00895746 0.00861024 0.00927484 0.00930453 0.00974922 0.00923742 0.0090374 0.00818621 0.00832922 0.00868046 0.00848451 0.0084166 0.00851778 0.00879834 0.0102583 0.00994874 0.00924357 0.00905161 0.00997225 0.0112001 0.0112596 0.0108826 0.0101621 0.00853593 0.00841978 0.0092763 0.011554 0.0120383 0.00999009 0.00992206 0.0170114 0.0420918 0.020307 0.0131646 0.0107434 0.00896618 0.00968833 0.0123569 0.00327304 0.00325445 0 0.00322077 0.00320671 0.00321561 0.0188521 0.0778922 0.0613869 0.447763 0.0706473 0.0666329 0.0132204 0.0214959 0.0703306 0.150649 0.0523874 0.0154174 0.00910338 0.0154249 0.0229298 0.0125116 0.00964472 
0.00839014 0.00838346 0.0087165 0.00851427 0.00874032 0.00848194 0.00892253 0.00906543 0.00935902 0.00935111 0.00880676 0.0080408 0.00827561 0.0085881 0.00843156 0.00851636 0.00850116 0.00871161 0.0100498 0.00962486 0.00907076 0.0087693 0.00932946 0.0103645 0.0102212 0.0100427 0.00959863 0.00848016 0.0082793 0.0091361 0.0103968 0.0126137 0.00963381 0.00931189 0.0150317 0.035024 0.0169113 0.0125888 0.00946096 0.00851435 0.00870123 0.012946 0.00328222 0.00326186 0.00322077 0 0.00319823 0.00320051 0.0225322 0.0261282 0.16974 0.0741717 0.402041 0.0284224 0.0265215 0.021858 0.0520291 0.14069 0.0513886 0.0173043 0.00939824 0.0108826 0.0218226 0.0130965 0.00928025 
0.0083714 0.00831488 0.00829276 0.0082126 0.00838435 0.00817883 0.00837617 0.00834932 0.0084252 0.00848924 0.00830192 0.00812064 0.00819125 0.00824968 0.00835262 0.00814344 0.00834889 0.00844182 0.00866543 0.00872349 0.00839613 0.00855188 0.00869836 0.00893767 0.00918728 0.00864243 0.00850554 0.00836395 0.00816561 0.00895871 0.00925246 0.00952065 0.00903659 0.00965273 0.0107374 0.0129103 0.0140323 0.0108613 0.0111483 0.00909256 0.00956947 0.0194872 0.00335776 0.00329283 0.00320671 0.00319823 0 0.00320752 0.0145843 0.0628632 0.0222851 0.0653395 0.0236199 0.427352 0.0193295 0.0202274 0.0261976 0.025016 0.0676576 0.0226347 0.00943608 0.0111427 0.00978222 0.0115527 0.0100392 
0.00835422 0.00814826 0.00814634 0.00826456 0.00809476 0.00816159 0.00818292 0.00817318 0.00825079 0.00816292 0.00814243 0.00813473 0.00808847 0.00810136 0.00810132 0.00809195 0.00887449 0.00821923 0.00835272 0.00825947 0.00836998 0.00955123 0.00831097 0.00847428 0.00824297 0.00834772 0.00823019 0.00811784 0.00808815 0.00972783 0.00856946 0.0085395 0.00890217 0.0108949 0.00899479 0.00889258 0.00933377 0.0105377 0.0141602 0.0113578 0.0109102 0.0290698 0.00369671 0.00323019 0.00321561 0.00320051 0.00320752 0 0.0292565 0.0164859 0.018179 0.0102419 0.0209707 0.0166204 0.234205 0.019711 0.0120032 0.0116006 0.0125562 0.0287405 0.0132938 0.00873807 0.00882416 0.0095924 0.00945542 
0.00856791 0.00812003 0.00819816 0.00806492 0.00815236 0.0080006 0.00813445 0.00811717 0.00819174 0.00826524 0.00935784 0.00832146 0.0080014 0.00811798 0.00828837 0.00904725 0.00893782 0.00806451 0.00828917 0.00850735 0.00938072 0.00856323 0.00815897 0.00828582 0.00822621 0.00832103 0.008202 0.00822585 0.00913388 0.00880821 0.00843379 0.00863972 0.00970059 0.00907909 0.00885613 0.00905974 0.00950598 0.0110592 0.0134945 0.0108179 0.0104289 0.0224255 0.14202 0.0787592 0.0188521 0.0225322 0.0145843 0.0292565 0 0.00334655 0.00330322 0.00331063 0.00331809 0.0036555 0.00598375 0.122737 0.0245595 0.0182993 0.0154982 0.0352186 0.0157021 0.00932112 0.00964087 0.0110179 0.0179476 
0.00829051 0.00832891 0.00848775 0.0082801 0.00837645 0.00847382 0.00842364 0.00856379 0.00861236 0.00855537 0.00850434 0.00800556 0.00822704 0.00828127 0.00834831 0.00829237 0.00818051 0.00842302 0.0086399 0.00875178 0.00849549 0.00836936 0.00863443 0.0087684 0.00876676 0.00862518 0.00886373 0.00834178 0.00826073 0.00841427 0.00921669 0.00906806 0.00866683 0.00857516 0.00971255 0.0104497 0.010333 0.00911263 0.00899785 0.00847503 0.00877031 0.0103075 0.0860139 0.0571798 0.0778922 0.0261282 0.0628632 0.0164859 0.00334655 0 0.00324934 0.00326832 0.00326184 0.00350409 0.00352791 0.0957534 0.0948561 0.0313603 0.0392299 0.0151625 0.0107118 0.0189226 0.0107557 0.0163601 0.0109275 
0.0085463 0.00842156 0.00894396 0.00850316 0.00909734 0.00854077 0.00894414 0.00896705 0.00922457 0.00886264 0.00861244 0.00819339 0.00837346 0.0086925 0.00843226 0.00843596 0.00857354 0.0086858 0.00980146 0.00913342 0.00908891 0.00871725 0.00922046 0.00990266 0.00992508 0.00982322 0.00941144 0.00841061 0.00833906 0.00907926 0.010388 0.01005 0.00918026 0.00971087 0.0118796 0.0188679 0.0135717 0.00955295 0.00898812 0.00842396 0.00844974 0.0103148 0.0159986 0.245784 0.0613869 0.16974 0.0222851 0.018179 0.00330322 0.00324934 0 0.00327704 0.00326257 0.00329812 0.00328074 0.0835349 0.111311 0.114572 0.0454245 0.018357 0.0132367 0.0130989 0.0434065 0.0145675 0.0107712 
0.00857155 0.00847875 0.00875622 0.00861094 0.00874796 0.00854283 0.0089209 0.00899826 0.00926254 0.00893889 0.00840909 0.00829025 0.00835808 0.00855575 0.00848295 0.00837655 0.00860447 0.00872197 0.00967799 0.00925551 0.00896836 0.00876586 0.00936412 0.0101636 0.0103102 0.00950548 0.00934325 0.00850798 0.00830401 0.00901173 0.0100586 0.0106386 0.0091047 0.00913657 0.0122088 0.0173687 0.0133098 0.0100209 0.00901484 0.00846087 0.00865334 0.00981389 0.0183454 0.0315309 0.447763 0.0741717 0.0653395 0.0102419 0.00331063 0.00326832 0.00327704 0 0.00324151 0.00328741 0.00324958 0.272759 0.113817 0.214099 0.0670279 0.0189915 0.0111511 0.0313482 0.0255765 0.0199589 0.0107553 
0.00842178 0.00838339 0.0088515 0.00841104 0.00875069 0.00841006 0.00867695 0.00879546 0.0090714 0.00899083 0.00853604 0.00813174 0.00830504 0.00860013 0.0084479 0.00854787 0.00842368 0.00854493 0.00965475 0.00930995 0.00920702 0.00852032 0.00904758 0.00978783 0.00979885 0.0101128 0.00900188 0.00849355 0.00832315 0.00872007 0.00967234 0.0104365 0.00921406 0.00910569 0.0116582 0.0176873 0.0126673 0.00971729 0.00882436 0.00827528 0.00829315 0.00983194 0.01384 0.0658069 0.0706473 0.402041 0.0236199 0.0209707 0.00331809 0.00326184 0.00326257 0.00324151 0 0.0032317 0.0032234 0.0473319 0.33818 0.199944 0.0748959 0.0226565 0.0158144 0.0132212 0.0551611 0.0168495 0.0104218 
0.0085408 0.00847332 0.0084741 0.00837349 0.00843033 0.00828965 0.00855781 0.00853693 0.0086821 0.00871917 0.00829148 0.00826621 0.00827138 0.00841326 0.00831468 0.00818275 0.00855542 0.00855664 0.00881357 0.00883464 0.00848483 0.00862637 0.00877979 0.00889516 0.00902751 0.00879507 0.00855295 0.00831398 0.00811416 0.00875576 0.00944492 0.00959952 0.00901506 0.00961931 0.0103964 0.012345 0.0113529 0.00977087 0.00987953 0.00849457 0.00851363 0.0100007 0.0212421 0.0323186 0.0666329 0.0284224 0.427352 0.0166204 0.0036555 0.00350409 0.00329812 0.00328741 0.0032317 0 0.00324695 0.0310266 0.0775018 0.38283 0.222393 0.0599558 0.0102856 0.0261307 0.014743 0.0237957 0.0121743 
0.00921666 0.00825128 0.00835234 0.00814484 0.00825828 0.00814038 0.00826008 0.00824222 0.0083995 0.00828449 0.00869307 0.00848022 0.00815117 0.00827551 0.00813417 0.0085134 0.0090357 0.00832054 0.00860119 0.00838822 0.00953859 0.00910748 0.0085462 0.00890391 0.00860251 0.0087568 0.00834552 0.00808883 0.00847873 0.0093726 0.00872252 0.00878044 0.0101292 0.0105659 0.00937122 0.0092847 0.00926962 0.0108118 0.0135209 0.00969054 0.0101937 0.0161306 0.0307945 0.018421 0.0132204 0.0265215 0.0193295 0.234205 0.00598375 0.00352791 0.00328074 0.00324958 0.0032234 0.00324695 0 0.0362976 0.0277999 0.0360865 0.313418 0.294977 0.0274765 0.00941503 0.0110036 0.0115556 0.0121122 
0.00861435 0.00814774 0.0084193 0.00817937 0.00832902 0.00816496 0.00830143 0.00828858 0.00835181 0.00855028 0.00917483 0.00826747 0.00812425 0.00825374 0.00837199 0.00923432 0.00954967 0.00816939 0.00849 0.00872461 0.0093469 0.00904702 0.00826098 0.00855374 0.00840822 0.00853542 0.00837009 0.00829973 0.00910451 0.00920172 0.00856624 0.00907149 0.00946796 0.00982141 0.00897148 0.00934635 0.00975772 0.0106108 0.0126687 0.0097959 0.00932516 0.0148204 0.0352661 0.0393352 0.0214959 0.021858 0.0202274 0.019711 0.122737 0.0957534 0.0835349 0.272759 0.0473319 0.0310266 0.0362976 0 0.00345481 0.00334095 0.00333709 0.00419017 0.506968 0.0201723 0.014897 0.0150041 0.0271691 
