1QO8D
TPDMGSFHADMGSCQSCHAKPIKVTDSETHENAQCKSCHGEYAELANDKLQFDPHNSHLGDINCTSCHKGHEEPKFYCNECHSFDIKPMPFSDAKKKKSWDDGWDQDKIQKAIAAGPSETTQVLVVGAGSAGFNASLAAKKAGANVILVDKAPFSGGNSMISAGGMNAVGTKQQTAHGVEDKVEWFIEDAMKGGRQQNDIKLVTILAEQSADGVQWLESLGANLDDLKRSGGARVDRTHRPHGGKSSGPEIIDTLRKAAKEQGIDTRLNSRVVKLVVNDDHSVVGAVVHGKHTGYYMIGAKSVVLATGGYGMNKEMIAYYRPTMKDMTSSNNITATGDGVLMAKEIGASMTDIDWVQAHPTVGKDSRILISETVRGVGAVMVNKDGNRFISELTTRDKASDAILKQPGQFAWIIFDNQLYKKAKMVRGYDHLEMLYKGDTVEQLAKSTGMKVADLAKTVSDYNGYVASGKDTAFGRADMPLNMTQSPYYAVKVAPGIHHTMGGVAINTTASVLDLQSKPIDGLFAAGEVTGGVHGYNRLGGNAIADTVVFGRIAGDNAAKHALD
CCCHHHHHHHCCCCCCCCCCCCCCCCCCHHHHHHHHHHHCCHHHHCCCCCCCCCCCCCCCCCCHHHCCCCCCCCCCHHHHCCCCCCCCCCCCCCCCCCCCCCCCCHHHHHHHHHHCCCEECCEEEECCCHHHHHHHHHHHHCCCCEEEECCCCCCCCCHHHCCCCEECCCCHHHHHCCCCCCHHHHHHHHHHHCCCCCCHHHHHHHHHHHHHHHHHHHHHCCCCCEEECCCCCCCCCEEECCCCCCHHHHHHHHHHHHHHHCCCCEECCEEEEEEEECCCCEEEEEEEEECCCEEEEEECCEEEECCCCCCCCHHHHHHHCHHHCCCEECCCCCCCCHHHHHHHHHCECEECCCCEEEEEEEECCCCCECCHHHHHHCCEEECCCCCCCCCCCCCHHHHHHHHHCCHHHCEEEEECHHHHHHCHHHHHHHHCCCCEEECCHHHHHHHHCCCHHHHHHHHHHHHHHHHHCCCCCCCCCCCCCCCCCCCEEEEEEEEEEEEECCEECECCCCEEEECCCCEEEEEEECHHHECCCCCCCCCCCHHHHHHHHHHHHHHHHHHHHHCC
0 0 0 0 0 0 0 0 0 0 0 0 0 0 0 0 0 0 0 0 0 0 0 0 0 0 0 0 0 0 0 0 0 0 0 0 0 0 0 0 0 0 0 0 0 0 0 0 0 0 0 0 0 0 0 0 0 0 0 0 0 0 0 0 0 0 0 0 0 0 0 0 0 0 0 0 0 0 0 0 0 0 0 0 0 0 0 0 0 0 0 0 0 0 0 0 0 0 0 0 0 0 0 0 0 0 0 0 0 0 0 0 0 0 0 0 0 0 0 0 0 0 0 0 0 0 0 0 0 0 0 0 0 0 0 0 0 0 0 0 0 0 0 0 0 0 0 0 0 0 0 0 0 0 0 0 0 0 0 0 0 0 0 0 0 0 0 0 0 0 0 0 0 0 0 0 0 0 0 0 0 0 0 0 0 0 0 0 0 0 0 0 0 0 0 0 0 0 0 0 0 0 0 0 0 0 0 0 0 0 0 0 0 0 0 0 0 0 0 0 0 0 0 0 0 0 0 0 0 0 0 0 0 0 0 0 0 0 0 0 0 0 0 0 0 0 0 0 0 0 0 0 0 0 0 0 0 0 0 0 0 0 0 0 0 0 0 0 0 0 0 0 0 0 0 0 0 0 0 0 0 0 0 0 0 0 0 0 0 0 0 0 0 0 0 0 0 0 0 0 0 0 0 0 0 0 0 0 0 0 0 0 0 0 0 0 0 0 0 0 0 0 0 0 0 0 0 0 0 0 0 0 0 0 0 0 0 0 0 0 0 0 0 0 0 0 0 0 0 0 0 0 0 0 0 0 0 0 0 0 0 0 0 0 0 0 0 0 0 0 0 0 0 0 0 0 0 0 0 0 0 0 0 0 0 0 0 0 0 0 0 0 0 0 0 0 0 0 0 0 0 0 0 0 0 0 0 0 0 0 0 0 0 0 0 0 0 0 0 0 0 0 0 0 0 0 0 0 0 0 0 0 0 0 0 0 0 0 0 0 0 0 0 0 0 0 0 0 0 0 0 0 0 0 0 0 0 0 0 0 0 0 0 0 0 0 0 0 0 0 0 0 0 0 0 0 0 0 0 0 0 0 0 0 0 0 0 0 0 0 0 0 0 0 0 0 0 0 0 0 0 0 0 0 0 0 0 0 0 0 0 0 0 0 0 0 0 0 0 0 0 0 0 0 0 0 0 0 0 0 0 0 0 0 0 0 0 0 0 0 0 0 0 0 0 0 0 0 0 0 0 0 0 0 0 0 0 0 0 0 0 0 0 0 
0 0 0 0 0 0 0 0 0 0 0 0 0 0 0 0 0 0 0 0 0 0 0 0 0 0 0 0 0 0 0 0 0 0 0 0 0 0 0 0 0 0 0 0 0 0 0 0 0 0 0 0 0 0 0 0 0 0 0 0 0 0 0 0 0 0 0 0 0 0 0 0 0 0 0 0 0 0 0 0 0 0 0 0 0 0 0 0 0 0 0 0 0 0 0 0 0 0 0 0 0 0 0 0 0 0 0 0 0 0 0 0 0 0 0 0 0 0 0 0 0 0 0 0 0 0 0 0 0 0 0 0 0 0 0 0 0 0 0 0 0 0 0 0 0 0 0 0 0 0 0 0 0 0 0 0 0 0 0 0 0 0 0 0 0 0 0 0 0 0 0 0 0 0 0 0 0 0 0 0 0 0 0 0 0 0 0 0 0 0 0 0 0 0 0 0 0 0 0 0 0 0 0 0 0 0 0 0 0 0 0 0 0 0 0 0 0 0 0 0 0 0 0 0 0 0 0 0 0 0 0 0 0 0 0 0 0 0 0 0 0 0 0 0 0 0 0 0 0 0 0 0 0 0 0 0 0 0 0 0 0 0 0 0 0 0 0 0 0 0 0 0 0 0 0 0 0 0 0 0 0 0 0 0 0 0 0 0 0 0 0 0 0 0 0 0 0 0 0 0 0 0 0 0 0 0 0 0 0 0 0 0 0 0 0 0 0 0 0 0 0 0 0 0 0 0 0 0 0 0 0 0 0 0 0 0 0 0 0 0 0 0 0 0 0 0 0 0 0 0 0 0 0 0 0 0 0 0 0 0 0 0 0 0 0 0 0 0 0 0 0 0 0 0 0 0 0 0 0 0 0 0 0 0 0 0 0 0 0 0 0 0 0 0 0 0 0 0 0 0 0 0 0 0 0 0 0 0 0 0 0 0 0 0 0 0 0 0 0 0 0 0 0 0 0 0 0 0 0 0 0 0 0 0 0 0 0 0 0 0 0 0 0 0 0 0 0 0 0 0 0 0 0 0 0 0 0 0 0 0 0 0 0 0 0 0 0 0 0 0 0 0 0 0 0 0 0 0 0 0 0 0 0 0 0 0 0 0 0 0 0 0 0 0 0 0 0 0 0 0 0 0 0 0 0 0 0 0 0 0 0 0 0 0 0 0 0 0 0 0 0 0 0 0 0 0 0 0 0 0 0 0 0 0 0 0 0 0 0 0 0 0 0 0 0 0 0 0 0 0 0 0 0 0 0 0 0 0 0 0 0 0 0 0 
0 0.00968698 0.00826259 0.00996296 0.00582075 0.0125914 0.0210222 0.0117682 0.0117278 0.0137568 0.00972321 0.0125871 0.0083527 0.00833538 0.00834469 0.00821819 0.00820845 0.00826463 0.00815316 0.00817958 0.00801694 0.00800574 0.00802114 0.00808919 0.00816533 0.00809141 0.00811056 0.00840401 0.00814442 0.00795886 0.00805367 0.00806589 0.00800654 0.00805788 0.00800027 0.00803187 0.00815797 0.00809182 0.00795473 0.00801042 0.00801549 0.00805928 0.00819662 0.0082525 0.00804133 0.00813716 0.00834253 0.00808453 0.00810335 0.00813015 0.00808765 0.0081214 0.0081241 0.00812923 0.00812621 0.00814819 0.00808913 0.00811565 0.00812274 0.00823315 0.00854177 0.00818788 0.00828459 0.0083286 0.00819584 0.00834619 0.00830642 0.00829898 0.00856198 0.00832991 0.00832973 0.00851015 0.00876 0.00869535 0.00872261 0.00882674 0.00886079 0.00873224 0.0085551 0.0085085 0.00852141 0.00845859 0.00855914 0.0086238 0.00917157 0.00886611 0.00900881 0.0109115 0.00990933 0.00923954 0.0094051 0.0107867 0.0105176 0.00951767 0.00914461 0.00931153 0.00906075 0.00990784 0.0117802 0.0110954 
0.00968698 0 0.0102292 0.00363173 0.003929 0.00437503 0.0156547 0.0121297 0.0134858 0.0121082 0.0150012 0.0100987 0.00863908 0.00819241 0.0080948 0.00889444 0.00820039 0.00848946 0.00829412 0.00816126 0.00824744 0.00805355 0.00808353 0.00810982 0.00828989 0.00813337 0.00809379 0.00814577 0.00826412 0.00801773 0.00811213 0.00807316 0.00808707 0.00814096 0.00811495 0.00816746 0.00816718 0.00810164 0.00806434 0.00811158 0.00806804 0.00814551 0.00822285 0.00821012 0.00812465 0.00816606 0.00839494 0.00817453 0.00809333 0.00816857 0.00808242 0.00819094 0.00815779 0.00811744 0.00805749 0.00808488 0.00805469 0.00810585 0.008109 0.00823675 0.00860212 0.0083248 0.00829463 0.0082998 0.00832889 0.0082793 0.00825608 0.00824527 0.00832975 0.00841021 0.00827508 0.00834402 0.00915381 0.00874466 0.00870029 0.00872019 0.00896871 0.00854069 0.00845897 0.00852119 0.00854085 0.00846145 0.00866239 0.00857669 0.00899941 0.00907722 0.00905074 0.010878 0.0105696 0.00921262 0.00928729 0.0106542 0.0108505 0.00930478 0.00937922 0.00915969 0.00931308 0.00996791 0.0115028 0.0125658 
0.00826259 0.0102292 0 0.00337244 0.00331167 0.00410059 0.668067 0.042571 0.0239757 0.0364965 0.0124263 0.0156285 0.0100877 0.00873422 0.00987255 0.0105595 0.00892 0.00998948 0.00873324 0.00868293 0.00931634 0.00880503 0.00883014 0.0100482 0.00911281 0.00918588 0.00872761 0.00933279 0.00851993 0.00865322 0.008598 0.0092889 0.00917942 0.0092578 0.00928343 0.0088706 0.00900464 0.00855287 0.00833937 0.00883858 0.00891678 0.00904112 0.00920199 0.00972415 0.00899135 0.00932458 0.0100814 0.00824981 0.00851802 0.0087599 0.00844094 0.00843997 0.00832098 0.0082486 0.00832086 0.0082801 0.00832038 0.00852321 0.00828672 0.00886843 0.00935081 0.00857273 0.00860704 0.00902892 0.0086621 0.00870496 0.00885119 0.00890542 0.0100109 0.00843471 0.00832034 0.0087997 0.00892495 0.00942454 0.0095882 0.00994987 0.00995981 0.00988242 0.0091232 0.00931879 0.00903169 0.00897021 0.00915338 0.00916921 0.00963843 0.00931536 0.0100179 0.0121388 0.00998917 0.00988601 0.0104012 0.0110192 0.00999343 0.00969154 0.00949472 0.010586 0.00986103 0.011733 0.0139628 0.0115177 
0.00996296 0.00363173 0.00337244 0 0.00338577 0.00333015 0.114998 0.80997 0.0561574 0.0292808 0.0123447 0.0129882 0.0092155 0.00893751 0.0087319 0.0092842 0.00958687 0.00907733 0.00851629 0.00831836 0.00889546 0.00937942 0.011108 0.0104642 0.0119267 0.0100011 0.00910298 0.00859579 0.00850946 0.00889424 0.0095762 0.0101187 0.0101864 0.0119536 0.0113919 0.00972135 0.00855362 0.00829198 0.00880668 0.00978374 0.0115266 0.00951629 0.00912145 0.00878686 0.00936273 0.00965901 0.00984035 0.00812206 0.00828207 0.00825038 0.00829548 0.00854676 0.00832666 0.00855266 0.00868798 0.00847275 0.00849293 0.00940423 0.00857462 0.00842579 0.00912137 0.00862634 0.0092645 0.00859021 0.00836555 0.00935784 0.00942895 0.00939405 0.00913093 0.00847757 0.00870169 0.00839338 0.00906998 0.0100906 0.0106416 0.0105778 0.0108465 0.0103934 0.00993507 0.00990631 0.0100212 0.0100007 0.0101162 0.0101279 0.00945582 0.0100859 0.0100433 0.00992283 0.0105966 0.0104186 0.0107044 0.0103499 0.00979438 0.00997766 0.00993152 0.0113197 0.011861 0.0122119 0.0119448 0.0102307 
0.00582075 0.003929 0.00331167 0.00338577 0 0.00342866 0.0354418 0.0957932 0.826733 0.0419907 0.0180719 0.0164919 0.00909377 0.00998072 0.00861261 0.0103294 0.0109637 0.00896479 0.00864993 0.00852532 0.00897738 0.00937756 0.00978338 0.0102174 0.0102781 0.0104789 0.00929071 0.00852004 0.00846642 0.00905243 0.00935625 0.0105554 0.00998645 0.0114424 0.0105561 0.0101253 0.00871332 0.00832773 0.00886719 0.00972082 0.00984302 0.0098056 0.00876317 0.00884973 0.00920465 0.0105406 0.00977696 0.00828474 0.0082769 0.00820075 0.00820478 0.008402 0.00824927 0.00849263 0.00860217 0.00834258 0.00842151 0.00870172 0.00853599 0.00841549 0.00879814 0.00885902 0.00927799 0.00872155 0.00842135 0.00928481 0.00945589 0.00943814 0.00878219 0.00855387 0.00868079 0.00831653 0.0094593 0.0100201 0.0105939 0.0106801 0.0113979 0.0103639 0.0100849 0.00975435 0.0101731 0.01009 0.0101772 0.0100433 0.00938537 0.0100406 0.0105842 0.010092 0.0110557 0.0105392 0.0103526 0.0101176 0.0102923 0.0102287 0.0100945 0.0113891 0.0115455 0.0114533 0.0115572 0.0100851 
0.0125914 0.00437503 0.00410059 0.00333015 0.00342866 0 0.033606 0.0536394 0.0848289 0.749695 0.018207 0.0356193 0.0106142 0.0088578 0.00937109 0.0133052 0.0092112 0.0102435 0.00888835 0.00857436 0.0106033 0.00872636 0.00894767 0.00957937 0.00968339 0.00888102 0.00883058 0.00869031 0.00921389 0.00842658 0.00844014 0.00912112 0.00929938 0.00914918 0.00942878 0.00904192 0.00908981 0.00875678 0.00844166 0.00877631 0.00886961 0.00890457 0.0093065 0.00938266 0.00907952 0.00908305 0.01147 0.00869103 0.00831679 0.00930402 0.00828595 0.00847302 0.00852095 0.00841303 0.00874479 0.00819786 0.00820782 0.00831453 0.00830187 0.00863781 0.00947227 0.00933418 0.00870591 0.00874786 0.00887953 0.0090044 0.00885807 0.0088992 0.00896703 0.00864747 0.00850876 0.00841901 0.0104114 0.00969599 0.0096519 0.0100509 0.00990532 0.00949211 0.00910945 0.00891788 0.00913985 0.00916505 0.00960367 0.00932982 0.00915824 0.00957838 0.0106836 0.0116124 0.0111384 0.0102207 0.0100056 0.00997113 0.0102236 0.0099989 0.00939303 0.0106536 0.0105694 0.0112023 0.0120227 0.0119426 
0.0210222 0.0156547 0.668067 0.114998 0.0354418 0.033606 0 0.00426811 0.00332311 0.00373493 0.053284 0.0256563 0.0107876 0.0095134 0.0105397 0.0114495 0.00913117 0.0101215 0.00901013 0.00903572 0.00923615 0.00864009 0.00861031 0.00984798 0.00884906 0.00928074 0.00870346 0.00988686 0.00859576 0.00846858 0.00847723 0.00890415 0.00880226 0.00883234 0.00890261 0.00881748 0.00904576 0.00865762 0.00822269 0.00857221 0.00860647 0.00895769 0.00920725 0.00944676 0.00866191 0.00894669 0.010125 0.00811617 0.00830965 0.00852918 0.00840469 0.0083642 0.00830428 0.00825611 0.00831555 0.00817749 0.00827871 0.00834375 0.00820518 0.00864346 0.00877587 0.00844969 0.00836123 0.00869184 0.00843883 0.00843948 0.00847631 0.00845242 0.00915001 0.00840533 0.00829727 0.00872906 0.00860255 0.00885493 0.00885484 0.0091121 0.0089398 0.00893428 0.00857168 0.00866222 0.0085498 0.00855606 0.00870131 0.00865732 0.00888892 0.00864584 0.00898896 0.0107783 0.0092167 0.00905034 0.00938994 0.00953392 0.0091732 0.00942225 0.00864802 0.00923555 0.00904163 0.00970557 0.0113077 0.0103731 
0.0117682 0.0121297 0.042571 0.80997 0.0957932 0.0536394 0.00426811 0 0.00336874 0.00324919 0.0316033 0.017508 0.0101166 0.00965825 0.00919609 0.0093925 0.00995168 0.00929975 0.00870567 0.00836959 0.00879162 0.00929925 0.0109711 0.00977348 0.0106752 0.00988899 0.00910017 0.00895838 0.008373 0.00882793 0.00923181 0.00983753 0.00976769 0.0108327 0.00980265 0.00970067 0.00861443 0.00827119 0.00863846 0.00950064 0.00982007 0.00936431 0.00888674 0.00861825 0.00902913 0.00985136 0.00964686 0.00813452 0.00823883 0.00818588 0.00823301 0.00829042 0.00823704 0.00836039 0.00835772 0.0082938 0.00830938 0.00847225 0.00835918 0.00834477 0.00837187 0.00837905 0.00882136 0.00846333 0.00822319 0.00872358 0.00882222 0.00884692 0.00870446 0.0083471 0.00841779 0.00829331 0.00858595 0.00952184 0.00941213 0.00947048 0.00952517 0.00934784 0.0090117 0.00896931 0.00888594 0.00884967 0.00912783 0.00905863 0.00870833 0.00900986 0.0090686 0.0089633 0.00910164 0.00958307 0.00971019 0.00935454 0.00888966 0.00892059 0.00907283 0.00981556 0.00978637 0.0105956 0.0100348 0.00905174 
0.0117278 0.0134858 0.0239757 0.0561574 0.826733 0.0848289 0.00332311 0.00336874 0 0.0033883 0.0296342 0.0591383 0.010357 0.00993889 0.00931905 0.0109115 0.0132003 0.00960268 0.00912004 0.00880462 0.00939703 0.0106256 0.0107117 0.0125496 0.0133954 0.0106351 0.0100515 0.00852928 0.00872079 0.00913924 0.0102233 0.0115647 0.0111055 0.0124812 0.0114077 0.011474 0.00885277 0.00853153 0.0096231 0.0099833 0.0104414 0.0104968 0.00896212 0.00911049 0.00967621 0.0111735 0.010754 0.00841242 0.00829377 0.00826859 0.00823514 0.00845094 0.0083002 0.00851265 0.00856024 0.00852612 0.0084456 0.00874683 0.00855454 0.00837851 0.00855134 0.00875005 0.00903796 0.00848764 0.0084006 0.00901337 0.00925927 0.0092534 0.00867975 0.00841766 0.00851833 0.00825491 0.00913972 0.00967874 0.0100767 0.010181 0.010483 0.0100081 0.00956598 0.00932988 0.0094907 0.00939304 0.00960626 0.00945051 0.00879102 0.00946321 0.00972558 0.00912605 0.0097653 0.00992375 0.00990452 0.00931873 0.00912029 0.00913081 0.0094272 0.0101933 0.0103434 0.0104026 0.0102729 0.00936113 
0.0137568 0.0121082 0.0364965 0.0292808 0.0419907 0.749695 0.00373493 0.00324919 0.0033883 0 0.040951 0.0811744 0.0121272 0.00996849 0.00973562 0.0150669 0.00976687 0.0104997 0.0091193 0.00861965 0.0114576 0.00906142 0.00916052 0.00974086 0.00927047 0.00938082 0.0088126 0.00904422 0.0100659 0.00889172 0.00877509 0.00932931 0.00946906 0.00922159 0.00975951 0.0089998 0.00918647 0.00933375 0.00866526 0.00893746 0.00924298 0.00899455 0.00908508 0.00956567 0.00902489 0.0092485 0.0111022 0.00891465 0.00831938 0.0092172 0.00833333 0.00831276 0.00851378 0.00831188 0.00850663 0.00830612 0.00823042 0.00828648 0.00822769 0.00840116 0.00921559 0.00899897 0.00853922 0.00859734 0.00889992 0.00860397 0.00867998 0.00864367 0.00870383 0.00845952 0.00837977 0.00844147 0.00973083 0.00917587 0.00917604 0.0094499 0.00937457 0.00900864 0.00874248 0.00859937 0.00879355 0.00874916 0.0090961 0.0087238 0.00879513 0.00913538 0.00985531 0.0107914 0.0101855 0.00931278 0.00937804 0.00932575 0.00936489 0.00925647 0.00881223 0.0095081 0.00957832 0.00991935 0.0107907 0.0109904 
0.00972321 0.0150012 0.0124263 0.0123447 0.0180719 0.018207 0.053284 0.0316033 0.0296342 0.040951 0 0.0108182 0.0119964 0.0144904 0.0185564 0.00903836 0.00913815 0.00999134 0.0083509 0.0101345 0.00823989 0.00835701 0.00832985 0.00841594 0.00843452 0.00834502 0.00844973 0.00940869 0.00816594 0.00822788 0.0082731 0.00824871 0.00825011 0.00830863 0.00833385 0.00851738 0.0086677 0.00806572 0.00817252 0.00819928 0.00822791 0.00848987 0.00904828 0.00826322 0.00821101 0.00851089 0.00944927 0.00806763 0.00821106 0.00813059 0.00807061 0.00843148 0.00808185 0.00811593 0.00812531 0.00805142 0.00804833 0.00812278 0.0081162 0.00825417 0.00875514 0.00810884 0.00838687 0.0083161 0.00810469 0.00816072 0.00815179 0.00819515 0.00863048 0.00824035 0.00822584 0.00821077 0.00830736 0.00843367 0.00831141 0.00843733 0.00839636 0.00829376 0.00828204 0.00827018 0.00834177 0.00829059 0.00847224 0.00834805 0.00851126 0.0085556 0.00866457 0.00981853 0.00868994 0.00853117 0.00862038 0.00904022 0.00850786 0.00832176 0.00828437 0.00837937 0.00852267 0.00878985 0.0100513 0.00914696 
0.0125871 0.0100987 0.0156285 0.0129882 0.0164919 0.0356193 0.0256563 0.017508 0.0591383 0.0811744 0.0108182 0 0.012907 0.0108402 0.0150506 0.0122904 0.0102317 0.00983909 0.0105453 0.00834521 0.00916776 0.00844699 0.00860081 0.00938301 0.00880909 0.0085932 0.00860412 0.00867234 0.00882302 0.00851254 0.00843242 0.00884406 0.00900724 0.00861836 0.00865675 0.00887774 0.00863314 0.00852833 0.00837374 0.00834764 0.00856451 0.00879472 0.00885 0.00893737 0.00830753 0.00915889 0.00970174 0.00869136 0.00826203 0.00831397 0.00814481 0.00836067 0.00822442 0.00813659 0.00810028 0.00805454 0.00809504 0.00813291 0.00816788 0.00821601 0.00883784 0.00850128 0.00852705 0.00829524 0.00837081 0.00838457 0.00828164 0.00843498 0.00846861 0.00847364 0.00829536 0.00826336 0.00895713 0.00866677 0.00864522 0.00862128 0.00872781 0.00842701 0.00850054 0.00831105 0.00846238 0.00841827 0.00856789 0.00856757 0.00865593 0.00868087 0.00889714 0.00950112 0.00920948 0.00873983 0.00877757 0.00905815 0.00887653 0.00855671 0.00861299 0.00859374 0.00872939 0.008941 0.00966492 0.00954881 
0.0083527 0.00863908 0.0100877 0.0092155 0.00909377 0.0106142 0.0107876 0.0101166 0.010357 0.0121272 0.0119964 0.012907 0 0.00335406 0.00540329 0.022217 0.00917585 0.722585 0.0102184 0.0133804 0.0103579 0.00999134 0.0100656 0.00915933 0.0108655 0.00954237 0.0109001 0.0162709 0.0106584 0.00867897 0.00942466 0.00920009 0.00918263 0.00963281 0.00891517 0.00956483 0.0115089 0.00905083 0.00888578 0.00882019 0.00871317 0.00905953 0.0134285 0.010027 0.00944875 0.00985151 0.0126986 0.00866306 0.00836858 0.00810147 0.00809217 0.00842103 0.0082319 0.00807199 0.00815527 0.00810356 0.00804039 0.00822373 0.00810221 0.00862653 0.00891339 0.00834617 0.00808335 0.00833644 0.00826796 0.0080078 0.00810079 0.00810209 0.00878372 0.00801113 0.00810678 0.00816619 0.0081818 0.00814655 0.00812173 0.00818718 0.00824566 0.00815705 0.00808353 0.00812347 0.0081475 0.00807554 0.00808048 0.00809382 0.00822195 0.00814237 0.00827126 0.00890604 0.00854902 0.00827744 0.0081559 0.00866358 0.0084756 0.00817102 0.00814062 0.00818124 0.0081496 0.00825323 0.00875479 0.00839508 
0.00833538 0.00819241 0.00873422 0.00893751 0.00998072 0.0088578 0.0095134 0.00965825 0.00993889 0.00996849 0.0144904 0.0108402 0.00335406 0 0.00322755 0.0086131 0.825627 0.0103989 0.0112473 0.0139547 0.00994759 0.0119641 0.00913342 0.0109353 0.00861124 0.0114509 0.0117921 0.00953312 0.00882001 0.0146846 0.00847737 0.00930296 0.00919738 0.00876833 0.00935536 0.0104633 0.00964533 0.00881088 0.0090946 0.00873887 0.00876554 0.0116781 0.00875682 0.00978673 0.00989219 0.0122528 0.0103255 0.00818884 0.00857554 0.00807632 0.00818794 0.00836386 0.00810023 0.00821978 0.0081553 0.00803698 0.00803828 0.00824702 0.00825945 0.00860301 0.008167 0.00811124 0.00835659 0.00819043 0.00806231 0.00824046 0.00820942 0.00821029 0.00823867 0.00803597 0.00806887 0.00810808 0.00821805 0.00827671 0.00827406 0.00829505 0.00827889 0.00829711 0.00824864 0.00826627 0.00830897 0.00826676 0.00827463 0.00825279 0.00831082 0.00818524 0.00832345 0.00837117 0.00835658 0.00835887 0.00835233 0.00826896 0.00826359 0.00852705 0.0082115 0.00831556 0.00828367 0.00838498 0.0085219 0.00842657 
0.00834469 0.0080948 0.00987255 0.0087319 0.00861261 0.00937109 0.0105397 0.00919609 0.00931905 0.00973562 0.0185564 0.0150506 0.00540329 0.00322755 0 0.844679 0.00693879 0.0115777 0.0105061 0.00989125 0.0151455 0.00918991 0.00967859 0.00880818 0.00979025 0.00898091 0.00927074 0.00934931 0.015048 0.00860073 0.00886526 0.00900371 0.00947656 0.00924074 0.00899579 0.00963818 0.00997449 0.0103874 0.00885329 0.00893266 0.00900033 0.00899073 0.0100931 0.0109441 0.00902843 0.00919138 0.0111677 0.00917297 0.00811987 0.00849334 0.00880076 0.00815956 0.00860334 0.00809202 0.0081247 0.00810219 0.00809277 0.00813017 0.00811773 0.00815918 0.00871955 0.0085745 0.00811287 0.00825563 0.00826585 0.00806996 0.00811476 0.008065 0.00810335 0.00811097 0.00807473 0.00797133 0.00846098 0.00830294 0.00821271 0.00821924 0.00831822 0.00817593 0.00819622 0.00815309 0.00819622 0.00821985 0.00815157 0.00815125 0.00826271 0.00822301 0.00833734 0.00862015 0.00863439 0.00825676 0.00819701 0.00832132 0.00843373 0.00817933 0.0081712 0.00819702 0.00823362 0.00829389 0.00841056 0.00851119 
0.00821819 0.00889444 0.0105595 0.0092842 0.0103294 0.0133052 0.0114495 0.0093925 0.0109115 0.0150669 0.00903836 0.0122904 0.022217 0.0086131 0.844679 0 0.00329932 0.00329511 0.0638268 0.0270091 0.0225868 0.0120473 0.0141432 0.0117273 0.02094 0.0128816 0.0125734 0.0231084 0.0141545 0.00972186 0.0103527 0.0112465 0.0118628 0.0112691 0.0111496 0.0118632 0.0232239 0.0112319 0.00935519 0.0106868 0.0100249 0.0117241 0.0204126 0.016074 0.0110277 0.0122925 0.0198483 0.00913838 0.00998724 0.00890932 0.00856982 0.00924866 0.00844305 0.00823532 0.00841482 0.00829574 0.00813519 0.0084193 0.00838495 0.00952158 0.00990136 0.00836847 0.00830513 0.00963983 0.00837695 0.00819892 0.00825428 0.00833888 0.00982672 0.00803489 0.00816986 0.00839737 0.00813617 0.00818172 0.00824638 0.00827918 0.00831669 0.00826815 0.00817521 0.00820275 0.00824621 0.00817054 0.00819885 0.00821755 0.00827119 0.0082155 0.00833071 0.00891481 0.00826109 0.00827718 0.00827141 0.00850279 0.00822987 0.00822043 0.00815117 0.0083402 0.00817604 0.0082911 0.00904953 0.00837949 
0.00820845 0.00820039 0.00892 0.00958687 0.0109637 0.0092112 0.00913117 0.00995168 0.0132003 0.00976687 0.00913815 0.0102317 0.00917585 0.825627 0.00693879 0.00329932 0 0.00322504 0.0408856 0.0342214 0.0117721 0.0239785 0.011332 0.0137521 0.0110535 0.0119937 0.0285198 0.00986651 0.00940558 0.0176909 0.00954894 0.0116722 0.0119201 0.0108453 0.01326 0.0200513 0.0106697 0.00920344 0.0127254 0.0100764 0.0117095 0.0170076 0.00952066 0.00959287 0.0137628 0.017302 0.0113912 0.0091764 0.00895359 0.0082228 0.00863592 0.00856853 0.0083559 0.00841733 0.00866985 0.00811179 0.00838887 0.00859925 0.00862241 0.00838352 0.00829448 0.00841632 0.00889892 0.0083603 0.00811346 0.00835413 0.00837445 0.00834311 0.00835565 0.00803569 0.00805748 0.00801455 0.00817914 0.00834865 0.00835605 0.00833298 0.00838179 0.00828969 0.00827966 0.00828261 0.00834358 0.00831051 0.00823058 0.00827605 0.00831242 0.00825019 0.00831094 0.00825447 0.00831497 0.00843288 0.00842443 0.00824253 0.00822064 0.00831079 0.00817457 0.00829004 0.00835848 0.0086507 0.00866884 0.00837796 
0.00826463 0.00848946 0.00998948 0.00907733 0.00896479 0.0102435 0.0101215 0.00929975 0.00960268 0.0104997 0.00999134 0.00983909 0.722585 0.0103989 0.0115777 0.00329511 0.00322504 0 0.0232397 0.0159036 0.0201181 0.0102015 0.0155791 0.00986027 0.0112392 0.010292 0.0112059 0.0118187 0.0160799 0.00933291 0.0102843 0.0103851 0.0114937 0.0122629 0.0103013 0.011904 0.0135567 0.0131813 0.00942654 0.0124207 0.0103791 0.0108193 0.0120873 0.0132251 0.0102461 0.0112614 0.0163629 0.0102525 0.00838131 0.00970038 0.00965327 0.00851581 0.00906859 0.00842597 0.00827539 0.00826542 0.00831995 0.00838695 0.00837008 0.00851314 0.00953676 0.00922888 0.00842832 0.00838838 0.00856811 0.00819431 0.008319 0.00837561 0.00846842 0.00821983 0.00808146 0.00800682 0.00867624 0.0082353 0.00822028 0.00826937 0.00829261 0.00820056 0.00821553 0.00817688 0.00818696 0.00819861 0.00821781 0.00818576 0.00826876 0.00816379 0.00840347 0.00840734 0.0084333 0.00826254 0.0082137 0.00817327 0.00825542 0.00817532 0.0082036 0.0082633 0.0082849 0.0083182 0.00853034 0.00845338 
0.00815316 0.00829412 0.00873324 0.00851629 0.00864993 0.00888835 0.00901013 0.00870567 0.00912004 0.0091193 0.0083509 0.0105453 0.0102184 0.0112473 0.0105061 0.0638268 0.0408856 0.0232397 0 0.015612 0.003539 0.0680027 0.00399217 0.00428123 0.00465708 0.00572954 0.00762891 0.0112545 0.0086273 0.0096348 0.00844162 0.00860818 0.0104965 0.0111405 0.0104832 0.010339 0.0135178 0.0118179 0.0118125 0.00997164 0.0102097 0.0123535 0.0140467 0.0162527 0.0143025 0.0137221 0.0205519 0.00997087 0.0109362 0.00928199 0.00886439 0.0100208 0.0085617 0.00854556 0.00851414 0.00830858 0.00830127 0.00835175 0.00848959 0.00899027 0.0113481 0.00844208 0.00853972 0.00918239 0.00848266 0.00821573 0.00814531 0.00820959 0.00890103 0.00805887 0.00805994 0.00810675 0.00811757 0.00809229 0.00813184 0.00815488 0.00821233 0.00817006 0.00811999 0.00810645 0.00818777 0.00811532 0.00812305 0.00810178 0.00820678 0.00816921 0.00820276 0.00858919 0.00828503 0.00820696 0.00819354 0.00828812 0.0082231 0.00819074 0.00810035 0.00828052 0.0081848 0.00827848 0.00856853 0.00857288 
0.00817958 0.00816126 0.00868293 0.00831836 0.00852532 0.00857436 0.00903572 0.00836959 0.00880462 0.00861965 0.0101345 0.00834521 0.0133804 0.0139547 0.00989125 0.0270091 0.0342214 0.0159036 0.015612 0 0.0434231 0.00404766 0.00358729 0.00347073 0.00362115 0.00492794 0.00611853 0.00721827 0.00922424 0.00806748 0.00782321 0.00877107 0.00863533 0.00881321 0.009263 0.0139091 0.0129061 0.0191128 0.0108089 0.00931214 0.00992954 0.0120533 0.0127854 0.0170659 0.0121613 0.0128017 0.015849 0.0156015 0.00930471 0.0107962 0.0101195 0.00894222 0.00935096 0.00838156 0.00831204 0.00811212 0.00812957 0.00826041 0.00848022 0.00877386 0.0106623 0.00914171 0.00846758 0.00867797 0.00858885 0.00824491 0.00818765 0.00823416 0.00845704 0.00817439 0.00803127 0.00808571 0.00834824 0.00820168 0.00817885 0.00817919 0.00825457 0.00813844 0.00818039 0.00812731 0.00820755 0.00821242 0.00817374 0.00816884 0.00822766 0.00820587 0.00822418 0.00847347 0.00833186 0.00825035 0.00824053 0.0082994 0.00829718 0.00826108 0.00814346 0.0081843 0.00823763 0.0083578 0.00852726 0.00855172 
0.00801694 0.00824744 0.00931634 0.00889546 0.00897738 0.0106033 0.00923615 0.00879162 0.00939703 0.0114576 0.00823989 0.00916776 0.0103579 0.00994759 0.0151455 0.0225868 0.0117721 0.0201181 0.003539 0.0434231 0 0.00326797 0.00324767 0.00325844 0.0033325 0.00349179 0.0035202 0.00622462 0.00693666 0.00762043 0.00771974 0.00859234 0.0100415 0.0109456 0.013237 0.0356784 0.645088 0.0267931 0.0107453 0.0106557 0.0114412 0.0130939 0.0232561 0.0290507 0.0188568 0.0150742 0.0314589 0.00985038 0.0121476 0.00970143 0.00904651 0.0113096 0.00893582 0.0088848 0.00881705 0.00862737 0.00878659 0.00911879 0.00904247 0.0129001 0.010726 0.00918656 0.00872064 0.0106027 0.00856567 0.00840812 0.00867457 0.00866326 0.0107473 0.00806423 0.00805139 0.00836086 0.00818118 0.00813745 0.00822671 0.00841201 0.00835582 0.00838004 0.00819694 0.00816442 0.00832545 0.00818161 0.00824957 0.00815183 0.00825231 0.00816135 0.00825214 0.0088351 0.00833245 0.00821686 0.00819922 0.00844019 0.00817171 0.00819614 0.00810793 0.00851144 0.00821111 0.00836345 0.008809 0.00832622 
0.00800574 0.00805355 0.00880503 0.00937942 0.00937756 0.00872636 0.00864009 0.00929925 0.0106256 0.00906142 0.00835701 0.00844699 0.00999134 0.0119641 0.00918991 0.0120473 0.0239785 0.0102015 0.0680027 0.00404766 0.00326797 0 0.00320522 0.00320772 0.00324741 0.00330534 0.00389936 0.00360382 0.00632026 0.00747053 0.0077232 0.011651 0.0100761 0.024229 0.061594 0.656633 0.0538034 0.0102846 0.0127734 0.0146861 0.0181441 0.0212327 0.0120901 0.0163483 0.0471781 0.0283119 0.014485 0.00987509 0.00904644 0.00879504 0.00920672 0.00904331 0.00882257 0.0101066 0.00989577 0.0097537 0.00999165 0.0116493 0.0119541 0.00910368 0.00882634 0.00883924 0.00977067 0.00920433 0.0083089 0.00893596 0.00916884 0.0089723 0.00874613 0.00812888 0.00815469 0.00807464 0.00816456 0.00834383 0.00845706 0.00852863 0.00857484 0.00841172 0.0082955 0.00835313 0.00839909 0.00832632 0.00827196 0.00823001 0.00818362 0.00812772 0.00821658 0.00826487 0.00829763 0.00834441 0.00830009 0.00820473 0.00812615 0.00826097 0.00822477 0.00836046 0.00835123 0.00845135 0.00863967 0.00821724 
0.00802114 0.00808353 0.00883014 0.011108 0.00978338 0.00894767 0.00861031 0.0109711 0.0107117 0.00916052 0.00832985 0.00860081 0.0100656 0.00913342 0.00967859 0.0141432 0.011332 0.0155791 0.00399217 0.00358729 0.00324767 0.00320522 0 0.00323627 0.00323745 0.00326146 0.00326431 0.00329146 0.00567097 0.00777406 0.00905769 0.0103062 0.0215164 0.0611052 0.582773 0.075692 0.0112009 0.00942754 0.012512 0.0158999 0.0397501 0.015164 0.0108505 0.0152504 0.02346 0.0235732 0.0148523 0.00935254 0.00879207 0.00876497 0.0093468 0.00880153 0.0095232 0.0110074 0.013997 0.0110737 0.0123712 0.0178152 0.0105992 0.00890343 0.00868275 0.00913625 0.00930321 0.00901237 0.00845197 0.00891087 0.0103423 0.0091531 0.00865414 0.00816898 0.00821364 0.00812479 0.00821949 0.00841292 0.00869076 0.00873001 0.00949632 0.00852343 0.0084606 0.00843308 0.00856187 0.00843909 0.00839597 0.0083776 0.00824612 0.00819448 0.00831977 0.00832344 0.0083078 0.00837413 0.00839008 0.0082167 0.00815577 0.00829951 0.00827792 0.00840237 0.00845343 0.00868913 0.00857752 0.0081861 
0.00808919 0.00810982 0.0100482 0.0104642 0.0102174 0.00957937 0.00984798 0.00977348 0.0125496 0.00974086 0.00841594 0.00938301 0.00915933 0.0109353 0.00880818 0.0117273 0.0137521 0.00986027 0.00428123 0.00347073 0.00325844 0.00320772 0.00323627 0 0.0032173 0.00328148 0.00329262 0.00324649 0.00486903 0.0121632 0.00783087 0.0365882 0.0526428 0.309089 0.0906084 0.0109106 0.00858634 0.00982779 0.0105697 0.0225571 0.0195437 0.021119 0.0100453 0.0199076 0.0252586 0.0216841 0.0159595 0.00874358 0.00915914 0.00920575 0.00973649 0.00898652 0.00974552 0.0109236 0.0137776 0.0105389 0.0194493 0.0125204 0.0104112 0.00897636 0.00865493 0.00946228 0.00981594 0.0092798 0.00849046 0.00929996 0.0107268 0.00903549 0.00887611 0.0081251 0.008117 0.00810882 0.00819516 0.00845918 0.00867388 0.00890041 0.00907848 0.00858527 0.00840135 0.00849037 0.00857028 0.00847051 0.00839193 0.00842223 0.0082239 0.00820391 0.00835088 0.0083449 0.00834045 0.00844148 0.00840905 0.00818143 0.00817454 0.00837874 0.00824173 0.00851784 0.00846663 0.00852361 0.00849878 0.00830216 
0.00816533 0.00828989 0.00911281 0.0119267 0.0102781 0.00968339 0.00884906 0.0106752 0.0133954 0.00927047 0.00843452 0.00880909 0.0108655 0.00861124 0.00979025 0.02094 0.0110535 0.0112392 0.00465708 0.00362115 0.0033325 0.00324741 0.00323745 0.0032173 0 0.00321533 0.00324309 0.00327132 0.00736063 0.00642284 0.0444067 0.032255 0.245725 0.209331 0.0107435 0.0114865 0.00943809 0.00931146 0.0134832 0.016793 0.0261628 0.0115794 0.0133176 0.0125121 0.0292265 0.0330303 0.0133976 0.0104494 0.0087135 0.00881911 0.00920459 0.00894452 0.00932014 0.0118515 0.0137808 0.0188776 0.0100532 0.0224668 0.0102336 0.0090161 0.00967013 0.00957706 0.0103067 0.00939722 0.00854897 0.00946008 0.00988357 0.00975788 0.00882409 0.00823268 0.00822833 0.00807736 0.00823889 0.00848327 0.00875874 0.00883374 0.00917624 0.00851546 0.0084376 0.00841346 0.00845709 0.00845108 0.00839258 0.00833922 0.00815395 0.00820646 0.00832061 0.00828675 0.0083394 0.00841398 0.00845392 0.00820936 0.00837558 0.00826148 0.00834305 0.00843231 0.00850059 0.00872981 0.00854678 0.00818038 
0.00809141 0.00813337 0.00918588 0.0100011 0.0104789 0.00888102 0.00928074 0.00988899 0.0106351 0.00938082 0.00834502 0.0085932 0.00954237 0.0114509 0.00898091 0.0128816 0.0119937 0.010292 0.00572954 0.00492794 0.00349179 0.00330534 0.00326146 0.00328148 0.00321533 0 0.00322106 0.00322224 0.00394063 0.0622383 0.0375477 0.237299 0.206301 0.0118894 0.0138881 0.00956868 0.00802835 0.0108111 0.0129952 0.0172482 0.0205656 0.0159035 0.0105455 0.0213333 0.0282089 0.0223315 0.017406 0.00911445 0.00954728 0.00905144 0.00965308 0.00898165 0.00975066 0.0110487 0.0167752 0.0109315 0.0153161 0.0137693 0.0104842 0.00903866 0.00861873 0.0094632 0.00970574 0.00924988 0.00847493 0.00906598 0.010839 0.00928769 0.00887075 0.00817487 0.00814217 0.00814059 0.00827988 0.00850907 0.00878479 0.009221 0.00907959 0.00904046 0.00850843 0.00847682 0.00861824 0.00855867 0.00850783 0.00846654 0.00821354 0.00819664 0.00828623 0.00832275 0.00843873 0.00844358 0.00840565 0.00823545 0.00826509 0.00839218 0.0083106 0.00847127 0.0084582 0.00862505 0.00863625 0.00829327 
0.00811056 0.00809379 0.00872761 0.00910298 0.00929071 0.00883058 0.00870346 0.00910017 0.0100515 0.0088126 0.00844973 0.00860412 0.0109001 0.0117921 0.00927074 0.0125734 0.0285198 0.0112059 0.00762891 0.00611853 0.0035202 0.00389936 0.00326431 0.00329262 0.00324309 0.00322106 0 0.00335019 0.0250086 0.116819 0.109136 0.123173 0.00944567 0.0109188 0.0089914 0.0100438 0.00850749 0.0102333 0.014434 0.0129128 0.0148297 0.0167566 0.0109133 0.0132072 0.0242264 0.0357218 0.018672 0.0110578 0.00979377 0.00899557 0.0108036 0.00920188 0.00934654 0.0115855 0.00969084 0.00929288 0.00910481 0.0105717 0.0101297 0.00911173 0.00953642 0.00937249 0.0103054 0.00888732 0.00858556 0.00876136 0.00883311 0.00893484 0.00878964 0.00817092 0.00815562 0.00811538 0.00822275 0.00833304 0.00843428 0.00863942 0.00858522 0.00827232 0.00829864 0.00830613 0.008363 0.00832873 0.00832771 0.00824962 0.00813787 0.00812984 0.00828726 0.00823607 0.00826942 0.00828892 0.00829506 0.00819709 0.00818612 0.00822786 0.00821834 0.00829374 0.00826334 0.00838885 0.00844388 0.00822618 
0.00840401 0.00814577 0.00933279 0.00859579 0.00852004 0.00869031 0.00988686 0.00895838 0.00852928 0.00904422 0.00940869 0.00867234 0.0162709 0.00953312 0.00934931 0.0231084 0.00986651 0.0118187 0.0112545 0.00721827 0.00622462 0.00360382 0.00329146 0.00324649 0.00327132 0.00322224 0.00335019 0 0.16918 0.385946 0.0101353 0.00553226 0.00830265 0.00791618 0.00738134 0.00881049 0.00793652 0.0133967 0.0104876 0.00951411 0.00983953 0.0128865 0.0145348 0.021242 0.0124749 0.0134298 0.0340633 0.0141672 0.0100669 0.0125539 0.0111116 0.00971867 0.0164199 0.00886917 0.00859731 0.00846615 0.00856815 0.00886471 0.00887097 0.00914213 0.0112615 0.0122332 0.00878641 0.00892265 0.0104674 0.0084721 0.00855581 0.00835349 0.00863584 0.00831986 0.00802401 0.00799152 0.00898548 0.00838454 0.00826395 0.00828577 0.00826443 0.00821764 0.00814074 0.0081019 0.00821833 0.00816524 0.0081314 0.00812665 0.00818786 0.00819603 0.00834115 0.00869824 0.0085387 0.00826268 0.00819045 0.00818792 0.00837959 0.00816435 0.0081043 0.0081849 0.00820534 0.00826372 0.00841632 0.0084856 
0.00814442 0.00826412 0.00851993 0.00850946 0.00846642 0.00921389 0.00859576 0.008373 0.00872079 0.0100659 0.00816594 0.00882302 0.0106584 0.00882001 0.015048 0.0141545 0.00940558 0.0160799 0.0086273 0.00922424 0.00693666 0.00632026 0.00567097 0.00486903 0.00736063 0.00394063 0.0250086 0.16918 0 0.00677833 0.00321695 0.00323597 0.00330297 0.00341615 0.00330227 0.00550856 0.00456195 0.00618578 0.00652554 0.0069621 0.00877196 0.00860572 0.0260608 0.0221009 0.0124176 0.0252556 0.0245032 0.0131187 0.0111165 0.0104067 0.00909721 0.0114843 0.00915237 0.00867041 0.00864451 0.00867304 0.00846581 0.00887935 0.00896492 0.0124275 0.0122536 0.00904123 0.00846311 0.0134294 0.00836694 0.00830054 0.00838583 0.00853317 0.0102451 0.00808308 0.0081694 0.00843764 0.00832982 0.00813073 0.00819225 0.00827427 0.00829942 0.00823956 0.00809845 0.00820751 0.00820699 0.00817495 0.00816184 0.00815373 0.00820107 0.00801093 0.00824195 0.00881029 0.00835567 0.00820412 0.00823289 0.00851405 0.00826739 0.00812874 0.00812506 0.00826144 0.00816342 0.00822908 0.00873202 0.00826323 
0.00795886 0.00801773 0.00865322 0.00889424 0.00905243 0.00842658 0.00846858 0.00882793 0.00913924 0.00889172 0.00822788 0.00851254 0.00867897 0.0146846 0.00860073 0.00972186 0.0176909 0.00933291 0.0096348 0.00806748 0.00762043 0.00747053 0.00777406 0.0121632 0.00642284 0.0622383 0.116819 0.385946 0.00677833 0 0.00319631 0.0032145 0.00326251 0.00327151 0.00341727 0.00386428 0.00367802 0.00563306 0.00713195 0.00769497 0.00872498 0.0139839 0.0100804 0.017255 0.0782546 0.0246404 0.0139202 0.00915119 0.0104015 0.00881773 0.00943736 0.00903333 0.008726 0.0100172 0.010032 0.00884724 0.0101141 0.00957617 0.0110886 0.00934783 0.0086749 0.00862044 0.00926225 0.00920616 0.00814794 0.00864177 0.00942854 0.00881497 0.00881284 0.00802111 0.00808101 0.00816982 0.00799478 0.00830973 0.00840411 0.00862738 0.00856148 0.00847089 0.00822673 0.00828654 0.00828917 0.0082675 0.00821412 0.00819348 0.00813085 0.00811432 0.00820019 0.00826784 0.00815715 0.0082772 0.00824888 0.00812344 0.00807011 0.00831953 0.00812445 0.00857064 0.00839749 0.00846821 0.00851957 0.0081824 
0.00805367 0.00811213 0.008598 0.0095762 0.00935625 0.00844014 0.00847723 0.00923181 0.0102233 0.00877509 0.0082731 0.00843242 0.00942466 0.00847737 0.00886526 0.0103527 0.00954894 0.0102843 0.00844162 0.00782321 0.00771974 0.0077232 0.00905769 0.00783087 0.0444067 0.0375477 0.109136 0.0101353 0.00321695 0.00319631 0 0.00320112 0.00326411 0.00333483 0.00328003 0.00354959 0.00326847 0.00552473 0.00699427 0.00823417 0.0115919 0.00882579 0.0314743 0.0212006 0.0183861 0.0178043 0.0117905 0.010668 0.00867258 0.00879114 0.00917822 0.00884597 0.00889515 0.00986474 0.0131641 0.0115734 0.010319 0.0183619 0.0104968 0.00878915 0.0088883 0.00904039 0.00923758 0.0089643 0.00835485 0.00912926 0.0103529 0.00933982 0.00875428 0.00814627 0.00818182 0.00807565 0.00813717 0.00834171 0.00881927 0.00866215 0.00930017 0.00849251 0.00839579 0.00831045 0.00849415 0.00833407 0.0082888 0.00829576 0.0080758 0.00807629 0.00820221 0.00808512 0.00819286 0.00826867 0.00821886 0.00809951 0.00807716 0.00816266 0.00825451 0.00836417 0.00831295 0.00860332 0.00838704 0.0081029 
0.00806589 0.00807316 0.0092889 0.0101187 0.0105554 0.00912112 0.00890415 0.00983753 0.0115647 0.00932931 0.00824871 0.00884406 0.00920009 0.00930296 0.00900371 0.0112465 0.0116722 0.0103851 0.00860818 0.00877107 0.00859234 0.011651 0.0103062 0.0365882 0.032255 0.237299 0.123173 0.00553226 0.00323597 0.0032145 0.00320112 0 0.00321613 0.00321176 0.0032735 0.00326238 0.00323734 0.00519828 0.00684327 0.0178604 0.0112537 0.0258733 0.728535 0.0153305 0.01598 0.0196827 0.0163164 0.00976595 0.00964779 0.00943935 0.01015 0.00932623 0.00974756 0.013569 0.013188 0.0121256 0.0152958 0.017435 0.0107445 0.009962 0.00888149 0.00981795 0.0104893 0.00998672 0.00860212 0.00993914 0.0119798 0.0099234 0.00906313 0.00822081 0.00816884 0.00811645 0.0082766 0.00880031 0.0089276 0.00961452 0.00930022 0.00881931 0.00897354 0.00852964 0.00908838 0.00866435 0.00861562 0.00862422 0.00827691 0.00819407 0.00833795 0.00828484 0.00838188 0.0084756 0.00843493 0.00822368 0.00814841 0.00835357 0.00834171 0.00854076 0.00862115 0.00862387 0.00860416 0.00827771 
0.00800654 0.00808707 0.00917942 0.0101864 0.00998645 0.00929938 0.00880226 0.00976769 0.0111055 0.00946906 0.00825011 0.00900724 0.00918263 0.00919738 0.00947656 0.0118628 0.0119201 0.0114937 0.0104965 0.00863533 0.0100415 0.0100761 0.0215164 0.0526428 0.245725 0.206301 0.00944567 0.00830265 0.00330297 0.00326251 0.00326411 0.00321613 0 0.00320821 0.00321977 0.00325618 0.00324337 0.00449306 0.0106764 0.0110908 0.0385561 0.85656 0.0180702 0.010361 0.0172153 0.0188208 0.0171551 0.0116725 0.00957477 0.00927651 0.0103705 0.00974986 0.00998091 0.0124414 0.0213943 0.0123535 0.0210726 0.0180904 0.0135056 0.0100273 0.0092052 0.0100344 0.0112521 0.0103567 0.00873981 0.0101304 0.0120202 0.0105535 0.0097403 0.0082345 0.00816519 0.00810851 0.00831924 0.00859836 0.00899242 0.00920183 0.00940822 0.0090774 0.00850075 0.00864786 0.00860133 0.00853121 0.00841404 0.00847594 0.00817753 0.00816373 0.00831159 0.00825665 0.0082467 0.0084499 0.00841036 0.00824664 0.00811217 0.00825043 0.00827275 0.00841733 0.00842887 0.00856476 0.00856359 0.00819146 
0.00805788 0.00814096 0.0092578 0.0119536 0.0114424 0.00914918 0.00883234 0.0108327 0.0124812 0.00922159 0.00830863 0.00861836 0.00963281 0.00876833 0.00924074 0.0112691 0.0108453 0.0122629 0.0111405 0.00881321 0.0109456 0.024229 0.0611052 0.309089 0.209331 0.0118894 0.0109188 0.00791618 0.00341615 0.00327151 0.00333483 0.00321176 0.00320821 0 0.00322333 0.00323088 0.00325855 0.00584336 0.00793865 0.0172866 0.945486 0.0175062 0.00885447 0.0092089 0.0183128 0.0224275 0.0160714 0.0106852 0.00936624 0.00915902 0.0104512 0.00954541 0.00996524 0.0158741 0.0189773 0.0210352 0.0134634 0.029036 0.0123905 0.00968585 0.00914658 0.0102709 0.0116201 0.00981163 0.00877628 0.0111423 0.0146463 0.0112026 0.00926664 0.0082404 0.00823161 0.00816687 0.00832625 0.00879375 0.00946879 0.0103834 0.0102373 0.00904818 0.00906981 0.00863131 0.00875901 0.00894782 0.00872458 0.00852713 0.0082607 0.00818462 0.00838475 0.00823245 0.00833459 0.00853996 0.00856723 0.00826275 0.00813299 0.00829137 0.00840206 0.00862451 0.00871738 0.00881694 0.00859788 0.00827897 
