1R4PB
ADCAKGKIEFSKYNEDDTFTVKVDGKEYWTSRWNLQPLLQSAQLTGMTVTIKSSTCESGSGFAEVQFNND
CEEEEECEEEEEECCCCCEEEEECCEEEEECCCCHHHHHHHHHHHCCEEEEECCCCCCCEECCEEEEECC
0 0 0 0 0 0 0 0 0 0 0 0 0 0 0 0 0 0 0 0 0 0 0 0 0 0 0 0 0 0 0 0 0 0 0 0 0 0 0 0 0 0 0 0 0 0 0 0 0 0 0 0 0 0 0 0 0 0 0 0 0 0 0 0 0 0 0 0 0 0 
0 0 0 0 0 0 0 0 0 0 0 0 0 0 0 0 0 0 0 0 0 0 0 0 0 0 0 0 0 0 0 0 0 0 0 0 0 0 0 0 0 0 0 0 0 0 0 0 0 0 0 0 0 0 0 0 0 0 0 0 0 0 0 0 0 0 0 0 0 0 
0 0.00330973 0.00331172 0.00359761 0.00342764 0.00352863 0.00866196 0.00724096 0.0441275 0.0294164 0.0491744 0.0156411 0.0173607 0.010236 0.0249225 0.0252835 0.0136579 0.0121079 0.0100476 0.0197845 0.0292479 0.035072 0.0123077 0.0481163 0.0119999 0.0341439 0.00884579 0.0104074 0.0254838 0.0101284 0.0231255 0.010853 0.0170895 
0.00330973 0 0.00329517 0.00333362 0.00337108 0.00376804 0.00496238 0.0121211 0.0109566 0.0200626 0.00650109 0.0100271 0.0105598 0.0141646 0.0303317 0.0134004 0.00889873 0.00943707 0.0102248 0.0199693 0.0110954 0.0107915 0.0380446 0.0165753 0.0304106 0.0120001 0.00878143 0.00876599 0.0102516 0.0223424 0.0118508 0.021501 0.00965333 
0.00331172 0.00329517 0 0.00336095 0.00323808 0.00372252 0.00693227 0.0222816 0.00657333 0.00549527 0.00541694 0.0089398 0.00984116 0.0209444 0.00914749 0.0121211 0.00845381 0.00853598 0.0244486 0.0137918 0.0108696 0.00998947 0.0285389 0.0201122 0.0232506 0.0101554 0.00850242 0.00869832 0.00955865 0.0165761 0.0189865 0.0123254 0.00910904 
0.00359761 0.00333362 0.00336095 0 0.00321776 0.0044976 0.0164733 0.00352558 0.00385882 0.00461207 0.00495427 0.00851106 0.0272149 0.00775946 0.0199717 0.00754166 0.00928055 0.0364092 0.00884774 0.0229475 0.00824801 0.0176946 0.0113069 0.0280183 0.0109201 0.01131 0.00914253 0.00974841 0.0124191 0.00998902 0.0161789 0.0113293 0.00976059 
0.00342764 0.00337108 0.00323808 0.00321776 0 0.018367 0.00319566 0.00963335 0.00333714 0.00338373 0.00381101 0.0361707 0.00761159 0.0159265 0.00766766 0.0197882 0.0214276 0.0156511 0.0168439 0.0085774 0.0155717 0.0114174 0.0268332 0.00994009 0.0172286 0.0112968 0.00919949 0.00928201 0.0112341 0.0167145 0.00984044 0.0112918 0.00963004 
0.00352863 0.00376804 0.00372252 0.0044976 0.018367 0 0.00334859 0.00344874 0.00327861 0.00362839 0.00555922 0.0122504 0.00659026 0.0179005 0.00837399 0.422598 0.0162721 0.00827788 0.0118447 0.00861824 0.0358713 0.0102325 0.0262024 0.00999158 0.0216914 0.0134925 0.00883108 0.0100316 0.00999337 0.0154753 0.0098105 0.0136057 0.0112805 
0.00866196 0.00496238 0.00693227 0.0164733 0.00319566 0.00334859 0 0.00320838 0.00322037 0.00354603 0.00324226 0.00600071 0.0178535 0.007043 0.293779 0.0326064 0.00813606 0.0114973 0.00805658 0.0370305 0.0092773 0.0261594 0.00979622 0.103453 0.0105485 0.0184523 0.009133 0.00901266 0.0155622 0.00985628 0.0306818 0.0113547 0.010928 
0.00724096 0.0121211 0.0222816 0.00352558 0.00963335 0.00344874 0.00320838 0 0.00319231 0.00320129 0.00324257 0.00712949 0.00711268 0.140637 0.299344 0.028945 0.00828749 0.00732728 0.0444703 0.00926388 0.0126537 0.00929139 0.0741748 0.0103498 0.0431025 0.00993571 0.00853729 0.00885407 0.00939754 0.0304756 0.0118457 0.0310364 0.00952941 
0.0441275 0.0109566 0.00657333 0.00385882 0.00333714 0.00327861 0.00322037 0.00319231 0 0.00318712 0.00321829 0.00543899 0.0616665 0.575404 0.024337 0.0082192 0.00716456 0.0263379 0.00830065 0.00974129 0.00849651 0.0257649 0.00977731 0.0918241 0.0105145 0.0115834 0.00863768 0.00880256 0.0136271 0.0102168 0.0501586 0.0104592 0.0105556 
0.0294164 0.0200626 0.00549527 0.00461207 0.00338373 0.00362839 0.00354603 0.00320129 0.00318712 0 0.0033274 0.0318547 0.857311 0.0257268 0.00778572 0.00629629 0.0238298 0.00876679 0.00827658 0.00947831 0.00947513 0.0108769 0.0402175 0.0139933 0.0285095 0.0100206 0.00993128 0.0101084 0.0108522 0.0206549 0.0114926 0.0223749 0.00950168 
0.0491744 0.00650109 0.00541694 0.00495427 0.00381101 0.00555922 0.00324226 0.00324257 0.00321829 0.0033274 0 0.893782 0.0194824 0.00552714 0.00596683 0.00796313 0.0186528 0.00768029 0.00860486 0.00768504 0.0108527 0.0492556 0.0131529 0.0117018 0.0117826 0.0183396 0.0138732 0.011839 0.0251657 0.0104464 0.0109274 0.0104091 0.0117278 
0.0156411 0.0100271 0.0089398 0.00851106 0.0361707 0.0122504 0.00600071 0.00712949 0.00543899 0.0318547 0.893782 0 0.00329312 0.00345075 0.00334179 0.00542337 0.00457437 0.00449124 0.00574444 0.00813509 0.952178 0.0149136 0.0266027 0.0113855 0.0371295 0.0283103 0.0103286 0.0156325 0.0156251 0.0176633 0.0100978 0.0244438 0.0220994 
0.0173607 0.0105598 0.00984116 0.0272149 0.00761159 0.00659026 0.0178535 0.00711268 0.0616665 0.857311 0.0194824 0.00329312 0 0.00324491 0.00338806 0.00325921 0.00359134 0.00674762 0.00575938 0.973535 0.0129581 0.0207805 0.0110814 0.0725976 0.0130744 0.0199525 0.00971154 0.0100752 0.0171593 0.011756 0.0453058 0.0155954 0.0137002 
0.010236 0.0141646 0.0209444 0.00775946 0.0159265 0.0179005 0.007043 0.140637 0.575404 0.0257268 0.00552714 0.00345075 0.00324491 0 0.00322726 0.00373691 0.00515271 0.00433035 0.992336 0.0075772 0.0073721 0.00998616 0.0886226 0.0112497 0.0356095 0.0101132 0.00882237 0.00964191 0.0102857 0.0637969 0.0128148 0.0261252 0.010124 
0.0249225 0.0303317 0.00914749 0.0199717 0.00766766 0.00837399 0.293779 0.299344 0.024337 0.00778572 0.00596683 0.00334179 0.00338806 0.00322726 0 0.00323376 0.00501863 0.998736 0.00450185 0.00870621 0.00473378 0.0424536 0.0108919 0.0633091 0.0124117 0.0151699 0.0106564 0.0112533 0.0299113 0.0107566 0.0445004 0.0119185 0.0121482 
0.0252835 0.0134004 0.0121211 0.00754166 0.0197882 0.422598 0.0326064 0.028945 0.0082192 0.00629629 0.00796313 0.00542337 0.00325921 0.00373691 0.00323376 0 0.998929 0.00350742 0.00513753 0.00351226 0.00536439 0.0134306 0.0321159 0.00927553 0.0251312 0.0127964 0.0140544 0.0121132 0.0133684 0.0196862 0.00917306 0.018475 0.0105444 
0.0136579 0.00889873 0.00845381 0.00928055 0.0214276 0.0162721 0.00813606 0.00828749 0.00716456 0.0238298 0.0186528 0.00457437 0.00359134 0.00515271 0.00501863 0.998929 0 0.00328325 0.00319625 0.00379696 0.00552518 0.0177576 0.0103073 0.0109969 0.0198338 0.0362122 0.00908024 0.0107444 0.011618 0.00920267 0.0089424 0.0103598 0.0256927 
0.0121079 0.00943707 0.00853598 0.0364092 0.0156511 0.00827788 0.0114973 0.00732728 0.0263379 0.00876679 0.00768029 0.00449124 0.00674762 0.00433035 0.998736 0.00350742 0.00328325 0 0.00359672 0.00332154 0.00323885 0.017519 0.0120074 0.0296428 0.0111567 0.0155293 0.00869767 0.00860039 0.0103535 0.00944382 0.0124795 0.0107224 0.00934252 
0.0100476 0.0102248 0.0244486 0.00884774 0.0168439 0.0118447 0.00805658 0.0444703 0.00830065 0.00827658 0.00860486 0.00574444 0.00575938 0.992336 0.00450185 0.00513753 0.00319625 0.00359672 0 0.00324926 0.00333871 0.0101483 0.0516867 0.0195155 0.0167297 0.0106904 0.0084442 0.00870851 0.00910497 0.0163489 0.0130612 0.0146498 0.009231 
0.0197845 0.0199693 0.0137918 0.0229475 0.0085774 0.00861824 0.0370305 0.00926388 0.00974129 0.00947831 0.00768504 0.00813509 0.973535 0.0075772 0.00870621 0.00351226 0.00379696 0.00332154 0.00324926 0 0.00323239 0.0322953 0.0192897 0.0347888 0.0329141 0.0138523 0.0102635 0.0116466 0.0116525 0.0103143 0.0175357 0.0130112 0.011086 
0.0292479 0.0110954 0.0108696 0.00824801 0.0155717 0.0358713 0.0092773 0.0126537 0.00849651 0.00947513 0.0108527 0.952178 0.0129581 0.0073721 0.00473378 0.00536439 0.00552518 0.00323885 0.00333871 0.00323239 0 0.0305601 0.0219731 0.0164761 0.0304112 0.0378106 0.0122327 0.0145785 0.0144227 0.0116209 0.00900482 0.0119076 0.0111474 
0.035072 0.0107915 0.00998947 0.0176946 0.0114174 0.0102325 0.0261594 0.00929139 0.0257649 0.0108769 0.0492556 0.0149136 0.0207805 0.00998616 0.0424536 0.0134306 0.0177576 0.017519 0.0101483 0.0322953 0.0305601 0 0.0037067 0.00331305 0.00340595 0.00465132 0.00745186 0.0144928 0.0279664 0.00863987 0.0209851 0.0175527 0.727987 
0.0123077 0.0380446 0.0285389 0.0113069 0.0268332 0.0262024 0.00979622 0.0741748 0.00977731 0.0402175 0.0131529 0.0266027 0.0110814 0.0886226 0.0108919 0.0321159 0.0103073 0.0120074 0.0516867 0.0192897 0.0219731 0.0037067 0 0.00338314 0.00334246 0.00332499 0.0072243 0.00825469 0.0100924 0.0696958 0.011024 0.795516 0.010481 
0.0481163 0.0165753 0.0201122 0.0280183 0.00994009 0.00999158 0.103453 0.0103498 0.0918241 0.0139933 0.0117018 0.0113855 0.0725976 0.0112497 0.0633091 0.00927553 0.0109969 0.0296428 0.0195155 0.0347888 0.0164761 0.00331305 0.00338314 0 0.00327441 0.00330298 0.00686261 0.0100262 0.0245816 0.00983997 0.7977 0.0114115 0.0170368 
0.0119999 0.0304106 0.0232506 0.0109201 0.0172286 0.0216914 0.0105485 0.0431025 0.0105145 0.0285095 0.0117826 0.0371295 0.0130744 0.0356095 0.0124117 0.0251312 0.0198338 0.0111567 0.0167297 0.0329141 0.0304112 0.00340595 0.00334246 0.00327441 0 0.00341305 0.0106951 0.0316535 0.011969 0.740651 0.00888318 0.0646582 0.0110609 
0.0341439 0.0120001 0.0101554 0.01131 0.0112968 0.0134925 0.0184523 0.00993571 0.0115834 0.0100206 0.0183396 0.0283103 0.0199525 0.0101132 0.0151699 0.0127964 0.0362122 0.0155293 0.0106904 0.0138523 0.0378106 0.00465132 0.00332499 0.00330298 0.00341305 0 0.029588 0.0257231 0.613841 0.00924604 0.021495 0.0112527 0.0249209 
0.00884579 0.00878143 0.00850242 0.00914253 0.00919949 0.00883108 0.009133 0.00853729 0.00863768 0.00993128 0.0138732 0.0103286 0.00971154 0.00882237 0.0106564 0.0140544 0.00908024 0.00869767 0.0084442 0.0102635 0.0122327 0.00745186 0.0072243 0.00686261 0.0106951 0.029588 0 0.0523413 0.0035737 0.00539074 0.00497833 0.00489038 0.0116511 
0.0104074 0.00876599 0.00869832 0.00974841 0.00928201 0.0100316 0.00901266 0.00885407 0.00880256 0.0101084 0.011839 0.0156325 0.0100752 0.00964191 0.0112533 0.0121132 0.0107444 0.00860039 0.00870851 0.0116466 0.0145785 0.0144928 0.00825469 0.0100262 0.0316535 0.0257231 0.0523413 0 0.0105057 0.00448038 0.00370701 0.0073389 0.00938352 
0.0254838 0.0102516 0.00955865 0.0124191 0.0112341 0.00999337 0.0155622 0.00939754 0.0136271 0.0108522 0.0251657 0.0156251 0.0171593 0.0102857 0.0299113 0.0133684 0.011618 0.0103535 0.00910497 0.0116525 0.0144227 0.0279664 0.0100924 0.0245816 0.011969 0.613841 0.0035737 0.0105057 0 0.00325388 0.00324217 0.00328294 0.00450849 
0.0101284 0.0223424 0.0165761 0.00998902 0.0167145 0.0154753 0.00985628 0.0304756 0.0102168 0.0206549 0.0104464 0.0176633 0.011756 0.0637969 0.0107566 0.0196862 0.00920267 0.00944382 0.0163489 0.0103143 0.0116209 0.00863987 0.0696958 0.00983997 0.740651 0.00924604 0.00539074 0.00448038 0.00325388 0 0.0032229 0.00327716 0.0033132 
0.0231255 0.0118508 0.0189865 0.0161789 0.00984044 0.0098105 0.0306818 0.0118457 0.0501586 0.0114926 0.0109274 0.0100978 0.0453058 0.0128148 0.0445004 0.00917306 0.0089424 0.0124795 0.0130612 0.0175357 0.00900482 0.0209851 0.011024 0.7977 0.00888318 0.021495 0.00497833 0.00370701 0.00324217 0.0032229 0 0.00320068 0.00323151 
0.010853 0.021501 0.0123254 0.0113293 0.0112918 0.0136057 0.0113547 0.0310364 0.0104592 0.0223749 0.0104091 0.0244438 0.0155954 0.0261252 0.0119185 0.018475 0.0103598 0.0107224 0.0146498 0.0130112 0.0119076 0.0175527 0.795516 0.0114115 0.0646582 0.0112527 0.00489038 0.0073389 0.00328294 0.00327716 0.00320068 0 0.00320966 
0.0170895 0.00965333 0.00910904 0.00976059 0.00963004 0.0112805 0.010928 0.00952941 0.0105556 0.00950168 0.0117278 0.0220994 0.0137002 0.010124 0.0121482 0.0105444 0.0256927 0.00934252 0.009231 0.011086 0.0111474 0.727987 0.010481 0.0170368 0.0110609 0.0249209 0.0116511 0.00938352 0.00450849 0.0033132 0.00323151 0.00320966 0 
