1RDYB
TDQAAFDTNIVTLTRFVMEQGRKARGTGEMTQLLNSLCTAVKAISTAVRKAGIAHLYGIAGSTNVTGDQVKKLDVLSNDLVINVLKSSFATCVLVTEEDKNAIIVEPEKRGKYVVCFDPLDGSSNIDCLVSIGTIFGIYRKNSTDEPSEKDALQPGRNLVAAGYALYGSATMLVLAMVNGVNCFMLDPAIGEFILVDRNVKIKKKGSIYSINEGYAKEFDPAITEYIQRKKFPPDNSAPYGAAYVGSMVADVHRTLVYGGIFMYPANKKSPKGKLRLLYECNPMAYVMEKAGGLATTGKEAVLDIVPTDIHQRAPIILGSPEDVTELLEIYQKHAAK
CCCCCCCCCCCEHHHHHHHHHHHHCCCCHHHHHHHHHHHHHHHHHHHHCCCCHHHCCCCCCCCCCCCCCCCCHHHHHHHHHHHHHHCCCCEEEEEECCCCCCEECCHHHCCCEEEEEEEEECHHHHHHCCCEEEEEEEEECCCCCCCCHHHHCCCHHHEEEEEEEEECCCEEEEEEECCEEEEEEEECCCCEEEEEECCCCCCCCCCEEECCHHHHHHCCHHHHHHHHHHHCCCCCCCCCEECECCCHHHHHHHHHHHCCEEEECCECCECCCCCECCCCHHHHHHHHHHCCCEEECCCCEHHHCCCCCCCCECCEEEECHHHHHHHHHHHHHHCCC
0 0 0 0 0 0 0 0 0 0 0 0 0 0 0 0 0 0 0 0 0 0 0 0 0 0 0 0 0 0 0 0 0 0 0 0 0 0 0 0 0 0 0 0 0 0 0 0 0 0 0 0 0 0 0 0 0 0 0 0 0 0 0 0 0 0 0 0 0 0 0 0 0 0 0 0 0 0 0 0 0 0 0 0 0 0 0 0 0 0 0 0 0 0 0 0 0 0 0 0 0 0 0 0 0 0 0 0 0 0 0 0 0 0 0 0 0 0 0 0 0 0 0 0 0 0 0 0 0 0 0 0 0 0 0 0 0 0 0 0 0 0 0 0 0 0 0 0 0 0 0 0 0 0 0 0 0 0 0 0 0 0 0 0 0 0 0 0 0 0 0 0 0 0 0 0 0 0 0 0 0 0 0 0 0 0 0 0 0 0 0 0 0 0 0 0 0 0 0 0 0 0 0 0 0 0 0 0 0 0 0 0 0 0 0 0 0 0 0 0 0 0 0 0 0 0 0 0 0 0 0 0 0 0 0 0 0 0 0 0 0 0 0 0 0 0 0 0 0 0 0 0 0 0 0 0 0 0 0 0 0 0 0 0 0 0 0 0 0 0 0 0 0 0 0 0 0 0 0 0 0 0 0 0 0 0 0 0 0 0 0 0 0 0 0 0 0 0 0 0 0 0 0 0 0 0 0 0 0 0 0 0 0 0 0 0 0 0 0 0 0 0 0 0 0 0 0 0 0 0 0 0 0 0 0 0 0 
0 0 0 0 0 0 0 0 0 0 0 0 0 0 0 0 0 0 0 0 0 0 0 0 0 0 0 0 0 0 0 0 0 0 0 0 0 0 0 0 0 0 0 0 0 0 0 0 0 0 0 0 0 0 0 0 0 0 0 0 0 0 0 0 0 0 0 0 0 0 0 0 0 0 0 0 0 0 0 0 0 0 0 0 0 0 0 0 0 0 0 0 0 0 0 0 0 0 0 0 0 0 0 0 0 0 0 0 0 0 0 0 0 0 0 0 0 0 0 0 0 0 0 0 0 0 0 0 0 0 0 0 0 0 0 0 0 0 0 0 0 0 0 0 0 0 0 0 0 0 0 0 0 0 0 0 0 0 0 0 0 0 0 0 0 0 0 0 0 0 0 0 0 0 0 0 0 0 0 0 0 0 0 0 0 0 0 0 0 0 0 0 0 0 0 0 0 0 0 0 0 0 0 0 0 0 0 0 0 0 0 0 0 0 0 0 0 0 0 0 0 0 0 0 0 0 0 0 0 0 0 0 0 0 0 0 0 0 0 0 0 0 0 0 0 0 0 0 0 0 0 0 0 0 0 0 0 0 0 0 0 0 0 0 0 0 0 0 0 0 0 0 0 0 0 0 0 0 0 0 0 0 0 0 0 0 0 0 0 0 0 0 0 0 0 0 0 0 0 0 0 0 0 0 0 0 0 0 0 0 0 0 0 0 0 0 0 0 0 0 0 0 0 0 0 0 0 0 0 0 0 0 0 0 0 0 0 
0 0.0219428 0.0105501 0.0106169 0.00991574 0.0115572 0.019467 0.0140659 0.0135386 0.0149461 0.00984843 0.00901674 0.00879537 0.00892437 0.00834035 0.00850972 0.00861102 0.0108067 0.0119013 0.008892 0.00866317 0.00850761 0.00875845 0.00869753 0.00847018 0.00836827 0.0104167 0.0102407 0.00859225 0.00834137 0.00839408 0.0082574 0.00823624 0.00828702 0.00821071 0.00973022 0.0106893 0.00853517 0.0083878 0.00839526 0.00831294 0.00838182 0.00868843 0.0097571 0.00828511 0.00824549 0.00813906 0.00814772 0.00819498 0.00814339 0.00833026 0.010238 0.00833447 0.00836099 0.00824181 0.0081869 0.00844037 0.00918869 0.00836446 0.00870662 0.00978532 0.00830718 0.0102985 0.00895067 0.00857632 0.00832197 0.00861188 0.0108235 0.0101388 0.0124491 0.00955882 0.00858875 0.00899668 0.0137439 0.0116002 0.00973672 0.00883416 0.00870443 0.00949092 
0.0219428 0 0.00343478 0.00327368 0.00326947 0.00331522 0.00502206 0.0127331 0.0253924 0.0717273 0.0246732 0.0145018 0.0136577 0.0141913 0.0134026 0.0106198 0.0126128 0.0370958 0.0259946 0.0130387 0.014392 0.0113988 0.0142121 0.0195926 0.0114946 0.0105078 0.0293219 0.011139 0.00963137 0.0107959 0.0104125 0.0099774 0.0114006 0.0101412 0.0109577 0.0159894 0.0111787 0.0100024 0.0102808 0.0114779 0.0102971 0.0111375 0.0152125 0.00956347 0.00855546 0.0091823 0.00912841 0.0101247 0.0097432 0.0100763 0.0102671 0.00929018 0.00875054 0.00924526 0.00910331 0.0090496 0.0106803 0.00855348 0.00829675 0.0104039 0.00826509 0.00840989 0.0093113 0.0083055 0.00830715 0.00848196 0.00852506 0.00862499 0.0085393 0.00891759 0.00827316 0.00826433 0.00864822 0.00880204 0.00843343 0.00839542 0.00825311 0.00832287 0.00902821 
0.0105501 0.00343478 0 0.00325705 0.00323807 0.00328974 0.00334198 0.0130559 0.0124762 0.0342344 0.0751776 0.0390295 0.0301323 0.043287 0.0172888 0.0165427 0.0270843 0.012721 0.0202004 0.0361624 0.0251565 0.030806 0.0500508 0.0296028 0.0227286 0.0218946 0.0109451 0.0129188 0.01487 0.0250161 0.0215591 0.0239736 0.0219474 0.0214786 0.0199617 0.0109765 0.0111498 0.0229632 0.0290587 0.0245286 0.036649 0.0148474 0.00972821 0.00909556 0.0123831 0.0128057 0.0169471 0.0166316 0.0157743 0.0113575 0.00871774 0.00862566 0.012912 0.0133794 0.0130152 0.0101607 0.0085332 0.00843217 0.00901405 0.00959287 0.00806737 0.00839509 0.00835217 0.00834238 0.00873324 0.00866354 0.00832968 0.00807941 0.0080047 0.0081561 0.00806653 0.00832139 0.00814651 0.00814701 0.00806319 0.00841148 0.00860192 0.00864843 0.00845578 
0.0106169 0.00327368 0.00325705 0 0.00328503 0.00325783 0.00326493 0.00884346 0.0278097 0.0183247 0.0764909 0.0791863 0.0940281 0.0426882 0.0300233 0.0377141 0.0192752 0.0133916 0.0156981 0.0299899 0.0674141 0.081998 0.0645689 0.062331 0.0610368 0.0159638 0.0108935 0.0109034 0.0186073 0.0477206 0.0507866 0.0443619 0.0459238 0.0437879 0.023238 0.0119716 0.0112574 0.0272384 0.0554967 0.10015 0.0548156 0.0201355 0.00941211 0.00932864 0.0136348 0.0293201 0.0328624 0.0379342 0.0363585 0.0123458 0.00896831 0.00936603 0.011648 0.0293688 0.0262666 0.0101412 0.00852304 0.00860989 0.00894081 0.00895424 0.00823319 0.00854611 0.00835182 0.00862952 0.00915623 0.00913342 0.00835499 0.00809399 0.00804813 0.0082224 0.00826854 0.00841998 0.00819245 0.00809487 0.00802982 0.00852767 0.00902854 0.00901398 0.00847244 
0.00991574 0.00326947 0.00323807 0.00328503 0 0.00321147 0.0032165 0.00921105 0.0160643 0.0237126 0.0259207 0.162166 0.0728342 0.0503989 0.0421595 0.0357652 0.0192509 0.0125795 0.0162481 0.0292176 0.0803755 0.0659675 0.0504921 0.105717 0.0433628 0.0163779 0.0108105 0.0111838 0.0165628 0.0605716 0.0529813 0.0441588 0.0461157 0.0457454 0.0213503 0.0124073 0.0107537 0.0250148 0.0786868 0.0816161 0.0528104 0.0180406 0.00967081 0.00911893 0.0135253 0.0286177 0.0343105 0.0387625 0.0305153 0.0121175 0.00886611 0.00907536 0.0127568 0.0299416 0.0225039 0.0101953 0.00858591 0.00860968 0.00883237 0.00963571 0.00821221 0.00842711 0.00833322 0.00856902 0.00931924 0.00915588 0.00837839 0.00802029 0.00804011 0.00820696 0.00814244 0.00853518 0.0081627 0.00811376 0.00804978 0.00855098 0.00911263 0.00885525 0.0086487 
0.0115572 0.00331522 0.00328974 0.00325783 0.00321147 0 0.00326838 0.035973 0.0292673 0.0198314 0.0428714 0.0283687 0.110788 0.0683794 0.0177708 0.0160168 0.0671201 0.0185726 0.0162172 0.0339774 0.0274086 0.0266094 0.0408782 0.0278297 0.0217333 0.026156 0.0115272 0.0109567 0.0182029 0.0266464 0.0269032 0.0277996 0.0197798 0.0185101 0.042011 0.0154535 0.0107326 0.0227428 0.0279662 0.0220046 0.0236277 0.0197292 0.0100591 0.00951645 0.012418 0.0130046 0.0188725 0.0163899 0.0137517 0.0150812 0.00888116 0.00921505 0.0118305 0.0124031 0.0123367 0.0105087 0.00858728 0.00875366 0.00954264 0.0091419 0.00847805 0.00867219 0.00847064 0.00857084 0.00907849 0.00874447 0.00834158 0.00806503 0.00803762 0.008268 0.00830028 0.00859067 0.00830198 0.00813744 0.00810592 0.00845989 0.00879735 0.00876008 0.0084369 
0.019467 0.00502206 0.00334198 0.00326493 0.0032165 0.00326838 0 0.0222249 0.0148037 0.0310357 0.0159297 0.0217543 0.0225883 0.0168315 0.0106051 0.0100893 0.0181588 0.056946 0.0260966 0.0142129 0.0123088 0.0137629 0.0132984 0.0138585 0.0116713 0.0109159 0.0162531 0.0177584 0.0116712 0.0118508 0.0122119 0.0112423 0.0116493 0.0103085 0.0105586 0.0252982 0.0259273 0.0123969 0.0111473 0.0116651 0.0105244 0.0106564 0.0112698 0.0126755 0.00919837 0.00934752 0.00987299 0.00951568 0.00960029 0.00904411 0.00938539 0.0123575 0.00949213 0.00943104 0.00922307 0.00874515 0.0089727 0.0100098 0.00861246 0.0092067 0.00925145 0.0083148 0.00921103 0.00902423 0.00852295 0.00826089 0.00838545 0.00865698 0.00848419 0.00926918 0.00891433 0.00823041 0.00836481 0.00849107 0.0084843 0.00885758 0.00850139 0.00825335 0.00847689 
0.0140659 0.0127331 0.0130559 0.00884346 0.00921105 0.035973 0.0222249 0 0.00364375 0.0243728 0.041574 0.0192505 0.00945525 0.00973541 0.00719268 0.00773605 0.00984971 0.0160366 0.0140453 0.0128491 0.0101818 0.00982403 0.0103416 0.00984144 0.00985331 0.0103046 0.017542 0.0110802 0.00995239 0.00966126 0.0095586 0.0092416 0.00941351 0.00940723 0.0107152 0.0144586 0.00973576 0.0103834 0.00941625 0.00954992 0.00936297 0.0104403 0.0128501 0.00927567 0.00882966 0.00867089 0.00886234 0.00886198 0.00874713 0.00998473 0.0100296 0.00852975 0.00909778 0.00883891 0.00879979 0.00919019 0.0095695 0.0084746 0.00889874 0.00975344 0.00826907 0.00845618 0.00897853 0.00814692 0.00817305 0.00827115 0.00844272 0.0087641 0.00868996 0.00892312 0.00810306 0.00816127 0.0084279 0.00890611 0.00842766 0.00830006 0.00833965 0.00826116 0.0086634 
0.0135386 0.0253924 0.0124762 0.0278097 0.0160643 0.0292673 0.0148037 0.00364375 0 0.045437 0.0209496 0.0108388 0.00998701 0.00761916 0.00684382 0.00755616 0.015182 0.0155338 0.0167667 0.0125445 0.0105205 0.00968058 0.0100768 0.0107568 0.00965996 0.0109362 0.0114559 0.0143219 0.010126 0.00980596 0.0098539 0.00950612 0.00937631 0.00936498 0.0108778 0.0132615 0.0153632 0.00978278 0.00970252 0.00977615 0.00940391 0.011591 0.00927494 0.0115026 0.00895962 0.00900202 0.00904091 0.00946408 0.00896927 0.009132 0.00872689 0.0115446 0.00895689 0.00919762 0.00892535 0.00883821 0.00860813 0.00935694 0.00869964 0.00936694 0.00987583 0.00824725 0.00909697 0.00879338 0.00854393 0.00836703 0.00835098 0.00847594 0.00845114 0.00940013 0.00867146 0.00838787 0.00831138 0.00874711 0.00856603 0.00860263 0.00853621 0.00844092 0.00834672 
0.0149461 0.0717273 0.0342344 0.0183247 0.0237126 0.0198314 0.0310357 0.0243728 0.045437 0 0.00362947 0.00324681 0.00328352 0.00329626 0.00329169 0.00364771 0.00447261 0.00701083 0.0435179 0.0138843 0.0141986 0.0115621 0.0135886 0.0112026 0.0133301 0.013927 0.436669 0.0192462 0.0122573 0.0128318 0.0115512 0.0111267 0.0115632 0.0114759 0.0105763 0.0190443 0.0195049 0.0138014 0.0124712 0.012546 0.0126111 0.011678 0.0191626 0.0150588 0.00956625 0.00964556 0.009905 0.0106784 0.00988483 0.0110437 0.0126581 0.0103148 0.00985656 0.0102049 0.00959359 0.0100941 0.0125608 0.00959594 0.00881423 0.0114975 0.00853399 0.00895362 0.0100327 0.00841928 0.0083651 0.00870008 0.00925634 0.00899859 0.00894519 0.00922564 0.00846217 0.00822421 0.00883243 0.0090997 0.00848812 0.00864787 0.00837785 0.00857549 0.00906849 
0.00984843 0.0246732 0.0751776 0.0764909 0.0259207 0.0428714 0.0159297 0.041574 0.0209496 0.00362947 0 0.00322324 0.00324776 0.00323914 0.00322265 0.00340279 0.0041443 0.0036257 0.0193811 0.0395633 0.014482 0.0211145 0.0171254 0.0281279 0.0185358 0.466303 0.0124665 0.0130039 0.0209262 0.0272262 0.0263932 0.0201837 0.0265775 0.0214006 0.0277327 0.0144115 0.0136884 0.0424735 0.0354345 0.0315566 0.0310942 0.0237228 0.0103562 0.00999586 0.0174831 0.0175229 0.0196211 0.020463 0.0192271 0.0158225 0.00932876 0.00935394 0.0154421 0.0170501 0.0182455 0.0112711 0.00912855 0.00931975 0.0102384 0.00942995 0.00831925 0.00851152 0.00874463 0.0084154 0.00900965 0.00976598 0.00843955 0.00805882 0.00804533 0.00822563 0.00806379 0.00841006 0.00832515 0.00810987 0.00805958 0.00842386 0.00882058 0.00879059 0.00850257 
0.00901674 0.0145018 0.0390295 0.0791863 0.162166 0.0283687 0.0217543 0.0192505 0.0108388 0.00324681 0.00322324 0 0.00322966 0.0032071 0.00320072 0.00329254 0.0033657 0.00329077 0.017282 0.014167 0.0439163 0.0235264 0.0377172 0.032395 0.497865 0.0260661 0.011765 0.0127373 0.0236127 0.0629455 0.0653927 0.0531538 0.0505923 0.0680322 0.0306601 0.0144795 0.0154373 0.0357584 0.0910979 0.0895426 0.100361 0.0260627 0.0107532 0.0106607 0.0206101 0.0448117 0.0552449 0.0616561 0.0574689 0.020368 0.00955963 0.00996209 0.0154916 0.0504906 0.0521526 0.0127876 0.00887186 0.00933161 0.00952053 0.00985946 0.00838622 0.00894002 0.00855893 0.00919318 0.010311 0.0103512 0.00862975 0.00807507 0.00805819 0.00828569 0.008345 0.00852658 0.00841326 0.00820678 0.0080501 0.0088668 0.00949426 0.0100597 0.00879484 
0.00879537 0.0136577 0.0301323 0.0940281 0.0728342 0.110788 0.0225883 0.00945525 0.00998701 0.00328352 0.00324776 0.00322966 0 0.00319968 0.00320299 0.00323009 0.0032526 0.00333673 0.0108492 0.0227035 0.0189552 0.0469785 0.0285438 0.581486 0.0223684 0.0214375 0.0118549 0.0116989 0.0207493 0.0687935 0.0693162 0.0492511 0.0677327 0.0769196 0.0318444 0.0153778 0.0134126 0.04006 0.0803367 0.124551 0.0689084 0.0373544 0.0105275 0.0103137 0.0164672 0.045164 0.0570563 0.0628384 0.0623719 0.0170927 0.00940058 0.00973647 0.0161249 0.0533605 0.0464221 0.0134375 0.00931935 0.00895779 0.00972103 0.0103288 0.00854727 0.00900836 0.00853895 0.00920109 0.0106294 0.010174 0.00862682 0.00809513 0.00806887 0.00835004 0.0082724 0.00862334 0.00835385 0.0081813 0.00802364 0.00873104 0.00946154 0.00920719 0.00876137 
0.00892437 0.0141913 0.043287 0.0426882 0.0503989 0.0683794 0.0168315 0.00973541 0.00761916 0.00329626 0.00323914 0.0032071 0.00319968 0 0.00318885 0.00320708 0.00322742 0.0032393 0.0126346 0.0118709 0.0259599 0.0376672 0.520951 0.0183184 0.025741 0.0133782 0.0110254 0.0133022 0.0151277 0.046336 0.049439 0.0575608 0.0541255 0.0372406 0.0234071 0.0151335 0.0128524 0.0246352 0.0917664 0.052618 0.0769562 0.0169973 0.0109472 0.0102626 0.016729 0.0264309 0.0467685 0.0496917 0.0282333 0.0156575 0.00921021 0.00941275 0.0158526 0.0274698 0.0305502 0.0120162 0.00895889 0.00883044 0.00933343 0.00943016 0.00831254 0.00901024 0.00833549 0.00946912 0.00964735 0.0101739 0.00836676 0.00802388 0.00800455 0.00821888 0.00829477 0.00848172 0.00824929 0.00820784 0.00802287 0.00864658 0.0090209 0.00914749 0.00846947 
0.00834035 0.0134026 0.0172888 0.0300233 0.0421595 0.0177708 0.0106051 0.00719268 0.00684382 0.00329169 0.00322265 0.00320072 0.00320299 0.00318885 0 0.00318409 0.00320393 0.00320372 0.00927853 0.0125098 0.0314879 0.379132 0.0136583 0.0201003 0.011927 0.0103645 0.00945893 0.0100289 0.0126893 0.0275739 0.0316948 0.030795 0.0266347 0.0234618 0.0131876 0.010097 0.010255 0.035644 0.0265928 0.0552504 0.0224612 0.0161542 0.00903219 0.00907433 0.0132248 0.0256211 0.0242792 0.0267219 0.0369811 0.00989016 0.00869791 0.00903431 0.0102558 0.0227375 0.0221993 0.0095571 0.00843701 0.00836206 0.00870049 0.0086849 0.0081942 0.00829447 0.00825978 0.00841661 0.00887124 0.00882879 0.00824743 0.0080656 0.00800665 0.00808959 0.0080705 0.00824505 0.00816247 0.00803194 0.00802665 0.00835379 0.00872442 0.008599 0.00829955 
0.00850972 0.0106198 0.0165427 0.0377141 0.0357652 0.0160168 0.0100893 0.00773605 0.00755616 0.00364771 0.00340279 0.00329254 0.00323009 0.00320708 0.00318409 0 0.00319945 0.00319049 0.0118864 0.0177075 0.18043 0.0297958 0.0186269 0.0145867 0.0189024 0.0098285 0.00913388 0.0111464 0.0141504 0.039034 0.0356376 0.0216347 0.0217668 0.0251426 0.0137344 0.0104078 0.0132022 0.0173559 0.0381428 0.0357011 0.0415298 0.013145 0.00902056 0.00926095 0.0129871 0.0186777 0.0228053 0.0275628 0.0202531 0.0109173 0.0088003 0.00874672 0.0127983 0.0217212 0.019539 0.00979732 0.00845456 0.00856781 0.00877289 0.00875838 0.00815856 0.00852927 0.00830641 0.00843388 0.00883047 0.00923061 0.00828451 0.00796492 0.00793351 0.00804684 0.00810277 0.00834359 0.00814535 0.00802596 0.00799841 0.00850328 0.00880421 0.0086838 0.00827943 
0.00861102 0.0126128 0.0270843 0.0192752 0.0192509 0.0671201 0.0181588 0.00984971 0.015182 0.00447261 0.0041443 0.0033657 0.0032526 0.00322742 0.00320393 0.00319945 0 0.00335292 0.0140617 0.121611 0.0197857 0.0193038 0.0120466 0.0139979 0.0108955 0.01828 0.0103109 0.0123374 0.0154318 0.0262001 0.0188181 0.0180185 0.0167414 0.0169543 0.0396661 0.0199822 0.0113955 0.0212802 0.0202119 0.0211788 0.0245235 0.0270188 0.0109798 0.00956351 0.0153751 0.0118027 0.0170501 0.0152759 0.0140106 0.0203742 0.0095738 0.00906141 0.0134762 0.0135206 0.0131102 0.0154117 0.00872823 0.00867086 0.010668 0.00936559 0.00867938 0.00933304 0.00832869 0.00940363 0.00927067 0.00940841 0.00836198 0.0080804 0.00805131 0.00824003 0.00815744 0.0085472 0.00835484 0.00807497 0.00803673 0.00838732 0.00877878 0.00875087 0.00838473 
0.0108067 0.0370958 0.012721 0.0133916 0.0125795 0.0185726 0.056946 0.0160366 0.0155338 0.00701083 0.0036257 0.00329077 0.00333673 0.0032393 0.00320372 0.00319049 0.00335292 0 0.114568 0.0380396 0.0141322 0.0115487 0.0135985 0.0100638 0.0106567 0.0113106 0.0215314 0.022594 0.0117543 0.0127712 0.0130916 0.0124247 0.0128329 0.010903 0.0144645 0.0517661 0.0253076 0.0110316 0.0120483 0.0122748 0.0113047 0.015613 0.0164624 0.0138145 0.00973689 0.0112563 0.0110284 0.011199 0.0116353 0.0104434 0.0118398 0.013851 0.00949864 0.0101419 0.0104191 0.00998065 0.0100726 0.0102052 0.00902253 0.0133279 0.00937643 0.00855059 0.0108164 0.00913943 0.00855634 0.00856914 0.00878592 0.00850723 0.00837351 0.00928578 0.00871796 0.0082253 0.00863745 0.00844845 0.0083531 0.00866033 0.00833847 0.00833489 0.00860223 
0.0119013 0.0259946 0.0202004 0.0156981 0.0162481 0.0162172 0.0260966 0.0140453 0.0167667 0.0435179 0.0193811 0.017282 0.0108492 0.0126346 0.00927853 0.0118864 0.0140617 0.114568 0 0.00325219 0.00325359 0.00325788 0.00330099 0.00334344 0.00331426 0.00501636 0.00937859 0.0248643 0.0152249 0.0165774 0.0137213 0.0128601 0.0131665 0.0133145 0.0131735 0.109135 0.0205769 0.0194351 0.0159797 0.0156521 0.0159251 0.0146214 0.0265589 0.0158778 0.0115875 0.0112982 0.0124015 0.0139524 0.0130748 0.0135982 0.0149869 0.0103967 0.0113306 0.0126476 0.0108531 0.0111414 0.014323 0.00931565 0.0093822 0.015701 0.00856839 0.00941542 0.0113817 0.00887589 0.00853375 0.00901745 0.00982802 0.00902717 0.00882791 0.00944219 0.00827637 0.00821092 0.00956632 0.00874884 0.00839252 0.00869989 0.00834228 0.00851594 0.00933058 
0.008892 0.0130387 0.0361624 0.0299899 0.0292176 0.0339774 0.0142129 0.0128491 0.0125445 0.0138843 0.0395633 0.014167 0.0227035 0.0118709 0.0125098 0.0177075 0.121611 0.0380396 0.00325219 0 0.00329466 0.00325428 0.0032653 0.00327337 0.00343273 0.00425636 0.00527185 0.0194988 0.0255922 0.0252167 0.0217868 0.0192479 0.021976 0.0178405 0.127867 0.0147039 0.0138188 0.0371684 0.0310902 0.0274993 0.0378989 0.0242211 0.0134292 0.0115377 0.0205065 0.0150548 0.0238595 0.0215617 0.0239103 0.0186365 0.0112994 0.00959593 0.0190772 0.0178735 0.0200833 0.0142716 0.0102857 0.00896519 0.0112773 0.0099906 0.00847344 0.00900855 0.00889726 0.00868976 0.00920675 0.0105915 0.00889861 0.00817878 0.00809031 0.00822692 0.00809501 0.00832567 0.00831927 0.00833051 0.00805239 0.0084506 0.008784 0.00894251 0.00868259 
0.00866317 0.014392 0.0251565 0.0674141 0.0803755 0.0274086 0.0123088 0.0101818 0.0105205 0.0141986 0.014482 0.0439163 0.0189552 0.0259599 0.0314879 0.18043 0.0197857 0.0141322 0.00325359 0.00329466 0 0.00324386 0.00321706 0.00324515 0.00329426 0.00435377 0.00335878 0.0126595 0.0220931 0.0454623 0.0361329 0.0342078 0.0281206 0.159402 0.0236216 0.0149456 0.0140618 0.0246606 0.0524831 0.0780836 0.0425581 0.0313491 0.0106867 0.0119264 0.0144743 0.0491032 0.0290516 0.0483729 0.051519 0.0148575 0.00977232 0.0121354 0.0132105 0.0508664 0.038494 0.0124448 0.0092311 0.00937237 0.00953299 0.0105489 0.00859922 0.00889003 0.00858755 0.00921229 0.0113078 0.0107071 0.00866163 0.00816984 0.0080737 0.00829749 0.00835457 0.00850067 0.00845821 0.00816593 0.00807865 0.0089267 0.00970127 0.00939594 0.00903634 
0.00850761 0.0113988 0.030806 0.081998 0.0659675 0.0266094 0.0137629 0.00982403 0.00968058 0.0115621 0.0211145 0.0235264 0.0469785 0.0376672 0.379132 0.0297958 0.0193038 0.0115487 0.00325788 0.00325428 0.00324386 0 0.00321005 0.00324882 0.00351278 0.00321053 0.00359217 0.0132383 0.0173242 0.0477252 0.0471518 0.0292394 0.152647 0.0355762 0.0218243 0.013967 0.0113975 0.0283116 0.0655481 0.0683329 0.0569521 0.0213269 0.0109268 0.0103539 0.016309 0.0261121 0.0612961 0.0464947 0.039931 0.01648 0.00977504 0.00972744 0.0187359 0.0313261 0.041008 0.0122787 0.00973599 0.00907942 0.00967786 0.0102203 0.00833363 0.00919968 0.0086525 0.00901845 0.0101601 0.0110118 0.00859743 0.00809936 0.0080498 0.00824809 0.00819731 0.0085607 0.00840984 0.00810715 0.00801794 0.00864081 0.00949006 0.00940143 0.00873781 
0.00875845 0.0142121 0.0500508 0.0645689 0.0504921 0.0408782 0.0132984 0.0103416 0.0100768 0.0135886 0.0171254 0.0377172 0.0285438 0.520951 0.0136583 0.0186269 0.0120466 0.0135985 0.00330099 0.0032653 0.00321706 0.00321005 0 0.00321376 0.00322005 0.00321741 0.00326231 0.011668 0.016955 0.0475213 0.0344979 0.131302 0.033982 0.028904 0.022094 0.0143171 0.0144589 0.0310232 0.0578316 0.0535309 0.069051 0.0221228 0.0111882 0.0115772 0.0197822 0.0333382 0.0530136 0.0677546 0.0355217 0.0184697 0.00982476 0.0109446 0.0205169 0.0394227 0.036132 0.0182055 0.00940375 0.00936654 0.0103534 0.0106975 0.00869489 0.00957486 0.0089849 0.00940919 0.0108375 0.0106958 0.00864871 0.00804432 0.00803577 0.00856535 0.00846082 0.00850229 0.0084466 0.00832393 0.00804832 0.0091012 0.00944836 0.00932476 0.00883118 
0.00869753 0.0195926 0.0296028 0.062331 0.105717 0.0278297 0.0138585 0.00984144 0.0107568 0.0112026 0.0281279 0.032395 0.581486 0.0183184 0.0201003 0.0145867 0.0139979 0.0100638 0.00334344 0.00327337 0.00324515 0.00324882 0.00321376 0 0.00319531 0.00322254 0.00324325 0.0130857 0.0242592 0.0406529 0.173491 0.0418209 0.0395147 0.0366059 0.0249935 0.0170364 0.0132289 0.0310216 0.0465128 0.0929028 0.046016 0.0305328 0.011134 0.0109464 0.016222 0.0595758 0.056346 0.0473043 0.0517696 0.0152964 0.010201 0.0121511 0.0158957 0.0462419 0.0626667 0.0144246 0.00992658 0.00937393 0.0106768 0.0109913 0.00869046 0.00914929 0.00885523 0.00960385 0.0125116 0.011231 0.00882043 0.00804841 0.00802732 0.00831174 0.00844828 0.00859591 0.00851854 0.00821305 0.00805012 0.00924005 0.0099413 0.00966715 0.00913619 
0.00847018 0.0114946 0.0227286 0.0610368 0.0433628 0.0217333 0.0116713 0.00985331 0.00965996 0.0133301 0.0185358 0.497865 0.0223684 0.025741 0.011927 0.0189024 0.0108955 0.0106567 0.00331426 0.00343273 0.00329426 0.00351278 0.00322005 0.00319531 0 0.00319345 0.00320958 0.013634 0.0195128 0.19789 0.0363561 0.0325314 0.0260009 0.0336045 0.0197257 0.0124595 0.0129448 0.0199732 0.0516685 0.0377593 0.043776 0.0157316 0.0105795 0.0102882 0.0162902 0.03417 0.0372618 0.0286728 0.0279503 0.0142114 0.00920836 0.00972765 0.015217 0.036106 0.0258295 0.0120705 0.00899743 0.00909357 0.00939943 0.00999607 0.0083007 0.00925807 0.00846431 0.00876249 0.00919183 0.0103663 0.00856776 0.00807259 0.00798383 0.00812433 0.00818933 0.00849342 0.00825935 0.00850177 0.00802573 0.00857428 0.00877877 0.00905426 0.00859348 
0.00836827 0.0105078 0.0218946 0.0159638 0.0163779 0.026156 0.0109159 0.0103046 0.0109362 0.013927 0.466303 0.0260661 0.0214375 0.0133782 0.0103645 0.0098285 0.01828 0.0113106 0.00501636 0.00425636 0.00435377 0.00321053 0.00321741 0.00322254 0.00319345 0 0.0032935 0.0158769 0.0676896 0.0295747 0.0247006 0.0186275 0.0170493 0.0182749 0.0356151 0.0168865 0.0119095 0.0208008 0.0158699 0.0179897 0.0179607 0.0193564 0.0100437 0.0103166 0.0176861 0.011245 0.0137073 0.0156936 0.0147372 0.0141945 0.00925624 0.00924083 0.016821 0.0121047 0.0132946 0.0126144 0.0089032 0.00894973 0.0111028 0.00960122 0.00852636 0.00897552 0.00858354 0.00874225 0.00897777 0.00933358 0.00849015 0.00814536 0.00806259 0.00818984 0.00831724 0.00841468 0.00820418 0.00821894 0.00800523 0.00841461 0.00859317 0.00853529 0.00828477 
0.0104167 0.0293219 0.0109451 0.0108935 0.0108105 0.0115272 0.0162531 0.017542 0.0114559 0.436669 0.0124665 0.011765 0.0118549 0.0110254 0.00945893 0.00913388 0.0103109 0.0215314 0.00937859 0.00527185 0.00335878 0.00359217 0.00326231 0.00324325 0.00320958 0.0032935 0 0.0420795 0.0153339 0.0178551 0.0150223 0.0186119 0.0135107 0.0127969 0.0160718 0.0395734 0.0263218 0.0118321 0.0114381 0.0119479 0.0107601 0.0131306 0.0121648 0.022841 0.00972558 0.0105898 0.0111108 0.0103395 0.0113131 0.0103356 0.00939618 0.0268791 0.010497 0.0114854 0.0103035 0.00934112 0.00913444 0.014437 0.00909889 0.0107844 0.0109038 0.0087325 0.010649 0.0106538 0.00896306 0.00862457 0.00835304 0.00892999 0.00867562 0.0103971 0.00966205 0.00824266 0.00846852 0.0113082 0.00870417 0.00930089 0.00858582 0.00832935 0.00824449 
0.0102407 0.011139 0.0129188 0.0109034 0.0111838 0.0109567 0.0177584 0.0110802 0.0143219 0.0192462 0.0130039 0.0127373 0.0116989 0.0133022 0.0100289 0.0111464 0.0123374 0.022594 0.0248643 0.0194988 0.0126595 0.0132383 0.011668 0.0130857 0.013634 0.0158769 0.0420795 0 0.00324466 0.00325872 0.00325833 0.00326248 0.00329488 0.00335388 0.00337505 0.00406449 0.00585634 0.00657193 0.00662365 0.00695666 0.00779724 0.00832511 0.0266619 0.0125063 0.0133917 0.00935883 0.00937512 0.00985961 0.00996319 0.0128041 0.0154972 0.0106941 0.0161876 0.0114167 0.0110321 0.0112323 0.0173457 0.0109836 0.0110301 0.0152291 0.00871109 0.0112723 0.0129024 0.00914337 0.00880064 0.00918762 0.0105017 0.00976564 0.00957373 0.00978843 0.00810713 0.00843622 0.00970006 0.00952059 0.00847201 0.00887441 0.00836259 0.0085487 0.00930168 
0.00859225 0.00963137 0.01487 0.0186073 0.0165628 0.0182029 0.0116712 0.00995239 0.010126 0.0122573 0.0209262 0.0236127 0.0207493 0.0151277 0.0126893 0.0141504 0.0154318 0.0117543 0.0152249 0.0255922 0.0220931 0.0173242 0.016955 0.0242592 0.0195128 0.0676896 0.0153339 0.00324466 0 0.00323707 0.00321284 0.00320689 0.00322575 0.00333742 0.00339371 0.00387159 0.00634997 0.00745152 0.00875041 0.00884889 0.00812824 0.0129794 0.0295562 0.0258267 0.0112816 0.0140112 0.0108778 0.0114612 0.0141425 0.0142617 0.0104812 0.0109733 0.016415 0.0160493 0.0144575 0.0136667 0.0118278 0.0100134 0.0123729 0.010822 0.00880744 0.00900821 0.00949721 0.00865245 0.00932841 0.0104226 0.00911341 0.00835541 0.00831712 0.00876999 0.00811141 0.00839729 0.00851002 0.00843485 0.00800053 0.0086007 0.00865103 0.00903432 0.00860435 
0.00834137 0.0107959 0.0250161 0.0477206 0.0605716 0.0266464 0.0118508 0.00966126 0.00980596 0.0128318 0.0272262 0.0629455 0.0687935 0.046336 0.0275739 0.039034 0.0262001 0.0127712 0.0165774 0.0252167 0.0454623 0.0477252 0.0475213 0.0406529 0.19789 0.0295747 0.0178551 0.00325872 0.00323707 0 0.00322399 0.00323167 0.00326517 0.00331105 0.00383886 0.0040019 0.00739844 0.00917715 0.0125625 0.0131335 0.0246562 0.0300784 0.509936 0.011274 0.0163085 0.0166624 0.0256551 0.024087 0.0258172 0.0151148 0.00986975 0.0115653 0.0196239 0.0355601 0.0471056 0.01536 0.00968042 0.0104646 0.0126303 0.0123203 0.00893989 0.00955818 0.00942141 0.00985945 0.0139718 0.0134997 0.00910608 0.00813382 0.00808741 0.00855328 0.00859776 0.0085495 0.00845244 0.00821673 0.00801604 0.00952143 0.0101597 0.00970538 0.00871656 
0.00839408 0.0104125 0.0215591 0.0507866 0.0529813 0.0269032 0.0122119 0.0095586 0.0098539 0.0115512 0.0263932 0.0653927 0.0693162 0.049439 0.0316948 0.0356376 0.0188181 0.0130916 0.0137213 0.0217868 0.0361329 0.0471518 0.0344979 0.173491 0.0363561 0.0247006 0.0150223 0.00325833 0.00321284 0.00322399 0 0.00321049 0.00324007 0.00335518 0.00328425 0.00338782 0.00630742 0.0118682 0.0100206 0.0155587 0.0259608 0.771795 0.0125122 0.00944203 0.0122102 0.0226914 0.0180398 0.0241032 0.0221981 0.0140897 0.0101398 0.011209 0.0161522 0.0409554 0.0382685 0.015353 0.0105609 0.010289 0.011289 0.0116288 0.00877386 0.00956125 0.00933315 0.00961205 0.0128511 0.0133828 0.0089296 0.00811305 0.00805176 0.00849545 0.00842486 0.00851087 0.00852938 0.00835409 0.00802032 0.00920939 0.0102263 0.00991614 0.00883801 
0.0082574 0.0099774 0.0239736 0.0443619 0.0441588 0.0277996 0.0112423 0.0092416 0.00950612 0.0111267 0.0201837 0.0531538 0.0492511 0.0575608 0.030795 0.0216347 0.0180185 0.0124247 0.0128601 0.0192479 0.0342078 0.0292394 0.131302 0.0418209 0.0325314 0.0186275 0.0186119 0.00326248 0.00320689 0.00323167 0.00321049 0 0.00320949 0.00330265 0.00321794 0.00324406 0.00530956 0.00849459 0.0169038 0.0247416 0.830073 0.0162663 0.00907289 0.0085592 0.0110055 0.0169931 0.0176886 0.0189173 0.0208374 0.0118139 0.00974684 0.0102877 0.0195585 0.0281569 0.035201 0.0160082 0.00967399 0.00978262 0.0107989 0.0118675 0.0086704 0.00991783 0.00903765 0.00926424 0.0132989 0.0128627 0.00886298 0.00815181 0.00806721 0.00838493 0.00819218 0.00855035 0.00843584 0.00824924 0.00795593 0.0089892 0.00985311 0.00980901 0.00875115 
0.00823624 0.0114006 0.0219474 0.0459238 0.0461157 0.0197798 0.0116493 0.00941351 0.00937631 0.0115632 0.0265775 0.0505923 0.0677327 0.0541255 0.0266347 0.0217668 0.0167414 0.0128329 0.0131665 0.021976 0.0281206 0.152647 0.033982 0.0395147 0.0260009 0.0170493 0.0135107 0.00329488 0.00322575 0.00326517 0.00324007 0.00320949 0 0.00319601 0.00323075 0.00329892 0.00415777 0.0218473 0.0226747 0.84845 0.0187445 0.0112966 0.00774885 0.00928732 0.0112623 0.0196325 0.0172548 0.0250078 0.0183158 0.0144278 0.00950619 0.0122501 0.0174636 0.036261 0.0358796 0.0137723 0.0104416 0.00990926 0.0105225 0.0123949 0.0087357 0.00987911 0.00942665 0.00959813 0.0122106 0.0138364 0.0091086 0.00814908 0.0080307 0.00840861 0.00842114 0.00853501 0.00844588 0.00860663 0.00807515 0.00919822 0.0097782 0.00944259 0.00887414 
0.00828702 0.0101412 0.0214786 0.0437879 0.0457454 0.0185101 0.0103085 0.00940723 0.00936498 0.0114759 0.0214006 0.0680322 0.0769196 0.0372406 0.0234618 0.0251426 0.0169543 0.010903 0.0133145 0.0178405 0.159402 0.0355762 0.028904 0.0366059 0.0336045 0.0182749 0.0127969 0.00335388 0.00333742 0.00331105 0.00335518 0.00330265 0.00319601 0 0.00321576 0.00322375 0.00753174 0.0151571 0.858919 0.0268385 0.00929841 0.00896544 0.00846038 0.00861004 0.0121318 0.0170878 0.0184472 0.0163914 0.0215191 0.0119646 0.00938362 0.0111015 0.0165131 0.034857 0.0319954 0.0141517 0.00941358 0.00986252 0.011096 0.0131096 0.00894273 0.00913629 0.00922365 0.00940985 0.0132328 0.0127767 0.00898893 0.00814339 0.00806501 0.00833176 0.00832443 0.00854174 0.00843921 0.008124 0.00803656 0.00898192 0.0100168 0.00974378 0.0088028 
0.00821071 0.0109577 0.0199617 0.023238 0.0213503 0.042011 0.0105586 0.0107152 0.0108778 0.0105763 0.0277327 0.0306601 0.0318444 0.0234071 0.0131876 0.0137344 0.0396661 0.0144645 0.0131735 0.127867 0.0236216 0.0218243 0.022094 0.0249935 0.0197257 0.0356151 0.0160718 0.00337505 0.00339371 0.00383886 0.00328425 0.00321794 0.00323075 0.00321576 0 0.00377974 0.0108527 0.830362 0.0121418 0.00870448 0.00795569 0.0115501 0.00731443 0.00873024 0.022141 0.0127153 0.011295 0.0135518 0.0157906 0.0187711 0.0101143 0.0112926 0.0242881 0.0170178 0.0193004 0.027069 0.0100831 0.0100533 0.0215659 0.0138821 0.00957272 0.0105544 0.00921322 0.0098394 0.0129128 0.0178373 0.00914931 0.00825831 0.0081449 0.00884268 0.00851246 0.0088141 0.0084821 0.00858009 0.00804329 0.00889638 0.00924284 0.0098275 0.00847534 
0.00973022 0.0159894 0.0109765 0.0119716 0.0124073 0.0154535 0.0252982 0.0144586 0.0132615 0.0190443 0.0144115 0.0144795 0.0153778 0.0151335 0.010097 0.0104078 0.0199822 0.0517661 0.109135 0.0147039 0.0149456 0.013967 0.0143171 0.0170364 0.0124595 0.0168865 0.0395734 0.00406449 0.00387159 0.0040019 0.00338782 0.00324406 0.00329892 0.00322375 0.00377974 0 0.84775 0.00629608 0.00399613 0.00469582 0.0075418 0.00809094 0.0115182 0.0154128 0.00991252 0.00953297 0.0104889 0.0113143 0.0157551 0.0199631 0.0477978 0.0201344 0.0114809 0.0126571 0.0122629 0.0138322 0.0208115 0.0166064 0.011063 0.036337 0.0136823 0.0106908 0.0168099 0.0128045 0.0100421 0.010947 0.0115769 0.00941654 0.00889068 0.0113175 0.0101181 0.00865109 0.00997785 0.00908969 0.00880174 0.0102979 0.00877958 0.00902512 0.00973162 
0.0106893 0.0111787 0.0111498 0.0112574 0.0107537 0.0107326 0.0259273 0.00973576 0.0153632 0.0195049 0.0136884 0.0154373 0.0134126 0.0128524 0.010255 0.0132022 0.0113955 0.0253076 0.0205769 0.0138188 0.0140618 0.0113975 0.0144589 0.0132289 0.0129448 0.0119095 0.0263218 0.00585634 0.00634997 0.00739844 0.00630742 0.00530956 0.00415777 0.00753174 0.0108527 0.84775 0 0.00326601 0.0032705 0.00325297 0.00336018 0.00333691 0.00469368 0.00590265 0.00624336 0.00704269 0.00677889 0.00888964 0.0150642 0.528735 0.0415062 0.0137907 0.0111784 0.0119266 0.0108271 0.0115569 0.0200415 0.0143077 0.0108496 0.0270038 0.0103659 0.0103644 0.0158265 0.00936644 0.00929656 0.0102092 0.0127043 0.00999888 0.00958123 0.0119663 0.00853918 0.00836211 0.0102255 0.0103491 0.00895761 0.0100064 0.0086427 0.00909656 0.00992425 
0.00853517 0.0100024 0.0229632 0.0272384 0.0250148 0.0227428 0.0123969 0.0103834 0.00978278 0.0138014 0.0424735 0.0357584 0.04006 0.0246352 0.035644 0.0173559 0.0212802 0.0110316 0.0194351 0.0371684 0.0246606 0.0283116 0.0310232 0.0310216 0.0199732 0.0208008 0.0118321 0.00657193 0.00745152 0.00917715 0.0118682 0.00849459 0.0218473 0.0151571 0.830362 0.00629608 0.00326601 0 0.00324996 0.00327661 0.00328424 0.00333049 0.00334143 0.0052367 0.00700904 0.0069793 0.00922713 0.0271936 0.862476 0.0330057 0.00812936 0.00982832 0.0307255 0.0156783 0.0166088 0.0181123 0.0108182 0.0127792 0.0199956 0.0119412 0.0093403 0.0102897 0.0101538 0.0101846 0.0140353 0.0151646 0.00940141 0.00851142 0.00832562 0.00867772 0.00825099 0.00866676 0.00856538 0.00852049 0.00806068 0.00909096 0.00947611 0.00970186 0.00884876 
0.0083878 0.0102808 0.0290587 0.0554967 0.0786868 0.0279662 0.0111473 0.00941625 0.00970252 0.0124712 0.0354345 0.0910979 0.0803367 0.0917664 0.0265928 0.0381428 0.0202119 0.0120483 0.0159797 0.0310902 0.0524831 0.0655481 0.0578316 0.0465128 0.0516685 0.0158699 0.0114381 0.00662365 0.00875041 0.0125625 0.0100206 0.0169038 0.0226747 0.858919 0.0121418 0.00399613 0.0032705 0.00324996 0 0.00323851 0.00325576 0.00327779 0.00325908 0.00469073 0.00624943 0.00948503 0.0141322 0.928925 0.0245069 0.0102641 0.00682641 0.0102695 0.0146476 0.0250057 0.0342233 0.0155816 0.0100138 0.0141763 0.0141663 0.0125745 0.00919918 0.010857 0.009638 0.0107785 0.0216661 0.0209922 0.00935729 0.00829542 0.00817281 0.00879816 0.00857435 0.00885355 0.00896537 0.00842492 0.00802296 0.0103231 0.0116278 0.0110047 0.00912953 
0.00839526 0.0114779 0.0245286 0.10015 0.0816161 0.0220046 0.0116651 0.00954992 0.00977615 0.012546 0.0315566 0.0895426 0.124551 0.052618 0.0552504 0.0357011 0.0211788 0.0122748 0.0156521 0.0274993 0.0780836 0.0683329 0.0535309 0.0929028 0.0377593 0.0179897 0.0119479 0.00695666 0.00884889 0.0131335 0.0155587 0.0247416 0.84845 0.0268385 0.00870448 0.00469582 0.00325297 0.00327661 0.00323851 0 0.00323985 0.0032733 0.00322911 0.00387817 0.00663961 0.014919 0.928596 0.0243623 0.0128204 0.00778265 0.00728534 0.00961696 0.0118964 0.0300922 0.0302795 0.0142367 0.0100257 0.0120208 0.0121553 0.0143742 0.00929584 0.00989812 0.00986846 0.011203 0.0197909 0.0186715 0.0100335 0.00830933 0.00813133 0.00887035 0.00855356 0.00890422 0.00883382 0.00835687 0.00801694 0.0102277 0.012848 0.011532 0.00910936 
0.00831294 0.0102971 0.036649 0.0548156 0.0528104 0.0236277 0.0105244 0.00936297 0.00940391 0.0126111 0.0310942 0.100361 0.0689084 0.0769562 0.0224612 0.0415298 0.0245235 0.0113047 0.0159251 0.0378989 0.0425581 0.0569521 0.069051 0.046016 0.043776 0.0179607 0.0107601 0.00779724 0.00812824 0.0246562 0.0259608 0.830073 0.0187445 0.00929841 0.00795569 0.0075418 0.00336018 0.00328424 0.00325576 0.00323985 0 0.003259 0.00324375 0.00400489 0.00849097 0.921763 0.0181301 0.0140855 0.011568 0.00905968 0.00636743 0.00894711 0.0203943 0.0193536 0.0212338 0.0177123 0.00919598 0.0111649 0.015707 0.0129511 0.00907971 0.0106506 0.00944109 0.0107143 0.0194062 0.0203755 0.00938672 0.00825158 0.00815212 0.00863823 0.00864075 0.00906442 0.00892856 0.00829311 0.0079999 0.00986059 0.0111565 0.0109208 0.0093914 
0.00838182 0.0111375 0.0148474 0.0201355 0.0180406 0.0197292 0.0106564 0.0104403 0.011591 0.011678 0.0237228 0.0260627 0.0373544 0.0169973 0.0161542 0.013145 0.0270188 0.015613 0.0146214 0.0242211 0.0313491 0.0213269 0.0221228 0.0305328 0.0157316 0.0193564 0.0131306 0.00832511 0.0129794 0.0300784 0.771795 0.0162663 0.0112966 0.00896544 0.0115501 0.00809094 0.00333691 0.00333049 0.00327779 0.0032733 0.003259 0 0.00323682 0.00419652 0.977599 0.0110188 0.00629527 0.00669691 0.0112894 0.00711698 0.00688559 0.0121708 0.0135373 0.0153138 0.0164748 0.0140694 0.0108984 0.0118672 0.0218997 0.0164189 0.0111492 0.00989755 0.0108066 0.0103728 0.0143814 0.0181791 0.00965406 0.00844237 0.00817524 0.00911584 0.00903694 0.00880387 0.00865157 0.00847991 0.00808143 0.00946588 0.00997297 0.0105431 0.0086513 
0.00868843 0.0152125 0.00972821 0.00941211 0.00967081 0.0100591 0.0112698 0.0128501 0.00927494 0.0191626 0.0103562 0.0107532 0.0105275 0.0109472 0.00903219 0.00902056 0.0109798 0.0164624 0.0265589 0.0134292 0.0106867 0.0109268 0.0111882 0.011134 0.0105795 0.0100437 0.0121648 0.0266619 0.0295562 0.509936 0.0125122 0.00907289 0.00774885 0.00846038 0.00731443 0.0115182 0.00469368 0.00334143 0.00325908 0.00322911 0.00324375 0.00323682 0 0.992802 0.00610315 0.00397685 0.00367233 0.00422872 0.00507326 0.0059323 0.00541386 0.0111156 0.0121667 0.0098766 0.00914349 0.00989071 0.00922927 0.0156602 0.0109817 0.0157048 0.0116954 0.00994917 0.0130654 0.0139734 0.00958847 0.00941239 0.00922453 0.00973503 0.00910228 0.0109407 0.0101332 0.00853865 0.00933117 0.00960748 0.00870076 0.010732 0.00864615 0.00882683 0.00881698 
0.0097571 0.00956347 0.00909556 0.00932864 0.00911893 0.00951645 0.0126755 0.00927567 0.0115026 0.0150588 0.00999586 0.0106607 0.0103137 0.0102626 0.00907433 0.00926095 0.00956351 0.0138145 0.0158778 0.0115377 0.0119264 0.0103539 0.0115772 0.0109464 0.0102882 0.0103166 0.022841 0.0125063 0.0258267 0.011274 0.00944203 0.0085592 0.00928732 0.00861004 0.00873024 0.0154128 0.00590265 0.0052367 0.00469073 0.00387817 0.00400489 0.00419652 0.992802 0 0.00338962 0.00321518 0.0032089 0.00322757 0.00332464 0.00382306 0.00465292 0.00794375 0.00718309 0.0112909 0.00816656 0.0091549 0.0180817 0.0176883 0.0134664 0.0230132 0.00961052 0.0107864 0.0139619 0.00917337 0.00878842 0.00921895 0.0107254 0.00974544 0.00963381 0.0107486 0.00848471 0.00825583 0.00961729 0.00972933 0.00880797 0.00883702 0.00843799 0.00853535 0.00943236 
0.00828511 0.00855546 0.0123831 0.0136348 0.0135253 0.012418 0.00919837 0.00882966 0.00895962 0.00956625 0.0174831 0.0206101 0.0164672 0.016729 0.0132248 0.0129871 0.0153751 0.00973689 0.0115875 0.0205065 0.0144743 0.016309 0.0197822 0.016222 0.0162902 0.0176861 0.00972558 0.0133917 0.0112816 0.0163085 0.0122102 0.0110055 0.0112623 0.0121318 0.022141 0.00991252 0.00624336 0.00700904 0.00624943 0.00663961 0.00849097 0.977599 0.00610315 0.00338962 0 0.00323626 0.00320445 0.00328279 0.00319578 0.00357882 0.00336023 0.00586706 0.010092 0.00752795 0.00859569 0.0192746 0.0197404 0.0189522 0.0259592 0.010635 0.00909741 0.00951367 0.00949471 0.00915681 0.0106121 0.0127194 0.00884527 0.00832898 0.00819272 0.00832343 0.00805216 0.00854881 0.00836645 0.0081505 0.00795735 0.00848399 0.00882202 0.00935096 0.00840948 
0.00824549 0.0091823 0.0128057 0.0293201 0.0286177 0.0130046 0.00934752 0.00867089 0.00900202 0.00964556 0.0175229 0.0448117 0.045164 0.0264309 0.0256211 0.0186777 0.0118027 0.0112563 0.0112982 0.0150548 0.0491032 0.0261121 0.0333382 0.0595758 0.03417 0.011245 0.0105898 0.00935883 0.0140112 0.0166624 0.0226914 0.0169931 0.0196325 0.0170878 0.0127153 0.00953297 0.00704269 0.0069793 0.00948503 0.014919 0.921763 0.0110188 0.00397685 0.00321518 0.00323626 0 0.00319275 0.00322324 0.0032387 0.00322211 0.00321436 0.00644339 0.00676324 0.0106123 0.0107286 0.0167793 0.177191 0.0147941 0.00962103 0.0121602 0.00897577 0.00939203 0.00948558 0.00945034 0.016133 0.0128774 0.00913984 0.00828728 0.00813751 0.00853813 0.00837621 0.00846965 0.00865421 0.00818835 0.00802393 0.00889531 0.0102215 0.0100996 0.00887955 
