1RIFB
MDIKVHFHDFSHVRIDCEESTFHELRDFFSFEADGYRFNPRFRYGNWDGRIRLLDYNRLLPFGLVGQIKKFCDNFGYKAWIDPQINEKEELSRKDFDEWLSKLEIYSGNKRIEPHWYQKDAVFEGLVNRRRILNLPTSAGRSLIQALLARYYLENYEGKILIIVPTTALTTQMADDFVDYRLFSHAMIKKIGGGASKDDKYKNDAPVVVGTWQTVVKQPKEWFSQFGMMMNDECHLATGKSISSIISGLNNCMFKFGLSGSLRDGKANIMQYVGMFGEIFKP
CCEEEEEECCCEEEEECCHHHHHHHHHHCEEECCCCCCCHHHHCCCCCCEEECCCCCCEEEHHHHHHHHHHHHHHCCCEEECHHHHCCCCCCHHHHHHHHHCCCEECCCCEECCCHHHHHHHHHHHHHCEEEEECCHHHCHHHHHHHHHHHHHHHCCCEEEEEECCCHHHHHHHHHHHHCCCCCHHHEEECCCCCCCCCCCCCCCCEEEEEHHHHHCCCHHHHCCEEEEEEECHHHCCHHHHHHHCCCCCCCCEEEEEECCCCCCCCCHHHHHHHHCCEECC
0 0 0 0 0 0 0 0 0 0 0 0 0 0 0 0 0 0 0 0 0 0 0 0 0 0 0 0 0 0 0 0 0 0 0 0 0 0 0 0 0 0 0 0 0 0 0 0 0 0 0 0 0 0 0 0 0 0 0 0 0 0 0 0 0 0 0 0 0 0 0 0 0 0 0 0 0 0 0 0 0 0 0 0 0 0 0 0 0 0 0 0 0 0 0 0 0 0 0 0 0 0 0 0 0 0 0 0 0 0 0 0 0 0 0 0 0 0 0 0 0 0 0 0 0 0 0 0 0 0 0 0 0 0 0 0 0 0 0 0 0 0 0 0 0 0 0 0 0 0 0 0 0 0 0 0 0 0 0 0 0 0 0 0 0 0 0 0 0 0 0 0 0 0 0 0 0 0 0 0 0 0 0 0 0 0 0 0 0 0 0 0 0 0 0 0 0 0 0 0 0 0 0 0 0 0 0 0 0 0 0 0 0 0 0 0 0 0 0 0 0 0 0 0 0 0 0 0 0 0 0 0 0 0 0 0 0 0 0 0 0 0 0 0 0 0 0 0 0 0 0 0 0 0 0 0 0 0 0 0 0 0 0 0 0 0 0 0 0 0 0 0 0 0 0 0 0 0 0 0 0 0 
0 0 0 0 0 0 0 0 0 0 0 0 0 0 0 0 0 0 0 0 0 0 0 0 0 0 0 0 0 0 0 0 0 0 0 0 0 0 0 0 0 0 0 0 0 0 0 0 0 0 0 0 0 0 0 0 0 0 0 0 0 0 0 0 0 0 0 0 0 0 0 0 0 0 0 0 0 0 0 0 0 0 0 0 0 0 0 0 0 0 0 0 0 0 0 0 0 0 0 0 0 0 0 0 0 0 0 0 0 0 0 0 0 0 0 0 0 0 0 0 0 0 0 0 0 0 0 0 0 0 0 0 0 0 0 0 0 0 0 0 0 0 0 0 0 0 0 0 0 0 0 0 0 0 0 0 0 0 0 0 0 0 0 0 0 0 0 0 0 0 0 0 0 0 0 0 0 0 0 0 0 0 0 0 0 0 0 0 0 0 0 0 0 0 0 0 0 0 0 0 0 0 0 0 0 0 0 0 0 0 0 0 0 0 0 0 0 0 0 0 0 0 0 0 0 0 0 0 0 0 0 0 0 0 0 0 0 0 0 0 0 0 0 0 0 0 0 0 0 0 0 0 0 0 0 0 0 0 0 0 0 0 0 0 0 0 0 0 0 0 0 0 0 0 0 0 0 0 0 0 0 0 
0 0.00340155 0.00340313 0.00349913 0.00429691 0.00807838 0.00979042 0.0127704 0.00810163 0.023653 0.101905 0.0379154 0.0283824 0.021458 0.0147297 0.0120972 0.0270531 0.018811 0.0121098 0.0206354 0.0156797 0.00967722 0.0180809 0.0119232 0.013792 0.00947321 0.0130174 0.00880821 0.00856477 0.00902464 0.00942028 0.0117886 0.00865985 0.00863413 0.00889288 0.0091725 0.00912909 0.00973188 0.00929986 0.00815862 0.00899487 0.00967594 0.00833899 0.00847221 0.00838613 0.00832982 0.00874815 0.00835926 0.00833416 0.00833117 0.00837947 0.00827649 0.00836467 0.00859515 0.00843879 0.00848097 0.00854675 0.00849536 0.009444 0.00882733 0.0109403 
0.00340155 0 0.00322274 0.00327516 0.00361146 0.00353567 0.0069366 0.00636063 0.0139216 0.0149175 0.727099 0.0149283 0.0150548 0.0149491 0.011279 0.0154013 0.0112433 0.0135169 0.0127546 0.0106479 0.00935663 0.0101803 0.00988294 0.00908413 0.00885027 0.00915794 0.00823636 0.00827433 0.00912728 0.0091657 0.00959626 0.00922866 0.00836109 0.00890995 0.00925782 0.00978586 0.00943311 0.00843851 0.00809903 0.00823625 0.00836891 0.00823514 0.00849519 0.00860561 0.00828388 0.00815837 0.00799583 0.00820793 0.00835392 0.00841126 0.0085453 0.0081981 0.00815995 0.00816011 0.0083429 0.0083573 0.00836899 0.00833448 0.00830651 0.00839833 0.00841411 
0.00340313 0.00322274 0 0.00327253 0.00328924 0.00323677 0.00586413 0.0190572 0.0100401 0.888301 0.00977264 0.0110393 0.0182737 0.0103682 0.011134 0.0108382 0.0115606 0.0123443 0.0115889 0.0104039 0.0105475 0.00882614 0.0092594 0.008964 0.00852637 0.00838814 0.00848128 0.00857321 0.0102708 0.0130752 0.0112533 0.00885182 0.00831008 0.00906155 0.011695 0.0136302 0.0093642 0.0084203 0.00858369 0.00835748 0.00836365 0.00874359 0.00878512 0.00920111 0.00851685 0.00810189 0.00818323 0.00834179 0.00872262 0.00891227 0.00905433 0.00842038 0.00828764 0.00842088 0.00865797 0.0088797 0.00865906 0.00836872 0.00824687 0.00826599 0.00840398 
0.00349913 0.00327516 0.00327253 0 0.00326078 0.00321342 0.00760733 0.0100366 0.911101 0.00994821 0.0098364 0.0136867 0.00944054 0.0153954 0.011975 0.0101136 0.0110723 0.0130233 0.00991691 0.0110984 0.00976845 0.00935784 0.00983605 0.00877505 0.00869614 0.00886349 0.00817654 0.00855494 0.0096026 0.0111255 0.00947763 0.00917329 0.00834384 0.00873319 0.0108925 0.0119097 0.00911212 0.00832029 0.0082429 0.00824285 0.00831905 0.00837636 0.00855065 0.00883592 0.00836958 0.00815807 0.00807928 0.00822805 0.00851306 0.00864533 0.00866042 0.00830029 0.00823731 0.00825898 0.00842325 0.00853503 0.00843941 0.00821616 0.00822982 0.0082522 0.00826297 
0.00429691 0.00361146 0.00328924 0.00326078 0 0.00334017 0.00773112 0.969022 0.00803001 0.00901884 0.00759809 0.0118638 0.030288 0.0112267 0.012199 0.0146943 0.0107695 0.0127205 0.0176731 0.00982303 0.0103676 0.00958733 0.00934277 0.00959432 0.00900824 0.00871646 0.00879106 0.00894096 0.00918335 0.00950808 0.010109 0.00887488 0.00848672 0.00929901 0.0091191 0.00985022 0.00882367 0.00829486 0.00846426 0.00833915 0.00828447 0.008681 0.00851449 0.00880811 0.0083055 0.00803238 0.00819723 0.00821978 0.00841502 0.00851398 0.00847692 0.00829018 0.00819861 0.00827745 0.00841796 0.00843428 0.0083445 0.00829756 0.00826811 0.00830069 0.00841375 
0.00807838 0.00353567 0.00323677 0.00321342 0.00334017 0 0.977787 0.00600573 0.00525832 0.00626227 0.0083957 0.0198733 0.0108098 0.0148021 0.0178743 0.00980823 0.0127378 0.0200297 0.009485 0.0118604 0.0130002 0.00866133 0.00990447 0.0103699 0.00906131 0.0092188 0.00830912 0.00963084 0.00854877 0.00851285 0.00861261 0.00898536 0.00911334 0.00865223 0.00867912 0.00892564 0.00857475 0.00830708 0.00858317 0.00820386 0.00822946 0.00885703 0.00840196 0.00869173 0.0081359 0.00801867 0.00838611 0.00819797 0.00821475 0.00836155 0.00824087 0.00814334 0.00813189 0.00846036 0.008172 0.00819145 0.00819526 0.00817102 0.00826715 0.00846197 0.00845248 
0.00979042 0.0069366 0.00586413 0.00760733 0.00773112 0.977787 0 0.00334059 0.00327481 0.00337786 0.00519797 0.0222211 0.0122525 0.0664176 0.0155767 0.0112474 0.0330737 0.0204614 0.0127778 0.0320668 0.0111594 0.00953781 0.0199162 0.0102786 0.0125177 0.00946612 0.0100234 0.00888493 0.00863156 0.00898122 0.0101215 0.0190933 0.00864951 0.00841887 0.00908657 0.00944786 0.00920774 0.00992042 0.00843714 0.00813226 0.00933315 0.00895018 0.00827655 0.00845329 0.00830546 0.00831761 0.00826227 0.00807965 0.0082447 0.00823429 0.00824292 0.00819293 0.00847207 0.00826285 0.00819334 0.00822808 0.00822327 0.00829044 0.00899942 0.00856156 0.00910468 
0.0127704 0.00636063 0.0190572 0.0100366 0.969022 0.00600573 0.00334059 0 0.00323713 0.0035672 0.00334347 0.00975729 0.10374 0.01355 0.0109977 0.0162869 0.0140272 0.0131987 0.0220124 0.010846 0.0113532 0.00986344 0.0109922 0.00968299 0.00921058 0.00862314 0.00915554 0.0086932 0.00999847 0.0111019 0.0120468 0.00932263 0.00835481 0.00912636 0.0101403 0.0108377 0.00926826 0.00858001 0.00879808 0.00834654 0.00856472 0.00868428 0.00867594 0.0089318 0.00839835 0.00813995 0.00813216 0.00835934 0.00870599 0.00867252 0.00867862 0.00827104 0.0082124 0.00822313 0.00854112 0.00871663 0.00857722 0.00836052 0.00830244 0.00829258 0.00867094 
0.00810163 0.0139216 0.0100401 0.911101 0.00803001 0.00525832 0.00327481 0.00323713 0 0.00325812 0.00334985 0.0183757 0.0108094 0.0380718 0.0129873 0.00975078 0.0106089 0.0154961 0.00935112 0.0104562 0.00966646 0.00954909 0.00937113 0.00876759 0.00859973 0.00918654 0.00820945 0.00856483 0.00925573 0.0114314 0.00958399 0.00942183 0.0084425 0.00868385 0.0105745 0.0114905 0.00916822 0.00838399 0.00828383 0.00827075 0.00831664 0.00840692 0.00864924 0.00890724 0.00838307 0.00819062 0.00809928 0.00830584 0.00840301 0.00863996 0.00868657 0.00830349 0.00811395 0.0081945 0.00836871 0.00850294 0.00843685 0.00824168 0.00819298 0.00826828 0.00821941 
0.023653 0.0149175 0.888301 0.00994821 0.00901884 0.00626227 0.00337786 0.0035672 0.00325812 0 0.00319985 0.0104376 0.115411 0.0119346 0.0124503 0.0159248 0.011715 0.0130241 0.0250739 0.0097633 0.0119874 0.0103942 0.00930896 0.00981885 0.0091207 0.00858442 0.00928922 0.00892464 0.0100049 0.0102296 0.0115513 0.00876503 0.00888378 0.0100994 0.0094829 0.0102823 0.00900551 0.00837533 0.00875177 0.00831861 0.00833106 0.00900117 0.00849004 0.00878107 0.008353 0.00801906 0.00820191 0.00824935 0.00841251 0.00852918 0.00852584 0.00831458 0.00819354 0.00829179 0.00837966 0.00847239 0.00842041 0.00828804 0.00819103 0.00826787 0.00866078 
0.101905 0.727099 0.00977264 0.0098364 0.00759809 0.0083957 0.00519797 0.00334347 0.00334985 0.00319985 0 0.0646853 0.0105113 0.0468291 0.0212482 0.0109896 0.0142003 0.0339916 0.0100149 0.0135995 0.015333 0.00959837 0.0114571 0.0119308 0.0102245 0.0112244 0.00864196 0.0106903 0.00869463 0.0086468 0.00857628 0.0104336 0.00984434 0.00900588 0.00886101 0.00925867 0.00880855 0.00869734 0.00885453 0.00818652 0.00870784 0.0090721 0.00868117 0.00868055 0.00808794 0.00811794 0.00850424 0.0082022 0.00814725 0.00831156 0.0083248 0.00810376 0.00813649 0.00854314 0.00818827 0.0081113 0.00817001 0.00811361 0.00836384 0.00880496 0.00843133 
0.0379154 0.0149283 0.0110393 0.0136867 0.0118638 0.0198733 0.0222211 0.00975729 0.0183757 0.0104376 0.0646853 0 0.00330793 0.0035648 0.0467245 0.0124301 0.444821 0.017113 0.0120409 0.033747 0.0114824 0.00964219 0.0275594 0.0101279 0.0122976 0.00970116 0.0104547 0.00892708 0.00900561 0.00966712 0.00983348 0.0230537 0.00868448 0.00854159 0.00925545 0.00945091 0.0113319 0.0116947 0.00832155 0.00822911 0.010034 0.00857128 0.00830119 0.00856437 0.00857466 0.00914621 0.00814347 0.00811343 0.00834487 0.00832142 0.00857779 0.00814707 0.00868407 0.00839307 0.00814147 0.00844806 0.00816354 0.00831123 0.00903474 0.00857015 0.00910071 
0.0283824 0.0150548 0.0182737 0.00944054 0.030288 0.0108098 0.0122525 0.10374 0.0108094 0.115411 0.0105113 0.00330793 0 0.0032453 0.0139704 0.723006 0.0163501 0.0140601 0.0919828 0.010459 0.0112063 0.0191732 0.0100187 0.0113232 0.0100819 0.00904302 0.00946167 0.0087022 0.0100282 0.0099893 0.012335 0.00904823 0.0083595 0.00972138 0.00941524 0.010322 0.0094268 0.00849646 0.00867007 0.0086068 0.0083389 0.00879341 0.00876791 0.00871722 0.0084953 0.00808349 0.0081669 0.00823859 0.00839764 0.00842428 0.00836221 0.00838972 0.00815213 0.00822076 0.00846078 0.00838145 0.00831146 0.00839736 0.00828946 0.00822562 0.00844311 
0.021458 0.0149491 0.0103682 0.0153954 0.0112267 0.0148021 0.0664176 0.01355 0.0380718 0.0119346 0.0468291 0.0035648 0.0032453 0 0.472044 0.0131204 0.0968478 0.0458721 0.0106192 0.0242193 0.0209681 0.00994056 0.0132843 0.0135953 0.0119098 0.0120762 0.00916525 0.01271 0.00947546 0.00917162 0.00897825 0.0124634 0.0109677 0.00960252 0.0091737 0.00960338 0.00906266 0.00876954 0.00931922 0.00835141 0.00879451 0.00942921 0.0089931 0.00928103 0.00821446 0.00816586 0.00879299 0.00832335 0.00839252 0.00837703 0.00846586 0.00818863 0.00820779 0.00872929 0.00830857 0.00818346 0.00817805 0.00817823 0.00833149 0.00874128 0.00837554 
0.0147297 0.011279 0.011134 0.011975 0.012199 0.0178743 0.0155767 0.0109977 0.0129873 0.0124503 0.0212482 0.0467245 0.0139704 0.472044 0 0.00375563 0.00381136 0.0109083 0.0106576 0.213661 0.0206205 0.0103037 0.0266389 0.0115579 0.0148571 0.0109685 0.0118876 0.00891645 0.00899766 0.00986959 0.0101597 0.0190193 0.00895443 0.00846903 0.00928904 0.0100542 0.0106305 0.0109259 0.00836212 0.00814109 0.00999058 0.0084538 0.00821621 0.00851882 0.00823629 0.00860606 0.00816659 0.00801862 0.0081329 0.00814548 0.00824667 0.00822265 0.00833926 0.00826056 0.00808195 0.00811584 0.00817615 0.00819171 0.00889563 0.00850489 0.00888912 
0.0120972 0.0154013 0.0108382 0.0101136 0.0146943 0.00980823 0.0112474 0.0162869 0.00975078 0.0159248 0.0109896 0.0124301 0.723006 0.0131204 0.00375563 0 0.0032582 0.0115145 0.198329 0.00657201 0.0113392 0.0339467 0.00998612 0.011865 0.0104988 0.00990266 0.00984239 0.00932251 0.0106815 0.00942342 0.0129405 0.0093306 0.0084834 0.00909187 0.00943821 0.00993182 0.00972856 0.0084246 0.00852775 0.00847125 0.00830175 0.00835439 0.00855806 0.00843657 0.00834144 0.00811649 0.00803844 0.00823582 0.00824717 0.00829883 0.00830732 0.00824522 0.00805866 0.00810713 0.00830471 0.00834703 0.00831965 0.00830875 0.00820822 0.00813213 0.00816075 
0.0270531 0.0112433 0.0115606 0.0110723 0.0107695 0.0127378 0.0330737 0.0140272 0.0106089 0.011715 0.0142003 0.444821 0.0163501 0.0968478 0.00381136 0.0032582 0 0.173731 0.0113528 0.00627456 0.0236614 0.0103557 0.0140802 0.0177213 0.0128228 0.0128632 0.0103443 0.0168419 0.00966567 0.00996935 0.010084 0.0141907 0.0111374 0.00972873 0.00986997 0.0103368 0.00902271 0.00889708 0.0108629 0.00829423 0.00863883 0.00989369 0.00873708 0.00890604 0.00828403 0.00812102 0.008651 0.00819632 0.0083819 0.00837186 0.00834638 0.0082509 0.00819128 0.00868641 0.00835612 0.00834604 0.00832059 0.00812611 0.00823874 0.0084439 0.00828524 
0.018811 0.0135169 0.0123443 0.0130233 0.0127205 0.0200297 0.0204614 0.0131987 0.0154961 0.0130241 0.0339916 0.017113 0.0140601 0.0458721 0.0109083 0.0115145 0.173731 0 0.0032683 0.00334986 0.0619798 0.0134216 0.0726868 0.0142618 0.0199383 0.0124114 0.0160791 0.0114258 0.0112975 0.0125519 0.0125022 0.0236692 0.00980231 0.00994847 0.0110602 0.0117093 0.0118148 0.0131376 0.00890717 0.00841126 0.0112224 0.00953095 0.00873946 0.00901731 0.00872553 0.00917688 0.00834149 0.00815235 0.00854468 0.00844624 0.0087017 0.00853718 0.0085886 0.00892839 0.00819154 0.00843296 0.00830075 0.0083274 0.00915196 0.00856993 0.00906942 
0.0121098 0.0127546 0.0115889 0.00991691 0.0176731 0.009485 0.0127778 0.0220124 0.00935112 0.0250739 0.0100149 0.0120409 0.0919828 0.0106192 0.0106576 0.198329 0.0113528 0.0032683 0 0.00321379 0.0120992 0.168271 0.0112037 0.0178966 0.0118033 0.0112309 0.0101512 0.0116884 0.0165359 0.0126142 0.0208537 0.0107625 0.00902408 0.0107877 0.0118351 0.0131909 0.0115753 0.00878066 0.00944084 0.00898012 0.00872406 0.00889255 0.00882452 0.00878706 0.00872641 0.0082798 0.00820008 0.00834283 0.00859416 0.00858053 0.00864776 0.00862428 0.00816509 0.00822565 0.00851923 0.00854912 0.00840467 0.00856139 0.00823722 0.00807239 0.0082349 
0.0206354 0.0106479 0.0104039 0.0110984 0.00982303 0.0118604 0.0320668 0.010846 0.0104562 0.0097633 0.0135995 0.033747 0.010459 0.0242193 0.213661 0.00657201 0.00627456 0.00334986 0.00321379 0 0.0275777 0.00895527 0.0467918 0.015726 0.0131285 0.0127202 0.0102329 0.0172677 0.0104494 0.0104062 0.0120154 0.0161504 0.0120137 0.00986122 0.0102492 0.0115314 0.00950587 0.00893958 0.0111644 0.00868015 0.00870395 0.0103823 0.00886846 0.0087983 0.00863076 0.00842175 0.00893204 0.00831476 0.00857237 0.00853189 0.00864561 0.00839384 0.00833744 0.00874602 0.00837618 0.00841714 0.00841992 0.00818319 0.00817679 0.00827977 0.00808435 
0.0156797 0.00935663 0.0105475 0.00976845 0.0103676 0.0130002 0.0111594 0.0113532 0.00966646 0.0119874 0.015333 0.0114824 0.0112063 0.0209681 0.0206205 0.0113392 0.0236614 0.0619798 0.0120992 0.0275777 0 0.00398057 0.00357976 0.027527 0.0214932 0.0133745 0.0178016 0.0118204 0.0110158 0.0166793 0.0101857 0.0181339 0.00973264 0.0100972 0.00932361 0.0104596 0.010222 0.0134659 0.00930915 0.00822556 0.0097947 0.00958913 0.00833787 0.00852189 0.00828893 0.00880612 0.00850864 0.00807869 0.00814825 0.00817027 0.00835945 0.00815722 0.0084825 0.00842828 0.00801049 0.00818117 0.0082173 0.0080634 0.0084742 0.00880418 0.00900186 
0.00967722 0.0101803 0.00882614 0.00935784 0.00958733 0.00866133 0.00953781 0.00986344 0.00954909 0.0103942 0.00959837 0.00964219 0.0191732 0.00994056 0.0103037 0.0339467 0.0103557 0.0134216 0.168271 0.00895527 0.00398057 0 0.00327626 0.0221824 0.0175065 0.0125894 0.0109436 0.00967413 0.0199483 0.00931627 0.0174953 0.00977008 0.00880419 0.00927685 0.0096305 0.0104279 0.0115252 0.00862791 0.00892321 0.0087128 0.00844906 0.00841669 0.00854348 0.00838994 0.00865248 0.00823956 0.00799558 0.00819686 0.0081385 0.00820886 0.00828347 0.0082303 0.00805073 0.00802415 0.00823541 0.00828807 0.00826073 0.00826274 0.00814681 0.00814819 0.00821262 
0.0180809 0.00988294 0.0092594 0.00983605 0.00934277 0.00990447 0.0199162 0.0109922 0.00937113 0.00930896 0.0114571 0.0275594 0.0100187 0.0132843 0.0266389 0.00998612 0.0140802 0.0726868 0.0112037 0.0467918 0.00357976 0.00327626 0 0.0247978 0.0205726 0.0159091 0.0126585 0.0457829 0.010087 0.0105951 0.009941 0.0169202 0.0143665 0.0112715 0.00981997 0.0105677 0.00952703 0.00915994 0.0111771 0.00840282 0.00880464 0.0113901 0.00879612 0.00883788 0.00827421 0.0085441 0.00936157 0.00825928 0.00821944 0.00841995 0.00839784 0.00822062 0.00824387 0.00915847 0.00828433 0.00824197 0.0082137 0.00809586 0.00828467 0.0086525 0.00826169 
0.0119232 0.00908413 0.008964 0.00877505 0.00959432 0.0103699 0.0102786 0.00968299 0.00876759 0.00981885 0.0119308 0.0101279 0.0113232 0.0135953 0.0115579 0.011865 0.0177213 0.0142618 0.0178966 0.015726 0.027527 0.0221824 0.0247978 0 0.00676854 0.0110371 0.941703 0.0127141 0.026902 0.0124211 0.0176731 0.0223492 0.0139081 0.0165464 0.0109554 0.012278 0.0133183 0.0158894 0.0103383 0.00942934 0.0119899 0.011542 0.00958415 0.00903987 0.00940845 0.0096048 0.00875816 0.00858862 0.00836638 0.00845747 0.00867488 0.00876266 0.00889048 0.00869997 0.00834823 0.00834822 0.00822891 0.00815975 0.00869201 0.00876709 0.00901603 
0.013792 0.00885027 0.00852637 0.00869614 0.00900824 0.00906131 0.0125177 0.00921058 0.00859973 0.0091207 0.0102245 0.0122976 0.0100819 0.0119098 0.0148571 0.0104988 0.0128228 0.0199383 0.0118033 0.0131285 0.0214932 0.0175065 0.0205726 0.00676854 0 0.959559 0.0130239 0.0183253 0.0120013 0.0111533 0.0148232 0.0185252 0.0141725 0.0119618 0.00989581 0.0108479 0.0121471 0.0115426 0.0137837 0.00910655 0.0101066 0.0124011 0.00880909 0.0088927 0.00867831 0.00876695 0.00914013 0.00831818 0.00828618 0.00837203 0.00848293 0.00837063 0.00839831 0.00889893 0.00826988 0.00819091 0.00815223 0.00831028 0.00869723 0.00868997 0.00863695 
0.00947321 0.00915794 0.00838814 0.00886349 0.00871646 0.0092188 0.00946612 0.00862314 0.00918654 0.00858442 0.0112244 0.00970116 0.00904302 0.0120762 0.0109685 0.00990266 0.0128632 0.0124114 0.0112309 0.0127202 0.0133745 0.0125894 0.0159091 0.0110371 0.959559 0 0.00797595 0.0119755 0.0226928 0.00989377 0.0171225 0.0201191 0.0127121 0.0114168 0.00957787 0.0100468 0.0116845 0.0127918 0.00909444 0.00872285 0.0104958 0.00926976 0.00887734 0.00850534 0.00832911 0.00951286 0.00853893 0.00828499 0.00802126 0.00813826 0.00821959 0.00838854 0.00845336 0.00833269 0.00814904 0.00808649 0.0080651 0.00804369 0.00857266 0.00909631 0.00887674 
0.0130174 0.00823636 0.00848128 0.00817654 0.00879106 0.00830912 0.0100234 0.00915554 0.00820945 0.00928922 0.00864196 0.0104547 0.00946167 0.00916525 0.0118876 0.00984239 0.0103443 0.0160791 0.0101512 0.0102329 0.0178016 0.0109436 0.0126585 0.941703 0.0130239 0.00797595 0 0.0248914 0.0149431 0.0112141 0.0146998 0.0199297 0.0127688 0.0116997 0.00956508 0.0108791 0.0103282 0.0102725 0.0153576 0.00891841 0.00900924 0.0129518 0.00842765 0.00839945 0.00862704 0.00838303 0.0094898 0.00809116 0.00814277 0.00815421 0.00823914 0.00838405 0.00825543 0.00869798 0.0080924 0.0081333 0.00807539 0.00819793 0.00828126 0.00851387 0.0084488 
0.00880821 0.00827433 0.00857321 0.00855494 0.00894096 0.00963084 0.00888493 0.0086932 0.00856483 0.00892464 0.0106903 0.00892708 0.0087022 0.01271 0.00891645 0.00932251 0.0168419 0.0114258 0.0116884 0.0172677 0.0118204 0.00967413 0.0457829 0.0127141 0.0183253 0.0119755 0.0248914 0 0.00334598 0.00322711 0.00323901 0.00387468 0.0930511 0.0348673 0.0150797 0.016221 0.0182019 0.0278922 0.0111306 0.00990241 0.0184743 0.017286 0.0100172 0.00989942 0.0102301 0.0158858 0.00857142 0.00886114 0.00906236 0.00924292 0.0102108 0.00971617 0.0115573 0.00872943 0.00850562 0.008784 0.00849603 0.00846769 0.00943882 0.00834116 0.00922272 
0.00856477 0.00912728 0.0102708 0.0096026 0.00918335 0.00854877 0.00863156 0.00999847 0.00925573 0.0100049 0.00869463 0.00900561 0.0100282 0.00947546 0.00899766 0.0106815 0.00966567 0.0112975 0.0165359 0.0104494 0.0110158 0.0199483 0.010087 0.026902 0.0120013 0.0226928 0.0149431 0.00334598 0 0.00323357 0.00326357 0.00329865 0.06245 0.175992 0.131486 0.0506176 0.0385631 0.0104913 0.0126024 0.019553 0.0110694 0.0170143 0.0444888 0.0192942 0.0182409 0.00920411 0.00880254 0.0127563 0.0143868 0.0282039 0.015748 0.0114888 0.00877858 0.00918549 0.00972957 0.0100498 0.0110826 0.00897214 0.00844513 0.00834365 0.00821254 
0.00902464 0.0091657 0.0130752 0.0111255 0.00950808 0.00851285 0.00898122 0.0111019 0.0114314 0.0102296 0.0086468 0.00966712 0.0099893 0.00917162 0.00986959 0.00942342 0.00996935 0.0125519 0.0126142 0.0104062 0.0166793 0.00931627 0.0105951 0.0124211 0.0111533 0.00989377 0.0112141 0.00322711 0.00323357 0 0.00322459 0.00324182 0.0298005 0.0926494 0.207483 0.269585 0.0313525 0.0113731 0.0134486 0.0123124 0.0111168 0.0164025 0.0357698 0.0963739 0.0194273 0.00966703 0.00932393 0.0124882 0.0483582 0.0456606 0.0397891 0.0141425 0.00924644 0.0095788 0.0103036 0.0157077 0.0141173 0.00931084 0.00852696 0.0082431 0.00819728 
0.00942028 0.00959626 0.0112533 0.00947763 0.010109 0.00861261 0.0101215 0.0120468 0.00958399 0.0115513 0.00857628 0.00983348 0.012335 0.00897825 0.0101597 0.0129405 0.010084 0.0125022 0.0208537 0.0120154 0.0101857 0.0174953 0.009941 0.0176731 0.0148232 0.0171225 0.0146998 0.00323901 0.00326357 0.00322459 0 0.00351032 0.0169137 0.0639467 0.117153 0.170648 0.188135 0.0172108 0.0158667 0.0268581 0.0134032 0.016049 0.0416296 0.0383219 0.0356994 0.01011 0.00936422 0.0136951 0.0207056 0.0276809 0.0189577 0.0224445 0.0106507 0.00986097 0.0109871 0.0130413 0.0116499 0.0106804 0.00852688 0.00837221 0.00826448 
0.0117886 0.00922866 0.00885182 0.00917329 0.00887488 0.00898536 0.0190933 0.00932263 0.00942183 0.00876503 0.0104336 0.0230537 0.00904823 0.0124634 0.0190193 0.0093306 0.0141907 0.0236692 0.0107625 0.0161504 0.0181339 0.00977008 0.0169202 0.0223492 0.0185252 0.0201191 0.0199297 0.00387468 0.00329865 0.00324182 0.00351032 0 0.0230319 0.0255121 0.0314999 0.0506838 0.151593 0.14452 0.0217638 0.0120618 0.0254647 0.0288194 0.0151283 0.0181738 0.016756 0.0159446 0.013782 0.0101904 0.011487 0.0125154 0.0125413 0.0109215 0.01138 0.0129068 0.00930198 0.00903355 0.00969354 0.00882843 0.00956455 0.00940939 0.00848837 
0.00865985 0.00836109 0.00831008 0.00834384 0.00848672 0.00911334 0.00864951 0.00835481 0.0084425 0.00888378 0.00984434 0.00868448 0.0083595 0.0109677 0.00895443 0.0084834 0.0111374 0.00980231 0.00902408 0.0120137 0.00973264 0.00880419 0.0143665 0.0139081 0.0141725 0.0127121 0.0127688 0.0930511 0.06245 0.0298005 0.0169137 0.0230319 0 0.00373918 0.00324869 0.00333085 0.00346062 0.0084338 0.0241811 0.0124166 0.028781 0.0299204 0.0160026 0.0103724 0.0111743 0.0179259 0.0101722 0.0101504 0.00919116 0.0096996 0.00952956 0.00994914 0.0114797 0.00980993 0.00862 0.00873102 0.00872871 0.00891106 0.011283 0.00910549 0.00936236 
0.00863413 0.00890995 0.00906155 0.00873319 0.00929901 0.00865223 0.00841887 0.00912636 0.00868385 0.0100994 0.00900588 0.00854159 0.00972138 0.00960252 0.00846903 0.00909187 0.00972873 0.00994847 0.0107877 0.00986122 0.0100972 0.00927685 0.0112715 0.0165464 0.0119618 0.0114168 0.0116997 0.0348673 0.175992 0.0926494 0.0639467 0.0255121 0.00373918 0 0.00327185 0.00331489 0.00341155 0.00361975 0.042528 0.0415447 0.0148726 0.125905 0.0418844 0.0328256 0.018934 0.0109398 0.0135181 0.0146437 0.0474343 0.0214868 0.0287021 0.0162627 0.010316 0.011033 0.0114418 0.0159372 0.0128904 0.0118139 0.00945352 0.00873402 0.00875261 
0.00889288 0.00925782 0.011695 0.0108925 0.0091191 0.00867912 0.00908657 0.0101403 0.0105745 0.0094829 0.00886101 0.00925545 0.00941524 0.0091737 0.00928904 0.00943821 0.00986997 0.0110602 0.0118351 0.0102492 0.00932361 0.0096305 0.00981997 0.0109554 0.00989581 0.00957787 0.00956508 0.0150797 0.131486 0.207483 0.117153 0.0314999 0.00324869 0.00327185 0 0.00328644 0.00329932 0.0032657 0.0399931 0.0313829 0.01869 0.0261657 0.276547 0.107811 0.0326832 0.0108304 0.0108779 0.03611 0.0605508 0.169816 0.0892573 0.027726 0.01138 0.0126177 0.0280043 0.0388227 0.0540905 0.0122251 0.00943684 0.00867941 0.00856408 
0.0091725 0.00978586 0.0136302 0.0119097 0.00985022 0.00892564 0.00944786 0.0108377 0.0114905 0.0102823 0.00925867 0.00945091 0.010322 0.00960338 0.0100542 0.00993182 0.0103368 0.0117093 0.0131909 0.0115314 0.0104596 0.0104279 0.0105677 0.012278 0.0108479 0.0100468 0.0108791 0.016221 0.0506176 0.269585 0.170648 0.0506838 0.00333085 0.00331489 0.00328644 0 0.00336222 0.00324449 0.0521854 0.0576531 0.0256704 0.0548161 0.0853296 0.360295 0.0376713 0.0130095 0.0126106 0.0280617 0.125768 0.129703 0.150883 0.0336655 0.0135957 0.0156186 0.0262863 0.0663257 0.0505337 0.0160819 0.00987223 0.0089201 0.00867986 
0.00912909 0.00943311 0.0093642 0.00911212 0.00882367 0.00857475 0.00920774 0.00926826 0.00916822 0.00900551 0.00880855 0.0113319 0.0094268 0.00906266 0.0106305 0.00972856 0.00902271 0.0118148 0.0115753 0.00950587 0.010222 0.0115252 0.00952703 0.0133183 0.0121471 0.0116845 0.0103282 0.0182019 0.0385631 0.0313525 0.188135 0.151593 0.00346062 0.00341155 0.00329932 0.00336222 0 0.00322897 0.0216137 0.13246 0.0617236 0.0223043 0.073238 0.0417645 0.145237 0.0123472 0.0122479 0.0237017 0.0313107 0.0383594 0.0324628 0.0580019 0.013935 0.012592 0.0199268 0.0184039 0.0199523 0.0142364 0.00965359 0.00904423 0.00858073 
0.00973188 0.00843851 0.0084203 0.00832029 0.00829486 0.00830708 0.00992042 0.00858001 0.00838399 0.00837533 0.00869734 0.0116947 0.00849646 0.00876954 0.0109259 0.0084246 0.00889708 0.0131376 0.00878066 0.00893958 0.0134659 0.00862791 0.00915994 0.0158894 0.0115426 0.0127918 0.0102725 0.0278922 0.0104913 0.0113731 0.0172108 0.14452 0.0084338 0.00361975 0.0032657 0.00324449 0.00322897 0 0.0342479 0.014999 0.102823 0.0257888 0.0134993 0.0157127 0.0143554 0.0240015 0.016578 0.0104005 0.0108429 0.0113147 0.0116942 0.0106071 0.013086 0.0153338 0.0089796 0.00941636 0.00975536 0.00923261 0.00975811 0.00949332 0.00883812 
0.00929986 0.00809903 0.00858369 0.0082429 0.00846426 0.00858317 0.00843714 0.00879808 0.00828383 0.00875177 0.00885453 0.00832155 0.00867007 0.00931922 0.00836212 0.00852775 0.0108629 0.00890717 0.00944084 0.0111644 0.00930915 0.00892321 0.0111771 0.0103383 0.0137837 0.00909444 0.0153576 0.0111306 0.0126024 0.0134486 0.0158667 0.0217638 0.0241811 0.042528 0.0399931 0.0521854 0.0216137 0.0342479 0 0.00322504 0.00327818 0.111383 0.0167705 0.0191306 0.0136213 0.0307797 0.0138575 0.0100819 0.0128172 0.0113901 0.0128602 0.0121407 0.0229074 0.0122138 0.0101972 0.0119039 0.0104486 0.0105181 0.013735 0.00902358 0.0125358 
0.00815862 0.00823625 0.00835748 0.00824285 0.00833915 0.00820386 0.00813226 0.00834654 0.00827075 0.00831861 0.00818652 0.00822911 0.0086068 0.00835141 0.00814109 0.00847125 0.00829423 0.00841126 0.00898012 0.00868015 0.00822556 0.0087128 0.00840282 0.00942934 0.00910655 0.00872285 0.00891841 0.00990241 0.019553 0.0123124 0.0268581 0.0120618 0.0124166 0.0415447 0.0313829 0.0576531 0.13246 0.014999 0.00322504 0 0.00326885 0.0177568 0.288802 0.0211856 0.0511544 0.0113396 0.0119951 0.0196016 0.012176 0.01222 0.0133387 0.032238 0.0111516 0.0111109 0.0116352 0.010884 0.0103699 0.0137762 0.00878214 0.0096733 0.00846824 
0.00899487 0.00836891 0.00836365 0.00831905 0.00828447 0.00822946 0.00933315 0.00856472 0.00831664 0.00833106 0.00870784 0.010034 0.0083389 0.00879451 0.00999058 0.00830175 0.00863883 0.0112224 0.00872406 0.00870395 0.0097947 0.00844906 0.00880464 0.0119899 0.0101066 0.0104958 0.00900924 0.0184743 0.0110694 0.0111168 0.0134032 0.0254647 0.028781 0.0148726 0.01869 0.0256704 0.0617236 0.102823 0.00327818 0.00326885 0 0.028303 0.0245861 0.175177 0.0377826 0.0351114 0.0182595 0.0141765 0.011945 0.0130621 0.0144586 0.0151735 0.0207571 0.0195937 0.0105923 0.010798 0.0121496 0.0104131 0.0115626 0.0111146 0.00911564 
0.00967594 0.00823514 0.00874359 0.00837636 0.008681 0.00885703 0.00895018 0.00868428 0.00840692 0.00900117 0.0090721 0.00857128 0.00879341 0.00942921 0.0084538 0.00835439 0.00989369 0.00953095 0.00889255 0.0103823 0.00958913 0.00841669 0.0113901 0.011542 0.0124011 0.00926976 0.0129518 0.017286 0.0170143 0.0164025 0.016049 0.0288194 0.0299204 0.125905 0.0261657 0.0548161 0.0223043 0.0257888 0.111383 0.0177568 0.028303 0 0.00341445 0.00328844 0.00326626 0.00342472 0.0687276 0.0160015 0.0317648 0.0165653 0.0191198 0.0176624 0.0229693 0.0413643 0.0203605 0.0203444 0.0130882 0.0135603 0.0203275 0.0116036 0.0176167 
0.00833899 0.00849519 0.00878512 0.00855065 0.00851449 0.00840196 0.00827655 0.00867594 0.00864924 0.00849004 0.00868117 0.00830119 0.00876791 0.0089931 0.00821621 0.00855806 0.00873708 0.00873946 0.00882452 0.00886846 0.00833787 0.00854348 0.00879612 0.00958415 0.00880909 0.00887734 0.00842765 0.0100172 0.0444888 0.0357698 0.0416296 0.0151283 0.0160026 0.0418844 0.276547 0.0853296 0.073238 0.0134993 0.0167705 0.288802 0.0245861 0.00341445 0 0.0032738 0.00322732 0.00322953 0.0243232 0.0725273 0.0261231 0.0766853 0.0351805 0.0369951 0.0109336 0.0238646 0.0586924 0.0350213 0.0538553 0.0217792 0.0108611 0.0105214 0.00956151 
0.00847221 0.00860561 0.00920111 0.00883592 0.00880811 0.00869173 0.00845329 0.0089318 0.00890724 0.00878107 0.00868055 0.00856437 0.00871722 0.00928103 0.00851882 0.00843657 0.00890604 0.00901731 0.00878706 0.0087983 0.00852189 0.00838994 0.00883788 0.00903987 0.0088927 0.00850534 0.00839945 0.00989942 0.0192942 0.0963739 0.0383219 0.0181738 0.0103724 0.0328256 0.107811 0.360295 0.0417645 0.0157127 0.0191306 0.0211856 0.175177 0.00328844 0.0032738 0 0.00321966 0.00320523 0.0137783 0.0316467 0.114291 0.0640004 0.113649 0.0198835 0.0150191 0.0168154 0.0305683 0.0956006 0.0626853 0.0255444 0.0112816 0.00919531 0.00896797 
0.00838613 0.00828388 0.00851685 0.00836958 0.0083055 0.0081359 0.00830546 0.00839835 0.00838307 0.008353 0.00808794 0.00857466 0.0084953 0.00821446 0.00823629 0.00834144 0.00828403 0.00872553 0.00872641 0.00863076 0.00828893 0.00865248 0.00827421 0.00940845 0.00867831 0.00832911 0.00862704 0.0102301 0.0182409 0.0194273 0.0356994 0.016756 0.0111743 0.018934 0.0326832 0.0376713 0.145237 0.0143554 0.0136213 0.0511544 0.0377826 0.00326626 0.00322732 0.00321966 0 0.00320448 0.0114383 0.038514 0.0348071 0.0466513 0.0200642 0.0640501 0.0103787 0.0161038 0.021722 0.0211939 0.0237773 0.0360958 0.0115317 0.00951887 0.00965949 
0.00832982 0.00815837 0.00810189 0.00815807 0.00803238 0.00801867 0.00831761 0.00813995 0.00819062 0.00801906 0.00811794 0.00914621 0.00808349 0.00816586 0.00860606 0.00811649 0.00812102 0.00917688 0.0082798 0.00842175 0.00880612 0.00823956 0.0085441 0.0096048 0.00876695 0.00951286 0.00838303 0.0158858 0.00920411 0.00966703 0.01011 0.0159446 0.0179259 0.0109398 0.0108304 0.0130095 0.0123472 0.0240015 0.0307797 0.0113396 0.0351114 0.00342472 0.00322953 0.00320523 0.00320448 0 0.0136563 0.0122406 0.00913927 0.0148518 0.00973617 0.0130176 0.0211752 0.0184808 0.011974 0.0103358 0.0122036 0.0115594 0.0124543 0.0119546 0.00879264 
0.00874815 0.00799583 0.00818323 0.00807928 0.00819723 0.00838611 0.00826227 0.00813216 0.00809928 0.00820191 0.00850424 0.00814347 0.0081669 0.00879299 0.00816659 0.00803844 0.008651 0.00834149 0.00820008 0.00893204 0.00850864 0.00799558 0.00936157 0.00875816 0.00914013 0.00853893 0.0094898 0.00857142 0.00880254 0.00932393 0.00936422 0.013782 0.0101722 0.0135181 0.0108779 0.0126106 0.0122479 0.016578 0.0138575 0.0119951 0.0182595 0.0687276 0.0243232 0.0137783 0.0114383 0.0136563 0 0.00325948 0.00321041 0.00320838 0.00322702 0.00334179 0.00341956 0.0570664 0.00963261 0.0145023 0.00979269 0.0128581 0.0180481 0.010655 0.0153866 
0.00835926 0.00820793 0.00834179 0.00822805 0.00821978 0.00819797 0.00807965 0.00835934 0.00830584 0.00824935 0.0082022 0.00811343 0.00823859 0.00832335 0.00801862 0.00823582 0.00819632 0.00815235 0.00834283 0.00831476 0.00807869 0.00819686 0.00825928 0.00858862 0.00831818 0.00828499 0.00809116 0.00886114 0.0127563 0.0124882 0.0136951 0.0101904 0.0101504 0.0146437 0.03611 0.0280617 0.0237017 0.0104005 0.0100819 0.0196016 0.0141765 0.0160015 0.0725273 0.0316467 0.038514 0.0122406 0.00325948 0 0.00320293 0.00324378 0.00321455 0.00411942 0.00322641 0.0281907 0.0780998 0.0120265 0.0254912 0.0135985 0.0119562 0.0102929 0.00907782 
0.00833416 0.00835392 0.00872262 0.00851306 0.00841502 0.00821475 0.0082447 0.00870599 0.00840301 0.00841251 0.00814725 0.00834487 0.00839764 0.00839252 0.0081329 0.00824717 0.0083819 0.00854468 0.00859416 0.00857237 0.00814825 0.0081385 0.00821944 0.00836638 0.00828618 0.00802126 0.00814277 0.00906236 0.0143868 0.0483582 0.0207056 0.011487 0.00919116 0.0474343 0.0605508 0.125768 0.0313107 0.0108429 0.0128172 0.012176 0.011945 0.0317648 0.0261231 0.114291 0.0348071 0.00913927 0.00321041 0.00320293 0 0.00320576 0.0032299 0.00321731 0.00339656 0.212464 0.031643 0.113289 0.0229397 0.0514048 0.0105004 0.00902048 0.00880923 
0.00833117 0.00841126 0.00891227 0.00864533 0.00851398 0.00836155 0.00823429 0.00867252 0.00863996 0.00852918 0.00831156 0.00832142 0.00842428 0.00837703 0.00814548 0.00829883 0.00837186 0.00844624 0.00858053 0.00853189 0.00817027 0.00820886 0.00841995 0.00845747 0.00837203 0.00813826 0.00815421 0.00924292 0.0282039 0.0456606 0.0276809 0.0125154 0.0096996 0.0214868 0.169816 0.129703 0.0383594 0.0113147 0.0113901 0.01222 0.0130621 0.0165653 0.0766853 0.0640004 0.0466513 0.0148518 0.00320838 0.00324378 0.00320576 0 0.00320279 0.00323029 0.00320599 0.0227838 0.288212 0.0396558 0.127324 0.0146171 0.0120419 0.00934706 0.00900642 
0.00837947 0.0085453 0.00905433 0.00866042 0.00847692 0.00824087 0.00824292 0.00867862 0.00868657 0.00852584 0.0083248 0.00857779 0.00836221 0.00846586 0.00824667 0.00830732 0.00834638 0.0087017 0.00864776 0.00864561 0.00835945 0.00828347 0.00839784 0.00867488 0.00848293 0.00821959 0.00823914 0.0102108 0.015748 0.0397891 0.0189577 0.0125413 0.00952956 0.0287021 0.0892573 0.150883 0.0324628 0.0116942 0.0128602 0.0133387 0.0144586 0.0191198 0.0351805 0.113649 0.0200642 0.00973617 0.00322702 0.00321455 0.0032299 0.00320279 0 0.00320903 0.00319441 0.0468471 0.0449452 0.381663 0.0523231 0.0465396 0.0105995 0.00963739 0.00903608 
0.00827649 0.0081981 0.00842038 0.00830029 0.00829018 0.00814334 0.00819293 0.00827104 0.00830349 0.00831458 0.00810376 0.00814707 0.00838972 0.00818863 0.00822265 0.00824522 0.0082509 0.00853718 0.00862428 0.00839384 0.00815722 0.0082303 0.00822062 0.00876266 0.00837063 0.00838854 0.00838405 0.00971617 0.0114888 0.0141425 0.0224445 0.0109215 0.00994914 0.0162627 0.027726 0.0336655 0.0580019 0.0106071 0.0121407 0.032238 0.0151735 0.0176624 0.0369951 0.0198835 0.0640501 0.0130176 0.00334179 0.00411942 0.00321731 0.00323029 0.00320903 0 0.00325849 0.0160642 0.0994956 0.0216778 0.302602 0.066641 0.0325797 0.0106532 0.0095937 
0.00836467 0.00815995 0.00828764 0.00823731 0.00819861 0.00813189 0.00847207 0.0082124 0.00811395 0.00819354 0.00813649 0.00868407 0.00815213 0.00820779 0.00833926 0.00805866 0.00819128 0.0085886 0.00816509 0.00833744 0.0084825 0.00805073 0.00824387 0.00889048 0.00839831 0.00845336 0.00825543 0.0115573 0.00877858 0.00924644 0.0106507 0.01138 0.0114797 0.010316 0.01138 0.0135957 0.013935 0.013086 0.0229074 0.0111516 0.0207571 0.0229693 0.0109336 0.0150191 0.0103787 0.0211752 0.00341956 0.00322641 0.00339656 0.00320599 0.00319441 0.00325849 0 0.0297346 0.0115793 0.0476727 0.0138291 0.246831 0.0577278 0.0125009 0.0100552 
0.00859515 0.00816011 0.00842088 0.00825898 0.00827745 0.00846036 0.00826285 0.00822313 0.0081945 0.00829179 0.00854314 0.00839307 0.00822076 0.00872929 0.00826056 0.00810713 0.00868641 0.00892839 0.00822565 0.00874602 0.00842828 0.00802415 0.00915847 0.00869997 0.00889893 0.00833269 0.00869798 0.00872943 0.00918549 0.0095788 0.00986097 0.0129068 0.00980993 0.011033 0.0126177 0.0156186 0.012592 0.0153338 0.0122138 0.0111109 0.0195937 0.0413643 0.0238646 0.0168154 0.0161038 0.0184808 0.0570664 0.0281907 0.212464 0.0227838 0.0468471 0.0160642 0.0297346 0 0.0033615 0.00328584 0.0033501 0.00336037 0.00459945 0.0258652 0.031293 
0.00843879 0.0083429 0.00865797 0.00842325 0.00841796 0.008172 0.00819334 0.00854112 0.00836871 0.00837966 0.00818827 0.00814147 0.00846078 0.00830857 0.00808195 0.00830471 0.00835612 0.00819154 0.00851923 0.00837618 0.00801049 0.00823541 0.00828433 0.00834823 0.00826988 0.00814904 0.0080924 0.00850562 0.00972957 0.0103036 0.0109871 0.00930198 0.00862 0.0114418 0.0280043 0.0262863 0.0199268 0.0089796 0.0101972 0.0116352 0.0105923 0.0203605 0.0586924 0.0305683 0.021722 0.011974 0.00963261 0.0780998 0.031643 0.288212 0.0449452 0.0994956 0.0115793 0.0033615 0 0.00324605 0.00327202 0.00331494 0.00327668 0.0332792 0.0111453 
0.00848097 0.0083573 0.0088797 0.00853503 0.00843428 0.00819145 0.00822808 0.00871663 0.00850294 0.00847239 0.0081113 0.00844806 0.00838145 0.00818346 0.00811584 0.00834703 0.00834604 0.00843296 0.00854912 0.00841714 0.00818117 0.00828807 0.00824197 0.00834822 0.00819091 0.00808649 0.0081333 0.008784 0.0100498 0.0157077 0.0130413 0.00903355 0.00873102 0.0159372 0.0388227 0.0663257 0.0184039 0.00941636 0.0119039 0.010884 0.010798 0.0203444 0.0350213 0.0956006 0.0211939 0.0103358 0.0145023 0.0120265 0.113289 0.0396558 0.381663 0.0216778 0.0476727 0.00328584 0.00324605 0 0.00322963 0.00323543 0.00325599 0.0149327 0.0149776 
0.00854675 0.00836899 0.00865906 0.00843941 0.0083445 0.00819526 0.00822327 0.00857722 0.00843685 0.00842041 0.00817001 0.00816354 0.00831146 0.00817805 0.00817615 0.00831965 0.00832059 0.00830075 0.00840467 0.00841992 0.0082173 0.00826073 0.0082137 0.00822891 0.00815223 0.0080651 0.00807539 0.00849603 0.0110826 0.0141173 0.0116499 0.00969354 0.00872871 0.0128904 0.0540905 0.0505337 0.0199523 0.00975536 0.0104486 0.0103699 0.0121496 0.0130882 0.0538553 0.0626853 0.0237773 0.0122036 0.00979269 0.0254912 0.0229397 0.127324 0.0523231 0.302602 0.0138291 0.0033501 0.00327202 0.00322963 0 0.00321567 0.00323125 0.0177797 0.0121068 
0.00849536 0.00833448 0.00836872 0.00821616 0.00829756 0.00817102 0.00829044 0.00836052 0.00824168 0.00828804 0.00811361 0.00831123 0.00839736 0.00817823 0.00819171 0.00830875 0.00812611 0.0083274 0.00856139 0.00818319 0.0080634 0.00826274 0.00809586 0.00815975 0.00831028 0.00804369 0.00819793 0.00846769 0.00897214 0.00931084 0.0106804 0.00882843 0.00891106 0.0118139 0.0122251 0.0160819 0.0142364 0.00923261 0.0105181 0.0137762 0.0104131 0.0135603 0.0217792 0.0255444 0.0360958 0.0115594 0.0128581 0.0135985 0.0514048 0.0146171 0.0465396 0.066641 0.246831 0.00336037 0.00331494 0.00323543 0.00321567 0 0.0034491 0.02705 0.0182284 
0.009444 0.00830651 0.00824687 0.00822982 0.00826811 0.00826715 0.00899942 0.00830244 0.00819298 0.00819103 0.00836384 0.00903474 0.00828946 0.00833149 0.00889563 0.00820822 0.00823874 0.00915196 0.00823722 0.00817679 0.0084742 0.00814681 0.00828467 0.00869201 0.00869723 0.00857266 0.00828126 0.00943882 0.00844513 0.00852696 0.00852688 0.00956455 0.011283 0.00945352 0.00943684 0.00987223 0.00965359 0.00975811 0.013735 0.00878214 0.0115626 0.0203275 0.0108611 0.0112816 0.0115317 0.0124543 0.0180481 0.0119562 0.0105004 0.0120419 0.0105995 0.0325797 0.0577278 0.00459945 0.00327668 0.00325599 0.00323125 0.0034491 0 0.0206167 0.0373268 
0.00882733 0.00839833 0.00826599 0.0082522 0.00830069 0.00846197 0.00856156 0.00829258 0.00826828 0.00826787 0.00880496 0.00857015 0.00822562 0.00874128 0.00850489 0.00813213 0.0084439 0.00856993 0.00807239 0.00827977 0.00880418 0.00814819 0.0086525 0.00876709 0.00868997 0.00909631 0.00851387 0.00834116 0.00834365 0.0082431 0.00837221 0.00940939 0.00910549 0.00873402 0.00867941 0.0089201 0.00904423 0.00949332 0.00902358 0.0096733 0.0111146 0.0116036 0.0105214 0.00919531 0.00951887 0.0119546 0.010655 0.0102929 0.00902048 0.00934706 0.00963739 0.0106532 0.0125009 0.0258652 0.0332792 0.0149327 0.0177797 0.02705 0.0206167 0 0.0103791 
