1RY9A
MSNINLVQLVRDSLFTIGCPPSIITDLDSHSAITISLDSMPAINIALVNEQVMLWANFDAPSDVKLQSSAYNILNLMLMNFSYSINELVELHRSDEYLQLRVVIKDDYVHDGIVFAEILHEFYQRMEILNGVL
CCCHHHHHHHHHHHHHHCCCHHHEEECCCCCCEEEEECCEEEEEEEEECCEEEEEEEEECCCHHHHHHHHHHHHHHHCCCCCCECCCCCEEEECCCEEEEEEEECHHHCCCHHHHHHHHHHHHHHHHHHHHHC
0 0 0 0 0 0 0 0 0 0 0 0 0 0 0 0 0 0 0 0 0 0 0 0 0 0 0 0 0 0 0 0 0 0 0 0 0 0 0 0 0 0 0 0 0 0 0 0 0 0 0 0 0 0 0 0 0 0 0 0 0 0 0 0 0 0 0 0 0 0 0 0 0 0 0 0 0 0 0 0 0 0 0 0 0 0 0 0 0 0 0 0 0 0 0 0 0 0 0 0 0 0 0 0 0 0 0 0 0 0 0 0 0 0 0 0 0 0 0 0 0 0 0 0 0 0 0 0 0 0 0 0 0 
0 0 0 0 0 0 0 0 0 0 0 0 0 0 0 0 0 0 0 0 0 0 0 0 0 0 0 0 0 0 0 0 0 0 0 0 0 0 0 0 0 0 0 0 0 0 0 0 0 0 0 0 0 0 0 0 0 0 0 0 0 0 0 0 0 0 0 0 0 0 0 0 0 0 0 0 0 0 0 0 0 0 0 0 0 0 0 0 0 0 0 0 0 0 0 0 0 0 0 0 0 0 0 0 0 0 0 0 0 0 0 0 0 0 0 0 0 0 0 0 0 0 0 0 0 0 0 0 0 0 0 0 0 
0 0.0033081 0.00371612 0.0053527 0.0047559 0.24105 0.00637393 0.0898661 0.00603827 0.0078795 0.00710611 0.0117106 0.00814475 0.0124106 0.014054 0.0109439 0.0777187 0.00879414 0.0117553 0.00890611 0.0105024 0.00957436 0.0111653 0.00902079 0.0134019 0.0125766 0.0122946 0.00899553 0.0100043 0.0095041 0.0120114 0.00861106 0.0106559 0.00895261 0.0118909 0.00900114 0.0131964 0.00929887 0.0293235 
0.0033081 0 0.00986337 0.00557366 0.34107 0.00692408 0.0118597 0.00567543 0.00636721 0.00732649 0.00732527 0.00813398 0.00909019 0.00924379 0.0106382 0.0323392 0.00881402 0.0112605 0.0111195 0.0103301 0.00978641 0.00954368 0.00964482 0.00904741 0.0104928 0.00908594 0.00942517 0.00922928 0.00929729 0.00931885 0.0084009 0.00903772 0.0092412 0.00923047 0.00872726 0.0090127 0.00897604 0.0127181 0.00912017 
0.00371612 0.00986337 0 0.281767 0.00764162 0.00882698 0.00590225 0.00675468 0.0074136 0.00721321 0.00706741 0.00903867 0.0103508 0.0109666 0.0112871 0.0112636 0.0121759 0.0102603 0.00954241 0.00981683 0.010006 0.010324 0.00931707 0.00968969 0.0101439 0.00974083 0.0107831 0.0129435 0.00878647 0.00866317 0.00854104 0.0107535 0.00871397 0.00892295 0.00866725 0.00875303 0.00908557 0.00973271 0.00949806 
0.0053527 0.00557366 0.281767 0 0.00335153 0.00365665 0.00343563 0.00713365 0.00424806 0.00489619 0.00456856 0.0275866 0.0344988 0.340759 0.0138234 0.0106184 0.079364 0.00793832 0.0170913 0.00913078 0.0140336 0.0107684 0.0153644 0.00936658 0.0212838 0.0131172 0.0160341 0.0135378 0.0132452 0.0100353 0.0206583 0.00976308 0.0144098 0.0093518 0.0193058 0.0104709 0.0287304 0.0116652 0.0559775 
0.0047559 0.34107 0.00764162 0.00335153 0 0.00332339 0.00411294 0.00330301 0.00352315 0.00400613 0.0172872 0.0298853 0.431608 0.00791206 0.00877773 0.0253198 0.00782319 0.0127828 0.00839582 0.0196057 0.0100049 0.014454 0.00969942 0.0256582 0.00891079 0.0102294 0.00979261 0.0218817 0.00958087 0.0124474 0.00879156 0.0124435 0.00883052 0.0405228 0.00965409 0.0380705 0.0112763 0.0440448 0.00975889 
0.24105 0.00692408 0.00882698 0.00365665 0.00332339 0 0.00331708 0.00385488 0.0042237 0.0437234 0.0302251 0.450941 0.00625786 0.0124533 0.0146311 0.00748193 0.0111613 0.00671861 0.018592 0.00884216 0.020715 0.0105515 0.0242982 0.00897352 0.0216762 0.00862287 0.0102757 0.00972459 0.0246565 0.00935667 0.00899565 0.00871372 0.0266976 0.00931239 0.061075 0.01008 0.0993155 0.00963414 0.015344 
0.00637393 0.0118597 0.00590225 0.00343563 0.00411294 0.00331708 0 0.00321875 0.00396087 0.0490423 0.153976 0.0037812 0.00782459 0.00540948 0.00670558 0.0124433 0.00607356 0.0104495 0.00788081 0.0147108 0.0084771 0.013868 0.00887986 0.0155308 0.00884287 0.0116285 0.0102536 0.0202898 0.00988037 0.0108793 0.00858066 0.0166568 0.00896689 0.0337421 0.00903811 0.0298716 0.00978571 0.0266424 0.00893612 
0.0898661 0.00567543 0.00675468 0.00713365 0.00330301 0.00385488 0.00321875 0 0.475334 0.0471886 0.00323983 0.00461409 0.00360724 0.00629702 0.00620844 0.00585818 0.0100788 0.00721499 0.0121468 0.00712047 0.0102409 0.00806255 0.0109651 0.00767058 0.0156028 0.00918065 0.0219765 0.0111933 0.0117563 0.00900041 0.00938774 0.0112251 0.0144832 0.00858536 0.0185304 0.00859038 0.0135614 0.00882714 0.0180934 
0.00603827 0.00636721 0.0074136 0.00424806 0.00352315 0.0042237 0.00396087 0.475334 0 0.00320595 0.00319868 0.00319819 0.00322247 0.00327334 0.00354117 0.00360071 0.00505563 0.00524408 0.00555241 0.00591507 0.00589691 0.006214 0.00677813 0.00715393 0.0184933 0.364787 0.0099836 0.0131623 0.00881885 0.00903467 0.0100036 0.00972494 0.008726 0.00948297 0.00867106 0.00957044 0.0092264 0.0102953 0.0163115 
0.0078795 0.00732649 0.00721321 0.00489619 0.00400613 0.0437234 0.0490423 0.0471886 0.00320595 0 0.00320487 0.00322549 0.00318995 0.00323167 0.00320142 0.00364024 0.00357436 0.00452005 0.00625633 0.00595077 0.00701969 0.00722111 0.0082036 0.0104282 0.462007 0.0131228 0.00908779 0.0102686 0.0114454 0.00893078 0.008981 0.00861641 0.0111215 0.00892821 0.0154201 0.00955575 0.023475 0.0112133 0.0115254 
0.00710611 0.00732527 0.00706741 0.00456856 0.0172872 0.0302251 0.153976 0.00323983 0.00319868 0.00320487 0 0.0031988 0.00320483 0.00321623 0.00326299 0.00326471 0.00325812 0.00412184 0.00492957 0.0100213 0.00723233 0.00999676 0.00946051 0.58896 0.00934607 0.0185805 0.00867324 0.0160846 0.0105678 0.0116209 0.00858599 0.00956472 0.00903214 0.046236 0.0102832 0.0584156 0.0136592 0.0315881 0.00971409 
0.0117106 0.00813398 0.00903867 0.0275866 0.0298853 0.450941 0.0037812 0.00461409 0.00319819 0.00322549 0.0031988 0 0.00319247 0.00325577 0.00323549 0.0032531 0.00340508 0.00365339 0.00797845 0.0057827 0.0116007 0.010042 0.709877 0.0217934 0.0129214 0.00699727 0.00946335 0.0132714 0.0302148 0.00996753 0.00928998 0.00906578 0.0281298 0.0109193 0.0979656 0.0137656 0.135188 0.014943 0.0141881 
0.00814475 0.00909019 0.0103508 0.0344988 0.431608 0.00625786 0.00782459 0.00360724 0.00322247 0.00318995 0.00320483 0.00319247 0 0.00320085 0.00320697 0.00326128 0.00323745 0.00458987 0.00405738 0.00899495 0.00798413 0.837058 0.0318807 0.0138311 0.00701606 0.00970606 0.0095698 0.0283588 0.0125333 0.0140639 0.00923998 0.0115721 0.00978595 0.0920542 0.0137649 0.117937 0.0212172 0.0540149 0.0107098 
0.0124106 0.00924379 0.0109666 0.340759 0.00791206 0.0124533 0.00540948 0.00629702 0.00327334 0.00323167 0.00321623 0.00325577 0.00320085 0 0.00321841 0.00329295 0.0032992 0.00343311 0.00789313 0.00629823 0.908509 0.0143287 0.0185891 0.00677277 0.00961256 0.0068713 0.00992181 0.0146878 0.0306082 0.0102261 0.00952277 0.00934632 0.0254562 0.0135382 0.0833942 0.0184938 0.10649 0.0141528 0.0132021 
0.014054 0.0106382 0.0112871 0.0138234 0.00877773 0.0146311 0.00670558 0.00620844 0.00354117 0.00320142 0.00326299 0.00323549 0.00320697 0.00321841 0 0.00322714 0.00322365 0.00359489 0.00477601 0.903055 0.0218809 0.00852903 0.0104648 0.00834519 0.00791125 0.00714709 0.00887035 0.0161513 0.0161176 0.0115951 0.00907859 0.00998263 0.0132585 0.035575 0.0253475 0.0418966 0.0479029 0.0223353 0.0114453 
0.0109439 0.0323392 0.0112636 0.0106184 0.0253198 0.00748193 0.0124433 0.00585818 0.00360071 0.00364024 0.00326471 0.0032531 0.00326128 0.00329295 0.00322714 0 0.00327604 0.00430522 0.943743 0.0152309 0.00670707 0.00831158 0.00805129 0.00864017 0.0072386 0.00759586 0.0111749 0.0159648 0.0156081 0.0111475 0.00885874 0.0129824 0.0113405 0.0212794 0.0129749 0.0192112 0.015287 0.0343433 0.00976122 
0.0777187 0.00881402 0.0121759 0.079364 0.00782319 0.0111613 0.00607356 0.0100788 0.00505563 0.00357436 0.00325812 0.00340508 0.00323745 0.0032992 0.00322365 0.00327604 0 0.94383 0.00478374 0.00345919 0.00372809 0.00352993 0.00538495 0.00458512 0.00720026 0.0061746 0.0173529 0.0155272 0.01065 0.00909977 0.00961397 0.0139127 0.013105 0.00945162 0.0115872 0.00893351 0.0123419 0.00932457 0.0161333 
0.00879414 0.0112605 0.0102603 0.00793832 0.0127828 0.00671861 0.0104495 0.00721499 0.00524408 0.00452005 0.00412184 0.00365339 0.00458987 0.00343311 0.00359489 0.00430522 0.94383 0 0.00323124 0.00318413 0.00314024 0.00321877 0.00323354 0.00323149 0.00332257 0.00536167 0.0126623 0.0197572 0.00875098 0.00975767 0.0111989 0.0124162 0.00867973 0.0110895 0.00869462 0.0123477 0.00951131 0.0124257 0.0133437 
0.0117553 0.0111195 0.00954241 0.0170913 0.00839582 0.018592 0.00788081 0.0121468 0.00555241 0.00625633 0.00492957 0.00797845 0.00405738 0.00789313 0.00477601 0.943743 0.00478374 0.00323124 0 0.0032315 0.00319388 0.00320318 0.00321672 0.00324272 0.00375868 0.00335298 0.0110729 0.0129187 0.0341416 0.0102325 0.00985489 0.00922266 0.0253919 0.00974472 0.0357226 0.0106688 0.0464767 0.0141306 0.0584717 
0.00890611 0.0103301 0.00981683 0.00913078 0.0196057 0.00884216 0.0147108 0.00712047 0.00591507 0.00595077 0.0100213 0.0057827 0.00899495 0.00629823 0.903055 0.0152309 0.00345919 0.00318413 0.0032315 0 0.00321742 0.00319654 0.00319684 0.00326218 0.00318338 0.00325028 0.00959927 0.0305404 0.0139382 0.0133117 0.00915164 0.010399 0.00979579 0.0788657 0.0127975 0.132165 0.0246002 0.196372 0.0100755 
0.0105024 0.00978641 0.010006 0.0140336 0.0100049 0.020715 0.0084771 0.0102409 0.00589691 0.00701969 0.00723233 0.0116007 0.00798413 0.908509 0.0218809 0.00670707 0.00372809 0.00314024 0.00319388 0.00321742 0 0.00319728 0.00325465 0.00326642 0.00318335 0.00326501 0.0103088 0.0147084 0.0384809 0.0124984 0.0102645 0.00911487 0.022901 0.0155271 0.118063 0.0240374 0.443628 0.0287418 0.0161068 
0.00957436 0.00954368 0.010324 0.0107684 0.014454 0.0105515 0.013868 0.00806255 0.006214 0.00722111 0.00999676 0.010042 0.837058 0.0143287 0.00852903 0.00831158 0.00352993 0.00321877 0.00320318 0.00319654 0.00319728 0 0.00319214 0.00322685 0.00320214 0.00321357 0.010074 0.0257183 0.0165181 0.0146253 0.00916437 0.0104555 0.0101829 0.0719409 0.0146271 0.370514 0.0267888 0.0481259 0.0108407 
0.0111653 0.00964482 0.00931707 0.0153644 0.00969942 0.0242982 0.00887986 0.0109651 0.00677813 0.0082036 0.00946051 0.709877 0.0318807 0.0185891 0.0104648 0.00805129 0.00538495 0.00323354 0.00321672 0.00319684 0.00325465 0.00319214 0 0.00319948 0.00315881 0.00319735 0.0112012 0.014707 0.029356 0.0112034 0.00973684 0.00911923 0.0232612 0.012275 0.286252 0.0151519 0.11907 0.0145483 0.0130025 
0.00902079 0.00904741 0.00968969 0.00936658 0.0256582 0.00897352 0.0155308 0.00767058 0.00715393 0.0104282 0.58896 0.0217934 0.0138311 0.00677277 0.00834519 0.00864017 0.00458512 0.00323149 0.00324272 0.00326218 0.00326642 0.00322685 0.00319948 0 0.00320072 0.00320319 0.00946666 0.0207533 0.0125393 0.0189658 0.00889016 0.0109418 0.00903678 0.230025 0.0107603 0.0709412 0.0142116 0.0382277 0.00957767 
0.0134019 0.0104928 0.0101439 0.0212838 0.00891079 0.0216762 0.00884287 0.0156028 0.0184933 0.462007 0.00934607 0.0129214 0.00701606 0.00961256 0.00791125 0.0072386 0.00720026 0.00332257 0.00375868 0.00318338 0.00318335 0.00320214 0.00315881 0.00320072 0 0.00335613 0.012003 0.0108407 0.0423023 0.0144426 0.0103245 0.00934145 0.131552 0.00913549 0.0300421 0.0096511 0.0295848 0.0106697 0.0152627 
0.0125766 0.00908594 0.00974083 0.0131172 0.0102294 0.00862287 0.0116285 0.00918065 0.364787 0.0131228 0.0185805 0.00699727 0.00970606 0.0068713 0.00714709 0.00759586 0.0061746 0.00536167 0.00335298 0.00325028 0.00326501 0.00321357 0.00319735 0.00320319 0.00335613 0 0.0345754 0.0202357 0.0107214 0.0302034 0.0161967 0.0711002 0.00926368 0.0148251 0.00914 0.0108866 0.00940872 0.0163043 0.0119397 
0.0122946 0.00942517 0.0107831 0.0160341 0.00979261 0.0102757 0.0102536 0.0219765 0.0099836 0.00908779 0.00867324 0.00946335 0.0095698 0.00992181 0.00887035 0.0111749 0.0173529 0.0126623 0.0110729 0.00959927 0.0103088 0.010074 0.0112012 0.00946666 0.012003 0.0345754 0 0.0107439 0.00605054 0.00535681 0.0082181 0.00847428 0.00814309 0.00803969 0.00893162 0.009158 0.0199683 0.0145068 0.0612095 
0.00899553 0.00922928 0.0129435 0.0135378 0.0218817 0.00972459 0.0202898 0.0111933 0.0131623 0.0102686 0.0160846 0.0132714 0.0283588 0.0146878 0.0161513 0.0159648 0.0155272 0.0197572 0.0129187 0.0305404 0.0147084 0.0257183 0.014707 0.0207533 0.0108407 0.0202357 0.0107439 0 0.00327213 0.00327886 0.00353188 0.00569511 0.00519385 0.0177013 0.0167294 0.792859 0.0188963 0.0164876 0.0197993 
0.0100043 0.00929729 0.00878647 0.0132452 0.00958087 0.0246565 0.00988037 0.0117563 0.00881885 0.0114454 0.0105678 0.0302148 0.0125333 0.0306082 0.0161176 0.0156081 0.01065 0.00875098 0.0341416 0.0139382 0.0384809 0.0165181 0.029356 0.0125393 0.0423023 0.0107214 0.00605054 0.00327213 0 0.00346 0.00322083 0.00356505 0.0307659 0.021918 0.773306 0.00941892 0.0136676 0.0141561 0.0157815 
0.0095041 0.00931885 0.00866317 0.0100353 0.0124474 0.00935667 0.0108793 0.00900041 0.00903467 0.00893078 0.0116209 0.00996753 0.0140639 0.0102261 0.0115951 0.0111475 0.00909977 0.00975767 0.0102325 0.0133117 0.0124984 0.0146253 0.0112034 0.0189658 0.0144426 0.0302034 0.00535681 0.00327886 0.00346 0 0.00328089 0.0138374 0.065907 0.658067 0.00750808 0.0139117 0.00808025 0.010811 0.00737924 
0.0120114 0.0084009 0.00854104 0.0206583 0.00879156 0.00899565 0.00858066 0.00938774 0.0100036 0.008981 0.00858599 0.00928998 0.00923998 0.00952277 0.00907859 0.00885874 0.00961397 0.0111989 0.00985489 0.00915164 0.0102645 0.00916437 0.00973684 0.00889016 0.0103245 0.0161967 0.0082181 0.00353188 0.00322083 0.00328089 0 0.110596 0.519329 0.00366534 0.00858524 0.00451826 0.00581641 0.00706415 0.00775895 
0.00861106 0.00903772 0.0107535 0.00976308 0.0124435 0.00871372 0.0166568 0.0112251 0.00972494 0.00861641 0.00956472 0.00906578 0.0115721 0.00934632 0.00998263 0.0129824 0.0139127 0.0124162 0.00922266 0.010399 0.00911487 0.0104555 0.00911923 0.0109418 0.00934145 0.0711002 0.00847428 0.00569511 0.00356505 0.0138374 0.110596 0 0.00420032 0.00321434 0.00330493 0.00345042 0.00339425 0.00378841 0.00534715 
0.0106559 0.0092412 0.00871397 0.0144098 0.00883052 0.0266976 0.00896689 0.0144832 0.008726 0.0111215 0.00903214 0.0281298 0.00978595 0.0254562 0.0132585 0.0113405 0.013105 0.00867973 0.0253919 0.00979579 0.022901 0.0101829 0.0232612 0.00903678 0.131552 0.00926368 0.00814309 0.00519385 0.0307659 0.065907 0.519329 0.00420032 0 0.00321187 0.00321241 0.00321946 0.00346127 0.00377324 0.0043781 
0.00895261 0.00923047 0.00892295 0.0093518 0.0405228 0.00931239 0.0337421 0.00858536 0.00948297 0.00892821 0.046236 0.0109193 0.0920542 0.0135382 0.035575 0.0212794 0.00945162 0.0110895 0.00974472 0.0788657 0.0155271 0.0719409 0.012275 0.230025 0.00913549 0.0148251 0.00803969 0.0177013 0.021918 0.658067 0.00366534 0.00321434 0.00321187 0 0.0031902 0.00319454 0.00398581 0.00323194 0.00343782 
0.0118909 0.00872726 0.00866725 0.0193058 0.00965409 0.061075 0.00903811 0.0185304 0.00867106 0.0154201 0.0102832 0.0979656 0.0137649 0.0833942 0.0253475 0.0129749 0.0115872 0.00869462 0.0357226 0.0127975 0.118063 0.0146271 0.286252 0.0107603 0.0300421 0.00914 0.00893162 0.0167294 0.773306 0.00750808 0.00858524 0.00330493 0.00321241 0.0031902 0 0.00320538 0.00335499 0.00325192 0.00333747 
0.00900114 0.0090127 0.00875303 0.0104709 0.0380705 0.01008 0.0298716 0.00859038 0.00957044 0.00955575 0.0584156 0.0137656 0.117937 0.0184938 0.0418966 0.0192112 0.00893351 0.0123477 0.0106688 0.132165 0.0240374 0.370514 0.0151519 0.0709412 0.0096511 0.0108866 0.009158 0.792859 0.00941892 0.0139117 0.00451826 0.00345042 0.00321946 0.00319454 0.00320538 0 0.00319812 0.00318433 0.00326202 
0.0131964 0.00897604 0.00908557 0.0287304 0.0112763 0.0993155 0.00978571 0.0135614 0.0092264 0.023475 0.0136592 0.135188 0.0212172 0.10649 0.0479029 0.015287 0.0123419 0.00951131 0.0464767 0.0246002 0.443628 0.0267888 0.11907 0.0142116 0.0295848 0.00940872 0.0199683 0.0188963 0.0136676 0.00808025 0.00581641 0.00339425 0.00346127 0.00398581 0.00335499 0.00319812 0 0.00324577 0.00324054 
0.00929887 0.0127181 0.00973271 0.0116652 0.0440448 0.00963414 0.0266424 0.00882714 0.0102953 0.0112133 0.0315881 0.014943 0.0540149 0.0141528 0.0223353 0.0343433 0.00932457 0.0124257 0.0141306 0.196372 0.0287418 0.0481259 0.0145483 0.0382277 0.0106697 0.0163043 0.0145068 0.0164876 0.0141561 0.010811 0.00706415 0.00378841 0.00377324 0.00323194 0.00325192 0.00318433 0.00324577 0 0.00324965 
0.0293235 0.00912017 0.00949806 0.0559775 0.00975889 0.015344 0.00893612 0.0180934 0.0163115 0.0115254 0.00971409 0.0141881 0.0107098 0.0132021 0.0114453 0.00976122 0.0161333 0.0133437 0.0584717 0.0100755 0.0161068 0.0108407 0.0130025 0.00957767 0.0152627 0.0119397 0.0612095 0.0197993 0.0157815 0.00737924 0.00775895 0.00534715 0.0043781 0.00343782 0.00333747 0.00326202 0.00324054 0.00324965 0 
