1S5UE
GHMNTTLFRWPVRVYYEDTDAGGVVYHASYVAFYERARTEMLRHHHFSQQALMAERVAFVVRKMTVEYYAPARLDDMLEIQTEITSMRGTSLVFTQRIVNAENTLLNEAEVLVVCVDPLKMKPRALPKSIVAEFKQ
CCCCCCCEEEEEECCHHHECCCCCECHHHHHHHHHHHHHHHHHHCCCCHHHHHHCCCEEEEEEEEEEECCCCCCCCEEEEEEEEEEECCCEEEEEEEEECCCCCEEEEEEEEEEEEECCCCEECCCCHHHHHHCCC
0 0 0 0 0 0 0 0 0 0 0 0 0 0 0 0 0 0 0 0 0 0 0 0 0 0 0 0 0 0 0 0 0 0 0 0 0 0 0 0 0 0 0 0 0 0 0 0 0 0 0 0 0 0 0 0 0 0 0 0 0 0 0 0 0 0 0 0 0 0 0 0 0 0 0 0 0 0 0 0 0 0 0 0 0 0 0 0 0 0 0 0 0 0 0 0 0 0 0 0 0 0 0 0 0 0 0 0 0 0 0 0 0 0 0 0 0 0 0 0 0 0 0 0 0 0 0 0 0 0 0 0 0 0 0 0 
0 0 0 0 0 0 0 0 0 0 0 0 0 0 0 0 0 0 0 0 0 0 0 0 0 0 0 0 0 0 0 0 0 0 0 0 0 0 0 0 0 0 0 0 0 0 0 0 0 0 0 0 0 0 0 0 0 0 0 0 0 0 0 0 0 0 0 0 0 0 0 0 0 0 0 0 0 0 0 0 0 0 0 0 0 0 0 0 0 0 0 0 0 0 0 0 0 0 0 0 0 0 0 0 0 0 0 0 0 0 0 0 0 0 0 0 0 0 0 0 0 0 0 0 0 0 0 0 0 0 0 0 0 0 0 0 
0 0.00332678 0.00332646 0.0032918 0.00330595 0.00505601 0.00671948 0.0140883 0.0137812 0.0100634 0.00926984 0.0101215 0.00880646 0.0114513 0.0106248 0.00881506 0.0110675 0.0090163 0.0358154 0.0090738 0.00985224 0.00879243 0.0109151 0.00861052 0.0206155 0.00862835 0.00962918 0.00832767 0.00860769 0.0122045 0.00888995 0.00915119 0.00887421 0.00909514 0.00871771 0.0113129 0.00872111 0.00960461 0.0123863 0.00861091 0.00824839 0.00834646 0.00810624 0.00866018 0.00837821 0.00904414 0.00837734 0.00885308 0.00838199 0.00871894 0.00911473 0.00915612 0.00811941 0.00865092 
0.00332678 0 0.00321136 0.00322607 0.00327345 0.00337324 0.00425562 0.00755627 0.0105164 0.00990512 0.0103119 0.00888118 0.0245293 0.0100595 0.00897821 0.0164434 0.00875903 0.0224584 0.00854486 0.00946017 0.00900852 0.0143311 0.00901803 0.0441916 0.00871238 0.0112787 0.00848018 0.00889954 0.00862579 0.00824001 0.00868338 0.00898221 0.0108721 0.00996177 0.0234311 0.00890253 0.0111561 0.00892441 0.00905947 0.00841412 0.00834588 0.00825979 0.00858708 0.00820738 0.0094987 0.00833747 0.00902156 0.00846337 0.00930546 0.00901841 0.0087797 0.00818165 0.00809425 0.00805147 
0.00332646 0.00321136 0 0.00332745 0.00319678 0.00320687 0.00351148 0.00594747 0.00886993 0.0110343 0.00908402 0.0310011 0.0092461 0.00897551 0.0181092 0.00882595 0.0355798 0.00856698 0.00909275 0.0083933 0.0114719 0.0088848 0.0510379 0.0086731 0.0149134 0.00839429 0.013794 0.00847851 0.00815532 0.00812271 0.00819639 0.0101169 0.00981216 0.0190956 0.00937044 0.0122132 0.0091137 0.0094005 0.00839487 0.00819991 0.00823282 0.0088189 0.00812921 0.00992206 0.00833534 0.0109214 0.00840248 0.0111434 0.00863836 0.0100529 0.00832464 0.00812141 0.00791329 0.0079318 
0.0032918 0.00322607 0.00332745 0 0.0031832 0.00319559 0.00323021 0.00600522 0.0114272 0.00960469 0.0293473 0.00911886 0.0115186 0.0139666 0.00925903 0.0569222 0.00893222 0.0133803 0.00845698 0.00976924 0.00881183 0.0609874 0.00964615 0.0173826 0.00881753 0.0167178 0.00862189 0.00920687 0.00836366 0.00799144 0.00871966 0.00892069 0.0232198 0.0100051 0.0134084 0.00989853 0.0146989 0.00889935 0.00834472 0.00830266 0.00840153 0.00842912 0.00971073 0.00826414 0.0119906 0.00830935 0.0122067 0.00865135 0.0118917 0.00945487 0.00870104 0.00816198 0.00802151 0.00793271 
0.00330595 0.00327345 0.00319678 0.0031832 0 0.00321303 0.00348196 0.00741196 0.0103553 0.0261342 0.00950431 0.0135612 0.0100348 0.00927936 0.0369762 0.00901186 0.018815 0.00879734 0.0113245 0.00898329 0.0370221 0.00909405 0.0242491 0.00887558 0.0146999 0.00857874 0.0114996 0.00851815 0.00856906 0.00843995 0.00909394 0.0193868 0.00944339 0.015065 0.00975131 0.0140693 0.00981538 0.011502 0.00878386 0.00884951 0.00878051 0.00960542 0.00824043 0.0108878 0.00824604 0.0114799 0.00855335 0.0121727 0.00874342 0.0112817 0.00907282 0.00842649 0.00795398 0.00800659 
0.00505601 0.00337324 0.00320687 0.00319559 0.00321303 0 0.00519417 0.0178682 0.0337915 0.00957493 0.0110785 0.00947151 0.00976489 0.0145938 0.00926218 0.0166141 0.00907412 0.0145454 0.00948507 0.0175702 0.00938949 0.0158848 0.00938429 0.011828 0.00899791 0.0103202 0.00870227 0.00866835 0.00863106 0.00844515 0.0172962 0.00915748 0.0136576 0.00924138 0.0101947 0.00902123 0.0103274 0.00946639 0.00973053 0.0104485 0.008678 0.00848427 0.00895524 0.00829939 0.00974647 0.00841009 0.00972342 0.0087823 0.0092463 0.00904716 0.00893995 0.00867071 0.00844809 0.00802803 
0.00671948 0.00425562 0.00351148 0.00323021 0.00348196 0.00519417 0 0.948993 0.0107746 0.0105857 0.00887521 0.00929652 0.00905006 0.00884359 0.00994909 0.0089463 0.00989771 0.00962975 0.0164765 0.00958928 0.0105866 0.00891932 0.00953621 0.00866641 0.00910204 0.00837393 0.0089997 0.00828791 0.00840421 0.0100206 0.0100661 0.00919214 0.00872118 0.0088236 0.00852657 0.00865642 0.00857775 0.00889898 0.0111916 0.0092521 0.00830206 0.0082672 0.00808526 0.00851758 0.00808071 0.00845143 0.00817556 0.00845371 0.00829818 0.00832556 0.00855029 0.00952352 0.00857451 0.00949729 
0.0140883 0.00755627 0.00594747 0.00600522 0.00741196 0.0178682 0.948993 0 0.018387 0.010445 0.00995481 0.0106344 0.00999563 0.010021 0.0107796 0.0104188 0.0106805 0.0104279 0.0272329 0.01396 0.0117987 0.00996325 0.0105279 0.00940106 0.00955256 0.00884915 0.00894378 0.00841106 0.00876497 0.0110707 0.0142229 0.0115848 0.00940264 0.00954181 0.00925378 0.00910405 0.0095465 0.00971927 0.0143397 0.0109236 0.00862634 0.00847331 0.00830453 0.00857926 0.00837663 0.00854411 0.00838028 0.00858399 0.00845512 0.00856082 0.00902116 0.00940398 0.00896495 0.00926405 
0.0137812 0.0105164 0.00886993 0.0114272 0.0103553 0.0337915 0.0107746 0.018387 0 0.00535388 0.00341625 0.00330448 0.00327445 0.00364733 0.0033556 0.00463961 0.00395417 0.00865294 0.0105162 0.0148693 0.00878993 0.0124637 0.0095049 0.011249 0.00895256 0.0134779 0.00904871 0.0114802 0.0249515 0.0245325 0.0196046 0.0103926 0.0194817 0.00952136 0.00990277 0.00941083 0.0113247 0.0119171 0.0199715 0.0143536 0.0123406 0.00900056 0.0106634 0.00867074 0.0118172 0.00883572 0.0116108 0.00904711 0.0103098 0.00975689 0.0134243 0.0166874 0.00931724 0.0109643 
0.0100634 0.00990512 0.0110343 0.00960469 0.0261342 0.00957493 0.0105857 0.010445 0.00535388 0 0.00320737 0.0032523 0.00323962 0.0032198 0.00369824 0.00330248 0.00555857 0.0123093 0.00735011 0.00863059 0.0232471 0.00918649 0.0168052 0.00973644 0.0152187 0.00910187 0.0253776 0.0102899 0.0255888 0.0166963 0.0105583 0.0275284 0.0107299 0.0145434 0.0102073 0.0134372 0.011767 0.0145806 0.00999925 0.0100852 0.0105107 0.0114871 0.00893088 0.0142591 0.00922823 0.0190262 0.0100167 0.0180581 0.0112342 0.0162909 0.0142061 0.00902295 0.00843936 0.00850443 
0.00926984 0.0103119 0.00908402 0.0293473 0.00950431 0.0110785 0.00887521 0.00995481 0.00341625 0.00320737 0 0.00319292 0.00326617 0.0032803 0.00322106 0.00531768 0.00346497 0.0043666 0.0037016 0.00896138 0.00850233 0.0182193 0.00889343 0.0162079 0.00859287 0.0185405 0.010764 0.0356836 0.0129466 0.00847874 0.0115422 0.00993973 0.027345 0.0109088 0.0157954 0.0105066 0.0242701 0.0113739 0.00977558 0.00994116 0.0103721 0.00990698 0.0171246 0.0089474 0.0250402 0.00940194 0.0295478 0.010744 0.0354062 0.017657 0.0104727 0.00896792 0.00846811 0.00831994 
0.0101215 0.00888118 0.0310011 0.00911886 0.0135612 0.00947151 0.00929652 0.0106344 0.00330448 0.0032523 0.00319292 0 0.00319023 0.00321639 0.00359559 0.00332784 0.00401724 0.00331277 0.00447239 0.00677029 0.0127671 0.00792059 0.0171923 0.0084502 0.0173201 0.0151829 0.0750565 0.00998372 0.009512 0.00973194 0.00930113 0.0154206 0.0104111 0.0172916 0.0105701 0.0185091 0.0132951 0.0152362 0.00999496 0.00924747 0.0100346 0.0130491 0.0087462 0.0239794 0.00908605 0.0250588 0.00979826 0.0387977 0.0131543 0.0181727 0.010139 0.00884997 0.00828496 0.00824834 
0.00880646 0.0245293 0.0092461 0.0115186 0.0100348 0.00976489 0.00905006 0.00999563 0.00327445 0.00323962 0.00326617 0.00319023 0 0.00319177 0.0032334 0.00322199 0.00325808 0.00429703 0.00347157 0.00739851 0.00767136 0.0100414 0.00942619 0.0106433 0.0236195 0.0562194 0.0102223 0.0107033 0.00916025 0.00818454 0.00977541 0.0100939 0.0172606 0.0130912 0.0180724 0.0123952 0.0208413 0.0126415 0.00901981 0.00913506 0.0104084 0.010416 0.0122609 0.00953726 0.0128527 0.0111131 0.0247046 0.0160749 0.0177939 0.0173965 0.0109712 0.00887093 0.00824087 0.00825184 
0.0114513 0.0100595 0.00897551 0.0139666 0.00927936 0.0145938 0.00884359 0.010021 0.00364733 0.0032198 0.0032803 0.00321639 0.00319177 0 0.0031878 0.00322444 0.00320898 0.00331053 0.00334874 0.00790366 0.0077902 0.0118162 0.00818131 0.0549589 0.0216084 0.0208187 0.00886033 0.0101078 0.00850021 0.00808462 0.010306 0.0100965 0.0242341 0.0230605 0.0176772 0.0110573 0.0261422 0.0105526 0.00957479 0.00936553 0.0104209 0.0107019 0.0135681 0.00910458 0.02181 0.00938523 0.046388 0.0105424 0.0288532 0.0174758 0.0115057 0.00902617 0.00828549 0.00819911 
0.0106248 0.00897821 0.0181092 0.00925903 0.0369762 0.00926218 0.00994909 0.0107796 0.0033556 0.00369824 0.00322106 0.00359559 0.0032334 0.0031878 0 0.00318333 0.00323126 0.00320482 0.0033124 0.00665502 0.011742 0.00730983 0.0692233 0.0247229 0.0548621 0.00817478 0.0229488 0.0080348 0.0086423 0.00874567 0.00960445 0.0230562 0.0209189 0.027758 0.0102259 0.0286407 0.0111522 0.0142736 0.00999561 0.0101654 0.0112938 0.0177171 0.00900174 0.0482363 0.00891122 0.0783099 0.0095497 0.0582515 0.0122113 0.0344148 0.0111956 0.00921962 0.00829891 0.0084426 
0.00881506 0.0164434 0.00882595 0.0569222 0.00901186 0.0166141 0.0089463 0.0104188 0.00463961 0.00330248 0.00531768 0.00332784 0.00322199 0.00322444 0.00318333 0 0.00318842 0.00325789 0.00322177 0.00869277 0.00739937 0.0904786 0.0118694 0.0773703 0.007994 0.0329667 0.00805134 0.0107444 0.00863492 0.0082906 0.01265 0.0208509 0.045837 0.00990616 0.02381 0.00943886 0.0315853 0.00985761 0.0101104 0.0104869 0.0125936 0.00975365 0.0403487 0.00863368 0.106287 0.00896286 0.0718842 0.00949537 0.0518099 0.0140873 0.0124305 0.0092834 0.00913287 0.00854785 
0.0110675 0.00875903 0.0355798 0.00893222 0.018815 0.00907412 0.00989771 0.0106805 0.00395417 0.00555857 0.00346497 0.00401724 0.00325808 0.00320898 0.00323126 0.00318842 0 0.00318971 0.00359877 0.00535386 0.102143 0.00815009 0.11683 0.00771416 0.0343382 0.00763245 0.0268937 0.00813029 0.00828269 0.00888172 0.00992777 0.0246144 0.009903 0.0319862 0.00949642 0.0263112 0.0107356 0.0135083 0.0104158 0.0105109 0.010471 0.0274149 0.00871129 0.1183 0.00878644 0.0855034 0.00912586 0.0848473 0.0106852 0.0320762 0.0114206 0.00951571 0.00836332 0.00835326 
0.0090163 0.0224584 0.00856698 0.0133803 0.00879734 0.0145454 0.00962975 0.0104279 0.00865294 0.0123093 0.0043666 0.00331277 0.00429703 0.00331053 0.00320482 0.00325789 0.00318971 0 0.00329009 0.0705665 0.00833578 0.103934 0.00769481 0.0257456 0.00708084 0.0183102 0.00754021 0.00915906 0.00881021 0.0077401 0.0138423 0.00963932 0.0265523 0.0093097 0.017076 0.00897517 0.0271758 0.0105209 0.00937994 0.0108648 0.0134606 0.00911913 0.0635907 0.00872788 0.0448042 0.00875648 0.0328343 0.00907467 0.0221162 0.0106992 0.0129469 0.00874531 0.00903958 0.00872606 
0.0358154 0.00854486 0.00909275 0.00845698 0.0113245 0.00948507 0.0164765 0.0272329 0.0105162 0.00735011 0.0037016 0.00447239 0.00347157 0.00334874 0.0033124 0.00322177 0.00359877 0.00329009 0 0.0160922 0.0704391 0.00640236 0.0156798 0.00661162 0.0124156 0.00693657 0.012104 0.00783302 0.00744486 0.0108777 0.0148546 0.0156908 0.00904975 0.0134588 0.00921803 0.0120858 0.00928643 0.0108356 0.0142093 0.0198937 0.0106208 0.0287534 0.00865605 0.0276934 0.00863437 0.0172026 0.00892697 0.0127125 0.00892625 0.0104678 0.009489 0.00993254 0.00955203 0.0086681 
0.0090738 0.00946017 0.0083933 0.00976924 0.00898329 0.0175702 0.00958928 0.01396 0.0148693 0.00863059 0.00896138 0.00677029 0.00739851 0.00790366 0.00665502 0.00869277 0.00535386 0.0705665 0.0160922 0 0.00356921 0.00321355 0.00323689 0.00328666 0.0033466 0.00352015 0.00343739 0.00384705 0.00452276 0.00611865 0.0119308 0.00749911 0.0115328 0.00818307 0.00948185 0.00867727 0.0116114 0.010127 0.0350266 0.0274496 0.0133479 0.00906545 0.0115992 0.00844446 0.0161853 0.00881572 0.0160538 0.00905519 0.0127817 0.010175 0.0124978 0.0128301 0.00971357 0.0106089 
0.00985224 0.00900852 0.0114719 0.00881183 0.0370221 0.00938949 0.0105866 0.0117987 0.00878993 0.0232471 0.00850233 0.0127671 0.00767136 0.0077902 0.011742 0.00739937 0.102143 0.00833578 0.0704391 0.00356921 0 0.0032508 0.0032099 0.00322856 0.00337107 0.00328258 0.00448433 0.003366 0.00572983 0.00524816 0.00678599 0.0219993 0.0079068 0.0117434 0.0081773 0.0160478 0.00887076 0.0283489 0.0461716 0.01849 0.0165375 0.0138579 0.00867742 0.0328096 0.00883178 0.0437485 0.00937934 0.0510644 0.00989884 0.0310016 0.0144394 0.0197706 0.00923075 0.00925363 
0.00879243 0.0143311 0.0088848 0.0609874 0.00909405 0.0158848 0.00891932 0.00996325 0.0124637 0.00918649 0.0182193 0.00792059 0.0100414 0.0118162 0.00730983 0.0904786 0.00815009 0.103934 0.00640236 0.00321355 0.0032508 0 0.00319695 0.00319388 0.00321357 0.00329683 0.00322736 0.00364052 0.00373179 0.00376195 0.00808531 0.00772043 0.0212414 0.00825195 0.0182375 0.00822865 0.0329646 0.0207674 0.490594 0.0114849 0.0116739 0.0103729 0.0288724 0.00867907 0.057977 0.00918526 0.0729437 0.00998801 0.0764535 0.0183137 0.0200351 0.0101611 0.00938085 0.00854356 
0.0109151 0.00901803 0.0510379 0.00964615 0.0242491 0.00938429 0.00953621 0.0105279 0.0095049 0.0168052 0.00889343 0.0171923 0.00942619 0.00818131 0.0692233 0.0118694 0.11683 0.00769481 0.0156798 0.00323689 0.0032099 0.00319695 0 0.00321275 0.00320207 0.00322382 0.00423547 0.00327845 0.00350293 0.00404664 0.00705881 0.0125541 0.00828449 0.0268866 0.00852001 0.0289835 0.0214322 0.748149 0.0162596 0.00997123 0.0111156 0.0219529 0.00883754 0.0373096 0.00918292 0.0668081 0.00967933 0.0809675 0.012673 0.0703915 0.0145306 0.0100214 0.00877083 0.00871666 
0.00861052 0.0441916 0.0086731 0.0173826 0.00887558 0.011828 0.00866641 0.00940106 0.011249 0.00973644 0.0162079 0.0084502 0.0106433 0.0549589 0.0247229 0.0773703 0.00771416 0.0257456 0.00661162 0.00328666 0.00322856 0.00319388 0.00321275 0 0.00312538 0.00326422 0.00326253 0.00325582 0.00324114 0.00324593 0.00752343 0.0070687 0.0148823 0.00835487 0.0200639 0.00991602 0.838403 0.0123379 0.00959897 0.00954089 0.0119434 0.00983074 0.0228074 0.00858271 0.0366998 0.00893068 0.0522778 0.00959035 0.0621119 0.0154109 0.0140488 0.00947642 0.00895714 0.00845089 
0.0206155 0.00871238 0.0149134 0.00881753 0.0146999 0.00899791 0.00910204 0.00955256 0.00895256 0.0152187 0.00859287 0.0173201 0.0236195 0.0216084 0.0548621 0.007994 0.0343382 0.00708084 0.0124156 0.0033466 0.00337107 0.00321357 0.00320207 0.00312538 0 0.00322848 0.00330623 0.00321751 0.00325947 0.00333826 0.00577046 0.0129047 0.00719597 0.0282067 0.0140931 0.824955 0.0214055 0.0134303 0.00871869 0.00919477 0.00918275 0.0156535 0.00851999 0.0393902 0.00858484 0.0458924 0.00905296 0.0645537 0.00970935 0.0292512 0.010596 0.00942295 0.00849401 0.0085224 
0.00862835 0.0112787 0.00839429 0.0167178 0.00857874 0.0103202 0.00837393 0.00884915 0.0134779 0.00910187 0.0185405 0.0151829 0.0562194 0.0208187 0.00817478 0.0329667 0.00763245 0.0183102 0.00693657 0.00352015 0.00328258 0.00329683 0.00322382 0.00326422 0.00322848 0 0.00319991 0.00328446 0.00324088 0.00322872 0.00728298 0.00609568 0.0264554 0.00894314 0.774521 0.0107473 0.0135076 0.00761724 0.00775515 0.0094567 0.00928819 0.00888597 0.0204396 0.00831332 0.0386924 0.00847552 0.0417307 0.00882074 0.0381962 0.0112331 0.0106139 0.00937504 0.00943063 0.00857468 
0.00962918 0.00848018 0.013794 0.00862189 0.0114996 0.00870227 0.0089997 0.00894378 0.00904871 0.0253776 0.010764 0.0750565 0.0102223 0.00886033 0.0229488 0.00805134 0.0268937 0.00754021 0.012104 0.00343739 0.00448433 0.00322736 0.00423547 0.00326253 0.00330623 0.00319991 0 0.00318898 0.00322804 0.0033824 0.0041281 0.03957 0.00800441 0.711156 0.0197441 0.0120066 0.00704167 0.00867113 0.00863515 0.00885261 0.00899306 0.0146048 0.00828868 0.0393127 0.00842754 0.0335913 0.0086107 0.0346096 0.00929438 0.01935 0.0097134 0.00940754 0.00862823 0.00858106 
0.00832767 0.00889954 0.00847851 0.00920687 0.00851815 0.00866835 0.00828791 0.00841106 0.0114802 0.0102899 0.0356836 0.00998372 0.0107033 0.0101078 0.0080348 0.0107444 0.00813029 0.00915906 0.00783302 0.00384705 0.003366 0.00364052 0.00327845 0.00325582 0.00321751 0.00328446 0.00318898 0 0.00320373 0.00319543 0.00656704 0.00516759 0.30679 0.0325323 0.00837761 0.00569199 0.00697599 0.00690122 0.00691621 0.00850842 0.00917094 0.00871743 0.0106462 0.00836346 0.0125396 0.00852535 0.0142733 0.00884723 0.0140609 0.00971536 0.00988161 0.008664 0.00844562 0.00837569 
0.00860769 0.00862579 0.00815532 0.00836366 0.00856906 0.00863106 0.00840421 0.00876497 0.0249515 0.0255888 0.0129466 0.009512 0.00916025 0.00850021 0.0086423 0.00863492 0.00828269 0.00881021 0.00744486 0.00452276 0.00572983 0.00373179 0.00350293 0.00324114 0.00325947 0.00324088 0.00322804 0.00320373 0 0.00325088 0.00819564 0.153325 0.0478749 0.0068675 0.00540996 0.00547711 0.00623776 0.00715442 0.00639158 0.00903753 0.00892387 0.00901121 0.00860305 0.00873474 0.0097525 0.00893524 0.009397 0.00975555 0.00911508 0.0116471 0.0128691 0.00889852 0.0085137 0.00889978 
0.0122045 0.00824001 0.00812271 0.00799144 0.00843995 0.00844515 0.0100206 0.0110707 0.0245325 0.0166963 0.00847874 0.00973194 0.00818454 0.00808462 0.00874567 0.0082906 0.00888172 0.0077401 0.0108777 0.00611865 0.00524816 0.00376195 0.00404664 0.00324593 0.00333826 0.00322872 0.0033824 0.00319543 0.00325088 0 0.113551 0.123259 0.00361462 0.00392575 0.00385509 0.00476131 0.00528353 0.00602411 0.00650585 0.0103582 0.00906348 0.00850435 0.00765142 0.00959522 0.00838039 0.00986195 0.00873814 0.0093293 0.00863445 0.0109086 0.0102423 0.00927885 0.00906235 0.00846996 
0.00888995 0.00868338 0.00819639 0.00871966 0.00909394 0.0172962 0.0100661 0.0142229 0.0196046 0.0105583 0.0115422 0.00930113 0.00977541 0.010306 0.00960445 0.01265 0.00992777 0.0138423 0.0148546 0.0119308 0.00678599 0.00808531 0.00705881 0.00752343 0.00577046 0.00728298 0.0041281 0.00656704 0.00819564 0.113551 0 0.00331078 0.00322349 0.00325322 0.00329541 0.0033272 0.00357165 0.00426086 0.00885545 0.0105889 0.00818101 0.00802128 0.0096571 0.00801601 0.0186714 0.00942993 0.0303529 0.0174036 0.419075 0.0167992 0.0127796 0.0194876 0.0107692 0.0139009 
0.00915119 0.00898221 0.0101169 0.00892069 0.0193868 0.00915748 0.00919214 0.0115848 0.0103926 0.0275284 0.00993973 0.0154206 0.0100939 0.0100965 0.0230562 0.0208509 0.0246144 0.00963932 0.0156908 0.00749911 0.0219993 0.00772043 0.0125541 0.0070687 0.0129047 0.00609568 0.03957 0.00516759 0.153325 0.123259 0.00331078 0 0.00322064 0.00320208 0.00325956 0.00324585 0.00329364 0.004804 0.00422593 0.00733842 0.00922057 0.0092295 0.00825473 0.0151256 0.00898133 0.0437507 0.0157885 0.71592 0.0168298 0.0259245 0.0181836 0.0109791 0.00930231 0.0102387 
0.00887421 0.0108721 0.00981216 0.0232198 0.00944339 0.0136576 0.00872118 0.00940264 0.0194817 0.0107299 0.027345 0.0104111 0.0172606 0.0242341 0.0209189 0.045837 0.009903 0.0265523 0.00904975 0.0115328 0.0079068 0.0212414 0.00828449 0.0148823 0.00719597 0.0264554 0.00800441 0.30679 0.0478749 0.00361462 0.00322349 0.00322064 0 0.00319654 0.00319689 0.00325816 0.00331081 0.00331395 0.00373635 0.00711835 0.00816914 0.00816596 0.0117688 0.00822997 0.0460972 0.0194691 0.79696 0.0123688 0.0294306 0.0192925 0.0185085 0.0103456 0.00908907 0.0087527 
0.00909514 0.00996177 0.0190956 0.0100051 0.015065 0.00924138 0.0088236 0.00954181 0.00952136 0.0145434 0.0109088 0.0172916 0.0130912 0.0230605 0.027758 0.00990616 0.0319862 0.0093097 0.0134588 0.00818307 0.0117434 0.00825195 0.0268866 0.00835487 0.0282067 0.00894314 0.711156 0.0325323 0.0068675 0.00392575 0.00325322 0.00320208 0.00319654 0 0.00332656 0.00321271 0.00324994 0.00320614 0.00356525 0.00672176 0.00729673 0.0100806 0.00711313 0.0455014 0.0195975 0.804619 0.0104807 0.0256297 0.0120698 0.0287459 0.0132171 0.00956732 0.00833934 0.00868359 
0.00871771 0.0234311 0.00937044 0.0134084 0.00975131 0.0101947 0.00852657 0.00925378 0.00990277 0.0102073 0.0157954 0.0105701 0.0180724 0.0176772 0.0102259 0.02381 0.00949642 0.017076 0.00921803 0.00948185 0.0081773 0.0182375 0.00852001 0.0200639 0.0140931 0.774521 0.0197441 0.00837761 0.00540996 0.00385509 0.00329541 0.00325956 0.00319689 0.00332656 0 0.00320087 0.00323286 0.0032491 0.00327414 0.00609919 0.00773833 0.00693701 0.0481194 0.022001 0.78195 0.00966694 0.0177903 0.00913501 0.0175705 0.0141677 0.0141107 0.00968092 0.00849039 0.00890304 
0.0113129 0.00890253 0.0122132 0.00989853 0.0140693 0.00902123 0.00865642 0.00910405 0.00941083 0.0134372 0.0105066 0.0185091 0.0123952 0.0110573 0.0286407 0.00943886 0.0263112 0.00897517 0.0120858 0.00867727 0.0160478 0.00822865 0.0289835 0.00991602 0.824955 0.0107473 0.0120066 0.00569199 0.00547711 0.00476131 0.0033272 0.00324585 0.00325816 0.00321271 0.00320087 0 0.00319562 0.00321486 0.00323609 0.00953572 0.00667797 0.0441599 0.0192283 0.797695 0.00744241 0.0161093 0.0079684 0.0159798 0.00964754 0.0164652 0.0118507 0.00904487 0.0082294 0.00834668 
0.00872111 0.0111561 0.0091137 0.0146989 0.00981538 0.0103274 0.00857775 0.0095465 0.0113247 0.011767 0.0242701 0.0132951 0.0208413 0.0261422 0.0111522 0.0315853 0.0107356 0.0271758 0.00928643 0.0116114 0.00887076 0.0329646 0.0214322 0.838403 0.0214055 0.0135076 0.00704167 0.00697599 0.00623776 0.00528353 0.00357165 0.00329364 0.00331081 0.00324994 0.00323286 0.00319562 0 0.00320851 0.00322451 0.0050342 0.0431666 0.0393801 0.771758 0.00713571 0.0168647 0.00852613 0.0138975 0.00920994 0.0162311 0.0133361 0.0135407 0.00924584 0.00879304 0.00873506 
0.00960461 0.00892441 0.0094005 0.00889935 0.011502 0.00946639 0.00889898 0.00971927 0.0119171 0.0145806 0.0113739 0.0152362 0.0126415 0.0105526 0.0142736 0.00985761 0.0135083 0.0105209 0.0108356 0.010127 0.0283489 0.0207674 0.748149 0.0123379 0.0134303 0.00761724 0.00867113 0.00690122 0.00715442 0.00602411 0.00426086 0.004804 0.00331395 0.00320614 0.0032491 0.00321486 0.00320851 0 0.00323707 0.0647391 0.119515 0.579912 0.00622329 0.0122861 0.00739147 0.00950252 0.00795625 0.0101522 0.0100958 0.0135543 0.0153849 0.00910827 0.0100175 0.00946753 
0.0123863 0.00905947 0.00839487 0.00834472 0.00878386 0.00973053 0.0111916 0.0143397 0.0199715 0.00999925 0.00977558 0.00999496 0.00901981 0.00957479 0.00999561 0.0101104 0.0104158 0.00937994 0.0142093 0.0350266 0.0461716 0.490594 0.0162596 0.00959897 0.00871869 0.00775515 0.00863515 0.00691621 0.00639158 0.00650585 0.00885545 0.00422593 0.00373635 0.00356525 0.00327414 0.00323609 0.00322451 0.00323707 0 0.697333 0.0902334 0.00541126 0.00547644 0.00685148 0.00664196 0.00761987 0.00817859 0.00788367 0.00888431 0.00913746 0.0103939 0.0100102 0.0106511 0.00911033 
0.00861091 0.00841412 0.00819991 0.00830266 0.00884951 0.0104485 0.0092521 0.0109236 0.0143536 0.0100852 0.00994116 0.00924747 0.00913506 0.00936553 0.0101654 0.0104869 0.0105109 0.0108648 0.0198937 0.0274496 0.01849 0.0114849 0.00997123 0.00954089 0.00919477 0.0094567 0.00885261 0.00850842 0.00903753 0.0103582 0.0105889 0.00733842 0.00711835 0.00672176 0.00609919 0.00953572 0.0050342 0.0647391 0.697333 0 0.00333106 0.00322902 0.00322372 0.0033085 0.00354624 0.00356815 0.00435307 0.00513134 0.00630766 0.0146781 0.00880281 0.00944578 0.00858202 0.0117302 
0.00824839 0.00834588 0.00823282 0.00840153 0.00878051 0.008678 0.00830206 0.00862634 0.0123406 0.0105107 0.0103721 0.0100346 0.0104084 0.0104209 0.0112938 0.0125936 0.010471 0.0134606 0.0106208 0.0133479 0.0165375 0.0116739 0.0111156 0.0119434 0.00918275 0.00928819 0.00899306 0.00917094 0.00892387 0.00906348 0.00818101 0.00922057 0.00816914 0.00729673 0.00773833 0.00667797 0.0431666 0.119515 0.0902334 0.00333106 0 0.00324065 0.00321543 0.00320981 0.00332837 0.00339625 0.00357643 0.00417714 0.0139855 0.00611694 0.00739631 0.00574031 0.00727867 0.00760522 
0.00834646 0.00825979 0.0088189 0.00842912 0.00960542 0.00848427 0.0082672 0.00847331 0.00900056 0.0114871 0.00990698 0.0130491 0.010416 0.0107019 0.0177171 0.00975365 0.0274149 0.00911913 0.0287534 0.00906545 0.0138579 0.0103729 0.0219529 0.00983074 0.0156535 0.00888597 0.0146048 0.00871743 0.00901121 0.00850435 0.00802128 0.0092295 0.00816596 0.0100806 0.00693701 0.0441599 0.0393801 0.579912 0.00541126 0.00322902 0.00324065 0 0.00318409 0.00319629 0.00321974 0.00339113 0.00335389 0.0056356 0.0038329 0.00616134 0.00531943 0.00523536 0.00591591 0.00740285 
0.00810624 0.00858708 0.00812921 0.00971073 0.00824043 0.00895524 0.00808526 0.00830453 0.0106634 0.00893088 0.0171246 0.0087462 0.0122609 0.0135681 0.00900174 0.0403487 0.00871129 0.0635907 0.00865605 0.0115992 0.00867742 0.0288724 0.00883754 0.0228074 0.00851999 0.0204396 0.00828868 0.0106462 0.00860305 0.00765142 0.0096571 0.00825473 0.0117688 0.00711313 0.0481194 0.0192283 0.771758 0.00622329 0.00547644 0.00322372 0.00321543 0.00318409 0 0.00311843 0.00324609 0.00324628 0.00351326 0.00332608 0.00403882 0.00386245 0.00420756 0.00408405 0.00590024 0.00637796 
0.00866018 0.00820738 0.00992206 0.00826414 0.0108878 0.00829939 0.00851758 0.00857926 0.00867074 0.0142591 0.0089474 0.0239794 0.00953726 0.00910458 0.0482363 0.00863368 0.1183 0.00872788 0.0276934 0.00844446 0.0328096 0.00867907 0.0373096 0.00858271 0.0393902 0.00831332 0.0393127 0.00836346 0.00873474 0.00959522 0.00801601 0.0151256 0.00822997 0.0455014 0.022001 0.797695 0.00713571 0.0122861 0.00685148 0.0033085 0.00320981 0.00319629 0.00311843 0 0.00321155 0.00338272 0.00321953 0.0038166 0.00331577 0.00420116 0.00346773 0.00359492 0.00546781 0.00615417 
0.00837821 0.0094987 0.00833534 0.0119906 0.00824604 0.00974647 0.00808071 0.00837663 0.0118172 0.00922823 0.0250402 0.00908605 0.0128527 0.02181 0.00891122 0.106287 0.00878644 0.0448042 0.00863437 0.0161853 0.00883178 0.057977 0.00918292 0.0366998 0.00858484 0.0386924 0.00842754 0.0125396 0.0097525 0.00838039 0.0186714 0.00898133 0.0460972 0.0195975 0.78195 0.00744241 0.0168647 0.00739147 0.00664196 0.00354624 0.00332837 0.00321974 0.00324609 0.00321155 0 0.00312643 0.00332167 0.00325649 0.00344382 0.00349473 0.00341619 0.00332748 0.00600977 0.00720042 
0.00904414 0.00833747 0.0109214 0.00830935 0.0114799 0.00841009 0.00845143 0.00854411 0.00883572 0.0190262 0.00940194 0.0250588 0.0111131 0.00938523 0.0783099 0.00896286 0.0855034 0.00875648 0.0172026 0.00881572 0.0437485 0.00918526 0.0668081 0.00893068 0.0458924 0.00847552 0.0335913 0.00852535 0.00893524 0.00986195 0.00942993 0.0437507 0.0194691 0.804619 0.00966694 0.0161093 0.00852613 0.00950252 0.00761987 0.00356815 0.00339625 0.00339113 0.00324628 0.00338272 0.00312643 0 0.00322205 0.00335494 0.00323474 0.00343889 0.00339636 0.00328793 0.00553122 0.00587647 
0.00837734 0.00902156 0.00840248 0.0122067 0.00855335 0.00972342 0.00817556 0.00838028 0.0116108 0.0100167 0.0295478 0.00979826 0.0247046 0.046388 0.0095497 0.0718842 0.00912586 0.0328343 0.00892697 0.0160538 0.00937934 0.0729437 0.00967933 0.0522778 0.00905296 0.0417307 0.0086107 0.0142733 0.009397 0.00873814 0.0303529 0.0157885 0.79696 0.0104807 0.0177903 0.0079684 0.0138975 0.00795625 0.00817859 0.00435307 0.00357643 0.00335389 0.00351326 0.00321953 0.00332167 0.00322205 0 0.00320763 0.00325492 0.00326666 0.00328492 0.00330021 0.00561371 0.00663164 
0.00885308 0.00846337 0.0111434 0.00865135 0.0121727 0.0087823 0.00845371 0.00858399 0.00904711 0.0180581 0.010744 0.0387977 0.0160749 0.0105424 0.0582515 0.00949537 0.0848473 0.00907467 0.0127125 0.00905519 0.0510644 0.00998801 0.0809675 0.00959035 0.0645537 0.00882074 0.0346096 0.00884723 0.00975555 0.0093293 0.0174036 0.71592 0.0123688 0.0256297 0.00913501 0.0159798 0.00920994 0.0101522 0.00788367 0.00513134 0.00417714 0.0056356 0.00332608 0.0038166 0.00325649 0.00335494 0.00320763 0 0.00319882 0.00322728 0.00323005 0.00324931 0.00457549 0.00545989 
0.00838199 0.00930546 0.00863836 0.0118917 0.00874342 0.0092463 0.00829818 0.00845512 0.0103098 0.0112342 0.0354062 0.0131543 0.0177939 0.0288532 0.0122113 0.0518099 0.0106852 0.0221162 0.00892625 0.0127817 0.00989884 0.0764535 0.012673 0.0621119 0.00970935 0.0381962 0.00929438 0.0140609 0.00911508 0.00863445 0.419075 0.0168298 0.0294306 0.0120698 0.0175705 0.00964754 0.0162311 0.0100958 0.00888431 0.00630766 0.0139855 0.0038329 0.00403882 0.00331577 0.00344382 0.00323474 0.00325492 0.00319882 0 0.00319676 0.0032523 0.00321062 0.00390011 0.00679944 
0.00871894 0.00901841 0.0100529 0.00945487 0.0112817 0.00904716 0.00832556 0.00856082 0.00975689 0.0162909 0.017657 0.0181727 0.0173965 0.0174758 0.0344148 0.0140873 0.0320762 0.0106992 0.0104678 0.010175 0.0310016 0.0183137 0.0703915 0.0154109 0.0292512 0.0112331 0.01935 0.00971536 0.0116471 0.0109086 0.0167992 0.0259245 0.0192925 0.0287459 0.0141677 0.0164652 0.0133361 0.0135543 0.00913746 0.0146781 0.00611694 0.00616134 0.00386245 0.00420116 0.00349473 0.00343889 0.00326666 0.00322728 0.00319676 0 0.00320145 0.00322244 0.00431492 0.0233197 
0.00911473 0.0087797 0.00832464 0.00870104 0.00907282 0.00893995 0.00855029 0.00902116 0.0134243 0.0142061 0.0104727 0.010139 0.0109712 0.0115057 0.0111956 0.0124305 0.0114206 0.0129469 0.009489 0.0124978 0.0144394 0.0200351 0.0145306 0.0140488 0.010596 0.0106139 0.0097134 0.00988161 0.0128691 0.0102423 0.0127796 0.0181836 0.0185085 0.0132171 0.0141107 0.0118507 0.0135407 0.0153849 0.0103939 0.00880281 0.00739631 0.00531943 0.00420756 0.00346773 0.00341619 0.00339636 0.00328492 0.00323005 0.0032523 0.00320145 0 0.0032678 0.0154124 0.780668 
0.00915612 0.00818165 0.00812141 0.00816198 0.00842649 0.00867071 0.00952352 0.00940398 0.0166874 0.00902295 0.00896792 0.00884997 0.00887093 0.00902617 0.00921962 0.0092834 0.00951571 0.00874531 0.00993254 0.0128301 0.0197706 0.0101611 0.0100214 0.00947642 0.00942295 0.00937504 0.00940754 0.008664 0.00889852 0.00927885 0.0194876 0.0109791 0.0103456 0.00956732 0.00968092 0.00904487 0.00924584 0.00910827 0.0100102 0.00944578 0.00574031 0.00523536 0.00408405 0.00359492 0.00332748 0.00328793 0.00330021 0.00324931 0.00321062 0.00322244 0.0032678 0 0.952558 0.00345674 
0.00811941 0.00809425 0.00791329 0.00802151 0.00795398 0.00844809 0.00857451 0.00896495 0.00931724 0.00843936 0.00846811 0.00828496 0.00824087 0.00828549 0.00829891 0.00913287 0.00836332 0.00903958 0.00955203 0.00971357 0.00923075 0.00938085 0.00877083 0.00895714 0.00849401 0.00943063 0.00862823 0.00844562 0.0085137 0.00906235 0.0107692 0.00930231 0.00908907 0.00833934 0.00849039 0.0082294 0.00879304 0.0100175 0.0106511 0.00858202 0.00727867 0.00591591 0.00590024 0.00546781 0.00600977 0.00553122 0.00561371 0.00457549 0.00390011 0.00431492 0.0154124 0.952558 0 0.00690674 
0.00865092 0.00805147 0.0079318 0.00793271 0.00800659 0.00802803 0.00949729 0.00926405 0.0109643 0.00850443 0.00831994 0.00824834 0.00825184 0.00819911 0.0084426 0.00854785 0.00835326 0.00872606 0.0086681 0.0106089 0.00925363 0.00854356 0.00871666 0.00845089 0.0085224 0.00857468 0.00858106 0.00837569 0.00889978 0.00846996 0.0139009 0.0102387 0.0087527 0.00868359 0.00890304 0.00834668 0.00873506 0.00946753 0.00911033 0.0117302 0.00760522 0.00740285 0.00637796 0.00615417 0.00720042 0.00587647 0.00663164 0.00545989 0.00679944 0.0233197 0.780668 0.00345674 0.00690674 0 
