1UDOA
RSDGRKEDQLRPVSIQRDFLEYPEGSCLISFGKTKVICTASVIENVPNWLKGKGQGWITAEYSMLPRATQQRTIRESVQGRIGGATHEIQRMIGRAMRTAVELTKIGERTIWVDCDVIQADGGTRTAAITGAFVAVADAIIKLHKEGIIEETPIKDFVAAVSVGIVNDRILLDLNFEEDSAAQVDMNVVGTGSGRLSEVHTMGEEYSFTKDELIKMLDLAQKGINELIELQKKLYVIQDGKWERSELKEVSSTT
CCCCCCCCCCCCEEEEECCCCCCCEEEEEEECCEEEEEEEEEECCCCCCCCCCCCCEEEEEEEECCCECCCCCCCCCCCCCCCHHHHHHHHHHHHHHHHHECHHHHCCCEEEEEEEEEEECCCHHHHHHHHHHHHHHHHHHHHHHCCCCCCCCECCCEEEEEEEEECCEEEECCCHHHHHCCCEEEEEEEECCCCEEEEEEEECCCCCCHHHHHHHHHHHHHHHHHHHHHHHCCEEEECCEEEECCCCEEECCC
0 0 0 0 0 0 0 0 0 0 0 0 0 0 0 0 0 0 0 0 0 0 0 0 0 0 0 0 0 0 0 0 0 0 0 0 0 0 0 0 0 0 0 0 0 0 0 0 0 0 0 0 0 0 0 0 0 0 0 0 0 0 0 0 0 0 0 0 0 0 0 0 0 0 0 0 0 0 0 0 0 0 0 0 0 0 0 0 0 0 0 0 0 0 0 0 0 0 0 0 0 0 0 0 0 0 0 0 0 0 0 0 0 0 0 0 0 0 0 0 0 0 0 0 0 0 0 0 0 0 0 0 0 0 0 0 0 0 0 0 0 0 0 0 0 0 0 0 0 0 0 0 0 0 0 0 0 0 0 0 0 0 0 0 0 0 0 0 0 0 0 0 0 0 0 0 0 0 0 0 0 0 0 0 0 0 0 0 0 0 0 0 0 0 0 0 0 0 0 0 0 0 0 0 0 0 0 0 0 0 0 0 0 0 0 0 0 0 0 0 0 0 0 0 0 0 0 0 0 0 0 0 0 0 0 0 0 0 0 0 0 0 0 0 0 0 0 0 0 0 0 0 0 0 
0 0 0 0 0 0 0 0 0 0 0 0 0 0 0 0 0 0 0 0 0 0 0 0 0 0 0 0 0 0 0 0 0 0 0 0 0 0 0 0 0 0 0 0 0 0 0 0 0 0 0 0 0 0 0 0 0 0 0 0 0 0 0 0 0 0 0 0 0 0 0 0 0 0 0 0 0 0 0 0 0 0 0 0 0 0 0 0 0 0 0 0 0 0 0 0 0 0 0 0 0 0 0 0 0 0 0 0 0 0 0 0 0 0 0 0 0 0 0 0 0 0 0 0 0 0 0 0 0 0 0 0 0 0 0 0 0 0 0 0 0 0 0 0 0 0 0 0 0 0 0 0 0 0 0 0 0 0 0 0 0 0 0 0 0 0 0 0 0 0 0 0 0 0 0 0 0 0 0 0 0 0 0 0 0 0 0 0 0 0 0 0 0 0 0 0 0 0 0 0 0 0 0 0 0 0 0 0 0 0 0 0 0 0 0 0 0 0 0 0 0 0 0 0 0 0 0 0 0 0 0 0 0 0 0 0 0 0 0 0 0 0 0 0 0 0 0 0 0 0 0 0 0 0 
0 0.00332007 0.00338133 0.0032761 0.00454027 0.0192362 0.00762024 0.0245095 0.0127727 0.0255975 0.032325 0.441717 0.0296921 0.0107954 0.0187781 0.0108092 0.0185762 0.0105679 0.0190327 0.00957635 0.0168989 0.0177717 0.0109344 0.0185807 0.00908687 0.0203573 0.00894612 0.0121425 0.0094351 0.0171801 0.0136194 0.0148708 0.00995935 0.0122854 0.00857477 0.0118923 0.00842238 0.0114151 0.00867234 0.0102679 0.00862765 0.00845143 0.0128157 0.0102993 0.00889987 0.00881868 0.00886386 0.00905447 0.00847032 0.00879325 0.00872001 0.0086668 0.00894358 0.00809032 0.00857717 0.00845751 0.00976189 0.00852158 0.00812295 0.00849872 0.00830815 0.00836436 0.00828842 0.00839682 0.00875162 0.00811668 0.00803724 0.00809749 0.00812432 0.00804283 0.00824108 0.00808829 0.00838755 0.00818186 0.00821024 0.00820521 0.00846286 0.00807186 0.00828489 0.00807258 0.00845618 0.00836368 0.00862435 0.00887856 
0.00332007 0 0.00322821 0.00325735 0.00322124 0.0059906 0.0209573 0.0126187 0.0387411 0.0164389 0.474473 0.00898048 0.00862899 0.0411706 0.00996053 0.0387788 0.010948 0.0368783 0.009119 0.0387123 0.00985622 0.0121341 0.0170123 0.00913966 0.057825 0.00891164 0.0404912 0.00912321 0.0198573 0.00929754 0.00938629 0.00856024 0.0112894 0.00875621 0.0272394 0.00864116 0.0178399 0.00886102 0.0155916 0.00888018 0.00893579 0.00982571 0.00813451 0.00816411 0.00849215 0.00875045 0.00974396 0.00884864 0.00921296 0.00869035 0.00916663 0.00880275 0.00816874 0.00854308 0.00839343 0.008626 0.008634 0.00813161 0.00903933 0.00840451 0.00923213 0.00849491 0.00862343 0.00847202 0.00831205 0.00808162 0.0083426 0.00824934 0.00833865 0.00829912 0.00820137 0.0082368 0.00813768 0.00814854 0.00828719 0.00818019 0.00822255 0.0081586 0.00822579 0.00811357 0.00827691 0.00843618 0.00843873 0.00866329 
0.00338133 0.00322821 0 0.00319482 0.00336621 0.0102727 0.00721249 0.0519698 0.0231766 0.412104 0.00811866 0.0109962 0.010962 0.00885374 0.0583886 0.0104853 0.0411649 0.00942478 0.0542582 0.00930081 0.0312831 0.0099822 0.00882791 0.0396336 0.00894643 0.0797871 0.00889881 0.0523025 0.00945076 0.00955695 0.00951534 0.0102442 0.0084668 0.0211971 0.00878762 0.0348491 0.00886145 0.0243865 0.00923569 0.0178254 0.0104926 0.00843379 0.00937993 0.00859772 0.00856853 0.00921783 0.01021 0.0107666 0.00908822 0.0105102 0.00936598 0.00869534 0.00846393 0.00813644 0.00880473 0.00855422 0.00906025 0.00864712 0.00843994 0.0096097 0.00886653 0.00916507 0.00904351 0.00854727 0.00830471 0.00815993 0.00815656 0.00824802 0.00856509 0.00826626 0.0083232 0.00814147 0.00817453 0.00822245 0.00833308 0.00822432 0.00814415 0.00801648 0.00843651 0.0081281 0.00821768 0.00821608 0.00874495 0.00840893 
0.0032761 0.00325735 0.00319482 0 0.00326481 0.00560292 0.0601303 0.0180201 0.35943 0.00778308 0.0169486 0.00703527 0.00804947 0.0245287 0.00884989 0.0165037 0.00918583 0.0270806 0.00882557 0.025671 0.0103386 0.00951006 0.01372 0.00892508 0.0273284 0.00864875 0.0317864 0.00885453 0.0111384 0.00884918 0.00889255 0.00829787 0.0115664 0.00839275 0.0150494 0.00837661 0.0112928 0.00842691 0.0112986 0.00855564 0.00846012 0.00881061 0.00812413 0.00802247 0.00843278 0.00861105 0.00874506 0.0084446 0.00862895 0.0084979 0.00884789 0.00841725 0.00809891 0.00835259 0.00840442 0.00831775 0.00821779 0.00810548 0.00828961 0.00827572 0.00847797 0.00822059 0.00833096 0.00825733 0.00810758 0.00806718 0.00812388 0.00812119 0.00804687 0.00813191 0.00802202 0.00807449 0.00808205 0.0081474 0.00809794 0.00809097 0.00798688 0.0081592 0.00808571 0.00806876 0.00799731 0.00833553 0.00812096 0.00826497 
0.00454027 0.00322124 0.00336621 0.00326481 0 0.0382259 0.00837195 0.297637 0.00626908 0.00968962 0.00644023 0.00958932 0.0286461 0.00859654 0.00935059 0.00843158 0.0140771 0.00904006 0.014972 0.0101613 0.012954 0.010951 0.0125202 0.0151067 0.00843058 0.0229389 0.00856551 0.00963394 0.00870276 0.00877113 0.0122905 0.01796 0.00961243 0.0109731 0.00824013 0.00970957 0.00825218 0.00895177 0.00842877 0.00872133 0.00833579 0.00817273 0.00940848 0.00990473 0.00950896 0.00835742 0.00848709 0.00837455 0.00827637 0.008568 0.00844125 0.00815147 0.0083403 0.00831334 0.00838605 0.00813337 0.00850716 0.00852109 0.00818175 0.00818201 0.00829692 0.00824568 0.00812631 0.00813936 0.00851744 0.00861341 0.00815897 0.008211 0.00810873 0.00807589 0.0082973 0.00809318 0.00821102 0.0088703 0.00820929 0.00811291 0.00822433 0.00835143 0.00851268 0.00803441 0.00815067 0.00886683 0.00879114 0.00826647 
0.0192362 0.0059906 0.0102727 0.00560292 0.0382259 0 0.00364851 0.00325924 0.00325588 0.00329363 0.00334971 0.00430657 0.00533013 0.00563754 0.0112788 0.00676925 0.00900557 0.0105382 0.803881 0.0118174 0.014986 0.0169459 0.0101576 0.0122969 0.0089827 0.012882 0.00884908 0.00995274 0.00938163 0.018273 0.011373 0.013141 0.00855431 0.00996711 0.00860935 0.00994911 0.00836485 0.0103917 0.00861764 0.00940947 0.00852852 0.00841536 0.0115142 0.00927362 0.00847294 0.00846507 0.00869515 0.00866773 0.00844265 0.00881645 0.00842915 0.0083655 0.00884223 0.00802105 0.00833894 0.0082962 0.0106079 0.00821409 0.00811227 0.00845415 0.00832308 0.00835619 0.00829853 0.0082989 0.00853011 0.00799951 0.00799959 0.00797597 0.00806611 0.00803773 0.00804577 0.00797994 0.00825281 0.00813474 0.0080164 0.00803279 0.00834161 0.00796151 0.00801643 0.0079618 0.00829985 0.00819994 0.00827058 0.00865606 
0.00762024 0.0209573 0.00721249 0.0601303 0.00837195 0.00364851 0 0.00319032 0.00323388 0.00320343 0.00355265 0.00336025 0.00446559 0.010127 0.00600161 0.00807527 0.00851968 0.917465 0.00942958 0.0180443 0.00904344 0.00977207 0.011546 0.00938545 0.0144734 0.00907613 0.0136413 0.00926 0.0287841 0.00992475 0.0102115 0.00880405 0.00970881 0.00905061 0.0128438 0.0091595 0.0120551 0.00956587 0.0124499 0.00905594 0.00866675 0.00914144 0.00839196 0.00831887 0.00833135 0.00883219 0.009615 0.00885919 0.00889216 0.00869637 0.0091903 0.00892793 0.00832308 0.00819364 0.0083427 0.00867977 0.00868121 0.00824893 0.00869411 0.00838521 0.00870042 0.00842758 0.00864369 0.00854306 0.00837297 0.00802015 0.00818622 0.00817052 0.00822739 0.00818914 0.00817622 0.0081612 0.00812124 0.0081334 0.00825561 0.00819543 0.00810373 0.00795743 0.00815871 0.00807958 0.00820646 0.00805943 0.00836047 0.0084318 
0.0245095 0.0126187 0.0519698 0.0180201 0.297637 0.00325924 0.00319032 0 0.00320687 0.00319371 0.00326565 0.0032622 0.00482713 0.00534129 0.00944147 0.00994506 0.950546 0.0121467 0.0149795 0.00870924 0.010872 0.00845865 0.00934004 0.023441 0.0094962 0.0242108 0.00972399 0.0382077 0.00975678 0.0104696 0.00939657 0.00928011 0.00880975 0.0203018 0.0115484 0.032541 0.0107534 0.0295927 0.0127537 0.0186971 0.0139514 0.00863282 0.00870869 0.00825639 0.00898813 0.0104092 0.012145 0.012569 0.0103828 0.013231 0.0109259 0.0093428 0.00847809 0.00823462 0.00909052 0.00895874 0.00920026 0.0085346 0.00864795 0.00997631 0.00960198 0.00978457 0.00976857 0.0090941 0.00841627 0.00822288 0.00824579 0.00828256 0.00830406 0.00839281 0.00835033 0.00818474 0.0081762 0.00817222 0.00837168 0.00828149 0.00814521 0.0080254 0.00831225 0.00821623 0.00820076 0.00813469 0.00837805 0.00838037 
0.0127727 0.0387411 0.0231766 0.35943 0.00626908 0.00325588 0.00323388 0.00320687 0 0.00321259 0.00326411 0.00323133 0.00359408 0.00609808 0.00930798 0.959015 0.0179786 0.0153953 0.00900094 0.0146091 0.0082473 0.00876773 0.0123293 0.0104478 0.0320277 0.0100774 0.0540926 0.0108526 0.0151786 0.00974373 0.00951615 0.00935726 0.0113923 0.0128002 0.0505079 0.015334 0.0351434 0.0152543 0.038667 0.0179222 0.0140299 0.0105295 0.00878556 0.00843329 0.00928218 0.0115344 0.0187338 0.0133341 0.016194 0.012497 0.0154063 0.00975578 0.00869574 0.00839501 0.00900248 0.00963212 0.00982102 0.00852762 0.00960631 0.0097748 0.0117822 0.0100427 0.0100377 0.00942475 0.00883993 0.0082978 0.0083412 0.00841236 0.00855925 0.00843543 0.0083895 0.008256 0.00816109 0.00818873 0.00837672 0.00830944 0.0081323 0.00804698 0.00829828 0.00822275 0.00818977 0.00818646 0.0084892 0.00833945 
0.0255975 0.0164389 0.412104 0.00778308 0.00968962 0.00329363 0.00320343 0.00319371 0.00321259 0 0.00321768 0.00325474 0.00404532 0.0042674 0.971129 0.00815481 0.0149687 0.00767654 0.0239687 0.0075658 0.00972681 0.00795961 0.00964521 0.0306099 0.00966837 0.0625205 0.00957541 0.0341201 0.00996998 0.01127 0.00960104 0.010242 0.00898885 0.0300045 0.0119741 0.0591637 0.0112976 0.0477706 0.0151893 0.0300795 0.0153461 0.00919257 0.00937218 0.00861729 0.00927338 0.0123882 0.0156439 0.0183599 0.0132994 0.0173835 0.0139066 0.00984833 0.00868865 0.00828489 0.00921108 0.00951532 0.00975776 0.00865482 0.00896001 0.0133738 0.0103557 0.0123969 0.0107674 0.00953173 0.00857848 0.0082997 0.0083497 0.00841715 0.00858539 0.00852702 0.00846215 0.0081615 0.0081132 0.00825684 0.00843657 0.00832676 0.00810284 0.00807289 0.00835947 0.00820783 0.00820496 0.00825089 0.00856126 0.0084894 
0.032325 0.474473 0.00811866 0.0169486 0.00644023 0.00334971 0.00355265 0.00326565 0.00326411 0.00321768 0 0.00324767 0.00782597 0.99004 0.00489862 0.00696954 0.00512725 0.010988 0.00622925 0.0095064 0.00897808 0.00839277 0.013533 0.010011 0.030482 0.00893525 0.018378 0.00907248 0.0181264 0.00962541 0.0104097 0.00904487 0.0140038 0.00926271 0.0210048 0.00933028 0.0145974 0.0099375 0.0150881 0.00976681 0.00940403 0.00982333 0.00834027 0.00835196 0.00887353 0.00943777 0.0108274 0.00905757 0.0102105 0.00911725 0.0099852 0.00889632 0.00826583 0.00849064 0.00876565 0.00893356 0.00889434 0.00823737 0.0087389 0.00872071 0.00917238 0.00857589 0.00897064 0.0088926 0.00862977 0.00830033 0.00839004 0.0082575 0.00836965 0.00842792 0.00816482 0.00829653 0.00811706 0.00837023 0.0082903 0.00839162 0.00806237 0.0081735 0.00829199 0.00827054 0.0080985 0.00837852 0.00850922 0.00818344 
0.441717 0.00898048 0.0109962 0.00703527 0.00958932 0.00430657 0.00336025 0.0032622 0.00323133 0.00325474 0.00324767 0 0.994014 0.00383038 0.00399217 0.00348966 0.00519426 0.00399204 0.00570861 0.00523417 0.00715009 0.00722106 0.0125129 0.0235529 0.00856419 0.0129735 0.00863749 0.00992671 0.00878639 0.0105805 0.0145151 0.0168442 0.0112493 0.011073 0.0086476 0.0103835 0.00856273 0.00924827 0.00878463 0.00885438 0.00864071 0.0083267 0.0101904 0.0102139 0.0103195 0.00890844 0.00862069 0.00869873 0.00843305 0.00879112 0.00859876 0.00835381 0.00857159 0.00862745 0.00859466 0.00845059 0.00881178 0.00868869 0.00823571 0.0083826 0.00844962 0.00832226 0.00831481 0.00838884 0.00883958 0.00868587 0.00814181 0.00817037 0.00812776 0.00807037 0.00825532 0.00803554 0.00824195 0.00875243 0.00816526 0.00808608 0.00815261 0.00835752 0.00832112 0.0080864 0.00818221 0.00872622 0.00840347 0.00827302 
0.0296921 0.00862899 0.010962 0.00804947 0.0286461 0.00533013 0.00446559 0.00482713 0.00359408 0.00404532 0.00782597 0.994014 0 0.00337317 0.00323034 0.00325246 0.00329203 0.00338705 0.00364977 0.0037466 0.0071751 0.0125953 0.015165 0.0112362 0.00892261 0.0136321 0.00866263 0.00986519 0.00985562 0.0202474 0.0151374 0.0154884 0.00985328 0.0102381 0.00851493 0.0110204 0.00833965 0.00962844 0.00862332 0.00970152 0.00831784 0.0109779 0.0125865 0.0107704 0.00893181 0.00844838 0.00848178 0.00837111 0.00832211 0.00874382 0.00833814 0.00880506 0.0092592 0.0082351 0.00824582 0.00839187 0.00964439 0.0082528 0.00805926 0.0082661 0.00821237 0.00824365 0.00819998 0.00831343 0.00904815 0.00824307 0.00803294 0.00799782 0.00798922 0.00803235 0.0081145 0.00813177 0.00868282 0.00831181 0.00808649 0.0083374 0.00884101 0.00822333 0.00833033 0.00809112 0.00878336 0.00863559 0.00873396 0.00908195 
0.0107954 0.0411706 0.00885374 0.0245287 0.00859654 0.00563754 0.010127 0.00534129 0.00609808 0.0042674 0.99004 0.00383038 0.00337317 0 0.00320233 0.00323373 0.00327567 0.00332479 0.00327053 0.00414751 0.00456049 0.00527032 0.0152497 0.00924154 0.0195592 0.00896028 0.0147957 0.00923844 0.0177243 0.00967388 0.0102547 0.00943075 0.0132772 0.00895721 0.0179241 0.00878555 0.0136716 0.00894318 0.0143087 0.00895851 0.015444 0.00948192 0.00841416 0.00828746 0.0084462 0.00885064 0.0101818 0.00887248 0.00957754 0.00868677 0.00949437 0.00882646 0.00829674 0.00884009 0.00844654 0.00876675 0.00854413 0.00820193 0.00859269 0.00848538 0.00949496 0.0084736 0.0085054 0.00854632 0.00832985 0.00809016 0.00820707 0.00816189 0.00812577 0.00820826 0.00810347 0.00822715 0.00811341 0.00814899 0.00825334 0.00819479 0.00816162 0.0081513 0.00815321 0.00813081 0.0082111 0.00830731 0.00836373 0.00886676 
0.0187781 0.00996053 0.0583886 0.00884989 0.00935059 0.0112788 0.00600161 0.00944147 0.00930798 0.971129 0.00489862 0.00399217 0.00323034 0.00320233 0 0.00322431 0.00322543 0.00326207 0.00332013 0.00333226 0.00361578 0.00342402 0.00976283 0.0279503 0.00983778 0.0309619 0.00937564 0.0399262 0.00981167 0.0130674 0.0105016 0.0114706 0.00928802 0.0356599 0.0112194 0.0553883 0.0101068 0.0470914 0.0128027 0.07924 0.0143803 0.00905318 0.00915675 0.00844921 0.00937414 0.0120167 0.0136847 0.0160585 0.0117534 0.0154631 0.0123354 0.0100465 0.0085506 0.00824866 0.00986254 0.00898897 0.00912688 0.00842667 0.00896948 0.0110894 0.00986358 0.0112317 0.00975986 0.00935544 0.00836225 0.00823652 0.00838952 0.00842534 0.00851524 0.008317 0.00843785 0.0081955 0.00812206 0.00821775 0.00835614 0.00825738 0.00810423 0.00805168 0.00842109 0.00821347 0.00825082 0.00821311 0.00862881 0.00830547 
0.0108092 0.0387788 0.0104853 0.0165037 0.00843158 0.00676925 0.00807527 0.00994506 0.959015 0.00815481 0.00696954 0.00348966 0.00325246 0.00323373 0.00322431 0 0.00319742 0.00322618 0.00322154 0.00329266 0.00322946 0.00340614 0.0170781 0.0096071 0.0309591 0.00937268 0.0467181 0.0108524 0.0282222 0.0110638 0.00933225 0.00956334 0.0140562 0.0123157 0.0742028 0.0133362 0.0647116 0.0154411 0.142837 0.0171799 0.0186741 0.0103044 0.00880725 0.00838753 0.00954906 0.0120433 0.0218262 0.0139457 0.0187691 0.0135358 0.0188465 0.00983418 0.00874563 0.00870069 0.00889881 0.0104305 0.00951625 0.00870376 0.00969096 0.0107074 0.0131331 0.0104365 0.0107341 0.00938723 0.00854147 0.00832277 0.00831614 0.00837931 0.00860662 0.00847511 0.0084986 0.0082057 0.00813161 0.00826101 0.00836674 0.00827202 0.00813975 0.00812954 0.0084007 0.00816908 0.00825617 0.00831597 0.00852647 0.00854521 
0.0185762 0.010948 0.0411649 0.00918583 0.0140771 0.00900557 0.00851968 0.950546 0.0179786 0.0149687 0.00512725 0.00519426 0.00329203 0.00327567 0.00322543 0.00319742 0 0.00325086 0.00323356 0.0032743 0.00324542 0.00349382 0.00928361 0.0328782 0.00947578 0.0523455 0.00986105 0.0589458 0.01073 0.0193038 0.00957256 0.0116409 0.00943598 0.0375727 0.0146792 0.0728775 0.0118849 0.143747 0.0155624 0.0418819 0.0169161 0.0100641 0.00929926 0.00867404 0.0104587 0.0144363 0.0187736 0.0257708 0.0157419 0.0251494 0.0161187 0.0109082 0.00876397 0.008372 0.00995317 0.0103556 0.0100142 0.00885607 0.00932511 0.0135642 0.011151 0.0125155 0.010983 0.0103344 0.00864386 0.00833661 0.00842371 0.00843081 0.00873743 0.00881112 0.00870591 0.00834548 0.00822188 0.00831171 0.00836721 0.00834948 0.00811147 0.00812566 0.00827379 0.00829886 0.00830817 0.00830195 0.0085732 0.00846618 
0.0105679 0.0368783 0.00942478 0.0270806 0.00904006 0.0105382 0.917465 0.0121467 0.0153953 0.00767654 0.010988 0.00399204 0.00338705 0.00332479 0.00326207 0.00322618 0.00325086 0 0.00325766 0.00334439 0.00340063 0.00325407 0.016822 0.00926766 0.0703711 0.00890889 0.0821367 0.0102055 0.0181024 0.0111806 0.00923803 0.00941986 0.0138265 0.00974173 0.0694095 0.011081 0.115379 0.0116725 0.0501813 0.0124024 0.0143921 0.0104758 0.00856376 0.00834281 0.009305 0.0106977 0.0169901 0.0114133 0.0202914 0.011398 0.0147802 0.00923725 0.0083897 0.00874124 0.00882933 0.00935043 0.00899549 0.00841426 0.00920069 0.00919841 0.011829 0.00977318 0.0094887 0.00898156 0.00853092 0.0082363 0.00833521 0.00827549 0.00853301 0.0084106 0.00828752 0.00837524 0.00808914 0.00828599 0.00831171 0.00814071 0.00804596 0.0082219 0.00822921 0.00812878 0.00813069 0.00842258 0.00844126 0.00835853 
0.0190327 0.009119 0.0542582 0.00882557 0.014972 0.803881 0.00942958 0.0149795 0.00900094 0.0239687 0.00622925 0.00570861 0.00364977 0.00327053 0.00332013 0.00322154 0.00323356 0.00325766 0 0.0032459 0.00325212 0.00322192 0.0080486 0.0493247 0.00860161 0.116194 0.00867639 0.0365054 0.00894203 0.00985733 0.00946891 0.0127501 0.00868136 0.0392384 0.00903673 0.174958 0.00886968 0.048521 0.00997255 0.0327486 0.0116145 0.00860905 0.010861 0.00880191 0.00894504 0.0110558 0.0127526 0.0186581 0.0104859 0.0153568 0.0106439 0.0091666 0.00858473 0.00813581 0.0092673 0.0087528 0.00931786 0.00880092 0.00862181 0.0110855 0.00920495 0.0103234 0.00916066 0.00888195 0.00831319 0.0081749 0.00816628 0.00826725 0.00855341 0.00847506 0.00855158 0.00813864 0.0081272 0.00816166 0.00826348 0.00813907 0.00805413 0.00797553 0.00831936 0.00808015 0.00813933 0.00813961 0.00852537 0.00824936 
0.00957635 0.0387123 0.00930081 0.025671 0.0101613 0.0118174 0.0180443 0.00870924 0.0146091 0.0075658 0.0095064 0.00523417 0.0037466 0.00414751 0.00333226 0.00329266 0.0032743 0.00334439 0.0032459 0 0.00319862 0.00324527 0.0231132 0.0089252 0.116821 0.00875637 0.0647418 0.00889542 0.0101935 0.00873762 0.00871399 0.00872789 0.014696 0.00890549 0.150459 0.00901456 0.0426269 0.00943906 0.0384507 0.00964619 0.0107674 0.010416 0.00829926 0.0081198 0.00881362 0.00889921 0.015356 0.00972696 0.0141531 0.00953204 0.011956 0.00878071 0.00825683 0.00902479 0.00847225 0.00905161 0.00860851 0.00837866 0.00884589 0.00874324 0.0121898 0.00898305 0.00944322 0.00852793 0.00841476 0.00816688 0.00838808 0.00823438 0.0083084 0.00843763 0.00819719 0.0082572 0.00813956 0.00825483 0.00831208 0.00818206 0.00809454 0.00852047 0.00820338 0.00817944 0.0081461 0.00870359 0.00832341 0.00884975 
0.0168989 0.00985622 0.0312831 0.0103386 0.012954 0.014986 0.00904344 0.010872 0.0082473 0.00972681 0.00897808 0.00715009 0.0071751 0.00456049 0.00361578 0.00322946 0.00324542 0.00340063 0.00325212 0.00319862 0 0.00342526 0.00820904 0.0875566 0.00869756 0.0392806 0.00809346 0.0133272 0.0099218 0.00922488 0.0108997 0.0150633 0.00892387 0.0650979 0.00889152 0.0171506 0.00867425 0.0128165 0.00890474 0.00994245 0.00925481 0.00850251 0.00967515 0.00893805 0.00866618 0.00947044 0.00897713 0.00931433 0.00868152 0.00961739 0.00894182 0.00850662 0.00849637 0.00810814 0.00980369 0.00851858 0.00850137 0.00846572 0.00822894 0.00861226 0.00840502 0.00860834 0.00843944 0.00853734 0.00828774 0.00828 0.00806069 0.0082533 0.00827536 0.00813329 0.008244 0.00804174 0.0081396 0.00835325 0.00825631 0.00822283 0.0080949 0.00808129 0.00853169 0.00804048 0.00804597 0.00839728 0.00868532 0.00812291 
0.0177717 0.0121341 0.0099822 0.00951006 0.010951 0.0169459 0.00977207 0.00845865 0.00876773 0.00795961 0.00839277 0.00722106 0.0125953 0.00527032 0.00342402 0.00340614 0.00349382 0.00325407 0.00322192 0.00324527 0.00342526 0 0.0463762 0.013298 0.0128137 0.00899603 0.0114631 0.00864293 0.00905839 0.0110358 0.0145458 0.0114861 0.0525899 0.00911577 0.00960619 0.00892291 0.00878713 0.00859277 0.00902057 0.00872023 0.00844093 0.00863083 0.00880155 0.00941328 0.0101387 0.00833314 0.00853703 0.00826104 0.00830235 0.00831996 0.00846366 0.00823308 0.00828844 0.00889604 0.00841309 0.00830761 0.00857211 0.00829956 0.00813694 0.00816334 0.00827765 0.00822041 0.00816683 0.008185 0.00884663 0.00840969 0.00814615 0.00810851 0.00804477 0.00804394 0.00810506 0.00807632 0.00807727 0.00849363 0.0080638 0.00804008 0.00804813 0.00839543 0.00808147 0.00800907 0.00806308 0.00878674 0.00809853 0.00855616 
0.0109344 0.0170123 0.00882791 0.01372 0.0125202 0.0101576 0.011546 0.00934004 0.0123293 0.00964521 0.013533 0.0125129 0.015165 0.0152497 0.00976283 0.0170781 0.00928361 0.016822 0.0080486 0.0231132 0.00820904 0.0463762 0 0.00327461 0.00330335 0.00318173 0.00342271 0.00321734 0.00358131 0.00773509 0.00714619 0.012837 0.0206531 0.00902654 0.0132597 0.00891989 0.0108971 0.00887135 0.0170419 0.00906457 0.00892701 0.0102766 0.00980825 0.00948793 0.00946098 0.0086839 0.00927418 0.0086539 0.00914949 0.00862751 0.00902959 0.00912949 0.00987636 0.00875847 0.00824396 0.00878849 0.0102058 0.00825064 0.00835174 0.0083016 0.00914429 0.00838288 0.00866003 0.00846539 0.0099334 0.00801489 0.00813511 0.00804893 0.00808885 0.00820744 0.00799544 0.00812575 0.0084546 0.0082165 0.00809442 0.00807539 0.00847319 0.00854483 0.00797193 0.0080034 0.00852583 0.0089987 0.00812237 0.00959793 
0.0185807 0.00913966 0.0396336 0.00892508 0.0151067 0.0122969 0.00938545 0.023441 0.0104478 0.0306099 0.010011 0.0235529 0.0112362 0.00924154 0.0279503 0.0096071 0.0328782 0.00926766 0.0493247 0.0089252 0.0875566 0.013298 0.00327461 0 0.00321608 0.00328286 0.00322039 0.00339298 0.00362008 0.00466725 0.00608866 0.0144562 0.00899063 0.0570056 0.00917016 0.0391337 0.00882381 0.0502491 0.00920161 0.0213547 0.00999893 0.00911001 0.012326 0.0089755 0.00875572 0.0132167 0.0110083 0.016519 0.00937097 0.0155448 0.0102665 0.0100604 0.0088501 0.00817099 0.0101837 0.00907702 0.0102434 0.00850932 0.00863651 0.0111778 0.00901634 0.0104608 0.00899716 0.00969094 0.00849292 0.00812355 0.00816898 0.00843556 0.00837971 0.00828689 0.00844426 0.00823853 0.00828054 0.00809166 0.0082615 0.00822424 0.00818258 0.0079459 0.00828113 0.00815581 0.00825313 0.00808953 0.00860749 0.0083744 
0.00908687 0.057825 0.00894643 0.0273284 0.00843058 0.0089827 0.0144734 0.0094962 0.0320277 0.00966837 0.030482 0.00856419 0.00892261 0.0195592 0.00983778 0.0309591 0.00947578 0.0703711 0.00860161 0.116821 0.00869756 0.0128137 0.00330335 0.00321608 0 0.00315042 0.00339725 0.00319508 0.00322337 0.00325852 0.00447028 0.00906705 0.0181045 0.0087373 0.109151 0.00894204 0.0845964 0.0092093 0.0523185 0.00951482 0.0114047 0.0114969 0.00832806 0.00815291 0.00918921 0.00967822 0.0181411 0.00968117 0.0181339 0.00971065 0.0153735 0.00922713 0.00819229 0.00973327 0.00841992 0.00944794 0.008579 0.00829885 0.00903589 0.0087874 0.0114091 0.009009 0.00991837 0.00863881 0.00834395 0.00826789 0.00841234 0.00819692 0.00819914 0.00842823 0.00817542 0.00826943 0.00812191 0.00815489 0.00829248 0.00816049 0.0080715 0.00833249 0.00817087 0.00813446 0.00808847 0.00847559 0.00815951 0.00862066 
0.0203573 0.00891164 0.0797871 0.00864875 0.0229389 0.012882 0.00907613 0.0242108 0.0100774 0.0625205 0.00893525 0.0129735 0.0136321 0.00896028 0.0309619 0.00937268 0.0523455 0.00890889 0.116194 0.00875637 0.0392806 0.00899603 0.00318173 0.00328286 0.00315042 0 0.00319185 0.00332099 0.00329284 0.00326645 0.00377605 0.0165463 0.00871209 0.0556474 0.00904713 0.162218 0.0087864 0.0590874 0.00924889 0.0295767 0.0116609 0.0086829 0.0134975 0.0096628 0.00879232 0.0118626 0.0113666 0.0188111 0.00931373 0.0214504 0.00995514 0.00903586 0.00891854 0.00812855 0.0110617 0.00873375 0.0094112 0.00881351 0.00840241 0.0122686 0.00893091 0.0125648 0.00890742 0.00931782 0.00829745 0.00850905 0.00809713 0.00829601 0.00849734 0.00828174 0.00885765 0.00809117 0.00827713 0.00819038 0.00828119 0.00815642 0.00810275 0.00797278 0.00878324 0.00808756 0.00822642 0.0081101 0.00909172 0.00818565 
0.00894612 0.0404912 0.00889881 0.0317864 0.00856551 0.00884908 0.0136413 0.00972399 0.0540926 0.00957541 0.018378 0.00863749 0.00866263 0.0147957 0.00937564 0.0467181 0.00986105 0.0821367 0.00867639 0.0647418 0.00809346 0.0114631 0.00342271 0.00322039 0.00339725 0.00319185 0 0.00318475 0.00322963 0.00320314 0.00343449 0.0089872 0.0159376 0.00882571 0.123554 0.00895983 0.0671239 0.00916839 0.0449506 0.0097087 0.0110491 0.0118184 0.00830469 0.00810148 0.00873226 0.00978111 0.019017 0.00982666 0.0176982 0.00948526 0.0137518 0.00921217 0.0082051 0.00930929 0.00837238 0.00980347 0.00857418 0.00823688 0.00898165 0.00881514 0.01252 0.00890695 0.00995556 0.00853447 0.00843879 0.0081946 0.0083971 0.00814181 0.00813212 0.00854253 0.00810954 0.00831803 0.00805941 0.00823531 0.00821219 0.00808567 0.0080518 0.00855302 0.00815038 0.00806232 0.00808693 0.00875323 0.00826557 0.00858857 
0.0121425 0.00912321 0.0523025 0.00885453 0.00963394 0.00995274 0.00926 0.0382077 0.0108526 0.0341201 0.00907248 0.00992671 0.00986519 0.00923844 0.0399262 0.0108524 0.0589458 0.0102055 0.0365054 0.00889542 0.0133272 0.00864293 0.00321734 0.00339298 0.00319508 0.00332099 0.00318475 0 0.00322198 0.00318989 0.00346187 0.0126797 0.00883168 0.0471593 0.00949215 0.0433117 0.00933516 0.0500981 0.0100002 0.0184347 0.010475 0.00872009 0.00921509 0.00838204 0.00873909 0.0106508 0.0120704 0.0167139 0.00961803 0.0148505 0.0102622 0.0089586 0.00849997 0.008109 0.00915924 0.00873909 0.00877349 0.00851832 0.0084418 0.011482 0.00892015 0.0105593 0.00883821 0.00902675 0.00827642 0.00813553 0.00810466 0.00813197 0.00830617 0.00826505 0.00823034 0.00809178 0.00809669 0.00809601 0.00823358 0.00809964 0.00802441 0.00800067 0.00817516 0.00805449 0.00807261 0.00807426 0.00829829 0.00818999 
0.0094351 0.0198573 0.00945076 0.0111384 0.00870276 0.00938163 0.0287841 0.00975678 0.0151786 0.00996998 0.0181264 0.00878639 0.00985562 0.0177243 0.00981167 0.0282222 0.01073 0.0181024 0.00894203 0.0101935 0.0099218 0.00905839 0.00358131 0.00362008 0.00322337 0.00329284 0.00322963 0.00322198 0 0.00324915 0.00339976 0.0106152 0.0565009 0.0105352 0.0161223 0.00920322 0.022493 0.00927274 0.011712 0.00964616 0.00932729 0.00998207 0.0085463 0.00855396 0.00909788 0.00926659 0.0105557 0.00883318 0.00938628 0.00892771 0.00910692 0.00899423 0.00839351 0.00844863 0.0086146 0.00876198 0.00884074 0.00822868 0.00852414 0.00835928 0.00866239 0.00840663 0.00850657 0.00858048 0.00845301 0.00809388 0.00813041 0.00810145 0.00813324 0.00811238 0.00805215 0.00813617 0.00812297 0.00808609 0.00816673 0.00814302 0.00797212 0.00801375 0.00803026 0.00807853 0.00803351 0.00811273 0.00814465 0.00808711 
0.0171801 0.00929754 0.00955695 0.00884918 0.00877113 0.018273 0.00992475 0.0104696 0.00974373 0.01127 0.00962541 0.0105805 0.0202474 0.00967388 0.0130674 0.0110638 0.0193038 0.0111806 0.00985733 0.00873762 0.00922488 0.0110358 0.00773509 0.00466725 0.00325852 0.00326645 0.00320314 0.00318989 0.00324915 0 0.013086 0.0148233 0.0138513 0.0118771 0.00908161 0.0123953 0.00898506 0.0100348 0.00958795 0.00919737 0.00888628 0.00855446 0.00890209 0.00940271 0.0117167 0.00872215 0.00903196 0.00881598 0.00875667 0.00893526 0.0086822 0.00840351 0.00837057 0.00874283 0.00860174 0.00843712 0.0086262 0.00897863 0.00815328 0.00837472 0.00841265 0.00833893 0.00838424 0.00844402 0.00837892 0.00835334 0.00807728 0.00811376 0.00812468 0.00812275 0.0080551 0.0080444 0.00806746 0.00849632 0.00808744 0.00800833 0.00802427 0.00821653 0.00803913 0.00800272 0.00804993 0.00847145 0.00809431 0.00812258 
0.0136194 0.00938629 0.00951534 0.00889255 0.0122905 0.011373 0.0102115 0.00939657 0.00951615 0.00960104 0.0104097 0.0145151 0.0151374 0.0102547 0.0105016 0.00933225 0.00957256 0.00923803 0.00946891 0.00871399 0.0108997 0.0145458 0.00714619 0.00608866 0.00447028 0.00377605 0.00343449 0.00346187 0.00339976 0.013086 0 0.172221 0.0138236 0.0119039 0.00960407 0.00960236 0.00883719 0.00908089 0.0090076 0.00882463 0.00867175 0.00915239 0.0132914 0.0250692 0.010835 0.00867405 0.00848011 0.00832067 0.00825425 0.00831051 0.00831204 0.008503 0.00924498 0.00935648 0.00841495 0.0083555 0.00984493 0.0087757 0.00806307 0.00808898 0.00823548 0.00807021 0.00808561 0.00826674 0.00944935 0.00879692 0.0080551 0.00799613 0.00795698 0.00795724 0.00804782 0.0080275 0.00850045 0.00892244 0.00800959 0.00800129 0.00860691 0.00862043 0.0080672 0.00796111 0.00853168 0.0091218 0.00813913 0.00953644 
0.0148708 0.00856024 0.0102442 0.00829787 0.01796 0.013141 0.00880405 0.00928011 0.00935726 0.010242 0.00904487 0.0168442 0.0154884 0.00943075 0.0114706 0.00956334 0.0116409 0.00941986 0.0127501 0.00872789 0.0150633 0.0114861 0.012837 0.0144562 0.00906705 0.0165463 0.0089872 0.0126797 0.0106152 0.0148233 0.172221 0 0.00962686 0.0127447 0.00399296 0.00611144 0.00460418 0.00584641 0.0053479 0.00698569 0.00594916 0.00636531 0.0186078 0.127264 0.0141706 0.0109979 0.00980962 0.0100351 0.00900177 0.0100242 0.00915792 0.010172 0.0160202 0.00979516 0.0104619 0.00961524 0.0168826 0.0111498 0.00847739 0.0096372 0.00857202 0.00912107 0.00851573 0.009669 0.0119822 0.0103692 0.00835976 0.00834996 0.00843649 0.00808616 0.00879809 0.00812425 0.012076 0.00914954 0.0082407 0.00841166 0.0095443 0.00846067 0.0086006 0.00810212 0.00931502 0.00867214 0.0100182 0.00894444 
0.00995935 0.0112894 0.0084668 0.0115664 0.00961243 0.00855431 0.00970881 0.00880975 0.0113923 0.00898885 0.0140038 0.0112493 0.00985328 0.0132772 0.00928802 0.0140562 0.00943598 0.0138265 0.00868136 0.014696 0.00892387 0.0525899 0.0206531 0.00899063 0.0181045 0.00871209 0.0159376 0.00883168 0.0565009 0.0138513 0.0138236 0.00962686 0 0.00326878 0.0032724 0.0031709 0.00331367 0.00325449 0.00438477 0.0033207 0.00414504 0.00822242 0.01731 0.0169657 0.0291867 0.0132767 0.0160671 0.0103803 0.0145639 0.00967656 0.0158859 0.0127095 0.0152603 0.0148664 0.00976427 0.0158282 0.0168752 0.00950356 0.0107573 0.00880433 0.0134769 0.0089833 0.0114167 0.00956357 0.0175016 0.00854236 0.0100777 0.00837096 0.00828233 0.00931958 0.00814194 0.00892286 0.00956958 0.00897493 0.00826185 0.00867439 0.00991186 0.00915537 0.00807508 0.00841724 0.0103801 0.0101203 0.00847736 0.0115434 
0.0122854 0.00875621 0.0211971 0.00839275 0.0109731 0.00996711 0.00905061 0.0203018 0.0128002 0.0300045 0.00926271 0.011073 0.0102381 0.00895721 0.0356599 0.0123157 0.0375727 0.00974173 0.0392384 0.00890549 0.0650979 0.00911577 0.00902654 0.0570056 0.0087373 0.0556474 0.00882571 0.0471593 0.0105352 0.0118771 0.0119039 0.0127447 0.00326878 0 0.00319793 0.00326421 0.00318849 0.00335565 0.00330828 0.00379197 0.00582917 0.00483494 0.0201308 0.0184295 0.0168011 0.0469156 0.0176962 0.0496162 0.0112985 0.0525557 0.0147825 0.0176316 0.0109048 0.00897771 0.0456587 0.0115548 0.0157195 0.0115408 0.0093299 0.0338558 0.0103282 0.030593 0.0129435 0.0176899 0.0090139 0.0090139 0.00852897 0.0102008 0.00996401 0.00847404 0.0114244 0.00828923 0.00948666 0.00857117 0.008469 0.00851562 0.00829192 0.0080426 0.00924542 0.00821886 0.00859106 0.00841952 0.0101618 0.00843868 
0.00857477 0.0272394 0.00878762 0.0150494 0.00824013 0.00860935 0.0128438 0.0115484 0.0505079 0.0119741 0.0210048 0.0086476 0.00851493 0.0179241 0.0112194 0.0742028 0.0146792 0.0694095 0.00903673 0.150459 0.00889152 0.00960619 0.0132597 0.00917016 0.109151 0.00904713 0.123554 0.00949215 0.0161223 0.00908161 0.00960407 0.00399296 0.0032724 0.00319793 0 0.0031899 0.00333021 0.00324235 0.00330191 0.00332902 0.00384721 0.00630899 0.00491334 0.00940044 0.0164952 0.0170183 0.0774652 0.0136897 0.106193 0.0131333 0.059875 0.0145012 0.00894698 0.0139488 0.0100602 0.0221832 0.00991133 0.0090784 0.0239184 0.0106568 0.0652136 0.01292 0.0406691 0.0109401 0.00997045 0.0086737 0.0121557 0.00927461 0.00929398 0.0153134 0.00854541 0.0105412 0.00835941 0.00886047 0.00861655 0.00832613 0.00840941 0.0094488 0.00819482 0.00875198 0.00840471 0.0100213 0.00825894 0.00943094 
0.0118923 0.00864116 0.0348491 0.00837661 0.00970957 0.00994911 0.0091595 0.032541 0.015334 0.0591637 0.00933028 0.0103835 0.0110204 0.00878555 0.0553883 0.0133362 0.0728775 0.011081 0.174958 0.00901456 0.0171506 0.00892291 0.00891989 0.0391337 0.00894204 0.162218 0.00895983 0.0433117 0.00920322 0.0123953 0.00960236 0.00611144 0.0031709 0.00326421 0.0031899 0 0.00318022 0.00321508 0.00325366 0.00503905 0.00440605 0.00329514 0.00497478 0.0148208 0.0132043 0.033224 0.0164113 0.0964034 0.0120381 0.103684 0.0156949 0.0145995 0.010761 0.00866715 0.0331944 0.0109656 0.0148987 0.0112108 0.00929616 0.0605374 0.0119862 0.0572458 0.01577 0.0190879 0.00874339 0.0089588 0.00843744 0.0114417 0.0124608 0.0089676 0.013035 0.00838564 0.00880995 0.00848704 0.00846324 0.00850702 0.00815901 0.00801337 0.0091803 0.00821202 0.00829719 0.00827908 0.00949027 0.00822449 
0.00842238 0.0178399 0.00886145 0.0112928 0.00825218 0.00836485 0.0120551 0.0107534 0.0351434 0.0112976 0.0145974 0.00856273 0.00833965 0.0136716 0.0101068 0.0647116 0.0118849 0.115379 0.00886968 0.0426269 0.00867425 0.00878713 0.0108971 0.00882381 0.0845964 0.0087864 0.0671239 0.00933516 0.022493 0.00898506 0.00883719 0.00460418 0.00331367 0.00318849 0.00333021 0.00318022 0 0.00317998 0.00320711 0.00318515 0.00318695 0.00330742 0.00326172 0.0092116 0.0125495 0.0144294 0.0552849 0.0117282 0.0778963 0.011555 0.0461514 0.013426 0.00903516 0.0102938 0.00941722 0.0196271 0.00980712 0.00883883 0.0220026 0.0105004 0.0564149 0.0113297 0.0330902 0.010246 0.00941754 0.0082365 0.0109442 0.00911864 0.00907094 0.0141813 0.0086377 0.00891006 0.00822295 0.00826535 0.0083311 0.00818404 0.00813228 0.00836308 0.00812887 0.00832694 0.00812839 0.0087813 0.00820134 0.00874751 
0.0114151 0.00886102 0.0243865 0.00842691 0.00895177 0.0103917 0.00956587 0.0295927 0.0152543 0.0477706 0.0099375 0.00924827 0.00962844 0.00894318 0.0470914 0.0154411 0.143747 0.0116725 0.048521 0.00943906 0.0128165 0.00859277 0.00887135 0.0502491 0.0092093 0.0590874 0.00916839 0.0500981 0.00927274 0.0100348 0.00908089 0.00584641 0.00325449 0.00335565 0.00324235 0.00321508 0.00317998 0 0.00319146 0.0031663 0.00322619 0.00327623 0.00348086 0.0144693 0.0143204 0.0352228 0.0212863 0.102947 0.0148957 0.105215 0.0226021 0.0147516 0.0103846 0.00884579 0.0267016 0.0116008 0.0143709 0.0123208 0.00992247 0.0666025 0.0129429 0.0570035 0.0152489 0.0182073 0.00894163 0.00867121 0.00856565 0.0104724 0.0123284 0.00937965 0.0129084 0.00831345 0.00862107 0.00839863 0.00856278 0.00843095 0.00811528 0.00809125 0.00871607 0.00819679 0.00823408 0.00822841 0.00852702 0.00829969 
0.00867234 0.0155916 0.00923569 0.0112986 0.00842877 0.00861764 0.0124499 0.0127537 0.038667 0.0151893 0.0150881 0.00878463 0.00862332 0.0143087 0.0128027 0.142837 0.0155624 0.0501813 0.00997255 0.0384507 0.00890474 0.00902057 0.0170419 0.00920161 0.0523185 0.00924889 0.0449506 0.0100002 0.011712 0.00958795 0.0090076 0.0053479 0.00438477 0.00330828 0.00330191 0.00325366 0.00320711 0.00319146 0 0.00318947 0.00321462 0.00322193 0.00320943 0.0109828 0.0160132 0.0201559 0.0844954 0.0175958 0.106281 0.0158039 0.0588878 0.0130949 0.00964841 0.0112639 0.0106144 0.0209227 0.0111266 0.0097104 0.026031 0.0129528 0.0804928 0.0148864 0.0415849 0.0113094 0.00980036 0.00842017 0.0118437 0.00991271 0.0102124 0.013685 0.00893418 0.00880989 0.00834232 0.00855011 0.00853171 0.0083292 0.00821627 0.00847742 0.00819139 0.00847917 0.00825595 0.00881177 0.0081973 0.00882215 
0.0102679 0.00888018 0.0178254 0.00855564 0.00872133 0.00940947 0.00905594 0.0186971 0.0179222 0.0300795 0.00976681 0.00885438 0.00970152 0.00895851 0.07924 0.0171799 0.0418819 0.0124024 0.0327486 0.00964619 0.00994245 0.00872023 0.00906457 0.0213547 0.00951482 0.0295767 0.0097087 0.0184347 0.00964616 0.00919737 0.00882463 0.00698569 0.0033207 0.00379197 0.00332902 0.00503905 0.00318515 0.0031663 0.00318947 0 0.00320306 0.00321872 0.00333098 0.013212 0.014206 0.0349983 0.0303292 0.0678305 0.0268347 0.0484331 0.0225757 0.0133793 0.00951299 0.0090082 0.0194598 0.0118096 0.0118863 0.0156918 0.0101193 0.0394446 0.0159418 0.03554 0.0157422 0.0144477 0.00889957 0.00846847 0.00985336 0.0106762 0.0120206 0.00922515 0.010395 0.00846365 0.00857093 0.00836492 0.00848589 0.00838027 0.00821115 0.00805583 0.00852485 0.00827799 0.00828157 0.00819804 0.00848448 0.00837712 
0.00862765 0.00893579 0.0104926 0.00846012 0.00833579 0.00852852 0.00866675 0.0139514 0.0140299 0.0153461 0.00940403 0.00864071 0.00831784 0.015444 0.0143803 0.0186741 0.0169161 0.0143921 0.0116145 0.0107674 0.00925481 0.00844093 0.00892701 0.00999893 0.0114047 0.0116609 0.0110491 0.010475 0.00932729 0.00888628 0.00867175 0.00594916 0.00414504 0.00582917 0.00384721 0.00440605 0.00318695 0.00322619 0.00321462 0.00320306 0 0.00320627 0.00321358 0.0106541 0.0162496 0.02068 0.0441103 0.0366964 0.0271138 0.0228216 0.0235549 0.0109221 0.00936084 0.00895798 0.0131087 0.0125786 0.0104971 0.00889963 0.0105845 0.0161469 0.0174201 0.0166254 0.0223186 0.0108537 0.00895467 0.00844064 0.00883232 0.00925309 0.00978626 0.00922091 0.00895339 0.00837645 0.00832229 0.00829798 0.00833304 0.00829922 0.0082128 0.00811343 0.00823398 0.00827118 0.00828367 0.0082736 0.00830245 0.00844739 
0.00845143 0.00982571 0.00843379 0.00881061 0.00817273 0.00841536 0.00914144 0.00863282 0.0105295 0.00919257 0.00982333 0.0083267 0.0109779 0.00948192 0.00905318 0.0103044 0.0100641 0.0104758 0.00860905 0.010416 0.00850251 0.00863083 0.0102766 0.00911001 0.0114969 0.0086829 0.0118184 0.00872009 0.00998207 0.00855446 0.00915239 0.00636531 0.00822242 0.00483494 0.00630899 0.00329514 0.00330742 0.00327623 0.00322193 0.00321872 0.00320627 0 0.00340125 0.0107917 0.0146056 0.0263366 0.0347199 0.0122399 0.0234572 0.0114435 0.0145478 0.019395 0.00916613 0.0117001 0.0101814 0.0227981 0.0103519 0.00902165 0.011978 0.00909542 0.0134562 0.00975048 0.0106086 0.0120328 0.00914486 0.00892746 0.00946429 0.00840005 0.00843125 0.00888341 0.00834253 0.00873707 0.00825611 0.00913606 0.00823413 0.00819729 0.00820869 0.00885629 0.00815286 0.00825315 0.0081161 0.00922847 0.008312 0.00840796 
0.0128157 0.00813451 0.00937993 0.00812413 0.00940848 0.0115142 0.00839196 0.00870869 0.00878556 0.00937218 0.00834027 0.0101904 0.0125865 0.00841416 0.00915675 0.00880725 0.00929926 0.00856376 0.010861 0.00829926 0.00967515 0.00880155 0.00980825 0.012326 0.00832806 0.0134975 0.00830469 0.00921509 0.0085463 0.00890209 0.0132914 0.0186078 0.01731 0.0201308 0.00491334 0.00497478 0.00326172 0.00348086 0.00320943 0.00333098 0.00321358 0.00340125 0 0.0523338 0.0215347 0.0156274 0.0159871 0.0181054 0.0104614 0.0164311 0.0105041 0.011137 0.0189933 0.0101988 0.0129714 0.00957722 0.017668 0.0152775 0.0085986 0.00991305 0.00895758 0.00935438 0.00897633 0.0102643 0.0108374 0.0119496 0.00828496 0.00842247 0.00847732 0.00817527 0.00931207 0.00820204 0.00950872 0.010374 0.00827336 0.00833674 0.0083261 0.00868562 0.00880998 0.00800756 0.00816391 0.00946447 0.00911611 0.00841679 
