1UR2A
TGLKSAYKDNFLIGAALNATIASGADERLNTLIAKEFNSITPENCMKWGVLRDAQGQWNWKDADAFVAFGTKHNLHMVGHTLVWHSQIHDEVFKNADGSYISKAALQKKMEEHITTLAGRYKGKLAAWDVVNEAVGDDLKMRDSHWYKIMGDDFIYNAFTLANEVDPKAHLMYNDYNIERTGKREATVEMIERLQKRGMPIHGLGIQGHLGIDTPPIAEIEKSIIAFAKLGLRVHFTSLDVDVLPSVWELPVAEVSTRFEYKPERDPYTKGLPQEMQDKLAKRYEDLFKLFIKHSDKIDRATFWGVSDDASWLNGFPIPGRTNYPLLFDRKLQPKDAYFRLLDLKRLEHHH
CCHHHHCCCCCEEEEEECHHHHCCCCHHHHHHHHHHCCEEEECCCCCHHHHECCCCCECCHHHHHHHHHHHHHCCEEEEEEEECCCCCCHHHCECCCCCECCHHHHHHHHHHHHHHHHHHCCCCCCEEEEEECCECCCCCECCCHHHHHHCCHHHHHHHHHHHHHCCCCEEEEEECCCCCCCHHHHHHHHHHHHHHCCCCCCEEEECCEEECCCCCHHHHHHHHHHHHCCCCEEEEEEEEEECCCCCCCCCHHHCCHHHCCCHHHCCCCCCCCHHHHHHHHHHHHHHHHHHHHCHHHEEEEEECCCEHHHCHHHCCCCCCCCCCCCCECCCCCECHHHHHHHHHHHCCCCC
0 0 0 0 0 0 0 0 0 0 0 0 0 0 0 0 0 0 0 0 0 0 0 0 0 0 0 0 0 0 0 0 0 0 0 0 0 0 0 0 0 0 0 0 0 0 0 0 0 0 0 0 0 0 0 0 0 0 0 0 0 0 0 0 0 0 0 0 0 0 0 0 0 0 0 0 0 0 0 0 0 0 0 0 0 0 0 0 0 0 0 0 0 0 0 0 0 0 0 0 0 0 0 0 0 0 0 0 0 0 0 0 0 0 0 0 0 0 0 0 0 0 0 0 0 0 0 0 0 0 0 0 0 0 0 0 0 0 0 0 0 0 0 0 0 0 0 0 0 0 0 0 0 0 0 0 0 0 0 0 0 0 0 0 0 0 0 0 0 0 0 0 0 0 0 0 0 0 0 0 0 0 0 0 0 0 0 0 0 0 0 0 0 0 0 0 0 0 0 0 0 0 0 0 0 0 0 0 0 0 0 0 0 0 0 0 0 0 0 0 0 0 0 0 0 0 0 0 0 0 0 0 0 0 0 0 0 0 0 0 0 0 0 0 0 0 0 0 0 0 0 0 0 0 0 0 0 0 0 0 0 0 0 0 0 0 0 0 0 0 0 0 0 0 0 0 0 0 0 0 0 0 0 0 0 0 0 0 0 0 0 0 0 0 0 0 0 0 0 0 0 0 0 0 0 0 0 0 0 0 0 0 0 0 0 0 0 0 0 0 0 0 0 0 0 0 0 0 0 0 0 0 0 0 0 0 0 0 0 0 0 0 0 0 0 0 0 0 0 0 0 
0 0 0 0 0 0 0 0 0 0 0 0 0 0 0 0 0 0 0 0 0 0 0 0 0 0 0 0 0 0 0 0 0 0 0 0 0 0 0 0 0 0 0 0 0 0 0 0 0 0 0 0 0 0 0 0 0 0 0 0 0 0 0 0 0 0 0 0 0 0 0 0 0 0 0 0 0 0 0 0 0 0 0 0 0 0 0 0 0 0 0 0 0 0 0 0 0 0 0 0 0 0 0 0 0 0 0 0 0 0 0 0 0 0 0 0 0 0 0 0 0 0 0 0 0 0 0 0 0 0 0 0 0 0 0 0 0 0 0 0 0 0 0 0 0 0 0 0 0 0 0 0 0 0 0 0 0 0 0 0 0 0 0 0 0 0 0 0 0 0 0 0 0 0 0 0 0 0 0 0 0 0 0 0 0 0 0 0 0 0 0 0 0 0 0 0 0 0 0 0 0 0 0 0 0 0 0 0 0 0 0 0 0 0 0 0 0 0 0 0 0 0 0 0 0 0 0 0 0 0 0 0 0 0 0 0 0 0 0 0 0 0 0 0 0 0 0 0 0 0 0 0 0 0 0 0 0 0 0 0 0 0 0 0 0 0 0 0 0 0 0 0 0 0 0 0 0 0 0 0 0 0 0 0 0 0 0 0 0 0 0 0 0 0 0 0 0 0 0 0 0 0 0 0 0 0 0 0 0 0 0 0 0 0 0 0 0 0 0 0 0 0 0 0 0 0 0 0 0 0 0 0 0 0 0 0 0 0 0 0 0 0 0 0 0 0 0 0 0 0 0 
0 0.00325596 0.00325957 0.00322515 0.00348177 0.00522988 0.146207 0.0105296 0.0179879 0.0142162 0.0102923 0.00942301 0.0127578 0.00909548 0.0118364 0.00944982 0.00960283 0.0106299 0.0106418 0.0136559 0.00924818 0.0104402 0.00881528 0.00855431 0.00889687 0.00905701 0.00892829 0.00961599 0.00940876 0.00882135 0.00857744 0.00827206 0.00847898 0.00821598 0.00831375 0.0081304 0.00838166 0.00820276 0.00817295 0.00847073 0.00833605 0.00823569 0.00824671 0.00847179 0.00826462 0.00828515 0.00827262 0.00816846 0.00818727 0.00818225 0.00815967 0.00820049 0.00855213 0.00815929 0.00825135 0.00838838 0.00842875 0.00835146 0.00848873 0.00902439 0.00915354 0.00951542 
0.00325596 0 0.0032267 0.00321022 0.00324245 0.00327896 0.028973 0.134401 0.0113502 0.0153012 0.00937125 0.00894658 0.00875658 0.0259867 0.0102132 0.0173465 0.0158485 0.0142346 0.0167689 0.0102873 0.00830629 0.00819264 0.0088024 0.00912102 0.00969944 0.0112089 0.0100416 0.00918161 0.00826127 0.00814763 0.00822645 0.00928482 0.00871536 0.00892825 0.00845285 0.00814081 0.0081898 0.00843542 0.00831359 0.00819824 0.00810454 0.00838314 0.00820653 0.00809797 0.00870117 0.00838501 0.00869519 0.00832423 0.00833306 0.0084881 0.00839186 0.00828198 0.00819375 0.00830424 0.00832294 0.00846222 0.00843977 0.00847702 0.0082886 0.00839254 0.00863997 0.00841351 
0.00325957 0.0032267 0 0.00322757 0.00323937 0.00351233 0.321254 0.0185662 0.0489176 0.0101624 0.00897873 0.00838972 0.010324 0.0120729 0.0311174 0.0205763 0.0269072 0.0251315 0.0157153 0.0120283 0.00830565 0.00824204 0.00869284 0.00958994 0.0140638 0.0155861 0.0105384 0.00900081 0.00813423 0.00800312 0.00840095 0.0090125 0.00965984 0.00936694 0.00858565 0.00820758 0.00820244 0.00851823 0.00848374 0.00822175 0.00811947 0.00833647 0.00822519 0.00813834 0.00854884 0.00864577 0.00867433 0.00837024 0.00849759 0.00848195 0.00855181 0.00835344 0.0082568 0.00826054 0.00818583 0.00836183 0.00844094 0.00838424 0.0082832 0.0082726 0.00844098 0.00832637 
0.00322515 0.00321022 0.00322757 0 0.00322751 0.00322085 0.0267144 0.457271 0.017795 0.0218277 0.00880231 0.00846275 0.0097053 0.0224797 0.0234909 0.0334864 0.0257068 0.0291834 0.0180543 0.0130554 0.00836371 0.00818038 0.0094964 0.0108266 0.0149723 0.018361 0.0102935 0.00947401 0.00818616 0.00804994 0.00854814 0.0095091 0.00967461 0.00934144 0.00855704 0.00818153 0.00838691 0.00853394 0.00840011 0.00825394 0.00817867 0.00835417 0.00825151 0.00813535 0.00856494 0.00864215 0.00890699 0.00844554 0.0084788 0.00857997 0.00862546 0.00839457 0.00824592 0.00829625 0.0083158 0.00851268 0.00860777 0.00854888 0.00835041 0.00831133 0.00843928 0.00829671 
0.00348177 0.00324245 0.00323937 0.00322751 0 0.00328253 0.024714 0.0346679 0.554304 0.0142362 0.0106029 0.00865576 0.011412 0.0137305 0.0176426 0.0146837 0.0153843 0.0149489 0.0296497 0.0126018 0.00861002 0.00860263 0.00863938 0.0185246 0.0112086 0.0107464 0.0132622 0.0093972 0.00831588 0.00812271 0.00859636 0.00936125 0.00947223 0.00910265 0.00861416 0.00819477 0.00820164 0.00859128 0.00843433 0.00829972 0.00815829 0.00855378 0.00824149 0.00821959 0.00857234 0.00866261 0.00888086 0.00838036 0.00842964 0.0085806 0.00850883 0.00841085 0.00825569 0.00828106 0.00839798 0.00845514 0.00853295 0.00856712 0.00837138 0.00838633 0.00867262 0.00830397 
0.00522988 0.00327896 0.00351233 0.00322085 0.00328253 0 0.0218719 0.0276666 0.0149593 0.427694 0.0170462 0.017678 0.0175301 0.0114762 0.0111708 0.0109593 0.010687 0.0106189 0.0119169 0.0200069 0.0130983 0.0123704 0.0119365 0.00887 0.00892325 0.00891766 0.00949031 0.0109754 0.0105935 0.00975735 0.0097588 0.00858443 0.0084941 0.00857727 0.00825024 0.00826332 0.00866232 0.00828785 0.00822681 0.00853929 0.00853455 0.00824658 0.0082187 0.00862425 0.00833326 0.00840951 0.00862971 0.00821257 0.00828632 0.00823331 0.00833202 0.00823843 0.0083823 0.00889246 0.00838518 0.00834213 0.00834707 0.00839101 0.00836946 0.00921204 0.0101807 0.00944949 
0.146207 0.028973 0.321254 0.0267144 0.024714 0.0218719 0 0.00325603 0.00324517 0.00340293 0.00639842 0.0102847 0.111648 0.0112526 0.0150107 0.0113847 0.0192995 0.0126978 0.0123256 0.022269 0.010967 0.0122029 0.00951043 0.00911856 0.0104633 0.010216 0.00992472 0.0129921 0.0101696 0.00910388 0.00900987 0.00863131 0.00893039 0.00870055 0.00860768 0.00871882 0.00846765 0.00823883 0.00821981 0.00832641 0.00851281 0.00815392 0.00831738 0.00834946 0.00828181 0.00831803 0.0084473 0.0082711 0.0083297 0.0083432 0.00830073 0.00830001 0.00845831 0.00831104 0.00821004 0.0083502 0.00829841 0.00825152 0.00846176 0.00867941 0.00882732 0.00915505 
0.0105296 0.134401 0.0185662 0.457271 0.0346679 0.0276666 0.00325603 0 0.00325777 0.00323465 0.00554196 0.00899126 0.0093907 0.170997 0.0137205 0.0358211 0.0160314 0.0249433 0.0228354 0.0131648 0.00878129 0.00932086 0.00929996 0.0122175 0.0117462 0.0223843 0.0117575 0.00952421 0.00848371 0.00814148 0.00838256 0.00953521 0.00919417 0.0097884 0.00876139 0.00821051 0.00828547 0.00848566 0.00851249 0.008399 0.00813578 0.00838121 0.00828056 0.00809589 0.00872352 0.00845803 0.00873792 0.00839023 0.00840747 0.00850203 0.008439 0.00841997 0.00825124 0.0083065 0.00827731 0.008361 0.00841905 0.00837531 0.00826443 0.00827635 0.00842974 0.00830055 
0.0179879 0.0113502 0.0489176 0.017795 0.554304 0.0149593 0.00324517 0.00325777 0 0.00319109 0.00557836 0.00699666 0.0190442 0.0152786 0.0408047 0.0137297 0.0183496 0.0181039 0.030227 0.012521 0.00907159 0.00955839 0.00912007 0.00986175 0.0141336 0.0120025 0.0154142 0.00941422 0.00844669 0.00811297 0.00872063 0.00885066 0.00921475 0.00871197 0.00869961 0.00821186 0.00816846 0.00851702 0.00851395 0.0082864 0.00816542 0.00843982 0.0082547 0.00825811 0.00831744 0.00856681 0.00860037 0.00828944 0.00838002 0.00835582 0.00844925 0.00835753 0.00826174 0.00814633 0.00830826 0.00835442 0.0084118 0.00847221 0.00828881 0.00827383 0.00836984 0.00820619 
0.0142162 0.0153012 0.0101624 0.0218277 0.0142362 0.427694 0.00340293 0.00323465 0.00319109 0 0.00666216 0.0119699 0.0149299 0.0143393 0.00999533 0.012975 0.0118347 0.0114049 0.0109101 0.0210896 0.0127792 0.0118311 0.0110316 0.00936395 0.00872606 0.00886297 0.00914757 0.0118714 0.0102686 0.00983303 0.00979271 0.00850398 0.00827294 0.00847955 0.00822107 0.00819363 0.00843568 0.00852171 0.00814504 0.00838075 0.00870012 0.00813633 0.00821964 0.00835754 0.00822404 0.00825713 0.0083734 0.00814617 0.00824499 0.00821133 0.0082524 0.00817826 0.00823933 0.00870814 0.00814609 0.00822182 0.00821579 0.00825621 0.00825803 0.0086772 0.00943488 0.00866489 
0.0102923 0.00937125 0.00897873 0.00880231 0.0106029 0.0170462 0.00639842 0.00554196 0.00557836 0.00666216 0 0.86082 0.00941736 0.00956488 0.0088978 0.00866055 0.00937566 0.00862195 0.0105852 0.0148936 0.0202614 0.019537 0.00907365 0.00840955 0.00829263 0.00817815 0.00862812 0.0117879 0.0123921 0.0131962 0.00860279 0.00821786 0.00809332 0.00808437 0.00815952 0.00843149 0.00829847 0.00803791 0.00804882 0.00843099 0.00807909 0.00800212 0.00828986 0.00811514 0.00813243 0.00807943 0.00806597 0.00802553 0.0080237 0.00804791 0.00801708 0.0080598 0.00830004 0.00840704 0.00805409 0.0080836 0.00813607 0.00807312 0.00826654 0.00900244 0.00958232 0.0133631 
0.00942301 0.00894658 0.00838972 0.00846275 0.00865576 0.017678 0.0102847 0.00899126 0.00699666 0.0119699 0.86082 0 0.0122314 0.00845311 0.00752453 0.00777734 0.00832625 0.00923192 0.00919515 0.0129342 0.0186591 0.0195505 0.0086849 0.00813032 0.00815012 0.00816253 0.00833249 0.00984249 0.0124754 0.0116873 0.00841932 0.00808069 0.00807031 0.00805204 0.00802438 0.00825554 0.00818435 0.00802018 0.00799384 0.00819945 0.00803928 0.00800025 0.0081186 0.00812043 0.00817527 0.00806055 0.00805276 0.00802975 0.00801692 0.00809468 0.00801915 0.00806729 0.00814751 0.0085241 0.00812066 0.00813887 0.00813091 0.00813856 0.00827169 0.00865924 0.00979742 0.00942314 
0.0127578 0.00875658 0.010324 0.0097053 0.011412 0.0175301 0.111648 0.0093907 0.0190442 0.0149299 0.00941736 0.0122314 0 0.00347011 0.00321245 0.00321264 0.00321324 0.00353139 0.00339124 0.00587457 0.0126358 0.0277658 0.0119499 0.00934266 0.0113634 0.00965968 0.0111592 0.0149835 0.0128147 0.00984352 0.0102051 0.00837223 0.00894475 0.00854655 0.00889278 0.0094839 0.00834892 0.00811379 0.00841005 0.00857629 0.00854496 0.00811657 0.00895505 0.00934581 0.00813275 0.0090218 0.00822178 0.00824419 0.00826216 0.00823843 0.0083696 0.00824522 0.0093581 0.00804166 0.00802199 0.00814373 0.00814723 0.00818049 0.00819454 0.00871875 0.00867181 0.00919441 
0.00909548 0.0259867 0.0120729 0.0224797 0.0137305 0.0114762 0.0112526 0.170997 0.0152786 0.0143393 0.00956488 0.00845311 0.00347011 0 0.00318614 0.0031946 0.00330291 0.00329862 0.0056896 0.00334428 0.00773067 0.00903603 0.017127 0.0309353 0.0124618 0.0351488 0.0160377 0.0108738 0.00897824 0.00875602 0.00870707 0.0153081 0.010166 0.0124607 0.00947199 0.00829052 0.00856441 0.0089589 0.00868303 0.00874354 0.00821243 0.00864248 0.0082894 0.0080689 0.00972548 0.00855391 0.0092553 0.00853629 0.00863362 0.00911714 0.00853767 0.00906189 0.00825888 0.00837977 0.00811516 0.00828765 0.00838602 0.00838273 0.00833501 0.00811103 0.00841071 0.00822799 
0.0118364 0.0102132 0.0311174 0.0234909 0.0176426 0.0111708 0.0150107 0.0137205 0.0408047 0.00999533 0.0088978 0.00752453 0.00321245 0.00318614 0 0.00319299 0.0032237 0.00350515 0.00320437 0.00325121 0.00683038 0.00886054 0.023976 0.0157065 0.067629 0.03468 0.0204784 0.0117127 0.00876543 0.00835069 0.00927869 0.0104565 0.02448 0.0134735 0.0104403 0.00915288 0.00864659 0.00883772 0.00947606 0.00859142 0.00846487 0.0085479 0.00833316 0.00845802 0.00848865 0.00965499 0.00919659 0.00872939 0.00906768 0.00898075 0.00973265 0.00885124 0.00839167 0.00808131 0.00809013 0.0083978 0.00851378 0.00834455 0.00814774 0.0080688 0.0081806 0.00812106 
0.00944982 0.0173465 0.0205763 0.0334864 0.0146837 0.0109593 0.0113847 0.0358211 0.0137297 0.012975 0.00866055 0.00777734 0.00321264 0.0031946 0.00319299 0 0.00326605 0.00322227 0.00320604 0.00318457 0.006498 0.00820115 0.012634 0.0757889 0.0374173 0.0551857 0.0260723 0.0123403 0.00882062 0.00848251 0.0092392 0.0162698 0.0206354 0.017354 0.0117274 0.00927087 0.00875919 0.00951763 0.0101272 0.00900545 0.00832934 0.00888101 0.0086682 0.00828208 0.00925702 0.0097759 0.0113194 0.00946834 0.00966458 0.00987541 0.00978292 0.00932677 0.00852201 0.00830924 0.00831025 0.00847907 0.00867975 0.00853056 0.00826337 0.0080551 0.00821851 0.00813341 
0.00960283 0.0158485 0.0269072 0.0257068 0.0153843 0.010687 0.0192995 0.0160314 0.0183496 0.0118347 0.00937566 0.00832625 0.00321324 0.00330291 0.0032237 0.00326605 0 0.00320569 0.00318212 0.00322963 0.00643317 0.00869825 0.020848 0.0252766 0.0759186 0.0552002 0.0215449 0.0111792 0.00874794 0.00839549 0.0111275 0.0149304 0.0198557 0.0179503 0.0106137 0.00928446 0.00865805 0.00932289 0.00987007 0.00887549 0.00835616 0.00871255 0.00840579 0.00828876 0.0089496 0.00962789 0.00967672 0.00913938 0.0089098 0.008858 0.00951788 0.00858367 0.00845782 0.00836277 0.0081745 0.00834682 0.00840031 0.00865063 0.00818188 0.00805622 0.00818791 0.00829981 
0.0106299 0.0142346 0.0251315 0.0291834 0.0149489 0.0106189 0.0126978 0.0249433 0.0181039 0.0114049 0.00862195 0.00923192 0.00353139 0.00329862 0.00350515 0.00322227 0.00320569 0 0.00321864 0.00324674 0.00725973 0.00910375 0.0125948 0.0229671 0.0703688 0.0656134 0.0187016 0.012394 0.00895836 0.00847287 0.0096349 0.0129897 0.0235097 0.0179042 0.0103965 0.00904309 0.00901558 0.00905788 0.00983365 0.00876926 0.00836817 0.00871411 0.008678 0.00834621 0.00879993 0.00934386 0.0106082 0.00911431 0.00944634 0.00929116 0.00948254 0.00897321 0.00859811 0.00817436 0.00834893 0.00847011 0.00869853 0.00850693 0.0082732 0.00807516 0.00820452 0.00816793 
0.0106418 0.0167689 0.0157153 0.0180543 0.0296497 0.0119169 0.0123256 0.0228354 0.030227 0.0109101 0.0105852 0.00919515 0.00339124 0.0056896 0.00320437 0.00320604 0.00318212 0.00321864 0 0.00321898 0.00711303 0.00963921 0.0148962 0.0338477 0.0274369 0.0295938 0.0834697 0.0165835 0.00958462 0.00887007 0.0096476 0.016148 0.0155399 0.0179841 0.0159064 0.00912395 0.00883342 0.0101129 0.0168518 0.00912942 0.00881651 0.00920969 0.00939441 0.00842435 0.00890779 0.00940897 0.00984495 0.00878592 0.00928249 0.00893913 0.00928763 0.0093184 0.00862382 0.0083025 0.00819469 0.00858007 0.00848782 0.00854995 0.00826518 0.0080976 0.00824971 0.00814431 
0.0136559 0.0102873 0.0120283 0.0130554 0.0126018 0.0200069 0.022269 0.0131648 0.012521 0.0210896 0.0148936 0.0129342 0.00587457 0.00334428 0.00325121 0.00318457 0.00322963 0.00324674 0.00321898 0 0.0161991 0.0209208 0.0287168 0.0111014 0.0184574 0.0132818 0.034937 0.0976964 0.0139364 0.0113265 0.0225664 0.0110569 0.0120541 0.0109246 0.0102144 0.0102012 0.0106868 0.00885492 0.00884449 0.00986509 0.0103653 0.00874348 0.00893011 0.00935451 0.00855262 0.00929546 0.00895635 0.00853432 0.0086807 0.00851392 0.00858655 0.00856696 0.00895343 0.00825408 0.00820901 0.00826838 0.0083304 0.00830137 0.0083808 0.00827066 0.00898382 0.00833887 
0.00924818 0.00830629 0.00830565 0.00836371 0.00861002 0.0130983 0.010967 0.00878129 0.00907159 0.0127792 0.0202614 0.0186591 0.0126358 0.00773067 0.00683038 0.006498 0.00643317 0.00725973 0.00711303 0.0161991 0 0.981087 0.0126191 0.00946098 0.00919668 0.00975727 0.0106372 0.0172457 0.0291792 0.0290486 0.0105213 0.00842978 0.00830204 0.00834701 0.00831751 0.00937836 0.00872396 0.00813162 0.00813926 0.00899324 0.00861275 0.00818431 0.00908669 0.00928081 0.00809263 0.00820322 0.00805151 0.00801672 0.00804754 0.008025 0.00802419 0.00816651 0.00866579 0.00856539 0.0080049 0.00799445 0.00805095 0.00798884 0.00829744 0.0102895 0.0108648 0.0123922 
0.0104402 0.00819264 0.00824204 0.00818038 0.00860263 0.0123704 0.0122029 0.00932086 0.00955839 0.0118311 0.019537 0.0195505 0.0277658 0.00903603 0.00886054 0.00820115 0.00869825 0.00910375 0.00963921 0.0209208 0.981087 0 0.0175731 0.0105366 0.00977634 0.00899947 0.0139154 0.024106 0.0423743 0.0384942 0.014784 0.00959383 0.00906826 0.00888409 0.00874425 0.00976071 0.00974717 0.00809512 0.00817469 0.0091242 0.00920497 0.00813219 0.00969483 0.0115417 0.00805206 0.00876267 0.00803738 0.00804166 0.0080515 0.0080164 0.00816746 0.00809234 0.00913616 0.0083256 0.0080174 0.00808351 0.00815557 0.00806839 0.00835891 0.0104516 0.0106371 0.011265 
0.00881528 0.0088024 0.00869284 0.0094964 0.00863938 0.0119365 0.00951043 0.00929996 0.00912007 0.0110316 0.00907365 0.0086849 0.0119499 0.017127 0.023976 0.012634 0.020848 0.0125948 0.0148962 0.0287168 0.0126191 0.0175731 0 0.00362602 0.00319259 0.00322092 0.00328668 0.00464409 0.00674843 0.0116958 0.14603 0.0132828 0.0125339 0.0111709 0.0108435 0.0134227 0.0109689 0.00934464 0.00901047 0.0114197 0.00916999 0.00878926 0.0105318 0.00866925 0.00916894 0.00884626 0.00940125 0.00878444 0.0087715 0.00893547 0.00859296 0.00935833 0.00948509 0.00843908 0.00812586 0.00832776 0.00841936 0.00820856 0.00847056 0.00830685 0.00860743 0.00856233 
0.00855431 0.00912102 0.00958994 0.0108266 0.0185246 0.00887 0.00911856 0.0122175 0.00986175 0.00936395 0.00840955 0.00813032 0.00934266 0.0309353 0.0157065 0.0757889 0.0252766 0.0229671 0.0338477 0.0111014 0.00946098 0.0105366 0.00362602 0 0.00321078 0.00319657 0.00322576 0.00325486 0.00420163 0.00688175 0.0209897 0.210658 0.0160056 0.0288549 0.0195042 0.00942784 0.0111174 0.0132538 0.0117904 0.00925914 0.0088313 0.0110282 0.00881062 0.00840375 0.0106287 0.0100585 0.0137771 0.0111657 0.00975985 0.0110305 0.0095006 0.0121557 0.0086109 0.00820454 0.00831271 0.00866702 0.0086686 0.0086114 0.00823903 0.00810379 0.00817405 0.00812101 
0.00889687 0.00969944 0.0140638 0.0149723 0.0112086 0.00892325 0.0104633 0.0117462 0.0141336 0.00872606 0.00829263 0.00815012 0.0113634 0.0124618 0.067629 0.0374173 0.0759186 0.0703688 0.0274369 0.0184574 0.00919668 0.00977634 0.00319259 0.00321078 0 0.00318546 0.00320802 0.00322026 0.00397821 0.0061595 0.0374234 0.0220365 0.246904 0.0402926 0.0184979 0.00945995 0.0146887 0.0148392 0.0178443 0.00964867 0.0100672 0.00945037 0.00962676 0.00907678 0.0100455 0.0267493 0.0163228 0.0172408 0.0162339 0.0122185 0.0229791 0.0106049 0.00971511 0.00826947 0.00871321 0.00886092 0.00932039 0.00910935 0.00847517 0.00802365 0.00811144 0.00804772 
0.00905701 0.0112089 0.0155861 0.018361 0.0107464 0.00891766 0.010216 0.0223843 0.0120025 0.00886297 0.00817815 0.00816253 0.00965968 0.0351488 0.03468 0.0551857 0.0552002 0.0656134 0.0295938 0.0132818 0.00975727 0.00899947 0.00322092 0.00319657 0.00318546 0 0.00319351 0.00319904 0.00349456 0.00629538 0.0192287 0.0751264 0.0778635 0.116937 0.0141889 0.0099756 0.012314 0.031006 0.0184576 0.0100646 0.00986692 0.0112722 0.0094456 0.00913771 0.0141737 0.0233604 0.028719 0.0163885 0.0163304 0.0216071 0.0147825 0.0141378 0.00933564 0.0088074 0.00845328 0.00932475 0.00973886 0.00892525 0.00877236 0.00808995 0.00818809 0.00807677 
0.00892829 0.0100416 0.0105384 0.0102935 0.0132622 0.00949031 0.00992472 0.0117575 0.0154142 0.00914757 0.00862812 0.00833249 0.0111592 0.0160377 0.0204784 0.0260723 0.0215449 0.0187016 0.0834697 0.034937 0.0106372 0.0139154 0.00328668 0.00322576 0.00320802 0.00319351 0 0.00337457 0.00406027 0.0077203 0.015351 0.0582676 0.0383035 0.0387291 0.112028 0.011618 0.0119364 0.0150653 0.0328626 0.0135641 0.00993046 0.0147092 0.0104482 0.00916695 0.0104228 0.01219 0.014511 0.0115719 0.0115532 0.011251 0.0114255 0.0130839 0.0108818 0.00827854 0.0084309 0.00874115 0.00892731 0.00887807 0.00851176 0.00805064 0.00818932 0.00804396 
0.00961599 0.00918161 0.00900081 0.00947401 0.0093972 0.0109754 0.0129921 0.00952421 0.00941422 0.0118714 0.0117879 0.00984249 0.0149835 0.0108738 0.0117127 0.0123403 0.0111792 0.012394 0.0165835 0.0976964 0.0172457 0.024106 0.00464409 0.00325486 0.00322026 0.00319904 0.00337457 0 0.00483325 0.0145845 0.0275019 0.0149145 0.0260935 0.0193282 0.0440866 0.0669857 0.0137116 0.0110167 0.0127023 0.0279298 0.0146402 0.0103975 0.0182732 0.0103231 0.00920199 0.00942406 0.01042 0.00942756 0.00938869 0.00916718 0.00944053 0.0101318 0.0113103 0.00888886 0.00827706 0.00838663 0.00851341 0.0084157 0.00863453 0.00845496 0.008812 0.00830084 
0.00940876 0.00826127 0.00813423 0.00818616 0.00831588 0.0105935 0.0101696 0.00848371 0.00844669 0.0102686 0.0123921 0.0124754 0.0128147 0.00897824 0.00876543 0.00882062 0.00874794 0.00895836 0.00958462 0.0139364 0.0291792 0.0423743 0.00674843 0.00420163 0.00397821 0.00349456 0.00406027 0.00483325 0 0.981231 0.0221181 0.011576 0.0107013 0.0102786 0.013568 0.0149433 0.0109557 0.00894744 0.00909449 0.0122231 0.0105795 0.0088427 0.0116897 0.0107689 0.00864186 0.00833937 0.00840769 0.00834283 0.00818287 0.00832647 0.00821149 0.00858485 0.0103058 0.00877821 0.00806539 0.00806583 0.00815246 0.0080373 0.00847268 0.0107671 0.0119314 0.0127183 
0.00882135 0.00814763 0.00800312 0.00804994 0.00812271 0.00975735 0.00910388 0.00814148 0.00811297 0.00983303 0.0131962 0.0116873 0.00984352 0.00875602 0.00835069 0.00848251 0.00839549 0.00847287 0.00887007 0.0113265 0.0290486 0.0384942 0.0116958 0.00688175 0.0061595 0.00629538 0.0077203 0.0145845 0.981231 0 0.016255 0.0120033 0.00934531 0.0109654 0.0133412 0.0195429 0.0113321 0.00878434 0.00867471 0.0109495 0.00986688 0.00879166 0.00995025 0.00958904 0.00865656 0.00808286 0.00828083 0.00817841 0.00811125 0.00828655 0.0080754 0.00844814 0.0091729 0.00985455 0.00797788 0.00803793 0.00811005 0.00801193 0.00835479 0.0107248 0.0122094 0.0121935 
0.00857744 0.00822645 0.00840095 0.00854814 0.00859636 0.0097588 0.00900987 0.00838256 0.00872063 0.00979271 0.00860279 0.00841932 0.0102051 0.00870707 0.00927869 0.0092392 0.0111275 0.0096349 0.0096476 0.0225664 0.0105213 0.014784 0.14603 0.0209897 0.0374234 0.0192287 0.015351 0.0275019 0.0221181 0.016255 0 0.00331466 0.00327587 0.00326703 0.00329459 0.00372904 0.146957 0.0140583 0.0155392 0.0149678 0.0219102 0.0100607 0.0241327 0.0213256 0.0098885 0.0135436 0.0101407 0.0112069 0.0113165 0.00949916 0.0121966 0.0105412 0.0195675 0.00836045 0.00849647 0.00840902 0.00853215 0.00870459 0.00952982 0.00970554 0.00897044 0.00948517 
0.00827206 0.00928482 0.0090125 0.0095091 0.00936125 0.00858443 0.00863131 0.00953521 0.00885066 0.00850398 0.00821786 0.00808069 0.00837223 0.0153081 0.0104565 0.0162698 0.0149304 0.0129897 0.016148 0.0110569 0.00842978 0.00959383 0.0132828 0.210658 0.0220365 0.0751264 0.0582676 0.0149145 0.011576 0.0120033 0.00331466 0 0.00321132 0.00324826 0.00343901 0.00329313 0.0636078 0.151322 0.0226104 0.016637 0.0101781 0.0422811 0.0100427 0.00911102 0.0422923 0.0137265 0.0382675 0.0181638 0.0161165 0.0294386 0.0132548 0.0413189 0.0103171 0.00908302 0.00859338 0.0101843 0.0120544 0.00980503 0.00889794 0.00826714 0.00819806 0.00803241 
0.00847898 0.00871536 0.00965984 0.00967461 0.00947223 0.0084941 0.00893039 0.00919417 0.00921475 0.00827294 0.00809332 0.00807031 0.00894475 0.010166 0.02448 0.0206354 0.0198557 0.0235097 0.0155399 0.0120541 0.00830204 0.00906826 0.0125339 0.0160056 0.246904 0.0778635 0.0383035 0.0260935 0.0107013 0.00934531 0.00327587 0.00321132 0 0.00319374 0.00321718 0.00345459 0.261288 0.0371981 0.0955125 0.0120914 0.0157995 0.0102496 0.0147342 0.0106117 0.0133287 0.0870442 0.0277075 0.031338 0.0383616 0.0184773 0.0828807 0.0140976 0.0145107 0.00852219 0.00915138 0.0107265 0.0116014 0.0106785 0.00906336 0.00819943 0.00815672 0.00805993 
0.00821598 0.00892825 0.00936694 0.00934144 0.00910265 0.00857727 0.00870055 0.0097884 0.00871197 0.00847955 0.00808437 0.00805204 0.00854655 0.0124607 0.0134735 0.017354 0.0179503 0.0179042 0.0179841 0.0109246 0.00834701 0.00888409 0.0111709 0.0288549 0.0402926 0.116937 0.0387291 0.0193282 0.0102786 0.0109654 0.00326703 0.00324826 0.00319374 0 0.00319474 0.00319429 0.0284077 0.348169 0.0201017 0.0322698 0.0142471 0.0188838 0.0106338 0.00969938 0.022501 0.0185375 0.0499931 0.0214868 0.0203165 0.0459844 0.0170206 0.0268235 0.0115362 0.00908269 0.00893147 0.0106992 0.0125916 0.0095432 0.00939006 0.0081446 0.00813531 0.00798388 
0.00831375 0.00845285 0.00858565 0.00855704 0.00861416 0.00825024 0.00860768 0.00876139 0.00869961 0.00822107 0.00815952 0.00802438 0.00889278 0.00947199 0.0104403 0.0117274 0.0106137 0.0103965 0.0159064 0.0102144 0.00831751 0.00874425 0.0108435 0.0195042 0.0184979 0.0141889 0.112028 0.0440866 0.013568 0.0133412 0.00329459 0.00343901 0.00321718 0.00319474 0 0.00368491 0.0214412 0.0282203 0.43909 0.0249597 0.0181937 0.0368387 0.0141749 0.0100042 0.0126977 0.0147818 0.0143502 0.0139125 0.0176531 0.011356 0.0147765 0.0167087 0.0133303 0.00864727 0.00866248 0.00900684 0.00890483 0.00961252 0.00885535 0.00811307 0.00807253 0.00801176 
0.0081304 0.00814081 0.00820758 0.00818153 0.00819477 0.00826332 0.00871882 0.00821051 0.00821186 0.00819363 0.00843149 0.00825554 0.0094839 0.00829052 0.00915288 0.00927087 0.00928446 0.00904309 0.00912395 0.0102012 0.00937836 0.00976071 0.0134227 0.00942784 0.00945995 0.0099756 0.011618 0.0669857 0.0149433 0.0195429 0.00372904 0.00329313 0.00345459 0.00319429 0.00368491 0 0.0148733 0.0208097 0.0233393 0.311998 0.0152939 0.0113832 0.0491056 0.0113974 0.00938546 0.00974381 0.0109053 0.0100398 0.00938959 0.0091384 0.0098344 0.00960254 0.0160012 0.00989401 0.00823028 0.00832746 0.00851907 0.00858489 0.00853267 0.00851674 0.00847803 0.00820093 
0.00838166 0.0081898 0.00820244 0.00838691 0.00820164 0.00866232 0.00846765 0.00828547 0.00816846 0.00843568 0.00829847 0.00818435 0.00834892 0.00856441 0.00864659 0.00875919 0.00865805 0.00901558 0.00883342 0.0106868 0.00872396 0.00974717 0.0109689 0.0111174 0.0146887 0.012314 0.0119364 0.0137116 0.0109557 0.0113321 0.146957 0.0636078 0.261288 0.0284077 0.0214412 0.0148733 0 0.00366961 0.00324835 0.00366535 0.00558525 0.00484417 0.0160576 0.373582 0.0203191 0.0185199 0.0139889 0.0136956 0.0148011 0.0147579 0.0117988 0.0147044 0.0260684 0.00999927 0.00862454 0.00917261 0.0102158 0.00932318 0.0105266 0.00990982 0.00939382 0.0106579 
0.00820276 0.00843542 0.00851823 0.00853394 0.00859128 0.00828785 0.00823883 0.00848566 0.00851702 0.00852171 0.00803791 0.00802018 0.00811379 0.0089589 0.00883772 0.00951763 0.00932289 0.00905788 0.0101129 0.00885492 0.00813162 0.00809512 0.00934464 0.0132538 0.0148392 0.031006 0.0150653 0.0110167 0.00894744 0.00878434 0.0140583 0.151322 0.0371981 0.348169 0.0282203 0.0208097 0.00366961 0 0.00334411 0.00324197 0.00379193 0.00773525 0.0138469 0.0122253 0.435006 0.0123711 0.0403009 0.0138186 0.0178652 0.0231415 0.0154532 0.0488879 0.0118875 0.00905227 0.0088048 0.0112395 0.0133841 0.0102297 0.00979082 0.00837963 0.00849328 0.00811518 
0.00817295 0.00831359 0.00848374 0.00840011 0.00843433 0.00822681 0.00821981 0.00851249 0.00851395 0.00814504 0.00804882 0.00799384 0.00841005 0.00868303 0.00947606 0.0101272 0.00987007 0.00983365 0.0168518 0.00884449 0.00813926 0.00817469 0.00901047 0.0117904 0.0178443 0.0184576 0.0328626 0.0127023 0.00909449 0.00867471 0.0155392 0.0226104 0.0955125 0.0201017 0.43909 0.0233393 0.00324835 0.00334411 0 0.00343717 0.00645788 0.0189444 0.0184365 0.0255623 0.0111575 0.287298 0.0144202 0.0218346 0.0197217 0.0122352 0.0427655 0.026045 0.0282244 0.00921739 0.0100915 0.0112941 0.0104916 0.0202553 0.00932698 0.00831678 0.00810901 0.00799051 
0.00847073 0.00819824 0.00822175 0.00825394 0.00829972 0.00853929 0.00832641 0.008399 0.0082864 0.00838075 0.00843099 0.00819945 0.00857629 0.00874354 0.00859142 0.00900545 0.00887549 0.00876926 0.00912942 0.00986509 0.00899324 0.0091242 0.0114197 0.00925914 0.00964867 0.0100646 0.0135641 0.0279298 0.0122231 0.0109495 0.0149678 0.016637 0.0120914 0.0322698 0.0249597 0.311998 0.00366535 0.00324197 0.00343717 0 0.0138488 0.00494987 0.00520732 0.013227 0.01981 0.0103433 0.142419 0.0114187 0.0121682 0.016397 0.0113137 0.0287698 0.0448806 0.0151092 0.00871888 0.00911035 0.00976847 0.00956272 0.0129519 0.00940342 0.00976117 0.00848131 
0.00833605 0.00810454 0.00811947 0.00817867 0.00815829 0.00853455 0.00851281 0.00813578 0.00816542 0.00870012 0.00807909 0.00803928 0.00854496 0.00821243 0.00846487 0.00832934 0.00835616 0.00836817 0.00881651 0.0103653 0.00861275 0.00920497 0.00916999 0.0088313 0.0100672 0.00986692 0.00993046 0.0146402 0.0105795 0.00986688 0.0219102 0.0101781 0.0157995 0.0142471 0.0181937 0.0152939 0.00558525 0.00379193 0.00645788 0.0138488 0 0.00328867 0.00325726 0.189811 0.0158263 0.0424118 0.0107617 0.021838 0.0156248 0.00943051 0.0294186 0.0109097 0.0357366 0.00898334 0.00880572 0.00888511 0.00898633 0.00997612 0.01158 0.0103565 0.00891749 0.00934254 
0.00823569 0.00838314 0.00833647 0.00835417 0.00855378 0.00824658 0.00815392 0.00838121 0.00843982 0.00813633 0.00800212 0.00800025 0.00811657 0.00864248 0.0085479 0.00888101 0.00871255 0.00871411 0.00920969 0.00874348 0.00818431 0.00813219 0.00878926 0.0110282 0.00945037 0.0112722 0.0147092 0.0103975 0.0088427 0.00879166 0.0100607 0.0422811 0.0102496 0.0188838 0.0368387 0.0113832 0.00484417 0.00773525 0.0189444 0.00494987 0.00328867 0 0.003271 0.0110986 0.172617 0.01324 0.0450342 0.0133476 0.0217789 0.0235603 0.00985883 0.275066 0.0125023 0.010082 0.00870733 0.00924683 0.0102151 0.01014 0.0096592 0.0083667 0.00841569 0.00807142 
0.00824671 0.00820653 0.00822519 0.00825151 0.00824149 0.0082187 0.00831738 0.00828056 0.0082547 0.00821964 0.00828986 0.0081186 0.00895505 0.0082894 0.00833316 0.0086682 0.00840579 0.008678 0.00939441 0.00893011 0.00908669 0.00969483 0.0105318 0.00881062 0.00962676 0.0094456 0.0104482 0.0182732 0.0116897 0.00995025 0.0241327 0.0100427 0.0147342 0.0106338 0.0141749 0.0491056 0.0160576 0.0138469 0.0184365 0.00520732 0.00325726 0.003271 0 0.0416431 0.0104632 0.0376958 0.0210503 0.0342435 0.016055 0.0124944 0.0430172 0.0233245 0.300058 0.0112731 0.00873818 0.00924153 0.00906442 0.00967809 0.0107247 0.00938509 0.00906066 0.00847428 
0.00847179 0.00809797 0.00813834 0.00813535 0.00821959 0.00862425 0.00834946 0.00809589 0.00825811 0.00835754 0.00811514 0.00812043 0.00934581 0.0080689 0.00845802 0.00828208 0.00828876 0.00834621 0.00842435 0.00935451 0.00928081 0.0115417 0.00866925 0.00840375 0.00907678 0.00913771 0.00916695 0.0103231 0.0107689 0.00958904 0.0213256 0.00911102 0.0106117 0.00969938 0.0100042 0.0113974 0.373582 0.0122253 0.0255623 0.013227 0.189811 0.0110986 0.0416431 0 0.00402446 0.00329224 0.00324452 0.00332228 0.00418514 0.00359394 0.00445189 0.00451614 0.01459 0.00981031 0.0103478 0.00910611 0.00936227 0.0116786 0.00983074 0.0143736 0.00974681 0.0109928 
0.00826462 0.00870117 0.00854884 0.00856494 0.00857234 0.00833326 0.00828181 0.00872352 0.00831744 0.00822404 0.00813243 0.00817527 0.00813275 0.00972548 0.00848865 0.00925702 0.0089496 0.00879993 0.00890779 0.00855262 0.00809263 0.00805206 0.00916894 0.0106287 0.0100455 0.0141737 0.0104228 0.00920199 0.00864186 0.00865656 0.0098885 0.0422923 0.0133287 0.022501 0.0126977 0.00938546 0.0203191 0.435006 0.0111575 0.01981 0.0158263 0.172617 0.0104632 0.00402446 0 0.0032435 0.00323797 0.00322233 0.00330925 0.00353623 0.00331692 0.0233815 0.00424311 0.0637226 0.00979129 0.0175692 0.0305305 0.0102441 0.0135507 0.00920981 0.00911839 0.008211 
0.00828515 0.00838501 0.00864577 0.00864215 0.00866261 0.00840951 0.00831803 0.00845803 0.00856681 0.00825713 0.00807943 0.00806055 0.0090218 0.00855391 0.00965499 0.0097759 0.00962789 0.00934386 0.00940897 0.00929546 0.00820322 0.00876267 0.00884626 0.0100585 0.0267493 0.0233604 0.01219 0.00942406 0.00833937 0.00808286 0.0135436 0.0137265 0.0870442 0.0185375 0.0147818 0.00974381 0.0185199 0.0123711 0.287298 0.0103433 0.0424118 0.01324 0.0376958 0.00329224 0.0032435 0 0.00320619 0.00323405 0.00320559 0.00323695 0.00456589 0.0033257 0.00543985 0.0102521 0.0355831 0.0315834 0.0183558 0.0375787 0.00963647 0.00915348 0.00836282 0.00821388 
0.00827262 0.00869519 0.00867433 0.00890699 0.00888086 0.00862971 0.0084473 0.00873792 0.00860037 0.0083734 0.00806597 0.00805276 0.00822178 0.0092553 0.00919659 0.0113194 0.00967672 0.0106082 0.00984495 0.00895635 0.00805151 0.00803738 0.00940125 0.0137771 0.0163228 0.028719 0.014511 0.01042 0.00840769 0.00828083 0.0101407 0.0382675 0.0277075 0.0499931 0.0143502 0.0109053 0.0139889 0.0403009 0.0144202 0.142419 0.0107617 0.0450342 0.0210503 0.00324452 0.00323797 0.00320619 0 0.00320144 0.00322725 0.00325083 0.00328453 0.00367939 0.00361646 0.0230879 0.011568 0.0448137 0.0923734 0.0167375 0.0170234 0.00888223 0.00876535 0.00819102 
0.00816846 0.00832423 0.00837024 0.00844554 0.00838036 0.00821257 0.0082711 0.00839023 0.00828944 0.00814617 0.00802553 0.00802975 0.00824419 0.00853629 0.00872939 0.00946834 0.00913938 0.00911431 0.00878592 0.00853432 0.00801672 0.00804166 0.00878444 0.0111657 0.0172408 0.0163885 0.0115719 0.00942756 0.00834283 0.00817841 0.0112069 0.0181638 0.031338 0.0214868 0.0139125 0.0100398 0.0136956 0.0138186 0.0218346 0.0114187 0.021838 0.0133476 0.0342435 0.00332228 0.00322233 0.00323405 0.00320144 0 0.00383974 0.00321604 0.00320878 0.00326293 0.0034378 0.0151149 0.0201009 0.025843 0.0260872 0.0206674 0.0122806 0.00866714 0.00837631 0.00816467 
0.00818727 0.00833306 0.00849759 0.0084788 0.00842964 0.00828632 0.0083297 0.00840747 0.00838002 0.00824499 0.0080237 0.00801692 0.00826216 0.00863362 0.00906768 0.00966458 0.0089098 0.00944634 0.00928249 0.0086807 0.00804754 0.0080515 0.0087715 0.00975985 0.0162339 0.0163304 0.0115532 0.00938869 0.00818287 0.00811125 0.0113165 0.0161165 0.0383616 0.0203165 0.0176531 0.00938959 0.0148011 0.0178652 0.0197217 0.0121682 0.0156248 0.0217789 0.016055 0.00418514 0.00330925 0.00320559 0.00322725 0.00383974 0 0.0032467 0.00344071 0.00323981 0.00335053 0.015123 0.0217777 0.0280632 0.0239697 0.0232668 0.0103116 0.00895433 0.00839559 0.00815046 
0.00818225 0.0084881 0.00848195 0.00857997 0.0085806 0.00823331 0.0083432 0.00850203 0.00835582 0.00821133 0.00804791 0.00809468 0.00823843 0.00911714 0.00898075 0.00987541 0.008858 0.00929116 0.00893913 0.00851392 0.008025 0.0080164 0.00893547 0.0110305 0.0122185 0.0216071 0.011251 0.00916718 0.00832647 0.00828655 0.00949916 0.0294386 0.0184773 0.0459844 0.011356 0.0091384 0.0147579 0.0231415 0.0122352 0.016397 0.00943051 0.0235603 0.0124944 0.00359394 0.00353623 0.00323695 0.00325083 0.00321604 0.0032467 0 0.00319207 0.0032294 0.00322044 0.0298795 0.0111234 0.032361 0.0691521 0.0145434 0.0133992 0.00864682 0.00859665 0.00816636 
0.00815967 0.00839186 0.00855181 0.00862546 0.00850883 0.00833202 0.00830073 0.008439 0.00844925 0.0082524 0.00801708 0.00801915 0.0083696 0.00853767 0.00973265 0.00978292 0.00951788 0.00948254 0.00928763 0.00858655 0.00802419 0.00816746 0.00859296 0.0095006 0.0229791 0.0147825 0.0114255 0.00944053 0.00821149 0.0080754 0.0121966 0.0132548 0.0828807 0.0170206 0.0147765 0.0098344 0.0117988 0.0154532 0.0427655 0.0113137 0.0294186 0.00985883 0.0430172 0.00445189 0.00331692 0.00456589 0.00328453 0.00320878 0.00344071 0.00319207 0 0.00321115 0.00321663 0.0128392 0.035063 0.0355865 0.0228311 0.0495779 0.0107825 0.00904138 0.0082601 0.00821091 
0.00820049 0.00828198 0.00835344 0.00839457 0.00841085 0.00823843 0.00830001 0.00841997 0.00835753 0.00817826 0.0080598 0.00806729 0.00824522 0.00906189 0.00885124 0.00932677 0.00858367 0.00897321 0.0093184 0.00856696 0.00816651 0.00809234 0.00935833 0.0121557 0.0106049 0.0141378 0.0130839 0.0101318 0.00858485 0.00844814 0.0105412 0.0413189 0.0140976 0.0268235 0.0167087 0.00960254 0.0147044 0.0488879 0.026045 0.0287698 0.0109097 0.275066 0.0233245 0.00451614 0.0233815 0.0033257 0.00367939 0.00326293 0.00323981 0.0032294 0.00321115 0 0.00325994 0.0299696 0.0202516 0.0280161 0.074881 0.0460096 0.036468 0.00919086 0.0092934 0.0082003 
0.00855213 0.00819375 0.0082568 0.00824592 0.00825569 0.0083823 0.00845831 0.00825124 0.00826174 0.00823933 0.00830004 0.00814751 0.0093581 0.00825888 0.00839167 0.00852201 0.00845782 0.00859811 0.00862382 0.00895343 0.00866579 0.00913616 0.00948509 0.0086109 0.00971511 0.00933564 0.0108818 0.0113103 0.0103058 0.0091729 0.0195675 0.0103171 0.0145107 0.0115362 0.0133303 0.0160012 0.0260684 0.0118875 0.0282244 0.0448806 0.0357366 0.0125023 0.300058 0.01459 0.00424311 0.00543985 0.00361646 0.0034378 0.00335053 0.00322044 0.00321663 0.00325994 0 0.0190373 0.0134563 0.0229136 0.0179773 0.0636655 0.0889698 0.016123 0.0126492 0.00950378 
0.00815929 0.00830424 0.00826054 0.00829625 0.00828106 0.00889246 0.00831104 0.0083065 0.00814633 0.00870814 0.00840704 0.0085241 0.00804166 0.00837977 0.00808131 0.00830924 0.00836277 0.00817436 0.0083025 0.00825408 0.00856539 0.0083256 0.00843908 0.00820454 0.00826947 0.0088074 0.00827854 0.00888886 0.00877821 0.00985455 0.00836045 0.00908302 0.00852219 0.00908269 0.00864727 0.00989401 0.00999927 0.00905227 0.00921739 0.0151092 0.00898334 0.010082 0.0112731 0.00981031 0.0637226 0.0102521 0.0230879 0.0151149 0.015123 0.0298795 0.0128392 0.0299696 0.0190373 0 0.00321799 0.00327668 0.00333897 0.00332064 0.00394635 0.00441915 0.0267473 0.0202716 
0.00825135 0.00832294 0.00818583 0.0083158 0.00839798 0.00838518 0.00821004 0.00827731 0.00830826 0.00814609 0.00805409 0.00812066 0.00802199 0.00811516 0.00809013 0.00831025 0.0081745 0.00834893 0.00819469 0.00820901 0.0080049 0.0080174 0.00812586 0.00831271 0.00871321 0.00845328 0.0084309 0.00827706 0.00806539 0.00797788 0.00849647 0.00859338 0.00915138 0.00893147 0.00866248 0.00823028 0.00862454 0.0088048 0.0100915 0.00871888 0.00880572 0.00870733 0.00873818 0.0103478 0.00979129 0.0355831 0.011568 0.0201009 0.0217777 0.0111234 0.035063 0.0202516 0.0134563 0.00321799 0 0.00319322 0.003236 0.00321764 0.00326675 0.00382432 0.0100796 0.00932629 
0.00838838 0.00846222 0.00836183 0.00851268 0.00845514 0.00834213 0.0083502 0.008361 0.00835442 0.00822182 0.0080836 0.00813887 0.00814373 0.00828765 0.0083978 0.00847907 0.00834682 0.00847011 0.00858007 0.00826838 0.00799445 0.00808351 0.00832776 0.00866702 0.00886092 0.00932475 0.00874115 0.00838663 0.00806583 0.00803793 0.00840902 0.0101843 0.0107265 0.0106992 0.00900684 0.00832746 0.00917261 0.0112395 0.0112941 0.00911035 0.00888511 0.00924683 0.00924153 0.00910611 0.0175692 0.0315834 0.0448137 0.025843 0.0280632 0.032361 0.0355865 0.0280161 0.0229136 0.00327668 0.00319322 0 0.00321222 0.00322601 0.00322294 0.00339808 0.0111956 0.00867013 
0.00842875 0.00843977 0.00844094 0.00860777 0.00853295 0.00834707 0.00829841 0.00841905 0.0084118 0.00821579 0.00813607 0.00813091 0.00814723 0.00838602 0.00851378 0.00867975 0.00840031 0.00869853 0.00848782 0.0083304 0.00805095 0.00815557 0.00841936 0.0086686 0.00932039 0.00973886 0.00892731 0.00851341 0.00815246 0.00811005 0.00853215 0.0120544 0.0116014 0.0125916 0.00890483 0.00851907 0.0102158 0.0133841 0.0104916 0.00976847 0.00898633 0.0102151 0.00906442 0.00936227 0.0305305 0.0183558 0.0923734 0.0260872 0.0239697 0.0691521 0.0228311 0.074881 0.0179773 0.00333897 0.003236 0.00321222 0 0.0032244 0.00323488 0.00341321 0.0143179 0.0100882 
0.00835146 0.00847702 0.00838424 0.00854888 0.00856712 0.00839101 0.00825152 0.00837531 0.00847221 0.00825621 0.00807312 0.00813856 0.00818049 0.00838273 0.00834455 0.00853056 0.00865063 0.00850693 0.00854995 0.00830137 0.00798884 0.00806839 0.00820856 0.0086114 0.00910935 0.00892525 0.00887807 0.0084157 0.0080373 0.00801193 0.00870459 0.00980503 0.0106785 0.0095432 0.00961252 0.00858489 0.00932318 0.0102297 0.0202553 0.00956272 0.00997612 0.01014 0.00967809 0.0116786 0.0102441 0.0375787 0.0167375 0.0206674 0.0232668 0.0145434 0.0495779 0.0460096 0.0636655 0.00332064 0.00321764 0.00322601 0.0032244 0 0.00322118 0.00357628 0.0115216 0.00951362 
