1UXYA
HSLKPWNTFGIDHNAQHIVCAEDEQQLLNAWQYATAEGQPVLILGEGSNVLFLEDYRGTVIINRIKGIEIHDEPDAWYLHVGAGENWHRLVKYTLQEGMPGLENLALIPGCVGSSPIQNIGAYGVELQRVCAYVDSVELATGKQVRLTAKECRFGYRDSIFKHEYQDRFAIVAVGLRLPKEWQPVLTYGDLTRLDPTTVTPQQVFNAVCHMRTTKLPDPKVNGNAGAFFKNPVVSAETAKALLSQFPTAPNYPQADGSVKLAAGWLIDQCQLKGMQIGGAAVHRQQALVLINEDNAKSEDVVQLAHHVRQKVGEKFNVWLEPEVRFIGASGEVSAVETIS
CECHHHCCCCCCCEEEEEEEECCHHHHHHHHHHHHHCCCCEEEECCCCCEEECCCEEEEEEEECCCCEEEEECCCEEEEEEECCCEHHHHHHHHHHCCCCCCHHHCCCCCEHHHCCCCCCEECCEEHHHCEEEEEEEECCCCEEEEEECHHHCCECCECHHHCCCCCCEEEEEEEEEEECCCCCCCCCHHHHHCCCCCCCHHHHHHHHHHHHHHHCCCCCCCCEEEECECCCEECHHHHHHHHHHCCCCCEEECCCCCEEECHHHHHHHCCCCCCEECCEEECCCCCCEEEECCCCCHHHHHHHHHHHHHHHHHHHCCCCCECCEEEECCEECCHHHHHC
0 0 0 0 0 0 0 0 0 0 0 0 0 0 0 0 0 0 0 0 0 0 0 0 0 0 0 0 0 0 0 0 0 0 0 0 0 0 0 0 0 0 0 0 0 0 0 0 0 0 0 0 0 0 0 0 0 0 0 0 0 0 0 0 0 0 0 0 0 0 0 0 0 0 0 0 0 0 0 0 0 0 0 0 0 0 0 0 0 0 0 0 0 0 0 0 0 0 0 0 0 0 0 0 0 0 0 0 0 0 0 0 0 0 0 0 0 0 0 0 0 0 0 0 0 0 0 0 0 0 0 0 0 0 0 0 0 0 0 0 0 0 0 0 0 0 0 0 0 0 0 0 0 0 0 0 0 0 0 0 0 0 0 0 0 0 0 0 0 0 0 0 0 0 0 0 0 0 0 0 0 0 0 0 0 0 0 0 0 0 0 0 0 0 0 0 0 0 0 0 0 0 0 0 0 0 0 0 0 0 0 0 0 0 0 0 0 0 0 0 0 0 0 0 0 0 0 0 0 0 0 0 0 0 0 0 0 0 0 0 0 0 0 0 0 0 0 0 0 0 0 0 0 0 0 0 0 0 0 0 0 0 0 0 0 0 0 0 0 0 0 0 0 0 0 0 0 0 0 0 0 0 0 0 0 0 0 0 0 0 0 0 0 0 0 0 0 0 0 0 0 0 0 0 0 0 0 0 0 0 0 0 0 0 0 0 0 0 0 0 0 0 0 0 0 0 0 0 0 0 0 0 0 0 0 0 0 0 0 0 
0 0 0 0 0 0 0 0 0 0 0 0 0 0 0 0 0 0 0 0 0 0 0 0 0 0 0 0 0 0 0 0 0 0 0 0 0 0 0 0 0 0 0 0 0 0 0 0 0 0 0 0 0 0 0 0 0 0 0 0 0 0 0 0 0 0 0 0 0 0 0 0 0 0 0 0 0 0 0 0 0 0 0 0 0 0 0 0 0 0 0 0 0 0 0 0 0 0 0 0 0 0 0 0 0 0 0 0 0 0 0 0 0 0 0 0 0 0 0 0 0 0 0 0 0 0 0 0 0 0 0 0 0 0 0 0 0 0 0 0 0 0 0 0 0 0 0 0 0 0 0 0 0 0 0 0 0 0 0 0 0 0 0 0 0 0 0 0 0 0 0 0 0 0 0 0 0 0 0 0 0 0 0 0 0 0 0 0 0 0 0 0 0 0 0 0 0 0 0 0 0 0 0 0 0 0 0 0 0 0 0 0 0 0 0 0 0 0 0 0 0 0 0 0 0 0 0 0 0 0 0 0 0 0 0 0 0 0 0 0 0 0 0 0 0 0 0 0 0 0 0 0 0 0 0 0 0 0 0 0 0 0 0 0 0 0 0 0 0 0 0 0 0 0 0 0 0 0 0 0 0 0 0 0 0 0 0 0 0 0 0 0 0 0 0 0 0 0 0 0 0 0 0 0 0 0 0 0 0 0 0 0 0 0 0 0 0 0 0 0 0 0 0 0 0 0 0 0 0 0 0 0 0 0 0 0 0 0 0 0 
0 0.242631 0.00899236 0.0101106 0.00744909 0.00800548 0.0102948 0.0107512 0.0283465 0.0344264 0.0111761 0.0108234 0.019042 0.0278115 0.0122295 0.0171122 0.0183554 0.00988792 0.00897808 0.0101205 0.00932014 0.0097623 0.0105121 0.0126687 0.015395 0.00911127 0.00826934 0.00865229 0.0101917 0.0156682 0.00913806 0.00889455 0.0084202 0.00889778 0.00897505 0.0104047 0.0367971 0.0183321 0.0111929 0.00906911 0.0109656 0.0102542 0.0131688 0.00821168 0.00817102 0.00815427 0.00820933 0.00826057 0.0082054 0.00994262 0.0106444 0.00831518 0.00807748 0.00820945 0.00815363 0.0109482 0.0149356 0.0111462 0.0110729 0.00843847 0.00823009 0.00816534 0.00816679 0.0081211 0.00823158 0.00808891 0.00832145 0.0080803 0.00853463 0.00938929 0.00810886 0.00804476 0.00820777 0.0126697 0.00910795 0.00851808 0.00941881 0.00830743 0.00852693 0.00923049 0.0083226 0.00880077 0.0096667 0.00845708 0.00929083 0.00847685 0.00877326 0.0098545 0.0086187 0.00836441 0.00992563 0.010926 0.0115306 0.00864606 0.00880889 0.0102607 0.0104921 0.0104919 
0.242631 0 0.00379107 0.00325963 0.00329356 0.00331131 0.0034179 0.00376655 0.00652779 0.0277746 0.0106548 0.0153763 0.0146907 0.0135891 0.0108687 0.0200008 0.00939506 0.0105041 0.00871444 0.0114332 0.00979519 0.0116179 0.012272 0.0124025 0.00993692 0.0102627 0.00856018 0.00911469 0.010022 0.00863744 0.00855169 0.00870652 0.00839128 0.00972496 0.00871358 0.011684 0.0108605 0.0100553 0.00850193 0.00847619 0.00820373 0.0105573 0.0082546 0.00828159 0.00829057 0.00808857 0.00853489 0.00827662 0.00812761 0.0109315 0.00851079 0.00800198 0.00799174 0.0092576 0.00799163 0.0125868 0.00901936 0.00905072 0.00837667 0.00820608 0.00840402 0.00823271 0.00838038 0.00827086 0.00846892 0.00822987 0.00890314 0.00812528 0.00842224 0.00823071 0.00801827 0.00801813 0.00815984 0.00856077 0.00823127 0.00828393 0.00830674 0.00807055 0.00828344 0.00822899 0.00810698 0.00863115 0.00838669 0.0081018 0.00834341 0.00817666 0.00825789 0.00831425 0.00828764 0.0082359 0.00830052 0.00865423 0.00879595 0.00831148 0.00830593 0.00846523 0.00846938 0.00908449 
0.00899236 0.00379107 0 0.00319117 0.00321635 0.00325695 0.00321772 0.00354576 0.00356683 0.0119371 0.0338597 0.00956258 0.0127629 0.0124021 0.0114132 0.0102144 0.0109159 0.00865978 0.0144104 0.009678 0.0128937 0.0111852 0.0125237 0.0104053 0.00953316 0.00850983 0.00938936 0.008496 0.00866336 0.00893389 0.0086975 0.00870279 0.0116158 0.0087311 0.0143929 0.00883002 0.00841278 0.00809253 0.00828872 0.00826062 0.00854459 0.00806556 0.00826209 0.00822987 0.00834697 0.00844137 0.00839808 0.00856272 0.00853747 0.00822938 0.00794946 0.00803892 0.00820965 0.0080481 0.00961417 0.00820357 0.00801319 0.00799704 0.00828573 0.00840118 0.00851278 0.00849537 0.008376 0.00851479 0.00822672 0.00847773 0.00812504 0.00837467 0.00806134 0.00801841 0.00818664 0.00813663 0.00819083 0.00824195 0.00804384 0.00847932 0.00800946 0.00810435 0.00812133 0.00820676 0.00828027 0.00823305 0.00814863 0.00856932 0.00819419 0.00830131 0.008212 0.00831718 0.00839144 0.00827631 0.00824722 0.00856764 0.00840123 0.00852506 0.00829269 0.00836368 0.00879245 0.00830388 
0.0101106 0.00325963 0.00319117 0 0.0032426 0.00320793 0.00320729 0.00325589 0.00323914 0.0131896 0.0115792 0.0189089 0.00887965 0.0101421 0.009484 0.00937127 0.00853922 0.0103884 0.00934051 0.0143224 0.0142567 0.0230986 0.0105406 0.00889395 0.00843078 0.00922975 0.00877484 0.00848075 0.00829111 0.00836988 0.00873356 0.0113062 0.00938352 0.0163897 0.00956096 0.00876806 0.00824212 0.00802382 0.00808577 0.00813053 0.00804302 0.00816758 0.00813502 0.00863182 0.00884867 0.00873175 0.00882175 0.00985833 0.00840408 0.00829915 0.00798279 0.00806403 0.00800732 0.00901096 0.00818367 0.00845038 0.00796122 0.00795275 0.00811069 0.00835648 0.00896208 0.00855462 0.00866824 0.00850746 0.0089826 0.00829914 0.00845002 0.00816173 0.00801445 0.00795492 0.00813291 0.00811238 0.00819008 0.00819955 0.00798596 0.00807234 0.00799371 0.00805023 0.00808008 0.00812491 0.00817956 0.00816907 0.00811139 0.00815461 0.00815262 0.00827375 0.00819191 0.00832816 0.00843247 0.00826181 0.00817806 0.00821053 0.00835124 0.00851668 0.00831922 0.00825739 0.00822844 0.00828361 
0.00744909 0.00329356 0.00321635 0.0032426 0 0.00320637 0.0032222 0.00319796 0.00328069 0.014563 0.0203784 0.0133371 0.0103841 0.0106732 0.0107655 0.00958866 0.00896486 0.00950411 0.0122595 0.0188197 0.0236845 0.0230762 0.0120122 0.00931283 0.0089903 0.00919412 0.00918493 0.00874018 0.00837497 0.00863772 0.00937741 0.0118299 0.0112492 0.0220882 0.00997356 0.00921462 0.00827269 0.0081599 0.00817431 0.00811144 0.00805182 0.00819315 0.00837556 0.00873469 0.00920753 0.00893475 0.0108801 0.00972848 0.00882241 0.0083025 0.00814313 0.00804653 0.00849616 0.0085918 0.00819 0.00839653 0.00809746 0.0080518 0.00825061 0.0086798 0.00950688 0.0090191 0.00933293 0.00888629 0.00858673 0.00866518 0.0084365 0.00818228 0.00802566 0.00807068 0.00814045 0.00815657 0.00818279 0.00812253 0.00806659 0.00809017 0.00805709 0.00810961 0.00806755 0.00827233 0.00827236 0.00818355 0.00821086 0.00823471 0.00827415 0.00833912 0.00822253 0.00846727 0.00856694 0.00831507 0.00822566 0.00828414 0.00854588 0.00860886 0.008489 0.0083483 0.00834093 0.00832636 
0.00800548 0.00331131 0.00325695 0.00320793 0.00320637 0 0.00320332 0.00323879 0.00344508 0.0248492 0.0169232 0.0143256 0.0104788 0.0116665 0.00985419 0.00999987 0.0100633 0.00885823 0.0134714 0.0155115 0.023946 0.0196637 0.0113865 0.00970515 0.00934405 0.00906801 0.0106015 0.00875642 0.00852138 0.00922765 0.00917942 0.0101161 0.0201677 0.0104843 0.0119685 0.0088788 0.00835291 0.00803284 0.00816454 0.00815381 0.00837167 0.00812579 0.00856866 0.00839982 0.00934144 0.0114229 0.00903537 0.0102954 0.00875685 0.0084248 0.00799517 0.00814212 0.00833165 0.00841487 0.00887681 0.00828328 0.00798353 0.00804728 0.00826607 0.00847928 0.00918424 0.00889859 0.00891661 0.0092183 0.00843724 0.00895481 0.00817586 0.00826523 0.00799269 0.00797385 0.00815918 0.0081368 0.00821251 0.00821542 0.00808487 0.00831257 0.0080832 0.00810513 0.00807588 0.00818411 0.00841161 0.00824584 0.00814042 0.00846039 0.0081673 0.00837771 0.00832757 0.00842171 0.00856196 0.00836485 0.00825508 0.00851923 0.00838734 0.00859339 0.00850406 0.00836576 0.00859818 0.00831382 
0.0102948 0.0034179 0.00321772 0.00320729 0.0032222 0.00320332 0 0.00321432 0.00321607 0.013681 0.0342358 0.0171166 0.0107559 0.0105639 0.0116988 0.0111184 0.00886804 0.00937091 0.0168329 0.015065 0.0249863 0.0302646 0.0128552 0.00916572 0.00879699 0.00915354 0.00972072 0.00871152 0.00851587 0.00868006 0.00937676 0.0130182 0.0121184 0.0184298 0.0104633 0.00908567 0.00822345 0.00804615 0.00817517 0.00820498 0.00815981 0.00816186 0.00846116 0.00882441 0.0102124 0.00935539 0.0104266 0.0103548 0.00903952 0.0083436 0.00810143 0.00816602 0.00833968 0.00859297 0.00824673 0.00839832 0.00804219 0.00807379 0.00828933 0.00868235 0.00961244 0.00925939 0.00917127 0.00880552 0.00860968 0.00851447 0.00823163 0.00826937 0.00800334 0.00800018 0.00808944 0.00812722 0.00812127 0.00816106 0.00802039 0.00811356 0.00804193 0.00806159 0.00809568 0.00823676 0.00826129 0.00822327 0.00818116 0.00815796 0.00830179 0.00827872 0.00822002 0.00841133 0.00858565 0.0083313 0.00823288 0.00831855 0.00846937 0.00864965 0.00843085 0.00830733 0.00843536 0.00835951 
0.0107512 0.00376655 0.00354576 0.00325589 0.00319796 0.00323879 0.00321432 0 0.00322259 0.0176813 0.0184419 0.129307 0.0135298 0.0120696 0.0241875 0.011354 0.00951175 0.019788 0.00931808 0.0137634 0.0122641 0.0156863 0.0195517 0.00933046 0.00953674 0.0102398 0.00865147 0.00941472 0.00843849 0.00918168 0.010005 0.00980799 0.00925563 0.0129608 0.0142606 0.00998671 0.00878161 0.00842599 0.00842408 0.00822599 0.00809206 0.00857043 0.00870112 0.00888131 0.00863931 0.00846089 0.00869837 0.0089632 0.00859045 0.00845592 0.00833321 0.0081263 0.00815178 0.00884198 0.00815393 0.00845368 0.00833518 0.00804098 0.00835136 0.00861648 0.00865427 0.00870275 0.00852097 0.00843867 0.00839282 0.00824704 0.00825122 0.00819904 0.00799333 0.00805412 0.00809823 0.00809793 0.00812072 0.00807509 0.00810534 0.00807961 0.0080691 0.0080382 0.00806105 0.00822531 0.00821724 0.00815413 0.00820955 0.00819608 0.00828202 0.00833024 0.00818222 0.00844866 0.00844781 0.00828032 0.00824475 0.00827784 0.00852981 0.00855275 0.00839086 0.00834404 0.00836808 0.00837066 
0.0283465 0.00652779 0.00356683 0.00323914 0.00328069 0.00344508 0.00321607 0.00322259 0 0.017492 0.0178591 0.013451 0.127194 0.0270525 0.00997205 0.0222112 0.0370668 0.00866784 0.0110738 0.00946439 0.010556 0.00960233 0.0100477 0.0165739 0.026578 0.00861186 0.00924528 0.00854012 0.00992272 0.0198675 0.00891676 0.00857312 0.00973901 0.00868435 0.0106522 0.0103083 0.00990241 0.00933096 0.00890621 0.00860916 0.0118107 0.00818659 0.0122922 0.00825048 0.00823852 0.00848439 0.00831759 0.00837666 0.00848502 0.00860331 0.00885436 0.00817944 0.00825638 0.00808535 0.00922268 0.00837193 0.00903542 0.00838891 0.00980495 0.00838621 0.00832887 0.00842707 0.00824723 0.00840231 0.00820932 0.00849673 0.0080626 0.00840427 0.0080651 0.00827809 0.00815868 0.00804202 0.00819919 0.00860731 0.00816802 0.00842621 0.00839424 0.00811609 0.00813961 0.00894331 0.00821115 0.00826628 0.00821103 0.00855052 0.00887873 0.00826625 0.00829399 0.00903215 0.00836204 0.00829638 0.00836506 0.00945603 0.00854715 0.00842413 0.00827312 0.00871251 0.0100456 0.00878856 
0.0344264 0.0277746 0.0119371 0.0131896 0.014563 0.0248492 0.013681 0.0176813 0.017492 0 0.00337993 0.00330094 0.00363431 0.00863299 0.00979952 0.110438 0.0118225 0.0108328 0.0104165 0.0129638 0.0147554 0.0141441 0.0236122 0.0306029 0.0153856 0.0112486 0.00931177 0.00987669 0.0189721 0.014296 0.0116614 0.0119076 0.013376 0.0143424 0.0145483 0.0201921 0.0151133 0.0130457 0.00977475 0.0112395 0.0093775 0.0118586 0.0105 0.0100252 0.00959895 0.00970008 0.0109544 0.0105578 0.0104462 0.014601 0.00850871 0.00818102 0.00833301 0.00873806 0.00896018 0.0130211 0.00948918 0.0104129 0.0100497 0.00959836 0.0103371 0.00956279 0.00961566 0.00893309 0.00902349 0.00867585 0.00865454 0.00850456 0.00917438 0.00799399 0.0080813 0.00819886 0.00838872 0.00943537 0.00815061 0.00867882 0.00812833 0.00804433 0.00853324 0.00823082 0.00823962 0.00922315 0.00805335 0.00833243 0.00822415 0.00836589 0.00870009 0.00855471 0.00837642 0.00844598 0.00862751 0.00887095 0.00842085 0.00844933 0.00843842 0.00886541 0.00841772 0.00865876 
0.0111761 0.0106548 0.0338597 0.0115792 0.0203784 0.0169232 0.0342358 0.0184419 0.0178591 0.00337993 0 0.00335359 0.00324967 0.014575 0.0480042 0.109702 0.0182295 0.00879403 0.0200521 0.0133104 0.0412537 0.0477568 0.0472849 0.0124292 0.0114404 0.0111281 0.0109052 0.0107373 0.00951845 0.0115051 0.0149625 0.0136267 0.0260089 0.0192284 0.0303412 0.0112039 0.00991767 0.00895663 0.0091866 0.00893559 0.00944133 0.00854455 0.00972102 0.0109384 0.0160252 0.0156306 0.0140329 0.0179578 0.0132913 0.00971452 0.00822647 0.00849055 0.0088131 0.00887484 0.0110997 0.00887715 0.00811467 0.0082454 0.00908015 0.0109206 0.0128251 0.0124705 0.0115528 0.0116214 0.0101228 0.0104902 0.00868177 0.00888716 0.00836909 0.008028 0.00855115 0.00835497 0.00852415 0.00835486 0.00808682 0.00838806 0.00803886 0.00817947 0.00817811 0.00829905 0.00862162 0.00843904 0.00814204 0.00837571 0.00826701 0.00865713 0.00835015 0.00854223 0.00913342 0.00858315 0.00831286 0.00837925 0.00861819 0.00927526 0.00875054 0.00850979 0.00846456 0.00840959 
0.0108234 0.0153763 0.00956258 0.0189089 0.0133371 0.0143256 0.0171166 0.129307 0.013451 0.00330094 0.00335359 0 0.00325956 0.0191325 0.205291 0.0246256 0.00824931 0.0251828 0.0100674 0.0210728 0.0281176 0.0775213 0.0438707 0.0132556 0.0100593 0.0135085 0.00962108 0.0124341 0.00947819 0.00948682 0.0127634 0.0184864 0.011952 0.0322366 0.05385 0.0218465 0.00995828 0.00964421 0.0103141 0.00964579 0.00863619 0.00999534 0.00942757 0.0139992 0.0110262 0.0124347 0.016522 0.0169216 0.0157981 0.00951581 0.00844487 0.00831835 0.00859316 0.0103767 0.00881221 0.00951941 0.0089823 0.00858423 0.00911044 0.0105391 0.0130488 0.0115809 0.0130086 0.0103987 0.0103207 0.00887981 0.00904536 0.00834609 0.0081116 0.00807111 0.00833674 0.00843731 0.00822724 0.00820528 0.00808439 0.00812613 0.00810244 0.00825673 0.00804716 0.00831839 0.00868606 0.00822653 0.00819802 0.00819177 0.00836946 0.00865958 0.00825031 0.00857932 0.00899725 0.00844831 0.00824369 0.00827592 0.00860726 0.00902313 0.0086761 0.00833017 0.00838342 0.0083955 
0.019042 0.0146907 0.0127629 0.00887965 0.0103841 0.0104788 0.0107559 0.0135298 0.127194 0.00363431 0.00324967 0.00325956 0 0.115187 0.0219237 0.0213199 0.0177145 0.00740463 0.0110113 0.0191607 0.0149089 0.0122338 0.0306605 0.0224348 0.0185849 0.00907297 0.00873861 0.00876535 0.0132244 0.0203696 0.00966566 0.00977876 0.0109613 0.0101397 0.0230936 0.0349956 0.0128101 0.0116142 0.0156407 0.010526 0.013576 0.00890773 0.0156223 0.00900019 0.00926942 0.00968554 0.00932183 0.00985693 0.0102811 0.0128815 0.0100752 0.0083009 0.00831937 0.00834736 0.0088863 0.00944679 0.0105527 0.00914873 0.0110016 0.00916173 0.00908653 0.00949181 0.00906783 0.00927875 0.00859476 0.00872676 0.0082536 0.00833441 0.0081712 0.00870553 0.00818031 0.0080971 0.0084052 0.00881408 0.00835934 0.00826823 0.00847776 0.00805601 0.00811565 0.00890682 0.00836885 0.00837513 0.00824742 0.00828532 0.00905495 0.00836383 0.00829921 0.00940552 0.00847199 0.00828304 0.00838387 0.00878979 0.00854073 0.00854246 0.00827583 0.00863795 0.00898291 0.00856226 
0.0278115 0.0135891 0.0124021 0.0101421 0.0106732 0.0116665 0.0105639 0.0120696 0.0270525 0.00863299 0.014575 0.0191325 0.115187 0 0.00331054 0.00339689 0.00420557 0.00475576 0.0413612 0.0304402 0.0109503 0.00838332 0.0101996 0.0247483 0.0114899 0.00857396 0.00916016 0.00959152 0.0167429 0.0138965 0.0114115 0.0106935 0.0132944 0.0125863 0.016415 0.0196889 0.014864 0.0134434 0.0105749 0.0125817 0.0105292 0.011895 0.0121365 0.0109128 0.0102826 0.0112821 0.010775 0.0117446 0.0115927 0.016366 0.00855955 0.00837384 0.00850673 0.00881221 0.00986871 0.0132344 0.0103361 0.0107947 0.0104523 0.0101937 0.0107431 0.0103111 0.0102057 0.00964146 0.0089052 0.00914872 0.00863479 0.00892909 0.00922362 0.00804083 0.00815253 0.00828478 0.00857796 0.00954895 0.00838065 0.00898912 0.00826466 0.00807142 0.0085358 0.00842388 0.00840777 0.0093046 0.0080484 0.00831921 0.0082554 0.00840456 0.00845694 0.00870391 0.00847895 0.00835509 0.00857098 0.00875715 0.00834462 0.00856828 0.00842204 0.00876138 0.00849176 0.00866183 
0.0122295 0.0108687 0.0114132 0.009484 0.0107655 0.00985419 0.0116988 0.0241875 0.00997205 0.00979952 0.0480042 0.205291 0.0219237 0.00331054 0 0.00358079 0.00443227 0.0642382 0.0238672 0.00730364 0.00829172 0.0130125 0.022389 0.00940338 0.00807212 0.0113401 0.00838187 0.0130185 0.00892516 0.00969637 0.0147811 0.0118717 0.0112712 0.017606 0.043718 0.0151595 0.012045 0.00995711 0.0113932 0.0103217 0.00940053 0.00964914 0.00905224 0.0115892 0.0109034 0.0104143 0.0122681 0.0125891 0.0159871 0.00987364 0.00839889 0.00844501 0.00853544 0.00882957 0.00975149 0.00897232 0.00856105 0.00825873 0.00882327 0.0115916 0.012214 0.010633 0.0120867 0.0103827 0.00969121 0.00914625 0.00859072 0.00863168 0.00814031 0.00800289 0.00840321 0.00843343 0.00828047 0.00827151 0.00812703 0.00830114 0.0080287 0.00811069 0.00807654 0.0082205 0.00875286 0.00848374 0.00828062 0.00838789 0.00832593 0.00870323 0.00851842 0.00861577 0.00909469 0.00869381 0.00835912 0.00832718 0.00865916 0.00921733 0.00884597 0.00858454 0.00840482 0.00863166 
0.0171122 0.0200008 0.0102144 0.00937127 0.00958866 0.00999987 0.0111184 0.011354 0.0222112 0.110438 0.109702 0.0246256 0.0213199 0.00339689 0.00358079 0 0.0542829 0.0171722 0.00374123 0.00507667 0.00742532 0.0216956 0.0110813 0.0126328 0.0165599 0.00890217 0.00896927 0.0084643 0.0128934 0.0201846 0.01063 0.0100848 0.0114608 0.0125897 0.025746 0.0566529 0.0156599 0.013761 0.0144893 0.0120333 0.0137183 0.0105851 0.0191241 0.0104206 0.010004 0.0102084 0.0111567 0.0122433 0.0111031 0.0144634 0.0112553 0.00857185 0.00853716 0.00888725 0.0090669 0.0115494 0.0121107 0.0102287 0.0139194 0.0109281 0.0101777 0.01013 0.0102964 0.00977545 0.00922403 0.00906843 0.0086897 0.00843141 0.00831729 0.00890705 0.00824351 0.00821522 0.00844962 0.00971492 0.00869443 0.00834709 0.00874527 0.00818428 0.00812058 0.00945542 0.00847491 0.00849235 0.00831384 0.00819908 0.00938076 0.00845124 0.00821398 0.00973383 0.0086668 0.00832877 0.00829521 0.00873699 0.0088388 0.00867889 0.00836232 0.00849348 0.00903294 0.00862278 
0.0183554 0.00939506 0.0109159 0.00853922 0.00896486 0.0100633 0.00886804 0.00951175 0.0370668 0.0118225 0.0182295 0.00824931 0.0177145 0.00420557 0.00443227 0.0542829 0 0.00323316 0.0032608 0.00324151 0.00332932 0.00340541 0.00365689 0.00569548 0.00697942 0.00671755 0.00734188 0.0075949 0.0200078 0.0100047 0.00904958 0.00944381 0.0108554 0.00863276 0.0138022 0.0134861 0.0114054 0.0109554 0.00877207 0.0103149 0.0106071 0.0105587 0.00960421 0.00856976 0.00903003 0.00899239 0.00878166 0.00909847 0.00928207 0.0160332 0.00815962 0.00820445 0.00847645 0.00824744 0.0100767 0.0108318 0.0089251 0.00959138 0.00924023 0.00850433 0.00873801 0.00888549 0.00861862 0.00870142 0.00826811 0.00925648 0.00823591 0.00877044 0.00923834 0.00796647 0.00797578 0.00805773 0.00834545 0.00903249 0.00804591 0.00912917 0.00810626 0.00798737 0.00846056 0.00814605 0.00809346 0.00882114 0.00799788 0.00857811 0.0082262 0.00829951 0.0083962 0.00848228 0.00829464 0.0082174 0.00847264 0.00920915 0.00838118 0.00837464 0.00826994 0.00878118 0.00870689 0.00876384 
0.00988792 0.0105041 0.00865978 0.0103884 0.00950411 0.00885823 0.00937091 0.019788 0.00866784 0.0108328 0.00879403 0.0251828 0.00740463 0.00475576 0.0642382 0.0171722 0.00323316 0 0.00319742 0.00323413 0.00330147 0.00321729 0.00328166 0.00324858 0.00576935 0.00714111 0.00614244 0.010642 0.00693742 0.00823167 0.0103257 0.011012 0.00830569 0.0252807 0.00991095 0.0102264 0.00867253 0.00893858 0.00860634 0.00856118 0.00825815 0.00916134 0.00835489 0.00996373 0.00934197 0.00907388 0.011948 0.0101312 0.0112959 0.00897273 0.00827761 0.00809967 0.00825254 0.00917235 0.00833452 0.0102602 0.0082813 0.00814844 0.00816152 0.00927099 0.00984711 0.00910224 0.00977963 0.00873575 0.00938067 0.00835669 0.00871088 0.00820084 0.00819643 0.00797254 0.00808039 0.00817692 0.0081342 0.00813749 0.0080706 0.00802903 0.00795101 0.00804394 0.00805166 0.00804912 0.00816968 0.00814413 0.00819956 0.00805709 0.00813349 0.00828226 0.0081082 0.00812485 0.00826537 0.0081988 0.00811678 0.00814076 0.00819491 0.00835161 0.008192 0.00818946 0.00817911 0.00818866 
0.00897808 0.00871444 0.0144104 0.00934051 0.0122595 0.0134714 0.0168329 0.00931808 0.0110738 0.0104165 0.0200521 0.0100674 0.0110113 0.0413612 0.0238672 0.00374123 0.0032608 0.00319742 0 0.00319393 0.00322817 0.00319796 0.00322157 0.00327636 0.00616078 0.00601866 0.00955688 0.00655522 0.0295538 0.0106125 0.0103439 0.00915499 0.0353405 0.0102162 0.0174751 0.00945837 0.00825228 0.0084163 0.00875978 0.00866587 0.00894548 0.00829926 0.00995489 0.00957836 0.0132716 0.020669 0.0127137 0.0396138 0.0113683 0.0092405 0.00815281 0.0082845 0.00891104 0.00852294 0.0107434 0.00845954 0.00810329 0.00814184 0.00868834 0.0098105 0.0144331 0.0140131 0.0124167 0.0184643 0.00955151 0.0136574 0.00846671 0.00885227 0.00800913 0.0080051 0.00825354 0.00821021 0.00833214 0.0081704 0.0080187 0.00809664 0.00800921 0.00803789 0.00802996 0.00817355 0.00830357 0.00819818 0.00808741 0.00817786 0.0081464 0.00827884 0.0081875 0.0082583 0.00851317 0.00830251 0.00814606 0.00832559 0.00832292 0.00851747 0.00826986 0.00823048 0.00820272 0.00817555 
0.0101205 0.0114332 0.009678 0.0143224 0.0188197 0.0155115 0.015065 0.0137634 0.00946439 0.0129638 0.0133104 0.0210728 0.0191607 0.0304402 0.00730364 0.00507667 0.00324151 0.00323413 0.00319393 0 0.00324452 0.0032192 0.00324094 0.00325451 0.00715516 0.00824038 0.00673346 0.046405 0.13501 0.00885902 0.00966245 0.0173463 0.0101774 0.0288227 0.0126916 0.0122696 0.00860015 0.00871691 0.00913218 0.0088912 0.00864501 0.00891629 0.00957239 0.0158927 0.0202633 0.018845 0.0500104 0.0272668 0.0139584 0.0101081 0.00853882 0.00850533 0.00938852 0.0140749 0.00939653 0.009971 0.00848191 0.00829305 0.00907401 0.0128659 0.0224962 0.0202366 0.0244376 0.0149773 0.0158677 0.0111832 0.0114287 0.00852146 0.00831251 0.00807915 0.00834523 0.00830728 0.00845568 0.00822804 0.00809922 0.00813464 0.00809867 0.00806698 0.0080563 0.008197 0.00843766 0.00827629 0.00813888 0.008168 0.0081919 0.00836747 0.00828478 0.00841533 0.00872199 0.00840801 0.00820033 0.00822989 0.00837069 0.00872312 0.00842898 0.00831655 0.00827659 0.00823851 
0.00932014 0.00979519 0.0128937 0.0142567 0.0236845 0.023946 0.0249863 0.0122641 0.010556 0.0147554 0.0412537 0.0281176 0.0149089 0.0109503 0.00829172 0.00742532 0.00332932 0.00330147 0.00322817 0.00324452 0 0.00327672 0.00319826 0.00324336 0.00628209 0.00687178 0.0664413 0.123517 0.0298912 0.00891636 0.012623 0.0117119 0.0222973 0.0167907 0.0218976 0.0123666 0.00894579 0.00888811 0.00954818 0.00918085 0.00916558 0.00873654 0.0104283 0.0163647 0.0291091 0.0575999 0.0414428 0.0518904 0.0206184 0.0106763 0.00851542 0.00873533 0.0117467 0.0109753 0.0111457 0.00944656 0.00829239 0.00835956 0.00955717 0.0171701 0.0344544 0.0389802 0.0250003 0.0271916 0.0140865 0.0165006 0.00995801 0.00915049 0.00842739 0.00810404 0.00858002 0.00856437 0.00898777 0.00834115 0.00813775 0.00823409 0.00810869 0.00823724 0.00815823 0.00841393 0.00863747 0.00847312 0.00819902 0.00822782 0.00830831 0.00858685 0.0084059 0.00866249 0.00909273 0.00861458 0.00827827 0.00832434 0.00860091 0.00907581 0.00868872 0.00845076 0.00828709 0.0082925 
0.0097623 0.0116179 0.0111852 0.0230986 0.0230762 0.0196637 0.0302646 0.0156863 0.00960233 0.0141441 0.0477568 0.0775213 0.0122338 0.00838332 0.0130125 0.0216956 0.00340541 0.00321729 0.00319796 0.0032192 0.00327672 0 0.00324958 0.00322144 0.00439032 0.0707883 0.154656 0.0617538 0.00685828 0.008278 0.0103004 0.021536 0.0120586 0.0330334 0.0198431 0.0165886 0.00905809 0.00927731 0.00981627 0.00930122 0.00888496 0.00920643 0.0105397 0.0210377 0.0497357 0.0315086 0.0638065 0.0574158 0.0233799 0.0110143 0.00875228 0.00925995 0.0108147 0.0170767 0.0098944 0.00959444 0.00853652 0.00840142 0.00995453 0.0207231 0.0540694 0.0334594 0.0371129 0.0248711 0.0209814 0.013329 0.0124466 0.00878427 0.00835118 0.00816084 0.00885393 0.00866796 0.00879585 0.00831501 0.00821108 0.00824612 0.00820405 0.00831434 0.00815422 0.00847209 0.00897568 0.00847376 0.00820259 0.00826175 0.00839903 0.00882236 0.0084605 0.00877148 0.00982797 0.00884053 0.00828913 0.00830563 0.0086614 0.00977816 0.00882928 0.00840697 0.00836361 0.00829774 
0.0105121 0.012272 0.0125237 0.0105406 0.0120122 0.0113865 0.0128552 0.0195517 0.0100477 0.0236122 0.0472849 0.0438707 0.0306605 0.0101996 0.022389 0.0110813 0.00365689 0.00328166 0.00322157 0.00324094 0.00319826 0.00324958 0 0.00331515 0.0710566 0.155575 0.0471161 0.0069648 0.00592538 0.00787452 0.0156579 0.00971674 0.0112211 0.0133608 0.0495137 0.0234176 0.0102446 0.0102882 0.0119901 0.0117855 0.00995067 0.010039 0.0112636 0.0187323 0.0123616 0.0161579 0.0164353 0.0200576 0.0272788 0.0117248 0.00952978 0.0087026 0.00953215 0.00918862 0.0116198 0.0093753 0.00951241 0.00877719 0.0102056 0.014848 0.017479 0.0155003 0.0170394 0.0140709 0.0117606 0.010764 0.00875723 0.00878982 0.00808588 0.00808311 0.00839146 0.00846737 0.00850364 0.0082409 0.00820816 0.00821814 0.00808587 0.00809242 0.00802232 0.00848153 0.00866137 0.00825309 0.0081488 0.00816306 0.0085286 0.00866229 0.00829308 0.00876709 0.00889394 0.00843259 0.00821457 0.00827596 0.0084442 0.00886891 0.00849769 0.00830441 0.00832086 0.00828398 
0.0126687 0.0124025 0.0104053 0.00889395 0.00931283 0.00970515 0.00916572 0.00933046 0.0165739 0.0306029 0.0124292 0.0132556 0.0224348 0.0247483 0.00940338 0.0126328 0.00569548 0.00324858 0.00327636 0.00325451 0.00324336 0.00322144 0.00331515 0 0.192849 0.00476459 0.00352945 0.00462542 0.00531965 0.0161451 0.00786199 0.00784716 0.00892564 0.0106121 0.0186792 0.089882 0.00994608 0.0129169 0.0125484 0.0112712 0.013962 0.0091668 0.0173909 0.00936314 0.00991947 0.00980527 0.0104037 0.0103572 0.0113816 0.0146938 0.00983379 0.00849969 0.00843584 0.00854849 0.00927992 0.00983342 0.0105717 0.00970509 0.0119333 0.00980747 0.00970725 0.00999496 0.0097685 0.00960138 0.00898152 0.00902269 0.00852806 0.00849663 0.00810599 0.00835187 0.0081273 0.00812324 0.00837771 0.0091169 0.00828991 0.00823903 0.00825939 0.00806796 0.00806234 0.00883068 0.00822602 0.00834922 0.00808578 0.00821926 0.00890864 0.00827861 0.00823303 0.00921795 0.00839184 0.00824542 0.00833719 0.00847375 0.00847359 0.0084719 0.00821235 0.00835933 0.00854271 0.00830259 
0.015395 0.00993692 0.00953316 0.00843078 0.0089903 0.00934405 0.00879699 0.00953674 0.026578 0.0153856 0.0114404 0.0100593 0.0185849 0.0114899 0.00807212 0.0165599 0.00697942 0.00576935 0.00616078 0.00715516 0.00628209 0.00439032 0.0710566 0.192849 0 0.00387629 0.00327775 0.00353834 0.00475778 0.00435438 0.00503462 0.00539409 0.0368766 0.0451108 0.370034 0.0114587 0.0077557 0.0115745 0.00889813 0.0105211 0.0110507 0.0112008 0.0116391 0.00861651 0.0086519 0.00910036 0.00858174 0.00920381 0.00912112 0.0131199 0.00842316 0.00830047 0.00828515 0.00863776 0.00968599 0.0121738 0.00927595 0.00981428 0.00938653 0.00847956 0.00861924 0.00851497 0.0084371 0.00846245 0.00821348 0.0084703 0.00815844 0.0088202 0.00919474 0.00797805 0.00793594 0.00802212 0.00809097 0.00906569 0.00821306 0.00883704 0.00835277 0.0080985 0.0085211 0.00817849 0.00802111 0.00871796 0.00808402 0.00845084 0.00823267 0.00814825 0.00860635 0.00835027 0.00816436 0.00822516 0.00840298 0.00918069 0.00828521 0.0082555 0.00823 0.00862201 0.008536 0.0087309 
0.00911127 0.0102627 0.00850983 0.00922975 0.00919412 0.00906801 0.00915354 0.0102398 0.00861186 0.0112486 0.0111281 0.0135085 0.00907297 0.00857396 0.0113401 0.00890217 0.00671755 0.00714111 0.00601866 0.00824038 0.00687178 0.0707883 0.155575 0.00476459 0.00387629 0 0.0032342 0.00341354 0.00331482 0.00368197 0.00495116 0.0339671 0.0237406 0.420222 0.00802422 0.00680842 0.00588624 0.00889587 0.00894857 0.00848041 0.00863774 0.00934043 0.00848826 0.00908179 0.00893583 0.00881251 0.0143037 0.00930813 0.00887052 0.00898714 0.00863607 0.00813425 0.00822821 0.00985618 0.00834675 0.00980699 0.00844474 0.00821687 0.00841881 0.0088922 0.00885774 0.00865284 0.00907603 0.00835269 0.0088417 0.00821576 0.00872268 0.00812476 0.0083514 0.00797883 0.00809973 0.00811432 0.00815971 0.00818928 0.0080899 0.00811794 0.00797777 0.00803374 0.00812481 0.00812923 0.00816933 0.00819139 0.00823587 0.00812747 0.00811509 0.00815391 0.00813662 0.00819448 0.00823249 0.00817859 0.0081693 0.00830141 0.00832755 0.00837908 0.00821456 0.00829062 0.00833698 0.00827589 
0.00826934 0.00856018 0.00938936 0.00877484 0.00918493 0.0106015 0.00972072 0.00865147 0.00924528 0.00931177 0.0109052 0.00962108 0.00873861 0.00916016 0.00838187 0.00896927 0.00734188 0.00614244 0.00955688 0.00673346 0.0664413 0.154656 0.0471161 0.00352945 0.00327775 0.0032342 0 0.00324628 0.00320806 0.00359505 0.00976714 0.0404514 0.464898 0.00909034 0.00661456 0.00584911 0.00524031 0.00845782 0.00867639 0.00844782 0.00874484 0.00847743 0.0089247 0.00860955 0.00985189 0.0124933 0.00926005 0.0115431 0.00894432 0.00856412 0.00816133 0.00818927 0.00890221 0.00868071 0.00927387 0.00842665 0.00805559 0.00797875 0.00838362 0.00852497 0.010296 0.0100883 0.00902022 0.00944481 0.00849497 0.00901788 0.00821234 0.00839327 0.00804418 0.00792702 0.00808041 0.00815426 0.00819801 0.00811711 0.00801548 0.00811432 0.00797914 0.00796405 0.00803038 0.00807979 0.00815875 0.00814193 0.00809427 0.00813076 0.00811845 0.00815075 0.00813294 0.00824223 0.00829367 0.00821873 0.00810582 0.00835472 0.00828029 0.00839339 0.00824694 0.00822671 0.00839371 0.00817994 
0.00865229 0.00911469 0.008496 0.00848075 0.00874018 0.00875642 0.00871152 0.00941472 0.00854012 0.00987669 0.0107373 0.0124341 0.00876535 0.00959152 0.0130185 0.0084643 0.0075949 0.010642 0.00655522 0.046405 0.123517 0.0617538 0.0069648 0.00462542 0.00353834 0.00341354 0.00324628 0 0.00322762 0.00401298 0.0353701 0.350474 0.00501123 0.00729002 0.00626169 0.00586302 0.00543757 0.00904587 0.00876888 0.00861475 0.00851787 0.0090889 0.00890065 0.00893429 0.00891181 0.00852241 0.00914011 0.00889806 0.00912881 0.00857459 0.00879431 0.00835056 0.00827663 0.00901847 0.00849344 0.00868531 0.00839926 0.00812025 0.00845104 0.00861761 0.00858679 0.00844869 0.0086278 0.00840037 0.00846097 0.00824299 0.0083004 0.00809396 0.00803146 0.00797375 0.00804008 0.00812712 0.00806352 0.00805769 0.00804182 0.00806081 0.00797685 0.0079417 0.00800096 0.00811348 0.008104 0.00807139 0.00810986 0.00808601 0.00814472 0.00810345 0.00811584 0.00812812 0.00815261 0.00809438 0.00807108 0.00817722 0.00817162 0.00823853 0.00810872 0.00814604 0.00815701 0.00813178 
0.0101917 0.010022 0.00866336 0.00829111 0.00837497 0.00852138 0.00851587 0.00843849 0.00992272 0.0189721 0.00951845 0.00947819 0.0132244 0.0167429 0.00892516 0.0128934 0.0200078 0.00693742 0.0295538 0.13501 0.0298912 0.00685828 0.00592538 0.00531965 0.00475778 0.00331482 0.00320806 0.00322762 0 0.116379 0.205228 0.00330889 0.00391941 0.00424542 0.00530157 0.00560908 0.00580768 0.00967903 0.00968533 0.00913101 0.0107582 0.00853124 0.0129558 0.00849143 0.00838526 0.00868891 0.00846543 0.00864235 0.00857589 0.00930463 0.0103323 0.00830445 0.00820369 0.00839646 0.00866226 0.0090467 0.0095949 0.00877529 0.0102704 0.00855504 0.00830104 0.00836598 0.00825342 0.00842183 0.00819883 0.00834293 0.00814341 0.00811222 0.00805429 0.00825946 0.00802061 0.00802195 0.00814038 0.00855354 0.00822085 0.00808209 0.00819083 0.00800188 0.00798211 0.00849828 0.00807428 0.00812577 0.00808331 0.00817883 0.00856393 0.00808912 0.00809373 0.00848202 0.00817425 0.00809688 0.00812696 0.00845801 0.00828346 0.00826787 0.00811154 0.00824715 0.00852001 0.00834289 
0.0156682 0.00863744 0.00893389 0.00836988 0.00863772 0.00922765 0.00868006 0.00918168 0.0198675 0.014296 0.0115051 0.00948682 0.0203696 0.0138965 0.00969637 0.0201846 0.0100047 0.00823167 0.0106125 0.00885902 0.00891636 0.008278 0.00787452 0.0161451 0.00435438 0.00368197 0.00359505 0.00401298 0.116379 0 0.00326134 0.00319394 0.00321382 0.00323696 0.00331505 0.00373602 0.00469728 0.0129359 0.00973418 0.0109841 0.0118178 0.0106851 0.0112461 0.0088987 0.00922774 0.00945464 0.00921257 0.0096948 0.012179 0.0141467 0.00843022 0.00825193 0.00835653 0.00852288 0.00963409 0.0123859 0.00908291 0.00994472 0.00961446 0.00864246 0.00897976 0.00876176 0.00875412 0.00867341 0.00847404 0.00858867 0.00831807 0.00857073 0.00940833 0.00795795 0.00796207 0.00805743 0.00812322 0.00882039 0.00805869 0.00886046 0.00813413 0.00798615 0.00837917 0.00816994 0.0080378 0.00868367 0.00798003 0.00830602 0.00826959 0.00807511 0.00821708 0.00838039 0.00817637 0.00815191 0.00833851 0.00867361 0.00823987 0.00822619 0.00815705 0.00857679 0.00846626 0.00857883 
0.00913806 0.00855169 0.0086975 0.00873356 0.00937741 0.00917942 0.00937676 0.010005 0.00891676 0.0116614 0.0149625 0.0127634 0.00966566 0.0114115 0.0147811 0.01063 0.00904958 0.0103257 0.0103439 0.00966245 0.012623 0.0103004 0.0156579 0.00786199 0.00503462 0.00495116 0.00976714 0.0353701 0.205228 0.00326134 0 0.00319114 0.00321766 0.00320382 0.00335372 0.00328796 0.00383234 0.00908731 0.00969712 0.00920772 0.00889113 0.0090665 0.00907586 0.01105 0.0106432 0.0107209 0.0118739 0.0131348 0.0106306 0.00961357 0.00830577 0.00826198 0.00837072 0.00886276 0.00907265 0.00955342 0.00823499 0.00822636 0.00859926 0.0105767 0.0107918 0.010419 0.0101336 0.00989877 0.00875802 0.00897459 0.00842442 0.00846014 0.00824319 0.00794099 0.00814256 0.00819792 0.00824646 0.00819736 0.0079967 0.00815229 0.00794495 0.00800923 0.0081144 0.00806346 0.00822034 0.00821636 0.0080604 0.00809922 0.00809546 0.00821704 0.00815789 0.00817044 0.00836249 0.00822413 0.00813017 0.00817369 0.00815859 0.00838297 0.0082032 0.00821599 0.00820742 0.00818374 
0.00889455 0.00870652 0.00870279 0.0113062 0.0118299 0.0101161 0.0130182 0.00980799 0.00857312 0.0119076 0.0136267 0.0184864 0.00977876 0.0106935 0.0118717 0.0100848 0.00944381 0.011012 0.00915499 0.0173463 0.0117119 0.021536 0.00971674 0.00784716 0.00539409 0.0339671 0.0404514 0.350474 0.00330889 0.00319394 0.00319114 0 0.00318997 0.00322389 0.00321161 0.00322264 0.00331526 0.00917375 0.00934906 0.00893654 0.00847841 0.00932697 0.00912852 0.0130021 0.01557 0.0136438 0.0315267 0.0222475 0.0125077 0.00977499 0.00848711 0.00854215 0.00873927 0.0144896 0.00865153 0.0105654 0.00826466 0.00810737 0.00885819 0.0120019 0.0204234 0.0147181 0.0211896 0.0118326 0.0152327 0.0092557 0.0117087 0.00834221 0.00818482 0.00801765 0.00827818 0.00846284 0.00833009 0.00814681 0.00807522 0.00807134 0.00804368 0.00808033 0.00802494 0.00819003 0.00833445 0.00824733 0.00807265 0.00809639 0.00813732 0.0082911 0.00813918 0.00831683 0.00856118 0.00827685 0.00809906 0.00815612 0.00828763 0.00856382 0.00823802 0.0081699 0.00812201 0.00813249 
0.0084202 0.00839128 0.0116158 0.00938352 0.0112492 0.0201677 0.0121184 0.00925563 0.00973901 0.013376 0.0260089 0.011952 0.0109613 0.0132944 0.0112712 0.0114608 0.0108554 0.00830569 0.0353405 0.0101774 0.0222973 0.0120586 0.0112211 0.00892564 0.0368766 0.0237406 0.464898 0.00501123 0.00391941 0.00321382 0.00321766 0.00318997 0 0.00319127 0.00322516 0.00320328 0.0032699 0.00900836 0.00987633 0.00918321 0.0108045 0.0085653 0.0109986 0.0112221 0.016545 0.038773 0.0193516 0.0307945 0.0166449 0.00946473 0.00847893 0.00854869 0.014877 0.00881221 0.0159703 0.00868766 0.00821678 0.00820328 0.00978504 0.0130027 0.0240276 0.0296794 0.017006 0.0280981 0.010698 0.0246365 0.00861233 0.00949288 0.00814434 0.00804026 0.00845138 0.00834551 0.00846791 0.00831148 0.00806358 0.00820102 0.00803235 0.00798121 0.00805356 0.00829876 0.00835966 0.00824825 0.00811039 0.00818889 0.00816979 0.00828617 0.00825043 0.00836615 0.00854253 0.00834025 0.00811766 0.0083296 0.00836183 0.00855857 0.008326 0.00822778 0.00844782 0.00814451 
0.00889778 0.00972496 0.0087311 0.0163897 0.0220882 0.0104843 0.0184298 0.0129608 0.00868435 0.0143424 0.0192284 0.0322366 0.0101397 0.0125863 0.017606 0.0125897 0.00863276 0.0252807 0.0102162 0.0288227 0.0167907 0.0330334 0.0133608 0.0106121 0.0451108 0.420222 0.00909034 0.00729002 0.00424542 0.00323696 0.00320382 0.00322389 0.00319127 0 0.00319135 0.00322216 0.00395306 0.00993198 0.0108384 0.0093754 0.00877821 0.0100405 0.00979194 0.0199222 0.035037 0.0168 0.0773664 0.0417882 0.0151689 0.0119477 0.00870626 0.00930549 0.00900256 0.0319947 0.00893381 0.0111427 0.00842033 0.00829718 0.00930724 0.0184829 0.0429536 0.023534 0.0431532 0.0161697 0.0361143 0.0102666 0.0194027 0.00864143 0.00846551 0.00814268 0.00831837 0.00870307 0.0086476 0.00827512 0.00815558 0.0081028 0.00809197 0.00808731 0.00807593 0.00830312 0.00853405 0.00875652 0.00812869 0.00810461 0.00822669 0.0083877 0.00822155 0.00841836 0.00891705 0.00845582 0.00816164 0.00814856 0.00832065 0.00866973 0.00837756 0.00819329 0.00824167 0.00814212 
0.00897505 0.00871358 0.0143929 0.00956096 0.00997356 0.0119685 0.0104633 0.0142606 0.0106522 0.0145483 0.0303412 0.05385 0.0230936 0.016415 0.043718 0.025746 0.0138022 0.00991095 0.0174751 0.0126916 0.0218976 0.0198431 0.0495137 0.0186792 0.370034 0.00802422 0.00661456 0.00626169 0.00530157 0.00331505 0.00335372 0.00321161 0.00322516 0.00319135 0 0.00332031 0.00347383 0.0128126 0.015506 0.0175342 0.0126697 0.00967885 0.0134758 0.0161149 0.0158426 0.0326093 0.0151616 0.0264814 0.0628316 0.0121053 0.00937642 0.00886388 0.0101675 0.00889226 0.0245765 0.0091712 0.00957967 0.009085 0.0104597 0.0172106 0.0208642 0.0252697 0.0169646 0.030434 0.0107006 0.0188305 0.0086823 0.0102056 0.00827247 0.00820827 0.00855595 0.00842956 0.00857438 0.00841998 0.00810153 0.00837355 0.00805297 0.00813892 0.00801977 0.00844534 0.0087022 0.00830833 0.00808787 0.00811511 0.00840059 0.00860405 0.00833824 0.00853548 0.00885466 0.00852517 0.00815555 0.00817872 0.00822009 0.00862468 0.00839076 0.00818998 0.00822415 0.00815696 
0.0104047 0.011684 0.00883002 0.00876806 0.00921462 0.0088788 0.00908567 0.00998671 0.0103083 0.0201921 0.0112039 0.0218465 0.0349956 0.0196889 0.0151595 0.0566529 0.0134861 0.0102264 0.00945837 0.0122696 0.0123666 0.0165886 0.0234176 0.089882 0.0114587 0.00680842 0.00584911 0.00586302 0.00560908 0.00373602 0.00328796 0.00322264 0.00320328 0.00322216 0.00332031 0 0.0122701 0.0146714 0.0221677 0.0196824 0.0125308 0.01266 0.014895 0.0107121 0.011635 0.0100502 0.0126825 0.0126588 0.0176793 0.0401472 0.0107395 0.00859005 0.00854148 0.00898532 0.00891016 0.0151547 0.0116586 0.0101779 0.012246 0.0106465 0.0116671 0.0108712 0.0133349 0.0102215 0.0104633 0.00912812 0.00916215 0.00845544 0.00846441 0.00865711 0.00820675 0.00829335 0.00878417 0.00964519 0.00844071 0.00824498 0.00823123 0.00805467 0.00806296 0.00873295 0.00833695 0.00838622 0.00809947 0.00815543 0.00885026 0.00835379 0.0082957 0.0090058 0.00852925 0.00831916 0.00824771 0.0082753 0.00830601 0.00836303 0.00816694 0.00822947 0.00841332 0.00825705 
