2AZOB
QPRPLLSPPETEEQLLAQAQQLSGYTLGELAALVGLVTPENLKRDKGWIGVLLEIWLGASAGSKPEQDFAALGVELKTIPVDSLGRPLETTFVCVAPLTGNSGVTWETSHVRHKLKRVLWIPVEGERSIPLAQRRVGSPLLWSPNEEEDRQLREDWEELMDMIVLGQVERITARHGEYLQIRPKAANAKALTEAIGARGERILTLPRGFYLKKNFTSALLARHFLIQ
CCCCCCCCCCCHHHHHHHHHHCCCCEHHHHHHCCCCCCCCCCCCCCCHHHHHHHHHCCCCCCCCCCCEECCCCEEEEEEEECCCCCECCCEEEEECCCCCCCCCCCCCCCCCCCCCCEEEEEEECCCCCCHHHCEECCCEEECCCHHHHHHHHHHHHHHHHHHHCCCCCCCCCCCCCCEEEEECCCCCCCCEEEECCCCCEEEECCEEEEECHHHHHHHHHHHHCCC
0 0 0 0 0 0 0 0 0 0 0 0 0 0 0 0 0 0 0 0 0 0 0 0 0 0 0 0 0 0 0 0 0 0 0 0 0 0 0 0 0 0 0 0 0 0 0 0 0 0 0 0 0 0 0 0 0 0 0 0 0 0 0 0 0 0 0 0 0 0 0 0 0 0 0 0 0 0 0 0 0 0 0 0 0 0 0 0 0 0 0 0 0 0 0 0 0 0 0 0 0 0 0 0 0 0 0 0 0 0 0 0 0 0 0 0 0 0 0 0 0 0 0 0 0 0 0 0 0 0 0 0 0 0 0 0 0 0 0 0 0 0 0 0 0 0 0 0 0 0 0 0 0 0 0 0 0 0 0 0 0 0 0 0 0 0 0 0 0 0 0 0 0 0 0 0 0 0 0 0 0 0 0 0 0 0 0 0 0 0 0 0 0 0 0 0 0 0 0 0 0 0 0 0 0 0 0 0 0 0 0 0 0 0 0 0 0 0 0 0 0 0 0 0 0 0 0 
0 0 0 0 0 0 0 0 0 0 0 0 0 0 0 0 0 0 0 0 0 0 0 0 0 0 0 0 0 0 0 0 0 0 0 0 0 0 0 0 0 0 0 0 0 0 0 0 0 0 0 0 0 0 0 0 0 0 0 0 0 0 0 0 0 0 0 0 0 0 0 0 0 0 0 0 0 0 0 0 0 0 0 0 0 0 0 0 0 0 0 0 0 0 0 0 0 0 0 0 0 0 0 0 0 0 0 0 0 0 0 0 0 0 0 0 0 0 0 0 0 0 0 0 0 0 0 0 0 0 0 0 0 0 0 0 0 0 0 0 0 0 0 0 0 0 0 0 0 0 0 0 0 0 0 0 0 0 0 0 0 0 0 0 0 0 0 0 0 0 0 0 0 0 0 0 0 0 0 0 0 0 0 0 0 0 0 0 0 0 0 0 0 0 0 0 0 0 0 0 0 0 0 0 0 0 0 0 0 0 0 0 0 0 0 0 0 0 0 0 0 0 0 0 0 0 0 
0 0.027508 0.0326692 0.0180398 0.0122134 0.0105809 0.00993823 0.010995 0.00882226 0.0107405 0.0143073 0.0371607 0.0148208 0.009588 0.00893364 0.00916025 0.0124412 0.0113155 0.00872496 0.00908044 0.00852372 0.0083736 0.0085583 0.0105178 0.0146504 0.00913858 0.0102627 0.00855426 0.00924606 0.00908865 0.0082071 0.00807725 0.00813152 0.00834304 0.00946855 0.00813106 0.00804627 0.00875513 0.00918429 0.00808006 0.00822106 0.00849274 0.00881684 0.00808156 0.00807125 0.0082225 0.00876627 
0.027508 0 0.00439369 0.00425597 0.674922 0.00648264 0.00574609 0.00552354 0.00551405 0.0093249 0.00847346 0.015746 0.014193 0.0124748 0.00871332 0.0105181 0.0162553 0.0102375 0.010287 0.0114999 0.00909563 0.00916699 0.00878281 0.0116854 0.00998304 0.0116255 0.00887129 0.00902853 0.00945341 0.00812699 0.0081443 0.00820302 0.00820874 0.00866755 0.00818667 0.00808036 0.00803883 0.00842671 0.00828405 0.00799643 0.00815961 0.00866485 0.00803641 0.00810742 0.00807222 0.00818156 0.00877581 
0.0326692 0.00439369 0 0.8081 0.00672309 0.0041078 0.00412874 0.00514889 0.0059938 0.00585686 0.00979302 0.013189 0.0234041 0.0102415 0.0093259 0.0117605 0.0114683 0.0155689 0.0103409 0.00951887 0.00913668 0.00855014 0.0101755 0.00931702 0.0108622 0.00992308 0.0123559 0.00891626 0.00964467 0.00940075 0.00818106 0.00826557 0.00804272 0.00817847 0.00864062 0.00810064 0.00816521 0.00820834 0.00837787 0.00825619 0.00812088 0.00832145 0.00846101 0.00816416 0.00813267 0.00832929 0.00839293 
0.0180398 0.00425597 0.8081 0 0.00334265 0.00325092 0.00324803 0.00335586 0.003943 0.00334363 0.0081177 0.0132887 0.0132041 0.00993626 0.0110696 0.0166211 0.0311718 0.0341141 0.0171939 0.0115762 0.0140608 0.00967191 0.0137062 0.014161 0.00942857 0.0207843 0.0111746 0.00896194 0.0186165 0.0100467 0.00840685 0.00957664 0.00849208 0.0123794 0.00868771 0.00819361 0.00869999 0.00973331 0.00831496 0.00907143 0.0087386 0.0109508 0.0084382 0.00851854 0.00890802 0.0087139 0.0113175 
0.0122134 0.674922 0.00672309 0.00334265 0 0.00321104 0.00321742 0.00328259 0.00319761 0.00412982 0.00401703 0.00722038 0.00936624 0.0247923 0.0134758 0.022078 0.0225824 0.0211182 0.0273071 0.0399078 0.0114933 0.0260277 0.0108517 0.0154764 0.0134652 0.0093884 0.0107182 0.0131876 0.00945546 0.00847715 0.0109198 0.00855211 0.0117919 0.00827556 0.00837929 0.00846314 0.00843016 0.00912276 0.00872896 0.00835712 0.00936507 0.00858038 0.00838448 0.00913116 0.00876005 0.00950826 0.00881995 
0.0105809 0.00648264 0.0041078 0.00325092 0.00321104 0 0.00319648 0.00322396 0.0032796 0.00317758 0.00336581 0.00610942 0.00943218 0.0108616 0.017982 0.0186046 0.0147859 0.0140352 0.0558257 0.0336076 0.0687353 0.0136792 0.0318507 0.00966353 0.00876176 0.00974811 0.0108167 0.010494 0.0104983 0.00997927 0.00900896 0.0200724 0.00862315 0.00878946 0.00838557 0.00842 0.00903681 0.00875139 0.0083109 0.00921525 0.00885304 0.00911047 0.0085321 0.00919857 0.0124344 0.00963474 0.00930029 
0.00993823 0.00574609 0.00412874 0.00324803 0.00321742 0.00319648 0 0.00320496 0.00319664 0.00324015 0.00326376 0.00636397 0.00942901 0.0117917 0.0166154 0.0276992 0.0214066 0.017818 0.0310667 0.149943 0.0250055 0.0416385 0.0132827 0.0103922 0.00913333 0.00900156 0.0110708 0.0105918 0.0105531 0.0087617 0.0104129 0.010426 0.00852611 0.00865695 0.00833459 0.00836558 0.00875816 0.00839797 0.00840833 0.00855393 0.0086842 0.00874325 0.00846704 0.00942023 0.0103896 0.00951538 0.00933407 
0.010995 0.00552354 0.00514889 0.00335586 0.00328259 0.00322396 0.00320496 0 0.00321505 0.0032218 0.0032221 0.00626432 0.0113929 0.0142339 0.0302574 0.0241854 0.019156 0.0148658 0.0413207 0.0636249 0.078253 0.0317834 0.0105438 0.0112068 0.00987899 0.00904613 0.0134331 0.0113887 0.00944581 0.00984867 0.0109799 0.00922713 0.00961188 0.00823843 0.00850571 0.00877125 0.00842347 0.00889778 0.00856899 0.00866849 0.00893509 0.00846349 0.00896762 0.00954694 0.00996041 0.0098954 0.00855079 
0.00882226 0.00551405 0.0059938 0.003943 0.00319761 0.0032796 0.00319664 0.00321505 0 0.00318371 0.00324085 0.00430146 0.0132624 0.0146067 0.0325735 0.0160016 0.00962442 0.0177295 0.0199338 0.0361869 0.0448686 0.0186384 0.0162023 0.00875765 0.00855189 0.00942077 0.0114835 0.00931092 0.0104258 0.00921076 0.008429 0.0134673 0.00823907 0.00840228 0.00822458 0.00817035 0.00894777 0.00817281 0.00819964 0.00903209 0.00834847 0.00847693 0.00823137 0.00918065 0.00987371 0.00862693 0.00872337 
0.0107405 0.0093249 0.00585686 0.00334363 0.00412982 0.00317758 0.00324015 0.0032218 0.00318371 0 0.00318455 0.00737107 0.0130073 0.0476128 0.0121627 0.0122495 0.0102689 0.011951 0.0409363 0.0387618 0.01069 0.0172143 0.0122051 0.0138037 0.0107427 0.00883973 0.0111202 0.0189406 0.00900496 0.0087603 0.0127462 0.00842996 0.00874265 0.00805319 0.00861938 0.00865962 0.00823545 0.00839832 0.00904962 0.00835808 0.00869533 0.00823003 0.00865418 0.00891957 0.00853614 0.0090545 0.00839326 
0.0143073 0.00847346 0.00979302 0.0081177 0.00401703 0.00336581 0.00326376 0.0032221 0.00324085 0.00318455 0 0.790258 0.0293818 0.0117604 0.00950876 0.0128442 0.0156942 0.0262731 0.0128971 0.0123059 0.0111208 0.00897884 0.0159742 0.0155637 0.0106986 0.0120218 0.0224937 0.0104267 0.0251685 0.0139621 0.00866532 0.0090167 0.00817545 0.00855931 0.00969935 0.00824624 0.00855929 0.00868297 0.0089842 0.00895016 0.00826997 0.00905202 0.0115951 0.00915971 0.00931177 0.00860676 0.00888285 
0.0371607 0.015746 0.013189 0.0132887 0.00722038 0.00610942 0.00636397 0.00626432 0.00430146 0.00737107 0.790258 0 0.013576 0.00405203 0.00364741 0.00397889 0.00676739 0.0216176 0.0101309 0.00939532 0.00881554 0.0085647 0.00945774 0.0128389 0.0195608 0.0140965 0.01327 0.00943755 0.0104878 0.0104637 0.00842868 0.00819617 0.00824219 0.00899146 0.0103506 0.00822987 0.00809981 0.00940759 0.0097587 0.00819941 0.00839851 0.00907127 0.0092657 0.00818148 0.00809009 0.00820944 0.0099309 
0.0148208 0.014193 0.0234041 0.0132041 0.00936624 0.00943218 0.00942901 0.0113929 0.0132624 0.0130073 0.0293818 0.013576 0 0.00334086 0.00326229 0.00340963 0.00392183 0.0859332 0.0153612 0.0133783 0.0116116 0.0103666 0.013365 0.0197143 0.0124052 0.0187378 0.0122791 0.00937208 0.0197306 0.0100426 0.00845663 0.00922135 0.00905348 0.0185768 0.00902817 0.00836789 0.00850101 0.0106078 0.00920908 0.00843857 0.00888516 0.0122653 0.00865361 0.00828111 0.00833697 0.00863106 0.0129671 
0.009588 0.0124748 0.0102415 0.00993626 0.0247923 0.0108616 0.0117917 0.0142339 0.0146067 0.0476128 0.0117604 0.00405203 0.00334086 0 0.0032638 0.00327463 0.00328323 0.0484625 0.0781963 0.0323745 0.0245686 0.0145154 0.0158222 0.0103898 0.0115834 0.010685 0.0119641 0.0155063 0.00966282 0.00874245 0.0109247 0.00893616 0.0105623 0.00842477 0.00832718 0.00844295 0.00870487 0.00870875 0.00843835 0.00844952 0.00938928 0.00870116 0.00842997 0.0096248 0.00951134 0.0101388 0.00895021 
0.00893364 0.00871332 0.0093259 0.0110696 0.0134758 0.017982 0.0166154 0.0302574 0.0325735 0.0121627 0.00950876 0.00364741 0.00326229 0.0032638 0 0.00320368 0.00326327 0.0349668 0.0417503 0.0838858 0.0457231 0.0477599 0.012053 0.0121638 0.00911256 0.0095271 0.0158716 0.0113055 0.0114352 0.00898801 0.0107505 0.0140436 0.00861702 0.00843438 0.00843547 0.00897554 0.00882449 0.0085853 0.0083352 0.00929135 0.00864404 0.00872772 0.00847459 0.00996931 0.0130159 0.00996963 0.00897107 
0.00916025 0.0105181 0.0117605 0.0166211 0.022078 0.0186046 0.0276992 0.0241854 0.0160016 0.0122495 0.0128442 0.00397889 0.00340963 0.00327463 0.00320368 0 0.00321692 0.0184196 0.0430107 0.0709334 0.0324708 0.0191051 0.0534518 0.0126002 0.0106886 0.0108037 0.0124566 0.0302964 0.0109838 0.0104683 0.0128318 0.0100928 0.00859692 0.0083834 0.00875495 0.00845655 0.00936021 0.00834495 0.00875184 0.00909787 0.00901625 0.00882701 0.00898703 0.0100561 0.010481 0.0105037 0.00928662 
0.0124412 0.0162553 0.0114683 0.0311718 0.0225824 0.0147859 0.0214066 0.019156 0.00962442 0.0102689 0.0156942 0.00676739 0.00392183 0.00328323 0.00326327 0.00321692 0 0.0213353 0.0233585 0.0429524 0.0149651 0.0141139 0.0277412 0.110458 0.0149704 0.0127291 0.0246222 0.0124517 0.0166 0.0185535 0.0106518 0.00897588 0.0086427 0.00866123 0.0127984 0.00874892 0.00853458 0.0102984 0.0120455 0.00899237 0.00885926 0.00909993 0.0133708 0.00917915 0.00940423 0.00946502 0.00906937 
0.0113155 0.0102375 0.0155689 0.0341141 0.0211182 0.0140352 0.017818 0.0148658 0.0177295 0.011951 0.0262731 0.0216176 0.0859332 0.0484625 0.0349668 0.0184196 0.0213353 0 0.00381222 0.00322244 0.00318133 0.00317612 0.00330038 0.00438617 0.0122993 0.0250191 0.021862 0.0112117 0.0795975 0.0194247 0.0103824 0.0111659 0.00989368 0.019309 0.0120624 0.00963674 0.00928977 0.0128227 0.00997855 0.0102731 0.00972637 0.0169268 0.0107779 0.0103448 0.00965482 0.00953399 0.0163862 
0.00872496 0.010287 0.0103409 0.0171939 0.0273071 0.0558257 0.0310667 0.0413207 0.0199338 0.0409363 0.0128971 0.0101309 0.0153612 0.0781963 0.0417503 0.0430107 0.0233585 0.00381222 0 0.00326073 0.00324889 0.00322053 0.00346052 0.00351408 0.0135883 0.0122746 0.0165947 0.142383 0.0156543 0.0133097 0.0246116 0.0164783 0.0114988 0.0127303 0.00888879 0.0109881 0.0120648 0.00962337 0.00913815 0.0108374 0.013313 0.00988424 0.00957676 0.0181203 0.0189806 0.0176191 0.0102281 
0.00908044 0.0114999 0.00951887 0.0115762 0.0399078 0.0336076 0.149943 0.0636249 0.0361869 0.0387618 0.0123059 0.00939532 0.0133783 0.0323745 0.0838858 0.0709334 0.0429524 0.00322244 0.00326073 0 0.0032231 0.00315309 0.00323609 0.00327257 0.00951055 0.00997074 0.0390648 0.016876 0.0185513 0.0122568 0.0310985 0.0222766 0.0153222 0.00926764 0.00937857 0.0119473 0.0110268 0.0110449 0.00908137 0.0117135 0.0143971 0.010059 0.0114064 0.0232101 0.0576421 0.0247487 0.00984667 
0.00852372 0.00909563 0.00913668 0.0140608 0.0114933 0.0687353 0.0250055 0.078253 0.0448686 0.01069 0.0111208 0.00881554 0.0116116 0.0245686 0.0457231 0.0324708 0.0149651 0.00318133 0.00324889 0.0032231 0 0.00318261 0.00320133 0.00320855 0.00607763 0.0131831 0.024116 0.0152626 0.0145749 0.0123234 0.0125189 0.0330781 0.00916043 0.00898664 0.00895556 0.00918602 0.0109329 0.00887266 0.00861387 0.0119706 0.00960925 0.00954784 0.00960499 0.0185645 0.0303197 0.0292836 0.00970568 
0.0083736 0.00916699 0.00855014 0.00967191 0.0260277 0.0136792 0.0416385 0.0317834 0.0186384 0.0172143 0.00897884 0.0085647 0.0103666 0.0145154 0.0477599 0.0191051 0.0141139 0.00317612 0.00322053 0.00315309 0.00318261 0 0.0031916 0.00321973 0.00904557 0.00764068 0.0131145 0.0116111 0.0114933 0.00941565 0.0201442 0.0100544 0.010045 0.00840803 0.00859456 0.00972419 0.00876266 0.00885095 0.00872469 0.00925872 0.010431 0.00865136 0.00946472 0.0118931 0.01256 0.0113118 0.00880126 
0.0085583 0.00878281 0.0101755 0.0137062 0.0108517 0.0318507 0.0132827 0.0105438 0.0162023 0.0122051 0.0159742 0.00945774 0.013365 0.0158222 0.012053 0.0534518 0.0277412 0.00330038 0.00346052 0.00323609 0.00320133 0.0031916 0 0.00323136 0.00606774 0.253142 0.0106569 0.0431165 0.0236392 0.011491 0.0108637 0.0157722 0.00864928 0.00997952 0.00863785 0.00874286 0.0140894 0.00871043 0.00843706 0.01218 0.00913775 0.0101921 0.00920955 0.0111745 0.0127871 0.0114187 0.0101092 
0.0105178 0.0116854 0.00931702 0.014161 0.0154764 0.00966353 0.0103922 0.0112068 0.00875765 0.0138037 0.0155637 0.0128389 0.0197143 0.0103898 0.0121638 0.0126002 0.110458 0.00438617 0.00351408 0.00327257 0.00320855 0.00321973 0.00323136 0 0.102196 0.0105759 0.0236558 0.0134131 0.0297667 0.0131202 0.0115469 0.00877249 0.00972262 0.00850801 0.012936 0.00975993 0.00861698 0.0122856 0.0121846 0.00841854 0.00991859 0.00972284 0.011149 0.00881249 0.00889587 0.0110191 0.00979847 
0.0146504 0.00998304 0.0108622 0.00942857 0.0134652 0.00876176 0.00913333 0.00987899 0.00855189 0.0107427 0.0106986 0.0195608 0.0124052 0.0115834 0.00911256 0.0106886 0.0149704 0.0122993 0.0135883 0.00951055 0.00607763 0.00904557 0.00606774 0.102196 0 0.00775665 0.00346872 0.0183055 0.00669747 0.0144113 0.0124589 0.00873708 0.00983174 0.0109335 0.00983068 0.00958798 0.00856591 0.0121577 0.010809 0.0084816 0.0104317 0.0100691 0.0096424 0.00917924 0.00850285 0.00933837 0.011272 
0.00913858 0.0116255 0.00992308 0.0207843 0.0093884 0.00974811 0.00900156 0.00904613 0.00942077 0.00883973 0.0120218 0.0140965 0.0187378 0.010685 0.0095271 0.0108037 0.0127291 0.0250191 0.0122746 0.00997074 0.0131831 0.00764068 0.253142 0.0105759 0.00775665 0 0.0147045 0.00860523 0.00429788 0.0245096 0.00995564 0.00948865 0.00876805 0.00998304 0.0132238 0.00881967 0.00954291 0.00938922 0.0102895 0.0108163 0.00877581 0.0100925 0.0130682 0.00918649 0.00890572 0.00928678 0.0109264 
0.0102627 0.00887129 0.0123559 0.0111746 0.0107182 0.0108167 0.0110708 0.0134331 0.0114835 0.0111202 0.0224937 0.01327 0.0122791 0.0119641 0.0158716 0.0124566 0.0246222 0.021862 0.0165947 0.0390648 0.024116 0.0131145 0.0106569 0.0236558 0.00346872 0.0147045 0 0.00332989 0.00337158 0.0661635 0.021923 0.020933 0.0119784 0.027611 0.0105126 0.0115851 0.0101252 0.0189426 0.0103013 0.0103333 0.0114112 0.0195758 0.0110842 0.0119473 0.0125681 0.011204 0.0235164 
0.00855426 0.00902853 0.00891626 0.00896194 0.0131876 0.010494 0.0105918 0.0113887 0.00931092 0.0189406 0.0104267 0.00943755 0.00937208 0.0155063 0.0113055 0.0302964 0.0124517 0.0112117 0.142383 0.016876 0.0152626 0.0116111 0.0431165 0.0134131 0.0183055 0.00860523 0.00332989 0 0.00341642 0.0149016 0.0677047 0.0138392 0.0550113 0.00912498 0.00947321 0.010405 0.0140653 0.00949609 0.00900564 0.00949534 0.0163126 0.00932796 0.0100396 0.0138293 0.0109569 0.0262926 0.0097823 
0.00924606 0.00945341 0.00964467 0.0186165 0.00945546 0.0104983 0.0105531 0.00944581 0.0104258 0.00900496 0.0251685 0.0104878 0.0197306 0.00966282 0.0114352 0.0109838 0.0166 0.0795975 0.0156543 0.0185513 0.0145749 0.0114933 0.0236392 0.0297667 0.00669747 0.00429788 0.00337158 0.00341642 0 0.0237436 0.0116392 0.040416 0.0110006 0.0481678 0.0152675 0.00939841 0.0104243 0.0121494 0.0123342 0.01081 0.00897644 0.0134901 0.0161892 0.00963083 0.0116373 0.0105818 0.0130104 
0.00908865 0.00812699 0.00940075 0.0100467 0.00847715 0.00997927 0.0087617 0.00984867 0.00921076 0.0087603 0.0139621 0.0104637 0.0100426 0.00874245 0.00898801 0.0104683 0.0185535 0.0194247 0.0133097 0.0122568 0.0123234 0.00941565 0.011491 0.0131202 0.0144113 0.0245096 0.0661635 0.0149016 0.0237436 0 0.00343849 0.00336937 0.00334807 0.0050418 0.00988021 0.00859067 0.0114956 0.0645552 0.0136776 0.0143802 0.0111741 0.0390957 0.0164468 0.0114567 0.0120286 0.0107361 0.318356 
0.0082071 0.0081443 0.00818106 0.00840685 0.0109198 0.00900896 0.0104129 0.0109799 0.008429 0.0127462 0.00866532 0.00842868 0.00845663 0.0109247 0.0107505 0.0128318 0.0106518 0.0103824 0.0246116 0.0310985 0.0125189 0.0201442 0.0108637 0.0115469 0.0124589 0.00995564 0.021923 0.0677047 0.0116392 0.00343849 0 0.00320953 0.00337552 0.00334996 0.00865136 0.0135489 0.0332982 0.0759572 0.0138382 0.00948723 0.0353459 0.0117081 0.0116742 0.027531 0.0110488 0.378968 0.0105879 
0.00807725 0.00820302 0.00826557 0.00957664 0.00855211 0.0200724 0.010426 0.00922713 0.0134673 0.00842996 0.0090167 0.00819617 0.00922135 0.00893616 0.0140436 0.0100928 0.00897588 0.0111659 0.0164783 0.0222766 0.0330781 0.0100544 0.0157722 0.00877249 0.00873708 0.00948865 0.020933 0.0138392 0.040416 0.00336937 0.00320953 0 0.0032277 0.00328357 0.00727515 0.014464 0.0457651 0.0103922 0.00861251 0.0279848 0.00877521 0.0111491 0.0121512 0.0106282 0.342621 0.00966682 0.0127308 
0.00813152 0.00820874 0.00804272 0.00849208 0.0117919 0.00862315 0.00852611 0.00961188 0.00823907 0.00874265 0.00817545 0.00824219 0.00905348 0.0105623 0.00861702 0.00859692 0.0086427 0.00989368 0.0114988 0.0153222 0.00916043 0.010045 0.00864928 0.00972262 0.00983174 0.00876805 0.0119784 0.0550113 0.0110006 0.00334807 0.00337552 0.0032277 0 0.00330016 0.0260815 0.0278028 0.012513 0.00791994 0.0161687 0.009078 0.0119721 0.00853478 0.00967572 0.305985 0.00889412 0.0171773 0.00840084 
0.00834304 0.00866755 0.00817847 0.0123794 0.00827556 0.00878946 0.00865695 0.00823843 0.00840228 0.00805319 0.00855931 0.00899146 0.0185768 0.00842477 0.00843438 0.0083834 0.00866123 0.019309 0.0127303 0.00926764 0.00898664 0.00840803 0.00997952 0.00850801 0.0109335 0.00998304 0.027611 0.00912498 0.0481678 0.0050418 0.00334996 0.00328357 0.00330016 0 0.0353899 0.00746341 0.00676809 0.00702091 0.0125896 0.0113047 0.00820219 0.01073 0.288877 0.00895163 0.0100382 0.00887931 0.0114279 
0.00946855 0.00818667 0.00864062 0.00868771 0.00837929 0.00838557 0.00833459 0.00850571 0.00822458 0.00861938 0.00969935 0.0103506 0.00902817 0.00832718 0.00843547 0.00875495 0.0127984 0.0120624 0.00888879 0.00937857 0.00895556 0.00859456 0.00863785 0.012936 0.00983068 0.0132238 0.0105126 0.00947321 0.0152675 0.00988021 0.00865136 0.00727515 0.0260815 0.0353899 0 0.00345061 0.00352731 0.00462783 0.00829502 0.00706491 0.0123226 0.916644 0.0104077 0.0088044 0.00915266 0.0154349 0.0444937 
0.00813106 0.00808036 0.00810064 0.00819361 0.00846314 0.00842 0.00836558 0.00877125 0.00817035 0.00865962 0.00824624 0.00822987 0.00836789 0.00844295 0.00897554 0.00845655 0.00874892 0.00963674 0.0109881 0.0119473 0.00918602 0.00972419 0.00874286 0.00975993 0.00958798 0.00881967 0.0115851 0.010405 0.00939841 0.00859067 0.0135489 0.014464 0.0278028 0.00746341 0.00345061 0 0.00328557 0.00326646 0.00672558 0.00706032 0.973066 0.0106259 0.00799634 0.00956435 0.0123085 0.0215121 0.0096234 
0.00804627 0.00803883 0.00816521 0.00869999 0.00843016 0.00903681 0.00875816 0.00842347 0.00894777 0.00823545 0.00855929 0.00809981 0.00850101 0.00870487 0.00882449 0.00936021 0.00853458 0.00928977 0.0120648 0.0110268 0.0109329 0.00876266 0.0140894 0.00861698 0.00856591 0.00954291 0.0101252 0.0140653 0.0104243 0.0114956 0.0332982 0.0457651 0.012513 0.00676809 0.00352731 0.00328557 0 0.00320333 0.00656113 0.990394 0.00787583 0.00817623 0.00812134 0.0144769 0.0122261 0.0116384 0.00889192 
0.00875513 0.00842671 0.00820834 0.00973331 0.00912276 0.00875139 0.00839797 0.00889778 0.00817281 0.00839832 0.00868297 0.00940759 0.0106078 0.00870875 0.0085853 0.00834495 0.0102984 0.0128227 0.00962337 0.0110449 0.00887266 0.00885095 0.00871043 0.0122856 0.0121577 0.00938922 0.0189426 0.00949609 0.0121494 0.0645552 0.0759572 0.0103922 0.00791994 0.00702091 0.00462783 0.00326646 0.00320333 0 0.998219 0.0057149 0.00687539 0.0078855 0.0147632 0.0116217 0.0096021 0.0123265 0.016122 
0.00918429 0.00828405 0.00837787 0.00831496 0.00872896 0.0083109 0.00840833 0.00856899 0.00819964 0.00904962 0.0089842 0.0097587 0.00920908 0.00843835 0.0083352 0.00875184 0.0120455 0.00997855 0.00913815 0.00908137 0.00861387 0.00872469 0.00843706 0.0121846 0.010809 0.0102895 0.0103013 0.00900564 0.0123342 0.0136776 0.0138382 0.00861251 0.0161687 0.0125896 0.00829502 0.00672558 0.00656113 0.998219 0 0.00332722 0.00351778 0.00378501 0.00483476 0.00521161 0.00809917 0.0193335 0.0249366 
0.00808006 0.00799643 0.00825619 0.00907143 0.00835712 0.00921525 0.00855393 0.00866849 0.00903209 0.00835808 0.00895016 0.00819941 0.00843857 0.00844952 0.00929135 0.00909787 0.00899237 0.0102731 0.0108374 0.0117135 0.0119706 0.00925872 0.01218 0.00841854 0.0084816 0.0108163 0.0103333 0.00949534 0.01081 0.0143802 0.00948723 0.0279848 0.009078 0.0113047 0.00706491 0.00706032 0.990394 0.0057149 0.00332722 0 0.00326382 0.00329324 0.00355679 0.00698592 0.0185337 0.0144357 0.00906449 
0.00822106 0.00815961 0.00812088 0.0087386 0.00936507 0.00885304 0.0086842 0.00893509 0.00834847 0.00869533 0.00826997 0.00839851 0.00888516 0.00938928 0.00864404 0.00901625 0.00885926 0.00972637 0.013313 0.0143971 0.00960925 0.010431 0.00913775 0.00991859 0.0104317 0.00877581 0.0114112 0.0163126 0.00897644 0.0111741 0.0353459 0.00877521 0.0119721 0.00820219 0.0123226 0.973066 0.00787583 0.00687539 0.00351778 0.00326382 0 0.00323751 0.00372108 0.00922641 0.00646046 0.0122009 0.00438149 
0.00849274 0.00866485 0.00832145 0.0109508 0.00858038 0.00911047 0.00874325 0.00846349 0.00847693 0.00823003 0.00905202 0.00907127 0.0122653 0.00870116 0.00872772 0.00882701 0.00909993 0.0169268 0.00988424 0.010059 0.00954784 0.00865136 0.0101921 0.00972284 0.0100691 0.0100925 0.0195758 0.00932796 0.0134901 0.0390957 0.0117081 0.0111491 0.00853478 0.01073 0.916644 0.0106259 0.00817623 0.0078855 0.00378501 0.00329324 0.00323751 0 0.0124683 0.00549079 0.00379229 0.00403266 0.00485954 
0.00881684 0.00803641 0.00846101 0.0084382 0.00838448 0.0085321 0.00846704 0.00896762 0.00823137 0.00865418 0.0115951 0.0092657 0.00865361 0.00842997 0.00847459 0.00898703 0.0133708 0.0107779 0.00957676 0.0114064 0.00960499 0.00946472 0.00920955 0.011149 0.0096424 0.0130682 0.0110842 0.0100396 0.0161892 0.0164468 0.0116742 0.0121512 0.00967572 0.288877 0.0104077 0.00799634 0.00812134 0.0147632 0.00483476 0.00355679 0.00372108 0.0124683 0 0.00326819 0.00321899 0.003284 0.00435699 
0.00808156 0.00810742 0.00816416 0.00851854 0.00913116 0.00919857 0.00942023 0.00954694 0.00918065 0.00891957 0.00915971 0.00818148 0.00828111 0.0096248 0.00996931 0.0100561 0.00917915 0.0103448 0.0181203 0.0232101 0.0185645 0.0118931 0.0111745 0.00881249 0.00917924 0.00918649 0.0119473 0.0138293 0.00963083 0.0114567 0.027531 0.0106282 0.305985 0.00895163 0.0088044 0.00956435 0.0144769 0.0116217 0.00521161 0.00698592 0.00922641 0.00549079 0.00326819 0 0.00321134 0.00407347 0.00328831 
0.00807125 0.00807222 0.00813267 0.00890802 0.00876005 0.0124344 0.0103896 0.00996041 0.00987371 0.00853614 0.00931177 0.00809009 0.00833697 0.00951134 0.0130159 0.010481 0.00940423 0.00965482 0.0189806 0.0576421 0.0303197 0.01256 0.0127871 0.00889587 0.00850285 0.00890572 0.0125681 0.0109569 0.0116373 0.0120286 0.0110488 0.342621 0.00889412 0.0100382 0.00915266 0.0123085 0.0122261 0.0096021 0.00809917 0.0185337 0.00646046 0.00379229 0.00321899 0.00321134 0 0.00321441 0.00322131 
0.0082225 0.00818156 0.00832929 0.0087139 0.00950826 0.00963474 0.00951538 0.0098954 0.00862693 0.0090545 0.00860676 0.00820944 0.00863106 0.0101388 0.00996963 0.0105037 0.00946502 0.00953399 0.0176191 0.0247487 0.0292836 0.0113118 0.0114187 0.0110191 0.00933837 0.00928678 0.011204 0.0262926 0.0105818 0.0107361 0.378968 0.00966682 0.0171773 0.00887931 0.0154349 0.0215121 0.0116384 0.0123265 0.0193335 0.0144357 0.0122009 0.00403266 0.003284 0.00407347 0.00321441 0 0.00321085 
0.00876627 0.00877581 0.00839293 0.0113175 0.00881995 0.00930029 0.00933407 0.00855079 0.00872337 0.00839326 0.00888285 0.0099309 0.0129671 0.00895021 0.00897107 0.00928662 0.00906937 0.0163862 0.0102281 0.00984667 0.00970568 0.00880126 0.0101092 0.00979847 0.011272 0.0109264 0.0235164 0.0097823 0.0130104 0.318356 0.0105879 0.0127308 0.00840084 0.0114279 0.0444937 0.0096234 0.00889192 0.016122 0.0249366 0.00906449 0.00438149 0.00485954 0.00435699 0.00328831 0.00322131 0.00321085 0 
