2PRDA
ANLKSLPVGDKAPEVVHMVIEVPRGSGNKYEYDPDLGAIKLDRVLPGAQFYPGDYGFIPSTLAEDGDPLDGLVLSTYPLLPGVVVEVRVVGLLLMEDEKGGDAKVIGVVAEDQRLDHIQDIGDVPEGVKQEIQHFFETYKALEAKKGKWVKVTGWRDRKAALEEVRACIARYKG
CCHHHCCCCCCCCCEEEEEEEECCCCCEEEEEECCCCEEEEEEECCCCCCCCCEEEECCCCCCCCCCCCEEEEECCCCCCCCCEEEEEEEEEEEEEECCCEEEEEEEEECCCHHHCCCCCHHHCCHHHHHHHHHHHHHCCHHHHHHCCCEEEEEEECHHHHHHHHHHHHHHHHC
0 0 0 0 0 0 0 0 0 0 0 0 0 0 0 0 0 0 0 0 0 0 0 0 0 0 0 0 0 0 0 0 0 0 0 0 0 0 0 0 0 0 0 0 0 0 0 0 0 0 0 0 0 0 0 0 0 0 0 0 0 0 0 0 0 0 0 0 0 0 0 0 0 0 0 0 0 0 0 0 0 0 0 0 0 0 0 0 0 0 0 0 0 0 0 0 0 0 0 0 0 0 0 0 0 0 0 0 0 0 0 0 0 0 0 0 0 0 0 0 0 0 0 0 0 0 0 0 0 0 0 0 0 0 0 0 0 0 0 0 0 0 0 0 0 0 0 0 0 0 0 0 0 0 0 0 0 0 0 0 0 0 0 0 0 0 0 0 0 0 0 0 0 0 
0 0 0 0 0 0 0 0 0 0 0 0 0 0 0 0 0 0 0 0 0 0 0 0 0 0 0 0 0 0 0 0 0 0 0 0 0 0 0 0 0 0 0 0 0 0 0 0 0 0 0 0 0 0 0 0 0 0 0 0 0 0 0 0 0 0 0 0 0 0 0 0 0 0 0 0 0 0 0 0 0 0 0 0 0 0 0 0 0 0 0 0 0 0 0 0 0 0 0 0 0 0 0 0 0 0 0 0 0 0 0 0 0 0 0 0 0 0 0 0 0 0 0 0 0 0 0 0 0 0 0 0 0 0 0 0 0 0 0 0 0 0 0 0 0 0 0 0 0 0 0 0 0 0 0 0 0 0 0 0 0 0 0 0 0 0 0 0 0 0 0 0 0 0 
0 0.00338423 0.00333959 0.00328801 0.00330525 0.00336905 0.00380481 0.00903042 0.00940432 0.00713951 0.01033 0.00939568 0.00972089 0.0521255 0.0133849 0.0114666 0.0102643 0.00927481 0.0093351 0.00992264 0.0358096 0.0125385 0.0107054 0.0110822 0.0197759 0.0145916 0.0151675 0.0144452 0.0114354 0.0194476 0.0129996 0.00997261 0.0104725 0.0101881 0.0107553 0.0101789 0.0120568 0.0138112 0.0137809 0.00929056 0.0101677 0.00916409 0.00879376 0.0101139 0.00860598 0.00833881 0.00904258 0.010329 0.0100794 0.0121462 0.0110873 0.00957394 0.0119096 0.00922294 0.00835476 0.00838088 0.00825234 0.00820415 0.00805949 0.00843411 
0.00338423 0 0.00333029 0.00329758 0.00327927 0.00335381 0.00334981 0.00361679 0.00578246 0.00762865 0.00697048 0.00764615 0.0371691 0.00917556 0.00922701 0.0142858 0.00869564 0.0118114 0.00854073 0.0288053 0.00918993 0.00984474 0.0247462 0.0152923 0.0120528 0.0100552 0.0478516 0.0367743 0.0186449 0.0130156 0.00943559 0.0249154 0.00909008 0.0373883 0.0100729 0.0445536 0.0180055 0.0284264 0.0172043 0.0148712 0.0113459 0.0128774 0.00871702 0.00974639 0.00821353 0.0088474 0.011205 0.0124415 0.0202283 0.0171776 0.0181869 0.0138948 0.00889447 0.00900599 0.00825322 0.00932579 0.00829453 0.00852895 0.00837784 0.00819852 
0.00333959 0.00333029 0 0.00329589 0.00355088 0.00344934 0.00326215 0.00323403 0.00624049 0.00650381 0.00723791 0.0258802 0.00901388 0.0364117 0.0105879 0.00893033 0.0188373 0.0085486 0.0276921 0.00887706 0.0132991 0.0126299 0.0123598 0.0265953 0.0107204 0.0188664 0.0197779 0.0622922 0.0288432 0.0112947 0.0128579 0.00921702 0.112079 0.0104685 0.0855083 0.0206367 0.0474507 0.042832 0.0359903 0.0294072 0.041168 0.0106389 0.0153708 0.00830959 0.00842722 0.00907194 0.0122739 0.0388003 0.0239312 0.0399642 0.0423194 0.0143055 0.00955002 0.00831012 0.0104706 0.00867555 0.0109219 0.00896956 0.0083579 0.00821279 
0.00328801 0.00329758 0.00329589 0 0.00328505 0.00335124 0.00324626 0.00323842 0.00520368 0.00707857 0.0175699 0.0122623 0.0850636 0.00949988 0.00833624 0.0121926 0.00864815 0.0246352 0.00876834 0.0168796 0.00970859 0.012413 0.031291 0.0156411 0.0187191 0.0136168 0.0692826 0.0821816 0.0275341 0.0150622 0.00925202 0.0572499 0.0106098 0.144288 0.0141325 0.110627 0.0409809 0.0593685 0.0570479 0.0447904 0.0178385 0.037796 0.00897857 0.00916518 0.00846013 0.00946727 0.0219807 0.0215121 0.0710573 0.0545019 0.0440142 0.0231872 0.00950878 0.00965993 0.00844631 0.0135585 0.00884827 0.00998932 0.00855413 0.00841771 
0.00330525 0.00327927 0.00355088 0.00328505 0 0.00320713 0.00326071 0.00323935 0.00504489 0.0144658 0.0242616 0.0972032 0.022742 0.00765568 0.00869193 0.00876403 0.0220764 0.00864175 0.0179029 0.0106263 0.0124665 0.0143739 0.0159179 0.040992 0.0145703 0.0166444 0.0356437 0.0861986 0.0473976 0.0127106 0.0131852 0.0101151 0.090258 0.0127747 0.0942344 0.0269008 0.0567956 0.0638669 0.0586566 0.037897 0.0586243 0.0128983 0.0136375 0.00850623 0.00849561 0.00962134 0.0145265 0.0659801 0.0371298 0.0629422 0.0595439 0.0172604 0.010772 0.0084716 0.00981298 0.00879796 0.0113614 0.00937644 0.0083924 0.00843933 
0.00336905 0.00335381 0.00344934 0.00335124 0.00320713 0 0.00328377 0.00326808 0.00481381 0.0125351 0.0471848 0.0121422 0.0135701 0.00641601 0.00823012 0.0138991 0.00925433 0.0196121 0.00918968 0.018013 0.0107073 0.01184 0.0490653 0.0395481 0.021666 0.0142982 0.0685595 0.14324 0.037915 0.0193055 0.00957897 0.0569621 0.0144831 0.141571 0.0185778 0.160795 0.0574745 0.0769939 0.0751791 0.0642828 0.0266952 0.05727 0.00939944 0.00995681 0.00867999 0.00997879 0.0331742 0.0344022 0.0953759 0.0807941 0.0645354 0.0312231 0.0104905 0.00976831 0.0086854 0.0151036 0.00936486 0.0106082 0.00866662 0.00847216 
0.00380481 0.00334981 0.00326215 0.00324626 0.00326071 0.00328377 0 0.0032473 0.012979 0.0401611 0.0161792 0.0203767 0.00686206 0.00686568 0.0138867 0.00997521 0.0132576 0.00870118 0.0150283 0.0153874 0.0199799 0.0299042 0.0170443 0.0854635 0.0222768 0.0210949 0.0238381 0.0386688 0.134706 0.0162325 0.0192105 0.0105857 0.0601851 0.0107648 0.0420926 0.0189841 0.0345362 0.0351887 0.0286409 0.0217681 0.0288315 0.0108897 0.0245064 0.00854188 0.00920529 0.0109152 0.0112129 0.0340666 0.0218315 0.0328568 0.037932 0.0301849 0.0128797 0.00858259 0.0104242 0.00888501 0.0107044 0.00909114 0.0085497 0.00833205 
0.00903042 0.00361679 0.00323403 0.00323842 0.00323935 0.00326808 0.0032473 0 0.0240102 0.0368421 0.00767357 0.00444595 0.00597717 0.00658196 0.0112793 0.00980855 0.00780077 0.00833506 0.00830652 0.00982849 0.0204413 0.0171646 0.022172 0.0123832 0.0253409 0.0160894 0.0119418 0.0135775 0.0148791 0.0238416 0.0121961 0.0155586 0.00883611 0.0140889 0.00927748 0.011887 0.0109475 0.0127389 0.0118552 0.0104098 0.00944627 0.0100308 0.00854969 0.00950806 0.0104843 0.00856846 0.00941972 0.00913152 0.0104969 0.0102773 0.010306 0.0114347 0.0112679 0.0104465 0.00814463 0.00871537 0.00813834 0.00841334 0.00823508 0.00811566 
0.00940432 0.00578246 0.00624049 0.00520368 0.00504489 0.00481381 0.012979 0.0240102 0 0.00341076 0.0032045 0.00325489 0.00328087 0.00382668 0.00656587 0.00619707 0.00620011 0.00605499 0.0081335 0.121819 0.540275 0.00949206 0.009161 0.00935139 0.0158236 0.015548 0.00980718 0.00927684 0.00982897 0.0151577 0.0126666 0.0096245 0.00957073 0.00898686 0.00932588 0.00905498 0.00898965 0.00908064 0.00897336 0.0086511 0.00885453 0.00840868 0.00851263 0.00877815 0.00846637 0.00817189 0.00835163 0.00885353 0.00879353 0.00900168 0.00908004 0.00880437 0.0119572 0.00850353 0.00840486 0.00821054 0.00808343 0.00801768 0.00799419 0.00917105 
0.00713951 0.00762865 0.00650381 0.00707857 0.0144658 0.0125351 0.0401611 0.0368421 0.00341076 0 0.00337549 0.0032357 0.0039115 0.00335346 0.00570584 0.00594839 0.00638729 0.0120404 0.176252 0.475417 0.0106496 0.00915564 0.00901069 0.0113798 0.00911465 0.00958316 0.0122312 0.0104265 0.0108659 0.010014 0.00912935 0.0094048 0.00927621 0.00905464 0.0100119 0.00908588 0.00903802 0.0100659 0.00916164 0.00906216 0.00899292 0.00846693 0.00885103 0.00838789 0.00811975 0.00819883 0.00839411 0.00912095 0.00881143 0.00930674 0.00916039 0.00909262 0.00864996 0.00818744 0.00817091 0.00805026 0.00809564 0.00809625 0.00807321 0.00817639 
0.01033 0.00697048 0.00723791 0.0175699 0.0242616 0.0471848 0.0161792 0.00767357 0.0032045 0.00337549 0 0.00342029 0.00329884 0.00321256 0.00432234 0.00667382 0.00815557 0.799153 0.0432171 0.00957143 0.00832449 0.00810896 0.00990371 0.0090912 0.0102035 0.00899899 0.0127251 0.0172035 0.0105186 0.00978146 0.00882825 0.012713 0.00944908 0.016949 0.010178 0.0159818 0.012429 0.0122547 0.0147356 0.0110918 0.0102975 0.0102668 0.00854209 0.00836256 0.00824692 0.00831068 0.0103442 0.0104397 0.0158165 0.0133115 0.0234527 0.0096201 0.00881045 0.00841089 0.0081903 0.00918007 0.00822915 0.00832282 0.0081608 0.0082755 
0.00939568 0.00764615 0.0258802 0.0122623 0.0972032 0.0121422 0.0203767 0.00444595 0.00325489 0.0032357 0.00342029 0 0.00318858 0.00320338 0.00445377 0.0105438 0.941536 0.0208684 0.013553 0.00647567 0.00693301 0.00981555 0.00917498 0.0152439 0.00905268 0.0105349 0.0145972 0.0225513 0.0153984 0.00945861 0.0118006 0.00896841 0.0411387 0.00937996 0.0339911 0.0126429 0.0140491 0.0223877 0.0127353 0.0137642 0.0149087 0.00984555 0.0100314 0.00825448 0.00829987 0.0086995 0.00917842 0.0206723 0.0138838 0.021903 0.0195395 0.0107242 0.0088198 0.00813476 0.00961334 0.00822516 0.009724 0.00836825 0.00823384 0.00824832 
0.00972089 0.0371691 0.00901388 0.0850636 0.022742 0.0135701 0.00686206 0.00597717 0.00328087 0.0039115 0.00329884 0.00318858 0 0.00346783 0.0119996 0.986076 0.0109156 0.0323558 0.00514939 0.00671903 0.00645539 0.00831679 0.0194768 0.0102569 0.0118119 0.010066 0.0171347 0.0127459 0.0141492 0.0107956 0.00939388 0.0242627 0.00870438 0.0158719 0.00910474 0.0119941 0.0104036 0.010442 0.0118695 0.0105166 0.00920791 0.00994897 0.00872588 0.0086388 0.00871623 0.00867961 0.00956671 0.0092298 0.0120649 0.0113054 0.0104432 0.0116948 0.00874784 0.00966575 0.00818045 0.00940095 0.00823924 0.00849011 0.00822244 0.00815836 
0.0521255 0.00917556 0.0364117 0.00949988 0.00765568 0.00641601 0.00686568 0.00658196 0.00382668 0.00335346 0.00321256 0.00320338 0.00346783 0 0.973857 0.0124 0.00819059 0.00387956 0.00445872 0.00514141 0.00643646 0.0121742 0.00823223 0.00913998 0.0138598 0.0138909 0.00983848 0.00990053 0.0104371 0.0135392 0.0160971 0.00917529 0.00941352 0.00903659 0.00940895 0.00915227 0.00898748 0.00985571 0.00957213 0.00905043 0.00930621 0.00858117 0.00850153 0.00855205 0.0101095 0.00888267 0.00859827 0.0090129 0.0088622 0.00902533 0.0091299 0.00896769 0.0100709 0.00881746 0.00824546 0.00810404 0.00815015 0.00817688 0.00810568 0.00804954 
0.0133849 0.00922701 0.0105879 0.00833624 0.00869193 0.00823012 0.0138867 0.0112793 0.00656587 0.00570584 0.00432234 0.00445377 0.0119996 0.973857 0 0.00443986 0.00329355 0.00331455 0.00332272 0.00380878 0.00559548 0.00723127 0.00750442 0.00949982 0.020096 0.0110785 0.0101713 0.00968832 0.0107926 0.0177311 0.0128339 0.00990929 0.0102121 0.00914477 0.0103042 0.00909303 0.0109336 0.00936282 0.00917447 0.00880328 0.00898466 0.00854128 0.00939083 0.00988472 0.0086544 0.00833521 0.00855046 0.00928331 0.00903243 0.00921605 0.00932159 0.00922238 0.0135344 0.00839409 0.00877736 0.00810515 0.00821378 0.00806511 0.00803177 0.00922742 
0.0114666 0.0142858 0.00893033 0.0121926 0.00876403 0.0138991 0.00997521 0.00980855 0.00619707 0.00594839 0.00667382 0.0105438 0.986076 0.0124 0.00443986 0 0.00321823 0.0032159 0.00325426 0.00367316 0.00413712 0.00693452 0.00879963 0.0107303 0.0107674 0.00996748 0.0158343 0.011755 0.010118 0.0107079 0.0100709 0.0142584 0.00925394 0.0120399 0.00942538 0.0155827 0.010469 0.0104485 0.0102158 0.00953547 0.00895588 0.00935593 0.00863212 0.00876424 0.00845273 0.00844149 0.00927137 0.00917122 0.0113478 0.0108885 0.0100653 0.00975607 0.00880797 0.00871673 0.00832869 0.00841866 0.00813547 0.00830213 0.00822848 0.00817231 
0.0102643 0.00869564 0.0188373 0.00864815 0.0220764 0.00925433 0.0132576 0.00780077 0.00620011 0.00638729 0.00815557 0.941536 0.0109156 0.00819059 0.00329355 0.00321823 0 0.00321788 0.0032153 0.00333992 0.00331222 0.00707009 0.00735067 0.0108109 0.0103471 0.0103144 0.0103856 0.0131941 0.0119477 0.00915197 0.0117222 0.00901127 0.0240137 0.00904388 0.0304517 0.0108689 0.0119266 0.0154788 0.0116769 0.0108959 0.0120479 0.00905393 0.00935817 0.00822693 0.00841205 0.00860629 0.00912176 0.0151777 0.0113967 0.0132498 0.0153617 0.00927855 0.00895376 0.00820374 0.00930057 0.00817045 0.00915309 0.00860413 0.00813913 0.0081252 
0.00927481 0.0118114 0.0085486 0.0246352 0.00864175 0.0196121 0.00870118 0.00833506 0.00605499 0.0120404 0.799153 0.0208684 0.0323558 0.00387956 0.00331455 0.0032159 0.00321788 0 0.00322241 0.00320767 0.00320671 0.00616466 0.00805485 0.00837834 0.0170408 0.00898348 0.0146599 0.0146282 0.0107397 0.0103528 0.00882185 0.0186901 0.00903926 0.0448328 0.00953412 0.0211948 0.0137068 0.013352 0.0155338 0.0119332 0.0100368 0.0144571 0.00846459 0.00884495 0.00827626 0.00845888 0.0105512 0.0106636 0.0188569 0.0145846 0.014905 0.0103908 0.00878291 0.00888685 0.0081026 0.00999947 0.00818687 0.00854358 0.00813234 0.00812401 
0.0093351 0.00854073 0.0276921 0.00876834 0.0179029 0.00918968 0.0150283 0.00830652 0.0081335 0.176252 0.0432171 0.013553 0.00514939 0.00445872 0.00332272 0.00325426 0.0032153 0.00322241 0 0.00318798 0.00320756 0.00638925 0.00737714 0.0150169 0.00867054 0.0104733 0.0101933 0.0247834 0.0111015 0.00919454 0.010672 0.00878906 0.0356639 0.00894325 0.0225259 0.0106177 0.0142952 0.0165256 0.0126846 0.0123678 0.0153828 0.00891109 0.00996647 0.00820709 0.00838386 0.00846956 0.0102249 0.0162327 0.0126144 0.014919 0.0174545 0.00943998 0.00871284 0.0081439 0.0090436 0.0082673 0.00916791 0.00857955 0.0081347 0.00809417 
0.00992264 0.0288053 0.00887706 0.0168796 0.0106263 0.018013 0.0153874 0.00982849 0.121819 0.475417 0.00957143 0.00647567 0.00671903 0.00514141 0.00380878 0.00367316 0.00333992 0.00320767 0.00318798 0 0.00318946 0.00852092 0.0331507 0.0278495 0.00919738 0.0103643 0.0236714 0.0149977 0.0200679 0.0111857 0.00962176 0.0311698 0.0092776 0.0163896 0.00988356 0.0165634 0.0140055 0.0137951 0.0147929 0.0130583 0.00987196 0.0131795 0.00874203 0.00862061 0.00846082 0.00963657 0.00981005 0.0111021 0.0155481 0.0154949 0.0142581 0.0173566 0.00879203 0.00948452 0.00830957 0.00998891 0.00846719 0.0085691 0.00820098 0.0081775 
0.0358096 0.00918993 0.0132991 0.00970859 0.0124665 0.0107073 0.0199799 0.0204413 0.540275 0.0106496 0.00832449 0.00693301 0.00645539 0.00643646 0.00559548 0.00413712 0.00331222 0.00320671 0.00320756 0.00318946 0 0.0258445 0.0197619 0.0155035 0.0129125 0.0253539 0.0115512 0.0130412 0.0142919 0.029974 0.0311641 0.010054 0.0126378 0.00956418 0.0113298 0.0106792 0.0107318 0.0121543 0.0116033 0.0103184 0.0113112 0.00901499 0.0100121 0.00876122 0.01492 0.00921332 0.00936244 0.010459 0.0112448 0.0113301 0.0131084 0.0108565 0.0149738 0.00964845 0.00908937 0.00829465 0.00841159 0.00836338 0.00819496 0.0085019 
0.0125385 0.00984474 0.0126299 0.012413 0.0143739 0.01184 0.0299042 0.0171646 0.00949206 0.00915564 0.00810896 0.00981555 0.00831679 0.0121742 0.00723127 0.00693452 0.00707009 0.00616466 0.00638925 0.00852092 0.0258445 0 0.00357217 0.00324624 0.00417776 0.013955 0.0200554 0.0134492 0.330584 0.0483674 0.0148704 0.00919531 0.0115405 0.00926465 0.0144509 0.0106353 0.0121124 0.0154047 0.0124419 0.0108476 0.011298 0.00929201 0.0104272 0.0101081 0.00939917 0.00891551 0.00926286 0.0132242 0.0112203 0.0149917 0.0137788 0.0129871 0.0184404 0.00864745 0.00862585 0.00842537 0.00833897 0.00825699 0.00821134 0.00962265 
0.0107054 0.0247462 0.0123598 0.031291 0.0159179 0.0490653 0.0170443 0.022172 0.009161 0.00901069 0.00990371 0.00917498 0.0194768 0.00823223 0.00750442 0.00879963 0.00735067 0.00805485 0.00737714 0.0331507 0.0197619 0.00357217 0 0.00321516 0.00324951 0.0183224 0.032453 0.48865 0.0288196 0.0172405 0.00929478 0.0191691 0.00974576 0.0222951 0.0117759 0.0263393 0.0186418 0.020537 0.0235525 0.0217758 0.0122165 0.0166274 0.00979296 0.00993154 0.00882798 0.00965721 0.0141759 0.013782 0.0275624 0.020832 0.0254238 0.0208867 0.0103404 0.00914662 0.00855718 0.0103447 0.00867927 0.00914319 0.00900296 0.00842009 
0.0110822 0.0152923 0.0265953 0.0156411 0.040992 0.0395481 0.0854635 0.0123832 0.00935139 0.0113798 0.0090912 0.0152439 0.0102569 0.00913998 0.00949982 0.0107303 0.0108109 0.00837834 0.0150169 0.0278495 0.0155035 0.00324624 0.00321516 0 0.00333286 0.0119015 0.485152 0.0376355 0.0821766 0.0186679 0.012316 0.0114999 0.021666 0.0113549 0.0212278 0.0210584 0.0244415 0.0289601 0.0261817 0.0194591 0.0225803 0.0134492 0.0179061 0.00930237 0.00912796 0.0128995 0.0116498 0.0254301 0.0219144 0.0316545 0.0351106 0.0451473 0.0122298 0.00940047 0.00972614 0.0101553 0.010258 0.00976195 0.00919099 0.00842716 
0.0197759 0.0120528 0.0107204 0.0187191 0.0145703 0.021666 0.0222768 0.0253409 0.0158236 0.00911465 0.0102035 0.00905268 0.0118119 0.0138598 0.020096 0.0107674 0.0103471 0.0170408 0.00867054 0.00919738 0.0129125 0.00417776 0.00324951 0.00333286 0 0.436748 0.0228571 0.0270478 0.0227933 0.104173 0.0144793 0.0144813 0.0105687 0.0140771 0.0117937 0.0147745 0.0158337 0.0252561 0.0168727 0.0137935 0.0126322 0.0116251 0.0107529 0.0115812 0.0129981 0.0107506 0.0115223 0.0125738 0.0131603 0.0151597 0.0190456 0.017332 0.0267616 0.0128114 0.00868807 0.00921195 0.00879385 0.00884868 0.00914836 0.00874358 
0.0145916 0.0100552 0.0188664 0.0136168 0.0166444 0.0142982 0.0210949 0.0160894 0.015548 0.00958316 0.00899899 0.0105349 0.010066 0.0138909 0.0110785 0.00996748 0.0103144 0.00898348 0.0104733 0.0103643 0.0253539 0.013955 0.0183224 0.0119015 0.436748 0 0.00326133 0.00325207 0.00328244 0.00350321 0.027939 0.0090073 0.0163768 0.0103718 0.0288731 0.0188755 0.0160642 0.0163643 0.0123694 0.0110375 0.0124798 0.00995265 0.0108817 0.011829 0.0131274 0.00937791 0.0101465 0.0283785 0.0136965 0.0175191 0.0171057 0.0140558 0.0256541 0.00985035 0.0105806 0.00908447 0.00929984 0.00898889 0.00971428 0.0118859 
0.0151675 0.0478516 0.0197779 0.0692826 0.0356437 0.0685595 0.0238381 0.0119418 0.00980718 0.0122312 0.0127251 0.0145972 0.0171347 0.00983848 0.0101713 0.0158343 0.0103856 0.0146599 0.0101933 0.0236714 0.0115512 0.0200554 0.032453 0.485152 0.0228571 0.00326133 0 0.00322347 0.00324322 0.00326094 0.0130897 0.051538 0.0143572 0.0655039 0.0400138 0.0441124 0.0194844 0.0248112 0.0304435 0.0212938 0.0167123 0.0216878 0.0108853 0.0112321 0.010327 0.0130709 0.0191733 0.0218806 0.096387 0.0398204 0.0468632 0.0329306 0.0117488 0.0152822 0.0107323 0.0176981 0.0106888 0.0116551 0.0109114 0.00882773 
0.0144452 0.0367743 0.0622922 0.0821816 0.0861986 0.14324 0.0386688 0.0135775 0.00927684 0.0104265 0.0172035 0.0225513 0.0127459 0.00990053 0.00968832 0.011755 0.0131941 0.0146282 0.0247834 0.0149977 0.0130412 0.0134492 0.48865 0.0376355 0.0270478 0.00325207 0.00322347 0 0.00325708 0.0032593 0.0133855 0.0437918 0.0517185 0.0710607 0.0384999 0.0245827 0.0460302 0.0329658 0.0589074 0.0508445 0.0289977 0.0261465 0.0136708 0.00934509 0.0103972 0.011539 0.0237548 0.0578983 0.0635739 0.168872 0.0868964 0.0465932 0.0129477 0.0122857 0.014273 0.0293269 0.0210951 0.0216662 0.00967524 0.00900164 
0.0114354 0.0186449 0.0288432 0.0275341 0.0473976 0.037915 0.134706 0.0148791 0.00982897 0.0108659 0.0105186 0.0153984 0.0141492 0.0104371 0.0107926 0.010118 0.0119477 0.0107397 0.0111015 0.0200679 0.0142919 0.330584 0.0288196 0.0821766 0.0227933 0.00328244 0.00324322 0.00325708 0 0.00330911 0.0483832 0.0438493 0.0620254 0.0165029 0.0199255 0.0246144 0.0179677 0.0451626 0.031035 0.0255708 0.0330744 0.0171121 0.0225583 0.00959348 0.00976463 0.0130111 0.0135286 0.0290614 0.0358626 0.0391363 0.0980143 0.122547 0.0241855 0.0103453 0.0144437 0.0110449 0.0138279 0.011222 0.0106822 0.0087397 
0.0194476 0.0130156 0.0112947 0.0150622 0.0127106 0.0193055 0.0162325 0.0238416 0.0151577 0.010014 0.00978146 0.00945861 0.0107956 0.0135392 0.0177311 0.0107079 0.00915197 0.0103528 0.00919454 0.0111857 0.029974 0.0483674 0.0172405 0.0186679 0.104173 0.00350321 0.00326094 0.0032593 0.00330911 0 0.0704342 0.0318701 0.0116047 0.0136996 0.0120153 0.0161993 0.0141809 0.0153783 0.0204042 0.0158779 0.013105 0.0183101 0.0117177 0.0197442 0.0149117 0.0119742 0.0113727 0.0125441 0.0142491 0.0180058 0.016995 0.0430398 0.0401587 0.0217678 0.00926959 0.0102428 0.00889045 0.00957813 0.00926087 0.00915402 
0.0129996 0.00943559 0.0128579 0.00925202 0.0131852 0.00957897 0.0192105 0.0121961 0.0126666 0.00912935 0.00882825 0.0118006 0.00939388 0.0160971 0.0128339 0.0100709 0.0117222 0.00882185 0.010672 0.00962176 0.0311641 0.0148704 0.00929478 0.012316 0.0144793 0.027939 0.0130897 0.0133855 0.0483832 0.0704342 0 0.00364065 0.00337798 0.00327829 0.00366572 0.00336328 0.00372729 0.00442994 0.0058131 0.00590762 0.0073652 0.00576335 0.00980888 0.00768504 0.0106498 0.00792793 0.00866921 0.0125428 0.0116236 0.0120253 0.0132069 0.0112761 0.0304803 0.0110186 0.0156197 0.0087544 0.0110679 0.00851358 0.00876321 0.0144744 
0.00997261 0.0249154 0.00921702 0.0572499 0.0101151 0.0569621 0.0105857 0.0155586 0.0096245 0.0094048 0.012713 0.00896841 0.0242627 0.00917529 0.00990929 0.0142584 0.00901127 0.0186901 0.00878906 0.0311698 0.010054 0.00919531 0.0191691 0.0114999 0.0144813 0.0090073 0.051538 0.0437918 0.0438493 0.0318701 0.00364065 0 0.00321418 0.00328969 0.0032541 0.00345169 0.00361836 0.00386709 0.00460953 0.00584652 0.00497185 0.0103999 0.00610497 0.0144733 0.00700424 0.00877039 0.00979317 0.0108901 0.0212401 0.0138746 0.0141095 0.0205173 0.010785 0.0250346 0.00875315 0.0470332 0.00849749 0.0108093 0.0100595 0.00895235 
0.0104725 0.00909008 0.112079 0.0106098 0.090258 0.0144831 0.0601851 0.00883611 0.00957073 0.00927621 0.00944908 0.0411387 0.00870438 0.00941352 0.0102121 0.00925394 0.0240137 0.00903926 0.0356639 0.0092776 0.0126378 0.0115405 0.00974576 0.021666 0.0105687 0.0163768 0.0143572 0.0517185 0.0620254 0.0116047 0.00337798 0.00321418 0 0.00319698 0.00322667 0.00327685 0.00326771 0.00351213 0.00374814 0.00374447 0.00979796 0.00436022 0.0117502 0.00508895 0.007553 0.00759467 0.0116386 0.0222405 0.0116508 0.0168112 0.0303191 0.0129318 0.0123084 0.00871778 0.0642977 0.00899551 0.0435809 0.0106481 0.00944881 0.00884473 
0.0101881 0.0373883 0.0104685 0.144288 0.0127747 0.141571 0.0107648 0.0140889 0.00898686 0.00905464 0.016949 0.00937996 0.0158719 0.00903659 0.00914477 0.0120399 0.00904388 0.0448328 0.00894325 0.0163896 0.00956418 0.00926465 0.0222951 0.0113549 0.0140771 0.0103718 0.0655039 0.0710607 0.0165029 0.0136996 0.00327829 0.00328969 0.00319698 0 0.00319082 0.00322606 0.00327121 0.00331801 0.00409337 0.00465518 0.00340285 0.0241713 0.00428028 0.00737382 0.00636141 0.00730919 0.011528 0.0107449 0.019075 0.020834 0.0165825 0.0176845 0.0295377 0.0322862 0.00879447 0.0809067 0.00909714 0.0184123 0.00948383 0.00886881 
0.0107553 0.0100729 0.0855083 0.0141325 0.0942344 0.0185778 0.0420926 0.00927748 0.00932588 0.0100119 0.010178 0.0339911 0.00910474 0.00940895 0.0103042 0.00942538 0.0304517 0.00953412 0.0225259 0.00988356 0.0113298 0.0144509 0.0117759 0.0212278 0.0117937 0.0288731 0.0400138 0.0384999 0.0199255 0.0120153 0.00366572 0.0032541 0.00322667 0.00319082 0 0.00319756 0.00322099 0.00328612 0.00336065 0.00346459 0.0155054 0.0039603 0.00491789 0.00451928 0.00681452 0.00741671 0.00841137 0.0174738 0.014124 0.0274186 0.0243232 0.0572148 0.194299 0.00945065 0.0306374 0.00977294 0.0409372 0.0125092 0.00975881 0.00883879 
0.0101789 0.0445536 0.0206367 0.110627 0.0269008 0.160795 0.0189841 0.011887 0.00905498 0.00908588 0.0159818 0.0126429 0.0119941 0.00915227 0.00909303 0.0155827 0.0108689 0.0211948 0.0106177 0.0165634 0.0106792 0.0106353 0.0263393 0.0210584 0.0147745 0.0188755 0.0441124 0.0245827 0.0246144 0.0161993 0.00336328 0.00345169 0.00327685 0.00322606 0.00319756 0 0.00320297 0.00321611 0.00332283 0.00450664 0.00330755 0.00444312 0.00351873 0.003871 0.00614442 0.0071609 0.00980665 0.0151772 0.0314332 0.0247329 0.0881752 0.369054 0.06473 0.0194961 0.0109169 0.0610945 0.0115329 0.0203506 0.0101849 0.00887309 
0.0120568 0.0180055 0.0474507 0.0409809 0.0567956 0.0574745 0.0345362 0.0109475 0.00898965 0.00903802 0.012429 0.0140491 0.0104036 0.00898748 0.0109336 0.010469 0.0119266 0.0137068 0.0142952 0.0140055 0.0107318 0.0121124 0.0186418 0.0244415 0.0158337 0.0160642 0.0194844 0.0460302 0.0179677 0.0141809 0.00372729 0.00361836 0.00326771 0.00327121 0.00322099 0.00320297 0 0.00323229 0.00327256 0.00324755 0.00339006 0.0033615 0.00335911 0.00339355 0.00663898 0.00692452 0.00885573 0.0115157 0.0141763 0.0210621 0.405987 0.0948012 0.0461242 0.0144623 0.0160002 0.0301374 0.0176866 0.0162003 0.0104838 0.00869884 
0.0138112 0.0284264 0.042832 0.0593685 0.0638669 0.0769939 0.0351887 0.0127389 0.00908064 0.0100659 0.0122547 0.0223877 0.010442 0.00985571 0.00936282 0.0104485 0.0154788 0.013352 0.0165256 0.0137951 0.0121543 0.0154047 0.020537 0.0289601 0.0252561 0.0163643 0.0248112 0.0329658 0.0451626 0.0153783 0.00442994 0.00386709 0.00351213 0.00331801 0.00328612 0.00321611 0.00323229 0 0.00321148 0.00322659 0.00328919 0.0032612 0.00332761 0.00334841 0.00576792 0.0087169 0.00983565 0.0148016 0.0164868 0.633962 0.187396 0.048391 0.0230143 0.0134791 0.0201102 0.0213793 0.0236339 0.0215165 0.0113059 0.0136226 
0.0137809 0.0172043 0.0359903 0.0570479 0.0586566 0.0751791 0.0286409 0.0118552 0.00897336 0.00916164 0.0147356 0.0127353 0.0118695 0.00957213 0.00917447 0.0102158 0.0116769 0.0155338 0.0126846 0.0147929 0.0116033 0.0124419 0.0235525 0.0261817 0.0168727 0.0123694 0.0304435 0.0589074 0.031035 0.0204042 0.0058131 0.00460953 0.00374814 0.00409337 0.00336065 0.00332283 0.00327256 0.00321148 0 0.00320279 0.00325126 0.0032266 0.00323236 0.00328374 0.0068619 0.00641889 0.0101077 0.0123636 0.706069 0.136014 0.0975113 0.0395623 0.0217354 0.0157736 0.0125259 0.02935 0.0155878 0.0206893 0.0123394 0.00938564 
0.00929056 0.0148712 0.0294072 0.0447904 0.037897 0.0642828 0.0217681 0.0104098 0.0086511 0.00906216 0.0110918 0.0137642 0.0105166 0.00905043 0.00880328 0.00953547 0.0108959 0.0119332 0.0123678 0.0130583 0.0103184 0.0108476 0.0217758 0.0194591 0.0137935 0.0110375 0.0212938 0.0508445 0.0255708 0.0158779 0.00590762 0.00584652 0.00374447 0.00465518 0.00346459 0.00450664 0.00324755 0.00322659 0.00320279 0 0.00319876 0.00319483 0.003209 0.00321573 0.00450124 0.00617975 0.00772973 0.678794 0.108965 0.0555299 0.0280936 0.030838 0.0101254 0.011139 0.0127498 0.0195715 0.0163264 0.0241149 0.00989899 0.00892491 
0.0101677 0.0113459 0.041168 0.0178385 0.0586243 0.0266952 0.0288315 0.00944627 0.00885453 0.00899292 0.0102975 0.0149087 0.00920791 0.00930621 0.00898466 0.00895588 0.0120479 0.0100368 0.0153828 0.00987196 0.0113112 0.011298 0.0122165 0.0225803 0.0126322 0.0124798 0.0167123 0.0289977 0.0330744 0.013105 0.0073652 0.00497185 0.00979796 0.00340285 0.0155054 0.00330755 0.00339006 0.00328919 0.00325126 0.00319876 0 0.00322427 0.00319746 0.00319755 0.00395597 0.0143766 0.662177 0.123375 0.0451448 0.0145755 0.0331611 0.0116682 0.0112692 0.0107473 0.0166749 0.0117426 0.0307571 0.0131446 0.0103366 0.00885769 
0.00916409 0.0128774 0.0106389 0.037796 0.0128983 0.05727 0.0108897 0.0100308 0.00840868 0.00846693 0.0102668 0.00984555 0.00994897 0.00858117 0.00854128 0.00935593 0.00905393 0.0144571 0.00891109 0.0131795 0.00901499 0.00929201 0.0166274 0.0134492 0.0116251 0.00995265 0.0216878 0.0261465 0.0171121 0.0183101 0.00576335 0.0103999 0.00436022 0.0241713 0.0039603 0.00444312 0.0033615 0.0032612 0.0032266 0.00319483 0.00322427 0 0.00325772 0.00319848 0.00378589 0.641693 0.109588 0.0232532 0.0294851 0.0152617 0.0205431 0.010818 0.00741553 0.0154217 0.00886258 0.061843 0.00922662 0.0146472 0.00918238 0.00868678 
0.00879376 0.00871702 0.0153708 0.00897857 0.0136375 0.00939944 0.0245064 0.00854969 0.00851263 0.00885103 0.00854209 0.0100314 0.00872588 0.00850153 0.00939083 0.00863212 0.00935817 0.00846459 0.00996647 0.00874203 0.0100121 0.0104272 0.00979296 0.0179061 0.0107529 0.0108817 0.0108853 0.0136708 0.0225583 0.0117177 0.00980888 0.00610497 0.0117502 0.00428028 0.00491789 0.00351873 0.00335911 0.00332761 0.00323236 0.003209 0.00319746 0.00325772 0 0.00374482 0.538514 0.167521 0.0114514 0.0150064 0.00644127 0.00683605 0.0138644 0.00844061 0.0106694 0.00862854 0.0268968 0.00855647 0.011501 0.00901615 0.00913519 0.00855152 
0.0101139 0.00974639 0.00830959 0.00916518 0.00850623 0.00995681 0.00854188 0.00950806 0.00877815 0.00838789 0.00836256 0.00825448 0.0086388 0.00855205 0.00988472 0.00876424 0.00822693 0.00884495 0.00820709 0.00862061 0.00876122 0.0101081 0.00993154 0.00930237 0.0115812 0.011829 0.0112321 0.00934509 0.00959348 0.0197442 0.00768504 0.0144733 0.00508895 0.00737382 0.00451928 0.003871 0.00339355 0.00334841 0.00328374 0.00321573 0.00319755 0.00319848 0.00374482 0 0.244942 0.00582289 0.00554788 0.00432797 0.00450951 0.00463518 0.00549395 0.00630436 0.00668426 0.0383449 0.00826823 0.0115027 0.00827333 0.00871317 0.00855413 0.00852602 
0.00860598 0.00821353 0.00842722 0.00846013 0.00849561 0.00867999 0.00920529 0.0104843 0.00846637 0.00811975 0.00824692 0.00829987 0.00871623 0.0101095 0.0086544 0.00845273 0.00841205 0.00827626 0.00838386 0.00846082 0.01492 0.00939917 0.00882798 0.00912796 0.0129981 0.0131274 0.010327 0.0103972 0.00976463 0.0149117 0.0106498 0.00700424 0.007553 0.00636141 0.00681452 0.00614442 0.00663898 0.00576792 0.0068619 0.00450124 0.00395597 0.00378589 0.538514 0.244942 0 0.00347807 0.00318557 0.00323655 0.00328373 0.00335988 0.00355905 0.00370311 0.00863864 0.0131617 0.0102043 0.00860774 0.00865707 0.0084846 0.00861895 0.0127847 
0.00833881 0.0088474 0.00907194 0.00946727 0.00962134 0.00997879 0.0109152 0.00856846 0.00817189 0.00819883 0.00831068 0.0086995 0.00867961 0.00888267 0.00833521 0.00844149 0.00860629 0.00845888 0.00846956 0.00963657 0.00921332 0.00891551 0.00965721 0.0128995 0.0107506 0.00937791 0.0130709 0.011539 0.0130111 0.0119742 0.00792793 0.00877039 0.00759467 0.00730919 0.00741671 0.0071609 0.00692452 0.0087169 0.00641889 0.00617975 0.0143766 0.641693 0.167521 0.00582289 0.00347807 0 0.00347098 0.00318665 0.00320212 0.00321795 0.0032955 0.00374566 0.00395929 0.0119583 0.0114633 0.00926434 0.00901437 0.00883064 0.0107197 0.00890571 
0.00904258 0.011205 0.0122739 0.0219807 0.0145265 0.0331742 0.0112129 0.00941972 0.00835163 0.00839411 0.0103442 0.00917842 0.00956671 0.00859827 0.00855046 0.00927137 0.00912176 0.0105512 0.0102249 0.00981005 0.00936244 0.00926286 0.0141759 0.0116498 0.0115223 0.0101465 0.0191733 0.0237548 0.0135286 0.0113727 0.00866921 0.00979317 0.0116386 0.011528 0.00841137 0.00980665 0.00885573 0.00983565 0.0101077 0.00772973 0.662177 0.109588 0.0114514 0.00554788 0.00318557 0.00347098 0 0.00320046 0.00320154 0.00323104 0.00317414 0.00325199 0.00343821 0.0239125 0.010902 0.0288144 0.010439 0.0146503 0.00920037 0.00899784 
0.010329 0.0124415 0.0388003 0.0215121 0.0659801 0.0344022 0.0340666 0.00913152 0.00885353 0.00912095 0.0104397 0.0206723 0.0092298 0.0090129 0.00928331 0.00917122 0.0151777 0.0106636 0.0162327 0.0111021 0.010459 0.0132242 0.013782 0.0254301 0.0125738 0.0283785 0.0218806 0.0578983 0.0290614 0.0125441 0.0125428 0.0108901 0.0222405 0.0107449 0.0174738 0.0151772 0.0115157 0.0148016 0.0123636 0.678794 0.123375 0.0232532 0.0150064 0.00432797 0.00323655 0.00318665 0.00320046 0 0.00320893 0.00323861 0.00334279 0.00372427 0.0035509 0.0236633 0.0638675 0.0121878 0.0334506 0.014773 0.0106826 0.00941137 
0.0100794 0.0202283 0.0239312 0.0710573 0.0371298 0.0953759 0.0218315 0.0104969 0.00879353 0.00881143 0.0158165 0.0138838 0.0120649 0.0088622 0.00903243 0.0113478 0.0113967 0.0188569 0.0126144 0.0155481 0.0112448 0.0112203 0.0275624 0.0219144 0.0131603 0.0136965 0.096387 0.0635739 0.0358626 0.0142491 0.0116236 0.0212401 0.0116508 0.019075 0.014124 0.0314332 0.0141763 0.0164868 0.706069 0.108965 0.0451448 0.0294851 0.00644127 0.00450951 0.00328373 0.00320212 0.00320154 0.00320893 0 0.00323524 0.00325658 0.00326311 0.0033659 0.0588173 0.0217733 0.0901185 0.0144501 0.0260171 0.0120707 0.00926268 
0.0121462 0.0171776 0.0399642 0.0545019 0.0629422 0.0807941 0.0328568 0.0102773 0.00900168 0.00930674 0.0133115 0.021903 0.0113054 0.00902533 0.00921605 0.0108885 0.0132498 0.0145846 0.014919 0.0154949 0.0113301 0.0149917 0.020832 0.0316545 0.0151597 0.0175191 0.0398204 0.168872 0.0391363 0.0180058 0.0120253 0.0138746 0.0168112 0.020834 0.0274186 0.0247329 0.0210621 0.633962 0.136014 0.0555299 0.0145755 0.0152617 0.00683605 0.00463518 0.00335988 0.00321795 0.00323104 0.00323861 0.00323524 0 0.00325276 0.00326417 0.00325558 0.0577093 0.0386782 0.0472288 0.0326807 0.0290709 0.0120133 0.00939722 
0.0110873 0.0181869 0.0423194 0.0440142 0.0595439 0.0645354 0.037932 0.010306 0.00908004 0.00916039 0.0234527 0.0195395 0.0104432 0.0091299 0.00932159 0.0100653 0.0153617 0.014905 0.0174545 0.0142581 0.0131084 0.0137788 0.0254238 0.0351106 0.0190456 0.0171057 0.0468632 0.0868964 0.0980143 0.016995 0.0132069 0.0141095 0.0303191 0.0165825 0.0243232 0.0881752 0.405987 0.187396 0.0975113 0.0280936 0.0331611 0.0205431 0.0138644 0.00549395 0.00355905 0.0032955 0.00317414 0.00334279 0.00325658 0.00325276 0 0.00325136 0.0032272 0.0506334 0.0621811 0.043583 0.0517127 0.0345109 0.015613 0.00979481 
0.00957394 0.0138948 0.0143055 0.0231872 0.0172604 0.0312231 0.0301849 0.0114347 0.00880437 0.00909262 0.0096201 0.0107242 0.0116948 0.00896769 0.00922238 0.00975607 0.00927855 0.0103908 0.00943998 0.0173566 0.0108565 0.0129871 0.0208867 0.0451473 0.017332 0.0140558 0.0329306 0.0465932 0.122547 0.0430398 0.0112761 0.0205173 0.0129318 0.0176845 0.0572148 0.369054 0.0948012 0.048391 0.0395623 0.030838 0.0116682 0.010818 0.00844061 0.00630436 0.00370311 0.00374566 0.00325199 0.00372427 0.00326311 0.00326417 0.00325136 0 0.00333607 0.0223277 0.0200888 0.0440086 0.0251066 0.0274781 0.0366969 0.00971791 
0.0119096 0.00889447 0.00955002 0.00950878 0.010772 0.0104905 0.0128797 0.0112679 0.0119572 0.00864996 0.00881045 0.0088198 0.00874784 0.0100709 0.0135344 0.00880797 0.00895376 0.00878291 0.00871284 0.00879203 0.0149738 0.0184404 0.0103404 0.0122298 0.0267616 0.0256541 0.0117488 0.0129477 0.0241855 0.0401587 0.0304803 0.010785 0.0123084 0.0295377 0.194299 0.06473 0.0461242 0.0230143 0.0217354 0.0101254 0.0112692 0.00741553 0.0106694 0.00668426 0.00863864 0.00395929 0.00343821 0.0035509 0.0033659 0.00325558 0.0032272 0.00333607 0 0.0172742 0.0140415 0.0145027 0.0162572 0.0132212 0.019686 0.0236126 
0.00922294 0.00900599 0.00831012 0.00965993 0.0084716 0.00976831 0.00858259 0.0104465 0.00850353 0.00818744 0.00841089 0.00813476 0.00966575 0.00881746 0.00839409 0.00871673 0.00820374 0.00888685 0.0081439 0.00948452 0.00964845 0.00864745 0.00914662 0.00940047 0.0128114 0.00985035 0.0152822 0.0122857 0.0103453 0.0217678 0.0110186 0.0250346 0.00871778 0.0322862 0.00945065 0.0194961 0.0144623 0.0134791 0.0157736 0.011139 0.0107473 0.0154217 0.00862854 0.0383449 0.0131617 0.0119583 0.0239125 0.0236633 0.0588173 0.0577093 0.0506334 0.0223277 0.0172742 0 0.00322937 0.00361999 0.00325459 0.00333256 0.0035325 0.00815765 
0.00835476 0.00825322 0.0104706 0.00844631 0.00981298 0.0086854 0.0104242 0.00814463 0.00840486 0.00817091 0.0081903 0.00961334 0.00818045 0.00824546 0.00877736 0.00832869 0.00930057 0.0081026 0.0090436 0.00830957 0.00908937 0.00862585 0.00855718 0.00972614 0.00868807 0.0105806 0.0107323 0.014273 0.0144437 0.00926959 0.0156197 0.00875315 0.0642977 0.00879447 0.0306374 0.0109169 0.0160002 0.0201102 0.0125259 0.0127498 0.0166749 0.00886258 0.0268968 0.00826823 0.0102043 0.0114633 0.010902 0.0638675 0.0217733 0.0386782 0.0621811 0.0200888 0.0140415 0.00322937 0 0.00319308 0.0032245 0.00316906 0.00591638 0.00375849 
0.00838088 0.00932579 0.00867555 0.0135585 0.00879796 0.0151036 0.00888501 0.00871537 0.00821054 0.00805026 0.00918007 0.00822516 0.00940095 0.00810404 0.00810515 0.00841866 0.00817045 0.00999947 0.0082673 0.00998891 0.00829465 0.00842537 0.0103447 0.0101553 0.00921195 0.00908447 0.0176981 0.0293269 0.0110449 0.0102428 0.0087544 0.0470332 0.00899551 0.0809067 0.00977294 0.0610945 0.0301374 0.0213793 0.02935 0.0195715 0.0117426 0.061843 0.00855647 0.0115027 0.00860774 0.00926434 0.0288144 0.0121878 0.0901185 0.0472288 0.043583 0.0440086 0.0145027 0.00361999 0.00319308 0 0.00319229 0.00324634 0.00332405 0.00330476 
0.00825234 0.00829453 0.0109219 0.00884827 0.0113614 0.00936486 0.0107044 0.00813834 0.00808343 0.00809564 0.00822915 0.009724 0.00823924 0.00815015 0.00821378 0.00813547 0.00915309 0.00818687 0.00916791 0.00846719 0.00841159 0.00833897 0.00867927 0.010258 0.00879385 0.00929984 0.0106888 0.0210951 0.0138279 0.00889045 0.0110679 0.00849749 0.0435809 0.00909714 0.0409372 0.0115329 0.0176866 0.0236339 0.0155878 0.0163264 0.0307571 0.00922662 0.011501 0.00827333 0.00865707 0.00901437 0.010439 0.0334506 0.0144501 0.0326807 0.0517127 0.0251066 0.0162572 0.00325459 0.0032245 0.00319229 0 0.00318723 0.00319202 0.00320219 
0.00820415 0.00852895 0.00896956 0.00998932 0.00937644 0.0106082 0.00909114 0.00841334 0.00801768 0.00809625 0.00832282 0.00836825 0.00849011 0.00817688 0.00806511 0.00830213 0.00860413 0.00854358 0.00857955 0.0085691 0.00836338 0.00825699 0.00914319 0.00976195 0.00884868 0.00898889 0.0116551 0.0216662 0.011222 0.00957813 0.00851358 0.0108093 0.0106481 0.0184123 0.0125092 0.0203506 0.0162003 0.0215165 0.0206893 0.0241149 0.0131446 0.0146472 0.00901615 0.00871317 0.0084846 0.00883064 0.0146503 0.014773 0.0260171 0.0290709 0.0345109 0.0274781 0.0132212 0.00333256 0.00316906 0.00324634 0.00318723 0 0.00321014 0.00319044 
0.00805949 0.00837784 0.0083579 0.00855413 0.0083924 0.00866662 0.0085497 0.00823508 0.00799419 0.00807321 0.0081608 0.00823384 0.00822244 0.00810568 0.00803177 0.00822848 0.00813913 0.00813234 0.0081347 0.00820098 0.00819496 0.00821134 0.00900296 0.00919099 0.00914836 0.00971428 0.0109114 0.00967524 0.0106822 0.00926087 0.00876321 0.0100595 0.00944881 0.00948383 0.00975881 0.0101849 0.0104838 0.0113059 0.0123394 0.00989899 0.0103366 0.00918238 0.00913519 0.00855413 0.00861895 0.0107197 0.00920037 0.0106826 0.0120707 0.0120133 0.015613 0.0366969 0.019686 0.0035325 0.00591638 0.00332405 0.00319202 0.00321014 0 0.00330735 
0.00843411 0.00819852 0.00821279 0.00841771 0.00843933 0.00847216 0.00833205 0.00811566 0.00917105 0.00817639 0.0082755 0.00824832 0.00815836 0.00804954 0.00922742 0.00817231 0.0081252 0.00812401 0.00809417 0.0081775 0.0085019 0.00962265 0.00842009 0.00842716 0.00874358 0.0118859 0.00882773 0.00900164 0.0087397 0.00915402 0.0144744 0.00895235 0.00884473 0.00886881 0.00883879 0.00887309 0.00869884 0.0136226 0.00938564 0.00892491 0.00885769 0.00868678 0.00855152 0.00852602 0.0127847 0.00890571 0.00899784 0.00941137 0.00926268 0.00939722 0.00979481 0.00971791 0.0236126 0.00815765 0.00375849 0.00330476 0.00320219 0.00319044 0.00330735 0 
