3GCBA
AFQGAMASSIDISKINSWNKEFQSDLTHQLATTVLKNYNADDALLNKTRLQKQDNRVFNTVVSTDSTPVTNQKSSGRAWLFAATNQLRLNVLSELNLKEFELSQAYLFFYDKLEKANYFLDQIVSSADQDIDSRLVQYLLAAPTEDGGQYSMFLNLVKKYGLIPKDLYGDLPYSTTASRKWNSLLTTKLREFAETLRTALKERSADDSIIVTLREQMQREIFRLMSLFMDIPPVQPNEQFTWEYVDKDKKIHTIKSTPLEFASKYAKLDPSTPVSLINDPRHPYGKLIKIDRLGNVLGGDAVIYLNVDNETLSKLVVKRLQNNKAVFFGSHTPKFMDKKTGVMDIELWNYPAIGYNLPQQKASRIRYHESLMTHAMLITGCHVDETSKLPLRYRVENSWGKDSGKDGLYVMTQKYFEEYCFQIVVDINELPKELASKFTSGKEEPIVLPIWDPMGALA
CHHHHHHCCCCHHHHHHHHHHHHCCHHHHHHHHHHCCCCHHHHHECHHHHHHHCCCCCCEECCCCCCCCCECCECCCHHHHHHHHHHHHHHHHHCCCCCCCECHHHHHHHHHHHHHHHHHHHHHHCCCCCCCCHHHHHHHHCCCCCCECHHHHHHHHHHHCCCEHHHCCCCCHHHHECHHHHHHHHHHHHHHHHHHHHHHHHCCCCCHHHHHHHHHHHHHHHHHHHHHCCCCCCCCCCCEEEEEECCCCCEEEEEECHHHHHHHCCCCCCCCEEEEECCCCCCCCCEEEECCCCCCCCCCCEEEEECCHHHHHHHHHHHHHCCCCEEEEECCCCCEECCCCEECCCCECHHHHCCCCCCCHHHHHHCCCCCCCEEEEEEEEEECCCCCCEEEEEEECCECCCCCECCEEEEEHHHHHHHEEEEEEEHHHCCHHHHHHHHCCCCCCEEECCCCCCCCEC
0 0 0 0 0 0 0 0 0 0 0 0 0 0 0 0 0 0 0 0 0 0 0 0 0 0 0 0 0 0 0 0 0 0 0 0 0 0 0 0 0 0 0 0 0 0 0 0 0 0 0 0 0 0 0 0 0 0 0 0 0 0 0 0 0 0 0 0 0 0 0 0 0 0 0 0 0 0 0 0 0 0 0 0 0 0 0 0 0 0 0 0 0 0 0 0 0 0 0 0 0 0 0 0 0 0 0 0 0 0 0 0 0 0 0 0 0 0 0 0 0 0 0 0 0 0 0 0 0 0 0 0 0 0 0 0 0 0 0 0 0 0 0 0 0 0 0 0 0 0 0 0 0 0 0 0 0 0 0 0 0 0 0 0 0 0 0 0 0 0 0 0 0 0 0 0 0 0 0 0 0 0 0 0 0 0 0 0 0 0 0 0 0 0 0 0 0 0 0 0 0 0 0 0 0 0 0 0 0 0 0 0 0 0 0 0 0 0 0 0 0 0 0 0 0 0 0 0 0 0 0 0 0 0 0 0 0 0 0 0 0 0 0 0 0 0 0 0 0 0 0 0 0 0 0 0 0 0 0 0 0 0 0 0 0 0 0 0 0 0 0 0 0 0 0 0 0 0 0 0 0 0 0 0 0 0 0 0 0 0 0 0 0 0 0 0 0 0 0 0 0 0 0 0 0 0 0 0 0 0 0 0 0 0 0 0 0 0 0 0 0 0 0 0 0 0 0 0 0 0 0 0 0 0 0 0 0 0 0 0 0 0 0 0 0 0 0 0 0 0 0 0 0 0 0 0 0 0 0 0 0 0 0 0 0 0 0 0 0 0 0 0 0 0 0 0 0 0 0 0 0 0 0 0 0 0 0 0 0 0 0 0 0 0 0 0 0 0 0 0 0 0 0 0 0 0 0 0 0 0 0 0 0 0 0 0 0 0 0 0 0 0 0 0 0 0 0 0 0 0 0 0 0 0 0 0 0 0 0 0 0 0 0 0 0 0 0 0 0 0 0 0 0 0 0 0 0 0 
0 0 0 0 0 0 0 0 0 0 0 0 0 0 0 0 0 0 0 0 0 0 0 0 0 0 0 0 0 0 0 0 0 0 0 0 0 0 0 0 0 0 0 0 0 0 0 0 0 0 0 0 0 0 0 0 0 0 0 0 0 0 0 0 0 0 0 0 0 0 0 0 0 0 0 0 0 0 0 0 0 0 0 0 0 0 0 0 0 0 0 0 0 0 0 0 0 0 0 0 0 0 0 0 0 0 0 0 0 0 0 0 0 0 0 0 0 0 0 0 0 0 0 0 0 0 0 0 0 0 0 0 0 0 0 0 0 0 0 0 0 0 0 0 0 0 0 0 0 0 0 0 0 0 0 0 0 0 0 0 0 0 0 0 0 0 0 0 0 0 0 0 0 0 0 0 0 0 0 0 0 0 0 0 0 0 0 0 0 0 0 0 0 0 0 0 0 0 0 0 0 0 0 0 0 0 0 0 0 0 0 0 0 0 0 0 0 0 0 0 0 0 0 0 0 0 0 0 0 0 0 0 0 0 0 0 0 0 0 0 0 0 0 0 0 0 0 0 0 0 0 0 0 0 0 0 0 0 0 0 0 0 0 0 0 0 0 0 0 0 0 0 0 0 0 0 0 0 0 0 0 0 0 0 0 0 0 0 0 0 0 0 0 0 0 0 0 0 0 0 0 0 0 0 0 0 0 0 0 0 0 0 0 0 0 0 0 0 0 0 0 0 0 0 0 0 0 0 0 0 0 0 0 0 0 0 0 0 0 0 0 0 0 0 0 0 0 0 0 0 0 0 0 0 0 0 0 0 0 0 0 0 0 0 0 0 0 0 0 0 0 0 0 0 0 0 0 0 0 0 0 0 0 0 0 0 0 0 0 0 0 0 0 0 0 0 0 0 0 0 0 0 0 0 0 0 0 0 0 0 0 0 0 0 0 0 0 0 0 0 0 0 0 0 0 0 0 0 0 0 0 0 0 0 0 0 0 0 0 0 0 0 0 0 0 0 0 0 0 0 0 0 0 0 0 0 0 0 
0 0.0312176 0.025677 0.04813 0.0218048 0.0547333 0.0147135 0.0151493 0.0145332 0.00898387 0.00799393 0.00837236 0.00797484 0.00828203 0.00847009 0.0086615 0.00807899 0.00804732 0.00829022 0.00813377 0.00957342 0.00837883 0.00831784 0.00821751 0.00824339 0.00865274 0.00872056 0.00853732 0.00826233 0.0102201 0.00915028 0.0082493 0.00832242 0.00832019 0.00878404 0.00870274 0.00835346 0.00837494 0.00835181 0.00870918 0.00893739 0.00917591 0.00892934 0.00917908 0.0148493 0.00896638 0.00865949 0.00843841 0.00856239 0.00857164 0.00845871 0.0085438 0.00849989 0.00852444 0.0101508 0.0102776 0.00881897 0.00861752 0.00910318 0.0086117 0.0095103 0.0100358 0.0125046 0.0139194 0.00970113 0.00915017 0.00887485 0.0094592 0.0115985 0.0102658 0.00969796 0.00893818 0.00991828 0.00940507 0.0107342 0.0131955 0.0139173 0.0107233 0.0189833 0.0268528 
0.0312176 0 0.00350048 0.0172083 0.0194698 0.0234334 0.0107737 0.0106718 0.0100029 0.00903525 0.00804438 0.00853696 0.00805701 0.00836767 0.00826393 0.00842718 0.00813733 0.00805251 0.00848234 0.00805604 0.00861079 0.00832195 0.00830339 0.00824925 0.00831005 0.00832719 0.00825521 0.00848317 0.00816101 0.00916227 0.00855687 0.0082053 0.00824289 0.00822973 0.00831063 0.00833694 0.00830807 0.00827575 0.00821543 0.00827583 0.00818484 0.0083573 0.00818696 0.00837147 0.00876075 0.00838866 0.00828879 0.00835436 0.00842348 0.00837229 0.00827325 0.00837818 0.00826662 0.00824602 0.00860626 0.00867894 0.00824814 0.00825822 0.00854617 0.00835925 0.00871444 0.00859083 0.00868339 0.00880251 0.00863326 0.00864812 0.00844384 0.00848153 0.00893975 0.00867302 0.00868624 0.00862979 0.0091381 0.00887742 0.00921199 0.00942206 0.0109677 0.00947273 0.0126133 0.0164128 
0.025677 0.00350048 0 0.0640511 0.0193476 0.0199589 0.0101773 0.00912177 0.00945741 0.00823282 0.00822976 0.00809728 0.00808064 0.00811246 0.00834877 0.00828373 0.00808931 0.00808133 0.00806674 0.00812625 0.00820366 0.00834579 0.00823577 0.00817155 0.00814589 0.00824065 0.0084117 0.00820393 0.00827806 0.00818367 0.00857442 0.00822665 0.00820002 0.00815938 0.00825934 0.00852224 0.00840871 0.00820058 0.00815623 0.00828083 0.00838048 0.00833735 0.00848721 0.00852217 0.00884734 0.00848375 0.0084806 0.00837923 0.00851981 0.0083626 0.0084019 0.00832401 0.00830946 0.00849409 0.00843388 0.00864797 0.0084916 0.00839101 0.00842683 0.00859068 0.0085348 0.0087626 0.00927116 0.00926778 0.00966658 0.00873662 0.0086644 0.00870654 0.00922277 0.00897804 0.00870001 0.00891341 0.00898325 0.00932485 0.00906119 0.00979184 0.0105217 0.0105052 0.0101424 0.0158421 
0.04813 0.0172083 0.0640511 0 0.204868 0.0375482 0.0169063 0.0143322 0.0118759 0.00858634 0.00808156 0.00795484 0.00812664 0.00799665 0.00878486 0.00854892 0.00799885 0.00804524 0.00796531 0.0081017 0.00875495 0.00857553 0.00804421 0.00803961 0.00807917 0.00840361 0.00855406 0.00814369 0.0083504 0.00839978 0.00855828 0.00816968 0.00812999 0.00809306 0.00859595 0.00854506 0.00820163 0.00819 0.00809856 0.00827818 0.00854469 0.00839287 0.00846329 0.00847579 0.00981312 0.00848875 0.00825401 0.00823947 0.00824315 0.00825375 0.00825477 0.00822041 0.00821365 0.00822768 0.00868151 0.00880853 0.00836839 0.00828337 0.00835895 0.00835584 0.00832629 0.00932885 0.0107391 0.010424 0.00966562 0.0083746 0.00835737 0.00844923 0.00991043 0.00894623 0.00848666 0.00847905 0.00855993 0.00877402 0.00895751 0.0108566 0.0111827 0.00997632 0.0105374 0.0198354 
0.0218048 0.0194698 0.0193476 0.204868 0 0.0827191 0.0126266 0.0128014 0.010755 0.00854337 0.0079829 0.00797144 0.00799693 0.00800598 0.00829606 0.00847361 0.0079566 0.00802104 0.00799137 0.00802829 0.00837957 0.00844384 0.00803739 0.00805366 0.00809225 0.00826833 0.00831065 0.00813299 0.00808495 0.00829655 0.00844642 0.00813399 0.00806106 0.00810791 0.00825043 0.00837129 0.00818844 0.00813898 0.00811073 0.00825099 0.00833254 0.00833265 0.00838682 0.00840745 0.00892416 0.00839522 0.00825117 0.00821215 0.00827811 0.00821692 0.00822788 0.00821555 0.00819377 0.00818266 0.00835876 0.00859978 0.00823168 0.00820933 0.00826263 0.00825377 0.00832877 0.00861691 0.00930618 0.00928929 0.00910402 0.00832616 0.00827421 0.00837661 0.00917816 0.00867149 0.00832756 0.00832952 0.0084108 0.00846253 0.00863552 0.00963367 0.0106745 0.00900981 0.00990067 0.0146103 
0.0547333 0.0234334 0.0199589 0.0375482 0.0827191 0 0.14414 0.0444063 0.0293652 0.00991296 0.00802321 0.00818649 0.00806041 0.00833696 0.00862888 0.00850954 0.00801388 0.00800214 0.00825641 0.0080805 0.00975732 0.00886229 0.00823602 0.00816896 0.00826814 0.00877911 0.00852057 0.00829541 0.00807544 0.00924279 0.00885707 0.00812744 0.00814212 0.00818056 0.00839844 0.0088018 0.00824232 0.0082214 0.00812631 0.00839041 0.00853518 0.00836085 0.008515 0.0084577 0.00979133 0.00851497 0.00834751 0.00829456 0.00840164 0.00838308 0.00831335 0.00832196 0.00828563 0.00816774 0.00871934 0.00877193 0.0082843 0.00825891 0.00846964 0.00829512 0.00841434 0.00870198 0.00908029 0.00918659 0.00902798 0.00839251 0.00836726 0.00854373 0.0091092 0.00895544 0.00851653 0.0084042 0.00871116 0.00848891 0.00899943 0.00949105 0.0101986 0.00880353 0.0103472 0.0156077 
0.0147135 0.0107737 0.0101773 0.0169063 0.0126266 0.14414 0 0.152447 0.0419545 0.00964563 0.00832562 0.00821192 0.00819988 0.00852649 0.0101192 0.00853385 0.00809864 0.00802143 0.00816376 0.00829176 0.0109646 0.00931986 0.00831304 0.00836992 0.00849259 0.0096299 0.00860489 0.00822748 0.00819161 0.00959942 0.00867653 0.00809808 0.00825367 0.00814466 0.00939047 0.00855944 0.00811796 0.00807359 0.00806719 0.00840471 0.0083235 0.00826935 0.00853773 0.00832467 0.0098197 0.00832011 0.0082734 0.00827233 0.00823279 0.00825915 0.00820505 0.00831432 0.00816587 0.00807365 0.00841801 0.00839625 0.00811792 0.00813896 0.00820175 0.00818607 0.00822297 0.00852707 0.00854083 0.00861439 0.00861931 0.00824006 0.00823009 0.00828344 0.00862095 0.00853088 0.00829691 0.00831106 0.00838853 0.00827813 0.00845206 0.00884792 0.00909354 0.00842756 0.00881959 0.0115118 
0.0151493 0.0106718 0.00912177 0.0143322 0.0128014 0.0444063 0.152447 0 0.115147 0.0146676 0.0087713 0.0088684 0.00838948 0.00875178 0.00968322 0.0114577 0.00845641 0.00815797 0.00832659 0.00847561 0.0102656 0.0107059 0.00870397 0.00825988 0.00866848 0.00904398 0.0102621 0.00853661 0.00835393 0.00882596 0.0101879 0.00827913 0.00815578 0.00805948 0.00852168 0.00924363 0.00823576 0.00812923 0.00801267 0.00807269 0.0087894 0.00820638 0.0085637 0.00816986 0.0105029 0.00838866 0.00818681 0.00809252 0.00811309 0.00808639 0.00804394 0.008034 0.00799731 0.00798981 0.00814051 0.00856916 0.00814319 0.00801301 0.00808048 0.00804146 0.00807536 0.00816571 0.00876991 0.00870101 0.00863589 0.00820805 0.00807637 0.0081274 0.00835654 0.0085219 0.00826911 0.00813757 0.00823452 0.00818913 0.00825531 0.00851021 0.00912448 0.00840646 0.00851077 0.0110685 
0.0145332 0.0100029 0.00945741 0.0118759 0.010755 0.0293652 0.0419545 0.115147 0 0.0186049 0.00878564 0.0104938 0.00919279 0.0113562 0.0136703 0.010594 0.00839258 0.00850218 0.00938777 0.00866097 0.0137974 0.0104589 0.00898 0.00857986 0.00904035 0.0119339 0.0097012 0.00901121 0.00829741 0.0117234 0.0102938 0.00815381 0.00819075 0.00855178 0.00902235 0.00874417 0.00814279 0.00817157 0.00841753 0.00906789 0.0085118 0.00889203 0.00871579 0.00862979 0.0119806 0.00842737 0.00815099 0.00809003 0.00811647 0.00812331 0.00803488 0.00806563 0.00807203 0.00806298 0.00868922 0.00869922 0.00806994 0.00803943 0.00817912 0.00807088 0.00821258 0.00845386 0.00858468 0.00863337 0.00826524 0.00812103 0.00821093 0.00820829 0.00856561 0.00867331 0.00837717 0.00815712 0.00841142 0.00822431 0.00853355 0.00863794 0.00887877 0.0082674 0.00951412 0.0117221 
0.00898387 0.00903525 0.00823282 0.00858634 0.00854337 0.00991296 0.00964563 0.0146676 0.0186049 0 0.00322683 0.00344387 0.00320476 0.00412633 0.00437795 0.00759649 0.00660528 0.00659056 0.0126986 0.00896706 0.967843 0.0116213 0.0150977 0.01063 0.0140033 0.0201406 0.0135491 0.0144316 0.00923996 0.0525941 0.0148973 0.00897917 0.00982691 0.0103062 0.0133667 0.00959574 0.00881378 0.00895379 0.00858447 0.0109183 0.00833705 0.00905198 0.00827073 0.00900666 0.00938923 0.00852126 0.00834066 0.00837342 0.00850237 0.00853834 0.00828988 0.0083686 0.0083001 0.00810941 0.00891681 0.00880048 0.00809195 0.00812359 0.00841123 0.00845601 0.00862718 0.00836266 0.00812125 0.00827698 0.00829893 0.00810437 0.00809734 0.00828316 0.00849822 0.00851161 0.00829237 0.00825787 0.00862855 0.00831902 0.0084992 0.0084796 0.00874133 0.00813663 0.00991205 0.0102347 
0.00799393 0.00804438 0.00822976 0.00808156 0.0079829 0.00802321 0.00832562 0.0087713 0.00878564 0.00322683 0 0.00321621 0.00325459 0.00321713 0.00365376 0.00558984 0.00603365 0.00878533 0.00678749 0.984339 0.0174271 0.0123065 0.00998376 0.0209968 0.0135827 0.00977565 0.00961332 0.0088271 0.0443505 0.00839546 0.0088965 0.0131188 0.00959099 0.0103756 0.0101513 0.00877924 0.0108289 0.0090706 0.0100253 0.00844931 0.00841654 0.00822887 0.00826783 0.00814216 0.00804601 0.00810292 0.00827616 0.0085136 0.00851652 0.00833289 0.00833047 0.00844595 0.00817617 0.00834965 0.00812266 0.00800022 0.00826504 0.0081341 0.00831052 0.00862436 0.00814417 0.00835089 0.0080393 0.0079641 0.00832525 0.00819555 0.00820394 0.00818302 0.00829968 0.00799636 0.00816704 0.00831167 0.00836867 0.00831521 0.00823964 0.00832292 0.00800333 0.00816103 0.00815884 0.00825005 
0.00837236 0.00853696 0.00809728 0.00795484 0.00797144 0.00818649 0.00821192 0.0088684 0.0104938 0.00344387 0.00321621 0 0.00319532 0.00339579 0.00322463 0.00555223 0.00636202 0.00724701 0.984665 0.0111366 0.0104124 0.00908034 0.0213763 0.0114592 0.0160476 0.00975553 0.00919549 0.0337103 0.00865919 0.0164593 0.0112167 0.00891938 0.0174021 0.0102752 0.00869532 0.00900502 0.0105054 0.0184819 0.00937655 0.00883366 0.00816926 0.00837742 0.00829307 0.00848869 0.00815716 0.00818047 0.00880728 0.00936512 0.0100024 0.0098956 0.00888848 0.00908448 0.00917537 0.00837447 0.00837238 0.00825172 0.0083499 0.00856179 0.00914421 0.0084933 0.0088984 0.00820316 0.00798033 0.00798675 0.00808496 0.00851331 0.00843363 0.00836836 0.00818158 0.00830605 0.0085481 0.00861861 0.00909003 0.00873431 0.00853572 0.00825485 0.00842017 0.00822782 0.00868539 0.00862793 
0.00797484 0.00805701 0.00808064 0.00812664 0.00799693 0.00806041 0.00819988 0.00838948 0.00919279 0.00320476 0.00325459 0.00319532 0 0.00318879 0.00323451 0.00549318 0.00590477 0.987941 0.00891145 0.0191063 0.00603805 0.0123082 0.00939664 0.0401636 0.00983282 0.00954038 0.0108286 0.00890154 0.0249188 0.00857748 0.00887328 0.0142304 0.0126019 0.00928291 0.00980625 0.00887066 0.0120424 0.0115554 0.00931222 0.0085546 0.00858206 0.00822226 0.00829552 0.0081822 0.00804809 0.00814749 0.008443 0.00924323 0.00953013 0.00879362 0.00912873 0.00863252 0.00848034 0.00847957 0.00815894 0.00801084 0.00818858 0.00839752 0.00839299 0.00876785 0.0082479 0.00819104 0.00807732 0.00796468 0.0084624 0.00819274 0.00850803 0.00821703 0.00823059 0.00812775 0.00827704 0.00841448 0.00837839 0.0084856 0.00829845 0.00827956 0.0080812 0.00815251 0.00808864 0.00820693 
0.00828203 0.00836767 0.00811246 0.00799665 0.00800598 0.00833696 0.00852649 0.00875178 0.0113562 0.00412633 0.00321713 0.00339579 0.00318879 0 0.00329489 0.00660948 0.989948 0.00800559 0.0161357 0.00692222 0.00711401 0.00955504 0.0218456 0.00965688 0.0222197 0.00990947 0.00944383 0.0229805 0.00897484 0.0120082 0.011222 0.00913709 0.0105322 0.0120307 0.00876233 0.009577 0.00962888 0.0105267 0.00970726 0.00892494 0.00845113 0.00847838 0.00861782 0.00866863 0.00829388 0.00816955 0.00877287 0.00878221 0.00890491 0.00907655 0.00846776 0.00873689 0.00890864 0.0083083 0.00825404 0.00815319 0.00828839 0.00834596 0.00859633 0.00837712 0.0085147 0.00817176 0.00796424 0.00795157 0.00817635 0.00841913 0.00825203 0.00831369 0.00813689 0.00859009 0.00849747 0.00837782 0.00867854 0.00846902 0.00844871 0.0081696 0.00837579 0.0081784 0.00823661 0.00860646 
0.00847009 0.00826393 0.00834877 0.00878486 0.00829606 0.00862888 0.0101192 0.00968322 0.0136703 0.00437795 0.00365376 0.00322463 0.00323451 0.00329489 0 0.996991 0.00566219 0.00633346 0.00517208 0.00749689 0.00610106 0.0239502 0.00997052 0.0105449 0.00989625 0.0151784 0.0204027 0.0095656 0.0107713 0.00901276 0.0153089 0.00962867 0.00900365 0.00896983 0.0114333 0.0140471 0.00904585 0.00903612 0.0085892 0.00915456 0.00946937 0.00819317 0.00980882 0.0084109 0.0103943 0.00851658 0.00843828 0.00851902 0.00850157 0.00822546 0.00825498 0.00833163 0.00823076 0.00818498 0.00818084 0.00861889 0.00821098 0.00810657 0.00825162 0.00816259 0.00816612 0.00851084 0.00846348 0.00845193 0.00917049 0.00825878 0.00823192 0.00814163 0.00814003 0.00840079 0.0081924 0.008171 0.00830962 0.00822219 0.00816259 0.00814047 0.00857627 0.00807635 0.00811735 0.00930941 
0.0086615 0.00842718 0.00828373 0.00854892 0.00847361 0.00850954 0.00853385 0.0114577 0.010594 0.00759649 0.00558984 0.00555223 0.00549318 0.00660948 0.996991 0 0.00355461 0.00329967 0.00337474 0.0039993 0.00611789 0.0188104 0.010842 0.00945466 0.0129821 0.0201947 0.012494 0.0113543 0.00995102 0.0228174 0.0146092 0.00918113 0.00910557 0.00938171 0.0126092 0.00917512 0.0085377 0.00867004 0.00859908 0.0102384 0.00848238 0.00879665 0.00825905 0.00881522 0.00926101 0.00816886 0.00818166 0.00820051 0.00825232 0.00832247 0.00829504 0.00825688 0.00819353 0.00817295 0.00868995 0.00825238 0.00807846 0.0080434 0.00817653 0.00817759 0.00847905 0.00847641 0.00824546 0.0084172 0.00836458 0.00798155 0.00805558 0.00810454 0.00846829 0.00807874 0.00813188 0.00818027 0.00831102 0.00811422 0.00827134 0.0084361 0.00825968 0.0080639 0.00846177 0.00925006 
0.00807899 0.00813733 0.00808931 0.00799885 0.0079566 0.00801388 0.00809864 0.00845641 0.00839258 0.00660528 0.00603365 0.00636202 0.00590477 0.989948 0.00566219 0.00355461 0 0.00322741 0.00320065 0.00361404 0.00332618 0.0111677 0.0149314 0.0123772 0.0153502 0.00959664 0.0096788 0.0107862 0.010679 0.00982198 0.00989822 0.00981523 0.0102451 0.00995173 0.0091526 0.00885035 0.00940842 0.00918774 0.00894948 0.00849497 0.00823299 0.00824285 0.00822187 0.00826622 0.00814475 0.00804393 0.00836957 0.00841973 0.00862178 0.00861537 0.00844114 0.00841387 0.00829996 0.00826687 0.0082389 0.00798933 0.00805775 0.00813833 0.0082098 0.00885272 0.00831769 0.00810012 0.00795751 0.00793062 0.00797653 0.00818298 0.0081485 0.0081553 0.00815314 0.00799908 0.00811712 0.00834316 0.00829861 0.00845605 0.00816969 0.00816267 0.00799937 0.0080943 0.00830654 0.00829362 
0.00804732 0.00805251 0.00808133 0.00804524 0.00802104 0.00800214 0.00802143 0.00815797 0.00850218 0.00659056 0.00878533 0.00724701 0.987941 0.00800559 0.00633346 0.00329967 0.00322741 0 0.00319688 0.00322101 0.00323719 0.0160805 0.00940546 0.0257126 0.0102328 0.0090769 0.00921946 0.00907877 0.0136982 0.00854492 0.00915843 0.0114582 0.0108393 0.00960802 0.00904898 0.00889744 0.0106502 0.0105007 0.00930781 0.00841362 0.00828244 0.00821095 0.00832724 0.00814683 0.00801363 0.00810685 0.0083372 0.00921737 0.00959222 0.00877078 0.00891857 0.00875625 0.00846651 0.00833319 0.00810146 0.00805886 0.00815171 0.0082035 0.00852148 0.008595 0.00823249 0.00820425 0.00803406 0.00796351 0.00845335 0.00819669 0.00848144 0.00816942 0.008132 0.00809866 0.00822641 0.0084254 0.00869027 0.00843807 0.00829574 0.00818792 0.00812065 0.00816333 0.0080674 0.00814354 
0.00829022 0.00848234 0.00806674 0.00796531 0.00799137 0.00825641 0.00816376 0.00832659 0.00938777 0.0126986 0.00678749 0.984665 0.00891145 0.0161357 0.00517208 0.00337474 0.00320065 0.00319688 0 0.00318784 0.00326902 0.0100627 0.0460641 0.0167049 0.0176575 0.0106126 0.00983138 0.0201357 0.00884173 0.0160148 0.013125 0.00928749 0.0231798 0.0104835 0.00904027 0.00938192 0.0106561 0.0264308 0.0094694 0.00921324 0.00827798 0.0083811 0.00841037 0.00848966 0.00820936 0.00825189 0.00871251 0.0102361 0.00930057 0.0105323 0.00882086 0.00960092 0.00882142 0.00843272 0.00832016 0.00816543 0.00815122 0.00869521 0.00885825 0.0084898 0.00894237 0.00817982 0.00794616 0.00792966 0.00803319 0.00844693 0.00844985 0.00828778 0.00822073 0.00820713 0.00845058 0.00893833 0.00883586 0.00875768 0.00840918 0.00818464 0.00819615 0.00814514 0.00832392 0.0084717 
0.00813377 0.00805604 0.00812625 0.0081017 0.00802829 0.0080805 0.00829176 0.00847561 0.00866097 0.00896706 0.984339 0.0111366 0.0191063 0.00692222 0.00749689 0.0039993 0.00361404 0.00322101 0.00318784 0 0.00324001 0.0180358 0.0126253 0.0472022 0.0373661 0.0136775 0.0113828 0.00946795 0.0378116 0.00864284 0.00978077 0.0173351 0.0110179 0.0139757 0.0106221 0.00966666 0.0149551 0.0113438 0.0119518 0.00873712 0.00866423 0.00840066 0.00897242 0.00861129 0.00826995 0.00817905 0.00890499 0.00946001 0.00994314 0.00869317 0.00895519 0.00881455 0.00842876 0.0087657 0.00827902 0.00811204 0.00847251 0.00840202 0.00832206 0.00882694 0.00836943 0.00827567 0.00804571 0.00796446 0.00872141 0.00833113 0.00847784 0.00831394 0.00818579 0.00822618 0.00848805 0.00855 0.00852386 0.00852549 0.00840028 0.00825848 0.0081153 0.00825872 0.00807963 0.00821622 
0.00957342 0.00861079 0.00820366 0.00875495 0.00837957 0.00975732 0.0109646 0.0102656 0.0137974 0.967843 0.0174271 0.0104124 0.00603805 0.00711401 0.00610106 0.00611789 0.00332618 0.00323719 0.00326902 0.00324001 0 0.0125646 0.024433 0.0126561 0.0356874 0.0578836 0.0180209 0.018775 0.00928841 0.0249338 0.0301621 0.00951205 0.0110301 0.0112986 0.0138786 0.0191664 0.00994499 0.0105629 0.00987063 0.011961 0.011401 0.0091991 0.0123506 0.00983085 0.0127705 0.0100886 0.0092887 0.00901077 0.00926216 0.00907982 0.00878113 0.00908795 0.00862659 0.00839654 0.00861962 0.00955697 0.00845563 0.00822066 0.00877681 0.00842364 0.00861405 0.00865993 0.00881369 0.00870678 0.00925489 0.00831878 0.0083739 0.00840977 0.00848563 0.00994505 0.00852512 0.00830124 0.00861412 0.00843433 0.00853714 0.00835983 0.00920334 0.00808725 0.00838685 0.00962361 
0.00837883 0.00832195 0.00834579 0.00857553 0.00844384 0.00886229 0.00931986 0.0107059 0.0104589 0.0116213 0.0123065 0.00908034 0.0123082 0.00955504 0.0239502 0.0188104 0.0111677 0.0160805 0.0100627 0.0180358 0.0125646 0 0.00354797 0.00323967 0.00326546 0.00347668 0.0172515 0.00883682 0.0177372 0.0359365 0.0418628 0.0126688 0.011951 0.0117026 0.03016 0.019003 0.0121413 0.0117378 0.0105931 0.0152527 0.0100811 0.0108985 0.00954332 0.0107586 0.0109077 0.0092856 0.00887341 0.0101977 0.00937937 0.00960665 0.00920042 0.00889903 0.0088663 0.00893607 0.0102434 0.00851448 0.00829711 0.00835598 0.00849462 0.00908645 0.00863054 0.00996384 0.00852309 0.00856376 0.00871686 0.00819499 0.00849104 0.00870567 0.00967501 0.00845788 0.00856087 0.00851143 0.00861834 0.00856498 0.00878741 0.00986619 0.00837658 0.00822844 0.00838486 0.00959329 
0.00831784 0.00830339 0.00823577 0.00804421 0.00803739 0.00823602 0.00831304 0.00870397 0.00898 0.0150977 0.00998376 0.0213763 0.00939664 0.0218456 0.00997052 0.010842 0.0149314 0.00940546 0.0460641 0.0126253 0.024433 0.00354797 0 0.00336473 0.00326699 0.00324979 0.0116656 0.0264657 0.0156073 0.108341 0.0164468 0.0321608 0.0177388 0.0272848 0.0110626 0.0203174 0.0299123 0.026229 0.0230992 0.0116102 0.00935249 0.00935009 0.00976122 0.00971013 0.00882925 0.00877406 0.0147478 0.0149049 0.0200883 0.0177769 0.0120265 0.0133673 0.0138995 0.00938534 0.00951332 0.00829678 0.00932685 0.00904415 0.011359 0.00980465 0.010997 0.00882512 0.00806252 0.00797435 0.00838614 0.00901608 0.00938726 0.00918612 0.00875764 0.00844397 0.00888315 0.00946343 0.0107385 0.00958499 0.00985877 0.00880141 0.00837087 0.0084131 0.00848027 0.00835558 
0.00821751 0.00824925 0.00817155 0.00803961 0.00805366 0.00816896 0.00836992 0.00825988 0.00857986 0.01063 0.0209968 0.0114592 0.0401636 0.00965688 0.0105449 0.00945466 0.0123772 0.0257126 0.0167049 0.0472022 0.0126561 0.00323967 0.00336473 0 0.00324743 0.00321451 0.0169192 0.0284166 0.132045 0.0125469 0.0130243 0.0267126 0.0994432 0.0154367 0.0136066 0.0152341 0.0812237 0.0636845 0.0211633 0.0113209 0.00912823 0.00902066 0.00934618 0.00964309 0.00857486 0.00956619 0.0139189 0.0438071 0.0332554 0.0257043 0.0283015 0.0235892 0.0155862 0.014227 0.00904448 0.00854587 0.00923586 0.0138019 0.0109692 0.0195022 0.00980697 0.00941071 0.0080214 0.007954 0.008805 0.00947226 0.012642 0.00932581 0.00893203 0.00893149 0.00942472 0.012581 0.0133283 0.0135295 0.0097784 0.00887221 0.00844061 0.00851371 0.00835818 0.00838529 
0.00824339 0.00831005 0.00814589 0.00807917 0.00809225 0.00826814 0.00849259 0.00866848 0.00904035 0.0140033 0.0135827 0.0160476 0.00983282 0.0222197 0.00989625 0.0129821 0.0153502 0.0102328 0.0176575 0.0373661 0.0356874 0.00326546 0.00326699 0.00324743 0 0.00332999 0.0192943 0.118144 0.032467 0.0148079 0.0147766 0.0216206 0.0244085 0.130795 0.01375 0.0168325 0.0413513 0.040662 0.0414597 0.0148011 0.010667 0.00982495 0.0114047 0.0121648 0.00957624 0.0088666 0.0156171 0.0188195 0.0201476 0.0186594 0.0154938 0.013522 0.0150934 0.012423 0.00927519 0.00863065 0.00943625 0.0104679 0.0121106 0.0114672 0.0126824 0.00924724 0.00811644 0.008022 0.00899421 0.009941 0.00993648 0.0101431 0.00860992 0.00870989 0.00943997 0.00987876 0.0107031 0.0107449 0.0105902 0.00860546 0.00854991 0.00855248 0.00844753 0.00833484 
0.00865274 0.00832719 0.00824065 0.00840361 0.00826833 0.00877911 0.0096299 0.00904398 0.0119339 0.0201406 0.00977565 0.00975553 0.00954038 0.00990947 0.0151784 0.0201947 0.00959664 0.0090769 0.0106126 0.0136775 0.0578836 0.00347668 0.00324979 0.00321451 0.00332999 0 0.101047 0.0166748 0.0104951 0.0202125 0.0199322 0.0105515 0.0124753 0.0169929 0.164443 0.0246532 0.0131063 0.0157098 0.0180961 0.0264391 0.0140602 0.0104673 0.0152469 0.012759 0.0128944 0.0108762 0.00994546 0.0112413 0.0105108 0.0102461 0.0100002 0.00997443 0.00951719 0.00951874 0.0103367 0.00985767 0.00857761 0.0088852 0.00904585 0.00920412 0.00934221 0.0101559 0.00905806 0.00884505 0.0105525 0.00857156 0.00897658 0.00910119 0.00887082 0.0100695 0.00891386 0.00884495 0.00924034 0.00916813 0.00924448 0.00906603 0.00916707 0.00821428 0.00864022 0.00980965 
0.00872056 0.00825521 0.0084117 0.00855406 0.00831065 0.00852057 0.00860489 0.0102621 0.0097012 0.0135491 0.00961332 0.00919549 0.0108286 0.00944383 0.0204027 0.012494 0.0096788 0.00921946 0.00983138 0.0113828 0.0180209 0.0172515 0.0116656 0.0169192 0.0192943 0.101047 0 0.00389466 0.00422407 0.00631476 0.0165889 0.0139048 0.00972375 0.566512 0.0607621 0.0231464 0.0106587 0.0108386 0.0107515 0.0167557 0.0106353 0.0122939 0.00994322 0.0122895 0.0137259 0.00950337 0.00869938 0.00907493 0.00958659 0.00891292 0.0091264 0.00870523 0.00884781 0.00877306 0.0115293 0.00901806 0.0083034 0.0082881 0.00845107 0.00857195 0.0085056 0.0104899 0.00852032 0.00873024 0.00856674 0.0081771 0.00827026 0.0086153 0.00977986 0.00833394 0.00836455 0.00844718 0.00865163 0.00859617 0.0087342 0.00968302 0.00845734 0.00819289 0.00861157 0.00958932 
0.00853732 0.00848317 0.00820393 0.00814369 0.00813299 0.00829541 0.00822748 0.00853661 0.00901121 0.0144316 0.0088271 0.0337103 0.00890154 0.0229805 0.0095656 0.0113543 0.0107862 0.00907877 0.0201357 0.00946795 0.018775 0.00883682 0.0264657 0.0284166 0.118144 0.0166748 0.00389466 0 0.00323155 0.0035063 0.0247129 0.0126934 0.625154 0.0192516 0.0117212 0.0163618 0.0239255 0.0190711 0.0143083 0.0106918 0.00988891 0.00959492 0.00962366 0.00950078 0.00938272 0.00888332 0.0122228 0.0139673 0.0122668 0.0138209 0.00997527 0.0110734 0.0113491 0.00907401 0.00919115 0.00852986 0.00852048 0.00898602 0.00983449 0.00895662 0.0108896 0.00855527 0.00801682 0.00809509 0.00824353 0.00880219 0.00889528 0.00897511 0.00883076 0.00873917 0.0089244 0.00931991 0.0100832 0.00925401 0.0092817 0.00857965 0.00847508 0.00828489 0.00875187 0.00858317 
0.00826233 0.00816101 0.00827806 0.0083504 0.00808495 0.00807544 0.00819161 0.00835393 0.00829741 0.00923996 0.0443505 0.00865919 0.0249188 0.00897484 0.0107713 0.00995102 0.010679 0.0136982 0.00884173 0.0378116 0.00928841 0.0177372 0.0156073 0.132045 0.032467 0.0104951 0.00422407 0.00323155 0 0.00321 0.0110432 0.708586 0.0276938 0.0203147 0.0126808 0.0126124 0.0274593 0.0151136 0.016775 0.00956992 0.0116508 0.00888315 0.0106045 0.0103456 0.00916191 0.00886509 0.0131101 0.0122885 0.013168 0.00961458 0.0116809 0.00994486 0.00933471 0.012342 0.00847112 0.00850385 0.00918353 0.0087681 0.00853361 0.0111552 0.00859533 0.00896155 0.00822891 0.00808248 0.00991325 0.00876903 0.00957365 0.00907951 0.00848114 0.0086646 0.00862367 0.00984148 0.00891433 0.00937186 0.00902979 0.00864471 0.00833812 0.00850542 0.00824262 0.00833911 
0.0102201 0.00916227 0.00818367 0.00839978 0.00829655 0.00924279 0.00959942 0.00882596 0.0117234 0.0525941 0.00839546 0.0164593 0.00857748 0.0120082 0.00901276 0.0228174 0.00982198 0.00854492 0.0160148 0.00864284 0.0249338 0.0359365 0.108341 0.0125469 0.0148079 0.0202125 0.00631476 0.0035063 0.00321 0 0.701825 0.0101894 0.0128387 0.0122256 0.0162032 0.0252286 0.0111358 0.0109217 0.0100649 0.0128918 0.0129062 0.0107781 0.0139284 0.0115232 0.0169973 0.0114429 0.00999421 0.0093666 0.00938158 0.00992079 0.00882334 0.00908296 0.00930387 0.00875518 0.00952194 0.0149313 0.00839058 0.00845548 0.0099082 0.00852151 0.00955935 0.00859781 0.00861654 0.00887963 0.0101689 0.00863498 0.00837927 0.0086316 0.00834809 0.0112115 0.00890773 0.00832123 0.00894586 0.00839378 0.00891089 0.00834057 0.0101641 0.00807445 0.0096057 0.0117206 
0.00915028 0.00855687 0.00857442 0.00855828 0.00844642 0.00885707 0.00867653 0.0101879 0.0102938 0.0148973 0.0088965 0.0112167 0.00887328 0.011222 0.0153089 0.0146092 0.00989822 0.00915843 0.013125 0.00978077 0.0301621 0.0418628 0.0164468 0.0130243 0.0147766 0.0199322 0.0165889 0.0247129 0.0110432 0.701825 0 0.00359796 0.00334074 0.00336884 0.00385968 0.123122 0.0146186 0.0126267 0.0109786 0.0196081 0.0117561 0.0173645 0.0108272 0.0141752 0.0168869 0.0111221 0.00967757 0.0103677 0.00999393 0.0103521 0.0096147 0.00984228 0.00938439 0.00913217 0.0152252 0.00946979 0.00856357 0.00877077 0.00952242 0.00943764 0.00968552 0.0116833 0.00868837 0.00892 0.00872236 0.00848588 0.00857733 0.00883503 0.0118515 0.00862391 0.00886817 0.00878466 0.00936008 0.00890314 0.00985056 0.0113956 0.00956505 0.00826538 0.00961113 0.0103785 
0.0082493 0.0082053 0.00822665 0.00816968 0.00813399 0.00812744 0.00809808 0.00827913 0.00815381 0.00897917 0.0131188 0.00891938 0.0142304 0.00913709 0.00962867 0.00918113 0.00981523 0.0114582 0.00928749 0.0173351 0.00951205 0.0126688 0.0321608 0.0267126 0.0216206 0.0105515 0.0139048 0.0126934 0.708586 0.0101894 0.00359796 0 0.00320834 0.0032487 0.00326779 0.0392218 0.0957835 0.0167346 0.0202721 0.00976205 0.0108783 0.0088031 0.0099281 0.00954161 0.00909723 0.00908814 0.0123581 0.0183411 0.0223147 0.0121199 0.0150176 0.0119239 0.0122364 0.0108054 0.00890411 0.00837428 0.00931872 0.00912407 0.0108001 0.0114934 0.00968489 0.00899904 0.00815724 0.00809288 0.00855528 0.00881624 0.00952949 0.00905775 0.00877196 0.00829365 0.00862802 0.00975822 0.0101425 0.00972255 0.00926612 0.00883389 0.00822916 0.00842919 0.00844387 0.00829858 
0.00832242 0.00824289 0.00820002 0.00812999 0.00806106 0.00814212 0.00825367 0.00815578 0.00819075 0.00982691 0.00959099 0.0174021 0.0126019 0.0105322 0.00900365 0.00910557 0.0102451 0.0108393 0.0231798 0.0110179 0.0110301 0.011951 0.0177388 0.0994432 0.0244085 0.0124753 0.00972375 0.625154 0.0276938 0.0128387 0.00334074 0.00320834 0 0.00319302 0.00320715 0.0330394 0.0717891 0.121292 0.0146227 0.012359 0.00907277 0.0094659 0.00970183 0.0100229 0.00899295 0.00957231 0.0135338 0.0444861 0.0304649 0.0291489 0.0219694 0.0228238 0.0217176 0.0129935 0.00918459 0.00862409 0.00919878 0.0143127 0.0140384 0.0178374 0.0107116 0.00936621 0.00809407 0.00802365 0.00868168 0.00966542 0.0136874 0.0101471 0.00878069 0.0089705 0.00949211 0.0145171 0.014175 0.0145717 0.0107459 0.00878973 0.0085475 0.00836577 0.00843606 0.00822383 
0.00832019 0.00822973 0.00815938 0.00809306 0.00810791 0.00818056 0.00814466 0.00805948 0.00855178 0.0103062 0.0103756 0.0102752 0.00928291 0.0120307 0.00896983 0.00938171 0.00995173 0.00960802 0.0104835 0.0139757 0.0112986 0.0117026 0.0272848 0.0154367 0.130795 0.0169929 0.566512 0.0192516 0.0203147 0.0122256 0.00336884 0.0032487 0.00319302 0 0.0036472 0.0210433 0.0866023 0.0685112 0.100648 0.014325 0.0135797 0.0105954 0.01387 0.0140765 0.0102477 0.00962561 0.0221424 0.0172435 0.020016 0.0174804 0.0138682 0.0151168 0.01385 0.0132907 0.00998683 0.00854109 0.00971531 0.0092588 0.011933 0.01048 0.014237 0.00959807 0.0082247 0.00816842 0.00886785 0.00993466 0.00982613 0.0113211 0.00855088 0.00883122 0.0103402 0.00967252 0.0117406 0.0107246 0.0117891 0.00849801 0.00841376 0.00852547 0.00853232 0.00838811 
0.00878404 0.00831063 0.00825934 0.00859595 0.00825043 0.00839844 0.00939047 0.00852168 0.00902235 0.0133667 0.0101513 0.00869532 0.00980625 0.00876233 0.0114333 0.0126092 0.0091526 0.00904898 0.00904027 0.0106221 0.0138786 0.03016 0.0110626 0.0136066 0.01375 0.164443 0.0607621 0.0117212 0.0126808 0.0162032 0.00385968 0.00326779 0.00320715 0.0036472 0 0.0291076 0.0194646 0.0343918 0.0539088 0.115469 0.0177544 0.0138631 0.0171433 0.0172106 0.0164355 0.0136539 0.00995645 0.0123552 0.0113746 0.00986178 0.0109327 0.010145 0.00986077 0.0109868 0.0105427 0.0119526 0.00900065 0.00917146 0.00912257 0.00987886 0.0089464 0.0124585 0.0100237 0.00952767 0.0128956 0.00874497 0.00911498 0.00911511 0.00924086 0.0141013 0.00885575 0.00918259 0.00895543 0.0092156 0.00902967 0.00967271 0.0102831 0.00827786 0.00835768 0.00937791 
0.00870274 0.00833694 0.00852224 0.00854506 0.00837129 0.0088018 0.00855944 0.00924363 0.00874417 0.00959574 0.00877924 0.00900502 0.00887066 0.009577 0.0140471 0.00917512 0.00885035 0.00889744 0.00938192 0.00966666 0.0191664 0.019003 0.0203174 0.0152341 0.0168325 0.0246532 0.0231464 0.0163618 0.0126124 0.0252286 0.123122 0.0392218 0.0330394 0.0210433 0.0291076 0 0.0032488 0.00325242 0.00326726 0.00372415 0.0069908 0.00934877 0.0120076 0.0179607 0.018003 0.0161971 0.0142591 0.0175501 0.0156517 0.0176362 0.0133718 0.0127907 0.013415 0.0108544 0.0213859 0.00996161 0.00968363 0.00980818 0.0114795 0.0110049 0.0126062 0.0161284 0.00909176 0.00933978 0.00954748 0.0095953 0.00987657 0.011271 0.0156639 0.00974864 0.0102324 0.0103271 0.0124251 0.011832 0.0138463 0.0140217 0.00916894 0.00866299 0.00974329 0.00955691 
0.00835346 0.00830807 0.00840871 0.00820163 0.00818844 0.00824232 0.00811796 0.00823576 0.00814279 0.00881378 0.0108289 0.0105054 0.0120424 0.00962888 0.00904585 0.0085377 0.00940842 0.0106502 0.0106561 0.0149551 0.00994499 0.0121413 0.0299123 0.0812237 0.0413513 0.0131063 0.0106587 0.0239255 0.0274593 0.0111358 0.0146186 0.0957835 0.0717891 0.0866023 0.0194646 0.0032488 0 0.00324143 0.00322381 0.003235 0.00809382 0.0109488 0.0168314 0.012706 0.0102282 0.011944 0.0428671 0.0533859 0.0882064 0.0277398 0.034464 0.0308778 0.0265094 0.0286662 0.0103867 0.00887525 0.012831 0.01474 0.0206298 0.030556 0.0195775 0.0111055 0.00832378 0.00819316 0.00923322 0.014374 0.0170955 0.0190355 0.00976258 0.00923138 0.0119431 0.0237134 0.0242766 0.0278105 0.0171141 0.0102625 0.00869048 0.00918037 0.00904639 0.00838215 
0.00837494 0.00827575 0.00820058 0.00819 0.00813898 0.0082214 0.00807359 0.00812923 0.00817157 0.00895379 0.0090706 0.0184819 0.0115554 0.0105267 0.00903612 0.00867004 0.00918774 0.0105007 0.0264308 0.0113438 0.0105629 0.0117378 0.026229 0.0636845 0.040662 0.0157098 0.0108386 0.0190711 0.0151136 0.0109217 0.0126267 0.0167346 0.121292 0.0685112 0.0343918 0.00325242 0.00324143 0 0.00320463 0.00320522 0.00515155 0.0103411 0.0104008 0.0109228 0.00940346 0.0123811 0.0223925 0.147778 0.0430974 0.0605444 0.0335171 0.0377269 0.045851 0.0177059 0.0126554 0.00911239 0.0111015 0.0218942 0.0260441 0.0284824 0.0218366 0.0112017 0.00830605 0.00815198 0.0094252 0.0120055 0.0325468 0.0144741 0.00978314 0.00999582 0.0131376 0.0264364 0.0369923 0.0331103 0.0186217 0.00964485 0.0090969 0.00877442 0.00885885 0.00845894 
0.00835181 0.00821543 0.00815623 0.00809856 0.00811073 0.00812631 0.00806719 0.00801267 0.00841753 0.00858447 0.0100253 0.00937655 0.00931222 0.00970726 0.0085892 0.00859908 0.00894948 0.00930781 0.0094694 0.0119518 0.00987063 0.0105931 0.0230992 0.0211633 0.0414597 0.0180961 0.0107515 0.0143083 0.016775 0.0100649 0.0109786 0.0202721 0.0146227 0.100648 0.0539088 0.00326726 0.00322381 0.00320463 0 0.00334363 0.00728789 0.0301286 0.00973316 0.0193511 0.00849728 0.0122587 0.0380712 0.021791 0.0342517 0.0202301 0.0226367 0.0221567 0.0177827 0.0275661 0.0112795 0.00893906 0.0118776 0.011663 0.0163513 0.0150858 0.0180226 0.0115037 0.00843868 0.00830572 0.00904539 0.0138349 0.0122193 0.0155618 0.00957179 0.0098957 0.0129899 0.0145973 0.0145105 0.0144657 0.0164622 0.0098678 0.00864688 0.0087782 0.00892976 0.00846161 
0.00870918 0.00827583 0.00828083 0.00827818 0.00825099 0.00839041 0.00840471 0.00807269 0.00906789 0.0109183 0.00844931 0.00883366 0.0085546 0.00892494 0.00915456 0.0102384 0.00849497 0.00841362 0.00921324 0.00873712 0.011961 0.0152527 0.0116102 0.0113209 0.0148011 0.0264391 0.0167557 0.0106918 0.00956992 0.0128918 0.0196081 0.00976205 0.012359 0.014325 0.115469 0.00372415 0.003235 0.00320522 0.00334363 0 0.0451301 0.00591037 0.0277993 0.0126722 0.0187823 0.0144289 0.0115878 0.0189189 0.0125257 0.0130934 0.0118729 0.012377 0.0116112 0.0114164 0.0153124 0.0131461 0.00923484 0.00943749 0.0100859 0.00966916 0.0102445 0.0154277 0.0100864 0.00920512 0.0128365 0.00912039 0.00963054 0.0106257 0.010631 0.020586 0.00946517 0.00931698 0.00998612 0.00947558 0.0103267 0.0103965 0.0107492 0.00827202 0.00897529 0.00954151 
0.00893739 0.00818484 0.00838048 0.00854469 0.00833254 0.00853518 0.0083235 0.0087894 0.0085118 0.00833705 0.00841654 0.00816926 0.00858206 0.00845113 0.00946937 0.00848238 0.00823299 0.00828244 0.00827798 0.00866423 0.011401 0.0100811 0.00935249 0.00912823 0.010667 0.0140602 0.0106353 0.00988891 0.0116508 0.0129062 0.0117561 0.0108783 0.00907277 0.0135797 0.0177544 0.0069908 0.00809382 0.00515155 0.00728789 0.0451301 0 0.00479213 0.00811988 0.886771 0.0320191 0.0108274 0.0113257 0.00979853 0.00982336 0.00893882 0.00939533 0.00900682 0.00901979 0.0103901 0.0128786 0.00934902 0.00929044 0.0085671 0.00870775 0.00930239 0.00917799 0.0131243 0.00975234 0.00979802 0.008977 0.00876106 0.00859527 0.00913524 0.01168 0.00863607 0.00877327 0.00849049 0.00859678 0.00865813 0.00946779 0.0117105 0.00841443 0.00868628 0.00861619 0.0100436 
0.00917591 0.0083573 0.00833735 0.00839287 0.00833265 0.00836085 0.00826935 0.00820638 0.00889203 0.00905198 0.00822887 0.00837742 0.00822226 0.00847838 0.00819317 0.00879665 0.00824285 0.00821095 0.0083811 0.00840066 0.0091991 0.0108985 0.00935009 0.00902066 0.00982495 0.0104673 0.0122939 0.00959492 0.00888315 0.0107781 0.0173645 0.0088031 0.0094659 0.0105954 0.0138631 0.00934877 0.0109488 0.0103411 0.0301286 0.00591037 0.00479213 0 0.905973 0.0111024 0.0132063 0.0116151 0.0096382 0.00961465 0.00915728 0.00973761 0.0090154 0.00947169 0.00899996 0.00930183 0.00981913 0.0115743 0.00868694 0.00860852 0.00869066 0.00870699 0.00933758 0.00954482 0.00989921 0.00947826 0.0100702 0.00880669 0.00858173 0.00937972 0.00933871 0.00987386 0.00886251 0.00841303 0.00864485 0.00879535 0.00892355 0.00906177 0.00967676 0.00832212 0.00849403 0.00981359 
0.00892934 0.00818696 0.00848721 0.00846329 0.00838682 0.008515 0.00853773 0.0085637 0.00871579 0.00827073 0.00826783 0.00829307 0.00829552 0.00861782 0.00980882 0.00825905 0.00822187 0.00832724 0.00841037 0.00897242 0.0123506 0.00954332 0.00976122 0.00934618 0.0114047 0.0152469 0.00994322 0.00962366 0.0106045 0.0139284 0.0108272 0.0099281 0.00970183 0.01387 0.0171433 0.0120076 0.0168314 0.0104008 0.00973316 0.0277993 0.00811988 0.905973 0 0.00532731 0.0148311 0.0265034 0.0138359 0.0122883 0.0121158 0.0101935 0.0136748 0.00990027 0.0102726 0.0119873 0.0150062 0.00939689 0.00918464 0.0090481 0.00919317 0.00970356 0.0123098 0.0163576 0.0102691 0.0103625 0.00894005 0.00891733 0.0089521 0.00996642 0.0134285 0.00921223 0.00904395 0.00901268 0.00912922 0.00925781 0.0109936 0.0122433 0.00871687 0.00904357 0.00972476 0.00992153 
0.00917908 0.00837147 0.00852217 0.00847579 0.00840745 0.0084577 0.00832467 0.00816986 0.00862979 0.00900666 0.00814216 0.00848869 0.0081822 0.00866863 0.0084109 0.00881522 0.00826622 0.00814683 0.00848966 0.00861129 0.00983085 0.0107586 0.00971013 0.00964309 0.0121648 0.012759 0.0122895 0.00950078 0.0103456 0.0115232 0.0141752 0.00954161 0.0100229 0.0140765 0.0172106 0.0179607 0.012706 0.0109228 0.0193511 0.0126722 0.886771 0.0111024 0.00532731 0 0.0730974 0.0176834 0.0142248 0.0162567 0.013393 0.0129832 0.0114682 0.0124489 0.0104605 0.0142636 0.0145674 0.0118389 0.00908513 0.00938328 0.0093392 0.00986905 0.0113386 0.012926 0.0103609 0.010058 0.0105378 0.00950429 0.00912535 0.0113044 0.010514 0.0111643 0.0091408 0.00934363 0.00943233 0.00935459 0.0108099 0.011036 0.0107703 0.00885035 0.00953419 0.00979947 
