3SEBA
ESQPDPKPDELHKSSKFTGLMENMKVLYDDNHVSAINVKSIDQFLYFDLIYSIKDTKLGNYDNVRVEFKNKDLADKYKDKYVDVFGANYYYQCYFSKKTNDINSHQTDKRKTCMYGGVTEHNGNQLDKYRSITVRVFEDGKNLLSFDVQTNKKKVTAQELDYLTRHYLVKNKKLYEFNNSPYETGYIKFIENENSFWYDMMPAPGDKFDQSKYLMMYNDNKMVDSKDVKIEVYLTTKK
CECCCCCCCCCCCHHHECCCCHHHHHHHCCCCEEEEEEECCECCCCCEEEECCCCCCCCCCCEEEEECCCHHHHHHHCCCEEEEEECCECCCCCCCCCCCCCCCCCCCCCEEEEECCEEECCCCEEEEEEEEEEEEEECCEEEEEEEEEEEECEEEHHHHHHHHHHHHHHHHCCCCCCCCCEEEEEEEEEECCEEEEEECCCCCECCCCHHHHHHHHHHCCEEECCCEEEEEEEEECC
0 0 0 0 0 0 0 0 0 0 0 0 0 0 0 0 0 0 0 0 0 0 0 0 0 0 0 0 0 0 0 0 0 0 0 0 0 0 0 0 0 0 0 0 0 0 0 0 0 0 0 0 0 0 0 0 0 0 0 0 0 0 0 0 0 0 0 0 0 0 0 0 0 0 0 0 0 0 0 0 0 0 0 0 0 0 0 0 0 0 0 0 0 0 0 0 0 0 0 0 0 0 0 0 0 0 0 0 0 0 0 0 0 0 0 0 0 0 0 0 0 0 0 0 0 0 0 0 0 0 0 0 0 0 0 0 0 0 0 0 0 0 0 0 0 0 0 0 0 0 0 0 0 0 0 0 0 0 0 0 0 0 0 0 0 0 0 0 0 0 0 0 0 0 0 0 0 0 0 0 0 0 0 0 0 0 0 0 0 0 0 0 0 0 0 0 0 0 0 0 0 0 0 0 0 0 0 0 0 0 0 0 0 0 0 0 0 0 0 0 0 0 0 0 0 0 0 0 0 0 0 0 0 0 0 0 0 0 
0 0 0 0 0 0 0 0 0 0 0 0 0 0 0 0 0 0 0 0 0 0 0 0 0 0 0 0 0 0 0 0 0 0 0 0 0 0 0 0 0 0 0 0 0 0 0 0 0 0 0 0 0 0 0 0 0 0 0 0 0 0 0 0 0 0 0 0 0 0 0 0 0 0 0 0 0 0 0 0 0 0 0 0 0 0 0 0 0 0 0 0 0 0 0 0 0 0 0 0 0 0 0 0 0 0 0 0 0 0 0 0 0 0 0 0 0 0 0 0 0 0 0 0 0 0 0 0 0 0 0 0 0 0 0 0 0 0 0 0 0 0 0 0 0 0 0 0 0 0 0 0 0 0 0 0 0 0 0 0 0 0 0 0 0 0 0 0 0 0 0 0 0 0 0 0 0 0 0 0 0 0 0 0 0 0 0 0 0 0 0 0 0 0 0 0 0 0 0 0 0 0 0 0 0 0 0 0 0 0 0 0 0 0 0 0 0 0 0 0 0 0 0 0 0 0 0 0 0 0 0 0 0 0 0 0 0 0 
0 0.162262 0.0204521 0.0164567 0.0110083 0.00988569 0.00932883 0.0150392 0.0133375 0.0493599 0.0169366 0.0110382 0.0103159 0.0151379 0.0137217 0.00985317 0.00880931 0.00913603 0.012041 0.0126771 0.00939308 0.00832831 0.00855917 0.00928971 0.0105296 0.0211722 0.00976784 0.00837769 0.00817125 0.00818984 0.009001 0.0107204 0.00834409 0.00869645 0.00989927 0.00836594 0.0080476 0.00803639 0.00808692 0.00804071 0.00808572 0.00819037 0.00841188 0.00823743 0.00810943 0.00801176 0.00817269 0.00900014 0.0100539 0.00829643 0.00798277 0.00800093 0.00812454 0.0080466 0.00812421 0.00803508 0.00803084 0.00801025 0.00823228 0.0083261 0.00884441 0.00827495 0.00871908 0.00949762 0.00810045 0.0079464 0.00798307 0.00804031 0.00806827 0.00801186 0.00808422 0.0080172 0.00855118 0.008937 0.00812729 0.00802063 0.00805882 0.00801163 0.00813549 0.01137 0.00932173 0.00813337 0.00844423 0.00993553 0.00828434 0.00815597 0.00811297 0.00812577 0.00827411 0.00826933 0.00830823 0.0092598 
0.162262 0 0.0616563 0.00722654 0.0111857 0.00830304 0.00772825 0.0176445 0.0122764 0.0427884 0.0115524 0.0114696 0.0108001 0.0264523 0.0112092 0.0125002 0.00925794 0.01282 0.0135437 0.00992968 0.01144 0.00876515 0.00879198 0.00951175 0.0128439 0.0337355 0.00882646 0.00842524 0.00828577 0.00843032 0.00971214 0.00927186 0.00826277 0.00975618 0.00852459 0.0099198 0.00807288 0.00809355 0.00830856 0.00818659 0.00806084 0.0116061 0.00809256 0.0118739 0.00805219 0.00907841 0.00825109 0.0105671 0.0089918 0.00823207 0.00803081 0.00905579 0.00798703 0.0104876 0.00802754 0.0104299 0.00798855 0.00881199 0.0080778 0.00923135 0.00837368 0.0106746 0.00914891 0.00945758 0.00800912 0.00803066 0.00815499 0.00802227 0.00830139 0.00806123 0.00819926 0.00817018 0.00913622 0.00845041 0.00800066 0.00809278 0.00800729 0.00830173 0.00813697 0.0137754 0.00871797 0.00838835 0.00837857 0.012031 0.00799078 0.00957668 0.00802867 0.00913303 0.00804054 0.00921977 0.00819554 0.0104803 
0.0204521 0.0616563 0 0.00330342 0.00351691 0.00334433 0.00334533 0.00469133 0.00442898 0.00719274 0.00766358 0.00839794 0.0100594 0.0476961 0.0136981 0.0161644 0.00928133 0.0163056 0.01711 0.0116484 0.014878 0.00885109 0.0103808 0.0106907 0.0175717 0.013842 0.00878162 0.00878707 0.00860011 0.0086827 0.0108776 0.00873805 0.00828845 0.0102861 0.00821557 0.00923546 0.00808003 0.00821686 0.00831583 0.00818046 0.00817375 0.0102168 0.00824055 0.0111882 0.00829058 0.00921545 0.00845429 0.0124564 0.00823604 0.00804193 0.00805697 0.00850222 0.00809097 0.00955602 0.00810163 0.00960454 0.00806715 0.0086044 0.00812815 0.00908647 0.00831016 0.00902427 0.00938956 0.0084552 0.00800183 0.0081358 0.00837017 0.00828362 0.00841862 0.00835166 0.00844675 0.00822504 0.00876117 0.00807823 0.00800595 0.00809246 0.00826189 0.00821715 0.00815966 0.00890952 0.00830482 0.00809186 0.00820396 0.00972638 0.00801189 0.00883314 0.00812442 0.00851475 0.00818046 0.00843225 0.00812688 0.00923511 
0.0164567 0.00722654 0.00330342 0 0.00319301 0.00322176 0.00325074 0.00321709 0.00383878 0.00474861 0.0085027 0.00911973 0.0306306 0.00893049 0.0147104 0.0105862 0.0209376 0.0098725 0.0127194 0.0115802 0.0091977 0.0273664 0.0101483 0.0150275 0.00990357 0.00847695 0.00869742 0.00916875 0.00961322 0.0101638 0.00864216 0.00839422 0.00853917 0.00853726 0.00911398 0.00811959 0.00852501 0.00809872 0.00813839 0.00809083 0.00923453 0.00821502 0.0134115 0.00827659 0.0118715 0.00839137 0.00937503 0.00837713 0.00813002 0.008037 0.00830251 0.00809323 0.00939967 0.00816451 0.0100732 0.00820618 0.0092674 0.0081819 0.00889915 0.00809238 0.00922247 0.00818867 0.00900606 0.00808451 0.0081596 0.00819663 0.00822648 0.00860812 0.00839061 0.00856858 0.00832741 0.00825165 0.00808773 0.00801894 0.00817557 0.00819611 0.00834661 0.00830009 0.00819823 0.00806533 0.00825335 0.00813928 0.00826634 0.00810204 0.00867868 0.00822677 0.00838757 0.0082028 0.00868807 0.00822033 0.00815485 0.00827556 
0.0110083 0.0111857 0.00351691 0.00319301 0 0.00319678 0.0032052 0.00370838 0.00325897 0.00398573 0.0075648 0.0149664 0.00927167 0.0231268 0.00929209 0.0182599 0.0112153 0.0151132 0.00926548 0.00933631 0.0186583 0.0100116 0.040169 0.0110716 0.00967943 0.00899393 0.00837784 0.00909608 0.0109466 0.00977899 0.00873953 0.00880938 0.00844717 0.00841055 0.00807554 0.00969389 0.00829061 0.00840621 0.00841154 0.00852929 0.00827596 0.0142021 0.00843136 0.0160247 0.00864827 0.0127631 0.00859523 0.00844128 0.00812312 0.00821112 0.00813814 0.00932394 0.00822354 0.0113056 0.0083467 0.0104862 0.00822218 0.00950655 0.00803903 0.00836237 0.00815458 0.00904525 0.00826664 0.00818106 0.00813515 0.00845236 0.00861215 0.00860559 0.00911193 0.00856382 0.00885729 0.00820024 0.00816093 0.00796938 0.00813343 0.00842957 0.00848581 0.0084469 0.0081428 0.00802501 0.00808177 0.00832373 0.00808606 0.00876193 0.00821009 0.0088502 0.00823486 0.00901796 0.00830705 0.00868588 0.00823785 0.00837031 
0.00988569 0.00830304 0.00334433 0.00322176 0.00319678 0 0.00322471 0.00319451 0.00321868 0.00354375 0.0118155 0.0081086 0.0111644 0.0390661 0.0102877 0.0109708 0.0151921 0.0117739 0.00922376 0.00933266 0.0103422 0.0195325 0.0210792 0.0108004 0.00908339 0.00840078 0.00825079 0.00876528 0.0102442 0.00962462 0.00861119 0.00844646 0.00822673 0.00823891 0.00821368 0.00823004 0.0082375 0.00826398 0.00825562 0.00813859 0.00880084 0.00903426 0.00998984 0.00918883 0.0100478 0.00974465 0.00855348 0.00829221 0.00804136 0.00803314 0.00822274 0.00832201 0.00863074 0.00853766 0.00868407 0.00866341 0.00859077 0.00833829 0.00806456 0.00813267 0.00851829 0.00820245 0.00824949 0.00811922 0.00805834 0.00827691 0.00835801 0.00861595 0.0086364 0.00863802 0.0087685 0.00824004 0.00809021 0.00794635 0.00808931 0.00832497 0.00826462 0.0083416 0.00814768 0.00796035 0.00804116 0.00810402 0.00806766 0.00809458 0.00817466 0.00833911 0.00820355 0.00828881 0.00830899 0.00822844 0.00803856 0.00813491 
0.00932883 0.00772825 0.00334533 0.00325074 0.0032052 0.00322471 0 0.00319855 0.00325773 0.00333414 0.00878401 0.0108092 0.0391643 0.0088476 0.0105552 0.00998078 0.0269481 0.00923545 0.00992078 0.0107265 0.00931586 0.0323542 0.0150681 0.0111206 0.0091087 0.00837077 0.00881118 0.00886365 0.0127386 0.00947161 0.0085608 0.0085607 0.00828542 0.00825913 0.00882111 0.00826749 0.0088129 0.00826768 0.00824202 0.00845952 0.00953594 0.00849648 0.0124067 0.00856082 0.0136609 0.00876914 0.00926148 0.00812512 0.00820924 0.00812796 0.00846967 0.00832836 0.00921287 0.00827881 0.00987334 0.0083009 0.00932629 0.00821241 0.00826182 0.00807159 0.00932123 0.00817396 0.00893972 0.00817345 0.00818542 0.00825137 0.0084498 0.00896299 0.00864174 0.00902342 0.00850771 0.00824899 0.00810077 0.00804223 0.00816686 0.00826861 0.00856608 0.00824705 0.00822405 0.00798158 0.00814966 0.00814322 0.00807594 0.00815056 0.00836375 0.00826143 0.0083581 0.00825519 0.00846216 0.00823418 0.00806632 0.00813212 
0.0150392 0.0176445 0.00469133 0.00321709 0.00370838 0.00319451 0.00319855 0 0.00339011 0.00411369 0.00817489 0.066812 0.0145329 0.0152197 0.00937152 0.025586 0.00928712 0.0328459 0.00896686 0.00927582 0.0373014 0.00918895 0.0143261 0.0154643 0.0105387 0.0100515 0.00857011 0.0108028 0.00910123 0.0103791 0.00885525 0.0090248 0.0086679 0.00835316 0.00818329 0.0103792 0.00816721 0.00831808 0.00874567 0.00836111 0.00814623 0.0118206 0.00827786 0.0133267 0.00829564 0.0100496 0.00833006 0.00866338 0.00810212 0.00829844 0.00814301 0.00896748 0.0081409 0.010017 0.00816725 0.0103486 0.00813074 0.00911842 0.00813395 0.00831383 0.00810074 0.00995002 0.00817358 0.00834787 0.0080811 0.0083092 0.00831566 0.00831206 0.00849412 0.00833594 0.00851633 0.00818803 0.00809372 0.0079501 0.00802523 0.00818929 0.00831255 0.00840396 0.00806545 0.00802544 0.00807244 0.00814863 0.00812346 0.0088436 0.00814077 0.00875299 0.0081709 0.00854256 0.0082115 0.00838903 0.00803823 0.00813067 
0.0133375 0.0122764 0.00442898 0.00383878 0.00325897 0.00321868 0.00325773 0.00339011 0 0.0305185 0.0965685 0.00999485 0.0154893 0.00966673 0.0239671 0.00989692 0.0124957 0.00968982 0.0262107 0.0212139 0.00911233 0.0111482 0.00973361 0.0130229 0.0157207 0.0115069 0.011324 0.00873727 0.00893069 0.00879773 0.00969937 0.012724 0.00838982 0.00887776 0.011615 0.00824145 0.00838431 0.00814388 0.00814226 0.00809842 0.00904116 0.00818049 0.0102798 0.00823893 0.00956269 0.00838819 0.00851461 0.00849985 0.00964792 0.00831718 0.00823574 0.00811786 0.00911814 0.00808236 0.00916394 0.00823573 0.00875548 0.00810279 0.00826978 0.00811568 0.00971897 0.00815763 0.00897738 0.0086909 0.00815949 0.00819268 0.00821768 0.00839037 0.00833159 0.00839127 0.00840375 0.00811066 0.00811737 0.00828573 0.00813145 0.00818159 0.00823337 0.00812326 0.00828478 0.00837139 0.00837292 0.00812515 0.00824665 0.00832327 0.00842894 0.00821384 0.00815533 0.00814159 0.00839581 0.00811911 0.0080942 0.00815537 
0.0493599 0.0427884 0.00719274 0.00474861 0.00398573 0.00354375 0.00333414 0.00411369 0.0305185 0 0.0163253 0.0091526 0.00579986 0.00935915 0.0108137 0.010395 0.00859501 0.0130146 0.0169889 0.0140855 0.010733 0.00876587 0.00903594 0.010279 0.0161372 0.0549752 0.00940279 0.00851206 0.00838143 0.00860873 0.0099486 0.0107683 0.00836829 0.00934214 0.00944711 0.00832834 0.00808078 0.00801029 0.00806765 0.00808992 0.00806513 0.00843007 0.00824951 0.00872306 0.00819271 0.00812368 0.00819379 0.00947258 0.00890861 0.00808976 0.00808201 0.00816534 0.00808219 0.00819941 0.00810856 0.00832511 0.00807981 0.00806458 0.00806091 0.00830689 0.00852773 0.00850543 0.00949748 0.00900647 0.00804954 0.00803465 0.00802886 0.00807124 0.00808044 0.00812096 0.0080963 0.00803585 0.00840628 0.0082857 0.00802497 0.00800331 0.00804205 0.00803741 0.0080799 0.0096072 0.00825665 0.00805509 0.0081773 0.0088455 0.00813918 0.00808752 0.00805093 0.00817116 0.00808071 0.00811981 0.00812599 0.00906437 
0.0169366 0.0115524 0.00766358 0.0085027 0.0075648 0.0118155 0.00878401 0.00817489 0.0965685 0.0163253 0 0.00332179 0.00332078 0.00360833 0.0293892 0.00924844 0.0156215 0.0177115 0.48227 0.0306658 0.0109738 0.0143635 0.012545 0.0150724 0.0204202 0.0130614 0.0115624 0.00950594 0.010091 0.0100169 0.0118842 0.00946779 0.0085726 0.0125275 0.0103471 0.00835182 0.00838357 0.00819109 0.00818669 0.00823483 0.00893431 0.0085584 0.0113751 0.00897223 0.0104922 0.00874802 0.0098449 0.011867 0.00845807 0.0081701 0.0083298 0.00826026 0.00868997 0.0083473 0.00890532 0.00843165 0.00892455 0.00819245 0.00889804 0.00870199 0.00937731 0.00866682 0.013412 0.00852246 0.00823664 0.00826199 0.00837827 0.00880371 0.00853786 0.00880834 0.00882178 0.00851876 0.00885403 0.00819345 0.00810469 0.00821348 0.00838642 0.00836329 0.00847762 0.00861984 0.00852905 0.00812958 0.00838236 0.0084389 0.0083447 0.00826103 0.00836721 0.00824996 0.00852033 0.00823701 0.00819077 0.00893728 
0.0110382 0.0114696 0.00839794 0.00911973 0.0149664 0.0081086 0.0108092 0.066812 0.00999485 0.0091526 0.00332179 0 0.00321197 0.00323549 0.0115926 0.058338 0.028491 0.499212 0.0115229 0.0109184 0.0489367 0.0153231 0.0474583 0.0266757 0.0122695 0.00936237 0.00903385 0.0171394 0.0214798 0.0176963 0.0102868 0.00924682 0.0105901 0.00904787 0.00839688 0.00977388 0.00894351 0.0093564 0.00884112 0.00929688 0.0091033 0.0148346 0.0098678 0.0180719 0.010941 0.0180782 0.0105061 0.00930611 0.00826371 0.00872639 0.00857661 0.00999425 0.0088211 0.0117203 0.0092146 0.0122712 0.00915737 0.010115 0.00861737 0.00865952 0.00855267 0.010846 0.00899379 0.0085252 0.00869928 0.00930035 0.00986323 0.0100558 0.0105636 0.00995793 0.0109355 0.00906211 0.0083983 0.00814807 0.00836512 0.00895709 0.00950228 0.00988209 0.0083904 0.00795932 0.00814565 0.00852169 0.0082876 0.00847966 0.00839191 0.00912923 0.0085358 0.00902305 0.00853321 0.00858726 0.00828244 0.00835842 
0.0103159 0.0108001 0.0100594 0.0306306 0.00927167 0.0111644 0.0391643 0.0145329 0.0154893 0.00579986 0.00332078 0.00321197 0 0.00322962 0.0274197 0.0215446 0.563543 0.0280565 0.0228927 0.0119168 0.0119485 0.0308484 0.0221848 0.0594047 0.0175478 0.00994244 0.0101521 0.0123233 0.0164897 0.0229145 0.012607 0.010803 0.0106109 0.00920465 0.00907392 0.00870916 0.00939587 0.00854736 0.00872012 0.00863715 0.0101112 0.00909877 0.0132156 0.00932216 0.0164591 0.0102825 0.013033 0.00895169 0.00845297 0.00854762 0.00877389 0.00866708 0.00977616 0.00868433 0.0107344 0.00887849 0.00962273 0.00884165 0.0091288 0.00834628 0.00911057 0.00939376 0.00932107 0.00853645 0.00872951 0.00893062 0.00893894 0.00989549 0.00983 0.00957122 0.0097322 0.00885613 0.00830407 0.00809623 0.00830334 0.00877586 0.00939744 0.00896763 0.0085027 0.00803868 0.00820871 0.00848763 0.00820219 0.00829959 0.00859781 0.0086955 0.00864503 0.00860061 0.008701 0.00854133 0.00827784 0.00821974 
0.0151379 0.0264523 0.0476961 0.00893049 0.0231268 0.0390661 0.0088476 0.0152197 0.00966673 0.00935915 0.00360833 0.00323549 0.00322962 0 0.0289496 0.296568 0.0101277 0.0291693 0.0197079 0.0135506 0.0154335 0.00991161 0.0148141 0.0161236 0.0379659 0.0196717 0.0117417 0.0102253 0.0096054 0.0114033 0.0157993 0.0176695 0.00904771 0.00981703 0.0100254 0.00994216 0.00836924 0.00853474 0.00845966 0.00867045 0.00848235 0.010723 0.00858694 0.0123543 0.00876014 0.00996364 0.00903204 0.0116899 0.00944525 0.00859364 0.00832922 0.00904876 0.00838713 0.00980349 0.00837515 0.00979213 0.00842298 0.00921968 0.00839173 0.00893197 0.00918476 0.0100471 0.00878337 0.0108078 0.00838063 0.00848348 0.00901641 0.0086215 0.00914342 0.00880858 0.00904428 0.0086309 0.00849644 0.00833696 0.00820378 0.00859273 0.00867961 0.00851758 0.00867763 0.00865883 0.0082302 0.00821014 0.00829076 0.00983503 0.00826273 0.00872679 0.0082336 0.0086479 0.00828153 0.00853421 0.00815004 0.00832028 
0.0137217 0.0112092 0.0136981 0.0147104 0.00929209 0.0102877 0.0105552 0.00937152 0.0239671 0.0108137 0.0293892 0.0115926 0.0274197 0.0289496 0 0.00325162 0.00321808 0.00320795 0.00407699 0.0886728 0.0089117 0.021935 0.0108446 0.0260896 0.0264292 0.0124472 0.0353278 0.0107578 0.0126986 0.0115659 0.0268072 0.0102763 0.00942526 0.0142271 0.0120036 0.00850037 0.00889046 0.00843144 0.00850274 0.00848097 0.00990623 0.00893241 0.0119895 0.00924942 0.0126879 0.00926258 0.0113497 0.0132057 0.00863723 0.00833489 0.00860977 0.00836677 0.00911713 0.00870781 0.0101703 0.0086736 0.00961046 0.00843941 0.00978234 0.0089698 0.00993854 0.00923163 0.0194828 0.00843004 0.00822724 0.00834429 0.00844303 0.00928048 0.00888934 0.00959771 0.00893533 0.00856897 0.00876856 0.00810516 0.00813764 0.00824104 0.00854188 0.00867466 0.00878229 0.00854451 0.00837601 0.00806644 0.00838604 0.00832577 0.00827497 0.00844394 0.00830468 0.00856213 0.00848497 0.00817272 0.00808607 0.00877052 
0.00985317 0.0125002 0.0161644 0.0105862 0.0182599 0.0109708 0.00998078 0.025586 0.00989692 0.010395 0.00924844 0.058338 0.0215446 0.296568 0.00325162 0 0.00321677 0.00323595 0.00324783 0.0142052 0.113965 0.011722 0.0961735 0.0243508 0.0135959 0.0102493 0.00988255 0.0383435 0.0150587 0.0461054 0.0102288 0.00979196 0.0101705 0.0102323 0.00861618 0.0118137 0.00866669 0.00998118 0.00877963 0.00961492 0.00899182 0.0199072 0.00941226 0.025839 0.0100478 0.0271287 0.0106923 0.0103324 0.00822502 0.00881184 0.00862986 0.0105483 0.00867227 0.0142798 0.00872988 0.0143303 0.00858213 0.011777 0.00900431 0.0094236 0.00883411 0.0172127 0.00891705 0.00869743 0.00856485 0.00881916 0.00962894 0.0106262 0.0108417 0.00959409 0.0117135 0.00907505 0.00858337 0.00811913 0.00827319 0.00878637 0.00926729 0.00952444 0.00830723 0.00801096 0.00811812 0.00836652 0.00834028 0.0087334 0.00835774 0.00938467 0.00842681 0.00923313 0.00846841 0.00854124 0.00832708 0.00853706 
0.00880931 0.00925794 0.00928133 0.0209376 0.0112153 0.0151921 0.0269481 0.00928712 0.0124957 0.00859501 0.0156215 0.028491 0.563543 0.0101277 0.00321808 0.00321677 0 0.00323695 0.00323324 0.0172394 0.015284 0.216992 0.0509673 0.0440851 0.0134545 0.00923875 0.0106335 0.0112928 0.111792 0.0170616 0.011596 0.0101217 0.00977734 0.00943648 0.00966627 0.008916 0.0137831 0.00922866 0.00960449 0.00935298 0.0187366 0.00992427 0.0381178 0.0111963 0.0547328 0.0159547 0.0201767 0.00910426 0.00845103 0.0086604 0.0117614 0.0092845 0.0183072 0.00972614 0.0246172 0.00981643 0.023074 0.00986046 0.00954322 0.00867857 0.0117487 0.00876092 0.0112712 0.00854011 0.00897942 0.00971597 0.0109935 0.0126371 0.0103967 0.0157214 0.0127199 0.00940296 0.00853072 0.00812272 0.00855611 0.00939611 0.0115798 0.00904219 0.00872422 0.00795381 0.00834864 0.00831344 0.00828203 0.00824006 0.00897991 0.00915529 0.00922843 0.00885978 0.00931685 0.00859293 0.00829648 0.0082947 
0.00913603 0.01282 0.0163056 0.0098725 0.0151132 0.0117739 0.00923545 0.0328459 0.00968982 0.0130146 0.0177115 0.499212 0.0280565 0.0291693 0.00320795 0.00323595 0.00323695 0 0.00324357 0.0175074 0.112075 0.0189998 0.092013 0.0482981 0.0235629 0.0113018 0.00961398 0.0257439 0.0136726 0.077295 0.0123661 0.0118897 0.0130147 0.00957057 0.00876281 0.021278 0.008656 0.00916804 0.00881829 0.0104674 0.00876519 0.0217988 0.00912563 0.0326136 0.00999281 0.0273282 0.0116994 0.0108467 0.00838999 0.00975114 0.00863234 0.0117152 0.00867277 0.0157289 0.00871812 0.0190967 0.0087835 0.0125075 0.00858344 0.00878805 0.00858926 0.0174791 0.00884798 0.00896827 0.00889728 0.00929866 0.0106812 0.00988384 0.0124315 0.010293 0.0119355 0.00937985 0.00853078 0.00814878 0.00837637 0.00916829 0.00929822 0.0107304 0.00921061 0.00801715 0.00814629 0.00867966 0.00820763 0.00905366 0.00869341 0.00961526 0.00862687 0.00933678 0.00863614 0.00890975 0.0082467 0.00829017 
0.012041 0.0135437 0.01711 0.0127194 0.00926548 0.00922376 0.00992078 0.00896686 0.0262107 0.0169889 0.48227 0.0115229 0.0228927 0.0197079 0.00407699 0.00324783 0.00323324 0.00324357 0 0.0588763 0.0135351 0.0297029 0.0116847 0.0519466 0.0463783 0.0182609 0.0232175 0.00987912 0.0114352 0.0124748 0.0342562 0.0190549 0.00949763 0.0111985 0.0237139 0.00869511 0.0093429 0.00874325 0.0089174 0.00873426 0.0108883 0.00883777 0.0148511 0.00897543 0.0129152 0.00941902 0.0122677 0.0100143 0.0127613 0.0087535 0.0091612 0.00868914 0.0103896 0.0086608 0.0114003 0.00870749 0.0102249 0.00859696 0.00944515 0.00870062 0.0129036 0.00872258 0.0133008 0.0112311 0.00856407 0.0087566 0.00876923 0.00938675 0.00895461 0.00951855 0.00884147 0.00862732 0.00840967 0.00881973 0.00838572 0.00857906 0.0090136 0.00844615 0.00995069 0.0089786 0.00920223 0.00821867 0.00870839 0.00870899 0.00881208 0.00843859 0.00896291 0.0084132 0.00895499 0.00830384 0.00830429 0.0082375 
0.0126771 0.00992968 0.0116484 0.0115802 0.00933631 0.00933266 0.0107265 0.00927582 0.0212139 0.0140855 0.0306658 0.0109184 0.0119168 0.0135506 0.0886728 0.0142052 0.0172394 0.0175074 0.0588763 0 0.00425032 0.00320895 0.00324007 0.00338144 0.00389504 0.00656651 0.0627235 0.0119208 0.0102245 0.00986768 0.0124527 0.0123068 0.0092361 0.0176054 0.0188094 0.00900342 0.00932468 0.0089684 0.00924985 0.00905468 0.0110716 0.00941529 0.0153049 0.00944193 0.0139911 0.00915353 0.0109932 0.0134883 0.0109561 0.00889945 0.00893578 0.00861574 0.010194 0.00855362 0.0107207 0.00861007 0.0101339 0.0083664 0.010334 0.00928808 0.0123754 0.00918518 0.0187373 0.0090728 0.00829344 0.00826387 0.00835902 0.00872112 0.00889147 0.00894615 0.00885879 0.00868231 0.00958326 0.00834453 0.00806957 0.00817349 0.00842201 0.00863763 0.00893027 0.00921388 0.00898144 0.00809389 0.00858715 0.00853201 0.008534 0.00815873 0.00854653 0.00814495 0.00874802 0.00808707 0.00833254 0.00908114 
0.00939308 0.01144 0.014878 0.0091977 0.0186583 0.0103422 0.00931586 0.0373014 0.00911233 0.010733 0.0109738 0.0489367 0.0119485 0.0154335 0.0089117 0.113965 0.015284 0.112075 0.0135351 0.00425032 0 0.00325595 0.00323438 0.00326197 0.00333749 0.00467673 0.0256107 0.0575565 0.0112426 0.0196922 0.0107285 0.0106222 0.0111666 0.00926431 0.00888165 0.0208848 0.0085684 0.00969021 0.00979401 0.0101444 0.0088284 0.032288 0.00902628 0.0481274 0.00915425 0.0332663 0.00964841 0.0106328 0.00862911 0.00941315 0.00872988 0.0126278 0.0085783 0.0206633 0.0086389 0.0223028 0.00848169 0.0140956 0.00857833 0.0101077 0.00859828 0.0219612 0.00867331 0.00924331 0.00834671 0.00896499 0.00972644 0.00947243 0.0120926 0.0091837 0.0114286 0.0089204 0.00848692 0.00802749 0.00825036 0.00860168 0.00866131 0.0104777 0.0083023 0.00808371 0.00807931 0.00841061 0.00818349 0.00968703 0.00821698 0.010179 0.00820088 0.00986946 0.0083508 0.00872139 0.0081807 0.00826869 
0.00832831 0.00876515 0.00885109 0.0273664 0.0100116 0.0195325 0.0323542 0.00918895 0.0111482 0.00876587 0.0143635 0.0153231 0.0308484 0.00991161 0.021935 0.011722 0.216992 0.0189998 0.0297029 0.00320895 0.00325595 0 0.00319202 0.00321151 0.00322774 0.00338471 0.0240035 0.0199263 0.0844475 0.0187292 0.011094 0.0106306 0.00948114 0.00960761 0.01068 0.0086777 0.0154625 0.010243 0.00986332 0.00958345 0.0366799 0.00970324 0.0759023 0.0102017 0.109399 0.0134629 0.0351416 0.0092651 0.00882188 0.0089459 0.0146578 0.00931509 0.036278 0.00932566 0.0451566 0.00961094 0.0384777 0.00934365 0.0120355 0.00860054 0.0147837 0.00876493 0.0113294 0.00859535 0.0100684 0.0119209 0.0139708 0.0206819 0.0118616 0.0304906 0.015076 0.0103456 0.0084267 0.0082898 0.00855186 0.00974076 0.0158945 0.00994669 0.00912668 0.00794731 0.00828139 0.00829473 0.00842797 0.00826025 0.00930113 0.00896762 0.0111293 0.00916217 0.0115102 0.00855222 0.00832405 0.00824495 
0.00855917 0.00879198 0.0103808 0.0101483 0.040169 0.0210792 0.0150681 0.0143261 0.00973361 0.00903594 0.012545 0.0474583 0.0221848 0.0148141 0.0108446 0.0961735 0.0509673 0.092013 0.0116847 0.00324007 0.00323438 0.00319202 0 0.003214 0.00322947 0.00333833 0.0192977 0.0454178 0.0797635 0.0439684 0.0118431 0.010684 0.00998179 0.00993657 0.00894796 0.0135549 0.0106631 0.0126915 0.0103717 0.014683 0.0115902 0.0417489 0.0126543 0.0626458 0.0172788 0.100978 0.0128146 0.0110924 0.00852444 0.0101423 0.0104655 0.022852 0.0108017 0.0331451 0.0115121 0.0388326 0.0119509 0.0228621 0.00913098 0.0104047 0.00999362 0.0122604 0.0100266 0.00903846 0.00996927 0.0190032 0.0195523 0.0185082 0.0377431 0.0233602 0.0296444 0.0122279 0.00861695 0.00821316 0.00862958 0.0156266 0.015988 0.01199 0.00901048 0.0079549 0.00826083 0.00863124 0.00842952 0.00908928 0.00851428 0.0132163 0.00959612 0.012373 0.00925356 0.0094719 0.00836715 0.00831258 
0.00928971 0.00951175 0.0106907 0.0150275 0.0110716 0.0108004 0.0111206 0.0154643 0.0130229 0.010279 0.0150724 0.0266757 0.0594047 0.0161236 0.0260896 0.0243508 0.0440851 0.0482981 0.0519466 0.00338144 0.00326197 0.00321151 0.003214 0 0.00323699 0.00394128 0.0166978 0.0364986 0.0456652 0.0837542 0.0409931 0.0131537 0.0212318 0.0119502 0.0106071 0.0105803 0.00975068 0.00932536 0.00970819 0.00963335 0.01223 0.0110508 0.0149385 0.0134581 0.0195281 0.01616 0.0310236 0.0115104 0.00916116 0.00956791 0.0101249 0.00997389 0.0120644 0.0103048 0.0138575 0.0114903 0.0114829 0.0102709 0.0120811 0.00873005 0.0106545 0.0126348 0.0127782 0.00927295 0.0116887 0.0109094 0.0119223 0.0153631 0.0134818 0.0162152 0.0150284 0.0129091 0.00906029 0.00836486 0.00893212 0.0096868 0.0126101 0.0122418 0.0104526 0.00813298 0.00837707 0.00882291 0.0085225 0.00844627 0.00935892 0.00915912 0.00953845 0.00944215 0.00912071 0.00868591 0.00840636 0.00827548 
0.0105296 0.0128439 0.0175717 0.00990357 0.00967943 0.00908339 0.0091087 0.0105387 0.0157207 0.0161372 0.0204202 0.0122695 0.0175478 0.0379659 0.0264292 0.0135959 0.0134545 0.0235629 0.0463783 0.00389504 0.00333749 0.00322774 0.00322947 0.00323699 0 0.0112561 0.0201494 0.0146069 0.0147505 0.0483467 0.0945235 0.0264975 0.0110377 0.0221555 0.0135608 0.00984122 0.00891567 0.00894646 0.00888491 0.00918244 0.00936119 0.010363 0.0100904 0.0117902 0.0104189 0.0114436 0.0136671 0.0194087 0.0110172 0.00909585 0.0088463 0.00931199 0.00929289 0.0096911 0.0095875 0.00996644 0.00903616 0.00935037 0.00913867 0.00926681 0.0161404 0.00988422 0.0140232 0.0128866 0.00929058 0.00900233 0.00963846 0.0105394 0.00979436 0.0100695 0.00994827 0.00969638 0.00921986 0.00927875 0.00836893 0.00874403 0.00932275 0.00955698 0.0114922 0.0088512 0.00910257 0.00850202 0.00903255 0.00969557 0.0088889 0.00878528 0.00860443 0.0087419 0.00873283 0.00847773 0.008388 0.00852163 
0.0211722 0.0337355 0.013842 0.00847695 0.00899393 0.00840078 0.00837077 0.0100515 0.0115069 0.0549752 0.0130614 0.00936237 0.00994244 0.0196717 0.0124472 0.0102493 0.00923875 0.0113018 0.0182609 0.00656651 0.00467673 0.00338471 0.00333833 0.00394128 0.0112561 0 0.0244417 0.0104747 0.0114859 0.0125447 0.0274213 0.0152862 0.0105025 0.0135519 0.0135697 0.0102508 0.0085106 0.00872571 0.00864652 0.00859343 0.00859315 0.0109766 0.00877123 0.011278 0.00865313 0.00900646 0.00977953 0.0141117 0.0116755 0.00881593 0.00837207 0.00879872 0.00836011 0.00920349 0.00832808 0.00953989 0.00828956 0.0087002 0.00861559 0.0102212 0.0092388 0.0119903 0.0133028 0.0106168 0.00822323 0.00816583 0.00831763 0.00824771 0.00832051 0.00824165 0.0082394 0.00834535 0.00976507 0.00873357 0.00813456 0.00810893 0.00813925 0.0081824 0.00843453 0.0124194 0.00853889 0.00811172 0.00847143 0.0118014 0.00815568 0.00822674 0.00804006 0.00829506 0.00808841 0.00833694 0.00821178 0.00959592 
0.00976784 0.00882646 0.00878162 0.00869742 0.00837784 0.00825079 0.00881118 0.00857011 0.011324 0.00940279 0.0115624 0.00903385 0.0101521 0.0117417 0.0353278 0.00988255 0.0106335 0.00961398 0.0232175 0.0627235 0.0256107 0.0240035 0.0192977 0.0166978 0.0201494 0.0244417 0 0.00341803 0.00318862 0.00322719 0.00351677 0.00427642 0.00468977 0.0112095 0.0124853 0.00779108 0.00860793 0.00737787 0.0118625 0.00833434 0.00995818 0.0131137 0.0151353 0.00974639 0.0118269 0.009062 0.011687 0.016876 0.0104715 0.009187 0.00900863 0.00867114 0.00979595 0.00925907 0.0100472 0.00894325 0.00966022 0.00894062 0.0104886 0.0101944 0.0133627 0.0110409 0.022939 0.00963429 0.0084299 0.00858222 0.0086272 0.00914017 0.00886458 0.00909432 0.00907566 0.00880846 0.0107456 0.00842008 0.00819989 0.00830796 0.00836689 0.00883665 0.00930788 0.00889842 0.00869117 0.0081478 0.00881859 0.00853881 0.00841164 0.00822006 0.00850678 0.00834779 0.00869622 0.00814158 0.00833558 0.00891474 
0.00837769 0.00842524 0.00878707 0.00916875 0.00909608 0.00876528 0.00886365 0.0108028 0.00873727 0.00851206 0.00950594 0.0171394 0.0123233 0.0102253 0.0107578 0.0383435 0.0112928 0.0257439 0.00987912 0.0119208 0.0575565 0.0199263 0.0454178 0.0364986 0.0146069 0.0104747 0.00341803 0 0.00321016 0.00324539 0.00327306 0.0040146 0.00772969 0.0173112 0.0126991 0.0121147 0.00723556 0.0121253 0.00799516 0.00900396 0.0146975 0.0208702 0.00970562 0.0222548 0.0100629 0.0264257 0.0166331 0.0104749 0.00871974 0.00945276 0.00892166 0.0107786 0.00905192 0.0125381 0.00969778 0.0112225 0.00943477 0.0114356 0.0100498 0.00931805 0.00976565 0.0190595 0.00990478 0.00939538 0.00934247 0.0093125 0.0108964 0.0113705 0.0121255 0.0116986 0.0129998 0.0108013 0.0090408 0.00819824 0.00907592 0.00909825 0.00982216 0.0117464 0.00866926 0.00811154 0.00820192 0.00844035 0.00829909 0.00878794 0.00839065 0.00922288 0.00856279 0.00895955 0.00863158 0.00848016 0.0082698 0.00849914 
0.00817125 0.00828577 0.00860011 0.00961322 0.0109466 0.0102442 0.0127386 0.00910123 0.00893069 0.00838143 0.010091 0.0214798 0.0164897 0.0096054 0.0126986 0.0150587 0.111792 0.0136726 0.0114352 0.0102245 0.0112426 0.0844475 0.0797635 0.0456652 0.0147505 0.0114859 0.00318862 0.00321016 0 0.00321457 0.00322628 0.0040964 0.0115992 0.0530749 0.00902717 0.00719042 0.0117462 0.00798125 0.0115194 0.00920767 0.0162354 0.0114638 0.0171517 0.0110367 0.0488557 0.0173976 0.0136143 0.00980283 0.00849147 0.00889156 0.0110006 0.00968579 0.0125401 0.0113275 0.0115102 0.0117072 0.0128302 0.0119034 0.00968099 0.00903354 0.0135845 0.0102886 0.0119589 0.00907518 0.0108292 0.0160058 0.0170947 0.022964 0.0209273 0.0311145 0.0276717 0.011213 0.00881659 0.00826773 0.00895636 0.0136738 0.0176896 0.0115538 0.00933916 0.00802391 0.00830623 0.00837914 0.00857383 0.0084502 0.00933203 0.0103055 0.0113136 0.0101694 0.0113076 0.0093115 0.00850945 0.0082976 
0.00818984 0.00843032 0.0086827 0.0101638 0.00977899 0.00962462 0.00947161 0.0103791 0.00879773 0.00860873 0.0100169 0.0176963 0.0229145 0.0114033 0.0115659 0.0461054 0.0170616 0.077295 0.0124748 0.00986768 0.0196922 0.0187292 0.0439684 0.0837542 0.0483467 0.0125447 0.00322719 0.00324539 0.00321457 0 0.00355783 0.0129798 0.0798664 0.00842463 0.00813344 0.0104003 0.0100774 0.00851104 0.0135879 0.0118579 0.0140214 0.00931987 0.0110616 0.0112349 0.0132101 0.0459115 0.0190353 0.0127081 0.00863405 0.00984499 0.00923786 0.00998696 0.0104283 0.0107554 0.0111824 0.0109713 0.0114203 0.0102842 0.0114089 0.00902505 0.00969569 0.0214517 0.0120432 0.00946916 0.0138327 0.0118661 0.0125174 0.0176348 0.0160849 0.0211618 0.0202233 0.0184488 0.00908246 0.00853677 0.00937254 0.0105452 0.0146068 0.0158723 0.0113565 0.00813514 0.00840975 0.00914632 0.00857921 0.008672 0.00907448 0.00973075 0.00925075 0.0096613 0.00981268 0.00874173 0.00836439 0.00809903 
0.009001 0.00971214 0.0108776 0.00864216 0.00873953 0.00861119 0.0085608 0.00885525 0.00969937 0.0099486 0.0118842 0.0102868 0.012607 0.0157993 0.0268072 0.0102288 0.011596 0.0123661 0.0342562 0.0124527 0.0107285 0.011094 0.0118431 0.0409931 0.0945235 0.0274213 0.00351677 0.00327306 0.00322628 0.00355783 0 0.0884517 0.00443364 0.00363188 0.0105469 0.0068225 0.00673171 0.006906 0.00896708 0.00727489 0.00759522 0.00820054 0.00944434 0.00950233 0.00965943 0.00990846 0.0187765 0.0135163 0.0106347 0.00940679 0.00885669 0.00921474 0.00928958 0.0101423 0.00968173 0.00986062 0.00894452 0.00961056 0.00923878 0.00923526 0.0112739 0.0109203 0.0187403 0.0133025 0.00931961 0.00937054 0.0103872 0.0108271 0.0105422 0.0107251 0.0106723 0.0101069 0.0104269 0.00894798 0.00866731 0.00913472 0.00991258 0.0103043 0.012512 0.00886552 0.00873039 0.00860961 0.00934985 0.00958297 0.00841559 0.00882307 0.00859042 0.00881742 0.00851335 0.00845384 0.00853095 0.00840111 
0.0107204 0.00927186 0.00873805 0.00839422 0.00880938 0.00844646 0.0085607 0.0090248 0.012724 0.0107683 0.00946779 0.00924682 0.010803 0.0176695 0.0102763 0.00979196 0.0101217 0.0118897 0.0190549 0.0123068 0.0106222 0.0106306 0.010684 0.0131537 0.0264975 0.0152862 0.00427642 0.0040146 0.0040964 0.0129798 0.0884517 0 0.00436902 0.00377359 0.00655498 0.00760793 0.0277297 0.0333209 0.00855778 0.00720555 0.00690513 0.00806171 0.00850134 0.00990598 0.0102568 0.00915188 0.0122376 0.0255841 0.00903421 0.00892863 0.00872331 0.00901074 0.00899969 0.010534 0.00914189 0.00946511 0.00905715 0.0092654 0.0104661 0.0142718 0.0112851 0.0111665 0.0281875 0.00944866 0.00870709 0.00902336 0.00901691 0.00924255 0.00955174 0.00968286 0.00958139 0.0107078 0.0158746 0.0084192 0.00836179 0.00880792 0.00876815 0.00968508 0.011397 0.00973936 0.00867249 0.00827946 0.0106354 0.00880681 0.00826446 0.00875376 0.00844282 0.00871933 0.00853381 0.00848689 0.00870951 0.010951 
0.00834409 0.00826277 0.00828845 0.00853917 0.00844717 0.00822673 0.00828542 0.0086679 0.00838982 0.00836829 0.0085726 0.0105901 0.0106109 0.00904771 0.00942526 0.0101705 0.00977734 0.0130147 0.00949763 0.0092361 0.0111666 0.00948114 0.00998179 0.0212318 0.0110377 0.0105025 0.00468977 0.00772969 0.0115992 0.0798664 0.00443364 0.00436902 0 0.00325993 0.00650307 0.0396845 0.022829 0.00636127 0.00611717 0.00613865 0.00655374 0.00712623 0.00775811 0.00868102 0.00914876 0.00908875 0.0121447 0.00991077 0.00834768 0.00877335 0.00832581 0.0087842 0.00891854 0.00919172 0.0090104 0.00910061 0.00969062 0.00902403 0.010121 0.00871558 0.00911696 0.0274946 0.00979332 0.00897091 0.00989619 0.00879571 0.00896545 0.00940982 0.00902849 0.00943111 0.00969326 0.0107144 0.00862759 0.00816542 0.00870166 0.00849567 0.00909039 0.0101453 0.00867665 0.0082719 0.00815638 0.00896167 0.00824816 0.00835174 0.0084645 0.00847914 0.00826742 0.00855117 0.00843875 0.0084435 0.00828445 0.00821576 
0.00869645 0.00975618 0.0102861 0.00853726 0.00841055 0.00823891 0.00825913 0.00835316 0.00887776 0.00934214 0.0125275 0.00904787 0.00920465 0.00981703 0.0142271 0.0102323 0.00943648 0.00957057 0.0111985 0.0176054 0.00926431 0.00960761 0.00993657 0.0119502 0.0221555 0.0135519 0.0112095 0.0173112 0.0530749 0.00842463 0.00363188 0.00377359 0.00325993 0 0.0719629 0.024941 0.00436798 0.0045462 0.00478018 0.00511826 0.00608943 0.00650246 0.00748263 0.00694565 0.00732498 0.00802016 0.00874495 0.00874253 0.0123152 0.00895239 0.00848171 0.00856294 0.00912249 0.008658 0.00951671 0.00877923 0.00927852 0.00887205 0.0098234 0.00913703 0.019694 0.00961588 0.0161001 0.0155049 0.00906686 0.00882603 0.00914186 0.00955813 0.0092558 0.00985327 0.0092771 0.008828 0.00869597 0.0101759 0.00837852 0.00853139 0.00902964 0.0089278 0.00972297 0.00928267 0.00950252 0.0083353 0.00858157 0.00984994 0.0084541 0.00842002 0.008387 0.00847703 0.00841789 0.00837778 0.00824942 0.00828721 
0.00989927 0.00852459 0.00821557 0.00911398 0.00807554 0.00821368 0.00882111 0.00818329 0.011615 0.00944711 0.0103471 0.00839688 0.00907392 0.0100254 0.0120036 0.00861618 0.00966627 0.00876281 0.0237139 0.0188094 0.00888165 0.01068 0.00894796 0.0106071 0.0135608 0.0135697 0.0124853 0.0126991 0.00902717 0.00813344 0.0105469 0.00655498 0.00650307 0.0719629 0 0.00321145 0.00323472 0.00326118 0.00339654 0.00394965 0.00371612 0.00381834 0.00875568 0.00477949 0.00821804 0.0059382 0.00870362 0.00943014 0.00790353 0.00741498 0.00828214 0.00750871 0.012656 0.00776709 0.0140532 0.00790169 0.0120531 0.00816577 0.0148431 0.0112964 0.0221046 0.00934723 0.0528451 0.00941951 0.00876196 0.00843227 0.00870022 0.0094065 0.00866792 0.0096822 0.00885481 0.00932846 0.0131476 0.00896559 0.00819736 0.00834359 0.00847997 0.00848921 0.00946598 0.0093429 0.00933245 0.00808377 0.0104148 0.008258 0.00949456 0.00813656 0.00931103 0.00808574 0.00984631 0.00807583 0.00908577 0.00964973 
0.00836594 0.0099198 0.00923546 0.00811959 0.00969389 0.00823004 0.00826749 0.0103792 0.00824145 0.00832834 0.00835182 0.00977388 0.00870916 0.00994216 0.00850037 0.0118137 0.008916 0.021278 0.00869511 0.00900342 0.0208848 0.0086777 0.0135549 0.0105803 0.00984122 0.0102508 0.00779108 0.0121147 0.00719042 0.0104003 0.0068225 0.00760793 0.0396845 0.024941 0.00321145 0 0.00318778 0.00325096 0.00328325 0.00324729 0.00326174 0.00606504 0.00362904 0.0102954 0.00450075 0.00900309 0.00731982 0.00809855 0.00644403 0.00741268 0.00726529 0.0133031 0.00769307 0.0206825 0.00771289 0.0160858 0.00794614 0.0166641 0.00841511 0.0254641 0.00857111 0.0712086 0.00855282 0.00977748 0.00861286 0.0091986 0.00968244 0.00928166 0.0121311 0.00902563 0.0119239 0.0093674 0.00970952 0.00815809 0.00849073 0.00889482 0.00886678 0.0108782 0.00877353 0.0085253 0.00808969 0.00902665 0.00827261 0.0111159 0.00816181 0.011886 0.00823527 0.012099 0.00836332 0.0103331 0.00827474 0.00889317 
0.0080476 0.00807288 0.00808003 0.00852501 0.00829061 0.0082375 0.0088129 0.00816721 0.00838431 0.00808078 0.00838357 0.00894351 0.00939587 0.00836924 0.00889046 0.00866669 0.0137831 0.008656 0.0093429 0.00932468 0.0085684 0.0154625 0.0106631 0.00975068 0.00891567 0.0085106 0.00860793 0.00723556 0.0117462 0.0100774 0.00673171 0.0277297 0.022829 0.00436798 0.00323472 0.00318778 0 0.00318891 0.00318636 0.00320407 0.00332341 0.00333717 0.00466316 0.00369471 0.00678955 0.00551328 0.00597173 0.00559461 0.00620302 0.00676171 0.00860082 0.00738932 0.011333 0.00761837 0.0118698 0.00775437 0.0154824 0.008172 0.0254277 0.0161386 0.023521 0.0081408 0.0096726 0.00855307 0.00892718 0.00898546 0.00931104 0.0114938 0.00907997 0.015172 0.0108046 0.00912341 0.00838779 0.00815108 0.00838871 0.00886795 0.0102595 0.00900594 0.00854452 0.00803667 0.00824384 0.00807896 0.00827215 0.00817089 0.00896501 0.0082917 0.0108164 0.00841944 0.0113275 0.00830668 0.00841482 0.00814235 
0.00803639 0.00809355 0.00821686 0.00809872 0.00840621 0.00826398 0.00826768 0.00831808 0.00814388 0.00801029 0.00819109 0.0093564 0.00854736 0.00853474 0.00843144 0.00998118 0.00922866 0.00916804 0.00874325 0.0089684 0.00969021 0.010243 0.0126915 0.00932536 0.00894646 0.00872571 0.00737787 0.0121253 0.00798125 0.00851104 0.006906 0.0333209 0.00636127 0.0045462 0.00326118 0.00325096 0.00318891 0 0.00315546 0.00321505 0.00323575 0.0035393 0.00352989 0.0039353 0.00462109 0.00431718 0.00501072 0.00551006 0.00594146 0.00681435 0.00747074 0.00811271 0.00750664 0.00862227 0.0080123 0.0100748 0.00875844 0.0143713 0.0415467 0.101836 0.00832549 0.00857182 0.00849371 0.00871251 0.0086427 0.00906772 0.00957591 0.00971105 0.0108887 0.0107102 0.0105311 0.00875635 0.00841346 0.00811168 0.00821347 0.00932565 0.0095054 0.0088596 0.00834059 0.00806296 0.00807437 0.00818463 0.00809393 0.00878338 0.00814685 0.00936369 0.00835852 0.0101237 0.00845512 0.00865321 0.00813485 0.00829916 
0.00808692 0.00830856 0.00831583 0.00813839 0.00841154 0.00825562 0.00824202 0.00874567 0.00814226 0.00806765 0.00818669 0.00884112 0.00872012 0.00845966 0.00850274 0.00877963 0.00960449 0.00881829 0.0089174 0.00924985 0.00979401 0.00986332 0.0103717 0.00970819 0.00888491 0.00864652 0.0118625 0.00799516 0.0115194 0.0135879 0.00896708 0.00855778 0.00611717 0.00478018 0.00339654 0.00328325 0.00318636 0.00315546 0 0.00317087 0.00319678 0.00328759 0.00332889 0.00401961 0.00356906 0.00445922 0.00451061 0.00470752 0.00741444 0.00745763 0.0081858 0.00730075 0.00760513 0.00821979 0.0083296 0.00891459 0.0181289 0.0498886 0.205957 0.0102853 0.00879695 0.00867822 0.00852239 0.00894081 0.00866519 0.00899187 0.00935108 0.00975145 0.0105242 0.0105724 0.00989388 0.00885317 0.00868553 0.00818853 0.00845366 0.00916904 0.00884525 0.0087944 0.00841802 0.00820351 0.00816553 0.0080547 0.00814431 0.00869005 0.00827175 0.00855664 0.00885983 0.00854887 0.00932515 0.00838317 0.00822818 0.00823032 
