11ASB
AYIAKQRQISFVKSHFSRQLEERLGLIEVQAPILSRVGDGTQDNLSGAEKAVQVKVKALPDAQFEVVHSLAKWKRQTLGQHDFSAGEGLYTHMKALRPDEDRLSPLHSVYVDQWDWERVMGDGERQFSTLKSTVEAIWAGIKATEAAVSEEFGLAPFLPDQIHFVHSQELLSRYPDLDAKGRERAIAKDLGAVFLVGIGGKLSDGHRHDVRAPDYDDWSTPSELGHAGLNGDILVWNPVLEDAFELSSMGIRVDADTLKHQLALTGDEDRLELEWHQALLRGEMPQTIGGGIGQSRLTMLLLQLPHIGQVQAGVWPAAVRESVPSLL
CHHHHHHHHHHHHHHHHHHHHHCCCEEECCCCCEEECCCCCCCCCCCCCCCCCCCCCCCCCCCEEECCCCCCHHHHHHHHCCCCCCCEEEEEEEEECCCCCCCCCCCCCEEEEEEEEEECCCCCCCHHHHHHHHHHHHHHHHHHHHHHHHHHCCCCCCCCCCEEEEHHHHHHHCCCCCHHHHHHHHHHHHCEEEEECCCCCCCCCCCCCCCCCCCECCCCECCCCCECCEEEEEEEECCCCEEEECEEEEEECCHHHHHHHHHHHCCHHHHHCHHHHHHHCCCCCCEEEEEEEHHHHHHHHCCCCCHHHCCCCCCCHHHHCCCCCCC
0 0 0 0 0 0 0 0 0 0 0 0 0 0 0 0 0 0 0 0 0 0 0 0 0 0 0 0 0 0 0 0 0 0 0 0 0 0 0 0 0 0 0 0 0 0 0 0 0 0 0 0 0 0 0 0 0 0 0 0 0 0 0 0 0 0 0 0 0 0 0 0 0 0 0 0 0 0 0 0 0 0 0 0 0 0 0 0 0 0 0 0 0 0 0 0 0 0 0 0 0 0 0 0 0 0 0 0 0 0 0 0 0 0 0 0 0 0 0 0 0 0 0 0 0 0 0 0 0 0 0 0 0 0 0 0 0 0 0 0 0 0 0 0 0 0 0 0 0 0 0 0 0 0 0 0 0 0 0 0 0 0 0 0 0 0 0 0 0 0 0 0 0 0 0 0 0 0 0 0 0 0 0 0 0 0 0 0 0 0 0 0 0 0 0 0 0 0 0 0 0 0 0 0 0 0 0 0 0 0 0 0 0 0 0 0 0 0 0 0 0 0 0 0 0 0 0 0 0 0 0 0 0 0 0 0 0 0 0 0 0 0 0 0 0 0 0 0 0 0 0 0 0 0 0 0 0 0 0 0 0 0 0 0 0 0 0 0 0 0 0 0 0 0 0 0 0 0 0 0 0 0 0 0 0 0 0 0 0 0 0 0 0 0 0 0 0 0 0 0 0 0 0 0 0 0 0 0 0 0 0 0 0 0 0 0 0 0 0 0 0 0 0 0 0 0 0 
0 0 0 0 0 0 0 0 0 0 0 0 0 0 0 0 0 0 0 0 0 0 0 0 0 0 0 0 0 0 0 0 0 0 0 0 0 0 0 0 0 0 0 0 0 0 0 0 0 0 0 0 0 0 0 0 0 0 0 0 0 0 0 0 0 0 0 0 0 0 0 0 0 0 0 0 0 0 0 0 0 0 0 0 0 0 0 0 0 0 0 0 0 0 0 0 0 0 0 0 0 0 0 0 0 0 0 0 0 0 0 0 0 0 0 0 0 0 0 0 0 0 0 0 0 0 0 0 0 0 0 0 0 0 0 0 0 0 0 0 0 0 0 0 0 0 0 0 0 0 0 0 0 0 0 0 0 0 0 0 0 0 0 0 0 0 0 0 0 0 0 0 0 0 0 0 0 0 0 0 0 0 0 0 0 0 0 0 0 0 0 0 0 0 0 0 0 0 0 0 0 0 0 0 0 0 0 0 0 0 0 0 0 0 0 0 0 0 0 0 0 0 0 0 0 0 0 0 0 0 0 0 0 0 0 0 0 0 0 0 0 0 0 0 0 0 0 0 0 0 0 0 0 0 0 0 0 0 0 0 0 0 0 0 0 0 0 0 0 0 0 0 0 0 0 0 0 0 0 0 0 0 0 0 0 0 0 0 0 0 0 0 0 0 0 0 0 0 0 0 0 0 0 0 0 0 0 0 0 0 0 0 0 0 0 0 0 0 0 0 0 0 0 0 0 0 0 
0 0.00425357 0.00403996 0.00860321 0.0139375 0.0870115 0.0249588 0.01199 0.0236336 0.0106332 0.00895416 0.00912827 0.00890359 0.00882694 0.00927905 0.00983788 0.00977412 0.0189244 0.0104889 0.00918539 0.00881891 0.00927718 0.00876224 0.00862095 0.00873136 0.00908056 0.00879133 0.0104065 0.00868737 0.00852192 0.00828318 0.00900815 0.00850404 0.00845449 0.00866763 0.00858266 0.00897652 0.00828499 0.00853919 0.0085132 0.00821636 0.00828956 0.00831593 0.00846118 0.00849118 0.00839498 0.00842719 0.00831989 0.00831044 0.0083655 0.00833549 0.00841427 0.00828073 0.00831051 0.00842545 0.00841407 0.00840774 0.00861457 0.00851976 0.00847297 0.00839265 0.00842629 0.00842237 0.00842846 0.00856843 
0.00425357 0 0.00381384 0.00792355 0.12325 0.00856024 0.0226911 0.0641005 0.0122414 0.00914191 0.0130294 0.00875616 0.00963705 0.00856205 0.0108962 0.0088175 0.0201672 0.0101313 0.00893048 0.0112615 0.0088926 0.00910198 0.00918673 0.00864122 0.00918528 0.00893523 0.00990696 0.00886223 0.00832553 0.00883788 0.00853942 0.0083449 0.00824727 0.00849614 0.00857701 0.00890987 0.00866128 0.00823401 0.00823179 0.00823425 0.00821135 0.00838801 0.0083334 0.00846478 0.00858233 0.00844533 0.00834965 0.00819883 0.00829885 0.00838132 0.0083768 0.00828365 0.00812544 0.0085952 0.00839239 0.00839315 0.00846992 0.00839806 0.00844893 0.00866358 0.00855721 0.00859682 0.00861927 0.0086189 0.00835789 
0.00403996 0.00381384 0 0.0749747 0.00708893 0.00884969 0.0158874 0.0159566 0.0167216 0.0155385 0.00996135 0.0114821 0.0088918 0.0111137 0.00914403 0.01415 0.0107395 0.0165899 0.0214808 0.00887105 0.0102404 0.00912174 0.00903758 0.00972376 0.00874017 0.0103211 0.00919718 0.00988746 0.0126903 0.00854856 0.0084245 0.00910594 0.00933289 0.00862118 0.00884553 0.00845951 0.00841881 0.00826431 0.00838401 0.00848941 0.00875208 0.00819774 0.00829403 0.0084034 0.0084886 0.00831812 0.00821074 0.00819834 0.00833787 0.00823829 0.00824035 0.00839156 0.00849428 0.00833097 0.00819354 0.00833498 0.00823803 0.00837028 0.00884271 0.00841981 0.00834537 0.00833143 0.00836979 0.00839027 0.00836825 
0.00860321 0.00792355 0.0749747 0 0.00382219 0.00399433 0.0940705 0.0155292 0.142483 0.0105788 0.00921641 0.00983593 0.00949889 0.00916004 0.0103518 0.010562 0.0114424 0.0251642 0.012411 0.00950258 0.0100432 0.00960203 0.00960795 0.00885033 0.0092801 0.00941854 0.00929658 0.0133825 0.0086085 0.00847794 0.00842618 0.0101192 0.00825443 0.00835618 0.00919635 0.00860605 0.00893811 0.00817018 0.00841793 0.0083446 0.00813026 0.0082287 0.00826324 0.00837304 0.00852615 0.00830843 0.00823326 0.00830506 0.00810343 0.00819755 0.0082163 0.00822829 0.00817158 0.00820161 0.00823847 0.00823893 0.00834329 0.00843878 0.00827893 0.00836631 0.00827176 0.00834794 0.00829091 0.00832376 0.0083808 
0.0139375 0.12325 0.00708893 0.00382219 0 0.0038984 0.0181881 0.486529 0.0137733 0.0101674 0.0126996 0.00885906 0.00936203 0.00890766 0.00930366 0.00911302 0.0201915 0.00940285 0.0104708 0.010266 0.00925757 0.00935512 0.00898803 0.00890283 0.00909162 0.00897231 0.010225 0.00887586 0.0084515 0.00882221 0.00896501 0.00829977 0.00840073 0.00858535 0.00869316 0.00862259 0.00836637 0.00821548 0.00817342 0.00819241 0.00820995 0.00848472 0.00834293 0.00847998 0.00845832 0.00841564 0.00824534 0.00816845 0.00825855 0.00832278 0.00829611 0.00823264 0.0081068 0.00851551 0.00832847 0.00835863 0.00835298 0.00824512 0.00847556 0.00852251 0.00840279 0.00842123 0.00847538 0.00850927 0.00829492 
0.0870115 0.00856024 0.00884969 0.00399433 0.0038984 0 0.117218 0.0130764 0.169142 0.0161105 0.0106387 0.00931108 0.00868658 0.00877044 0.00911043 0.0106104 0.00889155 0.0108069 0.0158016 0.00875046 0.00866962 0.0086727 0.00854579 0.00864496 0.00847653 0.00873789 0.00843439 0.0088375 0.0100073 0.00832734 0.00831172 0.00826142 0.00932297 0.00855081 0.00861374 0.0082929 0.00834136 0.00832017 0.0083019 0.00860455 0.00843486 0.0082257 0.00823891 0.00834636 0.008295 0.00828676 0.00821107 0.00815974 0.00826188 0.00826782 0.00827289 0.00828788 0.00845129 0.00822277 0.00819896 0.00827035 0.00820548 0.00822336 0.00849742 0.0083002 0.00830027 0.00835115 0.00837729 0.00823993 0.00824891 
0.0249588 0.0226911 0.0158874 0.0940705 0.0181881 0.117218 0 0.00388046 0.00387253 0.124961 0.0141545 0.0143054 0.014862 0.00929812 0.0189509 0.0114557 0.0136309 0.0608751 0.0153643 0.0170053 0.010805 0.0104801 0.0120859 0.00878362 0.0108867 0.0112664 0.010168 0.0208352 0.0089819 0.00928939 0.00916263 0.0122523 0.00926062 0.00884626 0.0095019 0.00909706 0.0113751 0.00830123 0.00880476 0.00878166 0.00819752 0.00860769 0.00830797 0.00870877 0.00881318 0.00854532 0.00830944 0.00878605 0.00825335 0.00816592 0.00847836 0.00827827 0.00815896 0.00830714 0.00849599 0.00827459 0.00851074 0.00852839 0.00822176 0.00834996 0.00829795 0.00830477 0.00833341 0.00829832 0.00838197 
0.01199 0.0641005 0.0159566 0.0155292 0.486529 0.0130764 0.00388046 0 0.00383313 0.0238097 0.104617 0.0192823 0.0138087 0.0179663 0.0102213 0.0169573 0.0503783 0.0113461 0.0193076 0.0185656 0.0139733 0.011794 0.0102601 0.012791 0.00979104 0.0117877 0.0197023 0.0100863 0.00990555 0.00943403 0.010849 0.00890556 0.0087572 0.00961893 0.00972353 0.00986893 0.00912645 0.00826861 0.00819147 0.00817043 0.00827384 0.00837206 0.00861894 0.00872331 0.00889421 0.00862371 0.00855545 0.00815755 0.00818347 0.00835148 0.0084044 0.00844482 0.00815699 0.00850803 0.00838868 0.00854085 0.00838021 0.00835843 0.00836388 0.0084901 0.00879569 0.00836729 0.0083845 0.00839468 0.00826288 
0.0236336 0.0122414 0.0167216 0.142483 0.0137733 0.169142 0.00387253 0.00383313 0 0.0318036 0.0165079 0.0406775 0.0176289 0.0135556 0.0189639 0.0189919 0.0297616 0.0982344 0.0210287 0.014767 0.0120642 0.0117261 0.0126208 0.0107716 0.0119811 0.0111623 0.0111553 0.0275832 0.0109584 0.0101193 0.0099709 0.0102572 0.0106161 0.00922816 0.0104908 0.00955591 0.0106767 0.00844318 0.00826917 0.00863934 0.00904277 0.00830216 0.00862342 0.00898109 0.00908312 0.00898219 0.00831938 0.00825747 0.00823951 0.00825718 0.00825379 0.00828873 0.00836775 0.00862039 0.0082612 0.00838471 0.00830348 0.00835399 0.00846377 0.00833233 0.00830352 0.00828027 0.00836011 0.00822658 0.00827786 
0.0106332 0.00914191 0.0155385 0.0105788 0.0101674 0.0161105 0.124961 0.0238097 0.0318036 0 0.00415356 0.00386405 0.00377824 0.00401151 0.00383496 0.0045052 0.00471023 0.0136572 0.0328754 0.0108287 0.00946666 0.00942191 0.00968406 0.00915206 0.00908812 0.0114147 0.246295 0.0245616 0.010092 0.00910845 0.00933361 0.0128518 0.00867872 0.00865155 0.00928975 0.00949115 0.0111409 0.00836838 0.00921542 0.0086344 0.00824208 0.00820043 0.00832321 0.00833677 0.00859858 0.00830444 0.00893724 0.00889891 0.00820788 0.00812384 0.00819225 0.00838796 0.00811871 0.00818623 0.00850102 0.0082493 0.0086053 0.0089102 0.0081503 0.00816884 0.00818267 0.0082123 0.00820696 0.00821383 0.0083088 
0.00895416 0.0130294 0.00996135 0.00921641 0.0126996 0.0106387 0.0141545 0.104617 0.0165079 0.00415356 0 0.0037618 0.00376095 0.00380181 0.00372434 0.00392007 0.0049641 0.00510801 0.0131449 0.0247721 0.00996897 0.0124557 0.0105007 0.0103083 0.0141216 0.357814 0.0338138 0.0113582 0.00902224 0.0111208 0.0120589 0.00997423 0.00854635 0.0104742 0.0129869 0.0129163 0.00995985 0.00824831 0.00818839 0.00811153 0.00824967 0.00852892 0.00863249 0.0092655 0.00961133 0.00924826 0.0087559 0.00840512 0.0081677 0.00836153 0.00846027 0.00827093 0.0081557 0.0084571 0.00846617 0.00859494 0.0086361 0.0085109 0.00821333 0.00840883 0.00835674 0.00840145 0.00841071 0.00842041 0.00820208 
0.00912827 0.00875616 0.0114821 0.00983593 0.00885906 0.00931108 0.0143054 0.0192823 0.0406775 0.00386405 0.0037618 0 0.003745 0.00377333 0.00377768 0.00387955 0.00384142 0.00394305 0.0147113 0.00996744 0.0244493 0.0128243 0.0217186 0.0261129 0.400364 0.027857 0.0132778 0.0106167 0.00939317 0.0114455 0.0112028 0.0100859 0.00893577 0.0106392 0.0208987 0.0123093 0.00997142 0.00825364 0.00809933 0.00814078 0.0084119 0.00857159 0.00938694 0.0102444 0.0114931 0.0100944 0.00901574 0.00826812 0.00818987 0.00839674 0.00854675 0.00889639 0.00825091 0.00854307 0.00876999 0.00905105 0.00880967 0.00834893 0.00822713 0.00838318 0.00845146 0.00838909 0.0084155 0.00831329 0.0081584 
0.00890359 0.00963705 0.0088918 0.00949889 0.00936203 0.00868658 0.014862 0.0138087 0.0176289 0.00377824 0.00376095 0.003745 0 0.00375958 0.00381764 0.00378483 0.00381739 0.00385789 0.00982636 0.0181478 0.00984751 0.0216571 0.0283547 0.406853 0.0185337 0.0149048 0.0121646 0.0105045 0.0088206 0.0136678 0.0103877 0.00944118 0.00893138 0.0106874 0.0162604 0.0121781 0.00915983 0.00822325 0.00804693 0.00806566 0.00825837 0.00888468 0.00881631 0.0110776 0.0100239 0.0101903 0.00862496 0.00825162 0.00819667 0.00841572 0.00843663 0.00829425 0.00821191 0.00853158 0.00915237 0.00935147 0.00884367 0.00827744 0.00825192 0.00848449 0.0084089 0.00858343 0.00844402 0.00831042 0.00816402 
0.00882694 0.00856205 0.0111137 0.00916004 0.00890766 0.00877044 0.00929812 0.0179663 0.0135556 0.00401151 0.00380181 0.00377333 0.00375958 0 0.00375992 0.00379857 0.00376563 0.00377106 0.0114312 0.00827381 0.0199421 0.0157626 0.436619 0.0198171 0.0121168 0.0139207 0.011292 0.0092709 0.0104826 0.0100209 0.0117689 0.00924834 0.00891188 0.0105979 0.018115 0.0126666 0.00939729 0.00828869 0.00806079 0.0081027 0.00841664 0.00841987 0.0104441 0.00940102 0.0123008 0.00997047 0.00860136 0.00822413 0.00819004 0.00839265 0.00830753 0.00854011 0.00824852 0.00854093 0.0088189 0.010396 0.0087972 0.00855132 0.00825462 0.00831473 0.00859528 0.00836667 0.00842193 0.00829758 0.0081521 
0.00927905 0.0108962 0.00914403 0.0103518 0.00930366 0.00911043 0.0189509 0.0102213 0.0189639 0.00383496 0.00372434 0.00377768 0.00381764 0.00375992 0 0.00374685 0.00377794 0.00376446 0.00915546 0.0188288 0.0101161 0.503205 0.0140732 0.0112245 0.0145966 0.0116808 0.0105537 0.0108787 0.00871104 0.0168278 0.0106683 0.00977685 0.00886953 0.0115058 0.0180027 0.0127317 0.00989091 0.00824636 0.00804562 0.00807365 0.00831432 0.00916303 0.00885827 0.0122362 0.0103727 0.0110624 0.00873436 0.00832414 0.00819856 0.00846874 0.00866166 0.00825198 0.00824418 0.00857642 0.00893907 0.00951153 0.00891204 0.00823512 0.00824166 0.00855114 0.00840374 0.00877838 0.00846195 0.00837375 0.00822231 
0.00983788 0.0088175 0.01415 0.010562 0.00911302 0.0106104 0.0114557 0.0169573 0.0189919 0.0045052 0.00392007 0.00387955 0.00378483 0.00379857 0.00374685 0 0.00378003 0.00375975 0.0220328 0.0128177 0.679609 0.0164597 0.0199004 0.0158983 0.01297 0.0144114 0.0139215 0.0115944 0.0120503 0.0141705 0.0124414 0.0109014 0.00947963 0.0133624 0.0220982 0.0139317 0.00968528 0.00829105 0.00809735 0.00812213 0.0089593 0.00896855 0.0105176 0.00974734 0.0127459 0.00980709 0.0092338 0.00841026 0.00826519 0.00842583 0.00847138 0.00845752 0.00834805 0.0085327 0.00939828 0.0104171 0.00876061 0.0084404 0.00832308 0.00841272 0.00891358 0.00845516 0.00853788 0.0083845 0.00823341 
0.00977412 0.0201672 0.0107395 0.0114424 0.0201915 0.00889155 0.0136309 0.0503783 0.0297616 0.00471023 0.0049641 0.00384142 0.00381739 0.00376563 0.00377794 0.00378003 0 0.00386622 0.0150409 0.724311 0.0120323 0.0324598 0.0154398 0.0135467 0.0104742 0.0178418 0.0287832 0.0144731 0.010032 0.0240173 0.0202009 0.0104872 0.00992751 0.0161311 0.0182515 0.0218715 0.0115573 0.00826722 0.00808298 0.00818203 0.00892075 0.00955281 0.00926176 0.0111352 0.010227 0.0109657 0.0091397 0.00830559 0.00823977 0.00849571 0.00865464 0.00843707 0.00827494 0.0090138 0.00913326 0.0093395 0.00892858 0.0084259 0.00836829 0.00866062 0.00851787 0.00883972 0.0085496 0.00837964 0.00822441 
0.0189244 0.0101313 0.0165899 0.0251642 0.00940285 0.0108069 0.0608751 0.0113461 0.0982344 0.0136572 0.00510801 0.00394305 0.00385789 0.00377106 0.00376446 0.00375975 0.00386622 0 0.615636 0.0286203 0.016627 0.0224286 0.0149089 0.00997481 0.0126785 0.0127997 0.0141196 0.0566028 0.0134949 0.0110398 0.0127175 0.0138809 0.0150612 0.0106364 0.0117631 0.0118917 0.0181715 0.00956617 0.00850381 0.00913664 0.0118413 0.00865039 0.00882246 0.00925428 0.00985459 0.00940538 0.00853103 0.0082976 0.00846069 0.0083476 0.00842534 0.00866087 0.00924459 0.00869256 0.0089559 0.00885127 0.00860652 0.00847068 0.00903277 0.00828213 0.00843036 0.00834832 0.00841073 0.00819693 0.00827985 
0.0104889 0.00893048 0.0214808 0.012411 0.0104708 0.0158016 0.0153643 0.0193076 0.0210287 0.0328754 0.0131449 0.0147113 0.00982636 0.0114312 0.00915546 0.0220328 0.0150409 0.615636 0 0.00396482 0.00376161 0.00375952 0.00377619 0.00384266 0.00395577 0.00460012 0.00626356 0.0157368 0.102572 0.012471 0.0138093 0.0250845 0.0137178 0.0129478 0.0162888 0.0139381 0.0166386 0.00944984 0.0100105 0.0099285 0.00931937 0.00854036 0.00899466 0.00999003 0.0105519 0.00976487 0.00937187 0.0098517 0.00842857 0.00838258 0.00848693 0.0103456 0.00851599 0.00858383 0.00858662 0.00900293 0.00871606 0.0117084 0.00855695 0.00828848 0.00841915 0.00846847 0.00828634 0.00830983 0.00864125 
0.00918539 0.0112615 0.00887105 0.00950258 0.010266 0.00875046 0.0170053 0.0185656 0.014767 0.0108287 0.0247721 0.00996744 0.0181478 0.00827381 0.0188288 0.0128177 0.724311 0.0286203 0.00396482 0 0.00376272 0.00375377 0.00374835 0.00372061 0.00604761 0.00416735 0.0058605 0.00667316 0.0134107 0.0735887 0.0202823 0.0117317 0.0109036 0.0200202 0.0293706 0.0228983 0.0131986 0.00827678 0.00813848 0.00815032 0.00843888 0.0109861 0.00978161 0.0141574 0.0146348 0.0118819 0.00980243 0.00851904 0.0082375 0.00849943 0.00939522 0.00842762 0.00835074 0.00879381 0.00980753 0.010101 0.0131881 0.00865343 0.00820061 0.00858548 0.00861955 0.00864449 0.0086144 0.00880613 0.00817763 
0.00881891 0.0088926 0.0102404 0.0100432 0.00925757 0.00866962 0.010805 0.0139733 0.0120642 0.00946666 0.00996897 0.0244493 0.00984751 0.0199421 0.0101161 0.679609 0.0120323 0.016627 0.00376161 0.00376272 0 0.00374313 0.00373879 0.00375824 0.00376417 0.00519037 0.00385262 0.00412449 0.0244957 0.0275999 0.0258893 0.0125869 0.0100607 0.0203418 0.0524413 0.020789 0.0112457 0.00841187 0.00807309 0.00811536 0.00891036 0.00926949 0.0145626 0.0152998 0.0191705 0.0173982 0.00932988 0.00844962 0.00828176 0.00862879 0.00872212 0.0093254 0.00856036 0.00929713 0.00982948 0.0147246 0.00969531 0.00902494 0.00845365 0.00869001 0.00906383 0.00907975 0.00923971 0.00860496 0.00824662 
0.00927718 0.00910198 0.00912174 0.00960203 0.00935512 0.0086727 0.0104801 0.011794 0.0117261 0.00942191 0.0124557 0.0128243 0.0216571 0.0157626 0.503205 0.0164597 0.0324598 0.0224286 0.00375952 0.00375377 0.00374313 0 0.00374205 0.00375466 0.00374481 0.00403166 0.00495142 0.0040084 0.0249918 0.0346981 0.0159704 0.0115741 0.00977053 0.0200255 0.0502927 0.0227521 0.0104314 0.00831702 0.00807555 0.0081211 0.00893143 0.0100698 0.0142076 0.0168277 0.0243536 0.0191736 0.0101644 0.00851197 0.00826988 0.00865585 0.00883425 0.00879129 0.00855917 0.00917619 0.0112052 0.0130585 0.0103892 0.0086693 0.00837202 0.00881057 0.00917915 0.00924425 0.00924858 0.0089297 0.00827336 
0.00876224 0.00918673 0.00903758 0.00960795 0.00898803 0.00854579 0.0120859 0.0102601 0.0126208 0.00968406 0.0105007 0.0217186 0.0283547 0.436619 0.0140732 0.0199004 0.0154398 0.0149089 0.00377619 0.00374835 0.00373879 0.00374205 0 0.0037471 0.00374216 0.00376478 0.00375767 0.00383216 0.0233845 0.0477895 0.0231378 0.0108054 0.0105764 0.0182143 0.048791 0.0248877 0.0114266 0.00834092 0.00811222 0.00815502 0.00882895 0.0101496 0.0119151 0.0178503 0.0209736 0.0177315 0.010445 0.00851771 0.00827276 0.00886337 0.00923337 0.00885899 0.00875828 0.00955823 0.0121942 0.0113498 0.0112612 0.00870709 0.00838825 0.00900173 0.00935112 0.00923482 0.0090099 0.00869897 0.00841125 
0.00862095 0.00864122 0.00972376 0.00885033 0.00890283 0.00864496 0.00878362 0.012791 0.0107716 0.00915206 0.0103083 0.0261129 0.406853 0.0198171 0.0112245 0.0158983 0.0135467 0.00997481 0.00384266 0.00372061 0.00375824 0.00375466 0.0037471 0 0.00374618 0.00374567 0.00376726 0.00381173 0.0498233 0.0210693 0.0200272 0.0116484 0.00899226 0.0158308 0.0301283 0.0181151 0.00966079 0.00831196 0.00810992 0.00811704 0.00901047 0.00878415 0.016354 0.0122334 0.0229257 0.0153096 0.0106175 0.00863038 0.00824459 0.00851599 0.00883433 0.00875308 0.00856161 0.00943768 0.00955486 0.014374 0.00977322 0.00872682 0.00833702 0.00893013 0.00938229 0.00921435 0.00899112 0.00866221 0.0082022 
0.00873136 0.00918528 0.00874017 0.0092801 0.00909162 0.00847653 0.0108867 0.00979104 0.0119811 0.00908812 0.0141216 0.400364 0.0185337 0.0121168 0.0145966 0.01297 0.0104742 0.0126785 0.00395577 0.00604761 0.00376417 0.00374481 0.00374216 0.00374618 0 0.00378648 0.0037107 0.00388541 0.0215736 0.0444406 0.0172759 0.0119748 0.0101563 0.0185103 0.0458291 0.0200302 0.0104742 0.00831469 0.00808006 0.00813631 0.00906042 0.011153 0.0120951 0.0211912 0.0186112 0.0175383 0.0100204 0.00850745 0.00833405 0.00868065 0.00897858 0.00873827 0.00867639 0.00951972 0.0109786 0.011887 0.0106943 0.00863794 0.00874049 0.0094813 0.00965447 0.0104355 0.00912305 0.00859076 0.0083129 
0.00908056 0.00893523 0.0103211 0.00941854 0.00897231 0.00873789 0.0112664 0.0117877 0.0111623 0.0114147 0.357814 0.027857 0.0149048 0.0139207 0.0116808 0.0144114 0.0178418 0.0127997 0.00460012 0.00416735 0.00519037 0.00403166 0.00376478 0.00374567 0.00378648 0 0.00376869 0.00390837 0.0354676 0.0604817 0.0263932 0.0147019 0.00980466 0.0190008 0.0492328 0.0185177 0.0108139 0.00843707 0.00812935 0.00813177 0.00937123 0.0103607 0.0141597 0.0166868 0.0213655 0.0148171 0.0104765 0.0084259 0.00828535 0.00885121 0.00881999 0.00908448 0.00868769 0.00987498 0.0109609 0.0119702 0.00926515 0.00881116 0.00842532 0.00905424 0.00919546 0.00928809 0.00892529 0.00857187 0.0082087 
0.00879133 0.00990696 0.00919718 0.00929658 0.010225 0.00843439 0.010168 0.0197023 0.0111553 0.246295 0.0338138 0.0132778 0.0121646 0.011292 0.0105537 0.0139215 0.0287832 0.0141196 0.00626356 0.0058605 0.00385262 0.00495142 0.00375767 0.00376726 0.0037107 0.00376869 0 0.00376874 0.0160907 0.0672099 0.141162 0.0148198 0.0111407 0.0184468 0.0196139 0.0436469 0.0113888 0.00833877 0.00810254 0.00823635 0.00949651 0.0096581 0.0102047 0.0111076 0.01329 0.0139699 0.00926718 0.0084538 0.00834649 0.00849408 0.00858237 0.00849689 0.0087697 0.00885274 0.00986806 0.00983288 0.00947619 0.00846537 0.00854061 0.00848608 0.00877608 0.00848934 0.00871449 0.00848935 0.0081926 
0.0104065 0.00886223 0.00988746 0.0133825 0.00887586 0.0088375 0.0208352 0.0100863 0.0275832 0.0245616 0.0113582 0.0106167 0.0105045 0.0092709 0.0108787 0.0115944 0.0144731 0.0566028 0.0157368 0.00667316 0.00412449 0.0040084 0.00383216 0.00381173 0.00388541 0.00390837 0.00376874 0 0.0174047 0.0280572 0.0419881 0.132374 0.0205985 0.0105774 0.016028 0.0149119 0.0323567 0.00952923 0.00861829 0.00911739 0.0119561 0.00954175 0.00961699 0.0106751 0.0106981 0.00947619 0.00916923 0.00850168 0.00845626 0.00834364 0.00850663 0.0104167 0.0102183 0.00884005 0.00877419 0.00893144 0.00873208 0.00885599 0.0086064 0.008233 0.0082959 0.00864214 0.00835176 0.00823941 0.00824588 
0.00868737 0.00832553 0.0126903 0.0086085 0.0084515 0.0100073 0.0089819 0.00990555 0.0109584 0.010092 0.00902224 0.00939317 0.0088206 0.0104826 0.00871104 0.0120503 0.010032 0.0134949 0.102572 0.0134107 0.0244957 0.0249918 0.0233845 0.0498233 0.0215736 0.0354676 0.0160907 0.0174047 0 0.00500626 0.00378871 0.00397376 0.040304 0.136895 0.0151864 0.0160096 0.0178409 0.0109426 0.0138313 0.0129578 0.0165845 0.00891928 0.0112905 0.00986475 0.0124947 0.00989296 0.0106365 0.0100925 0.0099498 0.00903635 0.00863118 0.0144666 0.00918965 0.00898565 0.00873221 0.0105018 0.00895408 0.0153071 0.00964394 0.0083206 0.00880849 0.00840641 0.0085038 0.00837073 0.00875407 
0.00852192 0.00883788 0.00854856 0.00847794 0.00882221 0.00832734 0.00928939 0.00943403 0.0101193 0.00910845 0.0111208 0.0114455 0.0136678 0.0100209 0.0168278 0.0141705 0.0240173 0.0110398 0.012471 0.0735887 0.0275999 0.0346981 0.0477895 0.0210693 0.0444406 0.0604817 0.0672099 0.0280572 0.00500626 0 0.00376272 0.00378239 0.0683814 0.0804632 0.315205 0.0316245 0.0227196 0.009867 0.00855269 0.00897949 0.00908252 0.0252404 0.0137754 0.0332385 0.0240436 0.0286028 0.0127758 0.00880088 0.00864352 0.00987657 0.0161253 0.0091628 0.00901257 0.0126104 0.0162398 0.0147916 0.0187298 0.00910818 0.00858172 0.00964716 0.00946706 0.00985679 0.00952682 0.00908986 0.0083845 
0.00828318 0.00853942 0.0084245 0.00842618 0.00896501 0.00831172 0.00916263 0.010849 0.0099709 0.00933361 0.0120589 0.0112028 0.0103877 0.0117689 0.0106683 0.0124414 0.0202009 0.0127175 0.0138093 0.0202823 0.0258893 0.0159704 0.0231378 0.0200272 0.0172759 0.0263932 0.141162 0.0419881 0.00378871 0.00376272 0 0.00376237 0.0127804 0.114213 0.0530461 0.550103 0.0235485 0.0104508 0.00893329 0.00914308 0.0112647 0.0135163 0.0149024 0.0138066 0.020092 0.0176475 0.0184218 0.00884807 0.00865474 0.0113043 0.0122124 0.00973554 0.00984525 0.0129043 0.011969 0.0142407 0.0150763 0.00958057 0.00883966 0.0092762 0.0100767 0.00937564 0.00915801 0.0088823 0.00841797 
0.00900815 0.0083449 0.00910594 0.0101192 0.00829977 0.00826142 0.0122523 0.00890556 0.0102572 0.0128518 0.00997423 0.0100859 0.00944118 0.00924834 0.00977685 0.0109014 0.0104872 0.0138809 0.0250845 0.0117317 0.0125869 0.0115741 0.0108054 0.0116484 0.0119748 0.0147019 0.0148198 0.132374 0.00397376 0.00378239 0.00376237 0 0.0221942 0.0138449 0.0501515 0.0329265 0.446766 0.0133916 0.0115015 0.0114931 0.0168942 0.0111971 0.010781 0.0130218 0.0111302 0.0113205 0.0105988 0.0095854 0.0109046 0.00893559 0.00919835 0.0120153 0.0114488 0.010169 0.0101622 0.0124819 0.00928517 0.0120844 0.0103232 0.00870002 0.00857893 0.00880633 0.00857919 0.00861621 0.00886269 
0.00850404 0.00824727 0.00933289 0.00825443 0.00840073 0.00932297 0.00926062 0.0087572 0.0106161 0.00867872 0.00854635 0.00893577 0.00893138 0.00891188 0.00886953 0.00947963 0.00992751 0.0150612 0.0137178 0.0109036 0.0100607 0.00977053 0.0105764 0.00899226 0.0101563 0.00980466 0.0111407 0.0205985 0.040304 0.0683814 0.0127804 0.0221942 0 0.00439375 0.00383536 0.00390887 0.0043147 0.0171782 0.0145716 0.0154556 0.0146785 0.0162308 0.0111998 0.017068 0.0139453 0.0123534 0.0131107 0.0166015 0.0111133 0.00953084 0.0103053 0.0132797 0.00980168 0.0110169 0.0105874 0.0106689 0.0162546 0.0193045 0.00985691 0.00920404 0.00907522 0.00914277 0.00874893 0.00939658 0.0106377 
0.00845449 0.00849614 0.00862118 0.00835618 0.00858535 0.00855081 0.00884626 0.00961893 0.00922816 0.00865155 0.0104742 0.0106392 0.0106874 0.0105979 0.0115058 0.0133624 0.0161311 0.0106364 0.0129478 0.0200202 0.0203418 0.0200255 0.0182143 0.0158308 0.0185103 0.0190008 0.0184468 0.0105774 0.136895 0.0804632 0.114213 0.0138449 0.00439375 0 0.00380804 0.00386338 0.00386675 0.0133744 0.0102206 0.0103198 0.0189353 0.0355532 0.0448236 0.053568 0.113793 0.0434356 0.028317 0.00994693 0.00988306 0.0141034 0.0284726 0.0124588 0.0108287 0.0220391 0.0233769 0.0356886 0.0297462 0.0131371 0.00986093 0.0133524 0.0158894 0.0159569 0.0136017 0.0115954 0.0089184 
0.00866763 0.00857701 0.00884553 0.00919635 0.00869316 0.00861374 0.0095019 0.00972353 0.0104908 0.00928975 0.0129869 0.0208987 0.0162604 0.018115 0.0180027 0.0220982 0.0182515 0.0117631 0.0162888 0.0293706 0.0524413 0.0502927 0.048791 0.0301283 0.0458291 0.0492328 0.0196139 0.016028 0.0151864 0.315205 0.0530461 0.0501515 0.00383536 0.00380804 0 0.00384661 0.00380038 0.0126619 0.00919959 0.0105658 0.0146365 0.0367164 0.0711942 0.204046 0.107209 0.172261 0.0240094 0.0103154 0.0101328 0.0221294 0.0229504 0.0194224 0.0140401 0.028807 0.0474817 0.067137 0.0283599 0.0147019 0.0111462 0.0199923 0.0399265 0.0321151 0.0343672 0.0146799 0.00912532 
0.00858266 0.00890987 0.00845951 0.00860605 0.00862259 0.0082929 0.00909706 0.00986893 0.00955591 0.00949115 0.0129163 0.0123093 0.0121781 0.0126666 0.0127317 0.0139317 0.0218715 0.0118917 0.0139381 0.0228983 0.020789 0.0227521 0.0248877 0.0181151 0.0200302 0.0185177 0.0436469 0.0149119 0.0160096 0.0316245 0.550103 0.0329265 0.00390887 0.00386338 0.00384661 0 0.00400872 0.0146725 0.0112717 0.0110047 0.0171193 0.029177 0.0778099 0.0427384 0.0992761 0.0632712 0.102838 0.0107786 0.0107252 0.0157151 0.0438867 0.015888 0.0124905 0.0311853 0.0331471 0.0352085 0.0667308 0.0223628 0.0108745 0.016637 0.0207259 0.0224727 0.0169664 0.0205639 0.00946853 
0.00897652 0.00866128 0.00841881 0.00893811 0.00836637 0.00834136 0.0113751 0.00912645 0.0106767 0.0111409 0.00995985 0.00997142 0.00915983 0.00939729 0.00989091 0.00968528 0.0115573 0.0181715 0.0166386 0.0131986 0.0112457 0.0104314 0.0114266 0.00966079 0.0104742 0.0108139 0.0113888 0.0323567 0.0178409 0.0227196 0.0235485 0.446766 0.0043147 0.00386675 0.00380038 0.00400872 0 0.0466925 0.0173585 0.0184999 0.0247853 0.0327527 0.0179206 0.025946 0.0221421 0.0254296 0.0231943 0.027628 0.0146254 0.0102641 0.0151741 0.0188459 0.0172141 0.0152148 0.0165734 0.0163353 0.0227188 0.0362681 0.0152862 0.0117354 0.0123909 0.0122205 0.0108122 0.0119609 0.0114901 
0.00828499 0.00823401 0.00826431 0.00817018 0.00821548 0.00832017 0.00830123 0.00826861 0.00844318 0.00836838 0.00824831 0.00825364 0.00822325 0.00828869 0.00824636 0.00829105 0.00826722 0.00956617 0.00944984 0.00827678 0.00841187 0.00831702 0.00834092 0.00831196 0.00831469 0.00843707 0.00833877 0.00952923 0.0109426 0.009867 0.0104508 0.0133916 0.0171782 0.0133744 0.0126619 0.0146725 0.0466925 0 0.129028 0.0370298 0.0187936 0.00812007 0.00848211 0.00769376 0.00821631 0.00763672 0.0105395 0.00895462 0.00922221 0.00868104 0.00956397 0.0100415 0.00972604 0.00890865 0.00872793 0.00934313 0.00974903 0.0169338 0.00981481 0.00850853 0.00848571 0.00841377 0.00838586 0.00870682 0.00992424 
0.00853919 0.00823179 0.00838401 0.00841793 0.00817342 0.0083019 0.00880476 0.00819147 0.00826917 0.00921542 0.00818839 0.00809933 0.00804693 0.00806079 0.00804562 0.00809735 0.00808298 0.00850381 0.0100105 0.00813848 0.00807309 0.00807555 0.00811222 0.00810992 0.00808006 0.00812935 0.00810254 0.00861829 0.0138313 0.00855269 0.00893329 0.0115015 0.0145716 0.0102206 0.00919959 0.0112717 0.0173585 0.129028 0 0.813602 0.0110591 0.00764257 0.00701127 0.00747612 0.00716581 0.00684126 0.00830151 0.00891973 0.0106796 0.00885255 0.00914605 0.0105674 0.0111985 0.00859902 0.0083899 0.00865043 0.00880427 0.0194711 0.0119 0.00854083 0.00824642 0.00821362 0.00853028 0.00830029 0.0100085 
0.0085132 0.00823425 0.00848941 0.0083446 0.00819241 0.00860455 0.00878166 0.00817043 0.00863934 0.0086344 0.00811153 0.00814078 0.00806566 0.0081027 0.00807365 0.00812213 0.00818203 0.00913664 0.0099285 0.00815032 0.00811536 0.0081211 0.00815502 0.00811704 0.00813631 0.00813177 0.00823635 0.00911739 0.0129578 0.00897949 0.00914308 0.0114931 0.0154556 0.0103198 0.0105658 0.0110047 0.0184999 0.0370298 0.813602 0 0.0264756 0.00460115 0.00469639 0.0047839 0.00476035 0.00534398 0.0067985 0.00674958 0.00968372 0.00748283 0.00944054 0.0102085 0.0106166 0.00877669 0.00866142 0.00860971 0.014466 0.0155589 0.0128218 0.00871477 0.00836082 0.00832601 0.00827164 0.00876045 0.0104139 
0.00821636 0.00821135 0.00875208 0.00813026 0.00820995 0.00843486 0.00819752 0.00827384 0.00904277 0.00824208 0.00824967 0.0084119 0.00825837 0.00841664 0.00831432 0.0089593 0.00892075 0.0118413 0.00931937 0.00843888 0.00891036 0.00893143 0.00882895 0.00901047 0.00906042 0.00937123 0.00949651 0.0119561 0.0165845 0.00908252 0.0112647 0.0168942 0.0146785 0.0189353 0.0146365 0.0171193 0.0247853 0.0187936 0.0110591 0.0264756 0 0.00404497 0.00378477 0.00382421 0.00381971 0.00393689 0.00406217 0.00672591 0.00736805 0.00703863 0.00882467 0.023629 0.00866779 0.0114291 0.00992602 0.393074 0.0132558 0.0497795 0.0163877 0.00922658 0.0100495 0.00984725 0.0102255 0.00930114 0.014633 
0.00828956 0.00838801 0.00819774 0.0082287 0.00848472 0.0082257 0.00860769 0.00837206 0.00830216 0.00820043 0.00852892 0.00857159 0.00888468 0.00841987 0.00916303 0.00896855 0.00955281 0.00865039 0.00854036 0.0109861 0.00926949 0.0100698 0.0101496 0.00878415 0.011153 0.0103607 0.0096581 0.00954175 0.00891928 0.0252404 0.0135163 0.0111971 0.0162308 0.0355532 0.0367164 0.029177 0.0327527 0.00812007 0.00764257 0.00460115 0.00404497 0 0.0038301 0.00378691 0.00378343 0.00413609 0.00413574 0.00379733 0.00690746 0.00732843 0.0189852 0.00703641 0.007969 0.0143648 0.437544 0.0115409 0.035751 0.00987025 0.0112453 0.030918 0.0107552 0.0186322 0.0109149 0.0163081 0.00995898 
0.00831593 0.0083334 0.00829403 0.00826324 0.00834293 0.00823891 0.00830797 0.00861894 0.00862342 0.00832321 0.00863249 0.00938694 0.00881631 0.0104441 0.00885827 0.0105176 0.00926176 0.00882246 0.00899466 0.00978161 0.0145626 0.0142076 0.0119151 0.016354 0.0120951 0.0141597 0.0102047 0.00961699 0.0112905 0.0137754 0.0149024 0.010781 0.0111998 0.0448236 0.0711942 0.0778099 0.0179206 0.00848211 0.00701127 0.00469639 0.00378477 0.0038301 0 0.00375393 0.00377093 0.00383651 0.00379576 0.00379371 0.0066031 0.011489 0.00753682 0.0131523 0.0109988 0.17526 0.0146168 0.0510008 0.0116802 0.0149522 0.0133515 0.0137208 0.041993 0.018399 0.0528102 0.0111943 0.0105906 
0.00846118 0.00846478 0.0084034 0.00837304 0.00847998 0.00834636 0.00870877 0.00872331 0.00898109 0.00833677 0.0092655 0.0102444 0.0110776 0.00940102 0.0122362 0.00974734 0.0111352 0.00925428 0.00999003 0.0141574 0.0152998 0.0168277 0.0178503 0.0122334 0.0211912 0.0166868 0.0111076 0.0106751 0.00986475 0.0332385 0.0138066 0.0130218 0.017068 0.053568 0.204046 0.0427384 0.025946 0.00769376 0.00747612 0.0047839 0.00382421 0.00378691 0.00375393 0 0.00377804 0.00375563 0.00378302 0.0038198 0.010477 0.00713134 0.0106284 0.0180324 0.101935 0.0218251 0.0413242 0.0172478 0.0236292 0.0125194 0.0129681 0.0369233 0.0373782 0.0846371 0.0256266 0.0161424 0.00982647 
0.00849118 0.00858233 0.0084886 0.00852615 0.00845832 0.008295 0.00881318 0.00889421 0.00908312 0.00859858 0.00961133 0.0114931 0.0100239 0.0123008 0.0103727 0.0127459 0.010227 0.00985459 0.0105519 0.0146348 0.0191705 0.0243536 0.0209736 0.0229257 0.0186112 0.0213655 0.01329 0.0106981 0.0124947 0.0240436 0.020092 0.0111302 0.0139453 0.113793 0.107209 0.0992761 0.0221421 0.00821631 0.00716581 0.00476035 0.00381971 0.00378343 0.00377093 0.00377804 0 0.00376538 0.00377486 0.00373288 0.00529856 0.00876536 0.0158961 0.830748 0.00958715 0.0212477 0.0104599 0.0221012 0.0115052 0.0121476 0.0195422 0.0277886 0.0889046 0.0523474 0.0609524 0.0163412 0.0108542 
0.00839498 0.00844533 0.00831812 0.00830843 0.00841564 0.00828676 0.00854532 0.00862371 0.00898219 0.00830444 0.00924826 0.0100944 0.0101903 0.00997047 0.0110624 0.00980709 0.0109657 0.00940538 0.00976487 0.0118819 0.0173982 0.0191736 0.0177315 0.0153096 0.0175383 0.0148171 0.0139699 0.00947619 0.00989296 0.0286028 0.0176475 0.0113205 0.0123534 0.0434356 0.172261 0.0632712 0.0254296 0.00763672 0.00684126 0.00534398 0.00393689 0.00413609 0.00383651 0.00375563 0.00376538 0 0.00375684 0.00374484 0.00529399 0.0199838 0.873932 0.0169241 0.0113956 0.0103808 0.012531 0.0132818 0.0150491 0.0147738 0.0125978 0.0367418 0.0516692 0.0574587 0.0447599 0.0209955 0.0107662 
0.00842719 0.00834965 0.00821074 0.00823326 0.00824534 0.00821107 0.00830944 0.00855545 0.00831938 0.00893724 0.0087559 0.00901574 0.00862496 0.00860136 0.00873436 0.0092338 0.0091397 0.00853103 0.00937187 0.00980243 0.00932988 0.0101644 0.010445 0.0106175 0.0100204 0.0104765 0.00926718 0.00916923 0.0106365 0.0127758 0.0184218 0.0105988 0.0131107 0.028317 0.0240094 0.102838 0.0231943 0.0105395 0.00830151 0.0067985 0.00406217 0.00413574 0.00379576 0.00378302 0.00377486 0.00375684 0 0.0037699 0.019869 0.923705 0.0125057 0.00699553 0.00706762 0.0104583 0.00825493 0.0136342 0.0132694 0.0119303 0.0139085 0.0167165 0.0159867 0.0157593 0.0159893 0.0190664 0.0112415 
0.00831989 0.00819883 0.00819834 0.00830506 0.00816845 0.00815974 0.00878605 0.00815755 0.00825747 0.00889891 0.00840512 0.00826812 0.00825162 0.00822413 0.00832414 0.00841026 0.00830559 0.0082976 0.0098517 0.00851904 0.00844962 0.00851197 0.00851771 0.00863038 0.00850745 0.0084259 0.0084538 0.00850168 0.0100925 0.00880088 0.00884807 0.0095854 0.0166015 0.00994693 0.0103154 0.0107786 0.027628 0.00895462 0.00891973 0.00674958 0.00672591 0.00379733 0.00379371 0.0038198 0.00373288 0.00374484 0.0037699 0 0.960755 0.0042985 0.00583433 0.00479678 0.00726387 0.00652166 0.00646758 0.00710371 0.00830932 0.00888307 0.0139669 0.00990221 0.00917631 0.00966214 0.00952134 0.00922037 0.0100018 
0.00831044 0.00829885 0.00833787 0.00810343 0.00825855 0.00826188 0.00825335 0.00818347 0.00823951 0.00820788 0.0081677 0.00818987 0.00819667 0.00819004 0.00819856 0.00826519 0.00823977 0.00846069 0.00842857 0.0082375 0.00828176 0.00826988 0.00827276 0.00824459 0.00833405 0.00828535 0.00834649 0.00845626 0.0099498 0.00864352 0.00865474 0.0109046 0.0111133 0.00988306 0.0101328 0.0107252 0.0146254 0.00922221 0.0106796 0.00968372 0.00736805 0.00690746 0.0066031 0.010477 0.00529856 0.00529399 0.019869 0.960755 0 0.00385071 0.00378278 0.00406182 0.00399689 0.00451433 0.0045992 0.00694008 0.00936992 0.0152637 0.0194954 0.00948983 0.00898548 0.00908847 0.00877404 0.00880175 0.0123232 
0.0083655 0.00838132 0.00823829 0.00819755 0.00832278 0.00826782 0.00816592 0.00835148 0.00825718 0.00812384 0.00836153 0.00839674 0.00841572 0.00839265 0.00846874 0.00842583 0.00849571 0.0083476 0.00838258 0.00849943 0.00862879 0.00865585 0.00886337 0.00851599 0.00868065 0.00885121 0.00849408 0.00834364 0.00903635 0.00987657 0.0113043 0.00893559 0.00953084 0.0141034 0.0221294 0.0157151 0.0102641 0.00868104 0.00885255 0.00748283 0.00703863 0.00732843 0.011489 0.00713134 0.00876536 0.0199838 0.923705 0.0042985 0.00385071 0 0.00375759 0.00376423 0.00384563 0.00536684 0.0047734 0.00667132 0.00722917 0.00682448 0.0117863 0.0138209 0.0120112 0.0105097 0.0110302 0.0105939 0.0092894 
0.00833549 0.0083768 0.00824035 0.0082163 0.00829611 0.00827289 0.00847836 0.0084044 0.00825379 0.00819225 0.00846027 0.00854675 0.00843663 0.00830753 0.00866166 0.00847138 0.00865464 0.00842534 0.00848693 0.00939522 0.00872212 0.00883425 0.00923337 0.00883433 0.00897858 0.00881999 0.00858237 0.00850663 0.00863118 0.0161253 0.0122124 0.00919835 0.0103053 0.0284726 0.0229504 0.0438867 0.0151741 0.00956397 0.00914605 0.00944054 0.00882467 0.0189852 0.00753682 0.0106284 0.0158961 0.873932 0.0125057 0.00583433 0.00378278 0.00375759 0 0.00377382 0.00380304 0.00436343 0.00422463 0.00406372 0.00674099 0.00711207 0.0105683 0.0239344 0.0136051 0.0149613 0.0125449 0.0194909 0.0105509 
0.00841427 0.00828365 0.00839156 0.00822829 0.00823264 0.00828788 0.00827827 0.00844482 0.00828873 0.00838796 0.00827093 0.00889639 0.00829425 0.00854011 0.00825198 0.00845752 0.00843707 0.00866087 0.0103456 0.00842762 0.0093254 0.00879129 0.00885899 0.00875308 0.00873827 0.00908448 0.00849689 0.0104167 0.0144666 0.0091628 0.00973554 0.0120153 0.0132797 0.0124588 0.0194224 0.015888 0.0188459 0.0100415 0.0105674 0.0102085 0.023629 0.00703641 0.0131523 0.0180324 0.830748 0.0169241 0.00699553 0.00479678 0.00406182 0.00376423 0.00377382 0 0.00397992 0.00381297 0.00391314 0.00484243 0.00389267 0.00660501 0.0247129 0.010052 0.0163601 0.0143368 0.0138765 0.00997673 0.0161073 
0.00828073 0.00812544 0.00849428 0.00817158 0.0081068 0.00845129 0.00815896 0.00815699 0.00836775 0.00811871 0.0081557 0.00825091 0.00821191 0.00824852 0.00824418 0.00834805 0.00827494 0.00924459 0.00851599 0.00835074 0.00856036 0.00855917 0.00875828 0.00856161 0.00867639 0.00868769 0.0087697 0.0102183 0.00918965 0.00901257 0.00984525 0.0114488 0.00980168 0.0108287 0.0140401 0.0124905 0.0172141 0.00972604 0.0111985 0.0106166 0.00866779 0.007969 0.0109988 0.101935 0.00958715 0.0113956 0.00706762 0.00726387 0.00399689 0.00384563 0.00380304 0.00397992 0 0.00378249 0.00379445 0.00378211 0.00380241 0.00489625 0.021371 0.0107776 0.0105036 0.015146 0.0104844 0.0186291 0.0168233 
0.00831051 0.0085952 0.00833097 0.00820161 0.00851551 0.00822277 0.00830714 0.00850803 0.00862039 0.00818623 0.0084571 0.00854307 0.00853158 0.00854093 0.00857642 0.0085327 0.0090138 0.00869256 0.00858383 0.00879381 0.00929713 0.00917619 0.00955823 0.00943768 0.00951972 0.00987498 0.00885274 0.00884005 0.00898565 0.0126104 0.0129043 0.010169 0.0110169 0.0220391 0.028807 0.0311853 0.0152148 0.00890865 0.00859902 0.00877669 0.0114291 0.0143648 0.17526 0.0218251 0.0212477 0.0103808 0.0104583 0.00652166 0.00451433 0.00536684 0.00436343 0.00381297 0.00378249 0 0.0038097 0.00383611 0.0038007 0.00394865 0.0370123 0.0258947 0.0270255 0.014876 0.0444623 0.0175606 0.0103512 
0.00842545 0.00839239 0.00819354 0.00823847 0.00832847 0.00819896 0.00849599 0.00838868 0.0082612 0.00850102 0.00846617 0.00876999 0.00915237 0.0088189 0.00893907 0.00939828 0.00913326 0.0089559 0.00858662 0.00980753 0.00982948 0.0112052 0.0121942 0.00955486 0.0109786 0.0109609 0.00986806 0.00877419 0.00873221 0.0162398 0.011969 0.0101622 0.0105874 0.0233769 0.0474817 0.0331471 0.0165734 0.00872793 0.0083899 0.00866142 0.00992602 0.437544 0.0146168 0.0413242 0.0104599 0.012531 0.00825493 0.00646758 0.0045992 0.0047734 0.00422463 0.00391314 0.00379445 0.0038097 0 0.00376835 0.00377599 0.00380669 0.0267442 0.052133 0.021418 0.115202 0.0217859 0.0194129 0.0114636 
0.00841407 0.00839315 0.00833498 0.00823893 0.00835863 0.00827035 0.00827459 0.00854085 0.00838471 0.0082493 0.00859494 0.00905105 0.00935147 0.010396 0.00951153 0.0104171 0.0093395 0.00885127 0.00900293 0.010101 0.0147246 0.0130585 0.0113498 0.014374 0.011887 0.0119702 0.00983288 0.00893144 0.0105018 0.0147916 0.0142407 0.0124819 0.0106689 0.0356886 0.067137 0.0352085 0.0163353 0.00934313 0.00865043 0.00860971 0.393074 0.0115409 0.0510008 0.0172478 0.0221012 0.0132818 0.0136342 0.00710371 0.00694008 0.00667132 0.00406372 0.00484243 0.00378211 0.00383611 0.00376835 0 0.00376675 0.00379016 0.0451741 0.0304482 0.18622 0.0299172 0.0710166 0.0191019 0.0125982 
