1A4HA
MASETFEFQAEITQLMSLIINTVYSNKEIFLRELISNASDALDKIRYKSLSDPKQLETEPDLFIRITPKPEQKVLEIRDSGIGMTKAELINNLGTIAKSGTKAFMEALSAGADVSMIGQFGVGFYSLFLVADRVQVISKSNDDEQYIWESNAGGSFTVTLDEVNERIGRGTILRLFLKDDQLEYLEEKRIKEVIKRHSEFVAYPIQLVVTKEVE
CCCEEEECCHHHHHHHHHHHCCCCCCCCHHHHHHHHHHHHHHHHHHHHCCCCHHHHCCCCCCCEEEEEEHHHCEEEEEECCCCCCHHHHHHHCCCCCCCCHHHHHHHHHCCCCHHHHHHHCCHHHHHHHCEEEEEEEEECCCCCCEEEEECCCCEEEEEECCCCCCCCCEEEEEEEECCCCHHHHCHHHHHHHHHHHCCCCCCCEEECCCCCCC
0 0 0 0 0 0 0 0 0 0 0 0 0 0 0 0 0 0 0 0 0 0 0 0 0 0 0 0 0 0 0 0 0 0 0 0 0 0 0 0 0 0 0 0 0 0 0 0 0 0 0 0 0 0 0 0 0 0 0 0 0 0 0 0 0 0 0 0 0 0 0 0 0 0 0 0 0 0 0 0 0 0 0 0 0 0 0 0 0 0 0 0 0 0 0 0 0 0 0 0 0 0 0 0 0 0 0 0 0 0 0 0 0 0 0 0 0 0 0 0 0 0 0 0 0 0 0 0 0 0 0 0 0 0 0 0 0 0 0 0 0 0 0 0 0 0 0 0 0 0 0 0 0 0 0 0 0 0 0 0 0 0 0 0 0 0 0 0 0 0 0 0 0 0 0 0 0 0 0 0 0 0 0 0 0 0 0 0 0 0 0 0 0 0 0 0 0 0 0 0 0 0 0 0 0 0 0 0 0 0 0 0 0 0 
0 0 0 0 0 0 0 0 0 0 0 0 0 0 0 0 0 0 0 0 0 0 0 0 0 0 0 0 0 0 0 0 0 0 0 0 0 0 0 0 0 0 0 0 0 0 0 0 0 0 0 0 0 0 0 0 0 0 0 0 0 0 0 0 0 0 0 0 0 0 0 0 0 0 0 0 0 0 0 0 0 0 0 0 0 0 0 0 0 0 0 0 0 0 0 0 0 0 0 0 0 0 0 0 0 0 0 0 0 0 0 0 0 0 0 0 0 0 0 0 0 0 0 0 0 0 0 0 0 0 0 0 0 0 0 0 0 0 0 0 0 0 0 0 0 0 0 0 0 0 0 0 0 0 0 0 0 0 0 0 0 0 0 0 0 0 0 0 0 0 0 0 0 0 0 0 0 0 0 0 0 0 0 0 0 0 0 0 0 0 0 0 0 0 0 0 0 0 0 0 0 0 0 0 0 0 0 0 0 0 0 0 0 0 
0 0.00399456 0.00414482 0.00495588 0.0352288 0.00928925 0.0126787 0.00893827 0.011614 0.00987082 0.0100842 0.0094719 0.0090395 0.00981882 0.00887701 0.0102591 0.00829486 0.00808139 0.00814044 0.00838607 0.00832799 0.00845523 0.00825797 0.00845958 0.00896724 0.00827147 0.00814574 0.00813125 0.00830072 0.00853985 0.00823273 0.00828979 0.00819061 0.00825777 0.00816733 0.00882532 0.00818525 0.00817789 0.00827774 0.00830506 0.00822185 0.00824756 0.0083351 0.00874533 0.00820322 0.00817039 0.00867031 
0.00399456 0 0.00393579 0.00403965 0.0101252 0.0601172 0.00905867 0.017312 0.00879042 0.00917746 0.00916452 0.00911349 0.0179383 0.00892165 0.0108373 0.00836742 0.00816674 0.00819476 0.00837542 0.00827445 0.00892808 0.00860032 0.00830243 0.00845167 0.00834583 0.00818983 0.00822592 0.00818642 0.0084389 0.00816611 0.00861389 0.00815563 0.00916776 0.0082564 0.00834096 0.00841297 0.00813415 0.00835992 0.00833234 0.00835082 0.00842122 0.00836821 0.0084687 0.00846698 0.00807917 0.00827724 0.00834586 
0.00414482 0.00393579 0 0.00376442 0.041441 0.00967483 0.0667161 0.0091619 0.0163532 0.00854454 0.00927036 0.0207094 0.00939831 0.0196038 0.00953446 0.00984202 0.008362 0.0082835 0.00825196 0.00945846 0.00846582 0.00912832 0.00857854 0.00836001 0.00825719 0.00821783 0.00840288 0.00851918 0.00815741 0.00846194 0.00815131 0.0102645 0.00829074 0.00904607 0.00819431 0.00824463 0.00834306 0.00837951 0.00836749 0.00863451 0.00843186 0.0086631 0.00840658 0.00832222 0.00846756 0.0082952 0.00854882 
0.00495588 0.00403965 0.00376442 0 0.0111713 0.0263679 0.00964491 0.0147682 0.00956382 0.017508 0.0139488 0.00914246 0.0226695 0.00930241 0.0112497 0.0115941 0.0101925 0.00826137 0.00870745 0.00833194 0.0101081 0.00873746 0.00851428 0.00841497 0.00844356 0.00903683 0.00830516 0.0082967 0.00853821 0.00811557 0.0106338 0.00824242 0.0104871 0.00819814 0.00853977 0.00849663 0.0087022 0.00850426 0.00837457 0.00837766 0.00889185 0.00826827 0.00904039 0.00837888 0.00816467 0.0082474 0.00832986 
0.0352288 0.0101252 0.041441 0.0111713 0 0.00380258 0.00488895 0.00382953 0.0046477 0.00407952 0.0103264 0.0141639 0.00781621 0.0186422 0.01591 0.911472 0.0129785 0.0091696 0.00903155 0.0236211 0.0103078 0.019721 0.0100358 0.0102145 0.0174398 0.00962147 0.00925435 0.0101992 0.00858237 0.0155166 0.00825466 0.0137206 0.00833392 0.0145039 0.00882574 0.0150738 0.0122461 0.00877698 0.00993368 0.0123895 0.00957647 0.0142798 0.00889608 0.0159181 0.0121682 0.00818623 0.0103492 
0.00928925 0.0601172 0.00967483 0.0263679 0.00380258 0 0.00376106 0.00384009 0.00375886 0.00380042 0.00578351 0.00751335 0.0217259 0.00901456 0.949161 0.0130579 0.00962133 0.012868 0.0167182 0.00951803 0.076919 0.0154539 0.017825 0.0213949 0.00883992 0.0104441 0.0130586 0.00946008 0.016369 0.00830537 0.0103446 0.00826677 0.0257379 0.00862158 0.0149681 0.00884399 0.00849917 0.0125975 0.0115587 0.0128219 0.0267514 0.0108792 0.0198334 0.00903627 0.00815029 0.00870308 0.00831612 
0.0126787 0.00905867 0.0667161 0.00964491 0.00488895 0.00376106 0 0.0037493 0.00375179 0.0037574 0.00456799 0.0171964 0.00912181 0.962391 0.00902539 0.00898168 0.0159575 0.0116637 0.0129872 0.0887468 0.0153901 0.0839408 0.0495184 0.0120045 0.00916163 0.00992298 0.0109144 0.0326221 0.00854592 0.00918174 0.00824852 0.0165195 0.00908575 0.0428187 0.008947 0.00865998 0.00976273 0.0104028 0.0153554 0.0355287 0.0143054 0.0425452 0.00993386 0.00941554 0.00891761 0.00827526 0.00873994 
0.00893827 0.017312 0.0091619 0.0147682 0.00382953 0.00384009 0.0037493 0 0.00373694 0.00375334 0.004968 0.00622287 0.979618 0.00702764 0.00847201 0.00712611 0.00961458 0.0121125 0.0151402 0.00914625 0.0506876 0.0174518 0.015723 0.0104034 0.00848842 0.00969107 0.0114095 0.00958662 0.00949909 0.00818233 0.00955817 0.00822046 0.022389 0.0086603 0.00929875 0.00833682 0.00844433 0.00904273 0.0114173 0.0100276 0.0242422 0.00969035 0.0106129 0.00856238 0.00814406 0.00818434 0.00806848 
0.011614 0.00879042 0.0163532 0.00956382 0.0046477 0.00375886 0.00375179 0.00373694 0 0.00374853 0.00431613 0.974342 0.00456682 0.00726647 0.00565738 0.00641075 0.0116765 0.00970302 0.00940617 0.0136624 0.00984603 0.014062 0.0104026 0.00939446 0.00850889 0.00969624 0.00941798 0.0100539 0.00840775 0.00856002 0.0088399 0.0121239 0.00841116 0.0103184 0.00863269 0.00828401 0.0102728 0.00961952 0.00903226 0.0108157 0.00913139 0.0105957 0.00885316 0.00878811 0.00839204 0.00820248 0.00816865 
0.00987082 0.00917746 0.00854454 0.017508 0.00407952 0.00380042 0.0037574 0.00375334 0.00374853 0 0.94657 0.00375878 0.00399527 0.00398974 0.00427543 0.00472877 0.0169808 0.00867868 0.00851393 0.00870509 0.00937425 0.00917621 0.00870492 0.00949885 0.00878611 0.0109718 0.00852694 0.00819966 0.00855955 0.00866556 0.0109486 0.00836079 0.0094874 0.00830304 0.00839177 0.00925019 0.0102137 0.00893378 0.00857539 0.00857207 0.00862718 0.00847287 0.0085309 0.0100558 0.00829838 0.00816645 0.00810951 
0.0100842 0.00916452 0.00927036 0.0139488 0.0103264 0.00578351 0.00456799 0.004968 0.00431613 0.94657 0 0.00385475 0.00378193 0.00381265 0.003904 0.00409151 0.0273592 0.00952811 0.0107428 0.0109684 0.0123911 0.0111916 0.0113808 0.0109276 0.0156822 0.0118735 0.00892556 0.00876022 0.00994384 0.0116073 0.00966588 0.00883829 0.00961863 0.00884628 0.0101252 0.0139491 0.0091735 0.00882408 0.00877692 0.00950872 0.00970708 0.00899331 0.0104073 0.0132951 0.00848158 0.00829535 0.00966077 
0.0094719 0.00911349 0.0207094 0.00914246 0.0141639 0.00751335 0.0171964 0.00622287 0.974342 0.00375878 0.00385475 0 0.00378111 0.00377116 0.00386871 0.00391799 0.0204505 0.0212068 0.0125042 0.0503905 0.0193065 0.0535025 0.0167082 0.0164063 0.0126594 0.00948918 0.0117725 0.0160031 0.00979492 0.0104353 0.00829 0.0146134 0.00901502 0.0215349 0.0101428 0.0101692 0.00947905 0.0106055 0.0124806 0.0249105 0.0168452 0.0269646 0.0112884 0.010484 0.00884414 0.00844953 0.00874462 
0.0090395 0.0179383 0.00939831 0.0226695 0.00781621 0.0217259 0.00912181 0.979618 0.00456682 0.00399527 0.00378193 0.00378111 0 0.0037871 0.00376656 0.00517845 0.0213268 0.0220461 0.059732 0.0133344 0.173819 0.0441007 0.0547318 0.0249243 0.00944627 0.012116 0.0172055 0.0195427 0.0194084 0.0085332 0.0108004 0.00857242 0.0609444 0.00987441 0.0182584 0.00942988 0.00899296 0.0151298 0.0230538 0.0253664 0.101524 0.0243274 0.029656 0.00928747 0.00822816 0.00854465 0.0083913 
0.00981882 0.00892165 0.0196038 0.00930241 0.0186422 0.00901456 0.962391 0.00702764 0.00726647 0.00398974 0.00381265 0.00377116 0.0037871 0 0.00375699 0.00378042 0.0241 0.0271991 0.0172963 0.107666 0.0202018 0.116075 0.0559635 0.0143289 0.00988392 0.00980491 0.0149688 0.0400751 0.00888671 0.00962811 0.00828053 0.0183419 0.00970738 0.0430008 0.00970927 0.00942696 0.00959246 0.012176 0.0184711 0.0497614 0.0238394 0.0642759 0.011339 0.00979154 0.00858461 0.00825555 0.00844284 
0.00887701 0.0108373 0.00953446 0.0112497 0.01591 0.949161 0.00902539 0.00847201 0.00565738 0.00427543 0.003904 0.00386871 0.00376656 0.00375699 0 0.0039361 0.0136459 0.0244738 0.0281761 0.0131693 0.0630857 0.034542 0.0384004 0.0652483 0.0116442 0.010791 0.0184804 0.0125288 0.0180874 0.00890365 0.0109485 0.00901183 0.0168186 0.00904424 0.0150121 0.00912939 0.00974574 0.0131939 0.0147747 0.0146847 0.0244839 0.0131554 0.0203996 0.0102453 0.00826427 0.00820952 0.00827987 
0.0102591 0.00836742 0.00984202 0.0115941 0.911472 0.0130579 0.00898168 0.00712611 0.00641075 0.00472877 0.00409151 0.00391799 0.00517845 0.00378042 0.0039361 0 0.0164507 0.0113186 0.0187961 0.0234965 0.0226396 0.0404669 0.0296906 0.0336049 0.0393384 0.0140447 0.0100032 0.0113724 0.0102189 0.0207419 0.00952871 0.00945742 0.00892978 0.0101719 0.00987015 0.0105901 0.0119188 0.00956283 0.00951154 0.0117721 0.0104164 0.0107339 0.0109506 0.0126722 0.0084667 0.00818146 0.00828466 
0.00829486 0.00816674 0.008362 0.0101925 0.0129785 0.00962133 0.0159575 0.00961458 0.0116765 0.0169808 0.0273592 0.0204505 0.0213268 0.0241 0.0136459 0.0164507 0 0.00432524 0.00377656 0.00434486 0.00386742 0.00405977 0.00393407 0.00595383 0.0112337 0.00791417 0.00832382 0.00820574 0.00897928 0.0351434 0.00903605 0.0172365 0.0095856 0.0182006 0.0123262 0.0352251 0.0157059 0.0105391 0.0115616 0.0121223 0.0129877 0.0122636 0.0125896 0.04866 0.0106345 0.00832078 0.0162084 
0.00808139 0.00819476 0.0082835 0.00826137 0.0091696 0.012868 0.0116637 0.0121125 0.00970302 0.00867868 0.00952811 0.0212068 0.0220461 0.0271991 0.0244738 0.0113186 0.00432524 0 0.00374415 0.00379784 0.00396923 0.003888 0.00399831 0.00449959 0.00428322 0.00720244 0.00766179 0.00834564 0.0139553 0.00810155 0.00826372 0.0111537 0.0220371 0.0132138 0.0118548 0.00938049 0.00906808 0.0142912 0.0110218 0.0172262 0.0171939 0.016201 0.01495 0.0141894 0.00828013 0.00870011 0.00836521 
0.00814044 0.00837542 0.00825196 0.00870745 0.00903155 0.0167182 0.0129872 0.0151402 0.00940617 0.00851393 0.0107428 0.0125042 0.059732 0.0172963 0.0281761 0.0187961 0.00377656 0.00374415 0 0.00372576 0.00375524 0.0037898 0.00380014 0.00390461 0.003825 0.00771317 0.0085389 0.0151473 0.0087101 0.00801074 0.0182981 0.00867805 0.0202133 0.00940623 0.0126043 0.00889007 0.00980717 0.0121089 0.0217872 0.0165427 0.0493178 0.0174953 0.0419881 0.00925352 0.00828388 0.00858663 0.00837044 
0.00838607 0.00827445 0.00945846 0.00833194 0.0236211 0.00951803 0.0887468 0.00914625 0.0136624 0.00870509 0.0109684 0.0503905 0.0133344 0.107666 0.0131693 0.0234965 0.00434486 0.00379784 0.00372576 0 0.00376648 0.00388638 0.00382646 0.00378145 0.00389417 0.00749594 0.0170891 0.0108114 0.00774288 0.272933 0.00799692 0.0376909 0.0086135 0.0516008 0.00906811 0.0104373 0.0143982 0.0127153 0.0188239 0.0805313 0.0170409 0.277949 0.0104653 0.0136677 0.012634 0.00844161 0.0106918 
0.00832799 0.00892808 0.00846582 0.0101081 0.0103078 0.076919 0.0153901 0.0506876 0.00984603 0.00937425 0.0123911 0.0193065 0.173819 0.0202018 0.0630857 0.0226396 0.00386742 0.00396923 0.00375524 0.00376648 0 0.00377474 0.00377049 0.00376319 0.00383636 0.0107038 0.00970755 0.00779293 0.331564 0.0248636 0.0222688 0.00866575 0.049379 0.00930755 0.0218086 0.0102975 0.0113305 0.026624 0.0424837 0.0267625 0.416578 0.0195409 0.0454399 0.0107315 0.00899754 0.0113266 0.00887829 
0.00845523 0.00860032 0.00912832 0.00873746 0.019721 0.0154539 0.0839408 0.0174518 0.014062 0.00917621 0.0111916 0.0535025 0.0441007 0.116075 0.034542 0.0404669 0.00405977 0.003888 0.0037898 0.00388638 0.00377474 0 0.0038005 0.00378421 0.00380012 0.00822405 0.0119577 0.314536 0.0775318 0.0455842 0.0086109 0.0189582 0.0121051 0.0309367 0.013854 0.0126006 0.0117935 0.0204426 0.0414704 0.269993 0.0442368 0.156041 0.0328493 0.0165424 0.0100356 0.00920583 0.00990351 
0.00825797 0.00830243 0.00857854 0.00851428 0.0100358 0.017825 0.0495184 0.015723 0.0104026 0.00870492 0.0113808 0.0167082 0.0547318 0.0559635 0.0384004 0.0296906 0.00393407 0.00399831 0.00380014 0.00382646 0.00377049 0.0038005 0 0.00377246 0.00384685 0.0115312 0.242968 0.130207 0.0357231 0.00814836 0.00917573 0.0106647 0.0130379 0.0141209 0.0129297 0.0102827 0.0114567 0.0149552 0.200524 0.0293976 0.0703014 0.0474755 0.0333754 0.0106381 0.00928914 0.00858721 0.00928363 
0.00845958 0.00845167 0.00836001 0.00841497 0.0102145 0.0213949 0.0120045 0.0104034 0.00939446 0.00949885 0.0109276 0.0164063 0.0249243 0.0143289 0.0652483 0.0336049 0.00595383 0.00449959 0.00390461 0.00378145 0.00376319 0.00378421 0.00377246 0 0.0038051 0.256564 0.112272 0.0378204 0.0124449 0.00685006 0.0138228 0.0101251 0.014484 0.00948081 0.0179736 0.0123304 0.0133838 0.170081 0.0137757 0.0161723 0.0296385 0.0234179 0.0402639 0.0159656 0.00876129 0.0103658 0.00894169 
0.00896724 0.00834583 0.00825719 0.00844356 0.0174398 0.00883992 0.00916163 0.00848842 0.00850889 0.00878611 0.0156822 0.0126594 0.00944627 0.00988392 0.0116442 0.0393384 0.0112337 0.00428322 0.003825 0.00389417 0.00383636 0.00380012 0.00384685 0.0038051 0 0.0971965 0.03871 0.0198077 0.00608822 0.00757958 0.0138827 0.0156985 0.00898135 0.00963812 0.010276 0.0186239 0.164721 0.0110844 0.0103835 0.0109934 0.0108121 0.0103363 0.0148907 0.0174537 0.0127295 0.00836116 0.0089125 
0.00827147 0.00818983 0.00821783 0.00903683 0.00962147 0.0104441 0.00992298 0.00969107 0.00969624 0.0109718 0.0118735 0.00948918 0.012116 0.00980491 0.010791 0.0140447 0.00791417 0.00720244 0.00771317 0.00749594 0.0107038 0.00822405 0.0115312 0.256564 0.0971965 0 0.0039862 0.00376073 0.00390131 0.00393424 0.00613872 0.00635718 0.00849926 0.0425137 0.116443 0.690178 0.0100143 0.01133 0.0110532 0.0117002 0.0190897 0.0109929 0.0138835 0.0319642 0.00972095 0.00933921 0.0128252 
0.00814574 0.00822592 0.00840288 0.00830516 0.00925435 0.0130586 0.0109144 0.0114095 0.00941798 0.00852694 0.00892556 0.0117725 0.0172055 0.0149688 0.0184804 0.0100032 0.00832382 0.00766179 0.0085389 0.0170891 0.00970755 0.0119577 0.242968 0.112272 0.03871 0.0039862 0 0.00375384 0.00379002 0.00377608 0.00600243 0.00636723 0.0393688 0.0310787 0.744728 0.00775705 0.00902865 0.0135383 0.0137857 0.0219956 0.0229756 0.0170527 0.0300511 0.0114016 0.00905642 0.0107546 0.0088096 
0.00813125 0.00818642 0.00851918 0.0082967 0.0101992 0.00946008 0.0326221 0.00958662 0.0100539 0.00819966 0.00876022 0.0160031 0.0195427 0.0400751 0.0125288 0.0113724 0.00820574 0.00834564 0.0151473 0.0108114 0.00779293 0.314536 0.130207 0.0378204 0.0198077 0.00376073 0.00375384 0 0.00376887 0.00376563 0.00413398 0.123735 0.0144354 0.777907 0.00771336 0.00732577 0.00896495 0.0111527 0.0322341 0.0214996 0.0185773 0.0750583 0.0132058 0.0109058 0.00896664 0.00848498 0.00925999 
0.00830072 0.0084389 0.00815741 0.00853821 0.00858237 0.016369 0.00854592 0.00949909 0.00840775 0.00855955 0.00994384 0.00979492 0.0194084 0.00888671 0.0180874 0.0102189 0.00897928 0.0139553 0.0087101 0.00774288 0.331564 0.0775318 0.0357231 0.0124449 0.00608822 0.00390131 0.00379002 0.00376887 0 0.00376878 0.174728 0.0326298 0.797333 0.00596692 0.00738775 0.00708193 0.00956346 0.0231952 0.00955781 0.0100993 0.0290878 0.0111376 0.0222762 0.0106896 0.00836077 0.0111105 0.00839233 
0.00853985 0.00816611 0.00846194 0.00811557 0.0155166 0.00830537 0.00918174 0.00818233 0.00856002 0.00866556 0.0116073 0.0104353 0.0085332 0.00962811 0.00890365 0.0207419 0.0351434 0.00810155 0.00801074 0.272933 0.0248636 0.0455842 0.00814836 0.00685006 0.00757958 0.00393424 0.00377608 0.00376563 0.00376878 0 0.0598049 0.422103 0.00419982 0.00515311 0.00562118 0.0060051 0.0184665 0.00894117 0.00907683 0.0108069 0.00890731 0.0102563 0.0113662 0.0234511 0.0123428 0.00822519 0.0102062 
0.00823273 0.00861389 0.00815131 0.0106338 0.00825466 0.0103446 0.00824852 0.00955817 0.0088399 0.0109486 0.00966588 0.00829 0.0108004 0.00828053 0.0109485 0.00952871 0.00903605 0.00826372 0.0182981 0.00799692 0.0222688 0.0086109 0.00917573 0.0138228 0.0138827 0.00613872 0.00600243 0.00413398 0.174728 0.0598049 0 0.0040525 0.00429623 0.00413686 0.00458792 0.00984239 0.00766328 0.00832859 0.00908685 0.00878253 0.0119854 0.0203864 0.0660645 0.0220141 0.00870074 0.0109774 0.0114602 
0.00828979 0.00815563 0.0102645 0.00824242 0.0137206 0.00826677 0.0165195 0.00822046 0.0121239 0.00836079 0.00883829 0.0146134 0.00857242 0.0183419 0.00901183 0.00945742 0.0172365 0.0111537 0.00867805 0.0376909 0.00866575 0.0189582 0.0106647 0.0101251 0.0156985 0.00635718 0.00636723 0.123735 0.0326298 0.422103 0.0040525 0 0.00375071 0.00446886 0.00400281 0.00435756 0.00993713 0.00793608 0.00975686 0.0275699 0.0394156 0.0690123 0.0192574 0.0177831 0.0165108 0.00931025 0.0140467 
0.00819061 0.00916776 0.00829074 0.0104871 0.00833392 0.0257379 0.00908575 0.022389 0.00841116 0.0094874 0.00961863 0.00901502 0.0609444 0.00970738 0.0168186 0.00892978 0.0095856 0.0220371 0.0202133 0.0086135 0.049379 0.0121051 0.0130379 0.014484 0.00898135 0.00849926 0.0393688 0.0144354 0.797333 0.00419982 0.00429623 0.00375071 0 0.00376753 0.00385123 0.00390119 0.00754772 0.0105366 0.0157919 0.0234101 0.0788716 0.00992383 0.0172965 0.00940498 0.00868862 0.0139494 0.0087709 
0.00825777 0.0082564 0.00904607 0.00819814 0.0145039 0.00862158 0.0428187 0.0086603 0.0103184 0.00830304 0.00884628 0.0215349 0.00987441 0.0430008 0.00904424 0.0101719 0.0182006 0.0132138 0.00940623 0.0516008 0.00930755 0.0309367 0.0141209 0.00948081 0.00963812 0.0425137 0.0310787 0.777907 0.00596692 0.00515311 0.00413686 0.00446886 0.00376753 0 0.00378585 0.0037807 0.0141497 0.0152279 0.0713836 0.0863087 0.0102351 0.0342361 0.00878018 0.0121758 0.0158837 0.00858147 0.0136365 
0.00816733 0.00834096 0.00819431 0.00853977 0.00882574 0.0149681 0.008947 0.00929875 0.00863269 0.00839177 0.0101252 0.0101428 0.0182584 0.00970927 0.0150121 0.00987015 0.0123262 0.0118548 0.0126043 0.00906811 0.0218086 0.013854 0.0129297 0.0179736 0.010276 0.116443 0.744728 0.00771336 0.00738775 0.00562118 0.00458792 0.00400281 0.00385123 0.00378585 0 0.00384668 0.0175739 0.0867408 0.0485981 0.0114261 0.0170816 0.00983603 0.0266716 0.0107736 0.00888624 0.0136957 0.00876156 
0.00882532 0.00841297 0.00824463 0.00849663 0.0150738 0.00884399 0.00865998 0.00833682 0.00828401 0.00925019 0.0139491 0.0101692 0.00942988 0.00942696 0.00912939 0.0105901 0.0352251 0.00938049 0.00889007 0.0104373 0.0102975 0.0126006 0.0102827 0.0123304 0.0186239 0.690178 0.00775705 0.00732577 0.00708193 0.0060051 0.00984239 0.00435756 0.00390119 0.0037807 0.00384668 0 0.168925 0.0565946 0.014172 0.0123526 0.00929766 0.0117369 0.0130677 0.035813 0.01504 0.00871852 0.0100836 
0.00818525 0.00813415 0.00834306 0.0087022 0.0122461 0.00849917 0.00976273 0.00844433 0.0102728 0.0102137 0.0091735 0.00947905 0.00899296 0.00959246 0.00974574 0.0119188 0.0157059 0.00906808 0.00980717 0.0143982 0.0113305 0.0117935 0.0114567 0.0133838 0.164721 0.0100143 0.00902865 0.00896495 0.00956346 0.0184665 0.00766328 0.00993713 0.00754772 0.0141497 0.0175739 0.168925 0 0.00397193 0.00387989 0.00392094 0.00385556 0.00409637 0.00405781 0.0114233 0.0322716 0.0101946 0.0312248 
0.00817789 0.00835992 0.00837951 0.00850426 0.00877698 0.0125975 0.0104028 0.00904273 0.00961952 0.00893378 0.00882408 0.0106055 0.0151298 0.012176 0.0131939 0.00956283 0.0105391 0.0142912 0.0121089 0.0127153 0.026624 0.0204426 0.0149552 0.170081 0.0110844 0.01133 0.0135383 0.0111527 0.0231952 0.00894117 0.00832859 0.00793608 0.0105366 0.0152279 0.0867408 0.0565946 0.00397193 0 0.00382259 0.00380474 0.00388358 0.00386141 0.00479741 0.00465451 0.0140187 0.0313878 0.0102698 
0.00827774 0.00833234 0.00836749 0.00837457 0.00993368 0.0115587 0.0153554 0.0114173 0.00903226 0.00857539 0.00877692 0.0124806 0.0230538 0.0184711 0.0147747 0.00951154 0.0115616 0.0110218 0.0217872 0.0188239 0.0424837 0.0414704 0.200524 0.0137757 0.0103835 0.0110532 0.0137857 0.0322341 0.00955781 0.00907683 0.00908685 0.00975686 0.0157919 0.0713836 0.0485981 0.014172 0.00387989 0.00382259 0 0.00380126 0.00378064 0.00373931 0.0037993 0.00388381 0.0215868 0.0111596 0.0120148 
0.00830506 0.00835082 0.00863451 0.00837766 0.0123895 0.0128219 0.0355287 0.0100276 0.0108157 0.00857207 0.00950872 0.0249105 0.0253664 0.0497614 0.0146847 0.0117721 0.0121223 0.0172262 0.0165427 0.0805313 0.0267625 0.269993 0.0293976 0.0161723 0.0109934 0.0117002 0.0219956 0.0214996 0.0100993 0.0108069 0.00878253 0.0275699 0.0234101 0.0863087 0.0114261 0.0123526 0.00392094 0.00380474 0.00380126 0 0.00375699 0.00381048 0.00379824 0.00401563 0.0403958 0.0119684 0.0133456 
0.00822185 0.00842122 0.00843186 0.00889185 0.00957647 0.0267514 0.0143054 0.0242422 0.00913139 0.00862718 0.00970708 0.0168452 0.101524 0.0238394 0.0244839 0.0104164 0.0129877 0.0171939 0.0493178 0.0170409 0.416578 0.0442368 0.0703014 0.0296385 0.0108121 0.0190897 0.0229756 0.0185773 0.0290878 0.00890731 0.0119854 0.0394156 0.0788716 0.0102351 0.0170816 0.00929766 0.00385556 0.00388358 0.00378064 0.00375699 0 0.00375451 0.00378599 0.00383415 0.0219707 0.0396826 0.0102294 
0.00824756 0.00836821 0.0086631 0.00826827 0.0142798 0.0108792 0.0425452 0.00969035 0.0105957 0.00847287 0.00899331 0.0269646 0.0243274 0.0642759 0.0131554 0.0107339 0.0122636 0.016201 0.0174953 0.277949 0.0195409 0.156041 0.0474755 0.0234179 0.0103363 0.0109929 0.0170527 0.0750583 0.0111376 0.0102563 0.0203864 0.0690123 0.00992383 0.0342361 0.00983603 0.0117369 0.00409637 0.00386141 0.00373931 0.00381048 0.00375451 0 0.00378666 0.00379632 0.0619192 0.0185383 0.0176193 
0.0083351 0.0084687 0.00840658 0.00904039 0.00889608 0.0198334 0.00993386 0.0106129 0.00885316 0.0085309 0.0104073 0.0112884 0.029656 0.011339 0.0203996 0.0109506 0.0125896 0.01495 0.0419881 0.0104653 0.0454399 0.0328493 0.0333754 0.0402639 0.0148907 0.0138835 0.0300511 0.0132058 0.0222762 0.0113662 0.0660645 0.0192574 0.0172965 0.00878018 0.0266716 0.0130677 0.00405781 0.00479741 0.0037993 0.00379824 0.00378599 0.00378666 0 0.00387035 0.01506 0.0927661 0.0151839 
0.00874533 0.00846698 0.00832222 0.00837888 0.0159181 0.00903627 0.00941554 0.00856238 0.00878811 0.0100558 0.0132951 0.010484 0.00928747 0.00979154 0.0102453 0.0126722 0.04866 0.0141894 0.00925352 0.0136677 0.0107315 0.0165424 0.0106381 0.0159656 0.0174537 0.0319642 0.0114016 0.0109058 0.0106896 0.0234511 0.0220141 0.0177831 0.00940498 0.0121758 0.0107736 0.035813 0.0114233 0.00465451 0.00388381 0.00401563 0.00383415 0.00379632 0.00387035 0 0.0177737 0.0109939 0.118549 
0.00820322 0.00807917 0.00846756 0.00816467 0.0121682 0.00815029 0.00891761 0.00814406 0.00839204 0.00829838 0.00848158 0.00884414 0.00822816 0.00858461 0.00826427 0.0084667 0.0106345 0.00828013 0.00828388 0.012634 0.00899754 0.0100356 0.00928914 0.00876129 0.0127295 0.00972095 0.00905642 0.00896664 0.00836077 0.0123428 0.00870074 0.0165108 0.00868862 0.0158837 0.00888624 0.01504 0.0322716 0.0140187 0.0215868 0.0403958 0.0219707 0.0619192 0.01506 0.0177737 0 0.00388334 0.00462556 
0.00817039 0.00827724 0.0082952 0.0082474 0.00818623 0.00870308 0.00827526 0.00818434 0.00820248 0.00816645 0.00829535 0.00844953 0.00854465 0.00825555 0.00820952 0.00818146 0.00832078 0.00870011 0.00858663 0.00844161 0.0113266 0.00920583 0.00858721 0.0103658 0.00836116 0.00933921 0.0107546 0.00848498 0.0111105 0.00822519 0.0109774 0.00931025 0.0139494 0.00858147 0.0136957 0.00871852 0.0101946 0.0313878 0.0111596 0.0119684 0.0396826 0.0185383 0.0927661 0.0109939 0.00388334 0 0.00386645 
0.00867031 0.00834586 0.00854882 0.00832986 0.0103492 0.00831612 0.00873994 0.00806848 0.00816865 0.00810951 0.00966077 0.00874462 0.0083913 0.00844284 0.00827987 0.00828466 0.0162084 0.00836521 0.00837044 0.0106918 0.00887829 0.00990351 0.00928363 0.00894169 0.0089125 0.0128252 0.0088096 0.00925999 0.00839233 0.0102062 0.0114602 0.0140467 0.0087709 0.0136365 0.00876156 0.0100836 0.0312248 0.0102698 0.0120148 0.0133456 0.0102294 0.0176193 0.0151839 0.118549 0.00462556 0.00386645 0 
