1A5KA
MELTPREKDKLLLFTAALVAERRLARGLKLNYPESVALISAFIMEGARDGKSVASLMEEGRHVLTREQVMEGVPEMIPDIQVEATFPDGSKLVTVHNPII
CCCCHHHHHHHHHHHHHHHHHHHHHCCCCECHHHHHHHHHHHHHHHHHHCCCHHHHHHHHHHCCCHHHECCCCHHHCCEEEEEEEECCEEEEEEEECCCC
0 0 0 0 0 0 0 0 0 0 0 0 0 0 0 0 0 0 0 0 0 0 0 0 0 0 0 0 0 0 0 0 0 0 0 0 0 0 0 0 0 0 0 0 0 0 0 0 0 0 0 0 0 0 0 0 0 0 0 0 0 0 0 0 0 0 0 0 0 0 0 0 0 0 0 0 0 0 0 0 0 0 0 0 0 0 0 0 0 0 0 0 0 0 0 0 0 0 0 0 
0 0 0 0 0 0 0 0 0 0 0 0 0 0 0 0 0 0 0 0 0 0 0 0 0 0 0 0 0 0 0 0 0 0 0 0 0 0 0 0 0 0 0 0 0 0 0 0 0 0 0 0 0 0 0 0 0 0 0 0 0 0 0 0 0 0 0 0 0 0 0 0 0 0 0 0 0 0 0 0 0 0 0 0 0 0 0 0 0 0 0 0 0 0 0 0 0 0 0 0 
0 0.328425 0.0127867 0.0165852 0.00992781 0.0128128 0.00934756 0.013966 0.00990326 0.0182645 0.0190131 0.00947052 0.00890887 0.00928234 0.0143466 0.00890035 0.0132553 0.0101141 
0.328425 0 0.0065354 0.00708659 0.00561085 0.00589846 0.00562824 0.00704371 0.00656844 0.0107799 0.00736702 0.00716257 0.00755705 0.00749983 0.00906452 0.00875726 0.0115894 0.0135163 
0.0127867 0.0065354 0 0.00382194 0.00378339 0.00378029 0.00384373 0.00387391 0.00417412 0.00448948 0.00518271 0.00589437 0.00646667 0.00756984 0.00749512 0.0230077 0.0104244 0.87551 
0.0165852 0.00708659 0.00382194 0 0.0037964 0.00377789 0.00377589 0.00411125 0.00384751 0.00477417 0.00508204 0.00600388 0.00703176 0.00718037 0.0130067 0.00962044 0.963759 0.0138287 
0.00992781 0.00561085 0.00378339 0.0037964 0 0.00375636 0.00384878 0.00372806 0.00392458 0.00384988 0.00430304 0.00641402 0.00710203 0.00939488 0.00934343 0.969178 0.00994744 0.00935965 
0.0128128 0.00589846 0.00378029 0.00377789 0.00375636 0 0.00376992 0.00382921 0.00379671 0.00388901 0.00414364 0.00566183 0.0109528 0.012393 0.959052 0.0106515 0.0134529 0.00752311 
0.00934756 0.00562824 0.00384373 0.00377589 0.00384878 0.00376992 0 0.00375783 0.00388734 0.00375792 0.00392651 0.00534426 0.0146655 0.95116 0.00866222 0.0153815 0.00668243 0.00868058 
0.013966 0.00704371 0.00387391 0.00411125 0.00372806 0.00382921 0.00375783 0 0.00376515 0.0038216 0.00423981 0.00794454 0.953502 0.0104932 0.0210248 0.00650038 0.0126944 0.00650288 
0.00990326 0.00656844 0.00417412 0.00384751 0.00392458 0.00379671 0.00388734 0.00376515 0 0.00375162 0.00567673 0.940372 0.00600168 0.00537213 0.00504701 0.0130423 0.00601066 0.00628341 
0.0182645 0.0107799 0.00448948 0.00477417 0.00384988 0.00388901 0.00375792 0.0038216 0.00375162 0 0.977262 0.00424448 0.00438917 0.0039644 0.00599114 0.00473261 0.00697914 0.00545619 
0.0190131 0.00736702 0.00518271 0.00508204 0.00430304 0.00414364 0.00392651 0.00423981 0.00567673 0.977262 0 0.00402859 0.00381592 0.00396883 0.00394899 0.00401414 0.00421733 0.00591812 
0.00947052 0.00716257 0.00589437 0.00600388 0.00641402 0.00566183 0.00534426 0.00794454 0.940372 0.00424448 0.00402859 0 0.00379246 0.00383493 0.00392598 0.00386983 0.00499344 0.00497545 
0.00890887 0.00755705 0.00646667 0.00703176 0.00710203 0.0109528 0.0146655 0.953502 0.00600168 0.00438917 0.00381592 0.00379246 0 0.00372168 0.00382812 0.00527701 0.00399114 0.00398282 
0.00928234 0.00749983 0.00756984 0.00718037 0.00939488 0.012393 0.95116 0.0104932 0.00537213 0.0039644 0.00396883 0.00383493 0.00372168 0 0.0037469 0.00371803 0.00377494 0.00397227 
0.0143466 0.00906452 0.00749512 0.0130067 0.00934343 0.959052 0.00866222 0.0210248 0.00504701 0.00599114 0.00394899 0.00392598 0.00382812 0.0037469 0 0.00383711 0.00384723 0.00385793 
0.00890035 0.00875726 0.0230077 0.00962044 0.969178 0.0106515 0.0153815 0.00650038 0.0130423 0.00473261 0.00401414 0.00386983 0.00527701 0.00371803 0.00383711 0 0.00401052 0.00378168 
0.0132553 0.0115894 0.0104244 0.963759 0.00994744 0.0134529 0.00668243 0.0126944 0.00601066 0.00697914 0.00421733 0.00499344 0.00399114 0.00377494 0.00384723 0.00401052 0 0.00395868 
0.0101141 0.0135163 0.87551 0.0138287 0.00935965 0.00752311 0.00868058 0.00650288 0.00628341 0.00545619 0.00591812 0.00497545 0.00398282 0.00397227 0.00385793 0.00378168 0.00395868 0 
