1BW0A
WDVSMSNHAGLVFNPIRTVSDNAKPSPSPKPIIKLSVGDPTLDKNLLTSAAQIKKLKEAIDSQECNGYFPTVGSPEAREAVATWWRNSFVHKEELKSTIVKDNVVLCSGGSHGILMAITAICDAGDYALVPQPGFPHYETVCKAYGIGMHFYNCRPENDWEADLDEIRRLKDDKTKLLIVTNPSNPCGSNFSRKHVEDIVRLAEELRLPLFSDEIYAGMVFKGKDPNATFTSVADFETTVPRVILGGTAXNLVVPGWRLGWLLYVDPHGNGPSFLEGLKRVGMLVCGPCTVVQAALGEALLNTPQEHLDQIVAKIEESAMYLYNHIGECIGLAPTMPRGAMYLMSRIDLEKYRDIKTDVEFFEKLLEEENVQVLPGTIFHAPGFTRLTTTRPVEVYREAVERIKAFCQRHAA
CCCCCCHHHHCCCCHHHHHHHCCCCCCCCCCCEECCCCCCCCCCCCCCCHHHHHHHHHHHHCCCCCCCCCCCCCHHHHHHHHHHHHHHHCCCCCCHHHCCHHHEEEECHHHHHHHHHHHHHCCCCCEEEEEECCCCHHHHHHHHCCCEEEEEEEEHHHCCEECHHHHHHHCCCCEEEEEEECCCCCCCCCCCHHHHHHHHHHHHHHCCCEEEECCCCCCECCCCCCCCCCCCCCCCCCCCCEEEEEECCCCCCCHHHCCEEEEEECCCCCCHHHHHHHHHHHHHHCCCCHHHHHHHHHHHHCCCHHHHHHHHHHHHHHHHHHHHHHCCCCCEEECCCCECCEEEEEECHHHECCCCCHHHHHHHHHHHHCEECEEHHHHCCCCEEEEECCCCHHHHHHHHHHHHHHHHHHEC
0 0 0 0 0 0 0 0 0 0 0 0 0 0 0 0 0 0 0 0 0 0 0 0 0 0 0 0 0 0 0 0 0 0 0 0 0 0 0 0 0 0 0 0 0 0 0 0 0 0 0 0 0 0 0 0 0 0 0 0 0 0 0 0 0 0 0 0 0 0 0 0 0 0 0 0 0 0 0 0 0 0 0 0 0 0 0 0 0 0 0 0 0 0 0 0 0 0 0 0 0 0 0 0 0 0 0 0 0 0 0 0 0 0 0 0 0 0 0 0 0 0 0 0 0 0 0 0 0 0 0 0 0 0 0 0 0 0 0 0 0 0 0 0 0 0 0 0 0 0 0 0 0 0 0 0 0 0 0 0 0 0 0 0 0 0 0 0 0 0 0 0 0 0 0 0 0 0 0 0 0 0 0 0 0 0 0 0 0 0 0 0 0 0 0 0 0 0 0 0 0 0 0 0 0 0 0 0 0 0 0 0 0 0 0 0 0 0 0 0 0 0 0 0 0 0 0 0 0 0 0 0 0 0 0 0 0 0 0 0 0 0 0 0 0 0 0 0 0 0 0 0 0 0 0 0 0 0 0 0 0 0 0 0 0 0 0 0 0 0 0 0 0 0 0 0 0 0 0 0 0 0 0 0 0 0 0 0 0 0 0 0 0 0 0 0 0 0 0 0 0 0 0 0 0 0 0 0 0 0 0 0 0 0 0 0 0 0 0 0 0 0 0 0 0 0 0 0 0 0 0 0 0 0 0 0 0 0 0 0 0 0 0 0 0 0 0 0 0 0 0 0 0 0 0 0 0 0 0 0 0 0 0 0 0 0 0 0 0 0 0 0 0 0 0 0 0 0 0 0 0 0 0 0 0 0 0 0 0 0 0 0 0 0 0 0 0 0 0 0 0 0 0 0 0 0 0 0 0 0 0 0 
0 0 0 0 0 0 0 0 0 0 0 0 0 0 0 0 0 0 0 0 0 0 0 0 0 0 0 0 0 0 0 0 0 0 0 0 0 0 0 0 0 0 0 0 0 0 0 0 0 0 0 0 0 0 0 0 0 0 0 0 0 0 0 0 0 0 0 0 0 0 0 0 0 0 0 0 0 0 0 0 0 0 0 0 0 0 0 0 0 0 0 0 0 0 0 0 0 0 0 0 0 0 0 0 0 0 0 0 0 0 0 0 0 0 0 0 0 0 0 0 0 0 0 0 0 0 0 0 0 0 0 0 0 0 0 0 0 0 0 0 0 0 0 0 0 0 0 0 0 0 0 0 0 0 0 0 0 0 0 0 0 0 0 0 0 0 0 0 0 0 0 0 0 0 0 0 0 0 0 0 0 0 0 0 0 0 0 0 0 0 0 0 0 0 0 0 0 0 0 0 0 0 0 0 0 0 0 0 0 0 0 0 0 0 0 0 0 0 0 0 0 0 0 0 0 0 0 0 0 0 0 0 0 0 0 0 0 0 0 0 0 0 0 0 0 0 0 0 0 0 0 0 0 0 0 0 0 0 0 0 0 0 0 0 0 0 0 0 0 0 0 0 0 0 0 0 0 0 0 0 0 0 0 0 0 0 0 0 0 0 0 0 0 0 0 0 0 0 0 0 0 0 0 0 0 0 0 0 0 0 0 0 0 0 0 0 0 0 0 0 0 0 0 0 0 0 0 0 0 0 0 0 0 0 0 0 0 0 0 0 0 0 0 0 0 0 0 0 0 0 0 0 0 0 0 0 0 0 0 0 0 0 0 0 0 0 0 0 0 0 0 0 0 0 0 0 0 0 0 0 0 0 0 0 0 0 0 0 0 0 0 0 0 0 0 0 0 0 0 0 0 0 0 0 0 0 0 0 0 0 0 0 
0 0.00532693 0.0230822 0.0132941 0.0157329 0.0155313 0.00916452 0.010138 0.00873155 0.00872876 0.00908591 0.00880517 0.00837057 0.00838767 0.00844029 0.00864479 0.00866049 0.00833482 0.00877469 0.00840189 0.00833408 0.0128446 0.0103846 0.00829521 0.0088562 0.00856058 0.00847623 0.00876988 0.00892091 0.00842722 0.00828038 0.00837271 0.00819925 0.00848274 0.0084738 0.00841844 0.00835181 0.00843912 0.00825654 0.00830374 0.00826633 0.00842698 0.00838576 0.00843678 0.00834895 0.00848105 0.00900796 0.00870923 0.00882738 0.00939098 0.00877237 0.00866888 0.00855759 0.00866283 0.00856193 0.0106296 0.0119299 0.00991558 0.00929911 0.00883242 0.00913089 0.00907031 0.00947857 0.00895833 0.00987075 0.00985095 0.0137289 
0.00532693 0 0.0132391 0.0165322 0.0269834 0.0242348 0.01105 0.00922429 0.00932006 0.00860775 0.00877768 0.00896676 0.00961872 0.00860795 0.00885981 0.00889151 0.00921888 0.00879261 0.00826577 0.00874634 0.0108885 0.00831914 0.00864288 0.00900659 0.00852787 0.00919264 0.00878944 0.00878814 0.00888975 0.00876305 0.00832749 0.00849416 0.00827237 0.00968544 0.0085473 0.00837084 0.00853926 0.00833154 0.00839653 0.00833309 0.00851689 0.00843292 0.00829798 0.00825683 0.00846523 0.00829707 0.00862729 0.00882468 0.00845649 0.00871189 0.00908058 0.00884803 0.00850127 0.00840003 0.0087204 0.00859034 0.00921441 0.00945336 0.00929118 0.00882902 0.00912981 0.00941276 0.0090291 0.00910666 0.00903144 0.00992223 0.0114051 
0.0230822 0.0132391 0 0.00382302 0.0038343 0.00395044 0.0308346 0.0427412 0.0166506 0.0130017 0.0136621 0.0174416 0.0160048 0.016396 0.0133989 0.0141265 0.0143414 0.0105976 0.0155034 0.0143374 0.00936192 0.0306003 0.0135085 0.00977012 0.0151871 0.0149073 0.0142344 0.0125533 0.0185355 0.0114887 0.00949052 0.00959789 0.0114904 0.00924981 0.00955742 0.00948568 0.00925448 0.00891663 0.00868884 0.0102565 0.00845206 0.00863642 0.00843169 0.00871471 0.00844708 0.00969151 0.00836049 0.00831512 0.00843632 0.00844746 0.00847659 0.00852881 0.00837619 0.00849863 0.00822917 0.00933693 0.0090927 0.00847428 0.00853433 0.00838715 0.00851313 0.00843091 0.00853696 0.00865036 0.00868837 0.00905196 0.0103051 
0.0132941 0.0165322 0.00382302 0 0.00379629 0.00376733 0.0294178 0.0761931 0.0634186 0.0577885 0.0235885 0.0128292 0.0115326 0.0221043 0.0267224 0.0309826 0.0247889 0.0204252 0.0133383 0.0112993 0.009299 0.0107088 0.00993653 0.0118783 0.0210326 0.0393853 0.0399465 0.0236644 0.0116232 0.0111279 0.0103163 0.0127578 0.0095752 0.0083269 0.00912752 0.00961709 0.0113825 0.0106377 0.00982699 0.00865416 0.00888296 0.00910397 0.00989875 0.00948417 0.00904848 0.00854898 0.00833927 0.00849165 0.00825128 0.00829224 0.00842101 0.00865242 0.00846518 0.00854243 0.00844505 0.00842112 0.00830677 0.00842681 0.00864914 0.00840851 0.00851748 0.00836776 0.00874881 0.0086031 0.00882423 0.00868019 0.00858181 
0.0157329 0.0269834 0.0038343 0.00379629 0 0.00382889 0.0164178 0.0571396 0.104936 0.10423 0.13036 0.0217872 0.0135417 0.0306491 0.0302684 0.0394068 0.0399404 0.025855 0.0295499 0.0101641 0.0109233 0.010692 0.00967898 0.0128029 0.0220368 0.0315814 0.0438312 0.100803 0.0197153 0.0112313 0.0159462 0.0174437 0.0100069 0.00905768 0.00961708 0.0110797 0.0121964 0.011214 0.0107999 0.00882289 0.00874316 0.00953417 0.00945904 0.00957173 0.00920345 0.00842717 0.00840916 0.0085609 0.00830111 0.00829952 0.00849481 0.00865234 0.00854328 0.0085022 0.00836085 0.00842085 0.00827438 0.00850596 0.00869689 0.00838747 0.00844979 0.00839426 0.00874016 0.00874677 0.00887729 0.00871527 0.00868426 
0.0155313 0.0242348 0.00395044 0.00376733 0.00382889 0 0.0195176 0.0186002 0.0257142 0.0242353 0.0451697 0.131869 0.0202613 0.0123688 0.012761 0.0126236 0.0194567 0.0117044 0.0134762 0.0133639 0.0118959 0.0136466 0.0172671 0.00942726 0.0109913 0.0122547 0.0154516 0.0161921 0.0355783 0.0166632 0.00964462 0.0100601 0.011001 0.0115765 0.0105494 0.009203 0.00905793 0.00904232 0.00875033 0.00955405 0.00906512 0.00886793 0.00858279 0.00933624 0.00862869 0.00847392 0.00848414 0.00826804 0.00840404 0.00869765 0.00854239 0.00842495 0.00868228 0.00846773 0.00825497 0.00858992 0.00879102 0.00879975 0.00859345 0.00835374 0.0084179 0.00865259 0.00858372 0.00848383 0.00862114 0.00892912 0.00954699 
0.00916452 0.01105 0.0308346 0.0294178 0.0164178 0.0195176 0 0.00419991 0.00374109 0.00377612 0.00389599 0.00397706 0.404519 0.0103089 0.0136193 0.0100407 0.0133993 0.0191271 0.0104038 0.0265421 0.0171189 0.0116278 0.0175583 0.024122 0.0109273 0.0177334 0.0123263 0.0114945 0.0221281 0.0114179 0.00886107 0.00971558 0.00982708 0.0111842 0.00998087 0.00901382 0.00925437 0.00893877 0.00898448 0.00971062 0.0087714 0.00842018 0.00848819 0.00851515 0.00871206 0.0103487 0.00821784 0.00828293 0.00845524 0.00832881 0.00831525 0.0083458 0.00831377 0.00832426 0.00839842 0.0086935 0.00831572 0.00824084 0.0084683 0.00829189 0.00835838 0.00832936 0.00838027 0.00837444 0.00843954 0.00871164 0.00851183 
0.010138 0.00922429 0.0427412 0.0761931 0.0571396 0.0186002 0.00419991 0 0.00379636 0.00380205 0.00382304 0.00379588 0.0217619 0.441706 0.0134298 0.0754396 0.0202361 0.0124498 0.0223241 0.00934917 0.00959315 0.0147259 0.0175802 0.0162292 0.0982222 0.0357973 0.0448807 0.036036 0.0138353 0.0147589 0.0197108 0.0111007 0.0104769 0.00858149 0.0107295 0.0221917 0.0139508 0.0133445 0.00988655 0.00913543 0.0089544 0.0113901 0.00978564 0.0107558 0.00995372 0.00909466 0.00835214 0.00835582 0.00824477 0.00825311 0.00858685 0.00864697 0.00843228 0.00845245 0.00833411 0.00868068 0.00846747 0.00840932 0.00849193 0.00833278 0.00834893 0.00838408 0.00857132 0.00862494 0.00860021 0.00852593 0.00922994 
0.00873155 0.00932006 0.0166506 0.0634186 0.104936 0.0257142 0.00374109 0.00379636 0 0.00375772 0.00378362 0.00376562 0.0247687 0.0229384 0.462848 0.0278205 0.0558457 0.0261936 0.011479 0.00907063 0.00983684 0.00940868 0.0107039 0.0221544 0.0298038 0.201266 0.101661 0.0370223 0.0124187 0.0149111 0.0211984 0.0155401 0.00936777 0.00865634 0.0105564 0.0163862 0.0273923 0.0195747 0.0107649 0.00874566 0.00905749 0.0102564 0.0115306 0.0126108 0.0096928 0.00859881 0.00848311 0.00834981 0.00830329 0.00833573 0.00842719 0.00878133 0.00853801 0.00848893 0.00841213 0.0083718 0.00824588 0.00845227 0.00848775 0.00848262 0.00827602 0.0083302 0.00857262 0.00885116 0.00861553 0.00848865 0.00858165 
0.00872876 0.00860775 0.0130017 0.0577885 0.10423 0.0242353 0.00377612 0.00380205 0.00375772 0 0.00376068 0.00375306 0.0118777 0.0727562 0.0216832 0.380193 0.0247545 0.0415848 0.0105701 0.00818917 0.00855625 0.00893171 0.00970139 0.0109819 0.0539372 0.0683962 0.145083 0.0286392 0.0130486 0.0127186 0.0190266 0.0135756 0.0096993 0.00834491 0.00996121 0.01322 0.0247593 0.0207236 0.0110969 0.00896915 0.00893865 0.00981421 0.0117623 0.0129706 0.0100092 0.00868295 0.00837366 0.00834236 0.00821262 0.00822313 0.00842449 0.00883267 0.00851052 0.00850164 0.00830095 0.00827215 0.00816696 0.00845676 0.00833651 0.00832104 0.00815945 0.00833779 0.00859775 0.00873305 0.00859163 0.00841152 0.00851748 
0.00908591 0.00877768 0.0136621 0.0235885 0.13036 0.0451697 0.00389599 0.00382304 0.00378362 0.00376068 0 0.00374828 0.0181594 0.0408301 0.0704351 0.0251361 0.204158 0.0108248 0.0430569 0.00772223 0.0100409 0.00931859 0.0100905 0.0115974 0.0142566 0.021062 0.0229695 0.0771808 0.0131234 0.0134056 0.0141692 0.0139848 0.00969662 0.00905621 0.00951926 0.0113993 0.0112301 0.0111348 0.0102982 0.00860338 0.00872119 0.00912002 0.00900142 0.00886653 0.00901861 0.00831622 0.00822118 0.00823908 0.00819404 0.00816212 0.00826171 0.0083827 0.00831433 0.00831594 0.00819995 0.00822114 0.00819526 0.00823854 0.00831284 0.00819098 0.00815797 0.00824765 0.00840266 0.00841013 0.00842866 0.00832841 0.00854161 
0.00880517 0.00896676 0.0174416 0.0128292 0.0217872 0.131869 0.00397706 0.00379588 0.00376562 0.00375306 0.00374828 0 0.0374281 0.0146004 0.0174934 0.0133524 0.0107209 0.0444396 0.00903448 0.0324554 0.0101482 0.0108201 0.0131364 0.00883415 0.010433 0.0102115 0.0141508 0.0163334 0.0502287 0.0168172 0.0093386 0.00940698 0.010434 0.0104537 0.0106682 0.00888306 0.00881547 0.00876104 0.00886157 0.00892491 0.00982146 0.00854549 0.00857966 0.00859669 0.00856135 0.00835807 0.00825046 0.0082382 0.0082007 0.00828042 0.00828103 0.00834216 0.0082513 0.00825496 0.0081925 0.00826937 0.00825274 0.00829705 0.00834354 0.00818683 0.00826431 0.00829162 0.00839814 0.00843323 0.00842991 0.00836768 0.00860271 
0.00837057 0.00961872 0.0160048 0.0115326 0.0135417 0.0202613 0.404519 0.0217619 0.0247687 0.0118777 0.0181594 0.0374281 0 0.00391788 0.00378534 0.00380601 0.00373953 0.00387357 0.00381101 0.00862328 0.00801938 0.00885687 0.0179632 0.01649 0.0103382 0.0134241 0.0131025 0.0129151 0.0304007 0.0143732 0.00935926 0.010318 0.011005 0.0106437 0.0113709 0.00918838 0.00974193 0.00917993 0.00902619 0.0103179 0.00883289 0.00844547 0.00856828 0.00899996 0.0087433 0.0113155 0.00811705 0.00818849 0.00836393 0.00823339 0.00818434 0.00833794 0.008436 0.00838496 0.00825197 0.00849448 0.00828172 0.00815353 0.00829128 0.00814988 0.00826097 0.00823831 0.00836099 0.00836708 0.00839703 0.00847812 0.00853284 
0.00838767 0.00860795 0.016396 0.0221043 0.0306491 0.0123688 0.0103089 0.441706 0.0229384 0.0727562 0.0408301 0.0146004 0.00391788 0 0.00378657 0.00377595 0.0037896 0.00388502 0.00432085 0.00377687 0.00736407 0.00756211 0.013544 0.0142993 0.0287478 0.0245204 0.0295895 0.041764 0.0133507 0.0139063 0.0222235 0.0129604 0.0112822 0.00864623 0.00995758 0.0173597 0.0136465 0.0139895 0.0105488 0.00909852 0.00891692 0.0103869 0.00978538 0.0103527 0.00991159 0.00904257 0.00831158 0.00831618 0.0082885 0.00815911 0.00837381 0.0087176 0.00842638 0.00848088 0.00834742 0.00850985 0.0081057 0.00828716 0.0082911 0.00822596 0.00821669 0.00830011 0.00844939 0.00848999 0.00841732 0.00835744 0.0085971 
0.00844029 0.00885981 0.0133989 0.0267224 0.0302684 0.012761 0.0136193 0.0134298 0.462848 0.0216832 0.0704351 0.0174934 0.00378534 0.00378657 0 0.00377168 0.0037637 0.0038111 0.00375803 0.00378958 0.00612285 0.00622543 0.0102552 0.0152364 0.0315153 0.0710574 0.0549594 0.0223239 0.0143057 0.0142929 0.0191976 0.0169281 0.00978763 0.00847048 0.0110128 0.0170022 0.0338568 0.0254108 0.0120477 0.00937554 0.0092216 0.0110552 0.0133731 0.0151806 0.0106608 0.0119408 0.0082432 0.00833956 0.00822224 0.00823675 0.00845523 0.00878293 0.00867202 0.00849083 0.00835316 0.00830572 0.00816091 0.0083985 0.00829347 0.00832287 0.00822918 0.0082446 0.00845813 0.00863936 0.00847069 0.00837824 0.00855207 
0.00864479 0.00889151 0.0141265 0.0309826 0.0394068 0.0126236 0.0100407 0.0754396 0.0278205 0.380193 0.0251361 0.0133524 0.00380601 0.00377595 0.00377168 0 0.00376256 0.00375633 0.00375257 0.00377823 0.00605268 0.00611056 0.0109118 0.0165878 0.0466845 0.0671359 0.0838682 0.0296747 0.0162305 0.0166826 0.0255931 0.0196388 0.0114194 0.00878455 0.0113926 0.0212925 0.0436632 0.034244 0.0141221 0.00916106 0.00969957 0.0121121 0.0148797 0.0189051 0.01225 0.00877832 0.0083878 0.00845093 0.00828197 0.00824482 0.00856551 0.00891203 0.00863148 0.00864157 0.00836939 0.00830914 0.00815565 0.00879259 0.00836995 0.00830017 0.00822317 0.00825752 0.00862591 0.00872227 0.00861839 0.00839717 0.00837235 
0.00866049 0.00921888 0.0143414 0.0247889 0.0399404 0.0194567 0.0133993 0.0202361 0.0558457 0.0247545 0.204158 0.0107209 0.00373953 0.0037896 0.0037637 0.00376256 0 0.00374732 0.00374688 0.00374894 0.00497191 0.0064878 0.0122446 0.0235255 0.052073 0.0492892 0.0616287 0.044126 0.0170636 0.0187245 0.0317375 0.0174242 0.0166965 0.00858901 0.0113014 0.0230733 0.0410838 0.0494762 0.0138424 0.0112276 0.00983099 0.0125231 0.0163959 0.020543 0.0108665 0.00899269 0.00834113 0.00834209 0.00826812 0.00824391 0.00847491 0.00892307 0.0085662 0.00870838 0.00830816 0.00831418 0.00816494 0.00832013 0.00832948 0.00827697 0.00819235 0.00825768 0.00854703 0.00861002 0.00852662 0.00831622 0.00849768 
0.00833482 0.00879261 0.0105976 0.0204252 0.025855 0.0117044 0.0191271 0.0124498 0.0261936 0.0415848 0.0108248 0.0444396 0.00387357 0.00388502 0.0038111 0.00375633 0.00374732 0 0.00374318 0.0037529 0.00581156 0.00538752 0.0151343 0.0191658 0.0130479 0.0371687 0.0565221 0.028106 0.015625 0.0123704 0.0137027 0.0195165 0.00941584 0.00880385 0.0100205 0.0119537 0.0352492 0.016937 0.0118313 0.0089012 0.00943468 0.00957825 0.0122444 0.012322 0.0099722 0.00852389 0.00825536 0.00835955 0.00822878 0.00816732 0.00843828 0.00847079 0.00847354 0.00834451 0.00833213 0.00827361 0.00812246 0.00837465 0.00823461 0.00826492 0.00815644 0.00832578 0.00846623 0.00861312 0.00846581 0.00829227 0.00834277 
0.00877469 0.00826577 0.0155034 0.0133383 0.0295499 0.0134762 0.0104038 0.0223241 0.011479 0.0105701 0.0430569 0.00903448 0.00381101 0.00432085 0.00375803 0.00375257 0.00374688 0.00374318 0 0.00376754 0.00394128 0.428618 0.0122567 0.00856414 0.0132552 0.0127558 0.0198259 0.0353017 0.0125327 0.0129351 0.0176174 0.0108019 0.0132412 0.00897971 0.0102898 0.0147161 0.010081 0.0131902 0.0102117 0.00945137 0.00895145 0.00982302 0.00903766 0.00923792 0.00912081 0.00864576 0.00839995 0.00823095 0.00824925 0.00824138 0.00832703 0.00843357 0.00830283 0.00846487 0.00823072 0.00828341 0.00835625 0.00829726 0.00822674 0.00819192 0.00814824 0.0081837 0.00836006 0.00842291 0.00836511 0.00825405 0.00864667 
0.00840189 0.00874634 0.0143374 0.0112993 0.0101641 0.0133639 0.0265421 0.00934917 0.00907063 0.00818917 0.00772223 0.0324554 0.00862328 0.00377687 0.00378958 0.00377823 0.00374894 0.0037529 0.00376754 0 0.640625 0.00394823 0.0109527 0.0110664 0.00803892 0.0113857 0.0112777 0.00898807 0.0164531 0.0147784 0.00924381 0.0102042 0.0101102 0.0120762 0.0120064 0.00874216 0.00900985 0.0087457 0.00890925 0.00922665 0.0102796 0.00838755 0.00847483 0.00838286 0.00868594 0.00866183 0.00836972 0.00823557 0.00821003 0.00820712 0.00846896 0.00831916 0.00822292 0.00814974 0.00820735 0.00813346 0.00835475 0.00823084 0.00825734 0.00812179 0.00830412 0.00834091 0.00827258 0.00822927 0.00819496 0.00846248 0.00848537 
0.00833408 0.0108885 0.00936192 0.009299 0.0109233 0.0118959 0.0171189 0.00959315 0.00983684 0.00855625 0.0100409 0.0101482 0.00801938 0.00736407 0.00612285 0.00605268 0.00497191 0.00581156 0.00394128 0.640625 0 0.00468666 0.0104649 0.0500386 0.00844398 0.0106148 0.0102628 0.0125301 0.0201949 0.0113359 0.00899779 0.0110107 0.00898753 0.0162559 0.00996092 0.00876088 0.00895006 0.00841293 0.00882047 0.00905072 0.00885096 0.00832813 0.00823816 0.00827903 0.00922711 0.00949889 0.00814008 0.00840672 0.00824858 0.00836466 0.00821063 0.00819888 0.00821118 0.00818553 0.00838131 0.00828379 0.00827747 0.00809929 0.00829502 0.00817584 0.00852609 0.00826531 0.00829454 0.0082809 0.00829708 0.00856318 0.00835706 
0.0128446 0.00831914 0.0306003 0.0107088 0.010692 0.0136466 0.0116278 0.0147259 0.00940868 0.00893171 0.00931859 0.0108201 0.00885687 0.00756211 0.00622543 0.00611056 0.0064878 0.00538752 0.428618 0.00394823 0.00468666 0 0.0759526 0.00799064 0.00997888 0.00904792 0.00909422 0.0175384 0.0165981 0.0180688 0.0110952 0.00959903 0.0123506 0.0146139 0.0120757 0.0120227 0.00884612 0.00984411 0.0088144 0.00933882 0.0104341 0.00899241 0.00860364 0.00873518 0.00891548 0.0090412 0.00941197 0.0082269 0.00843809 0.00913708 0.00861496 0.00837072 0.00825777 0.00852316 0.00821796 0.0097065 0.0103717 0.00884586 0.00839522 0.00831487 0.00831894 0.00846283 0.00854188 0.00830977 0.00841342 0.00848252 0.0137611 
0.0103846 0.00864288 0.0135085 0.00993653 0.00967898 0.0172671 0.0175583 0.0175802 0.0107039 0.00970139 0.0100905 0.0131364 0.0179632 0.013544 0.0102552 0.0109118 0.0122446 0.0151343 0.0122567 0.0109527 0.0104649 0.0759526 0 0.00622316 0.00386753 0.00389609 0.00389466 0.00590325 0.00568641 0.0675474 0.012736 0.0112086 0.0199593 0.0176643 0.0177622 0.0147332 0.00999096 0.00928119 0.00902307 0.0131842 0.00986058 0.00878323 0.00867506 0.00868614 0.00888908 0.0150505 0.00865345 0.00813894 0.00898323 0.00956339 0.00822267 0.00820892 0.00815108 0.00833822 0.00811725 0.0111484 0.0102801 0.00850757 0.00823253 0.00816783 0.00836489 0.00826684 0.00828847 0.0082801 0.00845044 0.00850585 0.0103886 
0.00829521 0.00900659 0.00977012 0.0118783 0.0128029 0.00942726 0.024122 0.0162292 0.0221544 0.0109819 0.0115974 0.00883415 0.01649 0.0142993 0.0152364 0.0165878 0.0235255 0.0191658 0.00856414 0.0110664 0.0500386 0.00799064 0.00622316 0 0.0037659 0.00381074 0.003897 0.00404242 0.00402313 0.0467577 0.0239357 0.0165257 0.0090269 0.01025 0.014768 0.0144183 0.0169726 0.0104007 0.0111902 0.00883549 0.010775 0.00993184 0.00926749 0.00996126 0.0102828 0.00904219 0.00820915 0.00837895 0.00826679 0.00822502 0.00842197 0.00838235 0.00840307 0.00831375 0.008473 0.00829701 0.00812806 0.00837767 0.00826373 0.00822139 0.00819726 0.00824549 0.00842969 0.00837259 0.00839099 0.00837219 0.00829181 
0.0088562 0.00852787 0.0151871 0.0210326 0.0220368 0.0109913 0.0109273 0.0982222 0.0298038 0.0539372 0.0142566 0.010433 0.0103382 0.0287478 0.0315153 0.0466845 0.052073 0.0130479 0.0132552 0.00803892 0.00844398 0.00997888 0.00386753 0.0037659 0 0.00380256 0.00380313 0.00457396 0.00379464 0.102328 0.0774781 0.0141394 0.0131979 0.00936017 0.0168825 0.0468522 0.0353292 0.0509844 0.0140242 0.0097889 0.0106525 0.018035 0.0231632 0.0269283 0.0121067 0.00932473 0.00850213 0.008361 0.00843579 0.00836094 0.00874354 0.0094527 0.00878835 0.00888312 0.00838602 0.008665 0.00849188 0.00842357 0.00841279 0.00829097 0.00819285 0.00832693 0.00858846 0.00868161 0.00853404 0.00836464 0.00957619 
0.00856058 0.00919264 0.0149073 0.0393853 0.0315814 0.0122547 0.0177334 0.0357973 0.201266 0.0683962 0.021062 0.0102115 0.0134241 0.0245204 0.0710574 0.0671359 0.0492892 0.0371687 0.0127558 0.0113857 0.0106148 0.00904792 0.00389609 0.00381074 0.00380256 0 0.0037531 0.00377094 0.00681172 0.461608 0.0704679 0.0450665 0.0128329 0.00999769 0.0207413 0.0572988 0.161386 0.0659296 0.0223039 0.0112069 0.0143066 0.0281848 0.0443407 0.0496594 0.0166093 0.00987055 0.00838286 0.00856505 0.00848219 0.00833655 0.00912641 0.00990022 0.00963496 0.00921337 0.00856498 0.00840547 0.00827482 0.00861912 0.00846585 0.00841875 0.00825404 0.00828175 0.00870909 0.00888166 0.00868599 0.00847639 0.00875327 
0.00847623 0.00878944 0.0142344 0.0399465 0.0438312 0.0154516 0.0123263 0.0448807 0.101661 0.145083 0.0229695 0.0141508 0.0131025 0.0295895 0.0549594 0.0838682 0.0616287 0.0565221 0.0198259 0.0112777 0.0102628 0.00909422 0.00389466 0.003897 0.00380313 0.0037531 0 0.00378101 0.00377511 0.0770938 0.552284 0.045863 0.0313624 0.010343 0.0185135 0.0601159 0.152468 0.108937 0.0277085 0.012105 0.0128164 0.0323012 0.0535213 0.0613767 0.0221717 0.010177 0.00853119 0.00869461 0.0088384 0.00828273 0.00898007 0.0103569 0.010836 0.00912413 0.0086697 0.00838476 0.00819438 0.00846968 0.00850802 0.00843211 0.0081891 0.00836347 0.0087016 0.00932575 0.00875775 0.00858713 0.00850877 
0.00876988 0.00878814 0.0125533 0.0236644 0.100803 0.0161921 0.0114945 0.036036 0.0370223 0.0286392 0.0771808 0.0163334 0.0129151 0.041764 0.0223239 0.0296747 0.044126 0.028106 0.0353017 0.00898807 0.0125301 0.0175384 0.00590325 0.00404242 0.00457396 0.00377094 0.00378101 0 0.00403525 0.0417409 0.095353 0.711096 0.0563199 0.0159035 0.0158375 0.0471173 0.0343686 0.0458446 0.0603621 0.0176047 0.0118297 0.0228248 0.0204992 0.0252158 0.0302478 0.0112255 0.00870629 0.00875865 0.0085367 0.00826007 0.00888398 0.00950048 0.00871329 0.00867726 0.00842518 0.00836541 0.00826008 0.00843479 0.00855267 0.00825869 0.00827787 0.00841163 0.00856858 0.00860798 0.00869811 0.00839377 0.00850462 
0.00892091 0.00888975 0.0185355 0.0116232 0.0197153 0.0355783 0.0221281 0.0138353 0.0124187 0.0130486 0.0131234 0.0502287 0.0304007 0.0133507 0.0143057 0.0162305 0.0170636 0.015625 0.0125327 0.0164531 0.0201949 0.0165981 0.00568641 0.00402313 0.00379464 0.00681172 0.00377511 0.00403525 0 0.030995 0.0450284 0.0890415 0.655481 0.0243099 0.0325552 0.0139778 0.013661 0.014479 0.0195147 0.0297792 0.0206322 0.011925 0.0104885 0.0112498 0.01282 0.014875 0.00995548 0.008445 0.0084439 0.00894144 0.0100713 0.00857321 0.00838208 0.00837413 0.00822483 0.008331 0.00910419 0.00981446 0.00844798 0.00829373 0.00829902 0.00929375 0.00837149 0.00840495 0.00829928 0.00850321 0.00918312 
0.00842722 0.00876305 0.0114887 0.0111279 0.0112313 0.0166632 0.0114179 0.0147589 0.0149111 0.0127186 0.0134056 0.0168172 0.0143732 0.0139063 0.0142929 0.0166826 0.0187245 0.0123704 0.0129351 0.0147784 0.0113359 0.0180688 0.0675474 0.0467577 0.102328 0.461608 0.0770938 0.0417409 0.030995 0 0.00408459 0.00377908 0.00442383 0.0168547 0.325866 0.0502634 0.0316069 0.0160148 0.0190035 0.0291485 0.0285028 0.0209363 0.0151108 0.0169866 0.0152503 0.0264958 0.00900054 0.00843802 0.00997455 0.00910584 0.00975253 0.00946188 0.00892553 0.00885757 0.00863274 0.0102102 0.00874841 0.0084402 0.00872932 0.00866753 0.00854426 0.00825766 0.00847794 0.00861544 0.00866539 0.0089147 0.00925194 
0.00828038 0.00832749 0.00949052 0.0103163 0.0159462 0.00964462 0.00886107 0.0197108 0.0211984 0.0190266 0.0141692 0.0093386 0.00935926 0.0222235 0.0191976 0.0255931 0.0317375 0.0137027 0.0176174 0.00924381 0.00899779 0.0110952 0.012736 0.0239357 0.0774781 0.0704679 0.552284 0.095353 0.0450284 0.00408459 0 0.00385032 0.00380818 0.0104812 0.0389354 0.426524 0.037786 0.0780853 0.0261066 0.0130877 0.0127058 0.0342731 0.0263152 0.026416 0.026041 0.0121236 0.0084577 0.00859933 0.0085076 0.00823146 0.00872274 0.0100284 0.00927448 0.00911648 0.00851453 0.00861164 0.00812533 0.00830971 0.00836586 0.00837893 0.00821676 0.00816033 0.00876275 0.00868436 0.00871086 0.00834492 0.0083286 
0.00837271 0.00849416 0.00959789 0.0127578 0.0174437 0.0100601 0.00971558 0.0111007 0.0155401 0.0135756 0.0139848 0.00940698 0.010318 0.0129604 0.0169281 0.0196388 0.0174242 0.0195165 0.0108019 0.0102042 0.0110107 0.00959903 0.0112086 0.0165257 0.0141394 0.0450665 0.045863 0.711096 0.0890415 0.00377908 0.00385032 0 0.00382491 0.0112794 0.0215266 0.0269046 0.292807 0.0394022 0.16181 0.0186763 0.0138521 0.0212049 0.0236114 0.0260836 0.0450607 0.0118569 0.00881065 0.00894204 0.00848687 0.00830709 0.00918625 0.00951247 0.00895689 0.00869678 0.0085794 0.00823771 0.0083317 0.00850239 0.00858281 0.00841443 0.00822327 0.00848931 0.00857311 0.00864285 0.00857151 0.00843048 0.00828304 
0.00819925 0.00827237 0.0114904 0.0095752 0.0100069 0.011001 0.00982708 0.0104769 0.00936777 0.0096993 0.00969662 0.010434 0.011005 0.0112822 0.00978763 0.0114194 0.0166965 0.00941584 0.0132412 0.0101102 0.00898753 0.0123506 0.0199593 0.0090269 0.0131979 0.0128329 0.0313624 0.0563199 0.655481 0.00442383 0.00380818 0.00382491 0 0.0230448 0.0263584 0.0302705 0.0197943 0.173706 0.0374062 0.111276 0.016045 0.0109636 0.01532 0.0124499 0.0144203 0.0274525 0.00926477 0.00823269 0.00861788 0.00864522 0.00902166 0.00881635 0.00842278 0.00848079 0.0082817 0.00855933 0.00902805 0.00884317 0.00836936 0.00824648 0.00832305 0.00839985 0.00826916 0.00829106 0.00837159 0.00831449 0.00872216 
0.00848274 0.00968544 0.00924981 0.0083269 0.00905768 0.0115765 0.0111842 0.00858149 0.00865634 0.00834491 0.00905621 0.0104537 0.0106437 0.00864623 0.00847048 0.00878455 0.00858901 0.00880385 0.00897971 0.0120762 0.0162559 0.0146139 0.0176643 0.01025 0.00936017 0.00999769 0.010343 0.0159035 0.0243099 0.0168547 0.0104812 0.0112794 0.0230448 0 0.0288867 0.0140827 0.0157241 0.0133908 0.0457483 0.0336669 0.0166873 0.00946808 0.00889378 0.00900994 0.0121083 0.0185413 0.00962168 0.00852781 0.00941502 0.0111027 0.0096335 0.00825306 0.00820631 0.00816866 0.00835141 0.00951716 0.0103896 0.00900785 0.00844998 0.00872243 0.00911631 0.00887339 0.00829149 0.0082322 0.00826361 0.0099029 0.00996125 
0.0084738 0.0085473 0.00955742 0.00912752 0.00961708 0.0105494 0.00998087 0.0107295 0.0105564 0.00996121 0.00951926 0.0106682 0.0113709 0.00995758 0.0110128 0.0113926 0.0113014 0.0100205 0.0102898 0.0120064 0.00996092 0.0120757 0.0177622 0.014768 0.0168825 0.0207413 0.0185135 0.0158375 0.0325552 0.325866 0.0389354 0.0215266 0.0263584 0.0288867 0 0.00389918 0.00380347 0.00382281 0.00379175 0.00511973 0.0501933 0.0206654 0.0118046 0.020017 0.0192982 0.67971 0.0104525 0.00880433 0.013098 0.0109442 0.0117334 0.0100132 0.00927735 0.00925216 0.00896436 0.0124033 0.00907515 0.00883035 0.00933218 0.00911343 0.00926675 0.00858229 0.00920039 0.00914734 0.00897583 0.0106215 0.0090846 
0.00841844 0.00837084 0.00948568 0.00961709 0.0110797 0.009203 0.00901382 0.0221917 0.0163862 0.01322 0.0113993 0.00888306 0.00918838 0.0173597 0.0170022 0.0212925 0.0230733 0.0119537 0.0147161 0.00874216 0.00876088 0.0120227 0.0147332 0.0144183 0.0468522 0.0572988 0.0601159 0.0471173 0.0139778 0.0502634 0.426524 0.0269046 0.0302705 0.0140827 0.00389918 0 0.00382255 0.00387291 0.00398631 0.00384935 0.0464385 0.0552624 0.0281096 0.0348326 0.728902 0.0168979 0.0100493 0.00971571 0.00989067 0.00899047 0.0117793 0.0181486 0.0117395 0.012409 0.00978722 0.00988276 0.0087349 0.00882278 0.00900224 0.00887152 0.00848161 0.0084204 0.0100685 0.00993028 0.0105931 0.00892524 0.00890185 
0.00835181 0.00853926 0.00925448 0.0113825 0.0121964 0.00905793 0.00925437 0.0139508 0.0273923 0.0247593 0.0112301 0.00881547 0.00974193 0.0136465 0.0338568 0.0436632 0.0410838 0.0352492 0.010081 0.00900985 0.00895006 0.00884612 0.00999096 0.0169726 0.0353292 0.161386 0.152468 0.0343686 0.013661 0.0316069 0.037786 0.292807 0.0197943 0.0157241 0.00380347 0.00382255 0 0.00378335 0.00379964 0.0049216 0.0301575 0.0508081 0.0402457 0.764761 0.0217228 0.0145313 0.00942515 0.00989083 0.00940908 0.0085349 0.0113979 0.0169758 0.0237076 0.0154441 0.0106582 0.00864998 0.00839651 0.00887078 0.00962237 0.00860116 0.00829496 0.00874147 0.00947682 0.0127032 0.00959678 0.00888205 0.00848686 
0.00843912 0.00833154 0.00891663 0.0106377 0.011214 0.00904232 0.00893877 0.0133445 0.0195747 0.0207236 0.0111348 0.00876104 0.00917993 0.0139895 0.0254108 0.034244 0.0494762 0.016937 0.0131902 0.0087457 0.00841293 0.00984411 0.00928119 0.0104007 0.0509844 0.0659296 0.108937 0.0458446 0.014479 0.0160148 0.0780853 0.0394022 0.173706 0.0133908 0.00382281 0.00387291 0.00378335 0 0.00377451 0.00377896 0.0184566 0.0246212 0.802879 0.040135 0.0348058 0.0139664 0.00981662 0.00922197 0.0101169 0.00883132 0.0100418 0.0202867 0.0183047 0.0174538 0.009264 0.00972381 0.00834225 0.00880469 0.00951128 0.00855802 0.00833903 0.00845998 0.00963981 0.0105863 0.0105763 0.00876345 0.00863129 
0.00825654 0.00839653 0.00868884 0.00982699 0.0107999 0.00875033 0.00898448 0.00988655 0.0107649 0.0110969 0.0102982 0.00886157 0.00902619 0.0105488 0.0120477 0.0141221 0.0138424 0.0118313 0.0102117 0.00890925 0.00882047 0.0088144 0.00902307 0.0111902 0.0140242 0.0223039 0.0277085 0.0603621 0.0195147 0.0190035 0.0261066 0.16181 0.0374062 0.0457483 0.00379175 0.00398631 0.00379964 0.00377451 0 0.00385728 0.0164635 0.839603 0.0232512 0.0316216 0.0513424 0.0223348 0.00897897 0.0109455 0.00960477 0.00866482 0.0108098 0.014142 0.0120755 0.0092956 0.010876 0.00858482 0.00844904 0.00872844 0.00919395 0.00840745 0.00836616 0.00859411 0.00897101 0.00934855 0.00973258 0.00869187 0.00833414 
0.00830374 0.00833309 0.0102565 0.00865416 0.00882289 0.00955405 0.00971062 0.00913543 0.00874566 0.00896915 0.00860338 0.00892491 0.0103179 0.00909852 0.00937554 0.00916106 0.0112276 0.0089012 0.00945137 0.00922665 0.00905072 0.00933882 0.0131842 0.00883549 0.0097889 0.0112069 0.012105 0.0176047 0.0297792 0.0291485 0.0130877 0.0186763 0.111276 0.0336669 0.00511973 0.00384935 0.0049216 0.00377896 0.00385728 0 0.773814 0.0150722 0.019333 0.0142022 0.0402327 0.0491383 0.013478 0.00848259 0.0106199 0.0103124 0.0128083 0.0093157 0.00897117 0.00894654 0.00846213 0.00903698 0.00953048 0.00965262 0.00887055 0.00852687 0.00843174 0.00936868 0.00847611 0.00840257 0.00908888 0.00904072 0.00898315 
0.00826633 0.00851689 0.00845206 0.00888296 0.00874316 0.00906512 0.0087714 0.0089544 0.00905749 0.00893865 0.00872119 0.00982146 0.00883289 0.00891692 0.0092216 0.00969957 0.00983099 0.00943468 0.00895145 0.0102796 0.00885096 0.0104341 0.00986058 0.010775 0.0106525 0.0143066 0.0128164 0.0118297 0.0206322 0.0285028 0.0127058 0.0138521 0.016045 0.0166873 0.0501933 0.0464385 0.0301575 0.0184566 0.0164635 0.773814 0 0.00382232 0.00381619 0.00379492 0.00403487 0.00513784 0.0262108 0.00934058 0.0128702 0.0145192 0.0118597 0.0107996 0.00956192 0.00922105 0.00906838 0.0155816 0.00915635 0.00936229 0.00987528 0.00943323 0.00951851 0.00850352 0.00895615 0.00909889 0.00910749 0.0103987 0.0086339 
0.00842698 0.00843292 0.00863642 0.00910397 0.00953417 0.00886793 0.00842018 0.0113901 0.0102564 0.00981421 0.00912002 0.00854549 0.00844547 0.0103869 0.0110552 0.0121121 0.0125231 0.00957825 0.00982302 0.00838755 0.00832813 0.00899241 0.00878323 0.00993184 0.018035 0.0281848 0.0323012 0.0228248 0.011925 0.0209363 0.0342731 0.0212049 0.0109636 0.00946808 0.0206654 0.0552624 0.0508081 0.0246212 0.839603 0.0150722 0.00382232 0 0.00376695 0.00377044 0.00414977 0.00398593 0.0148497 0.0135219 0.00970575 0.00888451 0.0122921 0.0195841 0.0127281 0.0130633 0.011393 0.00905351 0.00834466 0.00878606 0.00915746 0.00883744 0.00847075 0.00857144 0.0101596 0.00980058 0.0102808 0.00898532 0.00824396 
0.00838576 0.00829798 0.00843169 0.00989875 0.00945904 0.00858279 0.00848819 0.00978564 0.0115306 0.0117623 0.00900142 0.00857966 0.00856828 0.00978538 0.0133731 0.0148797 0.0163959 0.0122444 0.00903766 0.00847483 0.00823816 0.00860364 0.00867506 0.00926749 0.0231632 0.0443407 0.0535213 0.0204992 0.0104885 0.0151108 0.0263152 0.0236114 0.01532 0.00889378 0.0118046 0.0281096 0.0402457 0.802879 0.0232512 0.019333 0.00381619 0.00376695 0 0.0037647 0.00377727 0.00384367 0.0194386 0.0105933 0.00968523 0.00852384 0.0103801 0.0162925 0.0222503 0.0205314 0.00965681 0.00880603 0.00824695 0.00863115 0.00999051 0.00857304 0.0083953 0.00847337 0.00947631 0.0121894 0.0107016 0.00876082 0.00839209 
0.00843678 0.00825683 0.00871471 0.00948417 0.00957173 0.00933624 0.00851515 0.0107558 0.0126108 0.0129706 0.00886653 0.00859669 0.00899996 0.0103527 0.0151806 0.0189051 0.020543 0.012322 0.00923792 0.00838286 0.00827903 0.00873518 0.00868614 0.00996126 0.0269283 0.0496594 0.0613767 0.0252158 0.0112498 0.0169866 0.026416 0.0260836 0.0124499 0.00900994 0.020017 0.0348326 0.764761 0.040135 0.0316216 0.0142022 0.00379492 0.00377044 0.0037647 0 0.00377979 0.00376503 0.0171505 0.0115893 0.0117741 0.00865487 0.010976 0.0241281 0.0331007 0.0161305 0.00996431 0.00933281 0.00828465 0.00902056 0.0104847 0.00877638 0.00840709 0.00872415 0.0101559 0.0127221 0.0107897 0.00894665 0.00857496 
0.00834895 0.00846523 0.00844708 0.00904848 0.00920345 0.00862869 0.00871206 0.00995372 0.0096928 0.0100092 0.00901861 0.00856135 0.0087433 0.00991159 0.0106608 0.01225 0.0108665 0.0099722 0.00912081 0.00868594 0.00922711 0.00891548 0.00888908 0.0102828 0.0121067 0.0166093 0.0221717 0.0302478 0.01282 0.0152503 0.026041 0.0450607 0.0144203 0.0121083 0.0192982 0.728902 0.0217228 0.0348058 0.0513424 0.0402327 0.00403487 0.00414977 0.00377727 0.00377979 0 0.00394493 0.011824 0.0427657 0.013377 0.00936677 0.0132156 0.0421103 0.0140339 0.0101097 0.0149885 0.00919502 0.00866096 0.00927381 0.00996973 0.00907043 0.00858658 0.00906415 0.00941185 0.0106032 0.0106752 0.00917051 0.00844579 
0.00848105 0.00829707 0.00969151 0.00854898 0.00842717 0.00847392 0.0103487 0.00909466 0.00859881 0.00868295 0.00831622 0.00835807 0.0113155 0.00904257 0.0119408 0.00877832 0.00899269 0.00852389 0.00864576 0.00866183 0.00949889 0.0090412 0.0150505 0.00904219 0.00932473 0.00987055 0.010177 0.0112255 0.014875 0.0264958 0.0121236 0.0118569 0.0274525 0.0185413 0.67971 0.0168979 0.0145313 0.0139664 0.0223348 0.0491383 0.00513784 0.00398593 0.00384367 0.00376503 0.00394493 0 0.028927 0.0112444 0.0466109 0.0140494 0.0209722 0.0108117 0.00985767 0.00959044 0.00870882 0.0101558 0.0122324 0.0125055 0.00925962 0.00925478 0.00855963 0.0122307 0.00941841 0.00863569 0.00948317 0.00932855 0.00983341 
0.00900796 0.00862729 0.00836049 0.00833927 0.00840916 0.00848414 0.00821784 0.00835214 0.00848311 0.00837366 0.00822118 0.00825046 0.00811705 0.00831158 0.0082432 0.0083878 0.00834113 0.00825536 0.00839995 0.00836972 0.00814008 0.00941197 0.00865345 0.00820915 0.00850213 0.00838286 0.00853119 0.00870629 0.00995548 0.00900054 0.0084577 0.00881065 0.00926477 0.00962168 0.0104525 0.0100493 0.00942515 0.00981662 0.00897897 0.013478 0.0262108 0.0148497 0.0194386 0.0171505 0.011824 0.028927 0 0.00445529 0.00390932 0.0077538 0.00850605 0.0120191 0.0116359 0.0258947 0.00928077 0.307436 0.0131152 0.0166824 0.0135491 0.0101828 0.0153968 0.00992056 0.010151 0.0103652 0.012586 0.0177859 0.0112288 
0.00870923 0.00882468 0.00831512 0.00849165 0.0085609 0.00826804 0.00828293 0.00835582 0.00834981 0.00834236 0.00823908 0.0082382 0.00818849 0.00831618 0.00833956 0.00845093 0.00834209 0.00835955 0.00823095 0.00823557 0.00840672 0.0082269 0.00813894 0.00837895 0.008361 0.00856505 0.00869461 0.00875865 0.008445 0.00843802 0.00859933 0.00894204 0.00823269 0.00852781 0.00880433 0.00971571 0.00989083 0.00922197 0.0109455 0.00848259 0.00934058 0.0135219 0.0105933 0.0115893 0.0427657 0.0112444 0.00445529 0 0.00381576 0.00497603 0.0110867 0.0348408 0.0101532 0.00721011 0.294421 0.00631257 0.00807318 0.0110169 0.0111996 0.011652 0.0131 0.00912732 0.0111039 0.0116543 0.0114571 0.011405 0.00841417 
0.00882738 0.00845649 0.00843632 0.00825128 0.00830111 0.00840404 0.00845524 0.00824477 0.00830329 0.00821262 0.00819404 0.0082007 0.00836393 0.0082885 0.00822224 0.00828197 0.00826812 0.00822878 0.00824925 0.00821003 0.00824858 0.00843809 0.00898323 0.00826679 0.00843579 0.00848219 0.0088384 0.0085367 0.0084439 0.00997455 0.0085076 0.00848687 0.00861788 0.00941502 0.013098 0.00989067 0.00940908 0.0101169 0.00960477 0.0106199 0.0128702 0.00970575 0.00968523 0.0117741 0.013377 0.0466109 0.00390932 0.00381576 0 0.00690835 0.0164205 0.00906304 0.00827224 0.148275 0.00597444 0.010272 0.0127357 0.0148235 0.0103734 0.0118358 0.0108521 0.0193281 0.0110986 0.0096469 0.0132095 0.0147926 0.0163953 
0.00939098 0.00871189 0.00844746 0.00829224 0.00829952 0.00869765 0.00832881 0.00825311 0.00833573 0.00822313 0.00816212 0.00828042 0.00823339 0.00815911 0.00823675 0.00824482 0.00824391 0.00816732 0.00824138 0.00820712 0.00836466 0.00913708 0.00956339 0.00822502 0.00836094 0.00833655 0.00828273 0.00826007 0.00894144 0.00910584 0.00823146 0.00830709 0.00864522 0.0111027 0.0109442 0.00899047 0.0085349 0.00883132 0.00866482 0.0103124 0.0145192 0.00888451 0.00852384 0.00865487 0.00936677 0.0140494 0.0077538 0.00497603 0.00690835 0 0.0107776 0.00447141 0.00420161 0.0038957 0.00427551 0.00607809 0.0246349 0.0248607 0.0127409 0.0165458 0.0177307 0.0143691 0.0104282 0.00882335 0.00975473 0.0151687 0.0344089 
0.00877237 0.00908058 0.00847659 0.00842101 0.00849481 0.00854239 0.00831525 0.00858685 0.00842719 0.00842449 0.00826171 0.00828103 0.00818434 0.00837381 0.00845523 0.00856551 0.00847491 0.00843828 0.00832703 0.00846896 0.00821063 0.00861496 0.00822267 0.00842197 0.00874354 0.00912641 0.00898007 0.00888398 0.0100713 0.00975253 0.00872274 0.00918625 0.00902166 0.0096335 0.0117334 0.0117793 0.0113979 0.0100418 0.0108098 0.0128083 0.0118597 0.0122921 0.0103801 0.010976 0.0132156 0.0209722 0.00850605 0.0110867 0.0164205 0.0107776 0 0.00381014 0.00375376 0.0037689 0.00382722 0.00581775 0.00584166 0.0201708 0.0279758 0.0126075 0.0234576 0.0159086 0.0113382 0.0159319 0.0120556 0.103543 0.0112784 
0.00866888 0.00884803 0.00852881 0.00865242 0.00865234 0.00842495 0.0083458 0.00864697 0.00878133 0.00883267 0.0083827 0.00834216 0.00833794 0.0087176 0.00878293 0.00891203 0.00892307 0.00847079 0.00843357 0.00831916 0.00819888 0.00837072 0.00820892 0.00838235 0.0094527 0.00990022 0.0103569 0.00950048 0.00857321 0.00946188 0.0100284 0.00951247 0.00881635 0.00825306 0.0100132 0.0181486 0.0169758 0.0202867 0.014142 0.0093157 0.0107996 0.0195841 0.0162925 0.0241281 0.0421103 0.0108117 0.0120191 0.0348408 0.00906304 0.00447141 0.00381014 0 0.00379879 0.00374936 0.00386044 0.00380686 0.0045519 0.0216515 0.0240397 0.0126191 0.0104653 0.0104514 0.0277412 0.0146811 0.20247 0.0136958 0.0102543 
0.00855759 0.00850127 0.00837619 0.00846518 0.00854328 0.00868228 0.00831377 0.00843228 0.00853801 0.00851052 0.00831433 0.0082513 0.008436 0.00842638 0.00867202 0.00863148 0.0085662 0.00847354 0.00830283 0.00822292 0.00821118 0.00825777 0.00815108 0.00840307 0.00878835 0.00963496 0.010836 0.00871329 0.00838208 0.00892553 0.00927448 0.00895689 0.00842278 0.00820631 0.00927735 0.0117395 0.0237076 0.0183047 0.0120755 0.00897117 0.00956192 0.0127281 0.0222503 0.0331007 0.0140339 0.00985767 0.0116359 0.0101532 0.00827224 0.00420161 0.00375376 0.00379879 0 0.00376957 0.00374244 0.0037962 0.00398257 0.0106026 0.0158903 0.0101332 0.00884903 0.010765 0.0121781 0.208659 0.0146245 0.0149044 0.00895594 
0.00866283 0.00840003 0.00849863 0.00854243 0.0085022 0.00846773 0.00832426 0.00845245 0.00848893 0.00850164 0.00831594 0.00825496 0.00838496 0.00848088 0.00849083 0.00864157 0.00870838 0.00834451 0.00846487 0.00814974 0.00818553 0.00852316 0.00833822 0.00831375 0.00888312 0.00921337 0.00912413 0.00867726 0.00837413 0.00885757 0.00911648 0.00869678 0.00848079 0.00816866 0.00925216 0.012409 0.0154441 0.0174538 0.0092956 0.00894654 0.00922105 0.0130633 0.0205314 0.0161305 0.0101097 0.00959044 0.0258947 0.00721011 0.148275 0.0038957 0.0037689 0.00374936 0.00376957 0 0.00376116 0.00378068 0.00410502 0.0105044 0.0125551 0.0092886 0.00906392 0.00912668 0.12836 0.0162743 0.028999 0.01015 0.00945017 
