1CQ3B
SFSSSSSCTEEENKHHMGIDVIIKVTKQDQTPTNDKICQSVTEVTESEDESEEVVKGDPTTYYTVVGGGLTMDFGFTKCPKISSISEYSDGNTVNARLSSVSPGQGKDSPAITREEALSMIKDCEMSINIKCSEEEKDSNIKTHPVLGSNISHKKVSYEDIIGSTIVDTKCVKNLEISVRIGDMCKESSELEVKDGFKYVDGSASEDAADDTSLINSAKLIACV
CCCCCCCCCCCCCEECEEEEEEEEEEECCCCCCCCCCCCEEEEEECCCCCCEEEEECCCEEEEEEEECCEEEEEEEECCCCCCEEEEEEECCEEEEEEECCCCCCCCCCCCEEHHHHHHHHHHCEEEEEEEECCCCCCCCECCCCCCCCCCCCCCCCECCCEEEEEEECCCEEEEEEEEEEEECCCCCCCCCEEEEEEEECCEEECCCCCCCCCCCHHHCEEEC
0 0 0 0 0 0 0 0 0 0 0 0 0 0 0 0 0 0 0 0 0 0 0 0 0 0 0 0 0 0 0 0 0 0 0 0 0 0 0 0 0 0 0 0 0 0 0 0 0 0 0 0 0 0 0 0 0 0 0 0 0 0 0 0 0 0 0 0 0 0 0 0 0 0 0 0 0 0 0 0 0 0 0 0 0 0 0 0 0 0 0 0 0 0 0 0 0 0 0 0 0 0 0 0 0 0 0 0 0 0 0 0 0 0 0 0 0 0 0 0 0 0 0 0 0 0 0 0 0 0 0 0 0 0 0 0 0 0 0 0 0 0 0 0 0 0 0 0 0 0 0 0 0 0 0 0 0 0 0 0 0 0 0 0 0 0 0 0 0 0 0 0 0 0 0 0 0 0 0 0 0 0 0 0 0 0 0 0 0 0 0 0 0 0 0 0 0 0 0 0 0 0 0 0 0 0 0 0 0 0 0 0 0 0 0 0 0 0 0 0 0 0 0 0 
0 0 0 0 0 0 0 0 0 0 0 0 0 0 0 0 0 0 0 0 0 0 0 0 0 0 0 0 0 0 0 0 0 0 0 0 0 0 0 0 0 0 0 0 0 0 0 0 0 0 0 0 0 0 0 0 0 0 0 0 0 0 0 0 0 0 0 0 0 0 0 0 0 0 0 0 0 0 0 0 0 0 0 0 0 0 0 0 0 0 0 0 0 0 0 0 0 0 0 0 0 0 0 0 0 0 0 0 0 0 0 0 0 0 0 0 0 0 0 0 0 0 0 0 0 0 0 0 0 0 0 0 0 0 0 0 0 0 0 0 0 0 0 0 0 0 0 0 0 0 0 0 0 0 0 0 0 0 0 0 0 0 0 0 0 0 0 0 0 0 0 0 0 0 0 0 0 0 0 0 0 0 0 0 0 0 0 0 0 0 0 0 0 0 0 0 0 0 0 0 0 0 0 0 0 0 0 0 0 0 0 0 0 0 0 0 0 0 0 0 0 0 0 0 
0 0.010801 0.00379396 0.00962583 0.00381648 0.00454342 0.0039789 0.00499913 0.00496245 0.00559755 0.00565565 0.0093321 0.0111611 0.0108506 0.00845053 0.00869996 0.00829709 0.00868754 0.012662 0.00985936 0.0092366 0.00839305 0.00946809 0.0111826 0.00979742 0.00868805 0.00850407 0.00833636 0.00867868 0.00849356 0.0088718 0.00991038 0.00866555 0.0085949 0.00829341 0.00832831 0.00826865 0.00833084 0.00860282 0.00899211 0.00937676 0.00827838 0.00821846 0.00817685 0.00808504 0.0084216 0.00848556 0.00895013 0.00823096 0.00829635 0.00821606 0.00823512 0.00841817 0.00875172 0.00849245 0.00996078 0.00834409 0.00808068 0.0081799 0.00810151 0.0083 0.00812412 0.00841791 0.00836763 0.00870851 0.00854441 0.00815107 0.00810671 0.00813006 0.00819634 0.00816044 0.00820743 0.0082872 0.008122 0.00816235 0.00814738 0.00817134 0.00818158 0.00817678 0.00817534 0.00819773 0.00820482 0.00815717 0.00813791 0.00816337 0.00809423 0.00813034 0.00817356 0.00817906 0.00816272 0.00814982 0.0081575 0.00822034 0.00815548 0.0081829 0.00817484 0.0081213 0.00819395 0.00820296 
0.010801 0 0.00429206 0.00379055 0.00397195 0.00379367 0.00412388 0.00406721 0.00460864 0.00494798 0.0066735 0.0110229 0.00674682 0.00953388 0.00953945 0.00801006 0.0081616 0.00926858 0.00973527 0.0106832 0.00885215 0.00885081 0.0096839 0.00993326 0.0109772 0.00882443 0.0087 0.00926677 0.00925176 0.00944651 0.00994379 0.0103536 0.00999037 0.0087325 0.00895104 0.00887843 0.0087999 0.00911181 0.00899242 0.00896387 0.0104518 0.00882367 0.00859487 0.00855566 0.00836896 0.00841593 0.00829309 0.00864727 0.00872635 0.00872366 0.00893734 0.00857142 0.00872174 0.00916125 0.00947003 0.00852814 0.00837946 0.00888723 0.00822659 0.00874742 0.00829396 0.00840049 0.00834031 0.00844657 0.00838026 0.00830241 0.00813979 0.00822044 0.00821719 0.0082729 0.0082382 0.00830559 0.00826932 0.00831057 0.00825234 0.00817773 0.00828123 0.0082565 0.00830568 0.00828903 0.00838299 0.00829574 0.00824103 0.00829994 0.00824381 0.00824659 0.00821177 0.00827127 0.00825982 0.00822121 0.00819507 0.00825678 0.00820033 0.00809836 0.00823101 0.00816943 0.00819507 0.00826051 0.00830863 
0.00379396 0.00429206 0 0.00375484 0.00383229 0.00378461 0.00382078 0.0038789 0.00405835 0.00413867 0.00615655 0.00470221 0.011715 0.00886249 0.0082216 0.00845502 0.0104541 0.0100346 0.0202798 0.0102992 0.009587 0.0132789 0.0104829 0.019288 0.00977964 0.00973822 0.0101545 0.015666 0.0135579 0.022686 0.0151534 0.0226264 0.010993 0.00932676 0.0151763 0.0100678 0.0159806 0.0108277 0.0146737 0.0151454 0.0111885 0.0114062 0.0107526 0.0118436 0.00903174 0.008692 0.00888951 0.00900122 0.0102171 0.0118792 0.0177139 0.0113784 0.0126169 0.0138032 0.00840616 0.00907705 0.00862712 0.00918976 0.00862593 0.0106726 0.00863618 0.0124219 0.00873667 0.0133611 0.00839884 0.0083275 0.00831076 0.0087119 0.00868838 0.00896176 0.00893951 0.00883141 0.00947495 0.00837062 0.00832301 0.00933957 0.00884043 0.00864974 0.00981489 0.00885143 0.0100489 0.00883565 0.00923826 0.00873313 0.0108139 0.00854358 0.00826964 0.00869433 0.00874956 0.00853651 0.00840405 0.00825046 0.00830096 0.00814798 0.00812141 0.0081709 0.00848606 0.00833706 0.00875897 
0.00962583 0.00379055 0.00375484 0 0.00378179 0.00374618 0.00375845 0.00378827 0.00383068 0.0166158 0.0143905 0.0156994 0.00946848 0.0119477 0.0111123 0.0099615 0.0150047 0.0143401 0.0137164 0.00922564 0.0254032 0.0129854 0.0291256 0.011239 0.0098505 0.0184318 0.015035 0.0136928 0.0360459 0.0222964 0.0404132 0.014266 0.010209 0.0192506 0.0109912 0.0227698 0.0125889 0.0285816 0.0168051 0.0111005 0.0147548 0.0144363 0.0189184 0.0116423 0.0102562 0.010692 0.00876731 0.00913283 0.0134957 0.0263416 0.0166668 0.0273101 0.0132722 0.0137599 0.00850664 0.00868246 0.00863004 0.00975158 0.0115528 0.00914765 0.0151934 0.0109734 0.0150191 0.00855594 0.00818541 0.00812019 0.00838564 0.00998839 0.00906572 0.00892387 0.00924762 0.00973376 0.00884859 0.00873631 0.0089239 0.00903216 0.00886499 0.0100904 0.00958924 0.0100438 0.00942671 0.0116388 0.00951658 0.0114202 0.00870309 0.0084222 0.00860287 0.00899277 0.00917364 0.00875959 0.00840432 0.00845126 0.00824867 0.00816074 0.0082678 0.00818245 0.00820905 0.00859702 0.00855746 
0.00381648 0.00397195 0.00383229 0.00378179 0 0.00375196 0.00376574 0.00377008 0.00423533 0.004005 0.0101746 0.00405362 0.00579063 0.00914144 0.0176495 0.0111019 0.01099 0.0190711 0.00925708 0.0118115 0.0094359 0.0445818 0.0124003 0.0104553 0.0095962 0.0141268 0.0137475 0.0550202 0.0172774 0.122215 0.0202185 0.012798 0.0125381 0.00921281 0.060424 0.0100828 0.0616159 0.0155231 0.0232345 0.00953279 0.0115991 0.0274187 0.0142805 0.0218039 0.0147654 0.00936531 0.00823982 0.00973441 0.0193851 0.0142346 0.0666828 0.013574 0.0254802 0.00938866 0.00856012 0.00817985 0.00845997 0.0129001 0.00930203 0.0368713 0.00903917 0.0286262 0.00852445 0.0094631 0.00810305 0.00813192 0.00867375 0.00998739 0.00945014 0.00933246 0.0101419 0.00929605 0.00841724 0.00842672 0.00874229 0.00907315 0.0107711 0.0092307 0.0119493 0.00889465 0.0139034 0.00960937 0.0132728 0.00881139 0.0084377 0.00863846 0.00874625 0.00942152 0.00888569 0.00889033 0.0083095 0.00839961 0.00818845 0.00824678 0.00824735 0.00819507 0.00860485 0.0084055 0.00936527 
0.00454342 0.00379367 0.00378461 0.00374618 0.00375196 0 0.00375571 0.00376419 0.0037928 0.00682415 0.00383264 0.00426473 0.00425491 0.0161078 0.00880493 0.0330737 0.0223415 0.00988567 0.0112733 0.00871255 0.031342 0.0151167 0.0184164 0.0102245 0.0112011 0.0113572 0.0353234 0.0176035 0.107619 0.0397652 0.0368926 0.0134101 0.0102904 0.0313872 0.011045 0.085702 0.0134532 0.0754747 0.0112939 0.0119817 0.0164847 0.0125192 0.0512107 0.0211712 0.0123355 0.00948574 0.00864171 0.00997309 0.0123824 0.0646161 0.0155892 0.0753605 0.0107412 0.0139762 0.00826132 0.00844752 0.00939686 0.00917017 0.0304028 0.0100976 0.0339009 0.00991354 0.0168576 0.00844851 0.00813508 0.00816495 0.00879323 0.00959803 0.0107024 0.00984629 0.0105272 0.0101268 0.00870634 0.00840586 0.00892264 0.0124645 0.00915022 0.0147137 0.0095888 0.0156845 0.00991655 0.021682 0.00980741 0.0102412 0.00857644 0.00849924 0.0090008 0.0091175 0.0094762 0.00868001 0.00885078 0.00853545 0.00826266 0.00817641 0.0082523 0.00820641 0.00832029 0.00855686 0.00879922 
0.0039789 0.00412388 0.00382078 0.00375845 0.00376574 0.00375571 0 0.0037703 0.00380098 0.00377219 0.00392944 0.00393548 0.00394341 0.0105683 0.0352406 0.0109727 0.015962 0.0174931 0.0117672 0.0138501 0.0126807 0.0601269 0.0141369 0.0119986 0.0103203 0.0319858 0.0183036 0.0938411 0.0349652 0.159183 0.032106 0.0201605 0.0169527 0.0123397 0.0956353 0.0135705 0.10587 0.0199144 0.0493589 0.0107697 0.0152783 0.0507501 0.0285473 0.0383031 0.0204217 0.0110387 0.00877594 0.0100321 0.0362825 0.0248639 0.145607 0.0219258 0.0661408 0.0109933 0.00933365 0.00859775 0.00916475 0.0241443 0.0108463 0.0466392 0.0113859 0.0456612 0.00953644 0.0109412 0.00831174 0.00820808 0.00914617 0.0127852 0.0118513 0.012325 0.0139605 0.010743 0.00889778 0.00903021 0.0103926 0.0108144 0.0137604 0.0106985 0.0210136 0.0101415 0.0246485 0.0109919 0.0201291 0.00993862 0.00917832 0.00916624 0.00900637 0.0111017 0.0101665 0.0104198 0.00872194 0.0092282 0.00833413 0.00820289 0.00825413 0.00823616 0.00887017 0.00868952 0.0161863 
0.00499913 0.00406721 0.0038789 0.00378827 0.00377008 0.00376419 0.0037703 0 0.00377972 0.00399631 0.00382391 0.00385074 0.00394899 0.0205243 0.00940035 0.0228245 0.0180992 0.020999 0.0320015 0.00971613 0.0270784 0.0176839 0.0231329 0.0109968 0.0142644 0.0118451 0.0636015 0.0175879 0.112605 0.0455637 0.0580437 0.0144694 0.0113736 0.0375609 0.0127357 0.0979032 0.0143024 0.152001 0.013123 0.011126 0.0221909 0.0163612 0.0626253 0.0276956 0.0150611 0.00995027 0.0085872 0.0112186 0.0128925 0.0973006 0.0193253 0.146214 0.0116662 0.0155387 0.00855085 0.00879769 0.0102461 0.00921369 0.0308039 0.010594 0.0523122 0.0120003 0.0158496 0.00861103 0.00824622 0.00820838 0.00922021 0.0101335 0.0129272 0.0101984 0.0118877 0.00914848 0.0087901 0.00860307 0.00903443 0.0100944 0.00928785 0.0145476 0.0102314 0.0165684 0.010552 0.016016 0.0111594 0.0100629 0.00873624 0.0085112 0.00901419 0.00921422 0.00961194 0.00888057 0.00913566 0.00848557 0.00823735 0.00825413 0.00828715 0.00817543 0.00840931 0.00864962 0.00876392 
0.00496245 0.00460864 0.00405835 0.00383068 0.00423533 0.0037928 0.00380098 0.00377972 0 0.00375722 0.00397809 0.00377287 0.00384187 0.00826342 0.0271755 0.0107099 0.0237837 0.0257878 0.0110657 0.0169861 0.0106169 0.0426644 0.0107519 0.01475 0.0112897 0.0281344 0.0120835 0.0757908 0.0178553 0.146612 0.021405 0.0169986 0.0156258 0.00961476 0.125531 0.0101834 0.141869 0.012247 0.025172 0.0113904 0.0150258 0.039612 0.0149512 0.0295594 0.0182133 0.0087696 0.00879364 0.0091837 0.0284354 0.0128954 0.13764 0.0133469 0.0343926 0.00999579 0.00968056 0.00830892 0.00857618 0.0257479 0.00854098 0.0535808 0.0088771 0.0532902 0.00874594 0.0104976 0.00849262 0.00825961 0.00862402 0.0119421 0.00942251 0.0112954 0.0104488 0.00946221 0.00855527 0.00872115 0.00879681 0.00992846 0.0121418 0.0092409 0.017312 0.00914301 0.0200688 0.00953854 0.0139421 0.00895035 0.00853705 0.00910533 0.00882286 0.00977916 0.0095303 0.00966824 0.00842242 0.00866478 0.00821591 0.00815734 0.00826164 0.00822038 0.00855216 0.00853222 0.00929153 
0.00559755 0.00494798 0.00413867 0.0166158 0.004005 0.00682415 0.00377219 0.00399631 0.00375722 0 0.00378009 0.00380237 0.00378727 0.0273081 0.00844836 0.0598092 0.0276911 0.0158611 0.0123357 0.00889886 0.0276511 0.012147 0.0243037 0.00964709 0.0138663 0.0103491 0.0472125 0.0127163 0.107553 0.0221113 0.0336116 0.0120158 0.00944751 0.0475006 0.00920001 0.168887 0.00951286 0.0818226 0.0102835 0.0100701 0.0168246 0.0100336 0.061518 0.0201968 0.0112592 0.00986691 0.00856572 0.0109839 0.00963346 0.0957879 0.0118919 0.0815183 0.010023 0.0114812 0.0082998 0.00893449 0.0121945 0.00859293 0.0401587 0.00895594 0.054957 0.00881123 0.0212219 0.00831208 0.00826679 0.00826439 0.00911747 0.0088147 0.0130268 0.00964042 0.0101806 0.00941503 0.00866814 0.00848141 0.00897375 0.00941573 0.00863046 0.0164288 0.00881052 0.0158348 0.0101117 0.0147219 0.00897316 0.00920733 0.00838079 0.00845054 0.0086058 0.00875943 0.00930608 0.00849209 0.00936422 0.00836998 0.00820582 0.00840481 0.00824248 0.0082197 0.0089485 0.00842933 0.00865483 
0.00565565 0.0066735 0.00615655 0.0143905 0.0101746 0.00383264 0.00392944 0.00382391 0.00397809 0.00378009 0 0.0037476 0.00379319 0.00847813 0.0868635 0.0158397 0.0219488 0.0147228 0.00898916 0.0139279 0.00875855 0.0458306 0.0101584 0.011301 0.010115 0.0190035 0.00976309 0.058694 0.0124674 0.0911346 0.016582 0.013687 0.0138337 0.00890411 0.129706 0.00908131 0.0798513 0.0107688 0.0209508 0.00941523 0.0109522 0.0418065 0.0137756 0.0178344 0.0169898 0.00873681 0.00835759 0.00867957 0.0268502 0.0126586 0.0916876 0.0114402 0.0238689 0.00898563 0.00958169 0.00829087 0.00832895 0.0249417 0.00860918 0.0512855 0.00882876 0.0486397 0.00856376 0.00949177 0.00839254 0.00819903 0.00847685 0.00992876 0.00920088 0.00964703 0.0100895 0.00911946 0.00844973 0.00866157 0.00861144 0.00908234 0.0110804 0.00883071 0.0125276 0.00869801 0.0149107 0.00909597 0.0110376 0.00884635 0.0085283 0.00884886 0.00850455 0.00914271 0.00851974 0.00922123 0.00833011 0.00872491 0.00820974 0.00814771 0.00827034 0.00816289 0.00834575 0.00851202 0.00861824 
0.0093321 0.0110229 0.00470221 0.0156994 0.00405362 0.00426473 0.00393548 0.00385074 0.00377287 0.00380237 0.0037476 0 0.00397503 0.0549185 0.0118761 0.0196322 0.0111134 0.0122922 0.0125285 0.00862706 0.0268616 0.0090563 0.0235813 0.00956577 0.0133984 0.0110221 0.0191104 0.00913534 0.0244693 0.0117104 0.0389969 0.0150366 0.00975782 0.0425695 0.0087136 0.0294512 0.00890939 0.0216 0.0108609 0.00994973 0.0159725 0.0108704 0.0166612 0.0120034 0.00872836 0.009845 0.00834235 0.011657 0.00949266 0.024807 0.00927815 0.0205329 0.010003 0.0107491 0.00869185 0.00923382 0.0104019 0.00831336 0.0136199 0.0083462 0.0159816 0.00840969 0.0131231 0.00832079 0.00818647 0.0081477 0.00838362 0.00894711 0.00905331 0.00863295 0.00881802 0.00859509 0.00830161 0.00824947 0.00853437 0.0087604 0.00834261 0.00920496 0.00862717 0.009971 0.00856214 0.00996583 0.00870667 0.00859012 0.00831773 0.00852147 0.0083989 0.00856743 0.00848322 0.00835627 0.00833387 0.00831502 0.00814345 0.00828867 0.00821399 0.00818521 0.00826356 0.00836055 0.00819646 
0.0111611 0.00674682 0.011715 0.00946848 0.00579063 0.00425491 0.00394341 0.00394899 0.00384187 0.00378727 0.00379319 0.00397503 0 0.0188692 0.020038 0.00912694 0.00840454 0.0125336 0.029486 0.020528 0.00961329 0.0111033 0.00986218 0.0300829 0.0197401 0.0206604 0.00903403 0.0121421 0.00974927 0.0119074 0.0120896 0.0326575 0.0316066 0.00990777 0.011792 0.00880677 0.0107034 0.00934362 0.0126761 0.013802 0.0194105 0.0122822 0.00928767 0.00890315 0.00922575 0.00841291 0.009032 0.0144212 0.0131591 0.00907704 0.0110714 0.00891482 0.0106717 0.0107956 0.0111339 0.0090733 0.00977802 0.00930508 0.00838971 0.00900042 0.00852632 0.0089314 0.00878813 0.00893922 0.00924744 0.00926774 0.00935496 0.00851923 0.00844231 0.00846362 0.00851238 0.00843896 0.00864836 0.00904835 0.00820397 0.00836836 0.00855109 0.00838066 0.00861922 0.00849336 0.00894412 0.00846828 0.00849164 0.00832968 0.00891596 0.00873729 0.0081967 0.00826402 0.00825127 0.00829832 0.00821087 0.00820009 0.00818524 0.0088036 0.00817888 0.00818619 0.00866136 0.00822935 0.00837128 
0.0108506 0.00953388 0.00886249 0.0119477 0.00914144 0.0161078 0.0105683 0.0205243 0.00826342 0.0273081 0.00847813 0.0549185 0.0188692 0 0.00384784 0.00384218 0.00378888 0.00389409 0.00555374 0.00657052 0.00960952 0.00705699 0.0128932 0.0429012 0.0121923 0.00865201 0.0114645 0.00828953 0.015274 0.00895981 0.0238984 0.0152701 0.00926474 0.0117888 0.00831549 0.0142781 0.00835867 0.0141222 0.00926418 0.0156049 0.0140605 0.00874614 0.010657 0.00913262 0.00845545 0.009524 0.00971634 0.0127045 0.00865367 0.0119794 0.00856788 0.0124 0.00882402 0.0174561 0.00862235 0.0133976 0.0117235 0.00817281 0.0113124 0.00821028 0.0120561 0.00816839 0.0105671 0.0086565 0.0092808 0.00882574 0.00836538 0.00812955 0.00828637 0.00822208 0.00833378 0.00865156 0.00891096 0.00828034 0.00829076 0.0082515 0.00818438 0.00875698 0.00822554 0.00905127 0.00827863 0.0088668 0.00823996 0.00828915 0.00825006 0.00819131 0.00816012 0.00821023 0.00824548 0.00820548 0.00851507 0.00810483 0.00831702 0.00819718 0.00804435 0.00834907 0.00847263 0.00810081 0.00852955 
0.00845053 0.00953945 0.0082216 0.0111123 0.0176495 0.00880493 0.0352406 0.00940035 0.0271755 0.00844836 0.0868635 0.0118761 0.020038 0.00384784 0 0.00377162 0.00377697 0.00400156 0.00391887 0.00753872 0.00650776 0.0102374 0.0162792 0.0325753 0.00871648 0.0130587 0.00806615 0.014817 0.00892147 0.0574268 0.00995616 0.00989683 0.00982985 0.00848132 0.0242689 0.00814865 0.0238707 0.00857966 0.027467 0.00918194 0.00959654 0.0180457 0.00879286 0.00978361 0.0121022 0.00891395 0.00848046 0.00884839 0.0127948 0.00854925 0.0212002 0.00855463 0.0288003 0.00866643 0.00923151 0.00934464 0.00814738 0.0153652 0.00813402 0.0193387 0.00818588 0.0186558 0.00832007 0.0093024 0.00837371 0.00821485 0.0081019 0.00852896 0.00822525 0.00830506 0.00845525 0.0084634 0.00832773 0.00834289 0.00822075 0.00829089 0.00847426 0.00829288 0.0088022 0.00831253 0.00896182 0.00841731 0.0085404 0.00833989 0.00817598 0.00820225 0.00824485 0.00838359 0.00829831 0.00849903 0.00822671 0.00859463 0.00810906 0.00808056 0.00823403 0.00813121 0.00810645 0.00845479 0.00834114 
0.00869996 0.00801006 0.00845502 0.0099615 0.0111019 0.0330737 0.0109727 0.0228245 0.0107099 0.0598092 0.0158397 0.0196322 0.00912694 0.00384218 0.00377162 0 0.00380765 0.00378268 0.00383078 0.0062126 0.00857015 0.0101952 0.0388559 0.0105451 0.00908851 0.00801022 0.0114544 0.00886141 0.04704 0.010621 0.0116928 0.00922622 0.00848606 0.00989312 0.00861898 0.0275866 0.00876475 0.0169736 0.00887579 0.00888301 0.0106472 0.0090804 0.0132825 0.0132734 0.00896429 0.00858031 0.00837341 0.00900975 0.0086627 0.0155065 0.0100901 0.0158642 0.00908461 0.00898501 0.00818111 0.00843253 0.00887007 0.00824132 0.0125156 0.00849613 0.0147158 0.00852115 0.00950922 0.00825055 0.00822527 0.00821479 0.0081863 0.00834615 0.00861533 0.00877782 0.00859174 0.00860508 0.0083677 0.00813615 0.00828991 0.00837128 0.00838345 0.00883193 0.00842076 0.00895977 0.00852156 0.00992304 0.00841234 0.00842268 0.00816419 0.00824252 0.00837467 0.00829692 0.00856543 0.00826507 0.00836006 0.00822629 0.00825181 0.00810745 0.00813902 0.00818084 0.00831782 0.00832412 0.00830829 
0.00829709 0.0081616 0.0104541 0.0150047 0.01099 0.0223415 0.015962 0.0180992 0.0237837 0.0276911 0.0219488 0.0111134 0.00840454 0.00378888 0.00377697 0.00380765 0 0.00381762 0.00376656 0.00709016 0.0129068 0.0405838 0.0116057 0.00816331 0.00768484 0.00931514 0.00907324 0.0305391 0.0111349 0.0217585 0.0143047 0.0103015 0.00871344 0.009249 0.0136506 0.0102102 0.011609 0.0113798 0.0101694 0.00889135 0.00979484 0.010051 0.0182763 0.0106979 0.0101382 0.00857055 0.00832412 0.00902636 0.00991236 0.0139117 0.011956 0.0166944 0.00966333 0.00907754 0.00829952 0.00842605 0.00884437 0.00888722 0.0100359 0.0111823 0.0105856 0.00975044 0.0092637 0.00824009 0.0081789 0.00814699 0.00825857 0.00842663 0.00870324 0.00870757 0.00922188 0.00864783 0.00830517 0.00821789 0.00835067 0.00856982 0.00861457 0.00905106 0.00872863 0.00904618 0.00883981 0.00920743 0.00882981 0.00845448 0.00824078 0.00825256 0.00830585 0.00852364 0.00855695 0.00836177 0.00829232 0.00836524 0.00815348 0.0081322 0.00814597 0.00811943 0.00825743 0.00826783 0.00834483 
0.00868754 0.00926858 0.0100346 0.0143401 0.0190711 0.00988567 0.0174931 0.020999 0.0257878 0.0158611 0.0147228 0.0122922 0.0125336 0.00389409 0.00400156 0.00378268 0.00381762 0 0.00375799 0.0105018 0.02576 0.0117512 0.00896279 0.00702144 0.00811494 0.0104155 0.013476 0.00969636 0.0102805 0.0139647 0.0488574 0.0109129 0.0092676 0.00998301 0.0108753 0.00944174 0.00998536 0.00930677 0.0135463 0.00886101 0.009738 0.0159281 0.00967644 0.00973488 0.00870182 0.00893864 0.00832692 0.00895971 0.0123111 0.00963027 0.0136865 0.00934567 0.0128601 0.00889283 0.0087874 0.00895109 0.00853844 0.00923954 0.00855739 0.00908707 0.00903174 0.00884432 0.00901479 0.008382 0.00823425 0.00820855 0.00824236 0.00851224 0.00830066 0.00837001 0.00846247 0.00846633 0.00823887 0.00819432 0.00829716 0.00835286 0.00846282 0.00842268 0.0083807 0.0083678 0.00860133 0.0084475 0.00840013 0.0084522 0.00821186 0.00814232 0.00827161 0.00833573 0.00830687 0.00825485 0.00825746 0.00832981 0.00816187 0.0081255 0.00812396 0.00819593 0.00818251 0.00834469 0.0081722 
0.012662 0.00973527 0.0202798 0.0137164 0.00925708 0.0112733 0.0117672 0.0320015 0.0110657 0.0123357 0.00898916 0.0125285 0.029486 0.00555374 0.00391887 0.00383078 0.00376656 0.00375799 0 0.0302943 0.0139914 0.00649834 0.00793951 0.00896399 0.0161982 0.0166837 0.0097692 0.00872578 0.0103367 0.0103306 0.0130191 0.0292002 0.0164255 0.0104602 0.0088151 0.0094788 0.00862235 0.010117 0.00933206 0.0149295 0.0238611 0.00951281 0.00972034 0.00898737 0.00870595 0.00855882 0.00984749 0.0163914 0.00943467 0.0100974 0.00891805 0.00947242 0.00923665 0.0135473 0.0124485 0.00948212 0.0121063 0.00916386 0.00894131 0.0083905 0.00958313 0.00839812 0.00890599 0.00908442 0.0104453 0.00973555 0.0103969 0.00855127 0.00835347 0.00829733 0.00856496 0.00825956 0.00872057 0.00898768 0.00816669 0.00824363 0.00831306 0.00852558 0.00830927 0.0084532 0.00826 0.00834314 0.0082439 0.00822769 0.00855609 0.00867449 0.00818508 0.00816369 0.00822611 0.00825521 0.00818875 0.00815614 0.00820712 0.00870607 0.00822683 0.00819631 0.00863102 0.0081751 0.00828201 
0.00985936 0.0106832 0.0102992 0.00922564 0.0118115 0.00871255 0.0138501 0.00971613 0.0169861 0.00889886 0.0139279 0.00862706 0.020528 0.00657052 0.00753872 0.0062126 0.00709016 0.0105018 0.0302943 0 0.00380814 0.00377997 0.00389118 0.00503191 0.00526445 0.00606677 0.00648801 0.0141193 0.0539269 0.0115425 0.00784891 0.0191461 0.00882928 0.00779475 0.0105801 0.00763142 0.0108138 0.00830743 0.0103811 0.019813 0.0119787 0.0109337 0.00857759 0.0090851 0.00949547 0.00930647 0.0136468 0.0112834 0.0101848 0.00884672 0.0114691 0.00889112 0.0107428 0.0152653 0.0114012 0.0115072 0.00840721 0.0108734 0.00826196 0.0115858 0.00827775 0.0105154 0.00832121 0.0152231 0.0100169 0.00965002 0.00838848 0.00823642 0.00812588 0.00821153 0.00827623 0.00858126 0.00990204 0.00843146 0.00809757 0.00818337 0.00824369 0.00818411 0.00838193 0.00827955 0.00870888 0.00834513 0.00831325 0.0082881 0.00853058 0.00839043 0.00807915 0.00821076 0.00816622 0.00818675 0.00811219 0.00862217 0.0085169 0.00816532 0.00827774 0.00851907 0.00808681 0.00822586 0.00863124 
0.0092366 0.00885215 0.009587 0.0254032 0.0094359 0.031342 0.0126807 0.0270784 0.0106169 0.0276511 0.00875855 0.0268616 0.00961329 0.00960952 0.00650776 0.00857015 0.0129068 0.02576 0.0139914 0.00380814 0 0.00375818 0.00379256 0.00387663 0.0046634 0.00579355 0.0122393 0.0192814 0.0165015 0.00767083 0.0160645 0.00845971 0.00759754 0.0127651 0.00774462 0.0169431 0.0081129 0.0143171 0.0112531 0.0089525 0.016003 0.0108152 0.0163144 0.0167442 0.008764 0.0104873 0.00880207 0.0105982 0.00985529 0.019678 0.010244 0.0188488 0.0108645 0.0103988 0.00877817 0.00918692 0.00931627 0.0084437 0.0153337 0.0084326 0.0180326 0.00841731 0.0138849 0.00844342 0.00837356 0.00822175 0.00830236 0.00837621 0.00884286 0.00855432 0.00864618 0.00903153 0.00859853 0.00822666 0.00870138 0.00844004 0.00846429 0.00929631 0.00861384 0.00983796 0.00864963 0.00966696 0.00856645 0.00868668 0.0082177 0.00829887 0.00835274 0.00844471 0.00843944 0.00840599 0.00848847 0.00836146 0.00829549 0.00813631 0.00814536 0.00823047 0.00832373 0.00836123 0.0084938 
0.00839305 0.00885081 0.0132789 0.0129854 0.0445818 0.0151167 0.0601269 0.0176839 0.0426644 0.012147 0.0458306 0.0090563 0.0111033 0.00705699 0.0102374 0.0101952 0.0405838 0.0117512 0.00649834 0.00377997 0.00375818 0 0.00377251 0.00378914 0.00424007 0.0159849 0.0353511 0.0260606 0.00874223 0.0186676 0.00921884 0.0083265 0.00850268 0.00791552 0.0226594 0.00848164 0.0159259 0.0121312 0.0112955 0.00875927 0.0113473 0.0258409 0.0233837 0.0135793 0.014114 0.00883058 0.00845754 0.00921601 0.0143899 0.0149523 0.0345632 0.0197032 0.0174153 0.00968591 0.00863447 0.00840041 0.00849378 0.0135649 0.00921821 0.0254809 0.00931729 0.0277202 0.00873989 0.00872409 0.00820319 0.00811933 0.00848662 0.010146 0.00972338 0.00964035 0.0114498 0.00895695 0.0084885 0.00849585 0.00855837 0.00940382 0.00932767 0.00936022 0.0107423 0.00940095 0.0116591 0.00980147 0.0115324 0.00869259 0.00859321 0.00835452 0.00849179 0.009217 0.00901584 0.00895931 0.00844282 0.00838953 0.00821993 0.0081256 0.00817215 0.00814682 0.0082589 0.00840889 0.00889333 
0.00946809 0.0096839 0.0104829 0.0291256 0.0124003 0.0184164 0.0141369 0.0231329 0.0107519 0.0243037 0.0101584 0.0235813 0.00986218 0.0128932 0.0162792 0.0388559 0.0116057 0.00896279 0.00793951 0.00389118 0.00379256 0.00377251 0 0.00383071 0.00685518 0.0527573 0.0207767 0.00693284 0.0193037 0.010453 0.00893662 0.00984274 0.00852253 0.0223202 0.00797159 0.0128887 0.00822336 0.0157446 0.0127538 0.00999412 0.0141084 0.0185505 0.0133301 0.0118826 0.00902071 0.00989827 0.00855454 0.0118501 0.0115341 0.0165275 0.0123481 0.0151328 0.0167988 0.0115872 0.00977947 0.00934353 0.00977305 0.00944601 0.0115321 0.00878561 0.0128807 0.00887174 0.0128278 0.00857188 0.00853592 0.00828981 0.00885486 0.0095515 0.00904151 0.00881473 0.00907669 0.00919518 0.00838867 0.00848187 0.00850897 0.00885197 0.00866686 0.00912617 0.00890843 0.00938596 0.0092251 0.00924903 0.00901765 0.00893001 0.00847834 0.00851343 0.00837948 0.00856286 0.00847537 0.00847767 0.00837639 0.00821755 0.00814459 0.00834666 0.00811611 0.0080968 0.0082505 0.00837345 0.00836515 
0.0111826 0.00993326 0.019288 0.011239 0.0104553 0.0102245 0.0119986 0.0109968 0.01475 0.00964709 0.011301 0.00956577 0.0300829 0.0429012 0.0325753 0.0105451 0.00816331 0.00702144 0.00896399 0.00503191 0.00387663 0.00378914 0.00383071 0 0.0622561 0.0201584 0.00458199 0.0102306 0.00635917 0.00776668 0.00824537 0.0100399 0.0193431 0.0106403 0.00869175 0.00770942 0.00820305 0.00876596 0.00977836 0.0165855 0.0326511 0.0120347 0.0102322 0.00942939 0.00951538 0.00834832 0.0098817 0.0170472 0.0112822 0.010086 0.0113687 0.00963159 0.0115603 0.0171126 0.0147446 0.00980172 0.0120584 0.0101029 0.00876328 0.00980846 0.00909021 0.00946763 0.00861382 0.0108521 0.0115956 0.010156 0.0119108 0.00911588 0.00861918 0.00880588 0.00886275 0.00850591 0.00897146 0.00971982 0.00827761 0.00836665 0.00878363 0.00872962 0.00894892 0.00902753 0.00901319 0.00870819 0.00853993 0.00847629 0.00959965 0.00995416 0.00839643 0.00829618 0.00832618 0.00843148 0.00831562 0.00819583 0.00827323 0.0091988 0.00838779 0.00836332 0.00884475 0.00824117 0.00853131 
0.00979742 0.0109772 0.00977964 0.0098505 0.0095962 0.0112011 0.0103203 0.0142644 0.0112897 0.0138663 0.010115 0.0133984 0.0197401 0.0121923 0.00871648 0.00908851 0.00768484 0.00811494 0.0161982 0.00526445 0.0046634 0.00424007 0.00685518 0.0622561 0 0.00388707 0.00378363 0.00382019 0.00388731 0.0040188 0.0040851 0.00667037 0.00699382 0.00643881 0.00661122 0.00830586 0.00689229 0.00819925 0.0191215 0.916092 0.01491 0.00974911 0.00915949 0.00914053 0.00910979 0.00992139 0.0138359 0.014596 0.0102086 0.0101731 0.0100876 0.0106937 0.0101473 0.0230932 0.0110396 0.0163132 0.00996021 0.0104396 0.0098614 0.00969883 0.0103099 0.00884942 0.00985139 0.014405 0.0116116 0.0108833 0.00881275 0.00823101 0.008273 0.00825935 0.00847889 0.00950703 0.0115896 0.00864503 0.00822063 0.00832436 0.00825458 0.00838019 0.00834285 0.00861525 0.00861966 0.00862162 0.00834196 0.00847577 0.00915619 0.00847597 0.00815618 0.0082402 0.00820856 0.00819038 0.00819713 0.00837388 0.00896122 0.00830007 0.00817203 0.00889062 0.00824303 0.00822499 0.00898842 
0.00868805 0.00882443 0.00973822 0.0184318 0.0141268 0.0113572 0.0319858 0.0118451 0.0281344 0.0103491 0.0190035 0.0110221 0.0206604 0.00865201 0.0130587 0.00801022 0.00931514 0.0104155 0.0166837 0.00606677 0.00579355 0.0159849 0.0527573 0.0201584 0.00388707 0 0.0037766 0.00378871 0.00377281 0.00388214 0.00422138 0.00416937 0.00616656 0.00647223 0.00757125 0.00654101 0.00875496 0.0106342 0.940429 0.0140192 0.0112254 0.0152282 0.00970734 0.0103494 0.0095683 0.0098366 0.00919818 0.010623 0.0145318 0.0107927 0.0159542 0.0100129 0.0190053 0.0107014 0.0109166 0.00917372 0.00840796 0.013049 0.00856795 0.013306 0.00884548 0.0174798 0.00888598 0.0103776 0.0086164 0.00837298 0.00826271 0.00912453 0.00844053 0.00890834 0.00872553 0.00943016 0.0087373 0.00859606 0.00832813 0.00856405 0.00877112 0.0086846 0.0093447 0.00878087 0.0100284 0.00895107 0.00937908 0.00884307 0.0085925 0.00832775 0.00835563 0.00845746 0.00840861 0.00841347 0.00822269 0.00871701 0.00820698 0.00805952 0.00814973 0.00818058 0.00810835 0.00844445 0.00851138 
0.00850407 0.0087 0.0101545 0.015035 0.0137475 0.0353234 0.0183036 0.0636015 0.0120835 0.0472125 0.00976309 0.0191104 0.00903403 0.0114645 0.00806615 0.0114544 0.00907324 0.013476 0.0097692 0.00648801 0.0122393 0.0353511 0.0207767 0.00458199 0.00378363 0.0037766 0 0.00376346 0.00381464 0.00381377 0.00382112 0.00432036 0.00596663 0.0079896 0.00635334 0.0096914 0.00821359 0.969022 0.0104552 0.00892908 0.0106695 0.00975949 0.0171578 0.0113393 0.00936936 0.00907075 0.00836199 0.00943877 0.00963169 0.0239969 0.0110055 0.0324054 0.00989309 0.0110651 0.00831693 0.00883915 0.0099349 0.00880735 0.0217658 0.00897444 0.0328481 0.00918751 0.0157813 0.00837097 0.00822239 0.00819499 0.00843814 0.00895243 0.0122357 0.00954395 0.0103896 0.00953394 0.00847843 0.00824502 0.00864725 0.009305 0.00886293 0.0122856 0.00917177 0.0126986 0.00976714 0.0137087 0.00913942 0.0104032 0.00849081 0.00826641 0.00849674 0.00869879 0.00912236 0.00850843 0.00900019 0.00832319 0.00822512 0.00818847 0.00813141 0.00817813 0.00870221 0.00837955 0.0086031 
0.00833636 0.00926677 0.015666 0.0136928 0.0550202 0.0176035 0.0938411 0.0175879 0.0757908 0.0127163 0.058694 0.00913534 0.0121421 0.00828953 0.014817 0.00886141 0.0305391 0.00969636 0.00872578 0.0141193 0.0192814 0.0260606 0.00693284 0.0102306 0.00382019 0.00378871 0.00376346 0 0.00378363 0.00384431 0.00379895 0.00384474 0.00557925 0.00610545 0.0105835 0.00870317 0.969554 0.0135946 0.00984497 0.00829816 0.0092745 0.017536 0.0101953 0.0134414 0.0138173 0.0090074 0.00877808 0.00947728 0.0161841 0.0118567 0.0374952 0.0117929 0.0240126 0.0098161 0.00981358 0.00851298 0.00857389 0.0268359 0.0086995 0.0516707 0.00918883 0.0470931 0.00875656 0.0109572 0.00829155 0.00821754 0.00851257 0.0124268 0.0107356 0.0119886 0.0133005 0.00956261 0.0087272 0.00889802 0.00875842 0.0104895 0.0149601 0.0102232 0.0195494 0.00955138 0.0243703 0.0101033 0.0173445 0.0091329 0.00867794 0.00877946 0.00869459 0.0100221 0.00906918 0.0108251 0.00846148 0.00860537 0.00826513 0.00813074 0.00814874 0.00816175 0.00831619 0.00845998 0.0086668 
0.00867868 0.00925176 0.0135579 0.0360459 0.0172774 0.107619 0.0349652 0.112605 0.0178553 0.107553 0.0124674 0.0244693 0.00974927 0.015274 0.00892147 0.04704 0.0111349 0.0102805 0.0103367 0.0539269 0.0165015 0.00874223 0.0193037 0.00635917 0.00388731 0.00377281 0.00381464 0.00378363 0 0.0038089 0.00380106 0.00378998 0.00454665 0.00829253 0.00758026 0.980924 0.00850551 0.00950348 0.00968741 0.00786261 0.0144781 0.00981948 0.0246039 0.021206 0.0104623 0.0101349 0.00858294 0.0127938 0.0112788 0.0403054 0.0164977 0.0598365 0.0125464 0.0145145 0.00871383 0.00938813 0.0140893 0.0101209 0.0476375 0.0115466 0.054996 0.0102616 0.0202897 0.00867739 0.0083739 0.00831203 0.00940994 0.0112565 0.0199936 0.0132744 0.0155654 0.0111613 0.00891689 0.00875989 0.0102306 0.0123421 0.0110173 0.0232912 0.0117913 0.0236438 0.0121767 0.0288179 0.011614 0.0115601 0.00873624 0.00861817 0.0095279 0.0097034 0.0120879 0.00885806 0.0096965 0.00844454 0.008305 0.00827542 0.00819906 0.00820412 0.00902456 0.00853483 0.00919735 
0.00849356 0.00944651 0.022686 0.0222964 0.122215 0.0397652 0.159183 0.0455637 0.146612 0.0221113 0.0911346 0.0117104 0.0119074 0.00895981 0.0574268 0.010621 0.0217585 0.0139647 0.0103306 0.0115425 0.00767083 0.0186676 0.010453 0.00776668 0.0040188 0.00388214 0.00381377 0.00384431 0.0038089 0 0.00385339 0.00379319 0.00567 0.0082382 0.981792 0.00825763 0.00876927 0.00746496 0.0100427 0.00729309 0.0105037 0.0305 0.0173436 0.0160605 0.0175297 0.009654 0.00853553 0.0110627 0.0257269 0.0199806 0.073954 0.0228064 0.0344633 0.0114896 0.00980897 0.00854194 0.00927443 0.034533 0.0110905 0.0794694 0.013511 0.0648923 0.0103243 0.0104477 0.00829862 0.0082007 0.0091666 0.0169217 0.0168265 0.0195814 0.0228828 0.0128256 0.00879923 0.0092439 0.0100096 0.0154268 0.0210828 0.0138485 0.0293328 0.0142334 0.0347203 0.0174749 0.0284894 0.0107618 0.00902077 0.00911585 0.00919291 0.013055 0.0109536 0.0117143 0.00875074 0.00883534 0.00820376 0.00814608 0.00815179 0.00815475 0.00840951 0.00881399 0.0112725 
0.0088718 0.00994379 0.0151534 0.0404132 0.0202185 0.0368926 0.032106 0.0580437 0.021405 0.0336116 0.016582 0.0389969 0.0120896 0.0238984 0.00995616 0.0116928 0.0143047 0.0488574 0.0130191 0.00784891 0.0160645 0.00921884 0.00893662 0.00824537 0.0040851 0.00422138 0.00382112 0.00379895 0.00380106 0.00385339 0 0.00399854 0.00462891 0.990315 0.00477126 0.00612514 0.00516682 0.0099498 0.00953944 0.00862554 0.0126754 0.0163844 0.0221896 0.0142937 0.0101119 0.0127519 0.00930475 0.0108176 0.0158824 0.0275851 0.0155801 0.0284778 0.0407081 0.0241698 0.0104013 0.010039 0.0106056 0.0115519 0.0162511 0.0107051 0.0180393 0.0114304 0.0268388 0.0101409 0.00864236 0.00850021 0.00953087 0.0133669 0.0119627 0.0113793 0.012622 0.0147394 0.00916387 0.0088735 0.0105191 0.0100255 0.0103115 0.0145153 0.0107709 0.0141725 0.0127009 0.0168501 0.0112539 0.0140581 0.0102925 0.00905705 0.00904576 0.00956159 0.00933374 0.0088151 0.00860788 0.00835762 0.00822674 0.00816277 0.00814656 0.00814865 0.008502 0.00877061 0.00885837 
0.00991038 0.0103536 0.0226264 0.014266 0.012798 0.0134101 0.0201605 0.0144694 0.0169986 0.0120158 0.013687 0.0150366 0.0326575 0.0152701 0.00989683 0.00922622 0.0103015 0.0109129 0.0292002 0.0191461 0.00845971 0.0083265 0.00984274 0.0100399 0.00667037 0.00416937 0.00432036 0.00384474 0.00378998 0.00379319 0.00399854 0 0.992677 0.00485187 0.00417678 0.0040836 0.00497298 0.00558336 0.00858943 0.00896087 0.0169021 0.0108795 0.0107851 0.0108565 0.00972389 0.00961355 0.0120435 0.0143588 0.0111848 0.0133007 0.0132992 0.0139636 0.0230642 0.0505452 0.0148356 0.0106762 0.0117157 0.0108439 0.00924902 0.0107872 0.00954088 0.0103003 0.0123812 0.0198242 0.0106579 0.0101838 0.0125981 0.0102074 0.00920027 0.00929433 0.0098188 0.0103722 0.0115187 0.010742 0.00846141 0.0105221 0.0113824 0.0107286 0.0104105 0.00991357 0.00991786 0.0103769 0.0106628 0.00988024 0.0128749 0.0102413 0.0084154 0.00919143 0.00861289 0.00855318 0.00831653 0.00828934 0.00842531 0.00858993 0.00819493 0.00850007 0.0106573 0.00840287 0.00927992 
0.00866555 0.00999037 0.010993 0.010209 0.0125381 0.0102904 0.0169527 0.0113736 0.0156258 0.00944751 0.0138337 0.00975782 0.0316066 0.00926474 0.00982985 0.00848606 0.00871344 0.0092676 0.0164255 0.00882928 0.00759754 0.00850268 0.00852253 0.0193431 0.00699382 0.00616656 0.00596663 0.00557925 0.00454665 0.00567 0.00462891 0.992677 0 0.00386663 0.00380018 0.00379998 0.00385527 0.00393794 0.00410546 0.0100068 0.0085497 0.00894974 0.0078948 0.0104813 0.00879486 0.00925376 0.0248632 0.0102966 0.0110907 0.0087926 0.0140118 0.00906699 0.0150737 0.0202099 0.0116656 0.0161861 0.00887384 0.0109548 0.00862645 0.0120909 0.00853004 0.0119871 0.00889437 0.0942605 0.00961059 0.00939647 0.00865358 0.00871781 0.00842094 0.00858644 0.00868496 0.00957004 0.0124318 0.008451 0.00840613 0.00843755 0.00857693 0.00853009 0.00940222 0.00852729 0.0114139 0.00872544 0.00931016 0.00867605 0.00938359 0.00861755 0.00833741 0.00843238 0.00833863 0.00835923 0.00824806 0.00846825 0.00896816 0.00806868 0.00814188 0.00862563 0.00819642 0.00824477 0.00905588 
0.0085949 0.0087325 0.00932676 0.0192506 0.00921281 0.0313872 0.0123397 0.0375609 0.00961476 0.0475006 0.00890411 0.0425695 0.00990777 0.0117888 0.00848132 0.00989312 0.009249 0.00998301 0.0104602 0.00779475 0.0127651 0.00791552 0.0223202 0.0106403 0.00643881 0.00647223 0.0079896 0.00610545 0.00829253 0.0082382 0.990315 0.00485187 0.00386663 0 0.00378037 0.00382499 0.00375552 0.00392566 0.00411559 0.00409252 0.0104373 0.00742278 0.00964216 0.00882468 0.00814031 0.0366724 0.0121254 0.0103524 0.0088096 0.0208553 0.00848856 0.0263361 0.00963363 0.0179573 0.00928276 0.0102086 0.00986646 0.00857441 0.0205558 0.00853571 0.0263276 0.00851159 0.137952 0.00851907 0.00849497 0.00829579 0.00855519 0.00864334 0.00974453 0.00879991 0.00929428 0.0106932 0.00907362 0.00855166 0.00874516 0.00891281 0.00848212 0.0126694 0.00860426 0.0157316 0.00863988 0.0171835 0.00864434 0.0101602 0.0085299 0.00826623 0.00861053 0.00858349 0.00893932 0.00849219 0.00860488 0.00843598 0.00829191 0.00814763 0.00814434 0.00823107 0.00825258 0.00845264 0.00848333 
0.00829341 0.00895104 0.0151763 0.0109912 0.060424 0.011045 0.0956353 0.0127357 0.125531 0.00920001 0.129706 0.0087136 0.011792 0.00831549 0.0242689 0.00861898 0.0136506 0.0108753 0.0088151 0.0105801 0.00774462 0.0226594 0.00797159 0.00869175 0.00661122 0.00757125 0.00635334 0.0105835 0.00758026 0.981792 0.00477126 0.00417678 0.00380018 0.00378037 0 0.00375735 0.00376964 0.00378178 0.00385229 0.00384093 0.00747291 0.0121148 0.00720752 0.00928547 0.0271692 0.0145664 0.00793253 0.00816937 0.0157503 0.00857109 0.0385645 0.00877493 0.0401799 0.00896708 0.0111711 0.00837233 0.00843372 0.0408363 0.00845402 0.0910815 0.0085265 0.242238 0.00857662 0.0122519 0.00856764 0.00819792 0.00855769 0.0135942 0.00952373 0.0118062 0.0140604 0.00931455 0.00884884 0.00928828 0.00866118 0.00994185 0.017171 0.00912655 0.0337046 0.00900904 0.0359761 0.00957406 0.0266239 0.00906307 0.00893342 0.00939206 0.00879567 0.0102904 0.00972449 0.0114126 0.00847747 0.00933719 0.00823862 0.00812805 0.00813395 0.00814668 0.00860861 0.00849115 0.00906781 
0.00832831 0.00887843 0.0100678 0.0227698 0.0100828 0.085702 0.0135705 0.0979032 0.0101834 0.168887 0.00908131 0.0294512 0.00880677 0.0142781 0.00814865 0.0275866 0.0102102 0.00944174 0.0094788 0.00763142 0.0169431 0.00848164 0.0128887 0.00770942 0.00830586 0.00654101 0.0096914 0.00870317 0.980924 0.00825763 0.00612514 0.0040836 0.00379998 0.00382499 0.00375735 0 0.00374061 0.00376425 0.0037894 0.00377158 0.0077776 0.00705465 0.0133832 0.0148676 0.0197924 0.00921762 0.00706528 0.00867202 0.00804854 0.0308959 0.00829231 0.0492273 0.00847784 0.0120246 0.00839051 0.00886509 0.0118503 0.00849863 0.0912811 0.00864221 0.218793 0.00911053 0.0318713 0.00835982 0.00812816 0.00815504 0.00871632 0.00899268 0.0184423 0.0107264 0.0135242 0.0121383 0.00866304 0.00829878 0.0100228 0.0119749 0.00889662 0.0360668 0.00925951 0.0327445 0.00983865 0.0459407 0.00957947 0.0137464 0.00896271 0.00830872 0.00971392 0.00919159 0.010747 0.0086537 0.0104475 0.00832594 0.0082165 0.00818345 0.0081818 0.00818592 0.00856549 0.00853954 0.00878659 
0.00826865 0.0087999 0.0159806 0.0125889 0.0616159 0.0134532 0.10587 0.0143024 0.141869 0.00951286 0.0798513 0.00890939 0.0107034 0.00835867 0.0238707 0.00876475 0.011609 0.00998536 0.00862235 0.0108138 0.0081129 0.0159259 0.00822336 0.00820305 0.00689229 0.00875496 0.00821359 0.969554 0.00850551 0.00876927 0.00516682 0.00497298 0.00385527 0.00375552 0.00376964 0.00374061 0 0.00375856 0.00376498 0.00375489 0.00586511 0.0116041 0.0117233 0.0159398 0.0191582 0.00683175 0.00672257 0.00768015 0.0127449 0.00850121 0.038621 0.0085902 0.0210608 0.00909824 0.0106896 0.00838192 0.00843785 0.0452229 0.00863175 0.218663 0.00866195 0.0629329 0.00868927 0.0113099 0.00836245 0.00815211 0.00868263 0.0145064 0.0106164 0.0148093 0.0151037 0.00993968 0.00869584 0.00890758 0.00952264 0.0107061 0.0234188 0.0100088 0.033161 0.00966086 0.0399229 0.0102579 0.0265442 0.00954428 0.00893448 0.00894259 0.00886023 0.0125426 0.0096667 0.0133191 0.00864837 0.00905323 0.00832981 0.00813121 0.00816285 0.00818572 0.00854025 0.0086548 0.00929113 
