1D7RA
LNDDATFWRNARQHLVRYGGTFEPMIIERAKGSFVYDADGRAILDFTSGQMSAVLGHCHPEIVSVIGEYAGKLDHLFSGMLSRPVVDLATRLANITPPGLDRALLLSTGAESNEAAIRMAKLVTGKYEIVGFAQSWHGMTGAAASATYSAGRKGVGPAAVGSFAIPAPFTYRPRFERNGAYDYLAELDYAFDLIDRQSSGNLAAFIAEPILSSGGIIELPDGYMAALKRKCEARGMLLILDEAQTGVGRTGTMFACQRDGVTPDILTLSKTLGAGLPLAAIVTSAAIEERAHELGYLFYTTHVSDPLPAAVGLRVLDVVQRDGLVARANVMGDRLRRGLLDLMERFDCIGDVRGRGLLLGVEIVKDRRTKEPADGLGAKITRECMNLGLSMNIVQLPGMGGVFRIAPPLTVSEDEIDLGLSLLGQAIERAL
CCCCHHHHHHHHHHCCCCCCCCCCCCEEEEEECEEEECCCCEEEECCHHHHCCCCCECCHHHHHHHHHHHCCCCCCCCCCCCHHHHHHHHHHHHHCCCCCCEEEEECCHHHHHHHHHHHHHHHHCCCEEEEECCCCCCCCHHHHHCCCCCCCCCCCCCCCCEEEECCCCCCCCCCEECCEECHHHHHHHHHHHHHHHCCCCEEEEEECCEECCCCCEECCCCHHHHHHHHHHHHCCEEEEECCCCCCCCCCCCCHHHHHCCCCCEEEECHHHHCCCCCEEEEECHHHHHHHHHCCCCCCCCCCCCHHHHHHHHHHHHHHHHCCHHHHHHHHHHHHHHHHHHHHHHCCCEEEEEEECCEEEEEEECCCCCCCECCCHHHHHHHHHHHHCEECCEECCCCCCEEEEECCCCCCCHHHHHHHHHHHHHHHHHHC
0 0 0 0 0 0 0 0 0 0 0 0 0 0 0 0 0 0 0 0 0 0 0 0 0 0 0 0 0 0 0 0 0 0 0 0 0 0 0 0 0 0 0 0 0 0 0 0 0 0 0 0 0 0 0 0 0 0 0 0 0 0 0 0 0 0 0 0 0 0 0 0 0 0 0 0 0 0 0 0 0 0 0 0 0 0 0 0 0 0 0 0 0 0 0 0 0 0 0 0 0 0 0 0 0 0 0 0 0 0 0 0 0 0 0 0 0 0 0 0 0 0 0 0 0 0 0 0 0 0 0 0 0 0 0 0 0 0 0 0 0 0 0 0 0 0 0 0 0 0 0 0 0 0 0 0 0 0 0 0 0 0 0 0 0 0 0 0 0 0 0 0 0 0 0 0 0 0 0 0 0 0 0 0 0 0 0 0 0 0 0 0 0 0 0 0 0 0 0 0 0 0 0 0 0 0 0 0 0 0 0 0 0 0 0 0 0 0 0 0 0 0 0 0 0 0 0 0 0 0 0 0 0 0 0 0 0 0 0 0 0 0 0 0 0 0 0 0 0 0 0 0 0 0 0 0 0 0 0 0 0 0 0 0 0 0 0 0 0 0 0 0 0 0 0 0 0 0 0 0 0 0 0 0 0 0 0 0 0 0 0 0 0 0 0 0 0 0 0 0 0 0 0 0 0 0 0 0 0 0 0 0 0 0 0 0 0 0 0 0 0 0 0 0 0 0 0 0 0 0 0 0 0 0 0 0 0 0 0 0 0 0 0 0 0 0 0 0 0 0 0 0 0 0 0 0 0 0 0 0 0 0 0 0 0 0 0 0 0 0 0 0 0 0 0 0 0 0 0 0 0 0 0 0 0 0 0 0 0 0 0 0 0 0 0 0 0 0 0 0 0 0 0 0 0 0 0 0 0 0 0 0 0 0 0 0 0 0 0 0 0 0 0 0 0 0 0 0 0 0 0 
0 0 0 0 0 0 0 0 0 0 0 0 0 0 0 0 0 0 0 0 0 0 0 0 0 0 0 0 0 0 0 0 0 0 0 0 0 0 0 0 0 0 0 0 0 0 0 0 0 0 0 0 0 0 0 0 0 0 0 0 0 0 0 0 0 0 0 0 0 0 0 0 0 0 0 0 0 0 0 0 0 0 0 0 0 0 0 0 0 0 0 0 0 0 0 0 0 0 0 0 0 0 0 0 0 0 0 0 0 0 0 0 0 0 0 0 0 0 0 0 0 0 0 0 0 0 0 0 0 0 0 0 0 0 0 0 0 0 0 0 0 0 0 0 0 0 0 0 0 0 0 0 0 0 0 0 0 0 0 0 0 0 0 0 0 0 0 0 0 0 0 0 0 0 0 0 0 0 0 0 0 0 0 0 0 0 0 0 0 0 0 0 0 0 0 0 0 0 0 0 0 0 0 0 0 0 0 0 0 0 0 0 0 0 0 0 0 0 0 0 0 0 0 0 0 0 0 0 0 0 0 0 0 0 0 0 0 0 0 0 0 0 0 0 0 0 0 0 0 0 0 0 0 0 0 0 0 0 0 0 0 0 0 0 0 0 0 0 0 0 0 0 0 0 0 0 0 0 0 0 0 0 0 0 0 0 0 0 0 0 0 0 0 0 0 0 0 0 0 0 0 0 0 0 0 0 0 0 0 0 0 0 0 0 0 0 0 0 0 0 0 0 0 0 0 0 0 0 0 0 0 0 0 0 0 0 0 0 0 0 0 0 0 0 0 0 0 0 0 0 0 0 0 0 0 0 0 0 0 0 0 0 0 0 0 0 0 0 0 0 0 0 0 0 0 0 0 0 0 0 0 0 0 0 0 0 0 0 0 0 0 0 0 0 0 0 0 0 0 0 0 0 0 0 0 0 0 0 0 0 0 0 0 0 0 0 0 0 0 0 0 0 0 0 0 0 0 0 0 0 0 
0 0.00397927 0.00378041 0.00393805 0.00400506 0.00494664 0.00435094 0.00552977 0.0158482 0.204099 0.0138719 0.0103477 0.0146477 0.0245775 0.0108242 0.0090714 0.0096064 0.00998337 0.00883151 0.0119291 0.00965972 0.0085429 0.00859787 0.0085802 0.00972858 0.00819374 0.0081499 0.00833675 0.0085911 0.00816406 0.00836925 0.00811245 0.00838768 0.00820108 0.0082832 0.00831031 0.00835192 0.0082488 0.00855912 0.00813326 0.0083916 0.00824206 0.00840853 0.00831684 0.00842276 0.00837171 0.00834008 0.0083254 0.00838534 0.00851709 0.00840026 0.00859727 0.00837596 0.00854174 0.00849372 0.00852035 0.00895683 0.00850654 0.008517 0.00848197 0.00855884 0.00854878 0.00853159 0.00874274 0.00867561 0.00878687 0.00856958 0.00865449 0.0088539 0.00872085 0.00959712 0.00994788 0.0088689 0.00956047 0.00926463 0.0105704 0.00902202 0.00905931 0.00926868 0.00959654 0.0110184 
0.00397927 0 0.00380548 0.00383748 0.00393691 0.00378412 0.0129175 0.00560329 0.0491433 0.0167586 0.00826216 0.00926989 0.0130836 0.00789557 0.00820001 0.00846558 0.00948751 0.00898467 0.0103469 0.00870279 0.00839434 0.00878356 0.00861133 0.0086568 0.00839715 0.00809623 0.00826363 0.00825601 0.00818474 0.00809901 0.00813666 0.00814299 0.00817463 0.00814733 0.00836888 0.00846807 0.00842135 0.0083237 0.00820817 0.00823216 0.00814869 0.00827357 0.00815751 0.00826432 0.00838811 0.0083406 0.00831452 0.00819617 0.00827258 0.00842188 0.00830352 0.00835358 0.0083338 0.00843532 0.0083924 0.00841521 0.00842849 0.00837343 0.00846961 0.00849956 0.00854658 0.00849523 0.00857199 0.00849768 0.00851328 0.00858537 0.00855234 0.00868354 0.00879075 0.0086601 0.00873795 0.00888415 0.00855044 0.00893123 0.00877286 0.0094619 0.00874015 0.00888199 0.00923124 0.00946953 0.00960954 
0.00378041 0.00380548 0 0.0041466 0.00378239 0.00385503 0.00398702 0.00946056 0.0517524 0.00452591 0.00724258 0.00816301 0.00755954 0.00795017 0.00793583 0.00829491 0.00861492 0.00960599 0.00866161 0.00833802 0.00834913 0.00826639 0.00868563 0.00841211 0.00821374 0.00819053 0.00819348 0.00826864 0.00823642 0.00816756 0.00814395 0.00817148 0.00815119 0.00817727 0.0083152 0.00836607 0.00839153 0.00829812 0.00817042 0.00820309 0.00816801 0.0082898 0.00815573 0.00831438 0.00835529 0.00836551 0.0081926 0.00817028 0.00834386 0.00838618 0.008293 0.00828949 0.00837183 0.00842774 0.00844308 0.0083661 0.00841646 0.00838221 0.00846524 0.0084777 0.00851028 0.0084985 0.00844595 0.00843998 0.00848009 0.0085245 0.00855313 0.00864047 0.00879471 0.0086041 0.00875723 0.00875413 0.00856139 0.0088532 0.00877883 0.00911932 0.00877294 0.00904332 0.00920674 0.00953815 0.00923864 
0.00393805 0.00383748 0.0041466 0 0.0037668 0.00376497 0.00450095 0.0775368 0.0041372 0.00428922 0.00733312 0.00747194 0.00927632 0.00692026 0.007805 0.00832412 0.00857638 0.00952181 0.00849411 0.00833375 0.00822795 0.00845597 0.00900663 0.00843868 0.00822188 0.00807347 0.00840218 0.0081965 0.008222 0.00809503 0.00814492 0.00809557 0.00818821 0.00815035 0.00828702 0.00844853 0.00841708 0.00824364 0.00816336 0.00822445 0.00815549 0.00836921 0.00815065 0.00828646 0.00837132 0.00839359 0.00825598 0.00819834 0.00828215 0.00839927 0.00831354 0.00830564 0.00832439 0.00844906 0.00845842 0.00839551 0.00838901 0.00839677 0.00845286 0.00851442 0.00851468 0.00850493 0.00851679 0.00843277 0.00841212 0.00856925 0.00860404 0.00871564 0.00881021 0.00868464 0.00884021 0.00885599 0.00854086 0.00879148 0.00866222 0.0100117 0.00873075 0.00924867 0.00975069 0.0099381 0.00966856 
0.00400506 0.00393691 0.00378239 0.0037668 0 0.00594844 0.00424311 0.0160531 0.00398795 0.00390476 0.00938521 0.0102376 0.00943157 0.00855299 0.00901252 0.00840043 0.0117829 0.00844277 0.00956295 0.00849088 0.00849273 0.00852481 0.00831704 0.00871939 0.00828967 0.00817886 0.00838186 0.00820771 0.00821274 0.00818853 0.00817377 0.00818396 0.00816765 0.00812013 0.00827648 0.00836951 0.00837683 0.00832258 0.00826889 0.00819471 0.00815129 0.00821167 0.00815764 0.00824233 0.0083217 0.00829806 0.00821754 0.00816089 0.00822874 0.00835077 0.00828857 0.00821835 0.00831089 0.00837009 0.00841831 0.00833387 0.00826792 0.00832337 0.00843802 0.0084746 0.00850638 0.00840218 0.00851299 0.00838011 0.00840746 0.00854566 0.00849832 0.00862702 0.00872826 0.00861879 0.00852815 0.0085763 0.00861201 0.00875935 0.00863866 0.00872503 0.00862838 0.00882508 0.00899357 0.00918037 0.00869895 
0.00494664 0.00378412 0.00385503 0.00376497 0.00594844 0 0.0112402 0.00387778 0.0037963 0.00388128 0.0104041 0.00692253 0.0101229 0.0356786 0.00957751 0.00872027 0.00837282 0.00876866 0.00878702 0.0103672 0.00875105 0.00830489 0.00925418 0.00847861 0.00931067 0.00824654 0.00828493 0.00822129 0.00832054 0.00815734 0.0081654 0.00814515 0.00824195 0.00822088 0.00827998 0.00832999 0.0083896 0.00822128 0.00827859 0.00819763 0.00820887 0.00826158 0.00823179 0.00836422 0.00828272 0.00828025 0.00824988 0.00824923 0.00834999 0.00833064 0.00823095 0.00833835 0.00840939 0.00838375 0.00838486 0.00833595 0.00836643 0.00858766 0.00842233 0.00839 0.00841289 0.00837104 0.00840967 0.00839018 0.0087113 0.00850222 0.00842751 0.00848067 0.00860689 0.00843828 0.00870294 0.00887091 0.00869478 0.00880942 0.00862632 0.00937021 0.00867488 0.00879685 0.00888646 0.0088496 0.00921466 
0.00435094 0.0129175 0.00398702 0.00450095 0.00424311 0.0112402 0 0.0037832 0.00379727 0.00409073 0.0172316 0.00708372 0.470538 0.234839 0.00981614 0.00950407 0.00966322 0.0106469 0.0105709 0.0143297 0.00970236 0.00966078 0.0105453 0.010314 0.00951872 0.00863743 0.00820508 0.00871221 0.0086916 0.00817024 0.00815373 0.0081698 0.00822714 0.00822788 0.0083731 0.00865436 0.00858643 0.00850629 0.00924226 0.00825288 0.00817358 0.0081041 0.00828724 0.0082135 0.00840302 0.00853894 0.00841664 0.00842504 0.00834384 0.00835437 0.00831667 0.0085992 0.00835362 0.00839196 0.00841516 0.00838226 0.00880506 0.00838777 0.00846114 0.00849984 0.0085502 0.00855109 0.00842903 0.00853319 0.00857717 0.00861194 0.00856039 0.0086444 0.00883391 0.00856755 0.00903744 0.00901781 0.00857485 0.00906474 0.00889919 0.00914215 0.00879801 0.00887921 0.00961464 0.00953074 0.0101841 
0.00552977 0.00560329 0.00946056 0.0775368 0.0160531 0.00387778 0.0037832 0 0.00384126 0.004224 0.00613167 0.694214 0.186343 0.0226659 0.00890432 0.00934894 0.0133975 0.0184472 0.0173425 0.0103834 0.00907082 0.013532 0.017455 0.0126471 0.0094893 0.00822775 0.0089629 0.00865088 0.00836908 0.00812529 0.00814191 0.00810955 0.00818449 0.00817006 0.00858237 0.00938025 0.00987059 0.00883386 0.00855635 0.00835852 0.00834706 0.00832693 0.00832358 0.00840887 0.00889647 0.00881596 0.00851071 0.00832552 0.00862627 0.00870352 0.0085284 0.00835713 0.00837422 0.00887566 0.00872356 0.00853268 0.00846177 0.00843871 0.00868402 0.00875219 0.00860888 0.00871076 0.00870609 0.00862917 0.00882977 0.00918631 0.00898805 0.00904353 0.00907281 0.00892044 0.00877363 0.00866782 0.00878997 0.00909025 0.00876678 0.00959547 0.0088806 0.01052 0.0102457 0.0105047 0.00984285 
0.0158482 0.0491433 0.0517524 0.0041372 0.00398795 0.0037963 0.00379727 0.00384126 0 0.00385066 0.704544 0.239782 0.034608 0.0150035 0.0105825 0.00977476 0.012793 0.0153719 0.0281999 0.0111907 0.00941722 0.0132675 0.0148424 0.0165567 0.00920772 0.00847679 0.00890101 0.0087893 0.00832817 0.00822335 0.00819759 0.00812603 0.00822209 0.00835108 0.0086386 0.00970624 0.0099795 0.00878805 0.00858118 0.00840564 0.00845563 0.00833034 0.00832269 0.00859492 0.00894619 0.00868789 0.00849568 0.00828106 0.00844203 0.00867472 0.00849759 0.00830832 0.00841441 0.00863247 0.00871437 0.00856188 0.00829056 0.00849063 0.00869657 0.00865746 0.00868915 0.00864675 0.00870169 0.0086412 0.00893949 0.00908332 0.00892905 0.00882512 0.00910772 0.00888097 0.00858227 0.0085834 0.00896472 0.00909494 0.00881005 0.00922024 0.00908947 0.00970052 0.00999486 0.0100788 0.00946325 
0.204099 0.0167586 0.00452591 0.00428922 0.00390476 0.00388128 0.00409073 0.004224 0.00385066 0 0.325819 0.0107715 0.00565776 0.011441 0.0150118 0.011455 0.00981976 0.00912152 0.0109831 0.0183 0.0112317 0.00934955 0.0091524 0.00962356 0.0105108 0.00952409 0.00833544 0.00836405 0.00837828 0.00855602 0.00818256 0.00849162 0.00831281 0.00864175 0.0083812 0.00851611 0.00869449 0.00858335 0.00853808 0.00878812 0.0084159 0.00832101 0.00832094 0.0087237 0.00859439 0.00838828 0.00845884 0.00829726 0.00874327 0.00849121 0.0084419 0.00834941 0.00886723 0.00859752 0.00841418 0.00843754 0.00845402 0.00868301 0.00861472 0.00856803 0.00847799 0.0084531 0.00848278 0.00859311 0.00930337 0.00882505 0.00863211 0.0085779 0.00875417 0.00859357 0.00879678 0.00916773 0.00927527 0.00930451 0.00888433 0.00923128 0.00916937 0.00907641 0.00906733 0.00930597 0.00924132 
0.0138719 0.00826216 0.00724258 0.00733312 0.00938521 0.0104041 0.0172316 0.00613167 0.704544 0.325819 0 0.00467613 0.00384435 0.00441711 0.0106599 0.0251326 0.0113686 0.00925166 0.0104792 0.0155691 0.0113257 0.00947854 0.00883257 0.00940941 0.010773 0.00920832 0.00826586 0.00878368 0.00902769 0.00879658 0.00859304 0.00845637 0.00876609 0.00849188 0.00831138 0.00850373 0.00840895 0.00834783 0.00873678 0.00815027 0.00835791 0.00824771 0.00850818 0.00837934 0.00839503 0.00843878 0.00843585 0.00837077 0.00829172 0.00840644 0.00841716 0.00877558 0.00831596 0.00844661 0.0083902 0.00842464 0.00897675 0.00841535 0.00843478 0.00840421 0.00845296 0.00838881 0.00847074 0.00867032 0.00870461 0.0085699 0.00848848 0.00852654 0.00873259 0.00870652 0.00941404 0.00974896 0.00883992 0.00946895 0.00917417 0.00991972 0.00901355 0.00887495 0.00906231 0.00954397 0.0104727 
0.0103477 0.00926989 0.00816301 0.00747194 0.0102376 0.00692253 0.00708372 0.694214 0.239782 0.0107715 0.00467613 0 0.00403028 0.0038197 0.00900361 0.0144223 0.0324908 0.0258957 0.0150083 0.0102942 0.0106461 0.0126294 0.0166651 0.0120127 0.00874673 0.00839284 0.0088633 0.00915011 0.0086689 0.00834015 0.00823561 0.00829526 0.00830684 0.00825378 0.00854321 0.00896788 0.00914644 0.00863647 0.00831814 0.00833755 0.00827841 0.00833205 0.00829595 0.00837223 0.00877539 0.00868965 0.0084212 0.00827106 0.00850485 0.00861155 0.00841412 0.00836402 0.00839167 0.00860319 0.00855372 0.00849312 0.00845829 0.0084674 0.00859669 0.00860368 0.00863172 0.00861319 0.00858389 0.00851722 0.00867936 0.00914291 0.00871528 0.00882541 0.00884905 0.00875985 0.00872435 0.00866523 0.00874607 0.00903433 0.00878751 0.00963544 0.00876514 0.00939844 0.0099867 0.0102 0.00934155 
0.0146477 0.0130836 0.00755954 0.00927632 0.00943157 0.0101229 0.470538 0.186343 0.034608 0.00565776 0.00384435 0.00403028 0 0.00405671 0.0107002 0.014323 0.0190655 0.0387288 0.0529107 0.0138367 0.00920944 0.0146527 0.0192156 0.015844 0.010752 0.0084612 0.0098478 0.00862963 0.0088479 0.00817273 0.00822232 0.00821128 0.00846016 0.00892369 0.00936288 0.0101156 0.0101445 0.00908987 0.0088002 0.00856243 0.0084866 0.00840708 0.00832754 0.00872616 0.00922679 0.00874625 0.00858616 0.00829544 0.00845719 0.00865867 0.00850886 0.00831865 0.00841662 0.00858098 0.00860714 0.00849461 0.00833255 0.00854113 0.00871115 0.00863652 0.00859478 0.00856806 0.00869422 0.00856229 0.00886874 0.00904968 0.00881809 0.00877725 0.00896668 0.00882605 0.00859381 0.00857118 0.00898108 0.00911387 0.00869158 0.00944991 0.00888857 0.00938394 0.0096291 0.00973701 0.00922793 
0.0245775 0.00789557 0.00795017 0.00692026 0.00855299 0.0356786 0.234839 0.0226659 0.0150035 0.011441 0.00441711 0.0038197 0.00405671 0 0.0200909 0.0114174 0.0112977 0.0133784 0.0423894 0.0406162 0.0122931 0.0104617 0.0114616 0.0167907 0.0111166 0.0101751 0.00835804 0.00917408 0.00851505 0.00839719 0.00818476 0.00848004 0.00828386 0.00867223 0.00855317 0.00905231 0.00926297 0.0087103 0.00890716 0.00869346 0.00865034 0.00842333 0.00840557 0.00882619 0.00874712 0.00866663 0.00846991 0.00847087 0.008712 0.00850466 0.00850142 0.00840597 0.00868066 0.00859382 0.00853893 0.00848914 0.00855487 0.00859286 0.00856048 0.00858557 0.00852956 0.00859172 0.0085795 0.00869589 0.00911793 0.00889794 0.00871035 0.00866034 0.00896987 0.00867209 0.00863378 0.00889377 0.0091427 0.00919038 0.0087975 0.00898156 0.00898313 0.00918892 0.0092999 0.00939099 0.00940036 
0.0108242 0.00820001 0.00793583 0.007805 0.00901252 0.00957751 0.00981614 0.00890432 0.0105825 0.0150118 0.0106599 0.00900361 0.0107002 0.0200909 0 0.0191146 0.00910972 0.010368 0.0150949 0.0760447 0.0103505 0.00843595 0.00843771 0.0089948 0.0121023 0.0088722 0.008176 0.00831547 0.00866888 0.00860565 0.00827803 0.00840114 0.00866452 0.00843975 0.0081916 0.00828608 0.0082866 0.00830739 0.00883781 0.00875419 0.00835047 0.00870987 0.0083926 0.00845769 0.0082495 0.0082453 0.00821567 0.00839993 0.00837249 0.00819323 0.00817807 0.00868414 0.00832644 0.00821006 0.00817776 0.00820288 0.00888104 0.00865907 0.00837945 0.00837588 0.00837359 0.00837838 0.00836582 0.00855512 0.00890048 0.00861865 0.00838763 0.00845996 0.008409 0.00845678 0.00908543 0.00963899 0.00896691 0.00951941 0.00872511 0.00978548 0.008807 0.00870031 0.00857838 0.00883179 0.00969101 
0.0090714 0.00846558 0.00829491 0.00832412 0.00840043 0.00872027 0.00950407 0.00934894 0.00977476 0.011455 0.0251326 0.0144223 0.014323 0.0114174 0.0191146 0 0.00676134 0.00376214 0.00384937 0.00454458 0.218768 0.0153622 0.0119835 0.0110741 0.0197849 0.00992456 0.00930898 0.00914563 0.012678 0.00877037 0.00896297 0.0083968 0.00933867 0.00924988 0.00854681 0.00882345 0.00876359 0.00907018 0.0104503 0.0086167 0.00846821 0.00851394 0.00871306 0.0087188 0.00844415 0.0085145 0.00829514 0.00835332 0.00853415 0.00827528 0.00823952 0.0086515 0.00828821 0.0083646 0.00831029 0.00823259 0.00865348 0.00825753 0.00832959 0.00837445 0.00843889 0.00836546 0.00837569 0.00837024 0.00840155 0.00843877 0.00841431 0.00845362 0.00852796 0.00849544 0.00860316 0.00867618 0.00834543 0.00850849 0.00839359 0.00879259 0.00842321 0.00850386 0.00856616 0.00859556 0.00874468 
0.0096064 0.00948751 0.00861492 0.00857638 0.0117829 0.00837282 0.00966322 0.0133975 0.012793 0.00981976 0.0113686 0.0324908 0.0190655 0.0112977 0.00910972 0.00676134 0 0.00380915 0.00379089 0.00384447 0.0819339 0.194121 0.0187425 0.0265206 0.00989121 0.0101721 0.0116757 0.0125869 0.00909407 0.00900723 0.00838978 0.00859197 0.0084691 0.00870267 0.0107678 0.0127799 0.0134897 0.0108597 0.00919072 0.00882284 0.00854644 0.00848981 0.00850855 0.00870217 0.00948691 0.0089717 0.0090845 0.00834246 0.00857649 0.00892464 0.00865673 0.00835384 0.00839929 0.00858039 0.00852143 0.00858666 0.00841425 0.00844087 0.00843647 0.00849622 0.00847591 0.00852592 0.00844937 0.00841979 0.00850854 0.00854028 0.00847909 0.0085523 0.00858671 0.00855261 0.00850242 0.00838642 0.00841431 0.00858718 0.00842494 0.0087142 0.00845279 0.00869246 0.00869984 0.00879361 0.00863463 
0.00998337 0.00898467 0.00960599 0.00952181 0.00844277 0.00876866 0.0106469 0.0184472 0.0153719 0.00912152 0.00925166 0.0258957 0.0387288 0.0133784 0.010368 0.00376214 0.00380915 0 0.00376829 0.00381271 0.039436 0.0820791 0.256507 0.0187063 0.0108896 0.00910861 0.0138387 0.0106285 0.00906291 0.00829931 0.00834305 0.00829034 0.00835845 0.00861778 0.0114096 0.0269247 0.0332325 0.0141251 0.00962935 0.00888431 0.0084916 0.00840298 0.00846396 0.00905274 0.0105284 0.0116587 0.00922383 0.00868097 0.00883739 0.00905124 0.00880671 0.00839833 0.00839525 0.0086997 0.00901437 0.00875494 0.00873157 0.00837962 0.00845854 0.0086258 0.0085607 0.00857234 0.00847921 0.00832354 0.00847657 0.00854064 0.00871422 0.00867545 0.0087815 0.00854397 0.00837517 0.0083326 0.00845303 0.00844561 0.00836317 0.00848547 0.00844861 0.00868532 0.00886425 0.00901965 0.00866476 
0.00883151 0.0103469 0.00866161 0.00849411 0.00956295 0.00878702 0.0105709 0.0173425 0.0281999 0.0109831 0.0104792 0.0150083 0.0529107 0.0423894 0.0150949 0.00384937 0.00379089 0.00376829 0 0.00397438 0.0178452 0.0884055 0.0825143 0.294563 0.0192336 0.0105772 0.0114497 0.0177052 0.00951294 0.00914562 0.00849523 0.00880249 0.00890572 0.00922737 0.0116638 0.0216503 0.0203991 0.0259597 0.0120353 0.00947394 0.00920305 0.00878594 0.00886459 0.00947773 0.01179 0.0109979 0.0103369 0.00862492 0.00889194 0.00904774 0.00908456 0.00828955 0.00840554 0.00886626 0.00894426 0.00866846 0.00849573 0.00838169 0.00847653 0.00851625 0.00842164 0.00845412 0.00848678 0.00833172 0.00855415 0.0087332 0.0085862 0.0085532 0.00875473 0.00851958 0.00838828 0.00834204 0.00862233 0.00878143 0.00843316 0.0086078 0.00852737 0.0088697 0.00894465 0.00904104 0.00864187 
0.0119291 0.00870279 0.00833802 0.00833375 0.00849088 0.0103672 0.0143297 0.0103834 0.0111907 0.0183 0.0155691 0.0102942 0.0138367 0.0406162 0.0760447 0.00454458 0.00384447 0.00381271 0.00397438 0 0.0287449 0.0233606 0.058796 0.101006 0.337186 0.0165604 0.0100234 0.00961949 0.0122895 0.0111489 0.00881362 0.0112565 0.0100271 0.0131057 0.00976261 0.0100199 0.0101376 0.0105454 0.0145081 0.0128352 0.0100182 0.0101222 0.00916035 0.0122754 0.00923241 0.00933967 0.00918456 0.00940541 0.0100916 0.00877245 0.0083925 0.00879976 0.00949794 0.00854853 0.00842676 0.00831358 0.00858364 0.00862193 0.00840127 0.00842563 0.00835901 0.00830352 0.00835776 0.00842042 0.0089932 0.00859633 0.00844931 0.00842952 0.00849561 0.0084246 0.00851409 0.00861028 0.00891957 0.00889096 0.00846741 0.00886173 0.00865971 0.00877512 0.00860975 0.00869457 0.00876514 
0.00965972 0.00839434 0.00834913 0.00822795 0.00849273 0.00875105 0.00970236 0.00907082 0.00941722 0.0112317 0.0113257 0.0106461 0.00920944 0.0122931 0.0103505 0.218768 0.0819339 0.039436 0.0178452 0.0287449 0 0.00381952 0.00378338 0.00384942 0.00425939 0.220167 0.0130907 0.0150768 0.0154342 0.0124249 0.0117916 0.0107084 0.0131491 0.0142398 0.0129193 0.0108534 0.0111218 0.0103343 0.0156997 0.0103759 0.0101062 0.00935218 0.0114705 0.0109619 0.010402 0.00983694 0.00911366 0.00972178 0.0104599 0.00863174 0.00888041 0.010259 0.00886168 0.00854042 0.0085203 0.00863862 0.00985223 0.00826924 0.00833781 0.00836468 0.00838045 0.00836812 0.0083899 0.00840806 0.00841073 0.00846356 0.00839786 0.00843733 0.00845873 0.00847812 0.00866843 0.00872376 0.0082908 0.0086181 0.00836156 0.00868171 0.00845557 0.00848546 0.00852396 0.00867896 0.00878305 
0.0085429 0.00878356 0.00826639 0.00845597 0.00852481 0.00830489 0.00966078 0.013532 0.0132675 0.00934955 0.00947854 0.0126294 0.0146527 0.0104617 0.00843595 0.0153622 0.194121 0.0820791 0.0884055 0.0233606 0.00381952 0 0.0037621 0.00379415 0.00394395 0.171075 0.127254 0.0191701 0.0109679 0.00978103 0.00874688 0.0094603 0.00929437 0.0101845 0.0200369 0.0409816 0.0391352 0.0229751 0.0103054 0.0108269 0.00907573 0.0089147 0.00889822 0.00975065 0.0187359 0.0135402 0.0136475 0.00899233 0.00917748 0.0104843 0.00982388 0.00861135 0.0085662 0.0100163 0.00934542 0.00941229 0.00894659 0.0086861 0.00844621 0.00854021 0.00845534 0.00849694 0.00839973 0.00835927 0.0084083 0.00864384 0.0084943 0.0086141 0.0086715 0.00853223 0.00839383 0.00825577 0.00841772 0.00865662 0.00836336 0.00854848 0.00845899 0.0087599 0.00873941 0.00898099 0.00859691 
0.00859787 0.00861133 0.00868563 0.00900663 0.00831704 0.00925418 0.0105453 0.017455 0.0148424 0.0091524 0.00883257 0.0166651 0.0192156 0.0114616 0.00843771 0.0119835 0.0187425 0.256507 0.0825143 0.058796 0.00378338 0.0037621 0 0.00378376 0.00376749 0.0165172 0.285559 0.0380261 0.0173936 0.0085143 0.00846279 0.00845895 0.008578 0.00942485 0.0204775 0.0750677 0.119662 0.0294548 0.0137925 0.00925769 0.00933382 0.00875867 0.00877158 0.010294 0.0193588 0.0358911 0.0145193 0.00971171 0.0102708 0.0116636 0.0111032 0.00864019 0.00914401 0.0101921 0.0136305 0.0102445 0.0091249 0.0088908 0.00869171 0.00861563 0.00875416 0.00864514 0.00855346 0.00826117 0.00851766 0.00866502 0.00886437 0.00885621 0.008982 0.00858018 0.00832888 0.00823022 0.00843866 0.00850232 0.00834164 0.00844095 0.00852379 0.00875321 0.00892345 0.00907828 0.0087114 
0.0085802 0.0086568 0.00841211 0.00843868 0.00871939 0.00847861 0.010314 0.0126471 0.0165567 0.00962356 0.00940941 0.0120127 0.015844 0.0167907 0.0089948 0.0110741 0.0265206 0.0187063 0.294563 0.101006 0.00384942 0.00379415 0.00378376 0 0.00399109 0.037481 0.0156325 0.422328 0.0151529 0.0112853 0.00892663 0.010136 0.00920178 0.0104989 0.0196881 0.0330579 0.0305527 0.045988 0.0143156 0.0108977 0.0112416 0.00882071 0.0105779 0.0105669 0.0169936 0.017279 0.0151009 0.00956517 0.00984497 0.0105079 0.0119411 0.00866123 0.00895871 0.0098595 0.0106266 0.00925585 0.00880213 0.0083505 0.00837985 0.00863207 0.00839266 0.0085018 0.00840985 0.00826493 0.00846454 0.00859353 0.00857592 0.00848539 0.00879275 0.00843044 0.00828134 0.00822279 0.00846052 0.00874484 0.00833193 0.00848672 0.00847038 0.00859439 0.00869222 0.00885587 0.00857297 
0.00972858 0.00839715 0.00821374 0.00822188 0.00828967 0.00931067 0.00951872 0.0094893 0.00920772 0.0105108 0.010773 0.00874673 0.010752 0.0111166 0.0121023 0.0197849 0.00989121 0.0108896 0.0192336 0.337186 0.00425939 0.00394395 0.00376749 0.00399109 0 0.011114 0.0209268 0.0171081 0.396991 0.0104735 0.0106392 0.0110828 0.0130732 0.014183 0.0105636 0.0113667 0.0113357 0.0130578 0.0230161 0.0130967 0.0107343 0.0127551 0.00903303 0.0130938 0.00992625 0.00936822 0.0102917 0.0108618 0.0106738 0.00921193 0.00878225 0.00943653 0.00984655 0.00883966 0.0084804 0.00863406 0.00905861 0.00835733 0.00828226 0.0083252 0.00832902 0.00824854 0.00818668 0.00835641 0.00859892 0.00854573 0.00839802 0.0083267 0.00836057 0.00831225 0.00843197 0.00840638 0.00856484 0.00856625 0.00826528 0.00875007 0.00870301 0.00856611 0.00850592 0.00854898 0.00862043 
0.00819374 0.00809623 0.00819053 0.00807347 0.00817886 0.00824654 0.00863743 0.00822775 0.00847679 0.00952409 0.00920832 0.00839284 0.0084612 0.0101751 0.0088722 0.00992456 0.0101721 0.00910861 0.0105772 0.0165604 0.220167 0.171075 0.0165172 0.037481 0.011114 0 0.00387989 0.00400791 0.00408428 0.0201834 0.0115437 0.0128021 0.0110586 0.0124338 0.0101694 0.0116021 0.0124396 0.0115941 0.0163837 0.0100604 0.0118034 0.0088716 0.0153379 0.00973342 0.00940593 0.00934533 0.00941715 0.010741 0.00928584 0.00855748 0.0095976 0.0121168 0.00909069 0.00850595 0.00852258 0.00869439 0.0114015 0.00815291 0.00813015 0.00825758 0.00813175 0.00825001 0.00816434 0.00832883 0.00815296 0.00818696 0.00820044 0.00819882 0.00831531 0.00827868 0.00849357 0.00870133 0.00812842 0.00831812 0.00822477 0.00821468 0.00821794 0.00821712 0.00827701 0.00839847 0.00859612 
0.0081499 0.00826363 0.00819348 0.00840218 0.00838186 0.00828493 0.00820508 0.0089629 0.00890101 0.00833544 0.00826586 0.0088633 0.0098478 0.00835804 0.008176 0.00930898 0.0116757 0.0138387 0.0114497 0.0100234 0.0130907 0.127254 0.285559 0.0156325 0.0209268 0.00387989 0 0.00379392 0.00396259 0.00953151 0.0154619 0.00847154 0.0115478 0.0132532 0.0158479 0.0224583 0.0232312 0.0145473 0.0129099 0.0100487 0.00936931 0.00983717 0.00876335 0.0096871 0.0133967 0.0142273 0.0111917 0.00873885 0.0091516 0.0111583 0.00896038 0.00992325 0.00835009 0.0102264 0.00899586 0.00923636 0.0087541 0.00833535 0.00846703 0.00836857 0.00856982 0.00840014 0.00841549 0.00824891 0.00823971 0.00843492 0.00844417 0.00849749 0.00844289 0.00838481 0.00834801 0.00826197 0.00822553 0.00830936 0.00823273 0.00857369 0.0083742 0.00843372 0.0085912 0.00852729 0.00853047 
0.00833675 0.00825601 0.00826864 0.0081965 0.00820771 0.00822129 0.00871221 0.00865088 0.0087893 0.00836405 0.00878368 0.00915011 0.00862963 0.00917408 0.00831547 0.00914563 0.0125869 0.0106285 0.0177052 0.00961949 0.0150768 0.0191701 0.0380261 0.422328 0.0171081 0.00400791 0.00379392 0 0.00376477 0.0161796 0.00927491 0.0132113 0.00817148 0.0111029 0.0190639 0.0186404 0.0171918 0.0260408 0.0109795 0.0119047 0.0104999 0.00895 0.0119541 0.0108047 0.0165776 0.0130432 0.0113746 0.00926801 0.0106454 0.0100638 0.0125617 0.00874279 0.00926176 0.00960404 0.0109587 0.00924762 0.00865878 0.00835121 0.00833319 0.00858611 0.00843248 0.0083725 0.00829586 0.00812306 0.00849825 0.00836509 0.0084295 0.00829844 0.00861575 0.00828372 0.00820391 0.00816761 0.00825936 0.00823032 0.00821375 0.00816095 0.00832917 0.00843203 0.00843516 0.00840334 0.00827651 
0.0085911 0.00818474 0.00823642 0.008222 0.00821274 0.00832054 0.0086916 0.00836908 0.00832817 0.00837828 0.00902769 0.0086689 0.0088479 0.00851505 0.00866888 0.012678 0.00909407 0.00906291 0.00951294 0.0122895 0.0154342 0.0109679 0.0173936 0.0151529 0.396991 0.00408428 0.00396259 0.00376477 0 0.0091191 0.00930208 0.00751208 0.0225291 0.024428 0.0104686 0.0115847 0.0116731 0.0121251 0.026318 0.0135869 0.0119246 0.0160998 0.00876881 0.0156785 0.0105502 0.00981984 0.00993953 0.0107795 0.0116361 0.00934293 0.0084797 0.0093922 0.00995304 0.00870405 0.00844418 0.00859467 0.00890793 0.0083824 0.00823144 0.00827041 0.00825805 0.00822158 0.00816796 0.00827219 0.00845398 0.0083017 0.00829341 0.0082702 0.00830133 0.00823803 0.00829862 0.00837683 0.00840632 0.00829346 0.00826503 0.0088366 0.00845033 0.00837262 0.00840238 0.00831743 0.0084025 
0.00816406 0.00809901 0.00816756 0.00809503 0.00818853 0.00815734 0.00817024 0.00812529 0.00822335 0.00855602 0.00879658 0.00834015 0.00817273 0.00839719 0.00860565 0.00877037 0.00900723 0.00829931 0.00914562 0.0111489 0.0124249 0.00978103 0.0085143 0.0112853 0.0104735 0.0201834 0.00953151 0.0161796 0.0091191 0 0.00843197 0.00685266 0.946878 0.0119783 0.0104394 0.00905005 0.00939309 0.0113269 0.013168 0.0134007 0.0138433 0.0101482 0.0232235 0.0113712 0.00950918 0.00858768 0.00959933 0.00981726 0.0089187 0.00831165 0.00870154 0.0101224 0.00859702 0.00830957 0.00820538 0.00827495 0.0103696 0.00810444 0.00815159 0.00817236 0.00813618 0.008218 0.00813589 0.00823624 0.00823562 0.00816792 0.00819121 0.00822327 0.00826758 0.00821138 0.00834841 0.00862115 0.00808569 0.00830633 0.00818879 0.00821028 0.00813048 0.00817748 0.0082254 0.0082711 0.00836533 
0.00836925 0.00813666 0.00814395 0.00814492 0.00817377 0.0081654 0.00815373 0.00814191 0.00819759 0.00818256 0.00859304 0.00823561 0.00822232 0.00818476 0.00827803 0.00896297 0.00838978 0.00834305 0.00849523 0.00881362 0.0117916 0.00874688 0.00846279 0.00892663 0.0106392 0.0115437 0.0154619 0.00927491 0.00930208 0.00843197 0 0.97715 0.00443331 0.0168099 0.00954684 0.00867644 0.00894704 0.0103189 0.0127107 0.0193966 0.00972217 0.0146669 0.00885954 0.0121261 0.00855595 0.00846045 0.00882567 0.00857051 0.0100924 0.0083892 0.00831973 0.00881778 0.00900236 0.0082617 0.00813688 0.00828986 0.00862722 0.0083867 0.00808297 0.00819262 0.00820353 0.00814282 0.00814513 0.00821092 0.00826059 0.00815887 0.00818766 0.00818691 0.00820407 0.00820317 0.00822516 0.00826963 0.00822248 0.00820719 0.00814144 0.00837979 0.0082732 0.00824606 0.00819904 0.00821386 0.0082889 
0.00811245 0.00814299 0.00817148 0.00809557 0.00818396 0.00814515 0.0081698 0.00810955 0.00812603 0.00849162 0.00845637 0.00829526 0.00821128 0.00848004 0.00840114 0.0083968 0.00859197 0.00829034 0.00880249 0.0112565 0.0107084 0.0094603 0.00845895 0.010136 0.0110828 0.0128021 0.00847154 0.0132113 0.00751208 0.00685266 0.97715 0 0.0058021 0.0121963 0.0126375 0.0103292 0.00974306 0.0131025 0.0132046 0.0129173 0.0171328 0.00967576 0.0184317 0.00992368 0.00930348 0.00859311 0.00909691 0.00959771 0.00868978 0.00837745 0.00885431 0.0106137 0.00861241 0.00830795 0.00822464 0.0083173 0.0104458 0.00809662 0.00811827 0.00811821 0.00812039 0.00817908 0.00810625 0.00821794 0.00814005 0.00814553 0.00814851 0.00816501 0.00825233 0.00818806 0.00834643 0.0085309 0.00805502 0.00820819 0.00811305 0.00812287 0.00808981 0.00814535 0.00821356 0.00825362 0.0084196 
0.00838768 0.00817463 0.00815119 0.00818821 0.00816765 0.00824195 0.00822714 0.00818449 0.00822209 0.00831281 0.00876609 0.00830684 0.00846016 0.00828386 0.00866452 0.00933867 0.0084691 0.00835845 0.00890572 0.0100271 0.0131491 0.00929437 0.008578 0.00920178 0.0130732 0.0110586 0.0115478 0.00817148 0.0225291 0.946878 0.00443331 0.0058021 0 0.0173002 0.0123637 0.0108516 0.0110776 0.0139588 0.03179 0.0248587 0.013142 0.0215138 0.00961621 0.0132652 0.0094451 0.00862964 0.00957425 0.00940152 0.0108006 0.00862255 0.00856723 0.00980447 0.00936035 0.00884204 0.00824925 0.00851885 0.00950874 0.00840007 0.00812812 0.00822358 0.00818324 0.00814568 0.00820658 0.00828627 0.00832292 0.00821871 0.00825686 0.00819291 0.00826408 0.00818387 0.00832961 0.00833471 0.00830911 0.00829418 0.00822003 0.00840804 0.00831822 0.00825551 0.0082166 0.00825389 0.0083864 
0.00820108 0.00814733 0.00817727 0.00815035 0.00812013 0.00822088 0.00822788 0.00817006 0.00835108 0.00864175 0.00849188 0.00825378 0.00892369 0.00867223 0.00843975 0.00924988 0.00870267 0.00861778 0.00922737 0.0131057 0.0142398 0.0101845 0.00942485 0.0104989 0.014183 0.0124338 0.0132532 0.0111029 0.024428 0.0119783 0.0168099 0.0121963 0.0173002 0 0.00437716 0.00380367 0.00380876 0.00389786 0.00548834 0.00614681 0.0119319 0.0129161 0.0201351 0.0621618 0.0147292 0.0140694 0.0125197 0.0170516 0.0182768 0.0107205 0.0105237 0.0213974 0.0137987 0.0100047 0.00937517 0.00975151 0.0192249 0.00855342 0.00822755 0.00820963 0.00830115 0.00815999 0.00826602 0.00846136 0.00835571 0.00830457 0.00824278 0.00834513 0.00830265 0.00828878 0.00884834 0.00875392 0.00809652 0.00828764 0.00812382 0.00835427 0.0081497 0.00821543 0.00831768 0.00834927 0.00870732 
0.0082832 0.00836888 0.0083152 0.00828702 0.00827648 0.00827998 0.0083731 0.00858237 0.0086386 0.0083812 0.00831138 0.00854321 0.00936288 0.00855317 0.0081916 0.00854681 0.0107678 0.0114096 0.0116638 0.00976261 0.0129193 0.0200369 0.0204775 0.0196881 0.0105636 0.0101694 0.0158479 0.0190639 0.0104686 0.0104394 0.00954684 0.0126375 0.0123637 0.00437716 0 0.00381279 0.00377138 0.00381501 0.00385086 0.00673015 0.00642263 0.0130073 0.0129381 0.0540767 0.0899611 0.0290697 0.0288553 0.0194555 0.020421 0.0297183 0.0197667 0.0147091 0.0140455 0.0278278 0.0208419 0.0197247 0.0119519 0.00928036 0.00907178 0.00910937 0.00905542 0.00878176 0.00861955 0.00828981 0.0085597 0.00931728 0.00890746 0.00882216 0.00882815 0.00868294 0.00837094 0.00817569 0.00831026 0.00823609 0.00834892 0.00825141 0.00830473 0.00847256 0.00858857 0.00864934 0.00846196 
0.00831031 0.00846807 0.00836607 0.00844853 0.00836951 0.00832999 0.00865436 0.00938025 0.00970624 0.00851611 0.00850373 0.00896788 0.0101156 0.00905231 0.00828608 0.00882345 0.0127799 0.0269247 0.0216503 0.0100199 0.0108534 0.0409816 0.0750677 0.0330579 0.0113667 0.0116021 0.0224583 0.0186404 0.0115847 0.00905005 0.00867644 0.0103292 0.0108516 0.00380367 0.00381279 0 0.00378207 0.00380088 0.00377327 0.00424002 0.0102392 0.00867286 0.0120715 0.0797563 0.108628 0.171947 0.0554478 0.0179149 0.0228057 0.0585806 0.0451706 0.0119136 0.0148255 0.0429396 0.0970268 0.0389537 0.0125278 0.00931086 0.0104291 0.0123726 0.011177 0.0116607 0.00986568 0.00859059 0.00959757 0.0110214 0.0126366 0.0116027 0.0120322 0.00988208 0.00842737 0.00820712 0.00832521 0.00835536 0.00821718 0.00825732 0.00898961 0.00897814 0.00977434 0.0096784 0.00877952 
0.00835192 0.00842135 0.00839153 0.00841708 0.00837683 0.0083896 0.00858643 0.00987059 0.0099795 0.00869449 0.00840895 0.00914644 0.0101445 0.00926297 0.0082866 0.00876359 0.0134897 0.0332325 0.0203991 0.0101376 0.0111218 0.0391352 0.119662 0.0305527 0.0113357 0.0124396 0.0232312 0.0171918 0.0116731 0.00939309 0.00894704 0.00974306 0.0110776 0.00380876 0.00377138 0.00378207 0 0.0037626 0.00376322 0.00441103 0.00501851 0.0107987 0.010342 0.0271031 0.227797 0.237653 0.0703663 0.0212479 0.0262469 0.0941839 0.0440741 0.0131788 0.0153494 0.0621777 0.129363 0.0326336 0.0119471 0.0105362 0.0112029 0.012766 0.0123237 0.0112409 0.00993548 0.00868671 0.00898759 0.011406 0.0127757 0.0118412 0.0122957 0.00982267 0.00863333 0.00817715 0.0083988 0.00832941 0.00823097 0.00818251 0.00885038 0.00896148 0.0102875 0.00969569 0.00876033 
0.0082488 0.0083237 0.00829812 0.00824364 0.00832258 0.00822128 0.00850629 0.00883386 0.00878805 0.00858335 0.00834783 0.00863647 0.00908987 0.0087103 0.00830739 0.00907018 0.0108597 0.0141251 0.0259597 0.0105454 0.0103343 0.0229751 0.0294548 0.045988 0.0130578 0.0115941 0.0145473 0.0260408 0.0121251 0.0113269 0.0103189 0.0131025 0.0139588 0.00389786 0.00381501 0.00380088 0.0037626 0 0.00389868 0.00396475 0.0091118 0.0128452 0.0172533 0.0195623 0.0677213 0.1807 0.173932 0.046124 0.0184576 0.0410781 0.0815622 0.014142 0.0158693 0.0367724 0.0349361 0.0605978 0.0145582 0.00923742 0.00957049 0.00984592 0.00942134 0.00942704 0.00894179 0.00845303 0.00909857 0.00956224 0.00983397 0.00952341 0.0101566 0.00909935 0.00834401 0.00815763 0.00835876 0.00851415 0.00817004 0.00822827 0.0084978 0.00861457 0.00880495 0.00887799 0.00835895 
0.00855912 0.00820817 0.00817042 0.00816336 0.00826889 0.00827859 0.00924226 0.00855635 0.00858118 0.00853808 0.00873678 0.00831814 0.0088002 0.00890716 0.00883781 0.0104503 0.00919072 0.00962935 0.0120353 0.0145081 0.0156997 0.0103054 0.0137925 0.0143156 0.0230161 0.0163837 0.0129099 0.0109795 0.026318 0.013168 0.0127107 0.0132046 0.03179 0.00548834 0.00385086 0.00377327 0.00376322 0.00389868 0 0.00535409 0.00425711 0.0157931 0.0114081 0.0467156 0.0190548 0.0277009 0.116132 0.145773 0.0294088 0.0161566 0.0224778 0.0365912 0.0214101 0.0133072 0.0149647 0.0218082 0.022489 0.0106564 0.00930964 0.0092563 0.00922576 0.00877118 0.00875963 0.00880447 0.0100118 0.00956273 0.00885376 0.00895059 0.00879471 0.00854325 0.00868846 0.00851662 0.00858018 0.00840521 0.00820399 0.00844459 0.00867308 0.00861164 0.00844933 0.00836797 0.00846927 
0.00813326 0.00823216 0.00820309 0.00822445 0.00819471 0.00819763 0.00825288 0.00835852 0.00840564 0.00878812 0.00815027 0.00833755 0.00856243 0.00869346 0.00875419 0.0086167 0.00882284 0.00888431 0.00947394 0.0128352 0.0103759 0.0108269 0.00925769 0.0108977 0.0130967 0.0100604 0.0100487 0.0119047 0.0135869 0.0134007 0.0193966 0.0129173 0.0248587 0.00614681 0.00673015 0.00424002 0.00441103 0.00396475 0.00535409 0 0.00406906 0.00946179 0.790507 0.0272467 0.0251899 0.0230038 0.0197519 0.0336197 0.0136229 0.0135983 0.014438 0.0220233 0.0114817 0.012664 0.00963773 0.011531 0.0185558 0.00941921 0.00869788 0.00829047 0.00836494 0.00825638 0.00845463 0.00936751 0.00868955 0.00931968 0.00836816 0.00843845 0.00837047 0.00851227 0.00902009 0.00881965 0.00815938 0.00895924 0.00807034 0.00833532 0.00817627 0.00835598 0.0083221 0.00830666 0.0089881 
0.0083916 0.00814869 0.00816801 0.00815549 0.00815129 0.00820887 0.00817358 0.00834706 0.00845563 0.0084159 0.00835791 0.00827841 0.0084866 0.00865034 0.00835047 0.00846821 0.00854644 0.0084916 0.00920305 0.0100182 0.0101062 0.00907573 0.00933382 0.0112416 0.0107343 0.0118034 0.00936931 0.0104999 0.0119246 0.0138433 0.00972217 0.0171328 0.013142 0.0119319 0.00642263 0.0102392 0.00501851 0.0091118 0.00425711 0.00406906 0 0.936614 0.0138154 0.0235468 0.023138 0.0213036 0.0370273 0.0315317 0.0163325 0.0108833 0.022122 0.013294 0.0129927 0.0101509 0.00991235 0.0136392 0.0144772 0.00864802 0.00845759 0.00845748 0.00834309 0.00839135 0.00837923 0.00845876 0.00870282 0.0085796 0.00852285 0.00849619 0.00853105 0.00836069 0.00852165 0.00829651 0.00836001 0.00858593 0.00820042 0.00832046 0.00820835 0.00832932 0.00823204 0.00839431 0.00844943 
0.00824206 0.00827357 0.0082898 0.00836921 0.00821167 0.00826158 0.0081041 0.00832693 0.00833034 0.00832101 0.00824771 0.00833205 0.00840708 0.00842333 0.00870987 0.00851394 0.00848981 0.00840298 0.00878594 0.0101222 0.00935218 0.0089147 0.00875867 0.00882071 0.0127551 0.0088716 0.00983717 0.00895 0.0160998 0.0101482 0.0146669 0.00967576 0.0215138 0.0129161 0.0130073 0.00867286 0.0107987 0.0128452 0.0157931 0.00946179 0.936614 0 0.00522023 0.0352121 0.0312362 0.0228134 0.0300492 0.0177662 0.0131637 0.0123348 0.0106219 0.0215891 0.0102147 0.0114757 0.00893513 0.0099994 0.0159154 0.00845449 0.00835901 0.0082708 0.00854751 0.00827274 0.00842612 0.00857198 0.008462 0.00850032 0.00834734 0.00837217 0.00837281 0.00843548 0.00856191 0.00883023 0.00813285 0.00840338 0.00813295 0.00853862 0.0081323 0.00831454 0.00835619 0.00837704 0.00899692 
0.00840853 0.00815751 0.00815573 0.00815065 0.00815764 0.00823179 0.00828724 0.00832358 0.00832269 0.00832094 0.00850818 0.00829595 0.00832754 0.00840557 0.0083926 0.00871306 0.00850855 0.00846396 0.00886459 0.00916035 0.0114705 0.00889822 0.00877158 0.0105779 0.00903303 0.0153379 0.00876335 0.0119541 0.00876881 0.0232235 0.00885954 0.0184317 0.00961621 0.0201351 0.0129381 0.0120715 0.010342 0.0172533 0.0114081 0.790507 0.0138154 0.00522023 0 0.0315864 0.0222707 0.0162073 0.0390942 0.0632651 0.0184617 0.0107338 0.0167599 0.0117062 0.01819 0.0104237 0.00991127 0.0119194 0.0116181 0.0093005 0.00837356 0.00843855 0.00832028 0.00840869 0.0083057 0.00838657 0.00930284 0.00844605 0.00841919 0.00836569 0.00843509 0.00833072 0.00838232 0.00843939 0.0084803 0.00850195 0.00833351 0.00824851 0.00837998 0.00828871 0.00827201 0.00840021 0.00828 
