1DPTA
PFLELDTNLPANRVPAGLEKRLCAAAASILGKPADRVNVTVRPGLAMALSGSTEPCAQLSISSIGVVGTAEDNRSHSAHFFEFLTKELALGQDRILIRFFPLESWQIGKIGTVMTFL
CEEEEEECCCHHHCCCCHHHHHHHHHHHHHCCCHHHCEEEEECCCCCCECCECCCCEEEEEEEECCCCCHHHHHHHHHHHHHHHHHHHCCCHHHEEEEEEEECHHHCEECCEEHHHC
0 0 0 0 0 0 0 0 0 0 0 0 0 0 0 0 0 0 0 0 0 0 0 0 0 0 0 0 0 0 0 0 0 0 0 0 0 0 0 0 0 0 0 0 0 0 0 0 0 0 0 0 0 0 0 0 0 0 0 0 0 0 0 0 0 0 0 0 0 0 0 0 0 0 0 0 0 0 0 0 0 0 0 0 0 0 0 0 0 0 0 0 0 0 0 0 0 0 0 0 0 0 0 0 0 0 0 0 0 0 0 0 0 0 0 0 0 
0 0 0 0 0 0 0 0 0 0 0 0 0 0 0 0 0 0 0 0 0 0 0 0 0 0 0 0 0 0 0 0 0 0 0 0 0 0 0 0 0 0 0 0 0 0 0 0 0 0 0 0 0 0 0 0 0 0 0 0 0 0 0 0 0 0 0 0 0 0 0 0 0 0 0 0 0 0 0 0 0 0 0 0 0 0 0 0 0 0 0 0 0 0 0 0 0 0 0 0 0 0 0 0 0 0 0 0 0 0 0 0 0 0 0 0 0 
0 0.00391145 0.00395912 0.00385968 0.00408444 0.00490116 0.612564 0.0131731 0.0647962 0.0101485 0.0682583 0.0110496 0.0139186 0.0338759 0.0208788 0.0150547 0.034624 0.0119178 0.0655069 0.0115748 0.0192545 0.0106404 0.0154976 0.00914603 0.0132098 0.00902559 0.0177234 0.00891877 0.014011 0.00977072 0.00898729 0.00953815 0.00918674 
0.00391145 0 0.00383032 0.00400951 0.00385251 0.00759308 0.0121829 0.505376 0.00880935 0.0717263 0.00879167 0.0155916 0.00849121 0.0122668 0.0155956 0.0344239 0.00995289 0.06746 0.00938101 0.0186539 0.00926251 0.0166846 0.0083437 0.024036 0.00826808 0.0188294 0.00855471 0.00835698 0.00990275 0.00812701 0.00832094 0.00821286 0.00818501 
0.00395912 0.00383032 0 0.00383648 0.0038868 0.00377034 0.0631489 0.0186978 0.395193 0.00876897 0.0116455 0.00820966 0.00893033 0.00977916 0.020064 0.0103804 0.142503 0.00921271 0.0323453 0.0101147 0.00869478 0.008486 0.0180277 0.00846739 0.0325577 0.00861005 0.00941074 0.00880311 0.00822106 0.00902699 0.00812454 0.00839828 0.00833978 
0.00385968 0.00400951 0.00383648 0 0.00378174 0.00384595 0.00924624 0.182639 0.0208463 0.0747476 0.00828991 0.011634 0.00827296 0.00971645 0.00988986 0.127481 0.00919791 0.0677432 0.00968816 0.0106803 0.00899362 0.01576 0.00831242 0.0386737 0.0083684 0.0153254 0.00863837 0.00818901 0.00940776 0.00816679 0.00814479 0.00808793 0.00812111 
0.00408444 0.00385251 0.0038868 0.00378174 0 0.00376769 0.075685 0.00960964 0.0488692 0.0276649 0.0342644 0.00842492 0.00965005 0.00945958 0.0370856 0.00946403 0.0331958 0.00911487 0.0128474 0.0114697 0.00872434 0.00868478 0.0140652 0.00839573 0.0120617 0.00830877 0.00834029 0.00918321 0.00815257 0.00839225 0.00821009 0.00845276 0.00821305 
0.00490116 0.00759308 0.00377034 0.00384595 0.00376769 0 0.015918 0.0332523 0.00949953 0.0335399 0.0278234 0.0228748 0.0126742 0.0348232 0.00994551 0.019147 0.00923138 0.0150185 0.00949693 0.0100339 0.0110987 0.0568012 0.00858887 0.0110158 0.00843582 0.00898448 0.00843596 0.0082341 0.0105913 0.00933582 0.0082081 0.00870716 0.00828103 
0.612564 0.0121829 0.0631489 0.00924624 0.075685 0.015918 0 0.00459458 0.00396778 0.00391206 0.00532266 0.0061507 0.0168712 0.0164991 0.0160828 0.00883643 0.0240707 0.0144015 0.0145197 0.0122181 0.0215683 0.0102661 0.0182095 0.00845271 0.0179403 0.00850315 0.00931045 0.00991282 0.0109286 0.0131992 0.00939444 0.0113451 0.0123512 
0.0131731 0.505376 0.0186978 0.182639 0.00960964 0.0332523 0.00459458 0 0.00378325 0.00392891 0.00378784 0.0111712 0.00698746 0.011833 0.0160392 0.037753 0.0136582 0.0736638 0.00956545 0.0214174 0.0112376 0.0275842 0.00855709 0.0531089 0.00851269 0.0281975 0.00891623 0.00846741 0.0157588 0.00829684 0.00862297 0.00854923 0.00837824 
0.0647962 0.00880935 0.395193 0.0208463 0.0488692 0.00949953 0.00396778 0.00378325 0 0.00374949 0.00382003 0.0053264 0.00731078 0.0139727 0.0176419 0.0150492 0.054534 0.00861954 0.0292672 0.0102928 0.00875638 0.00923075 0.0283056 0.00868949 0.0439645 0.00865206 0.00979943 0.00917752 0.00821077 0.00879853 0.00817188 0.00851425 0.00837179 
0.0101485 0.0717263 0.00876897 0.0747476 0.0276649 0.0335399 0.00391206 0.00392891 0.00374949 0 0.00379767 0.00572393 0.0074413 0.0134708 0.0254827 0.0236552 0.00874323 0.0490356 0.00849244 0.0117668 0.00889208 0.0189685 0.00858016 0.0219588 0.00846263 0.011802 0.00838958 0.00831865 0.00958661 0.00836743 0.00826241 0.008337 0.0082898 
0.0682583 0.00879167 0.0116455 0.00828991 0.0342644 0.0278234 0.00532266 0.00378784 0.00382003 0.00379767 0 0.011656 0.0100713 0.0269876 0.0107964 0.00853374 0.016842 0.00818282 0.00933329 0.00816852 0.00966249 0.0132465 0.010536 0.00835449 0.00925124 0.00824778 0.00828093 0.0083425 0.00852018 0.00976726 0.00820518 0.0096211 0.0085004 
0.0110496 0.0155916 0.00820966 0.011634 0.00842492 0.0228748 0.0061507 0.0111712 0.0053264 0.00572393 0.011656 0 0.928413 0.00726865 0.00725602 0.00816617 0.00650714 0.00902166 0.00668785 0.0079714 0.010779 0.0306473 0.0085196 0.0122313 0.008208 0.00978948 0.00819323 0.00825588 0.0216646 0.0112309 0.0104084 0.0117003 0.0125125 
0.0139186 0.00849121 0.00893033 0.00827296 0.00965005 0.0126742 0.0168712 0.00698746 0.00731078 0.0074413 0.0100713 0.928413 0 0.00951798 0.00484861 0.00442962 0.00534207 0.00556335 0.00608751 0.0065882 0.00874727 0.0138278 0.0099551 0.00831521 0.00880853 0.00828133 0.00823715 0.00858738 0.013047 0.0156049 0.0104316 0.0142529 0.0118751 
0.0338759 0.0122668 0.00977916 0.00971645 0.00945958 0.0348232 0.0164991 0.011833 0.0139727 0.0134708 0.0269876 0.00726865 0.00951798 0 0.00386276 0.00379535 0.00380892 0.00387698 0.00389676 0.00399736 0.00586767 0.142065 0.0109521 0.0114664 0.0105207 0.00983151 0.00905706 0.0149004 0.0225738 0.00964887 0.0102591 0.00965416 0.0114611 
0.0208788 0.0155956 0.020064 0.00988986 0.0370856 0.00994551 0.0160828 0.0160392 0.0176419 0.0254827 0.0107964 0.00725602 0.00484861 0.00386276 0 0.00377315 0.0037752 0.00378574 0.00387532 0.00556828 0.00392235 0.0162984 0.257828 0.0114458 0.0226117 0.0103913 0.0181379 0.0169615 0.0100847 0.00912958 0.00861199 0.00959263 0.0088584 
0.0150547 0.0344239 0.0103804 0.127481 0.00946403 0.019147 0.00883643 0.037753 0.0150492 0.0236552 0.00853374 0.00816617 0.00442962 0.00379535 0.00377315 0 0.00375113 0.00379457 0.00380243 0.00373937 0.00406011 0.0505936 0.0104818 0.324966 0.00972982 0.0578787 0.0149515 0.0101528 0.0116579 0.00837217 0.00856591 0.00844216 0.00840595 
0.034624 0.00995289 0.142503 0.00919791 0.0331958 0.00923138 0.0240707 0.0136582 0.054534 0.00874323 0.016842 0.00650714 0.00534207 0.00380892 0.0037752 0.00375113 0 0.00382502 0.00370801 0.00377211 0.00380349 0.0132799 0.126695 0.0103507 0.344611 0.0108516 0.0216754 0.0124142 0.0087224 0.00920151 0.0084124 0.00875874 0.00845261 
0.0119178 0.06746 0.00921271 0.0677432 0.00911487 0.0150185 0.0144015 0.0736638 0.00861954 0.0490356 0.00818282 0.00902166 0.00556335 0.00387698 0.00378574 0.00379457 0.00382502 0 0.00375853 0.00379206 0.00378808 0.04284 0.00977654 0.125709 0.0110165 0.271436 0.0103425 0.00979028 0.0109338 0.00853035 0.00868666 0.00854709 0.00831717 
0.0655069 0.00938101 0.0323453 0.00968816 0.0128474 0.00949693 0.0145197 0.00956545 0.0292672 0.00849244 0.00933329 0.00668785 0.00608751 0.00389676 0.00387532 0.00380243 0.00370801 0.00375853 0 0.0038619 0.00377747 0.0141625 0.0448761 0.0177863 0.0645375 0.0125748 0.145687 0.0105314 0.00968974 0.00866625 0.00836862 0.00849625 0.00840995 
0.0115748 0.0186539 0.0101147 0.0106803 0.0114697 0.0100339 0.0122181 0.0214174 0.0102928 0.0117668 0.00816852 0.0079714 0.0065882 0.00399736 0.00556828 0.00373937 0.00377211 0.00379206 0.0038619 0 0.00378502 0.0145441 0.0236963 0.0219011 0.0146002 0.0147522 0.00998585 0.14419 0.00931881 0.00982104 0.00869204 0.00891605 0.00856673 
0.0192545 0.00926251 0.00869478 0.00899362 0.00872434 0.0110987 0.0215683 0.0112376 0.00875638 0.00889208 0.00966249 0.010779 0.00874727 0.00586767 0.00392235 0.00406011 0.00380349 0.00378808 0.00377747 0.00378502 0 0.0326983 0.0108255 0.0136462 0.010539 0.0109439 0.0102086 0.00935075 0.147849 0.010705 0.00915963 0.0113481 0.00890417 
0.0106404 0.0166846 0.008486 0.01576 0.00868478 0.0568012 0.0102661 0.0275842 0.00923075 0.0189685 0.0132465 0.0306473 0.0138278 0.142065 0.0162984 0.0505936 0.0132799 0.04284 0.0141625 0.0145441 0.0326983 0 0.00380622 0.00411928 0.00382471 0.00454269 0.00401264 0.00398308 0.0093459 0.00737959 0.0138485 0.00916578 0.0135904 
0.0154976 0.0083437 0.0180277 0.00831242 0.0140652 0.00858887 0.0182095 0.00855709 0.0283056 0.00858016 0.010536 0.0085196 0.0099551 0.0109521 0.257828 0.0104818 0.126695 0.00977654 0.0448761 0.0236963 0.0108255 0.00380622 0 0.00374702 0.0037981 0.00376461 0.00380682 0.00450709 0.00379905 0.00934857 0.00710134 0.00772807 0.00872872 
0.00914603 0.024036 0.00846739 0.0386737 0.00839573 0.0110158 0.00845271 0.0531089 0.00868949 0.0219588 0.00835449 0.0122313 0.00831521 0.0114664 0.0114458 0.324966 0.0103507 0.125709 0.0177863 0.0219011 0.0136462 0.00411928 0.00374702 0 0.00375293 0.00380295 0.00377314 0.00377156 0.00611151 0.00552301 0.00680085 0.00689656 0.00664095 
0.0132098 0.00826808 0.0325577 0.0083684 0.0120617 0.00843582 0.0179403 0.00851269 0.0439645 0.00846263 0.00925124 0.008208 0.00880853 0.0105207 0.0226117 0.00972982 0.344611 0.0110165 0.0645375 0.0146002 0.010539 0.00382471 0.0037981 0.00375293 0 0.00378711 0.00376862 0.00388294 0.00379869 0.00564891 0.00638279 0.00713794 0.00875488 
0.00902559 0.0188294 0.00861005 0.0153254 0.00830877 0.00898448 0.00850315 0.0281975 0.00865206 0.011802 0.00824778 0.00978948 0.00828133 0.00983151 0.0103913 0.0578787 0.0108516 0.271436 0.0125748 0.0147522 0.0109439 0.00454269 0.00376461 0.00380295 0.00378711 0 0.00380461 0.00376001 0.00400506 0.00466384 0.00647844 0.00688068 0.00673172 
0.0177234 0.00855471 0.00941074 0.00863837 0.00834029 0.00843596 0.00931045 0.00891623 0.00979943 0.00838958 0.00828093 0.00819323 0.00823715 0.00905706 0.0181379 0.0149515 0.0216754 0.0103425 0.145687 0.00998585 0.0102086 0.00401264 0.00380682 0.00377314 0.00376862 0.00380461 0 0.0037528 0.00374979 0.00459257 0.00658029 0.00644641 0.00629124 
0.00891877 0.00835698 0.00880311 0.00818901 0.00918321 0.0082341 0.00991282 0.00846741 0.00917752 0.00831865 0.0083425 0.00825588 0.00858738 0.0149004 0.0169615 0.0101528 0.0124142 0.00979028 0.0105314 0.14419 0.00935075 0.00398308 0.00450709 0.00377156 0.00388294 0.00376001 0.0037528 0 0.00374712 0.00470459 0.0199611 0.00628625 0.00629036 
0.014011 0.00990275 0.00822106 0.00940776 0.00815257 0.0105913 0.0109286 0.0157588 0.00821077 0.00958661 0.00852018 0.0216646 0.013047 0.0225738 0.0100847 0.0116579 0.0087224 0.0109338 0.00968974 0.00931881 0.147849 0.0093459 0.00379905 0.00611151 0.00379869 0.00400506 0.00374979 0.00374712 0 0.0378058 0.00552374 0.0110079 0.00592702 
0.00977072 0.00812701 0.00902699 0.00816679 0.00839225 0.00933582 0.0131992 0.00829684 0.00879853 0.00836743 0.00976726 0.0112309 0.0156049 0.00964887 0.00912958 0.00837217 0.00920151 0.00853035 0.00866625 0.00982104 0.010705 0.00737959 0.00934857 0.00552301 0.00564891 0.00466384 0.00459257 0.00470459 0.0378058 0 0.00629066 0.00439964 0.954 
0.00898729 0.00832094 0.00812454 0.00814479 0.00821009 0.0082081 0.00939444 0.00862297 0.00817188 0.00826241 0.00820518 0.0104084 0.0104316 0.0102591 0.00861199 0.00856591 0.0084124 0.00868666 0.00836862 0.00869204 0.00915963 0.0138485 0.00710134 0.00680085 0.00638279 0.00647844 0.00658029 0.0199611 0.00552374 0.00629066 0 0.973005 0.00458825 
0.00953815 0.00821286 0.00839828 0.00808793 0.00845276 0.00870716 0.0113451 0.00854923 0.00851425 0.008337 0.0096211 0.0117003 0.0142529 0.00965416 0.00959263 0.00844216 0.00875874 0.00854709 0.00849625 0.00891605 0.0113481 0.00916578 0.00772807 0.00689656 0.00713794 0.00688068 0.00644641 0.00628625 0.0110079 0.00439964 0.973005 0 0.0046095 
0.00918674 0.00818501 0.00833978 0.00812111 0.00821305 0.00828103 0.0123512 0.00837824 0.00837179 0.0082898 0.0085004 0.0125125 0.0118751 0.0114611 0.0088584 0.00840595 0.00845261 0.00831717 0.00840995 0.00856673 0.00890417 0.0135904 0.00872872 0.00664095 0.00875488 0.00673172 0.00629124 0.00629036 0.00592702 0.954 0.00458825 0.0046095 0 
