1DXEA
DVFPNKFKAALAAKQVQIGCWSALSNPISTEVLGLAGFDWLVLDGEHAPNDISTFIPQLMALKGSASAPVVRVPTNEPVIIKRLLDIGFYNFLIPFVETKEEAELAVASTRYPPEGIRGVSVSHRANMFGTVADYFAQSNKNITILVQIESQQGVDNVDAIAATEGVDGIFVGPSDLAAALGHLGNASHPDVQKAIQHIFNRASAHGKPSGILAPVEADARRYLEWGATFVAVGSDLGVFRSATQKLADTFKK
CCCCCHHHHHHHCCCCEEEEEECCCCHHHHHHHCCCCCCEEEEECCCCCCCHHHHHHHHHHCCCCCCEEEEECCCCCHHHHHHHHHCCCCEEEECCCCCHHHHHHHHHCCCCCCCCCCCCCCCCHHHHHHCCCCHHHHHCCCCEEEEEECCHHHHHCHHHHHCCCCCCEEEECHHHHHHHCCCCCCCCCHHHHHHHHHHHHHHHHCCCCEEEECCCHHHHHHHHHCCCCEEEEEEHHHHHHHHHHHHHHHHCC
0 0 0 0 0 0 0 0 0 0 0 0 0 0 0 0 0 0 0 0 0 0 0 0 0 0 0 0 0 0 0 0 0 0 0 0 0 0 0 0 0 0 0 0 0 0 0 0 0 0 0 0 0 0 0 0 0 0 0 0 0 0 0 0 0 0 0 0 0 0 0 0 0 0 0 0 0 0 0 0 0 0 0 0 0 0 0 0 0 0 0 0 0 0 0 0 0 0 0 0 0 0 0 0 0 0 0 0 0 0 0 0 0 0 0 0 0 0 0 0 0 0 0 0 0 0 0 0 0 0 0 0 0 0 0 0 0 0 0 0 0 0 0 0 0 0 0 0 0 0 0 0 0 0 0 0 0 0 0 0 0 0 0 0 0 0 0 0 0 0 0 0 0 0 0 0 0 0 0 0 0 0 0 0 0 0 0 0 0 0 0 0 0 0 0 0 0 0 0 0 0 0 0 0 0 0 0 0 0 0 0 0 0 0 0 0 0 0 0 0 0 0 0 0 0 0 0 0 0 0 0 0 0 0 0 0 0 0 0 0 0 0 0 0 0 0 0 0 0 0 0 0 0 
0 0 0 0 0 0 0 0 0 0 0 0 0 0 0 0 0 0 0 0 0 0 0 0 0 0 0 0 0 0 0 0 0 0 0 0 0 0 0 0 0 0 0 0 0 0 0 0 0 0 0 0 0 0 0 0 0 0 0 0 0 0 0 0 0 0 0 0 0 0 0 0 0 0 0 0 0 0 0 0 0 0 0 0 0 0 0 0 0 0 0 0 0 0 0 0 0 0 0 0 0 0 0 0 0 0 0 0 0 0 0 0 0 0 0 0 0 0 0 0 0 0 0 0 0 0 0 0 0 0 0 0 0 0 0 0 0 0 0 0 0 0 0 0 0 0 0 0 0 0 0 0 0 0 0 0 0 0 0 0 0 0 0 0 0 0 0 0 0 0 0 0 0 0 0 0 0 0 0 0 0 0 0 0 0 0 0 0 0 0 0 0 0 0 0 0 0 0 0 0 0 0 0 0 0 0 0 0 0 0 0 0 0 0 0 0 0 0 0 0 0 0 0 0 0 0 0 0 0 0 0 0 0 0 0 0 0 0 0 0 0 0 0 0 0 0 0 0 0 0 0 0 0 
0 0.00392711 0.00386042 0.0038748 0.00385158 0.0044055 0.0818482 0.0163582 0.0131801 0.0125251 0.0226747 0.0111975 0.00987393 0.00987682 0.0116998 0.0203905 0.0116537 0.00997459 0.00949528 0.0111623 0.00972972 0.00902211 0.00880592 0.00894504 0.00865171 0.00901119 0.00895425 0.00836451 0.0084626 0.00916148 0.00827993 0.00829273 0.00822128 0.0085381 0.00846332 0.00837233 0.00835635 0.00832925 0.0083096 0.00849173 
0.00392711 0 0.00385474 0.0038522 0.00381046 0.00385931 0.0422462 0.11062 0.0216417 0.0561482 0.0114997 0.0105893 0.014148 0.0210331 0.0270047 0.0131987 0.0115195 0.0300193 0.0148242 0.0101731 0.00876101 0.0119092 0.0109429 0.0123741 0.00942688 0.00887931 0.00868269 0.00975696 0.00901504 0.00874433 0.0082619 0.00839514 0.00833339 0.00825143 0.00830957 0.00850817 0.00862502 0.00849716 0.00832293 0.00834904 
0.00386042 0.00385474 0 0.00375754 0.00379682 0.00378113 0.102602 0.0331037 0.193967 0.0194307 0.0197559 0.00919191 0.0185487 0.0386541 0.02411 0.01566 0.0126727 0.0199873 0.0244632 0.00981322 0.00931727 0.011772 0.0204596 0.0144373 0.0121089 0.00891741 0.00918373 0.00976115 0.0104385 0.00897773 0.0084159 0.0084684 0.00845861 0.00822052 0.00836817 0.00851499 0.00935001 0.00888664 0.00863214 0.00830164 
0.0038748 0.0038522 0.00375754 0 0.00376302 0.0037512 0.0194754 0.324084 0.0557166 0.080149 0.0131355 0.0100152 0.015232 0.0462811 0.0250541 0.0122386 0.0106059 0.0262845 0.0203665 0.0104168 0.00898607 0.0119893 0.0156783 0.0175228 0.0104125 0.00886724 0.00927446 0.00998553 0.00957434 0.00897363 0.00834929 0.00849379 0.00838247 0.00817297 0.00837584 0.00863421 0.00895083 0.00880509 0.00847185 0.00822206 
0.00385158 0.00381046 0.00379682 0.00376302 0 0.0037687 0.0450353 0.0350953 0.309099 0.124716 0.0474451 0.00918084 0.0128828 0.014615 0.0520634 0.0127422 0.0109356 0.0188255 0.0296487 0.0101499 0.00948733 0.0103697 0.0114761 0.0111662 0.0121061 0.00901909 0.00875896 0.00902752 0.00947437 0.00894406 0.00826931 0.00836419 0.00838401 0.00822096 0.00826318 0.00841572 0.00879991 0.00856389 0.00838 0.00826271 
0.0044055 0.00385931 0.00378113 0.0037512 0.0037687 0 0.0173736 0.0381261 0.0178964 0.224703 0.150827 0.0164134 0.00945097 0.0113855 0.0153465 0.0252341 0.0177329 0.0107955 0.0124903 0.0140769 0.0116891 0.00990743 0.00934858 0.00924811 0.00935807 0.00949276 0.00997488 0.00882326 0.00897435 0.00966874 0.00850413 0.00822564 0.00818687 0.00823854 0.00854762 0.00834153 0.0086003 0.00864881 0.00820708 0.00828371 
0.0818482 0.0422462 0.102602 0.0194754 0.0450353 0.0173736 0 0.00381129 0.00377019 0.00383032 0.0040599 0.50382 0.0168008 0.018666 0.0157976 0.0332084 0.0258506 0.0275912 0.0146032 0.0201772 0.0141513 0.0147294 0.0118575 0.0118055 0.0103829 0.0117395 0.0109053 0.0096264 0.009503 0.0115859 0.00903065 0.00832892 0.00851522 0.00887257 0.00879012 0.00883906 0.00873061 0.00883844 0.00842072 0.00856416 
0.0163582 0.11062 0.0331037 0.324084 0.0350953 0.0381261 0.00381129 0 0.00378714 0.00380792 0.00380661 0.0348716 0.61758 0.0251995 0.0599302 0.0152295 0.028595 0.0623496 0.0337116 0.0128199 0.0127732 0.0277215 0.024656 0.0289224 0.0133057 0.0102008 0.0117441 0.0158532 0.012688 0.00964906 0.00859764 0.00887312 0.00880275 0.0085271 0.00849583 0.00916519 0.00939406 0.00913297 0.00860143 0.00843064 
0.0131801 0.0216417 0.193967 0.0557166 0.309099 0.0178964 0.00377019 0.00378714 0 0.00377296 0.00377015 0.0273045 0.0374479 0.664744 0.0197251 0.0204774 0.0146779 0.0529723 0.0392264 0.0124017 0.0117771 0.023947 0.0580336 0.0500854 0.0208475 0.00988715 0.010769 0.0132443 0.0124659 0.00942048 0.00860352 0.00882699 0.00894351 0.00828521 0.00850884 0.00920464 0.00988171 0.00927505 0.00888218 0.00833594 
0.0125251 0.0561482 0.0194307 0.080149 0.124716 0.224703 0.00383032 0.00380792 0.00377296 0 0.00400014 0.0147505 0.0416425 0.0428389 0.762715 0.0167304 0.0170914 0.0381261 0.0740229 0.0180073 0.0112564 0.0203012 0.0189468 0.0275176 0.0167636 0.0121469 0.0106184 0.0124561 0.0118139 0.0102295 0.00851107 0.00859787 0.00872986 0.00821575 0.00856174 0.00881739 0.00911582 0.00894449 0.00858434 0.00831324 
0.0226747 0.0114997 0.0197559 0.0131355 0.0474451 0.150827 0.0040599 0.00380661 0.00377015 0.00400014 0 0.0170568 0.0115265 0.0406351 0.0368465 0.724573 0.0183931 0.0118853 0.0236367 0.0297476 0.0156892 0.0100089 0.0106012 0.00978338 0.0115226 0.0111551 0.0105778 0.00909244 0.00931493 0.010758 0.00859303 0.00823906 0.00823175 0.00848047 0.00854772 0.00834691 0.008541 0.00847942 0.00823257 0.00845547 
0.0111975 0.0105893 0.00919191 0.0100152 0.00918084 0.0164134 0.50382 0.0348716 0.0273045 0.0147505 0.0170568 0 0.00419616 0.00383417 0.00391389 0.00441742 0.0466783 0.0154438 0.0111468 0.0251849 0.0108903 0.0106929 0.00897527 0.00969629 0.00888201 0.0136453 0.00950135 0.00849652 0.0086137 0.0121634 0.00832688 0.00811436 0.00816472 0.00866048 0.0084263 0.00820435 0.00823192 0.00820433 0.00815488 0.00842151 
0.00987393 0.014148 0.0185487 0.015232 0.0128828 0.00945097 0.0168008 0.61758 0.0374479 0.0416425 0.0115265 0.00419616 0 0.00375363 0.00375782 0.00384972 0.0447956 0.0407676 0.0301673 0.00977537 0.0104543 0.0149011 0.0187344 0.0130933 0.0135816 0.00862541 0.0103891 0.0101068 0.0105973 0.00888606 0.00829326 0.00843102 0.00834362 0.00830361 0.008288 0.0084969 0.00860376 0.00856116 0.00837781 0.00821178 
0.00987682 0.0210331 0.0386541 0.0462811 0.014615 0.0113855 0.018666 0.0251995 0.664744 0.0428389 0.0406351 0.00383417 0.00375363 0 0.00377491 0.00377751 0.0416366 0.0878458 0.0458226 0.0130559 0.0107125 0.0275155 0.041952 0.0557436 0.0122634 0.011116 0.0103849 0.0154053 0.0119988 0.0109989 0.00858537 0.00885765 0.00888538 0.00834749 0.00853111 0.00885609 0.00971434 0.00898504 0.00870267 0.00827448 
0.0116998 0.0270047 0.02411 0.0250541 0.0520634 0.0153465 0.0157976 0.0599302 0.0197251 0.762715 0.0368465 0.00391389 0.00375782 0.00377491 0 0.00387205 0.033873 0.145385 0.130826 0.0321421 0.0171728 0.0278124 0.0248993 0.0262979 0.0265026 0.0118471 0.0115835 0.0143612 0.0191841 0.0109547 0.0086217 0.00915143 0.00887584 0.00828682 0.00849711 0.0089586 0.00929906 0.00922113 0.00850585 0.00817134 
0.0203905 0.0131987 0.01566 0.0122386 0.0127422 0.0252341 0.0332084 0.0152295 0.0204774 0.0167304 0.724573 0.00441742 0.00384972 0.00377751 0.00387205 0 0.0242619 0.0235518 0.207259 0.154422 0.0304195 0.0188482 0.0131544 0.0126488 0.0134217 0.0155673 0.0192202 0.0110307 0.0106915 0.012592 0.0107381 0.00876278 0.008473 0.00872319 0.0106082 0.0089476 0.00883292 0.0089627 0.00828978 0.0082245 
0.0116537 0.0115195 0.0126727 0.0106059 0.0109356 0.0177329 0.0258506 0.028595 0.0146779 0.0170914 0.0183931 0.0466783 0.0447956 0.0416366 0.033873 0.0242619 0 0.00447387 0.00381223 0.00423267 0.470955 0.0260194 0.0400427 0.0154737 0.0159431 0.0184536 0.0186682 0.0127446 0.011398 0.0208036 0.0101637 0.00859366 0.00877847 0.0104357 0.00902259 0.00895921 0.00909889 0.00900034 0.00890851 0.00928706 
0.00997459 0.0300193 0.0199873 0.0262845 0.0188255 0.0107955 0.0275912 0.0623496 0.0529723 0.0381261 0.0118853 0.0154438 0.0407676 0.0878458 0.145385 0.0235518 0.00447387 0 0.00382398 0.00378718 0.0567157 0.539379 0.0435653 0.150433 0.0194549 0.0150831 0.0181901 0.0423261 0.0198135 0.0121097 0.00925997 0.00993562 0.0111974 0.00852643 0.00910937 0.0103941 0.0105758 0.0100346 0.00895982 0.00844938 
0.00949528 0.0148242 0.0244632 0.0203665 0.0296487 0.0124903 0.0146032 0.0337116 0.0392264 0.0740229 0.0236367 0.0111468 0.0301673 0.0458226 0.130826 0.207259 0.00381223 0.00382398 0 0.00390793 0.0294338 0.0419159 0.409575 0.081975 0.266821 0.0164957 0.0137702 0.0253756 0.0477487 0.0149841 0.00938769 0.0107146 0.010533 0.00856929 0.00909311 0.010047 0.0110251 0.0107949 0.00910933 0.00841102 
0.0111623 0.0101731 0.00981322 0.0104168 0.0101499 0.0140769 0.0201772 0.0128199 0.0124017 0.0180073 0.0297476 0.0251849 0.00977537 0.0130559 0.0321421 0.154422 0.00423267 0.00378718 0.00390793 0 0.015251 0.0231766 0.0221842 0.143234 0.026549 0.205256 0.0186575 0.0138146 0.0106844 0.0167868 0.014434 0.00958664 0.00883953 0.00865721 0.0107881 0.00888781 0.00885659 0.00873585 0.00855466 0.00823505 
0.00972972 0.00876101 0.00931727 0.00898607 0.00948733 0.0116891 0.0141513 0.0127732 0.0117771 0.0112564 0.0156892 0.0108903 0.0104543 0.0107125 0.0171728 0.0304195 0.470955 0.0567157 0.0294338 0.015251 0 0.00494073 0.00386817 0.00390219 0.00393004 0.00446788 0.147772 0.0291177 0.0177 0.0339742 0.0201984 0.0120721 0.0106313 0.0205625 0.0173806 0.013858 0.0130134 0.0114804 0.0105512 0.0150753 
0.00902211 0.0119092 0.011772 0.0119893 0.0103697 0.00990743 0.0147294 0.0277215 0.023947 0.0203012 0.0100089 0.0106929 0.0149011 0.0275155 0.0278124 0.0188482 0.0260194 0.539379 0.0419159 0.0231766 0.00494073 0 0.00380638 0.00380705 0.00381927 0.00388374 0.127455 0.228915 0.0364023 0.022138 0.0212501 0.0277423 0.02159 0.0101446 0.0234153 0.0327758 0.0354137 0.0296521 0.021213 0.00962691 
0.00880592 0.0109429 0.0204596 0.0156783 0.0114761 0.00934858 0.0118575 0.024656 0.0580336 0.0189468 0.0106012 0.00897527 0.0187344 0.041952 0.0248993 0.0131544 0.0400427 0.0435653 0.409575 0.0221842 0.00386817 0.00380638 0 0.00376885 0.0037778 0.00378704 0.326069 0.0783451 0.144432 0.0150299 0.0154148 0.033272 0.0178827 0.0118131 0.0130615 0.0329427 0.0722745 0.0538698 0.0181438 0.00922487 
0.00894504 0.0123741 0.0144373 0.0175228 0.0111662 0.00924811 0.0118055 0.0289224 0.0500854 0.0275176 0.00978338 0.00969629 0.0130933 0.0557436 0.0262979 0.0126488 0.0154737 0.150433 0.081975 0.143234 0.00390219 0.00380705 0.00376885 0 0.00375921 0.00378158 0.0478326 0.559096 0.0417922 0.0413571 0.0153924 0.0267469 0.0262264 0.0100848 0.0157768 0.030614 0.0749596 0.0660554 0.0177428 0.00970318 
0.00865171 0.00942688 0.0121089 0.0104125 0.0121061 0.00935807 0.0103829 0.0133057 0.0208475 0.0167636 0.0115226 0.00888201 0.0135816 0.0122634 0.0265026 0.0134217 0.0159431 0.0194549 0.266821 0.026549 0.00393004 0.00381927 0.0037778 0.00375921 0 0.0038117 0.0330472 0.0426837 0.716193 0.0253149 0.0130377 0.0224954 0.0233733 0.0132524 0.0113188 0.0209348 0.0263309 0.0194324 0.0218603 0.0095171 
0.00901119 0.00887931 0.00891741 0.00886724 0.00901909 0.00949276 0.0117395 0.0102008 0.00988715 0.0121469 0.0111551 0.0136453 0.00862541 0.011116 0.0118471 0.0155673 0.0184536 0.0150831 0.0164957 0.205256 0.00446788 0.00388374 0.00378704 0.00378158 0.0038117 0 0.0207865 0.0631814 0.0688713 0.683914 0.0185139 0.0101854 0.0126748 0.0141081 0.02174 0.0113214 0.0111693 0.0120021 0.0122412 0.0130328 
0.00895425 0.00868269 0.00918373 0.00927446 0.00875896 0.00997488 0.0109053 0.0117441 0.010769 0.0106184 0.0105778 0.00950135 0.0103891 0.0103849 0.0115835 0.0192202 0.0186682 0.0181901 0.0137702 0.0186575 0.147772 0.127455 0.326069 0.0478326 0.0330472 0.0207865 0 0.00387887 0.00393303 0.004065 0.303868 0.0319005 0.0159343 0.0250364 0.0276131 0.0289847 0.0178109 0.0166175 0.012503 0.019082 
0.00836451 0.00975696 0.00976115 0.00998553 0.00902752 0.00882326 0.0096264 0.0158532 0.0132443 0.0124561 0.00909244 0.00849652 0.0101068 0.0154053 0.0143612 0.0110307 0.0127446 0.0423261 0.0253756 0.0138146 0.0291177 0.228915 0.0783451 0.559096 0.0426837 0.0631814 0.00387887 0 0.00385084 0.00382233 0.266029 0.172041 0.0677796 0.0138572 0.0214967 0.0546279 0.051739 0.0463176 0.0257168 0.0111038 
0.0084626 0.00901504 0.0104385 0.00957434 0.00947437 0.00897435 0.009503 0.012688 0.0124659 0.0118139 0.00931493 0.0086137 0.0105973 0.0119988 0.0191841 0.0106915 0.011398 0.0198135 0.0477487 0.0106844 0.0177 0.0364023 0.144432 0.0417922 0.716193 0.0688713 0.00393303 0.00385084 0 0.00385518 0.0198772 0.186416 0.206023 0.0260954 0.0131248 0.0302345 0.0450057 0.0405476 0.0381913 0.0106768 
0.00916148 0.00874433 0.00897773 0.00897363 0.00894406 0.00966874 0.0115859 0.00964906 0.00942048 0.0102295 0.010758 0.0121634 0.00888606 0.0109989 0.0109547 0.012592 0.0208036 0.0121097 0.0149841 0.0167868 0.0339742 0.022138 0.0150299 0.0413571 0.0253149 0.683914 0.004065 0.00382233 0.00385518 0 0.028946 0.016951 0.140917 0.20079 0.0321119 0.0164439 0.0160652 0.016847 0.0197966 0.0194683 
0.00827993 0.0082619 0.0084159 0.00834929 0.00826931 0.00850413 0.00903065 0.00859764 0.00860352 0.00851107 0.00859303 0.00832688 0.00829326 0.00858537 0.0086217 0.0107381 0.0101637 0.00925997 0.00938769 0.014434 0.0201984 0.0212501 0.0154148 0.0153924 0.0130377 0.0185139 0.303868 0.266029 0.0198772 0.028946 0 0.00381935 0.00379967 0.00446878 0.0888897 0.0346807 0.0180566 0.015672 0.0138557 0.0305606 
0.00829273 0.00839514 0.0084684 0.00849379 0.00836419 0.00822564 0.00832892 0.00887312 0.00882699 0.00859787 0.00823906 0.00811436 0.00843102 0.00885765 0.00915143 0.00876278 0.00859366 0.00993562 0.0107146 0.00958664 0.0120721 0.0277423 0.033272 0.0267469 0.0224954 0.0101854 0.0319005 0.172041 0.186416 0.016951 0.00381935 0 0.00389022 0.00378562 0.146168 0.071071 0.0566667 0.0367751 0.0270908 0.0114148 
0.00822128 0.00833339 0.00845861 0.00838247 0.00838401 0.00818687 0.00851522 0.00880275 0.00894351 0.00872986 0.00823175 0.00816472 0.00834362 0.00888538 0.00887584 0.008473 0.00877847 0.0111974 0.010533 0.00883953 0.0106313 0.02159 0.0178827 0.0262264 0.0233733 0.0126748 0.0159343 0.0677796 0.206023 0.140917 0.00379967 0.00389022 0 0.00384297 0.0242438 0.156527 0.0429445 0.0776038 0.0463418 0.0103886 
0.0085381 0.00825143 0.00822052 0.00817297 0.00822096 0.00823854 0.00887257 0.0085271 0.00828521 0.00821575 0.00848047 0.00866048 0.00830361 0.00834749 0.00828682 0.00872319 0.0104357 0.00852643 0.00856929 0.00865721 0.0205625 0.0101446 0.0118131 0.0100848 0.0132524 0.0141081 0.0250364 0.0138572 0.0260954 0.20079 0.00446878 0.00378562 0.00384297 0 0.0346499 0.0175021 0.0763103 0.0204784 0.029189 0.0223067 
0.00846332 0.00830957 0.00836817 0.00837584 0.00826318 0.00854762 0.00879012 0.00849583 0.00850884 0.00856174 0.00854772 0.0084263 0.008288 0.00853111 0.00849711 0.0106082 0.00902259 0.00910937 0.00909311 0.0107881 0.0173806 0.0234153 0.0130615 0.0157768 0.0113188 0.02174 0.0276131 0.0214967 0.0131248 0.0321119 0.0888897 0.146168 0.0242438 0.0346499 0 0.00390794 0.00381015 0.00385449 0.00387178 0.0050209 
0.00837233 0.00850817 0.00851499 0.00863421 0.00841572 0.00834153 0.00883906 0.00916519 0.00920464 0.00881739 0.00834691 0.00820435 0.0084969 0.00885609 0.0089586 0.0089476 0.00895921 0.0103941 0.010047 0.00888781 0.013858 0.0327758 0.0329427 0.030614 0.0209348 0.0113214 0.0289847 0.0546279 0.0302345 0.0164439 0.0346807 0.071071 0.156527 0.0175021 0.00390794 0 0.00378463 0.00381637 0.00390842 0.00384318 
0.00835635 0.00862502 0.00935001 0.00895083 0.00879991 0.0086003 0.00873061 0.00939406 0.00988171 0.00911582 0.008541 0.00823192 0.00860376 0.00971434 0.00929906 0.00883292 0.00909889 0.0105758 0.0110251 0.00885659 0.0130134 0.0354137 0.0722745 0.0749596 0.0263309 0.0111693 0.0178109 0.051739 0.0450057 0.0160652 0.0180566 0.0566667 0.0429445 0.0763103 0.00381015 0.00378463 0 0.00377141 0.00375018 0.00377133 
0.00832925 0.00849716 0.00888664 0.00880509 0.00856389 0.00864881 0.00883844 0.00913297 0.00927505 0.00894449 0.00847942 0.00820433 0.00856116 0.00898504 0.00922113 0.0089627 0.00900034 0.0100346 0.0107949 0.00873585 0.0114804 0.0296521 0.0538698 0.0660554 0.0194324 0.0120021 0.0166175 0.0463176 0.0405476 0.016847 0.015672 0.0367751 0.0776038 0.0204784 0.00385449 0.00381637 0.00377141 0 0.00375827 0.00375065 
0.0083096 0.00832293 0.00863214 0.00847185 0.00838 0.00820708 0.00842072 0.00860143 0.00888218 0.00858434 0.00823257 0.00815488 0.00837781 0.00870267 0.00850585 0.00828978 0.00890851 0.00895982 0.00910933 0.00855466 0.0105512 0.021213 0.0181438 0.0177428 0.0218603 0.0122412 0.012503 0.0257168 0.0381913 0.0197966 0.0138557 0.0270908 0.0463418 0.029189 0.00387178 0.00390842 0.00375018 0.00375827 0 0.00374905 
0.00849173 0.00834904 0.00830164 0.00822206 0.00826271 0.00828371 0.00856416 0.00843064 0.00833594 0.00831324 0.00845547 0.00842151 0.00821178 0.00827448 0.00817134 0.0082245 0.00928706 0.00844938 0.00841102 0.00823505 0.0150753 0.00962691 0.00922487 0.00970318 0.0095171 0.0130328 0.019082 0.0111038 0.0106768 0.0194683 0.0305606 0.0114148 0.0103886 0.0223067 0.0050209 0.00384318 0.00377133 0.00375065 0.00374905 0 
