1EI1A
SNSSDSSSIKVLKGLDAVRKRPGMYIGDTDDGTGLHHMVFEVVDNAIDEALAGHCKEIIVTIHADNSVSVQDDGRGIPTGIHPEEGVSAAEVIMTVLHAGGKFDDNSYKVSGGLHGVGVSVVNALSQKLELVIQREGKIHRQIYEHGVPQAPLAVTGETEKTGTMVRFWPSLETFTNVTEFEYEILAKRLRELSFLDSGVSIRLRDKRDGKEDHFHYEGGIKAFVEYLNKNKTPIHPNIFYFSTEKDGIGVEVALQWNDGFQENIYCFTNNIPQRDGGTHLAGFRAAMTRTLNAYMDKEGYSKKAKVSATGDDAREGLIAVVSVKVPDPKFSSQTKDKLVSSEVKSAVEQQMNELLAEYLLENPTDAKIVVGKIIDAARAREAARRAREMT
CCCCCHHHCEECCCCHHHHHCCHHHHCCCCCCHHHHHHHHHHHHHHHHHHHCCCCCEEEEEECCCCCEEEEECCCCCCCCECCCCCCEHHHHHHHCCCEECCCCCCCCCCCCCCCCCHHHHHHHCEEEEEEEEEECCEEEEEEEECCEECCCCEEEEECCCCEEEEEEEECCCCCCCCCCCCHHHHHHHHHHHHHHCCCCEEEEEECCCCCEEEECCCCHHHHHHHHHHHCCCECCCCCEEEEEEECCEEEEEEEEEECCCCEEEEEEECCEECCCCEHHHHHHHHHHHHHHHHHHHHCCHHHHHCCCCCHHHHCCCEEEEEEEECCCCCECCCCCCCECCHHHHHHHHHHHHHHHHHHHHHCHHHHHHHHHHHHHHHHHHHHHHHHHCCC
0 0 0 0 0 0 0 0 0 0 0 0 0 0 0 0 0 0 0 0 0 0 0 0 0 0 0 0 0 0 0 0 0 0 0 0 0 0 0 0 0 0 0 0 0 0 0 0 0 0 0 0 0 0 0 0 0 0 0 0 0 0 0 0 0 0 0 0 0 0 0 0 0 0 0 0 0 0 0 0 0 0 0 0 0 0 0 0 0 0 0 0 0 0 0 0 0 0 0 0 0 0 0 0 0 0 0 0 0 0 0 0 0 0 0 0 0 0 0 0 0 0 0 0 0 0 0 0 0 0 0 0 0 0 0 0 0 0 0 0 0 0 0 0 0 0 0 0 0 0 0 0 0 0 0 0 0 0 0 0 0 0 0 0 0 0 0 0 0 0 0 0 0 0 0 0 0 0 0 0 0 0 0 0 0 0 0 0 0 0 0 0 0 0 0 0 0 0 0 0 0 0 0 0 0 0 0 0 0 0 0 0 0 0 0 0 0 0 0 0 0 0 0 0 0 0 0 0 0 0 0 0 0 0 0 0 0 0 0 0 0 0 0 0 0 0 0 0 0 0 0 0 0 0 0 0 0 0 0 0 0 0 0 0 0 0 0 0 0 0 0 0 0 0 0 0 0 0 0 0 0 0 0 0 0 0 0 0 0 0 0 0 0 0 0 0 0 0 0 0 0 0 0 0 0 0 0 0 0 0 0 0 0 0 0 0 0 0 0 0 0 0 0 0 0 0 0 0 0 0 0 0 0 0 0 0 0 0 0 0 0 0 0 0 0 0 0 0 0 0 0 0 0 0 0 0 0 0 0 0 0 0 0 0 0 0 0 0 0 0 0 0 0 0 0 0 0 0 0 0 0 0 0 0 0 0 0 0 0 0 0 
0 0 0 0 0 0 0 0 0 0 0 0 0 0 0 0 0 0 0 0 0 0 0 0 0 0 0 0 0 0 0 0 0 0 0 0 0 0 0 0 0 0 0 0 0 0 0 0 0 0 0 0 0 0 0 0 0 0 0 0 0 0 0 0 0 0 0 0 0 0 0 0 0 0 0 0 0 0 0 0 0 0 0 0 0 0 0 0 0 0 0 0 0 0 0 0 0 0 0 0 0 0 0 0 0 0 0 0 0 0 0 0 0 0 0 0 0 0 0 0 0 0 0 0 0 0 0 0 0 0 0 0 0 0 0 0 0 0 0 0 0 0 0 0 0 0 0 0 0 0 0 0 0 0 0 0 0 0 0 0 0 0 0 0 0 0 0 0 0 0 0 0 0 0 0 0 0 0 0 0 0 0 0 0 0 0 0 0 0 0 0 0 0 0 0 0 0 0 0 0 0 0 0 0 0 0 0 0 0 0 0 0 0 0 0 0 0 0 0 0 0 0 0 0 0 0 0 0 0 0 0 0 0 0 0 0 0 0 0 0 0 0 0 0 0 0 0 0 0 0 0 0 0 0 0 0 0 0 0 0 0 0 0 0 0 0 0 0 0 0 0 0 0 0 0 0 0 0 0 0 0 0 0 0 0 0 0 0 0 0 0 0 0 0 0 0 0 0 0 0 0 0 0 0 0 0 0 0 0 0 0 0 0 0 0 0 0 0 0 0 0 0 0 0 0 0 0 0 0 0 0 0 0 0 0 0 0 0 0 0 0 0 0 0 0 0 0 0 0 0 0 0 0 0 0 0 0 0 0 0 0 0 0 0 0 0 0 0 0 0 0 0 0 0 0 0 0 0 0 0 0 0 0 0 0 0 0 0 0 0 0 
0 0.00525948 0.0613267 0.0122856 0.0169066 0.0125844 0.0203351 0.0148634 0.0115059 0.0127804 0.00847698 0.0110775 0.00905602 0.0111565 0.0180716 0.0089926 0.0100231 0.00841499 0.00829889 0.00855745 0.00831872 0.00935637 0.00873893 0.00918777 0.00846727 0.00883103 0.00867339 0.00853455 0.00817324 0.0081682 0.0083486 0.00827085 0.0084068 0.00829504 0.00855316 0.00817806 0.00843729 0.00893755 0.00834877 0.0087968 0.00815885 0.00906429 0.00820121 0.00828854 0.00833016 0.00830625 0.00876855 0.00835528 0.00855199 0.00835196 0.00875958 0.00836041 0.00854063 0.00834979 0.00875338 0.00822898 0.00817174 0.00825806 0.00830483 0.00823135 0.00892191 0.00825358 0.00842027 0.00832476 0.00827959 0.00833781 0.00824411 0.00825975 0.00831414 0.00845465 0.00833976 0.00864244 0.00843846 0.00845244 0.0084051 0.00838445 0.00834142 0.00829644 0.00829902 0.00849305 0.00840014 0.00840995 0.00845833 0.00840799 0.00855984 0.00825168 0.008451 0.00920952 0.00890289 0.00884406 0.00886187 0.00883971 0.00861507 0.00900604 0.00890885 0.0106444 0.00950468 0.0106292 
0.00525948 0 0.0171068 0.0228126 0.0140152 0.0343917 0.0282046 0.0491056 0.0220405 0.00986123 0.0122546 0.00958725 0.0118282 0.0124058 0.0140985 0.0140709 0.0094503 0.0101546 0.00833491 0.00827995 0.00876171 0.0087085 0.00929467 0.0087082 0.00908385 0.0084765 0.00846771 0.00915782 0.00827875 0.00832895 0.00830138 0.00840548 0.00830743 0.00853735 0.00837168 0.00867768 0.00829467 0.00941212 0.00829708 0.00819901 0.00846029 0.00828847 0.00917056 0.00845681 0.00827228 0.00837793 0.00834159 0.00832371 0.00825121 0.00832786 0.00903898 0.00871126 0.00821295 0.00844547 0.00817177 0.0084078 0.0085277 0.00823303 0.00815584 0.00840933 0.00843659 0.00864057 0.00841079 0.00838301 0.00825995 0.00828745 0.00824946 0.00833795 0.0086589 0.00860601 0.00848624 0.0084715 0.008436 0.00842119 0.00843853 0.00841266 0.00831572 0.00834914 0.00843947 0.00846506 0.0083646 0.00842466 0.00838436 0.00846278 0.00855606 0.00843226 0.0083814 0.00869993 0.00920084 0.00899055 0.00887853 0.00897881 0.00883473 0.00875441 0.00933796 0.0089033 0.0108262 0.0115831 
0.0613267 0.0171068 0 0.00514444 0.00377343 0.0038336 0.00391915 0.00444047 0.0084508 0.0115013 0.006987 0.014237 0.0185454 0.0367843 0.0318974 0.0118601 0.0111885 0.010403 0.00854186 0.00931466 0.00859353 0.0129794 0.00910903 0.0138833 0.00873526 0.010038 0.00981578 0.00933994 0.0085288 0.00842878 0.0087946 0.00866947 0.00893782 0.00857642 0.00955269 0.00827453 0.00872352 0.0106037 0.00839945 0.00884393 0.00821891 0.00959695 0.00885013 0.00859852 0.00853209 0.00864996 0.00909759 0.00858363 0.00892496 0.00878581 0.00950185 0.0083545 0.00874548 0.00828702 0.00851087 0.00825567 0.0082659 0.00820009 0.00816295 0.00830112 0.00865839 0.00825956 0.00827696 0.00830451 0.00829554 0.00828808 0.00824964 0.00825096 0.00823075 0.00828475 0.008387 0.00841728 0.00846449 0.00832972 0.00845515 0.00843476 0.00830942 0.00828465 0.008238 0.00828396 0.00829501 0.00836003 0.00848535 0.00831516 0.00839179 0.00811657 0.00823572 0.00849089 0.00839887 0.00841227 0.00860583 0.00850615 0.00849921 0.00852986 0.00851447 0.00933607 0.00870623 0.00908361 
0.0122856 0.0228126 0.00514444 0 0.00377137 0.00381679 0.00382438 0.0040125 0.00846478 0.00727151 0.0126234 0.0170514 0.773778 0.00982656 0.0119633 0.0146911 0.00934976 0.010316 0.0131379 0.00880046 0.0374843 0.0112617 0.0781856 0.0114872 0.0323982 0.00995088 0.0103228 0.00861415 0.00967722 0.0104009 0.00974096 0.0150672 0.00924816 0.0122213 0.00871978 0.00827333 0.00848224 0.00867646 0.0125955 0.00840717 0.0109723 0.00849403 0.00989411 0.00913633 0.0094898 0.0163711 0.00928581 0.0153077 0.00899304 0.00952674 0.00837757 0.0125916 0.00850254 0.0111659 0.00853416 0.00841508 0.008144 0.00843828 0.00832083 0.00841871 0.00817079 0.00852898 0.00839368 0.0086996 0.00823587 0.0085027 0.00831397 0.00825182 0.0083756 0.00839823 0.0089735 0.00857327 0.00928344 0.0085915 0.00879397 0.00854207 0.00840411 0.00826076 0.00829112 0.00833797 0.00843305 0.0084384 0.00853193 0.00837722 0.00846964 0.00838586 0.0081955 0.00820864 0.00858434 0.00857892 0.00910186 0.00885447 0.00875729 0.00859789 0.00911605 0.00856926 0.00906736 0.00916711 
0.0169066 0.0140152 0.00377343 0.00377137 0 0.00377298 0.00378117 0.00383557 0.00680467 0.0126676 0.0102885 0.942483 0.00845696 0.00922006 0.0106473 0.0101883 0.0110315 0.0101292 0.00909801 0.0333398 0.0135931 0.128976 0.0181949 0.160127 0.0208719 0.0194765 0.00901571 0.00894731 0.00910373 0.0113276 0.0243293 0.0154057 0.0208308 0.00921438 0.00872066 0.00831747 0.00818392 0.0103094 0.00887707 0.0156812 0.00865054 0.00909694 0.00857627 0.0115694 0.0169496 0.0160601 0.0454469 0.0127528 0.0120594 0.00846009 0.00959637 0.0088812 0.0162098 0.00883917 0.00950439 0.00838791 0.00821175 0.00839317 0.0085303 0.0083296 0.00825823 0.0083047 0.00911661 0.00843947 0.00871357 0.00838413 0.00826721 0.00827115 0.00835434 0.00861758 0.00881319 0.00951504 0.00887793 0.00913288 0.00925276 0.00919882 0.00852782 0.00832694 0.00831499 0.00835609 0.00846412 0.00871796 0.00870178 0.00852366 0.00854896 0.00823238 0.00822051 0.00814433 0.00853123 0.00863156 0.00895106 0.00928288 0.0090289 0.00925367 0.00869423 0.00874324 0.00843796 0.00861461 
0.0125844 0.0343917 0.0038336 0.00381679 0.00377298 0 0.0038467 0.00380579 0.0114915 0.00866334 0.975125 0.0101036 0.00871524 0.00861673 0.0100905 0.0142234 0.0106327 0.0105146 0.0194744 0.0137716 0.105103 0.0182321 0.24227 0.0371378 0.154972 0.0122359 0.0100154 0.0086324 0.00967627 0.0199158 0.0187154 0.037799 0.0196972 0.0124705 0.0093889 0.00816427 0.00828814 0.0086808 0.0156018 0.0102684 0.0122848 0.00851392 0.0101927 0.0116072 0.0226196 0.0594215 0.0257174 0.0482799 0.00988752 0.00914581 0.00862995 0.0174313 0.009253 0.0141103 0.00868176 0.00837362 0.00814037 0.0085119 0.00844156 0.00850684 0.00827052 0.00868167 0.00853994 0.00941256 0.00839111 0.00866314 0.00824454 0.008242 0.00857267 0.00860141 0.0100314 0.00921141 0.0105471 0.00949959 0.0102489 0.00898982 0.00858728 0.00834281 0.00829734 0.00836618 0.00868677 0.00885384 0.00890423 0.00857864 0.00848575 0.00828513 0.00820813 0.00821326 0.00865975 0.00901361 0.00959318 0.00960367 0.00980936 0.00914597 0.00940484 0.00857846 0.00869239 0.00896574 
0.0203351 0.0282046 0.00391915 0.00382438 0.00378117 0.0038467 0 0.00380317 0.00783125 0.935035 0.0120043 0.0150618 0.00818741 0.0106497 0.0133625 0.0154472 0.0251567 0.0106194 0.0111932 0.0217985 0.0102085 0.0553655 0.0170094 0.0709123 0.0194777 0.0382831 0.00899336 0.00916822 0.0108902 0.00954381 0.0212238 0.0114165 0.0152948 0.0105211 0.00957134 0.0084177 0.00843383 0.0104282 0.00938206 0.0120915 0.00887159 0.00914089 0.00875351 0.0133371 0.0153805 0.0206228 0.034544 0.010866 0.0167396 0.00853343 0.0111427 0.00897664 0.0118447 0.00863209 0.00954532 0.00826091 0.00815228 0.00837404 0.00845799 0.00827404 0.00833272 0.00841737 0.00874962 0.00841425 0.00841086 0.0083144 0.00820631 0.00821573 0.00836432 0.00881476 0.00867423 0.00931512 0.00895678 0.00913071 0.00887558 0.00873553 0.00844035 0.00821271 0.0082799 0.00833899 0.00840737 0.00864905 0.00855558 0.00847742 0.00847449 0.00821332 0.00828251 0.00821032 0.00865365 0.00880718 0.00932572 0.00931482 0.00959603 0.00917515 0.00872344 0.00860665 0.00849405 0.00884784 
0.0148634 0.0491056 0.00444047 0.0040125 0.00383557 0.00380579 0.00380317 0 0.919719 0.00668022 0.00647192 0.00600873 0.0100838 0.013536 0.0179109 0.026858 0.0186193 0.0233927 0.00934894 0.00876579 0.0125655 0.010621 0.0178421 0.0111977 0.0148137 0.00976552 0.0118827 0.0115272 0.00867131 0.00899266 0.00888963 0.00973375 0.00902475 0.00934019 0.00973929 0.00900614 0.00840701 0.011227 0.00888315 0.00841915 0.00951696 0.0088642 0.0132004 0.0102244 0.00906241 0.0112759 0.00919201 0.0096349 0.00898707 0.0092893 0.00958769 0.00948606 0.00831465 0.00880573 0.00828532 0.00856241 0.0083744 0.00821212 0.0083029 0.00836314 0.00842951 0.00874191 0.00823709 0.00843421 0.00821007 0.00824502 0.00824996 0.00822553 0.00874528 0.00837476 0.00878563 0.00842184 0.00887005 0.0083883 0.0085478 0.00840793 0.00825162 0.00828141 0.00828224 0.0082741 0.00837793 0.0082968 0.00833538 0.00821186 0.00830272 0.00817955 0.00815242 0.00850004 0.00890984 0.00859091 0.00898348 0.008638 0.00915576 0.00851754 0.00853163 0.00839298 0.00925833 0.00932494 
0.0115059 0.0220405 0.0084508 0.00846478 0.00680467 0.0114915 0.00783125 0.919719 0 0.00382037 0.00381206 0.00384689 0.00454557 0.0108359 0.0186261 0.0162988 0.0146181 0.0099079 0.00972571 0.00857258 0.0117354 0.00966285 0.0202307 0.00991669 0.0136322 0.00983954 0.0195024 0.00860776 0.00851853 0.00868494 0.00881528 0.00980804 0.00881314 0.00976622 0.011159 0.00819118 0.00962819 0.00861847 0.00882442 0.00827949 0.008966 0.0108174 0.00962844 0.00844201 0.00886864 0.00989396 0.00890155 0.0100519 0.00869491 0.0144416 0.0083125 0.00970312 0.0082621 0.00882504 0.00845545 0.00901427 0.00815403 0.00816447 0.00809013 0.00871726 0.00825721 0.00840601 0.00823123 0.00846072 0.00820994 0.00833981 0.00818115 0.00836866 0.00837875 0.00821451 0.00843686 0.00829662 0.00851837 0.00833678 0.0084213 0.00830094 0.00838371 0.00840576 0.00810456 0.0082535 0.00824953 0.00832965 0.00839207 0.00826093 0.00853204 0.00814651 0.00815676 0.00833036 0.00834908 0.00842504 0.0085557 0.00863436 0.00850644 0.00842971 0.00889134 0.00876465 0.00926882 0.00962359 
0.0127804 0.00986123 0.0115013 0.00727151 0.0126676 0.00866334 0.935035 0.00668022 0.00382037 0 0.003773 0.00385235 0.00378313 0.00797955 0.0133406 0.0113448 0.0126984 0.0101761 0.0088265 0.0153629 0.00884062 0.0485822 0.0112733 0.0547863 0.0117552 0.0275441 0.00881526 0.00927295 0.00884075 0.00889449 0.0135592 0.0101389 0.0123014 0.00950218 0.00886557 0.0083394 0.00829786 0.0103072 0.00845101 0.0107058 0.00835317 0.00980693 0.00847312 0.0109263 0.0102976 0.00991184 0.0224942 0.00947883 0.0126782 0.00847539 0.00939566 0.00847224 0.0117873 0.0083727 0.00901887 0.0082551 0.00814271 0.00823521 0.00833429 0.00816176 0.00824014 0.00820084 0.00881935 0.00833112 0.00851427 0.00827428 0.00825395 0.00822263 0.00818047 0.00844818 0.00842556 0.0087498 0.0084676 0.00862047 0.00846509 0.0084889 0.00832594 0.00824117 0.00818032 0.00835558 0.00831046 0.00841973 0.0084199 0.00833565 0.00833049 0.00817604 0.00824344 0.00823227 0.00848004 0.00848848 0.00858821 0.00867396 0.00859075 0.008657 0.00850956 0.00877469 0.00857564 0.00893956 
0.00847698 0.0122546 0.006987 0.0126234 0.0102885 0.975125 0.0120043 0.00647192 0.00381206 0.003773 0 0.0037403 0.00378464 0.00643685 0.00753444 0.0151297 0.00917652 0.00964671 0.0112952 0.00895661 0.0517749 0.00986289 0.0888625 0.0127766 0.0668858 0.00896778 0.00956261 0.00825739 0.00864427 0.0122528 0.00981334 0.0188164 0.010655 0.00965596 0.00848231 0.00805575 0.0081842 0.00822241 0.0107671 0.00838086 0.0109448 0.00819348 0.00954227 0.00884985 0.0116352 0.029786 0.0104194 0.0292048 0.0086084 0.00909437 0.00828728 0.0125776 0.00837405 0.011581 0.00819658 0.00835205 0.00807488 0.0083109 0.00826873 0.00855787 0.008148 0.00852777 0.00831537 0.00906126 0.00819346 0.00856256 0.0081241 0.00829244 0.0084467 0.00837362 0.0091957 0.0086476 0.0091982 0.00865198 0.00884022 0.00868998 0.00843328 0.00829374 0.0082701 0.00829299 0.00834508 0.008361 0.00852537 0.00834778 0.00849905 0.00825087 0.0081481 0.00814183 0.0085027 0.00851193 0.0088175 0.00878731 0.00890137 0.00862313 0.00891143 0.00848835 0.00871246 0.00885691 
0.0110775 0.00958725 0.014237 0.0170514 0.942483 0.0101036 0.0150618 0.00600873 0.00384689 0.00385235 0.0037403 0 0.00376279 0.00913629 0.00954091 0.0121562 0.0175149 0.00959451 0.00902644 0.0136308 0.00857737 0.024927 0.00925137 0.0313515 0.00919488 0.015095 0.00843715 0.009276 0.00909769 0.00849964 0.0105808 0.00879993 0.00971605 0.00870884 0.00848907 0.00844038 0.00831045 0.00977825 0.00849985 0.00998877 0.00822886 0.00879838 0.00882923 0.0104393 0.00950512 0.00873232 0.0131052 0.00864901 0.0101808 0.00825178 0.00959929 0.00840698 0.00958519 0.00827631 0.00833915 0.00815298 0.00819322 0.0083685 0.00823547 0.00813228 0.00827194 0.00821037 0.00844607 0.00830409 0.0083006 0.00822999 0.00818368 0.00819363 0.00815156 0.00846368 0.00838446 0.00845018 0.00839282 0.00846865 0.0083805 0.00832075 0.00823235 0.00815022 0.00815093 0.00828797 0.00825327 0.00824832 0.00830851 0.00821936 0.00823233 0.00810873 0.00818609 0.00812713 0.00852845 0.00839212 0.00841496 0.0083583 0.00844958 0.00840225 0.00836281 0.00827289 0.00826067 0.00841347 
0.00905602 0.0118282 0.0185454 0.773778 0.00845696 0.00871524 0.00818741 0.0100838 0.00454557 0.00378313 0.00378464 0.00376279 0 0.0125779 0.00678149 0.0229525 0.013283 0.0131964 0.00870203 0.00838195 0.0103562 0.00873667 0.0120035 0.00884161 0.0102025 0.00864495 0.010315 0.00877795 0.00829782 0.00849227 0.0083597 0.00879542 0.00837772 0.00871695 0.0089063 0.00817655 0.00827497 0.00888428 0.00844092 0.00821748 0.00894189 0.00832235 0.0103185 0.00848608 0.00857407 0.00902825 0.00849956 0.00887771 0.00828377 0.00869921 0.00848386 0.00897531 0.00827146 0.00863842 0.00823296 0.00835874 0.00822376 0.00819384 0.00822561 0.00833066 0.00823042 0.0083458 0.00818459 0.00831555 0.00819878 0.00830015 0.0081576 0.00822043 0.00845566 0.0082652 0.00827425 0.00826653 0.00827794 0.00829979 0.00833971 0.00829348 0.00821881 0.00819825 0.00816817 0.00825003 0.00822306 0.00827445 0.00829496 0.00823294 0.00829229 0.00819876 0.00818543 0.00841809 0.00854188 0.00841303 0.00853835 0.00843437 0.00843459 0.00843159 0.00848793 0.00830111 0.00901127 0.00890425 
0.0111565 0.0124058 0.0367843 0.00982656 0.00922006 0.00861673 0.0106497 0.013536 0.0108359 0.00797955 0.00643685 0.00913629 0.0125779 0 0.785249 0.0203966 0.0228167 0.0115901 0.00841567 0.00843698 0.00859287 0.00888138 0.00865215 0.00872188 0.00859309 0.00929481 0.0101673 0.0100951 0.00863271 0.00817601 0.00836727 0.00828151 0.00833732 0.00845664 0.00923639 0.00917267 0.0101777 0.0103883 0.00823018 0.00823198 0.00824185 0.00983515 0.00977148 0.00836748 0.00831696 0.00833809 0.00829292 0.00826739 0.00826428 0.00908503 0.00966046 0.00833834 0.00817633 0.00819347 0.00817954 0.00843324 0.00865746 0.00818041 0.00809328 0.00840703 0.00927491 0.00883271 0.00820386 0.00810895 0.00808322 0.00816449 0.0081307 0.00826423 0.00859314 0.00814809 0.00817442 0.00816998 0.00821885 0.00812881 0.00816448 0.00815693 0.0081808 0.00831023 0.00834198 0.00816134 0.0081295 0.00817197 0.00818522 0.00819802 0.0084136 0.00819203 0.00821 0.00918977 0.00845536 0.00824367 0.00826628 0.00823234 0.00827195 0.00823527 0.0082739 0.00872265 0.00926935 0.0100257 
0.0180716 0.0140985 0.0318974 0.0119633 0.0106473 0.0100905 0.0133625 0.0179109 0.0186261 0.0133406 0.00753444 0.00954091 0.00678149 0.785249 0 0.019511 0.0165301 0.0226811 0.00900774 0.00970583 0.0089915 0.0103643 0.0090929 0.0102703 0.0091266 0.0100934 0.0112352 0.0156355 0.00907837 0.00859734 0.00876957 0.00868015 0.00899463 0.00900989 0.0100884 0.0130025 0.0106386 0.0171591 0.00917177 0.00894786 0.00855114 0.0109175 0.0125606 0.00894411 0.00865382 0.00849051 0.00897422 0.00845186 0.00862203 0.00975165 0.0140084 0.00846177 0.00866042 0.00824933 0.00861829 0.00882046 0.00962994 0.00816272 0.00821467 0.00861458 0.0115962 0.00931681 0.00855148 0.0081789 0.00829614 0.00819806 0.00822262 0.00831985 0.0090167 0.00841637 0.00817108 0.00836241 0.00823575 0.00823632 0.0081951 0.00816728 0.00819232 0.00848268 0.00890825 0.00826986 0.00816288 0.00828673 0.00823525 0.00818807 0.00850708 0.0085954 0.00864191 0.0103089 0.00880324 0.00841275 0.0083161 0.00850606 0.00829918 0.00841347 0.00825545 0.00935675 0.00938428 0.0100346 
0.0089926 0.0140709 0.0118601 0.0146911 0.0101883 0.0142234 0.0154472 0.026858 0.0162988 0.0113448 0.0151297 0.0121562 0.0229525 0.0203966 0.019511 0 0.00501629 0.0115873 0.0161004 0.0100342 0.014416 0.0106509 0.0170448 0.0112901 0.0139184 0.0150859 0.0150482 0.00910385 0.00919275 0.00870372 0.00979338 0.0093959 0.00942284 0.0106018 0.0112232 0.00885191 0.0103101 0.00889851 0.00905664 0.00842639 0.0102519 0.0102135 0.00955739 0.00908047 0.00870449 0.0101832 0.00885402 0.00986597 0.00952944 0.0113709 0.00869254 0.0092525 0.00833418 0.0085266 0.00839813 0.00877983 0.00818328 0.00826645 0.00824108 0.00828087 0.00856036 0.00845727 0.00835952 0.00833755 0.00831291 0.00820109 0.00820644 0.00817654 0.00827079 0.00836877 0.00851474 0.00839958 0.00883701 0.00840226 0.00854933 0.00862519 0.00833731 0.00824669 0.00809021 0.00827172 0.00825948 0.00837495 0.00839535 0.00836264 0.00852877 0.00805077 0.00815498 0.00835129 0.00825619 0.00844541 0.00841564 0.00837265 0.00840972 0.00830018 0.00837863 0.00844595 0.00842078 0.00880478 
0.0100231 0.0094503 0.0111885 0.00934976 0.0110315 0.0106327 0.0251567 0.0186193 0.0146181 0.0126984 0.00917652 0.0175149 0.013283 0.0228167 0.0165301 0.00501629 0 0.0250025 0.0134931 0.0114664 0.0100603 0.0151532 0.0141242 0.0153947 0.0137992 0.0229982 0.0159352 0.0104376 0.00856347 0.00887044 0.00937127 0.00959184 0.00914334 0.00995346 0.0102417 0.0113524 0.0090281 0.0096331 0.00869996 0.00839342 0.00884126 0.0101433 0.00998118 0.00916542 0.00914323 0.00910196 0.00987022 0.00969214 0.0102252 0.00974564 0.0093317 0.00847713 0.00851125 0.0083629 0.00838142 0.00859129 0.00840467 0.00815894 0.00818452 0.00849713 0.00835612 0.00829751 0.00826513 0.00819924 0.0081353 0.00819024 0.00814951 0.00823486 0.0084061 0.00826706 0.00828682 0.00837516 0.00842964 0.00838617 0.00849537 0.00827284 0.00826772 0.00823006 0.00816745 0.0081792 0.00817644 0.00824639 0.0082962 0.00823784 0.00945262 0.00823628 0.00823151 0.00855895 0.0082882 0.00848725 0.00842804 0.00840799 0.00841512 0.00826871 0.0083403 0.00829187 0.00853321 0.00866654 
0.00841499 0.0101546 0.010403 0.010316 0.0101292 0.0105146 0.0106194 0.0233927 0.0099079 0.0101761 0.00964671 0.00959451 0.0131964 0.0115901 0.0226811 0.0115873 0.0250025 0 0.00386087 0.00379799 0.003929 0.00391549 0.00419856 0.00416418 0.00455352 0.00546596 0.00863957 0.00639421 0.00624461 0.00713 0.0077216 0.00716921 0.014093 0.010671 0.0260443 0.00863415 0.0470752 0.011009 0.00868226 0.00935986 0.0104401 0.0267706 0.0099812 0.00945035 0.0104857 0.00960189 0.011974 0.0108058 0.010459 0.0239998 0.0122322 0.00880491 0.00952386 0.00852865 0.00924778 0.0111606 0.00841513 0.00818099 0.00838501 0.0101971 0.010267 0.00843628 0.00826908 0.00825435 0.00830845 0.00813507 0.00838769 0.00916692 0.00835266 0.00841142 0.00866907 0.00851469 0.00853506 0.00866442 0.00863717 0.00855386 0.00834121 0.00931383 0.00822688 0.00814973 0.00815537 0.00832107 0.00824896 0.00827168 0.00955392 0.00808441 0.00840498 0.00925788 0.00814993 0.00820249 0.00858857 0.00829553 0.00827105 0.00828542 0.00824561 0.00969635 0.00881395 0.00905862 
0.00829889 0.00833491 0.00854186 0.0131379 0.00909801 0.0194744 0.0111932 0.00934894 0.00972571 0.0088265 0.0112952 0.00902644 0.00870203 0.00841567 0.00900774 0.0161004 0.0134931 0.00386087 0 0.00375361 0.00378395 0.00376245 0.00384163 0.003901 0.0041465 0.00481667 0.00451948 0.00581795 0.00677043 0.00680252 0.00717473 0.0129723 0.0100769 0.0193628 0.0121668 0.0170218 0.00828247 0.00865165 0.0109582 0.0083127 0.0127398 0.00838661 0.0105638 0.0100519 0.00942738 0.0177338 0.00936446 0.0150782 0.0104567 0.0136079 0.00835083 0.0125361 0.00853861 0.0106623 0.0086752 0.008404 0.00811005 0.00827045 0.00827332 0.00830577 0.00813507 0.0082707 0.00825587 0.00867235 0.00817011 0.0082473 0.00821062 0.00823916 0.00818714 0.00831149 0.00877495 0.00854451 0.00903895 0.00851076 0.00864289 0.00838158 0.00870918 0.00820297 0.0081547 0.00822528 0.00820286 0.00839151 0.00854645 0.00835349 0.00827941 0.00813838 0.00814637 0.008128 0.00825462 0.00834016 0.00851139 0.00843394 0.00845458 0.00839405 0.00841742 0.00826091 0.00818943 0.00825147 
0.00855745 0.00827995 0.00931466 0.00880046 0.0333398 0.0137716 0.0217985 0.00876579 0.00857258 0.0153629 0.00895661 0.0136308 0.00838195 0.00843698 0.00970583 0.0100342 0.0114664 0.00379799 0.00375361 0 0.00371882 0.00379392 0.00378317 0.00408767 0.00422203 0.00395664 0.00384022 0.00657292 0.00854325 0.00642159 0.0123059 0.00741362 0.0204044 0.0132674 0.205522 0.00757254 0.00764791 0.0107619 0.00839138 0.0139149 0.00844195 0.00926648 0.00877204 0.010752 0.0194168 0.00977258 0.0453638 0.0115723 0.0271168 0.0086973 0.0096124 0.00845379 0.0222844 0.00859392 0.0109637 0.00822793 0.00832541 0.00826663 0.00878597 0.00818925 0.00834981 0.00833174 0.00904388 0.00836953 0.00931268 0.00822879 0.00821629 0.0082406 0.00818478 0.00865959 0.00872252 0.0108362 0.00916231 0.0116809 0.00900336 0.00965617 0.00838339 0.0083185 0.00822783 0.00833856 0.00831475 0.00868183 0.00880755 0.0085057 0.00834547 0.00821177 0.00820774 0.00812342 0.00823989 0.00837679 0.00851398 0.00858044 0.00839667 0.00887674 0.00829793 0.00832913 0.00820574 0.00824877 
0.00831872 0.00876171 0.00859353 0.0374843 0.0135931 0.105103 0.0102085 0.0125655 0.0117354 0.00884062 0.0517749 0.00857737 0.0103562 0.00859287 0.0089915 0.014416 0.0100603 0.003929 0.00378395 0.00371882 0 0.00375037 0.00378234 0.00378562 0.00386411 0.00382114 0.00404061 0.00510129 0.00621772 0.00759016 0.00708704 0.0239757 0.00928348 0.805515 0.00938694 0.00713716 0.00807871 0.00850919 0.0199177 0.00817032 0.0146533 0.00832179 0.013258 0.0106645 0.0113302 0.06241 0.01004 0.102231 0.00886524 0.0120267 0.00842629 0.0350588 0.00852706 0.0345697 0.00834423 0.0110069 0.00823215 0.00890909 0.00822336 0.00917256 0.00823237 0.00924819 0.00835815 0.0155115 0.00826829 0.0104094 0.00818327 0.00821366 0.00878454 0.00845338 0.0137977 0.00929177 0.0162967 0.00923273 0.0114165 0.00875225 0.00892422 0.00835976 0.00827646 0.00828935 0.00893919 0.00858757 0.00916512 0.00857078 0.0085852 0.0082372 0.00831961 0.00811533 0.00824665 0.00841148 0.0089013 0.0086528 0.00871838 0.00848688 0.00875348 0.00825778 0.00830057 0.00855772 
0.00935637 0.0087085 0.0129794 0.0112617 0.128976 0.0182321 0.0553655 0.010621 0.00966285 0.0485822 0.00986289 0.024927 0.00873667 0.00888138 0.0103643 0.0106509 0.0151532 0.00391549 0.00376245 0.00379392 0.00375037 0 0.00374745 0.00375068 0.00377486 0.00378704 0.0038911 0.00531892 0.00766301 0.00649356 0.0276957 0.00827287 0.924375 0.0138742 0.00857048 0.00731672 0.00781521 0.0153603 0.00852917 0.0235015 0.00852083 0.0129562 0.0095743 0.0149265 0.045632 0.0133009 0.269636 0.0111396 0.0282594 0.00920049 0.0177364 0.00926747 0.0876939 0.00889729 0.0218153 0.0084204 0.00868652 0.00852858 0.0101833 0.00833518 0.00927263 0.00856985 0.0209409 0.0088621 0.014087 0.00852562 0.00862623 0.00832544 0.00839136 0.0126952 0.0101419 0.0263219 0.0109995 0.0231866 0.0111077 0.0129326 0.00877924 0.00864625 0.00833806 0.00874028 0.0086705 0.0112827 0.0100545 0.00927119 0.00858936 0.00822179 0.00830514 0.00815722 0.00830721 0.00859346 0.00904392 0.009607 0.0086902 0.00918833 0.00847136 0.00864121 0.00817789 0.0083481 
0.00873893 0.00929467 0.00910903 0.0781856 0.0181949 0.24227 0.0170094 0.0178421 0.0202307 0.0112733 0.0888625 0.00925137 0.0120035 0.00865215 0.0090929 0.0170448 0.0141242 0.00419856 0.00384163 0.00378317 0.00378234 0.00374745 0 0.00375826 0.00380872 0.00386234 0.00450572 0.00472925 0.00611569 0.0236465 0.00736801 0.934685 0.0273189 0.0120196 0.00774405 0.0070217 0.00822457 0.00887586 0.0269038 0.00874797 0.0230895 0.00862475 0.0172101 0.0163065 0.0247526 0.206948 0.0153936 0.158365 0.0100619 0.0153215 0.00911348 0.0761289 0.0102999 0.0926051 0.00875413 0.0103254 0.00831724 0.00979992 0.00855767 0.00976682 0.00837964 0.0142187 0.00927717 0.022489 0.00866788 0.0126632 0.00832443 0.00834075 0.0100151 0.00936018 0.0282872 0.0121119 0.033407 0.0124383 0.0233143 0.0106759 0.0108918 0.00852849 0.00834522 0.00860287 0.0110271 0.00976588 0.0128203 0.00929232 0.00888582 0.00833935 0.00840127 0.0081652 0.00858782 0.00867423 0.0114728 0.00974805 0.0110091 0.00890055 0.00908963 0.00837917 0.0083093 0.00859625 
0.00918777 0.0087082 0.0138833 0.0114872 0.160127 0.0371378 0.0709123 0.0111977 0.00991669 0.0547863 0.0127766 0.0313515 0.00884161 0.00872188 0.0102703 0.0112901 0.0153947 0.00416418 0.003901 0.00408767 0.00378562 0.00375068 0.00375826 0 0.00381564 0.00383091 0.00378975 0.00426906 0.0201923 0.00661813 0.95827 0.0236391 0.0112268 0.00875594 0.00757223 0.0074143 0.00761879 0.0131255 0.0089234 0.0274494 0.00869219 0.0118045 0.0107204 0.0478119 0.102496 0.0165684 0.1826 0.014281 0.0386367 0.00932919 0.0164683 0.0112681 0.106487 0.010639 0.0166808 0.0085178 0.0085853 0.00866424 0.0104546 0.00841323 0.00864543 0.009715 0.0196721 0.0092607 0.0180492 0.00863298 0.00847841 0.00833713 0.00864447 0.0133263 0.0114593 0.0345026 0.0116927 0.0283554 0.013144 0.0173176 0.00928055 0.0085704 0.00840311 0.00899625 0.0091592 0.0131836 0.011736 0.00928392 0.00898368 0.00824999 0.00833759 0.00816405 0.00839165 0.00879486 0.0098064 0.0105468 0.00929293 0.0100098 0.00862414 0.00858864 0.00820025 0.00834321 
0.00846727 0.00908385 0.00873526 0.0323982 0.0208719 0.154972 0.0194777 0.0148137 0.0136322 0.0117552 0.0668858 0.00919488 0.0102025 0.00859309 0.0091266 0.0139184 0.0137992 0.00455352 0.0041465 0.00422203 0.00386411 0.00377486 0.00380872 0.00381564 0 0.00383833 0.00382444 0.0103493 0.00828531 0.925873 0.0195388 0.0135051 0.010627 0.012305 0.00648113 0.00648081 0.007736 0.00884277 0.0243918 0.00866252 0.0160523 0.00857605 0.0129905 0.0354005 0.0256917 0.0760031 0.018328 0.123203 0.010794 0.013508 0.00882837 0.0516778 0.0115786 0.045418 0.00874223 0.00922567 0.00831643 0.00924401 0.00849724 0.00904711 0.00827024 0.011077 0.00898276 0.0189829 0.00873191 0.0100147 0.00822939 0.00824324 0.00916049 0.00925393 0.0215536 0.0115411 0.0217043 0.0130551 0.0190143 0.0112963 0.0100125 0.00851757 0.00831036 0.00840102 0.0105556 0.00934441 0.0119249 0.0091789 0.00879436 0.00821885 0.00823859 0.00811965 0.00841361 0.00865137 0.0116634 0.0095355 0.0096965 0.00863802 0.00876357 0.00830647 0.00818937 0.00837282 
0.00883103 0.0084765 0.010038 0.00995088 0.0194765 0.0122359 0.0382831 0.00976552 0.00983954 0.0275441 0.00896778 0.015095 0.00864495 0.00929481 0.0100934 0.0150859 0.0229982 0.00546596 0.00481667 0.00395664 0.00382114 0.00378704 0.00386234 0.00383091 0.00383833 0 0.00401966 0.00626102 0.994405 0.00448412 0.0114432 0.00731471 0.0081463 0.00625801 0.00660113 0.00715143 0.00794841 0.0161898 0.00991628 0.0101623 0.00889845 0.0114559 0.0367666 0.0182506 0.0160644 0.0114214 0.0297579 0.0108371 0.0307085 0.0097561 0.0169529 0.00999348 0.0193212 0.00887886 0.0113639 0.00840618 0.00868863 0.00851415 0.00964039 0.00834747 0.00848356 0.00859996 0.0112411 0.00839305 0.00893471 0.00817558 0.00836912 0.00818361 0.00868536 0.0105855 0.0087852 0.0110126 0.00911007 0.0105722 0.00915895 0.00942789 0.00872721 0.0083634 0.00826229 0.00859866 0.00835225 0.00907498 0.00901817 0.00872797 0.00853442 0.00808931 0.00818353 0.00821445 0.00843228 0.00857313 0.00879568 0.00910726 0.00873444 0.00843414 0.00824138 0.00825299 0.00813766 0.00819025 
0.00867339 0.00846771 0.00981578 0.0103228 0.00901571 0.0100154 0.00899336 0.0118827 0.0195024 0.00881526 0.00956261 0.00843715 0.010315 0.0101673 0.0112352 0.0150482 0.0159352 0.00863957 0.00451948 0.00384022 0.00404061 0.0038911 0.00450572 0.00378975 0.00382444 0.00401966 0 0.996882 0.00433649 0.00445568 0.0038671 0.00442102 0.00455251 0.00573675 0.00594833 0.00674603 0.00779361 0.0120579 0.00928506 0.00787215 0.0104821 0.00876178 0.0239542 0.0112636 0.00962292 0.0119314 0.0092816 0.0108798 0.008516 0.0126893 0.0117998 0.0131462 0.00843846 0.00953326 0.00835793 0.00976566 0.00894664 0.00856157 0.00827947 0.00952644 0.00898522 0.0117784 0.00841685 0.00858033 0.00819963 0.008407 0.00822183 0.00822687 0.0107365 0.00869126 0.0085969 0.00864998 0.00882338 0.00866872 0.00863157 0.00845641 0.00836594 0.00828182 0.00857214 0.00839831 0.0084653 0.00838663 0.00854129 0.00833135 0.00847373 0.00828783 0.00820949 0.00926995 0.00897901 0.00830935 0.00862234 0.00823923 0.00832172 0.00820398 0.00827334 0.00821013 0.00904178 0.00874646 
0.00853455 0.00915782 0.00933994 0.00861415 0.00894731 0.0086324 0.00916822 0.0115272 0.00860776 0.00927295 0.00825739 0.009276 0.00877795 0.0100951 0.0156355 0.00910385 0.0104376 0.00639421 0.00581795 0.00657292 0.00510129 0.00531892 0.00472925 0.00426906 0.0103493 0.00626102 0.996882 0 0.00399537 0.00376242 0.00385489 0.00379889 0.00397523 0.0041516 0.00694844 0.00561619 0.00932699 0.0100713 0.00747091 0.00886125 0.00921617 0.181621 0.0147488 0.00875251 0.0107708 0.00852442 0.00958926 0.00878461 0.0101207 0.022416 0.0111824 0.00848863 0.00948785 0.0083288 0.00963068 0.0105184 0.00878546 0.00825138 0.00845159 0.00892234 0.00956494 0.00820177 0.0083447 0.00811352 0.00824675 0.00808491 0.00835362 0.00888988 0.00816844 0.00821459 0.00819138 0.0084708 0.00826914 0.00831224 0.00819182 0.00844222 0.00855677 0.00895953 0.008191 0.00815027 0.00808351 0.00825489 0.0081552 0.00826594 0.00864113 0.00804443 0.00836428 0.00850754 0.00809516 0.0082174 0.00826081 0.00821925 0.00817762 0.0083142 0.00820353 0.00898273 0.00843086 0.00875048 
0.00817324 0.00827875 0.0085288 0.00967722 0.00910373 0.00967627 0.0108902 0.00867131 0.00851853 0.00884075 0.00864427 0.00909769 0.00829782 0.00863271 0.00907837 0.00919275 0.00856347 0.00624461 0.00677043 0.00854325 0.00621772 0.00766301 0.00611569 0.0201923 0.00828531 0.994405 0.00433649 0.00399537 0 0.00378303 0.00376324 0.00374233 0.00383361 0.00499006 0.00382212 0.0056858 0.00599162 0.00770849 0.00778668 0.0110353 0.101209 0.0388744 0.0086543 0.0119218 0.00934853 0.0103057 0.00967764 0.0148983 0.0107897 0.0108143 0.00923511 0.00986356 0.00935464 0.00875807 0.00963421 0.00835855 0.00827579 0.00838612 0.00844088 0.00834127 0.00825637 0.00823127 0.00833106 0.00831469 0.00817908 0.00819867 0.00830047 0.00827624 0.00813475 0.00834612 0.00848258 0.00849924 0.00847584 0.00853376 0.0123626 0.00843696 0.00849442 0.00827569 0.00816316 0.00821454 0.0082877 0.00839302 0.00855929 0.00843327 0.00823591 0.00812782 0.00815932 0.00813278 0.00817386 0.00828639 0.0084151 0.00836768 0.00835848 0.00837044 0.0083377 0.00829303 0.00818316 0.00825461 
0.0081682 0.00832895 0.00842878 0.0104009 0.0113276 0.0199158 0.00954381 0.00899266 0.00868494 0.00889449 0.0122528 0.00849964 0.00849227 0.00817601 0.00859734 0.00870372 0.00887044 0.00713 0.00680252 0.00642159 0.00759016 0.00649356 0.0236465 0.00661813 0.925873 0.00448412 0.00445568 0.00376242 0.00378303 0 0.00382924 0.00374667 0.00384071 0.00387501 0.00394421 0.00415191 0.00622733 0.00683702 0.012362 0.0188189 0.0586764 0.00913404 0.00847675 0.00888399 0.0102264 0.0118063 0.0169161 0.0233839 0.00953228 0.0091884 0.0085193 0.0128965 0.0102787 0.014431 0.00849058 0.00853334 0.00822833 0.0084563 0.0083508 0.00841173 0.00812991 0.00876395 0.00839522 0.00932361 0.00845803 0.0088449 0.00817399 0.00819879 0.00819667 0.00851038 0.00927668 0.00934714 0.00989116 0.0115387 0.00943295 0.00934751 0.00876832 0.00834856 0.00813437 0.00827468 0.00853569 0.00873861 0.00903886 0.00842931 0.00835804 0.00816269 0.00809844 0.00807356 0.00821689 0.00838891 0.00860692 0.00859191 0.00831328 0.00849655 0.00847879 0.00824833 0.00821774 0.00827638 
0.0083486 0.00830138 0.0087946 0.00974096 0.0243293 0.0187154 0.0212238 0.00888963 0.00881528 0.0135592 0.00981334 0.0105808 0.0083597 0.00836727 0.00876957 0.00979338 0.00937127 0.0077216 0.00717473 0.0123059 0.00708704 0.0276957 0.00736801 0.95827 0.0195388 0.0114432 0.0038671 0.00385489 0.00376324 0.00382924 0 0.00377136 0.00381689 0.00376159 0.00378245 0.00436507 0.00480412 0.0194942 0.0111017 0.0646969 0.00881658 0.0215185 0.00835668 0.00961715 0.0127655 0.0147065 0.0300008 0.0119534 0.0118964 0.00902515 0.00984626 0.00986224 0.0319588 0.009454 0.0124146 0.00829759 0.00826841 0.00846276 0.00885035 0.00822906 0.00827201 0.00830363 0.00989435 0.00883677 0.00962793 0.00850198 0.00825375 0.00821218 0.00828459 0.00896724 0.01021 0.0122708 0.0129647 0.0122658 0.0100789 0.00936921 0.00867059 0.00839241 0.00829054 0.00829898 0.00856565 0.00944529 0.00897273 0.00878404 0.00848939 0.0080726 0.00820718 0.00811368 0.00825146 0.00841874 0.00864358 0.00867707 0.00854355 0.00840069 0.00831969 0.00825823 0.00808224 0.00818341 
0.00827085 0.00840548 0.00866947 0.0150672 0.0154057 0.037799 0.0114165 0.00973375 0.00980804 0.0101389 0.0188164 0.00879993 0.00879542 0.00828151 0.00868015 0.0093959 0.00959184 0.00716921 0.0129723 0.00741362 0.0239757 0.00827287 0.934685 0.0236391 0.0135051 0.00731471 0.00442102 0.00379889 0.00374233 0.00374667 0.00377136 0 0.00373725 0.00375983 0.00378235 0.00382637 0.0055595 0.0106511 0.0529258 0.0132853 0.0221195 0.00943693 0.00860889 0.00943009 0.0167539 0.030051 0.0180329 0.019594 0.0104744 0.00948212 0.00903112 0.0240172 0.0109852 0.0211608 0.00898697 0.00905883 0.00830329 0.00912143 0.00852943 0.00879366 0.00823818 0.00906121 0.00870175 0.0114097 0.00870773 0.0091081 0.0081962 0.00826039 0.00835441 0.008851 0.0110949 0.0114531 0.0130961 0.0116508 0.0108731 0.0102422 0.0088011 0.00846397 0.0082979 0.00839511 0.00905557 0.00907605 0.00938124 0.0088601 0.00855266 0.00819551 0.00825946 0.00812978 0.00830936 0.00862855 0.0092437 0.00896391 0.00887202 0.00859037 0.00848395 0.00825662 0.00817061 0.00822055 
0.0084068 0.00830743 0.00893782 0.00924816 0.0208308 0.0196972 0.0152948 0.00902475 0.00881314 0.0123014 0.010655 0.00971605 0.00837772 0.00833732 0.00899463 0.00942284 0.00914334 0.014093 0.0100769 0.0204044 0.00928348 0.924375 0.0273189 0.0112268 0.010627 0.0081463 0.00455251 0.00397523 0.00383361 0.00384071 0.00381689 0.00373725 0 0.00379265 0.0038283 0.0038817 0.0104548 0.0553491 0.0113128 0.019356 0.00875008 0.0113664 0.00894481 0.0135261 0.0251145 0.0130186 0.0229088 0.0140273 0.0100701 0.00903037 0.0123783 0.0108102 0.0274919 0.010397 0.0106495 0.00830357 0.00848548 0.00858437 0.0090156 0.00828997 0.0085426 0.00837181 0.0101345 0.0091268 0.00910146 0.00838409 0.00824382 0.00820858 0.00833024 0.00883841 0.0104124 0.0111461 0.0103675 0.0108434 0.0100591 0.00947738 0.00846196 0.00836155 0.00825406 0.00833445 0.00852527 0.00913661 0.00881744 0.00859973 0.00839657 0.00812885 0.00817037 0.00811533 0.00824457 0.00843411 0.00884748 0.00872446 0.00855714 0.00860316 0.00831581 0.00830447 0.00817524 0.00821324 
0.00829504 0.00853735 0.00857642 0.0122213 0.00921438 0.0124705 0.0105211 0.00934019 0.00976622 0.00950218 0.00965596 0.00870884 0.00871695 0.00845664 0.00900989 0.0106018 0.00995346 0.010671 0.0193628 0.0132674 0.805515 0.0138742 0.0120196 0.00875594 0.012305 0.00625801 0.00573675 0.0041516 0.00499006 0.00387501 0.00376159 0.00375983 0.00379265 0 0.0039251 0.00406067 0.91268 0.0172003 0.030567 0.00828667 0.0182861 0.00776037 0.0132565 0.0203828 0.0108852 0.0132227 0.0119555 0.0123079 0.0111529 0.00939174 0.00990909 0.0265625 0.00898628 0.0118722 0.00902257 0.00887897 0.00836247 0.008797 0.00849561 0.0089191 0.00862987 0.00926192 0.00901677 0.00942997 0.00833336 0.00849784 0.00848868 0.00825738 0.00873924 0.00942923 0.00893758 0.00899035 0.00933253 0.00914926 0.00924537 0.00885624 0.00880453 0.00847557 0.0084298 0.00855221 0.00862023 0.00859896 0.00874803 0.00866611 0.00844563 0.00813664 0.00820428 0.00828979 0.00843012 0.00857187 0.00853172 0.00858196 0.0084304 0.00835358 0.0084462 0.00825989 0.00827319 0.00823928 
0.00855316 0.00837168 0.00955269 0.00871978 0.00872066 0.0093889 0.00957134 0.00973929 0.011159 0.00886557 0.00848231 0.00848907 0.0089063 0.00923639 0.0100884 0.0112232 0.0102417 0.0260443 0.0121668 0.205522 0.00938694 0.00857048 0.00774405 0.00757223 0.00648113 0.00660113 0.00594833 0.00694844 0.00382212 0.00394421 0.00378245 0.00378235 0.0038283 0.0039251 0 0.965217 0.00837058 0.029944 0.00781909 0.00689735 0.00766457 0.00836595 0.0258335 0.00911243 0.00890945 0.00837707 0.00914591 0.00898591 0.00871131 0.00953006 0.0133963 0.00910456 0.00912991 0.00852876 0.00869544 0.00861373 0.00880009 0.00843863 0.00828158 0.00853173 0.00870041 0.00943122 0.00863868 0.00836694 0.00827468 0.00818773 0.00826446 0.00815542 0.00912541 0.008644 0.00839938 0.00864723 0.00853889 0.00857117 0.00861724 0.00842774 0.00838621 0.00824573 0.00840771 0.00837575 0.00836617 0.0084407 0.00848889 0.0084573 0.00842278 0.00817322 0.00825687 0.00860604 0.00843464 0.00829322 0.008381 0.00831799 0.00826077 0.00823316 0.00823531 0.00829071 0.00831836 0.00842957 
0.00817806 0.00867768 0.00827453 0.00827333 0.00831747 0.00816427 0.0084177 0.00900614 0.00819118 0.0083394 0.00805575 0.00844038 0.00817655 0.00917267 0.0130025 0.00885191 0.0113524 0.00863415 0.0170218 0.00757254 0.00713716 0.00731672 0.0070217 0.0074143 0.00648081 0.00715143 0.00674603 0.00561619 0.0056858 0.00415191 0.00436507 0.00382637 0.0038817 0.00406067 0.965217 0 0.0124076 0.00535393 0.00712003 0.0122896 0.00572469 0.0106066 0.00653642 0.007686 0.00751894 0.00699692 0.00716281 0.00762764 0.0105829 0.0107387 0.00958974 0.0084422 0.00878222 0.00821646 0.00882098 0.00865073 0.0084096 0.00826258 0.00823934 0.00846604 0.00924498 0.00816037 0.00830857 0.00810152 0.00813095 0.00800603 0.00812699 0.00820262 0.00812337 0.00816801 0.00806317 0.00841739 0.00809448 0.0081039 0.00805967 0.00847888 0.00817472 0.00822262 0.00810178 0.00808044 0.00804388 0.00809774 0.0081038 0.00810554 0.0082746 0.00802642 0.00814573 0.00830321 0.00806095 0.00810355 0.00821618 0.00808329 0.00812174 0.00810921 0.00812587 0.00841112 0.00828287 0.00846245 
