1EYYA
TDNVFYATNAFTGEALPLAFPVHTEVEVNQAATAAAKVARDFRRLNNSKRASLLRTIASELEARSDDIIARAHLETALPEVRLTGEIARTANQLRLFADVVNSGSYHQAILDTPNPTRAPLPKPDIRRQQIALGPVAVFGASNFPLAFSAAGGDTASALAAGCPVIVKGHTAHPGTSQIVAECIEQALKQEQLPQAIFTLLQGNQRALGQALVSHPEIKAVGFTGSVGGGRALFNLAHERPEPIPFYGELGAINPTFIFPSAMRAKADLADQFVASMTMGCGQFCTKPGVVFALNTPETQAFIETAQSLIRQQSPSTLLTPGIRDSYQSQVVSRGSDDGIDVTFSQAESPCVASALFVTSSENWRKHPAWEEEIFGPQSLIVVCENVADMLSLSEMLAGSLTATIHATEEDYPQVSQLIPRLEEIAGRLVFNGWPTGVEVGYAMVHGGPYPASTHSASTSVGAEAIHRWLRPVAYQALPESLLPDSLKAENPLEIARAVDGKAA
CCCEEEEECCCCCCEEEEEEECCCHHHHHHHHHHHHHHHHHHHCCCHHHHHHHHHHHHHHHHHCHHHHHHHHHHHHCCCHHHHHHHHHHHHHHHHHHHHHHHHCHHHCCEEECCECCCCCCCECCEEEEEEECCCEEEECCCCCCCCCCCCCHHHHHHHHHCCCEEEECCCCCHHHHHHHHHHHHHHHHHCCCCHHHEEEECCCCCHHHHHHHHCCCCCEEEEECCHHHHHHHHHHHHHCCCCCCEEEECCCCCEEEECHHHHHHCCCHHHHHHHHHCHHHHCCCCCCCEEEEECCHHHHHHHHHHHHHHHHCCCECCCCHHHHHHHHHHHHHHHHCCCEEEEECCCCCCCECCEEEEEEHHHHHHCHHHCCCCCCCEEEEEEECCHHHHHHHHCCCCCEEEEEEECCHHHHHHHHHHHHHHHHHEEEEEECCCCCCCCCCCCCCCCCCCCCCCCCCCCCCCHHHHHHHEEEEEEECCCHHHCCHHHCCCCCCCCCCEECCCCC
0 0 0 0 0 0 0 0 0 0 0 0 0 0 0 0 0 0 0 0 0 0 0 0 0 0 0 0 0 0 0 0 0 0 0 0 0 0 0 0 0 0 0 0 0 0 0 0 0 0 0 0 0 0 0 0 0 0 0 0 0 0 0 0 0 0 0 0 0 0 0 0 0 0 0 0 0 0 0 0 0 0 0 0 0 0 0 0 0 0 0 0 0 0 0 0 0 0 0 0 0 0 0 0 0 0 0 0 0 0 0 0 0 0 0 0 0 0 0 0 0 0 0 0 0 0 0 0 0 0 0 0 0 0 0 0 0 0 0 0 0 0 0 0 0 0 0 0 0 0 0 0 0 0 0 0 0 0 0 0 0 0 0 0 0 0 0 0 0 0 0 0 0 0 0 0 0 0 0 0 0 0 0 0 0 0 0 0 0 0 0 0 0 0 0 0 0 0 0 0 0 0 0 0 0 0 0 0 0 0 0 0 0 0 0 0 0 0 0 0 0 0 0 0 0 0 0 0 0 0 0 0 0 0 0 0 0 0 0 0 0 0 0 0 0 0 0 0 0 0 0 0 0 0 0 0 0 0 0 0 0 0 0 0 0 0 0 0 0 0 0 0 0 0 0 0 0 0 0 0 0 0 0 0 0 0 0 0 0 0 0 0 0 0 0 0 0 0 0 0 0 0 0 0 0 0 0 0 0 0 0 0 0 0 0 0 0 0 0 0 0 0 0 0 0 0 0 0 0 0 0 0 0 0 0 0 0 0 0 0 0 0 0 0 0 0 0 0 0 0 0 0 0 0 0 0 0 0 0 0 0 0 0 0 0 0 0 0 0 0 0 0 0 0 0 0 0 0 0 0 0 0 0 0 0 0 0 0 0 0 0 0 0 0 0 0 0 0 0 0 0 0 0 0 0 0 0 0 0 0 0 0 0 0 0 0 0 0 0 0 0 0 0 0 0 0 0 0 0 0 0 0 0 0 0 0 0 0 0 0 0 0 0 0 0 0 0 0 0 0 0 0 0 0 0 0 0 0 0 0 0 0 0 0 0 0 0 0 0 0 0 0 0 0 0 0 0 0 0 0 0 0 0 0 0 0 0 0 0 0 0 0 0 0 0 0 0 0 0 0 0 0 0 0 
0 0 0 0 0 0 0 0 0 0 0 0 0 0 0 0 0 0 0 0 0 0 0 0 0 0 0 0 0 0 0 0 0 0 0 0 0 0 0 0 0 0 0 0 0 0 0 0 0 0 0 0 0 0 0 0 0 0 0 0 0 0 0 0 0 0 0 0 0 0 0 0 0 0 0 0 0 0 0 0 0 0 0 0 0 0 0 0 0 0 0 0 0 0 0 0 0 0 0 0 0 0 0 0 0 0 0 0 0 0 0 0 0 0 0 0 0 0 0 0 0 0 0 0 0 0 0 0 0 0 0 0 0 0 0 0 0 0 0 0 0 0 0 0 0 0 0 0 0 0 0 0 0 0 0 0 0 0 0 0 0 0 0 0 0 0 0 0 0 0 0 0 0 0 0 0 0 0 0 0 0 0 0 0 0 0 0 0 0 0 0 0 0 0 0 0 0 0 0 0 0 0 0 0 0 0 0 0 0 0 0 0 0 0 0 0 0 0 0 0 0 0 0 0 0 0 0 0 0 0 0 0 0 0 0 0 0 0 0 0 0 0 0 0 0 0 0 0 0 0 0 0 0 0 0 0 0 0 0 0 0 0 0 0 0 0 0 0 0 0 0 0 0 0 0 0 0 0 0 0 0 0 0 0 0 0 0 0 0 0 0 0 0 0 0 0 0 0 0 0 0 0 0 0 0 0 0 0 0 0 0 0 0 0 0 0 0 0 0 0 0 0 0 0 0 0 0 0 0 0 0 0 0 0 0 0 0 0 0 0 0 0 0 0 0 0 0 0 0 0 0 0 0 0 0 0 0 0 0 0 0 0 0 0 0 0 0 0 0 0 0 0 0 0 0 0 0 0 0 0 0 0 0 0 0 0 0 0 0 0 0 0 0 0 0 0 0 0 0 0 0 0 0 0 0 0 0 0 0 0 0 0 0 0 0 0 0 0 0 0 0 0 0 0 0 0 0 0 0 0 0 0 0 0 0 0 0 0 0 0 0 0 0 0 0 0 0 0 0 0 0 0 0 0 0 0 0 0 0 0 0 0 0 0 0 0 0 0 0 0 0 0 0 0 0 0 0 0 0 0 0 0 0 0 0 0 0 0 0 0 0 0 0 0 0 0 0 0 0 0 0 0 0 0 
0 0.00414578 0.00394197 0.00377669 0.00755009 0.0119553 0.00676322 0.0108335 0.00819246 0.0699341 0.0320102 0.506393 0.00870503 0.00860374 0.00927479 0.00969865 0.00918339 0.00856979 0.00824249 0.00822471 0.00816591 0.00858949 0.00841146 0.0087556 0.00838753 0.0084267 0.00845819 0.00950581 0.00846375 0.00840369 0.00839561 0.0085603 0.00816475 0.00827137 0.00826512 0.00818916 0.00841422 0.00837997 0.00835068 0.00827158 0.0084573 0.00832575 0.00833962 0.00837097 0.00870779 0.00833612 0.00842932 0.00842738 0.00871898 0.00849792 0.00864245 0.00855902 0.00858466 0.00863775 0.00910106 0.00892505 0.00923255 0.0087504 0.00915737 0.00905583 0.00988836 0.00885984 0.00877664 0.00913758 0.0088535 0.00881443 0.00980785 0.00897598 0.00904262 0.00919854 0.00994112 0.00945176 0.00990069 0.0111398 0.0111772 0.00937542 0.0114568 0.0107687 0.0115893 0.0102537 0.0116155 0.0105619 0.0108813 0.0142993 0.0139463 0.0157364 0.0167787 0.0184709 0.0200091 0.0232493 0.0230841 0.023869 0.0299016 0.0368028 0.0605013 0.0591669 
0.00414578 0 0.00377167 0.00397178 0.00384826 0.00667358 0.013313 0.0074489 0.0745245 0.0177536 0.629422 0.00746027 0.00848954 0.00909098 0.00844378 0.00829947 0.00844198 0.00827351 0.00855346 0.00837161 0.00897763 0.00851775 0.00887896 0.00828834 0.00825347 0.00881742 0.00882208 0.00849729 0.0084056 0.00866099 0.0085601 0.00827085 0.00860886 0.00843517 0.00844023 0.0081806 0.00837757 0.00852069 0.00846091 0.00840399 0.00831662 0.00832661 0.00845892 0.00849764 0.00840317 0.0083478 0.0084586 0.00855273 0.00863835 0.00844474 0.00875264 0.00875218 0.00854909 0.00878192 0.00896755 0.00956528 0.00861901 0.00907351 0.00882375 0.00872654 0.00919144 0.00903027 0.00914371 0.00915116 0.00915732 0.0088603 0.0089049 0.00893467 0.00930309 0.009719 0.0100059 0.0099324 0.00973187 0.0118108 0.00955199 0.0109376 0.0110032 0.0126685 0.0114765 0.0117472 0.0104746 0.0104895 0.012106 0.0136862 0.0159821 0.0156993 0.0190962 0.019685 0.0192992 0.02338 0.0235078 0.0243633 0.0281672 0.0349151 0.0503491 0.0486407 
0.00394197 0.00377167 0 0.00374579 0.00382371 0.0155742 0.00707025 0.0862587 0.0113933 0.614494 0.00700374 0.0117274 0.00883122 0.00849598 0.0084325 0.00846653 0.0081363 0.00858811 0.00860087 0.0101334 0.00861064 0.0101423 0.00845989 0.00828027 0.00838545 0.00887601 0.00944297 0.00856429 0.00864249 0.00884019 0.00845118 0.00838106 0.00824514 0.00845311 0.00829611 0.00825631 0.0083539 0.00834706 0.00852691 0.0082355 0.00834257 0.00830965 0.00833086 0.0083601 0.00839584 0.00834029 0.00840495 0.00847339 0.00853281 0.00850013 0.00872039 0.00862551 0.00851177 0.00844369 0.00851212 0.00861242 0.00908225 0.00879926 0.00870853 0.00876929 0.00885623 0.00885808 0.00892742 0.00928324 0.00885575 0.00862293 0.00912569 0.0087887 0.00911286 0.00998272 0.0100467 0.00987489 0.010143 0.0096094 0.0107514 0.0101294 0.0123602 0.011032 0.0128062 0.0112307 0.0109465 0.0109368 0.0123284 0.0154672 0.0142804 0.0166724 0.0146524 0.0174548 0.0200845 0.0219279 0.0219349 0.0236474 0.0244625 0.0287005 0.0502325 0.0444419 
0.00377669 0.00397178 0.00374579 0 0.00375607 0.00758876 0.172686 0.0107479 0.162706 0.00687889 0.0139815 0.00736524 0.00856735 0.00909923 0.00832035 0.00812187 0.0083107 0.00856164 0.00948633 0.00844406 0.00909683 0.0085858 0.00861598 0.00840141 0.00842867 0.00902174 0.00933512 0.00847916 0.00848611 0.00858565 0.00855039 0.00826374 0.00852781 0.00838867 0.00828933 0.00823603 0.0083515 0.00843132 0.00841435 0.00828819 0.00825649 0.00834876 0.00842417 0.00839173 0.00835058 0.00832472 0.00842309 0.00846812 0.00842321 0.00846608 0.0085949 0.00867139 0.00851564 0.00857251 0.00884717 0.009271 0.00856655 0.00880243 0.00874833 0.00857322 0.00916786 0.00886159 0.00915282 0.00927843 0.00904493 0.00865649 0.00868095 0.00906908 0.00927217 0.00994002 0.0104265 0.0100501 0.00997436 0.0109715 0.0103408 0.0109799 0.0113735 0.0119588 0.0120901 0.0117497 0.0112699 0.0112688 0.0133145 0.0138431 0.0157316 0.0147306 0.0182232 0.0215381 0.020868 0.0246171 0.0228664 0.024103 0.0264173 0.032245 0.0494172 0.0452455 
0.00755009 0.00384826 0.00382371 0.00375607 0 0.679643 0.00915178 0.0457258 0.0056954 0.00699997 0.00630785 0.009798 0.0107109 0.00839116 0.00863758 0.00905306 0.00892293 0.0103717 0.00842523 0.00842074 0.0083842 0.00848627 0.00838332 0.00844971 0.00951338 0.00846898 0.00848747 0.00877114 0.00878849 0.00838438 0.00829661 0.0082752 0.00835313 0.00826197 0.00821184 0.00822827 0.0084896 0.00827637 0.008248 0.00820034 0.00826622 0.00857566 0.00824439 0.00823672 0.00820646 0.00829373 0.00831204 0.00832677 0.00836777 0.00859678 0.00848963 0.00841175 0.00837848 0.00848741 0.00908826 0.00929508 0.0086705 0.00856053 0.00849746 0.00877601 0.0095225 0.0091413 0.00878239 0.00875926 0.00858926 0.00860946 0.00907391 0.00968894 0.00886566 0.00907715 0.00900218 0.00907289 0.00941093 0.00961221 0.0116126 0.00972525 0.0100264 0.00977052 0.0109718 0.00959365 0.0102354 0.0127187 0.0125516 0.0130881 0.0132354 0.0143912 0.0122423 0.0201622 0.0209715 0.0213042 0.022844 0.0226861 0.0258682 0.028557 0.0539845 0.0456924 
0.0119553 0.00667358 0.0155742 0.00758876 0.679643 0 0.00479786 0.00385026 0.00381919 0.00414626 0.00414883 0.0100293 0.0135762 0.00899359 0.010174 0.00998512 0.00956768 0.0087789 0.00826493 0.0083173 0.0082773 0.00879689 0.00866083 0.00954223 0.00873475 0.00852053 0.00861759 0.00947035 0.00864125 0.0082863 0.0086706 0.00901392 0.00823647 0.00838419 0.00833346 0.00828387 0.00836756 0.00825842 0.00837023 0.0082835 0.00874119 0.00822226 0.00825592 0.00838245 0.00859075 0.00819978 0.00828863 0.00845529 0.008753 0.00852969 0.00845009 0.00853253 0.00856965 0.00893607 0.00924977 0.00902855 0.00871928 0.0085633 0.00876732 0.00935418 0.00993673 0.00890566 0.0086395 0.00882594 0.00869312 0.00882662 0.00989795 0.00887612 0.00878955 0.00897567 0.00920289 0.00899814 0.0100182 0.0118635 0.0103542 0.00914895 0.0103915 0.0100633 0.010576 0.00995226 0.0116531 0.0102095 0.0101099 0.0124948 0.0125182 0.0148594 0.0158121 0.0166761 0.0186891 0.0219808 0.0211868 0.021813 0.0278224 0.0326177 0.0545731 0.0501523 
0.00676322 0.013313 0.00707025 0.172686 0.00915178 0.00479786 0 0.0037659 0.00378652 0.00379584 0.00463885 0.00377022 0.0100378 0.00907965 0.0084094 0.00833924 0.00851761 0.00830766 0.0084037 0.00833549 0.00857872 0.00836081 0.00880715 0.008281 0.00831158 0.00869646 0.00859655 0.00854044 0.00846004 0.00844693 0.00841777 0.00825803 0.00853113 0.00831854 0.0083915 0.00818463 0.00830594 0.00843592 0.00835836 0.00837972 0.00828513 0.00830473 0.00836846 0.00839942 0.00831249 0.00832117 0.00838917 0.00844601 0.00858538 0.00842075 0.00860447 0.00859646 0.00854291 0.00859623 0.0088451 0.00926669 0.00855519 0.00888135 0.00882914 0.00863496 0.00908204 0.00880196 0.008792 0.00883236 0.00885637 0.00875529 0.00890742 0.00867271 0.00894905 0.00908322 0.00929478 0.00934123 0.00929293 0.0110933 0.00912772 0.00970067 0.00965584 0.0106015 0.0101089 0.0102837 0.0100888 0.00985669 0.0103189 0.0119551 0.0134871 0.0132298 0.0146797 0.0168928 0.0172819 0.0206176 0.0198562 0.0208366 0.024958 0.0291604 0.0437885 0.0408623 
0.0108335 0.0074489 0.0862587 0.0107479 0.0457258 0.00385026 0.0037659 0 0.00374197 0.00416495 0.00382339 0.00394675 0.00897452 0.00830262 0.00824829 0.00840274 0.00813426 0.00838045 0.00850157 0.0088569 0.00883 0.00984026 0.00845678 0.00829117 0.00824274 0.00881579 0.00873354 0.00830679 0.00838518 0.00871902 0.00845807 0.00827648 0.00823188 0.00937628 0.00821203 0.00817358 0.00821071 0.00824981 0.00834631 0.00820355 0.00818833 0.00815751 0.00816698 0.00827163 0.00832501 0.00815249 0.00830192 0.00843117 0.00844304 0.00838488 0.00861917 0.00860231 0.00848868 0.00839514 0.00844809 0.00854072 0.00883504 0.0086838 0.00881586 0.00858109 0.00868664 0.00861142 0.00879224 0.00884141 0.00878734 0.00864664 0.00878752 0.00856262 0.008816 0.00904368 0.00921814 0.00912139 0.00942337 0.00934261 0.00960552 0.00912152 0.0103442 0.00986695 0.0108956 0.00984406 0.0097804 0.00969953 0.0106709 0.0127141 0.012662 0.0138172 0.0122125 0.0152808 0.01682 0.0182923 0.0179926 0.0190252 0.0213088 0.0258058 0.0417199 0.0371704 
0.00819246 0.0745245 0.0113933 0.162706 0.0056954 0.00381919 0.00378652 0.00374197 0 0.00374791 0.00381685 0.00374749 0.0103282 0.00854862 0.00848932 0.00807782 0.00824448 0.00835685 0.00872767 0.0104305 0.00990321 0.00880476 0.00877465 0.00829892 0.00832051 0.00930534 0.00892319 0.00857505 0.00859991 0.00879385 0.00859902 0.00831845 0.00866585 0.00841007 0.00836042 0.00820983 0.00833007 0.00846956 0.00840276 0.00828743 0.00821909 0.00834094 0.0083368 0.00835597 0.00829058 0.00828701 0.00836986 0.0084325 0.00840451 0.00842268 0.00864821 0.00868399 0.00844531 0.0084271 0.00857008 0.00892899 0.00861379 0.00879466 0.00878584 0.00855982 0.00880188 0.00867703 0.0088646 0.00897859 0.00894617 0.00867894 0.00869421 0.00861565 0.00889674 0.00937904 0.00948009 0.00954993 0.00941461 0.00986534 0.00917581 0.00970444 0.0102175 0.0108122 0.0110799 0.0104056 0.00957223 0.00966441 0.0111639 0.0123386 0.0132119 0.0125119 0.0142713 0.0159745 0.0158176 0.0182141 0.0176881 0.018635 0.0213766 0.0273145 0.039029 0.0363726 
0.0699341 0.0177536 0.614494 0.00687889 0.00699997 0.00414626 0.00379584 0.00416495 0.00374791 0 0.00376433 0.00378607 0.0109765 0.00943736 0.00858802 0.00858926 0.00817042 0.00914547 0.00926102 0.0138647 0.00927054 0.0113396 0.00890991 0.00856833 0.0085502 0.00983623 0.0106611 0.0088261 0.00868853 0.00939868 0.00883418 0.00848474 0.00834061 0.0087402 0.00835762 0.00821111 0.00830321 0.00836316 0.00854047 0.00830369 0.00825609 0.00831976 0.00826785 0.00837337 0.00841312 0.00828253 0.00838136 0.00860886 0.00846238 0.00849527 0.00872926 0.00862022 0.00854494 0.00841353 0.0084639 0.00851825 0.00900175 0.00876429 0.00881362 0.00866823 0.00870437 0.00866269 0.00882535 0.00911159 0.00884818 0.00868928 0.00884552 0.00854989 0.00898768 0.00937532 0.0096503 0.00950597 0.00989795 0.00943353 0.0100087 0.00951536 0.0113966 0.0103061 0.0117743 0.0103883 0.010184 0.0096305 0.0110757 0.0139722 0.0131674 0.0153447 0.0130212 0.0150071 0.0171317 0.0179264 0.0179913 0.019464 0.0206921 0.0233061 0.0386386 0.0351372 
0.0320102 0.629422 0.00700374 0.0139815 0.00630785 0.00414883 0.00463885 0.00382339 0.00381685 0.00376433 0 0.0038495 0.0100952 0.0135542 0.00889624 0.00819168 0.0084225 0.00862848 0.00882237 0.00874834 0.00994272 0.00906129 0.00908096 0.00843401 0.00847966 0.00901335 0.00941799 0.00862749 0.00836253 0.00866571 0.00875722 0.00821976 0.00868698 0.00834953 0.00835785 0.00818436 0.00848215 0.00839763 0.00840017 0.0083153 0.00827408 0.00832431 0.00836396 0.00836252 0.00824369 0.00828323 0.00840899 0.00845402 0.00829928 0.00845219 0.00856623 0.00864431 0.00853419 0.00846622 0.00872402 0.00934086 0.00852801 0.00873918 0.00877886 0.00850025 0.00884 0.00880662 0.00878076 0.0088852 0.00883535 0.00867504 0.0085868 0.00883504 0.0089524 0.00927189 0.00932492 0.00949134 0.00955406 0.0102706 0.00931909 0.00993237 0.00983007 0.0108753 0.0107058 0.0102805 0.00952264 0.0104411 0.0111559 0.0122399 0.0136101 0.0127548 0.0144985 0.0162019 0.0165449 0.0189232 0.0185166 0.0194153 0.0219477 0.0271555 0.0413857 0.0380921 
0.506393 0.00746027 0.0117274 0.00736524 0.009798 0.0100293 0.00377022 0.00394675 0.00374749 0.00378607 0.0038495 0 0.0112616 0.0100232 0.0198256 0.00993121 0.00890536 0.0106652 0.00835522 0.00851607 0.00893788 0.00869554 0.00843434 0.008869 0.00959766 0.0086001 0.00880167 0.00904318 0.00871093 0.00853992 0.00824607 0.00913604 0.00849405 0.00833939 0.00821451 0.00821353 0.00835895 0.00825211 0.00830815 0.00821525 0.0082657 0.00854194 0.00821311 0.00818312 0.00819138 0.00817058 0.00828732 0.00826091 0.00830791 0.00860074 0.00873951 0.00868207 0.0083684 0.00840444 0.00880275 0.00891745 0.0086514 0.00854998 0.00851535 0.00850836 0.00913489 0.00886222 0.00863147 0.00863534 0.00855314 0.00851654 0.00888678 0.00906884 0.00865435 0.00883678 0.00889052 0.00888871 0.00912013 0.00907196 0.0104788 0.00900382 0.00929046 0.00901328 0.00957166 0.0090016 0.00959653 0.0110612 0.0100428 0.0104014 0.0101739 0.0115737 0.0104007 0.0155863 0.014708 0.0145849 0.0159413 0.0161769 0.0187296 0.0195853 0.0393628 0.0336907 
0.00870503 0.00848954 0.00883122 0.00856735 0.0107109 0.0135762 0.0100378 0.00897452 0.0103282 0.0109765 0.0100952 0.0112616 0 0.00396084 0.00453998 0.0167936 0.0212431 0.0202843 0.0135103 0.118369 0.0105823 0.0164177 0.0120867 0.0241364 0.021163 0.021225 0.0175405 0.0318843 0.0238555 0.0190814 0.0139299 0.0165252 0.00980257 0.0100064 0.00972985 0.0102946 0.0103414 0.00972109 0.00955399 0.0087932 0.00976063 0.00868594 0.00833321 0.0085839 0.00911827 0.0083322 0.00855516 0.00852927 0.00960885 0.00831076 0.00862434 0.00881137 0.00837437 0.00836866 0.00829228 0.00822997 0.00832393 0.00838462 0.00831587 0.00834726 0.00856951 0.00830531 0.00850807 0.00840485 0.00840723 0.0083861 0.0084398 0.00833571 0.00846384 0.00848364 0.00849873 0.00846438 0.00850517 0.00891069 0.00845338 0.00870482 0.00838923 0.00851093 0.00850257 0.00843427 0.00884146 0.00840057 0.00848345 0.00841683 0.00846312 0.00874379 0.00896116 0.00900116 0.00864956 0.00873561 0.00876282 0.00903737 0.00927359 0.00996228 0.0115591 0.0119153 
0.00860374 0.00909098 0.00849598 0.00909923 0.00839116 0.00899359 0.00907965 0.00830262 0.00854862 0.00943736 0.0135542 0.0100232 0.00396084 0 0.00382793 0.0110986 0.0189734 0.0127466 0.162004 0.01038 0.0133052 0.00952934 0.0448146 0.012831 0.0142494 0.0268439 0.0901424 0.0146002 0.0133858 0.0287221 0.0330414 0.00975929 0.0114731 0.00999103 0.01394 0.00921788 0.0091776 0.00993558 0.0100391 0.00998479 0.00842669 0.00872075 0.00867481 0.00848811 0.00845977 0.00825241 0.0086428 0.00885231 0.00860564 0.00823462 0.00848473 0.00849908 0.00834604 0.00817957 0.00827705 0.00832575 0.00843456 0.0083013 0.00833985 0.00831972 0.00847619 0.00845429 0.00863179 0.00849249 0.00837312 0.00837352 0.00827104 0.00843048 0.00867902 0.00863956 0.00859499 0.00861179 0.00868773 0.00856359 0.00844149 0.00883361 0.00865759 0.00871146 0.00876859 0.00885614 0.0087501 0.00856044 0.00862841 0.0087192 0.0087253 0.0089677 0.00905573 0.00890673 0.00884392 0.00906707 0.00914578 0.00943151 0.00945769 0.0096083 0.0109847 0.0104447 
0.00927479 0.00844378 0.0084325 0.00832035 0.00863758 0.010174 0.0084094 0.00824829 0.00848932 0.00858802 0.00889624 0.0198256 0.00453998 0.00382793 0 0.0656269 0.0136614 0.171427 0.0124896 0.0158109 0.00961414 0.0107349 0.0100769 0.0154878 0.0211271 0.0132416 0.019546 0.0563827 0.01858 0.0135214 0.0123366 0.0135112 0.0114005 0.00901375 0.00897248 0.010122 0.0102078 0.00897878 0.00854721 0.00875935 0.00925908 0.00983345 0.00842361 0.00828473 0.00857718 0.00837157 0.00848428 0.00844293 0.00894023 0.00862226 0.00844445 0.00828834 0.00826076 0.00824244 0.00870304 0.00864191 0.0083612 0.00829255 0.00827858 0.00818565 0.00853133 0.00855477 0.00834192 0.00833308 0.00834386 0.00827582 0.00825893 0.00865942 0.00841945 0.00842817 0.0084251 0.00846147 0.0084183 0.008708 0.00861474 0.00847126 0.00843213 0.0084264 0.00849911 0.00844942 0.008542 0.00882734 0.00851477 0.00847285 0.00852222 0.00853337 0.00872644 0.00935773 0.00860593 0.00862798 0.00871171 0.00878806 0.00897136 0.00963199 0.0124477 0.0111861 
0.00969865 0.00829947 0.00846653 0.00812187 0.00905306 0.00998512 0.00833924 0.00840274 0.00807782 0.00858926 0.00819168 0.00993121 0.0167936 0.0110986 0.0656269 0 0.824703 0.0110057 0.0115423 0.00670013 0.00671137 0.00703197 0.00773396 0.0104262 0.0124768 0.00890004 0.00958601 0.0142839 0.0122458 0.00903458 0.00929564 0.01243 0.00968156 0.00863291 0.0081891 0.00914105 0.00938506 0.008314 0.00815931 0.00826179 0.00934908 0.00888158 0.0081813 0.00811582 0.00863947 0.00843293 0.0081567 0.0080893 0.00852459 0.00859394 0.00818986 0.008197 0.00817358 0.00844377 0.00935026 0.00892304 0.00837031 0.00819536 0.00821404 0.00836824 0.00901857 0.00839348 0.00822679 0.00820429 0.00822581 0.00820714 0.00848169 0.00846522 0.00826404 0.00830815 0.00834495 0.00832799 0.008363 0.00882937 0.00879119 0.00838476 0.00837642 0.00839966 0.00844006 0.0083545 0.00863677 0.00876914 0.00844326 0.00836076 0.00840462 0.0089927 0.00902723 0.00935999 0.0086028 0.00864664 0.0086038 0.00873417 0.00927447 0.0106903 0.0167624 0.014744 
0.00918339 0.00844198 0.0081363 0.0083107 0.00892293 0.00956768 0.00851761 0.00813426 0.00824448 0.00817042 0.0084225 0.00890536 0.0212431 0.0189734 0.0136614 0.824703 0 0.068546 0.00430405 0.00396393 0.00427457 0.00455411 0.00528028 0.00678574 0.0106577 0.00837109 0.00891844 0.0146268 0.0188176 0.00993949 0.0113654 0.0138494 0.0121815 0.00906123 0.00853855 0.0106465 0.0100243 0.00858584 0.00818811 0.00864627 0.0101138 0.010054 0.00822578 0.00823465 0.00883544 0.00864913 0.00829966 0.00813769 0.00885089 0.00864316 0.00822503 0.00822465 0.00818848 0.00866305 0.00987201 0.00922569 0.0083576 0.00822215 0.00820709 0.00830939 0.00917388 0.00847028 0.00822919 0.00819941 0.00830314 0.00822321 0.00839717 0.0085587 0.00831123 0.00835158 0.00841403 0.00842166 0.00843469 0.00923885 0.00875447 0.00846475 0.00837986 0.00867358 0.00842181 0.00845566 0.00872548 0.00889271 0.00850261 0.00838267 0.00851805 0.00856138 0.00944911 0.00965739 0.00857839 0.00867289 0.00867019 0.00879042 0.00929937 0.0111625 0.0157032 0.0146332 
0.00856979 0.00827351 0.00858811 0.00856164 0.0103717 0.0087789 0.00830766 0.00838045 0.00835685 0.00914547 0.00862848 0.0106652 0.0202843 0.0127466 0.171427 0.0110057 0.068546 0 0.00392716 0.00378372 0.0038042 0.00381378 0.00386373 0.00523286 0.00973205 0.00918978 0.00963146 0.0259333 0.0655212 0.0209913 0.018099 0.0253504 0.0120281 0.0110873 0.0114571 0.013608 0.0122705 0.0112838 0.00961385 0.00986056 0.0134072 0.0106536 0.00845945 0.00894955 0.0111323 0.00960222 0.00885719 0.00938246 0.0108908 0.0084488 0.00867324 0.00895505 0.00861644 0.00879229 0.00853195 0.00837355 0.00820242 0.00832886 0.00825024 0.00843095 0.00885914 0.0082709 0.00836711 0.00843904 0.00835787 0.00834265 0.00845368 0.00822405 0.00836137 0.00844676 0.00855632 0.00867579 0.00848591 0.00906147 0.00838119 0.0084044 0.00842113 0.00854184 0.0084915 0.00841231 0.00869894 0.00846235 0.00853345 0.00845399 0.00855253 0.00867865 0.00903759 0.00866275 0.00844456 0.00871022 0.00868755 0.00896911 0.00918345 0.00990493 0.0110177 0.0111416 
0.00824249 0.00855346 0.00860087 0.00948633 0.00842523 0.00826493 0.0084037 0.00850157 0.00872767 0.00926102 0.00882237 0.00835522 0.0135103 0.162004 0.0124896 0.0115423 0.00430405 0.00392716 0 0.00374913 0.00376885 0.00377064 0.00387241 0.00407868 0.00702347 0.00975015 0.0178084 0.0116523 0.0291847 0.0654007 0.0303991 0.0116984 0.0119817 0.0162946 0.0186622 0.0104106 0.0100514 0.0126539 0.01421 0.0116938 0.00892114 0.00898949 0.00877519 0.00902011 0.0088451 0.00829569 0.00944144 0.0105906 0.00922589 0.00839746 0.00921374 0.00895507 0.00888777 0.0082894 0.00812771 0.00828782 0.00835789 0.00838375 0.00831587 0.00819915 0.00819376 0.00839506 0.00862163 0.00861329 0.00844858 0.00836071 0.00821468 0.00829944 0.00849151 0.0085603 0.00864424 0.00870732 0.00858372 0.00848257 0.00840666 0.00856288 0.00850485 0.00862237 0.0087289 0.00863724 0.00846186 0.00831302 0.00852236 0.00865412 0.00873405 0.00876601 0.00871416 0.00853769 0.00858014 0.00880368 0.00892987 0.00916649 0.0091274 0.009148 0.0096486 0.00970722 
0.00822471 0.00837161 0.0101334 0.00844406 0.00842074 0.0083173 0.00833549 0.0088569 0.0104305 0.0138647 0.00874834 0.00851607 0.118369 0.01038 0.0158109 0.00670013 0.00396393 0.00378372 0.00374913 0 0.00374624 0.00377484 0.00374403 0.00379595 0.00598199 0.00851798 0.0113224 0.0194846 0.0259421 0.0448659 0.0323354 0.0113705 0.0120496 0.0202529 0.0161313 0.0112933 0.0098761 0.0122715 0.0247015 0.0120342 0.00874318 0.0087482 0.00905714 0.00912374 0.00894949 0.00837702 0.00968044 0.011182 0.00908176 0.00854721 0.00915947 0.00954121 0.00884882 0.00826386 0.00807802 0.00823435 0.00828887 0.00837439 0.00828429 0.00818478 0.0081631 0.00830659 0.00858117 0.00858624 0.00838327 0.0083125 0.00818125 0.00826434 0.00843671 0.0085579 0.00859168 0.00869292 0.00850869 0.00845076 0.00829786 0.00853172 0.00849132 0.00861614 0.00872718 0.0085063 0.00839444 0.00859981 0.00844941 0.00856847 0.00868384 0.00859607 0.00853581 0.00846898 0.00848095 0.00870713 0.0088532 0.00908167 0.0089452 0.00877662 0.00923773 0.00907365 
0.00816591 0.00897763 0.00861064 0.00909683 0.0083842 0.0082773 0.00857872 0.00883 0.00990321 0.00927054 0.00994272 0.00893788 0.0105823 0.0133052 0.00961414 0.00671137 0.00427457 0.0038042 0.00376885 0.00374624 0 0.0037542 0.0037767 0.00377123 0.00578118 0.00957348 0.0323368 0.0279952 0.0280763 0.0386765 0.0273527 0.0111158 0.0153495 0.0141835 0.0205961 0.0100397 0.00982272 0.01696 0.016286 0.0149088 0.00856493 0.00948077 0.0087133 0.00935648 0.0089214 0.00851282 0.00912279 0.0116118 0.00901448 0.00863951 0.00920828 0.00953117 0.0086889 0.00822185 0.00812816 0.00821892 0.00835714 0.00839626 0.0083056 0.00818561 0.00818227 0.00833684 0.00855845 0.00857496 0.00840794 0.00831211 0.00819153 0.00830209 0.00843497 0.00861092 0.00858902 0.00870126 0.00855155 0.00847895 0.00833817 0.00856142 0.00852855 0.00860159 0.00874206 0.0085092 0.00841622 0.00836237 0.00848921 0.00860693 0.00870249 0.00859185 0.0085778 0.00850963 0.0084983 0.0087514 0.00886469 0.009064 0.00886152 0.00881403 0.00922598 0.00906078 
0.00858949 0.00851775 0.0101423 0.0085858 0.00848627 0.00879689 0.00836081 0.00984026 0.00880476 0.0113396 0.00906129 0.00869554 0.0164177 0.00952934 0.0107349 0.00703197 0.00455411 0.00381378 0.00377064 0.00377484 0.0037542 0 0.00377788 0.0037861 0.010151 0.0109907 0.0458824 0.0219513 0.0210145 0.0479549 0.0239453 0.015569 0.0121495 0.0235488 0.014649 0.0113308 0.0105075 0.0123318 0.0393927 0.0102495 0.00883947 0.0090075 0.00989633 0.00891647 0.00955304 0.00851029 0.0107219 0.0115886 0.00955879 0.00872794 0.00975361 0.0102559 0.00876938 0.00836002 0.00809704 0.00826139 0.00835259 0.00842332 0.00832697 0.00814863 0.00817083 0.00850284 0.0085555 0.00895748 0.00845844 0.00829659 0.00819682 0.0082981 0.00868273 0.00888056 0.00896096 0.00897286 0.00855037 0.00839946 0.0083054 0.00858309 0.00849044 0.00894066 0.00869918 0.00855996 0.00840983 0.00863371 0.00855112 0.00868439 0.00876038 0.00863591 0.00858429 0.00857748 0.00862039 0.00886569 0.00901801 0.00919009 0.00893891 0.00872299 0.00925031 0.00910941 
0.00841146 0.00887896 0.00845989 0.00861598 0.00838332 0.00866083 0.00880715 0.00845678 0.00877465 0.00890991 0.00908096 0.00843434 0.0120867 0.0448146 0.0100769 0.00773396 0.00528028 0.00386373 0.00387241 0.00374403 0.0037767 0.00377788 0 0.00377212 0.00889652 0.0233041 0.0133439 0.0120333 0.0210215 0.0387167 0.0712413 0.0134843 0.0161503 0.012642 0.0372403 0.0121783 0.00994779 0.0170184 0.0119579 0.024075 0.0090086 0.0100393 0.00902954 0.00956401 0.00879189 0.00860391 0.00990015 0.0122781 0.00981936 0.00854311 0.00946668 0.00876463 0.00850197 0.00825614 0.00817817 0.00827191 0.00838179 0.00829216 0.00821564 0.00819022 0.00822053 0.00841284 0.00861296 0.00848629 0.00833338 0.00825618 0.00820226 0.00842398 0.00842771 0.00854305 0.00851339 0.00858954 0.00840129 0.00835213 0.00846228 0.00860204 0.00864998 0.00860502 0.0086674 0.00858858 0.00842589 0.00853517 0.00860045 0.00861848 0.00861971 0.00862191 0.00853912 0.00876413 0.00867346 0.00894726 0.00898363 0.00917921 0.00898095 0.00877791 0.00941085 0.00921909 
0.0087556 0.00828834 0.00828027 0.00840141 0.00844971 0.00954223 0.008281 0.00829117 0.00829892 0.00856833 0.00843401 0.008869 0.0241364 0.012831 0.0154878 0.0104262 0.00678574 0.00523286 0.00407868 0.00379595 0.00377123 0.0037861 0.00377212 0 0.0230277 0.00611364 0.00549932 0.0120666 0.0282982 0.0196393 0.0187348 0.023851 0.0204506 0.0125988 0.0113593 0.0172825 0.0133416 0.00961011 0.0109892 0.0107462 0.0121491 0.0123583 0.00910219 0.00867977 0.00989665 0.00888988 0.0093519 0.00945721 0.00995291 0.00873098 0.00865534 0.00866478 0.00831038 0.00834011 0.00847986 0.00833455 0.00833011 0.00821136 0.00825359 0.008169 0.00823213 0.00846047 0.00835232 0.00831991 0.00824375 0.00823128 0.00818435 0.00846502 0.00841083 0.00837708 0.00837347 0.0083658 0.00836607 0.00832287 0.00853743 0.00853185 0.00836265 0.00842921 0.00842781 0.00850413 0.00842715 0.00882603 0.00852265 0.00843272 0.00843458 0.00856948 0.00850997 0.00904883 0.00861819 0.00855072 0.0086054 0.00882125 0.00878231 0.00880712 0.0107274 0.00946435 
0.00838753 0.00825347 0.00838545 0.00842867 0.00951338 0.00873475 0.00831158 0.00824274 0.00832051 0.0085502 0.00847966 0.00959766 0.021163 0.0142494 0.0211271 0.0124768 0.0106577 0.00973205 0.00702347 0.00598199 0.00578118 0.010151 0.00889652 0.0230277 0 0.00386897 0.00381989 0.0040904 0.496484 0.0237464 0.0284164 0.0420129 0.0175582 0.0132759 0.014651 0.0150185 0.0158331 0.0161644 0.00990737 0.0105856 0.0135849 0.0114575 0.00855476 0.00908327 0.012685 0.00891474 0.00947588 0.00937851 0.0120766 0.00839215 0.00877534 0.00872311 0.00852406 0.00882779 0.00833709 0.00825444 0.00820395 0.00830631 0.00821625 0.00839685 0.00869925 0.00828715 0.00833124 0.00834326 0.00833354 0.00824218 0.00849835 0.00825594 0.0083006 0.00840545 0.00841547 0.00856071 0.00846815 0.00919478 0.0083237 0.00841367 0.00860961 0.00847591 0.00847654 0.00838891 0.00914851 0.00836095 0.00852416 0.00840031 0.00847973 0.00855413 0.00937297 0.00851233 0.00844418 0.00874482 0.00895464 0.00903985 0.00908788 0.0098368 0.00997381 0.0103912 
0.0084267 0.00881742 0.00887601 0.00902174 0.00846898 0.00852053 0.00869646 0.00881579 0.00930534 0.00983623 0.00901335 0.0086001 0.021225 0.0268439 0.0132416 0.00890004 0.00837109 0.00918978 0.00975015 0.00851798 0.00957348 0.0109907 0.0233041 0.00611364 0.00386897 0 0.003927 0.00385138 0.144243 0.584486 0.0467776 0.0177908 0.0183954 0.036106 0.0336446 0.0129255 0.0145667 0.027403 0.031834 0.0153099 0.00917202 0.0113404 0.0107094 0.0111727 0.0102673 0.00869725 0.0124945 0.0160988 0.00996194 0.00864726 0.0102725 0.0101699 0.00928475 0.00834654 0.00816461 0.00828688 0.00836215 0.00842922 0.00832807 0.00817781 0.00819147 0.00876348 0.00864066 0.00872977 0.00851962 0.00830544 0.00820557 0.00831663 0.008565 0.00874329 0.00881395 0.00891965 0.00861518 0.0085128 0.008369 0.00865365 0.00854757 0.00872514 0.00884384 0.00870888 0.00855849 0.00836653 0.00854485 0.00871606 0.00881418 0.00884596 0.00897975 0.00863231 0.00876578 0.00903191 0.00918346 0.00944243 0.00934681 0.0093362 0.0097095 0.00961772 
0.00845819 0.00882208 0.00944297 0.00933512 0.00848747 0.00861759 0.00859655 0.00873354 0.00892319 0.0106611 0.00941799 0.00880167 0.0175405 0.0901424 0.019546 0.00958601 0.00891844 0.00963146 0.0178084 0.0113224 0.0323368 0.0458824 0.0133439 0.00549932 0.00381989 0.003927 0 0.00419377 0.0364753 0.120358 0.679106 0.0320228 0.0168494 0.03341 0.0643185 0.0223706 0.0117141 0.0152433 0.0275214 0.0477031 0.0103039 0.0102116 0.0120553 0.0114352 0.0117738 0.00879298 0.0109924 0.0193291 0.012549 0.0090807 0.00966214 0.010119 0.009425 0.0083936 0.00816809 0.00824482 0.00851337 0.00844479 0.00848941 0.00824034 0.0081806 0.00867259 0.00874074 0.00894979 0.00847945 0.00834989 0.0082187 0.00838126 0.0087929 0.00900429 0.008841 0.00895415 0.00862881 0.00844705 0.0084901 0.00888897 0.00882091 0.00898556 0.0092164 0.00894283 0.00863273 0.0085902 0.00873709 0.00897285 0.00897172 0.00920572 0.00875621 0.00886217 0.00882996 0.00915944 0.00923932 0.00970675 0.0094724 0.00918735 0.00979601 0.00951708 
0.00950581 0.00849729 0.00856429 0.00847916 0.00877114 0.00947035 0.00854044 0.00830679 0.00857505 0.0088261 0.00862749 0.00904318 0.0318843 0.0146002 0.0563827 0.0142839 0.0146268 0.0259333 0.0116523 0.0194846 0.0279952 0.0219513 0.0120333 0.0120666 0.0040904 0.00385138 0.00419377 0 0.0308349 0.0384557 0.140804 0.643788 0.0264996 0.0139728 0.016201 0.0455662 0.0159212 0.0130411 0.0128755 0.0173839 0.0162794 0.0162702 0.00937994 0.0100158 0.0127564 0.00943613 0.0104318 0.00996448 0.0155468 0.00970132 0.00934931 0.00970776 0.00877011 0.00866523 0.00868641 0.00856004 0.00837427 0.00835709 0.00826251 0.00833375 0.00858803 0.00881999 0.00861396 0.00882554 0.00853527 0.00827396 0.00823389 0.00888828 0.0085914 0.00860581 0.00864149 0.00887387 0.0085095 0.0085621 0.00880092 0.00860816 0.0085592 0.00869556 0.00865414 0.00854866 0.00877161 0.00965909 0.00857077 0.00859866 0.00867366 0.00875569 0.00902744 0.00925587 0.00871597 0.00884493 0.00897328 0.00904354 0.00906654 0.0093754 0.0117539 0.0102757 
0.00846375 0.0084056 0.00864249 0.00848611 0.00878849 0.00864125 0.00846004 0.00838518 0.00859991 0.00868853 0.00836253 0.00871093 0.0238555 0.0133858 0.01858 0.0122458 0.0188176 0.0655212 0.0291847 0.0259421 0.0280763 0.0210145 0.0210215 0.0282982 0.496484 0.144243 0.0364753 0.0308349 0 0.0038529 0.00383769 0.00412189 0.464396 0.0284787 0.0244654 0.0264753 0.0394525 0.0539548 0.0142971 0.0139398 0.0190776 0.0221018 0.010217 0.0105523 0.0224279 0.0128977 0.013442 0.0122446 0.021241 0.00998292 0.0111417 0.00986462 0.00953317 0.010011 0.00860072 0.00841627 0.00828315 0.0084124 0.00825182 0.00835361 0.00907888 0.00855211 0.0085589 0.00886972 0.00855294 0.00839243 0.00845017 0.00853067 0.00847695 0.00899996 0.00898414 0.00880767 0.00851763 0.00891949 0.00830092 0.00841462 0.00844323 0.00862509 0.00863196 0.00839564 0.00881173 0.00832981 0.00851929 0.0085047 0.00858032 0.00851671 0.00911635 0.00870432 0.00853393 0.00865932 0.00870174 0.00880296 0.0088612 0.00950911 0.00976212 0.00978739 
0.00840369 0.00866099 0.00884019 0.00858565 0.00838438 0.0082863 0.00844693 0.00871902 0.00879385 0.00939868 0.00866571 0.00853992 0.0190814 0.0287221 0.0135214 0.00903458 0.00993949 0.0209913 0.0654007 0.0448659 0.0386765 0.0479549 0.0387167 0.0196393 0.0237464 0.584486 0.120358 0.0384557 0.0038529 0 0.00384327 0.00379725 0.0502795 0.580199 0.0380616 0.0266104 0.0256077 0.0557894 0.0796985 0.0224042 0.0112104 0.0159546 0.0199149 0.0145042 0.0127041 0.00962686 0.0249918 0.0280789 0.0123803 0.00945336 0.0148528 0.0142273 0.0118161 0.00844599 0.00820015 0.00823675 0.00839449 0.00853559 0.00841625 0.00828443 0.00818923 0.00862671 0.0089 0.00892031 0.00876218 0.00832267 0.00827759 0.00831833 0.00860554 0.00881337 0.00884019 0.00889142 0.0086521 0.00834377 0.00835189 0.00860127 0.00856645 0.0086446 0.00898962 0.00866779 0.00854012 0.00837321 0.0085077 0.00875504 0.00869262 0.00879317 0.00882037 0.00864804 0.00872801 0.00875059 0.00881773 0.00907873 0.00915041 0.00913479 0.00948832 0.00953902 
0.00839561 0.0085601 0.00845118 0.00855039 0.00829661 0.0086706 0.00841777 0.00845807 0.00859902 0.00883418 0.00875722 0.00824607 0.0139299 0.0330414 0.0123366 0.00929564 0.0113654 0.018099 0.0303991 0.0323354 0.0273527 0.0239453 0.0712413 0.0187348 0.0284164 0.0467776 0.679106 0.140804 0.00383769 0.00384327 0 0.00395398 0.043342 0.0365805 0.694328 0.0445144 0.0160943 0.0353513 0.0306881 0.0988687 0.0108294 0.0168018 0.0150806 0.0297662 0.0146957 0.0113678 0.0179774 0.0391926 0.0154475 0.0106584 0.0124183 0.0143505 0.0105716 0.0088978 0.0085133 0.00831315 0.00852579 0.00857413 0.00844079 0.0082356 0.00851631 0.00901426 0.00900943 0.0088291 0.00857639 0.0082943 0.00814487 0.00855545 0.0087406 0.0088471 0.00904605 0.00910178 0.00850805 0.00831445 0.00850957 0.00872852 0.00856038 0.00873988 0.00882707 0.00872958 0.00845106 0.00859792 0.00863244 0.0086135 0.00869841 0.00877729 0.00897788 0.00883999 0.00871211 0.00874268 0.00877992 0.00899897 0.00899602 0.00898036 0.00982644 0.00920847 
0.0085603 0.00827085 0.00838106 0.00826374 0.0082752 0.00901392 0.00825803 0.00827648 0.00831845 0.00848474 0.00821976 0.00913604 0.0165252 0.00975929 0.0135112 0.01243 0.0138494 0.0253504 0.0116984 0.0113705 0.0111158 0.015569 0.0134843 0.023851 0.0420129 0.0177908 0.0320228 0.643788 0.00412189 0.00379725 0.00395398 0 0.0217378 0.0343712 0.0196531 0.553741 0.0192845 0.0111429 0.0141115 0.0112174 0.0246866 0.0166834 0.0105144 0.00905611 0.024087 0.00961793 0.0102681 0.00950086 0.0143662 0.0111373 0.00969064 0.00891119 0.00877124 0.00840433 0.00890044 0.00860868 0.00844256 0.00830579 0.00822881 0.00823221 0.00864205 0.00876539 0.00850461 0.00853864 0.0082568 0.00825967 0.00825126 0.00846181 0.00836171 0.00846266 0.00839509 0.00833762 0.00825004 0.00825956 0.00873599 0.00843095 0.00844446 0.00836848 0.00848167 0.00828588 0.00826022 0.00906238 0.00842332 0.00844388 0.00846829 0.00846084 0.0083661 0.00878803 0.00847517 0.00843524 0.00849729 0.00861288 0.00859643 0.00861612 0.0104426 0.00919149 
0.00816475 0.00860886 0.00824514 0.00852781 0.00835313 0.00823647 0.00853113 0.00823188 0.00866585 0.00834061 0.00868698 0.00849405 0.00980257 0.0114731 0.0114005 0.00968156 0.0121815 0.0120281 0.0119817 0.0120496 0.0153495 0.0121495 0.0161503 0.0204506 0.0175582 0.0183954 0.0168494 0.0264996 0.464396 0.0502795 0.043342 0.0217378 0 0.00381815 0.00383283 0.00387565 0.0582159 0.033169 0.0116016 0.0202252 0.023907 0.027534 0.0104809 0.0172741 0.0187949 0.0179873 0.0124388 0.0212871 0.0288494 0.0115291 0.0119217 0.0129705 0.0103641 0.014214 0.00951903 0.00891897 0.00825178 0.00857003 0.0084449 0.00864746 0.00886757 0.00874409 0.00869719 0.00855378 0.00865759 0.00859086 0.00888765 0.00839913 0.00855396 0.00872402 0.00862401 0.00867911 0.00838306 0.00915167 0.00823207 0.00842871 0.00864399 0.00894424 0.0085315 0.00898862 0.00880337 0.00831283 0.00840394 0.00833089 0.00880529 0.00832359 0.00967831 0.00852031 0.00834214 0.00867726 0.00858986 0.00891118 0.0086945 0.00957278 0.00916383 0.00931448 
0.00827137 0.00843517 0.00845311 0.00838867 0.00826197 0.00838419 0.00831854 0.00937628 0.00841007 0.0087402 0.00834953 0.00833939 0.0100064 0.00999103 0.00901375 0.00863291 0.00906123 0.0110873 0.0162946 0.0202529 0.0141835 0.0235488 0.012642 0.0125988 0.0132759 0.036106 0.03341 0.0139728 0.0284787 0.580199 0.0365805 0.0343712 0.00381815 0 0.00384013 0.00377824 0.0815458 0.0667623 0.100968 0.0191303 0.0145498 0.0139826 0.0282693 0.0117038 0.0164779 0.0103957 0.0348262 0.0213058 0.0159142 0.0103352 0.0225608 0.0146028 0.0157776 0.008645 0.00826702 0.00823311 0.00888944 0.00859778 0.00861896 0.0084177 0.00822359 0.0087329 0.00923839 0.009602 0.00920363 0.00883033 0.00854528 0.00830672 0.00891459 0.00921777 0.0092425 0.00900689 0.00886391 0.00834294 0.00835706 0.00870834 0.00856497 0.00887962 0.00879862 0.00847645 0.0083555 0.00853136 0.008377 0.00862436 0.0084923 0.00859325 0.00854199 0.00837101 0.00845804 0.0084282 0.0085995 0.00853752 0.00877769 0.00860352 0.00868988 0.00871437 
0.00826512 0.00844023 0.00829611 0.00828933 0.00821184 0.00833346 0.0083915 0.00821203 0.00836042 0.00835762 0.00835785 0.00821451 0.00972985 0.01394 0.00897248 0.0081891 0.00853855 0.0114571 0.0186622 0.0161313 0.0205961 0.014649 0.0372403 0.0113593 0.014651 0.0336446 0.0643185 0.016201 0.0244654 0.0380616 0.694328 0.0196531 0.00383283 0.00384013 0 0.00421272 0.0196523 0.128458 0.0737784 0.213617 0.0115389 0.0200154 0.0173755 0.0407531 0.0130884 0.0112569 0.0198768 0.0742756 0.0166106 0.0109117 0.0165204 0.0224668 0.01624 0.00887029 0.00832709 0.00829835 0.00846385 0.00921404 0.00853205 0.00824721 0.00829461 0.009152 0.00903958 0.00949457 0.00892212 0.00843051 0.00820142 0.00843833 0.00855994 0.00896864 0.00902768 0.00912252 0.00846306 0.00822392 0.00834584 0.00859868 0.00845465 0.00864616 0.00867171 0.00857824 0.0082638 0.00832302 0.00839678 0.00847087 0.00861524 0.00849762 0.00841066 0.00845313 0.00846623 0.00850516 0.00855488 0.00871119 0.00864831 0.00854043 0.00880483 0.00867779 
0.00818916 0.0081806 0.00825631 0.00823603 0.00822827 0.00828387 0.00818463 0.00817358 0.00820983 0.00821111 0.00818436 0.00821353 0.0102946 0.00921788 0.010122 0.00914105 0.0106465 0.013608 0.0104106 0.0112933 0.0100397 0.0113308 0.0121783 0.0172825 0.0150185 0.0129255 0.0223706 0.0455662 0.0264753 0.0266104 0.0445144 0.553741 0.00387565 0.00377824 0.00421272 0 0.0197496 0.0219865 0.0739471 0.112869 0.155835 0.0217873 0.011586 0.0137289 0.035387 0.0115995 0.013043 0.0172559 0.0426659 0.0135012 0.0108596 0.0116211 0.0116001 0.0099529 0.00907979 0.00858032 0.00826026 0.00838366 0.00832335 0.0084262 0.00873514 0.00933611 0.0086214 0.0086751 0.00836128 0.0082416 0.00827377 0.0083312 0.00841128 0.00854288 0.00853487 0.00866316 0.00834863 0.00842712 0.00829122 0.00834881 0.00831166 0.00835783 0.00841546 0.00834574 0.00836623 0.00869641 0.00833658 0.0083196 0.00839252 0.00835257 0.0084493 0.0086381 0.00845628 0.00842102 0.00840042 0.00849452 0.00864951 0.00864279 0.00926311 0.00895682 
