1F07A
MKFGIEFVPNEPIEKIVKLVKLAEDVGFEYAWITDHYNNKNVYETLALIAEGTETIKLGPGVTNPYVRSPAITASAIATLDELSNGRATLGIGPGDKATFDALGIEWVKPVSTIRDAIAMMRTLLAGEKTESGAQLMGVKAVQEKIPIYMGAQGPMMLKTAGEISDGALINASNPKDFEAAVPLIKEGAEAAGKSIADIDVAAYTCCSIDEDAAAAANAAKIVVAFIAAGSPPPVFERHGLPADTGKKFGELLGKGDFGGAIGAVDDALMEAFSVVGTPDEFIPKIEALGEMGVTQYVAGSPIGPDKEKSIKLLGEVIASF
CEEEEEECCCCCHHHHHHHHHHHHHCCCCEEEECCCCCCCCHHHHHHHHHHCCCCCEEEECCECCCCECHHHHHHHHHHHHHHCCCCECEEECCCCHHHHHHCCCCCCCHHHHHHHHHHHHHHHHCCCCCCCCCCCCCCCCCCCCCCEEEECCCHHHHHHHHHHCCEEEECCCCHHHHHHHHHHHHHHHHHCCCCHHHCEEEEEEEEEECCCHHHHHHHHHHHHHHHHHCCCHHHHHHCCCCCCHHHHHHHHHCCCCHHHHHHCCCHHHHHHHCEEECHHHHHHHHHHHHHCCCCEEEEEEEECCCHHHHHHHHHHHHHCC
0 0 0 0 0 0 0 0 0 0 0 0 0 0 0 0 0 0 0 0 0 0 0 0 0 0 0 0 0 0 0 0 0 0 0 0 0 0 0 0 0 0 0 0 0 0 0 0 0 0 0 0 0 0 0 0 0 0 0 0 0 0 0 0 0 0 0 0 0 0 0 0 0 0 0 0 0 0 0 0 0 0 0 0 0 0 0 0 0 0 0 0 0 0 0 0 0 0 0 0 0 0 0 0 0 0 0 0 0 0 0 0 0 0 0 0 0 0 0 0 0 0 0 0 0 0 0 0 0 0 0 0 0 0 0 0 0 0 0 0 0 0 0 0 0 0 0 0 0 0 0 0 0 0 0 0 0 0 0 0 0 0 0 0 0 0 0 0 0 0 0 0 0 0 0 0 0 0 0 0 0 0 0 0 0 0 0 0 0 0 0 0 0 0 0 0 0 0 0 0 0 0 0 0 0 0 0 0 0 0 0 0 0 0 0 0 0 0 0 0 0 0 0 0 0 0 0 0 0 0 0 0 0 0 0 0 0 0 0 0 0 0 0 0 0 0 0 0 0 0 0 0 0 0 0 0 0 0 0 0 0 0 0 0 0 0 0 0 0 0 0 0 0 0 0 0 0 0 0 0 0 0 0 0 0 0 0 0 0 0 0 0 0 0 0 0 0 0 0 0 0 0 0 0 0 0 0 0 0 0 0 0 0 0 0 0 0 0 0 0 0 
0 0 0 0 0 0 0 0 0 0 0 0 0 0 0 0 0 0 0 0 0 0 0 0 0 0 0 0 0 0 0 0 0 0 0 0 0 0 0 0 0 0 0 0 0 0 0 0 0 0 0 0 0 0 0 0 0 0 0 0 0 0 0 0 0 0 0 0 0 0 0 0 0 0 0 0 0 0 0 0 0 0 0 0 0 0 0 0 0 0 0 0 0 0 0 0 0 0 0 0 0 0 0 0 0 0 0 0 0 0 0 0 0 0 0 0 0 0 0 0 0 0 0 0 0 0 0 0 0 0 0 0 0 0 0 0 0 0 0 0 0 0 0 0 0 0 0 0 0 0 0 0 0 0 0 0 0 0 0 0 0 0 0 0 0 0 0 0 0 0 0 0 0 0 0 0 0 0 0 0 0 0 0 0 0 0 0 0 0 0 0 0 0 0 0 0 0 0 0 0 0 0 0 0 0 0 0 0 0 0 0 0 0 0 0 0 0 0 0 0 0 0 0 0 0 0 0 0 0 0 0 0 0 0 0 0 0 0 0 0 0 0 0 0 0 0 0 0 0 0 0 0 0 0 0 0 0 0 0 0 0 0 0 0 0 0 0 0 0 0 0 0 0 0 0 0 0 0 0 0 0 0 0 0 0 0 0 0 0 0 0 0 0 0 0 0 0 0 0 0 0 0 0 0 0 0 0 0 0 0 0 0 0 0 0 0 0 0 0 0 0 
0 0.0043268 0.00388468 0.00390201 0.00412255 0.00614748 0.135357 0.0178069 0.0204456 0.0193442 0.0240541 0.0100735 0.0109654 0.0149641 0.0114861 0.0133994 0.0113158 0.0103421 0.00941333 0.0117532 0.00865712 0.00872298 0.00901968 0.00889889 0.00846298 0.00831262 0.00845248 0.00876636 0.00852427 0.00823673 0.00830093 0.008345 0.00830048 0.00829262 0.00833799 0.00829724 0.00834499 0.00862668 0.00838206 0.00856426 0.00884166 0.00863678 0.00864356 0.00859134 0.00867887 0.00852097 0.00856735 0.00864415 0.00902977 
0.0043268 0 0.00387146 0.00385063 0.00398133 0.0041614 0.0327827 0.15893 0.0158411 0.0166538 0.011099 0.0418703 0.0111844 0.0125311 0.00982353 0.00968297 0.0102218 0.0110582 0.0101073 0.0103988 0.00870395 0.00865278 0.00893447 0.00829782 0.0083384 0.00875029 0.00847426 0.0083023 0.00834322 0.00849645 0.00838678 0.00849505 0.00837404 0.00848227 0.00842101 0.00848246 0.00837043 0.00827271 0.00839878 0.00868277 0.0084773 0.00860913 0.00870989 0.00865286 0.00868733 0.00856418 0.00861239 0.00846051 0.00847273 
0.00388468 0.00387146 0 0.00390534 0.00381414 0.00381718 0.203476 0.0285942 0.0708988 0.0108613 0.0153681 0.013354 0.0210542 0.0102537 0.00880592 0.0089916 0.00929932 0.0124356 0.0125204 0.00979148 0.00884459 0.010003 0.00916238 0.00837128 0.00837175 0.00910369 0.0088123 0.00833395 0.0083247 0.00854414 0.00881043 0.00875718 0.00857113 0.00871546 0.00860315 0.00864057 0.00855278 0.00835597 0.00864854 0.00854229 0.00837557 0.00853344 0.00863047 0.00883215 0.00863325 0.00864281 0.00854431 0.00855651 0.00836514 
0.00390201 0.00385063 0.00390534 0 0.00377612 0.0037829 0.0225996 0.392203 0.0218065 0.0231287 0.010247 0.0447995 0.0137368 0.0127064 0.00883352 0.00903047 0.00937544 0.0189372 0.011691 0.0116892 0.00919896 0.0100494 0.0100667 0.00829467 0.00851428 0.00927142 0.00890425 0.00844644 0.00851289 0.00902138 0.00903124 0.00888852 0.00893433 0.00895076 0.00895711 0.00895617 0.0086911 0.00841012 0.00851037 0.00883764 0.0085428 0.00857398 0.00890576 0.0090617 0.00883922 0.00876998 0.00867058 0.00867912 0.00842713 
0.00412255 0.00398133 0.00381414 0.00377612 0 0.00382671 0.0219585 0.0278974 0.616135 0.0204143 0.0178309 0.0135578 0.0404506 0.0131582 0.0101663 0.00962249 0.00994002 0.0123971 0.0207194 0.0108734 0.00872423 0.00979168 0.00953249 0.00842863 0.00844952 0.00909045 0.0086485 0.00834196 0.00833999 0.00860802 0.0086093 0.0086513 0.0085714 0.00859924 0.00859697 0.00854831 0.00851022 0.00834433 0.00871007 0.00888427 0.00838938 0.00853183 0.00885622 0.00886419 0.00874604 0.00861528 0.00862265 0.00856896 0.00839035 
0.00614748 0.0041614 0.00381718 0.0037829 0.00382671 0 0.0203942 0.024517 0.0408233 0.625701 0.0159581 0.0143929 0.0108773 0.0297906 0.0149523 0.0147827 0.0166038 0.0223364 0.0108106 0.0177288 0.0111914 0.00906598 0.00879291 0.00847119 0.00951122 0.00926663 0.0082908 0.00852686 0.00934178 0.00837376 0.00860225 0.00847301 0.00835029 0.00829412 0.0083797 0.00832106 0.00820637 0.00839389 0.00898929 0.00877631 0.00857552 0.00886765 0.00877705 0.00865275 0.00855374 0.00853583 0.00847232 0.00844751 0.00870362 
0.135357 0.0327827 0.203476 0.0225996 0.0219585 0.0203942 0 0.00398085 0.00371879 0.00397799 0.59264 0.0168698 0.013974 0.0189846 0.0159375 0.0177241 0.0197567 0.0127815 0.0100189 0.017417 0.00927853 0.00853268 0.00884968 0.00949308 0.00850744 0.00861011 0.00847419 0.00893359 0.00848922 0.0084592 0.0084005 0.00850111 0.00836142 0.00844721 0.00843456 0.00839238 0.00827637 0.00864001 0.00863211 0.00837201 0.00866729 0.00843095 0.00847701 0.00840455 0.00844081 0.00841459 0.00840457 0.00839087 0.00849769 
0.0178069 0.15893 0.0285942 0.392203 0.0278974 0.024517 0.00398085 0 0.00380993 0.003797 0.0310553 0.69716 0.0189515 0.0194482 0.0102542 0.0112456 0.0115483 0.01534 0.0185475 0.0114242 0.00974902 0.00978741 0.0115684 0.00861042 0.0084784 0.00944724 0.00911326 0.00855569 0.00832235 0.00896721 0.00879261 0.00888837 0.00878617 0.0087824 0.00874565 0.00888367 0.00859866 0.00833503 0.00841087 0.00866711 0.00843029 0.008434 0.00862796 0.00866785 0.00858203 0.00853415 0.00848578 0.00846693 0.00851485 
0.0204456 0.0158411 0.0708988 0.0218065 0.616135 0.0408233 0.00371879 0.00380993 0 0.00379104 0.030786 0.0262214 0.714172 0.0200412 0.0118738 0.0112503 0.00994738 0.0156084 0.0470554 0.0150944 0.0100686 0.0154573 0.0122113 0.00909543 0.00893027 0.0105477 0.00947149 0.0086312 0.00867358 0.00878816 0.00899077 0.00907238 0.00891256 0.00884634 0.0088454 0.00898262 0.00911273 0.00841812 0.00845131 0.00881159 0.00839585 0.0084346 0.00881392 0.00895859 0.00878063 0.00858966 0.00853651 0.00850276 0.00841088 
0.0193442 0.0166538 0.0108613 0.0231287 0.0204143 0.625701 0.00397799 0.003797 0.00379104 0 0.0139562 0.0370258 0.036429 0.591317 0.0191456 0.0208898 0.0170704 0.0236292 0.0116033 0.0402828 0.0134488 0.00947024 0.0106125 0.00956633 0.0103806 0.009346 0.00892281 0.00932655 0.00909505 0.00870687 0.0087951 0.00896601 0.00862086 0.00879977 0.00880971 0.00932231 0.00863216 0.00858907 0.00870671 0.00871716 0.00861964 0.00861647 0.00884973 0.00861896 0.00854247 0.00854 0.00853236 0.00850829 0.00858496 
0.0240541 0.011099 0.0153681 0.010247 0.0178309 0.0159581 0.59264 0.0310553 0.030786 0.0139562 0 0.00793752 0.00393615 0.00432096 0.00807781 0.0126002 0.0338832 0.0147145 0.0184905 0.0147982 0.0102212 0.0107441 0.0091772 0.0108032 0.0093174 0.00892104 0.00943941 0.0095201 0.0104474 0.00845746 0.00890283 0.00872435 0.00849139 0.008467 0.00850133 0.0083252 0.00853849 0.00869626 0.00821176 0.00835797 0.00877634 0.00859838 0.00846892 0.00839227 0.00842644 0.00830268 0.00844319 0.00831791 0.00860216 
0.0100735 0.0418703 0.013354 0.0447995 0.0135578 0.0143929 0.0168698 0.69716 0.0262214 0.0370258 0.00793752 0 0.00380701 0.00376262 0.00483096 0.00666721 0.0227657 0.0270764 0.0182354 0.0150632 0.0127697 0.0102646 0.0147723 0.00862231 0.00930313 0.010736 0.00946968 0.00899194 0.00834639 0.00923528 0.00892919 0.00909076 0.00891117 0.00896939 0.00887884 0.00897987 0.00871123 0.0082996 0.00863759 0.0085101 0.00831534 0.00845357 0.00849945 0.0085159 0.00846888 0.0084475 0.00832459 0.00832115 0.00830788 
0.0109654 0.0111844 0.0210542 0.0137368 0.0404506 0.0108773 0.013974 0.0189515 0.714172 0.036429 0.00393615 0.00380701 0 0.00379092 0.00502254 0.00616837 0.0112513 0.0145317 0.0725998 0.0181928 0.00991608 0.0156931 0.0129403 0.00900488 0.00887272 0.0103847 0.00949141 0.00849712 0.00856762 0.00876162 0.00910902 0.00882427 0.0089012 0.00874308 0.00874284 0.00872437 0.00881789 0.00838166 0.00823502 0.00850225 0.00824712 0.00825864 0.00835167 0.00847012 0.00841497 0.00837238 0.00837201 0.00834654 0.00820996 
0.0149641 0.0125311 0.0102537 0.0127064 0.0131582 0.0297906 0.0189846 0.0194482 0.0200412 0.591317 0.00432096 0.00376262 0.00379092 0 0.0128975 0.00878534 0.026116 0.0322915 0.0171864 0.0874303 0.0184549 0.00939664 0.0119981 0.0104094 0.0127378 0.00977135 0.00917675 0.00975445 0.0107297 0.00867224 0.00868161 0.00856299 0.008457 0.00829898 0.00836926 0.00835353 0.00833573 0.00855745 0.00856742 0.00836003 0.00829939 0.00845694 0.00840144 0.0083087 0.00832244 0.0082787 0.00818526 0.00823718 0.00841112 
0.0114861 0.00982353 0.00880592 0.00883352 0.0101663 0.0149523 0.0159375 0.0102542 0.0118738 0.0191456 0.00807781 0.00483096 0.00502254 0.0128975 0 0.181735 0.0593225 0.0172818 0.023942 0.0298093 0.0118052 0.00871544 0.00874084 0.0108648 0.0105982 0.00863469 0.00835446 0.00968111 0.00989126 0.00831083 0.00821068 0.00824837 0.00816668 0.00815037 0.00820355 0.00813199 0.00814605 0.00865792 0.00902777 0.00819687 0.00854099 0.0088511 0.00828722 0.00822259 0.00825214 0.00822406 0.00818031 0.00818759 0.00857064 
0.0133994 0.00968297 0.0089916 0.00903047 0.00962249 0.0147827 0.0177241 0.0112456 0.0112503 0.0208898 0.0126002 0.00666721 0.00616837 0.00878534 0.181735 0 0.119217 0.0169206 0.0179945 0.0504312 0.0154376 0.00900031 0.00986692 0.0108412 0.0125904 0.00878737 0.00849508 0.00943883 0.010661 0.00827727 0.0082289 0.00821096 0.00822529 0.00822122 0.00824066 0.00821141 0.00820022 0.00857013 0.00906506 0.00819039 0.00849042 0.00881465 0.0083576 0.00828588 0.00828426 0.00827367 0.00818333 0.00820124 0.00859438 
0.0113158 0.0102218 0.00929932 0.00937544 0.00994002 0.0166038 0.0197567 0.0115483 0.00994738 0.0170704 0.0338832 0.0227657 0.0112513 0.026116 0.0593225 0.119217 0 0.0229916 0.00519522 0.00579072 0.0494103 0.0103843 0.0107485 0.0142443 0.0138153 0.00972212 0.00899285 0.0145034 0.00991427 0.00955703 0.00862327 0.00904991 0.00861392 0.00893142 0.00861965 0.00917804 0.00863261 0.014644 0.00894176 0.00821577 0.00963431 0.00866648 0.00830038 0.00832039 0.00834365 0.00832472 0.00818585 0.00821223 0.00896647 
0.0103421 0.0110582 0.0124356 0.0189372 0.0123971 0.0223364 0.0127815 0.01534 0.0156084 0.0236292 0.0147145 0.0270764 0.0145317 0.0322915 0.0172818 0.0169206 0.0229916 0 0.00395932 0.00387133 0.183951 0.0242352 0.0182568 0.0175259 0.0124742 0.0141644 0.0101367 0.0144804 0.00941694 0.0107818 0.0128104 0.0126909 0.0115458 0.0112999 0.0115642 0.0128685 0.0100374 0.0106654 0.00881033 0.00822866 0.00929165 0.00844195 0.00834763 0.00873651 0.0084348 0.0084187 0.00840456 0.00829574 0.00834262 
0.00941333 0.0101073 0.0125204 0.011691 0.0207194 0.0108106 0.0100189 0.0185475 0.0470554 0.0116033 0.0184905 0.0182354 0.0725998 0.0171864 0.023942 0.0179945 0.00519522 0.00395932 0 0.00411401 0.0247725 0.295611 0.0651858 0.0183676 0.0115839 0.0185948 0.0186453 0.0100435 0.00938425 0.011904 0.0124892 0.0110506 0.0113157 0.0104955 0.0105181 0.0104664 0.0117692 0.008645 0.00847425 0.00883031 0.00841951 0.0083461 0.0086857 0.00892964 0.00861581 0.00848463 0.00846041 0.00843254 0.00822783 
0.0117532 0.0103988 0.00979148 0.0116892 0.0108734 0.0177288 0.017417 0.0114242 0.0150944 0.0402828 0.0147982 0.0150632 0.0181928 0.0874303 0.0298093 0.0504312 0.00579072 0.00387133 0.00411401 0 0.035047 0.0159938 0.255316 0.117892 0.0168604 0.0115075 0.0107391 0.0228751 0.0120464 0.00968343 0.00973109 0.00998566 0.00913035 0.00972699 0.0091775 0.00956651 0.00998169 0.0105214 0.00954693 0.0088228 0.00873155 0.00850682 0.00836906 0.00842841 0.00825937 0.00831877 0.00817801 0.00823335 0.00839529 
0.00865712 0.00870395 0.00884459 0.00919896 0.00872423 0.0111914 0.00927853 0.00974902 0.0100686 0.0134488 0.0102212 0.0127697 0.00991608 0.0184549 0.0118052 0.0154376 0.0494103 0.183951 0.0247725 0.035047 0 0.00390981 0.00379449 0.00426264 0.0358646 0.0423039 0.0122064 0.0629147 0.0137915 0.0242889 0.015754 0.0154213 0.0136998 0.0135648 0.0134469 0.0155286 0.0121147 0.027124 0.00891613 0.0087166 0.0123228 0.00851469 0.00856065 0.00888712 0.00861517 0.00852568 0.00835834 0.00823578 0.00879977 
0.00872298 0.00865278 0.010003 0.0100494 0.00979168 0.00906598 0.00853268 0.00978741 0.0154573 0.00947024 0.0107441 0.0102646 0.0156931 0.00939664 0.00871544 0.00900031 0.0103843 0.0242352 0.295611 0.0159938 0.00390981 0 0.0037737 0.00378808 0.21276 0.0902319 0.17984 0.0111713 0.0148211 0.0236453 0.0401404 0.0331093 0.0282748 0.0254758 0.0260826 0.0254014 0.0410479 0.0110787 0.00882469 0.00947291 0.00937218 0.00841381 0.00900575 0.010739 0.00927295 0.00900514 0.00863841 0.00856226 0.00829117 
0.00901968 0.00893447 0.00916238 0.0100667 0.00953249 0.00879291 0.00884968 0.0115684 0.0122113 0.0106125 0.0091772 0.0147723 0.0129403 0.0119981 0.00874084 0.00986692 0.0107485 0.0182568 0.0651858 0.255316 0.00379449 0.0037737 0 0.00384828 0.0121572 0.495499 0.0821499 0.0334541 0.0111152 0.0352094 0.0229299 0.0303869 0.0258469 0.0245878 0.0214935 0.0285287 0.0377689 0.0164237 0.00944829 0.0112653 0.00915664 0.00869978 0.0093419 0.0100485 0.00906919 0.0087966 0.00858451 0.00874407 0.00822069 
0.00889889 0.00829782 0.00837128 0.00829467 0.00842863 0.00847119 0.00949308 0.00861042 0.00909543 0.00956633 0.0108032 0.00862231 0.00900488 0.0104094 0.0108648 0.0108412 0.0142443 0.0175259 0.0183676 0.117892 0.00426264 0.00378808 0.00384828 0 0.100141 0.0184431 0.176094 0.0569793 0.0209097 0.0112917 0.0132252 0.0128744 0.0120931 0.0116834 0.0127022 0.0107495 0.0134193 0.0194394 0.0111781 0.00865112 0.00972045 0.00884707 0.0083787 0.00844891 0.00836307 0.00827263 0.00819418 0.00827172 0.00830421 
0.00846298 0.0083384 0.00837175 0.00851428 0.00844952 0.00951122 0.00850744 0.0084784 0.00893027 0.0103806 0.0093174 0.00930313 0.00887272 0.0127378 0.0105982 0.0125904 0.0138153 0.0124742 0.0115839 0.0168604 0.0358646 0.21276 0.0121572 0.100141 0 0.00382038 0.0038195 0.00414874 0.47408 0.0263556 0.0215882 0.0128182 0.0160582 0.0138597 0.0152985 0.0138076 0.0136214 0.0249112 0.00951505 0.00901141 0.0141819 0.0089214 0.00853451 0.00903555 0.00865039 0.00847476 0.00835529 0.00829025 0.0094627 
0.00831262 0.00875029 0.00910369 0.00927142 0.00909045 0.00926663 0.00861011 0.00944724 0.0105477 0.009346 0.00892104 0.010736 0.0103847 0.00977135 0.00863469 0.00878737 0.00972212 0.0141644 0.0185948 0.0115075 0.0423039 0.0902319 0.495499 0.0184431 0.00382038 0 0.00393304 0.00381925 0.0445893 0.569845 0.032502 0.0718094 0.0245139 0.0371949 0.0208001 0.0524644 0.0320825 0.0155571 0.0100455 0.0107338 0.00970974 0.00872163 0.0100861 0.0108859 0.00997242 0.00944642 0.00875296 0.00896704 0.00868876 
0.00845248 0.00847426 0.0088123 0.00890425 0.0086485 0.0082908 0.00847419 0.00911326 0.00947149 0.00892281 0.00943941 0.00946968 0.00949141 0.00917675 0.00835446 0.00849508 0.00899285 0.0101367 0.0186453 0.0107391 0.0122064 0.17984 0.0821499 0.176094 0.0038195 0.00393304 0 0.00397953 0.0187434 0.0259137 0.334704 0.038014 0.0452025 0.0198583 0.0335148 0.023107 0.0935492 0.0129847 0.0100914 0.0109378 0.0090553 0.00858535 0.0093801 0.00982869 0.00908887 0.0086856 0.00860822 0.00859111 0.00841135 
0.00876636 0.0083023 0.00833395 0.00844644 0.00834196 0.00852686 0.00893359 0.00855569 0.0086312 0.00932655 0.0095201 0.00899194 0.00849712 0.00975445 0.00968111 0.00943883 0.0145034 0.0144804 0.0100435 0.0228751 0.0629147 0.0111713 0.0334541 0.0569793 0.00414874 0.00381925 0.00397953 0 0.0157773 0.0256307 0.0225967 0.136356 0.0201456 0.0280702 0.0139409 0.0208377 0.0173636 0.0975924 0.0125637 0.00911666 0.0109396 0.00987716 0.0087853 0.0089537 0.00902713 0.00880595 0.00835225 0.00856269 0.00867658 
0.00852427 0.00834322 0.0083247 0.00851289 0.00833999 0.00934178 0.00848922 0.00832235 0.00867358 0.00909505 0.0104474 0.00834639 0.00856762 0.0107297 0.00989126 0.010661 0.00991427 0.00941694 0.00938425 0.0120464 0.0137915 0.0148211 0.0111152 0.0209097 0.47408 0.0445893 0.0187434 0.0157773 0 0.00547718 0.00379157 0.00380333 0.00384897 0.00382065 0.0039217 0.00399984 0.00574435 0.00983477 0.0171727 0.00947315 0.0189195 0.0111832 0.00905865 0.0102174 0.00953611 0.00885262 0.00876853 0.00855172 0.0110353 
0.00823673 0.00849645 0.00854414 0.00902138 0.00860802 0.00837376 0.0084592 0.00896721 0.00878816 0.00870687 0.00845746 0.00923528 0.00876162 0.00867224 0.00831083 0.00827727 0.00955703 0.0107818 0.011904 0.00968343 0.0242889 0.0236453 0.0352094 0.0112917 0.0263556 0.569845 0.0259137 0.0256307 0.00547718 0 0.00382658 0.00376494 0.00378104 0.00380181 0.00389341 0.00415507 0.00777289 0.0059216 0.0206149 0.0202899 0.0116227 0.0100715 0.0153364 0.0171292 0.0133834 0.0117751 0.00983265 0.0109729 0.00873933 
0.00830093 0.00838678 0.00881043 0.00903124 0.0086093 0.00860225 0.0084005 0.00879261 0.00899077 0.0087951 0.00890283 0.00892919 0.00910902 0.00868161 0.00821068 0.0082289 0.00862327 0.0128104 0.0124892 0.00973109 0.015754 0.0401404 0.0229299 0.0132252 0.0215882 0.032502 0.334704 0.0225967 0.00379157 0.00382658 0 0.00377825 0.00374876 0.00378061 0.00373354 0.0045124 0.00417607 0.00479907 0.0195884 0.0161682 0.0127703 0.00994097 0.0161705 0.0321353 0.0240741 0.0158551 0.0152787 0.0101986 0.00889241 
0.008345 0.00849505 0.00875718 0.00888852 0.0086513 0.00847301 0.00850111 0.00888837 0.00907238 0.00896601 0.00872435 0.00909076 0.00882427 0.00856299 0.00824837 0.00821096 0.00904991 0.0126909 0.0110506 0.00998566 0.0154213 0.0331093 0.0303869 0.0128744 0.0128182 0.0718094 0.038014 0.136356 0.00380333 0.00376494 0.00377825 0 0.00374969 0.00378247 0.00384149 0.00380098 0.00393736 0.00424508 0.0186848 0.0187206 0.0128775 0.00976553 0.0151351 0.0369404 0.0231488 0.0235207 0.0136557 0.0105226 0.00895493 
0.00830048 0.00837404 0.00857113 0.00893433 0.0085714 0.00835029 0.00836142 0.00878617 0.00891256 0.00862086 0.00849139 0.00891117 0.0089012 0.008457 0.00816668 0.00822529 0.00861392 0.0115458 0.0113157 0.00913035 0.0136998 0.0282748 0.0258469 0.0120931 0.0160582 0.0245139 0.0452025 0.0201456 0.00384897 0.00378104 0.00374876 0.00374969 0 0.00376466 0.00377995 0.00382776 0.00379284 0.00398293 0.0206241 0.0161048 0.0133836 0.00961475 0.0154353 0.0286674 0.0320259 0.0179647 0.0149981 0.0104091 0.00869891 
0.00829262 0.00848227 0.00871546 0.00895076 0.00859924 0.00829412 0.00844721 0.0087824 0.00884634 0.00879977 0.008467 0.00896939 0.00874308 0.00829898 0.00815037 0.00822122 0.00893142 0.0112999 0.0104955 0.00972699 0.0135648 0.0254758 0.0245878 0.0116834 0.0138597 0.0371949 0.0198583 0.0280702 0.00382065 0.00380181 0.00378061 0.00378247 0.00376466 0 0.00375084 0.00378861 0.00379287 0.00380507 0.0235826 0.0171028 0.0132511 0.0105983 0.0135512 0.0435593 0.0225061 0.0198242 0.0130776 0.0102994 0.0087962 
0.00833799 0.00842101 0.00860315 0.00895711 0.00859697 0.0083797 0.00843456 0.00874565 0.0088454 0.00880971 0.00850133 0.00887884 0.00874284 0.00836926 0.00820355 0.00824066 0.00861965 0.0115642 0.0105181 0.0091775 0.0134469 0.0260826 0.0214935 0.0127022 0.0152985 0.0208001 0.0335148 0.0139409 0.0039217 0.00389341 0.00373354 0.00384149 0.00377995 0.00375084 0 0.00378292 0.00378763 0.00376894 0.0275328 0.0166615 0.0118741 0.0103032 0.0184883 0.0301829 0.0241168 0.019256 0.0137958 0.00985852 0.00877981 
0.00829724 0.00848246 0.00864057 0.00895617 0.00854831 0.00832106 0.00839238 0.00888367 0.00898262 0.00932231 0.0083252 0.00897987 0.00872437 0.00835353 0.00813199 0.00821141 0.00917804 0.0128685 0.0104664 0.00956651 0.0155286 0.0254014 0.0285287 0.0107495 0.0138076 0.0524644 0.023107 0.0208377 0.00399984 0.00415507 0.0045124 0.00380098 0.00382776 0.00378861 0.00378292 0 0.00378753 0.00376717 0.0624901 0.0170592 0.017047 0.0118022 0.0171748 0.0322438 0.0241101 0.0194296 0.0129245 0.0107134 0.00876637 
0.00834499 0.00837043 0.00855278 0.0086911 0.00851022 0.00820637 0.00827637 0.00859866 0.00911273 0.00863216 0.00853849 0.00871123 0.00881789 0.00833573 0.00814605 0.00820022 0.00863261 0.0100374 0.0117692 0.00998169 0.0121147 0.0410479 0.0377689 0.0134193 0.0136214 0.0320825 0.0935492 0.0173636 0.00574435 0.00777289 0.00417607 0.00393736 0.00379284 0.00379287 0.00378763 0.00378753 0 0.00388227 0.0164689 0.236403 0.0168185 0.0107713 0.0146343 0.0214423 0.0165829 0.0110992 0.0103838 0.0105586 0.00875004 
0.00862668 0.00827271 0.00835597 0.00841012 0.00834433 0.00839389 0.00864001 0.00833503 0.00841812 0.00858907 0.00869626 0.0082996 0.00838166 0.00855745 0.00865792 0.00857013 0.014644 0.0106654 0.008645 0.0105214 0.027124 0.0110787 0.0164237 0.0194394 0.0249112 0.0155571 0.0129847 0.0975924 0.00983477 0.0059216 0.00479907 0.00424508 0.00398293 0.00380507 0.00376894 0.00376717 0.00388227 0 0.0264471 0.0153658 0.319066 0.0136498 0.0114592 0.0101525 0.0100548 0.00982586 0.008724 0.00905045 0.0106161 
0.00838206 0.00839878 0.00864854 0.00851037 0.00871007 0.00898929 0.00863211 0.00841087 0.00845131 0.00870671 0.00821176 0.00863759 0.00823502 0.00856742 0.00902777 0.00906506 0.00894176 0.00881033 0.00847425 0.00954693 0.00891613 0.00882469 0.00944829 0.0111781 0.00951505 0.0100455 0.0100914 0.0125637 0.0171727 0.0206149 0.0195884 0.0186848 0.0206241 0.0235826 0.0275328 0.0624901 0.0164689 0.0264471 0 0.00382518 0.00406571 0.112924 0.0278412 0.0261435 0.0183732 0.0145244 0.0131809 0.0114961 0.0285239 
0.00856426 0.00868277 0.00854229 0.00883764 0.00888427 0.00877631 0.00837201 0.00866711 0.00881159 0.00871716 0.00835797 0.0085101 0.00850225 0.00836003 0.00819687 0.00819039 0.00821577 0.00822866 0.00883031 0.0088228 0.0087166 0.00947291 0.0112653 0.00865112 0.00901141 0.0107338 0.0109378 0.00911666 0.00947315 0.0202899 0.0161682 0.0187206 0.0161048 0.0171028 0.0166615 0.0170592 0.236403 0.0153658 0.00382518 0 0.0038693 0.0218146 0.0803463 0.0367648 0.020764 0.0169288 0.0150021 0.0883786 0.0113873 
0.00884166 0.0084773 0.00837557 0.0085428 0.00838938 0.00857552 0.00866729 0.00843029 0.00839585 0.00861964 0.00877634 0.00831534 0.00824712 0.00829939 0.00854099 0.00849042 0.00963431 0.00929165 0.00841951 0.00873155 0.0123228 0.00937218 0.00915664 0.00972045 0.0141819 0.00970974 0.0090553 0.0109396 0.0189195 0.0116227 0.0127703 0.0128775 0.0133836 0.0132511 0.0118741 0.017047 0.0168185 0.319066 0.00406571 0.0038693 0 0.0208773 0.0188266 0.0336397 0.0234959 0.0214933 0.0138623 0.0185707 0.107591 
0.00863678 0.00860913 0.00853344 0.00857398 0.00853183 0.00886765 0.00843095 0.008434 0.0084346 0.00861647 0.00859838 0.00845357 0.00825864 0.00845694 0.0088511 0.00881465 0.00866648 0.00844195 0.0083461 0.00850682 0.00851469 0.00841381 0.00869978 0.00884707 0.0089214 0.00872163 0.00858535 0.00987716 0.0111832 0.0100715 0.00994097 0.00976553 0.00961475 0.0105983 0.0103032 0.0118022 0.0107713 0.0136498 0.112924 0.0218146 0.0208773 0 0.0040002 0.00382895 0.00382612 0.00381447 0.00385204 0.00432682 0.00984142 
0.00864356 0.00870989 0.00863047 0.00890576 0.00885622 0.00877705 0.00847701 0.00862796 0.00881392 0.00884973 0.00846892 0.00849945 0.00835167 0.00840144 0.00828722 0.0083576 0.00830038 0.00834763 0.0086857 0.00836906 0.00856065 0.00900575 0.0093419 0.0083787 0.00853451 0.0100861 0.0093801 0.0087853 0.00905865 0.0153364 0.0161705 0.0151351 0.0154353 0.0135512 0.0184883 0.0171748 0.0146343 0.0114592 0.0278412 0.0803463 0.0188266 0.0040002 0 0.00380668 0.00379007 0.00381804 0.00380836 0.0062706 0.00439819 
0.00859134 0.00865286 0.00883215 0.0090617 0.00886419 0.00865275 0.00840455 0.00866785 0.00895859 0.00861896 0.00839227 0.0085159 0.00847012 0.0083087 0.00822259 0.00828588 0.00832039 0.00873651 0.00892964 0.00842841 0.00888712 0.010739 0.0100485 0.00844891 0.00903555 0.0108859 0.00982869 0.0089537 0.0102174 0.0171292 0.0321353 0.0369404 0.0286674 0.0435593 0.0301829 0.0322438 0.0214423 0.0101525 0.0261435 0.0367648 0.0336397 0.00382895 0.00380668 0 0.00377143 0.00380747 0.0037452 0.00381917 0.00403663 
0.00867887 0.00868733 0.00863325 0.00883922 0.00874604 0.00855374 0.00844081 0.00858203 0.00878063 0.00854247 0.00842644 0.00846888 0.00841497 0.00832244 0.00825214 0.00828426 0.00834365 0.0084348 0.00861581 0.00825937 0.00861517 0.00927295 0.00906919 0.00836307 0.00865039 0.00997242 0.00908887 0.00902713 0.00953611 0.0133834 0.0240741 0.0231488 0.0320259 0.0225061 0.0241168 0.0241101 0.0165829 0.0100548 0.0183732 0.020764 0.0234959 0.00382612 0.00379007 0.00377143 0 0.0037688 0.00379681 0.00379084 0.0038828 
0.00852097 0.00856418 0.00864281 0.00876998 0.00861528 0.00853583 0.00841459 0.00853415 0.00858966 0.00854 0.00830268 0.0084475 0.00837238 0.0082787 0.00822406 0.00827367 0.00832472 0.0084187 0.00848463 0.00831877 0.00852568 0.00900514 0.0087966 0.00827263 0.00847476 0.00944642 0.0086856 0.00880595 0.00885262 0.0117751 0.0158551 0.0235207 0.0179647 0.0198242 0.019256 0.0194296 0.0110992 0.00982586 0.0145244 0.0169288 0.0214933 0.00381447 0.00381804 0.00380747 0.0037688 0 0.00376578 0.00378024 0.00380679 
0.00856735 0.00861239 0.00854431 0.00867058 0.00862265 0.00847232 0.00840457 0.00848578 0.00853651 0.00853236 0.00844319 0.00832459 0.00837201 0.00818526 0.00818031 0.00818333 0.00818585 0.00840456 0.00846041 0.00817801 0.00835834 0.00863841 0.00858451 0.00819418 0.00835529 0.00875296 0.00860822 0.00835225 0.00876853 0.00983265 0.0152787 0.0136557 0.0149981 0.0130776 0.0137958 0.0129245 0.0103838 0.008724 0.0131809 0.0150021 0.0138623 0.00385204 0.00380836 0.0037452 0.00379681 0.00376578 0 0.00375328 0.00379129 
0.00864415 0.00846051 0.00855651 0.00867912 0.00856896 0.00844751 0.00839087 0.00846693 0.00850276 0.00850829 0.00831791 0.00832115 0.00834654 0.00823718 0.00818759 0.00820124 0.00821223 0.00829574 0.00843254 0.00823335 0.00823578 0.00856226 0.00874407 0.00827172 0.00829025 0.00896704 0.00859111 0.00856269 0.00855172 0.0109729 0.0101986 0.0105226 0.0104091 0.0102994 0.00985852 0.0107134 0.0105586 0.00905045 0.0114961 0.0883786 0.0185707 0.00432682 0.0062706 0.00381917 0.00379084 0.00378024 0.00375328 0 0.00376254 
0.00902977 0.00847273 0.00836514 0.00842713 0.00839035 0.00870362 0.00849769 0.00851485 0.00841088 0.00858496 0.00860216 0.00830788 0.00820996 0.00841112 0.00857064 0.00859438 0.00896647 0.00834262 0.00822783 0.00839529 0.00879977 0.00829117 0.00822069 0.00830421 0.0094627 0.00868876 0.00841135 0.00867658 0.0110353 0.00873933 0.00889241 0.00895493 0.00869891 0.0087962 0.00877981 0.00876637 0.00875004 0.0106161 0.0285239 0.0113873 0.107591 0.00984142 0.00439819 0.00403663 0.0038828 0.00380679 0.00379129 0.00376254 0 
