1F2UB
ALAREAALSKIGELASEIFAEFTEGKYSEVVVRAEENKVRLFVVWEGKERPLTFLSGGERIALGLAFRLAMSLYLAGEISLLILDEPTPYLDEERRRKLITIMERYLKKIPQVILVSHDEELKDAADHVIRISLENGSSKVEVVS
CHHHHHHHHHHHHHHHHHHHHHCCCCCCEEEEEECCCCEEEEEEECCEEEEHHHCCHHHHHHHHHHHHHHHHHHCCCCCCEEEEECCCCCCCHHHHHHHHHHHHHHHHHCCEEEEEECCHHHHCCCCEEEEEEEECCEEEEEECC
0 0 0 0 0 0 0 0 0 0 0 0 0 0 0 0 0 0 0 0 0 0 0 0 0 0 0 0 0 0 0 0 0 0 0 0 0 0 0 0 0 0 0 0 0 0 0 0 0 0 0 0 0 0 0 0 0 0 0 0 0 0 0 0 0 0 0 0 0 0 0 0 0 0 0 0 0 0 0 0 0 0 0 0 0 0 0 0 0 0 0 0 0 0 0 0 0 0 0 0 0 0 0 0 0 0 0 0 0 0 0 0 0 0 0 0 0 0 0 0 0 0 0 0 0 0 0 0 0 0 0 0 0 0 0 0 0 0 0 0 0 0 0 0 0 
0 0 0 0 0 0 0 0 0 0 0 0 0 0 0 0 0 0 0 0 0 0 0 0 0 0 0 0 0 0 0 0 0 0 0 0 0 0 0 0 0 0 0 0 0 0 0 0 0 0 0 0 0 0 0 0 0 0 0 0 0 0 0 0 0 0 0 0 0 0 0 0 0 0 0 0 0 0 0 0 0 0 0 0 0 0 0 0 0 0 0 0 0 0 0 0 0 0 0 0 0 0 0 0 0 0 0 0 0 0 0 0 0 0 0 0 0 0 0 0 0 0 0 0 0 0 0 0 0 0 0 0 0 0 0 0 0 0 0 0 0 0 0 0 0 
0 0.00388911 0.00387132 0.00389651 0.00410796 0.00583151 0.00838145 0.00834158 0.00773705 0.00997956 0.0660846 0.553736 0.126001 0.0103196 0.00860051 0.00871961 0.0201862 0.0242181 0.0118245 0.0105828 0.0100735 0.0125851 0.0108087 0.00931493 0.0102787 0.0096962 0.00894761 0.0103428 0.00923805 0.0084443 0.00850802 0.00932292 0.00835602 0.00845086 0.00842136 0.00915112 0.00859806 0.00824832 0.00829801 0.00833221 0.0090019 0.00981962 
0.00388911 0 0.00387127 0.0038515 0.00408507 0.00399937 0.00662926 0.00700431 0.00912044 0.0460432 0.621535 0.117833 0.0110822 0.00818127 0.00911551 0.0112105 0.0083236 0.0218978 0.0295473 0.0164435 0.0154394 0.010088 0.00958187 0.0161386 0.0139305 0.0149725 0.0124235 0.00932041 0.008931 0.00904783 0.00948874 0.00882192 0.00948201 0.00828193 0.00871731 0.00867781 0.00830357 0.00826031 0.008365 0.00838026 0.00896885 0.00928676 
0.00387132 0.00387127 0 0.00395704 0.00384032 0.00388203 0.00633903 0.00843976 0.0546385 0.65239 0.110473 0.0129776 0.00819018 0.00821913 0.0087521 0.00806953 0.00756233 0.0134444 0.0213482 0.0334842 0.0112547 0.00957261 0.00903065 0.0115999 0.0286251 0.0381766 0.0113317 0.00877001 0.00877633 0.00916361 0.0104357 0.0120673 0.00896764 0.0087332 0.00823221 0.00830056 0.00830709 0.00832942 0.00857485 0.00873786 0.00850693 0.00889252 
0.00389651 0.0038515 0.00395704 0 0.00382549 0.00377723 0.00603422 0.0435992 0.645194 0.0731341 0.0104636 0.00763334 0.00748985 0.0102843 0.00801355 0.00737771 0.00721132 0.0113804 0.0180657 0.0246359 0.0117138 0.00900583 0.00868296 0.0116144 0.022613 0.0209757 0.0109784 0.00853767 0.00859285 0.00863385 0.0102942 0.00940692 0.00896333 0.00835058 0.00816073 0.00818729 0.00831884 0.00827444 0.00840199 0.00838225 0.0083773 0.00852075 
0.00410796 0.00408507 0.00384032 0.00382549 0 0.00394882 0.0303086 0.68862 0.0400649 0.00848875 0.00719158 0.00783658 0.00664447 0.00862319 0.00795213 0.00714635 0.00663851 0.0106947 0.0146881 0.0103145 0.0116275 0.00891989 0.00911445 0.0105305 0.00966624 0.0105175 0.0092945 0.00847074 0.00884175 0.0088013 0.00832083 0.0090771 0.00827503 0.00832224 0.00810222 0.00811429 0.00904137 0.00874134 0.00821234 0.0081616 0.00825607 0.00821613 
0.00583151 0.00399937 0.00388203 0.00377723 0.00394882 0 0.811724 0.0163618 0.00525051 0.0060851 0.00584007 0.00615081 0.00726447 0.0106506 0.00733757 0.00663231 0.0063383 0.0180775 0.00959752 0.00885854 0.00901077 0.0101706 0.0118925 0.00938323 0.00873454 0.0090463 0.00852932 0.00868436 0.00956213 0.0084498 0.00835283 0.00851625 0.00847699 0.00821642 0.00814711 0.00822314 0.0101666 0.00874319 0.0082341 0.00821679 0.00827548 0.00848552 
0.00838145 0.00662926 0.00633903 0.00603422 0.0303086 0.811724 0 0.00390121 0.00382735 0.00386031 0.00389265 0.00423812 0.00600865 0.0060708 0.00626067 0.00732744 0.0106974 0.0275085 0.0105628 0.0130934 0.0101456 0.0135549 0.0111282 0.0107336 0.00970199 0.00945407 0.00917097 0.0112452 0.00935832 0.00847842 0.00863864 0.00876008 0.00962249 0.00838214 0.00902768 0.0100069 0.00879993 0.0083702 0.00840286 0.00865867 0.00914244 0.0114988 
0.00834158 0.00700431 0.00843976 0.0435992 0.68862 0.0163618 0.00390121 0 0.00375658 0.00377739 0.00379716 0.0038342 0.00394384 0.00481007 0.00691347 0.00554918 0.00600733 0.0189207 0.065286 0.0125551 0.0129877 0.0090711 0.00980102 0.0135034 0.014118 0.0178445 0.0102197 0.0089834 0.0089886 0.00904292 0.00904856 0.0120739 0.00833151 0.00941771 0.00826144 0.00848577 0.00821925 0.00833649 0.00852506 0.00839937 0.00892344 0.00863282 
0.00773705 0.00912044 0.0546385 0.645194 0.0400649 0.00525051 0.00382735 0.00375658 0 0.00377671 0.00375632 0.00377831 0.00383428 0.00494714 0.00540965 0.00566451 0.00608681 0.0788944 0.0190629 0.0421832 0.0144738 0.0105725 0.00978604 0.0186079 0.041656 0.039837 0.0200756 0.00931828 0.00897825 0.00974469 0.0179724 0.0103232 0.0175311 0.00858724 0.00855685 0.00828614 0.00830448 0.00857323 0.0091301 0.00980787 0.00859137 0.00886595 
0.00997956 0.0460432 0.65239 0.0731341 0.00848875 0.0060851 0.00386031 0.00377739 0.00377671 0 0.00374807 0.00376829 0.00380692 0.00418222 0.00612614 0.00629132 0.80842 0.0172856 0.0510161 0.040602 0.0271538 0.0112636 0.0106341 0.0227387 0.0843254 0.0845901 0.0197073 0.01047 0.00977582 0.0118485 0.0164301 0.0255717 0.0104887 0.0110104 0.00849304 0.00836435 0.00844933 0.00886958 0.011249 0.00931056 0.00885455 0.00897864 
0.0660846 0.621535 0.110473 0.0104636 0.00719158 0.00584007 0.00389265 0.00379716 0.00375632 0.00374807 0 0.00375894 0.00377324 0.0113685 0.00562112 0.919932 0.00560627 0.0236102 0.0374696 0.105848 0.028047 0.0133313 0.0102848 0.0292776 0.0832169 0.0865158 0.0332969 0.0105582 0.00961507 0.0122861 0.0276627 0.016056 0.0150461 0.00954879 0.00854444 0.00822254 0.00836018 0.00933879 0.0104067 0.00994872 0.00894882 0.0085228 
0.553736 0.117833 0.0129776 0.00763334 0.00783658 0.00615081 0.00423812 0.0038342 0.00377831 0.00376829 0.00375894 0 0.00379485 0.00697315 0.993625 0.00436299 0.00465436 0.013973 0.0300139 0.0256768 0.0549759 0.0131297 0.0103001 0.0174296 0.0216974 0.0306534 0.0295134 0.0108838 0.00944352 0.0100753 0.00985103 0.0134322 0.00852247 0.00873837 0.00830548 0.00817599 0.00895651 0.00877689 0.00863902 0.0084769 0.00853109 0.00824808 
0.126001 0.0110822 0.00819018 0.00748985 0.00664447 0.00726447 0.00600865 0.00394384 0.00383428 0.00380692 0.00377324 0.00379485 0 0.996204 0.00407207 0.00401839 0.00390658 0.0260446 0.0115373 0.0121399 0.0121416 0.0275677 0.0139076 0.0104539 0.0106143 0.0105264 0.012294 0.0110145 0.0109139 0.00910874 0.00907834 0.00850235 0.00930486 0.00823819 0.00820871 0.0082517 0.0112953 0.0090223 0.00826913 0.00825022 0.0082224 0.0086378 
0.0103196 0.00818127 0.00821913 0.0102843 0.00862319 0.0106506 0.0060708 0.00481007 0.00494714 0.00418222 0.0113685 0.00697315 0.996204 0 0.00393531 0.00374593 0.0042435 0.0288802 0.012136 0.00929648 0.00992625 0.0149548 0.00957628 0.00868538 0.00894771 0.0088096 0.00862056 0.0109671 0.00895559 0.0082502 0.00823549 0.00876631 0.00830484 0.0083822 0.00852435 0.0100491 0.00847518 0.00820426 0.00829536 0.00836885 0.00892242 0.0105615 
0.00860051 0.00911551 0.0087521 0.00801355 0.00795213 0.00733757 0.00626067 0.00691347 0.00540965 0.00612614 0.00562112 0.993625 0.00407207 0.00393531 0 0.00378293 0.00375106 0.0130235 0.0253307 0.0185396 0.0126999 0.00891588 0.00881276 0.0100964 0.009913 0.0112313 0.00886877 0.00853336 0.0085606 0.00855135 0.0083951 0.00906394 0.00817248 0.0084254 0.00814494 0.00824443 0.00818842 0.00814957 0.00820498 0.00813343 0.00843532 0.00843399 
0.00871961 0.0112105 0.00806953 0.00737771 0.00714635 0.00663231 0.00732744 0.00554918 0.00566451 0.00629132 0.919932 0.00436299 0.00401839 0.00374593 0.00378293 0 0.00375479 0.013974 0.017942 0.0206518 0.0274839 0.0102122 0.0091356 0.0103799 0.00992986 0.00971998 0.011731 0.00842784 0.00847886 0.00886926 0.00930497 0.00833438 0.010189 0.00816162 0.00826769 0.00811505 0.008364 0.00839968 0.00814277 0.00824636 0.00820844 0.00820949 
0.0201862 0.0083236 0.00756233 0.00721132 0.00663851 0.0063383 0.0106974 0.00600733 0.00608681 0.80842 0.00560627 0.00465436 0.00390658 0.0042435 0.00375106 0.00375479 0 0.0164385 0.0138987 0.0163487 0.0220119 0.0560943 0.0166806 0.00998351 0.00923059 0.0103163 0.00910853 0.0109686 0.0136742 0.00891025 0.00834757 0.0100818 0.0081899 0.00858408 0.00816647 0.00834783 0.010641 0.00827761 0.00839287 0.00819555 0.00828305 0.00830403 
0.0242181 0.0218978 0.0134444 0.0113804 0.0106947 0.0180775 0.0275085 0.0189207 0.0788944 0.0172856 0.0236102 0.013973 0.0260446 0.0288802 0.0130235 0.013974 0.0164385 0 0.00528372 0.00382967 0.0039025 0.00415012 0.604272 0.0469961 0.0399458 0.0213951 0.0223311 0.0250073 0.0300131 0.0166468 0.0178361 0.0120839 0.0159123 0.00940786 0.0100768 0.0140445 0.012566 0.0111945 0.00953686 0.0101649 0.0101789 0.0172058 
0.0118245 0.0295473 0.0213482 0.0180657 0.0146881 0.00959752 0.0105628 0.065286 0.0190629 0.0510161 0.0374696 0.0300139 0.0115373 0.012136 0.0253307 0.017942 0.0138987 0.00528372 0 0.00377068 0.00386975 0.00381186 0.0972336 0.738529 0.0586291 0.138395 0.0367223 0.0143838 0.0168379 0.0424152 0.0238441 0.0288169 0.0145617 0.0128892 0.0119201 0.00928433 0.00956213 0.0129348 0.0137758 0.0114724 0.0172181 0.00979087 
0.0105828 0.0164435 0.0334842 0.0246359 0.0103145 0.00885854 0.0130934 0.0125551 0.0421832 0.040602 0.105848 0.0256768 0.0121399 0.00929648 0.0185396 0.0206518 0.0163487 0.00382967 0.00377068 0 0.00377638 0.00378562 0.0647073 0.0766914 0.714121 0.116536 0.114601 0.0150069 0.0142605 0.0191626 0.0527976 0.0354472 0.0221585 0.0158552 0.00972236 0.00869901 0.00948194 0.0122091 0.0163595 0.0192701 0.010328 0.00910786 
0.0100735 0.0154394 0.0112547 0.0117138 0.0116275 0.00901077 0.0101456 0.0129877 0.0144738 0.0271538 0.028047 0.0549759 0.0121416 0.00992625 0.0126999 0.0274839 0.0220119 0.0039025 0.00386975 0.00377638 0 0.00400352 0.0174342 0.0987489 0.0970965 0.660326 0.137292 0.0953973 0.0109315 0.0216632 0.0196561 0.015541 0.0136403 0.00923284 0.012205 0.00870583 0.0106613 0.0120293 0.0103781 0.00947552 0.011554 0.00950619 
0.0125851 0.010088 0.00957261 0.00900583 0.00891989 0.0101706 0.0135549 0.0090711 0.0105725 0.0112636 0.0133313 0.0131297 0.0275677 0.0149548 0.00891588 0.0102122 0.0560943 0.00415012 0.00381186 0.00378562 0.00400352 0 0.0195617 0.0190419 0.0608385 0.0437026 0.604617 0.13134 0.0156167 0.0109707 0.0110564 0.0107729 0.0101606 0.00858583 0.00876304 0.00994139 0.0144526 0.0104409 0.0088672 0.00866446 0.00883694 0.0101586 
0.0108087 0.00958187 0.00903065 0.00868296 0.00911445 0.0118925 0.0111282 0.00980102 0.00978604 0.0106341 0.0102848 0.0103001 0.0139076 0.00957628 0.00881276 0.0091356 0.0166806 0.604272 0.0972336 0.0647073 0.0174342 0.0195617 0 0.00436781 0.00382 0.00457315 0.00378224 0.00520516 0.0226429 0.0111646 0.0106861 0.012497 0.0138249 0.0123922 0.0116941 0.0286293 0.0133961 0.0118656 0.00996705 0.0101784 0.0111795 0.0220818 
0.00931493 0.0161386 0.0115999 0.0116144 0.0105305 0.00938323 0.0107336 0.0135034 0.0186079 0.0227387 0.0292776 0.0174296 0.0104539 0.00868538 0.0100964 0.0103799 0.00998351 0.0469961 0.738529 0.0766914 0.0987489 0.0190419 0.00436781 0 0.00380662 0.00380241 0.00384484 0.00385768 0.0316779 0.0327336 0.0177728 0.0190331 0.0406181 0.0146474 0.0284741 0.0101821 0.0123939 0.026856 0.0121954 0.0129729 0.0204617 0.0123004 
0.0102787 0.0139305 0.0286251 0.022613 0.00966624 0.00873454 0.00970199 0.014118 0.041656 0.0843254 0.0832169 0.0216974 0.0106143 0.00894771 0.009913 0.00992986 0.00923059 0.0399458 0.0586291 0.714121 0.0970965 0.0608385 0.00382 0.00380662 0 0.0037986 0.00381617 0.00378739 0.0175643 0.0304695 0.0436486 0.0330551 0.0272687 0.0163491 0.0103696 0.0089289 0.0105941 0.0127197 0.0176367 0.0258046 0.0123843 0.00969732 
0.0096962 0.0149725 0.0381766 0.0209757 0.0105175 0.0090463 0.00945407 0.0178445 0.039837 0.0845901 0.0865158 0.0306534 0.0105264 0.0088096 0.0112313 0.00971998 0.0103163 0.0213951 0.138395 0.116536 0.660326 0.0437026 0.00457315 0.00380241 0.0037986 0 0.00377063 0.00377486 0.0152934 0.0320926 0.0338064 0.0627964 0.020002 0.0166864 0.0106155 0.00919532 0.0102352 0.0134816 0.0331509 0.0165936 0.0158321 0.0101516 
0.00894761 0.0124235 0.0113317 0.0109784 0.0092945 0.00852932 0.00917097 0.0102197 0.0200756 0.0197073 0.0332969 0.0295134 0.012294 0.00862056 0.00886877 0.011731 0.00910853 0.0223311 0.0367223 0.114601 0.137292 0.604617 0.00378224 0.00384484 0.00381617 0.00377063 0 0.00387211 0.018204 0.0247347 0.0334106 0.0163868 0.015507 0.0102325 0.0166054 0.00907276 0.0102117 0.0343202 0.0106147 0.0131711 0.0171349 0.0118799 
0.0103428 0.00932041 0.00877001 0.00853767 0.00847074 0.00868436 0.0112452 0.0089834 0.00931828 0.01047 0.0105582 0.0108838 0.0110145 0.0109671 0.00853336 0.00842784 0.0109686 0.0250073 0.0143838 0.0150069 0.0953973 0.13134 0.00520516 0.00385768 0.00378739 0.00377486 0.00387211 0 0.0201103 0.0183374 0.00902449 0.0139586 0.00848572 0.00884216 0.00885859 0.0117041 0.0261357 0.010169 0.00887134 0.00853996 0.00966094 0.0125265 
0.00923805 0.008931 0.00877633 0.00859285 0.00884175 0.00956213 0.00935832 0.0089886 0.00897825 0.00977582 0.00961507 0.00944352 0.0109139 0.00895559 0.0085606 0.00847886 0.0136742 0.0300131 0.0168379 0.0142605 0.0109315 0.0156167 0.0226429 0.0316779 0.0175643 0.0152934 0.018204 0.0201103 0 0.00381994 0.00376543 0.00384133 0.00386268 0.00431155 0.00415654 0.00723214 0.00664876 0.00726544 0.00732322 0.00756722 0.0102608 0.0195522 
0.0084443 0.00904783 0.00916361 0.00863385 0.0088013 0.0084498 0.00847842 0.00904292 0.00974469 0.0118485 0.0122861 0.0100753 0.00910874 0.0082502 0.00855135 0.00886926 0.00891025 0.0166468 0.0424152 0.0191626 0.0216632 0.0109707 0.0111646 0.0327336 0.0304695 0.0320926 0.0247347 0.0183374 0.00381994 0 0.00377343 0.0037921 0.00378268 0.00383679 0.00675507 0.00427606 0.00627637 0.00668477 0.00810935 0.00903372 0.0171233 0.0293239 
0.00850802 0.00948874 0.0104357 0.0102942 0.00832083 0.00835283 0.00863864 0.00904856 0.0179724 0.0164301 0.0276627 0.00985103 0.00907834 0.00823549 0.0083951 0.00930497 0.00834757 0.0178361 0.0238441 0.0527976 0.0196561 0.0110564 0.0106861 0.0177728 0.0436486 0.0338064 0.0334106 0.00902449 0.00376543 0.00377343 0 0.00375297 0.00381963 0.00381972 0.00386957 0.00388734 0.00556412 0.00757469 0.00800633 0.0157181 0.0184351 0.661091 
0.00932292 0.00882192 0.0120673 0.00940692 0.0090771 0.00851625 0.00876008 0.0120739 0.0103232 0.0255717 0.016056 0.0134322 0.00850235 0.00876631 0.00906394 0.00833438 0.0100818 0.0120839 0.0288169 0.0354472 0.015541 0.0107729 0.012497 0.0190331 0.0330551 0.0627964 0.0163868 0.0139586 0.00384133 0.0037921 0.00375297 0 0.00372991 0.00433951 0.00379945 0.00390363 0.00515371 0.00725218 0.0319352 0.0139743 0.871698 0.0160308 
0.00835602 0.00948201 0.00896764 0.00896333 0.00827503 0.00847699 0.00962249 0.00833151 0.0175311 0.0104887 0.0150461 0.00852247 0.00930486 0.00830484 0.00817248 0.010189 0.0081899 0.0159123 0.0145617 0.0221585 0.0136403 0.0101606 0.0138249 0.0406181 0.0272687 0.020002 0.015507 0.00848572 0.00386268 0.00378268 0.00381963 0.00372991 0 0.00374407 0.00380859 0.00381403 0.00445782 0.0205809 0.011527 0.936814 0.0104918 0.00928119 
0.00845086 0.00828193 0.0087332 0.00835058 0.00832224 0.00821642 0.00838214 0.00941771 0.00858724 0.0110104 0.00954879 0.00873837 0.00823819 0.0083822 0.0084254 0.00816162 0.00858408 0.00940786 0.0128892 0.0158552 0.00923284 0.00858583 0.0123922 0.0146474 0.0163491 0.0166864 0.0102325 0.00884216 0.00431155 0.00383679 0.00381972 0.00433951 0.00374407 0 0.0037506 0.0038386 0.00659089 0.00734184 0.931754 0.00915908 0.00775407 0.00710585 
0.00842136 0.00871731 0.00823221 0.00816073 0.00810222 0.00814711 0.00902768 0.00826144 0.00855685 0.00849304 0.00854444 0.00830548 0.00820871 0.00852435 0.00814494 0.00826769 0.00816647 0.0100768 0.0119201 0.00972236 0.012205 0.00876304 0.0116941 0.0284741 0.0103696 0.0106155 0.0166054 0.00885859 0.00415654 0.00675507 0.00386957 0.00379945 0.00380859 0.0037506 0 0.00413295 0.00493371 0.982807 0.00678213 0.00637519 0.00699978 0.00671416 
0.00915112 0.00867781 0.00830056 0.00818729 0.00811429 0.00822314 0.0100069 0.00848577 0.00828614 0.00836435 0.00822254 0.00817599 0.0082517 0.0100491 0.00824443 0.00811505 0.00834783 0.0140445 0.00928433 0.00869901 0.00870583 0.00994139 0.0286293 0.0101821 0.0089289 0.00919532 0.00907276 0.0117041 0.00723214 0.00427606 0.00388734 0.00390363 0.00381403 0.0038386 0.00413295 0 0.986827 0.00534076 0.00426058 0.00446406 0.00545907 0.00665163 
0.00859806 0.00830357 0.00830709 0.00831884 0.00904137 0.0101666 0.00879993 0.00821925 0.00830448 0.00844933 0.00836018 0.00895651 0.0112953 0.00847518 0.00818842 0.008364 0.010641 0.012566 0.00956213 0.00948194 0.0106613 0.0144526 0.0133961 0.0123939 0.0105941 0.0102352 0.0102117 0.0261357 0.00664876 0.00627637 0.00556412 0.00515371 0.00445782 0.00659089 0.00493371 0.986827 0 0.00394721 0.0037901 0.00393073 0.00418751 0.00883379 
0.00824832 0.00826031 0.00832942 0.00827444 0.00874134 0.00874319 0.0083702 0.00833649 0.00857323 0.00886958 0.00933879 0.00877689 0.0090223 0.00820426 0.00814957 0.00839968 0.00827761 0.0111945 0.0129348 0.0122091 0.0120293 0.0104409 0.0118656 0.026856 0.0127197 0.0134816 0.0343202 0.010169 0.00726544 0.00668477 0.00757469 0.00725218 0.0205809 0.00734184 0.982807 0.00534076 0.00394721 0 0.00378125 0.00381349 0.00438385 0.00512372 
0.00829801 0.008365 0.00857485 0.00840199 0.00821234 0.0082341 0.00840286 0.00852506 0.0091301 0.011249 0.0104067 0.00863902 0.00826913 0.00829536 0.00820498 0.00814277 0.00839287 0.00953686 0.0137758 0.0163595 0.0103781 0.0088672 0.00996705 0.0121954 0.0176367 0.0331509 0.0106147 0.00887134 0.00732322 0.00810935 0.00800633 0.0319352 0.011527 0.931754 0.00678213 0.00426058 0.0037901 0.00378125 0 0.00384284 0.00391277 0.0040886 
0.00833221 0.00838026 0.00873786 0.00838225 0.0081616 0.00821679 0.00865867 0.00839937 0.00980787 0.00931056 0.00994872 0.0084769 0.00825022 0.00836885 0.00813343 0.00824636 0.00819555 0.0101649 0.0114724 0.0192701 0.00947552 0.00866446 0.0101784 0.0129729 0.0258046 0.0165936 0.0131711 0.00853996 0.00756722 0.00903372 0.0157181 0.0139743 0.936814 0.00915908 0.00637519 0.00446406 0.00393073 0.00381349 0.00384284 0 0.00388902 0.00392399 
0.0090019 0.00896885 0.00850693 0.0083773 0.00825607 0.00827548 0.00914244 0.00892344 0.00859137 0.00885455 0.00894882 0.00853109 0.0082224 0.00892242 0.00843532 0.00820844 0.00828305 0.0101789 0.0172181 0.010328 0.011554 0.00883694 0.0111795 0.0204617 0.0123843 0.0158321 0.0171349 0.00966094 0.0102608 0.0171233 0.0184351 0.871698 0.0104918 0.00775407 0.00699978 0.00545907 0.00418751 0.00438385 0.00391277 0.00388902 0 0.00412289 
0.00981962 0.00928676 0.00889252 0.00852075 0.00821613 0.00848552 0.0114988 0.00863282 0.00886595 0.00897864 0.0085228 0.00824808 0.0086378 0.0105615 0.00843399 0.00820949 0.00830403 0.0172058 0.00979087 0.00910786 0.00950619 0.0101586 0.0220818 0.0123004 0.00969732 0.0101516 0.0118799 0.0125265 0.0195522 0.0293239 0.661091 0.0160308 0.00928119 0.00710585 0.00671416 0.00665163 0.00883379 0.00512372 0.0040886 0.00392399 0.00412289 0 
