1FJ2A
MDPEFMSTPLPAIVPAARKATAAVIFLHGLGDTGHGWAEAFAGIRSSHIKYICPHAPVRPVTLNMNVAMPSWFDIIGLSPDSQEDESGIKQAAENIKALIDQEVKNGIPSNRIILGGFSQGGALSLYTALTTQQKLAGVTALSCWLPLRASFPQGPIGGANRDISILQCHGDCDPLVPLMFGSLTVEKLKTLVNPANVTFKTYEGMMHSSCQQEMMDVKQFIDKLLPPI
CCHHHHHCCCCEEECCCCCCCEEEEEECCCCCCHHHHHHHHHCCCCCCEEEEECCCCEEEEHHHCCEEEECCCCECCCCCCCCECHHHHHHHHHHHHHHHHHHHHCCCCHHHEEEEEECHHHHHHHHHHCCCCCCCCEEEEECCCCCCHHHCCCCCCCCCCCCCCEEEEEECCCCCCCHHHHHHHHHHHHHHCCHHHEEEEEECCCCCCCCHHHHHHHHHHHHHHCCCC
0 0 0 0 0 0 0 0 0 0 0 0 0 0 0 0 0 0 0 0 0 0 0 0 0 0 0 0 0 0 0 0 0 0 0 0 0 0 0 0 0 0 0 0 0 0 0 0 0 0 0 0 0 0 0 0 0 0 0 0 0 0 0 0 0 0 0 0 0 0 0 0 0 0 0 0 0 0 0 0 0 0 0 0 0 0 0 0 0 0 0 0 0 0 0 0 0 0 0 0 0 0 0 0 0 0 0 0 0 0 0 0 0 0 0 0 0 0 0 0 0 0 0 0 0 0 0 0 0 0 0 0 0 0 0 0 0 0 0 0 0 0 0 0 0 0 0 0 0 0 0 0 0 0 0 0 0 0 0 0 0 0 0 0 0 0 0 0 0 0 0 0 0 0 0 0 0 0 0 0 0 0 0 0 0 0 0 0 0 0 0 0 0 0 0 0 0 0 0 0 0 0 0 0 0 0 0 0 0 0 0 0 0 0 0 0 0 0 0 0 0 0 0 0 0 0 0 0 0 
0 0 0 0 0 0 0 0 0 0 0 0 0 0 0 0 0 0 0 0 0 0 0 0 0 0 0 0 0 0 0 0 0 0 0 0 0 0 0 0 0 0 0 0 0 0 0 0 0 0 0 0 0 0 0 0 0 0 0 0 0 0 0 0 0 0 0 0 0 0 0 0 0 0 0 0 0 0 0 0 0 0 0 0 0 0 0 0 0 0 0 0 0 0 0 0 0 0 0 0 0 0 0 0 0 0 0 0 0 0 0 0 0 0 0 0 0 0 0 0 0 0 0 0 0 0 0 0 0 0 0 0 0 0 0 0 0 0 0 0 0 0 0 0 0 0 0 0 0 0 0 0 0 0 0 0 0 0 0 0 0 0 0 0 0 0 0 0 0 0 0 0 0 0 0 0 0 0 0 0 0 0 0 0 0 0 0 0 0 0 0 0 0 0 0 0 0 0 0 0 0 0 0 0 0 0 0 0 0 0 0 0 0 0 0 0 0 0 0 0 0 0 0 0 0 0 0 0 0 
0 0.003927 0.00547889 0.0163207 0.0183551 0.0526542 0.0233908 0.0171969 0.0449724 0.0275184 0.0122007 0.0164582 0.0135715 0.0231003 0.0126425 0.0110772 0.0108852 0.0238464 0.0212621 0.00876912 0.0104974 0.013996 0.0153627 0.0126747 0.010293 0.00912293 0.00910247 0.00891181 0.00880489 0.0107748 0.00897603 0.00849121 0.00884297 0.0091144 0.00992985 0.00876339 0.00836194 0.00838406 0.00842464 0.00827789 0.00861489 0.00910889 0.00811512 0.00830986 0.00821877 0.00830576 0.0087928 
0.003927 0 0.00385538 0.0110494 0.0535973 0.0174135 0.0115285 0.0365742 0.00929249 0.0120518 0.0379555 0.0121058 0.0426875 0.00980522 0.0116416 0.00982467 0.0174271 0.00861066 0.00947284 0.0193969 0.0109414 0.00915852 0.00922678 0.00896946 0.00894226 0.00998477 0.00965263 0.00914267 0.0096918 0.00833235 0.00932384 0.00891496 0.00859498 0.00905383 0.00836729 0.00843535 0.00845483 0.00855692 0.0084285 0.00828763 0.00813689 0.00819044 0.00829255 0.00825646 0.00819696 0.0082507 0.00814897 
0.00547889 0.00385538 0 0.0488763 0.0137184 0.0126688 0.011886 0.00917212 0.0142626 0.0288732 0.0100426 0.0145689 0.0118306 0.0178747 0.0149355 0.0112337 0.00834539 0.0148718 0.0264316 0.00877866 0.00983394 0.0106395 0.0185558 0.0100985 0.0158707 0.00882176 0.00933966 0.00914865 0.00871008 0.00938361 0.0101444 0.00912035 0.00854519 0.00853133 0.00884465 0.00938825 0.00835335 0.00836712 0.00836823 0.00816598 0.00830212 0.0114328 0.0082599 0.0082725 0.00824092 0.00811777 0.0084169 
0.0163207 0.0110494 0.0488763 0 0.00397279 0.00379789 0.00380873 0.00386521 0.00456818 0.429202 0.0158086 0.0166963 0.0149305 0.022838 0.0182036 0.011591 0.0124245 0.021457 0.0188135 0.00961993 0.0102991 0.016357 0.0188499 0.0152988 0.0142107 0.00993407 0.00939035 0.00911333 0.00910519 0.0118349 0.0111198 0.00885738 0.00892277 0.00931621 0.0100827 0.00942578 0.00852645 0.00851979 0.00847628 0.00833653 0.0086378 0.009945 0.0082039 0.00831573 0.00818502 0.00824249 0.0086634 
0.0183551 0.0535973 0.0137184 0.00397279 0 0.00380454 0.00379521 0.00381874 0.00399873 0.0880809 0.461662 0.0298735 0.0387962 0.0132456 0.016475 0.0168799 0.0141685 0.0108418 0.0124452 0.0216214 0.0162598 0.0102072 0.0111846 0.00943746 0.0137772 0.0194397 0.0213607 0.0165201 0.0131586 0.00893204 0.00988917 0.0117103 0.011529 0.0120912 0.00969328 0.00887268 0.00961086 0.00974783 0.00918527 0.00883896 0.00826761 0.00839189 0.00835308 0.00836493 0.0083093 0.00834553 0.00825546 
0.0526542 0.0174135 0.0126688 0.00379789 0.00380454 0 0.00382734 0.00378793 0.00378358 0.0947426 0.0723481 0.508289 0.0357532 0.0178164 0.012578 0.0197815 0.0125065 0.0104376 0.0113813 0.0198257 0.0194612 0.0114738 0.00984001 0.00851628 0.0128767 0.0311691 0.0716674 0.0534457 0.0162074 0.00919058 0.010334 0.0165218 0.0250423 0.0168975 0.00987613 0.00953805 0.0122043 0.0133854 0.0124317 0.0092393 0.00841388 0.00845636 0.00839453 0.00847374 0.00847964 0.00833665 0.00825257 
0.0233908 0.0115285 0.011886 0.00380873 0.00379521 0.00382734 0 0.00377721 0.00376931 0.0363186 0.167619 0.175292 0.287422 0.0131201 0.0136846 0.0276929 0.0125001 0.0108556 0.0122222 0.0221578 0.0235196 0.0111433 0.00963283 0.00849171 0.0137402 0.0321526 0.107721 0.0667023 0.020474 0.00979259 0.0114579 0.0183428 0.0288933 0.0209613 0.0103064 0.00965254 0.0121085 0.0139094 0.01243 0.00907877 0.0085123 0.00854061 0.00846893 0.00843784 0.00845809 0.00831795 0.00824844 
0.0171969 0.0365742 0.00917212 0.00386521 0.00381874 0.00378793 0.00377721 0 0.00396306 0.0244551 0.0626849 0.152012 0.182343 0.173795 0.0146219 0.0209191 0.0301348 0.0107465 0.00987151 0.0197743 0.0399127 0.0143867 0.0113707 0.00917892 0.0120017 0.0298165 0.0377561 0.0329465 0.0272921 0.010212 0.0103704 0.0146993 0.0137256 0.0173994 0.0102659 0.00994438 0.0104217 0.0125122 0.00987384 0.00910184 0.00836816 0.00838456 0.00841809 0.00832325 0.00833009 0.00826366 0.00823569 
0.0449724 0.00929249 0.0142626 0.00456818 0.00399873 0.00378358 0.00376931 0.00396306 0 0.027601 0.0214424 0.025936 0.180931 0.145557 0.0350325 0.0109079 0.0109059 0.0222846 0.0168497 0.00974578 0.0143424 0.0232618 0.0161705 0.0108563 0.0168386 0.00985245 0.0134026 0.011905 0.0126827 0.0140111 0.0122989 0.00982583 0.00962882 0.0105926 0.0113042 0.0102752 0.00923578 0.00930282 0.00901114 0.00854959 0.00865071 0.00955627 0.00818575 0.00819557 0.00815804 0.00822955 0.0082371 
0.0275184 0.0120518 0.0288732 0.429202 0.0880809 0.0947426 0.0363186 0.0244551 0.027601 0 0.00416387 0.00382385 0.00383211 0.00409048 0.00655029 0.00631119 0.00791889 0.0373401 0.0103734 0.00899547 0.00953869 0.0195851 0.0187142 0.0170179 0.0168408 0.0121165 0.010909 0.0106632 0.0102775 0.0151954 0.0115884 0.0091373 0.0100621 0.0111201 0.0133277 0.00946369 0.00873624 0.00877814 0.0088111 0.00867756 0.00907921 0.00944526 0.00811066 0.0081711 0.00818842 0.0081415 0.00834804 
0.0122007 0.0379555 0.0100426 0.0158086 0.461662 0.0723481 0.167619 0.0626849 0.0214424 0.00416387 0 0.00377937 0.0037999 0.00378373 0.00573526 0.00737806 0.0253734 0.00903952 0.00853151 0.0116804 0.0157189 0.0107933 0.0107688 0.00969932 0.0122245 0.0259773 0.0276901 0.0237151 0.0185034 0.00915056 0.0107803 0.0147494 0.0171379 0.0170545 0.00953292 0.0095767 0.0108839 0.0107498 0.0097128 0.00935162 0.00838619 0.00821969 0.00838419 0.00836285 0.00836568 0.00835625 0.0081833 
0.0164582 0.0121058 0.0145689 0.0166963 0.0298735 0.508289 0.175292 0.152012 0.025936 0.00382385 0.00377937 0 0.00377167 0.00376698 0.00627817 0.0369561 0.0145029 0.00635797 0.00885841 0.012421 0.0137366 0.00911062 0.010633 0.00878211 0.0158848 0.0323311 0.102174 0.0677281 0.0188766 0.0100354 0.0118702 0.0243107 0.0465365 0.0204545 0.0106859 0.0105328 0.0153545 0.0183723 0.0158897 0.00931561 0.00857218 0.00862692 0.00844895 0.00868739 0.00849333 0.00837579 0.00826854 
0.0135715 0.0426875 0.0118306 0.0149305 0.0387962 0.0357532 0.287422 0.182343 0.180931 0.00383211 0.0037999 0.00377167 0 0.00380503 0.0128623 0.0100787 0.00684482 0.00458821 0.0101229 0.0129416 0.0116793 0.0113875 0.0133807 0.0092907 0.013554 0.0293718 0.045138 0.0296731 0.0410701 0.0116111 0.0107472 0.0218729 0.0156745 0.0293672 0.0112151 0.0105475 0.0118655 0.013483 0.0124966 0.0101791 0.00847533 0.00836299 0.00876741 0.00843643 0.00838589 0.00829532 0.0081775 
0.0231003 0.00980522 0.0178747 0.022838 0.0132456 0.0178164 0.0131201 0.173795 0.145557 0.00409048 0.00378373 0.00376698 0.00380503 0 0.0112987 0.00650781 0.004018 0.00454894 0.00854668 0.00865414 0.0081979 0.0144148 0.0200543 0.0110459 0.0208487 0.0111694 0.0155692 0.0132144 0.0153113 0.0183858 0.0167226 0.00992943 0.00998759 0.0109062 0.0151589 0.0115358 0.00901328 0.00902262 0.00902656 0.00852975 0.00841438 0.0089621 0.00824078 0.0081763 0.00815747 0.00816231 0.00818908 
0.0126425 0.0116416 0.0149355 0.0182036 0.016475 0.012578 0.0136846 0.0146219 0.0350325 0.00655029 0.00573526 0.00627817 0.0128623 0.0112987 0 0.00378954 0.00381405 0.00375548 0.00551689 0.00775367 0.00944335 0.918483 0.0103986 0.0175811 0.013 0.0110344 0.0101141 0.00938969 0.0101344 0.012885 0.0104626 0.00891749 0.0092667 0.00908321 0.0119584 0.00933019 0.00842798 0.00854108 0.00834521 0.00850161 0.00852738 0.00834825 0.00817491 0.00806404 0.00813752 0.00811477 0.00826207 
0.0110772 0.00982467 0.0112337 0.011591 0.0168799 0.0197815 0.0276929 0.0209191 0.0109079 0.00631119 0.00737806 0.0369561 0.0100787 0.00650781 0.00378954 0 0.00375378 0.00375697 0.00680175 0.00725882 0.924248 0.00795977 0.00990516 0.00849917 0.0117096 0.0131726 0.0154026 0.0133587 0.00987562 0.00853693 0.00875438 0.0108786 0.00970378 0.0103267 0.00876674 0.00854362 0.00906195 0.00876778 0.00870227 0.00818797 0.00815775 0.00929563 0.00810679 0.00824613 0.00817494 0.0081076 0.00817291 
0.0108852 0.0174271 0.00834539 0.0124245 0.0141685 0.0125065 0.0125001 0.0301348 0.0109059 0.00791889 0.0253734 0.0145029 0.00684482 0.004018 0.00381405 0.00375378 0 0.00374327 0.0046186 0.961824 0.00588712 0.0062844 0.00707654 0.00859001 0.0111868 0.0125481 0.0126632 0.0100377 0.0125783 0.00845072 0.0101415 0.0097154 0.0101791 0.0102479 0.00851196 0.00884199 0.00876295 0.00880452 0.00853522 0.0085821 0.00812231 0.00826059 0.00873902 0.00811155 0.00820403 0.00815234 0.008053 
0.0238464 0.00861066 0.0148718 0.021457 0.0108418 0.0104376 0.0108556 0.0107465 0.0222846 0.0373401 0.00903952 0.00635797 0.00458821 0.00454894 0.00375548 0.00375697 0.00374327 0 0.979237 0.00402789 0.00451537 0.0043585 0.0114525 0.0125122 0.0268609 0.0107454 0.00989371 0.00942883 0.00887229 0.0119516 0.012414 0.00986864 0.0090393 0.00907525 0.011004 0.011599 0.0089901 0.00855747 0.00888629 0.00829337 0.00845948 0.0119473 0.00818806 0.0082542 0.00816302 0.00811989 0.00835371 
0.0212621 0.00947284 0.0264316 0.0188135 0.0124452 0.0113813 0.0122222 0.00987151 0.0168497 0.0103734 0.00853151 0.00885841 0.0101229 0.00854668 0.00551689 0.00680175 0.0046186 0.979237 0 0.00379528 0.00381845 0.00576565 0.00718266 0.0168278 0.0208907 0.0108965 0.010269 0.010051 0.0100121 0.0140866 0.0118217 0.00991889 0.00946037 0.00999338 0.0123271 0.00920193 0.00855748 0.00852677 0.00846091 0.00834565 0.0101207 0.010279 0.00806945 0.00818251 0.00811138 0.00817067 0.00876568 
0.00876912 0.0193969 0.00877866 0.00961993 0.0216214 0.0198257 0.0221578 0.0197743 0.00974578 0.00899547 0.0116804 0.012421 0.0129416 0.00865414 0.00775367 0.00725882 0.961824 0.00402789 0.00379528 0 0.00380842 0.00376047 0.00504313 0.00777199 0.0112342 0.0215815 0.0185386 0.015545 0.0120672 0.00868477 0.0096097 0.0114501 0.0149153 0.0127089 0.00886559 0.00898847 0.00968209 0.0101133 0.00900673 0.00941083 0.00818798 0.00810199 0.00815467 0.00820633 0.00815304 0.00825498 0.00810565 
0.0104974 0.0109414 0.00983394 0.0102991 0.0162598 0.0194612 0.0235196 0.0399127 0.0143424 0.00953869 0.0157189 0.0137366 0.0116793 0.0081979 0.00944335 0.924248 0.00588712 0.00451537 0.00381845 0.00380842 0 0.00374631 0.00509644 0.00769215 0.0134406 0.0194719 0.0307655 0.0179367 0.0276404 0.00997443 0.00951223 0.0150788 0.0113964 0.0188192 0.0104924 0.00904658 0.0111684 0.0101506 0.0116869 0.00874127 0.00834328 0.00872897 0.0082152 0.00826243 0.00822351 0.00819048 0.00811854 
0.013996 0.00915852 0.0106395 0.016357 0.0102072 0.0114738 0.0111433 0.0143867 0.0232618 0.0195851 0.0107933 0.00911062 0.0113875 0.0144148 0.918483 0.00795977 0.0062844 0.0043585 0.00576565 0.00376047 0.00374631 0 0.00672242 0.0101702 0.0205374 0.0119776 0.0132571 0.0130145 0.0148535 0.0238296 0.0153399 0.00955503 0.00942165 0.011538 0.0183096 0.0113891 0.00864066 0.0100231 0.00852058 0.00872325 0.00842486 0.00900399 0.0082324 0.00819038 0.00816085 0.00821718 0.00809224 
0.0153627 0.00922678 0.0185558 0.0188499 0.0111846 0.00984001 0.00963283 0.0113707 0.0161705 0.0187142 0.0107688 0.010633 0.0133807 0.0200543 0.0103986 0.00990516 0.00707654 0.0114525 0.00718266 0.00504313 0.00509644 0.00672242 0 0.859348 0.0200913 0.0129985 0.0118291 0.0101962 0.0124264 0.0177965 0.0136584 0.00988411 0.00876422 0.0102999 0.013693 0.0126198 0.00892577 0.00848923 0.00852634 0.00839928 0.00969094 0.0137832 0.00818164 0.008339 0.00815804 0.00813385 0.00930018 
0.0126747 0.00896946 0.0100985 0.0152988 0.00943746 0.00851628 0.00849171 0.00917892 0.0108563 0.0170179 0.00969932 0.00878211 0.0092907 0.0110459 0.0175811 0.00849917 0.00859001 0.0125122 0.0168278 0.00777199 0.00769215 0.0101702 0.859348 0 0.0175431 0.0115884 0.00942789 0.00939305 0.0102958 0.0231452 0.0136601 0.0089871 0.00846907 0.00881292 0.0122113 0.0114644 0.00834608 0.00815706 0.00811822 0.00824856 0.00875742 0.0112112 0.00838197 0.0081637 0.0080902 0.00821223 0.0086665 
0.010293 0.00894226 0.0158707 0.0142107 0.0137772 0.0128767 0.0137402 0.0120017 0.0168386 0.0168408 0.0122245 0.0158848 0.013554 0.0208487 0.013 0.0117096 0.0111868 0.0268609 0.0208907 0.0112342 0.0134406 0.0205374 0.0200913 0.0175431 0 0.0038034 0.00384437 0.00379154 0.00382211 0.00463976 0.0383512 0.0387072 0.0120823 0.0174827 0.0368833 0.027402 0.0163879 0.0118143 0.0125967 0.0104388 0.0186384 0.0114462 0.00830122 0.00900006 0.00838928 0.00868041 0.0128729 
0.00912293 0.00998477 0.00882176 0.00993407 0.0194397 0.0311691 0.0321526 0.0298165 0.00985245 0.0121165 0.0259773 0.0323311 0.0293718 0.0111694 0.0110344 0.0131726 0.0125481 0.0107454 0.0108965 0.0215815 0.0194719 0.0119776 0.0129985 0.0115884 0.0038034 0 0.00377733 0.00379078 0.0038845 0.00383425 0.375258 0.0385529 0.0692428 0.0270696 0.0169659 0.0206349 0.0400899 0.0280629 0.0201749 0.0151993 0.0102116 0.00942737 0.00895834 0.00878305 0.00895169 0.00961571 0.00846035 
0.00910247 0.00965263 0.00933966 0.00939035 0.0213607 0.0716674 0.107721 0.0377561 0.0134026 0.010909 0.0276901 0.102174 0.045138 0.0155692 0.0101141 0.0154026 0.0126632 0.00989371 0.010269 0.0185386 0.0307655 0.0132571 0.0118291 0.00942789 0.00384437 0.00377733 0 0.00376656 0.00379954 0.00398724 0.0231387 0.459935 0.0637729 0.12466 0.017313 0.0179967 0.0411345 0.0857504 0.0613037 0.0158981 0.0101202 0.00917417 0.00895474 0.0106885 0.0109367 0.00959378 0.00861708 
0.00891181 0.00914267 0.00914865 0.00911333 0.0165201 0.0534457 0.0667023 0.0329465 0.011905 0.0106632 0.0237151 0.0677281 0.0296731 0.0132144 0.00938969 0.0133587 0.0100377 0.00942883 0.010051 0.015545 0.0179367 0.0130145 0.0101962 0.00939305 0.00379154 0.00379078 0.00376656 0 0.00377524 0.00375151 0.0443932 0.0378767 0.575705 0.0264798 0.0348095 0.0149941 0.0358402 0.0555996 0.0539936 0.0128762 0.0104666 0.00920166 0.00866763 0.0103761 0.0105591 0.0087219 0.00863157 
0.00880489 0.0096918 0.00871008 0.00910519 0.0131586 0.0162074 0.020474 0.0272921 0.0126827 0.0102775 0.0185034 0.0188766 0.0410701 0.0153113 0.0101344 0.00987562 0.0125783 0.00887229 0.0100121 0.0120672 0.0276404 0.0148535 0.0124264 0.0102958 0.00382211 0.0038845 0.00379954 0.00377524 0 0.00403899 0.0157816 0.105874 0.0220815 0.667137 0.030747 0.0142595 0.0235051 0.0276012 0.0143536 0.0254867 0.00955774 0.00883411 0.00877965 0.00852014 0.00861104 0.00931818 0.00840688 
0.0107748 0.00833235 0.00938361 0.0118349 0.00893204 0.00919058 0.00979259 0.010212 0.0140111 0.0151954 0.00915056 0.0100354 0.0116111 0.0183858 0.012885 0.00853693 0.00845072 0.0119516 0.0140866 0.00868477 0.00997443 0.0238296 0.0177965 0.0231452 0.00463976 0.00383425 0.00398724 0.00375151 0.00403899 0 0.0336106 0.0172786 0.0356964 0.0320852 0.599758 0.0211655 0.0121333 0.0102067 0.0107759 0.00970751 0.0149895 0.0165385 0.00838046 0.00825245 0.00835098 0.0084033 0.00968558 
0.00897603 0.00932384 0.0101444 0.0111198 0.00988917 0.010334 0.0114579 0.0103704 0.0122989 0.0115884 0.0107803 0.0118702 0.0107472 0.0167226 0.0104626 0.00875438 0.0101415 0.012414 0.0118217 0.0096097 0.00951223 0.0153399 0.0136584 0.0136601 0.0383512 0.375258 0.0231387 0.0443932 0.0157816 0.0336106 0 0.00386889 0.00385014 0.00388513 0.00410181 0.251293 0.0358237 0.0156689 0.0128679 0.0124179 0.0200564 0.0105412 0.00920929 0.00867078 0.0087297 0.00913855 0.0128438 
0.00849121 0.00891496 0.00912035 0.00885738 0.0117103 0.0165218 0.0183428 0.0146993 0.00982583 0.0091373 0.0147494 0.0243107 0.0218729 0.00992943 0.00891749 0.0108786 0.0097154 0.00986864 0.00991889 0.0114501 0.0150788 0.00955503 0.00988411 0.0089871 0.0387072 0.0385529 0.459935 0.0378767 0.105874 0.0172786 0.00386889 0 0.00380394 0.00381112 0.00391059 0.33477 0.116035 0.0371099 0.0298181 0.0228569 0.0109938 0.011942 0.00878796 0.0107955 0.00933765 0.0113162 0.00910801 
0.00884297 0.00859498 0.00854519 0.00892277 0.011529 0.0250423 0.0288933 0.0137256 0.00962882 0.0100621 0.0171379 0.0465365 0.0156745 0.00998759 0.0092667 0.00970378 0.0101791 0.0090393 0.00946037 0.0149153 0.0113964 0.00942165 0.00876422 0.00846907 0.0120823 0.0692428 0.0637729 0.575705 0.0220815 0.0356964 0.00385014 0.00380394 0 0.00379188 0.00377736 0.0482008 0.308289 0.104958 0.121307 0.0152564 0.0106222 0.00965608 0.0106215 0.0105038 0.0130528 0.00938299 0.00884068 
0.0091144 0.00905383 0.00853133 0.00931621 0.0120912 0.0168975 0.0209613 0.0173994 0.0105926 0.0111201 0.0170545 0.0204545 0.0293672 0.0109062 0.00908321 0.0103267 0.0102479 0.00907525 0.00999338 0.0127089 0.0188192 0.011538 0.0102999 0.00881292 0.0174827 0.0270696 0.12466 0.0264798 0.667137 0.0320852 0.00388513 0.00381112 0.00379188 0 0.00399463 0.0352237 0.0648323 0.366764 0.0785898 0.126182 0.0137361 0.0109879 0.00988418 0.00987843 0.0093634 0.0126257 0.00888878 
0.00992985 0.00836729 0.00884465 0.0100827 0.00969328 0.00987613 0.0103064 0.0102659 0.0113042 0.0133277 0.00953292 0.0106859 0.0112151 0.0151589 0.0119584 0.00876674 0.00851196 0.011004 0.0123271 0.00886559 0.0104924 0.0183096 0.013693 0.0122113 0.0368833 0.0169659 0.017313 0.0348095 0.030747 0.599758 0.00410181 0.00391059 0.00377736 0.00399463 0 0.027822 0.0360907 0.0528851 0.212787 0.0610073 0.167803 0.0224696 0.00887043 0.00867047 0.00864049 0.00910424 0.0119061 
0.00876339 0.00843535 0.00938825 0.00942578 0.00887268 0.00953805 0.00965254 0.00994438 0.0102752 0.00946369 0.0095767 0.0105328 0.0105475 0.0115358 0.00933019 0.00854362 0.00884199 0.011599 0.00920193 0.00898847 0.00904658 0.0113891 0.0126198 0.0114644 0.027402 0.0206349 0.0179967 0.0149941 0.0142595 0.0211655 0.251293 0.33477 0.0482008 0.0352237 0.027822 0 0.00387112 0.00380815 0.00381288 0.00384869 0.00433969 0.184524 0.0131882 0.0102754 0.0104139 0.0112838 0.0274473 
0.00836194 0.00845483 0.00835335 0.00852645 0.00961086 0.0122043 0.0121085 0.0104217 0.00923578 0.00873624 0.0108839 0.0153545 0.0118655 0.00901328 0.00842798 0.00906195 0.00876295 0.0089901 0.00855748 0.00968209 0.0111684 0.00864066 0.00892577 0.00834608 0.0163879 0.0400899 0.0411345 0.0358402 0.0235051 0.0121333 0.0358237 0.116035 0.308289 0.0648323 0.0360907 0.00387112 0 0.00378021 0.00376333 0.00383735 0.00378384 0.0284957 0.14436 0.0225563 0.0186782 0.0245363 0.00993212 
0.00838406 0.00855692 0.00836712 0.00851979 0.00974783 0.0133854 0.0139094 0.0125122 0.00930282 0.00877814 0.0107498 0.0183723 0.013483 0.00902262 0.00854108 0.00876778 0.00880452 0.00855747 0.00852677 0.0101133 0.0101506 0.0100231 0.00848923 0.00815706 0.0118143 0.0280629 0.0857504 0.0555996 0.0276012 0.0102067 0.0156689 0.0371099 0.104958 0.366764 0.0528851 0.00380815 0.00378021 0 0.00376611 0.0037908 0.00375621 0.0126115 0.0192709 0.168951 0.0466227 0.0175263 0.00966534 
0.00842464 0.0084285 0.00836823 0.00847628 0.00918527 0.0124317 0.01243 0.00987384 0.00901114 0.0088111 0.0097128 0.0158897 0.0124966 0.00902656 0.00834521 0.00870227 0.00853522 0.00888629 0.00846091 0.00900673 0.0116869 0.00852058 0.00852634 0.00811822 0.0125967 0.0201749 0.0613037 0.0539936 0.0143536 0.0107759 0.0128679 0.0298181 0.121307 0.0785898 0.212787 0.00381288 0.00376333 0.00376611 0 0.00378138 0.0037449 0.0166936 0.0143811 0.0654827 0.187369 0.0126995 0.0106219 
0.00827789 0.00828763 0.00816598 0.00833653 0.00883896 0.0092393 0.00907877 0.00910184 0.00854959 0.00867756 0.00935162 0.00931561 0.0101791 0.00852975 0.00850161 0.00818797 0.0085821 0.00829337 0.00834565 0.00941083 0.00874127 0.00872325 0.00839928 0.00824856 0.0104388 0.0151993 0.0158981 0.0128762 0.0254867 0.00970751 0.0124179 0.0228569 0.0152564 0.126182 0.0610073 0.00384869 0.00383735 0.0037908 0.00378138 0 0.00371133 0.0104469 0.0262187 0.0102403 0.0116419 0.212484 0.00891671 
0.00861489 0.00813689 0.00830212 0.0086378 0.00826761 0.00841388 0.0085123 0.00836816 0.00865071 0.00907921 0.00838619 0.00857218 0.00847533 0.00841438 0.00852738 0.00815775 0.00812231 0.00845948 0.0101207 0.00818798 0.00834328 0.00842486 0.00969094 0.00875742 0.0186384 0.0102116 0.0101202 0.0104666 0.00955774 0.0149895 0.0200564 0.0109938 0.0106222 0.0137361 0.167803 0.00433969 0.00378384 0.00375621 0.0037449 0.00371133 0 0.0394543 0.00898846 0.0100431 0.00947516 0.010794 0.288911 
0.00910889 0.00819044 0.0114328 0.009945 0.00839189 0.00845636 0.00854061 0.00838456 0.00955627 0.00944526 0.00821969 0.00862692 0.00836299 0.0089621 0.00834825 0.00929563 0.00826059 0.0119473 0.010279 0.00810199 0.00872897 0.00900399 0.0137832 0.0112112 0.0114462 0.00942737 0.00917417 0.00920166 0.00883411 0.0165385 0.0105412 0.011942 0.00965608 0.0109879 0.0224696 0.184524 0.0284957 0.0126115 0.0166936 0.0104469 0.0394543 0 0.00376848 0.00391932 0.00397094 0.0038838 0.00821626 
0.00811512 0.00829255 0.0082599 0.0082039 0.00835308 0.00839453 0.00846893 0.00841809 0.00818575 0.00811066 0.00838419 0.00844895 0.00876741 0.00824078 0.00817491 0.00810679 0.00873902 0.00818806 0.00806945 0.00815467 0.0082152 0.0082324 0.00818164 0.00838197 0.00830122 0.00895834 0.00895474 0.00866763 0.00877965 0.00838046 0.00920929 0.00878796 0.0106215 0.00988418 0.00887043 0.0131882 0.14436 0.0192709 0.0143811 0.0262187 0.00898846 0.00376848 0 0.00375414 0.00376815 0.00403719 0.00391114 
0.00830986 0.00825646 0.0082725 0.00831573 0.00836493 0.00847374 0.00843784 0.00832325 0.00819557 0.0081711 0.00836285 0.00868739 0.00843643 0.0081763 0.00806404 0.00824613 0.00811155 0.0082542 0.00818251 0.00820633 0.00826243 0.00819038 0.008339 0.0081637 0.00900006 0.00878305 0.0106885 0.0103761 0.00852014 0.00825245 0.00867078 0.0107955 0.0105038 0.00987843 0.00867047 0.0102754 0.0225563 0.168951 0.0654827 0.0102403 0.0100431 0.00391932 0.00375414 0 0.00390296 0.00376861 0.00390243 
0.00821877 0.00819696 0.00824092 0.00818502 0.0083093 0.00847964 0.00845809 0.00833009 0.00815804 0.00818842 0.00836568 0.00849333 0.00838589 0.00815747 0.00813752 0.00817494 0.00820403 0.00816302 0.00811138 0.00815304 0.00822351 0.00816085 0.00815804 0.0080902 0.00838928 0.00895169 0.0109367 0.0105591 0.00861104 0.00835098 0.0087297 0.00933765 0.0130528 0.0093634 0.00864049 0.0104139 0.0186782 0.0466227 0.187369 0.0116419 0.00947516 0.00397094 0.00376815 0.00390296 0 0.00376902 0.00377318 
0.00830576 0.0082507 0.00811777 0.00824249 0.00834553 0.00833665 0.00831795 0.00826366 0.00822955 0.0081415 0.00835625 0.00837579 0.00829532 0.00816231 0.00811477 0.0081076 0.00815234 0.00811989 0.00817067 0.00825498 0.00819048 0.00821718 0.00813385 0.00821223 0.00868041 0.00961571 0.00959378 0.0087219 0.00931818 0.0084033 0.00913855 0.0113162 0.00938299 0.0126257 0.00910424 0.0112838 0.0245363 0.0175263 0.0126995 0.212484 0.010794 0.0038838 0.00403719 0.00376861 0.00376902 0 0.00384513 
0.0087928 0.00814897 0.0084169 0.0086634 0.00825546 0.00825257 0.00824844 0.00823569 0.0082371 0.00834804 0.0081833 0.00826854 0.0081775 0.00818908 0.00826207 0.00817291 0.008053 0.00835371 0.00876568 0.00810565 0.00811854 0.00809224 0.00930018 0.0086665 0.0128729 0.00846035 0.00861708 0.00863157 0.00840688 0.00968558 0.0128438 0.00910801 0.00884068 0.00888878 0.0119061 0.0274473 0.00993212 0.00966534 0.0106219 0.00891671 0.288911 0.00821626 0.00391114 0.00390243 0.00377318 0.00384513 0 
