1GNKB
MKLVTVIIKPFKLEDVREALSSIGIQGLTVTEVKGFGRQKGHAELYRGAEYSVNFLPKVKIDVAIADDQLDEVIDIVSKAAYTGKIGDGKIFVAELQRVIRIRTGEADEAAL
CEEEEEEECHHHHHHHHHHHHCCCCCCCEEEEEEECCCCCCCCCCCHHHCCCCCCEEEEEEEEEECCCCHHHHHHHHHHHHCCCCCCCEEEEEEECCCCECCCCCCEHHHHC
0 0 0 0 0 0 0 0 0 0 0 0 0 0 0 0 0 0 0 0 0 0 0 0 0 0 0 0 0 0 0 0 0 0 0 0 0 0 0 0 0 0 0 0 0 0 0 0 0 0 0 0 0 0 0 0 0 0 0 0 0 0 0 0 0 0 0 0 0 0 0 0 0 0 0 0 0 0 0 0 0 0 0 0 0 0 0 0 0 0 0 0 0 0 0 0 0 0 0 0 0 0 0 0 0 0 0 0 0 0 0 0 
0 0 0 0 0 0 0 0 0 0 0 0 0 0 0 0 0 0 0 0 0 0 0 0 0 0 0 0 0 0 0 0 0 0 0 0 0 0 0 0 0 0 0 0 0 0 0 0 0 0 0 0 0 0 0 0 0 0 0 0 0 0 0 0 0 0 0 0 0 0 0 0 0 0 0 0 0 0 0 0 0 0 0 0 0 0 0 0 0 0 0 0 0 0 0 0 0 0 0 0 0 0 0 0 0 0 0 0 0 0 0 0 
0 0.00395778 0.00387113 0.00399016 0.00401388 0.00504175 0.0100862 0.201287 0.0179635 0.0164102 0.0169509 0.0151059 0.0116274 0.0348787 0.0122053 0.0117336 0.012919 0.0195519 0.0131965 0.0313202 0.0175168 0.0324326 0.0131009 0.0783344 0.0102464 0.00987333 0.0096234 0.00902353 0.00940859 0.0089102 0.0138731 0.0112373 0.00875594 
0.00395778 0 0.00385237 0.00387001 0.00382849 0.00489358 0.00388139 0.0274106 0.059824 0.0120297 0.0132013 0.00895838 0.0186509 0.00865255 0.00907739 0.0110913 0.014742 0.0108751 0.0534152 0.0123336 0.0541985 0.0125173 0.0938986 0.00991877 0.0085405 0.0104416 0.00875657 0.0106406 0.00873822 0.00993699 0.00863639 0.00843359 0.0081897 
0.00387113 0.00385237 0 0.00384292 0.00388221 0.00377361 0.00381098 0.0171757 0.0410566 0.029757 0.0120077 0.0379552 0.00875808 0.0094412 0.0091494 0.0111466 0.0109315 0.0680882 0.01136 0.187021 0.0141948 0.264867 0.011021 0.0132578 0.00856818 0.00860259 0.0121969 0.0101728 0.014968 0.00969081 0.00840699 0.00873695 0.00809196 
0.00399016 0.00387001 0.00384292 0 0.00380233 0.00378047 0.00377953 0.0430875 0.0210255 0.0339493 0.0834258 0.0111847 0.0143787 0.00964613 0.00986619 0.0107861 0.0267521 0.0147134 0.129855 0.015958 0.312523 0.0181939 0.0457255 0.0105878 0.00890088 0.0105305 0.00995901 0.021251 0.0124845 0.00965966 0.00960071 0.00876184 0.00819859 
0.00401388 0.00382849 0.00388221 0.00380233 0 0.00384435 0.00378542 0.0215581 0.0441238 0.03516 0.0312854 0.0972347 0.0101293 0.0110901 0.0102152 0.0160329 0.0164618 0.0832343 0.0170642 0.339174 0.0195621 0.187391 0.0198158 0.0204688 0.00886516 0.00936445 0.0203658 0.0165122 0.0176182 0.0106724 0.00900927 0.00891881 0.00832345 
0.00504175 0.00489358 0.00377361 0.00378047 0.00384435 0 0.00377582 0.0269864 0.0200001 0.017767 0.025486 0.0120736 0.0846214 0.0148292 0.0109093 0.0120262 0.0197102 0.0129842 0.144958 0.0142363 0.0504339 0.0189102 0.134459 0.0145814 0.00904504 0.012101 0.00951952 0.0131623 0.0106262 0.010778 0.00967631 0.00879875 0.00835305 
0.0100862 0.00388139 0.00381098 0.00377953 0.00378542 0.00377582 0 0.0188386 0.0178609 0.0130596 0.010985 0.015017 0.0130074 0.110019 0.0213528 0.0108896 0.010622 0.0488163 0.0109637 0.0202653 0.010474 0.0227825 0.011598 0.0422825 0.0282423 0.00929437 0.0100031 0.00919268 0.010012 0.00902243 0.0100461 0.0136636 0.0103713 
0.201287 0.0274106 0.0171757 0.0430875 0.0215581 0.0269864 0.0188386 0 0.00464363 0.00393987 0.00436971 0.00405952 0.00797116 0.0060455 0.0142373 0.0101208 0.0130534 0.00893258 0.0164719 0.00888494 0.114679 0.00952504 0.0220983 0.0159544 0.0125006 0.00966041 0.00993159 0.0111136 0.00971494 0.00935263 0.0228256 0.0122511 0.012116 
0.0179635 0.059824 0.0410566 0.0210255 0.0441238 0.0200001 0.0178609 0.00464363 0 0.00387774 0.00383907 0.00415714 0.00398384 0.00397712 0.0113301 0.0108742 0.00860725 0.0186325 0.00911375 0.127923 0.010077 0.0277046 0.00944217 0.0116507 0.00905517 0.0085695 0.009452 0.00881765 0.00871696 0.0100831 0.00856822 0.00957007 0.00862934 
0.0164102 0.0120297 0.029757 0.0339493 0.03516 0.017767 0.0130596 0.00393987 0.00387774 0 0.0039007 0.00382175 0.00384387 0.00388091 0.00865308 0.00887305 0.0100059 0.0100419 0.096641 0.0163372 0.0147528 0.0107032 0.0106997 0.00880876 0.00866641 0.00847628 0.00889502 0.0100438 0.00924816 0.00839938 0.00904995 0.00840515 0.00829704 
0.0169509 0.0132013 0.0120077 0.0834258 0.0312854 0.025486 0.010985 0.00436971 0.00383907 0.0039007 0 0.00376155 0.00379932 0.00379758 0.00874625 0.00979786 0.0122277 0.0695233 0.0271049 0.00945441 0.0194823 0.00965999 0.0119651 0.00879811 0.0087254 0.00874155 0.00896999 0.0115843 0.0093811 0.00849933 0.00946009 0.00848897 0.00831808 
0.0151059 0.00895838 0.0379552 0.0111847 0.0972347 0.0120736 0.015017 0.00405952 0.00415714 0.00382175 0.00376155 0 0.00378087 0.00376638 0.0101379 0.0114011 0.0697448 0.0303183 0.00943846 0.0244727 0.00859989 0.0206099 0.00877315 0.00883337 0.00866797 0.00837079 0.0103115 0.00885316 0.00876287 0.00867435 0.00827472 0.00835659 0.00818121 
0.0116274 0.0186509 0.00875808 0.0143787 0.0101293 0.0846214 0.0130074 0.00797116 0.00398384 0.00384387 0.00379932 0.00378087 0 0.0038513 0.00961126 0.0848424 0.0117645 0.00923985 0.0237311 0.00843655 0.0161665 0.0090998 0.0188683 0.00870821 0.00917712 0.00892374 0.00847612 0.00931241 0.00850159 0.00839839 0.00900976 0.00857091 0.00840663 
0.0348787 0.00865255 0.0094412 0.00964613 0.0110901 0.0148292 0.110019 0.0060455 0.00397712 0.00388091 0.00379758 0.00376638 0.0038513 0 0.285435 0.0089923 0.0125981 0.0153644 0.00955714 0.0112769 0.00957079 0.01139 0.0101871 0.0189006 0.0124247 0.00832454 0.00854393 0.00854792 0.00843769 0.00835638 0.00931208 0.0106121 0.00950048 
0.0122053 0.00907739 0.0091494 0.00986619 0.0102152 0.0109093 0.0213528 0.0142373 0.0113301 0.00865308 0.00874625 0.0101379 0.00961126 0.285435 0 0.00424873 0.00384198 0.00390399 0.00415578 0.00405703 0.0043391 0.00458367 0.00549443 0.0123226 0.0141099 0.0088832 0.00925017 0.00868042 0.0088412 0.00883696 0.0140486 0.0139692 0.011663 
0.0117336 0.0110913 0.0111466 0.0107861 0.0160329 0.0120262 0.0108896 0.0101208 0.0108742 0.00887305 0.00979786 0.0114011 0.0848424 0.0089923 0.00424873 0 0.00375032 0.00377307 0.00379417 0.00380368 0.00383227 0.00396946 0.00453723 0.00436959 0.0114105 0.00919988 0.00870124 0.00909698 0.00851923 0.00996516 0.00955068 0.0100151 0.0090539 
0.012919 0.014742 0.0109315 0.0267521 0.0164618 0.0197102 0.010622 0.0130534 0.00860725 0.0100059 0.0122277 0.0697448 0.0117645 0.0125981 0.00384198 0.00375032 0 0.00373975 0.00376351 0.00379866 0.00379159 0.00458551 0.00414811 0.0041071 0.0110073 0.0102797 0.00997304 0.0110674 0.0100324 0.0112145 0.00950635 0.00880471 0.00850265 
0.0195519 0.0108751 0.0680882 0.0147134 0.0832343 0.0129842 0.0488163 0.00893258 0.0186325 0.0100419 0.0695233 0.0303183 0.00923985 0.0153644 0.00390399 0.00377307 0.00373975 0 0.00374581 0.00384662 0.00378448 0.00477505 0.00383645 0.00442339 0.0211189 0.010526 0.0188018 0.0110928 0.0159577 0.0134328 0.00888344 0.012072 0.00849136 
0.0131965 0.0534152 0.01136 0.129855 0.0170642 0.144958 0.0109637 0.0164719 0.00911375 0.096641 0.0271049 0.00943846 0.0237311 0.00955714 0.00415578 0.00379417 0.00376351 0.00374581 0 0.00374489 0.00390729 0.00377632 0.0038831 0.00387913 0.0177012 0.0306585 0.0109161 0.0251275 0.0146964 0.00949384 0.0130587 0.00914471 0.00891901 
0.0313202 0.0123336 0.187021 0.015958 0.339174 0.0142363 0.0202653 0.00888494 0.127923 0.0163372 0.00945441 0.0244727 0.00843655 0.0112769 0.00405703 0.00380368 0.00379866 0.00384662 0.00374489 0 0.00374296 0.00387911 0.00379486 0.00384536 0.0244486 0.0109026 0.0604963 0.0156594 0.01872 0.0145003 0.008802 0.0141059 0.00833689 
0.0175168 0.0541985 0.0141948 0.312523 0.0195621 0.0504339 0.010474 0.114679 0.010077 0.0147528 0.0194823 0.00859989 0.0161665 0.00957079 0.0043391 0.00383227 0.00379159 0.00378448 0.00390729 0.00374296 0 0.00376101 0.00376712 0.00378324 0.0142668 0.0305282 0.0148185 0.0627484 0.0147047 0.0095802 0.0165877 0.00932745 0.0088245 
0.0324326 0.0125173 0.264867 0.0181939 0.187391 0.0189102 0.0227825 0.00952504 0.0277046 0.0107032 0.00965999 0.0206099 0.0090998 0.01139 0.00458367 0.00396946 0.00458551 0.00477505 0.00377632 0.00387911 0.00376101 0 0.0037665 0.00384033 0.019961 0.0135467 0.074606 0.0156229 0.0299131 0.0170592 0.00936092 0.0118885 0.00838358 
0.0131009 0.0938986 0.011021 0.0457255 0.0198158 0.134459 0.011598 0.0220983 0.00944217 0.0106997 0.0119651 0.00877315 0.0188683 0.0101871 0.00549443 0.00453723 0.00414811 0.00383645 0.0038831 0.00379486 0.00376712 0.0037665 0 0.00386357 0.0117857 0.0328293 0.010645 0.0284488 0.0209713 0.0337711 0.021981 0.0100647 0.00973048 
0.0783344 0.00991877 0.0132578 0.0105878 0.0204688 0.0145814 0.0422825 0.0159544 0.0116507 0.00880876 0.00879811 0.00883337 0.00870821 0.0189006 0.0123226 0.00436959 0.0041071 0.00442339 0.00387913 0.00384536 0.00378324 0.00384033 0.00386357 0 0.0329322 0.0100018 0.0120244 0.0110824 0.0176578 0.0295102 0.0617843 0.025355 0.0113391 
0.0102464 0.0085405 0.00856818 0.00890088 0.00886516 0.00904504 0.0282423 0.0125006 0.00905517 0.00866641 0.0087254 0.00866797 0.00917712 0.0124247 0.0141099 0.0114105 0.0110073 0.0211189 0.0177012 0.0244486 0.0142668 0.019961 0.0117857 0.0329322 0 0.00666148 0.00561629 0.00411236 0.00412871 0.00509359 0.00765666 0.0111826 0.0133675 
0.00987333 0.0104416 0.00860259 0.0105305 0.00936445 0.012101 0.00929437 0.00966041 0.0085695 0.00847628 0.00874155 0.00837079 0.00892374 0.00832454 0.0088832 0.00919988 0.0102797 0.010526 0.0306585 0.0109026 0.0305282 0.0135467 0.0328293 0.0100018 0.00666148 0 0.00381711 0.00380692 0.00389776 0.00397894 0.0045425 0.00634301 0.00731745 
0.0096234 0.00875657 0.0121969 0.00995901 0.0203658 0.00951952 0.0100031 0.00993159 0.009452 0.00889502 0.00896999 0.0103115 0.00847612 0.00854393 0.00925017 0.00870124 0.00997304 0.0188018 0.0109161 0.0604963 0.0148185 0.074606 0.010645 0.0120244 0.00561629 0.00381711 0 0.00376389 0.00379952 0.00543555 0.00385206 0.006079 0.00657233 
0.00902353 0.0106406 0.0101728 0.021251 0.0165122 0.0131623 0.00919268 0.0111136 0.00881765 0.0100438 0.0115843 0.00885316 0.00931241 0.00854792 0.00868042 0.00909698 0.0110674 0.0110928 0.0251275 0.0156594 0.0627484 0.0156229 0.0284488 0.0110824 0.00411236 0.00380692 0.00376389 0 0.00377795 0.00378758 0.0039318 0.00493101 0.00623775 
0.00940859 0.00873822 0.014968 0.0124845 0.0176182 0.0106262 0.010012 0.00971494 0.00871696 0.00924816 0.0093811 0.00876287 0.00850159 0.00843769 0.0088412 0.00851923 0.0100324 0.0159577 0.0146964 0.01872 0.0147047 0.0299131 0.0209713 0.0176578 0.00412871 0.00389776 0.00379952 0.00377795 0 0.00383193 0.00377871 0.00466959 0.00611035 
0.0089102 0.00993699 0.00969081 0.00965966 0.0106724 0.010778 0.00902243 0.00935263 0.0100831 0.00839938 0.00849933 0.00867435 0.00839839 0.00835638 0.00883696 0.00996516 0.0112145 0.0134328 0.00949384 0.0145003 0.0095802 0.0170592 0.0337711 0.0295102 0.00509359 0.00397894 0.00543555 0.00378758 0.00383193 0 0.00376234 0.00540936 0.00668816 
0.0138731 0.00863639 0.00840699 0.00960071 0.00900927 0.00967631 0.0100461 0.0228256 0.00856822 0.00904995 0.00946009 0.00827472 0.00900976 0.00931208 0.0140486 0.00955068 0.00950635 0.00888344 0.0130587 0.008802 0.0165877 0.00936092 0.021981 0.0617843 0.00765666 0.0045425 0.00385206 0.0039318 0.00377871 0.00376234 0 0.00943523 0.00968749 
0.0112373 0.00843359 0.00873695 0.00876184 0.00891881 0.00879875 0.0136636 0.0122511 0.00957007 0.00840515 0.00848897 0.00835659 0.00857091 0.0106121 0.0139692 0.0100151 0.00880471 0.012072 0.00914471 0.0141059 0.00932745 0.0118885 0.0100647 0.025355 0.0111826 0.00634301 0.006079 0.00493101 0.00466959 0.00540936 0.00943523 0 0.867808 
0.00875594 0.0081897 0.00809196 0.00819859 0.00832345 0.00835305 0.0103713 0.012116 0.00862934 0.00829704 0.00831808 0.00818121 0.00840663 0.00950048 0.011663 0.0090539 0.00850265 0.00849136 0.00891901 0.00833689 0.0088245 0.00838358 0.00973048 0.0113391 0.0133675 0.00731745 0.00657233 0.00623775 0.00611035 0.00668816 0.00968749 0.867808 0 
