1GUZA
MKITVIGAGNVGATTAFRLAEKQLARELVLLDVVEGIPQGKALDMYESGPVGLFDTKVTGSNDYADTANSDIVIITAGLPRKPGMTREDLLMKNAGIVKEVTDNIMKHSKNPIIIVVSNPLDIMTHVAWVRSGLPKERVIGMAGVLDAARFRSFIAMELGVSMQDINACVLGGHGDAMVPVVKYTTVAGIPISDLLPAETIDKLVERTRNGGAEIVEHLKQGSAFYAPASSVVEMVESIVLDRKRVLPCAVGLEGQYGIDKTFVGVPVKLGRNGVEQIYEINLDQADLDLLQKSAKIVDENCKML
CEEEEECCCHHHHHHHHHHHHCCCCCEEEEECCCCCHHHHHHHHHHCCHHHHCCCCEEEEECCHHHHCCCCEEEECCCCCCCCCCCHHHHHHHHHHHHHHHHHHHHHHCCCCEEEECCCCHHHHHHHHHHHHCCCHHHEEEECHHHHHHHHHHHHHHHHCCCHHHEECCEEECCHHHEEECHHHCEECCEEHHHHCCHHHHHHHHHHHHCHHHHHHHHHCCCCCCHHHHHHHHHHHHHHHCCCCEEEEEEEEEECHHHCEEEEEEEEEEEECCEEEEECCCCCCHHHHHHHHHHHHHHHHHHHCC
0 0 0 0 0 0 0 0 0 0 0 0 0 0 0 0 0 0 0 0 0 0 0 0 0 0 0 0 0 0 0 0 0 0 0 0 0 0 0 0 0 0 0 0 0 0 0 0 0 0 0 0 0 0 0 0 0 0 0 0 0 0 0 0 0 0 0 0 0 0 0 0 0 0 0 0 0 0 0 0 0 0 0 0 0 0 0 0 0 0 0 0 0 0 0 0 0 0 0 0 0 0 0 0 0 0 0 0 0 0 0 0 0 0 0 0 0 0 0 0 0 0 0 0 0 0 0 0 0 0 0 0 0 0 0 0 0 0 0 0 0 0 0 0 0 0 0 0 0 0 0 0 0 0 0 0 0 0 0 0 0 0 0 0 0 0 0 0 0 0 0 0 0 0 0 0 0 0 0 0 0 0 0 0 0 0 0 0 0 0 0 0 0 0 0 0 0 0 0 0 0 0 0 0 0 0 0 0 0 0 0 0 0 0 0 0 0 0 0 0 0 0 0 0 0 0 0 0 0 0 0 0 0 0 0 0 0 0 0 0 0 0 0 0 0 0 0 0 0 0 0 0 0 0 0 0 0 0 0 0 0 0 0 0 0 0 0 0 0 0 0 0 0 0 0 0 0 0 0 0 0 0 0 0 0 0 0 0 0 0 0 0 0 0 0 0 0 0 0 0 0 0 0 0 0 
0 0 0 0 0 0 0 0 0 0 0 0 0 0 0 0 0 0 0 0 0 0 0 0 0 0 0 0 0 0 0 0 0 0 0 0 0 0 0 0 0 0 0 0 0 0 0 0 0 0 0 0 0 0 0 0 0 0 0 0 0 0 0 0 0 0 0 0 0 0 0 0 0 0 0 0 0 0 0 0 0 0 0 0 0 0 0 0 0 0 0 0 0 0 0 0 0 0 0 0 0 0 0 0 0 0 0 0 0 0 0 0 0 0 0 0 0 0 0 0 0 0 0 0 0 0 0 0 0 0 0 0 0 0 0 0 0 0 0 0 0 0 0 0 0 0 0 0 0 0 0 0 0 0 0 0 0 0 0 0 0 0 0 0 0 0 0 0 0 0 0 0 0 0 0 0 0 0 0 0 0 0 0 0 0 0 0 0 0 0 0 0 0 0 0 0 0 0 0 0 0 0 0 0 0 0 0 0 0 0 0 0 0 0 0 0 0 0 0 0 0 0 0 0 0 0 0 0 0 0 0 0 0 0 0 0 0 0 0 0 0 0 0 0 0 0 0 0 0 0 0 0 0 0 0 0 0 0 0 0 0 0 0 0 0 0 0 0 0 0 0 0 0 0 0 0 0 0 0 0 0 0 0 0 0 0 0 0 0 0 0 0 0 0 0 0 0 0 0 0 0 0 0 0 0 
0 0.00462939 0.00495268 0.00396167 0.00458834 0.735651 0.0203846 0.0494424 0.0176777 0.0471772 0.0329716 0.0117927 0.0170893 0.0104546 0.024483 0.0220155 0.0312334 0.0205092 0.0235788 0.0141383 0.013197 0.0140045 0.0153044 0.00881574 0.00893298 0.00910118 0.0100986 0.00856253 0.00838577 0.00890195 0.00882274 0.00891435 0.00876821 0.0082528 0.0118145 0.00860286 0.00848805 0.00835972 0.00859687 0.00858163 0.00852834 0.00849303 0.00861337 0.0084612 0.00847162 0.0085875 0.00853005 0.00850228 0.00864949 0.00841872 0.00851225 0.00859302 0.00869107 0.00864027 0.00862133 0.00865409 0.00853297 0.00862001 0.00889424 0.00852947 0.00885637 0.00852495 0.00846182 0.00853682 0.00861681 0.00878613 
0.00462939 0 0.00389717 0.0039363 0.00429618 0.0725232 0.840888 0.0265216 0.108595 0.0281524 0.0178375 0.116951 0.0148679 0.0390874 0.0103623 0.245309 0.11104 0.0785284 0.0323529 0.0311692 0.034216 0.0320899 0.0136794 0.0136016 0.00999341 0.0116196 0.00937768 0.00921539 0.00820228 0.00910161 0.00980911 0.00855106 0.00886964 0.00855387 0.00845082 0.00862805 0.00902625 0.00843699 0.00825032 0.00840933 0.00867581 0.00861995 0.00864943 0.00848175 0.00864077 0.00875171 0.0085836 0.00861116 0.008392 0.00832732 0.00854529 0.00867369 0.00879622 0.00887366 0.00870309 0.00858169 0.00862484 0.0086843 0.00873259 0.00865442 0.00854832 0.00831806 0.00848374 0.00857927 0.00861114 0.00855319 
0.00495268 0.00389717 0 0.00389268 0.00379613 0.117759 0.030259 0.785273 0.032379 0.0233671 0.0202962 0.0163909 0.120182 0.0123317 0.00995114 0.0183392 0.340516 0.0720295 0.0299596 0.0125939 0.0377903 0.0296467 0.0160268 0.00928869 0.0113759 0.011601 0.00904917 0.00837908 0.00834725 0.00881903 0.00940499 0.0085054 0.0086789 0.00844697 0.00857953 0.0083866 0.00853119 0.00828452 0.00821927 0.00855553 0.00893451 0.00882128 0.00874643 0.00867276 0.008911 0.0091402 0.00888289 0.0085404 0.0083555 0.00835272 0.00860239 0.00869484 0.00976211 0.0090058 0.0090866 0.00878553 0.00887741 0.0089831 0.0094908 0.00872644 0.00855695 0.00842519 0.008558 0.00863626 0.00879303 0.00854178 
0.00396167 0.0039363 0.00389268 0 0.00395906 0.0162633 0.115785 0.0748738 0.809238 0.0280414 0.0123875 0.030654 0.0136093 0.0455103 0.0101973 0.0229775 0.0478589 0.370775 0.0349016 0.0130965 0.0253787 0.0471184 0.0200471 0.0111993 0.0153568 0.01326 0.00929161 0.0094265 0.00863727 0.00888031 0.0112895 0.00849306 0.00837095 0.00853044 0.00824894 0.00840401 0.00877205 0.00833789 0.0082884 0.00847792 0.0086535 0.00865635 0.00861792 0.00848617 0.00876462 0.00881415 0.00871719 0.00852317 0.00829838 0.00829555 0.00855252 0.00870069 0.00901983 0.00916059 0.0087381 0.00871658 0.00864522 0.00895205 0.00911188 0.00882991 0.00847742 0.00837054 0.00844417 0.008609 0.00881669 0.00850289 
0.00458834 0.00429618 0.00379613 0.00395906 0 0.0259799 0.0201321 0.0624206 0.100604 0.753295 0.0184668 0.011589 0.0106939 0.0153332 0.0260392 0.0222066 0.0198547 0.0316875 0.238169 0.0165804 0.0134313 0.0159197 0.0225242 0.011987 0.00968726 0.0102586 0.0106582 0.00899118 0.0101498 0.00942493 0.00884953 0.00895682 0.00917311 0.00831527 0.00844343 0.00858167 0.00930632 0.00836481 0.00831187 0.00855835 0.00851798 0.0088482 0.00872826 0.00854218 0.00836655 0.00840757 0.00834765 0.00830064 0.0082184 0.00847671 0.00847226 0.00844059 0.00883655 0.00882901 0.00848267 0.00843967 0.00843981 0.00873383 0.00854607 0.00844515 0.00846219 0.00852777 0.00843117 0.00840361 0.00846386 0.00845575 
0.735651 0.0725232 0.117759 0.0162633 0.0259799 0 0.00404624 0.00382184 0.00388753 0.00445955 0.717466 0.0100775 0.0301947 0.0103477 0.0214732 0.0385239 0.0316371 0.0168024 0.0217566 0.0155363 0.0129099 0.0127291 0.0189228 0.00934136 0.00869223 0.00942949 0.00973187 0.00831523 0.00866334 0.00891849 0.0084461 0.00908977 0.00864911 0.00820818 0.00939341 0.0085957 0.00856935 0.0082896 0.00850052 0.00853746 0.0083885 0.00830666 0.00830463 0.00834557 0.0082774 0.00837449 0.00833874 0.00834894 0.0084237 0.00826535 0.00837854 0.008425 0.00836535 0.00836119 0.00833094 0.00838606 0.0082586 0.00839564 0.00832429 0.0083962 0.00846561 0.00837641 0.00824332 0.00833874 0.00838411 0.00851731 
0.0203846 0.840888 0.030259 0.115785 0.0201321 0.00404624 0 0.0037833 0.00396298 0.00405364 0.0287009 0.751843 0.00975062 0.0368275 0.00962837 0.0709336 0.0661973 0.035479 0.023127 0.0125881 0.0337149 0.0209502 0.0120078 0.0102184 0.00938467 0.00996993 0.00887413 0.00869102 0.00825215 0.00898215 0.00891936 0.00848648 0.0086583 0.00844973 0.00842361 0.00833029 0.00840628 0.00827537 0.00829946 0.00840353 0.0085574 0.00851745 0.00855162 0.00842294 0.00848248 0.00861099 0.00844782 0.00845347 0.00828633 0.00824467 0.0084233 0.00857144 0.00865879 0.00868643 0.00855845 0.00849851 0.00844012 0.00878219 0.00859919 0.00844313 0.00842254 0.00838686 0.0084274 0.00844221 0.00847515 0.00846435 
0.0494424 0.0265216 0.785273 0.0748738 0.0624206 0.00382184 0.0037833 0 0.00380038 0.00383543 0.0780823 0.0228802 0.684667 0.011824 0.0117224 0.0179429 0.153968 0.0665367 0.0273643 0.0149312 0.0494514 0.039901 0.0169179 0.0105797 0.01308 0.0137579 0.00934312 0.00841652 0.00854759 0.00958049 0.00944111 0.0090861 0.00853672 0.00851682 0.00858715 0.00848117 0.00848284 0.00839249 0.00819875 0.00846644 0.0085234 0.00873218 0.0085589 0.00854206 0.00888928 0.00878654 0.00863061 0.00841611 0.0083292 0.00839117 0.0084983 0.00863366 0.00882126 0.00882268 0.00870984 0.00855813 0.00850539 0.00873614 0.00904725 0.00851126 0.00850403 0.00832296 0.00840322 0.0085264 0.00864167 0.0083966 
0.0176777 0.108595 0.032379 0.809238 0.100604 0.00388753 0.00396298 0.00380038 0 0.00400882 0.018227 0.0684658 0.0266364 0.639726 0.013321 0.0214458 0.0642313 0.261478 0.0544197 0.013251 0.0372873 0.0842908 0.0320766 0.0113506 0.0150589 0.0233839 0.0101297 0.00949481 0.00886059 0.0100215 0.0111034 0.00889155 0.00853892 0.00862823 0.00844662 0.00871313 0.00915904 0.00848717 0.00844081 0.00847081 0.00855805 0.00860486 0.00864408 0.00859851 0.00877279 0.00883931 0.00860499 0.0084165 0.00826566 0.00829505 0.00847918 0.00857326 0.00904346 0.00895763 0.00879953 0.00859053 0.00858186 0.00895003 0.00900754 0.0086544 0.00839835 0.00840488 0.00840595 0.00850791 0.00856135 0.00840528 
0.0471772 0.0281524 0.0233671 0.0280414 0.753295 0.00445955 0.00405364 0.00383543 0.00400882 0 0.018303 0.0168301 0.0420139 0.0467288 0.598995 0.035621 0.0205933 0.0319385 0.172115 0.0304605 0.0218556 0.019844 0.0296631 0.0174532 0.00982193 0.0113286 0.0118165 0.0109634 0.0099945 0.0106777 0.00886052 0.00941371 0.0108101 0.00841828 0.00852728 0.0089726 0.00925699 0.00880787 0.00835139 0.00856981 0.0084001 0.00837847 0.00838437 0.00845663 0.00833623 0.0084352 0.00829698 0.00822535 0.00826992 0.00854871 0.00834565 0.00835774 0.00847925 0.00858879 0.00832819 0.00841144 0.00832413 0.00879247 0.00848341 0.00839576 0.00851652 0.00856814 0.00845284 0.0083053 0.00838652 0.00841938 
0.0329716 0.0178375 0.0202962 0.0123875 0.0184668 0.717466 0.0287009 0.0780823 0.018227 0.018303 0 0.00394082 0.00394481 0.00395701 0.00668363 0.0137034 0.0250824 0.0197438 0.0403231 0.0296291 0.0149348 0.0146114 0.0226006 0.010079 0.00894998 0.00945208 0.0110705 0.00827983 0.00906249 0.00932225 0.00834699 0.00945409 0.00856143 0.0082375 0.0105474 0.00896266 0.00863481 0.00838423 0.00962235 0.00846627 0.00825747 0.00831082 0.00827735 0.00826741 0.00829207 0.00828961 0.00838947 0.00827096 0.0086198 0.00826687 0.008313 0.00828408 0.008413 0.00822048 0.00830966 0.00823736 0.00825714 0.0082984 0.00833147 0.00830144 0.00834659 0.0083314 0.00824048 0.00817859 0.00833635 0.00853799 
0.0117927 0.116951 0.0163909 0.030654 0.011589 0.0100775 0.751843 0.0228802 0.0684658 0.0168301 0.00394082 0 0.00377675 0.0038275 0.0037764 0.0214025 0.0237268 0.0375636 0.0474133 0.0171407 0.0378359 0.0231849 0.0122147 0.0157174 0.0103474 0.011245 0.0090169 0.00942484 0.00820529 0.00898672 0.00905921 0.00842169 0.00897459 0.00908636 0.00843444 0.00833693 0.0088431 0.00837187 0.00824143 0.00834174 0.00862989 0.00861762 0.00851795 0.00849832 0.00849259 0.00865627 0.00840879 0.00855296 0.00821239 0.00817853 0.00839787 0.00880528 0.00850282 0.00871637 0.00843293 0.00854836 0.00842131 0.00879816 0.00856139 0.00838983 0.00834467 0.00824373 0.00844519 0.00833403 0.00835251 0.00838847 
0.0170893 0.0148679 0.120182 0.0136093 0.0106939 0.0301947 0.00975062 0.684667 0.0266364 0.0420139 0.00394481 0.00377675 0 0.003757 0.00378675 0.0133638 0.055869 0.0500261 0.0141311 0.0132094 0.025411 0.0256165 0.0122205 0.00939538 0.0114232 0.0118015 0.00902934 0.0082742 0.00844578 0.00897943 0.00867132 0.00867354 0.00833489 0.00840391 0.00880746 0.00881565 0.00837549 0.0082995 0.00829031 0.00826422 0.00843606 0.00843595 0.00849368 0.00831711 0.00851325 0.00847134 0.00839708 0.00824554 0.00822083 0.00819739 0.00830975 0.00834547 0.00849422 0.00830972 0.00847121 0.00838465 0.00837704 0.0084787 0.00866179 0.00837832 0.00824041 0.00823312 0.00815302 0.00827257 0.00835403 0.008231 
0.0104546 0.0390874 0.0123317 0.0455103 0.0153332 0.0103477 0.0368275 0.011824 0.639726 0.0467288 0.00395701 0.0038275 0.003757 0 0.00387025 0.0293474 0.0275883 0.0699616 0.0238544 0.0131224 0.0186439 0.0428935 0.0176511 0.0105018 0.010225 0.0161907 0.00949279 0.00927654 0.00843944 0.00891397 0.00957776 0.00843837 0.00845085 0.00857992 0.00829916 0.00839773 0.00834706 0.00823009 0.00820101 0.00829339 0.00830826 0.0082642 0.0083483 0.00821445 0.00832703 0.00832939 0.00829604 0.00818842 0.00819265 0.00814215 0.00828111 0.00834856 0.00830906 0.00827378 0.00830719 0.00827709 0.00828141 0.00834293 0.00834552 0.00817843 0.00820488 0.00822779 0.00829786 0.00827433 0.00825545 0.00815809 
0.024483 0.0103623 0.00995114 0.0101973 0.0260392 0.0214732 0.00962837 0.0117224 0.013321 0.598995 0.00668363 0.0037764 0.00378675 0.00387025 0 0.017751 0.016616 0.0144143 0.0516257 0.016809 0.0105625 0.011219 0.0250762 0.0144357 0.00873206 0.0097874 0.0118883 0.0102295 0.00881955 0.00967387 0.00847693 0.0089943 0.00901642 0.0082031 0.00845179 0.00895442 0.00843661 0.00858979 0.00828617 0.00836934 0.00818112 0.00819281 0.00815274 0.00824807 0.00815585 0.00817884 0.00816306 0.00814779 0.00821624 0.00838318 0.00819067 0.00818589 0.00821823 0.00820631 0.00817083 0.00817585 0.0081778 0.00826972 0.0081769 0.00820379 0.00822145 0.00829366 0.00821837 0.00817988 0.00819374 0.00826723 
0.0220155 0.245309 0.0183392 0.0229775 0.0222066 0.0385239 0.0709336 0.0179429 0.0214458 0.035621 0.0137034 0.0214025 0.0133638 0.0293474 0.017751 0 0.0041305 0.00385024 0.00473427 0.736138 0.0374248 0.0435439 0.0360823 0.030432 0.0142746 0.0118393 0.0169682 0.0111072 0.00973681 0.0154837 0.0107701 0.0124237 0.011117 0.0100134 0.0120931 0.0106113 0.0116568 0.00965556 0.00970249 0.0091987 0.00891025 0.00867514 0.00851383 0.00908601 0.00864707 0.00876838 0.00846846 0.00855517 0.00856045 0.00850971 0.00836602 0.00866434 0.00873996 0.00904195 0.00872828 0.00853007 0.0083938 0.00928497 0.00859512 0.0086686 0.00865366 0.00826848 0.0082573 0.0082887 0.0083659 0.00861646 
0.0312334 0.11104 0.340516 0.0478589 0.0198547 0.0316371 0.0661973 0.153968 0.0642313 0.0205933 0.0250824 0.0237268 0.055869 0.0275883 0.016616 0.0041305 0 0.00394917 0.00392766 0.176949 0.857815 0.0715933 0.0498739 0.026836 0.0467934 0.0351179 0.012906 0.00990568 0.00907162 0.0187184 0.0167481 0.0100427 0.0100437 0.0107509 0.0110268 0.0101402 0.0104444 0.00969339 0.00930047 0.00904705 0.00962923 0.00932566 0.00961719 0.00917852 0.0099051 0.0097155 0.00901407 0.00859835 0.00849769 0.00836622 0.00879604 0.00896997 0.00945379 0.0093253 0.00945711 0.00884513 0.00901876 0.00961881 0.0095805 0.00870083 0.00838938 0.00830098 0.00844844 0.00851341 0.00872895 0.00842208 
0.0205092 0.0785284 0.0720295 0.370775 0.0316875 0.0168024 0.035479 0.0665367 0.261478 0.0319385 0.0197438 0.0375636 0.0500261 0.0699616 0.0144143 0.00385024 0.00394917 0 0.00421821 0.0508983 0.103201 0.83124 0.0577793 0.0211336 0.0494482 0.146813 0.0209679 0.0137152 0.0122815 0.0206062 0.0247356 0.0133314 0.0108169 0.0125453 0.0103993 0.0108433 0.0112131 0.00962149 0.00915114 0.00897469 0.00986329 0.00980671 0.00977748 0.00951156 0.0108604 0.0101252 0.00924974 0.0086188 0.008314 0.00831934 0.00865966 0.00917513 0.0101691 0.00999578 0.00982378 0.00909585 0.00893544 0.00988136 0.0106198 0.00908293 0.00837488 0.00838346 0.00839789 0.00856993 0.00862533 0.00827505 
0.0235788 0.0323529 0.0299596 0.0349016 0.238169 0.0217566 0.023127 0.0273643 0.0544197 0.172115 0.0403231 0.0474133 0.0141311 0.0238544 0.0516257 0.00473427 0.00392766 0.00421821 0 0.0283882 0.0753536 0.125961 0.786571 0.0318135 0.0148973 0.0442109 0.0624073 0.0227458 0.015194 0.0244414 0.013265 0.0228157 0.0168622 0.0100744 0.0118987 0.0121807 0.0123772 0.0113461 0.00902661 0.00973248 0.00910541 0.00929829 0.00896656 0.0103878 0.00888207 0.00929912 0.00864046 0.00856436 0.00850953 0.00893231 0.00836721 0.00862406 0.00934442 0.0100136 0.0088644 0.00883613 0.00845451 0.00995256 0.00895193 0.00865681 0.00885167 0.00852789 0.0082512 0.00834903 0.00826313 0.00837232 
0.0141383 0.0311692 0.0125939 0.0130965 0.0165804 0.0155363 0.0125881 0.0149312 0.013251 0.0304605 0.0296291 0.0171407 0.0132094 0.0131224 0.016809 0.736138 0.176949 0.0508983 0.0283882 0 0.00395145 0.00385834 0.0045239 0.0911935 0.0320514 0.0236686 0.0338899 0.0115373 0.0140263 0.0293839 0.0113801 0.0184178 0.0131642 0.0100565 0.0213524 0.0121088 0.0141806 0.0110986 0.0151365 0.0108028 0.0096643 0.00877017 0.00874943 0.00904466 0.00908907 0.00907902 0.00875676 0.00862577 0.00916426 0.00840723 0.00838426 0.0087146 0.00880934 0.00903562 0.00917872 0.00853058 0.00847714 0.00959648 0.00894391 0.00860492 0.00899681 0.00833618 0.00819406 0.00828705 0.00839823 0.00868983 
0.013197 0.034216 0.0377903 0.0253787 0.0134313 0.0129099 0.0337149 0.0494514 0.0372873 0.0218556 0.0149348 0.0378359 0.025411 0.0186439 0.0105625 0.0374248 0.857815 0.103201 0.0753536 0.00395145 0 0.003839 0.00383665 0.314587 0.120884 0.10882 0.01479 0.0163142 0.0116372 0.0291742 0.0370909 0.0134588 0.0159744 0.0184455 0.0145904 0.0130404 0.0117455 0.0112671 0.00963277 0.00993441 0.0130811 0.0118597 0.0106628 0.0116885 0.0139244 0.0122122 0.0102281 0.00898032 0.00855577 0.0083349 0.00897892 0.00962486 0.0111446 0.0118607 0.011865 0.00971551 0.00974293 0.0117315 0.010702 0.00910817 0.00872857 0.00827994 0.00844266 0.0085828 0.00893262 0.00832978 
0.0140045 0.0320899 0.0296467 0.0471184 0.0159197 0.0127291 0.0209502 0.039901 0.0842908 0.019844 0.0146114 0.0231849 0.0256165 0.0428935 0.011219 0.0435439 0.0715933 0.83124 0.125961 0.00385834 0.003839 0 0.0040841 0.030083 0.461962 0.264996 0.0669022 0.0215939 0.0181869 0.0317627 0.091442 0.0221033 0.0156491 0.030649 0.0143789 0.0150207 0.0194187 0.0127016 0.0101337 0.0108359 0.0136824 0.0121295 0.012931 0.0126016 0.0149328 0.0137014 0.0126972 0.00910037 0.00844729 0.0086322 0.00944411 0.00999665 0.0111566 0.0127987 0.011378 0.00991736 0.0101139 0.0122253 0.0133351 0.00954537 0.00851398 0.00853149 0.00846569 0.00974388 0.00884201 0.00836475 
0.0153044 0.0136794 0.0160268 0.0200471 0.0225242 0.0189228 0.0120078 0.0169179 0.0320766 0.0296631 0.0226006 0.0122147 0.0122205 0.0176511 0.0250762 0.0360823 0.0498739 0.0577793 0.786571 0.0045239 0.00383665 0.0040841 0 0.0515036 0.0247035 0.513597 0.289225 0.0328925 0.0229567 0.0329888 0.0207021 0.0538178 0.0239801 0.0134404 0.0247016 0.0202476 0.0200044 0.0156137 0.0130229 0.0228168 0.011033 0.0103617 0.0102439 0.0110016 0.0107504 0.012624 0.0104632 0.00881767 0.00915618 0.00928597 0.00864947 0.0090908 0.0101624 0.0116599 0.0103246 0.00966241 0.00898817 0.011003 0.0103673 0.00942944 0.00961728 0.00917514 0.00839489 0.00849044 0.00844551 0.00853374 
0.00881574 0.0136016 0.00928869 0.0111993 0.011987 0.00934136 0.0102184 0.0105797 0.0113506 0.0174532 0.010079 0.0157174 0.00939538 0.0105018 0.0144357 0.030432 0.026836 0.0211336 0.0318135 0.0911935 0.314587 0.030083 0.0515036 0 0.00380396 0.00381468 0.00405417 0.0151581 0.0193344 0.0251529 0.0170246 0.0214441 0.0188364 0.0120864 0.0347888 0.0139735 0.0195678 0.0148442 0.0156867 0.0118115 0.0125974 0.00926035 0.0107487 0.0105084 0.0103201 0.010468 0.00959392 0.00942642 0.0105741 0.00832604 0.00840749 0.00890717 0.00923991 0.009468 0.00968617 0.00879771 0.00905506 0.0101211 0.00990856 0.0095523 0.0110171 0.00835221 0.00818281 0.00823471 0.00858554 0.00938337 
0.00893298 0.00999341 0.0113759 0.0153568 0.00968726 0.00869223 0.00938467 0.01308 0.0150589 0.00982193 0.00894998 0.0103474 0.0114232 0.010225 0.00873206 0.0142746 0.0467934 0.0494482 0.0148973 0.0320514 0.120884 0.461962 0.0247035 0.00380396 0 0.00379692 0.00377676 0.0297809 0.0116267 0.0293003 0.0344525 0.0121558 0.0123151 0.0159211 0.0133301 0.0129408 0.0131857 0.0114294 0.0102619 0.00946298 0.0104148 0.0111939 0.0102111 0.010704 0.0126961 0.0109268 0.0112876 0.00904992 0.00870795 0.00826147 0.00858979 0.00907818 0.0107895 0.00992601 0.0120338 0.00892591 0.00956004 0.0101254 0.0109435 0.00945648 0.00847082 0.00818418 0.00824133 0.00857192 0.00888979 0.00829962 
0.00910118 0.0116196 0.011601 0.01326 0.0102586 0.00942949 0.00996993 0.0137579 0.0233839 0.0113286 0.00945208 0.011245 0.0118015 0.0161907 0.0097874 0.0118393 0.0351179 0.146813 0.0442109 0.0236686 0.10882 0.264996 0.513597 0.00381468 0.00379692 0 0.00400387 0.0283031 0.052676 0.0173902 0.126832 0.037553 0.0129664 0.0346356 0.0162615 0.0129867 0.0233809 0.0114236 0.0135765 0.00968405 0.0129343 0.0122476 0.0139359 0.0146014 0.0176357 0.0159516 0.0118719 0.00970812 0.00859154 0.0085755 0.00949267 0.00944861 0.0114242 0.0150003 0.0122783 0.00997638 0.00961729 0.0121118 0.0122585 0.00979289 0.00849157 0.00830277 0.00831184 0.00865648 0.00927708 0.00833869 
0.0100986 0.00937768 0.00904917 0.00929161 0.0106582 0.00973187 0.00887413 0.00934312 0.0101297 0.0118165 0.0110705 0.0090169 0.00902934 0.00949279 0.0118883 0.0169682 0.012906 0.0209679 0.0624073 0.0338899 0.01479 0.0669022 0.289225 0.00405417 0.00377676 0.00400387 0 0.0190224 0.0271149 0.0315631 0.0237878 0.18421 0.023612 0.0128359 0.0258855 0.023225 0.0189202 0.0177562 0.0142196 0.0111879 0.00904062 0.00906516 0.00945532 0.01006 0.00975678 0.00980088 0.00900355 0.00878974 0.00938708 0.00892159 0.00837767 0.00867877 0.00906996 0.00937854 0.00919476 0.00848389 0.00869227 0.00929383 0.00930568 0.00938738 0.00894552 0.00868059 0.00825168 0.00828662 0.00841457 0.00887781 
0.00856253 0.00921539 0.00837908 0.0094265 0.00899118 0.00831523 0.00869102 0.00841652 0.00949481 0.0109634 0.00827983 0.00942484 0.0082742 0.00927654 0.0102295 0.0111072 0.00990568 0.0137152 0.0227458 0.0115373 0.0163142 0.0215939 0.0328925 0.0151581 0.0297809 0.0283031 0.0190224 0 0.00380148 0.00379652 0.00538931 0.00572182 0.00588433 0.00595069 0.00906724 0.00789889 0.135392 0.0130159 0.0176994 0.0108253 0.0109184 0.00895795 0.00883275 0.00941625 0.00899554 0.00915911 0.00870235 0.0100293 0.0095877 0.00857934 0.00847129 0.00858743 0.00869187 0.00902166 0.00872618 0.00861408 0.00862974 0.00920967 0.0089509 0.0102634 0.0100956 0.00842015 0.00822688 0.00828043 0.00861502 0.0105787 
0.00838577 0.00820228 0.00834725 0.00863727 0.0101498 0.00866334 0.00825215 0.00854759 0.00886059 0.0099945 0.00906249 0.00820529 0.00844578 0.00843944 0.00881955 0.00973681 0.00907162 0.0122815 0.015194 0.0140263 0.0116372 0.0181869 0.0229567 0.0193344 0.0116267 0.052676 0.0271149 0.00380148 0 0.0223682 0.00445365 0.0039877 0.00435376 0.0106027 0.00687006 0.119032 0.0121421 0.0157758 0.0110689 0.0116441 0.00889262 0.00893158 0.00896058 0.00881665 0.0092992 0.00877117 0.00890473 0.00850538 0.00976672 0.00861605 0.00835259 0.00835213 0.00912108 0.00897242 0.00913643 0.00844648 0.00855942 0.00873371 0.00882398 0.0090134 0.0101638 0.00858361 0.00815684 0.00828013 0.00878875 0.0084318 
0.00890195 0.00910161 0.00881903 0.00888031 0.00942493 0.00891849 0.00898215 0.00958049 0.0100215 0.0106777 0.00932225 0.00898672 0.00897943 0.00891397 0.00967387 0.0154837 0.0187184 0.0206062 0.0244414 0.0293839 0.0291742 0.0317627 0.0329888 0.0251529 0.0293003 0.0173902 0.0315631 0.00379652 0.0223682 0 0.00384206 0.00384083 0.00636423 0.00575801 0.617097 0.0138172 0.0189149 0.0152421 0.0197134 0.0202563 0.0152319 0.0122018 0.0110745 0.0124067 0.0129532 0.0129447 0.0107273 0.00979484 0.0118376 0.00876647 0.00910558 0.0101169 0.0109059 0.01226 0.0113701 0.00980394 0.00954976 0.0122029 0.0109874 0.0101772 0.0107143 0.00873296 0.00829098 0.00859943 0.00888442 0.0103067 
0.00882274 0.00980911 0.00940499 0.0112895 0.00884953 0.0084461 0.00891936 0.00944111 0.0111034 0.00886052 0.00834699 0.00905921 0.00867132 0.00957776 0.00847693 0.0107701 0.0167481 0.0247356 0.013265 0.0113801 0.0370909 0.091442 0.0207021 0.0170246 0.0344525 0.126832 0.0237878 0.00538931 0.00445365 0.00384206 0 0.00407156 0.004006 0.652107 0.00608022 0.0125743 0.0169138 0.0157388 0.0149805 0.0101343 0.0176148 0.011508 0.0103347 0.0123185 0.0143589 0.0135166 0.0100719 0.0128166 0.00859965 0.00838136 0.00929456 0.00891929 0.0106094 0.012533 0.011218 0.00989861 0.00926227 0.012271 0.012642 0.0133427 0.00873695 0.0083957 0.00862281 0.00868594 0.00977478 0.00848438 
0.00891435 0.00855106 0.0085054 0.00849306 0.00895682 0.00908977 0.00848648 0.0090861 0.00889155 0.00941371 0.00945409 0.00842169 0.00867354 0.00843837 0.0089943 0.0124237 0.0100427 0.0133314 0.0228157 0.0184178 0.0134588 0.0221033 0.0538178 0.0214441 0.0121558 0.037553 0.18421 0.00572182 0.0039877 0.00384083 0.00407156 0 0.538841 0.00455293 0.00949869 0.00847931 0.0173197 0.0125789 0.0121032 0.0146449 0.00988291 0.00924607 0.0106431 0.0119715 0.0114621 0.0101656 0.00974441 0.00920492 0.0105418 0.00943774 0.00849672 0.00878575 0.00999519 0.0112753 0.010121 0.00925596 0.00907658 0.0120495 0.00948942 0.00940812 0.00969695 0.00951727 0.00852161 0.00836125 0.00889058 0.00920499 
0.00876821 0.00886964 0.0086789 0.00837095 0.00917311 0.00864911 0.0086583 0.00853672 0.00853892 0.0108101 0.00856143 0.00897459 0.00833489 0.00845085 0.00901642 0.011117 0.0100437 0.0108169 0.0168622 0.0131642 0.0159744 0.0156491 0.0239801 0.0188364 0.0123151 0.0129664 0.023612 0.00588433 0.00435376 0.00636423 0.004006 0.538841 0 0.0038136 0.0038922 0.00436448 0.00575286 0.00559149 0.00724352 0.0174017 0.011377 0.0107461 0.00988145 0.00989642 0.00966219 0.010216 0.00942582 0.00921706 0.0114487 0.00870554 0.00856246 0.00958393 0.00924657 0.00941388 0.00948651 0.00901568 0.00905649 0.0103069 0.00998234 0.0092154 0.0118209 0.00871272 0.0082488 0.00835316 0.00883178 0.00995185 
0.0082528 0.00855387 0.00844697 0.00853044 0.00831527 0.00820818 0.00844973 0.00851682 0.00862823 0.00841828 0.0082375 0.00908636 0.00840391 0.00857992 0.0082031 0.0100134 0.0107509 0.0125453 0.0100744 0.0100565 0.0184455 0.030649 0.0134404 0.0120864 0.0159211 0.0346356 0.0128359 0.00595069 0.0106027 0.00575801 0.652107 0.00455293 0.0038136 0 0.00379065 0.00508249 0.0122716 0.00739901 0.0108387 0.0101177 0.0240661 0.00993657 0.00916005 0.00976852 0.00983427 0.00993067 0.00888041 0.0110241 0.00889889 0.00853492 0.00907075 0.00858612 0.00923355 0.00961967 0.00971957 0.00901243 0.00882357 0.00978152 0.0093726 0.0124076 0.00858834 0.00824948 0.00829817 0.00834466 0.00873728 0.0084924 
0.0118145 0.00845082 0.00857953 0.00824894 0.00844343 0.00939341 0.00842361 0.00858715 0.00844662 0.00852728 0.0105474 0.00843444 0.00880746 0.00829916 0.00845179 0.0120931 0.0110268 0.0103993 0.0118987 0.0213524 0.0145904 0.0143789 0.0247016 0.0347888 0.0133301 0.0162615 0.0258855 0.00906724 0.00687006 0.617097 0.00608022 0.00949869 0.0038922 0.00379065 0 0.00631078 0.00514633 0.0136465 0.00745022 0.0300413 0.0115484 0.00944816 0.0100219 0.010606 0.0112194 0.010153 0.0106714 0.00894223 0.0109319 0.0115555 0.00866447 0.00930254 0.0108269 0.0107127 0.0104137 0.00885201 0.0094216 0.0104334 0.0107306 0.00933737 0.00915546 0.0120645 0.00883473 0.00867334 0.00866464 0.00867445 
0.00860286 0.00862805 0.0083866 0.00840401 0.00858167 0.0085957 0.00833029 0.00848117 0.00871313 0.0089726 0.00896266 0.00833693 0.00881565 0.00839773 0.00895442 0.0106113 0.0101402 0.0108433 0.0121807 0.0121088 0.0130404 0.0150207 0.0202476 0.0139735 0.0129408 0.0129867 0.023225 0.00789889 0.119032 0.0138172 0.0125743 0.00847931 0.00436448 0.00508249 0.00631078 0 0.00407004 0.00536882 0.862551 0.0215739 0.0122832 0.00985091 0.00980137 0.00965051 0.0103194 0.00930002 0.00931277 0.00906749 0.0124056 0.0104874 0.00855148 0.00873462 0.00908866 0.00904682 0.00932278 0.00865853 0.00879257 0.00941115 0.00945052 0.0095964 0.0104172 0.00946231 0.00827873 0.00832431 0.00897915 0.00982641 
0.00848805 0.00902625 0.00853119 0.00877205 0.00930632 0.00856935 0.00840628 0.00848284 0.00915904 0.00925699 0.00863481 0.0088431 0.00837549 0.00834706 0.00843661 0.0116568 0.0104444 0.0112131 0.0123772 0.0141806 0.0117455 0.0194187 0.0200044 0.0195678 0.0131857 0.0233809 0.0189202 0.135392 0.0121421 0.0189149 0.0169138 0.0173197 0.00575286 0.0122716 0.00514633 0.00407004 0 0.956509 0.00399675 0.0156987 0.0135675 0.0103338 0.00937605 0.0103692 0.0100503 0.0101297 0.00898431 0.0103679 0.00982239 0.00916235 0.00867931 0.00923589 0.00923283 0.0108328 0.0091797 0.00896853 0.00890615 0.0104751 0.00951094 0.0112108 0.00976844 0.00964803 0.00843765 0.00838269 0.00873137 0.0088652 
0.00835972 0.00843699 0.00828452 0.00833789 0.00836481 0.0082896 0.00827537 0.00839249 0.00848717 0.00880787 0.00838423 0.00837187 0.0082995 0.00823009 0.00858979 0.00965556 0.00969339 0.00962149 0.0113461 0.0110986 0.0112671 0.0127016 0.0156137 0.0148442 0.0114294 0.0114236 0.0177562 0.0130159 0.0157758 0.0152421 0.0157388 0.0125789 0.00559149 0.00739901 0.0136465 0.00536882 0.956509 0 0.00474257 0.0204205 0.0165236 0.0101762 0.0096416 0.0108358 0.0097829 0.00966859 0.00865305 0.00928276 0.0103325 0.00927616 0.00859748 0.00866476 0.00889003 0.00915181 0.00875792 0.00866641 0.00847498 0.00936498 0.00906503 0.0101947 0.00998443 0.00896588 0.0083387 0.0081999 0.00879487 0.00957692 
0.00859687 0.00825032 0.00821927 0.0082884 0.00831187 0.00850052 0.00829946 0.00819875 0.00844081 0.00835139 0.00962235 0.00824143 0.00829031 0.00820101 0.00828617 0.00970249 0.00930047 0.00915114 0.00902661 0.0151365 0.00963277 0.0101337 0.0130229 0.0156867 0.0102619 0.0135765 0.0142196 0.0176994 0.0110689 0.0197134 0.0149805 0.0121032 0.00724352 0.0108387 0.00745022 0.862551 0.00399675 0.00474257 0 0.0160634 0.0102569 0.0117391 0.00986215 0.0116889 0.0109281 0.00974579 0.0101507 0.0092539 0.0121846 0.0121001 0.00865465 0.0086656 0.00931181 0.00894183 0.00926109 0.00851898 0.00874536 0.00919624 0.00908733 0.0088069 0.0105499 0.0114052 0.0086288 0.00831087 0.00880728 0.00844834 
0.00858163 0.00840933 0.00855553 0.00847792 0.00855835 0.00853746 0.00840353 0.00846644 0.00847081 0.00856981 0.00846627 0.00834174 0.00826422 0.00829339 0.00836934 0.0091987 0.00904705 0.00897469 0.00973248 0.0108028 0.00993441 0.0108359 0.0228168 0.0118115 0.00946298 0.00968405 0.0111879 0.0108253 0.0116441 0.0202563 0.0101343 0.0146449 0.0174017 0.0101177 0.0300413 0.0215739 0.0156987 0.0204205 0.0160634 0 0.00557661 0.00381976 0.00378274 0.00382347 0.00390639 0.00407137 0.00520621 0.00535833 0.0126562 0.0148281 0.00951589 0.0101804 0.0107793 0.0124282 0.0182169 0.0137634 0.0120493 0.0334039 0.0272515 0.411214 0.0298312 0.027684 0.0104629 0.00962504 0.0111841 0.019704 
0.00852834 0.00867581 0.00893451 0.0086535 0.00851798 0.0083885 0.0085574 0.0085234 0.00855805 0.0084001 0.00825747 0.00862989 0.00843606 0.00830826 0.00818112 0.00891025 0.00962923 0.00986329 0.00910541 0.0096643 0.0130811 0.0136824 0.011033 0.0125974 0.0104148 0.0129343 0.00904062 0.0109184 0.00889262 0.0152319 0.0176148 0.00988291 0.011377 0.0240661 0.0115484 0.0122832 0.0135675 0.0165236 0.0102569 0.00557661 0 0.00384131 0.0037657 0.00378197 0.00383321 0.00411046 0.00429237 0.00781617 0.00471617 0.00674241 0.0112218 0.0111867 0.0171524 0.0253507 0.0173605 0.020294 0.0188891 0.0650107 0.493354 0.0388948 0.010676 0.012269 0.0167264 0.0103469 0.0191027 0.0110494 
0.00849303 0.00861995 0.00882128 0.00865635 0.0088482 0.00830666 0.00851745 0.00873218 0.00860486 0.00837847 0.00831082 0.00861762 0.00843595 0.0082642 0.00819281 0.00867514 0.00932566 0.00980671 0.00929829 0.00877017 0.0118597 0.0121295 0.0103617 0.00926035 0.0111939 0.0122476 0.00906516 0.00895795 0.00893158 0.0122018 0.011508 0.00924607 0.0107461 0.00993657 0.00944816 0.00985091 0.0103338 0.0101762 0.0117391 0.00381976 0.00384131 0 0.00374724 0.00375143 0.00380828 0.00403441 0.00487791 0.00402499 0.0038895 0.00614339 0.00748293 0.0103629 0.0117206 0.0157885 0.0159203 0.0143803 0.0201786 0.513348 0.0285889 0.0134357 0.00891726 0.00970024 0.0102122 0.0170283 0.0126491 0.00895974 
0.00861337 0.00864943 0.00874643 0.00861792 0.00872826 0.00830463 0.00855162 0.0085589 0.00864408 0.00838437 0.00827735 0.00851795 0.00849368 0.0083483 0.00815274 0.00851383 0.00961719 0.00977748 0.00896656 0.00874943 0.0106628 0.012931 0.0102439 0.0107487 0.0102111 0.0139359 0.00945532 0.00883275 0.00896058 0.0110745 0.0103347 0.0106431 0.00988145 0.00916005 0.0100219 0.00980137 0.00937605 0.0096416 0.00986215 0.00378274 0.0037657 0.00374724 0 0.00375033 0.00379597 0.00378258 0.00380926 0.00376613 0.00392173 0.00707205 0.00781744 0.00940098 0.0164814 0.0118076 0.0288119 0.0192635 0.612416 0.0137489 0.0226257 0.010468 0.00886954 0.00903311 0.0215662 0.0127395 0.013057 0.00940172 
0.0084612 0.00848175 0.00867276 0.00848617 0.00854218 0.00834557 0.00842294 0.00854206 0.00859851 0.00845663 0.00826741 0.00849832 0.00831711 0.00821445 0.00824807 0.00908601 0.00917852 0.00951156 0.0103878 0.00904466 0.0116885 0.0126016 0.0110016 0.0105084 0.010704 0.0146014 0.01006 0.00941625 0.00881665 0.0124067 0.0123185 0.0119715 0.00989642 0.00976852 0.010606 0.00965051 0.0103692 0.0108358 0.0116889 0.00382347 0.00378197 0.00375143 0.00375033 0 0.0037898 0.00378349 0.00378983 0.00380418 0.00388325 0.00592919 0.00889526 0.0109626 0.00953162 0.0215927 0.03102 0.661037 0.011021 0.015366 0.011864 0.0132445 0.010374 0.0129686 0.011456 0.00972017 0.0111936 0.0114472 
0.00847162 0.00864077 0.008911 0.00876462 0.00836655 0.0082774 0.00848248 0.00888928 0.00877279 0.00833623 0.00829207 0.00849259 0.00851325 0.00832703 0.00815585 0.00864707 0.0099051 0.0108604 0.00888207 0.00908907 0.0139244 0.0149328 0.0107504 0.0103201 0.0126961 0.0176357 0.00975678 0.00899554 0.0092992 0.0129532 0.0143589 0.0114621 0.00966219 0.00983427 0.0112194 0.0103194 0.0100503 0.0097829 0.0109281 0.00390639 0.00383321 0.00380828 0.00379597 0.0037898 0 0.00379686 0.00376448 0.00380556 0.00381424 0.00669995 0.0147562 0.00820942 0.0531306 0.02911 0.761997 0.0141213 0.0154019 0.0117863 0.0353877 0.0136087 0.00990572 0.0102471 0.00923935 0.0129787 0.0203371 0.0106385 
0.0085875 0.00875171 0.0091402 0.00881415 0.00840757 0.00837449 0.00861099 0.00878654 0.00883931 0.0084352 0.00828961 0.00865627 0.00847134 0.00832939 0.00817884 0.00876838 0.0097155 0.0101252 0.00929912 0.00907902 0.0122122 0.0137014 0.012624 0.010468 0.0109268 0.0159516 0.00980088 0.00915911 0.00877117 0.0129447 0.0135166 0.0101656 0.010216 0.00993067 0.010153 0.00930002 0.0101297 0.00966859 0.00974579 0.00407137 0.00411046 0.00403441 0.00378258 0.00378349 0.00379686 0 0.00379727 0.00376528 0.00377514 0.00655878 0.00688089 0.0422527 0.0330507 0.714564 0.0120785 0.0140912 0.00917966 0.0165274 0.0150724 0.0138433 0.00903873 0.00914166 0.0117612 0.013257 0.0148063 0.00967022 
0.00853005 0.0085836 0.00888289 0.00871719 0.00834765 0.00833874 0.00844782 0.00863061 0.00860499 0.00829698 0.00838947 0.00840879 0.00839708 0.00829604 0.00816306 0.00846846 0.00901407 0.00924974 0.00864046 0.00875676 0.0102281 0.0126972 0.0104632 0.00959392 0.0112876 0.0118719 0.00900355 0.00870235 0.00890473 0.0107273 0.0100719 0.00974441 0.00942582 0.00888041 0.0106714 0.00931277 0.00898431 0.00865305 0.0101507 0.00520621 0.00429237 0.00487791 0.00380926 0.00378983 0.00376448 0.00379727 0 0.0037756 0.00376117 0.00539496 0.011379 0.0532877 0.733505 0.0117772 0.0292737 0.00797915 0.0116476 0.0116932 0.031127 0.010676 0.00910707 0.00935038 0.00898908 0.0162124 0.0164456 0.00970564 
0.00850228 0.00861116 0.0085404 0.00852317 0.00830064 0.00834894 0.00845347 0.00841611 0.0084165 0.00822535 0.00827096 0.00855296 0.00824554 0.00818842 0.00814779 0.00855517 0.00859835 0.0086188 0.00856436 0.00862577 0.00898032 0.00910037 0.00881767 0.00942642 0.00904992 0.00970812 0.00878974 0.0100293 0.00850538 0.00979484 0.0128166 0.00920492 0.00921706 0.0110241 0.00894223 0.00906749 0.0103679 0.00928276 0.0092539 0.00535833 0.00781617 0.00402499 0.00376613 0.00380418 0.00380556 0.00376528 0.0037756 0 0.00383804 0.0052383 0.201068 0.141681 0.00850463 0.016876 0.00744574 0.0100451 0.00752625 0.00976413 0.0104023 0.0134645 0.00837257 0.00873162 0.0187079 0.00853424 0.012808 0.0121348 
0.00864949 0.008392 0.0083555 0.00829838 0.0082184 0.0084237 0.00828633 0.0083292 0.00826566 0.00826992 0.0086198 0.00821239 0.00822083 0.00819265 0.00821624 0.00856045 0.00849769 0.008314 0.00850953 0.00916426 0.00855577 0.00844729 0.00915618 0.0105741 0.00870795 0.00859154 0.00938708 0.0095877 0.00976672 0.0118376 0.00859965 0.0105418 0.0114487 0.00889889 0.0109319 0.0124056 0.00982239 0.0103325 0.0121846 0.0126562 0.00471617 0.0038895 0.00392173 0.00388325 0.00381424 0.00377514 0.00376117 0.00383804 0 0.788921 0.0284678 0.00479423 0.00615948 0.0056797 0.00718882 0.0063299 0.00682306 0.00748976 0.00938826 0.00734183 0.00907899 0.0137764 0.00787607 0.00770723 0.00824432 0.0117149 
0.00841872 0.00832732 0.00835272 0.00829555 0.00847671 0.00826535 0.00824467 0.00839117 0.00829505 0.00854871 0.00826687 0.00817853 0.00819739 0.00814215 0.00838318 0.00850971 0.00836622 0.00831934 0.00893231 0.00840723 0.0083349 0.0086322 0.00928597 0.00832604 0.00826147 0.0085755 0.00892159 0.00857934 0.00861605 0.00876647 0.00838136 0.00943774 0.00870554 0.00853492 0.0115555 0.0104874 0.00916235 0.00927616 0.0121001 0.0148281 0.00674241 0.00614339 0.00707205 0.00592919 0.00669995 0.00655878 0.00539496 0.0052383 0.788921 0 0.00409367 0.00377274 0.00378153 0.00379964 0.00396645 0.00385903 0.00461148 0.00424743 0.00552499 0.0057069 0.00897496 0.00686072 0.00646499 0.00735909 0.00810999 0.0303776 
0.00851225 0.00854529 0.00860239 0.00855252 0.00847226 0.00837854 0.0084233 0.0084983 0.00847918 0.00834565 0.008313 0.00839787 0.00830975 0.00828111 0.00819067 0.00836602 0.00879604 0.00865966 0.00836721 0.00838426 0.00897892 0.00944411 0.00864947 0.00840749 0.00858979 0.00949267 0.00837767 0.00847129 0.00835259 0.00910558 0.00929456 0.00849672 0.00856246 0.00907075 0.00866447 0.00855148 0.00867931 0.00859748 0.00865465 0.00951589 0.0112218 0.00748293 0.00781744 0.00889526 0.0147562 0.00688089 0.011379 0.201068 0.0284678 0.00409367 0 0.00380529 0.00377787 0.00378035 0.0037369 0.00394829 0.00390199 0.00436523 0.00672779 0.00782458 0.00532066 0.00601183 0.00705855 0.00742512 0.0123982 0.00874992 
0.00859302 0.00867369 0.00869484 0.00870069 0.00844059 0.008425 0.00857144 0.00863366 0.00857326 0.00835774 0.00828408 0.00880528 0.00834547 0.00834856 0.00818589 0.00866434 0.00896997 0.00917513 0.00862406 0.0087146 0.00962486 0.00999665 0.0090908 0.00890717 0.00907818 0.00944861 0.00867877 0.00858743 0.00835213 0.0101169 0.00891929 0.00878575 0.00958393 0.00858612 0.00930254 0.00873462 0.00923589 0.00866476 0.0086656 0.0101804 0.0111867 0.0103629 0.00940098 0.0109626 0.00820942 0.0422527 0.0532877 0.141681 0.00479423 0.00377274 0.00380529 0 0.0037599 0.0037818 0.00377016 0.0038838 0.00406085 0.00403915 0.00591031 0.00464478 0.00531238 0.00653947 0.00712961 0.0120487 0.00952046 0.00853485 
0.00869107 0.00879622 0.00976211 0.00901983 0.00883655 0.00836535 0.00865879 0.00882126 0.00904346 0.00847925 0.008413 0.00850282 0.00849422 0.00830906 0.00821823 0.00873996 0.00945379 0.0101691 0.00934442 0.00880934 0.0111446 0.0111566 0.0101624 0.00923991 0.0107895 0.0114242 0.00906996 0.00869187 0.00912108 0.0109059 0.0106094 0.00999519 0.00924657 0.00923355 0.0108269 0.00908866 0.00923283 0.00889003 0.00931181 0.0107793 0.0171524 0.0117206 0.0164814 0.00953162 0.0531306 0.0330507 0.733505 0.00850463 0.00615948 0.00378153 0.00377787 0.0037599 0 0.00376531 0.00377629 0.00386062 0.00387213 0.00405669 0.00487271 0.00440549 0.00520317 0.00715669 0.00764763 0.0112925 0.0105141 0.0109638 
0.00864027 0.00887366 0.0090058 0.00916059 0.00882901 0.00836119 0.00868643 0.00882268 0.00895763 0.00858879 0.00822048 0.00871637 0.00830972 0.00827378 0.00820631 0.00904195 0.0093253 0.00999578 0.0100136 0.00903562 0.0118607 0.0127987 0.0116599 0.009468 0.00992601 0.0150003 0.00937854 0.00902166 0.00897242 0.01226 0.012533 0.0112753 0.00941388 0.00961967 0.0107127 0.00904682 0.0108328 0.00915181 0.00894183 0.0124282 0.0253507 0.0157885 0.0118076 0.0215927 0.02911 0.714564 0.0117772 0.016876 0.0056797 0.00379964 0.00378035 0.0037818 0.00376531 0 0.00376771 0.00382916 0.00382621 0.00386554 0.00436035 0.00393639 0.00414713 0.00645624 0.00811858 0.00812635 0.0106288 0.00984875 
0.00862133 0.00870309 0.0090866 0.0087381 0.00848267 0.00833094 0.00855845 0.00870984 0.00879953 0.00832819 0.00830966 0.00843293 0.00847121 0.00830719 0.00817083 0.00872828 0.00945711 0.00982378 0.0088644 0.00917872 0.011865 0.011378 0.0103246 0.00968617 0.0120338 0.0122783 0.00919476 0.00872618 0.00913643 0.0113701 0.011218 0.010121 0.00948651 0.00971957 0.0104137 0.00932278 0.0091797 0.00875792 0.00926109 0.0182169 0.0173605 0.0159203 0.0288119 0.03102 0.761997 0.0120785 0.0292737 0.00744574 0.00718882 0.00396645 0.0037369 0.00377016 0.00377629 0.00376771 0 0.00376267 0.00371134 0.0037909 0.00380567 0.00385425 0.00380914 0.00581512 0.00648724 0.00926894 0.00875081 0.0110996 
