1H64K
ERPLDVIHRSLDKDVLVILKKGFEFRGRLIGYDIHLNVVLADAEMIQDGEVVKRYGKIVIRGDNVLAISPT
CCHHHHHHHCCCCEEEEECHHHEEEEEEEEEECCCCCEEEEEEEEEECCEEEEEEEEEEECHHHCCEEEEC
0 0 0 0 0 0 0 0 0 0 0 0 0 0 0 0 0 0 0 0 0 0 0 0 0 0 0 0 0 0 0 0 0 0 0 0 0 0 0 0 0 0 0 0 0 0 0 0 0 0 0 0 0 0 0 0 0 0 0 0 0 0 0 0 0 0 0 0 0 0 0 
0 0 0 0 0 0 0 0 0 0 0 0 0 0 0 0 0 0 0 0 0 0 0 0 0 0 0 0 0 0 0 0 0 0 0 0 0 0 0 0 0 0 0 0 0 0 0 0 0 0 0 0 0 0 0 0 0 0 0 0 0 0 0 0 0 0 0 0 0 0 0 
0 0.00432079 0.00382833 0.00393539 0.00490947 0.00451382 0.00783257 0.00647769 0.0158909 0.0106196 0.475212 0.0111947 0.0119688 0.00982286 0.0336697 0.0206563 0.0131112 0.0112154 0.0092165 0.0111073 0.00849527 0.0107637 0.0092639 0.0095266 0.0162076 0.0144088 0.00929052 0.00942082 0.00933579 0.0118925 0.00868311 0.00923051 0.0102588 0.0100814 0.0129863 0.0158827 0.0302392 0.00962885 0.0125469 0.0131157 
0.00432079 0 0.00376629 0.00383509 0.00387077 0.00469489 0.00517693 0.0173346 0.0086575 0.516042 0.00854835 0.0222105 0.00843699 0.0300109 0.0107683 0.025163 0.0376911 0.0170076 0.0266827 0.00893137 0.024663 0.00938466 0.0152756 0.0175957 0.0100991 0.0094016 0.0146661 0.00902677 0.0157882 0.00910617 0.0124786 0.0114056 0.0131829 0.0431665 0.019658 0.016157 0.0216207 0.0662714 0.0175737 0.0218977 
0.00382833 0.00376629 0 0.0038253 0.00378223 0.00392705 0.00823927 0.0233055 0.459838 0.00908948 0.0128381 0.00923661 0.0251813 0.0159973 0.01091 0.0144494 0.0277203 0.0578902 0.0160488 0.028979 0.0102025 0.0318137 0.0207113 0.0105485 0.00965981 0.00993155 0.00919183 0.0160653 0.0115714 0.0186106 0.0109154 0.0156551 0.0453204 0.0357747 0.0529222 0.0162566 0.0295206 0.0344187 0.0550098 0.0139794 
0.00393539 0.00383509 0.0038253 0 0.00385272 0.00431506 0.0216839 0.420163 0.00862105 0.00948609 0.00885276 0.0174113 0.0241419 0.0332387 0.0142015 0.0149832 0.0469588 0.024458 0.0264558 0.0127422 0.0134408 0.0130028 0.0181505 0.0202021 0.0109269 0.0103881 0.0174033 0.00916987 0.0110521 0.0109865 0.0125531 0.0165956 0.0189017 0.036047 0.0740705 0.0364337 0.025643 0.0942739 0.0526708 0.0284766 
0.00490947 0.00387077 0.00378223 0.00385272 0 0.0182964 0.268991 0.00463655 0.00622168 0.00639105 0.00868779 0.00801002 0.00841928 0.00919711 0.0155529 0.0318884 0.0145851 0.013357 0.0112979 0.0103753 0.00950704 0.0107213 0.0111716 0.0105231 0.0130402 0.0408873 0.0107838 0.00944946 0.00909371 0.00986185 0.00988832 0.0101253 0.011461 0.0115358 0.0268133 0.0335514 0.092353 0.014056 0.0185707 0.0178899 
0.00451382 0.00469489 0.00392705 0.00431506 0.0182964 0 0.00379586 0.00381245 0.00378524 0.00406056 0.00377836 0.00408803 0.00384031 0.00425598 0.00816268 0.00844399 0.00699226 0.00810964 0.00773352 0.00709497 0.00869813 0.00727119 0.00874231 0.0258286 0.518592 0.0085326 0.00864688 0.00816627 0.00867897 0.00814628 0.00958555 0.0085469 0.00863299 0.0122602 0.00943214 0.0421871 0.0135133 0.0149895 0.00997908 0.0387378 
0.00783257 0.00517693 0.00823927 0.0216839 0.268991 0.00379586 0 0.00374121 0.00378117 0.0037757 0.00396887 0.00382213 0.00382271 0.00627232 0.00496772 0.00721456 0.00811744 0.00841896 0.00747322 0.0104328 0.00692491 0.0120836 0.0274365 0.545014 0.01154 0.00893739 0.00817467 0.00877253 0.00813825 0.0108752 0.00805613 0.0089442 0.010645 0.00923952 0.0301225 0.0102765 0.0155354 0.00949345 0.0489272 0.0100063 
0.00647769 0.0173346 0.0233055 0.420163 0.00463655 0.00381245 0.00374121 0 0.00373845 0.00383725 0.00381155 0.00452901 0.00409722 0.00403587 0.00429936 0.00878627 0.0086809 0.0104811 0.0125906 0.00738598 0.0199314 0.0111952 0.633464 0.0195526 0.00878329 0.00803717 0.00941031 0.00820933 0.0108474 0.00821444 0.0158104 0.00911158 0.0095682 0.0396474 0.00980357 0.0161014 0.0100709 0.0454318 0.00923764 0.0223435 
0.0158909 0.0086575 0.459838 0.00862105 0.00622168 0.00378524 0.00378117 0.00373845 0 0.0036715 0.00380601 0.00378682 0.00380725 0.00388265 0.00387532 0.00774531 0.00930078 0.00892764 0.00728278 0.0349744 0.00875153 0.632486 0.0150534 0.0125395 0.00801996 0.00906478 0.00803927 0.00969728 0.00869212 0.0122172 0.00806473 0.0096633 0.0253195 0.00916989 0.0219734 0.00945615 0.0186125 0.00936145 0.0228803 0.00907705 
0.0106196 0.516042 0.00908948 0.00948609 0.00639105 0.00406056 0.0037757 0.00383725 0.0036715 0 0.00375677 0.00400361 0.0037609 0.00391601 0.00392393 0.00984646 0.00792572 0.00852072 0.0150095 0.0255498 0.582909 0.0107877 0.0124291 0.0110236 0.00795532 0.00784751 0.00954318 0.00836661 0.00980802 0.00794687 0.0146425 0.00962245 0.00900084 0.0278476 0.00907329 0.016824 0.010673 0.0312514 0.00887594 0.0211394 
0.475212 0.00854835 0.0128381 0.00885276 0.00868779 0.00377836 0.00396887 0.00381155 0.00380601 0.00375677 0 0.00374452 0.00376646 0.00377719 0.00384435 0.00690242 0.0101288 0.0116709 0.0445074 0.430647 0.021497 0.0195459 0.00811597 0.00811462 0.00850726 0.00943073 0.00802991 0.0090385 0.00851896 0.0140695 0.00830792 0.00943943 0.0177164 0.00934051 0.024737 0.00993992 0.0210397 0.00999469 0.0238484 0.00966379 
0.0111947 0.0222105 0.00923661 0.0174113 0.00801002 0.00408803 0.00382213 0.00452901 0.00378682 0.00400361 0.00374452 0 0.00374952 0.00376723 0.0044537 0.0109328 0.00862824 0.0760937 0.295432 0.0183737 0.017787 0.00738111 0.00961799 0.010551 0.00787327 0.00777846 0.00936941 0.00829493 0.00939403 0.00843445 0.0116413 0.00925562 0.0100231 0.0304966 0.0120369 0.0149547 0.0110898 0.038652 0.0114437 0.0232507 
0.0119688 0.00843699 0.0251813 0.0241419 0.00841928 0.00384031 0.00382271 0.00409722 0.00380725 0.0037609 0.00376646 0.00374952 0 0.00374595 0.00378014 0.00635157 0.0224584 0.228516 0.0265647 0.0158581 0.0071072 0.00948996 0.0100321 0.00801769 0.00776752 0.00881326 0.0080604 0.00894465 0.00857518 0.0118223 0.00854639 0.00946022 0.0206196 0.0138797 0.0246798 0.0119327 0.0194591 0.015924 0.0316355 0.0134773 
0.00982286 0.0300109 0.0159973 0.0332387 0.00919711 0.00425598 0.00627232 0.00403587 0.00388265 0.00391601 0.00377719 0.00376723 0.00374595 0 0.00389154 0.00921609 0.80718 0.0518534 0.021255 0.00766037 0.00956886 0.00823124 0.0092293 0.01183 0.00780476 0.00824131 0.0104814 0.00824161 0.0102689 0.00915283 0.00903712 0.0115288 0.0108062 0.0209804 0.0469958 0.0219085 0.0155001 0.0420179 0.0310607 0.0198804 
0.0336697 0.0107683 0.01091 0.0142015 0.0155529 0.00816268 0.00496772 0.00429936 0.00387532 0.00392393 0.00384435 0.0044537 0.00378014 0.00389154 0 0.943145 0.0482101 0.011079 0.00717175 0.00643824 0.0064219 0.00656293 0.0077244 0.00780659 0.00818318 0.0142238 0.00902299 0.0080278 0.00811835 0.00797605 0.00829549 0.00845895 0.00936594 0.0104161 0.0152041 0.0423561 0.0472136 0.0123285 0.0123978 0.0223179 
0.0206563 0.025163 0.0144494 0.0149832 0.0318884 0.00844399 0.00721456 0.00878627 0.00774531 0.00984646 0.00690242 0.0109328 0.00635157 0.00921609 0.943145 0 0.00402091 0.00381283 0.00382096 0.00382827 0.0038853 0.00391429 0.00402909 0.00587479 0.00863133 0.00769589 0.00780797 0.00804585 0.0086488 0.00837641 0.00879435 0.00921867 0.0109461 0.0216091 0.0294844 0.855187 0.0426462 0.0339491 0.0155027 0.0651106 
0.0131112 0.0376911 0.0277203 0.0469588 0.0145851 0.00699226 0.00811744 0.0086809 0.00930078 0.00792572 0.0101288 0.00862824 0.0224584 0.80718 0.0482101 0.00402091 0 0.00388547 0.00376378 0.00377495 0.00379627 0.00387452 0.00403273 0.0106179 0.00552814 0.00649422 0.00705989 0.00774864 0.0082266 0.00985669 0.00856535 0.0115453 0.0216396 0.0277961 0.895656 0.0168517 0.0398997 0.0310063 0.0477242 0.0149302 
0.0112154 0.0170076 0.0578902 0.024458 0.013357 0.00810964 0.00841896 0.0104811 0.00892764 0.00852072 0.0116709 0.0760937 0.228516 0.0518534 0.011079 0.00381283 0.00388547 0 0.00375696 0.00374869 0.00376428 0.00383923 0.00415314 0.00398515 0.00402907 0.00647283 0.00730116 0.00731269 0.00839864 0.00851481 0.00837909 0.0118392 0.0350947 0.90074 0.0248057 0.0155692 0.0157533 0.0340769 0.0190195 0.0215481 
0.0092165 0.0266827 0.0160488 0.0264558 0.0112979 0.00773352 0.00747322 0.0125906 0.00728278 0.0150095 0.0445074 0.295432 0.0265647 0.021255 0.00717175 0.00382096 0.00376378 0.00375696 0 0.00375455 0.00380067 0.00375768 0.00377804 0.00395279 0.00377703 0.00527992 0.00744169 0.00754795 0.00863454 0.00697082 0.0109249 0.0413139 0.826586 0.0290549 0.0109978 0.0107672 0.013731 0.0222411 0.0113075 0.0169508 
0.0111073 0.00893137 0.028979 0.0127422 0.0103753 0.00709497 0.0104328 0.00738598 0.0349744 0.0255498 0.430647 0.0183737 0.0158581 0.00766037 0.00643824 0.00382827 0.00377495 0.00374869 0.00375455 0 0.00366825 0.00377429 0.00375071 0.00395308 0.00380466 0.00481063 0.00589428 0.00666609 0.00685294 0.0143621 0.0104844 0.713914 0.0231414 0.00796724 0.0133351 0.00868959 0.012621 0.00905544 0.0176911 0.0088469 
0.00849527 0.024663 0.0102025 0.0134408 0.00950704 0.00869813 0.00692491 0.0199314 0.00875153 0.582909 0.021497 0.017787 0.0071072 0.00956886 0.0064219 0.0038853 0.00379627 0.00376428 0.00380067 0.00366825 0 0.00374048 0.00375714 0.00389766 0.00383037 0.00414717 0.00661361 0.00577589 0.00957215 0.0138168 0.917663 0.0116213 0.00723334 0.0120535 0.00856823 0.0105981 0.00871708 0.0180111 0.00847636 0.0170361 
0.0107637 0.00938466 0.0318137 0.0130028 0.0107213 0.00727119 0.0120836 0.0111952 0.632486 0.0107877 0.0195459 0.00738111 0.00948996 0.00823124 0.00656293 0.00391429 0.00387452 0.00383923 0.00375768 0.00377429 0.00374048 0 0.00374636 0.00378202 0.00377285 0.00423461 0.00804716 0.0065036 0.0390472 0.90982 0.00663256 0.00680637 0.011761 0.00783177 0.0132652 0.007454 0.0153257 0.0090511 0.0167134 0.00885952 
0.0092639 0.0152756 0.0207113 0.0181505 0.0111716 0.00874231 0.0274365 0.633464 0.0150534 0.0124291 0.00811597 0.00961799 0.0100321 0.0092293 0.0077244 0.00402909 0.00403273 0.00415314 0.00377804 0.00375071 0.00375714 0.00374636 0 0.00374954 0.00374966 0.00436039 0.00696741 0.133725 0.848733 0.00823872 0.00642445 0.00688917 0.00854746 0.0105012 0.0085978 0.0082007 0.0102816 0.0160508 0.0114577 0.0126851 
0.0095266 0.0175957 0.0105485 0.0202021 0.0105231 0.0258286 0.545014 0.0195526 0.0125395 0.0110236 0.00811462 0.010551 0.00801769 0.01183 0.00780659 0.00587479 0.0106179 0.00398515 0.00395279 0.00395308 0.00389766 0.00378202 0.00374954 0 0.00377627 0.0058041 0.932278 0.0620069 0.00557725 0.00597988 0.00590782 0.00661212 0.00813393 0.00833245 0.00839203 0.0129765 0.00943524 0.016633 0.0118778 0.0115645 
0.0162076 0.0100991 0.00965981 0.0109269 0.0130402 0.518592 0.01154 0.00878329 0.00801996 0.00795532 0.00850726 0.00787327 0.00776752 0.00780476 0.00818318 0.00863133 0.00552814 0.00402907 0.00377703 0.00380466 0.00383037 0.00377285 0.00374966 0.00377627 0 0.977519 0.0206077 0.00409605 0.00389595 0.0058376 0.00739708 0.00566613 0.00641468 0.00697567 0.00738623 0.00755621 0.0181204 0.00903681 0.00879357 0.0103004 
0.0144088 0.0094016 0.00993155 0.0103881 0.0408873 0.0085326 0.00893739 0.00803717 0.00906478 0.00784751 0.00943073 0.00777846 0.00881326 0.00824131 0.0142238 0.00769589 0.00649422 0.00647283 0.00527992 0.00481063 0.00414717 0.00423461 0.00436039 0.0058041 0.977519 0 0.00404797 0.00383526 0.00389608 0.00398326 0.00409113 0.00404251 0.00428576 0.00539408 0.00720342 0.00988213 0.0102623 0.00798193 0.0111314 0.0152481 
0.00929052 0.0146661 0.00919183 0.0174033 0.0107838 0.00864688 0.00817467 0.00941031 0.00803927 0.00954318 0.00802991 0.00936941 0.0080604 0.0104814 0.00902299 0.00780797 0.00705989 0.00730116 0.00744169 0.00589428 0.00661361 0.00804716 0.00696741 0.932278 0.0206077 0.00404797 0 0.0038044 0.00376877 0.00391197 0.00391318 0.00389415 0.00404749 0.0103609 0.0146369 0.00520312 0.00792373 0.00985773 0.0130545 0.0102101 
0.00942082 0.00902677 0.0160653 0.00916987 0.00944946 0.00816627 0.00877253 0.00820933 0.00969728 0.00836661 0.0090385 0.00829493 0.00894465 0.00824161 0.0080278 0.00804585 0.00774864 0.00731269 0.00754795 0.00666609 0.00577589 0.0065036 0.133725 0.0620069 0.00409605 0.00383526 0.0038044 0 0.003794 0.00375262 0.00393158 0.0039863 0.00412227 0.00479332 0.00458023 0.00410861 0.00797967 0.0077245 0.008625 0.00825379 
0.00933579 0.0157882 0.0115714 0.0110521 0.00909371 0.00867897 0.00813825 0.0108474 0.00869212 0.00980802 0.00851896 0.00939403 0.00857518 0.0102689 0.00811835 0.0086488 0.0082266 0.00839864 0.00863454 0.00685294 0.00957215 0.0390472 0.848733 0.00557725 0.00389595 0.00389608 0.00376877 0.003794 0 0.00375695 0.00374568 0.00380507 0.00452598 0.00443796 0.00396468 0.0039428 0.00804246 0.00859454 0.00823685 0.00887764 
0.0118925 0.00910617 0.0186106 0.0109865 0.00986185 0.00814628 0.0108752 0.00821444 0.0122172 0.00794687 0.0140695 0.00843445 0.0118223 0.00915283 0.00797605 0.00837641 0.00985669 0.00851481 0.00697082 0.0143621 0.0138168 0.90982 0.00823872 0.00597988 0.0058376 0.00398326 0.00391197 0.00375262 0.00375695 0 0.00368728 0.00377349 0.00416006 0.00393469 0.00400945 0.00386894 0.00826467 0.00775076 0.00910758 0.00815133 
0.00868311 0.0124786 0.0109154 0.0125531 0.00988832 0.00958555 0.00805613 0.0158104 0.00806473 0.0146425 0.00830792 0.0116413 0.00854639 0.00903712 0.00829549 0.00879435 0.00856535 0.00837909 0.0109249 0.0104844 0.917663 0.00663256 0.00642445 0.00590782 0.00739708 0.00409113 0.00391318 0.00393158 0.00374568 0.00368728 0 0.00375485 0.00376098 0.0040055 0.00391895 0.00388462 0.00720242 0.00793001 0.00739286 0.0164192 
0.00923051 0.0114056 0.0156551 0.0165956 0.0101253 0.0085469 0.0089442 0.00911158 0.0096633 0.00962245 0.00943943 0.00925562 0.00946022 0.0115288 0.00845895 0.00921867 0.0115453 0.0118392 0.0413139 0.713914 0.0116213 0.00680637 0.00688917 0.00661212 0.00566613 0.00404251 0.00389415 0.0039863 0.00380507 0.00377349 0.00375485 0 0.00380169 0.00378231 0.00376839 0.00378468 0.00748363 0.00758562 0.00944538 0.0234695 
0.0102588 0.0131829 0.0453204 0.0189017 0.011461 0.00863299 0.010645 0.0095682 0.0253195 0.00900084 0.0177164 0.0100231 0.0206196 0.0108062 0.00936594 0.0109461 0.0216396 0.0350947 0.826586 0.0231414 0.00723334 0.011761 0.00854746 0.00813393 0.00641468 0.00428576 0.00404749 0.00412227 0.00452598 0.00416006 0.00376098 0.00380169 0 0.00432605 0.00372124 0.00376813 0.00867676 0.00948742 0.0239936 0.0160515 
0.0100814 0.0431665 0.0357747 0.036047 0.0115358 0.0122602 0.00923952 0.0396474 0.00916989 0.0278476 0.00934051 0.0304966 0.0138797 0.0209804 0.0104161 0.0216091 0.0277961 0.90074 0.0290549 0.00796724 0.0120535 0.00783177 0.0105012 0.00833245 0.00697567 0.00539408 0.0103609 0.00479332 0.00443796 0.00393469 0.0040055 0.00378231 0.00432605 0 0.00378954 0.00378369 0.013115 0.0442041 0.0126485 0.0391753 
0.0129863 0.019658 0.0529222 0.0740705 0.0268133 0.00943214 0.0301225 0.00980357 0.0219734 0.00907329 0.024737 0.0120369 0.0246798 0.0469958 0.0152041 0.0294844 0.895656 0.0248057 0.0109978 0.0133351 0.00856823 0.0132652 0.0085978 0.00839203 0.00738623 0.00720342 0.0146369 0.00458023 0.00396468 0.00400945 0.00391895 0.00376839 0.00372124 0.00378954 0 0.00393313 0.0479822 0.0182444 0.0516533 0.0122366 
0.0158827 0.016157 0.0162566 0.0364337 0.0335514 0.0421871 0.0102765 0.0161014 0.00945615 0.016824 0.00993992 0.0149547 0.0119327 0.0219085 0.0423561 0.855187 0.0168517 0.0155692 0.0107672 0.00868959 0.0105981 0.007454 0.0082007 0.0129765 0.00755621 0.00988213 0.00520312 0.00410861 0.0039428 0.00386894 0.00388462 0.00378468 0.00376813 0.00378369 0.00393313 0 0.0252448 0.035748 0.00748312 0.0272045 
0.0302392 0.0216207 0.0295206 0.025643 0.092353 0.0135133 0.0155354 0.0100709 0.0186125 0.010673 0.0210397 0.0110898 0.0194591 0.0155001 0.0472136 0.0426462 0.0398997 0.0157533 0.013731 0.012621 0.00871708 0.0153257 0.0102816 0.00943524 0.0181204 0.0102623 0.00792373 0.00797967 0.00804246 0.00826467 0.00720242 0.00748363 0.00867676 0.013115 0.0479822 0.0252448 0 0.00382309 0.00382927 0.0045796 
0.00962885 0.0662714 0.0344187 0.0942739 0.014056 0.0149895 0.00949345 0.0454318 0.00936145 0.0312514 0.00999469 0.038652 0.015924 0.0420179 0.0123285 0.0339491 0.0310063 0.0340769 0.0222411 0.00905544 0.0180111 0.0090511 0.0160508 0.016633 0.00903681 0.00798193 0.00985773 0.0077245 0.00859454 0.00775076 0.00793001 0.00758562 0.00948742 0.0442041 0.0182444 0.035748 0.00382309 0 0.00381067 0.00382285 
0.0125469 0.0175737 0.0550098 0.0526708 0.0185707 0.00997908 0.0489272 0.00923764 0.0228803 0.00887594 0.0238484 0.0114437 0.0316355 0.0310607 0.0123978 0.0155027 0.0477242 0.0190195 0.0113075 0.0176911 0.00847636 0.0167134 0.0114577 0.0118778 0.00879357 0.0111314 0.0130545 0.008625 0.00823685 0.00910758 0.00739286 0.00944538 0.0239936 0.0126485 0.0516533 0.00748312 0.00382927 0.00381067 0 0.00382655 
0.0131157 0.0218977 0.0139794 0.0284766 0.0178899 0.0387378 0.0100063 0.0223435 0.00907705 0.0211394 0.00966379 0.0232507 0.0134773 0.0198804 0.0223179 0.0651106 0.0149302 0.0215481 0.0169508 0.0088469 0.0170361 0.00885952 0.0126851 0.0115645 0.0103004 0.0152481 0.0102101 0.00825379 0.00887764 0.00815133 0.0164192 0.0234695 0.0160515 0.0391753 0.0122366 0.0272045 0.0045796 0.00382285 0.00382655 0 
