1H7EA
SKAVIVIPARYGSSRLPGKPLLDIVGKPMIQHVYERALQVAGVAEVWVATDDPRVEQAVQAFGGKAIMTRNDHESGTDRLVEVMHKVEADIYINLQGDEPMIRPRDVETLLQGMRDDPALPVATLCHAISAAEAAEPSTVKVVVNTRQDALYFSRSPIPYPRNAEKARYLKHVGIYAYRRDVLQNYSQLPESMPEQAESLEQLRLMNAGINIRTFEVAATGPGVDTPACLEKVRALMAQELAENA
CCEEEEEECCCCCCCCCCHHHCEECCEEHHHHHHHHHHCCCCCCEEEEEECCHHHHHHHHHCCCEEEECCCCCCCHHHHHHHHHHHCCCCEEEECCCCCCCCCHHHHHHHHHHHHHCCCCCEEEEEEEECHHHHCCCCCCEEEECCCCEEEEEECCCCCCCCCHHHCCEEEEEEEEEEEHHHHHHHHHCCCCHHHHHHCCCCHHHHHCCCCEEEEECCCCCCCCCCHHHHHHHHHHHHHHHHHCC
0 0 0 0 0 0 0 0 0 0 0 0 0 0 0 0 0 0 0 0 0 0 0 0 0 0 0 0 0 0 0 0 0 0 0 0 0 0 0 0 0 0 0 0 0 0 0 0 0 0 0 0 0 0 0 0 0 0 0 0 0 0 0 0 0 0 0 0 0 0 0 0 0 0 0 0 0 0 0 0 0 0 0 0 0 0 0 0 0 0 0 0 0 0 0 0 0 0 0 0 0 0 0 0 0 0 0 0 0 0 0 0 0 0 0 0 0 0 0 0 0 0 0 0 0 0 0 0 0 0 0 0 0 0 0 0 0 0 0 0 0 0 0 0 0 0 0 0 0 0 0 0 0 0 0 0 0 0 0 0 0 0 0 0 0 0 0 0 0 0 0 0 0 0 0 0 0 0 0 0 0 0 0 0 0 0 0 0 0 0 0 0 0 0 0 0 0 0 0 0 0 0 0 0 0 0 0 0 0 0 0 0 0 0 0 0 0 0 0 0 0 0 0 0 0 0 0 0 0 0 0 0 0 0 0 0 0 0 0 0 0 0 0 0 0 
0 0 0 0 0 0 0 0 0 0 0 0 0 0 0 0 0 0 0 0 0 0 0 0 0 0 0 0 0 0 0 0 0 0 0 0 0 0 0 0 0 0 0 0 0 0 0 0 0 0 0 0 0 0 0 0 0 0 0 0 0 0 0 0 0 0 0 0 0 0 0 0 0 0 0 0 0 0 0 0 0 0 0 0 0 0 0 0 0 0 0 0 0 0 0 0 0 0 0 0 0 0 0 0 0 0 0 0 0 0 0 0 0 0 0 0 0 0 0 0 0 0 0 0 0 0 0 0 0 0 0 0 0 0 0 0 0 0 0 0 0 0 0 0 0 0 0 0 0 0 0 0 0 0 0 0 0 0 0 0 0 0 0 0 0 0 0 0 0 0 0 0 0 0 0 0 0 0 0 0 0 0 0 0 0 0 0 0 0 0 0 0 0 0 0 0 0 0 0 0 0 0 0 0 0 0 0 0 0 0 0 0 0 0 0 0 0 0 0 0 0 0 0 0 0 0 0 0 0 0 0 0 0 0 0 0 0 0 0 0 0 0 0 0 0 
0 0.00429965 0.00388992 0.00393639 0.00391093 0.00599347 0.046194 0.0310613 0.0136398 0.0254017 0.0543344 0.0305185 0.0162163 0.0159021 0.0134465 0.0358422 0.0179722 0.0135699 0.0108847 0.0157536 0.0275951 0.0108657 0.0121248 0.0134877 0.0114318 0.00942707 0.00941205 0.00909225 0.00871644 0.00923823 0.00891534 0.0121148 0.0103846 0.00970029 0.00945197 0.0111615 0.00919618 0.00855676 0.00873069 0.00889254 0.00886613 0.0100762 0.00913571 0.00834594 0.00842541 0.00844743 0.00861595 0.00843987 0.00850875 0.00852309 0.00850578 0.00858477 0.00893857 0.00897803 0.00837531 0.00854786 0.00873935 0.00942017 
0.00429965 0 0.00392327 0.00385384 0.003853 0.00390864 0.032631 0.0219131 0.0113652 0.0106471 0.0762691 0.158509 0.0643984 0.0488615 0.0693602 0.0149143 0.0138219 0.0358532 0.0236544 0.0127738 0.0238876 0.0534899 0.0294283 0.0127367 0.0115341 0.0158081 0.0141928 0.0131954 0.0120427 0.0102364 0.00972379 0.00894389 0.0104103 0.0115224 0.011741 0.00970404 0.00854338 0.00951917 0.0107574 0.0108836 0.00992651 0.00909191 0.00848935 0.00855261 0.00892339 0.00874153 0.00896684 0.00921575 0.00899938 0.00903053 0.00914029 0.00905856 0.00837608 0.00846018 0.00863775 0.00869615 0.00865892 0.00869842 
0.00388992 0.00392327 0 0.00384873 0.00380032 0.00379302 0.0121845 0.0152497 0.00870242 0.00869039 0.0235687 0.16376 0.151876 0.229459 0.0495046 0.0192794 0.0141985 0.0448719 0.0302835 0.0139508 0.0275117 0.0566194 0.0614925 0.0141237 0.0144092 0.0210794 0.03358 0.0329638 0.0214477 0.0209864 0.0108693 0.00909262 0.0113668 0.0161504 0.0143148 0.010291 0.0089132 0.0107792 0.0172358 0.0172407 0.0115086 0.00957203 0.00876572 0.00946658 0.0104289 0.0109979 0.0103087 0.011342 0.0109328 0.0101866 0.011621 0.00927743 0.00835718 0.00872178 0.00896817 0.00918982 0.00928383 0.00866623 
0.00393639 0.00385384 0.00384873 0 0.00379387 0.00376572 0.0122145 0.0146538 0.00816253 0.00918487 0.0183229 0.048442 0.392265 0.171953 0.0678797 0.0180719 0.0143709 0.0309454 0.0297199 0.0149702 0.0183812 0.0580062 0.0433936 0.0178634 0.0120556 0.0213134 0.03606 0.0266455 0.0220694 0.0171508 0.0106897 0.00869112 0.0116649 0.0146561 0.015752 0.00945067 0.00890723 0.0105756 0.0174728 0.0152365 0.0109104 0.00929778 0.00867309 0.00885809 0.0119207 0.0100291 0.0109129 0.0120492 0.0101196 0.0114311 0.011352 0.0091482 0.00831213 0.00859555 0.00907343 0.0094383 0.00891885 0.00846201 
0.00391093 0.003853 0.00380032 0.00379387 0 0.00383709 0.0120693 0.0189025 0.00855061 0.00936686 0.011334 0.0641621 0.0362464 0.140663 0.110573 0.0209378 0.0107025 0.0177825 0.0398335 0.0119359 0.0122176 0.0165468 0.0495984 0.0109102 0.0104079 0.0143236 0.0121968 0.0132303 0.0104142 0.0103564 0.00901768 0.00846329 0.0100432 0.0111314 0.0114057 0.00905639 0.00860178 0.00938088 0.0101325 0.0104515 0.0102003 0.00899788 0.0083643 0.00843588 0.0087733 0.00867896 0.00869276 0.00904397 0.00893809 0.00896554 0.00911658 0.00840843 0.00817156 0.00831527 0.0085505 0.00859346 0.00855125 0.00823235 
0.00599347 0.00390864 0.00379302 0.00376572 0.00383709 0 0.0128883 0.0201066 0.00974545 0.00970955 0.0449553 0.0115965 0.0145065 0.018525 0.0502979 0.0551918 0.0191867 0.0106557 0.011811 0.0211027 0.0157797 0.0109465 0.0110211 0.0234061 0.0137964 0.00913509 0.00923346 0.00874136 0.00866547 0.00864287 0.00840393 0.00891645 0.0112939 0.00878783 0.00875692 0.00933348 0.00994906 0.00861109 0.00862033 0.00861209 0.00842468 0.00902339 0.0093278 0.0083772 0.00833293 0.00823942 0.00830798 0.00837635 0.00834349 0.00841474 0.00833216 0.00815725 0.00842606 0.0085756 0.00831988 0.0082389 0.00819826 0.00846372 
0.046194 0.032631 0.0121845 0.0122145 0.0120693 0.0128883 0 0.00517446 0.00437512 0.929388 0.0172363 0.0124031 0.0108821 0.00979836 0.0104751 0.0170912 0.015119 0.0092468 0.00966281 0.0127878 0.00951266 0.0119066 0.0103066 0.0132292 0.00874384 0.00848109 0.00888073 0.00837365 0.00843083 0.00837622 0.00856563 0.00904215 0.00984628 0.00856678 0.00862294 0.00912211 0.00853824 0.00835955 0.00838168 0.00871743 0.0082611 0.008671 0.0083552 0.00810633 0.00856118 0.00829989 0.00819292 0.00872936 0.00824106 0.00858171 0.00820535 0.00829847 0.00853869 0.00816559 0.00827852 0.00832905 0.00817522 0.00933387 
0.0310613 0.0219131 0.0152497 0.0146538 0.0189025 0.0201066 0.00517446 0 0.968348 0.00486306 0.0102959 0.0173747 0.00970686 0.0109785 0.0148624 0.0127312 0.0104203 0.0101277 0.00944019 0.00975055 0.0169914 0.00916674 0.0104638 0.00895021 0.0107533 0.00860022 0.00825214 0.00837548 0.00820732 0.00839294 0.0081414 0.00943765 0.0090547 0.00855804 0.00844791 0.00849135 0.00880239 0.0082363 0.00831627 0.00821802 0.00852973 0.0082268 0.00854752 0.00831581 0.00819174 0.00818939 0.00863863 0.00819741 0.00828154 0.00823025 0.00828682 0.00814525 0.00814402 0.00857772 0.0082134 0.008156 0.00833709 0.00825859 
0.0136398 0.0113652 0.00870242 0.00816253 0.00855061 0.00974545 0.00437512 0.968348 0 0.00452972 0.010355 0.00884827 0.00900635 0.00772314 0.00907833 0.0123504 0.0100584 0.00870486 0.00871493 0.0101801 0.00885852 0.00860647 0.00870294 0.00935751 0.00846139 0.00813999 0.00811294 0.00807739 0.00807723 0.00804917 0.00809865 0.00842295 0.0084077 0.00816012 0.0081194 0.00854324 0.0081779 0.00806733 0.00805964 0.00807 0.00808995 0.00825154 0.00815471 0.00805038 0.00803489 0.00803937 0.00803168 0.00805907 0.00803287 0.00808556 0.0080293 0.00808412 0.00833651 0.0080597 0.00806876 0.00806459 0.00805979 0.00829256 
0.0254017 0.0106471 0.00869039 0.00918487 0.00936686 0.00970955 0.929388 0.00486306 0.00452972 0 0.00901886 0.0096428 0.00783792 0.00760729 0.00977297 0.0110705 0.0134048 0.01014 0.00937293 0.00982263 0.0118299 0.00950395 0.00929542 0.00913736 0.00980537 0.00880443 0.00832323 0.00846487 0.00837877 0.00828264 0.00839634 0.0082629 0.00908489 0.0082958 0.00835404 0.00843305 0.00848323 0.00815509 0.00821193 0.00822817 0.0083124 0.00822095 0.00848797 0.00815238 0.00814668 0.00816783 0.00812263 0.00816207 0.0081574 0.00814682 0.0081733 0.00830819 0.00827362 0.00821169 0.00813816 0.00812585 0.00815131 0.00820009 
0.0543344 0.0762691 0.0235687 0.0183229 0.011334 0.0449553 0.0172363 0.0102959 0.010355 0.00901886 0 0.00389102 0.00377021 0.00374995 0.00381296 0.00473297 0.137134 0.0096196 0.0181667 0.031329 0.0166861 0.0148102 0.0107709 0.0197353 0.0112356 0.00957394 0.010374 0.00884646 0.00952178 0.00868543 0.00928016 0.00970049 0.0113108 0.00986675 0.00933688 0.0109431 0.00925093 0.00872916 0.00876378 0.00947563 0.00854432 0.00993419 0.00882121 0.00819709 0.00852486 0.0085088 0.0083344 0.00894096 0.00837035 0.00877201 0.00850478 0.00870106 0.0087351 0.00828073 0.00826356 0.00834128 0.00826997 0.00941653 
0.0305185 0.158509 0.16376 0.048442 0.0641621 0.0115965 0.0124031 0.0173747 0.00884827 0.0096428 0.00389102 0 0.00377765 0.00377547 0.00412358 0.00392037 0.0120327 0.174097 0.0168759 0.012398 0.0411974 0.0281362 0.0326444 0.00965544 0.0142477 0.0229369 0.0127293 0.0212098 0.011523 0.0167438 0.009415 0.0102759 0.0106188 0.017724 0.0114098 0.00996578 0.00893528 0.0106894 0.0131098 0.0105631 0.0128131 0.00883994 0.00896639 0.00900641 0.00901604 0.00909066 0.0104268 0.00908024 0.0102167 0.00899895 0.00983763 0.00865579 0.0084645 0.00884879 0.0085291 0.00866165 0.00896435 0.00840289 
0.0162163 0.0643984 0.151876 0.392265 0.0362464 0.0145065 0.0108821 0.00970686 0.00900635 0.00783792 0.00377021 0.00377765 0 0.00377526 0.00377999 0.00389537 0.147095 0.0174239 0.0637222 0.0128148 0.0162692 0.0699613 0.0244581 0.014211 0.0125145 0.0222556 0.0570816 0.0313464 0.0384835 0.0198195 0.0135826 0.00867954 0.0124705 0.0171339 0.0187366 0.0103386 0.00895733 0.0118002 0.0207913 0.0335334 0.0111912 0.00958093 0.00878985 0.00882298 0.011007 0.011075 0.00976515 0.014712 0.0107742 0.0123341 0.0111191 0.00938033 0.00850388 0.00850342 0.00880051 0.00915234 0.00902323 0.00908952 
0.0159021 0.0488615 0.229459 0.171953 0.140663 0.018525 0.00979836 0.0109785 0.00772314 0.00760729 0.00374995 0.00377547 0.00377526 0 0.0037639 0.0037753 0.0208913 0.275199 0.0292849 0.0341424 0.0186754 0.0336333 0.0647875 0.0138822 0.014545 0.0321211 0.0475409 0.0589454 0.0306461 0.032695 0.0111879 0.0096791 0.0120701 0.0232317 0.0233031 0.0111029 0.00910678 0.0122857 0.0453692 0.0269676 0.0144102 0.00980351 0.00875767 0.00891019 0.0125167 0.0106417 0.0125665 0.0123742 0.0133076 0.0116958 0.0144121 0.00962286 0.00842286 0.00874153 0.00884294 0.00934275 0.00885991 0.0084857 
0.0134465 0.0693602 0.0495046 0.0678797 0.110573 0.0502979 0.0104751 0.0148624 0.00907833 0.00977297 0.00381296 0.00412358 0.00377999 0.0037639 0 0.00381126 0.0165984 0.0423495 0.466898 0.0203735 0.0131942 0.0282708 0.0796541 0.0207306 0.0134117 0.0234903 0.0235226 0.0204805 0.0171088 0.0140516 0.0126109 0.00949601 0.0114155 0.0188548 0.0211689 0.0105132 0.00911801 0.0128303 0.0162037 0.0146524 0.0150367 0.00954102 0.00874305 0.0099814 0.0095136 0.00956671 0.00980276 0.0107611 0.0103098 0.0102147 0.0108767 0.00899297 0.00840491 0.00863308 0.00869346 0.00890671 0.00861172 0.00823689 
0.0358422 0.0149143 0.0192794 0.0180719 0.0209378 0.0551918 0.0170912 0.0127312 0.0123504 0.0110705 0.00473297 0.00392037 0.00389537 0.0037753 0.00381126 0 0.0290969 0.0227833 0.0308132 0.430773 0.019122 0.0136872 0.0203372 0.0364686 0.0206911 0.0115263 0.0108047 0.0108454 0.00983269 0.00972504 0.00892626 0.011476 0.0163991 0.0108246 0.010109 0.0129427 0.0127206 0.00990464 0.00937179 0.00960477 0.010181 0.0107364 0.0113001 0.008717 0.00848163 0.00847914 0.00879464 0.00875942 0.00887792 0.00882251 0.00895737 0.00848923 0.00862009 0.00899878 0.0085298 0.00854005 0.00837237 0.0086388 
0.0179722 0.0138219 0.0141985 0.0143709 0.0107025 0.0191867 0.015119 0.0104203 0.0100584 0.0134048 0.137134 0.0120327 0.147095 0.0208913 0.0165984 0.0290969 0 0.0044985 0.00378564 0.00572171 0.0592025 0.0140896 0.0128573 0.0376412 0.0135687 0.00935957 0.0107209 0.00916634 0.00944824 0.00874222 0.0104675 0.0121492 0.0142408 0.00953535 0.0101643 0.0143907 0.00998376 0.00875266 0.00873326 0.00909943 0.00915867 0.0122412 0.00932184 0.00816568 0.00857844 0.00846268 0.00821616 0.00874267 0.00833044 0.00861917 0.00842212 0.00904134 0.0101435 0.00837281 0.00821849 0.00835109 0.00835006 0.010125 
0.0135699 0.0358532 0.0448719 0.0309454 0.0177825 0.0106557 0.0092468 0.0101277 0.00870486 0.01014 0.0096196 0.174097 0.0174239 0.275199 0.0423495 0.0227833 0.0044985 0 0.00381431 0.00377218 0.0546956 0.0930517 0.0282028 0.0105898 0.0115726 0.0189468 0.0125053 0.0142765 0.0100451 0.0122763 0.0092709 0.00985826 0.00987372 0.0175378 0.0116876 0.00947448 0.00869602 0.00989019 0.0112525 0.0104263 0.0103695 0.00872085 0.00834536 0.00881668 0.0087895 0.00876005 0.00896935 0.00893809 0.00951329 0.00911312 0.00934697 0.00865799 0.00873746 0.0082665 0.00865082 0.00851983 0.00859708 0.00827175 
0.0108847 0.0236544 0.0302835 0.0297199 0.0398335 0.011811 0.00966281 0.00944019 0.00871493 0.00937293 0.0181667 0.0168759 0.0637222 0.0292849 0.466898 0.0308132 0.00378564 0.00381431 0 0.00378101 0.0165181 0.0487345 0.150306 0.0165597 0.0114139 0.017487 0.0155885 0.0148113 0.012201 0.0120932 0.0110502 0.0087799 0.00985703 0.0144312 0.0176902 0.00975296 0.0085134 0.0103948 0.0119256 0.0135366 0.0130129 0.00920326 0.00844173 0.00859473 0.00886962 0.00876018 0.00890408 0.00953888 0.00959837 0.00928484 0.0095732 0.00910538 0.00836271 0.00828718 0.00838538 0.00877502 0.00857442 0.00834217 
0.0157536 0.0127738 0.0139508 0.0149702 0.0119359 0.0211027 0.0127878 0.00975055 0.0101801 0.00982263 0.031329 0.012398 0.0128148 0.0341424 0.0203735 0.430773 0.00572171 0.00377218 0.00378101 0 0.0156546 0.0176709 0.0473882 0.206618 0.0192968 0.0106842 0.011505 0.0108581 0.0104424 0.0094614 0.00939207 0.00988405 0.0166873 0.0103486 0.0102297 0.0142424 0.0126351 0.00974284 0.00955728 0.010124 0.00922741 0.0110556 0.0111283 0.00857084 0.00866284 0.0084784 0.00862164 0.00882631 0.0088988 0.00891568 0.008812 0.00845747 0.00862025 0.00870497 0.00863254 0.00858251 0.0086143 0.0087916 
0.0275951 0.0238876 0.0275117 0.0183812 0.0122176 0.0157797 0.00951266 0.0169914 0.00885852 0.0118299 0.0166861 0.0411974 0.0162692 0.0186754 0.0131942 0.019122 0.0592025 0.0546956 0.0165181 0.0156546 0 0.00420752 0.00387832 0.00398669 0.223158 0.0374774 0.0163318 0.0210816 0.017351 0.0151215 0.0100743 0.0418478 0.0324769 0.0355099 0.0133919 0.0234904 0.0195166 0.0146339 0.0152766 0.0127199 0.0124055 0.0177707 0.0127599 0.0103289 0.00931856 0.0105299 0.0122696 0.0095318 0.0133957 0.0104603 0.0108852 0.0108161 0.0140492 0.0107813 0.00899591 0.00903228 0.00978638 0.00991708 
0.0108657 0.0534899 0.0566194 0.0580062 0.0165468 0.0109465 0.0119066 0.00916674 0.00860647 0.00950395 0.0148102 0.0281362 0.0699613 0.0336333 0.0282708 0.0136872 0.0140896 0.0930517 0.0487345 0.0176709 0.00420752 0 0.00386583 0.0037942 0.144895 0.158484 0.0619246 0.0269603 0.0347009 0.0370983 0.0256907 0.0104321 0.0228716 0.0656088 0.0450758 0.0133706 0.0104153 0.0302283 0.0345636 0.0409563 0.0169519 0.0115254 0.00993087 0.0117341 0.0165503 0.0126267 0.0111586 0.0250104 0.0135624 0.0178939 0.0174117 0.0120891 0.00962717 0.00865955 0.0113681 0.0103256 0.00946534 0.00880244 
0.0121248 0.0294283 0.0614925 0.0433936 0.0495984 0.0110211 0.0103066 0.0104638 0.00870294 0.00929542 0.0107709 0.0326444 0.0244581 0.0647875 0.0796541 0.0203372 0.0128573 0.0282028 0.150306 0.0473882 0.00387832 0.00386583 0 0.00384979 0.0285366 0.0958247 0.0772809 0.0887619 0.0361597 0.0588799 0.0333578 0.0205894 0.0170742 0.0627279 0.0634779 0.0181969 0.0111116 0.022648 0.0429545 0.0319091 0.062245 0.0140251 0.010736 0.0175034 0.0127437 0.0132473 0.0191037 0.0135359 0.0231542 0.0161379 0.0257066 0.0159975 0.00889263 0.00987953 0.0102303 0.0115153 0.0114911 0.00865585 
0.0134877 0.0127367 0.0141237 0.0178634 0.0109102 0.0234061 0.0132292 0.00895021 0.00935751 0.00913736 0.0197353 0.00965544 0.014211 0.0138822 0.0207306 0.0364686 0.0376412 0.0105898 0.0165597 0.206618 0.00398669 0.0037942 0.00384979 0 0.0270085 0.0168718 0.0410438 0.024175 0.0256302 0.0149051 0.0314657 0.0297998 0.0491055 0.0138563 0.0205592 0.0340255 0.0201431 0.0113513 0.012408 0.0173251 0.0117347 0.023651 0.0178749 0.00948302 0.00957823 0.0100029 0.010143 0.0113442 0.0103516 0.0107811 0.0103689 0.00957916 0.00953603 0.0102682 0.00927373 0.00899753 0.00881721 0.00898909 
0.0114318 0.0115341 0.0144092 0.0120556 0.0104079 0.0137964 0.00874384 0.0107533 0.00846139 0.00980537 0.0112356 0.0142477 0.0125145 0.014545 0.0134117 0.0206911 0.0135687 0.0115726 0.0114139 0.0192968 0.223158 0.144895 0.0285366 0.0270085 0 0.00402937 0.00383026 0.00382548 0.00384196 0.00385014 0.00410449 0.0101589 0.0495572 0.0304861 0.0170819 0.0396193 0.0241114 0.0224556 0.0158223 0.0161422 0.0164513 0.0359382 0.0187236 0.0120001 0.0108933 0.0118316 0.0119171 0.0115103 0.0130484 0.0202213 0.0129851 0.0186219 0.0214708 0.012462 0.0102295 0.0100823 0.0107455 0.0145567 
0.00942707 0.0158081 0.0210794 0.0213134 0.0143236 0.00913509 0.00848109 0.00860022 0.00813999 0.00880443 0.00957394 0.0229369 0.0222556 0.0321211 0.0234903 0.0115263 0.00935957 0.0189468 0.017487 0.0106842 0.0374774 0.158484 0.0958247 0.0168718 0.00402937 0 0.00382308 0.0038233 0.00383661 0.00389799 0.00397612 0.00443062 0.0234733 0.0725718 0.0358834 0.0157302 0.0147679 0.0324546 0.0327819 0.0231522 0.0379613 0.012628 0.0128506 0.0198164 0.0143022 0.0162098 0.0226369 0.0162487 0.0606931 0.0182099 0.0346549 0.0177789 0.0114552 0.0104961 0.0164263 0.0144096 0.0163419 0.00912538 
0.00941205 0.0141928 0.03358 0.03606 0.0121968 0.00923346 0.00888073 0.00825214 0.00811294 0.00832323 0.010374 0.0127293 0.0570816 0.0475409 0.0235226 0.0108047 0.0107209 0.0125053 0.0155885 0.011505 0.0163318 0.0619246 0.0772809 0.0410438 0.00383026 0.00382308 0 0.00376784 0.00378825 0.00379563 0.00380432 0.00384925 0.0219976 0.0263326 0.0247326 0.017021 0.0108178 0.0184533 0.0276675 0.0725594 0.0148468 0.0140324 0.0119859 0.0123804 0.0335463 0.0245269 0.017303 0.110735 0.0191174 0.0598619 0.0348537 0.0168707 0.0094386 0.00980991 0.0161998 0.0302171 0.0126975 0.00961857 
0.00909225 0.0131954 0.0329638 0.0266455 0.0132303 0.00874136 0.00837365 0.00837548 0.00807739 0.00846487 0.00884646 0.0212098 0.0313464 0.0589454 0.0204805 0.0108454 0.00916634 0.0142765 0.0148113 0.0108581 0.0210816 0.0269603 0.0887619 0.024175 0.00382548 0.0038233 0.00376784 0 0.00375123 0.00378607 0.00380521 0.00380214 0.0125017 0.0235994 0.0208322 0.0205842 0.0114613 0.0136839 0.0620099 0.0280993 0.0278719 0.0120777 0.0104745 0.0178234 0.019131 0.0239656 0.0722708 0.0183742 0.068676 0.0270394 0.0524056 0.0138395 0.010462 0.00968103 0.0163009 0.0207368 0.0141605 0.00908 
0.00871644 0.0120427 0.0214477 0.0220694 0.0104142 0.00866547 0.00843083 0.00820732 0.00807723 0.00837877 0.00952178 0.011523 0.0384835 0.0306461 0.0171088 0.00983269 0.00944824 0.0100451 0.012201 0.0104424 0.017351 0.0347009 0.0361597 0.0256302 0.00384196 0.00383661 0.00378825 0.00375123 0 0.00376051 0.0037996 0.00375862 0.0128446 0.0203311 0.0242148 0.0270359 0.0103233 0.0211318 0.0201926 0.0403817 0.0136344 0.0117641 0.0104386 0.011429 0.0257802 0.0417908 0.0161718 0.0441101 0.019735 0.0414352 0.0249276 0.0130651 0.00933192 0.00920081 0.0125908 0.018948 0.0117869 0.00911783 
0.00923823 0.0102364 0.0209864 0.0171508 0.0103564 0.00864287 0.00837622 0.00839294 0.00804917 0.00828264 0.00868543 0.0167438 0.0198195 0.032695 0.0140516 0.00972504 0.00874222 0.0122763 0.0120932 0.0094614 0.0151215 0.0370983 0.0588799 0.0149051 0.00385014 0.00389799 0.00379563 0.00378607 0.00376051 0 0.00375659 0.00376273 0.0129019 0.0327656 0.0450554 0.0170909 0.0118921 0.013301 0.0354773 0.0223006 0.019237 0.0107902 0.010484 0.0158073 0.0221334 0.0182283 0.0330577 0.0169019 0.0416498 0.0175209 0.0384958 0.0112603 0.00973598 0.00994417 0.0106848 0.018844 0.0113637 0.00868196 
0.00891534 0.00972379 0.0108693 0.0106897 0.00901768 0.00840393 0.00856563 0.0081414 0.00809865 0.00839634 0.00928016 0.009415 0.0135826 0.0111879 0.0126109 0.00892626 0.0104675 0.0092709 0.0110502 0.00939207 0.0100743 0.0256907 0.0333578 0.0314657 0.00410449 0.00397612 0.00380432 0.00380521 0.0037996 0.00375659 0 0.00376065 0.0157478 0.0589302 0.0424612 0.0205364 0.0103114 0.0218042 0.0122163 0.0187473 0.0159907 0.0122877 0.0114753 0.0138446 0.0134887 0.0113158 0.00969491 0.0232426 0.00984483 0.0156088 0.0122548 0.0149316 0.0086575 0.00898119 0.0112761 0.00987805 0.00935478 0.00897818 
0.0121148 0.00894389 0.00909262 0.00869112 0.00846329 0.00891645 0.00904215 0.00943765 0.00842295 0.0082629 0.00970049 0.0102759 0.00867954 0.0096791 0.00949601 0.011476 0.0121492 0.00985826 0.0087799 0.00988405 0.0418478 0.0104321 0.0205894 0.0297998 0.0101589 0.00443062 0.00384925 0.00380214 0.00375862 0.00376273 0.00376065 0 0.0267801 0.017265 0.0119427 0.0202008 0.0246184 0.0118376 0.011339 0.00986124 0.0130102 0.0178757 0.0344322 0.0136807 0.00887718 0.00908887 0.0123131 0.00862436 0.0116982 0.00949275 0.01009 0.00897152 0.0113344 0.0194485 0.00905835 0.00894179 0.00960299 0.00897096 
0.0103846 0.0104103 0.0113668 0.0116649 0.0100432 0.0112939 0.00984628 0.0090547 0.0084077 0.00908489 0.0113108 0.0106188 0.0124705 0.0120701 0.0114155 0.0163991 0.0142408 0.00987372 0.00985703 0.0166873 0.0324769 0.0228716 0.0170742 0.0491055 0.0495572 0.0234733 0.0219976 0.0125017 0.0128446 0.0129019 0.0157478 0.0267801 0 0.00394853 0.00385 0.00446517 0.0085583 0.0168329 0.0147285 0.077549 0.0776506 0.218528 0.0310184 0.0133944 0.0149806 0.0134494 0.0111517 0.0173404 0.0129909 0.018219 0.0143094 0.0180018 0.0226457 0.0170035 0.0155225 0.0118103 0.0112134 0.023057 
0.00970029 0.0115224 0.0161504 0.0146561 0.0111314 0.00878783 0.00856678 0.00855804 0.00816012 0.0082958 0.00986675 0.017724 0.0171339 0.0232317 0.0188548 0.0108246 0.00953535 0.0175378 0.0144312 0.0103486 0.0355099 0.0656088 0.0627279 0.0138563 0.0304861 0.0725718 0.0263326 0.0235994 0.0203311 0.0327656 0.0589302 0.017265 0.00394853 0 0.00382497 0.00384872 0.00776216 0.0274794 0.0924628 0.1148 0.251685 0.0120668 0.0204845 0.0484325 0.0171625 0.0219367 0.0305026 0.0187567 0.0387031 0.0214694 0.0424857 0.0216634 0.0132356 0.0189361 0.0266837 0.0245006 0.028096 0.0102419 
0.00945197 0.011741 0.0143148 0.015752 0.0114057 0.00875692 0.00862294 0.00844791 0.0081194 0.00835404 0.00933688 0.0114098 0.0187366 0.0233031 0.0211689 0.010109 0.0101643 0.0116876 0.0176902 0.0102297 0.0133919 0.0450758 0.0634779 0.0205592 0.0170819 0.0358834 0.0247326 0.0208322 0.0242148 0.0450554 0.0424612 0.0119427 0.00385 0.00382497 0 0.00381237 0.0206798 0.140945 0.178859 0.178235 0.0144038 0.010393 0.014841 0.0182791 0.0193016 0.0158383 0.0143443 0.0253974 0.018843 0.0268928 0.0321432 0.0269575 0.0107283 0.0110453 0.0236672 0.0247878 0.0232736 0.0100288 
0.0111615 0.00970404 0.010291 0.00945067 0.00905639 0.00933348 0.00912211 0.00849135 0.00854324 0.00843305 0.0109431 0.00996578 0.0103386 0.0111029 0.0105132 0.0129427 0.0143907 0.00947448 0.00975296 0.0142424 0.0234904 0.0133706 0.0181969 0.0340255 0.0396193 0.0157302 0.017021 0.0205842 0.0270359 0.0170909 0.0205364 0.0202008 0.00446517 0.00384872 0.00381237 0 0.0958931 0.258614 0.0241422 0.00859066 0.00971668 0.0119427 0.0227988 0.0143437 0.0105573 0.0106077 0.0124567 0.0105048 0.0151517 0.0126459 0.0152312 0.0126653 0.013601 0.0215351 0.0120483 0.010754 0.0104774 0.0122197 
0.00919618 0.00854338 0.0089132 0.00890723 0.00860178 0.00994906 0.00853824 0.00880239 0.0081779 0.00848323 0.00925093 0.00893528 0.00895733 0.00910678 0.00911801 0.0127206 0.00998376 0.00869602 0.0085134 0.0126351 0.0195166 0.0104153 0.0111116 0.0201431 0.0241114 0.0147679 0.0108178 0.0114613 0.0103233 0.0118921 0.0103114 0.0246184 0.0085583 0.00776216 0.0206798 0.0958931 0 0.00390328 0.00379021 0.00379031 0.00393527 0.00504516 0.0371303 0.0107274 0.0106294 0.0108546 0.0112375 0.0107327 0.0124358 0.0106439 0.0105421 0.0137029 0.0423483 0.0173747 0.00995015 0.00953298 0.00973484 0.0198023 
0.00855676 0.00951917 0.0107792 0.0105756 0.00938088 0.00861109 0.00835955 0.0082363 0.00806733 0.00815509 0.00872916 0.0106894 0.0118002 0.0122857 0.0128303 0.00990464 0.00875266 0.00989019 0.0103948 0.00974284 0.0146339 0.0302283 0.022648 0.0113513 0.0224556 0.0324546 0.0184533 0.0136839 0.0211318 0.013301 0.0218042 0.0118376 0.0168329 0.0274794 0.140945 0.258614 0.00390328 0 0.00378808 0.00379514 0.00385654 0.00393141 0.0268672 0.0263878 0.0132699 0.0201742 0.0181075 0.0194431 0.0155281 0.0149579 0.0196509 0.0182201 0.0121187 0.0112732 0.0215525 0.0142767 0.0178501 0.0111645 
0.00873069 0.0107574 0.0172358 0.0174728 0.0101325 0.00862033 0.00838168 0.00831627 0.00805964 0.00821193 0.00876378 0.0131098 0.0207913 0.0453692 0.0162037 0.00937179 0.00873326 0.0112525 0.0119256 0.00955728 0.0152766 0.0345636 0.0429545 0.012408 0.0158223 0.0327819 0.0276675 0.0620099 0.0201926 0.0354773 0.0122163 0.011339 0.0147285 0.0924628 0.178859 0.0241422 0.00379021 0.00378808 0 0.00377652 0.00378554 0.00378901 0.0159678 0.0193412 0.0344624 0.0407638 0.0327284 0.0190182 0.0323457 0.02853 0.0375822 0.014153 0.00973223 0.0128965 0.0219654 0.0562866 0.0224873 0.0100367 
0.00889254 0.0108836 0.0172407 0.0152365 0.0104515 0.00861209 0.00871743 0.00821802 0.00807 0.00822817 0.00947563 0.0105631 0.0335334 0.0269676 0.0146524 0.00960477 0.00909943 0.0104263 0.0135366 0.010124 0.0127199 0.0409563 0.0319091 0.0173251 0.0161422 0.0231522 0.0725594 0.0280993 0.0403817 0.0223006 0.0187473 0.00986124 0.077549 0.1148 0.178235 0.00859066 0.00379031 0.00379514 0.00377652 0 0.00376601 0.00376109 0.0149465 0.0194799 0.0796891 0.0409037 0.0187043 0.0518306 0.0250814 0.0365836 0.0389013 0.013609 0.0104737 0.0122607 0.0355584 0.0500622 0.0192951 0.0123637 
0.00886613 0.00992651 0.0115086 0.0109104 0.0102003 0.00842468 0.0082611 0.00852973 0.00808995 0.0083124 0.00854432 0.0128131 0.0111912 0.0144102 0.0150367 0.010181 0.00915867 0.0103695 0.0130129 0.00922741 0.0124055 0.0169519 0.062245 0.0117347 0.0164513 0.0379613 0.0148468 0.0278719 0.0136344 0.019237 0.0159907 0.0130102 0.0776506 0.251685 0.0144038 0.00971668 0.00393527 0.00385654 0.00378554 0.00376601 0 0.00396833 0.0205041 0.0593626 0.0204178 0.0166704 0.0217426 0.0133441 0.0300698 0.0170771 0.025353 0.023919 0.0101583 0.0149466 0.0190268 0.015199 0.0323081 0.0104834 
0.0100762 0.00909191 0.00957203 0.00929778 0.00899788 0.00902339 0.008671 0.0082268 0.00825154 0.00822095 0.00993419 0.00883994 0.00958093 0.00980351 0.00954102 0.0107364 0.0122412 0.00872085 0.00920326 0.0110556 0.0177707 0.0115254 0.0140251 0.023651 0.0359382 0.012628 0.0140324 0.0120777 0.0117641 0.0107902 0.0122877 0.0178757 0.218528 0.0120668 0.010393 0.0119427 0.00504516 0.00393141 0.00378901 0.00376109 0.00396833 0 0.0405061 0.016985 0.0137728 0.011473 0.0111324 0.0148656 0.0125512 0.0145942 0.0136673 0.0142385 0.0159522 0.0181265 0.0108403 0.0104733 0.0104726 0.0134288 
0.00913571 0.00848935 0.00876572 0.00867309 0.0083643 0.0093278 0.0083552 0.00854752 0.00815471 0.00848797 0.00882121 0.00896639 0.00878985 0.00875767 0.00874305 0.0113001 0.00932184 0.00834536 0.00844173 0.0111283 0.0127599 0.00993087 0.010736 0.0178749 0.0187236 0.0128506 0.0119859 0.0104745 0.0104386 0.010484 0.0114753 0.0344322 0.0310184 0.0204845 0.014841 0.0227988 0.0371303 0.0268672 0.0159678 0.0149465 0.0205041 0.0405061 0 0.00391581 0.00380636 0.00386169 0.00387654 0.0038985 0.00436968 0.00553022 0.00612886 0.00752953 0.0117975 0.0389685 0.0124381 0.010652 0.0111987 0.0268772 
0.00834594 0.00855261 0.00946658 0.00885809 0.00843588 0.0083772 0.00810633 0.00831581 0.00805038 0.00815238 0.00819709 0.00900641 0.00882298 0.00891019 0.0099814 0.008717 0.00816568 0.00881668 0.00859473 0.00857084 0.0103289 0.0117341 0.0175034 0.00948302 0.0120001 0.0198164 0.0123804 0.0178234 0.011429 0.0158073 0.0138446 0.0136807 0.0133944 0.0484325 0.0182791 0.0143437 0.0107274 0.0263878 0.0193412 0.0194799 0.0593626 0.016985 0.00391581 0 0.00382997 0.00379114 0.003833 0.00388241 0.00428289 0.00430088 0.00570922 0.00779116 0.00547136 0.019331 0.0191554 0.013283 0.029113 0.0101225 
0.00842541 0.00892339 0.0104289 0.0119207 0.0087733 0.00833293 0.00856118 0.00819174 0.00803489 0.00814668 0.00852486 0.00901604 0.011007 0.0125167 0.0095136 0.00848163 0.00857844 0.0087895 0.00886962 0.00866284 0.00931856 0.0165503 0.0127437 0.00957823 0.0108933 0.0143022 0.0335463 0.019131 0.0257802 0.0221334 0.0134887 0.00887718 0.0149806 0.0171625 0.0193016 0.0105573 0.0106294 0.0132699 0.0344624 0.0796891 0.0204178 0.0137728 0.00380636 0.00382997 0 0.00374526 0.00379082 0.00380806 0.00385761 0.00432366 0.00480528 0.00502363 0.00406567 0.0139529 0.0221328 0.0639243 0.0109875 0.0102878 
0.00844743 0.00874153 0.0109979 0.0100291 0.00867896 0.00823942 0.00829989 0.00818939 0.00803937 0.00816783 0.0085088 0.00909066 0.011075 0.0106417 0.00956671 0.00847914 0.00846268 0.00876005 0.00876018 0.0084784 0.0105299 0.0126267 0.0132473 0.0100029 0.0118316 0.0162098 0.0245269 0.0239656 0.0417908 0.0182283 0.0113158 0.00908887 0.0134494 0.0219367 0.0158383 0.0106077 0.0108546 0.0201742 0.0407638 0.0409037 0.0166704 0.011473 0.00386169 0.00379114 0.00374526 0 0.00375393 0.00378717 0.00390486 0.00411847 0.00432866 0.0037823 0.00384332 0.0215053 0.0442627 0.0241249 0.0134459 0.00950104 
0.00861595 0.00896684 0.0103087 0.0109129 0.00869276 0.00830798 0.00819292 0.00863863 0.00803168 0.00812263 0.0083344 0.0104268 0.00976515 0.0125665 0.00980276 0.00879464 0.00821616 0.00896935 0.00890408 0.00862164 0.0122696 0.0111586 0.0191037 0.010143 0.0119171 0.0226369 0.017303 0.0722708 0.0161718 0.0330577 0.00969491 0.0123131 0.0111517 0.0305026 0.0143443 0.0124567 0.0112375 0.0181075 0.0327284 0.0187043 0.0217426 0.0111324 0.00387654 0.003833 0.00379082 0.00375393 0 0.0037417 0.00379791 0.00382747 0.00385099 0.00383204 0.00388574 0.0387251 0.0201246 0.0294349 0.019552 0.00950534 
0.00843987 0.00921575 0.011342 0.0120492 0.00904397 0.00837635 0.00872936 0.00819741 0.00805907 0.00816207 0.00894096 0.00908024 0.014712 0.0123742 0.0107611 0.00875942 0.00874267 0.00893809 0.00953888 0.00882631 0.0095318 0.0250104 0.0135359 0.0113442 0.0115103 0.0162487 0.110735 0.0183742 0.0441101 0.0169019 0.0232426 0.00862436 0.0173404 0.0187567 0.0253974 0.0105048 0.0107327 0.0194431 0.0190182 0.0518306 0.0133441 0.0148656 0.0038985 0.00388241 0.00380806 0.00378717 0.0037417 0 0.00376256 0.00381209 0.00381617 0.00380759 0.00378491 0.0168712 0.0500979 0.041673 0.014394 0.0135062 
0.00850875 0.00899938 0.0109328 0.0101196 0.00893809 0.00834349 0.00824106 0.00828154 0.00803287 0.0081574 0.00837035 0.0102167 0.0107742 0.0133076 0.0103098 0.00887792 0.00833044 0.00951329 0.00959837 0.0088988 0.0133957 0.0135624 0.0231542 0.0103516 0.0130484 0.0606931 0.0191174 0.068676 0.019735 0.0416498 0.00984483 0.0116982 0.0129909 0.0387031 0.018843 0.0151517 0.0124358 0.0155281 0.0323457 0.0250814 0.0300698 0.0125512 0.00436968 0.00428289 0.00385761 0.00390486 0.00379791 0.00376256 0 0.00376443 0.00378754 0.00377784 0.00370818 0.0508132 0.0370908 0.0565513 0.0328012 0.0100922 
0.00852309 0.00903053 0.0101866 0.0114311 0.00896554 0.00841474 0.00858171 0.00823025 0.00808556 0.00814682 0.00877201 0.00899895 0.0123341 0.0116958 0.0102147 0.00882251 0.00861917 0.00911312 0.00928484 0.00891568 0.0104603 0.0178939 0.0161379 0.0107811 0.0202213 0.0182099 0.0598619 0.0270394 0.0414352 0.0175209 0.0156088 0.00949275 0.018219 0.0214694 0.0268928 0.0126459 0.0106439 0.0149579 0.02853 0.0365836 0.0170771 0.0145942 0.00553022 0.00430088 0.00432366 0.00411847 0.00382747 0.00381209 0.00376443 0 0.00376427 0.00375058 0.00375875 0.0189464 0.065597 0.0568819 0.0215157 0.0134187 
0.00850578 0.00914029 0.011621 0.011352 0.00911658 0.00833216 0.00820535 0.00828682 0.0080293 0.0081733 0.00850478 0.00983763 0.0111191 0.0144121 0.0108767 0.00895737 0.00842212 0.00934697 0.0095732 0.008812 0.0108852 0.0174117 0.0257066 0.0103689 0.0129851 0.0346549 0.0348537 0.0524056 0.0249276 0.0384958 0.0122548 0.01009 0.0143094 0.0424857 0.0321432 0.0152312 0.0105421 0.0196509 0.0375822 0.0389013 0.025353 0.0136673 0.00612886 0.00570922 0.00480528 0.00432866 0.00385099 0.00381617 0.00378754 0.00376427 0 0.00375131 0.00374579 0.0241437 0.0432656 0.106132 0.0286094 0.0121052 
0.00858477 0.00905856 0.00927743 0.0091482 0.00840843 0.00815725 0.00829847 0.00814525 0.00808412 0.00830819 0.00870106 0.00865579 0.00938033 0.00962286 0.00899297 0.00848923 0.00904134 0.00865799 0.00910538 0.00845747 0.0108161 0.0120891 0.0159975 0.00957916 0.0186219 0.0177789 0.0168707 0.0138395 0.0130651 0.0112603 0.0149316 0.00897152 0.0180018 0.0216634 0.0269575 0.0126653 0.0137029 0.0182201 0.014153 0.013609 0.023919 0.0142385 0.00752953 0.00779116 0.00502363 0.0037823 0.00383204 0.00380759 0.00377784 0.00375058 0.00375131 0 0.00374574 0.0150987 0.0284825 0.0220247 0.0713248 0.0129613 
0.00893857 0.00837608 0.00835718 0.00831213 0.00817156 0.00842606 0.00853869 0.00814402 0.00833651 0.00827362 0.0087351 0.0084645 0.00850388 0.00842286 0.00840491 0.00862009 0.0101435 0.00873746 0.00836271 0.00862025 0.0140492 0.00962717 0.00889263 0.00953603 0.0214708 0.0114552 0.0094386 0.010462 0.00933192 0.00973598 0.0086575 0.0113344 0.0226457 0.0132356 0.0107283 0.013601 0.0423483 0.0121187 0.00973223 0.0104737 0.0101583 0.0159522 0.0117975 0.00547136 0.00406567 0.00384332 0.00388574 0.00378491 0.00370818 0.00375875 0.00374579 0.00374574 0 0.0281327 0.0116256 0.01362 0.0179945 0.0314797 
0.00897803 0.00846018 0.00872178 0.00859555 0.00831527 0.0085756 0.00816559 0.00857772 0.0080597 0.00821169 0.00828073 0.00884879 0.00850342 0.00874153 0.00863308 0.00899878 0.00837281 0.0082665 0.00828718 0.00870497 0.0107813 0.00865955 0.00987953 0.0102682 0.012462 0.0104961 0.00980991 0.00968103 0.00920081 0.00994417 0.00898119 0.0194485 0.0170035 0.0189361 0.0110453 0.0215351 0.0173747 0.0112732 0.0128965 0.0122607 0.0149466 0.0181265 0.0389685 0.019331 0.0139529 0.0215053 0.0387251 0.0168712 0.0508132 0.0189464 0.0241437 0.0150987 0.0281327 0 0.00397463 0.00383629 0.00402906 0.00470962 
0.00837531 0.00863775 0.00896817 0.00907343 0.0085505 0.00831988 0.00827852 0.0082134 0.00806876 0.00813816 0.00826356 0.0085291 0.00880051 0.00884294 0.00869346 0.0085298 0.00821849 0.00865082 0.00838538 0.00863254 0.00899591 0.0113681 0.0102303 0.00927373 0.0102295 0.0164263 0.0161998 0.0163009 0.0125908 0.0106848 0.0112761 0.00905835 0.0155225 0.0266837 0.0236672 0.0120483 0.00995015 0.0215525 0.0219654 0.0355584 0.0190268 0.0108403 0.0124381 0.0191554 0.0221328 0.0442627 0.0201246 0.0500979 0.0370908 0.065597 0.0432656 0.0284825 0.0116256 0.00397463 0 0.00379826 0.00379902 0.00402458 
0.00854786 0.00869615 0.00918982 0.0094383 0.00859346 0.0082389 0.00832905 0.008156 0.00806459 0.00812585 0.00834128 0.00866165 0.00915234 0.00934275 0.00890671 0.00854005 0.00835109 0.00851983 0.00877502 0.00858251 0.00903228 0.0103256 0.0115153 0.00899753 0.0100823 0.0144096 0.0302171 0.0207368 0.018948 0.018844 0.00987805 0.00894179 0.0118103 0.0245006 0.0247878 0.010754 0.00953298 0.0142767 0.0562866 0.0500622 0.015199 0.0104733 0.010652 0.013283 0.0639243 0.0241249 0.0294349 0.041673 0.0565513 0.0568819 0.106132 0.0220247 0.01362 0.00383629 0.00379826 0 0.003802 0.00381534 
0.00873935 0.00865892 0.00928383 0.00891885 0.00855125 0.00819826 0.00817522 0.00833709 0.00805979 0.00815131 0.00826997 0.00896435 0.00902323 0.00885991 0.00861172 0.00837237 0.00835006 0.00859708 0.00857442 0.0086143 0.00978638 0.00946534 0.0114911 0.00881721 0.0107455 0.0163419 0.0126975 0.0141605 0.0117869 0.0113637 0.00935478 0.00960299 0.0112134 0.028096 0.0232736 0.0104774 0.00973484 0.0178501 0.0224873 0.0192951 0.0323081 0.0104726 0.0111987 0.029113 0.0109875 0.0134459 0.019552 0.014394 0.0328012 0.0215157 0.0286094 0.0713248 0.0179945 0.00402906 0.00379902 0.003802 0 0.00378222 
0.00942017 0.00869842 0.00866623 0.00846201 0.00823235 0.00846372 0.00933387 0.00825859 0.00829256 0.00820009 0.00941653 0.00840289 0.00908952 0.0084857 0.00823689 0.0086388 0.010125 0.00827175 0.00834217 0.0087916 0.00991708 0.00880244 0.00865585 0.00898909 0.0145567 0.00912538 0.00961857 0.00908 0.00911783 0.00868196 0.00897818 0.00897096 0.023057 0.0102419 0.0100288 0.0122197 0.0198023 0.0111645 0.0100367 0.0123637 0.0104834 0.0134288 0.0268772 0.0101225 0.0102878 0.00950104 0.00950534 0.0135062 0.0100922 0.0134187 0.0121052 0.0129613 0.0314797 0.00470962 0.00402458 0.00381534 0.00378222 0 
