1IA9B
TNYYYSAVERNNLMRLSQSIPFVPVPPRGEPVTVYRLEESSPSILNNSMSSWSQLGLCAKIEFLSKEEMGGGLRRAVKVLCTWSEHDILKSGHLYIIKSFLPEVINTWSSIYKEDTVLHLCLREIQQQRAAQKLTFAFNQMKPKSIPYSPRFLEVFLLYCHSAGQWFAVEECMTGEFRKYNNNNGDEIIPTNTLEEIMLAFSHWTYEYTRGELLVLDLQGVGENLTDPSVIKAEEKRSCDMVFGPANLGEDAIKNFRAKHHCNSCCRKLKLPDLKRNDYT
CCCCCCHHHHHHHHHHHCCCCCCCCCCCCEEEEEECEEECCHHHHHHCCEEECCECEEEEEECCCCCEECCCCEEEEEEEEEEEHHHCCCCCEEEEEEEECHHHHHHHHCCCCCCHHHHHHHHHHHHHHHHHHHHHHHHHHCCCCCCCCCEECCCEEEEECCCCEEEEEEECCCCCCEECECCCCCECCCCCHHHHHHHHHHHHHHHHCCCCEEEECCEEECCEECCCEEEECCCCCCCCCECCCCCCCCCHHHHHHHHCCCCHHHHHCCCCCCCCCCCC
0 0 0 0 0 0 0 0 0 0 0 0 0 0 0 0 0 0 0 0 0 0 0 0 0 0 0 0 0 0 0 0 0 0 0 0 0 0 0 0 0 0 0 0 0 0 0 0 0 0 0 0 0 0 0 0 0 0 0 0 0 0 0 0 0 0 0 0 0 0 0 0 0 0 0 0 0 0 0 0 0 0 0 0 0 0 0 0 0 0 0 0 0 0 0 0 0 0 0 0 0 0 0 0 0 0 0 0 0 0 0 0 0 0 0 0 0 0 0 0 0 0 0 0 0 0 0 0 0 0 0 0 0 0 0 0 0 0 0 0 0 0 0 0 0 0 0 0 0 0 0 0 0 0 0 0 0 0 0 0 0 0 0 0 0 0 0 0 0 0 0 0 0 0 0 0 0 0 0 0 0 0 0 0 0 0 0 0 0 0 0 0 0 0 0 0 0 0 0 0 0 0 0 0 0 0 0 0 0 0 0 0 0 0 0 0 0 0 0 0 0 0 0 0 0 0 0 0 0 0 0 0 0 0 0 0 0 0 0 0 0 0 0 0 0 0 0 0 0 0 0 0 0 0 0 0 0 0 0 0 0 0 0 0 0 0 0 0 0 0 0 0 0 0 0 0 0 0 0 0 
0 0 0 0 0 0 0 0 0 0 0 0 0 0 0 0 0 0 0 0 0 0 0 0 0 0 0 0 0 0 0 0 0 0 0 0 0 0 0 0 0 0 0 0 0 0 0 0 0 0 0 0 0 0 0 0 0 0 0 0 0 0 0 0 0 0 0 0 0 0 0 0 0 0 0 0 0 0 0 0 0 0 0 0 0 0 0 0 0 0 0 0 0 0 0 0 0 0 0 0 0 0 0 0 0 0 0 0 0 0 0 0 0 0 0 0 0 0 0 0 0 0 0 0 0 0 0 0 0 0 0 0 0 0 0 0 0 0 0 0 0 0 0 0 0 0 0 0 0 0 0 0 0 0 0 0 0 0 0 0 0 0 0 0 0 0 0 0 0 0 0 0 0 0 0 0 0 0 0 0 0 0 0 0 0 0 0 0 0 0 0 0 0 0 0 0 0 0 0 0 0 0 0 0 0 0 0 0 0 0 0 0 0 0 0 0 0 0 0 0 0 0 0 0 0 0 0 0 0 0 0 0 0 0 0 0 0 0 0 0 0 0 0 0 0 0 0 0 0 0 0 0 0 0 0 0 0 0 0 0 0 0 0 0 0 0 0 0 0 0 0 0 0 0 0 0 0 0 0 0 
0 0.00434698 0.00393382 0.00400574 0.0041989 0.00923486 0.00599257 0.00748926 0.0271297 0.0101174 0.00880201 0.0228939 0.0159948 0.0110441 0.00989774 0.0105256 0.0107676 0.0197704 0.0165178 0.0102222 0.0110655 0.0128623 0.00959615 0.0097555 0.00996065 0.00989498 0.0108761 0.00926972 0.009003 0.00853442 0.00928622 0.0114388 0.00938795 0.00870787 0.00892551 0.00898962 0.00912029 0.00859935 0.00950352 0.0145122 0.00833112 0.0086099 0.0085953 0.00821694 0.00819528 0.00833339 0.00888905 0.00815651 0.00810907 0.00817055 0.00819778 0.00810637 0.00814708 0.00837737 0.00841123 0.00813848 0.00857743 0.00906492 0.00828862 0.00826642 0.00827311 0.00883671 0.00821849 0.00818503 0.00843872 0.00813948 0.00840338 0.00822428 0.00823938 0.00834619 0.00895421 0.00843386 
0.00434698 0 0.00380154 0.00382228 0.0050834 0.0039507 0.00458423 0.0123876 0.00717795 0.00835186 0.0274568 0.00892579 0.00917762 0.00893635 0.0185427 0.0116229 0.0360873 0.0116992 0.0134601 0.00918586 0.00876198 0.00999783 0.0122404 0.0115143 0.00965391 0.0205106 0.00902176 0.0143204 0.00860101 0.0126104 0.00928039 0.0090495 0.00877738 0.0097453 0.0101587 0.0119574 0.0115158 0.0109376 0.0120462 0.00940472 0.00848679 0.00826255 0.00858785 0.00857906 0.00834101 0.00874275 0.00831136 0.00813139 0.00821382 0.00833422 0.00872589 0.00831926 0.00828233 0.00822565 0.00821737 0.00817242 0.00821118 0.00828039 0.00818793 0.00847568 0.00845956 0.00835469 0.00818459 0.00838015 0.00829139 0.00816408 0.00819816 0.00821948 0.00836142 0.00842631 0.00845 0.00818699 
0.00393382 0.00380154 0 0.0038484 0.00385509 0.00388215 0.00447268 0.00485826 0.0146844 0.0133837 0.00823209 0.0108869 0.00958215 0.0105034 0.0146092 0.0492665 0.0180943 0.0195927 0.0095395 0.00864624 0.00862021 0.00963173 0.0157458 0.0151875 0.0407863 0.0114075 0.0382289 0.00986626 0.0364487 0.0102361 0.0121018 0.00907336 0.00869232 0.00986459 0.0196638 0.0242341 0.0306586 0.0237643 0.0114178 0.0101167 0.00821523 0.00822571 0.00884292 0.0091817 0.010082 0.00859736 0.00834925 0.00812135 0.00859296 0.00901992 0.00958623 0.00885492 0.00846987 0.0082989 0.00818268 0.00815366 0.00812673 0.00829084 0.0083373 0.00856165 0.00869219 0.00849287 0.00829448 0.00840458 0.0082421 0.00809477 0.00820513 0.00828705 0.00843007 0.00847983 0.00833714 0.00821012 
0.00400574 0.00382228 0.0038484 0 0.00382324 0.0038153 0.00420767 0.00824817 0.00718064 0.00862648 0.0121521 0.0101509 0.0100293 0.0126781 0.0317651 0.0308439 0.0603038 0.0111207 0.012656 0.00896845 0.00852412 0.0109197 0.015842 0.0428523 0.0156292 0.0414258 0.0115072 0.0435875 0.0139876 0.0333027 0.0102684 0.00983318 0.00892512 0.0109451 0.0286318 0.036866 0.0393791 0.0374466 0.0162946 0.00996338 0.00875338 0.00831087 0.0093291 0.0110504 0.0102391 0.00926162 0.00830444 0.00826597 0.00860939 0.00989686 0.0125557 0.00941083 0.0086246 0.00829504 0.00816685 0.00817939 0.00817085 0.00817397 0.00841558 0.0089665 0.00918215 0.00858549 0.00831462 0.00871203 0.00824823 0.00813378 0.00816145 0.00833604 0.00858814 0.00858336 0.00841511 0.00815054 
0.0041989 0.0050834 0.00385509 0.00382324 0 0.0039428 0.00405664 0.00703877 0.00494096 0.011252 0.017801 0.0117345 0.0123265 0.0192094 0.0427017 0.023902 0.0153269 0.0246854 0.0105168 0.0102332 0.00946133 0.0138557 0.0299047 0.0139251 0.0165251 0.0116885 0.014663 0.0116492 0.0152985 0.0107889 0.0164818 0.00966642 0.0106679 0.0123465 0.0135396 0.0248763 0.0217634 0.0176989 0.0200335 0.00973613 0.00871484 0.00856904 0.0101012 0.00999942 0.00990837 0.00889514 0.00843723 0.00828184 0.00857102 0.00890412 0.00931855 0.00904667 0.00864884 0.00831843 0.00828027 0.00820535 0.00828142 0.00836341 0.00886335 0.00870701 0.00875741 0.0084098 0.0084148 0.00855127 0.00820416 0.00813408 0.00822864 0.0086184 0.00842432 0.00834636 0.0083101 0.00822904 
0.00923486 0.0039507 0.00388215 0.0038153 0.0039428 0 0.00690312 0.00395202 0.00406899 0.0137328 0.00848879 0.016695 0.0184943 0.0255415 0.012097 0.0147703 0.0125011 0.0135725 0.0122525 0.00984203 0.0092724 0.0203798 0.0112533 0.0136039 0.0148404 0.0112944 0.0148079 0.0104862 0.0128708 0.00983096 0.0103784 0.011011 0.0119301 0.00926782 0.0145537 0.0138348 0.0175722 0.0142573 0.00981376 0.0124524 0.00859115 0.00854523 0.0104856 0.00906691 0.00998636 0.00848164 0.00862967 0.00838598 0.00834414 0.00899811 0.00940868 0.00882935 0.0083716 0.00841046 0.00846259 0.00820719 0.00834803 0.00872531 0.00907584 0.00853062 0.0084499 0.00865642 0.00876298 0.00823529 0.00826313 0.00820704 0.00834074 0.00876328 0.00835618 0.00823476 0.00826477 0.00839258 
0.00599257 0.00458423 0.00447268 0.00420767 0.00405664 0.00690312 0 0.00410252 0.00414546 0.0121435 0.00817686 0.661533 0.0126627 0.0113873 0.0103564 0.0172453 0.0107825 0.018377 0.021919 0.00881768 0.0124449 0.0111161 0.0113152 0.0107742 0.0150487 0.0091561 0.020196 0.00883445 0.0147224 0.00866588 0.0106332 0.0119442 0.0091408 0.00931268 0.010725 0.0118945 0.0121823 0.0107708 0.00944414 0.0213101 0.00818965 0.00909253 0.00905737 0.0086841 0.00897629 0.00819106 0.00975339 0.0082188 0.0083111 0.00854874 0.00850858 0.00836794 0.00818207 0.00830821 0.00836038 0.00812081 0.00844489 0.00913084 0.00868765 0.0082782 0.00843104 0.00918163 0.00823636 0.00819955 0.00833892 0.00808322 0.00849866 0.00827669 0.00823195 0.00825931 0.00865375 0.00849091 
0.00748926 0.0123876 0.00485826 0.00824817 0.00703877 0.00395202 0.00410252 0 0.00394266 0.00817364 0.91084 0.00836882 0.0110602 0.00948864 0.0192531 0.00983102 0.0154049 0.0112421 0.0117334 0.0135256 0.00950437 0.0122942 0.011919 0.00991522 0.00862807 0.0131928 0.00846401 0.0129434 0.00839359 0.0121598 0.00909545 0.00986494 0.00945662 0.0100089 0.00913137 0.00991814 0.00971707 0.00915523 0.0141138 0.00883125 0.00912398 0.00828116 0.00894147 0.00870476 0.00830513 0.00882629 0.00822357 0.00820432 0.00826913 0.00825101 0.00840025 0.00824876 0.00818199 0.00821914 0.00842314 0.00822183 0.00823012 0.00835345 0.00831926 0.00840584 0.00836602 0.0082836 0.00820731 0.00834335 0.00831281 0.00816152 0.00824144 0.0083176 0.00830073 0.00824364 0.0083768 0.00820105 
0.0271297 0.00717795 0.0146844 0.00718064 0.00494096 0.00406899 0.00414546 0.00394266 0 0.799023 0.00771133 0.0179865 0.0137082 0.0194889 0.0117771 0.0123129 0.0104507 0.0149178 0.0102077 0.0113958 0.011071 0.0188332 0.011317 0.00952591 0.011475 0.00883079 0.0123978 0.00887067 0.0112478 0.00849948 0.00976209 0.00980626 0.0153621 0.00921661 0.00947203 0.00973923 0.0100219 0.00960821 0.00869424 0.0106891 0.00889677 0.00837145 0.0114548 0.00864012 0.00857019 0.00832751 0.00841079 0.00862658 0.00828873 0.00828453 0.00836214 0.00838864 0.00822306 0.0082544 0.00879757 0.00827192 0.00875875 0.00921683 0.00937749 0.00844374 0.00827297 0.00849351 0.00890313 0.00821972 0.00832574 0.0084045 0.0083579 0.00911611 0.00834439 0.00836425 0.008352 0.00870456 
0.0101174 0.00835186 0.0133837 0.00862648 0.011252 0.0137328 0.0121435 0.00817364 0.799023 0 0.00381654 0.00382062 0.00514888 0.00557809 0.00857242 0.0420407 0.0103902 0.0168488 0.0206984 0.00771179 0.0110059 0.0102919 0.0115652 0.0096237 0.011626 0.00871931 0.0138555 0.00832716 0.0106653 0.00831829 0.0113377 0.0154964 0.00907176 0.00882338 0.00964445 0.00991221 0.0107719 0.00970897 0.0105819 0.0283356 0.00825169 0.00952454 0.00878831 0.00847225 0.0086376 0.00818361 0.00969343 0.00808149 0.00815406 0.00844268 0.00872937 0.00823624 0.0082287 0.00876958 0.0081314 0.00813678 0.00845464 0.00882945 0.00824725 0.00829412 0.00830555 0.00890506 0.00808801 0.00812069 0.00836959 0.0080416 0.0083091 0.00814391 0.00820632 0.00828216 0.00863301 0.00824943 
0.00880201 0.0274568 0.00823209 0.0121521 0.017801 0.00848879 0.00817686 0.91084 0.00771133 0.00381654 0 0.00384986 0.00488443 0.00589234 0.021011 0.00826075 0.0136797 0.00672051 0.00665843 0.0107033 0.00824093 0.00945482 0.0130067 0.0101722 0.00837361 0.0144793 0.00821322 0.0121311 0.00823789 0.012316 0.00983834 0.0102449 0.00864524 0.00994713 0.00926892 0.0104399 0.00978951 0.0095503 0.019845 0.0088616 0.0092289 0.0082409 0.00852697 0.00889169 0.00842787 0.00954785 0.0082177 0.00817038 0.00830696 0.00832949 0.00858649 0.00830046 0.00825979 0.00821955 0.00813617 0.0082313 0.00814323 0.00809685 0.00811005 0.00838332 0.00858867 0.00823897 0.00810028 0.00834713 0.00830819 0.00806929 0.00818554 0.00810307 0.00834591 0.00836398 0.00833496 0.00811025 
0.0228939 0.00892579 0.0108869 0.0101509 0.0117345 0.016695 0.661533 0.00836882 0.0179865 0.00382062 0.00384986 0 0.0348656 0.00819148 0.00790292 0.00631511 0.00562013 0.00714238 0.00676948 0.0077975 0.00846396 0.0226399 0.0113011 0.00944008 0.0114983 0.00839824 0.0109667 0.00837004 0.00991522 0.00843425 0.0106428 0.0107499 0.0135406 0.00877738 0.00925413 0.00956751 0.0103085 0.0101199 0.00903999 0.0125563 0.00861514 0.00837304 0.0105379 0.00841667 0.00888639 0.00835207 0.00837517 0.00829193 0.00824571 0.00824062 0.00847156 0.00833527 0.00836939 0.0083996 0.00839631 0.00816216 0.00848008 0.00853897 0.00873958 0.00826829 0.00824482 0.00838026 0.00843055 0.00820561 0.00828935 0.00818467 0.00822567 0.00858989 0.00819149 0.00836799 0.00827148 0.00826145 
0.0159948 0.00917762 0.00958215 0.0100293 0.0123265 0.0184943 0.0126627 0.0110602 0.0137082 0.00514888 0.00488443 0.0348656 0 0.00664656 0.00415772 0.00388926 0.00394836 0.00479129 0.00585983 0.00871375 0.00974604 0.0160081 0.0111251 0.00996833 0.00972793 0.0100843 0.00975049 0.009558 0.0086254 0.00869871 0.0103043 0.0171318 0.0119298 0.00908257 0.00918116 0.00953928 0.00996529 0.00967854 0.0113217 0.0174951 0.00956629 0.00956662 0.0101112 0.00845528 0.00851042 0.00847164 0.00940835 0.00853535 0.00812912 0.00836499 0.00830622 0.00851214 0.00825471 0.00878049 0.00876766 0.00834628 0.00984923 0.0101769 0.008536 0.00818122 0.00832566 0.00955228 0.00831463 0.00807004 0.00851759 0.00843252 0.00850987 0.00855608 0.00807947 0.00817367 0.00885244 0.00886891 
0.0110441 0.00893635 0.0105034 0.0126781 0.0192094 0.0255415 0.0113873 0.00948864 0.0194889 0.00557809 0.00589234 0.00819148 0.00664656 0 0.00382828 0.00378616 0.00380322 0.00381316 0.00522184 0.00671696 0.00838484 0.0105355 0.0119698 0.0117134 0.0134152 0.0135716 0.0145573 0.0224827 0.0135292 0.0100989 0.0102927 0.0225074 0.00986081 0.00906365 0.0108723 0.0147701 0.0139371 0.0144868 0.012101 0.0228194 0.00879528 0.00957783 0.00996772 0.00946358 0.0098743 0.00925088 0.0100933 0.00826222 0.00831027 0.00923002 0.010945 0.00887995 0.00871776 0.00944621 0.00821497 0.00839499 0.00864459 0.00877841 0.00854987 0.0084468 0.00856025 0.00961504 0.00830222 0.00813897 0.00870577 0.00811376 0.00818545 0.00838333 0.00827677 0.00845566 0.00883037 0.00873447 
0.00989774 0.0185427 0.0146092 0.0317651 0.0427017 0.012097 0.0103564 0.0192531 0.0117771 0.00857242 0.021011 0.00790292 0.00415772 0.00382828 0 0.00376572 0.00379272 0.0038295 0.00400835 0.00731534 0.00812697 0.0101448 0.0176527 0.0215569 0.0138592 0.0210724 0.0194338 0.0182548 0.013217 0.0125467 0.0169893 0.0125999 0.0094867 0.0123921 0.0179987 0.0264014 0.027457 0.0210275 0.0269624 0.0126063 0.00891179 0.0086071 0.0104562 0.012811 0.0113532 0.0101121 0.00879122 0.00828383 0.00895053 0.0102084 0.0127104 0.0102534 0.00914682 0.00879276 0.00813544 0.00829452 0.00826386 0.00817428 0.00847589 0.0091202 0.00920779 0.00903038 0.00833726 0.00869387 0.00837918 0.00813168 0.00822527 0.00838106 0.00878661 0.00893507 0.00875235 0.00814825 
0.0105256 0.0116229 0.0492665 0.0308439 0.023902 0.0147703 0.0172453 0.00983102 0.0123129 0.0420407 0.00826075 0.00631511 0.00388926 0.00378616 0.00376572 0 0.00376285 0.00380616 0.00377086 0.00602182 0.00705896 0.0110654 0.0332358 0.0202897 0.0381364 0.0133034 0.0436505 0.0115128 0.0272485 0.0135995 0.0162335 0.0105952 0.00905953 0.0131919 0.0260117 0.0453671 0.041695 0.0658391 0.0178514 0.0128114 0.00847858 0.0086659 0.0110561 0.0156367 0.0285406 0.00978879 0.0090307 0.00838978 0.00974164 0.0146287 0.0166366 0.0149267 0.00945475 0.0085909 0.00813881 0.00832967 0.00822114 0.00824056 0.00863269 0.0101027 0.00991587 0.00908695 0.00863102 0.0088642 0.00829243 0.00822747 0.00823095 0.00862545 0.00931069 0.00980082 0.0084996 0.00825922 
0.0107676 0.0360873 0.0180943 0.0603038 0.0153269 0.0125011 0.0107825 0.0154049 0.0104507 0.0103902 0.0136797 0.00562013 0.00394836 0.00380322 0.00379272 0.00376285 0 0.00374874 0.00376727 0.0065835 0.00771882 0.017921 0.0155882 0.04852 0.0143595 0.0729838 0.0101233 0.0292204 0.0104168 0.034843 0.00950152 0.00995781 0.00941229 0.0110684 0.0295647 0.0311431 0.0496927 0.0416826 0.0214406 0.00967162 0.00930118 0.00838115 0.0100135 0.0161121 0.0122826 0.0123543 0.00824923 0.00835361 0.00904198 0.0115753 0.0200032 0.0104043 0.00924093 0.00859186 0.00814091 0.00831517 0.00816554 0.00816349 0.00849382 0.00920663 0.00935422 0.00878857 0.00837829 0.00860697 0.00820678 0.00814163 0.00822821 0.0083828 0.00887544 0.00878235 0.00832079 0.00814197 
0.0197704 0.0116992 0.0195927 0.0111207 0.0246854 0.0135725 0.018377 0.0112421 0.0149178 0.0168488 0.00672051 0.00714238 0.00479129 0.00381316 0.0038295 0.00380616 0.00374874 0 0.00380607 0.00841135 0.077286 0.0109922 0.055052 0.0103868 0.0408908 0.00917881 0.0299029 0.0083492 0.0220204 0.00848881 0.0202617 0.00780913 0.00997174 0.0129684 0.0114392 0.0207832 0.0216515 0.0162907 0.0155878 0.0118262 0.00837538 0.00911387 0.010288 0.0109986 0.0144199 0.00863879 0.00935128 0.0083305 0.00896112 0.00939141 0.0095228 0.00909674 0.00890042 0.00830946 0.00830125 0.00823207 0.00820598 0.0083877 0.00879727 0.00870321 0.00892476 0.00841794 0.00831096 0.00845662 0.00819957 0.00809679 0.00835348 0.0084164 0.008502 0.00863006 0.00829619 0.00825251 
0.0165178 0.0134601 0.0095395 0.012656 0.0105168 0.0122525 0.021919 0.0117334 0.0102077 0.0206984 0.00665843 0.00676948 0.00585983 0.00522184 0.00400835 0.00377086 0.00376727 0.00380607 0 0.0641851 0.00614163 0.0833461 0.0158272 0.0176199 0.00881459 0.0163047 0.00797004 0.0112222 0.00785498 0.00971921 0.0075446 0.0106471 0.0169994 0.00960959 0.00973769 0.00987011 0.00955168 0.00951357 0.010521 0.0104246 0.0097053 0.008468 0.0128779 0.00912791 0.00853494 0.00876674 0.00844449 0.00879419 0.00827837 0.00836574 0.00861002 0.00834004 0.00834276 0.00861101 0.00863679 0.00824294 0.00887251 0.00884401 0.00903764 0.00837355 0.00831423 0.00846456 0.00855483 0.00819994 0.00832105 0.00841934 0.00825507 0.00902118 0.00829591 0.00823124 0.00838536 0.00838005 
0.0102222 0.00918586 0.00864624 0.00896845 0.0102332 0.00984203 0.00881768 0.0135256 0.0113958 0.00771179 0.0107033 0.0077975 0.00871375 0.00671696 0.00731534 0.00602182 0.0065835 0.00841135 0.0641851 0 0.00626822 0.00625576 0.0700675 0.00820335 0.00610305 0.00681618 0.0061785 0.00669119 0.00626406 0.0065985 0.00647881 0.0107561 0.00928777 0.00862752 0.00845951 0.00851267 0.00847187 0.00833545 0.00938815 0.0124656 0.00853563 0.00897553 0.00861865 0.00827882 0.00814554 0.00829497 0.00834547 0.00812555 0.0081036 0.0081429 0.00815615 0.00810714 0.00818034 0.00832756 0.00836622 0.00823345 0.00866765 0.00888257 0.00811278 0.00814645 0.00815233 0.00836146 0.00807172 0.00805015 0.0082477 0.00813594 0.00830338 0.00822242 0.00809673 0.00811998 0.00848332 0.00827817 
0.0110655 0.00876198 0.00862021 0.00852412 0.00946133 0.0092724 0.0124449 0.00950437 0.011071 0.0110059 0.00824093 0.00846396 0.00974604 0.00838484 0.00812697 0.00705896 0.00771882 0.077286 0.00614163 0.00626822 0 0.157352 0.0102318 0.010782 0.00539524 0.00563894 0.00619967 0.00614703 0.00664813 0.00633776 0.00661017 0.00606141 0.009663 0.00831839 0.00829355 0.00830454 0.00829259 0.00833658 0.0090934 0.0111865 0.00845708 0.00845146 0.00937992 0.00818984 0.00814262 0.00826147 0.00841265 0.00819284 0.00819966 0.00809191 0.00815528 0.00805626 0.00824892 0.00819953 0.00863961 0.0081437 0.00840474 0.00857464 0.00829986 0.00817192 0.00820235 0.00836219 0.00816381 0.00819361 0.00815467 0.00813638 0.00832489 0.00821125 0.00819942 0.00812713 0.00824964 0.00827855 
0.0128623 0.00999783 0.00963173 0.0109197 0.0138557 0.0203798 0.0111161 0.0122942 0.0188332 0.0102919 0.00945482 0.0226399 0.0160081 0.0105355 0.0101448 0.0110654 0.017921 0.0109922 0.0833461 0.00625576 0.157352 0 0.00387326 0.00381181 0.00380586 0.00405304 0.00397868 0.00476979 0.00416172 0.0057324 0.00538552 0.0122229 0.0103642 0.00821307 0.00884061 0.0109479 0.0100725 0.0112277 0.0252836 0.100238 0.00981615 0.0115382 0.0106993 0.0089111 0.00851717 0.00979639 0.01122 0.00845239 0.00829482 0.00862023 0.00867679 0.00859143 0.0086615 0.0118241 0.0083972 0.0085842 0.00950344 0.00977343 0.00848734 0.00841159 0.00878948 0.0100783 0.00828998 0.00815419 0.00893188 0.00816071 0.00853101 0.00843539 0.00820232 0.00853282 0.00983521 0.00849014 
0.00959615 0.0122404 0.0157458 0.015842 0.0299047 0.0112533 0.0113152 0.011919 0.011317 0.0115652 0.0130067 0.0113011 0.0111251 0.0119698 0.0176527 0.0332358 0.0155882 0.055052 0.0158272 0.0700675 0.0102318 0.00387326 0 0.0037583 0.00376988 0.00380972 0.00384426 0.00391413 0.00417199 0.00429709 0.0101063 0.00450296 0.00953038 0.0103405 0.0125632 0.0143666 0.0166429 0.0262904 0.112148 0.0133326 0.00937178 0.00927526 0.0119576 0.0118422 0.0135839 0.00952722 0.00917038 0.00835443 0.00904705 0.00995874 0.0131327 0.0102443 0.0099442 0.00870788 0.00820635 0.0083896 0.00831716 0.00823809 0.00860608 0.00927614 0.00957195 0.00891422 0.0084197 0.00867533 0.0083969 0.00811595 0.00823343 0.00859894 0.00890406 0.00908111 0.00859473 0.00814565 
0.0097555 0.0115143 0.0151875 0.0428523 0.0139251 0.0136039 0.0107742 0.00991522 0.00952591 0.0096237 0.0101722 0.00944008 0.00996833 0.0117134 0.0215569 0.0202897 0.04852 0.0103868 0.0176199 0.00820335 0.010782 0.00381181 0.0037583 0 0.00375885 0.0037631 0.00381168 0.00387336 0.00379817 0.00699896 0.00406261 0.00400711 0.00791435 0.0105229 0.0117054 0.0160283 0.0161103 0.114191 0.0147617 0.0167913 0.00867238 0.00845559 0.0101403 0.0157645 0.0168328 0.0112196 0.00845362 0.00837146 0.0087371 0.0136225 0.0156791 0.0142293 0.00945592 0.00858844 0.0081831 0.00835618 0.00823543 0.00825028 0.00861333 0.00958347 0.00930759 0.00860774 0.00863257 0.00844176 0.0082368 0.0081599 0.00822974 0.00862228 0.00891546 0.00906831 0.0084067 0.00815835 
0.00996065 0.00965391 0.0407863 0.0156292 0.0165251 0.0148404 0.0150487 0.00862807 0.011475 0.011626 0.00837361 0.0114983 0.00972793 0.0134152 0.0138592 0.0381364 0.0143595 0.0408908 0.00881459 0.00610305 0.00539524 0.00380586 0.00376988 0.00375885 0 0.00375025 0.00382027 0.003774 0.00473673 0.00393093 0.00405294 0.0038333 0.00792867 0.00860917 0.0127586 0.0127882 0.111643 0.0195319 0.014566 0.0294845 0.00839429 0.00866772 0.0100556 0.0125688 0.0276518 0.00890016 0.00967898 0.00824305 0.00927322 0.0131616 0.0147085 0.0135796 0.00926049 0.00869593 0.00820024 0.00830287 0.00824256 0.0083348 0.00895799 0.00940147 0.00950688 0.00903456 0.00840234 0.00872823 0.0082711 0.00808075 0.00826143 0.00848225 0.00902643 0.0089131 0.0084036 0.00820389 
0.00989498 0.0205106 0.0114075 0.0414258 0.0116885 0.0112944 0.0091561 0.0131928 0.00883079 0.00871931 0.0144793 0.00839824 0.0100843 0.0135716 0.0210724 0.0133034 0.0729838 0.00917881 0.0163047 0.00681618 0.00563894 0.00405304 0.00380972 0.0037631 0.00375025 0 0.00372335 0.0041518 0.00378209 0.00412504 0.00378338 0.004011 0.00824512 0.00942117 0.0108158 0.102482 0.0162173 0.0263378 0.0247508 0.00995849 0.00997684 0.00841385 0.0104934 0.0157283 0.00979424 0.0166511 0.0082387 0.00867087 0.00870267 0.0128676 0.018542 0.010752 0.00904898 0.00873316 0.00847086 0.0088211 0.00833658 0.0084061 0.00870298 0.00921314 0.00941375 0.00853966 0.00854043 0.00841494 0.00818556 0.00869436 0.00819896 0.00863182 0.00866974 0.00856294 0.00853578 0.00819629 
0.0108761 0.00902176 0.0382289 0.0115072 0.014663 0.0148079 0.020196 0.00846401 0.0123978 0.0138555 0.00821322 0.0109667 0.00975049 0.0145573 0.0194338 0.0436505 0.0101233 0.0299029 0.00797004 0.0061785 0.00619967 0.00397868 0.00384426 0.00381168 0.00382027 0.00372335 0 0.00374217 0.00377167 0.00375485 0.00384384 0.003773 0.00750383 0.00875154 0.114019 0.0224251 0.0403418 0.0535052 0.0177669 0.0142009 0.0083951 0.00902051 0.0107665 0.0106825 0.0394877 0.00873812 0.0100577 0.00826036 0.00979965 0.0134559 0.0123702 0.0152028 0.00906692 0.00850565 0.00830568 0.00821903 0.00825174 0.00834727 0.00862284 0.00947526 0.0107315 0.0092797 0.00851789 0.00883625 0.0082167 0.00807198 0.00831761 0.00844849 0.00927474 0.00907763 0.00841239 0.00823446 
0.00926972 0.0143204 0.00986626 0.0435875 0.0116492 0.0104862 0.00883445 0.0129434 0.00887067 0.00832716 0.0121311 0.00837004 0.009558 0.0224827 0.0182548 0.0115128 0.0292204 0.0083492 0.0112222 0.00669119 0.00614703 0.00476979 0.00391413 0.00387336 0.003774 0.0041518 0.00374217 0 0.00374769 0.00380522 0.00374619 0.00378558 0.00745239 0.0954775 0.00979056 0.0220644 0.0131264 0.0232005 0.0119723 0.00800485 0.0103021 0.00837179 0.0097683 0.0161521 0.00956597 0.0160628 0.00836821 0.00842687 0.00864463 0.0115858 0.0173301 0.0105259 0.00887457 0.00905685 0.00822803 0.00839299 0.00823404 0.00824041 0.00848227 0.00899498 0.00898765 0.00859926 0.00843694 0.00835213 0.00819447 0.00854124 0.0081764 0.00857648 0.00864255 0.00895514 0.00848087 0.00821863 
0.009003 0.00860101 0.0364487 0.0139876 0.0152985 0.0128708 0.0147224 0.00839359 0.0112478 0.0106653 0.00823789 0.00991522 0.0086254 0.0135292 0.013217 0.0272485 0.0104168 0.0220204 0.00785498 0.00626406 0.00664813 0.00416172 0.00417199 0.00379817 0.00473673 0.00378209 0.00377167 0.00374769 0 0.00374067 0.00375058 0.00374751 0.0842038 0.00771514 0.0165243 0.0161761 0.03331 0.0130079 0.010111 0.00946104 0.0084821 0.00867794 0.01015 0.0115724 0.0322192 0.00875027 0.00927759 0.00820529 0.00919207 0.012029 0.0129689 0.0142406 0.00927221 0.00841673 0.00816718 0.00821618 0.0081784 0.00827604 0.00846881 0.00931343 0.00999511 0.00915391 0.00846095 0.00877421 0.00826298 0.00809873 0.00827197 0.00835335 0.0091647 0.00875334 0.00838707 0.00820971 
0.00853442 0.0126104 0.0102361 0.0333027 0.0107889 0.00983096 0.00866588 0.0121598 0.00849948 0.00831829 0.012316 0.00843425 0.00869871 0.0100989 0.0125467 0.0135995 0.034843 0.00848881 0.00971921 0.0065985 0.00633776 0.0057324 0.00429709 0.00699896 0.00393093 0.00412504 0.00375485 0.00380522 0.00374067 0 0.00374454 0.00377568 0.00720807 0.00940528 0.0157254 0.0299178 0.0106133 0.0120828 0.0118086 0.00770794 0.00936775 0.00832798 0.00943126 0.0160098 0.0101227 0.0132723 0.0082213 0.0083898 0.00861743 0.0122026 0.0153275 0.0107863 0.00880477 0.0087351 0.00816628 0.00823786 0.00816047 0.00815576 0.0083399 0.00898657 0.00909657 0.00857542 0.00828285 0.00841327 0.00817944 0.0081821 0.00816329 0.00842704 0.00861823 0.00875971 0.00832426 0.00811783 
0.00928622 0.00928039 0.0121018 0.0102684 0.0164818 0.0103784 0.0106332 0.00909545 0.00976209 0.0113377 0.00983834 0.0106428 0.0103043 0.0102927 0.0169893 0.0162335 0.00950152 0.0202617 0.0075446 0.00647881 0.00661017 0.00538552 0.0101063 0.00406261 0.00405294 0.00378338 0.00384384 0.00374619 0.00375058 0.00374454 0 0.0037473 0.00713747 0.0142821 0.0156159 0.00894255 0.00915112 0.00856852 0.00879116 0.00764036 0.00852853 0.00964918 0.0106219 0.0111254 0.014459 0.00892861 0.0091317 0.00827811 0.00955347 0.00960135 0.00985089 0.00930764 0.0100385 0.00862897 0.00822164 0.00820569 0.00832917 0.00821128 0.00858325 0.00898405 0.00920474 0.00849459 0.00837985 0.00861974 0.00821526 0.00810662 0.00813777 0.00838173 0.00898987 0.00888356 0.00824875 0.00813729 
0.0114388 0.0090495 0.00907336 0.00983318 0.00966642 0.011011 0.0119442 0.00986494 0.00980626 0.0154964 0.0102449 0.0107499 0.0171318 0.0225074 0.0125999 0.0105952 0.00995781 0.00780913 0.0106471 0.0107561 0.00606141 0.0122229 0.00450296 0.00400711 0.0038333 0.004011 0.003773 0.00378558 0.00374751 0.00377568 0.0037473 0 0.0171849 0.00833279 0.00584945 0.00610921 0.00666202 0.00685337 0.00701859 0.00724584 0.0120187 0.00930378 0.0152508 0.00982315 0.00877929 0.00970514 0.008582 0.0099171 0.00866183 0.00868408 0.00880688 0.00871806 0.00863786 0.00941472 0.00896729 0.00836852 0.00935614 0.00888896 0.00909878 0.00843067 0.00854229 0.00845171 0.00872581 0.00844874 0.00842263 0.00841524 0.00820893 0.0100417 0.0084044 0.00840167 0.00839958 0.00837698 
0.00938795 0.00877738 0.00869232 0.00892512 0.0106679 0.0119301 0.0091408 0.00945662 0.0153621 0.00907176 0.00864524 0.0135406 0.0119298 0.00986081 0.0094867 0.00905953 0.00941229 0.00997174 0.0169994 0.00928777 0.009663 0.0103642 0.00953038 0.00791435 0.00792867 0.00824512 0.00750383 0.00745239 0.0842038 0.00720807 0.00713747 0.0171849 0 0.00400065 0.0037758 0.00378197 0.00387343 0.00406414 0.00437828 0.00669649 0.0105577 0.0107045 0.0108968 0.00861269 0.00839555 0.00928172 0.0110682 0.00837647 0.00821638 0.00835946 0.00853027 0.00829576 0.00854531 0.00964623 0.00847344 0.00845418 0.00937315 0.00932309 0.00829493 0.00824336 0.00859718 0.00987975 0.00813437 0.0081022 0.00861789 0.0081738 0.00832658 0.00820834 0.00809361 0.00820059 0.00947377 0.0083128 
0.00870787 0.0097453 0.00986459 0.0109451 0.0123465 0.00926782 0.00931268 0.0100089 0.00921661 0.00882338 0.00994713 0.00877738 0.00908257 0.00906365 0.0123921 0.0131919 0.0110684 0.0129684 0.00960959 0.00862752 0.00831839 0.00821307 0.0103405 0.0105229 0.00860917 0.00942117 0.00875154 0.0954775 0.00771514 0.00940528 0.0142821 0.00833279 0.00400065 0 0.00376883 0.00379116 0.00377085 0.00375537 0.00476649 0.00393962 0.0104138 0.00922351 0.00987543 0.0107794 0.0106601 0.00945917 0.00884331 0.00835002 0.00879896 0.00973031 0.00954843 0.00923873 0.00883426 0.00864915 0.00835526 0.00830615 0.00849518 0.00840445 0.00836336 0.00905528 0.0090191 0.008816 0.00817111 0.00836479 0.00834604 0.00812888 0.00824484 0.00821316 0.00850224 0.00866629 0.00851766 0.00814563 
0.00892551 0.0101587 0.0196638 0.0286318 0.0135396 0.0145537 0.010725 0.00913137 0.00947203 0.00964445 0.00926892 0.00925413 0.00918116 0.0108723 0.0179987 0.0260117 0.0295647 0.0114392 0.00973769 0.00845951 0.00829355 0.00884061 0.0125632 0.0117054 0.0127586 0.0108158 0.114019 0.00979056 0.0165243 0.0157254 0.0156159 0.00584945 0.0037758 0.00376883 0 0.00376585 0.00371016 0.00379809 0.00378526 0.00398992 0.0127682 0.00930236 0.0121085 0.0187316 0.0236635 0.0109378 0.00909177 0.00853909 0.00968449 0.0153235 0.0219555 0.014367 0.0121298 0.00887975 0.00824588 0.00851377 0.00835337 0.00838426 0.00903227 0.0108411 0.0107793 0.0100154 0.00884771 0.00881943 0.00837372 0.00830693 0.00823508 0.00876997 0.00950416 0.00925652 0.00877237 0.00835103 
0.00898962 0.0119574 0.0242341 0.036866 0.0248763 0.0138348 0.0118945 0.00991814 0.00973923 0.00991221 0.0104399 0.00956751 0.00953928 0.0147701 0.0264014 0.0453671 0.0311431 0.0207832 0.00987011 0.00851267 0.00830454 0.0109479 0.0143666 0.0160283 0.0127882 0.102482 0.0224251 0.0220644 0.0161761 0.0299178 0.00894255 0.00610921 0.00378197 0.00379116 0.00376585 0 0.00375607 0.00376307 0.00380822 0.00380951 0.015043 0.0112435 0.015101 0.0316107 0.0324803 0.0143847 0.0097962 0.00862581 0.0105363 0.0234935 0.034538 0.0243853 0.0147591 0.0094612 0.00831059 0.00863319 0.008372 0.00833418 0.00976413 0.0128525 0.0123247 0.0101636 0.00886514 0.00963689 0.00844398 0.00821023 0.00825529 0.00908713 0.0108293 0.0103481 0.00885342 0.00843058 
0.00912029 0.0115158 0.0306586 0.0393791 0.0217634 0.0175722 0.0121823 0.00971707 0.0100219 0.0107719 0.00978951 0.0103085 0.00996529 0.0139371 0.027457 0.041695 0.0496927 0.0216515 0.00955168 0.00847187 0.00829259 0.0100725 0.0166429 0.0161103 0.111643 0.0162173 0.0403418 0.0131264 0.03331 0.0106133 0.00915112 0.00666202 0.00387343 0.00377085 0.00371016 0.00375607 0 0.00376004 0.00378964 0.00378149 0.0148174 0.0106977 0.0155062 0.0283388 0.0494139 0.0204139 0.00937911 0.00883293 0.0120855 0.0246066 0.03694 0.0302308 0.0135799 0.00938752 0.00830432 0.00878644 0.00831225 0.00837982 0.0098729 0.0133443 0.0141301 0.0109998 0.00904903 0.00973629 0.00839458 0.00819582 0.00822335 0.00931758 0.0105001 0.0111945 0.00877002 0.00832469 
0.00859935 0.0109376 0.0237643 0.0374466 0.0176989 0.0142573 0.0107708 0.00915523 0.00960821 0.00970897 0.0095503 0.0101199 0.00967854 0.0144868 0.0210275 0.0658391 0.0416826 0.0162907 0.00951357 0.00833545 0.00833658 0.0112277 0.0262904 0.114191 0.0195319 0.0263378 0.0535052 0.0232005 0.0130079 0.0120828 0.00856852 0.00685337 0.00406414 0.00375537 0.00379809 0.00376307 0.00376004 0 0.0038947 0.00376263 0.0135935 0.0117096 0.0146995 0.0258169 0.0434503 0.0144453 0.0090572 0.00862101 0.0102767 0.0235627 0.0372034 0.0245304 0.0117613 0.00938077 0.00827221 0.00861072 0.00836631 0.00830148 0.00936355 0.0124951 0.0134726 0.00991675 0.00882434 0.00933311 0.00843068 0.0081786 0.00817858 0.00876144 0.0104654 0.0102189 0.00872067 0.00828882 
0.00950352 0.0120462 0.0114178 0.0162946 0.0200335 0.00981376 0.00944414 0.0141138 0.00869424 0.0105819 0.019845 0.00903999 0.0113217 0.012101 0.0269624 0.0178514 0.0214406 0.0155878 0.010521 0.00938815 0.0090934 0.0252836 0.112148 0.0147617 0.014566 0.0247508 0.0177669 0.0119723 0.010111 0.0118086 0.00879116 0.00701859 0.00437828 0.00476649 0.00378526 0.00380822 0.00378964 0.0038947 0 0.00376746 0.0168978 0.0186868 0.0143972 0.0410229 0.0141974 0.0270835 0.00880994 0.00908324 0.0119603 0.0126825 0.0189303 0.0113786 0.0129058 0.00984714 0.00844681 0.00892635 0.00843869 0.00849647 0.00982193 0.0107993 0.0122673 0.00908619 0.00886218 0.00922221 0.00849322 0.00831677 0.00822385 0.00950966 0.00933826 0.00964323 0.00877199 0.00829524 
0.0145122 0.00940472 0.0101167 0.00996338 0.00973613 0.0124524 0.0213101 0.00883125 0.0106891 0.0283356 0.0088616 0.0125563 0.0174951 0.0228194 0.0126063 0.0128114 0.00967162 0.0118262 0.0104246 0.0124656 0.0111865 0.100238 0.0133326 0.0167913 0.0294845 0.00995849 0.0142009 0.00800485 0.00946104 0.00770794 0.00764036 0.00724584 0.00669649 0.00393962 0.00398992 0.00380951 0.00378149 0.00376263 0.00376746 0 0.0169023 0.0227147 0.0369283 0.0113512 0.0262358 0.0109336 0.0162296 0.0117771 0.00962188 0.0101597 0.0100714 0.0101656 0.00968798 0.00972444 0.0111814 0.00888128 0.0123212 0.0111662 0.0146447 0.00910238 0.00904763 0.00986816 0.0117571 0.00842041 0.00857521 0.00883454 0.00880347 0.0119652 0.00877384 0.00863459 0.00893963 0.00901845 
0.00833112 0.00848679 0.00821523 0.00875338 0.00871484 0.00859115 0.00818965 0.00912398 0.00889677 0.00825169 0.0092289 0.00861514 0.00956629 0.00879528 0.00891179 0.00847858 0.00930118 0.00837538 0.0097053 0.00853563 0.00845708 0.00981615 0.00937178 0.00867238 0.00839429 0.00997684 0.0083951 0.0103021 0.0084821 0.00936775 0.00852853 0.0120187 0.0105577 0.0104138 0.0127682 0.015043 0.0148174 0.0135935 0.0168978 0.0169023 0 0.00403434 0.00515258 0.0218001 0.00629021 0.0076129 0.00703082 0.00736971 0.00901807 0.00801438 0.00867408 0.0101058 0.00958679 0.0746387 0.0130937 0.0171223 0.0132149 0.015106 0.0119005 0.0106305 0.0122585 0.0125304 0.0102685 0.00988289 0.0101757 0.00997617 0.0106512 0.011126 0.00913399 0.00957742 0.0121766 0.00929255 
0.0086099 0.00826255 0.00822571 0.00831087 0.00856904 0.00854523 0.00909253 0.00828116 0.00837145 0.00952454 0.0082409 0.00837304 0.00956662 0.00957783 0.0086071 0.0086659 0.00838115 0.00911387 0.008468 0.00897553 0.00845146 0.0115382 0.00927526 0.00845559 0.00866772 0.00841385 0.00902051 0.00837179 0.00867794 0.00832798 0.00964918 0.00930378 0.0107045 0.00922351 0.00930236 0.0112435 0.0106977 0.0117096 0.0186868 0.0227147 0.00403434 0 0.016087 0.00935615 0.00573755 0.00429795 0.00630477 0.00757438 0.00746643 0.00771252 0.0083619 0.0101599 0.0735697 0.0103833 0.0207091 0.00935416 0.0168441 0.0172272 0.0164198 0.0103941 0.0119054 0.0140943 0.0131641 0.00976093 0.00923687 0.00966655 0.0101773 0.0136978 0.00925289 0.00999292 0.010464 0.00974657 
0.0085953 0.00858785 0.00884292 0.0093291 0.0101012 0.0104856 0.00905737 0.00894147 0.0114548 0.00878831 0.00852697 0.0105379 0.0101112 0.00996772 0.0104562 0.0110561 0.0100135 0.010288 0.0128779 0.00861865 0.00937992 0.0106993 0.0119576 0.0101403 0.0100556 0.0104934 0.0107665 0.0097683 0.01015 0.00943126 0.0106219 0.0152508 0.0108968 0.00987543 0.0121085 0.015101 0.0155062 0.0146995 0.0143972 0.0369283 0.00515258 0.016087 0 0.00382129 0.00377224 0.00389953 0.00439106 0.00760812 0.00664758 0.00793761 0.0138283 0.855097 0.0295023 0.0310477 0.0117945 0.0147135 0.0161353 0.021689 0.026669 0.0175501 0.0160722 0.0253882 0.0162631 0.0103343 0.0164785 0.00960483 0.011436 0.0190921 0.0125947 0.012542 0.0235841 0.0105257 
0.00821694 0.00857906 0.0091817 0.0110504 0.00999942 0.00906691 0.0086841 0.00870476 0.00864012 0.00847225 0.00889169 0.00841667 0.00845528 0.00946358 0.012811 0.0156367 0.0161121 0.0109986 0.00912791 0.00827882 0.00818984 0.0089111 0.0118422 0.0157645 0.0125688 0.0157283 0.0106825 0.0161521 0.0115724 0.0160098 0.0111254 0.00982315 0.00861269 0.0107794 0.0187316 0.0316107 0.0283388 0.0258169 0.0410229 0.0113512 0.0218001 0.00935615 0.00382129 0 0.00377338 0.00386029 0.00378323 0.00500797 0.00854752 0.0113779 0.965697 0.0205169 0.020574 0.00831445 0.00970437 0.0107229 0.00980657 0.0101562 0.0142641 0.0403404 0.0328433 0.0155828 0.0109668 0.0163551 0.0099503 0.00870727 0.00864468 0.0127277 0.0199702 0.0297763 0.0119453 0.00843274 
0.00819528 0.00834101 0.010082 0.0102391 0.00990837 0.00998636 0.00897629 0.00830513 0.00857019 0.0086376 0.00842787 0.00888639 0.00851042 0.0098743 0.0113532 0.0285406 0.0122826 0.0144199 0.00853494 0.00814554 0.00814262 0.00851717 0.0135839 0.0168328 0.0276518 0.00979424 0.0394877 0.00956597 0.0322192 0.0101227 0.014459 0.00877929 0.00839555 0.0106601 0.0236635 0.0324803 0.0494139 0.0434503 0.0141974 0.0262358 0.00629021 0.00573755 0.00377224 0.00377338 0 0.00375562 0.00376847 0.0041734 0.0147858 0.965572 0.0195768 0.0210205 0.00823557 0.0066663 0.00765148 0.00844222 0.00795427 0.00920477 0.0118026 0.0265359 0.0311295 0.0169036 0.00974327 0.0115725 0.009486 0.00827958 0.00892519 0.00958511 0.0413311 0.0174286 0.010334 0.00849826 
0.00833339 0.00874275 0.00859736 0.00926162 0.00889514 0.00848164 0.00819106 0.00882629 0.00832751 0.00818361 0.00954785 0.00835207 0.00847164 0.00925088 0.0101121 0.00978879 0.0123543 0.00863879 0.00876674 0.00829497 0.00826147 0.00979639 0.00952722 0.0112196 0.00890016 0.0166511 0.00873812 0.0160628 0.00875027 0.0132723 0.00892861 0.00970514 0.00928172 0.00945917 0.0109378 0.0143847 0.0204139 0.0144453 0.0270835 0.0109336 0.0076129 0.00429795 0.00389953 0.00386029 0.00375562 0 0.00375745 0.012315 0.98422 0.00896292 0.0149282 0.00663347 0.00692948 0.00772499 0.00883217 0.0105293 0.00880894 0.00936411 0.0117822 0.0170215 0.0265138 0.0119318 0.0104655 0.0129174 0.0103784 0.00952985 0.00842642 0.0125522 0.0120052 0.0190098 0.0114383 0.00859093 
0.00888905 0.00831136 0.00834925 0.00830444 0.00843723 0.00862967 0.00975339 0.00822357 0.00841079 0.00969343 0.0082177 0.00837517 0.00940835 0.0100933 0.00879122 0.0090307 0.00824923 0.00935128 0.00844449 0.00834547 0.00841265 0.01122 0.00917038 0.00845362 0.00967898 0.0082387 0.0100577 0.00836821 0.00927759 0.0082213 0.0091317 0.008582 0.0110682 0.00884331 0.00909177 0.0097962 0.00937911 0.0090572 0.00880994 0.0162296 0.00703082 0.00630477 0.00439106 0.00378323 0.00376847 0.00375745 0 0.979855 0.0083971 0.00826167 0.00444026 0.00544308 0.00592991 0.00549784 0.0108805 0.00774741 0.0102181 0.0142725 0.0175235 0.00970167 0.0103222 0.015011 0.0124784 0.00915319 0.0095034 0.00880979 0.0100353 0.0127531 0.00942732 0.00912247 0.0100151 0.00959961 
0.00815651 0.00813139 0.00812135 0.00826597 0.00828184 0.00838598 0.0082188 0.00820432 0.00862658 0.00808149 0.00817038 0.00829193 0.00853535 0.00826222 0.00828383 0.00838978 0.00835361 0.0083305 0.00879419 0.00812555 0.00819284 0.00845239 0.00835443 0.00837146 0.00824305 0.00867087 0.00826036 0.00842687 0.00820529 0.0083898 0.00827811 0.0099171 0.00837647 0.00835002 0.00853909 0.00862581 0.00883293 0.00862101 0.00908324 0.0117771 0.00736971 0.00757438 0.00760812 0.00500797 0.0041734 0.012315 0.979855 0 0.00411039 0.00376167 0.00378138 0.00386279 0.00390281 0.00399897 0.00783671 0.00781825 0.00811748 0.00977011 0.0115398 0.00943726 0.00948455 0.0132171 0.00956114 0.00847791 0.010272 0.00866292 0.00869023 0.00978465 0.0086766 0.00904389 0.0116276 0.00849963 
0.00810907 0.00821382 0.00859296 0.00860939 0.00857102 0.00834414 0.0083111 0.00826913 0.00828873 0.00815406 0.00830696 0.00824571 0.00812912 0.00831027 0.00895053 0.00974164 0.00904198 0.00896112 0.00827837 0.0081036 0.00819966 0.00829482 0.00904705 0.0087371 0.00927322 0.00870267 0.00979965 0.00864463 0.00919207 0.00861743 0.00955347 0.00866183 0.00821638 0.00879896 0.00968449 0.0105363 0.0120855 0.0102767 0.0119603 0.00962188 0.00901807 0.00746643 0.00664758 0.00854752 0.0147858 0.98422 0.0083971 0.00411039 0 0.00376387 0.00377698 0.00378134 0.0039165 0.00383435 0.00726847 0.00639854 0.0072027 0.00879983 0.0106161 0.0176835 0.0148201 0.01055 0.00933491 0.0108171 0.0091255 0.00845701 0.00859284 0.00950865 0.0126025 0.0131019 0.0100408 0.00824115 
0.00817055 0.00833422 0.00901992 0.00989686 0.00890412 0.00899811 0.00854874 0.00825101 0.00828453 0.00844268 0.00832949 0.00824062 0.00836499 0.00923002 0.0102084 0.0146287 0.0115753 0.00939141 0.00836574 0.0081429 0.00809191 0.00862023 0.00995874 0.0136225 0.0131616 0.0128676 0.0134559 0.0115858 0.012029 0.0122026 0.00960135 0.00868408 0.00835946 0.00973031 0.0153235 0.0234935 0.0246066 0.0235627 0.0126825 0.0101597 0.00801438 0.00771252 0.00793761 0.0113779 0.965572 0.00896292 0.00826167 0.00376167 0.00376387 0 0.00374798 0.0037657 0.00376215 0.0037826 0.00600072 0.00726072 0.00717667 0.0081419 0.0135897 0.0225062 0.0204534 0.013126 0.0109001 0.00995647 0.00984195 0.00844955 0.00843463 0.0108039 0.0173566 0.0174055 0.00993927 0.00848147 
0.00819778 0.00872589 0.00958623 0.0125557 0.00931855 0.00940868 0.00850858 0.00840025 0.00836214 0.00872937 0.00858649 0.00847156 0.00830622 0.010945 0.0127104 0.0166366 0.0200032 0.0095228 0.00861002 0.00815615 0.00815528 0.00867679 0.0131327 0.0156791 0.0147085 0.018542 0.0123702 0.0173301 0.0129689 0.0153275 0.00985089 0.00880688 0.00853027 0.00954843 0.0219555 0.034538 0.03694 0.0372034 0.0189303 0.0100714 0.00867408 0.0083619 0.0138283 0.965697 0.0195768 0.0149282 0.00444026 0.00378138 0.00377698 0.00374798 0 0.00374947 0.00374503 0.00376211 0.00661206 0.0124715 0.00681714 0.00803802 0.0152687 0.036655 0.0354129 0.0176779 0.0114504 0.0152059 0.00963334 0.00860816 0.00853371 0.012172 0.0271384 0.0230365 0.0119226 0.00853149 
