1JATA
AASLPKRIIKETEKLVSDPVPGITAEPHDDNLRYFQVTIEGPEQSPYEDGIFELELYLPDDYPMEAPKVRFLTKIYHPNIDRLGRICLDVLKTNWSPALQIRTVLLSIQALLASPNPNDPLANDVAEDWIKNEQGAKAKAREWTKLYAKKKP
CCCCCHHHHHHHHHHHHCCCCCEEEEEECCEEEEEEEEEECCCCCCCCCEEEEEEEECCCCCCCCCCEEEECCCCCECCECCCCCECCHHHCCCCCCCCCHHHHHHHHHHHHHCCCCCCCCCCCCHHHHHHCHHHHHHHHHHHHHHHCEECC
0 0 0 0 0 0 0 0 0 0 0 0 0 0 0 0 0 0 0 0 0 0 0 0 0 0 0 0 0 0 0 0 0 0 0 0 0 0 0 0 0 0 0 0 0 0 0 0 0 0 0 0 0 0 0 0 0 0 0 0 0 0 0 0 0 0 0 0 0 0 0 0 0 0 0 0 0 0 0 0 0 0 0 0 0 0 0 0 0 0 0 0 0 0 0 0 0 0 0 0 0 0 0 0 0 0 0 0 0 0 0 0 0 0 0 0 0 0 0 0 0 0 0 0 0 0 0 0 0 0 0 0 0 0 0 0 0 0 0 0 0 0 0 0 0 0 0 0 0 0 0 0 
0 0 0 0 0 0 0 0 0 0 0 0 0 0 0 0 0 0 0 0 0 0 0 0 0 0 0 0 0 0 0 0 0 0 0 0 0 0 0 0 0 0 0 0 0 0 0 0 0 0 0 0 0 0 0 0 0 0 0 0 0 0 0 0 0 0 0 0 0 0 0 0 0 0 0 0 0 0 0 0 0 0 0 0 0 0 0 0 0 0 0 0 0 0 0 0 0 0 0 0 0 0 0 0 0 0 0 0 0 0 0 0 0 0 0 0 0 0 0 0 0 0 0 0 0 0 0 0 0 0 0 0 0 0 0 0 0 0 0 0 0 0 0 0 0 0 0 0 0 0 0 0 
0 0.00384396 0.00391353 0.0038853 0.0039325 0.00529634 0.0052606 0.00516081 0.0062038 0.00661543 0.0349036 0.0395609 0.0404919 0.00781128 0.177558 0.0181051 0.0147035 0.00909525 0.011558 0.00920612 0.0147313 0.00884206 0.0196822 0.0194125 0.010984 0.0148131 0.0096459 0.0425468 0.00962999 0.0123358 0.0125356 0.00823188 0.00948309 
0.00384396 0 0.00384079 0.00431364 0.00376284 0.00385078 0.00431977 0.00566847 0.00688737 0.0193766 0.0225128 0.0427291 0.00675507 0.196714 0.00851807 0.0145144 0.00895355 0.0173846 0.0085897 0.0234488 0.00837194 0.031531 0.00924341 0.0122281 0.0181472 0.00911571 0.0617312 0.00856122 0.00932384 0.0084703 0.00863973 0.00893181 0.0083484 
0.00391353 0.00384079 0 0.00375729 0.00381797 0.00376389 0.00397061 0.00448033 0.0211086 0.0376018 0.0431035 0.0054038 0.177499 0.00699393 0.0199406 0.00695765 0.0110179 0.00888963 0.0239342 0.00936073 0.0549835 0.00909954 0.0241838 0.00904376 0.00865432 0.0559744 0.00870144 0.0160552 0.00831238 0.00918937 0.00900318 0.00818193 0.00824542 
0.0038853 0.00431364 0.00375729 0 0.00371672 0.0037684 0.00394785 0.00622076 0.0814076 0.0259513 0.00447158 0.19634 0.00567102 0.0177002 0.00651271 0.00864561 0.00807249 0.00990767 0.00854199 0.0196724 0.00819088 0.0303475 0.00825392 0.00951879 0.0133145 0.00847618 0.0291925 0.00847148 0.00845707 0.0082142 0.00834428 0.00847071 0.00811328 
0.0039325 0.00376284 0.00381797 0.00371672 0 0.00384043 0.00409687 0.0904127 0.00561214 0.00455785 0.137783 0.00528152 0.00845677 0.00573621 0.0103557 0.00597899 0.00879716 0.009139 0.0102357 0.00819526 0.01346 0.00825096 0.0219829 0.00863325 0.00846521 0.0227408 0.00848711 0.00953675 0.00820224 0.00877425 0.00891294 0.00812973 0.00813038 
0.00529634 0.00385078 0.00376389 0.0037684 0.00384043 0 0.8713 0.0047815 0.00420798 0.0112764 0.00466217 0.00457047 0.00461385 0.00575378 0.00607413 0.00773092 0.00999485 0.00904928 0.00820767 0.00887828 0.00828915 0.00904069 0.00859183 0.0215389 0.0128692 0.00851206 0.00963598 0.00949163 0.0090307 0.00953522 0.0110353 0.0084833 0.00823176 
0.0052606 0.00431977 0.00397061 0.00394785 0.00409687 0.8713 0 0.00379183 0.00379057 0.00376083 0.0039026 0.00382438 0.00395192 0.004179 0.00488131 0.00613219 0.00932088 0.00832541 0.00879787 0.00889385 0.00913135 0.00964595 0.0101709 0.0219309 0.0111537 0.0106071 0.0141127 0.0185776 0.0099607 0.0118703 0.0112977 0.00860586 0.00933728 
0.00516081 0.00566847 0.00448033 0.00622076 0.0904127 0.0047815 0.00379183 0 0.00377896 0.00376389 0.0037582 0.00382662 0.00382454 0.00389997 0.00506291 0.00445601 0.00757899 0.00939786 0.00920375 0.0106531 0.00986491 0.0131805 0.0211657 0.0110183 0.0111987 0.018531 0.0155554 0.0091475 0.00878238 0.00867283 0.00880937 0.00823777 0.00857631 
0.0062038 0.00688737 0.0211086 0.0814076 0.00561214 0.00420798 0.00379057 0.00377896 0 0.00374933 0.00374871 0.00374598 0.00379101 0.00566319 0.003897 0.00506589 0.00770452 0.00881249 0.012834 0.0142408 0.0139615 0.0221379 0.0141445 0.0346434 0.0220186 0.0162267 0.0116762 0.0114338 0.00844159 0.00862951 0.00880966 0.00816484 0.00811963 
0.00661543 0.0193766 0.0376018 0.0259513 0.00455785 0.0112764 0.00376083 0.00376389 0.00374933 0 0.00374711 0.00376392 0.00381567 0.00386612 0.0037277 0.00413473 0.00808985 0.0106705 0.00937545 0.0157382 0.0101419 0.0233259 0.0295863 0.647799 0.0114693 0.00957964 0.0229896 0.00917404 0.00898255 0.00867254 0.00895322 0.00838497 0.00810492 
0.0349036 0.0225128 0.0431035 0.00447158 0.137783 0.00466217 0.0039026 0.0037582 0.00374871 0.00374711 0 0.00376424 0.00379615 0.00376444 0.00393772 0.00378299 0.00853034 0.00821296 0.0147017 0.0107524 0.0270167 0.0118587 0.794447 0.0101098 0.0085284 0.0326584 0.00881529 0.0160302 0.00854819 0.00924548 0.00932245 0.00861375 0.0081823 
0.0395609 0.0427291 0.0054038 0.19634 0.00528152 0.00457047 0.00382438 0.00382662 0.00374598 0.00376392 0.00376424 0 0.00373414 0.00384069 0.00375767 0.00449724 0.00713866 0.010641 0.0111967 0.0332942 0.0104698 0.852798 0.00912662 0.0150327 0.012712 0.00889055 0.0436812 0.00870703 0.00918882 0.00849885 0.00910746 0.00891167 0.00813877 
0.0404919 0.00675507 0.177499 0.00567102 0.00845677 0.00461385 0.00395192 0.00382454 0.00379101 0.00381567 0.00379615 0.00373414 0 0.00375182 0.00381586 0.00375882 0.00884683 0.00949912 0.0278888 0.010818 0.885671 0.00880465 0.0257224 0.00880268 0.00914796 0.0604751 0.00902046 0.0214873 0.00868954 0.0097875 0.0100297 0.00839043 0.00835091 
0.00781128 0.196714 0.00699393 0.0177002 0.00573621 0.00575378 0.004179 0.00389997 0.00566319 0.00386612 0.00376444 0.00384069 0.00375182 0 0.00377379 0.00388077 0.0109602 0.0163763 0.00985083 0.866897 0.00791284 0.0340993 0.00885954 0.0133813 0.0163729 0.00944794 0.085882 0.00922247 0.00943651 0.00856639 0.00926818 0.00876865 0.00823521 
0.177558 0.00851807 0.0199406 0.00651271 0.0103557 0.00607413 0.00488131 0.00506291 0.003897 0.0037277 0.00393772 0.00375767 0.00381586 0.00377379 0 0.00384584 0.0122575 0.0206258 0.761442 0.00888988 0.028341 0.00858773 0.0584025 0.00933539 0.00911317 0.0761735 0.0106108 0.0309776 0.00924987 0.0126467 0.0126701 0.00840228 0.00833975 
0.0181051 0.0145144 0.00695765 0.00864561 0.00597899 0.00773092 0.00613219 0.00445601 0.00506589 0.00413473 0.00378299 0.00449724 0.00375882 0.00388077 0.00384584 0 0.0257091 0.563571 0.0132849 0.0140082 0.0071888 0.0137666 0.0087052 0.0384216 0.0314261 0.00915232 0.0274177 0.0156498 0.0147005 0.0133277 0.0169926 0.00981138 0.00834238 
0.0147035 0.00895355 0.0110179 0.00807249 0.00879716 0.00999485 0.00932088 0.00757899 0.00770452 0.00808985 0.00853034 0.00713866 0.00884683 0.0109602 0.0122575 0.0257091 0 0.00395169 0.00380282 0.00379214 0.00381963 0.00380888 0.00415533 0.00575849 0.0148762 0.0165003 0.00947206 0.0271764 0.0109731 0.0146258 0.0191532 0.0088353 0.00991448 
0.00909525 0.0173846 0.00888963 0.00990767 0.009139 0.00904928 0.00832541 0.00939786 0.00881249 0.0106705 0.00821296 0.010641 0.00949912 0.0163763 0.0206258 0.563571 0.00395169 0 0.00378948 0.00370548 0.00378068 0.00507023 0.00411242 0.0044694 0.0148045 0.0105217 0.0459487 0.0100065 0.0108526 0.00917843 0.0111152 0.008447 0.00863548 
0.011558 0.0085897 0.0239342 0.00854199 0.0102357 0.00820767 0.00879787 0.00920375 0.012834 0.00937545 0.0147017 0.0111967 0.0278888 0.00985083 0.761442 0.0132849 0.00380282 0.00378948 0 0.00379816 0.00379335 0.00378176 0.00385751 0.00393192 0.00876939 0.0316069 0.00883408 0.016597 0.00878809 0.00985071 0.0104086 0.00827202 0.00825387 
0.00920612 0.0234488 0.00936073 0.0196724 0.00819526 0.00887828 0.00889385 0.0106531 0.0142408 0.0157382 0.0107524 0.0332942 0.010818 0.866897 0.00888988 0.0140082 0.00379214 0.00370548 0.00379816 0 0.00374598 0.00379345 0.00377145 0.00394008 0.0212239 0.00827175 0.0289448 0.0121873 0.0159729 0.00905759 0.0109248 0.00896566 0.00824638 
0.0147313 0.00837194 0.0549835 0.00819088 0.01346 0.00828915 0.00913135 0.00986491 0.0139615 0.0101419 0.0270167 0.0104698 0.885671 0.00791284 0.028341 0.0071888 0.00381963 0.00378068 0.00379335 0.00374598 0 0.00374601 0.00378387 0.00380333 0.00772164 0.0357984 0.00948481 0.630207 0.00798695 0.0107046 0.0115156 0.00873097 0.00836998 
0.00884206 0.031531 0.00909954 0.0303475 0.00825096 0.00904069 0.00964595 0.0131805 0.0221379 0.0233259 0.0118587 0.852798 0.00880465 0.0340993 0.00858773 0.0137666 0.00380888 0.00507023 0.00378176 0.00379345 0.00374601 0 0.00392043 0.0037644 0.0213345 0.0102546 0.824871 0.0102173 0.00878482 0.00886699 0.00993805 0.00940323 0.00822995 
0.0196822 0.00924341 0.0241838 0.00825392 0.0219829 0.00859183 0.0101709 0.0211657 0.0141445 0.0295863 0.794447 0.00912662 0.0257224 0.00885954 0.0584025 0.0087052 0.00415533 0.00411242 0.00385751 0.00377145 0.00378387 0.00392043 0 0.00394799 0.00972567 0.812917 0.0139154 0.0247551 0.00891851 0.0152637 0.0142664 0.00907943 0.00834372 
0.0194125 0.0122281 0.00904376 0.00951879 0.00863325 0.0215389 0.0219309 0.0110183 0.0346434 0.647799 0.0101098 0.0150327 0.00880268 0.0133813 0.00933539 0.0384216 0.00575849 0.0044694 0.00393192 0.00394008 0.00380333 0.0037644 0.00394799 0 0.655763 0.00920777 0.0309168 0.026324 0.0153695 0.0178102 0.0282927 0.0106389 0.00852069 
0.010984 0.0181472 0.00865432 0.0133145 0.00846521 0.0128692 0.0111537 0.0111987 0.0220186 0.0114693 0.0085284 0.012712 0.00914796 0.0163729 0.00911317 0.0314261 0.0148762 0.0148045 0.00876939 0.0212239 0.00772164 0.0213345 0.00972567 0.655763 0 0.00395532 0.00386309 0.00418678 0.00683919 0.0107584 0.0174052 0.0114096 0.0100801 
0.0148131 0.00911571 0.0559744 0.00847618 0.0227408 0.00851206 0.0106071 0.018531 0.0162267 0.00957964 0.0326584 0.00889055 0.0604751 0.00944794 0.0761735 0.00915232 0.0165003 0.0105217 0.0316069 0.00827175 0.0357984 0.0102546 0.812917 0.00920777 0.00395532 0 0.00392222 0.00379583 0.0052361 0.00840301 0.0227843 0.00900673 0.00893227 
0.0096459 0.0617312 0.00870144 0.0291925 0.00848711 0.00963598 0.0141127 0.0155554 0.0116762 0.0229896 0.00881529 0.0436812 0.00902046 0.085882 0.0106108 0.0274177 0.00947206 0.0459487 0.00883408 0.0289448 0.00948481 0.824871 0.0139154 0.0309168 0.00386309 0.00392222 0 0.00384698 0.00700383 0.00771672 0.0118046 0.0111449 0.00838379 
0.0425468 0.00856122 0.0160552 0.00847148 0.00953675 0.00949163 0.0185776 0.0091475 0.0114338 0.00917404 0.0160302 0.00870703 0.0214873 0.00922247 0.0309776 0.0156498 0.0271764 0.0100065 0.016597 0.0121873 0.630207 0.0102173 0.0247551 0.026324 0.00418678 0.00379583 0.00384698 0 0.00913241 0.0157639 0.0284163 0.0104718 0.00907493 
0.00962999 0.00932384 0.00831238 0.00845707 0.00820224 0.0090307 0.0099607 0.00878238 0.00844159 0.00898255 0.00854819 0.00918882 0.00868954 0.00943651 0.00924987 0.0147005 0.0109731 0.0108526 0.00878809 0.0159729 0.00798695 0.00878482 0.00891851 0.0153695 0.00683919 0.0052361 0.00700383 0.00913241 0 0.669871 0.061019 0.013703 0.00908364 
0.0123358 0.0084703 0.00918937 0.0082142 0.00877425 0.00953522 0.0118703 0.00867283 0.00862951 0.00867254 0.00924548 0.00849885 0.0097875 0.00856639 0.0126467 0.0133277 0.0146258 0.00917843 0.00985071 0.00905759 0.0107046 0.00886699 0.0152637 0.0178102 0.0107584 0.00840301 0.00771672 0.0157639 0.669871 0 0.822235 0.0114132 0.0110761 
0.0125356 0.00863973 0.00900318 0.00834428 0.00891294 0.0110353 0.0112977 0.00880937 0.00880966 0.00895322 0.00932245 0.00910746 0.0100297 0.00926818 0.0126701 0.0169926 0.0191532 0.0111152 0.0104086 0.0109248 0.0115156 0.00993805 0.0142664 0.0282927 0.0174052 0.0227843 0.0118046 0.0284163 0.061019 0.822235 0 0.0158631 0.0152964 
0.00823188 0.00893181 0.00818193 0.00847071 0.00812973 0.0084833 0.00860586 0.00823777 0.00816484 0.00838497 0.00861375 0.00891167 0.00839043 0.00876865 0.00840228 0.00981138 0.0088353 0.008447 0.00827202 0.00896566 0.00873097 0.00940323 0.00907943 0.0106389 0.0114096 0.00900673 0.0111449 0.0104718 0.013703 0.0114132 0.0158631 0 0.0209873 
0.00948309 0.0083484 0.00824542 0.00811328 0.00813038 0.00823176 0.00933728 0.00857631 0.00811963 0.00810492 0.0081823 0.00813877 0.00835091 0.00823521 0.00833975 0.00834238 0.00991448 0.00863548 0.00825387 0.00824638 0.00836998 0.00822995 0.00834372 0.00852069 0.0100801 0.00893227 0.00838379 0.00907493 0.00908364 0.0110761 0.0152964 0.0209873 0 
