1JAXB
MRVALLGGTGNLGKGLALRLATLGHEIVVGSRREEKAEAKAAEYRRIAGDASITGMKNEDAAEACDIAVLTIPWEHAIDTARDLKNILREKIVVSPLVPVSRGAKGFTYSSERSAAEIVAEVLESEKVVSALHTIPAARFANLDEKFDWDVPVCGDDDESKKVVMSLISEIDGLRPLDAGPLSNSRLVESLTPLILNIMRFNGMGELGIKFL
CEEEEECCCCHHHHHHHHHHHHCCCEEEEEECCHHHHHHHHHHHHHHHCCCCEEEEEHHHHHHHCCEEEECCCHHHHHHHHHHHHHHHCCCEEEECCCCEEEECCEEEECCCCCHHHHHHHHHCCCCEEECCCCCCHHHHHCCCCCCCEEEEEEECCHHHHHHHHHHHHCCCCEEEEECCCHHHHHHHHCHHHHHHHHHHHHCCCCCCEEEC
0 0 0 0 0 0 0 0 0 0 0 0 0 0 0 0 0 0 0 0 0 0 0 0 0 0 0 0 0 0 0 0 0 0 0 0 0 0 0 0 0 0 0 0 0 0 0 0 0 0 0 0 0 0 0 0 0 0 0 0 0 0 0 0 0 0 0 0 0 0 0 0 0 0 0 0 0 0 0 0 0 0 0 0 0 0 0 0 0 0 0 0 0 0 0 0 0 0 0 0 0 0 0 0 0 0 0 0 0 0 0 0 0 0 0 0 0 0 0 0 0 0 0 0 0 0 0 0 0 0 0 0 0 0 0 0 0 0 0 0 0 0 0 0 0 0 0 0 0 0 0 0 0 0 0 0 0 0 0 0 0 0 0 0 0 0 0 0 0 0 0 0 0 0 0 0 0 0 0 0 0 0 0 0 0 0 0 0 0 0 0 0 0 0 0 0 0 0 0 0 0 0 0 0 0 0 0 0 0 0 0 0 
0 0 0 0 0 0 0 0 0 0 0 0 0 0 0 0 0 0 0 0 0 0 0 0 0 0 0 0 0 0 0 0 0 0 0 0 0 0 0 0 0 0 0 0 0 0 0 0 0 0 0 0 0 0 0 0 0 0 0 0 0 0 0 0 0 0 0 0 0 0 0 0 0 0 0 0 0 0 0 0 0 0 0 0 0 0 0 0 0 0 0 0 0 0 0 0 0 0 0 0 0 0 0 0 0 0 0 0 0 0 0 0 0 0 0 0 0 0 0 0 0 0 0 0 0 0 0 0 0 0 0 0 0 0 0 0 0 0 0 0 0 0 0 0 0 0 0 0 0 0 0 0 0 0 0 0 0 0 0 0 0 0 0 0 0 0 0 0 0 0 0 0 0 0 0 0 0 0 0 0 0 0 0 0 0 0 0 0 0 0 0 0 0 0 0 0 0 0 0 0 0 0 0 0 0 0 0 0 0 0 0 0 
0 0.00440681 0.0038848 0.00396679 0.00464048 0.79571 0.0181705 0.0535449 0.0158474 0.0159391 0.0263721 0.014195 0.0147278 0.00932873 0.010027 0.0154355 0.0198263 0.0196512 0.0140615 0.0166218 0.015627 0.0120995 0.0112729 0.0128169 0.00870302 0.00825893 0.00831827 0.00916708 0.00915574 0.00834785 0.00911571 0.00932194 0.00916801 0.00859527 0.0103805 0.00847995 0.00833442 0.00849824 0.00853144 0.00870815 0.00854248 0.00891405 0.0082392 0.00827565 0.00832069 0.00828903 0.00838781 0.00886697 0.00867803 0.00892675 
0.00440681 0 0.00392886 0.00389393 0.00405857 0.0231902 0.843306 0.0209163 0.0498738 0.0249567 0.0124678 0.0330759 0.00995107 0.0202316 0.0123047 0.00886087 0.148393 0.048455 0.0366171 0.0203074 0.0236066 0.0219217 0.0210083 0.0097218 0.0117867 0.00842231 0.00864794 0.00831382 0.00906665 0.0102401 0.00861996 0.00989269 0.00998785 0.00938742 0.00912392 0.00937459 0.00860777 0.00926059 0.00924383 0.00941452 0.00867167 0.00836208 0.00843863 0.0082881 0.00845194 0.00846471 0.00829217 0.00854707 0.00854852 0.0092088 
0.0038848 0.00392886 0 0.00389659 0.00379655 0.0629555 0.0306908 0.723273 0.0611629 0.0333354 0.0105082 0.0115675 0.0240787 0.0226265 0.0113844 0.00940395 0.0177519 0.219284 0.0442324 0.0212335 0.0131692 0.0543178 0.02134 0.0116465 0.00867988 0.00885404 0.00834823 0.00825924 0.00895881 0.00999818 0.0104487 0.00874461 0.00925594 0.00980601 0.0111698 0.00868859 0.00950169 0.0103464 0.0116111 0.0117925 0.00895668 0.00853108 0.00828225 0.00848596 0.00871752 0.00849194 0.00841137 0.00847513 0.00857785 0.00863433 
0.00396679 0.00389393 0.00389659 0 0.00389547 0.0194349 0.119337 0.0884118 0.664958 0.077528 0.0228359 0.0129477 0.0185601 0.0134174 0.0195247 0.00991979 0.0195974 0.0507731 0.345579 0.0344548 0.016876 0.037096 0.0667024 0.0151326 0.00945993 0.00917858 0.00890364 0.00824073 0.00889658 0.0105866 0.0107267 0.00878502 0.00969843 0.0117536 0.0106335 0.00877339 0.00944602 0.0105846 0.0111889 0.0122413 0.0095465 0.00837556 0.00845165 0.0084768 0.00875708 0.00872412 0.00851772 0.00902779 0.00873701 0.00859267 
0.00464048 0.00405857 0.00379655 0.00389547 0 0.0248528 0.0209594 0.0412144 0.0327416 0.508302 0.0612029 0.0231403 0.00898307 0.00997911 0.00979459 0.0107719 0.0211063 0.0135736 0.0293255 0.130848 0.017584 0.0121484 0.0172459 0.0171183 0.0112053 0.00833497 0.00837375 0.00873091 0.0100531 0.00884273 0.00866614 0.00980226 0.0105862 0.00913391 0.0107893 0.00879645 0.00851929 0.00900204 0.00939273 0.00940392 0.00842845 0.00861846 0.00873367 0.00822782 0.00823404 0.00833962 0.00853153 0.00918754 0.00864245 0.00851988 
0.79571 0.0231902 0.0629555 0.0194349 0.0248528 0 0.00388256 0.00406491 0.00387856 0.00404667 0.00529274 0.0162435 0.0248156 0.00856116 0.0107287 0.0223989 0.0181328 0.0167811 0.0146302 0.0157303 0.0284343 0.012374 0.0104051 0.0149005 0.00869493 0.00838501 0.0085359 0.0100695 0.0102655 0.00827174 0.0122396 0.00930873 0.0115943 0.00883436 0.0117667 0.00836414 0.0084909 0.00836936 0.00873245 0.00850171 0.00852199 0.00881304 0.00817733 0.00832461 0.00826129 0.008189 0.00849106 0.00871519 0.00855769 0.00910543 
0.0181705 0.843306 0.0306908 0.119337 0.0209594 0.00388256 0 0.00381488 0.00384718 0.003789 0.00388085 0.411234 0.0106139 0.0311203 0.0105728 0.00933832 0.0536814 0.0601429 0.0311567 0.0222756 0.0218666 0.0288894 0.0260728 0.0105156 0.00898644 0.00859519 0.00932715 0.00838899 0.00897922 0.0151262 0.00872889 0.0106616 0.0101956 0.0106443 0.00959654 0.00911521 0.00898224 0.0109549 0.0105474 0.0107715 0.00880852 0.00865938 0.0083859 0.00834751 0.00884475 0.00870025 0.00841646 0.00855527 0.00850292 0.00976095 
0.0535449 0.0209163 0.723273 0.0884118 0.0412144 0.00406491 0.00381488 0 0.00380413 0.00379847 0.00383609 0.0162197 0.369321 0.0158578 0.0164754 0.00942024 0.0168994 0.0878475 0.0576542 0.0194773 0.0180078 0.069572 0.028847 0.0158954 0.00896174 0.00912075 0.00848569 0.00838137 0.00948876 0.0097066 0.0145072 0.00862213 0.00960917 0.00991664 0.0108735 0.00888359 0.0105177 0.0116905 0.0177961 0.0132323 0.0097586 0.00855232 0.00830011 0.00870839 0.00883365 0.00880956 0.00871519 0.00848249 0.00867256 0.00915234 
0.0158474 0.0498738 0.0611629 0.664958 0.0327416 0.00387856 0.00384718 0.00380413 0 0.00377577 0.00376913 0.0356921 0.0186523 0.3595 0.0132513 0.0120083 0.0179044 0.0500021 0.0945286 0.0364175 0.0203464 0.0441464 0.0699198 0.0141734 0.00895907 0.00888721 0.00879353 0.00841448 0.00880451 0.0125764 0.0114701 0.00929498 0.00945784 0.0121842 0.0122536 0.00918204 0.00982811 0.0156311 0.016053 0.0194943 0.00976923 0.00885167 0.0084654 0.00853099 0.00933336 0.00898327 0.00863147 0.00864686 0.00860446 0.0090835 
0.0159391 0.0249567 0.0333354 0.077528 0.508302 0.00404667 0.003789 0.00379847 0.00377577 0 0.0040509 0.0148467 0.0197564 0.0132853 0.283555 0.0115599 0.012598 0.0270396 0.0949334 0.0376214 0.0129435 0.025488 0.0371245 0.0162319 0.00897089 0.00903384 0.00848419 0.00833921 0.00875549 0.0102937 0.0109064 0.00905025 0.009349 0.0109181 0.0102717 0.00857363 0.0090526 0.00917457 0.00963032 0.0100932 0.00925376 0.00836537 0.00830279 0.00835447 0.00830473 0.00844695 0.00871318 0.00855994 0.00835996 0.00832789 
0.0263721 0.0124678 0.0105082 0.0228359 0.0612029 0.00529274 0.00388085 0.00383609 0.00376913 0.0040509 0 0.0168453 0.00994253 0.0145635 0.0115594 0.111727 0.0178698 0.0109329 0.0162669 0.0293435 0.0180727 0.00991191 0.011455 0.0131074 0.0135488 0.00821182 0.00817732 0.00859426 0.011869 0.008885 0.00864032 0.00958499 0.0123825 0.00842141 0.0105258 0.0098565 0.00833268 0.00836161 0.00843985 0.00861036 0.00833148 0.00852305 0.00902636 0.00818468 0.00824212 0.00822627 0.00863103 0.00919078 0.0082815 0.00862677 
0.014195 0.0330759 0.0115675 0.0129477 0.0231403 0.0162435 0.411234 0.0162197 0.0356921 0.0148467 0.0168453 0 0.00387879 0.00392108 0.0039941 0.0040231 0.0199193 0.0135252 0.0179944 0.0780992 0.0508205 0.0128402 0.0180706 0.017126 0.0113963 0.00859461 0.009266 0.0137242 0.0107618 0.0116792 0.00877527 0.0361069 0.0139273 0.00948861 0.0152858 0.0108097 0.00855376 0.00967004 0.0087823 0.00951784 0.00854784 0.011361 0.00918571 0.00815331 0.00860142 0.00872714 0.00894298 0.00935372 0.00849746 0.0102649 
0.0147278 0.00995107 0.0240787 0.0185601 0.00898307 0.0248156 0.0106139 0.369321 0.0186523 0.0197564 0.00994253 0.00387879 0 0.00382022 0.00374691 0.00386624 0.00740862 0.0153929 0.0267761 0.0117553 0.0123592 0.0395747 0.0109788 0.0101926 0.00857269 0.0088146 0.0086213 0.00849504 0.00928212 0.00849335 0.0217688 0.0083024 0.00930168 0.00919215 0.0100282 0.00825304 0.0094153 0.00856486 0.0101032 0.00881049 0.00867031 0.00835758 0.00808017 0.00828209 0.0082442 0.00839551 0.00825965 0.00820913 0.00852459 0.00855615 
0.00932873 0.0202316 0.0226265 0.0134174 0.00997911 0.00856116 0.0311203 0.0158578 0.3595 0.0132853 0.0145635 0.00392108 0.00382022 0 0.0037653 0.00373912 0.0094231 0.0183968 0.0228617 0.0144713 0.0133535 0.0124972 0.0188994 0.00939453 0.00876653 0.00850988 0.00848167 0.00838377 0.00848512 0.0140366 0.00847658 0.0101416 0.00909039 0.00870181 0.00916556 0.0088026 0.00842397 0.0111104 0.0100938 0.0115722 0.008449 0.00839333 0.00824348 0.00818477 0.00880566 0.00835011 0.00826396 0.00828431 0.00822998 0.00863823 
0.010027 0.0123047 0.0113844 0.0195247 0.00979459 0.0107287 0.0105728 0.0164754 0.0132513 0.283555 0.0115594 0.0039941 0.00374691 0.0037653 0 0.00373558 0.00810698 0.0180659 0.0235217 0.0112984 0.0108842 0.0158544 0.0164261 0.0111185 0.00893321 0.00862432 0.00853122 0.00826739 0.00929878 0.00913291 0.00944557 0.00834728 0.00911452 0.00928842 0.00906548 0.00827747 0.00855145 0.00840278 0.0089374 0.00885305 0.00885192 0.00816846 0.00823877 0.00815794 0.00818775 0.00829193 0.00829308 0.00828682 0.00821651 0.00820594 
0.0154355 0.00886087 0.00940395 0.00991979 0.0107719 0.0223989 0.00933832 0.00942024 0.0120083 0.0115599 0.111727 0.0040231 0.00386624 0.00373912 0.00373558 0 0.0173625 0.00930942 0.00730841 0.00881379 0.0167082 0.0101222 0.00994968 0.0132357 0.0141456 0.00837586 0.00826368 0.00929119 0.0138034 0.00860534 0.00941401 0.00893017 0.0120302 0.00870636 0.0102178 0.00947982 0.00844875 0.00822053 0.00837457 0.00856968 0.00845964 0.0084043 0.00957701 0.00825177 0.00818229 0.008221 0.00856403 0.00870711 0.00826472 0.00821656 
0.0198263 0.148393 0.0177519 0.0195974 0.0211063 0.0181328 0.0536814 0.0168994 0.0179044 0.012598 0.0178698 0.0199193 0.00740862 0.0094231 0.00810698 0.0173625 0 0.00386612 0.00382469 0.00403352 0.751577 0.0243806 0.0345726 0.0178478 0.016365 0.00980967 0.00942376 0.0127576 0.017113 0.0189934 0.00942618 0.0258843 0.04092 0.0144109 0.0244862 0.0171747 0.0101782 0.0123948 0.0113635 0.0125417 0.0100467 0.0138785 0.0103534 0.00840385 0.00934013 0.0093342 0.0101078 0.0101792 0.00876189 0.0106807 
0.0196512 0.048455 0.219284 0.0507731 0.0135736 0.0167811 0.0601429 0.0878475 0.0500021 0.0270396 0.0109329 0.0135252 0.0153929 0.0183968 0.0180659 0.00930942 0.00386612 0 0.00386957 0.00388482 0.127812 0.859076 0.0333899 0.0200571 0.0139345 0.0175691 0.0111812 0.00948897 0.0178395 0.0259456 0.0270182 0.0102804 0.0298114 0.0398674 0.0164998 0.0111941 0.0334293 0.0213427 0.0402314 0.0244168 0.0132318 0.00931434 0.00875252 0.0102273 0.0102396 0.0113025 0.00972193 0.00946699 0.0096624 0.0102084 
0.0140615 0.0366171 0.0442324 0.345579 0.0293255 0.0146302 0.0311567 0.0576542 0.0945286 0.0949334 0.0162669 0.0179944 0.0267761 0.0228617 0.0235217 0.00730841 0.00382469 0.00386957 0 0.0039526 0.0557299 0.0901869 0.794379 0.0298869 0.0153113 0.0165163 0.0181497 0.00946859 0.0133411 0.0265152 0.0318923 0.0130539 0.017046 0.0518479 0.0320785 0.0104099 0.0164503 0.0277769 0.0316278 0.0545607 0.0285303 0.0101011 0.00949169 0.00937806 0.0106062 0.0169681 0.0117009 0.0108601 0.00989137 0.0105854 
0.0166218 0.0203074 0.0212335 0.0344548 0.130848 0.0157303 0.0222756 0.0194773 0.0364175 0.0376214 0.0293435 0.0780992 0.0117553 0.0144713 0.0112984 0.00881379 0.00403352 0.00388482 0.0039526 0 0.0386375 0.0419406 0.114135 0.555899 0.0210732 0.0105048 0.0108198 0.019223 0.0232702 0.0159442 0.0157992 0.0305951 0.0292541 0.0160597 0.0474174 0.0170331 0.0109745 0.0136228 0.016754 0.0213835 0.0178002 0.0134145 0.0135757 0.00866402 0.00925612 0.0111872 0.0156925 0.0324555 0.00914097 0.0102812 
0.015627 0.0236066 0.0131692 0.016876 0.017584 0.0284343 0.0218666 0.0180078 0.0203464 0.0129435 0.0180727 0.0508205 0.0123592 0.0133535 0.0108842 0.0167082 0.751577 0.127812 0.0557299 0.0386375 0 0.00551149 0.00386366 0.00469287 0.00836416 0.0076886 0.0133033 0.0662511 0.0127932 0.0102294 0.0111705 0.0357523 0.0939018 0.0215921 0.0339078 0.0362474 0.0159687 0.0157223 0.0169762 0.0145609 0.0121625 0.0169491 0.0116005 0.00919823 0.00951906 0.0103904 0.0122418 0.0120462 0.00980301 0.0123166 
0.0120995 0.0219217 0.0543178 0.037096 0.0121484 0.012374 0.0288894 0.069572 0.0441464 0.025488 0.00991191 0.0128402 0.0395747 0.0124972 0.0158544 0.0101222 0.0243806 0.859076 0.0901869 0.0419406 0.00551149 0 0.0042443 0.00379692 0.00650804 0.029802 0.0323301 0.00961883 0.00878488 0.0143099 0.029654 0.00932042 0.0625818 0.0729632 0.0290694 0.0122272 0.0549894 0.0351179 0.059811 0.0360133 0.0201122 0.0104739 0.00918494 0.0122742 0.0129122 0.0145786 0.011328 0.00992514 0.0107986 0.0112328 
0.0112729 0.0210083 0.02134 0.0667024 0.0172459 0.0104051 0.0260728 0.028847 0.0699198 0.0371245 0.011455 0.0180706 0.0109788 0.0188994 0.0164261 0.00994968 0.0345726 0.0333899 0.794379 0.114135 0.00386366 0.0042443 0 0.00399755 0.0173125 0.010121 0.00875484 0.00674891 0.0101676 0.0286601 0.0113883 0.0110469 0.0193092 0.132148 0.044721 0.0132401 0.0161992 0.036337 0.0283459 0.0632059 0.0367973 0.0129743 0.010581 0.00958533 0.011689 0.0271425 0.0125465 0.0122802 0.0101091 0.0104975 
0.0128169 0.0097218 0.0116465 0.0151326 0.0171183 0.0149005 0.0105156 0.0158954 0.0141734 0.0162319 0.0131074 0.017126 0.0101926 0.00939453 0.0111185 0.0132357 0.0178478 0.0200571 0.0298869 0.555899 0.00469287 0.00379692 0.00399755 0 0.0100173 0.00595836 0.00468574 0.00778202 0.0128265 0.00752784 0.0128069 0.0152401 0.0298181 0.0143894 0.108755 0.0143289 0.0118754 0.0108475 0.0138806 0.01567 0.0182413 0.0143187 0.0131312 0.00889284 0.00896974 0.0104474 0.0249417 0.0122031 0.00921644 0.00959695 
0.00870302 0.0117867 0.00867988 0.00945993 0.0112053 0.00869493 0.00898644 0.00896174 0.00895907 0.00897089 0.0135488 0.0113963 0.00857269 0.00876653 0.00893321 0.0141456 0.016365 0.0139345 0.0153113 0.0210732 0.00836416 0.00650804 0.0173125 0.0100173 0 0.00386616 0.00388418 0.00479697 0.00421183 0.0055352 0.0114096 0.915696 0.0131093 0.0110105 0.0258343 0.0105737 0.0089453 0.00917443 0.00950806 0.00925418 0.00941293 0.0150928 0.00854312 0.00822164 0.00835282 0.00875639 0.0104052 0.00877372 0.0086801 0.0104179 
0.00825893 0.00842231 0.00885404 0.00917858 0.00833497 0.00838501 0.00859519 0.00912075 0.00888721 0.00903384 0.00821182 0.00859461 0.0088146 0.00850988 0.00862432 0.00837586 0.00980967 0.0175691 0.0165163 0.0105048 0.0076886 0.029802 0.010121 0.00595836 0.00386616 0 0.00422758 0.00376413 0.00415609 0.010281 0.94695 0.00545406 0.01017 0.0124013 0.00966696 0.00853078 0.00915056 0.00978873 0.00963901 0.00951229 0.00927947 0.00831912 0.00814433 0.00829427 0.0083586 0.0084939 0.00828974 0.00826957 0.00842238 0.00843635 
0.00831827 0.00864794 0.00834823 0.00890364 0.00837375 0.0085359 0.00932715 0.00848569 0.00879353 0.00848419 0.00817732 0.009266 0.0086213 0.00848167 0.00853122 0.00826368 0.00942376 0.0111812 0.0181497 0.0108198 0.0133033 0.0323301 0.00875484 0.00468574 0.00388418 0.00422758 0 0.0040475 0.0044895 0.976819 0.00412852 0.00453705 0.0100818 0.0126735 0.00887128 0.0086726 0.0092529 0.00881523 0.00916752 0.00932489 0.00899598 0.00833289 0.0085306 0.00817736 0.00822347 0.00862602 0.00831751 0.00876171 0.00821799 0.0083122 
0.00916708 0.00831382 0.00825924 0.00824073 0.00873091 0.0100695 0.00838899 0.00838137 0.00841448 0.00833921 0.00859426 0.0137242 0.00849504 0.00838377 0.00826739 0.00929119 0.0127576 0.00948897 0.00946859 0.019223 0.0662511 0.00961883 0.00674891 0.00778202 0.00479697 0.00376413 0.0040475 0 0.993913 0.00415695 0.00418902 0.00416637 0.0157765 0.00906603 0.0123553 0.0109548 0.00864785 0.00845427 0.00853388 0.00888596 0.00869363 0.00904635 0.0115386 0.00825776 0.00813558 0.00829611 0.00909013 0.0102552 0.0082773 0.00843272 
0.00915574 0.00906665 0.00895881 0.00889658 0.0100531 0.0102655 0.00897922 0.00948876 0.00880451 0.00875549 0.011869 0.0107618 0.00928212 0.00848512 0.00929878 0.0138034 0.017113 0.0178395 0.0133411 0.0232702 0.0127932 0.00878488 0.0101676 0.0128265 0.00421183 0.00415609 0.0044895 0.993913 0 0.00389378 0.00386644 0.00428985 0.0562034 0.0143736 0.0320728 0.0125034 0.0104456 0.00915639 0.0105299 0.00948967 0.00984388 0.0140862 0.00921851 0.00883805 0.00845407 0.00917831 0.0105088 0.00938372 0.00875171 0.0100962 
0.00834785 0.0102401 0.00999818 0.0105866 0.00884273 0.00827174 0.0151262 0.0097066 0.0125764 0.0102937 0.008885 0.0116792 0.00849335 0.0140366 0.00913291 0.00860534 0.0189934 0.0259456 0.0265152 0.0159442 0.0102294 0.0143099 0.0286601 0.00752784 0.0055352 0.010281 0.976819 0.00415695 0.00389378 0 0.00381346 0.00380255 0.051662 0.0590445 0.0151292 0.0114622 0.0105077 0.0205003 0.0112805 0.0153874 0.0112305 0.0107251 0.00858735 0.00841876 0.0115237 0.0105286 0.00872206 0.00866656 0.00890257 0.00982297 
0.00911571 0.00861996 0.0104487 0.0107267 0.00866614 0.0122396 0.00872889 0.0145072 0.0114701 0.0109064 0.00864032 0.00877527 0.0217688 0.00847658 0.00944557 0.00941401 0.00942618 0.0270182 0.0318923 0.0157992 0.0111705 0.029654 0.0113883 0.0128069 0.0114096 0.94695 0.00412852 0.00418902 0.00386644 0.00381346 0 0.00383282 0.0154897 0.0795079 0.0291259 0.00913606 0.0173691 0.00972468 0.0138006 0.0128039 0.0158637 0.00859339 0.0087769 0.0122147 0.00850589 0.0105713 0.010197 0.00910235 0.00911761 0.00838512 
0.00932194 0.00989269 0.00874461 0.00878502 0.00980226 0.00930873 0.0106616 0.00862213 0.00929498 0.00905025 0.00958499 0.0361069 0.0083024 0.0101416 0.00834728 0.00893017 0.0258843 0.0102804 0.0130539 0.0305951 0.0357523 0.00932042 0.0110469 0.0152401 0.915696 0.00545406 0.00453705 0.00416637 0.00428985 0.00380255 0.00383282 0 0.0285064 0.0151892 0.0860551 0.0234166 0.00913472 0.00975479 0.00997309 0.0111637 0.00951423 0.011892 0.019948 0.00827175 0.00872774 0.00907134 0.0106 0.0124575 0.00854213 0.00928905 
0.00916801 0.00998785 0.00925594 0.00969843 0.0105862 0.0115943 0.0101956 0.00960917 0.00945784 0.009349 0.0123825 0.0139273 0.00930168 0.00909039 0.00911452 0.0120302 0.04092 0.0298114 0.017046 0.0292541 0.0939018 0.0625818 0.0193092 0.0298181 0.0131093 0.01017 0.0100818 0.0157765 0.0562034 0.051662 0.0154897 0.0285064 0 0.00432839 0.00390982 0.11231 0.0241734 0.0174344 0.014696 0.014978 0.013129 0.0257982 0.0149961 0.00981656 0.0104084 0.0113173 0.0150243 0.0152475 0.0105661 0.0203713 
0.00859527 0.00938742 0.00980601 0.0117536 0.00913391 0.00883436 0.0106443 0.00991664 0.0121842 0.0109181 0.00842141 0.00948861 0.00919215 0.00870181 0.00928842 0.00870636 0.0144109 0.0398674 0.0518479 0.0160597 0.0215921 0.0729632 0.132148 0.0143894 0.0110105 0.0124013 0.0126735 0.00906603 0.0143736 0.0590445 0.0795079 0.0151892 0.00432839 0 0.0045668 0.0215122 0.0681007 0.0196742 0.0225202 0.0248211 0.0631379 0.0110018 0.0111876 0.0110952 0.00998005 0.022949 0.0126415 0.0116017 0.0226865 0.0106022 
0.0103805 0.00912392 0.0111698 0.0106335 0.0107893 0.0117667 0.00959654 0.0108735 0.0122536 0.0102717 0.0105258 0.0152858 0.0100282 0.00916556 0.00906548 0.0102178 0.0244862 0.0164998 0.0320785 0.0474174 0.0339078 0.0290694 0.044721 0.108755 0.0258343 0.00966696 0.00887128 0.0123553 0.0320728 0.0151292 0.0291259 0.0860551 0.00390982 0.0045668 0 0.0179356 0.0205523 0.0220908 0.0241432 0.0424657 0.0658317 0.0618396 0.0210824 0.0100967 0.0098095 0.0154328 0.0538567 0.0279254 0.0129273 0.0156892 
0.00847995 0.00937459 0.00868859 0.00877339 0.00879645 0.00836414 0.00911521 0.00888359 0.00918204 0.00857363 0.0098565 0.0108097 0.00825304 0.0088026 0.00827747 0.00947982 0.0171747 0.0111941 0.0104099 0.0170331 0.0362474 0.0122272 0.0132401 0.0143289 0.0105737 0.00853078 0.0086726 0.0109548 0.0125034 0.0114622 0.00913606 0.0234166 0.11231 0.0215122 0.0179356 0 0.00381915 0.00375958 0.00376437 0.00381609 0.00386287 0.00429232 0.131158 0.00909788 0.0111173 0.012573 0.0140343 0.0162738 0.00954425 0.0244218 
0.00833442 0.00860777 0.00950169 0.00944602 0.00851929 0.0084909 0.00898224 0.0105177 0.00982811 0.0090526 0.00833268 0.00855376 0.0094153 0.00842397 0.00855145 0.00844875 0.0101782 0.0334293 0.0164503 0.0109745 0.0159687 0.0549894 0.0161992 0.0118754 0.0089453 0.00915056 0.0092529 0.00864785 0.0104456 0.0105077 0.0173691 0.00913472 0.0241734 0.0681007 0.0205523 0.00381915 0 0.00377537 0.00378867 0.0037802 0.00377338 0.00389329 0.0118944 0.153974 0.00965194 0.0190864 0.0124889 0.0123027 0.0267166 0.0106642 
0.00849824 0.00926059 0.0103464 0.0105846 0.00900204 0.00836936 0.0109549 0.0116905 0.0156311 0.00917457 0.00836161 0.00967004 0.00856486 0.0111104 0.00840278 0.00822053 0.0123948 0.0213427 0.0277769 0.0136228 0.0157223 0.0351179 0.036337 0.0108475 0.00917443 0.00978873 0.00881523 0.00845427 0.00915639 0.0205003 0.00972468 0.00975479 0.0174344 0.0196742 0.0220908 0.00375958 0.00377537 0 0.00375968 0.00376333 0.00377518 0.00386298 0.0307634 0.0114302 0.200787 0.0130783 0.0141877 0.0141245 0.0100253 0.022526 
0.00853144 0.00924383 0.0116111 0.0111889 0.00939273 0.00873245 0.0105474 0.0177961 0.016053 0.00963032 0.00843985 0.0087823 0.0101032 0.0100938 0.0089374 0.00837457 0.0113635 0.0402314 0.0316278 0.016754 0.0169762 0.059811 0.0283459 0.0138806 0.00950806 0.00963901 0.00916752 0.00853388 0.0105299 0.0112805 0.0138006 0.00997309 0.014696 0.0225202 0.0241432 0.00376437 0.00378867 0.00375968 0 0.00376211 0.00378196 0.00377209 0.012697 0.0509166 0.0208411 0.100039 0.0136643 0.014011 0.0135525 0.0194984 
0.00870815 0.00941452 0.0117925 0.0122413 0.00940392 0.00850171 0.0107715 0.0132323 0.0194943 0.0100932 0.00861036 0.00951784 0.00881049 0.0115722 0.00885305 0.00856968 0.0125417 0.0244168 0.0545607 0.0213835 0.0145609 0.0360133 0.0632059 0.01567 0.00925418 0.00951229 0.00932489 0.00888596 0.00948967 0.0153874 0.0128039 0.0111637 0.014978 0.0248211 0.0424657 0.00381609 0.0037802 0.00376333 0.00376211 0 0.00379238 0.00376198 0.0218545 0.020738 0.167059 0.0231792 0.0785436 0.0151773 0.0122281 0.0320031 
0.00854248 0.00867167 0.00895668 0.0095465 0.00842845 0.00852199 0.00880852 0.0097586 0.00976923 0.00925376 0.00833148 0.00854784 0.00867031 0.008449 0.00885192 0.00845964 0.0100467 0.0132318 0.0285303 0.0178002 0.0121625 0.0201122 0.0367973 0.0182413 0.00941293 0.00927947 0.00899598 0.00869363 0.00984388 0.0112305 0.0158637 0.00951423 0.013129 0.0631379 0.0658317 0.00386287 0.00377338 0.00377518 0.00378196 0.00379238 0 0.00467583 0.0144787 0.0340514 0.0161924 0.169167 0.0312773 0.0134733 0.0233583 0.015442 
0.00891405 0.00836208 0.00853108 0.00837556 0.00861846 0.00881304 0.00865938 0.00855232 0.00885167 0.00836537 0.00852305 0.011361 0.00835758 0.00839333 0.00816846 0.0084043 0.0138785 0.00931434 0.0101011 0.0134145 0.0169491 0.0104739 0.0129743 0.0143187 0.0150928 0.00831912 0.00833289 0.00904635 0.0140862 0.0107251 0.00859339 0.011892 0.0257982 0.0110018 0.0618396 0.00429232 0.00389329 0.00386298 0.00377209 0.00376198 0.00467583 0 0.0458593 0.0102215 0.0112977 0.0326991 0.18319 0.0193808 0.0105442 0.0172957 
0.0082392 0.00843863 0.00828225 0.00845165 0.00873367 0.00817733 0.0083859 0.00830011 0.0084654 0.00830279 0.00902636 0.00918571 0.00808017 0.00824348 0.00823877 0.00957701 0.0103534 0.00875252 0.00949169 0.0135757 0.0116005 0.00918494 0.010581 0.0131312 0.00854312 0.00814433 0.0085306 0.0115386 0.00921851 0.00858735 0.0087769 0.019948 0.0149961 0.0111876 0.0210824 0.131158 0.0118944 0.0307634 0.012697 0.0218545 0.0144787 0.0458593 0 0.00405006 0.00384417 0.00387513 0.00426311 0.0593557 0.01182 0.0704465 
0.00827565 0.0082881 0.00848596 0.0084768 0.00822782 0.00832461 0.00834751 0.00870839 0.00853099 0.00835447 0.00818468 0.00815331 0.00828209 0.00818477 0.00815794 0.00825177 0.00840385 0.0102273 0.00937806 0.00866402 0.00919823 0.0122742 0.00958533 0.00889284 0.00822164 0.00829427 0.00817736 0.00825776 0.00883805 0.00841876 0.0122147 0.00827175 0.00981656 0.0110952 0.0100967 0.00909788 0.153974 0.0114302 0.0509166 0.020738 0.0340514 0.0102215 0.00405006 0 0.00379195 0.00378587 0.00426691 0.0185308 0.034027 0.00997304 
0.00832069 0.00845194 0.00871752 0.00875708 0.00823404 0.00826129 0.00884475 0.00883365 0.00933336 0.00830473 0.00824212 0.00860142 0.0082442 0.00880566 0.00818775 0.00818229 0.00934013 0.0102396 0.0106062 0.00925612 0.00951906 0.0129122 0.011689 0.00896974 0.00835282 0.0083586 0.00822347 0.00813558 0.00845407 0.0115237 0.00850589 0.00872774 0.0104084 0.00998005 0.0098095 0.0111173 0.00965194 0.200787 0.0208411 0.167059 0.0161924 0.0112977 0.00384417 0.00379195 0 0.00374885 0.00375511 0.0652696 0.0126349 0.0301633 
0.00828903 0.00846471 0.00849194 0.00872412 0.00833962 0.008189 0.00870025 0.00880956 0.00898327 0.00844695 0.00822627 0.00872714 0.00839551 0.00835011 0.00829193 0.008221 0.0093342 0.0113025 0.0169681 0.0111872 0.0103904 0.0145786 0.0271425 0.0104474 0.00875639 0.0084939 0.00862602 0.00829611 0.00917831 0.0105286 0.0105713 0.00907134 0.0113173 0.022949 0.0154328 0.012573 0.0190864 0.0130783 0.100039 0.0231792 0.169167 0.0326991 0.00387513 0.00378587 0.00374885 0 0.00407138 0.0221256 0.126037 0.0446201 
0.00838781 0.00829217 0.00841137 0.00851772 0.00853153 0.00849106 0.00841646 0.00871519 0.00863147 0.00871318 0.00863103 0.00894298 0.00825965 0.00826396 0.00829308 0.00856403 0.0101078 0.00972193 0.0117009 0.0156925 0.0122418 0.011328 0.0125465 0.0249417 0.0104052 0.00828974 0.00831751 0.00909013 0.0105088 0.00872206 0.010197 0.0106 0.0150243 0.0126415 0.0538567 0.0140343 0.0124889 0.0141877 0.0136643 0.0785436 0.0312773 0.18319 0.00426311 0.00426691 0.00375511 0.00407138 0 0.0297449 0.0413065 0.305884 
0.00886697 0.00854707 0.00847513 0.00902779 0.00918754 0.00871519 0.00855527 0.00848249 0.00864686 0.00855994 0.00919078 0.00935372 0.00820913 0.00828431 0.00828682 0.00870711 0.0101792 0.00946699 0.0108601 0.0324555 0.0120462 0.00992514 0.0122802 0.0122031 0.00877372 0.00826957 0.00876171 0.0102552 0.00938372 0.00866656 0.00910235 0.0124575 0.0152475 0.0116017 0.0279254 0.0162738 0.0123027 0.0141245 0.014011 0.0151773 0.0134733 0.0193808 0.0593557 0.0185308 0.0652696 0.0221256 0.0297449 0 0.00543214 0.00598323 
0.00867803 0.00854852 0.00857785 0.00873701 0.00864245 0.00855769 0.00850292 0.00867256 0.00860446 0.00835996 0.0082815 0.00849746 0.00852459 0.00822998 0.00821651 0.00826472 0.00876189 0.0096624 0.00989137 0.00914097 0.00980301 0.0107986 0.0101091 0.00921644 0.0086801 0.00842238 0.00821799 0.0082773 0.00875171 0.00890257 0.00911761 0.00854213 0.0105661 0.0226865 0.0129273 0.00954425 0.0267166 0.0100253 0.0135525 0.0122281 0.0233583 0.0105442 0.01182 0.034027 0.0126349 0.126037 0.0413065 0.00543214 0 0.00480062 
0.00892675 0.0092088 0.00863433 0.00859267 0.00851988 0.00910543 0.00976095 0.00915234 0.0090835 0.00832789 0.00862677 0.0102649 0.00855615 0.00863823 0.00820594 0.00821656 0.0106807 0.0102084 0.0105854 0.0102812 0.0123166 0.0112328 0.0104975 0.00959695 0.0104179 0.00843635 0.0083122 0.00843272 0.0100962 0.00982297 0.00838512 0.00928905 0.0203713 0.0106022 0.0156892 0.0244218 0.0106642 0.022526 0.0194984 0.0320031 0.015442 0.0172957 0.0704465 0.00997304 0.0301633 0.0446201 0.305884 0.00598323 0.00480062 0 
