1JJ2E
PRVELEIPEDVDAEQDHLDITVEGDNGSVTRRLWYPDIDVSVDGDTVVIESDEDNAKTMSTIGTFQSHIENMFHGVTEGWEYGMEVFYSHFPMQVNVEGDEVVIENFLGEKAPRRTTIHGDTDVEIDGEELTVSGPDIEAVGQTAADIEQLTRINDKDVRVFQDGVYITRKP
CEEEEECCCCCEEEEECCEEEEEECCEEEEEECCCCCCEEEEECCEEEEECCCCCHHHHHHHHHHHHHHHHHHHHHCCCEEEEEEEECCCCCCEEEEECCEEEEECHHHCCCCEEEECCCCCEEEEECCEEEEEECCHHHHHHHHHHHHHCCCCCCCCCCCCCCEEEEEECC
0 0 0 0 0 0 0 0 0 0 0 0 0 0 0 0 0 0 0 0 0 0 0 0 0 0 0 0 0 0 0 0 0 0 0 0 0 0 0 0 0 0 0 0 0 0 0 0 0 0 0 0 0 0 0 0 0 0 0 0 0 0 0 0 0 0 0 0 0 0 0 0 0 0 0 0 0 0 0 0 0 0 0 0 0 0 0 0 0 0 0 0 0 0 0 0 0 0 0 0 0 0 0 0 0 0 0 0 0 0 0 0 0 0 0 0 0 0 0 0 0 0 0 0 0 0 0 0 0 0 0 0 0 0 0 0 0 0 0 0 0 0 0 0 0 0 0 0 0 0 0 0 0 0 0 0 0 0 0 0 0 0 0 0 0 0 0 0 0 0 0 0 
0 0 0 0 0 0 0 0 0 0 0 0 0 0 0 0 0 0 0 0 0 0 0 0 0 0 0 0 0 0 0 0 0 0 0 0 0 0 0 0 0 0 0 0 0 0 0 0 0 0 0 0 0 0 0 0 0 0 0 0 0 0 0 0 0 0 0 0 0 0 0 0 0 0 0 0 0 0 0 0 0 0 0 0 0 0 0 0 0 0 0 0 0 0 0 0 0 0 0 0 0 0 0 0 0 0 0 0 0 0 0 0 0 0 0 0 0 0 0 0 0 0 0 0 0 0 0 0 0 0 0 0 0 0 0 0 0 0 0 0 0 0 0 0 0 0 0 0 0 0 0 0 0 0 0 0 0 0 0 0 0 0 0 0 0 0 0 0 0 0 0 0 
0 0.00488444 0.00413242 0.00393521 0.00946854 0.0265355 0.00715242 0.0228699 0.0125356 0.162884 0.0227853 0.00967928 0.0458806 0.00899413 0.0365684 0.0142057 0.0148885 0.0150834 0.00856662 0.0255408 0.00910882 0.059183 0.0349888 0.00894814 0.0166419 0.00897173 0.0218868 0.024423 0.0107951 0.0197953 0.00926401 0.0494687 0.00913272 0.00916334 0.00837362 0.0100281 0.00829936 0.0112647 0.00844278 0.0123877 0.0128258 0.00852151 0.00927726 0.00836082 0.0101824 0.00986475 0.00857053 0.00923062 0.00890888 0.0129173 0.00873533 0.00883729 0.00825183 0.00996128 0.0104228 0.00821077 0.00869206 0.0083068 0.00902077 0.00974635 0.00836833 0.00878354 0.0082497 0.0086716 0.00866309 0.00859932 0.00815925 0.0083494 0.0081312 0.00844328 0.00897125 
0.00488444 0 0.00385552 0.00522731 0.00398765 0.0058305 0.0440286 0.00723531 0.182817 0.00896072 0.0077563 0.0647032 0.00829364 0.0587631 0.00907375 0.0152265 0.0189016 0.00836546 0.0455969 0.00820248 0.0976822 0.00921705 0.00908402 0.106203 0.00839447 0.0455251 0.00942339 0.0128142 0.090127 0.0104126 0.140851 0.00937688 0.0102437 0.00826365 0.0158304 0.00841767 0.0234466 0.00832617 0.0233293 0.00888293 0.00845543 0.022711 0.00815986 0.0140502 0.00844695 0.00913201 0.0135659 0.0086639 0.0264056 0.0084979 0.0101978 0.00814704 0.0127018 0.00830002 0.00819127 0.0126725 0.00814616 0.011659 0.00830569 0.00834386 0.0109493 0.00846808 0.0110808 0.00858737 0.00841786 0.0083346 0.00899689 0.00840763 0.00930413 0.00851672 0.00887698 
0.00413242 0.00385552 0 0.00383145 0.00422806 0.0158799 0.0118422 0.235525 0.00661604 0.00807044 0.0145973 0.00770598 0.0569923 0.00793592 0.0146454 0.00834533 0.00897198 0.0383874 0.00811222 0.12818 0.00821544 0.0134856 0.0294143 0.00827703 0.100328 0.00854255 0.00957553 0.0137607 0.0111373 0.340067 0.00876349 0.0145684 0.00842292 0.0128165 0.00860227 0.0222048 0.00838781 0.0514993 0.00824013 0.00899725 0.0119756 0.00831922 0.0237067 0.00819452 0.0090215 0.00993822 0.00907484 0.0389273 0.00836664 0.00944883 0.00826463 0.0130672 0.00820918 0.00991249 0.0107882 0.00822281 0.0123367 0.00824094 0.00857116 0.0100115 0.00832286 0.0139728 0.0086298 0.00909601 0.00821799 0.00858095 0.0082615 0.0104401 0.00825775 0.00836072 0.00828121 
0.00393521 0.00522731 0.00383145 0 0.0038387 0.00503556 0.214451 0.00586652 0.0144728 0.0059923 0.00731934 0.0442124 0.00795703 0.0266458 0.00812896 0.0139886 0.0335529 0.00823298 0.0730722 0.00823567 0.0478163 0.00895403 0.00854198 0.0907134 0.00837807 0.0260272 0.00860686 0.0112833 0.178923 0.00944206 0.0871658 0.00875403 0.0124449 0.00837196 0.0156353 0.0084258 0.0283918 0.00851438 0.0175792 0.00833001 0.00825635 0.029936 0.00815262 0.0111226 0.00817752 0.00926491 0.0157836 0.00875376 0.0180365 0.00860668 0.0098069 0.00833385 0.0134082 0.00817709 0.0081212 0.0179016 0.00824742 0.00941245 0.00813919 0.00819748 0.0125128 0.00860569 0.0113062 0.00870362 0.00850419 0.00821074 0.00919666 0.00833504 0.00909241 0.00822898 0.0084249 
0.00946854 0.00398765 0.00422806 0.0038387 0 0.282452 0.00471876 0.0086587 0.00527789 0.0090902 0.0509786 0.00847373 0.0218434 0.00777392 0.0190458 0.0146046 0.0149558 0.0397695 0.00849292 0.0210137 0.00887516 0.0255297 0.0868683 0.00861301 0.0144075 0.00878604 0.0144298 0.11274 0.0105176 0.0177551 0.00931743 0.0356713 0.0117822 0.011376 0.00852289 0.0128758 0.00836258 0.0124043 0.00839608 0.0114665 0.0245667 0.00843549 0.0108314 0.00830972 0.0105753 0.0142881 0.00922992 0.010678 0.00858198 0.010729 0.00947676 0.0097907 0.00822146 0.0113302 0.01522 0.00827298 0.0100687 0.00821191 0.00910742 0.0122101 0.00843862 0.0102417 0.00843398 0.00888905 0.00840108 0.0093988 0.00846933 0.00911673 0.00830654 0.00853591 0.00826398 
0.0265355 0.0058305 0.0158799 0.00503556 0.282452 0 0.00382644 0.00416731 0.00380909 0.00445061 0.00733578 0.00504114 0.0227271 0.00783258 0.708377 0.0206355 0.00826701 0.0109998 0.0073583 0.0241224 0.00900352 0.0492763 0.0441782 0.00833082 0.0169268 0.00887447 0.0184613 0.0225546 0.0101791 0.0183175 0.00957265 0.046734 0.00863361 0.0097143 0.008451 0.0104909 0.00823161 0.0128949 0.00828335 0.0136364 0.0158735 0.00829193 0.0110597 0.00826126 0.0119617 0.0111135 0.00855198 0.0112495 0.00909139 0.0143168 0.00847002 0.00954133 0.0082299 0.0138062 0.0119921 0.00810882 0.0103044 0.00840409 0.0096092 0.0115154 0.0082151 0.0105767 0.00832457 0.00936385 0.00867783 0.00896678 0.00813717 0.00961486 0.00811888 0.00868343 0.00921807 
0.00715242 0.0440286 0.0118422 0.214451 0.00471876 0.00382644 0 0.00377836 0.00388029 0.00378463 0.00398776 0.0169317 0.00585406 0.911508 0.0070592 0.00926692 0.00822246 0.00680534 0.036401 0.00798804 0.0687957 0.0081313 0.00822299 0.0933116 0.00811723 0.0319952 0.008567 0.0113201 0.050639 0.00953655 0.0646428 0.00889983 0.0104116 0.00827732 0.0148676 0.00846448 0.0320192 0.00834647 0.0194082 0.00847909 0.00819343 0.0252891 0.00810403 0.0118318 0.00815878 0.00873574 0.0147456 0.00874389 0.0172819 0.00862342 0.010053 0.00813056 0.0141455 0.00824925 0.00812562 0.015367 0.00816337 0.0100293 0.00819298 0.0081282 0.0123072 0.00860987 0.0128793 0.00867358 0.00851492 0.00826162 0.0099102 0.00843674 0.00966701 0.00827031 0.00863126 
0.0228699 0.00723531 0.235525 0.00586652 0.0086587 0.00416731 0.00377836 0 0.00374026 0.00378652 0.00652777 0.00456089 0.939444 0.00607188 0.00695233 0.00549246 0.00624011 0.0147959 0.00680871 0.0587203 0.00729295 0.00911409 0.020653 0.00810307 0.0552623 0.00834924 0.00914133 0.0124448 0.00928707 0.0945515 0.00861992 0.0127438 0.00834159 0.0112656 0.00847045 0.0147798 0.00831409 0.0318533 0.00822079 0.00866895 0.0114793 0.00822101 0.0157723 0.00813929 0.0088143 0.00949747 0.00895525 0.025261 0.00832114 0.00897667 0.00813738 0.0102278 0.00816793 0.00952061 0.00996334 0.00814039 0.0114322 0.00812877 0.0083406 0.00945213 0.00818854 0.0126508 0.00854509 0.0090197 0.00820551 0.00841368 0.00824407 0.00990442 0.00821813 0.00829035 0.00823191 
0.0125356 0.182817 0.00661604 0.0144728 0.00527789 0.00380909 0.00388029 0.00374026 0 0.00388096 0.00452831 0.971017 0.00414849 0.00640984 0.00446506 0.0054561 0.00879355 0.0066986 0.0432699 0.00699044 0.0125283 0.00733979 0.00825095 0.0762303 0.00818186 0.0131154 0.00806303 0.00987418 0.0346653 0.00880942 0.0377804 0.00838026 0.0114366 0.0082293 0.00979566 0.00823604 0.0132057 0.00827158 0.0103387 0.00834974 0.00818252 0.0165816 0.00809284 0.00917269 0.00816816 0.00892348 0.0115476 0.00835838 0.0121814 0.00863132 0.00861157 0.00814639 0.00964685 0.00823404 0.00821017 0.0108142 0.00814385 0.00844226 0.0081309 0.00819838 0.00949712 0.00829295 0.00907161 0.00824973 0.00825755 0.00815569 0.00874785 0.00828242 0.00839999 0.00807868 0.00814313 
0.162884 0.00896072 0.00807044 0.0059923 0.0090902 0.00445061 0.00378463 0.00378652 0.00388096 0 0.964031 0.00401244 0.00409895 0.00396532 0.00432825 0.00459762 0.00671396 0.0154091 0.0064732 0.00724949 0.00684756 0.0100162 0.035906 0.00845895 0.00859834 0.00797644 0.010272 0.0214865 0.00995367 0.0100236 0.00873647 0.0171198 0.0104111 0.0087674 0.00835454 0.00876522 0.0083131 0.00875139 0.00833901 0.00906903 0.0111173 0.00821214 0.00848636 0.00818295 0.00891875 0.0104874 0.00896499 0.008594 0.00840241 0.00922016 0.00876478 0.00840295 0.00818745 0.00902483 0.00909466 0.00831355 0.00841464 0.00817132 0.00824488 0.0089495 0.00830039 0.00878828 0.00834187 0.00853287 0.00829748 0.00835903 0.00831372 0.0082995 0.00814744 0.00810689 0.00812576 
0.0227853 0.0077563 0.0145973 0.00731934 0.0509786 0.00733578 0.00398776 0.00652777 0.00452831 0.964031 0 0.00384003 0.00386007 0.00381933 0.00413924 0.00433836 0.0107176 0.00732688 0.00577894 0.0117231 0.00967532 0.884597 0.0373513 0.00815209 0.0143333 0.00859483 0.018907 0.0191731 0.0115562 0.0163728 0.00942418 0.0437979 0.00851643 0.00948816 0.00872966 0.0104773 0.00836057 0.0158808 0.00842217 0.0158411 0.018929 0.00837194 0.0103436 0.00834973 0.0125163 0.0107063 0.00886164 0.0116303 0.00911876 0.0158915 0.00838483 0.0098749 0.00834357 0.0153426 0.0124849 0.00818606 0.00979399 0.00848759 0.00988827 0.0106693 0.00824559 0.0106273 0.00856977 0.00931153 0.00922488 0.00874356 0.00818481 0.00913116 0.00817436 0.00866578 0.0092293 
0.00967928 0.0647032 0.00770598 0.0442124 0.00847373 0.00504114 0.0169317 0.00456089 0.971017 0.00401244 0.00384003 0 0.0037963 0.00396382 0.00381741 0.00446914 0.00614595 0.00479374 0.0136596 0.00735802 0.927684 0.0090125 0.00835538 0.0676059 0.00813253 0.026698 0.00865325 0.0121495 0.0858115 0.0112891 0.0588853 0.0092289 0.0107369 0.00853432 0.0234104 0.00871193 0.0494169 0.00866311 0.0248816 0.00876568 0.00855266 0.0351151 0.00823592 0.012631 0.00841713 0.00921149 0.0273406 0.00939631 0.0250014 0.0088778 0.0102394 0.0082858 0.0162289 0.00840639 0.00830467 0.0159272 0.00824732 0.00991898 0.00823839 0.0083397 0.0142169 0.00907402 0.0149614 0.00930988 0.00881979 0.00827172 0.0097661 0.00852493 0.0091833 0.00845242 0.00870071 
0.0458806 0.00829364 0.0569923 0.00795703 0.0218434 0.0227271 0.00585406 0.939444 0.00414849 0.00409895 0.00386007 0.0037963 0 0.00378575 0.00387254 0.00378638 0.00412047 0.010933 0.00667887 0.926237 0.00788312 0.00878874 0.0230551 0.00785745 0.0350335 0.00830301 0.0103288 0.0148419 0.0104262 0.107089 0.00934572 0.0182137 0.00847424 0.0185187 0.00896616 0.0435069 0.00889426 0.0606317 0.00847817 0.00953916 0.0139102 0.0083597 0.0308623 0.00828251 0.00912947 0.0103849 0.0105134 0.055364 0.00884561 0.009915 0.00839531 0.0149434 0.00823532 0.0106968 0.0116689 0.00826086 0.0153346 0.00826006 0.00864805 0.0105059 0.00851395 0.0264066 0.00941611 0.011035 0.00841984 0.00862099 0.00849781 0.0117203 0.00846252 0.00843368 0.00848032 
0.00899413 0.0587631 0.00793592 0.0266458 0.00777392 0.00783258 0.911508 0.00607188 0.00640984 0.00396532 0.00381933 0.00396382 0.00378575 0 0.00380686 0.00381661 0.00757446 0.0053248 0.986264 0.00610224 0.00979519 0.00572534 0.00788139 0.0407583 0.00808175 0.0202186 0.00799509 0.0100512 0.0327961 0.0100925 0.0331323 0.0085996 0.0105944 0.00841706 0.0292365 0.00868326 0.0486621 0.00877175 0.0149222 0.00857166 0.00825066 0.028282 0.00826769 0.0100527 0.00826261 0.00883839 0.0155237 0.00990897 0.0159404 0.00880765 0.00932725 0.0082338 0.0131467 0.008327 0.00817434 0.0137247 0.00830612 0.00905349 0.00820699 0.00818395 0.0125373 0.008817 0.0162714 0.00869555 0.00848947 0.00816853 0.00910986 0.0084258 0.00908849 0.00831096 0.00830667 
0.0365684 0.00907375 0.0146454 0.00812896 0.0190458 0.708377 0.0070592 0.00695233 0.00446506 0.00432825 0.00413924 0.00381741 0.00387254 0.00380686 0 0.00392669 0.00466369 0.948688 0.00449402 0.00617055 0.00491408 0.00607765 0.0149089 0.0079037 0.0113537 0.00766649 0.00810897 0.0128138 0.00998802 0.0179044 0.00896137 0.0141595 0.00899273 0.0139085 0.00844899 0.0142388 0.00848281 0.0112281 0.00838573 0.00856657 0.0122668 0.00829955 0.00956908 0.00818354 0.00859603 0.0104643 0.00949332 0.0114886 0.0083415 0.00865616 0.00838925 0.00932937 0.008198 0.00892266 0.00998771 0.00832968 0.0089928 0.00812587 0.00818393 0.00945961 0.00863263 0.00957879 0.00840826 0.00931814 0.00818601 0.00851095 0.00844996 0.00854673 0.00823612 0.00814777 0.00809727 
0.0142057 0.0152265 0.00834533 0.0139886 0.0146046 0.0206355 0.00926692 0.00549246 0.0054561 0.00459762 0.00433836 0.00446914 0.00378638 0.00381661 0.00392669 0 0.985408 0.00425403 0.00580788 0.0039035 0.00462942 0.00461234 0.00803916 0.0112694 0.00739665 0.00772358 0.00753019 0.0138172 0.0114432 0.00847802 0.0102457 0.00887127 0.018573 0.00832449 0.00882878 0.00836134 0.00918463 0.00833477 0.00877538 0.00868842 0.00960447 0.010158 0.00813638 0.00826947 0.00824865 0.0107976 0.00917134 0.00830643 0.0087348 0.00868991 0.0104849 0.00819886 0.00855789 0.00831597 0.00896116 0.00901318 0.00820303 0.00812066 0.00823122 0.00886459 0.00863973 0.00835811 0.00830925 0.00825397 0.00826117 0.00882978 0.00836203 0.00824052 0.00818489 0.00811277 0.00810049 
0.0148885 0.0189016 0.00897198 0.0335529 0.0149558 0.00826701 0.00822246 0.00624011 0.00879355 0.00671396 0.0107176 0.00614595 0.00412047 0.00757446 0.00466369 0.985408 0 0.00379491 0.00387628 0.00384168 0.00486494 0.00427821 0.00888655 0.00882519 0.00690066 0.0154964 0.0341065 0.0121541 0.0132554 0.00937417 0.0144009 0.0155858 0.00934303 0.00833162 0.00886462 0.00838148 0.00937765 0.00836685 0.00985012 0.0113749 0.00917492 0.0110477 0.00821545 0.00878986 0.00951731 0.00930046 0.00947885 0.00845661 0.00992965 0.0115973 0.00885397 0.00818699 0.00900007 0.0091928 0.00855686 0.0097711 0.00815676 0.00878634 0.00892209 0.00840568 0.00883263 0.00830729 0.00850608 0.00848215 0.0096648 0.00819443 0.00826586 0.00812759 0.0083465 0.00817794 0.00961603 
0.0150834 0.00836546 0.0383874 0.00823298 0.0397695 0.0109998 0.00680534 0.0147959 0.0066986 0.0154091 0.00732688 0.00479374 0.010933 0.0053248 0.948688 0.00425403 0.00379491 0 0.00373453 0.00392539 0.00388742 0.00463519 0.00858956 0.0064096 0.0131117 0.0103152 0.0197937 0.00876295 0.00887176 0.019357 0.00927675 0.020188 0.00846065 0.0105566 0.00836194 0.0127072 0.00831155 0.0175621 0.00838953 0.0104475 0.0112031 0.00829502 0.0112522 0.00829905 0.00972289 0.00919227 0.00881463 0.0120547 0.00892976 0.00952023 0.00830042 0.01002 0.00819793 0.0102911 0.009885 0.00811602 0.0100749 0.00821174 0.0087823 0.00931762 0.00828868 0.0101654 0.00826352 0.00988386 0.00832228 0.00823707 0.00821804 0.00894104 0.0081467 0.00856163 0.00852549 
0.00856662 0.0455969 0.00811222 0.0730722 0.00849292 0.0073583 0.036401 0.00680871 0.0432699 0.0064732 0.00577894 0.0136596 0.00667887 0.986264 0.00449402 0.00580788 0.00387628 0.00373453 0 0.00383242 0.00427762 0.00379743 0.00575401 0.0212663 0.00817474 0.0590799 0.00823514 0.00762788 0.0181621 0.00871667 0.0303884 0.00828713 0.00940808 0.00833686 0.0160716 0.00836658 0.0372744 0.00836358 0.0124587 0.00851323 0.00819599 0.0199186 0.00813208 0.00979521 0.00821117 0.00840686 0.0118726 0.00895059 0.0136085 0.00867454 0.00889424 0.00814218 0.0108742 0.00821438 0.00810739 0.0130019 0.00816273 0.00885498 0.0082222 0.00811868 0.0100732 0.00857305 0.0135055 0.00847387 0.0083542 0.00817747 0.00871936 0.00830971 0.00907022 0.0082178 0.00880807 
0.0255408 0.00820248 0.12818 0.00823567 0.0210137 0.0241224 0.00798804 0.0587203 0.00699044 0.00724949 0.0117231 0.00735802 0.926237 0.00610224 0.00617055 0.0039035 0.00384168 0.00392539 0.00383242 0 0.00376057 0.00381197 0.0133455 0.00675477 0.0792364 0.00942672 0.00791041 0.0103213 0.00846939 0.0290717 0.00814444 0.0144999 0.00852523 0.0130029 0.00868722 0.0244716 0.00846704 0.0348206 0.00838454 0.00923183 0.0123863 0.00822805 0.019345 0.00820592 0.00900596 0.00965641 0.0088412 0.0349518 0.0084984 0.00969652 0.00816229 0.0109917 0.00826173 0.0107689 0.0106658 0.00815343 0.0138405 0.00818336 0.00838886 0.0100202 0.00822291 0.0223246 0.00892161 0.00997367 0.00829253 0.00832574 0.00824346 0.0099192 0.00826206 0.00867386 0.00823494 
0.00910882 0.0976822 0.00821544 0.0478163 0.00887516 0.00900352 0.0687957 0.00729295 0.0125283 0.00684756 0.00967532 0.927684 0.00788312 0.00979519 0.00491408 0.00462942 0.00486494 0.00388742 0.00427762 0.00376057 0 0.00379005 0.00802651 0.0857253 0.00813542 0.00942406 0.00654611 0.00852078 0.0343142 0.00840798 0.0252528 0.00828154 0.0158763 0.00863839 0.0177072 0.00849758 0.0192783 0.00843913 0.0164365 0.00851731 0.00840864 0.0279916 0.00818404 0.0100905 0.00819015 0.00938786 0.0176189 0.00863519 0.0154244 0.00860056 0.0097622 0.00827529 0.0127777 0.00825764 0.00838753 0.0174112 0.00822466 0.00895892 0.00812228 0.00839107 0.0139747 0.00861895 0.0116303 0.00848977 0.00845532 0.00834984 0.00945656 0.00834409 0.00865938 0.0081015 0.00815887 
0.059183 0.00921705 0.0134856 0.00895403 0.0255297 0.0492763 0.0081313 0.00911409 0.00733979 0.0100162 0.884597 0.0090125 0.00878874 0.00572534 0.00607765 0.00461234 0.00427821 0.00463519 0.00379743 0.00381197 0.00379005 0 0.0723536 0.005807 0.00661903 0.00602321 0.00749157 0.019359 0.00834262 0.0108032 0.00894699 0.0239069 0.013502 0.0118816 0.00866638 0.0108579 0.00852193 0.0104081 0.00844625 0.0103674 0.0229376 0.00836582 0.00909297 0.00830321 0.00976486 0.0145513 0.00919467 0.0100419 0.00895438 0.0102959 0.00942796 0.00880035 0.0082749 0.0102865 0.0126281 0.00828565 0.00881428 0.00815232 0.00864508 0.0108568 0.00835785 0.00966895 0.00841451 0.00934079 0.00868904 0.00897571 0.00830973 0.00868277 0.00819006 0.00823648 0.00811177 
0.0349888 0.00908402 0.0294143 0.00854198 0.0868683 0.0441782 0.00822299 0.020653 0.00825095 0.035906 0.0373513 0.00835538 0.0230551 0.00788139 0.0149089 0.00803916 0.00888655 0.00858956 0.00575401 0.0133455 0.00802651 0.0723536 0 0.00380406 0.00420078 0.00381925 0.00473439 0.00634725 0.00592502 0.0103358 0.0117164 0.944141 0.00962178 0.0122472 0.00854108 0.0137715 0.00845424 0.0178935 0.00854672 0.0235261 0.0300414 0.00860254 0.0134399 0.00846288 0.016167 0.0148976 0.00922076 0.0140385 0.00920744 0.0203965 0.00879845 0.0110979 0.00835669 0.0247028 0.0162282 0.00825759 0.0116631 0.00838575 0.0114157 0.014305 0.00851744 0.0127516 0.00849757 0.010917 0.00932383 0.00934455 0.00824018 0.0104352 0.00823432 0.00917561 0.00980384 
0.00894814 0.106203 0.00827703 0.0907134 0.00861301 0.00833082 0.0933116 0.00810307 0.0762303 0.00845895 0.00815209 0.0676059 0.00785745 0.0407583 0.0079037 0.0112694 0.00882519 0.0064096 0.0212663 0.00675477 0.0857253 0.005807 0.00380406 0 0.00374506 0.00394326 0.0038215 0.00430796 0.00924186 0.00889262 0.989903 0.00732089 0.0132183 0.00850775 0.021345 0.00845383 0.0452033 0.00842931 0.0318208 0.00895856 0.00838984 0.0645998 0.00822685 0.0161204 0.00838396 0.00935328 0.0232184 0.00882101 0.0285218 0.00881591 0.0123313 0.00824287 0.0244594 0.00830895 0.00828647 0.0205217 0.0082124 0.0104178 0.00827895 0.00819793 0.0163287 0.00856967 0.0163403 0.00859563 0.0089351 0.00819718 0.0101526 0.00834121 0.00978195 0.00828733 0.00871843 
0.0166419 0.00839447 0.100328 0.00837807 0.0144075 0.0169268 0.00811723 0.0552623 0.00818186 0.00859834 0.0143333 0.00813253 0.0350335 0.00808175 0.0113537 0.00739665 0.00690066 0.0131117 0.00817474 0.0792364 0.00813542 0.00661903 0.00420078 0.00374506 0 0.00375497 0.00385164 0.00499631 0.00992943 0.981134 0.00613355 0.0068685 0.00852712 0.0126378 0.00860394 0.0194716 0.00840246 0.0356208 0.00843486 0.0091684 0.0128189 0.00834495 0.0195395 0.0082836 0.00907699 0.0100976 0.00896162 0.0349269 0.00846464 0.00902324 0.00822158 0.0128284 0.00821159 0.00940803 0.0107212 0.00818839 0.0131336 0.00814443 0.00832274 0.00990989 0.00830745 0.0196134 0.00880684 0.00933092 0.008234 0.0083117 0.00818726 0.00991658 0.00827175 0.00846862 0.00833189 
0.00897173 0.0455251 0.00854255 0.0260272 0.00878604 0.00887447 0.0319952 0.00834924 0.0131154 0.00797644 0.00859483 0.026698 0.00830301 0.0202186 0.00766649 0.00772358 0.0154964 0.0103152 0.0590799 0.00942672 0.00942406 0.00602321 0.00381925 0.00394326 0.00375497 0 0.00390987 0.00602182 0.994637 0.00443898 0.00725183 0.00481744 0.0117188 0.00858908 0.0104141 0.00838064 0.0147833 0.00847416 0.0120021 0.0085163 0.00842905 0.0156392 0.00821774 0.00947999 0.00817162 0.00949325 0.0133217 0.00852466 0.0127432 0.00836674 0.00900473 0.00825003 0.0104533 0.008287 0.00838774 0.0109193 0.00814646 0.0084587 0.00812697 0.00847364 0.0100431 0.00841601 0.00961806 0.00835907 0.0082782 0.00835131 0.00857372 0.00825486 0.00828653 0.00808671 0.0081129 
0.0218868 0.00942339 0.00957553 0.00860686 0.0144298 0.0184613 0.008567 0.00914133 0.00806303 0.010272 0.018907 0.00865325 0.0103288 0.00799509 0.00810897 0.00753019 0.0341065 0.0197937 0.00823514 0.00791041 0.00654611 0.00749157 0.00473439 0.0038215 0.00385164 0.00390987 0 0.99693 0.00429419 0.00411897 0.0042422 0.00464373 0.012726 0.00953065 0.00848172 0.0092447 0.00838523 0.00902438 0.00837159 0.00998822 0.0147968 0.00851242 0.0086488 0.00819665 0.00959207 0.0126232 0.00948671 0.00891911 0.00838015 0.00963634 0.00977497 0.0085733 0.00819447 0.00984169 0.0109173 0.00835312 0.00846767 0.00813942 0.00851764 0.0103075 0.00846047 0.00876185 0.00828327 0.00838058 0.00851852 0.009238 0.00835005 0.00853407 0.00812474 0.00809412 0.00823118 
0.024423 0.0128142 0.0137607 0.0112833 0.11274 0.0225546 0.0113201 0.0124448 0.00987418 0.0214865 0.0191731 0.0121495 0.0148419 0.0100512 0.0128138 0.0138172 0.0121541 0.00876295 0.00762788 0.0103213 0.00852078 0.019359 0.00634725 0.00430796 0.00499631 0.00602182 0.99693 0 0.00407891 0.00378964 0.00380614 0.00478453 0.0299686 0.011961 0.0109889 0.0130045 0.0101219 0.0129518 0.0102486 0.0227275 0.0228824 0.0137381 0.0106502 0.00963733 0.0167115 0.0217483 0.0113139 0.0123945 0.011473 0.0259458 0.0103605 0.00948471 0.00944987 0.0188491 0.0125775 0.00902351 0.00980894 0.00950816 0.0163211 0.0132619 0.00960412 0.00984575 0.00928218 0.0116265 0.0120553 0.00884127 0.00837354 0.00901366 0.0083385 0.00930933 0.0107549 
0.0107951 0.090127 0.0111373 0.178923 0.0105176 0.0101791 0.050639 0.00928707 0.0346653 0.00995367 0.0115562 0.0858115 0.0104262 0.0327961 0.00998802 0.0114432 0.0132554 0.00887176 0.0181621 0.00846939 0.0343142 0.00834262 0.00592502 0.00924186 0.00992943 0.994637 0.00429419 0.00407891 0 0.00378756 0.00381698 0.00386532 0.0286922 0.0166366 0.0310423 0.0114908 0.0392628 0.0104658 0.0407005 0.0104442 0.00975345 0.060468 0.0100179 0.0223096 0.00983499 0.0120959 0.0699567 0.0137572 0.0627243 0.0111179 0.0115734 0.00974695 0.0218285 0.00951301 0.0089362 0.0168393 0.00892614 0.0124289 0.0092859 0.00910571 0.0246729 0.0132685 0.0261061 0.0116178 0.00990398 0.00859061 0.0107689 0.00943391 0.00961974 0.0089534 0.00933871 
0.0197953 0.0104126 0.340067 0.00944206 0.0177551 0.0183175 0.00953655 0.0945515 0.00880942 0.0100236 0.0163728 0.0112891 0.107089 0.0100925 0.0179044 0.00847802 0.00937417 0.019357 0.00871667 0.0290717 0.00840798 0.0108032 0.0103358 0.00889262 0.981134 0.00443898 0.00411897 0.00378964 0.00378756 0 0.00380688 0.00393201 0.0124967 0.0472765 0.0145901 0.0811132 0.012962 0.121801 0.00930121 0.0106065 0.0153743 0.0095192 0.0724438 0.00898651 0.00971136 0.0124566 0.0134032 0.176087 0.0111267 0.0113309 0.00881308 0.0353765 0.0092257 0.0110274 0.0118394 0.00886258 0.0338979 0.00839562 0.00862227 0.01072 0.0101513 0.0813669 0.0181741 0.0212913 0.00878007 0.00898043 0.00912608 0.0146425 0.00871801 0.00898785 0.00838731 
0.00926401 0.140851 0.00876349 0.0871658 0.00931743 0.00957265 0.0646428 0.00861992 0.0377804 0.00873647 0.00942418 0.0588853 0.00934572 0.0331323 0.00896137 0.0102457 0.0144009 0.00927675 0.0303884 0.00814444 0.0252528 0.00894699 0.0117164 0.989903 0.00613355 0.00725183 0.0042422 0.00380614 0.00381698 0.00380688 0 0.00381266 0.0230406 0.0105493 0.0413244 0.0119755 0.0715084 0.0102982 0.0945207 0.00982418 0.00878056 0.0669747 0.00847538 0.019973 0.00843168 0.0106922 0.0460771 0.0105802 0.0534233 0.00904854 0.0148186 0.00879155 0.0237245 0.00860924 0.00889292 0.0331184 0.00843643 0.0117297 0.00826742 0.0088332 0.0217738 0.0100388 0.0264949 0.0112388 0.009878 0.00880805 0.0111116 0.00895863 0.00983109 0.00820776 0.00831556 
0.0494687 0.00937688 0.0145684 0.00875403 0.0356713 0.046734 0.00889983 0.0127438 0.00838026 0.0171198 0.0437979 0.0092289 0.0182137 0.0085996 0.0141595 0.00887127 0.0155858 0.020188 0.00828713 0.0144999 0.00828154 0.0239069 0.944141 0.00732089 0.0068685 0.00481744 0.00464373 0.00478453 0.00386532 0.00393201 0.00381266 0 0.0175362 0.017694 0.0100435 0.0376587 0.0092643 0.0301748 0.00971649 0.0479291 0.0390911 0.0086987 0.0115189 0.00843284 0.0148583 0.0241256 0.0102811 0.0134947 0.00887996 0.0157009 0.013195 0.0103509 0.00845618 0.0139271 0.0219626 0.00853882 0.00973439 0.00834157 0.00950316 0.016719 0.00895373 0.0122915 0.00882753 0.011665 0.00934752 0.0121525 0.00876122 0.00944454 0.00826785 0.00832292 0.00822652 
0.00913272 0.0102437 0.00842292 0.0124449 0.0117822 0.00863361 0.0104116 0.00834159 0.0114366 0.0104111 0.00851643 0.0107369 0.00847424 0.0105944 0.00899273 0.018573 0.00934303 0.00846065 0.00940808 0.00852523 0.0158763 0.013502 0.00962178 0.0132183 0.00852712 0.0117188 0.012726 0.0299686 0.0286922 0.0124967 0.0230406 0.0175362 0 0.00459697 0.00385095 0.00384823 0.00401109 0.00422667 0.00481456 0.00843735 0.00713319 0.0119039 0.00720408 0.0204441 0.0159402 0.00931288 0.0118701 0.00899062 0.0357934 0.0215458 0.0109757 0.00843366 0.0138059 0.0161606 0.00912131 0.0125186 0.00865412 0.0119343 0.0139034 0.00904373 0.00997717 0.00860344 0.0101786 0.00996531 0.0308823 0.00835605 0.00893457 0.00835334 0.00893108 0.00872204 0.0161826 
0.00916334 0.00826365 0.0128165 0.00837196 0.011376 0.0097143 0.00827732 0.0112656 0.0082293 0.0087674 0.00948816 0.00853432 0.0185187 0.00841706 0.0139085 0.00832449 0.00833162 0.0105566 0.00833686 0.0130029 0.00863839 0.0118816 0.0122472 0.00850775 0.0126378 0.00858908 0.00953065 0.011961 0.0166366 0.0472765 0.0105493 0.017694 0.00459697 0 0.00377375 0.00379319 0.00381123 0.00411232 0.0080165 0.00448963 0.010308 0.00635544 0.0107485 0.00765083 0.0106896 0.00883981 0.00887902 0.0238387 0.0101517 0.0107661 0.00835022 0.0150588 0.00883185 0.0117799 0.0105204 0.00840855 0.0126269 0.00852041 0.00890461 0.00964578 0.00869951 0.01902 0.00897627 0.0309258 0.00856586 0.00872373 0.00834605 0.0104468 0.00824107 0.0102125 0.00886857 
0.00837362 0.0158304 0.00860227 0.0156353 0.00852289 0.008451 0.0148676 0.00847045 0.00979566 0.00835454 0.00872966 0.0234104 0.00896616 0.0292365 0.00844899 0.00882878 0.00886462 0.00836194 0.0160716 0.00868722 0.0177072 0.00866638 0.00854108 0.021345 0.00860394 0.0104141 0.00848172 0.0109889 0.0310423 0.0145901 0.0413244 0.0100435 0.00385095 0.00377375 0 0.00374055 0.00377758 0.00377491 0.00386768 0.0038044 0.00652977 0.019673 0.00661873 0.0171861 0.00881997 0.00846302 0.0214504 0.00909411 0.0170861 0.00820982 0.0107763 0.00852353 0.017684 0.00858052 0.00848945 0.0235968 0.00852553 0.0101151 0.00828222 0.00852852 0.0193136 0.00977008 0.0977461 0.00925652 0.0104177 0.008442 0.0115572 0.0088356 0.0156988 0.00830592 0.0090956 
0.0100281 0.00841767 0.0222048 0.0084258 0.0128758 0.0104909 0.00846448 0.0147798 0.00823604 0.00876522 0.0104773 0.00871193 0.0435069 0.00868326 0.0142388 0.00836134 0.00838148 0.0127072 0.00836658 0.0244716 0.00849758 0.0108579 0.0137715 0.00845383 0.0194716 0.00838064 0.0092447 0.0130045 0.0114908 0.0811132 0.0119755 0.0376587 0.00384823 0.00379319 0.00374055 0 0.00422491 0.00377139 0.00375088 0.00391953 0.0123215 0.00646793 0.0127681 0.011691 0.0524111 0.0109714 0.00861267 0.0278137 0.00941835 0.0175538 0.00888546 0.0141863 0.00845784 0.0137641 0.0120918 0.00841457 0.0223769 0.00830146 0.0100412 0.0110581 0.00892912 0.125162 0.0103268 0.0417427 0.00874839 0.00913239 0.00861892 0.0201957 0.00855538 0.011708 0.00861138 
0.00829936 0.0234466 0.00838781 0.0283918 0.00836258 0.00823161 0.0320192 0.00831409 0.0132057 0.0083131 0.00836057 0.0494169 0.00889426 0.0486621 0.00848281 0.00918463 0.00937765 0.00831155 0.0372744 0.00846704 0.0192783 0.00852193 0.00845424 0.0452033 0.00840246 0.0147833 0.00838523 0.0101219 0.0392628 0.012962 0.0715084 0.0092643 0.00401109 0.00381123 0.00377758 0.00422491 0 0.00373987 0.00381557 0.00380189 0.00538084 0.0219115 0.00752024 0.080432 0.01167 0.00768356 0.0179084 0.00886302 0.0392997 0.00817648 0.0121288 0.00828496 0.0269122 0.00858545 0.00829725 0.0464009 0.00838803 0.0168076 0.00832782 0.00843807 0.122423 0.00953088 0.0911002 0.0096182 0.00975223 0.00839694 0.0205257 0.00858389 0.0238801 0.0082636 0.00879514 
0.0112647 0.00832617 0.0514993 0.00851438 0.0124043 0.0128949 0.00834647 0.0318533 0.00827158 0.00875139 0.0158808 0.00866311 0.0606317 0.00877175 0.0112281 0.00833477 0.00836685 0.0175621 0.00836358 0.0348206 0.00843913 0.0104081 0.0178935 0.00842931 0.0356208 0.00847416 0.00902438 0.0129518 0.0104658 0.121801 0.0102982 0.0301748 0.00422667 0.00411232 0.00377491 0.00377139 0.00373987 0 0.00375593 0.00382141 0.0142449 0.00678204 0.0998209 0.00818979 0.00803552 0.0104422 0.00818326 0.0459496 0.00829156 0.00962714 0.00834034 0.0249058 0.00876176 0.0152132 0.0161698 0.00840624 0.0517584 0.00836445 0.00933275 0.044453 0.00877573 0.10351 0.010822 0.0207547 0.00859592 0.0104804 0.008564 0.0267414 0.00850034 0.00990975 0.0084716 
0.00844278 0.0233293 0.00824013 0.0175792 0.00839608 0.00828335 0.0194082 0.00822079 0.0103387 0.00833901 0.00842217 0.0248816 0.00847817 0.0149222 0.00838573 0.00877538 0.00985012 0.00838953 0.0124587 0.00838454 0.0164365 0.00844625 0.00854672 0.0318208 0.00843486 0.0120021 0.00837159 0.0102486 0.0407005 0.00930121 0.0945207 0.00971649 0.00481456 0.0080165 0.00386768 0.00375088 0.00381557 0.00375593 0 0.00402294 0.00522636 0.130488 0.00881275 0.0110164 0.00596845 0.0074229 0.0368667 0.00837952 0.0283526 0.00770533 0.0141947 0.0112564 0.0318086 0.00862354 0.00854218 0.0519595 0.00839149 0.0126177 0.00831195 0.00881799 0.0403125 0.00894473 0.0262074 0.00977627 0.00934371 0.00853132 0.0205862 0.00837711 0.0104148 0.00826045 0.00837637 
0.0123877 0.00888293 0.00899725 0.00833001 0.0114665 0.0136364 0.00847909 0.00866895 0.00834974 0.00906903 0.0158411 0.00876568 0.00953916 0.00857166 0.00856657 0.00868842 0.0113749 0.0104475 0.00851323 0.00923183 0.00851731 0.0103674 0.0235261 0.00895856 0.0091684 0.0085163 0.00998822 0.0227275 0.0104442 0.0106065 0.00982418 0.0479291 0.00843735 0.00448963 0.0038044 0.00391953 0.00380189 0.00382141 0.00402294 0 0.0914884 0.00831021 0.00620966 0.00596194 0.00902594 0.028521 0.00909775 0.00961554 0.00909829 0.0147684 0.0248777 0.0103366 0.00874456 0.0157897 0.026588 0.00949627 0.00953427 0.0084722 0.010137 0.018906 0.00966836 0.0116198 0.0092694 0.0105391 0.0112656 0.0158324 0.00891086 0.00912866 0.00838748 0.0083529 0.00864427 
0.0128258 0.00845543 0.0119756 0.00825635 0.0245667 0.0158735 0.00819343 0.0114793 0.00818252 0.0111173 0.018929 0.00855266 0.0139102 0.00825066 0.0122668 0.00960447 0.00917492 0.0112031 0.00819599 0.0123863 0.00840864 0.0229376 0.0300414 0.00838984 0.0128189 0.00842905 0.0147968 0.0228824 0.00975345 0.0153743 0.00878056 0.0390911 0.00713319 0.010308 0.00652977 0.0123215 0.00538084 0.0142449 0.00522636 0.0914884 0 0.00380851 0.00394802 0.00380695 0.00588889 0.00576639 0.00557553 0.00837766 0.0167905 0.92903 0.00865936 0.0136304 0.00817554 0.0802727 0.03981 0.00837881 0.0165494 0.00861446 0.0241622 0.0330883 0.00911896 0.0224235 0.00874165 0.0147355 0.0121027 0.014021 0.00851146 0.0118604 0.00827828 0.0107262 0.011624 
0.00852151 0.022711 0.00831922 0.029936 0.00843549 0.00829193 0.0252891 0.00822101 0.0165816 0.00821214 0.00837194 0.0351151 0.0083597 0.028282 0.00829955 0.010158 0.0110477 0.00829502 0.0199186 0.00822805 0.0279916 0.00836582 0.00860254 0.0645998 0.00834495 0.0156392 0.00851242 0.0137381 0.060468 0.0095192 0.0669747 0.0086987 0.0119039 0.00635544 0.019673 0.00646793 0.0219115 0.00678204 0.130488 0.00831021 0.00380851 0 0.0037718 0.00404379 0.00375817 0.00437147 0.0121157 0.00921417 0.984857 0.00780849 0.0164269 0.00771532 0.0737977 0.00849277 0.00844256 0.105097 0.00814019 0.0329237 0.00843159 0.00914217 0.109327 0.00904139 0.0553173 0.00928535 0.0106429 0.00936491 0.023879 0.00837503 0.022893 0.00848297 0.0106295 
0.00927726 0.00815986 0.0237067 0.00815262 0.0108314 0.0110597 0.00810403 0.0157723 0.00809284 0.00848636 0.0103436 0.00823592 0.0308623 0.00826769 0.00956908 0.00813638 0.00821545 0.0112522 0.00813208 0.019345 0.00818404 0.00909297 0.0134399 0.00822685 0.0195395 0.00821774 0.0086488 0.0106502 0.0100179 0.0724438 0.00847538 0.0115189 0.00720408 0.0107485 0.00661873 0.0127681 0.00752024 0.0998209 0.00881275 0.00620966 0.00394802 0.0037718 0 0.00374642 0.00393 0.00472542 0.00570042 0.979156 0.00617891 0.0054568 0.00726654 0.0269882 0.00765125 0.012028 0.0168842 0.00806194 0.044777 0.00812615 0.00911329 0.0134492 0.00848595 0.0586859 0.00881056 0.0153112 0.00826826 0.00928955 0.00832251 0.0225092 0.00823508 0.00944241 0.00847439 
0.00836082 0.0140502 0.00819452 0.0111226 0.00830972 0.00826126 0.0118318 0.00813929 0.00917269 0.00818295 0.00834973 0.012631 0.00828251 0.0100527 0.00818354 0.00826947 0.00878986 0.00829905 0.00979521 0.00820592 0.0100905 0.00830321 0.00846288 0.0161204 0.0082836 0.00947999 0.00819665 0.00963733 0.0223096 0.00898651 0.019973 0.00843284 0.0204441 0.00765083 0.0171861 0.011691 0.080432 0.00818979 0.0110164 0.00596194 0.00380695 0.00404379 0.00374642 0 0.00391957 0.00555013 0.991396 0.0042664 0.00645702 0.00452736 0.0188496 0.00781259 0.0156336 0.00785239 0.00862173 0.0404267 0.00827922 0.0116641 0.00818621 0.00927049 0.0306115 0.00872888 0.0193127 0.00956812 0.00915582 0.00860226 0.0115358 0.00832654 0.00991624 0.00825634 0.00834346 
0.0101824 0.00844695 0.0090215 0.00817752 0.0105753 0.0119617 0.00815878 0.0088143 0.00816816 0.00891875 0.0125163 0.00841713 0.00912947 0.00826261 0.00859603 0.00824865 0.00951731 0.00972289 0.00821117 0.00900596 0.00819015 0.00976486 0.016167 0.00838396 0.00907699 0.00817162 0.00959207 0.0167115 0.00983499 0.00971136 0.00843168 0.0148583 0.0159402 0.0106896 0.00881997 0.0524111 0.01167 0.00803552 0.00596845 0.00902594 0.00588889 0.00375817 0.00393 0.00391957 0 0.993216 0.0045485 0.00418228 0.00417663 0.00447296 0.00917118 0.00809952 0.00722392 0.0121334 0.0281024 0.0085711 0.0100087 0.00804078 0.010884 0.0183118 0.00903706 0.0104958 0.00840663 0.0116928 0.00942892 0.0129608 0.00904235 0.00930995 0.00827182 0.00844494 0.00847438 
0.00986475 0.00913201 0.00993822 0.00926491 0.0142881 0.0111135 0.00873574 0.00949747 0.00892348 0.0104874 0.0107063 0.00921149 0.0103849 0.00883839 0.0104643 0.0107976 0.00930046 0.00919227 0.00840686 0.00965641 0.00938786 0.0145513 0.0148976 0.00935328 0.0100976 0.00949325 0.0126232 0.0217483 0.0120959 0.0124566 0.0106922 0.0241256 0.00931288 0.00883981 0.00846302 0.0109714 0.00768356 0.0104422 0.0074229 0.028521 0.00576639 0.00437147 0.00472542 0.00555013 0.993216 0 0.00395761 0.00379394 0.00396958 0.00549451 0.00759648 0.00958805 0.00980699 0.622337 0.0198932 0.0106991 0.0115482 0.00994375 0.0220859 0.023551 0.0118526 0.0136761 0.0101736 0.0162169 0.0148974 0.0118408 0.00921818 0.0102334 0.00906065 0.0115553 0.0160779 
0.00857053 0.0135659 0.00907484 0.0157836 0.00922992 0.00855198 0.0147456 0.00895525 0.0115476 0.00896499 0.00886164 0.0273406 0.0105134 0.0155237 0.00949332 0.00917134 0.00947885 0.00881463 0.0118726 0.0088412 0.0176189 0.00919467 0.00922076 0.0232184 0.00896162 0.0133217 0.00948671 0.0113139 0.0699567 0.0134032 0.0460771 0.0102811 0.0118701 0.00887902 0.0214504 0.00861267 0.0179084 0.00818326 0.0368667 0.00909775 0.00557553 0.0121157 0.00570042 0.991396 0.0045485 0.00395761 0 0.00377324 0.00427477 0.00382956 0.0120654 0.00881404 0.669284 0.0346691 0.00961183 0.034909 0.00847798 0.034725 0.00983648 0.0117988 0.0764438 0.0119723 0.0470207 0.0147128 0.0118425 0.0104606 0.0264087 0.0103269 0.0177475 0.010438 0.0112082 
0.00923062 0.0086639 0.0389273 0.00875376 0.010678 0.0112495 0.00874389 0.025261 0.00835838 0.008594 0.0116303 0.00939631 0.055364 0.00990897 0.0114886 0.00830643 0.00845661 0.0120547 0.00895059 0.0349518 0.00863519 0.0100419 0.0140385 0.00882101 0.0349269 0.00852466 0.00891911 0.0123945 0.0137572 0.176087 0.0105802 0.0134947 0.00899062 0.0238387 0.00909411 0.0278137 0.00886302 0.0459496 0.00837952 0.00961554 0.00837766 0.00921417 0.979156 0.0042664 0.00418228 0.00379394 0.00377324 0 0.00406408 0.00376551 0.00748071 0.592482 0.0145786 0.0196859 0.0144382 0.0085617 0.0597018 0.00857118 0.00965855 0.0158368 0.0101869 0.12749 0.0176789 0.0356723 0.00922268 0.0113379 0.0102252 0.0611676 0.0102688 0.012985 0.00881278 
0.00890888 0.0264056 0.00836664 0.0180365 0.00858198 0.00909139 0.0172819 0.00832114 0.0121814 0.00840241 0.00911876 0.0250014 0.00884561 0.0159404 0.0083415 0.0087348 0.00992965 0.00892976 0.0136085 0.0084984 0.0154244 0.00895438 0.00920744 0.0285218 0.00846464 0.0127432 0.00838015 0.011473 0.0627243 0.0111267 0.0534233 0.00887996 0.0357934 0.0101517 0.0170861 0.00941835 0.0392997 0.00829156 0.0283526 0.00909829 0.0167905 0.984857 0.00617891 0.00645702 0.00417663 0.00396958 0.00427477 0.00406408 0 0.00397601 0.424927 0.0131477 0.0529867 0.00785976 0.00996577 0.0788415 0.00833083 0.023275 0.00847597 0.0109646 0.0745087 0.010737 0.0491395 0.0143004 0.0149631 0.0103625 0.0351731 0.00944136 0.0169826 0.00878112 0.0090485 
0.0129173 0.0084979 0.00944883 0.00860668 0.010729 0.0143168 0.00862342 0.00897667 0.00863132 0.00922016 0.0158915 0.0088778 0.009915 0.00880765 0.00865616 0.00868991 0.0115973 0.00952023 0.00867454 0.00969652 0.00860056 0.0102959 0.0203965 0.00881591 0.00902324 0.00836674 0.00963634 0.0259458 0.0111179 0.0113309 0.00904854 0.0157009 0.0215458 0.0107661 0.00820982 0.0175538 0.00817648 0.00962714 0.00770533 0.0147684 0.92903 0.00780849 0.0054568 0.00452736 0.00447296 0.00549451 0.00382956 0.00376551 0.00397601 0 0.0496697 0.0127094 0.00602292 0.0110561 0.0365016 0.00864471 0.00969075 0.00822719 0.0116965 0.0263713 0.0113408 0.0126354 0.00947013 0.0152428 0.0122493 0.02322 0.00998697 0.0100137 0.00888357 0.00896839 0.00923421 
0.00873533 0.0101978 0.00826463 0.0098069 0.00947676 0.00847002 0.010053 0.00813738 0.00861157 0.00876478 0.00838483 0.0102394 0.00839531 0.00932725 0.00838925 0.0104849 0.00885397 0.00830042 0.00889424 0.00816229 0.0097622 0.00942796 0.00879845 0.0123313 0.00822158 0.00900473 0.00977497 0.0103605 0.0115734 0.00881308 0.0148186 0.013195 0.0109757 0.00835022 0.0107763 0.00888546 0.0121288 0.00834034 0.0141947 0.0248777 0.00865936 0.0164269 0.00726654 0.0188496 0.00917118 0.00759648 0.0120654 0.00748071 0.424927 0.0496697 0 0.00380141 0.00380647 0.00415939 0.00544735 0.00995542 0.0144733 0.0223955 0.0349604 0.00761086 0.0113829 0.00832057 0.0146659 0.00914198 0.025406 0.00993305 0.0126927 0.00856874 0.0124708 0.00882458 0.0288149 
0.00883729 0.00814704 0.0130672 0.00833385 0.0097907 0.00954133 0.00813056 0.0102278 0.00814639 0.00840295 0.0098749 0.0082858 0.0149434 0.0082338 0.00932937 0.00819886 0.00818699 0.01002 0.00814218 0.0109917 0.00827529 0.00880035 0.0110979 0.00824287 0.0128284 0.00825003 0.0085733 0.00948471 0.00974695 0.0353765 0.00879155 0.0103509 0.00843366 0.0150588 0.00852353 0.0141863 0.00828496 0.0249058 0.0112564 0.0103366 0.0136304 0.00771532 0.0269882 0.00781259 0.00809952 0.00958805 0.00881404 0.592482 0.0131477 0.0127094 0.00380141 0 0.00379312 0.00394342 0.00928537 0.00565679 0.0480739 0.0165651 0.00765434 0.00938879 0.00775839 0.0240819 0.00829489 0.0239922 0.00850794 0.0124277 0.00917037 0.0280961 0.00845865 0.018912 0.00897641 
