1JJ2P
PSSNGPLEGTRGKLKNKPRDRGTSPPQRAVEEFDDGEKVHLKIDPSVPNGRFHPRFDGQTGTVEGKQGDAYKVDIVDGGKEKTIIVTAAHLRRQE
CCCCCCCCCCCCCCCCCCCCCCCCCHHHHCCCCCCCCEEEECCCCCCCCCCCCHHHCCCEEEEEEEECCEEEEEEEECCEEEEEEECHHHEEECC
0 0 0 0 0 0 0 0 0 0 0 0 0 0 0 0 0 0 0 0 0 0 0 0 0 0 0 0 0 0 0 0 0 0 0 0 0 0 0 0 0 0 0 0 0 0 0 0 0 0 0 0 0 0 0 0 0 0 0 0 0 0 0 0 0 0 0 0 0 0 0 0 0 0 0 0 0 0 0 0 0 0 0 0 0 0 0 0 0 0 0 0 0 0 0 
0 0 0 0 0 0 0 0 0 0 0 0 0 0 0 0 0 0 0 0 0 0 0 0 0 0 0 0 0 0 0 0 0 0 0 0 0 0 0 0 0 0 0 0 0 0 0 0 0 0 0 0 0 0 0 0 0 0 0 0 0 0 0 0 0 0 0 0 0 0 0 0 0 0 0 0 0 0 0 0 0 0 0 0 0 0 0 0 0 0 0 0 0 0 0 
0 0.00412788 0.00481669 0.00443485 0.16071 0.00938935 0.268928 0.0089972 0.0181041 0.00854427 0.00911134 0.0150714 0.0147762 0.00972327 0.0190247 0.00886601 0.0191848 0.00915819 0.0123751 0.0113424 0.0122972 0.00957621 0.009 0.0146048 0.00928442 0.0157747 0.0131864 0.00914633 0.00883853 0.0108264 
0.00412788 0 0.00393622 0.00426667 0.00887362 0.741267 0.00860845 0.0727499 0.008478 0.0230255 0.0113313 0.00865695 0.0107348 0.0426146 0.00861824 0.0854204 0.00835169 0.0349012 0.00904966 0.0101156 0.00859504 0.0109246 0.0118511 0.00885972 0.0669332 0.00955378 0.0211711 0.0162172 0.00864584 0.0115811 
0.00481669 0.00393622 0 0.00382045 0.383487 0.00900315 0.161872 0.00878147 0.0334823 0.00919747 0.0148072 0.00905084 0.0111907 0.00944139 0.0462776 0.00839516 0.0494432 0.00862749 0.0221597 0.00883229 0.0110298 0.0100587 0.00919788 0.0274963 0.0089624 0.0968943 0.00936356 0.00903664 0.0355431 0.00840577 
0.00443485 0.00426667 0.00382045 0 0.0108966 0.0481089 0.00944426 0.0342117 0.00916119 0.0190535 0.00965897 0.0151554 0.0169989 0.0204648 0.00851983 0.0283442 0.00842235 0.022039 0.00882135 0.0162862 0.0133334 0.010787 0.0102549 0.0085922 0.0237187 0.00865962 0.0460674 0.127066 0.00834465 0.0109258 
0.16071 0.00887362 0.383487 0.0108966 0 0.00408279 0.00394259 0.00383757 0.00415829 0.00389612 0.00462786 0.00627567 0.00621336 0.00634529 0.01173 0.00661858 0.0145123 0.0071364 0.0669667 0.0714038 0.010337 0.00869998 0.00824039 0.0120526 0.00831114 0.0234526 0.014678 0.00884785 0.00941089 0.0152139 
0.00938935 0.741267 0.00900315 0.0481089 0.00408279 0 0.00375162 0.00385508 0.00383741 0.00382428 0.0040112 0.00410038 0.00538889 0.010711 0.00627723 0.015474 0.00715604 0.19132 0.0439378 0.0145705 0.00823456 0.00953663 0.00946527 0.00823173 0.0358008 0.00949456 0.0204412 0.0131904 0.0104219 0.0122404 
0.268928 0.00860845 0.161872 0.00944426 0.00394259 0.00375162 0 0.00372436 0.00383308 0.00375124 0.00625175 0.00402115 0.00586441 0.00577387 0.0199769 0.00706591 0.544279 0.0217907 0.0425523 0.00973688 0.00872164 0.00807531 0.00799786 0.0288668 0.00823025 0.0397425 0.00969571 0.00894996 0.0101993 0.00886918 
0.0089972 0.0727499 0.00878147 0.0342117 0.00383757 0.00385508 0.00372436 0 0.00377259 0.00378329 0.00388568 0.0037825 0.0051706 0.00854159 0.00729117 0.600758 0.015593 0.0651567 0.00750001 0.00761389 0.00769004 0.00840524 0.0128114 0.00804384 0.0330018 0.00854851 0.0137567 0.0121285 0.00801849 0.00995343 
0.0181041 0.008478 0.0334823 0.00916119 0.00415829 0.00383741 0.00383308 0.00377259 0 0.0037537 0.0037878 0.00381687 0.00430475 0.00930267 0.164665 0.0278008 0.0217299 0.00654753 0.00768675 0.00667809 0.00783782 0.00924283 0.00779383 0.0188922 0.00808958 0.0230468 0.00870971 0.00878361 0.0100104 0.00828531 
0.00854427 0.0230255 0.00919747 0.0190535 0.00389612 0.00382428 0.00375124 0.00378329 0.0037537 0 0.00376017 0.00374736 0.00398362 0.0253014 0.133882 0.0389811 0.00553471 0.00898236 0.00640244 0.00684695 0.00852577 0.00800812 0.00843187 0.00763143 0.016825 0.00863993 0.0110434 0.010661 0.0079513 0.011776 
0.00911134 0.0113313 0.0148072 0.00965897 0.00462786 0.0040112 0.00625175 0.00388568 0.0037878 0.00376017 0 0.00409642 0.012943 0.797577 0.00958065 0.0048598 0.00541357 0.00616005 0.00651861 0.00614398 0.00743971 0.0138602 0.00734352 0.00862034 0.00783468 0.0102763 0.00786081 0.0097281 0.0111966 0.00828009 
0.0150714 0.00865695 0.00905084 0.0151554 0.00627567 0.00410038 0.00402115 0.0037825 0.00381687 0.00374736 0.00409642 0 0.95062 0.00739928 0.00401432 0.00421493 0.00553953 0.00494605 0.00570078 0.00611012 0.0135984 0.00775031 0.00689298 0.00730801 0.00758904 0.0081003 0.0106305 0.0177309 0.00854837 0.0086559 
0.0147762 0.0107348 0.0111907 0.0169989 0.00621336 0.00538889 0.00586441 0.0051706 0.00430475 0.00398362 0.012943 0.95062 0 0.00379064 0.00378246 0.00385485 0.00392086 0.00390131 0.00424119 0.00699929 0.00663407 0.00666482 0.00700575 0.00744675 0.00786376 0.014302 0.0726805 0.0233347 0.00846689 0.0215488 
0.00972327 0.0426146 0.00944139 0.0204648 0.00634529 0.010711 0.00577387 0.00854159 0.00930267 0.0253014 0.797577 0.00739928 0.00379064 0 0.00376248 0.00377668 0.00377174 0.00401488 0.00415585 0.00434526 0.00583882 0.006846 0.00730336 0.0073868 0.013336 0.0168997 0.920408 0.0104499 0.0107054 0.0128891 
0.0190247 0.00861824 0.0462776 0.00851983 0.01173 0.00627723 0.0199769 0.00729117 0.164665 0.133882 0.00958065 0.00401432 0.00378246 0.00376248 0 0.00373047 0.00383051 0.00383036 0.00464507 0.0038485 0.0064055 0.00681165 0.00636683 0.0142905 0.0115536 0.97916 0.0146523 0.00750623 0.0102976 0.00804081 
0.00886601 0.0854204 0.00839516 0.0283442 0.00661858 0.015474 0.00706591 0.600758 0.0278008 0.0389811 0.0048598 0.00421493 0.00385485 0.00377668 0.00373047 0 0.00374497 0.00445557 0.00380295 0.00410433 0.00534936 0.00660302 0.00971077 0.00946706 0.983432 0.00841983 0.0149369 0.0116682 0.00711369 0.00942792 
0.0191848 0.00835169 0.0494432 0.00842235 0.0145123 0.00715604 0.544279 0.015593 0.0217299 0.00553471 0.00541357 0.00553953 0.00392086 0.00377174 0.00383051 0.00374497 0 0.00376664 0.00380168 0.00376637 0.00479191 0.00622371 0.00827627 0.988484 0.00943249 0.0181527 0.00636971 0.00667188 0.00850988 0.00789959 
0.00915819 0.0349012 0.00862749 0.022039 0.0071364 0.19132 0.0217907 0.0651567 0.00654753 0.00898236 0.00616005 0.00494605 0.00390131 0.00401488 0.00383036 0.00445557 0.00376664 0 0.00374765 0.00380019 0.00463841 0.011647 0.97672 0.00859535 0.0227046 0.00631048 0.00902479 0.0101538 0.00672964 0.0162009 
0.0123751 0.00904966 0.0221597 0.00882135 0.0669667 0.0439378 0.0425523 0.00750001 0.00768675 0.00640244 0.00651861 0.00570078 0.00424119 0.00415585 0.00464507 0.00380295 0.00380168 0.00374765 0 0.00394937 0.0111485 0.997171 0.00456399 0.011681 0.0055366 0.00850314 0.00670186 0.00646658 0.0132079 0.00732774 
0.0113424 0.0101156 0.00883229 0.0162862 0.0714038 0.0145705 0.00973688 0.00761389 0.00667809 0.00684695 0.00614398 0.00611012 0.00699929 0.00434526 0.0038485 0.00410433 0.00376637 0.00380019 0.00394937 0 0.998896 0.00416276 0.00449099 0.0040504 0.00509969 0.0051396 0.00591068 0.0146037 0.00622375 0.00758936 
0.0122972 0.00859504 0.0110298 0.0133334 0.010337 0.00823456 0.00872164 0.00769004 0.00783782 0.00852577 0.00743971 0.0135984 0.00663407 0.00583882 0.0064055 0.00534936 0.00479191 0.00463841 0.0111485 0.998896 0 0.004673 0.00379059 0.0043512 0.00403489 0.00563973 0.00590508 0.00509279 0.00630797 0.0194497 
0.00957621 0.0109246 0.0100587 0.010787 0.00869998 0.00953663 0.00807531 0.00840524 0.00924283 0.00800812 0.0138602 0.00775031 0.00666482 0.006846 0.00681165 0.00660302 0.00622371 0.011647 0.997171 0.00416276 0.004673 0 0.00391082 0.00377763 0.00388196 0.00414287 0.00439583 0.004719 0.00769399 0.00797847 
0.009 0.0118511 0.00919788 0.0102549 0.00824039 0.00946527 0.00799786 0.0128114 0.00779383 0.00843187 0.00734352 0.00689298 0.00700575 0.00730336 0.00636683 0.00971077 0.00827627 0.97672 0.00456399 0.00449099 0.00379059 0.00391082 0 0.00400461 0.0037962 0.0037945 0.00393137 0.00472186 0.00485823 0.00702174 
0.0146048 0.00885972 0.0274963 0.0085922 0.0120526 0.00823173 0.0288668 0.00804384 0.0188922 0.00763143 0.00862034 0.00730801 0.00744675 0.0073868 0.0142905 0.00946706 0.988484 0.00859535 0.011681 0.0040504 0.0043512 0.00377763 0.00400461 0 0.00376946 0.00381198 0.00391215 0.00408048 0.00535066 0.00680361 
0.00928442 0.0669332 0.0089624 0.0237187 0.00831114 0.0358008 0.00823025 0.0330018 0.00808958 0.016825 0.00783468 0.00758904 0.00786376 0.013336 0.0115536 0.983432 0.00943249 0.0227046 0.0055366 0.00509969 0.00403489 0.00388196 0.0037962 0.00376946 0 0.00374212 0.00387054 0.00543506 0.00432788 0.00880156 
0.0157747 0.00955378 0.0968943 0.00865962 0.0234526 0.00949456 0.0397425 0.00854851 0.0230468 0.00863993 0.0102763 0.0081003 0.014302 0.0168997 0.97916 0.00841983 0.0181527 0.00631048 0.00850314 0.0051396 0.00563973 0.00414287 0.0037945 0.00381198 0.00374212 0 0.00376069 0.00387076 0.0104762 0.00502688 
0.0131864 0.0211711 0.00936356 0.0460674 0.014678 0.0204412 0.00969571 0.0137567 0.00870971 0.0110434 0.00786081 0.0106305 0.0726805 0.920408 0.0146523 0.0149369 0.00636971 0.00902479 0.00670186 0.00591068 0.00590508 0.00439583 0.00393137 0.00391215 0.00387054 0.00376069 0 0.0162675 0.0039107 0.00527512 
0.00914633 0.0162172 0.00903664 0.127066 0.00884785 0.0131904 0.00894996 0.0121285 0.00878361 0.010661 0.0097281 0.0177309 0.0233347 0.0104499 0.00750623 0.0116682 0.00667188 0.0101538 0.00646658 0.0146037 0.00509279 0.004719 0.00472186 0.00408048 0.00543506 0.00387076 0.0162675 0 0.00377781 0.00407376 
0.00883853 0.00864584 0.0355431 0.00834465 0.00941089 0.0104219 0.0101993 0.00801849 0.0100104 0.0079513 0.0111966 0.00854837 0.00846689 0.0107054 0.0102976 0.00711369 0.00850988 0.00672964 0.0132079 0.00622375 0.00630797 0.00769399 0.00485823 0.00535066 0.00432788 0.0104762 0.0039107 0.00377781 0 0.00420003 
0.0108264 0.0115811 0.00840577 0.0109258 0.0152139 0.0122404 0.00886918 0.00995343 0.00828531 0.011776 0.00828009 0.0086559 0.0215488 0.0128891 0.00804081 0.00942792 0.00789959 0.0162009 0.00732774 0.00758936 0.0194497 0.00797847 0.00702174 0.00680361 0.00880156 0.00502688 0.00527512 0.00407376 0.00420003 0 
