1JZDC
RSQFVPADQAFAFDFQQNQHDLNLTWQIKDGYYLYRKQIRITPEHAKIADVQLPQGVWHEDEFYGKSEIYRDRLTLPVTINQASAGATLTVTYQGAADAGFCYPPETKTVPLSEVVAN
CCCCCCHHHHEEEEEEEECCEEEEEEEECCCEEEEHHHCEEEEEEEEEEEECCCCCEEEEECCCEEEEEECEEEEEEEEEEEEEEEEEEEEEECEEECCCEECCCEEEEEECCCECCC
0 0 0 0 0 0 0 0 0 0 0 0 0 0 0 0 0 0 0 0 0 0 0 0 0 0 0 0 0 0 0 0 0 0 0 0 0 0 0 0 0 0 0 0 0 0 0 0 0 0 0 0 0 0 0 0 0 0 0 0 0 0 0 0 0 0 0 0 0 0 0 0 0 0 0 0 0 0 0 0 0 0 0 0 0 0 0 0 0 0 0 0 0 0 0 0 0 0 0 0 0 0 0 0 0 0 0 0 0 0 0 0 0 0 0 0 0 0 
0 0 0 0 0 0 0 0 0 0 0 0 0 0 0 0 0 0 0 0 0 0 0 0 0 0 0 0 0 0 0 0 0 0 0 0 0 0 0 0 0 0 0 0 0 0 0 0 0 0 0 0 0 0 0 0 0 0 0 0 0 0 0 0 0 0 0 0 0 0 0 0 0 0 0 0 0 0 0 0 0 0 0 0 0 0 0 0 0 0 0 0 0 0 0 0 0 0 0 0 0 0 0 0 0 0 0 0 0 0 0 0 0 0 0 0 0 0 
0 0.00390944 0.00392419 0.00390599 0.00393818 0.00394228 0.00412662 0.00425587 0.00475977 0.00617487 0.00510087 0.00727077 0.00577595 0.00732696 0.00823464 0.873371 0.0112111 0.0106158 0.0193794 0.0285483 0.0110645 0.0147581 0.00852691 0.00916929 0.00891933 0.00877708 0.0121963 0.00914677 0.0109382 0.0091846 0.00955234 0.0176444 0.00998298 0.00898725 0.0101266 0.00934844 0.0141502 0.0102306 0.00860899 0.0104204 0.00936402 0.0117614 0.0114529 0.00947233 0.0096376 0.0115341 0.00945645 0.0120443 0.00882109 0.0123148 0.00912628 0.0115756 0.00872233 0.00989874 0.0086774 0.00879676 0.00875415 0.00858544 0.00960944 0.00901511 0.0115632 0.00909684 0.0107135 0.00886117 0.0121313 0.0103748 0.00933675 0.0117801 0.00872699 0.00989275 0.00870701 0.00836395 0.008967 0.00878914 0.00987783 0.0110973 0.010758 
0.00390944 0 0.00388691 0.00388256 0.00387309 0.00389113 0.0039192 0.00400895 0.00463575 0.00510779 0.00938092 0.00596185 0.00789615 0.00913513 0.93561 0.0109584 0.00865519 0.0128567 0.0165112 0.0118056 0.0110709 0.00933329 0.0106842 0.00818442 0.00868953 0.0104475 0.00894408 0.0151606 0.00891714 0.009586 0.0117022 0.00917094 0.00936675 0.0105497 0.0094922 0.0129444 0.00892858 0.00873414 0.0104411 0.00876106 0.0173882 0.0129963 0.0108074 0.00844536 0.0132827 0.00928641 0.0174711 0.00962999 0.0157045 0.0101979 0.0184253 0.00914336 0.0117393 0.00941734 0.0110971 0.0102131 0.00865319 0.0108827 0.0100743 0.0184745 0.0103252 0.0184276 0.00973101 0.0169682 0.00926609 0.00996556 0.0114903 0.00885317 0.00901675 0.00877588 0.0084355 0.00902889 0.00875587 0.0115366 0.00943552 0.00996732 0.00834752 
0.00392419 0.00388691 0 0.00382723 0.00385367 0.00384734 0.00388855 0.00414466 0.00427131 0.00899633 0.00592615 0.0115415 0.00741049 0.940928 0.00988616 0.0104269 0.00888262 0.0141523 0.0116903 0.00929722 0.0084067 0.0217435 0.00813646 0.0108368 0.00988024 0.00905505 0.0189897 0.0087962 0.016874 0.0104579 0.00881792 0.0092138 0.00877714 0.00901389 0.0165012 0.00913038 0.00949279 0.00899044 0.00863783 0.0195151 0.0105225 0.0221441 0.00916842 0.00995971 0.00859137 0.0397832 0.00913187 0.0398979 0.00913813 0.0454454 0.00921632 0.0355899 0.00942027 0.0162763 0.013609 0.00909218 0.0166308 0.00896196 0.0286324 0.009871 0.0522795 0.0102636 0.0413465 0.0087471 0.0158428 0.0113367 0.00900518 0.00894206 0.00864789 0.00858213 0.00860928 0.00853269 0.0146672 0.0103206 0.0145541 0.00900257 0.00833144 
0.00390599 0.00388256 0.00382723 0 0.0038457 0.00388027 0.00384306 0.00387244 0.00481023 0.00434673 0.0149412 0.00610608 0.952806 0.0109539 0.0158826 0.0065392 0.00825855 0.011705 0.00907427 0.00793121 0.0121322 0.00815296 0.0150311 0.00802867 0.00962341 0.0127186 0.00828666 0.0235251 0.00845749 0.0100667 0.00950505 0.00824007 0.00902652 0.0120624 0.00900616 0.0123534 0.00835049 0.00857818 0.00978044 0.00855603 0.0352043 0.00972022 0.0102829 0.00828433 0.0148278 0.00868492 0.0516229 0.00908104 0.0468806 0.00884484 0.0382877 0.00907901 0.022244 0.00999501 0.00897129 0.0159308 0.00885155 0.0169307 0.00905092 0.0397209 0.00939794 0.059748 0.00944224 0.0190428 0.0089073 0.0121853 0.00900052 0.00854361 0.00865642 0.00853049 0.00837069 0.00949615 0.00873558 0.0207144 0.00871877 0.0104212 0.00816374 
0.00393818 0.00387309 0.00385367 0.0038457 0 0.00385384 0.00383399 0.00385289 0.00394943 0.0113047 0.00515617 0.951873 0.00722994 0.014479 0.00614388 0.0103253 0.00738787 0.00861339 0.00808749 0.0112601 0.00773451 0.0233122 0.00781826 0.0120523 0.00874062 0.00805556 0.0173504 0.00818792 0.0134356 0.00861807 0.0082191 0.00906841 0.00840107 0.00849489 0.0143569 0.00832446 0.00976588 0.00847764 0.00833416 0.0170391 0.00882276 0.0136833 0.00877256 0.00953104 0.00826314 0.0373538 0.00850541 0.0457016 0.00843339 0.0386587 0.008575 0.029842 0.00871069 0.0107146 0.011992 0.00835083 0.0130374 0.00846663 0.0244013 0.00856317 0.0455205 0.00891493 0.0350115 0.00835459 0.0117641 0.00981442 0.00849501 0.00879211 0.00835175 0.0084031 0.0085135 0.00828269 0.0154264 0.00878541 0.0121433 0.00853398 0.00859463 
0.00394228 0.00389113 0.00384734 0.00388027 0.00385384 0 0.00382254 0.00385284 0.00444277 0.00433307 0.965823 0.00521556 0.00936912 0.00530118 0.00927233 0.00592873 0.00728567 0.00903102 0.00835599 0.0068225 0.0126616 0.0078926 0.0154429 0.00833669 0.00822474 0.0105857 0.00807402 0.0188081 0.00824371 0.00878629 0.00892039 0.00815599 0.00859551 0.00945067 0.00865145 0.00996066 0.00825789 0.00859622 0.00936878 0.00833696 0.0191857 0.00849963 0.00943198 0.00827365 0.0124842 0.00835381 0.0419816 0.00829464 0.0228343 0.00837382 0.0283551 0.00841636 0.0125163 0.0093294 0.00832463 0.0114431 0.00834671 0.0118537 0.00837841 0.0259322 0.0084589 0.0263386 0.00846855 0.0126427 0.00855768 0.0093565 0.0085417 0.00835169 0.00827898 0.00832816 0.00820663 0.00870029 0.0083582 0.0129091 0.00827101 0.00873871 0.00815464 
0.00412662 0.0039192 0.00388855 0.00384306 0.00383399 0.00382254 0 0.0038689 0.00393882 0.977258 0.00392919 0.00610816 0.00429842 0.00723477 0.0057884 0.00652764 0.00798394 0.0145692 0.0073952 0.00685853 0.00776651 0.0202046 0.00776738 0.00799853 0.00849761 0.00795164 0.0112212 0.00805584 0.00880713 0.00826237 0.00832652 0.00849847 0.00870283 0.00840758 0.00924719 0.00829555 0.00884375 0.00874257 0.00837452 0.00963158 0.00837358 0.0107239 0.0083714 0.00855862 0.00833729 0.0123538 0.00821987 0.0114561 0.00821443 0.0119991 0.00824096 0.00993332 0.00825959 0.00842151 0.00876512 0.00818433 0.00871009 0.00826625 0.0106524 0.00826102 0.0106679 0.00837418 0.00984423 0.00834826 0.0086673 0.00869982 0.00844631 0.0083877 0.00846307 0.00842076 0.00868666 0.00820903 0.00860846 0.00823992 0.00889713 0.00836902 0.00840334 
0.00425587 0.00400895 0.00414466 0.00387244 0.00385289 0.00385284 0.0038689 0 0.96005 0.00385458 0.00680096 0.0038754 0.0042685 0.00420589 0.00475899 0.0051244 0.0106118 0.00883409 0.00644058 0.00656047 0.0173712 0.00854354 0.00828113 0.0077622 0.00785957 0.00861259 0.00799749 0.00853793 0.0080922 0.00814372 0.00815884 0.00851338 0.00980678 0.0083337 0.00856304 0.00869433 0.00889105 0.010543 0.00838684 0.00824422 0.00879245 0.00827719 0.00909367 0.0087006 0.00912656 0.0083243 0.0102028 0.00822276 0.00962243 0.00838149 0.0089409 0.00833134 0.00842554 0.00833279 0.00823831 0.00836692 0.00812824 0.00859613 0.00830556 0.00900882 0.00828518 0.00943391 0.00827715 0.00840935 0.00833086 0.00900793 0.00843982 0.00850865 0.00885003 0.00871049 0.00872322 0.00832292 0.00811736 0.00838259 0.0081391 0.00869011 0.00908096 
0.00475977 0.00463575 0.00427131 0.00481023 0.00394943 0.00444277 0.00393882 0.96005 0 0.00422229 0.00384448 0.00376393 0.00401039 0.00380231 0.00508288 0.00409286 0.00650514 0.00713413 0.00651033 0.0134285 0.0178609 0.00793051 0.014905 0.00783166 0.00830947 0.00889756 0.00781734 0.012349 0.00811724 0.00896405 0.00909765 0.009844 0.00975181 0.00857878 0.00828774 0.0106422 0.00874798 0.0101312 0.00861229 0.00827428 0.0118696 0.00845162 0.0116248 0.00863863 0.0111523 0.00832199 0.0167557 0.00828635 0.0134731 0.00830312 0.0462565 0.00820835 0.00942461 0.00837823 0.00840623 0.00874948 0.00819795 0.00893194 0.0082728 0.011797 0.00825652 0.0125222 0.00821516 0.014075 0.00832984 0.00904564 0.00847523 0.0101641 0.00851053 0.00930633 0.00837533 0.00863276 0.00815572 0.0095859 0.00820555 0.0115176 0.00955771 
0.00617487 0.00510779 0.00899633 0.00434673 0.0113047 0.00433307 0.977258 0.00385458 0.00422229 0 0.00376876 0.00376816 0.00375637 0.00424523 0.00380408 0.0053545 0.00594136 0.00676597 0.00883861 0.00646852 0.00767143 0.0605359 0.00742607 0.0101019 0.00794511 0.00766637 0.0241886 0.00785872 0.0143503 0.00894675 0.00875929 0.0143887 0.00837536 0.00846221 0.0131259 0.00858297 0.0125412 0.00899244 0.00840665 0.016004 0.00851031 0.0200649 0.00974082 0.0103164 0.00849252 0.028356 0.00837621 0.0402149 0.00827304 0.125336 0.00834692 0.0273301 0.00827914 0.0115807 0.0101071 0.00828455 0.0104935 0.00828332 0.0213445 0.00834448 0.0323967 0.00832059 0.0376221 0.00839615 0.0185972 0.00886508 0.0090154 0.0100881 0.00832201 0.00845644 0.00886841 0.00822109 0.0119038 0.00823756 0.0164678 0.00849663 0.0111985 
0.00510087 0.00938092 0.00592615 0.0149412 0.00515617 0.965823 0.00392919 0.00680096 0.00384448 0.00376876 0 0.00374772 0.00379055 0.0037793 0.00393526 0.00376944 0.00584153 0.00806949 0.00713542 0.00752819 0.0340063 0.00770537 0.0233497 0.00779948 0.00839185 0.0140654 0.00782569 0.0331826 0.00816815 0.0106965 0.0117516 0.00818338 0.00926679 0.0106902 0.0084539 0.0141008 0.00822881 0.00904427 0.0108734 0.00833246 0.0565703 0.00868438 0.0125286 0.00840843 0.0251603 0.00846469 0.0977552 0.00843107 0.199068 0.00859193 0.0715107 0.00846597 0.034882 0.00973452 0.00862423 0.0180602 0.00853739 0.0235839 0.00873706 0.0626619 0.00871834 0.109484 0.00854091 0.0312191 0.00846215 0.0108565 0.00908494 0.00855097 0.00859771 0.00849897 0.00832517 0.0109958 0.00830477 0.0403145 0.00838561 0.0133756 0.00824637 
0.00727077 0.00596185 0.0115415 0.00610608 0.951873 0.00521556 0.00610816 0.0038754 0.00376393 0.00376816 0.00374772 0 0.0037384 0.00377154 0.00376877 0.00385758 0.00455894 0.00713197 0.00612589 0.0186135 0.00673061 0.0329666 0.00705263 0.0120086 0.00836257 0.00764539 0.027479 0.00796944 0.0285887 0.00884254 0.00859283 0.010073 0.00844343 0.0084126 0.0180515 0.00841479 0.0174515 0.00862352 0.00837317 0.0295837 0.00898649 0.0342982 0.00892788 0.0103112 0.00838304 0.0673889 0.0086967 0.207527 0.00854397 0.0832342 0.00867348 0.0713837 0.00872657 0.0122452 0.0142957 0.00845448 0.0211156 0.00848409 0.0413632 0.0087239 0.102816 0.00884475 0.0826146 0.00853721 0.0194935 0.00948351 0.00885445 0.00884869 0.00849404 0.00846194 0.00901125 0.00827258 0.0274093 0.00872494 0.024491 0.00863683 0.00887695 
0.00577595 0.00789615 0.00741049 0.952806 0.00722994 0.00936912 0.00429842 0.0042685 0.00401039 0.00375637 0.00379055 0.0037384 0 0.00377131 0.00379518 0.00378446 0.0045162 0.0076357 0.017932 0.0350262 0.0200581 0.00697868 0.0149964 0.00731123 0.00778288 0.0137491 0.007654 0.0400788 0.0081596 0.0104125 0.0101405 0.00809537 0.00894932 0.00999451 0.00849441 0.0238241 0.0082097 0.00865969 0.011781 0.00834989 0.0698919 0.00860055 0.0107831 0.00834563 0.022057 0.00845776 0.201816 0.00836295 0.0617538 0.00860951 0.0773127 0.00859292 0.0250609 0.0101507 0.0087738 0.0196654 0.00859658 0.0193726 0.00858731 0.0653619 0.00866696 0.0737255 0.00855528 0.0234725 0.00866289 0.0120672 0.00895857 0.00861567 0.00851126 0.00847161 0.00830046 0.0138858 0.00843525 0.0310037 0.00848578 0.0113294 0.00821138 
0.00732696 0.00913513 0.940928 0.0109539 0.014479 0.00530118 0.00723477 0.00420589 0.00380231 0.00424523 0.0037793 0.00377154 0.00377131 0 0.00390626 0.00382167 0.00493734 0.0268055 0.120753 0.00902696 0.00646089 0.0244469 0.00708392 0.00981991 0.00950298 0.0078908 0.0635079 0.00814125 0.0181159 0.00885724 0.0082339 0.0113979 0.00843098 0.00838247 0.028613 0.00825878 0.0110035 0.00901107 0.00834346 0.031923 0.00879751 0.015174 0.00926203 0.0107878 0.00835081 0.129968 0.00853597 0.0838957 0.00851723 0.0727225 0.00865963 0.0494069 0.00884532 0.0122398 0.0161881 0.00845669 0.0162129 0.00858426 0.0473564 0.00871117 0.0750537 0.00880458 0.0648649 0.00849165 0.0174193 0.0100614 0.00898363 0.00901721 0.00847952 0.00849227 0.0102257 0.00830253 0.0252898 0.00876343 0.0143046 0.00854975 0.00929596 
0.00823464 0.93561 0.00988616 0.0158826 0.00614388 0.00927233 0.0057884 0.00475899 0.00508288 0.00380408 0.00393526 0.00376877 0.00379518 0.00390626 0 0.0037656 0.0161065 0.261734 0.00957556 0.00408252 0.0176828 0.00756966 0.0170689 0.00688385 0.00747257 0.0275507 0.00744363 0.0148302 0.00800914 0.00816509 0.0125229 0.00793338 0.00973498 0.0129456 0.00822637 0.0158707 0.00814778 0.0096004 0.012654 0.00836487 0.0213022 0.00903916 0.00901358 0.0084588 0.0707954 0.00843354 0.0383714 0.00844588 0.02537 0.00855616 0.0283717 0.00855054 0.0145787 0.0101761 0.00849956 0.0114375 0.00842587 0.0151159 0.00852988 0.0387605 0.00849858 0.0281461 0.00843557 0.0238158 0.00845597 0.00966129 0.0115028 0.00846653 0.00947176 0.00930918 0.00849253 0.0136097 0.00825256 0.0132517 0.0085014 0.0102632 0.00824617 
0.873371 0.0109584 0.0104269 0.0065392 0.0103253 0.00592873 0.00652764 0.0051244 0.00409286 0.0053545 0.00376944 0.00385758 0.00378446 0.00382167 0.0037656 0 0.18657 0.0162147 0.00420608 0.00428209 0.00640154 0.0261184 0.00633852 0.0104797 0.00865302 0.00710894 0.0124466 0.00746416 0.00846041 0.00801499 0.0076211 0.0109382 0.0156632 0.00830764 0.010901 0.00807803 0.0123228 0.0182735 0.00829426 0.0121223 0.00842278 0.00978576 0.0100803 0.023888 0.00846617 0.0199394 0.00842293 0.0154894 0.00827772 0.0193723 0.00839839 0.0130177 0.00834357 0.00875758 0.0094828 0.00823246 0.00899072 0.00841012 0.0125578 0.00841575 0.0159589 0.00837796 0.015075 0.00825533 0.0109961 0.0124408 0.00859634 0.00958127 0.0108004 0.00868768 0.0190222 0.00827241 0.00918883 0.00830901 0.00916371 0.00864827 0.0127788 
0.0112111 0.00865519 0.00888262 0.00825855 0.00738787 0.00728567 0.00798394 0.0106118 0.00650514 0.00594136 0.00584153 0.00455894 0.0045162 0.00493734 0.0161065 0.18657 0 0.00446923 0.00395613 0.0045735 0.00569036 0.00694909 0.007079 0.0318945 0.0100712 0.00708644 0.00755333 0.00781596 0.00807854 0.00813455 0.00831596 0.0177055 0.00879265 0.00850282 0.00837609 0.00959663 0.0131524 0.00973985 0.00875845 0.00891752 0.00958676 0.0105008 0.0140665 0.00898692 0.0102269 0.00993469 0.0102459 0.00977589 0.00968928 0.0100497 0.00980903 0.00953307 0.00874721 0.00895679 0.00849648 0.00876751 0.00840311 0.00868082 0.00881541 0.00925339 0.00979949 0.00988347 0.0102148 0.00930822 0.0116104 0.00948475 0.00959767 0.0170253 0.00868787 0.0134028 0.00857037 0.00843877 0.00844637 0.00881848 0.00933767 0.0152074 0.013578 
0.0106158 0.0128567 0.0141523 0.011705 0.00861339 0.00903102 0.0145692 0.00883409 0.00713413 0.00676597 0.00806949 0.00713197 0.0076357 0.0268055 0.261734 0.0162147 0.00446923 0 0.00499123 0.00380671 0.00510698 0.0123699 0.0418521 0.0157758 0.00640261 0.00746707 0.00710626 0.00981746 0.00810283 0.00803932 0.017338 0.00938491 0.00867794 0.0104489 0.00899209 0.01392 0.00920018 0.00931474 0.00977621 0.00910426 0.0143928 0.0121667 0.00921301 0.00883075 0.0115078 0.0096389 0.0126452 0.0101171 0.0114781 0.0097572 0.0129583 0.00945326 0.00996926 0.00990888 0.00925901 0.00941735 0.0091054 0.00957643 0.00973031 0.0120654 0.0107201 0.0137153 0.00999016 0.0139695 0.00888221 0.0101521 0.015822 0.0102636 0.00928749 0.00893199 0.00841515 0.0086349 0.00864167 0.010474 0.0100552 0.0101539 0.00898957 
0.0193794 0.0165112 0.0116903 0.00907427 0.00808749 0.00835599 0.0073952 0.00644058 0.00651033 0.00883861 0.00713542 0.00612589 0.017932 0.120753 0.00957556 0.00420608 0.00395613 0.00499123 0 0.00378553 0.0050492 0.0385422 0.00681296 0.00496813 0.0048265 0.00561546 0.00633193 0.006491 0.00703096 0.00745351 0.00736299 0.00748804 0.00918982 0.00925314 0.00955013 0.00878627 0.00886132 0.0101967 0.00919142 0.00976557 0.0099896 0.0118016 0.00957671 0.00890049 0.0100819 0.0114255 0.0099164 0.0102436 0.00926414 0.0112178 0.00953576 0.0103874 0.00938329 0.00957685 0.0106 0.00875378 0.00960227 0.00899309 0.0113351 0.00996539 0.0123742 0.0103011 0.0127366 0.0106228 0.00995234 0.0111407 0.0116025 0.00946663 0.0105669 0.00977594 0.00895074 0.00925322 0.00899143 0.00963043 0.0107179 0.0107901 0.00869947 
0.0285483 0.0118056 0.00929722 0.00793121 0.0112601 0.0068225 0.00685853 0.00656047 0.0134285 0.00646852 0.00752819 0.0186135 0.0350262 0.00902696 0.00408252 0.00428209 0.0045735 0.00380671 0.00378553 0 0.0362906 0.00682369 0.00412429 0.00414242 0.00431761 0.00466519 0.00583977 0.00612755 0.0064807 0.00634976 0.00631616 0.00782748 0.0132812 0.00850802 0.00935599 0.00762412 0.0113479 0.0281936 0.00895829 0.00982072 0.00949552 0.0100096 0.011893 0.0133054 0.00994832 0.0112114 0.00953493 0.00991385 0.00884111 0.0106642 0.00892731 0.0103798 0.00907045 0.00946625 0.00941344 0.00928361 0.00907181 0.00997651 0.0102604 0.0105366 0.0111707 0.00973337 0.00998937 0.00928239 0.0117529 0.0149113 0.00955595 0.0100552 0.0158153 0.0122893 0.0148304 0.00889749 0.0093588 0.00911953 0.00887459 0.0102487 0.0128154 
0.0110645 0.0110709 0.0084067 0.0121322 0.00773451 0.0126616 0.00776651 0.0173712 0.0178609 0.00767143 0.0340063 0.00673061 0.0200581 0.00646089 0.0176828 0.00640154 0.00569036 0.00510698 0.0050492 0.0362906 0 0.00384327 0.00394627 0.00380205 0.00381998 0.0045408 0.00386 0.00529035 0.00420999 0.00474023 0.00723711 0.00768944 0.00982581 0.00829241 0.00742794 0.017554 0.00804718 0.0112418 0.00971303 0.00802735 0.017772 0.00873109 0.0142884 0.0089705 0.0161174 0.00827723 0.0299326 0.00820414 0.0277901 0.00839121 0.0260568 0.00830837 0.0142171 0.00919866 0.00885176 0.0117038 0.00848509 0.0120453 0.00851993 0.0202526 0.00854073 0.0248799 0.00846926 0.0258492 0.00913389 0.0110374 0.0104219 0.0114898 0.0110195 0.0107761 0.00880486 0.00994653 0.00837498 0.0130542 0.00849897 0.0251071 0.0103495 
0.0147581 0.00933329 0.0217435 0.00815296 0.0233122 0.0078926 0.0202046 0.00854354 0.00793051 0.0605359 0.00770537 0.0329666 0.00697868 0.0244469 0.00756966 0.0261184 0.00694909 0.0123699 0.0385422 0.00682369 0.00384327 0 0.00375059 0.00376703 0.00379981 0.00378453 0.00551078 0.00391938 0.0050885 0.00495729 0.00558204 0.00920716 0.00670353 0.00738271 0.0189579 0.00768037 0.0134058 0.00986904 0.00812132 0.0190513 0.00821127 0.0242823 0.0100367 0.011502 0.00825091 0.0389295 0.00826506 0.0527543 0.00828526 0.0517561 0.00840057 0.0352057 0.00838697 0.010622 0.013037 0.00830323 0.0133018 0.00840209 0.0229811 0.00847967 0.049132 0.00856652 0.0648434 0.00846406 0.0139428 0.0093183 0.010213 0.00963209 0.00867646 0.00862275 0.0109855 0.00826367 0.0165979 0.00831175 0.0253209 0.00874299 0.0117771 
0.00852691 0.0106842 0.00813646 0.0150311 0.00781826 0.0154429 0.00776738 0.00828113 0.014905 0.00742607 0.0233497 0.00705263 0.0149964 0.00708392 0.0170689 0.00633852 0.007079 0.0418521 0.00681296 0.00412429 0.00394627 0.00375059 0 0.00373864 0.00374824 0.00400622 0.00379788 0.00484126 0.0039044 0.00449076 0.00471319 0.00466102 0.00661302 0.00724214 0.0072187 0.0106084 0.00683554 0.00803815 0.00868821 0.00777387 0.0191518 0.00818014 0.00923974 0.00793936 0.0134012 0.00806607 0.0289622 0.0080942 0.0283121 0.00823637 0.0279953 0.00813517 0.0131909 0.00873728 0.00815821 0.0114241 0.00819821 0.0128455 0.0083646 0.0245911 0.00835473 0.0594661 0.00836654 0.0148256 0.00832238 0.00917049 0.00875066 0.00833076 0.00834241 0.00824529 0.00824936 0.00900524 0.00821221 0.0259267 0.00823327 0.00867736 0.00824319 
0.00916929 0.00818442 0.0108368 0.00802867 0.0120523 0.00833669 0.00799853 0.0077622 0.00783166 0.0101019 0.00779948 0.0120086 0.00731123 0.00981991 0.00688385 0.0104797 0.0318945 0.0157758 0.00496813 0.00414242 0.00380205 0.00376703 0.00373864 0 0.00373143 0.00376256 0.00398123 0.00377608 0.00439598 0.00396024 0.0040725 0.00424373 0.00636721 0.00657131 0.00845645 0.00655146 0.00757363 0.00803446 0.00769545 0.0119426 0.00815407 0.0133878 0.00827651 0.00812809 0.00800332 0.0126182 0.00831682 0.0163473 0.00820537 0.013683 0.00835719 0.0105519 0.00827077 0.00839668 0.00902496 0.00816963 0.00946675 0.00824695 0.0101108 0.00844292 0.0255334 0.00881157 0.0135705 0.00846427 0.00897809 0.00852989 0.00831964 0.00830858 0.00818021 0.00820899 0.00847426 0.00818849 0.019481 0.00831067 0.00851749 0.008346 0.00823811 
0.00891933 0.00868953 0.00988024 0.00962341 0.00874062 0.00822474 0.00849761 0.00785957 0.00830947 0.00794511 0.00839185 0.00836257 0.00778288 0.00950298 0.00747257 0.00865302 0.0100712 0.00640261 0.0048265 0.00431761 0.00381998 0.00379981 0.00374824 0.00373143 0 0.00374567 0.00374795 0.00379209 0.00380445 0.00393236 0.00378587 0.0039195 0.00606742 0.00663278 0.00673134 0.00641672 0.00654892 0.00760238 0.00823111 0.00853692 0.00897193 0.00838525 0.0083934 0.00779582 0.00893854 0.00924454 0.0134044 0.00883578 0.00897676 0.00902854 0.00963971 0.00893372 0.00849845 0.0088659 0.00835181 0.00883634 0.00838598 0.00848666 0.00888653 0.0191068 0.0095175 0.00987891 0.00979788 0.00880184 0.00869089 0.00866315 0.00868553 0.00839763 0.00827018 0.00835091 0.00829384 0.0091097 0.00848884 0.00881596 0.00854022 0.00842474 0.00826804 
0.00877708 0.0104475 0.00905505 0.0127186 0.00805556 0.0105857 0.00795164 0.00861259 0.00889756 0.00766637 0.0140654 0.00764539 0.0137491 0.0078908 0.0275507 0.00710894 0.00708644 0.00746707 0.00561546 0.00466519 0.0045408 0.00378453 0.00400622 0.00376256 0.00374567 0 0.00369251 0.00380208 0.0037821 0.00380656 0.00475169 0.00384107 0.00639688 0.00700321 0.00640056 0.0106451 0.0075385 0.00905711 0.0101224 0.00808068 0.0116318 0.00810609 0.00832675 0.00856477 0.00986655 0.00812597 0.0173392 0.00808747 0.0149495 0.0082422 0.0155629 0.00811619 0.0113622 0.00852311 0.00842601 0.00965598 0.00825465 0.00982566 0.00918436 0.0150579 0.00869143 0.0192385 0.00852833 0.0125401 0.00844727 0.00927487 0.00848846 0.00849577 0.00834217 0.00834636 0.00844161 0.00859681 0.00836433 0.01263 0.00832517 0.00916392 0.00818707 
0.0121963 0.00894408 0.0189897 0.00828666 0.0173504 0.00807402 0.0112212 0.00799749 0.00781734 0.0241886 0.00782569 0.027479 0.007654 0.0635079 0.00744363 0.0124466 0.00755333 0.00710626 0.00633193 0.00583977 0.00386 0.00551078 0.00379788 0.00398123 0.00374795 0.00369251 0 0.00373834 0.00372851 0.00403284 0.00371701 0.00436614 0.00565065 0.00619374 0.00942283 0.00606128 0.0347008 0.00999005 0.00763345 0.0144276 0.00769467 0.0104985 0.00935851 0.00891452 0.00792587 0.0257399 0.00806935 0.0311162 0.00807678 0.0288268 0.00815391 0.0221502 0.00819992 0.00929222 0.0104872 0.00824525 0.0109047 0.008457 0.0169811 0.00840068 0.0341454 0.00858963 0.0374351 0.00829243 0.0126412 0.00894399 0.0087067 0.00933921 0.00827473 0.00839677 0.00872117 0.00823422 0.0151645 0.0083509 0.0110012 0.00845238 0.00982184 
0.00914677 0.0151606 0.0087962 0.0235251 0.00818792 0.0188081 0.00805584 0.00853793 0.012349 0.00785872 0.0331826 0.00796944 0.0400788 0.00814125 0.0148302 0.00746416 0.00781596 0.00981746 0.006491 0.00612755 0.00529035 0.00391938 0.00484126 0.00377608 0.00379209 0.00380208 0.00373834 0 0.00375776 0.00375127 0.00419377 0.00385056 0.00661848 0.00710101 0.00635553 0.0384239 0.021596 0.00772696 0.00897854 0.00750507 0.0188123 0.00811254 0.00873862 0.00810194 0.0144729 0.00800064 0.0386172 0.00806973 0.0246887 0.00827179 0.0258013 0.00814344 0.0142064 0.00877807 0.00831127 0.0122306 0.00888782 0.01283 0.00841519 0.0272097 0.00848746 0.0475606 0.00850441 0.0180117 0.0084338 0.0095182 0.00871644 0.00853619 0.00848191 0.00846066 0.00837848 0.0094147 0.008374 0.0180831 0.0084401 0.00912874 0.00828507 
0.0109382 0.00891714 0.016874 0.00845749 0.0134356 0.00824371 0.00880713 0.0080922 0.00811724 0.0143503 0.00816815 0.0285887 0.0081596 0.0181159 0.00800914 0.00846041 0.00807854 0.00810283 0.00703096 0.0064807 0.00420999 0.0050885 0.0039044 0.00439598 0.00380445 0.0037821 0.00372851 0.00375776 0 0.0037702 0.00375933 0.0038642 0.00546261 0.00622614 0.0236621 0.0521395 0.0133549 0.00794083 0.00731553 0.0109396 0.00815355 0.00974107 0.00843389 0.00839257 0.00801751 0.0207885 0.00850647 0.0185335 0.00820495 0.0157721 0.00842702 0.0127891 0.00828447 0.00880987 0.00951117 0.00876755 0.00911704 0.0083072 0.0127956 0.00864318 0.0225972 0.00925677 0.0190914 0.00850975 0.00963895 0.00893952 0.00866843 0.00860469 0.00828324 0.00826101 0.00880093 0.00825874 0.011336 0.00860288 0.00936489 0.00845624 0.00870952 
0.0091846 0.009586 0.0104579 0.0100667 0.00861807 0.00878629 0.00826237 0.00814372 0.00896405 0.00894675 0.0106965 0.00884254 0.0104125 0.00885724 0.00816509 0.00801499 0.00813455 0.00803932 0.00745351 0.00634976 0.00474023 0.00495729 0.00449076 0.00396024 0.00393236 0.00380656 0.00403284 0.00375127 0.0037702 0 0.00378991 0.00376902 0.00526202 0.0116696 0.0596645 0.0270456 0.00576879 0.00726719 0.00738601 0.0101429 0.0135371 0.00892361 0.00823748 0.00813624 0.00936704 0.010025 0.00994036 0.00966795 0.00993309 0.0094256 0.0103145 0.00907562 0.00878254 0.00878853 0.0100411 0.00847674 0.00850814 0.00909489 0.00899621 0.0109546 0.0101233 0.0115608 0.0112441 0.00918892 0.00868024 0.00889426 0.00862904 0.00861378 0.00833378 0.00835002 0.00844677 0.00842752 0.00876743 0.00949206 0.00855482 0.00861285 0.00854144 
0.00955234 0.0117022 0.00881792 0.00950505 0.0082191 0.00892039 0.00832652 0.00815884 0.00909765 0.00875929 0.0117516 0.00859283 0.0101405 0.0082339 0.0125229 0.0076211 0.00831596 0.017338 0.00736299 0.00631616 0.00723711 0.00558204 0.00471319 0.0040725 0.00378587 0.00475169 0.00371701 0.00419377 0.00375933 0.00378991 0 0.0038099 0.00635881 0.112837 0.0251375 0.0118294 0.00533571 0.00769437 0.00982355 0.00716558 0.011091 0.00793186 0.0087455 0.00838735 0.0121867 0.00820575 0.0110836 0.00823056 0.0102117 0.00842328 0.0111789 0.00823085 0.00882795 0.00907916 0.00821747 0.00849015 0.00822231 0.00869245 0.00837283 0.0109782 0.00850913 0.0125744 0.00850934 0.0111835 0.00832171 0.00892637 0.00985792 0.00831685 0.00883947 0.00867685 0.00859332 0.00920136 0.00832466 0.00939108 0.00859054 0.00902156 0.00838738 
0.0176444 0.00917094 0.0092138 0.00824007 0.00906841 0.00815599 0.00849847 0.00851338 0.009844 0.0143887 0.00818338 0.010073 0.00809537 0.0113979 0.00793338 0.0109382 0.0177055 0.00938491 0.00748804 0.00782748 0.00768944 0.00920716 0.00466102 0.00424373 0.0039195 0.00384107 0.00436614 0.00385056 0.0038642 0.00376902 0.0038099 0 0.0664874 0.0156283 0.00922592 0.00514796 0.00793814 0.0177165 0.00671707 0.00842262 0.00721245 0.0110846 0.0224187 0.0126356 0.00817621 0.0126952 0.00833618 0.0115033 0.00810713 0.0123932 0.00835717 0.010761 0.00827539 0.00846074 0.00889068 0.00812449 0.0084275 0.00827858 0.00951722 0.00845347 0.0119437 0.00862316 0.0122536 0.00837465 0.0102337 0.0114145 0.00845346 0.0098055 0.0102527 0.00924632 0.0150368 0.00843284 0.00904854 0.00835077 0.00897544 0.00897027 0.0133441 
0.00998298 0.00936675 0.00877714 0.00902652 0.00840107 0.00859551 0.00870283 0.00980678 0.00975181 0.00837536 0.00926679 0.00844343 0.00894932 0.00843098 0.00973498 0.0156632 0.00879265 0.00867794 0.00918982 0.0132812 0.00982581 0.00670353 0.00661302 0.00636721 0.00606742 0.00639688 0.00565065 0.00661848 0.00546261 0.00526202 0.00635881 0.0664874 0 0.00378258 0.00378612 0.00567281 0.00429675 0.00466233 0.0051239 0.00602345 0.0503212 0.5591 0.0324697 0.00641571 0.00700256 0.00704333 0.00878461 0.00844462 0.00864515 0.00794023 0.00981841 0.00815556 0.00811839 0.00860011 0.00799931 0.00858517 0.00804574 0.0115204 0.00836914 0.00987926 0.00869588 0.0107726 0.00864282 0.00950013 0.00958987 0.00940018 0.00942473 0.0131333 0.00870589 0.0125964 0.00878739 0.0087519 0.00843117 0.00906631 0.00952585 0.0131739 0.0103262 
0.00898725 0.0105497 0.00901389 0.0120624 0.00849489 0.00945067 0.00840758 0.0083337 0.00857878 0.00846221 0.0106902 0.0084126 0.00999451 0.00838247 0.0129456 0.00830764 0.00850282 0.0104489 0.00925314 0.00850802 0.00829241 0.00738271 0.00724214 0.00657131 0.00663278 0.00700321 0.00619374 0.00710101 0.00622614 0.0116696 0.112837 0.0156283 0.00378258 0 0.0111857 0.00416851 0.0037715 0.00597166 0.00531884 0.0487414 0.727707 0.0172069 0.00640381 0.0060916 0.00756462 0.00720407 0.0124502 0.00769722 0.00982088 0.00824952 0.0103422 0.00799508 0.00866274 0.00803532 0.00826138 0.00836805 0.00804879 0.00846194 0.00823944 0.0100173 0.00845127 0.0124934 0.00842416 0.0109538 0.00827445 0.00878388 0.00994853 0.00856396 0.00881984 0.00852633 0.00851234 0.0088313 0.0084563 0.0110507 0.00862546 0.00915795 0.00852926 
0.0101266 0.0094922 0.0165012 0.00900616 0.0143569 0.00865145 0.00924719 0.00856304 0.00828774 0.0131259 0.0084539 0.0180515 0.00849441 0.028613 0.00822637 0.010901 0.00837609 0.00899209 0.00955013 0.00935599 0.00742794 0.0189579 0.0072187 0.00845645 0.00673134 0.00640056 0.00942283 0.00635553 0.0236621 0.0596645 0.0251375 0.00922592 0.00378612 0.0111857 0 0.0037384 0.00375789 0.00431829 0.0571528 0.799683 0.0148401 0.00686332 0.0059967 0.00744101 0.00630311 0.027325 0.00719915 0.0212398 0.00731728 0.018682 0.00782695 0.0141591 0.0078698 0.00941124 0.00883215 0.00805966 0.00917073 0.00815089 0.0107208 0.00843094 0.0195736 0.00869772 0.0264144 0.00849908 0.0107411 0.00930987 0.00887752 0.00959887 0.00847308 0.00869195 0.00898787 0.00828879 0.0165509 0.0087552 0.0109345 0.00876652 0.00880974 
0.00934844 0.0129444 0.00913038 0.0123534 0.00832446 0.00996066 0.00829555 0.00869433 0.0106422 0.00858297 0.0141008 0.00841479 0.0238241 0.00825878 0.0158707 0.00807803 0.00959663 0.01392 0.00878627 0.00762412 0.017554 0.00768037 0.0106084 0.00655146 0.00641672 0.0106451 0.00606128 0.0384239 0.0521395 0.0270456 0.0118294 0.00514796 0.00567281 0.00416851 0.0037384 0 0.00374483 0.00887577 0.796981 0.00638464 0.0110977 0.00514099 0.00556776 0.00637671 0.0275344 0.00634128 0.0125499 0.00657678 0.0104938 0.00702295 0.013437 0.00729018 0.00965107 0.00784291 0.00785356 0.0086157 0.00783953 0.00918692 0.00816914 0.0156978 0.00821741 0.018687 0.00826862 0.017718 0.00829022 0.00939569 0.0115688 0.00881104 0.00980255 0.0100543 0.00854745 0.0127006 0.00833004 0.0115718 0.00883453 0.0102998 0.00843861 
0.0141502 0.00892858 0.00949279 0.00835049 0.00976588 0.00825789 0.00884375 0.00889105 0.00874798 0.0125412 0.00822881 0.0174515 0.0082097 0.0110035 0.00814778 0.0123228 0.0131524 0.00920018 0.00886132 0.0113479 0.00804718 0.0134058 0.00683554 0.00757363 0.00654892 0.0075385 0.0347008 0.021596 0.0133549 0.00576879 0.00533571 0.00793814 0.00429675 0.0037715 0.00375789 0.00374483 0 0.920011 0.00422747 0.00862433 0.00382664 0.00480231 0.00563165 0.0101534 0.00573587 0.0177919 0.00610335 0.00870845 0.00649215 0.0124522 0.00709906 0.0132689 0.00710292 0.00747358 0.00809389 0.00749557 0.00785661 0.00779581 0.00963047 0.00819486 0.012432 0.00814027 0.0133184 0.00809425 0.0135943 0.0107915 0.0085426 0.0110233 0.0101061 0.0094532 0.016572 0.008309 0.00990181 0.00832112 0.00907421 0.00981294 0.0125858 
0.0102306 0.00873414 0.00899044 0.00857818 0.00847764 0.00859622 0.00874257 0.010543 0.0101312 0.00899244 0.00904427 0.00862352 0.00865969 0.00901107 0.0096004 0.0182735 0.00973985 0.00931474 0.0101967 0.0281936 0.0112418 0.00986904 0.00803815 0.00803446 0.00760238 0.00905711 0.00999005 0.00772696 0.00794083 0.00726719 0.00769437 0.0177165 0.00466233 0.00597166 0.00431829 0.00887577 0.920011 0 0.00384838 0.00378773 0.00380638 0.00388883 0.00460936 0.00432505 0.00486957 0.00574965 0.00925277 0.0102776 0.0306793 0.00997948 0.00754876 0.00746017 0.00811098 0.00796231 0.00739208 0.00849827 0.0076537 0.00811111 0.00851868 0.00908067 0.00944924 0.0100517 0.0102919 0.00934836 0.0128722 0.00917651 0.00985816 0.0167293 0.00913697 0.0128843 0.00938524 0.00880141 0.00880087 0.00930155 0.00995656 0.0151841 0.0137899 
0.00860899 0.0104411 0.00863783 0.00978044 0.00833416 0.00936878 0.00837452 0.00838684 0.00861229 0.00840665 0.0108734 0.00837317 0.011781 0.00834346 0.012654 0.00829426 0.00875845 0.00977621 0.00919142 0.00895829 0.00971303 0.00812132 0.00868821 0.00769545 0.00823111 0.0101224 0.00763345 0.00897854 0.00731553 0.00738601 0.00982355 0.00671707 0.0051239 0.00531884 0.0571528 0.796981 0.00422747 0.00384838 0 0.00375268 0.00379584 0.00384982 0.00377888 0.00384321 0.00531336 0.00469994 0.00984069 0.0182984 0.00981312 0.00662204 0.00915126 0.00978394 0.00749086 0.00757062 0.00786333 0.00855762 0.00764657 0.00855486 0.00787331 0.0097342 0.00812616 0.0114317 0.0080272 0.0142978 0.00808045 0.00880158 0.00933469 0.00841463 0.00884926 0.00852788 0.00847309 0.00881323 0.00828143 0.0117863 0.0088372 0.0101877 0.00837957 
0.0104204 0.00876106 0.0195151 0.00855603 0.0170391 0.00833696 0.00963158 0.00824422 0.00827428 0.016004 0.00833246 0.0295837 0.00834989 0.031923 0.00836487 0.0121223 0.00891752 0.00910426 0.00976557 0.00982072 0.00802735 0.0190513 0.00777387 0.0119426 0.00853692 0.00808068 0.0144276 0.00750507 0.0109396 0.0101429 0.00716558 0.00842262 0.00602345 0.0487414 0.799683 0.00638464 0.00862433 0.00378773 0.00375268 0 0.00375047 0.00375504 0.00405397 0.00563922 0.00385077 0.0190715 0.00552943 0.0248094 0.00543107 0.0211616 0.00651934 0.0118235 0.00652431 0.00745605 0.00820359 0.00745324 0.00938861 0.00739021 0.0112597 0.00788089 0.0203509 0.00792816 0.0369367 0.00806406 0.0119821 0.00918267 0.00828294 0.00942338 0.00835573 0.00850649 0.00928159 0.00820686 0.0178547 0.00851972 0.0127776 0.00864124 0.0113973 
0.00936402 0.0173882 0.0105225 0.0352043 0.00882276 0.0191857 0.00837358 0.00879245 0.0118696 0.00851031 0.0565703 0.00898649 0.0698919 0.00879751 0.0213022 0.00842278 0.00958676 0.0143928 0.0099896 0.00949552 0.017772 0.00821127 0.0191518 0.00815407 0.00897193 0.0116318 0.00769467 0.0188123 0.00815355 0.0135371 0.011091 0.00721245 0.0503212 0.727707 0.0148401 0.0110977 0.00382664 0.00380638 0.00379584 0.00375047 0 0.00374367 0.0037661 0.00381793 0.00642903 0.00417798 0.0262334 0.0043098 0.0139968 0.00526172 0.0199069 0.00686036 0.00985852 0.00780748 0.00693937 0.0131425 0.00746461 0.0105987 0.00777232 0.0199699 0.00809902 0.0662935 0.00809068 0.0199328 0.0083493 0.00985654 0.00946609 0.0085694 0.00908806 0.00881432 0.00855343 0.0148918 0.00877331 0.043798 0.00866165 0.0112393 0.00848557 
0.0117614 0.0129963 0.0221441 0.00972022 0.0136833 0.00849963 0.0107239 0.00827719 0.00845162 0.0200649 0.00868438 0.0342982 0.00860055 0.015174 0.00903916 0.00978576 0.0105008 0.0121667 0.0118016 0.0100096 0.00873109 0.0242823 0.00818014 0.0133878 0.00838525 0.00810609 0.0104985 0.00811254 0.00974107 0.00892361 0.00793186 0.0110846 0.5591 0.0172069 0.00686332 0.00514099 0.00480231 0.00388883 0.00384982 0.00375504 0.00374367 0 0.00377486 0.0038168 0.0136927 0.0136187 0.00394749 0.00578378 0.00453381 0.00788704 0.00639204 0.0076752 0.00646367 0.00677021 0.00912079 0.0070725 0.00835478 0.00718396 0.0095202 0.00808154 0.0175748 0.00851989 0.0148796 0.00890839 0.0098355 0.00948004 0.0130797 0.0093681 0.0098259 0.00989844 0.0107598 0.00887417 0.0125403 0.00888147 0.0231507 0.010051 0.0101694 
0.0114529 0.0108074 0.00916842 0.0102829 0.00877256 0.00943198 0.0083714 0.00909367 0.0116248 0.00974082 0.0125286 0.00892788 0.0107831 0.00926203 0.00901358 0.0100803 0.0140665 0.00921301 0.00957671 0.011893 0.0142884 0.0100367 0.00923974 0.00827651 0.0083934 0.00832675 0.00935851 0.00873862 0.00843389 0.00823748 0.0087455 0.0224187 0.0324697 0.00640381 0.0059967 0.00556776 0.00563165 0.00460936 0.00377888 0.00405397 0.0037661 0.00377486 0 0.0251968 0.00454762 0.00407923 0.00413529 0.00440432 0.00455745 0.00488685 0.00603519 0.00665216 0.00655053 0.00936488 0.00796042 0.00768889 0.00705722 0.00765561 0.00785714 0.0109549 0.00911753 0.00969585 0.0100817 0.00920633 0.0117268 0.0127369 0.00824089 0.0116984 0.0102899 0.00957776 0.0139023 0.00898153 0.0091557 0.00936497 0.00874428 0.012437 0.012533 
0.00947233 0.00844536 0.00995971 0.00828433 0.00953104 0.00827365 0.00855862 0.0087006 0.00863863 0.0103164 0.00840843 0.0103112 0.00834563 0.0107878 0.0084588 0.023888 0.00898692 0.00883075 0.00890049 0.0133054 0.0089705 0.011502 0.00793936 0.00812809 0.00779582 0.00856477 0.00891452 0.00810194 0.00839257 0.00813624 0.00838735 0.0126356 0.00641571 0.0060916 0.00744101 0.00637671 0.0101534 0.00432505 0.00384321 0.00563922 0.00381793 0.0038168 0.0251968 0 0.00417693 0.00380429 0.00385919 0.00464831 0.00418328 0.00491338 0.00407263 0.00499273 0.00450022 0.00577809 0.00652995 0.00673634 0.00955027 0.0064552 0.008823 0.00725037 0.0116585 0.00833494 0.0121669 0.00795564 0.0284407 0.00792256 0.00798303 0.0119977 0.00828667 0.00944555 0.009302 0.00830753 0.00924497 0.008387 0.00974058 0.0100683 0.0119375 
0.0096376 0.0132827 0.00859137 0.0148278 0.00826314 0.0124842 0.00833729 0.00912656 0.0111523 0.00849252 0.0251603 0.00838304 0.022057 0.00835081 0.0707954 0.00846617 0.0102269 0.0115078 0.0100819 0.00994832 0.0161174 0.00825091 0.0134012 0.00800332 0.00893854 0.00986655 0.00792587 0.0144729 0.00801751 0.00936704 0.0121867 0.00817621 0.00700256 0.00756462 0.00630311 0.0275344 0.00573587 0.00486957 0.00531336 0.00385077 0.00642903 0.0136927 0.00454762 0.00417693 0 0.00371004 0.00390107 0.00372229 0.00408304 0.00377342 0.00523778 0.00403852 0.00638746 0.00497632 0.00541239 0.00701718 0.0061726 0.0100893 0.00679259 0.0119604 0.00735494 0.0203255 0.00744756 0.0367619 0.00777859 0.00949236 0.0108274 0.0104096 0.00955659 0.00879464 0.00895776 0.0129586 0.00831324 0.0178877 0.00870279 0.013332 0.00888 
0.0115341 0.00928641 0.0397832 0.00868492 0.0373538 0.00835381 0.0123538 0.0083243 0.00832199 0.028356 0.00846469 0.0673889 0.00845776 0.129968 0.00843354 0.0199394 0.00993469 0.0096389 0.0114255 0.0112114 0.00827723 0.0389295 0.00806607 0.0126182 0.00924454 0.00812597 0.0257399 0.00800064 0.0207885 0.010025 0.00820575 0.0126952 0.00704333 0.00720407 0.027325 0.00634128 0.0177919 0.00574965 0.00469994 0.0190715 0.00417798 0.0136187 0.00407923 0.00380429 0.00371004 0 0.0037555 0.00406168 0.00378528 0.00518336 0.00387392 0.0125881 0.00399545 0.00491196 0.00905843 0.00551751 0.010574 0.00624362 0.013108 0.00708904 0.0273035 0.00750329 0.0782029 0.00754619 0.0360449 0.00896827 0.0086736 0.0102772 0.00827287 0.00863472 0.011827 0.00822182 0.030337 0.00854303 0.0215195 0.00872333 0.0141533 
0.00945645 0.0174711 0.00913187 0.0516229 0.00850541 0.0419816 0.00821987 0.0102028 0.0167557 0.00837621 0.0977552 0.0086967 0.201816 0.00853597 0.0383714 0.00842293 0.0102459 0.0126452 0.0099164 0.00953493 0.0299326 0.00826506 0.0289622 0.00831682 0.0134044 0.0173392 0.00806935 0.0386172 0.00850647 0.00994036 0.0110836 0.00833618 0.00878461 0.0124502 0.00719915 0.0125499 0.00610335 0.00925277 0.00984069 0.00552943 0.0262334 0.00394749 0.00413529 0.00385919 0.00390107 0.0037555 0 0.00374205 0.00396839 0.00377819 0.00493089 0.00378065 0.00437473 0.00406072 0.00435966 0.0103817 0.00510629 0.00970438 0.00654888 0.0297959 0.00744412 0.0954023 0.00733664 0.0725916 0.00776237 0.00992238 0.00844562 0.00947754 0.00898834 0.00865288 0.00883891 0.0187799 0.00835633 0.0604885 0.00839521 0.0156048 0.0086139 
0.0120443 0.00962999 0.0398979 0.00908104 0.0457016 0.00829464 0.0114561 0.00822276 0.00828635 0.0402149 0.00843107 0.207527 0.00836295 0.0838957 0.00844588 0.0154894 0.00977589 0.0101171 0.0102436 0.00991385 0.00820414 0.0527543 0.0080942 0.0163473 0.00883578 0.00808747 0.0311162 0.00806973 0.0185335 0.00966795 0.00823056 0.0115033 0.00844462 0.00769722 0.0212398 0.00657678 0.00870845 0.0102776 0.0182984 0.0248094 0.0043098 0.00578378 0.00440432 0.00464831 0.00372229 0.00406168 0.00374205 0 0.00374141 0.00405235 0.0037955 0.00435028 0.00374773 0.00412227 0.00816164 0.00442197 0.0109583 0.00525267 0.0121143 0.00702538 0.0685305 0.00736471 0.0626854 0.00726791 0.0143441 0.00803646 0.00879426 0.0102045 0.00818825 0.00845174 0.011904 0.00815745 0.0433397 0.00844499 0.0210607 0.0086957 0.0135951 
