1KCZB
MKIVDVLCTPGLTGFYFDDQRAIKKGAGHDGFTYTGSTVTEGFTQVRQKGESISVLLVLEDGQVAHGDCAAVQYSGAGGRDPLFLAKDFIPVIEKEIAPKLIGREITNFKPMAEEFDKMTVNGNRLHTAIRYGITQAILDAVAKTRKVTMAEVIRDEYNPGAEINAVPVFAQSGDDRYDNVDKMIIKEADVLPHALINNVEEKLGLKGEKLLEYVKWLRDRIIKLRVREDYAPIFHIDVYGTIGAAFDVDIKAMADYIQTLAEAAKPFHLRIEGPMDVEDRQKQMEAMRDLRAELDGRGVDAELVADEWCNTVEDVKFFTDNKAGHMVQIKTPDLGGVNNIADAIMYCKANGMGAYCGGTXNETNRSAEVTTNIGMACGARQVLAKPGMGVDEGMMIVKNEMNRVLALVGRRK
CEEEEEEEEEECCCCEEECHHHHHHCCCEECCEECCCCCCCCCCCCEEECCEEEEEEEECCCCEEEEEECCCCCCCCCCCCCCCCHHHHHHHHHHHCHHHHCCCECCCHHHHHHHHHHCEECCEECCHHHHHHHHHHHHHHHHHHHCCCHHHHHHHHHCCCCCCCCCCEECCCCCCCCHHHHHHHHCCCCEEEECCCCCCCCCCCCCCHHHHHHHHHHHHHHHHHCCCCCCCCEEEEECCCHHHHHCCCCHHHHHHHHHHHHHHHCCCCEEEECCECCCCHHHHHHHHHHHHHHHHHHCCCEEEEECCCCCCHHHHHHHHHCCCCCEEEECHHHHCCCHHHHHHHHHHHHCCCEEEECCCCCCCHHHHHHHHHHHHHHCCCEEECCCCCCCHHHHHHHHHHHHHHHHHHHCCC
0 0 0 0 0 0 0 0 0 0 0 0 0 0 0 0 0 0 0 0 0 0 0 0 0 0 0 0 0 0 0 0 0 0 0 0 0 0 0 0 0 0 0 0 0 0 0 0 0 0 0 0 0 0 0 0 0 0 0 0 0 0 0 0 0 0 0 0 0 0 0 0 0 0 0 0 0 0 0 0 0 0 0 0 0 0 0 0 0 0 0 0 0 0 0 0 0 0 0 0 0 0 0 0 0 0 0 0 0 0 0 0 0 0 0 0 0 0 0 0 0 0 0 0 0 0 0 0 0 0 0 0 0 0 0 0 0 0 0 0 0 0 0 0 0 0 0 0 0 0 0 0 0 0 0 0 0 0 0 0 0 0 0 0 0 0 0 0 0 0 0 0 0 0 0 0 0 0 0 0 0 0 0 0 0 0 0 0 0 0 0 0 0 0 0 0 0 0 0 0 0 0 0 0 0 0 0 0 0 0 0 0 0 0 0 0 0 0 0 0 0 0 0 0 0 0 0 0 0 0 0 0 0 0 0 0 0 0 0 0 0 0 0 0 0 0 0 0 0 0 0 0 0 0 0 0 0 0 0 0 0 0 0 0 0 0 0 0 0 0 0 0 0 0 0 0 0 0 0 0 0 0 0 0 0 0 0 0 0 0 0 0 0 0 0 0 0 0 0 0 0 0 0 0 0 0 0 0 0 0 0 0 0 0 0 0 0 0 0 0 0 0 0 0 0 0 0 0 0 0 0 0 0 0 0 0 0 0 0 0 0 0 0 0 0 0 0 0 0 0 0 0 0 0 0 0 0 0 0 0 0 0 0 0 0 0 0 0 0 0 0 0 0 0 0 0 0 0 0 0 0 0 0 0 0 0 0 0 0 0 0 0 0 0 0 0 0 0 0 0 0 0 0 0 0 0 0 0 0 0 0 0 0 
0 0 0 0 0 0 0 0 0 0 0 0 0 0 0 0 0 0 0 0 0 0 0 0 0 0 0 0 0 0 0 0 0 0 0 0 0 0 0 0 0 0 0 0 0 0 0 0 0 0 0 0 0 0 0 0 0 0 0 0 0 0 0 0 0 0 0 0 0 0 0 0 0 0 0 0 0 0 0 0 0 0 0 0 0 0 0 0 0 0 0 0 0 0 0 0 0 0 0 0 0 0 0 0 0 0 0 0 0 0 0 0 0 0 0 0 0 0 0 0 0 0 0 0 0 0 0 0 0 0 0 0 0 0 0 0 0 0 0 0 0 0 0 0 0 0 0 0 0 0 0 0 0 0 0 0 0 0 0 0 0 0 0 0 0 0 0 0 0 0 0 0 0 0 0 0 0 0 0 0 0 0 0 0 0 0 0 0 0 0 0 0 0 0 0 0 0 0 0 0 0 0 0 0 0 0 0 0 0 0 0 0 0 0 0 0 0 0 0 0 0 0 0 0 0 0 0 0 0 0 0 0 0 0 0 0 0 0 0 0 0 0 0 0 0 0 0 0 0 0 0 0 0 0 0 0 0 0 0 0 0 0 0 0 0 0 0 0 0 0 0 0 0 0 0 0 0 0 0 0 0 0 0 0 0 0 0 0 0 0 0 0 0 0 0 0 0 0 0 0 0 0 0 0 0 0 0 0 0 0 0 0 0 0 0 0 0 0 0 0 0 0 0 0 0 0 0 0 0 0 0 0 0 0 0 0 0 0 0 0 0 0 0 0 0 0 0 0 0 0 0 0 0 0 0 0 0 0 0 0 0 0 0 0 0 0 0 0 0 0 0 0 0 0 0 0 0 0 0 0 0 0 0 0 0 0 0 0 0 0 0 0 0 0 0 0 0 0 0 0 0 0 0 0 0 0 0 0 0 0 0 0 0 
0 0.00406471 0.00389041 0.00394483 0.00385583 0.00454955 0.00392982 0.00768454 0.00491685 0.00959142 0.0374757 0.00889357 0.0690582 0.0171265 0.0144851 0.0262918 0.0136494 0.0379716 0.0102741 0.0289366 0.0418802 0.0116138 0.0322299 0.0156856 0.0316063 0.018629 0.0243802 0.0133864 0.0378538 0.0101147 0.0151798 0.0100469 0.0148099 0.0128991 0.0124056 0.0111581 0.00846549 0.00851495 0.00850359 0.00846675 0.00862369 0.00851821 0.00840236 0.00835416 0.00844583 0.00843821 0.00849679 0.00850842 0.00844954 0.00863664 0.00857063 0.00869958 0.00858781 0.00876046 0.00864327 0.00873609 0.00907234 0.00899069 0.00895431 0.0091766 0.00899624 0.00894049 0.00942934 0.00972264 0.00985736 0.00910346 0.00998117 0.00958622 0.0113746 0.0111055 0.0125748 
0.00406471 0 0.00395258 0.00384639 0.00388864 0.00385261 0.00413894 0.00405457 0.00629285 0.00440866 0.00777582 0.0342949 0.00651531 0.00977225 0.0119289 0.00960002 0.0157587 0.0105542 0.0210747 0.0094184 0.011251 0.0426938 0.0114911 0.0350942 0.019588 0.0324034 0.0126925 0.0148923 0.00930063 0.0195574 0.00955368 0.0237269 0.010176 0.0102746 0.00842133 0.00816748 0.0106361 0.00822116 0.00815199 0.00852241 0.00825901 0.00849016 0.0084069 0.00835697 0.00826618 0.00830906 0.00852872 0.0084851 0.00858991 0.00834818 0.00891652 0.00856464 0.00879359 0.00842594 0.00909953 0.00996231 0.00865695 0.00887341 0.00852037 0.00888495 0.00856182 0.00909518 0.00862241 0.00965999 0.00872614 0.0091332 0.00884735 0.0094184 0.0103693 0.0109118 0.0103166 
0.00389041 0.00395258 0 0.00385942 0.00383703 0.00384649 0.00386234 0.00484012 0.00386617 0.00398632 0.0114262 0.00713061 0.00637047 0.00832802 0.00809626 0.00894807 0.00835509 0.0119993 0.00893117 0.00896309 0.0102572 0.0121098 0.0285166 0.0275883 0.0358453 0.0316458 0.0112686 0.00906577 0.00945853 0.0101256 0.015575 0.0175797 0.0100945 0.00862565 0.00849308 0.00836955 0.0082606 0.00819195 0.00817121 0.00823459 0.00815132 0.00827898 0.00836001 0.00829894 0.00819948 0.00824622 0.00841277 0.00841556 0.00838875 0.008294 0.00843902 0.00851673 0.00856592 0.00838221 0.00837231 0.00854652 0.00860084 0.00869637 0.00859536 0.00851523 0.00852545 0.00869698 0.00873212 0.00864287 0.00858349 0.00873758 0.00879389 0.00872283 0.00915633 0.00934945 0.00948062 
0.00394483 0.00384639 0.00385942 0 0.0038444 0.00384258 0.00386808 0.00386199 0.00378884 0.00384434 0.0130566 0.00723811 0.00673069 0.00830089 0.00809084 0.00949144 0.0087303 0.0124962 0.0103114 0.0092857 0.0109154 0.012428 0.0586936 0.0264231 0.070786 0.0330619 0.0391111 0.00915975 0.0108215 0.0107159 0.0319956 0.0163403 0.0133342 0.00908309 0.00877951 0.00894897 0.0081874 0.00830283 0.00836855 0.00831017 0.00825175 0.00833989 0.00851801 0.00843789 0.00825903 0.00832732 0.00856599 0.00888322 0.00842266 0.00849898 0.00859378 0.00871794 0.00871091 0.00843192 0.00837038 0.0086776 0.00875052 0.00900468 0.00880425 0.00856979 0.00862665 0.00882778 0.0089901 0.00868124 0.00890996 0.00891271 0.00904453 0.00880863 0.00931915 0.00968733 0.00949804 
0.00385583 0.00388864 0.00383703 0.0038444 0 0.00384114 0.00384111 0.00377752 0.00375453 0.00380595 0.00710132 0.010361 0.0058553 0.00859752 0.00879271 0.00876478 0.0103102 0.0106544 0.0115556 0.00984407 0.0106924 0.0383316 0.0210474 0.127532 0.0348757 0.133337 0.014041 0.0127489 0.00914554 0.0290477 0.0160971 0.0471751 0.011091 0.0102263 0.00826301 0.00829344 0.00852392 0.00812112 0.00821043 0.00838139 0.00821902 0.00848601 0.00852914 0.00847895 0.00831293 0.00831609 0.00856798 0.00866273 0.00864359 0.008436 0.00861075 0.00863112 0.00861223 0.00843961 0.00851605 0.0086871 0.00868356 0.00884736 0.00876232 0.00870979 0.0085896 0.00876817 0.00887972 0.00898363 0.00855124 0.0088669 0.00897931 0.00899976 0.00922836 0.00967429 0.00955457 
0.00454955 0.00385261 0.00384649 0.00384258 0.00384114 0 0.00382847 0.00378622 0.0037717 0.00376916 0.00883516 0.00753161 0.00611096 0.00909561 0.00891355 0.00999117 0.009101 0.0126639 0.0125512 0.0110909 0.0124647 0.0137494 0.125615 0.0294147 0.170324 0.0482303 0.0317673 0.0102914 0.0118243 0.0122903 0.0513785 0.0245166 0.0328884 0.0100319 0.00850829 0.00849969 0.00829018 0.00810576 0.00825152 0.0083485 0.0082762 0.00843192 0.00872602 0.00874263 0.00838118 0.00837866 0.0086665 0.00899223 0.00866036 0.00848166 0.00876811 0.00872136 0.00871945 0.00849407 0.00839223 0.00889073 0.00886916 0.00907795 0.00891884 0.00875545 0.00879743 0.00902317 0.00914398 0.00880716 0.00857404 0.0093715 0.00931998 0.00904656 0.009171 0.00985369 0.00998442 
0.00392982 0.00413894 0.00386234 0.00386808 0.00384111 0.00382847 0 0.0037647 0.00377909 0.00375733 0.00917282 0.0100632 0.0192473 0.00832779 0.00851331 0.00918365 0.0100333 0.0112896 0.0107646 0.0110913 0.0126507 0.0343567 0.0210458 0.17165 0.0377495 0.0899123 0.0158628 0.0131396 0.00979308 0.0200717 0.0183574 0.0634861 0.0124771 0.0123675 0.00839105 0.00836116 0.00824722 0.00808779 0.00818121 0.0084247 0.00820724 0.00861899 0.00844982 0.00845513 0.00827219 0.00840461 0.00846475 0.00855702 0.00852541 0.00825583 0.00851607 0.00855093 0.00856326 0.00837018 0.00847218 0.00851568 0.0086339 0.00879096 0.00859781 0.0085076 0.00857084 0.00874715 0.00878851 0.00884114 0.00862254 0.00890788 0.00897308 0.00867345 0.00920722 0.00958847 0.00954446 
0.00768454 0.00405457 0.00484012 0.00386199 0.00377752 0.00378622 0.0037647 0 0.00374876 0.00374653 0.00532446 0.0135787 0.00846895 0.00733227 0.00786238 0.00860414 0.0085325 0.0102632 0.00987742 0.00942036 0.0105026 0.0110904 0.0532231 0.0216108 0.0397374 0.0227387 0.0144803 0.0089558 0.00869473 0.0101048 0.0183095 0.0144659 0.0123831 0.00873315 0.00816074 0.00817671 0.00818397 0.00804478 0.00813251 0.0082307 0.0081881 0.00824738 0.00839807 0.00827776 0.00814014 0.00824532 0.00841735 0.00852334 0.00830844 0.0082105 0.00848435 0.00850528 0.00854124 0.00833389 0.00832317 0.00846454 0.00850883 0.0088559 0.00854587 0.00846397 0.00844903 0.0086112 0.00865202 0.00853115 0.00838405 0.00858914 0.0086864 0.00854025 0.00877812 0.00913573 0.00891009 
0.00491685 0.00629285 0.00386617 0.00378884 0.00375453 0.0037717 0.00377909 0.00374876 0 0.00375291 0.0113286 0.0307059 0.00459853 0.00887889 0.00822069 0.0101809 0.00942478 0.0104357 0.0147779 0.00924811 0.0100162 0.0282673 0.0105397 0.0156012 0.0121577 0.0164025 0.0135776 0.00953828 0.00895763 0.0119431 0.00978701 0.0112448 0.0130694 0.00908065 0.00833278 0.00828513 0.00812123 0.00806918 0.00807509 0.00821253 0.00814588 0.0081866 0.00826965 0.00820221 0.00811247 0.00818706 0.00833289 0.00835185 0.0082548 0.00820503 0.00833547 0.00837254 0.00839612 0.00825588 0.00828363 0.00839608 0.00843412 0.00854996 0.00846875 0.00836397 0.00837197 0.00848822 0.00850056 0.00842447 0.00836908 0.00851747 0.00850535 0.00840123 0.00857661 0.00884521 0.00867684 
0.00959142 0.00440866 0.00398632 0.00384434 0.00380595 0.00376916 0.00375733 0.00374653 0.00375291 0 0.0372542 0.00683229 0.00610926 0.00896714 0.0105136 0.0140782 0.0147051 0.0139904 0.0104125 0.0156642 0.0375708 0.00983269 0.0109454 0.0110674 0.0132984 0.0109975 0.0142142 0.0172446 0.0124396 0.00953417 0.0096162 0.00966287 0.0124351 0.0156248 0.00942304 0.00884036 0.00844331 0.00840244 0.00850886 0.00840723 0.00824067 0.00832589 0.00818901 0.00816945 0.00825743 0.0082225 0.00830015 0.00832345 0.00827642 0.00817441 0.00838942 0.00839671 0.00841563 0.00837284 0.00861854 0.00857006 0.00846379 0.00847976 0.00845367 0.00851529 0.008457 0.00856956 0.0085481 0.00868797 0.00870075 0.00857118 0.00859884 0.00868487 0.00906074 0.00901109 0.00923133 
0.0374757 0.00777582 0.0114262 0.0130566 0.00710132 0.00883516 0.00917282 0.00532446 0.0113286 0.0372542 0 0.00394002 0.00415286 0.0182191 0.0183431 0.0266361 0.0141624 0.0263917 0.0099887 0.137169 0.0154904 0.0107676 0.0175147 0.012867 0.0183222 0.0138665 0.0169582 0.0183797 0.0135577 0.00944938 0.0120995 0.0104901 0.0111874 0.0175635 0.0123328 0.00882965 0.00899467 0.00825161 0.00879054 0.0081909 0.00871674 0.0084194 0.00820803 0.00826668 0.00857268 0.00818063 0.00846599 0.00837243 0.00836445 0.00842753 0.00844342 0.00849901 0.00846071 0.00876662 0.00869572 0.00852266 0.00850418 0.00865915 0.00852402 0.00919089 0.00852472 0.00857869 0.00872819 0.00967262 0.00883223 0.00868228 0.00888551 0.00926023 0.0093292 0.00960569 0.0108416 
0.00889357 0.0342949 0.00713061 0.00723811 0.010361 0.00753161 0.0100632 0.0135787 0.0307059 0.00683229 0.00394002 0 0.00415533 0.024481 0.0898588 0.0141833 0.0440106 0.00951763 0.348016 0.00998433 0.0110304 0.0234874 0.0109772 0.0181086 0.0133285 0.020097 0.0239358 0.0137046 0.00921506 0.0189188 0.00974285 0.0128387 0.018783 0.0117028 0.00878921 0.00874056 0.00897047 0.00827468 0.00841292 0.00854873 0.00843191 0.00849951 0.00851035 0.00852819 0.00836853 0.00836829 0.00853075 0.00845691 0.00868705 0.00837439 0.0085855 0.00862514 0.00870198 0.00852015 0.008484 0.00863243 0.00870203 0.00883787 0.00882068 0.00876798 0.00862648 0.00883136 0.00894769 0.00889677 0.00866806 0.0090591 0.0091491 0.00887243 0.00911032 0.0096809 0.00951777 
0.0690582 0.00651531 0.00637047 0.00673069 0.0058553 0.00611096 0.0192473 0.00846895 0.00459853 0.00610926 0.00415286 0.00415533 0 0.04039 0.0109596 0.0326993 0.00957398 0.16553 0.00861883 0.0214795 0.0215182 0.0103137 0.0149108 0.010317 0.0111515 0.0109457 0.0117235 0.0160922 0.0186181 0.00950075 0.0101521 0.0110837 0.0118488 0.0165671 0.0104883 0.00992301 0.00826949 0.00876115 0.00871011 0.0083991 0.00827727 0.00851869 0.00826126 0.00823806 0.00830227 0.00842786 0.00823422 0.00843796 0.00821441 0.00817378 0.00850665 0.0084127 0.00836221 0.00824042 0.00859825 0.00866336 0.0084652 0.00849482 0.00838639 0.00852954 0.00859291 0.00853586 0.0084682 0.00874322 0.0088759 0.00854318 0.00855605 0.00860337 0.00908669 0.00892799 0.00904104 
0.0171265 0.00977225 0.00832802 0.00830089 0.00859752 0.00909561 0.00832779 0.00733227 0.00887889 0.00896714 0.0182191 0.024481 0.04039 0 0.0130133 0.00845871 0.819433 0.00870956 0.0137035 0.0125423 0.0103502 0.00861897 0.00954224 0.00837921 0.00948462 0.00857576 0.0124886 0.012613 0.0106742 0.00856607 0.00862045 0.0082998 0.00932718 0.0112881 0.0122536 0.00877678 0.0086542 0.00834256 0.00866968 0.00808355 0.00832102 0.00809607 0.0080697 0.00807471 0.00824316 0.00807389 0.00816034 0.00816195 0.00819955 0.00814299 0.00814345 0.00825799 0.00819972 0.0083664 0.00824697 0.00828701 0.00830611 0.00824574 0.00831105 0.00853953 0.00830006 0.0083616 0.00838469 0.00858286 0.00839277 0.00837016 0.00835152 0.00853895 0.00859698 0.00877633 0.0091974 
0.0144851 0.0119289 0.00809626 0.00809084 0.00879271 0.00891355 0.00851331 0.00786238 0.00822069 0.0105136 0.0183431 0.0898588 0.0109596 0.0130133 0 0.87079 0.00404678 0.0104841 0.0155704 0.0113235 0.0098348 0.0104406 0.00843674 0.00915196 0.00862306 0.0095596 0.0103193 0.0148707 0.0092438 0.00878178 0.00843651 0.00888568 0.00885 0.0105463 0.00891884 0.00842066 0.0087778 0.00835672 0.0081821 0.00846056 0.00822938 0.00819636 0.00811529 0.00819332 0.00824353 0.0081734 0.00820384 0.00822417 0.00818591 0.00820562 0.00833486 0.00829216 0.00825285 0.0082671 0.00853272 0.00861252 0.00839784 0.00841787 0.00843634 0.00850066 0.00844273 0.00845544 0.00849203 0.008684 0.00855806 0.00847794 0.00848059 0.00858686 0.00885334 0.00888222 0.00885391 
0.0262918 0.00960002 0.00894807 0.00949144 0.00876478 0.00999117 0.00918365 0.00860414 0.0101809 0.0140782 0.0266361 0.0141833 0.0326993 0.00845871 0.87079 0 0.00424971 0.0157423 0.0452466 0.0375527 0.0149608 0.0113331 0.0117151 0.0103548 0.0118955 0.0110672 0.0265035 0.015309 0.0173701 0.00903911 0.00971827 0.00852052 0.0115319 0.0147742 0.0179125 0.0108896 0.0093728 0.00871193 0.00967499 0.00824868 0.00913905 0.00833664 0.00812548 0.00816313 0.00838237 0.00821787 0.00815056 0.00819344 0.00823263 0.00839023 0.00818768 0.00833867 0.00831299 0.00863773 0.00849678 0.00840307 0.00845156 0.00836991 0.00848038 0.00900545 0.00845141 0.00851416 0.00862597 0.00920253 0.00887914 0.00853816 0.00873411 0.009039 0.00919206 0.00933425 0.0105851 
0.0136494 0.0157587 0.00835509 0.0087303 0.0103102 0.009101 0.0100333 0.0085325 0.00942478 0.0147051 0.0141624 0.0440106 0.00957398 0.819433 0.00404678 0.00424971 0 0.032365 0.0256237 0.0267246 0.0140345 0.0147402 0.00919687 0.0139177 0.0104592 0.0121881 0.0114101 0.024702 0.0115593 0.0108981 0.00865691 0.00968347 0.00894359 0.0123406 0.0102576 0.00922987 0.0100507 0.00932657 0.00842152 0.0094935 0.00845236 0.00892721 0.00819223 0.00821042 0.00839553 0.00829018 0.0082903 0.00828931 0.0081968 0.00824772 0.00865775 0.00834599 0.00833381 0.00834513 0.00903552 0.00923239 0.00853237 0.00846718 0.0086076 0.00864529 0.00858503 0.0086233 0.00874332 0.00905623 0.00889765 0.00878207 0.00876356 0.00892678 0.00959695 0.00949887 0.00953762 
0.0379716 0.0105542 0.0119993 0.0124962 0.0106544 0.0126639 0.0112896 0.0102632 0.0104357 0.0139904 0.0263917 0.00951763 0.16553 0.00870956 0.0104841 0.0157423 0.032365 0 0.0038312 0.00392028 0.00482034 0.00766962 0.0759596 0.0159062 0.00926175 0.00815665 0.00929065 0.0146439 0.0201591 0.00928184 0.0118426 0.0086314 0.0102737 0.0188808 0.0145487 0.00961287 0.00956188 0.00843335 0.00948322 0.00846085 0.0092486 0.00843348 0.00815104 0.00821315 0.0089023 0.00819559 0.00824874 0.00835724 0.00825535 0.00840173 0.00824366 0.00833962 0.0083023 0.00843731 0.00832378 0.008353 0.00837517 0.00844493 0.00834043 0.00859014 0.00840386 0.0084282 0.00846462 0.00876694 0.00843156 0.0084028 0.00843158 0.00849217 0.00864758 0.00885079 0.0089624 
0.0102741 0.0210747 0.00893117 0.0103114 0.0115556 0.0125512 0.0107646 0.00987742 0.0147779 0.0104125 0.0099887 0.348016 0.00861883 0.0137035 0.0155704 0.0452466 0.0256237 0.0038312 0 0.00393602 0.00505681 0.0449194 0.0106575 0.00687446 0.00711835 0.00850843 0.0147397 0.00880797 0.00863101 0.0247314 0.00938628 0.0137583 0.0204807 0.0125316 0.00960521 0.00908638 0.00928614 0.00846638 0.00828769 0.00853108 0.00836853 0.00844975 0.00835555 0.00853315 0.0082466 0.00817014 0.00841349 0.00851664 0.00841207 0.00825675 0.0083342 0.00852181 0.00849506 0.00826657 0.00817051 0.00844345 0.00860417 0.00862107 0.00863889 0.0085984 0.00845598 0.0087303 0.00886423 0.00868556 0.00849735 0.0088212 0.00890594 0.00869587 0.00875322 0.00919224 0.00884049 
0.0289366 0.0094184 0.00896309 0.0092857 0.00984407 0.0110909 0.0110913 0.00942036 0.00924811 0.0156642 0.137169 0.00998433 0.0214795 0.0125423 0.0113235 0.0375527 0.0267246 0.00392028 0.00393602 0 0.0752153 0.0051419 0.00398677 0.00415884 0.00543454 0.00735609 0.00915254 0.00926636 0.0141142 0.00804763 0.0112741 0.0152559 0.0142487 0.0167292 0.0124264 0.0116076 0.00843614 0.0094501 0.00870629 0.00908907 0.00838123 0.00881516 0.00829079 0.00825148 0.00849347 0.00848632 0.00821618 0.00830324 0.00826446 0.00822133 0.0083933 0.00820327 0.00825773 0.00816784 0.00851735 0.00865644 0.00840188 0.0083856 0.0083865 0.00839896 0.0085876 0.0084377 0.00846428 0.00845646 0.00881006 0.00842762 0.00853592 0.00853533 0.00884811 0.00875335 0.00874168 
0.0418802 0.011251 0.0102572 0.0109154 0.0106924 0.0124647 0.0126507 0.0105026 0.0100162 0.0375708 0.0154904 0.0110304 0.0215182 0.0103502 0.0098348 0.0149608 0.0140345 0.00482034 0.00505681 0.0752153 0 0.00382667 0.00377441 0.00380259 0.00391274 0.00424032 0.00517766 0.00844591 0.0136286 0.00746467 0.009289 0.00817965 0.00938503 0.0626294 0.0533856 0.00970965 0.0111874 0.00872618 0.0100007 0.00864501 0.00935326 0.0085274 0.00826136 0.00831948 0.00896174 0.00816929 0.00832489 0.00839321 0.00840046 0.00861281 0.00832902 0.00836187 0.00838423 0.00876479 0.00843643 0.00838877 0.00843638 0.00847683 0.00851413 0.00910921 0.00843061 0.00848433 0.00859473 0.00934765 0.00847407 0.00853854 0.00854047 0.00888518 0.00872726 0.0089756 0.00959132 
0.0116138 0.0426938 0.0121098 0.012428 0.0383316 0.0137494 0.0343567 0.0110904 0.0282673 0.00983269 0.0107676 0.0234874 0.0103137 0.00861897 0.0104406 0.0113331 0.0147402 0.00766962 0.0449194 0.0051419 0.00382667 0 0.00377533 0.00380921 0.00384284 0.00423946 0.00573491 0.00479111 0.0070562 0.0132971 0.00827899 0.0114258 0.0126846 0.799704 0.0090027 0.00843919 0.0099097 0.00826277 0.00833189 0.00879943 0.00832986 0.008642 0.00871293 0.00858799 0.00846773 0.00831299 0.00867783 0.00857466 0.00851095 0.00822431 0.00841582 0.00846092 0.00845208 0.00834521 0.00824507 0.00849543 0.00847328 0.00871982 0.00851934 0.00869202 0.00840745 0.00857777 0.00873552 0.00863638 0.00838098 0.00867686 0.00880952 0.00863478 0.00857878 0.00913041 0.008972 
0.0322299 0.0114911 0.0285166 0.0586936 0.0210474 0.125615 0.0210458 0.0532231 0.0105397 0.0109454 0.0175147 0.0109772 0.0149108 0.00954224 0.00843674 0.0117151 0.00919687 0.0759596 0.0106575 0.00398677 0.00377441 0.00377533 0 0.00377879 0.00380655 0.00386954 0.00381509 0.00391301 0.0101447 0.00783696 0.01442 0.0119949 0.918641 0.0166339 0.0100543 0.0094905 0.00846913 0.00834338 0.00852554 0.00864243 0.00844745 0.00883653 0.0091833 0.00885256 0.00849687 0.00845883 0.00885234 0.00973196 0.00864055 0.0084689 0.00843381 0.00860226 0.00866505 0.00833828 0.0081968 0.00847053 0.00857467 0.00895651 0.00868828 0.00850687 0.00863292 0.00875662 0.00890267 0.00856294 0.00844029 0.00882007 0.00887629 0.00868101 0.008641 0.00920306 0.00896499 
0.0156856 0.0350942 0.0275883 0.0264231 0.127532 0.0294147 0.17165 0.0216108 0.0156012 0.0110674 0.012867 0.0181086 0.010317 0.00837921 0.00915196 0.0103548 0.0139177 0.0159062 0.00687446 0.00415884 0.00380259 0.00380921 0.00377879 0 0.00381447 0.00387937 0.00385973 0.00385301 0.00680462 0.0114001 0.013242 0.94667 0.0222438 0.0155789 0.00877835 0.00863794 0.00971893 0.00830716 0.00843703 0.00928873 0.00845543 0.00956091 0.00921285 0.0096 0.00875918 0.00842443 0.00987653 0.00947331 0.00932728 0.00853203 0.00856095 0.00869293 0.00870177 0.00829962 0.0082489 0.00871809 0.00865718 0.00917903 0.00870997 0.00856573 0.00867112 0.00901211 0.00895076 0.00857243 0.00847941 0.00903863 0.00894452 0.00861303 0.00888336 0.00928883 0.0089795 
0.0316063 0.019588 0.0358453 0.070786 0.0348757 0.170324 0.0377495 0.0397374 0.0121577 0.0132984 0.0183222 0.0133285 0.0111515 0.00948462 0.00862306 0.0118955 0.0104592 0.00926175 0.00711835 0.00543454 0.00391274 0.00384284 0.00380655 0.00381447 0 0.00382664 0.00394994 0.00380229 0.00851652 0.00963617 0.904645 0.0175689 0.0147873 0.0104285 0.0100885 0.00928552 0.00900761 0.00840295 0.00855362 0.00889726 0.00864494 0.00934375 0.00986611 0.00924261 0.00879415 0.00849175 0.00906197 0.0102393 0.00901682 0.00845792 0.00848851 0.00869496 0.00879526 0.00830803 0.00823427 0.00850461 0.00861439 0.00904211 0.00876231 0.0085836 0.0087164 0.0088403 0.00895258 0.00857632 0.00845792 0.00887472 0.00894321 0.00878316 0.00868983 0.00929683 0.0090247 
0.018629 0.0324034 0.0316458 0.0330619 0.133337 0.0482303 0.0899123 0.0227387 0.0164025 0.0109975 0.0138665 0.020097 0.0109457 0.00857576 0.0095596 0.0110672 0.0121881 0.00815665 0.00850843 0.00735609 0.00424032 0.00423946 0.00386954 0.00387937 0.00382664 0 0.00378299 0.00378311 0.00801444 0.880985 0.018712 0.0263138 0.00965026 0.0129062 0.0103348 0.00895182 0.00950529 0.00838258 0.00864026 0.00966961 0.00868278 0.00972511 0.00965513 0.00965621 0.00895705 0.00846917 0.0100879 0.0102483 0.00944842 0.00866245 0.0086816 0.00895926 0.00884722 0.00837715 0.0082988 0.00865644 0.00879985 0.00943304 0.00892639 0.00867523 0.0087363 0.0090536 0.00918456 0.00880993 0.008611 0.00904019 0.00919369 0.0088292 0.00883475 0.00950007 0.00912493 
0.0243802 0.0126925 0.0112686 0.0391111 0.014041 0.0317673 0.0158628 0.0144803 0.0135776 0.0142142 0.0169582 0.0239358 0.0117235 0.0124886 0.0103193 0.0265035 0.0114101 0.00929065 0.0147397 0.00915254 0.00517766 0.00573491 0.00381509 0.00385973 0.00394994 0.00378299 0 0.0038983 0.918634 0.0158517 0.0172084 0.0104464 0.0181472 0.0108473 0.0135929 0.0121628 0.0088693 0.00930231 0.00987817 0.00930688 0.00887341 0.00894681 0.00880654 0.0088393 0.00840297 0.00842667 0.00863323 0.00895147 0.00847956 0.00830059 0.00839183 0.00846753 0.00851318 0.00817954 0.00823019 0.00847555 0.00857785 0.00873843 0.00870482 0.00853941 0.00850357 0.00875514 0.00883954 0.00870447 0.00855447 0.00886442 0.00886498 0.0086207 0.00869904 0.00918835 0.00891232 
0.0133864 0.0148923 0.00906577 0.00915975 0.0127489 0.0102914 0.0131396 0.0089558 0.00953828 0.0172446 0.0183797 0.0137046 0.0160922 0.012613 0.0148707 0.015309 0.024702 0.0146439 0.00880797 0.00926636 0.00844591 0.00479111 0.00391301 0.00385301 0.00380229 0.00378311 0.0038983 0 0.0126105 0.00972887 0.00517487 0.0104227 0.00661685 0.0214556 0.0129538 0.0104895 0.0135896 0.0102188 0.00884655 0.0107059 0.00877034 0.0101228 0.0084117 0.00846432 0.00935325 0.00873389 0.00835667 0.008455 0.00838554 0.00833968 0.00878859 0.00834286 0.00831319 0.00836199 0.00913575 0.00929978 0.0085458 0.00850365 0.00849947 0.0087683 0.00873232 0.00869777 0.00863121 0.00900884 0.00911766 0.00871505 0.00881346 0.00899529 0.00923817 0.00922302 0.00937867 
0.0378538 0.00930063 0.00945853 0.0108215 0.00914554 0.0118243 0.00979308 0.00869473 0.00895763 0.0124396 0.0135577 0.00921506 0.0186181 0.0106742 0.0092438 0.0173701 0.0115593 0.0201591 0.00863101 0.0141142 0.0136286 0.0070562 0.0101447 0.00680462 0.00851652 0.00801444 0.918634 0.0126105 0 0.00392981 0.00379673 0.00377418 0.00384628 0.00452893 0.0524083 0.0141873 0.0107899 0.00889488 0.0102822 0.00871529 0.00924141 0.00910043 0.00824782 0.00834845 0.00887371 0.00816087 0.0081775 0.00829087 0.00832218 0.00844808 0.0082264 0.00827194 0.00829098 0.00849902 0.00829743 0.00828823 0.00834888 0.00832111 0.00835867 0.00872134 0.00833095 0.00835105 0.00839391 0.00891265 0.00841859 0.00836982 0.0084039 0.00853267 0.00855618 0.00865331 0.00898594 
0.0101147 0.0195574 0.0101256 0.0107159 0.0290477 0.0122903 0.0200717 0.0101048 0.0119431 0.00953417 0.00944938 0.0189188 0.00950075 0.00856607 0.00878178 0.00903911 0.0108981 0.00928184 0.0247314 0.00804763 0.00746467 0.0132971 0.00783696 0.0114001 0.00963617 0.880985 0.0158517 0.00972887 0.00392981 0 0.00379777 0.00378557 0.00378088 0.00430643 0.0107563 0.00878507 0.00953177 0.00834472 0.00843456 0.00869702 0.00826461 0.00884753 0.00887406 0.00861151 0.0083737 0.00824314 0.00873155 0.00871421 0.00854793 0.00826237 0.00832211 0.00843732 0.00842277 0.0082563 0.00817631 0.00839049 0.00840245 0.00862579 0.00841079 0.00840474 0.00840824 0.00849452 0.00857982 0.00851103 0.00838034 0.00852507 0.00857195 0.00849923 0.00854728 0.00886882 0.00857184 
0.0151798 0.00955368 0.015575 0.0319956 0.0160971 0.0513785 0.0183574 0.0183095 0.00978701 0.0096162 0.0120995 0.00974285 0.0101521 0.00862045 0.00843651 0.00971827 0.00865691 0.0118426 0.00938628 0.0112741 0.009289 0.00827899 0.01442 0.013242 0.904645 0.018712 0.0172084 0.00517487 0.00379673 0.00379777 0 0.00377517 0.00375709 0.00378526 0.010755 0.00934823 0.00845946 0.00821031 0.00847783 0.00856001 0.00841824 0.00864975 0.00877714 0.00877655 0.00859432 0.00825989 0.00864122 0.00909099 0.00853758 0.00837466 0.00826048 0.00841614 0.00840696 0.00828103 0.00811309 0.00833671 0.00839575 0.00864526 0.00837438 0.00837092 0.00834708 0.00845882 0.00853746 0.00855973 0.00831389 0.0084791 0.00845167 0.00839391 0.00842053 0.00868468 0.00850749 
0.0100469 0.0237269 0.0175797 0.0163403 0.0471751 0.0245166 0.0634861 0.0144659 0.0112448 0.00966287 0.0104901 0.0128387 0.0110837 0.0082998 0.00888568 0.00852052 0.00968347 0.0086314 0.0137583 0.0152559 0.00817965 0.0114258 0.0119949 0.94667 0.0175689 0.0263138 0.0104464 0.0104227 0.00377418 0.00378557 0.00377517 0 0.00375128 0.0037577 0.0104331 0.00860563 0.00944236 0.0083069 0.00839624 0.00887176 0.00832057 0.00879237 0.00967968 0.00943758 0.00864521 0.00837578 0.00935877 0.00892853 0.00941143 0.00827248 0.00841268 0.00850835 0.00847148 0.00819133 0.00819384 0.00832692 0.00839057 0.00883034 0.00836137 0.00833898 0.00840465 0.00854334 0.0085697 0.00841204 0.00831508 0.00853854 0.00854321 0.00839606 0.00837782 0.00866267 0.00848391 
0.0148099 0.010176 0.0100945 0.0133342 0.011091 0.0328884 0.0124771 0.0123831 0.0130694 0.0124351 0.0111874 0.018783 0.0118488 0.00932718 0.00885 0.0115319 0.00894359 0.0102737 0.0204807 0.0142487 0.00938503 0.0126846 0.918641 0.0222438 0.0147873 0.00965026 0.0181472 0.00661685 0.00384628 0.00378088 0.00375709 0.00375128 0 0.00385911 0.0113154 0.0108965 0.00883929 0.0086322 0.00915413 0.00865196 0.00909233 0.00842957 0.00892012 0.00948263 0.00859992 0.00833659 0.00853288 0.00904977 0.00845357 0.00847485 0.00822157 0.00842785 0.00839167 0.00829645 0.00816726 0.00826168 0.00838401 0.00858484 0.0084157 0.00835014 0.00836711 0.00841279 0.00861764 0.00843228 0.0083242 0.00850019 0.008601 0.00847796 0.0084196 0.00884187 0.00860749 
0.0128991 0.0102746 0.00862565 0.00908309 0.0102263 0.0100319 0.0123675 0.00873315 0.00908065 0.0156248 0.0175635 0.0117028 0.0165671 0.0112881 0.0105463 0.0147742 0.0123406 0.0188808 0.0125316 0.0167292 0.0626294 0.799704 0.0166339 0.0155789 0.0104285 0.0129062 0.0108473 0.0214556 0.00452893 0.00430643 0.00378526 0.0037577 0.00385911 0 0.0438438 0.0131644 0.0168052 0.0107701 0.00945838 0.0107893 0.00912635 0.0100938 0.00858204 0.00864581 0.0097388 0.00881998 0.00833188 0.00841614 0.00832662 0.00833033 0.00841473 0.0081835 0.00819151 0.00830365 0.00872459 0.00861636 0.00833971 0.00838745 0.00825243 0.00846713 0.0085241 0.00839767 0.00840612 0.00845372 0.00873592 0.00842767 0.00842459 0.00863712 0.00873473 0.00865302 0.00878103 
0.0124056 0.00842133 0.00849308 0.00877951 0.00826301 0.00850829 0.00839105 0.00816074 0.00833278 0.00942304 0.0123328 0.00878921 0.0104883 0.0122536 0.00891884 0.0179125 0.0102576 0.0145487 0.00960521 0.0124264 0.0533856 0.0090027 0.0100543 0.00877835 0.0100885 0.0103348 0.0135929 0.0129538 0.0524083 0.0107563 0.010755 0.0104331 0.0113154 0.0438438 0 0.0663136 0.0128189 0.0195416 0.0241336 0.0170341 0.0141302 0.0110558 0.00842301 0.00837619 0.00991765 0.00968819 0.00817462 0.0082597 0.00818063 0.00937717 0.00901756 0.00829757 0.00819189 0.00896488 0.0102539 0.00908691 0.0083819 0.0082091 0.00830994 0.00868361 0.00882357 0.0081982 0.00829013 0.00866188 0.00899065 0.0082932 0.00832322 0.00851955 0.00905122 0.00856502 0.00916889 
0.0111581 0.00816748 0.00836955 0.00894897 0.00829344 0.00849969 0.00836116 0.00817671 0.00828513 0.00884036 0.00882965 0.00874056 0.00992301 0.00877678 0.00842066 0.0108896 0.00922987 0.00961287 0.00908638 0.0116076 0.00970965 0.00843919 0.0094905 0.00863794 0.00928552 0.00895182 0.0121628 0.0104895 0.0141873 0.00878507 0.00934823 0.00860563 0.0108965 0.0131644 0.0663136 0 0.00464247 0.0054644 0.980854 0.01041 0.0182311 0.00921688 0.00862751 0.00896153 0.0103155 0.00869015 0.00822543 0.00857799 0.00839444 0.00917925 0.00822987 0.00841431 0.00818592 0.00886885 0.00842708 0.00861222 0.0085168 0.00825381 0.00829707 0.00856938 0.0081049 0.00821423 0.00827807 0.00850811 0.00824489 0.00821852 0.00822499 0.00826637 0.00834621 0.00841537 0.00860258 
0.00846549 0.0106361 0.0082606 0.0081874 0.00852392 0.00829018 0.00824722 0.00818397 0.00812123 0.00844331 0.00899467 0.00897047 0.00826949 0.0086542 0.0087778 0.0093728 0.0100507 0.00956188 0.00928614 0.00843614 0.0111874 0.0099097 0.00846913 0.00971893 0.00900761 0.00950529 0.0088693 0.0135896 0.0107899 0.00953177 0.00845946 0.00944236 0.00883929 0.0168052 0.0128189 0.00464247 0 0.982132 0.00480765 0.0293846 0.00996285 0.0153418 0.00854352 0.00842528 0.00961809 0.00916676 0.00856202 0.00825311 0.00912157 0.00826487 0.00961114 0.00817807 0.00853655 0.00824264 0.00949159 0.00987763 0.00821521 0.00831436 0.00818187 0.00831222 0.00830187 0.00822556 0.0082739 0.00846193 0.00836116 0.00829963 0.00828321 0.00835101 0.00858834 0.00853973 0.00854392 
0.00851495 0.00822116 0.00819195 0.00830283 0.00812112 0.00810576 0.00808779 0.00804478 0.00806918 0.00840244 0.00825161 0.00827468 0.00876115 0.00834256 0.00835672 0.00871193 0.00932657 0.00843335 0.00846638 0.0094501 0.00872618 0.00826277 0.00834338 0.00830716 0.00840295 0.00838258 0.00930231 0.0102188 0.00889488 0.00834472 0.00821031 0.0083069 0.0086322 0.0107701 0.0195416 0.0054644 0.982132 0 0.00828659 0.0133888 0.027091 0.00912293 0.00835844 0.00849174 0.00981381 0.00829817 0.00812218 0.00810245 0.00819541 0.00855097 0.00817185 0.00806209 0.008079 0.00843198 0.00837842 0.00830148 0.00811232 0.00809272 0.00815889 0.00836593 0.00804487 0.00813045 0.00819175 0.00831897 0.00811619 0.00820086 0.0081427 0.00817658 0.00822984 0.00827518 0.00845544 
0.00850359 0.00815199 0.00817121 0.00836855 0.00821043 0.00825152 0.00818121 0.00813251 0.00807509 0.00850886 0.00879054 0.00841292 0.00871011 0.00866968 0.0081821 0.00967499 0.00842152 0.00948322 0.00828769 0.00870629 0.0100007 0.00833189 0.00852554 0.00843703 0.00855362 0.00864026 0.00987817 0.00884655 0.0102822 0.00843456 0.00847783 0.00839624 0.00915413 0.00945838 0.0241336 0.980854 0.00480765 0.00828659 0 0.0244873 0.0147776 0.010411 0.008615 0.00864286 0.00927324 0.00880502 0.00820824 0.008252 0.0082536 0.00844986 0.0083326 0.00823135 0.00816083 0.00829284 0.00827243 0.00822073 0.00817541 0.00819303 0.0081911 0.00821642 0.00816594 0.00818338 0.00821329 0.00822623 0.00824382 0.00820101 0.00825829 0.00823634 0.00833646 0.00843831 0.00833342 
0.00846675 0.00852241 0.00823459 0.00831017 0.00838139 0.0083485 0.0084247 0.0082307 0.00821253 0.00840723 0.0081909 0.00854873 0.0083991 0.00808355 0.00846056 0.00824868 0.0094935 0.00846085 0.00853108 0.00908907 0.00864501 0.00879943 0.00864243 0.00928873 0.00889726 0.00966961 0.00930688 0.0107059 0.00871529 0.00869702 0.00856001 0.00887176 0.00865196 0.0107893 0.0170341 0.01041 0.0293846 0.0133888 0.0244873 0 0.00448277 0.0276123 0.0390478 0.020518 0.0281605 0.0110305 0.0109265 0.00934181 0.0115405 0.011633 0.0104161 0.00863889 0.00946938 0.00979924 0.00979782 0.0089733 0.00842553 0.00860379 0.00850972 0.00925433 0.00832878 0.008385 0.00832665 0.00903464 0.00820634 0.00818006 0.00815566 0.00834314 0.00810761 0.00829266 0.00834777 
0.00862369 0.00825901 0.00815132 0.00825175 0.00821902 0.0082762 0.00820724 0.0081881 0.00814588 0.00824067 0.00871674 0.00843191 0.00827727 0.00832102 0.00822938 0.00913905 0.00845236 0.0092486 0.00836853 0.00838123 0.00935326 0.00832986 0.00844745 0.00845543 0.00864494 0.00868278 0.00887341 0.00877034 0.00924141 0.00826461 0.00841824 0.00832057 0.00909233 0.00912635 0.0141302 0.0182311 0.00996285 0.027091 0.0147776 0.00448277 0 0.0631694 0.0155112 0.0496107 0.0681844 0.0165316 0.0101206 0.00973487 0.0101156 0.012633 0.010621 0.0092168 0.00861639 0.00935575 0.0100957 0.00899528 0.008462 0.0083464 0.00867877 0.00896226 0.00864523 0.00822697 0.00838603 0.00847591 0.00836558 0.00817907 0.00827229 0.0083266 0.00824945 0.00843932 0.0083309 
0.00851821 0.00849016 0.00827898 0.00833989 0.00848601 0.00843192 0.00861899 0.00824738 0.0081866 0.00832589 0.0084194 0.00849951 0.00851869 0.00809607 0.00819636 0.00833664 0.00892721 0.00843348 0.00844975 0.00881516 0.0085274 0.008642 0.00883653 0.00956091 0.00934375 0.00972511 0.00894681 0.0101228 0.00910043 0.00884753 0.00864975 0.00879237 0.00842957 0.0100938 0.0110558 0.00921688 0.0153418 0.00912293 0.010411 0.0276123 0.0631694 0 0.00405977 0.00378305 0.00405499 0.558276 0.0314425 0.0156043 0.0158674 0.0171654 0.0223854 0.00976171 0.0107408 0.014407 0.0111841 0.0110736 0.0089885 0.00960068 0.0093063 0.0123405 0.00888925 0.0088815 0.00877594 0.0104522 0.00837647 0.00825131 0.00831886 0.00856472 0.00833129 0.0082683 0.00872081 
0.00840236 0.0084069 0.00836001 0.00851801 0.00852914 0.00872602 0.00844982 0.00839807 0.00826965 0.00818901 0.00820803 0.00851035 0.00826126 0.0080697 0.00811529 0.00812548 0.00819223 0.00815104 0.00835555 0.00829079 0.00826136 0.00871293 0.0091833 0.00921285 0.00986611 0.00965513 0.00880654 0.0084117 0.00824782 0.00887406 0.00877714 0.00967968 0.00892012 0.00858204 0.00842301 0.00862751 0.00854352 0.00835844 0.008615 0.0390478 0.0155112 0.00405977 0 0.0037963 0.00375545 0.0343858 0.491355 0.0511249 0.0250331 0.0101452 0.0097702 0.0199429 0.0121354 0.00919522 0.00843596 0.00904758 0.00964556 0.0110224 0.00957061 0.00873516 0.00843322 0.00896455 0.00896959 0.00835154 0.00816417 0.00870854 0.00848225 0.00828004 0.00825702 0.00840327 0.00828625 
0.00835416 0.00835697 0.00829894 0.00843789 0.00847895 0.00874263 0.00845513 0.00827776 0.00820221 0.00816945 0.00826668 0.00852819 0.00823806 0.00807471 0.00819332 0.00816313 0.00821042 0.00821315 0.00853315 0.00825148 0.00831948 0.00858799 0.00885256 0.0096 0.00924261 0.00965621 0.0088393 0.00846432 0.00834845 0.00861151 0.00877655 0.00943758 0.00948263 0.00864581 0.00837619 0.00896153 0.00842528 0.00849174 0.00864286 0.020518 0.0496107 0.00378305 0.0037963 0 0.00377365 0.0245999 0.035343 0.374105 0.120414 0.0183736 0.0109327 0.0135339 0.0218632 0.0102056 0.00867331 0.00886169 0.00921357 0.0102417 0.0105837 0.00886766 0.00842641 0.00907097 0.00926648 0.00851655 0.00821498 0.00847674 0.00868945 0.00827815 0.00819251 0.00835224 0.00816767 
0.00844583 0.00826618 0.00819948 0.00825903 0.00831293 0.00838118 0.00827219 0.00814014 0.00811247 0.00825743 0.00857268 0.00836853 0.00830227 0.00824316 0.00824353 0.00838237 0.00839553 0.0089023 0.0082466 0.00849347 0.00896174 0.00846773 0.00849687 0.00875918 0.00879415 0.00895705 0.00840297 0.00935325 0.00887371 0.0083737 0.00859432 0.00864521 0.00859992 0.0097388 0.00991765 0.0103155 0.00961809 0.00981381 0.00927324 0.0281605 0.0681844 0.00405499 0.00375545 0.00377365 0 0.0232426 0.0252521 0.0294629 0.340191 0.171624 0.0226902 0.010858 0.0111135 0.0204575 0.0122091 0.0113987 0.00955028 0.00956871 0.00915669 0.0105142 0.00972768 0.00865091 0.00878129 0.00966989 0.00875667 0.00846364 0.00826384 0.00842171 0.00834215 0.00831099 0.00830994 
0.00843821 0.00830906 0.00824622 0.00832732 0.00831609 0.00837866 0.00840461 0.00824532 0.00818706 0.0082225 0.00818063 0.00836829 0.00842786 0.00807389 0.0081734 0.00821787 0.00829018 0.00819559 0.00817014 0.00848632 0.00816929 0.00831299 0.00845883 0.00842443 0.00849175 0.00846917 0.00842667 0.00873389 0.00816087 0.00824314 0.00825989 0.00837578 0.00833659 0.00881998 0.00968819 0.00869015 0.00916676 0.00829817 0.00880502 0.0110305 0.0165316 0.558276 0.0343858 0.0245999 0.0232426 0 0.00393422 0.00379807 0.00377534 0.00425617 0.116612 0.0331747 0.0136581 0.0351916 0.0124118 0.0145545 0.0141131 0.0109564 0.0126652 0.0208178 0.0105971 0.00967129 0.0103981 0.0143922 0.00866031 0.00848017 0.0085973 0.00982753 0.00832804 0.00827104 0.00943908 
0.00849679 0.00852872 0.00841277 0.00856599 0.00856798 0.0086665 0.00846475 0.00841735 0.00833289 0.00830015 0.00846599 0.00853075 0.00823422 0.00816034 0.00820384 0.00815056 0.0082903 0.00824874 0.00841349 0.00821618 0.00832489 0.00867783 0.00885234 0.00987653 0.00906197 0.0100879 0.00863323 0.00835667 0.0081775 0.00873155 0.00864122 0.00935877 0.00853288 0.00833188 0.00817462 0.00822543 0.00856202 0.00812218 0.00820824 0.0109265 0.0101206 0.0314425 0.491355 0.035343 0.0252521 0.00393422 0 0.00379689 0.00380193 0.00387298 0.469426 0.046456 0.0943101 0.0121685 0.0111683 0.0147526 0.0227164 0.038076 0.0220519 0.012622 0.0104717 0.0204549 0.0135916 0.0109791 0.00854127 0.0108827 0.00926636 0.00906571 0.00835826 0.0089453 0.00845487 
0.00850842 0.0084851 0.00841556 0.00888322 0.00866273 0.00899223 0.00855702 0.00852334 0.00835185 0.00832345 0.00837243 0.00845691 0.00843796 0.00816195 0.00822417 0.00819344 0.00828931 0.00835724 0.00851664 0.00830324 0.00839321 0.00857466 0.00973196 0.00947331 0.0102393 0.0102483 0.00895147 0.008455 0.00829087 0.00871421 0.00909099 0.00892853 0.00904977 0.00841614 0.0082597 0.00857799 0.00825311 0.00810245 0.008252 0.00934181 0.00973487 0.0156043 0.0511249 0.374105 0.0294629 0.00379807 0.00379689 0 0.00375489 0.00376017 0.0221745 0.668496 0.0262758 0.0350024 0.00868075 0.0101681 0.0363461 0.0423941 0.0372527 0.011594 0.0109994 0.0171656 0.025333 0.00977587 0.00873047 0.0102956 0.0118141 0.00908617 0.00851366 0.00878206 0.00881642 
0.00844954 0.00858991 0.00838875 0.00842266 0.00864359 0.00866036 0.00852541 0.00830844 0.0082548 0.00827642 0.00836445 0.00868705 0.00821441 0.00819955 0.00818591 0.00823263 0.0081968 0.00825535 0.00841207 0.00826446 0.00840046 0.00851095 0.00864055 0.00932728 0.00901682 0.00944842 0.00847956 0.00838554 0.00832218 0.00854793 0.00853758 0.00941143 0.00845357 0.00832662 0.00818063 0.00839444 0.00912157 0.00819541 0.0082536 0.0115405 0.0101156 0.0158674 0.0250331 0.120414 0.340191 0.00377534 0.00380193 0.00375489 0 0.00380902 0.1201 0.024455 0.775794 0.0307064 0.0153389 0.0152302 0.0132383 0.0414796 0.0266207 0.0204135 0.0103252 0.023263 0.01296 0.0128773 0.00867034 0.0111364 0.0102894 0.00977143 0.00848209 0.0089523 0.00865701 
0.00863664 0.00834818 0.008294 0.00849898 0.008436 0.00848166 0.00825583 0.0082105 0.00820503 0.00817441 0.00842753 0.00837439 0.00817378 0.00814299 0.00820562 0.00839023 0.00824772 0.00840173 0.00825675 0.00822133 0.00861281 0.00822431 0.0084689 0.00853203 0.00845792 0.00866245 0.00830059 0.00833968 0.00844808 0.00826237 0.00837466 0.00827248 0.00847485 0.00833033 0.00937717 0.00917925 0.00826487 0.00855097 0.00844986 0.011633 0.012633 0.0171654 0.0101452 0.0183736 0.171624 0.00425617 0.00387298 0.00376017 0.00380902 0 0.0158751 0.0385514 0.0417704 0.669891 0.0209634 0.0141035 0.0139224 0.0096674 0.0157793 0.0196286 0.013425 0.00891273 0.0115798 0.0097448 0.0105597 0.00841163 0.00908235 0.00901327 0.00868109 0.00836077 0.0084851 
