1KNVA
NLTNSNCVEEYKENGKTKIRIKPFNALIELYHHQTPTGSIKENLDKLENYVKDVVKAKGLAIPTSGAFSNTRGTWFEVMIAIQSWNYRVKRELNDYLIIKMPNVKTFDFRKIFDNETREKLHQLEKSLLTHKQQVRLITSNPDLLIIRQKDLIKSEYNLPINKLTHENIDVALTLFKDIEGKCKWDSLVAGVGLKTSLRPDRRLQLVHEGNILKSLFAHLKMRYWNPKAEFKYYGASSEPVSKADDDALQTAATHTIVNVNSTPERAVDDIFSLTSFEDIDKMLDQIIKK
CHHHCCCEEEECCCCCCEEEECHHHHHHHHCCCCCCCCEHHHHHHHHHHHHHHHHHHHCCCCCCHHHHHHHHHHHHHHHHHHHHHHHHHHHCCCCEEEEECCCCCCCCHHHHECHHHHHHHHHHHHHHHCCCCCCECCCCCCCEEEEECHHHCCHHHHCCCCCCCHHHHHHHHCHHHHHCCCECHHHEEEEEEEECCCCHHHHHHHHHHHHHHHHHHHHHHHHHCCCCCCCEEEEEECCCCCHHHHHHCCEECHHHCCCCCCCCCECCCEEEECCEHHHHHHHHHHHHCC
0 0 0 0 0 0 0 0 0 0 0 0 0 0 0 0 0 0 0 0 0 0 0 0 0 0 0 0 0 0 0 0 0 0 0 0 0 0 0 0 0 0 0 0 0 0 0 0 0 0 0 0 0 0 0 0 0 0 0 0 0 0 0 0 0 0 0 0 0 0 0 0 0 0 0 0 0 0 0 0 0 0 0 0 0 0 0 0 0 0 0 0 0 0 0 0 0 0 0 0 0 0 0 0 0 0 0 0 0 0 0 0 0 0 0 0 0 0 0 0 0 0 0 0 0 0 0 0 0 0 0 0 0 0 0 0 0 0 0 0 0 0 0 0 0 0 0 0 0 0 0 0 0 0 0 0 0 0 0 0 0 0 0 0 0 0 0 0 0 0 0 0 0 0 0 0 0 0 0 0 0 0 0 0 0 0 0 0 0 0 0 0 0 0 0 0 0 0 0 0 0 0 0 0 0 0 0 0 0 0 0 0 0 0 0 0 0 0 0 0 0 0 0 0 0 0 0 0 0 0 0 0 0 0 0 0 0 0 0 0 0 0 0 0 0 0 0 0 0 0 0 0 0 0 0 0 0 0 0 0 0 0 0 0 0 0 0 0 0 0 0 0 0 0 0 0 0 0 0 0 0 0 0 0 0 0 0 0 0 0 
0 0 0 0 0 0 0 0 0 0 0 0 0 0 0 0 0 0 0 0 0 0 0 0 0 0 0 0 0 0 0 0 0 0 0 0 0 0 0 0 0 0 0 0 0 0 0 0 0 0 0 0 0 0 0 0 0 0 0 0 0 0 0 0 0 0 0 0 0 0 0 0 0 0 0 0 0 0 0 0 0 0 0 0 0 0 0 0 0 0 0 0 0 0 0 0 0 0 0 0 0 0 0 0 0 0 0 0 0 0 0 0 0 0 0 0 0 0 0 0 0 0 0 0 0 0 0 0 0 0 0 0 0 0 0 0 0 0 0 0 0 0 0 0 0 0 0 0 0 0 0 0 0 0 0 0 0 0 0 0 0 0 0 0 0 0 0 0 0 0 0 0 0 0 0 0 0 0 0 0 0 0 0 0 0 0 0 0 0 0 0 0 0 0 0 0 0 0 0 0 0 0 0 0 0 0 0 0 0 0 0 0 0 0 0 0 0 0 0 0 0 0 0 0 0 0 0 0 0 0 0 0 0 0 0 0 0 0 0 0 0 0 0 0 0 0 0 0 0 0 0 0 0 0 0 0 0 0 0 0 0 0 0 0 0 0 0 0 0 0 0 0 0 0 0 0 0 0 0 0 0 0 0 0 0 0 0 0 0 0 
0 0.0039681 0.00409365 0.00767608 0.0077649 0.0124492 0.0269346 0.917004 0.0158968 0.00916617 0.00927659 0.0090279 0.00973722 0.0121764 0.00910896 0.0102533 0.00844949 0.00839638 0.00837145 0.00837148 0.00990771 0.00949821 0.00835042 0.00807945 0.00823878 0.00819172 0.00820895 0.00823131 0.008275 0.00857596 0.0082513 0.00839038 0.00831974 0.00837319 0.00833714 0.00880811 0.00835289 0.00852394 0.00872915 0.008408 0.00851963 0.00843799 0.00916415 0.00908138 
0.0039681 0 0.004299 0.00376786 0.00666073 0.0127729 0.919705 0.00926884 0.00879233 0.00861025 0.0121008 0.0120735 0.0112312 0.00864747 0.00818928 0.00822691 0.00834385 0.00909413 0.00865658 0.00843127 0.00824668 0.00819113 0.00816879 0.00830017 0.00838168 0.00831807 0.00834445 0.00837746 0.00836075 0.00817207 0.00821204 0.00834761 0.00835717 0.00834466 0.00824041 0.00823922 0.00828131 0.00835032 0.00828892 0.0084413 0.0085104 0.00846207 0.00857755 0.00832304 
0.00409365 0.004299 0 0.00385705 0.0186173 0.920126 0.0186781 0.00647305 0.010336 0.00973572 0.011552 0.0106288 0.00998598 0.00931218 0.00851654 0.00872826 0.00877116 0.0088849 0.00867935 0.00819952 0.00850402 0.00821083 0.00830804 0.00820164 0.00832979 0.00833306 0.00821331 0.00830916 0.00824786 0.00823875 0.00847636 0.00831977 0.00827219 0.00832361 0.00824586 0.00824251 0.00831009 0.00830575 0.00827828 0.00845507 0.00840113 0.00841118 0.00847749 0.00834716 
0.00767608 0.00376786 0.00385705 0 0.965642 0.0169076 0.00626316 0.0134536 0.0123605 0.013122 0.0101634 0.00878872 0.00907969 0.00940697 0.0114282 0.00918396 0.0103835 0.00858828 0.00826712 0.00847348 0.00837392 0.010255 0.00989574 0.00817029 0.0081668 0.0081907 0.00814782 0.00823122 0.00817267 0.00833714 0.00850884 0.00830508 0.00824169 0.00824594 0.00823532 0.00832063 0.00837599 0.00841824 0.00870562 0.00846957 0.00847251 0.00841708 0.00840591 0.0086752 
0.0077649 0.00666073 0.0186173 0.965642 0 0.00406581 0.00436495 0.00425171 0.0577072 0.0142356 0.0122451 0.0103566 0.00949874 0.0178801 0.00998506 0.0180684 0.00916134 0.00893591 0.00897457 0.00843407 0.0128939 0.00939305 0.00826328 0.00859223 0.00823691 0.00825176 0.00815064 0.00824176 0.00818176 0.00884366 0.00949539 0.00823588 0.00827395 0.00824418 0.00828332 0.00862869 0.00849983 0.00860194 0.00898301 0.00867727 0.00848536 0.00838288 0.0106396 0.0101687 
0.0124492 0.0127729 0.920126 0.0169076 0.00406581 0 0.00380787 0.00437049 0.00825047 0.0149151 0.0261982 0.0223302 0.0196249 0.00898523 0.00988124 0.00836742 0.0118643 0.0109692 0.0101308 0.0115862 0.00868663 0.0102965 0.01112 0.00824906 0.00903006 0.00837442 0.00869501 0.00840372 0.00869798 0.0082284 0.00823128 0.00928201 0.00848808 0.00838586 0.00839696 0.00826889 0.00836483 0.00841398 0.00880557 0.0085898 0.00884819 0.00888318 0.00844404 0.00837981 
0.0269346 0.919705 0.0186781 0.00626316 0.00436495 0.00380787 0 0.00376725 0.0200806 0.0121108 0.0289753 0.0297783 0.0110232 0.0122482 0.00879026 0.0115966 0.00973992 0.0122421 0.0114372 0.00833896 0.00937026 0.0083009 0.00831748 0.00896662 0.00841346 0.00870949 0.00829402 0.00897413 0.00832054 0.00831768 0.00949099 0.00826928 0.00836568 0.00838537 0.00827068 0.00829777 0.00847574 0.00831313 0.00831573 0.00876147 0.00845383 0.00848054 0.00908899 0.00853667 
0.917004 0.00926884 0.00647305 0.0134536 0.00425171 0.00437049 0.00376725 0 0.0141345 0.0226639 0.017486 0.0130691 0.0211766 0.0111439 0.0157408 0.00962826 0.0173017 0.0107221 0.00912545 0.0103439 0.00852973 0.013406 0.0168668 0.00834081 0.00875869 0.00834518 0.00859951 0.00837084 0.00834623 0.00845788 0.00899201 0.00864587 0.00840316 0.00833846 0.00827931 0.00840415 0.00878238 0.00865863 0.00959169 0.00877122 0.00867552 0.00869272 0.00849354 0.0089341 
0.0158968 0.00879233 0.010336 0.0123605 0.0577072 0.00825047 0.0200806 0.0141345 0 0.0186301 0.0126611 0.0107621 0.0104369 0.0371429 0.0371899 0.0532963 0.0111095 0.00908086 0.00886585 0.00850605 0.01377 0.0157115 0.0101675 0.00871351 0.0083917 0.00851037 0.00823797 0.00846695 0.00834274 0.00965574 0.0126434 0.00824976 0.00858685 0.00823507 0.0081816 0.00891859 0.00962183 0.00926311 0.0107811 0.00941161 0.00838551 0.00830562 0.0112047 0.0235384 
0.00916617 0.00861025 0.00973572 0.013122 0.0142356 0.0149151 0.0121108 0.0226639 0.0186301 0 0.00414622 0.00380387 0.00382634 0.00611521 0.0147279 0.0444841 0.0392657 0.0180167 0.0161418 0.0127105 0.0709538 0.0128364 0.00979204 0.00864201 0.00921134 0.00925726 0.00912193 0.00885576 0.00965703 0.0109312 0.00882896 0.00839687 0.00846724 0.00845311 0.00875016 0.00945956 0.00864028 0.00884261 0.00901646 0.00833671 0.00832591 0.0084805 0.00951099 0.00939881 
0.00927659 0.0121008 0.011552 0.0101634 0.0122451 0.0261982 0.0289753 0.017486 0.0126611 0.00414622 0 0.00377416 0.00381075 0.00389807 0.00955027 0.018799 0.0757799 0.196983 0.0502539 0.127318 0.0130111 0.0101646 0.0117569 0.0141041 0.0256908 0.0298797 0.0250609 0.019592 0.0160057 0.00976052 0.00859882 0.0102242 0.0103678 0.011223 0.00975859 0.00912281 0.00866266 0.00859193 0.00839124 0.00885566 0.0100859 0.00943011 0.00918609 0.00838575 
0.0090279 0.0120735 0.0106288 0.00878872 0.0103566 0.0223302 0.0297783 0.0130691 0.0107621 0.00380387 0.00377416 0 0.00376051 0.0037952 0.00981585 0.0128535 0.0372312 0.108457 0.408954 0.0247498 0.0165921 0.00867661 0.0115547 0.0197777 0.0437284 0.073676 0.0441812 0.0537401 0.0167762 0.00953868 0.00899556 0.010601 0.0132087 0.0131222 0.0105804 0.00858112 0.00876372 0.00857226 0.00827432 0.0103156 0.00985994 0.00926898 0.00867335 0.00825664 
0.00973722 0.0112312 0.00998598 0.00907969 0.00949874 0.0196249 0.0110232 0.0211766 0.0104369 0.00382634 0.00381075 0.00376051 0 0.00380582 0.00980417 0.0122567 0.0262131 0.20593 0.0650674 0.184778 0.0138628 0.00941859 0.0135196 0.0134012 0.0235209 0.0206708 0.0267287 0.0171523 0.0339449 0.0102525 0.00924584 0.00987339 0.00981279 0.0111496 0.0106762 0.00877373 0.00880487 0.00894835 0.00835098 0.0088426 0.00879958 0.00881784 0.00844552 0.00823438 
0.0121764 0.00864747 0.00931218 0.00940697 0.0178801 0.00898523 0.0122482 0.0111439 0.0371429 0.00611521 0.00389807 0.0037952 0.00380582 0 0.0196943 0.0208776 0.101991 0.0216464 0.0365042 0.0245117 0.0579309 0.0103191 0.0156917 0.0106052 0.0107218 0.0123428 0.011478 0.0135592 0.0111871 0.0144911 0.0105277 0.00888935 0.00880268 0.00924337 0.00896222 0.00948222 0.0091472 0.00865936 0.00879359 0.00895254 0.00838243 0.00835217 0.00917649 0.00891039 
0.00910896 0.00818928 0.00851654 0.0114282 0.00998506 0.00988124 0.00879026 0.0157408 0.0371899 0.0147279 0.00955027 0.00981585 0.00980417 0.0196943 0 0.230698 0.0185626 0.0142744 0.0118906 0.0199658 0.0207496 0.114739 0.0133157 0.00922424 0.00905313 0.00870187 0.0089389 0.00867619 0.0103963 0.0134441 0.00908773 0.00858975 0.00836313 0.00849559 0.00858422 0.00984461 0.00998223 0.0116685 0.0118481 0.00843851 0.0082726 0.00840963 0.00915213 0.0136634 
0.0102533 0.00822691 0.00872826 0.00918396 0.0180684 0.00836742 0.0115966 0.00962826 0.0532963 0.0444841 0.018799 0.0128535 0.0122567 0.0208776 0.230698 0 0.0255684 0.0183157 0.0112796 0.00727041 0.0250397 0.0515612 0.0142423 0.0132578 0.00977281 0.0112056 0.00887714 0.0104642 0.0100656 0.0156882 0.0211716 0.0085255 0.00886175 0.00835869 0.008282 0.0113574 0.0133697 0.0106034 0.0129491 0.010914 0.00850915 0.00829884 0.0138046 0.0172031 
0.00844949 0.00834385 0.00877116 0.0103835 0.00916134 0.0118643 0.00973992 0.0173017 0.0111095 0.0392657 0.0757799 0.0372312 0.0262131 0.101991 0.0185626 0.0255684 0 0.00389912 0.0038283 0.00385519 0.00457963 0.0624466 0.0292648 0.0123696 0.0263467 0.0167867 0.0210433 0.0142738 0.0201747 0.0209104 0.00988734 0.0126841 0.0111592 0.0111904 0.0125576 0.0133242 0.0100993 0.0132366 0.0106134 0.00999281 0.00924975 0.00995041 0.0124968 0.00993245 
0.00839638 0.00909413 0.0088849 0.00858828 0.00893591 0.0109692 0.0122421 0.0107221 0.00908086 0.0180167 0.196983 0.108457 0.20593 0.0216464 0.0142744 0.0183157 0.00389912 0 0.00378021 0.00379881 0.0038952 0.0222645 0.0235533 0.041438 0.0382414 0.0900827 0.0471529 0.0442395 0.0313787 0.0132123 0.0111372 0.0153755 0.0177271 0.0215518 0.0193512 0.0102512 0.0100644 0.0101257 0.0086949 0.0119431 0.0142085 0.0122883 0.0103162 0.00859223 
0.00837145 0.00865658 0.00867935 0.00826712 0.00897457 0.0101308 0.0114372 0.00912545 0.00886585 0.0161418 0.0502539 0.408954 0.0650674 0.0365042 0.0118906 0.0112796 0.0038283 0.00378021 0 0.00391066 0.00389637 0.0144682 0.0171883 0.0255766 0.0930663 0.0858493 0.0515336 0.0713632 0.0231751 0.0149208 0.00968626 0.0133043 0.0248499 0.0281441 0.013713 0.00950491 0.0088249 0.00964268 0.00835347 0.00975078 0.0115321 0.0111374 0.00984818 0.00838806 
0.00837148 0.00843127 0.00819952 0.00847348 0.00843407 0.0115862 0.00833896 0.0103439 0.00850605 0.0127105 0.127318 0.0247498 0.184778 0.0245117 0.0199658 0.00727041 0.00385519 0.00379881 0.00391066 0 0.00378026 0.0209795 0.0227527 0.0184946 0.0322458 0.0282357 0.0425856 0.0184002 0.0709071 0.01343 0.00866892 0.0161122 0.0112716 0.0149668 0.0153895 0.00917567 0.00901256 0.0104162 0.00833672 0.00891993 0.00985971 0.0110597 0.00865288 0.00841899 
0.00990771 0.00824668 0.00850402 0.00837392 0.0128939 0.00868663 0.00937026 0.00852973 0.01377 0.0709538 0.0130111 0.0165921 0.0138628 0.0579309 0.0207496 0.0250397 0.00457963 0.0038952 0.00389637 0.00378026 0 0.0334676 0.0266426 0.0192072 0.0130964 0.0206694 0.0148824 0.018545 0.0180102 0.0523413 0.023695 0.00918278 0.0101297 0.00985117 0.00943253 0.0110129 0.0112183 0.00928943 0.00974921 0.0132629 0.0090525 0.00846287 0.0116273 0.0111892 
0.00949821 0.00819113 0.00821083 0.010255 0.00939305 0.0102965 0.0083009 0.013406 0.0157115 0.0128364 0.0101646 0.00867661 0.00941859 0.0103191 0.114739 0.0515612 0.0624466 0.0222645 0.0144682 0.0209795 0.0334676 0 0.0148931 0.00398915 0.0049578 0.00431468 0.00525041 0.005413 0.00780315 0.0141749 0.0140391 0.0114785 0.008688 0.00876825 0.00951889 0.0130815 0.0162804 0.0155158 0.030121 0.00948728 0.00886756 0.00941719 0.0105952 0.0282728 
0.00835042 0.00816879 0.00830804 0.00989574 0.00826328 0.01112 0.00831748 0.0168668 0.0101675 0.00979204 0.0117569 0.0115547 0.0135196 0.0156917 0.0133157 0.0142423 0.0292648 0.0235533 0.0171883 0.0227527 0.0266426 0.0148931 0 0.00383099 0.00385034 0.00385592 0.00387269 0.00389653 0.00421902 0.00595636 0.0166047 0.0222425 0.011101 0.0112124 0.0124351 0.0185997 0.0101941 0.0175956 0.0134585 0.010185 0.00988519 0.0107287 0.0227069 0.0120463 
0.00807945 0.00830017 0.00820164 0.00817029 0.00859223 0.00824906 0.00896662 0.00834081 0.00871351 0.00864201 0.0141041 0.0197777 0.0134012 0.0106052 0.00922424 0.0132578 0.0123696 0.041438 0.0255766 0.0184946 0.0192072 0.00398915 0.00383099 0 0.00377084 0.00378329 0.00378944 0.00579309 0.00383159 0.00428092 0.0279798 0.0132227 0.0123125 0.014217 0.0157555 0.0102686 0.00966999 0.0100391 0.00873806 0.0100697 0.00973142 0.00978066 0.01144 0.0090352 
0.00823878 0.00838168 0.00832979 0.0081668 0.00823691 0.00903006 0.00841346 0.00875869 0.0083917 0.00921134 0.0256908 0.0437284 0.0235209 0.0107218 0.00905313 0.00977281 0.0263467 0.0382414 0.0930663 0.0322458 0.0130964 0.0049578 0.00385034 0.00377084 0 0.00376275 0.00377765 0.00394998 0.00382571 0.00562672 0.0964137 0.0288199 0.0270247 0.0292986 0.017638 0.0102761 0.00947667 0.00953112 0.00881727 0.010397 0.0167673 0.0137439 0.00921035 0.00846337 
0.00819172 0.00831807 0.00833306 0.0081907 0.00825176 0.00837442 0.00870949 0.00834518 0.00851037 0.00925726 0.0298797 0.073676 0.0206708 0.0123428 0.00870187 0.0112056 0.0167867 0.0900827 0.0858493 0.0282357 0.0206694 0.00431468 0.00385592 0.00378329 0.00376275 0 0.00379972 0.00377868 0.00378197 0.00415713 0.021879 0.175133 0.0355048 0.0394069 0.0174554 0.0116325 0.00947549 0.00954543 0.00865385 0.0121425 0.0153743 0.0120766 0.0120607 0.00853351 
0.00820895 0.00834445 0.00821331 0.00814782 0.00815064 0.00869501 0.00829402 0.00859951 0.00823797 0.00912193 0.0250609 0.0441812 0.0267287 0.011478 0.0089389 0.00887714 0.0210433 0.0471529 0.0515336 0.0425856 0.0148824 0.00525041 0.00387269 0.00378944 0.00377765 0.00379972 0 0.003758 0.00379258 0.00379457 0.0171647 0.0303676 0.223553 0.0315195 0.0242207 0.0102466 0.00918729 0.00978928 0.00873546 0.0104237 0.0169062 0.0165882 0.00953439 0.0084105 
0.00823131 0.00837746 0.00830916 0.00823122 0.00824176 0.00840372 0.00897413 0.00837084 0.00846695 0.00885576 0.019592 0.0537401 0.0171523 0.0135592 0.00867619 0.0104642 0.0142738 0.0442395 0.0713632 0.0184002 0.018545 0.005413 0.00389653 0.00579309 0.00394998 0.00377868 0.003758 0 0.00377525 0.00378981 0.0260403 0.025638 0.0474838 0.247092 0.0167702 0.0166189 0.00940728 0.0093961 0.00850762 0.0112316 0.0134423 0.0130545 0.0114689 0.00850257 
0.008275 0.00836075 0.00824786 0.00817267 0.00818176 0.00869798 0.00832054 0.00834623 0.00834274 0.00965703 0.0160057 0.0167762 0.0339449 0.0111871 0.0103963 0.0100656 0.0201747 0.0313787 0.0231751 0.0709071 0.0180102 0.00780315 0.00421902 0.00383159 0.00382571 0.00378197 0.00379258 0.00377525 0 0.00420222 0.0116316 0.0469819 0.0307174 0.0400347 0.409696 0.0152275 0.0118744 0.0119353 0.00898668 0.0100386 0.0124424 0.0226798 0.00990991 0.00880626 
0.00857596 0.00817207 0.00823875 0.00833714 0.00884366 0.0082284 0.00831768 0.00845788 0.00965574 0.0109312 0.00976052 0.00953868 0.0102525 0.0144911 0.0134441 0.0156882 0.0209104 0.0132123 0.0149208 0.01343 0.0523413 0.0141749 0.00595636 0.00428092 0.00562672 0.00415713 0.00379457 0.00378981 0.00420222 0 0.0305628 0.0118792 0.0201376 0.0239509 0.0581022 0.3651 0.0151538 0.0144345 0.0121412 0.0122762 0.0093198 0.009605 0.0157407 0.0110583 
0.0082513 0.00821204 0.00847636 0.00850884 0.00949539 0.00823128 0.00949099 0.00899201 0.0126434 0.00882896 0.00859882 0.00899556 0.00924584 0.0105277 0.00908773 0.0211716 0.00988734 0.0111372 0.00968626 0.00866892 0.023695 0.0140391 0.0166047 0.0279798 0.0964137 0.021879 0.0171647 0.0260403 0.0116316 0.0305628 0 0.00402481 0.00383993 0.00396814 0.00412027 0.00849427 0.0211378 0.0266858 0.0172937 0.0253019 0.00948788 0.00968501 0.055683 0.022818 
0.00839038 0.00834761 0.00831977 0.00830508 0.00823588 0.00928201 0.00826928 0.00864587 0.00824976 0.00839687 0.0102242 0.010601 0.00987339 0.00888935 0.00858975 0.0085255 0.0126841 0.0153755 0.0133043 0.0161122 0.00918278 0.0114785 0.0222425 0.0132227 0.0288199 0.175133 0.0303676 0.025638 0.0469819 0.0118792 0.00402481 0 0.00379216 0.00376077 0.00421216 0.00389163 0.0174189 0.0122081 0.0148711 0.0118713 0.0256739 0.0209142 0.00991343 0.00990762 
0.00831974 0.00835717 0.00827219 0.00824169 0.00827395 0.00848808 0.00836568 0.00840316 0.00858685 0.00846724 0.0103678 0.0132087 0.00981279 0.00880268 0.00836313 0.00886175 0.0111592 0.0177271 0.0248499 0.0112716 0.0101297 0.008688 0.011101 0.0123125 0.0270247 0.0355048 0.223553 0.0474838 0.0307174 0.0201376 0.00383993 0.00379216 0 0.00383566 0.00375299 0.00381131 0.0108909 0.0136609 0.00930728 0.0257304 0.0164873 0.0144921 0.013094 0.00914335 
0.00837319 0.00834466 0.00832361 0.00824594 0.00824418 0.00838586 0.00838537 0.00833846 0.00823507 0.00845311 0.011223 0.0131222 0.0111496 0.00924337 0.00849559 0.00835869 0.0111904 0.0215518 0.0281441 0.0149668 0.00985117 0.00876825 0.0112124 0.014217 0.0292986 0.0394069 0.0315195 0.247092 0.0400347 0.0239509 0.00396814 0.00376077 0.00383566 0 0.00380051 0.00376386 0.0147493 0.0189447 0.0116962 0.0130975 0.0919062 0.0328305 0.0122543 0.00922387 
0.00833714 0.00824041 0.00824586 0.00823532 0.00828332 0.00839696 0.00827068 0.00827931 0.0081816 0.00875016 0.00975859 0.0105804 0.0106762 0.00896222 0.00858422 0.008282 0.0125576 0.0193512 0.013713 0.0153895 0.00943253 0.00951889 0.0124351 0.0157555 0.017638 0.0174554 0.0242207 0.0167702 0.409696 0.0581022 0.00412027 0.00421216 0.00375299 0.00380051 0 0.00380517 0.0160106 0.0663248 0.010924 0.0129206 0.0165362 0.0763583 0.0156777 0.0097725 
0.00880811 0.00823922 0.00824251 0.00832063 0.00862869 0.00826889 0.00829777 0.00840415 0.00891859 0.00945956 0.00912281 0.00858112 0.00877373 0.00948222 0.00984461 0.0113574 0.0133242 0.0102512 0.00950491 0.00917567 0.0110129 0.0130815 0.0185997 0.0102686 0.0102761 0.0116325 0.0102466 0.0166189 0.0152275 0.3651 0.00849427 0.00389163 0.00381131 0.00376386 0.00380517 0 0.071207 0.0220005 0.0198674 0.0172916 0.0113411 0.0131451 0.0799581 0.0136173 
0.00835289 0.00828131 0.00831009 0.00837599 0.00849983 0.00836483 0.00847574 0.00878238 0.00962183 0.00864028 0.00866266 0.00876372 0.00880487 0.0091472 0.00998223 0.0133697 0.0100993 0.0100644 0.0088249 0.00901256 0.0112183 0.0162804 0.0101941 0.00966999 0.00947667 0.00947549 0.00918729 0.00940728 0.0118744 0.0151538 0.0211378 0.0174189 0.0108909 0.0147493 0.0160106 0.071207 0 0.00472036 0.041651 0.0218182 0.0205447 0.0228339 0.0431716 0.0360839 
0.00852394 0.00835032 0.00830575 0.00841824 0.00860194 0.00841398 0.00831313 0.00865863 0.00926311 0.00884261 0.00859193 0.00857226 0.00894835 0.00865936 0.0116685 0.0106034 0.0132366 0.0101257 0.00964268 0.0104162 0.00928943 0.0155158 0.0175956 0.0100391 0.00953112 0.00954543 0.00978928 0.0093961 0.0119353 0.0144345 0.0266858 0.0122081 0.0136609 0.0189447 0.0663248 0.0220005 0.00472036 0 0.181562 0.0231215 0.0131045 0.0258481 0.022687 0.0273704 
0.00872915 0.00828892 0.00827828 0.00870562 0.00898301 0.00880557 0.00831573 0.00959169 0.0107811 0.00901646 0.00839124 0.00827432 0.00835098 0.00879359 0.0118481 0.0129491 0.0106134 0.0086949 0.00835347 0.00833672 0.00974921 0.030121 0.0134585 0.00873806 0.00881727 0.00865385 0.00873546 0.00850762 0.00898668 0.0121412 0.0172937 0.0148711 0.00930728 0.0116962 0.010924 0.0198674 0.041651 0.181562 0 0.00617065 0.00461255 0.00507714 0.00703922 0.0235071 
0.008408 0.0084413 0.00845507 0.00846957 0.00867727 0.0085898 0.00876147 0.00877122 0.00941161 0.00833671 0.00885566 0.0103156 0.0088426 0.00895254 0.00843851 0.010914 0.00999281 0.0119431 0.00975078 0.00891993 0.0132629 0.00948728 0.010185 0.0100697 0.010397 0.0121425 0.0104237 0.0112316 0.0100386 0.0122762 0.0253019 0.0118713 0.0257304 0.0130975 0.0129206 0.0172916 0.0218182 0.0231215 0.00617065 0 0.00378695 0.00381084 0.00427934 0.00485018 
0.00851963 0.0085104 0.00840113 0.00847251 0.00848536 0.00884819 0.00845383 0.00867552 0.00838551 0.00832591 0.0100859 0.00985994 0.00879958 0.00838243 0.0082726 0.00850915 0.00924975 0.0142085 0.0115321 0.00985971 0.0090525 0.00886756 0.00988519 0.00973142 0.0167673 0.0153743 0.0169062 0.0134423 0.0124424 0.0093198 0.00948788 0.0256739 0.0164873 0.0919062 0.0165362 0.0113411 0.0205447 0.0131045 0.00461255 0.00378695 0 0.00396452 0.00382926 0.00386186 
0.00843799 0.00846207 0.00841118 0.00841708 0.00838288 0.00888318 0.00848054 0.00869272 0.00830562 0.0084805 0.00943011 0.00926898 0.00881784 0.00835217 0.00840963 0.00829884 0.00995041 0.0122883 0.0111374 0.0110597 0.00846287 0.00941719 0.0107287 0.00978066 0.0137439 0.0120766 0.0165882 0.0130545 0.0226798 0.009605 0.00968501 0.0209142 0.0144921 0.0328305 0.0763583 0.0131451 0.0228339 0.0258481 0.00507714 0.00381084 0.00396452 0 0.0039123 0.00395367 
0.00916415 0.00857755 0.00847749 0.00840591 0.0106396 0.00844404 0.00908899 0.00849354 0.0112047 0.00951099 0.00918609 0.00867335 0.00844552 0.00917649 0.00915213 0.0138046 0.0124968 0.0103162 0.00984818 0.00865288 0.0116273 0.0105952 0.0227069 0.01144 0.00921035 0.0120607 0.00953439 0.0114689 0.00990991 0.0157407 0.055683 0.00991343 0.013094 0.0122543 0.0156777 0.0799581 0.0431716 0.022687 0.00703922 0.00427934 0.00382926 0.0039123 0 0.00674198 
0.00908138 0.00832304 0.00834716 0.0086752 0.0101687 0.00837981 0.00853667 0.0089341 0.0235384 0.00939881 0.00838575 0.00825664 0.00823438 0.00891039 0.0136634 0.0172031 0.00993245 0.00859223 0.00838806 0.00841899 0.0111892 0.0282728 0.0120463 0.0090352 0.00846337 0.00853351 0.0084105 0.00850257 0.00880626 0.0110583 0.022818 0.00990762 0.00914335 0.00922387 0.0097725 0.0136173 0.0360839 0.0273704 0.0235071 0.00485018 0.00386186 0.00395367 0.00674198 0 
