1KO5A
TTNHDHHIYVLMGVSGSGKSAVASEVAHQLHAAFLDGDFLHPRRNIEKMASGEPLNDDDRKPWLQALNDAAFAMQRTNKVSLIVCSALKKHYRDLLREGNPNLSFIYLKGDFDVIESRLKARKGHFFKTQMLVTQFETLQEPGADETDVLVVDIDQPLEGVVASTIEVIKKG
CCCCCCEEEEEECCCCCCHHHHHHHHHHHHCCEEEEHHHHCCHHHHHHHHCCCCCCHHHHHHHHHHHHHHHHHHHHHCCEEEEECCCCCHHHHHHHHCCCCCEEEEEEECCHHHHHHHHHCCCCCCCCHHHHHHHHHHCCCCCCCCCCEEEEECCCCHHHHHHHHHHHHHCC
0 0 0 0 0 0 0 0 0 0 0 0 0 0 0 0 0 0 0 0 0 0 0 0 0 0 0 0 0 0 0 0 0 0 0 0 0 0 0 0 0 0 0 0 0 0 0 0 0 0 0 0 0 0 0 0 0 0 0 0 0 0 0 0 0 0 0 0 0 0 0 0 0 0 0 0 0 0 0 0 0 0 0 0 0 0 0 0 0 0 0 0 0 0 0 0 0 0 0 0 0 0 0 0 0 0 0 0 0 0 0 0 0 0 0 0 0 0 0 0 0 0 0 0 0 0 0 0 0 0 0 0 0 0 0 0 0 0 0 0 0 0 0 0 0 0 0 0 0 0 0 0 0 0 0 0 0 0 0 0 0 0 0 0 0 0 0 0 0 0 0 0 
0 0 0 0 0 0 0 0 0 0 0 0 0 0 0 0 0 0 0 0 0 0 0 0 0 0 0 0 0 0 0 0 0 0 0 0 0 0 0 0 0 0 0 0 0 0 0 0 0 0 0 0 0 0 0 0 0 0 0 0 0 0 0 0 0 0 0 0 0 0 0 0 0 0 0 0 0 0 0 0 0 0 0 0 0 0 0 0 0 0 0 0 0 0 0 0 0 0 0 0 0 0 0 0 0 0 0 0 0 0 0 0 0 0 0 0 0 0 0 0 0 0 0 0 0 0 0 0 0 0 0 0 0 0 0 0 0 0 0 0 0 0 0 0 0 0 0 0 0 0 0 0 0 0 0 0 0 0 0 0 0 0 0 0 0 0 0 0 0 0 0 0 
0 0.00396705 0.00387105 0.00384383 0.00390827 0.00451584 0.265832 0.0159239 0.0123474 0.0273287 0.0111661 0.0106573 0.0102533 0.0102829 0.0161277 0.00915503 0.00917687 0.00891592 0.00947386 0.00893221 0.00895957 0.0116562 0.00856216 0.00827503 0.00864557 0.00837677 0.009423 
0.00396705 0 0.00388862 0.00388495 0.00411429 0.00390914 0.0604881 0.220169 0.0254135 0.0116272 0.0108752 0.0297737 0.0283851 0.0273151 0.0117598 0.00985153 0.0122134 0.0185767 0.0177092 0.0127939 0.0136748 0.00864119 0.00886597 0.00921953 0.00868239 0.00928169 0.00841244 
0.00387105 0.00388862 0 0.00385596 0.00385254 0.00381576 0.100822 0.0791741 0.0549428 0.0116904 0.0101951 0.0460309 0.10753 0.0327705 0.0146559 0.0100342 0.0215555 0.0410262 0.0622862 0.0475004 0.0114022 0.00979832 0.00883203 0.00908659 0.0110438 0.00891208 0.00879307 
0.00384383 0.00388495 0.00385596 0 0.00379729 0.00377576 0.0607757 0.216094 0.0470835 0.0220015 0.0100218 0.0402089 0.107077 0.0799478 0.0138466 0.0106909 0.0246652 0.072483 0.0904866 0.0461034 0.0166279 0.00883863 0.00857551 0.00978733 0.0106269 0.00941575 0.00851816 
0.00390827 0.00411429 0.00385254 0.00379729 0 0.00398644 0.0182066 0.0978877 0.273151 0.0217543 0.0101713 0.0158655 0.0409489 0.145247 0.0244657 0.00962137 0.017664 0.0403666 0.0333721 0.0200975 0.0201913 0.0093049 0.00848222 0.00903217 0.0091988 0.00939788 0.00842168 
0.00451584 0.00390914 0.00381576 0.00377576 0.00398644 0 0.0243534 0.027741 0.103889 0.162976 0.0124826 0.0114486 0.0133887 0.0264236 0.0547416 0.0153314 0.010454 0.013522 0.0133996 0.0122214 0.0101842 0.0103865 0.00987076 0.00869557 0.00855967 0.00880362 0.00876685 
0.265832 0.0604881 0.100822 0.0607757 0.0182066 0.0243534 0 0.00419215 0.00380991 0.00404498 0.0616839 0.0845099 0.0122758 0.0148806 0.0270465 0.0116649 0.0112812 0.010793 0.0123068 0.0104514 0.0093403 0.0144673 0.00886478 0.00839001 0.0086799 0.00854419 0.0103965 
0.0159239 0.220169 0.0791741 0.216094 0.0978877 0.027741 0.00419215 0 0.00378005 0.0037598 0.022163 0.0803069 0.18606 0.0393458 0.0142566 0.0110553 0.0189782 0.0288467 0.0261952 0.0200755 0.0148198 0.00924889 0.0084889 0.00946346 0.00923339 0.00950792 0.00848767 
0.0123474 0.0254135 0.0549428 0.0470835 0.273151 0.103889 0.00380991 0.00378005 0 0.0037557 0.0104594 0.0304556 0.0601121 0.386496 0.0252339 0.011939 0.0136435 0.017639 0.0196052 0.0136353 0.0232699 0.00895834 0.00890264 0.00935912 0.00900453 0.00932757 0.00833118 
0.0273287 0.0116272 0.0116904 0.0220015 0.0217543 0.162976 0.00404498 0.0037598 0.0037557 0 0.0131248 0.0116674 0.019926 0.0345387 0.324843 0.0148572 0.0113721 0.0101817 0.00971215 0.0101284 0.00880738 0.0123833 0.0103639 0.00852233 0.00839287 0.00822286 0.00893264 
0.0111661 0.0108752 0.0101951 0.0100218 0.0101713 0.0124826 0.0616839 0.022163 0.0104594 0.0131248 0 0.00477919 0.00383819 0.00384275 0.00429798 0.0835463 0.0140403 0.0201881 0.0109546 0.0110909 0.0108149 0.0172016 0.0108415 0.00908878 0.00906328 0.00925111 0.0131287 
0.0106573 0.0297737 0.0460309 0.0402089 0.0158655 0.0114486 0.0845099 0.0803069 0.0304556 0.0116674 0.00477919 0 0.00377983 0.00377704 0.00384323 0.0486233 0.119664 0.0287087 0.0416247 0.0172543 0.0172115 0.0105497 0.0115467 0.0145789 0.011344 0.0132296 0.00957262 
0.0102533 0.0283851 0.10753 0.107077 0.0409489 0.0133887 0.0122758 0.18606 0.0601121 0.019926 0.00383819 0.00377983 0 0.00382818 0.00379439 0.0526657 0.0734307 0.168682 0.0729732 0.0851336 0.0198316 0.0110764 0.0108047 0.0174112 0.0303844 0.0167419 0.00963064 
0.0102829 0.0273151 0.0327705 0.0799478 0.145247 0.0264236 0.0148806 0.0393458 0.386496 0.0345387 0.00384275 0.00377704 0.00382818 0 0.00378793 0.0208496 0.0724921 0.0925147 0.114706 0.053826 0.133105 0.0160103 0.0112958 0.0171616 0.0169355 0.0354358 0.0100103 
0.0161277 0.0117598 0.0146559 0.0138466 0.0244657 0.0547416 0.0270465 0.0142566 0.0252339 0.324843 0.00429798 0.00384323 0.00379439 0.00378793 0 0.0375609 0.0265982 0.0436708 0.0356541 0.0555677 0.0449919 0.21134 0.024956 0.0109535 0.0106947 0.010406 0.026048 
0.00915503 0.00985153 0.0100342 0.0106909 0.00962137 0.0153314 0.0116649 0.0110553 0.011939 0.0148572 0.0835463 0.0486233 0.0526657 0.0208496 0.0375609 0 0.00404415 0.00380999 0.00377172 0.003832 0.00444336 0.0047527 0.0735519 0.011658 0.00969872 0.0124977 0.0153821 
0.00917687 0.0122134 0.0215555 0.0246652 0.017664 0.010454 0.0112812 0.0189782 0.0136435 0.0113721 0.0140403 0.119664 0.0734307 0.0724921 0.0265982 0.00404415 0 0.00376237 0.00378666 0.00389411 0.00383293 0.00428475 0.0187818 0.0524169 0.017955 0.0178303 0.0123958 
0.00891592 0.0185767 0.0410262 0.072483 0.0403666 0.013522 0.010793 0.0288467 0.017639 0.0101817 0.0201881 0.0287087 0.168682 0.0925147 0.0436708 0.00380999 0.00376237 0 0.0037757 0.00376772 0.00378167 0.00387145 0.147783 0.0296489 0.0580715 0.0253964 0.0102554 
0.00947386 0.0177092 0.0622862 0.0904866 0.0333721 0.0133996 0.0123068 0.0261952 0.0196052 0.00971215 0.0109546 0.0416247 0.0729732 0.114706 0.0356541 0.00377172 0.00378666 0.0037757 0 0.00375025 0.00378305 0.0038327 0.0208007 0.201063 0.0369969 0.0343115 0.0104196 
0.00893221 0.0127939 0.0475004 0.0461034 0.0200975 0.0122214 0.0104514 0.0200755 0.0136353 0.0101284 0.0110909 0.0172543 0.0851336 0.053826 0.0555677 0.003832 0.00389411 0.00376772 0.00375025 0 0.00380578 0.00378148 0.0239913 0.0276652 0.275997 0.0129882 0.0160224 
0.00895957 0.0136748 0.0114022 0.0166279 0.0201913 0.0101842 0.0093403 0.0148198 0.0232699 0.00880738 0.0108149 0.0172115 0.0198316 0.133105 0.0449919 0.00444336 0.00383293 0.00378167 0.00378305 0.00380578 0 0.00380709 0.0213275 0.0182986 0.0137899 0.472739 0.0100464 
0.0116562 0.00864119 0.00979832 0.00883863 0.0093049 0.0103865 0.0144673 0.00924889 0.00895834 0.0123833 0.0172016 0.0105497 0.0110764 0.0160103 0.21134 0.0047527 0.00428475 0.00387145 0.0038327 0.00378148 0.00380709 0 0.0145968 0.0116844 0.021298 0.0135838 0.368152 
0.00856216 0.00886597 0.00883203 0.00857551 0.00848222 0.00987076 0.00886478 0.0084889 0.00890264 0.0103639 0.0108415 0.0115467 0.0108047 0.0112958 0.024956 0.0735519 0.0187818 0.147783 0.0208007 0.0239913 0.0213275 0.0145968 0 0.00532096 0.0038628 0.00601616 0.00641887 
0.00827503 0.00921953 0.00908659 0.00978733 0.00903217 0.00869557 0.00839001 0.00946346 0.00935912 0.00852233 0.00908878 0.0145789 0.0174112 0.0171616 0.0109535 0.011658 0.0524169 0.0296489 0.201063 0.0276652 0.0182986 0.0116844 0.00532096 0 0.00378962 0.00384736 0.00394946 
0.00864557 0.00868239 0.0110438 0.0106269 0.0091988 0.00855967 0.0086799 0.00923339 0.00900453 0.00839287 0.00906328 0.011344 0.0303844 0.0169355 0.0106947 0.00969872 0.017955 0.0580715 0.0369969 0.275997 0.0137899 0.021298 0.0038628 0.00378962 0 0.00385779 0.00398841 
0.00837677 0.00928169 0.00891208 0.00941575 0.00939788 0.00880362 0.00854419 0.00950792 0.00932757 0.00822286 0.00925111 0.0132296 0.0167419 0.0354358 0.010406 0.0124977 0.0178303 0.0253964 0.0343115 0.0129882 0.472739 0.0135838 0.00601616 0.00384736 0.00385779 0 0.00378403 
0.009423 0.00841244 0.00879307 0.00851816 0.00842168 0.00876685 0.0103965 0.00848767 0.00833118 0.00893264 0.0131287 0.00957262 0.00963064 0.0100103 0.026048 0.0153821 0.0123958 0.0102554 0.0104196 0.0160224 0.0100464 0.368152 0.00641887 0.00394946 0.00398841 0.00378403 0 
