1KPHC
DELKPHFANVQAHYDLSDDFFRLFLDPTQTYSCAYFERDDMTLQEAQIAKIDLALGKLGLQPGMTLLDVGCGWGATMMRAVEKYDVNVVGLTLSKNQANHVQQLVANSENLRSKRVLLAGWEQFDEPVDRIVSIGAFEHFGHERYDAFFSLAHRLLPADGVMLLHTITGLHPKEIHERGLPMSFTFARFLKFIVTEIFPGGRLPSIPMVQECASANGFTVTRVQSLQPHYAKTLDLWSAALQANKGQAIALQSEEVYERYMKYLTGCAEMFRIGYIDVNQFTCQK
CCCCCCHHHHHHHHCCCHHHHCCCCCCCCCCCCCCCCCCCCCHHHHHHHHHHHHHCCCCCCCCCEEEEECCCCCHHHHHHHHHHCCEEEEEECCHHHHHHHHHHHHHCCCCCCEEEEECCHHHCCCCCCEEEEECCHHHCCHHHHHHHHHHHHHHCCCCCEEEEEEEEECCHHHHCCCCCCCHHHHHHHHHHHHHHCCCCCCCCCHHHHHHHHHHCCCEEEEEEECHHHHHHHHHHHHHHHHHCHHHHHHHCCHHHHHHHHHHHHHHHHHHHHCCEEEEEEEEEC
0 0 0 0 0 0 0 0 0 0 0 0 0 0 0 0 0 0 0 0 0 0 0 0 0 0 0 0 0 0 0 0 0 0 0 0 0 0 0 0 0 0 0 0 0 0 0 0 0 0 0 0 0 0 0 0 0 0 0 0 0 0 0 0 0 0 0 0 0 0 0 0 0 0 0 0 0 0 0 0 0 0 0 0 0 0 0 0 0 0 0 0 0 0 0 0 0 0 0 0 0 0 0 0 0 0 0 0 0 0 0 0 0 0 0 0 0 0 0 0 0 0 0 0 0 0 0 0 0 0 0 0 0 0 0 0 0 0 0 0 0 0 0 0 0 0 0 0 0 0 0 0 0 0 0 0 0 0 0 0 0 0 0 0 0 0 0 0 0 0 0 0 0 0 0 0 0 0 0 0 0 0 0 0 0 0 0 0 0 0 0 0 0 0 0 0 0 0 0 0 0 0 0 0 0 0 0 0 0 0 0 0 0 0 0 0 0 0 0 0 0 0 0 0 0 0 0 0 0 0 0 0 0 0 0 0 0 0 0 0 0 0 0 0 0 0 0 0 0 0 0 0 0 0 0 0 0 0 0 0 0 0 0 0 0 0 0 0 0 0 0 0 0 0 0 0 0 0 0 0 0 0 0 0 0 
0 0 0 0 0 0 0 0 0 0 0 0 0 0 0 0 0 0 0 0 0 0 0 0 0 0 0 0 0 0 0 0 0 0 0 0 0 0 0 0 0 0 0 0 0 0 0 0 0 0 0 0 0 0 0 0 0 0 0 0 0 0 0 0 0 0 0 0 0 0 0 0 0 0 0 0 0 0 0 0 0 0 0 0 0 0 0 0 0 0 0 0 0 0 0 0 0 0 0 0 0 0 0 0 0 0 0 0 0 0 0 0 0 0 0 0 0 0 0 0 0 0 0 0 0 0 0 0 0 0 0 0 0 0 0 0 0 0 0 0 0 0 0 0 0 0 0 0 0 0 0 0 0 0 0 0 0 0 0 0 0 0 0 0 0 0 0 0 0 0 0 0 0 0 0 0 0 0 0 0 0 0 0 0 0 0 0 0 0 0 0 0 0 0 0 0 0 0 0 0 0 0 0 0 0 0 0 0 0 0 0 0 0 0 0 0 0 0 0 0 0 0 0 0 0 0 0 0 0 0 0 0 0 0 0 0 0 0 0 0 0 0 0 0 0 0 0 0 0 0 0 0 0 0 0 0 0 0 0 0 0 0 0 0 0 0 0 0 0 0 0 0 0 0 0 0 0 0 0 0 0 0 0 0 0 
0 0.00401864 0.00375843 0.00405266 0.00412228 0.678897 0.013364 0.0140255 0.012796 0.0105629 0.0479111 0.0127073 0.0180744 0.00943976 0.0123525 0.0148328 0.0207221 0.0101844 0.00994648 0.0107996 0.0122183 0.00952656 0.00895383 0.0089674 0.00866347 0.0087126 0.0087648 0.00849395 0.00970547 0.0103012 0.00995739 0.0082278 0.00824277 0.00828904 0.00818371 0.00823309 0.00902022 0.00833502 0.0083566 0.00838871 0.0083325 0.00838166 0.00836743 0.00839873 0.0084485 0.00859979 
0.00401864 0 0.00380736 0.00379565 0.00384762 0.0187506 0.677872 0.0170141 0.0347784 0.0392947 0.0104031 0.0172205 0.0107323 0.022437 0.0129548 0.00965998 0.0300835 0.0379245 0.0234763 0.0167778 0.0104261 0.00916675 0.0124503 0.0129074 0.0125359 0.0113761 0.0103859 0.0115275 0.00958369 0.00876746 0.00831494 0.00878273 0.00839513 0.00856976 0.00830453 0.00844116 0.00825579 0.00837107 0.00851869 0.00858037 0.00860208 0.0085303 0.00856838 0.00841328 0.00835874 0.00832909 
0.00375843 0.00380736 0 0.00378687 0.00375736 0.0290422 0.0306995 0.513423 0.0614935 0.0527386 0.0111749 0.0111771 0.0116246 0.0350289 0.0124911 0.010164 0.0139947 0.0382638 0.0984589 0.0212158 0.0137902 0.00903038 0.0140324 0.0285561 0.0209401 0.0214855 0.0186203 0.0226854 0.0105949 0.00861233 0.00842635 0.00851509 0.0084594 0.00841728 0.00842808 0.00834744 0.00823305 0.00854138 0.0085116 0.00870541 0.00861225 0.00858191 0.00861183 0.00842931 0.00832468 0.00859979 
0.00405266 0.00379565 0.00378687 0 0.00385554 0.0234798 0.0637835 0.0408998 0.582116 0.07054 0.08868 0.00895409 0.0305451 0.00944972 0.0428368 0.0144571 0.011221 0.0275675 0.0323938 0.177068 0.0154516 0.00996859 0.0144156 0.0252086 0.0171603 0.0159978 0.0203187 0.0141001 0.018686 0.00876558 0.00887559 0.00854033 0.00857507 0.00857771 0.00842956 0.00850462 0.00832886 0.00831585 0.00867104 0.0086382 0.00863077 0.00863793 0.00863451 0.0084876 0.00835834 0.0082716 
0.00412228 0.00384762 0.00375736 0.00385554 0 0.017973 0.0591839 0.0545685 0.0195176 0.505932 0.102439 0.0305917 0.00900574 0.0131404 0.00957018 0.0428355 0.0184974 0.0167652 0.0188174 0.0185511 0.087214 0.0156554 0.0113992 0.0158612 0.0110595 0.0118494 0.00941918 0.0122909 0.00983997 0.0112455 0.00855627 0.00836688 0.00817294 0.00822135 0.00820808 0.00828217 0.0082726 0.00894163 0.00834132 0.00867928 0.00836246 0.00860504 0.00833185 0.00856447 0.00823669 0.00822114 
0.678897 0.0187506 0.0290422 0.0234798 0.017973 0 0.00419497 0.00381478 0.00383903 0.00386796 0.00877559 0.0370736 0.0647838 0.00911116 0.0178394 0.0211967 0.0501422 0.0154401 0.0127182 0.0191139 0.0163479 0.012465 0.0111285 0.011956 0.010183 0.0100807 0.0109386 0.00965963 0.0123111 0.0123811 0.011424 0.00826314 0.00852063 0.00830854 0.00821814 0.00826833 0.00925432 0.00843271 0.00833936 0.0083133 0.00833505 0.00836287 0.00839186 0.00828792 0.00833435 0.00867309 
0.013364 0.677872 0.0306995 0.0637835 0.0591839 0.00419497 0 0.00379522 0.00377719 0.00403253 0.00420819 0.384683 0.0199968 0.0562087 0.0152594 0.0127467 0.0200213 0.0874415 0.0395807 0.0213572 0.0177397 0.0105703 0.0207594 0.0240178 0.021881 0.0223225 0.015472 0.0268911 0.0129215 0.00997921 0.00839139 0.00940133 0.00851417 0.00859763 0.00849768 0.00850112 0.00829261 0.00835666 0.00855392 0.00886056 0.00879707 0.00866783 0.00875434 0.00852126 0.00837675 0.00849888 
0.0140255 0.0170141 0.513423 0.0408998 0.0545685 0.00381478 0.00379522 0 0.00377575 0.00378682 0.00381879 0.0207076 0.256232 0.0359601 0.0257738 0.0107368 0.0194239 0.02735 0.0912488 0.0320922 0.0140049 0.0100773 0.0233862 0.0450169 0.0415632 0.037976 0.0390232 0.0378157 0.013548 0.00899228 0.00880711 0.00854933 0.0091469 0.0090752 0.00874104 0.00839736 0.00848859 0.00833501 0.00876067 0.00917706 0.00890015 0.00885991 0.0090387 0.00867394 0.00831692 0.00853363 
0.012796 0.0347784 0.0614935 0.582116 0.0195176 0.00383903 0.00377719 0.00377575 0 0.00377861 0.00378946 0.0166042 0.0449709 0.265301 0.0301963 0.0165393 0.0130123 0.0724993 0.0539461 0.0803588 0.0130386 0.0104255 0.0225302 0.0633049 0.0386702 0.0387362 0.0475592 0.0324415 0.0194798 0.00926444 0.00899821 0.00872189 0.00907503 0.00922251 0.00869916 0.00859643 0.0085139 0.00838162 0.00888966 0.00891511 0.00895098 0.00901132 0.00897986 0.00868436 0.00837889 0.00870321 
0.0105629 0.0392947 0.0527386 0.07054 0.505932 0.00386796 0.00403253 0.00378682 0.00377861 0 0.00421338 0.034332 0.0129947 0.0305572 0.350945 0.0312758 0.0168138 0.0287831 0.0587963 0.0442696 0.0514022 0.0103389 0.0232495 0.021316 0.0251458 0.0185352 0.0167472 0.0236772 0.0134305 0.0107551 0.00853759 0.00905872 0.00833073 0.00862559 0.00838393 0.0084459 0.0083419 0.00840042 0.00852982 0.00874692 0.00849294 0.00848462 0.00867256 0.00844584 0.00831003 0.00825269 
0.0479111 0.0104031 0.0111749 0.08868 0.102439 0.00877559 0.00420819 0.00381879 0.00378946 0.00421338 0 0.014191 0.0215044 0.0123915 0.0459267 0.479994 0.0200718 0.0137018 0.0123146 0.0409796 0.0260449 0.022089 0.0101515 0.013235 0.0106235 0.0108129 0.0112461 0.00973434 0.0143996 0.0099198 0.0136973 0.00821276 0.00853618 0.00834297 0.00822196 0.00832845 0.00898538 0.00874378 0.00840651 0.00827084 0.00828507 0.00829038 0.00825889 0.00824629 0.00822411 0.00834847 
0.0127073 0.0172205 0.0111771 0.00895409 0.0305917 0.0370736 0.384683 0.0207076 0.0166042 0.034332 0.014191 0 0.00399923 0.0040079 0.00403147 0.0048129 0.0130536 0.0136293 0.0186676 0.01378 0.130698 0.0168114 0.0111738 0.00977918 0.0100401 0.0102236 0.00900924 0.0123084 0.00933568 0.0307263 0.00858161 0.0106896 0.00821699 0.00824718 0.00829505 0.00868224 0.00905223 0.00921522 0.00813684 0.00838652 0.00821912 0.0081927 0.0083264 0.00810969 0.00857121 0.00860713 
0.0180744 0.0107323 0.0116246 0.0305451 0.00900574 0.0647838 0.0199968 0.256232 0.0449709 0.0129947 0.0215044 0.00399923 0 0.00375599 0.00390942 0.00382721 0.0114638 0.0227965 0.0193928 0.0886537 0.00939943 0.0122143 0.0161631 0.0144657 0.0115398 0.0133105 0.0199011 0.00943355 0.0407982 0.0088716 0.0114913 0.00814568 0.00924238 0.00825953 0.00827609 0.00823407 0.00858131 0.0082585 0.00848314 0.00830173 0.0084369 0.00839877 0.00835015 0.00844627 0.00837433 0.00851105 
0.00943976 0.022437 0.0350289 0.00944972 0.0131404 0.00911116 0.0562087 0.0359601 0.265301 0.0305572 0.0123915 0.0040079 0.00375599 0 0.00375664 0.00378411 0.0124573 0.0190601 0.0769347 0.0133109 0.0146316 0.0102152 0.0148533 0.0201834 0.0207646 0.019091 0.0122324 0.0713822 0.00887751 0.010298 0.00823986 0.0115642 0.00834915 0.00861292 0.00846125 0.00861942 0.00824042 0.00841308 0.00844087 0.00890648 0.00869852 0.00855148 0.00893839 0.00852642 0.00858253 0.0083718 
0.0123525 0.0129548 0.0124911 0.0428368 0.00957018 0.0178394 0.0152594 0.0257738 0.0301963 0.350945 0.0459267 0.00403147 0.00390942 0.00375664 0 0.00378751 0.0114611 0.0309261 0.0216954 0.041962 0.00945665 0.0108924 0.0151791 0.016349 0.0136811 0.0126465 0.0245204 0.00999291 0.0226464 0.00857243 0.010493 0.00829448 0.00879217 0.00845654 0.00835805 0.00819885 0.00827791 0.00818935 0.00837426 0.00841618 0.00841073 0.00839968 0.00836407 0.00831135 0.00813873 0.00821792 
0.0148328 0.00965998 0.010164 0.0144571 0.0428355 0.0211967 0.0127467 0.0107368 0.0165393 0.0312758 0.479994 0.0048129 0.00382721 0.00378411 0.00378751 0 0.0294992 0.0177968 0.016884 0.0180933 0.0511064 0.0184468 0.011097 0.012127 0.0116594 0.012671 0.0103533 0.0111435 0.0126064 0.0166156 0.0105245 0.00845909 0.00831986 0.00832139 0.00826239 0.00829626 0.00904286 0.008796 0.00833104 0.00826193 0.00837344 0.00835896 0.00833386 0.00828879 0.00820351 0.00823846 
0.0207221 0.0300835 0.0139947 0.011221 0.0184974 0.0501422 0.0200213 0.0194239 0.0130123 0.0168138 0.0200718 0.0130536 0.0114638 0.0124573 0.0114611 0.0294992 0 0.00387238 0.00377082 0.00381691 0.00419703 0.672764 0.019821 0.0212524 0.0152508 0.0154603 0.0119424 0.013889 0.0127804 0.0208994 0.0116886 0.00939392 0.0088964 0.00871655 0.00860125 0.00880022 0.0119972 0.009089 0.00875984 0.00888217 0.00887158 0.00919062 0.00897081 0.00845218 0.00864068 0.0089365 
0.0101844 0.0379245 0.0382638 0.0275675 0.0167652 0.0154401 0.0874415 0.02735 0.0724993 0.0287831 0.0137018 0.0136293 0.0227965 0.0190601 0.0309261 0.0177968 0.00387238 0 0.003808 0.00381365 0.00400218 0.0528159 0.691107 0.0304027 0.0506681 0.0236943 0.0389664 0.023039 0.0305001 0.0113872 0.00922978 0.00999764 0.00898256 0.0092882 0.00896408 0.0102441 0.00884957 0.00855481 0.00925131 0.00971116 0.00984655 0.00951883 0.00973905 0.0089454 0.00891652 0.00888656 
0.00994648 0.0234763 0.0984589 0.0323938 0.0188174 0.0127182 0.0395807 0.0912488 0.0539461 0.0587963 0.0123146 0.0186676 0.0193928 0.0769347 0.0216954 0.016884 0.00377082 0.003808 0 0.00385823 0.00390331 0.0366152 0.0552712 0.616706 0.0542132 0.114199 0.039546 0.126277 0.0162225 0.011766 0.00918834 0.0110701 0.0107411 0.0111234 0.0113582 0.00938792 0.00895061 0.00896314 0.00946529 0.0111343 0.0110364 0.00995641 0.0113299 0.00918029 0.00860209 0.00919883 
0.0107996 0.0167778 0.0212158 0.177068 0.0185511 0.0191139 0.0213572 0.0320922 0.0803588 0.0442696 0.0409796 0.01378 0.0886537 0.0133109 0.041962 0.0180933 0.00381691 0.00381365 0.00385823 0 0.00390684 0.0223715 0.0739888 0.0722137 0.434611 0.0325025 0.127818 0.0221758 0.171435 0.0126138 0.0116776 0.00919514 0.0102069 0.0104042 0.00948534 0.00999771 0.00997499 0.00877163 0.0100132 0.00967757 0.0105191 0.010245 0.00997763 0.00973659 0.00915292 0.00871185 
0.0122183 0.0104261 0.0137902 0.0154516 0.087214 0.0163479 0.0177397 0.0140049 0.0130386 0.0514022 0.0260449 0.130698 0.00939943 0.0146316 0.00945665 0.0511064 0.00419703 0.00400218 0.00390331 0.00390684 0 0.0296081 0.0190865 0.0675136 0.0308491 0.240804 0.0201918 0.0422662 0.0234811 0.126099 0.0106414 0.0106979 0.00842633 0.00856309 0.0084382 0.00883287 0.0100187 0.010151 0.00888496 0.00871332 0.0104161 0.00875207 0.00866315 0.00848988 0.00863596 0.00882609 
0.00952656 0.00916675 0.00903038 0.00996859 0.0156554 0.012465 0.0105703 0.0100773 0.0104255 0.0103389 0.022089 0.0168114 0.0122143 0.0102152 0.0108924 0.0184468 0.672764 0.0528159 0.0366152 0.0223715 0.0296081 0 0.0040451 0.00382752 0.003805 0.00379289 0.00395915 0.00396121 0.00530348 0.00981058 0.0693043 0.00889075 0.00888343 0.00854934 0.00862153 0.00899165 0.0171582 0.0089227 0.00869751 0.00872939 0.00876367 0.00914059 0.00892233 0.00887499 0.00914139 0.0129722 
0.00895383 0.0124503 0.0140324 0.0144156 0.0113992 0.0111285 0.0207594 0.0233862 0.0225302 0.0232495 0.0101515 0.0111738 0.0161631 0.0148533 0.0151791 0.011097 0.019821 0.691107 0.0552712 0.0739888 0.0190865 0.0040451 0 0.00379173 0.00377463 0.00381286 0.00375868 0.00401622 0.0061498 0.00516799 0.0132465 0.017427 0.00970573 0.010677 0.0097536 0.011437 0.0103583 0.00919913 0.0106059 0.0115492 0.0117675 0.0113238 0.0122623 0.00955741 0.00995113 0.00913512 
0.0089674 0.0129074 0.0285561 0.0252086 0.0158612 0.011956 0.0240178 0.0450169 0.0633049 0.021316 0.013235 0.00977918 0.0144657 0.0201834 0.016349 0.012127 0.0212524 0.0304027 0.616706 0.0722137 0.0675136 0.00382752 0.00379173 0 0.00375641 0.00377315 0.00372816 0.00378338 0.00384368 0.00396468 0.0224437 0.0133532 0.0178165 0.0153955 0.0186092 0.0122363 0.0110523 0.00918527 0.0127343 0.0188243 0.0185906 0.0202231 0.016968 0.0162481 0.00976112 0.0104805 
0.00866347 0.0125359 0.0209401 0.0171603 0.0110595 0.010183 0.021881 0.0415632 0.0386702 0.0251458 0.0106235 0.0100401 0.0115398 0.0207646 0.0136811 0.0116594 0.0152508 0.0506681 0.0542132 0.434611 0.0308491 0.003805 0.00377463 0.00375641 0 0.00375204 0.00377181 0.00377343 0.00376008 0.00386682 0.0135479 0.0209271 0.0133108 0.0191842 0.0145265 0.0114009 0.00963257 0.00905017 0.0114903 0.0176925 0.0195986 0.0155187 0.0224785 0.0109224 0.00946928 0.0106076 
0.0087126 0.0113761 0.0214855 0.0159978 0.0118494 0.0100807 0.0223225 0.037976 0.0387362 0.0185352 0.0108129 0.0102236 0.0133105 0.019091 0.0126465 0.012671 0.0154603 0.0236943 0.114199 0.0325025 0.240804 0.00379289 0.00381286 0.00377315 0.00375204 0 0.00375312 0.00378366 0.00375899 0.00379625 0.0214014 0.0135595 0.0192783 0.0167665 0.0125591 0.0113378 0.0097733 0.00907796 0.0115371 0.0190551 0.0155444 0.022385 0.0150233 0.0123364 0.00989961 0.00951339 
0.0087648 0.0103859 0.0186203 0.0203187 0.00941918 0.0109386 0.015472 0.0390232 0.0475592 0.0167472 0.0112461 0.00900924 0.0199011 0.0122324 0.0245204 0.0103533 0.0119424 0.0389664 0.039546 0.127818 0.0201918 0.00395915 0.00375868 0.00372816 0.00377181 0.00375312 0 0.00375531 0.00380288 0.00378158 0.0209783 0.0183287 0.0234672 0.0192915 0.0122806 0.010597 0.010002 0.0089915 0.0129153 0.0158536 0.0196478 0.016856 0.0170919 0.0133986 0.00893239 0.00958988 
0.00849395 0.0115275 0.0226854 0.0141001 0.0122909 0.00965963 0.0268911 0.0378157 0.0324415 0.0236772 0.00973434 0.0123084 0.00943355 0.0713822 0.00999291 0.0111435 0.013889 0.023039 0.126277 0.0221758 0.0422662 0.00396121 0.00401622 0.00378338 0.00377343 0.00378366 0.00375531 0 0.00376323 0.00377788 0.0139268 0.0411955 0.0168678 0.0201149 0.0174881 0.0112424 0.00939505 0.00934614 0.0102576 0.0208325 0.0157283 0.014604 0.0196402 0.0102152 0.00941761 0.00938759 
0.00970547 0.00958369 0.0105949 0.018686 0.00983997 0.0123111 0.0129215 0.013548 0.0194798 0.0134305 0.0143996 0.00933568 0.0407982 0.00887751 0.0226464 0.0126064 0.0127804 0.0305001 0.0162225 0.171435 0.0234811 0.00530348 0.0061498 0.00384368 0.00376008 0.00375899 0.00380288 0.00376323 0 0.00386316 0.0274962 0.0114851 0.0181423 0.0138731 0.0126762 0.0194749 0.0137015 0.00935411 0.0114895 0.0101615 0.0127461 0.0141306 0.0100924 0.0101767 0.0085944 0.0089309 
0.0103012 0.00876746 0.00861233 0.00876558 0.0112455 0.0123811 0.00997921 0.00899228 0.00926444 0.0107551 0.0099198 0.0307263 0.0088716 0.010298 0.00857243 0.0166156 0.0208994 0.0113872 0.011766 0.0126138 0.126099 0.00981058 0.00516799 0.00396468 0.00386682 0.00379625 0.00378158 0.00377788 0.00386316 0 0.0122033 0.0148703 0.00950139 0.0112563 0.00985031 0.0147103 0.0234989 0.0134124 0.00863309 0.00887628 0.0088852 0.0086504 0.00879003 0.00845179 0.00892422 0.00844028 
0.00995739 0.00831494 0.00842635 0.00887559 0.00855627 0.011424 0.00839139 0.00880711 0.00899821 0.00853759 0.0136973 0.00858161 0.0114913 0.00823986 0.010493 0.0105245 0.0116886 0.00922978 0.00918834 0.0116776 0.0106414 0.0693043 0.0132465 0.0224437 0.0135479 0.0214014 0.0209783 0.0139268 0.0274962 0.0122033 0 0.00387254 0.00415322 0.00398566 0.00413237 0.00468064 0.0111728 0.0234369 0.0140799 0.00981377 0.0098526 0.0100333 0.00908026 0.0130234 0.0098713 0.0271374 
0.0082278 0.00878273 0.00851509 0.00854033 0.00836688 0.00826314 0.00940133 0.00854933 0.00872189 0.00905872 0.00821276 0.0106896 0.00814568 0.0115642 0.00829448 0.00845909 0.00939392 0.00999764 0.0110701 0.00919514 0.0106979 0.00889075 0.017427 0.0133532 0.0209271 0.0135595 0.0183287 0.0411955 0.0114851 0.0148703 0.00387254 0 0.00377191 0.00377058 0.00387344 0.00422509 0.00386923 0.0200758 0.0119792 0.0146393 0.0110747 0.0105184 0.0182331 0.00886255 0.0292768 0.0088043 
0.00824277 0.00839513 0.0084594 0.00857507 0.00817294 0.00852063 0.00851417 0.0091469 0.00907503 0.00833073 0.00853618 0.00821699 0.00924238 0.00834915 0.00879217 0.00831986 0.0088964 0.00898256 0.0107411 0.0102069 0.00842633 0.00888343 0.00970573 0.0178165 0.0133108 0.0192783 0.0234672 0.0168678 0.0181423 0.00950139 0.00415322 0.00377191 0 0.00376628 0.00385788 0.00378495 0.00504595 0.00986005 0.0136849 0.0113857 0.0124901 0.0161622 0.0104209 0.024165 0.00956366 0.0110702 
0.00828904 0.00856976 0.00841728 0.00857771 0.00822135 0.00830854 0.00859763 0.0090752 0.00922251 0.00862559 0.00834297 0.00824718 0.00825953 0.00861292 0.00845654 0.00832139 0.00871655 0.0092882 0.0111234 0.0104042 0.00856309 0.00854934 0.010677 0.0153955 0.0191842 0.0167665 0.0192915 0.0201149 0.0138731 0.0112563 0.00398566 0.00377058 0.00376628 0 0.00374283 0.0037524 0.00377698 0.0131637 0.0131908 0.0171821 0.0186679 0.0141252 0.0188907 0.0131684 0.00965403 0.0089461 
0.00818371 0.00830453 0.00842808 0.00842956 0.00820808 0.00821814 0.00849768 0.00874104 0.00869916 0.00838393 0.00822196 0.00829505 0.00827609 0.00846125 0.00835805 0.00826239 0.00860125 0.00896408 0.0113582 0.00948534 0.0084382 0.00862153 0.0097536 0.0186092 0.0145265 0.0125591 0.0122806 0.0174881 0.0126762 0.00985031 0.00413237 0.00387344 0.00385788 0.00374283 0 0.00374573 0.00374943 0.0126663 0.0144245 0.0239537 0.0171388 0.013524 0.0252097 0.0120802 0.00876549 0.00989289 
0.00823309 0.00844116 0.00834744 0.00850462 0.00828217 0.00826833 0.00850112 0.00839736 0.00859643 0.0084459 0.00832845 0.00868224 0.00823407 0.00861942 0.00819885 0.00829626 0.00880022 0.0102441 0.00938792 0.00999771 0.00883287 0.00899165 0.011437 0.0122363 0.0114009 0.0113378 0.010597 0.0112424 0.0194749 0.0147103 0.00468064 0.00422509 0.00378495 0.0037524 0.00374573 0 0.00386675 0.0121801 0.0204472 0.0154732 0.018948 0.0271158 0.0137011 0.0101202 0.0165883 0.00937962 
0.00902022 0.00825579 0.00823305 0.00832886 0.0082726 0.00925432 0.00829261 0.00848859 0.0085139 0.0083419 0.00898538 0.00905223 0.00858131 0.00824042 0.00827791 0.00904286 0.0119972 0.00884957 0.00895061 0.00997499 0.0100187 0.0171582 0.0103583 0.0110523 0.00963257 0.0097733 0.010002 0.00939505 0.0137015 0.0234989 0.0111728 0.00386923 0.00504595 0.00377698 0.00374943 0.00386675 0 0.0140061 0.0126158 0.0143678 0.0217808 0.0147789 0.0120097 0.0150444 0.0125268 0.0362418 
0.00833502 0.00837107 0.00854138 0.00831585 0.00894163 0.00843271 0.00835666 0.00833501 0.00838162 0.00840042 0.00874378 0.00921522 0.0082585 0.00841308 0.00818935 0.008796 0.009089 0.00855481 0.00896314 0.00877163 0.010151 0.0089227 0.00919913 0.00918527 0.00905017 0.00907796 0.0089915 0.00934614 0.00935411 0.0134124 0.0234369 0.0200758 0.00986005 0.0131637 0.0126663 0.0121801 0.0140061 0 0.00454451 0.00382803 0.00387813 0.0038837 0.00397883 0.00441968 0.00641223 0.0241264 
0.0083566 0.00851869 0.0085116 0.00867104 0.00834132 0.00833936 0.00855392 0.00876067 0.00888966 0.00852982 0.00840651 0.00813684 0.00848314 0.00844087 0.00837426 0.00833104 0.00875984 0.00925131 0.00946529 0.0100132 0.00888496 0.00869751 0.0106059 0.0127343 0.0114903 0.0115371 0.0129153 0.0102576 0.0114895 0.00863309 0.0140799 0.0119792 0.0136849 0.0131908 0.0144245 0.0204472 0.0126158 0.00454451 0 0.00377795 0.00377869 0.00383222 0.00386349 0.0039393 0.00530345 0.0079858 
0.00838871 0.00858037 0.00870541 0.0086382 0.00867928 0.0083133 0.00886056 0.00917706 0.00891511 0.00874692 0.00827084 0.00838652 0.00830173 0.00890648 0.00841618 0.00826193 0.00888217 0.00971116 0.0111343 0.00967757 0.00871332 0.00872939 0.0115492 0.0188243 0.0176925 0.0190551 0.0158536 0.0208325 0.0101615 0.00887628 0.00981377 0.0146393 0.0113857 0.0171821 0.0239537 0.0154732 0.0143678 0.00382803 0.00377795 0 0.00377163 0.00375992 0.00380365 0.00381392 0.00379602 0.0048174 
0.0083325 0.00860208 0.00861225 0.00863077 0.00836246 0.00833505 0.00879707 0.00890015 0.00895098 0.00849294 0.00828507 0.00821912 0.0084369 0.00869852 0.00841073 0.00837344 0.00887158 0.00984655 0.0110364 0.0105191 0.0104161 0.00876367 0.0117675 0.0185906 0.0195986 0.0155444 0.0196478 0.0157283 0.0127461 0.0088852 0.0098526 0.0110747 0.0124901 0.0186679 0.0171388 0.018948 0.0217808 0.00387813 0.00377869 0.00377163 0 0.00375575 0.00376833 0.00383458 0.00373702 0.00428572 
0.00838166 0.0085303 0.00858191 0.00863793 0.00860504 0.00836287 0.00866783 0.00885991 0.00901132 0.00848462 0.00829038 0.0081927 0.00839877 0.00855148 0.00839968 0.00835896 0.00919062 0.00951883 0.00995641 0.010245 0.00875207 0.00914059 0.0113238 0.0202231 0.0155187 0.022385 0.016856 0.014604 0.0141306 0.0086504 0.0100333 0.0105184 0.0161622 0.0141252 0.013524 0.0271158 0.0147789 0.0038837 0.00383222 0.00375992 0.00375575 0 0.00375694 0.00376774 0.00380154 0.00398858 
0.00836743 0.00856838 0.00861183 0.00863451 0.00833185 0.00839186 0.00875434 0.0090387 0.00897986 0.00867256 0.00825889 0.0083264 0.00835015 0.00893839 0.00836407 0.00833386 0.00897081 0.00973905 0.0113299 0.00997763 0.00866315 0.00892233 0.0122623 0.016968 0.0224785 0.0150233 0.0170919 0.0196402 0.0100924 0.00879003 0.00908026 0.0182331 0.0104209 0.0188907 0.0252097 0.0137011 0.0120097 0.00397883 0.00386349 0.00380365 0.00376833 0.00375694 0 0.00376058 0.00379947 0.0038827 
0.00839873 0.00841328 0.00842931 0.0084876 0.00856447 0.00828792 0.00852126 0.00867394 0.00868436 0.00844584 0.00824629 0.00810969 0.00844627 0.00852642 0.00831135 0.00828879 0.00845218 0.0089454 0.00918029 0.00973659 0.00848988 0.00887499 0.00955741 0.0162481 0.0109224 0.0123364 0.0133986 0.0102152 0.0101767 0.00845179 0.0130234 0.00886255 0.024165 0.0131684 0.0120802 0.0101202 0.0150444 0.00441968 0.0039393 0.00381392 0.00383458 0.00376774 0.00376058 0 0.00376195 0.00376678 
0.0084485 0.00835874 0.00832468 0.00835834 0.00823669 0.00833435 0.00837675 0.00831692 0.00837889 0.00831003 0.00822411 0.00857121 0.00837433 0.00858253 0.00813873 0.00820351 0.00864068 0.00891652 0.00860209 0.00915292 0.00863596 0.00914139 0.00995113 0.00976112 0.00946928 0.00989961 0.00893239 0.00941761 0.0085944 0.00892422 0.0098713 0.0292768 0.00956366 0.00965403 0.00876549 0.0165883 0.0125268 0.00641223 0.00530345 0.00379602 0.00373702 0.00380154 0.00379947 0.00376195 0 0.00382094 
0.00859979 0.00832909 0.00859979 0.0082716 0.00822114 0.00867309 0.00849888 0.00853363 0.00870321 0.00825269 0.00834847 0.00860713 0.00851105 0.0083718 0.00821792 0.00823846 0.0089365 0.00888656 0.00919883 0.00871185 0.00882609 0.0129722 0.00913512 0.0104805 0.0106076 0.00951339 0.00958988 0.00938759 0.0089309 0.00844028 0.0271374 0.0088043 0.0110702 0.0089461 0.00989289 0.00937962 0.0362418 0.0241264 0.0079858 0.0048174 0.00428572 0.00398858 0.0038827 0.00376678 0.00382094 0 
