1KV8B
SLPMLQVALDNQTMDSAYETTRLIAEEVDIIEVGTILCVGEGVRAVRDLKALYPHKIVLADAKIADAGKILSRMCFEANADWVTVICCADINTAKGALDVAKEFNGDVQIELTGYWTWEQAQQWRDAGIGQVVYHRSRDAQAAGVAWGEADITAIKRLSDMGFKVTVTGGLALEDLPLFKGIPIHVFIAGRSIRDAASPVEAARQFKRSIAELWG
CCCEEEEEECCCCHHHHHHHHHHHCCCCCEEEECHHHHHHHCCHHHHHHHHHCCCCEEEEEEEECCCHHHHHHHHHHCCCCEEEEECCCCHHHHHHHHHHHHHCCCEEEEEECCCCCHHHHHHHHHHCCCEEEEECCHHHHHCCCCCCHHHHHHHHHHHHCCCEEEEECCCCHHHHHHHCCCCCCEEEECHHHHCCCCHHHHHHHHHHHHHHHHC
0 0 0 0 0 0 0 0 0 0 0 0 0 0 0 0 0 0 0 0 0 0 0 0 0 0 0 0 0 0 0 0 0 0 0 0 0 0 0 0 0 0 0 0 0 0 0 0 0 0 0 0 0 0 0 0 0 0 0 0 0 0 0 0 0 0 0 0 0 0 0 0 0 0 0 0 0 0 0 0 0 0 0 0 0 0 0 0 0 0 0 0 0 0 0 0 0 0 0 0 0 0 0 0 0 0 0 0 0 0 0 0 0 0 0 0 0 0 0 0 0 0 0 0 0 0 0 0 0 0 0 0 0 0 0 0 0 0 0 0 0 0 0 0 0 0 0 0 0 0 0 0 0 0 0 0 0 0 0 0 0 0 0 0 0 0 0 0 0 0 0 0 0 0 0 0 0 0 0 0 0 0 0 0 0 0 0 0 0 0 0 0 0 0 0 0 0 0 0 0 0 0 0 0 0 0 0 0 0 0 0 0 0 0 0 
0 0 0 0 0 0 0 0 0 0 0 0 0 0 0 0 0 0 0 0 0 0 0 0 0 0 0 0 0 0 0 0 0 0 0 0 0 0 0 0 0 0 0 0 0 0 0 0 0 0 0 0 0 0 0 0 0 0 0 0 0 0 0 0 0 0 0 0 0 0 0 0 0 0 0 0 0 0 0 0 0 0 0 0 0 0 0 0 0 0 0 0 0 0 0 0 0 0 0 0 0 0 0 0 0 0 0 0 0 0 0 0 0 0 0 0 0 0 0 0 0 0 0 0 0 0 0 0 0 0 0 0 0 0 0 0 0 0 0 0 0 0 0 0 0 0 0 0 0 0 0 0 0 0 0 0 0 0 0 0 0 0 0 0 0 0 0 0 0 0 0 0 0 0 0 0 0 0 0 0 0 0 0 0 0 0 0 0 0 0 0 0 0 0 0 0 0 0 0 0 0 0 0 0 0 0 0 0 0 0 0 0 0 0 0 
0 0.00394454 0.00389925 0.0038652 0.00401706 0.00520001 0.0824111 0.0169844 0.0282366 0.0191906 0.0535055 0.0132658 0.0139913 0.0111482 0.0128323 0.0100159 0.0144776 0.0158254 0.0130848 0.0100249 0.0109676 0.00984797 0.0158306 0.00997365 0.00860556 0.00950175 0.00880877 0.0096984 0.0104544 0.00875617 0.00852909 0.00865752 0.00857122 0.00942937 0.00893474 0.00835432 0.00869369 0.00831094 0.00951868 0.00872942 0.0085982 0.00860356 0.00881383 
0.00394454 0 0.00389355 0.00388987 0.00398809 0.00397973 0.0562521 0.253146 0.0179414 0.0224679 0.0127759 0.095851 0.0186148 0.0441885 0.0122252 0.0546409 0.0140745 0.0176063 0.0140845 0.035945 0.016122 0.0337083 0.0118997 0.00825014 0.0190364 0.0101552 0.0172436 0.00953699 0.00967241 0.00884601 0.0101594 0.0099543 0.0101429 0.0086787 0.00818794 0.0100072 0.00884809 0.00915917 0.00846954 0.00936735 0.00947602 0.00890918 0.00841938 
0.00389925 0.00389355 0 0.00386214 0.0038036 0.00382066 0.30474 0.0335361 0.193666 0.0113023 0.0261043 0.023172 0.138444 0.0293154 0.116849 0.0249003 0.039346 0.0110282 0.0171433 0.0208345 0.115985 0.01826 0.0164643 0.0100486 0.00985035 0.0363727 0.0150217 0.0172847 0.0090696 0.00903129 0.00965002 0.0162173 0.0104994 0.00897075 0.00920248 0.0089053 0.0113023 0.00932303 0.00866343 0.00893604 0.00954453 0.00959984 0.0085632 
0.0038652 0.00388987 0.00386214 0 0.00378449 0.00380524 0.0364059 0.58008 0.02089 0.0428392 0.0132319 0.0624696 0.0379891 0.147936 0.0239505 0.111364 0.0144862 0.0162167 0.0131612 0.043463 0.0426749 0.0416169 0.0133737 0.00872963 0.0175989 0.0130795 0.039704 0.0104272 0.00959425 0.00890517 0.010155 0.0130906 0.0108129 0.00898571 0.00841691 0.010015 0.00971569 0.00946241 0.00848804 0.00905032 0.009956 0.00973609 0.00864058 
0.00401706 0.00398809 0.0038036 0.00378449 0 0.0038012 0.0274624 0.0224387 0.743865 0.0185091 0.0214506 0.0188151 0.048591 0.0170229 0.0530938 0.0143317 0.0505908 0.0131387 0.012466 0.0170508 0.0273742 0.0299409 0.0168819 0.0100597 0.00929079 0.0145745 0.0107417 0.017625 0.00890791 0.00901303 0.0103111 0.0113126 0.0107812 0.00898363 0.00910507 0.00854226 0.00963606 0.00877913 0.00835473 0.00861016 0.0089379 0.00915851 0.00830571 
0.00520001 0.00397973 0.00382066 0.00380524 0.0038012 0 0.0197977 0.0459864 0.03214 0.633482 0.0158335 0.0168088 0.0114264 0.0193455 0.0103044 0.0153714 0.0126864 0.0417746 0.0171528 0.0137929 0.010288 0.0173922 0.0281546 0.0103785 0.0104019 0.00887624 0.0109263 0.0089659 0.0117222 0.010615 0.00888122 0.00891388 0.00898744 0.00939784 0.00880016 0.00896546 0.0084285 0.00852916 0.00856553 0.00913873 0.00861085 0.00857458 0.00893513 
0.0824111 0.0562521 0.30474 0.0364059 0.0274624 0.0197977 0 0.00390144 0.00385573 0.0040995 0.722358 0.0308502 0.0400613 0.0146337 0.0190179 0.0128814 0.0178143 0.0264022 0.0257934 0.0336485 0.0176753 0.0143798 0.0238843 0.0127086 0.0127371 0.0138992 0.0117089 0.0121503 0.0146355 0.0117498 0.0108252 0.00978126 0.00979293 0.0113798 0.00910379 0.00969012 0.00982441 0.00928383 0.00990925 0.00963764 0.00922253 0.00932461 0.00948492 
0.0169844 0.253146 0.0335361 0.58008 0.0224387 0.0459864 0.00390144 0 0.00383158 0.00397798 0.0656938 0.737003 0.0356592 0.105857 0.0169694 0.109395 0.0154655 0.0196638 0.0208854 0.058676 0.0446059 0.0401933 0.0138495 0.00887038 0.0298365 0.0123497 0.0391536 0.0114959 0.0119964 0.00996468 0.0128496 0.0143097 0.011006 0.00940031 0.00835698 0.0121798 0.00908768 0.0105154 0.00871798 0.00940607 0.0102194 0.0101279 0.00862498 
0.0282366 0.0179414 0.193666 0.02089 0.743865 0.03214 0.00385573 0.00383158 0 0.00384197 0.0428085 0.0283229 0.511726 0.0306786 0.210025 0.0227041 0.302887 0.0163941 0.0136951 0.023598 0.0622001 0.0856717 0.0270607 0.0114898 0.00994935 0.0447889 0.0143416 0.0781982 0.0105258 0.00937964 0.0122271 0.0209056 0.0180129 0.0102159 0.0103072 0.00907289 0.0131875 0.00982498 0.00897978 0.00917053 0.0123335 0.0110207 0.00886194 
0.0191906 0.0224679 0.0113023 0.0428392 0.0185091 0.633482 0.0040995 0.00397798 0.00384197 0 0.0163792 0.027583 0.0225111 0.271977 0.0225395 0.0569892 0.0248129 0.258578 0.0181424 0.0168518 0.0121214 0.0284252 0.0707943 0.0113322 0.014303 0.0093025 0.0160259 0.00963927 0.0230429 0.0134237 0.00916523 0.0102022 0.0108488 0.0125269 0.00938863 0.00909965 0.0088075 0.0101141 0.00948171 0.00988517 0.00876562 0.00936591 0.00942696 
0.0535055 0.0127759 0.0261043 0.0132319 0.0214506 0.0158335 0.722358 0.0656938 0.0428085 0.0163792 0 0.00557277 0.00381066 0.00380636 0.00384642 0.00388662 0.00451748 0.00656259 0.106198 0.021961 0.0182502 0.014121 0.0260811 0.0361064 0.0117921 0.0158655 0.0106864 0.0160767 0.0152397 0.0167924 0.0109289 0.0100322 0.0104562 0.0124207 0.0117593 0.00913499 0.0108869 0.00934004 0.0114064 0.0100689 0.00952348 0.00950044 0.0102371 
0.0132658 0.095851 0.023172 0.0624696 0.0188151 0.0168088 0.0308502 0.737003 0.0283229 0.027583 0.00557277 0 0.00379604 0.00377904 0.00380299 0.00388515 0.00435059 0.00469075 0.0525735 0.151412 0.0219409 0.041534 0.0152261 0.0101743 0.0718551 0.0151028 0.0615395 0.0145129 0.0135368 0.0129979 0.0256604 0.0215635 0.0168827 0.00988059 0.00879851 0.0182081 0.0110851 0.0127474 0.008976 0.010915 0.0132894 0.012131 0.00928103 
0.0139913 0.0186148 0.138444 0.0379891 0.048591 0.0114264 0.0400613 0.0356592 0.511726 0.0225111 0.00381066 0.00379604 0 0.00378747 0.00374871 0.00378802 0.00377496 0.00397452 0.139025 0.0293532 0.169593 0.0366581 0.0218885 0.0117687 0.0139062 0.113691 0.0278054 0.0458485 0.0125142 0.0123357 0.0203557 0.0548039 0.0186948 0.0108379 0.00986891 0.0110655 0.0277669 0.0118405 0.00948268 0.0113753 0.0155635 0.0150152 0.00960584 
0.0111482 0.0441885 0.0293154 0.147936 0.0170229 0.0193455 0.0146337 0.105857 0.0306786 0.271977 0.00380636 0.00377904 0.00378747 0 0.00375148 0.00375198 0.00377611 0.00384345 0.0237403 0.174095 0.0376775 0.0747229 0.019192 0.0103659 0.0325166 0.0190204 0.183971 0.013987 0.0197017 0.0107461 0.0216951 0.0384127 0.0224155 0.0117285 0.00866229 0.0164879 0.014341 0.019731 0.00926751 0.0115798 0.0141669 0.0167779 0.00943009 
0.0128323 0.0122252 0.116849 0.0239505 0.0530938 0.0103044 0.0190179 0.0169694 0.210025 0.0225395 0.00384642 0.00380299 0.00374871 0.00375148 0 0.00374405 0.00375902 0.0037744 0.055707 0.023572 0.133457 0.0252565 0.024392 0.0120968 0.0108412 0.100676 0.0171483 0.0792229 0.0105242 0.0107625 0.0161612 0.05113 0.0170465 0.0111056 0.00913151 0.00974643 0.0299547 0.0109371 0.00942842 0.009525 0.0150378 0.0126158 0.00942515 
0.0100159 0.0546409 0.0249003 0.111364 0.0143317 0.0153714 0.0128814 0.109395 0.0227041 0.0569892 0.00388662 0.00388515 0.00378802 0.00375198 0.00374405 0 0.00375938 0.00376937 0.0212132 0.102773 0.0382559 0.0614364 0.016641 0.00897371 0.0451312 0.014257 0.139349 0.0120406 0.0138643 0.0111027 0.0232608 0.0370859 0.0174312 0.0105902 0.00842108 0.0202155 0.0123448 0.0177854 0.00876255 0.0112886 0.0134102 0.0150139 0.00935432 
0.0144776 0.0140745 0.039346 0.0144862 0.0505908 0.0126864 0.0178143 0.0154655 0.302887 0.0248129 0.00451748 0.00435059 0.00377496 0.00377611 0.00375902 0.00375938 0 0.00379205 0.0269643 0.0482734 0.117143 0.0697733 0.0403737 0.0168958 0.0104904 0.044492 0.0131564 0.0775026 0.0114845 0.0107277 0.015769 0.0207662 0.0241029 0.0115815 0.0103307 0.00919785 0.0169104 0.0110955 0.0100231 0.0100031 0.0136557 0.0126974 0.00925531 
0.0158254 0.0176063 0.0110282 0.0162167 0.0131387 0.0417746 0.0264022 0.0196638 0.0163941 0.258578 0.00656259 0.00469075 0.00397452 0.00384345 0.0037744 0.00376937 0.00379205 0 0.0197463 0.0275808 0.0232398 0.222184 0.176728 0.0143549 0.0177218 0.0112246 0.0183618 0.0125492 0.0399814 0.018871 0.0110907 0.0115081 0.0140293 0.0192355 0.0106906 0.0100481 0.00928918 0.0116198 0.011088 0.0137955 0.0101194 0.0112436 0.0108976 
0.0130848 0.0140845 0.0171433 0.0131612 0.012466 0.0171528 0.0257934 0.0208854 0.0136951 0.0181424 0.106198 0.0525735 0.139025 0.0237403 0.055707 0.0212132 0.0269643 0.0197463 0 0.00448951 0.00378077 0.00379596 0.00392342 0.626982 0.0212997 0.0214012 0.0136119 0.0146927 0.0189985 0.0277152 0.0140561 0.0124966 0.0105475 0.0193355 0.0110603 0.0129388 0.0107369 0.0104306 0.0145811 0.0134218 0.0116674 0.0105188 0.012577 
0.0100249 0.035945 0.0208345 0.043463 0.0170508 0.0137929 0.0336485 0.058676 0.023598 0.0168518 0.021961 0.151412 0.0293532 0.174095 0.023572 0.102773 0.0482734 0.0275808 0.00448951 0 0.00380092 0.00382356 0.00383752 0.0183642 0.711895 0.0164947 0.0933776 0.0160065 0.0162668 0.0148228 0.0507989 0.0275747 0.0333748 0.0113756 0.00911084 0.0285545 0.0150177 0.022015 0.00993652 0.0155017 0.0221638 0.018787 0.00997839 
0.0109676 0.016122 0.115985 0.0426749 0.0273742 0.010288 0.0176753 0.0446059 0.0622001 0.0121214 0.0182502 0.0219409 0.169593 0.0376775 0.133457 0.0382559 0.117143 0.0232398 0.00378077 0.00380092 0 0.00380771 0.0037816 0.0483055 0.0159216 0.749519 0.037519 0.0712177 0.0111473 0.0148114 0.0321248 0.131396 0.0260028 0.0121042 0.0108478 0.0129928 0.0968544 0.0156384 0.0107933 0.0160199 0.0408678 0.031946 0.0105468 
0.00984797 0.0337083 0.01826 0.0416169 0.0299409 0.0173922 0.0143798 0.0401933 0.0856717 0.0284252 0.014121 0.041534 0.0366581 0.0747229 0.0252565 0.0614364 0.0697733 0.222184 0.00379596 0.00382356 0.00380771 0 0.00403768 0.0118144 0.119891 0.0290363 0.5891 0.0791046 0.0598918 0.0132141 0.040198 0.0296008 0.125365 0.0177435 0.00955477 0.0292461 0.0145734 0.0939396 0.0116105 0.0170641 0.0237767 0.0442621 0.0118839 
0.0158306 0.0118997 0.0164643 0.0133737 0.0168819 0.0281546 0.0238843 0.0138495 0.0270607 0.0707943 0.0260811 0.0152261 0.0218885 0.019192 0.024392 0.016641 0.0403737 0.176728 0.00392342 0.00383752 0.0037816 0.00403768 0 0.022521 0.0140612 0.0632626 0.0318751 0.487649 0.165515 0.0308093 0.0125544 0.0187339 0.0225085 0.0614622 0.0158037 0.0110698 0.0144791 0.0157536 0.0332973 0.0160182 0.0161313 0.0179665 0.0189214 
0.00997365 0.00825014 0.0100486 0.00872963 0.0100597 0.0103785 0.0127086 0.00887038 0.0114898 0.0113322 0.0361064 0.0101743 0.0117687 0.0103659 0.0120968 0.00897371 0.0168958 0.0143549 0.626982 0.0183642 0.0483055 0.0118144 0.022521 0 0.00386231 0.00386273 0.00378932 0.00410387 0.00475758 0.04215 0.0113475 0.0104604 0.0119501 0.0181839 0.0225232 0.00875467 0.0143447 0.00929341 0.0248409 0.0111686 0.00998593 0.00978225 0.0136159 
0.00860556 0.0190364 0.00985035 0.0175989 0.00929079 0.0104019 0.0127371 0.0298365 0.00994935 0.014303 0.0117921 0.0718551 0.0139062 0.0325166 0.0108412 0.0451312 0.0104904 0.0177218 0.0212997 0.711895 0.0159216 0.119891 0.0140612 0.00386231 0 0.00376712 0.00380102 0.00379799 0.00388344 0.0494078 0.0771075 0.0149253 0.0203449 0.0107551 0.0089615 0.0685878 0.0100196 0.0381649 0.00963163 0.0181487 0.0214374 0.0175618 0.00969223 
0.00950175 0.0101552 0.0363727 0.0130795 0.0145745 0.00887624 0.0138992 0.0123497 0.0447889 0.0093025 0.0158655 0.0151028 0.113691 0.0190204 0.100676 0.014257 0.044492 0.0112246 0.0214012 0.0164947 0.749519 0.0290363 0.0632626 0.00386273 0.00376712 0 0.00374708 0.00376464 0.00380898 0.162565 0.0374298 0.166318 0.0188168 0.01121 0.0134036 0.0102975 0.14493 0.0105367 0.0139035 0.0129605 0.038274 0.023071 0.0105946 
0.00880877 0.0172436 0.0150217 0.039704 0.0107417 0.0109263 0.0117089 0.0391536 0.0143416 0.0160259 0.0106864 0.0615395 0.0278054 0.183971 0.0171483 0.139349 0.0131564 0.0183618 0.0136119 0.0933776 0.037519 0.5891 0.0318751 0.00378932 0.00380102 0.00374708 0 0.00376379 0.00378889 0.024459 0.289078 0.0669252 0.0460793 0.0136884 0.00912963 0.0703175 0.0151 0.056771 0.00965597 0.0209148 0.0274505 0.0470093 0.0109607 
0.0096984 0.00953699 0.0172847 0.0104272 0.017625 0.0089659 0.0121503 0.0114959 0.0781982 0.00963927 0.0160767 0.0145129 0.0458485 0.013987 0.0792229 0.0120406 0.0775026 0.0125492 0.0146927 0.0160065 0.0712177 0.0791046 0.487649 0.00410387 0.00379799 0.00376464 0.00376379 0 0.00386014 0.0211645 0.0282984 0.3227 0.0824235 0.0332886 0.0199524 0.0101081 0.0511436 0.0193408 0.0222636 0.0124419 0.0358111 0.0389415 0.0124688 
0.0104544 0.00967241 0.0090696 0.00959425 0.00890791 0.0117222 0.0146355 0.0119964 0.0105258 0.0230429 0.0152397 0.0135368 0.0125142 0.0197017 0.0105242 0.0138643 0.0114845 0.0399814 0.0189985 0.0162668 0.0111473 0.0598918 0.165515 0.00475758 0.00388344 0.00380898 0.00378889 0.00386014 0 0.0191539 0.0294802 0.0206785 0.316434 0.123087 0.0139758 0.0152126 0.00996704 0.0221696 0.017189 0.0226052 0.0112655 0.0184971 0.0149361 
0.00875617 0.00884601 0.00903129 0.00890517 0.00901303 0.010615 0.0117498 0.00996468 0.00937964 0.0134237 0.0167924 0.0129979 0.0123357 0.0107461 0.0107625 0.0111027 0.0107277 0.018871 0.0277152 0.0148228 0.0148114 0.0132141 0.0308093 0.04215 0.0494078 0.162565 0.024459 0.0211645 0.0191539 0 0.00424266 0.00379321 0.00381878 0.00414661 0.722155 0.019878 0.0204864 0.0127601 0.0245038 0.029898 0.0206131 0.0141908 0.0211446 
0.00852909 0.0101594 0.00965002 0.010155 0.0103111 0.00888122 0.0108252 0.0128496 0.0122271 0.00916523 0.0109289 0.0256604 0.0203557 0.0216951 0.0161612 0.0232608 0.015769 0.0110907 0.0140561 0.0507989 0.0321248 0.040198 0.0125544 0.0113475 0.0771075 0.0374298 0.289078 0.0282984 0.0294802 0.00424266 0 0.00379864 0.00378059 0.00381393 0.0299316 0.705431 0.0155594 0.0510378 0.0110567 0.0357762 0.0525098 0.0359341 0.0115296 
0.00865752 0.0099543 0.0162173 0.0130906 0.0113126 0.00891388 0.00978126 0.0143097 0.0209056 0.0102022 0.0100322 0.0215635 0.0548039 0.0384127 0.05113 0.0370859 0.0207662 0.0115081 0.0124966 0.0275747 0.131396 0.0296008 0.0187339 0.0104604 0.0149253 0.166318 0.0669252 0.3227 0.0206785 0.00379321 0.00379864 0 0.00375772 0.0037574 0.024437 0.0327598 0.739011 0.0171582 0.0185462 0.0155137 0.0779353 0.0626322 0.0136292 
0.00857122 0.0101429 0.0104994 0.0108129 0.0107812 0.00898744 0.00979293 0.011006 0.0180129 0.0108488 0.0104562 0.0168827 0.0186948 0.0224155 0.0170465 0.0174312 0.0241029 0.0140293 0.0105475 0.0333748 0.0260028 0.125365 0.0225085 0.0119501 0.0203449 0.0188168 0.0460793 0.0824235 0.316434 0.00381878 0.00378059 0.00375772 0 0.00403144 0.01596 0.0537639 0.0346416 0.736625 0.0182665 0.0231709 0.0361418 0.123484 0.0182524 
0.00942937 0.0086787 0.00897075 0.00898571 0.00898363 0.00939784 0.0113798 0.00940031 0.0102159 0.0125269 0.0124207 0.00988059 0.0108379 0.0117285 0.0111056 0.0105902 0.0115815 0.0192355 0.0193355 0.0113756 0.0121042 0.0177435 0.0614622 0.0181839 0.0107551 0.01121 0.0136884 0.0332886 0.123087 0.00414661 0.00381393 0.0037574 0.00403144 0 0.0186909 0.013368 0.0336181 0.0405069 0.63766 0.0187844 0.0135444 0.0224119 0.043748 
0.00893474 0.00818794 0.00920248 0.00841691 0.00910507 0.00880016 0.00910379 0.00835698 0.0103072 0.00938863 0.0117593 0.00879851 0.00986891 0.00866229 0.00913151 0.00842108 0.0103307 0.0106906 0.0110603 0.00911084 0.0108478 0.00955477 0.0158037 0.0225232 0.0089615 0.0134036 0.00912963 0.0199524 0.0139758 0.722155 0.0299316 0.024437 0.01596 0.0186909 0 0.00402587 0.00404329 0.00396806 0.00583705 0.0633252 0.017858 0.015455 0.0325443 
0.00835432 0.0100072 0.0089053 0.010015 0.00854226 0.00896546 0.00969012 0.0121798 0.00907289 0.00909965 0.00913499 0.0182081 0.0110655 0.0164879 0.00974643 0.0202155 0.00919785 0.0100481 0.0129388 0.0285545 0.0129928 0.0292461 0.0110698 0.00875467 0.0685878 0.0102975 0.0703175 0.0101081 0.0152126 0.019878 0.705431 0.0327598 0.0537639 0.013368 0.00402587 0 0.00376764 0.00407538 0.00380108 0.112078 0.101309 0.0497494 0.0173113 
0.00869369 0.00884809 0.0113023 0.00971569 0.00963606 0.0084285 0.00982441 0.00908768 0.0131875 0.0088075 0.0108869 0.0110851 0.0277669 0.014341 0.0299547 0.0123448 0.0169104 0.00928918 0.0107369 0.0150177 0.0968544 0.0145734 0.0144791 0.0143447 0.0100196 0.14493 0.0151 0.0511436 0.00996704 0.0204864 0.0155594 0.739011 0.0346416 0.0336181 0.00404329 0.00376764 0 0.00380944 0.00380748 0.127949 0.137008 0.0806383 0.0135143 
0.00831094 0.00915917 0.00932303 0.00946241 0.00877913 0.00852916 0.00928383 0.0105154 0.00982498 0.0101141 0.00934004 0.0127474 0.0118405 0.019731 0.0109371 0.0177854 0.0110955 0.0116198 0.0104306 0.022015 0.0156384 0.0939396 0.0157536 0.00929341 0.0381649 0.0105367 0.056771 0.0193408 0.0221696 0.0127601 0.0510378 0.0171582 0.736625 0.0405069 0.00396806 0.00407538 0.00380944 0 0.00385681 0.0331792 0.304942 0.245029 0.0443917 
0.00951868 0.00846954 0.00866343 0.00848804 0.00835473 0.00856553 0.00990925 0.00871798 0.00897978 0.00948171 0.0114064 0.008976 0.00948268 0.00926751 0.00942842 0.00876255 0.0100231 0.011088 0.0145811 0.00993652 0.0107933 0.0116105 0.0332973 0.0248409 0.00963163 0.0139035 0.00965597 0.0222636 0.017189 0.0245038 0.0110567 0.0185462 0.0182665 0.63766 0.00583705 0.00380108 0.00380748 0.00385681 0 0.0341837 0.0243924 0.305509 0.161625 
0.00872942 0.00936735 0.00893604 0.00905032 0.00861016 0.00913873 0.00963764 0.00940607 0.00917053 0.00988517 0.0100689 0.010915 0.0113753 0.0115798 0.009525 0.0112886 0.0100031 0.0137955 0.0134218 0.0155017 0.0160199 0.0170641 0.0160182 0.0111686 0.0181487 0.0129605 0.0209148 0.0124419 0.0226052 0.029898 0.0357762 0.0155137 0.0231709 0.0187844 0.0633252 0.112078 0.127949 0.0331792 0.0341837 0 0.00505637 0.00384512 0.00424402 
0.0085982 0.00947602 0.00954453 0.009956 0.0089379 0.00861085 0.00922253 0.0102194 0.0123335 0.00876562 0.00952348 0.0132894 0.0155635 0.0141669 0.0150378 0.0134102 0.0136557 0.0101194 0.0116674 0.0221638 0.0408678 0.0237767 0.0161313 0.00998593 0.0214374 0.038274 0.0274505 0.0358111 0.0112655 0.0206131 0.0525098 0.0779353 0.0361418 0.0135444 0.017858 0.101309 0.137008 0.304942 0.0243924 0.00505637 0 0.00386506 0.00381583 
0.00860356 0.00890918 0.00959984 0.00973609 0.00915851 0.00857458 0.00932461 0.0101279 0.0110207 0.00936591 0.00950044 0.012131 0.0150152 0.0167779 0.0126158 0.0150139 0.0126974 0.0112436 0.0105188 0.018787 0.031946 0.0442621 0.0179665 0.00978225 0.0175618 0.023071 0.0470093 0.0389415 0.0184971 0.0141908 0.0359341 0.0626322 0.123484 0.0224119 0.015455 0.0497494 0.0806383 0.245029 0.305509 0.00384512 0.00386506 0 0.00382815 
0.00881383 0.00841938 0.0085632 0.00864058 0.00830571 0.00893513 0.00948492 0.00862498 0.00886194 0.00942696 0.0102371 0.00928103 0.00960584 0.00943009 0.00942515 0.00935432 0.00925531 0.0108976 0.012577 0.00997839 0.0105468 0.0118839 0.0189214 0.0136159 0.00969223 0.0105946 0.0109607 0.0124688 0.0149361 0.0211446 0.0115296 0.0136292 0.0182524 0.043748 0.0325443 0.0173113 0.0135143 0.0443917 0.161625 0.00424402 0.00381583 0.00382815 0 
