1L8RA
GSQNNECKXVDLRGAKVASFTVEGCELICLPQAFDLFLKHLVGGLHTVYTKLKRLEITPVVCNVEQVRILRGLGAIQPGVNRCKLISRKDFETLYNDCTNA
CCHHHCCEEEEECCEEEEEEEECCEEEEEHHHHHHHHCCCCCCCHHHHHHHHHHCCCCCEECCHHHHHHHHHHCCCCCCCCCCEEEEHHHHHHHHHHHHCC
0 0 0 0 0 0 0 0 0 0 0 0 0 0 0 0 0 0 0 0 0 0 0 0 0 0 0 0 0 0 0 0 0 0 0 0 0 0 0 0 0 0 0 0 0 0 0 0 0 0 0 0 0 0 0 0 0 0 0 0 0 0 0 0 0 0 0 0 0 0 0 0 0 0 0 0 0 0 0 0 0 0 0 0 0 0 0 0 0 0 0 0 0 0 0 0 0 0 0 0 0 
0 0 0 0 0 0 0 0 0 0 0 0 0 0 0 0 0 0 0 0 0 0 0 0 0 0 0 0 0 0 0 0 0 0 0 0 0 0 0 0 0 0 0 0 0 0 0 0 0 0 0 0 0 0 0 0 0 0 0 0 0 0 0 0 0 0 0 0 0 0 0 0 0 0 0 0 0 0 0 0 0 0 0 0 0 0 0 0 0 0 0 0 0 0 0 0 0 0 0 0 0 
0 0.00388601 0.00375422 0.00431946 0.00462405 0.00527297 0.00614421 0.0066786 0.0107467 0.760496 0.0130878 0.00942485 0.0188063 0.00802519 0.00826407 0.00840762 0.0105709 0.0339333 0.00917528 0.0101858 0.0110605 0.00859972 0.00876571 0.0118591 
0.00388601 0 0.0037744 0.00386407 0.00378658 0.00434318 0.0105174 0.00650829 0.869739 0.0184112 0.00712907 0.0185923 0.00782536 0.00715488 0.0121085 0.00840574 0.028753 0.0086133 0.00955282 0.00897438 0.00985118 0.0100504 0.00935125 0.00902325 
0.00375422 0.0037744 0 0.00375572 0.00394421 0.00654124 0.00589812 0.957269 0.0115724 0.00638734 0.0157549 0.00671071 0.0113143 0.00761807 0.00727009 0.0256379 0.00907919 0.00847743 0.0105196 0.00850597 0.00847388 0.0164977 0.00918644 0.00904998 
0.00431946 0.00386407 0.00375572 0 0.00376603 0.00437658 0.984451 0.00487149 0.00521856 0.0137716 0.00593844 0.0122747 0.00615589 0.00716639 0.0361173 0.00772515 0.0101348 0.00773173 0.00921472 0.0111745 0.0135921 0.00924245 0.0114986 0.00893139 
0.00462405 0.00378658 0.00394421 0.00376603 0 0.992659 0.00435533 0.00449658 0.00516926 0.00454749 0.0070293 0.00571879 0.0119244 0.0256476 0.00744839 0.00822324 0.00779669 0.00849832 0.0171615 0.00936941 0.00951216 0.0106358 0.00917934 0.00942135 
0.00527297 0.00434318 0.00654124 0.00437658 0.992659 0 0.00388273 0.00381593 0.00381318 0.00387078 0.00409514 0.00401186 0.0136601 0.00607489 0.00650498 0.00689076 0.00745369 0.0169142 0.014514 0.012137 0.0108768 0.00940096 0.00927226 0.0162727 
0.00614421 0.0105174 0.00589812 0.984451 0.00435533 0.00388273 0 0.00379844 0.00378206 0.00381463 0.00383538 0.0098084 0.00430265 0.00564514 0.00951465 0.00687991 0.0118555 0.00822402 0.0102994 0.016066 0.0136098 0.00952774 0.0105445 0.00941924 
0.0066786 0.00650829 0.957269 0.00487149 0.00449658 0.00381593 0.00379844 0 0.00377211 0.00379569 0.00384682 0.00379909 0.00417326 0.00550108 0.00671144 0.0100733 0.00820852 0.0107091 0.0234118 0.00905658 0.00954226 0.0195844 0.0115539 0.00925912 
0.0107467 0.869739 0.0115724 0.00521856 0.00516926 0.00381318 0.00378206 0.00377211 0 0.00376051 0.00375892 0.00378345 0.00384849 0.00427122 0.0102594 0.00719359 0.0125347 0.386056 0.0107002 0.0098554 0.0102707 0.0180402 0.0124229 0.00973995 
0.760496 0.0184112 0.00638734 0.0137716 0.00454749 0.00387078 0.00381463 0.00379569 0.00376051 0 0.00375416 0.00383572 0.00378284 0.00466209 0.00704628 0.0097229 0.93738 0.0136854 0.0100496 0.0112494 0.0127523 0.012656 0.0141318 0.00938889 
0.0130878 0.00712907 0.0157549 0.00593844 0.0070293 0.00409514 0.00383538 0.00384682 0.00375892 0.00375416 0 0.00376967 0.00394313 0.00483353 0.00565064 0.944754 0.0125386 0.00547386 0.0109659 0.00920815 0.00881462 0.024288 0.0116642 0.00972171 
0.00942485 0.0185923 0.00671071 0.0122747 0.00571879 0.00401186 0.0098084 0.00379909 0.00378345 0.00383572 0.00376967 0 0.00377162 0.00534361 0.986769 0.00575758 0.00588601 0.00458517 0.0105676 0.0150514 0.0185122 0.012927 0.0138785 0.00991838 
0.0188063 0.00782536 0.0113143 0.00615589 0.0119244 0.0136601 0.00430265 0.00417326 0.00384849 0.00378284 0.00394313 0.00377162 0 0.996162 0.00440612 0.00423516 0.00400102 0.00407638 0.0211924 0.0101995 0.0102885 0.0116829 0.00945491 0.00962333 
0.00802519 0.00715488 0.00761807 0.00716639 0.0256476 0.00607489 0.00564514 0.00550108 0.00427122 0.00466209 0.00483353 0.00534361 0.996162 0 0.00393202 0.00377937 0.00393214 0.00422834 0.0122563 0.0118672 0.00991789 0.00867186 0.00923566 0.0159083 
0.00826407 0.0121085 0.00727009 0.0361173 0.00744839 0.00650498 0.00951465 0.00671144 0.0102594 0.00704628 0.00565064 0.986769 0.00440612 0.00393202 0 0.00384303 0.00375529 0.00376343 0.0165796 0.012552 0.0133443 0.0106664 0.0107987 0.00944668 
0.00840762 0.00840574 0.0256379 0.00772515 0.00822324 0.00689076 0.00687991 0.0100733 0.00719359 0.0097229 0.944754 0.00575758 0.00423516 0.00377937 0.00384303 0 0.00376534 0.00375073 0.0147871 0.0103073 0.00905672 0.0279621 0.0116524 0.00931535 
0.0105709 0.028753 0.00907919 0.0101348 0.00779669 0.00745369 0.0118555 0.00820852 0.0125347 0.93738 0.0125386 0.00588601 0.00400102 0.00393214 0.00375529 0.00376534 0 0.00379 0.0221184 0.0263014 0.0185956 0.0214434 0.0404216 0.0109847 
0.0339333 0.0086133 0.00847743 0.00773173 0.00849832 0.0169142 0.00822402 0.0107091 0.386056 0.0136854 0.00547386 0.00458517 0.00407638 0.00422834 0.00376343 0.00375073 0.00379 0 0.0191726 0.0479862 0.0269484 0.0166992 0.0171812 0.0137148 
0.00917528 0.00955282 0.0105196 0.00921472 0.0171615 0.014514 0.0102994 0.0234118 0.0107002 0.0100496 0.0109659 0.0105676 0.0211924 0.0122563 0.0165796 0.0147871 0.0221184 0.0191726 0 0.0043999 0.0254203 0.168656 0.0281355 0.0264053 
0.0101858 0.00897438 0.00850597 0.0111745 0.00936941 0.012137 0.016066 0.00905658 0.0098554 0.0112494 0.00920815 0.0150514 0.0101995 0.0118672 0.012552 0.0103073 0.0263014 0.0479862 0.0043999 0 0.18695 0.0142991 0.0458247 0.0246904 
0.0110605 0.00985118 0.00847388 0.0135921 0.00951216 0.0108768 0.0136098 0.00954226 0.0102707 0.0127523 0.00881462 0.0185122 0.0102885 0.00991789 0.0133443 0.00905672 0.0185956 0.0269484 0.0254203 0.18695 0 0.00420247 0.00375045 0.00457963 
0.00859972 0.0100504 0.0164977 0.00924245 0.0106358 0.00940096 0.00952774 0.0195844 0.0180402 0.012656 0.024288 0.012927 0.0116829 0.00867186 0.0106664 0.0279621 0.0214434 0.0166992 0.168656 0.0142991 0.00420247 0 0.00379708 0.00375746 
0.00876571 0.00935125 0.00918644 0.0114986 0.00917934 0.00927226 0.0105445 0.0115539 0.0124229 0.0141318 0.0116642 0.0138785 0.00945491 0.00923566 0.0107987 0.0116524 0.0404216 0.0171812 0.0281355 0.0458247 0.00375045 0.00379708 0 0.00375083 
0.0118591 0.00902325 0.00904998 0.00893139 0.00942135 0.0162727 0.00941924 0.00925912 0.00973995 0.00938889 0.00972171 0.00991838 0.00962333 0.0159083 0.00944668 0.00931535 0.0109847 0.0137148 0.0264053 0.0246904 0.00457963 0.00375746 0.00375083 0 
