1LC8A
AHGGNIREPATVLGISPDQLLDFSANINPLGMPVSVKRALIDNLDCIERYPDADYFHLHQALARHHQVPASWILAGNGETESIFTVASGLKPRRAMIVTPGFAEYGRALAQSGCEIRRWSLREADGWQLTDAILEALTPDLDCLFLCTPNNPTGLLPERPLLQAIADRCKSLNINLILDEAFIDFIPHETGFIPALKDNPHIWVLRSLTKFYAIPGLRLGYLVNSDDAAMARMRRQQMPWSVNALAALAGEVALQDSAWQQATWHWLREEGARFYQALCQLPLLTVYPGRANYLLLRCEREDIDLQRRLLTQRILIRSCANYPGLDSRYYRVAIRSAAQNERLLAALRNVLTGIAP
CCCCCCHHHHHHHCCCHHHCEECCCCCCCCCCCHHHHHHHHHCHHHHHCCCCCCCHHHHHHHHHHHCCCHHHEEEECCHHHHHHHHHHHHCCCEEEEEECCCHHHHHHHHHCCCEEEEEECCHHHCCCCCCHHHHHCCCCCCEEEEECCCCCCCCCCCHHHHHHHHHHHHHCCCEEEEECCCHHHCCCCCCCHHHCCCCCCEEEEEECCCCCCCCCCCCEEEECCCHHHHHHHHHHCCCCCCCHHHHHHHHHHCCCCCHHHHHHHHHHHHHHHHHHHHHCCCCEEECCCCCCEEEEEECCCCCCHHHHHHHCCEECEECCCCCCCCCCEEEEECCCHHHHHHHHHHHHHHHCCCCC
0 0 0 0 0 0 0 0 0 0 0 0 0 0 0 0 0 0 0 0 0 0 0 0 0 0 0 0 0 0 0 0 0 0 0 0 0 0 0 0 0 0 0 0 0 0 0 0 0 0 0 0 0 0 0 0 0 0 0 0 0 0 0 0 0 0 0 0 0 0 0 0 0 0 0 0 0 0 0 0 0 0 0 0 0 0 0 0 0 0 0 0 0 0 0 0 0 0 0 0 0 0 0 0 0 0 0 0 0 0 0 0 0 0 0 0 0 0 0 0 0 0 0 0 0 0 0 0 0 0 0 0 0 0 0 0 0 0 0 0 0 0 0 0 0 0 0 0 0 0 0 0 0 0 0 0 0 0 0 0 0 0 0 0 0 0 0 0 0 0 0 0 0 0 0 0 0 0 0 0 0 0 0 0 0 0 0 0 0 0 0 0 0 0 0 0 0 0 0 0 0 0 0 0 0 0 0 0 0 0 0 0 0 0 0 0 0 0 0 0 0 0 0 0 0 0 0 0 0 0 0 0 0 0 0 0 0 0 0 0 0 0 0 0 0 0 0 0 0 0 0 0 0 0 0 0 0 0 0 0 0 0 0 0 0 0 0 0 0 0 0 0 0 0 0 0 0 0 0 0 0 0 0 0 0 0 0 0 0 0 0 0 0 0 0 0 0 0 0 0 0 0 0 0 0 0 0 0 0 0 0 0 0 0 0 0 0 0 0 0 0 0 0 0 0 0 0 0 0 0 0 0 0 0 0 0 0 0 0 0 0 0 0 0 0 0 0 0 0 0 0 0 0 0 0 0 
0 0 0 0 0 0 0 0 0 0 0 0 0 0 0 0 0 0 0 0 0 0 0 0 0 0 0 0 0 0 0 0 0 0 0 0 0 0 0 0 0 0 0 0 0 0 0 0 0 0 0 0 0 0 0 0 0 0 0 0 0 0 0 0 0 0 0 0 0 0 0 0 0 0 0 0 0 0 0 0 0 0 0 0 0 0 0 0 0 0 0 0 0 0 0 0 0 0 0 0 0 0 0 0 0 0 0 0 0 0 0 0 0 0 0 0 0 0 0 0 0 0 0 0 0 0 0 0 0 0 0 0 0 0 0 0 0 0 0 0 0 0 0 0 0 0 0 0 0 0 0 0 0 0 0 0 0 0 0 0 0 0 0 0 0 0 0 0 0 0 0 0 0 0 0 0 0 0 0 0 0 0 0 0 0 0 0 0 0 0 0 0 0 0 0 0 0 0 0 0 0 0 0 0 0 0 0 0 0 0 0 0 0 0 0 0 0 0 0 0 0 0 0 0 0 0 0 0 0 0 0 0 0 0 0 0 0 0 0 0 0 0 0 0 0 0 0 0 0 0 0 0 0 0 0 0 0 0 0 0 0 0 0 0 0 0 0 0 0 0 0 0 0 0 0 0 0 0 0 0 0 0 0 0 0 0 0 0 0 0 0 0 0 0 0 0 0 0 0 0 0 0 0 0 0 0 0 0 0 0 0 0 0 0 0 0 0 0 0 0 0 0 0 0 0 0 0 0 0 0 0 0 0 0 0 0 0 0 0 0 0 0 0 0 0 0 0 0 0 0 0 0 0 0 0 0 
0 0.00589978 0.0206817 0.0159239 0.0252772 0.0167275 0.0101467 0.010709 0.00941413 0.00998457 0.011686 0.0112067 0.00867717 0.00868699 0.0084398 0.00832656 0.00854143 0.00939782 0.00923629 0.00905089 0.00932731 0.00920963 0.00999667 0.00842621 0.00857285 0.00838552 0.00863922 0.00866666 0.00823125 0.00831137 0.00836966 0.00841957 0.00835043 0.00845041 0.00814658 0.00831993 0.00837494 0.00835768 0.00839098 0.00868295 0.00858593 0.00842279 0.00862056 0.00849131 0.00848824 0.00843789 0.00865652 0.00880671 0.00879274 0.00847476 0.00875354 0.00848387 0.0086448 0.00850707 0.00885644 0.00928616 
0.00589978 0 0.0136734 0.0242788 0.0487205 0.0393614 0.0125821 0.0110289 0.0156092 0.0107494 0.0125691 0.011603 0.011273 0.00851472 0.00863003 0.00859098 0.00843915 0.00897026 0.0115837 0.01073 0.0106022 0.0111047 0.00959659 0.0140256 0.00889813 0.0087756 0.0089211 0.00893289 0.00879303 0.0087377 0.00865927 0.00842373 0.00845819 0.00851651 0.00840346 0.00859892 0.00856327 0.00839495 0.00853521 0.00883883 0.0084408 0.00876386 0.0087844 0.00875799 0.00859658 0.00867673 0.00849434 0.0088075 0.00894086 0.00864465 0.00883134 0.00863884 0.00878387 0.00885566 0.0089708 0.00904218 
0.0206817 0.0136734 0 0.00383198 0.00384484 0.00411775 0.0219799 0.0367284 0.0137826 0.0156645 0.020048 0.0220979 0.0113547 0.0133632 0.0115098 0.00990385 0.0120845 0.0150299 0.019309 0.0142895 0.0151612 0.012243 0.0188915 0.00972536 0.0123727 0.00971249 0.0105831 0.0117617 0.00932043 0.00899945 0.00931 0.0093909 0.00902263 0.0102323 0.00847725 0.0087044 0.00839993 0.00990676 0.00824205 0.00818648 0.00865072 0.00826284 0.00829218 0.00840463 0.00839558 0.00824072 0.00865606 0.008356 0.00840078 0.00820468 0.00836624 0.00829359 0.00838962 0.00837244 0.00861748 0.00894165 
0.0159239 0.0242788 0.00383198 0 0.00379771 0.00377762 0.0243431 0.0484072 0.0802614 0.0418512 0.024861 0.0113808 0.0100151 0.0123613 0.0118339 0.0121429 0.0118411 0.0097811 0.0127808 0.0279927 0.0350857 0.0199071 0.0101134 0.00957053 0.0115154 0.0124891 0.0115626 0.00923358 0.00913964 0.0094434 0.0110036 0.0102363 0.00923286 0.00890662 0.00846215 0.00877945 0.00896254 0.00856451 0.00836177 0.00854767 0.00833227 0.0084302 0.00849943 0.00859219 0.00846466 0.00846222 0.00834802 0.00843365 0.00860051 0.00832549 0.00849497 0.00837991 0.00864738 0.00853952 0.00877228 0.00869964 
0.0252772 0.0487205 0.00384484 0.00379771 0 0.00381675 0.0151709 0.0574818 0.0493228 0.0991655 0.0830139 0.0220828 0.0115939 0.014586 0.0111646 0.0122862 0.0122776 0.00950383 0.0122179 0.0233973 0.0294039 0.0469242 0.012732 0.0100419 0.0119324 0.0124115 0.0151589 0.00969092 0.0100582 0.0100797 0.0115149 0.00997107 0.00941808 0.00850421 0.00874611 0.00935359 0.00883191 0.00867233 0.00847125 0.00846118 0.0081981 0.00851169 0.00853456 0.00859109 0.00845402 0.00833533 0.00820943 0.00847946 0.00862843 0.00831395 0.00824547 0.00840238 0.00848473 0.0085214 0.00856906 0.00850764 
0.0167275 0.0393614 0.00411775 0.00377762 0.00381675 0 0.0160638 0.018805 0.0203355 0.0248015 0.044178 0.0595481 0.0123484 0.00973527 0.00944122 0.00877302 0.00936524 0.0106964 0.0156909 0.0105847 0.0118715 0.0136493 0.0188192 0.0101881 0.00967103 0.00906448 0.00956927 0.0106288 0.00990866 0.00881982 0.00883434 0.00871798 0.00858802 0.00871702 0.00893816 0.00851826 0.00838287 0.0086489 0.00852556 0.00833948 0.00828503 0.00847161 0.00838478 0.00834522 0.00828474 0.00821897 0.0083675 0.00847024 0.00848767 0.00825952 0.00829824 0.00846552 0.00845867 0.00839472 0.00846645 0.00845808 
0.0101467 0.0125821 0.0219799 0.0243431 0.0151709 0.0160638 0 0.00505889 0.00379699 0.00372685 0.00376873 0.00432137 0.500202 0.00885069 0.0096171 0.00988263 0.0107038 0.0448636 0.0237905 0.0124181 0.011496 0.00990322 0.0148405 0.0147289 0.00946211 0.00892479 0.00910627 0.00968038 0.00947168 0.00875698 0.00872517 0.00889119 0.00882897 0.00931395 0.00893675 0.00849184 0.00844651 0.00876323 0.00818277 0.00825896 0.00840135 0.00825028 0.00832311 0.00838278 0.00831677 0.00826853 0.00830102 0.00822167 0.00840136 0.00811854 0.00829071 0.00826285 0.00832011 0.00837001 0.00834896 0.00861308 
0.010709 0.0110289 0.0367284 0.0484072 0.0574818 0.018805 0.00505889 0 0.00385426 0.00382504 0.00376431 0.00387952 0.0120427 0.533397 0.00969152 0.0352418 0.0494763 0.00992261 0.0537009 0.0542877 0.0255504 0.0204253 0.0128416 0.010193 0.0341536 0.0134778 0.0129597 0.00976657 0.00973936 0.0134988 0.011954 0.0129727 0.00988063 0.00887875 0.00890077 0.0101426 0.00908893 0.00927727 0.00842958 0.00842258 0.00833192 0.00848131 0.00859132 0.0085992 0.00855544 0.00838504 0.0083439 0.00850559 0.00846653 0.00827323 0.00835507 0.00841327 0.00857439 0.00855759 0.00864276 0.00853776 
0.00941413 0.0156092 0.0137826 0.0802614 0.0493228 0.0203355 0.00379699 0.00385426 0 0.00377661 0.00379526 0.0037828 0.031776 0.0132727 0.376321 0.042751 0.0150848 0.0107587 0.0189831 0.153159 0.119213 0.03311 0.0122923 0.0142151 0.0222607 0.052511 0.0170504 0.00994118 0.0105692 0.0157294 0.0334576 0.0200034 0.0110781 0.00893093 0.00875307 0.010187 0.00936062 0.00900581 0.00851565 0.00854744 0.00833006 0.00839112 0.00875126 0.00905524 0.00875978 0.00847765 0.00828 0.00836413 0.008476 0.00832307 0.00827997 0.00837462 0.00853531 0.00877461 0.00874045 0.00855714 
0.00998457 0.0107494 0.0156645 0.0418512 0.0991655 0.0248015 0.00372685 0.00382504 0.00377661 0 0.00377421 0.00379336 0.0114254 0.0452151 0.0581563 0.380442 0.0126059 0.0130302 0.0196984 0.0745786 0.196116 0.0514266 0.0151199 0.0130162 0.030891 0.0545174 0.0253067 0.0113692 0.0108648 0.0182616 0.0349945 0.0287509 0.0127439 0.00955307 0.00895177 0.0106132 0.0111092 0.00982754 0.00857182 0.0085543 0.00826544 0.00853908 0.0089104 0.00958406 0.00899849 0.00841363 0.00826603 0.00837755 0.00840197 0.00834996 0.0082291 0.00834393 0.00853191 0.00883161 0.00880924 0.00855124 
0.011686 0.0125691 0.020048 0.024861 0.0830139 0.044178 0.00376873 0.00376431 0.00379526 0.00377421 0 0.00381861 0.0167303 0.0569185 0.0286364 0.0196911 0.25181 0.0104513 0.022141 0.0371226 0.0313755 0.104733 0.0230337 0.0110004 0.017893 0.0176643 0.0300396 0.0126132 0.00999841 0.0129892 0.0159634 0.0142936 0.0121618 0.00897815 0.00925748 0.0107091 0.0107765 0.00885918 0.00831732 0.00841411 0.00825438 0.00843668 0.00861071 0.00852701 0.00860165 0.00830923 0.00829859 0.00830789 0.00837149 0.00826476 0.00813367 0.00835329 0.00842146 0.00857599 0.00848379 0.00828296 
0.0112067 0.011603 0.0220979 0.0113808 0.0220828 0.0595481 0.00432137 0.00387952 0.0037828 0.00379336 0.00381861 0 0.0444691 0.0101231 0.0103793 0.0118905 0.0114339 0.237459 0.0158193 0.0117895 0.0160141 0.0157963 0.0406166 0.0133807 0.0116855 0.0112276 0.0114608 0.014398 0.0115887 0.009145 0.00932496 0.00890814 0.00898231 0.00948494 0.0093235 0.008742 0.00867518 0.009089 0.00842425 0.00834163 0.00825818 0.0086258 0.0084414 0.0084161 0.00832332 0.00827991 0.0082807 0.00830976 0.00846133 0.0081984 0.00824298 0.00840051 0.00835886 0.00841894 0.00842657 0.00847138 
0.00867717 0.011273 0.0113547 0.0100151 0.0115939 0.0123484 0.500202 0.0120427 0.031776 0.0114254 0.0167303 0.0444691 0 0.00414127 0.00381062 0.00388338 0.00378354 0.00610619 0.0396858 0.0160637 0.0105578 0.0115341 0.0176431 0.0261866 0.0093075 0.00953843 0.00941215 0.0105087 0.0106622 0.00867759 0.00987189 0.00858282 0.00927704 0.0100939 0.00919855 0.0083342 0.00850448 0.0101635 0.00815019 0.00824452 0.00865929 0.00846763 0.00823921 0.00836989 0.00819929 0.00834015 0.0082916 0.00821181 0.0083323 0.00820906 0.00824777 0.00837483 0.00826646 0.0083626 0.008302 0.0089323 
0.00868699 0.00851472 0.0133632 0.0123613 0.014586 0.00973527 0.00885069 0.533397 0.0132727 0.0452151 0.0569185 0.0101231 0.00414127 0 0.00378049 0.00377033 0.00387501 0.00379784 0.053803 0.0390491 0.017041 0.0152009 0.0157718 0.00947864 0.0180976 0.0116745 0.0103537 0.00948335 0.00888788 0.0113587 0.00962884 0.0117221 0.00900383 0.00866136 0.00841961 0.00874402 0.00865199 0.00869026 0.00821558 0.00832564 0.00829061 0.00824157 0.00850616 0.00837737 0.00847506 0.00830874 0.00836223 0.00827747 0.00826512 0.00823264 0.0082196 0.00827926 0.00845263 0.00834284 0.00841728 0.00826662 
0.0084398 0.00863003 0.0115098 0.0118339 0.0111646 0.00944122 0.0096171 0.00969152 0.376321 0.0581563 0.0286364 0.0103793 0.00381062 0.00378049 0 0.00378124 0.00376988 0.00383498 0.0158481 0.03364 0.0345503 0.0152289 0.00976127 0.00887564 0.0146477 0.0147702 0.0113068 0.00894094 0.00898028 0.010156 0.0166708 0.0129532 0.0090834 0.008426 0.00834535 0.0088969 0.00860474 0.00855925 0.00826314 0.008273 0.00822949 0.00830015 0.00838819 0.0084433 0.00836694 0.00825035 0.00834091 0.00824327 0.0082107 0.00819853 0.00815332 0.00823243 0.00837172 0.00837137 0.00838394 0.00827841 
0.00832656 0.00859098 0.00990385 0.0121429 0.0122862 0.00877302 0.00988263 0.0352418 0.042751 0.380442 0.0196911 0.0118905 0.00388338 0.00377033 0.00378124 0 0.00378449 0.00383595 0.0173393 0.0356882 0.05928 0.0150769 0.0099793 0.0099823 0.0109495 0.0263324 0.0103269 0.00885254 0.0087829 0.0104093 0.0182343 0.011377 0.0095178 0.0085551 0.00833167 0.00902195 0.00925273 0.00844828 0.00820808 0.00830722 0.00817002 0.00829253 0.00840518 0.00854024 0.00839861 0.00820352 0.00823692 0.00823348 0.00823938 0.00821245 0.00815102 0.00822367 0.00832454 0.00838148 0.0083539 0.00826222 
0.00854143 0.00843915 0.0120845 0.0118411 0.0122776 0.00936524 0.0107038 0.0494763 0.0150848 0.0126059 0.25181 0.0114339 0.00378354 0.00387501 0.00376988 0.00378449 0 0.00385318 0.0145199 0.0501399 0.0264547 0.0465671 0.0130034 0.00873217 0.0217948 0.00980658 0.0149413 0.00911502 0.0088466 0.0104447 0.00980816 0.0116745 0.00897332 0.00851874 0.00905096 0.00921095 0.00867729 0.00840735 0.00820902 0.00821687 0.00818497 0.00826105 0.00838744 0.00835432 0.00829135 0.0082426 0.00819451 0.00824028 0.00817873 0.00813532 0.00813267 0.00825283 0.00829944 0.00828489 0.00834207 0.00817725 
0.00939782 0.00897026 0.0150299 0.0097811 0.00950383 0.0106964 0.0448636 0.00992261 0.0107587 0.0130302 0.0104513 0.237459 0.00610619 0.00379784 0.00383498 0.00383595 0.00385318 0 0.0257851 0.0116531 0.0165605 0.0319777 0.0655237 0.0262636 0.009117 0.00928326 0.00953304 0.0115463 0.0137753 0.00857043 0.00897463 0.00854301 0.0087196 0.00893429 0.0107273 0.00847443 0.0084334 0.00860628 0.00848322 0.00824577 0.00826186 0.00852259 0.00825715 0.00823898 0.00816303 0.0082566 0.00823847 0.00841303 0.00837055 0.0082075 0.00822319 0.00834906 0.00821425 0.00819428 0.00818771 0.00829241 
0.00923629 0.0115837 0.019309 0.0127808 0.0122179 0.0156909 0.0237905 0.0537009 0.0189831 0.0196984 0.022141 0.0158193 0.0396858 0.053803 0.0158481 0.0173393 0.0145199 0.0257851 0 0.00394846 0.00379614 0.00379738 0.00421512 0.761399 0.0321249 0.029046 0.0142353 0.0266396 0.0414263 0.0292488 0.0165985 0.014201 0.0134411 0.0210501 0.0171708 0.0144036 0.0103585 0.0180378 0.00946228 0.00848266 0.00985647 0.00976927 0.00918224 0.00929111 0.0093984 0.00859066 0.00884751 0.00900553 0.00866857 0.00839123 0.00856387 0.00826718 0.0085663 0.00869734 0.00875162 0.00883416 
0.00905089 0.01073 0.0142895 0.0279927 0.0233973 0.0105847 0.0124181 0.0542877 0.153159 0.0745786 0.0371226 0.0117895 0.0160637 0.0390491 0.03364 0.0356882 0.0501399 0.0116531 0.00394846 0 0.00376792 0.00380467 0.00379684 0.082349 0.831289 0.0292616 0.0767207 0.0127176 0.0211942 0.0823366 0.060572 0.0514327 0.029976 0.0113101 0.0139115 0.0310459 0.0189101 0.0139436 0.00877833 0.00921076 0.00863866 0.0094083 0.010607 0.0113596 0.0100004 0.00889585 0.00840191 0.00856458 0.00888864 0.00885531 0.00833782 0.00830131 0.00867044 0.00926186 0.00888619 0.00867992 
0.00932731 0.0106022 0.0151612 0.0350857 0.0294039 0.0118715 0.011496 0.0255504 0.119213 0.196116 0.0313755 0.0160141 0.0105578 0.017041 0.0345503 0.05928 0.0264547 0.0165605 0.00379614 0.00376792 0 0.0037637 0.00377277 0.0557275 0.0506335 0.800054 0.0307555 0.0303319 0.0182733 0.0593685 0.131902 0.138446 0.0266853 0.013085 0.0125041 0.0339025 0.0284801 0.0149573 0.00908986 0.008871 0.00847736 0.00912131 0.0101998 0.0143488 0.0117895 0.00921017 0.00838244 0.00840171 0.00873403 0.00861788 0.00829588 0.00832427 0.00862953 0.0096409 0.0095934 0.00873204 
0.00920963 0.0111047 0.012243 0.0199071 0.0469242 0.0136493 0.00990322 0.0204253 0.03311 0.0514266 0.104733 0.0157963 0.0115341 0.0152009 0.0152289 0.0150769 0.0465671 0.0319777 0.00379738 0.00380467 0.0037637 0 0.0042248 0.0178789 0.10991 0.0561137 0.83127 0.0383316 0.0164724 0.0323964 0.0476059 0.0352176 0.0572451 0.0162496 0.0115028 0.0212199 0.0414413 0.0185234 0.00929305 0.00905335 0.00872755 0.0092387 0.00978447 0.0101182 0.00983571 0.00872273 0.00862358 0.0085094 0.00860524 0.00845817 0.00831107 0.00828176 0.00855081 0.00873111 0.00871292 0.00851151 
0.00999667 0.00959659 0.0188915 0.0101134 0.012732 0.0188192 0.0148405 0.0128416 0.0122923 0.0151199 0.0230337 0.0406166 0.0176431 0.0157718 0.00976127 0.0099793 0.0130034 0.0655237 0.00421512 0.00379684 0.00377277 0.0042248 0 0.019676 0.0193014 0.0574661 0.059026 0.778146 0.0226949 0.0172683 0.0141893 0.0136645 0.0145022 0.0285332 0.018889 0.0111284 0.010981 0.0300109 0.0105951 0.00845252 0.00862994 0.0105184 0.00902867 0.00862328 0.00872268 0.00850381 0.00855876 0.00866455 0.00857625 0.00886841 0.00832122 0.00923618 0.00836702 0.00847562 0.0083066 0.00835685 
0.00842621 0.0140256 0.00972536 0.00957053 0.0100419 0.0101881 0.0147289 0.010193 0.0142151 0.0130162 0.0110004 0.0133807 0.0261866 0.00947864 0.00887564 0.0099823 0.00873217 0.0262636 0.761399 0.082349 0.0557275 0.0178789 0.019676 0 0.00427308 0.00381765 0.00388061 0.00402495 0.23338 0.0284126 0.0180652 0.0106 0.0190357 0.0224526 0.0216028 0.0140989 0.0118498 0.0180236 0.00897759 0.00968945 0.0104444 0.00962173 0.00899898 0.00967264 0.00879796 0.0102868 0.00888833 0.0090474 0.00912713 0.00932926 0.00894388 0.00870139 0.0083287 0.00933707 0.0085798 0.0101592 
0.00857285 0.00889813 0.0123727 0.0115154 0.0119324 0.00967103 0.00946211 0.0341536 0.0222607 0.030891 0.017893 0.0116855 0.0093075 0.0180976 0.0146477 0.0109495 0.0217948 0.009117 0.0321249 0.831289 0.0506335 0.10991 0.0193014 0.00427308 0 0.00382563 0.00378554 0.00388247 0.241762 0.314403 0.0499412 0.0404205 0.0222796 0.0135031 0.0201006 0.0370754 0.024481 0.0140443 0.00995588 0.00922 0.00906367 0.0110068 0.0133726 0.0124324 0.0131532 0.0092263 0.00925129 0.00919382 0.00888861 0.00896502 0.00853766 0.0084889 0.00913476 0.00897379 0.0106803 0.00862525 
0.00838552 0.0087756 0.00971249 0.0124891 0.0124115 0.00906448 0.00892479 0.0134778 0.052511 0.0545174 0.0176643 0.0112276 0.00953843 0.0116745 0.0147702 0.0263324 0.00980658 0.00928326 0.029046 0.0292616 0.800054 0.0561137 0.0574661 0.00381765 0.00382563 0 0.00377798 0.00377385 0.0508966 0.266618 0.273843 0.0994211 0.0293641 0.0128961 0.0120519 0.0318275 0.0218571 0.0154903 0.00895228 0.00950412 0.00863567 0.00928075 0.0106945 0.0177996 0.0133373 0.00996457 0.00857032 0.00855012 0.00887832 0.00875539 0.00833426 0.00839029 0.00866903 0.0104905 0.00943491 0.00878298 
0.00863922 0.0089211 0.0105831 0.0115626 0.0151589 0.00956927 0.00910627 0.0129597 0.0170504 0.0253067 0.0300396 0.0114608 0.00941215 0.0103537 0.0113068 0.0103269 0.0149413 0.00953304 0.0142353 0.0767207 0.0307555 0.83127 0.059026 0.00388061 0.00378554 0.00377798 0 0.00398591 0.0218331 0.0833728 0.292592 0.215358 0.144602 0.0625475 0.0129517 0.0246919 0.0794522 0.0281761 0.00937382 0.0104387 0.00885177 0.00999398 0.0118414 0.01234 0.0112914 0.00990112 0.00859844 0.00885465 0.0091717 0.00879425 0.00850197 0.0084943 0.00914989 0.00909143 0.00964925 0.00866079 
0.00866666 0.00893289 0.0117617 0.00923358 0.00969092 0.0106288 0.00968038 0.00976657 0.00994118 0.0113692 0.0126132 0.014398 0.0105087 0.00948335 0.00894094 0.00885254 0.00911502 0.0115463 0.0266396 0.0127176 0.0303319 0.0383316 0.778146 0.00402495 0.00388247 0.00377385 0.00398591 0 0.0199826 0.0327907 0.0588965 0.165019 0.199957 0.166687 0.0200577 0.0139699 0.0168374 0.0666983 0.0107625 0.00858048 0.00960152 0.011831 0.00959126 0.00954382 0.00895456 0.0087208 0.00915457 0.00876617 0.00899652 0.00904185 0.00852161 0.00968457 0.00831212 0.00878341 0.00858843 0.00861274 
0.00823125 0.00879303 0.00932043 0.00913964 0.0100582 0.00990866 0.00947168 0.00973936 0.0105692 0.0108648 0.00999841 0.0115887 0.0106622 0.00888788 0.00898028 0.0087829 0.0088466 0.0137753 0.0414263 0.0211942 0.0182733 0.0164724 0.0226949 0.23338 0.241762 0.0508966 0.0218331 0.0199826 0 0.0039403 0.00379614 0.00380211 0.00385512 0.0048409 0.0326922 0.0135055 0.0128667 0.0329938 0.00997113 0.0103181 0.0149926 0.013065 0.0103882 0.0102785 0.0100587 0.0106416 0.011678 0.00932206 0.0102194 0.00975295 0.00964884 0.00861879 0.00858882 0.00881303 0.0098037 0.0119866 
0.00831137 0.0087377 0.00899945 0.0094434 0.0100797 0.00881982 0.00875698 0.0134988 0.0157294 0.0182616 0.0129892 0.009145 0.00867759 0.0113587 0.010156 0.0104093 0.0104447 0.00857043 0.0292488 0.0823366 0.0593685 0.0323964 0.0172683 0.0284126 0.314403 0.266618 0.0833728 0.0327907 0.0039403 0 0.00376722 0.00376573 0.00393854 0.00382736 0.0214721 0.0420022 0.0417468 0.0286543 0.0157335 0.0143044 0.00983356 0.0133224 0.0216275 0.0191196 0.0207885 0.0118107 0.00958249 0.00942325 0.00972111 0.00912379 0.00854223 0.00848889 0.0100943 0.010928 0.0123941 0.00902495 
0.00836966 0.00865927 0.00931 0.0110036 0.0115149 0.00883434 0.00872517 0.011954 0.0334576 0.0349945 0.0159634 0.00932496 0.00987189 0.00962884 0.0166708 0.0182343 0.00980816 0.00897463 0.0165985 0.060572 0.131902 0.0476059 0.0141893 0.0180652 0.0499412 0.273843 0.292592 0.0588965 0.00379614 0.00376722 0 0.00376854 0.00377667 0.00382546 0.0253288 0.0392763 0.0357817 0.439664 0.010176 0.0114746 0.00929882 0.0116462 0.0206708 0.0567025 0.0313015 0.0155183 0.00885738 0.00892966 0.0110859 0.0096446 0.00864584 0.00859478 0.00983058 0.0167613 0.0126442 0.00997325 
0.00841957 0.00842373 0.0093909 0.0102363 0.00997107 0.00871798 0.00889119 0.0129727 0.0200034 0.0287509 0.0142936 0.00890814 0.00858282 0.0117221 0.0129532 0.011377 0.0116745 0.00854301 0.014201 0.0514327 0.138446 0.0352176 0.0136645 0.0106 0.0404205 0.0994211 0.215358 0.165019 0.00380211 0.00376573 0.00376854 0 0.00375604 0.0037791 0.0161971 0.0265757 0.594937 0.0178367 0.0106634 0.00942043 0.0104635 0.0103995 0.0237348 0.0366105 0.0507289 0.010333 0.00934778 0.00891011 0.00993637 0.00931503 0.00858573 0.00852879 0.0107908 0.011792 0.0142526 0.00880721 
0.00835043 0.00845819 0.00902263 0.00923286 0.00941808 0.00858802 0.00882897 0.00988063 0.0110781 0.0127439 0.0121618 0.00898231 0.00927704 0.00900383 0.0090834 0.0095178 0.00897332 0.0087196 0.0134411 0.029976 0.0266853 0.0572451 0.0145022 0.0190357 0.0222796 0.0293641 0.144602 0.199957 0.00385512 0.00393854 0.00377667 0.00375604 0 0.0039145 0.0152112 0.655663 0.0503108 0.0263847 0.0105826 0.0151055 0.00924443 0.0111492 0.0154014 0.0193451 0.0122359 0.0150493 0.00892945 0.00906484 0.00975884 0.00948958 0.00865323 0.00892514 0.00930984 0.0103072 0.010151 0.00907475 
0.00845041 0.00851651 0.0102323 0.00890662 0.00850421 0.00871702 0.00931395 0.00887875 0.00893093 0.00955307 0.00897815 0.00948494 0.0100939 0.00866136 0.008426 0.0085551 0.00851874 0.00893429 0.0210501 0.0113101 0.013085 0.0162496 0.0285332 0.0224526 0.0135031 0.0128961 0.0625475 0.166687 0.0048409 0.00382736 0.00382546 0.0037791 0.0039145 0 0.599837 0.0147454 0.0508595 0.0695915 0.0149293 0.00879801 0.0108096 0.0152558 0.010064 0.00942239 0.00984038 0.00963421 0.00956826 0.00955081 0.00947487 0.00983541 0.00869957 0.0104246 0.00875442 0.0087263 0.00928506 0.009442 
0.00814658 0.00840346 0.00847725 0.00846215 0.00874611 0.00893816 0.00893675 0.00890077 0.00875307 0.00895177 0.00925748 0.0093235 0.00919855 0.00841961 0.00834535 0.00833167 0.00905096 0.0107273 0.0171708 0.0139115 0.0125041 0.0115028 0.018889 0.0216028 0.0201006 0.0120519 0.0129517 0.0200577 0.0326922 0.0214721 0.0253288 0.0161971 0.0152112 0.599837 0 0.0038507 0.00385431 0.00457749 0.0286637 0.0103157 0.020845 0.014546 0.0103677 0.0102864 0.00970895 0.0106686 0.012767 0.00973769 0.0110821 0.00946217 0.0102076 0.0088218 0.00877111 0.00915267 0.00949003 0.0115882 
0.00831993 0.00859892 0.0087044 0.00877945 0.00935359 0.00851826 0.00849184 0.0101426 0.010187 0.0106132 0.0107091 0.008742 0.0083342 0.00874402 0.0088969 0.00902195 0.00921095 0.00847443 0.0144036 0.0310459 0.0339025 0.0212199 0.0111284 0.0140989 0.0370754 0.0318275 0.0246919 0.0139699 0.0135055 0.0420022 0.0392763 0.0265757 0.655663 0.0147454 0.0038507 0 0.00383042 0.00388443 0.0363434 0.0222944 0.0127689 0.0134779 0.0204691 0.0184811 0.018517 0.0121301 0.0103908 0.00960221 0.00996749 0.00975183 0.00879697 0.00859303 0.0104813 0.0115353 0.0136271 0.00939403 
0.00837494 0.00856327 0.00839993 0.00896254 0.00883191 0.00838287 0.00844651 0.00908893 0.00936062 0.0111092 0.0107765 0.00867518 0.00850448 0.00865199 0.00860474 0.00925273 0.00867729 0.0084334 0.0103585 0.0189101 0.0284801 0.0414413 0.010981 0.0118498 0.024481 0.0218571 0.0794522 0.0168374 0.0128667 0.0417468 0.0357817 0.594937 0.0503108 0.0508595 0.00385431 0.00383042 0 0.00385775 0.0147424 0.0481134 0.0139453 0.0106233 0.0176326 0.0216263 0.018534 0.0164674 0.00891502 0.00899269 0.0105208 0.00999919 0.0090624 0.00874924 0.00978008 0.0108471 0.0126868 0.00938848 
0.00835768 0.00839495 0.00990676 0.00856451 0.00867233 0.0086489 0.00876323 0.00927727 0.00900581 0.00982754 0.00885918 0.009089 0.0101635 0.00869026 0.00855925 0.00844828 0.00840735 0.00860628 0.0180378 0.0139436 0.0149573 0.0185234 0.0300109 0.0180236 0.0140443 0.0154903 0.0281761 0.0666983 0.0329938 0.0286543 0.439664 0.0178367 0.0263847 0.0695915 0.00457749 0.00388443 0.00385775 0 0.021629 0.0143153 0.103485 0.0239524 0.0150473 0.0159616 0.0167874 0.0175227 0.0134856 0.012111 0.0123149 0.015639 0.0100625 0.0123841 0.00956686 0.0109147 0.0110023 0.0104083 
0.00839098 0.00853521 0.00824205 0.00836177 0.00847125 0.00852556 0.00818277 0.00842958 0.00851565 0.00857182 0.00831732 0.00842425 0.00815019 0.00821558 0.00826314 0.00820808 0.00820902 0.00848322 0.00946228 0.00877833 0.00908986 0.00929305 0.0105951 0.00897759 0.00995588 0.00895228 0.00937382 0.0107625 0.00997113 0.0157335 0.010176 0.0106634 0.0105826 0.0149293 0.0286637 0.0363434 0.0147424 0.021629 0 0.00396109 0.00433503 0.00882034 0.0127022 0.0474325 0.0479113 0.0100703 0.144961 0.0249436 0.0212232 0.0117163 0.0167737 0.0115129 0.0116574 0.0107197 0.0176136 0.0211134 
0.00868295 0.00883883 0.00818648 0.00854767 0.00846118 0.00833948 0.00825896 0.00842258 0.00854744 0.0085543 0.00841411 0.00834163 0.00824452 0.00832564 0.008273 0.00830722 0.00821687 0.00824577 0.00848266 0.00921076 0.008871 0.00905335 0.00845252 0.00968945 0.00922 0.00950412 0.0104387 0.00858048 0.0103181 0.0143044 0.0114746 0.00942043 0.0151055 0.00879801 0.0103157 0.0222944 0.0481134 0.0143153 0.00396109 0 0.00377958 0.0105657 0.0316923 0.0217604 0.00759423 0.157399 0.00684217 0.0218594 0.0142215 0.0192997 0.0113448 0.0115773 0.0140909 0.0194607 0.0176681 0.0133787 
0.00858593 0.0084408 0.00865072 0.00833227 0.0081981 0.00828503 0.00840135 0.00833192 0.00833006 0.00826544 0.00825438 0.00825818 0.00865929 0.00829061 0.00822949 0.00817002 0.00818497 0.00826186 0.00985647 0.00863866 0.00847736 0.00872755 0.00862994 0.0104444 0.00906367 0.00863567 0.00885177 0.00960152 0.0149926 0.00983356 0.00929882 0.0104635 0.00924443 0.0108096 0.020845 0.0127689 0.0139453 0.103485 0.00433503 0.00377958 0 0.0634194 0.0309612 0.00914269 0.0807887 0.00621576 0.012963 0.0346631 0.0192576 0.0148812 0.0132145 0.0286354 0.0160704 0.0103515 0.0170938 0.0117001 
0.00842279 0.00876386 0.00826284 0.0084302 0.00851169 0.00847161 0.00825028 0.00848131 0.00839112 0.00853908 0.00843668 0.0086258 0.00846763 0.00824157 0.00830015 0.00829253 0.00826105 0.00852259 0.00976927 0.0094083 0.00912131 0.0092387 0.0105184 0.00962173 0.0110068 0.00928075 0.00999398 0.011831 0.013065 0.0133224 0.0116462 0.0103995 0.0111492 0.0152558 0.014546 0.0134779 0.0106233 0.0239524 0.00882034 0.0105657 0.0634194 0 0.00383444 0.00386104 0.00382699 0.00389389 0.0044423 0.0644506 0.0363867 0.0138103 0.0347833 0.0213411 0.0156102 0.0181454 0.0159919 0.0876972 
0.00862056 0.0087844 0.00829218 0.00849943 0.00853456 0.00838478 0.00832311 0.00859132 0.00875126 0.0089104 0.00861071 0.0084414 0.00823921 0.00850616 0.00838819 0.00840518 0.00838744 0.00825715 0.00918224 0.010607 0.0101998 0.00978447 0.00902867 0.00899898 0.0133726 0.0106945 0.0118414 0.00959126 0.0103882 0.0216275 0.0206708 0.0237348 0.0154014 0.010064 0.0103677 0.0204691 0.0176326 0.0150473 0.0127022 0.0316923 0.0309612 0.00383444 0 0.00377618 0.00376919 0.00384071 0.00396933 0.0433837 0.0262443 0.0165348 0.0122292 0.011944 0.0430482 0.0163929 0.236162 0.0119603 
0.00849131 0.00875799 0.00840463 0.00859219 0.00859109 0.00834522 0.00838278 0.0085992 0.00905524 0.00958406 0.00852701 0.0084161 0.00836989 0.00837737 0.0084433 0.00854024 0.00835432 0.00823898 0.00929111 0.0113596 0.0143488 0.0101182 0.00862328 0.00967264 0.0124324 0.0177996 0.01234 0.00954382 0.0102785 0.0191196 0.0567025 0.0366105 0.0193451 0.00942239 0.0102864 0.0184811 0.0216263 0.0159616 0.0474325 0.0217604 0.00914269 0.00386104 0.00377618 0 0.00375068 0.00374633 0.00378457 0.0187603 0.0234416 0.0147215 0.0105305 0.0114721 0.0143261 0.300937 0.0191461 0.0175919 
0.00848824 0.00859658 0.00839558 0.00846466 0.00845402 0.00828474 0.00831677 0.00855544 0.00875978 0.00899849 0.00860165 0.00832332 0.00819929 0.00847506 0.00836694 0.00839861 0.00829135 0.00816303 0.0093984 0.0100004 0.0117895 0.00983571 0.00872268 0.00879796 0.0131532 0.0133373 0.0112914 0.00895456 0.0100587 0.0207885 0.0313015 0.0507289 0.0122359 0.00984038 0.00970895 0.018517 0.018534 0.0167874 0.0479113 0.00759423 0.0807887 0.00382699 0.00376919 0.00375068 0 0.00374589 0.00380254 0.0164969 0.0224546 0.0140269 0.0103924 0.00984104 0.166221 0.0189928 0.0828839 0.0103907 
0.00843789 0.00867673 0.00824072 0.00846222 0.00833533 0.00821897 0.00826853 0.00838504 0.00847765 0.00841363 0.00830923 0.00827991 0.00834015 0.00830874 0.00825035 0.00820352 0.0082426 0.0082566 0.00859066 0.00889585 0.00921017 0.00872273 0.00850381 0.0102868 0.0092263 0.00996457 0.00990112 0.0087208 0.0106416 0.0118107 0.0155183 0.010333 0.0150493 0.00963421 0.0106686 0.0121301 0.0164674 0.0175227 0.0100703 0.157399 0.00621576 0.00389389 0.00384071 0.00374633 0.00374589 0 0.00378204 0.0182845 0.039181 0.0237987 0.0177245 0.129411 0.0127399 0.0567952 0.0169741 0.0221086 
0.00865652 0.00849434 0.00865606 0.00834802 0.00820943 0.0083675 0.00830102 0.0083439 0.00828 0.00826603 0.00829859 0.0082807 0.0082916 0.00836223 0.00834091 0.00823692 0.00819451 0.00823847 0.00884751 0.00840191 0.00838244 0.00862358 0.00855876 0.00888833 0.00925129 0.00857032 0.00859844 0.00915457 0.011678 0.00958249 0.00885738 0.00934778 0.00892945 0.00956826 0.012767 0.0103908 0.00891502 0.0134856 0.144961 0.00684217 0.012963 0.0044423 0.00396933 0.00378457 0.00380254 0.00378204 0 0.0448176 0.0257295 0.0186884 0.0277667 0.0194443 0.0168905 0.00971674 0.0224705 0.0136875 
0.00880671 0.0088075 0.008356 0.00843365 0.00847946 0.00847024 0.00822167 0.00850559 0.00836413 0.00837755 0.00830789 0.00830976 0.00821181 0.00827747 0.00824327 0.00823348 0.00824028 0.00841303 0.00900553 0.00856458 0.00840171 0.0085094 0.00866455 0.0090474 0.00919382 0.00855012 0.00885465 0.00876617 0.00932206 0.00942325 0.00892966 0.00891011 0.00906484 0.00955081 0.00973769 0.00960221 0.00899269 0.012111 0.0249436 0.0218594 0.0346631 0.0644506 0.0433837 0.0187603 0.0164969 0.0182845 0.0448176 0 0.0146098 0.00427867 0.00953937 0.0161774 0.0230311 0.012155 0.0212032 0.0558603 
0.00879274 0.00894086 0.00840078 0.00860051 0.00862843 0.00848767 0.00840136 0.00846653 0.008476 0.00840197 0.00837149 0.00846133 0.0083323 0.00826512 0.0082107 0.00823938 0.00817873 0.00837055 0.00866857 0.00888864 0.00873403 0.00860524 0.00857625 0.00912713 0.00888861 0.00887832 0.0091717 0.00899652 0.0102194 0.00972111 0.0110859 0.00993637 0.00975884 0.00947487 0.0110821 0.00996749 0.0105208 0.0123149 0.0212232 0.0142215 0.0192576 0.0363867 0.0262443 0.0234416 0.0224546 0.039181 0.0257295 0.0146098 0 0.0151212 0.00385879 0.0249391 0.0149722 0.0207006 0.0501093 0.0178783 
0.00847476 0.00864465 0.00820468 0.00832549 0.00831395 0.00825952 0.00811854 0.00827323 0.00832307 0.00834996 0.00826476 0.0081984 0.00820906 0.00823264 0.00819853 0.00821245 0.00813532 0.0082075 0.00839123 0.00885531 0.00861788 0.00845817 0.00886841 0.00932926 0.00896502 0.00875539 0.00879425 0.00904185 0.00975295 0.00912379 0.0096446 0.00931503 0.00948958 0.00983541 0.00946217 0.00975183 0.00999919 0.015639 0.0117163 0.0192997 0.0148812 0.0138103 0.0165348 0.0147215 0.0140269 0.0237987 0.0186884 0.00427867 0.0151212 0 0.00389897 0.017708 0.0440099 0.182808 0.0222767 0.0188302 
0.00875354 0.00883134 0.00836624 0.00849497 0.00824547 0.00829824 0.00829071 0.00835507 0.00827997 0.0082291 0.00813367 0.00824298 0.00824777 0.0082196 0.00815332 0.00815102 0.00813267 0.00822319 0.00856387 0.00833782 0.00829588 0.00831107 0.00832122 0.00894388 0.00853766 0.00833426 0.00850197 0.00852161 0.00964884 0.00854223 0.00864584 0.00858573 0.00865323 0.00869957 0.0102076 0.00879697 0.0090624 0.0100625 0.0167737 0.0113448 0.0132145 0.0347833 0.0122292 0.0105305 0.0103924 0.0177245 0.0277667 0.00953937 0.00385879 0.00389897 0 0.0382437 0.142863 0.00915092 0.0219286 0.0292629 
0.00848387 0.00863884 0.00829359 0.00837991 0.00840238 0.00846552 0.00826285 0.00841327 0.00837462 0.00834393 0.00835329 0.00840051 0.00837483 0.00827926 0.00823243 0.00822367 0.00825283 0.00834906 0.00826718 0.00830131 0.00832427 0.00828176 0.00923618 0.00870139 0.0084889 0.00839029 0.0084943 0.00968457 0.00861879 0.00848889 0.00859478 0.00852879 0.00892514 0.0104246 0.0088218 0.00859303 0.00874924 0.0123841 0.0115129 0.0115773 0.0286354 0.0213411 0.011944 0.0114721 0.00984104 0.129411 0.0194443 0.0161774 0.0249391 0.017708 0.0382437 0 0.00399357 0.00378327 0.00383309 0.00577879 
0.0086448 0.00878387 0.00838962 0.00864738 0.00848473 0.00845867 0.00832011 0.00857439 0.00853531 0.00853191 0.00842146 0.00835886 0.00826646 0.00845263 0.00837172 0.00832454 0.00829944 0.00821425 0.0085663 0.00867044 0.00862953 0.00855081 0.00836702 0.0083287 0.00913476 0.00866903 0.00914989 0.00831212 0.00858882 0.0100943 0.00983058 0.0107908 0.00930984 0.00875442 0.00877111 0.0104813 0.00978008 0.00956686 0.0116574 0.0140909 0.0160704 0.0156102 0.0430482 0.0143261 0.166221 0.0127399 0.0168905 0.0230311 0.0149722 0.0440099 0.142863 0.00399357 0 0.00376689 0.00382522 0.00392068 
0.00850707 0.00885566 0.00837244 0.00853952 0.0085214 0.00839472 0.00837001 0.00855759 0.00877461 0.00883161 0.00857599 0.00841894 0.0083626 0.00834284 0.00837137 0.00838148 0.00828489 0.00819428 0.00869734 0.00926186 0.0096409 0.00873111 0.00847562 0.00933707 0.00897379 0.0104905 0.00909143 0.00878341 0.00881303 0.010928 0.0167613 0.011792 0.0103072 0.0087263 0.00915267 0.0115353 0.0108471 0.0109147 0.0107197 0.0194607 0.0103515 0.0181454 0.0163929 0.300937 0.0189928 0.0567952 0.00971674 0.012155 0.0207006 0.182808 0.00915092 0.00378327 0.00376689 0 0.00375523 0.0038038 
0.00885644 0.0089708 0.00861748 0.00877228 0.00856906 0.00846645 0.00834896 0.00864276 0.00874045 0.00880924 0.00848379 0.00842657 0.008302 0.00841728 0.00838394 0.0083539 0.00834207 0.00818771 0.00875162 0.00888619 0.0095934 0.00871292 0.0083066 0.0085798 0.0106803 0.00943491 0.00964925 0.00858843 0.0098037 0.0123941 0.0126442 0.0142526 0.010151 0.00928506 0.00949003 0.0136271 0.0126868 0.0110023 0.0176136 0.0176681 0.0170938 0.0159919 0.236162 0.0191461 0.0828839 0.0169741 0.0224705 0.0212032 0.0501093 0.0222767 0.0219286 0.00383309 0.00382522 0.00375523 0 0.00383636 
0.00928616 0.00904218 0.00894165 0.00869964 0.00850764 0.00845808 0.00861308 0.00853776 0.00855714 0.00855124 0.00828296 0.00847138 0.0089323 0.00826662 0.00827841 0.00826222 0.00817725 0.00829241 0.00883416 0.00867992 0.00873204 0.00851151 0.00835685 0.0101592 0.00862525 0.00878298 0.00866079 0.00861274 0.0119866 0.00902495 0.00997325 0.00880721 0.00907475 0.009442 0.0115882 0.00939403 0.00938848 0.0104083 0.0211134 0.0133787 0.0117001 0.0876972 0.0119603 0.0175919 0.0103907 0.0221086 0.0136875 0.0558603 0.0178783 0.0188302 0.0292629 0.00577879 0.00392068 0.0038038 0.00383636 0 
