1LTIA
RLYRADSRPPDEIKRSGGLMPRGHNEYFDRGTQMNINLYDHARGTQTGFVRYDDGYVSTSLSLRSAHLAGQSILSGYSTYYIYVIATAPNMFNVNDVLGVYSPHPYEQEVSALGGIPYSQIYGWYRVNFGVIDERLHRNREYRDRYYRNLNIAPAEDGYRLAGFPPDHQAWREEPWIHHAPQGCG
CEEEEECCCHHHHHHHCEECCCCCCCCCCCCCCCCCCHHHHHCCCCCCCCCCCCCEEEEECCHHHHHHHHHHHHHHCCEEEEEEECCCCCEEEHHHHHHHHCCCHHHCCEEEECCEEHHHEEEEEEEECCEECCCCEECCCCCHHHHHCCCCCCHHHHHHHCCCCCCCCHHHCCCCHHHCCCCCC
0 0 0 0 0 0 0 0 0 0 0 0 0 0 0 0 0 0 0 0 0 0 0 0 0 0 0 0 0 0 0 0 0 0 0 0 0 0 0 0 0 0 0 0 0 0 0 0 0 0 0 0 0 0 0 0 0 0 0 0 0 0 0 0 0 0 0 0 0 0 0 0 0 0 0 0 0 0 0 0 0 0 0 0 0 0 0 0 0 0 0 0 0 0 0 0 0 0 0 0 0 0 0 0 0 0 0 0 0 0 0 0 0 0 0 0 0 0 0 0 0 0 0 0 0 0 0 0 0 0 0 0 0 0 0 0 0 0 0 0 0 0 0 0 0 0 0 0 0 0 0 0 0 0 0 0 0 0 0 0 0 0 0 0 0 0 0 0 0 0 0 0 0 0 0 0 0 0 0 0 0 0 0 0 0 
0 0 0 0 0 0 0 0 0 0 0 0 0 0 0 0 0 0 0 0 0 0 0 0 0 0 0 0 0 0 0 0 0 0 0 0 0 0 0 0 0 0 0 0 0 0 0 0 0 0 0 0 0 0 0 0 0 0 0 0 0 0 0 0 0 0 0 0 0 0 0 0 0 0 0 0 0 0 0 0 0 0 0 0 0 0 0 0 0 0 0 0 0 0 0 0 0 0 0 0 0 0 0 0 0 0 0 0 0 0 0 0 0 0 0 0 0 0 0 0 0 0 0 0 0 0 0 0 0 0 0 0 0 0 0 0 0 0 0 0 0 0 0 0 0 0 0 0 0 0 0 0 0 0 0 0 0 0 0 0 0 0 0 0 0 0 0 0 0 0 0 0 0 0 0 0 0 0 0 0 0 0 0 0 0 
0 0.00399185 0.00389802 0.00390365 0.00873975 0.0142772 0.0569977 0.0399642 0.0182308 0.0182539 0.0154854 0.0441099 0.0104932 0.0118688 0.0132531 0.0200292 0.0199843 0.0169996 0.0369504 0.0116371 0.010524 0.0176688 0.0103013 0.0093354 0.0116906 0.0128741 0.00863986 0.0100928 0.010427 0.00984134 0.010082 0.00943184 0.00993066 0.00916804 0.0103793 0.00990899 0.0085559 0.00948304 0.00826415 0.0093794 
0.00399185 0 0.00394442 0.00384661 0.00395563 0.0104751 0.0173993 0.0207268 0.0378038 0.0160517 0.0382974 0.0111411 0.00885047 0.0134678 0.0152108 0.0245581 0.025693 0.0335574 0.0128292 0.00960921 0.0110761 0.00917695 0.00895419 0.0100638 0.0122374 0.00881718 0.00833833 0.00840486 0.00919614 0.00931018 0.00986768 0.00973931 0.0088193 0.00955757 0.0091484 0.0083724 0.00825702 0.00835928 0.00822935 0.00821173 
0.00389802 0.00394442 0 0.00376282 0.00382909 0.010735 0.010106 0.0188831 0.0123892 0.0732145 0.0114176 0.00994389 0.00874548 0.0102689 0.0253123 0.0226855 0.0660495 0.0185369 0.0118201 0.00989862 0.00891016 0.00951303 0.00856053 0.0109662 0.0107845 0.00916887 0.00831682 0.00832517 0.00891237 0.0108076 0.0110442 0.0109093 0.00911649 0.0105404 0.0084424 0.00831197 0.0082335 0.00823814 0.0081684 0.00807253 
0.00390365 0.00384661 0.00376282 0 0.00386537 0.0106284 0.050582 0.0128501 0.0832348 0.0125689 0.0333874 0.00904341 0.00900859 0.0144147 0.0126175 0.044221 0.017552 0.0330294 0.0124446 0.00932778 0.0126431 0.00869122 0.00969881 0.009309 0.0141112 0.00936368 0.00854808 0.00843397 0.0112209 0.00990738 0.0128408 0.00884977 0.0099784 0.0085626 0.0096668 0.00830597 0.00836793 0.00840521 0.00809181 0.00816343 
0.00873975 0.00395563 0.00382909 0.00386537 0 0.0221288 0.0326239 0.0706152 0.0102405 0.0152095 0.0120935 0.0188111 0.0102231 0.00959459 0.0112761 0.0102746 0.0124281 0.0121442 0.0199102 0.0111368 0.00866989 0.0123195 0.00964714 0.00891125 0.00893488 0.0109522 0.0084645 0.00870307 0.00952641 0.00859781 0.00873526 0.00869153 0.00839654 0.00845701 0.00840691 0.00864193 0.00856232 0.00846911 0.00834417 0.00815736 
0.0142772 0.0104751 0.010735 0.0106284 0.0221288 0 0.0111605 0.0148496 0.0163205 0.0100613 0.0165635 0.0161344 0.00865726 0.00889961 0.00882355 0.0092365 0.00902453 0.0110715 0.0141199 0.00885784 0.0100746 0.0130163 0.00837533 0.00873841 0.00915443 0.0104156 0.00834014 0.0103796 0.00854882 0.00860603 0.00835291 0.00841927 0.0081735 0.00849872 0.00841922 0.00929748 0.00822445 0.00882109 0.00814974 0.00881802 
0.0569977 0.0173993 0.010106 0.050582 0.0326239 0.0111605 0 0.0223161 0.0121003 0.014482 0.0273752 0.02487 0.0103668 0.00934107 0.00877569 0.00915011 0.00938004 0.01272 0.013201 0.0102027 0.00952897 0.00999069 0.0101944 0.00839256 0.0101587 0.0101942 0.00943102 0.0087404 0.00955086 0.00832616 0.00838715 0.00825649 0.00819819 0.00824384 0.0083226 0.00873264 0.00892215 0.0086721 0.00864385 0.0082861 
0.0399642 0.0207268 0.0188831 0.0128501 0.0706152 0.0148496 0.0223161 0 0.00398233 0.00384551 0.00393351 0.00504179 0.0756184 0.0134047 0.0175885 0.0154799 0.0162729 0.0202461 0.0343856 0.0157984 0.0108043 0.0454974 0.0109175 0.0137414 0.0121233 0.021078 0.00940617 0.0152278 0.0102941 0.00996998 0.00950423 0.00990289 0.00920428 0.0102389 0.0101657 0.0193405 0.00921802 0.0122718 0.00879425 0.010439 
0.0182308 0.0378038 0.0123892 0.0832348 0.0102405 0.0163205 0.0121003 0.00398233 0 0.00378324 0.00391597 0.00383732 0.0129767 0.0687022 0.0187844 0.0430328 0.0237476 0.0406023 0.0158742 0.0108983 0.0259561 0.00946757 0.0105774 0.0133015 0.0346738 0.0111218 0.00892656 0.00883819 0.0112624 0.0102125 0.0174621 0.0117583 0.0131639 0.00974984 0.0203517 0.0087288 0.00858198 0.00873046 0.00831161 0.00833542 
0.0182539 0.0160517 0.0732145 0.0125689 0.0152095 0.0100613 0.014482 0.00384551 0.00378324 0 0.00379087 0.0037611 0.0133824 0.0157547 0.0827654 0.026102 0.0890407 0.0235221 0.0157956 0.0164773 0.00965514 0.0142805 0.00964666 0.026185 0.0169006 0.0110358 0.00860319 0.00894485 0.0109132 0.0148936 0.0249701 0.0285203 0.0110547 0.0307612 0.00921466 0.00913829 0.0084112 0.00834807 0.00842394 0.00824098 
0.0154854 0.0382974 0.0114176 0.0333874 0.0120935 0.0165635 0.0273752 0.00393351 0.00391597 0.00379087 0 0.00383423 0.0183652 0.0329919 0.0208782 0.0633665 0.0213593 0.0999404 0.0185673 0.0120595 0.0275247 0.0103242 0.0148256 0.0128731 0.0332342 0.0126843 0.00914173 0.00941474 0.0153694 0.0115035 0.0153916 0.0106022 0.0132843 0.00929976 0.0122574 0.00892143 0.00940948 0.00905165 0.00845225 0.0083529 
0.0441099 0.0111411 0.00994389 0.00904341 0.0188111 0.0161344 0.02487 0.00504179 0.00383732 0.0037611 0.00383423 0 0.0224157 0.0136316 0.0156741 0.014151 0.0183692 0.0198698 0.0825354 0.0176041 0.0100954 0.015773 0.0173714 0.0101221 0.00985775 0.0178858 0.0106122 0.00965855 0.0201038 0.00912479 0.00909691 0.00971818 0.0088502 0.00866755 0.00849156 0.00961911 0.0108595 0.00903246 0.0103526 0.00839059 
0.0104932 0.00885047 0.00874548 0.00900859 0.0102231 0.00865726 0.0103668 0.0756184 0.0129767 0.0133824 0.0183652 0.0224157 0 0.00399226 0.00381815 0.00373771 0.00379252 0.00415216 0.00490175 0.00795007 0.00662258 0.0141909 0.013767 0.0110085 0.0100875 0.0139135 0.00957878 0.0145493 0.00985322 0.0093582 0.00878767 0.0093165 0.00857282 0.010061 0.00914511 0.0509647 0.00988515 0.0111314 0.00906835 0.0104949 
0.0118688 0.0134678 0.0102689 0.0144147 0.00959459 0.00889961 0.00934107 0.0134047 0.0687022 0.0157547 0.0329919 0.0136316 0.00399226 0 0.00380449 0.00378369 0.00380271 0.00382511 0.00392081 0.00668348 0.0101909 0.00584014 0.0185336 0.015332 0.0238418 0.0104995 0.00996693 0.0100516 0.0137988 0.0107234 0.0156278 0.010194 0.01272 0.00948991 0.0629261 0.00963453 0.00978431 0.00996463 0.0091492 0.00864323 
0.0132531 0.0152108 0.0253123 0.0126175 0.0112761 0.00882355 0.00877569 0.0175885 0.0187844 0.0827654 0.0208782 0.0156741 0.00381815 0.00380449 0 0.00374963 0.00376212 0.00379465 0.00394343 0.00809001 0.00688591 0.00836237 0.0140418 0.0341683 0.0186828 0.0125129 0.00874262 0.00961942 0.0109126 0.0209834 0.0211836 0.0382295 0.0129866 0.0894698 0.0101882 0.0113857 0.00910888 0.00882422 0.0086375 0.00859052 
0.0200292 0.0245581 0.0226855 0.044221 0.0102746 0.0092365 0.00915011 0.0154799 0.0430328 0.026102 0.0633665 0.014151 0.00373771 0.00378369 0.00374963 0 0.00375325 0.00379295 0.00379254 0.0060786 0.00772451 0.00671295 0.026377 0.0235868 0.0345367 0.0129401 0.0104578 0.00917497 0.0195111 0.0149545 0.0538603 0.0261293 0.115366 0.0118725 0.0335397 0.00977323 0.00942305 0.00935955 0.0087241 0.00849685 
0.0199843 0.025693 0.0660495 0.017552 0.0124281 0.00902453 0.00938004 0.0162729 0.0237476 0.0890407 0.0213593 0.0183692 0.00379252 0.00380271 0.00376212 0.00375325 0 0.0037819 0.00378167 0.0104147 0.00863037 0.0223572 0.017588 0.045575 0.0273788 0.0157205 0.00942618 0.0107758 0.0142841 0.0308515 0.044269 0.137362 0.0173497 0.0602437 0.0134369 0.0123376 0.00947052 0.00973265 0.00882731 0.00879841 
0.0169996 0.0335574 0.0185369 0.0330294 0.0121442 0.0110715 0.01272 0.0202461 0.0406023 0.0235221 0.0999404 0.0198698 0.00415216 0.00382511 0.00379465 0.00379295 0.0037819 0 0.00398057 0.0106187 0.0482636 0.00610567 0.0176075 0.0334624 0.128456 0.0235187 0.0132772 0.0123614 0.0185224 0.0225284 0.102294 0.0185949 0.0231596 0.0171939 0.0421746 0.0105566 0.0134214 0.0121553 0.0103473 0.0091604 
0.0369504 0.0128292 0.0118201 0.0124446 0.0199102 0.0141199 0.013201 0.0343856 0.0158742 0.0157956 0.0185673 0.0825354 0.00490175 0.00392081 0.00394343 0.00379254 0.00378167 0.00398057 0 0.0314995 0.00750013 0.00544125 0.0263235 0.0165852 0.0259216 0.0851164 0.0157198 0.0131678 0.0493346 0.0293469 0.0153826 0.018249 0.0121937 0.0118294 0.0130532 0.01971 0.0147017 0.0149514 0.0124411 0.00971286 
0.0116371 0.00960921 0.00989862 0.00932778 0.0111368 0.00885784 0.0102027 0.0157984 0.0108983 0.0164773 0.0120595 0.0176041 0.00795007 0.00668348 0.00809001 0.0060786 0.0104147 0.0106187 0.0314995 0 0.00384019 0.00381768 0.0289097 0.0304019 0.0491732 0.0244059 0.0105695 0.0200912 0.0117445 0.0108681 0.0104012 0.0100591 0.0158566 0.0111598 0.0102238 0.0202362 0.0106114 0.0134278 0.00950199 0.0112718 
0.010524 0.0110761 0.00891016 0.0126431 0.00866989 0.0100746 0.00952897 0.0108043 0.0259561 0.00965514 0.0275247 0.0100954 0.00662258 0.0101909 0.00688591 0.00772451 0.00863037 0.0482636 0.00750013 0.00384019 0 0.00377417 0.0170666 0.0706299 0.0844488 0.0145174 0.0185342 0.0103279 0.0133421 0.0116633 0.0122017 0.0125201 0.0113367 0.00903676 0.0344634 0.00886327 0.0126418 0.0107948 0.0101 0.0088688 
0.0176688 0.00917695 0.00951303 0.00869122 0.0123195 0.0130163 0.00999069 0.0454974 0.00946757 0.0142805 0.0103242 0.015773 0.0141909 0.00584014 0.00836237 0.00671295 0.0223572 0.00610567 0.00544125 0.00381768 0.00377417 0 0.0727123 0.0126743 0.016184 0.0350516 0.00943312 0.0102062 0.0147519 0.0120373 0.00960747 0.0117602 0.00860363 0.0137406 0.00824997 0.0162527 0.015359 0.0106525 0.0150541 0.00929781 
0.0103013 0.00895419 0.00856053 0.00969881 0.00964714 0.00837533 0.0101944 0.0109175 0.0105774 0.00964666 0.0148256 0.0173714 0.013767 0.0185336 0.0140418 0.026377 0.017588 0.0176075 0.0263235 0.0289097 0.0170666 0.0727123 0 0.00395781 0.00389994 0.00415075 0.00452033 0.00832764 0.0120829 0.00833318 0.00828612 0.00815172 0.0100876 0.00904827 0.0209514 0.0190254 0.00952225 0.0203546 0.00963871 0.0139181 
0.0093354 0.0100638 0.0109662 0.009309 0.00891125 0.00873841 0.00839256 0.0137414 0.0133015 0.026185 0.0128731 0.0101221 0.0110085 0.015332 0.0341683 0.0235868 0.045575 0.0334624 0.0165852 0.0304019 0.0706299 0.0126743 0.00395781 0 0.0038431 0.00380299 0.00646349 0.00978198 0.0113791 0.0120663 0.00871676 0.0103483 0.00822297 0.0140669 0.0132086 0.0100403 0.0129868 0.0097151 0.0104827 0.00931875 
0.0116906 0.0122374 0.0107845 0.0141112 0.00893488 0.00915443 0.0101587 0.0121233 0.0346738 0.0169006 0.0332342 0.00985775 0.0100875 0.0238418 0.0186828 0.0345367 0.0273788 0.128456 0.0259216 0.0491732 0.0844488 0.016184 0.00389994 0.0038431 0 0.00388246 0.00663762 0.0654552 0.012304 0.00781949 0.0126144 0.00943958 0.0128809 0.00987917 0.0158738 0.00864238 0.0104712 0.0190161 0.00956377 0.0106173 
0.0128741 0.00881718 0.00916887 0.00936368 0.0109522 0.0104156 0.0101942 0.021078 0.0111218 0.0110358 0.0126843 0.0178858 0.0139135 0.0104995 0.0125129 0.0129401 0.0157205 0.0235187 0.0851164 0.0244059 0.0145174 0.0350516 0.00415075 0.00380299 0.00388246 0 0.160303 0.00434471 0.00687344 0.00650014 0.00902711 0.00834297 0.00820226 0.00717805 0.00754555 0.0121193 0.0129653 0.0152145 0.0136066 0.0104847 
0.00863986 0.00833833 0.00831682 0.00854808 0.0084645 0.00834014 0.00943102 0.00940617 0.00892656 0.00860319 0.00914173 0.0106122 0.00957878 0.00996693 0.00874262 0.0104578 0.00942618 0.0132772 0.0157198 0.0105695 0.0185342 0.00943312 0.00452033 0.00646349 0.00663762 0.160303 0 0.00687094 0.00383637 0.00447032 0.00423465 0.00437774 0.00511793 0.00517475 0.00724251 0.00721438 0.00818864 0.0271793 0.00908246 0.014591 
0.0100928 0.00840486 0.00832517 0.00843397 0.00870307 0.0103796 0.0087404 0.0152278 0.00883819 0.00894485 0.00941474 0.00965855 0.0145493 0.0100516 0.00961942 0.00917497 0.0107758 0.0123614 0.0131678 0.0200912 0.0103279 0.0102062 0.00832764 0.00978198 0.0654552 0.00434471 0.00687094 0 0.00521718 0.00387174 0.00425002 0.00387314 0.00443152 0.00417196 0.00527969 0.00587258 0.0142998 0.00830738 0.0232187 0.00931577 
0.010427 0.00919614 0.00891237 0.0112209 0.00952641 0.00854882 0.00955086 0.0102941 0.0112624 0.0109132 0.0153694 0.0201038 0.00985322 0.0137988 0.0109126 0.0195111 0.0142841 0.0185224 0.0493346 0.0117445 0.0133421 0.0147519 0.0120829 0.0113791 0.012304 0.00687344 0.00383637 0.00521718 0 0.00381325 0.00380605 0.00379819 0.00379599 0.0037807 0.00395975 0.00465871 0.00492449 0.0151786 0.00616553 0.00962382 
0.00984134 0.00931018 0.0108076 0.00990738 0.00859781 0.00860603 0.00832616 0.00996998 0.0102125 0.0148936 0.0115035 0.00912479 0.0093582 0.0107234 0.0209834 0.0149545 0.0308515 0.0225284 0.0293469 0.0108681 0.0116633 0.0120373 0.00833318 0.0120663 0.00781949 0.00650014 0.00447032 0.00387174 0.00381325 0 0.00374714 0.00376178 0.00376175 0.00376203 0.00379308 0.00378381 0.00528795 0.00646318 0.00817866 0.0109318 
0.010082 0.00986768 0.0110442 0.0128408 0.00873526 0.00835291 0.00838715 0.00950423 0.0174621 0.0249701 0.0153916 0.00909691 0.00878767 0.0156278 0.0211836 0.0538603 0.044269 0.102294 0.0153826 0.0104012 0.0122017 0.00960747 0.00828612 0.00871676 0.0126144 0.00902711 0.00423465 0.00425002 0.00380605 0.00374714 0 0.00377672 0.00375017 0.00386577 0.00379537 0.00389383 0.00507905 0.00706801 0.00692549 0.0080053 
0.00943184 0.00973931 0.0109093 0.00884977 0.00869153 0.00841927 0.00825649 0.00990289 0.0117583 0.0285203 0.0106022 0.00971818 0.0093165 0.010194 0.0382295 0.0261293 0.137362 0.0185949 0.018249 0.0100591 0.0125201 0.0117602 0.00815172 0.0103483 0.00943958 0.00834297 0.00437774 0.00387314 0.00379819 0.00376178 0.00377672 0 0.00374087 0.00375159 0.00378066 0.00387656 0.00417913 0.00642571 0.0156507 0.0129358 
0.00993066 0.0088193 0.00911649 0.0099784 0.00839654 0.0081735 0.00819819 0.00920428 0.0131639 0.0110547 0.0132843 0.0088502 0.00857282 0.01272 0.0129866 0.115366 0.0173497 0.0231596 0.0121937 0.0158566 0.0113367 0.00860363 0.0100876 0.00822297 0.0128809 0.00820226 0.00511793 0.00443152 0.00379599 0.00376175 0.00375017 0.00374087 0 0.00376993 0.00379959 0.00384967 0.00432705 0.0069155 0.0187846 0.0165431 
0.00916804 0.00955757 0.0105404 0.0085626 0.00845701 0.00849872 0.00824384 0.0102389 0.00974984 0.0307612 0.00929976 0.00866755 0.010061 0.00948991 0.0894698 0.0118725 0.0602437 0.0171939 0.0118294 0.0111598 0.00903676 0.0137406 0.00904827 0.0140669 0.00987917 0.00717805 0.00517475 0.00417196 0.0037807 0.00376203 0.00386577 0.00375159 0.00376993 0 0.0037417 0.0037693 0.00510627 0.020562 0.0281064 0.00726226 
0.0103793 0.0091484 0.0084424 0.0096668 0.00840691 0.00841922 0.0083226 0.0101657 0.0203517 0.00921466 0.0122574 0.00849156 0.00914511 0.0629261 0.0101882 0.0335397 0.0134369 0.0421746 0.0130532 0.0102238 0.0344634 0.00824997 0.0209514 0.0132086 0.0158738 0.00754555 0.00724251 0.00527969 0.00395975 0.00379308 0.00379537 0.00378066 0.00379959 0.0037417 0 0.00381207 0.00506302 0.864674 0.0075844 0.0077177 
0.00990899 0.0083724 0.00831197 0.00830597 0.00864193 0.00929748 0.00873264 0.0193405 0.0087288 0.00913829 0.00892143 0.00961911 0.0509647 0.00963453 0.0113857 0.00977323 0.0123376 0.0105566 0.01971 0.0202362 0.00886327 0.0162527 0.0190254 0.0100403 0.00864238 0.0121193 0.00721438 0.00587258 0.00465871 0.00378381 0.00389383 0.00387656 0.00384967 0.0037693 0.00381207 0 0.932793 0.00505503 0.0113807 0.00700642 
0.0085559 0.00825702 0.0082335 0.00836793 0.00856232 0.00822445 0.00892215 0.00921802 0.00858198 0.0084112 0.00940948 0.0108595 0.00988515 0.00978431 0.00910888 0.00942305 0.00947052 0.0134214 0.0147017 0.0106114 0.0126418 0.015359 0.00952225 0.0129868 0.0104712 0.0129653 0.00818864 0.0142998 0.00492449 0.00528795 0.00507905 0.00417913 0.00432705 0.00510627 0.00506302 0.932793 0 0.00570413 0.00987173 0.14005 
0.00948304 0.00835928 0.00823814 0.00840521 0.00846911 0.00882109 0.0086721 0.0122718 0.00873046 0.00834807 0.00905165 0.00903246 0.0111314 0.00996463 0.00882422 0.00935955 0.00973265 0.0121553 0.0149514 0.0134278 0.0107948 0.0106525 0.0203546 0.0097151 0.0190161 0.0152145 0.0271793 0.00830738 0.0151786 0.00646318 0.00706801 0.00642571 0.0069155 0.020562 0.864674 0.00505503 0.00570413 0 0.185546 0.0141736 
0.00826415 0.00822935 0.0081684 0.00809181 0.00834417 0.00814974 0.00864385 0.00879425 0.00831161 0.00842394 0.00845225 0.0103526 0.00906835 0.0091492 0.0086375 0.0087241 0.00882731 0.0103473 0.0124411 0.00950199 0.0101 0.0150541 0.00963871 0.0104827 0.00956377 0.0136066 0.00908246 0.0232187 0.00616553 0.00817866 0.00692549 0.0156507 0.0187846 0.0281064 0.0075844 0.0113807 0.00987173 0.185546 0 0.0357044 
0.0093794 0.00821173 0.00807253 0.00816343 0.00815736 0.00881802 0.0082861 0.010439 0.00833542 0.00824098 0.0083529 0.00839059 0.0104949 0.00864323 0.00859052 0.00849685 0.00879841 0.0091604 0.00971286 0.0112718 0.0088688 0.00929781 0.0139181 0.00931875 0.0106173 0.0104847 0.014591 0.00931577 0.00962382 0.0109318 0.0080053 0.0129358 0.0165431 0.00726226 0.0077177 0.00700642 0.14005 0.0141736 0.0357044 0 
