1MW7A
KVFPKLAKAITLAAKDGGSEPDTNAKLRTAILNAKAQNMPKDNIDAAIKRASSKEGNLSEITYEGKANFGVLIIMECMTDNPTRTIANLKSYFNKTQGASIVPNGSLEFMFNRKSVFECLKNEVENLKLSLEDLEFALIDYGLEELEEVEDKIIIRGDYNSFKLLNEGFESLKLPILKASLQRIATTPIELNDEQMELTEKLLDRIEDDDDVVALYTNIE
CCHHHHHHHHHHHHHCCCCCHHHCHHHHHHHHHHHHHCCCHHHHHHHHHHCCCCCCCCEEEEEEEEECCCEEEEEEEEECCHHHHHHHHHHHHCCCCCCEEECCCCCCCCEEEEEEEEEEHHHHHHCCCCHHHHHHHHHHHCEEEEEEECCEEEEEEEHHHHHHHHHHHHHCCCCCCEEEEEEEECCCECCCHHHHHHHHHHHHHHHCCCCEEEEEECEC
0 0 0 0 0 0 0 0 0 0 0 0 0 0 0 0 0 0 0 0 0 0 0 0 0 0 0 0 0 0 0 0 0 0 0 0 0 0 0 0 0 0 0 0 0 0 0 0 0 0 0 0 0 0 0 0 0 0 0 0 0 0 0 0 0 0 0 0 0 0 0 0 0 0 0 0 0 0 0 0 0 0 0 0 0 0 0 0 0 0 0 0 0 0 0 0 0 0 0 0 0 0 0 0 0 0 0 0 0 0 0 0 0 0 0 0 0 0 0 0 0 0 0 0 0 0 0 0 0 0 0 0 0 0 0 0 0 0 0 0 0 0 0 0 0 0 0 0 0 0 0 0 0 0 0 0 0 0 0 0 0 0 0 0 0 0 0 0 0 0 0 0 0 0 0 0 0 0 0 0 0 0 0 0 0 0 0 0 0 0 0 0 0 0 0 0 0 0 0 0 0 0 0 0 0 0 0 0 0 0 0 0 0 0 0 0 0 0 0 0 
0 0 0 0 0 0 0 0 0 0 0 0 0 0 0 0 0 0 0 0 0 0 0 0 0 0 0 0 0 0 0 0 0 0 0 0 0 0 0 0 0 0 0 0 0 0 0 0 0 0 0 0 0 0 0 0 0 0 0 0 0 0 0 0 0 0 0 0 0 0 0 0 0 0 0 0 0 0 0 0 0 0 0 0 0 0 0 0 0 0 0 0 0 0 0 0 0 0 0 0 0 0 0 0 0 0 0 0 0 0 0 0 0 0 0 0 0 0 0 0 0 0 0 0 0 0 0 0 0 0 0 0 0 0 0 0 0 0 0 0 0 0 0 0 0 0 0 0 0 0 0 0 0 0 0 0 0 0 0 0 0 0 0 0 0 0 0 0 0 0 0 0 0 0 0 0 0 0 0 0 0 0 0 0 0 0 0 0 0 0 0 0 0 0 0 0 0 0 0 0 0 0 0 0 0 0 0 0 0 0 0 0 0 0 0 0 0 0 0 0 
0 0.0043005 0.00377121 0.00416673 0.00379308 0.00438199 0.00389159 0.00588273 0.0213236 0.00734878 0.00774002 0.00841221 0.00834853 0.00804902 0.0109752 0.0115725 0.0333666 0.781833 0.0111779 0.00933399 0.0131711 0.00944616 0.00834568 0.00849447 0.00866173 0.00911825 0.00899021 0.00907973 0.00971224 0.00885758 0.0152401 0.00842675 0.0081621 0.00825767 0.00821185 0.00817461 0.00847815 0.00904791 0.0089522 0.00860167 0.0084277 0.00843447 0.00833443 0.00848312 0.00925633 0.00854 0.00827231 0.00821398 0.00819088 0.00816031 0.00847078 0.00830082 0.00964879 0.00997123 0.00841669 0.0081973 0.00821882 0.00817992 0.0081663 0.008219 0.00871404 
0.0043005 0 0.00397475 0.00380215 0.00382519 0.00374878 0.0041092 0.00667698 0.00407039 0.00641609 0.00908974 0.00958212 0.0101032 0.00796846 0.0157515 0.0193503 0.836472 0.0101923 0.00967522 0.0094274 0.00858797 0.00855326 0.00903341 0.00837249 0.00887535 0.00956861 0.0114807 0.0104981 0.011583 0.00893623 0.00886032 0.0081563 0.0082459 0.00830608 0.00815201 0.00825166 0.00822533 0.00826205 0.00852521 0.00893199 0.00917932 0.00866591 0.00872058 0.00821047 0.00830897 0.00822953 0.00830782 0.00844182 0.0082713 0.0086669 0.00830155 0.00837001 0.00830268 0.00829452 0.00814787 0.00837776 0.00839181 0.00835675 0.00833277 0.00816602 0.0083215 
0.00377121 0.00397475 0 0.00394036 0.00377361 0.00390334 0.0049486 0.00385732 0.0040378 0.00650489 0.00779239 0.00957584 0.00777217 0.0101306 0.0148124 0.849717 0.0111223 0.00814883 0.00848554 0.00945599 0.00861317 0.0101713 0.00832731 0.00906797 0.00918856 0.0105361 0.0112499 0.0196778 0.00954687 0.00974412 0.008356 0.00846894 0.00817007 0.00830217 0.00921285 0.0082237 0.00817444 0.00833291 0.00823044 0.0101419 0.00905112 0.0132626 0.00845851 0.00865044 0.00822229 0.0081591 0.00877434 0.00829335 0.00925875 0.00839949 0.00921347 0.00831987 0.00855326 0.00985968 0.00832889 0.00835701 0.00841014 0.00833371 0.00831826 0.00826187 0.00912756 
0.00416673 0.00380215 0.00394036 0 0.00377678 0.00380061 0.00380391 0.00389575 0.00375624 0.00612794 0.00833113 0.00786755 0.00960903 0.0107668 0.886657 0.012974 0.00804493 0.00760417 0.0124339 0.00848844 0.0087634 0.00856809 0.00934313 0.00895474 0.00918118 0.0124515 0.0260717 0.0107176 0.0279169 0.00840816 0.0096887 0.00824824 0.00848284 0.00963819 0.00827809 0.00955096 0.00829965 0.00821976 0.00953801 0.00852227 0.0216546 0.00936787 0.0122417 0.00825762 0.00850706 0.0090365 0.00824662 0.0127877 0.00848544 0.0101839 0.00862817 0.00881351 0.00819075 0.00812939 0.00824345 0.00852992 0.00849443 0.00843623 0.00833039 0.00818029 0.00833247 
0.00379308 0.00382519 0.00377361 0.00377678 0 0.00374353 0.00378726 0.00387209 0.00392096 0.00616134 0.00787307 0.0115026 0.033313 0.876013 0.012726 0.00900704 0.0081162 0.00893031 0.00863472 0.0108973 0.00896784 0.0101402 0.00855002 0.0106498 0.0113373 0.0185944 0.0174761 0.0380667 0.0104544 0.0179573 0.00876792 0.00861689 0.00842407 0.00851297 0.0105304 0.00844907 0.00836431 0.00839838 0.0083099 0.0126678 0.0103382 0.0234969 0.00920924 0.00966902 0.00828196 0.00823809 0.00925847 0.00869078 0.0114457 0.00866563 0.00985661 0.00831636 0.00874606 0.00935933 0.00852744 0.00854029 0.00878931 0.00847389 0.0084462 0.00829919 0.00907733 
0.00438199 0.00374878 0.00390334 0.00380061 0.00374353 0 0.00374626 0.00378031 0.00376343 0.00451481 0.0122106 0.0231744 0.86557 0.0143124 0.0106482 0.00666758 0.00904746 0.00709659 0.012532 0.00860382 0.00893872 0.00851492 0.00979184 0.00937914 0.0122605 0.0154038 0.0244541 0.0115307 0.0407889 0.00877029 0.00994064 0.00829121 0.00865424 0.00948218 0.00844272 0.00921697 0.00823786 0.00820337 0.00882193 0.00880332 0.0234374 0.0110536 0.0153685 0.00840045 0.00844238 0.00847294 0.00836825 0.0123466 0.00911652 0.010117 0.00882946 0.00842893 0.00823341 0.00815005 0.008298 0.00860793 0.00882138 0.00861325 0.00838232 0.00845684 0.00842878 
0.00389159 0.0041092 0.0049486 0.00380391 0.00378726 0.00374626 0 0.00376173 0.00376799 0.00746167 0.0294596 0.84944 0.0498104 0.0109158 0.00644877 0.0148106 0.00765129 0.00706308 0.00849906 0.0128772 0.00885954 0.0102743 0.00849612 0.015009 0.0104307 0.014543 0.0140021 0.0396975 0.00997714 0.0165301 0.00847272 0.0089501 0.00835039 0.00849079 0.0110613 0.00829521 0.00829971 0.00829201 0.00826697 0.0131791 0.0107879 0.0223369 0.00938844 0.00942521 0.00813504 0.00819067 0.00985648 0.00861631 0.0121364 0.00869816 0.0105179 0.00831811 0.00860995 0.00924125 0.0084145 0.00833429 0.00885769 0.00842181 0.008375 0.00828826 0.00874512 
0.00588273 0.00667698 0.00385732 0.00389575 0.00387209 0.00378031 0.00376173 0 0.00420175 0.00726451 0.966093 0.0152447 0.00729287 0.0055263 0.0103984 0.00647595 0.00671117 0.00627387 0.015482 0.00865559 0.00874904 0.00870186 0.0175768 0.00860898 0.00857789 0.00960595 0.0123364 0.00918037 0.0136904 0.00849155 0.0106825 0.00854976 0.00847779 0.008709 0.00812216 0.00842768 0.00826198 0.00809905 0.00964671 0.00861176 0.0104662 0.00866614 0.00890378 0.00820294 0.00850634 0.0085851 0.00838751 0.00912339 0.00839489 0.0087477 0.00842259 0.00846929 0.00808469 0.00812696 0.00833113 0.00837262 0.008378 0.00830286 0.008262 0.00811446 0.00824033 
0.0213236 0.00407039 0.0040378 0.00375624 0.00392096 0.00376343 0.00376799 0.00420175 0 0.994378 0.00804518 0.00481926 0.00455796 0.0105553 0.0049642 0.00650508 0.00609594 0.00820417 0.0101952 0.00931851 0.00949708 0.0299156 0.00841095 0.00839371 0.00858426 0.00884775 0.00883871 0.0096161 0.0084906 0.0105588 0.00846948 0.0169609 0.00822609 0.00817313 0.00879359 0.00819514 0.00823725 0.00836548 0.00903674 0.00955437 0.00837992 0.00862554 0.00826968 0.00849346 0.00808432 0.0083791 0.00843325 0.00818061 0.00836552 0.00829828 0.0084527 0.00815067 0.00849267 0.0107575 0.0102577 0.00824528 0.00824069 0.00823217 0.00822113 0.00821027 0.0106938 
0.00734878 0.00641609 0.00650489 0.00612794 0.00616134 0.00451481 0.00746167 0.00726451 0.994378 0 0.00414955 0.00378599 0.00382926 0.0038143 0.00383793 0.00397232 0.00443089 0.00825621 0.0403191 0.0115524 0.0230844 0.0118732 0.00881078 0.00914692 0.00929878 0.0110729 0.0109453 0.011465 0.0116277 0.0137704 0.0183387 0.00974216 0.00855935 0.00849801 0.0088279 0.00838993 0.00900655 0.0106321 0.00958402 0.0099864 0.00925973 0.0101802 0.00913131 0.00988212 0.0108406 0.00884888 0.00869764 0.00856735 0.008656 0.00877005 0.00888314 0.00906301 0.0132079 0.01278 0.00901029 0.00839416 0.00847989 0.00829387 0.0083856 0.00847246 0.00994052 
0.00774002 0.00908974 0.00779239 0.00833113 0.00787307 0.0122106 0.0294596 0.966093 0.00804518 0.00414955 0 0.00380947 0.00379269 0.00380478 0.00378888 0.00400882 0.00482303 0.00587398 0.0256865 0.0407855 0.0104077 0.0101387 0.0126188 0.0106049 0.0145399 0.023343 0.0380326 0.0278445 0.0283255 0.0174266 0.0112481 0.00880734 0.00976729 0.010487 0.00935621 0.00967291 0.00981841 0.00904604 0.00950088 0.0176591 0.0268127 0.0192193 0.015409 0.0106663 0.00940866 0.00876333 0.00991065 0.0115044 0.0112388 0.0107063 0.0112193 0.011721 0.00895839 0.00909187 0.00850561 0.00967972 0.00957489 0.00894119 0.00901506 0.00870262 0.00893083 
0.00841221 0.00958212 0.00957584 0.00786755 0.0115026 0.0231744 0.84944 0.0152447 0.00481926 0.00378599 0.00380947 0 0.00377103 0.00376812 0.00378698 0.00385725 0.00387652 0.00392082 0.0342086 0.0179043 0.0119398 0.0113019 0.0119432 0.0199838 0.0200456 0.0615831 0.0788269 0.107253 0.0596056 0.0220903 0.0110004 0.0094668 0.0131055 0.0140548 0.0142768 0.0133912 0.00943818 0.00854002 0.00986918 0.0252 0.0637106 0.104675 0.0390628 0.0117056 0.00865061 0.00891939 0.0118822 0.0215079 0.0282984 0.018314 0.0195362 0.00987138 0.00868785 0.00899367 0.00903615 0.010472 0.0142975 0.0126227 0.00939615 0.00928423 0.0106577 
0.00834853 0.0101032 0.00777217 0.00960903 0.033313 0.86557 0.0498104 0.00729287 0.00455796 0.00382926 0.00379269 0.00377103 0 0.00376008 0.00375707 0.00378627 0.00381009 0.0040902 0.0292866 0.0250866 0.0123725 0.0100686 0.0131074 0.0161404 0.0210081 0.0542076 0.0939519 0.0704701 0.080391 0.0150242 0.0114804 0.00926487 0.0105678 0.0161028 0.0109217 0.013589 0.00930416 0.0084048 0.0102481 0.0172398 0.0811882 0.0665898 0.0476755 0.0109662 0.00867511 0.00905019 0.0107017 0.0243449 0.0205115 0.0205412 0.0154538 0.00982676 0.00866411 0.00855225 0.00907445 0.0104089 0.0123765 0.0109066 0.00969182 0.0092356 0.0096034 
0.00804902 0.00796846 0.0101306 0.0107668 0.876013 0.0143124 0.0109158 0.0055263 0.0105553 0.0038143 0.00380478 0.00376812 0.00376008 0 0.00376043 0.00376429 0.00383953 0.00382585 0.0151953 0.0228415 0.0109524 0.0105107 0.00997921 0.0177811 0.0272922 0.041022 0.0701363 0.101139 0.0269364 0.0336551 0.00982389 0.009651 0.010262 0.0114947 0.0172447 0.0100417 0.00932366 0.00846149 0.00884674 0.0242935 0.0359282 0.114163 0.0250413 0.0139555 0.00861916 0.00859084 0.0141439 0.0127618 0.0342051 0.0146822 0.0185643 0.00929229 0.00904975 0.00899989 0.00898088 0.00974043 0.0126238 0.0104658 0.00944632 0.00898058 0.010365 
0.0109752 0.0157515 0.0148124 0.886657 0.012726 0.0106482 0.00644877 0.0103984 0.0049642 0.00383793 0.00378888 0.00378698 0.00375707 0.00376043 0 0.00378273 0.00377107 0.00377212 0.0259223 0.0128732 0.0132307 0.00923724 0.0123285 0.0192824 0.015682 0.0535562 0.0620896 0.0366016 0.0810292 0.0104981 0.0123948 0.00882199 0.0113573 0.0171689 0.00951862 0.0136012 0.00881168 0.00836792 0.00991104 0.0120012 0.0876776 0.0358563 0.048131 0.00940974 0.00887711 0.00926403 0.00936055 0.0279985 0.0144149 0.025006 0.0118528 0.00955738 0.00855222 0.00825425 0.00870413 0.0101315 0.0107604 0.0103585 0.00907354 0.00917523 0.00958775 
0.0115725 0.0193503 0.849717 0.012974 0.00900704 0.00666758 0.0148106 0.00647595 0.00650508 0.00397232 0.00400882 0.00385725 0.00378627 0.00376429 0.00378273 0 0.00376207 0.0037493 0.0158195 0.0201868 0.0141655 0.00987479 0.0107657 0.0167957 0.0155495 0.0326073 0.0379851 0.0532389 0.0218921 0.0184482 0.00946036 0.00966239 0.0100237 0.0105489 0.011222 0.00950977 0.00876453 0.00828941 0.00884695 0.0168116 0.025133 0.0549009 0.0184433 0.0107839 0.00856093 0.00860204 0.0114622 0.0124062 0.0223724 0.011885 0.0145217 0.00901449 0.00871545 0.0084184 0.00878786 0.00933443 0.0103345 0.010142 0.00897899 0.00885398 0.00922116 
0.0333666 0.836472 0.0111223 0.00804493 0.0081162 0.00904746 0.00765129 0.00671117 0.00609594 0.00443089 0.00482303 0.00387652 0.00381009 0.00383953 0.00377107 0.00376207 0 0.00383331 0.0198438 0.0566111 0.0259294 0.00969407 0.0132828 0.0098395 0.0102941 0.0137436 0.020536 0.0131518 0.0159795 0.0139155 0.0102329 0.0127133 0.00919734 0.00885026 0.00860564 0.00865519 0.00873863 0.0083369 0.00945474 0.0104984 0.0139397 0.0129542 0.0111909 0.00927783 0.00835071 0.00854775 0.0090192 0.00951899 0.00929272 0.00941602 0.00897965 0.00882392 0.00838016 0.00853322 0.00852165 0.00861102 0.00900008 0.00865741 0.00856613 0.00833285 0.00848222 
0.781833 0.0101923 0.00814883 0.00760417 0.00893031 0.00709659 0.00706308 0.00627387 0.00820417 0.00825621 0.00587398 0.00392082 0.0040902 0.00382585 0.00377212 0.0037493 0.00383331 0 0.0265678 0.014901 0.0701329 0.0206112 0.00920798 0.0088311 0.00997206 0.0100156 0.00986263 0.0113608 0.00995702 0.0112952 0.0119226 0.0168989 0.00871008 0.00839098 0.00845551 0.00833645 0.00825553 0.0086464 0.0120724 0.0104534 0.00924682 0.00926098 0.00890633 0.00856624 0.00865046 0.00974217 0.00897951 0.00846441 0.00853765 0.00848054 0.00852424 0.00827127 0.00904753 0.0110757 0.0104158 0.00854673 0.00850972 0.00855448 0.00836775 0.00831537 0.01046 
0.0111779 0.00967522 0.00848554 0.0124339 0.00863472 0.012532 0.00849906 0.015482 0.0101952 0.0403191 0.0256865 0.0342086 0.0292866 0.0151953 0.0259223 0.0158195 0.0198438 0.0265678 0 0.00399348 0.00419072 0.00711106 0.0118386 0.017092 0.0108495 0.00938251 0.0113064 0.00858708 0.0139971 0.00859493 0.0387035 0.00904458 0.00898661 0.010101 0.00838438 0.00944971 0.00962383 0.0112432 0.0165996 0.00932417 0.0139212 0.00951518 0.0115668 0.00949763 0.013318 0.0108384 0.00843643 0.00968485 0.00836432 0.00943072 0.00842511 0.0103928 0.0107306 0.00943398 0.00860467 0.00882428 0.00840136 0.00841448 0.00848535 0.00880374 0.00883606 
0.00933399 0.0094274 0.00945599 0.00848844 0.0108973 0.00860382 0.0128772 0.00865559 0.00931851 0.0115524 0.0407855 0.0179043 0.0250866 0.0228415 0.0128732 0.0201868 0.0566111 0.014901 0.00399348 0 0.00387669 0.0120392 0.0127984 0.00755879 0.00722547 0.00923528 0.00895317 0.0115475 0.00778407 0.0228241 0.00687907 0.0108984 0.00926465 0.00846381 0.00905757 0.00845473 0.00899908 0.00865183 0.00921193 0.0194588 0.00914884 0.0143344 0.00873856 0.0105478 0.00836849 0.00842105 0.0104109 0.0084749 0.00997011 0.00846911 0.00992425 0.00841222 0.00901468 0.00957721 0.00883412 0.0083986 0.00850303 0.00831981 0.00867419 0.00819835 0.00831468 
0.0131711 0.00858797 0.00861317 0.0087634 0.00896784 0.00893872 0.00885954 0.00874904 0.00949708 0.0230844 0.0104077 0.0119398 0.0123725 0.0109524 0.0132307 0.0141655 0.0259294 0.0701329 0.00419072 0.00387669 0 0.0719918 0.00758141 0.00616877 0.00693411 0.00806329 0.00868505 0.00793052 0.00923719 0.00739346 0.00860589 0.0167351 0.0084806 0.00847592 0.00858619 0.0084289 0.00850581 0.00915689 0.0143194 0.009848 0.0096249 0.00895917 0.00916796 0.00861482 0.00901611 0.0106562 0.00876897 0.00901431 0.00847711 0.00873464 0.00854563 0.00835186 0.00870668 0.012533 0.0104821 0.00842318 0.00845272 0.00838638 0.0082473 0.00831132 0.0105238 
0.00944616 0.00855326 0.0101713 0.00856809 0.0101402 0.00851492 0.0102743 0.00870186 0.0299156 0.0118732 0.0101387 0.0113019 0.0100686 0.0105107 0.00923724 0.00987479 0.00969407 0.0206112 0.00711106 0.0120392 0.0719918 0 0.00378165 0.00375712 0.00383266 0.00381456 0.00381846 0.00417687 0.00395104 0.00549953 0.00786616 0.0124462 0.00855279 0.0084431 0.0108305 0.00853138 0.00887875 0.0208561 0.00924665 0.0147054 0.00919929 0.0111074 0.00884439 0.01078 0.0148548 0.00882968 0.0101832 0.00852094 0.00881036 0.00846933 0.00916496 0.00830022 0.0373949 0.0143851 0.00911667 0.00822802 0.00869526 0.00832645 0.00832356 0.00873817 0.0120213 
0.00834568 0.00903341 0.00832731 0.00934313 0.00855002 0.00979184 0.00849612 0.0175768 0.00841095 0.00881078 0.0126188 0.0119432 0.0131074 0.00997921 0.0123285 0.0107657 0.0132828 0.00920798 0.0118386 0.0127984 0.00758141 0.00378165 0 0.00381165 0.00377162 0.00375922 0.00378011 0.00388213 0.0039623 0.00560141 0.00397817 0.00840612 0.0089288 0.00860921 0.0082357 0.00860035 0.00974314 0.0083731 0.00917626 0.0102171 0.0140541 0.00949238 0.0111635 0.0133556 0.00911248 0.00859698 0.00883221 0.00940561 0.00896308 0.00943059 0.00871475 0.0210015 0.00864485 0.00828067 0.00824679 0.00865903 0.00854436 0.00851041 0.00846606 0.00818135 0.0082785 
0.00849447 0.00837249 0.00906797 0.00895474 0.0106498 0.00937914 0.015009 0.00860898 0.00839371 0.00914692 0.0106049 0.0199838 0.0161404 0.0177811 0.0192824 0.0167957 0.0098395 0.0088311 0.017092 0.00755879 0.00616877 0.00375712 0.00381165 0 0.00373716 0.00375417 0.0037858 0.00382813 0.00397426 0.00381283 0.00374659 0.00886774 0.00895457 0.00920044 0.00912245 0.00878766 0.00831318 0.00829429 0.00872675 0.0110664 0.0129917 0.0161457 0.0125519 0.00908429 0.0082703 0.00854448 0.00891401 0.00987801 0.0114563 0.00964337 0.0227848 0.0086064 0.00943412 0.0082387 0.00831817 0.00867924 0.0094734 0.00906343 0.00841839 0.00829092 0.0082368 
0.00866173 0.00887535 0.00918856 0.00918118 0.0113373 0.0122605 0.0104307 0.00857789 0.00858426 0.00929878 0.0145399 0.0200456 0.0210081 0.0272922 0.015682 0.0155495 0.0102941 0.00997206 0.0108495 0.00722547 0.00693411 0.00383266 0.00377162 0.00373716 0 0.00374706 0.00375236 0.00377563 0.00373874 0.00384474 0.00375965 0.0114459 0.00906271 0.0100378 0.0100685 0.00861999 0.00877522 0.00857962 0.00942945 0.0119803 0.0147294 0.0193935 0.0124638 0.00940329 0.0270281 0.00859293 0.00965718 0.0105953 0.013112 0.0229908 0.0108354 0.0110871 0.00844998 0.00865185 0.008707 0.0088126 0.00994002 0.00954216 0.00874699 0.00856746 0.0084309 
0.00911825 0.00956861 0.0105361 0.0124515 0.0185944 0.0154038 0.014543 0.00960595 0.00884775 0.0110729 0.023343 0.0615831 0.0542076 0.041022 0.0535562 0.0326073 0.0137436 0.0100156 0.00938251 0.00923528 0.00806329 0.00381456 0.00375922 0.00375417 0.00374706 0 0.00374845 0.00376096 0.00374793 0.00372749 0.00377383 0.0138474 0.0235361 0.0141669 0.0108434 0.0120033 0.00901827 0.00864287 0.0104154 0.0201339 0.0406906 0.0384024 0.0233979 0.0343716 0.00890209 0.00924182 0.0131428 0.0207097 0.0436156 0.0228186 0.0339731 0.00961998 0.00928672 0.00892181 0.00951758 0.0116727 0.0139755 0.0119652 0.00962637 0.00924171 0.00884541 
0.00899021 0.0114807 0.0112499 0.0260717 0.0174761 0.0244541 0.0140021 0.0123364 0.00883871 0.0109453 0.0380326 0.0788269 0.0939519 0.0701363 0.0620896 0.0379851 0.020536 0.00986263 0.0113064 0.00895317 0.00868505 0.00381846 0.00378011 0.0037858 0.00375236 0.00374845 0 0.00375137 0.00374284 0.0037609 0.00376154 0.0125671 0.0236197 0.0352813 0.0130861 0.0132904 0.0102223 0.0086436 0.0122086 0.0166728 0.0930903 0.0457132 0.10856 0.0105853 0.00961517 0.0101419 0.0120039 0.0683202 0.0284019 0.0579954 0.0219617 0.011079 0.00871525 0.00870651 0.00972218 0.0144004 0.0194974 0.0194158 0.0106209 0.00979496 0.00892419 
0.00907973 0.0104981 0.0196778 0.0107176 0.0380667 0.0115307 0.0396975 0.00918037 0.0096161 0.011465 0.0278445 0.107253 0.0704701 0.101139 0.0366016 0.0532389 0.0131518 0.0113608 0.00858708 0.0115475 0.00793052 0.00417687 0.00388213 0.00382813 0.00377563 0.00376096 0.00375137 0 0.00375302 0.00375588 0.00375544 0.0146131 0.0140501 0.0189381 0.0276274 0.00994578 0.0114915 0.00874168 0.00924828 0.0408168 0.0230359 0.239131 0.0172141 0.0156048 0.00894218 0.00950582 0.040841 0.015254 0.108283 0.0186988 0.0362574 0.0101991 0.00964244 0.00964658 0.0103747 0.0125362 0.0219169 0.0156337 0.0111888 0.00960407 0.0100458 
0.00971224 0.011583 0.00954687 0.0279169 0.0104544 0.0407889 0.00997714 0.0136904 0.0084906 0.0116277 0.0283255 0.0596056 0.080391 0.0269364 0.0810292 0.0218921 0.0159795 0.00995702 0.0139971 0.00778407 0.00923719 0.00395104 0.0039623 0.00397426 0.00373874 0.00374793 0.00374284 0.00375302 0 0.00375459 0.00376702 0.0108797 0.0168369 0.0297006 0.00962586 0.0351181 0.0101586 0.00881944 0.0134249 0.011165 0.207345 0.0190793 0.0749287 0.00918162 0.0096417 0.0246721 0.0094355 0.0856913 0.0138867 0.0459717 0.0149534 0.0122894 0.00860031 0.00853837 0.00955959 0.0148676 0.0190117 0.0176547 0.00966123 0.0103272 0.00898418 
0.00885758 0.00893623 0.00974412 0.00840816 0.0179573 0.00877029 0.0165301 0.00849155 0.0105588 0.0137704 0.0174266 0.0220903 0.0150242 0.0336551 0.0104981 0.0184482 0.0139155 0.0112952 0.00859493 0.0228241 0.00739346 0.00549953 0.00560141 0.00381283 0.00384474 0.00372749 0.0037609 0.00375588 0.00375459 0 0.00376911 0.0156636 0.0123194 0.00898766 0.0213696 0.00939616 0.0190638 0.00958335 0.00927833 0.0514308 0.00993245 0.0365114 0.0100808 0.0214099 0.0085249 0.00875718 0.0250422 0.00878999 0.0289441 0.00951709 0.0144478 0.00905826 0.0106611 0.0111643 0.0105419 0.009228 0.011059 0.00924565 0.0109771 0.00879153 0.0103045 
0.0152401 0.00886032 0.008356 0.0096887 0.00876792 0.00994064 0.00847272 0.0106825 0.00846948 0.0183387 0.0112481 0.0110004 0.0114804 0.00982389 0.0123948 0.00946036 0.0102329 0.0119226 0.0387035 0.00687907 0.00860589 0.00786616 0.00397817 0.00374659 0.00375965 0.00377383 0.00376154 0.00375544 0.00376702 0.00376911 0 0.0223142 0.0100387 0.0158638 0.00821846 0.0113732 0.00920853 0.0142227 0.0255834 0.00951833 0.0124654 0.00958564 0.0111057 0.00902496 0.0135164 0.0233988 0.00892181 0.0130484 0.00883945 0.0100625 0.00896339 0.00922014 0.00870406 0.0115171 0.0124516 0.00901209 0.00874964 0.00903862 0.00843324 0.00894099 0.0104559 
0.00842675 0.0081563 0.00846894 0.00824824 0.00861689 0.00829121 0.0089501 0.00854976 0.0169609 0.00974216 0.00880734 0.0094668 0.00926487 0.009651 0.00882199 0.00966239 0.0127133 0.0168989 0.00904458 0.0108984 0.0167351 0.0124462 0.00840612 0.00886774 0.0114459 0.0138474 0.0125671 0.0146131 0.0108797 0.0156636 0.0223142 0 0.00524689 0.0038127 0.00422845 0.00385041 0.00459955 0.0114636 0.00491609 0.00709754 0.00754014 0.00796494 0.00767232 0.360741 0.455871 0.0101479 0.0127468 0.00875199 0.00946135 0.00939946 0.0099416 0.00949682 0.0348537 0.0274648 0.0102979 0.00841187 0.00877718 0.00851925 0.00899333 0.010174 0.0196584 
0.0081621 0.0082459 0.00817007 0.00848284 0.00842407 0.00865424 0.00835039 0.00847779 0.00822609 0.00855935 0.00976729 0.0131055 0.0105678 0.010262 0.0113573 0.0100237 0.00919734 0.00871008 0.00898661 0.00926465 0.0084806 0.00855279 0.0089288 0.00895457 0.00906271 0.0235361 0.0236197 0.0140501 0.0168369 0.0123194 0.0100387 0.00524689 0 0.00377329 0.00379105 0.00378509 0.00401621 0.00411455 0.00522857 0.00646822 0.00778913 0.00858538 0.0565684 0.356876 0.00864461 0.00904816 0.0108079 0.0112375 0.0102881 0.00955533 0.0102725 0.0102403 0.00872423 0.00876413 0.00865796 0.00935219 0.00927421 0.00905961 0.00925719 0.00846973 0.00843618 
0.00825767 0.00830608 0.00830217 0.00963819 0.00851297 0.00948218 0.00849079 0.008709 0.00817313 0.00849801 0.010487 0.0140548 0.0161028 0.0114947 0.0171689 0.0105489 0.00885026 0.00839098 0.010101 0.00846381 0.00847592 0.0084431 0.00860921 0.00920044 0.0100378 0.0141669 0.0352813 0.0189381 0.0297006 0.00898766 0.0158638 0.0038127 0.00377329 0 0.0037089 0.00376568 0.00387201 0.00374245 0.00465082 0.00536375 0.0117067 0.0195524 0.888755 0.0114334 0.00553589 0.00958541 0.00877576 0.0168971 0.00980974 0.0154718 0.0101128 0.00955801 0.00838299 0.00845564 0.00865053 0.0113388 0.0102308 0.0108526 0.00869105 0.00877902 0.00844035 
0.00821185 0.00815201 0.00921285 0.00827809 0.0105304 0.00844272 0.0110613 0.00812216 0.00879359 0.0088279 0.00935621 0.0142768 0.0109217 0.0172447 0.00951862 0.011222 0.00860564 0.00845551 0.00838438 0.00905757 0.00858619 0.0108305 0.0082357 0.00912245 0.0100685 0.0108434 0.0130861 0.0276274 0.00962586 0.0213696 0.00821846 0.00422845 0.00379105 0.0037089 0 0.00374243 0.00379173 0.00392213 0.00396474 0.00751109 0.00731259 0.958258 0.0185728 0.00672597 0.00517334 0.00840263 0.015114 0.00849102 0.0223813 0.00907832 0.014153 0.0083826 0.0100358 0.0132578 0.0102429 0.00852072 0.0132161 0.00955702 0.0087847 0.00847194 0.00964597 
0.00817461 0.00825166 0.0082237 0.00955096 0.00844907 0.00921697 0.00829521 0.00842768 0.00819514 0.00838993 0.00967291 0.0133912 0.013589 0.0100417 0.0136012 0.00950977 0.00865519 0.00833645 0.00944971 0.00845473 0.0084289 0.00853138 0.00860035 0.00878766 0.00861999 0.0120033 0.0132904 0.00994578 0.0351181 0.00939616 0.0113732 0.00385041 0.00378509 0.00376568 0.00374243 0 0.00375293 0.00376922 0.00478513 0.0050136 0.967802 0.0100328 0.00715931 0.00502626 0.00496485 0.00982039 0.00853143 0.0188288 0.00937365 0.0134577 0.00904979 0.00967259 0.00856088 0.00857492 0.00859867 0.0101533 0.0101006 0.0101137 0.00863678 0.00856361 0.00839548 
0.00847815 0.00822533 0.00817444 0.00829965 0.00836431 0.00823786 0.00829971 0.00826198 0.00823725 0.00900655 0.00981841 0.00943818 0.00930416 0.00932366 0.00881168 0.00876453 0.00873863 0.00825553 0.00962383 0.00899908 0.00850581 0.00887875 0.00974314 0.00831318 0.00877522 0.00901827 0.0102223 0.0114915 0.0101586 0.0190638 0.00920853 0.00459955 0.00401621 0.00387201 0.00379173 0.00375293 0 0.00405914 0.00459609 0.992618 0.0059427 0.00553169 0.00511864 0.00481187 0.00434487 0.0087506 0.0103602 0.00905718 0.0104985 0.00869059 0.00908684 0.00899855 0.00849319 0.00948543 0.00975717 0.00887884 0.00883866 0.00848982 0.00880384 0.00825589 0.00865132 
0.00904791 0.00826205 0.00833291 0.00821976 0.00839838 0.00820337 0.00829201 0.00809905 0.00836548 0.0106321 0.00904604 0.00854002 0.0084048 0.00846149 0.00836792 0.00828941 0.0083369 0.0086464 0.0112432 0.00865183 0.00915689 0.0208561 0.0083731 0.00829429 0.00857962 0.00864287 0.0086436 0.00874168 0.00881944 0.00958335 0.0142227 0.0114636 0.00411455 0.00374245 0.00392213 0.00376922 0.00405914 0 0.994133 0.00602334 0.00393899 0.00401431 0.00432525 0.00403646 0.00444164 0.0112361 0.00983397 0.0085236 0.0087911 0.00846065 0.00864776 0.00840814 0.0104477 0.0187252 0.0162883 0.00839697 0.00838527 0.00837152 0.00832467 0.00837063 0.0138215 
0.0089522 0.00852521 0.00823044 0.00953801 0.0083099 0.00882193 0.00826697 0.00964671 0.00903674 0.00958402 0.00950088 0.00986918 0.0102481 0.00884674 0.00991104 0.00884695 0.00945474 0.0120724 0.0165996 0.00921193 0.0143194 0.00924665 0.00917626 0.00872675 0.00942945 0.0104154 0.0122086 0.00924828 0.0134249 0.00927833 0.0255834 0.00491609 0.00522857 0.00465082 0.00396474 0.00478513 0.00459609 0.994133 0 0.00383854 0.00377218 0.00377934 0.00395997 0.00400298 0.00508682 0.0419359 0.00976981 0.0138051 0.00873855 0.0116053 0.008928 0.0130881 0.0134297 0.0151906 0.010523 0.0107591 0.00896711 0.0092768 0.00906414 0.012963 0.0120453 
0.00860167 0.00893199 0.0101419 0.00852227 0.0126678 0.00880332 0.0131791 0.00861176 0.00955437 0.0099864 0.0176591 0.0252 0.0172398 0.0242935 0.0120012 0.0168116 0.0104984 0.0104534 0.00932417 0.0194588 0.009848 0.0147054 0.0102171 0.0110664 0.0119803 0.0201339 0.0166728 0.0408168 0.011165 0.0514308 0.00951833 0.00709754 0.00646822 0.00536375 0.00751109 0.0050136 0.992618 0.00602334 0.00383854 0 0.00378408 0.0037747 0.0037955 0.00393746 0.0037299 0.0209984 0.127236 0.0122477 0.0323895 0.0100033 0.0256406 0.0114455 0.0158241 0.0213394 0.0192728 0.0132077 0.0164784 0.0127574 0.0146538 0.00986024 0.0116266 
0.0084277 0.00917932 0.00905112 0.0216546 0.0103382 0.0234374 0.0107879 0.0104662 0.00837992 0.00925973 0.0268127 0.0637106 0.0811882 0.0359282 0.0876776 0.025133 0.0139397 0.00924682 0.0139212 0.00914884 0.0096249 0.00919929 0.0140541 0.0129917 0.0147294 0.0406906 0.0930903 0.0230359 0.207345 0.00993245 0.0124654 0.00754014 0.00778913 0.0117067 0.00731259 0.967802 0.0059427 0.00393899 0.00377218 0.00378408 0 0.00376642 0.00377822 0.00377013 0.00377776 0.0385404 0.0112099 0.124704 0.0161332 0.0690567 0.0162348 0.0200881 0.00938442 0.00992091 0.0108806 0.0307205 0.0294852 0.0420944 0.0137814 0.0132459 0.00978365 
0.00843447 0.00866591 0.0132626 0.00936787 0.0234969 0.0110536 0.0223369 0.00866614 0.00862554 0.0101802 0.0192193 0.104675 0.0665898 0.114163 0.0358563 0.0549009 0.0129542 0.00926098 0.00951518 0.0143344 0.00895917 0.0111074 0.00949238 0.0161457 0.0193935 0.0384024 0.0457132 0.239131 0.0190793 0.0365114 0.00958564 0.00796494 0.00858538 0.0195524 0.958258 0.0100328 0.00553169 0.00401431 0.00377934 0.0037747 0.00376642 0 0.00375416 0.00374766 0.0037479 0.0112095 0.0813275 0.0145272 0.132518 0.0207807 0.0563363 0.0107534 0.0105957 0.0121991 0.0127764 0.017073 0.0722286 0.0287517 0.0201325 0.0125777 0.0123338 
0.00833443 0.00872058 0.00845851 0.0122417 0.00920924 0.0153685 0.00938844 0.00890378 0.00826968 0.00913131 0.015409 0.0390628 0.0476755 0.0250413 0.048131 0.0184433 0.0111909 0.00890633 0.0115668 0.00873856 0.00916796 0.00884439 0.0111635 0.0125519 0.0124638 0.0233979 0.10856 0.0172141 0.0749287 0.0100808 0.0111057 0.00767232 0.0565684 0.888755 0.0185728 0.00715931 0.00511864 0.00432525 0.00395997 0.0037955 0.00377822 0.00375416 0 0.00375829 0.0037614 0.0187709 0.0121479 0.121677 0.0143778 0.0559502 0.0175089 0.0160098 0.00887439 0.00955713 0.0105266 0.0264398 0.0257439 0.0237178 0.0118582 0.0121683 0.00933721 
0.00848312 0.00821047 0.00865044 0.00825762 0.00966902 0.00840045 0.00942521 0.00820294 0.00849346 0.00988212 0.0106663 0.0117056 0.0109662 0.0139555 0.00940974 0.0107839 0.00927783 0.00856624 0.00949763 0.0105478 0.00861482 0.01078 0.0133556 0.00908429 0.00940329 0.0343716 0.0105853 0.0156048 0.00918162 0.0214099 0.00902496 0.360741 0.356876 0.0114334 0.00672597 0.00502626 0.00481187 0.00403646 0.00400298 0.00393746 0.00377013 0.00374766 0.00375829 0 0.00378522 0.0112647 0.0285772 0.0104121 0.0381679 0.0103972 0.0151593 0.0126236 0.0121643 0.0139136 0.0166397 0.00956903 0.011057 0.0094445 0.0108351 0.00930297 0.0118668 
0.00925633 0.00830897 0.00822229 0.00850706 0.00828196 0.00844238 0.00813504 0.00850634 0.00808432 0.0108406 0.00940866 0.00865061 0.00867511 0.00861916 0.00887711 0.00856093 0.00835071 0.00865046 0.013318 0.00836849 0.00901611 0.0148548 0.00911248 0.0082703 0.0270281 0.00890209 0.00961517 0.00894218 0.0096417 0.0085249 0.0135164 0.455871 0.00864461 0.00553589 0.00517334 0.00496485 0.00434487 0.00444164 0.00508682 0.0037299 0.00377776 0.0037479 0.0037614 0.00378522 0 0.019946 0.00848148 0.0105998 0.00815485 0.0138409 0.00833041 0.0101574 0.0130272 0.0137853 0.0131753 0.00891091 0.00887704 0.00876578 0.00861263 0.00867838 0.0132775 
0.00854 0.00822953 0.0081591 0.0090365 0.00823809 0.00847294 0.00819067 0.0085851 0.0083791 0.00884888 0.00876333 0.00891939 0.00905019 0.00859084 0.00926403 0.00860204 0.00854775 0.00974217 0.0108384 0.00842105 0.0106562 0.00882968 0.00859698 0.00854448 0.00859293 0.00924182 0.0101419 0.00950582 0.0246721 0.00875718 0.0233988 0.0101479 0.00904816 0.00958541 0.00840263 0.00982039 0.0087506 0.0112361 0.0419359 0.0209984 0.0385404 0.0112095 0.0187709 0.0112647 0.019946 0 0.004197 0.00379806 0.00377065 0.00379205 0.0038178 0.00450649 0.00540175 0.0102684 0.02154 0.0145676 0.00973884 0.010476 0.00967294 0.0156059 0.0137457 
0.00827231 0.00830782 0.00877434 0.00824662 0.00925847 0.00836825 0.00985648 0.00838751 0.00843325 0.00869764 0.00991065 0.0118822 0.0107017 0.0141439 0.00936055 0.0114622 0.0090192 0.00897951 0.00843643 0.0104109 0.00876897 0.0101832 0.00883221 0.00891401 0.00965718 0.0131428 0.0120039 0.040841 0.0094355 0.0250422 0.00892181 0.0127468 0.0108079 0.00877576 0.015114 0.00853143 0.0103602 0.00983397 0.00976981 0.127236 0.0112099 0.0813275 0.0121479 0.0285772 0.00848148 0.004197 0 0.00375434 0.00377271 0.00375815 0.00380156 0.00395253 0.00439621 0.00871758 0.0294725 0.0183588 0.0174305 0.0106974 0.0178951 0.0103285 0.0188816 
0.00821398 0.00844182 0.00829335 0.0127877 0.00869078 0.0123466 0.00861631 0.00912339 0.00818061 0.00856735 0.0115044 0.0215079 0.0243449 0.0127618 0.0279985 0.0124062 0.00951899 0.00846441 0.00968485 0.0084749 0.00901431 0.00852094 0.00940561 0.00987801 0.0105953 0.0207097 0.0683202 0.015254 0.0856913 0.00878999 0.0130484 0.00875199 0.0112375 0.0168971 0.00849102 0.0188288 0.00905718 0.0085236 0.0138051 0.0122477 0.124704 0.0145272 0.121677 0.0104121 0.0105998 0.00379806 0.00375434 0 0.00374149 0.00374722 0.00372256 0.00377633 0.00402615 0.0053854 0.0132412 0.0364434 0.0309196 0.0466727 0.0117205 0.015098 0.0101719 
0.00819088 0.0082713 0.00925875 0.00848544 0.0114457 0.00911652 0.0121364 0.00839489 0.00836552 0.008656 0.0112388 0.0282984 0.0205115 0.0342051 0.0144149 0.0223724 0.00929272 0.00853765 0.00836432 0.00997011 0.00847711 0.00881036 0.00896308 0.0114563 0.013112 0.0436156 0.0284019 0.108283 0.0138867 0.0289441 0.00883945 0.00946135 0.0102881 0.00980974 0.0223813 0.00937365 0.0104985 0.0087911 0.00873855 0.0323895 0.0161332 0.132518 0.0143778 0.0381679 0.00815485 0.00377065 0.00377271 0.00374149 0 0.00374155 0.00380625 0.0037572 0.00397495 0.00494592 0.0162017 0.014616 0.0607905 0.0244813 0.0233765 0.0105991 0.0164648 
0.00816031 0.0086669 0.00839949 0.0101839 0.00866563 0.010117 0.00869816 0.0087477 0.00829828 0.00877005 0.0107063 0.018314 0.0205412 0.0146822 0.025006 0.011885 0.00941602 0.00848054 0.00943072 0.00846911 0.00873464 0.00846933 0.00943059 0.00964337 0.0229908 0.0228186 0.0579954 0.0186988 0.0459717 0.00951709 0.0100625 0.00939946 0.00955533 0.0154718 0.00907832 0.0134577 0.00869059 0.00846065 0.0116053 0.0100033 0.0690567 0.0207807 0.0559502 0.0103972 0.0138409 0.00379205 0.00375815 0.00374722 0.00374155 0 0.00374747 0.0037908 0.00375273 0.00436888 0.011611 0.0383798 0.0256702 0.030313 0.0135507 0.0147393 0.0100735 
0.00847078 0.00830155 0.00921347 0.00862817 0.00985661 0.00882946 0.0105179 0.00842259 0.0084527 0.00888314 0.0112193 0.0195362 0.0154538 0.0185643 0.0118528 0.0145217 0.00897965 0.00852424 0.00842511 0.00992425 0.00854563 0.00916496 0.00871475 0.0227848 0.0108354 0.0339731 0.0219617 0.0362574 0.0149534 0.0144478 0.00896339 0.0099416 0.0102725 0.0101128 0.014153 0.00904979 0.00908684 0.00864776 0.008928 0.0256406 0.0162348 0.0563363 0.0175089 0.0151593 0.00833041 0.0038178 0.00380156 0.00372256 0.00380625 0.00374747 0 0.00377879 0.00376318 0.00487207 0.0257419 0.0138172 0.0515198 0.020231 0.0176487 0.010912 0.0134215 
0.00830082 0.00837001 0.00831987 0.00881351 0.00831636 0.00842893 0.00831811 0.00846929 0.00815067 0.00906301 0.011721 0.00987138 0.00982676 0.00929229 0.00955738 0.00901449 0.00882392 0.00827127 0.0103928 0.00841222 0.00835186 0.00830022 0.0210015 0.0086064 0.0110871 0.00961998 0.011079 0.0101991 0.0122894 0.00905826 0.00922014 0.00949682 0.0102403 0.00955801 0.0083826 0.00967259 0.00899855 0.00840814 0.0130881 0.0114455 0.0200881 0.0107534 0.0160098 0.0126236 0.0101574 0.00450649 0.00395253 0.00377633 0.0037572 0.0037908 0.00377879 0 0.00377322 0.00545047 0.0117301 0.0241566 0.013072 0.0210353 0.0141235 0.0114159 0.0105715 
0.00964879 0.00830268 0.00855326 0.00819075 0.00874606 0.00823341 0.00860995 0.00808469 0.00849267 0.0132079 0.00895839 0.00868785 0.00866411 0.00904975 0.00855222 0.00871545 0.00838016 0.00904753 0.0107306 0.00901468 0.00870668 0.0373949 0.00864485 0.00943412 0.00844998 0.00928672 0.00871525 0.00964244 0.00860031 0.0106611 0.00870406 0.0348537 0.00872423 0.00838299 0.0100358 0.00856088 0.00849319 0.0104477 0.0134297 0.0158241 0.00938442 0.0105957 0.00887439 0.0121643 0.0130272 0.00540175 0.00439621 0.00402615 0.00397495 0.00375273 0.00376318 0.00377322 0 0.0394867 0.0347033 0.0103315 0.011968 0.0112842 0.0175761 0.0144148 0.0382872 
0.00997123 0.00829452 0.00985968 0.00812939 0.00935933 0.00815005 0.00924125 0.00812696 0.0107575 0.01278 0.00909187 0.00899367 0.00855225 0.00899989 0.00825425 0.0084184 0.00853322 0.0110757 0.00943398 0.00957721 0.012533 0.0143851 0.00828067 0.0082387 0.00865185 0.00892181 0.00870651 0.00964658 0.00853837 0.0111643 0.0115171 0.0274648 0.00876413 0.00845564 0.0132578 0.00857492 0.00948543 0.0187252 0.0151906 0.0213394 0.00992091 0.0121991 0.00955713 0.0139136 0.0137853 0.0102684 0.00871758 0.0053854 0.00494592 0.00436888 0.00487207 0.00545047 0.0394867 0 0.0441407 0.0119019 0.0122553 0.0109557 0.0169582 0.0178248 0.259598 
0.00841669 0.00814787 0.00832889 0.00824345 0.00852744 0.008298 0.0084145 0.00833113 0.0102577 0.00901029 0.00850561 0.00903615 0.00907445 0.00898088 0.00870413 0.00878786 0.00852165 0.0104158 0.00860467 0.00883412 0.0104821 0.00911667 0.00824679 0.00831817 0.008707 0.00951758 0.00972218 0.0103747 0.00955959 0.0105419 0.0124516 0.0102979 0.00865796 0.00865053 0.0102429 0.00859867 0.00975717 0.0162883 0.010523 0.0192728 0.0108806 0.0127764 0.0105266 0.0166397 0.0131753 0.02154 0.0294725 0.0132412 0.0162017 0.011611 0.0257419 0.0117301 0.0347033 0.0441407 0 0.00418105 0.00387296 0.00388443 0.00423301 0.0045483 0.0232415 
0.0081973 0.00837776 0.00835701 0.00852992 0.00854029 0.00860793 0.00833429 0.00837262 0.00824528 0.00839416 0.00967972 0.010472 0.0104089 0.00974043 0.0101315 0.00933443 0.00861102 0.00854673 0.00882428 0.0083986 0.00842318 0.00822802 0.00865903 0.00867924 0.0088126 0.0116727 0.0144004 0.0125362 0.0148676 0.009228 0.00901209 0.00841187 0.00935219 0.0113388 0.00852072 0.0101533 0.00887884 0.00839697 0.0107591 0.0132077 0.0307205 0.017073 0.0264398 0.00956903 0.00891091 0.0145676 0.0183588 0.0364434 0.014616 0.0383798 0.0138172 0.0241566 0.0103315 0.0119019 0.00418105 0 0.00377654 0.00381937 0.00391721 0.00392595 0.00442944 
0.00821882 0.00839181 0.00841014 0.00849443 0.00878931 0.00882138 0.00885769 0.008378 0.00824069 0.00847989 0.00957489 0.0142975 0.0123765 0.0126238 0.0107604 0.0103345 0.00900008 0.00850972 0.00840136 0.00850303 0.00845272 0.00869526 0.00854436 0.0094734 0.00994002 0.0139755 0.0194974 0.0219169 0.0190117 0.011059 0.00874964 0.00877718 0.00927421 0.0102308 0.0132161 0.0101006 0.00883866 0.00838527 0.00896711 0.0164784 0.0294852 0.0722286 0.0257439 0.011057 0.00887704 0.00973884 0.0174305 0.0309196 0.0607905 0.0256702 0.0515198 0.013072 0.011968 0.0122553 0.00387296 0.00377654 0 0.00376186 0.00417077 0.00376105 0.00674336 
0.00817992 0.00835675 0.00833371 0.00843623 0.00847389 0.00861325 0.00842181 0.00830286 0.00823217 0.00829387 0.00894119 0.0126227 0.0109066 0.0104658 0.0103585 0.010142 0.00865741 0.00855448 0.00841448 0.00831981 0.00838638 0.00832645 0.00851041 0.00906343 0.00954216 0.0119652 0.0194158 0.0156337 0.0176547 0.00924565 0.00903862 0.00851925 0.00905961 0.0108526 0.00955702 0.0101137 0.00848982 0.00837152 0.0092768 0.0127574 0.0420944 0.0287517 0.0237178 0.0094445 0.00876578 0.010476 0.0106974 0.0466727 0.0244813 0.030313 0.020231 0.0210353 0.0112842 0.0109557 0.00388443 0.00381937 0.00376186 0 0.00380292 0.00375649 0.00409506 
0.0081663 0.00833277 0.00831826 0.00833039 0.0084462 0.00838232 0.008375 0.008262 0.00822113 0.0083856 0.00901506 0.00939615 0.00969182 0.00944632 0.00907354 0.00897899 0.00856613 0.00836775 0.00848535 0.00867419 0.0082473 0.00832356 0.00846606 0.00841839 0.00874699 0.00962637 0.0106209 0.0111888 0.00966123 0.0109771 0.00843324 0.00899333 0.00925719 0.00869105 0.0087847 0.00863678 0.00880384 0.00832467 0.00906414 0.0146538 0.0137814 0.0201325 0.0118582 0.0108351 0.00861263 0.00967294 0.0178951 0.0117205 0.0233765 0.0135507 0.0176487 0.0141235 0.0175761 0.0169582 0.00423301 0.00391721 0.00417077 0.00380292 0 0.00377969 0.00468655 
0.008219 0.00816602 0.00826187 0.00818029 0.00829919 0.00845684 0.00828826 0.00811446 0.00821027 0.00847246 0.00870262 0.00928423 0.0092356 0.00898058 0.00917523 0.00885398 0.00833285 0.00831537 0.00880374 0.00819835 0.00831132 0.00873817 0.00818135 0.00829092 0.00856746 0.00924171 0.00979496 0.00960407 0.0103272 0.00879153 0.00894099 0.010174 0.00846973 0.00877902 0.00847194 0.00856361 0.00825589 0.00837063 0.012963 0.00986024 0.0132459 0.0125777 0.0121683 0.00930297 0.00867838 0.0156059 0.0103285 0.015098 0.0105991 0.0147393 0.010912 0.0114159 0.0144148 0.0178248 0.0045483 0.00392595 0.00376105 0.00375649 0.00377969 0 0.0132021 
0.00871404 0.0083215 0.00912756 0.00833247 0.00907733 0.00842878 0.00874512 0.00824033 0.0106938 0.00994052 0.00893083 0.0106577 0.0096034 0.010365 0.00958775 0.00922116 0.00848222 0.01046 0.00883606 0.00831468 0.0105238 0.0120213 0.0082785 0.0082368 0.0084309 0.00884541 0.00892419 0.0100458 0.00898418 0.0103045 0.0104559 0.0196584 0.00843618 0.00844035 0.00964597 0.00839548 0.00865132 0.0138215 0.0120453 0.0116266 0.00978365 0.0123338 0.00933721 0.0118668 0.0132775 0.0137457 0.0188816 0.0101719 0.0164648 0.0100735 0.0134215 0.0105715 0.0382872 0.259598 0.0232415 0.00442944 0.00674336 0.00409506 0.00468655 0.0132021 0 
