1NEPA
EPVKFKDCGSWVGVIKEVNVSPCPTQPCKLHRGQSYSVNVTFTSNTQSQSSKAVVHGIVMGIPVPFPIPESDGCKSGIRCPIEKDKTYNYVNKLPVKNEYPSIKVVVEWELTDDKNQRFFCWQIPIEVEA
CECCCEECCCCCEEEEEEEEECCCCCCEEEECCCEEEEEEEEEECCCECCCEEEEEEEECCEEEECCCCCCEHHHCCCCCCECCCCEEEEEEEEECCCCCCCCEEEEEEEEECCCCCEEEEEEEEEEEEC
0 0 0 0 0 0 0 0 0 0 0 0 0 0 0 0 0 0 0 0 0 0 0 0 0 0 0 0 0 0 0 0 0 0 0 0 0 0 0 0 0 0 0 0 0 0 0 0 0 0 0 0 0 0 0 0 0 0 0 0 0 0 0 0 0 0 0 0 0 0 0 0 0 0 0 0 0 0 0 0 0 0 0 0 0 0 0 0 0 0 0 0 0 0 0 0 0 0 0 0 0 0 0 0 0 0 0 0 0 0 0 0 0 0 0 0 0 0 0 0 0 0 0 0 0 0 0 0 0 0 
0 0 0 0 0 0 0 0 0 0 0 0 0 0 0 0 0 0 0 0 0 0 0 0 0 0 0 0 0 0 0 0 0 0 0 0 0 0 0 0 0 0 0 0 0 0 0 0 0 0 0 0 0 0 0 0 0 0 0 0 0 0 0 0 0 0 0 0 0 0 0 0 0 0 0 0 0 0 0 0 0 0 0 0 0 0 0 0 0 0 0 0 0 0 0 0 0 0 0 0 0 0 0 0 0 0 0 0 0 0 0 0 0 0 0 0 0 0 0 0 0 0 0 0 0 0 0 0 0 0 
0 0.0657653 0.0186932 0.0189258 0.0191472 0.0126652 0.0113385 0.00887661 0.00898772 0.0112427 0.0104848 0.0108129 0.0175051 0.0119067 0.0093801 0.0168758 0.0206167 0.0101943 0.0109676 0.00904827 0.0117822 0.00940622 0.0110256 0.0106237 0.0119743 0.0121712 0.0580458 0.0235904 0.0104952 0.0104585 0.00864072 0.00957981 0.00901119 0.00979024 0.0110451 0.0125102 0.0090181 0.00846606 0.0107574 0.0233704 0.0191111 0.0138544 0.00907033 0.00879369 0.00845178 0.00863846 0.00833435 0.00847105 0.00819404 0.0105065 0.0131109 0.00876891 0.00889619 0.00828089 0.00844804 0.00825956 0.0083974 0.00834302 0.0104974 0.00964155 0.00863189 0.00861178 0.00849902 0.00844884 0.00829066 0.00829346 0.00825509 0.00833005 0.00894326 0.00822564 0.00970458 
0.0657653 0 0.0171046 0.00676589 0.0484205 0.0122347 0.00638795 0.00635769 0.00647446 0.00671665 0.00736726 0.00705765 0.0093982 0.00901706 0.00910342 0.0107358 0.0114082 0.00903857 0.00907523 0.0085879 0.00939467 0.0085979 0.00898837 0.00854257 0.00960433 0.0105799 0.0137963 0.0137254 0.00992606 0.00923073 0.00850481 0.00855161 0.00846394 0.00887097 0.00943276 0.00921369 0.00911102 0.00838541 0.00944558 0.00989072 0.0103874 0.0094459 0.0084942 0.0086535 0.00820723 0.00823875 0.0082206 0.00828649 0.00817582 0.00888551 0.00921017 0.00857624 0.00844315 0.00815683 0.00822966 0.00815794 0.0083092 0.00815162 0.00871114 0.00842423 0.00822636 0.00821817 0.00816389 0.00819049 0.00817773 0.00808502 0.00826073 0.00812899 0.00872171 0.00821577 0.00884173 
0.0186932 0.0171046 0 0.0706035 0.0103241 0.0056379 0.00542365 0.00565617 0.00597348 0.00614856 0.00712998 0.0062817 0.00946086 0.00811546 0.0085475 0.00857494 0.0093962 0.00855564 0.00823022 0.00870218 0.00834486 0.00851932 0.00853412 0.00888731 0.00967111 0.00886275 0.0114602 0.011167 0.00916409 0.00842078 0.00841627 0.00847532 0.00858827 0.00882703 0.00911388 0.00870234 0.00818236 0.0083117 0.00852468 0.0088774 0.00977078 0.00869242 0.00819517 0.00814144 0.00818157 0.00813586 0.00816378 0.00817544 0.00821698 0.00871172 0.0085839 0.00834781 0.00819101 0.00822156 0.00819756 0.00822011 0.0081553 0.00828353 0.00841533 0.00826066 0.00812942 0.0081774 0.00821243 0.00824019 0.00820666 0.00820762 0.00810116 0.0082502 0.0083395 0.00824476 0.00816767 
0.0189258 0.00676589 0.0706035 0 0.00381116 0.00385012 0.00380965 0.00383471 0.00417039 0.00420734 0.00625543 0.00519861 0.0103539 0.00793974 0.0139521 0.0142381 0.00912191 0.0112928 0.00858936 0.0141262 0.00872605 0.0185193 0.00873562 0.0125043 0.0101518 0.0281015 0.0163755 0.0116292 0.017288 0.00917022 0.0124715 0.00890625 0.0119221 0.00950532 0.0209973 0.00976248 0.00873737 0.00936524 0.012537 0.0100854 0.0131742 0.00894541 0.00898622 0.00834171 0.0096796 0.00836986 0.00916028 0.00841321 0.00917765 0.0132998 0.00931602 0.0104619 0.00887683 0.00969839 0.00878936 0.00989036 0.00881223 0.00893191 0.0111739 0.00848409 0.00852201 0.00881524 0.00883475 0.00925332 0.00853886 0.00883767 0.00820102 0.0092598 0.00830635 0.00932205 0.00922002 
0.0191472 0.0484205 0.0103241 0.00381116 0 0.00375832 0.00376903 0.00380345 0.00373513 0.00471669 0.00419773 0.00426766 0.00655469 0.023584 0.00907778 0.0119869 0.0102655 0.00835957 0.0299357 0.00829965 0.0294182 0.00873981 0.0284224 0.00921138 0.0449611 0.00980418 0.00887359 0.0171193 0.00920935 0.0426278 0.00876853 0.0278208 0.00976976 0.0255678 0.00955599 0.00877363 0.00978508 0.00909227 0.0112203 0.00883415 0.00828109 0.00985947 0.00829587 0.0131413 0.00868107 0.0131946 0.0084745 0.0128792 0.0100849 0.0100714 0.0105381 0.00891737 0.0181715 0.0097545 0.016958 0.00903999 0.0149227 0.00911095 0.00935549 0.00862645 0.00863045 0.0118005 0.0112357 0.00971814 0.0108052 0.00846283 0.0104493 0.00844815 0.0128131 0.00853943 0.00946699 
0.0126652 0.0122347 0.0056379 0.00385012 0.00375832 0 0.00376879 0.0037556 0.00393786 0.00380653 0.00397047 0.00375401 0.0103881 0.00702666 0.0156095 0.00767261 0.00798159 0.02066 0.00827563 0.0322028 0.00821132 0.030308 0.00835575 0.067345 0.00951589 0.0119561 0.00944732 0.00881698 0.0276475 0.00875336 0.0449203 0.00877468 0.0397609 0.00937739 0.00963287 0.00934425 0.00837426 0.0102603 0.00836421 0.00822077 0.0106127 0.00829201 0.0121151 0.00823141 0.0163238 0.0084162 0.0163721 0.00896866 0.00938695 0.00835694 0.0083751 0.0132476 0.0097042 0.0208206 0.00964306 0.0200326 0.00927749 0.0097739 0.00840887 0.00823777 0.00942874 0.0100155 0.0104653 0.0121876 0.00886277 0.0119743 0.008227 0.0147532 0.00838278 0.0105123 0.00842981 
0.0113385 0.00638795 0.00542365 0.00380965 0.00376903 0.00376879 0 0.00375897 0.00378619 0.00379362 0.00383369 0.00377181 0.00648457 0.00803513 0.00683136 0.00877728 0.00894957 0.00866038 0.0110313 0.00941188 0.0113291 0.0092748 0.0153325 0.0138205 0.00996011 0.00891489 0.00844211 0.0103523 0.00948927 0.0147365 0.0100449 0.0149487 0.0141432 0.00949846 0.00867604 0.00843677 0.00888692 0.00848512 0.00856902 0.00827008 0.00824547 0.00865378 0.00840093 0.00979916 0.00915192 0.00969269 0.00993457 0.0101407 0.00858022 0.00845269 0.00918708 0.00896311 0.0125602 0.0123769 0.0133234 0.0108846 0.0109552 0.00878422 0.00839104 0.0082652 0.00864714 0.0106276 0.0111407 0.0100382 0.0135247 0.00848584 0.00888991 0.00862273 0.00959753 0.00886435 0.00854276 
0.00887661 0.00635769 0.00565617 0.00383471 0.00380345 0.0037556 0.00375897 0 0.00374167 0.00377581 0.00377998 0.00377818 0.0059352 0.00950927 0.00687081 0.0130466 0.00872075 0.00789431 0.0157428 0.00815562 0.0235256 0.00946987 0.0962694 0.0105659 0.0168129 0.00849032 0.00844624 0.0130227 0.00932441 0.0275493 0.00974044 0.0351813 0.0119069 0.0161426 0.00878715 0.00853039 0.00933726 0.00858029 0.00926193 0.00863184 0.00815744 0.00903968 0.00854604 0.0137804 0.0089884 0.0164851 0.00908378 0.0134998 0.00850627 0.00931594 0.00985059 0.00962096 0.0237808 0.01252 0.0282084 0.0103253 0.0187645 0.0091113 0.00871827 0.00867731 0.00860733 0.01461 0.0136393 0.0135868 0.0121442 0.00940829 0.0113744 0.00869809 0.0119794 0.00834924 0.0090131 
0.00898772 0.00647446 0.00597348 0.00417039 0.00373513 0.00393786 0.00378619 0.00374167 0 0.00375413 0.00377461 0.00374533 0.00791535 0.0063151 0.0329908 0.0116036 0.0072494 0.0194032 0.00767669 0.0348288 0.00860516 0.180113 0.00889386 0.0477378 0.00864194 0.0105302 0.00922672 0.00883655 0.0417103 0.00883448 0.0911717 0.00914272 0.059313 0.00917558 0.0100069 0.0100106 0.00855352 0.0124828 0.00840065 0.00825958 0.0113372 0.00834486 0.0144546 0.0083598 0.0316105 0.00861696 0.0209193 0.00866703 0.0117943 0.00836063 0.00846669 0.022094 0.0109536 0.0608683 0.0101653 0.0435294 0.00959031 0.0124265 0.00839241 0.00833685 0.0107359 0.0126394 0.0151988 0.0194018 0.00966661 0.0168721 0.00846983 0.0182744 0.00856745 0.0115483 0.00858472 
0.0112427 0.00671665 0.00614856 0.00420734 0.00471669 0.00380653 0.00379362 0.00377581 0.00375413 0 0.00378471 0.00377659 0.00517714 0.032009 0.00696483 0.0114254 0.0106931 0.00748062 0.0380137 0.00793001 0.161085 0.00894545 0.0803011 0.00997517 0.0221055 0.00866412 0.00874113 0.0194238 0.00875067 0.118635 0.00889734 0.0708443 0.0129631 0.0224556 0.00880926 0.00863753 0.0128514 0.00856495 0.0113391 0.0092967 0.00826924 0.0107989 0.00842766 0.0338223 0.00872396 0.0244594 0.00879109 0.0289225 0.00866877 0.0104221 0.0119236 0.00919076 0.0592534 0.0115117 0.0518004 0.00995994 0.0384611 0.00897356 0.0091537 0.0100128 0.0086948 0.0211238 0.0167662 0.0125687 0.0219192 0.0089509 0.0156821 0.0085189 0.021513 0.00838029 0.0100166 
0.0104848 0.00736726 0.00712998 0.00625543 0.00419773 0.00397047 0.00383369 0.00377998 0.00377461 0.00378471 0 0.00380352 0.033742 0.00641515 0.0159081 0.00601773 0.00733283 0.0285366 0.00752653 0.119547 0.00829841 0.0451508 0.00881338 0.0291564 0.00936249 0.0143772 0.0108781 0.00941133 0.0447369 0.00843043 0.0281441 0.00862131 0.0256053 0.0112059 0.0121104 0.0104556 0.00835408 0.0126924 0.00854761 0.00853678 0.0121848 0.00872472 0.0289691 0.00827567 0.0152195 0.00849307 0.0155407 0.00839659 0.0129335 0.00866814 0.00908359 0.0193272 0.00912008 0.0217465 0.00900444 0.017251 0.00860927 0.0141742 0.00844925 0.00895489 0.00969317 0.0091436 0.0102323 0.0126408 0.00860689 0.0107701 0.00821951 0.0122236 0.0082515 0.0115765 0.00836689 
0.0108129 0.00705765 0.0062817 0.00519861 0.00426766 0.00375401 0.00377181 0.00377818 0.00374533 0.00377659 0.00380352 0 0.00850324 0.00849052 0.0047693 0.00578946 0.0116175 0.00677965 0.0348869 0.00697517 0.0209187 0.0075026 0.0118811 0.00828564 0.0118282 0.00794545 0.00980335 0.0258377 0.00847375 0.00991659 0.00826147 0.0116806 0.00878156 0.0117094 0.00959211 0.00880826 0.00833685 0.00828609 0.0095064 0.00937604 0.00928084 0.0109699 0.00825176 0.00952901 0.00826978 0.00930518 0.00824419 0.00966039 0.00835288 0.00927405 0.0106279 0.00844255 0.00953164 0.00862007 0.0101078 0.00846315 0.00908984 0.00849171 0.00918093 0.00878992 0.0083591 0.00896578 0.00900336 0.00848895 0.00918522 0.00823537 0.00838102 0.00822794 0.00886065 0.00826552 0.00853625 
0.0175051 0.0093982 0.00946086 0.0103539 0.00655469 0.0103881 0.00648457 0.0059352 0.00791535 0.00517714 0.033742 0.00850324 0 0.00380698 0.00382677 0.00400287 0.00431067 0.00655564 0.00637762 0.138912 0.0101857 0.0122918 0.00642764 0.00869824 0.00723051 0.0307157 0.0147964 0.00959084 0.0224309 0.00823805 0.0264201 0.00836525 0.0154275 0.00913146 0.0268168 0.0118711 0.00861246 0.0113664 0.0121025 0.0118526 0.0256152 0.0091093 0.0127405 0.00820114 0.0126996 0.00820148 0.0103722 0.00835822 0.00978896 0.0125299 0.00928937 0.0146291 0.00869444 0.0123057 0.0085274 0.0109107 0.0085223 0.00968085 0.0125742 0.00850706 0.00880977 0.00882338 0.00876417 0.00942652 0.00847632 0.0095909 0.00812651 0.0110228 0.00817325 0.0112104 0.00903164 
0.0119067 0.00901706 0.00811546 0.00793974 0.023584 0.00702666 0.00803513 0.00950927 0.0063151 0.032009 0.00641515 0.00849052 0.00380698 0 0.00377353 0.00385513 0.00587 0.00590001 0.302738 0.00684521 0.0155382 0.00600667 0.0138918 0.00743164 0.0316396 0.00732706 0.0076976 0.0197607 0.00833809 0.0642895 0.00819106 0.0202978 0.00904362 0.0231124 0.00843173 0.00852168 0.0125102 0.00862143 0.0117669 0.00994422 0.008235 0.0108409 0.00844026 0.0206575 0.00844021 0.0141846 0.00839872 0.0145266 0.00849024 0.00964686 0.0107437 0.00914337 0.0266392 0.00904018 0.0182931 0.00863799 0.0157629 0.00870176 0.00930952 0.00882571 0.00848004 0.0118344 0.010856 0.00922422 0.0121049 0.00833948 0.011991 0.00832077 0.016261 0.00830878 0.0103682 
0.0093801 0.00910342 0.0085475 0.0139521 0.00907778 0.0156095 0.00683136 0.00687081 0.0329908 0.00696483 0.0159081 0.0047693 0.00382677 0.00377353 0 0.00379936 0.00593256 0.256973 0.00509669 0.0126485 0.00466236 0.00900185 0.00572726 0.014437 0.00654271 0.00715662 0.0076676 0.00853426 0.0591666 0.00798238 0.0191088 0.00814692 0.0188615 0.010369 0.0103959 0.00931771 0.00874535 0.0129297 0.00825625 0.00841873 0.0118629 0.00832347 0.0237146 0.00825272 0.0139932 0.00834798 0.0121796 0.00841043 0.0127453 0.00845022 0.00858987 0.0195458 0.00888818 0.0172364 0.00873545 0.0149428 0.00865117 0.0147456 0.0084644 0.00846018 0.0103435 0.00889766 0.00956059 0.0119971 0.00853474 0.010905 0.00827466 0.0141007 0.00825917 0.0126251 0.00836097 
0.0168758 0.0107358 0.00857494 0.0142381 0.0119869 0.00767261 0.00877728 0.0130466 0.0116036 0.0114254 0.00601773 0.00578946 0.00400287 0.00385513 0.00379936 0 0.316342 0.00487936 0.00438971 0.00413506 0.00568113 0.00558299 0.00995981 0.00619373 0.0069225 0.0066428 0.00930442 0.0292291 0.00855051 0.00980228 0.008004 0.00953333 0.00853855 0.0102424 0.00984827 0.00993281 0.00857325 0.00835302 0.010189 0.0116645 0.0104484 0.0180555 0.00838516 0.00914817 0.00828977 0.00882573 0.00820947 0.00871265 0.00825876 0.0101561 0.0129868 0.00881711 0.0102086 0.00842668 0.00907557 0.00848543 0.00862502 0.00840853 0.0094584 0.00931452 0.00839934 0.00854413 0.00886075 0.00844709 0.00858238 0.008204 0.0083844 0.00819882 0.00899515 0.00816425 0.00874392 
0.0206167 0.0114082 0.0093962 0.00912191 0.0102655 0.00798159 0.00894957 0.00872075 0.0072494 0.0106931 0.00733283 0.0116175 0.00431067 0.00587 0.00593256 0.316342 0 0.00378736 0.00419915 0.00376556 0.00440346 0.0038019 0.00461562 0.00391176 0.00668811 0.00687905 0.00891518 0.0158269 0.00731026 0.0174576 0.00765543 0.0119798 0.00787721 0.0170145 0.0117381 0.00957094 0.0099019 0.00838515 0.0272448 0.014793 0.00972186 0.0128105 0.00846902 0.0104556 0.00830834 0.0101299 0.00823406 0.00959001 0.00826323 0.0428841 0.0133047 0.0085841 0.00933477 0.00829211 0.00899385 0.00825194 0.011308 0.00828194 0.0141755 0.00906461 0.00823363 0.00887458 0.00830944 0.00833727 0.00851015 0.0081927 0.00874277 0.00816449 0.0109148 0.00839308 0.0130903 
0.0101943 0.00903857 0.00855564 0.0112928 0.00835957 0.02066 0.00866038 0.00789431 0.0194032 0.00748062 0.0285366 0.00677965 0.00655564 0.00590001 0.256973 0.00487936 0.00378736 0 0.00374405 0.00403987 0.00378193 0.00409393 0.00381892 0.004458 0.00407922 0.00569408 0.00674502 0.00728022 0.0337928 0.00771908 0.0211023 0.00796924 0.030208 0.0088268 0.0192757 0.00942584 0.00826412 0.0193616 0.00859297 0.00828594 0.0149997 0.00848389 0.0180567 0.00829251 0.0281068 0.00822501 0.0181952 0.00821131 0.0834127 0.00866452 0.00839842 0.0235904 0.0085025 0.0207168 0.00840943 0.0260679 0.00841371 0.0176316 0.00858138 0.00823846 0.0103865 0.00890541 0.00965131 0.0112309 0.00850589 0.0117932 0.0080851 0.0171924 0.00810454 0.0182174 0.00830976 
0.0109676 0.00907523 0.00823022 0.00858936 0.0299357 0.00827563 0.0110313 0.0157428 0.00767669 0.0380137 0.00752653 0.0348869 0.00637762 0.302738 0.00509669 0.00438971 0.00419915 0.00374405 0 0.0037583 0.00390276 0.00378333 0.00445328 0.00381242 0.00435856 0.0040101 0.00589589 0.0152962 0.00765077 0.0292645 0.00774166 0.0333524 0.00833541 0.0294184 0.00907392 0.00855453 0.0127631 0.0081098 0.0121226 0.00941213 0.00819653 0.0138834 0.00826729 0.044674 0.00836769 0.0390475 0.00832814 0.12624 0.00844089 0.0122692 0.0128844 0.0087613 0.0491743 0.00907493 0.0523327 0.0086611 0.0499396 0.00851479 0.0104109 0.00962713 0.0083757 0.0163403 0.0134561 0.0100678 0.0192618 0.00829502 0.0232837 0.00820311 0.0346472 0.00818623 0.0118775 
0.00904827 0.0085879 0.00870218 0.0141262 0.00829965 0.0322028 0.00941188 0.00815562 0.0348288 0.00793001 0.119547 0.00697517 0.138912 0.00684521 0.0126485 0.00413506 0.00376556 0.00403987 0.0037583 0 0.00373926 0.00402251 0.00376306 0.00424074 0.00376925 0.00410881 0.00597196 0.00691967 0.0252527 0.00747252 0.0432584 0.00798961 0.0742777 0.00923594 0.0246191 0.0106018 0.00805501 0.0129464 0.00815195 0.00794621 0.0137625 0.00844053 0.0297269 0.00830812 0.0448369 0.00831374 0.145609 0.00842878 0.0187631 0.00837131 0.00841115 0.0370497 0.0094059 0.0823013 0.00929089 0.0875406 0.00921523 0.0276976 0.00848752 0.00831414 0.0131804 0.0120333 0.0134761 0.0244196 0.00946654 0.0372797 0.00817051 0.0483352 0.00826654 0.0183304 0.00830809 
0.0117822 0.00939467 0.00834486 0.00872605 0.0294182 0.00821132 0.0113291 0.0235256 0.00860516 0.161085 0.00829841 0.0209187 0.0101857 0.0155382 0.00466236 0.00568113 0.00440346 0.00378193 0.00390276 0.00373926 0 0.00374856 0.00389511 0.00378543 0.00385671 0.0038043 0.00478939 0.0170647 0.00736736 0.0391503 0.00807415 0.0380121 0.0114823 0.0488008 0.00866432 0.00832699 0.0109499 0.00814073 0.0122717 0.00947629 0.00825112 0.0151992 0.00838652 0.0577805 0.00853495 0.17982 0.00861258 0.0480449 0.00850434 0.0137235 0.0133148 0.00927492 0.0829162 0.00994512 0.100927 0.00930596 0.0785621 0.00914807 0.0104088 0.0098872 0.00874165 0.0218004 0.0220085 0.012361 0.0403397 0.00846826 0.0413755 0.00842224 0.0466444 0.00870267 0.0126566 
0.00940622 0.0085979 0.00851932 0.0185193 0.00873981 0.030308 0.0092748 0.00946987 0.180113 0.00894545 0.0451508 0.0075026 0.0122918 0.00600667 0.00900185 0.00558299 0.0038019 0.00409393 0.00378333 0.00402251 0.00374856 0 0.00374678 0.00381852 0.00377825 0.00383573 0.00497923 0.00668408 0.0393458 0.00748018 0.0527191 0.0121888 0.0751913 0.00864859 0.0123403 0.0099924 0.00806272 0.0132796 0.00834227 0.00800345 0.0128828 0.008446 0.0322227 0.00852434 0.189794 0.00870336 0.0596896 0.00879016 0.0270273 0.00876277 0.00860971 0.0565672 0.0113572 0.170952 0.0109833 0.148198 0.0101748 0.0233089 0.00883483 0.00846996 0.0157605 0.0192929 0.0211995 0.0539397 0.0108969 0.0557587 0.00864836 0.0669462 0.00883022 0.0246545 0.0087231 
0.0110256 0.00898837 0.00853412 0.00873562 0.0284224 0.00835575 0.0153325 0.0962694 0.00889386 0.0803011 0.00881338 0.0118811 0.00642764 0.0138918 0.00572726 0.00995981 0.00461562 0.00381892 0.00445328 0.00376306 0.00389511 0.00374678 0 0.00375846 0.00380033 0.00377993 0.00426359 0.0259391 0.00730034 0.0748412 0.0125343 0.0490972 0.00892997 0.0221423 0.00887805 0.00784185 0.0113686 0.00826327 0.015082 0.00861811 0.00859981 0.0129754 0.00846954 0.185113 0.00886947 0.0502195 0.00897481 0.063773 0.00888849 0.0122173 0.016257 0.00956333 0.127393 0.0128623 0.127688 0.0102821 0.0735002 0.00979553 0.0105271 0.00930517 0.00987353 0.0364621 0.0395029 0.0159168 0.061132 0.00911438 0.0362202 0.00860276 0.0458089 0.00887295 0.0123446 
0.0106237 0.00854257 0.00888731 0.0125043 0.00921138 0.067345 0.0138205 0.0105659 0.0477378 0.00997517 0.0291564 0.00828564 0.00869824 0.00743164 0.014437 0.00619373 0.00391176 0.004458 0.00381242 0.00424074 0.00378543 0.00381852 0.00375846 0 0.00376652 0.00376509 0.00512456 0.00839813 0.0421894 0.012778 0.0560853 0.00895452 0.0217498 0.00971177 0.0125809 0.0122707 0.00831449 0.0168853 0.00891928 0.0082396 0.0113567 0.00865883 0.110285 0.00895741 0.038132 0.00907264 0.0422714 0.00955065 0.0240606 0.00957341 0.00909693 0.0399497 0.014924 0.117302 0.014638 0.0842613 0.0131263 0.0260668 0.00929899 0.009468 0.0174052 0.0329311 0.0272952 0.0679935 0.0125154 0.043122 0.0090784 0.0364347 0.00940806 0.0163579 0.00906637 
0.0119743 0.00960433 0.00967111 0.0101518 0.0449611 0.00951589 0.00996011 0.0168129 0.00864194 0.0221055 0.00936249 0.0118282 0.00723051 0.0316396 0.00654271 0.0069225 0.00668811 0.00407922 0.00435856 0.00376925 0.00385671 0.00377825 0.00380033 0.00376652 0 0.00379676 0.00641842 0.0354501 0.0110083 0.0528347 0.0071067 0.0115892 0.00815781 0.0184293 0.00882188 0.00816042 0.0109423 0.00843013 0.0114697 0.00963206 0.00956583 0.0873546 0.00914441 0.0155317 0.00881882 0.0174452 0.00898812 0.0144419 0.00949641 0.011051 0.0125669 0.0101199 0.0273933 0.0109589 0.0231276 0.00975104 0.0180887 0.0112298 0.0103678 0.00972199 0.0119006 0.0122636 0.0221191 0.0105898 0.0167624 0.00858676 0.0118977 0.00854775 0.0138954 0.00867994 0.0102647 
0.0121712 0.0105799 0.00886275 0.0281015 0.00980418 0.0119561 0.00891489 0.00849032 0.0105302 0.00866412 0.0143772 0.00794545 0.0307157 0.00732706 0.00715662 0.0066428 0.00687905 0.00569408 0.0040101 0.00410881 0.0038043 0.00383573 0.00377993 0.00376509 0.00379676 0 0.0845529 0.0090178 0.0322498 0.0058953 0.00885562 0.00682121 0.00765114 0.00686893 0.00842118 0.0130228 0.0075677 0.00842088 0.00814834 0.00993004 0.0229198 0.011786 0.0206842 0.00847039 0.0107479 0.00844198 0.00952343 0.00850922 0.00905007 0.00959599 0.0115289 0.0125161 0.00889097 0.0117497 0.00896498 0.0106769 0.00868516 0.00950051 0.00935593 0.0114406 0.00903722 0.0108173 0.00891116 0.0109359 0.00856216 0.00930189 0.00828304 0.0100789 0.00830297 0.0099274 0.0087016 
0.0580458 0.0137963 0.0114602 0.0163755 0.00887359 0.00944732 0.00844211 0.00844624 0.00922672 0.00874113 0.0108781 0.00980335 0.0147964 0.0076976 0.0076676 0.00930442 0.00891518 0.00674502 0.00589589 0.00597196 0.00478939 0.00497923 0.00426359 0.00512456 0.00641842 0.0845529 0 0.0167309 0.00472979 0.00405454 0.00442699 0.00435061 0.00506995 0.00575321 0.00920018 0.00749668 0.00676612 0.00713425 0.00976181 0.0289764 0.144354 0.0132641 0.0100211 0.00840346 0.00910407 0.00845481 0.00881949 0.00834515 0.00867752 0.0151951 0.0116477 0.010531 0.00845816 0.00847022 0.00838735 0.00850508 0.00825012 0.00855613 0.0148459 0.00945838 0.00834457 0.00819498 0.00824771 0.00822199 0.00820358 0.00827555 0.00811084 0.00879989 0.00826156 0.00923185 0.0102 
0.0235904 0.0137254 0.011167 0.0116292 0.0171193 0.00881698 0.0103523 0.0130227 0.00883655 0.0194238 0.00941133 0.0258377 0.00959084 0.0197607 0.00853426 0.0292291 0.0158269 0.00728022 0.0152962 0.00691967 0.0170647 0.00668408 0.0259391 0.00839813 0.0354501 0.0090178 0.0167309 0 0.00391511 0.00391447 0.00378679 0.00442426 0.00396915 0.0050635 0.0111363 0.0059579 0.00737298 0.00665471 0.0345744 0.0152644 0.0107892 0.0324584 0.00861153 0.0172699 0.00843014 0.0144688 0.00838641 0.0144157 0.0085918 0.0437703 0.030734 0.0103331 0.0154333 0.00891399 0.0134975 0.00864185 0.0195626 0.00862403 0.0399356 0.012596 0.00857918 0.0100623 0.00867424 0.00880395 0.00944288 0.00824461 0.011354 0.00816338 0.0145106 0.00878151 0.0205196 
0.0104952 0.00992606 0.00916409 0.017288 0.00920935 0.0276475 0.00948927 0.00932441 0.0417103 0.00875067 0.0447369 0.00847375 0.0224309 0.00833809 0.0591666 0.00855051 0.00731026 0.0337928 0.00765077 0.0252527 0.00736736 0.0393458 0.00730034 0.0421894 0.0110083 0.0322498 0.00472979 0.00391511 0 0.00375974 0.00396191 0.0037827 0.00411821 0.00385843 0.00467124 0.00594774 0.00620506 0.02284 0.00660659 0.00702444 0.0212394 0.00914519 0.0459841 0.0083934 0.0367371 0.00845639 0.0338507 0.0084578 0.0368829 0.00905892 0.0100366 0.0851543 0.0101889 0.0465 0.00963485 0.0505975 0.0091265 0.0503806 0.0095279 0.00873389 0.0185573 0.0106685 0.012943 0.0168476 0.009095 0.0215862 0.00832128 0.0347684 0.00826508 0.0364558 0.00875309 
0.0104585 0.00923073 0.00842078 0.00917022 0.0426278 0.00875336 0.0147365 0.0275493 0.00883448 0.118635 0.00843043 0.00991659 0.00823805 0.0642895 0.00798238 0.00980228 0.0174576 0.00771908 0.0292645 0.00747252 0.0391503 0.00748018 0.0748412 0.012778 0.0528347 0.0058953 0.00405454 0.00391447 0.00375974 0 0.00374254 0.00380367 0.00379534 0.00384097 0.00390797 0.00464092 0.0329737 0.00573398 0.00890204 0.00726182 0.00848656 0.0182999 0.00831383 0.0651329 0.00842859 0.0470956 0.00835518 0.0848976 0.00834624 0.0125446 0.0148223 0.0099619 0.118713 0.0110164 0.115696 0.00963711 0.144642 0.00915567 0.0104744 0.0105644 0.00909861 0.0319455 0.0189579 0.0150534 0.0348726 0.00872299 0.0382567 0.00843979 0.0752415 0.00851374 0.0158968 
0.00864072 0.00850481 0.00841627 0.0124715 0.00876853 0.0449203 0.0100449 0.00974044 0.0911717 0.00889734 0.0281441 0.00826147 0.0264201 0.00819106 0.0191088 0.008004 0.00765543 0.0211023 0.00774166 0.0432584 0.00807415 0.0527191 0.0125343 0.0560853 0.0071067 0.00885562 0.00442699 0.00378679 0.00396191 0.00374254 0 0.00374535 0.0038462 0.00376848 0.00384055 0.00720161 0.00519411 0.00866223 0.00689198 0.0069771 0.0132975 0.00830316 0.0292592 0.0081999 0.048764 0.00833416 0.0794398 0.00841956 0.0199845 0.00856328 0.00874341 0.0576442 0.0104287 0.147833 0.0101627 0.179762 0.00961014 0.0254595 0.00875047 0.00845277 0.0182206 0.0142056 0.0227185 0.0352855 0.0104163 0.0468337 0.00842905 0.0863671 0.00862554 0.0224298 0.00861576 
0.00957981 0.00855161 0.00847532 0.00890625 0.0278208 0.00877468 0.0149487 0.0351813 0.00914272 0.0708443 0.00862131 0.0116806 0.00836525 0.0202978 0.00814692 0.00953333 0.0119798 0.00796924 0.0333524 0.00798961 0.0380121 0.0121888 0.0490972 0.00895452 0.0115892 0.00682121 0.00435061 0.00442426 0.0037827 0.00380367 0.00374535 0 0.0037519 0.0037925 0.00400878 0.00396404 0.00600384 0.00485331 0.802165 0.00615512 0.00821138 0.0136785 0.00828237 0.0390075 0.00849191 0.0462107 0.00859186 0.0326942 0.00850869 0.0117025 0.0145127 0.00963014 0.094903 0.0108294 0.168079 0.0101116 0.0691507 0.00945739 0.0105432 0.00975042 0.00939773 0.0330983 0.0283099 0.0169432 0.0406709 0.00901957 0.0381205 0.00867562 0.0391137 0.0088537 0.0124804 
0.00901119 0.00846394 0.00858827 0.0119221 0.00976976 0.0397609 0.0141432 0.0119069 0.059313 0.0129631 0.0256053 0.00878156 0.0154275 0.00904362 0.0188615 0.00853855 0.00787721 0.030208 0.00833541 0.0742777 0.0114823 0.0751913 0.00892997 0.0217498 0.00815781 0.00765114 0.00506995 0.00396915 0.00411821 0.00379534 0.0038462 0.0037519 0 0.00375993 0.00379529 0.00452819 0.0053256 0.8753 0.00612728 0.00551339 0.0106405 0.00854435 0.0234964 0.00855449 0.0490994 0.00882532 0.0304108 0.0091065 0.0215002 0.00911645 0.00943534 0.0507991 0.0139182 0.181542 0.0134028 0.0967327 0.0139278 0.025828 0.00947051 0.00893424 0.0180826 0.0225754 0.029346 0.0489445 0.0138037 0.0694574 0.00906082 0.0450919 0.0096244 0.0212914 0.00919647 
0.00979024 0.00887097 0.00882703 0.00950532 0.0255678 0.00937739 0.00949846 0.0161426 0.00917558 0.0224556 0.0112059 0.0117094 0.00913146 0.0231124 0.010369 0.0102424 0.0170145 0.0088268 0.0294184 0.00923594 0.0488008 0.00864859 0.0221423 0.00971177 0.0184293 0.00686893 0.00575321 0.0050635 0.00385843 0.00384097 0.00376848 0.0037925 0.00375993 0 0.00375381 0.00395891 0.977146 0.00439269 0.00755873 0.0061984 0.00896496 0.0143677 0.00889558 0.0223577 0.00887644 0.0143567 0.00878166 0.0165564 0.0110358 0.0118716 0.0157221 0.0106481 0.0678737 0.0111758 0.0387342 0.0100606 0.0236087 0.0143891 0.0110121 0.00990061 0.0126421 0.0157352 0.0235321 0.0123286 0.0262032 0.00879233 0.0134364 0.00879625 0.0174524 0.00926279 0.0115215 
0.0110451 0.00943276 0.00911388 0.0209973 0.00955599 0.00963287 0.00867604 0.00878715 0.0100069 0.00880926 0.0121104 0.00959211 0.0268168 0.00843173 0.0103959 0.00984827 0.0117381 0.0192757 0.00907392 0.0246191 0.00866432 0.0123403 0.00887805 0.0125809 0.00882188 0.00842118 0.00920018 0.0111363 0.00467124 0.00390797 0.00384055 0.00400878 0.00379529 0.00375381 0 0.998869 0.00432519 0.00395822 0.0046189 0.00621923 0.0182576 0.0123062 0.0180399 0.00845304 0.0100986 0.00842072 0.00980308 0.00850536 0.00997509 0.0112412 0.0125384 0.0165234 0.0095978 0.0124171 0.00941645 0.0111529 0.00909846 0.0115653 0.0135662 0.0107228 0.00927484 0.010903 0.00956464 0.0118139 0.00875659 0.00907814 0.00826034 0.0108145 0.00844004 0.0105629 0.00950453 
0.0125102 0.00921369 0.00870234 0.00976248 0.00877363 0.00934425 0.00843677 0.00853039 0.0100106 0.00863753 0.0104556 0.00880826 0.0118711 0.00852168 0.00931771 0.00993281 0.00957094 0.00942584 0.00855453 0.0106018 0.00832699 0.0099924 0.00784185 0.0122707 0.00816042 0.0130228 0.00749668 0.0059579 0.00594774 0.00464092 0.00720161 0.00396404 0.00452819 0.00395891 0.998869 0 0.00394479 0.00377456 0.00409814 0.0062605 0.0142574 0.0102974 0.00938115 0.00829349 0.0106669 0.00832671 0.00914292 0.00836322 0.0088654 0.0138969 0.0108184 0.0122869 0.00896365 0.00967645 0.0085224 0.00925905 0.00843158 0.00879641 0.0122285 0.00888765 0.0088205 0.00871902 0.00912952 0.0088917 0.00839029 0.00872738 0.00823447 0.00907886 0.00864757 0.00947961 0.0107302 
0.0090181 0.00911102 0.00818236 0.00873737 0.00978508 0.00837426 0.00888692 0.00933726 0.00855352 0.0128514 0.00835408 0.00833685 0.00861246 0.0125102 0.00874535 0.00857325 0.0099019 0.00826412 0.0127631 0.00805501 0.0109499 0.00806272 0.0113686 0.00831449 0.0109423 0.0075677 0.00676612 0.00737298 0.00620506 0.0329737 0.00519411 0.00600384 0.0053256 0.977146 0.00432519 0.00394479 0 0.00418845 0.00381545 0.00468031 0.00780446 0.00969322 0.00845312 0.0134984 0.0080996 0.00972166 0.0081096 0.00976658 0.00843933 0.00878091 0.0104753 0.00916902 0.0165576 0.00885813 0.011994 0.00872489 0.0108683 0.00870126 0.00883402 0.00904972 0.00856355 0.0114151 0.00916037 0.00881584 0.00945056 0.00828146 0.00919684 0.00828792 0.0108406 0.00834168 0.00923585 
0.00846606 0.00838541 0.0083117 0.00936524 0.00909227 0.0102603 0.00848512 0.00858029 0.0124828 0.00856495 0.0126924 0.00828609 0.0113664 0.00862143 0.0129297 0.00835302 0.00838515 0.0193616 0.0081098 0.0129464 0.00814073 0.0132796 0.00826327 0.0168853 0.00843013 0.00842088 0.00713425 0.00665471 0.02284 0.00573398 0.00866223 0.00485331 0.8753 0.00439269 0.00395822 0.00377456 0.00418845 0 0.00374527 0.0039629 0.00932602 0.00861352 0.0300956 0.00822318 0.0106234 0.00809439 0.00993384 0.00828851 0.0111918 0.00863404 0.0087407 0.0225481 0.00897709 0.0145555 0.00917048 0.0136952 0.0090017 0.013339 0.00848389 0.00847929 0.0127377 0.00907534 0.0103174 0.0103559 0.00862708 0.0101811 0.00829988 0.0124286 0.00847004 0.0132945 0.0084573 
0.0107574 0.00944558 0.00852468 0.012537 0.0112203 0.00836421 0.00856902 0.00926193 0.00840065 0.0113391 0.00854761 0.0095064 0.0121025 0.0117669 0.00825625 0.010189 0.0272448 0.00859297 0.0121226 0.00815195 0.0122717 0.00834227 0.015082 0.00891928 0.0114697 0.00814834 0.00976181 0.0345744 0.00660659 0.00890204 0.00689198 0.802165 0.00612728 0.00755873 0.0046189 0.00409814 0.00381545 0.00374527 0 0.00780213 0.00925908 0.0406692 0.00886272 0.0134276 0.008382 0.0104045 0.00833665 0.0109882 0.00826373 0.0123398 0.0272036 0.00906551 0.0121679 0.00883642 0.0109532 0.00870806 0.0102721 0.00869517 0.0140514 0.0135261 0.00875145 0.00955388 0.00971264 0.0088697 0.00922712 0.00831745 0.00925729 0.00833073 0.01179 0.00831683 0.0115461 
0.0233704 0.00989072 0.0088774 0.0100854 0.00883415 0.00822077 0.00827008 0.00863184 0.00825958 0.0092967 0.00853678 0.00937604 0.0118526 0.00994422 0.00841873 0.0116645 0.014793 0.00828594 0.00941213 0.00794621 0.00947629 0.00800345 0.00861811 0.0082396 0.00963206 0.00993004 0.0289764 0.0152644 0.00702444 0.00726182 0.0069771 0.00615512 0.00551339 0.0061984 0.00621923 0.0062605 0.00468031 0.0039629 0.00780213 0 0.0844886 0.0138106 0.00624935 0.00667335 0.00600587 0.00681169 0.00635026 0.0068362 0.00664484 0.011122 0.0176283 0.00935341 0.00888715 0.00823169 0.00874359 0.00851716 0.00853159 0.00902344 0.0134768 0.0122409 0.00886872 0.00887238 0.00855947 0.00895393 0.00863859 0.00825978 0.00895182 0.00823746 0.0098542 0.00848783 0.0119661 
0.0191111 0.0103874 0.00977078 0.0131742 0.00828109 0.0106127 0.00824547 0.00815744 0.0113372 0.00826924 0.0121848 0.00928084 0.0256152 0.008235 0.0118629 0.0104484 0.00972186 0.0149997 0.00819653 0.0137625 0.00825112 0.0128828 0.00859981 0.0113567 0.00956583 0.0229198 0.144354 0.0107892 0.0212394 0.00848656 0.0132975 0.00821138 0.0106405 0.00896496 0.0182576 0.0142574 0.00780446 0.00932602 0.00925908 0.0844886 0 0.0177457 0.00984148 0.0039541 0.00561395 0.00457447 0.00613472 0.00540901 0.0067373 0.00953823 0.0100291 0.0183653 0.0086235 0.0106494 0.00847572 0.0108841 0.00837147 0.01083 0.019484 0.0104712 0.0106774 0.00855607 0.00874234 0.00912707 0.00837378 0.00997011 0.00814267 0.0144426 0.00830835 0.0171745 0.0116436 
0.0138544 0.0094459 0.00869242 0.00894541 0.00985947 0.00829201 0.00865378 0.00903968 0.00834486 0.0107989 0.00872472 0.0109699 0.0091093 0.0108409 0.00832347 0.0180555 0.0128105 0.00848389 0.0138834 0.00844053 0.0151992 0.008446 0.0129754 0.00865883 0.0873546 0.011786 0.0132641 0.0324584 0.00914519 0.0182999 0.00830316 0.0136785 0.00854435 0.0143677 0.0123062 0.0102974 0.00969322 0.00861352 0.0406692 0.0138106 0.0177457 0 0.00517561 0.00414272 0.00380674 0.00432894 0.00386217 0.00432567 0.00399952 0.0142238 0.0228104 0.00793283 0.0123879 0.00769156 0.013116 0.00799805 0.0117732 0.00886439 0.0421279 0.0198583 0.00870506 0.00956254 0.00889383 0.00875937 0.0100372 0.0082934 0.0129574 0.00840167 0.0207325 0.00894978 0.0334452 
0.00907033 0.0084942 0.00819517 0.00898622 0.00829587 0.0121151 0.00840093 0.00854604 0.0144546 0.00842766 0.0289691 0.00825176 0.0127405 0.00844026 0.0237146 0.00838516 0.00846902 0.0180567 0.00826729 0.0297269 0.00838652 0.0322227 0.00846954 0.110285 0.00914441 0.0206842 0.0100211 0.00861153 0.0459841 0.00831383 0.0292592 0.00828237 0.0234964 0.00889558 0.0180399 0.00938115 0.00845312 0.0300956 0.00886272 0.00624935 0.00984148 0.00517561 0 0.00374956 0.00383481 0.00374142 0.00426587 0.00381665 0.0053325 0.00423254 0.00758445 0.0296771 0.00806548 0.0188032 0.00792358 0.0241338 0.00854634 0.0590823 0.0334112 0.00855639 0.0172037 0.00954172 0.0102403 0.0126623 0.00873272 0.016654 0.0082712 0.0267435 0.00827995 0.0573958 0.00908887 
0.00879369 0.0086535 0.00814144 0.00834171 0.0131413 0.00823141 0.00979916 0.0137804 0.0083598 0.0338223 0.00827567 0.00952901 0.00820114 0.0206575 0.00825272 0.00914817 0.0104556 0.00829251 0.044674 0.00830812 0.0577805 0.00852434 0.185113 0.00895741 0.0155317 0.00847039 0.00840346 0.0172699 0.0083934 0.0651329 0.0081999 0.0390075 0.00855449 0.0223577 0.00845304 0.00829349 0.0134984 0.00822318 0.0134276 0.00667335 0.0039541 0.00414272 0.00374956 0 0.0037684 0.00387065 0.00375785 0.00406154 0.00393881 0.0040286 0.0106131 0.00750307 0.0205663 0.00757707 0.0244542 0.00828893 0.0547482 0.0185118 0.00954297 0.0109143 0.00840766 0.0148013 0.011938 0.0094214 0.0202276 0.00830163 0.0360792 0.00817735 0.0627037 0.00831476 0.0189065 
0.00845178 0.00820723 0.00818157 0.0096796 0.00868107 0.0163238 0.00915192 0.0089884 0.0316105 0.00872396 0.0152195 0.00826978 0.0126996 0.00844021 0.0139932 0.00828977 0.00830834 0.0281068 0.00836769 0.0448369 0.00853495 0.189794 0.00886947 0.038132 0.00881882 0.0107479 0.00910407 0.00843014 0.0367371 0.00842859 0.048764 0.00849191 0.0490994 0.00887644 0.0100986 0.0106669 0.0080996 0.0106234 0.008382 0.00600587 0.00561395 0.00380674 0.00383481 0.0037684 0 0.00374193 0.00393321 0.00378255 0.00388661 0.00407951 0.00736964 0.0180423 0.00788516 0.0231397 0.00869045 0.0559798 0.012932 0.0155338 0.00860972 0.00820911 0.0133468 0.0103941 0.0119655 0.0225211 0.0140563 0.035101 0.00824592 0.0581584 0.00834143 0.058233 0.00882274 
0.00863846 0.00823875 0.00813586 0.00836986 0.0131946 0.0084162 0.00969269 0.0164851 0.00861696 0.0244594 0.00849307 0.00930518 0.00820148 0.0141846 0.00834798 0.00882573 0.0101299 0.00822501 0.0390475 0.00831374 0.17982 0.00870336 0.0502195 0.00907264 0.0174452 0.00844198 0.00845481 0.0144688 0.00845639 0.0470956 0.00833416 0.0462107 0.00882532 0.0143567 0.00842072 0.00832671 0.00972166 0.00809439 0.0104045 0.00681169 0.00457447 0.00432894 0.00374142 0.00387065 0.00374193 0 0.00382014 0.00376511 0.00375609 0.00392831 0.0113238 0.00718615 0.0159674 0.008295 0.0520145 0.0122716 0.0228423 0.00807269 0.00939567 0.0100588 0.00843013 0.0129648 0.0137464 0.0115706 0.0253899 0.00819816 0.0395924 0.0082514 0.0526862 0.00847124 0.0173861 
0.00833435 0.0082206 0.00816378 0.00916028 0.0084745 0.0163721 0.00993457 0.00908378 0.0209193 0.00879109 0.0155407 0.00824419 0.0103722 0.00839872 0.0121796 0.00820947 0.00823406 0.0181952 0.00832814 0.145609 0.00861258 0.0596896 0.00897481 0.0422714 0.00898812 0.00952343 0.00881949 0.00838641 0.0338507 0.00835518 0.0794398 0.00859186 0.0304108 0.00878166 0.00980308 0.00914292 0.0081096 0.00993384 0.00833665 0.00635026 0.00613472 0.00386217 0.00426587 0.00375785 0.00393321 0.00382014 0 0.00374113 0.00377479 0.00375969 0.00739192 0.0199861 0.00845442 0.0588074 0.0134511 0.023353 0.00778211 0.011153 0.00812824 0.0080856 0.0117529 0.0103501 0.0163573 0.0192632 0.00913529 0.0329036 0.00808688 0.0396125 0.00835264 0.0287127 0.00917492 
0.00847105 0.00828649 0.00817544 0.00841321 0.0128792 0.00896866 0.0101407 0.0134998 0.00866703 0.0289225 0.00839659 0.00966039 0.00835822 0.0145266 0.00841043 0.00871265 0.00959001 0.00821131 0.12624 0.00842878 0.0480449 0.00879016 0.063773 0.00955065 0.0144419 0.00850922 0.00834515 0.0144157 0.0084578 0.0848976 0.00841956 0.0326942 0.0091065 0.0165564 0.00850536 0.00836322 0.00976658 0.00828851 0.0109882 0.0068362 0.00540901 0.00432567 0.00381665 0.00406154 0.00378255 0.00376511 0.00374113 0 0.00374638 0.0037712 0.0136823 0.0076725 0.0745674 0.0126569 0.0206106 0.00743266 0.0138638 0.00768858 0.00941167 0.0104093 0.00856881 0.0245682 0.014974 0.0104795 0.0287639 0.00826375 0.0387487 0.00826278 0.0361413 0.00859786 0.0243067 
0.00819404 0.00817582 0.00821698 0.00917765 0.0100849 0.00938695 0.00858022 0.00850627 0.0117943 0.00866877 0.0129335 0.00835288 0.00978896 0.00849024 0.0127453 0.00825876 0.00826323 0.0834127 0.00844089 0.0187631 0.00850434 0.0270273 0.00888849 0.0240606 0.00949641 0.00905007 0.00867752 0.0085918 0.0368829 0.00834624 0.0199845 0.00850869 0.0215002 0.0110358 0.00997509 0.0088654 0.00843933 0.0111918 0.00826373 0.00664484 0.0067373 0.00399952 0.0053325 0.00393881 0.00388661 0.00375609 0.00377479 0.00374638 0 0.00374995 0.00802044 0.0593777 0.0131571 0.0164615 0.00696794 0.0134075 0.00713175 0.0148627 0.00784996 0.00824959 0.0217874 0.0106313 0.00988127 0.0185273 0.00858637 0.0156116 0.00808816 0.0171153 0.00827128 0.0462832 0.00914405 
0.0105065 0.00888551 0.00871172 0.0132998 0.0100714 0.00835694 0.00845269 0.00931594 0.00836063 0.0104221 0.00866814 0.00927405 0.0125299 0.00964686 0.00845022 0.0101561 0.0428841 0.00866452 0.0122692 0.00837131 0.0137235 0.00876277 0.0122173 0.00957341 0.011051 0.00959599 0.0151951 0.0437703 0.00905892 0.0125446 0.00856328 0.0117025 0.00911645 0.0118716 0.0112412 0.0138969 0.00878091 0.00863404 0.0123398 0.011122 0.00953823 0.0142238 0.00423254 0.0040286 0.00407951 0.00392831 0.00375969 0.0037712 0.00374995 0 0.0407656 0.0133023 0.0106125 0.00766023 0.00850276 0.00703276 0.00880353 0.00741442 0.0194268 0.0176889 0.00886916 0.0102916 0.0127956 0.0092678 0.0125804 0.00816829 0.0103219 0.00864851 0.0146392 0.0107419 0.0275609 
0.0131109 0.00921017 0.0085839 0.00931602 0.0105381 0.0083751 0.00918708 0.00985059 0.00846669 0.0119236 0.00908359 0.0106279 0.00928937 0.0107437 0.00858987 0.0129868 0.0133047 0.00839842 0.0128844 0.00841115 0.0133148 0.00860971 0.016257 0.00909693 0.0125669 0.0115289 0.0116477 0.030734 0.0100366 0.0148223 0.00874341 0.0145127 0.00943534 0.0157221 0.0125384 0.0108184 0.0104753 0.0087407 0.0272036 0.0176283 0.0100291 0.0228104 0.00758445 0.0106131 0.00736964 0.0113238 0.00739192 0.0136823 0.00802044 0.0407656 0 0.00402603 0.00383586 0.00381452 0.00390523 0.00391847 0.00428122 0.00418919 0.0104901 0.0152283 0.0072668 0.00865647 0.00872014 0.00901356 0.0191508 0.00832373 0.0281113 0.0111365 0.726565 0.0108948 0.0389819 
0.00876891 0.00857624 0.00834781 0.0104619 0.00891737 0.0132476 0.00896311 0.00962096 0.022094 0.00919076 0.0193272 0.00844255 0.0146291 0.00914337 0.0195458 0.00881711 0.0085841 0.0235904 0.0087613 0.0370497 0.00927492 0.0565672 0.00956333 0.0399497 0.0101199 0.0125161 0.010531 0.0103331 0.0851543 0.0099619 0.0576442 0.00963014 0.0507991 0.0106481 0.0165234 0.0122869 0.00916902 0.0225481 0.00906551 0.00935341 0.0183653 0.00793283 0.0296771 0.00750307 0.0180423 0.00718615 0.0199861 0.0076725 0.0593777 0.0133023 0.00402603 0 0.00378132 0.00380322 0.00379621 0.00386518 0.00379541 0.00656144 0.00465244 0.00717162 0.0142379 0.00896136 0.0101947 0.0210033 0.00895805 0.0619539 0.0131434 0.843598 0.0102169 0.0772216 0.0110171 
0.00889619 0.00844315 0.00819101 0.00887683 0.0181715 0.0097042 0.0125602 0.0237808 0.0109536 0.0592534 0.00912008 0.00953164 0.00869444 0.0266392 0.00888818 0.0102086 0.00933477 0.0085025 0.0491743 0.0094059 0.0829162 0.0113572 0.127393 0.014924 0.0273933 0.00889097 0.00845816 0.0154333 0.0101889 0.118713 0.0104287 0.094903 0.0139182 0.0678737 0.0095978 0.00896365 0.0165576 0.00897709 0.0121679 0.00888715 0.0086235 0.0123879 0.00806548 0.0205663 0.00788516 0.0159674 0.00845442 0.0745674 0.0131571 0.0106125 0.00383586 0.00378132 0 0.00376 0.00374957 0.0037737 0.00381478 0.00380833 0.00407404 0.00794608 0.00828787 0.0152283 0.02093 0.0109222 0.0742207 0.0156183 0.884418 0.0092968 0.0514533 0.00941934 0.027065 
