1NN7A
LIVLNVSGTRFQTWQDTLERYPDTLLGSSERDFFYHPETQQYFFDRDPDIFRHILNFYRTGKLHYPRHECISAYDEELAFFGLIPEIIGDCCYEEYKDRRRENAE
CEEEEECCEEEEECHHHHHCCCCCCCCCHHHHHHEEHHHCEEEECCCCCCHHHHHHHHHHCCECCCCCCCHHHHHHHHHHHCCCCCCECHHHHHHHHHHHHHHHC
0 0 0 0 0 0 0 0 0 0 0 0 0 0 0 0 0 0 0 0 0 0 0 0 0 0 0 0 0 0 0 0 0 0 0 0 0 0 0 0 0 0 0 0 0 0 0 0 0 0 0 0 0 0 0 0 0 0 0 0 0 0 0 0 0 0 0 0 0 0 0 0 0 0 0 0 0 0 0 0 0 0 0 0 0 0 0 0 0 0 0 0 0 0 0 0 0 0 0 0 0 0 0 0 0 
0 0 0 0 0 0 0 0 0 0 0 0 0 0 0 0 0 0 0 0 0 0 0 0 0 0 0 0 0 0 0 0 0 0 0 0 0 0 0 0 0 0 0 0 0 0 0 0 0 0 0 0 0 0 0 0 0 0 0 0 0 0 0 0 0 0 0 0 0 0 0 0 0 0 0 0 0 0 0 0 0 0 0 0 0 0 0 0 0 0 0 0 0 0 0 0 0 0 0 0 0 0 0 0 0 
0 0.00457934 0.00391336 0.00397306 0.00593913 0.00815744 0.00757766 0.0103616 0.0167565 0.97652 0.0131468 0.0172588 0.0272895 0.0300428 0.0130927 0.0402949 0.0171635 0.0128083 
0.00457934 0 0.00389776 0.00399629 0.00406367 0.00480384 0.016063 0.00837428 0.979706 0.0114182 0.0107243 0.00967371 0.0268866 0.053206 0.0683187 0.0112318 0.0105203 0.0106472 
0.00391336 0.00389776 0 0.00391989 0.00390077 0.00428003 0.00514134 0.986643 0.0085132 0.0057353 0.00927844 0.0079216 0.0112129 0.103415 0.0146983 0.0137252 0.010133 0.00861749 
0.00397306 0.00399629 0.00391989 0 0.00389003 0.00457914 0.995591 0.00442969 0.0119826 0.00447123 0.0158727 0.00856483 0.0123615 0.0132669 0.104045 0.0103124 0.00964439 0.00900997 
0.00593913 0.00406367 0.00390077 0.00389003 0 0.998394 0.00420104 0.00631905 0.00395442 0.00562118 0.0123465 0.00765929 0.014722 0.0121439 0.00866831 0.0482653 0.0184358 0.0117204 
0.00815744 0.00480384 0.00428003 0.00457914 0.998394 0 0.00397715 0.00385918 0.00382911 0.00923656 0.00915162 0.00934211 0.0097038 0.0086079 0.010086 0.0182503 0.01076 0.0113397 
0.00757766 0.016063 0.00514134 0.995591 0.00420104 0.00397715 0 0.00377038 0.00401181 0.00392024 0.00867201 0.00771804 0.00932252 0.00892244 0.0186547 0.008625 0.00840067 0.00861574 
0.0103616 0.00837428 0.986643 0.00442969 0.00631905 0.00385918 0.00377038 0 0.00373952 0.00388695 0.00816041 0.00767576 0.00899837 0.0159037 0.00903427 0.0132995 0.0106015 0.00834876 
0.0167565 0.979706 0.0085132 0.0119826 0.00395442 0.00382911 0.00401181 0.00373952 0 0.00375871 0.0100891 0.00799241 0.0108576 0.0114459 0.0245163 0.00936128 0.00851032 0.00848078 
0.97652 0.0114182 0.0057353 0.00447123 0.00562118 0.00923656 0.00392024 0.00388695 0.00375871 0 0.0184792 0.00816421 0.0172395 0.0138149 0.0163228 0.0321286 0.0144863 0.0113536 
0.0131468 0.0107243 0.00927844 0.0158727 0.0123465 0.00915162 0.00867201 0.00816041 0.0100891 0.0184792 0 0.00393137 0.00375672 0.47852 0.00505451 0.010925 0.0147349 0.0170452 
0.0172588 0.00967371 0.0079216 0.00856483 0.00765929 0.00934211 0.00771804 0.00767576 0.00799241 0.00816421 0.00393137 0 0.697348 0.00592067 0.00414521 0.00414104 0.0111759 0.0119118 
0.0272895 0.0268866 0.0112129 0.0123615 0.014722 0.0097038 0.00932252 0.00899837 0.0108576 0.0172395 0.00375672 0.697348 0 0.00388358 0.00383687 0.00489116 0.017345 0.0195925 
0.0300428 0.053206 0.103415 0.0132669 0.0121439 0.0086079 0.00892244 0.0159037 0.0114459 0.0138149 0.47852 0.00592067 0.00388358 0 0.00554239 0.00387817 0.0175821 0.00978375 
0.0130927 0.0683187 0.0146983 0.104045 0.00866831 0.010086 0.0186547 0.00903427 0.0245163 0.0163228 0.00505451 0.00414521 0.00383687 0.00554239 0 0.00419729 0.0096422 0.00974681 
0.0402949 0.0112318 0.0137252 0.0103124 0.0482653 0.0182503 0.008625 0.0132995 0.00936128 0.0321286 0.010925 0.00414104 0.00489116 0.00387817 0.00419729 0 0.058048 0.0170975 
0.0171635 0.0105203 0.010133 0.00964439 0.0184358 0.01076 0.00840067 0.0106015 0.00851032 0.0144863 0.0147349 0.0111759 0.017345 0.0175821 0.0096422 0.058048 0 0.733126 
0.0128083 0.0106472 0.00861749 0.00900997 0.0117204 0.0113397 0.00861574 0.00834876 0.00848078 0.0113536 0.0170452 0.0119118 0.0195925 0.00978375 0.00974681 0.0170975 0.733126 0 
