1NPUA
SLTFYPAWLTVSEGANATFTCSLSNWSEDLMLNWNRLSPSNQTEKQAAFSNGLSQPVQDARFQIIQLPNRHDFHMNILDTRRNDSGIYLCGAISLHPKAKIEESPGAELVVTERIL
CEEEECCEEEEECCCCEEEEEEECCCCCCCEEEEEEECCCCCEEEEEEEECCEEEECCCCCEEEEECCCCCEEEEEECCCCHHHCEEEEEEEEECCCCCEEEECCCEEEEEECCCC
0 0 0 0 0 0 0 0 0 0 0 0 0 0 0 0 0 0 0 0 0 0 0 0 0 0 0 0 0 0 0 0 0 0 0 0 0 0 0 0 0 0 0 0 0 0 0 0 0 0 0 0 0 0 0 0 0 0 0 0 0 0 0 0 0 0 0 0 0 0 0 0 0 0 0 0 0 0 0 0 0 0 0 0 0 0 0 0 0 0 0 0 0 0 0 0 0 0 0 0 0 0 0 0 0 0 0 0 0 0 0 0 0 0 0 0 
0 0 0 0 0 0 0 0 0 0 0 0 0 0 0 0 0 0 0 0 0 0 0 0 0 0 0 0 0 0 0 0 0 0 0 0 0 0 0 0 0 0 0 0 0 0 0 0 0 0 0 0 0 0 0 0 0 0 0 0 0 0 0 0 0 0 0 0 0 0 0 0 0 0 0 0 0 0 0 0 0 0 0 0 0 0 0 0 0 0 0 0 0 0 0 0 0 0 0 0 0 0 0 0 0 0 0 0 0 0 0 0 0 0 0 0 
0 0.00403734 0.00402231 0.00762242 0.00489576 0.0101877 0.0080938 0.108119 0.0776005 0.0302328 0.00876417 0.0288228 0.00843761 0.0233528 0.010378 0.415969 0.014346 0.0159647 0.0104495 0.0190744 0.0102725 0.0117008 0.0198605 0.0128378 0.0102263 0.00980561 0.0125964 0.0125804 0.0132267 0.0136117 0.022989 0.00937815 0.0114714 0.00908682 0.0185363 0.0223646 0.00877564 0.0153113 0.00952334 0.0149056 0.00958103 0.0115912 0.00879729 0.0164055 0.0105278 0.0278337 0.0154309 0.00872923 0.0104222 0.00983173 0.0118467 0.0111474 0.00996542 0.0102931 0.0152211 0.0114229 0.00897669 0.00945751 0.0118574 0.013263 0.00841891 0.0117509 0.008948 0.0119024 0.0113551 
0.00403734 0 0.00427617 0.00421616 0.00520879 0.00539981 0.0344317 0.00891711 0.00744761 0.00682624 0.0326126 0.00765116 0.0207201 0.00818309 0.354605 0.0104549 0.015802 0.00962053 0.0278123 0.00952419 0.0143212 0.0107584 0.0113504 0.0096796 0.00923405 0.0138671 0.00992374 0.0155761 0.0164292 0.0142287 0.0100222 0.0104067 0.00835897 0.0124873 0.00929117 0.0087162 0.0210363 0.00834475 0.0160539 0.0105512 0.00956083 0.00838193 0.0193854 0.00856133 0.0222915 0.0087244 0.00842404 0.0115591 0.00903866 0.0119508 0.00982813 0.012133 0.00979623 0.0107486 0.00951301 0.00900926 0.00893939 0.00918177 0.0102061 0.0085728 0.0115976 0.0083211 0.0124748 0.00884408 0.00991038 
0.00402231 0.00427617 0 0.00392464 0.00407196 0.0374177 0.00434692 0.00686323 0.00543909 0.0120198 0.00744795 0.0201514 0.00757302 0.194157 0.00822395 0.0121493 0.0100831 0.0232874 0.00875876 0.0174043 0.00906939 0.01078 0.00880579 0.00942879 0.00934399 0.00848932 0.0107693 0.0102445 0.0117017 0.0110069 0.00923582 0.00880887 0.0103694 0.00836895 0.00833529 0.0149136 0.00862142 0.0149885 0.00889673 0.00870742 0.0087071 0.015527 0.0082856 0.0223086 0.00847646 0.00937382 0.0100022 0.00864791 0.00936646 0.00893879 0.00996662 0.0088149 0.009011 0.00873589 0.00852074 0.010021 0.00871308 0.00838326 0.00830648 0.0109719 0.00868486 0.00952901 0.00836277 0.00904508 0.00828914 
0.00762242 0.00421616 0.00392464 0 0.0546249 0.00455774 0.00414116 0.00407907 0.00507618 0.00781826 0.00994176 0.00678488 0.074558 0.00788777 0.00885552 0.00866807 0.0203958 0.00839781 0.00983482 0.00831235 0.00909596 0.00812298 0.00906671 0.0152776 0.00842481 0.00860444 0.00850104 0.00897484 0.00911218 0.00885677 0.00914485 0.0148645 0.00846572 0.00828503 0.00851797 0.0130509 0.00956277 0.00826045 0.00834842 0.00918474 0.0118522 0.0083282 0.00892937 0.00860197 0.00911116 0.00872132 0.0113298 0.00884033 0.00835234 0.00849477 0.00834361 0.00836701 0.00823185 0.00828173 0.00848223 0.0111912 0.00885167 0.00814852 0.00877844 0.0105406 0.0092562 0.00816132 0.00873458 0.00816457 0.00861276 
0.00489576 0.00520879 0.00407196 0.0546249 0 0.0038543 0.0039403 0.00388712 0.00439513 0.00530257 0.0117076 0.00646309 0.14656 0.0113435 0.0320305 0.0104818 0.0193587 0.0080522 0.0104691 0.00821337 0.0103281 0.00850221 0.0198912 0.0101951 0.00868296 0.00951217 0.00925028 0.0100971 0.0100452 0.0104252 0.0141535 0.0119345 0.00843795 0.00895266 0.0126637 0.00990105 0.0128275 0.00833606 0.010083 0.0167816 0.0113156 0.00831295 0.0107652 0.00835755 0.0167775 0.00980298 0.00883548 0.00922072 0.00850597 0.00910446 0.00885589 0.00878855 0.00849883 0.00950041 0.0118536 0.00937883 0.00871158 0.00866446 0.011697 0.00875632 0.0103259 0.00829051 0.0107358 0.008804 0.0107773 
0.0101877 0.00539981 0.0374177 0.00455774 0.0038543 0 0.00378263 0.00394379 0.00384557 0.00768738 0.00634497 0.194915 0.00755822 0.0291375 0.00732334 0.0248023 0.00860214 0.0252808 0.00824182 0.017589 0.00858025 0.016499 0.00914888 0.0090242 0.0102238 0.00888922 0.0149893 0.0122539 0.0118068 0.0154835 0.010257 0.0084327 0.011594 0.00869798 0.00910602 0.0170631 0.00854616 0.0238148 0.00993984 0.00916222 0.0083046 0.023245 0.00841852 0.0436973 0.00862413 0.0124481 0.011974 0.00870042 0.0121304 0.0107025 0.0108956 0.0105923 0.0105635 0.00925602 0.00916035 0.0097608 0.00892513 0.00906068 0.00875892 0.0109967 0.00825505 0.0146112 0.00839396 0.0124037 0.00867393 
0.0080938 0.0344317 0.00434692 0.00414116 0.0039403 0.00378263 0 0.00378744 0.00377646 0.00415995 0.173842 0.00612935 0.0393844 0.00629063 0.0214746 0.00640778 0.0122139 0.00865683 0.0453491 0.00857112 0.0194391 0.00858709 0.00911095 0.00944187 0.00843927 0.0156372 0.0106247 0.0179388 0.0296679 0.0107485 0.00889614 0.0100237 0.00847376 0.00964561 0.00846263 0.00852798 0.0284206 0.00902987 0.0142309 0.00972691 0.0102894 0.00847077 0.0670225 0.00894306 0.0224325 0.00844925 0.00860146 0.0135983 0.0125246 0.0178652 0.0148769 0.0165924 0.0129297 0.00987311 0.00863814 0.00882785 0.00914507 0.00874539 0.00955065 0.00846538 0.012141 0.00871599 0.0184343 0.00856392 0.00956516 
0.108119 0.00891711 0.00686323 0.00407907 0.00388712 0.00394379 0.00378744 0 0.00378077 0.0792383 0.00715808 0.016735 0.00533607 0.017075 0.00668709 0.00991922 0.00981063 0.0208222 0.00928603 0.0153086 0.00860162 0.0119378 0.00885153 0.00954609 0.00933846 0.00896558 0.0120044 0.0117508 0.0131124 0.0184473 0.0100261 0.00880597 0.00996194 0.00862072 0.00842751 0.0179057 0.00890624 0.012991 0.0102128 0.00909743 0.00873891 0.0279374 0.00849787 0.019242 0.00885146 0.00990568 0.00987174 0.00997758 0.0103308 0.0113322 0.0116104 0.0108352 0.00987727 0.00995139 0.00857906 0.00943133 0.0086568 0.00871336 0.00832309 0.0102901 0.0087302 0.0103477 0.00839079 0.00931854 0.00821997 
0.0776005 0.00744761 0.00543909 0.00507618 0.00439513 0.00384557 0.00377646 0.00378077 0 0.0843064 0.017009 0.00442176 0.00497067 0.0056022 0.00610565 0.00721384 0.0152378 0.00875917 0.0100912 0.00800757 0.00895617 0.00846724 0.0127546 0.0146652 0.00852995 0.00864726 0.00906056 0.00967495 0.0101342 0.00985539 0.0115829 0.0140324 0.00868071 0.00837302 0.00917237 0.0171932 0.00948364 0.00854853 0.00870094 0.0105466 0.0147006 0.00875026 0.0101693 0.0087317 0.0103879 0.00949824 0.0141812 0.00917316 0.00881428 0.00897994 0.00895953 0.00883564 0.00863476 0.0086241 0.00934887 0.0122219 0.0088199 0.00821638 0.0091493 0.0119261 0.00934421 0.00836313 0.00857407 0.00827554 0.00876301 
0.0302328 0.00682624 0.0120198 0.00781826 0.00530257 0.00768738 0.00415995 0.0792383 0.0843064 0 0.00383071 0.00399749 0.00380003 0.0043786 0.00389337 0.00865629 0.00820978 0.00762216 0.00699717 0.00821668 0.00749414 0.0239565 0.0433784 0.0115897 0.00928754 0.00865437 0.0105549 0.0104819 0.00972127 0.0118086 0.0264532 0.00930553 0.0110535 0.00855221 0.0218616 0.0276236 0.00869258 0.01496 0.00914335 0.0190072 0.00933493 0.0137546 0.00832828 0.0159897 0.008663 0.123025 0.0151879 0.00841615 0.00947736 0.0088305 0.0103444 0.00922955 0.0091469 0.00956256 0.0191126 0.014721 0.00933579 0.00912902 0.0145598 0.018201 0.00858402 0.0121568 0.00862642 0.0124406 0.012255 
0.00876417 0.0326126 0.00744795 0.00994176 0.0117076 0.00634497 0.173842 0.00715808 0.017009 0.00383071 0 0.00379969 0.00394583 0.00380014 0.00701593 0.00383576 0.00862688 0.00687988 0.00958272 0.00754358 0.0221625 0.0127527 0.0146144 0.0093983 0.0083687 0.011775 0.00894659 0.0120493 0.0134952 0.0147935 0.0094076 0.0117067 0.00838993 0.0131112 0.00912379 0.00858544 0.0363106 0.00842009 0.0236562 0.0107812 0.011183 0.00841082 0.026646 0.00852967 0.130113 0.00843728 0.00832229 0.014235 0.00920966 0.0127748 0.0103888 0.0115505 0.00985633 0.0101644 0.00913718 0.0089998 0.00941614 0.00882689 0.0106526 0.00854843 0.0128541 0.00828212 0.0140594 0.00860015 0.0121736 
0.0288228 0.00765116 0.0201514 0.00678488 0.00646309 0.194915 0.00612935 0.016735 0.00442176 0.00399749 0.00379969 0 0.00376158 0.003927 0.00378913 0.00469353 0.0071576 0.0101532 0.0076086 0.0147287 0.014696 0.0193641 0.0082475 0.00806123 0.00842026 0.00844737 0.0154735 0.0114555 0.0125892 0.0114005 0.0101164 0.00813302 0.0126933 0.00830526 0.00891627 0.0181201 0.0084133 0.0630066 0.00881172 0.00923057 0.00840586 0.0269601 0.00857013 0.255397 0.00853201 0.0137188 0.0123214 0.00859801 0.021051 0.0149571 0.0214634 0.0144557 0.0165842 0.00927407 0.00893696 0.0092306 0.00861863 0.00887365 0.00832884 0.0114497 0.00825373 0.0280537 0.0084728 0.013629 0.00841171 
0.00843761 0.0207201 0.00757302 0.074558 0.14656 0.00755822 0.0393844 0.00533607 0.00497067 0.00380003 0.00394583 0.00376158 0 0.00375502 0.00385799 0.00375425 0.00923845 0.00669169 0.0314499 0.0105768 0.0233838 0.00753952 0.00913803 0.00810494 0.00798947 0.0118687 0.00937913 0.0134514 0.01456 0.0103503 0.00899733 0.010923 0.00837665 0.0099565 0.00881491 0.00846226 0.0446071 0.00866649 0.0203985 0.0107725 0.0123563 0.0084842 0.21915 0.00875927 0.027662 0.00862286 0.00854247 0.0145968 0.0119363 0.0232761 0.0140858 0.0200584 0.0129383 0.00992039 0.00889965 0.0087765 0.0094452 0.00859577 0.0105726 0.008422 0.0153462 0.008706 0.023684 0.00845145 0.009726 
0.0233528 0.00818309 0.194157 0.00788777 0.0113435 0.0291375 0.00629063 0.017075 0.0056022 0.0043786 0.00380014 0.003927 0.00375502 0 0.00375403 0.00394967 0.00711101 0.0291987 0.0167963 0.0439211 0.00795649 0.00839355 0.00691543 0.00815847 0.00875599 0.00904422 0.0164891 0.0111279 0.0145895 0.0118313 0.00945305 0.00815923 0.013289 0.00854918 0.00853518 0.0256497 0.00852001 0.0442142 0.00936007 0.0091075 0.00847444 0.127657 0.00870422 0.0737712 0.00865245 0.0119561 0.0133181 0.00925809 0.0347049 0.0152489 0.0268252 0.0154503 0.0162573 0.00968855 0.00879471 0.00887353 0.00846357 0.00896643 0.00828554 0.0111733 0.00836008 0.028184 0.008816 0.0112281 0.00836876 
0.010378 0.354605 0.00822395 0.00885552 0.0320305 0.00732334 0.0214746 0.00668709 0.00610565 0.00389337 0.00701593 0.00378913 0.00385799 0.00375403 0 0.00376172 0.0377414 0.0184165 0.0562338 0.00691174 0.0084975 0.006854 0.00718648 0.00887862 0.00861619 0.0101603 0.00853438 0.0113411 0.013435 0.013402 0.00925171 0.0152276 0.00874694 0.0105201 0.00931836 0.00908009 0.0456286 0.00848296 0.0139103 0.0107239 0.066767 0.00893407 0.0256259 0.00864525 0.0352049 0.00854753 0.00932506 0.0166144 0.00929026 0.0135675 0.0113658 0.0113099 0.0104929 0.0102287 0.00865411 0.00923908 0.00959547 0.00853016 0.00899797 0.00900135 0.0170129 0.00830877 0.0118649 0.00845289 0.00855964 
0.415969 0.0104549 0.0121493 0.00866807 0.0104818 0.0248023 0.00640778 0.00991922 0.00721384 0.00865629 0.00383576 0.00469353 0.00375425 0.00394967 0.00376172 0 0.0243052 0.0452173 0.00568381 0.00686697 0.00690126 0.00696476 0.00790835 0.0163112 0.00847307 0.00812044 0.00917607 0.00934586 0.00897982 0.0105822 0.0151906 0.0129729 0.0109984 0.00814585 0.00890513 0.0645544 0.00842851 0.0114777 0.00859383 0.0109998 0.010746 0.0159986 0.00835818 0.0137672 0.00842406 0.0152249 0.0261663 0.00902121 0.00919372 0.00939099 0.00938803 0.00912994 0.00892845 0.00879173 0.00982632 0.0187131 0.00878905 0.00834741 0.00880775 0.0270569 0.00866672 0.00938119 0.00828534 0.00933539 0.00863961 
0.014346 0.015802 0.0100831 0.0203958 0.0193587 0.00860214 0.0122139 0.00981063 0.0152378 0.00820978 0.00862688 0.0071576 0.00923845 0.00711101 0.0377414 0.0243052 0 0.00382742 0.0037681 0.00377744 0.00378615 0.00391202 0.00507888 0.00732427 0.00651227 0.00742206 0.0075268 0.00884649 0.0297828 0.114582 0.451346 0.0103097 0.00814967 0.00891394 0.0184849 0.0116453 0.0138311 0.00886965 0.0110548 0.023277 0.0166978 0.00898563 0.0120621 0.00892212 0.0235433 0.0158384 0.0109018 0.0103617 0.00994023 0.010687 0.0116089 0.0112541 0.0105058 0.0127139 0.0191159 0.0103003 0.00910714 0.00933801 0.0169661 0.0098319 0.0104636 0.0089776 0.010552 0.0101118 0.0183656 
0.0159647 0.00962053 0.0232874 0.00839781 0.0080522 0.0252808 0.00865683 0.0208222 0.00875917 0.00762216 0.00687988 0.0101532 0.00669169 0.0291987 0.0184165 0.0452173 0.00382742 0 0.00375394 0.00374847 0.003766 0.004013 0.00378503 0.00584936 0.00614764 0.00679364 0.00871866 0.0217102 0.113139 0.664412 0.0123776 0.00765801 0.00883289 0.00883197 0.0082142 0.0126768 0.0107102 0.0152086 0.0109207 0.0116607 0.00853674 0.0243334 0.00900913 0.033715 0.0106189 0.0129619 0.0115729 0.0105701 0.0195726 0.0159479 0.0198938 0.0221399 0.0212028 0.0163449 0.00928079 0.00892748 0.00904072 0.0102665 0.00859642 0.00967346 0.00890027 0.015118 0.00953579 0.0144052 0.00845657 
0.0104495 0.0278123 0.00875876 0.00983482 0.0104691 0.00824182 0.0453491 0.00928603 0.0100912 0.00699717 0.00958272 0.0076086 0.0314499 0.0167963 0.0562338 0.00568381 0.0037681 0.00375394 0 0.00374149 0.00375449 0.00374872 0.00378592 0.00577246 0.00581068 0.00844025 0.0121314 0.194363 0.728418 0.0116121 0.00888991 0.00751786 0.00857603 0.00823594 0.00800046 0.00879841 0.0165639 0.0104044 0.0232567 0.00957244 0.0114376 0.00916002 0.0827142 0.012039 0.0402989 0.00929158 0.00923396 0.0149974 0.0208491 0.0416128 0.0369965 0.0457082 0.0325681 0.0127072 0.00948153 0.00870547 0.0105011 0.00896238 0.00899738 0.00865969 0.0134261 0.0105842 0.0330386 0.00925804 0.00874665 
0.0190744 0.00952419 0.0174043 0.00831235 0.00821337 0.017589 0.00857112 0.0153086 0.00800757 0.00821668 0.00754358 0.0147287 0.0105768 0.0439211 0.00691174 0.00686697 0.00377744 0.00374847 0.00374149 0 0.00381617 0.00375313 0.00376321 0.00498452 0.0060689 0.00857883 0.257029 0.562313 0.0176156 0.014167 0.0114152 0.00704974 0.00809669 0.00803479 0.00804772 0.0109168 0.0091808 0.0280254 0.00972556 0.00965528 0.00861609 0.0226876 0.0129511 0.0538789 0.0107811 0.0103049 0.010139 0.010294 0.0318601 0.0248416 0.0581194 0.0310317 0.0232964 0.0121625 0.00904682 0.00877998 0.00870767 0.00915932 0.00859086 0.0091206 0.00875169 0.023033 0.0100058 0.0108913 0.00847343 
0.0102725 0.0143212 0.00906939 0.00909596 0.0103281 0.00858025 0.0194391 0.00860162 0.00895617 0.00749414 0.0221625 0.014696 0.0233838 0.00795649 0.0084975 0.00690126 0.00378615 0.003766 0.00375449 0.00381617 0 0.00386621 0.00376673 0.00732981 0.00746194 0.772951 0.161923 0.0137445 0.0145635 0.0125916 0.00731745 0.00719252 0.00746076 0.00882159 0.00818641 0.0088632 0.014195 0.0113931 0.0108699 0.00907958 0.00928243 0.00972348 0.0281204 0.0116006 0.0133273 0.0089336 0.00930291 0.0123276 0.0149021 0.0363434 0.0238897 0.0235919 0.0165215 0.0110735 0.00914235 0.00865012 0.00896427 0.00887685 0.00890929 0.00846147 0.0115422 0.00964749 0.0137409 0.0088037 0.0087187 
0.0117008 0.0107584 0.01078 0.00812298 0.00850221 0.016499 0.00858709 0.0119378 0.00846724 0.0239565 0.0127527 0.0193641 0.00753952 0.00839355 0.006854 0.00696476 0.00391202 0.004013 0.00374872 0.00375313 0.00386621 0 0.00386885 0.0088733 0.869208 0.0498535 0.0101039 0.0086972 0.00916536 0.00979581 0.00715442 0.00719243 0.0262793 0.00750735 0.00737178 0.0128342 0.0109292 0.00986242 0.00928108 0.00897683 0.00893119 0.0168596 0.00890956 0.0130642 0.0100638 0.00928771 0.0100979 0.0103366 0.0215789 0.012368 0.0125046 0.0122514 0.0114343 0.0107816 0.00865672 0.00963198 0.00944005 0.00915481 0.00836984 0.0109716 0.00930347 0.01025 0.00860779 0.0100006 0.00835597 
0.0198605 0.0113504 0.00880579 0.00906671 0.0198912 0.00914888 0.00911095 0.00885153 0.0127546 0.0433784 0.0146144 0.0082475 0.00913803 0.00691543 0.00718648 0.00790835 0.00507888 0.00378503 0.00378592 0.00376321 0.00376673 0.00386885 0 0.975864 0.00987808 0.00543369 0.0056707 0.00668226 0.00727839 0.00718974 0.00702989 0.0140255 0.00768837 0.00719824 0.00721806 0.0225504 0.00928356 0.00856271 0.00868623 0.0105839 0.0220255 0.00891474 0.00902613 0.00925115 0.00958442 0.0101571 0.0175886 0.0168154 0.0094056 0.00967103 0.00941632 0.009887 0.00931406 0.00926673 0.00984944 0.0157618 0.00945794 0.00848969 0.00954183 0.014359 0.010208 0.00932367 0.0091251 0.00852111 0.00935374 
0.0128378 0.0096796 0.00942879 0.0152776 0.0101951 0.0090242 0.00944187 0.00954609 0.0146652 0.0115897 0.0093983 0.00806123 0.00810494 0.00815847 0.00887862 0.0163112 0.00732427 0.00584936 0.00577246 0.00498452 0.00732981 0.0088733 0.975864 0 0.00385714 0.00383512 0.00380106 0.00382159 0.00385653 0.00421767 0.00708485 0.00574395 0.00593191 0.00667085 0.0116204 0.00964943 0.00845826 0.00909884 0.0335999 0.0230152 0.00944082 0.00835483 0.00916456 0.00841432 0.0106075 0.0143314 0.010716 0.00884803 0.00854927 0.00859026 0.00856052 0.00881511 0.0092439 0.010176 0.0150023 0.00998772 0.00884809 0.00904558 0.0136506 0.00989367 0.0090563 0.00865492 0.00925196 0.00934274 0.0125807 
0.0102263 0.00923405 0.00934399 0.00842481 0.00868296 0.0102238 0.00843927 0.00933846 0.00852995 0.00928754 0.0083687 0.00842026 0.00798947 0.00875599 0.00861619 0.00847307 0.00651227 0.00614764 0.00581068 0.0060689 0.00746194 0.869208 0.00987808 0.00385714 0 0.00377874 0.00375351 0.00375806 0.00378185 0.00423289 0.00380171 0.00500203 0.00563096 0.0068726 0.00622506 0.0080704 0.00824257 0.0303723 0.012088 0.00907777 0.00831258 0.00902187 0.00811199 0.00984717 0.00999644 0.00867683 0.00893553 0.00902891 0.00896149 0.00918986 0.00918851 0.0102301 0.00956453 0.00953868 0.00871402 0.00884096 0.00854099 0.00857153 0.00879722 0.00870154 0.00851634 0.00871979 0.00853318 0.00894844 0.00854974 
0.00980561 0.0138671 0.00848932 0.00860444 0.00951217 0.00888922 0.0156372 0.00896558 0.00864726 0.00865437 0.011775 0.00844737 0.0118687 0.00904422 0.0101603 0.00812044 0.00742206 0.00679364 0.00844025 0.00857883 0.772951 0.0498535 0.00543369 0.00383512 0.00377874 0 0.00376171 0.00379414 0.00377605 0.00380465 0.00378425 0.00480295 0.00595592 0.00564048 0.00587711 0.00842067 0.0268824 0.0153351 0.00989276 0.0094932 0.00884959 0.00848043 0.0142859 0.00993519 0.0105467 0.00863615 0.00897493 0.0111092 0.0107118 0.0162595 0.0126888 0.0157875 0.0146824 0.00957196 0.00854765 0.00862472 0.00892617 0.00848797 0.00865093 0.0085252 0.0102534 0.00886911 0.0129737 0.00844796 0.00929638 
0.0125964 0.00992374 0.0107693 0.00850104 0.00925028 0.0149893 0.0106247 0.0120044 0.00906056 0.0105549 0.00894659 0.0154735 0.00937913 0.0164891 0.00853438 0.00917607 0.0075268 0.00871866 0.0121314 0.257029 0.161923 0.0101039 0.0056707 0.00380106 0.00375351 0.00376171 0 0.00375736 0.00375818 0.00376435 0.00380606 0.00464936 0.0051717 0.00542896 0.00809032 0.0406611 0.00996042 0.0109805 0.00968422 0.00922589 0.00869766 0.0155495 0.0107466 0.0225675 0.0101561 0.00986705 0.0105846 0.0100137 0.0186712 0.0194822 0.0229434 0.0178927 0.0174555 0.0109275 0.0094824 0.0098298 0.00929645 0.00974024 0.00886492 0.0102467 0.00897064 0.0180596 0.0103118 0.0106224 0.00881132 
0.0125804 0.0155761 0.0102445 0.00897484 0.0100971 0.0122539 0.0179388 0.0117508 0.00967495 0.0104819 0.0120493 0.0114555 0.0134514 0.0111279 0.0113411 0.00934586 0.00884649 0.0217102 0.194363 0.562313 0.0137445 0.0086972 0.00668226 0.00382159 0.00375806 0.00379414 0.00375736 0 0.00375624 0.00380263 0.0037871 0.00426908 0.00496899 0.00759351 0.752116 0.00959912 0.0100137 0.00912058 0.0105338 0.0106316 0.00943465 0.0177055 0.0166703 0.0209931 0.0137973 0.0112366 0.0104287 0.0164561 0.023049 0.0344015 0.0305606 0.0349641 0.0252232 0.0154477 0.0100393 0.00978608 0.0104054 0.00991688 0.00987974 0.00989376 0.0130665 0.0153159 0.0212069 0.0103553 0.00935931 
0.0132267 0.0164292 0.0117017 0.00911218 0.0100452 0.0118068 0.0296679 0.0131124 0.0101342 0.00972127 0.0134952 0.0125892 0.01456 0.0145895 0.013435 0.00897982 0.0297828 0.113139 0.728418 0.0176156 0.0145635 0.00916536 0.00727839 0.00385653 0.00378185 0.00377605 0.00375818 0.00375624 0 0.00377191 0.00379501 0.00406255 0.00653322 0.881444 0.00658968 0.00877409 0.00982369 0.011241 0.0113169 0.0115181 0.00959208 0.0127113 0.0270593 0.017734 0.0171833 0.0101089 0.0109406 0.0149269 0.0334353 0.0410151 0.0378619 0.0382885 0.0370685 0.0178877 0.01001 0.00959924 0.011193 0.0113652 0.00960351 0.0100242 0.0136516 0.0191214 0.0192741 0.0103248 0.00927017 
0.0136117 0.0142287 0.0110069 0.00885677 0.0104252 0.0154835 0.0107485 0.0184473 0.00985539 0.0118086 0.0147935 0.0114005 0.0103503 0.0118313 0.013402 0.0105822 0.114582 0.664412 0.0116121 0.014167 0.0125916 0.00979581 0.00718974 0.00421767 0.00423289 0.00380465 0.00376435 0.00380263 0.00377191 0 0.0038312 0.00481382 0.973693 0.00491514 0.00482272 0.0113128 0.012565 0.00850394 0.0127464 0.011704 0.00983135 0.0200176 0.0103623 0.0147953 0.0180294 0.0120031 0.0114219 0.0178456 0.0128561 0.0188101 0.0162617 0.0186325 0.0143209 0.0190109 0.0103096 0.0111334 0.0111631 0.0104638 0.00955008 0.011885 0.0121449 0.010794 0.0102872 0.0109446 0.00907962 
0.022989 0.0100222 0.00923582 0.00914485 0.0141535 0.010257 0.00889614 0.0100261 0.0115829 0.0264532 0.0094076 0.0101164 0.00899733 0.00945305 0.00925171 0.0151906 0.451346 0.0123776 0.00888991 0.0114152 0.00731745 0.00715442 0.00702989 0.00708485 0.00380171 0.00378425 0.00380606 0.0037871 0.00379501 0.0038312 0 0.97405 0.00482642 0.00398672 0.00426941 0.0179578 0.0074752 0.00815195 0.00843424 0.0191279 0.0147371 0.00982097 0.0086329 0.0092664 0.0095501 0.0124263 0.0226242 0.0100937 0.00986085 0.00963071 0.0103509 0.00991659 0.00979446 0.00989792 0.0125118 0.021497 0.0098309 0.00875536 0.010381 0.0244176 0.0101263 0.0100806 0.00898829 0.00942338 0.00948087 
0.00937815 0.0104067 0.00880887 0.0148645 0.0119345 0.0084327 0.0100237 0.00880597 0.0140324 0.00930553 0.0117067 0.00813302 0.010923 0.00815923 0.0152276 0.0129729 0.0103097 0.00765801 0.00751786 0.00704974 0.00719252 0.00719243 0.0140255 0.00574395 0.00500203 0.00480295 0.00464936 0.00426908 0.00406255 0.00481382 0.97405 0 0.00394902 0.0038316 0.00421955 0.00548021 0.00720548 0.00742249 0.0743693 0.0287416 0.00769936 0.00718678 0.00849294 0.00750482 0.0108367 0.0125298 0.00930146 0.0091679 0.00848087 0.0090463 0.00858188 0.0091807 0.00859758 0.0103012 0.015849 0.0101049 0.00900497 0.00909487 0.0175968 0.0094869 0.0104493 0.00843817 0.0104211 0.00945339 0.0164543 
0.0114714 0.00835897 0.0103694 0.00846572 0.00843795 0.011594 0.00847376 0.00996194 0.00868071 0.0110535 0.00838993 0.0126933 0.00837665 0.013289 0.00874694 0.0109984 0.00814967 0.00883289 0.00857603 0.00809669 0.00746076 0.0262793 0.00768837 0.00593191 0.00563096 0.00595592 0.0051717 0.00496899 0.00653322 0.973693 0.00482642 0.00394902 0 0.00394998 0.00378579 0.00726798 0.00766961 0.0782417 0.0171089 0.00782457 0.0067637 0.0085132 0.00756448 0.00931415 0.00846497 0.00983478 0.00993913 0.00866566 0.0123354 0.00900982 0.00953678 0.00934208 0.00965771 0.00968125 0.00985802 0.00977415 0.00870411 0.00946676 0.00936326 0.0101907 0.00839496 0.0118937 0.00841052 0.010231 0.00909016 
0.00908682 0.0124873 0.00836895 0.00828503 0.00895266 0.00869798 0.00964561 0.00862072 0.00837302 0.00855221 0.0131112 0.00830526 0.0099565 0.00854918 0.0105201 0.00814585 0.00891394 0.00883197 0.00823594 0.00803479 0.00882159 0.00750735 0.00719824 0.00667085 0.0068726 0.00564048 0.00542896 0.00759351 0.881444 0.00491514 0.00398672 0.0038316 0.00394998 0 0.00383301 0.00788958 0.057191 0.00737562 0.00651121 0.00625389 0.00677356 0.0078115 0.00846394 0.00834797 0.0090057 0.00795903 0.00874929 0.0125864 0.00857918 0.00903739 0.00885236 0.00942436 0.0089138 0.00944593 0.00829186 0.00957505 0.00949599 0.00852082 0.00865372 0.00961594 0.0118904 0.0084032 0.00960275 0.00855946 0.00847521 
0.0185363 0.00929117 0.00833529 0.00851797 0.0126637 0.00910602 0.00846263 0.00842751 0.00917237 0.0218616 0.00912379 0.00891627 0.00881491 0.00853518 0.00931836 0.00890513 0.0184849 0.0082142 0.00800046 0.00804772 0.00818641 0.00737178 0.00721806 0.0116204 0.00622506 0.00587711 0.00809032 0.752116 0.00658968 0.00482272 0.00426941 0.00421955 0.00378579 0.00383301 0 0.108575 0.00543313 0.00463491 0.00558827 0.00636212 0.0129404 0.00788127 0.00821001 0.00724002 0.00770396 0.00957128 0.0298267 0.00939642 0.00854899 0.00864256 0.00867478 0.00867775 0.00869372 0.00857838 0.00910482 0.018952 0.00929888 0.0083572 0.00926787 0.0198357 0.0095014 0.00904735 0.00876629 0.00849082 0.00904403 
0.0223646 0.0087162 0.0149136 0.0130509 0.00990105 0.0170631 0.00852798 0.0179057 0.0171932 0.0276236 0.00858544 0.0181201 0.00846226 0.0256497 0.00908009 0.0645544 0.0116453 0.0126768 0.00879841 0.0109168 0.0088632 0.0128342 0.0225504 0.00964943 0.0080704 0.00842067 0.0406611 0.00959912 0.00877409 0.0113128 0.0179578 0.00548021 0.00726798 0.00788958 0.108575 0 0.00378306 0.00388019 0.00388373 0.00480328 0.00571329 0.00769221 0.00640416 0.0153548 0.0141027 0.968656 0.0197716 0.00928858 0.0130643 0.0097356 0.0132667 0.0114142 0.0109599 0.0132799 0.0457386 0.0204555 0.010704 0.0118966 0.0217859 0.0299235 0.00940202 0.0183179 0.00927156 0.024542 0.0214798 
0.00877564 0.0210363 0.00862142 0.00956277 0.0128275 0.00854616 0.0284206 0.00890624 0.00948364 0.00869258 0.0363106 0.0084133 0.0446071 0.00852001 0.0456286 0.00842851 0.0138311 0.0107102 0.0165639 0.0091808 0.014195 0.0109292 0.00928356 0.00845826 0.00824257 0.0268824 0.00996042 0.0100137 0.00982369 0.012565 0.0074752 0.00720548 0.00766961 0.057191 0.00543313 0.00378306 0 0.00374161 0.00388627 0.003913 0.00631878 0.00570222 0.0156081 0.00789898 0.960001 0.00742664 0.00793339 0.0295603 0.00876481 0.014949 0.0101196 0.0138893 0.0109132 0.0177602 0.00960187 0.0096034 0.0104219 0.0098107 0.0112347 0.00908586 0.0281423 0.00852614 0.0281865 0.00934052 0.0102997 
0.0153113 0.00834475 0.0149885 0.00826045 0.00833606 0.0238148 0.00902987 0.012991 0.00854853 0.01496 0.00842009 0.0630066 0.00866649 0.0442142 0.00848296 0.0114777 0.00886965 0.0152086 0.0104044 0.0280254 0.0113931 0.00986242 0.00856271 0.00909884 0.0303723 0.0153351 0.0109805 0.00912058 0.011241 0.00850394 0.00815195 0.00742249 0.0782417 0.00737562 0.00463491 0.00388019 0.00374161 0 0.00374745 0.00376229 0.00426908 0.0177723 0.0107735 0.952788 0.00624047 0.00760075 0.0131688 0.00832014 0.0146394 0.0101818 0.0132493 0.0109091 0.0161291 0.0102506 0.00961693 0.01065 0.00963306 0.00964438 0.00872438 0.0144123 0.00857083 0.0465618 0.00910605 0.0134516 0.00873813 
0.00952334 0.0160539 0.00889673 0.00834842 0.010083 0.00993984 0.0142309 0.0102128 0.00870094 0.00914335 0.0236562 0.00881172 0.0203985 0.00936007 0.0139103 0.00859383 0.0110548 0.0109207 0.0232567 0.00972556 0.0108699 0.00928108 0.00868623 0.0335999 0.012088 0.00989276 0.00968422 0.0105338 0.0113169 0.0127464 0.00843424 0.0743693 0.0171089 0.00651121 0.00558827 0.00388373 0.00388627 0.00374745 0 0.00375823 0.00710469 0.0156067 0.861579 0.00657726 0.00718689 0.00655802 0.00823584 0.0136976 0.00948636 0.0116342 0.00947757 0.0176087 0.0104383 0.0133925 0.0089568 0.0100478 0.0112103 0.00948286 0.00967952 0.009968 0.0235681 0.0113242 0.0126833 0.00963251 0.00927202 
0.0149056 0.0105512 0.00870742 0.00918474 0.0167816 0.00916222 0.00972691 0.00909743 0.0105466 0.0190072 0.0107812 0.00923057 0.0107725 0.0091075 0.0107239 0.0109998 0.023277 0.0116607 0.00957244 0.00965528 0.00907958 0.00897683 0.0105839 0.0230152 0.00907777 0.0094932 0.00922589 0.0106316 0.0115181 0.011704 0.0191279 0.0287416 0.00782457 0.00625389 0.00636212 0.00480328 0.003913 0.00376229 0.00375823 0 0.0606934 0.784652 0.00607779 0.00544588 0.00750724 0.00702563 0.019692 0.0101742 0.00912668 0.00944999 0.011707 0.0100528 0.00957488 0.0111837 0.0121642 0.0198891 0.0103112 0.00894816 0.0113332 0.0235964 0.0114533 0.00990915 0.0100649 0.00952509 0.0102254 
0.00958103 0.00956083 0.0087071 0.0118522 0.0113156 0.0083046 0.0102894 0.00873891 0.0147006 0.00933493 0.011183 0.00840586 0.0123563 0.00847444 0.066767 0.010746 0.0166978 0.00853674 0.0114376 0.00861609 0.00928243 0.00893119 0.0220255 0.00944082 0.00831258 0.00884959 0.00869766 0.00943465 0.00959208 0.00983135 0.0147371 0.00769936 0.0067637 0.00677356 0.0129404 0.00571329 0.00631878 0.00426908 0.00710469 0.0606934 0 0.00384147 0.00381754 0.00376212 0.00391337 0.00416023 0.00666048 0.00733752 0.00719048 0.00822248 0.00867816 0.00973617 0.00934849 0.0143428 0.018196 0.0115046 0.00921484 0.00906788 0.0212499 0.01103 0.0113983 0.00876455 0.0114503 0.00954691 0.0283771 
0.0115912 0.00838193 0.015527 0.0083282 0.00831295 0.023245 0.00847077 0.0279374 0.00875026 0.0137546 0.00841082 0.0269601 0.0084842 0.127657 0.00893407 0.0159986 0.00898563 0.0243334 0.00916002 0.0226876 0.00972348 0.0168596 0.00891474 0.00835483 0.00902187 0.00848043 0.0155495 0.0177055 0.0127113 0.0200176 0.00982097 0.00718678 0.0085132 0.0078115 0.00788127 0.00769221 0.00570222 0.0177723 0.0156067 0.784652 0.00384147 0 0.00379822 0.00377432 0.00377832 0.00386785 0.00770118 0.0070935 0.0104618 0.00965755 0.0122412 0.0112343 0.011746 0.0184832 0.0113125 0.0117335 0.00936019 0.0125846 0.00930151 0.0152675 0.00861319 0.0274095 0.0085112 0.0452083 0.00952252 
0.00879729 0.0193854 0.0082856 0.00892937 0.0107652 0.00841852 0.0670225 0.00849787 0.0101693 0.00832828 0.026646 0.00857013 0.21915 0.00870422 0.0256259 0.00835818 0.0120621 0.00900913 0.0827142 0.0129511 0.0281204 0.00890956 0.00902613 0.00916456 0.00811199 0.0142859 0.0107466 0.0166703 0.0270593 0.0103623 0.0086329 0.00849294 0.00756448 0.00846394 0.00821001 0.00640416 0.0156081 0.0107735 0.861579 0.00607779 0.00381754 0.00379822 0 0.00377062 0.0038054 0.00376602 0.00707582 0.0183399 0.00999009 0.0152268 0.0105185 0.013567 0.012209 0.00990018 0.00843164 0.00858866 0.00963603 0.00853634 0.0101054 0.0086146 0.020084 0.0085542 0.0814411 0.00842992 0.0099186 
0.0164055 0.00856133 0.0223086 0.00860197 0.00835755 0.0436973 0.00894306 0.019242 0.0087317 0.0159897 0.00852967 0.255397 0.00875927 0.0737712 0.00864525 0.0137672 0.00892212 0.033715 0.012039 0.0538789 0.0116006 0.0130642 0.00925115 0.00841432 0.00984717 0.00993519 0.0225675 0.0209931 0.017734 0.0147953 0.0092664 0.00750482 0.00931415 0.00834797 0.00724002 0.0153548 0.00789898 0.952788 0.00657726 0.00544588 0.00376212 0.00377432 0.00377062 0 0.00377941 0.00377043 0.00857044 0.007187 0.0201555 0.0174204 0.0109095 0.0106097 0.00996429 0.0111147 0.00985646 0.0108989 0.0097322 0.0111799 0.00874129 0.0171645 0.00853817 0.105195 0.00882622 0.0174949 0.00931976 
0.0105278 0.0222915 0.00847646 0.00911116 0.0167775 0.00862413 0.0224325 0.00885146 0.0103879 0.008663 0.130113 0.00853201 0.027662 0.00865245 0.0352049 0.00842406 0.0235433 0.0106189 0.0402989 0.0107811 0.0133273 0.0100638 0.00958442 0.0106075 0.00999644 0.0105467 0.0101561 0.0137973 0.0171833 0.0180294 0.0095501 0.0108367 0.00846497 0.0090057 0.00770396 0.0141027 0.960001 0.00624047 0.00718689 0.00750724 0.00391337 0.00377832 0.0038054 0.00377941 0 0.00378174 0.00631291 0.0248408 0.00960384 0.00933369 0.00966426 0.00898726 0.00968905 0.0120098 0.00962663 0.0101502 0.012487 0.0126881 0.0139611 0.0103891 0.0723396 0.00893739 0.0205633 0.0098477 0.0113999 
0.0278337 0.0087244 0.00937382 0.00872132 0.00980298 0.0124481 0.00844925 0.00990568 0.00949824 0.123025 0.00843728 0.0137188 0.00862286 0.0119561 0.00854753 0.0152249 0.0158384 0.0129619 0.00929158 0.0103049 0.0089336 0.00928771 0.0101571 0.0143314 0.00867683 0.00863615 0.00986705 0.0112366 0.0101089 0.0120031 0.0124263 0.0125298 0.00983478 0.00795903 0.00957128 0.968656 0.00742664 0.00760075 0.00655802 0.00702563 0.00416023 0.00386785 0.00376602 0.00377043 0.00378174 0 0.0314608 0.0100359 0.00889003 0.00795656 0.00747377 0.0084394 0.0078005 0.0109604 0.0137394 0.0238949 0.0100179 0.00907741 0.0113289 0.0627857 0.00996457 0.0132243 0.00936608 0.0131184 0.0111475 
0.0154309 0.00842404 0.0100022 0.0113298 0.00883548 0.011974 0.00860146 0.00987174 0.0141812 0.0151879 0.00832229 0.0123214 0.00854247 0.0133181 0.00932506 0.0261663 0.0109018 0.0115729 0.00923396 0.010139 0.00930291 0.0100979 0.0175886 0.010716 0.00893553 0.00897493 0.0105846 0.0104287 0.0109406 0.0114219 0.0226242 0.00930146 0.00993913 0.00874929 0.0298267 0.0197716 0.00793339 0.0131688 0.00823584 0.019692 0.00666048 0.00770118 0.00707582 0.00857044 0.00631291 0.0314608 0 0.00384131 0.00379494 0.0037942 0.00389619 0.00393611 0.00428532 0.00563776 0.0130286 0.00997909 0.00799179 0.0100172 0.0267231 0.0201155 0.00900508 0.0390649 0.00960096 0.0561419 0.0246394 
0.00872923 0.0115591 0.00864791 0.00884033 0.00922072 0.00870042 0.0135983 0.00997758 0.00917316 0.00841615 0.014235 0.00859801 0.0145968 0.00925809 0.0166144 0.00902121 0.0103617 0.0105701 0.0149974 0.010294 0.0123276 0.0103366 0.0168154 0.00884803 0.00902891 0.0111092 0.0100137 0.0164561 0.0149269 0.0178456 0.0100937 0.0091679 0.00866566 0.0125864 0.00939642 0.00928858 0.0295603 0.00832014 0.0136976 0.0101742 0.00733752 0.0070935 0.0183399 0.007187 0.0248408 0.0100359 0.00384131 0 0.00378226 0.00379381 0.00376677 0.00375905 0.00416877 0.0083153 0.00585157 0.00772013 0.00951547 0.0120268 0.0128407 0.00899372 0.0404464 0.00870016 0.0601841 0.011968 0.0147817 
0.0104222 0.00903866 0.00936646 0.00835234 0.00850597 0.0121304 0.0125246 0.0103308 0.00881428 0.00947736 0.00920966 0.021051 0.0119363 0.0347049 0.00929026 0.00919372 0.00994023 0.0195726 0.0208491 0.0318601 0.0149021 0.0215789 0.0094056 0.00854927 0.00896149 0.0107118 0.0186712 0.023049 0.0334353 0.0128561 0.00986085 0.00848087 0.0123354 0.00857918 0.00854899 0.0130643 0.00876481 0.0146394 0.00948636 0.00912668 0.00719048 0.0104618 0.00999009 0.0201555 0.00960384 0.00889003 0.00379494 0.00378226 0 0.00381765 0.00376095 0.00373954 0.00471073 0.00411482 0.00446012 0.00761033 0.00867196 0.0101976 0.008135 0.0209002 0.00928941 0.0525099 0.0120633 0.0158993 0.00943072 
0.00983173 0.0119508 0.00893879 0.00849477 0.00910446 0.0107025 0.0178652 0.0113322 0.00897994 0.0088305 0.0127748 0.0149571 0.0232761 0.0152489 0.0135675 0.00939099 0.010687 0.0159479 0.0416128 0.0248416 0.0363434 0.012368 0.00967103 0.00859026 0.00918986 0.0162595 0.0194822 0.0344015 0.0410151 0.0188101 0.00963071 0.0090463 0.00900982 0.00903739 0.00864256 0.0097356 0.014949 0.0101818 0.0116342 0.00944999 0.00822248 0.00965755 0.0152268 0.0174204 0.00933369 0.00795656 0.0037942 0.00379381 0.00381765 0 0.00375515 0.00378917 0.00378137 0.00380038 0.00399792 0.00821481 0.00956084 0.00810949 0.00938016 0.00985606 0.0321829 0.0145306 0.0205218 0.0109911 0.0106366 
0.0118467 0.00982813 0.00996662 0.00834361 0.00885589 0.0108956 0.0148769 0.0116104 0.00895953 0.0103444 0.0103888 0.0214634 0.0140858 0.0268252 0.0113658 0.00938803 0.0116089 0.0198938 0.0369965 0.0581194 0.0238897 0.0125046 0.00941632 0.00856052 0.00918851 0.0126888 0.0229434 0.0305606 0.0378619 0.0162617 0.0103509 0.00858188 0.00953678 0.00885236 0.00867478 0.0132667 0.0101196 0.0132493 0.00947757 0.011707 0.00867816 0.0122412 0.0105185 0.0109095 0.00966426 0.00747377 0.00389619 0.00376677 0.00376095 0.00375515 0 0.00374958 0.00378155 0.00382086 0.00381317 0.00868361 0.00736053 0.00982078 0.0142814 0.0371266 0.0110488 0.0190607 0.011052 0.0147875 0.0100092 
0.0111474 0.012133 0.0088149 0.00836701 0.00878855 0.0105923 0.0165924 0.0108352 0.00883564 0.00922955 0.0115505 0.0144557 0.0200584 0.0154503 0.0113099 0.00912994 0.0112541 0.0221399 0.0457082 0.0310317 0.0235919 0.0122514 0.009887 0.00881511 0.0102301 0.0157875 0.0178927 0.0349641 0.0382885 0.0186325 0.00991659 0.0091807 0.00934208 0.00942436 0.00867775 0.0114142 0.0138893 0.0109091 0.0176087 0.0100528 0.00973617 0.0112343 0.013567 0.0106097 0.00898726 0.0084394 0.00393611 0.00375905 0.00373954 0.00378917 0.00374958 0 0.00375807 0.00380471 0.00379343 0.00669564 0.0199565 0.0115074 0.797693 0.0122254 0.0156386 0.0131609 0.0179412 0.0119041 0.0107179 
0.00996542 0.00979623 0.009011 0.00823185 0.00849883 0.0105635 0.0129297 0.00987727 0.00863476 0.0091469 0.00985633 0.0165842 0.0129383 0.0162573 0.0104929 0.00892845 0.0105058 0.0212028 0.0325681 0.0232964 0.0165215 0.0114343 0.00931406 0.0092439 0.00956453 0.0146824 0.0174555 0.0252232 0.0370685 0.0143209 0.00979446 0.00859758 0.00965771 0.0089138 0.00869372 0.0109599 0.0109132 0.0161291 0.0104383 0.00957488 0.00934849 0.011746 0.012209 0.00996429 0.00968905 0.0078005 0.00428532 0.00416877 0.00471073 0.00378137 0.00378155 0.00375807 0 0.00376102 0.00378593 0.00971063 0.0119629 0.842393 0.0128529 0.0118629 0.0106006 0.0179829 0.0139112 0.0186021 0.0102633 
0.0102931 0.0107486 0.00873589 0.00828173 0.00950041 0.00925602 0.00987311 0.00995139 0.0086241 0.00956256 0.0101644 0.00927407 0.00992039 0.00968855 0.0102287 0.00879173 0.0127139 0.0163449 0.0127072 0.0121625 0.0110735 0.0107816 0.00926673 0.010176 0.00953868 0.00957196 0.0109275 0.0154477 0.0178877 0.0190109 0.00989792 0.0103012 0.00968125 0.00944593 0.00857838 0.0132799 0.0177602 0.0102506 0.0133925 0.0111837 0.0143428 0.0184832 0.00990018 0.0111147 0.0120098 0.0109604 0.00563776 0.0083153 0.00411482 0.00380038 0.00382086 0.00380471 0.00376102 0 0.00386179 0.0390471 0.930287 0.0121166 0.0228152 0.0141524 0.0211677 0.0153961 0.0133581 0.016015 0.0123292 
0.0152211 0.00951301 0.00852074 0.00848223 0.0118536 0.00916035 0.00863814 0.00857906 0.00934887 0.0191126 0.00913718 0.00893696 0.00889965 0.00879471 0.00865411 0.00982632 0.0191159 0.00928079 0.00948153 0.00904682 0.00914235 0.00865672 0.00984944 0.0150023 0.00871402 0.00854765 0.0094824 0.0100393 0.01001 0.0103096 0.0125118 0.015849 0.00985802 0.00829186 0.00910482 0.0457386 0.00960187 0.00961693 0.0089568 0.0121642 0.018196 0.0113125 0.00843164 0.00985646 0.00962663 0.0137394 0.0130286 0.00585157 0.00446012 0.00399792 0.00381317 0.00379343 0.00378593 0.00386179 0 0.955905 0.0131769 0.00889208 0.00859981 0.0325495 0.0106589 0.0114656 0.0103131 0.0150525 0.0274222 
0.0114229 0.00900926 0.010021 0.0111912 0.00937883 0.0097608 0.00882785 0.00943133 0.0122219 0.014721 0.0089998 0.0092306 0.0087765 0.00887353 0.00923908 0.0187131 0.0103003 0.00892748 0.00870547 0.00877998 0.00865012 0.00963198 0.0157618 0.00998772 0.00884096 0.00862472 0.0098298 0.00978608 0.00959924 0.0111334 0.021497 0.0101049 0.00977415 0.00957505 0.018952 0.0204555 0.0096034 0.01065 0.0100478 0.0198891 0.0115046 0.0117335 0.00858866 0.0108989 0.0101502 0.0238949 0.00997909 0.00772013 0.00761033 0.00821481 0.00868361 0.00669564 0.00971063 0.0390471 0.955905 0 0.00426564 0.00409644 0.00581839 0.0101215 0.00856156 0.0305874 0.0748665 0.0986789 0.0403372 
0.00897669 0.00893939 0.00871308 0.00885167 0.00871158 0.00892513 0.00914507 0.0086568 0.0088199 0.00933579 0.00941614 0.00861863 0.0094452 0.00846357 0.00959547 0.00878905 0.00910714 0.00904072 0.0105011 0.00870767 0.00896427 0.00944005 0.00945794 0.00884809 0.00854099 0.00892617 0.00929645 0.0104054 0.011193 0.0111631 0.0098309 0.00900497 0.00870411 0.00949599 0.00929888 0.010704 0.0104219 0.00963306 0.0112103 0.0103112 0.00921484 0.00936019 0.00963603 0.0097322 0.012487 0.0100179 0.00799179 0.00951547 0.00867196 0.00956084 0.00736053 0.0199565 0.0119629 0.930287 0.0131769 0.00426564 0 0.00480496 0.00400428 0.00669273 0.0176269 0.048885 0.0503886 0.0237504 0.011389 
0.00945751 0.00918177 0.00838326 0.00814852 0.00866446 0.00906068 0.00874539 0.00871336 0.00821638 0.00912902 0.00882689 0.00887365 0.00859577 0.00896643 0.00853016 0.00834741 0.00933801 0.0102665 0.00896238 0.00915932 0.00887685 0.00915481 0.00848969 0.00904558 0.00857153 0.00848797 0.00974024 0.00991688 0.0113652 0.0104638 0.00875536 0.00909487 0.00946676 0.00852082 0.0083572 0.0118966 0.0098107 0.00964438 0.00948286 0.00894816 0.00906788 0.0125846 0.00853634 0.0111799 0.0126881 0.00907741 0.0100172 0.0120268 0.0101976 0.00810949 0.00982078 0.0115074 0.842393 0.0121166 0.00889208 0.00409644 0.00480496 0 0.00389272 0.00869773 0.0515069 0.0396113 0.0084237 0.00912084 0.00756804 
