1NZ0D
RRERLRLRRDFLLIFKEGKSLQNEYFVVLFRKNGXDYSRLGIVVKRKFGKATRRNKLKRWVREIFRRNKGVIPKGFDIVVIPRKKLSEEFERVDFWTVREKLLNLLKRIEG
CCCCCCHHHHHHHHHHHCEEEECCCEEEEEEECCCCCCEEEECCCHHHCCHHHHHHHHHHHHHHHHHCCCCCCCCEEEEEEECHHHHHCHHHCCHHHHHHHHHHHHCCCCC
0 0 0 0 0 0 0 0 0 0 0 0 0 0 0 0 0 0 0 0 0 0 0 0 0 0 0 0 0 0 0 0 0 0 0 0 0 0 0 0 0 0 0 0 0 0 0 0 0 0 0 0 0 0 0 0 0 0 0 0 0 0 0 0 0 0 0 0 0 0 0 0 0 0 0 0 0 0 0 0 0 0 0 0 0 0 0 0 0 0 0 0 0 0 0 0 0 0 0 0 0 0 0 0 0 0 0 0 0 0 0 
0 0 0 0 0 0 0 0 0 0 0 0 0 0 0 0 0 0 0 0 0 0 0 0 0 0 0 0 0 0 0 0 0 0 0 0 0 0 0 0 0 0 0 0 0 0 0 0 0 0 0 0 0 0 0 0 0 0 0 0 0 0 0 0 0 0 0 0 0 0 0 0 0 0 0 0 0 0 0 0 0 0 0 0 0 0 0 0 0 0 0 0 0 0 0 0 0 0 0 0 0 0 0 0 0 0 0 0 0 0 0 
0 0.00413562 0.00374642 0.00570947 0.00568511 0.00466248 0.0291227 0.02784 0.2836 0.0110261 0.0198327 0.00833454 0.00807653 0.00941401 0.0221999 0.00905264 0.00836035 0.00881954 0.00884801 0.00894784 0.00945613 0.0144986 
0.00413562 0 0.00497569 0.00386242 0.00497559 0.0240463 0.0328503 0.372487 0.00717854 0.0140504 0.00670214 0.00790499 0.00875731 0.0177304 0.00850506 0.00875308 0.00925604 0.00971 0.0108034 0.0113076 0.00997818 0.00921632 
0.00374642 0.00497569 0 0.00385204 0.00588782 0.0279603 0.324628 0.00593934 0.0138623 0.00604581 0.00566204 0.00779533 0.0177549 0.00876493 0.00976444 0.00875428 0.00919556 0.0102392 0.0112491 0.0129959 0.0102041 0.00876346 
0.00570947 0.00386242 0.00385204 0 0.0482727 0.250468 0.00451782 0.0104933 0.00502774 0.00526143 0.00615137 0.0221575 0.00825622 0.00896968 0.0125152 0.014667 0.00975694 0.00891541 0.0103358 0.00942372 0.00988019 0.00897797 
0.00568511 0.00497559 0.00588782 0.0482727 0 0.00381543 0.00378223 0.00380771 0.00379347 0.00416048 0.00570356 0.0114684 0.0113505 0.0105379 0.0467366 0.0403513 0.0133757 0.0261567 0.025211 0.0258018 0.0155475 0.0351436 
0.00466248 0.0240463 0.0279603 0.250468 0.00381543 0 0.0037929 0.00379764 0.00385464 0.0123498 0.0038767 0.0110673 0.0136907 0.0404826 0.017278 0.02252 0.0770192 0.0437245 0.149138 0.0758382 0.0712608 0.0113819 
0.0291227 0.0328503 0.324628 0.00451782 0.00378223 0.0037929 0 0.003808 0.00383418 0.00380498 0.00380291 0.00938231 0.0255792 0.0135234 0.0373623 0.0187158 0.0256825 0.223383 0.119602 0.366109 0.0291516 0.0118883 
0.02784 0.372487 0.00593934 0.0104933 0.00380771 0.00379764 0.003808 0 0.00375349 0.00378225 0.00377813 0.0150724 0.00909894 0.0346076 0.134933 0.0124717 0.0410491 0.0648755 0.404613 0.106474 0.0578941 0.011032 
0.2836 0.00717854 0.0138623 0.00502774 0.00379347 0.00385464 0.00383418 0.00375349 0 0.00374622 0.00376357 0.00995409 0.0179563 0.0877102 0.0580569 0.0107823 0.0123161 0.165061 0.0461676 0.128728 0.019173 0.0116827 
0.0110261 0.0140504 0.00604581 0.00526143 0.00416048 0.0123498 0.00380498 0.00378225 0.00374622 0 0.00380036 0.0221786 0.0703533 0.0552522 0.0114405 0.0105269 0.100238 0.0128351 0.0267234 0.0181553 0.0374842 0.00887581 
0.0198327 0.00670214 0.00566204 0.00615137 0.00570356 0.0038767 0.00380291 0.00377813 0.00376357 0.00380036 0 0.128638 0.0361618 0.006707 0.0105488 0.0863563 0.00963657 0.0116183 0.0102395 0.0114266 0.0112232 0.0100663 
0.00833454 0.00790499 0.00779533 0.0221575 0.0114684 0.0110673 0.00938231 0.0150724 0.00995409 0.0221786 0.128638 0 0.00381027 0.00379859 0.00422019 0.096896 0.0558898 0.0170907 0.0331919 0.0148626 0.0195702 0.0231001 
0.00807653 0.00875731 0.0177549 0.00825622 0.0113505 0.0136907 0.0255792 0.00909894 0.0179563 0.0703533 0.0361618 0.00381027 0 0.00387493 0.00380502 0.0926569 0.0407518 0.248229 0.0514443 0.0741102 0.0296492 0.0165324 
0.00941401 0.0177304 0.00876493 0.00896968 0.0105379 0.0404826 0.0135234 0.0346076 0.0877102 0.0552522 0.006707 0.00379859 0.00387493 0 0.00399389 0.018969 0.125078 0.0399739 0.246305 0.0865467 0.141691 0.0109672 
0.0221999 0.00850506 0.00976444 0.0125152 0.0467366 0.017278 0.0373623 0.134933 0.0580569 0.0114405 0.0105488 0.00422019 0.00380502 0.00399389 0 0.0383207 0.015698 0.0542997 0.0602299 0.197493 0.0690821 0.0741824 
0.00905264 0.00875308 0.00875428 0.014667 0.0403513 0.02252 0.0187158 0.0124717 0.0107823 0.0105269 0.0863563 0.096896 0.0926569 0.018969 0.0383207 0 0.00473416 0.00376297 0.00385962 0.00388059 0.00406199 0.0104843 
0.00836035 0.00925604 0.00919556 0.00975694 0.0133757 0.0770192 0.0256825 0.0410491 0.0123161 0.100238 0.00963657 0.0558898 0.0407518 0.125078 0.015698 0.00473416 0 0.00375788 0.00377624 0.00383936 0.00742139 0.00394297 
0.00881954 0.00971 0.0102392 0.00891541 0.0261567 0.0437245 0.223383 0.0648755 0.165061 0.0128351 0.0116183 0.0170907 0.248229 0.0399739 0.0542997 0.00376297 0.00375788 0 0.00379053 0.00378498 0.00378774 0.00384368 
0.00884801 0.0108034 0.0112491 0.0103358 0.025211 0.149138 0.119602 0.404613 0.0461676 0.0267234 0.0102395 0.0331919 0.0514443 0.246305 0.0602299 0.00385962 0.00377624 0.00379053 0 0.00385536 0.00381774 0.00385022 
0.00894784 0.0113076 0.0129959 0.00942372 0.0258018 0.0758382 0.366109 0.106474 0.128728 0.0181553 0.0114266 0.0148626 0.0741102 0.0865467 0.197493 0.00388059 0.00383936 0.00378498 0.00385536 0 0.00387257 0.00379232 
0.00945613 0.00997818 0.0102041 0.00988019 0.0155475 0.0712608 0.0291516 0.0578941 0.019173 0.0374842 0.0112232 0.0195702 0.0296492 0.141691 0.0690821 0.00406199 0.00742139 0.00378774 0.00381774 0.00387257 0 0.00376785 
0.0144986 0.00921632 0.00876346 0.00897797 0.0351436 0.0113819 0.0118883 0.011032 0.0116827 0.00887581 0.0100663 0.0231001 0.0165324 0.0109672 0.0741824 0.0104843 0.00394297 0.00384368 0.00385022 0.00379232 0.00376785 0 
