1O5LA
MDLKKLLPCGKVIVFRKGEIVKHQDDPIEDVLILLEGTLKTEHVSENGKTLEIDEIKPVQIIASGFIFSSEPRFPVNVVAGENSKILSIPKEVFLDLLMKDRELLLFFLKDVSEHFRVVSEKLFFLTTK
CCHHHHHHHCEEEEECCCCEEECCCCECCEEEEEEECCEEEEEECCCCCEEEEEEECCCEECCHHHCCCCCCECCCEEEECCCEEEEEEEHHHHHHHHHHCHHHHHHHHHHHHHHHHHHHHHHHHHHCC
0 0 0 0 0 0 0 0 0 0 0 0 0 0 0 0 0 0 0 0 0 0 0 0 0 0 0 0 0 0 0 0 0 0 0 0 0 0 0 0 0 0 0 0 0 0 0 0 0 0 0 0 0 0 0 0 0 0 0 0 0 0 0 0 0 0 0 0 0 0 0 0 0 0 0 0 0 0 0 0 0 0 0 0 0 0 0 0 0 0 0 0 0 0 0 0 0 0 0 0 0 0 0 0 0 0 0 0 0 0 0 0 0 0 0 0 0 0 0 0 0 0 0 0 0 0 0 0 0 
0 0 0 0 0 0 0 0 0 0 0 0 0 0 0 0 0 0 0 0 0 0 0 0 0 0 0 0 0 0 0 0 0 0 0 0 0 0 0 0 0 0 0 0 0 0 0 0 0 0 0 0 0 0 0 0 0 0 0 0 0 0 0 0 0 0 0 0 0 0 0 0 0 0 0 0 0 0 0 0 0 0 0 0 0 0 0 0 0 0 0 0 0 0 0 0 0 0 0 0 0 0 0 0 0 0 0 0 0 0 0 0 0 0 0 0 0 0 0 0 0 0 0 0 0 0 0 0 0 
0 0.0049571 0.00384336 0.00413782 0.00632489 0.00770031 0.0062613 0.0387841 0.0301895 0.0102868 0.00908253 0.012248 0.0109357 0.0130105 0.010397 0.0323407 0.0136259 0.00943835 0.0103646 0.00997877 0.00948594 0.0153574 0.0154384 0.0103299 0.0101968 0.00945099 0.00880016 0.00972208 0.0208323 0.0100294 0.0122429 0.0117964 0.00979017 0.00875073 0.00882476 0.0139945 0.00996249 0.00871251 0.0088313 0.00858019 0.00923042 0.00865575 0.0118299 
0.0049571 0 0.00401741 0.00396138 0.00417937 0.00697658 0.0164048 0.0300881 0.00919592 0.00930897 0.0137117 0.0117896 0.0170689 0.0131587 0.0144902 0.00978529 0.0120073 0.0104091 0.00991999 0.0119895 0.0100732 0.00957069 0.0104038 0.0118081 0.0100724 0.00964716 0.00912617 0.0106946 0.0109867 0.00992909 0.00959093 0.00902739 0.00946528 0.0108748 0.00985383 0.00990318 0.00952266 0.00913447 0.00897966 0.0122568 0.00937134 0.00969224 0.00897902 
0.00384336 0.00401741 0 0.0038516 0.0037912 0.00708851 0.0239633 0.0133234 0.00699965 0.00928069 0.0102744 0.0150035 0.0187551 0.0182343 0.0113931 0.00877245 0.0102872 0.00898968 0.0149203 0.00967805 0.00901117 0.00848165 0.00918313 0.0100473 0.0100565 0.0109599 0.0105752 0.00946714 0.00972381 0.00862248 0.00871504 0.00833881 0.00876205 0.0132013 0.00986542 0.00884506 0.00872766 0.0085883 0.0148169 0.0126064 0.0132155 0.00883846 0.00841134 
0.00413782 0.00396138 0.0038516 0 0.00392354 0.0635075 0.0108619 0.00663594 0.00910935 0.00924641 0.0127253 0.0140384 0.0133976 0.0173266 0.00977639 0.0171342 0.0091607 0.0296133 0.00847796 0.00898941 0.0127524 0.00860181 0.0113435 0.00930046 0.0110375 0.00872524 0.00916828 0.0134946 0.00858516 0.0111317 0.00913442 0.00956504 0.0112607 0.0105767 0.0154649 0.00932105 0.00856763 0.0118403 0.00880208 0.0113952 0.0120261 0.00864025 0.00887806 
0.00632489 0.00417937 0.0037912 0.00392354 0 0.0170822 0.00735722 0.00507321 0.00789235 0.0150289 0.0142266 0.0123059 0.0153236 0.00935219 0.0139374 0.0100972 0.0557157 0.00844338 0.0101295 0.00880193 0.00853293 0.0108277 0.0150813 0.0122775 0.00852384 0.00949568 0.00854438 0.00840689 0.0205675 0.0105888 0.0123334 0.0119212 0.0127695 0.0115884 0.00887155 0.013076 0.0241129 0.0085359 0.00946641 0.00989176 0.00849154 0.00992678 0.00846083 
0.00770031 0.00697658 0.00708851 0.0635075 0.0170822 0 0.00418432 0.0043921 0.0121298 0.00842482 0.00809356 0.0215603 0.0185051 0.0130939 0.0103548 0.0212287 0.0102675 0.0105134 0.00950626 0.00916406 0.00956387 0.0154264 0.0161501 0.00970398 0.0110975 0.00900521 0.00879078 0.0112684 0.015455 0.0132893 0.0146269 0.0142181 0.0132833 0.0094368 0.0108379 0.0154991 0.0104371 0.0101138 0.00896023 0.00899886 0.0100464 0.00849378 0.0159135 
0.0062613 0.0164048 0.0239633 0.0108619 0.00735722 0.00418432 0 0.00381083 0.00744719 0.00792535 0.0349962 0.0101398 0.0107173 0.00794503 0.0241439 0.0073201 0.0113568 0.00905555 0.00894065 0.00812199 0.0106289 0.00854926 0.00941886 0.0142763 0.00851722 0.00910465 0.00848449 0.00965915 0.0120262 0.00972047 0.0139765 0.00898738 0.00892459 0.0139497 0.0113229 0.00946481 0.00944887 0.0088653 0.00951117 0.00916868 0.00869046 0.0134373 0.00829264 
0.0387841 0.0300881 0.0133234 0.00663594 0.00507321 0.0043921 0.00381083 0 0.0854117 0.0139952 0.00902463 0.0113932 0.00985645 0.00939432 0.00784088 0.0132035 0.0118399 0.00993284 0.00785052 0.00803525 0.00857165 0.00976165 0.014215 0.00898931 0.0089374 0.00829348 0.00856254 0.00916429 0.0101387 0.0114578 0.010343 0.0113712 0.0146616 0.00928663 0.0109852 0.0123926 0.0104879 0.00903898 0.0089952 0.00913869 0.0111492 0.00849123 0.00939931 
0.0301895 0.00919592 0.00699965 0.00910935 0.00789235 0.0121298 0.00744719 0.0854117 0 0.00996151 0.00402591 0.00445195 0.0039792 0.00443952 0.0053713 0.0069127 0.00851101 0.00720984 0.00615807 0.00638637 0.00705343 0.00918612 0.0196133 0.00905768 0.00903389 0.00806296 0.00806902 0.00963031 0.0113984 0.021442 0.0131499 0.0910828 0.0144416 0.00868431 0.00873245 0.0122539 0.0114568 0.00893172 0.00826348 0.00833032 0.0085581 0.00829679 0.012581 
0.0102868 0.00930897 0.00928069 0.00924641 0.0150289 0.00842482 0.00792535 0.0139952 0.00996151 0 0.00385141 0.00378757 0.00381911 0.00388587 0.00390507 0.00493218 0.00601932 0.00663102 0.00616234 0.00707663 0.00896418 0.0695849 0.0211518 0.00895491 0.010711 0.00848359 0.00868408 0.0100554 0.0161355 0.014063 0.0122119 0.0122514 0.0186732 0.0118155 0.01139 0.0146498 0.0118694 0.0104305 0.00995959 0.00998456 0.010659 0.0086771 0.0268531 
0.00908253 0.0137117 0.0102744 0.0127253 0.0142266 0.00809356 0.0349962 0.00902463 0.00402591 0.00385141 0 0.00377447 0.00379376 0.00378789 0.00398057 0.00392318 0.00751581 0.00579145 0.00743172 0.00688154 0.0401657 0.0945326 0.009583 0.021668 0.00836978 0.011891 0.0096021 0.0105524 0.0162631 0.0103958 0.0149587 0.00945635 0.0108717 0.0611945 0.0140306 0.0124728 0.0136311 0.012876 0.0288635 0.0259883 0.0119905 0.0621666 0.00928844 
0.012248 0.0117896 0.0150035 0.0140384 0.0123059 0.0215603 0.0101398 0.0113932 0.00445195 0.00378757 0.00377447 0 0.00379053 0.00378084 0.0037892 0.00385606 0.00547641 0.0125368 0.00654963 0.0451576 0.0707739 0.0170607 0.0103307 0.00881439 0.0207965 0.00923364 0.015846 0.014838 0.00960931 0.0115651 0.0102429 0.00942956 0.0176691 0.0237842 0.0326771 0.0120334 0.0103328 0.0295443 0.0387156 0.0548788 0.188523 0.0104343 0.0105717 
0.0109357 0.0170689 0.0187551 0.0133976 0.0153236 0.0185051 0.0107173 0.00985645 0.0039792 0.00381911 0.00379376 0.00379053 0 0.0037689 0.00380188 0.00378756 0.00588783 0.00703321 0.050242 0.092466 0.0302321 0.00863625 0.00901992 0.0151663 0.00923473 0.0316868 0.0127378 0.0134263 0.0143145 0.00993152 0.0124677 0.00940004 0.0170558 0.0693718 0.0268312 0.0195989 0.0128572 0.0161197 0.0724698 0.211536 0.0423155 0.0243836 0.00921187 
0.0130105 0.0131587 0.0182343 0.0173266 0.00935219 0.0130939 0.00794503 0.00939432 0.00443952 0.00388587 0.00378789 0.00378084 0.0037689 0 0.00377296 0.00378616 0.00479126 0.0515975 0.0384401 0.0692786 0.0101862 0.00657788 0.00928315 0.00846732 0.0205359 0.00880402 0.014004 0.0133225 0.0091202 0.0201746 0.00998182 0.00933049 0.0156316 0.0213444 0.0414326 0.0118394 0.00949381 0.0192668 0.0892968 0.0501394 0.0776257 0.0104547 0.00986122 
0.010397 0.0144902 0.0113931 0.00977639 0.0139374 0.0103548 0.0241439 0.00784088 0.0053713 0.00390507 0.00398057 0.0037892 0.00380188 0.00377296 0 0.00385384 0.0395347 0.0303143 0.0165296 0.00487868 0.00565528 0.00632621 0.00830192 0.0200365 0.00802653 0.00995291 0.00916662 0.0101933 0.0174282 0.00941336 0.0246095 0.00898015 0.00994904 0.0354945 0.0324355 0.0165035 0.0106534 0.0121238 0.0224757 0.0181543 0.012373 0.0350909 0.00869361 
0.0323407 0.00978529 0.00877245 0.0171342 0.0100972 0.0212287 0.0073201 0.0132035 0.0069127 0.00493218 0.00392318 0.00385606 0.00378756 0.00378616 0.00385384 0 0.0710223 0.00719144 0.00388312 0.0040849 0.00461115 0.00566904 0.0238778 0.00783493 0.00866094 0.00733185 0.00812001 0.0117287 0.011038 0.0359265 0.0130154 0.0220898 0.0277017 0.0100157 0.0231598 0.0267346 0.0147067 0.0113726 0.00948139 0.0103761 0.0147136 0.00867799 0.0160549 
0.0136259 0.0120073 0.0102872 0.0091607 0.0557157 0.0102675 0.0113568 0.0118399 0.00851101 0.00601932 0.00751581 0.00547641 0.00588783 0.00479126 0.0395347 0.0710223 0 0.00388143 0.00380922 0.00382351 0.00386506 0.00502525 0.00912442 0.00851617 0.00698437 0.0110579 0.0102841 0.0450123 0.83876 0.0096762 0.0256926 0.0139393 0.0116356 0.0191789 0.010143 0.0392845 0.0196836 0.00924988 0.0150791 0.012154 0.00955093 0.0337016 0.014267 
0.00943835 0.0104091 0.00898968 0.0296133 0.00844338 0.0105134 0.00905555 0.00993284 0.00720984 0.00663102 0.00579145 0.0125368 0.00703321 0.0515975 0.0303143 0.00719144 0.00388143 0 0.00375363 0.00375466 0.00391303 0.00389937 0.00766863 0.00651397 0.00874129 0.00805032 0.080293 0.800806 0.00856424 0.0171598 0.00894856 0.0107073 0.0158839 0.0106449 0.0287857 0.00987512 0.00856595 0.0206153 0.0104655 0.0129096 0.0408297 0.00895862 0.0107641 
0.0103646 0.00991999 0.0149203 0.00847796 0.0101295 0.00950626 0.00894065 0.00785052 0.00615807 0.00616234 0.00743172 0.00654963 0.050242 0.0384401 0.0165296 0.00388312 0.00380922 0.00375363 0 0.00374933 0.00376045 0.00376811 0.00572095 0.00832926 0.00918995 0.278391 0.626307 0.0087347 0.00984186 0.00734661 0.00921812 0.00873006 0.00975162 0.0306095 0.0103726 0.0103043 0.0108533 0.00899292 0.0204194 0.0334008 0.0132132 0.0137821 0.00866827 
0.00997877 0.0119895 0.00967805 0.00898941 0.00880193 0.00916406 0.00812199 0.00803525 0.00638637 0.00707663 0.00688154 0.0451576 0.092466 0.0692786 0.00487868 0.0040849 0.00382351 0.00375466 0.00374933 0 0.0037643 0.00375817 0.00775803 0.00867098 0.615178 0.21714 0.0154936 0.0073284 0.00738582 0.00764405 0.0082712 0.00863996 0.0119501 0.0132299 0.0109188 0.00929969 0.00882799 0.0102246 0.0178918 0.0190056 0.0209761 0.00909129 0.00884121 
0.00948594 0.0100732 0.00901117 0.0127524 0.00853293 0.00956387 0.0106289 0.00857165 0.00705343 0.00896418 0.0401657 0.0707739 0.0302321 0.0101862 0.00565528 0.00461115 0.00386506 0.00391303 0.00376045 0.0037643 0 0.0037516 0.0121472 0.718389 0.157353 0.00828427 0.00609515 0.00802668 0.0066308 0.00883221 0.0101711 0.00958055 0.0104493 0.0124617 0.0209742 0.0103456 0.00885747 0.0140455 0.0109307 0.0116518 0.0136083 0.0105943 0.00882105 
0.0153574 0.00957069 0.00848165 0.00860181 0.0108277 0.0154264 0.00854926 0.00976165 0.00918612 0.0695849 0.0945326 0.0170607 0.00863625 0.00657788 0.00632621 0.00566904 0.00502525 0.00389937 0.00376811 0.00375817 0.0037516 0 0.858943 0.0188205 0.0053064 0.00513293 0.00553129 0.00643712 0.00782094 0.00852357 0.0103795 0.0133658 0.016025 0.0094342 0.00992355 0.0148444 0.0250901 0.00897172 0.00916171 0.00922763 0.00899128 0.00867845 0.00909356 
0.0154384 0.0104038 0.00918313 0.0113435 0.0150813 0.0161501 0.00941886 0.014215 0.0196133 0.0211518 0.009583 0.0103307 0.00901992 0.00928315 0.00830192 0.0238778 0.00912442 0.00766863 0.00572095 0.00775803 0.0121472 0.858943 0 0.00506347 0.0038564 0.00402152 0.00387321 0.00469516 0.00549682 0.009141 0.0161105 0.026957 0.022339 0.00939654 0.0112462 0.0168215 0.0132946 0.0110385 0.00909395 0.00932255 0.0106003 0.0091782 0.0342747 
0.0103299 0.0118081 0.0100473 0.00930046 0.0122775 0.00970398 0.0142763 0.00898931 0.00905768 0.00895491 0.021668 0.00881439 0.0151663 0.00846732 0.0200365 0.00783493 0.00851617 0.00651397 0.00832926 0.00867098 0.718389 0.0188205 0.00506347 0 0.00393465 0.00376295 0.00394857 0.0040962 0.00468589 0.0057257 0.0074037 0.00911648 0.0110618 0.0237126 0.00962183 0.0102045 0.0145737 0.00909747 0.012427 0.0111293 0.00901971 0.034172 0.00894308 
0.0101968 0.0100724 0.0100565 0.0110375 0.00852384 0.0110975 0.00851722 0.0089374 0.00903389 0.010711 0.00836978 0.0207965 0.00923473 0.0205359 0.00802653 0.00866094 0.00698437 0.00874129 0.00918995 0.615178 0.157353 0.0053064 0.0038564 0.00393465 0 0.00375002 0.00380242 0.00387323 0.00382946 0.00534327 0.0058028 0.00902814 0.0124071 0.00966102 0.0119683 0.00898782 0.00853975 0.0134193 0.00927716 0.0110337 0.0398048 0.00835665 0.00969345 
0.00945099 0.00964716 0.0109599 0.00872524 0.00949568 0.00900521 0.00910465 0.00829348 0.00806296 0.00848359 0.011891 0.00923364 0.0316868 0.00880402 0.00995291 0.00733185 0.0110579 0.00805032 0.278391 0.21714 0.00828427 0.00513293 0.00402152 0.00376295 0.00375002 0 0.00379217 0.003754 0.00389935 0.00438384 0.00598507 0.00794712 0.00873543 0.0123693 0.00875756 0.00900958 0.0108295 0.00842062 0.0133517 0.0197769 0.00926126 0.00983264 0.00818397 
0.00880016 0.00912617 0.0105752 0.00916828 0.00854438 0.00879078 0.00848449 0.00856254 0.00806902 0.00868408 0.0096021 0.015846 0.0127378 0.014004 0.00916662 0.00812001 0.0102841 0.080293 0.626307 0.0154936 0.00609515 0.00553129 0.00387321 0.00394857 0.00380242 0.00379217 0 0.0037476 0.0037505 0.00435483 0.00577314 0.00757414 0.0090785 0.010592 0.0105373 0.00887072 0.00849591 0.00908819 0.0166633 0.0124378 0.0133414 0.00853636 0.00847756 
0.00972208 0.0106946 0.00946714 0.0134946 0.00840689 0.0112684 0.00965915 0.00916429 0.00963031 0.0100554 0.0105524 0.014838 0.0134263 0.0133225 0.0101933 0.0117287 0.0450123 0.800806 0.0087347 0.0073284 0.00802668 0.00643712 0.00469516 0.0040962 0.00387323 0.003754 0.0037476 0 0.00375626 0.00477221 0.00901915 0.0105788 0.0137672 0.0128619 0.0196277 0.0103735 0.00863019 0.0237525 0.00918433 0.01056 0.0157899 0.00945305 0.00957317 
0.0208323 0.0109867 0.00972381 0.00858516 0.0205675 0.015455 0.0120262 0.0101387 0.0113984 0.0161355 0.0162631 0.00960931 0.0143145 0.0091202 0.0174282 0.011038 0.83876 0.00856424 0.00984186 0.00738582 0.0066308 0.00782094 0.00549682 0.00468589 0.00382946 0.00389935 0.0037505 0.00375626 0 0.0162462 0.00586357 0.0117865 0.0191848 0.0208357 0.00963712 0.0199584 0.0753022 0.00890843 0.0119976 0.0106419 0.00870277 0.0154077 0.00886928 
0.0100294 0.00992909 0.00862248 0.0111317 0.0105888 0.0132893 0.00972047 0.0114578 0.021442 0.014063 0.0103958 0.0115651 0.00993152 0.0201746 0.00941336 0.0359265 0.0096762 0.0171598 0.00734661 0.00764405 0.00883221 0.00852357 0.009141 0.0057257 0.00534327 0.00438384 0.00435483 0.00477221 0.0162462 0 0.00712859 0.0388113 0.0297144 0.0118596 0.0236622 0.017363 0.0100698 0.0190621 0.00896512 0.00911452 0.0120464 0.00868806 0.0196341 
0.0122429 0.00959093 0.00871504 0.00913442 0.0123334 0.0146269 0.0139765 0.010343 0.0131499 0.0122119 0.0149587 0.0102429 0.0124677 0.00998182 0.0246095 0.0130154 0.0256926 0.00894856 0.00921812 0.0082712 0.0101711 0.0103795 0.0161105 0.0074037 0.0058028 0.00598507 0.00577314 0.00901915 0.00586357 0.00712859 0 0.0401881 0.0176942 0.0270061 0.0347664 0.0370987 0.0198528 0.0103803 0.0105728 0.0105879 0.00921982 0.0148085 0.0109289 
0.0117964 0.00902739 0.00833881 0.00956504 0.0119212 0.0142181 0.00898738 0.0113712 0.0910828 0.0122514 0.00945635 0.00942956 0.00940004 0.00933049 0.00898015 0.0220898 0.0139393 0.0107073 0.00873006 0.00863996 0.00958055 0.0133658 0.026957 0.00911648 0.00902814 0.00794712 0.00757414 0.0105788 0.0117865 0.0388113 0.0401881 0 0.0200777 0.00443761 0.00548475 0.00588831 0.00747692 0.00817865 0.00717572 0.00800733 0.00948038 0.00786815 0.0196982 
0.00979017 0.00946528 0.00876205 0.0112607 0.0127695 0.0132833 0.00892459 0.0146616 0.0144416 0.0186732 0.0108717 0.0176691 0.0170558 0.0156316 0.00994904 0.0277017 0.0116356 0.0158839 0.00975162 0.0119501 0.0104493 0.016025 0.022339 0.0110618 0.0124071 0.00873543 0.0090785 0.0137672 0.0191848 0.0297144 0.0176942 0.0200777 0 0.00385624 0.00387152 0.0041091 0.00468407 0.00894374 0.00711813 0.0186862 0.057335 0.0083059 0.0271288 
0.00875073 0.0108748 0.0132013 0.0105767 0.0115884 0.0094368 0.0139497 0.00928663 0.00868431 0.0118155 0.0611945 0.0237842 0.0693718 0.0213444 0.0354945 0.0100157 0.0191789 0.0106449 0.0306095 0.0132299 0.0124617 0.0094342 0.00939654 0.0237126 0.00966102 0.0123693 0.010592 0.0128619 0.0208357 0.0118596 0.0270061 0.00443761 0.00385624 0 0.00382458 0.00383582 0.00569334 0.00781146 0.043004 0.0429391 0.00784378 0.0203191 0.00572785 
0.00882476 0.00985383 0.00986542 0.0154649 0.00887155 0.0108379 0.0113229 0.0109852 0.00873245 0.01139 0.0140306 0.0326771 0.0268312 0.0414326 0.0324355 0.0231598 0.010143 0.0287857 0.0103726 0.0109188 0.0209742 0.00992355 0.0112462 0.00962183 0.0119683 0.00875756 0.0105373 0.0196277 0.00963712 0.0236622 0.0347664 0.00548475 0.00387152 0.00382458 0 0.00378768 0.00478527 0.0682499 0.0123284 0.00691922 0.017402 0.00680452 0.00622161 
0.0139945 0.00990318 0.00884506 0.00932105 0.013076 0.0154991 0.00946481 0.0123926 0.0122539 0.0146498 0.0124728 0.0120334 0.0195989 0.0118394 0.0165035 0.0267346 0.0392845 0.00987512 0.0103043 0.00929969 0.0103456 0.0148444 0.0168215 0.0102045 0.00898782 0.00900958 0.00887072 0.0103735 0.0199584 0.017363 0.0370987 0.00588831 0.0041091 0.00383582 0.00378768 0 0.0818132 0.0130084 0.00490272 0.0122559 0.00522921 0.00561138 0.00474371 
0.00996249 0.00952266 0.00872766 0.00856763 0.0241129 0.0104371 0.00944887 0.0104879 0.0114568 0.0118694 0.0136311 0.0103328 0.0128572 0.00949381 0.0106534 0.0147067 0.0196836 0.00856595 0.0108533 0.00882799 0.00885747 0.0250901 0.0132946 0.0145737 0.00853975 0.0108295 0.00849591 0.00863019 0.0753022 0.0100698 0.0198528 0.00747692 0.00468407 0.00569334 0.00478527 0.0818132 0 0.00376709 0.00377298 0.00381096 0.00384708 0.00424154 0.00441657 
0.00871251 0.00913447 0.0085883 0.0118403 0.0085359 0.0101138 0.0088653 0.00903898 0.00893172 0.0104305 0.012876 0.0295443 0.0161197 0.0192668 0.0121238 0.0113726 0.00924988 0.0206153 0.00899292 0.0102246 0.0140455 0.00897172 0.0110385 0.00909747 0.0134193 0.00842062 0.00908819 0.0237525 0.00890843 0.0190621 0.0103803 0.00817865 0.00894374 0.00781146 0.0682499 0.0130084 0.00376709 0 0.00375101 0.00380102 0.00375746 0.00390081 0.00488974 
0.0088313 0.00897966 0.0148169 0.00880208 0.00946641 0.00896023 0.00951117 0.0089952 0.00826348 0.00995959 0.0288635 0.0387156 0.0724698 0.0892968 0.0224757 0.00948139 0.0150791 0.0104655 0.0204194 0.0178918 0.0109307 0.00916171 0.00909395 0.012427 0.00927716 0.0133517 0.0166633 0.00918433 0.0119976 0.00896512 0.0105728 0.00717572 0.00711813 0.043004 0.0123284 0.00490272 0.00377298 0.00375101 0 0.00375612 0.00378077 0.003762 0.0037608 
0.00858019 0.0122568 0.0126064 0.0113952 0.00989176 0.00899886 0.00916868 0.00913869 0.00833032 0.00998456 0.0259883 0.0548788 0.211536 0.0501394 0.0181543 0.0103761 0.012154 0.0129096 0.0334008 0.0190056 0.0116518 0.00922763 0.00932255 0.0111293 0.0110337 0.0197769 0.0124378 0.01056 0.0106419 0.00911452 0.0105879 0.00800733 0.0186862 0.0429391 0.00691922 0.0122559 0.00381096 0.00380102 0.00375612 0 0.00381026 0.00374308 0.00374687 
0.00923042 0.00937134 0.0132155 0.0120261 0.00849154 0.0100464 0.00869046 0.0111492 0.0085581 0.010659 0.0119905 0.188523 0.0423155 0.0776257 0.012373 0.0147136 0.00955093 0.0408297 0.0132132 0.0209761 0.0136083 0.00899128 0.0106003 0.00901971 0.0398048 0.00926126 0.0133414 0.0157899 0.00870277 0.0120464 0.00921982 0.00948038 0.057335 0.00784378 0.017402 0.00522921 0.00384708 0.00375746 0.00378077 0.00381026 0 0.00375325 0.00375964 
0.00865575 0.00969224 0.00883846 0.00864025 0.00992678 0.00849378 0.0134373 0.00849123 0.00829679 0.0086771 0.0621666 0.0104343 0.0243836 0.0104547 0.0350909 0.00867799 0.0337016 0.00895862 0.0137821 0.00909129 0.0105943 0.00867845 0.0091782 0.034172 0.00835665 0.00983264 0.00853636 0.00945305 0.0154077 0.00868806 0.0148085 0.00786815 0.0083059 0.0203191 0.00680452 0.00561138 0.00424154 0.00390081 0.003762 0.00374308 0.00375325 0 0.0037361 
0.0118299 0.00897902 0.00841134 0.00887806 0.00846083 0.0159135 0.00829264 0.00939931 0.012581 0.0268531 0.00928844 0.0105717 0.00921187 0.00986122 0.00869361 0.0160549 0.014267 0.0107641 0.00866827 0.00884121 0.00882105 0.00909356 0.0342747 0.00894308 0.00969345 0.00818397 0.00847756 0.00957317 0.00886928 0.0196341 0.0109289 0.0196982 0.0271288 0.00572785 0.00622161 0.00474371 0.00441657 0.00488974 0.0037608 0.00374687 0.00375964 0.0037361 0 
