1OARH
EVQLQQSGAELVKPGASVKLSCKASGYTFTSYWMHWVKQRPGRGLEWIGRIDPNGGGTKYNEKFKSKATLTVDKPSSTAYMQLSSLTSEDSAVYYCARMWYYGTYYFDYWGQGTTLTVSSAA
CCEEEECCCEEECCCCCEEEEEEEECCCHHHCEEEEEEECCCCCEEEEEEEECCCCEEEECHHHCCCEEEEEECCCCEEEEEECCCCHHHCEEEEEEEEECCCCCEEEEECCCEEEEECCCC
0 0 0 0 0 0 0 0 0 0 0 0 0 0 0 0 0 0 0 0 0 0 0 0 0 0 0 0 0 0 0 0 0 0 0 0 0 0 0 0 0 0 0 0 0 0 0 0 0 0 0 0 0 0 0 0 0 0 0 0 0 0 0 0 0 0 0 0 0 0 0 0 0 0 0 0 0 0 0 0 0 0 0 0 0 0 0 0 0 0 0 0 0 0 0 0 0 0 0 0 0 0 0 0 0 0 0 0 0 0 0 0 0 0 0 0 0 0 0 0 0 0 
0 0 0 0 0 0 0 0 0 0 0 0 0 0 0 0 0 0 0 0 0 0 0 0 0 0 0 0 0 0 0 0 0 0 0 0 0 0 0 0 0 0 0 0 0 0 0 0 0 0 0 0 0 0 0 0 0 0 0 0 0 0 0 0 0 0 0 0 0 0 0 0 0 0 0 0 0 0 0 0 0 0 0 0 0 0 0 0 0 0 0 0 0 0 0 0 0 0 0 0 0 0 0 0 0 0 0 0 0 0 0 0 0 0 0 0 0 0 0 0 0 0 
0 0.00388546 0.00398878 0.00455985 0.0102335 0.00648529 0.0833814 0.0106412 0.0400855 0.00754085 0.0274799 0.00776819 0.0372162 0.00907129 0.2261 0.0147599 0.00892549 0.011889 0.0102517 0.0184767 0.012182 0.0177347 0.0103083 0.012826 0.00989463 0.0111332 0.0100474 0.0131095 0.00888541 0.0174692 0.00953546 0.00890284 0.00914572 0.0197043 0.00918573 0.0185464 0.00823884 0.0122103 0.00840816 0.0112777 0.0116681 0.00842698 0.00993103 0.00827739 0.010604 0.00870547 0.00986103 0.00870943 0.0086595 0.00905522 0.00871526 0.0084761 0.00873254 0.00819897 0.0100281 0.0100807 0.00832903 0.00822113 0.00838328 0.00851263 0.00845504 0.00946442 0.00819729 0.0115517 0.00864346 
0.00388546 0 0.00386098 0.00387005 0.00435658 0.0695965 0.101674 0.026008 0.00732363 0.0559527 0.00745857 0.0273969 0.00853696 0.433889 0.00847737 0.00915107 0.0324685 0.00989766 0.0149032 0.0127782 0.0134536 0.0102782 0.00975213 0.00939764 0.0204994 0.0106721 0.0165686 0.0118814 0.0265842 0.00868833 0.00862301 0.0085176 0.00916845 0.00863479 0.0134325 0.0083152 0.0315786 0.00840172 0.0120242 0.00836419 0.00846729 0.0119116 0.00850173 0.0242971 0.00849076 0.00985897 0.00946664 0.010166 0.010852 0.0104756 0.00994162 0.0119984 0.00838806 0.0110033 0.00827113 0.00840649 0.00888278 0.0088842 0.00850084 0.00838898 0.00818764 0.00821427 0.0131943 0.00833236 0.011845 
0.00398878 0.00386098 0 0.00385094 0.0762596 0.157103 0.00586963 0.00747795 0.0631919 0.00703474 0.0259551 0.00781571 0.213028 0.00765005 0.0382719 0.0102697 0.0148151 0.0170713 0.0108903 0.0122464 0.0132291 0.00950577 0.00903633 0.0180918 0.0105531 0.0109344 0.0100104 0.0205304 0.00969544 0.009969 0.00876035 0.00959238 0.00868163 0.00894289 0.00861087 0.0204771 0.00825565 0.0109676 0.00834524 0.00840799 0.00891717 0.0089101 0.0163832 0.00843857 0.0136243 0.00841754 0.00915213 0.018468 0.0103031 0.00992369 0.00942635 0.00887697 0.0100952 0.00846391 0.00847659 0.00866398 0.00853587 0.00839088 0.00937091 0.00836318 0.00819151 0.00935965 0.00821222 0.0110544 0.00819528 
0.00455985 0.00387005 0.00385094 0 0.160831 0.00719472 0.00458111 0.0543638 0.00750192 0.00843992 0.00757087 0.106691 0.00712225 0.00818723 0.00817604 0.0184057 0.00972908 0.00964136 0.0111943 0.0099982 0.00947495 0.0126903 0.0178934 0.00907612 0.00974585 0.00931164 0.0106727 0.00910164 0.0106082 0.00964556 0.0141072 0.00866461 0.0083232 0.00883132 0.0212265 0.00846052 0.00938674 0.00832452 0.00837208 0.0084286 0.0110398 0.00930214 0.0085909 0.00903314 0.00838402 0.00974988 0.0111019 0.00864448 0.00871699 0.00957019 0.00854062 0.00853467 0.00831628 0.00854734 0.00832222 0.00978369 0.00830924 0.0083597 0.00827424 0.00867174 0.0094227 0.00834577 0.00847543 0.00833655 0.00868069 
0.0102335 0.00435658 0.0762596 0.160831 0 0.00401819 0.00432235 0.00661963 0.0169282 0.00980907 0.0341668 0.0068596 0.00942448 0.00758207 0.023521 0.0100168 0.00840029 0.0121713 0.00930445 0.00884665 0.0106067 0.0183545 0.0103096 0.00946669 0.0102262 0.00943973 0.00902168 0.0109585 0.00956985 0.0128618 0.00953152 0.00888512 0.00915328 0.0147066 0.0102902 0.0116837 0.0086002 0.0103947 0.0092198 0.0123244 0.0103541 0.00856712 0.00901907 0.0083062 0.00955225 0.0106065 0.00935313 0.00857556 0.00866416 0.00847624 0.00858503 0.00849485 0.00855099 0.00829141 0.0104285 0.00867488 0.00822466 0.00822132 0.00820807 0.00858666 0.00831706 0.00867446 0.00825076 0.010943 0.0101166 
0.00648529 0.0695965 0.157103 0.00719472 0.00401819 0 0.00399941 0.0065576 0.0326723 0.0160625 0.00670194 0.0152738 0.00716616 0.012405 0.00743494 0.00783547 0.0210459 0.00859829 0.00889762 0.0090788 0.0136709 0.00952201 0.00936257 0.0113774 0.00980908 0.00879273 0.00916439 0.00938914 0.0126052 0.00870846 0.00940878 0.00998759 0.00915187 0.00899613 0.0106433 0.0102688 0.00873178 0.00894841 0.00893637 0.00855546 0.00892529 0.0095177 0.00844351 0.00871364 0.00971124 0.00853563 0.0087653 0.00948329 0.00864622 0.00857488 0.00857496 0.00862206 0.00832254 0.00892869 0.00828655 0.00857571 0.00846971 0.00830281 0.00835856 0.00823616 0.00840726 0.00869746 0.00829099 0.00950451 0.00847441 
0.0833814 0.101674 0.00586963 0.00458111 0.00432235 0.00399941 0 0.0668162 0.00908509 0.00582154 0.00534376 0.00758975 0.00727396 0.00768902 0.0133447 0.0265018 0.00826364 0.00937867 0.00919099 0.00911353 0.00896463 0.012386 0.0266256 0.00953936 0.00907342 0.00928573 0.00901698 0.00944771 0.00930751 0.00988087 0.0196643 0.00931046 0.00845824 0.010277 0.0398111 0.00946507 0.0137296 0.00867329 0.00857485 0.00935649 0.0168909 0.00982051 0.00943399 0.00915177 0.00852 0.0111166 0.0172931 0.00904125 0.00875365 0.00916508 0.0086487 0.00861282 0.00859048 0.00853975 0.00862117 0.0112843 0.00839968 0.00846498 0.00826162 0.00850535 0.0126811 0.00875027 0.010061 0.00864031 0.0105968 
0.0106412 0.026008 0.00747795 0.0543638 0.00661963 0.0065576 0.0668162 0 0.00387343 0.00414998 0.00379452 0.00576564 0.00407436 0.017131 0.0071925 0.0108449 0.00792681 0.00784857 0.00955148 0.0103682 0.0236338 0.104632 0.019379 0.00957361 0.0113943 0.00992473 0.0137807 0.00986325 0.0183284 0.0145688 0.013561 0.00954302 0.0117058 0.0213584 0.0450286 0.00887093 0.0238118 0.00851638 0.0174033 0.0154031 0.0169444 0.0141472 0.0089826 0.0152374 0.00864407 0.0826459 0.0176216 0.010212 0.00987783 0.00961858 0.00967201 0.0101175 0.00873284 0.0109279 0.0099107 0.00934547 0.00961455 0.00840008 0.00831276 0.00983804 0.00953074 0.00827204 0.0145347 0.00878185 0.0261533 
0.0400855 0.00732363 0.0631919 0.00750192 0.0169282 0.0326723 0.00908509 0.00387343 0 0.00375569 0.00444027 0.00375653 0.0107772 0.00520764 0.00444121 0.00718105 0.00703237 0.0098016 0.00877458 0.0159368 0.0718736 0.0133163 0.00865226 0.0176378 0.00977509 0.0107533 0.00979515 0.0227052 0.0090249 0.0134539 0.00919932 0.00977903 0.00996349 0.0126259 0.00900106 0.0494683 0.00842255 0.023752 0.0087417 0.0112896 0.0111093 0.00943882 0.0208768 0.00857673 0.0582137 0.00840311 0.00968632 0.011905 0.0118638 0.0122528 0.0103099 0.00989639 0.0136049 0.00846926 0.00971589 0.00996597 0.00840115 0.00884408 0.00930251 0.00837563 0.0087158 0.0117876 0.00823796 0.0223013 0.0085502 
0.00754085 0.0559527 0.00703474 0.00843992 0.00980907 0.0160625 0.00582154 0.00414998 0.00375569 0 0.00374624 0.0044487 0.00376721 0.00410731 0.00381668 0.0061276 0.01678 0.00926097 0.0184704 0.0474916 0.0172983 0.0139032 0.0101712 0.00849687 0.0226655 0.0111691 0.0172018 0.0100549 0.017859 0.00852427 0.00898187 0.00843632 0.00872666 0.00869382 0.0222772 0.00838608 0.0842345 0.00847157 0.014387 0.00828371 0.00907998 0.0151342 0.00913448 0.105621 0.00854037 0.0157536 0.0122208 0.011813 0.0214494 0.0151058 0.0160167 0.0188891 0.00926594 0.014617 0.00831719 0.00865198 0.0115231 0.0105687 0.00923564 0.00912923 0.00893925 0.00830658 0.0396024 0.00841928 0.0136221 
0.0274799 0.00745857 0.0259551 0.00757087 0.0341668 0.00670194 0.00534376 0.00379452 0.00444027 0.00374624 0 0.00374312 0.00389888 0.0037476 0.00400044 0.00651101 0.00667298 0.0224177 0.0189508 0.0191277 0.0156032 0.00918544 0.0080485 0.0155772 0.00966432 0.0113269 0.00955355 0.0246058 0.00832369 0.0109102 0.00875505 0.00921224 0.00902265 0.0122037 0.00844158 0.0532604 0.00841771 0.0358203 0.0083065 0.0100534 0.0104447 0.0089041 0.0987727 0.00857868 0.0220296 0.00838205 0.00888327 0.011806 0.0161255 0.0188665 0.0133347 0.0112347 0.0212633 0.00848538 0.00963296 0.00998598 0.00856217 0.0106108 0.00961978 0.0086369 0.00826266 0.0132801 0.00837585 0.018928 0.00819311 
0.00776819 0.0273969 0.00781571 0.106691 0.0068596 0.0152738 0.00758975 0.00576564 0.00375653 0.0044487 0.00374312 0 0.00374641 0.00392343 0.00376014 0.00557051 0.012965 0.0147272 0.0585479 0.0116372 0.0106728 0.00814855 0.011111 0.00832343 0.01519 0.00986865 0.0132349 0.00922003 0.0177574 0.00823528 0.00888562 0.00838627 0.00880361 0.00922047 0.0215571 0.00838942 0.0519364 0.00833192 0.0120756 0.00832549 0.00883309 0.0654364 0.0100002 0.0490603 0.00850815 0.0108761 0.0121334 0.00983185 0.0167319 0.0144195 0.015381 0.0158135 0.0102069 0.0116307 0.00825633 0.00865474 0.0115863 0.0105224 0.00896516 0.00866466 0.0103701 0.00824545 0.0219957 0.00832837 0.0116388 
0.0372162 0.00853696 0.213028 0.00712225 0.00942448 0.00716616 0.00727396 0.00407436 0.0107772 0.00376721 0.00389888 0.00374641 0 0.00374118 0.00378762 0.00591846 0.0125161 0.0741572 0.0119851 0.00918826 0.00896124 0.00830042 0.00814399 0.0135656 0.00960112 0.00948271 0.00931612 0.0213218 0.00858279 0.00992725 0.00909602 0.00886214 0.0105281 0.0112743 0.00852808 0.0335623 0.00839351 0.0249645 0.00830791 0.00954717 0.03461 0.00875913 0.0394087 0.00865064 0.0141248 0.00835159 0.00963055 0.0111747 0.0160931 0.0136687 0.0112038 0.0111079 0.0150761 0.00862311 0.00889347 0.00940514 0.00905596 0.00984585 0.00894331 0.00842108 0.00825205 0.0108283 0.00826541 0.0138731 0.00823324 
0.00907129 0.433889 0.00765005 0.00818723 0.00758207 0.012405 0.00768902 0.017131 0.00520764 0.00410731 0.0037476 0.00392343 0.00374118 0 0.00434305 0.0209323 0.108319 0.0098069 0.00745267 0.00806553 0.00780453 0.00675109 0.0127531 0.0099896 0.0125814 0.01012 0.0122187 0.00949579 0.0234376 0.008075 0.010117 0.0153262 0.00880716 0.00856855 0.0197893 0.00839146 0.0216255 0.00839303 0.0107555 0.00836021 0.00894886 0.0203399 0.00970269 0.0206779 0.00851226 0.0103846 0.00953341 0.0128122 0.0114176 0.0108707 0.00975297 0.0101039 0.00842691 0.0112792 0.00828821 0.00888351 0.0108316 0.00867478 0.00868964 0.00847769 0.0087826 0.00832683 0.0125155 0.00824371 0.00991271 
0.2261 0.00847737 0.0382719 0.00817604 0.023521 0.00743494 0.0133447 0.0071925 0.00444121 0.00381668 0.00400044 0.00376014 0.00378762 0.00434305 0 0.104267 0.0144212 0.0180804 0.00626427 0.0103035 0.00788088 0.0094803 0.0126142 0.00882947 0.00845464 0.008615 0.00844803 0.0110999 0.00898843 0.0171921 0.0135665 0.00869963 0.00867531 0.0110542 0.0125612 0.0116716 0.00839463 0.00974653 0.00838764 0.00934651 0.0141844 0.00876102 0.0124391 0.00856773 0.00999076 0.00904377 0.0121166 0.00892515 0.00946638 0.00906095 0.00882619 0.00861174 0.00888193 0.00829381 0.00888607 0.0105368 0.00827137 0.00829178 0.00833162 0.00875369 0.00897711 0.00881444 0.00821963 0.0101804 0.00858126 
0.0147599 0.00915107 0.0102697 0.0184057 0.0100168 0.00783547 0.0265018 0.0108449 0.00718105 0.0061276 0.00651101 0.00557051 0.00591846 0.0209323 0.104267 0 0.00421813 0.00378411 0.00377645 0.00379638 0.00401875 0.00475928 0.00560303 0.00667879 0.00734204 0.00757637 0.00775802 0.0276364 0.141545 0.331197 0.00832732 0.00815296 0.0109832 0.0345002 0.0119593 0.0113464 0.00993909 0.0100426 0.00980503 0.019539 0.0114901 0.00957297 0.0111259 0.0100808 0.0117503 0.0218914 0.0103104 0.00974358 0.0109623 0.0114561 0.0116545 0.0102093 0.017272 0.00953641 0.0143969 0.00969355 0.00914489 0.00905612 0.00946264 0.0130342 0.00850076 0.00858795 0.00908868 0.0119314 0.0140594 
0.00892549 0.0324685 0.0148151 0.00972908 0.00840029 0.0210459 0.00826364 0.00792681 0.00703237 0.01678 0.00667298 0.012965 0.0125161 0.108319 0.0144212 0.00421813 0 0.00375485 0.00376337 0.0037595 0.00511871 0.003784 0.00596179 0.00940673 0.0102754 0.00790813 0.0632551 0.130885 0.633354 0.00786187 0.0077689 0.00905615 0.0176341 0.00871904 0.0118525 0.0105602 0.0155161 0.00901948 0.0224012 0.00879405 0.00896961 0.0202476 0.0118173 0.0229362 0.0157864 0.0140231 0.0108636 0.0177929 0.025998 0.0183806 0.018113 0.0261829 0.0139135 0.0230611 0.0103896 0.0102393 0.0133207 0.0125927 0.0140521 0.00921856 0.0085058 0.00899592 0.0123794 0.0101394 0.00913848 
0.011889 0.00989766 0.0170713 0.00964136 0.0121713 0.00859829 0.00937867 0.00784857 0.0098016 0.00926097 0.0224177 0.0147272 0.0741572 0.0098069 0.0180804 0.00378411 0.00375485 0 0.00375144 0.00375917 0.00377526 0.00382948 0.00545486 0.0108113 0.0122562 0.0246012 0.143276 0.659613 0.0103639 0.00772425 0.00943702 0.00885294 0.0126568 0.00920223 0.0094297 0.015616 0.0109622 0.0172994 0.00930854 0.00937511 0.0098706 0.0119516 0.0427333 0.020907 0.0197742 0.0103065 0.0106777 0.0179432 0.0376192 0.0399751 0.0390547 0.0486793 0.0417283 0.0114514 0.0105989 0.0101828 0.0136538 0.0224371 0.0142836 0.00923693 0.00859721 0.0114724 0.011744 0.0119413 0.00876997 
0.0102517 0.0149032 0.0108903 0.0111943 0.00930445 0.00889762 0.00919099 0.00955148 0.00877458 0.0184704 0.0189508 0.0585479 0.0119851 0.00745267 0.00626427 0.00377645 0.00376337 0.00375144 0 0.00374924 0.00376345 0.00378087 0.00518394 0.0107299 0.0205649 0.221656 0.565268 0.0149343 0.0132808 0.0151601 0.00791366 0.00818479 0.00844013 0.00910389 0.0108035 0.0115662 0.0184443 0.0129038 0.0114541 0.00879197 0.0101609 0.0175587 0.0456837 0.0364798 0.015314 0.0110412 0.0118495 0.019953 0.0510894 0.0541968 0.0465861 0.0634417 0.0274749 0.0165825 0.00935696 0.0105518 0.0175818 0.0200363 0.0180679 0.00983151 0.00926677 0.00988092 0.0165012 0.012153 0.0091855 
0.0184767 0.0127782 0.0122464 0.0099982 0.00884665 0.0090788 0.00911353 0.0103682 0.0159368 0.0474916 0.0191277 0.0116372 0.00918826 0.00806553 0.0103035 0.00379638 0.0037595 0.00375917 0.00374924 0 0.00384142 0.00375628 0.00499421 0.00896646 0.735309 0.143256 0.0129576 0.0155259 0.0102098 0.00726062 0.00760705 0.00795776 0.00916973 0.00879598 0.0104821 0.0117954 0.0211332 0.0109196 0.00936569 0.00857722 0.0130147 0.018941 0.0248955 0.0286655 0.0127659 0.0104412 0.0118334 0.0173432 0.0510845 0.0418187 0.0449398 0.0348759 0.0215887 0.0138483 0.00912807 0.0100363 0.0136197 0.0201336 0.0117542 0.00912522 0.00913201 0.0093664 0.0144364 0.00939278 0.00882574 
0.012182 0.0134536 0.0132291 0.00947495 0.0106067 0.0136709 0.00896463 0.0236338 0.0718736 0.0172983 0.0156032 0.0106728 0.00896124 0.00780453 0.00788088 0.00401875 0.00511871 0.00377526 0.00376345 0.00384142 0 0.00374747 0.00587012 0.911794 0.0785571 0.0105866 0.00940445 0.0172567 0.00943232 0.0072728 0.00832587 0.00961252 0.00850244 0.00867138 0.0116811 0.0216649 0.00959872 0.01008 0.00952392 0.00884245 0.0128247 0.0160737 0.0196364 0.0119636 0.0199923 0.00954869 0.0112014 0.0217363 0.0309476 0.0339733 0.0218315 0.0156425 0.0148383 0.0112378 0.00905666 0.0121113 0.0137297 0.0114156 0.0124089 0.00928879 0.00891986 0.0114141 0.00898579 0.012477 0.00860213 
0.0177347 0.0102782 0.00950577 0.0126903 0.0183545 0.00952201 0.012386 0.104632 0.0133163 0.0139032 0.00918544 0.00814855 0.00830042 0.00675109 0.0094803 0.00475928 0.003784 0.00382948 0.00378087 0.00375628 0.00374747 0 0.920861 0.0456271 0.0214696 0.00517317 0.00720092 0.00741855 0.00838042 0.00749604 0.0205587 0.00925739 0.00754267 0.00875793 0.0723629 0.0105262 0.0106638 0.00946195 0.00882434 0.0102484 0.0226993 0.0130661 0.0106995 0.011929 0.00993623 0.0126797 0.0317568 0.0132481 0.0126663 0.0142798 0.0109208 0.0112647 0.00911702 0.00947116 0.0103927 0.0207983 0.00975956 0.00896944 0.00927368 0.0100941 0.0179685 0.00934894 0.00944246 0.0093054 0.0112687 
0.0103083 0.00975213 0.00903633 0.0178934 0.0103096 0.00936257 0.0266256 0.019379 0.00865226 0.0101712 0.0080485 0.011111 0.00814399 0.0127531 0.0126142 0.00560303 0.00596179 0.00545486 0.00518394 0.00499421 0.00587012 0.920861 0 0.00382148 0.00378316 0.00379302 0.00377958 0.00384255 0.00447324 0.00650704 0.0061139 0.00624481 0.00726882 0.0204584 0.0172873 0.00927586 0.013226 0.0139869 0.0113298 0.0180469 0.0111131 0.010597 0.00932061 0.010755 0.00916385 0.0464097 0.0127015 0.0106857 0.0102969 0.0102868 0.0103085 0.0120579 0.0094831 0.0151796 0.0132593 0.0102657 0.00906438 0.00881666 0.00868206 0.0111541 0.00862246 0.00857223 0.00942336 0.00951715 0.0207635 
0.012826 0.00939764 0.0180918 0.00907612 0.00946669 0.0113774 0.00953936 0.00957361 0.0176378 0.00849687 0.0155772 0.00832343 0.0135656 0.0099896 0.00882947 0.00667879 0.00940673 0.0108113 0.0107299 0.00896646 0.911794 0.0456271 0.00382148 0 0.00377879 0.00374757 0.0037716 0.00409216 0.00663648 0.00409884 0.00597358 0.00705453 0.0106005 0.00822947 0.00938327 0.028031 0.0121517 0.0155206 0.00952165 0.00983442 0.0104003 0.0120634 0.0209752 0.0100118 0.0280997 0.00947098 0.0117739 0.0181696 0.0214038 0.0194929 0.0187515 0.0165602 0.0253501 0.0110596 0.0107354 0.0100717 0.00989815 0.011385 0.0124956 0.00932323 0.00851423 0.0101895 0.00954058 0.0172542 0.00921329 
0.00989463 0.0204994 0.0105531 0.00974585 0.0102262 0.00980908 0.00907342 0.0113943 0.00977509 0.0226655 0.00966432 0.01519 0.00960112 0.0125814 0.00845464 0.00734204 0.0102754 0.0122562 0.0205649 0.735309 0.0785571 0.0214696 0.00378316 0.00377879 0 0.00374885 0.0037425 0.0037014 0.00374608 0.0037876 0.00657159 0.00809743 0.00720776 0.0072648 0.0187315 0.0179229 0.0284483 0.0103373 0.0113975 0.0090893 0.00976447 0.0177232 0.0172032 0.0388704 0.0114996 0.0106846 0.0118098 0.0223358 0.0484332 0.0432996 0.0458039 0.0480632 0.0211038 0.0170578 0.00967197 0.0104835 0.0171923 0.0188212 0.0138924 0.00954766 0.00891316 0.00951831 0.0260247 0.0105246 0.00954222 
0.0111332 0.0106721 0.0109344 0.00931164 0.00943973 0.00879273 0.00928573 0.00992473 0.0107533 0.0111691 0.0113269 0.00986865 0.00948271 0.01012 0.008615 0.00757637 0.00790813 0.0246012 0.221656 0.143256 0.0105866 0.00517317 0.00379302 0.00374757 0.00374885 0 0.0037457 0.00377978 0.00377809 0.00377735 0.00572888 0.006207 0.00886269 0.0154835 0.0177258 0.0116472 0.0110803 0.0120473 0.00924114 0.00873576 0.00992191 0.0105712 0.0282887 0.0162211 0.0162715 0.010151 0.0109613 0.0157942 0.0460129 0.0350878 0.030686 0.0303778 0.0220301 0.0125967 0.00977612 0.0105518 0.0121774 0.0227202 0.0112555 0.00934596 0.00887472 0.0100855 0.0128635 0.0107476 0.00930882 
0.0100474 0.0165686 0.0100104 0.0106727 0.00902168 0.00916439 0.00901698 0.0137807 0.00979515 0.0172018 0.00955355 0.0132349 0.00931612 0.0122187 0.00844803 0.00775802 0.0632551 0.143276 0.565268 0.0129576 0.00940445 0.00720092 0.00377958 0.0037716 0.0037425 0.0037457 0 0.00374949 0.00377417 0.00376477 0.0078398 0.0061573 0.0108051 0.754981 0.0115998 0.00907937 0.015116 0.00915293 0.0101702 0.00892071 0.00993734 0.0223455 0.0149003 0.0289089 0.0102042 0.0129075 0.0127171 0.0235423 0.0466792 0.0473712 0.0362988 0.0453674 0.0201854 0.0173126 0.00964094 0.0111202 0.0206362 0.017078 0.0151861 0.00913202 0.00915577 0.00971613 0.0231472 0.0107726 0.00955945 
0.0131095 0.0118814 0.0205304 0.00910164 0.0109585 0.00938914 0.00944771 0.00986325 0.0227052 0.0100549 0.0246058 0.00922003 0.0213218 0.00949579 0.0110999 0.0276364 0.130885 0.659613 0.0149343 0.0155259 0.0172567 0.00741855 0.00384255 0.00409216 0.0037014 0.00377978 0.00374949 0 0.00374694 0.003845 0.00520742 0.0139333 0.907068 0.0163875 0.0093664 0.0186034 0.0103868 0.0174418 0.00961813 0.0101549 0.0113834 0.0129992 0.065907 0.0131407 0.0361666 0.00957477 0.0119872 0.0290608 0.0587874 0.0506575 0.0363149 0.0258876 0.0644516 0.0103377 0.0112441 0.0124516 0.0136899 0.0362241 0.0138304 0.0104255 0.00886093 0.0160068 0.0111813 0.0238244 0.00888061 
0.00888541 0.0265842 0.00969544 0.0106082 0.00956985 0.0126052 0.00930751 0.0183284 0.0090249 0.017859 0.00832369 0.0177574 0.00858279 0.0234376 0.00898843 0.141545 0.633354 0.0103639 0.0132808 0.0102098 0.00943232 0.00838042 0.00447324 0.00663648 0.00374608 0.00377809 0.00377417 0.00374694 0 0.00379231 0.0252836 0.894779 0.0195315 0.00863043 0.0230947 0.0101277 0.0141651 0.00840419 0.0182891 0.00831746 0.0113221 0.0308807 0.00984473 0.0334169 0.0105609 0.0164023 0.0136381 0.0190064 0.0250441 0.024828 0.020325 0.0296045 0.0103962 0.02758 0.009062 0.0116277 0.0235401 0.0103755 0.0155797 0.0128299 0.0103819 0.00906778 0.0162882 0.00930042 0.0139679 
0.0174692 0.00868833 0.009969 0.00964556 0.0128618 0.00870846 0.00988087 0.0145688 0.0134539 0.00852427 0.0109102 0.00823528 0.00992725 0.008075 0.0171921 0.331197 0.00786187 0.00772425 0.0151601 0.00726062 0.0072728 0.00749604 0.00650704 0.00409884 0.0037876 0.00377735 0.00376477 0.003845 0.00379231 0 0.978869 0.016142 0.00713947 0.0058843 0.0129451 0.010897 0.00797247 0.0105653 0.00759505 0.0113637 0.0256274 0.00914807 0.0126943 0.00837472 0.0177613 0.00939255 0.0143124 0.0110521 0.0107865 0.01191 0.0113674 0.00922592 0.00986673 0.00865684 0.0115223 0.0168696 0.00876298 0.00907578 0.00885403 0.011919 0.0124002 0.0108702 0.0085195 0.0111331 0.00876773 
0.00953546 0.00862301 0.00876035 0.0141072 0.00953152 0.00940878 0.0196643 0.013561 0.00919932 0.00898187 0.00875505 0.00888562 0.00909602 0.010117 0.0135665 0.00832732 0.0077689 0.00943702 0.00791366 0.00760705 0.00832587 0.0205587 0.0061139 0.00597358 0.00657159 0.00572888 0.0078398 0.00520742 0.0252836 0.978869 0 0.0108956 0.00409009 0.00727284 0.010016 0.00717592 0.0132925 0.0286386 0.0190302 0.0362267 0.00864856 0.0083833 0.00820357 0.00940923 0.00872566 0.020851 0.00995185 0.00868139 0.00869342 0.00901893 0.0085091 0.00859097 0.00854981 0.00869296 0.013083 0.00887758 0.00847164 0.00823985 0.00846125 0.0104993 0.00867637 0.00866047 0.00869644 0.0101281 0.0188481 
0.00890284 0.0085176 0.00959238 0.00866461 0.00888512 0.00998759 0.00931046 0.00954302 0.00977903 0.00843632 0.00921224 0.00838627 0.00886214 0.0153262 0.00869963 0.00815296 0.00905615 0.00885294 0.00818479 0.00795776 0.00961252 0.00925739 0.00624481 0.00705453 0.00809743 0.006207 0.0061573 0.0139333 0.894779 0.016142 0.0108956 0 0.0113972 0.00400551 0.00699508 0.0102821 0.0284013 0.0105717 0.0118196 0.0076365 0.00797892 0.00819456 0.00860949 0.00801518 0.0184176 0.00879028 0.00907813 0.00910944 0.0102739 0.00869325 0.00910969 0.00877373 0.00880798 0.00893968 0.00883309 0.00866025 0.00859369 0.00862529 0.00857235 0.00836857 0.00844912 0.00865285 0.00838051 0.0105178 0.00890065 
0.00914572 0.00916845 0.00868163 0.0083232 0.00915328 0.00915187 0.00845824 0.0117058 0.00996349 0.00872666 0.00902265 0.00880361 0.0105281 0.00880716 0.00867531 0.0109832 0.0176341 0.0126568 0.00844013 0.00916973 0.00850244 0.00754267 0.00726882 0.0106005 0.00720776 0.00886269 0.0108051 0.907068 0.0195315 0.00713947 0.00409009 0.0113972 0 0.00491123 0.01296 0.0385758 0.010573 0.0128484 0.00780145 0.00664672 0.00808613 0.00985216 0.0082086 0.0112642 0.00855581 0.00830609 0.00933533 0.0173036 0.00885384 0.00899007 0.00917476 0.00896281 0.00876621 0.00882147 0.00848168 0.00909721 0.00928472 0.00850262 0.0085806 0.00827212 0.00881725 0.00921691 0.00855666 0.0099296 0.008383 
0.0197043 0.00863479 0.00894289 0.00883132 0.0147066 0.00899613 0.010277 0.0213584 0.0126259 0.00869382 0.0122037 0.00922047 0.0112743 0.00856855 0.0110542 0.0345002 0.00871904 0.00920223 0.00910389 0.00879598 0.00867138 0.00875793 0.0204584 0.00822947 0.0072648 0.0154835 0.754981 0.0163875 0.00863043 0.0058843 0.00727284 0.00400551 0.00491123 0 0.0509505 0.0103192 0.00640042 0.00650388 0.00598505 0.00672771 0.0160466 0.00886085 0.0119682 0.00764842 0.00845938 0.01075 0.039038 0.0110609 0.00973476 0.00994183 0.00930926 0.00941493 0.00906983 0.00871083 0.0117923 0.0195693 0.00918648 0.0084984 0.00857952 0.00991956 0.0163906 0.010789 0.00885242 0.0119009 0.00939123 
0.00918573 0.0134325 0.00861087 0.0212265 0.0102902 0.0106433 0.0398111 0.0450286 0.00900106 0.0222772 0.00844158 0.0215571 0.00852808 0.0197893 0.0125612 0.0119593 0.0118525 0.0094297 0.0108035 0.0104821 0.0116811 0.0723629 0.0172873 0.00938327 0.0187315 0.0177258 0.0115998 0.0093664 0.0230947 0.0129451 0.010016 0.00699508 0.01296 0.0509505 0 0.00382357 0.00422861 0.00382693 0.00697727 0.00492057 0.00685355 0.00763135 0.00714427 0.0115126 0.0143686 0.898867 0.022976 0.0130546 0.011513 0.0106923 0.0119812 0.0128801 0.00964616 0.0143947 0.0142598 0.0140778 0.0122022 0.00874743 0.00909685 0.0165265 0.0139133 0.00899898 0.0211401 0.010386 0.0741637 
0.0185464 0.0083152 0.0204771 0.00846052 0.0116837 0.0102688 0.00946507 0.00887093 0.0494683 0.00838608 0.0532604 0.00838942 0.0335623 0.00839146 0.0116716 0.0113464 0.0105602 0.015616 0.0115662 0.0117954 0.0216649 0.0105262 0.00927586 0.028031 0.0179229 0.0116472 0.00907937 0.0186034 0.0101277 0.010897 0.00717592 0.0102821 0.0385758 0.0103192 0.00382357 0 0.00379287 0.00436258 0.00392019 0.00400731 0.00644454 0.006761 0.012149 0.00858761 0.916043 0.010124 0.0093685 0.0185772 0.0125652 0.0147961 0.0113141 0.0105929 0.0168316 0.00866445 0.0130486 0.0117475 0.00953911 0.0107047 0.0116084 0.00890454 0.00947156 0.0243403 0.00865431 0.0889789 0.00912402 
0.00823884 0.0315786 0.00825565 0.00938674 0.0086002 0.00873178 0.0137296 0.0238118 0.00842255 0.0842345 0.00841771 0.0519364 0.00839351 0.0216255 0.00839463 0.00993909 0.0155161 0.0109622 0.0184443 0.0211332 0.00959872 0.0106638 0.013226 0.0121517 0.0284483 0.0110803 0.015116 0.0103868 0.0141651 0.00797247 0.0132925 0.0284013 0.010573 0.00640042 0.00422861 0.00379287 0 0.00380625 0.00395986 0.0038207 0.00474667 0.00957675 0.00888135 0.951892 0.00768428 0.0137516 0.0133542 0.010951 0.0146671 0.0111327 0.0112464 0.0151494 0.00865382 0.0181426 0.00833932 0.00960459 0.0150745 0.0109339 0.00945136 0.00901748 0.0107635 0.00864223 0.104566 0.00865989 0.0213359 
0.0122103 0.00840172 0.0109676 0.00832452 0.0103947 0.00894841 0.00867329 0.00851638 0.023752 0.00847157 0.0358203 0.00833192 0.0249645 0.00839303 0.00974653 0.0100426 0.00901948 0.0172994 0.0129038 0.0109196 0.01008 0.00946195 0.0139869 0.0155206 0.0103373 0.0120473 0.00915293 0.0174418 0.00840419 0.0105653 0.0286386 0.0105717 0.0128484 0.00650388 0.00382693 0.00436258 0.00380625 0 0.0037598 0.00382109 0.00595654 0.00652026 0.951816 0.00643052 0.0162708 0.00635416 0.00908899 0.0117607 0.0113499 0.0120196 0.0097345 0.0105694 0.015291 0.00841721 0.0105304 0.010508 0.00870309 0.0118516 0.011244 0.00849249 0.0089143 0.0271235 0.00862481 0.0229678 0.00848306 
0.00840816 0.0120242 0.00834524 0.00837208 0.0092198 0.00893637 0.00857485 0.0174033 0.0087417 0.014387 0.0083065 0.0120756 0.00830791 0.0107555 0.00838764 0.00980503 0.0224012 0.00930854 0.0114541 0.00936569 0.00952392 0.00882434 0.0113298 0.00952165 0.0113975 0.00924114 0.0101702 0.00961813 0.0182891 0.00759505 0.0190302 0.0118196 0.00780145 0.00598505 0.00697727 0.00392019 0.00395986 0.0037598 0 0.00403092 0.0157504 0.933472 0.00518016 0.0116211 0.00595221 0.00672132 0.00973856 0.0206794 0.0107272 0.0097612 0.0113816 0.00962554 0.00804853 0.0132932 0.00811753 0.0098674 0.0135188 0.00853233 0.00885698 0.00838613 0.0122502 0.00912962 0.0144764 0.00929623 0.0103215 
0.0112777 0.00836419 0.00840799 0.0084286 0.0123244 0.00855546 0.00935649 0.0154031 0.0112896 0.00828371 0.0100534 0.00832549 0.00954717 0.00836021 0.00934651 0.019539 0.00879405 0.00937511 0.00879197 0.00857722 0.00884245 0.0102484 0.0180469 0.00983442 0.0090893 0.00873576 0.00892071 0.0101549 0.00831746 0.0113637 0.0362267 0.0076365 0.00664672 0.00672771 0.00492057 0.00400731 0.0038207 0.00382109 0.00403092 0 0.888738 0.00441533 0.00574222 0.00446149 0.00497264 0.00542819 0.0121022 0.00949046 0.0082654 0.00901746 0.00826469 0.00882642 0.00849485 0.00816884 0.00911952 0.0164065 0.00888881 0.00827314 0.0082923 0.00928802 0.0148807 0.010642 0.00878301 0.0113219 0.00935867 
0.0116681 0.00846729 0.00891717 0.0110398 0.0103541 0.00892529 0.0168909 0.0169444 0.0111093 0.00907998 0.0104447 0.00883309 0.03461 0.00894886 0.0141844 0.0114901 0.00896961 0.0098706 0.0101609 0.0130147 0.0128247 0.0226993 0.0111131 0.0104003 0.00976447 0.00992191 0.00993734 0.0113834 0.0113221 0.0256274 0.00864856 0.00797892 0.00808613 0.0160466 0.00685355 0.00644454 0.00474667 0.00595654 0.0157504 0.888738 0 0.00381305 0.00380364 0.00378087 0.00416863 0.00442431 0.00874487 0.00937414 0.00907612 0.00946686 0.0118796 0.0442549 0.0339405 0.0109914 0.0309482 0.0164002 0.00958663 0.00855469 0.00908211 0.0142286 0.0118357 0.0111833 0.0104793 0.0216684 0.0197991 
0.00842698 0.0119116 0.0089101 0.00930214 0.00856712 0.0095177 0.00982051 0.0141472 0.00943882 0.0151342 0.0089041 0.0654364 0.00875913 0.0203399 0.00876102 0.00957297 0.0202476 0.0119516 0.0175587 0.018941 0.0160737 0.0130661 0.010597 0.0120634 0.0177232 0.0105712 0.0223455 0.0129992 0.0308807 0.00914807 0.0083833 0.00819456 0.00985216 0.00886085 0.00763135 0.006761 0.00957675 0.00652026 0.933472 0.00441533 0.00381305 0 0.00379998 0.00377663 0.00386397 0.00384625 0.00757214 0.0138919 0.0100767 0.0114879 0.0627142 0.0374944 0.0170867 0.0364533 0.0110608 0.0103002 0.0180065 0.00970513 0.0128707 0.0098232 0.00984471 0.0108201 0.0211419 0.0122164 0.0265108 
0.00993103 0.00850173 0.0163832 0.0085909 0.00901907 0.00844351 0.00943399 0.0089826 0.0208768 0.00913448 0.0987727 0.0100002 0.0394087 0.00970269 0.0124391 0.0111259 0.0118173 0.0427333 0.0456837 0.0248955 0.0196364 0.0106995 0.00932061 0.0209752 0.0172032 0.0282887 0.0149003 0.065907 0.00984473 0.0126943 0.00820357 0.00860949 0.0082086 0.0119682 0.00714427 0.012149 0.00888135 0.951816 0.00518016 0.00574222 0.00380364 0.00379998 0 0.00385093 0.00382489 0.00376166 0.00985198 0.00994 0.0145133 0.0693364 0.0341819 0.0217863 0.0436013 0.00815969 0.0222835 0.0100552 0.0103163 0.0177164 0.0149829 0.00949702 0.00928979 0.0189191 0.00948305 0.0525169 0.00892639 
0.00827739 0.0242971 0.00843857 0.00903314 0.0083062 0.00871364 0.00915177 0.0152374 0.00857673 0.105621 0.00857868 0.0490603 0.00865064 0.0206779 0.00856773 0.0100808 0.0229362 0.020907 0.0364798 0.0286655 0.0119636 0.011929 0.010755 0.0100118 0.0388704 0.0162211 0.0289089 0.0131407 0.0334169 0.00837472 0.00940923 0.00801518 0.0112642 0.00764842 0.0115126 0.00858761 0.951892 0.00643052 0.0116211 0.00446149 0.00378087 0.00377663 0.00385093 0 0.00374794 0.0038492 0.00666278 0.0100976 0.0467904 0.0421195 0.0166359 0.025998 0.00736605 0.0152128 0.00756476 0.00924981 0.0224251 0.0157127 0.00957316 0.0093733 0.0102297 0.00885684 0.0787569 0.00881662 0.0162417 
0.010604 0.00849076 0.0136243 0.00838402 0.00955225 0.00971124 0.00852 0.00864407 0.0582137 0.00854037 0.0220296 0.00850815 0.0141248 0.00851226 0.00999076 0.0117503 0.0157864 0.0197742 0.015314 0.0127659 0.0199923 0.00993623 0.00916385 0.0280997 0.0114996 0.0162715 0.0102042 0.0361666 0.0105609 0.0177613 0.00872566 0.0184176 0.00855581 0.00845938 0.0143686 0.916043 0.00768428 0.0162708 0.00595221 0.00497264 0.00416863 0.00386397 0.00382489 0.00374794 0 0.00376556 0.00657376 0.0744236 0.0436432 0.0173736 0.0152347 0.00842606 0.0112708 0.00758034 0.00914488 0.0113379 0.0154342 0.010896 0.0169605 0.00989923 0.00913061 0.0466758 0.00864854 0.0528406 0.00865219 
0.00870547 0.00985897 0.00841754 0.00974988 0.0106065 0.00853563 0.0111166 0.0826459 0.00840311 0.0157536 0.00838205 0.0108761 0.00835159 0.0103846 0.00904377 0.0218914 0.0140231 0.0103065 0.0110412 0.0104412 0.00954869 0.0126797 0.0464097 0.00947098 0.0106846 0.010151 0.0129075 0.00957477 0.0164023 0.00939255 0.020851 0.00879028 0.00830609 0.01075 0.898867 0.010124 0.0137516 0.00635416 0.00672132 0.00542819 0.00442431 0.00384625 0.00376166 0.0038492 0.00376556 0 0.0504913 0.0460247 0.0128526 0.0123075 0.0084665 0.012116 0.0065658 0.010297 0.00766531 0.0200371 0.0147088 0.00835966 0.00844356 0.0119857 0.032848 0.00923763 0.0170104 0.00897818 0.0331743 
0.00986103 0.00946664 0.00915213 0.0111019 0.00935313 0.0087653 0.0172931 0.0176216 0.00968632 0.0122208 0.00888327 0.0121334 0.00963055 0.00953341 0.0121166 0.0103104 0.0108636 0.0106777 0.0118495 0.0118334 0.0112014 0.0317568 0.0127015 0.0117739 0.0118098 0.0109613 0.0127171 0.0119872 0.0136381 0.0143124 0.00995185 0.00907813 0.00933533 0.039038 0.022976 0.0093685 0.0133542 0.00908899 0.00973856 0.0121022 0.00874487 0.00757214 0.00985198 0.00666278 0.00657376 0.0504913 0 0.00387203 0.0037881 0.00379957 0.00383548 0.0038269 0.00405602 0.0110791 0.00552947 0.00980868 0.00786454 0.00946131 0.00761759 0.0268753 0.0120093 0.0102401 0.0492623 0.0165433 0.051198 
0.00870943 0.010166 0.018468 0.00864448 0.00857556 0.00948329 0.00904125 0.010212 0.011905 0.011813 0.011806 0.00983185 0.0111747 0.0128122 0.00892515 0.00974358 0.0177929 0.0179432 0.019953 0.0173432 0.0217363 0.0132481 0.0106857 0.0181696 0.0223358 0.0157942 0.0235423 0.0290608 0.0190064 0.0110521 0.00868139 0.00910944 0.0173036 0.0110609 0.0130546 0.0185772 0.010951 0.0117607 0.0206794 0.00949046 0.00937414 0.0138919 0.00994 0.0100976 0.0744236 0.0460247 0.00387203 0 0.00379323 0.00380067 0.00376656 0.00395823 0.0039404 0.00455543 0.0046164 0.00930001 0.00946754 0.00848609 0.0260793 0.00897538 0.00996233 0.0403484 0.0201735 0.0445878 0.0131839 
0.0086595 0.010852 0.0103031 0.00871699 0.00866416 0.00864622 0.00875365 0.00987783 0.0118638 0.0214494 0.0161255 0.0167319 0.0160931 0.0114176 0.00946638 0.0109623 0.025998 0.0376192 0.0510894 0.0510845 0.0309476 0.0126663 0.0102969 0.0214038 0.0484332 0.0460129 0.0466792 0.0587874 0.0250441 0.0107865 0.00869342 0.0102739 0.00885384 0.00973476 0.011513 0.0125652 0.0146671 0.0113499 0.0107272 0.0082654 0.00907612 0.0100767 0.0145133 0.0467904 0.0436432 0.0128526 0.0037881 0.00379323 0 0.00378642 0.00382471 0.00381677 0.00380385 0.00389215 0.00395036 0.00909974 0.00975853 0.0207517 0.0154005 0.0087457 0.0169526 0.0278975 0.0259027 0.0174265 0.0116559 
0.00905522 0.0104756 0.00992369 0.00957019 0.00847624 0.00857488 0.00916508 0.00961858 0.0122528 0.0151058 0.0188665 0.0144195 0.0136687 0.0108707 0.00906095 0.0114561 0.0183806 0.0399751 0.0541968 0.0418187 0.0339733 0.0142798 0.0102868 0.0194929 0.0432996 0.0350878 0.0473712 0.0506575 0.024828 0.01191 0.00901893 0.00869325 0.00899007 0.00994183 0.0106923 0.0147961 0.0111327 0.0120196 0.0097612 0.00901746 0.00946686 0.0114879 0.0693364 0.0421195 0.0173736 0.0123075 0.00379957 0.00380067 0.00378642 0 0.00374961 0.00379354 0.00376662 0.00378826 0.00402649 0.00794676 0.0404234 0.0148108 0.0101483 0.0453408 0.0217554 0.0183815 0.0124505 0.0186123 0.0121349 
0.00871526 0.00994162 0.00942635 0.00854062 0.00858503 0.00857496 0.0086487 0.00967201 0.0103099 0.0160167 0.0133347 0.015381 0.0112038 0.00975297 0.00882619 0.0116545 0.018113 0.0390547 0.0465861 0.0449398 0.0218315 0.0109208 0.0103085 0.0187515 0.0458039 0.030686 0.0362988 0.0363149 0.020325 0.0113674 0.0085091 0.00910969 0.00917476 0.00930926 0.0119812 0.0113141 0.0112464 0.0097345 0.0113816 0.00826469 0.0118796 0.0627142 0.0341819 0.0166359 0.0152347 0.0084665 0.00383548 0.00376656 0.00382471 0.00374961 0 0.00375182 0.00378022 0.00377021 0.00377969 0.0413576 0.0130975 0.0102766 0.0476072 0.241563 0.00999979 0.0103612 0.0118386 0.0109523 0.0250313 
0.0084761 0.0119984 0.00887697 0.00853467 0.00849485 0.00862206 0.00861282 0.0101175 0.00989639 0.0188891 0.0112347 0.0158135 0.0111079 0.0101039 0.00861174 0.0102093 0.0261829 0.0486793 0.0634417 0.0348759 0.0156425 0.0112647 0.0120579 0.0165602 0.0480632 0.0303778 0.0453674 0.0258876 0.0296045 0.00922592 0.00859097 0.00877373 0.00896281 0.00941493 0.0128801 0.0105929 0.0151494 0.0105694 0.00962554 0.00882642 0.0442549 0.0374944 0.0217863 0.025998 0.00842606 0.012116 0.0038269 0.00395823 0.00381677 0.00379354 0.00375182 0 0.00374589 0.00374187 0.00415388 0.0087771 0.00921288 0.0406291 0.326265 0.0631007 0.00865453 0.00941261 0.012563 0.0123105 0.0128629 
0.00873254 0.00838806 0.0100952 0.00831628 0.00855099 0.00832254 0.00859048 0.00873284 0.0136049 0.00926594 0.0212633 0.0102069 0.0150761 0.00842691 0.00888193 0.017272 0.0139135 0.0417283 0.0274749 0.0215887 0.0148383 0.00911702 0.0094831 0.0253501 0.0211038 0.0220301 0.0201854 0.0644516 0.0103962 0.00986673 0.00854981 0.00880798 0.00876621 0.00906983 0.00964616 0.0168316 0.00865382 0.015291 0.00804853 0.00849485 0.0339405 0.0170867 0.0436013 0.00736605 0.0112708 0.0065658 0.00405602 0.0039404 0.00380385 0.00376662 0.00378022 0.00374589 0 0.00417104 0.00376245 0.0174138 0.0168176 0.401327 0.0668266 0.006219 0.00748689 0.010656 0.00813378 0.016987 0.00856866 
0.00819897 0.0110033 0.00846391 0.00854734 0.00829141 0.00892869 0.00853975 0.0109279 0.00846926 0.014617 0.00848538 0.0116307 0.00862311 0.0112792 0.00829381 0.00953641 0.0230611 0.0114514 0.0165825 0.0138483 0.0112378 0.00947116 0.0151796 0.0110596 0.0170578 0.0125967 0.0173126 0.0103377 0.02758 0.00865684 0.00869296 0.00893968 0.00882147 0.00871083 0.0143947 0.00866445 0.0181426 0.00841721 0.0132932 0.00816884 0.0109914 0.0364533 0.00815969 0.0152128 0.00758034 0.010297 0.0110791 0.00455543 0.00389215 0.00378826 0.00377021 0.00374187 0.00417104 0 0.00388048 0.0213162 0.806732 0.0261118 0.00641422 0.00620814 0.0186284 0.0095462 0.0165645 0.00873484 0.0143878 
0.0100281 0.00827113 0.00847659 0.00832222 0.0104285 0.00828655 0.00862117 0.0099107 0.00971589 0.00831719 0.00963296 0.00825633 0.00889347 0.00828821 0.00888607 0.0143969 0.0103896 0.0105989 0.00935696 0.00912807 0.00905666 0.0103927 0.0132593 0.0107354 0.00967197 0.00977612 0.00964094 0.0112441 0.009062 0.0115223 0.013083 0.00883309 0.00848168 0.0117923 0.0142598 0.0130486 0.00833932 0.0105304 0.00811753 0.00911952 0.0309482 0.0110608 0.0222835 0.00756476 0.00914488 0.00766531 0.00552947 0.0046164 0.00395036 0.00402649 0.00377969 0.00415388 0.00376245 0.00388048 0 0.872101 0.0358449 0.00444025 0.00523287 0.00630657 0.0157333 0.00949058 0.00729462 0.014664 0.00879791 
0.0100807 0.00840649 0.00866398 0.00978369 0.00867488 0.00857571 0.0112843 0.00934547 0.00996597 0.00865198 0.00998598 0.00865474 0.00940514 0.00888351 0.0105368 0.00969355 0.0102393 0.0101828 0.0105518 0.0100363 0.0121113 0.0207983 0.0102657 0.0100717 0.0104835 0.0105518 0.0111202 0.0124516 0.0116277 0.0168696 0.00887758 0.00866025 0.00909721 0.0195693 0.0140778 0.0117475 0.00960459 0.010508 0.0098674 0.0164065 0.0164002 0.0103002 0.0100552 0.00924981 0.0113379 0.0200371 0.00980868 0.00930001 0.00909974 0.00794676 0.0413576 0.0087771 0.0174138 0.0213162 0.872101 0 0.00380838 0.00377053 0.00387878 0.0042319 0.0058257 0.00712697 0.00775953 0.0393403 0.353564 
0.00832903 0.00888278 0.00853587 0.00830924 0.00822466 0.00846971 0.00839968 0.00961455 0.00840115 0.0115231 0.00856217 0.0115863 0.00905596 0.0108316 0.00827137 0.00914489 0.0133207 0.0136538 0.0175818 0.0136197 0.0137297 0.00975956 0.00906438 0.00989815 0.0171923 0.0121774 0.0206362 0.0136899 0.0235401 0.00876298 0.00847164 0.00859369 0.00928472 0.00918648 0.0122022 0.00953911 0.0150745 0.00870309 0.0135188 0.00888881 0.00958663 0.0180065 0.0103163 0.0224251 0.0154342 0.0147088 0.00786454 0.00946754 0.00975853 0.0404234 0.0130975 0.00921288 0.0168176 0.806732 0.0358449 0.00380838 0 0.00392815 0.00375756 0.00441651 0.00465231 0.006173 0.0392641 0.252067 0.0574543 
0.00822113 0.0088842 0.00839088 0.0083597 0.00822132 0.00830281 0.00846498 0.00840008 0.00884408 0.0105687 0.0106108 0.0105224 0.00984585 0.00867478 0.00829178 0.00905612 0.0125927 0.0224371 0.0200363 0.0201336 0.0114156 0.00896944 0.00881666 0.011385 0.0188212 0.0227202 0.017078 0.0362241 0.0103755 0.00907578 0.00823985 0.00862529 0.00850262 0.0084984 0.00874743 0.0107047 0.0109339 0.0118516 0.00853233 0.00827314 0.00855469 0.00970513 0.0177164 0.0157127 0.010896 0.00835966 0.00946131 0.00848609 0.0207517 0.0148108 0.0102766 0.0406291 0.401327 0.0261118 0.00444025 0.00377053 0.00392815 0 0.00385708 0.00374392 0.0040549 0.00925731 0.214015 0.0418973 0.00738902 
