1OCUA
IYAEPENFLEIEVHNPKTHIPNGMDSKGMFTDYEIICRTNLPSFHKRVSKVRRRYSDFEFFRKXLIKEISMLNHPKVMVPHLPGKILLSNRFSNEVIEERRQGLNTWMQSVAGHPLLQSGSKVLVRFIEAEKFV
CCCCCCCCEEEEEEEEEEECCCCCCCCCCEEEEEEEEEECCCCCCCCEEEEEEEHHHHHHHHHHHHHHHHHCCCCCCCCCCCCCCCCCCHHHCHHHHHHHHHHHHHHHHHHHCCHHHHHHCHHHHHHHHCCCCC
0 0 0 0 0 0 0 0 0 0 0 0 0 0 0 0 0 0 0 0 0 0 0 0 0 0 0 0 0 0 0 0 0 0 0 0 0 0 0 0 0 0 0 0 0 0 0 0 0 0 0 0 0 0 0 0 0 0 0 0 0 0 0 0 0 0 0 0 0 0 0 0 0 0 0 0 0 0 0 0 0 0 0 0 0 0 0 0 0 0 0 0 0 0 0 0 0 0 0 0 0 0 0 0 0 0 0 0 0 0 0 0 0 0 0 0 0 0 0 0 0 0 0 0 0 0 0 0 0 0 0 0 0 0 
0 0 0 0 0 0 0 0 0 0 0 0 0 0 0 0 0 0 0 0 0 0 0 0 0 0 0 0 0 0 0 0 0 0 0 0 0 0 0 0 0 0 0 0 0 0 0 0 0 0 0 0 0 0 0 0 0 0 0 0 0 0 0 0 0 0 0 0 0 0 0 0 0 0 0 0 0 0 0 0 0 0 0 0 0 0 0 0 0 0 0 0 0 0 0 0 0 0 0 0 0 0 0 0 0 0 0 0 0 0 0 0 0 0 0 0 0 0 0 0 0 0 0 0 0 0 0 0 0 0 0 0 0 0 
0 0.00381787 0.00396986 0.00388831 0.00397905 0.00396207 0.00384378 0.00534687 0.00507262 0.0117864 0.0248241 0.0233773 0.0112161 0.0102071 0.013375 0.0108718 0.0164836 0.00978211 0.0146739 0.0115141 0.435409 0.0135852 0.0146028 0.00890141 0.0167788 0.00878238 0.0223119 0.0134543 
0.00381787 0 0.00378357 0.00395734 0.00380489 0.00380952 0.00395604 0.00410836 0.0101914 0.00583744 0.0117336 0.0103394 0.0152508 0.0138579 0.00933931 0.0248859 0.00889501 0.031293 0.0089973 0.484405 0.0125601 0.0119645 0.00883284 0.0323706 0.008364 0.0455704 0.00871508 0.0202123 
0.00396986 0.00378357 0 0.00375838 0.00394219 0.00384185 0.00385726 0.0089237 0.00398257 0.00728182 0.00556057 0.0122523 0.0115828 0.0105824 0.0207975 0.00924539 0.0491273 0.00954935 0.479114 0.0141205 0.0183056 0.00888446 0.026925 0.00841115 0.0934172 0.0085299 0.0231118 0.00839794 
0.00388831 0.00395734 0.00375838 0 0.0037502 0.003788 0.00392317 0.00384124 0.00483301 0.00401378 0.00581107 0.00921363 0.00896205 0.0122791 0.008569 0.0254614 0.00909251 0.493086 0.0194241 0.0249057 0.00825444 0.0121483 0.00836865 0.0703534 0.00830505 0.0594021 0.00832966 0.0116588 
0.00397905 0.00380489 0.00394219 0.0037502 0 0.00378084 0.00378054 0.00404853 0.00379207 0.00416177 0.00435037 0.0086225 0.0102492 0.00852226 0.0152209 0.00912783 0.439903 0.0420502 0.0281059 0.0082346 0.0138435 0.00848336 0.0232199 0.00832482 0.0439045 0.0084612 0.0150933 0.00829185 
0.00396207 0.00380952 0.00384185 0.003788 0.00378084 0 0.00375526 0.00374302 0.00378246 0.003799 0.00388982 0.00814262 0.00810585 0.00876942 0.00922487 0.272565 0.0737896 0.0166506 0.00879695 0.00934438 0.00814128 0.00931116 0.00842806 0.0132318 0.00863253 0.012784 0.00968062 0.00866934 
0.00384378 0.00395604 0.00385726 0.00392317 0.00378054 0.00375526 0 0.00372316 0.00377677 0.00378854 0.00380591 0.00747996 0.00751048 0.010296 0.0522127 0.190503 0.0094763 0.0115674 0.00883214 0.010971 0.00795871 0.00854456 0.00833571 0.0109308 0.00830821 0.0199016 0.00822669 0.00964564 
0.00534687 0.00410836 0.0089237 0.00384124 0.00404853 0.00374302 0.00372316 0 0.00373698 0.00374354 0.00374614 0.00736342 0.00741674 0.0253238 0.257111 0.00813958 0.0147827 0.00795336 0.0123357 0.00785009 0.00940025 0.00821465 0.012124 0.00806332 0.0308476 0.00811431 0.0108786 0.0079804 
0.00507262 0.0101914 0.00398257 0.00483301 0.00379207 0.00378246 0.00377677 0.00373698 0 0.00374429 0.00382823 0.00809266 0.0306731 0.596148 0.0090932 0.0195925 0.00785995 0.0152255 0.00795364 0.0124362 0.00787494 0.00972243 0.00813161 0.0368831 0.00815005 0.025228 0.00809887 0.0104195 
0.0117864 0.00583744 0.00728182 0.00401378 0.00416177 0.003799 0.00378854 0.00374354 0.00374429 0 0.00375051 0.0258164 0.705066 0.00937243 0.0135065 0.00854569 0.0152459 0.00868597 0.0152944 0.00860231 0.0103204 0.00857938 0.0271394 0.00829203 0.0197955 0.00835188 0.0236373 0.0081358 
0.0248241 0.0117336 0.00556057 0.00581107 0.00435037 0.00388982 0.00380591 0.00374614 0.00382823 0.00375051 0 0.769692 0.0104933 0.00950695 0.00836556 0.0111231 0.00812548 0.0102363 0.00797957 0.0125056 0.00839432 0.0313072 0.00874903 0.0127678 0.0084119 0.0126531 0.00850638 0.0117458 
0.0233773 0.0103394 0.0122523 0.00921363 0.0086225 0.00814262 0.00747996 0.00736342 0.00809266 0.0258164 0.769692 0 0.00395434 0.00381596 0.00379506 0.00386655 0.00395121 0.0039881 0.004622 0.00549259 0.0124324 0.0109723 0.00887914 0.00956635 0.00897501 0.0098014 0.01071 0.0422362 
0.0112161 0.0152508 0.0115828 0.00896205 0.0102492 0.00810585 0.00751048 0.00741674 0.0306731 0.705066 0.0104933 0.00395434 0 0.00378649 0.00379285 0.00379349 0.00377817 0.00405011 0.00391374 0.00601363 0.00502127 0.00778864 0.0112828 0.00868193 0.0117991 0.00891397 0.0134179 0.0128183 
0.0102071 0.0138579 0.0105824 0.0122791 0.00852226 0.00876942 0.010296 0.0253238 0.596148 0.00937243 0.00950695 0.00381596 0.00378649 0 0.00376238 0.00375648 0.00372291 0.00373816 0.00416049 0.00437657 0.0040218 0.00770391 0.00818979 0.0135619 0.00900433 0.0149497 0.0139214 0.53642 
0.013375 0.00933931 0.0207975 0.008569 0.0152209 0.00922487 0.0522127 0.257111 0.0090932 0.0135065 0.00836556 0.00379506 0.00379285 0.00376238 0 0.00375108 0.00376791 0.0038014 0.00382199 0.00388507 0.00404591 0.00751552 0.0106855 0.00834716 0.0161955 0.0109244 0.727418 0.0209938 
0.0108718 0.0248859 0.00924539 0.0254614 0.00912783 0.272565 0.190503 0.00813958 0.0195925 0.00854569 0.0111231 0.00386655 0.00379349 0.00375648 0.00375108 0 0.00374788 0.00375237 0.00376941 0.00420703 0.00377059 0.00960566 0.00833901 0.0243233 0.00952705 0.780737 0.0341479 0.0146685 
0.0164836 0.00889501 0.0491273 0.00909251 0.439903 0.0737896 0.0094763 0.0147827 0.00785995 0.0152459 0.00812548 0.00395121 0.00377817 0.00372291 0.00376791 0.00374788 0 0.00374735 0.00375323 0.00376373 0.00382977 0.00724045 0.0167217 0.00851723 0.782661 0.0318194 0.0561005 0.00727578 
0.00978211 0.031293 0.00954935 0.493086 0.0420502 0.0166506 0.0115674 0.00795336 0.0152255 0.00868597 0.0102363 0.0039881 0.00405011 0.00373816 0.0038014 0.00375237 0.00374735 0 0.00378627 0.00380715 0.00376442 0.00971472 0.00823046 0.786531 0.0137682 0.0564585 0.00815005 0.00997322 
0.0146739 0.0089973 0.479114 0.0194241 0.0281059 0.00879695 0.00883214 0.0123357 0.00795364 0.0152944 0.00797957 0.004622 0.00391374 0.00416049 0.00382199 0.00376941 0.00375323 0.00378627 0 0.00376276 0.00378718 0.00852799 0.720285 0.00933775 0.0882122 0.0078123 0.0189557 0.00633501 
0.0115141 0.484405 0.0141205 0.0249057 0.0082346 0.00934438 0.010971 0.00785009 0.0124362 0.00860231 0.0125056 0.00549259 0.00601363 0.00437657 0.00388507 0.00420703 0.00376373 0.00380715 0.00376276 0 0.00380897 0.686276 0.0101266 0.0599059 0.00732501 0.0126984 0.00667479 0.00708743 
0.435409 0.0125601 0.0183056 0.00825444 0.0138435 0.00814128 0.00795871 0.00940025 0.00787494 0.0103204 0.00839432 0.0124324 0.00502127 0.0040218 0.00404591 0.00377059 0.00382977 0.00376442 0.00378718 0.00380897 0 0.0112311 0.0533468 0.00629648 0.00879651 0.00643752 0.00829732 0.00599186 
0.0135852 0.0119645 0.00888446 0.0121483 0.00848336 0.00931116 0.00854456 0.00821465 0.00972243 0.00857938 0.0313072 0.0109723 0.00778864 0.00770391 0.00751552 0.00960566 0.00724045 0.00971472 0.00852799 0.686276 0.0112311 0 0.00389688 0.00399982 0.00376777 0.00412346 0.00417236 0.0201354 
0.0146028 0.00883284 0.026925 0.00836865 0.0232199 0.00842806 0.00833571 0.012124 0.00813161 0.0271394 0.00874903 0.00887914 0.0112828 0.00818979 0.0106855 0.00833901 0.0167217 0.00823046 0.720285 0.0101266 0.0533468 0.00389688 0 0.0037732 0.00381158 0.00377293 0.015971 0.00383181 
0.00890141 0.0323706 0.00841115 0.0703534 0.00832482 0.0132318 0.0109308 0.00806332 0.0368831 0.00829203 0.0127678 0.00956635 0.00868193 0.0135619 0.00834716 0.0243233 0.00851723 0.786531 0.00933775 0.0599059 0.00629648 0.00399982 0.0037732 0 0.00374239 0.00433135 0.00375652 0.00417967 
0.0167788 0.008364 0.0934172 0.00830505 0.0439045 0.00863253 0.00830821 0.0308476 0.00815005 0.0197955 0.0084119 0.00897501 0.0117991 0.00900433 0.0161955 0.00952705 0.782661 0.0137682 0.0882122 0.00732501 0.00879651 0.00376777 0.00381158 0.00374239 0 0.00375091 0.00379812 0.00374218 
0.00878238 0.0455704 0.0085299 0.0594021 0.0084612 0.012784 0.0199016 0.00811431 0.025228 0.00835188 0.0126531 0.0098014 0.00891397 0.0149497 0.0109244 0.780737 0.0318194 0.0564585 0.0078123 0.0126984 0.00643752 0.00412346 0.00377293 0.00433135 0.00375091 0 0.00375407 0.00383393 
0.0223119 0.00871508 0.0231118 0.00832966 0.0150933 0.00968062 0.00822669 0.0108786 0.00809887 0.0236373 0.00850638 0.01071 0.0134179 0.0139214 0.727418 0.0341479 0.0561005 0.00815005 0.0189557 0.00667479 0.00829732 0.00417236 0.015971 0.00375652 0.00379812 0.00375407 0 0.0037305 
0.0134543 0.0202123 0.00839794 0.0116588 0.00829185 0.00866934 0.00964564 0.0079804 0.0104195 0.0081358 0.0117458 0.0422362 0.0128183 0.53642 0.0209938 0.0146685 0.00727578 0.00997322 0.00633501 0.00708743 0.00599186 0.0201354 0.00383181 0.00417967 0.00374218 0.00383393 0.0037305 0 
