1OEEA
PLTEVEQKAANGVFDDANVQNRTLSDWDGVWQSVYPLLQSGKLDPVFQKKADADKTKTFAEIKDYYHKGYATDIEMIGIEDGIVEFHRNNETTSCKYDYDGYKILTYKSGKKGVRYLFECKDPESKAPKYIQFSDHIIAPRKSSHFHIFMGNDSQQSLLNEMENWPTYYPYQLSSEEVVEEMMSH
CCCHHHHHHHCCCCCHHHCCCCCHHHHCEEEEECHHHHHHCCCHHHHHHHHHHCCCCCHHHHHHHHHHHHCCCCCEEEEECCEEEEECCCCEEEEECEEEEEEEEECCCCCEEEEEEEECCCCCCCCCCEEEEECCCCCCCCCCCEEEEEECCCHHHHHCCCCCCCEEEECCCCHHHHHHHHHHC
0 0 0 0 0 0 0 0 0 0 0 0 0 0 0 0 0 0 0 0 0 0 0 0 0 0 0 0 0 0 0 0 0 0 0 0 0 0 0 0 0 0 0 0 0 0 0 0 0 0 0 0 0 0 0 0 0 0 0 0 0 0 0 0 0 0 0 0 0 0 0 0 0 0 0 0 0 0 0 0 0 0 0 0 0 0 0 0 0 0 0 0 0 0 0 0 0 0 0 0 0 0 0 0 0 0 0 0 0 0 0 0 0 0 0 0 0 0 0 0 0 0 0 0 0 0 0 0 0 0 0 0 0 0 0 0 0 0 0 0 0 0 0 0 0 0 0 0 0 0 0 0 0 0 0 0 0 0 0 0 0 0 0 0 0 0 0 0 0 0 0 0 0 0 0 0 0 0 0 0 0 0 0 0 0 
0 0 0 0 0 0 0 0 0 0 0 0 0 0 0 0 0 0 0 0 0 0 0 0 0 0 0 0 0 0 0 0 0 0 0 0 0 0 0 0 0 0 0 0 0 0 0 0 0 0 0 0 0 0 0 0 0 0 0 0 0 0 0 0 0 0 0 0 0 0 0 0 0 0 0 0 0 0 0 0 0 0 0 0 0 0 0 0 0 0 0 0 0 0 0 0 0 0 0 0 0 0 0 0 0 0 0 0 0 0 0 0 0 0 0 0 0 0 0 0 0 0 0 0 0 0 0 0 0 0 0 0 0 0 0 0 0 0 0 0 0 0 0 0 0 0 0 0 0 0 0 0 0 0 0 0 0 0 0 0 0 0 0 0 0 0 0 0 0 0 0 0 0 0 0 0 0 0 0 0 0 0 0 0 0 
0 0.00383449 0.003854 0.00389486 0.00662539 0.0224939 0.0101823 0.00909644 0.0129461 0.0104549 0.00892911 0.00973661 0.00849616 0.00912603 0.0100905 0.00852122 0.00847294 0.00833333 0.00891475 0.00917921 0.0083203 0.00855001 0.00822451 0.0083769 0.00843503 0.00837151 0.00871749 0.00843923 0.0092468 0.00848505 0.00842593 0.0085116 0.00849664 0.0098637 0.00851851 0.00885541 0.00944524 0.00965314 0.00874184 0.00840841 0.00839912 0.00881734 0.00846133 0.00842829 0.00841859 0.00830853 0.00820033 0.00852743 0.00824198 0.00818603 0.00815679 0.00835649 
0.00383449 0 0.00389055 0.00407985 0.00391467 0.0118733 0.0172129 0.0320182 0.00934635 0.00908348 0.00931619 0.00863741 0.0171059 0.0113781 0.00886026 0.00863962 0.00831195 0.0100114 0.00916472 0.00865609 0.00841848 0.0084215 0.00865104 0.00837871 0.00855088 0.00852676 0.00905465 0.00844027 0.00907034 0.00824727 0.00921449 0.00873975 0.0106904 0.00898825 0.0101918 0.00870274 0.00888684 0.00844789 0.00854825 0.00902522 0.00872305 0.0085489 0.00815003 0.00886303 0.00862582 0.00851702 0.00825394 0.00814633 0.0081806 0.00823389 0.00833753 0.0081419 
0.003854 0.00389055 0 0.0038348 0.00380357 0.0104519 0.0625234 0.0130807 0.0137718 0.00862537 0.00831469 0.0146176 0.00964671 0.0104543 0.00825188 0.00820283 0.00904477 0.00887538 0.00957932 0.00827898 0.00822324 0.00869377 0.00854241 0.00981789 0.0084484 0.00873848 0.00895774 0.00915392 0.00829362 0.00820433 0.00880455 0.0124623 0.0093678 0.0171953 0.0104467 0.00974843 0.00849698 0.00838326 0.00890154 0.00939939 0.00888885 0.00842083 0.00829879 0.00859137 0.0102471 0.00884405 0.008259 0.00816514 0.00818716 0.00844069 0.00831962 0.00829401 
0.00389486 0.00407985 0.0038348 0 0.00374777 0.0236959 0.012601 0.0395001 0.0149104 0.0100206 0.0100572 0.00882211 0.015805 0.00942594 0.00866391 0.00916838 0.0088168 0.00937248 0.00860294 0.00875191 0.0100852 0.00859038 0.0091037 0.00823366 0.00852321 0.00866271 0.00868894 0.0086416 0.00929939 0.00850541 0.0101326 0.00903392 0.0102547 0.00992155 0.0102231 0.0102532 0.00946142 0.00877454 0.00919503 0.00964445 0.00908072 0.00856061 0.00846516 0.00947488 0.00891676 0.00847743 0.00824592 0.00813675 0.00829431 0.00845405 0.00838012 0.0081301 
0.00662539 0.00391467 0.00380357 0.00374777 0 0.016406 0.0125005 0.0126607 0.0282502 0.0182924 0.0127574 0.0111838 0.00925539 0.00987393 0.0102384 0.015067 0.00922126 0.00866762 0.00909451 0.00915659 0.0108845 0.00862051 0.00831033 0.00874917 0.00912981 0.00862522 0.00852075 0.00877695 0.00980502 0.0109912 0.0090195 0.00927002 0.00983142 0.00988391 0.00998032 0.00994336 0.00998729 0.0110259 0.00882887 0.00958448 0.00905544 0.0088461 0.0105698 0.00869118 0.00852682 0.0085637 0.00832831 0.0083003 0.00907473 0.00842856 0.00835097 0.00814817 
0.0224939 0.0118733 0.0104519 0.0236959 0.016406 0 0.00561249 0.00375168 0.00380868 0.00605574 0.00595508 0.00507931 0.00984468 0.00996726 0.878614 0.010778 0.00823659 0.0136015 0.00842194 0.0498409 0.00986368 0.00927529 0.00980404 0.00856406 0.0117432 0.0107437 0.0119133 0.010255 0.0388244 0.0171121 0.0141403 0.0109912 0.0142708 0.011963 0.0143712 0.0110461 0.0221381 0.0202765 0.0109321 0.0115622 0.00928194 0.0197006 0.0105739 0.011795 0.00932145 0.00889489 0.0088891 0.00958684 0.00923674 0.00874367 0.00869489 0.0093848 
0.0101823 0.0172129 0.0625234 0.012601 0.0125005 0.00561249 0 0.00375721 0.00384103 0.00381402 0.00408078 0.0131734 0.00564184 0.942183 0.00833885 0.00698982 0.0132006 0.00726312 0.0591138 0.00770917 0.00808941 0.0190695 0.00812614 0.0203928 0.00859824 0.0108005 0.0130461 0.0316337 0.00942823 0.0121321 0.0189443 0.0257724 0.011112 0.0413325 0.0119076 0.0307635 0.00980987 0.0142223 0.0449249 0.0103219 0.0306362 0.00918457 0.0122704 0.0116644 0.0157048 0.0103929 0.00928054 0.00866679 0.00932674 0.0100343 0.0090288 0.00878223 
0.00909644 0.0320182 0.0130807 0.0395001 0.0126607 0.00375168 0.00375721 0 0.00375246 0.00380066 0.00550437 0.00446198 0.971822 0.00610938 0.0065895 0.00793772 0.0071242 0.0562613 0.00758536 0.0143749 0.0121154 0.00855282 0.0303991 0.00807738 0.0112995 0.0125712 0.0216644 0.00873133 0.0173727 0.00910457 0.021353 0.013201 0.0489296 0.0153197 0.0728188 0.0105978 0.0126793 0.0122263 0.011031 0.133601 0.00945813 0.0112006 0.0089476 0.0372454 0.0140571 0.0168386 0.00935184 0.00842169 0.00934338 0.0116178 0.00977791 0.00836839 
0.0129461 0.00934635 0.0137718 0.0149104 0.0282502 0.00380868 0.00384103 0.00375246 0 0.0041507 0.0046513 0.998324 0.00414392 0.00636225 0.00494015 0.00717177 0.0672986 0.00733523 0.0155724 0.00728572 0.0110341 0.0368865 0.00793867 0.0156094 0.0087807 0.0105011 0.00898648 0.032251 0.00915377 0.01013 0.0124291 0.0199874 0.0103574 0.034924 0.0121839 0.0550758 0.00962957 0.00984273 0.045963 0.00985854 0.04264 0.0086583 0.0119199 0.009892 0.0166569 0.00976613 0.00914133 0.00860622 0.00873685 0.00922023 0.00919679 0.0084395 
0.0104549 0.00908348 0.00862537 0.0100206 0.0182924 0.00605574 0.00381402 0.00380066 0.0041507 0 0.999325 0.00545441 0.00438854 0.00404815 0.00524061 0.0492417 0.00713121 0.00788881 0.0066891 0.0100024 0.0454185 0.00761106 0.015527 0.00775113 0.00858076 0.00899202 0.00861083 0.00831154 0.0185436 0.0140365 0.0109559 0.00904251 0.00980261 0.00900566 0.00960026 0.00911212 0.0191324 0.0179742 0.00914455 0.00957844 0.00917886 0.011694 0.0126386 0.00934319 0.00846671 0.00851613 0.00837783 0.00884953 0.0101556 0.00857256 0.0084524 0.00862929 
0.00892911 0.00931619 0.00831469 0.0100572 0.0127574 0.00595508 0.00408078 0.00550437 0.0046513 0.999325 0 0.00410218 0.00409663 0.00381839 0.00907023 0.00710621 0.0055455 0.013814 0.00886921 0.887314 0.00889071 0.00748549 0.00753047 0.0070798 0.0148353 0.00830129 0.0102023 0.00921082 0.0610979 0.0121927 0.00988195 0.00898038 0.0105426 0.00919085 0.0100103 0.0092344 0.0280509 0.0177707 0.00939228 0.010583 0.00918871 0.0275225 0.00924988 0.00964892 0.00879952 0.00851681 0.00960095 0.0103206 0.00889559 0.00842335 0.00891825 0.0101348 
0.00973661 0.00863741 0.0146176 0.00882211 0.0111838 0.00507931 0.0131734 0.00446198 0.998324 0.00545441 0.00410218 0 0.00379252 0.0121657 0.00387728 0.00472708 0.0256097 0.00650715 0.936453 0.00755028 0.00669044 0.00889435 0.00689647 0.0181901 0.0078476 0.00886051 0.00868974 0.0557632 0.00912793 0.0102774 0.0106071 0.013084 0.00996636 0.0232133 0.00973643 0.0204709 0.00935202 0.0119941 0.0337046 0.00899605 0.0387952 0.00898194 0.010544 0.00945227 0.013743 0.00993376 0.00880633 0.00893569 0.00866877 0.00959192 0.0089495 0.0093263 
0.00849616 0.0171059 0.00964671 0.015805 0.00925539 0.00984468 0.00564184 0.971822 0.00414392 0.00438854 0.00409663 0.00379252 0 0.00376094 0.00386444 0.0059763 0.00494725 0.970727 0.00643689 0.0102373 0.00884918 0.00658387 0.0221829 0.00705896 0.00884425 0.00925389 0.0392319 0.00784002 0.0203791 0.00885175 0.0104018 0.0106459 0.0289437 0.0107584 0.0350466 0.0089222 0.0140446 0.0115404 0.00948564 0.127282 0.00892579 0.0125336 0.00888739 0.0175216 0.013116 0.0133908 0.00957763 0.00841395 0.00910721 0.00929066 0.0100081 0.00833646 
0.00912603 0.0113781 0.0104543 0.00942594 0.00987393 0.00996726 0.942183 0.00610938 0.00636225 0.00404815 0.00381839 0.0121657 0.00376094 0 0.00393892 0.00452092 0.983913 0.00523215 0.0136104 0.00522453 0.00629051 0.0129126 0.00626821 0.00938507 0.00762617 0.0111883 0.00829258 0.0187857 0.00808811 0.0097261 0.0138014 0.0117719 0.00930251 0.0180531 0.00945774 0.0316492 0.00878627 0.00948192 0.0542866 0.00892199 0.0254112 0.00843876 0.0118134 0.00941138 0.013011 0.00933469 0.00896946 0.00852818 0.00846015 0.00928201 0.00878028 0.00855259 
0.0100905 0.00886026 0.00825188 0.00866391 0.0102384 0.878614 0.00833885 0.0065895 0.00494015 0.00524061 0.00907023 0.00387728 0.00386444 0.00393892 0 0.988928 0.0106735 0.0048921 0.00493081 0.00640385 0.0142867 0.00639221 0.00643628 0.00660928 0.0182728 0.0100727 0.00795829 0.00748982 0.0134315 0.0128468 0.00992182 0.00861452 0.00939512 0.00871779 0.00963782 0.0087543 0.0195413 0.0195711 0.0090682 0.0101438 0.00868008 0.0109246 0.0134299 0.00951866 0.00847307 0.00848392 0.00830996 0.00868306 0.0107494 0.00852374 0.00838333 0.00846657 
0.00852122 0.00863962 0.00820283 0.00916838 0.015067 0.010778 0.00698982 0.00793772 0.00717177 0.0492417 0.00710621 0.00472708 0.0059763 0.00452092 0.988928 0 0.00400837 0.00393455 0.0038702 0.00530762 0.00478862 0.00413476 0.00488519 0.00610161 0.0123373 0.00708546 0.00714832 0.00684993 0.0361975 0.00949036 0.00809891 0.00804516 0.0098145 0.00920532 0.00921907 0.00889479 0.0235253 0.0130108 0.00912486 0.00933881 0.00912837 0.033016 0.00939912 0.00876471 0.00865926 0.00840448 0.00923924 0.0102585 0.00873154 0.0083367 0.00865854 0.0108468 
0.00847294 0.00831195 0.00904477 0.0088168 0.00922126 0.00823659 0.0132006 0.0071242 0.0672986 0.00713121 0.0055455 0.0256097 0.00494725 0.983913 0.0106735 0.00400837 0 0.00375981 0.00422375 0.00376848 0.00386237 0.00806551 0.00493537 0.0112764 0.00511608 0.0066119 0.0063295 0.0165908 0.0069445 0.00780123 0.008246 0.00930131 0.00890794 0.0110433 0.0092585 0.0177409 0.00869958 0.00981532 0.0173203 0.00878351 0.0304243 0.00886171 0.00926229 0.00899608 0.0100095 0.00931127 0.00869222 0.0086692 0.00827563 0.00879949 0.00867198 0.00891195 
0.00833333 0.0100114 0.00887538 0.00937248 0.00866762 0.0136015 0.00726312 0.0562613 0.00733523 0.00788881 0.013814 0.00650715 0.970727 0.00523215 0.0048921 0.00393455 0.00375981 0 0.00373723 0.00413815 0.00453276 0.00442696 0.00768206 0.00415844 0.00492319 0.00819078 0.0105757 0.00587785 0.0128567 0.00755372 0.00832712 0.00844475 0.0123208 0.00859743 0.0150532 0.00821434 0.0114542 0.0095018 0.00858001 0.0585154 0.00856617 0.0100229 0.00868175 0.0131346 0.0119956 0.0102328 0.00906311 0.00831024 0.00862048 0.00885041 0.00939218 0.00826222 
0.00891475 0.00916472 0.00957932 0.00860294 0.00909451 0.00842194 0.0591138 0.00758536 0.0155724 0.0066891 0.00886921 0.936453 0.00643689 0.0136104 0.00493081 0.0038702 0.00422375 0.00373723 0 0.00379667 0.00378723 0.0162494 0.0038373 0.00456518 0.00519628 0.0114983 0.00505413 0.0126336 0.00620319 0.00848663 0.0115706 0.0107749 0.00868624 0.0151788 0.00896775 0.0165046 0.00886653 0.00968882 0.0546216 0.00892052 0.0270561 0.00857753 0.0119893 0.0114215 0.0120358 0.0103535 0.00906315 0.00867045 0.00844379 0.0096449 0.00874992 0.00859902 
0.00917921 0.00865609 0.00827898 0.00875191 0.00915659 0.0498409 0.00770917 0.0143749 0.00728572 0.0100024 0.887314 0.00755028 0.0102373 0.00522453 0.00640385 0.00530762 0.00376848 0.00413815 0.00379667 0 0.0123373 0.00367835 0.00437014 0.00381774 0.00979368 0.00574806 0.00505808 0.0049536 0.0111794 0.0101242 0.00805258 0.00770848 0.0100274 0.00836503 0.00924721 0.00853986 0.0194075 0.019086 0.00914609 0.0128216 0.00863462 0.0120105 0.0117454 0.010573 0.00919164 0.00900735 0.00887029 0.00878938 0.0101621 0.00847137 0.00843489 0.00831232 
0.0083203 0.00841848 0.00822324 0.0100852 0.0108845 0.00986368 0.00808941 0.0121154 0.0110341 0.0454185 0.00889071 0.00669044 0.00884918 0.00629051 0.0142867 0.00478862 0.00386237 0.00453276 0.00378723 0.0123373 0 0.00872345 0.00376041 0.00399705 0.0040706 0.00704624 0.00423783 0.00424209 0.0169046 0.00783322 0.00687637 0.00717706 0.0100639 0.00771614 0.00858513 0.00907999 0.477124 0.0112521 0.00867255 0.0108472 0.0089718 0.0161993 0.00895338 0.00914518 0.00918503 0.00890062 0.00936618 0.0100587 0.00848038 0.00831861 0.00858025 0.00889787 
0.00855001 0.0084215 0.00869377 0.00859038 0.00862051 0.00927529 0.0190695 0.00855282 0.0368865 0.00761106 0.00748549 0.00889435 0.00658387 0.0129126 0.00639221 0.00413476 0.00806551 0.00442696 0.0162494 0.00367835 0.00872345 0 0.0037992 0.00374417 0.00378799 0.00396637 0.0039458 0.00553041 0.00404741 0.00740187 0.00683174 0.00999848 0.0075473 0.00970195 0.00859515 0.431636 0.0861048 0.0100044 0.0141086 0.00920321 0.0165085 0.00855646 0.00932728 0.00988066 0.0120759 0.00914236 0.00910937 0.00864688 0.00834669 0.00898139 0.00874023 0.00831725 
0.00822451 0.00865104 0.00854241 0.0091037 0.00831033 0.00980404 0.00812614 0.0303991 0.00793867 0.015527 0.00753047 0.00689647 0.0221829 0.00626821 0.00643628 0.00488519 0.00493537 0.00768206 0.0038373 0.00437014 0.00376041 0.0037992 0 0.00367172 0.00374401 0.00378002 0.00387629 0.00381239 0.00399379 0.00848513 0.00703996 0.00726041 0.00815804 0.00805367 0.069563 0.145081 0.00882255 0.00889955 0.00854439 0.0235389 0.00843295 0.00902402 0.00847326 0.0105455 0.0100643 0.0101794 0.00889466 0.00820148 0.00845154 0.00844809 0.00854502 0.00817374 
0.0083769 0.00837871 0.00981789 0.00823366 0.00874917 0.00856406 0.0203928 0.00807738 0.0156094 0.00775113 0.0070798 0.0181901 0.00705896 0.00938507 0.00660928 0.00610161 0.0112764 0.00415844 0.00456518 0.00381774 0.00399705 0.00374417 0.00367172 0 0.00439487 0.00383563 0.00381067 0.00379905 0.00382728 0.00695762 0.00676905 0.00841836 0.00782554 0.0460067 0.787815 0.0111067 0.00772075 0.00878373 0.0129341 0.00891201 0.0105612 0.00870066 0.00962857 0.00912025 0.0148873 0.0100058 0.00854516 0.00852086 0.00835692 0.00885409 0.00846797 0.00841463 
0.00843503 0.00855088 0.0084484 0.00852321 0.00912981 0.0117432 0.00859824 0.0112995 0.0087807 0.00858076 0.0148353 0.0078476 0.00884425 0.00762617 0.0182728 0.0123373 0.00511608 0.00492319 0.00519628 0.00979368 0.0040706 0.00378799 0.00374401 0.00439487 0 0.00373712 0.00376668 0.00380847 0.00406751 0.00755311 0.00938518 0.00866747 0.0308695 0.871436 0.0146592 0.0079732 0.0103928 0.00952479 0.00917416 0.0111804 0.00936123 0.00989913 0.0090271 0.0105181 0.0114371 0.0107117 0.00894522 0.00843719 0.00847699 0.00855049 0.00870664 0.00851047 
0.00837151 0.00852676 0.00873848 0.00866271 0.00862522 0.0107437 0.0108005 0.0125712 0.0105011 0.00899202 0.00830129 0.00886051 0.00925389 0.0111883 0.0100727 0.00708546 0.0066119 0.00819078 0.0114983 0.00574806 0.00704624 0.00396637 0.00378002 0.00383563 0.00373712 0 0.00395797 0.00375407 0.00403981 0.00656531 0.00967188 0.0259732 0.955747 0.01189 0.0105931 0.0101323 0.00812626 0.0095971 0.0108424 0.0143895 0.010762 0.00891032 0.00907398 0.0122667 0.0114328 0.0125498 0.0090696 0.00831921 0.008526 0.00897364 0.00888422 0.00839617 
0.00871749 0.00905465 0.00895774 0.00868894 0.00852075 0.0119133 0.0130461 0.0216644 0.00898648 0.00861083 0.0102023 0.00868974 0.0392319 0.00829258 0.00795829 0.00714832 0.0063295 0.0105757 0.00505413 0.00505808 0.00423783 0.0039458 0.00387629 0.00381067 0.00376668 0.00395797 0 0.00376163 0.00383754 0.00684503 0.0124739 0.942749 0.0194188 0.0133765 0.0114913 0.00806113 0.00759125 0.0102127 0.0115774 0.0235088 0.0102673 0.00914066 0.00990775 0.0125387 0.0190619 0.0119894 0.00901116 0.00837459 0.00937772 0.00974814 0.00941763 0.0083816 
0.00843923 0.00844027 0.00915392 0.0086416 0.00877695 0.010255 0.0316337 0.00873133 0.032251 0.00831154 0.00921082 0.0557632 0.00784002 0.0187857 0.00748982 0.00684993 0.0165908 0.00587785 0.0126336 0.0049536 0.00424209 0.00553041 0.00381239 0.00379905 0.00380847 0.00375407 0.00376163 0 0.0039515 0.0137276 0.931353 0.0122938 0.00890143 0.00987809 0.0091005 0.0104021 0.00781194 0.010508 0.0249071 0.00963165 0.0324394 0.0089678 0.0116619 0.0134931 0.0146334 0.0109995 0.00977085 0.00879571 0.00875884 0.0111624 0.00993155 0.00855127 
0.0092468 0.00907034 0.00829362 0.00929939 0.00980502 0.0388244 0.00942823 0.0173727 0.00915377 0.0185436 0.0610979 0.00912793 0.0203791 0.00808811 0.0134315 0.0361975 0.0069445 0.0128567 0.00620319 0.0111794 0.0169046 0.00404741 0.00399379 0.00382728 0.00406751 0.00403981 0.00383754 0.0039515 0 0.957507 0.00792826 0.00703344 0.0107623 0.00726895 0.00865478 0.00976094 0.0175777 0.0271748 0.00961017 0.0148927 0.00991914 0.0267432 0.01983 0.0127127 0.00929617 0.00989512 0.0100435 0.00963625 0.0167824 0.00894578 0.00944025 0.00919477 
0.00848505 0.00824727 0.00820433 0.00850541 0.0109912 0.0171121 0.0121321 0.00910457 0.01013 0.0140365 0.0121927 0.0102774 0.00885175 0.0097261 0.0128468 0.00949036 0.00780123 0.00755372 0.00848663 0.0101242 0.00783322 0.00740187 0.00848513 0.00695762 0.00755311 0.00656531 0.00684503 0.0137276 0.957507 0 0.00388573 0.00375868 0.00403591 0.00397402 0.00391338 0.00419232 0.00660585 0.0153411 0.00997392 0.00865201 0.010439 0.0218283 0.0198656 0.00948096 0.0153642 0.00878226 0.00937363 0.0120115 0.0110231 0.00914299 0.00900561 0.0140211 
0.00842593 0.00921449 0.00880455 0.0101326 0.0090195 0.0141403 0.0189443 0.021353 0.0124291 0.0109559 0.00988195 0.0106071 0.0104018 0.0138014 0.00992182 0.00809891 0.008246 0.00832712 0.0115706 0.00805258 0.00687637 0.00683174 0.00703996 0.00676905 0.00938518 0.00967188 0.0124739 0.931353 0.00792826 0.00388573 0 0.00376855 0.00375762 0.0042192 0.00478407 0.00407012 0.00451198 0.0187235 0.0145174 0.0168472 0.0157952 0.0127865 0.0154527 0.0612252 0.0120594 0.0136597 0.0161557 0.00995516 0.0102454 0.0141231 0.0158983 0.00948791 
0.0085116 0.00873975 0.0124623 0.00903392 0.00927002 0.0109912 0.0257724 0.013201 0.0199874 0.00904251 0.00898038 0.013084 0.0106459 0.0117719 0.00861452 0.00804516 0.00930131 0.00844475 0.0107749 0.00770848 0.00717706 0.00999848 0.00726041 0.00841836 0.00866747 0.0259732 0.942749 0.0122938 0.00703344 0.00375868 0.00376855 0 0.00376531 0.00374181 0.00380063 0.00379624 0.00386239 0.00983985 0.0184159 0.0128309 0.0310674 0.024599 0.0312665 0.0138233 0.0385749 0.0202228 0.010667 0.00918244 0.0105543 0.0214366 0.0108974 0.00951691 
0.00849664 0.0106904 0.0093678 0.0102547 0.00983142 0.0142708 0.011112 0.0489296 0.0103574 0.00980261 0.0105426 0.00996636 0.0289437 0.00930251 0.00939512 0.0098145 0.00890794 0.0123208 0.00868624 0.0100274 0.0100639 0.0075473 0.00815804 0.00782554 0.0308695 0.955747 0.0194188 0.00890143 0.0107623 0.00403591 0.00375762 0.00376531 0 0.00395485 0.00376758 0.00386687 0.00394387 0.0151702 0.0117966 0.0328836 0.0209567 0.342384 0.0103316 0.029946 0.0233097 0.0274023 0.0128539 0.00891321 0.0160896 0.0163418 0.0123067 0.009011 
0.0098637 0.00898825 0.0171953 0.00992155 0.00988391 0.011963 0.0413325 0.0153197 0.034924 0.00900566 0.00919085 0.0232133 0.0107584 0.0180531 0.00871779 0.00920532 0.0110433 0.00859743 0.0151788 0.00836503 0.00771614 0.00970195 0.00805367 0.0460067 0.871436 0.01189 0.0133765 0.00987809 0.00726895 0.00397402 0.0042192 0.00374181 0.00395485 0 0.00376347 0.00375075 0.00377988 0.0116519 0.033401 0.0150552 0.787146 0.0165521 0.0203412 0.0169078 0.071256 0.0267712 0.0146532 0.00954634 0.0122668 0.0222176 0.0134046 0.0116606 
0.00851851 0.0101918 0.0104467 0.0102231 0.00998032 0.0143712 0.0119076 0.0728188 0.0121839 0.00960026 0.0100103 0.00973643 0.0350466 0.00945774 0.00963782 0.00921907 0.0092585 0.0150532 0.00896775 0.00924721 0.00858513 0.00859515 0.069563 0.787815 0.0146592 0.0105931 0.0114913 0.0091005 0.00865478 0.00391338 0.00478407 0.00380063 0.00376758 0.00376347 0 0.00375107 0.0037893 0.0136542 0.0104823 0.838312 0.0163945 0.0184762 0.0104616 0.0400479 0.032929 0.0347888 0.0128537 0.00904363 0.0107391 0.021249 0.0201638 0.00893817 
0.00885541 0.00870274 0.00974843 0.0102532 0.00994336 0.0110461 0.0307635 0.0105978 0.0550758 0.00911212 0.0092344 0.0204709 0.0089222 0.0316492 0.0087543 0.00889479 0.0177409 0.00821434 0.0165046 0.00853986 0.00907999 0.431636 0.145081 0.0111067 0.0079732 0.0101323 0.00806113 0.0104021 0.00976094 0.00419232 0.00407012 0.00379624 0.00386687 0.00375075 0.00375107 0 0.00378339 0.0164832 0.799841 0.0116885 0.0640863 0.00907472 0.0295124 0.0185623 0.0288357 0.0138442 0.0180142 0.00957798 0.0109065 0.02593 0.0162918 0.00994255 
0.00944524 0.00888684 0.00849698 0.00946142 0.00998729 0.0221381 0.00980987 0.0126793 0.00962957 0.0191324 0.0280509 0.00935202 0.0140446 0.00878627 0.0195413 0.0235253 0.00869958 0.0114542 0.00886653 0.0194075 0.477124 0.0861048 0.00882255 0.00772075 0.0103928 0.00812626 0.00759125 0.00781194 0.0175777 0.00660585 0.00451198 0.00386239 0.00394387 0.00377988 0.0037893 0.00378339 0 0.757514 0.0131034 0.03205 0.0126138 0.0317924 0.0206304 0.0183171 0.0107265 0.010618 0.0113172 0.0122235 0.0299565 0.0107923 0.0106776 0.0106896 
0.00965314 0.00844789 0.00838326 0.00877454 0.0110259 0.0202765 0.0142223 0.0122263 0.00984273 0.0179742 0.0177707 0.0119941 0.0115404 0.00948192 0.0195711 0.0130108 0.00981532 0.0095018 0.00968882 0.019086 0.0112521 0.0100044 0.00889955 0.00878373 0.00952479 0.0095971 0.0102127 0.010508 0.0271748 0.0153411 0.0187235 0.00983985 0.0151702 0.0116519 0.0136542 0.0164832 0.757514 0 0.00470264 0.00380113 0.00383856 0.00433276 0.0370155 0.0143006 0.00970035 0.0119305 0.0386033 0.380926 0.0212175 0.0132014 0.0106144 0.0190059 
0.00874184 0.00854825 0.00890154 0.00919503 0.00882887 0.0109321 0.0449249 0.011031 0.045963 0.00914455 0.00939228 0.0337046 0.00948564 0.0542866 0.0090682 0.00912486 0.0173203 0.00858001 0.0546216 0.00914609 0.00867255 0.0141086 0.00854439 0.0129341 0.00917416 0.0108424 0.0115774 0.0249071 0.00961017 0.00997392 0.0145174 0.0184159 0.0117966 0.033401 0.0104823 0.799841 0.0131034 0.00470264 0 0.0037635 0.003815 0.00391376 0.0242395 0.0198884 0.029525 0.0267831 0.388662 0.00997101 0.012938 0.0239769 0.0192793 0.0124223 
0.00840841 0.00902522 0.00939939 0.00964445 0.00958448 0.0115622 0.0103219 0.133601 0.00985854 0.00957844 0.010583 0.00899605 0.127282 0.00892199 0.0101438 0.00933881 0.00878351 0.0585154 0.00892052 0.0128216 0.0108472 0.00920321 0.0235389 0.00891201 0.0111804 0.0143895 0.0235088 0.00963165 0.0148927 0.00865201 0.0168472 0.0128309 0.0328836 0.0150552 0.838312 0.0116885 0.03205 0.00380113 0.0037635 0 0.00374675 0.00377242 0.00965319 0.0737764 0.0383315 0.549622 0.010582 0.00857286 0.0114037 0.02125 0.0210668 0.00883078 
0.00839912 0.00872305 0.00888885 0.00908072 0.00905544 0.00928194 0.0306362 0.00945813 0.04264 0.00917886 0.00918871 0.0387952 0.00892579 0.0254112 0.00868008 0.00912837 0.0304243 0.00856617 0.0270561 0.00863462 0.0089718 0.0165085 0.00843295 0.0105612 0.00936123 0.010762 0.0102673 0.0324394 0.00991914 0.010439 0.0157952 0.0310674 0.0209567 0.787146 0.0163945 0.0640863 0.0126138 0.00383856 0.003815 0.00374675 0 0.00378749 0.0512605 0.0640247 0.608677 0.0107189 0.033859 0.00884455 0.0118753 0.0301428 0.0202928 0.0105829 
0.00881734 0.0085489 0.00842083 0.00856061 0.0088461 0.0197006 0.00918457 0.0112006 0.0086583 0.011694 0.0275225 0.00898194 0.0125336 0.00843876 0.0109246 0.033016 0.00886171 0.0100229 0.00857753 0.0120105 0.0161993 0.00855646 0.00902402 0.00870066 0.00989913 0.00891032 0.00914066 0.0089678 0.0267432 0.0218283 0.0127865 0.024599 0.342384 0.0165521 0.0184762 0.00907472 0.0317924 0.00433276 0.00391376 0.00377242 0.00378749 0 0.0609404 0.558802 0.00771628 0.00938665 0.00791815 0.0141733 0.0191196 0.0106086 0.00972399 0.00907088 
0.00846133 0.00815003 0.00829879 0.00846516 0.0105698 0.0105739 0.0122704 0.0089476 0.0119199 0.0126386 0.00924988 0.010544 0.00888739 0.0118134 0.0134299 0.00939912 0.00926229 0.00868175 0.0119893 0.0117454 0.00895338 0.00932728 0.00847326 0.00962857 0.0090271 0.00907398 0.00990775 0.0116619 0.01983 0.0198656 0.0154527 0.0312665 0.0103316 0.0203412 0.0104616 0.0295124 0.0206304 0.0370155 0.0242395 0.00965319 0.0512605 0.0609404 0 0.00387478 0.00379834 0.00381593 0.00385799 0.00486322 0.0123127 0.0149686 0.0106506 0.0609027 
0.00842829 0.00886303 0.00859137 0.00947488 0.00869118 0.011795 0.0116644 0.0372454 0.009892 0.00934319 0.00964892 0.00945227 0.0175216 0.00941138 0.00951866 0.00876471 0.00899608 0.0131346 0.0114215 0.010573 0.00914518 0.00988066 0.0105455 0.00912025 0.0105181 0.0122667 0.0125387 0.0134931 0.0127127 0.00948096 0.0612252 0.0138233 0.029946 0.0169078 0.0400479 0.0185623 0.0183171 0.0143006 0.0198884 0.0737764 0.0640247 0.558802 0.00387478 0 0.00378324 0.00378732 0.00393428 0.0038254 0.03377 0.0293344 0.059161 0.0103034 
0.00841859 0.00862582 0.0102471 0.00891676 0.00852682 0.00932145 0.0157048 0.0140571 0.0166569 0.00846671 0.00879952 0.013743 0.013116 0.013011 0.00847307 0.00865926 0.0100095 0.0119956 0.0120358 0.00919164 0.00918503 0.0120759 0.0100643 0.0148873 0.0114371 0.0114328 0.0190619 0.0146334 0.00929617 0.0153642 0.0120594 0.0385749 0.0233097 0.071256 0.032929 0.0288357 0.0107265 0.00970035 0.029525 0.0383315 0.608677 0.00771628 0.00379834 0.00378324 0 0.00376198 0.00377164 0.00377818 0.0220219 0.066152 0.0310322 0.0196283 
0.00830853 0.00851702 0.00884405 0.00847743 0.0085637 0.00889489 0.0103929 0.0168386 0.00976613 0.00851613 0.00851681 0.00993376 0.0133908 0.00933469 0.00848392 0.00840448 0.00931127 0.0102328 0.0103535 0.00900735 0.00890062 0.00914236 0.0101794 0.0100058 0.0107117 0.0125498 0.0119894 0.0109995 0.00989512 0.00878226 0.0136597 0.0202228 0.0274023 0.0267712 0.0347888 0.0138442 0.010618 0.0119305 0.0267831 0.549622 0.0107189 0.00938665 0.00381593 0.00378732 0.00376198 0 0.00374869 0.00374399 0.0142176 0.05101 0.0647427 0.00927443 
0.00820033 0.00825394 0.008259 0.00824592 0.00832831 0.0088891 0.00928054 0.00935184 0.00914133 0.00837783 0.00960095 0.00880633 0.00957763 0.00896946 0.00830996 0.00923924 0.00869222 0.00906311 0.00906315 0.00887029 0.00936618 0.00910937 0.00889466 0.00854516 0.00894522 0.0090696 0.00901116 0.00977085 0.0100435 0.00937363 0.0161557 0.010667 0.0128539 0.0146532 0.0128537 0.0180142 0.0113172 0.0386033 0.388662 0.010582 0.033859 0.00791815 0.00385799 0.00393428 0.00377164 0.00374869 0 0.0041448 0.0105322 0.0921449 0.0447963 0.00805307 
0.00852743 0.00814633 0.00816514 0.00813675 0.0083003 0.00958684 0.00866679 0.00842169 0.00860622 0.00884953 0.0103206 0.00893569 0.00841395 0.00852818 0.00868306 0.0102585 0.0086692 0.00831024 0.00867045 0.00878938 0.0100587 0.00864688 0.00820148 0.00852086 0.00843719 0.00831921 0.00837459 0.00879571 0.00963625 0.0120115 0.00995516 0.00918244 0.00891321 0.00954634 0.00904363 0.00957798 0.0122235 0.380926 0.00997101 0.00857286 0.00884455 0.0141733 0.00486322 0.0038254 0.00377818 0.00374399 0.0041448 0 0.0331568 0.011779 0.0109289 0.0112289 
0.00824198 0.0081806 0.00818716 0.00829431 0.00907473 0.00923674 0.00932674 0.00934338 0.00873685 0.0101556 0.00889559 0.00866877 0.00910721 0.00846015 0.0107494 0.00873154 0.00827563 0.00862048 0.00844379 0.0101621 0.00848038 0.00834669 0.00845154 0.00835692 0.00847699 0.008526 0.00937772 0.00875884 0.0167824 0.0110231 0.0102454 0.0105543 0.0160896 0.0122668 0.0107391 0.0109065 0.0299565 0.0212175 0.012938 0.0114037 0.0118753 0.0191196 0.0123127 0.03377 0.0220219 0.0142176 0.0105322 0.0331568 0 0.00403842 0.00380321 0.00400493 
0.00818603 0.00823389 0.00844069 0.00845405 0.00842856 0.00874367 0.0100343 0.0116178 0.00922023 0.00857256 0.00842335 0.00959192 0.00929066 0.00928201 0.00852374 0.0083367 0.00879949 0.00885041 0.0096449 0.00847137 0.00831861 0.00898139 0.00844809 0.00885409 0.00855049 0.00897364 0.00974814 0.0111624 0.00894578 0.00914299 0.0141231 0.0214366 0.0163418 0.0222176 0.021249 0.02593 0.0107923 0.0132014 0.0239769 0.02125 0.0301428 0.0106086 0.0149686 0.0293344 0.066152 0.05101 0.0921449 0.011779 0.00403842 0 0.00384223 0.00378151 
0.00815679 0.00833753 0.00831962 0.00838012 0.00835097 0.00869489 0.0090288 0.00977791 0.00919679 0.0084524 0.00891825 0.0089495 0.0100081 0.00878028 0.00838333 0.00865854 0.00867198 0.00939218 0.00874992 0.00843489 0.00858025 0.00874023 0.00854502 0.00846797 0.00870664 0.00888422 0.00941763 0.00993155 0.00944025 0.00900561 0.0158983 0.0108974 0.0123067 0.0134046 0.0201638 0.0162918 0.0106776 0.0106144 0.0192793 0.0210668 0.0202928 0.00972399 0.0106506 0.059161 0.0310322 0.0647427 0.0447963 0.0109289 0.00380321 0.00384223 0 0.00475388 
0.00835649 0.0081419 0.00829401 0.0081301 0.00814817 0.0093848 0.00878223 0.00836839 0.0084395 0.00862929 0.0101348 0.0093263 0.00833646 0.00855259 0.00846657 0.0108468 0.00891195 0.00826222 0.00859902 0.00831232 0.00889787 0.00831725 0.00817374 0.00841463 0.00851047 0.00839617 0.0083816 0.00855127 0.00919477 0.0140211 0.00948791 0.00951691 0.009011 0.0116606 0.00893817 0.00994255 0.0106896 0.0190059 0.0124223 0.00883078 0.0105829 0.00907088 0.0609027 0.0103034 0.0196283 0.00927443 0.00805307 0.0112289 0.00400493 0.00378151 0.00475388 0 
