1OFUY
PAAFSELSLSGLPGHCLTLLAPILRELSEEQDARWLTLIAPPASLTHEWLRRAGLNRERILLLQAKDNAAALALSCEALRLGRSHTVVSWLEPLSRAARKQLSRAAQLGQAQSLNIRLG
CCCEEEEEEECCHHHHHHHHHHHHHHHHCCCCCCEEEEECCCCCCCHHHHHHCCCCCCCEEEECCCCHHHHHHHHHHHHHCCCEEEEEECCCCCCHHHHHHHHHHHHHHCCEEEEEEEC
0 0 0 0 0 0 0 0 0 0 0 0 0 0 0 0 0 0 0 0 0 0 0 0 0 0 0 0 0 0 0 0 0 0 0 0 0 0 0 0 0 0 0 0 0 0 0 0 0 0 0 0 0 0 0 0 0 0 0 0 0 0 0 0 0 0 0 0 0 0 0 0 0 0 0 0 0 0 0 0 0 0 0 0 0 0 0 0 0 0 0 0 0 0 0 0 0 0 0 0 0 0 0 0 0 0 0 0 0 0 0 0 0 0 0 0 0 0 0 
0 0 0 0 0 0 0 0 0 0 0 0 0 0 0 0 0 0 0 0 0 0 0 0 0 0 0 0 0 0 0 0 0 0 0 0 0 0 0 0 0 0 0 0 0 0 0 0 0 0 0 0 0 0 0 0 0 0 0 0 0 0 0 0 0 0 0 0 0 0 0 0 0 0 0 0 0 0 0 0 0 0 0 0 0 0 0 0 0 0 0 0 0 0 0 0 0 0 0 0 0 0 0 0 0 0 0 0 0 0 0 0 0 0 0 0 0 0 0 
0 0.00388055 0.00382347 0.0038944 0.00395151 0.00419236 0.0085568 0.0675969 0.0145532 0.0142819 0.0153436 0.0400964 0.0201957 0.0140991 0.0120884 0.0224819 0.00910264 0.00895299 0.00962867 0.00970506 0.00948296 0.0160712 0.00891265 0.00849828 0.00843984 0.00861365 0.00900709 0.00868305 0.010285 
0.00388055 0 0.00379844 0.00383613 0.00382288 0.0042741 0.004003 0.0431324 0.0711545 0.0192424 0.0438029 0.015492 0.0159936 0.040358 0.0212976 0.0109485 0.00910569 0.0123046 0.0146014 0.0196107 0.01681 0.0121868 0.00847748 0.00952159 0.00942823 0.0103465 0.00997757 0.00875717 0.00865867 
0.00382347 0.00379844 0 0.00377699 0.00383528 0.00380469 0.00385182 0.0642925 0.0270405 0.110429 0.0210383 0.018176 0.0118349 0.0348237 0.0199255 0.00958419 0.00879981 0.0108129 0.0239345 0.0389005 0.022642 0.0118019 0.00844074 0.00940696 0.0122357 0.0159163 0.0110095 0.00934701 0.00921553 
0.0038944 0.00383613 0.00377699 0 0.00378307 0.00382344 0.00380464 0.0211712 0.155769 0.0282864 0.0390628 0.015383 0.0183523 0.02935 0.0157833 0.0127009 0.00871928 0.012937 0.0257828 0.0455044 0.0164315 0.0118799 0.00836332 0.00958272 0.0170605 0.0109022 0.0159365 0.00859509 0.00988722 
0.00395151 0.00382288 0.00383528 0.00378307 0 0.00377693 0.00381661 0.0448176 0.0143546 0.15641 0.0195692 0.017997 0.0112471 0.0253514 0.0215624 0.00941097 0.00898532 0.0108476 0.0274535 0.02216 0.0145308 0.0112306 0.00869955 0.00990231 0.0098523 0.0219154 0.008842 0.00964656 0.00862365 
0.00419236 0.0042741 0.00380469 0.00382344 0.00377693 0 0.00384833 0.0137332 0.0560609 0.0179991 0.194126 0.0208374 0.0147559 0.0164348 0.0150948 0.0112555 0.00901559 0.0169269 0.00999164 0.0112047 0.0156484 0.00902713 0.00850319 0.00873052 0.0126681 0.0085927 0.0101517 0.00819546 0.00884402 
0.0085568 0.004003 0.00385182 0.00380464 0.00381661 0.00384833 0 0.0332151 0.0113906 0.0164843 0.0170907 0.189177 0.0191784 0.00985705 0.00989325 0.0102392 0.013299 0.00881654 0.00911113 0.00906446 0.0087543 0.0109411 0.0104039 0.00845369 0.00839478 0.00902581 0.00823036 0.00837447 0.00841364 
0.0675969 0.0431324 0.0642925 0.0211712 0.0448176 0.0137332 0.0332151 0 0.00385547 0.00378655 0.00382052 0.00427985 0.19674 0.0298183 0.0164598 0.0277999 0.0152506 0.0136008 0.0144505 0.015361 0.013689 0.0283238 0.0101117 0.00952188 0.0093729 0.0102992 0.00930993 0.0101838 0.0133379 
0.0145532 0.0711545 0.0270405 0.155769 0.0143546 0.0560609 0.0113906 0.00385547 0 0.00376976 0.00391595 0.00383304 0.3873 0.102246 0.0351887 0.013785 0.00970931 0.0210549 0.0241749 0.0365813 0.0317291 0.011531 0.00877105 0.0115405 0.0202711 0.0112466 0.0239828 0.00905235 0.0108657 
0.0142819 0.0192424 0.110429 0.0282864 0.15641 0.0179991 0.0164843 0.00378655 0.00376976 0 0.00376763 0.00377022 0.0334931 0.45219 0.0431402 0.0114917 0.0114138 0.0145261 0.0713711 0.101466 0.0226744 0.0183628 0.00911612 0.015231 0.0196746 0.0541462 0.0124307 0.0141242 0.0105367 
0.0153436 0.0438029 0.0210383 0.0390628 0.0195692 0.194126 0.0170907 0.00382052 0.00391595 0.00376763 0 0.00406932 0.056891 0.0657248 0.586417 0.0336873 0.0117058 0.0247448 0.0283457 0.0331096 0.131585 0.0197604 0.00995493 0.0130964 0.0189629 0.0152681 0.0176686 0.0112382 0.0111225 
0.0400964 0.015492 0.018176 0.015383 0.017997 0.0208374 0.189177 0.00427985 0.00383304 0.00377022 0.00406932 0 0.0252544 0.0427312 0.0973543 0.568045 0.0207835 0.0161983 0.015107 0.0184424 0.0241727 0.0863965 0.0140891 0.0109681 0.0110788 0.0138484 0.0100799 0.0107919 0.0157964 
0.0201957 0.0159936 0.0118349 0.0183523 0.0112471 0.0147559 0.0191784 0.19674 0.3873 0.0334931 0.056891 0.0252544 0 0.00394763 0.00384835 0.00524705 0.156483 0.036861 0.0323333 0.0189337 0.0149262 0.0292408 0.0149069 0.0128654 0.0119531 0.0116222 0.0165763 0.0119238 0.0241163 
0.0140991 0.040358 0.0348237 0.02935 0.0253514 0.0164348 0.00985705 0.0298183 0.102246 0.45219 0.0657248 0.0427312 0.00394763 0 0.004206 0.00383587 0.0513802 0.139218 0.0775306 0.0813261 0.0463209 0.0142428 0.0117221 0.0290857 0.0252814 0.0233012 0.0166873 0.0162744 0.0207728 
0.0120884 0.0212976 0.0199255 0.0157833 0.0215624 0.0150948 0.00989325 0.0164598 0.0351887 0.0431402 0.586417 0.0973543 0.00384835 0.004206 0 0.00403884 0.0295408 0.027327 0.0697151 0.094324 0.135088 0.032412 0.010828 0.0156694 0.0142097 0.0243051 0.0123464 0.0210756 0.0130446 
0.0224819 0.0109485 0.00958419 0.0127009 0.00941097 0.0112555 0.0102392 0.0277999 0.013785 0.0114917 0.0336873 0.568045 0.00524705 0.00383587 0.00403884 0 0.0186925 0.0152979 0.0172343 0.0336739 0.0509355 0.0960101 0.0140571 0.00946438 0.010765 0.00959225 0.0116055 0.00861846 0.0166407 
0.00910264 0.00910569 0.00879981 0.00871928 0.00898532 0.00901559 0.013299 0.0152506 0.00970931 0.0114138 0.0117058 0.0207835 0.156483 0.0513802 0.0295408 0.0186925 0 0.00456255 0.00382496 0.003835 0.00379853 0.00435411 0.0711652 0.0132027 0.0113784 0.00924539 0.0104997 0.0121961 0.0254089 
0.00895299 0.0123046 0.0108129 0.012937 0.0108476 0.0169269 0.00881654 0.0136008 0.0210549 0.0145261 0.0247448 0.0161983 0.036861 0.139218 0.027327 0.0152979 0.00456255 0 0.00382231 0.00378355 0.00376677 0.00383781 0.016238 0.0537164 0.0150799 0.0130679 0.0192859 0.0134777 0.0166525 
0.00962867 0.0146014 0.0239345 0.0257828 0.0274535 0.00999164 0.00911113 0.0144505 0.0241749 0.0713711 0.0283457 0.015107 0.0323333 0.0775306 0.0697151 0.0172343 0.00382496 0.00382231 0 0.0038251 0.00380027 0.00380229 0.127097 0.0225515 0.0606668 0.0480113 0.0217717 0.0151757 0.0128757 
0.00970506 0.0196107 0.0389005 0.0455044 0.02216 0.0112047 0.00906446 0.015361 0.0365813 0.101466 0.0331096 0.0184424 0.0189337 0.0813261 0.094324 0.0336739 0.003835 0.00378355 0.0038251 0 0.00379631 0.00377579 0.0157619 0.301592 0.0639014 0.0808698 0.0425096 0.0151837 0.0193449 
0.00948296 0.01681 0.022642 0.0164315 0.0145308 0.0156484 0.0087543 0.013689 0.0317291 0.0226744 0.131585 0.0241727 0.0149262 0.0463209 0.135088 0.0509355 0.00379853 0.00376677 0.00380027 0.00379631 0 0.00378452 0.0185795 0.0306135 0.246255 0.0461429 0.0348707 0.041453 0.0370599 
0.0160712 0.0121868 0.0118019 0.0118799 0.0112306 0.00902713 0.0109411 0.0283238 0.011531 0.0183628 0.0197604 0.0863965 0.0292408 0.0142428 0.032412 0.0960101 0.00435411 0.00383781 0.00380229 0.00377579 0.00378452 0 0.0146798 0.0167458 0.0151554 0.136622 0.0169131 0.0479279 0.0980792 
0.00891265 0.00847748 0.00844074 0.00836332 0.00869955 0.00850319 0.0104039 0.0101117 0.00877105 0.00911612 0.00995493 0.0140891 0.0149069 0.0117221 0.010828 0.0140571 0.0711652 0.016238 0.127097 0.0157619 0.0185795 0.0146798 0 0.00381441 0.00373046 0.00387263 0.00382039 0.00443474 0.0106555 
0.00849828 0.00952159 0.00940696 0.00958272 0.00990231 0.00873052 0.00845369 0.00952188 0.0115405 0.015231 0.0130964 0.0109681 0.0128654 0.0290857 0.0156694 0.00946438 0.0132027 0.0537164 0.0225515 0.301592 0.0306135 0.0167458 0.00381441 0 0.00375198 0.00376909 0.00383918 0.00404396 0.00452241 
0.00843984 0.00942823 0.0122357 0.0170605 0.0098523 0.0126681 0.00839478 0.0093729 0.0202711 0.0196746 0.0189629 0.0110788 0.0119531 0.0252814 0.0142097 0.010765 0.0113784 0.0150799 0.0606668 0.0639014 0.246255 0.0151554 0.00373046 0.00375198 0 0.00374746 0.00381499 0.00378255 0.00394014 
0.00861365 0.0103465 0.0159163 0.0109022 0.0219154 0.0085927 0.00902581 0.0102992 0.0112466 0.0541462 0.0152681 0.0138484 0.0116222 0.0233012 0.0243051 0.00959225 0.00924539 0.0130679 0.0480113 0.0808698 0.0461429 0.136622 0.00387263 0.00376909 0.00374746 0 0.00376059 0.00386785 0.00388813 
0.00900709 0.00997757 0.0110095 0.0159365 0.008842 0.0101517 0.00823036 0.00930993 0.0239828 0.0124307 0.0176686 0.0100799 0.0165763 0.0166873 0.0123464 0.0116055 0.0104997 0.0192859 0.0217717 0.0425096 0.0348707 0.0169131 0.00382039 0.00383918 0.00381499 0.00376059 0 0.00374586 0.00386501 
0.00868305 0.00875717 0.00934701 0.00859509 0.00964656 0.00819546 0.00837447 0.0101838 0.00905235 0.0141242 0.0112382 0.0107919 0.0119238 0.0162744 0.0210756 0.00861846 0.0121961 0.0134777 0.0151757 0.0151837 0.041453 0.0479279 0.00443474 0.00404396 0.00378255 0.00386785 0.00374586 0 0.00392176 
0.010285 0.00865867 0.00921553 0.00988722 0.00862365 0.00884402 0.00841364 0.0133379 0.0108657 0.0105367 0.0111225 0.0157964 0.0241163 0.0207728 0.0130446 0.0166407 0.0254089 0.0166525 0.0128757 0.0193449 0.0370599 0.0980792 0.0106555 0.00452241 0.00394014 0.00388813 0.00386501 0.00392176 0 
