1OSCB
YVPGSVSAAFVTCPNEKVAKEIARAVVEKRLAACVNLIPQITSIYEWKGKIEEDSEVLMMIKTQSSLVPALTEFVRSVHPYEVAEVIALPVEQGNPPYLHWVHQVTESV
CCCCCEEEEEEEECCHHHHHHHHHHHHHCCCCCEEEEEEEEEEEEEECCEEEEEEEEEEEEEEEHHHHHHHHHHHHHHCCCCCCCEEEEEECEECHHHHHHHHHCCCCC
0 0 0 0 0 0 0 0 0 0 0 0 0 0 0 0 0 0 0 0 0 0 0 0 0 0 0 0 0 0 0 0 0 0 0 0 0 0 0 0 0 0 0 0 0 0 0 0 0 0 0 0 0 0 0 0 0 0 0 0 0 0 0 0 0 0 0 0 0 0 0 0 0 0 0 0 0 0 0 0 0 0 0 0 0 0 0 0 0 0 0 0 0 0 0 0 0 0 0 0 0 0 0 0 0 0 0 0 0 
0 0 0 0 0 0 0 0 0 0 0 0 0 0 0 0 0 0 0 0 0 0 0 0 0 0 0 0 0 0 0 0 0 0 0 0 0 0 0 0 0 0 0 0 0 0 0 0 0 0 0 0 0 0 0 0 0 0 0 0 0 0 0 0 0 0 0 0 0 0 0 0 0 0 0 0 0 0 0 0 0 0 0 0 0 0 0 0 0 0 0 0 0 0 0 0 0 0 0 0 0 0 0 0 0 0 0 0 0 
0 0.00400844 0.00392187 0.00395977 0.00386654 0.00410993 0.00447879 0.0201192 0.0822093 0.0241107 0.0128093 0.0180196 0.00945659 0.0115192 0.00963689 0.0141206 0.0106396 0.0114034 0.0124852 0.010019 0.0103525 0.015725 0.0108802 0.0146318 0.00867454 0.00899477 0.00857358 0.00873075 0.0104068 0.0110917 0.0112484 0.0140827 0.0124675 0.0125664 0.0110096 0.0117483 0.0168288 0.0157172 0.0127049 0.0105686 0.0100441 0.00925215 0.0125164 0.00942462 0.0162039 
0.00400844 0 0.00388522 0.00387924 0.00383952 0.00383313 0.00451438 0.00400687 0.0735518 0.0852716 0.0552087 0.018724 0.020702 0.0116735 0.025806 0.0155494 0.0254262 0.0270603 0.0185369 0.0209572 0.0314226 0.00959183 0.0146507 0.0111988 0.0113773 0.00984584 0.00894704 0.011171 0.0171855 0.0213686 0.0365489 0.0366963 0.042401 0.0252828 0.0243513 0.0253147 0.0108373 0.0176746 0.033901 0.0344571 0.0154424 0.0208894 0.0101266 0.0108829 0.00881421 
0.00392187 0.00388522 0 0.00385428 0.00378038 0.00382521 0.00382697 0.00383843 0.0521191 0.0914346 0.0613321 0.0828068 0.0218534 0.0283763 0.021807 0.0548466 0.0289792 0.0434075 0.062315 0.0392468 0.0171047 0.0103445 0.00901569 0.0143212 0.0117869 0.0130165 0.0139635 0.0132313 0.0301258 0.052756 0.0837551 0.106673 0.0843797 0.0806237 0.0576964 0.0220312 0.01052 0.0208188 0.0442017 0.0793333 0.0950363 0.0179544 0.0193003 0.0104451 0.00875842 
0.00395977 0.00387924 0.00385428 0 0.00378011 0.00378735 0.00379793 0.0038253 0.0400831 0.0759865 0.0968401 0.075315 0.046643 0.0258285 0.0447107 0.0276422 0.0486851 0.0584289 0.062693 0.0408623 0.0160811 0.0103793 0.0109093 0.0111754 0.0147359 0.0164723 0.0121111 0.0182474 0.0309083 0.0618079 0.0915827 0.152758 0.112807 0.127056 0.0541701 0.0231262 0.010706 0.0215315 0.0496063 0.156739 0.0616791 0.025784 0.016488 0.0114514 0.0087676 
0.00386654 0.00383952 0.00378038 0.00378011 0 0.00376519 0.00377381 0.00377013 0.0435765 0.0506994 0.108279 0.0712256 0.0607855 0.0240195 0.0271627 0.0277219 0.0318744 0.075711 0.0387583 0.037417 0.0161536 0.0102023 0.0098456 0.0100497 0.0164169 0.0132217 0.0120945 0.0127427 0.0257942 0.0381917 0.105015 0.0915693 0.171415 0.0720903 0.0575549 0.0191773 0.0108626 0.0153149 0.0519225 0.101398 0.0591388 0.0252981 0.014634 0.0104558 0.00862127 
0.00410993 0.00383313 0.00382521 0.00378735 0.00376519 0 0.00376601 0.00383129 0.0240099 0.0742286 0.035232 0.0864981 0.0333674 0.0370053 0.0163415 0.0318135 0.0323207 0.0256438 0.0456708 0.0195784 0.0140037 0.00978039 0.00849216 0.0141129 0.0100116 0.0126389 0.00977426 0.0114146 0.0177086 0.04191 0.0373901 0.164019 0.0484908 0.0801736 0.0347582 0.0186984 0.0099584 0.0176613 0.0319822 0.0645851 0.0607069 0.0158981 0.0175709 0.0100738 0.00872348 
0.00447879 0.00451438 0.00382697 0.00379793 0.00377381 0.00376601 0 0.00401573 0.0294505 0.0182673 0.0755371 0.0161946 0.0175152 0.0106043 0.0237766 0.0138971 0.0126721 0.0214893 0.0120633 0.0167379 0.0142189 0.00887389 0.0158822 0.00938527 0.0109034 0.00955429 0.00901774 0.00932324 0.0112165 0.0112941 0.0467816 0.017086 0.0252342 0.0138141 0.0175437 0.0154466 0.00989084 0.0136162 0.0146063 0.0233462 0.0105095 0.0171394 0.00961859 0.010009 0.00856853 
0.0201192 0.00400687 0.00383843 0.0038253 0.00377013 0.00383129 0.00401573 0 0.0135657 0.0230145 0.011156 0.0187209 0.00930422 0.00948293 0.00901914 0.0164616 0.00961045 0.00902086 0.0105262 0.00906554 0.00947355 0.0118793 0.0113673 0.01441 0.00858566 0.00854184 0.00855668 0.00874825 0.00901547 0.0116962 0.00919684 0.0126425 0.0100329 0.0123425 0.00895616 0.010276 0.0127071 0.0159231 0.0101946 0.0100063 0.00933855 0.00841944 0.0103024 0.0096966 0.00860129 
0.0822093 0.0735518 0.0521191 0.0400831 0.0435765 0.0240099 0.0294505 0.0135657 0 0.00384776 0.00378475 0.00380353 0.00380309 0.00381594 0.00393933 0.00411814 0.00835012 0.00675481 0.00649767 0.00758079 0.00977134 0.0104955 0.0130363 0.00795386 0.00863156 0.00811614 0.00811735 0.00794587 0.0146205 0.00946996 0.0156729 0.012827 0.0236094 0.0129637 0.140108 0.163131 0.0394824 0.0264839 0.0220433 0.0199299 0.011896 0.0134904 0.0134851 0.0104627 0.0133398 
0.0241107 0.0852716 0.0914346 0.0759865 0.0506994 0.0742286 0.0182673 0.0230145 0.00384776 0 0.00376578 0.00383538 0.00376576 0.0037864 0.00381465 0.00425112 0.00534433 0.00648638 0.00727762 0.00613199 0.0113234 0.00803954 0.0067379 0.0129773 0.00751109 0.0126068 0.00789794 0.0090317 0.0101016 0.0281274 0.0130905 0.0466121 0.0199388 0.273881 0.193341 0.0519932 0.0105305 0.0340016 0.0566166 0.0307831 0.0441788 0.015065 0.0148157 0.0115574 0.010456 
0.0128093 0.0552087 0.0613321 0.0968401 0.108279 0.035232 0.0755371 0.011156 0.00378475 0.00376578 0 0.00375321 0.00375291 0.00376741 0.003795 0.00381794 0.00412084 0.00615452 0.00492041 0.014834 0.00662757 0.0059502 0.00905575 0.00735967 0.0114642 0.00832472 0.00970458 0.00972594 0.017035 0.0109556 0.0459788 0.0214047 0.325713 0.223924 0.0880212 0.012223 0.0107249 0.0195115 0.0440274 0.101163 0.0367626 0.0369185 0.0123969 0.0124043 0.0088119 
0.0180196 0.018724 0.0828068 0.075315 0.0712256 0.0864981 0.0161946 0.0187209 0.00380353 0.00383538 0.00375321 0 0.0037407 0.00374932 0.00377961 0.00382982 0.00408642 0.00418526 0.00592875 0.00574811 0.00556347 0.00596136 0.00674343 0.00929151 0.00727277 0.011031 0.00791397 0.00936048 0.0104213 0.0180051 0.0134155 0.383947 0.23486 0.120749 0.0167782 0.0155602 0.00970452 0.0254147 0.0418324 0.0802616 0.0813284 0.0141389 0.0262739 0.010076 0.00906668 
0.00945659 0.020702 0.0218534 0.046643 0.0607855 0.0333674 0.0175152 0.00930422 0.00380309 0.00376576 0.00375291 0.0037407 0 0.00373986 0.00374877 0.00376517 0.00391464 0.00481429 0.00417299 0.00418725 0.00488699 0.00477076 0.00651068 0.00635372 0.0117476 0.00673248 0.00753225 0.00809386 0.0106474 0.00936838 0.282266 0.203478 0.078312 0.0106151 0.019057 0.00973451 0.0169873 0.0122943 0.0235035 0.0561786 0.0186823 0.0184069 0.00992576 0.00959879 0.00839608 
0.0115192 0.0116735 0.0283763 0.0258285 0.0240195 0.0370053 0.0106043 0.00948293 0.00381594 0.0037864 0.00376741 0.00374932 0.00373986 0 0.00375082 0.0037448 0.00379577 0.00376205 0.0037878 0.00386451 0.00383898 0.00423445 0.0057868 0.00942149 0.00634771 0.00766364 0.00718709 0.00711931 0.00791513 0.041948 0.143245 0.0477413 0.0092654 0.0154719 0.0140792 0.0108493 0.00766569 0.0112471 0.0178217 0.0196873 0.0275673 0.00941737 0.0115683 0.00894423 0.00858696 
0.00963689 0.025806 0.021807 0.0447107 0.0271627 0.0163415 0.0237766 0.00901914 0.00393933 0.00381465 0.003795 0.00377961 0.00374877 0.00375082 0 0.00377992 0.00369872 0.00377434 0.00372542 0.00402511 0.00395139 0.0038375 0.00700601 0.00643181 0.00968236 0.00716133 0.00669521 0.00776521 0.0212642 0.257642 0.0654061 0.0116548 0.0167663 0.0117806 0.0288316 0.0103809 0.00827751 0.0130075 0.0188551 0.0513271 0.015643 0.0215573 0.0108899 0.010264 0.00866051 
0.0141206 0.0155494 0.0548466 0.0276422 0.0277219 0.0318135 0.0138971 0.0164616 0.00411814 0.00425112 0.00381794 0.00382982 0.00376517 0.0037448 0.00377992 0 0.00376233 0.00379357 0.00378726 0.00381723 0.00385895 0.00381618 0.00489127 0.0108069 0.00616659 0.00702044 0.00751972 0.0158705 0.670582 0.0556023 0.0099032 0.015651 0.0158672 0.0270018 0.0115442 0.0109804 0.00907264 0.016151 0.0241814 0.0246504 0.0412065 0.011961 0.0142507 0.0103438 0.00882145 
0.0106396 0.0254262 0.0289792 0.0486851 0.0318744 0.0323207 0.0126721 0.00961045 0.00835012 0.00534433 0.00412084 0.00408642 0.00391464 0.00379577 0.00369872 0.00376233 0 0.00377274 0.00377806 0.00376228 0.00373729 0.00382537 0.00598695 0.00627377 0.00667278 0.00816527 0.0095587 0.760263 0.0403275 0.0102774 0.0120309 0.0150973 0.0232887 0.0132486 0.013507 0.0107954 0.0118206 0.015865 0.0250381 0.0483491 0.024425 0.0152728 0.0112603 0.00973811 0.00879478 
0.0114034 0.0270603 0.0434075 0.0584289 0.075711 0.0256438 0.0214893 0.00902086 0.00675481 0.00648638 0.00615452 0.00418526 0.00481429 0.00376205 0.00377434 0.00379357 0.00377274 0 0.00376031 0.00376066 0.00389707 0.00378769 0.00470176 0.00556808 0.00969276 0.00991041 0.88199 0.0242025 0.0154106 0.00920892 0.0187326 0.022343 0.0204079 0.0144147 0.021744 0.0222738 0.00885248 0.0179684 0.031167 0.0647757 0.0333952 0.020885 0.0128361 0.0106677 0.00883168 
0.0124852 0.0185369 0.062315 0.062693 0.0387583 0.0456708 0.0120633 0.0105262 0.00649767 0.00727762 0.00492041 0.00592875 0.00417299 0.0037878 0.00372542 0.00378726 0.00377806 0.00376031 0 0.00375372 0.00372907 0.00387566 0.00391422 0.00744992 0.00663733 0.900044 0.01864 0.0166159 0.00792749 0.0107496 0.011111 0.0179598 0.0138794 0.0207052 0.0155999 0.0138223 0.00810372 0.0180353 0.033248 0.0440713 0.0467072 0.0157707 0.0168825 0.0100733 0.00925889 
0.010019 0.0209572 0.0392468 0.0408623 0.037417 0.0195784 0.0167379 0.00906554 0.00758079 0.00613199 0.014834 0.00574811 0.00418725 0.00386451 0.00402511 0.00381723 0.00376228 0.00376066 0.00375372 0 0.00375253 0.00374526 0.00808474 0.0115074 0.901033 0.0179103 0.00727365 0.00663095 0.00922542 0.00735367 0.0109856 0.0115734 0.0174161 0.0118923 0.0116372 0.00871198 0.00727989 0.0131763 0.0202534 0.0497976 0.0271695 0.0155205 0.0128506 0.00939877 0.0086242 
0.0103525 0.0314226 0.0171047 0.0160811 0.0161536 0.0140037 0.0142189 0.00947355 0.00977134 0.0113234 0.00662757 0.00556347 0.00488699 0.00383898 0.00395139 0.00385895 0.00373729 0.00389707 0.00372907 0.00375253 0 0.00395957 0.00484397 0.992193 0.00428336 0.00621743 0.00456086 0.00579748 0.00641397 0.00705145 0.00706026 0.0103371 0.00975552 0.00941751 0.00940503 0.0097427 0.00658448 0.0107978 0.0196684 0.0154578 0.0121304 0.0157958 0.00979861 0.0099356 0.0085482 
0.015725 0.00959183 0.0103445 0.0103793 0.0102023 0.00978039 0.00887389 0.0118793 0.0104955 0.00803954 0.0059502 0.00596136 0.00477076 0.00423445 0.0038375 0.00381618 0.00382537 0.00378769 0.00387566 0.00374526 0.00395957 0 0.994516 0.004426 0.00462278 0.00387322 0.00517539 0.00469167 0.00546774 0.00609069 0.00635822 0.00648859 0.00795054 0.00737945 0.00693866 0.00636068 0.00633475 0.0150529 0.00974878 0.00964136 0.00923124 0.00876577 0.010067 0.0099667 0.00954455 
0.0108802 0.0146507 0.00901569 0.0109093 0.0098456 0.00849216 0.0158822 0.0113673 0.0130363 0.0067379 0.00905575 0.00674343 0.00651068 0.0057868 0.00700601 0.00489127 0.00598695 0.00470176 0.00391422 0.00808474 0.00484397 0.994516 0 0.00423117 0.00385394 0.00394977 0.00403635 0.00420114 0.0041945 0.00419401 0.00478847 0.00523727 0.00674127 0.00602143 0.007292 0.00681491 0.0214884 0.0135129 0.0112316 0.0115395 0.00845309 0.0121768 0.00921956 0.0104379 0.0109904 
0.0146318 0.0111988 0.0143212 0.0111754 0.0100497 0.0141129 0.00938527 0.01441 0.00795386 0.0129773 0.00735967 0.00929151 0.00635372 0.00942149 0.00643181 0.0108069 0.00627377 0.00556808 0.00744992 0.0115074 0.992193 0.004426 0.00423117 0 0.00465957 0.00378292 0.00428186 0.00386342 0.00431497 0.00428972 0.00436866 0.00562774 0.00554021 0.00716781 0.00628983 0.00923647 0.00968972 0.0144608 0.0155834 0.00951758 0.0154509 0.00911537 0.0103766 0.0090472 0.00992417 
0.00867454 0.0113773 0.0117869 0.0147359 0.0164169 0.0100116 0.0109034 0.00858566 0.00863156 0.00751109 0.0114642 0.00727277 0.0117476 0.00634771 0.00968236 0.00616659 0.00667278 0.00969276 0.00663733 0.901033 0.00428336 0.00462278 0.00385394 0.00465957 0 0.00385788 0.00374183 0.00405321 0.00388117 0.0038683 0.00432314 0.00421914 0.00532177 0.00478668 0.00774407 0.00577525 0.00598847 0.0098903 0.00942911 0.0180607 0.00935034 0.00996667 0.0088091 0.00876234 0.00838084 
0.00899477 0.00984584 0.0130165 0.0164723 0.0132217 0.0126389 0.00955429 0.00854184 0.00811614 0.0126068 0.00832472 0.011031 0.00673248 0.00766364 0.00716133 0.00702044 0.00816527 0.00991041 0.900044 0.0179103 0.00621743 0.00387322 0.00394977 0.00378292 0.00385788 0 0.00370376 0.00373737 0.00390607 0.00389944 0.00526298 0.00394314 0.00445508 0.00588564 0.00520658 0.00687815 0.00486382 0.00940764 0.0109654 0.0106889 0.0111505 0.00870299 0.00904797 0.00838707 0.00834262 
0.00857358 0.00894704 0.0139635 0.0121111 0.0120945 0.00977426 0.00901774 0.00855668 0.00811735 0.00789794 0.00970458 0.00791397 0.00753225 0.00718709 0.00669521 0.00751972 0.0095587 0.88199 0.01864 0.00727365 0.00456086 0.00517539 0.00403635 0.00428186 0.00374183 0.00370376 0 0.00369943 0.00374354 0.00392398 0.00385304 0.00387729 0.00443523 0.00450816 0.00553923 0.0044121 0.00439777 0.00957221 0.00960031 0.0111601 0.00903202 0.00877808 0.00900439 0.00840252 0.00822976 
0.00873075 0.011171 0.0132313 0.0182474 0.0127427 0.0114146 0.00932324 0.00874825 0.00794587 0.0090317 0.00972594 0.00936048 0.00809386 0.00711931 0.00776521 0.0158705 0.760263 0.0242025 0.0166159 0.00663095 0.00579748 0.00469167 0.00420114 0.00386342 0.00405321 0.00373737 0.00369943 0 0.00372951 0.00376571 0.00378692 0.00375115 0.00402087 0.00391822 0.00420426 0.00387892 0.00400268 0.0149533 0.0111149 0.0117264 0.0108957 0.00880474 0.00870599 0.00866015 0.00838685 
0.0104068 0.0171855 0.0301258 0.0309083 0.0257942 0.0177086 0.0112165 0.00901547 0.0146205 0.0101016 0.017035 0.0104213 0.0106474 0.00791513 0.0212642 0.670582 0.0403275 0.0154106 0.00792749 0.00922542 0.00641397 0.00546774 0.0041945 0.00431497 0.00388117 0.00390607 0.00374354 0.00372951 0 0.00374345 0.00375045 0.00399382 0.00383012 0.00384046 0.00412378 0.00391767 0.00394793 0.0206242 0.0203271 0.0264308 0.0149795 0.0115325 0.0108305 0.00940713 0.00887457 
0.0110917 0.0213686 0.052756 0.0618079 0.0381917 0.04191 0.0112941 0.0116962 0.00946996 0.0281274 0.0109556 0.0180051 0.00936838 0.041948 0.257642 0.0556023 0.0102774 0.00920892 0.0107496 0.00735367 0.00705145 0.00609069 0.00419401 0.00428972 0.0038683 0.00389944 0.00392398 0.00376571 0.00374345 0 0.00375124 0.00376736 0.00377001 0.00377129 0.00386639 0.00383033 0.00386602 0.0212376 0.0343361 0.0315951 0.0367736 0.0123106 0.0140731 0.00954536 0.00939276 
0.0112484 0.0365489 0.0837551 0.0915827 0.105015 0.0373901 0.0467816 0.00919684 0.0156729 0.0130905 0.0459788 0.0134155 0.282266 0.143245 0.0654061 0.0099032 0.0120309 0.0187326 0.011111 0.0109856 0.00706026 0.00635822 0.00478847 0.00436866 0.00432314 0.00526298 0.00385304 0.00378692 0.00375045 0.00375124 0 0.00375516 0.00376075 0.00377686 0.0038014 0.00390654 0.00381882 0.0241956 0.0342168 0.0747003 0.0335348 0.0239318 0.0167124 0.0113506 0.00935286 
0.0140827 0.0366963 0.106673 0.152758 0.0915693 0.164019 0.017086 0.0126425 0.012827 0.0466121 0.0214047 0.383947 0.203478 0.0477413 0.0116548 0.015651 0.0150973 0.022343 0.0179598 0.0115734 0.0103371 0.00648859 0.00523727 0.00562774 0.00421914 0.00394314 0.00387729 0.00375115 0.00399382 0.00376736 0.00375516 0 0.00375054 0.00376949 0.0037782 0.00377901 0.00377863 0.0561533 0.0598532 0.072475 0.0655884 0.024121 0.0247591 0.0126471 0.00960085 
0.0124675 0.042401 0.0843797 0.112807 0.171415 0.0484908 0.0252342 0.0100329 0.0236094 0.0199388 0.325713 0.23486 0.078312 0.0092654 0.0167663 0.0158672 0.0232887 0.0204079 0.0138794 0.0174161 0.00975552 0.00795054 0.00674127 0.00554021 0.00532177 0.00445508 0.00443523 0.00402087 0.00383012 0.00377001 0.00376075 0.00375054 0 0.00375454 0.00376981 0.00386518 0.00379064 0.0339192 0.0670714 0.0785453 0.0502595 0.0271737 0.0152947 0.012858 0.00966063 
0.0125664 0.0252828 0.0806237 0.127056 0.0720903 0.0801736 0.0138141 0.0123425 0.0129637 0.273881 0.223924 0.120749 0.0106151 0.0154719 0.0117806 0.0270018 0.0132486 0.0144147 0.0207052 0.0118923 0.00941751 0.00737945 0.00602143 0.00716781 0.00478668 0.00588564 0.00450816 0.00391822 0.00384046 0.00377129 0.00377686 0.00376949 0.00375454 0 0.00375905 0.00376976 0.00376356 0.0308172 0.0517149 0.0842377 0.0524353 0.0201514 0.0193069 0.0126819 0.0101666 
0.0110096 0.0243513 0.0576964 0.0541701 0.0575549 0.0347582 0.0175437 0.00895616 0.140108 0.193341 0.0880212 0.0167782 0.019057 0.0140792 0.0288316 0.0115442 0.013507 0.021744 0.0155999 0.0116372 0.00940503 0.00693866 0.007292 0.00628983 0.00774407 0.00520658 0.00553923 0.00420426 0.00412378 0.00386639 0.0038014 0.0037782 0.00376981 0.00375905 0 0.00375625 0.0037561 0.0271226 0.037078 0.0942827 0.0469909 0.0269567 0.0150856 0.0112528 0.00921722 
0.0117483 0.0253147 0.0220312 0.0231262 0.0191773 0.0186984 0.0154466 0.010276 0.163131 0.0519932 0.012223 0.0155602 0.00973451 0.0108493 0.0103809 0.0109804 0.0107954 0.0222738 0.0138223 0.00871198 0.0097427 0.00636068 0.00681491 0.00923647 0.00577525 0.00687815 0.0044121 0.00387892 0.00391767 0.00383033 0.00390654 0.00377901 0.00386518 0.00376976 0.00375625 0 0.00375049 0.0244239 0.0395446 0.0295979 0.0379638 0.0423604 0.018346 0.017748 0.010871 
0.0168288 0.0108373 0.01052 0.010706 0.0108626 0.0099584 0.00989084 0.0127071 0.0394824 0.0105305 0.0107249 0.00970452 0.0169873 0.00766569 0.00827751 0.00907264 0.0118206 0.00885248 0.00810372 0.00727989 0.00658448 0.00633475 0.0214884 0.00968972 0.00598847 0.00486382 0.00439777 0.00400268 0.00394793 0.00386602 0.00381882 0.00377863 0.00379064 0.00376356 0.0037561 0.00375049 0 0.0252778 0.0140176 0.0152745 0.0120748 0.016359 0.0276923 0.0158047 0.015323 
0.0157172 0.0176746 0.0208188 0.0215315 0.0153149 0.0176613 0.0136162 0.0159231 0.0264839 0.0340016 0.0195115 0.0254147 0.0122943 0.0112471 0.0130075 0.016151 0.015865 0.0179684 0.0180353 0.0131763 0.0107978 0.0150529 0.0135129 0.0144608 0.0098903 0.00940764 0.00957221 0.0149533 0.0206242 0.0212376 0.0241956 0.0561533 0.0339192 0.0308172 0.0271226 0.0244239 0.0252778 0 0.00428173 0.00384172 0.00388885 0.0038641 0.00496672 0.00476249 0.0107404 
0.0127049 0.033901 0.0442017 0.0496063 0.0519225 0.0319822 0.0146063 0.0101946 0.0220433 0.0566166 0.0440274 0.0418324 0.0235035 0.0178217 0.0188551 0.0241814 0.0250381 0.031167 0.033248 0.0202534 0.0196684 0.00974878 0.0112316 0.0155834 0.00942911 0.0109654 0.00960031 0.0111149 0.0203271 0.0343361 0.0342168 0.0598532 0.0670714 0.0517149 0.037078 0.0395446 0.0140176 0.00428173 0 0.00379353 0.00380785 0.00380367 0.00384271 0.00452281 0.00467738 
0.0105686 0.0344571 0.0793333 0.156739 0.101398 0.0645851 0.0233462 0.0100063 0.0199299 0.0307831 0.101163 0.0802616 0.0561786 0.0196873 0.0513271 0.0246504 0.0483491 0.0647757 0.0440713 0.0497976 0.0154578 0.00964136 0.0115395 0.00951758 0.0180607 0.0106889 0.0111601 0.0117264 0.0264308 0.0315951 0.0747003 0.072475 0.0785453 0.0842377 0.0942827 0.0295979 0.0152745 0.00384172 0.00379353 0 0.00377194 0.00377122 0.00378089 0.00385546 0.0043816 
0.0100441 0.0154424 0.0950363 0.0616791 0.0591388 0.0607069 0.0105095 0.00933855 0.011896 0.0441788 0.0367626 0.0813284 0.0186823 0.0275673 0.015643 0.0412065 0.024425 0.0333952 0.0467072 0.0271695 0.0121304 0.00923124 0.00845309 0.0154509 0.00935034 0.0111505 0.00903202 0.0108957 0.0149795 0.0367736 0.0335348 0.0655884 0.0502595 0.0524353 0.0469909 0.0379638 0.0120748 0.00388885 0.00380785 0.00377194 0 0.00374651 0.00374375 0.00376913 0.00402355 
0.00925215 0.0208894 0.0179544 0.025784 0.0252981 0.0158981 0.0171394 0.00841944 0.0134904 0.015065 0.0369185 0.0141389 0.0184069 0.00941737 0.0215573 0.011961 0.0152728 0.020885 0.0157707 0.0155205 0.0157958 0.00876577 0.0121768 0.00911537 0.00996667 0.00870299 0.00877808 0.00880474 0.0115325 0.0123106 0.0239318 0.024121 0.0271737 0.0201514 0.0269567 0.0423604 0.016359 0.0038641 0.00380367 0.00377122 0.00374651 0 0.00374251 0.00375056 0.00417917 
0.0125164 0.0101266 0.0193003 0.016488 0.014634 0.0175709 0.00961859 0.0103024 0.0134851 0.0148157 0.0123969 0.0262739 0.00992576 0.0115683 0.0108899 0.0142507 0.0112603 0.0128361 0.0168825 0.0128506 0.00979861 0.010067 0.00921956 0.0103766 0.0088091 0.00904797 0.00900439 0.00870599 0.0108305 0.0140731 0.0167124 0.0247591 0.0152947 0.0193069 0.0150856 0.018346 0.0276923 0.00496672 0.00384271 0.00378089 0.00374375 0.00374251 0 0.00380164 0.00377256 
0.00942462 0.0108829 0.0104451 0.0114514 0.0104558 0.0100738 0.010009 0.0096966 0.0104627 0.0115574 0.0124043 0.010076 0.00959879 0.00894423 0.010264 0.0103438 0.00973811 0.0106677 0.0100733 0.00939877 0.0099356 0.0099667 0.0104379 0.0090472 0.00876234 0.00838707 0.00840252 0.00866015 0.00940713 0.00954536 0.0113506 0.0126471 0.012858 0.0126819 0.0112528 0.017748 0.0158047 0.00476249 0.00452281 0.00385546 0.00376913 0.00375056 0.00380164 0 0.00695345 
0.0162039 0.00881421 0.00875842 0.0087676 0.00862127 0.00872348 0.00856853 0.00860129 0.0133398 0.010456 0.0088119 0.00906668 0.00839608 0.00858696 0.00866051 0.00882145 0.00879478 0.00883168 0.00925889 0.0086242 0.0085482 0.00954455 0.0109904 0.00992417 0.00838084 0.00834262 0.00822976 0.00838685 0.00887457 0.00939276 0.00935286 0.00960085 0.00966063 0.0101666 0.00921722 0.010871 0.015323 0.0107404 0.00467738 0.0043816 0.00402355 0.00417917 0.00377256 0.00695345 0 
