1UJ2B
EPFLIGVSGGTASGKSSVCAKIVQLLGQNEVDYRQKQVVILSQDSFYRVLTSEQKAKALKGQFNFDHPDAFDNELILKTLKEITEGKTVQIPVYDFVSHSRKEETVTVYPADVVLFEGILAFYSQEVRDLFQMKLFVDTDADTRLSRRVLRDISERGRDLEQILSQYITFVKPAFEEFCLPTKKYADVIIPRGADNLVAINLIVQHIQDILNG
CCEEEEEECCCCCCHHHHHHHHHHHCCHHHCCHHHCCEEEEEHHHHECCCCHHHHHHHHCCCCCCCCHHHECHHHHHHHHHHHHCCCCEEEEEEECCCCEEEEEEEEECCCCEEEEECCCCCCCHHHHCCCCEEEEEECCHHHHHHHHHHHHHHHCCCCHHHHHHHHHHCHHHHHHHCCHHHHHHCCEEEECCCCCHHHHHHHHHHHHHHHHC
0 0 0 0 0 0 0 0 0 0 0 0 0 0 0 0 0 0 0 0 0 0 0 0 0 0 0 0 0 0 0 0 0 0 0 0 0 0 0 0 0 0 0 0 0 0 0 0 0 0 0 0 0 0 0 0 0 0 0 0 0 0 0 0 0 0 0 0 0 0 0 0 0 0 0 0 0 0 0 0 0 0 0 0 0 0 0 0 0 0 0 0 0 0 0 0 0 0 0 0 0 0 0 0 0 0 0 0 0 0 0 0 0 0 0 0 0 0 0 0 0 0 0 0 0 0 0 0 0 0 0 0 0 0 0 0 0 0 0 0 0 0 0 0 0 0 0 0 0 0 0 0 0 0 0 0 0 0 0 0 0 0 0 0 0 0 0 0 0 0 0 0 0 0 0 0 0 0 0 0 0 0 0 0 0 0 0 0 0 0 0 0 0 0 0 0 0 0 0 0 0 0 0 0 0 0 0 0 0 0 0 0 0 
0 0 0 0 0 0 0 0 0 0 0 0 0 0 0 0 0 0 0 0 0 0 0 0 0 0 0 0 0 0 0 0 0 0 0 0 0 0 0 0 0 0 0 0 0 0 0 0 0 0 0 0 0 0 0 0 0 0 0 0 0 0 0 0 0 0 0 0 0 0 0 0 0 0 0 0 0 0 0 0 0 0 0 0 0 0 0 0 0 0 0 0 0 0 0 0 0 0 0 0 0 0 0 0 0 0 0 0 0 0 0 0 0 0 0 0 0 0 0 0 0 0 0 0 0 0 0 0 0 0 0 0 0 0 0 0 0 0 0 0 0 0 0 0 0 0 0 0 0 0 0 0 0 0 0 0 0 0 0 0 0 0 0 0 0 0 0 0 0 0 0 0 0 0 0 0 0 0 0 0 0 0 0 0 0 0 0 0 0 0 0 0 0 0 0 0 0 0 0 0 0 0 0 0 0 0 0 0 0 0 0 0 0 
0 0.00400725 0.00389386 0.00385447 0.00392762 0.00658514 0.358996 0.0381484 0.0214171 0.0175414 0.0300513 0.0145722 0.0138978 0.0186912 0.0101279 0.0113986 0.00971431 0.0103917 0.0101004 0.013494 0.00887867 0.00839958 0.00836664 0.00837432 0.00837509 0.00837837 0.00864982 0.00947537 0.0145299 0.0254858 0.0118996 0.0133712 0.0109678 0.0141882 0.0101922 0.00894875 0.0123344 0.0096589 0.00977188 0.0100882 0.00999138 0.00904681 0.00899572 0.00903115 
0.00400725 0 0.00381465 0.00379441 0.00384872 0.00395431 0.151745 0.296674 0.0551998 0.0450723 0.0145065 0.00948486 0.00959032 0.010062 0.023306 0.0127611 0.0173633 0.018876 0.0172332 0.00944791 0.0083501 0.00852594 0.00845439 0.00854777 0.00852073 0.00867323 0.00908482 0.0103569 0.00871201 0.0130353 0.0420755 0.0281706 0.0175333 0.0105916 0.00906533 0.0130239 0.0137301 0.0152807 0.0104467 0.00917292 0.0091831 0.0106661 0.00909777 0.00844216 
0.00389386 0.00381465 0 0.00377012 0.0038114 0.00379064 0.073262 0.148297 0.249148 0.0390048 0.0143933 0.00963471 0.00923045 0.0123005 0.011483 0.0478806 0.0214741 0.0488808 0.0155537 0.00936689 0.00838302 0.00842762 0.00957504 0.00915588 0.00990792 0.00927275 0.0128027 0.00961158 0.00897837 0.0174777 0.0269039 0.0683247 0.0245276 0.011314 0.0105301 0.010193 0.024921 0.0170713 0.0104633 0.00861763 0.0103609 0.0103361 0.00903322 0.00852859 
0.00385447 0.00379441 0.00377012 0 0.00378437 0.00378015 0.0385507 0.14188 0.257591 0.0997742 0.018126 0.00903652 0.00919744 0.00902675 0.023926 0.0156666 0.0410046 0.0310261 0.0138237 0.00980739 0.00839327 0.00843437 0.00897296 0.00919324 0.00896859 0.00992463 0.00993978 0.0106785 0.00854108 0.0109033 0.0353287 0.0469764 0.0182379 0.0104306 0.00898726 0.0131266 0.0156135 0.0202101 0.0100154 0.00890868 0.00909253 0.0100001 0.00910862 0.00838112 
0.00392762 0.00384872 0.0038114 0.00378437 0 0.00405464 0.0215273 0.0393354 0.112859 0.23195 0.0627531 0.0112384 0.0106599 0.010259 0.00931265 0.0149615 0.0100691 0.0161533 0.0180515 0.00924509 0.00831447 0.00832144 0.00837403 0.00827764 0.00835681 0.00833796 0.00868624 0.00919604 0.00867633 0.0106176 0.0153167 0.0211994 0.0239854 0.0103303 0.00889019 0.00904202 0.0126213 0.00954415 0.0117859 0.0083961 0.00886981 0.00885725 0.00873516 0.00819005 
0.00658514 0.00395431 0.00379064 0.00378015 0.00405464 0 0.0159961 0.0147512 0.0361634 0.0814986 0.165776 0.0244877 0.0139757 0.0114845 0.00940507 0.00863532 0.00899544 0.00937646 0.00985327 0.0122584 0.00981418 0.00820458 0.00821011 0.00822692 0.00821402 0.00825068 0.00836896 0.00867146 0.00933212 0.0114163 0.0105354 0.0100532 0.0107138 0.0141566 0.00902151 0.00892394 0.00887529 0.00913908 0.0087138 0.00979684 0.00907201 0.00845649 0.00836343 0.00838936 
0.358996 0.151745 0.073262 0.0385507 0.0215273 0.0159961 0 0.00430095 0.00388359 0.00387756 0.00403545 0.00546695 0.0263796 0.0394938 0.0123569 0.0124191 0.0107674 0.0107487 0.010209 0.0151733 0.0102598 0.00872187 0.00866452 0.00857902 0.00852401 0.00857187 0.0090323 0.00950164 0.0221704 0.0659264 0.0169948 0.0129993 0.0103312 0.0154749 0.0134749 0.00942837 0.0104052 0.0094914 0.00950266 0.0107855 0.010287 0.00876322 0.00860691 0.0087229 
0.0381484 0.296674 0.148297 0.14188 0.0393354 0.0147512 0.00430095 0 0.00377376 0.00380634 0.00378409 0.00440054 0.0110886 0.0183956 0.0161163 0.024423 0.0170053 0.0233287 0.0176527 0.00947738 0.00865418 0.0092698 0.00874596 0.00892132 0.00887353 0.00895835 0.00930799 0.0105209 0.0104075 0.0207783 0.0833283 0.0315068 0.0207092 0.00969512 0.0103665 0.0117535 0.0200898 0.0151627 0.0108009 0.00878051 0.00998736 0.00985768 0.00889353 0.00840743 
0.0214171 0.0551998 0.249148 0.257591 0.112859 0.0361634 0.00388359 0.00377376 0 0.00375324 0.00376113 0.00389917 0.00994063 0.0104102 0.0399708 0.0190314 0.0532475 0.0402339 0.0121478 0.0110637 0.00898222 0.00892099 0.00970649 0.00979012 0.00926364 0.0104229 0.0108637 0.0137545 0.00876214 0.0135206 0.0468264 0.166554 0.0192136 0.0137633 0.00908154 0.0179048 0.0266118 0.0412312 0.0101799 0.00926118 0.00961898 0.0115732 0.00942069 0.00847445 
0.0175414 0.0450723 0.0390048 0.0997742 0.23195 0.0814986 0.00387756 0.00380634 0.00375324 0 0.00374903 0.00403409 0.0142361 0.0148126 0.0101709 0.0179964 0.012346 0.0182239 0.0244886 0.00998312 0.00897389 0.00900877 0.00842747 0.00838224 0.00849138 0.00844783 0.00909805 0.00937957 0.0100723 0.0126279 0.0263553 0.0227488 0.0942945 0.0110224 0.0109899 0.0101059 0.0188342 0.0113881 0.0199266 0.00860444 0.0106302 0.00896971 0.00898776 0.00837083 
0.0300513 0.0145065 0.0143933 0.018126 0.0627531 0.165776 0.00403545 0.00378409 0.00376113 0.00374903 0 0.00428378 0.0139797 0.0176617 0.0111693 0.00934698 0.0102665 0.0132142 0.0117794 0.0164265 0.0124932 0.0088737 0.00852462 0.00848474 0.00844439 0.00855175 0.00848263 0.0102442 0.00955542 0.0174031 0.013611 0.0152071 0.0129148 0.0287288 0.0113038 0.00985886 0.00956237 0.00975644 0.00893068 0.0113543 0.00992637 0.00878475 0.00856662 0.00818396 
0.0145722 0.00948486 0.00963471 0.00903652 0.0112384 0.0244877 0.00546695 0.00440054 0.00389917 0.00403409 0.00428378 0 0.411676 0.0170821 0.00874715 0.0109284 0.00855056 0.00916659 0.0113293 0.0119853 0.00938971 0.00836216 0.00836635 0.00832119 0.00836529 0.00833651 0.00871006 0.00865166 0.0192305 0.0133143 0.00950202 0.00894109 0.00977305 0.0115167 0.0108746 0.00839582 0.00880223 0.00842535 0.0101626 0.00962855 0.00947836 0.00830535 0.00838588 0.0090951 
0.0138978 0.00959032 0.00923045 0.00919744 0.0106599 0.0139757 0.0263796 0.0110886 0.00994063 0.0142361 0.0139797 0.411676 0 0.0253647 0.00787228 0.00690984 0.00910211 0.00841889 0.0110498 0.0141578 0.0105885 0.00821958 0.00807583 0.00826913 0.00899282 0.00862392 0.00881961 0.0118603 0.0255203 0.0162815 0.0112315 0.00983939 0.0110756 0.0194807 0.0134275 0.0102214 0.00925176 0.00929201 0.00959281 0.0127392 0.0101187 0.008833 0.00852221 0.00963586 
0.0186912 0.010062 0.0123005 0.00902675 0.010259 0.0114845 0.0394938 0.0183956 0.0104102 0.0148126 0.0176617 0.0170821 0.0253647 0 0.00378802 0.0039129 0.00377871 0.00387639 0.00472364 0.00456328 0.00674158 0.00683794 0.00724049 0.00691076 0.00824641 0.0119207 0.163123 0.0334814 0.338135 0.0408906 0.018349 0.0119994 0.0142111 0.016089 0.0481793 0.00979168 0.0182917 0.00951866 0.018087 0.0131645 0.0198978 0.00934404 0.00944599 0.0107464 
0.0101279 0.023306 0.011483 0.023926 0.00931265 0.00940507 0.0123569 0.0161163 0.0399708 0.0101709 0.0111693 0.00874715 0.00787228 0.00378802 0 0.00376382 0.003777 0.00379316 0.003788 0.00398378 0.00566316 0.00597112 0.00641885 0.00689846 0.0198868 0.144995 0.0198924 0.249614 0.00828567 0.0130485 0.0414121 0.0199049 0.0116944 0.0111216 0.00944821 0.0447791 0.0108848 0.0390988 0.00935143 0.0137555 0.0101609 0.0158067 0.0101337 0.00840213 
0.0113986 0.0127611 0.0478806 0.0156666 0.0149615 0.00863532 0.0124191 0.024423 0.0190314 0.0179964 0.00934698 0.0109284 0.00690984 0.0039129 0.00376382 0 0.0037753 0.00376633 0.00376546 0.00377335 0.00493141 0.00599001 0.00856868 0.020833 0.170968 0.0301458 0.171028 0.00760581 0.0190654 0.0144572 0.0163583 0.0322611 0.018046 0.00953432 0.0216557 0.00975412 0.0763465 0.0120683 0.0232396 0.00872796 0.012219 0.0113445 0.0102273 0.00855555 
0.00971431 0.0173633 0.0214741 0.0410046 0.0100691 0.00899544 0.0107674 0.0170053 0.0532475 0.012346 0.0102665 0.00855056 0.00910211 0.00377871 0.003777 0.0037753 0 0.00375173 0.00374782 0.00377071 0.00446362 0.00572228 0.0291 0.166371 0.0388306 0.111789 0.00712849 0.0118259 0.00725513 0.0108191 0.0220454 0.0277014 0.0143838 0.00974045 0.00923342 0.0211558 0.0161387 0.0638719 0.00945019 0.00987284 0.00977588 0.0155918 0.00977699 0.00841919 
0.0103917 0.018876 0.0488808 0.0310261 0.0161533 0.00937646 0.0107487 0.0233287 0.0402339 0.0182239 0.0132142 0.00916659 0.00841889 0.00387639 0.00379316 0.00376633 0.00375173 0 0.00375334 0.00375595 0.00463099 0.00628573 0.283972 0.0292143 0.045247 0.00713596 0.00758275 0.00758578 0.00812508 0.0137296 0.0199287 0.0443355 0.0187885 0.0150097 0.0140348 0.0139029 0.040368 0.0277304 0.0152308 0.0108608 0.0115944 0.0149317 0.0142523 0.00882933 
0.0101004 0.0172332 0.0155537 0.0138237 0.0180515 0.00985327 0.010209 0.0176527 0.0121478 0.0244886 0.0117794 0.0113293 0.0110498 0.00472364 0.003788 0.00376546 0.00374782 0.00375334 0 0.00377485 0.0157151 0.828639 0.0100833 0.0261795 0.00609304 0.0116188 0.0074651 0.00771844 0.0084104 0.0126966 0.0233775 0.019415 0.0566835 0.0152625 0.0130649 0.0177973 0.020862 0.0145488 0.0300945 0.00993809 0.0105709 0.012982 0.0118889 0.00870898 
0.013494 0.00944791 0.00936689 0.00980739 0.00924509 0.0122584 0.0151733 0.00947738 0.0110637 0.00998312 0.0164265 0.0119853 0.0141578 0.00456328 0.00398378 0.00377335 0.00377071 0.00375595 0.00377485 0 0.887452 0.00604267 0.0061064 0.00439779 0.005326 0.0058622 0.006559 0.00789708 0.00783082 0.0137235 0.0119337 0.0111421 0.0120185 0.0320452 0.0132903 0.0108263 0.0097597 0.0115586 0.0098284 0.0187405 0.0141139 0.00923192 0.00877851 0.00877071 
0.00887867 0.0083501 0.00838302 0.00839327 0.00831447 0.00981418 0.0102598 0.00865418 0.00898222 0.00897389 0.0124932 0.00938971 0.0105885 0.00674158 0.00566316 0.00493141 0.00446362 0.00463099 0.0157151 0.887452 0 0.00395847 0.00378425 0.00385693 0.0038712 0.00434198 0.00425213 0.00798455 0.00887693 0.00737145 0.00727444 0.00792734 0.0084904 0.0310977 0.0102886 0.00974168 0.00894686 0.0100928 0.00915118 0.0177745 0.00928575 0.00855575 0.00851398 0.00914793 
0.00839958 0.00852594 0.00842762 0.00843437 0.00832144 0.00820458 0.00872187 0.0092698 0.00892099 0.00900877 0.0088737 0.00836216 0.00821958 0.00683794 0.00597112 0.00599001 0.00572228 0.00628573 0.828639 0.00604267 0.00395847 0 0.00381104 0.00374518 0.00386313 0.00398083 0.00460867 0.00442554 0.00421121 0.00670208 0.00726216 0.00750144 0.00983724 0.00757179 0.00944161 0.00939797 0.00984125 0.00922977 0.0146709 0.00841605 0.0088601 0.00870259 0.00839627 0.00824148 
0.00836664 0.00845439 0.00957504 0.00897296 0.00837403 0.00821011 0.00866452 0.00874596 0.00970649 0.00842747 0.00852462 0.00836635 0.00807583 0.00724049 0.00641885 0.00856868 0.0291 0.283972 0.0100833 0.0061064 0.00378425 0.00381104 0 0.00385608 0.0037497 0.00403253 0.00410799 0.00417176 0.00407625 0.00669258 0.00700708 0.00843707 0.00737656 0.00686625 0.00943939 0.00866624 0.010113 0.0116413 0.00856256 0.00846469 0.00886023 0.00862408 0.00830967 0.00819161 
0.00837432 0.00854777 0.00915588 0.00919324 0.00827764 0.00822692 0.00857902 0.00892132 0.00979012 0.00838224 0.00848474 0.00832119 0.00826913 0.00691076 0.00689846 0.020833 0.166371 0.0292143 0.0261795 0.00439779 0.00385693 0.00374518 0.00385608 0 0.00396808 0.00380227 0.00389167 0.00396674 0.00392999 0.00602957 0.00754334 0.00755174 0.0100283 0.00976729 0.00871931 0.00912374 0.0099815 0.00990597 0.00848724 0.00842986 0.00868455 0.00865033 0.00845221 0.00819894 
0.00837509 0.00852073 0.00990792 0.00896859 0.00835681 0.00821402 0.00852401 0.00887353 0.00926364 0.00849138 0.00844439 0.00836529 0.00899282 0.00824641 0.0198868 0.170968 0.0388306 0.045247 0.00609304 0.005326 0.0038712 0.00386313 0.0037497 0.00396808 0 0.00394587 0.00376153 0.00387161 0.00392021 0.00602115 0.00681774 0.0074964 0.00945722 0.0240212 0.00896544 0.00885849 0.0103427 0.00955411 0.00867764 0.00836238 0.00877747 0.00877284 0.00841804 0.00826515 
0.00837837 0.00867323 0.00927275 0.00992463 0.00833796 0.00825068 0.00857187 0.00895835 0.0104229 0.00844783 0.00855175 0.00833651 0.00862392 0.0119207 0.144995 0.0301458 0.111789 0.00713596 0.0116188 0.0058622 0.00434198 0.00398083 0.00403253 0.00380227 0.00394587 0 0.00373599 0.00384701 0.00386506 0.00488457 0.00735806 0.0121754 0.0429166 0.0114667 0.00854573 0.00989011 0.009413 0.0132113 0.00854082 0.00889215 0.0086907 0.00889982 0.00885052 0.00830242 
0.00864982 0.00908482 0.0128027 0.00993978 0.00868624 0.00836896 0.0090323 0.00930799 0.0108637 0.00909805 0.00848263 0.00871006 0.00881961 0.163123 0.0198924 0.171028 0.00712849 0.00758275 0.0074651 0.006559 0.00425213 0.00460867 0.00410799 0.00389167 0.00376153 0.00373599 0 0.00375268 0.00378076 0.00525368 0.0118351 0.0779826 0.0130414 0.00673486 0.0118245 0.00853585 0.0209851 0.0102057 0.0107044 0.00844021 0.00980965 0.00980981 0.00903584 0.00848146 
0.00947537 0.0103569 0.00961158 0.0106785 0.00919604 0.00867146 0.00950164 0.0105209 0.0137545 0.00937957 0.0102442 0.00865166 0.0118603 0.0334814 0.249614 0.00760581 0.0118259 0.00758578 0.00771844 0.00789708 0.00798455 0.00442554 0.00417176 0.00396674 0.00387161 0.00384701 0.00375268 0 0.00388329 0.00563606 0.0837709 0.0142175 0.00811282 0.00757684 0.00905313 0.033476 0.00942477 0.0217461 0.0094357 0.0119631 0.0113423 0.0158221 0.0102377 0.00857112 
0.0145299 0.00871201 0.00897837 0.00854108 0.00867633 0.00933212 0.0221704 0.0104075 0.00876214 0.0100723 0.00955542 0.0192305 0.0255203 0.338135 0.00828567 0.0190654 0.00725513 0.00812508 0.0084104 0.00783082 0.00887693 0.00421121 0.00407625 0.00392999 0.00392021 0.00386506 0.00378076 0.00388329 0 0.0730671 0.0233221 0.00725184 0.00682596 0.00644504 0.0423462 0.00980049 0.0127079 0.00894608 0.0161112 0.0113904 0.0206726 0.00924369 0.00885837 0.00911798 
0.0254858 0.0130353 0.0174777 0.0109033 0.0106176 0.0114163 0.0659264 0.0207783 0.0135206 0.0126279 0.0174031 0.0133143 0.0162815 0.0408906 0.0130485 0.0144572 0.0108191 0.0137296 0.0126966 0.0137235 0.00737145 0.00670208 0.00669258 0.00602957 0.00602115 0.00488457 0.00525368 0.00563606 0.0730671 0 0.00388823 0.00380401 0.00385752 0.00472178 0.143451 0.0438126 0.0274033 0.0173151 0.0283595 0.023098 0.0682408 0.024917 0.0119701 0.0173445 
0.0118996 0.0420755 0.0269039 0.0353287 0.0153167 0.0105354 0.0169948 0.0833283 0.0468264 0.0263553 0.013611 0.00950202 0.0112315 0.018349 0.0414121 0.0163583 0.0220454 0.0199287 0.0233775 0.0119337 0.00727444 0.00726216 0.00700708 0.00754334 0.00681774 0.00735806 0.0118351 0.0837709 0.0233221 0.00388823 0 0.00385666 0.00380584 0.00386023 0.0775849 0.158191 0.0850937 0.0766911 0.047369 0.0136741 0.0457837 0.10383 0.0293635 0.00988959 
0.0133712 0.0281706 0.0683247 0.0469764 0.0211994 0.0100532 0.0129993 0.0315068 0.166554 0.0227488 0.0152071 0.00894109 0.00983939 0.0119994 0.0199049 0.0322611 0.0277014 0.0443355 0.019415 0.0111421 0.00792734 0.00750144 0.00843707 0.00755174 0.0074964 0.0121754 0.0779826 0.0142175 0.00725184 0.00380401 0.00385666 0 0.00385246 0.00378534 0.0195361 0.0917521 0.174988 0.235029 0.0409582 0.0181234 0.0259724 0.0808688 0.0376576 0.00996038 
0.0109678 0.0175333 0.0245276 0.0182379 0.0239854 0.0107138 0.0103312 0.0207092 0.0192136 0.0942945 0.0129148 0.00977305 0.0110756 0.0142111 0.0116944 0.018046 0.0143838 0.0187885 0.0566835 0.0120185 0.0084904 0.00983724 0.00737656 0.0100283 0.00945722 0.0429166 0.0130414 0.00811282 0.00682596 0.00385752 0.00380584 0.00385246 0 0.00386279 0.0236641 0.0447538 0.151411 0.0658791 0.196222 0.0221156 0.0221001 0.0278038 0.0439826 0.0119062 
0.0141882 0.0105916 0.011314 0.0104306 0.0103303 0.0141566 0.0154749 0.00969512 0.0137633 0.0110224 0.0287288 0.0115167 0.0194807 0.016089 0.0111216 0.00953432 0.00974045 0.0150097 0.0152625 0.0320452 0.0310977 0.00757179 0.00686625 0.00976729 0.0240212 0.0114667 0.00673486 0.00757684 0.00644504 0.00472178 0.00386023 0.00378534 0.00386279 0 0.0252381 0.0417825 0.0195785 0.0378531 0.0477644 0.182236 0.0235811 0.013602 0.0138761 0.0127879 
0.0101922 0.00906533 0.0105301 0.00898726 0.00889019 0.00902151 0.0134749 0.0103665 0.00908154 0.0109899 0.0113038 0.0108746 0.0134275 0.0481793 0.00944821 0.0216557 0.00923342 0.0140348 0.0130649 0.0132903 0.0102886 0.00944161 0.00943939 0.00871931 0.00896544 0.00854573 0.0118245 0.00905313 0.0423462 0.143451 0.0775849 0.0195361 0.0236641 0.0252381 0 0.00383552 0.00381436 0.00382255 0.00395261 0.00437892 0.210122 0.0160937 0.011785 0.0257394 
0.00894875 0.0130239 0.010193 0.0131266 0.00904202 0.00892394 0.00942837 0.0117535 0.0179048 0.0101059 0.00985886 0.00839582 0.0102214 0.00979168 0.0447791 0.00975412 0.0211558 0.0139029 0.0177973 0.0108263 0.00974168 0.00939797 0.00866624 0.00912374 0.00885849 0.00989011 0.00853585 0.033476 0.00980049 0.0438126 0.158191 0.0917521 0.0447538 0.0417825 0.00383552 0 0.00379026 0.00377647 0.00385461 0.00413106 0.0530053 0.130891 0.0306102 0.00946881 
0.0123344 0.0137301 0.024921 0.0156135 0.0126213 0.00887529 0.0104052 0.0200898 0.0266118 0.0188342 0.00956237 0.00880223 0.00925176 0.0182917 0.0108848 0.0763465 0.0161387 0.040368 0.020862 0.0097597 0.00894686 0.00984125 0.010113 0.0099815 0.0103427 0.009413 0.0209851 0.00942477 0.0127079 0.0274033 0.0850937 0.174988 0.151411 0.0195785 0.00381436 0.00379026 0 0.0037567 0.00377358 0.00376899 0.288345 0.0855192 0.0416343 0.0105666 
0.0096589 0.0152807 0.0170713 0.0202101 0.00954415 0.00913908 0.0094914 0.0151627 0.0412312 0.0113881 0.00975644 0.00842535 0.00929201 0.00951866 0.0390988 0.0120683 0.0638719 0.0277304 0.0145488 0.0115586 0.0100928 0.00922977 0.0116413 0.00990597 0.00955411 0.0132113 0.0102057 0.0217461 0.00894608 0.0173151 0.0766911 0.235029 0.0658791 0.0378531 0.00382255 0.00377647 0.0037567 0 0.00379022 0.00377114 0.0425635 0.334538 0.0254913 0.0110312 
0.00977188 0.0104467 0.0104633 0.0100154 0.0117859 0.0087138 0.00950266 0.0108009 0.0101799 0.0199266 0.00893068 0.0101626 0.00959281 0.018087 0.00935143 0.0232396 0.00945019 0.0152308 0.0300945 0.0098284 0.00915118 0.0146709 0.00856256 0.00848724 0.00867764 0.00854082 0.0107044 0.0094357 0.0161112 0.0283595 0.047369 0.0409582 0.196222 0.0477644 0.00395261 0.00385461 0.00377358 0.00379022 0 0.00397539 0.0293759 0.0306012 0.309358 0.0128422 
0.0100882 0.00917292 0.00861763 0.00890868 0.0083961 0.00979684 0.0107855 0.00878051 0.00926118 0.00860444 0.0113543 0.00962855 0.0127392 0.0131645 0.0137555 0.00872796 0.00987284 0.0108608 0.00993809 0.0187405 0.0177745 0.00841605 0.00846469 0.00842986 0.00836238 0.00889215 0.00844021 0.0119631 0.0113904 0.023098 0.0136741 0.0181234 0.0221156 0.182236 0.00437892 0.00413106 0.00376899 0.00377114 0.00397539 0 0.0130952 0.0207924 0.0365025 0.0975802 
0.00999138 0.0091831 0.0103609 0.00909253 0.00886981 0.00907201 0.010287 0.00998736 0.00961898 0.0106302 0.00992637 0.00947836 0.0101187 0.0198978 0.0101609 0.012219 0.00977588 0.0115944 0.0105709 0.0141139 0.00928575 0.0088601 0.00886023 0.00868455 0.00877747 0.0086907 0.00980965 0.0113423 0.0206726 0.0682408 0.0457837 0.0259724 0.0221001 0.0235811 0.210122 0.0530053 0.288345 0.0425635 0.0293759 0.0130952 0 0.00410836 0.00385239 0.00465201 
0.00904681 0.0106661 0.0103361 0.0100001 0.00885725 0.00845649 0.00876322 0.00985768 0.0115732 0.00896971 0.00878475 0.00830535 0.008833 0.00934404 0.0158067 0.0113445 0.0155918 0.0149317 0.012982 0.00923192 0.00855575 0.00870259 0.00862408 0.00865033 0.00877284 0.00889982 0.00980981 0.0158221 0.00924369 0.024917 0.10383 0.0808688 0.0278038 0.013602 0.0160937 0.130891 0.0855192 0.334538 0.0306012 0.0207924 0.00410836 0 0.00464729 0.00380464 
0.00899572 0.00909777 0.00903322 0.00910862 0.00873516 0.00836343 0.00860691 0.00889353 0.00942069 0.00898776 0.00856662 0.00838588 0.00852221 0.00944599 0.0101337 0.0102273 0.00977699 0.0142523 0.0118889 0.00877851 0.00851398 0.00839627 0.00830967 0.00845221 0.00841804 0.00885052 0.00903584 0.0102377 0.00885837 0.0119701 0.0293635 0.0376576 0.0439826 0.0138761 0.011785 0.0306102 0.0416343 0.0254913 0.309358 0.0365025 0.00385239 0.00464729 0 0.00380111 
0.00903115 0.00844216 0.00852859 0.00838112 0.00819005 0.00838936 0.0087229 0.00840743 0.00847445 0.00837083 0.00818396 0.0090951 0.00963586 0.0107464 0.00840213 0.00855555 0.00841919 0.00882933 0.00870898 0.00877071 0.00914793 0.00824148 0.00819161 0.00819894 0.00826515 0.00830242 0.00848146 0.00857112 0.00911798 0.0173445 0.00988959 0.00996038 0.0119062 0.0127879 0.0257394 0.00946881 0.0105666 0.0110312 0.0128422 0.0975802 0.00465201 0.00380464 0.00380111 0 
