2MASB
AKKIILDCDPGLDDAVAILLAHGNPEIELLAITTVVGNQTLAKVTRNAQLVADIAGITGVPIAAGCDKPLVRKIMTAGHIHGESGMGTVAYPAEFKNKVDERHAVNLIIDLVMSHEPKTITLVPTGGLTNIAMAARLEPRIVDRVKEVVLMGGGYHEGNATSVAEFNIIIDPEAAHIVFNESWQVTMVGLDLTHQALATPPILQRVKEVDTNPARFMLEIMDYYTKIYQSNRYMAAAAVHDPCAVAYVIDPSVMTTERVPVDIELTGKLTLGMTVADFRNPRPEHCHTQVAVKLDFEKFWGLVLDALERIGDP
CEEEEEEECCCHHHHHHHHHHHHCCCEEEEEEEECCCCCCHHHHHHHHHHHHHHCCCCCCCEECCCCCCCCCCCCCCHHHHCCCCCCCCCCCCCCCCCECCCCHHHHHHHHHHHCCCCCEEEEECCCCHHHHHHHHHCCCHHHHEEEEEEECCCCCCCCCCCCCCHHHHCCHHHHHHHHHCCCCEEEECHHHHCCCEECHHHHHHHHCCCCHHHHHHHHHHHHHHHHHHCCCCCCCEECCHHHHHHHHHCHHHEEEECCCEEECCCCCCCCCCEEECCCCCCCCCCCEEEEEEECHHHHHHHHHHHHHHHCCC
0 0 0 0 0 0 0 0 0 0 0 0 0 0 0 0 0 0 0 0 0 0 0 0 0 0 0 0 0 0 0 0 0 0 0 0 0 0 0 0 0 0 0 0 0 0 0 0 0 0 0 0 0 0 0 0 0 0 0 0 0 0 0 0 0 0 0 0 0 0 0 0 0 0 0 0 0 0 0 0 0 0 0 0 0 0 0 0 0 0 0 0 0 0 0 0 0 0 0 0 0 0 0 0 0 0 0 0 0 0 0 0 0 0 0 0 0 0 0 0 0 0 0 0 0 0 0 0 0 0 0 0 0 0 0 0 0 0 0 0 0 0 0 0 0 0 0 0 0 0 0 0 0 0 0 0 0 0 0 0 0 0 0 0 0 0 0 0 0 0 0 0 0 0 0 0 0 0 0 0 0 0 0 0 0 0 0 0 0 0 0 0 0 0 0 0 0 0 0 0 0 0 0 0 0 0 0 0 0 0 0 0 0 0 0 0 0 0 0 0 0 0 0 0 0 0 0 0 0 0 0 0 0 0 0 0 0 0 0 0 0 0 0 0 0 0 0 0 0 0 0 0 0 0 0 0 0 0 0 0 0 0 0 0 0 0 0 0 0 0 0 0 0 0 0 0 0 0 0 0 0 0 0 0 0 0 0 0 0 0 0 0 0 0 0 0 0 0 0 0 0 0 0 0 0 0 0 0 0 0 0 0 0 
0 0 0 0 0 0 0 0 0 0 0 0 0 0 0 0 0 0 0 0 0 0 0 0 0 0 0 0 0 0 0 0 0 0 0 0 0 0 0 0 0 0 0 0 0 0 0 0 0 0 0 0 0 0 0 0 0 0 0 0 0 0 0 0 0 0 0 0 0 0 0 0 0 0 0 0 0 0 0 0 0 0 0 0 0 0 0 0 0 0 0 0 0 0 0 0 0 0 0 0 0 0 0 0 0 0 0 0 0 0 0 0 0 0 0 0 0 0 0 0 0 0 0 0 0 0 0 0 0 0 0 0 0 0 0 0 0 0 0 0 0 0 0 0 0 0 0 0 0 0 0 0 0 0 0 0 0 0 0 0 0 0 0 0 0 0 0 0 0 0 0 0 0 0 0 0 0 0 0 0 0 0 0 0 0 0 0 0 0 0 0 0 0 0 0 0 0 0 0 0 0 0 0 0 0 0 0 0 0 0 0 0 0 0 0 0 0 0 0 0 0 0 0 0 0 0 0 0 0 0 0 0 0 0 0 0 0 0 0 0 0 0 0 0 0 0 0 0 0 0 0 0 0 0 0 0 0 0 0 0 0 0 0 0 0 0 0 0 0 0 0 0 0 0 0 0 0 0 0 0 0 0 0 0 0 0 0 0 0 0 0 0 0 0 0 0 0 0 0 0 0 0 0 0 0 0 0 0 0 0 0 0 0 
0 0.00525161 0.0038011 0.00404533 0.00392886 0.00395618 0.00631444 0.446755 0.0232696 0.0208902 0.0136391 0.0139495 0.0166308 0.0123292 0.0315114 0.0110783 0.0105379 0.00957687 0.00954784 0.00852268 0.00888398 0.0087649 0.00970541 0.00931785 0.00826812 0.0083156 0.00856824 0.00846379 0.00842297 0.00865607 0.00830936 0.00817184 0.00838206 0.00838721 0.00824603 0.00874603 0.00831583 0.00836321 0.00827168 0.00825633 0.00868436 0.0085233 0.00856742 0.00848 0.00868694 0.0084681 0.00853234 0.00879266 0.00853718 0.00846745 0.0086015 0.00848415 0.00866613 0.00875783 0.00953002 
0.00525161 0 0.00717212 0.00383531 0.00384833 0.00410444 0.00410091 0.0253799 0.5062 0.0267521 0.0317819 0.0359776 0.0166777 0.0536686 0.0119177 0.0131718 0.00939653 0.00856459 0.00892234 0.0130471 0.00961113 0.0110605 0.00878823 0.00848609 0.00864718 0.00870641 0.00896674 0.00994833 0.00892967 0.00852589 0.0083369 0.00858328 0.00861863 0.00829123 0.00851057 0.00829298 0.0084214 0.00841027 0.00830398 0.00837132 0.00842037 0.00844969 0.00838953 0.00873372 0.00850471 0.00852481 0.00860085 0.0085327 0.00845835 0.00866532 0.00868708 0.00864732 0.00871406 0.00864659 0.00859075 
0.0038011 0.00717212 0 0.00385199 0.00384516 0.00376627 0.0038212 0.134209 0.0165404 0.387504 0.0825146 0.0388386 0.161606 0.0172454 0.0189948 0.0112063 0.00993082 0.00852157 0.0124412 0.0115288 0.0261746 0.0113992 0.0100629 0.0104688 0.00852788 0.010474 0.0121245 0.0113568 0.010644 0.0092183 0.0087767 0.00890582 0.00904894 0.00861922 0.00826987 0.00835476 0.00845805 0.00842804 0.00850272 0.00838404 0.00844064 0.00844856 0.00859725 0.00866768 0.0086831 0.00853182 0.00853584 0.0086335 0.00854551 0.00874103 0.00888915 0.00882619 0.00885155 0.00867392 0.00880782 
0.00404533 0.00383531 0.00385199 0 0.00376178 0.00375749 0.00384273 0.0213539 0.119237 0.0411181 0.218306 0.361188 0.0587186 0.0688706 0.0149477 0.0115972 0.00997332 0.00839373 0.00919697 0.0208545 0.0216631 0.017554 0.0109969 0.00853222 0.00910057 0.0102583 0.0120228 0.0173507 0.0116105 0.00922697 0.00854165 0.00928315 0.00927035 0.00879058 0.00830094 0.00830648 0.00839032 0.00850238 0.00845117 0.00834708 0.00840851 0.00838424 0.00849629 0.00883344 0.008582 0.00853071 0.00859679 0.00854937 0.00853446 0.00864032 0.00898538 0.00876998 0.00879949 0.00870781 0.00852072 
0.00392886 0.00384833 0.00384516 0.00376178 0 0.00376236 0.00375834 0.0272026 0.0139843 0.154265 0.11102 0.15869 0.366918 0.0497337 0.029813 0.0111219 0.0108638 0.00824631 0.00972223 0.011674 0.034979 0.0133767 0.0110401 0.00933755 0.00868066 0.0112296 0.0133058 0.0141582 0.0159238 0.00953543 0.00863568 0.00882607 0.00958771 0.00857707 0.0082251 0.00818196 0.00852058 0.00843141 0.00844169 0.00828905 0.00836905 0.0083122 0.00847057 0.00868547 0.00881479 0.00852699 0.00861048 0.00854015 0.00846427 0.00862614 0.00899063 0.00871395 0.0088339 0.00862127 0.00857145 
0.00395618 0.00410444 0.00376627 0.00375749 0.00376236 0 0.00380196 0.0110401 0.0525772 0.0272587 0.078633 0.104094 0.0964671 0.395572 0.0351877 0.0144639 0.0116029 0.00826513 0.00879507 0.0131317 0.0112009 0.0141763 0.00949277 0.0083119 0.0086036 0.0092177 0.00931191 0.0106934 0.0108186 0.00921862 0.00821983 0.00863801 0.00865682 0.00847179 0.0082179 0.00827631 0.00835477 0.00843272 0.00824571 0.00827034 0.0083705 0.00835018 0.0083349 0.00857848 0.00847069 0.00842102 0.00857519 0.00844338 0.00840902 0.00854111 0.00872973 0.00854048 0.00861797 0.00853363 0.00849267 
0.00631444 0.00410091 0.0038212 0.00384273 0.00375834 0.00380196 0 0.0442621 0.0119886 0.0250245 0.0277483 0.0314239 0.0497644 0.0748694 0.369949 0.0171395 0.0129202 0.00961769 0.0135839 0.00904601 0.00945775 0.00931092 0.00968148 0.0121037 0.00834714 0.00909228 0.00882872 0.00893013 0.011708 0.00934956 0.00854625 0.00826431 0.00832381 0.00847369 0.00828059 0.00832415 0.00849475 0.00828523 0.00852981 0.00825609 0.00826012 0.0082555 0.00879613 0.00844636 0.00863431 0.00886788 0.00846913 0.00845537 0.00854611 0.00842215 0.0085237 0.00844482 0.00841108 0.00841239 0.00882761 
0.446755 0.0253799 0.134209 0.0213539 0.0272026 0.0110401 0.0442621 0 0.00494488 0.00401135 0.00393043 0.0040354 0.00443888 0.00459081 0.0107665 0.0331088 0.0197734 0.0174786 0.0177336 0.00884204 0.0108045 0.00913408 0.0131387 0.0145785 0.00827413 0.00897459 0.0102152 0.00856507 0.00908953 0.00932523 0.0103984 0.00823905 0.00847141 0.00887438 0.00828147 0.0110327 0.00853046 0.00835303 0.00896487 0.00820191 0.00858962 0.00913091 0.0104023 0.00833644 0.00986056 0.0084269 0.00852169 0.00980033 0.00962536 0.00841399 0.00865612 0.0084032 0.00926841 0.00839431 0.0118839 
0.0232696 0.5062 0.0165404 0.119237 0.0139843 0.0525772 0.0119886 0.00494488 0 0.0037544 0.00376883 0.00377117 0.00379994 0.00475954 0.00415495 0.0232396 0.00973112 0.00859293 0.00867862 0.0215713 0.0104675 0.011424 0.00950852 0.00818405 0.00895683 0.00940734 0.00896047 0.0113987 0.00969101 0.00919752 0.00833788 0.00870048 0.00869075 0.0083556 0.00906351 0.00825895 0.00837656 0.00836341 0.00821389 0.00829523 0.00836721 0.00833411 0.008328 0.00863729 0.00839415 0.00852768 0.00851913 0.00839193 0.00838911 0.00857628 0.00857975 0.00850908 0.00856763 0.00864859 0.00847736 
0.0208902 0.0267521 0.387504 0.0411181 0.154265 0.0272587 0.0250245 0.00401135 0.0037544 0 0.00378497 0.00378471 0.00372735 0.00383526 0.0039307 0.0268757 0.0111605 0.00841684 0.0111242 0.0105928 0.038999 0.012069 0.00976605 0.0108477 0.00848575 0.0121965 0.0147116 0.0133348 0.0135829 0.00910341 0.00868715 0.00892238 0.00945405 0.00859326 0.00821705 0.00830123 0.00826876 0.0083309 0.00838342 0.00827898 0.0083411 0.00831134 0.0085122 0.00845904 0.00847983 0.00847332 0.00842929 0.00844106 0.00848381 0.00853114 0.00877345 0.00862459 0.00873489 0.0085205 0.00855745 
0.0136391 0.0317819 0.0825146 0.218306 0.11102 0.078633 0.0277483 0.00393043 0.00376883 0.00378497 0 0.00376197 0.00375671 0.003723 0.00383645 0.0248799 0.0121964 0.00856677 0.00989175 0.0201183 0.0321058 0.0163498 0.0125424 0.0087156 0.00903517 0.0139461 0.0171083 0.023129 0.0136949 0.00992723 0.00886876 0.00907252 0.00938525 0.0085703 0.00830928 0.00828174 0.00834977 0.00826356 0.00839172 0.00824467 0.00833551 0.00822271 0.00844337 0.00852418 0.00847435 0.00844409 0.0084077 0.00842607 0.00846913 0.00847826 0.00877288 0.00855144 0.00875076 0.00850932 0.00851861 
0.0139495 0.0359776 0.0388386 0.361188 0.15869 0.104094 0.0314239 0.0040354 0.00377117 0.00378471 0.00376197 0 0.00376569 0.00378437 0.00401545 0.0300685 0.0158189 0.00837075 0.00976205 0.0310544 0.0384438 0.0288149 0.0127042 0.00905996 0.00935772 0.0158421 0.0226607 0.026832 0.020228 0.010282 0.00868737 0.00991972 0.0105033 0.00898073 0.00831845 0.00833423 0.00835112 0.00844138 0.00827822 0.00826732 0.00836465 0.00830004 0.00843111 0.00873679 0.00858562 0.00855618 0.00856823 0.00849167 0.00847236 0.00867372 0.00901916 0.00876545 0.0088296 0.00860272 0.0084933 
0.0166308 0.0166777 0.161606 0.0587186 0.366918 0.0964671 0.0497644 0.00443888 0.00379994 0.00372735 0.00375671 0.00376569 0 0.00376724 0.00382006 0.0455309 0.0140073 0.00842051 0.0111553 0.0143972 0.0684968 0.0184159 0.0116038 0.00925008 0.00862725 0.0165361 0.0207543 0.0226253 0.0183465 0.00968682 0.00867887 0.00932597 0.0100749 0.00885445 0.00826922 0.00823593 0.00835508 0.00823058 0.00840263 0.00822035 0.00832831 0.00822644 0.00842575 0.00856601 0.00859392 0.00850954 0.00844566 0.00846379 0.00844367 0.00850262 0.00881198 0.00859344 0.00878549 0.00850002 0.00848391 
0.0123292 0.0536686 0.0172454 0.0688706 0.0497337 0.395572 0.0748694 0.00459081 0.00475954 0.00383526 0.003723 0.00378437 0.00376724 0 0.00395896 0.048412 0.0390972 0.0088714 0.0102089 0.0227564 0.0172131 0.0248268 0.011782 0.00936318 0.00904688 0.0111073 0.0115381 0.0139266 0.0163352 0.0103662 0.00841666 0.0090191 0.00929898 0.0087704 0.00830701 0.00851393 0.00829447 0.00837303 0.00824422 0.00820196 0.00824491 0.00820414 0.00825642 0.0086114 0.00845498 0.00837935 0.00855728 0.00840065 0.00833471 0.00851778 0.00864421 0.0084789 0.00860225 0.00847089 0.00843877 
0.0315114 0.0119177 0.0189948 0.0149477 0.029813 0.0351877 0.369949 0.0107665 0.00415495 0.0039307 0.00383645 0.00401545 0.00382006 0.00395896 0 0.0348619 0.0704263 0.0118437 0.0234606 0.0120976 0.0142819 0.0121182 0.014159 0.0151825 0.00860295 0.010011 0.0108251 0.0107221 0.0119146 0.0122673 0.00899809 0.00877249 0.00857613 0.00891623 0.00859062 0.0085622 0.0085605 0.00837622 0.00868048 0.0082703 0.00817588 0.0082304 0.00866855 0.00856439 0.00896716 0.00895138 0.00852094 0.00838668 0.00861456 0.00851507 0.00853551 0.00845806 0.00848487 0.00842864 0.00860748 
0.0110783 0.0131718 0.0112063 0.0115972 0.0111219 0.0144639 0.0171395 0.0331088 0.0232396 0.0268757 0.0248799 0.0300685 0.0455309 0.048412 0.0348619 0 0.00543638 0.0704676 0.0218921 0.0173354 0.0132044 0.0195975 0.0199412 0.0106018 0.00884512 0.00888706 0.00921674 0.0093901 0.0110737 0.0123861 0.00893574 0.0087071 0.00902174 0.00955401 0.0086021 0.00974722 0.00847655 0.00854317 0.00827958 0.00814518 0.00818173 0.00820066 0.00833719 0.0083277 0.00846654 0.00818686 0.00830876 0.00845479 0.0082015 0.00838195 0.00827517 0.00826703 0.00833069 0.0082228 0.00883066 
0.0105379 0.00939653 0.00993082 0.00997332 0.0108638 0.0116029 0.0129202 0.0197734 0.00973112 0.0111605 0.0121964 0.0158189 0.0140073 0.0390972 0.0704263 0.00543638 0 0.102202 0.0163225 0.0122776 0.0137356 0.0209631 0.0151216 0.0137744 0.00842747 0.00891419 0.00870064 0.00916665 0.0118356 0.0110056 0.00886965 0.00878738 0.00870774 0.00866231 0.0086021 0.00855135 0.00859712 0.00851248 0.00836545 0.00815234 0.00813585 0.00820783 0.00829905 0.00849558 0.00832378 0.00835401 0.00835364 0.00830695 0.00828156 0.00836927 0.0082746 0.00830866 0.00825863 0.00827007 0.00875957 
0.00957687 0.00856459 0.00852157 0.00839373 0.00824631 0.00826513 0.00961769 0.0174786 0.00859293 0.00841684 0.00856677 0.00837075 0.00842051 0.0088714 0.0118437 0.0704676 0.102202 0 0.0391831 0.0117448 0.0101179 0.0106614 0.0248302 0.020136 0.0101541 0.00906759 0.0089638 0.00848981 0.00884463 0.0111733 0.0100838 0.00832753 0.00821811 0.00993298 0.0100247 0.0112361 0.00912838 0.00838207 0.00942026 0.00810901 0.00819041 0.00843926 0.00910746 0.00812833 0.00864042 0.00859394 0.008136 0.00858156 0.00860511 0.00812299 0.00814992 0.00812302 0.00821405 0.00813859 0.00987464 
0.00954784 0.00892234 0.0124412 0.00919697 0.00972223 0.00879507 0.0135839 0.0177336 0.00867862 0.0111242 0.00989175 0.00976205 0.0111553 0.0102089 0.0234606 0.0218921 0.0163225 0.0391831 0 0.00396884 0.00382918 0.00384482 0.00431196 0.112946 0.0266672 0.0217754 0.0209435 0.0117663 0.0147711 0.0195079 0.0289308 0.0103317 0.010697 0.0188984 0.00954608 0.019619 0.00905668 0.00891497 0.00953607 0.00819149 0.00841312 0.00890971 0.011508 0.00833655 0.0102245 0.0085414 0.0084013 0.00921781 0.00911715 0.00819452 0.00867741 0.00830869 0.00874539 0.00828776 0.0101916 
0.00852268 0.0130471 0.0115288 0.0208545 0.011674 0.0131317 0.00904601 0.00884204 0.0215713 0.0105928 0.0201183 0.0310544 0.0143972 0.0227564 0.0120976 0.0173354 0.0122776 0.0117448 0.00396884 0 0.0038088 0.00381694 0.00385951 0.0135298 0.0694619 0.0892133 0.0485998 0.0621612 0.0223136 0.0124942 0.0114933 0.0468336 0.0180041 0.0110155 0.0119969 0.00884829 0.00919312 0.00893503 0.00839375 0.00845027 0.00830547 0.00836292 0.00857411 0.00970703 0.00917016 0.00856243 0.00860518 0.00863541 0.00831492 0.00864217 0.00868679 0.00910077 0.00849515 0.00868794 0.0083329 
0.00888398 0.00961113 0.0261746 0.0216631 0.034979 0.0112009 0.00945775 0.0108045 0.0104675 0.038999 0.0321058 0.0384438 0.0684968 0.0172131 0.0142819 0.0132044 0.0137356 0.0101179 0.00382918 0.0038088 0 0.00379695 0.00376616 0.0262291 0.0149525 0.130662 0.24048 0.117509 0.0666971 0.0159611 0.0153167 0.0231197 0.0387968 0.0134542 0.00884217 0.00936122 0.00871889 0.00882731 0.00893503 0.00843699 0.00833039 0.00819463 0.00931016 0.00884925 0.0095502 0.00872514 0.00870643 0.00860857 0.00849535 0.00863298 0.0102402 0.00919311 0.0094385 0.00857135 0.00844761 
0.0087649 0.0110605 0.0113992 0.017554 0.0133767 0.0141763 0.00931092 0.00913408 0.011424 0.012069 0.0163498 0.0288149 0.0184159 0.0248268 0.0121182 0.0195975 0.0209631 0.0106614 0.00384482 0.00381694 0.00379695 0 0.00382786 0.0125219 0.0246302 0.0463584 0.0538674 0.122272 0.189738 0.0350358 0.0109472 0.0253553 0.0449178 0.0156197 0.00983042 0.00937596 0.00934051 0.00952706 0.00918466 0.00846247 0.00818872 0.00814248 0.00873362 0.0102577 0.0089377 0.00867204 0.00883766 0.00871003 0.00842306 0.00866963 0.00883348 0.00878454 0.008687 0.00845392 0.00825079 
0.00970541 0.00878823 0.0100629 0.0109969 0.0110401 0.00949277 0.00968148 0.0131387 0.00950852 0.00976605 0.0125424 0.0127042 0.0116038 0.011782 0.014159 0.0199412 0.0151216 0.0248302 0.00431196 0.00385951 0.00376616 0.00382786 0 0.0212796 0.0117891 0.0212029 0.0210438 0.0353095 0.118964 0.266729 0.0158908 0.0109455 0.0177282 0.0253688 0.0122287 0.0102693 0.0103103 0.00900122 0.0105074 0.00830951 0.00818815 0.00824457 0.0102987 0.00870141 0.00943755 0.00949129 0.00836264 0.00859354 0.00872538 0.00841855 0.00852901 0.00838868 0.00846792 0.00819286 0.00825176 
0.00931785 0.00848609 0.0104688 0.00853222 0.00933755 0.0083119 0.0121037 0.0145785 0.00818405 0.0108477 0.0087156 0.00905996 0.00925008 0.00936318 0.0151825 0.0106018 0.0137744 0.020136 0.112946 0.0135298 0.0262291 0.0125219 0.0212796 0 0.00378204 0.00383974 0.00391544 0.00385104 0.00401103 0.00414416 0.0498658 0.0100148 0.0133761 0.0330647 0.00965314 0.0445566 0.00939557 0.0109175 0.0102845 0.00832181 0.00892147 0.0116507 0.0134791 0.00824392 0.0158027 0.00849033 0.00854925 0.0128229 0.010129 0.00821012 0.00897037 0.008302 0.00955428 0.00824416 0.014514 
0.00826812 0.00864718 0.00852788 0.00910057 0.00868066 0.0086036 0.00834714 0.00827413 0.00895683 0.00848575 0.00903517 0.00935772 0.00862725 0.00904688 0.00860295 0.00884512 0.00842747 0.0101541 0.0266672 0.0694619 0.0149525 0.0246302 0.0117891 0.00378204 0 0.00375301 0.00377231 0.00375863 0.0038041 0.00379946 0.0201599 0.0264697 0.0132034 0.0100179 0.0117305 0.00881924 0.0090303 0.00843366 0.00831063 0.00832136 0.00823809 0.00823738 0.00832998 0.00874654 0.00858389 0.00857498 0.00838146 0.00838707 0.00822402 0.00835611 0.00844167 0.008553 0.00838384 0.00850767 0.00829152 
0.0083156 0.00870641 0.010474 0.0102583 0.0112296 0.0092177 0.00909228 0.00897459 0.00940734 0.0121965 0.0139461 0.0158421 0.0165361 0.0111073 0.010011 0.00888706 0.00891419 0.00906759 0.0217754 0.0892133 0.130662 0.0463584 0.0212029 0.00383974 0.00375301 0 0.00375824 0.00375975 0.0038127 0.0038361 0.0427076 0.0632438 0.025414 0.0117249 0.00964854 0.00890237 0.00870441 0.00869348 0.00905993 0.00847019 0.00830694 0.00820056 0.00911337 0.00908234 0.00916209 0.00865002 0.00863704 0.00857054 0.00836687 0.00874474 0.00969438 0.0104595 0.00934418 0.00897237 0.00839812 
0.00856824 0.00896674 0.0121245 0.0120228 0.0133058 0.00931191 0.00882872 0.0102152 0.00896047 0.0147116 0.0171083 0.0226607 0.0207543 0.0115381 0.0108251 0.00921674 0.00870064 0.0089638 0.0209435 0.0485998 0.24048 0.0538674 0.0210438 0.00391544 0.00377231 0.00375824 0 0.00376094 0.00380563 0.00392976 0.380682 0.0636651 0.0485015 0.013016 0.00947033 0.0100462 0.00889161 0.00906355 0.00937414 0.00852206 0.00844324 0.00831043 0.0102667 0.00940677 0.0110428 0.00875821 0.00867101 0.00879419 0.0088144 0.00869436 0.0117788 0.011085 0.0104476 0.00881781 0.00857859 
0.00846379 0.00994833 0.0113568 0.0173507 0.0141582 0.0106934 0.00893013 0.00856507 0.0113987 0.0133348 0.023129 0.026832 0.0226253 0.0139266 0.0107221 0.0093901 0.00916665 0.00848981 0.0117663 0.0621612 0.117509 0.122272 0.0353095 0.00385104 0.00375863 0.00375975 0.00376094 0 0.00380928 0.00377771 0.0338565 0.461524 0.0506794 0.0200935 0.00986851 0.0092457 0.00907543 0.00945027 0.00940919 0.00893703 0.00848504 0.00829923 0.00964635 0.0116953 0.0100775 0.00963777 0.00890023 0.0090822 0.00851638 0.0104115 0.0128338 0.0133354 0.0101214 0.0091571 0.00846893 
0.00842297 0.00892967 0.010644 0.0116105 0.0159238 0.0108186 0.011708 0.00908953 0.00969101 0.0135829 0.0136949 0.020228 0.0183465 0.0163352 0.0119146 0.0110737 0.0118356 0.00884463 0.0147711 0.0223136 0.0666971 0.189738 0.118964 0.00401103 0.0038041 0.0038127 0.00380563 0.00380928 0 0.00410903 0.0246225 0.0471511 0.71906 0.0412397 0.0129378 0.0119875 0.01014 0.0120992 0.00977661 0.00893328 0.00884779 0.00824949 0.0105434 0.0110876 0.0153044 0.00922302 0.0106334 0.00914569 0.00863659 0.00920731 0.0117972 0.00997323 0.0102293 0.00877252 0.00841521 
0.00865607 0.00852589 0.0092183 0.00922697 0.00953543 0.00921862 0.00934956 0.00932523 0.00919752 0.00910341 0.00992723 0.010282 0.00968682 0.0103662 0.0122673 0.0123861 0.0110056 0.0111733 0.0195079 0.0124942 0.0159611 0.0350358 0.266729 0.00414416 0.00379946 0.0038361 0.00392976 0.00377771 0.00410903 0 0.0163169 0.0230681 0.121694 0.615504 0.0126351 0.0164269 0.0119232 0.0112216 0.0101757 0.00847486 0.00829478 0.00856445 0.011282 0.00953815 0.0132959 0.0103791 0.00871214 0.00954295 0.00884853 0.00862051 0.00927774 0.00922508 0.00874149 0.00846065 0.00861114 
0.00830936 0.0083369 0.0087767 0.00854165 0.00863568 0.00821983 0.00854625 0.0103984 0.00833788 0.00868715 0.00886876 0.00868737 0.00867887 0.00841666 0.00899809 0.00893574 0.00886965 0.0100838 0.0289308 0.0114933 0.0153167 0.0109472 0.0158908 0.0498658 0.0201599 0.0427076 0.380682 0.0338565 0.0246225 0.0163169 0 0.00387002 0.00381397 0.00385598 0.0102004 0.0380142 0.0192379 0.0147323 0.0108936 0.00839253 0.00843609 0.0107049 0.0175697 0.0087274 0.0201134 0.00954617 0.00881851 0.0112617 0.00936925 0.00864668 0.00969783 0.0089657 0.00992034 0.00852728 0.0127161 
0.00817184 0.00858328 0.00890582 0.00928315 0.00882607 0.00863801 0.00826431 0.00823905 0.00870048 0.00892238 0.00907252 0.00991972 0.00932597 0.0090191 0.00877249 0.0087071 0.00878738 0.00832753 0.0103317 0.0468336 0.0231197 0.0253553 0.0109455 0.0100148 0.0264697 0.0632438 0.0636651 0.461524 0.0471511 0.0230681 0.00387002 0 0.00382081 0.00378852 0.0468811 0.0100865 0.0183858 0.0111286 0.00931428 0.00978533 0.00900236 0.00844302 0.0102786 0.0218607 0.00997068 0.0103405 0.00974651 0.00907926 0.00880203 0.0104217 0.0118571 0.0155944 0.0096564 0.0113265 0.0084496 
0.00838206 0.00861863 0.00904894 0.00927035 0.00958771 0.00865682 0.00832381 0.00847141 0.00869075 0.00945405 0.00938525 0.0105033 0.0100749 0.00929898 0.00857613 0.00902174 0.00870774 0.00821811 0.010697 0.0180041 0.0387968 0.0449178 0.0177282 0.0133761 0.0132034 0.025414 0.0485015 0.0506794 0.71906 0.121694 0.00381397 0.00382081 0 0.00380084 0.0145858 0.0276607 0.0154044 0.0167966 0.0109066 0.0100173 0.00956327 0.00853389 0.0111551 0.0176959 0.0152228 0.0102962 0.012976 0.00977989 0.00897115 0.0104889 0.0161896 0.0140984 0.0205081 0.0092701 0.00856626 
0.00838721 0.00829123 0.00861922 0.00879058 0.00857707 0.00847179 0.00847369 0.00887438 0.0083556 0.00859326 0.0085703 0.00898073 0.00885445 0.0087704 0.00891623 0.00955401 0.00866231 0.00993298 0.0188984 0.0110155 0.0134542 0.0156197 0.0253688 0.0330647 0.0100179 0.0117249 0.013016 0.0200935 0.0412397 0.615504 0.00385598 0.00378852 0.00380084 0 0.0136186 0.0200587 0.0201515 0.0161366 0.0260044 0.0091022 0.0086881 0.00994511 0.0205668 0.0098497 0.0266214 0.0141527 0.00957084 0.0127952 0.0110873 0.00962272 0.00999602 0.0101074 0.00946453 0.0086227 0.010724 
0.00824603 0.00851057 0.00826987 0.00830094 0.0082251 0.0082179 0.00828059 0.00828147 0.00906351 0.00821705 0.00830928 0.00831845 0.00826922 0.00830701 0.00859062 0.0086021 0.0086021 0.0100247 0.00954608 0.0119969 0.00884217 0.00983042 0.0122287 0.00965314 0.0117305 0.00964854 0.00947033 0.00986851 0.0129378 0.0126351 0.0102004 0.0468811 0.0145858 0.0136186 0 0.00449027 0.0298008 0.0941799 0.00921604 0.00942759 0.00838485 0.00957023 0.00928952 0.0153195 0.0103618 0.0117838 0.00972431 0.0093084 0.00886659 0.00917578 0.00865426 0.0091009 0.00820696 0.00990179 0.00895428 
0.00874603 0.00829298 0.00835476 0.00830648 0.00818196 0.00827631 0.00832415 0.0110327 0.00825895 0.00830123 0.00828174 0.00833423 0.00823593 0.00851393 0.0085622 0.00974722 0.00855135 0.0112361 0.019619 0.00884829 0.00936122 0.00937596 0.0102693 0.0445566 0.00881924 0.00890237 0.0100462 0.0092457 0.0119875 0.0164269 0.0380142 0.0100865 0.0276607 0.0200587 0.00449027 0 0.11973 0.0255048 0.0270203 0.00855689 0.00888169 0.00966967 0.02526 0.00869863 0.0157611 0.0122886 0.00937672 0.0103575 0.0128022 0.00852988 0.00853559 0.00835738 0.00886173 0.00826331 0.0149873 
0.00831583 0.0084214 0.00845805 0.00839032 0.00852058 0.00835477 0.00849475 0.00853046 0.00837656 0.00826876 0.00834977 0.00835112 0.00835508 0.00829447 0.0085605 0.00847655 0.00859712 0.00912838 0.00905668 0.00919312 0.00871889 0.00934051 0.0103103 0.00939557 0.0090303 0.00870441 0.00889161 0.00907543 0.01014 0.0119232 0.0192379 0.0183858 0.0154044 0.0201515 0.0298008 0.11973 0 0.00502157 0.0126327 0.0142284 0.0120823 0.0186773 0.0159223 0.040854 0.0193449 0.0191005 0.0170981 0.0155194 0.0132317 0.0128339 0.0103944 0.00947376 0.00892989 0.0116897 0.0140536 
0.00836321 0.00841027 0.00842804 0.00850238 0.00843141 0.00843272 0.00828523 0.00835303 0.00836341 0.0083309 0.00826356 0.00844138 0.00823058 0.00837303 0.00837622 0.00854317 0.00851248 0.00838207 0.00891497 0.00893503 0.00882731 0.00952706 0.00900122 0.0109175 0.00843366 0.00869348 0.00906355 0.00945027 0.0120992 0.0112216 0.0147323 0.0111286 0.0167966 0.0161366 0.0941799 0.0255048 0.00502157 0 0.0155215 0.0099048 0.0113249 0.0158369 0.0165763 0.0280351 0.0290929 0.0206103 0.0180513 0.0127301 0.0129489 0.0101455 0.0100549 0.00959076 0.0093106 0.0115519 0.0100425 
0.00827168 0.00830398 0.00850272 0.00845117 0.00844169 0.00824571 0.00852981 0.00896487 0.00821389 0.00838342 0.00839172 0.00827822 0.00840263 0.00824422 0.00868048 0.00827958 0.00836545 0.00942026 0.00953607 0.00839375 0.00893503 0.00918466 0.0105074 0.0102845 0.00831063 0.00905993 0.00937414 0.00940919 0.00977661 0.0101757 0.0108936 0.00931428 0.0109066 0.0260044 0.00921604 0.0270203 0.0126327 0.0155215 0 0.00378127 0.00383953 0.00429434 0.00414774 0.00435304 0.0378493 0.00909908 0.0118257 0.0443923 0.0136565 0.00967154 0.0116736 0.0105258 0.0144933 0.0102614 0.0895536 
0.00825633 0.00837132 0.00838404 0.00834708 0.00828905 0.00827034 0.00825609 0.00820191 0.00829523 0.00827898 0.00824467 0.00826732 0.00822035 0.00820196 0.0082703 0.00814518 0.00815234 0.00810901 0.00819149 0.00845027 0.00843699 0.00846247 0.00830951 0.00832181 0.00832136 0.00847019 0.00852206 0.00893703 0.00893328 0.00847486 0.00839253 0.00978533 0.0100173 0.0091022 0.00942759 0.00855689 0.0142284 0.0099048 0.00378127 0 0.00395789 0.00376491 0.00469272 0.0127914 0.0108008 0.00863518 0.0105421 0.00881768 0.0104592 0.0113487 0.010627 0.0129783 0.00866189 0.0155422 0.00909157 
0.00868436 0.00842037 0.00844064 0.00840851 0.00836905 0.0083705 0.00826012 0.00858962 0.00836721 0.0083411 0.00833551 0.00836465 0.00832831 0.00824491 0.00817588 0.00818173 0.00813585 0.00819041 0.00841312 0.00830547 0.00833039 0.00818872 0.00818815 0.00892147 0.00823809 0.00830694 0.00844324 0.00848504 0.00884779 0.00829478 0.00843609 0.00900236 0.00956327 0.0086881 0.00838485 0.00888169 0.0120823 0.0113249 0.00383953 0.00395789 0 0.00391441 0.00503863 0.00915282 0.00460298 0.0104242 0.012221 0.00844287 0.0093504 0.0114827 0.00981693 0.00890939 0.0137343 0.00874177 0.00921612 
0.0085233 0.00844969 0.00844856 0.00838424 0.0083122 0.00835018 0.0082555 0.00913091 0.00833411 0.00831134 0.00822271 0.00830004 0.00822644 0.00820414 0.0082304 0.00820066 0.00820783 0.00843926 0.00890971 0.00836292 0.00819463 0.00814248 0.00824457 0.0116507 0.00823738 0.00820056 0.00831043 0.00829923 0.00824949 0.00856445 0.0107049 0.00844302 0.00853389 0.00994511 0.00957023 0.00966967 0.0186773 0.0158369 0.00429434 0.00376491 0.00391441 0 0.0232832 0.00505581 0.0048596 0.0140793 0.00891373 0.0103748 0.0168421 0.00921543 0.00885509 0.0112868 0.00884308 0.00883948 0.0105575 
0.00856742 0.00838953 0.00859725 0.00849629 0.00847057 0.0083349 0.00879613 0.0104023 0.008328 0.0085122 0.00844337 0.00843111 0.00842575 0.00825642 0.00866855 0.00833719 0.00829905 0.00910746 0.011508 0.00857411 0.00931016 0.00873362 0.0102987 0.0134791 0.00832998 0.00911337 0.0102667 0.00964635 0.0105434 0.011282 0.0175697 0.0102786 0.0111551 0.0205668 0.00928952 0.02526 0.0159223 0.0165763 0.00414774 0.00469272 0.00503863 0.0232832 0 0.00382387 0.00388079 0.0333953 0.0167014 0.613442 0.0342644 0.0139814 0.0245093 0.0110359 0.0202246 0.0103634 0.0691605 
0.00848 0.00873372 0.00866768 0.00883344 0.00868547 0.00857848 0.00844636 0.00833644 0.00863729 0.00845904 0.00852418 0.00873679 0.00856601 0.0086114 0.00856439 0.0083277 0.00849558 0.00812833 0.00833655 0.00970703 0.00884925 0.0102577 0.00870141 0.00824392 0.00874654 0.00908234 0.00940677 0.0116953 0.0110876 0.00953815 0.0087274 0.0218607 0.0176959 0.0098497 0.0153195 0.00869863 0.040854 0.0280351 0.00435304 0.0127914 0.00915282 0.00505581 0.00382387 0 0.00381805 0.0212249 0.811969 0.0106408 0.00957166 0.0608453 0.0114573 0.0196995 0.00956424 0.0790478 0.0088751 
0.00868694 0.00850471 0.0086831 0.008582 0.00881479 0.00847069 0.00863431 0.00986056 0.00839415 0.00847983 0.00847435 0.00858562 0.00859392 0.00845498 0.00896716 0.00846654 0.00832378 0.00864042 0.0102245 0.00917016 0.0095502 0.0089377 0.00943755 0.0158027 0.00858389 0.00916209 0.0110428 0.0100775 0.0153044 0.0132959 0.0201134 0.00997068 0.0152228 0.0266214 0.0103618 0.0157611 0.0193449 0.0290929 0.0378493 0.0108008 0.00460298 0.0048596 0.00388079 0.00381805 0 0.54275 0.0133521 0.0773111 0.0290737 0.0112831 0.0247718 0.0114344 0.028701 0.00957934 0.0354271 
0.0084681 0.00852481 0.00853182 0.00853071 0.00852699 0.00842102 0.00886788 0.0084269 0.00852768 0.00847332 0.00844409 0.00855618 0.00850954 0.00837935 0.00895138 0.00818686 0.00835401 0.00859394 0.0085414 0.00856243 0.00872514 0.00867204 0.00949129 0.00849033 0.00857498 0.00865002 0.00875821 0.00963777 0.00922302 0.0103791 0.00954617 0.0103405 0.0102962 0.0141527 0.0117838 0.0122886 0.0191005 0.0206103 0.00909908 0.00863518 0.0104242 0.0140793 0.0333953 0.0212249 0.54275 0 0.00381586 0.00402125 0.0144449 0.020104 0.0301485 0.0266443 0.0125974 0.0188748 0.0303894 
0.00853234 0.00860085 0.00853584 0.00859679 0.00861048 0.00857519 0.00846913 0.00852169 0.00851913 0.00842929 0.0084077 0.00856823 0.00844566 0.00855728 0.00852094 0.00830876 0.00835364 0.008136 0.0084013 0.00860518 0.00870643 0.00883766 0.00836264 0.00854925 0.00838146 0.00863704 0.00867101 0.00890023 0.0106334 0.00871214 0.00881851 0.00974651 0.012976 0.00957084 0.00972431 0.00937672 0.0170981 0.0180513 0.0118257 0.0105421 0.012221 0.00891373 0.0167014 0.811969 0.0133521 0.00381586 0 0.00390028 0.017466 0.0558897 0.0180528 0.0143704 0.0127637 0.0237068 0.0116606 
0.00879266 0.0085327 0.0086335 0.00854937 0.00854015 0.00844338 0.00845537 0.00980033 0.00839193 0.00844106 0.00842607 0.00849167 0.00846379 0.00840065 0.00838668 0.00845479 0.00830695 0.00858156 0.00921781 0.00863541 0.00860857 0.00871003 0.00859354 0.0128229 0.00838707 0.00857054 0.00879419 0.0090822 0.00914569 0.00954295 0.0112617 0.00907926 0.00977989 0.0127952 0.0093084 0.0103575 0.0155194 0.0127301 0.0443923 0.00881768 0.00844287 0.0103748 0.613442 0.0106408 0.0773111 0.00402125 0.00390028 0 0.0429804 0.0161423 0.0198963 0.0111202 0.0128294 0.011475 0.0191789 
0.00853718 0.00845835 0.00854551 0.00853446 0.00846427 0.00840902 0.00854611 0.00962536 0.00838911 0.00848381 0.00846913 0.00847236 0.00844367 0.00833471 0.00861456 0.0082015 0.00828156 0.00860511 0.00911715 0.00831492 0.00849535 0.00842306 0.00872538 0.010129 0.00822402 0.00836687 0.0088144 0.00851638 0.00863659 0.00884853 0.00936925 0.00880203 0.00897115 0.0110873 0.00886659 0.0128022 0.0132317 0.0129489 0.0136565 0.0104592 0.0093504 0.0168421 0.0342644 0.00957166 0.0290737 0.0144449 0.017466 0.0429804 0 0.00384243 0.00383539 0.00382011 0.00393515 0.00396183 0.013312 
0.00846745 0.00866532 0.00874103 0.00864032 0.00862614 0.00854111 0.00842215 0.00841399 0.00857628 0.00853114 0.00847826 0.00867372 0.00850262 0.00851778 0.00851507 0.00838195 0.00836927 0.00812299 0.00819452 0.00864217 0.00863298 0.00866963 0.00841855 0.00821012 0.00835611 0.00874474 0.00869436 0.0104115 0.00920731 0.00862051 0.00864668 0.0104217 0.0104889 0.00962272 0.00917578 0.00852988 0.0128339 0.0101455 0.00967154 0.0113487 0.0114827 0.00921543 0.0139814 0.0608453 0.0112831 0.020104 0.0558897 0.0161423 0.00384243 0 0.00378079 0.00375497 0.00381011 0.00415261 0.00402294 
0.0086015 0.00868708 0.00888915 0.00898538 0.00899063 0.00872973 0.0085237 0.00865612 0.00857975 0.00877345 0.00877288 0.00901916 0.00881198 0.00864421 0.00853551 0.00827517 0.0082746 0.00814992 0.00867741 0.00868679 0.0102402 0.00883348 0.00852901 0.00897037 0.00844167 0.00969438 0.0117788 0.0128338 0.0117972 0.00927774 0.00969783 0.0118571 0.0161896 0.00999602 0.00865426 0.00853559 0.0103944 0.0100549 0.0116736 0.010627 0.00981693 0.00885509 0.0245093 0.0114573 0.0247718 0.0301485 0.0180528 0.0198963 0.00383539 0.00378079 0 0.0037631 0.00382219 0.0037946 0.00398398 
0.00848415 0.00864732 0.00882619 0.00876998 0.00871395 0.00854048 0.00844482 0.0084032 0.00850908 0.00862459 0.00855144 0.00876545 0.00859344 0.0084789 0.00845806 0.00826703 0.00830866 0.00812302 0.00830869 0.00910077 0.00919311 0.00878454 0.00838868 0.008302 0.008553 0.0104595 0.011085 0.0133354 0.00997323 0.00922508 0.0089657 0.0155944 0.0140984 0.0101074 0.0091009 0.00835738 0.00947376 0.00959076 0.0105258 0.0129783 0.00890939 0.0112868 0.0110359 0.0196995 0.0114344 0.0266443 0.0143704 0.0111202 0.00382011 0.00375497 0.0037631 0 0.00377629 0.00379548 0.00380507 
0.00866613 0.00871406 0.00885155 0.00879949 0.0088339 0.00861797 0.00841108 0.00926841 0.00856763 0.00873489 0.00875076 0.0088296 0.00878549 0.00860225 0.00848487 0.00833069 0.00825863 0.00821405 0.00874539 0.00849515 0.0094385 0.008687 0.00846792 0.00955428 0.00838384 0.00934418 0.0104476 0.0101214 0.0102293 0.00874149 0.00992034 0.0096564 0.0205081 0.00946453 0.00820696 0.00886173 0.00892989 0.0093106 0.0144933 0.00866189 0.0137343 0.00884308 0.0202246 0.00956424 0.028701 0.0125974 0.0127637 0.0128294 0.00393515 0.00381011 0.00382219 0.00377629 0 0.00375872 0.00405501 
0.00875783 0.00864659 0.00867392 0.00870781 0.00862127 0.00853363 0.00841239 0.00839431 0.00864859 0.0085205 0.00850932 0.00860272 0.00850002 0.00847089 0.00842864 0.0082228 0.00827007 0.00813859 0.00828776 0.00868794 0.00857135 0.00845392 0.00819286 0.00824416 0.00850767 0.00897237 0.00881781 0.0091571 0.00877252 0.00846065 0.00852728 0.0113265 0.0092701 0.0086227 0.00990179 0.00826331 0.0116897 0.0115519 0.0102614 0.0155422 0.00874177 0.00883948 0.0103634 0.0790478 0.00957934 0.0188748 0.0237068 0.011475 0.00396183 0.00415261 0.0037946 0.00379548 0.00375872 0 0.00381409 
0.00953002 0.00859075 0.00880782 0.00852072 0.00857145 0.00849267 0.00882761 0.0118839 0.00847736 0.00855745 0.00851861 0.0084933 0.00848391 0.00843877 0.00860748 0.00883066 0.00875957 0.00987464 0.0101916 0.0083329 0.00844761 0.00825079 0.00825176 0.014514 0.00829152 0.00839812 0.00857859 0.00846893 0.00841521 0.00861114 0.0127161 0.0084496 0.00856626 0.010724 0.00895428 0.0149873 0.0140536 0.0100425 0.0895536 0.00909157 0.00921612 0.0105575 0.0691605 0.0088751 0.0354271 0.0303894 0.0116606 0.0191789 0.013312 0.00402294 0.00398398 0.00380507 0.00405501 0.00381409 0 
