4BJLA
XSVLTQPPSASGTPGQRVTISCSGSSSNIGENSVTWYQHLSGTAPKLLIYEDNSRASGVSDRFSASKSGTSASLAISGLQPEDETDYYCAAWDDSLDVAVFGTGTKVTVLGQPKANPTVTLFPPSSEELQANKATLVCLISDFYPGAVTVAWKADGSPVKAGVETTKPSKQSNNKYAASSYLSLTPEQWKSHRSYSCQVTHEGSTVEKTVAPTECS
CCCEECCCEEEECCCCCCEEEEECCCCCCCCCCCEEEEECCCCCCEECEEECCEECCCCCCCEEECCCCCCEEEEECCCCHHHCCEEEEECCCCCCCCCCEECCCEEEECCCCCECCEEEEECCCHHHHHCCCEEEEEEEEEEECCCEEEEEEECCEEECCCEEECCCCCCCCCCEEECEEEEECHHHHHHCCCEEEEEEECCEEEEEEECCCCCC
0 0 0 0 0 0 0 0 0 0 0 0 0 0 0 0 0 0 0 0 0 0 0 0 0 0 0 0 0 0 0 0 0 0 0 0 0 0 0 0 0 0 0 0 0 0 0 0 0 0 0 0 0 0 0 0 0 0 0 0 0 0 0 0 0 0 0 0 0 0 0 0 0 0 0 0 0 0 0 0 0 0 0 0 0 0 0 0 0 0 0 0 0 0 0 0 0 0 0 0 0 0 0 0 0 0 0 0 0 0 0 0 0 0 0 0 0 0 0 0 0 0 0 0 0 0 0 0 0 0 0 0 0 0 0 0 0 0 0 0 0 0 0 0 0 0 0 0 0 0 0 0 0 0 0 0 0 0 0 0 0 0 0 0 0 0 0 0 0 0 0 0 0 0 0 0 0 0 0 0 0 0 0 0 0 0 0 0 0 0 0 0 0 0 0 0 0 0 0 0 0 0 0 0 0 0 0 0 0 0 0 0 0 0 0 0 
0 0 0 0 0 0 0 0 0 0 0 0 0 0 0 0 0 0 0 0 0 0 0 0 0 0 0 0 0 0 0 0 0 0 0 0 0 0 0 0 0 0 0 0 0 0 0 0 0 0 0 0 0 0 0 0 0 0 0 0 0 0 0 0 0 0 0 0 0 0 0 0 0 0 0 0 0 0 0 0 0 0 0 0 0 0 0 0 0 0 0 0 0 0 0 0 0 0 0 0 0 0 0 0 0 0 0 0 0 0 0 0 0 0 0 0 0 0 0 0 0 0 0 0 0 0 0 0 0 0 0 0 0 0 0 0 0 0 0 0 0 0 0 0 0 0 0 0 0 0 0 0 0 0 0 0 0 0 0 0 0 0 0 0 0 0 0 0 0 0 0 0 0 0 0 0 0 0 0 0 0 0 0 0 0 0 0 0 0 0 0 0 0 0 0 0 0 0 0 0 0 0 0 0 0 0 0 0 0 0 0 0 0 0 0 0 
0 0.00439674 0.004843 0.0121087 0.00699123 0.0278424 0.00983745 0.017599 0.00787415 0.0165514 0.0152245 0.0099592 0.0114281 0.00911418 0.0111887 0.0196232 0.0115093 0.0195896 0.0102955 0.0101143 0.0129053 0.00921574 0.0129212 0.011198 0.00901384 0.0141223 0.0127666 0.00850368 0.0096014 0.00928752 0.0177196 0.00852091 0.00890493 0.00846165 0.0100618 0.0118852 0.00886964 0.0103248 0.00875673 0.00999713 0.0090702 0.011251 0.0124025 0.00854284 0.0090008 0.00840821 0.00924993 0.00898603 0.00861955 0.00833472 0.0084894 0.00847753 0.0086144 0.00839189 0.00833007 0.00830164 0.00822538 0.00823388 0.00849128 0.00882956 0.00824306 0.00855641 0.00817187 0.00825586 0.00824667 0.00891366 0.0082607 0.00815581 0.00842449 0.00826825 0.00813742 0.00838904 0.00829614 0.00825117 0.00817089 0.00817183 0.00821036 0.00835094 0.00823184 0.00944872 0.00826148 0.00829469 0.00822431 0.00821733 0.00827324 0.00820301 0.00860206 0.00822139 0.00828558 0.0083162 0.00822251 0.00828442 0.00830942 0.0088467 
0.00439674 0 0.00896673 0.00456766 0.00555786 0.00452427 0.0348921 0.00789983 0.0112466 0.00962167 0.0213401 0.0176166 0.00986709 0.00925305 0.0116287 0.0108237 0.0207619 0.00985054 0.0127303 0.011067 0.0124772 0.0147495 0.0108195 0.0116749 0.0134788 0.00877342 0.011835 0.0127013 0.008478 0.0133355 0.0100429 0.0116491 0.00878748 0.00884247 0.00906265 0.00918509 0.0118683 0.00854703 0.0114452 0.00846969 0.00978743 0.00924621 0.00932972 0.0122623 0.00835559 0.0106311 0.00848065 0.00848225 0.00918911 0.00889515 0.0083219 0.00855548 0.00844777 0.00838619 0.00819232 0.00825406 0.0082798 0.0082674 0.00845926 0.00881644 0.00898274 0.0081795 0.0083626 0.00816421 0.00838169 0.00824913 0.00856315 0.00825854 0.00818747 0.00882629 0.00826791 0.0085721 0.00889965 0.00831686 0.0081648 0.00818113 0.00836254 0.0081454 0.00874196 0.0084019 0.00835013 0.00828924 0.00818081 0.00822731 0.0082005 0.00835223 0.0082567 0.00843349 0.0083954 0.00826139 0.00828948 0.00816841 0.00863881 0.00827035 
0.004843 0.00896673 0 0.00386321 0.00382813 0.00400182 0.0185816 0.00670385 0.0100661 0.0103503 0.0348875 0.0147773 0.0109167 0.0107687 0.0102987 0.0195908 0.0139001 0.0187045 0.0109533 0.00957933 0.017909 0.00966119 0.0126011 0.0097889 0.0100194 0.0114379 0.00965059 0.0102264 0.00881703 0.0124088 0.0136637 0.00956328 0.00870615 0.00983372 0.00907969 0.0145411 0.00958142 0.00929344 0.0104894 0.00875308 0.0102272 0.0118081 0.0108247 0.0100657 0.00843942 0.00919396 0.00892445 0.0100711 0.00844006 0.00874767 0.00856661 0.00874117 0.00892762 0.00870998 0.00867551 0.00841826 0.0082814 0.00823163 0.00920995 0.00849811 0.00848394 0.00819688 0.00828146 0.00821438 0.00835665 0.00897852 0.0081145 0.00806462 0.00865873 0.00815436 0.00810151 0.00903906 0.00830984 0.008108 0.00829548 0.00811595 0.00812785 0.00818179 0.0085603 0.00874944 0.00808474 0.00811263 0.00849327 0.00826289 0.00824714 0.00815276 0.00834713 0.00807802 0.00813803 0.00809509 0.0081213 0.00809514 0.00822797 0.00848019 
0.0121087 0.00456766 0.00386321 0 0.00380313 0.00381324 0.00663304 0.034395 0.00894639 0.0498502 0.00777569 0.0102097 0.0236235 0.012742 0.0142837 0.0102643 0.00971908 0.0121216 0.00963804 0.0150872 0.00949366 0.00873668 0.00835142 0.0108404 0.00894239 0.013772 0.0103759 0.00856531 0.0266188 0.00931851 0.0111949 0.00842247 0.0145718 0.0117104 0.0160636 0.00874309 0.00859224 0.00846081 0.00824894 0.0156935 0.00937149 0.00972874 0.00876862 0.00814573 0.0112031 0.00900121 0.00948642 0.00836545 0.00827773 0.00851301 0.0113078 0.0107384 0.0115019 0.00995275 0.00951236 0.00887206 0.00861074 0.00874496 0.00822154 0.00835655 0.00834974 0.00865139 0.00841885 0.0086287 0.00831495 0.00854053 0.0080238 0.00809235 0.00814666 0.00806774 0.00819407 0.00818388 0.00809556 0.00824689 0.00819994 0.00817309 0.00824303 0.00851085 0.00832523 0.00861283 0.00812997 0.00832505 0.00840497 0.00828293 0.00845791 0.00824349 0.00816035 0.00806747 0.00828179 0.00826619 0.0081826 0.00825793 0.00824155 0.0082054 
0.00699123 0.00555786 0.00382813 0.00380313 0 0.0037826 0.0407489 0.00737866 0.0433237 0.00859699 0.0090655 0.0124594 0.0115868 0.0177833 0.0159202 0.00979564 0.0113319 0.011147 0.0102554 0.0147472 0.0114873 0.00868863 0.00996197 0.00924298 0.0264292 0.0084766 0.00888193 0.0257509 0.0088853 0.0286788 0.00868816 0.0109082 0.00984116 0.0158488 0.0117797 0.0101968 0.00909892 0.00892536 0.0107815 0.00866739 0.0161478 0.00877075 0.00829418 0.0105925 0.00842831 0.0119623 0.00905858 0.00856119 0.00850418 0.00948692 0.00936783 0.0096385 0.00956389 0.0096734 0.00877014 0.00878037 0.00879709 0.00839324 0.0084272 0.0084066 0.00931648 0.00840606 0.00889769 0.00850618 0.0085328 0.00815169 0.00825085 0.00811012 0.00817806 0.00827664 0.00826527 0.00828684 0.00847047 0.00842139 0.00826112 0.0081914 0.00853777 0.00828439 0.00842585 0.00818316 0.00834397 0.00844882 0.00830405 0.00847689 0.00833861 0.00832539 0.00820595 0.00814402 0.00834386 0.00824488 0.00819498 0.00820322 0.00828024 0.00814577 
0.0278424 0.00452427 0.00400182 0.00381324 0.0037826 0 0.0105787 0.0522227 0.004583 0.00987331 0.00742452 0.0123885 0.0152542 0.0103704 0.00982884 0.0150333 0.0137812 0.0130783 0.0207905 0.00898824 0.0105611 0.0121003 0.0089985 0.0469968 0.00825272 0.0222969 0.0397723 0.00886156 0.014909 0.00864526 0.0247266 0.0111054 0.0104643 0.00901507 0.0101673 0.00940633 0.00981511 0.0101704 0.0100861 0.0108781 0.00838953 0.0111524 0.0132343 0.0104272 0.0106946 0.00859544 0.00884281 0.00872976 0.0116089 0.00867289 0.00949426 0.00918787 0.00918107 0.00860779 0.00870657 0.0086635 0.00834595 0.00837013 0.00840441 0.0108011 0.00823791 0.00874633 0.0083671 0.00854503 0.0081556 0.00851133 0.00846507 0.00814472 0.00837126 0.00849854 0.00825023 0.00841753 0.0084545 0.00826647 0.00869505 0.00877691 0.00828388 0.00841332 0.00820638 0.00998572 0.00854697 0.00824709 0.00848328 0.00820634 0.00859657 0.00815996 0.00843364 0.00851695 0.00823692 0.0082431 0.0082287 0.00819524 0.00816671 0.00865358 
0.00983745 0.0348921 0.0185816 0.00663304 0.0407489 0.0105787 0 0.00387492 0.00435866 0.00384482 0.00854499 0.0289349 0.00928151 0.010874 0.0228986 0.0727367 0.0217647 0.0197691 0.014203 0.0117814 0.0294693 0.011191 0.0243188 0.00995325 0.0283775 0.00957696 0.0108041 0.033927 0.00881634 0.0923905 0.0123588 0.0209629 0.00903769 0.0119388 0.00986261 0.0213735 0.0122197 0.00909225 0.0252837 0.00874338 0.0248428 0.0137801 0.0117321 0.0233647 0.00839483 0.0177984 0.00989468 0.0124641 0.00946559 0.0128353 0.00868604 0.0120539 0.0106459 0.0106547 0.00873387 0.00915765 0.00875245 0.00844937 0.0109218 0.00965365 0.0129299 0.00822225 0.0109356 0.00831798 0.010548 0.00863183 0.00938247 0.00869517 0.00952599 0.0104921 0.00882572 0.0125986 0.011102 0.00905167 0.00844749 0.0088865 0.00969245 0.0084024 0.0132802 0.00953954 0.00864467 0.0091707 0.00823504 0.00990741 0.00821096 0.00928579 0.00839938 0.0089558 0.0097508 0.00856051 0.00960806 0.00841247 0.0110971 0.00945491 
0.017599 0.00789983 0.00670385 0.034395 0.00737866 0.0522227 0.00387492 0 0.00377039 0.00415966 0.00380071 0.00779552 0.0149407 0.0143027 0.0219476 0.0115763 0.00940154 0.0175766 0.0138325 0.0132394 0.009235 0.0106677 0.00846979 0.021541 0.00868358 0.0230767 0.0212734 0.00850796 0.0920688 0.00912594 0.0275189 0.00848315 0.0195882 0.010512 0.0212338 0.00917144 0.00858709 0.00992208 0.00821066 0.0313328 0.00917121 0.0129634 0.0118172 0.00818488 0.0243835 0.00886309 0.0125945 0.00881857 0.0102393 0.00855459 0.0158726 0.010452 0.0136391 0.0111038 0.0124687 0.00961146 0.00883249 0.00997304 0.00832142 0.0107583 0.00826753 0.0147613 0.00850551 0.0119186 0.00823536 0.00983614 0.00815846 0.00823038 0.0085974 0.00824059 0.00858429 0.0081816 0.0086061 0.00845563 0.00836747 0.00853087 0.00833258 0.00992787 0.00822436 0.0119629 0.00877629 0.00829431 0.00905541 0.0083034 0.00985409 0.00822519 0.00859301 0.00833605 0.00824568 0.00881191 0.00823998 0.00859869 0.00822337 0.0100798 
0.00787415 0.0112466 0.0100661 0.00894639 0.0433237 0.004583 0.00435866 0.00377039 0 0.0037483 0.0039862 0.0141782 0.00987811 0.0395039 0.0112719 0.00918734 0.00888934 0.00894497 0.0109746 0.00903691 0.012448 0.00821019 0.0101708 0.00843936 0.0192758 0.00838635 0.00838756 0.0897028 0.00905454 0.0354803 0.00850861 0.0105731 0.00985724 0.0277309 0.00918968 0.00988796 0.0091438 0.00825372 0.0152744 0.00857474 0.0273389 0.00873482 0.00819719 0.0122765 0.00835077 0.0403666 0.00901724 0.00866304 0.0082676 0.012605 0.00926297 0.0165444 0.0105968 0.0138592 0.00925579 0.0101409 0.0100734 0.00865472 0.00860009 0.00815006 0.0120701 0.00830837 0.0123666 0.00843567 0.00933548 0.00822342 0.00844576 0.00816474 0.00823351 0.00889382 0.00821926 0.00875716 0.00871197 0.00830561 0.00845803 0.00827011 0.00861662 0.00830593 0.0100244 0.00821188 0.00816753 0.00858011 0.00831532 0.00983309 0.00825131 0.00872682 0.00829206 0.00821669 0.00855816 0.00823105 0.00848092 0.00818868 0.00904586 0.00821129 
0.0165514 0.00962167 0.0103503 0.0498502 0.00859699 0.00987331 0.00384482 0.00415966 0.0037483 0 0.00374746 0.010502 0.0515354 0.0200256 0.0142293 0.00756689 0.00865679 0.0123134 0.0102383 0.0158865 0.00857241 0.00973176 0.00827843 0.0180062 0.00869978 0.0152161 0.0251933 0.00846113 0.0379712 0.00896522 0.015496 0.00863097 0.0194413 0.00961004 0.0172002 0.00925603 0.00855655 0.0103675 0.00834142 0.0310677 0.0087053 0.00994567 0.00977405 0.00816654 0.0206751 0.0087348 0.0123622 0.00854032 0.00944593 0.00852977 0.0136498 0.00990738 0.0111225 0.0092337 0.0104928 0.00880317 0.00862591 0.00906895 0.00832229 0.0090096 0.00830819 0.0119183 0.00849009 0.0101273 0.00827564 0.00857024 0.00807655 0.00812694 0.00823864 0.00814424 0.00828917 0.00817044 0.00814101 0.00836523 0.00832087 0.0082751 0.00840611 0.00945053 0.00822463 0.0096861 0.00832736 0.0083414 0.00849456 0.00829091 0.00903894 0.00826662 0.00826315 0.00818168 0.00829011 0.00845466 0.00823953 0.00836559 0.00815277 0.00866387 
0.0152245 0.0213401 0.0348875 0.00777569 0.0090655 0.00742452 0.00854499 0.00380071 0.0039862 0.00374746 0 0.0580948 0.0159198 0.0138173 0.00721259 0.0110154 0.0139603 0.00978368 0.015948 0.0097413 0.0138745 0.0111819 0.0113209 0.012355 0.0126771 0.0093774 0.0115259 0.0180169 0.0085909 0.0177011 0.00997017 0.0169783 0.00901258 0.00969917 0.00885739 0.00987757 0.0114991 0.00885943 0.0178841 0.00847362 0.0106848 0.00950181 0.00915129 0.0180443 0.00836799 0.00971501 0.00855833 0.0086344 0.00974541 0.00995443 0.00853275 0.00887852 0.00880293 0.00875336 0.00836392 0.00840412 0.00842726 0.00837033 0.00854393 0.00940165 0.00967448 0.00827818 0.00872758 0.00834664 0.00832978 0.00822552 0.00899095 0.00816786 0.00814598 0.00915567 0.00823302 0.00867075 0.0101236 0.00826037 0.00850362 0.00853657 0.00863079 0.00816798 0.009266 0.00839233 0.00862091 0.00850659 0.00821622 0.00838218 0.00823516 0.00832668 0.00820036 0.00866721 0.00850136 0.00816934 0.00835031 0.00816181 0.00867109 0.00817796 
0.0099592 0.0176166 0.0147773 0.0102097 0.0124594 0.0123885 0.0289349 0.00779552 0.0141782 0.010502 0.0580948 0 0.00379112 0.00381569 0.00381818 0.00410421 0.00733692 0.0119674 0.00925208 0.0142307 0.0529234 0.00863608 0.0132968 0.0101125 0.010716 0.0115175 0.0112628 0.0143535 0.00961982 0.0196243 0.0154725 0.0114697 0.0100873 0.011248 0.0134714 0.040713 0.00960704 0.00893164 0.011843 0.00907866 0.0122455 0.0134514 0.0107992 0.0107063 0.00908147 0.0109333 0.0100964 0.0107356 0.00870834 0.00938241 0.00931563 0.0114628 0.0130473 0.0127667 0.00910637 0.00906585 0.00853775 0.00886277 0.0105623 0.00859519 0.00877004 0.00839495 0.00862732 0.00858207 0.00890603 0.00949592 0.00814807 0.00811118 0.00873657 0.00821692 0.00812505 0.00951847 0.00828845 0.00819125 0.00864833 0.00839064 0.00822444 0.00870613 0.00944683 0.00892692 0.00823243 0.00828571 0.00843124 0.00847702 0.00828577 0.00841808 0.00852111 0.0081058 0.00816933 0.00811634 0.00821926 0.00826028 0.0082151 0.00836887 
0.0114281 0.00986709 0.0109167 0.0236235 0.0115868 0.0152542 0.00928151 0.0149407 0.00987811 0.0515354 0.0159198 0.00379112 0 0.00376836 0.00380521 0.00382241 0.00675401 0.00839716 0.0134052 0.0254906 0.029172 0.00851279 0.00808968 0.0100334 0.0108202 0.0101698 0.0100648 0.0111976 0.0207769 0.021346 0.0110062 0.0091469 0.0219592 0.0160485 0.0640375 0.0105441 0.00888445 0.00868485 0.0088786 0.0173276 0.0146763 0.0113058 0.00884094 0.00869622 0.0134433 0.0135335 0.0131282 0.00903937 0.00848396 0.0105092 0.0153828 0.0179042 0.0196337 0.014788 0.0121523 0.0107432 0.01014 0.0104996 0.00839407 0.0086923 0.00880971 0.00958655 0.00927106 0.00961006 0.00901632 0.0084581 0.00807397 0.00813507 0.00838361 0.00818987 0.00832651 0.00826714 0.00827131 0.00837899 0.00833447 0.00834946 0.00858734 0.00871547 0.00867943 0.00880832 0.00834242 0.00848325 0.00898158 0.00871122 0.0137907 0.00850586 0.00842426 0.00810394 0.00819246 0.00830744 0.00827511 0.00832142 0.00836437 0.00830563 
0.00911418 0.00925305 0.0107687 0.012742 0.0177833 0.0103704 0.010874 0.0143027 0.0395039 0.0200256 0.0138173 0.00381569 0.00376836 0 0.00374123 0.00375516 0.00993195 0.185815 0.0205475 0.0116919 0.0119479 0.0071093 0.00744322 0.0101037 0.00891582 0.0112496 0.00913992 0.0116244 0.0254239 0.0142254 0.0102308 0.00947844 0.0146983 0.1118 0.0170631 0.0124217 0.00868969 0.00875457 0.00886941 0.0113622 0.0159308 0.0105201 0.00849987 0.00884461 0.011421 0.0254537 0.0126036 0.00891208 0.00852894 0.0102541 0.0274907 0.0441913 0.0342995 0.0223365 0.0183279 0.014603 0.01439 0.0113982 0.00857414 0.00857157 0.00942812 0.010336 0.0115987 0.0114816 0.00904641 0.00856151 0.00814104 0.00808139 0.00818968 0.00823087 0.00825752 0.00867852 0.00831404 0.00836418 0.00925794 0.00886474 0.00892367 0.0100561 0.00867717 0.00848872 0.00833629 0.00913527 0.00966403 0.00938813 0.00910187 0.00853765 0.00826321 0.00808628 0.00829874 0.00833131 0.00826028 0.00865391 0.00838952 0.0082203 
0.0111887 0.0116287 0.0102987 0.0142837 0.0159202 0.00982884 0.0228986 0.0219476 0.0112719 0.0142293 0.00721259 0.00381818 0.00380521 0.00374123 0 0.00402504 0.179798 0.0203022 0.00975263 0.0191416 0.00771489 0.0076118 0.0133042 0.0101614 0.0213922 0.00859509 0.00969703 0.0157155 0.0113725 0.0138563 0.0095332 0.0105278 0.0612432 0.0141883 0.0218481 0.00955805 0.00998221 0.00911508 0.00966779 0.0124882 0.0138337 0.00950543 0.00903923 0.0092029 0.0112323 0.0112514 0.0114934 0.00909571 0.00896636 0.0119977 0.0110245 0.0116566 0.0112847 0.0115373 0.0100499 0.00994249 0.00935123 0.0105123 0.0084878 0.00879667 0.00885947 0.00878466 0.00909578 0.0091285 0.00871953 0.00839124 0.00811239 0.00839423 0.00815832 0.00824467 0.00847523 0.00828994 0.00818985 0.00871001 0.00825851 0.00843618 0.00861178 0.00844359 0.00843712 0.00832252 0.00825834 0.00879767 0.00859783 0.00899353 0.00855739 0.00864575 0.0082817 0.00813793 0.00835092 0.00829968 0.00830785 0.00831647 0.00836322 0.0082106 
0.0196232 0.0108237 0.0195908 0.0102643 0.00979564 0.0150333 0.0727367 0.0115763 0.00918734 0.00756689 0.0110154 0.00410421 0.00382241 0.00375516 0.00402504 0 0.027117 0.00959504 0.0417258 0.0080196 0.00842731 0.00934916 0.00709526 0.0364539 0.0086251 0.0158265 0.0516311 0.0102258 0.00986069 0.01005 0.0141648 0.0450205 0.0110103 0.0117343 0.0100769 0.0105791 0.0117455 0.00991409 0.0128634 0.0117116 0.00926356 0.0110822 0.0113512 0.0123807 0.00971976 0.00925912 0.00953283 0.00898717 0.011986 0.00978938 0.0093872 0.00953469 0.00932615 0.00957017 0.00912421 0.00874683 0.00854451 0.00848226 0.00855207 0.0118289 0.008574 0.00856681 0.0085718 0.00851496 0.00841375 0.00838557 0.00940195 0.0081472 0.00829696 0.00928712 0.00843555 0.00849521 0.00885637 0.00822469 0.00844055 0.00939764 0.00855841 0.00844861 0.00825797 0.00872327 0.00854871 0.00872478 0.00834271 0.00849073 0.00825786 0.00819205 0.00822984 0.00883237 0.0082527 0.00835299 0.00819136 0.00839963 0.00817748 0.00824676 
0.0115093 0.0207619 0.0139001 0.00971908 0.0113319 0.0137812 0.0217647 0.00940154 0.00888934 0.00865679 0.0139603 0.00733692 0.00675401 0.00993195 0.179798 0.027117 0 0.00686981 0.00387801 0.00833679 0.00527174 0.00541248 0.0136565 0.0103956 0.0319304 0.0111704 0.0109603 0.0122855 0.00911478 0.0138031 0.0146518 0.0118015 0.0103534 0.00897138 0.0106868 0.0136318 0.0116416 0.0107957 0.0113757 0.0092612 0.011465 0.0130706 0.0135326 0.0100484 0.00890758 0.0089379 0.00936959 0.01038 0.00900443 0.00944063 0.00845157 0.00861621 0.00884124 0.00867943 0.00830113 0.00837949 0.00825877 0.00833183 0.00906049 0.00899093 0.00898229 0.00818404 0.00821074 0.00826714 0.00855728 0.00864001 0.00816772 0.00812801 0.00860227 0.00825557 0.00820357 0.00880256 0.00839098 0.00835699 0.00826836 0.0081487 0.00835373 0.0081704 0.00836499 0.00866377 0.00816974 0.00826354 0.00817641 0.00822928 0.00814111 0.00810226 0.00828222 0.00816121 0.008135 0.00811915 0.00815915 0.00811843 0.00824751 0.00835494 
0.0195896 0.00985054 0.0187045 0.0121216 0.011147 0.0130783 0.0197691 0.0175766 0.00894497 0.0123134 0.00978368 0.0119674 0.00839716 0.185815 0.0203022 0.00959504 0.00686981 0 0.00707944 0.00420218 0.0040837 0.00964435 0.00552614 0.0331124 0.0116265 0.0125397 0.028476 0.0106405 0.014274 0.012003 0.0155188 0.014446 0.016653 0.0115143 0.0171155 0.0101822 0.0130077 0.00933914 0.0146139 0.0173684 0.0130019 0.0145928 0.0160586 0.0128822 0.0125624 0.0109652 0.012118 0.00905088 0.0112067 0.010582 0.0113016 0.0123019 0.0133068 0.0108483 0.0101374 0.00927224 0.00893996 0.00885562 0.00868567 0.0108236 0.00929354 0.00925423 0.00875021 0.00916705 0.00870823 0.00870684 0.0083337 0.00814919 0.00829764 0.00869736 0.00831748 0.00836063 0.00893187 0.00851518 0.00836506 0.00914416 0.00840091 0.00877367 0.0084621 0.00927485 0.00838829 0.0083757 0.00893605 0.00836733 0.0085806 0.00839789 0.00834557 0.00823611 0.00817093 0.00823957 0.0081805 0.00817215 0.00817398 0.0085513 
0.0102955 0.0127303 0.0109533 0.00963804 0.0102554 0.0207905 0.014203 0.0138325 0.0109746 0.0102383 0.015948 0.00925208 0.0134052 0.0205475 0.00975263 0.0417258 0.00387801 0.00707944 0 0.00470772 0.00406402 0.0042451 0.180571 0.0322929 0.00913825 0.055755 0.0138827 0.0100675 0.0131608 0.0141731 0.0252008 0.0102028 0.00974244 0.0130984 0.0116113 0.0187307 0.00947675 0.01141 0.0102747 0.0111985 0.0123635 0.0185019 0.0129025 0.00906692 0.00964569 0.0115661 0.0107899 0.0130212 0.00910765 0.00898437 0.0107771 0.013285 0.013757 0.0117575 0.0101673 0.00957396 0.00920792 0.00878853 0.00953852 0.00934957 0.00890319 0.00927547 0.00879809 0.00911601 0.00836932 0.00969382 0.00821042 0.00806694 0.00870817 0.00831873 0.00824131 0.00958844 0.00843379 0.00818871 0.0094019 0.00884371 0.00826018 0.00849771 0.00861837 0.0114832 0.00848062 0.0081597 0.00884617 0.00848192 0.00844504 0.00812086 0.00841669 0.00814771 0.00812714 0.0082628 0.00822645 0.00815012 0.00822974 0.00944675 
0.0101143 0.011067 0.00957933 0.0150872 0.0147472 0.00898824 0.0117814 0.0132394 0.00903691 0.0158865 0.0097413 0.0142307 0.0254906 0.0116919 0.0191416 0.0080196 0.00833679 0.00420218 0.00470772 0 0.00396136 0.00480836 0.25233 0.00978741 0.0550514 0.00959325 0.011765 0.0150888 0.0116374 0.0193982 0.00991338 0.00945964 0.018855 0.0108736 0.025667 0.010273 0.0107 0.0102914 0.00914249 0.0130188 0.016605 0.00982399 0.00942254 0.00896472 0.0106098 0.01039 0.0111147 0.00853846 0.00870512 0.0109736 0.00946095 0.0101731 0.0112073 0.0101734 0.00913482 0.00881207 0.0088302 0.00920819 0.00871753 0.00892715 0.00894744 0.00843532 0.00851509 0.00861308 0.00888329 0.00832774 0.00817542 0.0086397 0.00816264 0.00818975 0.008744 0.00824138 0.00840146 0.00903459 0.00823636 0.00821076 0.00840143 0.00842024 0.00873201 0.00846915 0.00816627 0.00844237 0.00832197 0.00881648 0.0082912 0.00873404 0.00824077 0.00810479 0.00826305 0.00825392 0.00817558 0.00822751 0.00829978 0.00853405 
0.0129053 0.0124772 0.017909 0.00949366 0.0114873 0.0105611 0.0294693 0.009235 0.012448 0.00857241 0.0138745 0.0529234 0.029172 0.0119479 0.00771489 0.00842731 0.00527174 0.0040837 0.00406402 0.00396136 0 0.71795 0.0123809 0.0359638 0.00928774 0.0112476 0.0177432 0.011715 0.00917555 0.0139229 0.0128313 0.0184026 0.00962199 0.0111779 0.0110268 0.011834 0.0153285 0.00959275 0.0200257 0.00932479 0.0106453 0.0111615 0.0109918 0.015557 0.00902086 0.0098262 0.00909792 0.00930128 0.0111106 0.00969268 0.00902705 0.00954743 0.00916401 0.00909812 0.0085644 0.00857251 0.00843729 0.00857681 0.00890342 0.0106341 0.00933656 0.00833907 0.00875398 0.00834805 0.00849084 0.0083085 0.00944765 0.00823233 0.00825004 0.00947439 0.00833676 0.0086627 0.00987085 0.00841116 0.00839325 0.00939167 0.00866261 0.00827115 0.00884825 0.008322 0.00882617 0.00866378 0.00827516 0.00847015 0.00830155 0.00844691 0.00823413 0.0086989 0.00846265 0.00826361 0.00823629 0.0082377 0.00837051 0.00814656 
0.00921574 0.0147495 0.00966119 0.00873668 0.00868863 0.0121003 0.011191 0.0106677 0.00821019 0.00973176 0.0111819 0.00863608 0.00851279 0.0071093 0.0076118 0.00934916 0.00541248 0.00964435 0.0042451 0.00480836 0.71795 0 0.0126024 0.011078 0.0145963 0.0183021 0.0103177 0.00825592 0.00891577 0.00963346 0.0179318 0.00927414 0.00919519 0.00839115 0.00993987 0.0126705 0.00957504 0.0130125 0.00938986 0.00917391 0.00920621 0.0138518 0.0146809 0.00891104 0.00870366 0.00827179 0.00891195 0.00931707 0.00871517 0.00835713 0.0083237 0.00831217 0.00841025 0.00833385 0.00823314 0.00824752 0.00816479 0.00826169 0.00871226 0.00853396 0.00827242 0.00819905 0.00812441 0.008191 0.00825851 0.00857772 0.00813609 0.00817215 0.00830304 0.00817302 0.00817173 0.00843226 0.00826676 0.00818318 0.00815366 0.00809948 0.00826896 0.00815749 0.00818639 0.00882582 0.00817878 0.00809011 0.00815796 0.00814549 0.0081815 0.00807086 0.00827368 0.00812761 0.00809158 0.00813694 0.00814968 0.00814971 0.00817054 0.00850743 
0.0129212 0.0108195 0.0126011 0.00835142 0.00996197 0.0089985 0.0243188 0.00846979 0.0101708 0.00827843 0.0113209 0.0132968 0.00808968 0.00744322 0.0133042 0.00709526 0.0136565 0.00552614 0.180571 0.25233 0.0123809 0.0126024 0 0.0262819 0.0159638 0.00592063 0.0101034 0.0103041 0.00826629 0.0464344 0.00999825 0.0167529 0.00873767 0.00875254 0.0101175 0.00933106 0.0162063 0.00882804 0.0157848 0.00894043 0.0103613 0.00957129 0.011815 0.0132143 0.00844088 0.00879618 0.00869873 0.00843425 0.00959511 0.00972102 0.00827206 0.00834661 0.00855688 0.00845315 0.00819357 0.00820028 0.00818597 0.00821281 0.0083312 0.0093442 0.00877091 0.00808552 0.00824725 0.00811008 0.00842375 0.00826281 0.00869146 0.00823024 0.0081342 0.00888564 0.00828412 0.00864998 0.00877737 0.00826714 0.00821805 0.00825901 0.00832621 0.0081549 0.00870549 0.00836309 0.00841958 0.0082205 0.00816331 0.00822684 0.00814818 0.00836837 0.00818928 0.00830066 0.00826469 0.00815031 0.00817927 0.00813544 0.00818122 0.0081508 
0.011198 0.0116749 0.0097889 0.0108404 0.00924298 0.0469968 0.00995325 0.021541 0.00843936 0.0180062 0.012355 0.0101125 0.0100334 0.0101037 0.0101614 0.0364539 0.0103956 0.0331124 0.0322929 0.00978741 0.0359638 0.011078 0.0262819 0 0.00386383 0.00517604 0.011556 0.0075597 0.0668765 0.0132656 0.329524 0.00953969 0.0103012 0.00997852 0.0157194 0.0235094 0.0105113 0.0168502 0.00993313 0.023 0.00993588 0.0462229 0.0260724 0.00892498 0.0171944 0.00885808 0.0138597 0.0166998 0.0115551 0.00872269 0.0136501 0.0107243 0.0112175 0.0096106 0.00994477 0.00899448 0.00845238 0.0106008 0.0104278 0.0114386 0.0083653 0.0116744 0.00825816 0.00927988 0.00866924 0.0154979 0.00818053 0.00824024 0.0108907 0.00831019 0.00846294 0.0106265 0.00840679 0.00828787 0.00985293 0.00843562 0.00827767 0.00995584 0.00829843 0.0175171 0.00876914 0.00811945 0.00881175 0.00824295 0.00859386 0.00822333 0.0102163 0.00820047 0.0081059 0.00843809 0.00817836 0.00830855 0.00828078 0.0112236 
0.00901384 0.0134788 0.0100194 0.00894239 0.0264292 0.00825272 0.0283775 0.00868358 0.0192758 0.00869978 0.0126771 0.010716 0.0108202 0.00891582 0.0213922 0.0086251 0.0319304 0.0116265 0.00913825 0.0550514 0.00928774 0.0145963 0.0159638 0.00386383 0 0.00386028 0.00582003 0.0713386 0.00686717 0.330072 0.0068717 0.0123041 0.0101 0.0104439 0.0147725 0.0106772 0.0150211 0.00931086 0.0146151 0.009646 0.0514388 0.00934221 0.00902451 0.0148987 0.0089977 0.016563 0.00977219 0.00891902 0.0088966 0.0163249 0.00878938 0.0103374 0.00959701 0.0100107 0.00848756 0.00868288 0.00899864 0.00897666 0.0088814 0.00863301 0.0141554 0.00826522 0.00933733 0.00833723 0.0117835 0.00819985 0.00856558 0.00873439 0.00817963 0.0087673 0.00871592 0.00848603 0.00894982 0.00921397 0.00819491 0.00822847 0.00906653 0.00826759 0.0112882 0.00824372 0.00842947 0.0091115 0.00823568 0.00888511 0.00821159 0.00962595 0.00815329 0.00826964 0.00871221 0.00825591 0.00838402 0.00820512 0.00875393 0.00816792 
0.0141223 0.00877342 0.0114379 0.013772 0.0084766 0.0222969 0.00957696 0.0230767 0.00838635 0.0152161 0.0093774 0.0115175 0.0101698 0.0112496 0.00859509 0.0158265 0.0111704 0.0125397 0.055755 0.00959325 0.0112476 0.0183021 0.00592063 0.00517604 0.00386028 0 0.0365584 0.00617419 0.15231 0.00595421 0.0166668 0.0106884 0.0118892 0.00881195 0.0104214 0.0131186 0.0139338 0.0173696 0.010318 0.0246175 0.00862872 0.0227576 0.0192321 0.0101156 0.0184551 0.00880935 0.0109857 0.0108202 0.0168936 0.00877922 0.0113559 0.00972678 0.00960931 0.00946237 0.00949604 0.00883527 0.00846698 0.00933351 0.00847595 0.0166627 0.00828865 0.0118328 0.00835371 0.00950986 0.00824212 0.00957066 0.00875368 0.00813894 0.00881316 0.00913553 0.00842288 0.0084593 0.00887464 0.00837641 0.00880976 0.00991629 0.00845268 0.00935489 0.00816716 0.013555 0.00989502 0.00827429 0.00891371 0.00846638 0.00885367 0.00827367 0.00858753 0.00848983 0.00816153 0.00877658 0.00819517 0.0082506 0.00814611 0.00935496 
0.0127666 0.011835 0.00965059 0.0103759 0.00888193 0.0397723 0.0108041 0.0212734 0.00838756 0.0251933 0.0115259 0.0112628 0.0100648 0.00913992 0.00969703 0.0516311 0.0109603 0.028476 0.0138827 0.011765 0.0177432 0.0103177 0.0101034 0.011556 0.00582003 0.0365584 0 0.00379694 0.00394613 0.00380377 0.00660332 0.00828805 0.00837895 0.0089346 0.0390868 0.0789051 0.0125495 0.0197458 0.0115529 0.0271095 0.0103569 0.0529557 0.0322334 0.00985808 0.0250337 0.0090962 0.0145067 0.0189005 0.0193652 0.00974144 0.0133245 0.00973846 0.0149086 0.0097553 0.0107279 0.008969 0.00857319 0.00940369 0.0109709 0.0169998 0.00852329 0.0140102 0.00826166 0.0106125 0.00868144 0.0202202 0.00834311 0.00828284 0.0130173 0.00862457 0.00848454 0.0109275 0.00881059 0.00829747 0.00967207 0.00852497 0.00824513 0.00983417 0.00861116 0.0265322 0.00949099 0.0081204 0.00914122 0.00819646 0.00936111 0.00820423 0.00924327 0.00838247 0.00811563 0.00882716 0.00815498 0.00845007 0.00831309 0.012657 
0.00850368 0.0127013 0.0102264 0.00856531 0.0257509 0.00886156 0.033927 0.00850796 0.0897028 0.00846113 0.0180169 0.0143535 0.0111976 0.0116244 0.0157155 0.0102258 0.0122855 0.0106405 0.0100675 0.0150888 0.011715 0.00825592 0.0103041 0.0075597 0.0713386 0.00617419 0.00379694 0 0.00375818 0.0038542 0.00381681 0.00988158 0.00911665 0.0432558 0.0471317 0.0274391 0.0130448 0.00886655 0.0242738 0.00925003 0.109655 0.0111146 0.00955643 0.0226724 0.00911525 0.0618813 0.0108523 0.0100201 0.00886436 0.0342578 0.00997994 0.0330239 0.014775 0.0222724 0.00983479 0.0123744 0.0123906 0.00910617 0.00964012 0.00843218 0.0291174 0.00836247 0.029591 0.00874259 0.0178514 0.00846397 0.00852499 0.00831772 0.00864763 0.0086439 0.00839244 0.00977446 0.00887365 0.00873882 0.00829727 0.00872864 0.00922916 0.00830016 0.0175298 0.00831592 0.00822876 0.00962747 0.00826658 0.0110915 0.00821211 0.00962222 0.00825801 0.00816925 0.00838444 0.00816087 0.00858381 0.00815128 0.00936113 0.00825058 
0.0096014 0.008478 0.00881703 0.0266188 0.0088853 0.014909 0.00881634 0.0920688 0.00905454 0.0379712 0.0085909 0.00961982 0.0207769 0.0254239 0.0113725 0.00986069 0.00911478 0.014274 0.0131608 0.0116374 0.00917555 0.00891577 0.00826629 0.0668765 0.00686717 0.15231 0.00394613 0.00375818 0 0.00375861 0.00386047 0.00824503 0.0255026 0.0359793 0.0203084 0.0082891 0.0102475 0.0123104 0.00914976 0.109998 0.0103356 0.0178412 0.013581 0.00884546 0.0851003 0.0142605 0.0260378 0.0096441 0.0153552 0.00983209 0.14215 0.0246009 0.0505937 0.0217925 0.0431358 0.0159996 0.0159386 0.0145894 0.00863581 0.0156694 0.00879012 0.0751602 0.00901351 0.0405826 0.00854809 0.0105741 0.00811297 0.00815187 0.00847835 0.00835806 0.00914855 0.00843286 0.00841722 0.00882382 0.00904668 0.00964407 0.00872268 0.0219207 0.00849064 0.0121178 0.00912595 0.00843473 0.0168287 0.00879871 0.0138954 0.00846564 0.00844772 0.0081975 0.00825331 0.00901326 0.0083467 0.00876224 0.00831038 0.00930715 
0.00928752 0.0133355 0.0124088 0.00931851 0.0286788 0.00864526 0.0923905 0.00912594 0.0354803 0.00896522 0.0177011 0.0196243 0.021346 0.0142254 0.0138563 0.01005 0.0138031 0.012003 0.0141731 0.0193982 0.0139229 0.00963346 0.0464344 0.0132656 0.330072 0.00595421 0.00380377 0.0038542 0.00375861 0 0.00376802 0.0522419 0.0393798 0.0243856 0.0138374 0.010278 0.0208836 0.0127999 0.0653169 0.010532 0.0920074 0.0127243 0.0104361 0.0503667 0.00997371 0.0482149 0.0131031 0.0111896 0.0104761 0.0443251 0.0119123 0.0315209 0.0198504 0.0291071 0.0118147 0.0153973 0.014463 0.0114808 0.0102173 0.0097857 0.034139 0.00893978 0.0241368 0.00925938 0.0157492 0.0084197 0.00901647 0.00845943 0.00829803 0.00941487 0.00898814 0.00917612 0.00959342 0.00953019 0.00906726 0.00947243 0.0135075 0.00866538 0.0151794 0.00859558 0.00871319 0.0113187 0.00900094 0.0122565 0.00882625 0.0110512 0.00841698 0.00843394 0.00918512 0.00858705 0.00917849 0.00851405 0.00911775 0.00834068 
0.0177196 0.0100429 0.0136637 0.0111949 0.00868816 0.0247266 0.0123588 0.0275189 0.00850861 0.015496 0.00997017 0.0154725 0.0110062 0.0102308 0.0095332 0.0141648 0.0146518 0.0155188 0.0252008 0.00991338 0.0128313 0.0179318 0.00999825 0.329524 0.0068717 0.0166668 0.00660332 0.00381681 0.00386047 0.00376802 0 0.0215 0.0341576 0.0146727 0.017163 0.0260354 0.017227 0.0340357 0.0135609 0.0347189 0.010201 0.0429115 0.030696 0.0137455 0.0250151 0.00964458 0.0160622 0.0124048 0.043113 0.0109399 0.0155851 0.0107991 0.014099 0.0102722 0.0121114 0.00966626 0.00888758 0.0104083 0.00949745 0.0366051 0.00883252 0.0142066 0.00854766 0.0103157 0.00845919 0.0106244 0.00984929 0.00824675 0.00924098 0.0112162 0.00921361 0.00911376 0.0110306 0.009061 0.0102668 0.0121401 0.00920747 0.0097682 0.00832123 0.0131134 0.0118782 0.00868622 0.00880636 0.00861748 0.00881975 0.00829878 0.00904195 0.00901102 0.00850858 0.00863577 0.00831562 0.00830897 0.00817775 0.00945196 
0.00852091 0.0116491 0.00956328 0.00842247 0.0109082 0.0111054 0.0209629 0.00848315 0.0105731 0.00863097 0.0169783 0.0114697 0.0091469 0.00947844 0.0105278 0.0450205 0.0118015 0.014446 0.0102028 0.00945964 0.0184026 0.00927414 0.0167529 0.00953969 0.0123041 0.0106884 0.00828805 0.00988158 0.00824503 0.0522419 0.0215 0 0.00380086 0.00378599 0.00388506 0.00400565 0.0188125 0.0113345 0.0638578 0.00907057 0.0489208 0.0238002 0.0163458 0.0214005 0.00973989 0.0134974 0.0121661 0.0198634 0.0110533 0.0146656 0.00972971 0.013979 0.0124869 0.0130295 0.00991421 0.0099436 0.0101865 0.00997565 0.0147952 0.00954775 0.0119914 0.00873512 0.00958784 0.0090027 0.0101398 0.0108909 0.00845567 0.00818625 0.0104072 0.00870301 0.0083086 0.0121943 0.00872453 0.00852331 0.00933919 0.00864908 0.00858405 0.00846658 0.00970735 0.0105488 0.00833065 0.00867133 0.00843064 0.00863504 0.00948644 0.00854905 0.00902674 0.0081924 0.00816229 0.00814634 0.00817831 0.00819269 0.0085483 0.00882128 
0.00890493 0.00878748 0.00870615 0.0145718 0.00984116 0.0104643 0.00903769 0.0195882 0.00985724 0.0194413 0.00901258 0.0100873 0.0219592 0.0146983 0.0612432 0.0110103 0.0103534 0.016653 0.00974244 0.018855 0.00962199 0.00919519 0.00873767 0.0103012 0.0101 0.0118892 0.00837895 0.00911665 0.0255026 0.0393798 0.0341576 0.00380086 0 0.0037738 0.0037878 0.00378835 0.0114715 0.0179868 0.00990357 0.0520876 0.0207462 0.0165604 0.0112512 0.00961092 0.0448053 0.0145257 0.0306137 0.00990075 0.0111333 0.0153833 0.0347853 0.0274344 0.041729 0.0240134 0.0271796 0.0180378 0.0140319 0.0220591 0.00928229 0.0111908 0.0109536 0.0169378 0.0107889 0.0189406 0.0120406 0.0104233 0.00830033 0.00837154 0.0085035 0.00843073 0.00921213 0.00874973 0.00869521 0.00974566 0.00925293 0.0102418 0.00983616 0.0123982 0.0092207 0.00969611 0.00871157 0.00889374 0.013155 0.00969714 0.0110818 0.00881338 0.00876114 0.00849126 0.00820565 0.00852602 0.00849502 0.00867685 0.00834831 0.00859028 
0.00846165 0.00884247 0.00983372 0.0117104 0.0158488 0.00901507 0.0119388 0.010512 0.0277309 0.00961004 0.00969917 0.011248 0.0160485 0.1118 0.0141883 0.0117343 0.00897138 0.0115143 0.0130984 0.0108736 0.0111779 0.00839115 0.00875254 0.00997852 0.0104439 0.00881195 0.0089346 0.0432558 0.0359793 0.0243856 0.0146727 0.00378599 0.0037738 0 0.00375478 0.00376352 0.0146556 0.0140361 0.0340622 0.0147866 0.0313718 0.0139582 0.00987803 0.0115877 0.0123466 0.0801362 0.0154144 0.0127821 0.00968569 0.0241599 0.0379011 0.0875347 0.0518558 0.0767687 0.03119 0.0377037 0.0417769 0.0160198 0.0103462 0.00957587 0.0169716 0.0133856 0.0328777 0.0208241 0.0130844 0.0096777 0.00844469 0.0082818 0.00851376 0.00864874 0.00864053 0.0104881 0.00862799 0.00886072 0.0125252 0.0106339 0.0120895 0.0145735 0.0116096 0.00964526 0.00876692 0.0119374 0.0126581 0.0146167 0.0113863 0.0097168 0.00867839 0.00818298 0.00832678 0.00857714 0.00904903 0.00881076 0.00874685 0.00837925 
0.0100618 0.00906265 0.00907969 0.0160636 0.0117797 0.0101673 0.00986261 0.0212338 0.00918968 0.0172002 0.00885739 0.0134714 0.0640375 0.0170631 0.0218481 0.0100769 0.0106868 0.0171155 0.0116113 0.025667 0.0110268 0.00993987 0.0101175 0.0157194 0.0147725 0.0104214 0.0390868 0.0471317 0.0203084 0.0138374 0.017163 0.00388506 0.0037878 0.00375478 0 0.00375946 0.0158149 0.106019 0.0209019 0.0316511 0.022382 0.0278473 0.0111534 0.0105845 0.0369551 0.0133675 0.0531063 0.010633 0.0123361 0.0141506 0.0344325 0.0225079 0.0413252 0.0214379 0.0268906 0.0215006 0.0179195 0.0330087 0.00966037 0.0120624 0.0114814 0.0191916 0.0102757 0.0194807 0.012947 0.0100527 0.0085371 0.00885823 0.00843572 0.00873121 0.0109413 0.00917473 0.008954 0.0110359 0.0102576 0.0100528 0.0160762 0.0108831 0.00958787 0.00894973 0.0114633 0.00974593 0.0122028 0.00938478 0.0107213 0.0090002 0.00885241 0.00836482 0.00843456 0.00839728 0.00841866 0.00862798 0.00832463 0.00845142 
0.0118852 0.00918509 0.0145411 0.00874309 0.0101968 0.00940633 0.0213735 0.00917144 0.00988796 0.00925603 0.00987757 0.040713 0.0105441 0.0124217 0.00955805 0.0105791 0.0136318 0.0101822 0.0187307 0.010273 0.011834 0.0126705 0.00933106 0.0235094 0.0106772 0.0131186 0.0789051 0.0274391 0.0082891 0.010278 0.0260354 0.00400565 0.00378835 0.00376352 0.00375946 0 0.365644 0.0166112 0.0326188 0.0157899 0.0345515 0.0377919 0.0153264 0.0256307 0.0109783 0.0119762 0.0130655 0.0147339 0.0175307 0.0160155 0.0123359 0.0151197 0.0149802 0.0137153 0.0119272 0.0111447 0.0107025 0.0101315 0.0110947 0.0163767 0.0107689 0.00921679 0.00965899 0.00929712 0.0096907 0.00973546 0.010554 0.00815957 0.00872982 0.0125012 0.00879678 0.00976396 0.0110809 0.00895504 0.00950258 0.014498 0.0102033 0.00923549 0.00876033 0.00924266 0.0106817 0.00965409 0.00903448 0.00914332 0.00866017 0.00873598 0.00853078 0.00925474 0.00844054 0.00836792 0.00832121 0.0083723 0.00853399 0.00822512 
0.00886964 0.0118683 0.00958142 0.00859224 0.00909892 0.00981511 0.0122197 0.00858709 0.0091438 0.00855655 0.0114991 0.00960704 0.00888445 0.00868969 0.00998221 0.0117455 0.0116416 0.0130077 0.00947675 0.0107 0.0153285 0.00957504 0.0162063 0.0105113 0.0150211 0.0139338 0.0125495 0.0130448 0.0102475 0.0208836 0.017227 0.0188125 0.0114715 0.0146556 0.0158149 0.365644 0 0.00549992 0.0268898 0.0290624 0.0185993 0.0174073 0.0211931 0.01266 0.0119419 0.0121096 0.0144191 0.0168928 0.0137525 0.0152174 0.0101877 0.0104359 0.0118228 0.0110463 0.00919835 0.00952275 0.00937766 0.0108543 0.0137897 0.011462 0.0117548 0.00850695 0.0093895 0.00908169 0.0107208 0.0121446 0.00935247 0.00916892 0.010591 0.00994831 0.00902992 0.0121699 0.010094 0.0104021 0.00934317 0.00864139 0.00941355 0.00831994 0.0101593 0.0109975 0.00939247 0.00905336 0.00842936 0.00850815 0.00823766 0.00879712 0.00914763 0.00851496 0.00856658 0.00811927 0.00816684 0.00815353 0.00838929 0.00921921 
0.0103248 0.00854703 0.00929344 0.00846081 0.00892536 0.0101704 0.00909225 0.00992208 0.00825372 0.0103675 0.00885943 0.00893164 0.00868485 0.00875457 0.00911508 0.00991409 0.0107957 0.00933914 0.01141 0.0102914 0.00959275 0.0130125 0.00882804 0.0168502 0.00931086 0.0173696 0.0197458 0.00886655 0.0123104 0.0127999 0.0340357 0.0113345 0.0179868 0.0140361 0.106019 0.0166112 0.00549992 0 0.0346657 0.0210015 0.0060333 0.0081405 0.0180956 0.010044 0.0162476 0.0100038 0.0212734 0.0143501 0.0142508 0.00962432 0.0109107 0.00998248 0.0110934 0.0101479 0.00995981 0.00926564 0.00886906 0.0108185 0.010425 0.015041 0.00859799 0.00977257 0.00844847 0.0092142 0.00905357 0.0106787 0.00922303 0.00822447 0.0091916 0.00964411 0.00905378 0.00907051 0.00981171 0.00888125 0.00910649 0.00924756 0.00847684 0.00948012 0.00845051 0.014454 0.00970998 0.00848654 0.00869132 0.00828074 0.00892294 0.00840241 0.00885844 0.00852184 0.00817093 0.00813829 0.00812221 0.0081223 0.00816167 0.00942674 
0.00875673 0.0114452 0.0104894 0.00824894 0.0107815 0.0100861 0.0252837 0.00821066 0.0152744 0.00834142 0.0178841 0.011843 0.0088786 0.00886941 0.00966779 0.0128634 0.0113757 0.0146139 0.0102747 0.00914249 0.0200257 0.00938986 0.0157848 0.00993313 0.0146151 0.010318 0.0115529 0.0242738 0.00914976 0.0653169 0.0135609 0.0638578 0.00990357 0.0340622 0.0209019 0.0326188 0.0268898 0.0346657 0 0.00518299 0.00405164 0.00521213 0.00875285 0.0338105 0.00852981 0.0302318 0.022393 0.0228028 0.0186301 0.026037 0.0102298 0.018039 0.012432 0.0151254 0.0100456 0.0114967 0.0107643 0.00999044 0.0178906 0.012897 0.023237 0.00866962 0.0150508 0.00919524 0.0147852 0.0113245 0.010617 0.00910131 0.0142657 0.0117914 0.00880501 0.0195088 0.0149974 0.00902462 0.0099265 0.00927609 0.0101589 0.00836581 0.0172707 0.0104967 0.00942828 0.00930822 0.00833414 0.0151103 0.00819294 0.0100442 0.00912606 0.00887144 0.00895546 0.00834648 0.0090903 0.00826381 0.0104288 0.00976394 
