1AUNA
SGVFEVHNNCPYTVWAAATPVGGGRRLERGQSWWFWAPPGTKMARIWGRTNCNFDGAGRGWCQTGDCGGVLECKGWGKPPNTLAEYALNQFSNLDFWDISVIDGFNIPMSFGPTKPGPGKCHGIQCTANINGECPGSLRVPGGCNNPCTTFGGQQYCCTQGPCGPTELSRWFKQRCPDAYSYPQDDPTSTFTCTSWTTDYKVMFCPYG
CCEEEEEECCCCCEEEEEECCCEEEEECCCCEEEEECCCCCCCEEEEEEEEEEECCCCEEEEEECCCCCECCCCCCCCCCCCEEEEEEEEHHHEEEEEEECCCCECCCEEEEECCCCCCCCCCEEECCCHHHHCCCCCEECCEECCHHHHCCCHHHHCCCCCCCCCHHHHHHHHHCCCCECCCCCCCCCCEEEECCCCCEEEEECCCC
0 0 0 0 0 0 0 0 0 0 0 0 0 0 0 0 0 0 0 0 0 0 0 0 0 0 0 0 0 0 0 0 0 0 0 0 0 0 0 0 0 0 0 0 0 0 0 0 0 0 0 0 0 0 0 0 0 0 0 0 0 0 0 0 0 0 0 0 0 0 0 0 0 0 0 0 0 0 0 0 0 0 0 0 0 0 0 0 0 0 0 0 0 0 0 0 0 0 0 0 0 0 0 0 0 0 0 0 0 0 0 0 0 0 0 0 0 0 0 0 0 0 0 0 0 0 0 0 0 0 0 0 0 0 0 0 0 0 0 0 0 0 0 0 0 0 0 0 0 0 0 0 0 0 0 0 0 0 0 0 0 0 0 0 0 0 0 0 0 0 0 0 0 0 0 0 0 0 0 0 0 0 0 0 0 0 0 0 0 0 0 0 0 0 0 0 0 0 0 0 0 0 0 0 0 0 0 0 
0 0 0 0 0 0 0 0 0 0 0 0 0 0 0 0 0 0 0 0 0 0 0 0 0 0 0 0 0 0 0 0 0 0 0 0 0 0 0 0 0 0 0 0 0 0 0 0 0 0 0 0 0 0 0 0 0 0 0 0 0 0 0 0 0 0 0 0 0 0 0 0 0 0 0 0 0 0 0 0 0 0 0 0 0 0 0 0 0 0 0 0 0 0 0 0 0 0 0 0 0 0 0 0 0 0 0 0 0 0 0 0 0 0 0 0 0 0 0 0 0 0 0 0 0 0 0 0 0 0 0 0 0 0 0 0 0 0 0 0 0 0 0 0 0 0 0 0 0 0 0 0 0 0 0 0 0 0 0 0 0 0 0 0 0 0 0 0 0 0 0 0 0 0 0 0 0 0 0 0 0 0 0 0 0 0 0 0 0 0 0 0 0 0 0 0 0 0 0 0 0 0 0 0 0 0 0 0 
0 0.00390274 0.00388171 0.00379545 0.00436108 0.00449224 0.00857588 0.00806197 0.0087686 0.0107256 0.0604891 0.108863 0.0101483 0.00815181 0.00881578 0.0131951 0.0148824 0.0137964 0.00878592 0.0159574 0.0090111 0.120416 0.0115099 0.0153986 0.00980236 0.0174116 0.00931225 0.0126011 0.0087835 0.0159552 0.00852593 0.0241154 0.0110374 0.013218 0.00836011 0.0107093 0.00828179 0.0118292 0.0110815 0.0127603 0.00972114 0.00836618 0.00987477 0.00839856 0.00956319 0.00816449 0.0100749 0.00906499 0.00810372 0.0080756 0.00846646 0.00835872 0.0173569 0.00899664 0.016374 0.00941195 0.00851053 0.00872824 0.00839103 0.00915799 0.00957691 0.00804493 0.00830523 0.00877474 0.0093795 0.00831592 0.00798822 0.00816426 0.00849733 0.00817058 0.00803801 0.00810601 0.00875736 0.00826107 0.0080387 0.00809991 0.00819921 0.00852031 
0.00390274 0 0.00379094 0.00378963 0.00387981 0.00391265 0.00708534 0.0093538 0.0102226 0.0365438 0.0969765 0.0170914 0.00828457 0.0111763 0.0095378 0.00932715 0.0307517 0.00856608 0.0504374 0.00863239 0.153678 0.0096439 0.0196691 0.011075 0.0406552 0.012197 0.0360085 0.0101505 0.0216563 0.00878243 0.0425422 0.00862394 0.015083 0.00829551 0.0300483 0.00840409 0.0259646 0.00927879 0.010721 0.00863284 0.00907965 0.0187075 0.00880093 0.0262527 0.00903898 0.0178224 0.00850302 0.00947856 0.00964009 0.00849868 0.00948726 0.0169772 0.00979871 0.0265601 0.0091953 0.0084547 0.0101726 0.00924106 0.0125389 0.00868166 0.00903128 0.00846416 0.00802006 0.00912879 0.00792608 0.00812938 0.008082 0.0080378 0.00798366 0.00828624 0.00835336 0.00867198 0.00815064 0.00872544 0.00824908 0.0088234 0.00839205 0.00837807 
0.00388171 0.00379094 0 0.00374418 0.00378529 0.0037558 0.00655395 0.00944798 0.0330228 0.085324 0.0220836 0.00766452 0.00884471 0.00844091 0.00976938 0.0138089 0.0083089 0.0114825 0.00913063 0.240961 0.0093187 0.0182056 0.00916975 0.0398074 0.0150698 0.131681 0.0165108 0.0321735 0.0100034 0.0794906 0.00909891 0.0273859 0.00865198 0.0120034 0.00872552 0.06512 0.00922462 0.018444 0.00908401 0.00870588 0.00972698 0.00934824 0.0421725 0.0107069 0.0565694 0.0106084 0.0126596 0.00819015 0.00824932 0.0105235 0.0167143 0.0134786 0.044368 0.00987097 0.0180372 0.00810251 0.0091224 0.0164943 0.0114693 0.0175711 0.00824748 0.00819785 0.00862298 0.00817201 0.00869239 0.00801451 0.00809185 0.00799747 0.00795164 0.00828501 0.00843421 0.00832847 0.00819422 0.00815093 0.00844397 0.00875762 0.00861163 0.00843146 
0.00379545 0.00378963 0.00374418 0 0.00374985 0.00375342 0.00812009 0.0272726 0.0789122 0.0289591 0.00903419 0.00761987 0.00841518 0.010113 0.0109726 0.008383 0.00994237 0.00838645 0.147425 0.0108633 0.0340389 0.0087771 0.0122321 0.00997689 0.126951 0.0166045 0.0394088 0.0126971 0.0400601 0.00920034 0.0354862 0.00872417 0.0105784 0.00829895 0.0213628 0.00913622 0.0316689 0.0090257 0.00973298 0.00811376 0.00892023 0.0185136 0.0120452 0.0479744 0.0103334 0.0271825 0.00885515 0.00857227 0.0093796 0.00892842 0.0159307 0.0390549 0.0121171 0.0199908 0.00948866 0.00815044 0.00981447 0.00979102 0.0217858 0.00883494 0.008542 0.00840821 0.00819479 0.00860772 0.00791589 0.00798564 0.00805472 0.0080538 0.00790896 0.00844606 0.00825436 0.00871583 0.00811091 0.00841323 0.00818995 0.00907952 0.00850825 0.00850674 
0.00436108 0.00387981 0.00378529 0.00374985 0 0.00380684 0.0260579 0.0544687 0.0147883 0.00759775 0.00905558 0.00707687 0.00902231 0.0113285 0.00862326 0.0107902 0.00786705 0.0896529 0.0112332 0.0196355 0.00962965 0.0245409 0.00943205 0.0468283 0.0108619 0.0235122 0.0120355 0.0197214 0.00896946 0.0146457 0.00883149 0.0154273 0.00833838 0.0156952 0.00884419 0.0154161 0.00893077 0.0158971 0.00918236 0.00957969 0.0104378 0.00997213 0.0177574 0.0089753 0.0122635 0.00893676 0.00981061 0.00815922 0.00833939 0.0102717 0.0125586 0.00896138 0.0120476 0.00965754 0.0123984 0.00840955 0.00881513 0.0121091 0.00889957 0.00896206 0.00801529 0.00806429 0.00839553 0.00800788 0.00812484 0.00803944 0.00788637 0.00800565 0.00788925 0.00814666 0.00821692 0.00808246 0.0079965 0.00803688 0.00830502 0.00835621 0.00818283 0.00808467 
0.00449224 0.00391265 0.0037558 0.00375342 0.00380684 0 0.0856776 0.00812095 0.00482026 0.00565956 0.00668712 0.00711819 0.0131525 0.00951821 0.00734569 0.00748846 0.012477 0.0127506 0.0104799 0.0084054 0.0134139 0.0102886 0.0244844 0.00962704 0.011339 0.0106741 0.0147497 0.00931191 0.0101267 0.00858884 0.0100251 0.00848395 0.0128383 0.00984049 0.0109089 0.00862111 0.00972838 0.00861353 0.0124267 0.0106316 0.011555 0.0181864 0.00848708 0.00977195 0.00859741 0.00923048 0.00859193 0.00844431 0.0108933 0.00857273 0.00857502 0.00938761 0.00875333 0.0102386 0.0111586 0.00965288 0.0120131 0.0084262 0.00889313 0.00820705 0.00835198 0.0090887 0.00793866 0.00867766 0.00801779 0.00794656 0.0081305 0.00831384 0.00822585 0.00832191 0.00800674 0.00795248 0.00794891 0.00848134 0.00791498 0.00804723 0.00794726 0.00841225 
0.00857588 0.00708534 0.00655395 0.00812009 0.0260579 0.0856776 0 0.00382076 0.00377507 0.00377729 0.00387482 0.00453851 0.00524114 0.00596922 0.00681511 0.00851188 0.551909 0.0160477 0.00988754 0.00834551 0.0108069 0.0240481 0.018697 0.0114825 0.0136059 0.010695 0.0126586 0.0202343 0.0103202 0.00931158 0.0108848 0.00981634 0.0198793 0.0101519 0.00994399 0.00893018 0.0102579 0.00967266 0.0160992 0.0109905 0.012229 0.0094266 0.00928733 0.010281 0.00911762 0.00956971 0.00904434 0.0113564 0.00950519 0.0082961 0.00919963 0.0095649 0.00908039 0.0117453 0.0129212 0.00981511 0.00988624 0.00866064 0.0102593 0.00866015 0.0110636 0.00827276 0.00795672 0.0104084 0.00819066 0.00848444 0.00791333 0.00823748 0.00837994 0.00857155 0.0080303 0.00813343 0.00819877 0.00853437 0.00796421 0.00831969 0.00806784 0.00835096 
0.00806197 0.0093538 0.00944798 0.0272726 0.0544687 0.00812095 0.00382076 0 0.00381106 0.00379766 0.00380423 0.00381863 0.00508765 0.00647657 0.00712968 0.472958 0.186279 0.00833847 0.0102151 0.0124793 0.0297507 0.0172892 0.0111252 0.0317967 0.0145217 0.0310223 0.0352419 0.0184294 0.0102716 0.0127253 0.0104062 0.0141103 0.00904697 0.00958545 0.0102848 0.0119347 0.0106941 0.0167023 0.00963992 0.00862885 0.0098243 0.0129889 0.014674 0.0122767 0.014478 0.0110252 0.0116559 0.00846423 0.0084767 0.00947641 0.0118376 0.0128836 0.016958 0.0141115 0.0125426 0.00818597 0.00990427 0.0151139 0.0109023 0.0105851 0.00848182 0.00822598 0.00909904 0.0083085 0.00827322 0.00796676 0.00814801 0.00813848 0.00801422 0.00832164 0.00845239 0.00840445 0.00809902 0.00822375 0.00831618 0.00878934 0.00854182 0.0083581 
0.0087686 0.0102226 0.0330228 0.0789122 0.0147883 0.00482026 0.00377507 0.00381106 0 0.0037522 0.00378712 0.00377361 0.00423541 0.0110104 0.456603 0.209409 0.0194836 0.00759673 0.0104626 0.0226564 0.0146818 0.0116627 0.0119616 0.0126923 0.0556163 0.0505231 0.0532016 0.0176333 0.0170994 0.0124496 0.0158459 0.00953928 0.00955369 0.00896461 0.0115975 0.0122636 0.0201226 0.0107871 0.0106311 0.00835001 0.00997915 0.015097 0.0169889 0.0250349 0.0164329 0.0216585 0.0096013 0.00857533 0.00911878 0.00954661 0.0167827 0.0254808 0.0197958 0.0188661 0.0132893 0.00828505 0.0107567 0.0124918 0.0230174 0.0106022 0.00855441 0.00864993 0.0082849 0.00847432 0.00803343 0.00802776 0.00812338 0.00815622 0.00797576 0.00850018 0.00848742 0.00848357 0.00805739 0.00835326 0.00849383 0.00904715 0.0087185 0.00842673 
0.0107256 0.0365438 0.085324 0.0289591 0.00759775 0.00565956 0.00377729 0.00379766 0.0037522 0 0.00375619 0.00378388 0.00448819 0.450315 0.228145 0.0353888 0.00701639 0.00740563 0.0131342 0.022405 0.0129483 0.00942304 0.00995144 0.0237202 0.0445827 0.0497368 0.0169299 0.0257082 0.0142998 0.0139299 0.0121444 0.00977836 0.00905799 0.00905617 0.0115741 0.0142579 0.0145234 0.0121232 0.00990876 0.00825891 0.00963678 0.0137832 0.0226236 0.0199474 0.0206591 0.0165872 0.0102469 0.00855796 0.00902293 0.0102899 0.0198602 0.0226219 0.0210625 0.0168653 0.0121281 0.00820707 0.00962298 0.0168195 0.0210574 0.0103613 0.00872614 0.00833696 0.00844389 0.00857885 0.00803113 0.00803899 0.00818191 0.0082151 0.00800814 0.00856102 0.00858752 0.00858323 0.00816925 0.00834748 0.00847034 0.0089845 0.00859302 0.00849309 
0.0604891 0.0969765 0.0220836 0.00903419 0.00905558 0.00668712 0.00387482 0.00380423 0.00378712 0.00375619 0 0.00379588 0.282332 0.343651 0.0335241 0.0115986 0.00628596 0.0107581 0.0245386 0.0109735 0.01036 0.0109799 0.0139297 0.0358768 0.0290227 0.0141367 0.0172495 0.0119789 0.0114703 0.0103205 0.0101225 0.0105784 0.00911102 0.0107894 0.0115203 0.0106091 0.0134423 0.012982 0.0110345 0.0101498 0.0113569 0.0150989 0.0110652 0.0110963 0.0107598 0.01067 0.0101624 0.00848165 0.00925268 0.0102347 0.0124725 0.0113315 0.0116985 0.0136319 0.0121828 0.00928087 0.0110728 0.0135864 0.0101918 0.0100837 0.00851145 0.00846123 0.00838113 0.00837601 0.00822783 0.00797856 0.0080914 0.00817641 0.00804889 0.00849223 0.00831297 0.00832143 0.00807994 0.00826552 0.00847588 0.00842459 0.00837889 0.00813753 
0.108863 0.0170914 0.00766452 0.00761987 0.00707687 0.00711819 0.00453851 0.00381863 0.00377361 0.00378388 0.00379588 0 0.437866 0.0164789 0.00675192 0.00447514 0.00777208 0.0185872 0.00766279 0.0072983 0.00823618 0.015556 0.0222824 0.0141616 0.00945606 0.0101252 0.00956071 0.00911808 0.00880496 0.0085147 0.00921113 0.0086678 0.00938126 0.0137117 0.00952931 0.00845205 0.0091046 0.00868342 0.0103532 0.0132143 0.0150411 0.00971179 0.00861208 0.00892557 0.00876713 0.0086446 0.0084584 0.00822564 0.0109564 0.00845357 0.00851658 0.0086935 0.00865091 0.00891533 0.0102521 0.0109168 0.0118038 0.00866236 0.00856106 0.00839869 0.00825095 0.00932208 0.00805496 0.00839981 0.00841013 0.00797002 0.008407 0.00819169 0.00850309 0.00841286 0.00805257 0.00803198 0.00801636 0.0085106 0.00804417 0.00813745 0.00804304 0.00816665 
0.0101483 0.00828457 0.00884471 0.00841518 0.00902231 0.0131525 0.00524114 0.00508765 0.00423541 0.00448819 0.282332 0.437866 0 0.00414997 0.00376219 0.00409818 0.004694 0.00521107 0.00552826 0.00653449 0.0793193 0.278599 0.00885816 0.00851242 0.00883462 0.00874878 0.00898746 0.00867752 0.00822141 0.00847599 0.00861624 0.00984969 0.0190796 0.00947844 0.00855284 0.00887116 0.00849475 0.00949103 0.0160796 0.0121569 0.00934861 0.008508 0.00873331 0.00863082 0.00877562 0.0084949 0.00877783 0.0114587 0.00808524 0.00803297 0.00852452 0.00844409 0.00830528 0.00912623 0.0144733 0.0103439 0.00846073 0.00814283 0.0083133 0.00846036 0.012277 0.00785802 0.00791099 0.00968641 0.00824375 0.00839407 0.00784342 0.00810397 0.00813949 0.0081544 0.00789727 0.0078992 0.00854448 0.00803739 0.00788554 0.00801098 0.00789963 0.00838312 
0.00815181 0.0111763 0.00844091 0.010113 0.0113285 0.00951821 0.00596922 0.00647657 0.0110104 0.450315 0.343651 0.0164789 0.00414997 0 0.00441918 0.00438941 0.00744526 0.00469978 0.00656954 0.0385358 0.277389 0.0173774 0.00826865 0.0090883 0.00918429 0.010498 0.00986497 0.00946773 0.00852283 0.00835079 0.009471 0.00955185 0.0112437 0.008198 0.00915152 0.00833511 0.00902926 0.00982062 0.00975669 0.00896866 0.00838918 0.00927775 0.00852434 0.00938966 0.00874322 0.00889104 0.00904342 0.00858118 0.00820089 0.0082077 0.00849271 0.00901558 0.00867514 0.0117786 0.00947401 0.00819995 0.00829129 0.00844663 0.00853532 0.00914279 0.00888051 0.00801518 0.00795121 0.00865142 0.00803205 0.00813536 0.0079724 0.00812957 0.00787091 0.00795652 0.00815691 0.00825003 0.00827305 0.00793062 0.0080601 0.00810604 0.00809953 0.00815809 
0.00881578 0.0095378 0.00976938 0.0109726 0.00862326 0.00734569 0.00681511 0.00712968 0.456603 0.228145 0.0335241 0.00675192 0.00376219 0.00441918 0 0.00379452 0.00377936 0.00490377 0.0266765 0.252132 0.0193844 0.00618317 0.00802938 0.0087683 0.0129982 0.00963744 0.010144 0.00939055 0.00920322 0.00916393 0.00940476 0.00847298 0.00842554 0.00819714 0.0088091 0.00873318 0.00985136 0.00865426 0.00867076 0.00831902 0.00863916 0.0088241 0.0100893 0.00995131 0.00901308 0.00955225 0.00840953 0.00820453 0.00829153 0.00826249 0.00964454 0.00952144 0.0105747 0.00922256 0.00896402 0.00807132 0.00839434 0.00859955 0.0111941 0.00823989 0.00836285 0.00805203 0.00810139 0.00824185 0.00790443 0.00800759 0.00798306 0.00796596 0.00779586 0.00796955 0.00813494 0.00813337 0.0080115 0.00799004 0.00810639 0.00842727 0.00811873 0.00799187 
0.0131951 0.00932715 0.0138089 0.008383 0.0107902 0.00748846 0.00851188 0.472958 0.209409 0.0353888 0.0115986 0.00447514 0.00409818 0.00438941 0.00379452 0 0.00383451 0.0114305 0.243353 0.0273834 0.00562615 0.00638959 0.0077151 0.0141678 0.00817756 0.0100889 0.00889093 0.0100237 0.00903625 0.0104971 0.00801381 0.0109916 0.00803469 0.0108787 0.00853144 0.0121353 0.00837085 0.0111173 0.00841997 0.00979854 0.00973574 0.00903925 0.00996781 0.00856934 0.0100899 0.00836824 0.00922923 0.00805676 0.00846506 0.00882948 0.00866596 0.00897222 0.00933788 0.00868683 0.00918967 0.00828237 0.00839483 0.0105679 0.00836488 0.00858911 0.00805981 0.00802785 0.00850372 0.00803088 0.00833095 0.00791864 0.00795441 0.00788692 0.00788533 0.00804338 0.00813015 0.00802517 0.00792144 0.00801586 0.00831302 0.00810496 0.00804539 0.00795382 
0.0148824 0.0307517 0.0083089 0.00994237 0.00786705 0.012477 0.551909 0.186279 0.0194836 0.00701639 0.00628596 0.00777208 0.004694 0.00744526 0.00377936 0.00383451 0 0.261816 0.0297466 0.0039185 0.0054636 0.00497824 0.0310173 0.00845856 0.00868597 0.00808615 0.00929332 0.00835847 0.00989614 0.00792399 0.0117964 0.00799381 0.0167859 0.0104698 0.0197252 0.00810682 0.0126416 0.00823308 0.0118512 0.0143041 0.0163118 0.0124277 0.00823763 0.0109472 0.00832304 0.0100732 0.00825839 0.00901148 0.021585 0.00836644 0.00841341 0.00933387 0.0083167 0.00957051 0.00906106 0.0127888 0.0167285 0.00818876 0.00879559 0.00810324 0.00915547 0.0113011 0.00797837 0.0107463 0.00833227 0.00886704 0.00834315 0.00822325 0.0087702 0.00888912 0.00804397 0.00827204 0.00793357 0.00949677 0.00797094 0.00811499 0.00793459 0.00819186 
0.0137964 0.00856608 0.0114825 0.00838645 0.0896529 0.0127506 0.0160477 0.00833847 0.00759673 0.00740563 0.0107581 0.0185872 0.00521107 0.00469978 0.00490377 0.0114305 0.261816 0 0.00376686 0.00376474 0.00378555 0.00448649 0.00620421 0.00619629 0.00659484 0.0126118 0.0275633 0.0154257 0.00730846 0.00812976 0.00709838 0.0104256 0.0092206 0.0103514 0.00785818 0.00921012 0.00797349 0.0168765 0.0106571 0.0134376 0.00978279 0.00844105 0.00970765 0.00849396 0.0130591 0.00833782 0.00995835 0.00973202 0.0082246 0.00827407 0.00857713 0.00843496 0.00950699 0.00859199 0.0167822 0.00884377 0.00848769 0.00852351 0.00816284 0.00883642 0.00986252 0.00785131 0.00816157 0.00864813 0.00874627 0.00835332 0.00786211 0.00803353 0.00816221 0.00800096 0.00796756 0.00792104 0.00850289 0.00792853 0.00788886 0.00799114 0.00792521 0.00820094 
0.00878592 0.0504374 0.00913063 0.147425 0.0112332 0.0104799 0.00988754 0.0102151 0.0104626 0.0131342 0.0245386 0.00766279 0.00552826 0.00656954 0.0266765 0.243353 0.0297466 0.00376686 0 0.00373641 0.00377889 0.00376325 0.00627529 0.00666442 0.0135466 0.0170434 0.0244821 0.0104151 0.0115264 0.00728002 0.0151552 0.00778765 0.0132177 0.00778862 0.0122652 0.00799448 0.0279838 0.00874574 0.00998266 0.008514 0.00894942 0.0159808 0.00887208 0.0587508 0.00901108 0.0155589 0.00883555 0.00929862 0.00978404 0.00858063 0.00947804 0.0187547 0.00951346 0.0361111 0.00888683 0.00820432 0.00975732 0.0088393 0.0132006 0.00890244 0.0085514 0.00839283 0.00818504 0.00938872 0.00791878 0.00812206 0.00802616 0.00810494 0.00783584 0.00810433 0.00817011 0.00833599 0.00810614 0.00811257 0.00812389 0.00869213 0.00826348 0.00815832 
0.0159574 0.00863239 0.240961 0.0108633 0.0196355 0.0084054 0.00834551 0.0124793 0.0226564 0.022405 0.0109735 0.0072983 0.00653449 0.0385358 0.252132 0.0273834 0.0039185 0.00376474 0.00373641 0 0.00373785 0.00376068 0.00586365 0.0238228 0.0275759 0.0315001 0.00813821 0.0114703 0.00724995 0.0230445 0.00712744 0.0169415 0.007297 0.00986968 0.00787257 0.0595514 0.0081501 0.0141131 0.00845768 0.00862709 0.00963499 0.0088367 0.0901889 0.00897571 0.0382844 0.00913745 0.0132187 0.00832808 0.00842645 0.0103257 0.0175088 0.010111 0.0487488 0.00913588 0.0114403 0.00807595 0.00873653 0.0181872 0.0104894 0.0111301 0.0082244 0.00812191 0.0096699 0.00821265 0.00856969 0.00798263 0.00820439 0.00800151 0.00788254 0.00813443 0.00846745 0.00825199 0.00809928 0.00800708 0.00845031 0.00842916 0.008689 0.00810369 
0.0090111 0.153678 0.0093187 0.0340389 0.00962965 0.0134139 0.0108069 0.0297507 0.0146818 0.0129483 0.01036 0.00823618 0.0793193 0.277389 0.0193844 0.00562615 0.0054636 0.00378555 0.00377889 0.00373785 0 0.00374178 0.0228935 0.023015 0.0264587 0.011215 0.0104069 0.00733307 0.0132877 0.00675398 0.0138287 0.00720428 0.0115683 0.00770289 0.0435911 0.00788455 0.0161036 0.0083565 0.0125419 0.00868969 0.00942875 0.0365148 0.00864614 0.0211877 0.00870563 0.0173532 0.00873115 0.00892786 0.0115278 0.00955182 0.0100684 0.0213732 0.00883032 0.0290238 0.0101159 0.00865377 0.0121714 0.00978471 0.0131049 0.00860031 0.00924897 0.00908307 0.00817052 0.0093133 0.00789283 0.00807065 0.00803242 0.00823036 0.00787993 0.00827886 0.00818656 0.00855223 0.00804477 0.0084747 0.00805389 0.00867896 0.00829691 0.00816768 
0.120416 0.0096439 0.0182056 0.0087771 0.0245409 0.0102886 0.0240481 0.0172892 0.0116627 0.00942304 0.0109799 0.015556 0.278599 0.0173774 0.00618317 0.00638959 0.00497824 0.00448649 0.00376325 0.00376068 0.00374178 0 0.0300531 0.0174431 0.0092471 0.00677241 0.00701713 0.00813022 0.00659865 0.0084247 0.00645027 0.0105702 0.00698796 0.0375167 0.00813775 0.0115689 0.00821705 0.0131532 0.0102869 0.0168646 0.0252932 0.00902635 0.0127039 0.00875315 0.0116331 0.00857941 0.0108625 0.00855418 0.011229 0.00920954 0.00925491 0.00844188 0.0108609 0.00863631 0.0191226 0.0110817 0.0126653 0.0102105 0.00859851 0.00923385 0.00834497 0.00859764 0.00898007 0.00821816 0.00981834 0.00797792 0.0088227 0.0081202 0.00930864 0.00881112 0.00831809 0.00805735 0.00837613 0.00854906 0.00831166 0.00809947 0.00809951 0.00826212 
0.0115099 0.0196691 0.00916975 0.0122321 0.00943205 0.0244844 0.018697 0.0111252 0.0119616 0.00995144 0.0139297 0.0222824 0.00885816 0.00826865 0.00802938 0.0077151 0.0310173 0.00620421 0.00627529 0.00586365 0.0228935 0.0300531 0 0.00375823 0.00377636 0.00375212 0.00367959 0.00374588 0.00385725 0.00390181 0.00514268 0.00479245 0.0141759 0.0071188 0.00895523 0.00721327 0.00908223 0.00802949 0.0261128 0.0147537 0.0144517 0.0128027 0.0088992 0.0146608 0.00903211 0.0103704 0.00926282 0.0277319 0.0126209 0.00887406 0.00886478 0.0114192 0.00867266 0.0151725 0.0186789 0.0161863 0.0132043 0.00877258 0.010971 0.00864133 0.0251901 0.0093004 0.00803869 0.0184085 0.00850017 0.00992792 0.00805784 0.00892603 0.00852578 0.00901003 0.00810721 0.00868248 0.00868197 0.00948543 0.00800068 0.00870187 0.00816033 0.00928312 
0.0153986 0.011075 0.0398074 0.00997689 0.0468283 0.00962704 0.0114825 0.0317967 0.0126923 0.0237202 0.0358768 0.0141616 0.00851242 0.0090883 0.0087683 0.0141678 0.00845856 0.00619629 0.00666442 0.0238228 0.023015 0.0174431 0.00375823 0 0.00374227 0.0037925 0.00376609 0.0037797 0.00376331 0.0041454 0.00373318 0.0112138 0.00488289 0.00917208 0.00674151 0.0104193 0.00840759 0.0350921 0.0101931 0.00965036 0.0124968 0.0120644 0.0271635 0.0160751 0.0229527 0.00984878 0.0208143 0.00903896 0.00889301 0.0115641 0.0141406 0.0106307 0.0328663 0.0127904 0.0173329 0.0086581 0.0105208 0.0298178 0.0102978 0.019897 0.00851229 0.0083232 0.0123441 0.00850119 0.00866561 0.0081629 0.00819487 0.00822627 0.00790025 0.00815473 0.00899494 0.00840382 0.00827744 0.00808072 0.00862229 0.0086752 0.00916942 0.00833058 
0.00980236 0.0406552 0.0150698 0.126951 0.0108619 0.011339 0.0136059 0.0145217 0.0556163 0.0445827 0.0290227 0.00945606 0.00883462 0.00918429 0.0129982 0.00817756 0.00868597 0.00659484 0.0135466 0.0275759 0.0264587 0.0092471 0.00377636 0.00374227 0 0.00375073 0.00376397 0.00377156 0.00486821 0.00406093 0.00501748 0.00622218 0.00509043 0.00643985 0.00933798 0.00685476 0.0218925 0.0122318 0.0167241 0.00840554 0.0106663 0.0322711 0.0194977 0.0584631 0.0112526 0.0592772 0.00989888 0.00930162 0.0104715 0.0103651 0.0200259 0.0655396 0.0187465 0.0548023 0.0107244 0.00863299 0.013728 0.0136289 0.087133 0.00966328 0.0105364 0.00971154 0.00829417 0.00958377 0.00806223 0.00815983 0.00817492 0.00823506 0.00790749 0.00888341 0.0084712 0.00993732 0.00814548 0.00828271 0.00834595 0.0122691 0.00949932 0.00900658 
0.0174116 0.012197 0.131681 0.0166045 0.0235122 0.0106741 0.010695 0.0310223 0.0505231 0.0497368 0.0141367 0.0101252 0.00874878 0.010498 0.00963744 0.0100889 0.00808615 0.0126118 0.0170434 0.0315001 0.011215 0.00677241 0.00375212 0.0037925 0.00375073 0 0.00374659 0.00374778 0.00374936 0.00391574 0.0037831 0.0039761 0.00388521 0.00791395 0.00693965 0.0157249 0.00844194 0.0235785 0.0104959 0.00841816 0.0178149 0.0131573 0.0449705 0.0125215 0.0616323 0.0126934 0.0171641 0.00878797 0.00894935 0.0131395 0.0319186 0.0235726 0.0674106 0.0144695 0.0220426 0.00875237 0.0108332 0.0381884 0.0165677 0.0191496 0.00873325 0.00842284 0.00996747 0.00882805 0.0084284 0.00800078 0.00835379 0.00815954 0.0079808 0.00871817 0.00938169 0.00858837 0.00832191 0.00812622 0.0089851 0.00932211 0.0100935 0.00876714 
0.00931225 0.0360085 0.0165108 0.0394088 0.0120355 0.0147497 0.0126586 0.0352419 0.0532016 0.0169299 0.0172495 0.00956071 0.00898746 0.00986497 0.010144 0.00889093 0.00929332 0.0275633 0.0244821 0.00813821 0.0104069 0.00701713 0.00367959 0.00376609 0.00376397 0.00374659 0 0.00373954 0.00374962 0.00375933 0.00369216 0.00378917 0.00392819 0.00589345 0.0193449 0.00737073 0.0144952 0.0156238 0.0130138 0.00842659 0.0126408 0.0192433 0.0111848 0.0518004 0.011149 0.0358062 0.0104356 0.009454 0.00977277 0.0108645 0.0221485 0.0372806 0.0163354 0.0334655 0.0129459 0.00875709 0.012163 0.01268 0.0339391 0.0103385 0.00984419 0.00927123 0.00856995 0.00939506 0.00819149 0.00813616 0.00826723 0.00845427 0.00798208 0.00912645 0.00867043 0.00964158 0.00814718 0.00855601 0.00837204 0.011123 0.00927349 0.00929601 
0.0126011 0.0101505 0.0321735 0.0126971 0.0197214 0.00931191 0.0202343 0.0184294 0.0176333 0.0257082 0.0119789 0.00911808 0.00867752 0.00946773 0.00939055 0.0100237 0.00835847 0.0154257 0.0104151 0.0114703 0.00733307 0.00813022 0.00374588 0.0037797 0.00377156 0.00374778 0.00373954 0 0.00370749 0.00379678 0.00374372 0.00385319 0.00374037 0.0103351 0.0247763 0.0116483 0.00697628 0.0191872 0.0558918 0.0104536 0.00979655 0.0101131 0.0488424 0.0103425 0.0264947 0.0106209 0.0112657 0.00849389 0.00904236 0.0164179 0.0261458 0.0139583 0.0330748 0.0113544 0.0134418 0.00838183 0.00968198 0.0166091 0.0131836 0.011741 0.00839868 0.00832675 0.00903968 0.00836332 0.00801 0.00795219 0.00810385 0.00822455 0.00787447 0.00818061 0.00856659 0.00822028 0.00830149 0.00798173 0.00821444 0.00870502 0.00885657 0.00841369 
0.0087835 0.0216563 0.0100034 0.0400601 0.00896946 0.0101267 0.0103202 0.0102716 0.0170994 0.0142998 0.0114703 0.00880496 0.00822141 0.00852283 0.00920322 0.00903625 0.00989614 0.00730846 0.0115264 0.00724995 0.0132877 0.00659865 0.00385725 0.00376331 0.00486821 0.00374936 0.00374962 0.00370749 0 0.00374769 0.00376139 0.00377996 0.00398537 0.00492269 0.00968971 0.00560961 0.048133 0.0143121 0.447311 0.00774148 0.00880283 0.0312339 0.00911807 0.0347215 0.00922798 0.0185516 0.00880996 0.00886191 0.015083 0.00892526 0.0122593 0.0263178 0.0107337 0.019588 0.00940177 0.00850211 0.0105682 0.00997519 0.0207687 0.00880024 0.00896383 0.00878477 0.00821042 0.00886 0.0079445 0.00807071 0.00803966 0.00813922 0.00784625 0.00855325 0.00820252 0.00862249 0.00799709 0.00840835 0.00810272 0.00958533 0.00840513 0.00843768 
0.0159552 0.00878243 0.0794906 0.00920034 0.0146457 0.00858884 0.00931158 0.0127253 0.0124496 0.0139299 0.0103205 0.0085147 0.00847599 0.00835079 0.00916393 0.0104971 0.00792399 0.00812976 0.00728002 0.0230445 0.00675398 0.0084247 0.00390181 0.0041454 0.00406093 0.00391574 0.00375933 0.00379678 0.00374769 0 0.00373953 0.00385685 0.00374274 0.0053035 0.00515945 0.0468416 0.0110925 0.517811 0.00657681 0.00782508 0.01461 0.00878248 0.0408412 0.00910484 0.0272659 0.00858491 0.0114325 0.00821326 0.00849908 0.0108173 0.0125491 0.00963292 0.0307724 0.00880709 0.0111951 0.00834968 0.00901918 0.0155518 0.00929101 0.0137769 0.00835182 0.00825287 0.00942823 0.00821956 0.00873072 0.00789479 0.00813926 0.00808327 0.00790892 0.0080251 0.00853834 0.00807184 0.00824685 0.0079799 0.00830344 0.00830238 0.00878973 0.00814624 
0.00852593 0.0425422 0.00909891 0.0354862 0.00883149 0.0100251 0.0108848 0.0104062 0.0158459 0.0121444 0.0101225 0.00921113 0.00861624 0.009471 0.00940476 0.00801381 0.0117964 0.00709838 0.0151552 0.00712744 0.0138287 0.00645027 0.00514268 0.00373318 0.00501748 0.0037831 0.00369216 0.00374372 0.00376139 0.00373953 0 0.00376624 0.0037971 0.0040521 0.0823849 0.00847449 0.874717 0.00629199 0.00703631 0.00726571 0.00939821 0.0206579 0.00854408 0.0458239 0.00861113 0.023199 0.00852587 0.00887777 0.014124 0.00900924 0.0108648 0.0273302 0.00910071 0.0212103 0.00904157 0.00858089 0.011347 0.00899336 0.0310926 0.00868135 0.00928562 0.00956765 0.00821311 0.0108817 0.00792917 0.00836341 0.00815122 0.00813028 0.00790415 0.00871064 0.00817187 0.00909743 0.00801849 0.00879496 0.00806811 0.00987904 0.00832447 0.00829076 
0.0241154 0.00862394 0.0273859 0.00872417 0.0154273 0.00848395 0.00981634 0.0141103 0.00953928 0.00977836 0.0105784 0.0086678 0.00984969 0.00955185 0.00847298 0.0109916 0.00799381 0.0104256 0.00778765 0.0169415 0.00720428 0.0105702 0.00479245 0.0112138 0.00622218 0.0039761 0.00378917 0.00385319 0.00377996 0.00385685 0.00376624 0 0.00376635 0.0349264 0.00961218 0.869938 0.00541294 0.00891424 0.00584587 0.00948094 0.0111251 0.0087324 0.0302415 0.00855149 0.0163397 0.00835186 0.0154462 0.00827908 0.00864749 0.0245815 0.0110979 0.00861778 0.0167094 0.00880598 0.0130108 0.00873548 0.00877904 0.0224025 0.00879981 0.01156 0.00823028 0.00816621 0.0141504 0.00812972 0.00928275 0.00791866 0.00821443 0.00803951 0.00793066 0.00800735 0.00839821 0.0080389 0.00812781 0.0079043 0.0084878 0.00818207 0.00833092 0.00812894 
0.0110374 0.015083 0.00865198 0.0105784 0.00833838 0.0128383 0.0198793 0.00904697 0.00955369 0.00905799 0.00911102 0.00938126 0.0190796 0.0112437 0.00842554 0.00803469 0.0167859 0.0092206 0.0132177 0.007297 0.0115683 0.00698796 0.0141759 0.00488289 0.00509043 0.00388521 0.00392819 0.00374037 0.00398537 0.00374274 0.0037971 0.00376635 0 0.0540306 0.760219 0.00404089 0.00869222 0.00487053 0.00617262 0.0123409 0.0161144 0.017655 0.0082896 0.0123142 0.00839233 0.0109296 0.00821589 0.0095331 0.0396225 0.00900121 0.00848398 0.0104182 0.00852383 0.0115953 0.00963694 0.0165299 0.021111 0.00847644 0.00953787 0.0082002 0.00973598 0.0158715 0.00800356 0.011552 0.00834872 0.00866289 0.00852303 0.0088397 0.0087998 0.00919357 0.00798147 0.00854207 0.00791032 0.0102287 0.0079848 0.00814848 0.00801134 0.00821843 
0.013218 0.00829551 0.0120034 0.00829895 0.0156952 0.00984049 0.0101519 0.00958545 0.00896461 0.00905617 0.0107894 0.0137117 0.00947844 0.008198 0.00819714 0.0108787 0.0104698 0.0103514 0.00778862 0.00986968 0.00770289 0.0375167 0.0071188 0.00917208 0.00643985 0.00791395 0.00589345 0.0103351 0.00492269 0.0053035 0.0040521 0.0349264 0.0540306 0 0.0037473 0.0039654 0.00377376 0.00407985 0.00417566 0.0197305 0.0157127 0.0081729 0.024336 0.00804479 0.0139045 0.00799088 0.0218141 0.0118704 0.00826801 0.00876206 0.00887653 0.00835466 0.0105749 0.00848981 0.0329991 0.0110605 0.00917081 0.0102823 0.00848049 0.01106 0.0114278 0.00799013 0.00975292 0.00915558 0.00999205 0.00875167 0.00803689 0.00859391 0.00854781 0.00792174 0.00807005 0.00793621 0.00927425 0.00785952 0.00797323 0.00793098 0.00818767 0.00877921 
0.00836011 0.0300483 0.00872552 0.0213628 0.00884419 0.0109089 0.00994399 0.0102848 0.0115975 0.0115741 0.0115203 0.00952931 0.00855284 0.00915152 0.0088091 0.00853144 0.0197252 0.00785818 0.0122652 0.00787257 0.0435911 0.00813775 0.00895523 0.00674151 0.00933798 0.00693965 0.0193449 0.0247763 0.00968971 0.00515945 0.0823849 0.00961218 0.760219 0.0037473 0 0.00376479 0.00379432 0.00397265 0.00399798 0.00695814 0.00934328 0.0211988 0.00826835 0.0378272 0.0082813 0.0255543 0.0138323 0.0118598 0.0107204 0.00858223 0.00945476 0.0151537 0.00879108 0.0379749 0.00937086 0.00931016 0.0111171 0.00904554 0.0146169 0.00874426 0.0106582 0.00941614 0.00821861 0.0128403 0.00802018 0.00866589 0.00804964 0.00833263 0.00790377 0.00838556 0.00813861 0.00913487 0.00800316 0.0087281 0.0080184 0.00917204 0.00826496 0.00830511 
0.0107093 0.00840409 0.06512 0.00913622 0.0154161 0.00862111 0.00893018 0.0119347 0.0122636 0.0142579 0.0106091 0.00845205 0.00887116 0.00833511 0.00873318 0.0121353 0.00810682 0.00921012 0.00799448 0.0595514 0.00788455 0.0115689 0.00721327 0.0104193 0.00685476 0.0157249 0.00737073 0.0116483 0.00560961 0.0468416 0.00847449 0.869938 0.00404089 0.0039654 0.00376479 0 0.00380471 0.00375367 0.00379703 0.00641183 0.0129615 0.00820507 0.0530977 0.00825836 0.0551593 0.00813927 0.0140338 0.00798244 0.00802595 0.00943449 0.0118117 0.00881983 0.0461778 0.0085657 0.0121161 0.00835846 0.00869906 0.0172802 0.00903779 0.0171379 0.00838324 0.00820565 0.0106293 0.00820575 0.00878223 0.00794988 0.00807441 0.00795678 0.00785438 0.0079583 0.00883485 0.00810043 0.00832569 0.00787156 0.00843277 0.00812562 0.00938075 0.0081437 
0.00828179 0.0259646 0.00922462 0.0316689 0.00893077 0.00972838 0.0102579 0.0106941 0.0201226 0.0145234 0.0134423 0.0091046 0.00849475 0.00902926 0.00985136 0.00837085 0.0126416 0.00797349 0.0279838 0.0081501 0.0161036 0.00821705 0.00908223 0.00840759 0.0218925 0.00844194 0.0144952 0.00697628 0.048133 0.0110925 0.874717 0.00541294 0.00869222 0.00377376 0.00379432 0.00380471 0 0.00425362 0.00368687 0.00585241 0.0088738 0.0370851 0.00848383 0.0827629 0.008504 0.0230794 0.00858695 0.00923563 0.0105925 0.00861619 0.00949841 0.0526581 0.00981874 0.0190494 0.00930292 0.00884118 0.0114443 0.0092414 0.0365295 0.00895062 0.00937455 0.00984046 0.00834245 0.0110635 0.0080601 0.00827122 0.00813429 0.00834525 0.0079381 0.00857649 0.00835141 0.0103059 0.0081017 0.00858296 0.00815392 0.0104446 0.0084943 0.0083727 
0.0118292 0.00927879 0.018444 0.0090257 0.0158971 0.00861353 0.00967266 0.0167023 0.0107871 0.0121232 0.012982 0.00868342 0.00949103 0.00982062 0.00865426 0.0111173 0.00823308 0.0168765 0.00874574 0.0141131 0.0083565 0.0131532 0.00802949 0.0350921 0.0122318 0.0235785 0.0156238 0.0191872 0.0143121 0.517811 0.00629199 0.00891424 0.00487053 0.00407985 0.00397265 0.00375367 0.00425362 0 0.00376765 0.0202494 0.015784 0.00980877 0.0643376 0.0093307 0.0154161 0.0088492 0.0243211 0.00790232 0.00820928 0.0103411 0.022996 0.00909608 0.0146585 0.0112368 0.0143049 0.00877809 0.00914353 0.0289548 0.00970629 0.0133571 0.00844166 0.00839711 0.0134719 0.00826259 0.00831871 0.00806937 0.00836773 0.00806207 0.0079026 0.00821711 0.00849907 0.00813359 0.00806928 0.00788537 0.00840125 0.00823018 0.00850326 0.00813106 
0.0110815 0.010721 0.00908401 0.00973298 0.00918236 0.0124267 0.0160992 0.00963992 0.0106311 0.00990876 0.0110345 0.0103532 0.0160796 0.00975669 0.00867076 0.00841997 0.0118512 0.0106571 0.00998266 0.00845768 0.0125419 0.0102869 0.0261128 0.0101931 0.0167241 0.0104959 0.0130138 0.0558918 0.447311 0.00657681 0.00703631 0.00584587 0.00617262 0.00417566 0.00399798 0.00379703 0.00368687 0.00376765 0 0.0646021 0.0164057 0.0291322 0.00977384 0.0147267 0.00968561 0.0117005 0.00981616 0.0110208 0.0133965 0.0120225 0.00861459 0.0102527 0.00973289 0.0130624 0.0239998 0.0136353 0.0232763 0.00942554 0.0105419 0.00896457 0.00954491 0.0122758 0.00817594 0.0114996 0.00881183 0.00817638 0.00916147 0.00947443 0.00883101 0.00944225 0.00812413 0.00820227 0.00814073 0.00866236 0.00795126 0.00806777 0.00803964 0.00843371 
0.0127603 0.00863284 0.00870588 0.00811376 0.00957969 0.0106316 0.0109905 0.00862885 0.00835001 0.00825891 0.0101498 0.0132143 0.0121569 0.00896866 0.00831902 0.00979854 0.0143041 0.0134376 0.008514 0.00862709 0.00868969 0.0168646 0.0147537 0.00965036 0.00840554 0.00841816 0.00842659 0.0104536 0.00774148 0.00782508 0.00726571 0.00948094 0.0123409 0.0197305 0.00695814 0.00641183 0.00585241 0.0202494 0.0646021 0 0.0482273 0.00949415 0.0116168 0.0084554 0.00938013 0.00777134 0.00986392 0.0120699 0.00963252 0.00826873 0.00816166 0.0083115 0.00864626 0.00885203 0.0171105 0.0947287 0.0111861 0.00881315 0.00838951 0.00961401 0.0136784 0.00979732 0.00994584 0.0116895 0.0172502 0.0106824 0.0100747 0.0103265 0.0143581 0.00910886 0.00810805 0.00805129 0.00953412 0.00915689 0.00821991 0.00783627 0.00799243 0.00923329 
0.00972114 0.00907965 0.00972698 0.00892023 0.0104378 0.011555 0.012229 0.0098243 0.00997915 0.00963678 0.0113569 0.0150411 0.00934861 0.00838918 0.00863916 0.00973574 0.0163118 0.00978279 0.00894942 0.00963499 0.00942875 0.0252932 0.0144517 0.0124968 0.0106663 0.0178149 0.0126408 0.00979655 0.00880283 0.01461 0.00939821 0.0111251 0.0161144 0.0157127 0.00934328 0.0129615 0.0088738 0.015784 0.0164057 0.0482273 0 0.00399273 0.00381114 0.00383975 0.00386901 0.00379277 0.00400724 0.0156715 0.00532285 0.00575319 0.00725046 0.00750019 0.00864196 0.0134535 0.336036 0.0160912 0.0146755 0.0117943 0.0102194 0.0119282 0.0192099 0.0106476 0.00956796 0.0202661 0.0133353 0.011512 0.00898898 0.0112071 0.0105429 0.00883439 0.00836238 0.00854809 0.0107964 0.00866939 0.00812984 0.00823403 0.00866728 0.0108885 
0.00836618 0.0187075 0.00934824 0.0185136 0.00997213 0.0181864 0.0094266 0.0129889 0.015097 0.0137832 0.0150989 0.00971179 0.008508 0.00927775 0.0088241 0.00903925 0.0124277 0.00844105 0.0159808 0.0088367 0.0365148 0.00902635 0.0128027 0.0120644 0.0322711 0.0131573 0.0192433 0.0101131 0.0312339 0.00878248 0.0206579 0.0087324 0.017655 0.0081729 0.0211988 0.00820507 0.0370851 0.00980877 0.0291322 0.00949415 0.00399273 0 0.00376901 0.00377547 0.00386473 0.00387972 0.00413584 0.00405065 0.00515341 0.00572867 0.00734708 0.0146408 0.00844411 0.377608 0.0460985 0.0112896 0.0148715 0.0117301 0.0196143 0.0105405 0.0134305 0.0106423 0.0090872 0.016999 0.0087726 0.00989053 0.00852949 0.00966389 0.00822411 0.00902883 0.00842311 0.010494 0.00838796 0.00906211 0.00816895 0.0116689 0.00992256 0.00893437 
0.00987477 0.00880093 0.0421725 0.0120452 0.0177574 0.00848708 0.00928733 0.014674 0.0169889 0.0226236 0.0110652 0.00861208 0.00873331 0.00852434 0.0100893 0.00996781 0.00823763 0.00970765 0.00887208 0.0901889 0.00864614 0.0127039 0.0088992 0.0271635 0.0194977 0.0449705 0.0111848 0.0488424 0.00911807 0.0408412 0.00854408 0.0302415 0.0082896 0.024336 0.00826835 0.0530977 0.00848383 0.0643376 0.00977384 0.0116168 0.00381114 0.00376901 0 0.00375179 0.00380039 0.00370879 0.00377027 0.0037841 0.00417559 0.00577946 0.00998614 0.00718185 0.37821 0.0295248 0.0466671 0.00818709 0.0100956 0.0298251 0.0100012 0.0159821 0.00836492 0.00869339 0.0169055 0.00850985 0.0105635 0.00814185 0.0088038 0.00839426 0.00808982 0.00843153 0.0125064 0.00853623 0.00872934 0.00807407 0.0104975 0.00929222 0.0129965 0.00921952 
0.00839856 0.0262527 0.0107069 0.0479744 0.0089753 0.00977195 0.010281 0.0122767 0.0250349 0.0199474 0.0110963 0.00892557 0.00863082 0.00938966 0.00995131 0.00856934 0.0109472 0.00849396 0.0587508 0.00897571 0.0211877 0.00875315 0.0146608 0.0160751 0.0584631 0.0125215 0.0518004 0.0103425 0.0347215 0.00910484 0.0458239 0.00855149 0.0123142 0.00804479 0.0378272 0.00825836 0.0827629 0.0093307 0.0147267 0.0084554 0.00383975 0.00377547 0.00375179 0 0.00374657 0.00375649 0.00375816 0.0037804 0.00422824 0.00643688 0.0109243 0.430335 0.0328158 0.0489727 0.0081839 0.00847399 0.0128406 0.0102052 0.0321332 0.0088767 0.0123551 0.0135666 0.00860887 0.014491 0.00846528 0.00917825 0.00844774 0.00890272 0.00817895 0.010489 0.00856772 0.0120242 0.00836786 0.00960079 0.00834778 0.0170702 0.00913196 0.0093956 
0.00956319 0.00903898 0.0565694 0.0103334 0.0122635 0.00859741 0.00911762 0.014478 0.0164329 0.0206591 0.0107598 0.00876713 0.00877562 0.00874322 0.00901308 0.0100899 0.00832304 0.0130591 0.00901108 0.0382844 0.00870563 0.0116331 0.00903211 0.0229527 0.0112526 0.0616323 0.011149 0.0264947 0.00922798 0.0272659 0.00861113 0.0163397 0.00839233 0.0139045 0.0082813 0.0551593 0.008504 0.0154161 0.00968561 0.00938013 0.00386901 0.00386473 0.00380039 0.00374657 0 0.00380019 0.00376199 0.00374787 0.00383684 0.00460793 0.385313 0.0492398 0.0395857 0.0100535 0.00940116 0.00861039 0.00969169 0.0214425 0.0093733 0.0246201 0.00850555 0.00865082 0.0119587 0.00874362 0.00990754 0.0083264 0.00870847 0.00844782 0.00811056 0.00872891 0.0115688 0.00837391 0.00873985 0.00823299 0.00943118 0.00933528 0.0116907 0.00858824 
0.00816449 0.0178224 0.0106084 0.0271825 0.00893676 0.00923048 0.00956971 0.0110252 0.0216585 0.0165872 0.01067 0.0086446 0.0084949 0.00889104 0.00955225 0.00836824 0.0100732 0.00833782 0.0155589 0.00913745 0.0173532 0.00857941 0.0103704 0.00984878 0.0592772 0.0126934 0.0358062 0.0106209 0.0185516 0.00858491 0.023199 0.00835186 0.0109296 0.00799088 0.0255543 0.00813927 0.0230794 0.0088492 0.0117005 0.00777134 0.00379277 0.00387972 0.00370879 0.00375649 0.00380019 0 0.00374851 0.00375496 0.00399033 0.121346 0.0514336 0.0347415 0.00639098 0.0127332 0.00696837 0.00751151 0.0123085 0.00899201 0.0305775 0.00858032 0.00906877 0.0109993 0.0083393 0.0165403 0.00833141 0.00851823 0.0084697 0.00860067 0.00811725 0.00931786 0.00857459 0.0116698 0.00822552 0.0089517 0.00822989 0.0162625 0.00974738 0.00891756 
0.0100749 0.00850302 0.0126596 0.00885515 0.00981061 0.00859193 0.00904434 0.0116559 0.0096013 0.0102469 0.0101624 0.0084584 0.00877783 0.00904342 0.00840953 0.00922923 0.00825839 0.00995835 0.00883555 0.0132187 0.00873115 0.0108625 0.00926282 0.0208143 0.00989888 0.0171641 0.0104356 0.0112657 0.00880996 0.0114325 0.00852587 0.0154462 0.00821589 0.0218141 0.0138323 0.0140338 0.00858695 0.0243211 0.00981616 0.00986392 0.00400724 0.00413584 0.00377027 0.00375816 0.00376199 0.00374851 0 0.00374093 0.0229459 0.0588347 0.00603712 0.0041912 0.00623088 0.00581894 0.00746721 0.00687064 0.00899193 0.0284554 0.00847602 0.0109347 0.00782486 0.00889539 0.0356452 0.00854467 0.0102786 0.00842693 0.00912691 0.00885667 0.0084445 0.00873751 0.0105624 0.00832934 0.00836908 0.00811061 0.00942312 0.00833724 0.00967894 0.00844367 
