1AUQA
DISEPPLHDFYCSRLLDLVFLLDGSSRLSEAEFEVLKAFVVDMMERLRISQKWVRVAVVEYHDGSHAYIGLKDRKRPSELRRIASQVKYAGSQVASTSEVLKYTLFQIFSKIDRPEASRIALLLMASQEPQRMSRNFVRYVQGLKKKKVIVIPVGIGPHANLKQIRLIEKQAPENKAFVLSSVDELEQQRDEIVSYLCDLAPEAPPPT
CCCCCCCCCCCECCCEEEEEEEECECCCCHHHHHHHHHHHHHHHHCECECCCCEEEEEEEECCCEEEEECCCCCCCHHHHHHHHHCCCCCCECCCCHHHHHHHHHHCCCCCCCCCCCEEEEEEEECCCCCHHHHCCHHHHHHHHHHCCEEEEEEEECCCCCHHHHHHHHHHCCCCCCEEECCHHHHHHHHHHHHHHHHHHCCCCCCCC
0 0 0 0 0 0 0 0 0 0 0 0 0 0 0 0 0 0 0 0 0 0 0 0 0 0 0 0 0 0 0 0 0 0 0 0 0 0 0 0 0 0 0 0 0 0 0 0 0 0 0 0 0 0 0 0 0 0 0 0 0 0 0 0 0 0 0 0 0 0 0 0 0 0 0 0 0 0 0 0 0 0 0 0 0 0 0 0 0 0 0 0 0 0 0 0 0 0 0 0 0 0 0 0 0 0 0 0 0 0 0 0 0 0 0 0 0 0 0 0 0 0 0 0 0 0 0 0 0 0 0 0 0 0 0 0 0 0 0 0 0 0 0 0 0 0 0 0 0 0 0 0 0 0 0 0 0 0 0 0 0 0 0 0 0 0 0 0 0 0 0 0 0 0 0 0 0 0 0 0 0 0 0 0 0 0 0 0 0 0 0 0 0 0 0 0 0 0 0 0 0 0 0 0 0 0 0 0 
0 0 0 0 0 0 0 0 0 0 0 0 0 0 0 0 0 0 0 0 0 0 0 0 0 0 0 0 0 0 0 0 0 0 0 0 0 0 0 0 0 0 0 0 0 0 0 0 0 0 0 0 0 0 0 0 0 0 0 0 0 0 0 0 0 0 0 0 0 0 0 0 0 0 0 0 0 0 0 0 0 0 0 0 0 0 0 0 0 0 0 0 0 0 0 0 0 0 0 0 0 0 0 0 0 0 0 0 0 0 0 0 0 0 0 0 0 0 0 0 0 0 0 0 0 0 0 0 0 0 0 0 0 0 0 0 0 0 0 0 0 0 0 0 0 0 0 0 0 0 0 0 0 0 0 0 0 0 0 0 0 0 0 0 0 0 0 0 0 0 0 0 0 0 0 0 0 0 0 0 0 0 0 0 0 0 0 0 0 0 0 0 0 0 0 0 0 0 0 0 0 0 0 0 0 0 0 0 
0 0.0288814 0.00408447 0.00495366 0.00474982 0.00546818 0.00592012 0.00822326 0.00692928 0.0655675 0.0725224 0.0697165 0.0200689 0.00902779 0.011826 0.00952349 0.00917805 0.00973372 0.00907225 0.0163102 0.0127289 0.008286 0.00897288 0.00835821 0.0177244 0.0256648 0.0090586 0.00808642 0.0085712 0.00819341 0.0082258 0.00811068 0.0082476 0.0093676 0.0117968 0.00835907 0.0082223 0.00810417 0.0079323 0.00828346 0.00789031 0.00935978 0.00894796 0.00792481 0.0096196 
0.0288814 0 0.00394489 0.00386389 0.00389957 0.00387357 0.00420509 0.00449963 0.00564282 0.00911009 0.0407583 0.0248411 0.219748 0.018355 0.031226 0.0246115 0.0253051 0.0154822 0.0130689 0.0218296 0.0131333 0.00898822 0.00970081 0.00975812 0.023858 0.0102812 0.0108219 0.00942707 0.0110005 0.0105556 0.0121464 0.0104568 0.0103652 0.0130401 0.012824 0.0111631 0.00986571 0.00920609 0.0087669 0.00903142 0.00867658 0.0100367 0.00882254 0.00811486 0.00900156 
0.00408447 0.00394489 0 0.00378068 0.00379476 0.00391538 0.00406236 0.00494432 0.00453448 0.00561735 0.0144565 0.0110333 0.0177749 0.325827 0.0193871 0.109495 0.048058 0.0323591 0.0471008 0.010429 0.00917058 0.0113409 0.0098369 0.0206451 0.00938721 0.00821213 0.00901532 0.0153187 0.0130749 0.0293809 0.0206291 0.0182676 0.0153521 0.0102579 0.00960576 0.0129216 0.0145921 0.0105354 0.0115978 0.0103248 0.0116885 0.00910339 0.00838503 0.00871651 0.00816387 
0.00495366 0.00386389 0.00378068 0 0.003813 0.00379662 0.00379895 0.00390783 0.00400774 0.0042197 0.0171892 0.0100747 0.0340842 0.0223007 0.504417 0.0533649 0.138032 0.100614 0.0216846 0.0161267 0.00956847 0.0101233 0.0414264 0.0103851 0.0131115 0.00828116 0.00926454 0.0153697 0.0619929 0.0464365 0.0588327 0.049998 0.020536 0.0102015 0.0127433 0.0158771 0.0219412 0.0197315 0.0134263 0.0220383 0.011526 0.00921259 0.0090291 0.00868329 0.00860034 
0.00474982 0.00389957 0.00379476 0.003813 0 0.00384531 0.00384941 0.00383756 0.00394972 0.00399372 0.0137332 0.0110986 0.0175508 0.0830291 0.0506083 0.515549 0.0966538 0.133799 0.03812 0.0117193 0.0104238 0.0167422 0.0166958 0.0145063 0.0105496 0.00826068 0.00933019 0.0198228 0.0385175 0.104835 0.086867 0.0595475 0.0222133 0.0114313 0.0110301 0.0234725 0.0370118 0.0214701 0.0178361 0.0200992 0.0175047 0.00947475 0.00869361 0.00877264 0.00844796 
0.00546818 0.00387357 0.00391538 0.00379662 0.00384531 0 0.00383121 0.00379897 0.00381074 0.00387718 0.0176039 0.0104071 0.0272304 0.0375112 0.131361 0.0864353 0.480151 0.0607975 0.0437529 0.0119392 0.0129409 0.0116806 0.0203186 0.0150672 0.0121557 0.00838946 0.0102429 0.0217906 0.0456375 0.0687075 0.0992431 0.0481099 0.0272432 0.0115974 0.0128706 0.0255518 0.0373095 0.0240886 0.0185085 0.0223063 0.0134807 0.00951854 0.00903345 0.00880191 0.00855204 
0.00592012 0.00420509 0.00406236 0.00379895 0.00384941 0.00383121 0 0.00378927 0.00376765 0.00381856 0.0142086 0.011072 0.015272 0.0509217 0.0611344 0.145846 0.0688734 0.360673 0.0290497 0.0129322 0.00926284 0.0114255 0.0165877 0.0141052 0.0109894 0.00834201 0.00930116 0.0176222 0.0369009 0.0548203 0.0539376 0.0640182 0.0212335 0.011105 0.0108937 0.0169667 0.0274256 0.0191178 0.0148573 0.019748 0.0128925 0.0092949 0.00876626 0.0086376 0.00836726 
0.00822326 0.00449963 0.00494432 0.00390783 0.00383756 0.00379897 0.00378927 0 0.00386731 0.00430833 0.0179401 0.012743 0.0174465 0.0233279 0.0650534 0.0275226 0.0698464 0.0295651 0.257881 0.0178749 0.00995913 0.00987274 0.0122325 0.0115403 0.0175338 0.00855998 0.00956372 0.0138939 0.0184724 0.0163961 0.0293782 0.0169676 0.0313285 0.0101999 0.0100377 0.0123146 0.0149916 0.011004 0.00996329 0.0121733 0.0106193 0.00933011 0.00845046 0.00868454 0.00811729 
0.00692928 0.00564282 0.00453448 0.00400774 0.00394972 0.00381074 0.00376765 0.00386731 0 0.00608433 0.0127915 0.0154476 0.0149062 0.0202388 0.0141001 0.0291172 0.0170441 0.0259703 0.0229167 0.106985 0.0103875 0.008614 0.00930026 0.0103766 0.0124735 0.00909055 0.00926474 0.00955786 0.0102725 0.0116321 0.0121666 0.0121803 0.0106497 0.0193698 0.00894817 0.00925697 0.010272 0.00916444 0.00901538 0.00956234 0.00925653 0.00973331 0.00841403 0.00819956 0.00831487 
0.0655675 0.00911009 0.00561735 0.0042197 0.00399372 0.00387718 0.00381856 0.00430833 0.00608433 0 0.122551 0.0595989 0.0164305 0.00986709 0.0100048 0.00967633 0.010064 0.00949224 0.0131004 0.0161612 0.0143475 0.0085344 0.00827468 0.00896002 0.0149038 0.0283698 0.00990354 0.00833178 0.00825846 0.00828545 0.00826132 0.0082558 0.00865444 0.0125107 0.0102455 0.00820048 0.0080943 0.00797375 0.00794457 0.00799613 0.00801653 0.00985025 0.00902862 0.00797722 0.00901296 
0.0725224 0.0407583 0.0144565 0.0171892 0.0137332 0.0176039 0.0142086 0.0179401 0.0127915 0.122551 0 0.0689572 0.00911643 0.024397 0.00906908 0.00810144 0.00741619 0.00875535 0.00640909 0.0173353 0.0104515 0.00779928 0.00879632 0.00871852 0.0363486 0.0360826 0.0116355 0.00957628 0.011265 0.00952213 0.0108614 0.00931674 0.0102669 0.012538 0.0168547 0.00992695 0.00966574 0.00947089 0.00829317 0.0100282 0.00860993 0.0118543 0.0101029 0.00807383 0.0125686 
0.0697165 0.0248411 0.0110333 0.0100747 0.0110986 0.0104071 0.011072 0.012743 0.0154476 0.0595989 0.0689572 0 0.361133 0.00655401 0.00673341 0.00533235 0.00613314 0.00691874 0.0065972 0.00950507 0.0130154 0.00740644 0.00772828 0.0081854 0.0199877 0.0390399 0.011301 0.00909854 0.00922073 0.00883022 0.00890378 0.00872936 0.0092906 0.011543 0.0168019 0.00933671 0.00868698 0.00836673 0.00816996 0.00850815 0.00817956 0.0101572 0.0104208 0.00799068 0.0103289 
0.0200689 0.219748 0.0177749 0.0340842 0.0175508 0.0272304 0.015272 0.0174465 0.0149062 0.0164305 0.00911643 0.361133 0 0.00381731 0.00379229 0.0037999 0.00384921 0.003951 0.00412566 0.00626275 0.00690181 0.00724162 0.0073777 0.00794329 0.03194 0.0167478 0.016979 0.0149208 0.0178205 0.0143989 0.0153499 0.0114552 0.0127012 0.0245321 0.0360122 0.0170364 0.0124152 0.0105744 0.00932284 0.0114085 0.00942454 0.0164276 0.00976917 0.00850383 0.011004 
0.00902779 0.018355 0.325827 0.0223007 0.0830291 0.0375112 0.0509217 0.0233279 0.0202388 0.00986709 0.024397 0.00655401 0.00381731 0 0.00380458 0.00379171 0.00383826 0.00384444 0.00517795 0.0039259 0.00631986 0.00728974 0.00743966 0.0239314 0.00850516 0.00937632 0.0129693 0.0334787 0.0208016 0.0500066 0.0318184 0.0376375 0.0223114 0.0121198 0.011196 0.0365462 0.0274373 0.0166037 0.0211623 0.0149794 0.025807 0.00920504 0.00851495 0.00978998 0.00836188 
0.011826 0.031226 0.0193871 0.504417 0.0506083 0.131361 0.0611344 0.0650534 0.0141001 0.0100048 0.00906908 0.00673341 0.00379229 0.00380458 0 0.0038258 0.00386577 0.00378338 0.00385801 0.00387588 0.00689099 0.00670115 0.0134031 0.00806896 0.0365766 0.0109727 0.0137405 0.0238319 0.103272 0.0440714 0.11567 0.0681078 0.0343924 0.0131601 0.0201635 0.0251591 0.0600245 0.0467111 0.0252426 0.0579239 0.0160533 0.0111411 0.00996505 0.0087793 0.00976528 
0.00952349 0.0246115 0.109495 0.0533649 0.515549 0.0864353 0.145846 0.0275226 0.0291172 0.00967633 0.00810144 0.00533235 0.0037999 0.00379171 0.0038258 0 0.00380982 0.00377807 0.00380351 0.00381569 0.00560787 0.0141434 0.0081029 0.0165964 0.20795 0.00920573 0.0137808 0.0432375 0.051347 0.170581 0.120801 0.106182 0.0303228 0.0148134 0.0167193 0.0692045 0.0882599 0.0584859 0.0653621 0.0371984 0.0341801 0.0104266 0.00929934 0.00985585 0.00861424 
0.00917805 0.0253051 0.048058 0.138032 0.0966538 0.480151 0.0688734 0.0698464 0.0170441 0.010064 0.00741619 0.00613314 0.00384921 0.00383826 0.00386577 0.00380982 0 0.00378195 0.00383059 0.00381428 0.00569553 0.00756887 0.0143226 0.38568 0.226829 0.00931787 0.0120862 0.0334737 0.0773103 0.12842 0.163751 0.0902197 0.042664 0.015364 0.0144083 0.0452125 0.102052 0.0712602 0.0507867 0.0502459 0.0262715 0.0105605 0.0091471 0.00932761 0.00872534 
0.00973372 0.0154822 0.0323591 0.100614 0.133799 0.0607975 0.360673 0.0295651 0.0259703 0.00949224 0.00875535 0.00691874 0.003951 0.00384444 0.00378338 0.00377807 0.00378195 0 0.00376443 0.00378468 0.00424999 0.00554456 0.781341 0.0602304 0.0135693 0.00893284 0.0105601 0.0244935 0.0860841 0.06103 0.0786615 0.0823652 0.0388645 0.0130196 0.0124112 0.0274896 0.0728084 0.0400787 0.0252356 0.042691 0.0192689 0.00998548 0.00884527 0.0087725 0.00921009 
0.00907225 0.0130689 0.0471008 0.0216846 0.03812 0.0437529 0.0290497 0.257881 0.0229167 0.0131004 0.00640909 0.0065972 0.00412566 0.00517795 0.00385801 0.00380351 0.00383059 0.00376443 0 0.00394096 0.00527432 0.909837 0.00643113 0.0173815 0.00726893 0.0101872 0.011384 0.0280798 0.0159618 0.0324829 0.0272149 0.0349087 0.0489625 0.0226149 0.0107107 0.0242513 0.022339 0.0137468 0.014342 0.0133365 0.0393232 0.0101786 0.00885932 0.00922273 0.00824375 
0.0163102 0.0218296 0.010429 0.0161267 0.0117193 0.0119392 0.0129322 0.0178749 0.106985 0.0161612 0.0173353 0.00950507 0.00626275 0.0039259 0.00387588 0.00381569 0.00381428 0.00378468 0.00394096 0 0.929477 0.00899195 0.00404485 0.00446944 0.00936433 0.016057 0.0213104 0.00980502 0.0107083 0.0100457 0.0110342 0.0107144 0.0133547 0.0272169 0.014349 0.0110187 0.00987261 0.009285 0.00876592 0.00973939 0.00906876 0.0126538 0.0106095 0.00827334 0.00880787 
0.0127289 0.0131333 0.00917058 0.00956847 0.0104238 0.0129409 0.00926284 0.00995913 0.0103875 0.0143475 0.0104515 0.0130154 0.00690181 0.00631986 0.00689099 0.00560787 0.00569553 0.00424999 0.00527432 0.929477 0 0.00380576 0.00376801 0.00389859 0.00606429 0.0208557 0.0100033 0.0089289 0.00945134 0.00913968 0.00987807 0.00883893 0.00948792 0.016215 0.0105786 0.00902109 0.00880951 0.00843388 0.00845475 0.00842425 0.00836824 0.0124374 0.00835332 0.00823094 0.00964805 
0.008286 0.00898822 0.0113409 0.0101233 0.0167422 0.0116806 0.0114255 0.00987274 0.008614 0.0085344 0.00779928 0.00740644 0.00724162 0.00728974 0.00670115 0.0141434 0.00756887 0.00554456 0.909837 0.00899195 0.00380576 0 0.00377859 0.0041011 0.00380245 0.00951881 0.00878556 0.0106929 0.00909823 0.0130957 0.010935 0.0100454 0.00952771 0.00882838 0.00849051 0.0102028 0.00897357 0.0094482 0.00850125 0.00838297 0.00902806 0.00849132 0.00794542 0.0083826 0.00829836 
0.00897288 0.00970081 0.0098369 0.0414264 0.0166958 0.0203186 0.0165877 0.0122325 0.00930026 0.00827468 0.00879632 0.00772828 0.0073777 0.00743966 0.0134031 0.0081029 0.0143226 0.781341 0.00643113 0.00404485 0.00376801 0.00377859 0 0.00379666 0.00378167 0.00829553 0.00917872 0.0112677 0.0249871 0.0151064 0.0193542 0.0187898 0.0105243 0.00908525 0.0094551 0.0106584 0.0217925 0.012696 0.00981241 0.0140871 0.00934464 0.0087631 0.00813475 0.00816172 0.00847163 
0.00835821 0.00975812 0.0206451 0.0103851 0.0145063 0.0150672 0.0141052 0.0115403 0.0103766 0.00896002 0.00871852 0.0081854 0.00794329 0.0239314 0.00806896 0.0165964 0.38568 0.0602304 0.0173815 0.00446944 0.00389859 0.0041011 0.00379666 0 0.00376875 0.00944697 0.011136 0.0165133 0.0106849 0.0163052 0.0156814 0.0145843 0.0132179 0.0115833 0.00896129 0.0130974 0.0119529 0.00925656 0.00978607 0.00900006 0.0141489 0.00857274 0.00864868 0.00884009 0.00809735 
0.0177244 0.023858 0.00938721 0.0131115 0.0105496 0.0121557 0.0109894 0.0175338 0.0124735 0.0149038 0.0363486 0.0199877 0.03194 0.00850516 0.0365766 0.20795 0.226829 0.0135693 0.00726893 0.00936433 0.00606429 0.00380245 0.00378167 0.00376875 0 0.0742461 0.0211282 0.0107987 0.0139681 0.0125903 0.0137651 0.0121147 0.0185378 0.0158818 0.019127 0.0110258 0.00992753 0.00922505 0.0085397 0.010423 0.00918533 0.0131735 0.0111244 0.00824638 0.00983021 
0.0256648 0.0102812 0.00821213 0.00828116 0.00826068 0.00838946 0.00834201 0.00855998 0.00909055 0.0283698 0.0360826 0.0390399 0.0167478 0.00937632 0.0109727 0.00920573 0.00931787 0.00893284 0.0101872 0.016057 0.0208557 0.00951881 0.00829553 0.00944697 0.0742461 0 0.0232903 0.00946467 0.0104203 0.0101383 0.010271 0.00922344 0.0120275 0.0266273 0.0162592 0.00945689 0.00857474 0.00831007 0.00814206 0.00826531 0.00848902 0.0136534 0.011027 0.00841453 0.0122626 
0.0090586 0.0108219 0.00901532 0.00926454 0.00933019 0.0102429 0.00930116 0.00956372 0.00926474 0.00990354 0.0116355 0.011301 0.016979 0.0129693 0.0137405 0.0137808 0.0120862 0.0105601 0.011384 0.0213104 0.0100033 0.00878556 0.00917872 0.011136 0.0211282 0.0232903 0 0.00391807 0.00380056 0.00381708 0.00384652 0.00387972 0.00399258 0.00728096 0.121099 0.0431247 0.0184768 0.012578 0.0111684 0.0107054 0.0127481 0.0216429 0.0120517 0.00994967 0.0146655 
0.00808642 0.00942707 0.0153187 0.0153697 0.0198228 0.0217906 0.0176222 0.0138939 0.00955786 0.00833178 0.00957628 0.00909854 0.0149208 0.0334787 0.0238319 0.0432375 0.0334737 0.0244935 0.0280798 0.00980502 0.0089289 0.0106929 0.0112677 0.0165133 0.0107987 0.00946467 0.00391807 0 0.00376246 0.00377208 0.00382237 0.0039621 0.00397481 0.00393862 0.401357 0.135984 0.070309 0.0264093 0.0269638 0.0247229 0.037944 0.0145369 0.0123321 0.017072 0.00951945 
0.0085712 0.0110005 0.0130749 0.0619929 0.0385175 0.0456375 0.0369009 0.0184724 0.0102725 0.00825846 0.011265 0.00922073 0.0178205 0.0208016 0.103272 0.051347 0.0773103 0.0860841 0.0159618 0.0107083 0.00945134 0.00909823 0.0249871 0.0106849 0.0139681 0.0104203 0.00380056 0.00376246 0 0.00378094 0.00381558 0.00379823 0.0038314 0.0038913 0.088388 0.444765 0.112765 0.0836404 0.0306963 0.0786696 0.0200322 0.0143619 0.0168721 0.00980728 0.0108269 
0.00819341 0.0105556 0.0293809 0.0464365 0.104835 0.0687075 0.0548203 0.0163961 0.0116321 0.00828545 0.00952213 0.00883022 0.0143989 0.0500066 0.0440714 0.170581 0.12842 0.06103 0.0324829 0.0100457 0.00913968 0.0130957 0.0151064 0.0163052 0.0125903 0.0101383 0.00381708 0.00377208 0.00378094 0 0.00378547 0.00377427 0.00383158 0.00384136 0.093887 0.121193 0.476469 0.0924944 0.12512 0.0433587 0.0402089 0.0142555 0.0139349 0.0172291 0.00942435 
0.0082258 0.0121464 0.0206291 0.0588327 0.086867 0.0992431 0.0539376 0.0293782 0.0121666 0.00826132 0.0108614 0.00890378 0.0153499 0.0318184 0.11567 0.120801 0.163751 0.0786615 0.0272149 0.0110342 0.00987807 0.010935 0.0193542 0.0156814 0.0137651 0.010271 0.00384652 0.00382237 0.00381558 0.00378547 0 0.00377127 0.00383978 0.00383571 0.0753113 0.189938 0.157548 0.471617 0.107606 0.102837 0.0319932 0.0193726 0.0167192 0.0138371 0.0105025 
0.00811068 0.0104568 0.0182676 0.049998 0.0595475 0.0481099 0.0640182 0.0169676 0.0121803 0.0082558 0.00931674 0.00872936 0.0114552 0.0376375 0.0681078 0.106182 0.0902197 0.0823652 0.0349087 0.0107144 0.00883893 0.0100454 0.0187898 0.0145843 0.0121147 0.00922344 0.00387972 0.0039621 0.00379823 0.00377427 0.00377127 0 0.00377365 0.00377509 0.050725 0.105866 0.235971 0.111484 0.388413 0.130482 0.0615503 0.0163016 0.0121079 0.0151439 0.0100541 
0.0082476 0.0103652 0.0153521 0.020536 0.0222133 0.0272432 0.0212335 0.0313285 0.0106497 0.00865444 0.0102669 0.0092906 0.0127012 0.0223114 0.0343924 0.0303228 0.042664 0.0388645 0.0489625 0.0133547 0.00948792 0.00952771 0.0105243 0.0132179 0.0185378 0.0120275 0.00399258 0.00397481 0.0038314 0.00383158 0.00383978 0.00377365 0 0.00409992 0.0283562 0.0949602 0.0806903 0.0885213 0.0518914 0.337154 0.202185 0.0641524 0.0140078 0.0272287 0.0114996 
0.0093676 0.0130401 0.0102579 0.0102015 0.0114313 0.0115974 0.011105 0.0101999 0.0193698 0.0125107 0.012538 0.011543 0.0245321 0.0121198 0.0131601 0.0148134 0.015364 0.0130196 0.0226149 0.0272169 0.016215 0.00882838 0.00908525 0.0115833 0.0158818 0.0266273 0.00728096 0.00393862 0.0038913 0.00384136 0.00383571 0.00377509 0.00409992 0 0.0283881 0.0282072 0.0618388 0.0225517 0.0253632 0.0395815 0.288121 0.238879 0.0221135 0.0127916 0.0139818 
0.0117968 0.012824 0.00960576 0.0127433 0.0110301 0.0128706 0.0108937 0.0100377 0.00894817 0.0102455 0.0168547 0.0168019 0.0360122 0.011196 0.0201635 0.0167193 0.0144083 0.0124112 0.0107107 0.014349 0.0105786 0.00849051 0.0094551 0.00896129 0.019127 0.0162592 0.121099 0.401357 0.088388 0.093887 0.0753113 0.050725 0.0283562 0.0283881 0 0.00428394 0.00388533 0.00388319 0.00393795 0.00419684 0.00455579 0.0100189 0.351799 0.0166864 0.0526143 
0.00835907 0.0111631 0.0129216 0.0158771 0.0234725 0.0255518 0.0169667 0.0123146 0.00925697 0.00820048 0.00992695 0.00933671 0.0170364 0.0365462 0.0251591 0.0692045 0.0452125 0.0274896 0.0242513 0.0110187 0.00902109 0.0102028 0.0106584 0.0130974 0.0110258 0.00945689 0.0431247 0.135984 0.444765 0.121193 0.189938 0.105866 0.0949602 0.0282072 0.00428394 0 0.0038599 0.00381708 0.00404156 0.00389111 0.0057642 0.0046499 0.114503 0.174742 0.015131 
0.0082223 0.00986571 0.0145921 0.0219412 0.0370118 0.0373095 0.0274256 0.0149916 0.010272 0.0080943 0.00966574 0.00868698 0.0124152 0.0274373 0.0600245 0.0882599 0.102052 0.0728084 0.022339 0.00987261 0.00880951 0.00897357 0.0217925 0.0119529 0.00992753 0.00857474 0.0184768 0.070309 0.112765 0.476469 0.157548 0.235971 0.0806903 0.0618388 0.00388533 0.0038599 0 0.00380689 0.00379663 0.00384397 0.00387991 0.00392384 0.0677635 0.0361435 0.0180301 
0.00810417 0.00920609 0.0105354 0.0197315 0.0214701 0.0240886 0.0191178 0.011004 0.00916444 0.00797375 0.00947089 0.00836673 0.0105744 0.0166037 0.0467111 0.0584859 0.0712602 0.0400787 0.0137468 0.009285 0.00843388 0.0094482 0.012696 0.00925656 0.00922505 0.00831007 0.012578 0.0264093 0.0836404 0.0924944 0.471617 0.111484 0.0885213 0.0225517 0.00388319 0.00381708 0.00380689 0 0.00377395 0.00377402 0.00384382 0.00385004 0.0458249 0.0186849 0.0114926 
0.0079323 0.0087669 0.0115978 0.0134263 0.0178361 0.0185085 0.0148573 0.00996329 0.00901538 0.00794457 0.00829317 0.00816996 0.00932284 0.0211623 0.0252426 0.0653621 0.0507867 0.0252356 0.014342 0.00876592 0.00845475 0.00850125 0.00981241 0.00978607 0.0085397 0.00814206 0.0111684 0.0269638 0.0306963 0.12512 0.107606 0.388413 0.0518914 0.0253632 0.00393795 0.00404156 0.00379663 0.00377395 0 0.00376567 0.00378829 0.0037817 0.0245854 0.0266414 0.00961093 
0.00828346 0.00903142 0.0103248 0.0220383 0.0200992 0.0223063 0.019748 0.0121733 0.00956234 0.00799613 0.0100282 0.00850815 0.0114085 0.0149794 0.0579239 0.0371984 0.0502459 0.042691 0.0133365 0.00973939 0.00842425 0.00838297 0.0140871 0.00900006 0.010423 0.00826531 0.0107054 0.0247229 0.0786696 0.0433587 0.102837 0.130482 0.337154 0.0395815 0.00419684 0.00389111 0.00384397 0.00377402 0.00376567 0 0.00380292 0.00378695 0.262039 0.0139224 0.0246294 
0.00789031 0.00867658 0.0116885 0.011526 0.0175047 0.0134807 0.0128925 0.0106193 0.00925653 0.00801653 0.00860993 0.00817956 0.00942454 0.025807 0.0160533 0.0341801 0.0262715 0.0192689 0.0393232 0.00906876 0.00836824 0.00902806 0.00934464 0.0141489 0.00918533 0.00848902 0.0127481 0.037944 0.0200322 0.0402089 0.0319932 0.0615503 0.202185 0.288121 0.00455579 0.0057642 0.00387991 0.00384382 0.00378829 0.00380292 0 0.00396997 0.0164495 0.61544 0.0133946 
0.00935978 0.0100367 0.00910339 0.00921259 0.00947475 0.00951854 0.0092949 0.00933011 0.00973331 0.00985025 0.0118543 0.0101572 0.0164276 0.00920504 0.0111411 0.0104266 0.0105605 0.00998548 0.0101786 0.0126538 0.0124374 0.00849132 0.0087631 0.00857274 0.0131735 0.0136534 0.0216429 0.0145369 0.0143619 0.0142555 0.0193726 0.0163016 0.0641524 0.238879 0.0100189 0.0046499 0.00392384 0.00385004 0.0037817 0.00378695 0.00396997 0 0.0392481 0.0181841 0.512871 
0.00894796 0.00882254 0.00838503 0.0090291 0.00869361 0.00903345 0.00876626 0.00845046 0.00841403 0.00902862 0.0101029 0.0104208 0.00976917 0.00851495 0.00996505 0.00929934 0.0091471 0.00884527 0.00885932 0.0106095 0.00835332 0.00794542 0.00813475 0.00864868 0.0111244 0.011027 0.0120517 0.0123321 0.0168721 0.0139349 0.0167192 0.0121079 0.0140078 0.0221135 0.351799 0.114503 0.0677635 0.0458249 0.0245854 0.262039 0.0164495 0.0392481 0 0.00387437 0.0108902 
0.00792481 0.00811486 0.00871651 0.00868329 0.00877264 0.00880191 0.0086376 0.00868454 0.00819956 0.00797722 0.00807383 0.00799068 0.00850383 0.00978998 0.0087793 0.00985585 0.00932761 0.0087725 0.00922273 0.00827334 0.00823094 0.0083826 0.00816172 0.00884009 0.00824638 0.00841453 0.00994967 0.017072 0.00980728 0.0172291 0.0138371 0.0151439 0.0272287 0.0127916 0.0166864 0.174742 0.0361435 0.0186849 0.0266414 0.0139224 0.61544 0.0181841 0.00387437 0 0.00394127 
0.0096196 0.00900156 0.00816387 0.00860034 0.00844796 0.00855204 0.00836726 0.00811729 0.00831487 0.00901296 0.0125686 0.0103289 0.011004 0.00836188 0.00976528 0.00861424 0.00872534 0.00921009 0.00824375 0.00880787 0.00964805 0.00829836 0.00847163 0.00809735 0.00983021 0.0122626 0.0146655 0.00951945 0.0108269 0.00942435 0.0105025 0.0100541 0.0114996 0.0139818 0.0526143 0.015131 0.0180301 0.0114926 0.00961093 0.0246294 0.0133946 0.512871 0.0108902 0.00394127 0 
