1BROA
PFITVGQENSTSIDLYYEDHGTGQPVVLIHGFPLSGHSWERQSAALLDAGYRVITYDRRGFGQSSQPTTGYDYDTFAADLNTVLETLDLQDAVLVGFSMGTGEVARYVSSYGTARIAKVAFLASLEPFLLKTDDNPDGAAPQEFFDGIVAAVKADRYAFYTGFFNDFYNLDENLGTRISEEAVRNSWNTAASGGFFAAAAAPTTWYTDFRADIPRIDVPALILHGTGDRTLPIENTARVFHKALPSAEYVEVEGAPHGLLWTHAEEVNTALLAFLAK
CEEEEEEECCEEEEEEEEEECCCCEEEEECCCCCCHHHHHHHHHHHHHCCCEEEEECCCCCCCCCCCCCCCCHHHHHHHHHHHHHHHCCCCEEEEEECHHHHHHHHHHHHHCCCCEEEEEEECCCCCCCECCCCCCCCCECHHHHHHHHHHHHHCHHHHHHHHHHHHHCHHHHECCCECHHHHHHHHHHHHCCCHHHHHHHHHHCCCCCCCCHHHCCCCEEEEEECCCCCCCCCCCHHHHHHHCCCCEEEEECCCCCCHHHHCHHHHHHHHHHHHHC
0 0 0 0 0 0 0 0 0 0 0 0 0 0 0 0 0 0 0 0 0 0 0 0 0 0 0 0 0 0 0 0 0 0 0 0 0 0 0 0 0 0 0 0 0 0 0 0 0 0 0 0 0 0 0 0 0 0 0 0 0 0 0 0 0 0 0 0 0 0 0 0 0 0 0 0 0 0 0 0 0 0 0 0 0 0 0 0 0 0 0 0 0 0 0 0 0 0 0 0 0 0 0 0 0 0 0 0 0 0 0 0 0 0 0 0 0 0 0 0 0 0 0 0 0 0 0 0 0 0 0 0 0 0 0 0 0 0 0 0 0 0 0 0 0 0 0 0 0 0 0 0 0 0 0 0 0 0 0 0 0 0 0 0 0 0 0 0 0 0 0 0 0 0 0 0 0 0 0 0 0 0 0 0 0 0 0 0 0 0 0 0 0 0 0 0 0 0 0 0 0 0 0 0 0 0 0 0 0 0 0 0 0 0 0 0 0 0 0 0 0 0 0 0 0 0 0 0 0 0 0 0 0 0 0 0 0 0 0 0 0 0 0 0 0 0 0 0 0 0 0 0 0 0 0 0 0 0 0 0 0 0 0 0 0 0 0 0 0 0 0 0 0 0 0 0 0 
0 0 0 0 0 0 0 0 0 0 0 0 0 0 0 0 0 0 0 0 0 0 0 0 0 0 0 0 0 0 0 0 0 0 0 0 0 0 0 0 0 0 0 0 0 0 0 0 0 0 0 0 0 0 0 0 0 0 0 0 0 0 0 0 0 0 0 0 0 0 0 0 0 0 0 0 0 0 0 0 0 0 0 0 0 0 0 0 0 0 0 0 0 0 0 0 0 0 0 0 0 0 0 0 0 0 0 0 0 0 0 0 0 0 0 0 0 0 0 0 0 0 0 0 0 0 0 0 0 0 0 0 0 0 0 0 0 0 0 0 0 0 0 0 0 0 0 0 0 0 0 0 0 0 0 0 0 0 0 0 0 0 0 0 0 0 0 0 0 0 0 0 0 0 0 0 0 0 0 0 0 0 0 0 0 0 0 0 0 0 0 0 0 0 0 0 0 0 0 0 0 0 0 0 0 0 0 0 0 0 0 0 0 0 0 0 0 0 0 0 0 0 0 0 0 0 0 0 0 0 0 0 0 0 0 0 0 0 0 0 0 0 0 0 0 0 0 0 0 0 0 0 0 0 0 0 0 0 0 0 0 0 0 0 0 0 0 0 0 0 0 0 0 0 0 0 0 
0 0.00484751 0.00408366 0.00391005 0.00428524 0.005655 0.00713875 0.0077901 0.00761589 0.00797011 0.0131758 0.00958884 0.46648 0.119807 0.0179223 0.00963356 0.021796 0.0198454 0.0154825 0.01904 0.017676 0.0177324 0.0363862 0.0124908 0.0165559 0.011824 0.0152631 0.0108495 0.0101007 0.0101346 0.00946307 0.00935702 0.0097169 0.00921068 0.00878314 0.00915916 0.00920241 0.00949866 0.00927809 0.0113609 0.00913299 0.00843835 0.00808903 0.0089048 0.00824541 0.00833396 0.00863053 0.00825225 0.00814299 0.00836435 0.00847567 0.00828139 0.00823039 0.00851466 0.00888253 
0.00484751 0 0.00387565 0.00393722 0.00388624 0.00405499 0.00530354 0.00525447 0.00650281 0.009048 0.007434 0.415199 0.0885149 0.0229731 0.00901531 0.0110077 0.0106873 0.0111382 0.0370855 0.0207767 0.0195567 0.0143101 0.00953697 0.0808478 0.0126768 0.0168318 0.0116477 0.0123115 0.0110986 0.0132567 0.0119415 0.00991969 0.00923265 0.00925367 0.00953301 0.00900096 0.0117836 0.010039 0.0117192 0.00913226 0.00845084 0.00835304 0.00797719 0.00890935 0.00824519 0.00859943 0.00848891 0.00838507 0.00818462 0.00814394 0.00810057 0.00857049 0.0083105 0.00836991 0.00927672 
0.00408366 0.00387565 0 0.00383628 0.00387421 0.00391889 0.00392157 0.00494038 0.00670935 0.00598865 0.425253 0.0992877 0.0425881 0.00902228 0.00874145 0.00808737 0.0077731 0.010702 0.0114717 0.0275063 0.0175555 0.00989391 0.0203656 0.00988853 0.0472027 0.0141136 0.00963013 0.0086791 0.0144536 0.0180064 0.0138011 0.0103382 0.00832662 0.00874261 0.00988349 0.0148469 0.0110033 0.0150852 0.0101068 0.00864526 0.00800042 0.00785615 0.00785114 0.00795549 0.0081749 0.0082594 0.00864154 0.0083114 0.00819066 0.00798645 0.00859557 0.00819553 0.00827694 0.00830132 0.00824524 
0.00391005 0.00393722 0.00383628 0 0.00390062 0.00388089 0.00394445 0.00444004 0.00499288 0.088629 0.12993 0.0237535 0.00698447 0.0109034 0.00801443 0.00671743 0.00740313 0.00870588 0.0133163 0.0176447 0.0118032 0.0106209 0.00909238 0.0319575 0.0141573 0.0117585 0.00965298 0.00927038 0.00960362 0.0165943 0.0146813 0.00915455 0.0086874 0.00843851 0.00912847 0.00939702 0.0137745 0.0106395 0.00990321 0.00857267 0.0080374 0.00788732 0.00782118 0.0082133 0.00811387 0.00837252 0.00847991 0.00838238 0.0080979 0.0080083 0.00806743 0.00825655 0.00818397 0.00819611 0.00870273 
0.00428524 0.00388624 0.00387421 0.00390062 0 0.00386334 0.00384228 0.00411624 0.0180911 0.59005 0.013225 0.00676757 0.0106888 0.00954455 0.00647407 0.00709824 0.00680079 0.00797508 0.0110532 0.0162812 0.0157612 0.00900959 0.00999215 0.0106325 0.0214253 0.0110572 0.00917961 0.0085155 0.0107377 0.0156344 0.0123358 0.00967638 0.00835312 0.00836727 0.00864456 0.0116305 0.00985926 0.0115719 0.00937572 0.00850554 0.00799758 0.00785958 0.00780271 0.00787489 0.00804918 0.00819437 0.00843485 0.00814754 0.00803555 0.00797939 0.00800093 0.00805201 0.00813532 0.00815073 0.00820735 
0.005655 0.00405499 0.00391889 0.00388089 0.00386334 0 0.00398356 0.00531423 0.864107 0.00494505 0.00941048 0.00627103 0.0110006 0.00684112 0.00609981 0.00625872 0.00615371 0.00833765 0.011131 0.0127453 0.0190488 0.00981461 0.0115006 0.0118018 0.00986159 0.0198562 0.00878665 0.00870223 0.0102587 0.0106272 0.00935342 0.00968012 0.00822312 0.0084696 0.00865442 0.00864707 0.00866339 0.00865494 0.00958156 0.00835625 0.00795427 0.00785183 0.00783391 0.00790425 0.00808543 0.00820286 0.00821905 0.00813042 0.00801404 0.00789253 0.00821384 0.0080916 0.00810389 0.00811593 0.00807841 
0.00713875 0.00530354 0.00392157 0.00394445 0.00384228 0.00398356 0 0.922547 0.00406378 0.00460651 0.00430286 0.00729733 0.00514893 0.00600953 0.0057212 0.00559565 0.00643319 0.0127072 0.00989936 0.00911478 0.0106355 0.0179859 0.0141866 0.0110046 0.00949493 0.00957334 0.0139022 0.0126564 0.00929637 0.00873651 0.00884804 0.00849742 0.00902462 0.0108688 0.00820565 0.00802808 0.00848558 0.00840104 0.00831236 0.00899962 0.00963596 0.0083191 0.00834553 0.0104348 0.0085717 0.0081713 0.00809059 0.00814499 0.00790765 0.00802548 0.00826493 0.00813478 0.00816687 0.00801196 0.0088009 
0.0077901 0.00525447 0.00494038 0.00444004 0.00411624 0.00531423 0.922547 0 0.00379037 0.00378255 0.00376886 0.00380132 0.00383055 0.00398839 0.00402801 0.00414313 0.00741615 0.00760262 0.00769925 0.00860035 0.00901358 0.0188218 0.025354 0.0112334 0.00948364 0.0100419 0.0150241 0.00938014 0.00832066 0.00838444 0.00827688 0.00849514 0.00945612 0.0084033 0.00810515 0.0081498 0.00821605 0.00824536 0.00870928 0.00951131 0.00892173 0.00878992 0.00798394 0.00933001 0.00799984 0.00807943 0.00813433 0.00801503 0.00798855 0.00807207 0.00802841 0.00803055 0.00804403 0.00820888 0.00839488 
0.00761589 0.00650281 0.00670935 0.00499288 0.0180911 0.864107 0.00406378 0.00379037 0 0.00376521 0.00376996 0.00375827 0.0037626 0.00389052 0.00394955 0.0048814 0.00414979 0.0067213 0.00841459 0.00914738 0.014082 0.00855035 0.0139464 0.019896 0.0147881 0.0141952 0.00893919 0.00884067 0.0113907 0.00993244 0.00927759 0.0094665 0.00848468 0.00821885 0.00883534 0.00944439 0.00877959 0.00967659 0.00904233 0.00844343 0.0081007 0.00789202 0.00780722 0.00793283 0.00811956 0.00825675 0.00832319 0.00814676 0.00809147 0.00794918 0.00813029 0.00811374 0.00815593 0.00814528 0.00808524 
0.00797011 0.009048 0.00598865 0.088629 0.59005 0.00494505 0.00460651 0.00378255 0.00376521 0 0.00375422 0.00374655 0.00375511 0.00383162 0.00396522 0.00381569 0.00379534 0.00677221 0.00820282 0.0119822 0.00880813 0.010051 0.0100933 0.0362951 0.0294438 0.0122277 0.0104717 0.0115665 0.0111647 0.0243445 0.0216664 0.0101118 0.00917527 0.00861767 0.00959493 0.0109101 0.0185173 0.0122677 0.0108223 0.00904069 0.00807954 0.00791953 0.00782082 0.00801177 0.00821412 0.00846652 0.00857639 0.00850757 0.00816439 0.00803242 0.00808358 0.00821703 0.00821094 0.00818684 0.00820524 
0.0131758 0.007434 0.425253 0.12993 0.013225 0.00941048 0.00430286 0.00376886 0.00376996 0.00375422 0 0.00374919 0.00375126 0.00376908 0.00376566 0.00379203 0.00386296 0.00674707 0.00997825 0.0116155 0.0127211 0.0094 0.0193153 0.0134913 0.038045 0.0211445 0.0109618 0.00888987 0.0205674 0.0316303 0.0240678 0.0151001 0.00873296 0.00878903 0.0104074 0.0222892 0.0134466 0.0273186 0.0126755 0.00901384 0.00802679 0.00786869 0.00785112 0.00786648 0.00828963 0.00850105 0.00880185 0.00854578 0.00853271 0.00804629 0.00811205 0.00814183 0.00823181 0.00824657 0.00818055 
0.00958884 0.415199 0.0992877 0.0237535 0.00676757 0.00627103 0.00729733 0.00380132 0.00375827 0.00374655 0.00374919 0 0.00375247 0.00376574 0.00375008 0.00377702 0.00444716 0.00690094 0.0116927 0.0173455 0.0202247 0.0531806 0.0124418 0.0406099 0.0343316 0.0205535 0.0131972 0.0106104 0.0185791 0.0525574 0.0486379 0.0132637 0.0098988 0.00919515 0.0148907 0.0191066 0.039397 0.0266486 0.0209865 0.00965396 0.00813301 0.00789448 0.00785709 0.00791109 0.0084737 0.00878323 0.00890067 0.00908752 0.00836333 0.00812588 0.00811638 0.00825011 0.00819148 0.0082059 0.00827786 
0.46648 0.0885149 0.0425881 0.00698447 0.0106888 0.0110006 0.00514893 0.00383055 0.0037626 0.00375511 0.00375126 0.00375247 0 0.0037488 0.00374488 0.00374975 0.0037919 0.00680744 0.00987438 0.0326165 0.0781643 0.0799469 0.0209008 0.0141166 0.0492792 0.0239763 0.0141619 0.00939521 0.0201587 0.0349433 0.0306848 0.0186904 0.00951635 0.00895323 0.0122779 0.0253742 0.0155314 0.0324927 0.0167813 0.010104 0.00814186 0.0079197 0.00786121 0.00787773 0.00831422 0.0085612 0.00912165 0.00867459 0.00826134 0.00802722 0.00804875 0.00820513 0.00830374 0.00821923 0.00822632 
0.119807 0.0229731 0.00902228 0.0109034 0.00954455 0.00684112 0.00600953 0.00398839 0.00389052 0.00383162 0.00376908 0.00376574 0.0037488 0 0.0037538 0.00375271 0.00376454 0.00812358 0.013545 0.0663343 0.118151 0.0308532 0.00999168 0.0248677 0.0211794 0.0219531 0.0115328 0.00970895 0.0120806 0.027675 0.0286036 0.0119949 0.00953367 0.00956341 0.0112067 0.0118663 0.0199521 0.0145643 0.0122732 0.00931695 0.00805351 0.00786894 0.00783454 0.00792527 0.00826314 0.00848643 0.00855893 0.0085752 0.00817623 0.00805566 0.00809593 0.0082388 0.00824351 0.00821295 0.00814896 
0.0179223 0.00901531 0.00874145 0.00801443 0.00647407 0.00609981 0.0057212 0.00402801 0.00394955 0.00396522 0.00376566 0.00375008 0.00374488 0.0037538 0 0.00375737 0.00371211 0.00654259 0.0373798 0.131145 0.030847 0.00726249 0.0101102 0.0127662 0.0244832 0.0136148 0.0105404 0.00872359 0.0107233 0.0173035 0.0183735 0.0103588 0.00882721 0.00850061 0.00883625 0.01105 0.0112951 0.0121746 0.0103071 0.00879911 0.00800535 0.00782283 0.00780728 0.00792013 0.00807201 0.008238 0.00830913 0.00827318 0.00805533 0.00793472 0.00806315 0.00809741 0.00811003 0.00809911 0.00812859 
0.00963356 0.0110077 0.00808737 0.00671743 0.00709824 0.00625872 0.00559565 0.00414313 0.0048814 0.00381569 0.00379203 0.00377702 0.00374975 0.00375271 0.00375737 0 0.00386576 0.0127515 0.081517 0.0232613 0.00742322 0.00688701 0.0102193 0.0106934 0.0103319 0.0164102 0.00909739 0.00848379 0.00976454 0.0102646 0.0092667 0.00985092 0.00820485 0.00809838 0.00841449 0.00852577 0.00849288 0.008634 0.00963094 0.0083462 0.0079272 0.00779206 0.00780174 0.00788066 0.00796126 0.00810018 0.00808408 0.0081386 0.00797778 0.00791004 0.00807035 0.00802285 0.00805768 0.00802466 0.00801948 
0.021796 0.0106873 0.0077731 0.00740313 0.00680079 0.00615371 0.00643319 0.00741615 0.00414979 0.00379534 0.00386296 0.00444716 0.0037919 0.00376454 0.00371211 0.00386576 0 0.220172 0.0066687 0.00443043 0.00539985 0.00667571 0.0134395 0.00924652 0.00887591 0.0102163 0.0120239 0.00999771 0.00895242 0.00847502 0.00854864 0.00848909 0.00884104 0.00925634 0.00816309 0.00806205 0.00829611 0.00826212 0.00826028 0.00915315 0.00843055 0.00799879 0.00807751 0.00845767 0.00804781 0.00801093 0.00801725 0.00812761 0.00793197 0.00792853 0.0080742 0.00796526 0.00798095 0.00797459 0.00812413 
0.0198454 0.0111382 0.010702 0.00870588 0.00797508 0.00833765 0.0127072 0.00760262 0.0067213 0.00677221 0.00674707 0.00690094 0.00680744 0.00812358 0.00654259 0.0127515 0.220172 0 0.00380864 0.00379054 0.00379871 0.00395663 0.712094 0.0127875 0.0158569 0.0107863 0.0176341 0.0188111 0.0114206 0.0108505 0.00980341 0.00985064 0.0109643 0.0113912 0.00898891 0.0092758 0.00904167 0.00933897 0.0097811 0.0106646 0.00913379 0.00898235 0.00792163 0.00927047 0.0081698 0.00822288 0.0083503 0.00827847 0.00813648 0.00804883 0.00790639 0.00803542 0.00804585 0.00808256 0.00822807 
0.0154825 0.0370855 0.0114717 0.0133163 0.0110532 0.011131 0.00989936 0.00769925 0.00841459 0.00820282 0.00997825 0.0116927 0.00987438 0.013545 0.0373798 0.081517 0.0066687 0.00380864 0 0.00382707 0.00386094 0.00385614 0.0337965 0.801285 0.0194964 0.0410079 0.0125751 0.0161185 0.0701725 0.0493003 0.0296692 0.0252411 0.00996214 0.0120223 0.0186559 0.0183892 0.0312161 0.0274833 0.0206132 0.0115252 0.00841698 0.00810076 0.0079086 0.00800504 0.00841044 0.00878122 0.00896477 0.00893816 0.00845948 0.00810158 0.00802594 0.00824696 0.00821936 0.00824355 0.00812449 
0.01904 0.0207767 0.0275063 0.0176447 0.0162812 0.0127453 0.00911478 0.00860035 0.00914738 0.0119822 0.0116155 0.0173455 0.0326165 0.0663343 0.131145 0.0232613 0.00443043 0.00379054 0.00382707 0 0.00385563 0.00380553 0.0669752 0.0545812 0.79759 0.0364018 0.0251152 0.0158269 0.0616209 0.208543 0.129272 0.035378 0.0109931 0.0124652 0.0248831 0.0634214 0.0571871 0.0989761 0.0408783 0.0139741 0.00835271 0.00808366 0.00791021 0.00800005 0.00884941 0.0093827 0.0113037 0.0101184 0.00863057 0.00817234 0.00810044 0.00838241 0.008519 0.00849429 0.00820127 
0.017676 0.0195567 0.0175555 0.0118032 0.0157612 0.0190488 0.0106355 0.00901358 0.014082 0.00880813 0.0127211 0.0202247 0.0781643 0.118151 0.030847 0.00742322 0.00539985 0.00379871 0.00386094 0.00385563 0 0.00412269 0.0237487 0.0731579 0.0540666 0.831739 0.0270344 0.0132561 0.0525867 0.063093 0.0848632 0.0866404 0.0147783 0.0110646 0.0195636 0.0277739 0.0288515 0.0377447 0.0659375 0.0204182 0.00862521 0.00815057 0.00797651 0.00808013 0.00875889 0.00910622 0.00980563 0.00989077 0.0088781 0.00823981 0.00815172 0.00836349 0.00829508 0.00841622 0.00819076 
0.0177324 0.0143101 0.00989391 0.0106209 0.00900959 0.00981461 0.0179859 0.0188218 0.00855035 0.010051 0.0094 0.0531806 0.0799469 0.0308532 0.00726249 0.00688701 0.00667571 0.00395663 0.00385614 0.00380553 0.00412269 0 0.0201453 0.0172597 0.0458302 0.066573 0.76112 0.0159074 0.0129799 0.0192684 0.0190853 0.0334821 0.0288862 0.0150018 0.0100555 0.0108921 0.0124034 0.012493 0.0195147 0.0277741 0.00983678 0.00861619 0.00818421 0.0086902 0.00858362 0.00840805 0.008646 0.00922748 0.0084484 0.00853992 0.00807586 0.00818183 0.00817864 0.00808977 0.00817216 
0.0363862 0.00953697 0.0203656 0.00909238 0.00999215 0.0115006 0.0141866 0.025354 0.0139464 0.0100933 0.0193153 0.0124418 0.0209008 0.00999168 0.0101102 0.0102193 0.0134395 0.712094 0.0337965 0.0669752 0.0237487 0.0201453 0 0.00475263 0.00380826 0.00409884 0.0048123 0.119473 0.0448862 0.0132441 0.0108165 0.0133233 0.0138937 0.0173526 0.0103494 0.012918 0.00968592 0.0140196 0.0115828 0.0150396 0.0110949 0.0104569 0.00830368 0.00993767 0.00896456 0.00822928 0.00851283 0.00822333 0.00829501 0.00813042 0.00870953 0.00807419 0.00807681 0.00850889 0.00821789 
0.0124908 0.0808478 0.00988853 0.0319575 0.0106325 0.0118018 0.0110046 0.0112334 0.019896 0.0362951 0.0134913 0.0406099 0.0141166 0.0248677 0.0127662 0.0106934 0.00924652 0.0127875 0.801285 0.0545812 0.0731579 0.0172597 0.00475263 0 0.00378804 0.00379143 0.00388694 0.120829 0.129417 0.0658186 0.0343838 0.021787 0.0105764 0.0169055 0.0333083 0.015929 0.0576997 0.0267038 0.023333 0.01119 0.0091394 0.00852518 0.00804394 0.00858043 0.00919987 0.00905388 0.00927637 0.00927573 0.00860221 0.0082882 0.00804032 0.00826751 0.00826953 0.00819082 0.00853676 
0.0165559 0.0126768 0.0472027 0.0141573 0.0214253 0.00986159 0.00949493 0.00948364 0.0147881 0.0294438 0.038045 0.0343316 0.0492792 0.0211794 0.0244832 0.0103319 0.00887591 0.0158569 0.0194964 0.79759 0.0540666 0.0458302 0.00380826 0.00378804 0 0.0038091 0.00377619 0.0359614 0.0708561 0.155744 0.163955 0.0254649 0.0115557 0.0140605 0.0212941 0.0593385 0.0406004 0.116149 0.0242719 0.0127714 0.00845101 0.00818116 0.007923 0.00798068 0.00892275 0.00926453 0.0102289 0.00997412 0.00889594 0.00827561 0.00803498 0.00829774 0.00824904 0.00833068 0.00813064 
0.011824 0.0168318 0.0141136 0.0117585 0.0110572 0.0198562 0.00957334 0.0100419 0.0141952 0.0122277 0.0211445 0.0205535 0.0239763 0.0219531 0.0136148 0.0164102 0.0102163 0.0107863 0.0410079 0.0364018 0.831739 0.066573 0.00409884 0.00379143 0.0038091 0 0.00403703 0.0166396 0.0824562 0.125586 0.100895 0.229808 0.0236313 0.0121576 0.0238269 0.0254754 0.0339102 0.0311987 0.113408 0.0180905 0.00935105 0.00836976 0.00801195 0.00825125 0.00885811 0.00910026 0.0102754 0.00941547 0.00888163 0.00827204 0.00807065 0.00823991 0.00817137 0.00830594 0.00806694 
0.0152631 0.0116477 0.00963013 0.00965298 0.00917961 0.00878665 0.0139022 0.0150241 0.00893919 0.0104717 0.0109618 0.0131972 0.0141619 0.0115328 0.0105404 0.00909739 0.0120239 0.0176341 0.0125751 0.0251152 0.0270344 0.76112 0.0048123 0.00388694 0.00377619 0.00403703 0 0.0284691 0.0201424 0.0396799 0.0608205 0.0687737 0.149599 0.0251641 0.01119 0.0124875 0.0116647 0.0147114 0.0151129 0.0410028 0.0116678 0.00941816 0.00836497 0.00901824 0.00968082 0.00830821 0.00845009 0.00872128 0.00829134 0.00834461 0.00810365 0.00794475 0.00807339 0.00794815 0.00807714 
0.0108495 0.0123115 0.0086791 0.00927038 0.0085155 0.00870223 0.0126564 0.00938014 0.00884067 0.0115665 0.00888987 0.0106104 0.00939521 0.00970895 0.00872359 0.00848379 0.00999771 0.0188111 0.0161185 0.0158269 0.0132561 0.0159074 0.119473 0.120829 0.0359614 0.0166396 0.0284691 0 0.00409544 0.00383958 0.00382707 0.00384329 0.00468357 0.293169 0.117371 0.0139336 0.0218859 0.0126767 0.0163303 0.0225618 0.0180616 0.0152203 0.00881693 0.0139491 0.0101002 0.00897316 0.008838 0.00873077 0.0084808 0.00891705 0.00803394 0.00804373 0.00809198 0.00806471 0.00869797 
0.0101007 0.0110986 0.0144536 0.00960362 0.0107377 0.0102587 0.00929637 0.00832066 0.0113907 0.0111647 0.0205674 0.0185791 0.0201587 0.0120806 0.0107233 0.00976454 0.00895242 0.0114206 0.0701725 0.0616209 0.0525867 0.0129799 0.0448862 0.129417 0.0708561 0.0824562 0.0201424 0.00409544 0 0.00382977 0.00381078 0.00400089 0.00384857 0.110488 0.0834037 0.328978 0.0269649 0.108858 0.0302841 0.0167344 0.0118829 0.00962173 0.00831016 0.00886055 0.00961332 0.0115367 0.0114564 0.0101925 0.00977119 0.00844213 0.00794057 0.00822501 0.00823763 0.00863803 0.00814043 
0.0101346 0.0132567 0.0180064 0.0165943 0.0156344 0.0106272 0.00873651 0.00838444 0.00993244 0.0243445 0.0316303 0.0525574 0.0349433 0.027675 0.0173035 0.0102646 0.00847502 0.0108505 0.0493003 0.208543 0.063093 0.0192684 0.0132441 0.0658186 0.155744 0.125586 0.0396799 0.00383958 0.00382977 0 0.00377945 0.00378393 0.00377359 0.0353462 0.0765861 0.0811435 0.503926 0.085716 0.0887489 0.0191168 0.00936027 0.00877707 0.00810837 0.00830149 0.0102822 0.0134913 0.0239003 0.0246438 0.0107229 0.00871572 0.00803984 0.00834354 0.00892842 0.00854447 0.00824247 
0.00946307 0.0119415 0.0138011 0.0146813 0.0123358 0.00935342 0.00884804 0.00827688 0.00927759 0.0216664 0.0240678 0.0486379 0.0306848 0.0286036 0.0183735 0.0092667 0.00854864 0.00980341 0.0296692 0.129272 0.0848632 0.0190853 0.0108165 0.0343838 0.163955 0.100895 0.0608205 0.00382707 0.00381078 0.00377945 0 0.00376393 0.00375825 0.0276162 0.0303735 0.132731 0.0858332 0.497936 0.0396459 0.0419954 0.00948245 0.00908298 0.00822851 0.00837824 0.00989982 0.0122065 0.0216153 0.0185083 0.0105089 0.00871879 0.00798821 0.00841638 0.00845911 0.00846282 0.00814095 
0.00935702 0.00991969 0.0103382 0.00915455 0.00967638 0.00968012 0.00849742 0.00849514 0.0094665 0.0101118 0.0151001 0.0132637 0.0186904 0.0119949 0.0103588 0.00985092 0.00848909 0.00985064 0.0252411 0.035378 0.0866404 0.0334821 0.0133233 0.021787 0.0254649 0.229808 0.0687737 0.00384329 0.00400089 0.00378393 0.00376393 0 0.00399724 0.019762 0.0542107 0.0443551 0.0418355 0.0375614 0.608636 0.0468659 0.012289 0.00914512 0.00848322 0.00855063 0.00982643 0.0111194 0.0135863 0.0114143 0.0109337 0.0085729 0.00795948 0.00823689 0.00833355 0.00821877 0.00803691 
0.0097169 0.00923265 0.00832662 0.0086874 0.00835312 0.00822312 0.00902462 0.00945612 0.00848468 0.00917527 0.00873296 0.0098988 0.00951635 0.00953367 0.00882721 0.00820485 0.00884104 0.0109643 0.00996214 0.0109931 0.0147783 0.0288862 0.0138937 0.0105764 0.0115557 0.0236313 0.149599 0.00468357 0.00384857 0.00377359 0.00375825 0.00399724 0 0.0284313 0.0172702 0.0207431 0.0169255 0.0270397 0.0483485 0.542435 0.0200436 0.0152121 0.00993669 0.0114541 0.010439 0.00865309 0.00876438 0.00876826 0.00869298 0.00898743 0.00821518 0.00793952 0.0079654 0.00797733 0.00809036 
0.00921068 0.00925367 0.00874261 0.00843851 0.00836727 0.0084696 0.0108688 0.0084033 0.00821885 0.00861767 0.00878903 0.00919515 0.00895323 0.00956341 0.00850061 0.00809838 0.00925634 0.0113912 0.0120223 0.0124652 0.0110646 0.0150018 0.0173526 0.0169055 0.0140605 0.0121576 0.0251641 0.293169 0.110488 0.0353462 0.0276162 0.019762 0.0284313 0 0.00392653 0.0038246 0.00389713 0.00391759 0.00414397 0.00550104 0.0215315 0.0281787 0.0103788 0.0225424 0.013466 0.00959856 0.00968741 0.00967105 0.00927078 0.0170832 0.00831413 0.00798635 0.00807245 0.008174 0.00932443 
0.00878314 0.00953301 0.00988349 0.00912847 0.00864456 0.00865442 0.00820565 0.00810515 0.00883534 0.00959493 0.0104074 0.0148907 0.0122779 0.0112067 0.00883625 0.00841449 0.00816309 0.00898891 0.0186559 0.0248831 0.0195636 0.0100555 0.0103494 0.0333083 0.0212941 0.0238269 0.01119 0.117371 0.0834037 0.0765861 0.0303735 0.0542107 0.0172702 0.00392653 0 0.00379873 0.00381717 0.00383853 0.00392267 0.00398398 0.00908797 0.010301 0.00874547 0.0100198 0.0110769 0.0169075 0.0147284 0.0133232 0.0120143 0.00855773 0.00798454 0.00835664 0.00827788 0.00848508 0.00804468 
0.00915916 0.00900096 0.0148469 0.00939702 0.0116305 0.00864707 0.00802808 0.0081498 0.00944439 0.0109101 0.0222892 0.0191066 0.0253742 0.0118663 0.01105 0.00852577 0.00806205 0.0092758 0.0183892 0.0634214 0.0277739 0.0108921 0.012918 0.015929 0.0593385 0.0254754 0.0124875 0.0139336 0.328978 0.0811435 0.132731 0.0443551 0.0207431 0.0038246 0.00379873 0 0.00377355 0.00377163 0.00388792 0.00384046 0.0075653 0.00844964 0.00858295 0.00858762 0.0104575 0.015717 0.0354297 0.0253945 0.0141024 0.00864084 0.00829412 0.00820983 0.00891481 0.00861116 0.00813995 
0.00920241 0.0117836 0.0110033 0.0137745 0.00985926 0.00866339 0.00848558 0.00821605 0.00877959 0.0185173 0.0134466 0.039397 0.0155314 0.0199521 0.0112951 0.00849288 0.00829611 0.00904167 0.0312161 0.0571871 0.0288515 0.0124034 0.00968592 0.0576997 0.0406004 0.0339102 0.0116647 0.0218859 0.0269649 0.503926 0.0858332 0.0418355 0.0169255 0.00389713 0.00381717 0.00377355 0 0.00375963 0.00380196 0.00378422 0.00737367 0.00965492 0.00855577 0.00965622 0.0126734 0.0224158 0.0388436 0.0394 0.0109947 0.00955924 0.00808976 0.00853036 0.00867243 0.00862942 0.00833182 
0.00949866 0.010039 0.0150852 0.0106395 0.0115719 0.00865494 0.00840104 0.00824536 0.00967659 0.0122677 0.0273186 0.0266486 0.0324927 0.0145643 0.0121746 0.008634 0.00826212 0.00933897 0.0274833 0.0989761 0.0377447 0.012493 0.0140196 0.0267038 0.116149 0.0311987 0.0147114 0.0126767 0.108858 0.085716 0.497936 0.0375614 0.0270397 0.00391759 0.00383853 0.00377163 0.00375963 0 0.00378432 0.00377855 0.00742102 0.00853938 0.00862881 0.00879643 0.0123263 0.0320244 0.0732665 0.0366724 0.0146398 0.00886795 0.00830171 0.00845184 0.00897135 0.00907708 0.00823585 
0.00927809 0.0117192 0.0101068 0.00990321 0.00937572 0.00958156 0.00831236 0.00870928 0.00904233 0.0108223 0.0126755 0.0209865 0.0167813 0.0122732 0.0103071 0.00963094 0.00826028 0.0097811 0.0206132 0.0408783 0.0659375 0.0195147 0.0115828 0.023333 0.0242719 0.113408 0.0151129 0.0163303 0.0302841 0.0887489 0.0396459 0.608636 0.0483485 0.00414397 0.00392267 0.00388792 0.00380196 0.00378432 0 0.00388798 0.0139741 0.01101 0.0101001 0.0104013 0.012924 0.0251499 0.0321475 0.0254755 0.0214989 0.0102411 0.00840668 0.00845883 0.00860633 0.00925664 0.00817188 
0.0113609 0.00913226 0.00864526 0.00857267 0.00850554 0.00835625 0.00899962 0.00951131 0.00844343 0.00904069 0.00901384 0.00965396 0.010104 0.00931695 0.00879911 0.0083462 0.00915315 0.0106646 0.0115252 0.0139741 0.0204182 0.0277741 0.0150396 0.01119 0.0127714 0.0180905 0.0410028 0.0225618 0.0167344 0.0191168 0.0419954 0.0468659 0.542435 0.00550104 0.00398398 0.00384046 0.00378422 0.00377855 0.00388798 0 0.0231311 0.0154708 0.0142102 0.0166834 0.0206037 0.0106605 0.0136665 0.0116467 0.0136453 0.0134507 0.00912126 0.00827816 0.00825144 0.00827767 0.00871879 
0.00913299 0.00845084 0.00800042 0.0080374 0.00799758 0.00795427 0.00963596 0.00892173 0.0081007 0.00807954 0.00802679 0.00813301 0.00814186 0.00805351 0.00800535 0.0079272 0.00843055 0.00913379 0.00841698 0.00835271 0.00862521 0.00983678 0.0110949 0.0091394 0.00845101 0.00935105 0.0116678 0.0180616 0.0118829 0.00936027 0.00948245 0.012289 0.0200436 0.0215315 0.00908797 0.0075653 0.00737367 0.00742102 0.0139741 0.0231311 0 0.919689 0.0170346 0.103264 0.0112495 0.00909994 0.00839179 0.00847226 0.00835333 0.0101512 0.00957427 0.00812231 0.00802502 0.00805405 0.0103252 
0.00843835 0.00835304 0.00785615 0.00788732 0.00785958 0.00785183 0.0083191 0.00878992 0.00789202 0.00791953 0.00786869 0.00789448 0.0079197 0.00786894 0.00782283 0.00779206 0.00799879 0.00898235 0.00810076 0.00808366 0.00815057 0.00861619 0.0104569 0.00852518 0.00818116 0.00836976 0.00941816 0.0152203 0.00962173 0.00877707 0.00908298 0.00914512 0.0152121 0.0281787 0.010301 0.00844964 0.00965492 0.00853938 0.01101 0.0154708 0.919689 0 0.032192 0.0658247 0.0136451 0.00879054 0.00830709 0.00824816 0.00816469 0.00875912 0.00951035 0.00792958 0.00786116 0.00792683 0.00888322 
0.00808903 0.00797719 0.00785114 0.00782118 0.00780271 0.00783391 0.00834553 0.00798394 0.00780722 0.00782082 0.00785112 0.00785709 0.00786121 0.00783454 0.00780728 0.00780174 0.00807751 0.00792163 0.0079086 0.00791021 0.00797651 0.00818421 0.00830368 0.00804394 0.007923 0.00801195 0.00836497 0.00881693 0.00831016 0.00810837 0.00822851 0.00848322 0.00993669 0.0103788 0.00874547 0.00858295 0.00855577 0.00862881 0.0101001 0.0142102 0.0170346 0.032192 0 0.696686 0.0106546 0.00946107 0.00876315 0.00848633 0.00959574 0.0119777 0.00906432 0.00808277 0.00791352 0.00824748 0.0100572 
0.0089048 0.00890935 0.00795549 0.0082133 0.00787489 0.00790425 0.0104348 0.00933001 0.00793283 0.00801177 0.00786648 0.00791109 0.00787773 0.00792527 0.00792013 0.00788066 0.00845767 0.00927047 0.00800504 0.00800005 0.00808013 0.0086902 0.00993767 0.00858043 0.00798068 0.00825125 0.00901824 0.0139491 0.00886055 0.00830149 0.00837824 0.00855063 0.0114541 0.0225424 0.0100198 0.00858762 0.00965622 0.00879643 0.0104013 0.0166834 0.103264 0.0658247 0.696686 0 0.025543 0.0131822 0.0107851 0.00960346 0.0100809 0.0225168 0.0131521 0.0109399 0.00871089 0.00843016 0.0145769 
0.00824541 0.00824519 0.0081749 0.00811387 0.00804918 0.00808543 0.0085717 0.00799984 0.00811956 0.00821412 0.00828963 0.0084737 0.00831422 0.00826314 0.00807201 0.00796126 0.00804781 0.0081698 0.00841044 0.00884941 0.00875889 0.00858362 0.00896456 0.00919987 0.00892275 0.00885811 0.00968082 0.0101002 0.00961332 0.0102822 0.00989982 0.00982643 0.010439 0.013466 0.0110769 0.0104575 0.0126734 0.0123263 0.012924 0.0206037 0.0112495 0.0136451 0.0106546 0.025543 0 0.00396943 0.00379594 0.00381212 0.00380956 0.00435007 0.140552 0.0155691 0.012778 0.0116424 0.0242412 
0.00833396 0.00859943 0.0082594 0.00837252 0.00819437 0.00820286 0.0081713 0.00807943 0.00825675 0.00846652 0.00850105 0.00878323 0.0085612 0.00848643 0.008238 0.00810018 0.00801093 0.00822288 0.00878122 0.0093827 0.00910622 0.00840805 0.00822928 0.00905388 0.00926453 0.00910026 0.00830821 0.00897316 0.0115367 0.0134913 0.0122065 0.0111194 0.00865309 0.00959856 0.0169075 0.015717 0.0224158 0.0320244 0.0251499 0.0106605 0.00909994 0.00879054 0.00946107 0.0131822 0.00396943 0 0.003796 0.00374987 0.00380285 0.0038493 0.240552 0.111449 0.0289039 0.0390343 0.0133361 
0.00863053 0.00848891 0.00864154 0.00847991 0.00843485 0.00821905 0.00809059 0.00813433 0.00832319 0.00857639 0.00880185 0.00890067 0.00912165 0.00855893 0.00830913 0.00808408 0.00801725 0.0083503 0.00896477 0.0113037 0.00980563 0.008646 0.00851283 0.00927637 0.0102289 0.0102754 0.00845009 0.008838 0.0114564 0.0239003 0.0216153 0.0135863 0.00876438 0.00968741 0.0147284 0.0354297 0.0388436 0.0732665 0.0321475 0.0136665 0.00839179 0.00830709 0.00876315 0.0107851 0.00379594 0.003796 0 0.00375659 0.00377396 0.00590473 0.0227909 0.198658 0.121812 0.0368127 0.011219 
0.00825225 0.00838507 0.0083114 0.00838238 0.00814754 0.00813042 0.00814499 0.00801503 0.00814676 0.00850757 0.00854578 0.00908752 0.00867459 0.0085752 0.00827318 0.0081386 0.00812761 0.00827847 0.00893816 0.0101184 0.00989077 0.00922748 0.00822333 0.00927573 0.00997412 0.00941547 0.00872128 0.00873077 0.0101925 0.0246438 0.0185083 0.0114143 0.00876826 0.00967105 0.0133232 0.0253945 0.0394 0.0366724 0.0254755 0.0116467 0.00847226 0.00824816 0.00848633 0.00960346 0.00381212 0.00374987 0.00375659 0 0.00378443 0.00376745 0.0128925 0.0411386 0.295148 0.0662149 0.0146106 
0.00814299 0.00818462 0.00819066 0.0080979 0.00803555 0.00801404 0.00790765 0.00798855 0.00809147 0.00816439 0.00853271 0.00836333 0.00826134 0.00817623 0.00805533 0.00797778 0.00793197 0.00813648 0.00845948 0.00863057 0.0088781 0.0084484 0.00829501 0.00860221 0.00889594 0.00888163 0.00829134 0.0084808 0.00977119 0.0107229 0.0105089 0.0109337 0.00869298 0.00927078 0.0120143 0.0141024 0.0109947 0.0146398 0.0214989 0.0136453 0.00835333 0.00816469 0.00959574 0.0100809 0.00380956 0.00380285 0.00377396 0.00378443 0 0.00376837 0.0161798 0.0154589 0.0177748 0.389392 0.0203132 
0.00836435 0.00814394 0.00798645 0.0080083 0.00797939 0.00789253 0.00802548 0.00807207 0.00794918 0.00803242 0.00804629 0.00812588 0.00802722 0.00805566 0.00793472 0.00791004 0.00792853 0.00804883 0.00810158 0.00817234 0.00823981 0.00853992 0.00813042 0.0082882 0.00827561 0.00827204 0.00834461 0.00891705 0.00844213 0.00871572 0.00871879 0.0085729 0.00898743 0.0170832 0.00855773 0.00864084 0.00955924 0.00886795 0.0102411 0.0134507 0.0101512 0.00875912 0.0119777 0.0225168 0.00435007 0.0038493 0.00590473 0.00376745 0.00376837 0 0.0127055 0.0116359 0.0125538 0.0194118 0.433089 
0.00847567 0.00810057 0.00859557 0.00806743 0.00800093 0.00821384 0.00826493 0.00802841 0.00813029 0.00808358 0.00811205 0.00811638 0.00804875 0.00809593 0.00806315 0.00807035 0.0080742 0.00790639 0.00802594 0.00810044 0.00815172 0.00807586 0.00870953 0.00804032 0.00803498 0.00807065 0.00810365 0.00803394 0.00794057 0.00803984 0.00798821 0.00795948 0.00821518 0.00831413 0.00798454 0.00829412 0.00808976 0.00830171 0.00840668 0.00912126 0.00957427 0.00951035 0.00906432 0.0131521 0.140552 0.240552 0.0227909 0.0128925 0.0161798 0.0127055 0 0.00416205 0.00387752 0.00562939 0.00528964 
0.00828139 0.00857049 0.00819553 0.00825655 0.00805201 0.0080916 0.00813478 0.00803055 0.00811374 0.00821703 0.00814183 0.00825011 0.00820513 0.0082388 0.00809741 0.00802285 0.00796526 0.00803542 0.00824696 0.00838241 0.00836349 0.00818183 0.00807419 0.00826751 0.00829774 0.00823991 0.00794475 0.00804373 0.00822501 0.00834354 0.00841638 0.00823689 0.00793952 0.00798635 0.00835664 0.00820983 0.00853036 0.00845184 0.00845883 0.00827816 0.00812231 0.00792958 0.00808277 0.0109399 0.0155691 0.111449 0.198658 0.0411386 0.0154589 0.0116359 0.00416205 0 0.00389963 0.00403965 0.00426275 
0.00823039 0.0083105 0.00827694 0.00818397 0.00813532 0.00810389 0.00816687 0.00804403 0.00815593 0.00821094 0.00823181 0.00819148 0.00830374 0.00824351 0.00811003 0.00805768 0.00798095 0.00804585 0.00821936 0.008519 0.00829508 0.00817864 0.00807681 0.00826953 0.00824904 0.00817137 0.00807339 0.00809198 0.00823763 0.00892842 0.00845911 0.00833355 0.0079654 0.00807245 0.00827788 0.00891481 0.00867243 0.00897135 0.00860633 0.00825144 0.00802502 0.00786116 0.00791352 0.00871089 0.012778 0.0289039 0.121812 0.295148 0.0177748 0.0125538 0.00387752 0.00389963 0 0.00378222 0.00384279 
0.00851466 0.00836991 0.00830132 0.00819611 0.00815073 0.00811593 0.00801196 0.00820888 0.00814528 0.00818684 0.00824657 0.0082059 0.00821923 0.00821295 0.00809911 0.00802466 0.00797459 0.00808256 0.00824355 0.00849429 0.00841622 0.00808977 0.00850889 0.00819082 0.00833068 0.00830594 0.00794815 0.00806471 0.00863803 0.00854447 0.00846282 0.00821877 0.00797733 0.008174 0.00848508 0.00861116 0.00862942 0.00907708 0.00925664 0.00827767 0.00805405 0.00792683 0.00824748 0.00843016 0.0116424 0.0390343 0.0368127 0.0662149 0.389392 0.0194118 0.00562939 0.00403965 0.00378222 0 0.00385994 
0.00888253 0.00927672 0.00824524 0.00870273 0.00820735 0.00807841 0.0088009 0.00839488 0.00808524 0.00820524 0.00818055 0.00827786 0.00822632 0.00814896 0.00812859 0.00801948 0.00812413 0.00822807 0.00812449 0.00820127 0.00819076 0.00817216 0.00821789 0.00853676 0.00813064 0.00806694 0.00807714 0.00869797 0.00814043 0.00824247 0.00814095 0.00803691 0.00809036 0.00932443 0.00804468 0.00813995 0.00833182 0.00823585 0.00817188 0.00871879 0.0103252 0.00888322 0.0100572 0.0145769 0.0242412 0.0133361 0.011219 0.0146106 0.0203132 0.433089 0.00528964 0.00426275 0.00384279 0.00385994 0 
