1C8XA
KQGPTSVAYVEVNNNSMLNVGKYTLADGGGNAFDVAVIFAANINYDTGTKTAYLHFNENVQRVLDNAVTQIRPLQQQGIKVLLSVLGNHQGAGFANFPSQQAASAFAKQLSDAVAKYGLDGVDFEDEYAEYGNNGTAQPNDSSFVHLVTALRANMPDKIISLYNIGPAASRLSYGGVDVSDKFDYAWNPYYGTWQVPGIALPKAQLSPAAVEIGRTSRSTVADLARRTVDEGYGVYLTYNLDGGDRTADVSAFTRELYGSEAVRT
CCCCEEEEEEECCCCCHHHHHHEEECCCCCECCCEEEEEEEEEEEECCCCEEEEECCHHHHHHHHCHHHHCHHHHHCCCEEEEEEEECCCCCCCCCCCCHHHHHHHHHHHHHHHHHCCCCEEEEECCCCCCCHHHCCCCCCCHHHHHHHHHHHHCCCCEEEEECCCCHHHCCEECCEECHHHCCEEECCCCCEECCCCCCCCHHHEECEEEECCCCCHHHHHHHHHHHHHHCCCEEEEECCCCCCCHHHHHHHHHHHHCCCEEEC
0 0 0 0 0 0 0 0 0 0 0 0 0 0 0 0 0 0 0 0 0 0 0 0 0 0 0 0 0 0 0 0 0 0 0 0 0 0 0 0 0 0 0 0 0 0 0 0 0 0 0 0 0 0 0 0 0 0 0 0 0 0 0 0 0 0 0 0 0 0 0 0 0 0 0 0 0 0 0 0 0 0 0 0 0 0 0 0 0 0 0 0 0 0 0 0 0 0 0 0 0 0 0 0 0 0 0 0 0 0 0 0 0 0 0 0 0 0 0 0 0 0 0 0 0 0 0 0 0 0 0 0 0 0 0 0 0 0 0 0 0 0 0 0 0 0 0 0 0 0 0 0 0 0 0 0 0 0 0 0 0 0 0 0 0 0 0 0 0 0 0 0 0 0 0 0 0 0 0 0 0 0 0 0 0 0 0 0 0 0 0 0 0 0 0 0 0 0 0 0 0 0 0 0 0 0 0 0 0 0 0 0 0 0 0 0 0 0 0 0 0 0 0 0 0 0 0 0 0 0 0 0 0 0 0 0 0 0 0 0 0 0 0 0 0 0 0 0 0 0 0 0 0 0 0 0 0 0 0 0 0 0 0 0 0 
0 0 0 0 0 0 0 0 0 0 0 0 0 0 0 0 0 0 0 0 0 0 0 0 0 0 0 0 0 0 0 0 0 0 0 0 0 0 0 0 0 0 0 0 0 0 0 0 0 0 0 0 0 0 0 0 0 0 0 0 0 0 0 0 0 0 0 0 0 0 0 0 0 0 0 0 0 0 0 0 0 0 0 0 0 0 0 0 0 0 0 0 0 0 0 0 0 0 0 0 0 0 0 0 0 0 0 0 0 0 0 0 0 0 0 0 0 0 0 0 0 0 0 0 0 0 0 0 0 0 0 0 0 0 0 0 0 0 0 0 0 0 0 0 0 0 0 0 0 0 0 0 0 0 0 0 0 0 0 0 0 0 0 0 0 0 0 0 0 0 0 0 0 0 0 0 0 0 0 0 0 0 0 0 0 0 0 0 0 0 0 0 0 0 0 0 0 0 0 0 0 0 0 0 0 0 0 0 0 0 0 0 0 0 0 0 0 0 0 0 0 0 0 0 0 0 0 0 0 0 0 0 0 0 0 0 0 0 0 0 0 0 0 0 0 0 0 0 0 0 0 0 0 0 0 0 0 0 0 0 0 0 0 0 0 
0 0.00387286 0.00383244 0.00385316 0.00396628 0.00421265 0.00746249 0.0102304 0.0100647 0.0298816 0.014615 0.028333 0.0204574 0.0140651 0.0116816 0.011818 0.0109086 0.0122826 0.0108144 0.0123929 0.00943912 0.0107827 0.014956 0.0147164 0.0106001 0.00948844 0.00962166 0.0148284 0.0111348 0.0123077 0.00946846 0.00981717 0.00961184 0.00939226 0.0103751 0.011901 0.00856897 0.00860791 0.0081711 0.00858749 0.00976063 0.00837318 0.00851533 0.00832854 0.00822112 0.00863964 0.00796289 0.00829794 0.00789761 0.00848035 0.00812588 0.00803337 0.00847242 0.00784338 0.00810404 0.00793422 0.0079729 0.00821453 0.00816045 0.0081647 0.0085797 0.00808875 0.00816532 0.00820087 0.00814323 0.00851291 0.00816969 0.00816101 0.00866669 
0.00387286 0 0.0038378 0.00384577 0.00385339 0.00390418 0.00419336 0.0096139 0.0213962 0.0160427 0.0113787 0.0263007 0.133607 0.0323144 0.0219772 0.0218172 0.0212836 0.0164094 0.0313515 0.0126455 0.0183548 0.013019 0.0095372 0.0102366 0.0156772 0.0139695 0.0145761 0.0108785 0.010823 0.0189929 0.0295838 0.0156501 0.0233553 0.0206118 0.0154153 0.00933137 0.00967641 0.00955517 0.00972676 0.00956045 0.00843512 0.00850708 0.00903895 0.00913093 0.00864642 0.00821089 0.00793117 0.00797513 0.00795943 0.00809486 0.00811299 0.00851134 0.00812451 0.0079091 0.00797871 0.00800948 0.00798314 0.008125 0.00848434 0.00849901 0.00829869 0.00810865 0.0084441 0.00850838 0.00828712 0.00828573 0.00820491 0.00819101 0.00826646 
0.00383244 0.0038378 0 0.00390339 0.00381726 0.00380238 0.00385326 0.0119253 0.00838084 0.0121751 0.00868475 0.0633582 0.0346555 0.102997 0.0470977 0.0299457 0.0274667 0.0360611 0.0224441 0.0490453 0.0157912 0.01575 0.00908941 0.00931667 0.0139641 0.0181156 0.0172608 0.0115129 0.00921687 0.030164 0.0324113 0.0607619 0.0376742 0.0498063 0.0123386 0.00949589 0.00910903 0.0108616 0.0106211 0.0106716 0.00850051 0.00873537 0.00922882 0.0101326 0.00871483 0.00849725 0.00792313 0.00788632 0.0079794 0.00797799 0.00838981 0.00848567 0.00816219 0.0079227 0.00798789 0.00823614 0.00793102 0.0083882 0.00858416 0.00868705 0.00817029 0.00830315 0.00870578 0.00867419 0.00833348 0.00821925 0.00823176 0.00827295 0.00834464 
0.00385316 0.00384577 0.00390339 0 0.00379616 0.00378091 0.00382166 0.00867621 0.00868174 0.0112702 0.00878574 0.017107 0.111899 0.0660297 0.101893 0.03617 0.0336332 0.0356954 0.0389284 0.0385856 0.0242536 0.0129725 0.00961298 0.00951903 0.016926 0.0211648 0.0158798 0.0109571 0.0105335 0.0257143 0.05856 0.057047 0.0615561 0.0433066 0.014585 0.00976262 0.00982019 0.013724 0.0131794 0.0116404 0.00860452 0.00869174 0.0100184 0.0105064 0.0090221 0.00834639 0.00796663 0.00801746 0.00795523 0.00801299 0.00840693 0.00877919 0.00809138 0.00792838 0.00797386 0.00817032 0.00797109 0.00833805 0.00868774 0.00851439 0.008152 0.0082105 0.00868272 0.00867507 0.00833103 0.00822443 0.00822242 0.00824052 0.00832047 
0.00396628 0.00385339 0.00381726 0.00379616 0 0.00377138 0.00379993 0.00798715 0.0199733 0.0141382 0.00918963 0.0165182 0.0285406 0.196663 0.0269223 0.0834735 0.022746 0.0292936 0.0500128 0.0195221 0.0249957 0.0102633 0.00966507 0.0110691 0.0102536 0.0518346 0.0102046 0.0132541 0.0120285 0.0163193 0.0605887 0.0333986 0.0471306 0.0234549 0.0156793 0.00919966 0.00933106 0.0101554 0.0160053 0.00998757 0.00877677 0.00868346 0.00889071 0.0110404 0.00862655 0.00843526 0.00801875 0.00796171 0.00794097 0.00802897 0.00828757 0.00845418 0.00812221 0.00797621 0.00795705 0.00808168 0.00804457 0.00831001 0.00858779 0.00861716 0.00825073 0.00824999 0.00861108 0.00873625 0.00835851 0.0082994 0.00829607 0.0083631 0.00838129 
0.00421265 0.00390418 0.00380238 0.00378091 0.00377138 0 0.00384318 0.0381707 0.0104757 0.0258806 0.00932214 0.0206731 0.0296607 0.0164143 0.0858515 0.0129922 0.0252702 0.021796 0.0120522 0.0284604 0.00902475 0.021549 0.00878483 0.00879601 0.0460305 0.00884481 0.0697216 0.00894587 0.00925114 0.0415796 0.0132457 0.0283986 0.0114812 0.0236405 0.0104328 0.00976573 0.0090868 0.0117986 0.00873185 0.0121788 0.00823054 0.00896096 0.00910682 0.00884834 0.00876326 0.00832978 0.00788441 0.00797729 0.00793286 0.007992 0.00823066 0.00836313 0.00823207 0.00787545 0.00814575 0.00835712 0.0080118 0.00810815 0.0083119 0.00841868 0.00816122 0.00818954 0.00850339 0.00845113 0.00823953 0.00817671 0.00836551 0.00825998 0.00825196 
0.00746249 0.00419336 0.00385326 0.00382166 0.00379993 0.00384318 0 0.00920574 0.0198657 0.0089221 0.0136342 0.0160274 0.0166673 0.0148372 0.0101518 0.0239243 0.0110078 0.0103462 0.0156168 0.00887823 0.0136974 0.00889857 0.0151819 0.0327302 0.00910497 0.0209199 0.00866961 0.0248434 0.0280869 0.0101713 0.0168176 0.0101546 0.0150756 0.0099096 0.0113283 0.00925408 0.0119818 0.00847579 0.0105709 0.00812708 0.0104968 0.0100777 0.00852775 0.00912087 0.0081142 0.00829457 0.00903996 0.00797784 0.00837601 0.0084199 0.0084033 0.00815243 0.00805615 0.00831697 0.00793281 0.00801011 0.00807108 0.00843762 0.00819438 0.00808651 0.00824362 0.00843421 0.00843522 0.00836764 0.00807982 0.00804846 0.00877258 0.00823717 0.0081431 
0.0102304 0.0096139 0.0119253 0.00867621 0.00798715 0.0381707 0.00920574 0 0.00378898 0.00511569 0.00542783 0.0178683 0.0116113 0.0158092 0.0148599 0.00785006 0.0108776 0.0112775 0.00772161 0.0124096 0.00745616 0.0139658 0.0121629 0.00982342 0.0239013 0.00839066 0.0254101 0.0120836 0.00973598 0.028347 0.00939906 0.0164643 0.00946485 0.0142883 0.0092629 0.0196524 0.00925191 0.0105271 0.00816227 0.010491 0.00976518 0.010658 0.00942825 0.00816373 0.00855551 0.0104548 0.00802188 0.00887908 0.0085359 0.00810981 0.00901672 0.0079968 0.00888369 0.00784172 0.00923847 0.00885424 0.00793248 0.00870729 0.00810525 0.00849695 0.0081624 0.00843237 0.00806794 0.00827022 0.00807115 0.00904506 0.00897109 0.00803335 0.00889195 
0.0100647 0.0213962 0.00838084 0.00868174 0.0199733 0.0104757 0.0198657 0.00378898 0 0.00387298 0.20916 0.00814827 0.0264237 0.0139953 0.00794391 0.0100251 0.00781744 0.00765405 0.0101821 0.00727467 0.0094474 0.00856415 0.00861291 0.0190487 0.00876367 0.0206956 0.00847621 0.0130587 0.016909 0.00964634 0.015272 0.00886599 0.0123653 0.00882934 0.0163765 0.00842492 0.00900002 0.00813056 0.00905944 0.00822964 0.00852476 0.00848068 0.00818915 0.00872723 0.00810525 0.00801492 0.00843746 0.007911 0.00787457 0.00828281 0.00793093 0.0081546 0.00812719 0.00812798 0.00788012 0.00792218 0.00788322 0.00790427 0.00817431 0.0081414 0.00823582 0.00785956 0.00821954 0.00810256 0.00811913 0.00796571 0.00801048 0.00804405 0.00806312 
0.0298816 0.0160427 0.0121751 0.0112702 0.0141382 0.0258806 0.0089221 0.00511569 0.00387298 0 0.0655475 0.063756 0.0172867 0.0107147 0.0114748 0.00834482 0.00976258 0.00939928 0.00781037 0.00947042 0.00758446 0.0102334 0.00875278 0.0112173 0.0216818 0.00845318 0.0179389 0.00940529 0.0117992 0.0173473 0.00934802 0.01452 0.00888228 0.0104398 0.00876883 0.0106903 0.0102759 0.00941543 0.00820473 0.0093406 0.00859926 0.0111664 0.00865014 0.00815597 0.00815967 0.00863131 0.00827086 0.0082055 0.00864288 0.00802648 0.00881179 0.00806972 0.00817795 0.00797684 0.00870998 0.00859164 0.00804674 0.00837907 0.00819935 0.00808747 0.00807936 0.00857353 0.00827831 0.00831721 0.00803474 0.00822641 0.00929065 0.00806147 0.0082527 
0.014615 0.0113787 0.00868475 0.00878574 0.00918963 0.00932214 0.0136342 0.00542783 0.20916 0.0655475 0 0.0172734 0.0079417 0.00437654 0.00492814 0.00485916 0.00541451 0.00561655 0.00573975 0.00592929 0.00613355 0.00708799 0.00852601 0.0108375 0.00900534 0.00876906 0.00849478 0.0150926 0.017761 0.0110198 0.00889256 0.00873704 0.00903555 0.0084495 0.00979135 0.0129631 0.0100558 0.00818793 0.00811722 0.00836516 0.00992088 0.00978895 0.008001 0.00798436 0.00801369 0.00841365 0.00876553 0.00809261 0.00844608 0.00821095 0.0081502 0.00788267 0.00811205 0.00805532 0.00794224 0.00806594 0.0080133 0.00814108 0.00792959 0.00798724 0.00822416 0.00830708 0.00795333 0.00794362 0.00793496 0.0082344 0.00842664 0.00799187 0.00821122 
0.028333 0.0263007 0.0633582 0.017107 0.0165182 0.0206731 0.0160274 0.0178683 0.00814827 0.063756 0.0172734 0 0.00384739 0.00386927 0.00403423 0.00385532 0.00397853 0.00397004 0.00395723 0.00506517 0.0053704 0.00871421 0.00848785 0.0121801 0.0149776 0.00932282 0.0121457 0.0144934 0.147238 0.0676255 0.0184286 0.0250486 0.0160285 0.0199388 0.0151131 0.0187383 0.0164659 0.014356 0.00917704 0.0104124 0.0107031 0.0128434 0.0102936 0.00889156 0.00904951 0.00983294 0.00808555 0.00835814 0.00847491 0.00843186 0.0093715 0.00814655 0.00871344 0.00787617 0.00859813 0.00857513 0.00802584 0.00863551 0.00855704 0.00863513 0.00833592 0.00877517 0.00829169 0.00843913 0.00829265 0.00899847 0.00857242 0.00808266 0.00869075 
0.0204574 0.133607 0.0346555 0.111899 0.0285406 0.0296607 0.0166673 0.0116113 0.0264237 0.0172867 0.0079417 0.00384739 0 0.00392048 0.00384434 0.00385162 0.00417579 0.00387522 0.00417623 0.00469021 0.00639531 0.00839039 0.00635956 0.0120523 0.0155832 0.0117773 0.0186778 0.0110465 0.021644 0.373197 0.0568644 0.0654756 0.0448613 0.0540948 0.0264616 0.0113554 0.0237013 0.0241361 0.019764 0.0165071 0.00948059 0.010973 0.0165322 0.0132612 0.0121027 0.00897468 0.00823339 0.00819124 0.00818595 0.00833322 0.00903239 0.00947786 0.00876501 0.00797334 0.00808743 0.00826008 0.00801546 0.00859468 0.00900804 0.0091377 0.00887268 0.00829815 0.00896781 0.00891723 0.00860213 0.00846256 0.00831577 0.00839958 0.0085862 
0.0140651 0.0323144 0.102997 0.0660297 0.196663 0.0164143 0.0148372 0.0158092 0.0139953 0.0107147 0.00437654 0.00386927 0.00392048 0 0.0038095 0.0038244 0.00382001 0.00381313 0.00407543 0.00451979 0.00631324 0.00643665 0.00577897 0.0095005 0.0114138 0.0258998 0.010843 0.0127585 0.0250931 0.0335159 0.347242 0.0581343 0.186417 0.0732068 0.0267471 0.0108266 0.01497 0.0244623 0.0523634 0.0180272 0.0104282 0.00989196 0.0126843 0.0230065 0.0107825 0.00893071 0.0081271 0.00803372 0.00804794 0.00814102 0.00890377 0.00911003 0.00867914 0.008054 0.0080748 0.00843155 0.00825435 0.00869474 0.00990223 0.00938795 0.00891882 0.00843404 0.00916814 0.00940357 0.00877662 0.00855422 0.00837821 0.00841527 0.00867427 
0.0116816 0.0219772 0.0470977 0.101893 0.0269223 0.0858515 0.0101518 0.0148599 0.00794391 0.0114748 0.00492814 0.00403423 0.00384434 0.0038095 0 0.00377312 0.00378088 0.00381703 0.00396982 0.00421816 0.00414191 0.00553541 0.00493027 0.0074506 0.0171915 0.00894003 0.017493 0.00893921 0.0123449 0.0877586 0.0297672 0.372978 0.0387352 0.11423 0.0149376 0.0107811 0.0112524 0.0280929 0.0163302 0.0203939 0.00923064 0.00938778 0.0144143 0.0140226 0.0123584 0.00908978 0.00798756 0.00808182 0.00815072 0.00820811 0.00880355 0.00873279 0.0086507 0.00798372 0.00813046 0.00843739 0.00811597 0.00877714 0.00909312 0.00909847 0.00852101 0.00832689 0.00925193 0.00914581 0.00860053 0.00847119 0.00823087 0.00825133 0.00834535 
0.011818 0.0218172 0.0299457 0.03617 0.0834735 0.0129922 0.0239243 0.00785006 0.0100251 0.00834482 0.00485916 0.00385532 0.00385162 0.0038244 0.00377312 0 0.00375816 0.00377399 0.00380053 0.00376343 0.00419203 0.00386288 0.0039701 0.0100343 0.00744349 0.0151875 0.00844545 0.0115456 0.0220837 0.0169256 0.122044 0.0253427 0.136402 0.0305823 0.0207362 0.00971996 0.0125575 0.01281 0.0271041 0.0116478 0.00960481 0.00936242 0.0101004 0.0164205 0.00942919 0.00856721 0.00857064 0.0079819 0.00808406 0.0082388 0.00864914 0.00868964 0.00830545 0.00818153 0.00798056 0.00808883 0.00803939 0.00875112 0.00889532 0.00900261 0.00854723 0.00836161 0.00867654 0.00884324 0.00851648 0.00828749 0.00821652 0.00815791 0.00825666 
0.0109086 0.0212836 0.0274667 0.0336332 0.022746 0.0252702 0.0110078 0.0108776 0.00781744 0.00976258 0.00541451 0.00397853 0.00417579 0.00382001 0.00378088 0.00375816 0 0.00375347 0.00375435 0.00374218 0.00395421 0.00385694 0.0041774 0.00661027 0.00946367 0.00808808 0.0086584 0.00827984 0.0144079 0.0597417 0.0274663 0.0459726 0.0299459 0.0696701 0.015905 0.0108153 0.0112749 0.0156738 0.0172072 0.0135648 0.00910985 0.00916354 0.0118757 0.0119598 0.00935333 0.00870273 0.00794058 0.00793267 0.00795268 0.00806397 0.00859032 0.00873173 0.00827792 0.00788032 0.00797341 0.00807878 0.00798567 0.00874577 0.00887475 0.00888578 0.00822371 0.00842251 0.00878169 0.00881431 0.00846925 0.00821853 0.00844138 0.0082655 0.00821252 
0.0122826 0.0164094 0.0360611 0.0356954 0.0292936 0.021796 0.0103462 0.0112775 0.00765405 0.00939928 0.00561655 0.00397004 0.00387522 0.00381313 0.00381703 0.00377399 0.00375347 0 0.00374993 0.00376952 0.00375375 0.00466759 0.00378236 0.00620651 0.00780704 0.00864971 0.00896121 0.0130919 0.0378275 0.0438479 0.0303489 0.0602918 0.0273639 0.0621882 0.0210523 0.0111841 0.011948 0.02411 0.0133532 0.0186595 0.00881548 0.00914578 0.0122356 0.0121288 0.00997859 0.00871559 0.00787259 0.00798789 0.00795728 0.00799773 0.0088863 0.00853976 0.00822796 0.00787323 0.0080046 0.00819459 0.00798896 0.00924307 0.00875175 0.00878019 0.00825563 0.0082741 0.00866917 0.0088521 0.00819685 0.00816078 0.00818711 0.00813886 0.00816351 
0.0108144 0.0313515 0.0224441 0.0389284 0.0500128 0.0120522 0.0156168 0.00772161 0.0101821 0.00781037 0.00573975 0.00395723 0.00417623 0.00407543 0.00396982 0.00380053 0.00375435 0.00374993 0 0.00542601 0.00378457 0.00376104 0.00426201 0.00573587 0.00626602 0.0162162 0.00833896 0.877873 0.0177485 0.0144071 0.0883629 0.0197166 0.107798 0.0185901 0.0211325 0.0106255 0.0124904 0.0118969 0.0460979 0.0105182 0.00988861 0.00914855 0.0103633 0.0209867 0.00902086 0.00890309 0.00808354 0.00793074 0.00791471 0.00815938 0.0084658 0.00876933 0.00838071 0.00797547 0.00794166 0.00808692 0.00808773 0.00856291 0.00918453 0.00874171 0.00835108 0.00826787 0.00891834 0.00883213 0.00833276 0.00819038 0.00819839 0.00813054 0.00820917 
0.0123929 0.0126455 0.0490453 0.0385856 0.0195221 0.0284604 0.00887823 0.0124096 0.00727467 0.00947042 0.00592929 0.00506517 0.00469021 0.00451979 0.00421816 0.00376343 0.00374218 0.00376952 0.00542601 0 0.00374969 0.00375614 0.00379708 0.00484156 0.0104904 0.00694653 0.948146 0.0119678 0.0104795 0.05039 0.0151195 0.123507 0.0170012 0.0756125 0.0114727 0.0105112 0.0102868 0.0274552 0.0108009 0.0202272 0.00873063 0.00886163 0.0114504 0.0107266 0.0100588 0.00859936 0.00785535 0.00795828 0.00798547 0.00800602 0.00843472 0.00861295 0.00818318 0.0078242 0.00800151 0.00822909 0.00797154 0.0087389 0.00883018 0.00881861 0.00810685 0.00835964 0.00859822 0.00890127 0.00829539 0.00808904 0.00819946 0.0080979 0.00816339 
0.00943912 0.0183548 0.0157912 0.0242536 0.0249957 0.00902475 0.0136974 0.00745616 0.0094474 0.00758446 0.00613355 0.0053704 0.00639531 0.00631324 0.00414191 0.00419203 0.00395421 0.00375375 0.00378457 0.00374969 0 0.00377572 0.00379067 0.00868122 0.00600861 0.977596 0.00688721 0.00953454 0.0136408 0.0102753 0.0561091 0.0105353 0.0544652 0.0127318 0.0138785 0.00902715 0.00983388 0.00968821 0.0259147 0.00931555 0.00906407 0.00847169 0.00875517 0.0125183 0.00840282 0.0083428 0.00797961 0.00784077 0.00785297 0.00800503 0.00809193 0.00834478 0.00812452 0.00788487 0.00787547 0.00801875 0.00799837 0.00809119 0.00836122 0.00830165 0.00821674 0.00799516 0.00837733 0.00834614 0.00814259 0.00801487 0.00806355 0.00795954 0.00807346 
0.0107827 0.013019 0.01575 0.0129725 0.0102633 0.021549 0.00889857 0.0139658 0.00856415 0.0102334 0.00708799 0.00871421 0.00839039 0.00643665 0.00553541 0.00386288 0.00385694 0.00466759 0.00376104 0.00375614 0.00377572 0 0.00388504 0.00793329 0.994274 0.00596948 0.0108839 0.00621228 0.0100865 0.0312797 0.0103884 0.0209113 0.00995352 0.0177478 0.0113547 0.0106037 0.00923831 0.0129347 0.008826 0.013545 0.00843163 0.00878826 0.00917326 0.0087164 0.00869271 0.00850738 0.00794329 0.00797289 0.00796998 0.00802505 0.0080793 0.00825667 0.00805427 0.00780841 0.00816103 0.00826573 0.0079851 0.00807545 0.00835283 0.00831624 0.00799354 0.00803099 0.00827324 0.00830964 0.00803244 0.00799658 0.00826927 0.00802024 0.0079811 
0.014956 0.0095372 0.00908941 0.00961298 0.00966507 0.00878483 0.0151819 0.0121629 0.00861291 0.00875278 0.00852601 0.00848785 0.00635956 0.00577897 0.00493027 0.0039701 0.0041774 0.00378236 0.00426201 0.00379708 0.00379067 0.00388504 0 0.989186 0.00538823 0.0050649 0.00478339 0.0064032 0.0144248 0.00956744 0.0105843 0.00964413 0.0100157 0.00880148 0.0101735 0.010591 0.0100188 0.00851933 0.00883715 0.00838024 0.00923682 0.00922696 0.00830994 0.00821778 0.0080472 0.00832497 0.0080543 0.00793335 0.00813231 0.0081366 0.00823463 0.0080505 0.00806137 0.00800147 0.00792577 0.00804375 0.00795591 0.00812675 0.00805929 0.00800124 0.00808371 0.00794791 0.00813813 0.00808419 0.00804063 0.00798085 0.00819048 0.00797048 0.00793828 
0.0147164 0.0102366 0.00931667 0.00951903 0.0110691 0.00879601 0.0327302 0.00982342 0.0190487 0.0112173 0.0108375 0.0121801 0.0120523 0.0095005 0.0074506 0.0100343 0.00661027 0.00620651 0.00573587 0.00484156 0.00868122 0.00793329 0.989186 0 0.00431467 0.00409381 0.00378275 0.005522 0.251522 0.0123202 0.018223 0.0105386 0.0155835 0.00912098 0.011879 0.0117265 0.0136434 0.008392 0.00909718 0.00828376 0.0128364 0.00989852 0.00825985 0.00887942 0.00815631 0.00870809 0.009246 0.00819323 0.00838946 0.00948295 0.00838893 0.00792485 0.00838023 0.00863869 0.00810322 0.00786338 0.00812666 0.00836773 0.0080463 0.0079234 0.00871881 0.00810173 0.00800074 0.00800522 0.00797812 0.00818493 0.0082059 0.00802375 0.00832449 
0.0106001 0.0156772 0.0139641 0.016926 0.0102536 0.0460305 0.00910497 0.0239013 0.00876367 0.0216818 0.00900534 0.0149776 0.0155832 0.0114138 0.0171915 0.00744349 0.00946367 0.00780704 0.00626602 0.0104904 0.00600861 0.994274 0.00538823 0.00431467 0 0.0037578 0.00401418 0.00381518 0.0172192 0.31958 0.0116393 0.0522307 0.0135892 0.0223195 0.00986661 0.0102331 0.010617 0.0261105 0.00853843 0.0149362 0.00848212 0.0095698 0.0108888 0.00840258 0.0093519 0.00859964 0.00795273 0.00819702 0.00825006 0.0080673 0.00843896 0.00847459 0.00822844 0.00785645 0.00829664 0.00843437 0.00789681 0.00823924 0.00840344 0.00890931 0.00813108 0.00826912 0.00832003 0.0083482 0.00821437 0.00829476 0.00836729 0.00821907 0.00833951 
0.00948844 0.0139695 0.0181156 0.0211648 0.0518346 0.00884481 0.0209199 0.00839066 0.0206956 0.00845318 0.00876906 0.00932282 0.0117773 0.0258998 0.00894003 0.0151875 0.00808808 0.00864971 0.0162162 0.00694653 0.977596 0.00596948 0.0050649 0.00409381 0.0037578 0 0.0037485 0.00391929 0.0480059 0.0123614 0.194537 0.0125682 0.0758495 0.0237313 0.0144654 0.00890424 0.0109885 0.00970967 0.0507496 0.00947785 0.00976055 0.00859888 0.0087743 0.0213217 0.00853239 0.00859693 0.008576 0.00789645 0.00794396 0.00831437 0.00827967 0.00829906 0.00811134 0.00833806 0.00791123 0.00799902 0.00799495 0.0081998 0.00870797 0.00838814 0.00975905 0.00803545 0.00848658 0.0084491 0.00821089 0.00811384 0.00807388 0.00801255 0.00810847 
0.00962166 0.0145761 0.0172608 0.0158798 0.0102046 0.0697216 0.00866961 0.0254101 0.00847621 0.0179389 0.00849478 0.0121457 0.0186778 0.010843 0.017493 0.00844545 0.0086584 0.00896121 0.00833896 0.948146 0.00688721 0.0108839 0.00478339 0.00378275 0.00401418 0.0037485 0 0.00376519 0.00980073 0.0911317 0.0182478 0.0969961 0.0141798 0.0522033 0.027869 0.0118979 0.00975711 0.0325423 0.00888472 0.0312453 0.00880548 0.00911288 0.0114492 0.00894 0.0115103 0.00872819 0.00790278 0.00809893 0.00801541 0.00805413 0.00840753 0.00850199 0.00827743 0.00784748 0.00824818 0.00883662 0.0080532 0.00819861 0.0084192 0.00869513 0.00809575 0.00819104 0.0083339 0.00842589 0.00813282 0.00814187 0.00832284 0.00800132 0.0080714 
0.0148284 0.0108785 0.0115129 0.0109571 0.0132541 0.00894587 0.0248434 0.0120836 0.0130587 0.00940529 0.0150926 0.0144934 0.0110465 0.0127585 0.00893921 0.0115456 0.00827984 0.0130919 0.877873 0.0119678 0.00953454 0.00621228 0.0064032 0.005522 0.00381518 0.00391929 0.00376519 0 0.0480935 0.0114337 0.028195 0.0162463 0.028881 0.0125545 0.0525567 0.0319107 0.0147515 0.00904605 0.0115405 0.00915684 0.013674 0.0101771 0.00854202 0.00975647 0.00825073 0.00867414 0.00890156 0.00797682 0.00817999 0.00867867 0.0087592 0.0082058 0.00830552 0.00874481 0.00793633 0.0080538 0.00834374 0.00842893 0.00816101 0.00804737 0.00854018 0.00813242 0.00825133 0.00814546 0.00807312 0.00803412 0.00813924 0.00804684 0.00792455 
0.0111348 0.010823 0.00921687 0.0105335 0.0120285 0.00925114 0.0280869 0.00973598 0.016909 0.0117992 0.017761 0.147238 0.021644 0.0250931 0.0123449 0.0220837 0.0144079 0.0378275 0.0177485 0.0104795 0.0136408 0.0100865 0.0144248 0.251522 0.0172192 0.0480059 0.00980073 0.0480935 0 0.00538148 0.00386313 0.00380345 0.00419533 0.00400471 0.00536536 0.00847702 0.0753107 0.0100623 0.0139284 0.00961811 0.0256605 0.0148219 0.00985818 0.0115372 0.00922946 0.0111521 0.0106973 0.00861155 0.00891522 0.0118705 0.00923292 0.00853413 0.00989517 0.00950293 0.00832947 0.00799741 0.00856208 0.00953331 0.00882779 0.00846598 0.0110516 0.00823402 0.00842736 0.00823485 0.00835618 0.00850917 0.00826272 0.0081907 0.00862393 
0.0123077 0.0189929 0.030164 0.0257143 0.0163193 0.0415796 0.0101713 0.028347 0.00964634 0.0173473 0.0110198 0.0676255 0.373197 0.0335159 0.0877586 0.0169256 0.0597417 0.0438479 0.0144071 0.05039 0.0102753 0.0312797 0.00956744 0.0123202 0.31958 0.0123614 0.0911317 0.0114337 0.00538148 0 0.00389062 0.0038903 0.00395068 0.00440638 0.00498961 0.00434191 0.0588548 0.175957 0.0106914 0.0421274 0.00935755 0.0264264 0.0489611 0.0145445 0.0193686 0.0101284 0.00834045 0.00861834 0.00889348 0.00833301 0.0118029 0.0106258 0.00957589 0.00799532 0.0086065 0.00959048 0.00802132 0.0103575 0.0101886 0.0116176 0.00878846 0.00892104 0.00899338 0.010414 0.00885155 0.00918549 0.00871725 0.00845479 0.00859909 
0.00946846 0.0295838 0.0324113 0.05856 0.0605887 0.0132457 0.0168176 0.00939906 0.015272 0.00934802 0.00889256 0.0184286 0.0568644 0.347242 0.0297672 0.122044 0.0274663 0.0303489 0.0883629 0.0151195 0.0561091 0.0103884 0.0105843 0.018223 0.0116393 0.194537 0.0182478 0.028195 0.00386313 0.00389062 0 0.0038129 0.00380967 0.00398855 0.00387364 0.00385598 0.26132 0.0271483 0.206271 0.0132694 0.0181979 0.0130483 0.0221855 0.0871115 0.0117951 0.00972039 0.00875004 0.00809069 0.00814089 0.00850329 0.00991796 0.0099788 0.00940883 0.0081696 0.00801313 0.00822471 0.00819007 0.0101589 0.0124659 0.00978778 0.0093871 0.00836729 0.0100641 0.00984695 0.00910333 0.00844096 0.00817781 0.00814789 0.00822897 
0.00981717 0.0156501 0.0607619 0.057047 0.0333986 0.0283986 0.0101546 0.0164643 0.00886599 0.01452 0.00873704 0.0250486 0.0654756 0.0581343 0.372978 0.0253427 0.0459726 0.0602918 0.0197166 0.123507 0.0105353 0.0209113 0.00964413 0.0105386 0.0522307 0.0125682 0.0969961 0.0162463 0.00380345 0.0038903 0.0038129 0 0.00380891 0.00379622 0.00383686 0.00381034 0.0335957 0.383047 0.0180871 0.062894 0.0107201 0.0132441 0.044367 0.0275835 0.0239539 0.0113362 0.00823248 0.00828153 0.00830235 0.00830606 0.0106007 0.0106721 0.0110108 0.00797516 0.00834816 0.00879395 0.00828694 0.0113015 0.0115963 0.015251 0.00903809 0.00872562 0.00995916 0.0115544 0.00920404 0.00923304 0.00823307 0.00834404 0.00863086 
0.00961184 0.0233553 0.0376742 0.0615561 0.0471306 0.0114812 0.0150756 0.00946485 0.0123653 0.00888228 0.00903555 0.0160285 0.0448613 0.186417 0.0387352 0.136402 0.0299459 0.0273639 0.107798 0.0170012 0.0544652 0.00995352 0.0100157 0.0155835 0.0135892 0.0758495 0.0141798 0.028881 0.00419533 0.00395068 0.00380967 0.00380891 0 0.0037716 0.00381485 0.00380698 0.113807 0.0323725 0.373501 0.0133871 0.0145432 0.013944 0.0217033 0.0759939 0.0129974 0.010113 0.00856987 0.00809729 0.00808445 0.00851274 0.00976313 0.00980296 0.00930389 0.00818281 0.00797952 0.0082459 0.00856888 0.0110155 0.0133408 0.0100472 0.00928954 0.00860201 0.0104226 0.0103505 0.00905299 0.00845169 0.00824843 0.00826818 0.00847493 
0.00939226 0.0206118 0.0498063 0.0433066 0.0234549 0.0236405 0.0099096 0.0142883 0.00882934 0.0104398 0.0084495 0.0199388 0.0540948 0.0732068 0.11423 0.0305823 0.0696701 0.0621882 0.0185901 0.0756125 0.0127318 0.0177478 0.00880148 0.00912098 0.0223195 0.0237313 0.0522033 0.0125545 0.00400471 0.00440638 0.00398855 0.00379622 0.0037716 0 0.00376574 0.00377348 0.0266362 0.141906 0.0354291 0.19555 0.0104849 0.0118086 0.0256527 0.0289761 0.0197418 0.0101533 0.00802852 0.00806465 0.00805333 0.00810934 0.0097662 0.010593 0.00957984 0.0079053 0.00806426 0.00881669 0.00806934 0.0104792 0.00983471 0.0125093 0.00852234 0.00855764 0.00904208 0.0107879 0.0088138 0.00845854 0.00817867 0.00813825 0.00827846 
0.0103751 0.0154153 0.0123386 0.014585 0.0156793 0.0104328 0.0113283 0.0092629 0.0163765 0.00876883 0.00979135 0.0151131 0.0264616 0.0267471 0.0149376 0.0207362 0.015905 0.0210523 0.0211325 0.0114727 0.0138785 0.0113547 0.0101735 0.011879 0.00986661 0.0144654 0.027869 0.0525567 0.00536536 0.00498961 0.00387364 0.00383686 0.00381485 0.00376574 0 0.00418337 0.0185831 0.0176848 0.0840046 0.0699107 0.102506 0.0113601 0.0153554 0.0194996 0.0136764 0.0108012 0.00886084 0.00819801 0.0083704 0.00888449 0.00893571 0.010936 0.0091101 0.00824801 0.0080672 0.00834582 0.00833754 0.00851876 0.0104151 0.009309 0.008607 0.00823991 0.00963919 0.00873355 0.0085128 0.00826828 0.00826407 0.00811021 0.00807039 
0.011901 0.00933137 0.00949589 0.00976262 0.00919966 0.00976573 0.00925408 0.0196524 0.00842492 0.0106903 0.0129631 0.0187383 0.0113554 0.0108266 0.0107811 0.00971996 0.0108153 0.0111841 0.0106255 0.0105112 0.00902715 0.0106037 0.010591 0.0117265 0.0102331 0.00890424 0.0118979 0.0319107 0.00847702 0.00434191 0.00385598 0.00381034 0.00380698 0.00377348 0.00418337 0 0.0187899 0.0157429 0.0145875 0.0773222 0.0868441 0.0195123 0.0101653 0.00916269 0.00924723 0.0120129 0.00876086 0.00821247 0.00902561 0.00863876 0.0100437 0.00827221 0.00907551 0.00805958 0.00813098 0.00875735 0.00837752 0.0152473 0.00836996 0.00859352 0.0088149 0.0086646 0.00830573 0.00839414 0.0080817 0.00827967 0.00830505 0.00797125 0.00804579 
0.00856897 0.00967641 0.00910903 0.00982019 0.00933106 0.0090868 0.0119818 0.00925191 0.00900002 0.0102759 0.0100558 0.0164659 0.0237013 0.01497 0.0112524 0.0125575 0.0112749 0.011948 0.0124904 0.0102868 0.00983388 0.00923831 0.0100188 0.0136434 0.010617 0.0109885 0.00975711 0.0147515 0.0753107 0.0588548 0.26132 0.0335957 0.113807 0.0266362 0.0185831 0.0187899 0 0.00408292 0.00381519 0.00454373 0.00543774 0.649343 0.0192573 0.0232572 0.0117036 0.0235845 0.00935876 0.0102047 0.00918262 0.012036 0.0152999 0.0104533 0.0145427 0.0083412 0.00910839 0.00887809 0.00933467 0.0114569 0.0120647 0.0100517 0.0149174 0.00904558 0.0091191 0.00897511 0.00869236 0.0107458 0.008496 0.00803526 0.00884523 
0.00860791 0.00955517 0.0108616 0.013724 0.0101554 0.0117986 0.00847579 0.0105271 0.00813056 0.00941543 0.00818793 0.014356 0.0241361 0.0244623 0.0280929 0.01281 0.0156738 0.02411 0.0118969 0.0274552 0.00968821 0.0129347 0.00851933 0.008392 0.0261105 0.00970967 0.0325423 0.00904605 0.0100623 0.175957 0.0271483 0.383047 0.0323725 0.141906 0.0176848 0.0157429 0.00408292 0 0.00392222 0.00382791 0.00387144 0.0550604 0.737122 0.0146572 0.0629067 0.0108537 0.00868177 0.00877187 0.00884419 0.00866179 0.0120276 0.0159769 0.0107439 0.0082029 0.00849886 0.00915206 0.00820056 0.0136236 0.012828 0.0207393 0.00927208 0.0130791 0.00968578 0.0126527 0.00911612 0.00913432 0.0081136 0.0083693 0.00851035 
0.0081711 0.00972676 0.0106211 0.0131794 0.0160053 0.00873185 0.0105709 0.00816227 0.00905944 0.00820473 0.00811722 0.00917704 0.019764 0.0523634 0.0163302 0.0271041 0.0172072 0.0133532 0.0460979 0.0108009 0.0259147 0.008826 0.00883715 0.00909718 0.00853843 0.0507496 0.00888472 0.0115405 0.0139284 0.0106914 0.206271 0.0180871 0.373501 0.0354291 0.0840046 0.0145875 0.00381519 0.00392222 0 0.0038421 0.00376439 0.0232506 0.0207776 0.766283 0.0117533 0.0123244 0.00924583 0.00828864 0.00832682 0.00911368 0.00983367 0.0102704 0.0104539 0.00842019 0.00819105 0.00821857 0.0087269 0.0103518 0.0216581 0.0108294 0.0109749 0.00845808 0.0110723 0.0109066 0.0100707 0.00850442 0.00809165 0.0081409 0.00839678 
0.00858749 0.00956045 0.0106716 0.0116404 0.00998757 0.0121788 0.00812708 0.010491 0.00822964 0.0093406 0.00836516 0.0104124 0.0165071 0.0180272 0.0203939 0.0116478 0.0135648 0.0186595 0.0105182 0.0202272 0.00931555 0.013545 0.00838024 0.00828376 0.0149362 0.00947785 0.0312453 0.00915684 0.00961811 0.0421274 0.0132694 0.062894 0.0133871 0.19555 0.0699107 0.0773222 0.00454373 0.00382791 0.0038421 0 0.00384764 0.0206896 0.0826628 0.024865 0.642532 0.0179743 0.00915626 0.00911159 0.00952284 0.0091038 0.0105451 0.0167874 0.0132266 0.00823724 0.00878307 0.00982534 0.00842081 0.0137156 0.0123358 0.0306647 0.00922064 0.0094616 0.00981062 0.0137848 0.00962794 0.00933403 0.00814005 0.00815444 0.00823831 
0.00976063 0.00843512 0.00850051 0.00860452 0.00877677 0.00823054 0.0104968 0.00976518 0.00852476 0.00859926 0.00992088 0.0107031 0.00948059 0.0104282 0.00923064 0.00960481 0.00910985 0.00881548 0.00988861 0.00873063 0.00906407 0.00843163 0.00923682 0.0128364 0.00848212 0.00976055 0.00880548 0.013674 0.0256605 0.00935755 0.0181979 0.0107201 0.0145432 0.0104849 0.102506 0.0868441 0.00543774 0.00387144 0.00376439 0.00384764 0 0.0299484 0.0140217 0.0380466 0.020464 0.426262 0.0133121 0.00932692 0.0109782 0.012938 0.0117725 0.00925698 0.0113045 0.0103886 0.00828908 0.00949021 0.00942407 0.011901 0.0094326 0.00902395 0.015713 0.00989711 0.00917702 0.00871226 0.00922793 0.00989971 0.00921424 0.00840007 0.00845333 
0.00837318 0.00850708 0.00873537 0.00869174 0.00868346 0.00896096 0.0100777 0.010658 0.00848068 0.0111664 0.00978895 0.0128434 0.010973 0.00989196 0.00938778 0.00936242 0.00916354 0.00914578 0.00914855 0.00886163 0.00847169 0.00878826 0.00922696 0.00989852 0.0095698 0.00859888 0.00911288 0.0101771 0.0148219 0.0264264 0.0130483 0.0132441 0.013944 0.0118086 0.0113601 0.0195123 0.649343 0.0550604 0.0232506 0.0206896 0.0299484 0 0.00459897 0.00385468 0.00388593 0.00507822 0.019256 0.0187382 0.0204018 0.0183889 0.0250541 0.0127027 0.0214548 0.0109063 0.0161084 0.0143894 0.0115254 0.0202142 0.0165889 0.0140156 0.0260585 0.0142931 0.0102163 0.0100139 0.0101872 0.0176566 0.0106605 0.00871479 0.010867 
0.00851533 0.00903895 0.00922882 0.0100184 0.00889071 0.00910682 0.00852775 0.00942825 0.00818915 0.00865014 0.008001 0.0102936 0.0165322 0.0126843 0.0144143 0.0101004 0.0118757 0.0122356 0.0103633 0.0114504 0.00875517 0.00917326 0.00830994 0.00825985 0.0108888 0.0087743 0.0114492 0.00854202 0.00985818 0.0489611 0.0221855 0.044367 0.0217033 0.0256527 0.0153554 0.0101653 0.0192573 0.737122 0.0207776 0.0826628 0.0140217 0.00459897 0 0.00381059 0.0038541 0.00389991 0.011451 0.0132621 0.0115134 0.0101513 0.0177876 0.0328242 0.0128356 0.00903915 0.0105516 0.0125806 0.00933686 0.019183 0.0285413 0.0393637 0.0109706 0.0146132 0.0169529 0.022646 0.0131665 0.0108786 0.00909011 0.0087571 0.00911152 
0.00832854 0.00913093 0.0101326 0.0105064 0.0110404 0.00884834 0.00912087 0.00816373 0.00872723 0.00815597 0.00798436 0.00889156 0.0132612 0.0230065 0.0140226 0.0164205 0.0119598 0.0121288 0.0209867 0.0107266 0.0125183 0.0087164 0.00821778 0.00887942 0.00840258 0.0213217 0.00894 0.00975647 0.0115372 0.0145445 0.0871115 0.0275835 0.0759939 0.0289761 0.0194996 0.00916269 0.0232572 0.0146572 0.766283 0.024865 0.0380466 0.00385468 0.00381059 0 0.00376576 0.00377866 0.0108135 0.013006 0.00862637 0.0097313 0.0311696 0.0145413 0.0305782 0.0102872 0.00887337 0.00919915 0.0102344 0.0165887 0.0566735 0.019917 0.018791 0.0102524 0.0281922 0.0262531 0.0206968 0.00990673 0.0084632 0.008345 0.00930462 
0.00822112 0.00864642 0.00871483 0.0090221 0.00862655 0.00876326 0.0081142 0.00855551 0.00810525 0.00815967 0.00801369 0.00904951 0.0121027 0.0107825 0.0123584 0.00942919 0.00935333 0.00997859 0.00902086 0.0100588 0.00840282 0.00869271 0.0080472 0.00815631 0.0093519 0.00853239 0.0115103 0.00825073 0.00922946 0.0193686 0.0117951 0.0239539 0.0129974 0.0197418 0.0136764 0.00924723 0.0117036 0.0629067 0.0117533 0.642532 0.020464 0.00388593 0.0038541 0.00376576 0 0.00396879 0.0129465 0.0178097 0.0103703 0.011619 0.0115669 0.284839 0.0145024 0.00933674 0.0109364 0.0126619 0.0095241 0.0137016 0.0215156 0.0613529 0.0110453 0.0109589 0.0151807 0.0191102 0.0135183 0.0103826 0.00867127 0.0091237 0.00858937 
0.00863964 0.00821089 0.00849725 0.00834639 0.00843526 0.00832978 0.00829457 0.0104548 0.00801492 0.00863131 0.00841365 0.00983294 0.00897468 0.00893071 0.00908978 0.00856721 0.00870273 0.00871559 0.00890309 0.00859936 0.0083428 0.00850738 0.00832497 0.00870809 0.00859964 0.00859693 0.00872819 0.00867414 0.0111521 0.0101284 0.00972039 0.0113362 0.010113 0.0101533 0.0108012 0.0120129 0.0235845 0.0108537 0.0123244 0.0179743 0.426262 0.00507822 0.00389991 0.00377866 0.00396879 0 0.0264756 0.0155066 0.0188429 0.0119557 0.0656888 0.0111963 0.0496166 0.00957049 0.0112862 0.0173155 0.00943542 0.0205206 0.0114137 0.0129686 0.0208489 0.016131 0.0104858 0.0102721 0.0100837 0.0137333 0.011248 0.0082711 0.00920657 
0.00796289 0.00793117 0.00792313 0.00796663 0.00801875 0.00788441 0.00903996 0.00802188 0.00843746 0.00827086 0.00876553 0.00808555 0.00823339 0.0081271 0.00798756 0.00857064 0.00794058 0.00787259 0.00808354 0.00785535 0.00797961 0.00794329 0.0080543 0.009246 0.00795273 0.008576 0.00790278 0.00890156 0.0106973 0.00834045 0.00875004 0.00823248 0.00856987 0.00802852 0.00886084 0.00876086 0.00935876 0.00868177 0.00924583 0.00915626 0.0133121 0.019256 0.011451 0.0108135 0.0129465 0.0264756 0 0.0184094 0.00666116 0.978743 0.00735263 0.0160341 0.0110237 0.013131 0.0180808 0.00914932 0.0113151 0.00942201 0.0105267 0.0094232 0.0168764 0.00879751 0.00961033 0.00829522 0.00927053 0.0100265 0.00870829 0.00863418 0.00886179 
0.00829794 0.00797513 0.00788632 0.00801746 0.00796171 0.00797729 0.00797784 0.00887908 0.007911 0.0082055 0.00809261 0.00835814 0.00819124 0.00803372 0.00808182 0.0079819 0.00793267 0.00798789 0.00793074 0.00795828 0.00784077 0.00797289 0.00793335 0.00819323 0.00819702 0.00789645 0.00809893 0.00797682 0.00861155 0.00861834 0.00809069 0.00828153 0.00809729 0.00806465 0.00819801 0.00821247 0.0102047 0.00877187 0.00828864 0.00911159 0.00932692 0.0187382 0.0132621 0.013006 0.0178097 0.0155066 0.0184094 0 0.996659 0.00451171 0.011588 0.0111623 0.00881878 0.0107623 0.00984425 0.0157169 0.00832548 0.011549 0.00893465 0.0107388 0.00951676 0.0103584 0.00860144 0.00849931 0.00829702 0.0088447 0.00995409 0.00837072 0.008367 
0.00789761 0.00795943 0.0079794 0.00795523 0.00794097 0.00793286 0.00837601 0.0085359 0.00787457 0.00864288 0.00844608 0.00847491 0.00818595 0.00804794 0.00815072 0.00808406 0.00795268 0.00795728 0.00791471 0.00798547 0.00785297 0.00796998 0.00813231 0.00838946 0.00825006 0.00794396 0.00801541 0.00817999 0.00891522 0.00889348 0.00814089 0.00830235 0.00808445 0.00805333 0.0083704 0.00902561 0.00918262 0.00884419 0.00832682 0.00952284 0.0109782 0.0204018 0.0115134 0.00862637 0.0103703 0.0188429 0.00666116 0.996659 0 0.00578545 0.0122764 0.0188944 0.0357876 0.00752669 0.0177375 0.0114491 0.00946511 0.00977532 0.00958639 0.0113006 0.0124303 0.00925147 0.00868931 0.00843522 0.00843916 0.0119008 0.0107027 0.00854723 0.00909771 
0.00848035 0.00809486 0.00797799 0.00801299 0.00802897 0.007992 0.0084199 0.00810981 0.00828281 0.00802648 0.00821095 0.00843186 0.00833322 0.00814102 0.00820811 0.0082388 0.00806397 0.00799773 0.00815938 0.00800602 0.00800503 0.00802505 0.0081366 0.00948295 0.0080673 0.00831437 0.00805413 0.00867867 0.0118705 0.00833301 0.00850329 0.00830606 0.00851274 0.00810934 0.00888449 0.00863876 0.012036 0.00866179 0.00911368 0.0091038 0.012938 0.0183889 0.0101513 0.0097313 0.011619 0.0119557 0.978743 0.00451171 0.00578545 0 0.0263449 0.0241291 0.006295 0.0197631 0.00766854 0.0113535 0.0110316 0.0149561 0.0109127 0.0105238 0.0156847 0.0117704 0.0092686 0.00857634 0.0100595 0.00936249 0.00964059 0.00859225 0.00824219 
0.00812588 0.00811299 0.00838981 0.00840693 0.00828757 0.00823066 0.0084033 0.00901672 0.00793093 0.00881179 0.0081502 0.0093715 0.00903239 0.00890377 0.00880355 0.00864914 0.00859032 0.0088863 0.0084658 0.00843472 0.00809193 0.0080793 0.00823463 0.00838893 0.00843896 0.00827967 0.00840753 0.0087592 0.00923292 0.0118029 0.00991796 0.0106007 0.00976313 0.0097662 0.00893571 0.0100437 0.0152999 0.0120276 0.00983367 0.0105451 0.0117725 0.0250541 0.0177876 0.0311696 0.0115669 0.0656888 0.00735263 0.011588 0.0122764 0.0263449 0 0.00376353 0.00384051 0.0050121 0.0434228 0.0113197 0.00999374 0.0155256 0.0149271 0.0156229 0.0189731 0.0178459 0.011145 0.0128291 0.0102223 0.0183878 0.01063 0.00928636 0.0140498 
0.00803337 0.00851134 0.00848567 0.00877919 0.00845418 0.00836313 0.00815243 0.0079968 0.0081546 0.00806972 0.00788267 0.00814655 0.00947786 0.00911003 0.00873279 0.00868964 0.00873173 0.00853976 0.00876933 0.00861295 0.00834478 0.00825667 0.0080505 0.00792485 0.00847459 0.00829906 0.00850199 0.0082058 0.00853413 0.0106258 0.0099788 0.0106721 0.00980296 0.010593 0.010936 0.00827221 0.0104533 0.0159769 0.0102704 0.0167874 0.00925698 0.0127027 0.0328242 0.0145413 0.284839 0.0111963 0.0160341 0.0111623 0.0188944 0.0241291 0.00376353 0 0.00378252 0.0199698 0.0906685 0.0269251 0.00962453 0.0106318 0.0474541 0.0521132 0.0123253 0.0106815 0.0261971 0.0132228 0.0239926 0.0100345 0.00843894 0.0164581 0.00892401 
0.00847242 0.00812451 0.00816219 0.00809138 0.00812221 0.00823207 0.00805615 0.00888369 0.00812719 0.00817795 0.00811205 0.00871344 0.00876501 0.00867914 0.0086507 0.00830545 0.00827792 0.00822796 0.00838071 0.00818318 0.00812452 0.00805427 0.00806137 0.00838023 0.00822844 0.00811134 0.00827743 0.00830552 0.00989517 0.00957589 0.00940883 0.0110108 0.00930389 0.00957984 0.0091101 0.00907551 0.0145427 0.0107439 0.0104539 0.0132266 0.0113045 0.0214548 0.0128356 0.0305782 0.0145024 0.0496166 0.0110237 0.00881878 0.0357876 0.006295 0.00384051 0.00378252 0 0.0473814 0.00965155 0.0137077 0.0103312 0.0224526 0.01685 0.0165802 0.0321684 0.0203181 0.0111835 0.0137927 0.0127635 0.0180411 0.015256 0.00857734 0.0105905 
