1CJSA
MDREALLQAVKEARELAKPRNFTQSFEFIATLKEIDMRKPENRIKTEVVLPHGRGKEAKIAVIGTGDLAKQAEELGLTVIRKEEIEELGKNKRKLRKIAKAHDFFIAQADLMPLIGRYMGVILGPRGKMPKPVPANANIKPLVERLKKTVVINTRDKPYFQVLVGNEKMTDEQIVDNIEAVLNVVAKKYEKGLYHIKDAYVKLTMGPAVKVK
CCHHHHHHHHHHHHHHCCCCCCCCEEEEEEEECCCCCCCHHHCCEEEEECCCCCCCCCCEEEEECCHHHHHHHHCCCEEEECCHHHHHHCCHHHHHHHHHHCCEEEEEHHHHHHHHHHHHHHHHHHCCCCEEECCCCCCHHHHHHHCCEEEEECCCCCEEEEEEEECCCCHHHHHHHHHHHHHHHHHHCCCHHHHEEEEEEEECCCCCEECC
0 0 0 0 0 0 0 0 0 0 0 0 0 0 0 0 0 0 0 0 0 0 0 0 0 0 0 0 0 0 0 0 0 0 0 0 0 0 0 0 0 0 0 0 0 0 0 0 0 0 0 0 0 0 0 0 0 0 0 0 0 0 0 0 0 0 0 0 0 0 0 0 0 0 0 0 0 0 0 0 0 0 0 0 0 0 0 0 0 0 0 0 0 0 0 0 0 0 0 0 0 0 0 0 0 0 0 0 0 0 0 0 0 0 0 0 0 0 0 0 0 0 0 0 0 0 0 0 0 0 0 0 0 0 0 0 0 0 0 0 0 0 0 0 0 0 0 0 0 0 0 0 0 0 0 0 0 0 0 0 0 0 0 0 0 0 0 0 0 0 0 0 0 0 0 0 0 0 0 0 0 0 0 0 0 0 0 0 0 0 0 0 0 0 0 0 0 0 0 0 0 0 0 0 0 0 0 0 0 0 0 0 
0 0 0 0 0 0 0 0 0 0 0 0 0 0 0 0 0 0 0 0 0 0 0 0 0 0 0 0 0 0 0 0 0 0 0 0 0 0 0 0 0 0 0 0 0 0 0 0 0 0 0 0 0 0 0 0 0 0 0 0 0 0 0 0 0 0 0 0 0 0 0 0 0 0 0 0 0 0 0 0 0 0 0 0 0 0 0 0 0 0 0 0 0 0 0 0 0 0 0 0 0 0 0 0 0 0 0 0 0 0 0 0 0 0 0 0 0 0 0 0 0 0 0 0 0 0 0 0 0 0 0 0 0 0 0 0 0 0 0 0 0 0 0 0 0 0 0 0 0 0 0 0 0 0 0 0 0 0 0 0 0 0 0 0 0 0 0 0 0 0 0 0 0 0 0 0 0 0 0 0 0 0 0 0 0 0 0 0 0 0 0 0 0 0 0 0 0 0 0 0 0 0 0 0 0 0 0 0 0 0 0 0 
0 0.00390034 0.00393224 0.00378634 0.00398117 0.00402652 0.00906685 0.00617855 0.060475 0.00841864 0.02229 0.00942372 0.112167 0.0173612 0.0187898 0.0120155 0.0132459 0.0136858 0.0248432 0.00909285 0.00994608 0.0161635 0.00941498 0.00999916 0.00929788 0.00917677 0.0107805 0.00805888 0.00831301 0.00819441 0.00940572 0.00804813 0.0091057 0.00815382 0.0105358 0.0083686 0.00784902 0.00845249 0.00802641 0.00828128 0.00816923 0.00836284 0.00861112 0.00784046 0.00792458 0.00800003 0.0079277 0.00832458 0.00798688 0.0082051 0.00822479 0.00804074 0.0091764 
0.00390034 0 0.00379013 0.00379185 0.00383327 0.00395807 0.00385729 0.00511416 0.00843549 0.0449408 0.00828045 0.161885 0.00962223 0.0530909 0.0313238 0.0250044 0.0153398 0.0127319 0.00879161 0.0264137 0.0172505 0.00897171 0.0155698 0.0134512 0.0131019 0.0126585 0.00877445 0.00787841 0.00813257 0.00807337 0.00834111 0.0108717 0.00820078 0.0103711 0.00803522 0.00795003 0.00935851 0.00812673 0.0102397 0.00854561 0.00918173 0.00838792 0.00804799 0.0089599 0.00816509 0.00815947 0.00887357 0.00837303 0.00879826 0.00822695 0.00816739 0.00869647 0.00798788 
0.00393224 0.00379013 0 0.00377338 0.00379576 0.00376498 0.00386782 0.00387008 0.0135247 0.00867069 0.123076 0.00990927 0.0388494 0.0115913 0.053778 0.0623019 0.01986 0.0100554 0.0174994 0.0134537 0.0111945 0.0105893 0.0101809 0.0351497 0.0307016 0.0114221 0.00885419 0.00799209 0.00806195 0.00796735 0.008728 0.00854811 0.0153908 0.00846835 0.00939709 0.00859341 0.00819819 0.0117121 0.0093445 0.0129026 0.0095927 0.00897415 0.00820445 0.00796528 0.00841932 0.00844893 0.00824767 0.00927746 0.00852131 0.00835204 0.00820005 0.00810906 0.00821588 
0.00378634 0.00379185 0.00377338 0 0.00378489 0.00375571 0.00381733 0.00382545 0.00950973 0.0554133 0.0103874 0.0604551 0.0168325 0.0307217 0.0314502 0.0879373 0.0230114 0.0129265 0.010673 0.0235545 0.0136779 0.00934252 0.0188913 0.0239671 0.0454928 0.0166996 0.00952773 0.00805908 0.00818401 0.0082146 0.00841305 0.0126312 0.00974838 0.0106827 0.0083397 0.00815717 0.00985743 0.0101907 0.0159261 0.0118321 0.0143251 0.00929968 0.00835415 0.00857751 0.00853006 0.00837286 0.00953799 0.00880453 0.00943826 0.00844431 0.00825301 0.00845112 0.00806063 
0.00398117 0.00383327 0.00379576 0.00378489 0 0.00376369 0.00382197 0.00379338 0.0251055 0.0116848 0.0432728 0.0234175 0.0269699 0.014725 0.0588339 0.0646749 0.034452 0.0116511 0.0126765 0.0167537 0.0124526 0.011144 0.0116501 0.0329604 0.0445495 0.0172949 0.00912605 0.00804761 0.0081848 0.00813447 0.00878702 0.00925924 0.0168729 0.00890993 0.00872747 0.00828424 0.00859514 0.0127585 0.0108453 0.0141162 0.0113167 0.0089267 0.00839979 0.00813945 0.00848877 0.00855771 0.00858283 0.00923012 0.00892476 0.00858242 0.00818196 0.00831804 0.00816354 
0.00402652 0.00395807 0.00376498 0.00375571 0.00376369 0 0.00376888 0.0038013 0.00916312 0.0461908 0.0312095 0.0312727 0.0119578 0.0243367 0.0286858 0.126958 0.0247805 0.0123085 0.0100787 0.023401 0.0159768 0.00938245 0.0151832 0.0246464 0.060295 0.014806 0.00894202 0.00799749 0.00819213 0.00822475 0.00840908 0.010858 0.00977499 0.01039 0.00833825 0.00818801 0.00979291 0.00954846 0.0157535 0.0112483 0.0135036 0.00912359 0.0083392 0.00820772 0.00834417 0.00846464 0.0089434 0.00884158 0.00934397 0.00850398 0.00817438 0.00820774 0.00810497 
0.00906685 0.00385729 0.00386782 0.00381733 0.00382197 0.00376888 0 0.00381701 0.0391339 0.0148007 0.0225214 0.0269813 0.0277296 0.013325 0.0456197 0.0340303 0.0479975 0.0129968 0.0162818 0.0138079 0.0138784 0.0110476 0.0105916 0.0315493 0.0184235 0.0131267 0.00902256 0.0081739 0.00835352 0.00791244 0.00969498 0.00934126 0.012151 0.00845933 0.00848816 0.00859923 0.00842649 0.00967048 0.00924941 0.0103957 0.00959421 0.00878008 0.00811787 0.00807831 0.00870349 0.00832541 0.00829434 0.00880959 0.0085809 0.00823246 0.00809352 0.00813521 0.00809564 
0.00617855 0.00511416 0.00387008 0.00382545 0.00379338 0.0038013 0.00381701 0 0.0179446 0.0131006 0.00839025 0.017726 0.0219713 0.0388826 0.0112083 0.0111522 0.0116425 0.0217015 0.0134001 0.0103956 0.0094881 0.00957706 0.0202589 0.00980208 0.00962886 0.00923538 0.00881812 0.00833095 0.00800111 0.00838104 0.00972985 0.00941136 0.00814319 0.00870333 0.00806755 0.00838636 0.00874696 0.00809433 0.00869063 0.00824149 0.00838496 0.0082651 0.00832766 0.00931991 0.00804685 0.00790012 0.00835514 0.00802279 0.00821231 0.00805425 0.00814997 0.00856293 0.00805131 
0.060475 0.00843549 0.0135247 0.00950973 0.0251055 0.00916312 0.0391339 0.0179446 0 0.00422154 0.00394393 0.00387626 0.00751137 0.00925063 0.0112092 0.00941044 0.0157415 0.0390285 0.0311693 0.00883019 0.00962072 0.0190237 0.0106842 0.00989774 0.00891613 0.00950199 0.0125198 0.00801823 0.00818895 0.00831409 0.00953183 0.00797268 0.00874685 0.00804928 0.012215 0.00861064 0.00785014 0.00852523 0.00789398 0.00808765 0.00795049 0.00808298 0.00828457 0.00786376 0.00784576 0.00797754 0.0078156 0.0082936 0.0078654 0.00808887 0.00814882 0.00798423 0.00929401 
0.00841864 0.0449408 0.00867069 0.0554133 0.0116848 0.0461908 0.0148007 0.0131006 0.00422154 0 0.003768 0.00468774 0.00378687 0.0156299 0.0110748 0.0151156 0.0307748 0.0205549 0.00889943 0.0174726 0.0122408 0.00876019 0.0129988 0.0118376 0.010974 0.0108286 0.00856259 0.00788884 0.00811132 0.00809358 0.0082102 0.00956966 0.00814667 0.0106016 0.00797181 0.0079254 0.00906019 0.00797034 0.00973303 0.00827386 0.00851574 0.008237 0.00800508 0.00886176 0.00808083 0.00802749 0.00860902 0.00819335 0.00854784 0.00810745 0.00809278 0.00830003 0.00798605 
0.02229 0.00828045 0.123076 0.0103874 0.0432728 0.0312095 0.0225214 0.00839025 0.00394393 0.003768 0 0.0037577 0.00388881 0.00851894 0.0161565 0.0251422 0.0191416 0.00857015 0.02866 0.0100859 0.00995538 0.0095849 0.00908203 0.0162735 0.0212619 0.00954176 0.00866538 0.00796682 0.00800003 0.00794215 0.00896122 0.00825263 0.0131015 0.00810789 0.00897896 0.00864895 0.00798939 0.0107201 0.00838446 0.0101002 0.00853498 0.00823054 0.00797031 0.00791424 0.0080846 0.00826993 0.00801499 0.00906755 0.00822905 0.00822439 0.0080068 0.00794 0.00821757 
0.00942372 0.161885 0.00990927 0.0604551 0.0234175 0.0312727 0.0269813 0.017726 0.00387626 0.00468774 0.0037577 0 0.00380122 0.0282574 0.020512 0.0592538 0.0189099 0.0130723 0.00985712 0.0517569 0.013693 0.00881132 0.0141704 0.0181153 0.014523 0.0133676 0.00890609 0.00809469 0.00820852 0.00840896 0.0087776 0.0124308 0.0082924 0.0104274 0.00806823 0.00811399 0.0109856 0.00815288 0.0104829 0.00896049 0.00931587 0.00847368 0.00808083 0.00928924 0.00807202 0.00814433 0.00887111 0.00828224 0.0086513 0.00811424 0.00820424 0.00836435 0.00803817 
0.112167 0.00962223 0.0388494 0.0168325 0.0269699 0.0119578 0.0277296 0.0219713 0.00751137 0.00378687 0.00388881 0.00380122 0 0.0265029 0.0313279 0.0191951 0.0165603 0.0145132 0.0511497 0.0101005 0.0110687 0.0254737 0.0154786 0.0153614 0.0114902 0.0105516 0.0103862 0.00964506 0.00834643 0.00843936 0.0203752 0.00889912 0.0107029 0.00821103 0.0115196 0.0147219 0.00821714 0.0103456 0.00838579 0.00937872 0.00885295 0.00829687 0.00843174 0.00937824 0.00816477 0.00826143 0.00808944 0.00936125 0.00826046 0.00862314 0.00817236 0.00862641 0.00917707 
0.0173612 0.0530909 0.0115913 0.0307217 0.014725 0.0243367 0.013325 0.0388826 0.00925063 0.0156299 0.00851894 0.0282574 0.0265029 0 0.00395234 0.00385246 0.00388854 0.0051587 0.0715952 0.05252 0.0233505 0.0333708 0.186801 0.0223093 0.0177436 0.0137008 0.0191872 0.010083 0.00893586 0.012907 0.0158795 0.0159844 0.00862256 0.0110859 0.0108728 0.00896992 0.0121998 0.00837952 0.0131207 0.00913203 0.0104556 0.00905214 0.0108109 0.0113494 0.0081752 0.00812192 0.0100195 0.0083654 0.00953862 0.00836337 0.0100844 0.0104955 0.00871842 
0.0187898 0.0313238 0.053778 0.0314502 0.0588339 0.0286858 0.0456197 0.0112083 0.0112092 0.0110748 0.0161565 0.020512 0.0313279 0.00395234 0 0.00380112 0.00381011 0.00383574 0.25347 0.0599531 0.0573888 0.0129445 0.0311012 0.300706 0.0301389 0.027711 0.0102653 0.0090842 0.0112076 0.00891959 0.0120669 0.0191264 0.0182572 0.0122966 0.00979149 0.00920721 0.00954531 0.0148104 0.014982 0.0235656 0.0133555 0.0131208 0.00877328 0.0083806 0.00872641 0.00871851 0.00903557 0.0101464 0.00919539 0.00941655 0.00859996 0.00856793 0.00876641 
0.0120155 0.0250044 0.0623019 0.0879373 0.0646749 0.126958 0.0340303 0.0111522 0.00941044 0.0151156 0.0251422 0.0592538 0.0191951 0.00385246 0.00380112 0 0.00390656 0.0038064 0.0144583 0.447139 0.0320004 0.0188251 0.0209182 0.0429035 0.304607 0.0237462 0.0119616 0.00866746 0.00895788 0.00867817 0.00922635 0.0167336 0.0428402 0.0142171 0.00907358 0.00869736 0.0108881 0.0193229 0.0303233 0.0394975 0.0473313 0.0133275 0.00877716 0.00831304 0.00951601 0.00957384 0.00990068 0.0109571 0.011816 0.0096109 0.00844564 0.00835316 0.0082919 
0.0132459 0.0153398 0.01986 0.0230114 0.034452 0.0247805 0.0479975 0.0116425 0.0157415 0.0307748 0.0191416 0.0189099 0.0165603 0.00388854 0.00381011 0.00390656 0 0.00378064 0.0660285 0.0209991 0.309248 0.0196893 0.0134947 0.0462644 0.0263692 0.128075 0.0100328 0.00891569 0.00918582 0.00865076 0.0105083 0.0118919 0.0116129 0.0114109 0.00889545 0.00878949 0.00943645 0.00965432 0.0123689 0.0139795 0.0155353 0.0116652 0.00859743 0.00857407 0.00850572 0.00844652 0.00855146 0.0093739 0.00912468 0.00852414 0.00832262 0.00829623 0.00831292 
0.0136858 0.0127319 0.0100554 0.0129265 0.0116511 0.0123085 0.0129968 0.0217015 0.0390285 0.0205549 0.00857015 0.0130723 0.0145132 0.0051587 0.00383574 0.0038064 0.00378064 0 0.021429 0.0175756 0.0219671 0.216486 0.0271537 0.0122138 0.0141337 0.0112482 0.0279794 0.00939993 0.00824492 0.00982447 0.013597 0.0106762 0.00856216 0.00952028 0.00905802 0.00933415 0.00931811 0.00841517 0.00976951 0.00880483 0.00921926 0.00870251 0.00921739 0.0104594 0.00808018 0.00802621 0.008528 0.00817568 0.00854987 0.0082789 0.00847719 0.00865154 0.00810216 
0.0248432 0.00879161 0.0174994 0.010673 0.0126765 0.0100787 0.0162818 0.0134001 0.0311693 0.00889943 0.02866 0.00985712 0.0511497 0.0715952 0.25347 0.0144583 0.0660285 0.021429 0 0.00395023 0.00383517 0.00543815 0.0398781 0.0268991 0.0110732 0.0154373 0.0209672 0.00952429 0.00942168 0.0111896 0.0168562 0.00854013 0.0115448 0.00906161 0.0191697 0.0107718 0.00819707 0.0109566 0.00872467 0.0106875 0.0087125 0.00951253 0.0123568 0.00793792 0.00816558 0.00888578 0.00810043 0.00958988 0.00823826 0.00992453 0.009497 0.00825641 0.0108 
0.00909285 0.0264137 0.0134537 0.0235545 0.0167537 0.023401 0.0138079 0.0103956 0.00883019 0.0174726 0.0100859 0.0517569 0.0101005 0.05252 0.0599531 0.447139 0.0209991 0.0175756 0.00395023 0 0.00378474 0.00377793 0.0605086 0.0589571 0.041545 0.0418381 0.0108479 0.00889252 0.0103526 0.00882673 0.00951328 0.0183185 0.00943806 0.0122167 0.00868813 0.00827062 0.0113667 0.00919702 0.0138794 0.010707 0.0123281 0.00950881 0.00846476 0.00847552 0.00828082 0.00828768 0.00891179 0.00857541 0.00925158 0.00855203 0.00822729 0.00826624 0.00815966 
0.00994608 0.0172505 0.0111945 0.0136779 0.0124526 0.0159768 0.0138784 0.0094881 0.00962072 0.0122408 0.00995538 0.013693 0.0110687 0.0233505 0.0573888 0.0320004 0.309248 0.0219671 0.00383517 0.00378474 0 0.0039442 0.0235005 0.0299362 0.0461404 0.0417604 0.0104778 0.00882892 0.00902111 0.00869224 0.00955256 0.012398 0.00961836 0.0103465 0.00872716 0.00930164 0.00956991 0.00877503 0.0101476 0.00991879 0.0105919 0.00947308 0.00835143 0.00870995 0.00829714 0.00823756 0.00846883 0.00839846 0.0088396 0.00821054 0.00820184 0.00815605 0.00803108 
0.0161635 0.00897171 0.0105893 0.00934252 0.011144 0.00938245 0.0110476 0.00957706 0.0190237 0.00876019 0.0095849 0.00881132 0.0254737 0.0333708 0.0129445 0.0188251 0.0196893 0.216486 0.00543815 0.00377793 0.0039442 0 0.016082 0.0164461 0.0198451 0.022267 0.0303072 0.0106325 0.00852487 0.00926148 0.0152551 0.00947121 0.0093421 0.00873046 0.0107792 0.0113592 0.00856662 0.00866637 0.00860868 0.0090577 0.00897872 0.00864396 0.00890227 0.00998656 0.00825438 0.00811616 0.00817803 0.00862873 0.00821243 0.00833711 0.00811964 0.00871659 0.00840734 
0.00941498 0.0155698 0.0101809 0.0188913 0.0116501 0.0151832 0.0105916 0.0202589 0.0106842 0.0129988 0.00908203 0.0141704 0.0154786 0.186801 0.0311012 0.0209182 0.0134947 0.0271537 0.0398781 0.0605086 0.0235005 0.016082 0 0.0039101 0.00382409 0.00380009 0.00412418 0.0490876 0.0100931 0.0206913 0.0363358 0.0261455 0.0103582 0.0136901 0.0149808 0.010503 0.0171613 0.00976898 0.0209682 0.0107439 0.0162067 0.0105685 0.0167854 0.0105373 0.00849021 0.0085259 0.0104634 0.00896049 0.0112264 0.00901435 0.0124443 0.0100662 0.00911154 
0.00999916 0.0134512 0.0351497 0.0239671 0.0329604 0.0246464 0.0315493 0.00980208 0.00989774 0.0118376 0.0162735 0.0181153 0.0153614 0.0223093 0.300706 0.0429035 0.0462644 0.0122138 0.0268991 0.0589571 0.0299362 0.0164461 0.0039101 0 0.00377579 0.00377232 0.00381393 0.0184631 0.0538488 0.0102354 0.017445 0.0437329 0.0281804 0.0187991 0.0120655 0.0110816 0.0126606 0.0255911 0.0206987 0.0515947 0.0212384 0.0259749 0.0100924 0.0088463 0.00987449 0.0101066 0.0110146 0.016589 0.0124013 0.0138149 0.00920487 0.00899834 0.00913586 
0.00929788 0.0131019 0.0307016 0.0454928 0.0445495 0.060295 0.0184235 0.00962886 0.00891613 0.010974 0.0212619 0.014523 0.0114902 0.0177436 0.0301389 0.304607 0.0263692 0.0141337 0.0110732 0.041545 0.0461404 0.0198451 0.00382409 0.00377579 0 0.00377184 0.00376121 0.0576588 0.0145598 0.0130015 0.010714 0.0207314 0.052466 0.017883 0.0111479 0.00948279 0.0146566 0.0235674 0.0425177 0.0425425 0.0805345 0.0149472 0.00958138 0.00908926 0.00984936 0.0117077 0.0147426 0.0161083 0.0226761 0.0107569 0.00910131 0.00842619 0.00837285 
0.00917677 0.0126585 0.0114221 0.0166996 0.0172949 0.014806 0.0131267 0.00923538 0.00950199 0.0108286 0.00954176 0.0133676 0.0105516 0.0137008 0.027711 0.0237462 0.128075 0.0112482 0.0154373 0.0418381 0.0417604 0.022267 0.00380009 0.00377232 0.00377184 0 0.00375409 0.0128288 0.176048 0.011372 0.0129982 0.021103 0.0117938 0.0211284 0.0101423 0.010039 0.0142234 0.0116562 0.0155284 0.0170534 0.01819 0.0173363 0.009296 0.0105138 0.00917327 0.00869953 0.00980053 0.0097752 0.0111529 0.00960581 0.00884419 0.00904326 0.00846628 
0.0107805 0.00877445 0.00885419 0.00952773 0.00912605 0.00894202 0.00902256 0.00881812 0.0125198 0.00856259 0.00866538 0.00890609 0.0103862 0.0191872 0.0102653 0.0119616 0.0100328 0.0279794 0.0209672 0.0108479 0.0104778 0.0303072 0.00412418 0.00381393 0.00376121 0.00375409 0 0.0149916 0.00796161 0.178714 0.0191339 0.010947 0.00917563 0.00939691 0.0165117 0.013529 0.00943477 0.00883287 0.00960338 0.00928227 0.00977295 0.00944307 0.0109797 0.0112754 0.00831412 0.00823135 0.00827215 0.00860654 0.00852359 0.00842797 0.00861316 0.0105552 0.00857064 
0.00805888 0.00787841 0.00799209 0.00805908 0.00804761 0.00799749 0.0081739 0.00833095 0.00801823 0.00788884 0.00796682 0.00809469 0.00964506 0.010083 0.0090842 0.00866746 0.00891569 0.00939993 0.00952429 0.00889252 0.00882892 0.0106325 0.0490876 0.0184631 0.0576588 0.0128288 0.0149916 0 0.00426292 0.00394855 0.0139825 0.00985136 0.0162875 0.00935193 0.0211945 0.00914362 0.00878712 0.00849074 0.0089114 0.00872002 0.0089438 0.00910831 0.0118047 0.00844412 0.00814256 0.00811216 0.00812987 0.00829253 0.00827548 0.00848736 0.00875783 0.00823392 0.00954291 
0.00831301 0.00813257 0.00806195 0.00818401 0.0081848 0.00819213 0.00835352 0.00800111 0.00818895 0.00811132 0.00800003 0.00820852 0.00834643 0.00893586 0.0112076 0.00895788 0.00918582 0.00824492 0.00942168 0.0103526 0.00902111 0.00852487 0.0100931 0.0538488 0.0145598 0.176048 0.00796161 0.00426292 0 0.00373955 0.0118387 0.0401348 0.0101134 0.0128988 0.00852532 0.00909702 0.00956611 0.00858921 0.00957809 0.00978009 0.00933509 0.0123439 0.00842941 0.00892668 0.00850659 0.0081506 0.00823253 0.00853992 0.0086406 0.00859586 0.0081768 0.00844426 0.008426 
0.00819441 0.00807337 0.00796735 0.0082146 0.00813447 0.00822475 0.00791244 0.00838104 0.00831409 0.00809358 0.00794215 0.00840896 0.00843936 0.012907 0.00891959 0.00867817 0.00865076 0.00982447 0.0111896 0.00882673 0.00869224 0.00926148 0.0206913 0.0102354 0.0130015 0.011372 0.178714 0.00394855 0.00373955 0 0.0276433 0.0119303 0.00859637 0.0107872 0.0142821 0.0100452 0.0110812 0.00817456 0.00925951 0.00876804 0.0102865 0.00939738 0.0117145 0.0156326 0.00819061 0.00804179 0.00929415 0.00822815 0.00870207 0.00816797 0.00937066 0.0103615 0.00854606 
0.00940572 0.00834111 0.008728 0.00841305 0.00878702 0.00840908 0.00969498 0.00972985 0.00953183 0.0082102 0.00896122 0.0087776 0.0203752 0.0158795 0.0120669 0.00922635 0.0105083 0.013597 0.0168562 0.00951328 0.00955256 0.0152551 0.0363358 0.017445 0.010714 0.0129982 0.0191339 0.0139825 0.0118387 0.0276433 0 0.00452765 0.00381525 0.00388415 0.00696865 0.0105998 0.0068787 0.00999237 0.0107207 0.0684159 0.0592299 0.0132738 0.0360301 0.0128238 0.0102593 0.0107503 0.0106757 0.0129471 0.00958921 0.0156518 0.0153062 0.0141519 0.019578 
0.00804813 0.0108717 0.00854811 0.0126312 0.00925924 0.010858 0.00934126 0.00941136 0.00797268 0.00956966 0.00825263 0.0124308 0.00889912 0.0159844 0.0191264 0.0167336 0.0118919 0.0106762 0.00854013 0.0183185 0.012398 0.00947121 0.0261455 0.0437329 0.0207314 0.021103 0.010947 0.00985136 0.0401348 0.0119303 0.00452765 0 0.00381576 0.00388921 0.00382816 0.00575322 0.0156065 0.00742117 0.0999102 0.0276782 0.0156595 0.0210912 0.0104143 0.0164998 0.0104065 0.00946659 0.0430598 0.00964262 0.0390191 0.00998331 0.0133927 0.0129305 0.0095376 
0.0091057 0.00820078 0.0153908 0.00974838 0.0168729 0.00977499 0.012151 0.00814319 0.00874685 0.00814667 0.0131015 0.0082924 0.0107029 0.00862256 0.0182572 0.0428402 0.0116129 0.00856216 0.0115448 0.00943806 0.00961836 0.0093421 0.0103582 0.0281804 0.052466 0.0117938 0.00917563 0.0162875 0.0101134 0.00859637 0.00381525 0.00381576 0 0.00375281 0.00405425 0.00695383 0.00636808 0.145471 0.0416294 0.0296101 0.0112161 0.0130679 0.00796992 0.0089866 0.01151 0.0299329 0.00939276 0.096037 0.00986307 0.0233382 0.008883 0.00850687 0.0106128 
0.00815382 0.0103711 0.00846835 0.0106827 0.00890993 0.01039 0.00845933 0.00870333 0.00804928 0.0106016 0.00810789 0.0104274 0.00821103 0.0110859 0.0122966 0.0142171 0.0114109 0.00952028 0.00906161 0.0122167 0.0103465 0.00873046 0.0136901 0.0187991 0.017883 0.0211284 0.00939691 0.00935193 0.0128988 0.0107872 0.00388415 0.00388921 0.00375281 0 0.00376922 0.00503551 0.09636 0.0184755 0.0288607 0.00884202 0.012115 0.0117564 0.00848535 0.0163227 0.011018 0.00906294 0.0227148 0.00908126 0.0312028 0.00944739 0.0122363 0.0132599 0.00878911 
0.0105358 0.00803522 0.00939709 0.0083397 0.00872747 0.00833825 0.00848816 0.00806755 0.012215 0.00797181 0.00897896 0.00806823 0.0115196 0.0108728 0.00979149 0.00907358 0.00889545 0.00905802 0.0191697 0.00868813 0.00872716 0.0107792 0.0149808 0.0120655 0.0111479 0.0101423 0.0165117 0.0211945 0.00852532 0.0142821 0.00696865 0.00382816 0.00405425 0.00376922 0 0.069803 0.0107819 0.0201853 0.00715511 0.00781862 0.00705486 0.00808651 0.012946 0.0154913 0.0093214 0.0100968 0.00874794 0.0152727 0.00900698 0.0124709 0.0111115 0.0120563 0.0124818 
0.0083686 0.00795003 0.00859341 0.00815717 0.00828424 0.00818801 0.00859923 0.00838636 0.00861064 0.0079254 0.00864895 0.00811399 0.0147219 0.00896992 0.00920721 0.00869736 0.00878949 0.00933415 0.0107718 0.00827062 0.00930164 0.0113592 0.010503 0.0110816 0.00948279 0.010039 0.013529 0.00914362 0.00909702 0.0100452 0.0105998 0.00575322 0.00695383 0.00503551 0.069803 0 0.00447003 0.00389333 0.00382399 0.00395774 0.00395829 0.00428713 0.00563687 0.0109249 0.0103377 0.00987329 0.00889919 0.0130822 0.00885203 0.0267248 0.0189294 0.0115336 0.0163871 
0.00784902 0.00935851 0.00819819 0.00985743 0.00859514 0.00979291 0.00842649 0.00874696 0.00785014 0.00906019 0.00798939 0.0109856 0.00821714 0.0121998 0.00954531 0.0108881 0.00943645 0.00931811 0.00819707 0.0113667 0.00956991 0.00856662 0.0171613 0.0126606 0.0146566 0.0142234 0.00943477 0.00878712 0.00956611 0.0110812 0.0068787 0.0156065 0.00636808 0.09636 0.0107819 0.00447003 0 0.00375329 0.00375979 0.00378913 0.00382855 0.00441539 0.00441608 0.0274676 0.0100766 0.00897412 0.0333296 0.00867631 0.059011 0.00926579 0.0154241 0.014516 0.00905888 
0.00845249 0.00812673 0.0117121 0.0101907 0.0127585 0.00954846 0.00967048 0.00809433 0.00852523 0.00797034 0.0107201 0.00815288 0.0103456 0.00837952 0.0148104 0.0193229 0.00965432 0.00841517 0.0109566 0.00919702 0.00877503 0.00866637 0.00976898 0.0255911 0.0235674 0.0116562 0.00883287 0.00849074 0.00858921 0.00817456 0.00999237 0.00742117 0.145471 0.0184755 0.0201853 0.00389333 0.00375329 0 0.00374734 0.00376841 0.0037879 0.00373542 0.00381563 0.00886408 0.0226247 0.0311674 0.00872647 0.0939241 0.00963847 0.0337666 0.00891954 0.00864618 0.0104166 
0.00802641 0.0102397 0.0093445 0.0159261 0.0108453 0.0157535 0.00924941 0.00869063 0.00789398 0.00973303 0.00838446 0.0104829 0.00838579 0.0131207 0.014982 0.0303233 0.0123689 0.00976951 0.00872467 0.0138794 0.0101476 0.00860868 0.0209682 0.0206987 0.0425177 0.0155284 0.00960338 0.0089114 0.00957809 0.00925951 0.0107207 0.0999102 0.0416294 0.0288607 0.00715511 0.00382399 0.00375979 0.00374734 0 0.00377195 0.00376788 0.00377409 0.00379979 0.0256606 0.0142928 0.0137875 0.0927848 0.0100346 0.103626 0.00932521 0.0145945 0.0120581 0.00870455 
0.00828128 0.00854561 0.0129026 0.0118321 0.0141162 0.0112483 0.0103957 0.00824149 0.00808765 0.00827386 0.0101002 0.00896049 0.00937872 0.00913203 0.0235656 0.0394975 0.0139795 0.00880483 0.0106875 0.010707 0.00991879 0.0090577 0.0107439 0.0515947 0.0425425 0.0170534 0.00928227 0.00872002 0.00978009 0.00876804 0.0684159 0.0276782 0.0296101 0.00884202 0.00781862 0.00395774 0.00378913 0.00376841 0.00377195 0 0.00375107 0.00378112 0.00392803 0.0114445 0.0187342 0.0545619 0.0152067 0.104707 0.013491 0.0340039 0.00979049 0.00907454 0.00995738 
0.00816923 0.00918173 0.0095927 0.0143251 0.0113167 0.0135036 0.00959421 0.00838496 0.00795049 0.00851574 0.00853498 0.00931587 0.00885295 0.0104556 0.0133555 0.0473313 0.0155353 0.00921926 0.0087125 0.0123281 0.0105919 0.00897872 0.0162067 0.0212384 0.0805345 0.01819 0.00977295 0.0089438 0.00933509 0.0102865 0.0592299 0.0156595 0.0112161 0.012115 0.00705486 0.00395829 0.00382855 0.0037879 0.00376788 0.00375107 0 0.00375275 0.00375738 0.0153139 0.0209615 0.0226125 0.054485 0.0211615 0.106881 0.0120262 0.0134057 0.0098619 0.00936941 
0.00836284 0.00838792 0.00897415 0.00929968 0.0089267 0.00912359 0.00878008 0.0082651 0.00808298 0.008237 0.00823054 0.00847368 0.00829687 0.00905214 0.0131208 0.0133275 0.0116652 0.00870251 0.00951253 0.00950881 0.00947308 0.00864396 0.0105685 0.0259749 0.0149472 0.0173363 0.00944307 0.00910831 0.0123439 0.00939738 0.0132738 0.0210912 0.0130679 0.0117564 0.00808651 0.00428713 0.00441539 0.00373542 0.00377409 0.00378112 0.00375275 0 0.0115832 0.016595 0.0183959 0.0179599 0.0132299 0.0274821 0.0162572 0.0573133 0.011356 0.0129609 0.010701 
0.00861112 0.00804799 0.00820445 0.00835415 0.00839979 0.0083392 0.00811787 0.00832766 0.00828457 0.00800508 0.00797031 0.00808083 0.00843174 0.0108109 0.00877328 0.00877716 0.00859743 0.00921739 0.0123568 0.00846476 0.00835143 0.00890227 0.0167854 0.0100924 0.00958138 0.009296 0.0109797 0.0118047 0.00842941 0.0117145 0.0360301 0.0104143 0.00796992 0.00848535 0.012946 0.00563687 0.00441608 0.00381563 0.00379979 0.00392803 0.00375738 0.0115832 0 0.0227504 0.00921663 0.0106558 0.0103289 0.0114779 0.0214686 0.018647 0.0593987 0.0136461 0.0102388 
0.00784046 0.0089599 0.00796528 0.00857751 0.00813945 0.00820772 0.00807831 0.00931991 0.00786376 0.00886176 0.00791424 0.00928924 0.00937824 0.0113494 0.0083806 0.00831304 0.00857407 0.0104594 0.00793792 0.00847552 0.00870995 0.00998656 0.0105373 0.0088463 0.00908926 0.0105138 0.0112754 0.00844412 0.00892668 0.0156326 0.0128238 0.0164998 0.0089866 0.0163227 0.0154913 0.0109249 0.0274676 0.00886408 0.0256606 0.0114445 0.0153139 0.016595 0.0227504 0 0.00378371 0.00380776 0.00430269 0.00383572 0.00424467 0.00397713 0.00787179 0.0128245 0.0113162 
0.00792458 0.00816509 0.00841932 0.00853006 0.00848877 0.00834417 0.00870349 0.00804685 0.00784576 0.00808083 0.0080846 0.00807202 0.00816477 0.0081752 0.00872641 0.00951601 0.00850572 0.00808018 0.00816558 0.00828082 0.00829714 0.00825438 0.00849021 0.00987449 0.00984936 0.00917327 0.00831412 0.00814256 0.00850659 0.00819061 0.0102593 0.0104065 0.01151 0.011018 0.0093214 0.0103377 0.0100766 0.0226247 0.0142928 0.0187342 0.0209615 0.0183959 0.00921663 0.00378371 0 0.00375392 0.00376687 0.00377952 0.0038398 0.00420682 0.00384354 0.00770177 0.00788908 
0.00800003 0.00815947 0.00844893 0.00837286 0.00855771 0.00846464 0.00832541 0.00790012 0.00797754 0.00802749 0.00826993 0.00814433 0.00826143 0.00812192 0.00871851 0.00957384 0.00844652 0.00802621 0.00888578 0.00828768 0.00823756 0.00811616 0.0085259 0.0101066 0.0117077 0.00869953 0.00823135 0.00811216 0.0081506 0.00804179 0.0107503 0.00946659 0.0299329 0.00906294 0.0100968 0.00987329 0.00897412 0.0311674 0.0137875 0.0545619 0.0226125 0.0179599 0.0106558 0.00380776 0.00375392 0 0.00367183 0.00378537 0.00378795 0.00386919 0.00380368 0.00615213 0.00800212 
0.0079277 0.00887357 0.00824767 0.00953799 0.00858283 0.0089434 0.00829434 0.00835514 0.0078156 0.00860902 0.00801499 0.00887111 0.00808944 0.0100195 0.00903557 0.00990068 0.00855146 0.008528 0.00810043 0.00891179 0.00846883 0.00817803 0.0104634 0.0110146 0.0147426 0.00980053 0.00827215 0.00812987 0.00823253 0.00929415 0.0106757 0.0430598 0.00939276 0.0227148 0.00874794 0.00889919 0.0333296 0.00872647 0.0927848 0.0152067 0.054485 0.0132299 0.0103289 0.00430269 0.00376687 0.00367183 0 0.00408712 0.00378436 0.00383844 0.00393812 0.00965345 0.00654161 
0.00832458 0.00837303 0.00927746 0.00880453 0.00923012 0.00884158 0.00880959 0.00802279 0.0082936 0.00819335 0.00906755 0.00828224 0.00936125 0.0083654 0.0101464 0.0109571 0.0093739 0.00817568 0.00958988 0.00857541 0.00839846 0.00862873 0.00896049 0.016589 0.0161083 0.0097752 0.00860654 0.00829253 0.00853992 0.00822815 0.0129471 0.00964262 0.096037 0.00908126 0.0152727 0.0130822 0.00867631 0.0939241 0.0100346 0.104707 0.0211615 0.0274821 0.0114779 0.00383572 0.00377952 0.00378537 0.00408712 0 0.00375173 0.00380677 0.00380201 0.00559282 0.0262784 
0.00798688 0.00879826 0.00852131 0.00943826 0.00892476 0.00934397 0.0085809 0.00821231 0.0078654 0.00854784 0.00822905 0.0086513 0.00826046 0.00953862 0.00919539 0.011816 0.00912468 0.00854987 0.00823826 0.00925158 0.0088396 0.00821243 0.0112264 0.0124013 0.0226761 0.0111529 0.00852359 0.00827548 0.0086406 0.00870207 0.00958921 0.0390191 0.00986307 0.0312028 0.00900698 0.00885203 0.059011 0.00963847 0.103626 0.013491 0.106881 0.0162572 0.0214686 0.00424467 0.0038398 0.00378795 0.00378436 0.00375173 0 0.00374478 0.00377469 0.00919924 0.00935894 
0.0082051 0.00822695 0.00835204 0.00844431 0.00858242 0.00850398 0.00823246 0.00805425 0.00808887 0.00810745 0.00822439 0.00811424 0.00862314 0.00836337 0.00941655 0.0096109 0.00852414 0.0082789 0.00992453 0.00855203 0.00821054 0.00833711 0.00901435 0.0138149 0.0107569 0.00960581 0.00842797 0.00848736 0.00859586 0.00816797 0.0156518 0.00998331 0.0233382 0.00944739 0.0124709 0.0267248 0.00926579 0.0337666 0.00932521 0.0340039 0.0120262 0.0573133 0.018647 0.00397713 0.00420682 0.00386919 0.00383844 0.00380677 0.00374478 0 0.00379297 0.00944447 0.042948 
0.00822479 0.00816739 0.00820005 0.00825301 0.00818196 0.00817438 0.00809352 0.00814997 0.00814882 0.00809278 0.0080068 0.00820424 0.00817236 0.0100844 0.00859996 0.00844564 0.00832262 0.00847719 0.009497 0.00822729 0.00820184 0.00811964 0.0124443 0.00920487 0.00910131 0.00884419 0.00861316 0.00875783 0.0081768 0.00937066 0.0153062 0.0133927 0.008883 0.0122363 0.0111115 0.0189294 0.0154241 0.00891954 0.0145945 0.00979049 0.0134057 0.011356 0.0593987 0.00787179 0.00384354 0.00380368 0.00393812 0.00380201 0.00377469 0.00379297 0 0.0457344 0.0104799 
0.00804074 0.00869647 0.00810906 0.00845112 0.00831804 0.00820774 0.00813521 0.00856293 0.00798423 0.00830003 0.00794 0.00836435 0.00862641 0.0104955 0.00856793 0.00835316 0.00829623 0.00865154 0.00825641 0.00826624 0.00815605 0.00871659 0.0100662 0.00899834 0.00842619 0.00904326 0.0105552 0.00823392 0.00844426 0.0103615 0.0141519 0.0129305 0.00850687 0.0132599 0.0120563 0.0115336 0.014516 0.00864618 0.0120581 0.00907454 0.0098619 0.0129609 0.0136461 0.0128245 0.00770177 0.00615213 0.00965345 0.00559282 0.00919924 0.00944447 0.0457344 0 0.00530718 
0.0091764 0.00798788 0.00821588 0.00806063 0.00816354 0.00810497 0.00809564 0.00805131 0.00929401 0.00798605 0.00821757 0.00803817 0.00917707 0.00871842 0.00876641 0.0082919 0.00831292 0.00810216 0.0108 0.00815966 0.00803108 0.00840734 0.00911154 0.00913586 0.00837285 0.00846628 0.00857064 0.00954291 0.008426 0.00854606 0.019578 0.0095376 0.0106128 0.00878911 0.0124818 0.0163871 0.00905888 0.0104166 0.00870455 0.00995738 0.00936941 0.010701 0.0102388 0.0113162 0.00788908 0.00800212 0.00654161 0.0262784 0.00935894 0.042948 0.0104799 0.00530718 0 
