1CYWA
KPITIEVVSMDWKWFFIYPEQGIATVNEIAFPANTPVYFKVTSNSVMNSFFIPRLGSQIYAMAGMQTRLHLIANEPGTYDGISASYSGPGFSGMKFKAIATPDRAAFDQWVAKAKQSPNTMSDMAAFEKLAAPSEYNQVEYFSNVKPDLFADVINKFMA
CCEEEEEEEECCEEEEEECCCCEEEECEEEEECCCEEEEEEEECCCCEEEEEHHHCEEEEEECCECEEEEEECCCCEEEEEECCCCCCCCCCCCCEEEEEECCHHHHHHHHHHHHCCCCCECCHHHHHHHHCCCCCCCCEEECCECCCHHHHHHHHHCC
0 0 0 0 0 0 0 0 0 0 0 0 0 0 0 0 0 0 0 0 0 0 0 0 0 0 0 0 0 0 0 0 0 0 0 0 0 0 0 0 0 0 0 0 0 0 0 0 0 0 0 0 0 0 0 0 0 0 0 0 0 0 0 0 0 0 0 0 0 0 0 0 0 0 0 0 0 0 0 0 0 0 0 0 0 0 0 0 0 0 0 0 0 0 0 0 0 0 0 0 0 0 0 0 0 0 0 0 0 0 0 0 0 0 0 0 0 0 0 0 0 0 0 0 0 0 0 0 0 0 0 0 0 0 0 0 0 0 0 0 0 0 0 0 0 0 0 0 0 0 0 0 0 0 0 0 0 0 0 
0 0 0 0 0 0 0 0 0 0 0 0 0 0 0 0 0 0 0 0 0 0 0 0 0 0 0 0 0 0 0 0 0 0 0 0 0 0 0 0 0 0 0 0 0 0 0 0 0 0 0 0 0 0 0 0 0 0 0 0 0 0 0 0 0 0 0 0 0 0 0 0 0 0 0 0 0 0 0 0 0 0 0 0 0 0 0 0 0 0 0 0 0 0 0 0 0 0 0 0 0 0 0 0 0 0 0 0 0 0 0 0 0 0 0 0 0 0 0 0 0 0 0 0 0 0 0 0 0 0 0 0 0 0 0 0 0 0 0 0 0 0 0 0 0 0 0 0 0 0 0 0 0 0 0 0 0 0 0 
0 0.003959 0.00407853 0.00387292 0.00393934 0.00390957 0.00420423 0.00826298 0.00792996 0.0115994 0.00770735 0.0111048 0.0120412 0.0446981 0.0415032 0.0327864 0.0171637 0.0361591 0.0186354 0.04085 0.0143126 0.0140046 0.0367626 0.0129004 0.0752504 0.00955398 0.0452099 0.010586 0.0303625 0.0118955 0.0562184 0.0184854 0.0104461 0.0163881 0.0115655 0.0327037 0.0378115 0.00904343 0.0223418 0.00915647 0.0196835 0.0127066 0.0112694 0.019433 0.00912553 0.0170997 0.009063 0.019304 0.0125365 0.0127997 0.00824504 0.0103679 0.00849898 0.0110964 0.0111677 0.0285118 0.00888242 0.0136099 0.00961692 0.011561 0.012959 0.0170402 0.00934752 0.0115446 0.0115309 0.0140549 
0.003959 0 0.00387488 0.00383351 0.00386755 0.00382042 0.011531 0.00383366 0.00914126 0.00678578 0.0128173 0.0108104 0.0357706 0.0345491 0.0340242 0.0421744 0.0683072 0.0148618 0.0268508 0.0267547 0.0601684 0.0275339 0.0148431 0.0373925 0.0111307 0.231191 0.01033 0.150816 0.0117989 0.121778 0.0129067 0.0140238 0.0495243 0.0109361 0.0742687 0.00934997 0.00938897 0.0815537 0.00942535 0.0614798 0.0107825 0.0120065 0.00950825 0.00913651 0.0481184 0.00893599 0.0553058 0.010524 0.0205499 0.00919039 0.0211124 0.00882843 0.0239222 0.00977242 0.0118577 0.00957165 0.0588312 0.0134357 0.0313173 0.0146758 0.00992214 0.00884049 0.00961465 0.00927205 0.0102093 0.00877477 
0.00407853 0.00387488 0 0.00379684 0.00382282 0.00384523 0.00383895 0.00447419 0.00451429 0.00689377 0.00839364 0.0183241 0.0160751 0.411752 0.0144339 0.0179471 0.0267316 0.0172254 0.0107036 0.0432189 0.0267968 0.0216208 0.0109383 0.00884756 0.0578218 0.00967692 0.265965 0.0101776 0.21875 0.0109014 0.01708 0.0114729 0.0107074 0.110274 0.00973151 0.0116848 0.0170052 0.00888053 0.110507 0.00987149 0.0290546 0.0086144 0.00841768 0.0117146 0.00903917 0.0540564 0.00943144 0.043977 0.00896704 0.0098801 0.00849842 0.0246518 0.00928616 0.0194481 0.00904274 0.0196566 0.00925489 0.0561813 0.0188216 0.0136838 0.00927542 0.00923099 0.00845347 0.00889139 0.00859623 0.00908962 
0.00387292 0.00383351 0.00379684 0 0.00417678 0.00378674 0.00389123 0.00379052 0.00497654 0.00504339 0.0192828 0.0112763 0.762765 0.0095621 0.0109373 0.0145725 0.0182028 0.0108834 0.0161187 0.0163112 0.0680295 0.0157144 0.0133885 0.014531 0.00953724 0.0798815 0.0117276 0.293126 0.0136975 0.0406358 0.0108451 0.0107794 0.038045 0.0128839 0.0208138 0.00924272 0.00934299 0.0311738 0.0107367 0.062083 0.0103263 0.00924963 0.00856592 0.00900876 0.0180263 0.00981909 0.0421339 0.0102474 0.0126744 0.00854694 0.0126581 0.00949235 0.0243103 0.00931269 0.0112243 0.00890757 0.032315 0.0183298 0.0367324 0.0157313 0.00882021 0.00818395 0.00918247 0.00849209 0.00868641 0.00813927 
0.00393934 0.00386755 0.00382282 0.00417678 0 0.00395306 0.00380377 0.00379013 0.00386914 0.0194121 0.0115039 0.897394 0.0230067 0.00889911 0.00861755 0.0142713 0.0149472 0.0129912 0.0125323 0.036194 0.035937 0.0293188 0.0120187 0.00937138 0.0192274 0.0150481 0.0695479 0.024487 0.178041 0.0152532 0.0136827 0.0135501 0.0153612 0.036857 0.0146729 0.00971315 0.0118256 0.010894 0.0311045 0.0150496 0.0154078 0.00917579 0.00824248 0.00994528 0.00974462 0.0258811 0.0166863 0.0193146 0.00975916 0.00907419 0.00918995 0.0141982 0.0122558 0.0122448 0.00906777 0.0106943 0.0128122 0.036331 0.0277715 0.0151231 0.00896757 0.00814934 0.00836246 0.00879402 0.00892235 0.00813803 
0.00390957 0.00382042 0.00384523 0.00378674 0.00395306 0 0.00377969 0.00375903 0.00435177 0.00473372 0.846123 0.0418206 0.00731706 0.0062517 0.0081039 0.0124215 0.0142763 0.011189 0.0111003 0.0237615 0.0446852 0.0167606 0.0156328 0.00871758 0.0172819 0.0256636 0.0265967 0.019051 0.0404907 0.0626329 0.0111932 0.00983859 0.0140007 0.0389991 0.0112275 0.00908765 0.0103319 0.0108923 0.0237261 0.0110539 0.0124238 0.00856704 0.00825291 0.00892083 0.0104462 0.0237021 0.0117441 0.0154901 0.00897785 0.00859444 0.00911194 0.0115596 0.0108247 0.0111685 0.00911719 0.0100593 0.0114628 0.0300187 0.0226278 0.0122202 0.008707 0.00807678 0.00825874 0.00851026 0.00848107 0.00801322 
0.00420423 0.011531 0.00383895 0.00389123 0.00380377 0.00377969 0 0.00393249 0.004236 0.915478 0.00700582 0.0088236 0.00657188 0.00612769 0.00765184 0.014334 0.0158754 0.00892343 0.0108008 0.0215384 0.0213209 0.0299736 0.0114028 0.0141125 0.0130095 0.0204632 0.0100134 0.0228797 0.0116085 0.0330203 0.0430709 0.00985596 0.0215282 0.0107814 0.0198477 0.00867951 0.00931367 0.0200126 0.00946144 0.0142983 0.0106839 0.00925063 0.00877883 0.0089443 0.0126175 0.00901447 0.0125216 0.0110889 0.0120955 0.00890545 0.0107504 0.00871944 0.0105172 0.00975323 0.0119022 0.0089038 0.0165324 0.0104878 0.0118623 0.0112608 0.00858757 0.00823147 0.00869339 0.00841808 0.00841705 0.00803147 
0.00826298 0.00383366 0.00447419 0.00379052 0.00379013 0.00375903 0.00393249 0 0.94014 0.0051268 0.00413807 0.00414776 0.0045226 0.0060852 0.0109721 0.00820438 0.00730389 0.00813908 0.0115839 0.011815 0.0105987 0.0102045 0.0108489 0.0111716 0.0164712 0.00857233 0.0138437 0.00862276 0.0109529 0.0093805 0.0193016 0.0184994 0.0089077 0.0101285 0.00872297 0.0116227 0.0204346 0.0083905 0.0103655 0.00868862 0.00985708 0.00900324 0.00946185 0.0121256 0.00836984 0.00947393 0.00857538 0.01007 0.00925567 0.0106009 0.008143 0.00867127 0.0084053 0.00930445 0.00985972 0.0160071 0.00834595 0.0092085 0.00863217 0.00890435 0.0084511 0.00916475 0.00819399 0.00816659 0.00840569 0.00858438 
0.00792996 0.00914126 0.00451429 0.00497654 0.00386914 0.00435177 0.004236 0.94014 0 0.0038408 0.00374674 0.00377582 0.00394026 0.00475768 0.00563326 0.00643546 0.00695914 0.0153493 0.021478 0.0246987 0.014209 0.0082148 0.069586 0.0110771 0.00816097 0.0136331 0.00991009 0.0105881 0.00863342 0.0195628 0.0161989 0.0106606 0.0103402 0.0089028 0.0137262 0.0115666 0.00945455 0.00980629 0.00887302 0.0096837 0.00932637 0.0117463 0.00900466 0.00881745 0.00913714 0.00862187 0.00934271 0.00906558 0.0157647 0.00869758 0.00831687 0.00831705 0.00846195 0.00852536 0.010518 0.00952007 0.00883593 0.00862384 0.00875159 0.00920485 0.00970147 0.00898302 0.00822163 0.00812924 0.00897006 0.00928961 
0.0115994 0.00678578 0.00689377 0.00504339 0.0194121 0.00473372 0.915478 0.0051268 0.0038408 0 0.0038001 0.00375289 0.00379803 0.00382122 0.00630849 0.00652835 0.025746 0.0399334 0.0603795 0.0285802 0.0101424 0.0214058 0.00981742 0.00806457 0.0171685 0.0113606 0.016718 0.0102737 0.0267722 0.011745 0.0116761 0.00990854 0.0116613 0.0185548 0.0104123 0.0108466 0.00975104 0.00973013 0.0145354 0.00965467 0.0205141 0.00875583 0.00833471 0.00890936 0.00947141 0.0135159 0.00936904 0.0233818 0.00887491 0.0091412 0.00903199 0.00945993 0.00925519 0.0161057 0.00864955 0.0101338 0.0116128 0.0151762 0.0112202 0.0136079 0.00847299 0.00801662 0.00810769 0.00855286 0.00841342 0.00807241 
0.00770735 0.0128173 0.00839364 0.0192828 0.0115039 0.846123 0.00700582 0.00413807 0.00374674 0.0038001 0 0.00379132 0.00378367 0.00379419 0.00452975 0.0102672 0.0554324 0.688469 0.0203324 0.00942885 0.0234533 0.011108 0.00884007 0.00874635 0.0093785 0.0164149 0.014343 0.0320479 0.0159508 0.0163168 0.0111596 0.0101262 0.0136219 0.0179721 0.0165643 0.00858239 0.0105996 0.0132508 0.0153304 0.0266637 0.0112587 0.0090585 0.00841416 0.00912684 0.0120403 0.0112685 0.0247621 0.0113764 0.00999718 0.00878802 0.0102034 0.0106592 0.0175721 0.00976211 0.00937167 0.00998649 0.0157624 0.0198519 0.0335606 0.0130609 0.00902528 0.00807307 0.00849984 0.00864789 0.00867657 0.00796192 
0.0111048 0.0108104 0.0183241 0.0112763 0.897394 0.0418206 0.0088236 0.00414776 0.00377582 0.00375289 0.00379132 0 0.00375015 0.00378205 0.00571997 0.0119283 0.818853 0.0155224 0.00780376 0.0236026 0.0150259 0.0115415 0.00861579 0.0083353 0.013451 0.0124709 0.022384 0.0181393 0.0352562 0.0147797 0.0114596 0.0101762 0.0139423 0.0297827 0.0101814 0.0100755 0.0100174 0.0114778 0.0262902 0.0134112 0.0128408 0.00873303 0.00842193 0.00927735 0.0100837 0.0284365 0.0131472 0.0163089 0.00931425 0.0086852 0.00942661 0.0138646 0.0122938 0.0110556 0.00958685 0.0101529 0.0147068 0.0341884 0.0255828 0.0133153 0.00883138 0.00813275 0.0082725 0.00871337 0.0086345 0.008155 
0.0120412 0.0357706 0.0160751 0.762765 0.0230067 0.00731706 0.00657188 0.0045226 0.00394026 0.00379803 0.00378367 0.00375015 0 0.00388821 0.0479363 0.875213 0.0210628 0.00690149 0.0132836 0.0165544 0.0108026 0.0121996 0.00927738 0.0125649 0.011646 0.0154064 0.0111212 0.0175418 0.0132058 0.0218671 0.0143172 0.0109942 0.0168121 0.00988226 0.0179891 0.0088944 0.0101417 0.029003 0.0101028 0.0112131 0.0103254 0.00911307 0.00897134 0.00909017 0.0225033 0.00919495 0.0120214 0.0115443 0.0120959 0.0090246 0.0127129 0.00909553 0.00993965 0.0104693 0.0107512 0.00958009 0.0133184 0.0130588 0.0119563 0.0121414 0.00920561 0.00851296 0.00924773 0.00877482 0.0088948 0.00824249 
0.0446981 0.0345491 0.411752 0.0095621 0.00889911 0.0062517 0.00612769 0.0060852 0.00475768 0.00382122 0.00379419 0.00378205 0.00388821 0 0.916836 0.00707829 0.00504345 0.00533705 0.0161661 0.00878372 0.00786626 0.00745831 0.00943401 0.0101715 0.0110012 0.00856671 0.0122288 0.00848023 0.0110408 0.00913546 0.011808 0.0151779 0.00929904 0.0101815 0.00912449 0.00950966 0.0329921 0.0087117 0.00987475 0.00862192 0.00963743 0.0087838 0.012771 0.0153923 0.00859755 0.00959429 0.00871039 0.00947107 0.00987756 0.0159321 0.00856269 0.00863546 0.00864664 0.00882645 0.00996096 0.0161797 0.00886702 0.00904485 0.00877447 0.0087391 0.00856033 0.0115338 0.00942644 0.00836903 0.00878574 0.0102009 
0.0415032 0.0340242 0.0144339 0.0109373 0.00861755 0.0081039 0.00765184 0.0109721 0.00563326 0.00630849 0.00452975 0.00571997 0.0479363 0.916836 0 0.00383921 0.00383882 0.0040646 0.00387324 0.00521578 0.00444254 0.0111472 0.0361667 0.0101308 0.00767125 0.00805279 0.00913178 0.00973169 0.0103068 0.0131146 0.0273483 0.0100943 0.0108606 0.00983042 0.0147768 0.018426 0.0113773 0.0101191 0.0110517 0.00931419 0.0113181 0.0123492 0.0108461 0.0107895 0.00916645 0.0107813 0.0100982 0.0119808 0.016093 0.00952874 0.00860876 0.00884314 0.00885891 0.0100029 0.0139905 0.0125262 0.00993061 0.0101917 0.00975967 0.0102012 0.0125389 0.0112611 0.00847764 0.00850055 0.0104263 0.0109852 
0.0327864 0.0421744 0.0179471 0.0145725 0.0142713 0.0124215 0.014334 0.00820438 0.00643546 0.00652835 0.0102672 0.0119283 0.875213 0.00707829 0.00383921 0 0.00410225 0.00399233 0.00385269 0.00552038 0.0161007 0.0344767 0.00763834 0.00658865 0.00993879 0.00976224 0.01181 0.0105905 0.0193496 0.027194 0.0126331 0.00956696 0.0109198 0.0191568 0.0147521 0.0101244 0.0114915 0.0103039 0.0181151 0.0115066 0.0158987 0.00906057 0.00861452 0.00877211 0.0122597 0.0110495 0.0139768 0.0167861 0.0101189 0.00909466 0.00939339 0.0101081 0.0101479 0.0138996 0.00901443 0.010744 0.0125972 0.0204832 0.0159896 0.0151409 0.00933189 0.00853049 0.00836307 0.00871602 0.00900117 0.00836294 
0.0171637 0.0683072 0.0267316 0.0182028 0.0149472 0.0142763 0.0158754 0.00730389 0.00695914 0.025746 0.0554324 0.818853 0.0210628 0.00504345 0.00383882 0.00410225 0 0.00377113 0.00393481 0.0142759 0.0204352 0.00485164 0.0049024 0.00986637 0.00868658 0.0101654 0.00936006 0.0165334 0.0180168 0.0250804 0.0123614 0.00990174 0.0244394 0.0118991 0.0189606 0.00822043 0.0101993 0.0182282 0.0106978 0.0148803 0.0137327 0.00968705 0.0095631 0.00932413 0.0132219 0.0101295 0.0149646 0.0195181 0.0145949 0.00963686 0.0123578 0.00962504 0.0143771 0.0113202 0.0135674 0.00973886 0.027987 0.0139409 0.0182685 0.0165992 0.00891176 0.00851688 0.00931291 0.00926413 0.00859419 0.00831257 
0.0361591 0.0148618 0.0172254 0.0108834 0.0129912 0.011189 0.00892343 0.00813908 0.0153493 0.0399334 0.688469 0.0155224 0.00690149 0.00533705 0.0040646 0.00399233 0.00377113 0 0.0044865 0.00396805 0.00384643 0.00441811 0.00396143 0.00595415 0.00886618 0.00677031 0.0325912 0.00869205 0.0122293 0.00990209 0.0117643 0.0120961 0.00919272 0.0125064 0.00944889 0.00847906 0.0208179 0.00871381 0.0128534 0.00889571 0.0104169 0.00879795 0.00975687 0.0121818 0.00861526 0.0156309 0.00917246 0.0122599 0.0110036 0.0113505 0.00844099 0.00970521 0.00884944 0.0104752 0.0106416 0.0184414 0.00882347 0.0159192 0.010921 0.0105832 0.00974949 0.00943721 0.00850027 0.00852187 0.00910955 0.00885822 
0.0186354 0.0268508 0.0107036 0.0161187 0.0125323 0.0111003 0.0108008 0.0115839 0.021478 0.0603795 0.0203324 0.00780376 0.0132836 0.0161661 0.00387324 0.00385269 0.00393481 0.0044865 0 0.00380042 0.00378479 0.00379911 0.00404736 0.00604623 0.00480464 0.00953979 0.0128682 0.0155522 0.0139402 0.012018 0.0221571 0.00961538 0.00887397 0.00874144 0.0133182 0.0134156 0.0102374 0.0134501 0.00926685 0.0126885 0.00902039 0.0124228 0.0109119 0.010134 0.0121733 0.00915979 0.0161646 0.00936213 0.0227682 0.0101241 0.00958788 0.00886946 0.0108913 0.00893289 0.0202116 0.0105127 0.0171502 0.0121628 0.0182298 0.0120945 0.0115613 0.00946238 0.00888782 0.00833604 0.0119478 0.0091339 
0.04085 0.0267547 0.0432189 0.0163112 0.036194 0.0237615 0.0215384 0.011815 0.0246987 0.0285802 0.00942885 0.0236026 0.0165544 0.00878372 0.00521578 0.00552038 0.0142759 0.00396805 0.00380042 0 0.00378755 0.00380398 0.00396887 0.00449012 0.0108773 0.00922842 0.0344852 0.0101667 0.0190466 0.0127338 0.0123336 0.00989922 0.0122479 0.0188368 0.0165366 0.010111 0.0158409 0.0140341 0.0232654 0.0100314 0.0296125 0.00916453 0.00901023 0.0114209 0.0115335 0.0284104 0.010657 0.0464847 0.00941981 0.0121531 0.00993299 0.0145738 0.0099348 0.0273267 0.009146 0.0204056 0.012206 0.0461459 0.0166804 0.021652 0.00948652 0.00949762 0.00848185 0.010136 0.00917352 0.00907559 
0.0143126 0.0601684 0.0267968 0.0680295 0.035937 0.0446852 0.0213209 0.0105987 0.014209 0.0101424 0.0234533 0.0150259 0.0108026 0.00786626 0.00444254 0.0161007 0.0204352 0.00384643 0.00378479 0.00378755 0 0.00377777 0.00380114 0.00522644 0.00614589 0.0141009 0.00771859 0.0230006 0.0111179 0.0102617 0.00878905 0.00839885 0.0130857 0.0198328 0.013952 0.00780709 0.0110162 0.0163957 0.0166876 0.0370103 0.0106679 0.00972416 0.00886896 0.00986032 0.0158341 0.0166019 0.0601966 0.0127066 0.0115755 0.010067 0.0142611 0.0123708 0.0298862 0.0104358 0.0114209 0.0100474 0.0271948 0.0306653 0.0859258 0.0158961 0.00936681 0.00836996 0.00915478 0.00898016 0.00948798 0.00812038 
0.0140046 0.0275339 0.0216208 0.0157144 0.0293188 0.0167606 0.0299736 0.0102045 0.0082148 0.0214058 0.011108 0.0115415 0.0121996 0.00745831 0.0111472 0.0344767 0.00485164 0.00441811 0.00379911 0.00380398 0.00377777 0 0.00372056 0.00737763 0.0102202 0.00485667 0.00770444 0.00774172 0.0100104 0.00905275 0.00919389 0.00767503 0.0161696 0.0110561 0.0102854 0.00765478 0.0098208 0.0129454 0.0115511 0.0101891 0.0176597 0.00900369 0.00919525 0.00934997 0.0117908 0.0146142 0.0106369 0.0257644 0.0106152 0.00960343 0.0105438 0.010847 0.00944614 0.0167387 0.011071 0.0106985 0.0128135 0.0243004 0.015722 0.0266706 0.00882348 0.00841306 0.00876593 0.00928375 0.00842712 0.00811027 
0.0367626 0.0148431 0.0109383 0.0133885 0.0120187 0.0156328 0.0114028 0.0108489 0.069586 0.00981742 0.00884007 0.00861579 0.00927738 0.00943401 0.0361667 0.00763834 0.0049024 0.00396143 0.00404736 0.00396887 0.00380114 0.00372056 0 0.0128421 0.00652677 0.00426665 0.0055754 0.00488046 0.00675516 0.00820859 0.00830951 0.0185636 0.00763322 0.00840207 0.0082351 0.0067675 0.0176622 0.00951104 0.00943064 0.00876204 0.00949548 0.0103758 0.0151002 0.0124737 0.0125392 0.00900661 0.00932224 0.0100423 0.016714 0.0152228 0.00941548 0.00886129 0.00949726 0.00916053 0.0163585 0.0151495 0.0107353 0.00930456 0.0108463 0.0104218 0.00954183 0.0110366 0.0105461 0.00849322 0.00923432 0.00941291 
0.0129004 0.0373925 0.00884756 0.014531 0.00937138 0.00871758 0.0141125 0.0111716 0.0110771 0.00806457 0.00874635 0.0083353 0.0125649 0.0101715 0.0101308 0.00658865 0.00986637 0.00595415 0.00604623 0.00449012 0.00522644 0.00737763 0.0128421 0 0.00377506 0.00400842 0.0037881 0.0040667 0.00382262 0.00503823 0.00679825 0.00608504 0.00644349 0.00645668 0.014477 0.00708928 0.00779516 0.0151077 0.00781585 0.0141895 0.00826995 0.0192189 0.0107025 0.00895005 0.0142727 0.00827906 0.0151365 0.00851048 0.0489186 0.00942641 0.0105307 0.00822122 0.010293 0.00834294 0.0166321 0.00901904 0.0122893 0.00859804 0.0096156 0.00990755 0.011659 0.0101182 0.010681 0.00842657 0.0104739 0.00974684 
0.0752504 0.0111307 0.0578218 0.00953724 0.0192274 0.0172819 0.0130095 0.0164712 0.00816097 0.0171685 0.0093785 0.013451 0.011646 0.0110012 0.00767125 0.00993879 0.00868658 0.00886618 0.00480464 0.0108773 0.00614589 0.0102202 0.00652677 0.00377506 0 0.00374988 0.00391331 0.00375032 0.00406718 0.00392093 0.00434455 0.00567083 0.00595607 0.0110007 0.00664509 0.00913302 0.0122526 0.00821358 0.0263552 0.00811618 0.0329921 0.00863389 0.00941443 0.0117029 0.00861017 0.0343275 0.00854363 0.105629 0.00923717 0.0118639 0.00863277 0.0161466 0.00856341 0.032693 0.00897681 0.0240168 0.00901882 0.0298195 0.00980388 0.0162942 0.00962659 0.0112608 0.0082075 0.00971154 0.0089917 0.0101278 
0.00955398 0.231191 0.00967692 0.0798815 0.0150481 0.0256636 0.0204632 0.00857233 0.0136331 0.0113606 0.0164149 0.0124709 0.0154064 0.00856671 0.00805279 0.00976224 0.0101654 0.00677031 0.00953979 0.00922842 0.0141009 0.00485667 0.00426665 0.00400842 0.00374988 0 0.00377102 0.00414789 0.00382603 0.00404573 0.00387097 0.00586725 0.00917541 0.00650515 0.0211072 0.00586178 0.00769064 0.0303778 0.00800272 0.0426003 0.00844474 0.0111799 0.00884356 0.00862101 0.0315959 0.00844963 0.17242 0.00869758 0.0180312 0.00876216 0.0170597 0.00850966 0.0557486 0.0085914 0.016737 0.00855834 0.0441308 0.0102573 0.0415288 0.0107978 0.00934632 0.00835222 0.010207 0.00853238 0.0114851 0.00817983 
0.0452099 0.01033 0.265965 0.0117276 0.0695479 0.0265967 0.0100134 0.0138437 0.00991009 0.016718 0.014343 0.022384 0.0111212 0.0122288 0.00913178 0.01181 0.00936006 0.0325912 0.0128682 0.0344852 0.00771859 0.00770444 0.0055754 0.0037881 0.00391331 0.00377102 0 0.00375265 0.00385498 0.00379339 0.00385263 0.00561271 0.00558535 0.0202506 0.00940631 0.0105956 0.0148583 0.00785038 0.0582502 0.00826787 0.0314544 0.00865341 0.00873678 0.0145875 0.00852992 0.206309 0.00869144 0.0580587 0.00876888 0.0135908 0.00854073 0.0460782 0.00872142 0.0345048 0.00886007 0.0304548 0.00932517 0.0742653 0.0135971 0.0169425 0.00959426 0.0113498 0.00854273 0.0096009 0.00888699 0.0104902 
0.010586 0.150816 0.0101776 0.293126 0.024487 0.019051 0.0228797 0.00862276 0.0105881 0.0102737 0.0320479 0.0181393 0.0175418 0.00848023 0.00973169 0.0105905 0.0165334 0.00869205 0.0155522 0.0101667 0.0230006 0.00774172 0.00488046 0.0040667 0.00375032 0.00414789 0.00375265 0 0.00375627 0.00379392 0.00379257 0.00471604 0.00975873 0.0075806 0.040285 0.0062181 0.00675475 0.0265096 0.00782283 0.0358256 0.00864124 0.00982637 0.00877327 0.00846535 0.147021 0.00846569 0.0959051 0.00889889 0.0137186 0.00878158 0.021217 0.00856504 0.058086 0.00914866 0.0137103 0.0086912 0.0534366 0.012893 0.0674838 0.0126878 0.00952642 0.00826301 0.00993617 0.00900045 0.00953832 0.00818052 
0.0303625 0.0117989 0.21875 0.0136975 0.178041 0.0404907 0.0116085 0.0109529 0.00863342 0.0267722 0.0159508 0.0352562 0.0132058 0.0110408 0.0103068 0.0193496 0.0180168 0.0122293 0.0139402 0.0190466 0.0111179 0.0100104 0.00675516 0.00382262 0.00406718 0.00382603 0.00385498 0.00375627 0 0.00376522 0.00378036 0.00458497 0.00736335 0.0550747 0.00984228 0.00555621 0.0119195 0.00758811 0.0419671 0.00820712 0.0167939 0.00864883 0.00815462 0.0586956 0.00850935 0.0613475 0.00882162 0.0343256 0.00902418 0.0111968 0.00855497 0.0347965 0.00890895 0.0235689 0.00912142 0.0206122 0.00949626 0.0993564 0.0195815 0.0178069 0.00959853 0.00962545 0.00841739 0.00938179 0.00898122 0.00909773 
0.0118955 0.121778 0.0109014 0.0406358 0.0152532 0.0626329 0.0330203 0.0093805 0.0195628 0.011745 0.0163168 0.0147797 0.0218671 0.00913546 0.0131146 0.027194 0.0250804 0.00990209 0.012018 0.0127338 0.0102617 0.00905275 0.00820859 0.00503823 0.00392093 0.00404573 0.00379339 0.00379392 0.00376522 0 0.00385045 0.00717099 0.0332798 0.0226035 0.0123417 0.00451905 0.0067272 0.0317786 0.00767772 0.0135518 0.0113629 0.0115046 0.0110715 0.00899684 0.0291127 0.0088386 0.0208985 0.0113601 0.0198107 0.00983857 0.0183515 0.00879953 0.0163378 0.00995436 0.0234739 0.00916009 0.0365684 0.0127875 0.0217075 0.0176271 0.00963545 0.00900002 0.0101007 0.00897146 0.00923957 0.00840866 
0.0562184 0.0129067 0.01708 0.0108451 0.0136827 0.0111932 0.0430709 0.0193016 0.0161989 0.0116761 0.0111596 0.0114596 0.0143172 0.011808 0.0273483 0.0126331 0.0123614 0.0117643 0.0221571 0.0123336 0.00878905 0.00919389 0.00830951 0.00679825 0.00434455 0.00387097 0.00385263 0.00379257 0.00378036 0.00385045 0 0.0408865 0.00922265 0.00651381 0.00443447 0.0047643 0.0154068 0.00843743 0.00835807 0.00886118 0.0115533 0.0250684 0.0148053 0.0231981 0.0091479 0.0100408 0.00893196 0.0135802 0.015152 0.0202571 0.00914487 0.00988655 0.00899779 0.0110102 0.0206108 0.0281976 0.00963095 0.011628 0.0105368 0.0129867 0.0108765 0.0144606 0.012024 0.00917764 0.010376 0.0114764 
0.0184854 0.0140238 0.0114729 0.0107794 0.0135501 0.00983859 0.00985596 0.0184994 0.0106606 0.00990854 0.0101262 0.0101762 0.0109942 0.0151779 0.0100943 0.00956696 0.00990174 0.0120961 0.00961538 0.00989922 0.00839885 0.00767503 0.0185636 0.00608504 0.00567083 0.00586725 0.00561271 0.00471604 0.00458497 0.00717099 0.0408865 0 0.00379248 0.00381706 0.00379971 0.00375875 0.00439849 0.00586151 0.00610632 0.00704409 0.712387 0.0200701 0.00807474 0.00747788 0.00833632 0.00825945 0.00847635 0.0116971 0.0145253 0.00984797 0.008613 0.00869133 0.00878897 0.0108978 0.0131487 0.0131262 0.00952473 0.0103073 0.00963521 0.0114938 0.0136759 0.011071 0.00834548 0.00848201 0.0109458 0.00953189 
0.0104461 0.0495243 0.0107074 0.038045 0.0153612 0.0140007 0.0215282 0.0089077 0.0103402 0.0116613 0.0136219 0.0139423 0.0168121 0.00929904 0.0108606 0.0109198 0.0244394 0.00919272 0.00887397 0.0122479 0.0130857 0.0161696 0.00763322 0.00644349 0.00595607 0.00917541 0.00558535 0.00975873 0.00736335 0.0332798 0.00922265 0.00379248 0 0.00377085 0.00376995 0.00375594 0.00389695 0.0103885 0.00599459 0.895421 0.0138244 0.00742983 0.00653862 0.00668688 0.0121733 0.00834109 0.0120031 0.00954848 0.0105688 0.00852786 0.0123387 0.00846248 0.0152137 0.00972376 0.0101036 0.00958248 0.0176232 0.0116237 0.0229298 0.0182549 0.00929806 0.00845776 0.00825533 0.00882505 0.00883399 0.00835267 
0.0163881 0.0109361 0.110274 0.0128839 0.036857 0.0389991 0.0107814 0.0101285 0.0089028 0.0185548 0.0179721 0.0297827 0.00988226 0.0101815 0.00983042 0.0191568 0.0118991 0.0125064 0.00874144 0.0188368 0.0198328 0.0110561 0.00840207 0.00645668 0.0110007 0.00650515 0.0202506 0.0075806 0.0550747 0.0226035 0.00651381 0.00381706 0.00377085 0 0.00375238 0.00376784 0.00455674 0.00489969 0.97383 0.0101739 0.00844952 0.00614651 0.00686808 0.00789606 0.0080611 0.0212689 0.0083299 0.017181 0.00864979 0.0106081 0.00835493 0.0190563 0.00869384 0.0146141 0.00881209 0.0146474 0.00937077 0.0558609 0.0180592 0.0137488 0.00911954 0.00894111 0.00819981 0.00891493 0.00884588 0.00848423 
0.0115655 0.0742687 0.00973151 0.0208138 0.0146729 0.0112275 0.0198477 0.00872297 0.0137262 0.0104123 0.0165643 0.0101814 0.0179891 0.00912449 0.0147768 0.0147521 0.0189606 0.00944889 0.0133182 0.0165366 0.013952 0.0102854 0.0082351 0.014477 0.00664509 0.0211072 0.00940631 0.040285 0.00984228 0.0123417 0.00443447 0.00379971 0.00376995 0.00375238 0 0.00374793 0.00411307 0.98152 0.00432013 0.00620334 0.00493224 0.00628922 0.00727907 0.00786288 0.0131606 0.00733354 0.01169 0.00840667 0.0143693 0.0105997 0.0161336 0.008622 0.0137384 0.00870943 0.0197052 0.0095579 0.0299184 0.0105507 0.0149459 0.0120293 0.00896972 0.0093938 0.0105168 0.00868242 0.00971846 0.00851805 
0.0327037 0.00934997 0.0116848 0.00924272 0.00971315 0.00908765 0.00867951 0.0116227 0.0115666 0.0108466 0.00858239 0.0100755 0.0088944 0.00950966 0.018426 0.0101244 0.00822043 0.00847906 0.0134156 0.010111 0.00780709 0.00765478 0.0067675 0.00708928 0.00913302 0.00586178 0.0105956 0.0062181 0.00555621 0.00451905 0.0047643 0.00375875 0.00375594 0.00376784 0.00374793 0 0.950154 0.00389699 0.00408073 0.00384276 0.0042863 0.00437376 0.00704521 0.0123643 0.00602032 0.00835323 0.00629033 0.00750954 0.00743968 0.0205915 0.00793856 0.00844257 0.00785936 0.00936024 0.00961812 0.0244122 0.00890707 0.0103857 0.00915021 0.00942839 0.0100865 0.0118352 0.00891468 0.00887271 0.00859552 0.00934973 
0.0378115 0.00938897 0.0170052 0.00934299 0.0118256 0.0103319 0.00931367 0.0204346 0.00945455 0.00975104 0.0105996 0.0100174 0.0101417 0.0329921 0.0113773 0.0114915 0.0101993 0.0208179 0.0102374 0.0158409 0.0110162 0.0098208 0.0176622 0.00779516 0.0122526 0.00769064 0.0148583 0.00675475 0.0119195 0.0067272 0.0154068 0.00439849 0.00389695 0.00455674 0.00411307 0.950154 0 0.00384327 0.00406091 0.00377847 0.00405173 0.00421862 0.00614101 0.00607565 0.00580045 0.0102268 0.0163698 0.0225969 0.0165062 0.0111001 0.00760575 0.0108634 0.00781911 0.0148054 0.0135222 0.0304592 0.00876109 0.0139202 0.00974023 0.0117221 0.0158826 0.0217328 0.00865423 0.00988948 0.0127384 0.0150365 
0.00904343 0.0815537 0.00888053 0.0311738 0.010894 0.0108923 0.0200126 0.0083905 0.00980629 0.00973013 0.0132508 0.0114778 0.029003 0.0087117 0.0101191 0.0103039 0.0182282 0.00871381 0.0134501 0.0140341 0.0163957 0.0129454 0.00951104 0.0151077 0.00821358 0.0303778 0.00785038 0.0265096 0.00758811 0.0317786 0.00843743 0.00586151 0.0103885 0.00489969 0.98152 0.00389699 0.00384327 0 0.00375824 0.00390107 0.00382371 0.00398989 0.00448617 0.00478811 0.0177029 0.00821093 0.0328748 0.00844221 0.0160652 0.00757386 0.0149096 0.00769717 0.0144255 0.00848018 0.0100023 0.00880682 0.0363659 0.00923443 0.0177168 0.0154449 0.00914708 0.00881232 0.00928583 0.0085594 0.00925657 0.00868252 
0.0223418 0.00942535 0.110507 0.0107367 0.0311045 0.0237261 0.00946144 0.0103655 0.00887302 0.0145354 0.0153304 0.0262902 0.0101028 0.00987475 0.0110517 0.0181151 0.0106978 0.0128534 0.00926685 0.0232654 0.0166876 0.0115511 0.00943064 0.00781585 0.0263552 0.00800272 0.0582502 0.00782283 0.0419671 0.00767772 0.00835807 0.00610632 0.00599459 0.97383 0.00432013 0.00408073 0.00406091 0.00375824 0 0.0037447 0.00376798 0.00389086 0.00395433 0.00578147 0.00548502 0.0337904 0.00643448 0.0200598 0.00671754 0.00865727 0.00743916 0.0278845 0.0079752 0.013723 0.00825629 0.0253189 0.00883806 0.0644395 0.0120455 0.0119712 0.00928171 0.011991 0.00842422 0.00917467 0.00878175 0.0100734 
0.00915647 0.0614798 0.00987149 0.062083 0.0150496 0.0110539 0.0142983 0.00868862 0.0096837 0.00965467 0.0266637 0.0134112 0.0112131 0.00862192 0.00931419 0.0115066 0.0148803 0.00889571 0.0126885 0.0100314 0.0370103 0.0101891 0.00876204 0.0141895 0.00811618 0.0426003 0.00826787 0.0358256 0.00820712 0.0135518 0.00886118 0.00704409 0.895421 0.0101739 0.00620334 0.00384276 0.00377847 0.00390107 0.0037447 0 0.00375004 0.00377572 0.00401791 0.00421712 0.0176725 0.0052893 0.0178962 0.00616585 0.00837138 0.00725316 0.0125513 0.00773842 0.0161607 0.00776245 0.0116117 0.00854214 0.0321075 0.00962179 0.028821 0.0100742 0.00866389 0.00831915 0.00937126 0.00838834 0.00901156 0.00810723 
0.0196835 0.0107825 0.0290546 0.0103263 0.0154078 0.0124238 0.0106839 0.00985708 0.00932637 0.0205141 0.0112587 0.0128408 0.0103254 0.00963743 0.0113181 0.0158987 0.0137327 0.0104169 0.00902039 0.0296125 0.0106679 0.0176597 0.00949548 0.00826995 0.0329921 0.00844474 0.0314544 0.00864124 0.0167939 0.0113629 0.0115533 0.712387 0.0138244 0.00844952 0.00493224 0.0042863 0.00405173 0.00382371 0.00376798 0.00375004 0 0.00375791 0.00554839 0.0142703 0.00494282 0.00866971 0.00487322 0.00935108 0.00614388 0.010411 0.00822285 0.0110848 0.00762288 0.0160123 0.0082043 0.0214503 0.00930093 0.0222836 0.0103401 0.014511 0.00946304 0.0108968 0.00881807 0.0106188 0.00884112 0.00992516 
0.0127066 0.0120065 0.0086144 0.00924963 0.00917579 0.00856704 0.00925063 0.00900324 0.0117463 0.00875583 0.0090585 0.00873303 0.00911307 0.0087838 0.0123492 0.00906057 0.00968705 0.00879795 0.0124228 0.00916453 0.00972416 0.00900369 0.0103758 0.0192189 0.00863389 0.0111799 0.00865341 0.00982637 0.00864883 0.0115046 0.0250684 0.0200701 0.00742983 0.00614651 0.00628922 0.00437376 0.00421862 0.00398989 0.00389086 0.00377572 0.00375791 0 0.777976 0.0046785 0.0107232 0.00406789 0.00473032 0.00523224 0.00739055 0.0104886 0.00802705 0.00698952 0.00821777 0.0073577 0.0109407 0.0102126 0.00994049 0.00883037 0.00943229 0.00960992 0.00946995 0.0102858 0.0114626 0.00850968 0.00926765 0.00937381 
0.0112694 0.00950825 0.00841768 0.00856592 0.00824248 0.00825291 0.00877883 0.00946185 0.00900466 0.00833471 0.00841416 0.00842193 0.00897134 0.012771 0.0108461 0.00861452 0.0095631 0.00975687 0.0109119 0.00901023 0.00886896 0.00919525 0.0151002 0.0107025 0.00941443 0.00884356 0.00873678 0.00877327 0.00815462 0.0110715 0.0148053 0.00807474 0.00653862 0.00686808 0.00727907 0.00704521 0.00614101 0.00448617 0.00395433 0.00401791 0.00554839 0.777976 0 0.00806391 0.00392219 0.00384025 0.0039827 0.00406371 0.00594727 0.00643625 0.00620771 0.00653517 0.00678369 0.00731838 0.0116383 0.0152964 0.00899737 0.00871009 0.00867633 0.00987555 0.0130327 0.0213451 0.00958393 0.00851551 0.0113563 0.0169289 
0.019433 0.00913651 0.0117146 0.00900876 0.00994528 0.00892083 0.0089443 0.0121256 0.00881745 0.00890936 0.00912684 0.00927735 0.00909017 0.0153923 0.0107895 0.00877211 0.00932413 0.0121818 0.010134 0.0114209 0.00986032 0.00934997 0.0124737 0.00895005 0.0117029 0.00862101 0.0145875 0.00846535 0.0586956 0.00899684 0.0231981 0.00747788 0.00668688 0.00789606 0.00786288 0.0123643 0.00607565 0.00478811 0.00578147 0.00421712 0.0142703 0.0046785 0.00806391 0 0.00406485 0.00377597 0.00383087 0.00383433 0.00633981 0.00546889 0.00592517 0.00926076 0.00678552 0.0204131 0.0263331 0.0197581 0.0089451 0.0104949 0.00922428 0.0106966 0.0148603 0.0133016 0.00872638 0.00860495 0.0108473 0.0115362 
0.00912553 0.0481184 0.00903917 0.0180263 0.00974462 0.0104462 0.0126175 0.00836984 0.00913714 0.00947141 0.0120403 0.0100837 0.0225033 0.00859755 0.00916645 0.0122597 0.0132219 0.00861526 0.0121733 0.0115335 0.0158341 0.0117908 0.0125392 0.0142727 0.00861017 0.0315959 0.00852992 0.147021 0.00850935 0.0291127 0.0091479 0.00833632 0.0121733 0.0080611 0.0131606 0.00602032 0.00580045 0.0177029 0.00548502 0.0176725 0.00494282 0.0107232 0.00392219 0.00406485 0 0.00371517 0.00381533 0.00377418 0.00434316 0.00504607 0.0100173 0.00649676 0.0191993 0.0206969 0.0240255 0.0088541 0.036599 0.0091787 0.0152627 0.0156183 0.0089628 0.0089164 0.00892689 0.00875412 0.00985211 0.00861728 
0.0170997 0.00893599 0.0540564 0.00981909 0.0258811 0.0237021 0.00901447 0.00947393 0.00862187 0.0135159 0.0112685 0.0284365 0.00919495 0.00959429 0.0107813 0.0110495 0.0101295 0.0156309 0.00915979 0.0284104 0.0166019 0.0146142 0.00900661 0.00827906 0.0343275 0.00844963 0.206309 0.00846569 0.0613475 0.0088386 0.0100408 0.00825945 0.00834109 0.0212689 0.00733354 0.00835323 0.0102268 0.00821093 0.0337904 0.0052893 0.00866971 0.00406789 0.00384025 0.00377597 0.00371517 0 0.00374062 0.00377626 0.00379045 0.00545455 0.00496665 0.030489 0.00667415 0.0159149 0.00745738 0.0202313 0.0089228 0.0470319 0.0125584 0.0108172 0.00963285 0.0112405 0.00850331 0.00919302 0.00869395 0.0097695 
0.009063 0.0553058 0.00943144 0.0421339 0.0166863 0.0117441 0.0125216 0.00857538 0.00934271 0.00936904 0.0247621 0.0131472 0.0120214 0.00871039 0.0100982 0.0139768 0.0149646 0.00917246 0.0161646 0.010657 0.0601966 0.0106369 0.00932224 0.0151365 0.00854363 0.17242 0.00869144 0.0959051 0.00882162 0.0208985 0.00893196 0.00847635 0.0120031 0.0083299 0.01169 0.00629033 0.0163698 0.0328748 0.00643448 0.0178962 0.00487322 0.00473032 0.0039827 0.00383087 0.00381533 0.00374062 0 0.00375096 0.00383499 0.00416767 0.0133958 0.00666315 0.0168797 0.0060208 0.0117404 0.00826473 0.0360221 0.0105552 0.0308196 0.0108486 0.00898601 0.00859325 0.0105878 0.00864879 0.0110248 0.00827527 
0.019304 0.010524 0.043977 0.0102474 0.0193146 0.0154901 0.0110889 0.01007 0.00906558 0.0233818 0.0113764 0.0163089 0.0115443 0.00947107 0.0119808 0.0167861 0.0195181 0.0122599 0.00936213 0.0464847 0.0127066 0.0257644 0.0100423 0.00851048 0.105629 0.00869758 0.0580587 0.00889889 0.0343256 0.0113601 0.0135802 0.0116971 0.00954848 0.017181 0.00840667 0.00750954 0.0225969 0.00844221 0.0200598 0.00616585 0.00935108 0.00523224 0.00406371 0.00383433 0.00377418 0.00377626 0.00375096 0 0.00377913 0.0148987 0.0070017 0.0174285 0.00474167 0.0268969 0.0066388 0.0287668 0.0099055 0.0388069 0.0109049 0.0203697 0.0103291 0.0116671 0.00916044 0.0154654 0.00945665 0.00939287 
0.0125365 0.0205499 0.00896704 0.0126744 0.00975916 0.00897785 0.0120955 0.00925567 0.0157647 0.00887491 0.00999718 0.00931425 0.0120959 0.00987756 0.016093 0.0101189 0.0145949 0.0110036 0.0227682 0.00941981 0.0115755 0.0106152 0.016714 0.0489186 0.00923717 0.0180312 0.00876888 0.0137186 0.00902418 0.0198107 0.015152 0.0145253 0.0105688 0.00864979 0.0143693 0.00743968 0.0165062 0.0160652 0.00671754 0.00837138 0.00614388 0.00739055 0.00594727 0.00633981 0.00434316 0.00379045 0.00383499 0.00377913 0 0.00794938 0.0109635 0.00459217 0.00961836 0.00527037 0.019043 0.0103465 0.0136888 0.00910509 0.0129633 0.0121465 0.0139985 0.0134865 0.0166706 0.00912532 0.0129639 0.010924 
0.0127997 0.00919039 0.0098801 0.00854694 0.00907419 0.00859444 0.00890545 0.0106009 0.00869758 0.0091412 0.00878802 0.0086852 0.0090246 0.0159321 0.00952874 0.00909466 0.00963686 0.0113505 0.0101241 0.0121531 0.010067 0.00960343 0.0152228 0.00942641 0.0118639 0.00876216 0.0135908 0.00878158 0.0111968 0.00983857 0.0202571 0.00984797 0.00852786 0.0106081 0.0105997 0.0205915 0.0111001 0.00757386 0.00865727 0.00725316 0.010411 0.0104886 0.00643625 0.00546889 0.00504607 0.00545455 0.00416767 0.0148987 0.00794938 0 0.00379875 0.00388874 0.00377411 0.0041382 0.00409208 0.0205269 0.00883281 0.0128988 0.0100617 0.219255 0.026553 0.0146415 0.00916011 0.00918607 0.0130258 0.0127055 
0.00824504 0.0211124 0.00849842 0.0126581 0.00918995 0.00911194 0.0107504 0.008143 0.00831687 0.00903199 0.0102034 0.00942661 0.0127129 0.00856269 0.00860876 0.00939339 0.0123578 0.00844099 0.00958788 0.00993299 0.0142611 0.0105438 0.00941548 0.0105307 0.00863277 0.0170597 0.00854073 0.021217 0.00855497 0.0183515 0.00914487 0.008613 0.0123387 0.00835493 0.0161336 0.00793856 0.00760575 0.0149096 0.00743916 0.0125513 0.00822285 0.00802705 0.00620771 0.00592517 0.0100173 0.00496665 0.0133958 0.0070017 0.0109635 0.00379875 0 0.00378938 0.00382009 0.00380894 0.00919098 0.00780732 0.0302268 0.00907444 0.25923 0.0314736 0.00975774 0.00933959 0.00860838 0.00888031 0.00987437 0.00862595 
0.0103679 0.00882843 0.0246518 0.00949235 0.0141982 0.0115596 0.00871944 0.00867127 0.00831705 0.00945993 0.0106592 0.0138646 0.00909553 0.00863546 0.00884314 0.0101081 0.00962504 0.00970521 0.00886946 0.0145738 0.0123708 0.010847 0.00886129 0.00822122 0.0161466 0.00850966 0.0460782 0.00856504 0.0347965 0.00879953 0.00988655 0.00869133 0.00846248 0.0190563 0.008622 0.00844257 0.0108634 0.00769717 0.0278845 0.00773842 0.0110848 0.00698952 0.00653517 0.00926076 0.00649676 0.030489 0.00666315 0.0174285 0.00459217 0.00388874 0.00378938 0 0.00381939 0.00390446 0.00372238 0.0172378 0.0083102 0.448284 0.0158221 0.0122749 0.0100293 0.0100395 0.00828968 0.00893332 0.00871569 0.009505 
0.00849898 0.0239222 0.00928616 0.0243103 0.0122558 0.0108247 0.0105172 0.0084053 0.00846195 0.00925519 0.0175721 0.0122938 0.00993965 0.00864664 0.00885891 0.0101479 0.0143771 0.00884944 0.0108913 0.0099348 0.0298862 0.00944614 0.00949726 0.010293 0.00856341 0.0557486 0.00872142 0.058086 0.00890895 0.0163378 0.00899779 0.00878897 0.0152137 0.00869384 0.0137384 0.00785936 0.00781911 0.0144255 0.0079752 0.0161607 0.00762288 0.00821777 0.00678369 0.00678552 0.0191993 0.00667415 0.0168797 0.00474167 0.00961836 0.00377411 0.00382009 0.00381939 0 0.00374478 0.00379986 0.00724978 0.315443 0.0109232 0.0347321 0.0114331 0.00876626 0.00846664 0.00930111 0.00855483 0.00984896 0.00831222 
0.0110964 0.00977242 0.0194481 0.00931269 0.0122448 0.0111685 0.00975323 0.00930445 0.00852536 0.0161057 0.00976211 0.0110556 0.0104693 0.00882645 0.0100029 0.0138996 0.0113202 0.0104752 0.00893289 0.0273267 0.0104358 0.0167387 0.00916053 0.00834294 0.032693 0.0085914 0.0345048 0.00914866 0.0235689 0.00995436 0.0110102 0.0108978 0.00972376 0.0146141 0.00870943 0.00936024 0.0148054 0.00848018 0.013723 0.00776245 0.0160123 0.0073577 0.00731838 0.0204131 0.0206969 0.0159149 0.0060208 0.0268969 0.00527037 0.0041382 0.00380894 0.00390446 0.00374478 0 0.0039406 0.269912 0.0140783 0.038801 0.0132239 0.0279576 0.00992362 0.0112808 0.00887427 0.01661 0.00943459 0.0104153 
0.0111677 0.0118577 0.00904274 0.0112243 0.00906777 0.00911719 0.0119022 0.00985972 0.010518 0.00864955 0.00937167 0.00958685 0.0107512 0.00996096 0.0139905 0.00901443 0.0135674 0.0106416 0.0202116 0.009146 0.0114209 0.011071 0.0163585 0.0166321 0.00897681 0.016737 0.00886007 0.0137103 0.00912142 0.0234739 0.0206108 0.0131487 0.0101036 0.00881209 0.0197052 0.00961812 0.0135222 0.0100023 0.00825629 0.0116117 0.0082043 0.0109407 0.0116383 0.0263331 0.0240255 0.00745738 0.0117404 0.0066388 0.019043 0.00409208 0.00919098 0.00372238 0.00379986 0.0039406 0 0.0181871 0.0208113 0.0150051 0.0185064 0.0192076 0.0333009 0.0122092 0.0135472 0.00900608 0.0153754 0.0110415 
0.0285118 0.00957165 0.0196566 0.00890757 0.0106943 0.0100593 0.0089038 0.0160071 0.00952007 0.0101338 0.00998649 0.0101529 0.00958009 0.0161797 0.0125262 0.010744 0.00973886 0.0184414 0.0105127 0.0204056 0.0100474 0.0106985 0.0151495 0.00901904 0.0240168 0.00855834 0.0304548 0.0086912 0.0206122 0.00916009 0.0281976 0.0131262 0.00958248 0.0146474 0.0095579 0.0244122 0.0304592 0.00880682 0.0253189 0.00854214 0.0214503 0.0102126 0.0152964 0.0197581 0.0088541 0.0202313 0.00826473 0.0287668 0.0103465 0.0205269 0.00780732 0.0172378 0.00724978 0.269912 0.0181871 0 0.00382977 0.00386935 0.0038505 0.00392416 0.00517736 0.0431467 0.0148454 0.0170163 0.019748 0.0293624 
0.00888242 0.0588312 0.00925489 0.032315 0.0128122 0.0114628 0.0165324 0.00834595 0.00883593 0.0116128 0.0157624 0.0147068 0.0133184 0.00886702 0.00993061 0.0125972 0.027987 0.00882347 0.0171502 0.012206 0.0271948 0.0128135 0.0107353 0.0122893 0.00901882 0.0441308 0.00932517 0.0534366 0.00949626 0.0365684 0.00963095 0.00952473 0.0176232 0.00937077 0.0299184 0.00890707 0.00876109 0.0363659 0.00883806 0.0321075 0.00930093 0.00994049 0.00899737 0.0089451 0.036599 0.0089228 0.0360221 0.0099055 0.0136888 0.00883281 0.0302268 0.0083102 0.315443 0.0140783 0.0208113 0.00382977 0 0.0037812 0.00377466 0.00422117 0.0038892 0.0124161 0.0244203 0.0149547 0.0164236 0.0101903 
