1DX5I
VEPVDPCFRANCEYQCQPLDQTSYLCVCAEGFAPIPHEPHRCQMFCNQTACPADCDPNTQASCECPEGYILDDGFICTDIDECENGGFCSGVCHNLPGTFECICGPDSALAGQIGTDC
CCCCCHHHHCCCCCEEEECCCCCEEEECCCCEEEECCEEEEEEECCCCCEEECEECCCCCCCEECCCCEEEECCCEEEECCHHHHCCCCCCEEEECCCCEEEEECCCCCCEEEECCCC
0 0 0 0 0 0 0 0 0 0 0 0 0 0 0 0 0 0 0 0 0 0 0 0 0 0 0 0 0 0 0 0 0 0 0 0 0 0 0 0 0 0 0 0 0 0 0 0 0 0 0 0 0 0 0 0 0 0 0 0 0 0 0 0 0 0 0 0 0 0 0 0 0 0 0 0 0 0 0 0 0 0 0 0 0 0 0 0 0 0 0 0 0 0 0 0 0 0 0 0 0 0 0 0 0 0 0 0 0 0 0 0 0 0 0 0 0 0 
0 0 0 0 0 0 0 0 0 0 0 0 0 0 0 0 0 0 0 0 0 0 0 0 0 0 0 0 0 0 0 0 0 0 0 0 0 0 0 0 0 0 0 0 0 0 0 0 0 0 0 0 0 0 0 0 0 0 0 0 0 0 0 0 0 0 0 0 0 0 0 0 0 0 0 0 0 0 0 0 0 0 0 0 0 0 0 0 0 0 0 0 0 0 0 0 0 0 0 0 0 0 0 0 0 0 0 0 0 0 0 0 0 0 0 0 0 0 
0 0.00423175 0.00508424 0.00694477 0.00743189 0.00739387 0.0135448 0.925447 0.0100767 0.00841603 0.0106568 0.0179233 0.0101511 0.0090319 0.00861168 0.0101681 0.00883655 0.0115557 0.0147958 0.0124151 0.00894874 0.013416 0.0108255 0.0131435 0.00899403 0.0105606 0.00996242 0.00869808 0.00939098 0.0119873 0.0107534 0.00834845 0.00874033 0.00997575 0.00848533 0.00810599 0.00846756 0.0097357 0.0086933 0.00815813 0.00810573 0.00846524 0.010402 0.00956232 0.00854866 0.00944228 0.0108297 
0.00423175 0 0.00443567 0.00385675 0.00621966 0.00997844 0.929692 0.00963795 0.0081179 0.00832719 0.0102443 0.00975196 0.00850131 0.00917015 0.00879097 0.00851362 0.0100676 0.0104549 0.00925995 0.00904019 0.0114975 0.00877745 0.00904339 0.00940855 0.00914341 0.00864811 0.00895312 0.00951489 0.0107288 0.00931981 0.00858532 0.00945537 0.00920939 0.00839496 0.00811689 0.00837047 0.00869069 0.00821231 0.00851813 0.0082148 0.00895089 0.00867334 0.00853414 0.00852713 0.00844911 0.00884288 0.00892465 
0.00508424 0.00443567 0 0.00391413 0.0132303 0.966573 0.00901239 0.00680897 0.00938137 0.00995026 0.00888453 0.00788205 0.00912453 0.0126665 0.00880182 0.0087371 0.00850699 0.00988802 0.00821041 0.0106888 0.00913891 0.00848935 0.00895278 0.00868278 0.00909009 0.00909419 0.009869 0.0107871 0.00902132 0.0084 0.00914427 0.00935013 0.00913121 0.00844709 0.00842576 0.00844696 0.00820054 0.00801452 0.00855537 0.00889123 0.00848133 0.00866635 0.00814899 0.0092831 0.00894475 0.00854874 0.00830067 
0.00694477 0.00385675 0.00391413 0 0.983411 0.00927232 0.00604931 0.00717529 0.0154597 0.00861028 0.00782686 0.00919024 0.0158544 0.00873934 0.00806114 0.00825989 0.00862335 0.00874207 0.00912231 0.0130415 0.00884183 0.00852737 0.0106197 0.00917636 0.0134545 0.00891324 0.0174647 0.00893317 0.00868117 0.00900397 0.0118845 0.0086822 0.0084523 0.00893542 0.0100835 0.00838075 0.00815045 0.00829259 0.0116311 0.00832614 0.0082467 0.00834647 0.00841834 0.011881 0.00903973 0.00853372 0.00932394 
0.00743189 0.00621966 0.0132303 0.983411 0 0.00378701 0.00395535 0.00442388 0.00635077 0.00664808 0.00938235 0.245918 0.0083254 0.0074962 0.00758573 0.00783633 0.00945612 0.0096556 0.056187 0.0100602 0.00970064 0.0123832 0.00987597 0.0146248 0.0106391 0.0105827 0.0110202 0.00924638 0.0103362 0.0155467 0.00964923 0.00965344 0.00917548 0.0125632 0.00841559 0.00835242 0.00861763 0.0117919 0.00969166 0.00820762 0.00852662 0.00891697 0.014137 0.00920722 0.00859045 0.00913901 0.0119662 
0.00739387 0.00997844 0.966573 0.00927232 0.00378701 0 0.00375903 0.00383415 0.00528979 0.0129086 0.221912 0.0207489 0.00696556 0.00714291 0.00733591 0.00900428 0.00787262 0.039682 0.0102294 0.0098877 0.00956808 0.0105 0.00908117 0.00891165 0.00880951 0.00958848 0.00919833 0.0117446 0.0152408 0.00928026 0.00905971 0.00956421 0.0142274 0.00877373 0.00835082 0.00841098 0.0106692 0.00847012 0.00820968 0.0104435 0.00893782 0.0118518 0.00876727 0.00847972 0.00836303 0.00914335 0.00869813 
0.0135448 0.929692 0.00901239 0.00604931 0.00395535 0.00375903 0 0.00376187 0.00510571 0.176097 0.0294068 0.00695561 0.0069885 0.00818861 0.00768725 0.00782457 0.0174161 0.0111242 0.0174607 0.00957038 0.0190724 0.00832582 0.00898861 0.00881516 0.0110831 0.00972635 0.00989647 0.0197477 0.0152117 0.00964823 0.00874325 0.0159099 0.0146215 0.0109879 0.00844561 0.0119585 0.00894511 0.00871323 0.00967218 0.00875298 0.0156994 0.0100939 0.00914971 0.00874142 0.00914408 0.00864359 0.00827458 
0.925447 0.00963795 0.00680897 0.00717529 0.00442388 0.00383415 0.00376187 0 0.221238 0.0252963 0.00557588 0.00726923 0.0103197 0.00714069 0.00703437 0.0116047 0.0083546 0.023708 0.0101952 0.0194553 0.00878613 0.0106273 0.012315 0.0102109 0.0145944 0.014128 0.0274993 0.010498 0.0113317 0.013584 0.0186589 0.00925121 0.0121674 0.0158214 0.0150566 0.0087355 0.00913729 0.00908387 0.0126014 0.00987264 0.00889164 0.0108868 0.00987409 0.0134959 0.00920169 0.0086876 0.00947448 
0.0100767 0.0081179 0.00938137 0.0154597 0.00635077 0.00528979 0.00510571 0.221238 0 0.00417344 0.00407257 0.00470769 0.00502887 0.00553289 0.00736684 0.0591917 0.0292371 0.0081144 0.023197 0.00915172 0.00831541 0.014089 0.00989298 0.0140735 0.00996169 0.0123378 0.0111731 0.00919718 0.0101426 0.01452 0.0101859 0.00913234 0.00941792 0.0117214 0.00910493 0.00844965 0.00904948 0.0135861 0.00926177 0.00842475 0.00837338 0.00930547 0.0124663 0.00948434 0.00858302 0.00925183 0.0119495 
0.00841603 0.00832719 0.00995026 0.00861028 0.00664808 0.0129086 0.176097 0.0252963 0.00417344 0 0.00411056 0.00380131 0.00459253 0.00864637 0.106583 0.00910495 0.00624236 0.00818955 0.0065946 0.00761249 0.0100359 0.0079027 0.00823828 0.00862445 0.0089064 0.00854215 0.00908625 0.009856 0.0116868 0.00921919 0.00870704 0.0104714 0.00963504 0.00874472 0.00826612 0.00871808 0.0090895 0.00863496 0.00841787 0.00839677 0.00963993 0.00893089 0.00915839 0.00850643 0.0083876 0.00907348 0.0090678 
0.0106568 0.0102443 0.00888453 0.00782686 0.00938235 0.221912 0.0294068 0.00557588 0.00407257 0.00411056 0 0.00380172 0.00450063 0.225039 0.00496492 0.00540816 0.00574105 0.00677877 0.00589782 0.0105162 0.00790377 0.00813954 0.00862524 0.00806402 0.00908089 0.0108954 0.0103382 0.0134589 0.00957 0.0084648 0.0104935 0.00891165 0.0113634 0.00870546 0.0091275 0.0087481 0.00877659 0.00812174 0.00866949 0.0113982 0.00876572 0.0100452 0.00824006 0.00979899 0.00905718 0.00861519 0.00837993 
0.0179233 0.00975196 0.00788205 0.00919024 0.245918 0.0207489 0.00695561 0.00726923 0.00470769 0.00380131 0.00380172 0 0.895326 0.00468881 0.00416382 0.00403201 0.00516722 0.00504556 0.00678031 0.00848618 0.00847429 0.00742123 0.00882015 0.00879886 0.0172002 0.00897788 0.018902 0.00924726 0.00910565 0.0102986 0.0118985 0.0100394 0.0088659 0.0112299 0.0102872 0.00883506 0.00829274 0.00853393 0.0193251 0.00830388 0.00904295 0.00862054 0.00944209 0.0121999 0.00949809 0.00880716 0.0100808 
0.0101511 0.00850131 0.00912453 0.0158544 0.0083254 0.00696556 0.0069885 0.0103197 0.00502887 0.00459253 0.00450063 0.895326 0 0.003911 0.00376305 0.0038434 0.00381449 0.00429502 0.0043887 0.00724184 0.00631081 0.0103694 0.00790202 0.0109223 0.00863729 0.0112754 0.0103418 0.00884173 0.00932967 0.0116521 0.0103926 0.00866368 0.00903701 0.0109284 0.0091084 0.00833653 0.00862633 0.0110035 0.00857496 0.00851673 0.00832854 0.00912427 0.0100765 0.00940546 0.00846654 0.00877703 0.0102449 
0.0090319 0.00917015 0.0126665 0.00873934 0.0074962 0.00714291 0.00818861 0.00714069 0.00553289 0.00864637 0.225039 0.00468881 0.003911 0 0.00375471 0.00378006 0.0037892 0.003819 0.00377368 0.00595683 0.00718979 0.00662844 0.00749745 0.00937963 0.00870471 0.0082441 0.00867192 0.00934548 0.00954999 0.00856953 0.00850704 0.00917781 0.00951308 0.00852799 0.0083731 0.00856698 0.00866485 0.0082128 0.00856931 0.00834992 0.00890946 0.00908056 0.00854195 0.00850988 0.00834233 0.00880398 0.00867378 
0.00861168 0.00879097 0.00880182 0.00806114 0.00758573 0.00733591 0.00768725 0.00703437 0.00736684 0.106583 0.00496492 0.00416382 0.00376305 0.00375471 0 0.00376252 0.003754 0.00378593 0.0037716 0.00563812 0.00604529 0.00627478 0.00700229 0.00770492 0.00812542 0.00816248 0.00847279 0.0090644 0.00894252 0.00858422 0.00840883 0.00918456 0.00890208 0.00901833 0.00828056 0.00860522 0.00844943 0.0081846 0.00845108 0.00839278 0.0102258 0.008839 0.00893743 0.00828007 0.00829951 0.00838235 0.00844903 
0.0101681 0.00851362 0.0087371 0.00825989 0.00783633 0.00900428 0.00782457 0.0116047 0.0591917 0.00910495 0.00540816 0.00403201 0.0038434 0.00378006 0.00376252 0 0.00373874 0.00379284 0.00374913 0.00583483 0.00575989 0.0178472 0.0132689 0.00706692 0.00794584 0.00869681 0.00892922 0.00936117 0.00897364 0.00878253 0.0100342 0.00848976 0.012072 0.00858107 0.00899959 0.00843234 0.00920407 0.00815051 0.00819454 0.0121936 0.00890455 0.0193072 0.00849126 0.00878906 0.00840612 0.00875656 0.0085048 
0.00883655 0.0100676 0.00850699 0.00862335 0.00945612 0.00787262 0.0174161 0.0083546 0.0292371 0.00624236 0.00574105 0.00516722 0.00381449 0.0037892 0.003754 0.00373874 0 0.00373886 0.00375589 0.0047375 0.0182307 0.0118215 0.00658251 0.00734457 0.00893498 0.00792527 0.00891389 0.0107844 0.0118063 0.00920707 0.00825051 0.0191608 0.00899183 0.00951032 0.0083975 0.0112781 0.00865835 0.00848857 0.0120043 0.00826566 0.0408839 0.00869129 0.0107951 0.00854896 0.00878062 0.00860616 0.00882348 
0.0115557 0.0104549 0.00988802 0.00874207 0.0096556 0.039682 0.0111242 0.023708 0.0081144 0.00818955 0.00677877 0.00504556 0.00429502 0.003819 0.00378593 0.00379284 0.00373886 0 0.00374671 0.0368737 0.0089768 0.0116255 0.00991267 0.0065196 0.00806522 0.0200617 0.0115586 0.0153662 0.0100508 0.00832405 0.0149516 0.00888815 0.0220906 0.00924756 0.0109434 0.00865541 0.0107183 0.00839888 0.00830709 0.0389227 0.00875352 0.0219096 0.0083475 0.00990589 0.00924569 0.00911979 0.00844818 
0.0147958 0.00925995 0.00821041 0.00912231 0.056187 0.0102294 0.0174607 0.0101952 0.023197 0.0065946 0.00589782 0.00678031 0.0043887 0.00377368 0.0037716 0.00374913 0.00375589 0.00374671 0 0.00947759 0.0142036 0.00544192 0.00607425 0.00710447 0.0212038 0.0084735 0.0205052 0.00972 0.0109839 0.013214 0.0106633 0.0114051 0.009035 0.0156489 0.00931079 0.00930078 0.00832599 0.00878833 0.0417098 0.00836697 0.0107821 0.0088447 0.0119863 0.0116615 0.00900962 0.00839861 0.00938368 
0.0124151 0.00904019 0.0106888 0.0130415 0.0100602 0.0098877 0.00957038 0.0194553 0.00915172 0.00761249 0.0105162 0.00848618 0.00724184 0.00595683 0.00563812 0.00583483 0.0047375 0.0368737 0.00947759 0 0.00400103 0.00408169 0.00666172 0.00498565 0.00672254 0.0210862 0.0116454 0.00902368 0.0443398 0.0124624 0.0144937 0.00836965 0.0131788 0.0123566 0.0112179 0.00854267 0.013413 0.0109292 0.00876459 0.010467 0.0085093 0.017595 0.0121344 0.0104531 0.00883144 0.00931569 0.0118832 
0.00894874 0.0114975 0.00913891 0.00884183 0.00970064 0.00956808 0.0190724 0.00878613 0.00831541 0.0100359 0.00790377 0.00847429 0.00631081 0.00718979 0.00604529 0.00575989 0.0182307 0.0089768 0.0142036 0.00400103 0 0.00380146 0.00379154 0.00643347 0.0221392 0.00704623 0.00866338 0.0410641 0.0132957 0.008741 0.00813724 0.0451324 0.0101523 0.00954835 0.0084743 0.0135057 0.00914526 0.0084681 0.0101763 0.00884149 0.0105186 0.00964317 0.00938269 0.00886921 0.00925084 0.00923057 0.00865094 
0.013416 0.00877745 0.00848935 0.00852737 0.0123832 0.0105 0.00832582 0.0106273 0.014089 0.0079027 0.00813954 0.00742123 0.0103694 0.00662844 0.00627478 0.0178472 0.0118215 0.0116255 0.00544192 0.00408169 0.00380146 0 0.00476749 0.00378965 0.00783081 0.00803978 0.0483327 0.00902859 0.00888812 0.008495 0.029458 0.0083196 0.0100107 0.00961421 0.0148713 0.00851691 0.00884932 0.00871043 0.0100103 0.0100038 0.00903574 0.0103084 0.00881844 0.0116892 0.00880535 0.00862073 0.0090862 
0.0108255 0.00904339 0.00895278 0.0106197 0.00987597 0.00908117 0.00898861 0.012315 0.00989298 0.00823828 0.00862524 0.00882015 0.00790202 0.00749745 0.00700229 0.0132689 0.00658251 0.00991267 0.00607425 0.00666172 0.00379154 0.00476749 0 0.00792915 0.00598262 0.76188 0.00904204 0.00940107 0.00873338 0.0132306 0.0106431 0.00823395 0.00998261 0.00977243 0.0104476 0.00860162 0.00936531 0.00971444 0.00885902 0.0100743 0.00853425 0.00976178 0.00986461 0.0101694 0.00886509 0.00912601 0.00997771 
0.0131435 0.00940855 0.00868278 0.00917636 0.0146248 0.00891165 0.00881516 0.0102109 0.0140735 0.00862445 0.00806402 0.00879886 0.0109223 0.00937963 0.00770492 0.00706692 0.00734457 0.0065196 0.00710447 0.00498565 0.00643347 0.00378965 0.00792915 0 0.950638 0.00628214 0.0153474 0.00898032 0.0136509 0.0107682 0.0104983 0.0095203 0.00906961 0.00928265 0.0108062 0.00913077 0.00873767 0.00872643 0.0151957 0.00856264 0.00866758 0.00906836 0.00959102 0.0136019 0.00954883 0.00939226 0.00982418 
0.00899403 0.00914341 0.00909009 0.0134545 0.0106391 0.00880951 0.0110831 0.0145944 0.00996169 0.0089064 0.00908089 0.0172002 0.00863729 0.00870471 0.00812542 0.00794584 0.00893498 0.00806522 0.0212038 0.00672254 0.0221392 0.00783081 0.00598262 0.950638 0 0.00384888 0.00636467 0.0248666 0.0171575 0.0150718 0.0064701 0.0115652 0.0081839 0.0119308 0.00899771 0.0120554 0.0102512 0.0137656 0.0127048 0.00873899 0.0133224 0.010445 0.0266259 0.00973867 0.00902486 0.00958066 0.01391 
0.0105606 0.00864811 0.00909419 0.00891324 0.0105827 0.00958848 0.00972635 0.014128 0.0123378 0.00854215 0.0108954 0.00897788 0.0112754 0.0082441 0.00816248 0.00869681 0.00792527 0.0200617 0.0084735 0.0210862 0.00704623 0.00803978 0.76188 0.00628214 0.00384888 0 0.0301335 0.0216181 0.00676403 0.00507606 0.0110386 0.00663164 0.0142352 0.00925415 0.0228599 0.00885942 0.0114457 0.00981429 0.00990151 0.0115977 0.00888797 0.0191723 0.00952078 0.011894 0.00887675 0.00910361 0.00914069 
0.00996242 0.00895312 0.009869 0.0174647 0.0110202 0.00919833 0.00989647 0.0274993 0.0111731 0.00908625 0.0103382 0.018902 0.0103418 0.00867192 0.00847279 0.00892922 0.00891389 0.0115586 0.0205052 0.0116454 0.00866338 0.0483327 0.00904204 0.0153474 0.00636467 0.0301335 0 0.00391109 0.00390889 0.00511257 0.00599064 0.00589659 0.011541 0.958297 0.0114476 0.00919937 0.0101419 0.0189582 0.0125701 0.00976109 0.0108612 0.0160381 0.0269278 0.0119703 0.00958721 0.0113085 0.0225059 
0.00869808 0.00951489 0.0107871 0.00893317 0.00924638 0.0117446 0.0197477 0.010498 0.00919718 0.009856 0.0134589 0.00924726 0.00884173 0.00934548 0.0090644 0.00936117 0.0107844 0.0153662 0.00972 0.00902368 0.0410641 0.00902859 0.00940107 0.00898032 0.0248666 0.0216181 0.00391109 0 0.00409466 0.00382255 0.00533694 0.0155649 0.952257 0.0102652 0.0140184 0.00996456 0.016134 0.00957111 0.00898853 0.0126107 0.0154356 0.0238268 0.0126722 0.00946619 0.0102668 0.0139288 0.00965414 
0.00939098 0.0107288 0.00902132 0.00868117 0.0103362 0.0152408 0.0152117 0.0113317 0.0101426 0.0116868 0.00957 0.00910565 0.00932967 0.00954999 0.00894252 0.00897364 0.0118063 0.0100508 0.0109839 0.0443398 0.0132957 0.00888812 0.00873338 0.0136509 0.0171575 0.00676403 0.00390889 0.00409466 0 0.00528203 0.00950683 0.981694 0.010455 0.00576851 0.00908564 0.0119321 0.0094246 0.00910052 0.0114831 0.0148526 0.0175118 0.0157197 0.010241 0.0106906 0.0119688 0.00998406 0.00997257 
0.0119873 0.00931981 0.0084 0.00900397 0.0155467 0.00928026 0.00964823 0.013584 0.01452 0.00921919 0.0084648 0.0102986 0.0116521 0.00856953 0.00858422 0.00878253 0.00920707 0.00832405 0.013214 0.0124624 0.008741 0.008495 0.0132306 0.0107682 0.0150718 0.00507606 0.00511257 0.00382255 0.00528203 0 0.989868 0.00494821 0.00431226 0.00933502 0.0122163 0.00936134 0.00813441 0.0100736 0.0188633 0.0100826 0.00953324 0.0102249 0.0127199 0.0154284 0.0100223 0.00914067 0.0103792 
0.0107534 0.00858532 0.00914427 0.0118845 0.00964923 0.00905971 0.00874325 0.0186589 0.0101859 0.00870704 0.0104935 0.0118985 0.0103926 0.00850704 0.00840883 0.0100342 0.00825051 0.0149516 0.0106633 0.0144937 0.00813724 0.029458 0.0106431 0.0104983 0.0064701 0.0110386 0.00599064 0.00533694 0.00950683 0.989868 0 0.00385352 0.00379817 0.0039789 0.0158683 0.0075425 0.02454 0.0289167 0.00853447 0.0113186 0.00831084 0.0179963 0.0133669 0.0122144 0.00916556 0.0103985 0.0158489 
0.00834845 0.00945537 0.00935013 0.0086822 0.00965344 0.00956421 0.0159099 0.00925121 0.00913234 0.0104714 0.00891165 0.0100394 0.00866368 0.00917781 0.00918456 0.00848976 0.0191608 0.00888815 0.0114051 0.00836965 0.0451324 0.0083196 0.00823395 0.0095203 0.0115652 0.00663164 0.00589659 0.0155649 0.981694 0.00494821 0.00385352 0 0.00385783 0.00377511 0.00855907 0.0353249 0.0117051 0.0129177 0.0126375 0.00869504 0.0196949 0.0102649 0.0132675 0.0101417 0.0121745 0.0117289 0.0101962 
0.00874033 0.00920939 0.00913121 0.0084523 0.00917548 0.0142274 0.0146215 0.0121674 0.00941792 0.00963504 0.0113634 0.0088659 0.00903701 0.00951308 0.00890208 0.012072 0.00899183 0.0220906 0.009035 0.0131788 0.0101523 0.0100107 0.00998261 0.00906961 0.0081839 0.0142352 0.011541 0.952257 0.010455 0.00431226 0.00379817 0.00385783 0 0.00385277 0.0200753 0.013943 0.067895 0.00777092 0.00873359 0.0299232 0.00911314 0.0337371 0.0100764 0.0113022 0.0113951 0.0113548 0.00900867 
0.00997575 0.00839496 0.00844709 0.00893542 0.0125632 0.00877373 0.0109879 0.0158214 0.0117214 0.00874472 0.00870546 0.0112299 0.0109284 0.00852799 0.00901833 0.00858107 0.00951032 0.00924756 0.0156489 0.0123566 0.00954835 0.00961421 0.00977243 0.00928265 0.0119308 0.00925415 0.958297 0.0102652 0.00576851 0.00933502 0.0039789 0.00377511 0.00385277 0 0.0116083 0.0271098 0.0084882 0.0170134 0.012536 0.00845914 0.0111513 0.0145623 0.0896968 0.0152041 0.00941033 0.00904403 0.0111897 
0.00848533 0.00811689 0.00842576 0.0100835 0.00841559 0.00835082 0.00844561 0.0150566 0.00910493 0.00826612 0.0091275 0.0102872 0.0091084 0.0083731 0.00828056 0.00899959 0.0083975 0.0109434 0.00931079 0.0112179 0.0084743 0.0148713 0.0104476 0.0108062 0.00899771 0.0228599 0.0114476 0.0140184 0.00908564 0.0122163 0.0158683 0.00855907 0.0200753 0.0116083 0 0.00398716 0.00390906 0.0042574 0.00447464 0.00903214 0.00574083 0.897316 0.023125 0.00925268 0.0081086 0.00922901 0.0166339 
0.00810599 0.00837047 0.00844696 0.00838075 0.00835242 0.00841098 0.0119585 0.0087355 0.00844965 0.00871808 0.0087481 0.00883506 0.00833653 0.00856698 0.00860522 0.00843234 0.0112781 0.00865541 0.00930078 0.00854267 0.0135057 0.00851691 0.00860162 0.00913077 0.0120554 0.00885942 0.00919937 0.00996456 0.0119321 0.00936134 0.0075425 0.0353249 0.013943 0.0271098 0.00398716 0 0.00393738 0.00375177 0.00600094 0.00559337 0.93048 0.0124145 0.00740183 0.00849533 0.00922031 0.0119814 0.0112077 
0.00846756 0.00869069 0.00820054 0.00815045 0.00861763 0.0106692 0.00894511 0.00913729 0.00904948 0.0090895 0.00877659 0.00829274 0.00862633 0.00866485 0.00844943 0.00920407 0.00865835 0.0107183 0.00832599 0.013413 0.00914526 0.00884932 0.00936531 0.00873767 0.0102512 0.0114457 0.0101419 0.016134 0.0094246 0.00813441 0.02454 0.0117051 0.067895 0.0084882 0.00390906 0.00393738 0 0.00385169 0.00540295 0.971924 0.00479431 0.00642964 0.00532985 0.0107756 0.0105298 0.00904473 0.00827559 
0.0097357 0.00821231 0.00801452 0.00829259 0.0117919 0.00847012 0.00871323 0.00908387 0.0135861 0.00863496 0.00812174 0.00853393 0.0110035 0.0082128 0.0081846 0.00815051 0.00848857 0.00839888 0.00878833 0.0109292 0.0084681 0.00871043 0.00971444 0.00872643 0.0137656 0.00981429 0.0189582 0.00957111 0.00910052 0.0100736 0.0289167 0.0129177 0.00777092 0.0170134 0.0042574 0.00375177 0.00385169 0 0.956364 0.00425747 0.00392652 0.00437178 0.00494432 0.0149092 0.00854572 0.00751951 0.00848362 
0.0086933 0.00851813 0.00855537 0.0116311 0.00969166 0.00820968 0.00967218 0.0126014 0.00926177 0.00841787 0.00866949 0.0193251 0.00857496 0.00856931 0.00845108 0.00819454 0.0120043 0.00830709 0.0417098 0.00876459 0.0101763 0.0100103 0.00885902 0.0151957 0.0127048 0.00990151 0.0125701 0.00898853 0.0114831 0.0188633 0.00853447 0.0126375 0.00873359 0.012536 0.00447464 0.00600094 0.00540295 0.956364 0 0.00377354 0.0038048 0.00383635 0.00850583 0.00792434 0.00767798 0.00949385 0.0543181 
0.00815813 0.0082148 0.00889123 0.00832614 0.00820762 0.0104435 0.00875298 0.00987264 0.00842475 0.00839677 0.0113982 0.00830388 0.00851673 0.00834992 0.00839278 0.0121936 0.00826566 0.0389227 0.00836697 0.010467 0.00884149 0.0100038 0.0100743 0.00856264 0.00873899 0.0115977 0.00976109 0.0126107 0.0148526 0.0100826 0.0113186 0.00869504 0.0299232 0.00845914 0.00903214 0.00559337 0.971924 0.00425747 0.00377354 0 0.00375131 0.00411774 0.00375457 0.00739973 0.0070747 0.0252283 0.459958 
0.00810573 0.00895089 0.00848133 0.0082467 0.00852662 0.00893782 0.0156994 0.00889164 0.00837338 0.00963993 0.00876572 0.00904295 0.00832854 0.00890946 0.0102258 0.00890455 0.0408839 0.00875352 0.0107821 0.0085093 0.0105186 0.00903574 0.00853425 0.00866758 0.0133224 0.00888797 0.0108612 0.0154356 0.0175118 0.00953324 0.00831084 0.0196949 0.00911314 0.0111513 0.00574083 0.93048 0.00479431 0.00392652 0.0038048 0.00375131 0 0.0037438 0.00424438 0.00611174 0.00989128 0.640395 0.0533153 
0.00846524 0.00867334 0.00866635 0.00834647 0.00891697 0.0118518 0.0100939 0.0108868 0.00930547 0.00893089 0.0100452 0.00862054 0.00912427 0.00908056 0.008839 0.0193072 0.00869129 0.0219096 0.0088447 0.017595 0.00964317 0.0103084 0.00976178 0.00906836 0.010445 0.0191723 0.0160381 0.0238268 0.0157197 0.0102249 0.0179963 0.0102649 0.0337371 0.0145623 0.897316 0.0124145 0.00642964 0.00437178 0.00383635 0.00411774 0.0037438 0 0.00374802 0.0280905 0.804658 0.031792 0.0085722 
0.010402 0.00853414 0.00814899 0.00841834 0.014137 0.00876727 0.00914971 0.00987409 0.0124663 0.00915839 0.00824006 0.00944209 0.0100765 0.00854195 0.00893743 0.00849126 0.0107951 0.0083475 0.0119863 0.0121344 0.00938269 0.00881844 0.00986461 0.00959102 0.0266259 0.00952078 0.0269278 0.0126722 0.010241 0.0127199 0.0133669 0.0132675 0.0100764 0.0896968 0.023125 0.00740183 0.00532985 0.00494432 0.00850583 0.00375457 0.00424438 0.00374802 0 0.846595 0.0167823 0.00730998 0.0169348 
0.00956232 0.00852713 0.0092831 0.011881 0.00920722 0.00847972 0.00874142 0.0134959 0.00948434 0.00850643 0.00979899 0.0121999 0.00940546 0.00850988 0.00828007 0.00878906 0.00854896 0.00990589 0.0116615 0.0104531 0.00886921 0.0116892 0.0101694 0.0136019 0.00973867 0.011894 0.0119703 0.00946619 0.0106906 0.0154284 0.0122144 0.0101417 0.0113022 0.0152041 0.00925268 0.00849533 0.0107756 0.0149092 0.00792434 0.00739973 0.00611174 0.0280905 0.846595 0 0.00432833 0.00495865 0.00992785 
0.00854866 0.00844911 0.00894475 0.00903973 0.00859045 0.00836303 0.00914408 0.00920169 0.00858302 0.0083876 0.00905718 0.00949809 0.00846654 0.00834233 0.00829951 0.00840612 0.00878062 0.00924569 0.00900962 0.00883144 0.00925084 0.00880535 0.00886509 0.00954883 0.00902486 0.00887675 0.00958721 0.0102668 0.0119688 0.0100223 0.00916556 0.0121745 0.0113951 0.00941033 0.0081086 0.00922031 0.0105298 0.00854572 0.00767798 0.0070747 0.00989128 0.804658 0.0167823 0.00432833 0 0.00903575 0.00429065 
0.00944228 0.00884288 0.00854874 0.00853372 0.00913901 0.00914335 0.00864359 0.0086876 0.00925183 0.00907348 0.00861519 0.00880716 0.00877703 0.00880398 0.00838235 0.00875656 0.00860616 0.00911979 0.00839861 0.00931569 0.00923057 0.00862073 0.00912601 0.00939226 0.00958066 0.00910361 0.0113085 0.0139288 0.00998406 0.00914067 0.0103985 0.0117289 0.0113548 0.00904403 0.00922901 0.0119814 0.00904473 0.00751951 0.00949385 0.0252283 0.640395 0.031792 0.00730998 0.00495865 0.00903575 0 0.00425909 
0.0108297 0.00892465 0.00830067 0.00932394 0.0119662 0.00869813 0.00827458 0.00947448 0.0119495 0.0090678 0.00837993 0.0100808 0.0102449 0.00867378 0.00844903 0.0085048 0.00882348 0.00844818 0.00938368 0.0118832 0.00865094 0.0090862 0.00997771 0.00982418 0.01391 0.00914069 0.0225059 0.00965414 0.00997257 0.0103792 0.0158489 0.0101962 0.00900867 0.0111897 0.0166339 0.0112077 0.00827559 0.00848362 0.0543181 0.459958 0.0533153 0.0085722 0.0169348 0.00992785 0.00429065 0.00425909 0 
