1E3DD
TPRSNYTGPIVVDPLTRIEGHLRIEVEVEGGVIKEARSCATLFRGIETILKGRDPRDAQHFTQRTCGVCTYTHALASTRCLEDAINKPIPANATYIRNLVLGNQFMHDHLVHFYHLHALDFVDVTSALLADPAKAAKLANSISPRKATTEEFAAVQAKLKTFVASGQLGPFTNAYFLGGHEGYYMDPEANLVCTAHYLQALRAQVEVAKGMAVFGAKNPHTQFTVAGGVTCYEALTPERIKQFRELYVKARAFIEEVYIPDLLLVASYYKDWGKIGGTNNFMAFGEFPAPGGERDLNSRWYKPGVIYDRKVGSVQPFDPSKIEEHVRHSWYEGKARAPFEGETNPHFTFMGDTDKYSWNKAPRYDGHAVETGPLAQMLVAYGHNHKTIKPTIDAVLGKLNLGPEALFSTLGRTAARGIQTLVIAQQMENWLNEYENNIVKDKQIVEDYAVPTSARGVGFADVSRGGLSHWMTIEDGKIDNFQLVVPTTWNLGPRDDKGVPSAAEAALVGTPVADPKRPVEILRTIHSFDPCIACSTH
CCCCCCCEEEEECCCCCCECCEEEEEEEECCEEEEEEEEECECCCHHHHHCCCCHHHHHHHHHCCCCCCCCHHHHHHHHHHHHHHCCCCCHHHHHHHHHHHHHHHHHHHHHHHHHCCHHHCCCCCHHHHCCHHHHHHHHHHHCCCCCCHHHHHHHHHHHHHHHHCCCCHHHCCCCCCCCCCCCCCCHHHHHHHHHHHHHHHHHHHHHHHHHHHHHCCCCCCCCEECCEECCHHHHCHHHHHHHHHHHHHHHHHHHHCHHHHHHHHHHHCHHHHHCCCCCCEEEEEEEECCCCCCCHHHEEEEEEEECCCCHHHCECCCHHHEEEECCCCCECCCCECHHHCCCCECCCCCCCCCCCCCCCEEEECCECCECCHHHHHHHHHHCCCCCHHHHHHHHHHHHCCCHHHHCCHHHHHHHHHHHHHHHHHHHHHHHHHHHHHCCCCCCCECCCCCCCEEEEEEEEEECCEEEEEEEEEECCEEEEEEEECHHHHHCCCCCCCCCCCHHHHHCCCCECCCCCCCHHHHHHHHHCCCEHHHHHC
0 0 0 0 0 0 0 0 0 0 0 0 0 0 0 0 0 0 0 0 0 0 0 0 0 0 0 0 0 0 0 0 0 0 0 0 0 0 0 0 0 0 0 0 0 0 0 0 0 0 0 0 0 0 0 0 0 0 0 0 0 0 0 0 0 0 0 0 0 0 0 0 0 0 0 0 0 0 0 0 0 0 0 0 0 0 0 0 0 0 0 0 0 0 0 0 0 0 0 0 0 0 0 0 0 0 0 0 0 0 0 0 0 0 0 0 0 0 0 0 0 0 0 0 0 0 0 0 0 0 0 0 0 0 0 0 0 0 0 0 0 0 0 0 0 0 0 0 0 0 0 0 0 0 0 0 0 0 0 0 0 0 0 0 0 0 0 0 0 0 0 0 0 0 0 0 0 0 0 0 0 0 0 0 0 0 0 0 0 0 0 0 0 0 0 0 0 0 0 0 0 0 0 0 0 0 0 0 0 0 0 0 0 0 0 0 0 0 0 0 0 0 0 0 0 0 0 0 0 0 0 0 0 0 0 0 0 0 0 0 0 0 0 0 0 0 0 0 0 0 0 0 0 0 0 0 0 0 0 0 0 0 0 0 0 0 0 0 0 0 0 0 0 0 0 0 0 0 0 0 0 0 0 0 0 0 0 0 0 0 0 0 0 0 0 0 0 0 0 0 0 0 0 0 0 0 0 0 0 0 0 0 0 0 0 0 0 0 0 0 0 0 0 0 0 0 0 0 0 0 0 0 0 0 0 0 0 0 0 0 0 0 0 0 0 0 0 0 0 0 0 0 0 0 0 0 0 0 0 0 0 0 0 0 0 0 0 0 0 0 0 0 0 0 0 0 0 0 0 0 0 0 0 0 0 0 0 0 0 0 0 0 0 0 0 0 0 0 0 0 0 0 0 0 0 0 0 0 0 0 0 0 0 0 0 0 0 0 0 0 0 0 0 0 0 0 0 0 0 0 0 0 0 0 0 0 0 0 0 0 0 0 0 0 0 0 0 0 0 0 0 0 0 0 0 0 0 0 0 0 0 0 0 0 0 0 0 0 0 0 0 0 0 0 0 0 0 0 0 0 0 0 0 0 0 0 0 0 0 0 0 0 0 0 0 0 0 0 0 0 0 0 0 0 0 0 0 0 0 0 0 0 0 0 0 0 0 0 0 0 0 0 0 0 0 0 0 0 0 0 0 0 0 0 0 0 0 
0 0 0 0 0 0 0 0 0 0 0 0 0 0 0 0 0 0 0 0 0 0 0 0 0 0 0 0 0 0 0 0 0 0 0 0 0 0 0 0 0 0 0 0 0 0 0 0 0 0 0 0 0 0 0 0 0 0 0 0 0 0 0 0 0 0 0 0 0 0 0 0 0 0 0 0 0 0 0 0 0 0 0 0 0 0 0 0 0 0 0 0 0 0 0 0 0 0 0 0 0 0 0 0 0 0 0 0 0 0 0 0 0 0 0 0 0 0 0 0 0 0 0 0 0 0 0 0 0 0 0 0 0 0 0 0 0 0 0 0 0 0 0 0 0 0 0 0 0 0 0 0 0 0 0 0 0 0 0 0 0 0 0 0 0 0 0 0 0 0 0 0 0 0 0 0 0 0 0 0 0 0 0 0 0 0 0 0 0 0 0 0 0 0 0 0 0 0 0 0 0 0 0 0 0 0 0 0 0 0 0 0 0 0 0 0 0 0 0 0 0 0 0 0 0 0 0 0 0 0 0 0 0 0 0 0 0 0 0 0 0 0 0 0 0 0 0 0 0 0 0 0 0 0 0 0 0 0 0 0 0 0 0 0 0 0 0 0 0 0 0 0 0 0 0 0 0 0 0 0 0 0 0 0 0 0 0 0 0 0 0 0 0 0 0 0 0 0 0 0 0 0 0 0 0 0 0 0 0 0 0 0 0 0 0 0 0 0 0 0 0 0 0 0 0 0 0 0 0 0 0 0 0 0 0 0 0 0 0 0 0 0 0 0 0 0 0 0 0 0 0 0 0 0 0 0 0 0 0 0 0 0 0 0 0 0 0 0 0 0 0 0 0 0 0 0 0 0 0 0 0 0 0 0 0 0 0 0 0 0 0 0 0 0 0 0 0 0 0 0 0 0 0 0 0 0 0 0 0 0 0 0 0 0 0 0 0 0 0 0 0 0 0 0 0 0 0 0 0 0 0 0 0 0 0 0 0 0 0 0 0 0 0 0 0 0 0 0 0 0 0 0 0 0 0 0 0 0 0 0 0 0 0 0 0 0 0 0 0 0 0 0 0 0 0 0 0 0 0 0 0 0 0 0 0 0 0 0 0 0 0 0 0 0 0 0 0 0 0 0 0 0 0 0 0 0 0 0 0 0 0 0 0 0 0 0 0 0 0 0 0 0 0 0 0 0 0 0 0 0 0 0 0 0 0 0 0 
0 0.00389141 0.00397585 0.00394967 0.00900788 0.0112216 0.0214948 0.00802374 0.0194301 0.00985484 0.0560861 0.00988068 0.133887 0.013775 0.0121223 0.0144208 0.0090149 0.00881486 0.0121461 0.0090794 0.0105091 0.011219 0.0381311 0.0188646 0.00823446 0.00836198 0.00805961 0.0081884 0.00834486 0.00833896 0.00831607 0.00838483 0.00832689 0.00842954 0.00830903 0.00897037 0.00827376 0.00828505 0.00840881 0.00825221 0.00832933 0.00848908 0.00836892 0.00894684 0.00896213 0.0104606 0.00830006 0.00853181 0.00894232 0.010992 0.0116018 0.00995562 0.00914632 0.00878203 0.00872441 0.0109616 0.0103844 0.0107195 0.0268429 0.0174866 0.0217333 0.0162508 0.0207912 0.0182307 0.0200379 0.0216212 0.0211897 0.0188102 0.0216846 0.0242606 0.0199003 0.0208766 0.0201599 0.0193415 0.0204775 0.0230667 0.0231304 0.0306811 0.0313111 0.0348514 0.0329982 0.0245613 0.0257303 0.0279223 0.0275657 0.0300829 0.0377745 0.0635188 0.0660069 
0.00389141 0 0.0037598 0.00409279 0.00390385 0.00812134 0.00790782 0.0429406 0.00892433 0.107106 0.0103042 0.194768 0.00888621 0.0114298 0.0120695 0.00896854 0.010307 0.0134723 0.0094296 0.0165518 0.01076 0.027484 0.0100089 0.0106656 0.00818056 0.00808595 0.00804801 0.00796221 0.00818016 0.00832057 0.00825534 0.00832496 0.00825716 0.00829277 0.00828456 0.00829261 0.00807122 0.00826865 0.0082689 0.00820835 0.00817684 0.00829791 0.00841864 0.00844998 0.00827504 0.00824387 0.00824936 0.0083541 0.0084204 0.00855919 0.00886636 0.00840793 0.00857363 0.00858522 0.00855963 0.00859984 0.00921907 0.00945951 0.0175983 0.0152154 0.0145271 0.0157011 0.0156519 0.0152453 0.0165628 0.0172084 0.0169186 0.0178004 0.0177872 0.0176858 0.0175831 0.0166294 0.016933 0.0161483 0.0172673 0.0181829 0.0198998 0.0225915 0.0233384 0.0239314 0.0229833 0.0199097 0.021016 0.0210118 0.0224673 0.0245544 0.0288899 0.047576 0.0568603 
0.00397585 0.0037598 0 0.00376975 0.00382064 0.00615823 0.0149194 0.00919032 0.163449 0.0136992 0.26553 0.00894512 0.0309077 0.00856806 0.00916461 0.0191077 0.0116194 0.0102042 0.0264338 0.0105995 0.0384868 0.0139933 0.013905 0.00982892 0.00827187 0.00822479 0.00812778 0.00813382 0.00837871 0.00869205 0.00872558 0.0086657 0.00865438 0.00860531 0.00843876 0.0083054 0.00828655 0.00847428 0.00865611 0.00846034 0.00850557 0.0085733 0.00859523 0.00844758 0.00829125 0.00983346 0.00836183 0.00867018 0.00840183 0.00930965 0.00882128 0.00891492 0.00900717 0.00910963 0.00875836 0.00969364 0.00880836 0.00935403 0.0210481 0.0171971 0.0219149 0.015952 0.0198229 0.0181049 0.0197273 0.0209365 0.0205187 0.0186412 0.0230701 0.0240197 0.0198642 0.0207648 0.0196322 0.0197118 0.0212261 0.0249407 0.0226026 0.0290668 0.0266549 0.0286519 0.030875 0.0234452 0.0250875 0.0275715 0.0284249 0.0309133 0.0339652 0.0478724 0.0581148 
0.00394967 0.00409279 0.00376975 0 0.00381123 0.0100363 0.0109887 0.148867 0.0159503 0.226695 0.00909483 0.0353701 0.0091303 0.0117612 0.0146957 0.0110412 0.0116636 0.0155882 0.00893808 0.0234737 0.0139699 0.0383446 0.0136115 0.0207373 0.00821988 0.0082458 0.00811912 0.00815165 0.00838007 0.00848167 0.00840349 0.00843756 0.00839074 0.00839151 0.00833023 0.00812929 0.00815365 0.00836839 0.00843217 0.00842679 0.00832754 0.00842429 0.0086865 0.00841369 0.00851836 0.0083942 0.00846753 0.00854878 0.00831471 0.0085227 0.00871835 0.00844326 0.00875205 0.0087748 0.00871931 0.00850511 0.00952218 0.00969804 0.0172991 0.0164178 0.0154513 0.0161241 0.0164056 0.0159612 0.0179141 0.0183889 0.0176214 0.0176463 0.0163128 0.0189573 0.019369 0.0177015 0.0177379 0.0170616 0.0183148 0.0199151 0.0210572 0.0214507 0.0213946 0.0266887 0.0250714 0.0212286 0.0212134 0.0228594 0.0242999 0.0255142 0.0281955 0.0491954 0.0588904 
0.00900788 0.00390385 0.00382064 0.00381123 0 0.0158887 0.119445 0.0244356 0.136147 0.0096742 0.0269495 0.00836585 0.0203961 0.0106022 0.0183328 0.0140939 0.00915652 0.00894614 0.0129476 0.0109874 0.0141819 0.019913 0.0221768 0.0394497 0.00835853 0.00882369 0.00838207 0.00927415 0.00883901 0.00834682 0.00833071 0.00828739 0.00833649 0.00827583 0.00821372 0.00826579 0.00873387 0.00839402 0.00833492 0.00822223 0.0082393 0.0083676 0.00845374 0.00840405 0.00884945 0.01021 0.00839089 0.00839059 0.00836838 0.0100091 0.00920971 0.00907879 0.00933577 0.00865723 0.00854087 0.00918584 0.00981251 0.0105131 0.0226138 0.0184514 0.0220991 0.0160712 0.0215578 0.0183267 0.0207437 0.0220666 0.0214248 0.0178946 0.0182805 0.025466 0.0209647 0.0227716 0.0212208 0.0201064 0.0225834 0.0238337 0.0234255 0.0284114 0.0247005 0.0345825 0.0310971 0.0236993 0.0257876 0.0274086 0.0258363 0.027262 0.0297989 0.0536979 0.0605603 
0.0112216 0.00812134 0.00615823 0.0100363 0.0158887 0 0.0782175 0.00817679 0.0039645 0.00419799 0.00444709 0.00570584 0.00643204 0.00880412 0.0118767 0.00777847 0.00720615 0.00773003 0.00725521 0.00908896 0.00863317 0.0113921 0.0176338 0.136238 0.00853651 0.0082629 0.00856201 0.00824888 0.00855484 0.00818788 0.00810865 0.0081632 0.00815116 0.00815044 0.00810074 0.00846799 0.00819486 0.00820019 0.00817807 0.00816583 0.0081812 0.00816638 0.00831334 0.00880232 0.00953002 0.00871488 0.00827446 0.00826707 0.00859585 0.0102303 0.0108591 0.00948316 0.0091118 0.00840262 0.00852167 0.00919204 0.0117503 0.0120146 0.0244735 0.0201061 0.0130567 0.0144679 0.0126269 0.0127525 0.0137008 0.0137049 0.0137014 0.0142577 0.0172181 0.0188775 0.0147221 0.0137267 0.0136968 0.0132236 0.0139348 0.0148961 0.0177553 0.0201836 0.0269786 0.0314767 0.0208675 0.0185518 0.018048 0.0187133 0.0193743 0.0204345 0.0314263 0.0564656 0.0625809 
0.0214948 0.00790782 0.0149194 0.0109887 0.119445 0.0782175 0 0.00384003 0.00382307 0.00382133 0.00395237 0.00392829 0.00623462 0.00642636 0.00756119 0.00753963 0.00718228 0.00761542 0.00888603 0.00866229 0.017328 0.0790987 0.747677 0.0193047 0.00830938 0.0082744 0.00819536 0.00809671 0.00823208 0.00834856 0.00833965 0.00838509 0.00837213 0.00843195 0.00826135 0.00867595 0.00831483 0.00828163 0.0084298 0.00829645 0.0083502 0.00848098 0.00832476 0.0087057 0.00846098 0.00918009 0.00819203 0.0083861 0.00861248 0.00948096 0.00979586 0.00900504 0.00871464 0.00852681 0.00843721 0.0096172 0.00916608 0.00957755 0.017844 0.012291 0.0144551 0.0115948 0.0154688 0.0129455 0.0152568 0.0166738 0.0158706 0.014778 0.0166172 0.0165195 0.0136145 0.0159387 0.0154435 0.0151107 0.0157727 0.0185216 0.0171832 0.022433 0.0214527 0.0208488 0.0227519 0.0170043 0.0190261 0.019955 0.0197265 0.0226106 0.027264 0.0424519 0.0477966 
0.00802374 0.0429406 0.00919032 0.148867 0.0244356 0.00817679 0.00384003 0 0.00377422 0.00376032 0.00381263 0.00401264 0.00423425 0.00471168 0.00715882 0.0075683 0.00743432 0.0082037 0.00750719 0.0228607 0.066899 0.849467 0.0108594 0.0135348 0.00823391 0.00823586 0.00816898 0.00820049 0.00824181 0.00856242 0.00852132 0.00856095 0.00849602 0.00849428 0.00834568 0.00829212 0.0080925 0.00842596 0.00853988 0.00834585 0.00838288 0.00844717 0.00868207 0.00851923 0.00814395 0.00824215 0.00838174 0.00850709 0.00834032 0.00839804 0.00851593 0.00828393 0.00861471 0.00885845 0.00869298 0.0085706 0.0085474 0.00914132 0.0130149 0.01265 0.0128737 0.013603 0.0135238 0.012887 0.014523 0.0149909 0.0145501 0.015134 0.0148727 0.0143228 0.0145849 0.0144691 0.0146837 0.013882 0.0155217 0.0155739 0.0175091 0.0183186 0.0185858 0.019871 0.0189557 0.0172673 0.0169585 0.0176159 0.0194078 0.0209462 0.0240375 0.036319 0.0419835 
0.0194301 0.00892433 0.163449 0.0159503 0.136147 0.0039645 0.00382307 0.00377422 0 0.00376822 0.00393485 0.00377992 0.00407612 0.00390311 0.00704153 0.00939033 0.00777916 0.0070333 0.034496 0.047691 0.872007 0.0105381 0.0121272 0.00985432 0.00822244 0.00821188 0.00815876 0.00812718 0.00837308 0.00868788 0.00877389 0.00869592 0.00866462 0.00862938 0.00840607 0.00830131 0.00855546 0.00841363 0.00864116 0.0084324 0.0084749 0.0086669 0.00864464 0.00844501 0.00817212 0.00951119 0.00826877 0.00854651 0.00831137 0.00859514 0.00843987 0.00841837 0.00873281 0.00894165 0.00871727 0.00886261 0.00845235 0.00899782 0.0160274 0.0137712 0.0178759 0.0129628 0.0163614 0.014696 0.0161707 0.0171096 0.0164708 0.0151829 0.0175177 0.0192651 0.0164403 0.0169403 0.0166119 0.0166509 0.0178803 0.0204488 0.017332 0.0232293 0.0196855 0.0218415 0.0247279 0.0178221 0.0208469 0.021287 0.022399 0.0242488 0.0264698 0.0370209 0.0431202 
0.00985484 0.107106 0.0136992 0.226695 0.0096742 0.00419799 0.00382133 0.00376032 0.00376822 0 0.00376957 0.00409111 0.00381511 0.0038704 0.00595685 0.00631447 0.00885883 0.0346432 0.0252877 0.914897 0.00916074 0.0109828 0.00878109 0.0111791 0.00814592 0.00810316 0.00806418 0.00806891 0.00825949 0.00850122 0.00852292 0.00854525 0.00843934 0.00872174 0.00834429 0.00824606 0.00813826 0.00832383 0.00847979 0.00832904 0.00833313 0.0084778 0.00859879 0.0083574 0.00830212 0.00829213 0.00826153 0.00856632 0.00831304 0.00833338 0.00849457 0.00828524 0.0085522 0.00873096 0.00867697 0.00846492 0.00888944 0.00897763 0.0143864 0.0148767 0.0137024 0.014946 0.0140308 0.0136693 0.0150874 0.0153514 0.0148233 0.0154664 0.0154126 0.0163185 0.0159461 0.0149048 0.0154179 0.0147873 0.016168 0.0161384 0.0180498 0.0187634 0.0196631 0.022702 0.020194 0.0180675 0.0178123 0.0183644 0.0204109 0.0219259 0.0264209 0.0418122 0.0504516 
0.0560861 0.0103042 0.26553 0.00909483 0.0269495 0.00444709 0.00395237 0.00381263 0.00393485 0.00376957 0 0.00376368 0.00395312 0.00375803 0.00460179 0.00960014 0.0153464 0.0542438 0.906761 0.00778752 0.0107283 0.00807793 0.0102719 0.00877489 0.00831793 0.00819188 0.00808143 0.00811982 0.00834899 0.00865561 0.00869824 0.00860589 0.00866067 0.00854844 0.00836654 0.00840625 0.00865146 0.00839259 0.00869731 0.00837573 0.00852498 0.00855005 0.00858486 0.00845621 0.00831263 0.0100987 0.00825935 0.00859081 0.00836632 0.00908546 0.00881095 0.00892062 0.00889218 0.00893201 0.00865273 0.00926811 0.00863257 0.00907844 0.0185597 0.0142154 0.0204474 0.0133167 0.0185341 0.0158478 0.0173904 0.0186717 0.0180372 0.0159703 0.0187168 0.0203592 0.0178281 0.0183407 0.0179076 0.0177711 0.0191683 0.0219458 0.0185423 0.0256881 0.0208287 0.0230049 0.0278272 0.0189983 0.0219769 0.0233306 0.0229057 0.0263052 0.0278284 0.0372729 0.0424149 
0.00988068 0.194768 0.00894512 0.0353701 0.00836585 0.00570584 0.00392829 0.00401264 0.00377992 0.00409111 0.00376368 0 0.00379333 0.00385683 0.0055924 0.00900149 0.178996 0.794105 0.00664528 0.00961143 0.00764925 0.00905001 0.00787177 0.00935301 0.00823562 0.00802755 0.00810708 0.00798329 0.00837991 0.00838833 0.00839376 0.0083666 0.00836194 0.00837392 0.0082991 0.00820733 0.00811352 0.00822641 0.00837408 0.00829113 0.0082425 0.00837327 0.00854566 0.00836851 0.00865464 0.00826488 0.00829582 0.00847733 0.00839945 0.008544 0.00894033 0.00867833 0.0087054 0.00865593 0.00866245 0.00847892 0.00946912 0.00953213 0.0151543 0.0153917 0.0135911 0.0155729 0.0143975 0.0142598 0.0155812 0.0158028 0.0151775 0.0162714 0.0154446 0.0162605 0.0165536 0.0152702 0.0160421 0.0152938 0.0163476 0.0162513 0.0188209 0.0181219 0.0201965 0.0233382 0.0196923 0.0186019 0.0177747 0.0179495 0.0204319 0.0212501 0.0261414 0.04096 0.0486299 
0.133887 0.00888621 0.0309077 0.0091303 0.0203961 0.00643204 0.00623462 0.00423425 0.00407612 0.00381511 0.00395312 0.00379333 0 0.0038592 0.00557028 0.915184 0.0875456 0.00518964 0.0071579 0.00635794 0.00941803 0.00684649 0.00852956 0.0141895 0.00810812 0.00810126 0.00809217 0.00813565 0.00847733 0.00831949 0.00830143 0.00832589 0.00831219 0.00827573 0.00822807 0.00827434 0.00819475 0.00829762 0.00836859 0.00826641 0.00828224 0.00830829 0.00842976 0.00830677 0.00845747 0.00986854 0.00820177 0.0084817 0.0083758 0.00937288 0.00903675 0.00917275 0.00883241 0.0086251 0.00843673 0.00930291 0.00893911 0.00900528 0.0178724 0.0141424 0.0200722 0.0131696 0.0173179 0.0153 0.01604 0.0171489 0.016952 0.0152482 0.0176702 0.0199497 0.0174096 0.0175 0.0168437 0.0167173 0.0178585 0.0196647 0.0179238 0.0243429 0.0209961 0.0246986 0.0274942 0.0186251 0.020441 0.0224365 0.020357 0.0231653 0.0267716 0.0397869 0.0432839 
0.013775 0.0114298 0.00856806 0.0117612 0.0106022 0.00880412 0.00642636 0.00471168 0.00390311 0.0038704 0.00375803 0.00385683 0.0038592 0 0.974776 0.0107657 0.00395536 0.00406506 0.00433577 0.00573154 0.00582373 0.00706792 0.00673065 0.0125173 0.00809528 0.00801081 0.00803384 0.00802085 0.00824916 0.00809346 0.00809509 0.00810337 0.00811163 0.00807664 0.00800734 0.00798842 0.00818358 0.0081374 0.00814179 0.00807947 0.00812769 0.00813519 0.00815877 0.00815213 0.00833873 0.00855771 0.00816013 0.00819746 0.00818347 0.00875102 0.00885691 0.00855759 0.00848428 0.00824735 0.00823515 0.00836526 0.00960451 0.00945891 0.0157334 0.0138399 0.0109708 0.0115343 0.011156 0.0104913 0.0113323 0.0113557 0.0113378 0.0110343 0.0124431 0.0142314 0.0125137 0.0114863 0.0121315 0.0118533 0.0127049 0.0129998 0.0149363 0.0154881 0.0169552 0.0216844 0.0184639 0.0153565 0.0153651 0.0163496 0.0163801 0.0163386 0.0214205 0.0420416 0.0502176 
0.0121223 0.0120695 0.00916461 0.0146957 0.0183328 0.0118767 0.00756119 0.00715882 0.00704153 0.00595685 0.00460179 0.0055924 0.00557028 0.974776 0 0.00385165 0.00378695 0.00379978 0.00383164 0.00390322 0.00399615 0.00513129 0.00831018 0.012384 0.0086094 0.00846539 0.00813843 0.00819381 0.008162 0.00819098 0.00814524 0.00817888 0.00814143 0.00814523 0.00828554 0.00907975 0.00801369 0.00815199 0.00823464 0.0081327 0.00816999 0.00815452 0.00831664 0.00907578 0.00867427 0.00822232 0.00815209 0.00833725 0.00895292 0.00924873 0.0102234 0.00891075 0.00849335 0.00832933 0.00847492 0.00934456 0.0100001 0.0102888 0.0182134 0.0136089 0.0121099 0.0124407 0.0136209 0.0120227 0.0141003 0.014902 0.0142645 0.0148765 0.0156885 0.0148763 0.0132318 0.0140917 0.0140082 0.013344 0.0142948 0.0157821 0.0169324 0.0202252 0.0222292 0.0206202 0.0196195 0.0169222 0.0176457 0.0185961 0.0189193 0.0217215 0.029329 0.0471782 0.0534301 
0.0144208 0.00896854 0.0191077 0.0110412 0.0140939 0.00777847 0.00753963 0.0075683 0.00939033 0.00631447 0.00960014 0.00900149 0.915184 0.0107657 0.00385165 0 0.00379383 0.00375912 0.00381574 0.00383215 0.00415192 0.00422727 0.00528576 0.00732214 0.00817108 0.00810023 0.00806313 0.00803298 0.00819062 0.0084313 0.00841569 0.00844616 0.00841208 0.00837352 0.00830018 0.00827381 0.00805943 0.00836044 0.00840869 0.0082823 0.00833087 0.00836434 0.00843236 0.00832789 0.00812483 0.00864543 0.00824732 0.00840004 0.00828297 0.00867499 0.00860671 0.00843223 0.00847005 0.00859178 0.00844032 0.00877569 0.00850542 0.00884484 0.0147338 0.0108188 0.0143808 0.0114692 0.0137212 0.0122392 0.0132699 0.0144955 0.01412 0.0135399 0.0147352 0.0144299 0.0135443 0.0142418 0.0139914 0.0138196 0.0145947 0.0159676 0.0153264 0.0210557 0.0179452 0.0190568 0.0222083 0.0158555 0.0165226 0.0180689 0.0167415 0.0207587 0.0236189 0.0368856 0.037924 
0.0090149 0.010307 0.0116194 0.0116636 0.00915652 0.00720615 0.00718228 0.00743432 0.00777916 0.00885883 0.0153464 0.178996 0.0875456 0.00395536 0.00378695 0.00379383 0 0.00374348 0.0037599 0.00379507 0.00383887 0.00398152 0.00412816 0.00507179 0.00805924 0.00798104 0.00799561 0.00796127 0.0081218 0.00836286 0.00833902 0.00832544 0.00828234 0.00825731 0.00827806 0.00819308 0.00807472 0.00816193 0.00828405 0.00819862 0.0081981 0.00828895 0.00841683 0.00832143 0.00804041 0.00823695 0.00813782 0.00841544 0.00823397 0.00827717 0.00831937 0.00822722 0.0083876 0.00852966 0.00839689 0.00837558 0.00838613 0.00852844 0.0124172 0.0122443 0.0125925 0.0117882 0.0126739 0.0114996 0.0126622 0.0130775 0.0126298 0.0120683 0.0122754 0.0148073 0.0129397 0.0129502 0.0130384 0.0128831 0.0137946 0.0149225 0.0146814 0.0165488 0.0150666 0.0183884 0.018944 0.0150835 0.0153676 0.0162324 0.0159348 0.0168897 0.0202095 0.0330742 0.0384722 
0.00881486 0.0134723 0.0102042 0.0155882 0.00894614 0.00773003 0.00761542 0.0082037 0.0070333 0.0346432 0.0542438 0.794105 0.00518964 0.00406506 0.00379978 0.00375912 0.00374348 0 0.00374111 0.00375808 0.00375369 0.00376701 0.00386672 0.00423923 0.0083439 0.00801315 0.00797293 0.00797308 0.00815458 0.00831234 0.00835201 0.00827304 0.00828583 0.0083356 0.00814718 0.00810822 0.00805332 0.00817716 0.0082546 0.00821791 0.00816837 0.00844315 0.00836462 0.00824995 0.00809178 0.00816405 0.00812594 0.00830525 0.00820354 0.0082749 0.00827064 0.008187 0.00855903 0.00846799 0.00834571 0.00832061 0.00833047 0.00853043 0.0115985 0.0114918 0.0118377 0.0122341 0.01233 0.011407 0.0125432 0.012737 0.0124683 0.0123502 0.0117153 0.0134137 0.0125879 0.0124756 0.0129076 0.0125957 0.0135255 0.0136789 0.0144306 0.015045 0.0144018 0.0175826 0.0164327 0.0149034 0.0146801 0.0150361 0.0154624 0.015862 0.0190855 0.0309698 0.0379652 
0.0121461 0.0094296 0.0264338 0.00893808 0.0129476 0.00725521 0.00888603 0.00750719 0.034496 0.0252877 0.906761 0.00664528 0.0071579 0.00433577 0.00383164 0.00381574 0.0037599 0.00374111 0 0.00374207 0.00374118 0.00370223 0.00380117 0.00403396 0.00821825 0.0080423 0.00803345 0.00796822 0.0081922 0.00837889 0.00837351 0.00837673 0.00834843 0.00829926 0.00817308 0.00814138 0.0082024 0.00826101 0.00833011 0.00819148 0.00823587 0.00827363 0.00831562 0.00820943 0.00807754 0.00862934 0.00814903 0.00831152 0.0081867 0.00835064 0.00828155 0.00822901 0.00830496 0.00844519 0.00837103 0.00836394 0.00824985 0.00840072 0.0123603 0.0108099 0.0138409 0.01158 0.0131023 0.012122 0.012799 0.013675 0.0131327 0.0124198 0.013485 0.0143273 0.0129552 0.0134902 0.0135557 0.0134302 0.014044 0.0153558 0.0138518 0.0177635 0.0152636 0.0171273 0.0194446 0.0144202 0.0151587 0.0162707 0.0153862 0.0172297 0.0203077 0.0311467 0.0348936 
0.0090794 0.0165518 0.0105995 0.0234737 0.0109874 0.00908896 0.00866229 0.0228607 0.047691 0.914897 0.00778752 0.00961143 0.00635794 0.00573154 0.00390322 0.00383215 0.00379507 0.00375808 0.00374207 0 0.00374734 0.00377367 0.00377011 0.004052 0.00811182 0.00801347 0.00798945 0.00801669 0.00808591 0.00836134 0.00839586 0.00831796 0.0083248 0.00826117 0.0081859 0.00813432 0.00804673 0.00817864 0.00829513 0.00816268 0.00816441 0.00826259 0.00833195 0.00825094 0.00797676 0.00819966 0.00807544 0.00825244 0.00820215 0.00823082 0.00823078 0.00815788 0.00826159 0.00844125 0.00837079 0.00831904 0.00823681 0.00845265 0.0104078 0.0104061 0.0113965 0.011478 0.0119684 0.0110669 0.0121477 0.012575 0.0120981 0.0118603 0.0112491 0.0122444 0.0120173 0.0123871 0.0126622 0.0124958 0.0133375 0.0135928 0.0137079 0.0145679 0.0134099 0.0158892 0.015821 0.0142222 0.014215 0.0147905 0.0150443 0.0155529 0.0173142 0.0259903 0.0307684 
0.0105091 0.01076 0.0384868 0.0139699 0.0141819 0.00863317 0.017328 0.066899 0.872007 0.00916074 0.0107283 0.00764925 0.00941803 0.00582373 0.00399615 0.00415192 0.00383887 0.00375369 0.00374118 0.00374734 0 0.00374614 0.00375795 0.00388484 0.00845413 0.00801187 0.00806881 0.00801611 0.00824262 0.00857124 0.0085591 0.00854531 0.00846796 0.00843791 0.00827664 0.00815461 0.00833273 0.00825477 0.00846708 0.00823758 0.00830779 0.00838531 0.00846778 0.00824895 0.00808885 0.00852092 0.00816672 0.00840199 0.00821153 0.00826552 0.0082662 0.00819384 0.00860271 0.0086481 0.00848035 0.0083512 0.00825925 0.00852784 0.0108543 0.0100455 0.0117853 0.010966 0.0123611 0.0114794 0.0123088 0.0131156 0.0123269 0.0120276 0.0124677 0.0126057 0.0125609 0.0128369 0.0129706 0.0132709 0.0138422 0.0151723 0.013499 0.0152637 0.0134181 0.0153606 0.0160363 0.0136701 0.0149431 0.0151917 0.0155741 0.0161989 0.0186238 0.0263636 0.0318417 
0.011219 0.027484 0.0139933 0.0383446 0.019913 0.0113921 0.0790987 0.849467 0.0105381 0.0109828 0.00807793 0.00905001 0.00684649 0.00706792 0.00513129 0.00422727 0.00398152 0.00376701 0.00370223 0.00377367 0.00374614 0 0.00374952 0.00401701 0.00848361 0.00829586 0.00810557 0.00809873 0.00823159 0.00840586 0.00839358 0.00846344 0.00831493 0.00834765 0.0082491 0.00806375 0.00808781 0.00833913 0.00841642 0.00820665 0.0082444 0.00831946 0.00843164 0.00821466 0.00799996 0.00831487 0.00818706 0.00837336 0.00818378 0.00821257 0.00822893 0.00813817 0.00829076 0.00844974 0.00840503 0.00827292 0.00826294 0.00864064 0.0105131 0.0103837 0.0108729 0.0103572 0.0113267 0.0104475 0.0115153 0.0118389 0.0113782 0.011123 0.0103182 0.0117549 0.0117857 0.0117076 0.0118857 0.0118112 0.012576 0.0128966 0.0128095 0.0138676 0.0115937 0.0156463 0.0151904 0.0130394 0.0134428 0.013826 0.0141615 0.0145458 0.0149778 0.0249881 0.0307147 
0.0381311 0.0100089 0.013905 0.0136115 0.0221768 0.0176338 0.747677 0.0108594 0.0121272 0.00878109 0.0102719 0.00787177 0.00852956 0.00673065 0.00831018 0.00528576 0.00412816 0.00386672 0.00380117 0.00377011 0.00375795 0.00374952 0 0.00429594 0.00866111 0.00834183 0.00811944 0.00825786 0.00827293 0.00835074 0.0083008 0.00830614 0.0083329 0.0082711 0.00820389 0.00817588 0.00829069 0.00823146 0.00826435 0.00820012 0.00823128 0.00832828 0.00832982 0.00826216 0.00816237 0.00897177 0.00822496 0.0082888 0.00820897 0.00865985 0.00857735 0.00835285 0.00845456 0.00839002 0.00828762 0.00846986 0.00850567 0.00871179 0.0137289 0.0104966 0.011402 0.0098351 0.0120742 0.0102645 0.0113101 0.0124124 0.0118365 0.0108623 0.0115081 0.0128343 0.0114254 0.012127 0.0121987 0.0122969 0.0129942 0.0143649 0.0133073 0.0161148 0.0134927 0.0166458 0.0180823 0.0130095 0.0149648 0.0159656 0.0149857 0.0168792 0.0179328 0.0287695 0.0356786 
0.0188646 0.0106656 0.00982892 0.0207373 0.0394497 0.136238 0.0193047 0.0135348 0.00985432 0.0111791 0.00877489 0.00935301 0.0141895 0.0125173 0.012384 0.00732214 0.00507179 0.00423923 0.00403396 0.004052 0.00388484 0.00401701 0.00429594 0 0.0121065 0.00953149 0.00889253 0.0110866 0.00918315 0.00822092 0.00826706 0.00829033 0.00823942 0.00817769 0.00804779 0.00851951 0.00861212 0.00833631 0.0082428 0.00819274 0.00822298 0.00832493 0.00815636 0.00873463 0.00951691 0.00959566 0.00838769 0.00819158 0.00851703 0.0100351 0.0105029 0.00909971 0.00910721 0.00839169 0.00831997 0.00903194 0.0101592 0.0109063 0.0202902 0.0145733 0.0122921 0.0112138 0.0119244 0.0110913 0.0118138 0.0120468 0.0120212 0.0112047 0.0136898 0.0151867 0.0121957 0.0120825 0.0120288 0.0118248 0.0128462 0.0136538 0.0137035 0.0158824 0.0172234 0.0228822 0.0178274 0.0143919 0.0153061 0.0159871 0.0155653 0.0157426 0.0223713 0.0464121 0.0540229 
0.00823446 0.00818056 0.00827187 0.00821988 0.00835853 0.00853651 0.00830938 0.00823391 0.00822244 0.00814592 0.00831793 0.00823562 0.00810812 0.00809528 0.0086094 0.00817108 0.00805924 0.0083439 0.00821825 0.00811182 0.00845413 0.00848361 0.00866111 0.0121065 0 0.0051462 0.00638567 0.926381 0.0216328 0.0123854 0.010397 0.00977688 0.00981532 0.00947541 0.00987449 0.0142051 0.00944848 0.0088632 0.00881086 0.00858567 0.00871167 0.00910345 0.0104096 0.0130304 0.00987009 0.0091909 0.00822628 0.00868469 0.00958574 0.0101368 0.0100193 0.008611 0.00861228 0.00822391 0.00815528 0.00863162 0.00893381 0.00908806 0.00892538 0.00813828 0.00810023 0.00806707 0.00811148 0.00811227 0.00812148 0.00821331 0.00815735 0.00816403 0.0081513 0.00810044 0.00829953 0.00813393 0.00817036 0.00810329 0.00820877 0.00819474 0.00822435 0.00819167 0.00831785 0.00839511 0.00824355 0.00815876 0.0082072 0.008169 0.00817042 0.00834963 0.00867479 0.00907303 0.00921193 
0.00836198 0.00808595 0.00822479 0.0082458 0.00882369 0.0082629 0.0082744 0.00823586 0.00821188 0.00810316 0.00819188 0.00802755 0.00810126 0.00801081 0.00846539 0.00810023 0.00798104 0.00801315 0.0080423 0.00801347 0.00801187 0.00829586 0.00834183 0.00953149 0.0051462 0 0.900128 0.0130171 0.0177581 0.0127429 0.0104454 0.00995791 0.0105894 0.00919294 0.0100563 0.0105717 0.0128778 0.00884426 0.00877642 0.00834029 0.00858156 0.0091471 0.0111678 0.0116374 0.0089644 0.0112189 0.00821179 0.00886383 0.00885743 0.00951415 0.00890178 0.00818249 0.00929686 0.00819041 0.00837932 0.00835387 0.00836148 0.00898984 0.00849096 0.00808022 0.0081704 0.00800857 0.00813254 0.0080912 0.00814024 0.00817401 0.00812432 0.00820973 0.00823726 0.00831467 0.00838095 0.00814087 0.00815023 0.00813338 0.00816044 0.0082026 0.0081389 0.00819299 0.00818828 0.00833315 0.00835111 0.00815295 0.00815974 0.00818727 0.00821931 0.00850436 0.00846871 0.00870103 0.00884188 
0.00805961 0.00804801 0.00812778 0.00811912 0.00838207 0.00856201 0.00819536 0.00816898 0.00815876 0.00806418 0.00808143 0.00810708 0.00809217 0.00803384 0.00813843 0.00806313 0.00799561 0.00797293 0.00803345 0.00798945 0.00806881 0.00810557 0.00811944 0.00889253 0.00638567 0.900128 0 0.00627882 0.020948 0.0190149 0.0122269 0.0114601 0.0106908 0.0121289 0.0131724 0.0168673 0.00937709 0.00893966 0.00866226 0.0085963 0.00857292 0.0088851 0.0103465 0.0134443 0.00958354 0.0086359 0.00822462 0.00867279 0.0101114 0.00992825 0.00988433 0.00844868 0.00814124 0.00823023 0.00820366 0.00866656 0.00860754 0.00893862 0.00869344 0.00802013 0.00802925 0.00798929 0.00803277 0.00804657 0.00803684 0.0081673 0.00805794 0.00816588 0.00815432 0.00804491 0.00815315 0.00806541 0.00808819 0.00801785 0.00814244 0.00813144 0.00817143 0.0081861 0.00833686 0.00813468 0.00816857 0.00809514 0.00815035 0.00813128 0.00811728 0.00830169 0.00874733 0.00877089 0.00891809 
0.0081884 0.00796221 0.00813382 0.00815165 0.00927415 0.00824888 0.00809671 0.00820049 0.00812718 0.00806891 0.00811982 0.00798329 0.00813565 0.00802085 0.00819381 0.00803298 0.00796127 0.00797308 0.00796822 0.00801669 0.00801611 0.00809873 0.00825786 0.0110866 0.926381 0.0130171 0.00627882 0 0.0168595 0.0146241 0.0139687 0.0130631 0.0134501 0.0118426 0.0171331 0.0254161 0.0141252 0.00898235 0.00920979 0.0084672 0.0087876 0.00898055 0.0112669 0.0112361 0.00994746 0.0117077 0.00806465 0.00879332 0.00896623 0.0102537 0.00922205 0.00818135 0.00907624 0.00816578 0.00835181 0.00846825 0.00843251 0.00895699 0.00853658 0.00808474 0.00802898 0.00798022 0.00808093 0.00807713 0.00819857 0.00815398 0.00812435 0.00819331 0.00830093 0.00815887 0.00828555 0.00817017 0.00815376 0.00817481 0.00818476 0.00818793 0.00817937 0.00814903 0.00823139 0.00816801 0.00823161 0.00812864 0.0081803 0.00813803 0.00821737 0.00838833 0.0084967 0.00861523 0.00876447 
0.00834486 0.00818016 0.00837871 0.00838007 0.00883901 0.00855484 0.00823208 0.00824181 0.00837308 0.00825949 0.00834899 0.00837991 0.00847733 0.00824916 0.008162 0.00819062 0.0081218 0.00815458 0.0081922 0.00808591 0.00824262 0.00823159 0.00827293 0.00918315 0.0216328 0.0177581 0.020948 0.0168595 0 0.00414699 0.00382643 0.00385355 0.00383801 0.00394698 0.00454165 0.0126342 0.0114222 0.00913355 0.00969489 0.00949157 0.00927257 0.0112457 0.0134834 0.314711 0.0121817 0.0124999 0.0100426 0.0105654 0.0240687 0.013034 0.0154239 0.0105696 0.00970207 0.00888602 0.00951432 0.0122864 0.0096 0.0108039 0.00896733 0.00810473 0.00793304 0.00800675 0.0079931 0.00801583 0.00814283 0.00815091 0.00821427 0.00828765 0.00854872 0.00823674 0.00810449 0.00801747 0.00799751 0.00800953 0.00819952 0.00809039 0.00818231 0.00810717 0.00876322 0.00822604 0.00800238 0.00798673 0.00804882 0.00795716 0.00815347 0.00827683 0.00922559 0.00845411 0.0083483 
0.00833896 0.00832057 0.00869205 0.00848167 0.00834682 0.00818788 0.00834856 0.00856242 0.00868788 0.00850122 0.00865561 0.00838833 0.00831949 0.00809346 0.00819098 0.0084313 0.00836286 0.00831234 0.00837889 0.00836134 0.00857124 0.00840586 0.00835074 0.00822092 0.0123854 0.0127429 0.0190149 0.0146241 0.00414699 0 0.00380257 0.00378992 0.00379785 0.0038464 0.00505518 0.00445996 0.00925067 0.012248 0.0120497 0.0101714 0.0173062 0.0165296 0.305548 0.0137486 0.00886114 0.011474 0.0110801 0.0264539 0.0108409 0.00958245 0.00939676 0.00845108 0.009451 0.0125731 0.0114628 0.00937994 0.00822914 0.00885295 0.00795903 0.0078814 0.0084292 0.00823667 0.00859645 0.00854968 0.00868042 0.00879066 0.00857545 0.00865341 0.00811891 0.00806803 0.00841108 0.00862977 0.00855707 0.00883434 0.00869816 0.00899315 0.00845881 0.00841939 0.00814448 0.00788235 0.00837923 0.00823176 0.00850279 0.00839739 0.00849855 0.00860152 0.00831269 0.0080167 0.00814771 
0.00831607 0.00825534 0.00872558 0.00840349 0.00833071 0.00810865 0.00833965 0.00852132 0.00877389 0.00852292 0.00869824 0.00839376 0.00830143 0.00809509 0.00814524 0.00841569 0.00833902 0.00835201 0.00837351 0.00839586 0.0085591 0.00839358 0.0083008 0.00826706 0.010397 0.0104454 0.0122269 0.0139687 0.00382643 0.00380257 0 0.00377072 0.00377233 0.00388468 0.00383342 0.00399367 0.00862743 0.0100618 0.011427 0.0175616 0.014755 0.292315 0.0240201 0.0127937 0.00866787 0.010171 0.0173698 0.0139633 0.0110509 0.00883257 0.00856146 0.00809434 0.00967788 0.0132203 0.0125057 0.00895707 0.00808162 0.00846657 0.00790719 0.00803089 0.0083472 0.00875323 0.00907968 0.00907891 0.00954572 0.00919655 0.00924607 0.00868958 0.00831435 0.00818192 0.00848658 0.00885619 0.00890758 0.00885235 0.00932586 0.00908511 0.00896507 0.00840775 0.00808414 0.00797128 0.0084908 0.00850201 0.00871745 0.00858656 0.00884753 0.00874189 0.00851195 0.00796823 0.00797621 
0.00838483 0.00832496 0.0086657 0.00843756 0.00828739 0.0081632 0.00838509 0.00856095 0.00869592 0.00854525 0.00860589 0.0083666 0.00832589 0.00810337 0.00817888 0.00844616 0.00832544 0.00827304 0.00837673 0.00831796 0.00854531 0.00846344 0.00830614 0.00829033 0.00977688 0.00995791 0.0114601 0.0130631 0.00385355 0.00378992 0.00377072 0 0.00376535 0.0037729 0.00380332 0.00380911 0.00861951 0.00925349 0.0163582 0.0137351 0.220736 0.0212018 0.0180629 0.0114914 0.00848123 0.0110685 0.0112804 0.0180327 0.0100813 0.00912961 0.00864838 0.00816865 0.00959983 0.0121303 0.0120012 0.00902071 0.00810452 0.00851043 0.00792971 0.00800387 0.00852517 0.00849833 0.00904791 0.00894761 0.00926391 0.00929029 0.00884259 0.00878713 0.00812956 0.00823384 0.00847787 0.00886269 0.00879169 0.00899171 0.00883223 0.00916467 0.00854549 0.00833433 0.00806199 0.00789376 0.00847256 0.00833901 0.0085505 0.00855481 0.00862141 0.00871244 0.00839955 0.00800126 0.00802525 
0.00832689 0.00825716 0.00865438 0.00839074 0.00833649 0.00815116 0.00837213 0.00849602 0.00866462 0.00843934 0.00866067 0.00836194 0.00831219 0.00811163 0.00814143 0.00841208 0.00828234 0.00828583 0.00834843 0.0083248 0.00846796 0.00831493 0.0083329 0.00823942 0.00981532 0.0105894 0.0106908 0.0134501 0.00383801 0.00379785 0.00377233 0.00376535 0 0.00374937 0.00379652 0.0037725 0.0077758 0.00944865 0.0156324 0.146072 0.0207498 0.0154686 0.016125 0.0118566 0.00832478 0.0107686 0.0104513 0.0164833 0.0106282 0.00900757 0.0086338 0.00830382 0.00952855 0.0129395 0.0107236 0.00942165 0.00809715 0.00840955 0.00790056 0.00806717 0.00851046 0.0086102 0.00926451 0.0087409 0.0092004 0.00922528 0.00893288 0.00866005 0.00839637 0.00820545 0.00853541 0.00874367 0.00879742 0.00881819 0.00888248 0.00879331 0.00857726 0.00834844 0.00804873 0.00795334 0.00846809 0.00844652 0.00867838 0.00846563 0.00866603 0.00858718 0.00846339 0.00799979 0.00804493 
0.00842954 0.00829277 0.00860531 0.00839151 0.00827583 0.00815044 0.00843195 0.00849428 0.00862938 0.00872174 0.00854844 0.00837392 0.00827573 0.00807664 0.00814523 0.00837352 0.00825731 0.0083356 0.00829926 0.00826117 0.00843791 0.00834765 0.0082711 0.00817769 0.00947541 0.00919294 0.0121289 0.0118426 0.00394698 0.0038464 0.00388468 0.0037729 0.00374937 0 0.00376181 0.0037767 0.0078273 0.0123451 0.249869 0.0179433 0.00984762 0.017371 0.0165855 0.0110724 0.00849522 0.00980888 0.0122318 0.015128 0.0105726 0.00872857 0.00850164 0.00811054 0.00950812 0.0116636 0.0140957 0.0087638 0.00812593 0.00835363 0.0078811 0.00820497 0.00828449 0.00879202 0.00886041 0.00888051 0.00914091 0.00906535 0.00866711 0.00864038 0.00806617 0.00830767 0.00839023 0.00894521 0.00876166 0.00909449 0.00889741 0.00895884 0.00849776 0.00819663 0.00799307 0.00804272 0.00833627 0.00843921 0.00839186 0.00848911 0.0085354 0.00860396 0.00816459 0.00794829 0.00795727 
0.00830903 0.00828456 0.00843876 0.00833023 0.00821372 0.00810074 0.00826135 0.00834568 0.00840607 0.00834429 0.00836654 0.0082991 0.00822807 0.00800734 0.00828554 0.00830018 0.00827806 0.00814718 0.00817308 0.0081859 0.00827664 0.0082491 0.00820389 0.00804779 0.00987449 0.0100563 0.0131724 0.0171331 0.00454165 0.00505518 0.00383342 0.00380332 0.00379652 0.00376181 0 0.00380719 0.0113363 0.208216 0.0114403 0.00821699 0.00831672 0.011759 0.0240499 0.0122953 0.0091894 0.0110568 0.0113856 0.0238796 0.00973941 0.0100089 0.00895317 0.00836264 0.00965143 0.0108619 0.00958635 0.00857584 0.00837787 0.00866994 0.00799585 0.00800319 0.00827757 0.00815652 0.00850808 0.00827621 0.00836152 0.00841302 0.00838428 0.00827374 0.00802795 0.00801111 0.00834357 0.00833717 0.00841763 0.00840917 0.00838363 0.00838043 0.00823388 0.00814436 0.00789905 0.0079523 0.00833893 0.00812533 0.00820225 0.00814451 0.00823444 0.00830797 0.0080738 0.00796777 0.00797352 
0.00897037 0.00829261 0.0083054 0.00812929 0.00826579 0.00846799 0.00867595 0.00829212 0.00830131 0.00824606 0.00840625 0.00820733 0.00827434 0.00798842 0.00907975 0.00827381 0.00819308 0.00810822 0.00814138 0.00813432 0.00815461 0.00806375 0.00817588 0.00851951 0.0142051 0.0105717 0.0168673 0.0254161 0.0126342 0.00445996 0.00399367 0.00380911 0.0037725 0.0037767 0.00380719 0 0.361432 0.00830525 0.00834669 0.00753191 0.00810943 0.0101151 0.0108072 0.0264111 0.0139409 0.0327903 0.00961725 0.00968698 0.0128477 0.0175031 0.0137078 0.0108175 0.0145966 0.00920521 0.00889716 0.00907231 0.0106983 0.0112923 0.00906648 0.00882926 0.00819809 0.00802814 0.00803855 0.00812711 0.00809865 0.00833401 0.00816339 0.0079758 0.00827504 0.00886176 0.00823838 0.00821853 0.00805074 0.00827549 0.00815015 0.00815925 0.00803907 0.00799683 0.00795702 0.00857207 0.00820354 0.00795534 0.00800042 0.00810446 0.00802323 0.00803662 0.00819124 0.00853472 0.00824525 
0.00827376 0.00807122 0.00828655 0.00815365 0.00873387 0.00819486 0.00831483 0.0080925 0.00855546 0.00813826 0.00865146 0.00811352 0.00819475 0.00818358 0.00801369 0.00805943 0.00807472 0.00805332 0.0082024 0.00804673 0.00833273 0.00808781 0.00829069 0.00861212 0.00944848 0.0128778 0.00937709 0.0141252 0.0114222 0.00925067 0.00862743 0.00861951 0.0077758 0.0078273 0.0113363 0.361432 0 0.00382669 0.00379409 0.00378867 0.00381231 0.00382624 0.00390444 0.00574693 0.00773382 0.00957488 0.00871459 0.0109503 0.0223566 0.0129045 0.0137632 0.0109954 0.010991 0.0100324 0.0107452 0.0171199 0.00905173 0.0112487 0.00885034 0.00789525 0.00807258 0.0079383 0.00818828 0.00805954 0.00842396 0.00819025 0.0084279 0.00818288 0.00864935 0.00803929 0.00824877 0.00802457 0.00815883 0.00811311 0.00836605 0.00819541 0.00834298 0.0080917 0.00843883 0.00787008 0.00806878 0.00793405 0.00838387 0.00807901 0.0083355 0.00818892 0.00915598 0.00817989 0.00816227 
0.00828505 0.00826865 0.00847428 0.00836839 0.00839402 0.00820019 0.00828163 0.00842596 0.00841363 0.00832383 0.00839259 0.00822641 0.00829762 0.0081374 0.00815199 0.00836044 0.00816193 0.00817716 0.00826101 0.00817864 0.00825477 0.00833913 0.00823146 0.00833631 0.0088632 0.00884426 0.00893966 0.00898235 0.00913355 0.012248 0.0100618 0.00925349 0.00944865 0.0123451 0.208216 0.00830525 0.00382669 0 0.00374867 0.00377166 0.00376522 0.00382565 0.00390625 0.00431229 0.00653096 0.00907899 0.0105072 0.011945 0.0143849 0.00932742 0.00972231 0.00853777 0.00930768 0.0108681 0.0114926 0.00908696 0.00826916 0.00858131 0.00792455 0.00794722 0.00815311 0.00832025 0.00848691 0.00865575 0.00870977 0.00898781 0.00873888 0.00873969 0.00812714 0.00807071 0.00827449 0.00841531 0.00851673 0.00873717 0.00857554 0.00884244 0.00841195 0.00835728 0.00805987 0.00786622 0.00817899 0.00821639 0.00822093 0.00840139 0.0083715 0.00844277 0.0082831 0.00795317 0.00803489 
0.00840881 0.0082689 0.00865611 0.00843217 0.00833492 0.00817807 0.0084298 0.00853988 0.00864116 0.00847979 0.00869731 0.00837408 0.00836859 0.00814179 0.00823464 0.00840869 0.00828405 0.0082546 0.00833011 0.00829513 0.00846708 0.00841642 0.00826435 0.0082428 0.00881086 0.00877642 0.00866226 0.00920979 0.00969489 0.0120497 0.011427 0.0163582 0.0156324 0.249869 0.0114403 0.00834669 0.00379409 0.00374867 0 0.00374563 0.0037704 0.00376246 0.00378296 0.00406312 0.00643231 0.0124249 0.00846761 0.0248056 0.0104002 0.0090726 0.00862781 0.00847146 0.00968105 0.0130683 0.00993286 0.0092464 0.00812218 0.00847145 0.00791854 0.00801086 0.00881643 0.00834063 0.00948058 0.00881374 0.00961874 0.008958 0.00930267 0.00857802 0.00836551 0.00812018 0.00860587 0.00862928 0.00898269 0.00862973 0.00926689 0.0089003 0.00856646 0.00828627 0.0080057 0.00795196 0.00852746 0.00825026 0.00873228 0.00838162 0.00857193 0.0085678 0.00827903 0.00788629 0.00793677 
