1E5DB
QATKIIDGFHLVGAIDWNSRDFHGYTLSPMGTTYNAYLVEDEKTTLFDTVKAEYKGELLCGIASVIDPKKIDYLVIQHLELDHAGALPALIEACQPEKIFTSSLGQKAMESHFHYKDWPVQVVKHGETLSLGKRTVTFYETRMLHWPDSMVSWFADEKVLISNDIFGQNIAASERFSDQIPVHTLERAMREYYANIVNPYAPQTLKAIETLVGAGVAPEFICPDHGVIFRGADQCTFAVQKYVEYAEQKPTNKVVIFYDSMWHSTEKMARVLAESFRDEGCTVKLMWCKACHHSQIMSEISDAGAVIVGSPTHNNGILPYVAGTLQYIKGLRPQNKIGGAFGSFGWSGESTKVLAEWLTGMGFDMPATPVKVKNVPTHADYEQLKTMAQTIARALKAKLAA
CCEEEECCEEEEEEEECCCCEECCCEECCCCEEEEEEEECCCCCEEECCCCHHHHHHHHHHHHCCCCHHHCCEEEECCCCHHHHCCHHHHHHHHCCCEEEECHHHHHHHHHHHCCCCCCEEECCCCCEEECCCCEEEEEECCCCCCCCCEEEEECCCCEEEEECCCCCCCCCCCCEHHHCCHHHHHHHHHHHHHHHCHHHHHHHHHHHHHHHHCCCCCCEEEECCCCEEECHHHHHHHHHHHHHHHHCCCCCEEEEEECCCCCHHHHHHHHHHHHHHHCCCEEEEEECCCCCHHHHHHHHHCCCEEEEECCCECCECCHHHHHHHHHHHHHCCCCCEEEEEEEECCCCHHHHHHHHHHHCCCCECCCCCEEEECCCCHHHHHHHHHHHHHHHHHHHHHCCC
0 0 0 0 0 0 0 0 0 0 0 0 0 0 0 0 0 0 0 0 0 0 0 0 0 0 0 0 0 0 0 0 0 0 0 0 0 0 0 0 0 0 0 0 0 0 0 0 0 0 0 0 0 0 0 0 0 0 0 0 0 0 0 0 0 0 0 0 0 0 0 0 0 0 0 0 0 0 0 0 0 0 0 0 0 0 0 0 0 0 0 0 0 0 0 0 0 0 0 0 0 0 0 0 0 0 0 0 0 0 0 0 0 0 0 0 0 0 0 0 0 0 0 0 0 0 0 0 0 0 0 0 0 0 0 0 0 0 0 0 0 0 0 0 0 0 0 0 0 0 0 0 0 0 0 0 0 0 0 0 0 0 0 0 0 0 0 0 0 0 0 0 0 0 0 0 0 0 0 0 0 0 0 0 0 0 0 0 0 0 0 0 0 0 0 0 0 0 0 0 0 0 0 0 0 0 0 0 0 0 0 0 0 0 0 0 0 0 0 0 0 0 0 0 0 0 0 0 0 0 0 0 0 0 0 0 0 0 0 0 0 0 0 0 0 0 0 0 0 0 0 0 0 0 0 0 0 0 0 0 0 0 0 0 0 0 0 0 0 0 0 0 0 0 0 0 0 0 0 0 0 0 0 0 0 0 0 0 0 0 0 0 0 0 0 0 0 0 0 0 0 0 0 0 0 0 0 0 0 0 0 0 0 0 0 0 0 0 0 0 0 0 0 0 0 0 0 0 0 0 0 0 0 0 0 0 0 0 0 0 0 0 0 0 0 0 0 0 0 0 0 0 0 0 0 0 0 0 0 0 0 0 0 0 0 0 0 0 0 0 0 0 0 0 0 0 0 0 0 0 0 0 0 0 0 0 0 0 0 0 0 0 0 0 0 0 0 0 0 0 0 
0 0 0 0 0 0 0 0 0 0 0 0 0 0 0 0 0 0 0 0 0 0 0 0 0 0 0 0 0 0 0 0 0 0 0 0 0 0 0 0 0 0 0 0 0 0 0 0 0 0 0 0 0 0 0 0 0 0 0 0 0 0 0 0 0 0 0 0 0 0 0 0 0 0 0 0 0 0 0 0 0 0 0 0 0 0 0 0 0 0 0 0 0 0 0 0 0 0 0 0 0 0 0 0 0 0 0 0 0 0 0 0 0 0 0 0 0 0 0 0 0 0 0 0 0 0 0 0 0 0 0 0 0 0 0 0 0 0 0 0 0 0 0 0 0 0 0 0 0 0 0 0 0 0 0 0 0 0 0 0 0 0 0 0 0 0 0 0 0 0 0 0 0 0 0 0 0 0 0 0 0 0 0 0 0 0 0 0 0 0 0 0 0 0 0 0 0 0 0 0 0 0 0 0 0 0 0 0 0 0 0 0 0 0 0 0 0 0 0 0 0 0 0 0 0 0 0 0 0 0 0 0 0 0 0 0 0 0 0 0 0 0 0 0 0 0 0 0 0 0 0 0 0 0 0 0 0 0 0 0 0 0 0 0 0 0 0 0 0 0 0 0 0 0 0 0 0 0 0 0 0 0 0 0 0 0 0 0 0 0 0 0 0 0 0 0 0 0 0 0 0 0 0 0 0 0 0 0 0 0 0 0 0 0 0 0 0 0 0 0 0 0 0 0 0 0 0 0 0 0 0 0 0 0 0 0 0 0 0 0 0 0 0 0 0 0 0 0 0 0 0 0 0 0 0 0 0 0 0 0 0 0 0 0 0 0 0 0 0 0 0 0 0 0 0 0 0 0 0 0 0 0 0 0 0 0 0 0 0 0 0 0 0 0 0 0 0 0 0 0 0 
0 0.00401558 0.00491506 0.0086395 0.00584863 0.00773662 0.166943 0.0990807 0.0321108 0.0140299 0.0142952 0.0252501 0.0101543 0.0184465 0.0132346 0.0176709 0.0157197 0.011415 0.0124139 0.011192 0.0119634 0.0117596 0.0135328 0.0227625 0.0225558 0.0116445 0.0211217 0.0144008 0.0103385 0.0104406 0.0138621 0.00953064 0.00860382 0.0097875 0.0140737 0.00905271 0.00829402 0.0103675 0.00920282 0.00874316 0.00978895 0.00907929 0.00829313 0.00843689 0.0084128 0.00855921 0.0100254 0.00844972 0.00807694 0.00814645 0.00849434 0.0093121 0.00874409 0.00818112 0.00831287 0.00831566 0.00897844 0.00891044 0.0086238 0.0082191 0.00836442 0.00855411 0.00846433 0.00835701 0.00911949 0.00853844 0.00843511 0.00848347 0.00854009 0.00835487 0.00877609 0.00865077 0.00845651 0.00828846 0.00833165 0.00830606 0.00881346 0.00864352 0.00862722 0.00872346 0.00865413 0.00918283 0.00898814 0.00891195 0.0088556 0.0086398 0.00867234 0.00864885 0.00867615 0.00861206 0.00865048 0.00925592 0.0115926 0.01099 0.0100168 0.0105808 0.0111604 
0.00401558 0 0.00431689 0.00394671 0.00494001 0.153343 0.128081 0.0161817 0.00957933 0.0113263 0.0193304 0.00922599 0.0106003 0.00942283 0.0111329 0.0103947 0.0117477 0.0190846 0.0129182 0.0146488 0.0132562 0.0180126 0.0197426 0.0100954 0.0144338 0.0174343 0.01145 0.0109449 0.0165166 0.0156173 0.00959291 0.00913324 0.00921982 0.0100304 0.00939484 0.00833256 0.00836718 0.00868762 0.00859765 0.00828226 0.00864531 0.00860777 0.0084281 0.0090324 0.00866549 0.0085273 0.00846331 0.00802718 0.00842472 0.0084663 0.00845144 0.00833949 0.00812952 0.0085568 0.00844595 0.0085053 0.00817597 0.00809112 0.00813217 0.00825213 0.0083409 0.00812753 0.00816559 0.00833944 0.00831288 0.00825218 0.00845364 0.00864806 0.00859846 0.00839368 0.00829474 0.00839972 0.00839351 0.00832454 0.00838859 0.00830749 0.00836162 0.00847786 0.0087505 0.00861445 0.008634 0.00843952 0.00842288 0.00839588 0.00861409 0.00873736 0.00871204 0.00867463 0.00866357 0.00865556 0.00858214 0.00846016 0.0100154 0.00969886 0.00983732 0.00964656 0.00993738 
0.00491506 0.00431689 0 0.00397123 0.00651951 0.262366 0.00921333 0.00724787 0.00869536 0.011052 0.00936219 0.0082433 0.00913868 0.011437 0.0126672 0.0104475 0.0134303 0.0145638 0.0128357 0.0104629 0.0128205 0.014348 0.0142409 0.0124803 0.0139651 0.021793 0.0114147 0.012083 0.0167498 0.0131844 0.0100017 0.00925562 0.0112115 0.0095089 0.00919484 0.0100064 0.00828171 0.008232 0.00940042 0.00956137 0.00806376 0.00905845 0.00917159 0.00847562 0.00877997 0.00868213 0.00827708 0.00866104 0.00843307 0.00850685 0.00838042 0.00820895 0.00887643 0.00850135 0.00849874 0.00822774 0.00812401 0.00806876 0.0083488 0.0082243 0.00817473 0.00798299 0.00842188 0.00830212 0.00809369 0.00839356 0.00848222 0.00858356 0.00855624 0.00843298 0.00823575 0.00839961 0.00855763 0.00828059 0.00828937 0.00831022 0.00818939 0.00858346 0.00875982 0.00860115 0.00864893 0.00830543 0.00842459 0.00840253 0.00876538 0.0086785 0.00868709 0.00863658 0.00864242 0.00864555 0.0084814 0.00854972 0.00934602 0.0114598 0.00917853 0.0108736 0.00892407 
0.0086395 0.00394671 0.00397123 0 0.870524 0.00583071 0.00461823 0.00531706 0.00684473 0.00690633 0.00787649 0.00829158 0.0111928 0.0108132 0.0145091 0.0112053 0.0207973 0.0114561 0.0102015 0.0104454 0.0102996 0.010916 0.0117719 0.0126991 0.0269959 0.0109636 0.0172145 0.0159602 0.0108363 0.0102834 0.0129073 0.011075 0.00898045 0.00878268 0.0103941 0.00942906 0.00809137 0.00843985 0.0100372 0.00822167 0.00855845 0.010386 0.00842279 0.00858537 0.00841269 0.00823969 0.00856781 0.00934909 0.00826018 0.00820424 0.00809455 0.00831471 0.0092007 0.00839785 0.00832491 0.00803935 0.00827193 0.00837308 0.00853365 0.00810301 0.00792326 0.00796975 0.00876735 0.0080327 0.00802462 0.00868195 0.00846719 0.00836894 0.00838771 0.00818663 0.00816304 0.00876299 0.00834941 0.0082402 0.00820349 0.0081739 0.00813969 0.00911066 0.008789 0.0084895 0.00846349 0.00829633 0.00882819 0.00880739 0.00907965 0.00861085 0.00849911 0.00852773 0.00856442 0.00844832 0.00835114 0.00859842 0.0105826 0.011281 0.00962503 0.00962199 0.00936022 
0.00584863 0.00494001 0.00651951 0.870524 0 0.00390777 0.00381144 0.00383172 0.00393109 0.00423446 0.0052856 0.0116495 0.00957571 0.0175786 0.0130698 0.023474 0.0263582 0.0144831 0.0130742 0.0130087 0.0131857 0.0129304 0.0162388 0.179022 0.0251094 0.0139791 0.0317871 0.0194171 0.0127489 0.012865 0.0224864 0.0102285 0.00930763 0.0102264 0.0203921 0.00908294 0.00837119 0.0115703 0.00907711 0.00854599 0.0104688 0.00919448 0.00852626 0.00865452 0.00873441 0.00917922 0.0118701 0.00861051 0.00833665 0.00843178 0.00890329 0.0106112 0.00886929 0.00836113 0.00850005 0.00872619 0.00992984 0.00907207 0.00948462 0.00816434 0.00846829 0.00889411 0.00885329 0.00828399 0.00948513 0.00832384 0.0083464 0.00852125 0.00851776 0.00841895 0.00900007 0.00833956 0.00826932 0.0082072 0.00822851 0.00828376 0.00868802 0.00854112 0.00857884 0.00866399 0.00867209 0.00920857 0.00878727 0.0087091 0.00866273 0.00855362 0.00855435 0.00850717 0.00857704 0.00848468 0.00848095 0.00910569 0.0104767 0.0101797 0.00924598 0.0100743 0.0102954 
0.00773662 0.153343 0.262366 0.00583071 0.00390777 0 0.00383231 0.00384746 0.00386626 0.00395854 0.00542303 0.00525148 0.0102466 0.0101636 0.0142232 0.0128809 0.0193825 0.0319802 0.0236731 0.0208084 0.0229806 0.0254094 0.206777 0.0138799 0.020839 0.0304383 0.0148714 0.015895 0.0284743 0.0256796 0.0140465 0.00940533 0.0112844 0.0135669 0.0113921 0.00837243 0.00860669 0.00921801 0.00829998 0.00862193 0.00872306 0.00861315 0.00966369 0.00983127 0.0103178 0.00969372 0.00917874 0.00848067 0.00929445 0.00924273 0.00893775 0.00871469 0.00845721 0.00897102 0.00913716 0.0089949 0.00844116 0.00808499 0.00819522 0.00835411 0.00846756 0.008227 0.00810699 0.00841262 0.00835945 0.00820172 0.00861255 0.00907653 0.00898371 0.00857021 0.00851258 0.00819627 0.00835887 0.00838518 0.00833911 0.00830564 0.00830154 0.00852171 0.00921674 0.00902069 0.00895412 0.00850962 0.00835541 0.00840372 0.00858544 0.00912546 0.00898794 0.00898541 0.00897621 0.00885974 0.00873766 0.00847551 0.00908206 0.00934444 0.00919652 0.00964222 0.00926601 
0.166943 0.128081 0.00921333 0.00461823 0.00381144 0.00383231 0 0.00379547 0.00383158 0.00391176 0.00386499 0.00413332 0.00704807 0.00833841 0.00961702 0.00998578 0.0131447 0.0243039 0.0344529 0.0319694 0.0327553 0.222393 0.0199654 0.0132939 0.0165848 0.0188311 0.0153067 0.0148403 0.0362437 0.0300345 0.0149438 0.00931155 0.013572 0.0145355 0.0106446 0.00851469 0.0084924 0.0085883 0.00841979 0.00866288 0.00863854 0.00869273 0.0101256 0.0129811 0.0148597 0.0107466 0.00879375 0.0087104 0.00980603 0.0117716 0.00939536 0.00838458 0.00860047 0.0092761 0.0111764 0.0093292 0.0084966 0.00791461 0.00834008 0.00860755 0.0085593 0.00820436 0.00827364 0.00840884 0.00817568 0.00824367 0.00866852 0.0092841 0.00924186 0.00868166 0.00833869 0.00820493 0.00839727 0.00838367 0.0084142 0.00836532 0.00824514 0.00861807 0.00907297 0.0090639 0.00881141 0.00841944 0.00823321 0.00826311 0.00853558 0.00891802 0.00896727 0.0089114 0.00889884 0.00892281 0.00864058 0.00838162 0.0087188 0.00932006 0.00889676 0.00944105 0.00880087 
0.0990807 0.0161817 0.00724787 0.00531706 0.00383172 0.00384746 0.00379547 0 0.00379357 0.00383767 0.00385031 0.00392032 0.00700312 0.00780329 0.00984759 0.0109184 0.0142556 0.0179046 0.0319673 0.0268234 0.217067 0.034439 0.0228033 0.0125859 0.0171834 0.0169196 0.0160399 0.0160742 0.030722 0.0308679 0.015938 0.00954432 0.013097 0.0148088 0.0111419 0.00851734 0.00843915 0.0086076 0.00840183 0.00862971 0.00865842 0.00883457 0.0101219 0.0139278 0.0152566 0.010948 0.00873473 0.00868261 0.0102489 0.0118053 0.00964112 0.00838599 0.00862408 0.00944303 0.0112949 0.0095564 0.00835464 0.00792733 0.00839479 0.00850504 0.00850656 0.00818264 0.00826816 0.00835892 0.00809906 0.00822905 0.00861867 0.00927259 0.00915859 0.00867105 0.00832861 0.00821949 0.00836307 0.00832023 0.00835264 0.00834716 0.00825566 0.00863527 0.00904157 0.00898008 0.0087522 0.00843747 0.00824671 0.00827363 0.00850956 0.00886693 0.00894731 0.00886567 0.00881252 0.00887047 0.00862167 0.00838072 0.00874433 0.00932761 0.00892661 0.00934952 0.00877472 
0.0321108 0.00957933 0.00869536 0.00684473 0.00393109 0.00386626 0.00383158 0.00379357 0 0.00380683 0.00381804 0.00449008 0.00688562 0.0131132 0.0121171 0.0140514 0.0126128 0.0225991 0.0267708 0.219351 0.0284636 0.036049 0.0218304 0.0153245 0.0169003 0.0203074 0.0169482 0.0176899 0.0348718 0.0314275 0.0176279 0.00976253 0.0130336 0.0158194 0.0112281 0.00872532 0.00855268 0.00865999 0.0085421 0.00878388 0.00877086 0.0090026 0.0110397 0.0136595 0.0149575 0.0105909 0.00892615 0.00898231 0.0102409 0.0115628 0.00945062 0.00845138 0.00885934 0.00946565 0.0112232 0.00931036 0.00841754 0.00795439 0.00836991 0.00849035 0.00849385 0.00822513 0.0082506 0.00839697 0.00814498 0.00822907 0.00857328 0.00901657 0.00910664 0.0086254 0.00833837 0.00822328 0.00835661 0.00832844 0.00836922 0.00838801 0.00824356 0.00868503 0.00894912 0.00893256 0.00881266 0.00842193 0.00823806 0.00826488 0.00852937 0.00882813 0.00889129 0.00882732 0.00882278 0.00882261 0.00864055 0.00836979 0.00887042 0.00932398 0.0089659 0.0093458 0.0087842 
0.0140299 0.0113263 0.011052 0.00690633 0.00423446 0.00395854 0.00391176 0.00383767 0.00380683 0 0.00380412 0.00377087 0.00727621 0.0389981 0.012573 0.00981504 0.0135203 0.0174726 0.237073 0.0243673 0.0301745 0.0361057 0.0254223 0.0133363 0.0199228 0.0194413 0.0179562 0.0153143 0.0420662 0.0351741 0.0156401 0.00951483 0.0136324 0.0158524 0.0112445 0.00870355 0.00849259 0.00865213 0.0084439 0.008705 0.00872007 0.00906282 0.0109669 0.0125026 0.0147539 0.0104025 0.00889182 0.00877552 0.0100716 0.0120681 0.00939415 0.00849247 0.00862765 0.00955757 0.0109634 0.00924775 0.00854614 0.0079569 0.00834537 0.00848937 0.00847768 0.00817187 0.00824874 0.00840667 0.00815075 0.00824823 0.00860368 0.00950863 0.00923939 0.00871936 0.00833102 0.00823454 0.00840151 0.00833577 0.0083742 0.00840763 0.00825017 0.00857921 0.00909963 0.00915134 0.00882462 0.00846329 0.00824362 0.0082633 0.00847843 0.00889372 0.00895025 0.00889618 0.00885147 0.00892604 0.00865701 0.00838642 0.00881903 0.0093224 0.00899859 0.00939847 0.00876196 
0.0142952 0.0193304 0.00936219 0.00787649 0.0052856 0.00542303 0.00386499 0.00385031 0.00381804 0.00380412 0 0.00380497 0.0369092 0.127339 0.0132416 0.0151792 0.0139744 0.199859 0.0153654 0.0156725 0.0147113 0.0206832 0.0277442 0.0143459 0.0148508 0.0415078 0.0186485 0.0123884 0.0234925 0.0365103 0.013568 0.00989001 0.0112521 0.0143405 0.0103284 0.00886258 0.00857866 0.00854763 0.00911923 0.00863446 0.00836494 0.00927268 0.00926559 0.00964798 0.00972501 0.00972968 0.00861806 0.00893747 0.00897651 0.00907459 0.00911961 0.00835026 0.00888603 0.0088361 0.00921265 0.00895009 0.00829743 0.00797261 0.00835567 0.00834994 0.00827151 0.00804063 0.00831204 0.0082865 0.00806486 0.0082643 0.00854573 0.00866716 0.00866556 0.00849222 0.00823671 0.00823573 0.0083037 0.00824729 0.00826308 0.00831189 0.00815933 0.00845363 0.00886091 0.00877773 0.00880568 0.00832461 0.00823068 0.0082728 0.00847093 0.00870185 0.00873475 0.00868039 0.0086951 0.0086384 0.0084538 0.00831371 0.00889495 0.00939349 0.00896841 0.00916345 0.008658 
0.0252501 0.00922599 0.0082433 0.00829158 0.0116495 0.00525148 0.00413332 0.00392032 0.00449008 0.00377087 0.00380497 0 0.112232 0.0134339 0.0199598 0.0109897 0.159903 0.0116477 0.0111758 0.0102202 0.0119274 0.0114657 0.012382 0.0179698 0.0252658 0.010823 0.0312454 0.0217662 0.0120012 0.0110576 0.0190847 0.0116396 0.00982217 0.00927899 0.0114536 0.0109963 0.00826232 0.00908097 0.0106929 0.00843979 0.00849353 0.0108264 0.00889408 0.00865331 0.00880138 0.00861485 0.00890555 0.0106379 0.00860548 0.00853419 0.00831987 0.00854214 0.0100675 0.00881711 0.00864943 0.00834127 0.00843631 0.0090901 0.00862607 0.00821153 0.00807187 0.00801896 0.00886086 0.00809329 0.00802947 0.00870964 0.0084091 0.00846216 0.00859835 0.00818797 0.00814118 0.00858585 0.00831406 0.00824271 0.00822214 0.0081782 0.00815432 0.00902687 0.00869061 0.00853113 0.00837199 0.00833087 0.00869636 0.00875268 0.00900943 0.00853141 0.00841635 0.00843766 0.00843715 0.00838929 0.00827421 0.00859971 0.00974276 0.0110067 0.00892326 0.00932598 0.00880129 
0.0101543 0.0106003 0.00913868 0.0111928 0.00957571 0.0102466 0.00704807 0.00700312 0.00688562 0.00727621 0.0369092 0.112232 0 0.00469553 0.0059195 0.589877 0.0091769 0.00985661 0.0087813 0.0119651 0.00876961 0.00917113 0.0125397 0.0132512 0.0167381 0.0176661 0.0156426 0.0123368 0.0111809 0.0120446 0.0131148 0.0100225 0.00868603 0.00946677 0.0127479 0.00850337 0.00831921 0.00900038 0.00931522 0.00816291 0.00904433 0.00938491 0.00826733 0.00866088 0.00825858 0.0082658 0.00886542 0.00822216 0.00815192 0.00808896 0.00815953 0.00849288 0.00828493 0.00828412 0.00805598 0.0080823 0.00842554 0.00873524 0.00844658 0.00798057 0.00798236 0.00808906 0.00814606 0.00798868 0.00832082 0.00815687 0.00812276 0.00820105 0.00820968 0.00814498 0.0081689 0.00841373 0.00813531 0.00802086 0.00811967 0.00810366 0.00816949 0.00839063 0.00843737 0.00836812 0.00836052 0.0083427 0.00844664 0.00842642 0.00848138 0.00835325 0.0082668 0.00827867 0.00825338 0.00823331 0.00824112 0.00830925 0.010554 0.00939828 0.00942243 0.00906079 0.00929661 
0.0184465 0.00942283 0.011437 0.0108132 0.0175786 0.0101636 0.00833841 0.00780329 0.0131132 0.0389981 0.127339 0.0134339 0.00469553 0 0.738561 0.00647584 0.0154273 0.00993193 0.0139914 0.0095194 0.00975564 0.00972538 0.0127997 0.0161001 0.0204013 0.0252045 0.0205646 0.0192974 0.0117447 0.0124099 0.0150266 0.0102308 0.0102162 0.00952093 0.0114446 0.0107973 0.00821507 0.00871068 0.00906043 0.00902269 0.00821994 0.00909897 0.00872441 0.00820717 0.00837222 0.00838506 0.00846558 0.00921843 0.00821012 0.00823901 0.00817708 0.00832901 0.00946317 0.00824696 0.00828417 0.00817231 0.00821281 0.00871247 0.00833017 0.00806223 0.00803063 0.00804594 0.00836025 0.00810819 0.00811205 0.00831909 0.0082103 0.00827389 0.00825713 0.00816463 0.00836742 0.00831305 0.00837264 0.0081552 0.00814905 0.00824828 0.0082218 0.00863108 0.00868911 0.00852263 0.008637 0.00855518 0.00852035 0.00860542 0.00878424 0.00864978 0.00842101 0.00842747 0.00848069 0.00842051 0.00846747 0.00856158 0.00933173 0.0110019 0.00879761 0.00998728 0.00879291 
0.0132346 0.0111329 0.0126672 0.0145091 0.0130698 0.0142232 0.00961702 0.00984759 0.0121171 0.012573 0.0132416 0.0199598 0.0059195 0.738561 0 0.0046666 0.00817261 0.0912461 0.021523 0.0082005 0.00753234 0.00813684 0.011351 0.0220253 0.015971 0.0235929 0.0232095 0.0157781 0.0131328 0.0131548 0.018862 0.0101437 0.00951827 0.00974956 0.0165763 0.00957042 0.00843607 0.0103768 0.00926662 0.00880304 0.00937185 0.00925729 0.00892395 0.00847741 0.00856304 0.00870332 0.0101765 0.00865141 0.00846125 0.00828155 0.00844243 0.00935029 0.00892837 0.00846034 0.00834596 0.00831851 0.00893179 0.00948884 0.00884016 0.00817461 0.00814091 0.00832254 0.00852149 0.00817052 0.00867859 0.00850806 0.00833654 0.00827673 0.0083136 0.00825866 0.00841984 0.00837063 0.00827868 0.00809962 0.00815873 0.00813843 0.00830938 0.00857307 0.00873836 0.00851304 0.00861591 0.00877329 0.00868991 0.00863778 0.00866087 0.00867625 0.00845583 0.00838663 0.0084335 0.00834016 0.00832494 0.00877754 0.0106579 0.0105062 0.00897638 0.00987 0.00978193 
0.0176709 0.0103947 0.0104475 0.0112053 0.023474 0.0128809 0.00998578 0.0109184 0.0140514 0.00981504 0.0151792 0.0109897 0.589877 0.00647584 0.0046666 0 0.0972837 0.0208591 0.0069975 0.00642362 0.00662531 0.00755826 0.0123701 0.0091488 0.0183147 0.0177041 0.0185626 0.0175098 0.0124327 0.0121821 0.0126495 0.0123775 0.0097867 0.00996957 0.0109062 0.010118 0.00860669 0.0089278 0.0106685 0.00863203 0.00875939 0.0112006 0.0085455 0.00857308 0.00831834 0.00844132 0.00887983 0.0097421 0.00854302 0.00818482 0.00818548 0.00839283 0.00919973 0.0086231 0.00812095 0.00829796 0.00827531 0.00883182 0.00843625 0.00813924 0.00806198 0.0080521 0.0086188 0.00818414 0.00816661 0.00847885 0.00825287 0.00817933 0.00816483 0.00812812 0.00827727 0.00857255 0.00814721 0.00810744 0.00810003 0.00809195 0.00817811 0.00881249 0.00875722 0.00835172 0.00851463 0.00843027 0.00876444 0.00884862 0.00879618 0.00867336 0.00838261 0.00835004 0.00840053 0.00830206 0.00846727 0.00844142 0.010131 0.0101361 0.00930191 0.00894674 0.00901754 
0.0157197 0.0117477 0.0134303 0.0207973 0.0263582 0.0193825 0.0131447 0.0142556 0.0126128 0.0135203 0.0139744 0.159903 0.0091769 0.0154273 0.00817261 0.0972837 0 0.00392529 0.00380659 0.00381756 0.00385685 0.00417606 0.00528116 0.0111842 0.0132881 0.0108376 0.0264249 0.0287111 0.013123 0.0149847 0.0253656 0.0120207 0.00980799 0.0112271 0.0237405 0.00926535 0.0085515 0.0130755 0.00947449 0.00863001 0.0116895 0.00949284 0.00872759 0.00892845 0.0089585 0.00937454 0.0135892 0.00886283 0.00843418 0.0084785 0.00910647 0.0116245 0.00884424 0.00825419 0.00849099 0.00883255 0.0108956 0.00937209 0.00866652 0.00807711 0.00824403 0.00884414 0.00880866 0.00814438 0.00986368 0.00885594 0.00814808 0.00835178 0.00830476 0.00826761 0.00864632 0.00817703 0.00814151 0.00806984 0.00817389 0.00809723 0.00836429 0.00829394 0.00840036 0.00843156 0.00841049 0.00871187 0.00850184 0.00844802 0.00839567 0.00830192 0.00830486 0.00829879 0.00830893 0.00825873 0.00821657 0.00867165 0.00973676 0.00913805 0.00883662 0.00922825 0.00942855 
0.011415 0.0190846 0.0145638 0.0114561 0.0144831 0.0319802 0.0243039 0.0179046 0.0225991 0.0174726 0.199859 0.0116477 0.00985661 0.00993193 0.0912461 0.0208591 0.00392529 0 0.00383156 0.00380977 0.00383115 0.00395896 0.00509667 0.00526881 0.00868236 0.020754 0.0123961 0.0216907 0.0380522 0.0271712 0.015284 0.0104152 0.0135853 0.0149986 0.0126599 0.00872478 0.00871927 0.00956734 0.00846298 0.00891155 0.00910491 0.00878803 0.0099032 0.0107399 0.0107251 0.0107028 0.00976329 0.00864503 0.00976485 0.00945802 0.00919195 0.00890179 0.00850883 0.00926238 0.00924095 0.00913049 0.00855987 0.00812056 0.00815869 0.00831035 0.00845795 0.0081491 0.00805893 0.00835994 0.00840134 0.00810691 0.00856274 0.00884301 0.00886177 0.00836159 0.00830297 0.0080928 0.00820839 0.00826771 0.00828291 0.00816647 0.00823887 0.00835555 0.00882083 0.00879414 0.00866232 0.008324 0.00825578 0.00829101 0.00835836 0.00872511 0.00870435 0.00872995 0.00872805 0.00861651 0.00843101 0.00831124 0.00861505 0.0088833 0.00879423 0.00907175 0.00857728 
0.0124139 0.0129182 0.0128357 0.0102015 0.0130742 0.0236731 0.0344529 0.0319673 0.0267708 0.237073 0.0153654 0.0111758 0.0087813 0.0139914 0.021523 0.0069975 0.00380659 0.00383156 0 0.00378091 0.00379317 0.00382232 0.00383489 0.00412601 0.00958754 0.00997016 0.0106012 0.0201686 0.0343046 0.0339266 0.0141914 0.010004 0.0158524 0.0147262 0.0114718 0.00881678 0.00849586 0.00890731 0.00860648 0.00881885 0.00894368 0.00883824 0.0109014 0.0154672 0.018689 0.0116766 0.00911974 0.00894757 0.0104668 0.0123823 0.00966445 0.00854792 0.00880972 0.00936332 0.0121562 0.00941838 0.00876938 0.00796525 0.00828232 0.0085516 0.00854011 0.00813599 0.00822246 0.00839006 0.00823184 0.00817402 0.00858025 0.00917153 0.00922782 0.00849943 0.00818653 0.00809432 0.00832058 0.00822909 0.00826395 0.0082556 0.00811139 0.00837948 0.00885838 0.00890369 0.00855914 0.00825026 0.00818665 0.0082037 0.00837474 0.00865486 0.00868445 0.0086626 0.00865654 0.00861724 0.00837062 0.00827505 0.00838453 0.00885807 0.00863952 0.00901278 0.00838204 
0.011192 0.0146488 0.0104629 0.0104454 0.0130087 0.0208084 0.0319694 0.0268234 0.219351 0.0243673 0.0156725 0.0102202 0.0119651 0.0095194 0.0082005 0.00642362 0.00381756 0.00380977 0.00378091 0 0.00376148 0.0038109 0.00382626 0.00386624 0.00827079 0.0081504 0.0153419 0.024382 0.035244 0.0283595 0.0152513 0.0108402 0.0131205 0.0193132 0.0117019 0.0086308 0.00859854 0.00893676 0.00877009 0.00862394 0.00911481 0.0092252 0.0103751 0.0192006 0.0194423 0.0117953 0.00925953 0.00896352 0.0106826 0.0135744 0.00970299 0.00864854 0.00867009 0.00980352 0.0114493 0.00984597 0.00865748 0.00800109 0.00832599 0.00845105 0.00850646 0.00813314 0.0082009 0.00833141 0.00808059 0.0081371 0.0086563 0.00904836 0.00893212 0.00848036 0.00820597 0.00805488 0.00824355 0.00820722 0.00822632 0.00820977 0.00811931 0.00846897 0.00882882 0.00879451 0.00853391 0.00828428 0.00819707 0.00820296 0.00833706 0.00857642 0.00862947 0.00860541 0.00858993 0.00849595 0.00835862 0.0082485 0.00838311 0.0086121 0.00870099 0.00884625 0.00843178 
0.0119634 0.0132562 0.0128205 0.0102996 0.0131857 0.0229806 0.0327553 0.217067 0.0284636 0.0301745 0.0147113 0.0119274 0.00876961 0.00975564 0.00753234 0.00662531 0.00385685 0.00383115 0.00379317 0.00376148 0 0.00378286 0.00379852 0.00378827 0.00796264 0.0118149 0.0556567 0.0266326 0.033511 0.0313739 0.0167598 0.0102034 0.0187599 0.0154084 0.0117036 0.00893334 0.00862515 0.00885094 0.00846282 0.00896679 0.00896047 0.00891281 0.0127638 0.0192719 0.0218383 0.0132225 0.00917302 0.00926614 0.0119678 0.0136424 0.0104343 0.00869764 0.00918963 0.0102036 0.0133537 0.00984964 0.00879891 0.0079179 0.00829423 0.00848848 0.00849571 0.00815461 0.00819997 0.00842472 0.00811578 0.00810649 0.00867708 0.00899438 0.00908692 0.00846492 0.00818197 0.00804978 0.00829457 0.00820862 0.00822952 0.00823607 0.0081186 0.00837662 0.0087558 0.00887868 0.00861037 0.00828928 0.00819826 0.0082023 0.0083129 0.00856641 0.00861069 0.00861744 0.0085968 0.00854523 0.00837306 0.00827036 0.00829288 0.00872155 0.00863688 0.00895604 0.00841172 
0.0117596 0.0180126 0.014348 0.010916 0.0129304 0.0254094 0.222393 0.034439 0.036049 0.0361057 0.0206832 0.0114657 0.00917113 0.00972538 0.00813684 0.00755826 0.00417606 0.00395896 0.00382232 0.0038109 0.00378286 0 0.00379817 0.00377011 0.0118336 0.0316959 0.328368 0.0212119 0.0400397 0.0410696 0.0179425 0.0109139 0.017996 0.0229684 0.0123566 0.0089347 0.00873881 0.00942271 0.00883665 0.00892775 0.00933142 0.00932649 0.011461 0.0206519 0.022246 0.0121354 0.00963926 0.00932638 0.0114894 0.0161676 0.0102732 0.00872721 0.0088714 0.0106348 0.0136476 0.0101786 0.00900537 0.00801068 0.00834894 0.00857227 0.00878699 0.00821947 0.00826421 0.00848319 0.00823434 0.00822702 0.00864582 0.00953057 0.0093818 0.00868447 0.00829526 0.00811493 0.00828395 0.00831248 0.00832193 0.00829886 0.00816681 0.00856474 0.00904816 0.00903957 0.00868061 0.00834116 0.00819689 0.00821974 0.00840493 0.00872408 0.00873418 0.00870985 0.0087081 0.00867415 0.00848244 0.00828821 0.00847195 0.00877896 0.00876347 0.00902196 0.00850429 
0.0135328 0.0197426 0.0142409 0.0117719 0.0162388 0.206777 0.0199654 0.0228033 0.0218304 0.0254223 0.0277442 0.012382 0.0125397 0.0127997 0.011351 0.0123701 0.00528116 0.00509667 0.00383489 0.00382626 0.00379852 0.00379817 0 0.00382773 0.0314593 0.399712 0.0150116 0.0198027 0.039857 0.07097 0.0208993 0.0116368 0.0168209 0.0304394 0.0121394 0.00962966 0.0105215 0.0089972 0.0100353 0.00945439 0.00919147 0.0105451 0.010563 0.012609 0.0127056 0.0123574 0.0090974 0.0100494 0.0105258 0.0105081 0.00999379 0.00851136 0.00969967 0.00994804 0.0103964 0.0100671 0.00862975 0.0080838 0.00838215 0.00856403 0.00856789 0.00810105 0.0084851 0.00843461 0.00820337 0.00833895 0.00891271 0.00881807 0.00892119 0.00858154 0.00820205 0.00826005 0.00827139 0.00826092 0.00821571 0.00823529 0.00810286 0.00849404 0.00884888 0.00878349 0.00879739 0.00836187 0.00821919 0.00826557 0.00843539 0.00867624 0.00866212 0.00865934 0.00866294 0.00857125 0.00848412 0.00835135 0.00880242 0.00896563 0.00890908 0.00895564 0.00851775 
0.0227625 0.0100954 0.0124803 0.0126991 0.179022 0.0138799 0.0132939 0.0125859 0.0153245 0.0133363 0.0143459 0.0179698 0.0132512 0.0161001 0.0220253 0.0091488 0.0111842 0.00526881 0.00412601 0.00386624 0.00378827 0.00377011 0.00382773 0 0.350741 0.0130397 0.0180733 0.0337791 0.0170123 0.0167519 0.041184 0.0146743 0.0122678 0.0112218 0.0186374 0.0178764 0.00852679 0.0101995 0.0113171 0.0095242 0.00953834 0.01174 0.0102225 0.00933425 0.0100833 0.00986348 0.010708 0.0130277 0.00955417 0.00902833 0.00884516 0.00919558 0.0123423 0.00940059 0.00928994 0.00876895 0.00917173 0.00869837 0.00877939 0.00822932 0.00811955 0.00816607 0.00914206 0.00814462 0.00806952 0.00875084 0.00849537 0.00864077 0.00883803 0.00836919 0.00822319 0.00838757 0.00824379 0.00815854 0.00813989 0.00808225 0.0080855 0.00921835 0.00880999 0.00859668 0.0084459 0.00839236 0.00856979 0.00865376 0.00889405 0.00857327 0.00846044 0.00848217 0.0084524 0.00844212 0.0083141 0.00861669 0.00922573 0.0112426 0.00861844 0.00943319 0.00853478 
0.0225558 0.0144338 0.0139651 0.0269959 0.0251094 0.020839 0.0165848 0.0171834 0.0169003 0.0199228 0.0148508 0.0252658 0.0167381 0.0204013 0.015971 0.0183147 0.0132881 0.00868236 0.00958754 0.00827079 0.00796264 0.0118336 0.0314593 0.350741 0 0.00391069 0.00404276 0.379453 0.0584115 0.0219296 0.0406919 0.0226298 0.0139549 0.0137957 0.0306808 0.0116322 0.00954062 0.0169606 0.0117123 0.00947936 0.0144276 0.0118443 0.0100862 0.0102243 0.0100366 0.0103926 0.0155561 0.010555 0.00983617 0.00932923 0.00995588 0.0124536 0.01102 0.00955263 0.0094013 0.00972895 0.0114396 0.0100778 0.00928577 0.00822034 0.00877737 0.00936833 0.00904173 0.00840966 0.0100352 0.00953661 0.00839218 0.00865054 0.00865538 0.00859622 0.00906905 0.00822765 0.00818985 0.00812991 0.0082178 0.00821838 0.00851102 0.00850981 0.00854141 0.00855463 0.00860819 0.00891686 0.00855409 0.00856091 0.00848526 0.00844685 0.00842853 0.00837665 0.00839615 0.00835649 0.00828005 0.00861671 0.0100528 0.00918812 0.00884313 0.00929125 0.00952273 
0.0116445 0.0174343 0.021793 0.0109636 0.0139791 0.0304383 0.0188311 0.0169196 0.0203074 0.0194413 0.0415078 0.010823 0.0176661 0.0252045 0.0235929 0.0177041 0.0108376 0.020754 0.00997016 0.0081504 0.0118149 0.0316959 0.399712 0.0130397 0.00391069 0 0.0039356 0.0299065 0.301438 0.272327 0.0206784 0.0109552 0.0198073 0.0398933 0.0132455 0.00957751 0.013567 0.00935473 0.00907118 0.0118702 0.0093778 0.00949956 0.0113029 0.0103492 0.0112715 0.0139798 0.00944733 0.00952431 0.0106894 0.0102898 0.0104475 0.00877929 0.00923713 0.0101389 0.0101566 0.0107797 0.00876194 0.00821681 0.0082798 0.00854393 0.00868571 0.00825452 0.00823477 0.00864775 0.00832903 0.00818698 0.00870232 0.00895609 0.00916769 0.00886414 0.00851699 0.00813768 0.00829574 0.00826981 0.00819724 0.00821863 0.00822777 0.00857455 0.00906697 0.00906997 0.00895584 0.00857882 0.00822689 0.00834094 0.00856969 0.00904028 0.00888703 0.00886891 0.00887371 0.00877653 0.0087387 0.00854274 0.00866026 0.009085 0.00909375 0.00926839 0.00872935 
0.0211217 0.01145 0.0114147 0.0172145 0.0317871 0.0148714 0.0153067 0.0160399 0.0169482 0.0179562 0.0186485 0.0312454 0.0156426 0.0205646 0.0232095 0.0185626 0.0264249 0.0123961 0.0106012 0.0153419 0.0556567 0.328368 0.0150116 0.0180733 0.00404276 0.0039356 0 0.0327222 0.0346271 0.240555 0.397093 0.0187945 0.0127971 0.0151867 0.0307739 0.0166934 0.00898881 0.0114799 0.0133537 0.00923147 0.0123339 0.0136979 0.0102238 0.0102394 0.0112698 0.0113601 0.0133683 0.0155509 0.010045 0.00974139 0.00935258 0.0106433 0.0129651 0.0101415 0.0101258 0.00958627 0.0102985 0.00917006 0.00940078 0.00852198 0.00855707 0.00859589 0.00994199 0.00827308 0.00827135 0.00895633 0.00878182 0.00876214 0.00901803 0.00837291 0.00840142 0.0084693 0.00827216 0.00820337 0.00817815 0.00813826 0.00804666 0.00931827 0.00884718 0.00886274 0.00849647 0.00852453 0.00856577 0.00855213 0.00881567 0.00857335 0.00849443 0.00852568 0.00849034 0.00840529 0.00829186 0.00832728 0.00922024 0.00982431 0.00862346 0.00873832 0.00856253 
0.0144008 0.0109449 0.012083 0.0159602 0.0194171 0.015895 0.0148403 0.0160742 0.0176899 0.0153143 0.0123884 0.0217662 0.0123368 0.0192974 0.0157781 0.0175098 0.0287111 0.0216907 0.0201686 0.024382 0.0266326 0.0212119 0.0198027 0.0337791 0.379453 0.0299065 0.0327222 0 0.00400813 0.0038719 0.00472937 0.599806 0.0208293 0.0324793 0.0391184 0.0226103 0.0106269 0.0213739 0.0149697 0.0141255 0.0189049 0.017189 0.0169687 0.01242 0.0128198 0.0118247 0.0216971 0.0154051 0.0121847 0.0104257 0.0110868 0.0160681 0.0162355 0.0124601 0.0101911 0.0108133 0.0141986 0.0118428 0.00894282 0.00859622 0.00873336 0.00951651 0.00867662 0.00866411 0.00987599 0.00862424 0.00858471 0.00883128 0.00884784 0.00881646 0.00905999 0.00814032 0.00813356 0.00803617 0.00808196 0.00806357 0.00824395 0.00869927 0.00846945 0.00851732 0.00848111 0.00875362 0.00845118 0.00835911 0.00833859 0.00831415 0.00845866 0.00833045 0.00865776 0.00829004 0.00829569 0.00840852 0.00902421 0.00938074 0.00849476 0.00912766 0.00894708 
0.0103385 0.0165166 0.0167498 0.0108363 0.0127489 0.0284743 0.0362437 0.030722 0.0348718 0.0420662 0.0234925 0.0120012 0.0111809 0.0117447 0.0131328 0.0124327 0.013123 0.0380522 0.0343046 0.035244 0.033511 0.0400397 0.039857 0.0170123 0.0584115 0.301438 0.0346271 0.00400813 0 0.00384257 0.00381931 0.0487002 0.67552 0.0413741 0.0267799 0.0132053 0.0181776 0.0123657 0.0107588 0.0194407 0.0111142 0.0108176 0.0281444 0.0258187 0.0333986 0.0232249 0.0128377 0.0118359 0.0208749 0.0237418 0.0160829 0.0106161 0.0128069 0.0192717 0.0194093 0.015623 0.0104128 0.00861934 0.00868092 0.0090047 0.00935397 0.00859036 0.00830763 0.00876308 0.00898305 0.0081363 0.00880311 0.00944752 0.00928305 0.00871985 0.00849826 0.00805256 0.00824604 0.00822544 0.00817874 0.00817714 0.00823797 0.00829453 0.00878429 0.00888625 0.00867748 0.00836773 0.00808166 0.00813666 0.00834038 0.00862841 0.00863338 0.00864419 0.00863007 0.00849842 0.00843488 0.00831458 0.0083765 0.00864539 0.00866895 0.00886022 0.00855621 
0.0104406 0.0156173 0.0131844 0.0102834 0.012865 0.0256796 0.0300345 0.0308679 0.0314275 0.0351741 0.0365103 0.0110576 0.0120446 0.0124099 0.0131548 0.0121821 0.0149847 0.0271712 0.0339266 0.0283595 0.0313739 0.0410696 0.07097 0.0167519 0.0219296 0.272327 0.240555 0.0038719 0.00384257 0 0.00382805 0.0295903 0.054568 0.710846 0.0185255 0.0123804 0.018559 0.0119072 0.0121807 0.0141404 0.0131523 0.0134551 0.018999 0.0298353 0.0374903 0.0455836 0.0126454 0.0123884 0.0219334 0.0295928 0.0227907 0.00960533 0.0112804 0.0202126 0.0276158 0.0278323 0.0105311 0.00830826 0.0089011 0.00937991 0.00960389 0.0085534 0.00880941 0.00883892 0.00849782 0.00835952 0.00913307 0.00990331 0.00959829 0.0093484 0.00835596 0.00807533 0.00833249 0.00829021 0.00829005 0.00824243 0.00802818 0.00852234 0.00898906 0.009115 0.00887906 0.00833 0.00795637 0.00805824 0.00834962 0.00864089 0.00866402 0.0086336 0.00869296 0.00856045 0.00837512 0.0082962 0.00844375 0.00857211 0.00861276 0.00867775 0.00837496 
0.0138621 0.00959291 0.0100017 0.0129073 0.0224864 0.0140465 0.0149438 0.015938 0.0176279 0.0156401 0.013568 0.0190847 0.0131148 0.0150266 0.018862 0.0126495 0.0253656 0.015284 0.0141914 0.0152513 0.0167598 0.0179425 0.0208993 0.041184 0.0406919 0.0206784 0.397093 0.00472937 0.00381931 0.00382805 0 0.0257195 0.0265333 0.0663048 0.628853 0.0209295 0.0101657 0.0191322 0.0151308 0.0117009 0.0175635 0.0170997 0.0129171 0.0125094 0.0151941 0.0162037 0.0256329 0.0209605 0.0126747 0.01067 0.0117754 0.013083 0.0172338 0.0114024 0.0129309 0.0120188 0.0164472 0.00986518 0.010107 0.00858948 0.00875335 0.00898449 0.010416 0.00836782 0.00836668 0.00888533 0.00877087 0.00877528 0.00908037 0.00858791 0.00878783 0.0082227 0.00807074 0.00809461 0.00813981 0.00801052 0.00804094 0.00902013 0.00880911 0.00872923 0.00842764 0.00836067 0.00824028 0.00826975 0.00853977 0.00839302 0.00836664 0.00838939 0.00830462 0.00834335 0.00824179 0.00820373 0.00860818 0.00932746 0.00842146 0.00846295 0.00822158 
0.00953064 0.00913324 0.00925562 0.011075 0.0102285 0.00940533 0.00931155 0.00954432 0.00976253 0.00951483 0.00989001 0.0116396 0.0100225 0.0102308 0.0101437 0.0123775 0.0120207 0.0104152 0.010004 0.0108402 0.0102034 0.0109139 0.0116368 0.0146743 0.0226298 0.0109552 0.0187945 0.599806 0.0487002 0.0295903 0.0257195 0 0.00507146 0.00390044 0.00440753 0.0388456 0.0156349 0.0260633 0.0247536 0.00967423 0.0321169 0.0384355 0.0103242 0.0161517 0.012005 0.0128176 0.0200064 0.0182638 0.0102292 0.0104735 0.0119549 0.0146098 0.0155025 0.0138064 0.00960006 0.0115604 0.0135145 0.0122354 0.00867692 0.00837731 0.00862439 0.00951989 0.00871872 0.00819168 0.0101196 0.00839736 0.00824698 0.00856189 0.0084694 0.00828039 0.00878524 0.00827002 0.00793706 0.00799331 0.00793775 0.0079526 0.00810349 0.00820915 0.00821276 0.00834467 0.008292 0.00825632 0.0081613 0.0081692 0.00814444 0.00808195 0.00812738 0.00807034 0.00811858 0.0080937 0.00806801 0.00813135 0.00913138 0.00841919 0.00845583 0.00842623 0.00866823 
0.00860382 0.00921982 0.0112115 0.00898045 0.00930763 0.0112844 0.013572 0.013097 0.0130336 0.0136324 0.0112521 0.00982217 0.00868603 0.0102162 0.00951827 0.0097867 0.00980799 0.0135853 0.0158524 0.0131205 0.0187599 0.017996 0.0168209 0.0122678 0.0139549 0.0198073 0.0127971 0.0208293 0.67552 0.054568 0.0265333 0.00507146 0 0.00389447 0.00380052 0.146906 0.0474699 0.0194292 0.011547 0.0444354 0.0106066 0.0107137 0.0655753 0.0143692 0.033253 0.0207073 0.0126071 0.011486 0.0237784 0.0251109 0.0159834 0.0105374 0.0147998 0.0182093 0.0267872 0.0139084 0.0114204 0.00895941 0.00885836 0.00934525 0.00917104 0.008421 0.00831291 0.00885511 0.00864298 0.00815056 0.00886534 0.00925552 0.00903831 0.0086522 0.00824779 0.00793677 0.0082036 0.00809883 0.00811432 0.00807378 0.00800945 0.00816406 0.0085486 0.00866527 0.00841376 0.0081262 0.00798643 0.00801254 0.00814699 0.00832783 0.0084208 0.00839868 0.00838291 0.0083213 0.00824472 0.00812708 0.00824133 0.00873909 0.0084284 0.00862197 0.00829825 
0.0097875 0.0100304 0.0095089 0.00878268 0.0102264 0.0135669 0.0145355 0.0148088 0.0158194 0.0158524 0.0143405 0.00927899 0.00946677 0.00952093 0.00974956 0.00996957 0.0112271 0.0149986 0.0147262 0.0193132 0.0154084 0.0229684 0.0304394 0.0112218 0.0137957 0.0398933 0.0151867 0.0324793 0.0413741 0.710846 0.0663048 0.00390044 0.00389447 0 0.00379146 0.0161885 0.203251 0.0247446 0.0174427 0.0205025 0.0199585 0.0167493 0.0180766 0.032666 0.0244185 0.0539738 0.0133581 0.0132191 0.0257826 0.0239001 0.0261364 0.0102079 0.0115889 0.0303824 0.0215847 0.0340976 0.0126066 0.00896342 0.00910691 0.00970745 0.0102571 0.0086328 0.00905657 0.00910144 0.00867033 0.00846564 0.00904256 0.00991991 0.01005 0.00916087 0.00839312 0.00808443 0.00823006 0.00820131 0.00819774 0.0080515 0.00799188 0.00839426 0.00866447 0.00880737 0.00844431 0.00815147 0.00790361 0.00794338 0.00819589 0.00828214 0.00839992 0.0083418 0.00836444 0.00831977 0.00818665 0.00805899 0.00818938 0.00843115 0.00840595 0.00840092 0.00819411 
0.0140737 0.00939484 0.00919484 0.0103941 0.0203921 0.0113921 0.0106446 0.0111419 0.0112281 0.0112445 0.0103284 0.0114536 0.0127479 0.0114446 0.0165763 0.0109062 0.0237405 0.0126599 0.0114718 0.0117019 0.0117036 0.0123566 0.0121394 0.0186374 0.0306808 0.0132455 0.0307739 0.0391184 0.0267799 0.0185255 0.628853 0.00440753 0.00380052 0.00379146 0 0.0326735 0.0133291 0.209767 0.0203296 0.0130663 0.035597 0.0375714 0.0157268 0.0126827 0.0162897 0.0143851 0.0279898 0.039546 0.0148101 0.0108857 0.0128619 0.0154106 0.0293354 0.0154665 0.0127008 0.0128958 0.0205663 0.0153931 0.0128494 0.00953045 0.00885187 0.00940602 0.0125462 0.00860532 0.0095632 0.0104409 0.00915887 0.00894258 0.00909223 0.00840141 0.0093741 0.00913137 0.00815634 0.00811848 0.00807061 0.00801384 0.0081399 0.00949377 0.00878077 0.00840985 0.00824413 0.00836185 0.0087468 0.00865501 0.00904179 0.00823286 0.00821269 0.00820034 0.00821139 0.00820727 0.00806221 0.00817204 0.00910314 0.00936053 0.00842204 0.00831255 0.00823407 
0.00905271 0.00833256 0.0100064 0.00942906 0.00908294 0.00837243 0.00851469 0.00851734 0.00872532 0.00870355 0.00886258 0.0109963 0.00850337 0.0107973 0.00957042 0.010118 0.00926535 0.00872478 0.00881678 0.0086308 0.00893334 0.0089347 0.00962966 0.0178764 0.0116322 0.00957751 0.0166934 0.0226103 0.0132053 0.0123804 0.0209295 0.0388456 0.146906 0.0161885 0.0326735 0 0.00413803 0.00411573 0.0081134 0.0309276 0.318795 0.0103025 0.0157131 0.00943925 0.0116147 0.0130521 0.160831 0.0158952 0.010954 0.0102688 0.0111563 0.0312419 0.0237721 0.0113637 0.0119341 0.010698 0.0255879 0.0149297 0.00991199 0.00850601 0.00864251 0.0106665 0.00893847 0.00890811 0.0106751 0.00888571 0.00863991 0.00835185 0.0083182 0.00825253 0.00891381 0.00821193 0.00822706 0.00795058 0.00792528 0.00796028 0.00814098 0.00846973 0.00811221 0.0082017 0.00815235 0.00840492 0.00842664 0.00831125 0.00829279 0.0080583 0.00820048 0.00804712 0.00804814 0.00813679 0.00806287 0.00822256 0.00848452 0.00909682 0.00809412 0.00886123 0.00841014 
0.00829402 0.00836718 0.00828171 0.00809137 0.00837119 0.00860669 0.0084924 0.00843915 0.00855268 0.00849259 0.00857866 0.00826232 0.00831921 0.00821507 0.00843607 0.00860669 0.0085515 0.00871927 0.00849586 0.00859854 0.00862515 0.00873881 0.0105215 0.00852679 0.00954062 0.013567 0.00898881 0.0106269 0.0181776 0.018559 0.0101657 0.0156349 0.0474699 0.203251 0.0133291 0.00413803 0 0.00381897 0.0336118 0.201029 0.0140303 0.0100031 0.0105523 0.0105253 0.0121193 0.103652 0.0100936 0.0109527 0.0162563 0.010069 0.0187655 0.00954021 0.0109001 0.0215147 0.00989864 0.0235508 0.00925613 0.00973334 0.0085244 0.00867594 0.00901343 0.00831022 0.00847428 0.00873473 0.00855242 0.00810879 0.00849307 0.00874496 0.00851238 0.00837058 0.00816882 0.00797375 0.008129 0.00797755 0.00797943 0.00792776 0.00794031 0.00799371 0.00839642 0.00843722 0.00832838 0.00805383 0.00794102 0.00795835 0.0079421 0.00806412 0.00818292 0.00813679 0.00815364 0.00814604 0.00803921 0.00794595 0.00820495 0.00816012 0.00826186 0.00822336 0.00806011 
