1E5FB
ERMTPATACIHANPQKDQFGAAIPPIYQTSTFVFDNCQQGGNRFAGQESGYIYTRLGNPTVSNLEGKIAFLEKTEACVATSSGMGAIAATVLTILKAGDHLISDECLYGCTHALFEHALTKFGIQVDFINTAIPGEVKKHMKPNTKIVYFETPANPTLKIIDMERVCKDAHSQEGVLVIADNTFCSPMITNPVDFGVDVVVHSATKYINGHTDVVAGLICGKADLLQQIRMVGIKDITGSVISPHDAWLITRGLSTLNIRMKAESENAMKVAEYLKSHPAVEKVYYPGFEDHEGHDIAKKQMRMYGSMITFILKSGFEGAKKLLDNLKLITLAVSLGGCESLIQHPASMTHAVVPKEEREAAGITDGMIRLSVGIEDADELIADFKQGLDALL
CCCCHHHHHHHCCCCCCCCCCCCCCCCCCCECCCCCHHHHHHHHCCCCCCCCECCCCCHHHHHHHHHHHHHHCCCEEEEECCHHHHHHHHHHHHCCCCCEEEEECCCCHHHHHHHHCHHHHCCCEEEEECCCCCCHHHHHCCCCEEEEEEECCCCCCCCCCCHHHHHHHHCCCCCCEEEEECCCCCCCCCCHHHHCCCEEEEECCCCCCCCCCCCCEEEEECHHHHHHHHHCCCCCCCCCCCCHHHHHHHHHHHCCHHHHHHHHHHHHHHHHHHHHCCCCEEEEECCCCCCCCCHHHHHHHCCCCCCEEEEEECCHHHHHHHHHHCCCCCEECCCCCCCCCEEECCCCCCCCCCCHHHHHHCCCCCCEEEEECCCCCHHHHHHHHHHHHHCCC
0 0 0 0 0 0 0 0 0 0 0 0 0 0 0 0 0 0 0 0 0 0 0 0 0 0 0 0 0 0 0 0 0 0 0 0 0 0 0 0 0 0 0 0 0 0 0 0 0 0 0 0 0 0 0 0 0 0 0 0 0 0 0 0 0 0 0 0 0 0 0 0 0 0 0 0 0 0 0 0 0 0 0 0 0 0 0 0 0 0 0 0 0 0 0 0 0 0 0 0 0 0 0 0 0 0 0 0 0 0 0 0 0 0 0 0 0 0 0 0 0 0 0 0 0 0 0 0 0 0 0 0 0 0 0 0 0 0 0 0 0 0 0 0 0 0 0 0 0 0 0 0 0 0 0 0 0 0 0 0 0 0 0 0 0 0 0 0 0 0 0 0 0 0 0 0 0 0 0 0 0 0 0 0 0 0 0 0 0 0 0 0 0 0 0 0 0 0 0 0 0 0 0 0 0 0 0 0 0 0 0 0 0 0 0 0 0 0 0 0 0 0 0 0 0 0 0 0 0 0 0 0 0 0 0 0 0 0 0 0 0 0 0 0 0 0 0 0 0 0 0 0 0 0 0 0 0 0 0 0 0 0 0 0 0 0 0 0 0 0 0 0 0 0 0 0 0 0 0 0 0 0 0 0 0 0 0 0 0 0 0 0 0 0 0 0 0 0 0 0 0 0 0 0 0 0 0 0 0 0 0 0 0 0 0 0 0 0 0 0 0 0 0 0 0 0 0 0 0 0 0 0 0 0 0 0 0 0 0 0 0 0 0 0 0 0 0 0 0 0 0 0 0 0 0 0 0 0 0 0 0 0 0 0 0 0 0 0 0 0 0 0 0 0 0 0 0 0 0 0 0 0 0 0 0 0 0 0 0 0 0 0 0 
0 0 0 0 0 0 0 0 0 0 0 0 0 0 0 0 0 0 0 0 0 0 0 0 0 0 0 0 0 0 0 0 0 0 0 0 0 0 0 0 0 0 0 0 0 0 0 0 0 0 0 0 0 0 0 0 0 0 0 0 0 0 0 0 0 0 0 0 0 0 0 0 0 0 0 0 0 0 0 0 0 0 0 0 0 0 0 0 0 0 0 0 0 0 0 0 0 0 0 0 0 0 0 0 0 0 0 0 0 0 0 0 0 0 0 0 0 0 0 0 0 0 0 0 0 0 0 0 0 0 0 0 0 0 0 0 0 0 0 0 0 0 0 0 0 0 0 0 0 0 0 0 0 0 0 0 0 0 0 0 0 0 0 0 0 0 0 0 0 0 0 0 0 0 0 0 0 0 0 0 0 0 0 0 0 0 0 0 0 0 0 0 0 0 0 0 0 0 0 0 0 0 0 0 0 0 0 0 0 0 0 0 0 0 0 0 0 0 0 0 0 0 0 0 0 0 0 0 0 0 0 0 0 0 0 0 0 0 0 0 0 0 0 0 0 0 0 0 0 0 0 0 0 0 0 0 0 0 0 0 0 0 0 0 0 0 0 0 0 0 0 0 0 0 0 0 0 0 0 0 0 0 0 0 0 0 0 0 0 0 0 0 0 0 0 0 0 0 0 0 0 0 0 0 0 0 0 0 0 0 0 0 0 0 0 0 0 0 0 0 0 0 0 0 0 0 0 0 0 0 0 0 0 0 0 0 0 0 0 0 0 0 0 0 0 0 0 0 0 0 0 0 0 0 0 0 0 0 0 0 0 0 0 0 0 0 0 0 0 0 0 0 0 0 0 0 0 0 0 0 0 0 0 0 0 0 0 0 0 0 0 0 0 
0 0.491812 0.0133271 0.0118198 0.0102561 0.01251 0.0218629 0.0130564 0.0090519 0.00867065 0.00981277 0.0108114 0.0131353 0.00818997 0.00814471 0.00867854 0.0101283 0.00975005 0.00833888 0.00812788 0.00833683 0.00833838 0.00851598 0.0101426 0.0108632 0.00841119 0.00844913 0.00842125 0.00917637 0.0102529 0.00818449 0.00797725 0.00805862 0.00895596 0.00900911 0.00799233 0.00796962 0.00813507 0.00877676 0.00879183 0.00823357 0.00837885 0.00820654 0.00920001 0.00872024 0.00843149 0.00842014 0.00830523 0.00862486 0.00927673 0.0102771 0.00942568 0.00932191 0.0086996 0.00891541 0.00979583 0.00868472 0.00886934 0.00897163 0.0120584 
0.491812 0 0.0215968 0.0138456 0.0144529 0.024002 0.0767273 0.0152769 0.0106381 0.00920527 0.0119766 0.0132263 0.0118206 0.00844345 0.00813289 0.00872896 0.0121352 0.00989539 0.00826979 0.00820553 0.00826325 0.00852445 0.00904543 0.0110663 0.00986941 0.00864394 0.00833428 0.00870908 0.0101986 0.0100206 0.00809998 0.00809666 0.00869599 0.00940073 0.00897682 0.00805213 0.00805192 0.00808809 0.00919796 0.00875718 0.00800232 0.00805701 0.00801204 0.00841929 0.00843995 0.00827463 0.00823914 0.00824247 0.00836366 0.00913875 0.00919631 0.00913483 0.0086682 0.00858458 0.00866624 0.00898362 0.00866935 0.00850803 0.00899656 0.0097611 
0.0133271 0.0215968 0 0.00399455 0.00382109 0.00381915 0.00418542 0.190432 0.0121968 0.0110896 0.0124878 0.0140857 0.0137125 0.00928494 0.00894937 0.00980131 0.0118051 0.00973559 0.00874585 0.009449 0.00917245 0.00939494 0.00903122 0.0111391 0.00943818 0.00872417 0.00870649 0.00897372 0.00951351 0.0097928 0.00862901 0.00840684 0.00831883 0.00902851 0.00843832 0.00819745 0.00821515 0.00810775 0.00863883 0.00810587 0.00802818 0.00802427 0.00807319 0.00802868 0.00816388 0.00819455 0.00813595 0.00833512 0.00814368 0.00841952 0.00829282 0.00839768 0.00822003 0.00824793 0.00834479 0.00832125 0.00829288 0.008262 0.00837612 0.008702 
0.0118198 0.0138456 0.00399455 0 0.00379435 0.00375459 0.00381786 0.0378539 0.205204 0.022356 0.0212153 0.0101755 0.009396 0.0161965 0.00975204 0.0126278 0.0093688 0.00908673 0.0100849 0.0137855 0.0232125 0.015274 0.0133645 0.00934471 0.00883937 0.0119786 0.0102961 0.0111957 0.00874212 0.00940507 0.00978748 0.00980341 0.00939757 0.00850795 0.00852564 0.00898496 0.0086567 0.00898209 0.00837616 0.00810289 0.00830827 0.00824113 0.00828768 0.00801477 0.00822357 0.00840215 0.00842869 0.0084753 0.00835385 0.00820709 0.00828556 0.00837966 0.00828837 0.00846149 0.00821546 0.00830341 0.0083981 0.008535 0.0085098 0.00863787 
0.0102561 0.0144529 0.00382109 0.00379435 0 0.00375575 0.00378579 0.033817 0.0465026 0.235908 0.0217444 0.01159 0.010676 0.0109232 0.0200293 0.0122422 0.0093861 0.00896893 0.0117624 0.0264422 0.0388664 0.0504717 0.012955 0.010168 0.00924697 0.0119893 0.0220103 0.0123902 0.00959577 0.00957754 0.0106799 0.0135859 0.0099123 0.00867373 0.00862641 0.00931074 0.0117893 0.00948907 0.00835483 0.00814831 0.00823276 0.00831798 0.00822913 0.00796862 0.0082497 0.0084689 0.00853236 0.00862108 0.00858628 0.00814902 0.00819363 0.00826984 0.00829644 0.00849061 0.00818018 0.00829889 0.00848042 0.00858792 0.00854355 0.00847537 
0.01251 0.024002 0.00381915 0.00375459 0.00375575 0 0.0039897 0.0174211 0.0823302 0.0602358 0.337455 0.0184029 0.0105493 0.0138147 0.0101141 0.0200704 0.0107426 0.00959676 0.011799 0.0158851 0.0245929 0.0258556 0.0433642 0.012527 0.0099324 0.0152528 0.0144618 0.0191054 0.00993789 0.0096308 0.0161206 0.0134588 0.0112917 0.00911654 0.00924108 0.0117071 0.0102435 0.00939722 0.00823638 0.00817491 0.00818895 0.00814938 0.00823709 0.00799201 0.00829566 0.00851107 0.0085994 0.00858606 0.00843062 0.00816529 0.00826197 0.00847712 0.00837048 0.00863538 0.00828204 0.008392 0.0085574 0.00869349 0.00864961 0.00861655 
0.0218629 0.0767273 0.00418542 0.00381786 0.00378579 0.0039897 0 0.0263047 0.0228428 0.0807576 0.0761781 0.262644 0.0171761 0.00994339 0.0093665 0.0103736 0.0191408 0.0175562 0.0101687 0.0104995 0.011354 0.0140811 0.0161885 0.0295147 0.0129743 0.010369 0.010392 0.011379 0.0146282 0.0119902 0.0097473 0.00972328 0.00938676 0.0112243 0.0117503 0.00911943 0.00893943 0.00858835 0.00898872 0.00848636 0.00802144 0.00801551 0.00801547 0.00811872 0.0085694 0.00835266 0.00826707 0.0082564 0.00824759 0.00829062 0.00860408 0.00883278 0.00851709 0.00857238 0.00828553 0.00883157 0.00848934 0.0084112 0.0085056 0.00860172 
0.0130564 0.0152769 0.190432 0.0378539 0.033817 0.0174211 0.0263047 0 0.00401926 0.00375409 0.00396378 0.00417125 0.669335 0.00937899 0.0125334 0.0116529 0.0182715 0.0165946 0.0144911 0.0121975 0.013926 0.0179258 0.0106297 0.0217505 0.0183539 0.0113268 0.0111285 0.0114199 0.0136666 0.0177183 0.00999169 0.00986753 0.00942027 0.0120771 0.00997729 0.0085397 0.00870009 0.0095442 0.0111116 0.0080301 0.00810201 0.00812219 0.00801519 0.0082901 0.0080292 0.00819884 0.00834417 0.00835049 0.00830743 0.00854278 0.00822955 0.00846896 0.00814835 0.00819233 0.00850355 0.00822338 0.00820052 0.00822174 0.00833955 0.00874546 
0.0090519 0.0106381 0.0121968 0.205204 0.0465026 0.0823302 0.0228428 0.00401926 0 0.00379894 0.0038103 0.00386087 0.0226633 0.578487 0.0111979 0.0332742 0.0114955 0.0121527 0.0181763 0.04341 0.0594358 0.0374578 0.0292094 0.0121222 0.0116707 0.0371577 0.0255312 0.0259362 0.0111175 0.014312 0.0250065 0.0212197 0.0141652 0.00948164 0.0101143 0.0127694 0.0113761 0.0103617 0.00895422 0.00819956 0.00838053 0.00837708 0.00836256 0.00819363 0.0083661 0.00873571 0.00884587 0.00921751 0.00861917 0.00831916 0.00850164 0.00850967 0.0084053 0.00867359 0.00832586 0.00841147 0.00860677 0.0090718 0.00873467 0.00892634 
0.00867065 0.00920527 0.0110896 0.022356 0.235908 0.0602358 0.0807576 0.00375409 0.00379894 0 0.00375829 0.00379832 0.0216046 0.0323166 0.485082 0.0169013 0.0125171 0.0100475 0.0148054 0.0441035 0.0948828 0.0834218 0.0258195 0.0147112 0.0102625 0.0245446 0.0585541 0.0238677 0.0144031 0.0125084 0.0204518 0.0414474 0.0137462 0.00983131 0.00962052 0.0121405 0.0180842 0.00986358 0.00873712 0.00809387 0.00827698 0.00834522 0.00832122 0.00806295 0.00828082 0.00855441 0.00869377 0.00888885 0.00845005 0.00818058 0.00826656 0.00834336 0.00830752 0.00859233 0.00823158 0.00835826 0.00858969 0.00861847 0.00881929 0.00876535 
0.00981277 0.0119766 0.0124878 0.0212153 0.0217444 0.337455 0.0761781 0.00396378 0.0038103 0.00375829 0 0.00379959 0.038798 0.0141307 0.0186225 0.50035 0.013632 0.0118704 0.0181737 0.0140001 0.023255 0.0386331 0.0453785 0.0157869 0.0118663 0.0141291 0.0183499 0.0279297 0.0132927 0.010367 0.0171239 0.0153119 0.0129955 0.00950131 0.00993658 0.0114626 0.0102126 0.0101573 0.00832818 0.0082225 0.00825354 0.0082702 0.00826321 0.00797431 0.00840647 0.0085156 0.00840032 0.00837745 0.00830453 0.00805312 0.00820437 0.00835375 0.00833904 0.0085607 0.00816436 0.00832167 0.00841234 0.00854471 0.00848345 0.00857409 
0.0108114 0.0132263 0.0140857 0.0101755 0.01159 0.0184029 0.262644 0.00417125 0.00386087 0.00379832 0.00379959 0 0.00984894 0.0175861 0.0121664 0.0126493 0.541298 0.0172658 0.00905544 0.0118844 0.0108435 0.0109876 0.0209487 0.021758 0.0118156 0.0103694 0.00967864 0.0116195 0.0133933 0.012595 0.00910211 0.0091904 0.00950819 0.00994237 0.010379 0.00881915 0.0085232 0.00853431 0.00909237 0.00821639 0.00795171 0.00790301 0.00799923 0.00801832 0.0082317 0.00819418 0.00811688 0.00827373 0.00800211 0.00831828 0.00807921 0.00850744 0.00828588 0.00819935 0.00823793 0.00843577 0.00828196 0.00830454 0.00832766 0.00827251 
0.0131353 0.0118206 0.0137125 0.009396 0.010676 0.0105493 0.0171761 0.669335 0.0226633 0.0216046 0.038798 0.00984894 0 0.00398655 0.00392076 0.00433402 0.00409465 0.0196431 0.0209567 0.0107685 0.0125169 0.022928 0.0102142 0.0303904 0.0253758 0.0101654 0.0119723 0.0103801 0.0147746 0.0113938 0.0108568 0.00883169 0.00985514 0.0105816 0.0094979 0.00854044 0.00860108 0.0092608 0.00963358 0.00805453 0.00815171 0.00836535 0.00786669 0.00875924 0.00807416 0.00803372 0.00829458 0.00812259 0.00853234 0.00814924 0.00885983 0.00824308 0.00833737 0.00810279 0.00818 0.00819629 0.00821219 0.00847721 0.00821487 0.0092385 
0.00818997 0.00844345 0.00928494 0.0161965 0.0109232 0.0138147 0.00994339 0.00937899 0.578487 0.0323166 0.0141307 0.0175861 0.00398655 0 0.00391328 0.00383107 0.004231 0.018563 0.00971163 0.0558993 0.0312336 0.0107416 0.0223273 0.0110329 0.00984164 0.0307311 0.0122195 0.0162164 0.00883561 0.0190495 0.0101301 0.0141503 0.00989277 0.00876579 0.00922076 0.010292 0.0092797 0.0089871 0.00920656 0.00833177 0.00822342 0.0081571 0.00909555 0.00791962 0.00810265 0.00848397 0.00836114 0.00880041 0.00819739 0.00861734 0.00807863 0.00821768 0.00823203 0.00826771 0.0080321 0.00824342 0.00838 0.0083442 0.00850661 0.00835527 
0.00814471 0.00813289 0.00894937 0.00975204 0.0200293 0.0101141 0.0093665 0.0125334 0.0111979 0.485082 0.0186225 0.0121664 0.00392076 0.00391328 0 0.00375683 0.00375978 0.00837812 0.0242281 0.0216518 0.0514045 0.053198 0.00981637 0.00987205 0.0110632 0.0116984 0.0268599 0.0104411 0.00962599 0.00918652 0.017376 0.0136548 0.00981941 0.00854662 0.00892054 0.00967805 0.014304 0.00898157 0.0082603 0.00803147 0.0080601 0.00837878 0.00808347 0.00805557 0.00813323 0.00831913 0.00851148 0.00841033 0.00818216 0.00805124 0.00818714 0.00806982 0.00820202 0.0081983 0.00803174 0.00824125 0.00830317 0.00841152 0.00834771 0.00824086 
0.00867854 0.00872896 0.00980131 0.0126278 0.0122422 0.0200704 0.0103736 0.0116529 0.0332742 0.0169013 0.50035 0.0126493 0.00433402 0.00383107 0.00375683 0 0.00377971 0.0115984 0.0438324 0.0309406 0.02499 0.0614384 0.0501465 0.0111618 0.0135119 0.0146997 0.015947 0.024021 0.00969092 0.0104733 0.0142262 0.0150672 0.0125362 0.00899294 0.00937204 0.012162 0.00997135 0.0095893 0.00840084 0.0080471 0.00823753 0.00823469 0.00824743 0.00799141 0.00816941 0.00842459 0.00837884 0.00840312 0.00832488 0.00799364 0.00812411 0.00800681 0.00831428 0.00815337 0.007958 0.00824866 0.00824375 0.00834836 0.00828445 0.00843815 
0.0101283 0.0121352 0.0118051 0.0093688 0.0093861 0.0107426 0.0191408 0.0182715 0.0114955 0.0125171 0.013632 0.541298 0.00409465 0.004231 0.00375978 0.00377971 0 0.0690724 0.0107599 0.0207796 0.0275892 0.0123616 0.0508365 0.0505857 0.0136525 0.0123752 0.0101811 0.0123917 0.0150038 0.0205801 0.00927708 0.0100486 0.00964218 0.0107013 0.0132035 0.009307 0.00876261 0.00860604 0.0103046 0.00915693 0.00796445 0.00791635 0.0082512 0.00814048 0.00822617 0.00817975 0.00803737 0.00828492 0.00802241 0.00856449 0.00808278 0.00877104 0.00821384 0.00802759 0.00807894 0.00834249 0.00816487 0.00815365 0.0082649 0.00815996 
0.00975005 0.00989539 0.00973559 0.00908673 0.00896893 0.00959676 0.0175562 0.0165946 0.0121527 0.0100475 0.0118704 0.0172658 0.0196431 0.018563 0.00837812 0.0115984 0.0690724 0 0.00515043 0.00387555 0.00383761 0.00393576 0.00404488 0.00506332 0.109396 0.0153547 0.0124865 0.0121332 0.0189254 0.0317495 0.0107681 0.0102511 0.0101327 0.0152558 0.0118791 0.00922385 0.0087888 0.00962745 0.0204557 0.00847893 0.00802713 0.00795488 0.00820207 0.00847068 0.00795184 0.00807961 0.0080602 0.0081681 0.00827933 0.00940137 0.00828627 0.00847639 0.00808176 0.00801156 0.00827078 0.00808753 0.00810297 0.00809899 0.00831156 0.00831946 
0.00833888 0.00826979 0.00874585 0.0100849 0.0117624 0.011799 0.0101687 0.0144911 0.0181763 0.0148054 0.0181737 0.00905544 0.0209567 0.00971163 0.0242281 0.0438324 0.0107599 0.00515043 0 0.0037707 0.00378328 0.00380648 0.00400096 0.00396264 0.0516305 0.0681467 0.0158495 0.02348 0.0117389 0.0141699 0.0324219 0.0131097 0.0136079 0.00947145 0.0108996 0.0123973 0.0106086 0.011772 0.00887731 0.00803812 0.00819631 0.00829388 0.00810256 0.00822799 0.00827113 0.00837779 0.00872764 0.0084271 0.00862246 0.00821943 0.00825488 0.00809331 0.00818121 0.0082216 0.00798404 0.00822026 0.00822207 0.00836464 0.00823166 0.00828743 
0.00812788 0.00820553 0.009449 0.0137855 0.0264422 0.0158851 0.0104995 0.0121975 0.04341 0.0441035 0.0140001 0.0118844 0.0107685 0.0558993 0.0216518 0.0309406 0.0207796 0.00387555 0.0037707 0 0.00378411 0.00378365 0.00377253 0.00383835 0.331408 0.0487086 0.0943402 0.0217407 0.0111181 0.0387569 0.0329385 0.0555742 0.0148773 0.0104153 0.0133187 0.0199886 0.0318498 0.0136679 0.0103678 0.00827946 0.0086944 0.00855484 0.00886694 0.00830027 0.00834246 0.00917459 0.00915307 0.0100216 0.00884406 0.00829368 0.0081206 0.00829395 0.00822697 0.00845151 0.00818365 0.0082712 0.00865758 0.00879071 0.0088199 0.0085717 
0.00833683 0.00826325 0.00917245 0.0232125 0.0388664 0.0245929 0.011354 0.013926 0.0594358 0.0948828 0.023255 0.0108435 0.0125169 0.0312336 0.0514045 0.02499 0.0275892 0.00383761 0.00378328 0.00378411 0 0.00375939 0.00376561 0.00379208 0.0406206 0.550884 0.0663168 0.057996 0.0161462 0.0371447 0.0997085 0.0718514 0.0288326 0.0112483 0.0154186 0.0382454 0.0562569 0.0182362 0.00997724 0.00825727 0.0085545 0.00885754 0.00862806 0.00854347 0.00844447 0.00918879 0.0109463 0.0111014 0.00904827 0.00840475 0.00818431 0.00831213 0.0082404 0.00845957 0.00828207 0.00832316 0.00852248 0.00872739 0.00886398 0.00849424 
0.00833838 0.00852445 0.00939494 0.015274 0.0504717 0.0258556 0.0140811 0.0179258 0.0374578 0.0834218 0.0386331 0.0109876 0.022928 0.0107416 0.053198 0.0614384 0.0123616 0.00393576 0.00380648 0.00378365 0.00375939 0 0.00376088 0.0037559 0.0504582 0.0436822 0.644528 0.05287 0.0407287 0.0149854 0.0738672 0.107107 0.0380657 0.0145359 0.0145795 0.0272186 0.0727291 0.0257015 0.0108429 0.00831348 0.00881975 0.00964995 0.00861518 0.0085769 0.00862057 0.0095897 0.0110522 0.0105347 0.00924519 0.00831728 0.00835301 0.00838233 0.0083518 0.00869536 0.00833487 0.00834738 0.00890142 0.00906751 0.0088993 0.00868969 
0.00851598 0.00904543 0.00903122 0.0133645 0.012955 0.0433642 0.0161885 0.0106297 0.0292094 0.0258195 0.0453785 0.0209487 0.0102142 0.0223273 0.00981637 0.0501465 0.0508365 0.00404488 0.00400096 0.00377253 0.00376561 0.00376088 0 0.00397809 0.0144835 0.0704477 0.0498804 0.712339 0.0522304 0.0181058 0.0200261 0.0514 0.0844556 0.0191924 0.0126546 0.0252815 0.0208901 0.0310601 0.0112353 0.00834187 0.00854008 0.00859122 0.00872025 0.00823807 0.00869865 0.00931863 0.00897076 0.00973442 0.00868688 0.00838985 0.00837107 0.00856749 0.008372 0.00860121 0.00821244 0.00835295 0.00854939 0.00866697 0.00877416 0.00854132 
0.0101426 0.0110663 0.0111391 0.00934471 0.010168 0.012527 0.0295147 0.0217505 0.0121222 0.0147112 0.0157869 0.021758 0.0303904 0.0110329 0.00987205 0.0111618 0.0505857 0.00506332 0.00396264 0.00383835 0.00379208 0.0037559 0.00397809 0 0.0250182 0.0167587 0.0434881 0.0705886 0.653992 0.0174641 0.0143959 0.0136558 0.0218426 0.04509 0.0230077 0.0114658 0.0115878 0.0128787 0.0130665 0.00944724 0.0080874 0.0081858 0.00814442 0.00884232 0.0090936 0.0085735 0.00847088 0.00867883 0.00838875 0.00829973 0.00840073 0.00836142 0.00852993 0.00817621 0.0082249 0.00867435 0.00827601 0.00828673 0.00815792 0.00822074 
0.0108632 0.00986941 0.00943818 0.00883937 0.00924697 0.0099324 0.0129743 0.0183539 0.0116707 0.0102625 0.0118663 0.0118156 0.0253758 0.00984164 0.0110632 0.0135119 0.0136525 0.109396 0.0516305 0.331408 0.0406206 0.0504582 0.0144835 0.0250182 0 0.00425064 0.00397943 0.00400836 0.00461223 0.098909 0.032817 0.016912 0.0135137 0.0240933 0.0392276 0.0145488 0.0134779 0.0132451 0.0202575 0.00881613 0.00856735 0.00921038 0.0084154 0.011485 0.0087913 0.00852086 0.00931543 0.00886119 0.00955802 0.0110361 0.00957998 0.00863089 0.00882303 0.0081696 0.00888024 0.00823111 0.00844065 0.00849419 0.00860195 0.00911534 
0.00841119 0.00864394 0.00872417 0.0119786 0.0119893 0.0152528 0.010369 0.0113268 0.0371577 0.0245446 0.0141291 0.0103694 0.0101654 0.0307311 0.0116984 0.0146997 0.0123752 0.0153547 0.0681467 0.0487086 0.550884 0.0436822 0.0704477 0.0167587 0.00425064 0 0.00381528 0.00380312 0.00391922 0.121954 0.162436 0.0257701 0.0299198 0.0127925 0.0253818 0.0730951 0.0254437 0.0241021 0.0130378 0.00914633 0.00960068 0.00894089 0.00981069 0.00858254 0.00870032 0.0106586 0.0100979 0.0123184 0.00968933 0.00920295 0.00851968 0.00893535 0.0083219 0.00885243 0.00841081 0.00838215 0.00889859 0.00881845 0.00901601 0.0084884 
0.00844913 0.00833428 0.00870649 0.0102961 0.0220103 0.0144618 0.010392 0.0111285 0.0255312 0.0585541 0.0183499 0.00967864 0.0119723 0.0122195 0.0268599 0.015947 0.0101811 0.0124865 0.0158495 0.0943402 0.0663168 0.644528 0.0498804 0.0434881 0.00397943 0.00381528 0 0.00376397 0.0037875 0.307744 0.105569 0.20221 0.0462847 0.0147932 0.0221932 0.0311203 0.09562 0.022333 0.0119934 0.00887982 0.00906531 0.011415 0.0092453 0.00874295 0.00888719 0.0102037 0.015656 0.0145414 0.0108227 0.00900614 0.00852935 0.0085941 0.00867514 0.00871177 0.00846215 0.00858453 0.00953825 0.00924499 0.00920701 0.00859792 
0.00842125 0.00870908 0.00897372 0.0111957 0.0123902 0.0191054 0.011379 0.0114199 0.0259362 0.0238677 0.0279297 0.0116195 0.0103801 0.0162164 0.0104411 0.024021 0.0123917 0.0121332 0.02348 0.0217407 0.057996 0.05287 0.712339 0.0705886 0.00400836 0.00380312 0.00376397 0 0.00392662 0.0203898 0.343036 0.127752 0.184277 0.0269132 0.0168843 0.0511055 0.033345 0.0776435 0.0150492 0.0095006 0.0101118 0.00905958 0.00997714 0.00857067 0.00951963 0.0128246 0.0109667 0.0120797 0.0102893 0.00859096 0.00863392 0.00864053 0.00868666 0.00914817 0.00827701 0.00861544 0.00878964 0.0087503 0.0090211 0.00844615 
0.00917637 0.0101986 0.00951351 0.00874212 0.00959577 0.00993789 0.0146282 0.0136666 0.0111175 0.0144031 0.0132927 0.0133933 0.0147746 0.00883561 0.00962599 0.00969092 0.0150038 0.0189254 0.0117389 0.0111181 0.0161462 0.0407287 0.0522304 0.653992 0.00461223 0.00391922 0.0037875 0.00392662 0 0.0202971 0.0575741 0.223371 0.108052 0.17369 0.0300241 0.0136406 0.0169367 0.026248 0.0244355 0.0116731 0.00830103 0.00835542 0.00835281 0.0103123 0.0100507 0.0089313 0.00945034 0.00880417 0.00907953 0.00857443 0.00917533 0.00850862 0.00864866 0.00823867 0.00873758 0.00850975 0.00823786 0.00847292 0.00826036 0.00883799 
0.0102529 0.0100206 0.0097928 0.00940507 0.00957754 0.0096308 0.0119902 0.0177183 0.014312 0.0125084 0.010367 0.012595 0.0113938 0.0190495 0.00918652 0.0104733 0.0205801 0.0317495 0.0141699 0.0387569 0.0371447 0.0149854 0.0181058 0.0174641 0.098909 0.121954 0.307744 0.0203898 0.0202971 0 0.00389284 0.00383211 0.00384146 0.00424845 0.118645 0.0246077 0.0291557 0.0195199 0.51042 0.0141422 0.00996315 0.00921784 0.0108937 0.0110267 0.0112141 0.0110602 0.0100804 0.0145219 0.0115343 0.0153242 0.00936414 0.0108373 0.00957905 0.00867432 0.00956613 0.00861786 0.00883564 0.00873045 0.0093584 0.00896874 
0.00818449 0.00809998 0.00862901 0.00978748 0.0106799 0.0161206 0.0097473 0.00999169 0.0250065 0.0204518 0.0171239 0.00910211 0.0108568 0.0101301 0.017376 0.0142262 0.00927708 0.0107681 0.0324219 0.0329385 0.0997085 0.0738672 0.0200261 0.0143959 0.032817 0.162436 0.105569 0.343036 0.0575741 0.00389284 0 0.00380314 0.00381493 0.00384066 0.043478 0.126887 0.0211984 0.59018 0.0111736 0.00949038 0.0151355 0.0124345 0.0100291 0.00979126 0.0102219 0.0149702 0.0252743 0.0190416 0.0158293 0.00941488 0.00926805 0.00879812 0.00878852 0.00931975 0.00866457 0.00856467 0.00878356 0.0138307 0.00902674 0.00870826 
0.00797725 0.00809666 0.00840684 0.00980341 0.0135859 0.0134588 0.00972328 0.00986753 0.0212197 0.0414474 0.0153119 0.0091904 0.00883169 0.0141503 0.0136548 0.0150672 0.0100486 0.0102511 0.0131097 0.0555742 0.0718514 0.107107 0.0514 0.0136558 0.016912 0.0257701 0.20221 0.127752 0.223371 0.00383211 0.00380314 0 0.00382335 0.00382958 0.0245478 0.0438795 0.744138 0.0173439 0.0129545 0.00978604 0.0115999 0.0147042 0.0123608 0.00928634 0.009559 0.0170421 0.021529 0.0288172 0.0131318 0.00928429 0.00895535 0.00905902 0.00874617 0.00926714 0.00889222 0.00845307 0.00926678 0.00953519 0.00975782 0.00891242 
0.00805862 0.00869599 0.00831883 0.00939757 0.0099123 0.0112917 0.00938676 0.00942027 0.0141652 0.0137462 0.0129955 0.00950819 0.00985514 0.00989277 0.00981941 0.0125362 0.00964218 0.0101327 0.0136079 0.0148773 0.0288326 0.0380657 0.0844556 0.0218426 0.0135137 0.0299198 0.0462847 0.184277 0.108052 0.00384146 0.00381493 0.00382335 0 0.00387627 0.0189877 0.672073 0.0288486 0.095192 0.0137067 0.00961656 0.010424 0.00930095 0.0107525 0.00979612 0.00967281 0.0125961 0.0142581 0.0131372 0.0129235 0.0091338 0.00879262 0.00884387 0.00863926 0.00945242 0.0087393 0.0085041 0.00879468 0.0088074 0.0088539 0.00851691 
0.00895596 0.00940073 0.00902851 0.00850795 0.00867373 0.00911654 0.0112243 0.0120771 0.00948164 0.00983131 0.00950131 0.00994237 0.0105816 0.00876579 0.00854662 0.00899294 0.0107013 0.0152558 0.00947145 0.0104153 0.0112483 0.0145359 0.0191924 0.04509 0.0240933 0.0127925 0.0147932 0.0269132 0.17369 0.00424845 0.00384066 0.00382958 0.00387627 0 0.57037 0.0127701 0.0192614 0.0356577 0.0488641 0.015716 0.00855738 0.00899931 0.00879121 0.0116384 0.0114075 0.00941916 0.00918904 0.00929808 0.0092446 0.00945094 0.0100236 0.00921899 0.0100407 0.00855306 0.00898589 0.00957338 0.00834643 0.00842085 0.00844375 0.00845411 
0.00900911 0.00897682 0.00843832 0.00852564 0.00862641 0.00924108 0.0117503 0.00997729 0.0101143 0.00962052 0.00993658 0.010379 0.0094979 0.00922076 0.00892054 0.00937204 0.0132035 0.0118791 0.0108996 0.0133187 0.0154186 0.0145795 0.0126546 0.0230077 0.0392276 0.0253818 0.0221932 0.0168843 0.0300241 0.118645 0.043478 0.0245478 0.0189877 0.57037 0 0.00406821 0.00387668 0.00389677 0.00493227 0.0783547 0.0109331 0.0114565 0.00951542 0.0194056 0.0114094 0.0109513 0.010862 0.0117134 0.012484 0.0145387 0.00978081 0.0107574 0.00943536 0.00898368 0.0122647 0.009032 0.00887163 0.00881636 0.00900384 0.00926462 
0.00799233 0.00805213 0.00819745 0.00898496 0.00931074 0.0117071 0.00911943 0.0085397 0.0127694 0.0121405 0.0114626 0.00881915 0.00854044 0.010292 0.00967805 0.012162 0.009307 0.00922385 0.0123973 0.0199886 0.0382454 0.0272186 0.0252815 0.0114658 0.0145488 0.0730951 0.0311203 0.0511055 0.0136406 0.0246077 0.126887 0.0438795 0.672073 0.0127701 0.00406821 0 0.00380649 0.00380187 0.00403258 0.0169698 0.0427176 0.0124585 0.0169547 0.0100414 0.00991016 0.018087 0.0169134 0.021862 0.0140626 0.0104121 0.00925178 0.00928534 0.00854009 0.0107056 0.00931287 0.00850219 0.00969814 0.00933953 0.00996133 0.00859781 
0.00796962 0.00805192 0.00821515 0.0086567 0.0117893 0.0102435 0.00893943 0.00870009 0.0113761 0.0180842 0.0102126 0.0085232 0.00860108 0.0092797 0.014304 0.00997135 0.00876261 0.0087888 0.0106086 0.0318498 0.0562569 0.0727291 0.0208901 0.0115878 0.0134779 0.0254437 0.09562 0.033345 0.0169367 0.0291557 0.0211984 0.744138 0.0288486 0.0192614 0.00387668 0.00380649 0 0.00377472 0.0037665 0.0149261 0.0187008 0.0474816 0.0105845 0.0111021 0.00973056 0.0153368 0.0386187 0.0417338 0.0140899 0.00949803 0.00861487 0.00892589 0.00898883 0.00920217 0.00940493 0.00853524 0.00932518 0.0115421 0.00955008 0.00873352 
0.00813507 0.00808809 0.00810775 0.00898209 0.00948907 0.00939722 0.00858835 0.0095442 0.0103617 0.00986358 0.0101573 0.00853431 0.0092608 0.0089871 0.00898157 0.0095893 0.00860604 0.00962745 0.011772 0.0136679 0.0182362 0.0257015 0.0310601 0.0128787 0.0132451 0.0241021 0.022333 0.0776435 0.026248 0.0195199 0.59018 0.0173439 0.095192 0.0356577 0.00389677 0.00380187 0.00377472 0 0.003778 0.0231374 0.018185 0.0158707 0.0296354 0.0134894 0.010575 0.0145552 0.0156984 0.0176481 0.016134 0.00931989 0.00933221 0.00986864 0.00912169 0.0100877 0.00862747 0.00870651 0.00914162 0.00903963 0.00883684 0.00839365 
0.00877676 0.00919796 0.00863883 0.00837616 0.00835483 0.00823638 0.00898872 0.0111116 0.00895422 0.00873712 0.00832818 0.00909237 0.00963358 0.00920656 0.0082603 0.00840084 0.0103046 0.0204557 0.00887731 0.0103678 0.00997724 0.0108429 0.0112353 0.0130665 0.0202575 0.0130378 0.0119934 0.0150492 0.0244355 0.51042 0.0111736 0.0129545 0.0137067 0.0488641 0.00493227 0.00403258 0.0037665 0.003778 0 0.0251585 0.0105573 0.0100727 0.0165921 0.0613186 0.0167545 0.0100898 0.00933588 0.0102135 0.00951635 0.0115416 0.0102386 0.00998353 0.0114846 0.00851078 0.0089098 0.0116859 0.00837157 0.00834832 0.008489 0.00832671 
0.00879183 0.00875718 0.00810587 0.00810289 0.00814831 0.00817491 0.00848636 0.0080301 0.00819956 0.00809387 0.0082225 0.00821639 0.00805453 0.00833177 0.00803147 0.0080471 0.00915693 0.00847893 0.00803812 0.00827946 0.00825727 0.00831348 0.00834187 0.00944724 0.00881613 0.00914633 0.00887982 0.0095006 0.0116731 0.0141422 0.00949038 0.00978604 0.00961656 0.015716 0.0783547 0.0169698 0.0149261 0.0231374 0.0251585 0 0.00401774 0.0038201 0.00426199 0.0046965 0.0604912 0.0144451 0.0110609 0.0131402 0.014542 0.0885817 0.0114553 0.0210358 0.0110044 0.00931508 0.0172423 0.00909595 0.00897118 0.0090028 0.00997698 0.0109434 
0.00823357 0.00800232 0.00802818 0.00830827 0.00823276 0.00818895 0.00802144 0.00810201 0.00838053 0.00827698 0.00825354 0.00795171 0.00815171 0.00822342 0.0080601 0.00823753 0.00796445 0.00802713 0.00819631 0.0086944 0.0085545 0.00881975 0.00854008 0.0080874 0.00856735 0.00960068 0.00906531 0.0101118 0.00830103 0.00996315 0.0151355 0.0115999 0.010424 0.00855738 0.0109331 0.0427176 0.0187008 0.018185 0.0105573 0.00401774 0 0.0039483 0.0037694 0.00391154 0.0224332 0.0391858 0.0201293 0.016913 0.0181543 0.00922444 0.012735 0.00929335 0.00977399 0.0108379 0.00898242 0.00895425 0.0101281 0.010414 0.0113605 0.00864716 
0.00837885 0.00805701 0.00802427 0.00824113 0.00831798 0.00814938 0.00801551 0.00812219 0.00837708 0.00834522 0.0082702 0.00790301 0.00836535 0.0081571 0.00837878 0.00823469 0.00791635 0.00795488 0.00829388 0.00855484 0.00885754 0.00964995 0.00859122 0.0081858 0.00921038 0.00894089 0.011415 0.00905958 0.00835542 0.00921784 0.0124345 0.0147042 0.00930095 0.00899931 0.0114565 0.0124585 0.0474816 0.0158707 0.0100727 0.0038201 0.0039483 0 0.00376374 0.00378958 0.0192709 0.0158716 0.0861655 0.0232631 0.0178301 0.0088023 0.00995465 0.00872293 0.0100697 0.00916526 0.00922458 0.00873085 0.00905248 0.018569 0.00888703 0.00859581 
0.00820654 0.00801204 0.00807319 0.00828768 0.00822913 0.00823709 0.00801547 0.00801519 0.00836256 0.00832122 0.00826321 0.00799923 0.00786669 0.00909555 0.00808347 0.00824743 0.0082512 0.00820207 0.00810256 0.00886694 0.00862806 0.00861518 0.00872025 0.00814442 0.0084154 0.00981069 0.0092453 0.00997714 0.00835281 0.0108937 0.0100291 0.0123608 0.0107525 0.00879121 0.00951542 0.0169547 0.0105845 0.0296354 0.0165921 0.00426199 0.0037694 0.00376374 0 0.00380874 0.0127016 0.0763007 0.019735 0.147611 0.0179636 0.0180039 0.00928076 0.0128423 0.0100616 0.013429 0.00989446 0.00862945 0.0152046 0.00873631 0.0190032 0.00852989 
0.00920001 0.00841929 0.00802868 0.00801477 0.00796862 0.00799201 0.00811872 0.0082901 0.00819363 0.00806295 0.00797431 0.00801832 0.00875924 0.00791962 0.00805557 0.00799141 0.00814048 0.00847068 0.00822799 0.00830027 0.00854347 0.0085769 0.00823807 0.00884232 0.011485 0.00858254 0.00874295 0.00857067 0.0103123 0.0110267 0.00979126 0.00928634 0.00979612 0.0116384 0.0194056 0.0100414 0.0111021 0.0134894 0.0613186 0.0046965 0.00391154 0.00378958 0.00380874 0 0.0319077 0.0132066 0.113132 0.0142308 0.0577941 0.0321479 0.0202325 0.0112449 0.0197387 0.010232 0.0157959 0.0163284 0.00882698 0.0102426 0.00876861 0.0108382 
0.00872024 0.00843995 0.00816388 0.00822357 0.0082497 0.00829566 0.0085694 0.0080292 0.0083661 0.00828082 0.00840647 0.0082317 0.00807416 0.00810265 0.00813323 0.00816941 0.00822617 0.00795184 0.00827113 0.00834246 0.00844447 0.00862057 0.00869865 0.0090936 0.0087913 0.00870032 0.00888719 0.00951963 0.0100507 0.0112141 0.0102219 0.009559 0.00967281 0.0114075 0.0114094 0.00991016 0.00973056 0.010575 0.0167545 0.0604912 0.0224332 0.0192709 0.0127016 0.0319077 0 0.00406075 0.00380663 0.00385743 0.00397156 0.00591526 0.0808111 0.0231938 0.0229469 0.0142718 0.0294912 0.0167332 0.0119503 0.0139052 0.0117721 0.0380166 
0.00843149 0.00827463 0.00819455 0.00840215 0.0084689 0.00851107 0.00835266 0.00819884 0.00873571 0.00855441 0.0085156 0.00819418 0.00803372 0.00848397 0.00831913 0.00842459 0.00817975 0.00807961 0.00837779 0.00917459 0.00918879 0.0095897 0.00931863 0.0085735 0.00852086 0.0106586 0.0102037 0.0128246 0.0089313 0.0110602 0.0149702 0.0170421 0.0125961 0.00941916 0.0109513 0.018087 0.0153368 0.0145552 0.0100898 0.0144451 0.0391858 0.0158716 0.0763007 0.0132066 0.00406075 0 0.00380781 0.00380832 0.00392662 0.00398252 0.0233753 0.0289843 0.0149849 0.0322094 0.0138641 0.0117921 0.0417434 0.0131934 0.130075 0.0103491 
0.00842014 0.00823914 0.00813595 0.00842869 0.00853236 0.0085994 0.00826707 0.00834417 0.00884587 0.00869377 0.00840032 0.00811688 0.00829458 0.00836114 0.00851148 0.00837884 0.00803737 0.0080602 0.00872764 0.00915307 0.0109463 0.0110522 0.00897076 0.00847088 0.00931543 0.0100979 0.015656 0.0109667 0.00945034 0.0100804 0.0252743 0.021529 0.0142581 0.00918904 0.010862 0.0169134 0.0386187 0.0156984 0.00933588 0.0110609 0.0201293 0.0861655 0.019735 0.113132 0.00380663 0.00380781 0 0.00376291 0.00380114 0.00378193 0.0197843 0.0137219 0.0277362 0.0145562 0.0162231 0.0160657 0.0152459 0.255342 0.0128498 0.0164836 
0.00830523 0.00824247 0.00833512 0.0084753 0.00862108 0.00858606 0.0082564 0.00835049 0.00921751 0.00888885 0.00837745 0.00827373 0.00812259 0.00880041 0.00841033 0.00840312 0.00828492 0.0081681 0.0084271 0.0100216 0.0111014 0.0105347 0.00973442 0.00867883 0.00886119 0.0123184 0.0145414 0.0120797 0.00880417 0.0145219 0.0190416 0.0288172 0.0131372 0.00929808 0.0117134 0.021862 0.0417338 0.0176481 0.0102135 0.0131402 0.016913 0.0232631 0.147611 0.0142308 0.00385743 0.00380832 0.00376291 0 0.00379375 0.00380424 0.022651 0.0300333 0.0205226 0.0333095 0.0147398 0.0123863 0.156214 0.0239064 0.0705946 0.0104149 
0.00862486 0.00836366 0.00814368 0.00835385 0.00858628 0.00843062 0.00824759 0.00830743 0.00861917 0.00845005 0.00830453 0.00800211 0.00853234 0.00819739 0.00818216 0.00832488 0.00802241 0.00827933 0.00862246 0.00884406 0.00904827 0.00924519 0.00868688 0.00838875 0.00955802 0.00968933 0.0108227 0.0102893 0.00907953 0.0115343 0.0158293 0.0131318 0.0129235 0.0092446 0.012484 0.0140626 0.0140899 0.016134 0.00951635 0.014542 0.0181543 0.0178301 0.0179636 0.0577941 0.00397156 0.00392662 0.00380114 0.00379375 0 0.00379336 0.0516223 0.0246735 0.0203729 0.0765581 0.0256671 0.0808019 0.0155235 0.041363 0.0190341 0.0223992 
0.00927673 0.00913875 0.00841952 0.00820709 0.00814902 0.00816529 0.00829062 0.00854278 0.00831916 0.00818058 0.00805312 0.00831828 0.00814924 0.00861734 0.00805124 0.00799364 0.00856449 0.00940137 0.00821943 0.00829368 0.00840475 0.00831728 0.00838985 0.00829973 0.0110361 0.00920295 0.00900614 0.00859096 0.00857443 0.0153242 0.00941488 0.00928429 0.0091338 0.00945094 0.0145387 0.0104121 0.00949803 0.00931989 0.0115416 0.0885817 0.00922444 0.0088023 0.0180039 0.0321479 0.00591526 0.00398252 0.00378193 0.00380424 0.00379336 0 0.0171771 0.0604724 0.025727 0.0141396 0.0549902 0.0199546 0.0163325 0.00962037 0.0181012 0.0108376 
0.0102771 0.00919631 0.00829282 0.00828556 0.00819363 0.00826197 0.00860408 0.00822955 0.00850164 0.00826656 0.00820437 0.00807921 0.00885983 0.00807863 0.00818714 0.00812411 0.00808278 0.00828627 0.00825488 0.0081206 0.00818431 0.00835301 0.00837107 0.00840073 0.00957998 0.00851968 0.00852935 0.00863392 0.00917533 0.00936414 0.00926805 0.00895535 0.00879262 0.0100236 0.00978081 0.00925178 0.00861487 0.00933221 0.0102386 0.0114553 0.012735 0.00995465 0.00928076 0.0202325 0.0808111 0.0233753 0.0197843 0.022651 0.0516223 0.0171771 0 0.00425814 0.0223425 0.0471604 0.0735369 0.0349831 0.0132652 0.016157 0.0124846 0.0305327 
0.00942568 0.00913483 0.00839768 0.00837966 0.00826984 0.00847712 0.00883278 0.00846896 0.00850967 0.00834336 0.00835375 0.00850744 0.00824308 0.00821768 0.00806982 0.00800681 0.00877104 0.00847639 0.00809331 0.00829395 0.00831213 0.00838233 0.00856749 0.00836142 0.00863089 0.00893535 0.0085941 0.00864053 0.00850862 0.0108373 0.00879812 0.00905902 0.00884387 0.00921899 0.0107574 0.00928534 0.00892589 0.00986864 0.00998353 0.0210358 0.00929335 0.00872293 0.0128423 0.0112449 0.0231938 0.0289843 0.0137219 0.0300333 0.0246735 0.0604724 0.00425814 0 0.0316395 0.0993275 0.02375 0.0310945 0.0264871 0.0108692 0.0329715 0.0153682 
0.00932191 0.0086682 0.00822003 0.00828837 0.00829644 0.00837048 0.00851709 0.00814835 0.0084053 0.00830752 0.00833904 0.00828588 0.00833737 0.00823203 0.00820202 0.00831428 0.00821384 0.00808176 0.00818121 0.00822697 0.0082404 0.0083518 0.008372 0.00852993 0.00882303 0.0083219 0.00867514 0.00868666 0.00864866 0.00957905 0.00878852 0.00874617 0.00863926 0.0100407 0.00943536 0.00854009 0.00898883 0.00912169 0.0114846 0.0110044 0.00977399 0.0100697 0.0100616 0.0197387 0.0229469 0.0149849 0.0277362 0.0205226 0.0203729 0.025727 0.0223425 0.0316395 0 0.00395914 0.00390246 0.18098 0.023551 0.0588852 0.0169071 0.0715107 
0.0086996 0.00858458 0.00824793 0.00846149 0.00849061 0.00863538 0.00857238 0.00819233 0.00867359 0.00859233 0.0085607 0.00819935 0.00810279 0.00826771 0.0081983 0.00815337 0.00802759 0.00801156 0.0082216 0.00845151 0.00845957 0.00869536 0.00860121 0.00817621 0.0081696 0.00885243 0.00871177 0.00914817 0.00823867 0.00867432 0.00931975 0.00926714 0.00945242 0.00855306 0.00898368 0.0107056 0.00920217 0.0100877 0.00851078 0.00931508 0.0108379 0.00916526 0.013429 0.010232 0.0142718 0.0322094 0.0145562 0.0333095 0.0765581 0.0141396 0.0471604 0.0993275 0.00395914 0 0.00381265 0.0180569 0.141433 0.0272598 0.442852 0.0173573 
0.00891541 0.00866624 0.00834479 0.00821546 0.00818018 0.00828204 0.00828553 0.00850355 0.00832586 0.00823158 0.00816436 0.00823793 0.00818 0.0080321 0.00803174 0.007958 0.00807894 0.00827078 0.00798404 0.00818365 0.00828207 0.00833487 0.00821244 0.0082249 0.00888024 0.00841081 0.00846215 0.00827701 0.00873758 0.00956613 0.00866457 0.00889222 0.0087393 0.00898589 0.0122647 0.00931287 0.00940493 0.00862747 0.0089098 0.0172423 0.00898242 0.00922458 0.00989446 0.0157959 0.0294912 0.0138641 0.0162231 0.0147398 0.0256671 0.0549902 0.0735369 0.02375 0.00390246 0.00381265 0 0.0430778 0.0171833 0.189313 0.0416862 0.232917 
0.00979583 0.00898362 0.00832125 0.00830341 0.00829889 0.008392 0.00883157 0.00822338 0.00841147 0.00835826 0.00832167 0.00843577 0.00819629 0.00824342 0.00824125 0.00824866 0.00834249 0.00808753 0.00822026 0.0082712 0.00832316 0.00834738 0.00835295 0.00867435 0.00823111 0.00838215 0.00858453 0.00861544 0.00850975 0.00861786 0.00856467 0.00845307 0.0085041 0.00957338 0.009032 0.00850219 0.00853524 0.00870651 0.0116859 0.00909595 0.00895425 0.00873085 0.00862945 0.0163284 0.0167332 0.0117921 0.0160657 0.0123863 0.0808019 0.0199546 0.0349831 0.0310945 0.18098 0.0180569 0.0430778 0 0.00399118 0.00382105 0.00384382 0.00556966 
0.00868472 0.00866935 0.00829288 0.0083981 0.00848042 0.0085574 0.00848934 0.00820052 0.00860677 0.00858969 0.00841234 0.00828196 0.00821219 0.00838 0.00830317 0.00824375 0.00816487 0.00810297 0.00822207 0.00865758 0.00852248 0.00890142 0.00854939 0.00827601 0.00844065 0.00889859 0.00953825 0.00878964 0.00823786 0.00883564 0.00878356 0.00926678 0.00879468 0.00834643 0.00887163 0.00969814 0.00932518 0.00914162 0.00837157 0.00897118 0.0101281 0.00905248 0.0152046 0.00882698 0.0119503 0.0417434 0.0152459 0.156214 0.0155235 0.0163325 0.0132652 0.0264871 0.023551 0.141433 0.0171833 0.00399118 0 0.00377578 0.0038872 0.00391977 
0.00886934 0.00850803 0.008262 0.008535 0.00858792 0.00869349 0.0084112 0.00822174 0.0090718 0.00861847 0.00854471 0.00830454 0.00847721 0.0083442 0.00841152 0.00834836 0.00815365 0.00809899 0.00836464 0.00879071 0.00872739 0.00906751 0.00866697 0.00828673 0.00849419 0.00881845 0.00924499 0.0087503 0.00847292 0.00873045 0.0138307 0.00953519 0.0088074 0.00842085 0.00881636 0.00933953 0.0115421 0.00903963 0.00834832 0.0090028 0.010414 0.018569 0.00873631 0.0102426 0.0139052 0.0131934 0.255342 0.0239064 0.041363 0.00962037 0.016157 0.0108692 0.0588852 0.0272598 0.189313 0.00382105 0.00377578 0 0.00379104 0.00381256 
0.00897163 0.00899656 0.00837612 0.0085098 0.00854355 0.00864961 0.0085056 0.00833955 0.00873467 0.00881929 0.00848345 0.00832766 0.00821487 0.00850661 0.00834771 0.00828445 0.0082649 0.00831156 0.00823166 0.0088199 0.00886398 0.0088993 0.00877416 0.00815792 0.00860195 0.00901601 0.00920701 0.0090211 0.00826036 0.0093584 0.00902674 0.00975782 0.0088539 0.00844375 0.00900384 0.00996133 0.00955008 0.00883684 0.008489 0.00997698 0.0113605 0.00888703 0.0190032 0.00876861 0.0117721 0.130075 0.0128498 0.0705946 0.0190341 0.0181012 0.0124846 0.0329715 0.0169071 0.442852 0.0416862 0.00384382 0.0038872 0.00379104 0 0.0037939 
0.0120584 0.0097611 0.008702 0.00863787 0.00847537 0.00861655 0.00860172 0.00874546 0.00892634 0.00876535 0.00857409 0.00827251 0.0092385 0.00835527 0.00824086 0.00843815 0.00815996 0.00831946 0.00828743 0.0085717 0.00849424 0.00868969 0.00854132 0.00822074 0.00911534 0.0084884 0.00859792 0.00844615 0.00883799 0.00896874 0.00870826 0.00891242 0.00851691 0.00845411 0.00926462 0.00859781 0.00873352 0.00839365 0.00832671 0.0109434 0.00864716 0.00859581 0.00852989 0.0108382 0.0380166 0.0103491 0.0164836 0.0104149 0.0223992 0.0108376 0.0305327 0.0153682 0.0715107 0.0173573 0.232917 0.00556966 0.00391977 0.00381256 0.0037939 0 
