1E6EB
DKITVHFINRDGETLTTKGKIGDSLLDVVVQNNLDIDGFGACEGTLACSTCHLIFEQHIFEKLEAITDEENDMLDLAYGLTDRSRLGCQICLTKAMDNMTVRVPDAVSDARES
CCEEEEEECCCCCEEEEEECCCCEHHHHHHHCCCCCCCCCCCCCCCCCCCCEEECCHHHHCCCCCCCHHHHHHHCCCCCCCCCEEEHHHCECCHHHCCEEEECCCCCCHHHCC
0 0 0 0 0 0 0 0 0 0 0 0 0 0 0 0 0 0 0 0 0 0 0 0 0 0 0 0 0 0 0 0 0 0 0 0 0 0 0 0 0 0 0 0 0 0 0 0 0 0 0 0 0 0 0 0 0 0 0 0 0 0 0 0 0 0 0 0 0 0 0 0 0 0 0 0 0 0 0 0 0 0 0 0 0 0 0 0 0 0 0 0 0 0 0 0 0 0 0 0 0 0 0 0 0 0 0 0 0 0 0 0 0 
0 0 0 0 0 0 0 0 0 0 0 0 0 0 0 0 0 0 0 0 0 0 0 0 0 0 0 0 0 0 0 0 0 0 0 0 0 0 0 0 0 0 0 0 0 0 0 0 0 0 0 0 0 0 0 0 0 0 0 0 0 0 0 0 0 0 0 0 0 0 0 0 0 0 0 0 0 0 0 0 0 0 0 0 0 0 0 0 0 0 0 0 0 0 0 0 0 0 0 0 0 0 0 0 0 0 0 0 0 0 0 0 0 
0 0.00403927 0.0039371 0.00392516 0.00409837 0.0053515 0.0128611 0.00858474 0.00797155 0.0133223 0.0135899 0.941036 0.0193942 0.0200422 0.0155863 0.0190005 0.0133983 0.00879371 0.0140156 0.0107114 0.0130756 0.00833238 0.012731 0.0105308 
0.00403927 0 0.00379906 0.00379859 0.00389882 0.00392776 0.0075073 0.00737826 0.00937812 0.00887468 0.983605 0.0196635 0.0121818 0.0289077 0.0388795 0.0163572 0.00928928 0.0135457 0.0094413 0.0100013 0.00858395 0.0134924 0.00927017 0.0121096 
0.0039371 0.00379906 0 0.00381365 0.00381487 0.00379135 0.00655349 0.00874073 0.00850582 0.977924 0.0130602 0.0147394 0.00759268 0.0197651 0.044699 0.013751 0.0121192 0.0091485 0.0122625 0.00814863 0.0126071 0.00894235 0.0241253 0.00888297 
0.00392516 0.00379859 0.00381365 0 0.00377383 0.00376921 0.00747723 0.00763295 0.985739 0.0118535 0.0142857 0.00756554 0.00793527 0.0218537 0.0147722 0.0186111 0.00887474 0.00990769 0.00994705 0.0095933 0.00862614 0.017352 0.00958194 0.0108212 
0.00409837 0.00389882 0.00381487 0.00377383 0 0.00377434 0.00922081 0.991379 0.0129345 0.0128846 0.00739808 0.0116221 0.00787616 0.012232 0.0664632 0.0128575 0.00927423 0.01036 0.0114958 0.00830312 0.0120971 0.00861675 0.0171184 0.00871211 
0.0053515 0.00392776 0.00379135 0.00376921 0.00377434 0 0.996944 0.00636994 0.00604214 0.00593254 0.00724212 0.00729243 0.00983155 0.0225287 0.0102258 0.0268078 0.014252 0.00858493 0.00975736 0.0140049 0.0102062 0.00914169 0.00838601 0.0103063 
0.0128611 0.0075073 0.00655349 0.00747723 0.00922081 0.996944 0 0.00456072 0.00388144 0.00398828 0.0045942 0.00513731 0.0085105 0.0171241 0.0095368 0.0239618 0.00950489 0.00866637 0.00992553 0.0141369 0.00883905 0.00896931 0.00848578 0.0132286 
0.00858474 0.00737826 0.00874073 0.00763295 0.991379 0.00636994 0.00456072 0 0.00390437 0.00382285 0.00387148 0.00420492 0.00472528 0.010836 0.0294133 0.00913046 0.00872853 0.00920723 0.00883053 0.00816613 0.00884192 0.00813474 0.0109366 0.00826078 
0.00797155 0.00937812 0.00850582 0.985739 0.0129345 0.00604214 0.00388144 0.00390437 0 0.00380029 0.00389952 0.00375754 0.00491179 0.0157906 0.00979488 0.010873 0.00850956 0.00850366 0.00831901 0.00976418 0.00810547 0.0129348 0.00818639 0.0121856 
0.0133223 0.00887468 0.977924 0.0118535 0.0128846 0.00593254 0.00398828 0.00382285 0.00380029 0 0.00377507 0.00388306 0.00405408 0.013065 0.0261 0.0095427 0.00925013 0.00823693 0.00987368 0.00793444 0.0113098 0.00799969 0.0211521 0.00825787 
0.0135899 0.983605 0.0130602 0.0142857 0.00739808 0.00724212 0.0045942 0.00387148 0.00389952 0.00377507 0 0.00375949 0.0073085 0.0194849 0.0161723 0.0173605 0.00898854 0.0112514 0.00853471 0.0102221 0.00808087 0.0237334 0.00825229 0.0105131 
0.941036 0.0196635 0.0147394 0.00756554 0.0116221 0.00729243 0.00513731 0.00420492 0.00375754 0.00388306 0.00375949 0 0.0156925 0.0151732 0.0289699 0.0245319 0.019722 0.00868414 0.0118512 0.00982656 0.0343999 0.00832222 0.0147558 0.00861283 
0.0193942 0.0121818 0.00759268 0.00793527 0.00787616 0.00983155 0.0085105 0.00472528 0.00491179 0.00405408 0.0073085 0.0156925 0 0.031015 0.0133932 0.0449662 0.0159473 0.0148696 0.0110965 0.188331 0.0108246 0.0100404 0.00867381 0.0131988 
0.0200422 0.0289077 0.0197651 0.0218537 0.012232 0.0225287 0.0171241 0.010836 0.0157906 0.013065 0.0194849 0.0151732 0.031015 0 0.00384458 0.00396249 0.207507 0.0237472 0.236094 0.0169353 0.0110669 0.0170737 0.0106199 0.0389657 
0.0155863 0.0388795 0.044699 0.0147722 0.0664632 0.0102258 0.0095368 0.0294133 0.00979488 0.0261 0.0161723 0.0289699 0.0133932 0.00384458 0 0.00378475 0.0235831 0.748153 0.0168527 0.0105034 0.0157435 0.0144 0.0683705 0.0101121 
0.0190005 0.0163572 0.013751 0.0186111 0.0128575 0.0268078 0.0239618 0.00913046 0.010873 0.0095427 0.0173605 0.0245319 0.0449662 0.00396249 0.00378475 0 0.261256 0.0147417 0.119905 0.0204598 0.0141513 0.0164575 0.010262 0.0403296 
0.0133983 0.00928928 0.0121192 0.00887474 0.00927423 0.014252 0.00950489 0.00872853 0.00850956 0.00925013 0.00898854 0.019722 0.0159473 0.207507 0.0235831 0.261256 0 0.00433698 0.00376549 0.010931 0.0240679 0.0102287 0.0257862 0.0386859 
0.00879371 0.0135457 0.0091485 0.00990769 0.01036 0.00858493 0.00866637 0.00920723 0.00850366 0.00823693 0.0112514 0.00868414 0.0148696 0.0237472 0.748153 0.0147417 0.00433698 0 0.00397498 0.00620862 0.0097337 0.0548102 0.016434 0.014356 
0.0140156 0.0094413 0.0122625 0.00994705 0.0114958 0.00975736 0.00992553 0.00883053 0.00831901 0.00987368 0.00853471 0.0118512 0.0110965 0.236094 0.0168527 0.119905 0.00376549 0.00397498 0 0.00731351 0.0229298 0.00803587 0.0173296 0.00907673 
0.0107114 0.0100013 0.00814863 0.0095933 0.00830312 0.0140049 0.0141369 0.00816613 0.00976418 0.00793444 0.0102221 0.00982656 0.188331 0.0169353 0.0105034 0.0204598 0.010931 0.00620862 0.00731351 0 0.0350211 0.0256843 0.00531282 0.0335644 
0.0130756 0.00858395 0.0126071 0.00862614 0.0120971 0.0102062 0.00883905 0.00884192 0.00810547 0.0113098 0.00808087 0.0343999 0.0108246 0.0110669 0.0157435 0.0141513 0.0240679 0.0097337 0.0229298 0.0350211 0 0.00381687 0.00431285 0.00423038 
0.00833238 0.0134924 0.00894235 0.017352 0.00861675 0.00914169 0.00896931 0.00813474 0.0129348 0.00799969 0.0237334 0.00832222 0.0100404 0.0170737 0.0144 0.0164575 0.0102287 0.0548102 0.00803587 0.0256843 0.00381687 0 0.00408764 0.00407247 
0.012731 0.00927017 0.0241253 0.00958194 0.0171184 0.00838601 0.00848578 0.0109366 0.00818639 0.0211521 0.00825229 0.0147558 0.00867381 0.0106199 0.0683705 0.010262 0.0257862 0.016434 0.0173296 0.00531282 0.00431285 0.00408764 0 0.0038025 
0.0105308 0.0121096 0.00888297 0.0108212 0.00871211 0.0103063 0.0132286 0.00826078 0.0121856 0.00825787 0.0105131 0.00861283 0.0131988 0.0389657 0.0101121 0.0403296 0.0386859 0.014356 0.00907673 0.0335644 0.00423038 0.00407247 0.0038025 0 
