1EAJA
FARSLSITTPEEMIEKAKGETAYLPCKFTLSPEDQGPLDIEWLISPADNQKVDQVIILYSGDKIYDDYYPDLKGRVHFTSNDLKSGDASINVTNLQLSDIGTYQCKVKKAPGVANKKIHLVVLV
CCCCCEECCCEEEEEEECCCCEEECCEEECCCCCCCCEEEEEEEEECCCCCCCEEEEEEECCEEECCCCCCCCCCEEECCCCHHHCECCEEECCCCHHHCEEEEEEEEECCEEEEEEEEEEEEC
0 0 0 0 0 0 0 0 0 0 0 0 0 0 0 0 0 0 0 0 0 0 0 0 0 0 0 0 0 0 0 0 0 0 0 0 0 0 0 0 0 0 0 0 0 0 0 0 0 0 0 0 0 0 0 0 0 0 0 0 0 0 0 0 0 0 0 0 0 0 0 0 0 0 0 0 0 0 0 0 0 0 0 0 0 0 0 0 0 0 0 0 0 0 0 0 0 0 0 0 0 0 0 0 0 0 0 0 0 0 0 0 0 0 0 0 0 0 0 0 0 0 0 0 
0 0 0 0 0 0 0 0 0 0 0 0 0 0 0 0 0 0 0 0 0 0 0 0 0 0 0 0 0 0 0 0 0 0 0 0 0 0 0 0 0 0 0 0 0 0 0 0 0 0 0 0 0 0 0 0 0 0 0 0 0 0 0 0 0 0 0 0 0 0 0 0 0 0 0 0 0 0 0 0 0 0 0 0 0 0 0 0 0 0 0 0 0 0 0 0 0 0 0 0 0 0 0 0 0 0 0 0 0 0 0 0 0 0 0 0 0 0 0 0 0 0 0 0 
0 0.00474062 0.00569041 0.0167061 0.0105899 0.00576121 0.00744348 0.00758243 0.0199101 0.00916524 0.0501539 0.00947547 0.0334309 0.00959496 0.0512615 0.0117195 0.0186745 0.00868584 0.0125749 0.00945113 0.0107122 0.00928819 0.0146081 0.0131884 0.0228976 0.0113263 0.0144417 0.0109827 0.010555 0.011105 0.0126905 0.0128193 0.00970052 0.0126461 0.00914077 0.0129691 0.00898486 0.0122954 0.00860055 0.0134224 0.00885289 0.00851429 0.00910274 0.00816565 0.00846328 0.00812673 0.00879382 0.00817501 0.00897929 0.00982346 0.00865213 0.00863051 0.00799818 0.00888057 0.00793202 0.00896987 0.00800289 0.00949482 0.00798881 0.009365 0.00838191 0.00929235 
0.00474062 0 0.0256569 0.00532187 0.00413579 0.00577675 0.0050273 0.00752429 0.00721615 0.0364514 0.00914657 0.0166635 0.00898797 0.162216 0.00982537 0.03129 0.00939038 0.0122185 0.00863103 0.0105369 0.00884601 0.00981962 0.00970627 0.0139512 0.0118962 0.0162168 0.00955429 0.0100799 0.010128 0.00982218 0.0109299 0.0109553 0.00984896 0.0111376 0.0273159 0.00848743 0.0165862 0.010338 0.0279604 0.00846888 0.014734 0.0160395 0.00825699 0.00867055 0.00821379 0.00885728 0.00822188 0.00894328 0.00840959 0.00922278 0.0113734 0.00812464 0.0087276 0.00797661 0.009223 0.00788149 0.0101541 0.00790236 0.0100272 0.00799224 0.0114984 0.00854149 
0.00569041 0.0256569 0 0.00499021 0.003782 0.00380242 0.00383774 0.00395872 0.00490156 0.0061971 0.00723373 0.0120073 0.0100892 0.00773229 0.0369651 0.0108213 0.00940462 0.0084952 0.00935614 0.00871571 0.00926722 0.00902904 0.0099246 0.0154694 0.0113626 0.00956352 0.00936169 0.00911306 0.00888202 0.00915169 0.0234851 0.00922432 0.00886306 0.0114776 0.00855617 0.00859622 0.00939801 0.00886403 0.00836937 0.00874391 0.00947647 0.00809112 0.00791464 0.00796994 0.00803783 0.00807776 0.00819445 0.00825141 0.00833859 0.00942703 0.00798821 0.00796619 0.00790754 0.00809765 0.0078902 0.00808455 0.00794478 0.00829006 0.00795212 0.00820982 0.00823125 0.00927862 
0.0167061 0.00532187 0.00499021 0 0.00375101 0.00379388 0.00377004 0.00409616 0.003895 0.0058822 0.00917831 0.00633308 0.00707383 0.0216482 0.00914937 0.00973282 0.00908826 0.0106208 0.00948159 0.0120215 0.00931919 0.0103097 0.00980522 0.00924573 0.00904056 0.0138565 0.0108411 0.0117484 0.00993226 0.0114534 0.00885936 0.00839054 0.00913282 0.00857947 0.00856092 0.00859767 0.00873003 0.00786069 0.00873192 0.00844693 0.00837265 0.00812994 0.00798722 0.00823264 0.00817472 0.00886634 0.00866884 0.00929078 0.00864837 0.00837583 0.00804296 0.00796172 0.00816514 0.00802793 0.00814667 0.00796143 0.00845998 0.008035 0.00855249 0.00801516 0.00879919 0.00809683 
0.0105899 0.00413579 0.003782 0.00375101 0 0.00373193 0.00376217 0.00385337 0.00383694 0.00546417 0.0084435 0.00590766 0.0155001 0.00737902 0.00896689 0.00820975 0.0130603 0.00873432 0.0217405 0.00980262 0.0179669 0.00947034 0.00994072 0.00855198 0.00921622 0.00940862 0.0192329 0.0155442 0.0189227 0.00915164 0.00852709 0.00878143 0.00859612 0.00851034 0.00844667 0.00991005 0.00826437 0.00805683 0.00832549 0.00905505 0.00808725 0.00808962 0.00855744 0.00836308 0.0099765 0.00893595 0.0124076 0.00887054 0.00887641 0.00823613 0.00798555 0.00829942 0.00810566 0.00908447 0.00804681 0.00975629 0.00809534 0.0111774 0.00810896 0.0104333 0.00813415 0.00862659 
0.00576121 0.00577675 0.00380242 0.00379388 0.00373193 0 0.00374086 0.00380598 0.00382904 0.00721704 0.00572816 0.0268251 0.006821 0.0108346 0.00731629 0.0121681 0.00828012 0.0237303 0.00887431 0.019313 0.00953931 0.0132217 0.00843919 0.00971108 0.00863213 0.0133405 0.0124621 0.0226381 0.0133726 0.00926937 0.00887762 0.00852503 0.00877934 0.00901112 0.0105228 0.00831489 0.0113586 0.00803037 0.0110122 0.00813615 0.0106442 0.00911756 0.00799842 0.011041 0.0086768 0.013772 0.00882587 0.0124172 0.00836894 0.0085139 0.00843551 0.00808358 0.00969907 0.00807156 0.0105808 0.00801094 0.0128437 0.00805864 0.0140903 0.00813313 0.00975709 0.00833399 
0.00744348 0.0050273 0.00383774 0.00377004 0.00376217 0.00374086 0 0.00377087 0.00377606 0.00470454 0.024929 0.0123624 0.0111192 0.00661435 0.0107385 0.00861916 0.0150739 0.00866967 0.0241561 0.00983151 0.0144949 0.00987203 0.00988026 0.00836047 0.0096231 0.00954275 0.0210337 0.0161516 0.0155549 0.00944592 0.00849474 0.00897019 0.00870068 0.00856757 0.00841986 0.00975151 0.00835049 0.0080633 0.00834037 0.00952904 0.00816304 0.00811595 0.00889404 0.00849604 0.0106201 0.00884483 0.0124973 0.00903614 0.00890134 0.00825247 0.00804987 0.00849554 0.00809621 0.00965679 0.00802655 0.00964076 0.00813752 0.0120777 0.00824172 0.0107926 0.00831337 0.00864216 
0.00758243 0.00752429 0.00395872 0.00409616 0.00385337 0.00380598 0.00377087 0 0.00379812 0.0166682 0.0320335 0.00544872 0.00661244 0.0132314 0.00727749 0.0102957 0.0119699 0.01253 0.00908817 0.0119589 0.00920819 0.00983835 0.00895904 0.00852043 0.00915957 0.014596 0.00980401 0.012942 0.0109605 0.0107493 0.0085328 0.00927444 0.00920001 0.00850549 0.00971388 0.00891185 0.0088819 0.00822568 0.00931555 0.00852741 0.00840444 0.00886257 0.00825322 0.00859696 0.00824835 0.00926072 0.00839811 0.00913067 0.00829865 0.00822929 0.00863434 0.00816351 0.00841172 0.00798689 0.00858789 0.00809891 0.00877175 0.00851653 0.00867501 0.00822694 0.00850714 0.00815279 
0.0199101 0.00721615 0.00490156 0.003895 0.00383694 0.00382904 0.00377606 0.00379812 0 0.0467803 0.00518339 0.00468084 0.0095204 0.00756622 0.00917359 0.0145826 0.0105006 0.00842513 0.0091856 0.00874507 0.00902868 0.00848138 0.00854196 0.00898019 0.0127509 0.00973577 0.00928562 0.00924577 0.00932093 0.009129 0.00923546 0.0120533 0.00850699 0.00940593 0.0139592 0.00839501 0.0092015 0.0105933 0.0132519 0.00827226 0.0089825 0.0113391 0.00825208 0.00807833 0.00831678 0.00811868 0.00839257 0.00809513 0.00808673 0.00847784 0.00950412 0.0081593 0.00803042 0.00815535 0.00801068 0.00812316 0.00818264 0.00839357 0.00818888 0.0083299 0.00822571 0.00847921 
0.00916524 0.0364514 0.0061971 0.0058822 0.00546417 0.00721704 0.00470454 0.0166682 0.0467803 0 0.00431112 0.00392533 0.00422971 0.012022 0.0218512 0.0169693 0.00787997 0.0144665 0.0084231 0.0138548 0.0105074 0.0116772 0.00965805 0.0402494 0.0120631 0.0207339 0.0114303 0.0122357 0.0107478 0.0106881 0.0196144 0.0106972 0.0114929 0.0262596 0.020767 0.00874585 0.0484565 0.00900471 0.0208434 0.00863872 0.058729 0.0124485 0.00803841 0.00987083 0.0083198 0.0107679 0.00844706 0.0104927 0.00882487 0.0140315 0.0112118 0.00820297 0.00986907 0.00820771 0.0101145 0.00809855 0.0114561 0.00826325 0.0117045 0.00827997 0.0116165 0.0104511 
0.0501539 0.00914657 0.00723373 0.00917831 0.0084435 0.00572816 0.024929 0.0320335 0.00518339 0.00431112 0 0.0037937 0.00729939 0.00567124 0.00548072 0.00766603 0.0303632 0.00804732 0.0141881 0.00919398 0.0129113 0.00944857 0.0319411 0.00893134 0.0114421 0.0122326 0.0131711 0.0137952 0.0127218 0.017129 0.00967332 0.00996386 0.0146539 0.00902467 0.00925751 0.0652465 0.00861349 0.0097219 0.00876556 0.0751299 0.00849615 0.00842173 0.0141506 0.0083187 0.0107051 0.00854737 0.0120577 0.00849743 0.0134938 0.00865001 0.00843818 0.0097766 0.00816745 0.00924444 0.00809057 0.0096201 0.00819199 0.0117953 0.00819487 0.0104243 0.00850441 0.00896627 
0.00947547 0.0166635 0.0120073 0.00633308 0.00590766 0.0268251 0.0123624 0.00544872 0.00468084 0.00392533 0.0037937 0 0.00686854 0.00494112 0.00409902 0.0172601 0.00786903 0.0134972 0.00840501 0.020354 0.00881508 0.0122347 0.00902396 0.0147412 0.0100016 0.0111399 0.0103962 0.0122042 0.0148059 0.0123496 0.0139196 0.0108156 0.00872154 0.0108063 0.034868 0.00843546 0.0238606 0.0101726 0.0300938 0.00850916 0.013052 0.0165945 0.0081542 0.0103171 0.00877633 0.0110235 0.00888559 0.0140633 0.0091449 0.0103547 0.0131763 0.00824085 0.00892707 0.00810274 0.0091141 0.00802537 0.00992178 0.00809575 0.00992898 0.00820029 0.0113567 0.00888186 
0.0334309 0.00898797 0.0100892 0.00707383 0.0155001 0.006821 0.0111192 0.00661244 0.0095204 0.00422971 0.00729939 0.00686854 0 0.00384344 0.00409791 0.00690726 0.0153561 0.00760574 0.0291378 0.00781942 0.00968 0.00799611 0.0110969 0.0108553 0.016288 0.00946808 0.0131332 0.011152 0.0103366 0.0110269 0.0126519 0.0142692 0.0091292 0.0133956 0.00899181 0.0181163 0.00925598 0.0116178 0.00841524 0.0154151 0.00907388 0.00832994 0.00954708 0.00818992 0.0100682 0.00837548 0.011586 0.00846626 0.0113386 0.0107801 0.00823115 0.00909755 0.00801438 0.00954476 0.00800445 0.0103384 0.00808571 0.0116152 0.00806698 0.0115865 0.00845912 0.0119276 
0.00959496 0.162216 0.00773229 0.0216482 0.00737902 0.0108346 0.00661435 0.0132314 0.00756622 0.012022 0.00567124 0.00494112 0.00384344 0 0.0037676 0.0276357 0.0122104 0.0299047 0.00667978 0.00954331 0.0073124 0.00933208 0.00945086 0.0109493 0.00867488 0.0303622 0.00968976 0.0108746 0.0107917 0.0127296 0.00977351 0.00894685 0.0207199 0.0102978 0.0164936 0.00926296 0.0181072 0.00842914 0.0192325 0.00885124 0.0136658 0.0106546 0.00859292 0.00980719 0.00833604 0.0113932 0.00835124 0.012593 0.00866813 0.00899921 0.00927688 0.00816708 0.00951046 0.00803752 0.0102129 0.00798362 0.0121451 0.00807073 0.0137549 0.0080474 0.0142104 0.00821461 
0.0512615 0.00982537 0.0369651 0.00914937 0.00896689 0.00731629 0.0107385 0.00727749 0.00917359 0.0218512 0.00548072 0.00409902 0.00409791 0.0037676 0 0.0186488 0.0279605 0.00668031 0.00919807 0.00730732 0.00889981 0.00806653 0.00976559 0.00852419 0.0139819 0.00941329 0.0101879 0.00966023 0.00966563 0.010481 0.0102093 0.0165923 0.00887102 0.0105073 0.0120965 0.0111735 0.00917717 0.0148461 0.0113559 0.0119165 0.00882862 0.0105104 0.00965895 0.00836328 0.00955545 0.008299 0.0101366 0.00849797 0.00901152 0.00938362 0.0107821 0.00889078 0.00806737 0.00885741 0.00799941 0.00904614 0.00813732 0.00980059 0.0081448 0.0100247 0.00837215 0.0101428 
0.0117195 0.03129 0.0108213 0.00973282 0.00820975 0.0121681 0.00861916 0.0102957 0.0145826 0.0169693 0.00766603 0.0172601 0.00690726 0.0276357 0.0186488 0 0.00386447 0.00377743 0.00375511 0.00381558 0.00383849 0.00395833 0.00441663 0.00956839 0.00956749 0.012594 0.00938493 0.0102323 0.0121859 0.0108016 0.0362321 0.0125048 0.0100395 0.0196549 0.0251892 0.00891428 0.0369353 0.0101843 0.0348088 0.00898178 0.0438307 0.0141359 0.00823243 0.010089 0.00855741 0.0140365 0.00887766 0.0141069 0.00958447 0.0705734 0.0111435 0.00844472 0.00937149 0.00821594 0.0098562 0.00820769 0.0123833 0.00829429 0.0134376 0.00832154 0.0137954 0.0114491 
0.0186745 0.00939038 0.00940462 0.00908826 0.0130603 0.00828012 0.0150739 0.0119699 0.0105006 0.00787997 0.0303632 0.00786903 0.0153561 0.0122104 0.0279605 0.00386447 0 0.00375536 0.00374688 0.00375697 0.00377089 0.00378934 0.00458418 0.00432098 0.00901433 0.0103768 0.0119633 0.0135375 0.0125592 0.039639 0.0846369 0.00931386 0.0118496 0.0105194 0.00896025 0.0551296 0.00909488 0.00977245 0.00904658 0.0463166 0.00888576 0.00882486 0.0176223 0.00917212 0.0275473 0.00998023 0.0404139 0.0102837 0.119303 0.00984948 0.00905309 0.0138258 0.00893972 0.0138455 0.0085204 0.0160465 0.00870955 0.0269242 0.00901115 0.0224948 0.00946631 0.011967 
0.00868584 0.0122185 0.0084952 0.0106208 0.00873432 0.0237303 0.00866967 0.01253 0.00842513 0.0144665 0.00804732 0.0134972 0.00760574 0.0299047 0.00668031 0.00377743 0.00375536 0 0.00374028 0.00376018 0.00377179 0.00375182 0.00379545 0.00384585 0.00684954 0.0108155 0.012856 0.0170256 0.0274402 0.432622 0.0151607 0.00823254 0.00885401 0.00890363 0.0195203 0.00885219 0.0165846 0.00842672 0.0279161 0.00886305 0.0138767 0.0123071 0.00895024 0.0418037 0.011109 0.0790532 0.0125503 0.269305 0.0118869 0.0120619 0.0105078 0.00919156 0.0279208 0.00908712 0.0271948 0.00890369 0.0559182 0.00941527 0.0540301 0.010811 0.0215205 0.00981743 
0.0125749 0.00863103 0.00935614 0.00948159 0.0217405 0.00887431 0.0241561 0.00908817 0.0091856 0.0084231 0.0141881 0.00840501 0.0291378 0.00667978 0.00919807 0.00375511 0.00374688 0.00374028 0 0.0037461 0.00373254 0.00376849 0.00379341 0.00378717 0.00786595 0.00920318 0.015076 0.0343042 0.507413 0.030345 0.0108939 0.00869941 0.00864006 0.00880844 0.00925968 0.0180353 0.0095037 0.00950671 0.00959319 0.0173508 0.00891863 0.00942443 0.022602 0.0115045 0.0696242 0.0171166 0.396341 0.0217384 0.0291765 0.00998334 0.00926998 0.0181895 0.00989961 0.0296857 0.00938325 0.0440587 0.0100914 0.0556904 0.0116528 0.0608774 0.00946985 0.0135096 
0.00945113 0.0105369 0.00871571 0.0120215 0.00980262 0.019313 0.00983151 0.0119589 0.00874507 0.0138548 0.00919398 0.020354 0.00781942 0.00954331 0.00730732 0.00381558 0.00375697 0.00376018 0.0037461 0 0.00374971 0.00375648 0.00376453 0.00378367 0.00695332 0.0142969 0.0296161 0.508806 0.0332001 0.0256695 0.0115568 0.00814271 0.00878362 0.0092532 0.0134608 0.00943948 0.0128077 0.00875461 0.0185224 0.00923376 0.0106075 0.0113676 0.00948927 0.043899 0.013891 0.35705 0.0219227 0.0888034 0.0130741 0.0114607 0.0105778 0.00982318 0.0287562 0.00981609 0.0376479 0.00978949 0.0435865 0.0109082 0.0605974 0.0119928 0.0195752 0.0109891 
0.0107122 0.00884601 0.00926722 0.00931919 0.0179669 0.00953931 0.0144949 0.00920819 0.00902868 0.0105074 0.0129113 0.00881508 0.00968 0.0073124 0.00889981 0.00383849 0.00377089 0.00377179 0.00373254 0.00374971 0 0.00375037 0.00378464 0.00380662 0.00749646 0.0673493 0.1782 0.0262404 0.0371787 0.0156736 0.00922238 0.00813288 0.00838236 0.00885659 0.00958735 0.0133667 0.00959779 0.00907391 0.0104655 0.0131851 0.00931653 0.00922003 0.0144349 0.0119803 0.235078 0.0160355 0.0624274 0.0172734 0.0198705 0.00993156 0.00915767 0.0139331 0.0104514 0.0222187 0.0098165 0.0227252 0.0112674 0.0329309 0.0123843 0.0212562 0.0108476 0.0117205 
0.00928819 0.00981962 0.00902904 0.0103097 0.00947034 0.0132217 0.00987203 0.00983835 0.00848138 0.0116772 0.00944857 0.0122347 0.00799611 0.00933208 0.00806653 0.00395833 0.00378934 0.00375182 0.00376849 0.00375648 0.00375037 0 0.00375051 0.0037613 0.0623318 0.0942731 0.0244654 0.0357825 0.0159861 0.0101273 0.00794019 0.00794048 0.00837963 0.00846654 0.0135329 0.00905978 0.0115869 0.00865812 0.0148571 0.0091467 0.0100971 0.0107366 0.00914114 0.185019 0.0121654 0.0484165 0.0156625 0.0536136 0.0121466 0.00982739 0.00997763 0.00920152 0.0270647 0.00947562 0.0187913 0.00971692 0.0451196 0.0101533 0.0247615 0.0107794 0.0122416 0.0108743 
0.0146081 0.00970627 0.0099246 0.00980522 0.00994072 0.00843919 0.00988026 0.00895904 0.00854196 0.00965805 0.0319411 0.00902396 0.0110969 0.00945086 0.00976559 0.00441663 0.00458418 0.00379545 0.00379341 0.00376453 0.00378464 0.00375051 0 0.00395957 0.0574185 0.0202166 0.0194157 0.0127792 0.0119548 0.0104204 0.00843473 0.00920733 0.00997018 0.00849634 0.00996711 0.0226812 0.00926089 0.0116475 0.0104321 0.0205878 0.00857623 0.0104913 0.153977 0.00923207 0.0174874 0.0101581 0.0205344 0.0106702 0.0184428 0.00964968 0.00978418 0.015957 0.00874779 0.010239 0.0091163 0.0121893 0.00881259 0.0121502 0.00892307 0.0110977 0.00929271 0.0102465 
0.0131884 0.0139512 0.0154694 0.00924573 0.00855198 0.00971108 0.00836047 0.00852043 0.00898019 0.0402494 0.00893134 0.0147412 0.0108553 0.0109493 0.00852419 0.00956839 0.00432098 0.00384585 0.00378717 0.00378367 0.00380662 0.0037613 0.00395957 0 0.0160374 0.0236835 0.00780261 0.00892392 0.00755634 0.00992218 0.00910452 0.0106155 0.00830259 0.00951649 0.030387 0.0084998 0.0160164 0.0140253 0.0302842 0.00864959 0.0112067 0.159815 0.00867911 0.0099649 0.00877994 0.0107925 0.00895904 0.00979415 0.00907348 0.0111507 0.027305 0.00875789 0.00913892 0.00845095 0.0112639 0.00838665 0.00931249 0.00849472 0.00956659 0.0085225 0.00922718 0.00997202 
0.0228976 0.0118962 0.0113626 0.00904056 0.00921622 0.00863213 0.0096231 0.00915957 0.0127509 0.0120631 0.0114421 0.0100016 0.016288 0.00867488 0.0139819 0.00956749 0.00901433 0.00684954 0.00786595 0.00695332 0.00749646 0.0623318 0.0574185 0.0160374 0 0.00391902 0.00377362 0.00380213 0.00381818 0.00393573 0.00437703 0.0062892 0.00645019 0.00967053 0.0130327 0.0122767 0.012933 0.0120462 0.0136133 0.0125885 0.017384 0.0107004 0.00926326 0.0087772 0.00973082 0.00938 0.0108316 0.0103027 0.0106741 0.0139728 0.0100584 0.00954809 0.0086033 0.00961836 0.00844191 0.00976521 0.00878139 0.0106838 0.00862467 0.0105932 0.00953424 0.0146421 
0.0113263 0.0162168 0.00956352 0.0138565 0.00940862 0.0133405 0.00954275 0.014596 0.00973577 0.0207339 0.0122326 0.0111399 0.00946808 0.0303622 0.00941329 0.012594 0.0103768 0.0108155 0.00920318 0.0142969 0.0673493 0.0942731 0.0202166 0.0236835 0.00391902 0 0.00379182 0.0037897 0.00378375 0.00392171 0.00410277 0.00506173 0.00761712 0.00729214 0.0307532 0.0138585 0.0219005 0.00908044 0.025861 0.013459 0.0178452 0.0123976 0.0103885 0.0144228 0.0119129 0.0225174 0.017592 0.030264 0.0156964 0.0112269 0.011611 0.0111505 0.013563 0.00938745 0.013108 0.00945862 0.0192674 0.0099545 0.0209331 0.0105361 0.0272368 0.0127423 
0.0144417 0.00955429 0.00936169 0.0108411 0.0192329 0.0124621 0.0210337 0.00980401 0.00928562 0.0114303 0.0131711 0.0103962 0.0131332 0.00968976 0.0101879 0.00938493 0.0119633 0.012856 0.015076 0.0296161 0.1782 0.0244654 0.0194157 0.00780261 0.00377362 0.00379182 0 0.00377253 0.00377864 0.00381751 0.00387829 0.00487511 0.00560514 0.00758202 0.0160961 0.0320935 0.0108885 0.00933404 0.0151176 0.015402 0.0106112 0.0105838 0.0134918 0.0171627 0.0300758 0.0423812 0.0610809 0.044321 0.020512 0.0111281 0.0109893 0.0162774 0.0160388 0.0189086 0.0138446 0.0220413 0.0184043 0.0297398 0.0204792 0.040069 0.012876 0.0151178 
0.0109827 0.0100799 0.00911306 0.0117484 0.0155442 0.0226381 0.0161516 0.012942 0.00924577 0.0122357 0.0137952 0.0122042 0.011152 0.0108746 0.00966023 0.0102323 0.0135375 0.0170256 0.0343042 0.508806 0.0262404 0.0357825 0.0127792 0.00892392 0.00380213 0.0037897 0.00377253 0 0.00376193 0.00383105 0.00380319 0.00428106 0.00628901 0.0196335 0.0427542 0.0158819 0.0128666 0.00957312 0.0161606 0.0148475 0.0116708 0.0113971 0.0142976 0.0240917 0.0560053 0.0527091 0.0765529 0.0548282 0.0279988 0.0123275 0.0135207 0.0177625 0.0223038 0.0201642 0.0203424 0.0207458 0.0293363 0.0253132 0.0421166 0.0282464 0.0196887 0.0155383 
0.010555 0.010128 0.00888202 0.00993226 0.0189227 0.0133726 0.0155549 0.0109605 0.00932093 0.0107478 0.0127218 0.0148059 0.0103366 0.0107917 0.00966563 0.0121859 0.0125592 0.0274402 0.507413 0.0332001 0.0371787 0.0159861 0.0119548 0.00755634 0.00381818 0.00378375 0.00377864 0.00376193 0 0.00376364 0.00379894 0.0070584 0.010091 0.762235 0.00994444 0.0131904 0.0120621 0.00911576 0.0139663 0.0133514 0.0119602 0.0106062 0.0119767 0.030235 0.0253251 0.0491598 0.0413978 0.0457958 0.0268612 0.0123239 0.0103709 0.0144435 0.0198294 0.015067 0.0155412 0.0151937 0.0210131 0.0248701 0.0280503 0.0228771 0.0165816 0.0166473 
0.011105 0.00982218 0.00915169 0.0114534 0.00915164 0.00926937 0.00944592 0.0107493 0.009129 0.0106881 0.017129 0.0123496 0.0110269 0.0127296 0.010481 0.0108016 0.039639 0.432622 0.030345 0.0256695 0.0156736 0.0101273 0.0104204 0.00992218 0.00393573 0.00392171 0.00381751 0.00383105 0.00376364 0 0.00382938 0.00870317 0.962398 0.00597841 0.0112775 0.0188769 0.0148009 0.0121923 0.013098 0.0206128 0.00996506 0.01072 0.0142268 0.0108879 0.0189483 0.0152428 0.0151552 0.0136108 0.0248447 0.0119523 0.0115327 0.0114784 0.00994812 0.00962326 0.00952868 0.00992394 0.0105239 0.0102332 0.0106693 0.0101756 0.0121712 0.0131209 
0.0126905 0.0109299 0.0234851 0.00885936 0.00852709 0.00887762 0.00849474 0.0085328 0.00923546 0.0196144 0.00967332 0.0139196 0.0126519 0.00977351 0.0102093 0.0362321 0.0846369 0.0151607 0.0108939 0.0115568 0.00922238 0.00794019 0.00843473 0.00910452 0.00437703 0.00410277 0.00387829 0.00380319 0.00379894 0.00382938 0 0.989865 0.00417901 0.00574563 0.0189657 0.00888852 0.0226559 0.0166284 0.0211184 0.00935311 0.0125008 0.0228201 0.00914694 0.0101657 0.00964402 0.00988498 0.00934438 0.00976918 0.00972683 0.0133396 0.0187717 0.00911814 0.00880523 0.00847801 0.00871524 0.00852917 0.00904108 0.00866331 0.00915118 0.0086947 0.00937806 0.0114014 
0.0128193 0.0109553 0.00922432 0.00839054 0.00878143 0.00852503 0.00897019 0.00927444 0.0120533 0.0106972 0.00996386 0.0108156 0.0142692 0.00894685 0.0165923 0.0125048 0.00931386 0.00823254 0.00869941 0.00814271 0.00813288 0.00794048 0.00920733 0.0106155 0.0062892 0.00506173 0.00487511 0.00428106 0.0070584 0.00870317 0.989865 0 0.00391151 0.0051301 0.0115342 0.0154824 0.082823 0.00956855 0.0101909 0.0118362 0.0146288 0.00954225 0.0087409 0.00896129 0.0086367 0.00914074 0.00953238 0.00901889 0.0101006 0.0133054 0.00934076 0.00872819 0.0085683 0.00887203 0.00857256 0.00901155 0.00871672 0.00968349 0.00866653 0.010144 0.00993279 0.0128861 
0.00970052 0.00984896 0.00886306 0.00913282 0.00859612 0.00877934 0.00870068 0.00920001 0.00850699 0.0114929 0.0146539 0.00872154 0.0091292 0.0207199 0.00887102 0.0100395 0.0118496 0.00885401 0.00864006 0.00878362 0.00838236 0.00837963 0.00997018 0.00830259 0.00645019 0.00761712 0.00560514 0.00628901 0.010091 0.962398 0.00417901 0.00391151 0 0.00421087 0.014787 0.146937 0.00955841 0.00927238 0.0107843 0.0207137 0.00955172 0.00960086 0.0111283 0.00871747 0.00911661 0.0092321 0.00897548 0.00929515 0.010384 0.00919741 0.00938103 0.00969209 0.00860011 0.00861306 0.00867591 0.00868207 0.00891714 0.00877489 0.00906228 0.00885112 0.00970079 0.00897611 
0.0126461 0.0111376 0.0114776 0.00857947 0.00851034 0.00901112 0.00856757 0.00850549 0.00940593 0.0262596 0.00902467 0.0108063 0.0133956 0.0102978 0.0105073 0.0196549 0.0105194 0.00890363 0.00880844 0.0092532 0.00885659 0.00846654 0.00849634 0.00951649 0.00967053 0.00729214 0.00758202 0.0196335 0.762235 0.00597841 0.00574563 0.0051301 0.00421087 0 0.135029 0.00801726 0.0197565 0.0135837 0.02905 0.00920308 0.0166226 0.0265755 0.00873489 0.00898808 0.00922093 0.00897111 0.00916863 0.00924405 0.00893659 0.0105674 0.0176539 0.00900762 0.00883286 0.00856753 0.00888592 0.00857317 0.00921598 0.00900214 0.00949503 0.00892626 0.0100847 0.0105032 
0.00914077 0.0273159 0.00855617 0.00856092 0.00844667 0.0105228 0.00841986 0.00971388 0.0139592 0.020767 0.00925751 0.034868 0.00899181 0.0164936 0.0120965 0.0251892 0.00896025 0.0195203 0.00925968 0.0134608 0.00958735 0.0135329 0.00996711 0.030387 0.0130327 0.0307532 0.0160961 0.0427542 0.00994444 0.0112775 0.0189657 0.0115342 0.014787 0.135029 0 0.00395239 0.00441081 0.00712205 0.0311247 0.00964146 0.661524 0.0174423 0.00820287 0.0191075 0.00852657 0.0143809 0.00939704 0.016876 0.0101933 0.0260646 0.0154187 0.00899013 0.0134289 0.00863821 0.0132026 0.00861717 0.0167609 0.00873159 0.0167413 0.00902656 0.0232748 0.020271 
0.0129691 0.00848743 0.00859622 0.00859767 0.00991005 0.00831489 0.00975151 0.00891185 0.00839501 0.00874585 0.0652465 0.00843546 0.0181163 0.00926296 0.0111735 0.00891428 0.0551296 0.00885219 0.0180353 0.00943948 0.0133667 0.00905978 0.0226812 0.0084998 0.0122767 0.0138585 0.0320935 0.0158819 0.0131904 0.0188769 0.00888852 0.0154824 0.146937 0.00801726 0.00395239 0 0.00390033 0.0109383 0.00789384 0.82001 0.00759563 0.00838866 0.0431218 0.00834197 0.0142997 0.00862349 0.020421 0.00883646 0.0303929 0.00932824 0.00946512 0.0234287 0.00844665 0.0125927 0.00846983 0.0143603 0.00850224 0.0186658 0.00863595 0.0177112 0.0105226 0.0122787 
0.00898486 0.0165862 0.00939801 0.00873003 0.00826437 0.0113586 0.00835049 0.0088819 0.0092015 0.0484565 0.00861349 0.0238606 0.00925598 0.0181072 0.00917717 0.0369353 0.00909488 0.0165846 0.0095037 0.0128077 0.00959779 0.0115869 0.00926089 0.0160164 0.012933 0.0219005 0.0108885 0.0128666 0.0120621 0.0148009 0.0226559 0.082823 0.00955841 0.0197565 0.00441081 0.00390033 0 0.00768451 0.609443 0.00742165 0.0444623 0.037462 0.0084753 0.0135218 0.00894772 0.0138598 0.0091013 0.0145159 0.00976272 0.0173173 0.026743 0.00883624 0.0123408 0.00846805 0.0137147 0.00847884 0.0170208 0.00858122 0.0179657 0.00863313 0.0230654 0.012832 
0.0122954 0.010338 0.00886403 0.00786069 0.00805683 0.00803037 0.0080633 0.00822568 0.0105933 0.00900471 0.0097219 0.0101726 0.0116178 0.00842914 0.0148461 0.0101843 0.00977245 0.00842672 0.00950671 0.00875461 0.00907391 0.00865812 0.0116475 0.0140253 0.0120462 0.00908044 0.00933404 0.00957312 0.00911576 0.0121923 0.0166284 0.00956855 0.00927238 0.0135837 0.00712205 0.0109383 0.00768451 0 0.00682931 0.00432866 0.00457825 0.00668011 0.00796041 0.0067534 0.00866025 0.0072178 0.0081462 0.00777918 0.0118588 0.0172182 0.0099453 0.00904388 0.00798891 0.00925622 0.00805481 0.00915181 0.00820662 0.00985299 0.00836895 0.00965087 0.0100142 0.0304532 
0.00860055 0.0279604 0.00836937 0.00873192 0.00832549 0.0110122 0.00834037 0.00931555 0.0132519 0.0208434 0.00876556 0.0300938 0.00841524 0.0192325 0.0113559 0.0348088 0.00904658 0.0279161 0.00959319 0.0185224 0.0104655 0.0148571 0.0104321 0.0302842 0.0136133 0.025861 0.0151176 0.0161606 0.0139663 0.013098 0.0211184 0.0101909 0.0107843 0.02905 0.0311247 0.00789384 0.609443 0.00682931 0 0.00382288 0.00717185 0.0170362 0.00710792 0.0314214 0.00797517 0.0142453 0.00848946 0.0160981 0.0119496 0.0315807 0.0234263 0.00925967 0.0159721 0.00859325 0.0175941 0.00852354 0.0268129 0.00864669 0.0286153 0.00887715 0.0368672 0.038685 
0.0134224 0.00846888 0.00874391 0.00844693 0.00905505 0.00813615 0.00952904 0.00852741 0.00827226 0.00863872 0.0751299 0.00850916 0.0154151 0.00885124 0.0119165 0.00898178 0.0463166 0.00886305 0.0173508 0.00923376 0.0131851 0.0091467 0.0205878 0.00864959 0.0125885 0.013459 0.015402 0.0148475 0.0133514 0.0206128 0.00935311 0.0118362 0.0207137 0.00920308 0.00964146 0.82001 0.00742165 0.00432866 0.00382288 0 0.00393138 0.0059789 0.0638471 0.00688802 0.00962252 0.00695799 0.012723 0.00735496 0.031564 0.0104086 0.00918519 0.0269366 0.00836354 0.0139543 0.00817991 0.0157192 0.00828516 0.0206102 0.00856324 0.0243507 0.0206086 0.0165227 
0.00885289 0.014734 0.00947647 0.00837265 0.00808725 0.0106442 0.00816304 0.00840444 0.0089825 0.058729 0.00849615 0.013052 0.00907388 0.0136658 0.00882862 0.0438307 0.00888576 0.0138767 0.00891863 0.0106075 0.00931653 0.0100971 0.00857623 0.0112067 0.017384 0.0178452 0.0106112 0.0116708 0.0119602 0.00996506 0.0125008 0.0146288 0.00955172 0.0166226 0.661524 0.00759563 0.0444623 0.00457825 0.00717185 0.00393138 0 0.0632246 0.00622711 0.0127485 0.00628239 0.00947913 0.00714437 0.0109385 0.00844601 0.0120784 0.0253449 0.00860195 0.0115442 0.00798947 0.014509 0.00804778 0.0167418 0.00858127 0.0191142 0.0109592 0.0223551 0.0140651 
0.00851429 0.0160395 0.00809112 0.00812994 0.00808962 0.00911756 0.00811595 0.00886257 0.0113391 0.0124485 0.00842173 0.0165945 0.00832994 0.0106546 0.0105104 0.0141359 0.00882486 0.0123071 0.00942443 0.0113676 0.00922003 0.0107366 0.0104913 0.159815 0.0107004 0.0123976 0.0105838 0.0113971 0.0106062 0.01072 0.0228201 0.00954225 0.00960086 0.0265755 0.0174423 0.00838866 0.037462 0.00668011 0.0170362 0.0059789 0.0632246 0 0.00378391 0.00395465 0.00377455 0.00399196 0.00390174 0.0044154 0.0044044 0.00854128 0.00599431 0.00608847 0.00937735 0.00662457 0.0104327 0.00678019 0.0126741 0.00846024 0.722481 0.0126486 0.0184107 0.0292825 
0.00910274 0.00825699 0.00791464 0.00798722 0.00855744 0.00799842 0.00889404 0.00825322 0.00825208 0.00803841 0.0141506 0.0081542 0.00954708 0.00859292 0.00965895 0.00823243 0.0176223 0.00895024 0.022602 0.00948927 0.0144349 0.00914114 0.153977 0.00867911 0.00926326 0.0103885 0.0134918 0.0142976 0.0119767 0.0142268 0.00914694 0.0087409 0.0111283 0.00873489 0.00820287 0.0431218 0.0084753 0.00796041 0.00710792 0.0638471 0.00622711 0.00378391 0 0.00378187 0.00375044 0.00378692 0.00384597 0.00388175 0.00490472 0.00759231 0.00552108 0.0113292 0.00622044 0.0128357 0.00651175 0.0184193 0.0076976 0.798844 0.00870151 0.0475303 0.0104566 0.0315304 
0.00816565 0.00867055 0.00796994 0.00823264 0.00836308 0.011041 0.00849604 0.00859696 0.00807833 0.00987083 0.0083187 0.0103171 0.00818992 0.00980719 0.00836328 0.010089 0.00917212 0.0418037 0.0115045 0.043899 0.0119803 0.185019 0.00923207 0.0099649 0.0087772 0.0144228 0.0171627 0.0240917 0.030235 0.0108879 0.0101657 0.00896129 0.00871747 0.00898808 0.0191075 0.00834197 0.0135218 0.0067534 0.0314214 0.00688802 0.0127485 0.00395465 0.00378187 0 0.00376262 0.00376731 0.00375718 0.00391212 0.00388263 0.00415256 0.00654349 0.00618535 0.0180312 0.00641696 0.015069 0.00721248 0.839685 0.00876455 0.0324956 0.0102643 0.0172149 0.01413 
0.00846328 0.00821379 0.00803783 0.00817472 0.0099765 0.0086768 0.0106201 0.00824835 0.00831678 0.0083198 0.0107051 0.00877633 0.0100682 0.00833604 0.00955545 0.00855741 0.0275473 0.011109 0.0696242 0.013891 0.235078 0.0121654 0.0174874 0.00877994 0.00973082 0.0119129 0.0300758 0.0560053 0.0253251 0.0189483 0.00964402 0.0086367 0.00911661 0.00922093 0.00852657 0.0142997 0.00894772 0.00866025 0.00797517 0.00962252 0.00628239 0.00377455 0.00375044 0.00376262 0 0.0037414 0.00377273 0.00374764 0.00373814 0.00388298 0.00457331 0.00867689 0.00589726 0.011247 0.00841401 0.805714 0.0077585 0.0212219 0.00756168 0.0158164 0.0089163 0.0165915 
0.00812673 0.00885728 0.00807776 0.00886634 0.00893595 0.013772 0.00884483 0.00926072 0.00811868 0.0107679 0.00854737 0.0110235 0.00837548 0.0113932 0.008299 0.0140365 0.00998023 0.0790532 0.0171166 0.35705 0.0160355 0.0484165 0.0101581 0.0107925 0.00938 0.0225174 0.0423812 0.0527091 0.0491598 0.0152428 0.00988498 0.00914074 0.0092321 0.00897111 0.0143809 0.00862349 0.0138598 0.0072178 0.0142453 0.00695799 0.00947913 0.00399196 0.00378692 0.00376731 0.0037414 0 0.00374656 0.00375565 0.0037825 0.00378884 0.00548616 0.00497215 0.0102099 0.00659521 0.842055 0.00704603 0.0231125 0.00735298 0.0181251 0.00850048 0.0160948 0.0167245 
0.00879382 0.00822188 0.00819445 0.00866884 0.0124076 0.00882587 0.0124973 0.00839811 0.00839257 0.00844706 0.0120577 0.00888559 0.011586 0.00835124 0.0101366 0.00887766 0.0404139 0.0125503 0.396341 0.0219227 0.0624274 0.0156625 0.0205344 0.00895904 0.0108316 0.017592 0.0610809 0.0765529 0.0413978 0.0151552 0.00934438 0.00953238 0.00897548 0.00916863 0.00939704 0.020421 0.0091013 0.0081462 0.00848946 0.012723 0.00714437 0.00390174 0.00384597 0.00375718 0.00377273 0.00374656 0 0.00375353 0.00376066 0.00378211 0.00400468 0.00930298 0.0055617 0.861221 0.00741294 0.0165391 0.00715396 0.0224442 0.00769194 0.0202942 0.0092991 0.0149815 
0.00817501 0.00894328 0.00825141 0.00929078 0.00887054 0.0124172 0.00903614 0.00913067 0.00809513 0.0104927 0.00849743 0.0140633 0.00846626 0.012593 0.00849797 0.0141069 0.0102837 0.269305 0.0217384 0.0888034 0.0172734 0.0536136 0.0106702 0.00979415 0.0103027 0.030264 0.044321 0.0548282 0.0457958 0.0136108 0.00976918 0.00901889 0.00929515 0.00924405 0.016876 0.00883646 0.0145159 0.00777918 0.0160981 0.00735496 0.0109385 0.0044154 0.00388175 0.00391212 0.00374764 0.00375565 0.00375353 0 0.00374067 0.00374792 0.00495467 0.00455099 0.885753 0.00595324 0.0146852 0.00649409 0.0139673 0.00707141 0.0168611 0.0086701 0.0135156 0.0139013 
0.00897929 0.00840959 0.00833859 0.00864837 0.00887641 0.00836894 0.00890134 0.00829865 0.00808673 0.00882487 0.0134938 0.0091449 0.0113386 0.00866813 0.00901152 0.00958447 0.119303 0.0118869 0.0291765 0.0130741 0.0198705 0.0121466 0.0184428 0.00907348 0.0106741 0.0156964 0.020512 0.0279988 0.0268612 0.0248447 0.00972683 0.0101006 0.010384 0.00893659 0.0101933 0.0303929 0.00976272 0.0118588 0.0119496 0.031564 0.00844601 0.0044044 0.00490472 0.00388263 0.00373814 0.0037825 0.00376066 0.00374067 0 0.00406689 0.00504996 0.949438 0.00468371 0.0071002 0.00594539 0.00911595 0.00810296 0.0103138 0.00792151 0.0102553 0.0111793 0.0189721 
0.00982346 0.00922278 0.00942703 0.00837583 0.00823613 0.0085139 0.00825247 0.00822929 0.00847784 0.0140315 0.00865001 0.0103547 0.0107801 0.00899921 0.00938362 0.0705734 0.00984948 0.0120619 0.00998334 0.0114607 0.00993156 0.00982739 0.00964968 0.0111507 0.0139728 0.0112269 0.0111281 0.0123275 0.0123239 0.0119523 0.0133396 0.0133054 0.00919741 0.0105674 0.0260646 0.00932824 0.0173173 0.0172182 0.0315807 0.0104086 0.0120784 0.00854128 0.00759231 0.00415256 0.00388298 0.00378884 0.00378211 0.00374792 0.00406689 0 0.943369 0.0040836 0.00408994 0.00414517 0.00557418 0.00541834 0.00675743 0.00711565 0.00825991 0.00836418 0.00885667 0.0182895 
0.00865213 0.0113734 0.00798821 0.00804296 0.00798555 0.00843551 0.00804987 0.00863434 0.00950412 0.0112118 0.00843818 0.0131763 0.00823115 0.00927688 0.0107821 0.0111435 0.00905309 0.0105078 0.00926998 0.0105778 0.00915767 0.00997763 0.00978418 0.027305 0.0100584 0.011611 0.0109893 0.0135207 0.0103709 0.0115327 0.0187717 0.00934076 0.00938103 0.0176539 0.0154187 0.00946512 0.026743 0.0099453 0.0234263 0.00918519 0.0253449 0.00599431 0.00552108 0.00654349 0.00457331 0.00548616 0.00400468 0.00495467 0.00504996 0.943369 0 0.00381719 0.00385137 0.00380505 0.00377555 0.00384784 0.00471049 0.00434182 0.0079973 0.00663603 0.0123203 0.0276168 
0.00863051 0.00812464 0.00796619 0.00796172 0.00829942 0.00808358 0.00849554 0.00816351 0.0081593 0.00820297 0.0097766 0.00824085 0.00909755 0.00816708 0.00889078 0.00844472 0.0138258 0.00919156 0.0181895 0.00982318 0.0139331 0.00920152 0.015957 0.00875789 0.00954809 0.0111505 0.0162774 0.0177625 0.0144435 0.0114784 0.00911814 0.00872819 0.00969209 0.00900762 0.00899013 0.0234287 0.00883624 0.00904388 0.00925967 0.0269366 0.00860195 0.00608847 0.0113292 0.00618535 0.00867689 0.00497215 0.00930298 0.00455099 0.949438 0.0040836 0.00381719 0 0.00379505 0.00376246 0.0037829 0.00388175 0.00386968 0.00473872 0.00424245 0.00941127 0.00803617 0.0290354 
0.00799818 0.0087276 0.00790754 0.00816514 0.00810566 0.00969907 0.00809621 0.00841172 0.00803042 0.00986907 0.00816745 0.00892707 0.00801438 0.00951046 0.00806737 0.00937149 0.00893972 0.0279208 0.00989961 0.0287562 0.0104514 0.0270647 0.00874779 0.00913892 0.0086033 0.013563 0.0160388 0.0223038 0.0198294 0.00994812 0.00880523 0.0085683 0.00860011 0.00883286 0.0134289 0.00844665 0.0123408 0.00798891 0.0159721 0.00836354 0.0115442 0.00937735 0.00622044 0.0180312 0.00589726 0.0102099 0.0055617 0.885753 0.00468371 0.00408994 0.00385137 0.00379505 0 0.00374968 0.00377368 0.00377369 0.00412324 0.00384855 0.00705496 0.0045934 0.011456 0.00856457 
0.00888057 0.00797661 0.00809765 0.00802793 0.00908447 0.00807156 0.00965679 0.00798689 0.00815535 0.00820771 0.00924444 0.00810274 0.00954476 0.00803752 0.00885741 0.00821594 0.0138455 0.00908712 0.0296857 0.00981609 0.0222187 0.00947562 0.010239 0.00845095 0.00961836 0.00938745 0.0189086 0.0201642 0.015067 0.00962326 0.00847801 0.00887203 0.00861306 0.00856753 0.00863821 0.0125927 0.00846805 0.00925622 0.00859325 0.0139543 0.00798947 0.00662457 0.0128357 0.00641696 0.011247 0.00659521 0.861221 0.00595324 0.0071002 0.00414517 0.00380505 0.00376246 0.00374968 0 0.00373694 0.00380723 0.0038185 0.00423907 0.00388135 0.0107366 0.00437491 0.00858628 
0.00793202 0.009223 0.0078902 0.00814667 0.00804681 0.0105808 0.00802655 0.00858789 0.00801068 0.0101145 0.00809057 0.0091141 0.00800445 0.0102129 0.00799941 0.0098562 0.0085204 0.0271948 0.00938325 0.0376479 0.0098165 0.0187913 0.0091163 0.0112639 0.00844191 0.013108 0.0138446 0.0203424 0.0155412 0.00952868 0.00871524 0.00857256 0.00867591 0.00888592 0.0132026 0.00846983 0.0137147 0.00805481 0.0175941 0.00817991 0.014509 0.0104327 0.00651175 0.015069 0.00841401 0.842055 0.00741294 0.0146852 0.00594539 0.00557418 0.00377555 0.0037829 0.00377368 0.00373694 0 0.00374837 0.00385709 0.00377593 0.00501718 0.00387699 0.00506046 0.00561511 
0.00896987 0.00788149 0.00808455 0.00796143 0.00975629 0.00801094 0.00964076 0.00809891 0.00812316 0.00809855 0.0096201 0.00802537 0.0103384 0.00798362 0.00904614 0.00820769 0.0160465 0.00890369 0.0440587 0.00978949 0.0227252 0.00971692 0.0121893 0.00838665 0.00976521 0.00945862 0.0220413 0.0207458 0.0151937 0.00992394 0.00852917 0.00901155 0.00868207 0.00857317 0.00861717 0.0143603 0.00847884 0.00915181 0.00852354 0.0157192 0.00804778 0.00678019 0.0184193 0.00721248 0.805714 0.00704603 0.0165391 0.00649409 0.00911595 0.00541834 0.00384784 0.00388175 0.00377369 0.00380723 0.00374837 0 0.0037485 0.00390945 0.00385125 0.00426934 0.00392958 0.00577062 
0.00800289 0.0101541 0.00794478 0.00845998 0.00809534 0.0128437 0.00813752 0.00877175 0.00818264 0.0114561 0.00819199 0.00992178 0.00808571 0.0121451 0.00813732 0.0123833 0.00870955 0.0559182 0.0100914 0.0435865 0.0112674 0.0451196 0.00881259 0.00931249 0.00878139 0.0192674 0.0184043 0.0293363 0.0210131 0.0105239 0.00904108 0.00871672 0.00891714 0.00921598 0.0167609 0.00850224 0.0170208 0.00820662 0.0268129 0.00828516 0.0167418 0.0126741 0.0076976 0.839685 0.0077585 0.0231125 0.00715396 0.0139673 0.00810296 0.00675743 0.00471049 0.00386968 0.00412324 0.0038185 0.00385709 0.0037485 0 0.00374162 0.00413963 0.00381166 0.00403694 0.00450472 
0.00949482 0.00790236 0.00829006 0.008035 0.0111774 0.00805864 0.0120777 0.00851653 0.00839357 0.00826325 0.0117953 0.00809575 0.0116152 0.00807073 0.00980059 0.00829429 0.0269242 0.00941527 0.0556904 0.0109082 0.0329309 0.0101533 0.0121502 0.00849472 0.0106838 0.0099545 0.0297398 0.0253132 0.0248701 0.0102332 0.00866331 0.00968349 0.00877489 0.00900214 0.00873159 0.0186658 0.00858122 0.00985299 0.00864669 0.0206102 0.00858127 0.00846024 0.798844 0.00876455 0.0212219 0.00735298 0.0224442 0.00707141 0.0103138 0.00711565 0.00434182 0.00473872 0.00384855 0.00423907 0.00377593 0.00390945 0.00374162 0 0.00376835 0.00424067 0.00387416 0.00429183 
0.00798881 0.0100272 0.00795212 0.00855249 0.00810896 0.0140903 0.00824172 0.00867501 0.00818888 0.0117045 0.00819487 0.00992898 0.00806698 0.0137549 0.0081448 0.0134376 0.00901115 0.0540301 0.0116528 0.0605974 0.0123843 0.0247615 0.00892307 0.00956659 0.00862467 0.0209331 0.0204792 0.0421166 0.0280503 0.0106693 0.00915118 0.00866653 0.00906228 0.00949503 0.0167413 0.00863595 0.0179657 0.00836895 0.0286153 0.00856324 0.0191142 0.722481 0.00870151 0.0324956 0.00756168 0.0181251 0.00769194 0.0168611 0.00792151 0.00825991 0.0079973 0.00424245 0.00705496 0.00388135 0.00501718 0.00385125 0.00413963 0.00376835 0 0.00377541 0.00399917 0.00394731 
0.009365 0.00799224 0.00820982 0.00801516 0.0104333 0.00813313 0.0107926 0.00822694 0.0083299 0.00827997 0.0104243 0.00820029 0.0115865 0.0080474 0.0100247 0.00832154 0.0224948 0.010811 0.0608774 0.0119928 0.0212562 0.0107794 0.0110977 0.0085225 0.0105932 0.0105361 0.040069 0.0282464 0.0228771 0.0101756 0.0086947 0.010144 0.00885112 0.00892626 0.00902656 0.0177112 0.00863313 0.00965087 0.00887715 0.0243507 0.0109592 0.0126486 0.0475303 0.0102643 0.0158164 0.00850048 0.0202942 0.0086701 0.0102553 0.00836418 0.00663603 0.00941127 0.0045934 0.0107366 0.00387699 0.00426934 0.00381166 0.00424067 0.00377541 0 0.00380335 0.00393482 
0.00838191 0.0114984 0.00823125 0.00879919 0.00813415 0.00975709 0.00831337 0.00850714 0.00822571 0.0116165 0.00850441 0.0113567 0.00845912 0.0142104 0.00837215 0.0137954 0.00946631 0.0215205 0.00946985 0.0195752 0.0108476 0.0122416 0.00929271 0.00922718 0.00953424 0.0272368 0.012876 0.0196887 0.0165816 0.0121712 0.00937806 0.00993279 0.00970079 0.0100847 0.0232748 0.0105226 0.0230654 0.0100142 0.0368672 0.0206086 0.0223551 0.0184107 0.0104566 0.0172149 0.0089163 0.0160948 0.0092991 0.0135156 0.0111793 0.00885667 0.0123203 0.00803617 0.011456 0.00437491 0.00506046 0.00392958 0.00403694 0.00387416 0.00399917 0.00380335 0 0.00400448 
