1EBFB
STKVVNVAVIGAGVVGSAFLDQLLAMKSTITYNLVLLAEAERSLISKDFSPLNVGSDWKAALAASTTKTLPLDDLIAHLKTSPKPVILVDNTSSAYIAGFYTKFVENGISIATPNKKAFSSDLATWKALFSNKPTNGFVYHEATVGAGLPIISFLREIIQTGDEVEKIEGIFSGTLSYIFNEFSTSQANDVKFSDVVKVAKKLGYTEPDPRDDLNGLDVARKVTIVGRISGVEVESPTSFPVQSLIPKPLESVKSADEFLEKLSDYDKDLTQLKKEAATENKVLRFIGKVDVATKSVSVGIEKYDYSHPFASLKGSDNVISIKTKRYTNPVVIQGAGAGAAVTAAGVLGDVIKIAQRL
CCCEEEEEEECCCHHHHHHHHHHHHCCCCCEEEEEEEEECCEEEECCCCCCCCCCCCHHHHHHHCCCECCCHHHHHHHHHCCCCCEEEEECCCCHHHHCCHHHHHHCCCEEECCCCCHHHCCHHHHHCCCCCCCCCCCEECHHHCCCCCCCHHHHHHHHHHCCCEEEEEEECCHHHHHHHHHHCCCCCCCCCHHHHHHHHHHCCCCCCCCHHHHCCHHHHHHHHHHHHHCCCCCCCCCCCCECCCCCCCCCCCCCCHHHHHHHCCCHHHHHHHHHHHHHCCEEEEEEEEEECCCCEEEEEEEEEECCCHHHCCCCCEEEEEEEECCCCCCEEEEEECCCHHHHHHHHHHHHHHHHHHC
0 0 0 0 0 0 0 0 0 0 0 0 0 0 0 0 0 0 0 0 0 0 0 0 0 0 0 0 0 0 0 0 0 0 0 0 0 0 0 0 0 0 0 0 0 0 0 0 0 0 0 0 0 0 0 0 0 0 0 0 0 0 0 0 0 0 0 0 0 0 0 0 0 0 0 0 0 0 0 0 0 0 0 0 0 0 0 0 0 0 0 0 0 0 0 0 0 0 0 0 0 0 0 0 0 0 0 0 0 0 0 0 0 0 0 0 0 0 0 0 0 0 0 0 0 0 0 0 0 0 0 0 0 0 0 0 0 0 0 0 0 0 0 0 0 0 0 0 0 0 0 0 0 0 0 0 0 0 0 0 0 0 0 0 0 0 0 0 0 0 0 0 0 0 0 0 0 0 0 0 0 0 0 0 0 0 0 0 0 0 0 0 0 0 0 0 0 0 0 0 0 0 0 0 0 0 0 0 0 0 0 0 0 0 0 0 0 0 0 0 0 0 0 0 0 0 0 0 0 0 0 0 0 0 0 0 0 0 0 0 0 0 0 0 0 0 0 0 0 0 0 0 0 0 0 0 0 0 0 0 0 0 0 0 0 0 0 0 0 0 0 0 0 0 0 0 0 0 0 0 0 0 0 0 0 0 0 0 0 0 0 0 0 0 0 0 0 0 0 0 0 0 0 0 0 0 0 0 0 0 0 0 0 0 0 0 0 0 0 0 0 0 0 0 0 0 0 0 0 0 0 0 0 0 0 0 0 0 0 0 0 0 0 0 0 0 0 0 0 0 0 0 0 0 0 0 0 0 
0 0 0 0 0 0 0 0 0 0 0 0 0 0 0 0 0 0 0 0 0 0 0 0 0 0 0 0 0 0 0 0 0 0 0 0 0 0 0 0 0 0 0 0 0 0 0 0 0 0 0 0 0 0 0 0 0 0 0 0 0 0 0 0 0 0 0 0 0 0 0 0 0 0 0 0 0 0 0 0 0 0 0 0 0 0 0 0 0 0 0 0 0 0 0 0 0 0 0 0 0 0 0 0 0 0 0 0 0 0 0 0 0 0 0 0 0 0 0 0 0 0 0 0 0 0 0 0 0 0 0 0 0 0 0 0 0 0 0 0 0 0 0 0 0 0 0 0 0 0 0 0 0 0 0 0 0 0 0 0 0 0 0 0 0 0 0 0 0 0 0 0 0 0 0 0 0 0 0 0 0 0 0 0 0 0 0 0 0 0 0 0 0 0 0 0 0 0 0 0 0 0 0 0 0 0 0 0 0 0 0 0 0 0 0 0 0 0 0 0 0 0 0 0 0 0 0 0 0 0 0 0 0 0 0 0 0 0 0 0 0 0 0 0 0 0 0 0 0 0 0 0 0 0 0 0 0 0 0 0 0 0 0 0 0 0 0 0 0 0 0 0 0 0 0 0 0 0 0 0 0 0 0 0 0 0 0 0 0 0 0 0 0 0 0 0 0 0 0 0 0 0 0 0 0 0 0 0 0 0 0 0 0 0 0 0 0 0 0 0 0 0 0 0 0 0 0 0 0 0 0 0 0 0 0 0 0 0 0 0 0 0 0 0 0 0 0 0 0 0 0 0 0 0 0 0 0 0 
0 0.00410362 0.00387939 0.00389132 0.00391307 0.00412701 0.00805056 0.555742 0.0165712 0.0183546 0.0118977 0.0156357 0.0125661 0.0145992 0.0118494 0.0223601 0.0185369 0.013955 0.0113582 0.0219651 0.0141385 0.0135679 0.013155 0.0111558 0.00996318 0.0125713 0.0113435 0.00903068 0.0119394 0.00829175 0.00861443 0.00884674 0.00806943 0.00811764 0.00807912 0.00816028 0.00838818 0.00880129 0.00852281 0.00845078 0.00835947 0.00839024 0.00850868 0.0085063 0.00836352 0.00836563 0.00837404 0.00834104 0.00861257 0.00861035 0.00897934 0.00850416 0.00869107 0.00837681 0.00837497 0.00830227 0.00836807 0.00838581 0.00864741 0.00836322 0.00841255 0.00849974 0.00858966 0.00871277 0.0087267 0.00851069 0.00920121 0.00876887 0.00874352 0.00872394 0.00854661 0.00853473 0.00908233 
0.00410362 0 0.00388681 0.0038832 0.00386429 0.00395266 0.00434307 0.0241626 0.672915 0.0153026 0.0665971 0.0205538 0.0539596 0.0179737 0.0337667 0.0107033 0.0123592 0.0356907 0.0245661 0.0136573 0.01089 0.0186104 0.0477292 0.030647 0.0243641 0.00999897 0.00907233 0.0143234 0.0102508 0.00841825 0.00829778 0.00826912 0.00826276 0.00841052 0.00858063 0.0085469 0.00893451 0.00822402 0.00810142 0.00819498 0.00841431 0.00848418 0.00862466 0.00875486 0.00841485 0.0084915 0.00839879 0.00835378 0.00827889 0.00820334 0.00871729 0.00838616 0.00858104 0.00836638 0.00846229 0.00830835 0.00836677 0.00834408 0.00826254 0.00822371 0.00841387 0.00875285 0.00880675 0.00875879 0.0087126 0.00840716 0.00861327 0.00852181 0.00916822 0.00893567 0.00855697 0.00864296 0.00850677 
0.00387939 0.00388681 0 0.00381424 0.00378878 0.00386559 0.00391549 0.0778591 0.014555 0.527139 0.0241299 0.129333 0.0399546 0.0762633 0.0124243 0.0122285 0.0108671 0.0166003 0.0254219 0.0127712 0.00840012 0.0170293 0.0354372 0.107715 0.0244619 0.0162194 0.010272 0.0107483 0.0126796 0.00829477 0.00827553 0.00810733 0.0084137 0.00898087 0.00879331 0.0105095 0.00908087 0.00843355 0.00797419 0.00826985 0.00848884 0.00867794 0.00877252 0.00883291 0.00853189 0.00856313 0.00853534 0.00845279 0.00830262 0.00834047 0.00839287 0.00858219 0.0086649 0.00852333 0.00853359 0.00839472 0.00843699 0.00833167 0.00827537 0.00819506 0.00848801 0.0088281 0.00885674 0.00888997 0.00873403 0.00852334 0.0083405 0.00842057 0.00908411 0.00892381 0.00875996 0.00869425 0.0084499 
0.00389132 0.0038832 0.00381424 0 0.00377548 0.00384031 0.00380723 0.0158101 0.121658 0.0217331 0.47111 0.0335402 0.133374 0.0257634 0.023599 0.010023 0.0136568 0.022319 0.0177668 0.014605 0.008646 0.0122286 0.0633016 0.0661451 0.043478 0.0119165 0.00936238 0.0135929 0.0115591 0.00843901 0.00830622 0.00845154 0.00848253 0.00857604 0.00954572 0.00923275 0.0094357 0.00855712 0.00811337 0.00825695 0.0085134 0.00870925 0.00881063 0.00889656 0.00856167 0.00867241 0.00856105 0.00842683 0.00825271 0.00819415 0.00862871 0.00857142 0.0087226 0.00852614 0.00855084 0.00847838 0.00844779 0.00832677 0.00824435 0.00820572 0.00850773 0.0087595 0.00883862 0.00885384 0.00874398 0.00849119 0.00848417 0.00855483 0.00915149 0.00903979 0.00874989 0.00872823 0.00842076 
0.00391307 0.00386429 0.00378878 0.00377548 0 0.0038141 0.00377537 0.0341424 0.0341852 0.145734 0.0412564 0.395329 0.0772598 0.109252 0.015308 0.0110351 0.0103421 0.035499 0.0281429 0.0130122 0.00839873 0.0140777 0.0467938 0.143428 0.0312205 0.0129834 0.010106 0.012206 0.0117074 0.00832293 0.00835791 0.00827873 0.00836945 0.00924529 0.00902392 0.00967871 0.00923019 0.00840792 0.00802441 0.00825412 0.00854561 0.0087502 0.0088021 0.00894582 0.00861285 0.00866764 0.00861034 0.00852645 0.00829545 0.00827211 0.00848474 0.00861587 0.0087537 0.00858979 0.00861848 0.00845157 0.00849619 0.00842197 0.00829535 0.00818964 0.00860743 0.00883289 0.00892458 0.00895726 0.00881391 0.00857375 0.00844261 0.00845886 0.00921997 0.00910449 0.00879342 0.00888664 0.00843573 
0.00412701 0.00395266 0.00386559 0.00384031 0.0038141 0 0.004365 0.0203804 0.0420299 0.051709 0.109675 0.0518925 0.322296 0.0720146 0.097323 0.0125203 0.0117668 0.0208949 0.0943798 0.0209487 0.00945334 0.0200955 0.0383582 0.0539148 0.116575 0.0146203 0.0101359 0.0178685 0.0130241 0.00874013 0.00880939 0.00822948 0.00860939 0.00871999 0.00888106 0.00938297 0.00952357 0.00873883 0.00806313 0.00831718 0.00855177 0.0086892 0.00882585 0.0090708 0.00866932 0.00867603 0.00864516 0.00866738 0.00834841 0.00836108 0.00855224 0.00863174 0.0087597 0.00858413 0.00859443 0.00849499 0.00848304 0.00846534 0.0083098 0.00831537 0.00868613 0.00911865 0.00911265 0.0091787 0.0089636 0.00872321 0.0085005 0.0087375 0.00928083 0.00939191 0.00896278 0.00895621 0.00855896 
0.00805056 0.00434307 0.00391549 0.00380723 0.00377537 0.004365 0 0.0202467 0.0224931 0.0218199 0.0341112 0.0456222 0.032699 0.117389 0.062863 0.08823 0.0155164 0.0137348 0.0288192 0.10223 0.0128089 0.0186591 0.015411 0.0172741 0.0252893 0.03813 0.0120683 0.0107931 0.0194994 0.00940041 0.00913275 0.0090338 0.00811071 0.00830674 0.00837022 0.00836131 0.00877265 0.00928926 0.00832378 0.00842194 0.00840829 0.00839906 0.00851706 0.00859926 0.00832899 0.00853144 0.00830817 0.00834919 0.00821619 0.00849327 0.00858551 0.00836125 0.00852682 0.00830181 0.00841021 0.00826049 0.00826949 0.00824036 0.00822023 0.00843071 0.00843505 0.00863556 0.0086627 0.00879916 0.00875269 0.00836427 0.00847086 0.00916965 0.00895722 0.00935753 0.00851238 0.00856194 0.00852148 
0.555742 0.0241626 0.0778591 0.0158101 0.0341424 0.0203804 0.0202467 0 0.00406284 0.00383222 0.00376107 0.00398422 0.00414573 0.00459594 0.00468127 0.009677 0.00882635 0.00706047 0.0095044 0.0312275 0.0183865 0.019084 0.0131548 0.0131151 0.0104656 0.0231784 0.0134153 0.00914852 0.0151693 0.00845679 0.00928445 0.00809502 0.00826214 0.00882088 0.0079225 0.00847597 0.00902855 0.00882003 0.00832335 0.00870123 0.00814025 0.00819558 0.00834085 0.00835654 0.0081406 0.00830066 0.00832297 0.00814515 0.00906144 0.00938075 0.00829783 0.00874155 0.00823444 0.00830076 0.00817517 0.00821635 0.00821941 0.00813298 0.00853842 0.00826361 0.00827934 0.00827578 0.00825229 0.00859618 0.00825429 0.008482 0.00845393 0.00848532 0.00860167 0.00831298 0.00838827 0.0082266 0.0088934 
0.0165712 0.672915 0.014555 0.121658 0.0341852 0.0420299 0.0224931 0.00406284 0 0.00380747 0.00382022 0.00384044 0.00409036 0.0041084 0.00503306 0.00447854 0.00624805 0.0100484 0.00876308 0.0106587 0.0127422 0.0177158 0.0434158 0.0220185 0.0250895 0.0097168 0.00906077 0.0158785 0.00991527 0.00842149 0.00835107 0.00874567 0.00829533 0.00835297 0.00921929 0.00844521 0.00972202 0.00832437 0.00806811 0.00816738 0.00831477 0.00842634 0.00854262 0.00858256 0.00836806 0.00838863 0.00835689 0.00825687 0.00819719 0.00820179 0.00893151 0.008308 0.00853985 0.00831705 0.00838229 0.00827219 0.00832472 0.00831082 0.00822269 0.00823397 0.00834124 0.00854343 0.0085873 0.00862954 0.00857729 0.00833424 0.00855966 0.00836854 0.00879108 0.00865381 0.0084477 0.00863557 0.00832375 
0.0183546 0.0153026 0.527139 0.0217331 0.145734 0.051709 0.0218199 0.00383222 0.00380747 0 0.00375594 0.00381108 0.00387616 0.00382356 0.00383627 0.00406773 0.00659858 0.00762502 0.0126254 0.00837741 0.00895123 0.0137497 0.0334328 0.0809528 0.0164695 0.0140304 0.0106867 0.0102219 0.0110433 0.00827015 0.00828601 0.00805218 0.00830916 0.00937227 0.00844107 0.0107277 0.00952447 0.00848393 0.00792263 0.00811965 0.00828094 0.00850817 0.00853826 0.00859599 0.00838677 0.00839417 0.00830606 0.00826661 0.00818655 0.00813152 0.00824312 0.0083922 0.00846252 0.00836211 0.00837853 0.00828939 0.00824451 0.00818346 0.00816762 0.00811392 0.00830303 0.00851349 0.00860695 0.00863884 0.00848207 0.00829256 0.0082678 0.00820106 0.00867062 0.00858548 0.00842225 0.00844418 0.00835513 
0.0118977 0.0665971 0.0241299 0.47111 0.0412564 0.109675 0.0341112 0.00376107 0.00382022 0.00375594 0 0.0037646 0.00379115 0.00381622 0.00374648 0.00383212 0.00511155 0.00850222 0.00803211 0.00893552 0.00975134 0.0197628 0.0636888 0.0704014 0.0454852 0.0114179 0.0101276 0.0174636 0.0125434 0.00862807 0.00836571 0.00844261 0.00852065 0.00885764 0.0111007 0.00974199 0.0116405 0.00878167 0.00799199 0.00809725 0.00838695 0.00858527 0.00875762 0.00879444 0.00844571 0.00850087 0.00844808 0.00832773 0.008176 0.00813737 0.0084159 0.00845899 0.00862032 0.0083942 0.00843079 0.00838023 0.00841408 0.00829068 0.00819884 0.00816156 0.0084767 0.00860546 0.00869299 0.00868306 0.00856442 0.00835847 0.00833279 0.00832135 0.00890316 0.00877454 0.00859028 0.00868985 0.0082785 
0.0156357 0.0205538 0.129333 0.0335402 0.395329 0.0518925 0.0456222 0.00398422 0.00384044 0.00381108 0.0037646 0 0.00377761 0.003798 0.00380719 0.00376423 0.00537333 0.00692324 0.010183 0.0184203 0.0134115 0.0147183 0.0449078 0.125913 0.0323958 0.016903 0.0107906 0.0131029 0.0135734 0.008508 0.00841835 0.00834798 0.00856515 0.00985046 0.00907281 0.0110302 0.0106805 0.00885231 0.00795504 0.00812773 0.00832891 0.00859046 0.00864574 0.0088464 0.00839614 0.00851236 0.0083686 0.00837112 0.00817409 0.00816281 0.00838057 0.0084675 0.00861426 0.008392 0.00843144 0.00835666 0.00838193 0.00832912 0.0081678 0.0081306 0.00839626 0.00863686 0.0087102 0.00868056 0.00862503 0.00837983 0.0083042 0.00828156 0.008849 0.00876082 0.00849819 0.00856155 0.00827354 
0.0125661 0.0539596 0.0399546 0.133374 0.0772598 0.322296 0.032699 0.00414573 0.00409036 0.00387616 0.00379115 0.00377761 0 0.0037793 0.00380217 0.00379314 0.00446408 0.008658 0.0156855 0.849768 0.00915103 0.0150209 0.0772653 0.0805525 0.0602811 0.0138522 0.0106946 0.0186871 0.0136007 0.00867026 0.00852186 0.00842619 0.00897297 0.00953312 0.0110932 0.0112575 0.011286 0.0089121 0.0079362 0.00815959 0.00846761 0.0086797 0.00885983 0.00883518 0.00848904 0.00858876 0.0085227 0.00839562 0.00819498 0.00815705 0.00844625 0.00852975 0.00875317 0.00847641 0.00849521 0.00840469 0.00843074 0.00836772 0.00818554 0.00815302 0.00853707 0.00875773 0.00879172 0.008801 0.00865465 0.00843223 0.00833662 0.00838884 0.00901715 0.00890109 0.00865622 0.00863438 0.00831188 
0.0145992 0.0179737 0.0762633 0.0257634 0.109252 0.0720146 0.117389 0.00459594 0.0041084 0.00382356 0.00381622 0.003798 0.0037793 0 0.00374898 0.0037854 0.00484858 0.0111058 0.929495 0.0100179 0.00902288 0.0136743 0.0284206 0.102568 0.0253277 0.0156875 0.010373 0.0112798 0.0131597 0.00844282 0.00865978 0.00834089 0.00849127 0.00925603 0.00898298 0.00980033 0.00955839 0.00868677 0.0080214 0.00816701 0.00839613 0.00854076 0.00862903 0.00873318 0.00839687 0.00845681 0.00834945 0.00830705 0.00816815 0.00826697 0.00839546 0.00851008 0.00854642 0.00840641 0.00844123 0.00834324 0.0083826 0.00830461 0.00816956 0.00815979 0.00842051 0.00862335 0.00864949 0.00870122 0.00855593 0.00837627 0.0083173 0.00832247 0.00880631 0.00872486 0.00847292 0.00851866 0.00832213 
0.0118494 0.0337667 0.0124243 0.023599 0.015308 0.097323 0.062863 0.00468127 0.00503306 0.00383627 0.00374648 0.00380719 0.00380217 0.00374898 0 0.0038222 0.00592903 0.990592 0.00818152 0.00692224 0.010642 0.0113601 0.0261271 0.0170073 0.0443055 0.0109999 0.0099485 0.0146701 0.010514 0.00848426 0.00861178 0.0085487 0.0082617 0.00831295 0.00847334 0.00835632 0.00875268 0.00845479 0.00806093 0.00813951 0.00827007 0.00829085 0.00843801 0.00842523 0.00829287 0.00828947 0.00824894 0.00821824 0.00808759 0.00815813 0.00842134 0.00825143 0.00834339 0.00828324 0.00827709 0.00826182 0.0082142 0.0082566 0.00813638 0.00819694 0.00831067 0.00840169 0.00843775 0.00850142 0.00836681 0.00831135 0.00840063 0.00836621 0.00860953 0.00852452 0.00832048 0.00837443 0.00823872 
0.0223601 0.0107033 0.0122285 0.010023 0.0110351 0.0125203 0.08823 0.009677 0.00447854 0.00406773 0.00383212 0.00376423 0.00379314 0.0037854 0.0038222 0 0.987957 0.00445954 0.00427191 0.00501813 0.013247 0.0182915 0.0114378 0.0105141 0.0106576 0.0174315 0.0142645 0.00906391 0.0120102 0.00886537 0.00851198 0.00933144 0.00826638 0.00807449 0.00805426 0.00820593 0.00816118 0.00838479 0.0081694 0.00832006 0.00826623 0.00811899 0.00821451 0.00824208 0.00808372 0.00814014 0.00811078 0.00810605 0.00806685 0.00864936 0.00824503 0.00822868 0.00824698 0.0081918 0.00823501 0.00813313 0.00814105 0.00809583 0.00805705 0.00833231 0.00825384 0.00830204 0.00826383 0.0083419 0.00825042 0.00814142 0.00829937 0.00881892 0.00838618 0.008344 0.00819338 0.00819841 0.00820715 
0.0185369 0.0123592 0.0108671 0.0136568 0.0103421 0.0117668 0.0155164 0.00882635 0.00624805 0.00659858 0.00511155 0.00537333 0.00446408 0.00484858 0.00592903 0.987957 0 0.00388659 0.00383465 0.00406408 0.0504361 0.0317951 0.0157095 0.0104647 0.0104421 0.0167202 0.0114185 0.00897946 0.0134662 0.00835167 0.00878251 0.00824754 0.00797912 0.00798492 0.00794143 0.00806533 0.00831754 0.00866064 0.00821496 0.008167 0.00800053 0.00810406 0.00811042 0.00812253 0.00804803 0.00806348 0.00804186 0.00810321 0.00829198 0.00821061 0.00816764 0.00819049 0.0081593 0.00809098 0.00811208 0.00803096 0.00810374 0.0081229 0.00819947 0.00811082 0.0081454 0.00817766 0.00813924 0.00829528 0.00815885 0.00817755 0.00841041 0.00818415 0.0083006 0.00816572 0.00819132 0.00817354 0.00847183 
0.013955 0.0356907 0.0166003 0.022319 0.035499 0.0208949 0.0137348 0.00706047 0.0100484 0.00762502 0.00850222 0.00692324 0.008658 0.0111058 0.990592 0.00445954 0.00388659 0 0.00379097 0.00380413 0.0172401 0.0334747 0.0921273 0.0312289 0.0166935 0.0101849 0.0104134 0.0138981 0.0111391 0.00846842 0.00832814 0.00833344 0.00820781 0.00839841 0.0083638 0.00867993 0.00909259 0.00835895 0.0079933 0.008121 0.0082461 0.00836084 0.00845923 0.00846238 0.00832311 0.00833863 0.00824436 0.00821502 0.00816689 0.00820001 0.00847842 0.00830249 0.00837966 0.00828636 0.00832897 0.00824354 0.00823463 0.00820596 0.00821196 0.00818092 0.00832544 0.00843882 0.00852936 0.00855124 0.00842765 0.00827936 0.00836952 0.00825918 0.00861938 0.00853648 0.0084656 0.00839536 0.00826231 
0.0113582 0.0245661 0.0254219 0.0177668 0.0281429 0.0943798 0.0288192 0.0095044 0.00876308 0.0126254 0.00803211 0.010183 0.0156855 0.929495 0.00818152 0.00427191 0.00383465 0.00379097 0 0.00386736 0.0118935 0.0145956 0.0454928 0.082955 0.0750463 0.0146037 0.0109861 0.0276332 0.012925 0.00877729 0.00889307 0.00821392 0.00842981 0.00856722 0.00852504 0.00891542 0.0103249 0.00851326 0.00795301 0.00808401 0.00831924 0.00835184 0.00844838 0.00857024 0.00829208 0.00832985 0.00823475 0.00820802 0.00808097 0.00812186 0.00829429 0.00830866 0.00832302 0.00827744 0.00829196 0.00825323 0.00820247 0.00818727 0.00813147 0.00816961 0.0082802 0.00846397 0.00852414 0.00858653 0.00841525 0.00828463 0.00826323 0.00824093 0.00875536 0.00854791 0.00833943 0.00834646 0.00820249 
0.0219651 0.0136573 0.0127712 0.014605 0.0130122 0.0209487 0.10223 0.0312275 0.0106587 0.00837741 0.00893552 0.0184203 0.849768 0.0100179 0.00692224 0.00501813 0.00406408 0.00380413 0.00386736 0 0.0363795 0.026651 0.0170909 0.028405 0.0679075 0.0743617 0.016774 0.0118562 0.0241084 0.0107728 0.00970233 0.0103792 0.0084409 0.00821315 0.0083192 0.00838834 0.00897904 0.0100958 0.00830407 0.00825663 0.00834297 0.00822679 0.0082946 0.0083691 0.00819676 0.00823356 0.0081622 0.00815953 0.00808362 0.00831969 0.00829926 0.00821243 0.00822316 0.00824003 0.0082674 0.0081505 0.00817337 0.00821933 0.00814633 0.00831156 0.00830593 0.00836443 0.00832342 0.0084275 0.00827442 0.00825305 0.0084221 0.00883614 0.00850361 0.00840423 0.00825921 0.0082681 0.00832298 
0.0141385 0.01089 0.00840012 0.008646 0.00839873 0.00945334 0.0128089 0.0183865 0.0127422 0.00895123 0.00975134 0.0134115 0.00915103 0.00902288 0.010642 0.013247 0.0504361 0.0172401 0.0118935 0.0363795 0 0.0268089 0.0149177 0.00981717 0.0142305 0.0232784 0.0142824 0.010741 0.0151956 0.0116821 0.0108019 0.0123697 0.00805422 0.00787691 0.00803269 0.0079131 0.00799606 0.00898984 0.00973859 0.00844658 0.00800948 0.00791733 0.00791891 0.00793866 0.00795945 0.00793174 0.00789991 0.00807279 0.00822195 0.00870612 0.00854614 0.00802871 0.00808618 0.00793924 0.0080523 0.00796235 0.00798772 0.00811144 0.00818506 0.00827713 0.00805076 0.00805084 0.00810262 0.0081614 0.00811999 0.00800817 0.00867313 0.00839238 0.00812079 0.0080784 0.0081377 0.00807366 0.00829267 
0.0135679 0.0186104 0.0170293 0.0122286 0.0140777 0.0200955 0.0186591 0.019084 0.0177158 0.0137497 0.0197628 0.0147183 0.0150209 0.0136743 0.0113601 0.0182915 0.0317951 0.0334747 0.0145956 0.026651 0.0268089 0 0.00396328 0.00380343 0.00384121 0.00426635 0.299488 0.0170968 0.0339251 0.0141101 0.0164973 0.0140032 0.00930661 0.00901916 0.00917806 0.00969679 0.0106821 0.0163665 0.00900479 0.00831029 0.00812167 0.00826828 0.00859948 0.00860056 0.00818764 0.00849872 0.00811579 0.00818931 0.00852923 0.00831582 0.00843069 0.00823558 0.00836153 0.00821249 0.00819281 0.0080947 0.00816678 0.00809291 0.00818369 0.00806806 0.00820619 0.00828572 0.00829825 0.00841471 0.00830375 0.00818272 0.0085004 0.0082098 0.00838128 0.0083139 0.00825354 0.00825213 0.00855969 
0.013155 0.0477292 0.0354372 0.0633016 0.0467938 0.0383582 0.015411 0.0131548 0.0434158 0.0334328 0.0636888 0.0449078 0.0772653 0.0284206 0.0261271 0.0114378 0.0157095 0.0921273 0.0454928 0.0170909 0.0149177 0.00396328 0 0.00381596 0.00381226 0.00380782 0.248401 0.178613 0.0186365 0.0160873 0.0119177 0.0111398 0.0131211 0.0131689 0.0212572 0.0197847 0.028942 0.0113901 0.00804011 0.00810335 0.00861181 0.00892686 0.00892561 0.00915146 0.00857885 0.00874966 0.00842707 0.00843726 0.00821984 0.00805638 0.00852066 0.00843135 0.00860167 0.008396 0.00843019 0.0082887 0.00827062 0.00820005 0.008131 0.00815039 0.00833565 0.00866582 0.00875611 0.00866115 0.00860384 0.00826473 0.0083048 0.00828937 0.00883391 0.00884105 0.00854897 0.0086006 0.00831616 
0.0111558 0.030647 0.107715 0.0661451 0.143428 0.0539148 0.0172741 0.0131151 0.0220185 0.0809528 0.0704014 0.125913 0.0805525 0.102568 0.0170073 0.0105141 0.0104647 0.0312289 0.082955 0.028405 0.00981717 0.00380343 0.00381596 0 0.00379232 0.00378521 0.132762 0.157711 0.0702165 0.011449 0.0112364 0.00952923 0.0126156 0.0287707 0.0238645 0.0689249 0.029053 0.0127726 0.00792153 0.00835106 0.00877667 0.00955644 0.00964889 0.0100351 0.00904533 0.00899072 0.00900008 0.00878012 0.00820209 0.00822073 0.00858923 0.00897557 0.00917616 0.00868254 0.00861927 0.00843616 0.0084457 0.00829784 0.00812033 0.00824429 0.00854385 0.0092593 0.00949092 0.0090882 0.00903468 0.00836848 0.00829218 0.00844511 0.00989614 0.00942407 0.00889169 0.00887765 0.00848605 
0.00996318 0.0243641 0.0244619 0.043478 0.0312205 0.116575 0.0252893 0.0104656 0.0250895 0.0164695 0.0454852 0.0323958 0.0602811 0.0253277 0.0443055 0.0106576 0.0104421 0.0166935 0.0750463 0.0679075 0.0142305 0.00384121 0.00381226 0.00379232 0 0.00382303 0.0189045 0.360466 0.181976 0.0171192 0.0138793 0.0108716 0.0112606 0.0111803 0.0180873 0.0142132 0.04549 0.0163467 0.0079717 0.00807204 0.00863565 0.00887291 0.00879765 0.00929002 0.0084405 0.00864464 0.00829192 0.00853136 0.00802287 0.00804083 0.00866496 0.00841874 0.00872425 0.00835447 0.00833821 0.00818402 0.00813935 0.00815394 0.00791387 0.00827318 0.00834363 0.0086772 0.00869491 0.00861755 0.00859743 0.00810541 0.00815781 0.00848928 0.00892945 0.00905154 0.0084255 0.00872985 0.00818374 
0.0125713 0.00999897 0.0162194 0.0119165 0.0129834 0.0146203 0.03813 0.0231784 0.0097168 0.0140304 0.0114179 0.016903 0.0138522 0.0156875 0.0109999 0.0174315 0.0167202 0.0101849 0.0146037 0.0743617 0.0232784 0.00426635 0.00380782 0.00378521 0.00382303 0 0.041977 0.0229402 0.411531 0.0186637 0.0179 0.0129309 0.00946683 0.0092112 0.00909455 0.0112487 0.0111406 0.0205387 0.00818712 0.00840098 0.00823226 0.00835089 0.00829627 0.00844524 0.00824159 0.00823383 0.0081185 0.00809826 0.00812225 0.00845352 0.00807375 0.0082182 0.00832868 0.00817049 0.00808295 0.00806333 0.00801208 0.00799195 0.00797209 0.00816046 0.0081749 0.00826934 0.00833836 0.00850876 0.00831477 0.008049 0.00816916 0.00859405 0.00845859 0.00853029 0.00822147 0.00816881 0.00825557 
0.0113435 0.00907233 0.010272 0.00936238 0.010106 0.0101359 0.0120683 0.0134153 0.00906077 0.0106867 0.0101276 0.0107906 0.0106946 0.010373 0.0099485 0.0142645 0.0114185 0.0104134 0.0109861 0.016774 0.0142824 0.299488 0.248401 0.132762 0.0189045 0.041977 0 0.00392355 0.00417738 0.0676311 0.0348963 0.0140089 0.00997584 0.0108664 0.00925118 0.01298 0.0109522 0.0162407 0.00841695 0.00849693 0.00811244 0.0082235 0.00849125 0.00846123 0.00820074 0.00833302 0.00828254 0.00809451 0.00870868 0.00881724 0.00811493 0.00853603 0.00823549 0.00821959 0.00810994 0.00808712 0.00813672 0.00804556 0.00815169 0.0081264 0.00815129 0.0083087 0.00839252 0.00846763 0.00847645 0.00822366 0.00825941 0.00828962 0.00836709 0.00847223 0.00830463 0.00827917 0.00838872 
0.00903068 0.0143234 0.0107483 0.0135929 0.012206 0.0178685 0.0107931 0.00914852 0.0158785 0.0102219 0.0174636 0.0131029 0.0186871 0.0112798 0.0146701 0.00906391 0.00897946 0.0138981 0.0276332 0.0118562 0.010741 0.0170968 0.178613 0.157711 0.360466 0.0229402 0.00392355 0 0.00385869 0.229667 0.0518689 0.0117351 0.013869 0.0112112 0.016567 0.0132833 0.0654202 0.0143208 0.00804701 0.00810414 0.00866432 0.00877211 0.00883563 0.00904702 0.0086792 0.0086663 0.00842979 0.00862659 0.00815596 0.00798656 0.00860354 0.00839076 0.00887473 0.00839562 0.00841531 0.008299 0.00825484 0.0082038 0.00799742 0.00818783 0.00843896 0.00860054 0.00873427 0.00866443 0.00864057 0.00817971 0.00811007 0.00842355 0.00885406 0.00889134 0.0084667 0.00880747 0.00816436 
0.0119394 0.0102508 0.0126796 0.0115591 0.0117074 0.0130241 0.0194994 0.0151693 0.00991527 0.0110433 0.0125434 0.0135734 0.0136007 0.0131597 0.010514 0.0120102 0.0134662 0.0111391 0.012925 0.0241084 0.0151956 0.0339251 0.0186365 0.0702165 0.181976 0.411531 0.00417738 0.00385869 0 0.0469379 0.148722 0.026965 0.00985412 0.0127886 0.011304 0.0193993 0.0192851 0.0423708 0.00862656 0.00867949 0.00838475 0.0083911 0.00851582 0.00876906 0.00839217 0.00843954 0.00829145 0.00820843 0.00840379 0.0085737 0.00817694 0.00827732 0.00828944 0.00822781 0.00820425 0.00807555 0.00800209 0.00804849 0.0080645 0.00817719 0.00815872 0.00832826 0.00836222 0.00881298 0.00828392 0.0080822 0.0081882 0.00891695 0.00843561 0.00862752 0.00818816 0.00820309 0.00830362 
0.00829175 0.00841825 0.00829477 0.00843901 0.00832293 0.00874013 0.00940041 0.00845679 0.00842149 0.00827015 0.00862807 0.008508 0.00867026 0.00844282 0.00848426 0.00886537 0.00835167 0.00846842 0.00877729 0.0107728 0.0116821 0.0141101 0.0160873 0.011449 0.0171192 0.0186637 0.0676311 0.229667 0.0469379 0 0.00629935 0.0185502 0.0162754 0.0105125 0.0112345 0.0125747 0.023017 0.0211319 0.00877567 0.00811005 0.00810088 0.00813453 0.00826755 0.00825182 0.00819907 0.00814278 0.00811587 0.00797362 0.00848778 0.00820858 0.00837003 0.0081673 0.00843259 0.00802821 0.00801696 0.00804172 0.00799184 0.00790223 0.00804102 0.00796918 0.00803409 0.0081133 0.00816126 0.00814795 0.0082272 0.0079623 0.00814335 0.00824415 0.00817437 0.00829615 0.00798536 0.00819976 0.00809145 
0.00861443 0.00829778 0.00827553 0.00830622 0.00835791 0.00880939 0.00913275 0.00928445 0.00835107 0.00828601 0.00836571 0.00841835 0.00852186 0.00865978 0.00861178 0.00851198 0.00878251 0.00832814 0.00889307 0.00970233 0.0108019 0.0164973 0.0119177 0.0112364 0.0138793 0.0179 0.0348963 0.0518689 0.148722 0.00629935 0 0.0223843 0.010991 0.0107267 0.00996753 0.0138004 0.0282389 0.0476553 0.00955962 0.00850004 0.00811574 0.00819165 0.00827696 0.00832492 0.00821232 0.00815812 0.00804641 0.00809008 0.00837856 0.00871137 0.00797854 0.00819784 0.00803865 0.00811295 0.00805363 0.00792405 0.00796975 0.00796498 0.00815092 0.00805405 0.00803427 0.0081304 0.00806683 0.00828827 0.00804703 0.00805783 0.0080927 0.00842212 0.00830203 0.00815573 0.00797308 0.00799691 0.00811464 
0.00884674 0.00826912 0.00810733 0.00845154 0.00827873 0.00822948 0.0090338 0.00809502 0.00874567 0.00805218 0.00844261 0.00834798 0.00842619 0.00834089 0.0085487 0.00933144 0.00824754 0.00833344 0.00821392 0.0103792 0.0123697 0.0140032 0.0111398 0.00952923 0.0108716 0.0129309 0.0140089 0.0117351 0.026965 0.0185502 0.0223843 0 0.00436627 0.0038469 0.00420679 0.00398312 0.00408444 0.00778137 0.0199741 0.00826041 0.00850952 0.00843418 0.00837901 0.0085641 0.00832199 0.00896086 0.00796078 0.00893543 0.0091031 0.00827356 0.0102063 0.00797603 0.00919137 0.00802222 0.00849802 0.00796216 0.00791592 0.0086218 0.00809454 0.00818079 0.00797459 0.00811045 0.00822478 0.0081167 0.0085079 0.00793665 0.00991157 0.00872814 0.0081052 0.00842636 0.00811162 0.00797827 0.00840137 
0.00806943 0.00826276 0.0084137 0.00848253 0.00836945 0.00860939 0.00811071 0.00826214 0.00829533 0.00830916 0.00852065 0.00856515 0.00897297 0.00849127 0.0082617 0.00826638 0.00797912 0.00820781 0.00842981 0.0084409 0.00805422 0.00930661 0.0131211 0.0126156 0.0112606 0.00946683 0.00997584 0.013869 0.00985412 0.0162754 0.010991 0.00436627 0 0.00379937 0.00379093 0.00376219 0.00394956 0.00394618 0.00840961 0.00810226 0.00836145 0.00851195 0.00894103 0.00931235 0.00868816 0.00846422 0.00821839 0.008228 0.0081448 0.00811637 0.00808036 0.00847088 0.00831503 0.00817724 0.00814947 0.0080657 0.00798572 0.00808545 0.00796039 0.00788682 0.00818844 0.00837874 0.00831882 0.00865771 0.00820933 0.008101 0.00794928 0.00809853 0.00832469 0.00836414 0.00820321 0.00818279 0.00800127 
0.00811764 0.00841052 0.00898087 0.00857604 0.00924529 0.00871999 0.00830674 0.00882088 0.00835297 0.00937227 0.00885764 0.00985046 0.00953312 0.00925603 0.00831295 0.00807449 0.00798492 0.00839841 0.00856722 0.00821315 0.00787691 0.00901916 0.0131689 0.0287707 0.0111803 0.0092112 0.0108664 0.0112112 0.0127886 0.0105125 0.0107267 0.0038469 0.00379937 0 0.00375448 0.00375973 0.00378612 0.00382031 0.00837097 0.0083346 0.00859077 0.00928772 0.0123249 0.0098068 0.00936499 0.00899405 0.00956689 0.00821733 0.00843394 0.00834348 0.00810807 0.00990836 0.00855678 0.00935458 0.00839737 0.00837955 0.00829056 0.00810358 0.00796626 0.00798264 0.00844559 0.0085901 0.00886847 0.00898667 0.00852242 0.00822769 0.00797943 0.00813858 0.00884856 0.00858115 0.00858489 0.00842061 0.00799588 
0.00807912 0.00858063 0.00879331 0.00954572 0.00902392 0.00888106 0.00837022 0.0079225 0.00921929 0.00844107 0.0111007 0.00907281 0.0110932 0.00898298 0.00847334 0.00805426 0.00794143 0.0083638 0.00852504 0.0083192 0.00803269 0.00917806 0.0212572 0.0238645 0.0180873 0.00909455 0.00925118 0.016567 0.011304 0.0112345 0.00996753 0.00420679 0.00379093 0.00375448 0 0.0037416 0.0037651 0.00378334 0.00932718 0.00797423 0.00858577 0.0126176 0.0104102 0.0132601 0.00968345 0.011629 0.00837795 0.00908546 0.00807589 0.00788626 0.00972782 0.00823819 0.0119431 0.00843656 0.00926361 0.00830195 0.00818694 0.00837972 0.00788692 0.0080444 0.00832869 0.00899291 0.0093339 0.00890866 0.00926043 0.00821951 0.00818611 0.00816918 0.0086315 0.0093975 0.00871457 0.00857759 0.00797388 
0.00816028 0.0085469 0.0105095 0.00923275 0.00967871 0.00938297 0.00836131 0.00847597 0.00844521 0.0107277 0.00974199 0.0110302 0.0112575 0.00980033 0.00835632 0.00820593 0.00806533 0.00867993 0.00891542 0.00838834 0.0079131 0.00969679 0.0197847 0.0689249 0.0142132 0.0112487 0.01298 0.0132833 0.0193993 0.0125747 0.0138004 0.00398312 0.00376219 0.00375973 0.0037416 0 0.00374423 0.00377122 0.00970415 0.00842241 0.0093854 0.0115203 0.0178571 0.0142083 0.0131724 0.0100544 0.0115239 0.0084535 0.00867348 0.00835492 0.00820953 0.0123984 0.00920208 0.0110287 0.00860649 0.00875901 0.00855541 0.00806617 0.00805104 0.00797153 0.00871933 0.0094442 0.00949296 0.0107804 0.00870598 0.00843844 0.00801782 0.0082335 0.00932652 0.00917997 0.00927305 0.00857868 0.00798881 
0.00838818 0.00893451 0.00908087 0.0094357 0.00923019 0.00952357 0.00877265 0.00902855 0.00972202 0.00952447 0.0116405 0.0106805 0.011286 0.00955839 0.00875268 0.00816118 0.00831754 0.00909259 0.0103249 0.00897904 0.00799606 0.0106821 0.028942 0.029053 0.04549 0.0111406 0.0109522 0.0654202 0.0192851 0.023017 0.0282389 0.00408444 0.00394956 0.00378612 0.0037651 0.00374423 0 0.00409232 0.0119001 0.00859208 0.0107578 0.0146091 0.0232156 0.0178941 0.014248 0.0137689 0.0103143 0.0108101 0.00841744 0.0083449 0.00995358 0.00908034 0.0140808 0.0094465 0.00937118 0.00866084 0.00850865 0.00827883 0.00797252 0.00836515 0.00895421 0.0106089 0.0103923 0.00976264 0.00947928 0.0083571 0.00812726 0.00879402 0.00930242 0.00952906 0.00900034 0.00899096 0.00827764 
0.00880129 0.00822402 0.00843355 0.00855712 0.00840792 0.00873883 0.00928926 0.00882003 0.00832437 0.00848393 0.00878167 0.00885231 0.0089121 0.00868677 0.00845479 0.00838479 0.00866064 0.00835895 0.00851326 0.0100958 0.00898984 0.0163665 0.0113901 0.0127726 0.0163467 0.0205387 0.0162407 0.0143208 0.0423708 0.0211319 0.0476553 0.00778137 0.00394618 0.00382031 0.00378334 0.00377122 0.00409232 0 0.019207 0.0105949 0.0089922 0.0105904 0.0123144 0.0110708 0.00975631 0.0093672 0.00893801 0.00952991 0.00977768 0.00886524 0.00833563 0.00861472 0.00877133 0.00906708 0.00840185 0.00820902 0.00813823 0.00814957 0.00827259 0.0082405 0.00833732 0.0085363 0.00870963 0.00875143 0.00853878 0.0081731 0.00827875 0.00925997 0.00853856 0.00860565 0.00835783 0.00825224 0.00834783 
0.00852281 0.00810142 0.00797419 0.00811337 0.00802441 0.00806313 0.00832378 0.00832335 0.00806811 0.00792263 0.00799199 0.00795504 0.0079362 0.0080214 0.00806093 0.0081694 0.00821496 0.0079933 0.00795301 0.00830407 0.00973859 0.00900479 0.00804011 0.00792153 0.0079717 0.00818712 0.00841695 0.00804701 0.00862656 0.00877567 0.00955962 0.0199741 0.00840961 0.00837097 0.00932718 0.00970415 0.0119001 0.019207 0 0.0319684 0.0110355 0.010708 0.00918064 0.0103544 0.00902758 0.00969276 0.00836432 0.0113969 0.0144557 0.0107545 0.0144208 0.0082436 0.0100917 0.00832263 0.00903205 0.00806572 0.00811182 0.00897328 0.00951778 0.00942425 0.00815541 0.0082121 0.0083175 0.00816387 0.0085675 0.00802699 0.0116554 0.0102059 0.00827943 0.00823866 0.00802034 0.00802071 0.00965581 
0.00845078 0.00819498 0.00826985 0.00825695 0.00825412 0.00831718 0.00842194 0.00870123 0.00816738 0.00811965 0.00809725 0.00812773 0.00815959 0.00816701 0.00813951 0.00832006 0.008167 0.008121 0.00808401 0.00825663 0.00844658 0.00831029 0.00810335 0.00835106 0.00807204 0.00840098 0.00849693 0.00810414 0.00867949 0.00811005 0.00850004 0.00826041 0.00810226 0.0083346 0.00797423 0.00842241 0.00859208 0.0105949 0.0319684 0 0.00492893 0.00378018 0.00380961 0.00376229 0.00387346 0.00403553 0.00487579 0.00573001 0.0115036 0.0155066 0.00756562 0.0136585 0.00815653 0.0112939 0.00812977 0.00919266 0.0133556 0.0109704 0.83012 0.0120467 0.0125201 0.0101868 0.00969078 0.0120758 0.00889917 0.0129646 0.0140712 0.0167651 0.0120091 0.0094836 0.00994054 0.00901307 0.0195873 
0.00835947 0.00841431 0.00848884 0.0085134 0.00854561 0.00855177 0.00840829 0.00814025 0.00831477 0.00828094 0.00838695 0.00832891 0.00846761 0.00839613 0.00827007 0.00826623 0.00800053 0.0082461 0.00831924 0.00834297 0.00800948 0.00812167 0.00861181 0.00877667 0.00863565 0.00823226 0.00811244 0.00866432 0.00838475 0.00810088 0.00811574 0.00850952 0.00836145 0.00859077 0.00858577 0.0093854 0.0107578 0.0089922 0.0110355 0.00492893 0 0.00378432 0.00376778 0.00380742 0.00382427 0.00396434 0.00427462 0.00864141 0.00674982 0.00703868 0.014127 0.00794981 0.0108301 0.00992494 0.00984041 0.0141478 0.018789 0.884306 0.0106732 0.0106271 0.0153339 0.0185272 0.0183915 0.0143047 0.014654 0.0129861 0.0116223 0.0145428 0.025253 0.0164299 0.0124954 0.0197907 0.010374 
0.00839024 0.00848418 0.00867794 0.00870925 0.0087502 0.0086892 0.00839906 0.00819558 0.00842634 0.00850817 0.00858527 0.00859046 0.0086797 0.00854076 0.00829085 0.00811899 0.00810406 0.00836084 0.00835184 0.00822679 0.00791733 0.00826828 0.00892686 0.00955644 0.00887291 0.00835089 0.0082235 0.00877211 0.0083911 0.00813453 0.00819165 0.00843418 0.00851195 0.00928772 0.0126176 0.0115203 0.0146091 0.0105904 0.010708 0.00378018 0.00378432 0 0.00376537 0.00377633 0.00378205 0.00376351 0.00419008 0.00466507 0.00428746 0.00769007 0.00869311 0.0092107 0.0130196 0.00887622 0.00969933 0.0199603 0.857912 0.011923 0.00889735 0.00936694 0.0142518 0.0306151 0.0402247 0.0239672 0.0336377 0.0104702 0.011023 0.013417 0.0258731 0.053215 0.0330419 0.0173418 0.0104087 
0.00850868 0.00862466 0.00877252 0.00881063 0.0088021 0.00882585 0.00851706 0.00834085 0.00854262 0.00853826 0.00875762 0.00864574 0.00885983 0.00862903 0.00843801 0.00821451 0.00811042 0.00845923 0.00844838 0.0082946 0.00791891 0.00859948 0.00892561 0.00964889 0.00879765 0.00829627 0.00849125 0.00883563 0.00851582 0.00826755 0.00827696 0.00837901 0.00894103 0.0123249 0.0104102 0.0178571 0.0232156 0.0123144 0.00918064 0.00380961 0.00376778 0.00376537 0 0.00376273 0.0037878 0.00373726 0.00385835 0.00383078 0.00416632 0.00806295 0.00774597 0.0158584 0.00933664 0.0145429 0.012734 0.91157 0.0374847 0.014394 0.00962901 0.0100322 0.0193297 0.0384455 0.0411342 0.0753253 0.0195757 0.0206313 0.00959256 0.0165523 0.0442308 0.0605295 0.059362 0.0170135 0.0117015 
0.0085063 0.00875486 0.00883291 0.00889656 0.00894582 0.0090708 0.00859926 0.00835654 0.00858256 0.00859599 0.00879444 0.0088464 0.00883518 0.00873318 0.00842523 0.00824208 0.00812253 0.00846238 0.00857024 0.0083691 0.00793866 0.00860056 0.00915146 0.0100351 0.00929002 0.00844524 0.00846123 0.00904702 0.00876906 0.00825182 0.00832492 0.0085641 0.00931235 0.0098068 0.0132601 0.0142083 0.0178941 0.0110708 0.0103544 0.00376229 0.00380742 0.00377633 0.00376273 0 0.00376863 0.00375245 0.00380611 0.00432751 0.00388466 0.00677277 0.0103072 0.00806447 0.0139274 0.0180694 0.950504 0.0156527 0.0102049 0.0109189 0.00915614 0.00974055 0.0162305 0.0351823 0.0773147 0.0292751 0.046865 0.01093 0.0112895 0.0161873 0.0390679 0.0873728 0.0361009 0.0240853 0.0108643 
0.00836352 0.00841485 0.00853189 0.00856167 0.00861285 0.00866932 0.00832899 0.0081406 0.00836806 0.00838677 0.00844571 0.00839614 0.00848904 0.00839687 0.00829287 0.00808372 0.00804803 0.00832311 0.00829208 0.00819676 0.00795945 0.00818764 0.00857885 0.00904533 0.0084405 0.00824159 0.00820074 0.0086792 0.00839217 0.00819907 0.00821232 0.00832199 0.00868816 0.00936499 0.00968345 0.0131724 0.014248 0.00975631 0.00902758 0.00387346 0.00382427 0.00378205 0.0037878 0.00376863 0 0.00375418 0.0037721 0.00379007 0.00380816 0.00721492 0.00700629 0.00894967 0.00981867 0.938031 0.0099199 0.00863741 0.00942511 0.00820276 0.0101048 0.00947087 0.013007 0.0357622 0.0253055 0.042487 0.015501 0.0133514 0.00949617 0.0171055 0.0298717 0.0380471 0.0392951 0.0150036 0.0110703 
0.00836563 0.0084915 0.00856313 0.00867241 0.00866764 0.00867603 0.00853144 0.00830066 0.00838863 0.00839417 0.00850087 0.00851236 0.00858876 0.00845681 0.00828947 0.00814014 0.00806348 0.00833863 0.00832985 0.00823356 0.00793174 0.00849872 0.00874966 0.00899072 0.00864464 0.00823383 0.00833302 0.0086663 0.00843954 0.00814278 0.00815812 0.00896086 0.00846422 0.00899405 0.011629 0.0100544 0.0137689 0.0093672 0.00969276 0.00403553 0.00396434 0.00376351 0.00373726 0.00375245 0.00375418 0 0.00375459 0.0037836 0.00378505 0.00483058 0.0103767 0.00832997 0.973377 0.00908771 0.0138894 0.00791657 0.00956015 0.0109569 0.00789452 0.00953501 0.014518 0.0243511 0.0420523 0.0163819 0.0382947 0.00922183 0.012972 0.0137027 0.0217936 0.0597935 0.0250275 0.0200235 0.00987683 
0.00837404 0.00839879 0.00853534 0.00856105 0.00861034 0.00864516 0.00830817 0.00832297 0.00835689 0.00830606 0.00844808 0.0083686 0.0085227 0.00834945 0.00824894 0.00811078 0.00804186 0.00824436 0.00823475 0.0081622 0.00789991 0.00811579 0.00842707 0.00900008 0.00829192 0.0081185 0.00828254 0.00842979 0.00829145 0.00811587 0.00804641 0.00796078 0.00821839 0.00956689 0.00837795 0.0115239 0.0103143 0.00893801 0.00836432 0.00487579 0.00427462 0.00419008 0.00385835 0.00380611 0.0037721 0.00375459 0 0.00373925 0.003794 0.00731285 0.00645866 0.987489 0.0084699 0.0157398 0.00716962 0.0107022 0.011542 0.00732373 0.00801514 0.00868692 0.0135089 0.0211055 0.0199102 0.0510363 0.01016 0.0231501 0.00859458 0.0110219 0.028375 0.0268077 0.0436744 0.0120306 0.00989014 
0.00834104 0.00835378 0.00845279 0.00842683 0.00852645 0.00866738 0.00834919 0.00814515 0.00825687 0.00826661 0.00832773 0.00837112 0.00839562 0.00830705 0.00821824 0.00810605 0.00810321 0.00821502 0.00820802 0.00815953 0.00807279 0.00818931 0.00843726 0.00878012 0.00853136 0.00809826 0.00809451 0.00862659 0.00820843 0.00797362 0.00809008 0.00893543 0.008228 0.00821733 0.00908546 0.0084535 0.0108101 0.00952991 0.0113969 0.00573001 0.00864141 0.00466507 0.00383078 0.00432751 0.00379007 0.0037836 0.00373925 0 0.0037629 0.00638014 0.954692 0.00697025 0.0107998 0.0070262 0.0137432 0.0068566 0.00798485 0.0103952 0.00668337 0.00989393 0.0106709 0.0147941 0.0189414 0.0105082 0.0286455 0.00914001 0.0123899 0.0124712 0.0143101 0.0267988 0.0118272 0.0354644 0.00968182 
0.00861257 0.00827889 0.00830262 0.00825271 0.00829545 0.00834841 0.00821619 0.00906144 0.00819719 0.00818655 0.008176 0.00817409 0.00819498 0.00816815 0.00808759 0.00806685 0.00829198 0.00816689 0.00808097 0.00808362 0.00822195 0.00852923 0.00821984 0.00820209 0.00802287 0.00812225 0.00870868 0.00815596 0.00840379 0.00848778 0.00837856 0.0091031 0.0081448 0.00843394 0.00807589 0.00867348 0.00841744 0.00977768 0.0144557 0.0115036 0.00674982 0.00428746 0.00416632 0.00388466 0.00380816 0.00378505 0.003794 0.0037629 0 0.989081 0.00520718 0.00792941 0.00495829 0.00739738 0.00666323 0.00664154 0.00705732 0.00685839 0.00986418 0.0142334 0.0123718 0.0106664 0.0105877 0.0131459 0.00927817 0.013158 0.0113185 0.0221735 0.0124908 0.01046 0.0118131 0.0105496 0.0178302 
