1EC6A
MKELVEIAVPENLVGAILGKGGKTLVEYQELTGARIQISKKGEFLPGTRNRRVTITGSPAATQAAQYLISQRVTYEQGVRASNPQKV
CCCEEEEEEEHHHHHHHHCHHHHHHHHHHHHHCCEEEECCCCCECCCCCEEEEEEECCHHHHHHHHHHHHHHHHHHHHHHHHCCCCC
0 0 0 0 0 0 0 0 0 0 0 0 0 0 0 0 0 0 0 0 0 0 0 0 0 0 0 0 0 0 0 0 0 0 0 0 0 0 0 0 0 0 0 0 0 0 0 0 0 0 0 0 0 0 0 0 0 0 0 0 0 0 0 0 0 0 0 0 0 0 0 0 0 0 0 0 0 0 0 0 0 0 0 0 0 0 0 
0 0 0 0 0 0 0 0 0 0 0 0 0 0 0 0 0 0 0 0 0 0 0 0 0 0 0 0 0 0 0 0 0 0 0 0 0 0 0 0 0 0 0 0 0 0 0 0 0 0 0 0 0 0 0 0 0 0 0 0 0 0 0 0 0 0 0 0 0 0 0 0 0 0 0 0 0 0 0 0 0 0 0 0 0 0 0 
0 0.00403892 0.00410607 0.00390248 0.00445476 0.00398604 0.010504 0.0979656 0.0105511 0.0263236 0.017282 0.0202965 0.0213214 0.00924916 0.0145154 0.00956784 0.0189819 0.0105264 0.105611 
0.00403892 0 0.00379293 0.00408409 0.00380258 0.00783642 0.00377644 0.00990567 0.270288 0.00934843 0.0329261 0.0112201 0.00902406 0.0619551 0.00877973 0.0924871 0.00932471 0.23037 0.0107048 
0.00410607 0.00379293 0 0.00377799 0.00393026 0.00372111 0.00385286 0.0951521 0.00942342 0.165967 0.00875475 0.0107407 0.0153366 0.00861069 0.111032 0.00950617 0.492534 0.00964372 0.0124077 
0.00390248 0.00408409 0.00377799 0 0.00374973 0.00380104 0.00373033 0.0111806 0.18267 0.00880292 0.0351006 0.00919717 0.00886773 0.0417518 0.00893623 0.506157 0.00985342 0.041553 0.00956551 
0.00445476 0.00380258 0.00393026 0.00374973 0 0.00374145 0.00381093 0.0425646 0.00998081 0.0564804 0.009454 0.010059 0.0135451 0.00853498 0.349 0.00934781 0.112616 0.00964613 0.0106953 
0.00398604 0.00783642 0.00372111 0.00380104 0.00374145 0 0.00384728 0.00893631 0.0411743 0.0108327 0.0166081 0.00949539 0.00871461 0.241281 0.00852383 0.0194395 0.00911755 0.021267 0.0088017 
0.010504 0.00377644 0.00385286 0.00373033 0.00381093 0.00384728 0 0.0225792 0.00922613 0.0130147 0.0222898 0.0158048 0.187718 0.00885122 0.00943397 0.00899237 0.00996446 0.00921204 0.0102858 
0.0979656 0.00990567 0.0951521 0.0111806 0.0425646 0.00893631 0.0225792 0 0.00453842 0.00456293 0.00416422 0.0276415 0.0149927 0.00835988 0.0541795 0.0185863 0.0793949 0.0119253 0.180602 
0.0105511 0.270288 0.00942342 0.18267 0.00998081 0.0411743 0.00922613 0.00453842 0 0.00408641 0.0040591 0.00616756 0.00683028 0.0920788 0.00906682 0.109473 0.00940717 0.364738 0.0109185 
0.0263236 0.00934843 0.165967 0.00880292 0.0564804 0.0108327 0.0130147 0.00456293 0.00408641 0 0.00375454 0.0119678 0.0341212 0.00870232 0.106301 0.00812326 0.292407 0.0119356 0.0154427 
0.017282 0.0329261 0.00875475 0.0351006 0.009454 0.0166081 0.0222898 0.00416422 0.0040591 0.00375454 0 0.0916314 0.0192271 0.0631674 0.0088305 0.199237 0.00969697 0.0497461 0.016675 
0.0202965 0.0112201 0.0107407 0.00919717 0.010059 0.00949539 0.0158048 0.0276415 0.00616756 0.0119678 0.0916314 0 0.102171 0.0139758 0.00852981 0.00668535 0.0075622 0.00792263 0.0156676 
0.0213214 0.00902406 0.0153366 0.00886773 0.0135451 0.00871461 0.187718 0.0149927 0.00683028 0.0341212 0.0192271 0.102171 0 0.00410707 0.00385813 0.00376641 0.00391425 0.00399685 0.00853923 
0.00924916 0.0619551 0.00861069 0.0417518 0.00853498 0.241281 0.00885122 0.00835988 0.0920788 0.00870232 0.0631674 0.0139758 0.00410707 0 0.00374335 0.00376598 0.00373972 0.0050629 0.00411371 
0.0145154 0.00877973 0.111032 0.00893623 0.349 0.00852383 0.00943397 0.0541795 0.00906682 0.106301 0.0088305 0.00852981 0.00385813 0.00374335 0 0.00374361 0.0038738 0.00378181 0.00389345 
0.00956784 0.0924871 0.00950617 0.506157 0.00934781 0.0194395 0.00899237 0.0185863 0.109473 0.00812326 0.199237 0.00668535 0.00376641 0.00376598 0.00374361 0 0.00375692 0.00382499 0.00380464 
0.0189819 0.00932471 0.492534 0.00985342 0.112616 0.00911755 0.00996446 0.0793949 0.00940717 0.292407 0.00969697 0.0075622 0.00391425 0.00373972 0.0038738 0.00375692 0 0.00378757 0.00384198 
0.0105264 0.23037 0.00964372 0.041553 0.00964613 0.021267 0.00921204 0.0119253 0.364738 0.0119356 0.0497461 0.00792263 0.00399685 0.0050629 0.00378181 0.00382499 0.00378757 0 0.00378717 
0.105611 0.0107048 0.0124077 0.00956551 0.0106953 0.0088017 0.0102858 0.180602 0.0109185 0.0154427 0.016675 0.0156676 0.00853923 0.00411371 0.00389345 0.00380464 0.00384198 0.00378717 0 
