1EDHB
VIPPISCPENEKGEFPKNLVQIKSNRDKETKVFYSITGQGADKPPVGVFIIERETGWLKVTQPLDREAIAKYILYSHAVSSNGEAVEDPMEIVITVTDQNDNRPEFTQEVFEGSVAEGAVPGTSVMKVSATDADDDVNTYNAAIAYTIVSQDPELPHKNMFTVNRDTGVISVLTSGLDRESYPTYTLVVQAADLQGEGLSTTAKAVITVKD
CCCCEEEECCCCCCCCEEEEECCCHHHHCCCEEEEEECECCCECCCCCEEECCCCCEEEECCCCCCCCCCEEEEEEEEEECCCCECCCCEEEEEEEECCCCCCCEECCCEEEEEEECCCCCCCEEEECCEECCCCCCCCCCCCCEEEEEEEECCCCCCCCEEECCCCCEEEECCCCCCCCCCCEEEEEEEEECHHHCCCEEEEEEEEEEEC
0 0 0 0 0 0 0 0 0 0 0 0 0 0 0 0 0 0 0 0 0 0 0 0 0 0 0 0 0 0 0 0 0 0 0 0 0 0 0 0 0 0 0 0 0 0 0 0 0 0 0 0 0 0 0 0 0 0 0 0 0 0 0 0 0 0 0 0 0 0 0 0 0 0 0 0 0 0 0 0 0 0 0 0 0 0 0 0 0 0 0 0 0 0 0 0 0 0 0 0 0 0 0 0 0 0 0 0 0 0 0 0 0 0 0 0 0 0 0 0 0 0 0 0 0 0 0 0 0 0 0 0 0 0 0 0 0 0 0 0 0 0 0 0 0 0 0 0 0 0 0 0 0 0 0 0 0 0 0 0 0 0 0 0 0 0 0 0 0 0 0 0 0 0 0 0 0 0 0 0 0 0 0 0 0 0 0 0 0 0 0 0 0 0 0 0 0 0 0 0 0 0 0 0 0 0 0 0 0 0 0 
0 0 0 0 0 0 0 0 0 0 0 0 0 0 0 0 0 0 0 0 0 0 0 0 0 0 0 0 0 0 0 0 0 0 0 0 0 0 0 0 0 0 0 0 0 0 0 0 0 0 0 0 0 0 0 0 0 0 0 0 0 0 0 0 0 0 0 0 0 0 0 0 0 0 0 0 0 0 0 0 0 0 0 0 0 0 0 0 0 0 0 0 0 0 0 0 0 0 0 0 0 0 0 0 0 0 0 0 0 0 0 0 0 0 0 0 0 0 0 0 0 0 0 0 0 0 0 0 0 0 0 0 0 0 0 0 0 0 0 0 0 0 0 0 0 0 0 0 0 0 0 0 0 0 0 0 0 0 0 0 0 0 0 0 0 0 0 0 0 0 0 0 0 0 0 0 0 0 0 0 0 0 0 0 0 0 0 0 0 0 0 0 0 0 0 0 0 0 0 0 0 0 0 0 0 0 0 0 0 0 0 
0 0.0039037 0.00395911 0.00405873 0.0180342 0.0076181 0.0239958 0.0203635 0.029836 0.0382166 0.00861183 0.0207018 0.0085984 0.0236602 0.0105846 0.0120333 0.0121429 0.0224697 0.00914832 0.0455856 0.00864246 0.0134582 0.00876511 0.052549 0.00895125 0.0188281 0.00846445 0.0145236 0.00836813 0.0125453 0.00834357 0.0120496 0.00855381 0.0152437 0.00944603 0.0146065 0.00806524 0.013521 0.00835187 0.0156362 0.00841704 0.0109996 0.0104317 0.0080156 0.0119856 0.00806137 0.0090712 0.00795434 0.010824 0.00798517 0.00869369 0.00872689 0.00801303 0.00825176 0.00854002 0.00876068 0.00977396 0.00850914 0.00810989 0.00868729 0.00803983 0.00823983 0.00797454 0.00795909 0.00812117 0.00808805 0.00847004 0.00788132 0.00983328 0.00802706 0.00813027 0.00821714 0.00880606 0.00783602 0.00876805 0.00797398 0.00874763 0.00797138 0.00848122 0.00809434 0.00833609 0.00848456 0.00791555 0.0079367 0.00791492 0.00841539 0.00801183 0.00874384 0.00804624 0.00877718 0.00808297 0.00849303 0.00818329 
0.0039037 0 0.0038679 0.0037925 0.00659918 0.0773195 0.00939698 0.0199256 0.0164924 0.00886389 0.0608567 0.00894765 0.036243 0.00906808 0.014754 0.00971698 0.00866328 0.0106705 0.0445006 0.00865422 0.0137953 0.00910839 0.0625174 0.0086846 0.0119927 0.00891986 0.0322663 0.00884904 0.0234729 0.00855086 0.0201241 0.00882007 0.0159965 0.008388 0.00840776 0.00806399 0.0209004 0.00845187 0.0272832 0.00857221 0.0300296 0.00895581 0.009251 0.00902593 0.00801552 0.00849201 0.00793087 0.0116637 0.00811816 0.011432 0.00810237 0.00839837 0.00835544 0.00813911 0.00829826 0.00924038 0.007956 0.00839698 0.00819824 0.0082307 0.00863924 0.00814999 0.00810407 0.00824483 0.00806016 0.00802635 0.00797661 0.00849644 0.00793367 0.00828518 0.00827248 0.00885416 0.00810434 0.00802698 0.00816977 0.0087084 0.00822611 0.0085135 0.00820518 0.0083291 0.00821581 0.00804991 0.00793266 0.00807788 0.00814734 0.00806771 0.00832581 0.00820272 0.00844272 0.00827406 0.00849821 0.00813528 0.00825943 
0.00395911 0.0038679 0 0.00375095 0.0164299 0.00996819 0.0210894 0.0213847 0.00890322 0.0148114 0.0087447 0.0243258 0.00850135 0.0360073 0.00858335 0.00861548 0.00826959 0.0215465 0.0107187 0.0116329 0.00862939 0.0542933 0.00953281 0.0117079 0.00839274 0.0199977 0.00863308 0.0198887 0.00897642 0.014056 0.00848048 0.020703 0.00900944 0.00872746 0.0079981 0.0105989 0.00819138 0.0170863 0.00848767 0.0195436 0.00885491 0.0229474 0.00874484 0.00807836 0.00876035 0.00797229 0.0126965 0.00809802 0.0102474 0.00805992 0.00891952 0.00792208 0.00794977 0.00839683 0.00864767 0.00813505 0.00846336 0.00793554 0.00804728 0.00861469 0.00817503 0.00820416 0.00807923 0.00806826 0.00815526 0.00794594 0.00804237 0.00804967 0.00833416 0.00795146 0.00850443 0.00822316 0.00814706 0.00789298 0.00835368 0.00813402 0.00846823 0.00819402 0.00846118 0.00820302 0.00835766 0.00801974 0.00791662 0.00805441 0.0079836 0.00812788 0.00810995 0.00858307 0.00815128 0.00842909 0.00815969 0.00818777 0.00801399 
0.00405873 0.0037925 0.00375095 0 0.00779894 0.0290348 0.00735204 0.00746804 0.0130236 0.0116927 0.0108825 0.00845065 0.00990313 0.00825689 0.0122177 0.0126991 0.0106087 0.01774 0.0100984 0.00925808 0.0368374 0.00893773 0.01056 0.00944004 0.0135923 0.00891629 0.00920907 0.00845363 0.010091 0.00834165 0.00894555 0.00845307 0.00874704 0.00838514 0.0101708 0.0102893 0.00870414 0.00835897 0.00933951 0.00837682 0.00927894 0.0082292 0.00938609 0.00906547 0.00802055 0.00910535 0.00803645 0.00825882 0.00804057 0.00810406 0.00790258 0.00817548 0.00871771 0.0080451 0.0080063 0.00834609 0.0083223 0.00830962 0.00861795 0.00805167 0.00802802 0.00790226 0.00790289 0.00790096 0.00785629 0.00799316 0.00859014 0.00792541 0.0079584 0.00869332 0.00807316 0.00797539 0.00802221 0.00815308 0.0079387 0.00804041 0.00793222 0.00799932 0.00792537 0.00796615 0.00792103 0.00797798 0.00814608 0.00788731 0.00792219 0.0079022 0.0079845 0.00794898 0.00803502 0.0079901 0.00805078 0.00792573 0.00797421 
0.0180342 0.00659918 0.0164299 0.00779894 0 0.00391341 0.00379211 0.00382489 0.00437035 0.0208482 0.00744938 0.0141751 0.00858038 0.0464006 0.0155123 0.0113816 0.0115588 0.0177494 0.00901143 0.0505322 0.00886073 0.0123998 0.00882212 0.0398121 0.0092398 0.0170257 0.00840058 0.0131693 0.00821367 0.0110393 0.0081592 0.0103638 0.00820227 0.0166908 0.0100156 0.0131948 0.00800565 0.0124037 0.00817205 0.0146721 0.00817185 0.00997182 0.00999044 0.00805151 0.0102502 0.0081407 0.00880168 0.0078809 0.00940924 0.0078942 0.00856591 0.00864757 0.00801655 0.00809072 0.00812434 0.00895438 0.00912851 0.00850144 0.00809169 0.00857433 0.00797355 0.00809747 0.00790493 0.00785696 0.00792542 0.00802284 0.0083079 0.00786001 0.00923363 0.00796218 0.00803283 0.00809981 0.00849676 0.00788502 0.00851519 0.00796818 0.00861221 0.00791411 0.00843271 0.00796703 0.0080205 0.00823968 0.00793821 0.00790316 0.00785384 0.00836814 0.00792387 0.00833395 0.00793645 0.00847631 0.00797589 0.00830477 0.00812835 
0.0076181 0.0773195 0.00996819 0.0290348 0.00391341 0 0.0037534 0.00374881 0.00398213 0.00705168 0.0186429 0.00912511 0.0462523 0.0103926 0.0132683 0.00906175 0.00868173 0.00976259 0.0297217 0.00882724 0.0139376 0.00908565 0.03113 0.00904611 0.0113327 0.00914357 0.0200599 0.0087636 0.0158172 0.00863352 0.0161038 0.00888897 0.0141141 0.00852635 0.00866222 0.00816594 0.0162417 0.00849793 0.0239578 0.00972972 0.0209963 0.00884004 0.00945026 0.00898614 0.00798272 0.00841186 0.00797125 0.0107125 0.00812199 0.0101943 0.00811435 0.00850833 0.00817342 0.00814199 0.00828034 0.00922303 0.00806428 0.00840078 0.00815333 0.00816949 0.00845278 0.00809845 0.00794706 0.00818609 0.0079834 0.00802111 0.00793728 0.00846439 0.00792008 0.00825448 0.00823491 0.00886358 0.00808051 0.00804333 0.00811657 0.00857094 0.00819715 0.00853917 0.00818768 0.00832696 0.00822204 0.00800458 0.00790117 0.00803859 0.00805417 0.00804736 0.00828859 0.00817372 0.00838952 0.00828005 0.00836718 0.00810739 0.00803579 
0.0239958 0.00939698 0.0210894 0.00735204 0.00379211 0.0037534 0 0.00376477 0.00376063 0.0158256 0.00815965 0.0446902 0.0162413 0.017938 0.00876421 0.0075517 0.00785834 0.014772 0.00878653 0.0119545 0.00881562 0.0219466 0.010024 0.0103532 0.00853201 0.0183156 0.00971646 0.023098 0.009684 0.0155974 0.0094842 0.0174743 0.00880102 0.0086576 0.00811022 0.0104612 0.00851295 0.029219 0.00996021 0.0258845 0.011941 0.0131622 0.00893274 0.00809785 0.00835555 0.00798076 0.00925109 0.00859043 0.0118029 0.00868201 0.00852616 0.00808117 0.00801825 0.00843146 0.00891047 0.0083742 0.0082956 0.00801809 0.00811758 0.00858688 0.00839823 0.00826401 0.00840294 0.00822675 0.00818855 0.00798692 0.00817605 0.00818656 0.00826698 0.00806299 0.00852242 0.00848631 0.00816057 0.00791339 0.00834445 0.00827157 0.00851702 0.00829626 0.00842612 0.00832238 0.00834886 0.00804221 0.00789558 0.00811252 0.00802257 0.00820402 0.00817288 0.00840395 0.00825555 0.00844702 0.00828589 0.00826982 0.00814669 
0.0203635 0.0199256 0.0213847 0.00746804 0.00382489 0.00374881 0.00376477 0 0.00381123 0.0152772 0.0210369 0.014699 0.010291 0.0136508 0.00948155 0.00898761 0.00822111 0.0112496 0.0188795 0.0101487 0.0106374 0.0155741 0.0133012 0.0104876 0.00973332 0.0126094 0.0112463 0.0139745 0.0104436 0.0131393 0.0100042 0.0120206 0.00965377 0.00876907 0.00850777 0.00907388 0.0110253 0.0114142 0.0105742 0.014969 0.0108247 0.0155076 0.00906492 0.00842393 0.00862831 0.00825873 0.00878827 0.00873253 0.00917707 0.00833382 0.00876523 0.0080617 0.00809448 0.00838854 0.00914018 0.00841428 0.0082866 0.00811894 0.00816722 0.00861304 0.00826567 0.00823165 0.00807838 0.00809934 0.00812112 0.00791717 0.00798914 0.00814148 0.00834268 0.00825203 0.00839427 0.0082381 0.00811638 0.0079374 0.0082011 0.00837317 0.00831512 0.00828082 0.00840033 0.0081381 0.00825461 0.00799677 0.00793029 0.00799194 0.00794518 0.00800322 0.00810668 0.00827034 0.00814659 0.00841219 0.00818786 0.00807058 0.00798671 
0.029836 0.0164924 0.00890322 0.0130236 0.00437035 0.00398213 0.00376063 0.00381123 0 0.0211502 0.0264313 0.0104974 0.0216172 0.00883211 0.0158391 0.0154386 0.0103694 0.024152 0.0151257 0.0112832 0.0348596 0.0100808 0.0154281 0.0118728 0.0204439 0.0100383 0.0118384 0.00901362 0.0119433 0.0088373 0.0117695 0.00897375 0.0130885 0.00963686 0.0128946 0.0134668 0.0127699 0.00875868 0.013471 0.00886857 0.0138526 0.00900523 0.0125455 0.0105006 0.00829306 0.0112627 0.00856972 0.00904335 0.0083148 0.00930332 0.00831661 0.00872571 0.0104102 0.00838961 0.00830569 0.0101455 0.00878514 0.00917929 0.0102336 0.00845378 0.00850454 0.00808325 0.00809079 0.00817109 0.00805497 0.00808353 0.00922073 0.0082404 0.00804988 0.0102014 0.00832597 0.0082917 0.00820638 0.00870926 0.00826907 0.00859869 0.0081351 0.00856728 0.00817215 0.00838865 0.00809509 0.00816138 0.00859546 0.00797767 0.00800172 0.00807009 0.00812446 0.00815441 0.00832206 0.00825468 0.00842053 0.00803914 0.00801801 
0.0382166 0.00886389 0.0148114 0.0116927 0.0208482 0.00705168 0.0158256 0.0152772 0.0211502 0 0.00379421 0.00409737 0.00380327 0.00507636 0.00401662 0.00532058 0.0079901 0.0333776 0.00905051 0.114951 0.00932297 0.0198179 0.00960368 0.062618 0.0102772 0.0231318 0.0088234 0.0183981 0.00860546 0.0221272 0.00869832 0.0155551 0.00884565 0.030797 0.0119505 0.0245134 0.00855018 0.0192606 0.00857022 0.0227269 0.00876627 0.0178675 0.0118296 0.00830555 0.0151892 0.00838031 0.0103811 0.00807828 0.0127045 0.00810315 0.0103677 0.00922338 0.00838684 0.00868642 0.0088446 0.00973744 0.0120783 0.00877845 0.00825827 0.00917805 0.00806014 0.00843539 0.00810032 0.00797755 0.00847339 0.00816114 0.00907931 0.00793171 0.0111178 0.00805703 0.0085257 0.0083004 0.00913583 0.00795506 0.00963297 0.00796712 0.0101741 0.0079908 0.00959423 0.00806292 0.00843515 0.00866844 0.00798245 0.00813476 0.00790002 0.00898967 0.00795743 0.00934418 0.00801542 0.00946344 0.00800495 0.00896083 0.00817497 
0.00861183 0.0608567 0.0087447 0.0108825 0.00744938 0.0186429 0.00815965 0.0210369 0.0264313 0.00379421 0 0.00379862 0.00399421 0.003783 0.0043048 0.00478251 0.00609226 0.0080159 0.0689326 0.00848656 0.0179393 0.008559 0.061571 0.00916388 0.0146462 0.00900575 0.0266643 0.00864453 0.0416063 0.00854044 0.0271267 0.0086987 0.0480124 0.0087606 0.0100519 0.00840273 0.0253512 0.0086143 0.0385596 0.00871042 0.0352565 0.0088121 0.0113064 0.00986139 0.00819469 0.00895969 0.00815798 0.012256 0.00819014 0.0151524 0.008173 0.00871606 0.00868172 0.00836234 0.00846469 0.00992761 0.0081031 0.00909633 0.00825435 0.00816013 0.00891077 0.00802054 0.00823976 0.00847495 0.00806445 0.0081727 0.0079446 0.00892473 0.00799742 0.00860764 0.00826365 0.00887933 0.0081275 0.00815751 0.00809657 0.00904888 0.00811881 0.00939626 0.00813805 0.00858404 0.00824127 0.00806473 0.00796029 0.00801252 0.00816109 0.00806046 0.0084864 0.0081343 0.00856816 0.00819611 0.00881151 0.00811824 0.00818985 
0.0207018 0.00894765 0.0243258 0.00845065 0.0141751 0.00912511 0.0446902 0.014699 0.0104974 0.00409737 0.00379862 0 0.00373914 0.0039208 0.00377888 0.00381508 0.00503393 0.0201222 0.00844695 0.0418401 0.00831071 0.0453245 0.00868958 0.0234836 0.00849387 0.0352518 0.00867877 0.0966818 0.00859874 0.0503173 0.00867798 0.105214 0.00862985 0.0129876 0.00828773 0.0178403 0.00848619 0.0705322 0.00874792 0.0982774 0.00912397 0.0274509 0.00936872 0.0082212 0.00953461 0.00815559 0.013387 0.00839223 0.0340905 0.00838342 0.0120461 0.00824271 0.00813368 0.00920296 0.00925674 0.00849146 0.0101235 0.00798502 0.00823754 0.010854 0.00825361 0.0100244 0.00871352 0.00833049 0.00917485 0.00794674 0.00889301 0.00813013 0.009658 0.00809372 0.00976055 0.00852425 0.00879302 0.00794404 0.00992011 0.00827569 0.0115818 0.00838653 0.0106082 0.00847755 0.00870062 0.00825455 0.00790464 0.00831308 0.00809266 0.00911163 0.0082498 0.00990561 0.00833554 0.0101781 0.00832934 0.00893126 0.00814677 
0.0085984 0.036243 0.00850135 0.00990313 0.00858038 0.0462523 0.0162413 0.010291 0.0216172 0.00380327 0.00399421 0.00373914 0 0.00374019 0.00392737 0.004005 0.00501541 0.00867553 0.0289443 0.00832576 0.0251166 0.00866805 0.0437633 0.00850705 0.015425 0.0088107 0.088192 0.00861809 0.0585951 0.00866275 0.111925 0.00883056 0.0178793 0.00852034 0.00922877 0.00844263 0.0355896 0.0087716 0.0930088 0.00898885 0.0863294 0.0087566 0.0106914 0.00931042 0.0081691 0.0101493 0.00808808 0.0315402 0.00844249 0.0225552 0.00822205 0.00848372 0.00888815 0.00843407 0.00855429 0.00994217 0.00807221 0.00848659 0.0086094 0.00827441 0.0105967 0.00818261 0.00831314 0.00893219 0.00807081 0.00825651 0.00807184 0.00886537 0.00798253 0.00961034 0.00833762 0.00946354 0.00811993 0.00847281 0.00813193 0.0100458 0.00820978 0.0102448 0.00831813 0.00927084 0.00824929 0.00801611 0.00811682 0.00800446 0.00830851 0.00810613 0.00880137 0.00824241 0.00928815 0.00830045 0.00909018 0.00813258 0.00819936 
0.0236602 0.00906808 0.0360073 0.00825689 0.0464006 0.0103926 0.017938 0.0136508 0.00883211 0.00507636 0.003783 0.0039208 0.00374019 0 0.00375754 0.00382267 0.00489753 0.0342691 0.0106551 0.0293331 0.00830915 0.0720116 0.00896698 0.0179676 0.00842101 0.0612814 0.00846214 0.0354447 0.00849169 0.0618933 0.00867214 0.028704 0.00892115 0.00993557 0.00851719 0.0237145 0.00839117 0.0524188 0.0087672 0.0474603 0.00903857 0.0394787 0.00883786 0.00831833 0.0103523 0.0081254 0.0211575 0.00839406 0.0195695 0.00831587 0.0110547 0.00821563 0.00821717 0.00918043 0.0100051 0.00827478 0.0114696 0.00804536 0.00836087 0.0109956 0.00815042 0.00866811 0.00839244 0.00814691 0.00925446 0.00796948 0.00874073 0.00806177 0.00949665 0.00809812 0.00914279 0.00825824 0.00845009 0.00788342 0.0101021 0.00815762 0.0103156 0.0081786 0.00973059 0.00819866 0.00880579 0.0080635 0.00785737 0.00825343 0.00806532 0.00869689 0.00813769 0.00985689 0.00817656 0.00979045 0.00819563 0.00896668 0.0079459 
0.0105846 0.014754 0.00858335 0.0122177 0.0155123 0.0132683 0.00876421 0.00948155 0.0158391 0.00401662 0.0043048 0.00377888 0.00392737 0.00375754 0 0.00476383 0.00523209 0.0143181 0.013334 0.00786356 0.0304384 0.00864147 0.0145382 0.00958899 0.0266518 0.0086597 0.0173775 0.00985268 0.0328979 0.00877245 0.0153462 0.00925911 0.010821 0.00911743 0.0118465 0.00945922 0.0145291 0.00868369 0.0223328 0.00889169 0.0228301 0.0087217 0.0131775 0.0103637 0.00803164 0.0130233 0.00805265 0.0120039 0.00820452 0.0106573 0.0081712 0.00875067 0.00942171 0.0081606 0.00822073 0.0109643 0.00823301 0.00882895 0.00940878 0.00813714 0.00899778 0.00796998 0.00796344 0.00819756 0.0079503 0.00836003 0.00813721 0.00827144 0.00800353 0.00943192 0.00810939 0.00846343 0.00844435 0.00882649 0.00797362 0.00886664 0.0080221 0.00918261 0.00803328 0.00861444 0.00807967 0.00812982 0.00822188 0.00792436 0.00803093 0.00793579 0.00845207 0.00799473 0.00878976 0.00806125 0.00859276 0.0079844 0.00811676 
0.0120333 0.00971698 0.00861548 0.0126991 0.0113816 0.00906175 0.0075517 0.00898761 0.0154386 0.00532058 0.00478251 0.00381508 0.004005 0.00382267 0.00476383 0 0.846046 0.0136663 0.01342 0.0120001 0.0145146 0.00836834 0.00983234 0.0147297 0.0136432 0.00895946 0.00966214 0.00837681 0.00960934 0.00834163 0.00897474 0.00829519 0.00955803 0.0112435 0.0205482 0.0117379 0.00968758 0.00830213 0.00977438 0.00833149 0.00974762 0.00874603 0.0134665 0.0112941 0.00896586 0.0098777 0.00810051 0.00827888 0.00794758 0.00830863 0.00802166 0.00917769 0.00965292 0.00794181 0.00799735 0.0112808 0.00863785 0.0110882 0.00947561 0.00807788 0.00795241 0.00784715 0.00782438 0.0078564 0.00780231 0.0084628 0.00874555 0.00792558 0.00823308 0.00934397 0.00787895 0.0079646 0.00849877 0.00860538 0.00786019 0.00821962 0.00787481 0.00818658 0.00786039 0.0080588 0.00783365 0.00823693 0.00841134 0.00780654 0.00791616 0.00779445 0.0080056 0.00781224 0.00805836 0.00783248 0.00818443 0.00780456 0.00814392 
0.0121429 0.00866328 0.00826959 0.0106087 0.0115588 0.00868173 0.00785834 0.00822111 0.0103694 0.0079901 0.00609226 0.00503393 0.00501541 0.00489753 0.00523209 0.846046 0 0.0447756 0.00609581 0.0092373 0.00858083 0.00732444 0.00824589 0.0187256 0.0146481 0.00951418 0.00844869 0.0083842 0.00832645 0.00821028 0.00825897 0.00834122 0.00842504 0.0100566 0.022558 0.0124955 0.00882619 0.00849077 0.00859267 0.00860837 0.00876697 0.00824712 0.0104131 0.010753 0.009045 0.00999234 0.0083583 0.00831554 0.00812949 0.00814681 0.00804192 0.00879384 0.00924584 0.00801143 0.00799673 0.00846555 0.00907099 0.00929922 0.00893376 0.00807543 0.00790877 0.0078775 0.00782478 0.00780921 0.00781259 0.00800537 0.00862486 0.0078843 0.00813313 0.00886901 0.00783536 0.0079376 0.00809389 0.00860848 0.00792821 0.00808031 0.00784279 0.00793135 0.00782976 0.00786017 0.00779083 0.00816208 0.00838018 0.00781134 0.00791001 0.00782382 0.00785745 0.00783059 0.00786561 0.00787151 0.00801617 0.00785422 0.00803637 
0.0224697 0.0106705 0.0215465 0.01774 0.0177494 0.00976259 0.014772 0.0112496 0.024152 0.0333776 0.0080159 0.0201222 0.00867553 0.0342691 0.0143181 0.0136663 0.0447756 0 0.00386948 0.00482679 0.00604146 0.0231783 0.0367375 0.815338 0.0107175 0.0171408 0.00976852 0.014936 0.00973182 0.0181286 0.00955466 0.0140124 0.0103413 0.0334228 0.0143825 0.0195473 0.00930666 0.0204905 0.00996199 0.01827 0.0105434 0.0153845 0.0196873 0.00951366 0.0168664 0.00907278 0.0126011 0.00876366 0.0122231 0.00885475 0.0105134 0.0132302 0.00913306 0.00927611 0.0095544 0.0148056 0.0110751 0.0112484 0.00887318 0.00946036 0.00852302 0.00862769 0.00850713 0.00823693 0.00837328 0.00922115 0.00930518 0.00838145 0.0151841 0.00834146 0.0087295 0.00898121 0.0118714 0.00818926 0.00866608 0.00825492 0.00904973 0.00837505 0.00876153 0.0084607 0.00868868 0.0101794 0.00811905 0.00796672 0.00808207 0.00860718 0.00821892 0.00873776 0.00834979 0.00886638 0.00835289 0.00871251 0.00881554 
0.00914832 0.0445006 0.0107187 0.0100984 0.00901143 0.0297217 0.00878653 0.0188795 0.0151257 0.00905051 0.0689326 0.00844695 0.0289443 0.0106551 0.013334 0.01342 0.00609581 0.00386948 0 0.00392086 0.019028 0.0327779 0.888968 0.00740243 0.012013 0.00992215 0.0177295 0.00849907 0.0203644 0.00882904 0.0174028 0.00905186 0.0568504 0.00871743 0.0115134 0.00926554 0.0416641 0.00888518 0.0215816 0.0093466 0.0253053 0.0120086 0.0117805 0.0151698 0.00850758 0.00968038 0.0092186 0.0119868 0.00870748 0.0114211 0.00854746 0.00869113 0.00920975 0.00929058 0.0100961 0.00965784 0.00855537 0.00971632 0.00898646 0.00863943 0.00911051 0.00825096 0.00832319 0.00845665 0.00805579 0.00807358 0.00835802 0.0116872 0.0080994 0.0093988 0.00860789 0.0102289 0.00816521 0.00847122 0.00829756 0.00916037 0.0082398 0.00922977 0.00825105 0.00888343 0.00831339 0.00797812 0.00819826 0.00818363 0.00822491 0.00815554 0.00856936 0.00829501 0.00877486 0.00835351 0.00892063 0.00813316 0.00813554 
0.0455856 0.00865422 0.0116329 0.00925808 0.0505322 0.00882724 0.0119545 0.0101487 0.0112832 0.114951 0.00848656 0.0418401 0.00832576 0.0293331 0.00786356 0.0120001 0.0092373 0.00482679 0.00392086 0 0.0181479 0.768229 0.00530232 0.0141851 0.00976654 0.034798 0.00812632 0.0206174 0.00837834 0.0172793 0.0083236 0.022266 0.00826725 0.0184792 0.0123139 0.0853332 0.00856383 0.0189139 0.00866719 0.0231472 0.00874915 0.0182295 0.0122166 0.00922251 0.0158773 0.00968212 0.0132739 0.00826848 0.0138452 0.00831679 0.0106339 0.00935002 0.01015 0.0094289 0.00925935 0.00918564 0.0160701 0.00878632 0.0103463 0.0105686 0.00824409 0.00858806 0.00823115 0.00802456 0.00880688 0.00791743 0.0133011 0.00801454 0.0108517 0.00917351 0.00964852 0.00819173 0.00975986 0.00817898 0.0110811 0.00796853 0.0101821 0.00801896 0.00958159 0.00806189 0.00872169 0.00822561 0.00838665 0.00820071 0.0079322 0.00885988 0.00796288 0.00925134 0.00802015 0.00991014 0.0079645 0.00951892 0.00802721 
0.00864246 0.0137953 0.00862939 0.0368374 0.00886073 0.0139376 0.00881562 0.0106374 0.0348596 0.00932297 0.0179393 0.00831071 0.0251166 0.00830915 0.0304384 0.0145146 0.00858083 0.00604146 0.019028 0.0181479 0 0.00380785 0.00394422 0.00405242 0.0243078 0.00746432 0.114661 0.00878186 0.0437123 0.00795628 0.0219356 0.00827632 0.0168946 0.0127377 0.0191318 0.00863817 0.0194919 0.00857844 0.0276138 0.0091033 0.0181259 0.00954831 0.0259571 0.0149645 0.00931729 0.0118401 0.00832999 0.0126975 0.00837799 0.0116808 0.00852814 0.0134812 0.00965957 0.00834236 0.00882449 0.0210157 0.00817147 0.0162627 0.0091144 0.00819259 0.0094945 0.00824318 0.00800068 0.00838023 0.00801651 0.0108888 0.00793059 0.00895633 0.00883763 0.0090771 0.00813656 0.0107008 0.00915548 0.00852525 0.00789273 0.0099038 0.00796942 0.00929225 0.00798258 0.00920098 0.0084017 0.00983027 0.008278 0.0078457 0.00844602 0.00787957 0.00901097 0.00798364 0.00903957 0.0080719 0.00927231 0.00799079 0.00905298 
0.0134582 0.00910839 0.0542933 0.00893773 0.0123998 0.00908565 0.0219466 0.0155741 0.0100808 0.0198179 0.008559 0.0453245 0.00866805 0.0720116 0.00864147 0.00836834 0.00732444 0.0231783 0.0327779 0.768229 0.00380785 0 0.00378298 0.0038351 0.00725014 0.149294 0.00883529 0.0603856 0.00874898 0.0524123 0.00826262 0.0283132 0.009211 0.0127752 0.00890585 0.0179187 0.00863521 0.0721745 0.00901053 0.0398203 0.0095911 0.0373433 0.00998624 0.00890486 0.0113354 0.00863491 0.016545 0.00870497 0.0207309 0.008615 0.014119 0.00859863 0.00849236 0.0108596 0.0132257 0.00904554 0.0106196 0.00863322 0.00851611 0.0108765 0.00856932 0.00889525 0.00848902 0.00828378 0.00965829 0.00807821 0.00868278 0.00829054 0.00932552 0.0081221 0.00981993 0.00892499 0.00885467 0.00791045 0.00928032 0.00825378 0.010111 0.00836516 0.00981771 0.00847454 0.00917718 0.0084434 0.00784946 0.00830228 0.00815425 0.0088457 0.0083572 0.00969141 0.00838897 0.00964568 0.00834576 0.00913137 0.00812807 
0.00876511 0.0625174 0.00953281 0.01056 0.00882212 0.03113 0.010024 0.0133012 0.0154281 0.00960368 0.061571 0.00868958 0.0437633 0.00896698 0.0145382 0.00983234 0.00824589 0.0367375 0.888968 0.00530232 0.00394422 0.00378298 0 0.00376546 0.0760806 0.0104468 0.0703943 0.00857709 0.0384632 0.00815367 0.0325479 0.00867637 0.0386095 0.00873552 0.0124376 0.00924258 0.0547588 0.00889476 0.0380927 0.0096839 0.0442729 0.0115231 0.0156225 0.0132629 0.0085012 0.0143565 0.00880918 0.0237811 0.00871819 0.0195409 0.00865053 0.00896364 0.00994796 0.00983367 0.00974261 0.0113889 0.00849404 0.00925457 0.00954269 0.00870234 0.0102939 0.00847655 0.0085836 0.00899109 0.00803747 0.0082941 0.00829724 0.0103662 0.00810444 0.0106647 0.00868669 0.00984856 0.00820477 0.00873264 0.00817369 0.0104555 0.00833999 0.0105157 0.00826193 0.00970381 0.00835073 0.00816263 0.00832675 0.00805172 0.00834198 0.00809505 0.00882026 0.0082647 0.00967761 0.00833659 0.00945759 0.00815871 0.00851452 
0.052549 0.0086846 0.0117079 0.00944004 0.0398121 0.00904611 0.0103532 0.0104876 0.0118728 0.062618 0.00916388 0.0234836 0.00850705 0.0179676 0.00958899 0.0147297 0.0187256 0.815338 0.00740243 0.0141851 0.00405242 0.0038351 0.00376546 0 0.016864 0.0634755 0.00778613 0.0151755 0.00846125 0.0150124 0.00800384 0.0140289 0.00877224 0.0397444 0.0129848 0.059106 0.00884467 0.0161396 0.00878502 0.0229272 0.00915369 0.0235157 0.0135704 0.0108152 0.0138761 0.0111252 0.0148661 0.00854939 0.0148302 0.00868785 0.0104712 0.00964537 0.0111595 0.00976867 0.0093801 0.0106375 0.0185633 0.00932968 0.0117125 0.0104289 0.00846447 0.00850423 0.00837711 0.00825965 0.00860573 0.00810857 0.0140229 0.00812113 0.0102426 0.0104007 0.00939101 0.00839489 0.00936652 0.00852999 0.00981704 0.00823576 0.00952704 0.00825148 0.00935659 0.0082434 0.00862618 0.00830152 0.00873332 0.008112 0.00795417 0.00865203 0.00801683 0.00898856 0.00813946 0.0094599 0.0081883 0.00884354 0.00807665 
0.00895125 0.0119927 0.00839274 0.0135923 0.0092398 0.0113327 0.00853201 0.00973332 0.0204439 0.0102772 0.0146462 0.00849387 0.015425 0.00842101 0.0266518 0.0136432 0.0146481 0.0107175 0.012013 0.00976654 0.0243078 0.00725014 0.0760806 0.016864 0 0.00407262 0.00406849 0.00377008 0.00438173 0.00395858 0.00482261 0.00418959 0.01111 0.00703186 0.0147638 0.00825784 0.0224391 0.00820959 0.0276153 0.00897034 0.0677068 0.00881281 0.0457268 0.0166032 0.0098353 0.0182695 0.00860249 0.0139131 0.0083317 0.0153414 0.00847115 0.0169002 0.013653 0.00881344 0.00893615 0.0250203 0.00885438 0.0158808 0.0101937 0.00839273 0.00920555 0.008234 0.00827332 0.00872596 0.00817592 0.0112458 0.00812415 0.00906247 0.00855435 0.0101055 0.00806236 0.00959797 0.0092622 0.00906245 0.00792279 0.0101964 0.00797527 0.010134 0.00801315 0.00970857 0.00804085 0.00950025 0.00840495 0.00784583 0.00853938 0.00793077 0.00933998 0.00800479 0.00959556 0.00803206 0.00956175 0.00795361 0.00891604 
0.0188281 0.00891986 0.0199977 0.00891629 0.0170257 0.00914357 0.0183156 0.0126094 0.0100383 0.0231318 0.00900575 0.0352518 0.0088107 0.0612814 0.0086597 0.00895946 0.00951418 0.0171408 0.00992215 0.034798 0.00746432 0.149294 0.0104468 0.0634755 0.00407262 0 0.00376869 0.00381787 0.00377125 0.00442005 0.00396212 0.00875658 0.00501828 0.00828231 0.00779339 0.0199619 0.00840005 0.0462598 0.00876684 0.138704 0.00905895 0.0733552 0.0105523 0.00945639 0.0180478 0.00935702 0.0318821 0.00859819 0.0406026 0.00843751 0.0249986 0.0091897 0.00961776 0.014251 0.013155 0.00928106 0.0177796 0.00899861 0.00889868 0.0160872 0.00852301 0.0106212 0.00901517 0.00832334 0.0112639 0.00825454 0.0106293 0.00836241 0.0127866 0.00813284 0.011642 0.00886642 0.0105334 0.00800328 0.0132485 0.00803143 0.0144717 0.00817626 0.0145686 0.00831793 0.0103803 0.00834329 0.00793494 0.00903731 0.0080581 0.0104176 0.00812822 0.0129329 0.00815094 0.0131389 0.00825998 0.0105869 0.0081208 
0.00846445 0.0322663 0.00863308 0.00920907 0.00840058 0.0200599 0.00971646 0.0112463 0.0118384 0.0088234 0.0266643 0.00867877 0.088192 0.00846214 0.0173775 0.00966214 0.00844869 0.00976852 0.0177295 0.00812632 0.114661 0.00883529 0.0703943 0.00778613 0.00406849 0.00376869 0 0.00372215 0.00382361 0.00377044 0.00406088 0.00382218 0.00549044 0.00397975 0.0073257 0.00762486 0.0285178 0.00795373 0.172581 0.00879193 0.134576 0.00908241 0.014154 0.0122944 0.0083812 0.0133558 0.00839765 0.0541041 0.00852074 0.0582453 0.00848555 0.00973671 0.0105013 0.00941987 0.00952912 0.013119 0.0083434 0.0107302 0.00931624 0.00861286 0.0178351 0.00900141 0.00891367 0.013603 0.00818455 0.00878483 0.00830682 0.00968237 0.0080207 0.0106462 0.00844947 0.0117474 0.00833295 0.0087573 0.00805679 0.0145733 0.00825351 0.0189193 0.00822919 0.0147997 0.00834363 0.00828271 0.00828514 0.00789573 0.00886336 0.00810617 0.0119408 0.00835286 0.0140917 0.00839688 0.0126301 0.0081977 0.00884732 
0.0145236 0.00884904 0.0198887 0.00845363 0.0131693 0.0087636 0.023098 0.0139745 0.00901362 0.0183981 0.00864453 0.0966818 0.00861809 0.0354447 0.00985268 0.00837681 0.0083842 0.014936 0.00849907 0.0206174 0.00878186 0.0603856 0.00857709 0.0151755 0.00377008 0.00381787 0.00372215 0 0.00374116 0.00378744 0.00376207 0.00405984 0.00378154 0.00418557 0.00623846 0.0158214 0.00769854 0.174189 0.00918529 0.125116 0.00920618 0.0430904 0.00906097 0.00846316 0.0118538 0.0084105 0.0331448 0.00849472 0.0685939 0.00859633 0.0191726 0.00882003 0.00875465 0.0130507 0.0127598 0.00894625 0.0126071 0.00832543 0.00872465 0.0181444 0.00901632 0.0126153 0.010117 0.00864916 0.0114982 0.00811 0.00989347 0.0082345 0.0116386 0.00813202 0.0137881 0.00871501 0.0100704 0.00794195 0.0135544 0.00822824 0.0233612 0.00838334 0.0230908 0.00845737 0.0112376 0.00831986 0.00794 0.00893689 0.00805303 0.0125245 0.00812569 0.0157577 0.00832312 0.0162731 0.00838108 0.011067 0.00823518 
0.00836813 0.0234729 0.00897642 0.010091 0.00821367 0.0158172 0.009684 0.0104436 0.0119433 0.00860546 0.0416063 0.00859874 0.0585951 0.00849169 0.0328979 0.00960934 0.00832645 0.00973182 0.0203644 0.00837834 0.0437123 0.00874898 0.0384632 0.00846125 0.00438173 0.00377125 0.00382361 0.00374116 0 0.0037366 0.00380441 0.00377291 0.00386755 0.00380437 0.00680748 0.00729573 0.149719 0.00893018 0.106903 0.00879309 0.0826826 0.00894707 0.023024 0.0121442 0.00833421 0.012905 0.00835963 0.0561188 0.00842949 0.0639097 0.00855048 0.00999656 0.00978376 0.0091177 0.0100023 0.0129297 0.00835487 0.0100909 0.00955072 0.00869441 0.0188431 0.00913949 0.00980171 0.0118384 0.00817017 0.00932182 0.00824765 0.010409 0.00817946 0.0106093 0.00850304 0.0135261 0.00860123 0.00888872 0.0081527 0.0214412 0.00836631 0.022792 0.00844761 0.0152245 0.00856161 0.00851407 0.00834292 0.00797475 0.00981901 0.00808624 0.0133371 0.00869356 0.0140061 0.00852433 0.0125698 0.00820808 0.00899169 
0.0125453 0.00855086 0.014056 0.00834165 0.0110393 0.00863352 0.0155974 0.0131393 0.0088373 0.0221272 0.00854044 0.0503173 0.00866275 0.0618933 0.00877245 0.00834163 0.00821028 0.0181286 0.00882904 0.0172793 0.00795628 0.0524123 0.00815367 0.0150124 0.00395858 0.00442005 0.00377044 0.00378744 0.0037366 0 0.00374423 0.00379114 0.00376672 0.00383793 0.00516544 0.031798 0.00769795 0.112404 0.0088464 0.0839896 0.00891495 0.0447411 0.0090059 0.00839275 0.0112551 0.00836008 0.0330547 0.00848695 0.0501564 0.00850617 0.0145478 0.00868743 0.00858975 0.012333 0.0120278 0.00895334 0.0121061 0.00825769 0.00882681 0.0188835 0.00884677 0.0131927 0.00959167 0.00836001 0.0101719 0.00802394 0.00986586 0.00817973 0.0102992 0.00815305 0.0134213 0.00846132 0.00972034 0.00791589 0.0152238 0.00812708 0.0212958 0.00823017 0.0190135 0.00839453 0.00983287 0.00822604 0.00789478 0.00906842 0.00799418 0.012886 0.00813128 0.0157816 0.00829006 0.0154816 0.0082916 0.00989602 0.00816881 
0.00834357 0.0201241 0.00848048 0.00894555 0.0081592 0.0161038 0.0094842 0.0100042 0.0117695 0.00869832 0.0271267 0.00867798 0.111925 0.00867214 0.0153462 0.00897474 0.00825897 0.00955466 0.0174028 0.0083236 0.0219356 0.00826262 0.0325479 0.00800384 0.00482261 0.00396212 0.00406088 0.00376207 0.00380441 0.00374423 0 0.00374631 0.00377454 0.00375922 0.00732617 0.00691054 0.101896 0.00811661 0.0651864 0.00899417 0.0697125 0.00878916 0.0130595 0.0116051 0.00827363 0.0133382 0.00826152 0.0395673 0.00841742 0.0329132 0.00853905 0.00924292 0.009884 0.00900408 0.0093461 0.0116273 0.00832126 0.0093768 0.00976962 0.00876016 0.0182033 0.00903331 0.00890247 0.0110603 0.00805815 0.00857318 0.00826236 0.00934992 0.00800062 0.0107398 0.00840046 0.0114244 0.00820361 0.00903421 0.00796768 0.0163702 0.00817097 0.0182675 0.00828942 0.0121942 0.00857076 0.00811769 0.0081607 0.00791097 0.00978573 0.00806916 0.0120454 0.00824499 0.0126012 0.00833698 0.0110257 0.00873343 0.00854974 
0.0120496 0.00882007 0.020703 0.00845307 0.0103638 0.00888897 0.0174743 0.0120206 0.00897375 0.0155551 0.0086987 0.105214 0.00883056 0.028704 0.00925911 0.00829519 0.00834122 0.0140124 0.00905186 0.022266 0.00827632 0.0283132 0.00867637 0.0140289 0.00418959 0.00875658 0.00382218 0.00405984 0.00377291 0.00379114 0.00374631 0 0.00375108 0.00379595 0.00466082 0.0880004 0.0073926 0.0953818 0.00856886 0.0802376 0.0091489 0.0266084 0.00873192 0.00836077 0.0124086 0.0083596 0.0248295 0.00858865 0.0443835 0.00885444 0.0134107 0.00876712 0.00880476 0.0131772 0.0126455 0.00893214 0.0118642 0.00830807 0.00874122 0.0166213 0.00913217 0.010932 0.0095198 0.00858584 0.0101086 0.0081701 0.00913055 0.00826231 0.0101865 0.00816005 0.012497 0.00892971 0.00929919 0.00796549 0.0132523 0.00836064 0.0177531 0.00875293 0.0167973 0.00887839 0.00936208 0.00841221 0.0079233 0.00862789 0.00812039 0.0108879 0.00831389 0.0129109 0.0085714 0.0134508 0.0085069 0.00953744 0.00829591 
0.00855381 0.0159965 0.00900944 0.00874704 0.00820227 0.0141141 0.00880102 0.00965377 0.0130885 0.00884565 0.0480124 0.00862985 0.0178793 0.00892115 0.010821 0.00955803 0.00842504 0.0103413 0.0568504 0.00826725 0.0168946 0.009211 0.0386095 0.00877224 0.01111 0.00501828 0.00549044 0.00378154 0.00386755 0.00376672 0.00377454 0.00375108 0 0.00376533 0.397006 0.00685077 0.0791334 0.00780502 0.0322933 0.00806648 0.0209129 0.0101595 0.0106682 0.0179373 0.00865547 0.0126971 0.00871299 0.0223042 0.00843781 0.0142036 0.00868191 0.00892289 0.0100483 0.00950557 0.00988695 0.0119811 0.00880447 0.0101075 0.00961662 0.00912792 0.0102382 0.00845034 0.00838451 0.00881441 0.00819778 0.0081805 0.0084084 0.0123515 0.00807809 0.0096171 0.00865507 0.0105547 0.00831725 0.0084595 0.00814192 0.0123994 0.00822294 0.0102735 0.00818149 0.00927234 0.00830824 0.00808096 0.00816458 0.00794807 0.00830109 0.0080043 0.00844778 0.00811159 0.00903743 0.00816565 0.00903605 0.00803372 0.00821195 
0.0152437 0.008388 0.00872746 0.00838514 0.0166908 0.00852635 0.0086576 0.00876907 0.00963686 0.030797 0.0087606 0.0129876 0.00852034 0.00993557 0.00911743 0.0112435 0.0100566 0.0334228 0.00871743 0.0184792 0.0127377 0.0127752 0.00873552 0.0397444 0.00703186 0.00828231 0.00397975 0.00418557 0.00380437 0.00383793 0.00375922 0.00379595 0.00376533 0 0.0451302 0.0441557 0.00714927 0.0156342 0.00806814 0.0130459 0.00871218 0.0119547 0.0130432 0.0102453 0.0148287 0.0107723 0.0126685 0.0083664 0.0106714 0.00846427 0.00923815 0.00940223 0.0118542 0.00959457 0.00923002 0.010539 0.0171553 0.00948555 0.0131074 0.0103111 0.00843678 0.00834698 0.00821583 0.00813062 0.00841633 0.0080904 0.0159161 0.00812339 0.00938507 0.0103368 0.00889457 0.0082666 0.00949316 0.00875311 0.00913997 0.00806975 0.00838741 0.00806449 0.00844221 0.00808197 0.00837525 0.00829684 0.00876922 0.00804824 0.00796717 0.00820167 0.00798074 0.00836883 0.00806478 0.00842691 0.00802474 0.00833754 0.00800149 
0.00944603 0.00840776 0.0079981 0.0101708 0.0100156 0.00866222 0.00811022 0.00850777 0.0128946 0.0119505 0.0100519 0.00828773 0.00922877 0.00851719 0.0118465 0.0205482 0.022558 0.0143825 0.0115134 0.0123139 0.0191318 0.00890585 0.0124376 0.0129848 0.0147638 0.00779339 0.0073257 0.00623846 0.00680748 0.00516544 0.00732617 0.00466082 0.397006 0.0451302 0 0.0141159 0.00750295 0.00408702 0.00654985 0.00547041 0.00749991 0.00690579 0.014286 0.0197518 0.0115455 0.0162964 0.00890009 0.010276 0.00815275 0.0105265 0.00860133 0.015225 0.0147034 0.00934694 0.008869 0.0165728 0.0140761 0.0197762 0.014075 0.00858796 0.00863288 0.00821549 0.00803958 0.00815157 0.00810097 0.0106448 0.0105503 0.00867137 0.00927391 0.0126138 0.00806466 0.00913803 0.00988476 0.0106656 0.00805591 0.00906674 0.00788076 0.00882242 0.00789378 0.0084339 0.00796474 0.010008 0.00985891 0.00790453 0.00836527 0.00786188 0.0086482 0.00784549 0.00869073 0.00787515 0.00904754 0.00794982 0.0090972 
0.0146065 0.00806399 0.0105989 0.0102893 0.0131948 0.00816594 0.0104612 0.00907388 0.0134668 0.0245134 0.00840273 0.0178403 0.00844263 0.0237145 0.00945922 0.0117379 0.0124955 0.0195473 0.00926554 0.0853332 0.00863817 0.0179187 0.00924258 0.059106 0.00825784 0.0199619 0.00762486 0.0158214 0.00729573 0.031798 0.00691054 0.0880004 0.00685077 0.0441557 0.0141159 0 0.00380102 0.00397445 0.00381021 0.00553792 0.00396335 0.0074019 0.00509489 0.00740694 0.0482229 0.0084325 0.0150042 0.00817083 0.0189727 0.00811319 0.0324259 0.015338 0.0105957 0.0115873 0.0127701 0.0144277 0.0303494 0.012947 0.0102808 0.0139486 0.00860479 0.0103213 0.00862675 0.00842265 0.0108525 0.00966339 0.0125608 0.00835712 0.04105 0.00830007 0.0106061 0.0088874 0.0247211 0.0081081 0.011789 0.00798525 0.0132326 0.0081043 0.0138819 0.00813829 0.0113762 0.0108281 0.00830425 0.0084108 0.00791499 0.0104293 0.00806462 0.0114411 0.00810113 0.0133163 0.0081613 0.0117519 0.00892612 
0.00806524 0.0209004 0.00819138 0.00870414 0.00800565 0.0162417 0.00851295 0.0110253 0.0127699 0.00855018 0.0253512 0.00848619 0.0355896 0.00839117 0.0145291 0.00968758 0.00882619 0.00930666 0.0416641 0.00856383 0.0194919 0.00863521 0.0547588 0.00884467 0.0224391 0.00840005 0.0285178 0.00769854 0.149719 0.00769795 0.101896 0.0073926 0.0791334 0.00714927 0.00750295 0.00380102 0 0.00378867 0.00384204 0.00387087 0.00442334 0.00398165 0.00429406 0.0247101 0.00741748 0.0134081 0.0081017 0.0318654 0.00807315 0.0500458 0.00840052 0.0116188 0.0140529 0.00966619 0.011038 0.0162455 0.00870746 0.0133059 0.0109459 0.00888315 0.01654 0.0087486 0.00894754 0.0114917 0.00831785 0.0108621 0.00820623 0.0220224 0.0081894 0.0124386 0.00840542 0.0204614 0.00863501 0.00928803 0.00798971 0.0158008 0.00814569 0.0196697 0.00810865 0.0162774 0.00825071 0.00917872 0.00838666 0.00791271 0.00915506 0.00793088 0.0129524 0.00804529 0.0162758 0.00811693 0.0133938 0.00813055 0.00970001 
0.013521 0.00845187 0.0170863 0.00835897 0.0124037 0.00849793 0.029219 0.0114142 0.00875868 0.0192606 0.0086143 0.0705322 0.0087716 0.0524188 0.00868369 0.00830213 0.00849077 0.0204905 0.00888518 0.0189139 0.00857844 0.0721745 0.00889476 0.0161396 0.00820959 0.0462598 0.00795373 0.174189 0.00893018 0.112404 0.00811661 0.0953818 0.00780502 0.0156342 0.00408702 0.00397445 0.00378867 0 0.00377661 0.00419956 0.00378288 0.00415013 0.00383902 0.00648277 0.0116764 0.0074483 0.0292798 0.00837954 0.112778 0.0083292 0.0334408 0.0102294 0.00947913 0.0175471 0.0147805 0.0090385 0.0172462 0.00857505 0.00945441 0.0293148 0.0091828 0.0181397 0.0112839 0.00885216 0.0141397 0.0083124 0.0142479 0.00845712 0.0141728 0.00835167 0.0271369 0.0089208 0.0118017 0.00801684 0.0187259 0.00830951 0.0501731 0.0084583 0.0501581 0.00875795 0.0162291 0.00868391 0.00810833 0.00921339 0.00819247 0.0178836 0.00839111 0.0280271 0.00887192 0.0298291 0.00867024 0.0140054 0.00839397 
0.00835187 0.0272832 0.00848767 0.00933951 0.00817205 0.0239578 0.00996021 0.0105742 0.013471 0.00857022 0.0385596 0.00874792 0.0930088 0.0087672 0.0223328 0.00977438 0.00859267 0.00996199 0.0215816 0.00866719 0.0276138 0.00901053 0.0380927 0.00878502 0.0276153 0.00876684 0.172581 0.00918529 0.106903 0.0088464 0.0651864 0.00856886 0.0322933 0.00806814 0.00654985 0.00381021 0.00384204 0.00377661 0 0.00377517 0.00433293 0.00383766 0.00389065 0.0118926 0.0071566 0.0249679 0.0082556 0.0778139 0.00842556 0.0674267 0.00828793 0.0106677 0.0143039 0.0098026 0.0107381 0.0170682 0.00868365 0.0119635 0.0127934 0.00927446 0.0369067 0.010523 0.0118251 0.0216593 0.00842005 0.011613 0.00852497 0.0141063 0.00829852 0.0175051 0.00892091 0.0249687 0.00883242 0.0106716 0.00824899 0.0427454 0.00858451 0.0557883 0.00892525 0.0347984 0.00868257 0.00901029 0.00917104 0.00812211 0.0141187 0.00831146 0.0222232 0.00877846 0.0311905 0.00883313 0.0255321 0.0083881 0.0103954 
