1EFUD
AEITASLVKELRERTGAGMMDCKKALTEANGDIELAIENMRKSGAIKAAKKAGNVAADGVIKTKIDGNYGIILEVNCQTDFVAKDAGFQAFADKVLDAAVAGKITDVEVLKAQFEEERVALVAKIGENINIRRVAALEGDVLGSYQHGARIGVLVAAKGADEELVKHIAMHVAASKPEFIKPEDVSAEVVEKEYQVQLDIAMQSGKPKEIAEKMVEGRMKKFTGEVSLTGQPFVMEPSKTVGQLLKEHNAEVTGFIRFEVGEGIEKVETDFAAEVAAMSKQS
CCCCHHHHHHHHHHHCCCHHHHHHHHHHHCCCHHHHHHHHHHHHHHHHHHHCCCCCCEEEEEEEEECCEEEEEEEEECCHHHHHCHHHHHHHHHHHHHHHHCCCCCHHHHHHHHHHHHHHHHHHHCCCCEEEEEEEEECCEEEEEEECCCEEEEEEEECCCHHHHHHHHHHHHHHCCCECCHHHCCHHHHHHHHHHHHHHHHHCCCCHHHHHHHHHHHHHHHHHHHECCCCEECCEEEEEHHHHHHCCCCEEEEEEEEECCCCCCCCCCCHHHHHHHHCCCC
0 0 0 0 0 0 0 0 0 0 0 0 0 0 0 0 0 0 0 0 0 0 0 0 0 0 0 0 0 0 0 0 0 0 0 0 0 0 0 0 0 0 0 0 0 0 0 0 0 0 0 0 0 0 0 0 0 0 0 0 0 0 0 0 0 0 0 0 0 0 0 0 0 0 0 0 0 0 0 0 0 0 0 0 0 0 0 0 0 0 0 0 0 0 0 0 0 0 0 0 0 0 0 0 0 0 0 0 0 0 0 0 0 0 0 0 0 0 0 0 0 0 0 0 0 0 0 0 0 0 0 0 0 0 0 0 0 0 0 0 0 0 0 0 0 0 0 0 0 0 0 0 0 0 0 0 0 0 0 0 0 0 0 0 0 0 0 0 0 0 0 0 0 0 0 0 0 0 0 0 0 0 0 0 0 0 0 0 0 0 0 0 0 0 0 0 0 0 0 0 0 0 0 0 0 0 0 0 0 0 0 0 0 0 0 0 0 0 0 0 0 0 0 0 0 0 0 0 0 0 0 0 0 0 0 0 0 0 0 0 0 0 0 0 0 0 0 0 0 0 0 0 0 0 0 0 0 0 0 0 0 0 0 0 0 0 0 0 0 0 0 0 0 0 0 0 0 0 0 0 0 0 
0 0 0 0 0 0 0 0 0 0 0 0 0 0 0 0 0 0 0 0 0 0 0 0 0 0 0 0 0 0 0 0 0 0 0 0 0 0 0 0 0 0 0 0 0 0 0 0 0 0 0 0 0 0 0 0 0 0 0 0 0 0 0 0 0 0 0 0 0 0 0 0 0 0 0 0 0 0 0 0 0 0 0 0 0 0 0 0 0 0 0 0 0 0 0 0 0 0 0 0 0 0 0 0 0 0 0 0 0 0 0 0 0 0 0 0 0 0 0 0 0 0 0 0 0 0 0 0 0 0 0 0 0 0 0 0 0 0 0 0 0 0 0 0 0 0 0 0 0 0 0 0 0 0 0 0 0 0 0 0 0 0 0 0 0 0 0 0 0 0 0 0 0 0 0 0 0 0 0 0 0 0 0 0 0 0 0 0 0 0 0 0 0 0 0 0 0 0 0 0 0 0 0 0 0 0 0 0 0 0 0 0 0 0 0 0 0 0 0 0 0 0 0 0 0 0 0 0 0 0 0 0 0 0 0 0 0 0 0 0 0 0 0 0 0 0 0 0 0 0 0 0 0 0 0 0 0 0 0 0 0 0 0 0 0 0 0 0 0 0 0 0 0 0 0 0 0 0 0 0 0 0 
0 0.00384566 0.00378202 0.00383127 0.00382457 0.00401139 0.00402767 0.00435981 0.00830047 0.00809559 0.00893538 0.0103698 0.0112242 0.00916973 0.0130337 0.0111874 0.0200318 0.88151 0.0127412 0.00973885 0.00987126 0.0097403 0.0108501 0.0103669 0.00910624 0.00879949 0.0121714 0.00944512 0.00868319 0.00851552 0.00825354 0.00838305 0.00814098 0.00953814 0.0104838 0.00992068 0.0106717 0.00915486 0.0100816 0.00918999 0.0087378 0.0103512 0.0089987 0.00796334 0.00784354 0.00816919 0.00796067 0.00794049 0.00803637 0.00796423 0.00825514 0.00815828 0.00808342 0.0080657 0.00822961 0.00814903 0.00818309 0.0081985 0.00815547 0.00824256 
0.00384566 0 0.00380187 0.00376902 0.00379655 0.0038103 0.00386952 0.00525762 0.00439833 0.00680718 0.0109255 0.0104081 0.0126317 0.0151356 0.0190438 0.0367895 0.900651 0.0209314 0.0103438 0.0281894 0.0154683 0.0207617 0.0174013 0.0215951 0.0119906 0.0163873 0.00945186 0.00940156 0.0106591 0.0113592 0.0104433 0.0105845 0.00920563 0.00897823 0.00974677 0.0157054 0.019855 0.0173669 0.0190903 0.0128818 0.0115252 0.00883858 0.00835323 0.0079279 0.00793827 0.00806796 0.00794046 0.00825653 0.00814352 0.008213 0.00801363 0.00794313 0.00867507 0.0084763 0.00875253 0.00869121 0.00888297 0.00847635 0.00864599 0.00824774 
0.00378202 0.00380187 0 0.00376166 0.00377267 0.0037877 0.00377344 0.00383635 0.00399962 0.00617143 0.0084128 0.0131564 0.0145256 0.0118212 0.0511952 0.86789 0.0233096 0.0111241 0.0116932 0.0129964 0.0397098 0.0289567 0.0282762 0.0237638 0.0353085 0.0102968 0.00913948 0.00912772 0.00999926 0.0147818 0.0159779 0.0125534 0.00933169 0.00865735 0.00890593 0.0157722 0.0347138 0.0371376 0.0331029 0.0257476 0.0101994 0.00875533 0.00806182 0.0079474 0.0079284 0.00811377 0.00804506 0.00820081 0.00820643 0.00812063 0.00802021 0.00803348 0.00852418 0.00853389 0.00872297 0.00895866 0.00891959 0.00878774 0.00871835 0.00833819 
0.00383127 0.00376902 0.00376166 0 0.00376406 0.0037736 0.00378628 0.0038146 0.00388643 0.0060374 0.00925091 0.0143328 0.0134442 0.0396062 0.907655 0.0368852 0.0126726 0.0111128 0.00963398 0.0184951 0.0204138 0.0371347 0.0237293 0.0559454 0.0147441 0.0113037 0.00884826 0.00932755 0.00995507 0.0149749 0.0131684 0.0127706 0.00899451 0.00863845 0.00949621 0.0129359 0.0410936 0.0334972 0.0468983 0.0197423 0.0107713 0.00885745 0.00816949 0.00810171 0.00803076 0.00813232 0.00802743 0.00832674 0.00817346 0.00821338 0.00805923 0.00808447 0.0086161 0.00855386 0.00928174 0.00888692 0.0091771 0.00874874 0.00889506 0.00836156 
0.00382457 0.00379655 0.00377267 0.00376406 0 0.00376643 0.0037953 0.00379884 0.00382111 0.00586335 0.00781165 0.0125777 0.0346942 0.882679 0.0392895 0.0101943 0.0119541 0.0089174 0.0126645 0.0111338 0.0278067 0.0227264 0.0423538 0.0179176 0.0241379 0.00917305 0.0089689 0.0091469 0.00993167 0.0126194 0.0142402 0.0108926 0.00857791 0.00843564 0.00881393 0.0141397 0.0265021 0.0312437 0.0285385 0.0193082 0.00942939 0.00859571 0.00807911 0.00795703 0.0079258 0.0080183 0.00804508 0.00818256 0.00819237 0.00813864 0.00802506 0.00813405 0.00842665 0.0084782 0.00856842 0.00862177 0.00858295 0.00871772 0.00846526 0.00826506 
0.00401139 0.0038103 0.0037877 0.0037736 0.00376643 0 0.0037497 0.00381911 0.00375891 0.00467021 0.00704981 0.0235249 0.945006 0.0387519 0.00871366 0.0141801 0.00757329 0.00932053 0.00901767 0.0180792 0.0120558 0.0304116 0.0147248 0.0221065 0.00974575 0.0119441 0.00830506 0.00906354 0.00919927 0.0125246 0.00950299 0.0112439 0.00833731 0.00843606 0.00988039 0.0102123 0.0247132 0.0166798 0.0231111 0.0118444 0.0096523 0.00845464 0.00814492 0.00797224 0.00790732 0.00802811 0.00796177 0.00817314 0.00800492 0.00805299 0.00797433 0.00796343 0.00870031 0.00827931 0.00877509 0.00843218 0.00864316 0.00832726 0.0084337 0.00810194 
0.00402767 0.00386952 0.00377344 0.00378628 0.0037953 0.0037497 0 0.00377061 0.00378139 0.00446091 0.00827458 0.961491 0.022589 0.00704225 0.0118466 0.00686919 0.0111888 0.00682924 0.010918 0.00916717 0.0195909 0.0106492 0.0127372 0.00948754 0.013203 0.00838786 0.00856081 0.00852943 0.0086352 0.00891837 0.00931019 0.00867996 0.00827011 0.0080683 0.00845536 0.0103606 0.0112411 0.0133368 0.0106403 0.0114753 0.00847053 0.00826482 0.00792021 0.00788075 0.00792705 0.00792565 0.00803633 0.00805223 0.00800457 0.00796811 0.0079623 0.00816166 0.00821666 0.00820303 0.00830847 0.00825854 0.00818766 0.00824076 0.00820197 0.00805701 
0.00435981 0.00525762 0.00383635 0.0038146 0.00379884 0.00381911 0.00377061 0 0.00389521 0.00643576 0.99116 0.00890815 0.00554713 0.00776375 0.00634437 0.0085838 0.00646736 0.00716858 0.00896234 0.0150034 0.00868463 0.00937073 0.00900619 0.00941119 0.00849523 0.00915052 0.00813526 0.00914433 0.00857072 0.00873163 0.00814332 0.00857195 0.00815327 0.00805741 0.00893103 0.00907995 0.00943899 0.00917343 0.00999712 0.00850257 0.00854994 0.00809186 0.00802621 0.00788405 0.00781159 0.00790084 0.00784706 0.00797144 0.00793683 0.00785766 0.00786023 0.00795165 0.00827113 0.00801304 0.00818239 0.00813713 0.00815257 0.00811854 0.00811775 0.00792173 
0.00830047 0.00439833 0.00399962 0.00388643 0.00382111 0.00375891 0.00378139 0.00389521 0 0.996105 0.00739642 0.00418184 0.00440325 0.00456157 0.00654025 0.00589872 0.00628448 0.00714466 0.0187724 0.00843122 0.00842783 0.00842023 0.00849577 0.00833823 0.00855684 0.00810665 0.00948402 0.0101006 0.00846345 0.00816175 0.00814194 0.00801548 0.00798311 0.00823859 0.0095458 0.00840249 0.0083761 0.00859226 0.00845275 0.00826629 0.00809913 0.00847558 0.00872402 0.00817038 0.0080207 0.00796689 0.0079966 0.0078739 0.00790734 0.00782425 0.00790045 0.0082867 0.00799974 0.00796744 0.0079372 0.00799245 0.00794722 0.00793993 0.0079463 0.0079442 
0.00809559 0.00680718 0.00617143 0.0060374 0.00586335 0.00467021 0.00446091 0.00643576 0.996105 0 0.00381569 0.00376114 0.0037842 0.003822 0.003902 0.003981 0.00424937 0.00777439 0.0277999 0.0122057 0.00937981 0.0092496 0.0100195 0.00989015 0.00877811 0.00983047 0.0129176 0.00992162 0.00859599 0.00839005 0.00821758 0.00826714 0.00828258 0.0107807 0.0104958 0.00896485 0.00924791 0.00877444 0.0091535 0.00889661 0.00895531 0.00991199 0.00953892 0.0081657 0.00786498 0.008073 0.00804061 0.00787541 0.00790337 0.00794216 0.00822433 0.00835022 0.00815032 0.00807303 0.00808972 0.00810471 0.00815305 0.00803814 0.00837428 0.00827791 
0.00893538 0.0109255 0.0084128 0.00925091 0.00781165 0.00704981 0.00827458 0.99116 0.00739642 0.00381569 0 0.00380597 0.00376728 0.0038024 0.00386135 0.0038603 0.00416713 0.00490563 0.0256153 0.0255925 0.017294 0.0199578 0.0154135 0.0171965 0.0196898 0.0242137 0.00997379 0.0102205 0.0110479 0.0107302 0.00996149 0.00936902 0.0096495 0.00896237 0.00984264 0.0211922 0.0170661 0.0180106 0.0151278 0.0139738 0.0108229 0.00899126 0.00847501 0.00797513 0.00788713 0.00812936 0.00795487 0.00819062 0.00816712 0.00814334 0.00806276 0.00804263 0.00835656 0.00832842 0.00850359 0.00851956 0.00852198 0.00847378 0.00845625 0.00826326 
0.0103698 0.0104081 0.0131564 0.0143328 0.0125777 0.0235249 0.961491 0.00890815 0.00418184 0.00376114 0.00380597 0 0.00377829 0.00380347 0.00384602 0.00373704 0.00393303 0.0040856 0.0414798 0.0364659 0.0454384 0.0462512 0.0399056 0.0515936 0.0504519 0.0144827 0.00995318 0.0101355 0.0138087 0.0200527 0.0166128 0.0173105 0.00922477 0.00890877 0.0108009 0.0193963 0.0729334 0.0488996 0.0657449 0.0303097 0.0128991 0.00900536 0.00829316 0.00801502 0.00800188 0.00810357 0.0080946 0.00824949 0.00822705 0.0082197 0.00801644 0.00813751 0.00870028 0.0087276 0.009349 0.00912824 0.00951051 0.00890666 0.00904925 0.00842623 
0.0112242 0.0126317 0.0145256 0.0134442 0.0346942 0.945006 0.022589 0.00554713 0.00440325 0.0037842 0.00376728 0.00377829 0 0.00377486 0.00371039 0.00379285 0.00379439 0.00387154 0.0275182 0.0260697 0.0481737 0.0509157 0.0607227 0.0927451 0.0404376 0.0115905 0.00979194 0.0099995 0.0128731 0.0194198 0.0254666 0.013325 0.0112139 0.00896764 0.00977853 0.0246752 0.0510403 0.0711486 0.0542781 0.0426914 0.0115476 0.00958728 0.00843259 0.00806124 0.00797195 0.00817452 0.00801737 0.00830407 0.00833002 0.00823686 0.00805686 0.00819976 0.00862996 0.00879997 0.00932253 0.00920382 0.00950884 0.00894547 0.00890209 0.00838542 
0.00916973 0.0151356 0.0118212 0.0396062 0.882679 0.0387519 0.00704225 0.00776375 0.00456157 0.003822 0.0038024 0.00380347 0.00377486 0 0.00377525 0.00376454 0.00379221 0.00381509 0.0167112 0.0671749 0.0331724 0.0758467 0.077874 0.055558 0.0190904 0.0191376 0.00897524 0.0103401 0.0121717 0.0317563 0.012566 0.0251414 0.00916944 0.00929698 0.0110711 0.0166456 0.0770105 0.0546085 0.0940465 0.0245666 0.016753 0.00901211 0.00843955 0.00807403 0.00798669 0.00816858 0.00804209 0.00840128 0.00828954 0.00833364 0.00806778 0.00806151 0.00890271 0.00895151 0.00966014 0.00924772 0.0098014 0.00891277 0.00936264 0.00836174 
0.0130337 0.0190438 0.0511952 0.907655 0.0392895 0.00871366 0.0118466 0.00634437 0.00654025 0.003902 0.00386135 0.00384602 0.00371039 0.00377525 0 0.0037515 0.00375216 0.00377203 0.0580853 0.0176534 0.096415 0.0757264 0.044672 0.0282104 0.0454126 0.0094952 0.0126348 0.00990643 0.0136489 0.0152989 0.0360048 0.0112598 0.0131249 0.00861006 0.009009 0.0300561 0.0399291 0.0805182 0.0412675 0.0475072 0.010107 0.00950816 0.00841246 0.00810452 0.0080694 0.00816714 0.00821067 0.00820912 0.00839082 0.00821624 0.00818093 0.00859131 0.0085089 0.00904911 0.0092828 0.00914019 0.00909121 0.00917555 0.00871764 0.00842201 
0.0111874 0.0367895 0.86789 0.0368852 0.0101943 0.0141801 0.00686919 0.0085838 0.00589872 0.003981 0.0038603 0.00373704 0.00379285 0.00376454 0.0037515 0 0.00376366 0.00375416 0.0118246 0.152351 0.0259657 0.0676646 0.0313134 0.0450603 0.0119894 0.0224432 0.00869703 0.0104234 0.0106904 0.03176 0.0102253 0.0263335 0.00885691 0.00890402 0.0111977 0.0138783 0.0763144 0.0351442 0.061224 0.0175864 0.0152504 0.00866244 0.00826183 0.00800563 0.0078693 0.00808494 0.00793447 0.00827648 0.00809478 0.00817547 0.00797306 0.0079433 0.00889845 0.00840493 0.00905752 0.00886385 0.00937565 0.008637 0.00905554 0.00820853 
0.0200318 0.900651 0.0233096 0.0126726 0.0119541 0.00757329 0.0111888 0.00646736 0.00628448 0.00424937 0.00416713 0.00393303 0.00379439 0.00379221 0.00375216 0.00376366 0 0.00396464 0.0291691 0.0142907 0.0584525 0.0216906 0.0196814 0.0133476 0.0307399 0.0102732 0.0136094 0.00993439 0.0106103 0.01004 0.0156952 0.00914038 0.0129602 0.00875925 0.00986389 0.0233818 0.0137402 0.0187168 0.0141184 0.0179147 0.00942036 0.00987281 0.00838734 0.0080567 0.0078985 0.00809343 0.00798843 0.00812326 0.00817047 0.00807098 0.00806711 0.00818929 0.00826909 0.00836737 0.00853136 0.00846595 0.00839098 0.00848683 0.00825746 0.00809996 
0.88151 0.0209314 0.0111241 0.0111128 0.0089174 0.00932053 0.00682924 0.00716858 0.00714466 0.00777439 0.00490563 0.0040856 0.00387154 0.00381509 0.00377203 0.00375416 0.00396464 0 0.0119588 0.020449 0.0143177 0.0184304 0.02294 0.0213187 0.0104014 0.0205454 0.0182766 0.0126983 0.00999545 0.0108571 0.00883051 0.010697 0.00866838 0.0128355 0.0147154 0.00916906 0.0129293 0.0103994 0.0126869 0.0094674 0.0105403 0.00951108 0.0100346 0.00854565 0.00798905 0.00808138 0.00800367 0.00798636 0.00796066 0.0079409 0.00800069 0.00823232 0.00827939 0.00800962 0.00822315 0.00837063 0.00825985 0.00820592 0.0082642 0.00802843 
0.0127412 0.0103438 0.0116932 0.00963398 0.0126645 0.00901767 0.010918 0.00896234 0.0187724 0.0277999 0.0256153 0.0414798 0.0275182 0.0167112 0.0580853 0.0118246 0.0291691 0.0119588 0 0.00395808 0.00382223 0.0038732 0.00388357 0.00407086 0.00970043 0.00434186 0.0221795 0.0093126 0.00760435 0.00737678 0.00970028 0.00711147 0.0265739 0.0136516 0.0156869 0.0281393 0.0155472 0.0135547 0.0117325 0.0201596 0.00985622 0.0261831 0.0159841 0.00926422 0.00881979 0.00832588 0.00943237 0.00784083 0.00819137 0.00799436 0.0122388 0.011585 0.00789633 0.00928193 0.00827698 0.00863044 0.00839289 0.00933036 0.00810162 0.0123274 
0.00973885 0.0281894 0.0129964 0.0184951 0.0111338 0.0180792 0.00916717 0.0150034 0.00843122 0.0122057 0.0255925 0.0364659 0.0260697 0.0671749 0.0176534 0.152351 0.0142907 0.020449 0.00395808 0 0.00375159 0.00376188 0.00383352 0.00394276 0.00393558 0.00759446 0.00409676 0.00646811 0.00782933 0.00834993 0.00692202 0.0260274 0.00940819 0.0676715 0.0221589 0.0210656 0.0253649 0.0158518 0.0216738 0.0110334 0.0315078 0.00987731 0.0114641 0.00836055 0.00797457 0.00865364 0.00791402 0.00904568 0.0081049 0.00916697 0.0080459 0.00795222 0.0119423 0.00830653 0.0102018 0.00911298 0.0105313 0.00846638 0.0157072 0.00821583 
0.00987126 0.0154683 0.0397098 0.0204138 0.0278067 0.0120558 0.0195909 0.00868463 0.00842783 0.00937981 0.017294 0.0454384 0.0481737 0.0331724 0.096415 0.0259657 0.0584525 0.0143177 0.00382223 0.00375159 0 0.00374914 0.00375143 0.0038176 0.00422036 0.00387538 0.00418132 0.00705925 0.00764964 0.00751586 0.011938 0.00840027 0.0687573 0.050195 0.0125823 0.0201463 0.032977 0.0253501 0.0195965 0.026902 0.0119561 0.0100923 0.00929483 0.008397 0.00799127 0.00818793 0.00818569 0.00799168 0.00875909 0.00809875 0.00820786 0.00884403 0.00845093 0.0107889 0.0095029 0.0127234 0.0101074 0.0136444 0.00877182 0.00850271 
0.0097403 0.0207617 0.0289567 0.0371347 0.0227264 0.0304116 0.0106492 0.00937073 0.00842023 0.0092496 0.0199578 0.0462512 0.0509157 0.0758467 0.0757264 0.0676646 0.0216906 0.0184304 0.0038732 0.00376188 0.00374914 0 0.00378656 0.00377219 0.00382316 0.00378071 0.00394079 0.00634195 0.00708719 0.0155036 0.00893846 0.0551886 0.0725674 0.143717 0.0112091 0.0154542 0.0340303 0.0253999 0.0334656 0.0310927 0.0152152 0.0102712 0.00998161 0.00859125 0.00808783 0.00835691 0.0082068 0.00848676 0.00846643 0.00864288 0.00815898 0.0086278 0.00976632 0.00970817 0.0137682 0.0115324 0.0180578 0.0100194 0.0104298 0.00842771 
0.0108501 0.0174013 0.0282762 0.0237293 0.0423538 0.0147248 0.0127372 0.00900619 0.00849577 0.0100195 0.0154135 0.0399056 0.0607227 0.077874 0.044672 0.0313134 0.0196814 0.02294 0.00388357 0.00383352 0.00375143 0.00378656 0 0.00378485 0.003763 0.00378168 0.00407828 0.00572286 0.0177895 0.00804259 0.0438627 0.105809 0.204147 0.00887991 0.0117952 0.0136321 0.0197667 0.0312051 0.0271355 0.0222375 0.0112549 0.0100596 0.0106693 0.00866157 0.00817933 0.00835945 0.00821349 0.0083582 0.00867245 0.00852672 0.00826007 0.00871164 0.00931635 0.00983765 0.0108697 0.0142617 0.0120343 0.0107534 0.00958222 0.00832898 
0.0103669 0.0215951 0.0237638 0.0559454 0.0179176 0.0221065 0.00948754 0.00941119 0.00833823 0.00989015 0.0171965 0.0515936 0.0927451 0.055558 0.0282104 0.0450603 0.0133476 0.0213187 0.00407086 0.00394276 0.0038176 0.00377219 0.00378485 0 0.00376354 0.00380303 0.0037576 0.00534583 0.00629236 0.0332804 0.0391035 0.318516 0.00735608 0.00753274 0.0102176 0.0115691 0.0282414 0.0193793 0.0286233 0.0156811 0.0153923 0.00933367 0.00968847 0.00897404 0.00815524 0.0084296 0.00815264 0.00877212 0.0083028 0.00863901 0.00815796 0.00826899 0.0123688 0.00949972 0.0155622 0.0114473 0.0145103 0.00967286 0.0112647 0.00831845 
0.00910624 0.0119906 0.0353085 0.0147441 0.0241379 0.00974575 0.013203 0.00849523 0.00855684 0.00877811 0.0196898 0.0504519 0.0404376 0.0190904 0.0454126 0.0119894 0.0307399 0.0104014 0.00970043 0.00393558 0.00422036 0.00382316 0.003763 0.00376354 0 0.00375219 0.00389406 0.00460252 0.019056 0.0539732 0.328151 0.00777876 0.0101293 0.00605197 0.00788234 0.015565 0.0152164 0.0200476 0.0143297 0.0227406 0.00942375 0.0101487 0.0090839 0.00832748 0.00823387 0.00815992 0.00842331 0.00811546 0.00908246 0.00812288 0.00835055 0.00991201 0.00826377 0.0127454 0.00950541 0.0118589 0.00964028 0.0122993 0.0086027 0.00874139 
0.00879949 0.0163873 0.0102968 0.0113037 0.00917305 0.0119441 0.00838786 0.00915052 0.00810665 0.00983047 0.0242137 0.0144827 0.0115905 0.0191376 0.0094952 0.0224432 0.0102732 0.0205454 0.00434186 0.00759446 0.00387538 0.00378071 0.00378168 0.00380303 0.00375219 0 0.00375157 0.00886779 0.0844171 0.130374 0.00495738 0.024888 0.00576539 0.00687503 0.0122358 0.0102502 0.0157614 0.010915 0.0142906 0.00952388 0.0258171 0.00919663 0.0102816 0.00864892 0.00802929 0.00849474 0.00796645 0.00967023 0.00807511 0.0085184 0.00800509 0.00797174 0.0124555 0.00832486 0.00977919 0.00872814 0.00997935 0.00834553 0.0108056 0.00808894 
0.0121714 0.00945186 0.00913948 0.00884826 0.0089689 0.00830506 0.00856081 0.00813526 0.00948402 0.0129176 0.00997379 0.00995318 0.00979194 0.00897524 0.0126348 0.00869703 0.0136094 0.0182766 0.0221795 0.00409676 0.00418132 0.00394079 0.00407828 0.0037576 0.00389406 0.00375157 0 0.312473 0.00655859 0.00430981 0.00489321 0.00443695 0.00597806 0.00555685 0.0114071 0.0108016 0.00866922 0.00935701 0.00967992 0.0119798 0.00980259 0.0557627 0.0144994 0.0104063 0.00910783 0.00821789 0.010715 0.00790043 0.00822372 0.00788584 0.00900926 0.0120438 0.00798966 0.00897779 0.00819429 0.00847198 0.00818584 0.00838111 0.00802186 0.00890984 
0.00944512 0.00940156 0.00912772 0.00932755 0.0091469 0.00906354 0.00852943 0.00914433 0.0101006 0.00992162 0.0102205 0.0101355 0.0099995 0.0103401 0.00990643 0.0104234 0.00993439 0.0126983 0.0093126 0.00646811 0.00705925 0.00634195 0.00572286 0.00534583 0.00460252 0.00886779 0.312473 0 0.00421469 0.00377637 0.00378255 0.00450732 0.00408325 0.00642404 0.00868704 0.00767815 0.00813219 0.00886863 0.0130586 0.0328373 0.63447 0.0453003 0.0130864 0.00916093 0.00856341 0.0088918 0.00834069 0.00803856 0.00797472 0.00812862 0.0100105 0.00966226 0.00827349 0.00838984 0.00838426 0.00827796 0.008773 0.00830402 0.00882452 0.00939247 
0.00868319 0.0106591 0.00999926 0.00995507 0.00993167 0.00919927 0.0086352 0.00857072 0.00846345 0.00859599 0.0110479 0.0138087 0.0128731 0.0121717 0.0136489 0.0106904 0.0106103 0.00999545 0.00760435 0.00782933 0.00764964 0.00708719 0.0177895 0.00629236 0.019056 0.0844171 0.00655859 0.00421469 0 0.00377568 0.00387883 0.00375859 0.00383719 0.00378938 0.00612172 0.00867869 0.00845779 0.00945213 0.0173853 0.793267 0.0382867 0.00912697 0.0117705 0.00858293 0.00806664 0.00827844 0.00794005 0.00809694 0.00822284 0.0081404 0.00824813 0.0082309 0.00867883 0.00841078 0.00874239 0.00896616 0.00882811 0.00868429 0.0087384 0.00828883 
0.00851552 0.0113592 0.0147818 0.0149749 0.0126194 0.0125246 0.00891837 0.00873163 0.00816175 0.00839005 0.0107302 0.0200527 0.0194198 0.0317563 0.0152989 0.03176 0.01004 0.0108571 0.00737678 0.00834993 0.00751586 0.0155036 0.00804259 0.0332804 0.0539732 0.130374 0.00430981 0.00377637 0.00377568 0 0.0037468 0.00375452 0.00377329 0.00374119 0.00530397 0.00674329 0.010463 0.0234916 0.896532 0.0305222 0.0123477 0.00857413 0.00928144 0.00840872 0.00805356 0.00836812 0.00800367 0.00841083 0.00815468 0.00846883 0.00801037 0.00807672 0.00908724 0.00848348 0.0105877 0.0103363 0.0111053 0.00939596 0.00947694 0.00840845 
0.00825354 0.0104433 0.0159779 0.0131684 0.0142402 0.00950299 0.00931019 0.00814332 0.00814194 0.00821758 0.00996149 0.0166128 0.0254666 0.012566 0.0360048 0.0102253 0.0156952 0.00883051 0.00970028 0.00692202 0.011938 0.00893846 0.0438627 0.0391035 0.328151 0.00495738 0.00489321 0.00378255 0.00387883 0.0037468 0 0.00375244 0.00379407 0.00375882 0.0043302 0.00746049 0.0205956 0.930697 0.0234191 0.0136315 0.00765981 0.0081834 0.00870293 0.00827162 0.00802822 0.00813411 0.00817506 0.0080117 0.00870944 0.00798684 0.00821828 0.00884441 0.00825433 0.0102719 0.00913076 0.0108638 0.0100598 0.010193 0.00838649 0.00830063 
0.00838305 0.0105845 0.0125534 0.0127706 0.0108926 0.0112439 0.00867996 0.00857195 0.00801548 0.00826714 0.00936902 0.0173105 0.013325 0.0251414 0.0112598 0.0263335 0.00914038 0.010697 0.00711147 0.0260274 0.00840027 0.0551886 0.105809 0.318516 0.00777876 0.024888 0.00443695 0.00450732 0.00375859 0.00375452 0.00375244 0 0.00375463 0.00376272 0.00636373 0.0153406 0.975861 0.0198963 0.0127885 0.00864017 0.00965829 0.0074472 0.00918158 0.00839079 0.00793679 0.00834089 0.00797609 0.00863899 0.008152 0.00855015 0.00808061 0.00803486 0.00957372 0.00860051 0.0104386 0.00966539 0.0103582 0.00897184 0.00939789 0.0081331 
0.00814098 0.00920563 0.00933169 0.00899451 0.00857791 0.00833731 0.00827011 0.00815327 0.00798311 0.00828258 0.0096495 0.00922477 0.0112139 0.00916944 0.0131249 0.00885691 0.0129602 0.00866838 0.0265739 0.00940819 0.0687573 0.0725674 0.204147 0.00735608 0.0101293 0.00576539 0.00597806 0.00408325 0.00383719 0.00377329 0.00379407 0.00375463 0 0.0037851 0.00531088 0.948221 0.007314 0.00728968 0.00676705 0.00794063 0.00737527 0.00710517 0.0102385 0.00837404 0.00828553 0.00811952 0.00819685 0.00792673 0.00815878 0.00804339 0.00817915 0.00874329 0.00830369 0.0084994 0.00845883 0.00841112 0.00840337 0.00835126 0.00814397 0.00817899 
0.00953814 0.00897823 0.00865735 0.00863845 0.00843564 0.00843606 0.0080683 0.00805741 0.00823859 0.0107807 0.00896237 0.00890877 0.00896764 0.00929698 0.00861006 0.00890402 0.00875925 0.0128355 0.0136516 0.0676715 0.050195 0.143717 0.00887991 0.00753274 0.00605197 0.00687503 0.00555685 0.00642404 0.00378938 0.00374119 0.00375882 0.00376272 0.0037851 0 0.988352 0.00533686 0.00471447 0.00492149 0.00564596 0.00573285 0.00673369 0.00697421 0.0133685 0.0106536 0.00821972 0.00826349 0.00814913 0.00809425 0.00804494 0.0080201 0.00802746 0.00876148 0.00832933 0.00801075 0.00826646 0.00827569 0.00827224 0.0080942 0.00827612 0.00810307 
0.0104838 0.00974677 0.00890593 0.00949621 0.00881393 0.00988039 0.00845536 0.00893103 0.0095458 0.0104958 0.00984264 0.0108009 0.00977853 0.0110711 0.009009 0.0111977 0.00986389 0.0147154 0.0156869 0.0221589 0.0125823 0.0112091 0.0117952 0.0102176 0.00788234 0.0122358 0.0114071 0.00868704 0.00612172 0.00530397 0.0043302 0.00636373 0.00531088 0.988352 0 0.00389386 0.00379829 0.00380004 0.00385796 0.0039934 0.00421564 0.00690227 0.0216537 0.0104514 0.00855543 0.0104732 0.00836134 0.00851625 0.00803003 0.00841725 0.00968453 0.00890298 0.0108831 0.00829998 0.00889172 0.00863369 0.00934034 0.0084145 0.0106385 0.0092847 
0.00992068 0.0157054 0.0157722 0.0129359 0.0141397 0.0102123 0.0103606 0.00907995 0.00840249 0.00896485 0.0211922 0.0193963 0.0246752 0.0166456 0.0300561 0.0138783 0.0233818 0.00916906 0.0281393 0.0210656 0.0201463 0.0154542 0.0136321 0.0115691 0.015565 0.0102502 0.0108016 0.00767815 0.00867869 0.00674329 0.00746049 0.0153406 0.948221 0.00533686 0.00389386 0 0.00378069 0.00378859 0.0038227 0.00378243 0.00394767 0.00432131 0.0219805 0.00919104 0.00868394 0.00901674 0.00880852 0.00849446 0.00903306 0.00857493 0.00867834 0.00961968 0.009262 0.0109141 0.0107028 0.0132639 0.0122578 0.0122485 0.010757 0.00881245 
0.0106717 0.019855 0.0347138 0.0410936 0.0265021 0.0247132 0.0112411 0.00943899 0.0083761 0.00924791 0.0170661 0.0729334 0.0510403 0.0770105 0.0399291 0.0763144 0.0137402 0.0129293 0.0155472 0.0253649 0.032977 0.0340303 0.0197667 0.0282414 0.0152164 0.0157614 0.00866922 0.00813219 0.00845779 0.010463 0.0205956 0.975861 0.007314 0.00471447 0.00379829 0.00378069 0 0.00383057 0.00384329 0.00379934 0.00384778 0.00405466 0.0127473 0.00911594 0.00835272 0.00910425 0.00855248 0.00942688 0.00946054 0.00942451 0.00841862 0.00873314 0.01206 0.013563 0.0244528 0.0222611 0.0352158 0.0180942 0.0142359 0.00916933 
0.00915486 0.0173669 0.0371376 0.0334972 0.0312437 0.0166798 0.0133368 0.00917343 0.00859226 0.00877444 0.0180106 0.0488996 0.0711486 0.0546085 0.0805182 0.0351442 0.0187168 0.0103994 0.0135547 0.0158518 0.0253501 0.0253999 0.0312051 0.0193793 0.0200476 0.010915 0.00935701 0.00886863 0.00945213 0.0234916 0.930697 0.0198963 0.00728968 0.00492149 0.00380004 0.00378859 0.00383057 0 0.0037984 0.00378799 0.00382869 0.00388166 0.0131127 0.00912039 0.00845252 0.00899438 0.00857183 0.00884406 0.0104049 0.0090128 0.00863249 0.00934939 0.0102824 0.0172114 0.0211636 0.0292814 0.0280092 0.0257903 0.0128274 0.0092388 
0.0100816 0.0190903 0.0331029 0.0468983 0.0285385 0.0231111 0.0106403 0.00999712 0.00845275 0.0091535 0.0151278 0.0657449 0.0542781 0.0940465 0.0412675 0.061224 0.0141184 0.0126869 0.0117325 0.0216738 0.0195965 0.0334656 0.0271355 0.0286233 0.0143297 0.0142906 0.00967992 0.0130586 0.0173853 0.896532 0.0234191 0.0127885 0.00676705 0.00564596 0.00385796 0.0038227 0.00384329 0.0037984 0 0.00379211 0.0038155 0.00379105 0.0163283 0.00973858 0.00845493 0.00915812 0.00855789 0.009374 0.00941396 0.0100517 0.00865898 0.00902158 0.0127839 0.0141892 0.032512 0.0297593 0.039949 0.0169684 0.0148478 0.00942028 
0.00918999 0.0128818 0.0257476 0.0197423 0.0193082 0.0118444 0.0114753 0.00850257 0.00826629 0.00889661 0.0139738 0.0303097 0.0426914 0.0245666 0.0475072 0.0175864 0.0179147 0.0094674 0.0201596 0.0110334 0.026902 0.0310927 0.0222375 0.0156811 0.0227406 0.00952388 0.0119798 0.0328373 0.793267 0.0305222 0.0136315 0.00864017 0.00794063 0.00573285 0.0039934 0.00378243 0.00379934 0.00378799 0.00379211 0 0.00378246 0.00376226 0.0130782 0.0097121 0.00850852 0.00884869 0.00885317 0.00856234 0.00996961 0.00872626 0.00892163 0.00970293 0.00957931 0.0166815 0.0157071 0.031855 0.0163743 0.0188878 0.00985713 0.00883509 
0.0087378 0.0115252 0.0101994 0.0107713 0.00942939 0.0096523 0.00847053 0.00854994 0.00809913 0.00895531 0.0108229 0.0128991 0.0115476 0.016753 0.010107 0.0152504 0.00942036 0.0105403 0.00985622 0.0315078 0.0119561 0.0152152 0.0112549 0.0153923 0.00942375 0.0258171 0.00980259 0.63447 0.0382867 0.0123477 0.00765981 0.00965829 0.00737527 0.00673369 0.00421564 0.00394767 0.00384778 0.00382869 0.0038155 0.00378246 0 0.00381991 0.01565 0.0105886 0.00868612 0.00911344 0.0082856 0.00941837 0.008427 0.00892246 0.00837285 0.00884652 0.0128611 0.00866107 0.0128168 0.00994208 0.0114147 0.00874428 0.0115137 0.00834108 
0.0103512 0.00883858 0.00875533 0.00885745 0.00859571 0.00845464 0.00826482 0.00809186 0.00847558 0.00991199 0.00899126 0.00900536 0.00958728 0.00901211 0.00950816 0.00866244 0.00987281 0.00951108 0.0261831 0.00987731 0.0100923 0.0102712 0.0100596 0.00933367 0.0101487 0.00919663 0.0557627 0.0453003 0.00912697 0.00857413 0.0081834 0.0074472 0.00710517 0.00697421 0.00690227 0.00432131 0.00405466 0.00388166 0.00379105 0.00376226 0.00381991 0 0.0337097 0.0104665 0.00945908 0.00895504 0.010137 0.00821816 0.00839817 0.00822638 0.00917663 0.0109928 0.00833553 0.00847797 0.00852287 0.00896384 0.0085696 0.00885997 0.00824012 0.00913822 
0.0089987 0.00835323 0.00806182 0.00816949 0.00807911 0.00814492 0.00792021 0.00802621 0.00872402 0.00953892 0.00847501 0.00829316 0.00843259 0.00843955 0.00841246 0.00826183 0.00838734 0.0100346 0.0159841 0.0114641 0.00929483 0.00998161 0.0106693 0.00968847 0.0090839 0.0102816 0.0144994 0.0130864 0.0117705 0.00928144 0.00870293 0.00918158 0.0102385 0.0133685 0.0216537 0.0219805 0.0127473 0.0131127 0.0163283 0.0130782 0.01565 0.0337097 0 0.209394 0.0113204 0.0233523 0.010535 0.00847059 0.00844874 0.00942438 0.0139876 0.0127329 0.00898291 0.00847791 0.00858966 0.00861218 0.00863442 0.00849035 0.00904012 0.0110905 
0.00796334 0.0079279 0.0079474 0.00810171 0.00795703 0.00797224 0.00788075 0.00788405 0.00817038 0.0081657 0.00797513 0.00801502 0.00806124 0.00807403 0.00810452 0.00800563 0.0080567 0.00854565 0.00926422 0.00836055 0.008397 0.00859125 0.00866157 0.00897404 0.00832748 0.00864892 0.0104063 0.00916093 0.00858293 0.00840872 0.00827162 0.00839079 0.00837404 0.0106536 0.0104514 0.00919104 0.00911594 0.00912039 0.00973858 0.0097121 0.0105886 0.0104665 0.209394 0 0.0244047 0.00666757 0.00534481 0.00553047 0.00553321 0.00613152 0.00721039 0.0125674 0.0104079 0.00900938 0.00963839 0.00977054 0.00942844 0.00977786 0.0113104 0.0156745 
0.00784354 0.00793827 0.0079284 0.00803076 0.0079258 0.00790732 0.00792705 0.00781159 0.0080207 0.00786498 0.00788713 0.00800188 0.00797195 0.00798669 0.0080694 0.0078693 0.0078985 0.00798905 0.00881979 0.00797457 0.00799127 0.00808783 0.00817933 0.00815524 0.00823387 0.00802929 0.00910783 0.00856341 0.00806664 0.00805356 0.00802822 0.00793679 0.00828553 0.00821972 0.00855543 0.00868394 0.00835272 0.00845252 0.00845493 0.00850852 0.00868612 0.00945908 0.0113204 0.0244047 0 0.00382734 0.00447409 0.012111 0.00497676 0.00424373 0.00971199 0.0193433 0.00834223 0.00956931 0.0083886 0.00904193 0.00852554 0.0093814 0.00925056 0.0184785 
0.00816919 0.00806796 0.00811377 0.00813232 0.0080183 0.00802811 0.00792565 0.00790084 0.00796689 0.008073 0.00812936 0.00810357 0.00817452 0.00816858 0.00816714 0.00808494 0.00809343 0.00808138 0.00832588 0.00865364 0.00818793 0.00835691 0.00835945 0.0084296 0.00815992 0.00849474 0.00821789 0.0088918 0.00827844 0.00836812 0.00813411 0.00834089 0.00811952 0.00826349 0.0104732 0.00901674 0.00910425 0.00899438 0.00915812 0.00884869 0.00911344 0.00895504 0.0233523 0.00666757 0.00382734 0 0.0995733 0.00406702 0.00385471 0.00400986 0.00398122 0.0101117 0.0126429 0.00811834 0.00962866 0.0103867 0.00957441 0.00901574 0.0194798 0.0107282 
0.00796067 0.00794046 0.00804506 0.00802743 0.00804508 0.00796177 0.00803633 0.00784706 0.0079966 0.00804061 0.00795487 0.0080946 0.00801737 0.00804209 0.00821067 0.00793447 0.00798843 0.00800367 0.00943237 0.00791402 0.00818569 0.0082068 0.00821349 0.00815264 0.00842331 0.00796645 0.010715 0.00834069 0.00794005 0.00800367 0.00817506 0.00797609 0.00819685 0.00814913 0.00836134 0.00880852 0.00855248 0.00857183 0.00855789 0.00885317 0.0082856 0.010137 0.010535 0.00534481 0.00447409 0.0995733 0 0.00375045 0.00375456 0.00376739 0.00437372 0.0278731 0.00719483 0.0193707 0.0167562 0.0164729 0.013369 0.0211341 0.00826461 0.037839 
0.00794049 0.00825653 0.00820081 0.00832674 0.00818256 0.00817314 0.00805223 0.00797144 0.0078739 0.00787541 0.00819062 0.00824949 0.00830407 0.00840128 0.00820912 0.00827648 0.00812326 0.00798636 0.00784083 0.00904568 0.00799168 0.00848676 0.0083582 0.00877212 0.00811546 0.00967023 0.00790043 0.00803856 0.00809694 0.00841083 0.0080117 0.00863899 0.00792673 0.00809425 0.00851625 0.00849446 0.00942688 0.00884406 0.009374 0.00856234 0.00941837 0.00821816 0.00847059 0.00553047 0.012111 0.00406702 0.00375045 0 0.00373644 0.00374573 0.00374929 0.00670778 0.0350119 0.00790858 0.0213199 0.00924375 0.0100511 0.00790578 0.0302773 0.00788074 
0.00803637 0.00814352 0.00820643 0.00817346 0.00819237 0.00800492 0.00800457 0.00793683 0.00790734 0.00790337 0.00816712 0.00822705 0.00833002 0.00828954 0.00839082 0.00809478 0.00817047 0.00796066 0.00819137 0.0081049 0.00875909 0.00846643 0.00867245 0.0083028 0.00908246 0.00807511 0.00822372 0.00797472 0.00822284 0.00815468 0.00870944 0.008152 0.00815878 0.00804494 0.00803003 0.00903306 0.00946054 0.0104049 0.00941396 0.00996961 0.008427 0.00839817 0.00844874 0.00553321 0.00497676 0.00385471 0.00375456 0.00373644 0 0.00374384 0.00378254 0.0108746 0.00771458 0.0236034 0.0095007 0.0111971 0.00819067 0.0164435 0.00799119 0.0102731 
0.00796423 0.008213 0.00812063 0.00821338 0.00813864 0.00805299 0.00796811 0.00785766 0.00782425 0.00794216 0.00814334 0.0082197 0.00823686 0.00833364 0.00821624 0.00817547 0.00807098 0.0079409 0.00799436 0.00916697 0.00809875 0.00864288 0.00852672 0.00863901 0.00812288 0.0085184 0.00788584 0.00812862 0.0081404 0.00846883 0.00798684 0.00855015 0.00804339 0.0080201 0.00841725 0.00857493 0.00942451 0.0090128 0.0100517 0.00872626 0.00892246 0.00822638 0.00942438 0.00613152 0.00424373 0.00400986 0.00376739 0.00374573 0.00374384 0 0.00376648 0.00785793 0.0282286 0.00762705 0.0126591 0.00885862 0.0161427 0.00778402 0.0152137 0.00770677 
0.00825514 0.00801363 0.00802021 0.00805923 0.00802506 0.00797433 0.0079623 0.00786023 0.00790045 0.00822433 0.00806276 0.00801644 0.00805686 0.00806778 0.00818093 0.00797306 0.00806711 0.00800069 0.0122388 0.0080459 0.00820786 0.00815898 0.00826007 0.00815796 0.00835055 0.00800509 0.00900926 0.0100105 0.00824813 0.00801037 0.00821828 0.00808061 0.00817915 0.00802746 0.00968453 0.00867834 0.00841862 0.00863249 0.00865898 0.00892163 0.00837285 0.00917663 0.0139876 0.00721039 0.00971199 0.00398122 0.00437372 0.00374929 0.00378254 0.00376648 0 0.0605416 0.00664349 0.0079261 0.00670251 0.0254016 0.00667085 0.00803068 0.00694689 0.0118091 
0.00815828 0.00794313 0.00803348 0.00808447 0.00813405 0.00796343 0.00816166 0.00795165 0.0082867 0.00835022 0.00804263 0.00813751 0.00819976 0.00806151 0.00859131 0.0079433 0.00818929 0.00823232 0.011585 0.00795222 0.00884403 0.0086278 0.00871164 0.00826899 0.00991201 0.00797174 0.0120438 0.00966226 0.0082309 0.00807672 0.00884441 0.00803486 0.00874329 0.00876148 0.00890298 0.00961968 0.00873314 0.00934939 0.00902158 0.00970293 0.00884652 0.0109928 0.0127329 0.0125674 0.0193433 0.0101117 0.0278731 0.00670778 0.0108746 0.00785793 0.0605416 0 0.00389503 0.00422311 0.0038275 0.00404044 0.00395073 0.00579003 0.00440221 0.021808 
0.00808342 0.00867507 0.00852418 0.0086161 0.00842665 0.00870031 0.00821666 0.00827113 0.00799974 0.00815032 0.00835656 0.00870028 0.00862996 0.00890271 0.0085089 0.00889845 0.00826909 0.00827939 0.00789633 0.0119423 0.00845093 0.00976632 0.00931635 0.0123688 0.00826377 0.0124555 0.00798966 0.00827349 0.00867883 0.00908724 0.00825433 0.00957372 0.00830369 0.00832933 0.0108831 0.009262 0.01206 0.0102824 0.0127839 0.00957931 0.0128611 0.00833553 0.00898291 0.0104079 0.00834223 0.0126429 0.00719483 0.0350119 0.00771458 0.0282286 0.00664349 0.00389503 0 0.00380003 0.00379538 0.00385624 0.00393453 0.00392909 0.0120433 0.00465431 
0.0080657 0.0084763 0.00853389 0.00855386 0.0084782 0.00827931 0.00820303 0.00801304 0.00796744 0.00807303 0.00832842 0.0087276 0.00879997 0.00895151 0.00904911 0.00840493 0.00836737 0.00800962 0.00928193 0.00830653 0.0107889 0.00970817 0.00983765 0.00949972 0.0127454 0.00832486 0.00897779 0.00838984 0.00841078 0.00848348 0.0102719 0.00860051 0.0084994 0.00801075 0.00829998 0.0109141 0.013563 0.0172114 0.0141892 0.0166815 0.00866107 0.00847797 0.00847791 0.00900938 0.00956931 0.00811834 0.0193707 0.00790858 0.0236034 0.00762705 0.0079261 0.00422311 0.00380003 0 0.00374949 0.00380718 0.00378911 0.00402725 0.00389583 0.00409867 
0.00822961 0.00875253 0.00872297 0.00928174 0.00856842 0.00877509 0.00830847 0.00818239 0.0079372 0.00808972 0.00850359 0.009349 0.00932253 0.00966014 0.0092828 0.00905752 0.00853136 0.00822315 0.00827698 0.0102018 0.0095029 0.0137682 0.0108697 0.0155622 0.00950541 0.00977919 0.00819429 0.00838426 0.00874239 0.0105877 0.00913076 0.0104386 0.00845883 0.00826646 0.00889172 0.0107028 0.0244528 0.0211636 0.032512 0.0157071 0.0128168 0.00852287 0.00858966 0.00963839 0.0083886 0.00962866 0.0167562 0.0213199 0.0095007 0.0126591 0.00670251 0.0038275 0.00379538 0.00374949 0 0.00377932 0.00377053 0.00377263 0.00382776 0.00390558 
0.00814903 0.00869121 0.00895866 0.00888692 0.00862177 0.00843218 0.00825854 0.00813713 0.00799245 0.00810471 0.00851956 0.00912824 0.00920382 0.00924772 0.00914019 0.00886385 0.00846595 0.00837063 0.00863044 0.00911298 0.0127234 0.0115324 0.0142617 0.0114473 0.0118589 0.00872814 0.00847198 0.00827796 0.00896616 0.0103363 0.0108638 0.00966539 0.00841112 0.00827569 0.00863369 0.0132639 0.0222611 0.0292814 0.0297593 0.031855 0.00994208 0.00896384 0.00861218 0.00977054 0.00904193 0.0103867 0.0164729 0.00924375 0.0111971 0.00885862 0.0254016 0.00404044 0.00385624 0.00380718 0.00377932 0 0.00374999 0.00375737 0.00378286 0.00388262 
0.00818309 0.00888297 0.00891959 0.0091771 0.00858295 0.00864316 0.00818766 0.00815257 0.00794722 0.00815305 0.00852198 0.00951051 0.00950884 0.0098014 0.00909121 0.00937565 0.00839098 0.00825985 0.00839289 0.0105313 0.0101074 0.0180578 0.0120343 0.0145103 0.00964028 0.00997935 0.00818584 0.008773 0.00882811 0.0111053 0.0100598 0.0103582 0.00840337 0.00827224 0.00934034 0.0122578 0.0352158 0.0280092 0.039949 0.0163743 0.0114147 0.0085696 0.00863442 0.00942844 0.00852554 0.00957441 0.013369 0.0100511 0.00819067 0.0161427 0.00667085 0.00395073 0.00393453 0.00378911 0.00377053 0.00374999 0 0.00375767 0.00377135 0.00377608 
0.0081985 0.00847635 0.00878774 0.00874874 0.00871772 0.00832726 0.00824076 0.00811854 0.00793993 0.00803814 0.00847378 0.00890666 0.00894547 0.00891277 0.00917555 0.008637 0.00848683 0.00820592 0.00933036 0.00846638 0.0136444 0.0100194 0.0107534 0.00967286 0.0122993 0.00834553 0.00838111 0.00830402 0.00868429 0.00939596 0.010193 0.00897184 0.00835126 0.0080942 0.0084145 0.0122485 0.0180942 0.0257903 0.0169684 0.0188878 0.00874428 0.00885997 0.00849035 0.00977786 0.0093814 0.00901574 0.0211341 0.00790578 0.0164435 0.00778402 0.00803068 0.00579003 0.00392909 0.00402725 0.00377263 0.00375737 0.00375767 0 0.0037596 0.0037819 
0.00815547 0.00864599 0.00871835 0.00889506 0.00846526 0.0084337 0.00820197 0.00811775 0.0079463 0.00837428 0.00845625 0.00904925 0.00890209 0.00936264 0.00871764 0.00905554 0.00825746 0.0082642 0.00810162 0.0157072 0.00877182 0.0104298 0.00958222 0.0112647 0.0086027 0.0108056 0.00802186 0.00882452 0.0087384 0.00947694 0.00838649 0.00939789 0.00814397 0.00827612 0.0106385 0.010757 0.0142359 0.0128274 0.0148478 0.00985713 0.0115137 0.00824012 0.00904012 0.0113104 0.00925056 0.0194798 0.00826461 0.0302773 0.00799119 0.0152137 0.00694689 0.00440221 0.0120433 0.00389583 0.00382776 0.00378286 0.00377135 0.0037596 0 0.00376516 
0.00824256 0.00824774 0.00833819 0.00836156 0.00826506 0.00810194 0.00805701 0.00792173 0.0079442 0.00827791 0.00826326 0.00842623 0.00838542 0.00836174 0.00842201 0.00820853 0.00809996 0.00802843 0.0123274 0.00821583 0.00850271 0.00842771 0.00832898 0.00831845 0.00874139 0.00808894 0.00890984 0.00939247 0.00828883 0.00840845 0.00830063 0.0081331 0.00817899 0.00810307 0.0092847 0.00881245 0.00916933 0.0092388 0.00942028 0.00883509 0.00834108 0.00913822 0.0110905 0.0156745 0.0184785 0.0107282 0.037839 0.00788074 0.0102731 0.00770677 0.0118091 0.021808 0.00465431 0.00409867 0.00390558 0.00388262 0.00377608 0.0037819 0.00376516 0 
