1EL6A
SRLADFLGFRPKTGDIDVMNRQSVGSVTISQLAKGFYEPNIESAINDVHNFSIKDVGTIITNKTGVSPEGVSQTDYWAFSGTVTDDSLPPGSPITVLVFGLPVSATTGMTAIEFVAKVRVALQEAIASFTAINSYKDHPTDGSKLEVTYLDNQKHVLSTYSTYGITISQEIISESKPGYGTWNLLGAQTVTLDNQQTPTVFYHFERTA
CCCHHHCECCCCCCCCCECCCECCCCCCHHHHCCCCCCCEHHHHHHHHHHHHCCCCCEEEEECCCCCCCCECCEEEEEEEEECCCCCCCCCCEEEEEECCEEEEEECCCEHHHHHHHHHHHHHHHHHCCCCEEEEEECCCCCCEEEEEECCCCCCCCCCEEECCEEEEEEEEECCECCCCCEEEEEEEEECCCCCCCCEEEEEEEECC
0 0 0 0 0 0 0 0 0 0 0 0 0 0 0 0 0 0 0 0 0 0 0 0 0 0 0 0 0 0 0 0 0 0 0 0 0 0 0 0 0 0 0 0 0 0 0 0 0 0 0 0 0 0 0 0 0 0 0 0 0 0 0 0 0 0 0 0 0 0 0 0 0 0 0 0 0 0 0 0 0 0 0 0 0 0 0 0 0 0 0 0 0 0 0 0 0 0 0 0 0 0 0 0 0 0 0 0 0 0 0 0 0 0 0 0 0 0 0 0 0 0 0 0 0 0 0 0 0 0 0 0 0 0 0 0 0 0 0 0 0 0 0 0 0 0 0 0 0 0 0 0 0 0 0 0 0 0 0 0 0 0 0 0 0 0 0 0 0 0 0 0 0 0 0 0 0 0 0 0 0 0 0 0 0 0 0 0 0 0 0 0 0 0 0 0 0 0 0 0 0 0 0 0 0 0 0 0 
0 0 0 0 0 0 0 0 0 0 0 0 0 0 0 0 0 0 0 0 0 0 0 0 0 0 0 0 0 0 0 0 0 0 0 0 0 0 0 0 0 0 0 0 0 0 0 0 0 0 0 0 0 0 0 0 0 0 0 0 0 0 0 0 0 0 0 0 0 0 0 0 0 0 0 0 0 0 0 0 0 0 0 0 0 0 0 0 0 0 0 0 0 0 0 0 0 0 0 0 0 0 0 0 0 0 0 0 0 0 0 0 0 0 0 0 0 0 0 0 0 0 0 0 0 0 0 0 0 0 0 0 0 0 0 0 0 0 0 0 0 0 0 0 0 0 0 0 0 0 0 0 0 0 0 0 0 0 0 0 0 0 0 0 0 0 0 0 0 0 0 0 0 0 0 0 0 0 0 0 0 0 0 0 0 0 0 0 0 0 0 0 0 0 0 0 0 0 0 0 0 0 0 0 0 0 0 0 
0 0.101366 0.0288182 0.170973 0.0128532 0.00974797 0.0101235 0.0123917 0.0148525 0.0207584 0.0102157 0.00848141 0.00860964 0.00848333 0.0086504 0.0082293 0.0084561 0.00818373 0.0131893 0.00946022 0.00823825 0.00860065 0.00824476 0.0090436 0.0104751 0.00860521 0.00816262 0.00815506 0.00842793 0.00828032 0.0113078 0.0225908 0.00872408 0.00782067 0.00786174 0.00787851 0.00783947 0.00903059 0.00851442 0.00793311 0.00828312 0.00802002 0.00812057 0.00934612 0.00819393 0.00788433 0.00854225 0.0088648 0.00822154 0.00791765 0.00787326 0.00784334 0.0079538 0.00787672 0.00788331 0.00826281 0.00883576 0.00798372 0.00790013 0.00793691 0.00789891 0.00789027 0.00785134 0.00784414 0.0079547 0.00839079 0.00827446 0.00793017 0.00795112 0.00789507 0.00792757 0.00787858 0.0079521 0.00829581 
0.101366 0 0.887635 0.051877 0.0193076 0.0108633 0.0110632 0.0130762 0.0159286 0.0210496 0.0120435 0.00863751 0.00878082 0.00877689 0.00860716 0.00829357 0.00833986 0.00828621 0.0112432 0.00995661 0.0102224 0.0091062 0.00892892 0.00940866 0.0112035 0.00880776 0.00834188 0.00828485 0.00834381 0.00848692 0.00994212 0.0235384 0.00911079 0.00788494 0.00789116 0.00790329 0.00786336 0.00828233 0.00886697 0.00811051 0.00838536 0.00803325 0.00809496 0.00880543 0.00823853 0.00793439 0.00818061 0.0090192 0.00845635 0.00797399 0.00787964 0.00784011 0.00799834 0.00791308 0.00788404 0.00810325 0.0084143 0.00818837 0.00793325 0.00796179 0.00798742 0.00798939 0.00795258 0.00794592 0.00791589 0.00826465 0.00850933 0.00799104 0.00794956 0.00796515 0.00797048 0.0079713 0.00793898 0.00833007 
0.0288182 0.887635 0 0.0767607 0.0142933 0.0126369 0.00920306 0.0137131 0.0145887 0.0194129 0.0104781 0.00834865 0.00835015 0.0084245 0.00826624 0.00813464 0.00811763 0.00832407 0.0103788 0.009593 0.0101178 0.00827021 0.00909223 0.00858621 0.00984667 0.00897308 0.00803921 0.00827456 0.00801657 0.00829848 0.00929251 0.0171138 0.00911417 0.00785675 0.00786938 0.00790214 0.00782222 0.00806282 0.00879069 0.00802577 0.00796449 0.00791588 0.00805188 0.00862257 0.00862222 0.0078849 0.0081675 0.0098331 0.00818344 0.00787776 0.00787282 0.00792066 0.00793919 0.00782596 0.00782958 0.00798193 0.00861007 0.00828176 0.00788468 0.00789201 0.00793498 0.00792167 0.00786416 0.00788464 0.00785595 0.0086433 0.00849623 0.00798818 0.00786975 0.0079391 0.00792622 0.00791869 0.00790387 0.00817752 
0.170973 0.051877 0.0767607 0 0.0274001 0.0113083 0.00847881 0.00979107 0.0145568 0.0686484 0.0139918 0.0095743 0.00875377 0.00887137 0.0093462 0.00863086 0.00884115 0.00853058 0.018848 0.0197621 0.00925211 0.0105146 0.00856186 0.0102887 0.0112745 0.00995165 0.00946956 0.00841805 0.0101478 0.00846754 0.0136838 0.0846664 0.00982626 0.00799833 0.00795081 0.00789153 0.00795462 0.00865866 0.01101 0.00831967 0.00836638 0.00812383 0.00852968 0.00975676 0.0086872 0.00817502 0.00831356 0.00838943 0.00887243 0.00791814 0.00808317 0.00788602 0.00809246 0.00792027 0.00798853 0.00812195 0.00990446 0.00806582 0.00800026 0.00795068 0.00799171 0.00798232 0.00800894 0.00793595 0.00816976 0.00814236 0.00846457 0.00806969 0.00797634 0.00800619 0.00804948 0.00799744 0.00802575 0.00849367 
0.0128532 0.0193076 0.0142933 0.0274001 0 0.00396285 0.00379067 0.00394287 0.00470111 0.0149044 0.0140558 0.00989573 0.0113488 0.0178791 0.031267 0.0100596 0.0121534 0.00927804 0.0518868 0.0197863 0.0124754 0.0145101 0.0108758 0.0153933 0.019141 0.0114297 0.011661 0.0100751 0.0130726 0.0111493 0.0282303 0.030927 0.0100538 0.00864721 0.00825902 0.0082224 0.00865083 0.0119561 0.00963686 0.00993592 0.0108633 0.00914308 0.0114249 0.0156632 0.00826101 0.00830142 0.00913521 0.00893237 0.00908012 0.00855438 0.00851639 0.00842717 0.00840862 0.00831103 0.00853777 0.009202 0.00841259 0.00811239 0.0081496 0.00824882 0.00820737 0.00858087 0.00843915 0.00832656 0.00905694 0.00943093 0.00848812 0.00829325 0.00842755 0.0088421 0.00863914 0.00849461 0.00880717 0.00987941 
0.00974797 0.0108633 0.0126369 0.0113083 0.00396285 0 0.00382596 0.00380593 0.0039405 0.00807679 0.0144495 0.0147553 0.024001 0.0344225 0.0175763 0.0174442 0.00977493 0.0332516 0.0101796 0.0100829 0.0346966 0.0142642 0.0313321 0.0177045 0.0128841 0.0129865 0.0110097 0.0217453 0.01109 0.0303408 0.0105392 0.0100101 0.0099247 0.00901926 0.00895427 0.00875695 0.00919717 0.00863852 0.00863936 0.0163387 0.0138442 0.0191433 0.013846 0.0104245 0.00822528 0.00835958 0.00825824 0.00912923 0.00898109 0.0114175 0.00938522 0.0096053 0.00894237 0.00876392 0.00865811 0.00829737 0.00795443 0.00825659 0.00834517 0.00863861 0.00923405 0.00979122 0.0094265 0.00926064 0.00881657 0.00869796 0.00831492 0.00837227 0.00921457 0.00930119 0.0089401 0.00925115 0.00934851 0.00863456 
0.0101235 0.0110632 0.00920306 0.00847881 0.00379067 0.00382596 0 0.00377422 0.00386276 0.00721557 0.0115061 0.0220248 0.037585 0.028028 0.0242426 0.0136771 0.018685 0.00924198 0.0109672 0.00949321 0.0169163 0.0351403 0.0392158 0.0250779 0.0157669 0.0106623 0.0119949 0.0249055 0.028311 0.0158854 0.0109388 0.00881942 0.00917713 0.0100511 0.0101497 0.00947788 0.00860923 0.00837719 0.00920431 0.0136193 0.042021 0.0356436 0.0153399 0.0108003 0.00830057 0.00814608 0.00818121 0.00901604 0.0116217 0.0145225 0.0110686 0.0108117 0.0101573 0.0099524 0.00834372 0.00810908 0.00784909 0.00821487 0.0089746 0.0105698 0.0102462 0.0121123 0.0101901 0.0102502 0.00896593 0.00858579 0.00839298 0.0085329 0.00961131 0.00998621 0.00950287 0.0102728 0.00891216 0.00845447 
0.0123917 0.0130762 0.0137131 0.00979107 0.00394287 0.00380593 0.00377422 0 0.00386648 0.0231992 0.0176093 0.0394895 0.0154058 0.0131627 0.0212677 0.0135735 0.00910417 0.0111753 0.0119041 0.0118059 0.013257 0.0183079 0.0134509 0.0366442 0.019985 0.0100976 0.0188351 0.0116844 0.0146307 0.0162545 0.0120732 0.0106481 0.00991731 0.00942838 0.00866678 0.00850455 0.00874362 0.00832093 0.0099025 0.0132064 0.0178517 0.0127287 0.0134636 0.0104159 0.00854244 0.00856435 0.00824111 0.00904401 0.0127987 0.00956776 0.00938662 0.00897245 0.00888965 0.00856391 0.00833168 0.00807371 0.00797158 0.00818092 0.00862024 0.00960145 0.00866543 0.0091127 0.00917702 0.00867018 0.00880979 0.00835846 0.0085269 0.00846462 0.0087033 0.00894686 0.00877097 0.00856464 0.00874314 0.0081069 
0.0148525 0.0159286 0.0145887 0.0145568 0.00470111 0.0039405 0.00386276 0.00386648 0 0.0392853 0.0358057 0.0105272 0.0145748 0.0179053 0.0100312 0.00963345 0.00807133 0.00818264 0.0143573 0.0128603 0.0147649 0.00912947 0.0117656 0.0101394 0.020098 0.0258157 0.00913055 0.0109359 0.0089762 0.0107056 0.0135751 0.0139059 0.0169932 0.00835784 0.00828848 0.00830894 0.00812337 0.00826612 0.0130365 0.0111624 0.00909927 0.00894618 0.00880575 0.0103148 0.0105441 0.00807172 0.00816261 0.0119208 0.00884974 0.00856951 0.00827165 0.008307 0.00820128 0.00811547 0.00804608 0.00832846 0.00830341 0.0094557 0.00824152 0.00840439 0.00821671 0.00835302 0.00820017 0.00823414 0.00812788 0.00826032 0.00980037 0.00813421 0.00816056 0.0082258 0.00814663 0.00820405 0.00830087 0.00798791 
0.0207584 0.0210496 0.0194129 0.0686484 0.0149044 0.00807679 0.00721557 0.0231992 0.0392853 0 0.0247944 0.00402524 0.00404237 0.00390347 0.0045419 0.00467769 0.00504731 0.00547198 0.0125008 0.0137247 0.00853486 0.00971289 0.00830161 0.0101153 0.015304 0.0098956 0.0090187 0.00829187 0.00960258 0.00895259 0.0144902 0.100663 0.0104108 0.00802464 0.0080053 0.0080086 0.00794979 0.00904575 0.0101409 0.00818438 0.00833898 0.00808241 0.00844013 0.0109178 0.00852915 0.00795623 0.00839968 0.00872555 0.00864581 0.00790255 0.00793321 0.0078692 0.00786091 0.00785766 0.00788557 0.00827742 0.00988441 0.00805862 0.00784941 0.00785039 0.00785044 0.00782575 0.00791601 0.00781467 0.00805722 0.00872956 0.00828582 0.00785665 0.00780214 0.00783913 0.00782086 0.00782104 0.00799548 0.00856297 
0.0102157 0.0120435 0.0104781 0.0139918 0.0140558 0.0144495 0.0115061 0.0176093 0.0358057 0.0247944 0 0.0038051 0.00378774 0.00377579 0.0037656 0.00385389 0.00388722 0.00467846 0.00768545 0.0138334 0.00998109 0.00985831 0.0106261 0.0114116 0.0343195 0.0112383 0.00953469 0.0101126 0.00979721 0.0112336 0.0272242 0.0199041 0.0103438 0.00841336 0.00824772 0.00818796 0.00841975 0.0114107 0.00946329 0.00986435 0.00929544 0.00930391 0.0096591 0.0133774 0.00838991 0.00808067 0.00926627 0.00934948 0.00837277 0.00852426 0.0082257 0.00836006 0.00814009 0.00813101 0.00820947 0.00919152 0.00839944 0.00804017 0.00799472 0.00809822 0.00809633 0.00823528 0.00856871 0.00827859 0.00825311 0.00994628 0.00853167 0.00798404 0.00803806 0.00822047 0.00807479 0.00823323 0.00835148 0.00950688 
0.00848141 0.00863751 0.00834865 0.0095743 0.00989573 0.0147553 0.0220248 0.0394895 0.0105272 0.00402524 0.0038051 0 0.00375567 0.00376831 0.00376528 0.00380886 0.00382869 0.00410984 0.0043403 0.00753884 0.010903 0.00980781 0.00973507 0.0144448 0.0107613 0.00910627 0.0104332 0.00994908 0.0111649 0.0134559 0.0103015 0.00928547 0.0087957 0.00900498 0.00868699 0.00853829 0.00891308 0.00828561 0.0086153 0.011115 0.0136116 0.0127596 0.0117964 0.0097277 0.00809935 0.00867455 0.00804652 0.00835072 0.00934156 0.00890221 0.00897207 0.00853582 0.00870523 0.00840061 0.00884911 0.00801024 0.00785751 0.00799112 0.00843486 0.00845447 0.00868269 0.00899327 0.00911535 0.00876178 0.00851681 0.00814071 0.00816211 0.00829935 0.0086529 0.00875141 0.00864122 0.0087922 0.00894327 0.00819504 
0.00860964 0.00878082 0.00835015 0.00875377 0.0113488 0.024001 0.037585 0.0154058 0.0145748 0.00404237 0.00378774 0.00375567 0 0.00374775 0.00374864 0.00376626 0.003812 0.00377257 0.00391636 0.00874124 0.0101056 0.0155767 0.0168805 0.0171203 0.0152695 0.00952893 0.0101718 0.0160707 0.0165523 0.0121777 0.0109515 0.00866643 0.00930416 0.00998462 0.00968059 0.00938683 0.00888395 0.00894134 0.00881669 0.0137879 0.031496 0.0302999 0.0152466 0.0100882 0.008372 0.00817641 0.00822096 0.00886873 0.0103873 0.0138819 0.0126214 0.0116191 0.0135188 0.00996731 0.00853369 0.00820594 0.00793931 0.00839202 0.00878565 0.01067 0.0109225 0.0121749 0.0108323 0.011116 0.00888297 0.00861638 0.00818779 0.00871608 0.00983787 0.0110054 0.00996701 0.0111199 0.00987887 0.00824313 
0.00848333 0.00877689 0.0084245 0.00887137 0.0178791 0.0344225 0.028028 0.0131627 0.0179053 0.00390347 0.00377579 0.00376831 0.00374775 0 0.00384106 0.00379797 0.00375524 0.00373726 0.00394475 0.00761862 0.0144846 0.0107608 0.0255685 0.0159548 0.0521518 0.0102428 0.00926918 0.0224736 0.0108121 0.0192762 0.00944906 0.0090772 0.00947134 0.00970861 0.0106322 0.00930802 0.00913306 0.00861091 0.00892497 0.024068 0.0228841 0.0486943 0.0123289 0.0168351 0.00827629 0.00824268 0.0082493 0.00931694 0.00921923 0.0242469 0.0107282 0.0205609 0.0104707 0.0112131 0.00846748 0.00821183 0.00790886 0.00820371 0.00865074 0.0107947 0.0107908 0.0119027 0.0117405 0.0111996 0.0089894 0.00876134 0.00833621 0.00832721 0.0110441 0.0100851 0.0122416 0.0109377 0.00990554 0.00861533 
0.0086504 0.00860716 0.00826624 0.0093462 0.031267 0.0175763 0.0242426 0.0212677 0.0100312 0.0045419 0.0037656 0.00376528 0.00374864 0.00384106 0 0.00374596 0.00379272 0.00377004 0.00392018 0.00878668 0.00831307 0.0298197 0.0106696 0.0528924 0.0123131 0.00853988 0.0170627 0.0088677 0.0293547 0.00917509 0.0213535 0.00912189 0.00925087 0.0105605 0.00942142 0.00908871 0.00919112 0.00866759 0.00970234 0.0103368 0.0502752 0.0117057 0.0369553 0.00966157 0.0083313 0.00820573 0.00811087 0.00883307 0.013446 0.00990101 0.0272095 0.0107189 0.0122069 0.00866624 0.00844939 0.00819096 0.00793303 0.00825643 0.00885047 0.00920494 0.00954228 0.0124712 0.0100361 0.00911385 0.00951451 0.0082638 0.00823444 0.00874066 0.0087085 0.0125796 0.0101827 0.00957828 0.00926125 0.00819109 
0.0082293 0.00829357 0.00813464 0.00863086 0.0100596 0.0174442 0.0136771 0.0135735 0.00963345 0.00467769 0.00385389 0.00380886 0.00376626 0.00379797 0.00374596 0 0.00375188 0.00369733 0.00379705 0.00708355 0.0203124 0.00888588 0.0828558 0.00960375 0.0130495 0.0109089 0.00807404 0.0263943 0.008255 0.0190066 0.00822848 0.00826081 0.00927359 0.00843548 0.0089487 0.00902024 0.00836144 0.00830664 0.00839964 0.0208048 0.00931661 0.0516528 0.00895309 0.00973554 0.0083185 0.00803878 0.00836474 0.010014 0.00823264 0.0268114 0.00894886 0.0142392 0.00848879 0.00889886 0.00826156 0.00805216 0.00794353 0.00843538 0.00806343 0.0089437 0.00922872 0.00910867 0.00929891 0.00939655 0.00820332 0.00897518 0.00816728 0.00807357 0.0112676 0.00911835 0.00903341 0.00981224 0.00831541 0.00834481 
0.0084561 0.00833986 0.00811763 0.00884115 0.0121534 0.00977493 0.018685 0.00910417 0.00807133 0.00504731 0.00388722 0.00382869 0.003812 0.00375524 0.00379272 0.00375188 0 0.00372114 0.00396223 0.00991842 0.00773699 0.0498008 0.00930567 0.0159527 0.00842452 0.00772096 0.0104294 0.00804326 0.0190646 0.00819546 0.0106798 0.00945593 0.00842802 0.0089258 0.00869471 0.00837317 0.00820269 0.00832229 0.00865901 0.00856102 0.0355723 0.00906047 0.0113221 0.0087171 0.00805634 0.00806737 0.00810144 0.00832675 0.0122095 0.00877142 0.0109191 0.00831509 0.00883705 0.00819423 0.00812822 0.00805343 0.00786342 0.0079642 0.00809784 0.00830789 0.00834512 0.00939818 0.00857919 0.0081501 0.00847723 0.00806989 0.00796124 0.00823233 0.00820792 0.00907023 0.0084886 0.0082234 0.00839194 0.00802575 
0.00818373 0.00828621 0.00832407 0.00853058 0.00927804 0.0332516 0.00924198 0.0111753 0.00818264 0.00547198 0.00467846 0.00410984 0.00377257 0.00373726 0.00377004 0.00369733 0.00372114 0 0.00375781 0.0069582 0.0512914 0.00826312 0.0164026 0.0081278 0.00976774 0.00935503 0.00792682 0.0143336 0.00815096 0.0183273 0.00818363 0.00822436 0.0107934 0.00840223 0.00843334 0.00863942 0.00830955 0.00809792 0.00837416 0.0191265 0.00858744 0.013461 0.00907205 0.00917551 0.00820824 0.0083624 0.00819431 0.0146135 0.00818214 0.0100681 0.00821685 0.00923979 0.00823184 0.0083592 0.00817594 0.00804171 0.00783169 0.00828442 0.00803359 0.00809765 0.00828443 0.00840748 0.00829085 0.00847315 0.00810812 0.00901017 0.00820248 0.0080879 0.00897246 0.00830682 0.00825319 0.00840484 0.00813758 0.00802587 
0.0131893 0.0112432 0.0103788 0.018848 0.0518868 0.0101796 0.0109672 0.0119041 0.0143573 0.0125008 0.00768545 0.0043403 0.00391636 0.00394475 0.00392018 0.00379705 0.00396223 0.00375781 0 0.0859924 0.0076046 0.0134991 0.00802088 0.0108485 0.0136071 0.00906852 0.0104015 0.00822912 0.0138409 0.00858933 0.0273229 0.0531123 0.015998 0.00870881 0.00865498 0.00841159 0.00827031 0.00925015 0.0217825 0.00860873 0.0121456 0.00843851 0.0110955 0.0100895 0.0108749 0.00830612 0.00836519 0.00956415 0.0121349 0.00814172 0.00901776 0.00813305 0.00864889 0.008071 0.0082393 0.00859382 0.00887297 0.00857479 0.00840424 0.00798189 0.00813821 0.00819711 0.00818291 0.00798552 0.00860569 0.00810632 0.00958004 0.00885861 0.00799611 0.00850652 0.00812056 0.0080238 0.00847669 0.00842921 
0.00946022 0.00995661 0.009593 0.0197621 0.0197863 0.0100829 0.00949321 0.0118059 0.0128603 0.0137247 0.0138334 0.00753884 0.00874124 0.00761862 0.00878668 0.00708355 0.00991842 0.0069582 0.0859924 0 0.00378317 0.00430885 0.00375936 0.00421296 0.00636034 0.00453275 0.0111118 0.00557109 0.0111709 0.00948021 0.911495 0.0218259 0.0128096 0.00893116 0.00841827 0.00855945 0.00881215 0.0122461 0.0140965 0.00881718 0.0127941 0.00869229 0.012615 0.0110788 0.00868114 0.00862809 0.00891401 0.00841822 0.0109213 0.00822 0.00901777 0.00803822 0.00922734 0.00800849 0.0082867 0.00887725 0.00887311 0.00805539 0.00811492 0.00800866 0.00802149 0.00818295 0.00813395 0.00800154 0.00890838 0.00844462 0.00834006 0.00840589 0.0079683 0.00823147 0.00799218 0.00814063 0.00824793 0.00872302 
0.00823825 0.0102224 0.0101178 0.00925211 0.0124754 0.0346966 0.0169163 0.013257 0.0147649 0.00853486 0.00998109 0.010903 0.0101056 0.0144846 0.00831307 0.0203124 0.00773699 0.0512914 0.0076046 0.00378317 0 0.00380272 0.0039406 0.00382337 0.00396596 0.00519421 0.00477664 0.010927 0.00635303 0.988481 0.0100977 0.00633885 0.0150643 0.00894965 0.00932568 0.0101626 0.00898026 0.00912762 0.00910077 0.0524677 0.00932556 0.0484044 0.00951485 0.0141827 0.00957467 0.00845387 0.00996111 0.0175568 0.00853113 0.0273012 0.00856387 0.0196542 0.00856231 0.0109672 0.0086263 0.00853432 0.00813681 0.00997272 0.00836241 0.00944211 0.00931979 0.00933903 0.00967922 0.0103938 0.00832654 0.0160339 0.00986892 0.00823914 0.0124898 0.00856639 0.00959763 0.0100502 0.0093588 0.00928891 
0.00860065 0.0091062 0.00827021 0.0105146 0.0145101 0.0142642 0.0351403 0.0183079 0.00912947 0.00971289 0.00985831 0.00980781 0.0155767 0.0107608 0.0298197 0.00888588 0.0498008 0.00826312 0.0134991 0.00430885 0.00380272 0 0.00381976 0.00436183 0.00378788 0.00415667 0.0129452 0.00485227 0.986653 0.00813572 0.0101777 0.008015 0.00982992 0.011974 0.0104329 0.00922006 0.00980376 0.00927649 0.0137026 0.00942853 0.141825 0.00990516 0.0315309 0.00952689 0.00890142 0.00898789 0.00826192 0.00848805 0.0309351 0.00896981 0.0376539 0.00865547 0.0195444 0.0091209 0.00914413 0.00856602 0.00814753 0.00811489 0.0104996 0.00960191 0.0105753 0.0131842 0.0114886 0.00896681 0.0139943 0.00818241 0.00835579 0.0114696 0.00856996 0.0172031 0.0101841 0.00923439 0.0105872 0.00833992 
0.00824476 0.00892892 0.00909223 0.00856186 0.0108758 0.0313321 0.0392158 0.0134509 0.0117656 0.00830161 0.0106261 0.00973507 0.0168805 0.0255685 0.0106696 0.0828558 0.00930567 0.0164026 0.00802088 0.00375936 0.0039406 0.00381976 0 0.00381627 0.00381743 0.00984336 0.00469404 0.96789 0.00626245 0.0173283 0.00657025 0.00568312 0.0161105 0.00905903 0.0102215 0.0119454 0.00892821 0.00888025 0.00905365 0.0576664 0.0103789 0.111861 0.0100929 0.0121284 0.00939114 0.00841691 0.00932956 0.0188971 0.00865292 0.063902 0.00875114 0.0299295 0.00889037 0.011768 0.00860271 0.00848161 0.00797369 0.00951287 0.00823276 0.011198 0.0120449 0.011284 0.0112201 0.015713 0.00843292 0.0125332 0.00965606 0.00819381 0.01969 0.00980839 0.0112391 0.0126662 0.00884775 0.00865469 
0.0090436 0.00940866 0.00858621 0.0102887 0.0153933 0.0177045 0.0250779 0.0366442 0.0101394 0.0101153 0.0114116 0.0144448 0.0171203 0.0159548 0.0528924 0.00960375 0.0159527 0.0081278 0.0108485 0.00421296 0.00382337 0.00436183 0.00381627 0 0.00379997 0.0042876 0.981673 0.00432174 0.00762964 0.00533146 0.00848044 0.00753835 0.0101018 0.0135376 0.00929783 0.0088901 0.0105176 0.00938655 0.0139515 0.0108343 0.0503493 0.0105597 0.0348676 0.0106768 0.00879122 0.0100995 0.00831522 0.00883018 0.0262692 0.00908383 0.019045 0.00888911 0.0123583 0.00897131 0.00921275 0.00834221 0.00826837 0.00817664 0.0101999 0.00973794 0.00945546 0.0112433 0.0103954 0.00894434 0.0120145 0.00843241 0.00859987 0.0104209 0.00899645 0.0118398 0.00968564 0.00923011 0.0103486 0.00841443 
0.0104751 0.0112035 0.00984667 0.0112745 0.019141 0.0128841 0.0157669 0.019985 0.020098 0.015304 0.0343195 0.0107613 0.0152695 0.0521518 0.0123131 0.0130495 0.00842452 0.00976774 0.0136071 0.00636034 0.00396596 0.00378788 0.00381743 0.00379997 0 0.982018 0.0055424 0.00405827 0.00397328 0.00623448 0.00870578 0.0064786 0.0220704 0.00868838 0.00856565 0.00869019 0.00872966 0.0117998 0.0139833 0.0159037 0.0109603 0.0171506 0.0131272 0.0327764 0.0123827 0.00831512 0.00943822 0.0229225 0.00970924 0.0139841 0.00911429 0.0096109 0.00869045 0.0086247 0.00863361 0.00960126 0.00898292 0.0107032 0.00829655 0.00859654 0.00897496 0.010314 0.009139 0.00904269 0.0088 0.011086 0.0119085 0.00821318 0.00965447 0.00877475 0.00878772 0.00979047 0.00899801 0.00887821 
0.00860521 0.00880776 0.00897308 0.00995165 0.0114297 0.0129865 0.0106623 0.0100976 0.0258157 0.0098956 0.0112383 0.00910627 0.00952893 0.0102428 0.00853988 0.0109089 0.00772096 0.00935503 0.00906852 0.00453275 0.00519421 0.00415667 0.00984336 0.0042876 0.982018 0 0.00376746 0.00384765 0.00381059 0.00459263 0.00594601 0.00659606 0.0147397 0.00846406 0.00839651 0.0084525 0.00879767 0.0127782 0.00970049 0.0140438 0.009024 0.0123576 0.00908593 0.0305895 0.00869557 0.00823105 0.0115083 0.0126577 0.00819345 0.0108135 0.00820452 0.00948329 0.00814964 0.00862219 0.00820869 0.0090656 0.00836867 0.00884066 0.00801142 0.00824057 0.00830534 0.0083555 0.00849279 0.00855129 0.00852783 0.0142196 0.00857461 0.00794256 0.00848352 0.00810275 0.00829426 0.00851999 0.00850231 0.0112039 
0.00816262 0.00834188 0.00803921 0.00946956 0.011661 0.0110097 0.0119949 0.0188351 0.00913055 0.0090187 0.00953469 0.0104332 0.0101718 0.00926918 0.0170627 0.00807404 0.0104294 0.00792682 0.0104015 0.0111118 0.00477664 0.0129452 0.00469404 0.981673 0.0055424 0.00376746 0 0.00375859 0.00394137 0.00379673 0.00448899 0.00507308 0.0109491 0.0111834 0.0085618 0.0082989 0.00936199 0.00842474 0.0104275 0.00883191 0.023433 0.00884205 0.0281891 0.00887835 0.00844741 0.0094681 0.00820714 0.00840342 0.0140343 0.00841496 0.01131 0.00825289 0.00987155 0.00818823 0.00849273 0.00812774 0.00799786 0.0080321 0.00852364 0.00816359 0.00834504 0.0088799 0.00851509 0.00825879 0.0097221 0.00817544 0.00818187 0.0085479 0.00812077 0.00951576 0.00838573 0.00834528 0.00898148 0.00820612 
0.00815506 0.00828485 0.00827456 0.00841805 0.0100751 0.0217453 0.0249055 0.0116844 0.0109359 0.00829187 0.0101126 0.00994908 0.0160707 0.0224736 0.0088677 0.0263943 0.00804326 0.0143336 0.00822912 0.00557109 0.010927 0.00485227 0.96789 0.00432174 0.00405827 0.00384765 0.00375859 0 0.00376206 0.00407696 0.00377378 0.00383402 0.0251151 0.00908262 0.0107981 0.0112543 0.00847419 0.00867813 0.00884088 0.0368927 0.00933208 0.0875777 0.00909998 0.0119087 0.00934368 0.00835308 0.00898439 0.0174177 0.00845401 0.0427592 0.00866792 0.0262814 0.00855993 0.0116103 0.00847167 0.00845682 0.00800695 0.00971609 0.00827744 0.0102424 0.0105036 0.00998471 0.0103398 0.0126904 0.00836441 0.0132345 0.0091139 0.00819421 0.0161878 0.00874502 0.0102704 0.0124424 0.00860314 0.00916045 
0.00842793 0.00834381 0.00801657 0.0101478 0.0130726 0.01109 0.028311 0.0146307 0.0089762 0.00960258 0.00979721 0.0111649 0.0165523 0.0108121 0.0293547 0.008255 0.0190646 0.00815096 0.0138409 0.0111709 0.00635303 0.986653 0.00626245 0.00762964 0.00397328 0.00381059 0.00394137 0.00376206 0 0.00375292 0.00404344 0.00510675 0.00975229 0.0168351 0.0155424 0.00921861 0.0105745 0.010009 0.0145681 0.00885247 0.131054 0.00935444 0.0210738 0.00941723 0.00872482 0.00959853 0.00827348 0.00844837 0.0313646 0.00879652 0.0295024 0.00849849 0.0183985 0.00866546 0.00898777 0.00844302 0.00807129 0.00806419 0.0101245 0.00920412 0.00971091 0.0118801 0.0107917 0.00880458 0.0122549 0.00830205 0.00836752 0.0110107 0.00843083 0.0168947 0.00947913 0.00845887 0.0107874 0.00824503 
0.00828032 0.00848692 0.00829848 0.00846754 0.0111493 0.0303408 0.0158854 0.0162545 0.0107056 0.00895259 0.0112336 0.0134559 0.0121777 0.0192762 0.00917509 0.0190066 0.00819546 0.0183273 0.00858933 0.00948021 0.988481 0.00813572 0.0173283 0.00533146 0.00623448 0.00459263 0.00379673 0.00407696 0.00375292 0 0.00374678 0.003912 0.0236206 0.00999895 0.00961046 0.0154103 0.00910472 0.00907203 0.00957751 0.084233 0.00925766 0.0445826 0.0101005 0.0133863 0.0104637 0.0087557 0.00938323 0.0245607 0.00865697 0.033638 0.00848338 0.0175827 0.00850741 0.009524 0.00871739 0.00895856 0.00820433 0.0100977 0.00861229 0.00930326 0.0094095 0.00932558 0.00939763 0.00996902 0.00853238 0.0129643 0.0102468 0.00831187 0.0140084 0.00877447 0.00916933 0.0104227 0.00856769 0.00869519 
0.0113078 0.00994212 0.00929251 0.0136838 0.0282303 0.0105392 0.0109388 0.0120732 0.0135751 0.0144902 0.0272242 0.0103015 0.0109515 0.00944906 0.0213535 0.00822848 0.0106798 0.00818363 0.0273229 0.911495 0.0100977 0.0101777 0.00657025 0.00848044 0.00870578 0.00594601 0.00448899 0.00377378 0.00404344 0.00374678 0 0.0471278 0.016622 0.0103216 0.00927061 0.0089374 0.0112858 0.0137046 0.0337492 0.00941965 0.0189728 0.00900064 0.0170121 0.0142312 0.0120862 0.00905032 0.00903411 0.0111532 0.0169871 0.00850067 0.0102739 0.00822608 0.00908621 0.00832079 0.00838603 0.00877546 0.00929878 0.00918672 0.0088056 0.00816115 0.00883846 0.00885213 0.00878021 0.00822803 0.00918652 0.00882803 0.0106235 0.00950821 0.00823944 0.00873338 0.00855085 0.00820696 0.00889571 0.00864981 
0.0225908 0.0235384 0.0171138 0.0846664 0.030927 0.0100101 0.00881942 0.0106481 0.0139059 0.100663 0.0199041 0.00928547 0.00866643 0.0090772 0.00912189 0.00826081 0.00945593 0.00822436 0.0531123 0.0218259 0.00633885 0.008015 0.00568312 0.00753835 0.0064786 0.00659606 0.00507308 0.00383402 0.00510675 0.003912 0.0471278 0 0.0192694 0.00881063 0.00807779 0.00777576 0.00880666 0.0145462 0.0256374 0.00959922 0.0107784 0.00872943 0.0120809 0.0163816 0.0151905 0.0108692 0.0105814 0.0129401 0.0136882 0.00859122 0.00925982 0.00823145 0.00850529 0.00827258 0.00865704 0.00991126 0.0331785 0.011254 0.00838281 0.00798978 0.00830641 0.00826013 0.00819258 0.00796693 0.00943885 0.00896652 0.0119652 0.00857406 0.00808117 0.0083153 0.00825411 0.00815168 0.00871459 0.0113019 
0.00872408 0.00911079 0.00911417 0.00982626 0.0100538 0.0099247 0.00917713 0.00991731 0.0169932 0.0104108 0.0103438 0.0087957 0.00930416 0.00947134 0.00925087 0.00927359 0.00842802 0.0107934 0.015998 0.0128096 0.0150643 0.00982992 0.0161105 0.0101018 0.0220704 0.0147397 0.0109491 0.0251151 0.00975229 0.0236206 0.016622 0.0192694 0 0.00390703 0.00384486 0.00400701 0.00428792 0.00665555 0.0082975 0.00951618 0.0083721 0.0112071 0.018763 0.600782 0.0128504 0.00920323 0.0283808 0.0190573 0.00970509 0.0110271 0.00882797 0.0103172 0.00887509 0.00951246 0.00928936 0.016067 0.0105448 0.011891 0.00865328 0.00877798 0.00885224 0.00885669 0.0089689 0.00910931 0.00911616 0.0282963 0.0116262 0.00844493 0.00911277 0.00847476 0.00868168 0.00881859 0.00899432 0.0144685 
0.00782067 0.00788494 0.00785675 0.00799833 0.00864721 0.00901926 0.0100511 0.00942838 0.00835784 0.00802464 0.00841336 0.00900498 0.00998462 0.00970861 0.0105605 0.00843548 0.0089258 0.00840223 0.00870881 0.00893116 0.00894965 0.011974 0.00905903 0.0135376 0.00868838 0.00846406 0.0111834 0.00908262 0.0168351 0.00999895 0.0103216 0.00881063 0.00390703 0 0.00382512 0.00378799 0.00413435 0.00379413 0.00643187 0.00698534 0.00810533 0.0105342 0.229739 0.0608458 0.00850715 0.00927054 0.0082433 0.0087028 0.0113727 0.00898667 0.00948492 0.00868775 0.00943531 0.00864398 0.0087461 0.00842 0.0081714 0.00833879 0.00886226 0.00851768 0.00874942 0.00912531 0.0091531 0.00857498 0.0102589 0.00847708 0.00839725 0.00865004 0.00846608 0.00920293 0.0091127 0.00869679 0.0126462 0.00827748 
0.00786174 0.00789116 0.00786938 0.00795081 0.00825902 0.00895427 0.0101497 0.00866678 0.00828848 0.0080053 0.00824772 0.00868699 0.00968059 0.0106322 0.00942142 0.0089487 0.00869471 0.00843334 0.00865498 0.00841827 0.00932568 0.0104329 0.0102215 0.00929783 0.00856565 0.00839651 0.0085618 0.0107981 0.0155424 0.00961046 0.00927061 0.00807779 0.00384486 0.00382512 0 0.00393136 0.0037698 0.00375651 0.00613682 0.0083983 0.0148621 0.0565329 0.454636 0.00828182 0.00853978 0.00821827 0.00813568 0.00891162 0.00918096 0.00908814 0.00947013 0.00908888 0.00909608 0.00888394 0.00863946 0.00828912 0.00813058 0.00834727 0.00852102 0.0087055 0.0089844 0.00938339 0.00915928 0.0094277 0.0088115 0.00844934 0.00842997 0.00838712 0.00884475 0.00954609 0.00913114 0.00896476 0.00868105 0.00831159 
0.00787851 0.00790329 0.00790214 0.00789153 0.0082224 0.00875695 0.00947788 0.00850455 0.00830894 0.0080086 0.00818796 0.00853829 0.00938683 0.00930802 0.00908871 0.00902024 0.00837317 0.00863942 0.00841159 0.00855945 0.0101626 0.00922006 0.0119454 0.0088901 0.00869019 0.0084525 0.0082989 0.0112543 0.00921861 0.0154103 0.0089374 0.00777576 0.00400701 0.00378799 0.00393136 0 0.00382198 0.00374791 0.00612047 0.0110329 0.0237297 0.700216 0.00723957 0.00725864 0.00873809 0.00831856 0.00846672 0.0100728 0.0087029 0.0098491 0.0086005 0.00957592 0.00867074 0.00900315 0.00863394 0.00847551 0.00810597 0.00889814 0.00839581 0.00878874 0.00882447 0.00874554 0.00982337 0.00889019 0.00868098 0.00902317 0.00841215 0.00829338 0.00908179 0.00857124 0.0097232 0.00883756 0.00852709 0.00838296 
0.00783947 0.00786336 0.00782222 0.00795462 0.00865083 0.00919717 0.00860923 0.00874362 0.00812337 0.00794979 0.00841975 0.00891308 0.00888395 0.00913306 0.00919112 0.00836144 0.00820269 0.00830955 0.00827031 0.00881215 0.00898026 0.00980376 0.00892821 0.0105176 0.00872966 0.00879767 0.00936199 0.00847419 0.0105745 0.00910472 0.0112858 0.00880666 0.00428792 0.00413435 0.0037698 0.00382198 0 0.00380887 0.0217887 0.034109 0.699951 0.00688229 0.00766474 0.00731093 0.00844878 0.00928635 0.00784098 0.00880635 0.0119289 0.00860713 0.00911045 0.00850416 0.0088062 0.00851453 0.00892377 0.0082477 0.00819476 0.00837677 0.00878577 0.00835667 0.00850548 0.0121285 0.00882555 0.00845785 0.00898259 0.0084028 0.00851095 0.00863461 0.00837431 0.00857798 0.00856817 0.00841962 0.00880331 0.00812097 
0.00903059 0.00828233 0.00806282 0.00865866 0.0119561 0.00863852 0.00837719 0.00832093 0.00826612 0.00904575 0.0114107 0.00828561 0.00894134 0.00861091 0.00866759 0.00830664 0.00832229 0.00809792 0.00925015 0.0122461 0.00912762 0.00927649 0.00888025 0.00938655 0.0117998 0.0127782 0.00842474 0.00867813 0.010009 0.00907203 0.0137046 0.0145462 0.00665555 0.00379413 0.00375651 0.00374791 0.00380887 0 0.148151 0.518726 0.00566848 0.00582386 0.00701073 0.00683759 0.0122582 0.00783898 0.00830925 0.0134846 0.00955581 0.00896252 0.00947901 0.00850683 0.00854636 0.00863532 0.00830327 0.00878863 0.00943983 0.0126958 0.00835822 0.00825216 0.00858973 0.00907959 0.00865948 0.00856557 0.00853304 0.00881683 0.0113402 0.00837371 0.00836997 0.00857846 0.0083079 0.00842425 0.00852584 0.00824994 
0.00851442 0.00886697 0.00879069 0.01101 0.00963686 0.00863936 0.00920431 0.0099025 0.0130365 0.0101409 0.00946329 0.0086153 0.00881669 0.00892497 0.00970234 0.00839964 0.00865901 0.00837416 0.0217825 0.0140965 0.00910077 0.0137026 0.00905365 0.0139515 0.0139833 0.00970049 0.0104275 0.00884088 0.0145681 0.00957751 0.0337492 0.0256374 0.0082975 0.00643187 0.00613682 0.00612047 0.0217887 0.148151 0 0.00389003 0.00380417 0.00379049 0.0040626 0.00668885 0.0110263 0.00956154 0.017204 0.0111756 0.0164041 0.00889073 0.0127037 0.00876886 0.0110984 0.00905475 0.0115107 0.0209424 0.0128698 0.00969883 0.00986983 0.00873944 0.00911064 0.00958462 0.00965773 0.00914464 0.0144286 0.014667 0.0111534 0.00988651 0.00863189 0.00938042 0.00947882 0.00892982 0.0128919 0.0151868 
0.00793311 0.00811051 0.00802577 0.00831967 0.00993592 0.0163387 0.0136193 0.0132064 0.0111624 0.00818438 0.00986435 0.011115 0.0137879 0.024068 0.0103368 0.0208048 0.00856102 0.0191265 0.00860873 0.00881718 0.0524677 0.00942853 0.0576664 0.0108343 0.0159037 0.0140438 0.00883191 0.0368927 0.00885247 0.084233 0.00941965 0.00959922 0.00951618 0.00698534 0.0083983 0.0110329 0.034109 0.518726 0.00389003 0 0.00375308 0.00376502 0.00381831 0.00395353 0.00917777 0.0107474 0.0105318 0.0202457 0.00875819 0.0334648 0.00870875 0.0261977 0.00907884 0.0137403 0.0125497 0.011679 0.00884889 0.0126166 0.0091917 0.012482 0.0122266 0.0124243 0.0144213 0.0183392 0.010255 0.0219133 0.0124509 0.00913056 0.0233926 0.0105158 0.0180303 0.0199591 0.0119038 0.0146916 
0.00828312 0.00838536 0.00796449 0.00836638 0.0108633 0.0138442 0.042021 0.0178517 0.00909927 0.00833898 0.00929544 0.0136116 0.031496 0.0228841 0.0502752 0.00931661 0.0355723 0.00858744 0.0121456 0.0127941 0.00932556 0.141825 0.0103789 0.0503493 0.0109603 0.009024 0.023433 0.00933208 0.131054 0.00925766 0.0189728 0.0107784 0.0083721 0.00810533 0.0148621 0.0237297 0.699951 0.00566848 0.00380417 0.00375308 0 0.00375315 0.00376204 0.00389938 0.00897755 0.010517 0.0129171 0.00867208 0.0496905 0.00919889 0.0484486 0.00901513 0.0441667 0.0139363 0.0130602 0.00931176 0.00903025 0.00868645 0.020218 0.0112852 0.0141799 0.0296743 0.021292 0.0127179 0.0308376 0.00929537 0.00932675 0.027643 0.0111019 0.0805841 0.0244111 0.0152758 0.0270648 0.00895694 
0.00802002 0.00803325 0.00791588 0.00812383 0.00914308 0.0191433 0.0356436 0.0127287 0.00894618 0.00808241 0.00930391 0.0127596 0.0302999 0.0486943 0.0117057 0.0516528 0.00906047 0.013461 0.00843851 0.00869229 0.0484044 0.00990516 0.111861 0.0105597 0.0171506 0.0123576 0.00884205 0.0875777 0.00935444 0.0445826 0.00900064 0.00872943 0.0112071 0.0105342 0.0565329 0.700216 0.00688229 0.00582386 0.00379049 0.00376502 0.00375315 0 0.00376532 0.00383205 0.010153 0.0119504 0.0176415 0.0191385 0.00913156 0.0836708 0.00893563 0.0418532 0.0124743 0.0452454 0.0095108 0.00962729 0.00823869 0.0114081 0.00889576 0.0210347 0.0180163 0.0156799 0.0189077 0.0406911 0.00945493 0.0145386 0.0116983 0.00905503 0.0618753 0.0131708 0.0224182 0.0419905 0.0104621 0.0111644 
0.00812057 0.00809496 0.00805188 0.00852968 0.0114249 0.013846 0.0153399 0.0134636 0.00880575 0.00844013 0.0096591 0.0117964 0.0152466 0.0123289 0.0369553 0.00895309 0.0113221 0.00907205 0.0110955 0.012615 0.00951485 0.0315309 0.0100929 0.0348676 0.0131272 0.00908593 0.0281891 0.00909998 0.0210738 0.0101005 0.0170121 0.0120809 0.018763 0.229739 0.454636 0.00723957 0.00766474 0.00701073 0.0040626 0.00381831 0.00376204 0.00376532 0 0.00405749 0.0159547 0.0409108 0.00910149 0.00938259 0.0941606 0.00915432 0.024115 0.0174515 0.0264236 0.00948661 0.0141804 0.0107543 0.00974173 0.00888861 0.018958 0.00983463 0.011217 0.0216662 0.0196627 0.0105566 0.019358 0.00903348 0.00984935 0.023416 0.0101836 0.02432 0.0161406 0.0117186 0.0210904 0.00891532 
0.00934612 0.00880543 0.00862257 0.00975676 0.0156632 0.0104245 0.0108003 0.0104159 0.0103148 0.0109178 0.0133774 0.0097277 0.0100882 0.0168351 0.00966157 0.00973554 0.0087171 0.00917551 0.0100895 0.0110788 0.0141827 0.00952689 0.0121284 0.0106768 0.0327764 0.0305895 0.00887835 0.0119087 0.00941723 0.0133863 0.0142312 0.0163816 0.600782 0.0608458 0.00828182 0.00725864 0.00731093 0.00683759 0.00668885 0.00395353 0.00389938 0.00383205 0.00405749 0 0.0183217 0.00988605 0.0162339 0.0326998 0.00991676 0.0171091 0.0372143 0.0134882 0.00913852 0.00909919 0.00930081 0.0158443 0.0125888 0.0183097 0.0092145 0.00932068 0.010119 0.0179877 0.0106412 0.0105162 0.00973902 0.0177808 0.0215659 0.00925592 0.0112036 0.0105699 0.0110141 0.0119298 0.0110386 0.0136056 
0.00819393 0.00823853 0.00862222 0.0086872 0.00826101 0.00822528 0.00830057 0.00854244 0.0105441 0.00852915 0.00838991 0.00809935 0.008372 0.00827629 0.0083313 0.0083185 0.00805634 0.00820824 0.0108749 0.00868114 0.00957467 0.00890142 0.00939114 0.00879122 0.0123827 0.00869557 0.00844741 0.00934368 0.00872482 0.0104637 0.0120862 0.0151905 0.0128504 0.00850715 0.00853978 0.00873809 0.00844878 0.0122582 0.0110263 0.00917777 0.00897755 0.010153 0.0159547 0.0183217 0 0.00412156 0.00482661 0.00504903 0.00600053 0.689072 0.00661071 0.0055 0.0055993 0.00664274 0.00779525 0.0172234 0.0080071 0.0103747 0.0083009 0.0109169 0.00846849 0.00854808 0.00873523 0.00890334 0.00997037 0.0326792 0.0115077 0.00891301 0.0102058 0.0086069 0.0087932 0.00895538 0.00969281 0.0186891 
0.00788433 0.00793439 0.0078849 0.00817502 0.00830142 0.00835958 0.00814608 0.00856435 0.00807172 0.00795623 0.00808067 0.00867455 0.00817641 0.00824268 0.00820573 0.00803878 0.00806737 0.0083624 0.00830612 0.00862809 0.00845387 0.00898789 0.00841691 0.0100995 0.00831512 0.00823105 0.0094681 0.00835308 0.00959853 0.0087557 0.00905032 0.0108692 0.00920323 0.00927054 0.00821827 0.00831856 0.00928635 0.00783898 0.00956154 0.0107474 0.010517 0.0119504 0.0409108 0.00988605 0.00412156 0 0.00378584 0.00436133 0.970333 0.00405351 0.00506742 0.00433855 0.00521024 0.00570467 0.00821778 0.00608832 0.00722039 0.00791079 0.0122045 0.00792003 0.00803085 0.00839455 0.00842648 0.00836787 0.0160608 0.00860346 0.00918675 0.0122511 0.00865766 0.00906028 0.00872091 0.0086917 0.018318 0.00845622 
0.00854225 0.00818061 0.0081675 0.00831356 0.00913521 0.00825824 0.00818121 0.00824111 0.00816261 0.00839968 0.00926627 0.00804652 0.00822096 0.0082493 0.00811087 0.00836474 0.00810144 0.00819431 0.00836519 0.00891401 0.00996111 0.00826192 0.00932956 0.00831522 0.00943822 0.0115083 0.00820714 0.00898439 0.00827348 0.00938323 0.00903411 0.0105814 0.0283808 0.0082433 0.00813568 0.00846672 0.00784098 0.00830925 0.017204 0.0105318 0.0129171 0.0176415 0.00910149 0.0162339 0.00482661 0.00378584 0 0.973569 0.00427742 0.00402637 0.00380856 0.00469958 0.00441054 0.00569495 0.00570416 0.00765364 0.00719614 0.0187302 0.00785401 0.00759934 0.00816828 0.00836576 0.00860477 0.00896718 0.00849107 0.0120263 0.0181986 0.00851037 0.00920908 0.00854214 0.00848185 0.0109231 0.00863938 0.00947252 
0.0088648 0.0090192 0.0098331 0.00838943 0.00893237 0.00912923 0.00901604 0.00904401 0.0119208 0.00872555 0.00934948 0.00835072 0.00886873 0.00931694 0.00883307 0.010014 0.00832675 0.0146135 0.00956415 0.00841822 0.0175568 0.00848805 0.0188971 0.00883018 0.0229225 0.0126577 0.00840342 0.0174177 0.00844837 0.0245607 0.0111532 0.0129401 0.0190573 0.0087028 0.00891162 0.0100728 0.00880635 0.0134846 0.0111756 0.0202457 0.00867208 0.0191385 0.00938259 0.0326998 0.00504903 0.00436133 0.973569 0 0.0037887 0.00387353 0.0037908 0.00413671 0.0040615 0.00434008 0.00563436 0.0106884 0.00688861 0.0136129 0.00729259 0.008051 0.00899436 0.0087888 0.0108605 0.0122487 0.0155747 0.123473 0.0203883 0.00912368 0.014797 0.00890793 0.0119192 0.0114218 0.0105339 0.0416746 
0.00822154 0.00845635 0.00818344 0.00887243 0.00908012 0.00898109 0.0116217 0.0127987 0.00884974 0.00864581 0.00837277 0.00934156 0.0103873 0.00921923 0.013446 0.00823264 0.0122095 0.00818214 0.0121349 0.0109213 0.00853113 0.0309351 0.00865292 0.0262692 0.00970924 0.00819345 0.0140343 0.00845401 0.0313646 0.00865697 0.0169871 0.0136882 0.00970509 0.0113727 0.00918096 0.0087029 0.0119289 0.00955581 0.0164041 0.00875819 0.0496905 0.00913156 0.0941606 0.00991676 0.00600053 0.970333 0.00427742 0.0037887 0 0.00375466 0.00379367 0.00378162 0.00388219 0.00393685 0.00448783 0.00428179 0.00651028 0.00734267 0.0121509 0.008001 0.00917208 0.0113577 0.0151874 0.0106177 0.0770147 0.00923149 0.00974827 0.0260839 0.00897229 0.0244187 0.0114602 0.00936465 0.0332317 0.011208 
0.00791765 0.00797399 0.00787776 0.00791814 0.00855438 0.0114175 0.0145225 0.00956776 0.00856951 0.00790255 0.00852426 0.00890221 0.0138819 0.0242469 0.00990101 0.0268114 0.00877142 0.0100681 0.00814172 0.00822 0.0273012 0.00896981 0.063902 0.00908383 0.0139841 0.0108135 0.00841496 0.0427592 0.00879652 0.033638 0.00850067 0.00859122 0.0110271 0.00898667 0.00908814 0.0098491 0.00860713 0.00896252 0.00889073 0.0334648 0.00919889 0.0836708 0.00915432 0.0171091 0.689072 0.00405351 0.00402637 0.00387353 0.00375466 0 0.00378119 0.00376775 0.00378697 0.00390247 0.00385084 0.00400506 0.00486948 0.00906104 0.00737617 0.0109438 0.0109517 0.0103602 0.0186218 0.0673879 0.00886089 0.0287171 0.0120219 0.00881216 0.050658 0.00933628 0.0128373 0.0347169 0.0116204 0.0117854 
