1EM8A
MKNATFYLLDNDTTVDGLSAVEQLVCEIAAERWRSGKRVLIACEDEKQAYRLDEALWARPAESFVPHNLAGEGPRGGAPVEIAWPQKRSSSRRDILISLRTSFADFATAFTEVVDFVPYEDSLKQLARERYKAYRVAGFNLNTATWK
CEEEEEEECCCCCCECCECHHHHHHHHHHHHHHHCCCCEEEECCCHHHHHHHHHHHHHCCCCCCCCEEECCCCCCCCCCEEEECCCCCCCCCCCEEEECCCCCCHHHHHCCEEEEEECCCHHHHHHHHHHHHHHHHCCEEEEEECCC
0 0 0 0 0 0 0 0 0 0 0 0 0 0 0 0 0 0 0 0 0 0 0 0 0 0 0 0 0 0 0 0 0 0 0 0 0 0 0 0 0 0 0 0 0 0 0 0 0 0 0 0 0 0 0 0 0 0 0 0 0 0 0 0 0 0 0 0 0 0 0 0 0 0 0 0 0 0 0 0 0 0 0 0 0 0 0 0 0 0 0 0 0 0 0 0 0 0 0 0 0 0 0 0 0 0 0 0 0 0 0 0 0 0 0 0 0 0 0 0 0 0 0 0 0 0 0 0 0 0 0 0 0 0 0 0 0 0 0 0 0 0 0 0 0 0 0 
0 0 0 0 0 0 0 0 0 0 0 0 0 0 0 0 0 0 0 0 0 0 0 0 0 0 0 0 0 0 0 0 0 0 0 0 0 0 0 0 0 0 0 0 0 0 0 0 0 0 0 0 0 0 0 0 0 0 0 0 0 0 0 0 0 0 0 0 0 0 0 0 0 0 0 0 0 0 0 0 0 0 0 0 0 0 0 0 0 0 0 0 0 0 0 0 0 0 0 0 0 0 0 0 0 0 0 0 0 0 0 0 0 0 0 0 0 0 0 0 0 0 0 0 0 0 0 0 0 0 0 0 0 0 0 0 0 0 0 0 0 0 0 0 0 0 0 
0 0.00408075 0.00424989 0.0038675 0.00421878 0.00568542 0.00596235 0.0186528 0.0204484 0.0724253 0.014996 0.017718 0.0228669 0.0118719 0.0083865 0.012296 0.0109283 0.0102906 0.0110134 0.0111691 0.0105401 0.00875387 0.00985414 0.0104384 0.0083827 0.00835196 0.00879675 0.00855917 0.00887953 0.00899423 0.00811462 0.00789496 0.00810123 0.00787904 0.00793883 0.00812775 
0.00408075 0 0.00375528 0.00380275 0.00377428 0.00387624 0.00389874 0.00851821 0.00658031 0.017756 0.0700172 0.0127144 0.00992458 0.00993902 0.0110571 0.0082823 0.0093721 0.0177139 0.00925861 0.00913469 0.00943584 0.0114821 0.0091627 0.00880366 0.00838454 0.00838807 0.00845438 0.0100178 0.00894225 0.00803823 0.00794527 0.00817188 0.00796686 0.00808657 0.00802006 0.00789497 
0.00424989 0.00375528 0 0.00401181 0.00376475 0.00387435 0.00380324 0.00675803 0.00681682 0.0325348 0.0194937 0.0291629 0.00955879 0.0124525 0.00900052 0.0090731 0.0138322 0.0118975 0.0157723 0.00900023 0.0115404 0.0114457 0.0144488 0.00901531 0.00814662 0.00956167 0.0119791 0.0109181 0.0118877 0.00826205 0.00832517 0.0080142 0.0098988 0.00810053 0.00813603 0.00789496 
0.0038675 0.00380275 0.00401181 0 0.00377198 0.00377479 0.00380233 0.00639112 0.00645825 0.0134907 0.0491152 0.0228366 0.0237759 0.00922395 0.00998712 0.00916972 0.00928424 0.0307178 0.0106504 0.010769 0.00892096 0.0188544 0.0106766 0.0101883 0.00847929 0.00861917 0.012276 0.0277461 0.00994812 0.00840849 0.00790957 0.00856738 0.00814828 0.00837703 0.00811552 0.00800818 
0.00421878 0.00377428 0.00376475 0.00377198 0 0.00379642 0.00378428 0.00685285 0.00848344 0.0264498 0.0315663 0.0948342 0.0126741 0.0116162 0.0101235 0.0100661 0.0141276 0.0157521 0.0309456 0.0100358 0.0120631 0.0141853 0.0223844 0.00946935 0.00839235 0.010767 0.0170519 0.0145066 0.0133636 0.0083853 0.00819451 0.00813998 0.00883688 0.00824389 0.00828138 0.00800186 
0.00568542 0.00387624 0.00387435 0.00377479 0.00379642 0 0.00379678 0.010779 0.0095183 0.016426 0.0761656 0.0721124 0.0219435 0.0107568 0.0180688 0.0101131 0.0117634 0.0225507 0.0183807 0.0110993 0.0105165 0.0181853 0.0169547 0.0112348 0.0088819 0.010984 0.0107634 0.0137482 0.0114404 0.00860141 0.00812378 0.00841484 0.0087035 0.00827543 0.00828966 0.00791829 
0.00596235 0.00389874 0.00380324 0.00380233 0.00378428 0.00379678 0 0.0320389 0.00906641 0.0357722 0.0129535 0.0343666 0.0407581 0.0164871 0.00975259 0.0129145 0.018087 0.0110278 0.0108445 0.011923 0.0126058 0.00985656 0.0103152 0.0129683 0.00944349 0.00864985 0.00872171 0.00920992 0.00881761 0.00846583 0.00848566 0.00831051 0.00813851 0.00811152 0.00801326 0.0080344 
0.0186528 0.00851821 0.00675803 0.00639112 0.00685285 0.010779 0.0320389 0 0.979224 0.0256562 0.0124873 0.0113987 0.0204724 0.0107626 0.00881067 0.0105731 0.0134615 0.00874505 0.00852793 0.0112603 0.0125313 0.00864101 0.00855703 0.0105016 0.00981782 0.00844504 0.00800023 0.0080138 0.00813145 0.00872612 0.00956625 0.00824909 0.00801898 0.0081429 0.00813266 0.00903791 
0.0204484 0.00658031 0.00681682 0.00645825 0.00848344 0.0095183 0.00906641 0.979224 0 0.0251631 0.0132352 0.0204084 0.0350349 0.0148918 0.00906807 0.0127286 0.0183922 0.00887597 0.00908796 0.0131868 0.017212 0.0093904 0.00927295 0.0114392 0.0101259 0.0087386 0.00807917 0.0081345 0.0084782 0.00950994 0.0108677 0.00790214 0.00866795 0.0078826 0.00809039 0.00938993 
0.0724253 0.017756 0.0325348 0.0134907 0.0264498 0.016426 0.0357722 0.0256562 0.0251631 0 0.00568112 0.00392293 0.00473373 0.173224 0.016537 0.0211772 0.236159 0.0182842 0.0208955 0.0210206 0.219361 0.0188785 0.0203858 0.0215514 0.0198944 0.0156884 0.0141533 0.0110083 0.0161167 0.0132458 0.0103818 0.00820481 0.00954241 0.00815272 0.00932236 0.0104461 
0.014996 0.0700172 0.0194937 0.0491152 0.0315663 0.0761656 0.0129535 0.0124873 0.0132352 0.00568112 0 0.00388483 0.00396217 0.170676 0.108384 0.0147243 0.0225939 0.396147 0.0229136 0.015791 0.0183002 0.302249 0.0259557 0.0151145 0.0117868 0.024134 0.0262973 0.0592078 0.0175413 0.00980592 0.00846492 0.010151 0.00899856 0.00987438 0.00975975 0.00848912 
0.017718 0.0127144 0.0291629 0.0228366 0.0948342 0.0721124 0.0343666 0.0113987 0.0204084 0.00392293 0.00388483 0 0.00381451 0.028935 0.20653 0.0491996 0.0321344 0.0318369 0.444063 0.0190605 0.0239314 0.02732 0.3527 0.0228378 0.0109507 0.0170209 0.0348713 0.0354718 0.08783 0.0118307 0.009239 0.00880768 0.012026 0.00874361 0.00885915 0.00818571 
0.0228669 0.00992458 0.00955879 0.0237759 0.0126741 0.0219435 0.0407581 0.0204724 0.0350349 0.00473373 0.00396217 0.00381451 0 0.0211231 0.0276792 0.321034 0.0293296 0.020009 0.0216323 0.269404 0.0207542 0.01672 0.01714 0.174183 0.0131639 0.0112093 0.0103936 0.015745 0.0120633 0.022007 0.0106997 0.00898006 0.00853593 0.00853433 0.00830163 0.00883021 
0.0118719 0.00993902 0.0124525 0.00922395 0.0116162 0.0107568 0.0164871 0.0107626 0.0148918 0.173224 0.170676 0.028935 0.0211231 0 0.00381718 0.00381524 0.0416802 0.0183731 0.0358995 0.0461463 0.0303374 0.0187011 0.0160273 0.0270664 0.017105 0.0123388 0.0127389 0.0133207 0.0157507 0.0149369 0.00916204 0.00839498 0.00875933 0.00818445 0.00851092 0.00963969 
0.0083865 0.0110571 0.00900052 0.00998712 0.0101235 0.0180688 0.00975259 0.00881067 0.00906807 0.016537 0.108384 0.20653 0.0276792 0.00381718 0 0.00383414 0.0125273 0.202417 0.0560239 0.0115182 0.016852 0.0332653 0.0412596 0.01447 0.00955977 0.0150397 0.0107086 0.016911 0.0266178 0.0105144 0.00838203 0.00911157 0.00852388 0.00837965 0.00905696 0.00804162 
0.012296 0.0082823 0.0090731 0.00916972 0.0100661 0.0101131 0.0129145 0.0105731 0.0127286 0.0211772 0.0147243 0.0491996 0.321034 0.00381524 0.00383414 0 0.0356197 0.0231501 0.0440747 0.0346548 0.0149076 0.0138553 0.0186705 0.0482848 0.0118906 0.00975648 0.0109511 0.0114314 0.0132269 0.0157483 0.0112171 0.00840507 0.00861697 0.00836004 0.0083136 0.00846921 
0.0109283 0.0093721 0.0138322 0.00928424 0.0141276 0.0117634 0.018087 0.0134615 0.0183922 0.236159 0.0225939 0.0321344 0.0293296 0.0416802 0.0125273 0.0356197 0 0.00383313 0.00382299 0.0039815 0.0517739 0.0152301 0.041787 0.0471573 0.0439476 0.027008 0.0217414 0.0146283 0.0223226 0.022411 0.0147151 0.00871605 0.0119676 0.00865227 0.0103839 0.0145239 
0.0102906 0.0177139 0.0118975 0.0307178 0.0157521 0.0225507 0.0110278 0.00874505 0.00887597 0.0182842 0.396147 0.0318369 0.020009 0.0183731 0.202417 0.0231501 0.00383313 0 0.00380554 0.00381923 0.0194294 0.100078 0.0428397 0.0399297 0.0280511 0.0347662 0.0237337 0.109164 0.0229496 0.0129439 0.00873075 0.0176941 0.00916381 0.013382 0.0102671 0.00862478 
0.0110134 0.00925861 0.0157723 0.0106504 0.0309456 0.0183807 0.0108445 0.00852793 0.00908796 0.0208955 0.0229136 0.444063 0.0216323 0.0358995 0.0560239 0.0440747 0.00382299 0.00380554 0 0.00379246 0.0327045 0.0351327 0.220927 0.0212795 0.0125756 0.0291553 0.0364702 0.0253713 0.127432 0.012794 0.0118037 0.00881012 0.01566 0.00880262 0.0109292 0.00849962 
0.0111691 0.00913469 0.00900023 0.010769 0.0100358 0.0110993 0.011923 0.0112603 0.0131868 0.0210206 0.015791 0.0190605 0.269404 0.0461463 0.0115182 0.0346548 0.0039815 0.00381923 0.00379246 0 0.0612205 0.0326243 0.0333924 0.079692 0.0185905 0.0131184 0.0123658 0.0205683 0.0155152 0.0337666 0.0133646 0.0103509 0.00882245 0.00926453 0.00863565 0.00930817 
0.0105401 0.00943584 0.0115404 0.00892096 0.0120631 0.0105165 0.0126058 0.0125313 0.017212 0.219361 0.0183002 0.0239314 0.0207542 0.0303374 0.016852 0.0149076 0.0517739 0.0194294 0.0327045 0.0612205 0 0.00390496 0.00386182 0.00418059 0.249873 0.0287369 0.0380487 0.0154887 0.0252854 0.0174446 0.0284495 0.00940045 0.0138539 0.00911779 0.0113311 0.0159506 
0.00875387 0.0114821 0.0114457 0.0188544 0.0141853 0.0181853 0.00985656 0.00864101 0.0093904 0.0188785 0.302249 0.02732 0.01672 0.0187011 0.0332653 0.0138553 0.0152301 0.100078 0.0351327 0.0326243 0.00390496 0 0.00383101 0.00382355 0.029482 0.400028 0.0249782 0.14335 0.0216949 0.014108 0.00946099 0.0172462 0.00952823 0.0120103 0.0118061 0.00940264 
0.00985414 0.0091627 0.0144488 0.0106766 0.0223844 0.0169547 0.0103152 0.00855703 0.00927295 0.0203858 0.0259557 0.3527 0.01714 0.0160273 0.0412596 0.0186705 0.041787 0.0428397 0.220927 0.0333924 0.00386182 0.00383101 0 0.00398299 0.0270478 0.0501058 0.300163 0.0333267 0.172601 0.0151207 0.0138163 0.00962745 0.017212 0.00930654 0.0121177 0.00881951 
0.0104384 0.00880366 0.00901531 0.0101883 0.00946935 0.0112348 0.0129683 0.0105016 0.0114392 0.0215514 0.0151145 0.0228378 0.174183 0.0270664 0.01447 0.0482848 0.0471573 0.0399297 0.0212795 0.079692 0.00418059 0.00382355 0.00398299 0 0.0241397 0.0265393 0.0160469 0.0585498 0.0236018 0.122086 0.0151625 0.0111734 0.00932717 0.00941764 0.00938473 0.01006 
0.0083827 0.00838454 0.00814662 0.00847929 0.00839235 0.0088819 0.00944349 0.00981782 0.0101259 0.0198944 0.0117868 0.0109507 0.0131639 0.017105 0.00955977 0.0118906 0.0439476 0.0280511 0.0125756 0.0185905 0.249873 0.029482 0.0270478 0.0241397 0 0.00475248 0.00376899 0.00379782 0.00385216 0.00493015 0.0497687 0.0132465 0.00933645 0.0103433 0.00970776 0.0141855 
0.00835196 0.00838807 0.00956167 0.00861917 0.010767 0.010984 0.00864985 0.00844504 0.0087386 0.0156884 0.024134 0.0170209 0.0112093 0.0123388 0.0150397 0.00975648 0.027008 0.0347662 0.0291553 0.0131184 0.0287369 0.400028 0.0501058 0.0265393 0.00475248 0 0.0038296 0.00380294 0.00381111 0.0037969 0.0270428 0.0222981 0.0228397 0.00904863 0.0192475 0.00971986 
0.00879675 0.00845438 0.0119791 0.012276 0.0170519 0.0107634 0.00872171 0.00800023 0.00807917 0.0141533 0.0262973 0.0348713 0.0103936 0.0127389 0.0107086 0.0109511 0.0217414 0.0237337 0.0364702 0.0123658 0.0380487 0.0249782 0.300163 0.0160469 0.00376899 0.0038296 0 0.00375889 0.00378958 0.00378264 0.0189263 0.0122037 0.0635368 0.0148677 0.00971503 0.00890507 
0.00855917 0.0100178 0.0109181 0.0277461 0.0145066 0.0137482 0.00920992 0.0080138 0.0081345 0.0110083 0.0592078 0.0354718 0.015745 0.0133207 0.016911 0.0114314 0.0146283 0.109164 0.0253713 0.0205683 0.0154887 0.14335 0.0333267 0.0585498 0.00379782 0.00380294 0.00375889 0 0.00378155 0.00378685 0.010842 0.053772 0.0161182 0.072708 0.0108066 0.00933528 
0.00887953 0.00894225 0.0118877 0.00994812 0.0133636 0.0114404 0.00881761 0.00813145 0.0084782 0.0161167 0.0175413 0.08783 0.0120633 0.0157507 0.0266178 0.0132269 0.0223226 0.0229496 0.127432 0.0155152 0.0252854 0.0216949 0.172601 0.0236018 0.00385216 0.00381111 0.00378958 0.00378155 0 0.00387708 0.0230512 0.0120263 0.0279097 0.0125014 0.0571276 0.0101212 
0.00899423 0.00803823 0.00826205 0.00840849 0.0083853 0.00860141 0.00846583 0.00872612 0.00950994 0.0132458 0.00980592 0.0118307 0.022007 0.0149369 0.0105144 0.0157483 0.022411 0.0129439 0.012794 0.0337666 0.0174446 0.014108 0.0151207 0.122086 0.00493015 0.0037969 0.00378264 0.00378685 0.00387708 0 0.0161624 0.0105919 0.0101921 0.0105279 0.0119308 0.0308449 
0.00811462 0.00794527 0.00832517 0.00790957 0.00819451 0.00812378 0.00848566 0.00956625 0.0108677 0.0103818 0.00846492 0.009239 0.0106997 0.00916204 0.00838203 0.0112171 0.0147151 0.00873075 0.0118037 0.0133646 0.0284495 0.00946099 0.0138163 0.0151625 0.0497687 0.0270428 0.0189263 0.010842 0.0230512 0.0161624 0 0.00484381 0.00422102 0.00377365 0.00468432 0.0175022 
0.00789496 0.00817188 0.0080142 0.00856738 0.00813998 0.00841484 0.00831051 0.00824909 0.00790214 0.00820481 0.010151 0.00880768 0.00898006 0.00839498 0.00911157 0.00840507 0.00871605 0.0176941 0.00881012 0.0103509 0.00940045 0.0172462 0.00962745 0.0111734 0.0132465 0.0222981 0.0122037 0.053772 0.0120263 0.0105919 0.00484381 0 0.00383362 0.00388495 0.011385 0.00439 
0.00810123 0.00796686 0.0098988 0.00814828 0.00883688 0.0087035 0.00813851 0.00801898 0.00866795 0.00954241 0.00899856 0.012026 0.00853593 0.00875933 0.00852388 0.00861697 0.0119676 0.00916381 0.01566 0.00882245 0.0138539 0.00952823 0.017212 0.00932717 0.00933645 0.0228397 0.0635368 0.0161182 0.0279097 0.0101921 0.00422102 0.00383362 0 0.00379101 0.00383323 0.00385996 
0.00787904 0.00808657 0.00810053 0.00837703 0.00824389 0.00827543 0.00811152 0.0081429 0.0078826 0.00815272 0.00987438 0.00874361 0.00853433 0.00818445 0.00837965 0.00836004 0.00865227 0.013382 0.00880262 0.00926453 0.00911779 0.0120103 0.00930654 0.00941764 0.0103433 0.00904863 0.0148677 0.072708 0.0125014 0.0105279 0.00377365 0.00388495 0.00379101 0 0.00385424 0.00384527 
0.00793883 0.00802006 0.00813603 0.00811552 0.00828138 0.00828966 0.00801326 0.00813266 0.00809039 0.00932236 0.00975975 0.00885915 0.00830163 0.00851092 0.00905696 0.0083136 0.0103839 0.0102671 0.0109292 0.00863565 0.0113311 0.0118061 0.0121177 0.00938473 0.00970776 0.0192475 0.00971503 0.0108066 0.0571276 0.0119308 0.00468432 0.011385 0.00383323 0.00385424 0 0.00398382 
0.00812775 0.00789497 0.00789496 0.00800818 0.00800186 0.00791829 0.0080344 0.00903791 0.00938993 0.0104461 0.00848912 0.00818571 0.00883021 0.00963969 0.00804162 0.00846921 0.0145239 0.00862478 0.00849962 0.00930817 0.0159506 0.00940264 0.00881951 0.01006 0.0141855 0.00971986 0.00890507 0.00933528 0.0101212 0.0308449 0.0175022 0.00439 0.00385996 0.00384527 0.00398382 0 
