1EO2B
IIWGAYAQRNTEDHPPAYAPGYKTSVLRSPKNALISIAETLSEVTAPHFSADKFGPKDNDLILNYAKDGLPIGERVIVHGYVRDQFGRPVKNALVEVWQANASGRYRHPNDQYIGAMDPNFGGCGRMLTDDNGYYVFRTIKPGPYPWRNRINEWRPAHIHFSLIADGWAQRLISQFYFEGDTLIDSCPILKTIPSEQQRRALIALEDKSNFIEADSRCYRFDITLRGRRATYFENDLT
CEEEEECCCCHHHCCCCCCCCCHHHHCCCCCCCCEECCCCHHHHCCCCCCHHHCCCCCCECCCCCCCCCCCCCCEEEEEEEEEECCCCECCCCEEEEECCCCCCCCCCCCCCCCCCCCCCCCCEEEEECCCCCEEEEEEECCCCEEECCCCCEEECCEEEEEEECCCHHHCEEEEEEECCCHHHHHCCCHHHCCCHHHHHCCEEEECHHHCECCCEEEEECCEEECCEEEECCCCCCC
0 0 0 0 0 0 0 0 0 0 0 0 0 0 0 0 0 0 0 0 0 0 0 0 0 0 0 0 0 0 0 0 0 0 0 0 0 0 0 0 0 0 0 0 0 0 0 0 0 0 0 0 0 0 0 0 0 0 0 0 0 0 0 0 0 0 0 0 0 0 0 0 0 0 0 0 0 0 0 0 0 0 0 0 0 0 0 0 0 0 0 0 0 0 0 0 0 0 0 0 0 0 0 0 0 0 0 0 0 0 0 0 0 0 0 0 0 0 0 0 0 0 0 0 0 0 0 0 0 0 0 0 0 0 0 0 0 0 0 0 0 0 0 0 0 0 0 0 0 0 0 0 0 0 0 0 0 0 0 0 0 0 0 0 0 0 0 0 0 0 0 0 0 0 0 0 0 0 0 0 0 0 0 0 0 0 0 0 0 0 0 0 0 0 0 0 0 0 0 0 0 0 0 0 0 0 0 0 0 0 0 0 0 0 0 0 0 0 0 0 0 0 0 0 0 0 0 0 0 0 0 0 0 0 0 0 0 0 
0 0 0 0 0 0 0 0 0 0 0 0 0 0 0 0 0 0 0 0 0 0 0 0 0 0 0 0 0 0 0 0 0 0 0 0 0 0 0 0 0 0 0 0 0 0 0 0 0 0 0 0 0 0 0 0 0 0 0 0 0 0 0 0 0 0 0 0 0 0 0 0 0 0 0 0 0 0 0 0 0 0 0 0 0 0 0 0 0 0 0 0 0 0 0 0 0 0 0 0 0 0 0 0 0 0 0 0 0 0 0 0 0 0 0 0 0 0 0 0 0 0 0 0 0 0 0 0 0 0 0 0 0 0 0 0 0 0 0 0 0 0 0 0 0 0 0 0 0 0 0 0 0 0 0 0 0 0 0 0 0 0 0 0 0 0 0 0 0 0 0 0 0 0 0 0 0 0 0 0 0 0 0 0 0 0 0 0 0 0 0 0 0 0 0 0 0 0 0 0 0 0 0 0 0 0 0 0 0 0 0 0 0 0 0 0 0 0 0 0 0 0 0 0 0 0 0 0 0 0 0 0 0 0 0 0 0 0 
0 0.00619293 0.00395669 0.00478335 0.011361 0.0414468 0.0176769 0.0120909 0.0119652 0.0107551 0.0104212 0.0106686 0.00963672 0.00967089 0.00901417 0.00911858 0.00888734 0.0111814 0.0112376 0.00940215 0.00967361 0.0091136 0.009186 0.0101642 0.0081803 0.00831276 0.00817021 0.00833825 0.00976704 0.00823756 0.00831799 0.0081386 0.00846266 0.00831887 0.00838968 0.0100242 0.00819346 0.00786842 0.00852274 0.00823946 0.00783998 0.00869284 0.00839201 0.00835551 0.00827127 0.008363 0.00842497 0.00854611 0.00944137 0.0083624 0.00821605 0.00852947 0.00809516 0.00841939 0.00827499 0.00901683 0.010066 0.00819587 0.00824178 0.00880664 0.00845329 0.0086429 0.00801424 0.00811826 0.00822188 0.00861219 0.00853136 0.00835408 0.00894351 0.00828942 0.00813903 0.00829411 0.00917855 
0.00619293 0 0.00413942 0.0040079 0.00456965 0.0257321 0.0150692 0.00940707 0.0107845 0.0134067 0.0152993 0.0121312 0.0113429 0.00996316 0.0104337 0.00902149 0.0104764 0.00975474 0.00886764 0.00944944 0.0105658 0.0118618 0.0102696 0.00889484 0.00803321 0.00851493 0.00841174 0.00852997 0.00870328 0.00829068 0.00825664 0.00860904 0.00835264 0.00876612 0.00853835 0.00843071 0.00790246 0.00807538 0.00801424 0.00788863 0.0080742 0.00796989 0.00824072 0.00849097 0.00843208 0.00844775 0.00848431 0.00857987 0.00873591 0.00818528 0.00816972 0.00826543 0.0082169 0.00830893 0.00830599 0.00826154 0.00824583 0.00817807 0.00821112 0.00814926 0.00807581 0.00805238 0.00803823 0.00808342 0.00819125 0.00821538 0.00811583 0.00825288 0.00846472 0.0080734 0.00803236 0.00817859 0.00832342 
0.00395669 0.00413942 0 0.00390415 0.00391083 0.0227864 0.0109081 0.00953474 0.00943431 0.0184083 0.0229643 0.0297382 0.0145715 0.016976 0.0104443 0.0146233 0.00943983 0.00935737 0.00839948 0.0094872 0.0148933 0.0186573 0.011569 0.00916282 0.0081546 0.00886639 0.00955028 0.00883472 0.00843169 0.00817546 0.00876692 0.00875156 0.00959349 0.00902133 0.00875624 0.00834772 0.00812536 0.00803117 0.00802562 0.00800452 0.00797963 0.00807635 0.00830148 0.00898009 0.00936877 0.0094347 0.0093298 0.00891016 0.0082284 0.0084463 0.00836782 0.00885711 0.00848438 0.00886052 0.00846085 0.00815366 0.00824035 0.0083734 0.00813631 0.00799266 0.00800814 0.00814382 0.00817307 0.00828051 0.00815987 0.00806116 0.00823976 0.00829258 0.00833505 0.00809876 0.00832432 0.0082151 0.00819801 
0.00478335 0.0040079 0.00390415 0 0.00401991 0.0391803 0.0356516 0.0108285 0.0111213 0.0169688 0.02385 0.0240922 0.0163973 0.0112464 0.011941 0.00977851 0.0122923 0.00970451 0.00893826 0.0109505 0.0162401 0.0145761 0.0188629 0.0099558 0.00867174 0.00915432 0.00965583 0.00997713 0.00842051 0.00879955 0.00884246 0.00877372 0.0089627 0.00929025 0.008815 0.00841227 0.00805699 0.00804419 0.00810066 0.0080325 0.00816749 0.00797191 0.0084697 0.00924716 0.00922288 0.00946272 0.00924838 0.0090279 0.00828457 0.00844516 0.00854129 0.00857804 0.00861376 0.00881196 0.00837095 0.00812694 0.00852444 0.00847892 0.00823385 0.00799742 0.0080245 0.00820222 0.0083864 0.00831392 0.00812788 0.00807538 0.00835769 0.00843367 0.00825726 0.00825282 0.00838678 0.00810989 0.00806236 
0.011361 0.00456965 0.00391083 0.00401991 0 0.0363836 0.0591365 0.0185355 0.0167669 0.012602 0.0123744 0.0123324 0.0117129 0.0105026 0.00993276 0.00942305 0.00930643 0.0122738 0.0118948 0.0169682 0.0109417 0.0107473 0.00974126 0.0123352 0.01265 0.0089103 0.00858581 0.00885853 0.00935188 0.0114622 0.00894946 0.00880913 0.00853682 0.00873867 0.00843384 0.00900682 0.00910679 0.00804424 0.00811722 0.00901498 0.00814201 0.00811545 0.0105967 0.00872487 0.00874708 0.00877754 0.00873452 0.00844229 0.00915132 0.0106359 0.00874588 0.00853238 0.00841962 0.00851871 0.008238 0.00818546 0.00978713 0.00850831 0.00814366 0.00808735 0.00909188 0.00887444 0.00837379 0.00838239 0.00812524 0.00802139 0.00903914 0.00861609 0.00825026 0.00902003 0.00834216 0.00800347 0.00822715 
0.0414468 0.0257321 0.0227864 0.0391803 0.0363836 0 0.00648577 0.0404946 0.0152015 0.0208327 0.0095783 0.0115576 0.00910059 0.011524 0.00865845 0.0113341 0.00948703 0.0138551 0.0151114 0.011723 0.0164976 0.00880716 0.0103928 0.0109181 0.00863635 0.0086916 0.00830012 0.00855824 0.0103779 0.00828609 0.00924393 0.00810658 0.00904854 0.00813592 0.00847787 0.0106894 0.0085576 0.00798673 0.00907883 0.00834129 0.00792893 0.00829972 0.0082788 0.00880953 0.00812743 0.00870384 0.00813498 0.00877166 0.00928969 0.00886989 0.0082511 0.00815583 0.00811094 0.00822141 0.0081293 0.00922403 0.00893239 0.00830823 0.00801841 0.00858989 0.00934592 0.00905898 0.0080097 0.00802477 0.00804481 0.00829506 0.00918921 0.00820274 0.00851697 0.00838988 0.00801056 0.00804403 0.0089444 
0.0176769 0.0150692 0.0109081 0.0356516 0.0591365 0.00648577 0 0.0636491 0.0204457 0.0110559 0.0123141 0.00990615 0.0111602 0.0088322 0.0114148 0.00868458 0.0140908 0.00976272 0.01599 0.01712 0.0094924 0.0100124 0.00897652 0.010374 0.0113695 0.00839563 0.00865583 0.00842944 0.00911245 0.0121378 0.00833277 0.00889634 0.00807855 0.00834676 0.00840401 0.0087329 0.00851688 0.00820758 0.00793294 0.00848685 0.00819493 0.00794337 0.00958964 0.00822754 0.00829981 0.00818607 0.00830084 0.00823299 0.00891575 0.00923609 0.00833349 0.00813544 0.00807567 0.00814052 0.00822063 0.00811359 0.0093755 0.00814321 0.00802613 0.00815945 0.00892227 0.00837753 0.00811611 0.0079674 0.00798535 0.00820107 0.00833902 0.0086936 0.00817449 0.00837198 0.00807487 0.00795483 0.00823268 
0.0120909 0.00940707 0.00953474 0.0108285 0.0185355 0.0404946 0.0636491 0 0.0206346 0.0117787 0.00966342 0.0108351 0.0084745 0.00920569 0.00798387 0.0089928 0.00991055 0.0160007 0.0508013 0.016013 0.0121527 0.00930493 0.0103949 0.0137337 0.0116457 0.00996465 0.00844383 0.00890174 0.0115248 0.00972047 0.00838083 0.00806196 0.00829728 0.00813301 0.00834902 0.0107537 0.00934037 0.00791544 0.00883139 0.00886605 0.0079157 0.0086533 0.0123196 0.00826077 0.00802132 0.00827429 0.00808654 0.00832655 0.0106107 0.00969941 0.00800774 0.00798755 0.00793611 0.0080788 0.00806412 0.00891764 0.00881042 0.00795213 0.00793667 0.00870811 0.0106405 0.00846687 0.0078972 0.00790065 0.0079003 0.0082433 0.00866599 0.0080264 0.00844681 0.0083282 0.00789548 0.00792805 0.00853902 
0.0119652 0.0107845 0.00943431 0.0111213 0.0167669 0.0152015 0.0204457 0.0206346 0 0.00498156 0.00378219 0.00380832 0.00384943 0.00383605 0.00463482 0.00447436 0.0117008 0.00879421 0.0141776 0.0275851 0.00995871 0.0117048 0.0100167 0.0193147 0.0115862 0.00919733 0.00963415 0.00931904 0.0155067 0.0120578 0.00857526 0.0101933 0.00846062 0.00972248 0.00944454 0.0302959 0.00870802 0.00857999 0.00907394 0.00863627 0.00824809 0.00955153 0.0108646 0.00896214 0.00949197 0.00843854 0.00937691 0.00896782 0.0161659 0.00886641 0.00825807 0.00844744 0.00826456 0.00827137 0.00955395 0.00940574 0.008981 0.00814216 0.00842478 0.00923552 0.00913746 0.00880934 0.00805459 0.00796174 0.0080733 0.00897339 0.00839703 0.00817306 0.00859039 0.00832647 0.00796275 0.00817054 0.00888588 
0.0107551 0.0134067 0.0184083 0.0169688 0.012602 0.0208327 0.0110559 0.0117787 0.00498156 0 0.00377539 0.00381677 0.00382246 0.00383938 0.0038897 0.00513551 0.00462567 0.00912969 0.00796184 0.0105477 0.0611556 0.0115535 0.0307784 0.011038 0.010759 0.0212487 0.0124157 0.015024 0.0115155 0.00870235 0.0194261 0.00899889 0.0240794 0.00984484 0.0370066 0.0123635 0.00941189 0.00850682 0.00984134 0.00864547 0.00875706 0.00859253 0.0101545 0.0279764 0.010084 0.0259617 0.0112415 0.021047 0.00982069 0.0102273 0.0106651 0.0107673 0.0101801 0.011745 0.00911075 0.0103084 0.00850817 0.00890198 0.00852182 0.00836328 0.00806343 0.00833623 0.00834298 0.00851923 0.00866335 0.00832575 0.00891381 0.00867043 0.00852757 0.00807842 0.00825179 0.00850086 0.00834532 
0.0104212 0.0152993 0.0229643 0.02385 0.0123744 0.0095783 0.0123141 0.00966342 0.00378219 0.00377539 0 0.00375946 0.00375394 0.00379233 0.00383361 0.00393428 0.00434314 0.00416396 0.00750862 0.0145347 0.0118935 0.074593 0.0139133 0.0141005 0.0115404 0.0144694 0.0641841 0.015096 0.0106185 0.0106968 0.00966801 0.0460675 0.0113745 0.0837104 0.0113149 0.0114687 0.00875628 0.00913687 0.00864411 0.00873521 0.0087255 0.00875951 0.0148446 0.0132132 0.0744862 0.0206657 0.0877718 0.0132736 0.0116681 0.00955218 0.015372 0.0194036 0.0239379 0.0164569 0.0125222 0.00868071 0.0089482 0.00893296 0.00884369 0.00829 0.00806055 0.00819903 0.0089416 0.00897746 0.00872144 0.00850881 0.00868092 0.00907592 0.00861987 0.00807477 0.00851948 0.00849971 0.00808049 
0.0106686 0.0121312 0.0297382 0.0240922 0.0123324 0.0115576 0.00990615 0.0108351 0.00380832 0.00381677 0.00375946 0 0.003766 0.00378419 0.00378687 0.00400394 0.00378295 0.00406726 0.00703691 0.00968256 0.0499559 0.0178705 0.0490299 0.0131333 0.0105476 0.0313619 0.0265076 0.0275093 0.0118741 0.00872391 0.0214014 0.0105407 0.0793751 0.0131701 0.028232 0.0106866 0.00916457 0.00842415 0.00957637 0.00859294 0.00875378 0.00889482 0.0101213 0.0476416 0.0193646 0.134043 0.0238107 0.0401965 0.0100441 0.010371 0.0135706 0.0271374 0.0225558 0.0332358 0.0100265 0.00986398 0.00856203 0.00939723 0.00884047 0.00828449 0.007852 0.00827335 0.00855912 0.00963802 0.00895443 0.00822316 0.00884947 0.00880144 0.00903998 0.00802699 0.00841356 0.00870697 0.00824698 
0.00963672 0.0113429 0.0145715 0.0163973 0.0117129 0.00910059 0.0111602 0.0084745 0.00384943 0.00382246 0.00375394 0.003766 0 0.00372211 0.00380826 0.00378317 0.0037731 0.00382757 0.00705685 0.013344 0.010135 0.0477694 0.0135582 0.0251389 0.0133551 0.0116303 0.0342005 0.0127813 0.0107332 0.00967187 0.00896371 0.0597699 0.00940798 0.0401784 0.0100684 0.0114814 0.00853432 0.00885194 0.00856915 0.00842912 0.00840133 0.00864406 0.0123764 0.0103671 0.0742356 0.01299 0.0598102 0.0122379 0.0110881 0.00908196 0.0125462 0.0173776 0.0186482 0.0122092 0.0140859 0.00859856 0.00848663 0.00853764 0.00850685 0.00821474 0.00790556 0.00810478 0.00871076 0.00856892 0.00839514 0.00822528 0.008321 0.00862746 0.00831245 0.00796474 0.00827123 0.0082856 0.00800042 
0.00967089 0.00996316 0.016976 0.0112464 0.0105026 0.011524 0.0088322 0.00920569 0.00383605 0.00383938 0.00379233 0.00378419 0.00372211 0 0.00374743 0.00379982 0.00376193 0.00376212 0.00570728 0.0080933 0.03597 0.0106065 0.0489144 0.0157118 0.00997815 0.015496 0.0142627 0.0138347 0.0110292 0.00842101 0.0427419 0.00874444 0.0464843 0.00959887 0.0183457 0.0101519 0.00915926 0.00826852 0.0100441 0.00850524 0.00839098 0.00891249 0.00909758 0.044483 0.0118822 0.0710839 0.0118854 0.0227534 0.00909563 0.00997427 0.0165301 0.0162009 0.0125928 0.0327574 0.0101642 0.0117189 0.00831303 0.00967546 0.00842889 0.00820931 0.00789076 0.00821842 0.00831615 0.00893656 0.00871624 0.00816749 0.00884022 0.00832089 0.00865223 0.00798648 0.00829198 0.00823669 0.00812923 
0.00901417 0.0104337 0.0104443 0.011941 0.00993276 0.00865845 0.0114148 0.00798387 0.00463482 0.0038897 0.00383361 0.00378687 0.00380826 0.00374743 0 0.00374157 0.0037463 0.00376195 0.0063191 0.0242334 0.00972221 0.0974352 0.0194498 0.0129417 0.00961085 0.00999307 0.0212046 0.011445 0.00962053 0.0402595 0.00867101 0.0452965 0.0087681 0.0349508 0.00923354 0.00969171 0.00831562 0.00874738 0.00821579 0.00829237 0.00827729 0.00826803 0.0140352 0.00897656 0.0510356 0.00994156 0.0358366 0.00933139 0.0106468 0.00915609 0.00976039 0.0120867 0.0140473 0.00978785 0.0118855 0.00812596 0.00837882 0.00839966 0.00825798 0.00818409 0.00789528 0.00799772 0.00830865 0.00843774 0.00825416 0.00813985 0.0082266 0.00847099 0.00809191 0.00799489 0.00821815 0.00817553 0.00797449 
0.00911858 0.00902149 0.0146233 0.00977851 0.00942305 0.0113341 0.00868458 0.0089928 0.00447436 0.00513551 0.00393428 0.00400394 0.00378317 0.00379982 0.00374157 0 0.00381075 0.0037656 0.00545929 0.00916395 0.0688639 0.0157208 0.0342445 0.00907246 0.00890257 0.0124943 0.0145146 0.0113697 0.0103553 0.00835616 0.0268382 0.00864263 0.0395511 0.00910246 0.0110564 0.00957392 0.00912543 0.00826452 0.00930357 0.00866574 0.00823993 0.00880839 0.00866059 0.0278925 0.0110185 0.0394189 0.0112449 0.0128711 0.00867789 0.00928135 0.00980175 0.0118013 0.0100597 0.0140443 0.00856005 0.00895046 0.00821182 0.00877135 0.00829957 0.00814082 0.00790937 0.00813921 0.00818326 0.0087919 0.00845522 0.00806386 0.00859693 0.00818051 0.00841681 0.00794778 0.00819681 0.008156 0.00809325 
0.00888734 0.0104764 0.00943983 0.0122923 0.00930643 0.00948703 0.0140908 0.00991055 0.0117008 0.00462567 0.00434314 0.00378295 0.0037731 0.00376193 0.0037463 0.00381075 0 0.00376989 0.219679 0.0336476 0.0176354 0.049343 0.0123048 0.00898107 0.0119613 0.0125302 0.0132409 0.0136377 0.00941058 0.0142806 0.00892213 0.023792 0.00868817 0.014539 0.0103024 0.00934586 0.0083428 0.0104214 0.00820309 0.00834818 0.00977395 0.00817782 0.0113045 0.00976105 0.0238935 0.00956307 0.0156329 0.010449 0.00935902 0.00909682 0.00998017 0.0094445 0.0103317 0.0088621 0.0106549 0.00812505 0.00866302 0.00824872 0.00827132 0.00799558 0.00803979 0.00805245 0.00848985 0.0081376 0.00813628 0.00802139 0.00815774 0.00848317 0.00807635 0.00801346 0.0081334 0.00803259 0.00786343 
0.0111814 0.00975474 0.00935737 0.00970451 0.0122738 0.0138551 0.00976272 0.0160007 0.00879421 0.00912969 0.00416396 0.00406726 0.00382757 0.00376212 0.00376195 0.0037656 0.00376989 0 0.107295 0.0251649 0.0283703 0.00985734 0.0114315 0.0163477 0.0169983 0.0103331 0.00964343 0.0097469 0.0155531 0.0114584 0.0132901 0.00854032 0.0101925 0.00870278 0.00931889 0.0107339 0.0113483 0.00807066 0.00910218 0.0108161 0.0081504 0.00932989 0.0100616 0.0108005 0.00898534 0.0112783 0.00901699 0.0100282 0.0121407 0.0132606 0.00860712 0.00882901 0.00847672 0.00870984 0.00838983 0.00931956 0.00979581 0.00827616 0.00812124 0.00802705 0.00912236 0.00871274 0.00797777 0.0080333 0.00810734 0.00803993 0.00874425 0.00807069 0.00849848 0.00849844 0.00799878 0.00794794 0.00809194 
0.0112376 0.00886764 0.00839948 0.00893826 0.0118948 0.0151114 0.01599 0.0508013 0.0141776 0.00796184 0.00750862 0.00703691 0.00705685 0.00570728 0.0063191 0.00545929 0.219679 0.107295 0 0.0297303 0.00546088 0.00463789 0.00590073 0.00770242 0.0150989 0.00930561 0.00842357 0.0093509 0.0133917 0.0213003 0.00923683 0.00917329 0.00838186 0.00871582 0.00870952 0.0125243 0.00991557 0.00892546 0.00886153 0.0104159 0.00820156 0.0086993 0.0127806 0.0084358 0.00824604 0.00817768 0.00826385 0.00831714 0.01158 0.012195 0.00845159 0.00806946 0.00802764 0.00801537 0.00845399 0.00920303 0.0111368 0.00807361 0.00800854 0.00923675 0.0134745 0.0089482 0.00816648 0.00788383 0.00792606 0.00900641 0.00884258 0.00812191 0.00834704 0.00905585 0.00802962 0.00806843 0.00884258 
0.00940215 0.00944944 0.0094872 0.0109505 0.0169682 0.011723 0.01712 0.016013 0.0275851 0.0105477 0.0145347 0.00968256 0.013344 0.0080933 0.0242334 0.00916395 0.0336476 0.0251649 0.0297303 0 0.00399744 0.00377856 0.0038092 0.00420364 0.0991109 0.0115543 0.0131599 0.0142346 0.269058 0.0123359 0.00943202 0.0124245 0.0094705 0.0136705 0.0127062 0.0314396 0.00948491 0.00934449 0.0118752 0.00964106 0.00887171 0.0131974 0.0201236 0.0104848 0.0143595 0.0102822 0.016241 0.0114623 0.0288744 0.0119783 0.00957572 0.00975371 0.00916355 0.00949664 0.0110074 0.0123955 0.00964025 0.00857534 0.00869606 0.0115017 0.00919711 0.00852806 0.00808136 0.00811227 0.00827156 0.0102709 0.00871442 0.00863011 0.0104563 0.00843091 0.00804658 0.00854469 0.0096093 
0.00967361 0.0105658 0.0148933 0.0162401 0.0109417 0.0164976 0.0094924 0.0121527 0.00995871 0.0611556 0.0118935 0.0499559 0.010135 0.03597 0.00972221 0.0688639 0.0176354 0.0283703 0.00546088 0.00399744 0 0.0037879 0.00380897 0.00378475 0.0384235 0.144554 0.015051 0.298239 0.0142482 0.00896529 0.0348684 0.00975018 0.043488 0.0115129 0.0308152 0.0148922 0.010503 0.00950879 0.0120004 0.00946604 0.0108097 0.00949858 0.0117158 0.0710235 0.0136135 0.0796464 0.0155972 0.0484708 0.0110665 0.0124523 0.0182716 0.0177314 0.017649 0.026171 0.0104393 0.0113391 0.0102832 0.0101849 0.00906717 0.00865539 0.00806068 0.00868051 0.00838059 0.0089879 0.0101828 0.00841563 0.00961893 0.00941274 0.00950151 0.00812744 0.0083282 0.00865384 0.0084324 
0.0091136 0.0118618 0.0186573 0.0145761 0.0107473 0.00880716 0.0100124 0.00930493 0.0117048 0.0115535 0.074593 0.0178705 0.0477694 0.0106065 0.0974352 0.0157208 0.049343 0.00985734 0.00463789 0.00377856 0.0037879 0 0.00377003 0.00375728 0.0297152 0.0337626 0.671861 0.0178511 0.0112929 0.0119954 0.00965529 0.0655881 0.0109314 0.097306 0.0146373 0.0108856 0.009382 0.0108192 0.00898975 0.010082 0.00936262 0.00936886 0.0189085 0.0159723 0.16168 0.023075 0.198566 0.015158 0.0121873 0.0107189 0.0223514 0.0323641 0.0387298 0.0250123 0.018072 0.00886105 0.00920478 0.00964182 0.00977764 0.00827826 0.00790768 0.00832299 0.00979226 0.0100607 0.00889602 0.00867891 0.00875283 0.00915813 0.00881393 0.00812027 0.00868549 0.00878543 0.00810021 
0.009186 0.0102696 0.011569 0.0188629 0.00974126 0.0103928 0.00897652 0.0103949 0.0100167 0.0307784 0.0139133 0.0490299 0.0135582 0.0489144 0.0194498 0.0342445 0.0123048 0.0114315 0.00590073 0.0038092 0.00380897 0.00377003 0 0.00392115 0.0161269 0.520274 0.0307986 0.24779 0.0170256 0.00905185 0.0283281 0.0103072 0.0339437 0.0112825 0.0417188 0.0151352 0.0103529 0.0104186 0.0096563 0.00951742 0.0122972 0.00984043 0.0108217 0.0557527 0.0165973 0.100332 0.0155471 0.0823848 0.0107289 0.0114134 0.01822 0.0184302 0.017051 0.0288958 0.0109372 0.00986059 0.00902498 0.00946872 0.00903071 0.00843229 0.00797338 0.00846496 0.00927872 0.00956396 0.00945706 0.00833616 0.00898898 0.00896729 0.00912003 0.00816877 0.00832803 0.00844527 0.00802652 
0.0101642 0.00889484 0.00916282 0.0099558 0.0123352 0.0109181 0.010374 0.0137337 0.0193147 0.011038 0.0141005 0.0131333 0.0251389 0.0157118 0.0129417 0.00907246 0.00898107 0.0163477 0.00770242 0.00420364 0.00378475 0.00375728 0.00392115 0 0.384735 0.0118215 0.0370875 0.0544931 0.184111 0.0165623 0.00977771 0.0118877 0.00957039 0.0111266 0.0159046 0.0340667 0.0121176 0.00888436 0.00995499 0.0127513 0.00868791 0.0104772 0.0196088 0.010633 0.017 0.0126109 0.0136058 0.0124756 0.0248752 0.016035 0.0101343 0.0101232 0.0100189 0.00971425 0.0107247 0.0101031 0.0107596 0.00857191 0.00855759 0.0086038 0.00905444 0.00962437 0.00827524 0.00838349 0.00846474 0.00838345 0.00951861 0.00834906 0.00987588 0.0087739 0.00809824 0.00814543 0.00811482 
0.0081803 0.00803321 0.0081546 0.00867174 0.01265 0.00863635 0.0113695 0.0116457 0.0115862 0.010759 0.0115404 0.0105476 0.0133551 0.00997815 0.00961085 0.00890257 0.0119613 0.0169983 0.0150989 0.0991109 0.0384235 0.0297152 0.0161269 0.384735 0 0.0054566 0.00380057 0.0038685 0.00414497 0.00774277 0.00641242 0.00817036 0.0102065 0.0678573 0.0936868 0.123542 0.0078788 0.009518 0.0133969 0.00923972 0.00892651 0.0205694 0.0159061 0.0102216 0.0121287 0.0104174 0.0124892 0.0144582 0.029118 0.0113655 0.00949664 0.00979146 0.00946142 0.0104584 0.0117772 0.0170349 0.0093283 0.00846491 0.00862877 0.0132395 0.00942987 0.00804569 0.00800569 0.008203 0.00824054 0.0123747 0.00854701 0.00833304 0.0123629 0.00827239 0.00803854 0.00827587 0.0098859 
0.00831276 0.00851493 0.00886639 0.00915432 0.0089103 0.0086916 0.00839563 0.00996465 0.00919733 0.0212487 0.0144694 0.0313619 0.0116303 0.015496 0.00999307 0.0124943 0.0125302 0.0103331 0.00930561 0.0115543 0.144554 0.0337626 0.520274 0.0118215 0.0054566 0 0.0037736 0.00378727 0.00378797 0.00590662 0.00959767 0.0192292 0.115325 0.048464 0.0738868 0.0189725 0.00864865 0.00886095 0.00973948 0.0088384 0.011951 0.00925839 0.0112652 0.0324307 0.0116936 0.0309977 0.0127899 0.0327986 0.0110728 0.011293 0.0178735 0.0136763 0.0157577 0.0166374 0.0133754 0.0104539 0.00909665 0.00962547 0.00934134 0.00897766 0.00802138 0.00840743 0.00866315 0.00892276 0.0105251 0.00858191 0.00958911 0.00935271 0.0090048 0.00822045 0.00836632 0.00852809 0.00844678 
0.00817021 0.00841174 0.00955028 0.00965583 0.00858581 0.00830012 0.00865583 0.00844383 0.00963415 0.0124157 0.0641841 0.0265076 0.0342005 0.0142627 0.0212046 0.0145146 0.0132409 0.00964343 0.00842357 0.0131599 0.015051 0.671861 0.0307986 0.0370875 0.00380057 0.0037736 0 0.00374587 0.00376854 0.00582926 0.0538795 0.144031 0.0444562 0.0392652 0.0261384 0.00805385 0.0083118 0.00846407 0.00830061 0.0104326 0.00883719 0.00963879 0.0144403 0.0137393 0.0735173 0.0162013 0.0884358 0.0168789 0.0113089 0.0122418 0.0156269 0.0372949 0.0265043 0.0260765 0.0148682 0.00901169 0.00928276 0.0111002 0.00945183 0.00862541 0.00801454 0.00840423 0.00972251 0.0118827 0.00893514 0.00875958 0.00898087 0.0091217 0.00932753 0.00823006 0.00863569 0.00857688 0.00810814 
0.00833825 0.00852997 0.00883472 0.00997713 0.00885853 0.00855824 0.00842944 0.00890174 0.00931904 0.015024 0.015096 0.0275093 0.0127813 0.0138347 0.011445 0.0113697 0.0136377 0.0097469 0.0093509 0.0142346 0.298239 0.0178511 0.24779 0.0544931 0.0038685 0.00378727 0.00374587 0 0.00376278 0.0392685 0.133718 0.0397593 0.0304009 0.00879609 0.00878552 0.00861134 0.00819443 0.011686 0.00852673 0.00904084 0.0144398 0.00943748 0.0117924 0.0305754 0.0155896 0.0376973 0.0164327 0.0436439 0.0118805 0.0113816 0.0216274 0.01521 0.0173554 0.0162936 0.0141956 0.00957551 0.0104767 0.00972712 0.0098465 0.00862909 0.00822729 0.00857694 0.0113471 0.00928575 0.00978127 0.0085205 0.00909921 0.010321 0.00928294 0.00862356 0.00843262 0.00864452 0.00821603 
0.00976704 0.00870328 0.00843169 0.00842051 0.00935188 0.0103779 0.00911245 0.0115248 0.0155067 0.0115155 0.0106185 0.0118741 0.0107332 0.0110292 0.00962053 0.0103553 0.00941058 0.0155531 0.0133917 0.269058 0.0142482 0.0112929 0.0170256 0.184111 0.00414497 0.00378797 0.00376854 0.00376278 0 0.0847614 0.124265 0.0196232 0.0115641 0.00659605 0.00757646 0.0138143 0.0121178 0.00762819 0.0108131 0.0146408 0.00903988 0.0118657 0.0251693 0.0124475 0.0124426 0.0123364 0.0112029 0.0131369 0.0256262 0.0279559 0.0113901 0.0111452 0.0101145 0.0108725 0.00960681 0.0135324 0.0163492 0.00963496 0.00861869 0.00955996 0.0109423 0.0125832 0.00858838 0.00865129 0.00866104 0.00876443 0.0115415 0.0090596 0.0107389 0.0111426 0.00866193 0.00826572 0.008992 
0.00823756 0.00829068 0.00817546 0.00879955 0.0114622 0.00828609 0.0121378 0.00972047 0.0120578 0.00870235 0.0106968 0.00872391 0.00967187 0.00842101 0.0402595 0.00835616 0.0142806 0.0114584 0.0213003 0.0123359 0.00896529 0.0119954 0.00905185 0.0165623 0.00774277 0.00590662 0.00582926 0.0392685 0.0847614 0 0.00433058 0.00403728 0.00376726 0.00422322 0.00450278 0.00663465 0.00587332 0.0103618 0.0071947 0.00806924 0.00879098 0.015313 0.0196355 0.00828625 0.0139058 0.00857266 0.0122909 0.0101222 0.0947459 0.0109227 0.00936071 0.0091111 0.00997882 0.00867151 0.0163194 0.0136803 0.0106855 0.00847144 0.00901658 0.0158225 0.0106487 0.0081112 0.00830662 0.00808135 0.00850409 0.0147862 0.0084128 0.00888268 0.0108036 0.00850074 0.00809002 0.00894002 0.0102407 
0.00831799 0.00825664 0.00876692 0.00884246 0.00894946 0.00924393 0.00833277 0.00838083 0.00857526 0.0194261 0.00966801 0.0214014 0.00896371 0.0427419 0.00867101 0.0268382 0.00892213 0.0132901 0.00923683 0.00943202 0.0348684 0.00965529 0.0283281 0.00977771 0.00641242 0.00959767 0.0538795 0.133718 0.124265 0.00433058 0 0.00375081 0.00381528 0.0037767 0.00390754 0.003938 0.00725382 0.00610806 0.00930536 0.00782214 0.0088615 0.00886316 0.0090159 0.0417808 0.00890281 0.0275874 0.00912318 0.112409 0.0100661 0.0114066 0.0118065 0.012592 0.00991172 0.0189599 0.0100544 0.0235967 0.00882826 0.0104679 0.00908257 0.00939877 0.00830622 0.00916457 0.00817402 0.00925923 0.0100318 0.0086316 0.0103567 0.00881731 0.00948773 0.00832354 0.00825251 0.00866114 0.00895935 
0.0081386 0.00860904 0.00875156 0.00877372 0.00880913 0.00810658 0.00889634 0.00806196 0.0101933 0.00899889 0.0460675 0.0105407 0.0597699 0.00874444 0.0452965 0.00864263 0.023792 0.00854032 0.00917329 0.0124245 0.00975018 0.0655881 0.0103072 0.0118877 0.00817036 0.0192292 0.144031 0.0397593 0.0196232 0.00403728 0.00375081 0 0.00378441 0.00376234 0.00381002 0.00384754 0.00489045 0.00708716 0.0056313 0.00771241 0.00861576 0.00820129 0.011547 0.00861685 0.0378737 0.00888432 0.125347 0.00958113 0.0109103 0.0101941 0.0111428 0.0125693 0.0200626 0.0131873 0.0336927 0.00853858 0.0098625 0.00883995 0.0100339 0.0093959 0.0082411 0.00804536 0.0108898 0.00960401 0.00859397 0.00932401 0.00839809 0.00971632 0.00840558 0.00812739 0.00839275 0.00897668 0.00826007 
0.00846266 0.00835264 0.00959349 0.0089627 0.00853682 0.00904854 0.00807855 0.00829728 0.00846062 0.0240794 0.0113745 0.0793751 0.00940798 0.0464843 0.0087681 0.0395511 0.00868817 0.0101925 0.00838186 0.0094705 0.043488 0.0109314 0.0339437 0.00957039 0.0102065 0.115325 0.0444562 0.0304009 0.0115641 0.00376726 0.00381528 0.00378441 0 0.00375447 0.00375366 0.00381862 0.0153323 0.00463979 0.0156348 0.0136746 0.00757538 0.00822732 0.00904483 0.025735 0.00927924 0.210235 0.00960405 0.0179619 0.00934713 0.0111572 0.0112436 0.0173354 0.0147006 0.0335492 0.00934416 0.0130447 0.00907717 0.0129534 0.00907873 0.00880271 0.00820142 0.00964921 0.00847056 0.0122519 0.0101062 0.00840322 0.0114986 0.00858154 0.0101642 0.00875526 0.00839439 0.00858211 0.00873675 
0.00831887 0.00876612 0.00902133 0.00929025 0.00873867 0.00813592 0.00834676 0.00813301 0.00972248 0.00984484 0.0837104 0.0131701 0.0401784 0.00959887 0.0349508 0.00910246 0.014539 0.00870278 0.00871582 0.0136705 0.0115129 0.097306 0.0112825 0.0111266 0.0678573 0.048464 0.0392652 0.00879609 0.00659605 0.00422322 0.0037767 0.00376234 0.00375447 0 0.00374541 0.00376593 0.00422541 0.026384 0.00653589 0.00747511 0.00770819 0.00869228 0.0116133 0.00936713 0.166785 0.0107914 0.0249896 0.0108343 0.0115244 0.0108697 0.014073 0.02355 0.023788 0.0128791 0.0158042 0.00871904 0.00987199 0.00958756 0.010097 0.0089103 0.00815281 0.00831488 0.0115499 0.0105069 0.00902518 0.00904018 0.00881497 0.0102686 0.00919925 0.00815616 0.0086023 0.00886306 0.00827369 
0.00838968 0.00853835 0.00875624 0.008815 0.00843384 0.00847787 0.00840401 0.00834902 0.00944454 0.0370066 0.0113149 0.028232 0.0100684 0.0183457 0.00923354 0.0110564 0.0103024 0.00931889 0.00870952 0.0127062 0.0308152 0.0146373 0.0417188 0.0159046 0.0936868 0.0738868 0.0261384 0.00878552 0.00757646 0.00450278 0.00390754 0.00381002 0.00375366 0.00374541 0 0.0037513 0.0154746 0.0161918 0.0048461 0.0080203 0.00988156 0.00788207 0.0109734 0.122583 0.0121122 0.0144557 0.0138077 0.0250916 0.0115339 0.012655 0.0180249 0.016167 0.0127689 0.014694 0.0138016 0.0101886 0.0110772 0.0130125 0.0105359 0.00881421 0.00843199 0.00908415 0.0102077 0.00933363 0.0111639 0.00862465 0.00944149 0.0117787 0.00925872 0.0087792 0.00878102 0.0089494 0.00822791 
0.0100242 0.00843071 0.00834772 0.00841227 0.00900682 0.0106894 0.0087329 0.0107537 0.0302959 0.0123635 0.0114687 0.0106866 0.0114814 0.0101519 0.00969171 0.00957392 0.00934586 0.0107339 0.0125243 0.0314396 0.0148922 0.0108856 0.0151352 0.0340667 0.123542 0.0189725 0.00805385 0.00861134 0.0138143 0.00663465 0.003938 0.00384754 0.00381862 0.00376593 0.0037513 0 0.00764667 0.0041997 0.00477223 0.012008 0.0083205 0.0090116 0.0847686 0.0143957 0.0101319 0.0125465 0.0115946 0.0145077 0.0268962 0.0277821 0.0140189 0.0109082 0.0104075 0.0110416 0.0105171 0.0128738 0.0270361 0.010638 0.00918985 0.00988862 0.0132948 0.0170549 0.00903975 0.00903097 0.00893325 0.00907162 0.0161451 0.00964198 0.0122021 0.0153073 0.00880773 0.0085516 0.00939769 
0.00819346 0.00790246 0.00812536 0.00805699 0.00910679 0.0085576 0.00851688 0.00934037 0.00870802 0.00941189 0.00875628 0.00916457 0.00853432 0.00915926 0.00831562 0.00912543 0.0083428 0.0113483 0.00991557 0.00948491 0.010503 0.009382 0.0103529 0.0121176 0.0078788 0.00864865 0.0083118 0.00819443 0.0121178 0.00587332 0.00725382 0.00489045 0.0153323 0.00422541 0.0154746 0.00764667 0 0.00378074 0.00380005 0.00468303 0.00557182 0.840418 0.0071092 0.00776464 0.00790169 0.00941543 0.00776735 0.0107848 0.0187505 0.0106536 0.00948456 0.00928128 0.00896857 0.00997932 0.00917358 0.0197703 0.00960838 0.00908021 0.00872435 0.0125724 0.00946247 0.0090213 0.00809639 0.00868698 0.008614 0.00928087 0.0100437 0.00832128 0.0132607 0.00835727 0.00809991 0.0082838 0.0101726 
0.00786842 0.00807538 0.00803117 0.00804419 0.00804424 0.00798673 0.00820758 0.00791544 0.00857999 0.00850682 0.00913687 0.00842415 0.00885194 0.00826852 0.00874738 0.00826452 0.0104214 0.00807066 0.00892546 0.00934449 0.00950879 0.0108192 0.0104186 0.00888436 0.009518 0.00886095 0.00846407 0.011686 0.00762819 0.0103618 0.00610806 0.00708716 0.00463979 0.026384 0.0161918 0.0041997 0.00378074 0 0.00373529 0.00442442 0.931336 0.00549786 0.00763398 0.00650268 0.00748186 0.00735587 0.00835695 0.0102353 0.00839014 0.00939048 0.0105015 0.00899154 0.00921006 0.00868358 0.0245177 0.008226 0.00903797 0.00913512 0.00941855 0.00841261 0.00847378 0.00797398 0.00890894 0.00812086 0.00835453 0.00841391 0.00815397 0.0114205 0.00818081 0.00805839 0.0084133 0.00832048 0.00796536 
0.00852274 0.00801424 0.00802562 0.00810066 0.00811722 0.00907883 0.00793294 0.00883139 0.00907394 0.00984134 0.00864411 0.00957637 0.00856915 0.0100441 0.00821579 0.00930357 0.00820309 0.00910218 0.00886153 0.0118752 0.0120004 0.00898975 0.0096563 0.00995499 0.0133969 0.00973948 0.00830061 0.00852673 0.0108131 0.0071947 0.00930536 0.0056313 0.0156348 0.00653589 0.0048461 0.00477223 0.00380005 0.00373529 0 0.936625 0.00434906 0.00519545 0.0064101 0.00811666 0.00645275 0.0100257 0.00743436 0.00841461 0.00892883 0.0126394 0.00937487 0.00883556 0.00909759 0.00952993 0.00867266 0.012158 0.0143015 0.00932877 0.00837316 0.00858347 0.0106792 0.0127154 0.00824231 0.00851379 0.0086552 0.00824351 0.0150408 0.00833077 0.00966338 0.0114993 0.00819747 0.00815399 0.0087574 
0.00823946 0.00788863 0.00800452 0.0080325 0.00901498 0.00834129 0.00848685 0.00886605 0.00863627 0.00864547 0.00873521 0.00859294 0.00842912 0.00850524 0.00829237 0.00866574 0.00834818 0.0108161 0.0104159 0.00964106 0.00946604 0.010082 0.00951742 0.0127513 0.00923972 0.0088384 0.0104326 0.00904084 0.0146408 0.00806924 0.00782214 0.00771241 0.0136746 0.00747511 0.0080203 0.012008 0.00468303 0.00442442 0.936625 0 0.00389398 0.00381998 0.00404222 0.00455731 0.0046531 0.00510662 0.00640277 0.00631328 0.011721 0.00822566 0.00892979 0.00912239 0.00867357 0.00906198 0.00986371 0.0206554 0.012051 0.00924234 0.00902852 0.0136775 0.0102822 0.00891098 0.0082759 0.00861895 0.00880934 0.0107485 0.0102271 0.00835029 0.0133444 0.00856946 0.00809442 0.00856075 0.0108416 
0.00783998 0.0080742 0.00797963 0.00816749 0.00814201 0.00792893 0.00819493 0.0079157 0.00824809 0.00875706 0.0087255 0.00875378 0.00840133 0.00839098 0.00827729 0.00823993 0.00977395 0.0081504 0.00820156 0.00887171 0.0108097 0.00936262 0.0122972 0.00868791 0.00892651 0.011951 0.00883719 0.0144398 0.00903988 0.00879098 0.0088615 0.00861576 0.00757538 0.00770819 0.00988156 0.0083205 0.00557182 0.931336 0.00434906 0.00389398 0 0.00377051 0.00485263 0.00439593 0.00431434 0.00420486 0.0048423 0.00929423 0.00642489 0.00729898 0.0157499 0.00839836 0.00955511 0.00896008 0.0145948 0.0089894 0.0096144 0.00969033 0.00929131 0.00909124 0.00848462 0.00816958 0.00956777 0.00832706 0.00941702 0.00832924 0.00854585 0.0140049 0.00848325 0.0082565 0.00840965 0.00861456 0.00814312 
0.00869284 0.00796989 0.00807635 0.00797191 0.00811545 0.00829972 0.00794337 0.0086533 0.00955153 0.00859253 0.00875951 0.00889482 0.00864406 0.00891249 0.00826803 0.00880839 0.00817782 0.00932989 0.0086993 0.0131974 0.00949858 0.00936886 0.00984043 0.0104772 0.0205694 0.00925839 0.00963879 0.00943748 0.0118657 0.015313 0.00886316 0.00820129 0.00822732 0.00869228 0.00788207 0.0090116 0.840418 0.00549786 0.00519545 0.00381998 0.00377051 0 0.0100642 0.00431831 0.00427076 0.00392893 0.00917316 0.00498928 0.00668757 0.0123439 0.00897654 0.00857196 0.0084969 0.00861185 0.00929256 0.0192925 0.0154343 0.00890061 0.00855136 0.00883349 0.0112796 0.0115082 0.00838267 0.00915134 0.00849052 0.00875664 0.0121098 0.00851268 0.0104051 0.0116606 0.00846792 0.0082648 0.00853363 
0.00839201 0.00824072 0.00830148 0.0084697 0.0105967 0.0082788 0.00958964 0.0123196 0.0108646 0.0101545 0.0148446 0.0101213 0.0123764 0.00909758 0.0140352 0.00866059 0.0113045 0.0100616 0.0127806 0.0201236 0.0117158 0.0189085 0.0108217 0.0196088 0.0159061 0.0112652 0.0144403 0.0117924 0.0251693 0.0196355 0.0090159 0.011547 0.00904483 0.0116133 0.0109734 0.0847686 0.0071092 0.00763398 0.0064101 0.00404222 0.00485263 0.0100642 0 0.00387841 0.00380952 0.00382158 0.00382878 0.00401088 0.00621175 0.0111635 0.0105622 0.00899225 0.01139 0.00984228 0.581371 0.0300915 0.0248432 0.0110142 0.011222 0.0187442 0.0110743 0.00971274 0.0111942 0.00942691 0.0097989 0.0218253 0.0126936 0.0142998 0.0157319 0.0103583 0.00884295 0.00944774 0.0118831 
0.00835551 0.00849097 0.00898009 0.00924716 0.00872487 0.00880953 0.00822754 0.00826077 0.00896214 0.0279764 0.0132132 0.0476416 0.0103671 0.044483 0.00897656 0.0278925 0.00976105 0.0108005 0.0084358 0.0104848 0.0710235 0.0159723 0.0557527 0.010633 0.0102216 0.0324307 0.0137393 0.0305754 0.0124475 0.00828625 0.0417808 0.00861685 0.025735 0.00936713 0.122583 0.0143957 0.00776464 0.00650268 0.00811666 0.00455731 0.00439593 0.00431831 0.00387841 0 0.00375406 0.00380787 0.00376833 0.00395449 0.00384157 0.00920675 0.00982792 0.011685 0.010088 0.640217 0.0270667 0.0167872 0.011726 0.0367008 0.014849 0.0102773 0.00885249 0.011929 0.010408 0.0186416 0.025912 0.00887008 0.0235219 0.0130555 0.0143657 0.0092891 0.0106031 0.0104917 0.00908448 
0.00827127 0.00843208 0.00936877 0.00922288 0.00874708 0.00812743 0.00829981 0.00802132 0.00949197 0.010084 0.0744862 0.0193646 0.0742356 0.0118822 0.0510356 0.0110185 0.0238935 0.00898534 0.00824604 0.0143595 0.0136135 0.16168 0.0165973 0.017 0.0121287 0.0116936 0.0735173 0.0155896 0.0124426 0.0139058 0.00890281 0.0378737 0.00927924 0.166785 0.0121122 0.0101319 0.00790169 0.00748186 0.00645275 0.0046531 0.00431434 0.00427076 0.00380952 0.00375406 0 0.00375077 0.00375657 0.00379439 0.00380042 0.00786812 0.0109033 0.00893865 0.659436 0.0206681 0.0257766 0.0090864 0.0166609 0.0165377 0.0174898 0.00981923 0.0086783 0.00892365 0.0248525 0.0195722 0.0116009 0.0133553 0.00970785 0.0202517 0.0103103 0.0089882 0.0111544 0.0103284 0.00861223 
0.008363 0.00844775 0.0094347 0.00946272 0.00877754 0.00870384 0.00818607 0.00827429 0.00843854 0.0259617 0.0206657 0.134043 0.01299 0.0710839 0.00994156 0.0394189 0.00956307 0.0112783 0.00817768 0.0102822 0.0796464 0.023075 0.100332 0.0126109 0.0104174 0.0309977 0.0162013 0.0376973 0.0123364 0.00857266 0.0275874 0.00888432 0.210235 0.0107914 0.0144557 0.0125465 0.00941543 0.00735587 0.0100257 0.00510662 0.00420486 0.00392893 0.00382158 0.00380787 0.00375077 0 0.00375272 0.00378505 0.00378783 0.00851515 0.00868896 0.658315 0.0212233 0.0448644 0.0100528 0.0128523 0.014286 0.0257784 0.0134052 0.0104248 0.00869999 0.0123167 0.0120654 0.027985 0.0191334 0.00922295 0.0185395 0.0110191 0.017175 0.00995041 0.0105703 0.0100789 0.00961248 
0.00842497 0.00848431 0.0093298 0.00924838 0.00873452 0.00813498 0.00830084 0.00808654 0.00937691 0.0112415 0.0877718 0.0238107 0.0598102 0.0118854 0.0358366 0.0112449 0.0156329 0.00901699 0.00826385 0.016241 0.0155972 0.198566 0.0155471 0.0136058 0.0124892 0.0127899 0.0884358 0.0164327 0.0112029 0.0122909 0.00912318 0.125347 0.00960405 0.0249896 0.0138077 0.0115946 0.00776735 0.00835695 0.00743436 0.00640277 0.0048423 0.00917316 0.00382878 0.00376833 0.00375657 0.00375272 0 0.00374641 0.00378244 0.00690191 0.521478 0.0236044 0.040545 0.0146174 0.0192475 0.00835829 0.0173286 0.0179573 0.0176688 0.0105564 0.00886535 0.0112246 0.0210903 0.0236196 0.0123312 0.0117418 0.010853 0.020117 0.0124193 0.0095142 0.0116677 0.0115596 0.00879689 
0.00854611 0.00857987 0.00891016 0.0090279 0.00844229 0.00877166 0.00823299 0.00832655 0.00896782 0.021047 0.0132736 0.0401965 0.0122379 0.0227534 0.00933139 0.0128711 0.010449 0.0100282 0.00831714 0.0114623 0.0484708 0.015158 0.0823848 0.0124756 0.0144582 0.0327986 0.0168789 0.0436439 0.0131369 0.0101222 0.112409 0.00958113 0.0179619 0.0108343 0.0250916 0.0145077 0.0107848 0.0102353 0.00841461 0.00631328 0.00929423 0.00498928 0.00401088 0.00395449 0.00379439 0.00378505 0.00374641 0 0.00398428 0.443015 0.0272539 0.0243955 0.0127677 0.0168296 0.0112887 0.0118922 0.0142206 0.0258422 0.0209687 0.0107865 0.00937988 0.0115002 0.0138566 0.0149157 0.0269895 0.00973909 0.013348 0.0245244 0.0196324 0.0100237 0.0106996 0.0117513 0.00888961 
0.00944137 0.00873591 0.0082284 0.00828457 0.00915132 0.00928969 0.00891575 0.0106107 0.0161659 0.00982069 0.0116681 0.0100441 0.0110881 0.00909563 0.0106468 0.00867789 0.00935902 0.0121407 0.01158 0.0288744 0.0110665 0.0121873 0.0107289 0.0248752 0.029118 0.0110728 0.0113089 0.0118805 0.0256262 0.0947459 0.0100661 0.0109103 0.00934713 0.0115244 0.0115339 0.0268962 0.0187505 0.00839014 0.00892883 0.011721 0.00642489 0.00668757 0.00621175 0.00384157 0.00380042 0.00378783 0.00378244 0.00398428 0 0.0303485 0.0176984 0.00738143 0.009342 0.0078637 0.011669 0.013711 0.0334648 0.0115197 0.0104613 0.0169105 0.0179884 0.0204149 0.0117927 0.0099681 0.00989401 0.016354 0.0190884 0.0125771 0.0193999 0.0194153 0.0101394 0.00903166 0.010648 
0.0083624 0.00818528 0.0084463 0.00844516 0.0106359 0.00886989 0.00923609 0.00969941 0.00886641 0.0102273 0.00955218 0.010371 0.00908196 0.00997427 0.00915609 0.00928135 0.00909682 0.0132606 0.012195 0.0119783 0.0124523 0.0107189 0.0114134 0.016035 0.0113655 0.011293 0.0122418 0.0113816 0.0279559 0.0109227 0.0114066 0.0101941 0.0111572 0.0108697 0.012655 0.0277821 0.0106536 0.00939048 0.0126394 0.00822566 0.00729898 0.0123439 0.0111635 0.00920675 0.00786812 0.00851515 0.00690191 0.443015 0.0303485 0 0.00382156 0.00382129 0.00380458 0.00382102 0.00393044 0.00559888 0.0637988 0.0128974 0.0126217 0.030495 0.0145889 0.0144854 0.0106451 0.0105789 0.0110219 0.0210845 0.0205115 0.0124797 0.0250308 0.0114695 0.00925578 0.00984849 0.0201611 
0.00821605 0.00816972 0.00836782 0.00854129 0.00874588 0.0082511 0.00833349 0.00800774 0.00825807 0.0106651 0.015372 0.0135706 0.0125462 0.0165301 0.00976039 0.00980175 0.00998017 0.00860712 0.00845159 0.00957572 0.0182716 0.0223514 0.01822 0.0101343 0.00949664 0.0178735 0.0156269 0.0216274 0.0113901 0.00936071 0.0118065 0.0111428 0.0112436 0.014073 0.0180249 0.0140189 0.00948456 0.0105015 0.00937487 0.00892979 0.0157499 0.00897654 0.0105622 0.00982792 0.0109033 0.00868896 0.521478 0.0272539 0.0176984 0.00382156 0 0.00383003 0.00378684 0.00381215 0.00400632 0.00423158 0.0303502 0.0510116 0.0173516 0.0111919 0.00905291 0.0100662 0.0145053 0.0132591 0.0178906 0.0106338 0.0144734 0.0227386 0.0115617 0.00971934 0.0100164 0.0131574 0.00916064 
