1EOMA
NGVCIAYYITDGRNPTFKLKDIPDKVDMVILFGLKYWSLQDTTKLPGGTGMMGSFKSYKDLDTQIRSLQSRGIKVLQNIDDDVSWQSSKPGGFASAAAYGDAIKSIVIDKWKLDGISLDIEHSGAKPNPIPTFPGYAATGYNGWYSGSMAATPAFLNVISELTKYFGTTAPNNKQLQIASGIDVYAWNKIMENFRNNFNYIQLQSYGANVSRTQLMMNYATGTNKIPASKMVFGAYAEGGTNQANDVEVAKWTPTQGAKGGMMIYTYNSNVSYANAVRDAVKN
CCEEEEEEECCCCCCCCCHHHCCCCCCEEEEECCCHHHHHCCCCCCCCCHHHCCCCCHHHHHHHHHHHHCCCCEEEEEEECCHHHHCCCHHHCCCHHHHHHHHHHHHCCCCCCCEEEEECCCCCCCCCCCCCCCCHHHHCCCCCCCCCCCCCHHHHHHHHHHCCCCCCCCCCCCEEEEEECCCCCCHHHHHHHHCCCCCEEEECCCCCCHHHHHHHHHHHHHCCCCCHHHEEEEECCCCCCCHHHHHHHHHCCCCCCCCCEEEECCHHHCHHHHHHHHHHHHC
0 0 0 0 0 0 0 0 0 0 0 0 0 0 0 0 0 0 0 0 0 0 0 0 0 0 0 0 0 0 0 0 0 0 0 0 0 0 0 0 0 0 0 0 0 0 0 0 0 0 0 0 0 0 0 0 0 0 0 0 0 0 0 0 0 0 0 0 0 0 0 0 0 0 0 0 0 0 0 0 0 0 0 0 0 0 0 0 0 0 0 0 0 0 0 0 0 0 0 0 0 0 0 0 0 0 0 0 0 0 0 0 0 0 0 0 0 0 0 0 0 0 0 0 0 0 0 0 0 0 0 0 0 0 0 0 0 0 0 0 0 0 0 0 0 0 0 0 0 0 0 0 0 0 0 0 0 0 0 0 0 0 0 0 0 0 0 0 0 0 0 0 0 0 0 0 0 0 0 0 0 0 0 0 0 0 0 0 0 0 0 0 0 0 0 0 0 0 0 0 0 0 0 0 0 0 0 0 0 0 0 0 0 0 0 0 0 0 0 0 0 0 0 0 0 0 0 0 0 0 0 0 0 0 0 0 0 0 0 0 0 0 0 0 0 0 0 0 0 0 0 0 0 0 0 0 0 0 0 0 0 0 0 0 0 0 0 0 0 0 0 0 0 0 0 0 0 0 0 0 0 0 0 
0 0 0 0 0 0 0 0 0 0 0 0 0 0 0 0 0 0 0 0 0 0 0 0 0 0 0 0 0 0 0 0 0 0 0 0 0 0 0 0 0 0 0 0 0 0 0 0 0 0 0 0 0 0 0 0 0 0 0 0 0 0 0 0 0 0 0 0 0 0 0 0 0 0 0 0 0 0 0 0 0 0 0 0 0 0 0 0 0 0 0 0 0 0 0 0 0 0 0 0 0 0 0 0 0 0 0 0 0 0 0 0 0 0 0 0 0 0 0 0 0 0 0 0 0 0 0 0 0 0 0 0 0 0 0 0 0 0 0 0 0 0 0 0 0 0 0 0 0 0 0 0 0 0 0 0 0 0 0 0 0 0 0 0 0 0 0 0 0 0 0 0 0 0 0 0 0 0 0 0 0 0 0 0 0 0 0 0 0 0 0 0 0 0 0 0 0 0 0 0 0 0 0 0 0 0 0 0 0 0 0 0 0 0 0 0 0 0 0 0 0 0 0 0 0 0 0 0 0 0 0 0 0 0 0 0 0 0 0 0 0 0 0 0 0 0 0 0 0 0 0 0 0 0 0 0 0 0 0 0 0 0 0 0 0 0 0 0 0 0 0 0 0 0 0 0 0 0 0 0 0 0 0 
0 0.00387827 0.00383544 0.00378895 0.00380632 0.00442473 0.0105389 0.0812674 0.0183805 0.0188915 0.0147207 0.0349649 0.0120743 0.0132173 0.0101393 0.0113819 0.00944698 0.0105875 0.0131921 0.0092579 0.00928295 0.00875484 0.0094885 0.0106375 0.00808472 0.00831919 0.00817584 0.00835174 0.00821359 0.00904929 0.00811589 0.00817689 0.00810847 0.00863113 0.00821288 0.00827611 0.00825412 0.00822845 0.00846977 0.00824799 0.00822424 0.0082365 0.00864586 
0.00387827 0 0.00381378 0.00375948 0.0038281 0.00784361 0.00439045 0.0515739 0.163059 0.0278427 0.0593344 0.0153613 0.0136493 0.0271428 0.02496 0.019607 0.0209833 0.0148118 0.0111661 0.0107067 0.0118794 0.011232 0.0111192 0.00937378 0.00814891 0.00901234 0.00903121 0.00889444 0.00900371 0.00843573 0.00816227 0.00858776 0.00857254 0.00829682 0.00817988 0.00875989 0.00898434 0.00839715 0.00830108 0.00819035 0.0085621 0.00889406 0.00866713 
0.00383544 0.00381378 0 0.00377541 0.00380657 0.0038089 0.00386752 0.298202 0.0338983 0.247199 0.0362293 0.0253789 0.0109651 0.0273083 0.0457283 0.0550441 0.0335466 0.0181174 0.0102658 0.0105622 0.0143765 0.0165621 0.0157671 0.00895733 0.00815396 0.00982131 0.00962184 0.0096716 0.0095131 0.00848349 0.00831491 0.00873431 0.00859409 0.00856716 0.00849842 0.00861409 0.00907752 0.00852856 0.00827434 0.00828991 0.00873246 0.00922134 0.0092467 
0.00378895 0.00375948 0.00377541 0 0.00376164 0.0037741 0.00377581 0.0194438 0.480336 0.0462267 0.122155 0.0153977 0.010244 0.0218147 0.0496794 0.0599428 0.0393055 0.0144366 0.00979459 0.00980587 0.0150401 0.0144492 0.0140676 0.00888633 0.00812264 0.0091812 0.00987594 0.00933622 0.0090248 0.00824278 0.00840913 0.00863425 0.00858649 0.0082445 0.00816712 0.00859815 0.00888522 0.0083274 0.00813841 0.00827758 0.0085472 0.00881886 0.00903954 
0.00380632 0.0038281 0.00380657 0.00376164 0 0.00380149 0.00381339 0.0512241 0.0429655 0.620672 0.0437122 0.0420371 0.0118364 0.0234339 0.0439533 0.0554354 0.0437144 0.0144959 0.0102927 0.0109316 0.0146622 0.0206971 0.0164697 0.00920934 0.00824097 0.00965275 0.00992491 0.00959576 0.0092932 0.00855754 0.00858612 0.00893476 0.00851956 0.0082613 0.00879797 0.00858272 0.00903545 0.00834349 0.00831788 0.00827392 0.00871618 0.00870731 0.00889267 
0.00442473 0.00784361 0.0038089 0.0037741 0.00380149 0 0.00416654 0.0170329 0.130401 0.0391965 0.650657 0.0303056 0.0124255 0.0189658 0.0201884 0.0230826 0.0185591 0.0224497 0.0114615 0.0105109 0.0114256 0.0113675 0.0144836 0.00996232 0.00821999 0.00894173 0.00930508 0.00904405 0.00886545 0.00869892 0.00829746 0.00852055 0.00855308 0.00822578 0.00824466 0.00853294 0.00887849 0.00840556 0.00823887 0.00824552 0.00860008 0.0086978 0.00856869 
0.0105389 0.00439045 0.00386752 0.00377581 0.00381339 0.00416654 0 0.041079 0.0201463 0.0368466 0.0487476 0.550541 0.0151622 0.0126073 0.0100918 0.0117559 0.00972971 0.0106796 0.013882 0.0134021 0.0105616 0.00891207 0.0102423 0.0102036 0.00864931 0.00838051 0.00824984 0.00859469 0.00836965 0.00859214 0.0082623 0.00832993 0.00800511 0.00848225 0.00867197 0.00820291 0.00839411 0.00811276 0.00820226 0.0083848 0.00837841 0.00834842 0.00836807 
0.0812674 0.0515739 0.298202 0.0194438 0.0512241 0.0170329 0.041079 0 0.00381981 0.00380154 0.0038736 0.00427996 0.729464 0.0363016 0.0314111 0.0165722 0.0144301 0.0139864 0.0190493 0.0173974 0.0152298 0.0107332 0.0131672 0.0115978 0.00892305 0.00943586 0.00914465 0.00933804 0.00909345 0.00921216 0.00885205 0.00871277 0.00837223 0.00961166 0.00875057 0.00850051 0.00876711 0.00832916 0.008584 0.00846741 0.00849866 0.00830201 0.00861568 
0.0183805 0.163059 0.0338983 0.480336 0.0429655 0.130401 0.0201463 0.00381981 0 0.00381751 0.00382786 0.00405502 0.0559552 0.706728 0.0429749 0.0735283 0.031984 0.0228589 0.0113999 0.0170368 0.0266653 0.0224631 0.0193258 0.0110518 0.00829167 0.010296 0.0100328 0.00994524 0.00960815 0.00945017 0.00829649 0.00906043 0.00960062 0.00848897 0.00816916 0.00856593 0.00888789 0.00842076 0.00823291 0.00824555 0.00853208 0.00866477 0.00856194 
0.0188915 0.0278427 0.247199 0.0462267 0.620672 0.0391965 0.0368466 0.00380154 0.00381751 0 0.0038392 0.00378251 0.0481106 0.0824843 0.619071 0.0841281 0.181515 0.0279125 0.0127466 0.0169172 0.0411059 0.0540063 0.0399128 0.0103801 0.0088962 0.0109809 0.0134184 0.0133384 0.0112672 0.00935337 0.00882651 0.00961234 0.0093711 0.00885747 0.0083926 0.00911464 0.0111722 0.00878633 0.00840814 0.00838929 0.00874445 0.00991892 0.00917406 
0.0147207 0.0593344 0.0362293 0.122155 0.0437122 0.650657 0.0487476 0.0038736 0.00382786 0.0038392 0 0.00415594 0.0231039 0.0773468 0.0702424 0.553775 0.0674388 0.200374 0.027429 0.0138871 0.0206371 0.0290207 0.0528858 0.013707 0.00850594 0.00958474 0.010562 0.0102854 0.0110778 0.00911951 0.00835991 0.00876295 0.00895887 0.00880705 0.00848734 0.00865277 0.00933794 0.00863956 0.00824603 0.00826009 0.00865881 0.00882767 0.00874982 
0.0349649 0.0153613 0.0253789 0.0153977 0.0420371 0.0303056 0.550541 0.00427996 0.00405502 0.00378251 0.00415594 0 0.019549 0.0226137 0.0499115 0.0353058 0.114018 0.0491847 0.198803 0.0199525 0.01554 0.0109859 0.021943 0.017352 0.0092004 0.00916199 0.00884532 0.00960206 0.00867015 0.0107794 0.00863283 0.00851695 0.00825857 0.0115901 0.00910505 0.00845095 0.0084398 0.00821738 0.00831741 0.00850345 0.00843 0.00832732 0.00876513 
0.0120743 0.0136493 0.0109651 0.010244 0.0118364 0.0124255 0.0151622 0.729464 0.0559552 0.0481106 0.0231039 0.019549 0 0.00934389 0.00380986 0.00387478 0.00400192 0.00410957 0.0113115 0.0909663 0.0113402 0.0205838 0.0102757 0.031844 0.0114315 0.00842967 0.0110377 0.00866591 0.00932715 0.0113353 0.00978292 0.00815968 0.00944764 0.00862734 0.00810433 0.00851198 0.00828852 0.00837201 0.00826911 0.00811985 0.00820759 0.00809905 0.00838094 
0.0132173 0.0271428 0.0273083 0.0218147 0.0234339 0.0189658 0.0126073 0.0363016 0.706728 0.0824843 0.0773468 0.0226137 0.00934389 0 0.00400436 0.00379389 0.0038204 0.00392662 0.00393906 0.0543478 0.135342 0.0124806 0.0465985 0.00986951 0.00957432 0.019829 0.0105304 0.0141546 0.0108481 0.0100344 0.00847814 0.0100632 0.00868057 0.00901162 0.00902202 0.00887665 0.00948037 0.00871531 0.008362 0.00819922 0.0087441 0.00866386 0.00855305 
0.0101393 0.02496 0.0457283 0.0496794 0.0439533 0.0201884 0.0100918 0.0314111 0.0429749 0.619071 0.0702424 0.0499115 0.00380986 0.00400436 0 0.00374725 0.00374753 0.0038461 0.00382388 0.304191 0.0255068 0.111608 0.0170854 0.0125537 0.00837098 0.0128784 0.0194224 0.0155767 0.0112525 0.00927487 0.00842856 0.00937464 0.00946491 0.00908056 0.00833555 0.00914836 0.00986352 0.00924502 0.00835339 0.00812756 0.00868631 0.00873161 0.00857297 
0.0113819 0.019607 0.0550441 0.0599428 0.0554354 0.0230826 0.0117559 0.0165722 0.0735283 0.0841281 0.553775 0.0353058 0.00387478 0.00379389 0.00374725 0 0.00374083 0.00376708 0.0037623 0.0259689 0.378749 0.0385154 0.0865235 0.0107495 0.00895003 0.0142954 0.0204633 0.0241999 0.0132106 0.00997983 0.00870356 0.0103549 0.00964855 0.00910343 0.0085004 0.0101477 0.0112746 0.00910605 0.00828468 0.00826482 0.00876247 0.00890471 0.00855066 
0.00944698 0.0209833 0.0335466 0.0393055 0.0437144 0.0185591 0.00972971 0.0144301 0.031984 0.181515 0.0674388 0.114018 0.00400192 0.0038204 0.00374753 0.00374083 0 0.0037794 0.00375315 0.0451478 0.0198806 0.550773 0.0167446 0.029188 0.00864658 0.0110158 0.0247799 0.0137114 0.0126928 0.00943684 0.00847152 0.00887161 0.0102639 0.008768 0.00853193 0.00952966 0.00970498 0.0119895 0.00838196 0.00816429 0.00868541 0.00860082 0.00836797 
0.0105875 0.0148118 0.0181174 0.0144366 0.0144959 0.0224497 0.0106796 0.0139864 0.0228589 0.0279125 0.200374 0.0491847 0.00410957 0.00392662 0.0038461 0.00376708 0.0037794 0 0.00450661 0.0151291 0.0830464 0.0149848 0.608913 0.0130226 0.00895054 0.0124969 0.00972626 0.0112471 0.011328 0.00931776 0.00822992 0.00980139 0.00841142 0.00892835 0.00879066 0.00853104 0.00931782 0.00846102 0.00809744 0.00815864 0.00843965 0.0088479 0.00815357 
0.0131921 0.0111661 0.0102658 0.00979459 0.0102927 0.0114615 0.013882 0.0190493 0.0113999 0.0127466 0.027429 0.198803 0.0113115 0.00393906 0.00382388 0.0037623 0.00375315 0.00450661 0 0.0357403 0.0130903 0.0381458 0.0373926 0.556145 0.0117122 0.00869656 0.00943342 0.00868486 0.00921066 0.0128309 0.00942694 0.00830083 0.00860662 0.00942884 0.00950274 0.00825802 0.00829484 0.00825769 0.00833708 0.00818738 0.00825817 0.00817651 0.00833887 
0.0092579 0.0107067 0.0105622 0.00980587 0.0109316 0.0105109 0.0134021 0.0173974 0.0170368 0.0169172 0.0138871 0.0199525 0.0909663 0.0543478 0.304191 0.0259689 0.0451478 0.0151291 0.0357403 0 0.00392602 0.00387257 0.00384512 0.00428688 0.438876 0.0124596 0.0175546 0.011964 0.0158686 0.0201715 0.0116914 0.00973861 0.0110173 0.0123755 0.00972823 0.00897416 0.00939322 0.00929476 0.0104128 0.00832091 0.00859382 0.00850048 0.00901265 
0.00928295 0.0118794 0.0143765 0.0150401 0.0146622 0.0114256 0.0105616 0.0152298 0.0266653 0.0411059 0.0206371 0.01554 0.0113402 0.135342 0.0255068 0.378749 0.0198806 0.0830464 0.0130903 0.00392602 0 0.00382845 0.00381966 0.00379796 0.0250022 0.361722 0.0138493 0.046923 0.0176136 0.0138224 0.00891349 0.0226034 0.00955975 0.0142775 0.00961111 0.00974506 0.0136175 0.00963357 0.00925021 0.00851719 0.00946399 0.009028 0.00890746 
0.00875484 0.011232 0.0165621 0.0144492 0.0206971 0.0113675 0.00891207 0.0107332 0.0224631 0.0540063 0.0290207 0.0109859 0.0205838 0.0124806 0.111608 0.0385154 0.550773 0.0149848 0.0381458 0.00387257 0.00382845 0 0.00375773 0.00385015 0.0366265 0.0163069 0.416364 0.0250082 0.0256726 0.0128074 0.0107212 0.00944457 0.0278372 0.00917697 0.0088409 0.0117497 0.0129909 0.0119835 0.00832669 0.00821586 0.00928243 0.0093962 0.00880796 
0.0094885 0.0111192 0.0157671 0.0140676 0.0164697 0.0144836 0.0102423 0.0131672 0.0193258 0.0399128 0.0528858 0.021943 0.0102757 0.0465985 0.0170854 0.0865235 0.0167446 0.608913 0.0373926 0.00384512 0.00381966 0.00375773 0 0.00399258 0.0125198 0.141468 0.0210334 0.277588 0.072174 0.0302973 0.00935086 0.0267361 0.0125793 0.0203359 0.0119882 0.0107673 0.0171322 0.0107975 0.00970749 0.00860611 0.00978057 0.010158 0.00926027 
0.0106375 0.00937378 0.00895733 0.00888633 0.00920934 0.00996232 0.0102036 0.0115978 0.0110518 0.0103801 0.013707 0.017352 0.031844 0.00986951 0.0125537 0.0107495 0.029188 0.0130226 0.556145 0.00428688 0.00379796 0.00385015 0.00399258 0 0.0247038 0.0111353 0.041229 0.0171057 0.159614 0.10678 0.017833 0.00903943 0.0140412 0.0129838 0.0110939 0.00928482 0.00874101 0.00970479 0.00853938 0.00902642 0.00849519 0.00890099 0.00879129 
0.00808472 0.00814891 0.00815396 0.00812264 0.00824097 0.00821999 0.00864931 0.00892305 0.00829167 0.0088962 0.00850594 0.0092004 0.0114315 0.00957432 0.00837098 0.00895003 0.00864658 0.00895054 0.0117122 0.438876 0.0250022 0.0366265 0.0125198 0.0247038 0 0.00506983 0.00383467 0.00384619 0.00387054 0.00666868 0.137921 0.00966242 0.0275997 0.0222272 0.0143558 0.0107611 0.0097792 0.0114869 0.0114296 0.00917398 0.00837616 0.00857474 0.0101699 
0.00831919 0.00901234 0.00982131 0.0091812 0.00965275 0.00894173 0.00838051 0.00943586 0.010296 0.0109809 0.00958474 0.00916199 0.00842967 0.019829 0.0128784 0.0142954 0.0110158 0.0124969 0.00869656 0.0124596 0.361722 0.0163069 0.141468 0.0111353 0.00506983 0 0.00377642 0.00376933 0.00384542 0.00385962 0.0280543 0.141429 0.0132481 0.019456 0.0163034 0.0146089 0.0297225 0.0133742 0.012685 0.00925048 0.0146992 0.0118881 0.00965013 
0.00817584 0.00903121 0.00962184 0.00987594 0.00992491 0.00930508 0.00824984 0.00914465 0.0100328 0.0134184 0.010562 0.00884532 0.0110377 0.0105304 0.0194224 0.0204633 0.0247799 0.00972626 0.00943342 0.0175546 0.0138493 0.416364 0.0210334 0.041229 0.00383467 0.00377642 0 0.00376296 0.00377251 0.00381292 0.341414 0.0147465 0.137117 0.0102643 0.0115329 0.0303815 0.0278375 0.0309211 0.00928051 0.00998861 0.0127331 0.020943 0.0108222 
0.00835174 0.00889444 0.0096716 0.00933622 0.00959576 0.00904405 0.00859469 0.00933804 0.00994524 0.0133384 0.0102854 0.00960206 0.00866591 0.0141546 0.0155767 0.0241999 0.0137114 0.0112471 0.00868486 0.011964 0.046923 0.0250082 0.277588 0.0171057 0.00384619 0.00376933 0.00376296 0 0.00375347 0.00399757 0.0198066 0.517886 0.0181051 0.037574 0.0150354 0.018705 0.0720886 0.0144071 0.01161 0.00924528 0.0146049 0.013224 0.0108009 
0.00821359 0.00900371 0.0095131 0.0090248 0.0092932 0.00886545 0.00836965 0.00909345 0.00960815 0.0112672 0.0110778 0.00867015 0.00932715 0.0108481 0.0112525 0.0132106 0.0126928 0.011328 0.00921066 0.0158686 0.0176136 0.0256726 0.072174 0.159614 0.00387054 0.00384542 0.00377251 0.00375347 0 0.00381202 0.034058 0.031098 0.558624 0.0335976 0.0136797 0.0282122 0.0254786 0.0430255 0.0107416 0.0104116 0.0160433 0.0210435 0.0116607 
0.00904929 0.00843573 0.00848349 0.00824278 0.00855754 0.00869892 0.00859214 0.00921216 0.00945017 0.00935337 0.00911951 0.0107794 0.0113353 0.0100344 0.00927487 0.00997983 0.00943684 0.00931776 0.0128309 0.0201715 0.0138224 0.0128074 0.0302973 0.10678 0.00666868 0.00385962 0.00381292 0.00399757 0.00381202 0 0.0257663 0.0220929 0.0440536 0.661731 0.0254623 0.0146442 0.015519 0.0193846 0.0236951 0.0153009 0.013243 0.0131835 0.0172032 
0.00811589 0.00816227 0.00831491 0.00840913 0.00858612 0.00829746 0.0082623 0.00885205 0.00829649 0.00882651 0.00835991 0.00863283 0.00978292 0.00847814 0.00842856 0.00870356 0.00847152 0.00822992 0.00942694 0.0116914 0.00891349 0.0107212 0.00935086 0.017833 0.137921 0.0280543 0.341414 0.0198066 0.034058 0.0257663 0 0.00497719 0.00391095 0.00392121 0.0661386 0.0262587 0.0110506 0.0350493 0.0137932 0.0104358 0.00956461 0.00981452 0.0148584 
0.00817689 0.00858776 0.00873431 0.00863425 0.00893476 0.00852055 0.00832993 0.00871277 0.00906043 0.00961234 0.00876295 0.00851695 0.00815968 0.0100632 0.00937464 0.0103549 0.00887161 0.00980139 0.00830083 0.00973861 0.0226034 0.00944457 0.0267361 0.00903943 0.00966242 0.141429 0.0147465 0.517886 0.031098 0.0220929 0.00497719 0 0.00378581 0.00406406 0.134948 0.057785 0.121712 0.0128714 0.0148763 0.00956465 0.0186093 0.013429 0.0112229 
0.00810847 0.00857254 0.00859409 0.00858649 0.00851956 0.00855308 0.00800511 0.00837223 0.00960062 0.0093711 0.00895887 0.00825857 0.00944764 0.00868057 0.00946491 0.00964855 0.0102639 0.00841142 0.00860662 0.0110173 0.00955975 0.0278372 0.0125793 0.0140412 0.0275997 0.0132481 0.137117 0.0181051 0.558624 0.0440536 0.00391095 0.00378581 0 0.00393486 0.0120112 0.421748 0.0622371 0.215761 0.0103587 0.0124193 0.0197831 0.0373064 0.0111891 
0.00863113 0.00829682 0.00856716 0.0082445 0.0082613 0.00822578 0.00848225 0.00961166 0.00848897 0.00885747 0.00880705 0.0115901 0.00862734 0.00901162 0.00908056 0.00910343 0.008768 0.00892835 0.00942884 0.0123755 0.0142775 0.00917697 0.0203359 0.0129838 0.0222272 0.019456 0.0102643 0.037574 0.0335976 0.661731 0.00392121 0.00406406 0.00393486 0 0.0467548 0.0175447 0.25241 0.0796636 0.180257 0.0200066 0.0133281 0.0147675 0.0293367 
0.00821288 0.00817988 0.00849842 0.00816712 0.00879797 0.00824466 0.00867197 0.00875057 0.00816916 0.0083926 0.00848734 0.00910505 0.00810433 0.00902202 0.00833555 0.0085004 0.00853193 0.00879066 0.00950274 0.00972823 0.00961111 0.0088409 0.0119882 0.0110939 0.0143558 0.0163034 0.0115329 0.0150354 0.0136797 0.0254623 0.0661386 0.134948 0.0120112 0.0467548 0 0.00383294 0.00381614 0.00381028 0.00447096 0.0195728 0.0220436 0.0121047 0.0424437 
0.00827611 0.00875989 0.00861409 0.00859815 0.00858272 0.00853294 0.00820291 0.00850051 0.00856593 0.00911464 0.00865277 0.00845095 0.00851198 0.00887665 0.00914836 0.0101477 0.00952966 0.00853104 0.00825802 0.00897416 0.00974506 0.0117497 0.0107673 0.00928482 0.0107611 0.0146089 0.0303815 0.018705 0.0282122 0.0146442 0.0262587 0.057785 0.421748 0.0175447 0.00383294 0 0.00376557 0.0037945 0.00387312 0.255353 0.0331317 0.145623 0.0127213 
0.00825412 0.00898434 0.00907752 0.00888522 0.00903545 0.00887849 0.00839411 0.00876711 0.00888789 0.0111722 0.00933794 0.0084398 0.00828852 0.00948037 0.00986352 0.0112746 0.00970498 0.00931782 0.00829484 0.00939322 0.0136175 0.0129909 0.0171322 0.00874101 0.0097792 0.0297225 0.0278375 0.0720886 0.0254786 0.015519 0.0110506 0.121712 0.0622371 0.25241 0.00381614 0.00376557 0 0.00379577 0.00376875 0.021145 0.520003 0.0303602 0.0344452 
0.00822845 0.00839715 0.00852856 0.0083274 0.00834349 0.00840556 0.00811276 0.00832916 0.00842076 0.00878633 0.00863956 0.00821738 0.00837201 0.00871531 0.00924502 0.00910605 0.0119895 0.00846102 0.00825769 0.00929476 0.00963357 0.0119835 0.0107975 0.00970479 0.0114869 0.0133742 0.0309211 0.0144071 0.0430255 0.0193846 0.0350493 0.0128714 0.215761 0.0796636 0.00381028 0.0037945 0.00379577 0 0.00400823 0.0618517 0.0382244 0.572946 0.0280087 
0.00846977 0.00830108 0.00827434 0.00813841 0.00831788 0.00823887 0.00820226 0.008584 0.00823291 0.00840814 0.00824603 0.00831741 0.00826911 0.008362 0.00835339 0.00828468 0.00838196 0.00809744 0.00833708 0.0104128 0.00925021 0.00832669 0.00970749 0.00853938 0.0114296 0.012685 0.00928051 0.01161 0.0107416 0.0236951 0.0137932 0.0148763 0.0103587 0.180257 0.00447096 0.00387312 0.00376875 0.00400823 0 0.0215375 0.0254651 0.030396 0.446466 
0.00824799 0.00819035 0.00828991 0.00827758 0.00827392 0.00824552 0.0083848 0.00846741 0.00824555 0.00838929 0.00826009 0.00850345 0.00811985 0.00819922 0.00812756 0.00826482 0.00816429 0.00815864 0.00818738 0.00832091 0.00851719 0.00821586 0.00860611 0.00902642 0.00917398 0.00925048 0.00998861 0.00924528 0.0104116 0.0153009 0.0104358 0.00956465 0.0124193 0.0200066 0.0195728 0.255353 0.021145 0.0618517 0.0215375 0 0.00396964 0.00375274 0.00471308 
0.00822424 0.0085621 0.00873246 0.0085472 0.00871618 0.00860008 0.00837841 0.00849866 0.00853208 0.00874445 0.00865881 0.00843 0.00820759 0.0087441 0.00868631 0.00876247 0.00868541 0.00843965 0.00825817 0.00859382 0.00946399 0.00928243 0.00978057 0.00849519 0.00837616 0.0146992 0.0127331 0.0146049 0.0160433 0.013243 0.00956461 0.0186093 0.0197831 0.0133281 0.0220436 0.0331317 0.520003 0.0382244 0.0254651 0.00396964 0 0.00423649 0.0037909 
0.0082365 0.00889406 0.00922134 0.00881886 0.00870731 0.0086978 0.00834842 0.00830201 0.00866477 0.00991892 0.00882767 0.00832732 0.00809905 0.00866386 0.00873161 0.00890471 0.00860082 0.0088479 0.00817651 0.00850048 0.009028 0.0093962 0.010158 0.00890099 0.00857474 0.0118881 0.020943 0.013224 0.0210435 0.0131835 0.00981452 0.013429 0.0373064 0.0147675 0.0121047 0.145623 0.0303602 0.572946 0.030396 0.00375274 0.00423649 0 0.00381809 
0.00864586 0.00866713 0.0092467 0.00903954 0.00889267 0.00856869 0.00836807 0.00861568 0.00856194 0.00917406 0.00874982 0.00876513 0.00838094 0.00855305 0.00857297 0.00855066 0.00836797 0.00815357 0.00833887 0.00901265 0.00890746 0.00880796 0.00926027 0.00879129 0.0101699 0.00965013 0.0108222 0.0108009 0.0116607 0.0172032 0.0148584 0.0112229 0.0111891 0.0293367 0.0424437 0.0127213 0.0344452 0.0280087 0.446466 0.00471308 0.0037909 0.00381809 0 
