1FJOA
ITGTSTVGVGRGVLGDQKNINTTYSTYYYLQDNTRGDGIFTYDAKYRTTLPGSLWADADNQFFASYDAPAVDAHYYAGVTYDYYKNVHNRLSYDGNNAAIRSSVHYSQGYNNAFWNGSEMVYGDGDGQTFIPLSGGIDVVAHELTHAVTDYTAGLIYQNESGAINEAISDIFGTLVEFYANKNPDWEIGEDVYTPGISGDSLRSMSDPAKYGDPDHYSKRYTGTQDNGGVHINSGIINKAAYLISQGGTHYGVSVVGIGRDKLGKIFYRALTQYLTPTSNFSQLRAAAVQSATDLYGSTSQEVASVKQAFDAVGVK
CCCEEEEEEEECCCCCEEEEEEEECCCEECEECCCCCCEEEEECCCCCCCCCEECEECCCEECCHHHHHHHHHHHHHHHHHHHHHHHHCCCCCCCCCCCEEEEECCCCCCCCEEECCCCEEECCCCCCCECCHHHCHHHHHHHHHHHHHHHCCCCCCCHHHHHHHHHHHHHHHHHHHHHHCCCCCCEECCCCECCCCCCCCCEECCCHHHHCCCCCHHHCCCCCHHHHHCCCCHHHHHHHHHHHHHCEEECCEEECCCCHHHHHHHHHHHHHHCCCCCCCHHHHHHHHHHHHHHHHCCCCHHHHHHHHHHHHCCCC
0 0 0 0 0 0 0 0 0 0 0 0 0 0 0 0 0 0 0 0 0 0 0 0 0 0 0 0 0 0 0 0 0 0 0 0 0 0 0 0 0 0 0 0 0 0 0 0 0 0 0 0 0 0 0 0 0 0 0 0 0 0 0 0 0 0 0 0 0 0 0 0 0 0 0 0 0 0 0 0 0 0 0 0 0 0 0 0 0 0 0 0 0 0 0 0 0 0 0 0 0 0 0 0 0 0 0 0 0 0 0 0 0 0 0 0 0 0 0 0 0 0 0 0 0 0 0 0 0 0 0 0 0 0 0 0 0 0 0 0 0 0 0 0 0 0 0 0 0 0 0 0 0 0 0 0 0 0 0 0 0 0 0 0 0 0 0 0 0 0 0 0 0 0 0 0 0 0 0 0 0 0 0 0 0 0 0 0 0 0 0 0 0 0 0 0 0 0 0 0 0 0 0 0 0 0 0 0 0 0 0 0 0 0 0 0 0 0 0 0 0 0 0 0 0 0 0 0 0 0 0 0 0 0 0 0 0 0 0 0 0 0 0 0 0 0 0 0 0 0 0 0 0 0 0 0 0 0 0 0 0 0 0 0 0 0 0 0 0 0 0 0 0 0 0 0 0 0 0 0 0 0 0 0 0 0 0 0 0 0 0 0 0 0 0 0 0 0 0 0 0 0 0 0 0 0 0 0 0 0 0 0 0 0 0 0 
0 0 0 0 0 0 0 0 0 0 0 0 0 0 0 0 0 0 0 0 0 0 0 0 0 0 0 0 0 0 0 0 0 0 0 0 0 0 0 0 0 0 0 0 0 0 0 0 0 0 0 0 0 0 0 0 0 0 0 0 0 0 0 0 0 0 0 0 0 0 0 0 0 0 0 0 0 0 0 0 0 0 0 0 0 0 0 0 0 0 0 0 0 0 0 0 0 0 0 0 0 0 0 0 0 0 0 0 0 0 0 0 0 0 0 0 0 0 0 0 0 0 0 0 0 0 0 0 0 0 0 0 0 0 0 0 0 0 0 0 0 0 0 0 0 0 0 0 0 0 0 0 0 0 0 0 0 0 0 0 0 0 0 0 0 0 0 0 0 0 0 0 0 0 0 0 0 0 0 0 0 0 0 0 0 0 0 0 0 0 0 0 0 0 0 0 0 0 0 0 0 0 0 0 0 0 0 0 0 0 0 0 0 0 0 0 0 0 0 0 0 0 0 0 0 0 0 0 0 0 0 0 0 0 0 0 0 0 0 0 0 0 0 0 0 0 0 0 0 0 0 0 0 0 0 0 0 0 0 0 0 0 0 0 0 0 0 0 0 0 0 0 0 0 0 0 0 0 0 0 0 0 0 0 0 0 0 0 0 0 0 0 0 0 0 0 0 0 0 0 0 0 0 0 0 0 0 0 0 0 0 0 0 0 0 0 
0 0.00434398 0.00391403 0.00392979 0.00387666 0.00418406 0.00453499 0.0157654 0.00894041 0.00743419 0.00835515 0.0078756 0.00834719 0.00897017 0.0205649 0.819327 0.011539 0.0126105 0.0122465 0.0140653 0.0119211 0.00922149 0.00913506 0.0101037 0.0169157 0.00917982 0.010402 0.0102634 0.0111203 0.00934222 0.0112081 0.00867854 0.00802716 0.00802718 0.00804587 0.00859583 0.00824409 0.00790965 0.00898884 0.00822298 0.00788696 0.00860743 0.00918869 0.0080019 0.00807778 0.0090632 0.00799839 0.00809533 0.00806752 0.00807588 0.00852584 0.00824666 0.00828979 0.0087835 
0.00434398 0 0.0043125 0.00381869 0.00395769 0.00382114 0.00506785 0.00431391 0.00694324 0.0075242 0.00718038 0.00776631 0.00846791 0.0141687 0.867542 0.0117015 0.00970419 0.00873172 0.00949486 0.00917303 0.00952191 0.00983381 0.00970307 0.0108162 0.00975481 0.00880584 0.00872838 0.00898209 0.00909013 0.00929349 0.00892202 0.00835545 0.00810946 0.00808039 0.00830207 0.00820126 0.00803755 0.00808494 0.00832008 0.00796926 0.00819157 0.0081487 0.00808092 0.00799363 0.00788649 0.00820225 0.00797906 0.00791075 0.00791828 0.00801598 0.00823195 0.00804635 0.00815959 0.00859482 
0.00391403 0.0043125 0 0.00376489 0.0038049 0.00390183 0.0038027 0.00387233 0.00657553 0.00704692 0.00712021 0.00816967 0.0115071 0.875719 0.0100714 0.00931743 0.0084503 0.00822847 0.00842044 0.00833384 0.0089951 0.0101695 0.0118826 0.00952872 0.00884423 0.00838246 0.0083468 0.00860439 0.00825461 0.00853755 0.00825613 0.00837107 0.00822932 0.0087972 0.0083908 0.00825376 0.00791326 0.00791069 0.00796528 0.00799809 0.00811691 0.00816472 0.00795644 0.00795997 0.00787648 0.00800905 0.0079296 0.00788466 0.00797157 0.00800833 0.00806829 0.0080517 0.00810287 0.00816115 
0.00392979 0.00381869 0.00376489 0 0.00376908 0.0037942 0.00376457 0.00378774 0.00654395 0.00644291 0.00808908 0.00957968 0.872284 0.0128099 0.00858923 0.00837791 0.00847482 0.0082036 0.00878098 0.00819575 0.00967333 0.0107084 0.0160973 0.009531 0.00932025 0.00842045 0.00846175 0.00881808 0.00825352 0.00855273 0.00825413 0.00840967 0.00872602 0.00890573 0.00900557 0.00825821 0.00800251 0.00802326 0.00801579 0.00805237 0.00827349 0.00834376 0.00793573 0.00798747 0.00789553 0.00793437 0.00793166 0.00792754 0.00796692 0.00801414 0.00804411 0.00807539 0.00809803 0.00820167 
0.00387666 0.00395769 0.0038049 0.00376908 0 0.00376495 0.00376404 0.00377713 0.00598017 0.00790552 0.00975211 0.89937 0.0125196 0.00926016 0.00791269 0.00863176 0.00824414 0.00897638 0.00862277 0.00865751 0.00997347 0.0175785 0.015353 0.0139269 0.00973951 0.00860223 0.00904875 0.00894191 0.00851361 0.00867611 0.00855061 0.00891231 0.00893146 0.0112526 0.00940955 0.0088508 0.00806319 0.00814109 0.00818624 0.00820723 0.00858563 0.00857271 0.00796875 0.00801071 0.00791595 0.00789039 0.00794012 0.00796712 0.00797781 0.0080027 0.00808146 0.00815958 0.00810387 0.00817294 
0.00418406 0.00382114 0.00390183 0.0037942 0.00376495 0 0.00377562 0.00375637 0.00762272 0.00738942 0.944961 0.00916106 0.0108673 0.00784015 0.00823946 0.00849665 0.00845226 0.00884133 0.00966223 0.00832412 0.0111221 0.011097 0.0313281 0.0109784 0.0116071 0.0085679 0.0086822 0.00916085 0.00840993 0.00868444 0.00838831 0.00863359 0.00924073 0.00996119 0.00978989 0.00885619 0.00814812 0.00826156 0.00815797 0.00824868 0.00841178 0.0084788 0.00788687 0.00796162 0.00793747 0.00792494 0.0079288 0.0079285 0.00793371 0.00802024 0.00803432 0.00809769 0.00812332 0.00817754 
0.00453499 0.00506785 0.0038027 0.00376457 0.00376404 0.00377562 0 0.00379266 0.00913596 0.94898 0.00721388 0.00982146 0.00692799 0.0091532 0.00868175 0.00921346 0.00892333 0.0110765 0.00977282 0.0104728 0.0100566 0.0220178 0.0102683 0.0247553 0.00994787 0.0089325 0.00940014 0.00890191 0.00885431 0.00853733 0.00900132 0.00892561 0.00862342 0.00919785 0.009129 0.00890704 0.00817795 0.00829892 0.00832315 0.00827098 0.00870614 0.00853592 0.00796159 0.00795539 0.00797104 0.00788175 0.00792333 0.00796701 0.00789833 0.0080228 0.00798172 0.00813052 0.00813828 0.00806221 
0.0157654 0.00431391 0.00387233 0.00378774 0.00377713 0.00375637 0.00379266 0 0.95924 0.00606863 0.00699735 0.00575829 0.0107378 0.00690545 0.00799671 0.0101727 0.0126516 0.0103916 0.0148356 0.00940691 0.0220241 0.0104126 0.0110033 0.010755 0.0222703 0.0118679 0.00971524 0.0118962 0.00895963 0.0122186 0.00879162 0.0115108 0.00846718 0.0084053 0.00841597 0.00922979 0.00918494 0.00802286 0.00851772 0.0104817 0.00819149 0.00933261 0.00884102 0.00811367 0.00804526 0.00862121 0.00798941 0.00802034 0.00816198 0.00795731 0.0079399 0.00824035 0.008053 0.00805253 
0.00894041 0.00694324 0.00657553 0.00654395 0.00598017 0.00762272 0.00913596 0.95924 0 0.00401944 0.00418364 0.00375672 0.00398249 0.00387198 0.00450127 0.00712567 0.00770668 0.0094661 0.00901474 0.00937209 0.0117295 0.00881463 0.00934956 0.0106045 0.0236911 0.0105987 0.00968665 0.0116661 0.00976763 0.0116658 0.00965863 0.00857219 0.00828538 0.00797781 0.00835875 0.00861189 0.00816867 0.00801077 0.00841059 0.00832312 0.00794161 0.00842211 0.00906064 0.00798411 0.00790835 0.00928162 0.00787299 0.00795393 0.00796072 0.0079505 0.00810032 0.00819694 0.00827448 0.00834995 
0.00743419 0.0075242 0.00704692 0.00644291 0.00790552 0.00738942 0.94898 0.00606863 0.00401944 0 0.00378249 0.00379301 0.00376842 0.00382468 0.00409419 0.00416319 0.00645441 0.0068072 0.00699672 0.0100955 0.00921115 0.0168382 0.0127194 0.0286363 0.00927324 0.00852879 0.0122918 0.00847749 0.0108739 0.00860213 0.010971 0.00962248 0.00819669 0.00966696 0.00841614 0.00920562 0.00801919 0.00805675 0.00830073 0.00803437 0.00839597 0.00828998 0.00817889 0.00797456 0.00799534 0.00797978 0.00795688 0.00793959 0.00792141 0.00805534 0.00812094 0.00809376 0.00818432 0.00828217 
0.00835515 0.00718038 0.00712021 0.00808908 0.00975211 0.944961 0.00721388 0.00699735 0.00418364 0.00378249 0 0.0037359 0.00377934 0.00382812 0.00381812 0.0039655 0.00595341 0.0066672 0.00688121 0.00656367 0.0110069 0.0101491 0.0207859 0.00864941 0.00935363 0.00973152 0.00842502 0.0104112 0.00824223 0.0101293 0.00823117 0.00834643 0.0114706 0.00843102 0.0102743 0.00816325 0.00813262 0.00822026 0.00794291 0.00833169 0.00820892 0.008209 0.00792538 0.008091 0.00792181 0.00837245 0.00798223 0.00791948 0.00794861 0.00792131 0.00793502 0.0080207 0.00812106 0.00801261 
0.0078756 0.00776631 0.00816967 0.00957968 0.89937 0.00916106 0.00982146 0.00575829 0.00375672 0.00379301 0.0037359 0 0.00375496 0.00376234 0.00379767 0.0037944 0.00504458 0.00604143 0.00615931 0.0123671 0.0109043 0.0171661 0.0112617 0.0161467 0.00863515 0.00827463 0.010734 0.00838611 0.0092553 0.00833626 0.00999855 0.0110923 0.00841892 0.0161809 0.00864177 0.0095468 0.00828279 0.00813668 0.00846429 0.00825151 0.00845784 0.00851538 0.00816903 0.00797872 0.00799899 0.00786327 0.00793525 0.00799215 0.00794967 0.00805152 0.00817112 0.00823523 0.00813564 0.00826285 
0.00834719 0.00846791 0.0115071 0.872284 0.0125196 0.0108673 0.00692799 0.0107378 0.00398249 0.00376842 0.00377934 0.00375496 0 0.00374044 0.00378151 0.00377292 0.00478028 0.00584227 0.00781168 0.012913 0.010204 0.00951614 0.0144073 0.0103257 0.010247 0.00968094 0.00847017 0.0103296 0.00830043 0.00956124 0.00832987 0.00849286 0.0119275 0.00895851 0.0116543 0.00847879 0.00821662 0.00832284 0.00819414 0.00826979 0.00848259 0.0085625 0.00795943 0.00804205 0.00793253 0.00803753 0.00795814 0.00792845 0.0079359 0.00795847 0.00799306 0.0080523 0.00806064 0.00806829 
0.00897017 0.0141687 0.875719 0.0128099 0.00926016 0.00784015 0.0091532 0.00690545 0.00387198 0.00382468 0.00382812 0.00376234 0.00374044 0 0.00397524 0.00376985 0.00440341 0.00770458 0.035672 0.0075764 0.0106841 0.0113501 0.0149637 0.0123436 0.00902965 0.00838025 0.00916963 0.00848934 0.00858378 0.00851776 0.00866379 0.00968203 0.00855462 0.0129123 0.00879773 0.00882056 0.00818218 0.00819082 0.00838636 0.00825365 0.00842926 0.00847417 0.00793744 0.0080158 0.00792778 0.00791876 0.00796224 0.00791318 0.00791923 0.00798766 0.00800044 0.00811483 0.00805921 0.00809223 
0.0205649 0.867542 0.0100714 0.00858923 0.00791269 0.00823946 0.00868175 0.00799671 0.00450127 0.00409419 0.00381812 0.00379767 0.00378151 0.00397524 0 0.00386452 0.00685809 0.808667 0.00743899 0.0112146 0.0100125 0.0272859 0.0122716 0.0129401 0.0110379 0.00947971 0.010299 0.00974493 0.00909548 0.00938331 0.00902015 0.00880206 0.00928532 0.00844674 0.00911672 0.00858481 0.00817471 0.00820778 0.00824504 0.00835738 0.00836075 0.00843958 0.00805979 0.0079185 0.00793586 0.00804548 0.00792897 0.00794962 0.0078778 0.0079204 0.00790449 0.00809848 0.00806277 0.00801842 
0.819327 0.0117015 0.00931743 0.00837791 0.00863176 0.00849665 0.00921346 0.0101727 0.00712567 0.00416319 0.0039655 0.0037944 0.00377292 0.00376985 0.00386452 0 0.914776 0.00614704 0.00910375 0.00735341 0.0218235 0.011055 0.0104233 0.0107007 0.0142661 0.0121326 0.0107417 0.0113228 0.00934867 0.0116022 0.00972492 0.0143654 0.0085286 0.00864056 0.00843552 0.00922815 0.00979195 0.00820824 0.00838348 0.010912 0.00823571 0.00896335 0.00942923 0.00810175 0.00798613 0.00857686 0.00798576 0.00797446 0.00814642 0.00798251 0.00800633 0.00834621 0.00807554 0.00808735 
0.011539 0.00970419 0.0084503 0.00847482 0.00824414 0.00845226 0.00892333 0.0126516 0.00770668 0.00645441 0.00595341 0.00504458 0.00478028 0.00440341 0.00685809 0.914776 0 0.00464638 0.00392571 0.0134619 0.00936862 0.0126185 0.00962611 0.0298568 0.0401265 0.0138088 0.014869 0.0126806 0.0143254 0.0137165 0.0139259 0.00943441 0.00962438 0.00840562 0.00883813 0.00965892 0.00840736 0.00841237 0.00879242 0.00861135 0.00842968 0.00899519 0.0101057 0.00815262 0.00803813 0.00909385 0.00791359 0.0080613 0.00811027 0.0078701 0.00804426 0.00814208 0.00807675 0.00825925 
0.0126105 0.00873172 0.00822847 0.0082036 0.00897638 0.00884133 0.0110765 0.0103916 0.0094661 0.0068072 0.0066672 0.00604143 0.00584227 0.00770458 0.808667 0.00614704 0.00464638 0 0.0212194 0.00386586 0.011533 0.0101001 0.0206009 0.0153612 0.00971211 0.0102126 0.00990517 0.0119692 0.00956382 0.0110728 0.00962805 0.011235 0.0086956 0.00916278 0.00871365 0.00898783 0.00896273 0.00810255 0.00878917 0.00903216 0.00858116 0.00915877 0.00868586 0.00817356 0.00802672 0.00819312 0.007972 0.00797269 0.00789937 0.00796829 0.00799394 0.00812674 0.00806293 0.00810129 
0.0122465 0.00949486 0.00842044 0.00878098 0.00862277 0.00966223 0.00977282 0.0148356 0.00901474 0.00699672 0.00688121 0.00615931 0.00781168 0.035672 0.00743899 0.00910375 0.00392571 0.0212194 0 0.00753805 0.0185389 0.585572 0.019391 0.00916515 0.0145781 0.0122384 0.0131179 0.0107935 0.0124764 0.0113261 0.0136395 0.010063 0.00876989 0.00850277 0.00923125 0.00991421 0.00875368 0.00830002 0.00888514 0.00940286 0.00862225 0.0095859 0.00965266 0.00803908 0.00800944 0.00854613 0.00784811 0.00798504 0.00796074 0.00791294 0.00791399 0.00808007 0.00802073 0.00811053 
0.0140653 0.00917303 0.00833384 0.00819575 0.00865751 0.00832412 0.0104728 0.00940691 0.00937209 0.0100955 0.00656367 0.0123671 0.012913 0.0075764 0.0112146 0.00735341 0.0134619 0.00386586 0.00753805 0 0.657438 0.0195314 0.00709797 0.00921502 0.00801996 0.0111325 0.0103998 0.0123031 0.0115948 0.0152788 0.0121293 0.0119722 0.00840397 0.00838344 0.00861005 0.00882472 0.00907845 0.0083115 0.00839203 0.0100291 0.00846299 0.00894583 0.00957117 0.00827912 0.00804534 0.0084215 0.008104 0.00802881 0.00799591 0.00792584 0.00810911 0.00827889 0.0079784 0.00824552 
0.0119211 0.00952191 0.0089951 0.00967333 0.00997347 0.0111221 0.0100566 0.0220241 0.0117295 0.00921115 0.0110069 0.0109043 0.010204 0.0106841 0.0100125 0.0218235 0.00936862 0.011533 0.0185389 0.657438 0 0.00403026 0.00379373 0.00388317 0.00447781 0.0113398 0.0130283 0.0120756 0.015932 0.0120363 0.0162849 0.0123333 0.00939823 0.00938628 0.0101494 0.0179025 0.0087367 0.00867518 0.012112 0.00929192 0.00892107 0.0125611 0.0112179 0.00810292 0.00822135 0.00913732 0.00794813 0.00839454 0.00820112 0.0078976 0.00841702 0.00824964 0.00810264 0.00862837 
0.00922149 0.00983381 0.0101695 0.0107084 0.0175785 0.011097 0.0220178 0.0104126 0.00881463 0.0168382 0.0101491 0.0171661 0.00951614 0.0113501 0.0272859 0.011055 0.0126185 0.0101001 0.585572 0.0195314 0.00403026 0 0.00381558 0.00380465 0.0038204 0.0100723 0.0119725 0.0130767 0.0134503 0.0101911 0.0108535 0.0107141 0.012998 0.0147087 0.0159858 0.00964468 0.00871432 0.00944744 0.00916303 0.00936576 0.0121931 0.0102253 0.00840811 0.00824272 0.00811733 0.00794254 0.00801457 0.00803781 0.00786762 0.00806886 0.0080982 0.00799857 0.00827435 0.00813556 
0.00913506 0.00970307 0.0118826 0.0160973 0.015353 0.0313281 0.0102683 0.0110033 0.00934956 0.0127194 0.0207859 0.0112617 0.0144073 0.0149637 0.0122716 0.0104233 0.00962611 0.0206009 0.019391 0.00709797 0.00379373 0.00381558 0 0.00376492 0.00377392 0.00816233 0.0130973 0.0182069 0.00910978 0.00906878 0.00901314 0.0108753 0.0148077 0.0307736 0.0158901 0.0104044 0.00881586 0.00942967 0.0088628 0.00933466 0.00993161 0.0106385 0.0082294 0.00823704 0.00817436 0.00795677 0.00803451 0.00803053 0.00792408 0.00800874 0.00795162 0.00819043 0.0081296 0.00803507 
0.0101037 0.0108162 0.00952872 0.009531 0.0139269 0.0109784 0.0247553 0.010755 0.0106045 0.0286363 0.00864941 0.0161467 0.0103257 0.0123436 0.0129401 0.0107007 0.0298568 0.0153612 0.00916515 0.00921502 0.00388317 0.00380465 0.00376492 0 0.00384714 0.0150737 0.251185 0.0118825 0.0142072 0.00945314 0.013941 0.0127487 0.012913 0.0137258 0.0155546 0.0125225 0.00949949 0.0122165 0.00917906 0.00991364 0.0161461 0.0105191 0.00881167 0.00818833 0.00824249 0.0079461 0.00796418 0.00808354 0.00790434 0.00806152 0.00798585 0.00809426 0.00817735 0.00804254 
0.0169157 0.00975481 0.00884423 0.00932025 0.00973951 0.0116071 0.00994787 0.0222703 0.0236911 0.00927324 0.00935363 0.00863515 0.010247 0.00902965 0.0110379 0.0142661 0.0401265 0.00971211 0.0145781 0.00801996 0.00447781 0.0038204 0.00377392 0.00384714 0 0.260553 0.0137503 0.0168914 0.0108554 0.013038 0.0116909 0.0233419 0.0095566 0.0092218 0.0100431 0.0162192 0.0111163 0.00880098 0.0100861 0.0135639 0.0092519 0.0146837 0.0103292 0.00880314 0.00831703 0.00904593 0.00821629 0.00823363 0.00825212 0.00801645 0.00800536 0.00830951 0.00822913 0.00807381 
0.00917982 0.00880584 0.00838246 0.00842045 0.00860223 0.0085679 0.0089325 0.0118679 0.0105987 0.00852879 0.00973152 0.00827463 0.00968094 0.00838025 0.00947971 0.0121326 0.0138088 0.0102126 0.0122384 0.0111325 0.0113398 0.0100723 0.00816233 0.0150737 0.260553 0 0.00565161 0.00397967 0.00763557 0.00731905 0.0122005 0.00947195 0.0101147 0.00839338 0.00956223 0.00996236 0.00845552 0.00885695 0.00913392 0.00844575 0.00887473 0.00961525 0.00967478 0.00806488 0.00806768 0.00880636 0.00784193 0.00798444 0.00810247 0.00781214 0.00796858 0.0080217 0.00792491 0.0080485 
0.010402 0.00872838 0.0083468 0.00846175 0.00904875 0.0086822 0.00940014 0.00971524 0.00968665 0.0122918 0.00842502 0.010734 0.00847017 0.00916963 0.010299 0.0107417 0.014869 0.00990517 0.0131179 0.0103998 0.0130283 0.0119725 0.0130973 0.251185 0.0137503 0.00565161 0 0.00798517 0.00434689 0.00998853 0.0108653 0.0178809 0.00858725 0.00931008 0.00902831 0.00995735 0.00975662 0.00830329 0.0090916 0.0100182 0.00853437 0.00975478 0.00974651 0.0080722 0.00807955 0.00827611 0.00793657 0.00797444 0.00790372 0.00794824 0.00799073 0.00805916 0.00799554 0.00823114 
0.0102634 0.00898209 0.00860439 0.00881808 0.00894191 0.00916085 0.00890191 0.0118962 0.0116661 0.00847749 0.0104112 0.00838611 0.0103296 0.00848934 0.00974493 0.0113228 0.0126806 0.0119692 0.0107935 0.0123031 0.0120756 0.0130767 0.0182069 0.0118825 0.0168914 0.00397967 0.00798517 0 0.00407131 0.0122974 0.162948 0.0105892 0.0110251 0.00881291 0.0121678 0.0114875 0.00926272 0.00964891 0.00910612 0.0099949 0.00973197 0.0106104 0.00943733 0.0082401 0.00805866 0.00877897 0.00785899 0.00811586 0.00802143 0.00783308 0.00785657 0.00802276 0.00801945 0.00796542 
0.0111203 0.00909013 0.00825461 0.00825352 0.00851361 0.00840993 0.00885431 0.00895963 0.00976763 0.0108739 0.00824223 0.0092553 0.00830043 0.00858378 0.00909548 0.00934867 0.0143254 0.00956382 0.0124764 0.0115948 0.015932 0.0134503 0.00910978 0.0142072 0.0108554 0.00763557 0.00434689 0.00407131 0 0.141369 0.00737681 0.0156839 0.00852856 0.0093781 0.00903742 0.00985573 0.0102423 0.00874976 0.00878228 0.0109272 0.00871473 0.00932326 0.0105049 0.00824303 0.00807796 0.00847489 0.00818969 0.00798775 0.00803771 0.0079534 0.00810019 0.00833271 0.00798471 0.00814681 
0.00934222 0.00929349 0.00853755 0.00855273 0.00867611 0.00868444 0.00853733 0.0122186 0.0116658 0.00860213 0.0101293 0.00833626 0.00956124 0.00851776 0.00938331 0.0116022 0.0137165 0.0110728 0.0113261 0.0152788 0.0120363 0.0101911 0.00906878 0.00945314 0.013038 0.00731905 0.00998853 0.0122974 0.141369 0 0.0060316 0.0110059 0.0132093 0.00897805 0.0151516 0.0099938 0.00903838 0.0100928 0.0088808 0.00893792 0.00902974 0.00968473 0.010812 0.00819266 0.0079523 0.00933762 0.00786609 0.0082496 0.0080393 0.00789137 0.00796286 0.00789306 0.00819709 0.00804747 
0.0112081 0.00892202 0.00825613 0.00825413 0.00855061 0.00838831 0.00900132 0.00879162 0.00965863 0.010971 0.00823117 0.00999855 0.00832987 0.00866379 0.00902015 0.00972492 0.0139259 0.00962805 0.0136395 0.0121293 0.0162849 0.0108535 0.00901314 0.013941 0.0116909 0.0122005 0.0108653 0.162948 0.00737681 0.0060316 0 0.026823 0.00891033 0.00999607 0.0122972 0.0238399 0.012364 0.00905802 0.00946739 0.0119077 0.00924128 0.00946151 0.0138168 0.0086465 0.00820839 0.0090284 0.00840658 0.00813692 0.00802518 0.00795796 0.00812247 0.00842507 0.00801009 0.00820265 
0.00867854 0.00835545 0.00837107 0.00840967 0.00891231 0.00863359 0.00892561 0.0115108 0.00857219 0.00962248 0.00834643 0.0110923 0.00849286 0.00968203 0.00880206 0.0143654 0.00943441 0.011235 0.010063 0.0119722 0.0123333 0.0107141 0.0108753 0.0127487 0.0233419 0.00947195 0.0178809 0.0105892 0.0156839 0.0110059 0.026823 0 0.00394709 0.00384725 0.00383481 0.00429329 0.0120817 0.0078385 0.0330042 0.0166545 0.0118103 0.0315094 0.0229205 0.00868551 0.0101357 0.0100077 0.00817068 0.00951687 0.00801163 0.00789716 0.00863935 0.00840246 0.00797491 0.00915922 
0.00802716 0.00810946 0.00822932 0.00872602 0.00893146 0.00924073 0.00862342 0.00846718 0.00828538 0.00819669 0.0114706 0.00841892 0.0119275 0.00855462 0.00928532 0.0085286 0.00962438 0.0086956 0.00876989 0.00840397 0.00939823 0.012998 0.0148077 0.012913 0.0095566 0.0101147 0.00858725 0.0110251 0.00852856 0.0132093 0.00891033 0.00394709 0 0.00376519 0.00379576 0.00380122 0.0064374 0.0169965 0.00865495 0.0110875 0.0208828 0.0107603 0.00961705 0.00868732 0.00841212 0.00835252 0.00809509 0.00818224 0.00790553 0.00809682 0.0079185 0.00801757 0.00820441 0.00791097 
0.00802718 0.00808039 0.0087972 0.00890573 0.0112526 0.00996119 0.00919785 0.0084053 0.00797781 0.00966696 0.00843102 0.0161809 0.00895851 0.0129123 0.00844674 0.00864056 0.00840562 0.00916278 0.00850277 0.00838344 0.00938628 0.0147087 0.0307736 0.0137258 0.0092218 0.00839338 0.00931008 0.00881291 0.0093781 0.00897805 0.00999607 0.00384725 0.00376519 0 0.00375395 0.00377637 0.0103542 0.00919233 0.0222057 0.0140682 0.0117071 0.0128417 0.00952326 0.00827086 0.00870484 0.00806928 0.00802212 0.00812129 0.00811766 0.00799575 0.00799808 0.00809488 0.0080396 0.00810712 
0.00804587 0.00830207 0.0083908 0.00900557 0.00940955 0.00978989 0.009129 0.00841597 0.00835875 0.00841614 0.0102743 0.00864177 0.0116543 0.00879773 0.00911672 0.00843552 0.00883813 0.00871365 0.00923125 0.00861005 0.0101494 0.0159858 0.0158901 0.0155546 0.0100431 0.00956223 0.00902831 0.0121678 0.00903742 0.0151516 0.0122972 0.00383481 0.00379576 0.00375395 0 0.00375993 0.00943062 0.0620592 0.0123639 0.0134566 0.0987753 0.0140271 0.0127119 0.00927477 0.00869826 0.00846167 0.00825674 0.00843288 0.0078877 0.00799582 0.00797141 0.00793399 0.00816489 0.00790004 
0.00859583 0.00820126 0.00825376 0.00825821 0.0088508 0.00885619 0.00890704 0.00922979 0.00861189 0.00920562 0.00816325 0.0095468 0.00847879 0.00882056 0.00858481 0.00922815 0.00965892 0.00898783 0.00991421 0.00882472 0.0179025 0.00964468 0.0104044 0.0125225 0.0162192 0.00996236 0.00995735 0.0114875 0.00985573 0.0099938 0.0238399 0.00429329 0.00380122 0.00377637 0.00375993 0 0.0221648 0.0101957 0.0156461 0.0152453 0.0132547 0.0321648 0.0288764 0.00907059 0.0101117 0.00905592 0.00873094 0.00878187 0.00815431 0.00793656 0.00803937 0.00828392 0.00795594 0.00822228 
0.00824409 0.00803755 0.00791326 0.00800251 0.00806319 0.00814812 0.00817795 0.00918494 0.00816867 0.00801919 0.00813262 0.00828279 0.00821662 0.00818218 0.00817471 0.00979195 0.00840736 0.00896273 0.00875368 0.00907845 0.0087367 0.00871432 0.00881586 0.00949949 0.0111163 0.00845552 0.00975662 0.00926272 0.0102423 0.00903838 0.012364 0.0120817 0.0064374 0.0103542 0.00943062 0.0221648 0 0.00386188 0.00384773 0.00445837 0.00736139 0.88727 0.0115254 0.00913444 0.00938232 0.0100796 0.00811436 0.00899342 0.00805693 0.00787068 0.00817951 0.00806219 0.00800231 0.0084177 
0.00790965 0.00808494 0.00791069 0.00802326 0.00814109 0.00826156 0.00829892 0.00802286 0.00801077 0.00805675 0.00822026 0.00813668 0.00832284 0.00819082 0.00820778 0.00820824 0.00841237 0.00810255 0.00830002 0.0083115 0.00867518 0.00944744 0.00942967 0.0122165 0.00880098 0.00885695 0.00830329 0.00964891 0.00874976 0.0100928 0.00905802 0.0078385 0.0169965 0.00919233 0.0620592 0.0101957 0.00386188 0 0.00388647 0.0053993 0.968421 0.00965475 0.00912504 0.0102365 0.00911267 0.0084597 0.00816892 0.00848049 0.00783069 0.00804561 0.0078786 0.00785254 0.00825001 0.00788859 
0.00898884 0.00832008 0.00796528 0.00801579 0.00818624 0.00815797 0.00832315 0.00851772 0.00841059 0.00830073 0.00794291 0.00846429 0.00819414 0.00838636 0.00824504 0.00838348 0.00879242 0.00878917 0.00888514 0.00839203 0.012112 0.00916303 0.0088628 0.00917906 0.0100861 0.00913392 0.0090916 0.00910612 0.00878228 0.0088808 0.00946739 0.0330042 0.00865495 0.0222057 0.0123639 0.0156461 0.00384773 0.00388647 0 0.968468 0.00731513 0.00703077 0.0106677 0.0106506 0.009301 0.00983212 0.00878926 0.00881372 0.0086493 0.0079073 0.0080869 0.00853269 0.00795589 0.00807769 
0.00822298 0.00796926 0.00799809 0.00805237 0.00820723 0.00824868 0.00827098 0.0104817 0.00832312 0.00803437 0.00833169 0.00825151 0.00826979 0.00825365 0.00835738 0.010912 0.00861135 0.00903216 0.00940286 0.0100291 0.00929192 0.00936576 0.00933466 0.00991364 0.0135639 0.00844575 0.0100182 0.0099949 0.0109272 0.00893792 0.0119077 0.0166545 0.0110875 0.0140682 0.0134566 0.0152453 0.00445837 0.0053993 0.968468 0 0.00381184 0.0037945 0.0174952 0.0122025 0.013079 0.0139163 0.00846126 0.0105672 0.0079541 0.00801039 0.00882561 0.00806202 0.00819135 0.0087417 
0.00788696 0.00819157 0.00811691 0.00827349 0.00858563 0.00841178 0.00870614 0.00819149 0.00794161 0.00839597 0.00820892 0.00845784 0.00848259 0.00842926 0.00836075 0.00823571 0.00842968 0.00858116 0.00862225 0.00846299 0.00892107 0.0121931 0.00993161 0.0161461 0.0092519 0.00887473 0.00853437 0.00973197 0.00871473 0.00902974 0.00924128 0.0118103 0.0208828 0.0117071 0.0987753 0.0132547 0.00736139 0.968421 0.00731513 0.00381184 0 0.00382935 0.014194 0.0183169 0.0181849 0.00862625 0.00924215 0.00941401 0.00786433 0.0081494 0.00794332 0.00795384 0.00821259 0.00799025 
0.00860743 0.0081487 0.00816472 0.00834376 0.00857271 0.0084788 0.00853592 0.00933261 0.00842211 0.00828998 0.008209 0.00851538 0.0085625 0.00847417 0.00843958 0.00896335 0.00899519 0.00915877 0.0095859 0.00894583 0.0125611 0.0102253 0.0106385 0.0105191 0.0146837 0.00961525 0.00975478 0.0106104 0.00932326 0.00968473 0.00946151 0.0315094 0.0107603 0.0128417 0.0140271 0.0321648 0.88727 0.00965475 0.00703077 0.0037945 0.00382935 0 0.044073 0.0138229 0.0191554 0.0118777 0.0101042 0.0102419 0.00849263 0.00810328 0.00829384 0.00864527 0.00810543 0.00826449 
0.00918869 0.00808092 0.00795644 0.00793573 0.00796875 0.00788687 0.00796159 0.00884102 0.00906064 0.00817889 0.00792538 0.00816903 0.00795943 0.00793744 0.00805979 0.00942923 0.0101057 0.00868586 0.00965266 0.00957117 0.0112179 0.00840811 0.0082294 0.00881167 0.0103292 0.00967478 0.00974651 0.00943733 0.0105049 0.010812 0.0138168 0.0229205 0.00961705 0.00952326 0.0127119 0.0288764 0.0115254 0.00912504 0.0106677 0.0174952 0.014194 0.044073 0 0.0217426 0.0187007 0.0689371 0.0133823 0.0144151 0.00928868 0.0079223 0.00927567 0.00994469 0.00814676 0.00973649 
0.0080019 0.00799363 0.00795997 0.00798747 0.00801071 0.00796162 0.00795539 0.00811367 0.00798411 0.00797456 0.008091 0.00797872 0.00804205 0.0080158 0.0079185 0.00810175 0.00815262 0.00817356 0.00803908 0.00827912 0.00810292 0.00824272 0.00823704 0.00818833 0.00880314 0.00806488 0.0080722 0.0082401 0.00824303 0.00819266 0.0086465 0.00868551 0.00868732 0.00827086 0.00927477 0.00907059 0.00913444 0.0102365 0.0106506 0.0122025 0.0183169 0.0138229 0.0217426 0 0.00436684 0.0586493 0.0313779 0.290796 0.00854049 0.00914605 0.00982402 0.00847317 0.0105 0.00980129 
0.00807778 0.00788649 0.00787648 0.00789553 0.00791595 0.00793747 0.00797104 0.00804526 0.00790835 0.00799534 0.00792181 0.00799899 0.00793253 0.00792778 0.00793586 0.00798613 0.00803813 0.00802672 0.00800944 0.00804534 0.00822135 0.00811733 0.00817436 0.00824249 0.00831703 0.00806768 0.00807955 0.00805866 0.00807796 0.0079523 0.00820839 0.0101357 0.00841212 0.00870484 0.00869826 0.0101117 0.00938232 0.00911267 0.009301 0.013079 0.0181849 0.0191554 0.0187007 0.00436684 0 0.0366864 0.180108 0.0266031 0.00990239 0.00857452 0.00892516 0.0103724 0.0088089 0.0122218 
0.0090632 0.00820225 0.00800905 0.00793437 0.00789039 0.00792494 0.00788175 0.00862121 0.00928162 0.00797978 0.00837245 0.00786327 0.00803753 0.00791876 0.00804548 0.00857686 0.00909385 0.00819312 0.00854613 0.0084215 0.00913732 0.00794254 0.00795677 0.0079461 0.00904593 0.00880636 0.00827611 0.00877897 0.00847489 0.00933762 0.0090284 0.0100077 0.00835252 0.00806928 0.00846167 0.00905592 0.0100796 0.0084597 0.00983212 0.0139163 0.00862625 0.0118777 0.0689371 0.0586493 0.0366864 0 0.0805579 0.0605504 0.0129393 0.00966092 0.01241 0.0122025 0.0121279 0.0128514 
0.00799839 0.00797906 0.0079296 0.00793166 0.00794012 0.0079288 0.00792333 0.00798941 0.00787299 0.00795688 0.00798223 0.00793525 0.00795814 0.00796224 0.00792897 0.00798576 0.00791359 0.007972 0.00784811 0.008104 0.00794813 0.00801457 0.00803451 0.00796418 0.00821629 0.00784193 0.00793657 0.00785899 0.00818969 0.00786609 0.00840658 0.00817068 0.00809509 0.00802212 0.00825674 0.00873094 0.00811436 0.00816892 0.00878926 0.00846126 0.00924215 0.0101042 0.0133823 0.0313779 0.180108 0.0805579 0 0.00720738 0.0105756 0.0112106 0.0123229 0.00937841 0.0114541 0.0107915 
0.00809533 0.00791075 0.00788466 0.00792754 0.00796712 0.0079285 0.00796701 0.00802034 0.00795393 0.00793959 0.00791948 0.00799215 0.00792845 0.00791318 0.00794962 0.00797446 0.0080613 0.00797269 0.00798504 0.00802881 0.00839454 0.00803781 0.00803053 0.00808354 0.00823363 0.00798444 0.00797444 0.00811586 0.00798775 0.0082496 0.00813692 0.00951687 0.00818224 0.00812129 0.00843288 0.00878187 0.00899342 0.00848049 0.00881372 0.0105672 0.00941401 0.0102419 0.0144151 0.290796 0.0266031 0.0605504 0.00720738 0 0.0141595 0.0112415 0.0154421 0.0118999 0.012453 0.0120185 
0.00806752 0.00791828 0.00797157 0.00796692 0.00797781 0.00793371 0.00789833 0.00816198 0.00796072 0.00792141 0.00794861 0.00794967 0.0079359 0.00791923 0.0078778 0.00814642 0.00811027 0.00789937 0.00796074 0.00799591 0.00820112 0.00786762 0.00792408 0.00790434 0.00825212 0.00810247 0.00790372 0.00802143 0.00803771 0.0080393 0.00802518 0.00801163 0.00790553 0.00811766 0.0078877 0.00815431 0.00805693 0.00783069 0.0086493 0.0079541 0.00786433 0.00849263 0.00928868 0.00854049 0.00990239 0.0129393 0.0105756 0.0141595 0 0.00449722 0.00424942 0.00509479 0.00808049 0.923389 
0.00807588 0.00801598 0.00800833 0.00801414 0.0080027 0.00802024 0.0080228 0.00795731 0.0079505 0.00805534 0.00792131 0.00805152 0.00795847 0.00798766 0.0079204 0.00798251 0.0078701 0.00796829 0.00791294 0.00792584 0.0078976 0.00806886 0.00800874 0.00806152 0.00801645 0.00781214 0.00794824 0.00783308 0.0079534 0.00789137 0.00795796 0.00789716 0.00809682 0.00799575 0.00799582 0.00793656 0.00787068 0.00804561 0.0079073 0.00801039 0.0081494 0.00810328 0.0079223 0.00914605 0.00857452 0.00966092 0.0112106 0.0112415 0.00449722 0 0.00586746 0.00502272 0.986227 0.00585718 
0.00852584 0.00823195 0.00806829 0.00804411 0.00808146 0.00803432 0.00798172 0.0079399 0.00810032 0.00812094 0.00793502 0.00817112 0.00799306 0.00800044 0.00790449 0.00800633 0.00804426 0.00799394 0.00791399 0.00810911 0.00841702 0.0080982 0.00795162 0.00798585 0.00800536 0.00796858 0.00799073 0.00785657 0.00810019 0.00796286 0.00812247 0.00863935 0.0079185 0.00799808 0.00797141 0.00803937 0.00817951 0.0078786 0.0080869 0.00882561 0.00794332 0.00829384 0.00927567 0.00982402 0.00892516 0.01241 0.0123229 0.0154421 0.00424942 0.00586746 0 0.996776 0.00438837 0.00750182 
0.00824666 0.00804635 0.0080517 0.00807539 0.00815958 0.00809769 0.00813052 0.00824035 0.00819694 0.00809376 0.0080207 0.00823523 0.0080523 0.00811483 0.00809848 0.00834621 0.00814208 0.00812674 0.00808007 0.00827889 0.00824964 0.00799857 0.00819043 0.00809426 0.00830951 0.0080217 0.00805916 0.00802276 0.00833271 0.00789306 0.00842507 0.00840246 0.00801757 0.00809488 0.00793399 0.00828392 0.00806219 0.00785254 0.00853269 0.00806202 0.00795384 0.00864527 0.00994469 0.00847317 0.0103724 0.0122025 0.00937841 0.0118999 0.00509479 0.00502272 0.996776 0 0.00389084 0.00573672 
0.00828979 0.00815959 0.00810287 0.00809803 0.00810387 0.00812332 0.00813828 0.008053 0.00827448 0.00818432 0.00812106 0.00813564 0.00806064 0.00805921 0.00806277 0.00807554 0.00807675 0.00806293 0.00802073 0.0079784 0.00810264 0.00827435 0.0081296 0.00817735 0.00822913 0.00792491 0.00799554 0.00801945 0.00798471 0.00819709 0.00801009 0.00797491 0.00820441 0.0080396 0.00816489 0.00795594 0.00800231 0.00825001 0.00795589 0.00819135 0.00821259 0.00810543 0.00814676 0.0105 0.0088089 0.0121279 0.0114541 0.012453 0.00808049 0.986227 0.00438837 0.00389084 0 0.00395822 
0.0087835 0.00859482 0.00816115 0.00820167 0.00817294 0.00817754 0.00806221 0.00805253 0.00834995 0.00828217 0.00801261 0.00826285 0.00806829 0.00809223 0.00801842 0.00808735 0.00825925 0.00810129 0.00811053 0.00824552 0.00862837 0.00813556 0.00803507 0.00804254 0.00807381 0.0080485 0.00823114 0.00796542 0.00814681 0.00804747 0.00820265 0.00915922 0.00791097 0.00810712 0.00790004 0.00822228 0.0084177 0.00788859 0.00807769 0.0087417 0.00799025 0.00826449 0.00973649 0.00980129 0.0122218 0.0128514 0.0107915 0.0120185 0.923389 0.00585718 0.00750182 0.00573672 0.00395822 0 
