1FZVA
SSEVEVVPFQEVWGRSYCRALERLVDVVSEYPSEVEHMFSPSCVSLLRCTGCCGDENLHCVPVETANVTMQLLKIRSGDRPSYVELTFSQHVRCECRPLR
CCCCCEECHHHHHHHHECEEEEEEEECHHHCCCCCCCCEECCEEEEEEEECECCCCCEEEEEEEEEEEEEEEEECCCCCCCEEEEEEEEEEEEEEEEECC
0 0 0 0 0 0 0 0 0 0 0 0 0 0 0 0 0 0 0 0 0 0 0 0 0 0 0 0 0 0 0 0 0 0 0 0 0 0 0 0 0 0 0 0 0 0 0 0 0 0 0 0 0 0 0 0 0 0 0 0 0 0 0 0 0 0 0 0 0 0 0 0 0 0 0 0 0 0 0 0 0 0 0 0 0 0 0 0 0 0 0 0 0 0 0 0 0 0 0 0 
0 0 0 0 0 0 0 0 0 0 0 0 0 0 0 0 0 0 0 0 0 0 0 0 0 0 0 0 0 0 0 0 0 0 0 0 0 0 0 0 0 0 0 0 0 0 0 0 0 0 0 0 0 0 0 0 0 0 0 0 0 0 0 0 0 0 0 0 0 0 0 0 0 0 0 0 0 0 0 0 0 0 0 0 0 0 0 0 0 0 0 0 0 0 0 0 0 0 0 0 
0 0.0109874 0.0118198 0.0113407 0.0152527 0.00838564 0.0093849 0.0100802 0.00854619 0.0112095 0.0242613 0.0139222 0.0180266 0.0136757 0.0106842 0.0105172 0.00913348 0.00955709 0.0100904 0.00979499 0.0108697 0.0189952 0.0112393 0.0105834 0.00905972 0.00874496 0.00876556 0.00861508 0.00900276 0.00900962 0.00837136 0.009335 0.00850129 0.00928515 0.00856328 0.00966728 0.00839993 0.0094432 0.0124593 0.0100037 0.00891853 0.00819852 0.00930963 0.00835718 0.00944367 0.00814659 0.0082967 0.00805011 0.00824955 0.00819683 0.00861099 0.00805707 0.00880701 0.00803513 0.00839731 0.00936022 
0.0109874 0 0.00833022 0.00913174 0.00956428 0.00774904 0.00783013 0.0077763 0.00874968 0.0161359 0.014883 0.0238364 0.0100106 0.0169323 0.0117841 0.00884 0.0117204 0.00888408 0.00876742 0.0135794 0.00876349 0.012795 0.0147571 0.00855946 0.00908121 0.00882455 0.00835049 0.0094296 0.00836345 0.00847748 0.00885996 0.00827959 0.0094826 0.00834771 0.0115267 0.00840504 0.00905801 0.0096606 0.00887867 0.0103999 0.00852585 0.0101542 0.00816571 0.011526 0.00812208 0.00962525 0.00816694 0.00821943 0.00821094 0.00840963 0.0080424 0.0101443 0.00808269 0.00906583 0.0081864 0.0085381 
0.0118198 0.00833022 0 0.0039856 0.00377295 0.00380732 0.00377594 0.00383142 0.00385105 0.00406155 0.00627576 0.0105479 0.0115383 0.0115014 0.00898632 0.00995 0.00880313 0.00909681 0.00986256 0.00924055 0.0124214 0.059387 0.0099205 0.00879144 0.00977453 0.00903118 0.00870933 0.00852181 0.00866891 0.00845061 0.00836165 0.00953827 0.00843481 0.0102039 0.00891107 0.00998253 0.00884229 0.0098198 0.0174301 0.0101179 0.00873224 0.00821865 0.00963146 0.00831112 0.00988559 0.00821646 0.00871261 0.00845018 0.00836583 0.00818752 0.00863826 0.00817204 0.00923425 0.00821874 0.00839837 0.0102548 
0.0113407 0.00913174 0.0039856 0 0.00372287 0.00378288 0.00377655 0.00384901 0.00380317 0.00380278 0.00515302 0.00889037 0.0109203 0.00985794 0.00921414 0.00961231 0.00961708 0.00948733 0.00986636 0.00973924 0.112339 0.00966859 0.00851567 0.0089255 0.00913943 0.00885998 0.00862697 0.00848609 0.00877308 0.00852043 0.00872912 0.00971813 0.0091679 0.0099981 0.00908594 0.0109852 0.00885162 0.00905687 0.0154735 0.00838599 0.00831941 0.0083083 0.00989044 0.0085234 0.0116056 0.0082345 0.00891821 0.00812878 0.00826237 0.0082432 0.00929211 0.0082906 0.0105467 0.00862998 0.00945854 0.00835493 
0.0152527 0.00956428 0.00377295 0.00372287 0 0.00374218 0.00375245 0.0038889 0.00392305 0.0042901 0.00404652 0.0119696 0.00796962 0.0102361 0.0159596 0.0130372 0.0113039 0.0117675 0.0107855 0.161597 0.00960501 0.00853544 0.00905119 0.0102811 0.00935904 0.00949576 0.00885989 0.00863255 0.00881048 0.0086836 0.00892543 0.00911221 0.0101246 0.00981881 0.0106932 0.0108111 0.0102645 0.0112932 0.00943802 0.00850808 0.00864893 0.00896175 0.00907795 0.00968479 0.00888298 0.00946184 0.00879889 0.00890681 0.00843503 0.00848143 0.00842119 0.00902472 0.00900933 0.00851901 0.00892305 0.00811421 
0.00838564 0.00774904 0.00380732 0.00378288 0.00374218 0 0.00376289 0.00378638 0.00388569 0.00375305 0.00384521 0.00805292 0.00775272 0.00982262 0.0124943 0.016917 0.0140791 0.0109719 0.143583 0.0110162 0.0096798 0.00860758 0.00905926 0.00916804 0.0134089 0.0096813 0.00898629 0.00955124 0.00896108 0.00912746 0.00904659 0.00957311 0.0118204 0.0129137 0.01355 0.0119219 0.0127849 0.00996018 0.00919583 0.00847923 0.0089813 0.0109786 0.0103639 0.0114275 0.00926586 0.0106495 0.00947933 0.00920223 0.00902192 0.00918711 0.00906574 0.0110391 0.00889366 0.0118057 0.00830987 0.00817607 
0.0093849 0.00783013 0.00377594 0.00377655 0.00375245 0.00376289 0 0.00413393 0.00376313 0.00373541 0.00384725 0.00871956 0.00800243 0.0118292 0.0141575 0.0172464 0.0171242 0.13761 0.0153222 0.0104681 0.00974621 0.00842618 0.00880748 0.00948358 0.0124437 0.0102853 0.00999529 0.0094626 0.00932577 0.00912452 0.00917939 0.00990343 0.0154085 0.0109852 0.0164627 0.0146987 0.0153777 0.0103474 0.00906306 0.00828564 0.00901983 0.0119656 0.0100695 0.0126404 0.0102851 0.011307 0.00991532 0.0103514 0.0100508 0.010647 0.010084 0.0115894 0.00999637 0.00971841 0.00838953 0.00841575 
0.0100802 0.0077763 0.00383142 0.00384901 0.0038889 0.00378638 0.00413393 0 0.00375253 0.00375915 0.00378429 0.00863776 0.00833783 0.0104929 0.0145648 0.0283885 0.124932 0.0256357 0.0133476 0.0102324 0.0102793 0.00858552 0.00859574 0.0124898 0.0113819 0.011834 0.011001 0.00951712 0.010527 0.00937142 0.00916257 0.0150176 0.0105577 0.027086 0.012032 0.0322155 0.0120136 0.0106612 0.00931225 0.00874951 0.00977526 0.00916163 0.024235 0.0100437 0.0183202 0.00944132 0.0152915 0.00996365 0.0156503 0.0117311 0.0123445 0.00980206 0.0154829 0.00885736 0.00868248 0.00814903 
0.00854619 0.00874968 0.00385105 0.00380317 0.00392305 0.00388569 0.00376313 0.00375253 0 0.00375144 0.00376598 0.00966508 0.00851575 0.012875 0.0140702 0.209851 0.0172185 0.0117822 0.0168339 0.0111336 0.00885947 0.00860826 0.00954479 0.00913191 0.0255508 0.0121352 0.0097891 0.00969361 0.0093233 0.00946807 0.00945459 0.0105825 0.0149243 0.0121301 0.0219294 0.0117708 0.0175131 0.0103207 0.00908376 0.00871543 0.00885602 0.0134105 0.0102535 0.0148068 0.0101667 0.014281 0.00981757 0.0108501 0.0101495 0.0102887 0.009802 0.0113859 0.00939498 0.0107574 0.00849591 0.00836782 
0.0112095 0.0161359 0.00406155 0.00380278 0.0042901 0.00375305 0.00373541 0.00375915 0.00375144 0 0.00384504 0.0180817 0.0205156 0.0128835 0.194763 0.011523 0.019427 0.0114337 0.0108912 0.0283038 0.00962564 0.00938964 0.011195 0.0105449 0.0146613 0.0162209 0.00915336 0.00950462 0.00889145 0.00896389 0.0096822 0.00909426 0.0211446 0.00954647 0.0156578 0.0107594 0.012875 0.0140115 0.00956889 0.00916529 0.00990494 0.0109935 0.00956254 0.0145345 0.00958153 0.0123692 0.00928716 0.0109608 0.00913502 0.0114806 0.00887407 0.0115941 0.00874702 0.0101673 0.00852785 0.00836385 
0.0242613 0.014883 0.00627576 0.00515302 0.00404652 0.00384521 0.00384725 0.00378429 0.00376598 0.00384504 0 0.0181907 0.0122891 0.157819 0.0112665 0.0224132 0.0106739 0.0135893 0.0109136 0.00998638 0.021767 0.0218717 0.0135458 0.0116513 0.00956343 0.0103553 0.00950247 0.00911504 0.00946615 0.00902165 0.00879173 0.0133699 0.00941657 0.015774 0.00997236 0.0147039 0.0100122 0.0114488 0.0191293 0.0141868 0.00935905 0.00907775 0.0130779 0.0100139 0.0145965 0.00892882 0.0113201 0.00886475 0.0102729 0.00867194 0.0103138 0.00911474 0.0111465 0.00875096 0.00891345 0.0082081 
0.0139222 0.0238364 0.0105479 0.00889037 0.0119696 0.00805292 0.00871956 0.00863776 0.00966508 0.0180817 0.0181907 0 0.00443974 0.00431718 0.00817741 0.00525584 0.00430268 0.00444968 0.00528949 0.00983317 0.00651805 0.00959702 0.00816367 0.00866411 0.00874821 0.00795273 0.00801821 0.00849154 0.00831237 0.00834207 0.00842508 0.00875775 0.0093537 0.00940681 0.00977777 0.00947555 0.00960736 0.0108084 0.0140824 0.00960797 0.00911082 0.00886038 0.00919098 0.00904358 0.00870393 0.00876604 0.00867341 0.00868487 0.00848357 0.00886702 0.00851766 0.0089469 0.00872065 0.00872527 0.00886014 0.0106353 
0.0180266 0.0100106 0.0115383 0.0109203 0.00796962 0.00775272 0.00800243 0.00833783 0.00851575 0.0205156 0.0122891 0.00443974 0 0.0103879 0.00867453 0.00613185 0.00405822 0.00430476 0.0044006 0.00550875 0.00504716 0.00815907 0.00793505 0.00804476 0.00762412 0.00759867 0.00770763 0.00775372 0.00816894 0.00810687 0.00813519 0.00886228 0.00842114 0.00922895 0.00855302 0.00991626 0.00871489 0.00960949 0.0102839 0.0107759 0.00855949 0.00851186 0.00891846 0.00855186 0.00895097 0.00846625 0.00873716 0.00847472 0.00853797 0.00842594 0.00846122 0.00847512 0.00873432 0.00835819 0.00860306 0.0080786 
0.0136757 0.0169323 0.0115014 0.00985794 0.0102361 0.00982262 0.0118292 0.0104929 0.012875 0.0128835 0.157819 0.00431718 0.0103879 0 0.0037989 0.00378484 0.00380235 0.0037987 0.00413657 0.00404127 0.00441554 0.0105469 0.0110993 0.0075029 0.0103494 0.00792193 0.00793733 0.00939052 0.00970812 0.0258971 0.0395938 0.0169111 0.0101246 0.0111679 0.0116225 0.0121225 0.0101336 0.0115674 0.0178723 0.0123685 0.00927998 0.0102019 0.00945721 0.0109608 0.00984363 0.00978535 0.00911673 0.00906987 0.0114768 0.00916727 0.00887273 0.00959685 0.0113496 0.0094236 0.00961793 0.017115 
0.0106842 0.0117841 0.00898632 0.00921414 0.0159596 0.0124943 0.0141575 0.0145648 0.0140702 0.194763 0.0112665 0.00817741 0.00867453 0.0037989 0 0.00386921 0.0037746 0.0037747 0.00376321 0.00413745 0.00386091 0.00502913 0.0068968 0.00750424 0.0125757 0.00863635 0.0184627 0.0131859 0.0363069 0.0566452 0.0163114 0.00916697 0.0235516 0.00923989 0.0346475 0.01032 0.0252864 0.0181785 0.00997887 0.00972227 0.00978637 0.0148869 0.010009 0.0167964 0.00951063 0.0161303 0.00989496 0.0128341 0.00997821 0.0119461 0.00950752 0.0149028 0.00948148 0.0145912 0.0105516 0.00976528 
0.0105172 0.00884 0.00995 0.00961231 0.0130372 0.016917 0.0172464 0.0283885 0.209851 0.011523 0.0224132 0.00525584 0.00613185 0.00378484 0.00386921 0 0.00376679 0.00375039 0.00372113 0.00376776 0.00428331 0.00462236 0.00780902 0.0172544 0.00791396 0.0211193 0.0126 0.0320643 0.0605542 0.0227999 0.00893899 0.0262819 0.00896592 0.0412658 0.00898252 0.0488641 0.0137772 0.0109894 0.0106812 0.00937323 0.013586 0.00948375 0.0554879 0.00939022 0.0493913 0.00950883 0.0256994 0.0110041 0.0177332 0.0109747 0.0343836 0.00923769 0.0564013 0.00995871 0.0119238 0.00851005 
0.00913348 0.0117204 0.00880313 0.00961708 0.0113039 0.0140791 0.0171242 0.124932 0.0172185 0.019427 0.0106739 0.00430268 0.00405822 0.00380235 0.0037746 0.00376679 0 0.00377155 0.00374293 0.00379208 0.00376906 0.00398529 0.00878358 0.0068403 0.0344772 0.0209984 0.0619974 0.0433343 0.0274499 0.011944 0.0117537 0.00831426 0.0220555 0.00836151 0.0560772 0.0098618 0.0223068 0.0124983 0.00961404 0.00949823 0.0089271 0.0346717 0.00897984 0.0754608 0.00908172 0.0398387 0.00974832 0.0185895 0.0120172 0.0206227 0.00923835 0.0529291 0.00910699 0.0414415 0.00899111 0.00990862 
0.00955709 0.00888408 0.00909681 0.00948733 0.0117675 0.0109719 0.13761 0.0256357 0.0117822 0.0114337 0.0135893 0.00444968 0.00430476 0.0037987 0.0037747 0.00375039 0.00377155 0 0.00374101 0.00374499 0.00375883 0.0038128 0.00631219 0.031921 0.0125293 0.047624 0.0541619 0.0134278 0.0103201 0.00912325 0.0094047 0.0113561 0.00819317 0.0150345 0.00915872 0.0158713 0.00984519 0.0101796 0.0096188 0.00866792 0.0106145 0.00913342 0.0255933 0.00976026 0.0197518 0.010066 0.0200286 0.0116987 0.016418 0.010039 0.0160851 0.0101417 0.0176441 0.00965402 0.0103625 0.00843285 
0.0100904 0.00876742 0.00986256 0.00986636 0.0107855 0.143583 0.0153222 0.0133476 0.0168339 0.0108912 0.0109136 0.00528949 0.0044006 0.00413657 0.00376321 0.00372113 0.00374293 0.00374101 0 0.0037596 0.0037463 0.00396216 0.0149748 0.0243206 0.0181561 0.0572707 0.0185695 0.00785787 0.00931569 0.00833803 0.00923297 0.0099072 0.00937472 0.0155725 0.0108005 0.0156352 0.0110293 0.0105649 0.010806 0.00938478 0.0094249 0.0114513 0.0149169 0.0103994 0.0145156 0.00986309 0.0138811 0.011409 0.010729 0.0102823 0.0126809 0.00978345 0.0152411 0.0097706 0.00959929 0.00832059 
0.00979499 0.0135794 0.00924055 0.00973924 0.161597 0.0110162 0.0104681 0.0102324 0.0111336 0.0283038 0.00998638 0.00983317 0.00550875 0.00404127 0.00413745 0.00376776 0.00379208 0.00374499 0.0037596 0 0.00378772 0.00514439 0.0502342 0.0087116 0.0693682 0.0102428 0.00717558 0.00821353 0.00710211 0.00860117 0.00836318 0.0073796 0.0327249 0.00778413 0.0177868 0.0084781 0.0148828 0.0123005 0.00855552 0.00921867 0.0101985 0.0192937 0.00875606 0.0259968 0.00856656 0.0244173 0.00897179 0.0133278 0.0126263 0.0108108 0.00883823 0.0187691 0.00852758 0.0182176 0.00857907 0.00889481 
0.0108697 0.00876349 0.0124214 0.112339 0.00960501 0.0096798 0.00974621 0.0102793 0.00885947 0.00962564 0.021767 0.00651805 0.00504716 0.00441554 0.00386091 0.00428331 0.00376906 0.00375883 0.0037463 0.00378772 0 0.00938395 0.00533657 0.03643 0.00904795 0.0130381 0.00678335 0.00638961 0.00720905 0.00726776 0.00677227 0.00910055 0.0082552 0.0106262 0.00868376 0.011635 0.00851689 0.00864703 0.0105116 0.011286 0.0131227 0.0090757 0.0111046 0.00907999 0.0116035 0.00907155 0.0102714 0.00969873 0.00993528 0.0088602 0.0102658 0.00882608 0.0124596 0.00943297 0.0087923 0.00817498 
0.0189952 0.012795 0.059387 0.00966859 0.00853544 0.00860758 0.00842618 0.00858552 0.00860826 0.00938964 0.0218717 0.00959702 0.00815907 0.0105469 0.00502913 0.00462236 0.00398529 0.0038128 0.00396216 0.00514439 0.00938395 0 0.113699 0.00715817 0.00545135 0.00499509 0.00542317 0.00555613 0.00588758 0.00614765 0.00623614 0.00678053 0.00667968 0.00781003 0.00754504 0.00821007 0.00756181 0.00842975 0.0155202 0.0111694 0.00917926 0.00839517 0.00961601 0.00859336 0.0106358 0.00844773 0.00894434 0.00834168 0.00861134 0.00821714 0.00883863 0.00848615 0.0128343 0.00839653 0.00865278 0.0111648 
0.0112393 0.0147571 0.0099205 0.00851567 0.00905119 0.00905926 0.00880748 0.00859574 0.00954479 0.011195 0.0135458 0.00816367 0.00793505 0.0110993 0.0068968 0.00780902 0.00878358 0.00631219 0.0149748 0.0502342 0.00533657 0.113699 0 0.00374682 0.00383712 0.00375866 0.00375683 0.00400119 0.00396419 0.0040274 0.00452853 0.00462215 0.0057056 0.00561487 0.00831917 0.00650792 0.00696273 0.0103431 0.0127071 0.0102094 0.0083566 0.011044 0.00821726 0.0134366 0.00821329 0.011514 0.00809734 0.00916987 0.00831324 0.00892873 0.00813702 0.0122258 0.00832649 0.0141763 0.00867447 0.267816 
0.0105834 0.00855946 0.00879144 0.0089255 0.0102811 0.00916804 0.00948358 0.0124898 0.00913191 0.0105449 0.0116513 0.00866411 0.00804476 0.0075029 0.00750424 0.0172544 0.0068403 0.031921 0.0243206 0.0087116 0.03643 0.00715817 0.00374682 0 0.00376493 0.00376471 0.00376712 0.00371044 0.00386196 0.00394437 0.00382154 0.00675743 0.00454086 0.012841 0.00596509 0.0104487 0.00666675 0.00992213 0.0136884 0.00811607 0.0139452 0.00791665 0.0194406 0.00822039 0.0198291 0.00823851 0.0142979 0.00843333 0.0108328 0.00837057 0.0158231 0.00826324 0.0476617 0.00839859 0.435229 0.0103173 
0.00905972 0.00908121 0.00977453 0.00913943 0.00935904 0.0134089 0.0124437 0.0113819 0.0255508 0.0146613 0.00956343 0.00874821 0.00762412 0.0103494 0.0125757 0.00791396 0.0344772 0.0125293 0.0181561 0.0693682 0.00904795 0.00545135 0.00383712 0.00376493 0 0.00375177 0.0037473 0.0037634 0.00371709 0.00413218 0.00525313 0.00389669 0.00730035 0.00455467 0.00720026 0.0058805 0.0100397 0.00893078 0.00760866 0.00885195 0.00828798 0.0156462 0.00832818 0.0217261 0.00847868 0.0177861 0.00897443 0.0173231 0.0093104 0.0154494 0.00850235 0.027293 0.00993743 0.508818 0.0101979 0.00864832 
0.00874496 0.00882455 0.00903118 0.00885998 0.00949576 0.0096813 0.0102853 0.011834 0.0121352 0.0162209 0.0103553 0.00795273 0.00759867 0.00792193 0.00863635 0.0211193 0.0209984 0.047624 0.0572707 0.0102428 0.0130381 0.00499509 0.00375866 0.00376471 0.00375177 0 0.00374642 0.0037406 0.00377393 0.00383312 0.00396495 0.00404158 0.00406742 0.00571414 0.00622051 0.0122597 0.00765661 0.00775219 0.00690126 0.00762274 0.00837978 0.00826674 0.0109563 0.00937466 0.0107105 0.00864529 0.0105442 0.00891476 0.0133171 0.00841698 0.016184 0.014844 0.437631 0.0103042 0.00942699 0.00830255 
0.00876556 0.00835049 0.00870933 0.00862697 0.00885989 0.00898629 0.00999529 0.011001 0.0097891 0.00915336 0.00950247 0.00801821 0.00770763 0.00793733 0.0184627 0.0126 0.0619974 0.0541619 0.0185695 0.00717558 0.00678335 0.00542317 0.00375683 0.00376712 0.0037473 0.00374642 0 0.00373172 0.00375649 0.00388224 0.00401417 0.00401799 0.00401538 0.00513222 0.00593925 0.00750478 0.00733663 0.00629152 0.00629659 0.00817441 0.0085736 0.00847803 0.010058 0.00865673 0.00950777 0.00906932 0.00933179 0.00970251 0.00834307 0.0110976 0.016107 0.30284 0.0115969 0.0087658 0.00871217 0.00810973 
0.00861508 0.0094296 0.00852181 0.00848609 0.00863255 0.00955124 0.0094626 0.00951712 0.00969361 0.00950462 0.00911504 0.00849154 0.00775372 0.00939052 0.0131859 0.0320643 0.0433343 0.0134278 0.00785787 0.00821353 0.00638961 0.00555613 0.00400119 0.00371044 0.0037634 0.0037406 0.00373172 0 0.0037754 0.00380378 0.00380725 0.00382511 0.00392701 0.00401622 0.00516737 0.00545153 0.00583839 0.00585246 0.00611078 0.00784764 0.00795691 0.00924991 0.0083938 0.0104402 0.00865772 0.0104128 0.0101435 0.00830195 0.00948766 0.011254 0.194196 0.0244131 0.0087704 0.010845 0.00843237 0.00885842 
0.00900276 0.00836345 0.00866891 0.00877308 0.00881048 0.00896108 0.00932577 0.010527 0.0093233 0.00889145 0.00946615 0.00831237 0.00816894 0.00970812 0.0363069 0.0605542 0.0274499 0.0103201 0.00931569 0.00710211 0.00720905 0.00588758 0.00396419 0.00386196 0.00371709 0.00377393 0.00375649 0.0037754 0 0.00384271 0.00380516 0.00382752 0.00399227 0.00614514 0.0062622 0.00632668 0.00439692 0.00517044 0.00591558 0.00778116 0.00837852 0.0080789 0.0096829 0.00872031 0.00975124 0.00877404 0.00890075 0.00902785 0.0161315 0.211228 0.0213498 0.00845136 0.0101666 0.00873602 0.00932161 0.00832448 
0.00900962 0.00847748 0.00845061 0.00852043 0.0086836 0.00912746 0.00912452 0.00937142 0.00946807 0.00896389 0.00902165 0.00834207 0.00810687 0.0258971 0.0566452 0.0227999 0.011944 0.00912325 0.00833803 0.00860117 0.00726776 0.00614765 0.0040274 0.00394437 0.00413218 0.00383312 0.00388224 0.00380378 0.00384271 0 0.00372675 0.00384846 0.00384178 0.00400551 0.00419943 0.00402474 0.00437747 0.00462946 0.00511545 0.00773586 0.0081538 0.0083932 0.00859921 0.00894151 0.0102223 0.00854848 0.0107158 0.0112514 0.6258 0.0118855 0.00871704 0.00892235 0.0103461 0.0088937 0.00949034 0.00840659 
0.00837136 0.00885996 0.00836165 0.00872912 0.00892543 0.00904659 0.00917939 0.00916257 0.00945459 0.0096822 0.00879173 0.00842508 0.00813519 0.0395938 0.0163114 0.00893899 0.0117537 0.0094047 0.00923297 0.00836318 0.00677227 0.00623614 0.00452853 0.00382154 0.00525313 0.00396495 0.00401417 0.00380725 0.00380516 0.00372675 0 0.00377465 0.00376337 0.0037706 0.00398409 0.00400078 0.00411338 0.00428613 0.00417377 0.00716214 0.00738736 0.00935793 0.00781047 0.0122201 0.0086071 0.0109321 0.00878119 0.704174 0.0167786 0.00837001 0.00807779 0.0115196 0.00832832 0.0116185 0.00821261 0.00861729 
0.009335 0.00827959 0.00953827 0.00971813 0.00911221 0.00957311 0.00990343 0.0150176 0.0105825 0.00909426 0.0133699 0.00875775 0.00886228 0.0169111 0.00916697 0.0262819 0.00831426 0.0113561 0.0099072 0.0073796 0.00910055 0.00678053 0.00462215 0.00675743 0.00389669 0.00404158 0.00401799 0.00382511 0.00382752 0.00384846 0.00377465 0 0.00374573 0.00389763 0.00380768 0.00398527 0.00383446 0.00387326 0.00466689 0.00666042 0.0082838 0.00720171 0.0174864 0.00805275 0.0191108 0.00819304 0.899337 0.0149194 0.00930338 0.00811539 0.0251663 0.00802261 0.0252034 0.00811803 0.0139056 0.00822836 
0.00850129 0.0094826 0.00843481 0.0091679 0.0101246 0.0118204 0.0154085 0.0105577 0.0149243 0.0211446 0.00941657 0.0093537 0.00842114 0.0101246 0.0235516 0.00896592 0.0220555 0.00819317 0.00937472 0.0327249 0.0082552 0.00667968 0.0057056 0.00454086 0.00730035 0.00406742 0.00401538 0.00392701 0.00399227 0.00384178 0.00376337 0.00374573 0 0.00374315 0.00379031 0.00377452 0.0058284 0.00388275 0.00384659 0.00755656 0.00680015 0.0141284 0.00747718 0.0177685 0.00825109 0.923236 0.0102469 0.0114044 0.00834632 0.0151078 0.0079495 0.0267456 0.00798623 0.0255224 0.0083602 0.0142954 
0.00928515 0.00834771 0.0102039 0.0099981 0.00981881 0.0129137 0.0109852 0.027086 0.0121301 0.00954647 0.015774 0.00940681 0.00922895 0.0111679 0.00923989 0.0412658 0.00836151 0.0150345 0.0155725 0.00778413 0.0106262 0.00781003 0.00561487 0.012841 0.00455467 0.00571414 0.00513222 0.00401622 0.00614514 0.00400551 0.0037706 0.00389763 0.00374315 0 0.00377628 0.00378412 0.00375882 0.00378545 0.00432658 0.00647289 0.00913254 0.00668247 0.0197444 0.0079655 0.966716 0.00861778 0.0149864 0.00806987 0.013867 0.00821825 0.03992 0.00792626 0.0471142 0.00821987 0.0307477 0.00805585 
0.00856328 0.0115267 0.00891107 0.00908594 0.0106932 0.01355 0.0164627 0.012032 0.0219294 0.0156578 0.00997236 0.00977777 0.00855302 0.0116225 0.0346475 0.00898252 0.0560772 0.00915872 0.0108005 0.0177868 0.00868376 0.00754504 0.00831917 0.00596509 0.00720026 0.00622051 0.00593925 0.00516737 0.0062622 0.00419943 0.00398409 0.00380768 0.00379031 0.00377628 0 0.00375666 0.00378188 0.00378636 0.00387764 0.00826544 0.0068743 0.0153828 0.00787747 0.972516 0.00936586 0.0275443 0.00780717 0.0169374 0.0102169 0.0221763 0.00811965 0.0410587 0.00819272 0.0606521 0.00822916 0.00995508 
0.00966728 0.00840504 0.00998253 0.0109852 0.0108111 0.0119219 0.0146987 0.0322155 0.0117708 0.0107594 0.0147039 0.00947555 0.00991626 0.0121225 0.01032 0.0488641 0.0098618 0.0158713 0.0156352 0.0084781 0.011635 0.00821007 0.00650792 0.0104487 0.0058805 0.0122597 0.00750478 0.00545153 0.00632668 0.00402474 0.00400078 0.00398527 0.00377452 0.00378412 0.00375666 0 0.00373942 0.00375915 0.00405767 0.00589655 0.0103381 0.00706183 0.975693 0.00961366 0.026204 0.00764304 0.0264869 0.00840196 0.0334513 0.00802219 0.0326463 0.00806663 0.0577191 0.00826106 0.0223389 0.00817953 
0.00839993 0.00905801 0.00884229 0.00885162 0.0102645 0.0127849 0.0153777 0.0120136 0.0175131 0.012875 0.0100122 0.00960736 0.00871489 0.0101336 0.0252864 0.0137772 0.0223068 0.00984519 0.0110293 0.0148828 0.00851689 0.00756181 0.00696273 0.00666675 0.0100397 0.00765661 0.00733663 0.00583839 0.00439692 0.00437747 0.00411338 0.00383446 0.0058284 0.00375882 0.00378188 0.00373942 0 0.00377017 0.00377158 0.00653472 0.00710728 0.965204 0.0088806 0.0161658 0.00743358 0.0148999 0.00788315 0.0352308 0.00931673 0.0121675 0.00825661 0.0190145 0.00842115 0.026383 0.0086899 0.00852889 
0.0094432 0.0096606 0.0098198 0.00905687 0.0112932 0.00996018 0.0103474 0.0106612 0.0103207 0.0140115 0.0114488 0.0108084 0.00960949 0.0115674 0.0181785 0.0109894 0.0124983 0.0101796 0.0105649 0.0123005 0.00864703 0.00842975 0.0103431 0.00992213 0.00893078 0.00775219 0.00629152 0.00585246 0.00517044 0.00462946 0.00428613 0.00387326 0.00388275 0.00378545 0.00378636 0.00375915 0.00377017 0 0.00386322 0.0116166 0.959435 0.0167687 0.00813572 0.0112592 0.00872037 0.00985704 0.0135703 0.00885989 0.0114661 0.00839096 0.011204 0.00900136 0.00876031 0.00959508 0.00893868 0.00936396 
0.0124593 0.00887867 0.0174301 0.0154735 0.00943802 0.00919583 0.00906306 0.00931225 0.00908376 0.00956889 0.0191293 0.0140824 0.0102839 0.0178723 0.00997887 0.0106812 0.00961404 0.0096188 0.010806 0.00855552 0.0105116 0.0155202 0.0127071 0.0136884 0.00760866 0.00690126 0.00629659 0.00611078 0.00591558 0.00511545 0.00417377 0.00466689 0.00384659 0.00432658 0.00387764 0.00405767 0.00377158 0.00386322 0 0.971171 0.00717075 0.00953561 0.00874854 0.00754682 0.0103882 0.0174401 0.011632 0.0085033 0.0088369 0.00855542 0.00911748 0.00802925 0.0113275 0.00813153 0.00976056 0.00852532 
0.0100037 0.0103999 0.0101179 0.00838599 0.00850808 0.00847923 0.00828564 0.00874951 0.00871543 0.00916529 0.0141868 0.00960797 0.0107759 0.0123685 0.00972227 0.00937323 0.00949823 0.00866792 0.00938478 0.00921867 0.011286 0.0111694 0.0102094 0.00811607 0.00885195 0.00762274 0.00817441 0.00784764 0.00778116 0.00773586 0.00716214 0.00666042 0.00755656 0.00647289 0.00826544 0.00589655 0.00653472 0.0116166 0.971171 0 0.00394934 0.00389976 0.00387994 0.00387611 0.00454243 0.00435901 0.00414576 0.0044887 0.00474617 0.00542164 0.00793912 0.00663242 0.00729204 0.0140583 0.00790044 0.0394662 
0.00891853 0.00852585 0.00873224 0.00831941 0.00864893 0.0089813 0.00901983 0.00977526 0.00885602 0.00990494 0.00935905 0.00911082 0.00855949 0.00927998 0.00978637 0.013586 0.0089271 0.0106145 0.01=4"4;(0.Dqq94<0x19#2: 0Æp8p792V†0.∞2x300t.0±394%6†n0∞<:<sÒ9 0&408;7970!0>8(8437 1N1715ë" /60027|e6(8.0~us 3é 0∑387≥6§0&8082<3802.00r02011 9.∞:9±≤07Ê 0∆00˙872; ¥.556#b1"&rP#!07∫ 0.9•11 †,<61w065  ,∞0194934%∞ 0.003:133; 0,00≥Ø4757§0.80?Ø?21†0Æ∞(3º∂u5($0Æ443110=:(0*0 39=7%"00,4 184*p.20xw5=7a0.h0466422 0.0 ¯43679"±/40∂13678!2.028>>5f4 4.04#0076& .q21700∏ 1.∏0∑;∫∑¥˜ J™ê0xq9∏!pn∞1X0utì$4&p0π23(65 "n0807103`0>0∏yy6q7u`–.01 9746 0Æ8119∂<> 6.0<906∑6# 0*∏534±05B0*∞#0;95 0.090s5=!0.408º>4780.0tx917:6h':020y†∞q3t|¸?Y†9/00y4414a0*0s1671∑(0.∞6993352 0. 1;453#00&03=rq7 0N090%57‡6.06±11q'08n51qv$4`,4í79∞64?†0Ø0156462 0.108266&0 0.00º0480+ .092¸093 0n04407xI 00Px1)3:†(03"53 !,62`06 8.î141284(0Æ0678847 0.00¥382π!9%6∞'0618≥(0>9:7#∞4 ∞. 0v74à7$0>0p9U"161 0.8078196(0*∞084*72 0 0<2y3~9082 .40#85732!0*803#5(∏6"0&004:=226 0l2038298! 0.2050r98$0,005?4!{º°∞f"pı≥ï9tq¢∞. 0s±7w8`qé 41r=9? 0"00&`7117 0.048=qÚ$P.0qÿ393 700.8 ,?=137`∞.#P92 ;6 0(1∞8!6µ?1A8>∞99>364 0.809x944(,.48="?6100.p{ 16;3`0/8) 615††p≤Ùsc5 ∞n4±0r55 8n00<S:254§1$4±3077π!0(0$939098 0.44:90:T6 8C009457"±#0&00 219)6/255Ù?yi>4ê(9∑986†0Ø02=5937 2*2149q6)20:00,∑16±6 0Ó21—10Ù6$0,0<97160u 8>í4xr1'36∞(19¶4> 1¨43sx101.009563 0.†085<00.009393<†0.0097±49 0.™48==92ª†$'¥¥w8!24£f06∞16x6$ 0,2:'4%+1800 π744t(0.8:5645 8/75691 1(" π8<*$2."4<1377≤(2.00*34854"ê>6028#9)<"4.0p;7675/ 0/∞ £7∂Ω¥∏ q‡∞0`3&π06hyÆ0p3}u7400.∞1373<;9`3*46785043¥o0S:0r˜3 0.00598 %8 0>4<;π50U3  .0857+∞ 0¶84t	<∞64%86,3632dp>058=651 2,017471|m2.606}9%
0>0∞®;5∑q8$pH∞q5˙v 0.18|21±q2 0nº8}523< 0.1096843908. 134:75`2L118V4≤4  (0±244v 2x14(p6:`v0957% ∞,01¥1139 0.24;80378 p&<08559(∂00*010·61ÿ(0n01259t440.0p3;2J@0.17µ& 810017˜"0n0399 1>03%99∂8 8/0091799 0.∞0819134 (.03£<37†0/∞88≤029`0¢r607260h8.80(23446!0.886$¥73 p.0#04T10 0/(487:00! 6"808π¥37)-0æp120321!0/08"16∑5i0é17'4(7 0.0$7y655$0.932µ1∂ ¥¶∞0!wÒ≥6`p&∞#Roª @.0që"=92 0.007516x2 0.003x561a0.P0kwu341 0.009057200.083&940&:0 000≥40∞34p1∞39776 0.0037q=(0.$141≥(=0!.0pup0)622n444%07= ∞¨p¥pw4wY†Ë.01u292?(1>∞T0477¨8-0≤6529ı 0*40>56:w3"0.08:843!qN99552∑0 .p 0260<"0/00)∏}59 ,0∞060µ7£0,808;8288"8,0p9.6=86 1Æ25≤2(540Œ01¯3202 8,5301vr7 .PQ59;µ 0,014-65‡02<v3 0.0088509'†8, 118432300.00πµ1063#∞,8493ª830´40π02±∑b uÆ4∞;7510 2n 14115> 0. 0<556† >8q1603v!!>0q02o5"0.20821"2˘ 3.(19∏2=1 2.0≤8638?804æ0a0720 8*01=5077w 0.$0861772†sÆ∞∞Ò7qı≤î0`n†±2{°0l00q∂573b4æ0181!1:`4*04825309$0m{6471wT0.0 137584"0.0;∂z04 2.0p'6≥6% 0Æ' 8∑20S7 ∞.(12:<6†0(∞pt5240$0/107=618 n<97=2x00.:;Uπµa∞.3{5¥38`p$0.Pp36807$0.∞818≤11 0. 0366135 p.0075<20q .4pî57!0
∞48597 4 0l2"t55pg7 p&45±#0± 8>∞0¥u2924"0.20:971s%$2.0062¥24≤∞
0Ü24ò;4ˆ=00.p 162%r!04xY574∂ . 0∞;47 p0694vX08,î0495 2Æ1!745"8.00;40162 0.074291(0™0123∫;≤†$*∞∞ 04>9Ç 260007|405 00884&625!,0∞9:4#5*.11>{13h000)54(83"$æ0s8;2∑ 4,8121∂4%.9298æ3x9∞0.02¥$!73(4.0p;0705• 0. !∏6º∑∑g p˛≤±0uq402&2Pxì#xpt†/<1w68>1  ." x6539 4.00∏ty2 0N–144028 0,008#60º .00844;48 .!∞6=2≤10P*0∞)9930 0.932s62.80?61∑?8 2?06}>q;$8.`7>$28< 0Æ(54x=;`p*!0Y¯t6∞40p|0∑u016†n004359q1!0,0p#996y2 0.0¨:q26 1.03101 8.20≥8=1v(0/2`33287  0Æ00;∂3∑x!8.107>4138$0v4(384<13 ≤.∞041∆34 0Æ43851326&`05;5VE 0&00;	9 508.00972 0567∑110p.0x68012r 
0.008"167&±Æ!001¥490"0*80879&ß£$0Æ0$89q<íq 0>2389881 2*809579r00.∞†99q432 0>215:)¡5 1.0 98!793(0¶q);8716(0+211169! .02826Ú1  .0387;71rp0.409)167≥ ∞.∞∞π0=uπ∂ 2d1≤µ9;Ta±.@0=54)s2!,?0200&8> 5*45308q5 Æ108)7ywq#∞& 182710,0."0æ9470 0.008p(7!7(1.01/3}19†0.80(æ74§3 ∞,0050<: 4™±0)33S5;@|~q1290s50.82890∏±!0®v∑p7±Ω:`†.00?8q3$q>:9;337 ∞.012r648  /0;498"5!.28w71`Œ02588í; 0.t 78<10% 0.1s;µ76$*0$!63" ∞z0 1653602.00s!/752 8.∞03∏>91ó 0Ó 0ß8504#∏'207w!)2†0N†038:33$$&1∞7331 0.pW35,030(0837421 0m00377083$0.0±§08575 0.0:ª:121 2&004¥11eµ`0.00≥0S6 0.p04996)2&0|40038`
0.8z 5"9!Ë2*0:")=43( .∞08581:!1.808!≤(72 0.06<9p6∫(&0p;#822#`p.003510  .∞18Ω6≥&5d∞¶04q∞µ0  Q+∞1p960∏!0.00896435!0.04>94(w00∞q86v4'R‡0Æ20126987!8.01≤|3¥1"0.093∞6$1 0.2!85+95(xÆ8116	:7"∞.1qt0 0*413π∫?8 080Yv77*2.:;!68∞™p:v)zW†‡.î0x4≥33ze0.≤s7035 4.≤081¥36 0,00970"71"0.048185 8n0092Û8<$0.∞3≤u0< 1.∑`pw 0Æ814819∂ !.0134≥44"1.008r4)87 0.01:936<0∞.4–84Ò0964 Ó 757#d8 00p	%989 ,008833 p.84vx"0.8¥40;86 0.0ê4 0883!06003812∑≤!0,7±41385380.1∞+ß6%2µîd.d03ñ5168".`823356(0 8.404"∑•0:.<0#∑>5= 8.p 3>14$ .0099,63& :.∞05108:4 4.36:2275$0.≤&8'1 0.6844217& 
0>0≠+±5π5¥`0op±92uq©0  .p˘®!vx3 $.0p8≤62"7 2.0847107"0.∏=p2Q;b`–.03p1148 0Æ816∑<;Ä0*090=?π_ 0, ∞12502 0*102?>$0Æ00∞<¯7 8.0!9µ??97)0.P1{768 8.:98782†0.1≥77´;2† .Ú32051r 0>962%8`∏n41∞72xp.012v#2; 8&"093=2x  .2q311! Ó0083512 xn0308s2∞q.00ô11∞4 8Æ2µs3921 4*20834;p7 0/0894∏?6∂80.‡56„;1Ò04.6 u8!2.$qR%36h∞,00;≥1?80∂/$93¥4 ∞n13:&5$0%110217π°0.15;6533  .∏8∏33673 ±$$93<¶61 1.2£883∂&0n04¥74617"0l401074;5  *40549"¥£0.420+<:5!(2o1u098 0.  ;#-2030.20384¥12!∞.23?52=?( .;4%634!2 0.0p27640º 0/∏0±7µµ∂y pæ∞ê3vx&37 0p23H0|tó$8>4&¥>=2;9 0n0078753s$08qt2S51w‡
∞2`181968# ("1484∏>680.0011%∞$1,∞#8V<3≤"8.08$8163†0~0918/71!0.81257`x~01573u .108∏∑
0.pssvX†t ê.p0678}4 ∞n0094∂71:†0.00∏)25=4 1*0p816707 0n01(u0 0,00π74700.02p7627 0nf108= ê,0±428∂3†0.030250: 0.00x >2:08.*0:6±∑)6‚0.88˘2<31 p*40:37p%70n154<π 0&0†8469† 0wq06 0.011r54 1Æ205128 ;.098∏56 2.008≥7029"∫>0:±0µ39 ¥Æ00u14∂840>038V98(1(0.8209763!. ±∏62010 >>x100~5`0.20390)4 (¶0099=4¥2!!.205¥216002*8º476V2. 0> 0715=<1`0.0 1=507ª §o∞±¥u#wıπÄplq0±: 7[j≤.`0tu1|2 4¨5027708s48.203%655∞`Ó6p2%gÙ1¥ 0 0>0(174!34†∞.843W52): 0*003≥"0∑)1F80≥8 8244.∞,;∑4t88 0.<0;7º=<124.00|9489h0/0 042t†±
q∞¯ws(R≤`6.0p89s}q >p0802±9y0∞.049∞&454 0.838 84$0.29r34% P.∞0182ê2. 0~874x`8n51pw1x 0&ê08$176¶ ∞j0084∂5:210>40x07273(2.∞8<µ8)5‚04Æ83Ù2834 p.0092sZ350n60:µ0 0.1°2609†, 0zx7:3 8Ø01126!8 ∞(0 801863 00∏=≤3717 0º495(2´10&∞¥π∑43∑µ 0n01∂104 0n016 (3 0.!941;6`0.00±34;x"0.0xx71388 r.1080;67!(0."51:?3" ,0879494!.839?∫ p.P>1967$0.2'2r467 0Æ 01∫5∂6π†¥Ê$sÒ≤ê6dp.∞1Qw¥9h8ntë7=3y13 p.0484r6?9 1$48<3>g{ p. a–573b7(4Æ0 $8=&79`9.40Y=959$"0.00≤y524; P.x∞6(9545 0*038Ò40.8<#55=>, 0n103w4114*2`.806<7∑©.∞ps¯µ‰ ê.p03540u9 ∞N80$6ß800∞0,40Û78258!0.8∞01550'(p.P109T4ì 0*00∏172t!0/01:*y16``0006ú52 0.0±1∞291 060101:94 p.20988216 0Ø∞11Û85π(0Í01359t1$0. p8!1ñ7t@0&00∫;&)0∞/<84g5 8n0p5)69u 1.010=0≤8 0&8092378†0.173;01µ 0*"1∞207¢4*∞51ø∏705 uÆ<187691`8* 08:608(0.084 ∂35 p.03"zr38 8+∞p8373< 0/82'∂8s" .0≥0=$4 0&≥0207)">024t01 0.0084=?36`p.08(92235 0¨y9±µq)v‡∞0px§∞63@qÆ8B6wuµ6h2.$1?=2223 r>843058? 0∏qx6V6&s¿0¨01905¥= ∞.009∞4136" .z0806)5 ∞00∂.3r03Ä0.00076ª> 0>p1059?"0?±44;4z<7 p>056:9v!6.841u8π 0vqÒuY≤q6¥`p.408u0±a0&06ª9q4≥2 0/p1238e3720/"03?5692 0n00{V877 0 ∞.0037%6wa8.007xw3q4.ê 3∏!93© ¥(1 60#28!
0&0p080?01(8Æ00∫∞8:Ê9$Û.0¯92342t 5>05bD$6ó pL009003? 1.0(89£60>p48;9&3 1,0154:3ô 0.08839298 0/0±:1430≤ 0.31°945¢4Æ∞5:ø∂46%d1é000∑2¥7x 0(01134=7!1.0=4 ±4>"t.04><x13"8+ò`9302y)$0*0!/∂451(0Æ∞q5209;  .10:=277: `.645=&"0.<128s41$$$ 08322§;®µ¨4wˆ∂ë7`p.∞9;[s¶3H0ntì7>31 ±.11#59&y!;&=187?04 ∞l0@04wˆ ∞.01014.0 0.208;;'2@0.02µ604#∏. 0∑)4v;†:.8675042 8Æ0p412?2$1.∏?'719 8~|084:3 5!.82<v∞±q6vpyqQ∞g5pf0072ys04¨Q/00>º854¥ 0.0∞543113!:&07(37:*0n0p440W7 1.011ó7)$0~003}yp<1$0jg4<55∞ 0¨00<†0º84(0/043:0;44 p,00;792$∑0 .∞83Í71ı0 0233t717$4`.0ê3E3 7 3 1823 0(14tw2 
3.8181371# 0Æê0906=<; 0,085587$ 06∞4(669©800.82©¥59¥±$0n41±z34∂ q.p0(3181$0/0088577"†".0q27%è|b1<0}8~7321(4:790.˜ 4.(0"73520 8.± 43=819 ∏/p4ﬂ6"36 0.71<793r00.008118?1§s,±¥ı&t˘µ†0nqπ54Pc¢1n0t}∑5p2b0-:183536"2.00947:97 4op0x3)wı3$0.115166´ &3∞|3887q r.7 88"∞o01¥;4t(∞.888564: 0*0qp00 0.208Ω3,02e9.8tx897? x219;85 ∞®1∞p7˛tc†p.ê≤t522 p.≤s359:∑ 0,∞6069≤1 0.00926q2' 1&4*43:U)8.Q151%88—0.0p±31510 .11q∞s 0&∏06∑405∂ ∞.1$(1552 0>005x5671 0.(≤84≥π$ ‚.0–45˛000  n10926u 00pQ164†2<04≤=5!‡.64y699! *0380028 ∞.0 3740=8000∞1∏∑3#500æ 037=£83(1(†Ø†83∑¥r39 4Æ 0777q0z 0.028;97#1 084(±∏64 2.0=8s)83 8n0797=:56!8*8∞0-2:0≥†1'00830´8729-"2>ø8y7ì8> 0(782<9 pn:0<$8Ω93!¥&µp8µ≤∑<uË∞-0`y9∞45@qØ @:|v∞%$ p.±8y6#316b0.0096%w=3¥nr1p5=1Ù"022135210(0.008}915#@8.030&5"∞10π5=yy†0,8077?0?∞.p04923 0.00865278 0.00867447 0.435229 0.0101979 0.00942699 0.00871217 0.00843237 0.00932161 0.00949034 0.00821261 0.0139056 0.0083602 0.0307477 0.00822916 0.0223389 0.0086899 0.00893868 0.00976056 0.00790044 0.0337018 0.00829307 0.0170718 0.00646873 0.00893135 0.00467611 0.00491692 0.00396871 0.00387131 0.00374489 0.00407883 0.00381919 0.0038363 0.00374239 0 0.00402672 
0.00936022 0.0085381 0.0102548 0.00835493 0.00811421 0.00817607 0.00841575 0.00814903 0.00836782 0.00836385 0.0082081 0.0106353 0.0080786 0.017115 0.00976528 0.00851005 0.00990862 0.00843285 0.00832059 0.00889481 0.00817498 0.0111648 0.267816 0.0103173 0.00864832 0.00830255 0.00810973 0.00885842 0.00832448 0.00840659 0.00861729 0.00822836 0.0142954 0.00805585 0.00995508 0.00817953 0.00852889 0.00936396 0.00852532 0.0394662 0.00782647 0.00875137 0.00655395 0.0102437 0.00624262 0.00680132 0.00500328 0.00442176 0.00423517 0.00378141 0.00379258 0.00468329 0.00374473 0.00377102 0.00402672 0 
