1G8AA
MVEVKKHKFPGVYTVIDDDGSERIATKNLVPGQRVYGERVIKWEGEEYRIWNPNRSKLGAAIMNGLKNFPIKPGKSVLYLGIASGTTASHVSDIVGWEGKIFGIEFSPRVLRELVPIVEERRNIVPILGDATKPEEYRALVPKVDVIFEDVAQPTQAKILIDNAEVYLKRGGYGMIAVKSRSIDVTKEPEQVFREVERELSEYFEVIERLNLEPYEKDHALFVVRKT
CCEEEECCCCCEEEEECCCCCCEEEEECCCCCCCCCCCCEEEECCEEEEECCCCCCHHHHHHHCCCCCCCCCCCCEEEEECCCCCCHHHHHHHHHCCCCEEEEEECCHHHHHHHHHHHCCCCCEEEEECCCCCHHHHCCCCCCEEEEEECCCCCCHHHHHHHHHHHHEEEEEEEEEEEEHHHCCCCCCHHHHHHHHHHHHHCCCEEEEEEECCCCCCCEEEEEEECC
0 0 0 0 0 0 0 0 0 0 0 0 0 0 0 0 0 0 0 0 0 0 0 0 0 0 0 0 0 0 0 0 0 0 0 0 0 0 0 0 0 0 0 0 0 0 0 0 0 0 0 0 0 0 0 0 0 0 0 0 0 0 0 0 0 0 0 0 0 0 0 0 0 0 0 0 0 0 0 0 0 0 0 0 0 0 0 0 0 0 0 0 0 0 0 0 0 0 0 0 0 0 0 0 0 0 0 0 0 0 0 0 0 0 0 0 0 0 0 0 0 0 0 0 0 0 0 0 0 0 0 0 0 0 0 0 0 0 0 0 0 0 0 0 0 0 0 0 0 0 0 0 0 0 0 0 0 0 0 0 0 0 0 0 0 0 0 0 0 0 0 0 0 0 0 0 0 0 0 0 0 0 0 0 0 0 0 0 0 0 0 0 0 0 0 0 0 0 0 0 0 0 0 0 0 0 0 0 0 0 0 0 0 0 0 0 0 0 0 0 0 0 0 0 0 0 0 
0 0 0 0 0 0 0 0 0 0 0 0 0 0 0 0 0 0 0 0 0 0 0 0 0 0 0 0 0 0 0 0 0 0 0 0 0 0 0 0 0 0 0 0 0 0 0 0 0 0 0 0 0 0 0 0 0 0 0 0 0 0 0 0 0 0 0 0 0 0 0 0 0 0 0 0 0 0 0 0 0 0 0 0 0 0 0 0 0 0 0 0 0 0 0 0 0 0 0 0 0 0 0 0 0 0 0 0 0 0 0 0 0 0 0 0 0 0 0 0 0 0 0 0 0 0 0 0 0 0 0 0 0 0 0 0 0 0 0 0 0 0 0 0 0 0 0 0 0 0 0 0 0 0 0 0 0 0 0 0 0 0 0 0 0 0 0 0 0 0 0 0 0 0 0 0 0 0 0 0 0 0 0 0 0 0 0 0 0 0 0 0 0 0 0 0 0 0 0 0 0 0 0 0 0 0 0 0 0 0 0 0 0 0 0 0 0 0 0 0 0 0 0 0 0 0 0 
0 0.00386898 0.00414717 0.00477557 0.00964469 0.0109157 0.0143168 0.0234308 0.778095 0.0235955 0.0107897 0.0145969 0.0153308 0.0287175 0.0426944 0.00981454 0.0201075 0.0118273 0.0195796 0.0108233 0.00974707 0.0139422 0.0132994 0.0182325 0.0126962 0.0114586 0.0114002 0.0114024 0.0118299 0.00837753 0.00952069 0.00894173 0.00849509 0.0113025 0.00917064 0.0081751 0.00889008 0.00813278 0.00934675 0.00855503 0.00860572 0.00868748 0.00858683 0.0085407 0.00971078 0.00803448 0.00801489 0.00798359 0.00792015 0.00789396 0.00799763 0.00804631 0.00811994 0.00845496 0.00845604 0.00835597 0.00943622 0.00893568 0.00800327 0.00810055 0.00810738 0.00825659 0.00807093 0.0103182 0.00822579 0.00827753 0.00830547 0.00840102 0.00829196 0.00840366 0.00993772 
0.00386898 0 0.00428903 0.00380597 0.00656846 0.0107206 0.0180607 0.866058 0.0120126 0.00866231 0.0323385 0.0097876 0.0325389 0.0108432 0.00966269 0.0485274 0.00926959 0.0141362 0.00937952 0.0107414 0.0159641 0.0105188 0.0112534 0.00969927 0.0135632 0.016459 0.00970468 0.010195 0.00801634 0.00976409 0.00870591 0.00961654 0.0103119 0.00832477 0.00840299 0.00826168 0.00818074 0.00910385 0.00803815 0.00879635 0.0082544 0.00951855 0.00863209 0.00857241 0.00815676 0.00849798 0.0079316 0.00846277 0.00794969 0.00801253 0.00805019 0.00829475 0.00819796 0.00852277 0.00833213 0.00859807 0.0080637 0.00802955 0.00828321 0.00803458 0.00817023 0.00806533 0.00854354 0.00796492 0.00811444 0.00834597 0.0084635 0.00849884 0.00840408 0.00848981 0.00828351 
0.00414717 0.00428903 0 0.00376223 0.00702967 0.0211012 0.796555 0.00713022 0.00710696 0.00932621 0.00938655 0.0129463 0.0101194 0.0090958 0.0138881 0.00890991 0.0149676 0.00831526 0.00920545 0.0111318 0.0089977 0.0149844 0.00883372 0.00901084 0.0101401 0.0111678 0.0124703 0.00851082 0.00851468 0.0084562 0.00887596 0.00983152 0.00831341 0.00818648 0.00802499 0.00815176 0.00862739 0.00803679 0.00800273 0.00788879 0.00846334 0.00866991 0.00870541 0.00823961 0.00804875 0.00800841 0.00796506 0.0080031 0.00790482 0.00796205 0.00811794 0.00820701 0.00827364 0.00838876 0.00842291 0.0081018 0.00796213 0.00798658 0.00809925 0.00794656 0.00807203 0.00800961 0.00802859 0.00803619 0.00793404 0.00812989 0.0081889 0.00831099 0.00813512 0.00800278 0.00808249 
0.00477557 0.00380597 0.00376223 0 0.0249311 0.729577 0.00622804 0.0064409 0.00682415 0.0122107 0.0120979 0.00878552 0.0096742 0.014141 0.015921 0.00932072 0.00861021 0.00878701 0.0140202 0.00927425 0.00943754 0.00883399 0.0102 0.0137996 0.00969141 0.00891994 0.00910305 0.0105508 0.00995604 0.00843093 0.00828698 0.00836359 0.00828178 0.008768 0.00874145 0.00799832 0.00801088 0.00808491 0.00810304 0.00863856 0.00807437 0.00830347 0.00818228 0.00812837 0.00809093 0.00868035 0.00792273 0.00788362 0.00785004 0.00790528 0.00791653 0.00807104 0.00798512 0.00814263 0.0080943 0.0080417 0.00801399 0.00813585 0.00796062 0.00794894 0.00799402 0.00791861 0.00798094 0.007973 0.0080576 0.00812376 0.00807329 0.00812269 0.00802588 0.00795921 0.00795394 
0.00964469 0.00656846 0.00702967 0.0249311 0 0.00387282 0.0038083 0.00393473 0.00494122 0.0104211 0.00854896 0.0104074 0.246468 0.183267 0.0182995 0.0107004 0.0124309 0.0184786 0.011404 0.0103939 0.0103078 0.0124427 0.0260774 0.0137716 0.0121108 0.0116332 0.0126103 0.0211745 0.00884379 0.0089446 0.0100937 0.0103661 0.0105954 0.0126441 0.00858344 0.00819395 0.00832559 0.00845189 0.0106075 0.00835969 0.00844468 0.00942447 0.00892111 0.00942709 0.0112006 0.00832598 0.00807517 0.00799299 0.00792407 0.0080144 0.00799886 0.00834048 0.00832754 0.00878222 0.00852341 0.0088123 0.00950364 0.008161 0.00794083 0.00798022 0.00800609 0.0081494 0.00818334 0.00889836 0.0083174 0.00811878 0.00835233 0.00833529 0.00831313 0.00831787 0.00941395 
0.0109157 0.0107206 0.0211012 0.729577 0.00387282 0 0.00380876 0.00387749 0.00385276 0.00902685 0.0165478 0.265263 0.125104 0.0629765 0.0112833 0.017347 0.0119251 0.0105288 0.00914949 0.0145482 0.015067 0.0206132 0.0124111 0.0111175 0.0250482 0.0253647 0.0250304 0.0115925 0.008847 0.010584 0.0143681 0.0167164 0.0127449 0.00951834 0.0083911 0.0087781 0.00898575 0.00954484 0.00851725 0.00839298 0.00913476 0.0121537 0.0113196 0.0101915 0.00918926 0.00825767 0.00827635 0.0084393 0.00821124 0.0084739 0.00843312 0.00885272 0.0090097 0.00953234 0.00893186 0.00889963 0.00845673 0.00792349 0.00828521 0.00818264 0.00837945 0.00836594 0.00840591 0.00835918 0.00807546 0.0086302 0.00929526 0.00908903 0.00878713 0.00873585 0.00894886 
0.0143168 0.0180607 0.796555 0.00622804 0.0038083 0.00380876 0 0.00381518 0.003779 0.00814794 0.240266 0.0835932 0.0577955 0.0122861 0.013003 0.0116432 0.0141542 0.00889768 0.00967701 0.010233 0.0225957 0.0159336 0.0117601 0.0102979 0.0168878 0.0408123 0.0218661 0.0118331 0.00908279 0.0102765 0.0211255 0.0248324 0.0107967 0.00960064 0.00844693 0.00863951 0.0101775 0.00896601 0.00849994 0.00833063 0.00950489 0.01441 0.0138041 0.00948458 0.00892496 0.00820961 0.00826643 0.00866547 0.00831583 0.00832933 0.00851702 0.00898608 0.00925276 0.00978366 0.00943121 0.00860621 0.00821619 0.00801736 0.00830926 0.0082212 0.00829074 0.00843067 0.0083145 0.00830178 0.00810738 0.00850249 0.00888028 0.0089912 0.00881665 0.00851828 0.00877379 
0.0234308 0.866058 0.00713022 0.0064409 0.00393473 0.00387749 0.00381518 0 0.00389844 0.193124 0.0790227 0.0348752 0.0143309 0.00841646 0.0103812 0.0211228 0.00917461 0.00918384 0.00984595 0.0140199 0.0104863 0.014418 0.0103578 0.0103995 0.0149203 0.0130624 0.0187052 0.011132 0.00914745 0.010234 0.00979692 0.010988 0.0109363 0.00866231 0.00851602 0.00843858 0.00851806 0.00892596 0.00809386 0.0085501 0.00880241 0.0101539 0.0093816 0.00893272 0.00833527 0.00843254 0.00807269 0.00818031 0.00811876 0.00823019 0.00823973 0.00875959 0.0085217 0.00901361 0.00853007 0.0086903 0.0080786 0.00798054 0.00820448 0.00805239 0.0081976 0.00805328 0.00825635 0.00797809 0.00800021 0.00838352 0.00849249 0.00868736 0.00834038 0.00823271 0.00812081 
0.778095 0.0120126 0.00710696 0.00682415 0.00494122 0.00385276 0.003779 0.00389844 0 0.0835831 0.0169588 0.00824409 0.00856374 0.00925597 0.0177522 0.011759 0.00919825 0.0100798 0.0195856 0.0099524 0.00984358 0.0108316 0.0131008 0.0166034 0.0112285 0.0101884 0.0121257 0.0163234 0.0126166 0.00912788 0.00902503 0.00959429 0.00869069 0.0102361 0.00987697 0.00822909 0.00822565 0.00832449 0.00858243 0.0092207 0.00841751 0.00871243 0.00870735 0.00837213 0.00958431 0.009194 0.00797539 0.00794673 0.00792649 0.00799807 0.00804683 0.00824058 0.00821404 0.0084603 0.00822368 0.00821722 0.00797715 0.00824661 0.00802355 0.00803453 0.00808864 0.00798559 0.00814306 0.00817338 0.00823209 0.00823136 0.00825265 0.00831311 0.00823797 0.00801837 0.00815251 
0.0235955 0.00866231 0.00932621 0.0122107 0.0104211 0.00902685 0.00814794 0.193124 0.0835831 0 0.00385653 0.00376873 0.00394392 0.00483897 0.0417605 0.00882122 0.017373 0.0145734 0.0166005 0.00914488 0.00990675 0.0108835 0.0174361 0.0216414 0.011303 0.0100005 0.0118944 0.0125245 0.0112766 0.00873986 0.00905522 0.00898783 0.00887351 0.0113346 0.00920902 0.00810094 0.00852731 0.00817163 0.0102003 0.00886725 0.00887469 0.00867375 0.0086882 0.00885496 0.00963862 0.00843132 0.00800685 0.0079139 0.00786078 0.007889 0.007952 0.00800393 0.00808096 0.00825402 0.00829746 0.00821358 0.00955747 0.00852054 0.00785674 0.0080012 0.00802196 0.00811297 0.00801482 0.00922268 0.00822792 0.00812909 0.00821187 0.00831265 0.00816326 0.00815485 0.00932323 
0.0107897 0.0323385 0.00938655 0.0120979 0.00854896 0.0165478 0.240266 0.0790227 0.0169588 0.00385653 0 0.00377083 0.00384494 0.00385925 0.0122173 0.0348739 0.0111932 0.0219478 0.00878545 0.0142925 0.0142475 0.0201068 0.0145291 0.0116516 0.0255379 0.0261776 0.0199163 0.0119464 0.00862415 0.0134639 0.0146532 0.016821 0.0138521 0.00897238 0.00863712 0.00871022 0.00896329 0.0101297 0.00842866 0.00860375 0.00911062 0.0124528 0.0125674 0.00997917 0.0088147 0.00885345 0.00815263 0.00828083 0.00812819 0.00833079 0.00825377 0.00875501 0.00864947 0.00953164 0.00875107 0.00902144 0.00838337 0.0079499 0.00824663 0.00819351 0.00828397 0.00825516 0.00852143 0.00812816 0.00807118 0.00852532 0.00871 0.00879174 0.00863457 0.00866641 0.00867121 
0.0145969 0.0097876 0.0129463 0.00878552 0.0104074 0.265263 0.0835932 0.0348752 0.00824409 0.00376873 0.00377083 0 0.00379584 0.00380012 0.0148052 0.0121849 0.0352455 0.0218743 0.0088742 0.011105 0.0258586 0.0141264 0.0111587 0.0108458 0.0183855 0.047152 0.0206325 0.0107647 0.00916211 0.0110403 0.0239471 0.0246625 0.0105564 0.00918384 0.00849233 0.00872878 0.0113113 0.00894515 0.00837971 0.00825142 0.00957628 0.0148916 0.0154222 0.00956941 0.00883945 0.00809154 0.00861271 0.00838414 0.00819041 0.00817058 0.00848696 0.00886822 0.0096835 0.00965185 0.00955093 0.00856349 0.00824957 0.00798965 0.00819445 0.00819764 0.00816879 0.00834504 0.00817349 0.00814654 0.00799952 0.00841376 0.00868814 0.00864577 0.00860426 0.00841383 0.00850716 
0.0153308 0.0325389 0.0101194 0.0096742 0.246468 0.125104 0.0577955 0.0143309 0.00856374 0.00394392 0.00384494 0.00379584 0 0.00380075 0.0188762 0.0413658 0.0244382 0.0110869 0.0104106 0.0243563 0.0109611 0.0395444 0.0122419 0.0111833 0.0200957 0.0157882 0.0294389 0.0130454 0.00963738 0.0115566 0.011258 0.014653 0.0129687 0.00985536 0.0086167 0.00886881 0.00853589 0.00918682 0.00820503 0.0084567 0.0096149 0.0114641 0.0100238 0.00989853 0.00845104 0.00850299 0.0081647 0.00812426 0.00800875 0.00826792 0.00824407 0.00873397 0.00875458 0.00954536 0.00876534 0.00838522 0.00810793 0.00799331 0.00823364 0.00798756 0.00822775 0.008078 0.00822813 0.0080456 0.00802319 0.00838826 0.00847177 0.00855546 0.0083123 0.00824176 0.00808003 
0.0287175 0.0108432 0.0090958 0.014141 0.183267 0.0629765 0.0122861 0.00841646 0.00925597 0.00483897 0.00385925 0.00380012 0.00380075 0 0.0406991 0.0125112 0.0105582 0.0138557 0.0147869 0.00937899 0.016502 0.0105761 0.0963611 0.0156693 0.0119151 0.0110288 0.0126166 0.0198452 0.0126475 0.00940792 0.00916777 0.00963637 0.00905038 0.00988774 0.0102636 0.00826205 0.00821079 0.00894955 0.00868916 0.00922787 0.00862355 0.00880997 0.00889848 0.0083759 0.00860618 0.00999704 0.00796371 0.0079221 0.00792866 0.00794052 0.00804414 0.00828178 0.00834405 0.00844839 0.00819196 0.00810593 0.00798051 0.00811212 0.00795044 0.00792447 0.00802674 0.00792424 0.0080291 0.0079597 0.0081579 0.00823582 0.00814102 0.00826016 0.00809347 0.00797772 0.00804752 
0.0426944 0.00966269 0.0138881 0.015921 0.0182995 0.0112833 0.013003 0.0103812 0.0177522 0.0417605 0.0122173 0.0148052 0.0188762 0.0406991 0 0.0039066 0.00452515 0.00424353 0.00523915 0.00489529 0.00906977 0.874897 0.0293598 0.0348087 0.012412 0.01019 0.0136192 0.0139869 0.0161771 0.00906307 0.0101089 0.00927105 0.00911447 0.0127121 0.00983982 0.00821925 0.00923273 0.0082984 0.0116538 0.00884853 0.00890006 0.00862595 0.00890679 0.00882132 0.0103843 0.00823172 0.008015 0.00795447 0.00786255 0.00785931 0.00797263 0.00795546 0.00807714 0.00815685 0.00833308 0.00831081 0.0099348 0.00862797 0.00788048 0.00801783 0.00796904 0.00810764 0.0079923 0.00994186 0.00822902 0.00807217 0.0082618 0.00813008 0.00810532 0.00811206 0.0096003 
0.00981454 0.0485274 0.00890991 0.00932072 0.0107004 0.017347 0.0116432 0.0211228 0.011759 0.00882122 0.0348739 0.0121849 0.0413658 0.0125112 0.0039066 0 0.0037926 0.00397743 0.00428074 0.00616806 0.958982 0.00875278 0.00606592 0.013406 0.034787 0.0168075 0.011662 0.0120961 0.00888448 0.0159446 0.0105922 0.0115733 0.0126424 0.00862508 0.010139 0.00847641 0.00911079 0.0105843 0.00824767 0.0101847 0.00850199 0.0131119 0.0093003 0.00933065 0.00838615 0.0104491 0.00805425 0.00813056 0.00808328 0.00825353 0.00812934 0.00861139 0.00844315 0.00937676 0.00851901 0.00931305 0.00813787 0.0079113 0.00826617 0.00802365 0.00825853 0.00805921 0.00855394 0.00796075 0.00800107 0.00845897 0.00849709 0.00855747 0.00833862 0.00863309 0.00826303 
0.0201075 0.00926959 0.0149676 0.00861021 0.0124309 0.0119251 0.0141542 0.00917461 0.00919825 0.017373 0.0111932 0.0352455 0.0244382 0.0105582 0.00452515 0.0037926 0 0.00379685 0.00499381 0.993843 0.00561101 0.015147 0.00552211 0.0117186 0.0115968 0.01534 0.019135 0.00907751 0.0114528 0.00886124 0.0104293 0.0137871 0.00903834 0.00949682 0.00837276 0.00838224 0.00960657 0.00814631 0.00870342 0.00804928 0.00945476 0.00892772 0.00959314 0.0083497 0.00819537 0.00828784 0.00809158 0.00802033 0.00794407 0.00794152 0.00836065 0.0082283 0.00841541 0.00838662 0.00867485 0.00814796 0.00857439 0.00813877 0.00815386 0.00800579 0.00802913 0.00815112 0.0080109 0.00837628 0.00789843 0.00820239 0.00826381 0.00836829 0.00820091 0.00803087 0.0081979 
0.0118273 0.0141362 0.00831526 0.00878701 0.0184786 0.0105288 0.00889768 0.00918384 0.0100798 0.0145734 0.0219478 0.0218743 0.0110869 0.0138557 0.00424353 0.00397743 0.00379685 0 0.991999 0.0048767 0.00449419 0.00394309 0.00468763 0.0142197 0.0105447 0.0095128 0.0130933 0.0162283 0.0105374 0.00942232 0.00880888 0.00880386 0.00896003 0.00903056 0.0107904 0.00812351 0.00811203 0.00882404 0.00841315 0.0106606 0.00818048 0.0086202 0.00830681 0.00843532 0.00847166 0.0136091 0.00796046 0.00788423 0.00796637 0.00802266 0.00798519 0.00812625 0.00805154 0.00831695 0.00809436 0.0081601 0.00792731 0.00807547 0.00799014 0.00792948 0.00799186 0.0078863 0.00827982 0.00793572 0.00815902 0.00813391 0.00801101 0.00809296 0.00802097 0.00798056 0.00804611 
0.0195796 0.00937952 0.00920545 0.0140202 0.011404 0.00914949 0.00967701 0.00984595 0.0195856 0.0166005 0.00878545 0.0088742 0.0104106 0.0147869 0.00523915 0.00428074 0.00499381 0.991999 0 0.00383551 0.00376332 0.0040558 0.0045221 0.0462178 0.01026 0.00966654 0.0109651 0.0140772 0.0104399 0.00890929 0.00889951 0.00878674 0.00957042 0.012281 0.00868643 0.00809323 0.00825398 0.00816101 0.010245 0.00850403 0.00822159 0.00840174 0.0083645 0.00865863 0.00955868 0.00806333 0.00787103 0.0078561 0.00785121 0.00786744 0.0078907 0.00798011 0.0079618 0.00820819 0.00813141 0.00813019 0.00973974 0.0083562 0.00788669 0.0079412 0.00791421 0.00802007 0.00785997 0.00916783 0.00836887 0.00812839 0.00807352 0.00818011 0.00812121 0.00796681 0.00905894 
0.0108233 0.0107414 0.0111318 0.00927425 0.0103939 0.0145482 0.010233 0.0140199 0.0099524 0.00914488 0.0142925 0.011105 0.0243563 0.00937899 0.00489529 0.00616806 0.993843 0.0048767 0.00383551 0 0.00385236 0.00377921 0.00381622 0.0290016 0.0480866 0.0181221 0.0197336 0.0104826 0.00887607 0.010001 0.0106371 0.0127907 0.0105632 0.00941785 0.00836074 0.00848981 0.00876705 0.00863097 0.00864439 0.00821424 0.00933381 0.0103697 0.0096703 0.00903903 0.00853842 0.00806663 0.00791111 0.00801434 0.00796442 0.0080455 0.00805589 0.00821788 0.00833911 0.00839161 0.00868058 0.0083163 0.00927032 0.0079401 0.00810235 0.00800681 0.00809474 0.00807873 0.00809792 0.00829624 0.00799625 0.00824417 0.00834633 0.00840437 0.00830277 0.00829794 0.00852655 
0.00974707 0.0159641 0.0089977 0.00943754 0.0103078 0.015067 0.0225957 0.0104863 0.00984358 0.00990675 0.0142475 0.0258586 0.0109611 0.016502 0.00906977 0.958982 0.00561101 0.00449419 0.00376332 0.00385236 0 0.00374263 0.00387075 0.018673 0.0457686 0.090124 0.0162171 0.0153491 0.00878955 0.0138421 0.0204683 0.0245776 0.0137956 0.00987414 0.00896052 0.00918005 0.0103192 0.0100481 0.00875252 0.00866715 0.00975093 0.0253557 0.0171805 0.0108774 0.0090678 0.00855803 0.00827356 0.00908651 0.00833 0.00854642 0.00846267 0.0095456 0.00971169 0.0116589 0.00966065 0.0091857 0.00829384 0.00792861 0.00831253 0.00820407 0.00839644 0.00833654 0.00844092 0.00810029 0.0080389 0.00856382 0.00884174 0.00932581 0.00881552 0.00909631 0.00864983 
0.0139422 0.0105188 0.0149844 0.00883399 0.0124427 0.0206132 0.0159336 0.014418 0.0108316 0.0108835 0.0201068 0.0141264 0.0395444 0.0105761 0.874897 0.00875278 0.015147 0.00394309 0.0040558 0.00377921 0.00374263 0 0.00376907 0.0177633 0.0419616 0.0417143 0.158371 0.0151283 0.0110074 0.0118348 0.0180265 0.0232401 0.0155482 0.012163 0.00870898 0.00983278 0.0100475 0.0103584 0.00878218 0.00850978 0.0114875 0.0144061 0.0145876 0.0129586 0.00925209 0.00844061 0.008802 0.00831212 0.00820833 0.0083337 0.00886882 0.00870187 0.0104677 0.0101806 0.0106603 0.00851812 0.00839599 0.00796027 0.00836759 0.00817508 0.00837221 0.00857522 0.008424 0.00807447 0.0079205 0.00861666 0.00931032 0.00921493 0.00880968 0.00861088 0.00807949 
0.0132994 0.0112534 0.00883372 0.0102 0.0260774 0.0124111 0.0117601 0.0103578 0.0131008 0.0174361 0.0145291 0.0111587 0.0122419 0.0963611 0.0293598 0.00606592 0.00552211 0.00468763 0.0045221 0.00381622 0.00387075 0.00376907 0 0.0244272 0.0172389 0.0360242 0.0565892 0.221232 0.0129226 0.0122582 0.0116659 0.0122582 0.0129463 0.0130868 0.0137501 0.00868576 0.00866763 0.0102497 0.00961623 0.0116998 0.00929158 0.0118963 0.0121507 0.0115136 0.0110829 0.0113934 0.00805918 0.00802401 0.00831487 0.00885273 0.00827953 0.00913097 0.009619 0.00981558 0.00858488 0.00907968 0.00832668 0.00825087 0.00797918 0.00796406 0.0081525 0.0079664 0.0082227 0.00819436 0.0087789 0.00834193 0.00836052 0.00849246 0.00854426 0.0083092 0.00818341 
0.0182325 0.00969927 0.00901084 0.0137996 0.0137716 0.0111175 0.0102979 0.0103995 0.0166034 0.0216414 0.0116516 0.0108458 0.0111833 0.0156693 0.0348087 0.013406 0.0117186 0.0142197 0.0462178 0.0290016 0.018673 0.0177633 0.0244272 0 0.0053231 0.00381816 0.0039577 0.00516801 0.670386 0.0163383 0.0149836 0.0110885 0.0130677 0.0233637 0.0195077 0.00976251 0.0104361 0.00949001 0.0188581 0.0183667 0.0118804 0.0108265 0.0101941 0.0103633 0.016319 0.00887047 0.00812215 0.00811848 0.00799051 0.00800025 0.00815734 0.00835062 0.00844266 0.00884684 0.00895245 0.0093033 0.0123149 0.00875385 0.00797758 0.00799854 0.00800626 0.00808266 0.0081573 0.0102255 0.00845219 0.00822044 0.0083606 0.00847402 0.00839643 0.00838994 0.0104998 
0.0126962 0.0135632 0.0101401 0.00969141 0.0121108 0.0250482 0.0168878 0.0149203 0.0112285 0.011303 0.0255379 0.0183855 0.0200957 0.0119151 0.012412 0.034787 0.0115968 0.0105447 0.01026 0.0480866 0.0457686 0.0419616 0.0172389 0.0053231 0 0.00381692 0.00386778 0.00389996 0.0247141 0.63876 0.0238178 0.0410171 0.0265277 0.0126402 0.013815 0.016382 0.0127213 0.017519 0.0102616 0.0155366 0.0259876 0.056931 0.0269884 0.0207538 0.0108875 0.00940696 0.00837398 0.00857108 0.00854539 0.00944688 0.00888769 0.0104639 0.0137559 0.0139671 0.0134409 0.0116169 0.0095062 0.00807466 0.00840928 0.00816245 0.00869363 0.00824247 0.00878968 0.00838581 0.00818605 0.0091291 0.00978582 0.00952204 0.00912975 0.00934831 0.00892317 
0.0114586 0.016459 0.0111678 0.00891994 0.0116332 0.0253647 0.0408123 0.0130624 0.0101884 0.0100005 0.0261776 0.047152 0.0157882 0.0110288 0.01019 0.0168075 0.01534 0.0095128 0.00966654 0.0181221 0.090124 0.0417143 0.0360242 0.00381816 0.00381692 0 0.00385373 0.00377375 0.0263761 0.0300719 0.61205 0.0654896 0.0458851 0.0129075 0.01125 0.0196392 0.0299245 0.0178845 0.00999993 0.0111145 0.0396335 0.121038 0.155745 0.0209276 0.01392 0.00960634 0.00948898 0.0114381 0.0113339 0.0136006 0.0122263 0.0217144 0.0252626 0.0343895 0.0252049 0.012579 0.0089715 0.00822196 0.00895579 0.0089599 0.0096103 0.00934699 0.0088352 0.00841092 0.0083085 0.00978152 0.0141045 0.0138026 0.0126015 0.0100092 0.009174 
0.0114002 0.00970468 0.0124703 0.00910305 0.0126103 0.0250304 0.0218661 0.0187052 0.0121257 0.0118944 0.0199163 0.0206325 0.0294389 0.0126166 0.0136192 0.011662 0.019135 0.0130933 0.0109651 0.0197336 0.0162171 0.158371 0.0565892 0.0039577 0.00386778 0.00385373 0 0.00406451 0.0187802 0.0518773 0.0440293 0.632126 0.0685556 0.0559477 0.0102949 0.0170772 0.0158335 0.024742 0.0164423 0.0103371 0.0295259 0.0465684 0.0462252 0.10049 0.0184585 0.00963628 0.00899146 0.00988137 0.00882991 0.00967531 0.0109654 0.0119436 0.0179125 0.0185621 0.0212776 0.0127859 0.00946557 0.0084127 0.00875232 0.008553 0.00911202 0.00878862 0.00867631 0.00845662 0.00830876 0.00959044 0.0115754 0.0125182 0.0108911 0.00990994 0.00887381 
0.0114024 0.010195 0.00851082 0.0105508 0.0211745 0.0115925 0.0118331 0.011132 0.0163234 0.0125245 0.0119464 0.0107647 0.0130454 0.0198452 0.0139869 0.0120961 0.00907751 0.0162283 0.0140772 0.0104826 0.0153491 0.0151283 0.221232 0.00516801 0.00389996 0.00377375 0.00406451 0 0.0205296 0.020416 0.0347884 0.0202841 0.46036 0.0888008 0.0216558 0.00963751 0.00907736 0.018554 0.0210388 0.0213874 0.0108133 0.0170099 0.0147794 0.0259343 0.0519934 0.0208712 0.00836995 0.00834305 0.0083935 0.00888293 0.00852756 0.0102172 0.00958594 0.012615 0.00950384 0.0133311 0.00949428 0.00853537 0.00825384 0.00812349 0.00840958 0.00811738 0.00845921 0.00831374 0.00920784 0.00901553 0.00895778 0.00904664 0.00890101 0.00882415 0.00908428 
0.0118299 0.00801634 0.00851468 0.00995604 0.00884379 0.008847 0.00908279 0.00914745 0.0126166 0.0112766 0.00862415 0.00916211 0.00963738 0.0126475 0.0161771 0.00888448 0.0114528 0.0105374 0.0104399 0.00887607 0.00878955 0.0110074 0.0129226 0.670386 0.0247141 0.0263761 0.0187802 0.0205296 0 0.00481866 0.0038027 0.00378017 0.00389945 0.00759511 0.0203917 0.00958009 0.0120024 0.00922385 0.0331153 0.015207 0.0162138 0.0112477 0.0125682 0.0112783 0.0211166 0.00873608 0.00832415 0.00830134 0.00829411 0.00824211 0.00885646 0.0083203 0.00930073 0.00898541 0.0105847 0.00937802 0.0188707 0.00888067 0.00797907 0.00805942 0.00796831 0.0084898 0.00818056 0.0121494 0.00835729 0.00813151 0.00856677 0.0086389 0.00859102 0.00877884 0.0122378 
0.00837753 0.00976409 0.0084562 0.00843093 0.0089446 0.010584 0.0102765 0.010234 0.00912788 0.00873986 0.0134639 0.0110403 0.0115566 0.00940792 0.00906307 0.0159446 0.00886124 0.00942232 0.00890929 0.010001 0.0138421 0.0118348 0.0122582 0.0163383 0.63876 0.0300719 0.0518773 0.020416 0.00481866 0 0.00381557 0.00383025 0.00415782 0.00389057 0.2524 0.0157628 0.0152562 0.0325927 0.00993361 0.0181779 0.022345 0.0406807 0.0223691 0.0265814 0.0110831 0.00977007 0.00841012 0.00870049 0.0089409 0.0103252 0.00885903 0.0133774 0.0113655 0.0222815 0.01104 0.0152879 0.00918851 0.00800183 0.00866431 0.0081494 0.00895713 0.0081848 0.00967209 0.00816319 0.00834787 0.00952649 0.0103211 0.0106739 0.00966477 0.0100707 0.00873463 
0.00952069 0.00870591 0.00887596 0.00828698 0.0100937 0.0143681 0.0211255 0.00979692 0.00902503 0.00905522 0.0146532 0.0239471 0.011258 0.00916777 0.0101089 0.0105922 0.0104293 0.00880888 0.00889951 0.0106371 0.0204683 0.0180265 0.0116659 0.0149836 0.0238178 0.61205 0.0440293 0.0347884 0.0038027 0.00381557 0 0.00379385 0.00379004 0.0038795 0.0170285 0.241959 0.0513418 0.0158473 0.0122921 0.0129881 0.0300049 0.0801389 0.0967294 0.0226038 0.0153861 0.0103423 0.00985493 0.0115969 0.0112347 0.0133543 0.0166851 0.0176935 0.0396846 0.0372387 0.03757 0.0118376 0.00938544 0.0084215 0.00890255 0.00933847 0.00998816 0.0111409 0.00860243 0.00860981 0.00856307 0.0107836 0.0187517 0.0196982 0.0170048 0.00990621 0.00906642 
0.00894173 0.00961654 0.00983152 0.00836359 0.0103661 0.0167164 0.0248324 0.010988 0.00959429 0.00898783 0.016821 0.0246625 0.014653 0.00963637 0.00927105 0.0115733 0.0137871 0.00880386 0.00878674 0.0127907 0.0245776 0.0232401 0.0122582 0.0110885 0.0410171 0.0654896 0.632126 0.0202841 0.00378017 0.00383025 0.00379385 0 0.00375956 0.00379069 0.0190099 0.0328717 0.393401 0.0174178 0.0203885 0.0113227 0.035998 0.0910519 0.0949135 0.0425197 0.0154553 0.00983095 0.0103803 0.0136562 0.0116615 0.0138313 0.0174711 0.0191071 0.0440621 0.038042 0.0499534 0.013292 0.0103797 0.00824573 0.00921059 0.00954243 0.01054 0.0113661 0.00916099 0.0087827 0.00855556 0.0118145 0.0232918 0.0213094 0.0179761 0.0118422 0.00895564 
0.00849509 0.0103119 0.00831341 0.00828178 0.0105954 0.0127449 0.0107967 0.0109363 0.00869069 0.00887351 0.0138521 0.0105564 0.0129687 0.00905038 0.00911447 0.0126424 0.00903834 0.00896003 0.00957042 0.0105632 0.0137956 0.0155482 0.0129463 0.0130677 0.0265277 0.0458851 0.0685556 0.46036 0.00389945 0.00415782 0.00379004 0.00375956 0 0.00391374 0.021561 0.0431165 0.0150293 0.493261 0.0151562 0.0144739 0.016633 0.0437161 0.0250967 0.0856697 0.0163052 0.0138374 0.0098675 0.00941997 0.0091634 0.0106142 0.00976985 0.0159441 0.0134808 0.0278747 0.0116461 0.0223726 0.00870222 0.00858533 0.00894654 0.00843968 0.00890643 0.00851053 0.0096024 0.00813718 0.00902941 0.0106905 0.0107754 0.012311 0.00987494 0.0111016 0.00861926 
0.0113025 0.00832477 0.00818648 0.008768 0.0126441 0.00951834 0.00960064 0.00866231 0.0102361 0.0113346 0.00897238 0.00918384 0.00985536 0.00988774 0.0127121 0.00862508 0.00949682 0.00903056 0.012281 0.00941785 0.00987414 0.012163 0.0130868 0.0233637 0.0126402 0.0129075 0.0559477 0.0888008 0.00759511 0.00389057 0.0038795 0.00379069 0.00391374 0 0.0247993 0.00983405 0.0256315 0.0181955 0.49521 0.0138693 0.0129504 0.0124502 0.0141809 0.0195192 0.0338818 0.0186729 0.00856683 0.00841765 0.00854455 0.00883205 0.00910787 0.00985074 0.0109206 0.0105644 0.0119897 0.00920346 0.0127801 0.00953247 0.00822622 0.00820103 0.00829708 0.00846955 0.0082867 0.00988992 0.009595 0.0091564 0.00896929 0.00943069 0.00896913 0.00860479 0.00989063 
0.00917064 0.00840299 0.00802499 0.00874145 0.00858344 0.0083911 0.00844693 0.00851602 0.00987697 0.00920902 0.00863712 0.00849233 0.0086167 0.0102636 0.00983982 0.010139 0.00837276 0.0107904 0.00868643 0.00836074 0.00896052 0.00870898 0.0137501 0.0195077 0.013815 0.01125 0.0102949 0.0216558 0.0203917 0.2524 0.0170285 0.0190099 0.021561 0.0247993 0 0.00429717 0.00379893 0.00384629 0.00474324 0.0443328 0.0138581 0.014767 0.0136443 0.0115614 0.0349706 0.0139554 0.00913795 0.00874793 0.00900611 0.00887085 0.00885227 0.0100127 0.00999404 0.0106494 0.00995857 0.012213 0.0167751 0.00885237 0.00839065 0.00817924 0.00847628 0.00824901 0.00903766 0.0103829 0.0102078 0.00876193 0.00889331 0.00886276 0.00929246 0.009121 0.0107803 
0.0081751 0.00826168 0.00815176 0.00799832 0.00819395 0.0087781 0.00863951 0.00843858 0.00822909 0.00810094 0.00871022 0.00872878 0.00886881 0.00826205 0.00821925 0.00847641 0.00838224 0.00812351 0.00809323 0.00848981 0.00918005 0.00983278 0.00868576 0.00976251 0.016382 0.0196392 0.0170772 0.00963751 0.00958009 0.0157628 0.241959 0.0328717 0.0431165 0.00983405 0.00429717 0 0.00377431 0.00377985 0.00388337 0.0111798 0.0259625 0.0253486 0.0155628 0.0226194 0.00913471 0.0106228 0.00859745 0.00959983 0.0093805 0.00960992 0.0095723 0.0134024 0.0117497 0.0161855 0.0129365 0.011204 0.00898753 0.00818261 0.00833446 0.00820735 0.00865328 0.00831774 0.00885627 0.00829463 0.00844977 0.0100526 0.0109401 0.0126601 0.010024 0.00970967 0.00848044 
0.00889008 0.00818074 0.00862739 0.00801088 0.00832559 0.00898575 0.0101775 0.00851806 0.00822565 0.00852731 0.00896329 0.0113113 0.00853589 0.00821079 0.00923273 0.00911079 0.00960657 0.00811203 0.00825398 0.00876705 0.0103192 0.0100475 0.00866763 0.0104361 0.0127213 0.0299245 0.0158335 0.00907736 0.0120024 0.0152562 0.0513418 0.393401 0.0150293 0.0256315 0.00379893 0.00377431 0 0.00375065 0.00377322 0.0108594 0.0314462 0.0628331 0.0837838 0.0123649 0.0103048 0.00921099 0.00976209 0.00990934 0.0100409 0.0099654 0.0142288 0.0106481 0.0270541 0.0153882 0.0359385 0.00923966 0.00974553 0.00889548 0.00836397 0.0102415 0.00876858 0.0127818 0.00831663 0.00934381 0.00866134 0.00981707 0.0181242 0.0140225 0.016958 0.0090882 0.00860028 
0.00813278 0.00910385 0.00803679 0.00808491 0.00845189 0.00954484 0.00896601 0.00892596 0.00832449 0.00817163 0.0101297 0.00894515 0.00918682 0.00894955 0.0082984 0.0105843 0.00814631 0.00882404 0.00816101 0.00863097 0.0100481 0.0103584 0.0102497 0.00949001 0.017519 0.0178845 0.024742 0.018554 0.00922385 0.0325927 0.0158473 0.0174178 0.493261 0.0181955 0.00384629 0.00377985 0.00375065 0 0.00376384 0.0192736 0.0142482 0.0554536 0.0379776 0.0784414 0.0204026 0.016145 0.00966627 0.00962614 0.00905601 0.0104433 0.00890777 0.0150719 0.0111969 0.0268467 0.0109677 0.0294512 0.00917045 0.00825665 0.0102432 0.00830182 0.00995082 0.00838948 0.0142105 0.00819601 0.00860566 0.0114232 0.0108155 0.0141387 0.0113202 0.0135282 0.00874045 
0.00934675 0.00803815 0.00800273 0.00810304 0.0106075 0.00851725 0.00849994 0.00809386 0.00858243 0.0102003 0.00842866 0.00837971 0.00820503 0.00868916 0.0116538 0.00824767 0.00870342 0.00841315 0.010245 0.00864439 0.00875252 0.00878218 0.00961623 0.0188581 0.0102616 0.00999993 0.0164423 0.0210388 0.0331153 0.00993361 0.0122921 0.0203885 0.0151562 0.49521 0.00474324 0.00388337 0.00377322 0.00376384 0 0.0228698 0.0286458 0.013497 0.0156511 0.0317452 0.0801597 0.0160057 0.00934943 0.00954493 0.00886358 0.00873003 0.00988386 0.00991328 0.0129571 0.00989096 0.0140366 0.00915042 0.0219487 0.0107379 0.00839838 0.00837809 0.00825501 0.00908199 0.00829877 0.0118516 0.0102858 0.00881265 0.00952632 0.00954542 0.00952935 0.00856526 0.0101709 
0.00855503 0.00879635 0.00788879 0.00863856 0.00835969 0.00839298 0.00833063 0.0085501 0.0092207 0.00886725 0.00860375 0.00825142 0.0084567 0.00922787 0.00884853 0.0101847 0.00804928 0.0106606 0.00850403 0.00821424 0.00866715 0.00850978 0.0116998 0.0183667 0.0155366 0.0111145 0.0103371 0.0213874 0.015207 0.0181779 0.0129881 0.0113227 0.0144739 0.0138693 0.0443328 0.0111798 0.0108594 0.0192736 0.0228698 0 0.00409344 0.00379858 0.00380552 0.0038667 0.00474216 0.0737195 0.0095312 0.00935124 0.0137886 0.00972509 0.00920421 0.022694 0.0105011 0.0186766 0.0108471 0.0287032 0.0172131 0.00978445 0.0117353 0.00841841 0.00946224 0.00830856 0.0138203 0.0106354 0.0156962 0.0115333 0.00949246 0.0120046 0.00983344 0.0112793 0.0125318 
0.00860572 0.0082544 0.00846334 0.00807437 0.00844468 0.00913476 0.00950489 0.00880241 0.00841751 0.00887469 0.00911062 0.00957628 0.0096149 0.00862355 0.00890006 0.00850199 0.00945476 0.00818048 0.00822159 0.00933381 0.00975093 0.0114875 0.00929158 0.0118804 0.0259876 0.0396335 0.0295259 0.0108133 0.0162138 0.022345 0.0300049 0.035998 0.016633 0.0129504 0.0138581 0.0259625 0.0314462 0.0142482 0.0286458 0.00409344 0 0.00379445 0.00377641 0.00385334 0.00382387 0.00982734 0.0200172 0.01192 0.0121046 0.0177212 0.0245677 0.0138199 0.0468238 0.0164489 0.0539236 0.011443 0.0160643 0.00991164 0.0094887 0.0114288 0.00973901 0.0171231 0.00925219 0.0123763 0.0110417 0.0205324 0.0391134 0.0239597 0.0320482 0.0151812 0.0112545 
0.00868748 0.00951855 0.00866991 0.00830347 0.00942447 0.0121537 0.01441 0.0101539 0.00871243 0.00867375 0.0124528 0.0148916 0.0114641 0.00880997 0.00862595 0.0131119 0.00892772 0.0086202 0.00840174 0.0103697 0.0253557 0.0144061 0.0118963 0.0108265 0.056931 0.121038 0.0465684 0.0170099 0.0112477 0.0406807 0.0801389 0.0910519 0.0437161 0.0124502 0.014767 0.0253486 0.0628331 0.0554536 0.013497 0.00379858 0.00379445 0 0.00380756 0.00377952 0.00378973 0.0294184 0.0138447 0.0468751 0.0254528 0.0396489 0.0389279 0.0583382 0.0373837 0.153596 0.0297254 0.0277745 0.0099925 0.00940131 0.0167907 0.0129052 0.0422871 0.0150138 0.0222064 0.00980395 0.0115067 0.0450881 0.0823771 0.161447 0.0790282 0.0333896 0.0102966 
0.00858683 0.00863209 0.00870541 0.00818228 0.00892111 0.0113196 0.0138041 0.0093816 0.00870735 0.0086882 0.0125674 0.0154222 0.0100238 0.00889848 0.00890679 0.0093003 0.00959314 0.00830681 0.0083645 0.0096703 0.0171805 0.0145876 0.0121507 0.0101941 0.0269884 0.155745 0.0462252 0.0147794 0.0125682 0.0223691 0.0967294 0.0949135 0.0250967 0.0141809 0.0136443 0.0155628 0.0837838 0.0379776 0.0156511 0.00380552 0.00377641 0.00380756 0 0.00380349 0.00380214 0.0119726 0.0351755 0.0520602 0.0339701 0.0222692 0.0481399 0.0461493 0.0895046 0.0617883 0.126474 0.0152401 0.0147205 0.0103495 0.0121035 0.022047 0.018778 0.035809 0.0112626 0.0110609 0.010742 0.0281582 0.134837 0.124618 0.0956165 0.0215642 0.0105459 
0.0085407 0.00857241 0.00823961 0.00812837 0.00942709 0.0101915 0.00948458 0.00893272 0.00837213 0.00885496 0.00997917 0.00956941 0.00989853 0.0083759 0.00882132 0.00933065 0.0083497 0.00843532 0.00865863 0.00903903 0.0108774 0.0129586 0.0115136 0.0103633 0.0207538 0.0209276 0.10049 0.0259343 0.0112783 0.0265814 0.0226038 0.0425197 0.0856697 0.0195192 0.0115614 0.0226194 0.0123649 0.0784414 0.0317452 0.0038667 0.00385334 0.00377952 0.00380349 0 0.00392872 0.019227 0.0195991 0.0314117 0.0169228 0.0251766 0.0155782 0.0413005 0.0557257 0.0525154 0.0276089 0.0754874 0.0136015 0.00914784 0.0134808 0.0101721 0.0132721 0.0106374 0.0199492 0.00992064 0.0105708 0.0242578 0.0331748 0.0470976 0.0257311 0.0362432 0.0101934 
0.00971078 0.00815676 0.00804875 0.00809093 0.0112006 0.00918926 0.00892496 0.00833527 0.00958431 0.00963862 0.0088147 0.00883945 0.00845104 0.00860618 0.0103843 0.00838615 0.00819537 0.00847166 0.00955868 0.00853842 0.0090678 0.00925209 0.0110829 0.016319 0.0108875 0.01392 0.0184585 0.0519934 0.0211166 0.0110831 0.0153861 0.0154553 0.0163052 0.0338818 0.0349706 0.00913471 0.0103048 0.0204026 0.0801597 0.00474216 0.00382387 0.00378973 0.00380214 0.00392872 0 0.0334358 0.0123963 0.0128674 0.0132423 0.0153673 0.0215965 0.0208145 0.0238378 0.0325063 0.0215802 0.0258747 0.0368405 0.0139334 0.00971674 0.00967216 0.00943849 0.00964554 0.0104139 0.0147879 0.015612 0.0126212 0.0151649 0.0163074 0.0172581 0.0123087 0.0148349 
0.00803448 0.00849798 0.00800841 0.00868035 0.00832598 0.00825767 0.00820961 0.00843254 0.009194 0.00843132 0.00885345 0.00809154 0.00850299 0.00999704 0.00823172 0.0104491 0.00828784 0.0136091 0.00806333 0.00806663 0.00855803 0.00844061 0.0113934 0.00887047 0.00940696 0.00960634 0.00963628 0.0208712 0.00873608 0.00977007 0.0103423 0.00983095 0.0138374 0.0186729 0.0139554 0.0106228 0.00921099 0.016145 0.0160057 0.0737195 0.00982734 0.0294184 0.0119726 0.019227 0.0334358 0 0.003762 0.00384477 0.00378909 0.00373411 0.00380921 0.00504701 0.00390488 0.00452764 0.00423179 0.0132449 0.0157143 0.00994492 0.0112009 0.00879514 0.0113079 0.00887387 0.0217865 0.0153247 0.0112926 0.0108272 0.0108829 0.0111593 0.0111245 0.0159358 0.0193262 
0.00801489 0.0079316 0.00796506 0.00792273 0.00807517 0.00827635 0.00826643 0.00807269 0.00797539 0.00800685 0.00815263 0.00861271 0.0081647 0.00796371 0.008015 0.00805425 0.00809158 0.00796046 0.00787103 0.00791111 0.00827356 0.008802 0.00805918 0.00812215 0.00837398 0.00948898 0.00899146 0.00836995 0.00832415 0.00841012 0.00985493 0.0103803 0.0098675 0.00856683 0.00913795 0.00859745 0.00976209 0.00966627 0.00934943 0.0095312 0.0200172 0.0138447 0.0351755 0.0195991 0.0123963 0.003762 0 0.00380576 0.00375574 0.00388843 0.00803413 0.00405749 0.00406211 0.00408614 0.00520475 0.00586621 0.00516972 0.00925003 0.00889009 0.00878773 0.0085759 0.00985411 0.00872867 0.00945614 0.0095073 0.00953238 0.0129784 0.0112492 0.0125522 0.0112925 0.00922033 
0.00798359 0.00846277 0.0080031 0.00788362 0.00799299 0.0084393 0.00866547 0.00818031 0.00794673 0.0079139 0.00828083 0.00838414 0.00812426 0.0079221 0.00795447 0.00813056 0.00802033 0.00788423 0.0078561 0.00801434 0.00908651 0.00831212 0.00802401 0.00811848 0.00857108 0.0114381 0.00988137 0.00834305 0.00830134 0.00870049 0.0115969 0.0136562 0.00941997 0.00841765 0.00874793 0.00959983 0.00990934 0.00962614 0.00954493 0.00935124 0.01192 0.0468751 0.0520602 0.0314117 0.0128674 0.00384477 0.00380576 0 0.00368918 0.0037626 0.00382658 0.00925739 0.00393145 0.00497816 0.00507553 0.00427435 0.00406757 0.00941612 0.00932922 0.00967508 0.01016 0.010521 0.00875306 0.00869468 0.00873684 0.0120088 0.0161824 0.0227927 0.0199184 0.0100941 0.00869861 
0.00792015 0.00794969 0.00790482 0.00785004 0.00792407 0.00821124 0.00831583 0.00811876 0.00792649 0.00786078 0.00812819 0.00819041 0.00800875 0.00792866 0.00786255 0.00808328 0.00794407 0.00796637 0.00785121 0.00796442 0.00833 0.00820833 0.00831487 0.00799051 0.00854539 0.0113339 0.00882991 0.0083935 0.00829411 0.0089409 0.0112347 0.0116615 0.0091634 0.00854455 0.00900611 0.0093805 0.0100409 0.00905601 0.00886358 0.0137886 0.0121046 0.0254528 0.0339701 0.0169228 0.0132423 0.00378909 0.00375574 0.00368918 0 0.00413104 0.00374239 0.00377589 0.00378777 0.00421606 0.00387886 0.00396688 0.00380927 0.00906797 0.00900938 0.00994624 0.00998404 0.00973934 0.00882062 0.00888961 0.00888694 0.0105765 0.0181752 0.0185025 0.0154408 0.00976936 0.0089845 
0.00789396 0.00801253 0.00796205 0.00790528 0.0080144 0.0084739 0.00832933 0.00823019 0.00799807 0.007889 0.00833079 0.00817058 0.00826792 0.00794052 0.00785931 0.00825353 0.00794152 0.00802266 0.00786744 0.0080455 0.00854642 0.0083337 0.00885273 0.00800025 0.00944688 0.0136006 0.00967531 0.00888293 0.00824211 0.0103252 0.0133543 0.0138313 0.0106142 0.00883205 0.00887085 0.00960992 0.0099654 0.0104433 0.00873003 0.00972509 0.0177212 0.0396489 0.0222692 0.0251766 0.0153673 0.00373411 0.00388843 0.0037626 0.00413104 0 0.0038346 0.00376248 0.004099 0.00396953 0.00404635 0.00431805 0.00409095 0.00858936 0.0109779 0.00922233 0.0112124 0.00869401 0.0127164 0.00891663 0.00881502 0.0139571 0.023152 0.0270184 0.0158586 0.014098 0.00951937 
0.00799763 0.00805019 0.00811794 0.00791653 0.00799886 0.00843312 0.00851702 0.00823973 0.00804683 0.007952 0.00825377 0.00848696 0.00824407 0.00804414 0.00797263 0.00812934 0.00836065 0.00798519 0.0078907 0.00805589 0.00846267 0.00886882 0.00827953 0.00815734 0.00888769 0.0122263 0.0109654 0.00852756 0.00885646 0.00885903 0.0166851 0.0174711 0.00976985 0.00910787 0.00885227 0.0095723 0.0142288 0.00890777 0.00988386 0.00920421 0.0245677 0.0389279 0.0481399 0.0155782 0.0215965 0.00380921 0.00803413 0.00382658 0.00374239 0.0038346 0 0.00375962 0.00378816 0.00379842 0.00376395 0.00386928 0.00394177 0.0173322 0.00897517 0.0180467 0.00906101 0.0192469 0.00856969 0.0136449 0.00902706 0.0126927 0.031502 0.020914 0.0302901 0.0100978 0.0160224 
0.00804631 0.00829475 0.00820701 0.00807104 0.00834048 0.00885272 0.00898608 0.00875959 0.00824058 0.00800393 0.00875501 0.00886822 0.00873397 0.00828178 0.00795546 0.00861139 0.0082283 0.00812625 0.00798011 0.00821788 0.0095456 0.00870187 0.00913097 0.00835062 0.0104639 0.0217144 0.0119436 0.0102172 0.0083203 0.0133774 0.0176935 0.0191071 0.0159441 0.00985074 0.0100127 0.0134024 0.0106481 0.0150719 0.00991328 0.022694 0.0138199 0.0583382 0.0461493 0.0413005 0.0208145 0.00504701 0.00405749 0.00925739 0.00377589 0.00376248 0.00375962 0 0.00375193 0.00377024 0.00379904 0.00374231 0.00378583 0.0120683 0.0218131 0.0105332 0.0220275 0.00900644 0.0252994 0.00912361 0.0109547 0.0229926 0.0268873 0.0614476 0.0292867 0.0490475 0.00974434 
