1GCQC
GSHMPKMEVFQEYYGIPPPPGAFGPFLRLNPGDIVELTKAEAEHNWWEGRNTATNEVGWFPCNRVHPYV
CCCCCEEEECCCECCCCCCHHHCCCECCECCCCEEEEEECCCCCCEEEEEECCCCEEEEEEHHHEEECC
0 0 0 0 0 0 0 0 0 0 0 0 0 0 0 0 0 0 0 0 0 0 0 0 0 0 0 0 0 0 0 0 0 0 0 0 0 0 0 0 0 0 0 0 0 0 0 0 0 0 0 0 0 0 0 0 0 0 0 0 0 0 0 0 0 0 0 0 0 
0 0 0 0 0 0 0 0 0 0 0 0 0 0 0 0 0 0 0 0 0 0 0 0 0 0 0 0 0 0 0 0 0 0 0 0 0 0 0 0 0 0 0 0 0 0 0 0 0 0 0 0 0 0 0 0 0 0 0 0 0 0 0 0 0 0 0 0 0 
0 0.00379753 0.00398198 0.00388064 0.00605478 0.0191306 0.0124066 0.0262025 0.00984541 0.0312756 0.0109879 0.0111473 0.0210823 0.00992441 0.0088078 0.0102089 0.00842851 0.0165494 0.0101088 0.0108238 0.00845837 0.00913566 0.0100511 0.00908632 0.0155912 0.0088573 0.00981724 0.00984258 
0.00379753 0 0.00377538 0.00392427 0.00615352 0.00880252 0.0292658 0.0131216 0.220874 0.0112135 0.0429428 0.0116674 0.00895816 0.0102068 0.0167726 0.00893051 0.0314675 0.00850822 0.0122118 0.0088952 0.0102832 0.0103542 0.0111865 0.0141884 0.00887801 0.0159044 0.00852163 0.0456231 
0.00398198 0.00377538 0 0.00377667 0.00438773 0.0147509 0.00873236 0.0547757 0.0136606 0.110715 0.00980613 0.0132491 0.0125352 0.010057 0.0134196 0.0208984 0.00863138 0.0189804 0.00839395 0.00972586 0.00984955 0.0108011 0.0189039 0.010192 0.00914481 0.00878614 0.0468692 0.00827555 
0.00388064 0.00392427 0.00377667 0 0.0268673 0.0112148 0.0417822 0.0159912 0.0216453 0.0107046 0.0153826 0.0104932 0.00981389 0.0128362 0.0111045 0.00876361 0.0115014 0.00850855 0.0110626 0.0111084 0.00872824 0.00923863 0.00925714 0.0095896 0.00939459 0.0651704 0.00832276 0.00974427 
0.00605478 0.00615352 0.00438773 0.0268673 0 0.103619 0.334664 0.0131373 0.0127276 0.00965797 0.0094748 0.0107246 0.0134454 0.00920784 0.00853454 0.0083486 0.00861388 0.00959821 0.0160317 0.00983306 0.00836958 0.00836513 0.00840139 0.00924691 0.0110163 0.0144331 0.00898499 0.0137372 
0.0191306 0.00880252 0.0147509 0.0112148 0.103619 0 0.0639147 0.0113758 0.0113007 0.0187332 0.00704522 0.00820284 0.0137528 0.00872745 0.00778439 0.00785822 0.0076847 0.0108194 0.0121569 0.0117992 0.00848394 0.00842309 0.00907528 0.00918907 0.0158275 0.0122588 0.0109195 0.0120592 
0.0124066 0.0292658 0.00873236 0.0417822 0.334664 0.0639147 0 0.0413554 0.0146153 0.00464493 0.00660611 0.00747141 0.00760742 0.00838581 0.00808339 0.00702938 0.0106068 0.00797035 0.031069 0.0134307 0.00980844 0.00916828 0.00857193 0.00966166 0.0106447 0.0344164 0.00864591 0.0231639 
0.0262025 0.0131216 0.0547757 0.0159912 0.0131373 0.0113758 0.0413554 0 0.00389395 0.00380466 0.00382001 0.00396469 0.0103705 0.00653022 0.00709493 0.00970916 0.00751695 0.0238979 0.0580849 0.0296668 0.0101533 0.00972909 0.0126403 0.010001 0.0238602 0.0147095 0.0137194 0.0200326 
0.00984541 0.220874 0.0136606 0.0216453 0.0127276 0.0113007 0.0146153 0.00389395 0 0.00384024 0.00382632 0.00388431 0.00400742 0.00719203 0.0100096 0.00688365 0.0151573 0.0154343 0.613595 0.00885124 0.0119198 0.0148016 0.0139253 0.022692 0.00921255 0.0185871 0.0110523 0.0221781 
0.0312756 0.0112135 0.110715 0.0107046 0.00965797 0.0187332 0.00464493 0.00380466 0.00384024 0 0.00380432 0.0037808 0.00386443 0.00675681 0.00748533 0.0289054 0.0129842 0.730766 0.00861747 0.00966333 0.00943685 0.0157589 0.0499766 0.0113404 0.00949735 0.00979836 0.0183274 0.00912214 
0.0109879 0.0429428 0.00980613 0.0153826 0.0094748 0.00704522 0.00660611 0.00382001 0.00382632 0.00380432 0 0.003754 0.0037625 0.00512936 0.0238614 0.0114801 0.70804 0.00741803 0.00862617 0.00802446 0.00912796 0.0155396 0.0141348 0.0113399 0.00795413 0.0137688 0.00872837 0.0155301 
0.0111473 0.0116674 0.0132491 0.0104932 0.0107246 0.00820284 0.00747141 0.00396469 0.00388431 0.0037808 0.003754 0 0.00382689 0.0143959 0.0404186 0.0774137 0.0126164 0.00742565 0.00720994 0.00840992 0.0111467 0.0110002 0.0100535 0.00994556 0.00783894 0.0102027 0.0162493 0.00911526 
0.0210823 0.00895816 0.0125352 0.00981389 0.0134454 0.0137528 0.00760742 0.0103705 0.00400742 0.00386443 0.0037625 0.00382689 0 0.0311922 0.0823029 0.00565022 0.00532217 0.0113869 0.00730153 0.0148344 0.00868889 0.00804604 0.0091707 0.00909069 0.00962061 0.0191633 0.0115891 0.00902794 
0.00992441 0.0102068 0.010057 0.0128362 0.00920784 0.00872745 0.00838581 0.00653022 0.00719203 0.00675681 0.00512936 0.0143959 0.0311922 0 0.00377816 0.00376429 0.0037684 0.00392221 0.00450776 0.00531492 0.0055545 0.00628547 0.00712484 0.0122201 0.889149 0.00842199 0.00711833 0.0179727 
0.0088078 0.0167726 0.0134196 0.0111045 0.00853454 0.00778439 0.00808339 0.00709493 0.0100096 0.00748533 0.0238614 0.0404186 0.0823029 0.00377816 0 0.00375755 0.0037378 0.0038433 0.0038034 0.00493782 0.00537821 0.00648649 0.0144542 0.966247 0.00929233 0.00624888 0.0146226 0.0102799 
0.0102089 0.00893051 0.0208984 0.00876361 0.0083486 0.00785822 0.00702938 0.00970916 0.00688365 0.0289054 0.0114801 0.0774137 0.00565022 0.00376429 0.00375755 0 0.00388712 0.00372953 0.00383448 0.00436695 0.00548206 0.0065848 0.972123 0.00720507 0.00576699 0.00865956 0.00890039 0.00768429 
0.00842851 0.0314675 0.00863138 0.0115014 0.00861388 0.0076847 0.0106068 0.00751695 0.0151573 0.0129842 0.70804 0.0126164 0.00532217 0.0037684 0.0037378 0.00388712 0 0.00378764 0.00373193 0.00514816 0.00695361 0.967223 0.00946571 0.00741538 0.00551994 0.00849 0.00652646 0.0167687 
0.0165494 0.00850822 0.0189804 0.00850855 0.00959821 0.0108194 0.00797035 0.0238979 0.0154343 0.730766 0.00741803 0.00742565 0.0113869 0.00392221 0.0038433 0.00372953 0.00378764 0 0.0043804 0.00676372 0.978729 0.00701427 0.0091462 0.00567422 0.00494398 0.00609655 0.0249714 0.00696414 
0.0101088 0.0122118 0.00839395 0.0110626 0.0160317 0.0121569 0.031069 0.0580849 0.613595 0.00861747 0.00862617 0.00720994 0.00730153 0.00450776 0.0038034 0.00383448 0.00373193 0.0043804 0 0.983065 0.00476895 0.00529348 0.00485871 0.00621009 0.00485596 0.0208097 0.00591662 0.00793312 
0.0108238 0.0088952 0.00972586 0.0111084 0.00983306 0.0117992 0.0134307 0.0296668 0.00885124 0.00966333 0.00802446 0.00840992 0.0148344 0.00531492 0.00493782 0.00436695 0.00514816 0.00676372 0.983065 0 0.0038601 0.00378639 0.00377024 0.00392208 0.00418964 0.00416025 0.00512366 0.00938509 
0.00845837 0.0102832 0.00984955 0.00872824 0.00836958 0.00848394 0.00980844 0.0101533 0.0119198 0.00943685 0.00912796 0.0111467 0.00868889 0.0055545 0.00537821 0.00548206 0.00695361 0.978729 0.00476895 0.0038601 0 0.00373898 0.00377131 0.00377841 0.00392854 0.00399098 0.00597209 0.00602518 
0.00913566 0.0103542 0.0108011 0.00923863 0.00836513 0.00842309 0.00916828 0.00972909 0.0148016 0.0157589 0.0155396 0.0110002 0.00804604 0.00628547 0.00648649 0.0065848 0.967223 0.00701427 0.00529348 0.00378639 0.00373898 0 0.00377858 0.00373974 0.00375245 0.00384294 0.00427788 0.00505457 
0.0100511 0.0111865 0.0189039 0.00925714 0.00840139 0.00907528 0.00857193 0.0126403 0.0139253 0.0499766 0.0141348 0.0100535 0.0091707 0.00712484 0.0144542 0.972123 0.00946571 0.0091462 0.00485871 0.00377024 0.00377131 0.00377858 0 0.00378015 0.003747 0.00404018 0.00389928 0.00587138 
0.00908632 0.0141884 0.010192 0.0095896 0.00924691 0.00918907 0.00966166 0.010001 0.022692 0.0113404 0.0113399 0.00994556 0.00909069 0.0122201 0.966247 0.00720507 0.00741538 0.00567422 0.00621009 0.00392208 0.00377841 0.00373974 0.00378015 0 0.00373478 0.00395005 0.00751794 0.00470925 
0.0155912 0.00887801 0.00914481 0.00939459 0.0110163 0.0158275 0.0106447 0.0238602 0.00921255 0.00949735 0.00795413 0.00783894 0.00962061 0.889149 0.00929233 0.00576699 0.00551994 0.00494398 0.00485596 0.00418964 0.00392854 0.00375245 0.003747 0.00373478 0 0.00633347 0.00385093 0.00462327 
0.0088573 0.0159044 0.00878614 0.0651704 0.0144331 0.0122588 0.0344164 0.0147095 0.0185871 0.00979836 0.0137688 0.0102027 0.0191633 0.00842199 0.00624888 0.00865956 0.00849 0.00609655 0.0208097 0.00416025 0.00399098 0.00384294 0.00404018 0.00395005 0.00633347 0 0.00380081 0.00431338 
0.00981724 0.00852163 0.0468692 0.00832276 0.00898499 0.0109195 0.00864591 0.0137194 0.0110523 0.0183274 0.00872837 0.0162493 0.0115891 0.00711833 0.0146226 0.00890039 0.00652646 0.0249714 0.00591662 0.00512366 0.00597209 0.00427788 0.00389928 0.00751794 0.00385093 0.00380081 0 0.00377473 
0.00984258 0.0456231 0.00827555 0.00974427 0.0137372 0.0120592 0.0231639 0.0200326 0.0221781 0.00912214 0.0155301 0.00911526 0.00902794 0.0179727 0.0102799 0.00768429 0.0167687 0.00696414 0.00793312 0.00938509 0.00602518 0.00505457 0.00587138 0.00470925 0.00462327 0.00431338 0.00377473 0 
