1GOUA
AVINTFDGVADYLIRYKRLPNDYITKSQASALGWVASKGDLAEVAPGKSIGGDVFSNREGRLPSAGSRTWREADINYVSGFRNADRLVYSSDWLIYKTTDHYATFTRIR
CCCCCHHHHHHHHHHHCCCCCCEECHHHHHHCCCCHHHCCHHHHCCCCEEEEEEECCCCCCCCCCCCCCEEEEECCCCCCCCCCCEEEEECCCCEEEECCCCCCCEECC
0 0 0 0 0 0 0 0 0 0 0 0 0 0 0 0 0 0 0 0 0 0 0 0 0 0 0 0 0 0 0 0 0 0 0 0 0 0 0 0 0 0 0 0 0 0 0 0 0 0 0 0 0 0 0 0 0 0 0 0 0 0 0 0 0 0 0 0 0 0 0 0 0 0 0 0 0 0 0 0 0 0 0 0 0 0 0 0 0 0 0 0 0 0 0 0 0 0 0 0 0 0 0 0 0 0 0 0 0 
0 0 0 0 0 0 0 0 0 0 0 0 0 0 0 0 0 0 0 0 0 0 0 0 0 0 0 0 0 0 0 0 0 0 0 0 0 0 0 0 0 0 0 0 0 0 0 0 0 0 0 0 0 0 0 0 0 0 0 0 0 0 0 0 0 0 0 0 0 0 0 0 0 0 0 0 0 0 0 0 0 0 0 0 0 0 0 0 0 0 0 0 0 0 0 0 0 0 0 0 0 0 0 0 0 0 0 0 0 
0 0.00845533 0.0744914 0.0134763 0.0139821 0.00955068 0.00926491 0.0144078 0.0142056 0.0100357 0.00959375 0.00915577 0.0107779 0.0160988 0.011454 0.00997676 0.00907 0.0107407 0.0129545 0.00925556 0.00868242 0.010025 0.011014 0.0100729 0.0116122 
0.00845533 0 0.0204738 0.0250724 0.0110826 0.0122854 0.0102228 0.0100331 0.0340905 0.027033 0.00895774 0.00882167 0.0131046 0.0100341 0.0151606 0.011105 0.00903067 0.010014 0.0107072 0.011651 0.0115353 0.00897681 0.0116126 0.0123255 0.00864533 
0.0744914 0.0204738 0 0.0043953 0.00375283 0.00380552 0.00389397 0.00518909 0.00744486 0.0184378 0.010724 0.0103525 0.0109316 0.0287409 0.0403275 0.0129227 0.0109883 0.0125716 0.0171881 0.0139131 0.00968537 0.0123647 0.0152993 0.0111864 0.0123444 
0.0134763 0.0250724 0.0043953 0 0.00375301 0.00376713 0.00407583 0.0038815 0.00428338 0.0115894 0.0124082 0.0106463 0.0346542 0.0132333 0.0178567 0.0414479 0.0169072 0.0162899 0.0109933 0.0103871 0.0186766 0.0103832 0.0108906 0.00896674 0.00885255 
0.0139821 0.0110826 0.00375283 0.00375301 0 0.00376448 0.00375366 0.00377248 0.00378354 0.00954277 0.0107441 0.0248315 0.0306811 0.0279625 0.0152825 0.0173096 0.0422486 0.0165142 0.0102594 0.00977616 0.0137974 0.014382 0.0094805 0.00907053 0.00856791 
0.00955068 0.0122854 0.00380552 0.00376713 0.00376448 0 0.00371328 0.00377714 0.00383369 0.00997487 0.0183425 0.0182961 0.0444321 0.0128309 0.0123063 0.0252191 0.0220049 0.0251459 0.00990466 0.00984167 0.0140451 0.0104508 0.0121199 0.00862048 0.00835351 
0.00926491 0.0102228 0.00389397 0.00407583 0.00375366 0.00371328 0 0.00393551 0.00377312 0.0146244 0.0119128 0.105441 0.0176468 0.0102922 0.0104927 0.0176112 0.0272497 0.0129931 0.00964477 0.00906526 0.0138018 0.0126378 0.00909025 0.00844236 0.0084699 
0.0144078 0.0100331 0.00518909 0.0038815 0.00377248 0.00377714 0.00393551 0 0.00393006 0.0117601 0.264065 0.0160896 0.0253509 0.0124768 0.0114649 0.0133476 0.0157623 0.0201227 0.0091084 0.00991839 0.013638 0.0145587 0.00872199 0.0099674 0.00855088 
0.0142056 0.0340905 0.00744486 0.00428338 0.00378354 0.00383369 0.00377312 0.00393006 0 0.384081 0.00954721 0.0121475 0.0163685 0.0506859 0.0163466 0.0129514 0.0107526 0.0119773 0.0178784 0.0248705 0.0117577 0.00884597 0.0171333 0.011885 0.0094232 
0.0100357 0.027033 0.0184378 0.0115894 0.00954277 0.00997487 0.0146244 0.0117601 0.384081 0 0.00416499 0.0038367 0.00390669 0.00461944 0.0123398 0.00975904 0.00854489 0.021661 0.887326 0.0103888 0.0115771 0.00939185 0.0602353 0.0106661 0.0133541 
0.00959375 0.00895774 0.010724 0.0124082 0.0107441 0.0183425 0.0119128 0.264065 0.00954721 0.00416499 0 0.00374646 0.0037764 0.00386418 0.0098615 0.0104393 0.012086 0.908416 0.00990184 0.00977124 0.0093754 0.0233327 0.00932726 0.0124656 0.00918568 
0.00915577 0.00882167 0.0103525 0.0106463 0.0248315 0.0182961 0.105441 0.0160896 0.0121475 0.0038367 0.00374646 0 0.00377778 0.0037529 0.0199214 0.011412 0.900145 0.0140272 0.00903283 0.00925031 0.0152441 0.0104114 0.00916462 0.00886227 0.0089017 
0.0107779 0.0131046 0.0109316 0.0346542 0.0306811 0.0444321 0.0176468 0.0253509 0.0163685 0.00390669 0.0037764 0.00377778 0 0.00378872 0.0105751 0.954709 0.0198095 0.0259908 0.0100116 0.0149826 0.0218126 0.0129743 0.011004 0.0109558 0.0132497 
0.0160988 0.0100341 0.0287409 0.0132333 0.0279625 0.0128309 0.0102922 0.0124768 0.0506859 0.00461944 0.00386418 0.0037529 0.00378872 0 0.875084 0.0115021 0.0241999 0.0225143 0.0217397 0.021333 0.0117324 0.0127061 0.0122328 0.0296149 0.0112889 
0.011454 0.0151606 0.0403275 0.0178567 0.0152825 0.0123063 0.0104927 0.0114649 0.0163466 0.0123398 0.0098615 0.0199214 0.0105751 0.875084 0 0.00390255 0.00381963 0.00400304 0.00455356 0.00835403 0.010716 0.0122977 0.904074 0.0158458 0.0193367 
0.00997676 0.011105 0.0129227 0.0414479 0.0173096 0.0252191 0.0176112 0.0133476 0.0129514 0.00975904 0.0104393 0.011412 0.954709 0.0115021 0.00390255 0 0.00381225 0.00404809 0.00390495 0.0158375 0.0110817 0.917283 0.0336147 0.0155313 0.011106 
0.00907 0.00903067 0.0109883 0.0169072 0.0422486 0.0220049 0.0272497 0.0157623 0.0107526 0.00854489 0.012086 0.900145 0.0198095 0.0241999 0.00381963 0.00381225 0 0.00379453 0.00378852 0.00513623 0.90088 0.0314908 0.0108196 0.00904984 0.00936879 
0.0107407 0.010014 0.0125716 0.0162899 0.0165142 0.0251459 0.0129931 0.0201227 0.0119773 0.021661 0.908416 0.0140272 0.0259908 0.0225143 0.00400304 0.00404809 0.00379453 0 0.00389513 0.850049 0.0273445 0.0215116 0.00881875 0.0150412 0.0175076 
0.0129545 0.0107072 0.0171881 0.0109933 0.0102594 0.00990466 0.00964477 0.0091084 0.0178784 0.887326 0.00990184 0.00903283 0.0100116 0.0217397 0.00455356 0.00390495 0.00378852 0.00389513 0 0.0308388 0.00747885 0.00512335 0.0105389 0.0138417 0.0100435 
0.00925556 0.011651 0.0139131 0.0103871 0.00977616 0.00984167 0.00906526 0.00991839 0.0248705 0.0103888 0.00977124 0.00925031 0.0149826 0.021333 0.00835403 0.0158375 0.00513623 0.850049 0.0308388 0 0.00379363 0.00390189 0.00432019 0.0123471 0.0354852 
0.00868242 0.0115353 0.00968537 0.0186766 0.0137974 0.0140451 0.0138018 0.013638 0.0117577 0.0115771 0.0093754 0.0152441 0.0218126 0.0117324 0.010716 0.0110817 0.90088 0.0273445 0.00747885 0.00379363 0 0.00380209 0.00383887 0.0185226 0.345064 
0.010025 0.00897681 0.0123647 0.0103832 0.014382 0.0104508 0.0126378 0.0145587 0.00884597 0.00939185 0.0233327 0.0104114 0.0129743 0.0127061 0.0122977 0.917283 0.0314908 0.0215116 0.00512335 0.00390189 0.00380209 0 0.00390237 0.425208 0.0220655 
0.011014 0.0116126 0.0152993 0.0108906 0.0094805 0.0121199 0.00909025 0.00872199 0.0171333 0.0602353 0.00932726 0.00916462 0.011004 0.0122328 0.904074 0.0336147 0.0108196 0.00881875 0.0105389 0.00432019 0.00383887 0.00390237 0 0.0251271 0.00808496 
0.0100729 0.0123255 0.0111864 0.00896674 0.00907053 0.00862048 0.00844236 0.0099674 0.011885 0.0106661 0.0124656 0.00886227 0.0109558 0.0296149 0.0158458 0.0155313 0.00904984 0.0150412 0.0138417 0.0123471 0.0185226 0.425208 0.0251271 0 0.00983423 
0.0116122 0.00864533 0.0123444 0.00885255 0.00856791 0.00835351 0.0084699 0.00855088 0.0094232 0.0133541 0.00918568 0.0089017 0.0132497 0.0112889 0.0193367 0.011106 0.00936879 0.0175076 0.0100435 0.0354852 0.345064 0.0220655 0.00808496 0.00983423 0 
