1GPWC
MLAKRIIACLNVKDGRVVKGTNFENLRDSGDPVELGKFYSEIGIDELVFLDITASVEKRKTMLELVEKVAEQIDIPFTVGGGIHDFETASELILRGADKVSINTAAVENPSLITQIAQTFGSQAVVVAIDAKRVDGEFMVFTYSGKKNTGILLRDWVVEVEKRGAGEILLTSIDRDGTKSGYDTEMIRFVRPLTTLPIIASGGAGKMEHFLEAFLAGADAALAASVFHFREIDVRELKEYLKKHGVNVRLEGL
CCCEEEEEEEEEECCEECCCCCCCCCCCECCHHHHHHHHHHHCCCEEEEEECCCCCCHHHHHHHHHHHHHCCCCCCEEEECCCCCHHHHHHHHHCCCCEEEECHHHHCCCHHHHHHHHHHCHHHEEEEEEEEEECCEEEEEECCCCEEEEEEHHHHHHHHHHCCCCEEEEEECCCCCCCCCCCHHHHHHHHHHCCCCEEEECCCCCHHHHHHHHHCCCCEEEECHHHHCCCCCHHHHHHHHHHCCCCECCCCC
0 0 0 0 0 0 0 0 0 0 0 0 0 0 0 0 0 0 0 0 0 0 0 0 0 0 0 0 0 0 0 0 0 0 0 0 0 0 0 0 0 0 0 0 0 0 0 0 0 0 0 0 0 0 0 0 0 0 0 0 0 0 0 0 0 0 0 0 0 0 0 0 0 0 0 0 0 0 0 0 0 0 0 0 0 0 0 0 0 0 0 0 0 0 0 0 0 0 0 0 0 0 0 0 0 0 0 0 0 0 0 0 0 0 0 0 0 0 0 0 0 0 0 0 0 0 0 0 0 0 0 0 0 0 0 0 0 0 0 0 0 0 0 0 0 0 0 0 0 0 0 0 0 0 0 0 0 0 0 0 0 0 0 0 0 0 0 0 0 0 0 0 0 0 0 0 0 0 0 0 0 0 0 0 0 0 0 0 0 0 0 0 0 0 0 0 0 0 0 0 0 0 0 0 0 0 0 0 0 0 0 0 0 0 0 0 0 0 0 0 0 0 0 0 0 0 0 0 0 0 0 0 0 0 0 0 0 0 0 0 0 0 0 0 0 0 0 0 0 0 0 0 0 
0 0 0 0 0 0 0 0 0 0 0 0 0 0 0 0 0 0 0 0 0 0 0 0 0 0 0 0 0 0 0 0 0 0 0 0 0 0 0 0 0 0 0 0 0 0 0 0 0 0 0 0 0 0 0 0 0 0 0 0 0 0 0 0 0 0 0 0 0 0 0 0 0 0 0 0 0 0 0 0 0 0 0 0 0 0 0 0 0 0 0 0 0 0 0 0 0 0 0 0 0 0 0 0 0 0 0 0 0 0 0 0 0 0 0 0 0 0 0 0 0 0 0 0 0 0 0 0 0 0 0 0 0 0 0 0 0 0 0 0 0 0 0 0 0 0 0 0 0 0 0 0 0 0 0 0 0 0 0 0 0 0 0 0 0 0 0 0 0 0 0 0 0 0 0 0 0 0 0 0 0 0 0 0 0 0 0 0 0 0 0 0 0 0 0 0 0 0 0 0 0 0 0 0 0 0 0 0 0 0 0 0 0 0 0 0 0 0 0 0 0 0 0 0 0 0 0 0 0 0 0 0 0 0 0 0 0 0 0 0 0 0 0 0 0 0 0 0 0 0 0 0 0 
0 0.00427225 0.00376153 0.00381767 0.0037791 0.00386547 0.00387043 0.00419755 0.00551422 0.0220189 0.0093685 0.0175326 0.0194548 0.0361198 0.0117539 0.0149777 0.0105969 0.0135332 0.0127311 0.0127992 0.00918707 0.00928905 0.0111706 0.0110452 0.00911035 0.00933626 0.0121704 0.00955626 0.00860324 0.00955816 0.00896734 0.00910624 0.00828851 0.00836367 0.00805272 0.00825993 0.00873499 0.00820973 0.00801204 0.00843343 0.00863692 0.00837202 0.00921809 0.00804632 0.00790336 0.00788163 0.00790365 0.0080727 0.00859711 0.0086448 0.00823306 0.00828535 0.00830278 0.00809879 0.0084303 0.00836558 0.00821648 0.00824474 0.00847947 0.00834583 0.00824167 0.00831138 0.0087566 0.00881056 
0.00427225 0 0.00393827 0.00379119 0.00387462 0.00391717 0.00398227 0.00385339 0.0115468 0.00521862 0.00788706 0.0101807 0.0122946 0.0381761 0.107926 0.0202676 0.0302414 0.0202279 0.0114042 0.0238723 0.0215703 0.013123 0.009393 0.0115682 0.018589 0.0150352 0.0104861 0.0101651 0.0114744 0.0139356 0.0150784 0.010925 0.00937582 0.00898785 0.00853894 0.0084668 0.00816766 0.00800136 0.00902315 0.00935284 0.0108968 0.00938569 0.00838604 0.00791531 0.00825911 0.00813968 0.00830518 0.00850309 0.00821212 0.00865014 0.00912173 0.00930942 0.00950325 0.00873284 0.00822064 0.00871898 0.00869979 0.00887682 0.00838818 0.00835095 0.00877197 0.00871466 0.00858913 0.00849032 
0.00376153 0.00393827 0 0.00639826 0.00376671 0.00377675 0.00375715 0.00379425 0.00392848 0.00437124 0.00632079 0.00843972 0.00925908 0.0356993 0.0691948 0.077811 0.0606676 0.0242402 0.0109997 0.019382 0.0280714 0.0200913 0.00960456 0.0119309 0.0284966 0.0185993 0.0103894 0.0106509 0.0142688 0.030805 0.0300362 0.0225713 0.0122915 0.0123176 0.00906687 0.00859607 0.00808966 0.00812352 0.00915379 0.0123607 0.0181719 0.0103384 0.00872399 0.00798046 0.00820879 0.00847005 0.00884613 0.00866502 0.00829667 0.00867662 0.00993686 0.0107953 0.0116531 0.00897737 0.0083624 0.0088981 0.00973302 0.00928455 0.00848701 0.00850742 0.00919685 0.00896491 0.00879925 0.00829769 
0.00381767 0.00379119 0.00639826 0 0.0037696 0.00380238 0.00378343 0.0037803 0.00456542 0.00383823 0.00561745 0.00711263 0.00862082 0.0382539 0.0608554 0.0895218 0.0678201 0.0243356 0.0124292 0.0237319 0.0351711 0.0207373 0.0101148 0.0123782 0.0250053 0.0311396 0.012597 0.0113649 0.0197942 0.0441672 0.0453059 0.0256183 0.0150334 0.0123884 0.00952519 0.00858551 0.00807093 0.0082655 0.00918269 0.0146418 0.0197972 0.0107608 0.00885998 0.00802631 0.00814916 0.00851175 0.00910617 0.00875586 0.00828442 0.00892695 0.0102181 0.0124868 0.0122601 0.00920511 0.0083224 0.00949168 0.0102394 0.00973779 0.00848686 0.00873939 0.00928324 0.00904926 0.00873158 0.00823296 
0.0037791 0.00387462 0.00376671 0.0037696 0 0.00374821 0.00370065 0.00376617 0.00373192 0.00386691 0.0047966 0.00800713 0.00828865 0.0231009 0.0698598 0.0655082 0.0577378 0.0266762 0.0128287 0.0165102 0.0258575 0.0194058 0.0100519 0.0110084 0.0211584 0.0247974 0.0128722 0.0104626 0.0153148 0.0301732 0.0343067 0.0228458 0.0141512 0.0119177 0.00903785 0.00839635 0.00803909 0.00809265 0.00916381 0.0120999 0.0173236 0.0103459 0.00856832 0.007959 0.00822454 0.00839907 0.00857973 0.00868222 0.00818641 0.00883375 0.00954036 0.0107322 0.0116723 0.00886874 0.00836335 0.00906896 0.00930618 0.00916569 0.00844877 0.00866356 0.00889575 0.00867108 0.0088554 0.00856426 
0.00386547 0.00391717 0.00377675 0.00380238 0.00374821 0 0.00374763 0.00377335 0.00377305 0.00380376 0.00448281 0.0062777 0.00891378 0.0282743 0.0250177 0.0812025 0.0283706 0.0241609 0.0132617 0.0132962 0.027562 0.0136735 0.0103972 0.00964948 0.0125399 0.0252477 0.0103113 0.010542 0.0141964 0.0227516 0.0284617 0.0185996 0.0144808 0.00984891 0.00914662 0.00820636 0.00797177 0.00807057 0.00860364 0.0126641 0.0150205 0.0105109 0.00866089 0.00790377 0.00812093 0.00829596 0.00862613 0.00847409 0.00818314 0.00859511 0.00918523 0.0116787 0.0097134 0.00869547 0.00818019 0.00864486 0.00891957 0.00874348 0.00826857 0.00839326 0.00865356 0.00868108 0.00833546 0.00805661 
0.00387043 0.00398227 0.00375715 0.00378343 0.00370065 0.00374763 0 0.00378545 0.00376345 0.00374355 0.00397792 0.0058537 0.00798974 0.0161403 0.0496936 0.0183335 0.103407 0.0137544 0.0106613 0.016107 0.0107859 0.0175763 0.00898954 0.00903339 0.0188685 0.0110271 0.0117092 0.00924457 0.0118233 0.0218628 0.0166293 0.0208899 0.00957251 0.0126044 0.00832877 0.00837582 0.00803211 0.0079436 0.0089675 0.0103222 0.0140205 0.00920747 0.00843755 0.00787611 0.00800277 0.00822298 0.00836249 0.00837006 0.00802507 0.00839158 0.00919619 0.00942206 0.00966707 0.00852738 0.00823291 0.00884529 0.00865767 0.0087585 0.00823437 0.00872785 0.00855996 0.00845393 0.00820634 0.00813969 
0.00419755 0.00385339 0.00379425 0.0037803 0.00376617 0.00377335 0.00378545 0 0.0037644 0.00384473 0.00501164 0.00858813 0.00965594 0.0166832 0.0111611 0.083645 0.0121182 0.0149057 0.00938793 0.00935916 0.0237375 0.00922151 0.00871634 0.0126657 0.00908684 0.0190914 0.00885096 0.00893445 0.0104306 0.0124403 0.0168705 0.00947078 0.0118191 0.00840946 0.00864208 0.00808077 0.00797915 0.0081713 0.0082483 0.0107828 0.00950781 0.00896114 0.00822021 0.00789722 0.00803916 0.00812131 0.0082555 0.00822801 0.00817299 0.00829933 0.00845729 0.00933939 0.00881525 0.00835495 0.00803139 0.00824714 0.00916837 0.00845559 0.008036 0.00815271 0.00858896 0.00846378 0.00823556 0.00805942 
0.00551422 0.0115468 0.00392848 0.00456542 0.00373192 0.00377305 0.00376345 0.0037644 0 0.00384196 0.00418659 0.96078 0.00914539 0.0100754 0.0585921 0.00909717 0.0210181 0.0136278 0.00991054 0.0171288 0.00921039 0.0137833 0.00857814 0.00882612 0.0150455 0.00854595 0.0100244 0.0097988 0.00972207 0.0118522 0.0110286 0.00977054 0.00830992 0.00904762 0.00807358 0.00799729 0.00797428 0.00795698 0.00901819 0.00842964 0.00915642 0.0081996 0.00821772 0.00786215 0.00796886 0.00800118 0.00807315 0.00815239 0.00794369 0.00802588 0.00895072 0.00841256 0.00859949 0.0082054 0.00811393 0.00836029 0.0082917 0.0082485 0.00803937 0.00825951 0.00833915 0.00828782 0.00814301 0.00854343 
0.0220189 0.00521862 0.00437124 0.00383823 0.00386691 0.00380376 0.00374355 0.00384473 0.00384196 0 0.981494 0.00530381 0.0104612 0.0211291 0.00950851 0.0120826 0.0091578 0.0106631 0.0100529 0.0110371 0.00899844 0.00831368 0.00900251 0.00984718 0.00847073 0.00955642 0.00853184 0.00985055 0.00838093 0.00838373 0.00839313 0.00807791 0.00808553 0.00798965 0.00794535 0.00791281 0.00791353 0.00848778 0.00802455 0.008199 0.0081071 0.00804078 0.00822409 0.00800951 0.00796635 0.00786431 0.00792518 0.0079412 0.00802606 0.00845748 0.00814069 0.00812684 0.00809919 0.00798167 0.00797189 0.0081245 0.00795295 0.00799523 0.0079823 0.0081284 0.0080003 0.00792892 0.00816538 0.00862272 
0.0093685 0.00788706 0.00632079 0.00561745 0.0047966 0.00448281 0.00397792 0.00501164 0.00418659 0.981494 0 0.00708421 0.0291811 0.0196258 0.0103017 0.0109186 0.00943904 0.0109165 0.0116709 0.00930466 0.00970211 0.00905963 0.00965593 0.00952665 0.00842492 0.00929127 0.0099248 0.00849639 0.00830105 0.00840031 0.00839467 0.00814195 0.00820793 0.00792044 0.00797569 0.00805199 0.00835787 0.00815544 0.0078385 0.00799886 0.00812074 0.00819608 0.00867748 0.00797674 0.00785285 0.00781421 0.00790141 0.00797664 0.00844739 0.00825928 0.00798818 0.00812963 0.0080275 0.00800821 0.00831102 0.00807406 0.00800149 0.00806338 0.00824259 0.00803444 0.00812501 0.00812251 0.00843195 0.0086243 
0.0175326 0.0101807 0.00843972 0.00711263 0.00800713 0.0062777 0.0058537 0.00858813 0.96078 0.00530381 0.00708421 0 0.219168 0.0170896 0.0234781 0.0106889 0.0135864 0.0160815 0.0126444 0.0207197 0.00909445 0.0102868 0.00960517 0.010067 0.0103973 0.00937437 0.0101824 0.00995267 0.00851628 0.00940853 0.00910619 0.00845619 0.00817598 0.00821665 0.00797476 0.00801168 0.00808924 0.00834735 0.00804893 0.00816644 0.00830525 0.00832486 0.00873595 0.00811538 0.00790804 0.0081443 0.00805933 0.0080094 0.00807045 0.00835839 0.00821209 0.00819232 0.00820873 0.00813006 0.00811326 0.0089927 0.00814763 0.00823467 0.00821802 0.00829484 0.00824689 0.00831792 0.00831118 0.00869829 
0.0194548 0.0122946 0.00925908 0.00862082 0.00828865 0.00891378 0.00798974 0.00965594 0.00914539 0.0104612 0.0291811 0.219168 0 0.0217937 0.00955646 0.00925835 0.00863456 0.0105284 0.0148838 0.0119666 0.00861962 0.00853491 0.0113966 0.0102631 0.00902945 0.00850668 0.0113433 0.00925974 0.00811746 0.00805054 0.00803992 0.00795724 0.00789785 0.00787617 0.00786765 0.00817435 0.00861892 0.00884255 0.00788735 0.0078519 0.00783494 0.00795695 0.00915898 0.00840608 0.0078796 0.00790759 0.00783803 0.00790403 0.0089927 0.00846924 0.00787524 0.00787952 0.00785968 0.00793428 0.00845172 0.00824812 0.00784036 0.00789222 0.00820573 0.00819629 0.00791008 0.0079092 0.00861487 0.0107386 
0.0361198 0.0381761 0.0356993 0.0382539 0.0231009 0.0282743 0.0161403 0.0166832 0.0100754 0.0211291 0.0196258 0.0170896 0.0217937 0 0.00423195 0.00382299 0.00385161 0.00380196 0.00493278 0.123638 0.0419935 0.0131873 0.018273 0.0307366 0.0184825 0.0202478 0.0226218 0.0216112 0.0132154 0.0171389 0.0175245 0.0108986 0.010958 0.00894453 0.00885264 0.00848816 0.00941604 0.0089624 0.00896521 0.0108702 0.0100045 0.0104863 0.0115905 0.00824624 0.0080648 0.00802146 0.00824195 0.00894384 0.0120714 0.00974992 0.00895141 0.00987612 0.0092068 0.0088122 0.00934045 0.00910224 0.00871667 0.00866838 0.00913749 0.00870744 0.00848146 0.00864352 0.00963691 0.00879687 
0.0117539 0.107926 0.0691948 0.0608554 0.0698598 0.0250177 0.0496936 0.0111611 0.0585921 0.00950851 0.0103017 0.0234781 0.00955646 0.00423195 0 0.00379383 0.00378083 0.00410717 0.00396279 0.355608 0.0441618 0.0479143 0.0104106 0.0150413 0.105592 0.0182649 0.0199395 0.0188991 0.025773 0.0535367 0.028985 0.0406402 0.0104569 0.0198284 0.00881707 0.0109718 0.00868597 0.00823159 0.0145473 0.0123195 0.0255964 0.0130759 0.00955674 0.00811126 0.00838512 0.00852183 0.00926613 0.0103901 0.00850843 0.00877659 0.012796 0.0117668 0.0135956 0.00992045 0.0087498 0.00927466 0.00950663 0.010633 0.0084497 0.00849657 0.00923372 0.00911442 0.00879657 0.00826347 
0.0149777 0.0202676 0.077811 0.0895218 0.0655082 0.0812025 0.0183335 0.083645 0.00909717 0.0120826 0.0109186 0.0106889 0.00925835 0.00382299 0.00379383 0 0.00379935 0.00379824 0.00385436 0.0405476 0.322071 0.0172258 0.0112444 0.0140871 0.0212192 0.0516291 0.0111861 0.0123463 0.0264681 0.0488035 0.0783648 0.0237813 0.0387053 0.0102192 0.0129844 0.00858982 0.00823721 0.00854908 0.00913831 0.028941 0.0328013 0.0136905 0.0088489 0.00805434 0.00839824 0.00848537 0.0113037 0.00876739 0.00838754 0.00933833 0.0101638 0.0193324 0.0139787 0.00923558 0.00838332 0.00891449 0.00983114 0.00919431 0.00841117 0.00854691 0.00939032 0.00888772 0.00846995 0.00802128 
0.0105969 0.0302414 0.0606676 0.0678201 0.0577378 0.0283706 0.103407 0.0121182 0.0210181 0.0091578 0.00943904 0.0135864 0.00863456 0.00385161 0.00378083 0.00379935 0 0.00376887 0.003777 0.097557 0.0382655 0.162787 0.0113574 0.011447 0.047616 0.0178424 0.0162898 0.0139039 0.0208749 0.0688591 0.0403178 0.0517018 0.0126178 0.0205739 0.00942669 0.0087081 0.00838907 0.00821399 0.0118553 0.0189664 0.0306106 0.0118969 0.00921506 0.0081384 0.00823543 0.0096862 0.00932147 0.00903062 0.0087101 0.00887025 0.0116464 0.0136529 0.0167773 0.00922388 0.00863836 0.00914675 0.0092855 0.00970748 0.00848486 0.00897273 0.00904815 0.0089439 0.00853018 0.00824435 
0.0135332 0.0202279 0.0242402 0.0243356 0.0266762 0.0241609 0.0137544 0.0149057 0.0136278 0.0106631 0.0109165 0.0160815 0.0105284 0.00380196 0.00410717 0.00379824 0.00376887 0 0.00384755 0.0149125 0.0874694 0.0712701 0.090415 0.0120031 0.0181863 0.0414928 0.0162221 0.0112259 0.0188269 0.0192823 0.02746 0.0140298 0.0131361 0.00928136 0.00882758 0.00854549 0.00816725 0.00907116 0.0103195 0.0119599 0.01528 0.0121394 0.00874956 0.00825503 0.00845223 0.00817613 0.00853004 0.00892401 0.00831102 0.00970675 0.0106608 0.0108814 0.0106106 0.00922091 0.00814633 0.0089499 0.00922825 0.00913373 0.00824165 0.00853718 0.00874499 0.00855444 0.00826489 0.00805616 
0.0127311 0.0114042 0.0109997 0.0124292 0.0128287 0.0132617 0.0106613 0.00938793 0.00991054 0.0100529 0.0116709 0.0126444 0.0148838 0.00493278 0.00396279 0.00385436 0.003777 0.00384755 0 0.0189948 0.015006 0.0882405 0.10297 0.0164284 0.0112719 0.0130368 0.0231635 0.0150011 0.0104185 0.0124227 0.0122752 0.00988174 0.00935947 0.00869002 0.0083473 0.00816926 0.00832926 0.00908971 0.00846589 0.00916234 0.0093574 0.00896968 0.00998306 0.00840647 0.00813459 0.00825257 0.00825167 0.00843476 0.0088394 0.00949326 0.00879295 0.00920431 0.0088744 0.00837879 0.00853344 0.00933264 0.00853753 0.00833309 0.00863135 0.00838512 0.00861082 0.00819738 0.00843224 0.00847646 
0.0127992 0.0238723 0.019382 0.0237319 0.0165102 0.0132962 0.016107 0.00935916 0.0171288 0.0110371 0.00930466 0.0207197 0.0119666 0.123638 0.355608 0.0405476 0.097557 0.0149125 0.0189948 0 0.00386122 0.00384226 0.00608064 0.074574 0.107994 0.0128324 0.0891532 0.0276074 0.0204134 0.0319482 0.016697 0.0252277 0.0104043 0.0141621 0.00931248 0.00988265 0.0170029 0.00915953 0.0134372 0.0112992 0.0163148 0.0112391 0.0225325 0.00910925 0.00877588 0.00920538 0.00870295 0.00986613 0.0146476 0.0117177 0.0158784 0.0103124 0.0118763 0.00959592 0.0136959 0.0140802 0.0101745 0.0100922 0.010375 0.0106856 0.00893447 0.00890123 0.0119213 0.0100807 
0.00918707 0.0215703 0.0280714 0.0351711 0.0258575 0.027562 0.0107859 0.0237375 0.00921039 0.00899844 0.00970211 0.00909445 0.00861962 0.0419935 0.0441618 0.322071 0.0382655 0.0874694 0.015006 0.00386122 0 0.0038551 0.00381923 0.293986 0.028252 0.239651 0.0118765 0.0178233 0.0392288 0.0353038 0.0699313 0.0164574 0.0284342 0.0101066 0.0126043 0.010528 0.00841128 0.00913231 0.00954648 0.0257396 0.0223055 0.022211 0.00988069 0.00828682 0.00892169 0.00843156 0.010592 0.00997839 0.0093077 0.0112007 0.0114275 0.0234498 0.0137937 0.0128059 0.00897954 0.00990342 0.0121217 0.0108966 0.00903024 0.00874053 0.00951554 0.00947015 0.00934279 0.00811216 
0.00928905 0.013123 0.0200913 0.0207373 0.0194058 0.0136735 0.0175763 0.00922151 0.0137833 0.00831368 0.00905963 0.0102868 0.00853491 0.0131873 0.0479143 0.0172258 0.162787 0.0712701 0.0882405 0.00384226 0.0038551 0 0.00387884 0.0105582 0.480676 0.0414022 0.0477301 0.0142039 0.020485 0.0430665 0.0207523 0.037983 0.0107842 0.013024 0.00906691 0.00939205 0.00867003 0.00881502 0.0126389 0.0111379 0.0244448 0.0182085 0.0101156 0.00849759 0.00851047 0.00868283 0.0089729 0.0121245 0.00927856 0.00983266 0.013366 0.0109035 0.0187298 0.0110347 0.0086323 0.0106062 0.00988842 0.0119791 0.0084665 0.00934017 0.00924034 0.00977655 0.00858891 0.00808763 
0.0111706 0.009393 0.00960456 0.0101148 0.0100519 0.0103972 0.00898954 0.00871634 0.00857814 0.00900251 0.00965593 0.00960517 0.0113966 0.018273 0.0104106 0.0112444 0.0113574 0.090415 0.10297 0.00608064 0.00381923 0.00387884 0 0.0535172 0.012784 0.189458 0.0971247 0.0171266 0.0122733 0.0136728 0.0133545 0.0110533 0.0109528 0.00903882 0.00870933 0.00842331 0.00863926 0.0115899 0.00944919 0.00992973 0.0100955 0.00990867 0.0136568 0.00907336 0.00841899 0.0083156 0.00850171 0.00850559 0.00928596 0.0117203 0.00980452 0.00928611 0.00937051 0.0089315 0.0090547 0.0123554 0.00914997 0.00857054 0.00948902 0.00903145 0.00838113 0.00826334 0.0092838 0.00845858 
0.0110452 0.0115682 0.0119309 0.0123782 0.0110084 0.00964948 0.00903339 0.0126657 0.00882612 0.00984718 0.00952665 0.010067 0.0102631 0.0307366 0.0150413 0.0140871 0.011447 0.0120031 0.0164284 0.074574 0.293986 0.0105582 0.0535172 0 0.00434877 0.00383324 0.00476895 0.111125 0.0427488 0.0255551 0.0256996 0.012196 0.0143506 0.0098507 0.0107599 0.0101169 0.0150215 0.0169053 0.0118225 0.0141603 0.0118649 0.013542 0.0184272 0.0111036 0.00929421 0.0088843 0.00910477 0.0105567 0.018812 0.0175491 0.0143075 0.0119932 0.0106149 0.0104098 0.0130414 0.0122464 0.0104403 0.0091924 0.0116126 0.00998893 0.00891421 0.00898498 0.0123444 0.0091594 
0.00911035 0.018589 0.0284966 0.0250053 0.0211584 0.0125399 0.0188685 0.00908684 0.0150455 0.00847073 0.00842492 0.0103973 0.00902945 0.0184825 0.105592 0.0212192 0.047616 0.0181863 0.0112719 0.107994 0.028252 0.480676 0.012784 0.00434877 0 0.00507532 0.00381784 0.239269 0.0944012 0.156602 0.0311818 0.0651735 0.0108177 0.0270358 0.00956973 0.0191265 0.011518 0.00913509 0.0600451 0.0172584 0.0554667 0.01698 0.0116678 0.00939722 0.00998549 0.0125936 0.0108734 0.0156459 0.0101858 0.0124705 0.051985 0.0187333 0.0316354 0.012743 0.0098573 0.0189138 0.0141749 0.0184922 0.00900354 0.0110817 0.0113748 0.011234 0.00949869 0.00872511 
0.00933626 0.0150352 0.0185993 0.0311396 0.0247974 0.0252477 0.0110271 0.0190914 0.00854595 0.00955642 0.00929127 0.00937437 0.00850668 0.0202478 0.0182649 0.0516291 0.0178424 0.0414928 0.0130368 0.0128324 0.239651 0.0414022 0.189458 0.00383324 0.00507532 0 0.00395365 0.0195486 0.274287 0.0616723 0.174869 0.0232151 0.061388 0.011311 0.0220189 0.0152631 0.00894469 0.0121366 0.0128754 0.0535562 0.0316568 0.0555424 0.0115718 0.00924616 0.0119626 0.00922099 0.0135629 0.0182381 0.0104552 0.0146304 0.0184735 0.0542573 0.0286799 0.03001 0.0099103 0.0127069 0.0278297 0.0174362 0.0112135 0.00957459 0.0141346 0.0135079 0.0108971 0.00811641 
0.0121704 0.0104861 0.0103894 0.012597 0.0128722 0.0103113 0.0117092 0.00885096 0.0100244 0.00853184 0.0099248 0.0101824 0.0113433 0.0226218 0.0199395 0.0111861 0.0162898 0.0162221 0.0231635 0.0891532 0.0118765 0.0477301 0.0971247 0.00476895 0.00381784 0.00395365 0 0.025462 0.0165566 0.121787 0.0298088 0.0674695 0.0155801 0.0243563 0.0101169 0.0127082 0.021643 0.0123602 0.0169452 0.0139252 0.0211875 0.0195283 0.0439412 0.0134817 0.00898805 0.0100825 0.00938033 0.0127933 0.0167261 0.0218171 0.0152675 0.0119232 0.01911 0.0139774 0.0140592 0.0259258 0.011103 0.0141933 0.0161867 0.0168667 0.00975193 0.0103405 0.0125153 0.00994257 
0.00955626 0.0101651 0.0106509 0.0113649 0.0104626 0.010542 0.00924457 0.00893445 0.0097988 0.00985055 0.00849639 0.00995267 0.00925974 0.0216112 0.0188991 0.0123463 0.0139039 0.0112259 0.0150011 0.0276074 0.0178233 0.0142039 0.0171266 0.111125 0.239269 0.0195486 0.025462 0 0.00382405 0.00387252 0.0038482 0.00386573 0.00381463 0.00388089 0.00391256 0.00493947 0.00797247 0.00568877 0.00742028 0.0071337 0.00951386 0.00849275 0.024978 0.0124089 0.00958731 0.0104429 0.010104 0.0150181 0.0334821 0.027715 0.0341463 0.0172826 0.0166487 0.0140882 0.0249852 0.0265235 0.0245338 0.012163 0.0160291 0.014581 0.0134691 0.0110054 0.0177831 0.0100188 
0.00860324 0.0114744 0.0142688 0.0197942 0.0153148 0.0141964 0.0118233 0.0104306 0.00972207 0.00838093 0.00830105 0.00851628 0.00811746 0.0132154 0.025773 0.0264681 0.0208749 0.0188269 0.0104185 0.0204134 0.0392288 0.020485 0.0122733 0.0427488 0.0944012 0.274287 0.0165566 0.00382405 0 0.00379307 0.0037784 0.00384967 0.00380861 0.00407028 0.0038819 0.00435325 0.00473864 0.00588482 0.00842026 0.00845329 0.0125381 0.023481 0.0101686 0.00949044 0.0152395 0.0129687 0.0146813 0.0158944 0.0112978 0.0372305 0.0414764 0.0532108 0.0276203 0.0272814 0.0111582 0.0237614 0.0296386 0.02442 0.0116926 0.013544 0.0203899 0.0169808 0.0109541 0.00856402 
0.00955816 0.0139356 0.030805 0.0441672 0.0301732 0.0227516 0.0218628 0.0124403 0.0118522 0.00838373 0.00840031 0.00940853 0.00805054 0.0171389 0.0535367 0.0488035 0.0688591 0.0192823 0.0124227 0.0319482 0.0353038 0.0430665 0.0136728 0.0255551 0.156602 0.0616723 0.121787 0.00387252 0.00379307 0 0.00380073 0.00382334 0.00375013 0.0037775 0.00406362 0.00389677 0.00451197 0.00622585 0.0112303 0.0104203 0.0350414 0.0116938 0.0119713 0.0126337 0.0184001 0.0173074 0.0160867 0.0142039 0.0110029 0.0205333 0.126666 0.0658084 0.164772 0.0224355 0.0132704 0.0366808 0.0486094 0.0427101 0.0162187 0.0202437 0.0315973 0.0309093 0.0148602 0.00898832 
0.00896734 0.0150784 0.0300362 0.0453059 0.0343067 0.0284617 0.0166293 0.0168705 0.0110286 0.00839313 0.00839467 0.00910619 0.00803992 0.0175245 0.028985 0.0783648 0.0403178 0.02746 0.0122752 0.016697 0.0699313 0.0207523 0.0133545 0.0256996 0.0311818 0.174869 0.0298088 0.0038482 0.0037784 0.00380073 0 0.00376007 0.00376331 0.00375486 0.00382103 0.00384742 0.00411214 0.00698538 0.00777406 0.0301999 0.0186022 0.01523 0.0522813 0.0158255 0.0150957 0.0122231 0.0174358 0.0129997 0.0113858 0.0266167 0.0326343 0.275801 0.0586889 0.0408796 0.011777 0.0252326 0.0693573 0.0366007 0.0179809 0.0143221 0.0380367 0.0259805 0.0133711 0.00845567 
0.00910624 0.010925 0.0225713 0.0256183 0.0228458 0.0185996 0.0208899 0.00947078 0.00977054 0.00807791 0.00814195 0.00845619 0.00795724 0.0108986 0.0406402 0.0237813 0.0517018 0.0140298 0.00988174 0.0252277 0.0164574 0.037983 0.0110533 0.012196 0.0651735 0.0232151 0.0674695 0.00386573 0.00384967 0.00382334 0.00376007 0 0.00374853 0.00375121 0.00375265 0.00375748 0.00475705 0.00494112 0.0214221 0.00868349 0.0162463 0.0226902 0.397369 0.0101961 0.00858929 0.0103275 0.0100208 0.0118433 0.0109519 0.0146523 0.0749636 0.033284 0.208557 0.0152759 0.0111155 0.0223004 0.0258617 0.0452243 0.0114576 0.0152508 0.0188483 0.0230729 0.012395 0.0085999 
0.00828851 0.00937582 0.0122915 0.0150334 0.0141512 0.0144808 0.00957251 0.0118191 0.00830992 0.00808553 0.00820793 0.00817598 0.00789785 0.010958 0.0104569 0.0387053 0.0126178 0.0131361 0.00935947 0.0104043 0.0284342 0.0107842 0.0109528 0.0143506 0.0108177 0.061388 0.0155801 0.00381463 0.00380861 0.00375013 0.00376331 0.00374853 0 0.00370191 0.00374711 0.00379712 0.00377951 0.0110543 0.00615826 0.0105121 0.012651 0.814672 0.0107569 0.00731193 0.00820416 0.0078106 0.0108197 0.00855636 0.00881562 0.0141541 0.011428 0.0651337 0.017821 0.044203 0.00953304 0.0122687 0.0223511 0.015702 0.0132954 0.00956195 0.0147383 0.0119918 0.0112148 0.00801389 
0.00836367 0.00898785 0.0123176 0.0123884 0.0119177 0.00984891 0.0126044 0.00840946 0.00904762 0.00798965 0.00792044 0.00821665 0.00787617 0.00894453 0.0198284 0.0102192 0.0205739 0.00928136 0.00869002 0.0141621 0.0101066 0.013024 0.00903882 0.0098507 0.0270358 0.011311 0.0243563 0.00388089 0.00407028 0.0037775 0.00375486 0.00375121 0.00370191 0 0.00374797 0.0037555 0.00383725 0.00425156 0.010183 0.00809981 0.964472 0.0107285 0.00674995 0.00711732 0.00752603 0.00967475 0.0082145 0.00840297 0.00802061 0.0104089 0.0279012 0.0134668 0.041489 0.00992271 0.0102305 0.0130972 0.0119626 0.0143087 0.00894301 0.0103488 0.00991372 0.0110212 0.00974889 0.00842939 
0.00805272 0.00853894 0.00906687 0.00952519 0.00903785 0.00914662 0.00832877 0.00864208 0.00807358 0.00794535 0.00797569 0.00797476 0.00786765 0.00885264 0.00881707 0.0129844 0.00942669 0.00882758 0.0083473 0.00931248 0.0126043 0.00906691 0.00870933 0.0107599 0.00956973 0.0220189 0.0101169 0.00391256 0.0038819 0.00406362 0.00382103 0.00375265 0.00374711 0.00374797 0 0.00380485 0.00375683 0.00741776 0.00604315 0.973508 0.0111759 0.00680707 0.00569414 0.00688058 0.00751941 0.00726898 0.00819459 0.00784137 0.00732877 0.0113874 0.00995937 0.0252403 0.0110832 0.0105147 0.00858189 0.0101355 0.0113149 0.00959154 0.00863082 0.00852581 0.00954158 0.00901606 0.00919132 0.00802009 
0.00825993 0.0084668 0.00859607 0.00858551 0.00839635 0.00820636 0.00837582 0.00808077 0.00799729 0.00791281 0.00805199 0.00801168 0.00817435 0.00848816 0.0109718 0.00858982 0.0087081 0.00854549 0.00816926 0.00988265 0.010528 0.00939205 0.00842331 0.0101169 0.0191265 0.0152631 0.0127082 0.00493947 0.00435325 0.00389677 0.00384742 0.00375748 0.00379712 0.0037555 0.00380485 0 0.00403092 0.00434371 0.99616 0.00522166 0.0077444 0.00584721 0.00516496 0.00752037 0.00783943 0.00738983 0.00790559 0.00756089 0.00720819 0.0101281 0.0157444 0.0105108 0.0113368 0.00970766 0.00876155 0.0103542 0.0111798 0.0100372 0.008564 0.00862395 0.00959275 0.00874806 0.0089146 0.00802679 
0.00873499 0.00816766 0.00808966 0.00807093 0.00803909 0.00797177 0.00803211 0.00797915 0.00797428 0.00791353 0.00835787 0.00808924 0.00861892 0.00941604 0.00868597 0.00823721 0.00838907 0.00816725 0.00832926 0.0170029 0.00841128 0.00867003 0.00863926 0.0150215 0.011518 0.00894469 0.021643 0.00797247 0.00473864 0.00451197 0.00411214 0.00475705 0.00377951 0.00383725 0.00375683 0.00403092 0 0.99887 0.00745922 0.00413743 0.00404038 0.00452976 0.00509299 0.00929946 0.00704939 0.00686247 0.00755401 0.00688912 0.0074185 0.0167478 0.0102265 0.00886288 0.00918399 0.00891765 0.00932071 0.0139707 0.00854752 0.0084748 0.00860729 0.0106347 0.00836833 0.00822788 0.00910896 0.00871032 
0.00820973 0.00800136 0.00812352 0.0082655 0.00809265 0.00807057 0.0079436 0.0081713 0.00795698 0.00848778 0.00815544 0.00834735 0.00884255 0.0089624 0.00823159 0.00854908 0.00821399 0.00907116 0.00908971 0.00915953 0.00913231 0.00881502 0.0115899 0.0169053 0.00913509 0.0121366 0.0123602 0.00568877 0.00588482 0.00622585 0.00698538 0.00494112 0.0110543 0.00425156 0.00741776 0.00434371 0.99887 0 0.00384496 0.0037654 0.00379334 0.00401673 0.00445903 0.00601598 0.00582513 0.00601176 0.00641144 0.00966285 0.253118 0.0141789 0.00915158 0.00972858 0.0088446 0.0112718 0.013546 0.0106499 0.00940229 0.00904029 0.0128866 0.00888998 0.00847316 0.00867401 0.0125327 0.00901782 
0.00801204 0.00902315 0.00915379 0.00918269 0.00916381 0.00860364 0.0089675 0.0082483 0.00901819 0.00802455 0.0078385 0.00804893 0.00788735 0.00896521 0.0145473 0.00913831 0.0118553 0.0103195 0.00846589 0.0134372 0.00954648 0.0126389 0.00944919 0.0118225 0.0600451 0.0128754 0.0169452 0.00742028 0.00842026 0.0112303 0.00777406 0.0214221 0.00615826 0.010183 0.00604315 0.99616 0.00745922 0.00384496 0 0.00375781 0.00374736 0.00421288 0.00399211 0.00537362 0.00566842 0.00603316 0.0108769 0.157421 0.0465472 0.0118992 0.029122 0.0102535 0.0192082 0.0137773 0.0110427 0.0148792 0.0130676 0.0166209 0.00921612 0.0121689 0.011268 0.0103816 0.0101975 0.0084626 
0.00843343 0.00935284 0.0123607 0.0146418 0.0120999 0.0126641 0.0103222 0.0107828 0.00842964 0.008199 0.00799886 0.00816644 0.0078519 0.0108702 0.0123195 0.028941 0.0189664 0.0119599 0.00916234 0.0112992 0.0257396 0.0111379 0.00992973 0.0141603 0.0172584 0.0535562 0.0139252 0.0071337 0.00845329 0.0104203 0.0301999 0.00868349 0.0105121 0.00809981 0.973508 0.00522166 0.00413743 0.0037654 0.00375781 0 0.00374474 0.0037655 0.00386516 0.00478567 0.00619439 0.00891749 0.162498 0.0623673 0.0426675 0.0146094 0.0153867 0.067529 0.0282731 0.0192643 0.0094819 0.0147224 0.0334448 0.0158053 0.0121219 0.010412 0.0202039 0.0156029 0.0105003 0.00815662 
0.00863692 0.0108968 0.0181719 0.0197972 0.0173236 0.0150205 0.0140205 0.00950781 0.00915642 0.0081071 0.00812074 0.00830525 0.00783494 0.0100045 0.0255964 0.0328013 0.0306106 0.01528 0.0093574 0.0163148 0.0223055 0.0244448 0.0100955 0.0118649 0.0554667 0.0316568 0.0211875 0.00951386 0.0125381 0.0350414 0.0186022 0.0162463 0.012651 0.964472 0.0111759 0.0077444 0.00404038 0.00379334 0.00374736 0.00374474 0 0.00375791 0.00378367 0.00474938 0.0223367 0.242395 0.0681871 0.00822759 0.00661629 0.0133341 0.0379618 0.0452392 0.0812786 0.016741 0.0109089 0.0222777 0.0371781 0.0391645 0.0117315 0.0158624 0.0273472 0.0278324 0.0120238 0.00836506 
0.00837202 0.00938569 0.0103384 0.0107608 0.0103459 0.0105109 0.00920747 0.00896114 0.0081996 0.00804078 0.00819608 0.00832486 0.00795695 0.0104863 0.0130759 0.0136905 0.0118969 0.0121394 0.00896968 0.0112391 0.022211 0.0182085 0.00990867 0.013542 0.01698 0.0555424 0.0195283 0.00849275 0.023481 0.0116938 0.01523 0.0226902 0.814672 0.0107285 0.00680707 0.00584721 0.00452976 0.00401673 0.00421288 0.0037655 0.00375791 0 0.00380111 0.0190714 0.834512 0.00683399 0.0101084 0.00812575 0.00635027 0.0141352 0.0283828 0.0268529 0.0198298 0.0302903 0.0112384 0.0149227 0.0279122 0.0395639 0.0158474 0.0104666 0.0189252 0.0200343 0.0121239 0.00839162 
0.00921809 0.00838604 0.00872399 0.00885998 0.00856832 0.00866089 0.00843755 0.00822021 0.00821772 0.00822409 0.00867748 0.00873595 0.00915898 0.0115905 0.00955674 0.0088489 0.00921506 0.00874956 0.00998306 0.0225325 0.00988069 0.0101156 0.0136568 0.0184272 0.0116678 0.0115718 0.0439412 0.024978 0.0101686 0.0119713 0.0522813 0.397369 0.0107569 0.00674995 0.00569414 0.00516496 0.00509299 0.00445903 0.00399211 0.00386516 0.00378367 0.00380111 0 0.910269 0.00498954 0.00522122 0.00508715 0.00525607 0.00744623 0.0187247 0.0133887 0.0106888 0.0131689 0.0111384 0.0201016 0.0249181 0.010884 0.0141186 0.0205441 0.0158269 0.010312 0.0105924 0.0163396 0.0103718 
0.00804632 0.00791531 0.00798046 0.00802631 0.007959 0.00790377 0.00787611 0.00789722 0.00786215 0.00800951 0.00797674 0.00811538 0.00840608 0.00824624 0.00811126 0.00805434 0.0081384 0.00825503 0.00840647 0.00910925 0.00828682 0.00849759 0.00907336 0.0111036 0.00939722 0.00924616 0.0134817 0.0124089 0.00949044 0.0126337 0.0158255 0.0101961 0.00731193 0.00711732 0.00688058 0.00752037 0.00929946 0.00601598 0.00537362 0.00478567 0.00474938 0.0190714 0.910269 0 0.0047677 0.00374375 0.00376894 0.00394134 0.00496236 0.0128187 0.00958786 0.0092233 0.00912859 0.0127414 0.0153095 0.01183 0.00928646 0.00895752 0.0100923 0.00924226 0.00839832 0.0085547 0.0109385 0.00893989 
0.00790336 0.00825911 0.00820879 0.00814916 0.00822454 0.00812093 0.00800277 0.00803916 0.00796886 0.00796635 0.00785285 0.00790804 0.0078796 0.0080648 0.00838512 0.00839824 0.00823543 0.00845223 0.00813459 0.00877588 0.00892169 0.00851047 0.00841899 0.00929421 0.00998549 0.0119626 0.00898805 0.00958731 0.0152395 0.0184001 0.0150957 0.00858929 0.00820416 0.00752603 0.00751941 0.00783943 0.00704939 0.00582513 0.00566842 0.00619439 0.0223367 0.834512 0.00498954 0.0047677 0 0.00376159 0.00374719 0.00384101 0.00382874 0.00999125 0.0120254 0.0100625 0.0108453 0.0241003 0.00897318 0.0103235 0.0100841 0.00922478 0.0087206 0.00897262 0.00941381 0.00887977 0.00886115 0.0080925 
0.00788163 0.00813968 0.00847005 0.00851175 0.00839907 0.00829596 0.00822298 0.00812131 0.00800118 0.00786431 0.00781421 0.0081443 0.00790759 0.00802146 0.00852183 0.00848537 0.0096862 0.00817613 0.00825257 0.00920538 0.00843156 0.00868283 0.0083156 0.0088843 0.0125936 0.00922099 0.0100825 0.0104429 0.0129687 0.0173074 0.0122231 0.0103275 0.0078106 0.00967475 0.00726898 0.00738983 0.00686247 0.00601176 0.00603316 0.00891749 0.242395 0.00683399 0.00522122 0.00374375 0.00376159 0 0.00383831 0.00375259 0.00375451 0.00874698 0.0150606 0.011212 0.0191774 0.00887258 0.00911149 0.010714 0.00988532 0.00964082 0.00872182 0.00923954 0.00910676 0.00921035 0.00887917 0.0082026 
0.00790365 0.00830518 0.00884613 0.00910617 0.00857973 0.00862613 0.00836249 0.0082555 0.00807315 0.00792518 0.00790141 0.00805933 0.00783803 0.00824195 0.00926613 0.0113037 0.00932147 0.00853004 0.00825167 0.00870295 0.010592 0.0089729 0.00850171 0.00910477 0.0108734 0.0135629 0.00938033 0.010104 0.0146813 0.0160867 0.0174358 0.0100208 0.0108197 0.0082145 0.00819459 0.00790559 0.00755401 0.00641144 0.0108769 0.162498 0.0681871 0.0101084 0.00508715 0.00376894 0.00374719 0.00383831 0 0.00374796 0.00374456 0.00957256 0.0154402 0.0471784 0.0144543 0.0106016 0.0087854 0.0105187 0.0156317 0.0104628 0.00914128 0.00887061 0.0130738 0.0106885 0.00932664 0.00809874 
0.0080727 0.00850309 0.00866502 0.00875586 0.00868222 0.00847409 0.00837006 0.00822801 0.00815239 0.0079412 0.00797664 0.0080094 0.00790403 0.00894384 0.0103901 0.00876739 0.00903062 0.00892401 0.00843476 0.00986613 0.00997839 0.0121245 0.00850559 0.0105567 0.0156459 0.0182381 0.0127933 0.0150181 0.0158944 0.0142039 0.0129997 0.0118433 0.00855636 0.00840297 0.00784137 0.00756089 0.00688912 0.00966285 0.157421 0.0623673 0.00822759 0.00812575 0.00525607 0.00394134 0.00384101 0.00375259 0.00374796 0 0.00375298 0.0108947 0.026302 0.0198272 0.0251173 0.0203223 0.00916734 0.0133383 0.0159306 0.0242915 0.0103415 0.0104012 0.0127707 0.015307 0.0106224 0.00835013 
0.00859711 0.00821212 0.00829667 0.00828442 0.00818641 0.00818314 0.00802507 0.00817299 0.00794369 0.00802606 0.00844739 0.00807045 0.0089927 0.0120714 0.00850843 0.00838754 0.0087101 0.00831102 0.0088394 0.0146476 0.0093077 0.00927856 0.00928596 0.018812 0.0101858 0.0104552 0.0167261 0.0334821 0.0112978 0.0110029 0.0113858 0.0109519 0.00881562 0.00802061 0.00732877 0.00720819 0.0074185 0.253118 0.0465472 0.0426675 0.00661629 0.00635027 0.00744623 0.00496236 0.00382874 0.00375451 0.00374456 0.00375298 0 0.0249487 0.0115072 0.0109588 0.0124532 0.0119573 0.0170923 0.0263999 0.010851 0.0112815 0.0157843 0.0153802 0.0096453 0.00968919 0.0140573 0.00994282 
0.0086448 0.00865014 0.00867662 0.00892695 0.00883375 0.00859511 0.00839158 0.00829933 0.00802588 0.00845748 0.00825928 0.00835839 0.00846924 0.00974992 0.00877659 0.00933833 0.00887025 0.00970675 0.00949326 0.0117177 0.0112007 0.00983266 0.0117203 0.0175491 0.0124705 0.0146304 0.0218171 0.027715 0.0372305 0.0205333 0.0266167 0.0146523 0.0141541 0.0104089 0.0113874 0.0101281 0.0167478 0.0141789 0.0118992 0.0146094 0.0133341 0.0141352 0.0187247 0.0128187 0.00999125 0.00874698 0.00957256 0.0108947 0.0249487 0 0.00435467 0.0038153 0.00383507 0.00488109 0.00550319 0.094291 0.0460665 0.0140161 0.032295 0.0240115 0.020226 0.0137516 0.0284134 0.0117787 
0.00823306 0.00912173 0.00993686 0.0102181 0.00954036 0.00918523 0.00919619 0.00845729 0.00895072 0.00814069 0.00798818 0.00821209 0.00787524 0.00895141 0.012796 0.0101638 0.0116464 0.0106608 0.00879295 0.0158784 0.0114275 0.013366 0.00980452 0.0143075 0.051985 0.0184735 0.0152675 0.0341463 0.0414764 0.126666 0.0326343 0.0749636 0.011428 0.0279012 0.00995937 0.0157444 0.0102265 0.00915158 0.029122 0.0153867 0.0379618 0.0283828 0.0133887 0.00958786 0.0120254 0.0150606 0.0154402 0.026302 0.0115072 0.00435467 0 0.00380616 0.00381182 0.00460554 0.00403558 0.442763 0.069908 0.059131 0.0115063 0.0444017 0.0397706 0.0296689 0.0147218 0.00986933 
0.00828535 0.00930942 0.0107953 0.0124868 0.0107322 0.0116787 0.00942206 0.00933939 0.00841256 0.00812684 0.00812963 0.00819232 0.00787952 0.00987612 0.0117668 0.0193324 0.0136529 0.0108814 0.00920431 0.0103124 0.0234498 0.0109035 0.00928611 0.0119932 0.0187333 0.0542573 0.0119232 0.0172826 0.0532108 0.0658084 0.275801 0.033284 0.0651337 0.0134668 0.0252403 0.0105108 0.00886288 0.00972858 0.0102535 0.067529 0.0452392 0.0268529 0.0106888 0.0092233 0.0100625 0.011212 0.0471784 0.0198272 0.0109588 0.0038153 0.00380616 0 0.00377775 0.00380418 0.00381643 0.0574187 0.441324 0.0366709 0.0207568 0.0184079 0.0596759 0.0336477 0.0150443 0.00889271 
0.00830278 0.00950325 0.0116531 0.0122601 0.0116723 0.0097134 0.00966707 0.00881525 0.00859949 0.00809919 0.0080275 0.00820873 0.00785968 0.0092068 0.0135956 0.0139787 0.0167773 0.0106106 0.0088744 0.0118763 0.0137937 0.0187298 0.00937051 0.0106149 0.0316354 0.0286799 0.01911 0.0166487 0.0276203 0.164772 0.0586889 0.208557 0.017821 0.041489 0.0110832 0.0113368 0.00918399 0.0088446 0.0192082 0.0282731 0.0812786 0.0198298 0.0131689 0.00912859 0.0108453 0.0191774 0.0144543 0.0251173 0.0124532 0.00383507 0.00381182 0.00377775 0 0.00376434 0.00391333 0.0997911 0.0827064 0.385801 0.020102 0.0202978 0.0353342 0.055849 0.0177443 0.00936202 
0.00809879 0.00873284 0.00897737 0.00920511 0.00886874 0.00869547 0.00852738 0.00835495 0.0082054 0.00798167 0.00800821 0.00813006 0.00793428 0.0088122 0.00992045 0.00923558 0.00922388 0.00922091 0.00837879 0.00959592 0.0128059 0.0110347 0.0089315 0.0104098 0.012743 0.03001 0.0139774 0.0140882 0.0272814 0.0224355 0.0408796 0.0152759 0.044203 0.00992271 0.0105147 0.00970766 0.00891765 0.0112718 0.0137773 0.0192643 0.016741 0.0302903 0.0111384 0.0127414 0.0241003 0.00887258 0.0106016 0.0203223 0.0119573 0.00488109 0.00460554 0.00380418 0.00376434 0 0.0040223 0.0258534 0.148024 0.135252 0.217112 0.0127043 0.0269758 0.0396904 0.0222836 0.00953315 
0.0084303 0.00822064 0.0083624 0.0083224 0.00836335 0.00818019 0.00823291 0.00803139 0.00811393 0.00797189 0.00831102 0.00811326 0.00845172 0.00934045 0.0087498 0.00838332 0.00863836 0.00814633 0.00853344 0.0136959 0.00897954 0.0086323 0.0090547 0.0130414 0.0098573 0.0099103 0.0140592 0.0249852 0.0111582 0.0132704 0.011777 0.0111155 0.00953304 0.0102305 0.00858189 0.00876155 0.00932071 0.013546 0.0110427 0.0094819 0.0109089 0.0112384 0.0201016 0.0153095 0.00897318 0.00911149 0.0087854 0.00916734 0.0170923 0.00550319 0.00403558 0.00381643 0.00391333 0.0040223 0 0.0233547 0.0224123 0.109314 0.138502 0.0218454 0.0120672 0.0125822 0.0201985 0.012221 
0.00836558 0.00871898 0.0088981 0.00949168 0.00906896 0.00864486 0.00884529 0.00824714 0.00836029 0.0081245 0.00807406 0.0089927 0.00824812 0.00910224 0.00927466 0.00891449 0.00914675 0.0089499 0.00933264 0.0140802 0.00990342 0.0106062 0.0123554 0.0122464 0.0189138 0.0127069 0.0259258 0.0265235 0.0237614 0.0366808 0.0252326 0.0223004 0.0122687 0.0130972 0.0101355 0.0103542 0.0139707 0.0106499 0.0148792 0.0147224 0.0222777 0.0149227 0.0249181 0.01183 0.0103235 0.010714 0.0105187 0.0133383 0.0263999 0.094291 0.442763 0.0574187 0.0997911 0.0258534 0.0233547 0 0.003867 0.00390135 0.00424203 0.148135 0.0843761 0.0213753 0.0554921 0.0241031 
0.00821648 0.00869979 0.00973302 0.0102394 0.00930618 0.00891957 0.00865767 0.00916837 0.0082917 0.00795295 0.00800149 0.00814763 0.00784036 0.00871667 0.00950663 0.00983114 0.0092855 0.00922825 0.00853753 0.0101745 0.0121217 0.00988842 0.00914997 0.0104403 0.0141749 0.0278297 0.011103 0.0245338 0.0296386 0.0486094 0.0693573 0.0258617 0.0223511 0.0119626 0.0113149 0.0111798 0.00854752 0.00940229 0.0130676 0.0334448 0.0371781 0.0279122 0.010884 0.00928646 0.0100841 0.00988532 0.0156317 0.0159306 0.010851 0.0460665 0.069908 0.441324 0.0827064 0.148024 0.0224123 0.003867 0 0.00382751 0.00380542 0.438797 0.152776 0.108996 0.0208777 0.0137232 
0.00824474 0.00887682 0.00928455 0.00973779 0.00916569 0.00874348 0.0087585 0.00845559 0.0082485 0.00799523 0.00806338 0.00823467 0.00789222 0.00866838 0.010633 0.00919431 0.00970748 0.00913373 0.00833309 0.0100922 0.0108966 0.0119791 0.00857054 0.0091924 0.0184922 0.0174362 0.0141933 0.012163 0.02442 0.0427101 0.0366007 0.0452243 0.015702 0.0143087 0.00959154 0.0100372 0.0084748 0.00904029 0.0166209 0.0158053 0.0391645 0.0395639 0.0141186 0.00895752 0.00922478 0.00964082 0.0104628 0.0242915 0.0112815 0.0140161 0.059131 0.0366709 0.385801 0.135252 0.109314 0.00390135 0.00382751 0 0.00392066 0.0174859 0.464311 0.171343 0.0654961 0.0105996 
