1GWMA
MNVRATYTVIFKNASGLPNGYDNWGWGCTLSYYGGAMIINPQEGKYGAVSLKRNSGSFRGGSLRFDMKNEGKVKILVENSEADEKFEVETISPSDEYVTYILDVDFDLPFDRIDFQDAPGNGDRIWIKNLVHSTGSADDFVDPINLEHHHHHH
CCCCCCEEEEECCCCCCCCCEEECCECEEEEEECCEEEEEECCCCCCEEEEEECCCCECCCEEEEEEEECCCEEEEEEECCCCEEEEEEEECCEEEEEEEEEECCCCCCECEEEEEECCCCCCCEEEEEEEEECCCHHHCCCCHHHCCCCCCC
0 0 0 0 0 0 0 0 0 0 0 0 0 0 0 0 0 0 0 0 0 0 0 0 0 0 0 0 0 0 0 0 0 0 0 0 0 0 0 0 0 0 0 0 0 0 0 0 0 0 0 0 0 0 0 0 0 0 0 0 0 0 0 0 0 0 0 0 0 0 0 0 0 0 0 0 0 0 0 0 0 0 0 0 0 0 0 0 0 0 0 0 0 0 0 0 0 0 0 0 0 0 0 0 0 0 0 0 0 0 0 0 0 0 0 0 0 0 0 0 0 0 0 0 0 0 0 0 0 0 0 0 0 0 0 0 0 0 0 0 0 0 0 0 0 0 0 0 0 0 0 0 0 
0 0 0 0 0 0 0 0 0 0 0 0 0 0 0 0 0 0 0 0 0 0 0 0 0 0 0 0 0 0 0 0 0 0 0 0 0 0 0 0 0 0 0 0 0 0 0 0 0 0 0 0 0 0 0 0 0 0 0 0 0 0 0 0 0 0 0 0 0 0 0 0 0 0 0 0 0 0 0 0 0 0 0 0 0 0 0 0 0 0 0 0 0 0 0 0 0 0 0 0 0 0 0 0 0 0 0 0 0 0 0 0 0 0 0 0 0 0 0 0 0 0 0 0 0 0 0 0 0 0 0 0 0 0 0 0 0 0 0 0 0 0 0 0 0 0 0 0 0 0 0 0 0 
0 0.00415168 0.00391137 0.00385836 0.00694133 0.0115236 0.0086937 0.0288814 0.010456 0.00990336 0.0099735 0.0121718 0.0103165 0.0196348 0.018855 0.0140569 0.0119837 0.0113479 0.0108944 0.00971468 0.0243663 0.0160666 0.0101558 0.0102375 0.0101144 0.0123065 0.0223717 0.015545 0.0101821 0.0114001 0.00913329 0.00952045 0.00894094 0.0088856 0.00930246 0.0107232 0.0232 0.0115899 0.0144347 0.0108731 0.00905222 0.00964297 0.0118686 0.00984883 0.00844096 0.00832141 0.00908816 0.00939919 0.00826156 0.0092181 0.0151377 0.00872316 0.00796482 0.00804149 0.00822738 0.0083117 0.0083931 0.00897502 0.00850388 0.00901661 0.0104722 0.0091822 0.00846516 0.00909757 0.00818995 0.00846803 0.00833124 0.00994878 0.00972488 0.00840174 0.00862667 0.00819016 0.00912692 0.00813819 0.00808133 0.00828945 0.00880878 
0.00415168 0 0.00377076 0.0042655 0.00395997 0.0083845 0.0131887 0.0137723 0.00772922 0.00856403 0.011837 0.017789 0.0163639 0.0192681 0.00980309 0.0108845 0.0245259 0.019989 0.0147637 0.0119348 0.0104992 0.0124906 0.0197762 0.0140272 0.0144943 0.0213549 0.0110865 0.0112211 0.00945411 0.016339 0.0120646 0.0166672 0.0112041 0.0124744 0.00997382 0.00931832 0.0175948 0.0156587 0.0211258 0.0210799 0.0127081 0.0119998 0.00926865 0.00844801 0.00850218 0.00865273 0.00920175 0.00961015 0.00868319 0.0110822 0.00990523 0.00812602 0.00810828 0.00803899 0.00877298 0.00832363 0.00860594 0.0112292 0.00870691 0.0113949 0.00903363 0.00844082 0.00937411 0.0130583 0.00925507 0.0109508 0.00925208 0.00860237 0.00926025 0.0103865 0.00954049 0.00939464 0.0094648 0.00925665 0.00887523 0.00925377 0.0084329 
0.00391137 0.00377076 0 0.00383673 0.00381027 0.0129639 0.0109742 0.00997376 0.00759247 0.00844381 0.0139493 0.0136475 0.020251 0.0123591 0.00868024 0.0104262 0.0209163 0.0387261 0.0220284 0.0108672 0.00850138 0.012196 0.0166062 0.0372672 0.0248212 0.010343 0.00870267 0.0087022 0.0103047 0.0131003 0.0382516 0.0213982 0.0215484 0.016015 0.0101674 0.00844181 0.0110078 0.0187785 0.0381627 0.0406733 0.041379 0.0112967 0.00863185 0.0084635 0.00848423 0.00935936 0.011487 0.0103725 0.0122415 0.0096452 0.00839219 0.00815648 0.00811567 0.0098203 0.00894496 0.00896989 0.0113224 0.0119197 0.0164425 0.00912175 0.00909278 0.00806711 0.0118092 0.0122387 0.0173772 0.0155885 0.00937367 0.00846398 0.00903384 0.0105993 0.0144668 0.0120469 0.0124703 0.0118711 0.01151 0.0090655 0.00825811 
0.00385836 0.0042655 0.00383673 0 0.00379752 0.0170725 0.0305428 0.00800752 0.00746231 0.00918639 0.0184704 0.0138416 0.0111458 0.0109402 0.00952077 0.0131833 0.0243227 0.0295688 0.0159023 0.0135528 0.00900921 0.0145614 0.019909 0.025198 0.0156425 0.0129015 0.00947677 0.00963281 0.0155169 0.01701 0.0181274 0.0172004 0.0157525 0.0117577 0.0127647 0.00899552 0.0116992 0.017087 0.0201332 0.0292001 0.0213995 0.0172339 0.00884348 0.00896529 0.00904259 0.00877532 0.0109378 0.00964951 0.00954388 0.0101225 0.00860696 0.00870003 0.00851413 0.00846167 0.00916568 0.00863515 0.00942119 0.010928 0.0107229 0.0101 0.00890616 0.00908687 0.0105822 0.0117382 0.0118564 0.0115703 0.00954908 0.00846056 0.00949002 0.0102583 0.0112045 0.0100213 0.0110538 0.0109229 0.0104779 0.00885259 0.0083031 
0.00694133 0.00395997 0.00381027 0.00379752 0 0.050666 0.00707549 0.0128697 0.0106008 0.0170683 0.0137293 0.0148055 0.00920808 0.00997188 0.0122502 0.0233302 0.0136864 0.010998 0.0111925 0.00889545 0.0173137 0.0263522 0.0126615 0.0105199 0.0118781 0.00969456 0.0104088 0.0275889 0.0212339 0.0125622 0.0105515 0.0112664 0.00990928 0.0106013 0.0088023 0.0109341 0.0382955 0.0103276 0.0133336 0.010483 0.0108503 0.00933377 0.0130819 0.0116246 0.00863203 0.00883527 0.00879133 0.0110257 0.00854707 0.0087555 0.0130417 0.0135292 0.00826571 0.00826787 0.00858669 0.00844482 0.00858992 0.0104661 0.00868811 0.00978626 0.00959068 0.0149283 0.0104578 0.0102719 0.00858855 0.00886004 0.00844031 0.00878545 0.0131758 0.00873691 0.00912987 0.00833497 0.00865057 0.00889179 0.00859197 0.00844221 0.00852927 
0.0115236 0.0083845 0.0129639 0.0170725 0.050666 0 0.0146214 0.00832892 0.00822272 0.0087607 0.015533 0.0204359 0.00752535 0.00784858 0.0133708 0.00708438 0.00827946 0.00763531 0.00758337 0.00732812 0.0319984 0.00949896 0.00938951 0.00865137 0.009024 0.0103078 0.0238877 0.0150052 0.00918919 0.00905854 0.00872531 0.00891258 0.00838293 0.00886418 0.0086752 0.0139459 0.0153807 0.00896804 0.0114503 0.00871228 0.00866718 0.0101563 0.0138785 0.00875103 0.0082391 0.00838754 0.00827016 0.00890073 0.00811562 0.00901399 0.0176802 0.0081329 0.00791392 0.00802063 0.00816112 0.00803556 0.00807292 0.00878048 0.00816013 0.00889246 0.0100078 0.00897317 0.0082194 0.00837811 0.0080956 0.00831917 0.00823275 0.0092739 0.00842077 0.008086 0.00824924 0.008025 0.00805397 0.00796317 0.00804446 0.00825383 0.00975381 
0.0086937 0.0131887 0.0109742 0.0305428 0.00707549 0.0146214 0 0.00389241 0.00460942 0.00771591 0.0229275 0.00473076 0.00664912 0.00846742 0.00574704 0.00628703 0.00828096 0.00931419 0.00700926 0.0153095 0.00681588 0.00842174 0.00855406 0.00865472 0.00843187 0.00981686 0.0080263 0.00831058 0.00872271 0.00922086 0.00854934 0.00832719 0.0085274 0.00826617 0.00974808 0.00804834 0.00842222 0.00997687 0.00863585 0.00872925 0.00846982 0.0102291 0.00811124 0.00810984 0.00843117 0.00808425 0.0081842 0.00816654 0.00813769 0.0088906 0.00816814 0.0079235 0.00807601 0.00800415 0.00812126 0.00806023 0.00800791 0.0081242 0.00801585 0.00824725 0.0080361 0.00784768 0.00803953 0.00836054 0.00821072 0.00825823 0.00816604 0.00801182 0.00787319 0.0084108 0.0080862 0.00800176 0.00805136 0.00802355 0.00815556 0.00821742 0.00795717 
0.0288814 0.0137723 0.00997376 0.00800752 0.0128697 0.00832892 0.00389241 0 0.0999735 0.00685053 0.00640975 0.00435236 0.0042896 0.00472549 0.00518174 0.00912041 0.0092195 0.00647196 0.00847629 0.00597492 0.00660523 0.0122742 0.00959803 0.00856078 0.00897621 0.00806747 0.00809998 0.00969235 0.0112778 0.00881342 0.008827 0.00853411 0.00843715 0.00846053 0.00832525 0.00824978 0.0114375 0.008447 0.00886744 0.00889354 0.00897056 0.00850488 0.0083592 0.00892961 0.00809271 0.00801316 0.00820703 0.00832087 0.00816824 0.00796912 0.00834479 0.00872456 0.00801105 0.00794266 0.00805657 0.00797127 0.0080784 0.00815371 0.00823884 0.0081328 0.00823231 0.00844707 0.00840043 0.00817291 0.00811124 0.00827335 0.00805237 0.00803589 0.00853974 0.00801401 0.00808989 0.00800787 0.00810671 0.0080903 0.00806448 0.00805806 0.00791921 
0.010456 0.00772922 0.00759247 0.00746231 0.0106008 0.00822272 0.00460942 0.0999735 0 0.00543173 0.0038093 0.00375734 0.00421829 0.00399276 0.00432257 0.00889373 0.00592833 0.00574351 0.00573627 0.00576014 0.00841945 0.0263894 0.00848917 0.00864446 0.00823646 0.00845092 0.00992654 0.0133605 0.0098945 0.00836047 0.00889588 0.00828728 0.00872721 0.00825881 0.00880414 0.0088458 0.0100097 0.00920896 0.00860249 0.0088533 0.00838294 0.00901457 0.00897556 0.00835415 0.00791811 0.00786254 0.00810829 0.00802139 0.00802348 0.00820839 0.00947357 0.00817411 0.00783682 0.0078605 0.00791889 0.00786082 0.00790526 0.00802885 0.00805977 0.0081154 0.00872418 0.0093304 0.00893491 0.00805959 0.00816411 0.0080513 0.00827571 0.00851054 0.00825351 0.00811393 0.00811099 0.00840839 0.00800564 0.00798284 0.00795732 0.00809451 0.00832849 
0.00990336 0.00856403 0.00844381 0.00918639 0.0170683 0.0087607 0.00771591 0.00685053 0.00543173 0 0.00381487 0.00379386 0.0037586 0.00400664 0.00467403 0.00439826 0.00510146 0.00595021 0.00658448 0.00649241 0.913785 0.0082781 0.00966791 0.00865749 0.010371 0.00839569 0.0126572 0.0120047 0.00858317 0.0104135 0.0087581 0.0122537 0.00830671 0.0124572 0.0083759 0.013838 0.0157094 0.00859925 0.0204147 0.00920841 0.0121358 0.00891947 0.0121829 0.00845779 0.00823996 0.00885621 0.0082732 0.0105557 0.00852045 0.0084565 0.0146891 0.0083224 0.00807533 0.00840795 0.0082849 0.00846831 0.00832532 0.0110631 0.00831553 0.0107303 0.00861826 0.00921021 0.00922114 0.0105053 0.00863413 0.0124379 0.00840468 0.00996432 0.00891076 0.00857992 0.0106773 0.00902775 0.0098425 0.00986412 0.0090077 0.00843345 0.00872887 
0.0099735 0.011837 0.0139493 0.0184704 0.0137293 0.015533 0.0229275 0.00640975 0.0038093 0.00381487 0 0.00380127 0.00388066 0.00423275 0.00388595 0.00472086 0.00603274 0.0109382 0.0072298 0.980782 0.00700991 0.0105382 0.00932661 0.0181847 0.00852576 0.0185463 0.010144 0.0082915 0.0147162 0.00863247 0.0257716 0.00864799 0.0250752 0.00843927 0.0225493 0.00836363 0.00918746 0.0448735 0.00931191 0.0304755 0.00933518 0.0223074 0.00875019 0.00872283 0.00904143 0.00835755 0.0144688 0.00824987 0.00986416 0.0161241 0.00855632 0.00839687 0.00810035 0.0084384 0.00853105 0.00826106 0.0117223 0.00855656 0.013883 0.00852068 0.011973 0.00815688 0.0103506 0.00867285 0.0203647 0.0087783 0.0106144 0.00847878 0.00842594 0.0145304 0.00868591 0.00909071 0.00984771 0.00874291 0.00872975 0.00992931 0.00821572 
0.0121718 0.017789 0.0136475 0.0138416 0.0148055 0.0204359 0.00473076 0.00435236 0.00375734 0.00379386 0.00380127 0 0.00376636 0.00383756 0.00378548 0.00392887 0.00553207 0.00789382 0.973371 0.00555823 0.0081048 0.00793225 0.0145606 0.00865151 0.0211786 0.00849029 0.00824427 0.0133924 0.00858869 0.0236097 0.0086472 0.0465111 0.00839495 0.0403762 0.00846404 0.0116265 0.0207096 0.00855901 0.0761698 0.00960565 0.0351741 0.00870112 0.00961633 0.00881385 0.00834851 0.0142744 0.00840229 0.028829 0.00885612 0.00848572 0.0133477 0.00846704 0.0082557 0.00849146 0.00894102 0.0105914 0.00820245 0.0254218 0.00858812 0.016678 0.0081724 0.00865023 0.00845243 0.0254209 0.00862054 0.0210263 0.00845522 0.00876599 0.0102776 0.00848161 0.0135542 0.00977296 0.0091143 0.011249 0.00934328 0.00858527 0.00853049 
0.0103165 0.0163639 0.020251 0.0111458 0.00920808 0.00752535 0.00664912 0.0042896 0.00421829 0.0037586 0.00388066 0.00376636 0 0.00376651 0.0038305 0.00411975 0.0057616 0.964959 0.00474887 0.00605765 0.00487593 0.0102984 0.00839268 0.0227436 0.00827603 0.00941637 0.00868107 0.00786454 0.0104893 0.008593 0.0288929 0.00852091 0.024018 0.00848357 0.0112827 0.00828783 0.00853584 0.0220833 0.00921031 0.0380333 0.00924283 0.0111042 0.00848316 0.00859558 0.0093054 0.00837721 0.0166852 0.00831362 0.0105659 0.00965953 0.00833063 0.00824481 0.00815538 0.0089319 0.0096181 0.00823893 0.0144113 0.0085922 0.0142209 0.00832118 0.0106762 0.00801479 0.0101032 0.00853069 0.0202686 0.00870724 0.00909423 0.00825738 0.00816648 0.0104259 0.00866656 0.00916854 0.00942632 0.00891747 0.00894361 0.00847463 0.00813182 
0.0196348 0.0192681 0.0123591 0.0109402 0.00997188 0.00784858 0.00846742 0.00472549 0.00399276 0.00400664 0.00423275 0.00383756 0.00376651 0 0.00426028 0.00507727 0.993579 0.0108593 0.00518614 0.00458564 0.00589734 0.00831004 0.0259933 0.00830177 0.00897102 0.00829363 0.00776819 0.0096539 0.00978726 0.0289406 0.00883553 0.0170789 0.00828487 0.00990609 0.00852397 0.00861291 0.0150308 0.00942203 0.0159284 0.00956814 0.0109476 0.0088878 0.00842398 0.00896267 0.00858915 0.0091798 0.00875782 0.0100132 0.00844141 0.00853861 0.00882001 0.00846862 0.00831863 0.00821485 0.00833585 0.00881684 0.00829142 0.0102719 0.00841276 0.0098352 0.00826485 0.00861344 0.00820641 0.0121414 0.00836046 0.0095245 0.00832957 0.00810017 0.00891628 0.00834801 0.00917266 0.00832155 0.00833084 0.00865526 0.00848967 0.00835476 0.00803046 
0.018855 0.00980309 0.00868024 0.00952077 0.0122502 0.0133708 0.00574704 0.00518174 0.00432257 0.00467403 0.00388595 0.00378548 0.0038305 0.00426028 0 0.997261 0.00644877 0.00441765 0.00390716 0.00439489 0.00498072 0.0133655 0.00902614 0.00800118 0.00791617 0.00759852 0.00822791 0.0142247 0.018085 0.00913359 0.00941975 0.00840722 0.00854422 0.00826537 0.00841842 0.00863951 0.0144994 0.00925895 0.00918204 0.00915023 0.00874101 0.00896997 0.0090632 0.00949818 0.00857651 0.00816629 0.00849341 0.00851927 0.00821305 0.00824194 0.00904911 0.0103136 0.00810396 0.00802114 0.00829736 0.00811553 0.00826954 0.00835584 0.00846138 0.0083001 0.00899513 0.00989469 0.00890454 0.0083591 0.00820332 0.00838947 0.00807427 0.00831652 0.00898223 0.00828195 0.00812169 0.00809792 0.00813094 0.00804857 0.00808859 0.00813597 0.0081114 
0.0140569 0.0108845 0.0104262 0.0131833 0.0233302 0.00708438 0.00628703 0.00912041 0.00889373 0.00439826 0.00472086 0.00392887 0.00411975 0.00507727 0.997261 0 0.00382891 0.00380778 0.00378885 0.00408157 0.00471371 0.00865319 0.00868283 0.00848945 0.00887309 0.0210089 0.0766174 0.0124048 0.0115774 0.0102289 0.0111441 0.0100263 0.0107609 0.00930612 0.0125832 0.0141779 0.0207156 0.0131319 0.0156598 0.0118943 0.0105347 0.0205407 0.0176214 0.00931469 0.00859183 0.00856108 0.00942601 0.00885531 0.00885608 0.0103221 0.0204761 0.00893032 0.00821824 0.0083736 0.00850113 0.00844348 0.00883276 0.00940086 0.00955418 0.0100852 0.0152341 0.0107814 0.0105307 0.0108331 0.00975527 0.0094909 0.0101652 0.0136263 0.009458 0.0089089 0.00944492 0.00979107 0.0102861 0.00953601 0.00887379 0.00982173 0.0130766 
0.0119837 0.0245259 0.0209163 0.0243227 0.0136864 0.00827946 0.00828096 0.0092195 0.00592833 0.00510146 0.00603274 0.00553207 0.0057616 0.993579 0.00644877 0.00382891 0 0.00378135 0.00379209 0.00381473 0.00375249 0.00858061 0.0118404 0.0120664 0.0146037 0.0675726 0.0317845 0.00900442 0.0129839 0.0194934 0.0173115 0.0221372 0.0127117 0.0151278 0.0135567 0.0108273 0.0152682 0.0386688 0.0407475 0.0351174 0.0397215 0.0196171 0.0107129 0.00921454 0.00939622 0.00983446 0.0111127 0.0132419 0.0116805 0.0152645 0.0103556 0.00867379 0.00930919 0.00956606 0.00935833 0.0103461 0.0104617 0.017124 0.0134294 0.0173445 0.0104583 0.00921032 0.0135899 0.0309421 0.0179755 0.0204955 0.012549 0.00948636 0.0102412 0.0209091 0.0178016 0.0174142 0.0242247 0.0182255 0.0164196 0.0120357 0.00913205 
0.0113479 0.019989 0.0387261 0.0295688 0.010998 0.00763531 0.00931419 0.00647196 0.00574351 0.00595021 0.0109382 0.00789382 0.964959 0.0108593 0.00441765 0.00380778 0.00378135 0 0.00377532 0.00375893 0.00375777 0.00725687 0.00982139 0.0316559 0.0296522 0.0348114 0.0085566 0.00827354 0.0119953 0.0119742 0.0410794 0.0186026 0.0287163 0.0131986 0.0157231 0.00902623 0.0120504 0.0313356 0.0333596 0.120978 0.0417176 0.0190856 0.00944809 0.0091484 0.0106611 0.00993163 0.0242135 0.0103888 0.019978 0.0131336 0.00925031 0.0088406 0.00948749 0.0117954 0.012654 0.0105756 0.01939 0.0153881 0.0359157 0.0117935 0.0116982 0.00910861 0.016541 0.0188586 0.064328 0.0261987 0.0139716 0.00928216 0.0106799 0.0249534 0.0284194 0.034266 0.0283298 0.0306957 0.0301901 0.0125778 0.00890271 
0.0108944 0.0147637 0.0220284 0.0159023 0.0111925 0.00758337 0.00700926 0.00847629 0.00573627 0.00658448 0.0072298 0.973371 0.00474887 0.00518614 0.00390716 0.00378885 0.00379209 0.00377532 0 0.00377262 0.003742 0.00589399 0.0220486 0.0250829 0.0260894 0.00751935 0.0072526 0.00871255 0.00918695 0.0216568 0.0125164 0.0495954 0.00955912 0.0337699 0.00860152 0.0105302 0.0180206 0.00949738 0.13363 0.0222822 0.0625967 0.010399 0.0095618 0.00897075 0.00877278 0.0183801 0.0091904 0.0327406 0.0106658 0.00956122 0.0105921 0.00887411 0.00866547 0.0104301 0.0096812 0.012361 0.00925721 0.0407634 0.0103212 0.0254467 0.00867346 0.00981983 0.0114025 0.0521247 0.0135188 0.0529039 0.00966149 0.00937503 0.012279 0.0102861 0.044521 0.0175762 0.0209881 0.0304519 0.019075 0.00966822 0.0088553 
0.00971468 0.0119348 0.0108672 0.0135528 0.00889545 0.00732812 0.0153095 0.00597492 0.00576014 0.00649241 0.980782 0.00555823 0.00605765 0.00458564 0.00439489 0.00408157 0.00381473 0.00375893 0.00377262 0 0.00380869 0.0190183 0.0239994 0.0302806 0.00667817 0.00670718 0.00673026 0.00711386 0.0152388 0.00883536 0.0206404 0.00866222 0.0246265 0.00819188 0.0197821 0.00794938 0.00873548 0.0417263 0.00943461 0.0230398 0.00977862 0.0319906 0.00834649 0.00862872 0.0101593 0.00819673 0.0281135 0.0083573 0.00950341 0.0128852 0.00830254 0.00882761 0.00877727 0.0086787 0.009004 0.00838679 0.0133118 0.00869888 0.017056 0.00859957 0.0134904 0.00857625 0.0114014 0.00884374 0.0214254 0.00905653 0.0115793 0.0082476 0.00864119 0.0164365 0.00911016 0.00961336 0.0101663 0.00956916 0.00926463 0.00990941 0.00810423 
0.0243663 0.0104992 0.00850138 0.00900921 0.0173137 0.0319984 0.00681588 0.00660523 0.00841945 0.913785 0.00700991 0.0081048 0.00487593 0.00589734 0.00498072 0.00471371 0.00375249 0.00375777 0.003742 0.00380869 0 0.0236217 0.0299606 0.00532791 0.00575669 0.00622052 0.00568661 0.0160253 0.0119533 0.0147757 0.00813379 0.0159125 0.00780296 0.0104738 0.00788363 0.0108054 0.0569793 0.00857148 0.0123786 0.00870246 0.0109897 0.00839464 0.0104726 0.0133555 0.00832722 0.00986926 0.00832169 0.0121135 0.00844916 0.00832378 0.0134483 0.0151395 0.00836955 0.00824755 0.00840231 0.00905108 0.00828607 0.0111668 0.0083541 0.0101825 0.00853843 0.0154736 0.00940249 0.010595 0.00831039 0.00969488 0.00818919 0.00859742 0.0164396 0.00829575 0.00923005 0.00824255 0.00847044 0.00857946 0.00834172 0.00832634 0.00846909 
0.0160666 0.0124906 0.012196 0.0145614 0.0263522 0.00949896 0.00842174 0.0122742 0.0263894 0.0082781 0.0105382 0.00793225 0.0102984 0.00831004 0.0133655 0.00865319 0.00858061 0.00725687 0.00589399 0.0190183 0.0236217 0 0.00385875 0.00377023 0.00382798 0.00399834 0.00563444 0.0091862 0.0111994 0.00822017 0.0123048 0.00966821 0.0138815 0.0150425 0.0267747 0.0217734 0.0210252 0.0299743 0.0120609 0.0189875 0.010294 0.0199619 0.0208097 0.0109619 0.00968418 0.00885682 0.0112965 0.00913008 0.00954966 0.0120035 0.0194501 0.0102186 0.00850297 0.00884854 0.0091503 0.00871377 0.0102804 0.00992748 0.0123569 0.0103343 0.0245974 0.0134724 0.0156717 0.0116897 0.013595 0.0100864 0.0121182 0.0137383 0.0101335 0.0116711 0.00986911 0.0103312 0.0120894 0.00964185 0.00963412 0.0103132 0.0126069 
0.0101558 0.0197762 0.0166062 0.019909 0.0126615 0.00938951 0.00855406 0.00959803 0.00848917 0.00966791 0.00932661 0.0145606 0.00839268 0.0259933 0.00902614 0.00868283 0.0118404 0.00982139 0.0220486 0.0239994 0.0299606 0.00385875 0 0.00382041 0.00382122 0.00394824 0.0041757 0.00790113 0.00808895 0.0183344 0.00976855 0.0502137 0.0167549 0.0310946 0.0126168 0.0117238 0.0179431 0.0128366 0.0574011 0.0160264 0.0366594 0.013378 0.0119766 0.00921402 0.0090144 0.0120906 0.00897852 0.015596 0.00986272 0.0106637 0.0126875 0.00922643 0.00908582 0.00918759 0.00910801 0.0107446 0.00937215 0.0242528 0.0101961 0.0265344 0.00955869 0.0104361 0.0108943 0.0504885 0.0112206 0.0248188 0.0116262 0.0102973 0.0119152 0.0129545 0.019122 0.0136961 0.0173618 0.0186683 0.0140614 0.0118063 0.00944074 
0.0102375 0.0140272 0.0372672 0.025198 0.0105199 0.00865137 0.00865472 0.00856078 0.00864446 0.00865749 0.0181847 0.00865151 0.0227436 0.00830177 0.00800118 0.00848945 0.0120664 0.0316559 0.0250829 0.0302806 0.00532791 0.00377023 0.00382041 0 0.00375244 0.0037649 0.00381338 0.0050644 0.0145975 0.00878548 0.0663465 0.0138374 0.0435697 0.0122837 0.015807 0.0081885 0.00993175 0.0308066 0.014762 0.0928864 0.020103 0.0248653 0.00899986 0.00886083 0.0108333 0.00872983 0.0397465 0.00890434 0.019584 0.0141279 0.00864796 0.0091292 0.00929379 0.010578 0.0123118 0.00946326 0.0268131 0.0109151 0.0512518 0.0100244 0.0149818 0.00922666 0.0210837 0.0127075 0.149145 0.0227922 0.0169845 0.00923072 0.00956057 0.0325334 0.020798 0.0335478 0.0363063 0.0304493 0.0308034 0.01419 0.00906659 
0.0101144 0.0144943 0.0248212 0.0156425 0.0118781 0.009024 0.00843187 0.00897621 0.00823646 0.010371 0.00852576 0.0211786 0.00827603 0.00897102 0.00791617 0.00887309 0.0146037 0.0296522 0.0260894 0.00667817 0.00575669 0.00382798 0.00382122 0.00375244 0 0.00375236 0.00376238 0.00626213 0.00827842 0.0364393 0.0113278 0.0570442 0.00936306 0.0201936 0.00771359 0.00910673 0.017191 0.0103587 0.0529293 0.0124119 0.0329226 0.010197 0.010504 0.00894287 0.00867915 0.0164291 0.00876094 0.0279033 0.0103504 0.00943221 0.0134117 0.0088598 0.00898068 0.00952953 0.00976293 0.0114903 0.00911261 0.0400758 0.0110095 0.0256408 0.0096523 0.0104311 0.00976038 0.0504973 0.0136671 0.0412004 0.00958016 0.00928274 0.0107916 0.0103889 0.0323404 0.0159755 0.0171956 0.0224119 0.0172221 0.0100941 0.00957597 
0.0123065 0.0213549 0.010343 0.0129015 0.00969456 0.0103078 0.00981686 0.00806747 0.00845092 0.00839569 0.0185463 0.00849029 0.00941637 0.00829363 0.00759852 0.0210089 0.0675726 0.0348114 0.00751935 0.00670718 0.00622052 0.00399834 0.00394824 0.0037649 0.00375236 0 0.00400972 0.0235376 0.0567346 0.0176737 0.0431351 0.0143956 0.0103551 0.00761861 0.0129202 0.00720951 0.0199459 0.0204475 0.0101815 0.0142565 0.0102949 0.0146374 0.00856538 0.00952175 0.0123506 0.00863852 0.0119402 0.008938 0.00932358 0.0128056 0.00892541 0.00981834 0.0094618 0.00884839 0.00968159 0.00881006 0.0118865 0.00958235 0.0122794 0.00946367 0.0106729 0.0098255 0.0110277 0.0106118 0.0148201 0.0101615 0.0110675 0.0086276 0.00973964 0.0148308 0.00964824 0.0100584 0.0107135 0.0100412 0.00973702 0.00979435 0.00841713 
0.0223717 0.0110865 0.00870267 0.00947677 0.0104088 0.0238877 0.0080263 0.00809998 0.00992654 0.0126572 0.010144 0.00824427 0.00868107 0.00776819 0.00822791 0.0766174 0.0317845 0.0085566 0.0072526 0.00673026 0.00568661 0.00563444 0.0041757 0.00381338 0.00376238 0.00400972 0 0.189208 0.042694 0.0420123 0.0111142 0.00940923 0.0073083 0.00766597 0.0066017 0.00728811 0.0208879 0.0102866 0.00993608 0.0096537 0.00910089 0.00928007 0.0095498 0.0145095 0.00951162 0.00883961 0.00931692 0.00908226 0.00882948 0.00909014 0.0094729 0.0209769 0.00853485 0.00858531 0.00914309 0.00879988 0.00881897 0.00947491 0.0090301 0.0087294 0.0107624 0.0155292 0.011246 0.009616 0.00909431 0.0087491 0.00875951 0.00848216 0.0132978 0.00906687 0.00875983 0.00825265 0.00843165 0.00856637 0.00889184 0.00849044 0.00835435 
0.015545 0.0112211 0.0087022 0.00963281 0.0275889 0.0150052 0.00831058 0.00969235 0.0133605 0.0120047 0.0082915 0.0133924 0.00786454 0.0096539 0.0142247 0.0124048 0.00900442 0.00827354 0.00871255 0.00711386 0.0160253 0.0091862 0.00790113 0.0050644 0.00626213 0.0235376 0.189208 0 0.115637 0.0116862 0.00413614 0.00567009 0.00454552 0.0065693 0.00602717 0.0103905 0.0276151 0.00774947 0.0139989 0.00812858 0.0101243 0.0097942 0.0206592 0.0115625 0.00848313 0.0107843 0.00820613 0.0133785 0.00826164 0.00927737 0.0367371 0.0122774 0.00832317 0.00813583 0.00877389 0.00941469 0.00829551 0.012366 0.00839092 0.0143381 0.0109441 0.0870166 0.00879274 0.0111257 0.00808586 0.00883986 0.00846856 0.0120792 0.0148251 0.00816002 0.00844802 0.00815007 0.00829181 0.00819261 0.00809695 0.00849731 0.013204 
0.0101821 0.00945411 0.0103047 0.0155169 0.0212339 0.00918919 0.00872271 0.0112778 0.0098945 0.00858317 0.0147162 0.00858869 0.0104893 0.00978726 0.018085 0.0115774 0.0129839 0.0119953 0.00918695 0.0152388 0.0119533 0.0111994 0.00808895 0.0145975 0.00827842 0.0567346 0.042694 0.115637 0 0.00383734 0.00383354 0.00382888 0.00396711 0.00389014 0.00814512 0.00674982 0.00797502 0.0131241 0.007769 0.0103295 0.00786753 0.0330267 0.165675 0.0101595 0.00887728 0.00823847 0.0148928 0.00807599 0.0104849 0.014366 0.0179843 0.0105398 0.00852525 0.0088736 0.00884697 0.00856534 0.0117146 0.00919784 0.0167107 0.010147 0.0844189 0.012214 0.0159912 0.00964819 0.0169504 0.00953059 0.0154343 0.0145562 0.00970614 0.0113402 0.00958132 0.0114849 0.0106645 0.00977723 0.00976582 0.0136565 0.0143299 
0.0114001 0.016339 0.0131003 0.01701 0.0125622 0.00905854 0.00922086 0.00881342 0.00836047 0.0104135 0.00863247 0.0236097 0.008593 0.0289406 0.00913359 0.0102289 0.0194934 0.0119742 0.0216568 0.00883536 0.0147757 0.00822017 0.0183344 0.00878548 0.0364393 0.0176737 0.0420123 0.0116862 0.00383734 0 0.00374666 0.0037573 0.00379344 0.00431739 0.00533784 0.00499106 0.0112519 0.00727435 0.0136757 0.00792723 0.0358855 0.0974236 0.0656472 0.00851541 0.00836506 0.0116396 0.00837429 0.0250488 0.0089564 0.0112868 0.018165 0.00880912 0.00907953 0.00865407 0.00917892 0.0105183 0.0087953 0.0334411 0.00910355 0.134123 0.00946259 0.0120127 0.0101338 0.0704278 0.00983492 0.0392628 0.0109536 0.0120622 0.013699 0.0107489 0.0258674 0.0133239 0.0138918 0.0164528 0.0173366 0.0127861 0.00984653 
0.00913329 0.0120646 0.0382516 0.0181274 0.0105515 0.00872531 0.00854934 0.008827 0.00889588 0.0087581 0.0257716 0.0086472 0.0288929 0.00883553 0.00941975 0.0111441 0.0173115 0.0410794 0.0125164 0.0206404 0.00813379 0.0123048 0.00976855 0.0663465 0.0113278 0.0431351 0.0111142 0.00413614 0.00383354 0.00374666 0 0.00374056 0.00379983 0.00377347 0.00381088 0.00379903 0.0060508 0.0119791 0.0081862 0.0374717 0.122883 0.099997 0.0122375 0.00886517 0.012022 0.00815988 0.035945 0.00817799 0.0184809 0.0153324 0.00901687 0.00952871 0.00917535 0.0116104 0.0108927 0.00947555 0.0291779 0.0101668 0.204347 0.00944623 0.0205776 0.00910075 0.0245672 0.0107827 0.186714 0.0153227 0.0225872 0.010091 0.00953039 0.0429062 0.0163668 0.035003 0.0344691 0.0413241 0.061341 0.017522 0.00909561 
0.00952045 0.0166672 0.0213982 0.0172004 0.0112664 0.00891258 0.00832719 0.00853411 0.00828728 0.0122537 0.00864799 0.0465111 0.00852091 0.0170789 0.00840722 0.0100263 0.0221372 0.0186026 0.0495954 0.00866222 0.0159125 0.00966821 0.0502137 0.0138374 0.0570442 0.0143956 0.00940923 0.00567009 0.00382888 0.0037573 0.00374056 0 0.00373705 0.00374218 0.00374727 0.00383387 0.0102176 0.00574995 0.0496297 0.0811834 0.154765 0.0152466 0.0143121 0.00779344 0.00764617 0.0194188 0.00797967 0.0297334 0.0090056 0.00898287 0.0134485 0.0091512 0.00910325 0.00910891 0.00969912 0.0151807 0.00905145 0.157436 0.00950855 0.0443402 0.00871386 0.0121306 0.0114701 0.0947839 0.0124648 0.11229 0.0104562 0.0101898 0.0174267 0.0121408 0.0608728 0.021133 0.0392518 0.04946 0.0240027 0.0113123 0.00948698 
0.00894094 0.0112041 0.0215484 0.0157525 0.00990928 0.00838293 0.0085274 0.00843715 0.00872721 0.00830671 0.0250752 0.00839495 0.024018 0.00828487 0.00854422 0.0107609 0.0127117 0.0287163 0.00955912 0.0246265 0.00780296 0.0138815 0.0167549 0.0435697 0.00936306 0.0103551 0.0073083 0.00454552 0.00396711 0.00379344 0.00379983 0.00373705 0 0.00378849 0.00386576 0.00374855 0.00465715 0.0346408 0.0507752 0.126082 0.0247306 0.0143136 0.0063618 0.00682841 0.00861611 0.0077202 0.0245458 0.00767791 0.0102375 0.0134106 0.00847369 0.00857405 0.0086727 0.0100852 0.0105351 0.00866266 0.122832 0.00889441 0.0324085 0.00859419 0.0166876 0.00914024 0.0294298 0.0100396 0.13992 0.0113173 0.0209344 0.00901247 0.00919822 0.0333337 0.0158696 0.0628903 0.0290602 0.0182517 0.026045 0.0136947 0.00880161 
0.0088856 0.0124744 0.016015 0.0117577 0.0106013 0.00886418 0.00826617 0.00846053 0.00825881 0.0124572 0.00843927 0.0403762 0.00848357 0.00990609 0.00826537 0.00930612 0.0151278 0.0131986 0.0337699 0.00819188 0.0104738 0.0150425 0.0310946 0.0122837 0.0201936 0.00761861 0.00766597 0.0065693 0.00389014 0.00431739 0.00377347 0.00374218 0.00378849 0 0.0037433 0.00377448 0.0232918 0.0387963 0.159731 0.0138929 0.0114923 0.00688184 0.00680621 0.00709622 0.00717477 0.0147515 0.00751383 0.0195535 0.00859465 0.00847034 0.0139778 0.0089755 0.00878163 0.0091662 0.00965529 0.0992813 0.00835626 0.0324556 0.00933521 0.0218372 0.00851015 0.0103117 0.0101593 0.0561287 0.0103654 0.0428422 0.00913294 0.00988316 0.0130385 0.011819 0.0696236 0.0146608 0.0167799 0.020401 0.0143129 0.0096782 0.00953666 
0.00930246 0.00997382 0.0101674 0.0127647 0.0088023 0.0086752 0.00974808 0.00832525 0.00880414 0.0083759 0.0225493 0.00846404 0.0112827 0.00852397 0.00841842 0.0125832 0.0135567 0.0157231 0.00860152 0.0197821 0.00788363 0.0267747 0.0126168 0.015807 0.00771359 0.0129202 0.0066017 0.00602717 0.00814512 0.00533784 0.00381088 0.00374727 0.00386576 0.0037433 0 0.00447895 0.0609553 0.226281 0.00494708 0.010364 0.00568749 0.00800095 0.00576579 0.00854518 0.0122383 0.00720378 0.0135358 0.00749569 0.00914303 0.0130654 0.00809507 0.0110061 0.0104726 0.00923558 0.0267782 0.00848761 0.0125616 0.00890242 0.0156922 0.00857557 0.0154685 0.00930199 0.0121268 0.00917336 0.0216976 0.00946112 0.0127605 0.00869371 0.00993192 0.0509594 0.0103205 0.0105805 0.0108485 0.00950628 0.010304 0.0111748 0.00826691 
0.0107232 0.00931832 0.00844181 0.00899552 0.0109341 0.0139459 0.00804834 0.00824978 0.0088458 0.013838 0.00836363 0.0116265 0.00828783 0.00861291 0.00863951 0.0141779 0.0108273 0.00902623 0.0105302 0.00794938 0.0108054 0.0217734 0.0117238 0.0081885 0.00910673 0.00720951 0.00728811 0.0103905 0.00674982 0.00499106 0.00379903 0.00383387 0.00374855 0.00377448 0.00447895 0 0.224148 0.00561007 0.00524853 0.0041567 0.00534373 0.00492579 0.00541448 0.0124857 0.00642897 0.00848193 0.00676025 0.0121467 0.00770813 0.00805848 0.0231045 0.029149 0.00811441 0.0121419 0.00837817 0.00922808 0.00823453 0.0124071 0.00856365 0.011554 0.00911424 0.0166225 0.0102486 0.0124581 0.00885247 0.00977906 0.00866574 0.00935711 0.0191714 0.00856463 0.00937816 0.00863748 0.00896239 0.00887529 0.00888265 0.00884356 0.00910517 
0.0232 0.0175948 0.0110078 0.0116992 0.0382955 0.0153807 0.00842222 0.0114375 0.0100097 0.0157094 0.00918746 0.0207096 0.00853584 0.0150308 0.0144994 0.0207156 0.0152682 0.0120504 0.0180206 0.00873548 0.0569793 0.0210252 0.0179431 0.00993175 0.017191 0.0199459 0.0208879 0.0276151 0.00797502 0.0112519 0.0060508 0.0102176 0.00465715 0.0232918 0.0609553 0.224148 0 0.00416258 0.00400998 0.00381688 0.00505763 0.00438589 0.0070449 0.00880713 0.00763763 0.0116844 0.00715982 0.0185666 0.0102696 0.0545104 0.676956 0.0143232 0.00887678 0.00856437 0.0114675 0.0135054 0.00936208 0.0283142 0.00938443 0.0370575 0.0125638 0.059267 0.0176166 0.0356889 0.00917194 0.017241 0.00962066 0.0317414 0.0573191 0.00989916 0.0160259 0.0102016 0.0136369 0.0110819 0.0104916 0.00985217 0.0213308 
0.0115899 0.0156587 0.0187785 0.017087 0.0103276 0.00896804 0.00997687 0.008447 0.00920896 0.00859925 0.0448735 0.00855901 0.0220833 0.00942203 0.00925895 0.0131319 0.0386688 0.0313356 0.00949738 0.0417263 0.00857148 0.0299743 0.0128366 0.0308066 0.0103587 0.0204475 0.0102866 0.00774947 0.0131241 0.00727435 0.0119791 0.00574995 0.0346408 0.0387963 0.226281 0.00561007 0.00416258 0 0.0037655 0.00382288 0.00380064 0.00442928 0.0038766 0.00677309 0.0089236 0.00662295 0.0262992 0.010431 0.124746 0.601269 0.00967052 0.0106287 0.0105328 0.0098251 0.0109945 0.0085897 0.0369664 0.00992984 0.0306089 0.00952518 0.022872 0.0118659 0.0444185 0.0113176 0.0700705 0.0096891 0.0320825 0.00975718 0.0109779 0.0948632 0.0106168 0.0285186 0.0159915 0.0192454 0.0150655 0.0180663 0.0090307 
0.0144347 0.0211258 0.0381627 0.0201332 0.0133336 0.0114503 0.00863585 0.00886744 0.00860249 0.0204147 0.00931191 0.0761698 0.00921031 0.0159284 0.00918204 0.0156598 0.0407475 0.0333596 0.13363 0.00943461 0.0123786 0.0120609 0.0574011 0.014762 0.0529293 0.0101815 0.00993608 0.0139989 0.007769 0.0136757 0.0081862 0.0496297 0.0507752 0.159731 0.00494708 0.00524853 0.00400998 0.0037655 0 0.00378013 0.00379761 0.00382438 0.003835 0.00665242 0.00612856 0.0307247 0.0136361 0.515858 0.396305 0.0123304 0.0223995 0.00925614 0.00839229 0.0100751 0.0108005 0.0310803 0.0094965 0.0558296 0.0112049 0.04543 0.0101964 0.0177435 0.0163711 0.205386 0.0127673 0.242917 0.0101086 0.0110978 0.044924 0.0144844 0.137451 0.0209628 0.0619398 0.0542666 0.0518246 0.0136002 0.0113594 
0.0108731 0.0210799 0.0406733 0.0292001 0.010483 0.00871228 0.00872925 0.00889354 0.0088533 0.00920841 0.0304755 0.00960565 0.0380333 0.00956814 0.00915023 0.0118943 0.0351174 0.120978 0.0222822 0.0230398 0.00870246 0.0189875 0.0160264 0.0928864 0.0124119 0.0142565 0.0096537 0.00812858 0.0103295 0.00792723 0.0374717 0.0811834 0.126082 0.0138929 0.010364 0.0041567 0.00381688 0.00382288 0.00378013 0 0.00375419 0.00376757 0.00383436 0.00478898 0.00894338 0.0107171 0.835408 0.0658926 0.0102724 0.0267952 0.00888178 0.00863957 0.00856433 0.00943152 0.0160258 0.00910896 0.0270807 0.0110074 0.0503596 0.0118825 0.0153208 0.00985408 0.0373128 0.0165029 0.316071 0.017888 0.0327998 0.0096235 0.0119268 0.080304 0.0208981 0.0778371 0.0454682 0.0824379 0.0460475 0.0273132 0.00964871 
0.00905222 0.0127081 0.041379 0.0213995 0.0108503 0.00866718 0.00846982 0.00897056 0.00838294 0.0121358 0.00933518 0.0351741 0.00924283 0.0109476 0.00874101 0.0105347 0.0397215 0.0417176 0.0625967 0.00977862 0.0109897 0.010294 0.0366594 0.020103 0.0329226 0.0102949 0.00910089 0.0101243 0.00786753 0.0358855 0.122883 0.154765 0.0247306 0.0114923 0.00568749 0.00534373 0.00505763 0.00380064 0.00379761 0.00375419 0 0.00376326 0.00379601 0.00559179 0.0083475 0.884165 0.0367574 0.0187081 0.00939528 0.00893362 0.0115517 0.00771252 0.00833818 0.0107699 0.00922358 0.0134959 0.00887482 0.0420206 0.0116028 0.0289922 0.0100192 0.0122664 0.0136213 0.113874 0.017641 0.110563 0.0112845 0.0119542 0.0172929 0.0167294 0.0950279 0.0241704 0.0581675 0.0465273 0.0526666 0.0144228 0.0118923 
0.00964297 0.0119998 0.0112967 0.0172339 0.00933377 0.0101563 0.0102291 0.00850488 0.00901457 0.00891947 0.0223074 0.00870112 0.0111042 0.0088878 0.00896997 0.0205407 0.0196171 0.0190856 0.010399 0.0319906 0.00839464 0.0199619 0.013378 0.0248653 0.010197 0.0146374 0.00928007 0.0097942 0.0330267 0.0974236 0.099997 0.0152466 0.0143136 0.00688184 0.00800095 0.00492579 0.00438589 0.00442928 0.00382438 0.00376757 0.00376326 0 0.0038259 0.0108878 0.962135 0.00963459 0.0296974 0.00617729 0.00775994 0.0122892 0.00715876 0.00794233 0.0109616 0.00831769 0.00914046 0.00820786 0.0136632 0.00912755 0.0199523 0.0109122 0.0318934 0.0123128 0.0328251 0.0118079 0.0319752 0.0106259 0.0449794 0.00947547 0.0106702 0.0341525 0.0118736 0.0184921 0.0143115 0.0157323 0.0145045 0.0276666 0.00908612 
0.0118686 0.00926865 0.00863185 0.00884348 0.0130819 0.0138785 0.00811124 0.0083592 0.00897556 0.0121829 0.00875019 0.00961633 0.00848316 0.00842398 0.0090632 0.0176214 0.0107129 0.00944809 0.0095618 0.00834649 0.0104726 0.0208097 0.0119766 0.00899986 0.010504 0.00856538 0.0095498 0.0206592 0.165675 0.0656472 0.0122375 0.0143121 0.0063618 0.00680621 0.00576579 0.00541448 0.0070449 0.0038766 0.003835 0.00383436 0.00379601 0.0038259 0 0.941287 0.00499791 0.00565678 0.00426074 0.00647533 0.00570282 0.00625264 0.0119086 0.0177708 0.00734404 0.00755034 0.00803364 0.00972384 0.0079149 0.0112132 0.0084724 0.0116384 0.0130695 0.0205286 0.0108751 0.0116373 0.00895738 0.0104876 0.0090586 0.0130633 0.0197754 0.00919768 0.0102586 0.00889298 0.0102018 0.00943658 0.00977249 0.00948173 0.0113166 
0.00984883 0.00844801 0.0084635 0.00896529 0.0116246 0.00875103 0.00810984 0.00892961 0.00835415 0.00845779 0.00872283 0.00881385 0.00859558 0.00896267 0.00949818 0.00931469 0.00921454 0.0091484 0.00897075 0.00862872 0.0133555 0.0109619 0.00921402 0.00886083 0.00894287 0.00952175 0.0145095 0.0115625 0.0101595 0.00851541 0.00886517 0.00779344 0.00682841 0.00709622 0.00854518 0.0124857 0.00880713 0.00677309 0.00665242 0.00478898 0.00559179 0.0108878 0.941287 0 0.00420223 0.00382419 0.00391926 0.00426845 0.00400798 0.00410288 0.0124477 0.00638486 0.00548646 0.00601711 0.00733138 0.00694457 0.00737688 0.00979993 0.015702 0.0116376 0.0173363 0.0148709 0.00993688 0.0117528 0.00846678 0.0088361 0.00896894 0.0130407 0.0125148 0.00945721 0.00927115 0.00901899 0.00959568 0.0089225 0.0086444 0.0091175 0.0118677 
0.00844096 0.00850218 0.00848423 0.00904259 0.00863203 0.0082391 0.00843117 0.00809271 0.00791811 0.00823996 0.00904143 0.00834851 0.0093054 0.00858915 0.00857651 0.00859183 0.00939622 0.0106611 0.00877278 0.0101593 0.00832722 0.00968418 0.0090144 0.0108333 0.00867915 0.0123506 0.00951162 0.00848313 0.00887728 0.00836506 0.012022 0.00764617 0.00861611 0.00717477 0.0122383 0.00642897 0.00763763 0.0089236 0.00612856 0.00894338 0.0083475 0.962135 0.00499791 0.00420223 0 0.00377539 0.00388577 0.00407733 0.00390672 0.00717794 0.00433291 0.00505175 0.00546587 0.00736222 0.00767602 0.00685057 0.0139861 0.0196678 0.0234461 0.00923556 0.00976135 0.0082352 0.00891558 0.00878886 0.0101281 0.00874173 0.0122285 0.00872773 0.00893721 0.0135866 0.00893584 0.00958816 0.0100429 0.00969836 0.00937748 0.0107478 0.00854381 
0.00832141 0.00865273 0.00935936 0.00877532 0.00883527 0.00838754 0.00808425 0.00801316 0.00786254 0.00885621 0.00835755 0.0142744 0.00837721 0.0091798 0.00816629 0.00856108 0.00983446 0.00993163 0.0183801 0.00819673 0.00986926 0.00885682 0.0120906 0.00872983 0.0164291 0.00863852 0.00883961 0.0107843 0.00823847 0.0116396 0.00815988 0.0194188 0.0077202 0.0147515 0.00720378 0.00848193 0.0116844 0.00662295 0.0307247 0.0107171 0.884165 0.00963459 0.00565678 0.00382419 0.00377539 0 0.00375042 0.00382801 0.0040214 0.00377667 0.00438005 0.00476059 0.00537868 0.00606346 0.00885494 0.0122109 0.00930713 0.0316865 0.00787391 0.0134578 0.00751075 0.00840622 0.00928962 0.0176387 0.00833218 0.0160334 0.00842112 0.00892873 0.0124295 0.00876125 0.0154758 0.00957524 0.0106162 0.012765 0.010963 0.00870498 0.00891049 
0.00908816 0.00920175 0.011487 0.0109378 0.00879133 0.00827016 0.0081842 0.00820703 0.00810829 0.0082732 0.0144688 0.00840229 0.0166852 0.00875782 0.00849341 0.00942601 0.0111127 0.0242135 0.0091904 0.0281135 0.00832169 0.0112965 0.00897852 0.0397465 0.00876094 0.0119402 0.00931692 0.00820613 0.0148928 0.00837429 0.035945 0.00797967 0.0245458 0.00751383 0.0135358 0.00676025 0.00715982 0.0262992 0.0136361 0.835408 0.0367574 0.0296974 0.00426074 0.00391926 0.00388577 0.00375042 0 0.00383321 0.00377953 0.00389954 0.00383463 0.00505601 0.00443482 0.00603728 0.0138055 0.00948123 0.0443365 0.00744439 0.0248543 0.00688866 0.0141141 0.00803526 0.011629 0.00835814 0.0370659 0.0085999 0.0118534 0.00864772 0.00893234 0.0209313 0.00935719 0.0125891 0.0169341 0.0118588 0.0127167 0.0117379 0.00854396 
0.00939919 0.00961015 0.0103725 0.00964951 0.0110257 0.00890073 0.00816654 0.00832087 0.00802139 0.0105557 0.00824987 0.028829 0.00831362 0.0100132 0.00851927 0.00885531 0.0132419 0.0103888 0.0327406 0.0083573 0.0121135 0.00913008 0.015596 0.00890434 0.0279033 0.008938 0.00908226 0.0133785 0.00807599 0.0250488 0.00817799 0.0297334 0.00767791 0.0195535 0.00749569 0.0121467 0.0185666 0.010431 0.515858 0.0658926 0.0187081 0.00617729 0.00647533 0.00426845 0.00407733 0.00382801 0.00383321 0 0.00379172 0.00378356 0.00492899 0.00455391 0.00433256 0.0059743 0.0182068 0.0271059 0.00601546 0.041895 0.00692785 0.0174693 0.00691501 0.0091613 0.00803145 0.0324968 0.00811209 0.0228655 0.00836137 0.0100517 0.0149878 0.0086885 0.0260605 0.0108158 0.0120993 0.0164254 0.0111679 0.00903031 0.0103868 
0.00826156 0.00868319 0.0122415 0.00954388 0.00854707 0.00811562 0.00813769 0.00816824 0.00802348 0.00852045 0.00986416 0.00885612 0.0105659 0.00844141 0.00821305 0.00885608 0.0116805 0.019978 0.0106658 0.00950341 0.00844916 0.00954966 0.00986272 0.019584 0.0103504 0.00932358 0.00882948 0.00826164 0.0104849 0.0089564 0.0184809 0.0090056 0.0102375 0.00859465 0.00914303 0.00770813 0.0102696 0.124746 0.396305 0.0102724 0.00939528 0.00775994 0.00570282 0.00400798 0.00390672 0.0040214 0.00377953 0.00379172 0 0.00388611 0.00376127 0.00378225 0.00474653 0.00715988 0.0101393 0.00602046 0.0108128 0.00745902 0.0107729 0.0071021 0.00806259 0.00805537 0.0130043 0.00934823 0.0226391 0.0102588 0.0105389 0.00847457 0.00933404 0.0122641 0.0138104 0.0153187 0.0193365 0.0137304 0.012965 0.0103934 0.00883425 
