1GXSC
QQEDDRILGLPGQPNGVAFGMYGGYVTIDDNNGRALYYWFQEADTADPAAAPLVLWLNGGPGCSSIGLGAMQELGAFRVHTNGESLLLNEYAWNKAANILFAESPAGVGFSYSNTSSDLSMGDDKMAQDTYTFLVKWFERFPHYNYREFYIAGESGHFIPQLSQVVYRNRNNSPFINFQGLLVSSGLTNDHEDMIGMFESWWHHGLISDETRDSGLKVCPGTSFMHPTPECTEVWNKALAEQGNINPYTIYTPTCDREPSPYQRRFW
CHHHCECCCCCCCCCCCCCCEEEEEEEEECCCCEEEEEEEECCCCCCHHHCCEEEEECCCCCECCCCCHHHHCCCCEEECCCCCCEEECCCCHHHCCEEEEECCCCCCCCCEECCHHHHCCCHHHHHHHHHHHHHHHHHHCHHHCCCEEEEEECCCCHHHHHHHHHHHCCCCCCCCEEEEEEEECCCCEHHHHHHHHHHHHHHCCCCCHHHHHHHHHHCCCCCCCCCCHHHHHHHHHHHHHCCCCCCCCCCCCCCCCCCCCCCCCCC
0 0 0 0 0 0 0 0 0 0 0 0 0 0 0 0 0 0 0 0 0 0 0 0 0 0 0 0 0 0 0 0 0 0 0 0 0 0 0 0 0 0 0 0 0 0 0 0 0 0 0 0 0 0 0 0 0 0 0 0 0 0 0 0 0 0 0 0 0 0 0 0 0 0 0 0 0 0 0 0 0 0 0 0 0 0 0 0 0 0 0 0 0 0 0 0 0 0 0 0 0 0 0 0 0 0 0 0 0 0 0 0 0 0 0 0 0 0 0 0 0 0 0 0 0 0 0 0 0 0 0 0 0 0 0 0 0 0 0 0 0 0 0 0 0 0 0 0 0 0 0 0 0 0 0 0 0 0 0 0 0 0 0 0 0 0 0 0 0 0 0 0 0 0 0 0 0 0 0 0 0 0 0 0 0 0 0 0 0 0 0 0 0 0 0 0 0 0 0 0 0 0 0 0 0 0 0 0 0 0 0 0 0 0 0 0 0 0 0 0 0 0 0 0 0 0 0 0 0 0 0 0 0 0 0 0 0 0 0 0 0 0 0 0 0 0 0 0 0 0 0 0 0 0 0 0 0 0 0 0 0 0 0 0 0 0 0 
0 0 0 0 0 0 0 0 0 0 0 0 0 0 0 0 0 0 0 0 0 0 0 0 0 0 0 0 0 0 0 0 0 0 0 0 0 0 0 0 0 0 0 0 0 0 0 0 0 0 0 0 0 0 0 0 0 0 0 0 0 0 0 0 0 0 0 0 0 0 0 0 0 0 0 0 0 0 0 0 0 0 0 0 0 0 0 0 0 0 0 0 0 0 0 0 0 0 0 0 0 0 0 0 0 0 0 0 0 0 0 0 0 0 0 0 0 0 0 0 0 0 0 0 0 0 0 0 0 0 0 0 0 0 0 0 0 0 0 0 0 0 0 0 0 0 0 0 0 0 0 0 0 0 0 0 0 0 0 0 0 0 0 0 0 0 0 0 0 0 0 0 0 0 0 0 0 0 0 0 0 0 0 0 0 0 0 0 0 0 0 0 0 0 0 0 0 0 0 0 0 0 0 0 0 0 0 0 0 0 0 0 0 0 0 0 0 0 0 0 0 0 0 0 0 0 0 0 0 0 0 0 0 0 0 0 0 0 0 0 0 0 0 0 0 0 0 0 0 0 0 0 0 0 0 0 0 0 0 0 0 0 0 0 0 0 0 
0 0.0203694 0.0178066 0.0094146 0.00855905 0.00999942 0.00851246 0.0107465 0.0116335 0.0206723 0.0166121 0.0100496 0.00921626 0.00948902 0.00933868 0.00928418 0.00992017 0.0147289 0.0171351 0.0100377 0.00900002 0.010821 0.011164 0.0246772 0.0108409 0.00907564 0.0106118 0.0110573 0.00846852 0.0114189 0.0116459 0.00816053 0.00826795 0.00907887 0.0102255 0.00970106 0.0102353 0.00910417 0.00788322 0.0082452 0.00805694 0.0081316 0.00852409 0.0092654 0.00788306 0.00793467 0.00800807 0.0079677 0.00801757 0.00800877 0.008522 0.0123141 
0.0203694 0 0.00388774 0.00381563 0.00374873 0.00381331 0.00402125 0.0147022 0.00645272 0.0095587 0.0073669 0.00873118 0.007669 0.00862299 0.00854515 0.00894632 0.0145605 0.843405 0.0297175 0.0160668 0.012242 0.0124625 0.0175347 0.0119061 0.0113194 0.0090317 0.0163927 0.0103151 0.00885483 0.0150517 0.0113083 0.0102159 0.0097229 0.0102718 0.0136509 0.00830322 0.00884434 0.00804756 0.00822717 0.00829938 0.00855512 0.00841369 0.00880322 0.00793845 0.00814996 0.00793903 0.00814757 0.00825273 0.00818748 0.00827804 0.00860546 0.00816615 
0.0178066 0.00388774 0 0.00383923 0.00377701 0.00379624 0.0055627 0.00405846 0.00502825 0.00477413 0.00704871 0.00916054 0.0100548 0.00806991 0.0106001 0.0101806 0.879209 0.0659703 0.0195437 0.0185102 0.0217325 0.024182 0.0120386 0.00888144 0.010119 0.0120538 0.00957825 0.00906909 0.0101121 0.00929815 0.00964265 0.0135689 0.0155173 0.0155903 0.00948835 0.00820375 0.00851408 0.00791791 0.00863849 0.00954871 0.00936467 0.00869432 0.00831927 0.00795613 0.00819498 0.00812528 0.00835097 0.00835792 0.00857684 0.00846458 0.00822424 0.00789872 
0.0094146 0.00381563 0.00383923 0 0.00375294 0.00377638 0.00380544 0.00409749 0.00380949 0.00380589 0.00654157 0.0095036 0.00869115 0.0112159 0.00868388 0.871077 0.0591841 0.0182166 0.012045 0.0224015 0.0331588 0.0205921 0.0114102 0.00859309 0.0101369 0.00983004 0.00902662 0.00924794 0.00925709 0.00906421 0.0101197 0.0147839 0.0318012 0.0138855 0.00997789 0.00830558 0.00840482 0.00806118 0.00881799 0.0109334 0.0119217 0.00958601 0.00840944 0.00798502 0.00850158 0.00829952 0.00888592 0.00903129 0.00942961 0.00876446 0.00817927 0.00785316 
0.00855905 0.00374873 0.00377701 0.00375294 0 0.0037519 0.0041025 0.00380822 0.00375431 0.00387044 0.00682462 0.00837291 0.0118301 0.00887918 0.903852 0.0792893 0.0498145 0.00944992 0.0179371 0.0198206 0.0434503 0.017104 0.0137813 0.00866009 0.0119525 0.00963486 0.0101039 0.00921663 0.010413 0.00955315 0.009758 0.0259953 0.0260352 0.0181429 0.0103913 0.00829464 0.00822627 0.0079762 0.00915461 0.0108309 0.0130645 0.00887073 0.00851704 0.00791779 0.00872624 0.00819032 0.00899177 0.00869585 0.00949416 0.00885829 0.00818316 0.00786119 
0.00999942 0.00381331 0.00379624 0.00377638 0.0037519 0 0.00368542 0.0037375 0.00376651 0.00384449 0.00695671 0.0113123 0.00965554 0.907163 0.0871187 0.03313 0.00956846 0.0122027 0.016284 0.0282689 0.0220827 0.0325021 0.0108502 0.00871742 0.00995255 0.0116406 0.0093882 0.0096454 0.00909437 0.0102736 0.010673 0.0113583 0.0343767 0.0163715 0.0107178 0.0082831 0.00849207 0.00831414 0.00854716 0.0128772 0.0100533 0.00984837 0.0085038 0.00835907 0.0083605 0.00854582 0.00858451 0.00876641 0.00925694 0.0086789 0.00823562 0.00788677 
0.00851246 0.00402125 0.0055627 0.00380544 0.0041025 0.00368542 0 0.00375927 0.00380425 0.00378888 0.00565797 0.00843587 0.869141 0.0649368 0.0298905 0.00987246 0.0122013 0.00876828 0.0175737 0.0141715 0.051606 0.0114069 0.0145446 0.0086461 0.011951 0.00904654 0.0119516 0.00934358 0.0092865 0.00971948 0.00923911 0.026274 0.0188705 0.01444 0.0104126 0.0083077 0.00832664 0.00802652 0.0105319 0.00978611 0.0147798 0.00888178 0.00867359 0.00798716 0.00913957 0.00831377 0.00923145 0.00885073 0.00921325 0.00875758 0.00832441 0.00788414 
0.0107465 0.0147022 0.00405846 0.00409749 0.00380822 0.0037375 0.00375927 0 0.00375619 0.00376041 0.00605386 0.732129 0.0627473 0.0199613 0.00926817 0.0113652 0.00802921 0.00753104 0.0120873 0.0316614 0.0181737 0.030384 0.00918619 0.00882322 0.00991416 0.0147523 0.00871643 0.010584 0.00922502 0.00895004 0.0127087 0.0117184 0.0427166 0.0181093 0.00920262 0.00836074 0.00827739 0.00902008 0.00877791 0.0178106 0.0102798 0.00988295 0.00829976 0.00937901 0.00827823 0.00874326 0.00865491 0.00892266 0.00963606 0.00866653 0.00815878 0.00797409 
0.0116335 0.00645272 0.00502825 0.00380949 0.00375431 0.00376651 0.00380425 0.00375619 0 0.00397866 0.196086 0.222255 0.0264582 0.00732775 0.0102307 0.00906209 0.0098263 0.00837982 0.0155517 0.01566 0.0226233 0.0177678 0.0187198 0.0105978 0.0149821 0.010182 0.0111742 0.0113177 0.0128188 0.0089907 0.0096545 0.0182241 0.0113975 0.0174372 0.0110067 0.0089086 0.00845415 0.00832218 0.00942465 0.0087495 0.0103983 0.00858636 0.00850791 0.00793872 0.00892902 0.00810184 0.00863418 0.00847187 0.00858068 0.00856433 0.00813624 0.00787545 
0.0206723 0.0095587 0.00477413 0.00380589 0.00387044 0.00384449 0.00378888 0.00376041 0.00397866 0 0.756368 0.0109352 0.00722122 0.00707929 0.00624487 0.00640418 0.00704706 0.0083949 0.0168859 0.010611 0.00942657 0.0118061 0.012467 0.0151012 0.0148835 0.00951161 0.00934869 0.0160813 0.00884487 0.010168 0.0134867 0.00948594 0.00916351 0.00976618 0.011635 0.00932903 0.00848933 0.00869441 0.00815294 0.00855706 0.00823881 0.00820391 0.00865275 0.00853424 0.00794729 0.00793781 0.00799382 0.00809753 0.00811241 0.00803591 0.00822323 0.00819008 
0.0166121 0.0073669 0.00704871 0.00654157 0.00682462 0.00695671 0.00565797 0.00605386 0.196086 0.756368 0 0.00383181 0.0037801 0.00376117 0.00375105 0.00379455 0.00391306 0.00785319 0.0230586 0.0112513 0.0103001 0.0110446 0.0195749 0.0125451 0.0142604 0.0103291 0.0173102 0.0117233 0.00912468 0.0185704 0.016113 0.0102788 0.00939794 0.0106234 0.0149971 0.00881112 0.0106545 0.00827635 0.00814701 0.00830775 0.00836632 0.00856866 0.00983244 0.00832016 0.00790991 0.00794037 0.0080701 0.00805341 0.00816341 0.00822736 0.00897053 0.00849822 
0.0100496 0.00873118 0.00916054 0.0095036 0.00837291 0.0113123 0.00843587 0.732129 0.222255 0.0109352 0.00383181 0 0.00376445 0.00374903 0.00390291 0.00386209 0.00428427 0.0042315 0.0227413 0.0320546 0.0189069 0.0263948 0.0129977 0.00975809 0.0117115 0.0187339 0.0103742 0.0110761 0.0139601 0.0101103 0.0128417 0.0221697 0.0227912 0.0176016 0.0101475 0.00870756 0.00901963 0.00815823 0.00937114 0.0100716 0.0100712 0.0106733 0.00855279 0.00802982 0.00856566 0.0083166 0.00862016 0.00868649 0.00893789 0.00904995 0.00841961 0.00794388 
0.00921626 0.007669 0.0100548 0.00869115 0.0118301 0.00965554 0.869141 0.0627473 0.0264582 0.00722122 0.0037801 0.00376445 0 0.00375706 0.00376387 0.00376365 0.00377681 0.00381274 0.0141359 0.0222361 0.0312045 0.0246208 0.0181859 0.00898659 0.0122319 0.0104509 0.0105129 0.0107169 0.010807 0.00979819 0.0115034 0.0275247 0.0545508 0.0240697 0.0107167 0.00851442 0.00853961 0.00819943 0.0101174 0.0131102 0.0184156 0.00988398 0.00888645 0.00810564 0.00897568 0.00855227 0.00967181 0.00983142 0.0111878 0.00907854 0.00839114 0.00786751 
0.00948902 0.00862299 0.00806991 0.0112159 0.00887918 0.907163 0.0649368 0.0199613 0.00732775 0.00707929 0.00376117 0.00374903 0.00375706 0 0.00374985 0.00374446 0.00377252 0.0038739 0.0121963 0.0237909 0.0236317 0.0292614 0.0394609 0.00979795 0.0110644 0.0138214 0.00972318 0.0106056 0.010688 0.0105482 0.013251 0.0255962 0.0522133 0.0315566 0.0123308 0.00863654 0.0085586 0.0083558 0.00950093 0.0182574 0.0166953 0.0124559 0.00888661 0.0081524 0.00862502 0.008859 0.0097616 0.0103385 0.011142 0.0092345 0.00842112 0.00790728 
0.00933868 0.00854515 0.0106001 0.00868388 0.903852 0.0871187 0.0298905 0.00926817 0.0102307 0.00624487 0.00375105 0.00390291 0.00376387 0.00374985 0 0.00376162 0.00376133 0.00377071 0.0183091 0.0212969 0.0351233 0.0431951 0.0230511 0.00925097 0.0136128 0.0108025 0.0118831 0.0105348 0.0117152 0.0101001 0.0130121 0.0378672 0.0514498 0.0325496 0.0124795 0.00861309 0.00867888 0.00816583 0.0110078 0.0145811 0.022856 0.011041 0.00910076 0.00828804 0.00909131 0.00871361 0.0109576 0.0103993 0.0118196 0.00946876 0.00865905 0.00791208 
0.00928418 0.00894632 0.0101806 0.871077 0.0792893 0.03313 0.00987246 0.0113652 0.00906209 0.00640418 0.00379455 0.00386209 0.00376365 0.00374446 0.00376162 0 0.00380663 0.00375487 0.0142997 0.0248734 0.0793535 0.0634531 0.0123738 0.00905023 0.012073 0.0137562 0.0108804 0.0111472 0.0112868 0.0117836 0.0127999 0.0306607 0.0975481 0.0375669 0.0127864 0.00853156 0.00852307 0.00849865 0.00963956 0.0201077 0.0198286 0.0118042 0.00896031 0.00828729 0.00874267 0.00928904 0.00997888 0.0109333 0.0115714 0.00945484 0.00874919 0.00790963 
0.00992017 0.0145605 0.879209 0.0591841 0.0498145 0.00956846 0.0122013 0.00802921 0.0098263 0.00704706 0.00391306 0.00428427 0.00377681 0.00377252 0.00376133 0.00380663 0 0.00374837 0.0275212 0.0600052 0.0463736 0.0460178 0.0157398 0.0104468 0.0137632 0.0291841 0.0110512 0.0107528 0.0283482 0.0103648 0.0122455 0.0274694 0.0232632 0.0599935 0.0153442 0.00980864 0.00876566 0.00870293 0.0105682 0.0106653 0.0124595 0.0121411 0.00921869 0.00814629 0.00887275 0.00835201 0.00921296 0.00887829 0.00926569 0.00940548 0.00848774 0.00792962 
0.0147289 0.843405 0.0659703 0.0182166 0.00944992 0.0122027 0.00876828 0.00753104 0.00837982 0.0083949 0.00785319 0.0042315 0.00381274 0.0038739 0.00377071 0.00375487 0.00374837 0 0.045521 0.0163241 0.0146824 0.0185468 0.0265188 0.0175748 0.022335 0.0116317 0.0135721 0.0200352 0.00961084 0.0215367 0.018892 0.0128413 0.0113715 0.0171797 0.0293993 0.0106284 0.00903863 0.0102183 0.00881199 0.00933971 0.00923083 0.00937258 0.011221 0.00895716 0.00817104 0.00827523 0.00835661 0.00852224 0.00857388 0.00853029 0.0102443 0.00812577 
0.0171351 0.0297175 0.0195437 0.012045 0.0179371 0.016284 0.0175737 0.0120873 0.0155517 0.0168859 0.0230586 0.0227413 0.0141359 0.0121963 0.0183091 0.0142997 0.0275212 0.045521 0 0.00382467 0.00381505 0.00386043 0.00430485 0.00940252 0.0781933 0.0151906 0.0460254 0.0269984 0.0146478 0.0265602 0.134726 0.0355752 0.0172699 0.018486 0.0329935 0.0112975 0.0161433 0.00943673 0.0134122 0.0108852 0.0122563 0.0103454 0.0153498 0.00863555 0.00874783 0.00828037 0.00895448 0.0093137 0.00924431 0.00951911 0.0122061 0.00907505 
0.0100377 0.0160668 0.0185102 0.0224015 0.0198206 0.0282689 0.0141715 0.0316614 0.01566 0.010611 0.0112513 0.0320546 0.0222361 0.0237909 0.0212969 0.0248734 0.0600052 0.0163241 0.00382467 0 0.00377868 0.00378787 0.00379731 0.00711651 0.0298574 0.0821802 0.0112133 0.0181503 0.0283315 0.0121547 0.0292441 0.207043 0.0424103 0.0501136 0.0122114 0.0109894 0.00966811 0.00882244 0.0130235 0.0259562 0.0159567 0.0181684 0.00974745 0.00890591 0.00916843 0.00890005 0.0100233 0.0110151 0.0123906 0.0110835 0.00914118 0.00797912 
0.00900002 0.012242 0.0217325 0.0331588 0.0434503 0.0220827 0.051606 0.0181737 0.0226233 0.00942657 0.0103001 0.0189069 0.0312045 0.0236317 0.0351233 0.0793535 0.0463736 0.0146824 0.00381505 0.00377868 0 0.00377276 0.00376506 0.00534568 0.038133 0.027479 0.0232205 0.0140915 0.0167076 0.0118243 0.0137484 0.0610556 0.328581 0.0468449 0.0189304 0.00891801 0.00891672 0.00853647 0.0193392 0.026146 0.0848122 0.0136029 0.0103655 0.00844501 0.0106522 0.00957284 0.0148576 0.0131501 0.0196088 0.0112278 0.00915996 0.00791385 
0.010821 0.0124625 0.024182 0.0205921 0.017104 0.0325021 0.0114069 0.030384 0.0177678 0.0118061 0.0110446 0.0263948 0.0246208 0.0292614 0.0431951 0.0634531 0.0460178 0.0185468 0.00386043 0.00378787 0.00377276 0 0.00376736 0.00790636 0.0181415 0.139831 0.0146902 0.0146381 0.0384537 0.0161132 0.0163313 0.034144 0.0468947 0.288971 0.0243896 0.0109912 0.00969976 0.0103548 0.0103656 0.0285324 0.018469 0.0300478 0.0101077 0.0109996 0.00886966 0.00907177 0.010015 0.010432 0.0123027 0.011096 0.00919144 0.00801982 
0.011164 0.0175347 0.0120386 0.0114102 0.0137813 0.0108502 0.0145446 0.00918619 0.0187198 0.012467 0.0195749 0.0129977 0.0181859 0.0394609 0.0230511 0.0123738 0.0157398 0.0265188 0.00430485 0.00379731 0.00376506 0.00376736 0 0.0319171 0.0425929 0.019438 0.0573695 0.0202581 0.0139757 0.0193528 0.0169884 0.0152729 0.0155492 0.0287328 0.0789471 0.013126 0.0101046 0.00892662 0.010772 0.00927743 0.0110082 0.0111708 0.0160689 0.00832306 0.0087124 0.00817344 0.00881011 0.00857652 0.0090641 0.00981454 0.0105711 0.00811874 
0.0246772 0.0119061 0.00888144 0.00859309 0.00866009 0.00871742 0.0086461 0.00882322 0.0105978 0.0151012 0.0125451 0.00975809 0.00898659 0.00979795 0.00925097 0.00905023 0.0104468 0.0175748 0.00940252 0.00711651 0.00534568 0.00790636 0.0319171 0 0.0195814 0.0175582 0.0247496 0.0129719 0.0127418 0.0177189 0.0192717 0.0102817 0.00884103 0.0137391 0.0195497 0.0140539 0.0135093 0.00871356 0.00822141 0.00841997 0.00825214 0.00900096 0.0120052 0.00840601 0.00807409 0.00792123 0.00798393 0.00803454 0.00813411 0.00896157 0.0103673 0.0107987 
0.0108409 0.0113194 0.010119 0.0101369 0.0119525 0.00995255 0.011951 0.00991416 0.0149821 0.0148835 0.0142604 0.0117115 0.0122319 0.0110644 0.0136128 0.012073 0.0137632 0.022335 0.0781933 0.0298574 0.038133 0.0181415 0.0425929 0.0195814 0 0.00381372 0.0041026 0.010718 0.010807 0.89944 0.024277 0.0163499 0.0158601 0.0174324 0.0431761 0.0127094 0.0180206 0.00906589 0.0113722 0.0096088 0.012452 0.010723 0.0149974 0.00869687 0.00844886 0.00813359 0.00859431 0.00868968 0.00880162 0.00941712 0.0124645 0.008948 
0.00907564 0.0090317 0.0120538 0.00983004 0.00963486 0.0116406 0.00904654 0.0147523 0.010182 0.00951161 0.0103291 0.0187339 0.0104509 0.0138214 0.0108025 0.0137562 0.0291841 0.0116317 0.0151906 0.0821802 0.027479 0.139831 0.019438 0.0175582 0.00381372 0 0.00377126 0.00849444 0.95248 0.00863799 0.0128792 0.0227956 0.014036 0.0482849 0.0108334 0.0135199 0.0103958 0.00935388 0.00942737 0.0131151 0.00987969 0.018097 0.00931757 0.00901071 0.00844668 0.00826628 0.00837481 0.00896661 0.00973261 0.0106461 0.00913541 0.00813674 
0.0106118 0.0163927 0.00957825 0.00902662 0.0101039 0.0093882 0.0119516 0.00871643 0.0111742 0.00934869 0.0173102 0.0103742 0.0105129 0.00972318 0.0118831 0.0108804 0.0110512 0.0135721 0.0460254 0.0112133 0.0232205 0.0146902 0.0573695 0.0247496 0.0041026 0.00377126 0 0.943573 0.00696206 0.0115204 0.0130183 0.0159151 0.0113408 0.0177965 0.0364263 0.0157257 0.0105092 0.00916482 0.0122809 0.00888548 0.0120993 0.00914474 0.0136471 0.0082929 0.0103848 0.00807038 0.00874479 0.00867379 0.00887887 0.00901277 0.00977177 0.0082115 
0.0110573 0.0103151 0.00906909 0.00924794 0.00921663 0.0096454 0.00934358 0.010584 0.0113177 0.0160813 0.0117233 0.0110761 0.0107169 0.0106056 0.0105348 0.0111472 0.0107528 0.0200352 0.0269984 0.0181503 0.0140915 0.0146381 0.0202581 0.0129719 0.010718 0.00849444 0.943573 0 0.00392096 0.00422549 0.01295 0.0160752 0.0293582 0.0240002 0.0406245 0.0131403 0.01684 0.0107289 0.0104078 0.0107671 0.0102155 0.0107952 0.0136978 0.00933058 0.00858348 0.00824912 0.00846624 0.00885044 0.00881279 0.00953191 0.0118177 0.0094603 
0.00846852 0.00885483 0.0101121 0.00925709 0.010413 0.00909437 0.0092865 0.00922502 0.0128188 0.00884487 0.00912468 0.0139601 0.010807 0.010688 0.0117152 0.0112868 0.0283482 0.00961084 0.0146478 0.0283315 0.0167076 0.0384537 0.0139757 0.0127418 0.010807 0.95248 0.00696206 0.00392096 0 0.00388859 0.0102095 0.0405457 0.0203264 0.05605 0.0117013 0.0170816 0.0173704 0.00865577 0.0156712 0.0102153 0.0126839 0.0146139 0.00955602 0.00823106 0.00967564 0.00811452 0.00866057 0.00901056 0.00956678 0.011755 0.00917867 0.00814042 
0.0114189 0.0150517 0.00929815 0.00906421 0.00955315 0.0102736 0.00971948 0.00895004 0.0089907 0.010168 0.0185704 0.0101103 0.00979819 0.0105482 0.0101001 0.0117836 0.0103648 0.0215367 0.0265602 0.0121547 0.0118243 0.0161132 0.0193528 0.0177189 0.89944 0.00863799 0.0115204 0.00422549 0.00388859 0 0.0421999 0.014056 0.0194965 0.0122301 0.0250237 0.0159294 0.0122551 0.0142473 0.00919009 0.0112468 0.0107751 0.0102256 0.0141075 0.0112349 0.00838164 0.00827445 0.00854286 0.00876881 0.00901914 0.00887011 0.0109816 0.00853345 
0.0116459 0.0113083 0.00964265 0.0101197 0.009758 0.010673 0.00923911 0.0127087 0.0096545 0.0134867 0.016113 0.0128417 0.0115034 0.013251 0.0130121 0.0127999 0.0122455 0.018892 0.134726 0.0292441 0.0137484 0.0163313 0.0169884 0.0192717 0.024277 0.0128792 0.0130183 0.01295 0.0102095 0.0421999 0 0.00392074 0.00382509 0.00387212 0.00429156 0.011254 0.0157875 0.0516812 0.0132556 0.0167115 0.0122407 0.0146417 0.0172967 0.016648 0.00870231 0.00913391 0.00960534 0.0111663 0.0108432 0.0107951 0.0160101 0.0108753 
0.00816053 0.0102159 0.0135689 0.0147839 0.0259953 0.0113583 0.026274 0.0117184 0.0182241 0.00948594 0.0102788 0.0221697 0.0275247 0.0255962 0.0378672 0.0306607 0.0274694 0.0128413 0.0355752 0.207043 0.0610556 0.034144 0.0152729 0.0102817 0.0163499 0.0227956 0.0159151 0.0160752 0.0405457 0.014056 0.00392074 0 0.00379424 0.00381477 0.00392804 0.0155983 0.0116587 0.0120653 0.102103 0.021319 0.0487077 0.0185887 0.0126782 0.00868289 0.0200177 0.00921764 0.0207184 0.0215601 0.0194083 0.0216339 0.0110209 0.0082369 
0.00826795 0.0097229 0.0155173 0.0318012 0.0260352 0.0343767 0.0188705 0.0427166 0.0113975 0.00916351 0.00939794 0.0227912 0.0545508 0.0522133 0.0514498 0.0975481 0.0232632 0.0113715 0.0172699 0.0424103 0.328581 0.0468947 0.0155492 0.00884103 0.0158601 0.014036 0.0113408 0.0293582 0.0203264 0.0194965 0.00382509 0.00379424 0 0.00376438 0.00377558 0.00869083 0.00956608 0.013328 0.02164 0.0919359 0.0817054 0.0304974 0.0124248 0.0100691 0.0101653 0.0179028 0.0213711 0.0368288 0.0661516 0.0185244 0.0106978 0.00802241 
0.00907887 0.0102718 0.0155903 0.0138855 0.0181429 0.0163715 0.01444 0.0181093 0.0174372 0.00976618 0.0106234 0.0176016 0.0240697 0.0315566 0.0325496 0.0375669 0.0599935 0.0171797 0.018486 0.0501136 0.0468449 0.288971 0.0287328 0.0137391 0.0174324 0.0482849 0.0177965 0.0240002 0.05605 0.0122301 0.00387212 0.00381477 0.00376438 0 0.00391127 0.0200949 0.0287063 0.0123891 0.0260945 0.0428575 0.055638 0.100917 0.0262515 0.010004 0.0109635 0.0109947 0.013523 0.0183612 0.0261728 0.0522714 0.0168919 0.00853183 
0.0102255 0.0136509 0.00948835 0.00997789 0.0103913 0.0107178 0.0104126 0.00920262 0.0110067 0.011635 0.0149971 0.0101475 0.0107167 0.0123308 0.0124795 0.0127864 0.0153442 0.0293993 0.0329935 0.0122114 0.0189304 0.0243896 0.0789471 0.0195497 0.0431761 0.0108334 0.0364263 0.0406245 0.0117013 0.0250237 0.00429156 0.00392804 0.00377558 0.00391127 0 0.0285638 0.030429 0.0154007 0.0144553 0.015989 0.0196698 0.0311866 0.0697455 0.0108865 0.0101069 0.0087186 0.0102105 0.0102415 0.0116687 0.0161175 0.0289489 0.00908755 
0.00970106 0.00830322 0.00820375 0.00830558 0.00829464 0.0082831 0.0083077 0.00836074 0.0089086 0.00932903 0.00881112 0.00870756 0.00851442 0.00863654 0.00861309 0.00853156 0.00980864 0.0106284 0.0112975 0.0109894 0.00891801 0.0109912 0.013126 0.0140539 0.0127094 0.0135199 0.0157257 0.0131403 0.0170816 0.0159294 0.011254 0.0155983 0.00869083 0.0200949 0.0285638 0 0.0102638 0.02209 0.0271451 0.0147096 0.0113702 0.019241 0.0242291 0.00911377 0.00899926 0.00829469 0.0084614 0.00874124 0.00871923 0.0106778 0.0117677 0.0113807 
0.0102353 0.00884434 0.00851408 0.00840482 0.00822627 0.00849207 0.00832664 0.00827739 0.00845415 0.00848933 0.0106545 0.00901963 0.00853961 0.0085586 0.00867888 0.00852307 0.00876566 0.00903863 0.0161433 0.00966811 0.00891672 0.00969976 0.0101046 0.0135093 0.0180206 0.0103958 0.0105092 0.01684 0.0173704 0.0122551 0.0157875 0.0116587 0.00956608 0.0287063 0.030429 0.0102638 0 0.0199457 0.0125909 0.0124655 0.0114226 0.0220641 0.0414001 0.00953753 0.00899505 0.00813991 0.00862795 0.00870928 0.00891398 0.00936159 0.0109992 0.00943459 
0.00910417 0.00804756 0.00791791 0.00806118 0.0079762 0.00831414 0.00802652 0.00902008 0.00832218 0.00869441 0.00827635 0.00815823 0.00819943 0.0083558 0.00816583 0.00849865 0.00870293 0.0102183 0.00943673 0.00882244 0.00853647 0.0103548 0.00892662 0.00871356 0.00906589 0.00935388 0.00916482 0.0107289 0.00865577 0.0142473 0.0516812 0.0120653 0.013328 0.0123891 0.0154007 0.02209 0.0199457 0 0.00377414 0.00379116 0.00376668 0.00388557 0.00432436 0.411513 0.00871734 0.0215615 0.00893697 0.0106682 0.0104698 0.010397 0.0178603 0.0150067 
0.00788322 0.00822717 0.00863849 0.00881799 0.00915461 0.00854716 0.0105319 0.00877791 0.00942465 0.00815294 0.00814701 0.00937114 0.0101174 0.00950093 0.0110078 0.00963956 0.0105682 0.00881199 0.0134122 0.0130235 0.0193392 0.0103656 0.010772 0.00822141 0.0113722 0.00942737 0.0122809 0.0104078 0.0156712 0.00919009 0.0132556 0.102103 0.02164 0.0260945 0.0144553 0.0271451 0.0125909 0.00377414 0 0.00381059 0.00376764 0.00380582 0.00390278 0.0124719 0.42322 0.018038 0.0387432 0.0164344 0.0151655 0.0315224 0.0119907 0.00937191 
0.0082452 0.00829938 0.00954871 0.0109334 0.0108309 0.0128772 0.00978611 0.0178106 0.0087495 0.00855706 0.00830775 0.0100716 0.0131102 0.0182574 0.0145811 0.0201077 0.0106653 0.00933971 0.0108852 0.0259562 0.026146 0.0285324 0.00927743 0.00841997 0.0096088 0.0131151 0.00888548 0.0107671 0.0102153 0.0112468 0.0167115 0.021319 0.0919359 0.0428575 0.015989 0.0147096 0.0124655 0.00379116 0.00381059 0 0.00375019 0.00375612 0.00391866 0.0812983 0.0096751 0.142429 0.0985867 0.0465089 0.0698652 0.0188587 0.0162817 0.00928726 
0.00805694 0.00855512 0.00936467 0.0119217 0.0130645 0.0100533 0.0147798 0.0102798 0.0103983 0.00823881 0.00836632 0.0100712 0.0184156 0.0166953 0.022856 0.0198286 0.0124595 0.00923083 0.0122563 0.0159567 0.0848122 0.018469 0.0110082 0.00825214 0.012452 0.00987969 0.0120993 0.0102155 0.0126839 0.0107751 0.0122407 0.0487077 0.0817054 0.055638 0.0196698 0.0113702 0.0114226 0.00376668 0.00376764 0.00375019 0 0.00375269 0.0037881 0.0153286 0.0881657 0.0146302 0.0930481 0.172895 0.0623681 0.0597322 0.0155343 0.00891453 
0.0081316 0.00841369 0.00869432 0.00958601 0.00887073 0.00984837 0.00888178 0.00988295 0.00858636 0.00820391 0.00856866 0.0106733 0.00988398 0.0124559 0.011041 0.0118042 0.0121411 0.00937258 0.0103454 0.0181684 0.0136029 0.0300478 0.0111708 0.00900096 0.010723 0.018097 0.00914474 0.0107952 0.0146139 0.0102256 0.0146417 0.0185887 0.0304974 0.100917 0.0311866 0.019241 0.0220641 0.00388557 0.00380582 0.00375612 0.00375269 0 0.00384075 0.0209762 0.013922 0.0368435 0.0251759 0.0668935 0.178602 0.11712 0.0522619 0.00948376 
0.00852409 0.00880322 0.00831927 0.00840944 0.00851704 0.0085038 0.00867359 0.00829976 0.00850791 0.00865275 0.00983244 0.00855279 0.00888645 0.00888661 0.00910076 0.00896031 0.00921869 0.011221 0.0153498 0.00974745 0.0103655 0.0101077 0.0160689 0.0120052 0.0149974 0.00931757 0.0136471 0.0136978 0.00955602 0.0141075 0.0172967 0.0126782 0.0124248 0.0262515 0.0697455 0.0242291 0.0414001 0.00432436 0.00390278 0.00391866 0.0037881 0.00384075 0 0.0135629 0.0221559 0.0150319 0.0233243 0.0280947 0.0363946 0.199458 0.179596 0.015276 
0.0092654 0.00793845 0.00795613 0.00798502 0.00791779 0.00835907 0.00798716 0.00937901 0.00793872 0.00853424 0.00832016 0.00802982 0.00810564 0.0081524 0.00828804 0.00828729 0.00814629 0.00895716 0.00863555 0.00890591 0.00844501 0.0109996 0.00832306 0.00840601 0.00869687 0.00901071 0.0082929 0.00933058 0.00823106 0.0112349 0.016648 0.00868289 0.0100691 0.010004 0.0108865 0.00911377 0.00953753 0.411513 0.0124719 0.0812983 0.0153286 0.0209762 0.0135629 0 0.00416438 0.00391555 0.0037189 0.00410669 0.00407833 0.00407519 0.00679172 0.00861447 
0.00788306 0.00814996 0.00819498 0.00850158 0.00872624 0.0083605 0.00913957 0.00827823 0.00892902 0.00794729 0.00790991 0.00856566 0.00897568 0.00862502 0.00909131 0.00874267 0.00887275 0.00817104 0.00874783 0.00916843 0.0106522 0.00886966 0.0087124 0.00807409 0.00844886 0.00844668 0.0103848 0.00858348 0.00967564 0.00838164 0.00870231 0.0200177 0.0101653 0.0109635 0.0101069 0.00899926 0.00899505 0.00871734 0.42322 0.0096751 0.0881657 0.013922 0.0221559 0.00416438 0 0.00375368 0.00377765 0.00382239 0.0038801 0.00429945 0.00400625 0.00479736 
0.00793467 0.00793903 0.00812528 0.00829952 0.00819032 0.00854582 0.00831377 0.00874326 0.00810184 0.00793781 0.00794037 0.0083166 0.00855227 0.008859 0.00871361 0.00928904 0.00835201 0.00827523 0.00828037 0.00890005 0.00957284 0.00907177 0.00817344 0.00792123 0.00813359 0.00826628 0.00807038 0.00824912 0.00811452 0.00827445 0.00913391 0.00921764 0.0179028 0.0109947 0.0087186 0.00829469 0.00813991 0.0215615 0.018038 0.142429 0.0146302 0.0368435 0.0150319 0.00391555 0.00375368 0 0.00373001 0.00375853 0.00380094 0.00377976 0.00382931 0.00474693 
0.00800807 0.00814757 0.00835097 0.00888592 0.00899177 0.00858451 0.00923145 0.00865491 0.00863418 0.00799382 0.0080701 0.00862016 0.00967181 0.0097616 0.0109576 0.00997888 0.00921296 0.00835661 0.00895448 0.0100233 0.0148576 0.010015 0.00881011 0.00798393 0.00859431 0.00837481 0.00874479 0.00846624 0.00866057 0.00854286 0.00960534 0.0207184 0.0213711 0.013523 0.0102105 0.0084614 0.00862795 0.00893697 0.0387432 0.0985867 0.0930481 0.0251759 0.0233243 0.0037189 0.00377765 0.00373001 0 0.00378881 0.00383828 0.00373162 0.00381646 0.00410623 
0.0079677 0.00825273 0.00835792 0.00903129 0.00869585 0.00876641 0.00885073 0.00892266 0.00847187 0.00809753 0.00805341 0.00868649 0.00983142 0.0103385 0.0103993 0.0109333 0.00887829 0.00852224 0.0093137 0.0110151 0.0131501 0.010432 0.00857652 0.00803454 0.00868968 0.00896661 0.00867379 0.00885044 0.00901056 0.00876881 0.0111663 0.0215601 0.0368288 0.0183612 0.0102415 0.00874124 0.00870928 0.0106682 0.0164344 0.0465089 0.172895 0.0668935 0.0280947 0.00410669 0.00382239 0.00375853 0.00378881 0 0.00375816 0.00385057 0.00379386 0.00394872 
0.00801757 0.00818748 0.00857684 0.00942961 0.00949416 0.00925694 0.00921325 0.00963606 0.00858068 0.00811241 0.00816341 0.00893789 0.0111878 0.011142 0.0118196 0.0115714 0.00926569 0.00857388 0.00924431 0.0123906 0.0196088 0.0123027 0.0090641 0.00813411 0.00880162 0.00973261 0.00887887 0.00881279 0.00956678 0.00901914 0.0108432 0.0194083 0.0661516 0.0261728 0.0116687 0.00871923 0.00891398 0.0104698 0.0151655 0.0698652 0.0623681 0.178602 0.0363946 0.00407833 0.0038801 0.00380094 0.00383828 0.00375816 0 0.00377996 0.00378702 0.00400335 
0.00800877 0.00827804 0.00846458 0.00876446 0.00885829 0.0086789 0.00875758 0.00866653 0.00856433 0.00803591 0.00822736 0.00904995 0.00907854 0.0092345 0.00946876 0.00945484 0.00940548 0.00853029 0.00951911 0.0110835 0.0112278 0.011096 0.00981454 0.00896157 0.00941712 0.0106461 0.00901277 0.00953191 0.011755 0.00887011 0.0107951 0.0216339 0.0185244 0.0522714 0.0161175 0.0106778 0.00936159 0.010397 0.0315224 0.0188587 0.0597322 0.11712 0.199458 0.00407519 0.00429945 0.00377976 0.00373162 0.00385057 0.00377996 0 0.00384641 0.00419177 
0.008522 0.00860546 0.00822424 0.00817927 0.00818316 0.00823562 0.00832441 0.00815878 0.00813624 0.00822323 0.00897053 0.00841961 0.00839114 0.00842112 0.00865905 0.00874919 0.00848774 0.0102443 0.0122061 0.00914118 0.00915996 0.00919144 0.0105711 0.0103673 0.0124645 0.00913541 0.00977177 0.0118177 0.00917867 0.0109816 0.0160101 0.0110209 0.0106978 0.0168919 0.0289489 0.0117677 0.0109992 0.0178603 0.0119907 0.0162817 0.0155343 0.0522619 0.179596 0.00679172 0.00400625 0.00382931 0.00381646 0.00379386 0.00378702 0.00384641 0 0.0235883 
0.0123141 0.00816615 0.00789872 0.00785316 0.00786119 0.00788677 0.00788414 0.00797409 0.00787545 0.00819008 0.00849822 0.00794388 0.00786751 0.00790728 0.00791208 0.00790963 0.00792962 0.00812577 0.00907505 0.00797912 0.00791385 0.00801982 0.00811874 0.0107987 0.008948 0.00813674 0.0082115 0.0094603 0.00814042 0.00853345 0.0108753 0.0082369 0.00802241 0.00853183 0.00908755 0.0113807 0.00943459 0.0150067 0.00937191 0.00928726 0.00891453 0.00948376 0.015276 0.00861447 0.00479736 0.00474693 0.00410623 0.00394872 0.00400335 0.00419177 0.0235883 0 
