1GXYA
PLMLDTAPNAFDDQYEGCVNKMEEKAPLLLQEDFNMNAKLKVAWEEAKKRWNNIKPSRSYPKGFNDFHGTALVAYTGSIAVDFNRAVREFKENPGQFHYKAFHYYLTRALQLLSNGDCHSVYRGTKTRFHYTGAGSVRFGQFTSSSLSKKVAQSQEFFSDHGTLFIIKTCLGVYIKEFSFRPDQEEVLIPGYEVYQKVRTQGYNEIFLDSPKRKKSNYNCLYS
CEECCCCCCCCCCCCCCCHHHHHHHHHHHHHHHHHHCHHHHHHHHHHHHHHHHHCCCCCCCCCCCHHHHHHHHHHCCCHHHHHHHHHHCCCCCHHHCCCHHHHHHHHHHHHHCCCCCCEEEEEEECCCEECCCCCCEECCCCECCECCHHHHCCCCCCCCCCEEEEEEECCCEECHHHCCCHHHCEEEECCCEEEEEEEEECCCEEEEEEEEECCCCCCCCCC
0 0 0 0 0 0 0 0 0 0 0 0 0 0 0 0 0 0 0 0 0 0 0 0 0 0 0 0 0 0 0 0 0 0 0 0 0 0 0 0 0 0 0 0 0 0 0 0 0 0 0 0 0 0 0 0 0 0 0 0 0 0 0 0 0 0 0 0 0 0 0 0 0 0 0 0 0 0 0 0 0 0 0 0 0 0 0 0 0 0 0 0 0 0 0 0 0 0 0 0 0 0 0 0 0 0 0 0 0 0 0 0 0 0 0 0 0 0 0 0 0 0 0 0 0 0 0 0 0 0 0 0 0 0 0 0 0 0 0 0 0 0 0 0 0 0 0 0 0 0 0 0 0 0 0 0 0 0 0 0 0 0 0 0 0 0 0 0 0 0 0 0 0 0 0 0 0 0 0 0 0 0 0 0 0 0 0 0 0 0 0 0 0 0 0 0 0 0 0 0 0 0 0 0 0 0 0 0 0 0 0 0 0 0 0 0 0 0 0 0 0 0 0 
0 0 0 0 0 0 0 0 0 0 0 0 0 0 0 0 0 0 0 0 0 0 0 0 0 0 0 0 0 0 0 0 0 0 0 0 0 0 0 0 0 0 0 0 0 0 0 0 0 0 0 0 0 0 0 0 0 0 0 0 0 0 0 0 0 0 0 0 0 0 0 0 0 0 0 0 0 0 0 0 0 0 0 0 0 0 0 0 0 0 0 0 0 0 0 0 0 0 0 0 0 0 0 0 0 0 0 0 0 0 0 0 0 0 0 0 0 0 0 0 0 0 0 0 0 0 0 0 0 0 0 0 0 0 0 0 0 0 0 0 0 0 0 0 0 0 0 0 0 0 0 0 0 0 0 0 0 0 0 0 0 0 0 0 0 0 0 0 0 0 0 0 0 0 0 0 0 0 0 0 0 0 0 0 0 0 0 0 0 0 0 0 0 0 0 0 0 0 0 0 0 0 0 0 0 0 0 0 0 0 0 0 0 0 0 0 0 0 0 0 0 0 0 
0 0.0191188 0.00968969 0.0081688 0.00838784 0.008285 0.0084405 0.00831763 0.00891112 0.00840107 0.00837386 0.0084665 0.00811459 0.00839533 0.00878916 0.00812689 0.00822857 0.00845822 0.00834697 0.0083698 0.00807162 0.0085194 0.00807072 0.00813799 0.00842943 0.00829567 0.00843477 0.00817445 0.00793565 0.00813807 0.00807031 0.00801829 0.00800238 0.00797656 0.00791355 0.00800439 0.00796634 0.00817323 0.00820523 0.00822951 0.00816334 0.00802526 0.00800277 0.00797705 0.0080594 0.00823508 
0.0191188 0 0.00864506 0.00798525 0.00815422 0.00932216 0.0104834 0.00842771 0.00897222 0.00839653 0.00898164 0.0085288 0.0084219 0.00883218 0.00969519 0.00887814 0.00817975 0.00834269 0.00819619 0.0080326 0.00803222 0.00807538 0.00916198 0.00827475 0.00847983 0.00812647 0.00809551 0.00808331 0.00843043 0.00800311 0.00793087 0.00793218 0.00789627 0.00789003 0.00790738 0.00789129 0.00790942 0.00849997 0.00803491 0.00808025 0.00799981 0.00789699 0.00789032 0.00785984 0.00795239 0.00792945 
0.00968969 0.00864506 0 0.00414318 0.00377769 0.00384684 0.00513154 0.00495495 0.00908583 0.00642748 0.0104474 0.010033 0.0115547 0.0122396 0.0169473 0.011196 0.0095942 0.00992797 0.00943847 0.00942588 0.0100257 0.0659681 0.00942542 0.0133818 0.0101476 0.00876433 0.00945015 0.0112201 0.00898456 0.0082224 0.00842338 0.00820289 0.00832946 0.00815125 0.0081626 0.00833217 0.00902804 0.00829919 0.00830672 0.00841634 0.00826418 0.00800711 0.00801198 0.0079326 0.00811941 0.00959643 
0.0081688 0.00798525 0.00414318 0 0.00378746 0.0037824 0.00375717 0.00372044 0.00390414 0.00597311 0.00580873 0.00862571 0.00939735 0.00887739 0.00991697 0.0105999 0.0189261 0.0148918 0.0179982 0.00996284 0.0688497 0.00884036 0.0098202 0.00975165 0.00937424 0.0128678 0.0123018 0.00918622 0.00869351 0.00938899 0.00849534 0.00882672 0.00821116 0.00840205 0.0083445 0.00822902 0.00796933 0.00844161 0.0097892 0.00937109 0.00838934 0.00825985 0.00835198 0.00795733 0.00941704 0.00808339 
0.00838784 0.00815422 0.00377769 0.00378746 0 0.0037484 0.00369658 0.00375748 0.00381934 0.00497558 0.00576465 0.00818823 0.00873223 0.0086471 0.008705 0.00939772 0.017232 0.0351562 0.0173589 0.0982101 0.00978392 0.00978021 0.00900078 0.00861334 0.00973007 0.0179692 0.0125939 0.00956588 0.00899698 0.00952093 0.0122603 0.00944774 0.00975618 0.0101346 0.00867364 0.00833344 0.00805032 0.00839534 0.0127191 0.0111957 0.0120046 0.00970866 0.00861498 0.010092 0.00810251 0.0083423 
0.008285 0.00932216 0.00384684 0.0037824 0.0037484 0 0.00374782 0.00374857 0.00378776 0.00436896 0.00877442 0.0089217 0.010626 0.0092843 0.00916957 0.0112093 0.0200091 0.0356805 0.147624 0.0186191 0.0148985 0.0102416 0.0087512 0.00906459 0.0101969 0.0179116 0.0173264 0.0115245 0.00946318 0.0116261 0.0119313 0.0147811 0.0112939 0.00982076 0.00976091 0.00854147 0.00813636 0.00899608 0.0119749 0.0189882 0.013172 0.0119099 0.010852 0.0088425 0.00882782 0.00846384 
0.0084405 0.0104834 0.00513154 0.00375717 0.00369658 0.00374782 0 0.00374078 0.00376183 0.00491643 0.00854241 0.00882077 0.00961037 0.00994951 0.00898263 0.0114264 0.0160299 0.139359 0.0337552 0.0250722 0.0147256 0.00967366 0.00891059 0.00917592 0.0111288 0.0184007 0.0277986 0.011226 0.00989524 0.0108276 0.0148247 0.0162228 0.0104255 0.00971171 0.00969566 0.00841476 0.00819268 0.00951787 0.012398 0.021041 0.0128684 0.0142071 0.00961621 0.00910452 0.0087748 0.00846234 
0.00831763 0.00842771 0.00495495 0.00372044 0.00375748 0.00374857 0.00374078 0 0.00384955 0.00968471 0.0250683 0.0140144 0.0110082 0.0103362 0.0109624 0.0109151 0.115666 0.016491 0.0138399 0.0175465 0.0125239 0.00923801 0.00989872 0.00947357 0.0102121 0.0177282 0.0157005 0.0109542 0.00965674 0.0111727 0.0106738 0.00940692 0.00875387 0.00864744 0.00850754 0.00852769 0.00809762 0.0091112 0.0124694 0.0094819 0.0122555 0.00895306 0.00849844 0.00849553 0.00852803 0.00834585 
0.00891112 0.00897222 0.00908583 0.00390414 0.00381934 0.00378776 0.00376183 0.00384955 0 0.0459695 0.00487638 0.0161342 0.0115403 0.0209432 0.0217393 0.126652 0.011411 0.0119601 0.0106306 0.0095993 0.00952451 0.012418 0.0160366 0.0099831 0.0169721 0.0103335 0.0100856 0.011991 0.0143023 0.00959062 0.00919777 0.00858794 0.0084201 0.00848172 0.0083959 0.00825427 0.00849374 0.0137415 0.00940734 0.0101475 0.00884253 0.00837749 0.00830353 0.00826929 0.00833541 0.00895826 
0.00840107 0.00839653 0.00642748 0.00597311 0.00497558 0.00436896 0.00491643 0.00968471 0.0459695 0 0.00416317 0.0276847 0.132928 0.0181689 0.0432199 0.0114539 0.0149323 0.0104886 0.0092868 0.0112189 0.00964927 0.022315 0.015388 0.0169263 0.00984732 0.0110243 0.0103384 0.0151328 0.00919884 0.0089431 0.00850542 0.00835915 0.00823936 0.00868941 0.00812933 0.00862306 0.00944895 0.00863803 0.00940887 0.0084046 0.0086176 0.00819768 0.00812117 0.00834656 0.00827413 0.0123474 
0.00837386 0.00898164 0.0104474 0.00580873 0.00576465 0.00877442 0.00854241 0.0250683 0.00487638 0.00416317 0 0.0812035 0.020422 0.0185662 0.0178008 0.017078 0.00989792 0.00951926 0.0116543 0.00853708 0.0136355 0.00943446 0.0139952 0.0123369 0.0126383 0.00914794 0.0111211 0.00982255 0.0121301 0.00849381 0.00847427 0.00831188 0.00835021 0.00816141 0.0083165 0.00818962 0.00820447 0.0115601 0.00845514 0.00879324 0.00826379 0.00816595 0.00817646 0.00798123 0.0086627 0.00827574 
0.0084665 0.0085288 0.010033 0.00862571 0.00818823 0.0089217 0.00882077 0.0140144 0.0161342 0.0276847 0.0812035 0 0.00453247 0.0156486 0.0239833 0.0171351 0.0174583 0.0121538 0.0100966 0.0135778 0.00979032 0.0239558 0.0194323 0.0187969 0.0115806 0.0139094 0.0109109 0.0197942 0.0103041 0.00942481 0.00863262 0.00852752 0.00829534 0.00940905 0.00823818 0.00913853 0.0100443 0.00919168 0.0100748 0.00844236 0.00893765 0.00826156 0.00817195 0.00846614 0.00844218 0.0128815 
0.00811459 0.0084219 0.0115547 0.00939735 0.00873223 0.010626 0.00961037 0.0110082 0.0115403 0.132928 0.020422 0.00453247 0 0.0314491 0.0214826 0.0240353 0.0141156 0.0147375 0.0143282 0.00968772 0.0197136 0.0116165 0.0157023 0.0177179 0.0145934 0.0107143 0.0147962 0.0126218 0.0137836 0.00928283 0.00869808 0.00868536 0.00875596 0.00836515 0.0084417 0.0085004 0.00836956 0.0121793 0.00918531 0.0096594 0.00878573 0.0082923 0.00834316 0.00807298 0.00897042 0.00864014 
0.00839533 0.00883218 0.0122396 0.00887739 0.0086471 0.0092843 0.00994951 0.0103362 0.0209432 0.0181689 0.0185662 0.0156486 0.0314491 0 0.115315 0.0219517 0.0119799 0.0117848 0.0112365 0.0102662 0.0107223 0.0204514 0.024584 0.0215205 0.013883 0.0102413 0.011279 0.0192042 0.0130599 0.00907925 0.00881487 0.00842689 0.00827074 0.00859454 0.00828476 0.00896996 0.0103411 0.0113992 0.00937884 0.00911588 0.0087882 0.00820465 0.00814544 0.00831791 0.0086068 0.0120631 
0.00878916 0.00969519 0.0169473 0.00991697 0.008705 0.00916957 0.00898263 0.0109624 0.0217393 0.0432199 0.0178008 0.0239833 0.0214826 0.115315 0 0.0205189 0.0133629 0.0123846 0.0122288 0.0107233 0.0131003 0.0242482 0.020092 0.0271534 0.0147072 0.0103296 0.0114796 0.0181498 0.0133721 0.00917617 0.0088089 0.00850299 0.00850733 0.00880501 0.00848363 0.00875423 0.012774 0.0121332 0.00919096 0.00886525 0.0087661 0.00823994 0.00830378 0.00823575 0.00912667 0.0133867 
0.00812689 0.00887814 0.011196 0.0105999 0.00939772 0.0112093 0.0114264 0.0109151 0.126652 0.0114539 0.017078 0.0171351 0.0240353 0.0219517 0.0205189 0 0.00401085 0.00381052 0.00381639 0.00379805 0.00413038 0.00524074 0.00714027 0.0171938 0.0238015 0.0140739 0.0169469 0.0227908 0.0245449 0.0104943 0.0101028 0.00996508 0.00997534 0.00904996 0.00983773 0.0112134 0.0161295 0.0208911 0.0112128 0.0121317 0.00963136 0.0091869 0.009504 0.0086946 0.0140435 0.0183031 
0.00822857 0.00817975 0.0095942 0.0189261 0.017232 0.0200091 0.0160299 0.115666 0.011411 0.0149323 0.00989792 0.0174583 0.0141156 0.0119799 0.0133629 0.00401085 0 0.00381043 0.00382453 0.00378412 0.00397549 0.00416002 0.00797338 0.0073243 0.0185773 0.069043 0.0358943 0.0151731 0.0133153 0.0257137 0.0138444 0.0138451 0.0111798 0.0154826 0.0106637 0.0124958 0.00971328 0.0120752 0.0414486 0.0171582 0.0178091 0.0112474 0.0112056 0.013171 0.0147271 0.0110226 
0.00845822 0.00834269 0.00992797 0.0148918 0.0351562 0.0356805 0.139359 0.016491 0.0119601 0.0104886 0.00951926 0.0121538 0.0147375 0.0117848 0.0123846 0.00381052 0.00381043 0 0.00377714 0.003753 0.00381407 0.00385033 0.00572479 0.00627218 0.019731 0.0501221 0.0342126 0.0174877 0.0153217 0.0220368 0.0226377 0.0211266 0.0202792 0.0180577 0.0157899 0.0107275 0.00912361 0.0135235 0.0352938 0.0419844 0.0277379 0.0242309 0.0173244 0.0192214 0.0111317 0.0109458 
0.00834697 0.00819619 0.00943847 0.0179982 0.0173589 0.147624 0.0337552 0.0138399 0.0106306 0.0092868 0.0116543 0.0100966 0.0143282 0.0112365 0.0122288 0.00381639 0.00382453 0.00377714 0 0.00375266 0.00378294 0.00378978 0.00474532 0.00783956 0.0256567 0.0317041 0.0350844 0.015332 0.0160443 0.0162604 0.0164439 0.0236753 0.0204765 0.0128403 0.019323 0.00936398 0.00925284 0.0134951 0.0204918 0.0505163 0.0200122 0.0214519 0.0269595 0.0103012 0.0206116 0.00898312 
0.0083698 0.0080326 0.00942588 0.00996284 0.0982101 0.0186191 0.0250722 0.0175465 0.0095993 0.0112189 0.00853708 0.0135778 0.00968772 0.0102662 0.0107233 0.00379805 0.00378412 0.003753 0.00375266 0 0.00374413 0.00377786 0.00615466 0.0101271 0.0141163 0.0289436 0.0210487 0.0148779 0.0106143 0.0146671 0.0200732 0.0132332 0.0119236 0.0232063 0.00905587 0.0107158 0.00855238 0.010066 0.030115 0.0173084 0.0411754 0.0219381 0.0097789 0.0242961 0.00876286 0.0107652 
0.00807162 0.00803222 0.0100257 0.0688497 0.00978392 0.0148985 0.0147256 0.0125239 0.00952451 0.00964927 0.0136355 0.00979032 0.0197136 0.0107223 0.0131003 0.00413038 0.00397549 0.00381407 0.00378294 0.00374413 0 0.00375184 0.0118936 0.127586 0.0105225 0.0200368 0.0346303 0.0127721 0.0146036 0.0149885 0.0102796 0.0122026 0.0115445 0.00864638 0.0108246 0.00927661 0.00855827 0.0123117 0.014942 0.0238374 0.0219787 0.0106464 0.0106343 0.00867602 0.0166276 0.00854544 
0.0085194 0.00807538 0.0659681 0.00884036 0.00978021 0.0102416 0.00967366 0.00923801 0.012418 0.022315 0.00943446 0.0239558 0.0116165 0.0204514 0.0242482 0.00524074 0.00416002 0.00385033 0.00378978 0.00377786 0.00375184 0 0.126418 0.00513546 0.0246543 0.0148206 0.0175307 0.0212316 0.0213375 0.0133774 0.0111401 0.00905731 0.00873431 0.0102114 0.00862494 0.00886179 0.00985668 0.024732 0.014757 0.025888 0.0114141 0.00903062 0.00855461 0.00969423 0.00876013 0.0123175 
0.00807072 0.00916198 0.00942542 0.0098202 0.00900078 0.0087512 0.00891059 0.00989872 0.0160366 0.015388 0.0139952 0.0194323 0.0157023 0.024584 0.020092 0.00714027 0.00797338 0.00572479 0.00474532 0.00615466 0.0118936 0.126418 0 0.00489553 0.0102032 0.0399316 0.0304337 0.0259691 0.0121328 0.012145 0.00900231 0.00867644 0.00841155 0.00993994 0.00837811 0.00977299 0.0136906 0.0115814 0.0142198 0.0091192 0.0100178 0.00863657 0.00852526 0.00941131 0.0092517 0.0180179 
0.00813799 0.00827475 0.0133818 0.00975165 0.00861334 0.00906459 0.00917592 0.00947357 0.0099831 0.0169263 0.0123369 0.0187969 0.0177179 0.0215205 0.0271534 0.0171938 0.0073243 0.00627218 0.00783956 0.0101271 0.127586 0.00513546 0.00489553 0 0.0263966 0.0111063 0.0196868 0.0149749 0.0190494 0.00986392 0.00887331 0.00863389 0.00896965 0.00852407 0.00873758 0.0090716 0.00939822 0.0268735 0.0107029 0.00988209 0.00875712 0.00871857 0.00876714 0.00834394 0.0116085 0.00904194 
0.00842943 0.00847983 0.0101476 0.00937424 0.00973007 0.0101969 0.0111288 0.0102121 0.0169721 0.00984732 0.0126383 0.0115806 0.0145934 0.013883 0.0147072 0.0238015 0.0185773 0.019731 0.0256567 0.0141163 0.0105225 0.0246543 0.0102032 0.0263966 0 0.00383498 0.00387337 0.00410611 0.00750493 0.00531309 0.0126616 0.0260524 0.0103532 0.00807283 0.00832755 0.00730008 0.0178116 0.0142329 0.0111792 0.0116393 0.0106033 0.00934468 0.0100887 0.00894906 0.0116422 0.0245928 
0.00829567 0.00812647 0.00876433 0.0128678 0.0179692 0.0179116 0.0184007 0.0177282 0.0103335 0.0110243 0.00914794 0.0139094 0.0107143 0.0102413 0.0103296 0.0140739 0.069043 0.0501221 0.0317041 0.0289436 0.0200368 0.0148206 0.0399316 0.0111063 0.00383498 0 0.00385348 0.00382145 0.0052393 0.0113398 0.0343809 0.0138103 0.00861757 0.00940894 0.00769736 0.0155524 0.00869714 0.0118359 0.0407294 0.0152172 0.0165921 0.0101793 0.0108226 0.0118412 0.0140617 0.0125255 
0.00843477 0.00809551 0.00945015 0.0123018 0.0125939 0.0173264 0.0277986 0.0157005 0.0100856 0.0103384 0.0111211 0.0109109 0.0147962 0.011279 0.0114796 0.0169469 0.0358943 0.0342126 0.0350844 0.0210487 0.0346303 0.0175307 0.0304337 0.0196868 0.00387337 0.00385348 0 0.00397642 0.0163715 0.0221451 0.0086786 0.00953395 0.00745255 0.00767384 0.00977753 0.00825157 0.00812576 0.0117275 0.0167325 0.0198749 0.0132226 0.0118168 0.0119665 0.00997578 0.0171482 0.00970968 
0.00817445 0.00808331 0.0112201 0.00918622 0.00956588 0.0115245 0.011226 0.0109542 0.011991 0.0151328 0.00982255 0.0197942 0.0126218 0.0192042 0.0181498 0.0227908 0.0151731 0.0174877 0.015332 0.0148779 0.0127721 0.0212316 0.0259691 0.0149749 0.00410611 0.00382145 0.00397642 0 0.0263333 0.00819059 0.00492337 0.00539775 0.00554746 0.00654948 0.00652817 0.00725151 0.00711772 0.0134681 0.0134963 0.0106936 0.0111825 0.00899457 0.00848874 0.00886502 0.00948444 0.014132 
0.00793565 0.00843043 0.00898456 0.00869351 0.00899698 0.00946318 0.00989524 0.00965674 0.0143023 0.00919884 0.0121301 0.0103041 0.0137836 0.0130599 0.0133721 0.0245449 0.0133153 0.0153217 0.0160443 0.0106143 0.0146036 0.0213375 0.0121328 0.0190494 0.00750493 0.0052393 0.0163715 0.0263333 0 0.00380141 0.00380615 0.00378519 0.00384629 0.00382427 0.00396976 0.00481752 0.00864127 0.00946117 0.0087022 0.0100206 0.00835682 0.0086257 0.00909831 0.00796209 0.0295574 0.824823 
0.00813807 0.00800311 0.0082224 0.00938899 0.00952093 0.0116261 0.0108276 0.0111727 0.00959062 0.0089431 0.00849381 0.00942481 0.00928283 0.00907925 0.00917617 0.0104943 0.0257137 0.0220368 0.0162604 0.0146671 0.0149885 0.0133774 0.012145 0.00986392 0.00531309 0.0113398 0.0221451 0.00819059 0.00380141 0 0.00380698 0.00377899 0.00381388 0.00377528 0.00387117 0.00475546 0.00493301 0.0067096 0.0107705 0.00874991 0.00980848 0.00806268 0.00994244 0.0245262 0.793397 0.0150688 
0.00807031 0.00793087 0.00842338 0.00849534 0.0122603 0.0119313 0.0148247 0.0106738 0.00919777 0.00850542 0.00847427 0.00863262 0.00869808 0.00881487 0.0088089 0.0101028 0.0138444 0.0226377 0.0164439 0.0200732 0.0102796 0.0111401 0.00900231 0.00887331 0.0126616 0.0343809 0.0086786 0.00492337 0.00380615 0.00380698 0 0.00375883 0.00379323 0.00385958 0.00399319 0.00388574 0.00428428 0.00705424 0.0083896 0.0113321 0.00936743 0.0107276 0.0358081 0.772794 0.0103561 0.00938874 
0.00801829 0.00793218 0.00820289 0.00882672 0.00944774 0.0147811 0.0162228 0.00940692 0.00858794 0.00835915 0.00831188 0.00852752 0.00868536 0.00842689 0.00850299 0.00996508 0.0138451 0.0211266 0.0236753 0.0132332 0.0122026 0.00905731 0.00867644 0.00863389 0.0260524 0.0138103 0.00953395 0.00539775 0.00378519 0.00377899 0.00375883 0 0.00376084 0.00377122 0.00379484 0.00385614 0.00385559 0.00573495 0.00986529 0.00860939 0.00864224 0.0373618 0.569474 0.0120684 0.0086923 0.00830273 
0.00800238 0.00789627 0.00832946 0.00821116 0.00975618 0.0112939 0.0104255 0.00875387 0.0084201 0.00823936 0.00835021 0.00829534 0.00875596 0.00827074 0.00850733 0.00997534 0.0111798 0.0202792 0.0204765 0.0119236 0.0115445 0.00873431 0.00841155 0.00896965 0.0103532 0.00861757 0.00745255 0.00554746 0.00384629 0.00381388 0.00379323 0.00376084 0 0.00377528 0.00381286 0.00386776 0.00382268 0.0061232 0.00674815 0.0115523 0.0280248 0.798916 0.0253733 0.0072113 0.00968222 0.00759498 
0.00797656 0.00789003 0.00815125 0.00840205 0.0101346 0.00982076 0.00971171 0.00864744 0.00848172 0.00868941 0.00816141 0.00940905 0.00836515 0.00859454 0.00880501 0.00904996 0.0154826 0.0180577 0.0128403 0.0232063 0.00864638 0.0102114 0.00993994 0.00852407 0.00807283 0.00940894 0.00767384 0.00654948 0.00382427 0.00377528 0.00385958 0.00377122 0.00377528 0 0.00375553 0.00381897 0.00388255 0.00449883 0.00973506 0.0111667 0.945046 0.0102395 0.00676931 0.0112243 0.00716487 0.0086492 
0.00791355 0.00790738 0.0081626 0.0083445 0.00867364 0.00976091 0.00969566 0.00850754 0.0083959 0.00812933 0.0083165 0.00823818 0.0084417 0.00828476 0.00848363 0.00983773 0.0106637 0.0157899 0.019323 0.00905587 0.0108246 0.00862494 0.00837811 0.00873758 0.00832755 0.00769736 0.00977753 0.00652817 0.00396976 0.00387117 0.00399319 0.00379484 0.00381286 0.00375553 0 0.00375908 0.00383503 0.00493935 0.0109635 0.977095 0.00976785 0.00679873 0.010329 0.00656887 0.00854208 0.00754313 
0.00800439 0.00789129 0.00833217 0.00822902 0.00833344 0.00854147 0.00841476 0.00852769 0.00825427 0.00862306 0.00818962 0.00913853 0.0085004 0.00896996 0.00875423 0.0112134 0.0124958 0.0107275 0.00936398 0.0107158 0.00927661 0.00886179 0.00977299 0.0090716 0.00730008 0.0155524 0.00825157 0.00725151 0.00481752 0.00475546 0.00388574 0.00385614 0.00386776 0.00381897 0.00375908 0 0.00386458 0.00483455 0.99013 0.0073133 0.00722148 0.00612234 0.00615106 0.00685885 0.00670292 0.00719553 
0.00796634 0.00790942 0.00902804 0.00796933 0.00805032 0.00813636 0.00819268 0.00809762 0.00849374 0.00944895 0.00820447 0.0100443 0.00836956 0.0103411 0.012774 0.0161295 0.00971328 0.00912361 0.00925284 0.00855238 0.00855827 0.00985668 0.0136906 0.00939822 0.0178116 0.00869714 0.00812576 0.00711772 0.00864127 0.00493301 0.00428428 0.00385559 0.00382268 0.00388255 0.00383503 0.00386458 0 0.997811 0.0130066 0.0050366 0.00486476 0.00467005 0.00550619 0.00615983 0.00637099 0.00684478 
0.00817323 0.00849997 0.00829919 0.00844161 0.00839534 0.00899608 0.00951787 0.0091112 0.0137415 0.00863803 0.0115601 0.00919168 0.0121793 0.0113992 0.0121332 0.0208911 0.0120752 0.0135235 0.0134951 0.010066 0.0123117 0.024732 0.0115814 0.0268735 0.0142329 0.0118359 0.0117275 0.0134681 0.00946117 0.0067096 0.00705424 0.00573495 0.0061232 0.00449883 0.00493935 0.00483455 0.997811 0 0.00382711 0.00380646 0.00379856 0.00379035 0.00389727 0.00400576 0.00437307 0.0114933 
0.00820523 0.00803491 0.00830672 0.0097892 0.0127191 0.0119749 0.012398 0.0124694 0.00940734 0.00940887 0.00845514 0.0100748 0.00918531 0.00937884 0.00919096 0.0112128 0.0414486 0.0352938 0.0204918 0.030115 0.014942 0.014757 0.0142198 0.0107029 0.0111792 0.0407294 0.0167325 0.0134963 0.0087022 0.0107705 0.0083896 0.00986529 0.00674815 0.00973506 0.0109635 0.99013 0.0130066 0.00382711 0 0.00379038 0.00381407 0.00378454 0.00380287 0.00397854 0.00437927 0.00623183 
0.00822951 0.00808025 0.00841634 0.00937109 0.0111957 0.0189882 0.021041 0.0094819 0.0101475 0.0084046 0.00879324 0.00844236 0.0096594 0.00911588 0.00886525 0.0121317 0.0171582 0.0419844 0.0505163 0.0173084 0.0238374 0.025888 0.0091192 0.00988209 0.0116393 0.0152172 0.0198749 0.0106936 0.0100206 0.00874991 0.0113321 0.00860939 0.0115523 0.0111667 0.977095 0.0073133 0.0050366 0.00380646 0.00379038 0 0.00375866 0.00376163 0.00381002 0.00397521 0.00397798 0.00445202 
0.00816334 0.00799981 0.00826418 0.00838934 0.0120046 0.013172 0.0128684 0.0122555 0.00884253 0.0086176 0.00826379 0.00893765 0.00878573 0.0087882 0.0087661 0.00963136 0.0178091 0.0277379 0.0200122 0.0411754 0.0219787 0.0114141 0.0100178 0.00875712 0.0106033 0.0165921 0.0132226 0.0111825 0.00835682 0.00980848 0.00936743 0.00864224 0.0280248 0.945046 0.00976785 0.00722148 0.00486476 0.00379856 0.00381407 0.00375866 0 0.00374636 0.00380011 0.00377043 0.00378392 0.00421991 
0.00802526 0.00789699 0.00800711 0.00825985 0.00970866 0.0119099 0.0142071 0.00895306 0.00837749 0.00819768 0.00816595 0.00826156 0.0082923 0.00820465 0.00823994 0.0091869 0.0112474 0.0242309 0.0214519 0.0219381 0.0106464 0.00903062 0.00863657 0.00871857 0.00934468 0.0101793 0.0118168 0.00899457 0.0086257 0.00806268 0.0107276 0.0373618 0.798916 0.0102395 0.00679873 0.00612234 0.00467005 0.00379035 0.00378454 0.00376163 0.00374636 0 0.00375102 0.00375599 0.00382024 0.00396134 
0.00800277 0.00789032 0.00801198 0.00835198 0.00861498 0.010852 0.00961621 0.00849844 0.00830353 0.00812117 0.00817646 0.00817195 0.00834316 0.00814544 0.00830378 0.009504 0.0112056 0.0173244 0.0269595 0.0097789 0.0106343 0.00855461 0.00852526 0.00876714 0.0100887 0.0108226 0.0119665 0.00848874 0.00909831 0.00994244 0.0358081 0.569474 0.0253733 0.00676931 0.010329 0.00615106 0.00550619 0.00389727 0.00380287 0.00381002 0.00380011 0.00375102 0 0.00373993 0.00383647 0.00378372 
0.00797705 0.00785984 0.0079326 0.00795733 0.010092 0.0088425 0.00910452 0.00849553 0.00826929 0.00834656 0.00798123 0.00846614 0.00807298 0.00831791 0.00823575 0.0086946 0.013171 0.0192214 0.0103012 0.0242961 0.00867602 0.00969423 0.00941131 0.00834394 0.00894906 0.0118412 0.00997578 0.00886502 0.00796209 0.0245262 0.772794 0.0120684 0.0072113 0.0112243 0.00656887 0.00685885 0.00615983 0.00400576 0.00397854 0.00397521 0.00377043 0.00375599 0.00373993 0 0.00373621 0.00377084 
0.0080594 0.00795239 0.00811941 0.00941704 0.00810251 0.00882782 0.0087748 0.00852803 0.00833541 0.00827413 0.0086627 0.00844218 0.00897042 0.0086068 0.00912667 0.0140435 0.0147271 0.0111317 0.0206116 0.00876286 0.0166276 0.00876013 0.0092517 0.0116085 0.0116422 0.0140617 0.0171482 0.00948444 0.0295574 0.793397 0.0103561 0.0086923 0.00968222 0.00716487 0.00854208 0.00670292 0.00637099 0.00437307 0.00437927 0.00397798 0.00378392 0.00382024 0.00383647 0.00373621 0 0.00391394 
0.00823508 0.00792945 0.00959643 0.00808339 0.0083423 0.00846384 0.00846234 0.00834585 0.00895826 0.0123474 0.00827574 0.0128815 0.00864014 0.0120631 0.0133867 0.0183031 0.0110226 0.0109458 0.00898312 0.0107652 0.00854544 0.0123175 0.0180179 0.00904194 0.0245928 0.0125255 0.00970968 0.014132 0.824823 0.0150688 0.00938874 0.00830273 0.00759498 0.0086492 0.00754313 0.00719553 0.00684478 0.0114933 0.00623183 0.00445202 0.00421991 0.00396134 0.00378372 0.00377084 0.00391394 0 
