1HJZB
MEVLFEAKVGDITLKLAQGDITQYPAKAIVNAANKRLEHGGGVAYAIAKACAGDAGLYTEISKKAMREQFGRDYIDHGEVVVTPAMNLEERGIKYVFHTVGPICSGMWSEELKEKLYKAFLGPLEKAEEMGVESIAFPAVSAGIYGCDLEKVVETFLEAVKNFKGSAVKEVALVIYDRKSAEVALKVFERSL
CEEEEEEEECCEEEEEEECCHHHCCCCEEEEEECCCCCCCCHHHHHHHHHHHCCHHHHHHHHHHHHHHHHCCCCCCCCCCEEEECHHHHHHCCCEEEEEECCCCCCCCCHHHHHHHHHHHHHHHHHHHHHCCCEEEECCCCCCCCCCCHHHHHHHHHHHHHHCCCCCCCEEEEEECCHHHHHHHHHHHHHHC
0 0 0 0 0 0 0 0 0 0 0 0 0 0 0 0 0 0 0 0 0 0 0 0 0 0 0 0 0 0 0 0 0 0 0 0 0 0 0 0 0 0 0 0 0 0 0 0 0 0 0 0 0 0 0 0 0 0 0 0 0 0 0 0 0 0 0 0 0 0 0 0 0 0 0 0 0 0 0 0 0 0 0 0 0 0 0 0 0 0 0 0 0 0 0 0 0 0 0 0 0 0 0 0 0 0 0 0 0 0 0 0 0 0 0 0 0 0 0 0 0 0 0 0 0 0 0 0 0 0 0 0 0 0 0 0 0 0 0 0 0 0 0 0 0 0 0 0 0 0 0 0 0 0 0 0 0 0 0 0 0 0 0 0 0 0 0 0 0 0 0 0 0 0 0 0 0 0 0 0 0 0 0 0 0 0 0 0 0 0 0 0 
0 0 0 0 0 0 0 0 0 0 0 0 0 0 0 0 0 0 0 0 0 0 0 0 0 0 0 0 0 0 0 0 0 0 0 0 0 0 0 0 0 0 0 0 0 0 0 0 0 0 0 0 0 0 0 0 0 0 0 0 0 0 0 0 0 0 0 0 0 0 0 0 0 0 0 0 0 0 0 0 0 0 0 0 0 0 0 0 0 0 0 0 0 0 0 0 0 0 0 0 0 0 0 0 0 0 0 0 0 0 0 0 0 0 0 0 0 0 0 0 0 0 0 0 0 0 0 0 0 0 0 0 0 0 0 0 0 0 0 0 0 0 0 0 0 0 0 0 0 0 0 0 0 0 0 0 0 0 0 0 0 0 0 0 0 0 0 0 0 0 0 0 0 0 0 0 0 0 0 0 0 0 0 0 0 0 0 0 0 0 0 0 
0 0.00835697 0.00415788 0.00435218 0.00492419 0.00673734 0.0156545 0.0181219 0.0112562 0.00986296 0.0112764 0.0122988 0.0101063 0.0188022 0.53021 0.0503788 0.0191416 0.0127241 0.0141897 0.0131356 0.0233871 0.010446 0.00912246 0.00935376 0.0127376 0.0123873 0.0095033 0.00869146 0.00931488 0.00869349 0.0100728 0.00867345 0.00855179 0.00862875 0.00928098 0.00853121 0.00828841 0.00832241 0.0086245 0.00850047 0.00931332 
0.00835697 0 0.00425189 0.00395451 0.00399629 0.00429102 0.00647356 0.00727423 0.00977683 0.00768889 0.0108613 0.00756163 0.022144 0.328983 0.194717 0.0183017 0.0190904 0.0176158 0.0116083 0.0182523 0.0114587 0.00992332 0.00968619 0.00966494 0.0094584 0.0106537 0.0104382 0.0100861 0.00926597 0.00975155 0.00873817 0.0082404 0.00890539 0.0087072 0.00825023 0.00807895 0.008375 0.00865364 0.00874103 0.00867119 0.00853082 
0.00415788 0.00425189 0 0.00390775 0.00402941 0.00398246 0.00415857 0.00443555 0.00663171 0.0107419 0.00686754 0.0184352 0.0372563 0.445751 0.0364404 0.00993877 0.0230985 0.0121971 0.0226319 0.01013 0.00978251 0.0105528 0.0106725 0.00910032 0.00883218 0.00926521 0.0130908 0.0119563 0.0145421 0.00946035 0.00852395 0.00859942 0.00865066 0.00911546 0.00808736 0.0085734 0.00828839 0.0089538 0.00905534 0.00851752 0.00824225 
0.00435218 0.00395451 0.00390775 0 0.00382692 0.0040104 0.00399854 0.0046212 0.0107147 0.00634508 0.0332132 0.0122631 0.837877 0.0145349 0.00896509 0.015354 0.0114836 0.0276032 0.0114499 0.0136997 0.0120589 0.0102656 0.0128876 0.00939884 0.00905744 0.0118939 0.0115377 0.0222149 0.0129286 0.0129247 0.00886421 0.00862179 0.00988253 0.00906168 0.00836304 0.0081178 0.00903015 0.00911185 0.00958406 0.00881128 0.00837393 
0.00492419 0.00399629 0.00402941 0.00382692 0 0.0038788 0.00402622 0.00393006 0.00511454 0.0245735 0.013595 0.920035 0.00915395 0.0104715 0.00962975 0.0107756 0.0186448 0.0116639 0.0232534 0.010431 0.00971558 0.0118532 0.0104219 0.009834 0.00907208 0.00961867 0.0161164 0.0146585 0.0204306 0.0106185 0.00863504 0.00881482 0.00873546 0.0122128 0.00816661 0.00861934 0.0082918 0.00942999 0.00933018 0.00862622 0.00829019 
0.00673734 0.00429102 0.00398246 0.0040104 0.0038788 0 0.00382614 0.0039882 0.00827783 0.00774164 0.930549 0.00763376 0.0115346 0.00768529 0.00809256 0.0152863 0.012553 0.0317073 0.0124845 0.0133784 0.0105372 0.00955889 0.0154369 0.00967772 0.00882475 0.0121358 0.0121618 0.0284021 0.0153141 0.0109289 0.00901201 0.00856979 0.0100454 0.00910209 0.00840148 0.00810118 0.0090869 0.00927726 0.0100428 0.00888138 0.00836266 
0.0156545 0.00647356 0.00415857 0.00399854 0.00402622 0.00382614 0 0.00397875 0.00871938 0.963428 0.00548635 0.00780373 0.00621414 0.00967441 0.00821184 0.0106398 0.0193558 0.0110227 0.0173265 0.0115539 0.0103237 0.01278 0.0106516 0.00987924 0.00895332 0.00985747 0.0143493 0.0110854 0.0124484 0.0103732 0.00852632 0.00898044 0.00854646 0.00942277 0.00813495 0.00849887 0.00840701 0.00938026 0.00889383 0.00839465 0.00813694 
0.0181219 0.00727423 0.00443555 0.0046212 0.00393006 0.0039882 0.00397875 0 0.995563 0.00497989 0.00577214 0.00471654 0.00557348 0.00582616 0.00710996 0.0241593 0.0113011 0.0106469 0.00947403 0.0114289 0.0124148 0.016324 0.0104309 0.00891451 0.00913492 0.0220721 0.00985923 0.00934053 0.0092208 0.00884195 0.0101673 0.00986088 0.0091127 0.00831656 0.00848301 0.00855438 0.00866873 0.00843922 0.00878023 0.00816943 0.00831752 
0.0112562 0.00977683 0.00663171 0.0107147 0.00511454 0.00827783 0.00871938 0.995563 0 0.00384177 0.00407316 0.00381079 0.00409453 0.00399997 0.0123119 0.026662 0.011699 0.0122668 0.0107397 0.0164805 0.0593277 0.0130159 0.0120025 0.0101987 0.0164788 0.0253777 0.00985316 0.0106774 0.0091588 0.0095221 0.0129169 0.00970952 0.00922497 0.00885768 0.0106764 0.00849543 0.00927171 0.00831853 0.00883411 0.00841643 0.00995164 
0.00986296 0.00768889 0.0107419 0.00634508 0.0245735 0.00774164 0.963428 0.00497989 0.00384177 0 0.00377425 0.00382424 0.00377565 0.00810804 0.00423673 0.00853022 0.020262 0.00936201 0.0138628 0.0331506 0.0121064 0.0116402 0.00934683 0.0105565 0.00947494 0.0094225 0.0162252 0.00996522 0.0143606 0.00995752 0.00877802 0.00840313 0.00840865 0.0104754 0.00819579 0.00848682 0.0082032 0.00901137 0.00846493 0.00885227 0.00836714 
0.0112764 0.0108613 0.00686754 0.0332132 0.013595 0.930549 0.00548635 0.00577214 0.00407316 0.00377425 0 0.003774 0.00385164 0.00378221 0.00383086 0.0148258 0.0101488 0.0198854 0.0119035 0.0352978 0.0257923 0.0100235 0.02189 0.00931825 0.00925184 0.0134695 0.013026 0.0279054 0.0168616 0.0130765 0.00949782 0.00875565 0.0113271 0.00914033 0.00880941 0.00809377 0.00969562 0.00904355 0.0105848 0.00897809 0.00859634 
0.0122988 0.00756163 0.0184352 0.0122631 0.920035 0.00763376 0.00780373 0.00471654 0.00381079 0.00382424 0.003774 0 0.00374392 0.00376584 0.00379778 0.00935189 0.0185652 0.0170444 0.0547152 0.0219223 0.00937969 0.0166236 0.0121895 0.0117094 0.00930651 0.0103523 0.0251187 0.0233401 0.0399089 0.0130878 0.00894355 0.00906043 0.00901742 0.0144835 0.0085146 0.00902137 0.00839664 0.0118102 0.00969375 0.00934489 0.00817973 
0.0101063 0.022144 0.0372563 0.837877 0.00915395 0.0115346 0.00621414 0.00557348 0.00409453 0.00377565 0.00385164 0.00374392 0 0.00374293 0.00375959 0.0176293 0.0381989 0.0591153 0.0392247 0.0136718 0.0101222 0.0121627 0.0251462 0.0121662 0.00929897 0.0165431 0.022563 0.0611723 0.0312155 0.0166053 0.00996328 0.00861828 0.0116567 0.0102944 0.0089536 0.0081869 0.00897975 0.00955449 0.0120029 0.00911674 0.00854232 
0.0188022 0.328983 0.445751 0.0145349 0.0104715 0.00768529 0.00967441 0.00582616 0.00399997 0.00810804 0.00378221 0.00376584 0.00374293 0 0.00379377 0.0173798 0.0460558 0.0547251 0.0156517 0.0193399 0.0115135 0.0113407 0.0166019 0.0151243 0.00926793 0.010378 0.0234535 0.0198181 0.0159206 0.0279827 0.00973732 0.00865976 0.00904276 0.0110362 0.00873508 0.0079994 0.0084245 0.00891852 0.00929736 0.00878905 0.00814681 
0.53021 0.194717 0.0364404 0.00896509 0.00962975 0.00809256 0.00821184 0.00710996 0.0123119 0.00423673 0.00383086 0.00379778 0.00375959 0.00379377 0 0.0477717 0.0458119 0.0107257 0.0144425 0.0125346 0.0203785 0.0185217 0.0105971 0.00928913 0.0121899 0.0161528 0.0100602 0.00948692 0.0105685 0.00970623 0.0149455 0.0104238 0.0085887 0.00865468 0.00913722 0.00864105 0.00818002 0.00835624 0.00870037 0.0082336 0.00832603 
0.0503788 0.0183017 0.00993877 0.015354 0.0107756 0.0152863 0.0106398 0.0241593 0.026662 0.00853022 0.0148258 0.00935189 0.0176293 0.0173798 0.0477717 0 0.0039563 0.00380439 0.00383878 0.0039179 0.00691657 0.173488 0.0228988 0.0120062 0.0188961 0.114409 0.0254076 0.0177074 0.0131791 0.0112385 0.0158255 0.0133576 0.0122403 0.0100423 0.0131712 0.00890003 0.00986719 0.0090867 0.00966117 0.00904477 0.00967488 
0.0191416 0.0190904 0.0230985 0.0114836 0.0186448 0.012553 0.0193558 0.0113011 0.011699 0.020262 0.0101488 0.0185652 0.0381989 0.0460558 0.0458119 0.0039563 0 0.00380538 0.00380057 0.00383504 0.00391176 0.0617345 0.0881598 0.019293 0.0107768 0.0248266 0.137885 0.0339627 0.0390962 0.0167186 0.0101232 0.0108056 0.0107558 0.0175356 0.00902394 0.00856687 0.00892206 0.0104144 0.0109356 0.0101235 0.00873616 
0.0127241 0.0176158 0.0121971 0.0276032 0.0116639 0.0317073 0.0110227 0.0106469 0.0122668 0.00936201 0.0198854 0.0170444 0.0591153 0.0547251 0.0107257 0.00380439 0.00380538 0 0.00379411 0.00379226 0.00378889 0.0433868 0.073711 0.0257108 0.00994006 0.0173657 0.0386763 0.170987 0.0541152 0.0393368 0.0123606 0.00942641 0.017435 0.0168682 0.0100498 0.00834896 0.00953733 0.0113147 0.0198519 0.0101948 0.00863003 
0.0141897 0.0116083 0.0226319 0.0114499 0.0232534 0.0124845 0.0173265 0.00947403 0.0107397 0.0138628 0.0119035 0.0547152 0.0392247 0.0156517 0.0144425 0.00383878 0.00380057 0.00379411 0 0.00379989 0.00375221 0.0584127 0.0320417 0.0252531 0.013297 0.0136793 0.0357445 0.0384142 0.0925312 0.0186013 0.0118892 0.00943464 0.0112068 0.0200213 0.00999829 0.00871983 0.00874294 0.0119425 0.0125569 0.00980586 0.00884573 
0.0131356 0.0182523 0.01013 0.0136997 0.010431 0.0133784 0.0115539 0.0114289 0.0164805 0.0331506 0.0352978 0.0219223 0.0136718 0.0193399 0.0125346 0.0039179 0.00383504 0.00379226 0.00379989 0 0.00386849 0.0217236 0.0401286 0.0364842 0.0129386 0.0141333 0.0181786 0.0234996 0.0123683 0.0274867 0.014118 0.00897136 0.010554 0.0103557 0.00879819 0.00827903 0.00880171 0.00913693 0.00968786 0.00892029 0.00825486 
0.0233871 0.0114587 0.00978251 0.0120589 0.00971558 0.0105372 0.0103237 0.0124148 0.0593277 0.0121064 0.0257923 0.00937969 0.0101222 0.0115135 0.0203785 0.00691657 0.00391176 0.00378889 0.00375221 0.00386849 0 0.0237679 0.0129587 0.0189253 0.0490041 0.0171714 0.0105125 0.00975863 0.0105213 0.0146915 0.0179229 0.00965601 0.00865856 0.00903995 0.00916777 0.00841109 0.00842758 0.00827672 0.00851715 0.0084582 0.00825964 
0.010446 0.00992332 0.0105528 0.0102656 0.0118532 0.00955889 0.01278 0.016324 0.0130159 0.0116402 0.0100235 0.0166236 0.0121627 0.0113407 0.0185217 0.173488 0.0617345 0.0433868 0.0584127 0.0217236 0.0237679 0 0.00384509 0.00385106 0.00428999 0.0399105 0.0267642 0.0182377 0.461294 0.0341223 0.0409235 0.0303342 0.0154303 0.0215645 0.0246408 0.0118229 0.0104518 0.012182 0.0133071 0.0121136 0.0128017 
0.00912246 0.00968619 0.0106725 0.0128876 0.0104219 0.0154369 0.0106516 0.0104309 0.0120025 0.00934683 0.02189 0.0121895 0.0251462 0.0166019 0.0105971 0.0228988 0.0881598 0.073711 0.0320417 0.0401286 0.0129587 0.00384509 0 0.00386015 0.00375524 0.027258 0.0200444 0.569906 0.0249636 0.0340215 0.0119128 0.0144934 0.0559215 0.0180984 0.0123515 0.00877173 0.0125085 0.0154178 0.0219366 0.0125207 0.00937015 
0.00935376 0.00966494 0.00910032 0.00939884 0.009834 0.00967772 0.00987924 0.00891451 0.0101987 0.0105565 0.00931825 0.0117094 0.0121662 0.0151243 0.00928913 0.0120062 0.019293 0.0257108 0.0252531 0.0364842 0.0189253 0.00385106 0.00386015 0 0.00379546 0.0114906 0.594494 0.0236997 0.0316375 0.0179823 0.0148995 0.0111694 0.0151 0.0262084 0.0112588 0.00882734 0.00947043 0.0111008 0.0134574 0.0129496 0.00876871 
0.0127376 0.0094584 0.00883218 0.00905744 0.00907208 0.00882475 0.00895332 0.00913492 0.0164788 0.00947494 0.00925184 0.00930651 0.00929897 0.00926793 0.0121899 0.0188961 0.0107768 0.00994006 0.013297 0.0129386 0.0490041 0.00428999 0.00375524 0.00379546 0 0.521042 0.0127329 0.0111117 0.00819416 0.00842244 0.0164214 0.0196253 0.0109117 0.0118667 0.0129279 0.0119325 0.00906414 0.0097834 0.00956605 0.00955123 0.00879899 
0.0123873 0.0106537 0.00926521 0.0118939 0.00961867 0.0121358 0.00985747 0.0220721 0.0253777 0.0094225 0.0134695 0.0103523 0.0165431 0.010378 0.0161528 0.114409 0.0248266 0.0173657 0.0136793 0.0141333 0.0171714 0.0399105 0.027258 0.0114906 0.521042 0 0.00391188 0.00380009 0.00375578 0.00383922 0.0123974 0.350532 0.0411917 0.0158589 0.0270744 0.026792 0.023109 0.0130818 0.0169751 0.0113039 0.018791 
0.0095033 0.0104382 0.0130908 0.0115377 0.0161164 0.0121618 0.0143493 0.00985923 0.00985316 0.0162252 0.013026 0.0251187 0.022563 0.0234535 0.0100602 0.0254076 0.137885 0.0386763 0.0357445 0.0181786 0.0105125 0.0267642 0.0200444 0.594494 0.0127329 0.00391188 0 0.00377529 0.00377474 0.00387001 0.00382622 0.0950645 0.229037 0.0525281 0.0135735 0.0120467 0.0263435 0.0427935 0.0381045 0.0414736 0.00985699 
0.00869146 0.0100861 0.0119563 0.0222149 0.0146585 0.0284021 0.0110854 0.00934053 0.0106774 0.00996522 0.0279054 0.0233401 0.0611723 0.0198181 0.00948692 0.0177074 0.0339627 0.170987 0.0384142 0.0234996 0.00975863 0.0182377 0.569906 0.0236997 0.0111117 0.00380009 0.00377529 0 0.00376328 0.00382077 0.00378453 0.0636411 0.0946144 0.124426 0.0171233 0.00979806 0.0235143 0.0521463 0.129524 0.0315472 0.0105816 
0.00931488 0.00926597 0.0145421 0.0129286 0.0204306 0.0153141 0.0124484 0.0092208 0.0091588 0.0143606 0.0168616 0.0399089 0.0312155 0.0159206 0.0105685 0.0131791 0.0390962 0.0541152 0.0925312 0.0123683 0.0105213 0.461294 0.0249636 0.0316375 0.00819416 0.00375578 0.00377474 0.00376328 0 0.00376967 0.0037836 0.0479929 0.0934468 0.0743032 0.037478 0.0113668 0.0152339 0.0660352 0.0744948 0.0290079 0.0105396 
0.00869349 0.00975155 0.00946035 0.0129247 0.0106185 0.0109289 0.0103732 0.00884195 0.0095221 0.00995752 0.0130765 0.0130878 0.0166053 0.0279827 0.00970623 0.0112385 0.0167186 0.0393368 0.0186013 0.0274867 0.0146915 0.0341223 0.0340215 0.0179823 0.00842244 0.00383922 0.00387001 0.00382077 0.00376967 0 0.00387712 0.0166893 0.0592038 0.275326 0.0440382 0.0106085 0.0147955 0.021306 0.0363483 0.0365881 0.009946 
0.0100728 0.00873817 0.00852395 0.00886421 0.00863504 0.00901201 0.00852632 0.0101673 0.0129169 0.00877802 0.00949782 0.00894355 0.00996328 0.00973732 0.0149455 0.0158255 0.0101232 0.0123606 0.0118892 0.014118 0.0179229 0.0409235 0.0119128 0.0148995 0.0164214 0.0123974 0.00382622 0.00378453 0.0037836 0.00387712 0 0.0232622 0.0190943 0.0796068 0.242622 0.0129928 0.0108596 0.0109053 0.0134012 0.0129652 0.0132346 
0.00867345 0.0082404 0.00859942 0.00862179 0.00881482 0.00856979 0.00898044 0.00986088 0.00970952 0.00840313 0.00875565 0.00906043 0.00861828 0.00865976 0.0104238 0.0133576 0.0108056 0.00942641 0.00943464 0.00897136 0.00965601 0.0303342 0.0144934 0.0111694 0.0196253 0.350532 0.0950645 0.0636411 0.0479929 0.0166893 0.0232622 0 0.00426142 0.00384922 0.00448549 0.675896 0.0206752 0.0282465 0.0133133 0.0149017 0.0236621 
0.00855179 0.00890539 0.00865066 0.00988253 0.00873546 0.0100454 0.00854646 0.0091127 0.00922497 0.00840865 0.0113271 0.00901742 0.0116567 0.00904276 0.0085887 0.0122403 0.0107558 0.017435 0.0112068 0.010554 0.00865856 0.0154303 0.0559215 0.0151 0.0109117 0.0411917 0.229037 0.0946144 0.0934468 0.0592038 0.0190943 0.00426142 0 0.00404164 0.00380268 0.0373151 0.72222 0.032419 0.119227 0.032014 0.0138952 
0.00862875 0.0087072 0.00911546 0.00906168 0.0122128 0.00910209 0.00942277 0.00831656 0.00885768 0.0104754 0.00914033 0.0144835 0.0102944 0.0110362 0.00865468 0.0100423 0.0175356 0.0168682 0.0200213 0.0103557 0.00903995 0.0215645 0.0180984 0.0262084 0.0118667 0.0158589 0.0525281 0.124426 0.0743032 0.275326 0.0796068 0.00384922 0.00404164 0 0.00395182 0.0343799 0.0146284 0.420843 0.0760829 0.243115 0.0125331 
0.00928098 0.00825023 0.00808736 0.00836304 0.00816661 0.00840148 0.00813495 0.00848301 0.0106764 0.00819579 0.00880941 0.0085146 0.0089536 0.00873508 0.00913722 0.0131712 0.00902394 0.0100498 0.00999829 0.00879819 0.00916777 0.0246408 0.0123515 0.0112588 0.0129279 0.0270744 0.0135735 0.0171233 0.037478 0.0440382 0.242622 0.00448549 0.00380268 0.00395182 0 0.0117293 0.0209986 0.0265201 0.232297 0.0639523 0.111799 
0.00853121 0.00807895 0.0085734 0.0081178 0.00861934 0.00810118 0.00849887 0.00855438 0.00849543 0.00848682 0.00809377 0.00902137 0.0081869 0.0079994 0.00864105 0.00890003 0.00856687 0.00834896 0.00871983 0.00827903 0.00841109 0.0118229 0.00877173 0.00882734 0.0119325 0.026792 0.0120467 0.00979806 0.0113668 0.0106085 0.0129928 0.675896 0.0373151 0.0343799 0.0117293 0 0.00436951 0.00387795 0.00394406 0.00391101 0.00641973 
0.00828841 0.008375 0.00828839 0.00903015 0.0082918 0.0090869 0.00840701 0.00866873 0.00927171 0.0082032 0.00969562 0.00839664 0.00897975 0.0084245 0.00818002 0.00986719 0.00892206 0.00953733 0.00874294 0.00880171 0.00842758 0.0104518 0.0125085 0.00947043 0.00906414 0.023109 0.0263435 0.0235143 0.0152339 0.0147955 0.0108596 0.0206752 0.72222 0.0146284 0.0209986 0.00436951 0 0.00378547 0.00383662 0.00568081 0.00415559 
0.00832241 0.00865364 0.0089538 0.00911185 0.00942999 0.00927726 0.00938026 0.00843922 0.00831853 0.00901137 0.00904355 0.0118102 0.00955449 0.00891852 0.00835624 0.0090867 0.0104144 0.0113147 0.0119425 0.00913693 0.00827672 0.012182 0.0154178 0.0111008 0.0097834 0.0130818 0.0427935 0.0521463 0.0660352 0.021306 0.0109053 0.0282465 0.032419 0.420843 0.0265201 0.00387795 0.00378547 0 0.00379316 0.00382553 0.00391243 
0.0086245 0.00874103 0.00905534 0.00958406 0.00933018 0.0100428 0.00889383 0.00878023 0.00883411 0.00846493 0.0105848 0.00969375 0.0120029 0.00929736 0.00870037 0.00966117 0.0109356 0.0198519 0.0125569 0.00968786 0.00851715 0.0133071 0.0219366 0.0134574 0.00956605 0.0169751 0.0381045 0.129524 0.0744948 0.0363483 0.0134012 0.0133133 0.119227 0.0760829 0.232297 0.00394406 0.00383662 0.00379316 0 0.00378708 0.00382528 
0.00850047 0.00867119 0.00851752 0.00881128 0.00862622 0.00888138 0.00839465 0.00816943 0.00841643 0.00885227 0.00897809 0.00934489 0.00911674 0.00878905 0.0082336 0.00904477 0.0101235 0.0101948 0.00980586 0.00892029 0.0084582 0.0121136 0.0125207 0.0129496 0.00955123 0.0113039 0.0414736 0.0315472 0.0290079 0.0365881 0.0129652 0.0149017 0.032014 0.243115 0.0639523 0.00391101 0.00568081 0.00382553 0.00378708 0 0.00380644 
0.00931332 0.00853082 0.00824225 0.00837393 0.00829019 0.00836266 0.00813694 0.00831752 0.00995164 0.00836714 0.00859634 0.00817973 0.00854232 0.00814681 0.00832603 0.00967488 0.00873616 0.00863003 0.00884573 0.00825486 0.00825964 0.0128017 0.00937015 0.00876871 0.00879899 0.018791 0.00985699 0.0105816 0.0105396 0.009946 0.0132346 0.0236621 0.0138952 0.0125331 0.111799 0.00641973 0.00415559 0.00391243 0.00382528 0.00380644 0 
