1I70A
DVSGTVCLSALPPEATDTLNLIASDGPFPYSQDGVVFQNRESVLPTQSYGYYHEYTVITPGARTRGTRRIITGEATQEDYYTGDHFATFSLIDQTC
CCCCEEEHHHCCHHHHHHHHHHHCCCCCCCCCCCEECCCCCCCCCCCCCCCCEEEECCCCCCCCCCCCEEEECCCCCCEEEECCCCCCCEEEECCC
0 0 0 0 0 0 0 0 0 0 0 0 0 0 0 0 0 0 0 0 0 0 0 0 0 0 0 0 0 0 0 0 0 0 0 0 0 0 0 0 0 0 0 0 0 0 0 0 0 0 0 0 0 0 0 0 0 0 0 0 0 0 0 0 0 0 0 0 0 0 0 0 0 0 0 0 0 0 0 0 0 0 0 0 0 0 0 0 0 0 0 0 0 0 0 0 
0 0 0 0 0 0 0 0 0 0 0 0 0 0 0 0 0 0 0 0 0 0 0 0 0 0 0 0 0 0 0 0 0 0 0 0 0 0 0 0 0 0 0 0 0 0 0 0 0 0 0 0 0 0 0 0 0 0 0 0 0 0 0 0 0 0 0 0 0 0 0 0 0 0 0 0 0 0 0 0 0 0 0 0 0 0 0 0 0 0 0 0 0 0 0 0 
0 0.00416955 0.0044656 0.0137283 0.018027 0.0105964 0.0089202 0.00934473 0.0196471 0.0129794 0.0097324 0.00943156 0.0139908 0.0085857 0.00824562 0.00879666 0.0117565 0.00872718 0.00823684 0.00890861 0.0101098 
0.00416955 0 0.00379156 0.0177299 0.011203 0.0101125 0.012289 0.0134698 0.00914383 0.0109026 0.0188955 0.011696 0.00886111 0.00836656 0.00885973 0.00896914 0.00842807 0.00885888 0.00844892 0.00938742 0.0081686 
0.0044656 0.00379156 0 0.0126937 0.0215146 0.0190213 0.0117612 0.0113889 0.0149624 0.0192669 0.0108407 0.00975236 0.0144946 0.0117914 0.00969964 0.00870948 0.00885127 0.0137557 0.00875196 0.0083353 0.00907445 
0.0137283 0.0177299 0.0126937 0 0.017453 0.012418 0.163846 0.0146061 0.0260578 0.0169255 0.019868 0.0121689 0.0149112 0.00922055 0.0102359 0.00960011 0.0125723 0.00966555 0.00886997 0.00932355 0.0110044 
0.018027 0.011203 0.0215146 0.017453 0 0.327982 0.0109068 0.0244541 0.0273479 0.0158642 0.011217 0.0124794 0.0148045 0.0138042 0.0090465 0.00942173 0.00982327 0.0130607 0.00867455 0.00868178 0.00947498 
0.0105964 0.0101125 0.0190213 0.012418 0.327982 0 0.00406627 0.0037736 0.00521059 0.0187386 0.0154663 0.0156448 0.810948 0.00981535 0.0105411 0.0125232 0.0272794 0.0136424 0.00958916 0.0123521 0.0239164 
0.0089202 0.012289 0.0117612 0.163846 0.0109068 0.00406627 0 0.00385014 0.00381945 0.0152684 0.0165786 0.878145 0.0118959 0.0107148 0.0130849 0.027861 0.00965592 0.0110547 0.0155222 0.0353458 0.00929351 
0.00934473 0.0134698 0.0113889 0.0146061 0.0244541 0.0037736 0.00385014 0 0.00378757 0.0133092 0.941939 0.0295127 0.0178267 0.00907012 0.0371256 0.01546 0.0110662 0.0113395 0.0282256 0.0156749 0.0090127 
0.0196471 0.00914383 0.0149624 0.0260578 0.0273479 0.00521059 0.00381945 0.00378757 0 0.935743 0.0099065 0.0334712 0.0351227 0.041935 0.0109255 0.0166866 0.0145408 0.0626974 0.0107958 0.00955912 0.013099 
0.0129794 0.0109026 0.0192669 0.0169255 0.0158642 0.0187386 0.0152684 0.0133092 0.935743 0 0.00428312 0.00382534 0.00463258 0.00923103 0.00827438 0.0181716 0.919436 0.0219314 0.0121863 0.0129966 0.0313374 
0.0097324 0.0188955 0.0108407 0.019868 0.011217 0.0154663 0.0165786 0.941939 0.0099065 0.00428312 0 0.00388219 0.0038202 0.00691824 0.0135372 0.962373 0.0124554 0.0138396 0.0273604 0.0403646 0.0120287 
0.00943156 0.011696 0.00975236 0.0121689 0.0124794 0.0156448 0.878145 0.0295127 0.0334712 0.00382534 0.00388219 0 0.00390225 0.00909464 0.952044 0.0213423 0.00923659 0.0112836 0.0314588 0.0263529 0.0114958 
0.0139908 0.00886111 0.0144946 0.0149112 0.0148045 0.810948 0.0118959 0.0178267 0.0351227 0.00463258 0.0038202 0.00390225 0 0.961006 0.00810763 0.0106829 0.0103834 0.0226888 0.0132126 0.013047 0.036391 
0.0085857 0.00836656 0.0117914 0.00922055 0.0138042 0.00981535 0.0107148 0.00907012 0.041935 0.00923103 0.00691824 0.00909464 0.961006 0 0.00375984 0.00390374 0.00456096 0.00946114 0.00830001 0.0588592 0.170371 
0.00824562 0.00885973 0.00969964 0.0102359 0.0090465 0.0105411 0.0130849 0.0371256 0.0109255 0.00827438 0.0135372 0.952044 0.00810763 0.00375984 0 0.0037927 0.0038533 0.00978868 0.345369 0.0542104 0.0122982 
0.00879666 0.00896914 0.00870948 0.00960011 0.00942173 0.0125232 0.027861 0.01546 0.0166866 0.0181716 0.962373 0.0213423 0.0106829 0.00390374 0.0037927 0 0.0041531 0.321249 0.039402 0.0210926 0.00814199 
0.0117565 0.00842807 0.00885127 0.0125723 0.00982327 0.0272794 0.00965592 0.0110662 0.0145408 0.919436 0.0124554 0.00923659 0.0103834 0.00456096 0.0038533 0.0041531 0 0.0562291 0.0136985 0.00753781 0.0135308 
0.00872718 0.00885888 0.0137557 0.00966555 0.0130607 0.0136424 0.0110547 0.0113395 0.0626974 0.0219314 0.0138396 0.0112836 0.0226888 0.00946114 0.00978868 0.321249 0.0562291 0 0.00382561 0.00391499 0.00580446 
0.00823684 0.00844892 0.00875196 0.00886997 0.00867455 0.00958916 0.0155222 0.0282256 0.0107958 0.0121863 0.0273604 0.0314588 0.0132126 0.00830001 0.345369 0.039402 0.0136985 0.00382561 0 0.00381898 0.00389464 
0.00890861 0.00938742 0.0083353 0.00932355 0.00868178 0.0123521 0.0353458 0.0156749 0.00955912 0.0129966 0.0403646 0.0263529 0.013047 0.0588592 0.0542104 0.0210926 0.00753781 0.00391499 0.00381898 0 0.00384897 
0.0101098 0.0081686 0.00907445 0.0110044 0.00947498 0.0239164 0.00929351 0.0090127 0.013099 0.0313374 0.0120287 0.0114958 0.036391 0.170371 0.0122982 0.00814199 0.0135308 0.00580446 0.00389464 0.00384897 0 
