1ITBA
APVRSLNCTLRDSQQKSLVMSGPYELKALHLQGQDMEQQVVFSMSFVQGEESNDKIPVALGLKEKNLYLSCVLKDDKPTLQLESVDPKNYPKKKMEKRFVFNKIEINNKLEFESAQFPNWYISTSQAENMPVFLGGTKGGQDITDFTMQFVSS
CCCEEEEECCEECCCCEEEECCCCCEEEECCECCHHHHECCEEEEECCCCCCCCCCEEEEEECCCCEEEEEEEECCEEEEEEEECCCCCCCCCCCCHHHEEEEEECCCCEEEEECCCCCCEEEECCCCCEECEEECCCCCCCECCEECCECCC
0 0 0 0 0 0 0 0 0 0 0 0 0 0 0 0 0 0 0 0 0 0 0 0 0 0 0 0 0 0 0 0 0 0 0 0 0 0 0 0 0 0 0 0 0 0 0 0 0 0 0 0 0 0 0 0 0 0 0 0 0 0 0 0 0 0 0 0 0 0 0 0 0 0 0 0 0 0 0 0 0 0 0 0 0 0 0 0 0 0 0 0 0 0 0 0 0 0 0 0 0 0 0 0 0 0 0 0 0 0 0 0 0 0 0 0 0 0 0 0 0 0 0 0 0 0 0 0 0 0 0 0 0 0 0 0 0 0 0 0 0 0 0 0 0 0 0 0 0 0 0 0 0 
0 0 0 0 0 0 0 0 0 0 0 0 0 0 0 0 0 0 0 0 0 0 0 0 0 0 0 0 0 0 0 0 0 0 0 0 0 0 0 0 0 0 0 0 0 0 0 0 0 0 0 0 0 0 0 0 0 0 0 0 0 0 0 0 0 0 0 0 0 0 0 0 0 0 0 0 0 0 0 0 0 0 0 0 0 0 0 0 0 0 0 0 0 0 0 0 0 0 0 0 0 0 0 0 0 0 0 0 0 0 0 0 0 0 0 0 0 0 0 0 0 0 0 0 0 0 0 0 0 0 0 0 0 0 0 0 0 0 0 0 0 0 0 0 0 0 0 0 0 0 0 0 0 
0 0.00382249 0.00382254 0.0038447 0.00481635 0.00859267 0.0100737 0.0105325 0.0108544 0.0125158 0.0364073 0.0224351 0.0116284 0.0150666 0.0305179 0.0176454 0.0126682 0.020638 0.00946068 0.0109642 0.00949857 0.191637 0.0114058 0.0154928 0.00983772 0.0111888 0.0100874 0.026433 0.0113102 0.00884106 0.00979457 0.00900065 0.0117575 0.00876161 0.00911051 0.0124706 0.00843685 0.00867972 0.00843256 0.00970601 0.00841108 0.00894915 0.00868392 0.0123567 0.00842733 0.00857535 0.00864865 0.00846176 0.00882152 0.0104664 0.00872328 0.00804277 0.00847687 0.00860164 0.0118443 0.00827103 0.00829331 0.00853361 0.00972476 0.0079393 0.00806212 0.00866343 0.00811676 0.00904665 0.00904122 0.00829796 0.00840715 0.00886862 
0.00382249 0 0.00375152 0.00396321 0.00377314 0.0107477 0.00492262 0.0137428 0.0100854 0.0212169 0.0161801 0.0106203 0.0278933 0.0286874 0.0151297 0.00947078 0.00896263 0.0102417 0.0364146 0.0095595 0.203091 0.00895568 0.0130469 0.0127684 0.0360013 0.0113106 0.0309954 0.0090556 0.00913737 0.0167089 0.00990347 0.0262558 0.0104411 0.0099953 0.0105326 0.00863878 0.00898643 0.00839877 0.0131943 0.0087983 0.0169744 0.00844305 0.0131413 0.00897046 0.00875886 0.00892294 0.0103562 0.00951028 0.00889666 0.00879188 0.00818848 0.00944506 0.00827097 0.0113891 0.00824591 0.00833182 0.00844807 0.0091814 0.00827054 0.00796736 0.00797857 0.00835758 0.00810403 0.00808953 0.00793453 0.00795104 0.00819514 0.00790291 
0.00382254 0.00375152 0 0.00375027 0.00377385 0.00382238 0.00512743 0.00692454 0.0137009 0.0125461 0.00841153 0.0128193 0.0201969 0.0224204 0.0103191 0.00797875 0.00902537 0.0119073 0.0090553 0.375449 0.00931782 0.0111746 0.00888192 0.0336809 0.0141325 0.102735 0.00938999 0.0101811 0.0102875 0.00900328 0.0774873 0.0102887 0.0173826 0.0156277 0.00859343 0.00843045 0.00805075 0.0142923 0.00859053 0.0383751 0.00868496 0.0262132 0.00860973 0.00839724 0.00895476 0.00985404 0.0120524 0.0106397 0.00965964 0.00821801 0.00872238 0.00829185 0.0166684 0.00828916 0.00850481 0.00806539 0.0100863 0.00874668 0.00828628 0.00783881 0.00810932 0.00831101 0.00855898 0.00801829 0.00796363 0.00854224 0.00788153 0.00789516 
0.0038447 0.00396321 0.00375027 0 0.00376563 0.00552325 0.00431525 0.0127927 0.0143023 0.020769 0.011387 0.0166273 0.0393616 0.0135512 0.0115277 0.0101294 0.0092303 0.00954218 0.257588 0.00899518 0.0511641 0.00964909 0.0110893 0.0117237 0.0786527 0.0101231 0.0323799 0.00872163 0.00884778 0.0305556 0.00911097 0.0216976 0.0112453 0.00975149 0.00977093 0.00822057 0.00914909 0.00839154 0.0188485 0.00875626 0.0395193 0.008467 0.010099 0.00871122 0.00931458 0.0094811 0.0106383 0.00976204 0.00841787 0.00862136 0.00809001 0.0119632 0.00829929 0.0102194 0.00814599 0.00849861 0.00857059 0.0106137 0.00822518 0.00790961 0.00805158 0.00910431 0.00815069 0.00815032 0.00786281 0.00794454 0.00853274 0.00785232 
0.00481635 0.00377314 0.00377385 0.00376563 0 0.00914948 0.00609368 0.0242065 0.0168163 0.0179912 0.0125151 0.0618768 0.00970768 0.0181111 0.0236105 0.0147163 0.0138732 0.198751 0.00950959 0.0157281 0.00991003 0.0277572 0.0139297 0.0293803 0.0105654 0.0195936 0.00998506 0.020263 0.0350809 0.00948753 0.0154963 0.0104133 0.0106864 0.00945295 0.00865288 0.00957013 0.00862073 0.0117193 0.00841799 0.0154191 0.00852543 0.0108687 0.00880195 0.00900856 0.0138064 0.00954108 0.00953635 0.00873979 0.00912505 0.00854133 0.015096 0.00816798 0.00985029 0.00830875 0.00885032 0.00909623 0.00877411 0.00877817 0.00899564 0.00804734 0.00819267 0.00857371 0.00838042 0.00833484 0.00844595 0.00963009 0.00801915 0.00829276 
0.00859267 0.0107477 0.00382238 0.00552325 0.00914948 0 0.00557775 0.0639635 0.0606918 0.0119484 0.0133632 0.00994755 0.0179594 0.00997239 0.0267831 0.031883 0.0202134 0.011071 0.0138191 0.00885184 0.0133027 0.0144412 0.0168161 0.0105741 0.0113705 0.00898991 0.0135836 0.0130622 0.0109174 0.0137307 0.00882196 0.00989884 0.00874357 0.0086479 0.00899605 0.00993294 0.00960207 0.0084842 0.00919671 0.0083988 0.00982926 0.00822792 0.00873276 0.0107021 0.00972045 0.00866661 0.00853964 0.00824708 0.00827184 0.00953134 0.00892134 0.00881497 0.00812692 0.00836473 0.00861753 0.00921607 0.00847553 0.00829253 0.00863443 0.00806642 0.00816678 0.00845549 0.00804 0.00832658 0.00924417 0.00805589 0.00883413 0.00851082 
0.0100737 0.00492262 0.00512743 0.00431525 0.00609368 0.00557775 0 0.0299208 0.0166676 0.00707671 0.00553964 0.0116326 0.00802346 0.024907 0.0127735 0.0243686 0.0133667 0.0156012 0.00902424 0.0103774 0.00952258 0.0133115 0.009501 0.012442 0.00903905 0.00997817 0.0101375 0.010652 0.0123244 0.00880889 0.00953321 0.00870619 0.00878898 0.00863927 0.00852932 0.00849253 0.00831928 0.00868169 0.00834605 0.00909865 0.0082699 0.00869727 0.00848482 0.00866952 0.00947578 0.00843631 0.00849903 0.00823187 0.00855893 0.00828457 0.009242 0.00811723 0.00842095 0.00819115 0.00822568 0.0084961 0.00820167 0.0085211 0.00825204 0.00830516 0.00806442 0.00807085 0.00821692 0.00809142 0.00810562 0.00851904 0.00795407 0.00808258 
0.0105325 0.0137428 0.00692454 0.0127927 0.0242065 0.0639635 0.0299208 0 0.00381125 0.00379959 0.00412414 0.00814568 0.0119199 0.0157587 0.942605 0.0118165 0.012801 0.0247055 0.0161677 0.01083 0.0172168 0.0218989 0.0378739 0.0202331 0.0206778 0.0162677 0.0149641 0.017686 0.0179782 0.0149726 0.0106838 0.0165041 0.0119481 0.00993938 0.0108165 0.0137352 0.0108935 0.00910133 0.0109962 0.0096711 0.0116682 0.00885146 0.0103684 0.0178141 0.0111721 0.00966707 0.0100841 0.00930999 0.00915489 0.0118732 0.00982166 0.00960424 0.00863699 0.00978903 0.0115569 0.00935258 0.00865149 0.00937352 0.0113994 0.00815651 0.00830546 0.00939507 0.00842127 0.00924357 0.00916221 0.00821648 0.00873193 0.00859623 
0.0108544 0.0100854 0.0137009 0.0143023 0.0168163 0.0606918 0.0166676 0.00381125 0 0.00379431 0.00382555 0.00635225 0.0122971 0.955641 0.0150892 0.00754043 0.00850327 0.0162312 0.0235068 0.0253021 0.0174917 0.0122325 0.0114186 0.0554095 0.0343885 0.0357837 0.0164727 0.0105254 0.0117937 0.0186194 0.0305441 0.0155527 0.0192244 0.0123252 0.0112122 0.00912679 0.00852625 0.0119115 0.0107857 0.0165445 0.0110906 0.011497 0.0105366 0.00970999 0.0102906 0.0122772 0.013309 0.0107794 0.0107356 0.00865985 0.00870606 0.00961917 0.0108379 0.00915277 0.00886827 0.00853828 0.0101599 0.0100517 0.008645 0.00793797 0.00821683 0.00849586 0.00882247 0.00827791 0.00793533 0.00833429 0.0081688 0.00787884 
0.0125158 0.0212169 0.0125461 0.020769 0.0179912 0.0119484 0.00707671 0.00379959 0.00379431 0 0.00376896 0.0116712 0.962424 0.0173352 0.0120972 0.00771536 0.00837193 0.0142601 0.0265875 0.0167077 0.0253204 0.0155527 0.0105452 0.022074 0.0366468 0.0237575 0.034059 0.0110255 0.0100121 0.0181232 0.0178091 0.0184021 0.0148721 0.0133252 0.011155 0.00878779 0.00858696 0.0102078 0.0106252 0.0120561 0.0128509 0.0124292 0.0114833 0.00923006 0.0110243 0.0127843 0.0137093 0.01171 0.0106385 0.00902154 0.00857347 0.0100004 0.0112598 0.00994085 0.00859228 0.00880079 0.0105097 0.0119943 0.00878096 0.00799503 0.0081123 0.00922135 0.0093231 0.00837302 0.00799023 0.0082346 0.0080889 0.00787389 
0.0364073 0.0161801 0.00841153 0.011387 0.0125151 0.0133632 0.00553964 0.00412414 0.00382555 0.00376896 0 0.956641 0.01226 0.00706041 0.0101137 0.00990464 0.00985764 0.0190993 0.0127868 0.00993653 0.0144932 0.025805 0.0159841 0.012882 0.0135332 0.0125133 0.0133587 0.0132095 0.0158847 0.011899 0.0106117 0.0110103 0.00981849 0.00934083 0.00884705 0.00890475 0.0108141 0.00876085 0.010597 0.00891191 0.00999552 0.0087006 0.00900591 0.0101393 0.0130421 0.00904742 0.00939685 0.00876761 0.00856193 0.00917652 0.0112929 0.00889209 0.0085843 0.00866151 0.00879794 0.0108781 0.00852861 0.00882213 0.00887749 0.00809884 0.00812576 0.00938063 0.00819741 0.00828301 0.00861802 0.00827897 0.00841589 0.00817288 
0.0224351 0.0106203 0.0128193 0.0166273 0.0618768 0.00994755 0.0116326 0.00814568 0.00635225 0.0116712 0.956641 0 0.00382884 0.00383263 0.00410931 0.00707019 0.00883265 0.0239946 0.0104638 0.0183329 0.0186791 0.059137 0.0201579 0.0268296 0.0157282 0.0157102 0.0122601 0.0344368 0.0228049 0.0107019 0.0142604 0.0118328 0.015117 0.0101866 0.0104059 0.0170045 0.00935837 0.0131974 0.00953164 0.012967 0.00918787 0.0105846 0.00963168 0.020307 0.010961 0.0101716 0.0102266 0.0096934 0.0100424 0.0129206 0.0116046 0.00857014 0.00958422 0.00910767 0.0135948 0.00871114 0.00874261 0.00934124 0.0129292 0.00801755 0.00914296 0.00850129 0.00876851 0.00978965 0.00988089 0.00899041 0.00861108 0.00942838 
0.0116284 0.0278933 0.0201969 0.0393616 0.00970768 0.0179594 0.00802346 0.0119199 0.0122971 0.962424 0.01226 0.00382884 0 0.00386161 0.00378878 0.00680151 0.00730729 0.0168913 0.0368726 0.0277372 0.0647322 0.0116869 0.0164491 0.0294424 0.0509517 0.0198476 0.0324119 0.010021 0.0124669 0.0302022 0.0165654 0.0280242 0.0145681 0.0137491 0.0126047 0.00903219 0.00982685 0.010045 0.0185579 0.0110547 0.0218519 0.0101144 0.0146192 0.0104195 0.0124743 0.0128252 0.0187259 0.0143234 0.0102018 0.0094619 0.00881936 0.0131578 0.0104502 0.0127611 0.00889149 0.0089782 0.00979241 0.0125245 0.00875192 0.00807891 0.00825665 0.00993219 0.00865514 0.00870546 0.00809273 0.00827043 0.0082269 0.00795574 
0.0150666 0.0286874 0.0224204 0.0135512 0.0181111 0.00997239 0.024907 0.0157587 0.955641 0.0173352 0.00706041 0.00383263 0.00386161 0 0.00389825 0.00417372 0.00777955 0.0171078 0.0632788 0.034803 0.0239514 0.0155302 0.011716 0.0393204 0.0319777 0.0481686 0.0368309 0.0138023 0.0128966 0.0206274 0.0355892 0.0188262 0.0205024 0.0152079 0.0137045 0.00925234 0.00875492 0.0138291 0.0109386 0.0196716 0.0128243 0.018198 0.015338 0.00991811 0.014554 0.0192428 0.0183918 0.0138185 0.0160076 0.00910241 0.00952441 0.0116971 0.0172838 0.0110289 0.00893378 0.00943531 0.0143951 0.0155785 0.00918494 0.00817215 0.00833776 0.0101362 0.0109899 0.00844531 0.00816761 0.00858928 0.00835478 0.00788654 
0.0305179 0.0151297 0.0103191 0.0115277 0.0236105 0.0267831 0.0127735 0.942605 0.0150892 0.0120972 0.0101137 0.00410931 0.00378878 0.00389825 0 0.00574342 0.0110546 0.0591161 0.0475602 0.0130837 0.0140349 0.0206715 0.0168705 0.0173155 0.0197037 0.0168401 0.0202023 0.0205788 0.0208135 0.012377 0.0151878 0.0136335 0.012326 0.0102888 0.0101928 0.0109914 0.010092 0.00948225 0.0100886 0.0109196 0.010193 0.00987387 0.0103539 0.0136405 0.017254 0.0112504 0.0113319 0.00965044 0.0103386 0.0103602 0.0126547 0.00928117 0.0100825 0.0095612 0.00975142 0.0107509 0.00923481 0.010854 0.0103534 0.00835146 0.00840904 0.00978308 0.00889975 0.00875821 0.00885497 0.00887295 0.0082736 0.00818079 
0.0176454 0.00947078 0.00797875 0.0101294 0.0147163 0.031883 0.0243686 0.0118165 0.00754043 0.00771536 0.00990464 0.00707019 0.00680151 0.00417372 0.00574342 0 0.124241 0.0127908 0.00920944 0.00694325 0.00840175 0.0112045 0.0139612 0.0102833 0.00900907 0.00909308 0.0115208 0.0159439 0.0134012 0.010709 0.00898058 0.00882179 0.00866423 0.00854057 0.00937863 0.0119792 0.0102468 0.00848547 0.00870042 0.00841185 0.00903918 0.00835639 0.00882739 0.0131707 0.010624 0.00837734 0.00851743 0.00824912 0.00839047 0.0106489 0.00973745 0.00830677 0.00814639 0.00881027 0.00966798 0.00981097 0.0080232 0.00825256 0.0100476 0.00902139 0.00813533 0.00941826 0.00806038 0.00910497 0.0107408 0.0083874 0.00887286 0.00992479 
0.0126682 0.00896263 0.00902537 0.0092303 0.0138732 0.0202134 0.0133667 0.012801 0.00850327 0.00837193 0.00985764 0.00883265 0.00730729 0.00777955 0.0110546 0.124241 0 0.00418275 0.00385963 0.00378002 0.0038183 0.00424776 0.00802791 0.0090783 0.00783488 0.00818704 0.00920463 0.0171011 0.0168525 0.0100319 0.00895042 0.00918913 0.00933039 0.00895151 0.00934283 0.0113929 0.00985057 0.00920866 0.00928286 0.00952342 0.00894326 0.00890921 0.0093199 0.012009 0.0108112 0.00886033 0.00880457 0.00858923 0.00863394 0.0103748 0.00976644 0.00841077 0.00826553 0.00845035 0.00960623 0.00955863 0.00826643 0.00870631 0.00926195 0.00855934 0.00824818 0.00843229 0.00817647 0.00881736 0.0107704 0.0091319 0.00845183 0.010241 
0.020638 0.0102417 0.0119073 0.00954218 0.198751 0.011071 0.0156012 0.0247055 0.0162312 0.0142601 0.0190993 0.0239946 0.0168913 0.0171078 0.0591161 0.0127908 0.00418275 0 0.00382335 0.00380435 0.00383776 0.00425613 0.0191672 0.0205362 0.0133752 0.0153298 0.0199132 0.709244 0.0177568 0.0115796 0.0151955 0.0112271 0.0174664 0.0104097 0.0102455 0.0175297 0.0091985 0.0124659 0.00981824 0.0152036 0.00977673 0.012654 0.0100907 0.0240064 0.0125631 0.0120336 0.0116212 0.0102175 0.0119797 0.0152628 0.0130546 0.00942491 0.0115112 0.00958712 0.02064 0.00972174 0.0100496 0.0104157 0.0142015 0.00817946 0.00907234 0.00895161 0.00895229 0.0103337 0.00950468 0.00859878 0.00843588 0.00900509 
0.00946068 0.0364146 0.0090553 0.257588 0.00950959 0.0138191 0.00902424 0.0161677 0.0235068 0.0265875 0.0127868 0.0104638 0.0368726 0.0632788 0.0475602 0.00920944 0.00385963 0.00382335 0 0.00376048 0.00379803 0.00379226 0.0139487 0.0160291 0.0645449 0.0141587 0.778367 0.00995763 0.0101267 0.035761 0.0130303 0.0321311 0.0144572 0.0127124 0.0178869 0.00917185 0.00938565 0.00947127 0.0252841 0.0103065 0.0338126 0.00932123 0.0423383 0.0103586 0.0126175 0.0152472 0.0199881 0.0193326 0.0241164 0.0105562 0.00882027 0.0225728 0.0104441 0.0477891 0.00906543 0.00983144 0.0111677 0.0214663 0.00935997 0.00829209 0.00846356 0.010493 0.00921856 0.00877105 0.00803884 0.00831219 0.00848923 0.00793997 
0.0109642 0.0095595 0.375449 0.00899518 0.0157281 0.00885184 0.0103774 0.01083 0.0253021 0.0167077 0.00993653 0.0183329 0.0277372 0.034803 0.0130837 0.00694325 0.00378002 0.00380435 0.00376048 0 0.00376501 0.00390601 0.00822038 0.0259832 0.0217182 0.785322 0.0097041 0.00998922 0.0134437 0.0102902 0.0725015 0.0138168 0.020303 0.0208118 0.0101656 0.00896143 0.00821858 0.0217497 0.00967693 0.0537566 0.00974162 0.0673356 0.00986609 0.00978824 0.0116878 0.0175399 0.0291779 0.0240886 0.0161402 0.00905379 0.00993152 0.00942677 0.0654085 0.00934331 0.00962541 0.00875951 0.0222741 0.0126798 0.00932105 0.00815257 0.00885356 0.0100906 0.0102225 0.00862317 0.00812113 0.0085529 0.00820586 0.00798891 
0.00949857 0.203091 0.00931782 0.0511641 0.00991003 0.0133027 0.00952258 0.0172168 0.0174917 0.0253204 0.0144932 0.0186791 0.0647322 0.0239514 0.0140349 0.00840175 0.0038183 0.00383776 0.00379803 0.00376501 0 0.0037751 0.0152535 0.0219146 0.711489 0.0116402 0.0303149 0.00976751 0.00949521 0.0442691 0.0109527 0.0203054 0.0171463 0.0120473 0.0137103 0.0114111 0.0100363 0.00913299 0.0192077 0.0101631 0.0427102 0.00944092 0.025357 0.0104232 0.0146042 0.0259462 0.0207313 0.0150669 0.0133528 0.0100808 0.00900285 0.0265541 0.00995169 0.0160661 0.00881935 0.0117883 0.0112266 0.0223363 0.00937691 0.00848356 0.00856197 0.0111901 0.00978661 0.00891764 0.00826229 0.00846631 0.0088573 0.00791198 
0.191637 0.00895568 0.0111746 0.00964909 0.0277572 0.0144412 0.0133115 0.0218989 0.0122325 0.0155527 0.025805 0.059137 0.0116869 0.0155302 0.0206715 0.0112045 0.00424776 0.00425613 0.00379226 0.00390601 0.0037751 0 0.0268612 0.59005 0.0143055 0.0167727 0.0121073 0.0174796 0.0188147 0.0105886 0.0150492 0.011202 0.0128541 0.0105415 0.0185945 0.0138834 0.00911391 0.01094 0.00966876 0.0156579 0.00944306 0.0111467 0.00992573 0.0147869 0.0281472 0.0139155 0.0125673 0.0105362 0.0106116 0.0108532 0.0278229 0.00904696 0.011624 0.00963403 0.0110725 0.0118454 0.0110036 0.0117582 0.0114781 0.00852461 0.00856007 0.010011 0.00885527 0.00925272 0.00905655 0.00986891 0.0083868 0.00825634 
0.0114058 0.0130469 0.00888192 0.0110893 0.0139297 0.0168161 0.009501 0.0378739 0.0114186 0.0105452 0.0159841 0.0201579 0.0164491 0.011716 0.0168705 0.0139612 0.00802791 0.0191672 0.0139487 0.00822038 0.0152535 0.0268612 0 0.00381165 0.00378047 0.00380197 0.0038633 0.00450169 0.00747202 0.00788212 0.0070688 0.00812034 0.0263948 0.169212 0.0237411 0.0156844 0.0117022 0.00848717 0.0120608 0.00905276 0.0118557 0.00875668 0.0111278 0.0218823 0.0151037 0.0108483 0.0108341 0.0103484 0.00951771 0.023842 0.0122392 0.0119788 0.00955012 0.01025 0.0119133 0.0132715 0.00916689 0.0107377 0.0129709 0.00900781 0.00894687 0.0109325 0.00878112 0.0105071 0.00986555 0.00868847 0.00965481 0.00925281 
0.0154928 0.0127684 0.0336809 0.0117237 0.0293803 0.0105741 0.012442 0.0202331 0.0554095 0.022074 0.012882 0.0268296 0.0294424 0.0393204 0.0173155 0.0102833 0.0090783 0.0205362 0.0160291 0.0259832 0.0219146 0.59005 0.00381165 0 0.00385517 0.00382616 0.00383525 0.00384292 0.0077671 0.00961435 0.0130487 0.062956 0.232506 0.0285912 0.014699 0.0104345 0.00759097 0.0261181 0.00903837 0.0281817 0.00980521 0.0252537 0.0162558 0.0140896 0.0177652 0.0285952 0.0226991 0.0159741 0.0370216 0.0118338 0.0171121 0.0136764 0.0307198 0.0121315 0.0139902 0.010767 0.0302609 0.0194117 0.0128666 0.00864793 0.011666 0.0113351 0.0169109 0.00945755 0.00927156 0.0104643 0.00851801 0.00830884 
0.00983772 0.0360013 0.0141325 0.0786527 0.0105654 0.0113705 0.00903905 0.0206778 0.0343885 0.0366468 0.0135332 0.0157282 0.0509517 0.0319777 0.0197037 0.00900907 0.00783488 0.0133752 0.0645449 0.0217182 0.711489 0.0143055 0.00378047 0.00385517 0 0.00380946 0.00377479 0.00377524 0.00584151 0.0314444 0.0824422 0.304721 0.0747136 0.017013 0.0117667 0.00816987 0.00855158 0.0086998 0.0239191 0.0115669 0.0575466 0.0129187 0.0213246 0.0124052 0.0158167 0.0251305 0.0489132 0.0864044 0.0173031 0.0135105 0.00984237 0.0503933 0.02102 0.029801 0.0102575 0.0124368 0.0230782 0.03654 0.0118031 0.00848696 0.00898612 0.0266992 0.0104142 0.00955291 0.00856078 0.0085334 0.00874763 0.00799553 
0.0111888 0.0113106 0.102735 0.0101231 0.0195936 0.00898991 0.00997817 0.0162677 0.0357837 0.0237575 0.0125133 0.0157102 0.0198476 0.0481686 0.0168401 0.00909308 0.00818704 0.0153298 0.0141587 0.785322 0.0116402 0.0167727 0.00380197 0.00382616 0.00380946 0 0.0037599 0.00379099 0.0055425 0.0231077 0.37442 0.0380619 0.0118128 0.0117701 0.00778246 0.00766566 0.00733572 0.0130422 0.00897963 0.0301913 0.0125888 0.0393354 0.0106976 0.0117252 0.0147229 0.0209133 0.0645456 0.0333634 0.0270772 0.00971188 0.0136642 0.0125374 0.0988386 0.0111785 0.0105316 0.0110541 0.0329912 0.0249375 0.0116362 0.00837098 0.0099994 0.0132191 0.013336 0.00932901 0.00870578 0.00934048 0.0085116 0.0081858 
0.0100874 0.0309954 0.00938999 0.0323799 0.00998506 0.0135836 0.0101375 0.0149641 0.0164727 0.034059 0.0133587 0.0122601 0.0324119 0.0368309 0.0202023 0.0115208 0.00920463 0.0199132 0.778367 0.0097041 0.0303149 0.0121073 0.0038633 0.00383525 0.00377479 0.0037599 0 0.00389199 0.0444421 0.858005 0.011898 0.0111761 0.00912977 0.00804709 0.00920138 0.00782956 0.00796376 0.0080188 0.0152068 0.00942605 0.0215698 0.00925303 0.0209831 0.0125634 0.0150216 0.0385669 0.0214922 0.0168496 0.0140058 0.0138027 0.0101982 0.0425312 0.0120134 0.0204697 0.00998806 0.0127605 0.0155186 0.0330526 0.0102059 0.00876139 0.00890691 0.0162866 0.0119669 0.00924226 0.00847107 0.00869796 0.0110474 0.00815429 
0.026433 0.0090556 0.0101811 0.00872163 0.020263 0.0130622 0.010652 0.017686 0.0105254 0.0110255 0.0132095 0.0344368 0.010021 0.0138023 0.0205788 0.0159439 0.0171011 0.709244 0.00995763 0.00998922 0.00976751 0.0174796 0.00450169 0.00384292 0.00377524 0.00379099 0.00389199 0 0.863669 0.0242815 0.00822937 0.00540643 0.00614191 0.00730034 0.00629999 0.00864085 0.00823495 0.0100051 0.00775593 0.0162768 0.00822874 0.0105934 0.00879479 0.0140288 0.0475155 0.0121724 0.0103206 0.00921571 0.0109379 0.010002 0.0343163 0.00917704 0.0115667 0.00917441 0.0120515 0.0135908 0.00985621 0.0100234 0.015218 0.00897615 0.00871882 0.00997573 0.00950481 0.0101588 0.0118339 0.0130202 0.00888609 0.0102762 
0.0113102 0.00913737 0.0102875 0.00884778 0.0350809 0.0109174 0.0123244 0.0179782 0.0117937 0.0100121 0.0158847 0.0228049 0.0124669 0.0128966 0.0208135 0.0134012 0.0168525 0.0177568 0.0101267 0.0134437 0.00949521 0.0188147 0.00747202 0.0077671 0.00584151 0.0055425 0.0444421 0.863669 0 0.00378616 0.0038866 0.00377214 0.00381033 0.00382715 0.00415173 0.0056555 0.00555278 0.0067402 0.00670089 0.00888767 0.00715027 0.00881386 0.016322 0.930404 0.0126802 0.0111205 0.0103995 0.00966836 0.0118532 0.0166948 0.0261212 0.0098905 0.0115642 0.010015 0.0215829 0.0118585 0.010893 0.0104105 0.0179809 0.00867875 0.0111191 0.0092159 0.00941086 0.0122466 0.0117384 0.00968082 0.00949459 0.0112498 
0.00884106 0.0167089 0.00900328 0.0305556 0.00948753 0.0137307 0.00880889 0.0149726 0.0186194 0.0181232 0.011899 0.0107019 0.0302022 0.0206274 0.012377 0.010709 0.0100319 0.0115796 0.035761 0.0102902 0.0442691 0.0105886 0.00788212 0.00961435 0.0314444 0.0231077 0.858005 0.0242815 0.00378616 0 0.00376316 0.00375469 0.00377164 0.0038153 0.00472081 0.00439974 0.00533424 0.00641772 0.00886766 0.00742068 0.0110476 0.0113496 0.980379 0.0338363 0.0127604 0.0156194 0.0148644 0.0172182 0.013078 0.0166724 0.00945628 0.0286175 0.01029 0.0293916 0.0113529 0.0110544 0.0119663 0.0280799 0.0120708 0.00903033 0.00893654 0.0130008 0.0102041 0.0102254 0.00877071 0.0086949 0.00929621 0.00834205 
0.00979457 0.00990347 0.0774873 0.00911097 0.0154963 0.00882196 0.00953321 0.0106838 0.0305441 0.0178091 0.0106117 0.0142604 0.0165654 0.0355892 0.0151878 0.00898058 0.00895042 0.0151955 0.0130303 0.0725015 0.0109527 0.0150492 0.0070688 0.0130487 0.0824422 0.37442 0.011898 0.00822937 0.0038866 0.00376316 0 0.00375849 0.00376534 0.00381574 0.00375649 0.00382567 0.00423406 0.00786499 0.00596908 0.0140395 0.00841984 0.974905 0.0135838 0.00937928 0.0126473 0.0163593 0.0282585 0.0190228 0.0222677 0.0101393 0.0125604 0.0101846 0.0819543 0.00974944 0.0104012 0.00979266 0.0394405 0.0181665 0.0121263 0.00845881 0.00967327 0.0116543 0.0141441 0.00909016 0.00852613 0.00916643 0.00854298 0.00811354 
0.00900065 0.0262558 0.0102887 0.0216976 0.0104133 0.00989884 0.00870619 0.0165041 0.0155527 0.0184021 0.0110103 0.0118328 0.0280242 0.0188262 0.0136335 0.00882179 0.00918913 0.0112271 0.0321311 0.0138168 0.0203054 0.011202 0.00812034 0.062956 0.304721 0.0380619 0.0111761 0.00540643 0.00377214 0.00375469 0.00375849 0 0.00375378 0.00375025 0.00376158 0.00380195 0.0046099 0.00460532 0.0066746 0.00860321 0.984039 0.0101317 0.00889607 0.00838342 0.0118783 0.0148573 0.0265562 0.0265394 0.0120876 0.0118787 0.00998055 0.0338864 0.013259 0.0188846 0.0101255 0.0151802 0.0141373 0.0251318 0.01051 0.00889171 0.00892215 0.0190527 0.00913285 0.00967702 0.00839478 0.00867817 0.00885659 0.00807585 
0.0117575 0.0104411 0.0173826 0.0112453 0.0106864 0.00874357 0.00878898 0.0119481 0.0192244 0.0148721 0.00981849 0.015117 0.0145681 0.0205024 0.012326 0.00866423 0.00933039 0.0174664 0.0144572 0.020303 0.0171463 0.0128541 0.0263948 0.232506 0.0747136 0.0118128 0.00912977 0.00614191 0.00381033 0.00377164 0.00376534 0.00375378 0 0.00375227 0.00375878 0.00377482 0.00392761 0.00620161 0.00528116 0.975778 0.0104609 0.00862343 0.00842616 0.00805918 0.0115541 0.0154554 0.0215288 0.0160231 0.0155484 0.00918326 0.0190654 0.0116626 0.0269063 0.0111934 0.00970981 0.0107533 0.0200499 0.0149164 0.0106925 0.00844606 0.00901542 0.0113647 0.0105036 0.00891611 0.00842406 0.00891612 0.00843293 0.00811086 
0.00876161 0.0099953 0.0156277 0.00975149 0.00945295 0.0086479 0.00863927 0.00993938 0.0123252 0.0133252 0.00934083 0.0101866 0.0137491 0.0152079 0.0102888 0.00854057 0.00895151 0.0104097 0.0127124 0.0208118 0.0120473 0.0105415 0.169212 0.0285912 0.017013 0.0117701 0.00804709 0.00730034 0.00382715 0.0038153 0.00381574 0.00375025 0.00375227 0 0.00398902 0.00377774 0.00410662 0.016248 0.925862 0.0110831 0.00699775 0.00752514 0.00856367 0.00736945 0.0100386 0.0119702 0.0152992 0.0137637 0.010348 0.00910607 0.0100069 0.0113005 0.016437 0.0103691 0.00917393 0.0103398 0.0127924 0.0131617 0.00927974 0.00844519 0.00867319 0.0102006 0.00955011 0.00887367 0.00838849 0.00875542 0.00871905 0.0081558 
0.00911051 0.0105326 0.00859343 0.00977093 0.00865288 0.00899605 0.00852932 0.0108165 0.0112122 0.011155 0.00884705 0.0104059 0.0126047 0.0137045 0.0101928 0.00937863 0.00934283 0.0102455 0.0178869 0.0101656 0.0137103 0.0185945 0.0237411 0.014699 0.0117667 0.00778246 0.00920138 0.00629999 0.00415173 0.00472081 0.00375649 0.00376158 0.00375878 0.00398902 0 0.00408341 0.00509048 0.984495 0.00422281 0.00505197 0.00570429 0.00607042 0.00883788 0.00691536 0.0110848 0.0108619 0.0103898 0.00977632 0.00992927 0.00880842 0.00954441 0.0133632 0.00995366 0.00975659 0.00869194 0.0102767 0.0112481 0.0130217 0.00880238 0.00843831 0.00852715 0.00966514 0.00983208 0.00850534 0.00838256 0.00857134 0.00850051 0.00811668 
0.0124706 0.00863878 0.00843045 0.00822057 0.00957013 0.00993294 0.00849253 0.0137352 0.00912679 0.00878779 0.00890475 0.0170045 0.00903219 0.00925234 0.0109914 0.0119792 0.0113929 0.0175297 0.00917185 0.00896143 0.0114111 0.0138834 0.0156844 0.0104345 0.00816987 0.00766566 0.00782956 0.00864085 0.0056555 0.00439974 0.00382567 0.00380195 0.00377482 0.00377774 0.00408341 0 0.998471 0.00453207 0.00487867 0.004101 0.00419429 0.00479636 0.00573575 0.00658244 0.015692 0.00950825 0.00957505 0.0086217 0.00873123 0.00904486 0.0163741 0.00913056 0.00908808 0.00860813 0.00982216 0.0137347 0.0089686 0.00926182 0.00987789 0.00878554 0.00853529 0.0114122 0.00862761 0.00912701 0.0104555 0.0104797 0.00878497 0.00926284 
0.00843685 0.00898643 0.00805075 0.00914909 0.00862073 0.00960207 0.00831928 0.0108935 0.00852625 0.00858696 0.0108141 0.00935837 0.00982685 0.00875492 0.010092 0.0102468 0.00985057 0.0091985 0.00938565 0.00821858 0.0100363 0.00911391 0.0117022 0.00759097 0.00855158 0.00733572 0.00796376 0.00823495 0.00555278 0.00533424 0.00423406 0.0046099 0.00392761 0.00410662 0.00509048 0.998471 0 0.00389876 0.00379096 0.00377418 0.00393018 0.0038178 0.00408522 0.00593926 0.00868218 0.00790862 0.00860096 0.00810838 0.00855542 0.0122932 0.00914394 0.0105481 0.00825763 0.0102888 0.00993643 0.0103617 0.00863174 0.00920605 0.0111371 0.00903331 0.00875914 0.011425 0.0084227 0.0110211 0.00909885 0.00806789 0.0103149 0.00904926 
0.00867972 0.00839877 0.0142923 0.00839154 0.0117193 0.0084842 0.00868169 0.00910133 0.0119115 0.0102078 0.00876085 0.0131974 0.010045 0.0138291 0.00948225 0.00848547 0.00920866 0.0124659 0.00947127 0.0217497 0.00913299 0.01094 0.00848717 0.0261181 0.0086998 0.0130422 0.0080188 0.0100051 0.0067402 0.00641772 0.00786499 0.00460532 0.00620161 0.016248 0.984495 0.00453207 0.00389876 0 0.00376394 0.00376725 0.00378878 0.00390173 0.00471018 0.00432855 0.0105694 0.00991674 0.00958272 0.00961373 0.0166114 0.00930461 0.0169913 0.00876117 0.0197825 0.00896497 0.0102198 0.00925939 0.0157013 0.0115246 0.00992469 0.00850752 0.00915685 0.00870082 0.0139529 0.00873406 0.00911848 0.010734 0.00834335 0.00846463 
0.00843256 0.0131943 0.00859053 0.0188485 0.00841799 0.00919671 0.00834605 0.0109962 0.0107857 0.0106252 0.010597 0.00953164 0.0185579 0.0109386 0.0100886 0.00870042 0.00928286 0.00981824 0.0252841 0.00967693 0.0192077 0.00966876 0.0120608 0.00903837 0.0239191 0.00897963 0.0152068 0.00775593 0.00670089 0.00886766 0.00596908 0.0066746 0.00528116 0.925862 0.00422281 0.00487867 0.00379096 0.00376394 0 0.00377527 0.00376882 0.00370285 0.00379179 0.00401904 0.00889502 0.00881281 0.0115263 0.0149505 0.0107878 0.0200827 0.00881771 0.0201729 0.00902109 0.0154035 0.0090461 0.0115072 0.00958954 0.0165311 0.00980655 0.00885971 0.00871978 0.0164381 0.00857867 0.00952899 0.00857307 0.00835902 0.0091218 0.00810635 
0.00970601 0.0087983 0.0383751 0.00875626 0.0154191 0.0083988 0.00909865 0.0096711 0.0165445 0.0120561 0.00891191 0.012967 0.0110547 0.0196716 0.0109196 0.00841185 0.00952342 0.0152036 0.0103065 0.0537566 0.0101631 0.0156579 0.00905276 0.0281817 0.0115669 0.0301913 0.00942605 0.0162768 0.00888767 0.00742068 0.0140395 0.00860321 0.975778 0.0110831 0.00505197 0.004101 0.00377418 0.00376725 0.00377527 0 0.0037701 0.00432095 0.00379532 0.00389245 0.00993043 0.0121793 0.0129393 0.0139422 0.0242881 0.0103623 0.0149498 0.00910366 0.0409347 0.00917043 0.012287 0.00965941 0.0245806 0.0114425 0.0110383 0.00837468 0.00975323 0.0093053 0.0152761 0.0089872 0.00950561 0.0105328 0.00838034 0.00853149 
0.00841108 0.0169744 0.00868496 0.0395193 0.00852543 0.00982926 0.0082699 0.0116682 0.0110906 0.0128509 0.00999552 0.00918787 0.0218519 0.0128243 0.010193 0.00903918 0.00894326 0.00977673 0.0338126 0.00974162 0.0427102 0.00944306 0.0118557 0.00980521 0.0575466 0.0125888 0.0215698 0.00822874 0.00715027 0.0110476 0.00841984 0.984039 0.0104609 0.00699775 0.00570429 0.00419429 0.00393018 0.00378878 0.00376882 0.0037701 0 0.0037493 0.00376558 0.00382339 0.00937799 0.00997211 0.0224371 0.0342514 0.010121 0.0124138 0.00870414 0.0270737 0.00945168 0.0228355 0.00874747 0.0116419 0.00995885 0.022537 0.00962451 0.00943734 0.00864067 0.0263679 0.00876888 0.00928194 0.00850678 0.00837386 0.00955686 0.00818654 
0.00894915 0.00844305 0.0262132 0.008467 0.0108687 0.00822792 0.00869727 0.00885146 0.011497 0.0124292 0.0087006 0.0105846 0.0101144 0.018198 0.00987387 0.00835639 0.00890921 0.012654 0.00932123 0.0673356 0.00944092 0.0111467 0.00875668 0.0252537 0.0129187 0.0393354 0.00925303 0.0105934 0.00881386 0.0113496 0.974905 0.0101317 0.00862343 0.00752514 0.00607042 0.00479636 0.0038178 0.00390173 0.00370285 0.00432095 0.0037493 0 0.00374413 0.00382653 0.0093922 0.0126223 0.0183459 0.0169839 0.0141531 0.00896032 0.0129301 0.0086918 0.045611 0.00884088 0.0100215 0.00903338 0.0199749 0.0119431 0.010021 0.00831936 0.00908183 0.00921339 0.0110142 0.00897087 0.00881054 0.00962344 0.00840407 0.00827693 
0.00868392 0.0131413 0.00860973 0.010099 0.00880195 0.00873276 0.00848482 0.0103684 0.0105366 0.0114833 0.00900591 0.00963168 0.0146192 0.015338 0.0103539 0.00882739 0.0093199 0.0100907 0.0423383 0.00986609 0.025357 0.00992573 0.0111278 0.0162558 0.0213246 0.0106976 0.0209831 0.00879479 0.016322 0.980379 0.0135838 0.00889607 0.00842616 0.00856367 0.00883788 0.00573575 0.00408522 0.00471018 0.00379179 0.00379532 0.00376558 0.00374413 0 0.00392961 0.0161211 0.0377688 0.0183877 0.0145663 0.0142013 0.0110482 0.0092251 0.0216337 0.0099923 0.0189978 0.00865524 0.0119021 0.0168915 0.0255556 0.00937352 0.00872069 0.00889156 0.0105714 0.0120254 0.00911151 0.00876593 0.00894749 0.00896846 0.00830456 
0.0123567 0.00897046 0.00839724 0.00871122 0.00900856 0.0107021 0.00866952 0.0178141 0.00970999 0.00923006 0.0101393 0.020307 0.0104195 0.00991811 0.0136405 0.0131707 0.012009 0.0240064 0.0103586 0.00978824 0.0104232 0.0147869 0.0218823 0.0140896 0.0124052 0.0117252 0.0125634 0.0140288 0.930404 0.0338363 0.00937928 0.00838342 0.00805918 0.00736945 0.00691536 0.00658244 0.00593926 0.00432855 0.00401904 0.00389245 0.00382339 0.00382653 0.00392961 0 0.0284022 0.0120282 0.0197746 0.0100984 0.0139095 0.0171031 0.0170902 0.011299 0.0115925 0.0108727 0.0115657 0.018395 0.0117381 0.0118128 0.0165301 0.0109942 0.00885289 0.0188144 0.00946698 0.0108822 0.0119125 0.0108335 0.0104808 0.00970287 
0.00842733 0.00875886 0.00895476 0.00931458 0.0138064 0.00972045 0.00947578 0.0111721 0.0102906 0.0110243 0.0130421 0.010961 0.0124743 0.014554 0.017254 0.010624 0.0108112 0.0125631 0.0126175 0.0116878 0.0146042 0.0281472 0.0151037 0.0177652 0.0158167 0.0147229 0.0150216 0.0475155 0.0126802 0.0127604 0.0126473 0.0118783 0.0115541 0.0100386 0.0110848 0.015692 0.00868218 0.0105694 0.00889502 0.00993043 0.00937799 0.0093922 0.0161211 0.0284022 0 0.00379032 0.00379411 0.00377064 0.00382435 0.00440376 0.0048805 0.00563973 0.00616259 0.00959827 0.04814 0.0261583 0.0113106 0.0120179 0.0598128 0.0100536 0.0175404 0.0131453 0.0111577 0.0206309 0.0145407 0.0118252 0.0171595 0.0113855 
0.00857535 0.00892294 0.00985404 0.0094811 0.00954108 0.00866661 0.00843631 0.00966707 0.0122772 0.0127843 0.00904742 0.0101716 0.0128252 0.0192428 0.0112504 0.00837734 0.00886033 0.0120336 0.0152472 0.0175399 0.0259462 0.0139155 0.0108483 0.0285952 0.0251305 0.0209133 0.0385669 0.0121724 0.0111205 0.0156194 0.0163593 0.0148573 0.0154554 0.0119702 0.0108619 0.00950825 0.00790862 0.00991674 0.00881281 0.0121793 0.00997211 0.0126223 0.0377688 0.0120282 0.00379032 0 0.00377924 0.00376756 0.00378369 0.00380612 0.00495498 0.00592259 0.00805277 0.0217748 0.777849 0.00950719 0.0131157 0.025145 0.0113255 0.00899937 0.0104241 0.0108434 0.0163196 0.0120259 0.00962705 0.0106548 0.00923176 0.00873234 
0.00864865 0.0103562 0.0120524 0.0106383 0.00953635 0.00853964 0.00849903 0.0100841 0.013309 0.0137093 0.00939685 0.0102266 0.0187259 0.0183918 0.0113319 0.00851743 0.00880457 0.0116212 0.0199881 0.0291779 0.0207313 0.0125673 0.0108341 0.0226991 0.0489132 0.0645456 0.0214922 0.0103206 0.0103995 0.0148644 0.0282585 0.0265562 0.0215288 0.0152992 0.0103898 0.00957505 0.00860096 0.00958272 0.0115263 0.0129393 0.0224371 0.0183459 0.0183877 0.0197746 0.00379411 0.00377924 0 0.00378359 0.00376078 0.00378422 0.00487856 0.00869507 0.0103143 0.911299 0.0108509 0.0100143 0.0140821 0.0148508 0.014121 0.00865015 0.00969108 0.0149353 0.0115812 0.00998481 0.00896339 0.00923188 0.00929663 0.00832742 
0.00846176 0.00951028 0.0106397 0.00976204 0.00873979 0.00824708 0.00823187 0.00930999 0.0107794 0.01171 0.00876761 0.0096934 0.0143234 0.0138185 0.00965044 0.00824912 0.00858923 0.0102175 0.0193326 0.0240886 0.0150669 0.0105362 0.0103484 0.0159741 0.0864044 0.0333634 0.0168496 0.00921571 0.00966836 0.0172182 0.0190228 0.0265394 0.0160231 0.0137637 0.00977632 0.0086217 0.00810838 0.00961373 0.0149505 0.0139422 0.0342514 0.0169839 0.0145663 0.0100984 0.00377064 0.00376756 0.00378359 0 0.00374989 0.00375289 0.00483923 0.0103295 0.939785 0.0148367 0.00685178 0.0118739 0.0119305 0.019349 0.00949946 0.00927849 0.00888471 0.0185717 0.0107527 0.00987741 0.00879233 0.00888583 0.00918503 0.00824999 
0.00882152 0.00889666 0.00965964 0.00841787 0.00912505 0.00827184 0.00855893 0.00915489 0.0107356 0.0106385 0.00856193 0.0100424 0.0102018 0.0160076 0.0103386 0.00839047 0.00863394 0.0119797 0.0241164 0.0161402 0.0133528 0.0106116 0.00951771 0.0370216 0.0173031 0.0270772 0.0140058 0.0109379 0.0118532 0.013078 0.0222677 0.0120876 0.0155484 0.010348 0.00992927 0.00873123 0.00855542 0.0166114 0.0107878 0.0242881 0.010121 0.0141531 0.0142013 0.0139095 0.00382435 0.00378369 0.00376078 0.00374989 0 0.00378403 0.0104651 0.93653 0.0124504 0.00725283 0.0063327 0.00903396 0.0156605 0.0168341 0.0104203 0.00932907 0.0146331 0.0100206 0.024337 0.00925067 0.0102933 0.0114445 0.00936774 0.00865552 
0.0104664 0.00879188 0.00821801 0.00862136 0.00854133 0.00953134 0.00828457 0.0118732 0.00865985 0.00902154 0.00917652 0.0129206 0.0094619 0.00910241 0.0103602 0.0106489 0.0103748 0.0152628 0.0105562 0.00905379 0.0100808 0.0108532 0.023842 0.0118338 0.0135105 0.00971188 0.0138027 0.010002 0.0166948 0.0166724 0.0101393 0.0118787 0.00918326 0.00910607 0.00880842 0.00904486 0.0122932 0.00930461 0.0200827 0.0103623 0.0124138 0.00896032 0.0110482 0.0171031 0.00440376 0.00380612 0.00378422 0.00375289 0.00378403 0 0.966993 0.00655614 0.00521501 0.00519701 0.0065299 0.0203393 0.00855595 0.0113185 0.0130506 0.0173871 0.00899153 0.0202976 0.0100479 0.0128226 0.0151284 0.0118031 0.012652 0.0110653 
0.00872328 0.00818848 0.00872238 0.00809001 0.015096 0.00892134 0.009242 0.00982166 0.00870606 0.00857347 0.0112929 0.0116046 0.00881936 0.00952441 0.0126547 0.00973745 0.00976644 0.0130546 0.00882027 0.00993152 0.00900285 0.0278229 0.0122392 0.0171121 0.00984237 0.0136642 0.0101982 0.0343163 0.0261212 0.00945628 0.0125604 0.00998055 0.0190654 0.0100069 0.00954441 0.0163741 0.00914394 0.0169913 0.00881771 0.0149498 0.00870414 0.0129301 0.0092251 0.0170902 0.0048805 0.00495498 0.00487856 0.00483923 0.0104651 0.966993 0 0.00386229 0.00385441 0.00386532 0.00517097 0.00853702 0.00708598 0.00941311 0.212739 0.0102164 0.0141664 0.0101427 0.0132984 0.0167581 0.0194574 0.0213739 0.0118392 0.0164238 
0.00804277 0.00944506 0.00829185 0.0119632 0.00816798 0.00881497 0.00811723 0.00960424 0.00961917 0.0100004 0.00889209 0.00857014 0.0131578 0.0116971 0.00928117 0.00830677 0.00841077 0.00942491 0.0225728 0.00942677 0.0265541 0.00904696 0.0119788 0.0136764 0.0503933 0.0125374 0.0425312 0.00917704 0.0098905 0.0286175 0.0101846 0.0338864 0.0116626 0.0113005 0.0133632 0.00913056 0.0105481 0.00876117 0.0201729 0.00910366 0.0270737 0.0086918 0.0216337 0.011299 0.00563973 0.00592259 0.00869507 0.0103295 0.93653 0.00655614 0.00386229 0 0.00376063 0.00375222 0.00389333 0.00874797 0.0111167 0.191326 0.0644772 0.0231825 0.00795165 0.0153105 0.0128386 0.0123326 0.010056 0.00906793 0.0143427 0.00888602 
0.00847687 0.00827097 0.0166684 0.00829929 0.00985029 0.00812692 0.00842095 0.00863699 0.0108379 0.0112598 0.0085843 0.00958422 0.0104502 0.0172838 0.0100825 0.00814639 0.00826553 0.0115112 0.0104441 0.0654085 0.00995169 0.011624 0.00955012 0.0307198 0.02102 0.0988386 0.0120134 0.0115667 0.0115642 0.01029 0.0819543 0.013259 0.0269063 0.016437 0.00995366 0.00908808 0.00825763 0.0197825 0.00902109 0.0409347 0.00945168 0.045611 0.0099923 0.0115925 0.00616259 0.00805277 0.0103143 0.939785 0.0124504 0.00521501 0.00385441 0.00376063 0 0.00376248 0.00392345 0.019541 0.183101 0.0989247 0.0264062 0.00743597 0.0089254 0.00949699 0.0167893 0.00981088 0.00932418 0.0114371 0.00882516 0.00886274 
0.00860164 0.0113891 0.00828916 0.0102194 0.00830875 0.00836473 0.00819115 0.00978903 0.00915277 0.00994085 0.00866151 0.00910767 0.0127611 0.0110289 0.0095612 0.00881027 0.00845035 0.00958712 0.0477891 0.00934331 0.0160661 0.00963403 0.01025 0.0121315 0.029801 0.0111785 0.0204697 0.00917441 0.010015 0.0293916 0.00974944 0.0188846 0.0111934 0.0103691 0.00975659 0.00860813 0.0102888 0.00896497 0.0154035 0.00917043 0.0228355 0.00884088 0.0189978 0.0108727 0.00959827 0.0217748 0.911299 0.0148367 0.00725283 0.00519701 0.00386532 0.00375222 0.00376248 0 0.00378786 0.430403 0.0578562 0.0189572 0.0095047 0.00913101 0.00814341 0.0165586 0.0124609 0.0120385 0.0101038 0.009289 0.0138815 0.00863203 
0.0118443 0.00824591 0.00850481 0.00814599 0.00885032 0.00861753 0.00822568 0.0115569 0.00886827 0.00859228 0.00879794 0.0135948 0.00889149 0.00893378 0.00975142 0.00966798 0.00960623 0.02064 0.00906543 0.00962541 0.00881935 0.0110725 0.0119133 0.0139902 0.0102575 0.0105316 0.00998806 0.0120515 0.0215829 0.0113529 0.0104012 0.0101255 0.00970981 0.00917393 0.00869194 0.00982216 0.00993643 0.0102198 0.0090461 0.012287 0.00874747 0.0100215 0.00865524 0.0115657 0.04814 0.777849 0.0108509 0.00685178 0.0063327 0.0065299 0.00517097 0.00389333 0.00392345 0.00378786 0 0.0499388 0.0174812 0.00648105 0.0085424 0.0076951 0.00820474 0.012025 0.0104305 0.0172882 0.0178598 0.0151188 0.0101547 0.0119178 
0.00827103 0.00833182 0.00806539 0.00849861 0.00909623 0.00921607 0.0084961 0.00935258 0.00853828 0.00880079 0.0108781 0.00871114 0.0089782 0.00943531 0.0107509 0.00981097 0.00955863 0.00972174 0.00983144 0.00875951 0.0117883 0.0118454 0.0132715 0.010767 0.0124368 0.0110541 0.0127605 0.0135908 0.0118585 0.0110544 0.00979266 0.0151802 0.0107533 0.0103398 0.0102767 0.0137347 0.0103617 0.00925939 0.0115072 0.00965941 0.0116419 0.00903338 0.0119021 0.018395 0.0261583 0.00950719 0.0100143 0.0118739 0.00903396 0.0203393 0.00853702 0.00874797 0.019541 0.430403 0.0499388 0 0.00377051 0.00381508 0.00413983 0.00689377 0.00743945 0.0116581 0.0107707 0.473611 0.0137855 0.0120375 0.0197244 0.0152555 
