1IXYB
MKIAIINMGNNVINFKTVPSSETIYLFKVISEMGLNVDIISLKNGVYTKSFDEVDVNDYDRLIVVNSSINFFGGKPNLAILSAQKFMAKYKSKIYYLFTDIRLPFSQSWPNVKNRPWAYLYTEEELLIKSPIKVISQGINLDIAKAAHKKVDNVIEFEYFPIEQYKIHMNDFQLSKPTKKTLDVIYGGSFRSGQRESKMVEFLFDTGLNIEFFGNAREKQFKNPKYPWTKAPVFTGKIPMNMVSEKNSQAIAALIIGDKNYNDNFITLRVWETMASDAVMLIDEEFDTKHRIINDARFYVNNRAELIDRVNELKHSDVLRKEMLSIQHDILNKTRAKKAEWQDAFKKAIDL
CEEEEEECCCCCCCCCCHHHHHHHHHHHHHHCCCCEEEEEECCCCCCCEEHHHCCHHHCCEEEEECCCCCCHHHCCCHHHHHHHHHHHHCCCCEEEEECCCCCCCCCCHHHHCCCCCHHHCCHHHHCCCCCEEEEECCCCHHHHHHHCCCCCCEEEEEECCHHHHHHHCCCCCCCCCCCCCEEEEEECCCHHHCCHHHHHHHHCCCCCCEEEECCCCHHHCCCCCCCCCCCCEECCCCCHHHHHHHHCCEEEEEECCCHHHCCCCCCHHHHHHHHCCCEEEEECCCCCCCCCCCCHHHEECCHHHHHHHHHHHHHCHHHHHHHHHHHHHHHHHHHCCHHHHHHHHHHHCCC
0 0 0 0 0 0 0 0 0 0 0 0 0 0 0 0 0 0 0 0 0 0 0 0 0 0 0 0 0 0 0 0 0 0 0 0 0 0 0 0 0 0 0 0 0 0 0 0 0 0 0 0 0 0 0 0 0 0 0 0 0 0 0 0 0 0 0 0 0 0 0 0 0 0 0 0 0 0 0 0 0 0 0 0 0 0 0 0 0 0 0 0 0 0 0 0 0 0 0 0 0 0 0 0 0 0 0 0 0 0 0 0 0 0 0 0 0 0 0 0 0 0 0 0 0 0 0 0 0 0 0 0 0 0 0 0 0 0 0 0 0 0 0 0 0 0 0 0 0 0 0 0 0 0 0 0 0 0 0 0 0 0 0 0 0 0 0 0 0 0 0 0 0 0 0 0 0 0 0 0 0 0 0 0 0 0 0 0 0 0 0 0 0 0 0 0 0 0 0 0 0 0 0 0 0 0 0 0 0 0 0 0 0 0 0 0 0 0 0 0 0 0 0 0 0 0 0 0 0 0 0 0 0 0 0 0 0 0 0 0 0 0 0 0 0 0 0 0 0 0 0 0 0 0 0 0 0 0 0 0 0 0 0 0 0 0 0 0 0 0 0 0 0 0 0 0 0 0 0 0 0 0 0 0 0 0 0 0 0 0 0 0 0 0 0 0 0 0 0 0 0 0 0 0 0 0 0 0 0 0 0 0 0 0 0 0 0 0 0 0 0 0 0 0 0 0 0 0 0 0 0 0 0 0 0 0 0 0 0 0 0 0 0 0 0 0 0 0 0 0 0 
0 0 0 0 0 0 0 0 0 0 0 0 0 0 0 0 0 0 0 0 0 0 0 0 0 0 0 0 0 0 0 0 0 0 0 0 0 0 0 0 0 0 0 0 0 0 0 0 0 0 0 0 0 0 0 0 0 0 0 0 0 0 0 0 0 0 0 0 0 0 0 0 0 0 0 0 0 0 0 0 0 0 0 0 0 0 0 0 0 0 0 0 0 0 0 0 0 0 0 0 0 0 0 0 0 0 0 0 0 0 0 0 0 0 0 0 0 0 0 0 0 0 0 0 0 0 0 0 0 0 0 0 0 0 0 0 0 0 0 0 0 0 0 0 0 0 0 0 0 0 0 0 0 0 0 0 0 0 0 0 0 0 0 0 0 0 0 0 0 0 0 0 0 0 0 0 0 0 0 0 0 0 0 0 0 0 0 0 0 0 0 0 0 0 0 0 0 0 0 0 0 0 0 0 0 0 0 0 0 0 0 0 0 0 0 0 0 0 0 0 0 0 0 0 0 0 0 0 0 0 0 0 0 0 0 0 0 0 0 0 0 0 0 0 0 0 0 0 0 0 0 0 0 0 0 0 0 0 0 0 0 0 0 0 0 0 0 0 0 0 0 0 0 0 0 0 0 0 0 0 0 0 0 0 0 0 0 0 0 0 0 0 0 0 0 0 0 0 0 0 0 0 0 0 0 0 0 0 0 0 0 0 0 0 0 0 0 0 0 0 0 0 0 0 0 0 0 0 0 0 0 0 0 0 0 0 0 0 0 0 0 0 0 0 0 0 0 0 0 0 0 
0 0.00412148 0.00389424 0.00400648 0.00388702 0.00767047 0.782209 0.0133151 0.0617447 0.0190268 0.0257715 0.0485892 0.0180166 0.0309771 0.0274635 0.0215121 0.0245581 0.0191589 0.0212714 0.0124466 0.012036 0.0124349 0.0101245 0.0130943 0.0086823 0.0092862 0.0103092 0.00891295 0.0102153 0.0086904 0.00816362 0.00883806 0.00828745 0.00836055 0.00864225 0.00906249 0.00824353 0.00856146 0.00854503 0.00846786 0.00889443 0.00845589 0.00821321 0.00825428 0.00912993 0.0082837 0.00836949 0.00861105 0.00838119 0.00852184 0.00858963 0.0085125 0.00879621 0.00845493 0.0085999 0.00860616 0.00845269 0.00849349 0.00837943 0.00846644 
0.00412148 0 0.00394436 0.003858 0.00398927 0.00383812 0.0261202 0.837555 0.0115174 0.0727168 0.0292735 0.013061 0.0141387 0.0108414 0.126803 0.0613298 0.0419016 0.0548505 0.0145252 0.0218885 0.0172516 0.0187675 0.0150919 0.0109388 0.0130529 0.0104699 0.012601 0.0102566 0.00883457 0.00929575 0.00896024 0.0085178 0.00930044 0.00860131 0.00824647 0.00983952 0.0086489 0.00939876 0.00930173 0.00869988 0.00822251 0.00928087 0.00848802 0.00851848 0.00822608 0.00809545 0.00880293 0.00864938 0.00854582 0.00857096 0.00866002 0.00862028 0.00859566 0.00859691 0.00875996 0.00864127 0.00863848 0.00838277 0.00845309 0.0089663 
0.00389424 0.00394436 0 0.00389707 0.00374138 0.00380907 0.0860599 0.028818 0.689181 0.0541974 0.0482024 0.0127051 0.0101707 0.010106 0.0182394 0.278301 0.121034 0.0706051 0.0167728 0.0126468 0.0347986 0.0509608 0.0214827 0.0119405 0.00994188 0.0141942 0.0163394 0.0117652 0.00981504 0.00871852 0.00920596 0.0101931 0.00917934 0.00883383 0.00908086 0.00857768 0.0101565 0.0103111 0.0106866 0.0093751 0.00866102 0.00853968 0.00868689 0.00886463 0.00863684 0.00820229 0.00828749 0.00858288 0.00859517 0.00880795 0.0090226 0.00905948 0.0089289 0.00873081 0.00901666 0.00898555 0.00886773 0.00856058 0.00839192 0.00838497 
0.00400648 0.003858 0.00389707 0 0.00376921 0.00376688 0.0282371 0.0920071 0.0802789 0.693728 0.0355112 0.0205646 0.00949904 0.0103649 0.0202921 0.0574173 0.418719 0.0689893 0.0249399 0.0124043 0.029338 0.0841779 0.0286854 0.0151242 0.00930291 0.0137893 0.0240367 0.0141278 0.0114209 0.00864542 0.00926797 0.0106572 0.0093384 0.00918803 0.00863914 0.00868716 0.00937216 0.0117081 0.012013 0.0103631 0.00844155 0.00878205 0.00893861 0.00943563 0.00836333 0.00817193 0.00826014 0.00876976 0.00898765 0.00946541 0.010141 0.00953631 0.00920225 0.00931462 0.0100648 0.00960634 0.00925982 0.00866592 0.00842715 0.00839346 
0.00388702 0.00398927 0.00374138 0.00376921 0 0.00401093 0.0152444 0.0509354 0.0892321 0.108717 0.62134 0.0212716 0.0137759 0.0108299 0.0146525 0.0448916 0.0442021 0.311244 0.0297321 0.0110725 0.0202652 0.0245166 0.0390868 0.0130037 0.00925164 0.00997722 0.0139058 0.0144742 0.00926232 0.00833441 0.00907016 0.00907993 0.00898356 0.00851448 0.00826384 0.00830947 0.00872501 0.0095818 0.00997361 0.00897969 0.00830948 0.0083703 0.00835655 0.00874473 0.00816316 0.00811578 0.00810344 0.00829829 0.00845601 0.00857618 0.00897572 0.00895226 0.00868 0.00854396 0.00883667 0.00897742 0.00877373 0.00841053 0.00833449 0.00842669 
0.00767047 0.00383812 0.00380907 0.00376688 0.00401093 0 0.0188298 0.0163217 0.0393066 0.0680368 0.0825011 0.474986 0.012846 0.019986 0.0189578 0.0129115 0.0185513 0.030431 0.206509 0.0156457 0.0108012 0.0121249 0.0135362 0.0234698 0.0102589 0.00908605 0.00939527 0.00907308 0.011666 0.00970206 0.00805753 0.00826665 0.00820851 0.00815061 0.00849193 0.00857387 0.00822378 0.00861068 0.00853247 0.00853874 0.00879983 0.00831224 0.00814299 0.00838756 0.00815 0.00816405 0.00812241 0.00850908 0.00848162 0.00843753 0.00852394 0.00878635 0.00895138 0.00878183 0.0086906 0.00863486 0.00853976 0.00834879 0.00843166 0.00841078 
0.782209 0.0261202 0.0860599 0.0282371 0.0152444 0.0188298 0 0.00529386 0.00404501 0.00389728 0.00405029 0.00585523 0.0194487 0.011916 0.0292499 0.0120766 0.0134629 0.0185301 0.0196707 0.0143826 0.010618 0.00994904 0.00990997 0.0150516 0.00935452 0.00969045 0.00913703 0.00958104 0.0117638 0.00870099 0.00802191 0.00945955 0.00813201 0.00833743 0.00931863 0.00861077 0.0084742 0.00845218 0.00826555 0.00840858 0.0090028 0.00809144 0.00804671 0.00800823 0.0086763 0.00903162 0.0082684 0.0081599 0.00807028 0.00818181 0.0082894 0.00824339 0.00862261 0.00816187 0.00831175 0.00814606 0.00838325 0.0083785 0.00816959 0.00822911 
0.0133151 0.837555 0.028818 0.0920071 0.0509354 0.0163217 0.00529386 0 0.00379675 0.00379026 0.00394689 0.00393744 0.0100245 0.00789519 0.0316899 0.0927573 0.022752 0.0278246 0.0166351 0.0173233 0.0211234 0.0183104 0.0168802 0.011592 0.0129369 0.0104799 0.0147615 0.0113925 0.0090179 0.00869282 0.00910297 0.00843846 0.00961523 0.00898166 0.00820774 0.00920448 0.00852827 0.00961862 0.00954142 0.00871307 0.00814182 0.00866551 0.0082937 0.00841438 0.00810859 0.00797608 0.00839716 0.00836145 0.00837775 0.00852039 0.00857664 0.00848491 0.00827468 0.0083818 0.00848022 0.00854179 0.00839755 0.00818962 0.00823991 0.0084904 
0.0617447 0.0115174 0.689181 0.0802789 0.0892321 0.0393066 0.00404501 0.00379675 0 0.0037663 0.00378669 0.00384923 0.00726747 0.00703261 0.0176579 0.0316822 0.0681996 0.0312817 0.0148785 0.0103975 0.0304183 0.0397723 0.0190616 0.0125922 0.00909023 0.0181062 0.0257894 0.0136292 0.00982245 0.00829972 0.00878038 0.0127633 0.00929558 0.00864759 0.00859412 0.00820778 0.00953879 0.0107209 0.0114699 0.00939444 0.00835671 0.00821828 0.00866247 0.00889013 0.00813739 0.00799727 0.00807538 0.00829439 0.00854472 0.00881813 0.00927331 0.00892544 0.00848675 0.00833713 0.0086991 0.00886242 0.00861816 0.00823876 0.00811428 0.00819693 
0.0190268 0.0727168 0.0541974 0.693728 0.108717 0.0680368 0.00389728 0.00379026 0.0037663 0 0.00376558 0.00379196 0.00743821 0.0114104 0.0186141 0.0478972 0.123322 0.060148 0.0207244 0.0142826 0.0348406 0.106144 0.0330312 0.0155212 0.0109508 0.0163014 0.0545986 0.0217283 0.0115554 0.00908979 0.0105975 0.0125773 0.0116237 0.00965638 0.00887547 0.00887029 0.00967218 0.0147234 0.0148926 0.0103307 0.00877731 0.0087925 0.008909 0.00964963 0.00847971 0.00813205 0.00813389 0.00849063 0.00871654 0.00938051 0.0099156 0.00910371 0.00893972 0.00858455 0.00907278 0.00956382 0.00902941 0.00843507 0.00831149 0.00825884 
0.0257715 0.0292735 0.0482024 0.0355112 0.62134 0.0825011 0.00405029 0.00394689 0.00378669 0.00376558 0 0.00380054 0.103503 0.0157496 0.0164334 0.0579246 0.0353837 0.100863 0.0551731 0.0138503 0.0319318 0.0270589 0.0442924 0.0165142 0.0112546 0.0134807 0.0181286 0.018236 0.0108976 0.00984328 0.0100631 0.00922147 0.00915084 0.00913056 0.0084979 0.00904446 0.00926761 0.0105433 0.0105437 0.00966394 0.00862312 0.00870638 0.0086233 0.00884171 0.00823401 0.00817148 0.0081483 0.00839957 0.00852856 0.00855847 0.00872508 0.00863328 0.00852152 0.00842303 0.00863554 0.00871475 0.00856242 0.00815586 0.00822999 0.00822257 
0.0485892 0.013061 0.0127051 0.0205646 0.0212716 0.474986 0.00585523 0.00393744 0.00384923 0.00379196 0.00380054 0 0.0215059 0.00838118 0.0260774 0.0184521 0.0187427 0.0352053 0.0668118 0.0293906 0.0129433 0.0128128 0.0132899 0.0255551 0.0216364 0.0108824 0.0107636 0.00996733 0.0122781 0.0170768 0.00896228 0.00887292 0.00842834 0.0084045 0.00901397 0.0108908 0.0090456 0.00868452 0.00868777 0.00835374 0.0088582 0.00913969 0.00827353 0.00814139 0.00861992 0.00869521 0.00822098 0.00894898 0.0082553 0.0082872 0.00839557 0.00824018 0.00836757 0.00900834 0.00840116 0.00839456 0.00816524 0.00815281 0.0085569 0.00826984 
0.0180166 0.0141387 0.0101707 0.00949904 0.0137759 0.012846 0.0194487 0.0100245 0.00726747 0.00743821 0.103503 0.0215059 0 0.00417563 0.0128822 0.0189221 0.0141749 0.0124227 0.0223002 0.0134062 0.0114091 0.00923056 0.0101629 0.0133124 0.00965611 0.00887434 0.00833218 0.00864103 0.00954045 0.00886495 0.00809591 0.00819317 0.00794094 0.00803949 0.0082858 0.0083421 0.00808274 0.00805295 0.00803915 0.00803748 0.00828152 0.00834506 0.00796234 0.00787759 0.00818695 0.00804669 0.00823733 0.00807952 0.00793308 0.00804611 0.00803445 0.0080342 0.00810727 0.00805849 0.0079755 0.0080581 0.00797421 0.00805681 0.00811321 0.00812179 
0.0309771 0.0108414 0.010106 0.0103649 0.0108299 0.019986 0.011916 0.00789519 0.00703261 0.0114104 0.0157496 0.00838118 0.00417563 0 0.0201112 0.012217 0.00739318 0.010751 0.00877434 0.0194999 0.0108322 0.00911995 0.0101856 0.0104471 0.0125606 0.00936019 0.0086229 0.00880184 0.00879256 0.0108397 0.00816988 0.0079697 0.00805079 0.00816935 0.00819515 0.00894873 0.00828717 0.00814947 0.00818946 0.00814548 0.00816486 0.00846958 0.00808013 0.00801322 0.00805754 0.00833584 0.00799001 0.00838638 0.00817499 0.00801808 0.00808388 0.00811135 0.00818419 0.00830851 0.00819526 0.00811338 0.00800703 0.00806573 0.00844598 0.00822812 
0.0274635 0.126803 0.0182394 0.0202921 0.0146525 0.0189578 0.0292499 0.0316899 0.0176579 0.0186141 0.0164334 0.0260774 0.0128822 0.0201112 0 0.00430114 0.00384168 0.00394113 0.00484844 0.356481 0.0353822 0.0200288 0.0139774 0.0264495 0.0247235 0.0128667 0.0130911 0.0120564 0.0191829 0.0100525 0.00882814 0.00888023 0.0085604 0.00890655 0.0113292 0.0103331 0.00871895 0.00958047 0.00895629 0.00898953 0.00990157 0.00930263 0.00825705 0.0083215 0.00894443 0.0083367 0.00833926 0.00856428 0.00821234 0.00856825 0.00852496 0.0085727 0.00894286 0.00854641 0.00840529 0.0084563 0.00826895 0.00852145 0.00823908 0.00820229 
0.0215121 0.0613298 0.278301 0.0574173 0.0448916 0.0129115 0.0120766 0.0927573 0.0316822 0.0478972 0.0579246 0.0184521 0.0189221 0.012217 0.00430114 0 0.00382029 0.00384774 0.00399504 0.291914 0.346737 0.0473056 0.0448827 0.0162899 0.0167144 0.0466771 0.0332844 0.0313147 0.0120267 0.00957767 0.0109127 0.010935 0.0112471 0.0112824 0.00954222 0.00957972 0.01066 0.0132888 0.0137856 0.0115709 0.00966226 0.00907165 0.00882192 0.00944821 0.00898415 0.0081929 0.00827234 0.00841403 0.00877397 0.00922539 0.00940274 0.00911083 0.00893283 0.00849617 0.00875237 0.00900836 0.00878337 0.00854163 0.00822571 0.00827082 
0.0245581 0.0419016 0.121034 0.418719 0.0442021 0.0185513 0.0134629 0.022752 0.0681996 0.123322 0.0353837 0.0187427 0.0141749 0.00739318 0.00384168 0.00382029 0 0.00385803 0.00382131 0.062854 0.262201 0.397994 0.0581479 0.0198909 0.0152815 0.0341758 0.123417 0.0368534 0.0135584 0.00962551 0.0120814 0.0239569 0.0183711 0.0111203 0.0101813 0.00920082 0.0125583 0.0242754 0.0274309 0.0130743 0.00932145 0.00912631 0.00932077 0.0104678 0.00875986 0.00826322 0.00823045 0.00866181 0.00903289 0.0103398 0.0107968 0.00976977 0.00907075 0.00873919 0.00929822 0.009884 0.00904958 0.00838592 0.00832767 0.00811956 
0.0191589 0.0548505 0.0706051 0.0689893 0.311244 0.030431 0.0185301 0.0278246 0.0312817 0.060148 0.100863 0.0352053 0.0124227 0.010751 0.00394113 0.00384774 0.00385803 0 0.00386935 0.0258837 0.130943 0.299725 0.416184 0.0478488 0.0146499 0.0391685 0.0482498 0.0799509 0.0187868 0.0111413 0.0133199 0.0141509 0.0108993 0.012794 0.00953588 0.0100013 0.0120176 0.017479 0.0194023 0.0140003 0.00911048 0.00903632 0.00931462 0.00971984 0.00847018 0.00831473 0.00814326 0.00858721 0.00888139 0.00916157 0.00958907 0.00943367 0.009233 0.00874068 0.0090173 0.00915058 0.00881673 0.00846921 0.00826749 0.00823853 
0.0212714 0.0145252 0.0167728 0.0249399 0.0297321 0.206509 0.0196707 0.0166351 0.0148785 0.0207244 0.0551731 0.0668118 0.0223002 0.00877434 0.00484844 0.00399504 0.00382131 0.00386935 0 0.0453467 0.0280267 0.0696141 0.239739 0.451594 0.0291719 0.0129071 0.0161951 0.0194421 0.0376939 0.0180037 0.00992746 0.00942497 0.00958027 0.00988398 0.012096 0.0142826 0.0105588 0.0102201 0.0107769 0.0102604 0.0114534 0.0107492 0.00869908 0.00872878 0.0098637 0.00881933 0.00829898 0.0091603 0.00836971 0.00847683 0.00893232 0.00853221 0.00952581 0.00938421 0.00868913 0.00857828 0.0083158 0.00828478 0.00841424 0.00824929 
0.0124466 0.0218885 0.0126468 0.0124043 0.0110725 0.0156457 0.0143826 0.0173233 0.0103975 0.0142826 0.0138503 0.0293906 0.0134062 0.0194999 0.356481 0.291914 0.062854 0.0258837 0.0453467 0 0.00475715 0.00383373 0.00399027 0.00611554 0.448117 0.0271456 0.0181918 0.0144039 0.0339876 0.0156448 0.0101879 0.00982812 0.00966718 0.0110545 0.0197291 0.0129725 0.0101722 0.0112446 0.0103 0.0110954 0.0154285 0.0100896 0.00837643 0.00927645 0.0123178 0.00866024 0.0097976 0.00884247 0.00841605 0.008999 0.00885992 0.00877305 0.010056 0.00922906 0.00835974 0.00841444 0.00834797 0.0090762 0.00811959 0.0082537 
0.012036 0.0172516 0.0347986 0.029338 0.0202652 0.0108012 0.010618 0.0211234 0.0304183 0.0348406 0.0319318 0.0129433 0.0114091 0.0108322 0.0353822 0.346737 0.262201 0.130943 0.0280267 0.00475715 0 0.0038047 0.00381192 0.00398527 0.0896821 0.49601 0.0430056 0.0587227 0.013786 0.0113834 0.0145312 0.015586 0.0116578 0.0147829 0.0108453 0.0108899 0.0167933 0.0200585 0.0210587 0.0151991 0.0102321 0.00987019 0.0102711 0.00986026 0.00950467 0.00832243 0.00817797 0.00861254 0.00888945 0.0098571 0.0100016 0.00928252 0.00937019 0.00846192 0.00883376 0.00909617 0.00871013 0.00825843 0.00820532 0.00805656 
0.0124349 0.0187675 0.0509608 0.0841779 0.0245166 0.0121249 0.00994904 0.0183104 0.0397723 0.106144 0.0270589 0.0128128 0.00923056 0.00911995 0.0200288 0.0473056 0.397994 0.299725 0.0696141 0.00383373 0.0038047 0 0.00379778 0.00378711 0.0399146 0.059744 0.587868 0.0518115 0.0215757 0.0106826 0.0165121 0.0273678 0.0268244 0.0129036 0.0113304 0.00972496 0.0164196 0.04878 0.0542434 0.0178812 0.0103153 0.00917746 0.0108749 0.0123927 0.00894274 0.00830623 0.00818211 0.00861672 0.00914669 0.0115797 0.0121887 0.0102678 0.0093361 0.00867503 0.00925277 0.00977348 0.00917558 0.00841979 0.00817339 0.00810367 
0.0101245 0.0150919 0.0214827 0.0286854 0.0390868 0.0135362 0.00990997 0.0168802 0.0190616 0.0330312 0.0442924 0.0132899 0.0101629 0.0101856 0.0139774 0.0448827 0.0581479 0.416184 0.239739 0.00399027 0.00381192 0.00379778 0 0.0042568 0.0197747 0.0890064 0.0649492 0.56974 0.026991 0.0125393 0.0160168 0.0160194 0.0121701 0.0175513 0.0114741 0.0100853 0.0157965 0.0219849 0.0225039 0.0281423 0.00997644 0.00907942 0.00990263 0.0131093 0.00892285 0.00827674 0.00831711 0.00849533 0.00901298 0.00963071 0.0103911 0.010137 0.00908628 0.00838357 0.00890719 0.00938877 0.00939223 0.00814805 0.00808888 0.00806976 
0.0130943 0.0109388 0.0119405 0.0151242 0.0130037 0.0234698 0.0150516 0.011592 0.0125922 0.0155212 0.0165142 0.0255551 0.0133124 0.0104471 0.0264495 0.0162899 0.0198909 0.0478488 0.451594 0.00611554 0.00398527 0.00378711 0.0042568 0 0.041862 0.0180536 0.0461845 0.079337 0.5583 0.02233 0.0113633 0.0100546 0.0100262 0.0105398 0.017067 0.0172358 0.0110667 0.012584 0.0124447 0.014058 0.0170717 0.0120603 0.0095144 0.00957779 0.010407 0.00928152 0.00848752 0.0102902 0.00851934 0.0090776 0.00923588 0.00886105 0.00999141 0.00986893 0.0086424 0.00867681 0.0082892 0.00844817 0.00836945 0.00809377 
0.0086823 0.0130529 0.00994188 0.00930291 0.00925164 0.0102589 0.00935452 0.0129369 0.00909023 0.0109508 0.0112546 0.0216364 0.00965611 0.0125606 0.0247235 0.0167144 0.0152815 0.0146499 0.0291719 0.448117 0.0896821 0.0399146 0.0197747 0.041862 0 0.00408116 0.0038897 0.00390152 0.00428013 0.135806 0.0431106 0.00985173 0.0153996 0.0119091 0.0303093 0.040308 0.0151774 0.0147992 0.0129547 0.0130947 0.0224204 0.0180462 0.00974009 0.0105591 0.0178434 0.0088231 0.013758 0.00946984 0.00977573 0.0104429 0.0094673 0.00975186 0.0122165 0.00975772 0.00869186 0.00867601 0.00866026 0.00981369 0.00832913 0.00849492 
0.0092862 0.0104699 0.0141942 0.0137893 0.00997722 0.00908605 0.00969045 0.0104799 0.0181062 0.0163014 0.0134807 0.0108824 0.00887434 0.00936019 0.0128667 0.0466771 0.0341758 0.0391685 0.0129071 0.0271456 0.49601 0.059744 0.0890064 0.0180536 0.00408116 0 0.00379733 0.00379908 0.00394429 0.0629307 0.0358216 0.20851 0.0128516 0.035516 0.0122937 0.0156247 0.0424136 0.0366941 0.0336376 0.0325384 0.0117659 0.0107517 0.0192765 0.0142229 0.0109199 0.00925394 0.00857615 0.00938486 0.0104732 0.0137103 0.0137539 0.0125372 0.0105159 0.00871249 0.00985456 0.00945588 0.00945442 0.0084122 0.00821207 0.00800997 
0.0103092 0.012601 0.0163394 0.0240367 0.0139058 0.00939527 0.00913703 0.0147615 0.0257894 0.0545986 0.0181286 0.0107636 0.00833218 0.0086229 0.0130911 0.0332844 0.123417 0.0482498 0.0161951 0.0181918 0.0430056 0.587868 0.0649492 0.0461845 0.0038897 0.00379733 0 0.00379604 0.00380278 0.036991 0.0887678 0.0441609 0.316896 0.0165933 0.0195294 0.015134 0.0326405 0.101601 0.122793 0.0329314 0.0121155 0.0114769 0.0239988 0.0243832 0.0113968 0.00876662 0.00858828 0.00939671 0.0123545 0.0209265 0.0261699 0.0164392 0.0115714 0.00951683 0.0103248 0.0132986 0.0105843 0.00851898 0.00826895 0.00813299 
0.00891295 0.0102566 0.0117652 0.0141278 0.0144742 0.00907308 0.00958104 0.0113925 0.0136292 0.0217283 0.018236 0.00996733 0.00864103 0.00880184 0.0120564 0.0313147 0.0368534 0.0799509 0.0194421 0.0144039 0.0587227 0.0518115 0.56974 0.079337 0.00390152 0.00379908 0.00379604 0 0.00381997 0.023023 0.040432 0.0702582 0.0207196 0.296872 0.0180911 0.0144639 0.0267855 0.0407027 0.0416812 0.0877456 0.0157094 0.011124 0.0169701 0.0351855 0.0104651 0.00914301 0.00884829 0.00966899 0.0108539 0.0137103 0.0143035 0.016521 0.0105347 0.00910091 0.00992186 0.0108086 0.0106961 0.00831788 0.00812473 0.00802444 
0.0102153 0.00883457 0.00981504 0.0114209 0.00926232 0.011666 0.0117638 0.0090179 0.00982245 0.0115554 0.0108976 0.0122781 0.00954045 0.00879256 0.0191829 0.0120267 0.0135584 0.0187868 0.0376939 0.0339876 0.013786 0.0215757 0.026991 0.5583 0.00428013 0.00394429 0.00380278 0.00381997 0 0.0300581 0.0190798 0.0185948 0.0248903 0.0266837 0.379395 0.0192938 0.0146893 0.0154985 0.0168572 0.0268939 0.0384999 0.0171371 0.0106575 0.0129251 0.0174462 0.0115867 0.00918604 0.0125322 0.00967768 0.0107269 0.0115706 0.0097472 0.0122659 0.0113477 0.0091194 0.00913642 0.008478 0.0088728 0.00862853 0.00809517 
0.0086904 0.00929575 0.00871852 0.00864542 0.00833441 0.00970206 0.00870099 0.00869282 0.00829972 0.00908979 0.00984328 0.0170768 0.00886495 0.0108397 0.0100525 0.00957767 0.00962551 0.0111413 0.0180037 0.0156448 0.0113834 0.0106826 0.0125393 0.02233 0.135806 0.0629307 0.036991 0.023023 0.0300581 0 0.00413179 0.00380001 0.00396445 0.00421595 0.00589113 0.107702 0.0149529 0.012878 0.0122355 0.0132538 0.0300391 0.0193554 0.0103621 0.0105147 0.0254487 0.0104003 0.0149165 0.0101396 0.00891581 0.00947798 0.00987927 0.00987738 0.0147076 0.00911657 0.00847338 0.00846233 0.00896198 0.0105448 0.0082045 0.00885987 
0.00816362 0.00896024 0.00920596 0.00926797 0.00907016 0.00805753 0.00802191 0.00910297 0.00878038 0.0105975 0.0100631 0.00896228 0.00809591 0.00816988 0.00882814 0.0109127 0.0120814 0.0133199 0.00992746 0.0101879 0.0145312 0.0165121 0.0160168 0.0113633 0.0431106 0.0358216 0.0887678 0.040432 0.0190798 0.00413179 0 0.00380387 0.00383194 0.00501875 0.00388193 0.0343313 0.0508567 0.0215013 0.0188764 0.0242661 0.0116505 0.0112563 0.0109673 0.0138691 0.0104939 0.00855076 0.00867672 0.00864128 0.00967928 0.01209 0.0130927 0.0126711 0.00932691 0.00856276 0.00949632 0.00947 0.00902814 0.0083736 0.00814793 0.00808479 
0.00883806 0.0085178 0.0101931 0.0106572 0.00907993 0.00826665 0.00945955 0.00843846 0.0127633 0.0125773 0.00922147 0.00887292 0.00819317 0.0079697 0.00888023 0.010935 0.0239569 0.0141509 0.00942497 0.00982812 0.015586 0.0273678 0.0160194 0.0100546 0.00985173 0.20851 0.0441609 0.0702582 0.0185948 0.00380001 0.00380387 0 0.00382 0.00381211 0.00386215 0.0128678 0.0399526 0.0591611 0.0465129 0.0178796 0.0100125 0.00912598 0.0215915 0.0118653 0.00953334 0.00900229 0.00823713 0.00897653 0.0106422 0.0174384 0.0221181 0.0131388 0.00936711 0.00882235 0.0097479 0.0109939 0.00929959 0.00837565 0.00813379 0.00793548 
0.00828745 0.00930044 0.00917934 0.0093384 0.00898356 0.00820851 0.00813201 0.00961523 0.00929558 0.0116237 0.00915084 0.00842834 0.00794094 0.00805079 0.0085604 0.0112471 0.0183711 0.0108993 0.00958027 0.00966718 0.0116578 0.0268244 0.0121701 0.0100262 0.0153996 0.0128516 0.316896 0.0207196 0.0248903 0.00396445 0.00383194 0.00382 0 0.00379039 0.00376295 0.0206841 0.014856 0.0706044 0.0560177 0.0140774 0.00980546 0.012985 0.0113059 0.0141724 0.00945343 0.00834852 0.00871299 0.00911102 0.0103761 0.0158908 0.0166865 0.0110483 0.00919051 0.00851589 0.00907154 0.0103398 0.00887653 0.00829756 0.0080231 0.00804525 
0.00836055 0.00860131 0.00883383 0.00918803 0.00851448 0.00815061 0.00833743 0.00898166 0.00864759 0.00965638 0.00913056 0.0084045 0.00803949 0.00816935 0.00890655 0.0112824 0.0111203 0.012794 0.00988398 0.0110545 0.0147829 0.0129036 0.0175513 0.0105398 0.0119091 0.035516 0.0165933 0.296872 0.0266837 0.00421595 0.00501875 0.00381211 0.00379039 0 0.00380804 0.013043 0.0342916 0.0316129 0.0369392 0.0611179 0.013306 0.00988501 0.0148377 0.0179698 0.0101379 0.00905096 0.00868249 0.00906147 0.0101674 0.0105247 0.0113132 0.0125902 0.00993993 0.0086914 0.00940308 0.00939912 0.00898222 0.00825034 0.00806258 0.00808556 
0.00864225 0.00824647 0.00908086 0.00863914 0.00826384 0.00849193 0.00931863 0.00820774 0.00859412 0.00887547 0.0084979 0.00901397 0.0082858 0.00819515 0.0113292 0.00954222 0.0101813 0.00953588 0.012096 0.0197291 0.0108453 0.0113304 0.0114741 0.017067 0.0303093 0.0122937 0.0195294 0.0180911 0.379395 0.00589113 0.00388193 0.00386215 0.00376295 0.00380804 0 0.0224393 0.0195219 0.0190838 0.02078 0.0772646 0.101434 0.0159834 0.0106005 0.0119345 0.0148845 0.0119251 0.0089213 0.0120046 0.0091731 0.0101656 0.0103006 0.00975476 0.0116282 0.0109853 0.00917277 0.00917665 0.00851842 0.00859565 0.00856682 0.00800864 
0.00906249 0.00983952 0.00857768 0.00868716 0.00830947 0.00857387 0.00861077 0.00920448 0.00820778 0.00887029 0.00904446 0.0108908 0.0083421 0.00894873 0.0103331 0.00957972 0.00920082 0.0100013 0.0142826 0.0129725 0.0108899 0.00972496 0.0100853 0.0172358 0.040308 0.0156247 0.015134 0.0144639 0.0192938 0.107702 0.0343313 0.0128678 0.0206841 0.013043 0.0224393 0 0.00401546 0.00384553 0.0038768 0.00407463 0.00607416 0.16869 0.0136273 0.0151767 0.0271296 0.013281 0.0240416 0.0223282 0.0126112 0.0118683 0.0114749 0.0113397 0.0200927 0.0116969 0.0104997 0.00929796 0.0095042 0.0114977 0.00855181 0.00977206 
0.00824353 0.0086489 0.0101565 0.00937216 0.00872501 0.00822378 0.0084742 0.00852827 0.00953879 0.00967218 0.00926761 0.0090456 0.00808274 0.00828717 0.00871895 0.01066 0.0125583 0.0120176 0.0105588 0.0101722 0.0167933 0.0164196 0.0157965 0.0110667 0.0151774 0.0424136 0.0326405 0.0267855 0.0146893 0.0149529 0.0508567 0.0399526 0.014856 0.0342916 0.0195219 0.00401546 0 0.00380292 0.00379903 0.00402269 0.00394573 0.047195 0.122476 0.0238608 0.0136428 0.0139344 0.00964242 0.0128179 0.0258019 0.0238712 0.0334207 0.0288574 0.0129072 0.012356 0.0166582 0.0161673 0.0127023 0.00967868 0.00847732 0.00821028 
0.00856146 0.00939876 0.0103111 0.0117081 0.0095818 0.00861068 0.00845218 0.00961862 0.0107209 0.0147234 0.0105433 0.00868452 0.00805295 0.00814947 0.00958047 0.0132888 0.0242754 0.017479 0.0102201 0.0112446 0.0200585 0.04878 0.0219849 0.012584 0.0147992 0.0366941 0.101601 0.0407027 0.0154985 0.012878 0.0215013 0.0591611 0.0706044 0.0316129 0.0190838 0.00384553 0.00380292 0 0.00381231 0.00380098 0.00382241 0.327204 0.0529735 0.0629239 0.0140959 0.00995512 0.00952849 0.012456 0.0259673 0.08768 0.0963575 0.0374669 0.0158647 0.0133642 0.0254313 0.0449206 0.0177189 0.00935376 0.00837218 0.00835129 
0.00854503 0.00930173 0.0106866 0.012013 0.00997361 0.00853247 0.00826555 0.00954142 0.0114699 0.0148926 0.0105437 0.00868777 0.00803915 0.00818946 0.00895629 0.0137856 0.0274309 0.0194023 0.0107769 0.0103 0.0210587 0.0542434 0.0225039 0.0124447 0.0129547 0.0336376 0.122793 0.0416812 0.0168572 0.0122355 0.0188764 0.0465129 0.0560177 0.0369392 0.02078 0.0038768 0.00379903 0.00381231 0 0.00382582 0.00377077 0.0447509 0.39511 0.043986 0.0243182 0.0100019 0.00954437 0.0122451 0.0300686 0.102351 0.11581 0.0422623 0.0185515 0.012543 0.0275704 0.0560484 0.0181606 0.00960586 0.00838117 0.00835227 
0.00846786 0.00869988 0.0093751 0.0103631 0.00897969 0.00853874 0.00840858 0.00871307 0.00939444 0.0103307 0.00966394 0.00835374 0.00803748 0.00814548 0.00898953 0.0115709 0.0130743 0.0140003 0.0102604 0.0110954 0.0151991 0.0178812 0.0281423 0.014058 0.0130947 0.0325384 0.0329314 0.0877456 0.0268939 0.0132538 0.0242661 0.0178796 0.0140774 0.0611179 0.0772646 0.00407463 0.00402269 0.00380098 0.00382582 0 0.00382287 0.0247501 0.0475674 0.586935 0.033051 0.0148025 0.0110805 0.0145158 0.0284234 0.0323027 0.0393154 0.0958083 0.0287373 0.0121448 0.0198726 0.0200835 0.0232499 0.00980347 0.00884899 0.00826228 
0.00889443 0.00822251 0.00866102 0.00844155 0.00830948 0.00879983 0.0090028 0.00814182 0.00835671 0.00877731 0.00862312 0.0088582 0.00828152 0.00816486 0.00990157 0.00966226 0.00932145 0.00911048 0.0114534 0.0154285 0.0102321 0.0103153 0.00997644 0.0170717 0.0224204 0.0117659 0.0121155 0.0157094 0.0384999 0.0300391 0.0116505 0.0100125 0.00980546 0.013306 0.101434 0.00607416 0.00394573 0.00382241 0.00377077 0.00382287 0 0.0295394 0.0222062 0.0543285 0.564892 0.0158986 0.0130026 0.0212753 0.0113351 0.0124401 0.0124859 0.0150241 0.03735 0.0173065 0.0108363 0.010612 0.00996624 0.012147 0.00960685 0.00836166 
0.00845589 0.00928087 0.00853968 0.00878205 0.0083703 0.00831224 0.00809144 0.00866551 0.00821828 0.0087925 0.00870638 0.00913969 0.00834506 0.00846958 0.00930263 0.00907165 0.00912631 0.00903632 0.0107492 0.0100896 0.00987019 0.00917746 0.00907942 0.0120603 0.0180462 0.0107517 0.0114769 0.011124 0.0171371 0.0193554 0.0112563 0.00912598 0.012985 0.00988501 0.0159834 0.16869 0.047195 0.327204 0.0447509 0.0247501 0.0295394 0 0.00431789 0.00421184 0.00442144 0.0370235 0.0497304 0.0380465 0.0213301 0.021024 0.0161044 0.0145659 0.0270821 0.0205194 0.0148779 0.0109502 0.011134 0.0166658 0.0087266 0.0115019 
0.00821321 0.00848802 0.00868689 0.00893861 0.00835655 0.00814299 0.00804671 0.0082937 0.00866247 0.008909 0.0086233 0.00827353 0.00796234 0.00808013 0.00825705 0.00882192 0.00932077 0.00931462 0.00869908 0.00837643 0.0102711 0.0108749 0.00990263 0.0095144 0.00974009 0.0192765 0.0239988 0.0169701 0.0106575 0.0103621 0.0109673 0.0215915 0.0113059 0.0148377 0.0106005 0.0136273 0.122476 0.0529735 0.39511 0.0475674 0.0222062 0.00431789 0 0.00379675 0.00384787 0.138533 0.0136384 0.0171012 0.0373098 0.0347242 0.0572457 0.038011 0.0141488 0.0120612 0.030948 0.0288845 0.0171582 0.00967336 0.00864964 0.00838736 
0.00825428 0.00851848 0.00886463 0.00943563 0.00874473 0.00838756 0.00800823 0.00841438 0.00889013 0.00964963 0.00884171 0.00814139 0.00787759 0.00801322 0.0083215 0.00944821 0.0104678 0.00971984 0.00872878 0.00927645 0.00986026 0.0123927 0.0131093 0.00957779 0.0105591 0.0142229 0.0243832 0.0351855 0.0129251 0.0105147 0.0138691 0.0118653 0.0141724 0.0179698 0.0119345 0.0151767 0.0238608 0.0629239 0.043986 0.586935 0.0543285 0.00421184 0.00379675 0 0.00381486 0.0239714 0.0646938 0.014438 0.0309385 0.041482 0.0533016 0.130909 0.0279773 0.0130189 0.0276386 0.031392 0.0449962 0.0115004 0.00948536 0.00855866 
0.00912993 0.00822608 0.00863684 0.00836333 0.00816316 0.00815 0.0086763 0.00810859 0.00813739 0.00847971 0.00823401 0.00861992 0.00818695 0.00805754 0.00894443 0.00898415 0.00875986 0.00847018 0.0098637 0.0123178 0.00950467 0.00894274 0.00892285 0.010407 0.0178434 0.0109199 0.0113968 0.0104651 0.0174462 0.0254487 0.0104939 0.00953334 0.00945343 0.0101379 0.0148845 0.0271296 0.0136428 0.0140959 0.0243182 0.033051 0.564892 0.00442144 0.00384787 0.00381486 0 0.0271432 0.0554445 0.027247 0.014017 0.0196179 0.0208258 0.02221 0.0722836 0.0233306 0.0145946 0.0116862 0.011662 0.017453 0.0121829 0.00889221 
0.0082837 0.00809545 0.00820229 0.00817193 0.00811578 0.00816405 0.00903162 0.00797608 0.00799727 0.00813205 0.00817148 0.00869521 0.00804669 0.00833584 0.0083367 0.0081929 0.00826322 0.00831473 0.00881933 0.00866024 0.00832243 0.00830623 0.00827674 0.00928152 0.0088231 0.00925394 0.00876662 0.00914301 0.0115867 0.0104003 0.00855076 0.00900229 0.00834852 0.00905096 0.0119251 0.013281 0.0139344 0.00995512 0.0100019 0.0148025 0.0158986 0.0370235 0.138533 0.0239714 0.0271432 0 0.00457828 0.0153344 0.0347591 0.0132268 0.0160398 0.0269434 0.0227261 0.0144804 0.0125719 0.0106344 0.0118015 0.0154378 0.00999439 0.0103146 
0.00836949 0.00880293 0.00828749 0.00826014 0.00810344 0.00812241 0.0082684 0.00839716 0.00807538 0.00813389 0.0081483 0.00822098 0.00823733 0.00799001 0.00833926 0.00827234 0.00823045 0.00814326 0.00829898 0.0097976 0.00817797 0.00818211 0.00831711 0.00848752 0.013758 0.00857615 0.00858828 0.00884829 0.00918604 0.0149165 0.00867672 0.00823713 0.00871299 0.00868249 0.0089213 0.0240416 0.00964242 0.00952849 0.00954437 0.0110805 0.0130026 0.0497304 0.0136384 0.0646938 0.0554445 0.00457828 0 0.0506791 0.0142105 0.0142602 0.0121295 0.0291233 0.0357683 0.018708 0.0109419 0.00929027 0.0106257 0.0109082 0.0143218 0.0107013 
0.00861105 0.00864938 0.00858288 0.00876976 0.00829829 0.00850908 0.0081599 0.00836145 0.00829439 0.00849063 0.00839957 0.00894898 0.00807952 0.00838638 0.00856428 0.00841403 0.00866181 0.00858721 0.0091603 0.00884247 0.00861254 0.00861672 0.00849533 0.0102902 0.00946984 0.00938486 0.00939671 0.00966899 0.0125322 0.0101396 0.00864128 0.00897653 0.00911102 0.00906147 0.0120046 0.0223282 0.0128179 0.012456 0.0122451 0.0145158 0.0212753 0.0380465 0.0171012 0.014438 0.027247 0.0153344 0.0506791 0 0.00452091 0.0038037 0.00385698 0.00390845 0.0115178 0.22298 0.0326252 0.0150701 0.0151702 0.0326042 0.0116262 0.0143976 
0.00838119 0.00854582 0.00859517 0.00898765 0.00845601 0.00848162 0.00807028 0.00837775 0.00854472 0.00871654 0.00852856 0.0082553 0.00793308 0.00817499 0.00821234 0.00877397 0.00903289 0.00888139 0.00836971 0.00841605 0.00888945 0.00914669 0.00901298 0.00851934 0.00977573 0.0104732 0.0123545 0.0108539 0.00967768 0.00891581 0.00967928 0.0106422 0.0103761 0.0101674 0.0091731 0.0126112 0.0258019 0.0259673 0.0300686 0.0284234 0.0113351 0.0213301 0.0373098 0.0309385 0.014017 0.0347591 0.0142105 0.00452091 0 0.00382242 0.00381811 0.00389528 0.00422196 0.16467 0.157681 0.0348264 0.0398173 0.0137187 0.012212 0.00954477 
0.00852184 0.00857096 0.00880795 0.00946541 0.00857618 0.00843753 0.00818181 0.00852039 0.00881813 0.00938051 0.00855847 0.0082872 0.00804611 0.00801808 0.00856825 0.00922539 0.0103398 0.00916157 0.00847683 0.008999 0.0098571 0.0115797 0.00963071 0.0090776 0.0104429 0.0137103 0.0209265 0.0137103 0.0107269 0.00947798 0.01209 0.0174384 0.0158908 0.0105247 0.0101656 0.0118683 0.0238712 0.08768 0.102351 0.0323027 0.0124401 0.021024 0.0347242 0.041482 0.0196179 0.0132268 0.0142602 0.0038037 0.00382242 0 0.00381437 0.00383979 0.00384748 0.192508 0.154273 0.220818 0.0421553 0.0171626 0.00997457 0.00943326 
0.00858963 0.00866002 0.0090226 0.010141 0.00897572 0.00852394 0.0082894 0.00857664 0.00927331 0.0099156 0.00872508 0.00839557 0.00803445 0.00808388 0.00852496 0.00940274 0.0107968 0.00958907 0.00893232 0.00885992 0.0100016 0.0121887 0.0103911 0.00923588 0.0094673 0.0137539 0.0261699 0.0143035 0.0115706 0.00987927 0.0130927 0.0221181 0.0166865 0.0113132 0.0103006 0.0114749 0.0334207 0.0963575 0.11581 0.0393154 0.0124859 0.0161044 0.0572457 0.0533016 0.0208258 0.0160398 0.0121295 0.00385698 0.00381811 0.00381437 0 0.00385549 0.00382255 0.07335 0.305519 0.271358 0.105703 0.0193069 0.0106791 0.00988032 
0.0085125 0.00862028 0.00905948 0.00953631 0.00895226 0.00878635 0.00824339 0.00848491 0.00892544 0.00910371 0.00863328 0.00824018 0.0080342 0.00811135 0.0085727 0.00911083 0.00976977 0.00943367 0.00853221 0.00877305 0.00928252 0.0102678 0.010137 0.00886105 0.00975186 0.0125372 0.0164392 0.016521 0.0097472 0.00987738 0.0126711 0.0131388 0.0110483 0.0125902 0.00975476 0.0113397 0.0288574 0.0374669 0.0422623 0.0958083 0.0150241 0.0145659 0.038011 0.130909 0.02221 0.0269434 0.0291233 0.00390845 0.00389528 0.00383979 0.00385549 0 0.00403629 0.0430452 0.0948249 0.341777 0.324332 0.0848681 0.0147478 0.0111762 
0.00879621 0.00859566 0.0089289 0.00920225 0.00868 0.00895138 0.00862261 0.00827468 0.00848675 0.00893972 0.00852152 0.00836757 0.00810727 0.00818419 0.00894286 0.00893283 0.00907075 0.009233 0.00952581 0.010056 0.00937019 0.0093361 0.00908628 0.00999141 0.0122165 0.0105159 0.0115714 0.0105347 0.0122659 0.0147076 0.00932691 0.00936711 0.00919051 0.00993993 0.0116282 0.0200927 0.0129072 0.0158647 0.0185515 0.0287373 0.03735 0.0270821 0.0141488 0.0279773 0.0722836 0.0227261 0.0357683 0.0115178 0.00422196 0.00384748 0.00382255 0.00403629 0 0.0388358 0.0444886 0.0515919 0.341631 0.406315 0.0259884 0.0119892 
0.00845493 0.00859691 0.00873081 0.00931462 0.00854396 0.00878183 0.00816187 0.0083818 0.00833713 0.00858455 0.00842303 0.00900834 0.00805849 0.00830851 0.00854641 0.00849617 0.00873919 0.00874068 0.00938421 0.00922906 0.00846192 0.00867503 0.00838357 0.00986893 0.00975772 0.00871249 0.00951683 0.00910091 0.0113477 0.00911657 0.00856276 0.00882235 0.00851589 0.0086914 0.0109853 0.0116969 0.012356 0.0133642 0.012543 0.0121448 0.0173065 0.0205194 0.0120612 0.0130189 0.0233306 0.0144804 0.018708 0.22298 0.16467 0.192508 0.07335 0.0430452 0.0388358 0 0.00386088 0.00387493 0.00387882 0.0075049 0.0181444 0.0282404 
0.0085999 0.00875996 0.00901666 0.0100648 0.00883667 0.0086906 0.00831175 0.00848022 0.0086991 0.00907278 0.00863554 0.00840116 0.0079755 0.00819526 0.00840529 0.00875237 0.00929822 0.0090173 0.00868913 0.00835974 0.00883376 0.00925277 0.00890719 0.0086424 0.00869186 0.00985456 0.0103248 0.00992186 0.0091194 0.00847338 0.00949632 0.0097479 0.00907154 0.00940308 0.00917277 0.0104997 0.0166582 0.0254313 0.0275704 0.0198726 0.0108363 0.0148779 0.030948 0.0276386 0.0145946 0.0125719 0.0109419 0.0326252 0.157681 0.154273 0.305519 0.0948249 0.0444886 0.00386088 0 0.00382099 0.00381681 0.00385766 0.0231332 0.0128762 
0.00860616 0.00864127 0.00898555 0.00960634 0.00897742 0.00863486 0.00814606 0.00854179 0.00886242 0.00956382 0.00871475 0.00839456 0.0080581 0.00811338 0.0084563 0.00900836 0.009884 0.00915058 0.00857828 0.00841444 0.00909617 0.00977348 0.00938877 0.00867681 0.00867601 0.00945588 0.0132986 0.0108086 0.00913642 0.00846233 0.00947 0.0109939 0.0103398 0.00939912 0.00917665 0.00929796 0.0161673 0.0449206 0.0560484 0.0200835 0.010612 0.0109502 0.0288845 0.031392 0.0116862 0.0106344 0.00929027 0.0150701 0.0348264 0.220818 0.271358 0.341777 0.0515919 0.00387493 0.00382099 0 0.00376878 0.00377398 0.014038 0.0117161 
0.00845269 0.00863848 0.00886773 0.00925982 0.00877373 0.00853976 0.00838325 0.00839755 0.00861816 0.00902941 0.00856242 0.00816524 0.00797421 0.00800703 0.00826895 0.00878337 0.00904958 0.00881673 0.0083158 0.00834797 0.00871013 0.00917558 0.00939223 0.0082892 0.00866026 0.00945442 0.0105843 0.0106961 0.008478 0.00896198 0.00902814 0.00929959 0.00887653 0.00898222 0.00851842 0.0095042 0.0127023 0.0177189 0.0181606 0.0232499 0.00996624 0.011134 0.0171582 0.0449962 0.011662 0.0118015 0.0106257 0.0151702 0.0398173 0.0421553 0.105703 0.324332 0.341631 0.00387882 0.00381681 0.00376878 0 0.00388901 0.056745 0.0141275 
0.00849349 0.00838277 0.00856058 0.00866592 0.00841053 0.00834879 0.0083785 0.00818962 0.00823876 0.00843507 0.00815586 0.00815281 0.00805681 0.00806573 0.00852145 0.00854163 0.00838592 0.00846921 0.00828478 0.0090762 0.00825843 0.00841979 0.00814805 0.00844817 0.00981369 0.0084122 0.00851898 0.00831788 0.0088728 0.0105448 0.0083736 0.00837565 0.00829756 0.00825034 0.00859565 0.0114977 0.00967868 0.00935376 0.00960586 0.00980347 0.012147 0.0166658 0.00967336 0.0115004 0.017453 0.0154378 0.0109082 0.0326042 0.0137187 0.0171626 0.0193069 0.0848681 0.406315 0.0075049 0.00385766 0.00377398 0.00388901 0 0.0215145 0.0213892 
0.00837943 0.00845309 0.00839192 0.00842715 0.00833449 0.00843166 0.00816959 0.00823991 0.00811428 0.00831149 0.00822999 0.0085569 0.00811321 0.00844598 0.00823908 0.00822571 0.00832767 0.00826749 0.00841424 0.00811959 0.00820532 0.00817339 0.00808888 0.00836945 0.00832913 0.00821207 0.00826895 0.00812473 0.00862853 0.0082045 0.00814793 0.00813379 0.0080231 0.00806258 0.00856682 0.00855181 0.00847732 0.00837218 0.00838117 0.00884899 0.00960685 0.0087266 0.00864964 0.00948536 0.0121829 0.00999439 0.0143218 0.0116262 0.012212 0.00997457 0.0106791 0.0147478 0.0259884 0.0181444 0.0231332 0.014038 0.056745 0.0215145 0 0.0042647 
0.00846644 0.0089663 0.00838497 0.00839346 0.00842669 0.00841078 0.00822911 0.0084904 0.00819693 0.00825884 0.00822257 0.00826984 0.00812179 0.00822812 0.00820229 0.00827082 0.00811956 0.00823853 0.00824929 0.0082537 0.00805656 0.00810367 0.00806976 0.00809377 0.00849492 0.00800997 0.00813299 0.00802444 0.00809517 0.00885987 0.00808479 0.00793548 0.00804525 0.00808556 0.00800864 0.00977206 0.00821028 0.00835129 0.00835227 0.00826228 0.00836166 0.0115019 0.00838736 0.00855866 0.00889221 0.0103146 0.0107013 0.0143976 0.00954477 0.00943326 0.00988032 0.0111762 0.0119892 0.0282404 0.0128762 0.0117161 0.0141275 0.0213892 0.0042647 0 
