1J3PA
MKYKEPFGVKLDFETGIIENAKKSVRRLSDMKGYFIDEEAWKKMVEEGDPVVYEVYAIEQEEKEGDLNFATTVLYPGKVGNEFFMTKGHYHSKIDRAEVYFALKGKGGMLLQTPEGEARFIEMEPGTIVYVPPYWAHRTINTGDKPFIFLALYPADAGHDYGTIAEKGFSKIVVEENGKVVVKDNPK
CCCCCCEEEEECCCCCCECCCEEEEEEHHHHCCCCCCHHHHHHHHHHCCCEEEEEEEECCCCCCCCEEEEEEEECCCEECCEECECCCEECCCCCCCEEEEEEECCEEEEEECCCCCEEEEEECCCEEEEECCCCEEEEEECCCCCEEEEEEEECCCCCECHHHHHHCCCEEEEECCCEEEEECCCC
0 0 0 0 0 0 0 0 0 0 0 0 0 0 0 0 0 0 0 0 0 0 0 0 0 0 0 0 0 0 0 0 0 0 0 0 0 0 0 0 0 0 0 0 0 0 0 0 0 0 0 0 0 0 0 0 0 0 0 0 0 0 0 0 0 0 0 0 0 0 0 0 0 0 0 0 0 0 0 0 0 0 0 0 0 0 0 0 0 0 0 0 0 0 0 0 0 0 0 0 0 0 0 0 0 0 0 0 0 0 0 0 0 0 0 0 0 0 0 0 0 0 0 0 0 0 0 0 0 0 0 0 0 0 0 0 0 0 0 0 0 0 0 0 0 0 0 0 0 0 0 0 0 0 0 0 0 0 0 0 0 0 0 0 0 0 0 0 0 0 0 0 0 0 0 0 0 0 0 0 0 0 0 0 0 0 0 
0 0 0 0 0 0 0 0 0 0 0 0 0 0 0 0 0 0 0 0 0 0 0 0 0 0 0 0 0 0 0 0 0 0 0 0 0 0 0 0 0 0 0 0 0 0 0 0 0 0 0 0 0 0 0 0 0 0 0 0 0 0 0 0 0 0 0 0 0 0 0 0 0 0 0 0 0 0 0 0 0 0 0 0 0 0 0 0 0 0 0 0 0 0 0 0 0 0 0 0 0 0 0 0 0 0 0 0 0 0 0 0 0 0 0 0 0 0 0 0 0 0 0 0 0 0 0 0 0 0 0 0 0 0 0 0 0 0 0 0 0 0 0 0 0 0 0 0 0 0 0 0 0 0 0 0 0 0 0 0 0 0 0 0 0 0 0 0 0 0 0 0 0 0 0 0 0 0 0 0 0 0 0 0 0 0 0 
0 0.00399142 0.00383861 0.00411687 0.00877236 0.0140082 0.0119175 0.0115159 0.0114742 0.0408398 0.0246124 0.0759562 0.0134286 0.00924008 0.0105998 0.00935351 0.0108695 0.00944323 0.0114416 0.0155701 0.0105171 0.00888112 0.00956436 0.00877704 0.00934526 0.00990595 0.00976561 0.0149084 0.00849465 0.0105177 0.00849353 0.00876964 0.0102358 0.00805042 0.00890568 0.00850736 0.00845775 0.00831245 0.00939397 0.00842249 0.008644 0.00951207 0.00803496 0.00814188 0.00826471 0.00813171 0.00877995 0.010964 0.00823771 0.00788164 0.0080696 0.00799508 0.00796185 0.00946863 0.00822202 0.0082165 0.00826205 0.00866498 0.00958987 0.00795632 0.0079688 0.0081721 0.00810406 0.00813145 0.00900949 0.00838371 0.00805913 0.00842097 0.00819572 0.00820988 0.00824073 0.00800096 0.00877145 0.00818312 0.00800219 0.00813197 0.00818771 0.00801723 0.00850831 0.00792856 0.00792939 0.00789981 0.0079697 0.00855493 
0.00399142 0 0.00381903 0.00437516 0.00386282 0.00702498 0.00938064 0.0106776 0.0332322 0.012768 0.0479977 0.0124467 0.0100576 0.0233538 0.0104835 0.0215601 0.00975354 0.0183967 0.0146329 0.00890436 0.00919353 0.0156077 0.00934818 0.0132297 0.0108356 0.0122052 0.0129904 0.00909422 0.00875243 0.00827764 0.00838953 0.00863831 0.00853496 0.00849185 0.00821611 0.0094015 0.00857578 0.0106066 0.00929314 0.00972336 0.00851863 0.00837337 0.00794248 0.00890685 0.00864039 0.00895764 0.00907414 0.00859906 0.00800286 0.00823686 0.00837782 0.00808414 0.00860143 0.00803125 0.00828007 0.00841857 0.00875003 0.00935935 0.00808252 0.00797059 0.00865102 0.00821571 0.00862745 0.00819178 0.00822388 0.00802305 0.00847397 0.00846978 0.00849411 0.00865966 0.00842826 0.00831134 0.00799232 0.00786567 0.00796019 0.00825879 0.00837483 0.00818241 0.00810828 0.00792065 0.00807753 0.0080741 0.00822105 0.00809238 
0.00383861 0.00381903 0 0.00385676 0.00405553 0.00954463 0.00831471 0.0273453 0.010867 0.052527 0.00974112 0.00755741 0.0161467 0.0101215 0.0472128 0.0108633 0.0375624 0.0144575 0.0102572 0.01119 0.0124334 0.00911294 0.0267844 0.0118233 0.0189723 0.0160114 0.0104127 0.0104185 0.00797367 0.00995592 0.00812252 0.00876901 0.00846865 0.00808596 0.0083063 0.00840004 0.0142508 0.00964819 0.0170733 0.00998738 0.00927851 0.00820794 0.00820756 0.00849652 0.0106636 0.0100581 0.00940987 0.00863235 0.00920977 0.00816494 0.00860195 0.0111047 0.00799103 0.00911508 0.00813077 0.00923051 0.0104251 0.00964945 0.00828931 0.00806003 0.00828332 0.0106083 0.00878845 0.00915946 0.00806276 0.0083354 0.00865183 0.00956576 0.00971547 0.00892856 0.00937978 0.00832485 0.0081015 0.00783199 0.00803523 0.00886819 0.00853972 0.00845574 0.00809706 0.00783746 0.00814412 0.00808184 0.00810179 0.00797653 
0.00411687 0.00437516 0.00385676 0 0.00378041 0.0109055 0.0550426 0.0109907 0.0493436 0.00974757 0.0108344 0.0100584 0.01024 0.0233093 0.0106797 0.0205319 0.00977397 0.0131204 0.0149656 0.00858937 0.00952025 0.0195936 0.00960419 0.0135346 0.0129227 0.0106912 0.0116205 0.00885444 0.0105064 0.00846822 0.00948806 0.00877645 0.00864145 0.00891028 0.00831437 0.0117321 0.00862583 0.0129236 0.00903661 0.0100888 0.00820478 0.00829629 0.00832021 0.00935441 0.00873146 0.00936037 0.00876157 0.00868883 0.00833064 0.00885985 0.00872534 0.00808717 0.00945314 0.00802825 0.00957653 0.00875415 0.00888943 0.00963178 0.00812809 0.00833355 0.00853172 0.00837963 0.00892161 0.00818629 0.00826537 0.00842174 0.00883008 0.00881753 0.00857624 0.00881213 0.00848343 0.00827387 0.00804555 0.00792754 0.00826431 0.00850736 0.00893061 0.00817804 0.00801343 0.00837247 0.0083552 0.00814638 0.00803686 0.00800117 
0.00877236 0.00386282 0.00405553 0.00378041 0 0.515444 0.0279062 0.0339001 0.00855447 0.0129295 0.0114095 0.00707263 0.0368025 0.0108765 0.0154023 0.00994384 0.0130632 0.0111849 0.0100421 0.0180135 0.0247594 0.00929576 0.0118373 0.0110332 0.0105215 0.0102773 0.00973941 0.0128633 0.00967528 0.0142486 0.0102937 0.0102424 0.0126435 0.00966473 0.00997018 0.00980528 0.0110867 0.00886001 0.0103726 0.0085623 0.0093121 0.00839771 0.0112216 0.00877261 0.00885215 0.00884522 0.00919087 0.00899617 0.0153275 0.00835212 0.00820315 0.00963802 0.00805103 0.0104578 0.0110129 0.0089293 0.00897654 0.00854541 0.00856277 0.00963624 0.00834776 0.00850739 0.00824335 0.00882088 0.00829996 0.0102902 0.00866344 0.00839503 0.00862421 0.00828077 0.00853255 0.00806896 0.00819914 0.00853299 0.00832135 0.00882292 0.00824765 0.00840841 0.00808245 0.00865653 0.00858211 0.00810463 0.00813328 0.00794902 
0.0140082 0.00702498 0.00954463 0.0109055 0.515444 0 0.122818 0.0111898 0.0054356 0.00563797 0.00568025 0.00725901 0.0251855 0.0117009 0.00970456 0.00899353 0.00990887 0.00917874 0.0104948 0.0249542 0.0153483 0.00966707 0.00946804 0.00865554 0.00883941 0.00908516 0.00996401 0.0167668 0.0109389 0.035124 0.0123157 0.010523 0.0246314 0.0103141 0.0115249 0.0100573 0.00915555 0.00839278 0.00853612 0.00827135 0.0088201 0.00960913 0.0103799 0.00829083 0.00821287 0.00820383 0.00845322 0.0102653 0.0126138 0.00821056 0.00800698 0.00846436 0.00794464 0.0122052 0.0102334 0.00855996 0.00828077 0.00852247 0.00942751 0.00893513 0.00806313 0.00805539 0.00797553 0.00829114 0.00896385 0.0100633 0.00824556 0.00805621 0.00815151 0.00800846 0.00809221 0.00797225 0.00842597 0.0108447 0.00860959 0.00869787 0.00799955 0.00825003 0.00877478 0.00920989 0.00882012 0.008139 0.00826651 0.00886187 
0.0119175 0.00938064 0.00831471 0.0550426 0.0279062 0.122818 0 0.00402336 0.00383892 0.00411778 0.00427963 0.00771289 0.0209864 0.0106545 0.0094355 0.0101116 0.00887969 0.00979831 0.0188236 0.0139039 0.0105126 0.0104239 0.00890461 0.00899668 0.00902904 0.00999899 0.0107562 0.0150278 0.010372 0.0108306 0.00996512 0.00893846 0.0107069 0.0085647 0.00890026 0.00976832 0.00818649 0.00883077 0.00851639 0.00862943 0.00894762 0.0116258 0.00829086 0.00808489 0.00812807 0.00808936 0.00844842 0.0129965 0.00835443 0.00808958 0.00824788 0.00793894 0.00871339 0.00911914 0.00868247 0.00805094 0.00818862 0.00887847 0.00931654 0.0079663 0.00792895 0.00796322 0.00803166 0.00823526 0.0118101 0.00820019 0.00798088 0.00805523 0.00804498 0.00808129 0.00804522 0.00800591 0.00866774 0.00860896 0.00837061 0.00804637 0.00812042 0.00806142 0.00868094 0.00854197 0.00807268 0.00813381 0.00804121 0.00889373 
0.0115159 0.0106776 0.0273453 0.0109907 0.0339001 0.0111898 0.00402336 0 0.00433169 0.00384952 0.00422399 0.00386475 0.0201957 0.0152253 0.0106859 0.0104993 0.0113654 0.0141547 0.0111641 0.00912785 0.0101727 0.0094756 0.010158 0.00975225 0.0113083 0.0104294 0.0102828 0.00964187 0.00855429 0.00902906 0.00868873 0.00848511 0.0083659 0.00823485 0.00839582 0.00846358 0.00928416 0.00857543 0.00984874 0.00871628 0.00866151 0.00833382 0.00802531 0.00834175 0.00838962 0.00854261 0.0088976 0.00834352 0.00836198 0.00802256 0.0079926 0.0084043 0.008017 0.00829584 0.00804109 0.00831459 0.00835839 0.00862968 0.00819929 0.0080818 0.00799236 0.0081931 0.00813571 0.00838359 0.00807228 0.00811337 0.00821717 0.00830953 0.00830704 0.00838475 0.00823561 0.00813693 0.00806615 0.00790154 0.00786048 0.00835177 0.00816679 0.00809815 0.00804371 0.00790065 0.00799525 0.00796749 0.0080417 0.00801285 
0.0114742 0.0332322 0.010867 0.0493436 0.00855447 0.0054356 0.00383892 0.00433169 0 0.0039632 0.00375795 0.00383204 0.0123226 0.0154846 0.0203477 0.0148129 0.0129092 0.0144136 0.0105731 0.00853251 0.00915854 0.0101134 0.0100601 0.0142099 0.0115603 0.0142993 0.0096703 0.00925571 0.00873425 0.00835791 0.00843798 0.00831905 0.00830751 0.00818096 0.00820599 0.00883908 0.00888075 0.0118151 0.0103313 0.00996963 0.00843747 0.00838753 0.00794201 0.00842266 0.00912775 0.00966957 0.00855439 0.00860735 0.008088 0.00845148 0.00883764 0.00817606 0.00861651 0.00800331 0.008226 0.008234 0.00934554 0.00914865 0.00808055 0.00791899 0.00817135 0.0084059 0.00884461 0.00811048 0.00830592 0.00812223 0.00841461 0.00859232 0.00863101 0.00869364 0.00846534 0.00817684 0.00795715 0.00788715 0.00805965 0.00831368 0.00841471 0.0081394 0.00811178 0.00805732 0.00799246 0.0081473 0.00800854 0.00799409 
0.0408398 0.012768 0.052527 0.00974757 0.0129295 0.00563797 0.00411778 0.00384952 0.0039632 0 0.00380698 0.00375827 0.0127081 0.0117023 0.0185948 0.0266244 0.0144904 0.0118323 0.00994942 0.00892157 0.00907914 0.00943059 0.012659 0.0103057 0.0133077 0.0117667 0.00962899 0.00955439 0.00839724 0.00874635 0.00844098 0.00832535 0.00828529 0.00808469 0.00827714 0.00843961 0.0103421 0.010902 0.0121782 0.00933756 0.00869938 0.00825361 0.00799503 0.00850109 0.00975786 0.00919852 0.00876821 0.00839842 0.00841162 0.00822441 0.00847469 0.00883216 0.00807576 0.00822124 0.00810275 0.00853591 0.00953717 0.00876679 0.00811159 0.00795146 0.00827197 0.00891472 0.00835072 0.00826967 0.00808001 0.00808916 0.00834996 0.00915327 0.00876153 0.00874479 0.00848958 0.00807752 0.00798335 0.00785391 0.00792664 0.00834921 0.00828648 0.00822099 0.0080492 0.00789333 0.00798675 0.00810945 0.00796978 0.00797569 
0.0246124 0.0479977 0.00974112 0.0108344 0.0114095 0.00568025 0.00427963 0.00422399 0.00375795 0.00380698 0 0.00378883 0.0127165 0.0205725 0.0262533 0.0187341 0.0131678 0.0119333 0.0135569 0.00879446 0.010871 0.0126492 0.0101839 0.0112504 0.0106 0.0106462 0.0105748 0.00894086 0.00878851 0.00877627 0.008982 0.00884279 0.0087142 0.00866549 0.00853634 0.00946946 0.0103711 0.0101802 0.010151 0.00918035 0.00852959 0.00813415 0.0083959 0.00893769 0.00895498 0.00913871 0.00901829 0.00833511 0.00865644 0.00854368 0.00834439 0.00830232 0.00818877 0.00814849 0.00930235 0.00886377 0.00919454 0.00921163 0.00820278 0.00816067 0.00842925 0.00863121 0.00854044 0.00832749 0.00809588 0.00823922 0.00888264 0.00878932 0.00878169 0.00843289 0.00851394 0.00816854 0.00799508 0.00788684 0.00805916 0.0085867 0.00826302 0.00808315 0.00798195 0.00811354 0.00816227 0.00804889 0.0079267 0.00784448 
0.0759562 0.0124467 0.00755741 0.0100584 0.00707263 0.00725901 0.00771289 0.00386475 0.00383204 0.00375827 0.00378883 0 0.0162374 0.0124965 0.013718 0.0113948 0.010184 0.0120422 0.0112292 0.0133647 0.0159796 0.0108646 0.00973974 0.0101217 0.00972855 0.00997383 0.00992851 0.0103509 0.0157828 0.00887989 0.0134778 0.0100597 0.013311 0.0187564 0.00924481 0.022317 0.0091376 0.0100792 0.00898806 0.00907766 0.00826619 0.009349 0.010675 0.00887632 0.00856915 0.00864153 0.00841213 0.00901193 0.00979381 0.00971776 0.00823334 0.00808677 0.00852873 0.00797231 0.0177632 0.00864318 0.00844407 0.00869842 0.00820024 0.0103832 0.00837763 0.00809551 0.00845349 0.0080679 0.00893271 0.0115733 0.00877235 0.00820544 0.00829388 0.00822094 0.00811193 0.00805706 0.00797162 0.00873391 0.00946922 0.00814234 0.00817132 0.00794706 0.00829528 0.00916363 0.00804848 0.0081376 0.0079103 0.00803855 
0.0134286 0.0100576 0.0161467 0.01024 0.0368025 0.0251855 0.0209864 0.0201957 0.0123226 0.0127081 0.0127165 0.0162374 0 0.00394283 0.00388684 0.00389736 0.00386507 0.00397812 0.0039946 0.0105388 0.0207114 0.0095448 0.0124566 0.0113152 0.0376105 0.016269 0.0277982 0.104641 0.0103974 0.0216612 0.0124269 0.0172376 0.0176518 0.0104685 0.0157316 0.0217638 0.021009 0.0117632 0.0170696 0.0123094 0.0135936 0.0161387 0.0150444 0.0113214 0.0121091 0.0114995 0.0117888 0.0226246 0.0131844 0.00897226 0.00921301 0.0104602 0.00889796 0.0206103 0.0114626 0.0130393 0.0124704 0.0123257 0.0171018 0.010481 0.00911834 0.0118626 0.00932807 0.0107452 0.0135242 0.011195 0.0104685 0.0108421 0.0108094 0.010356 0.0106088 0.00885338 0.0135126 0.00868923 0.00852153 0.011128 0.00854867 0.00889575 0.0100107 0.00800793 0.00804937 0.00806083 0.0083313 0.00939879 
0.00924008 0.0233538 0.0101215 0.0233093 0.0108765 0.0117009 0.0106545 0.0152253 0.0154846 0.0117023 0.0205725 0.0124965 0.00394283 0 0.00381657 0.00378157 0.00381512 0.00391376 0.00415737 0.00406621 0.00962366 0.0169323 0.0112645 0.0126025 0.015896 0.0340856 0.100527 0.0311182 0.0115603 0.00946734 0.0106922 0.0121566 0.0116003 0.0126911 0.00970235 0.0159039 0.0249129 0.0332558 0.0205576 0.0249102 0.0168828 0.0105214 0.00900408 0.0198604 0.018386 0.0203243 0.020191 0.0114811 0.00866153 0.0107192 0.0125748 0.0101116 0.0137359 0.00883254 0.010476 0.0150477 0.0255178 0.0264728 0.00978575 0.00907433 0.0137719 0.0108819 0.0165028 0.0118943 0.0103776 0.00945224 0.0156066 0.0189596 0.0149606 0.0171843 0.0117387 0.0140875 0.00887196 0.00792386 0.00828506 0.00934377 0.0102275 0.00897764 0.00845796 0.00789431 0.00819582 0.00830943 0.00834268 0.0083124 
0.0105998 0.0104835 0.0472128 0.0106797 0.0154023 0.00970456 0.0094355 0.0106859 0.0203477 0.0185948 0.0262533 0.013718 0.00388684 0.00381657 0 0.00377032 0.00376811 0.00386606 0.00391453 0.00391134 0.0114195 0.00981873 0.0198229 0.0177921 0.0486901 0.0827586 0.0320212 0.0584363 0.00840625 0.00956138 0.00951231 0.0118919 0.0111371 0.00936858 0.0100934 0.0132664 0.0418547 0.0293996 0.0765337 0.0334769 0.0210536 0.00964505 0.0108586 0.0134915 0.0393861 0.0466628 0.0269565 0.0142663 0.0097321 0.0111256 0.0161379 0.0264542 0.00974822 0.010115 0.00963547 0.021575 0.0546143 0.027071 0.0119561 0.00925466 0.0141922 0.0329047 0.0207849 0.0210053 0.0106615 0.0100026 0.0175249 0.0307978 0.0378288 0.0284467 0.0351427 0.0114305 0.0091828 0.00786261 0.00856784 0.0121884 0.01093 0.010185 0.00840511 0.0080436 0.00834251 0.00871564 0.00880761 0.00828621 
0.00935351 0.0215601 0.0108633 0.0205319 0.00994384 0.00899353 0.0101116 0.0104993 0.0148129 0.0266244 0.0187341 0.0113948 0.00389736 0.00378157 0.00377032 0 0.00375355 0.00376265 0.00381361 0.00379146 0.00875403 0.0150506 0.012237 0.0637696 0.0813921 0.0577406 0.0779128 0.0109391 0.00930874 0.00850396 0.00983882 0.0105177 0.0100399 0.010183 0.00897214 0.0176445 0.0153194 0.0854647 0.0364143 0.0551128 0.0113687 0.0098922 0.00932292 0.0175893 0.04272 0.0540191 0.0278093 0.0109395 0.00864038 0.0129404 0.0232026 0.0114007 0.0179657 0.00877616 0.0109058 0.0180519 0.0442148 0.0369136 0.0101004 0.00905676 0.01569 0.0212015 0.0369851 0.0128554 0.0111198 0.00963485 0.0171523 0.0325676 0.0264162 0.0436244 0.019592 0.012855 0.00886645 0.00785317 0.0085688 0.0104444 0.0153733 0.00935346 0.0085705 0.00809637 0.00826713 0.00883842 0.00850459 0.00824264 
0.0108695 0.00975354 0.0375624 0.00977397 0.0130632 0.00990887 0.00887969 0.0113654 0.0129092 0.0144904 0.0131678 0.010184 0.00386507 0.00381512 0.00376811 0.00375355 0 0.00377797 0.00375166 0.00376794 0.0100665 0.00935115 0.0521888 0.0473457 0.0405832 0.102562 0.0138548 0.0110744 0.00785589 0.00919804 0.00872281 0.0114249 0.00988912 0.00905728 0.0095907 0.0103789 0.0492537 0.0241602 0.068484 0.0187186 0.017342 0.008822 0.00981333 0.0163703 0.0376025 0.0328556 0.025621 0.0105324 0.00992887 0.0104993 0.0147327 0.0334195 0.00903392 0.0100761 0.00974786 0.0196479 0.0455236 0.0252616 0.0104585 0.00953642 0.0131317 0.0403038 0.016274 0.0183924 0.00944183 0.0100031 0.0145079 0.0338657 0.0407064 0.0258553 0.0261886 0.0112463 0.00889414 0.00786362 0.00816984 0.0120457 0.010046 0.0101523 0.00820939 0.00788582 0.00821952 0.00842209 0.00866379 0.00802132 
0.00944323 0.0183967 0.0144575 0.0131204 0.0111849 0.00917874 0.00979831 0.0141547 0.0144136 0.0118323 0.0119333 0.0120422 0.00397812 0.00391376 0.00386606 0.00376265 0.00377797 0 0.00378831 0.00380705 0.0111146 0.034255 0.0551306 0.0684235 0.0670311 0.0172787 0.0121376 0.0110047 0.00848034 0.00860485 0.00953037 0.0104978 0.0102556 0.00990185 0.00919549 0.0153379 0.0173371 0.061594 0.0282204 0.0424939 0.011858 0.00956213 0.0102461 0.017682 0.0379209 0.0380949 0.0167451 0.011425 0.0090303 0.0115424 0.0224704 0.0128572 0.0114711 0.00925042 0.0107096 0.0166192 0.0516129 0.0255191 0.0110747 0.010596 0.0167259 0.0179593 0.0283631 0.0114501 0.0114411 0.00954003 0.0186309 0.0423503 0.0291214 0.0313636 0.0194543 0.011197 0.00883494 0.00786544 0.0087798 0.0102551 0.0156891 0.00924734 0.00844667 0.00806795 0.00836182 0.00872194 0.00853301 0.00815944 
0.0114416 0.0146329 0.0102572 0.0149656 0.0100421 0.0104948 0.0188236 0.0111641 0.0105731 0.00994942 0.0135569 0.0112292 0.0039946 0.00415737 0.00391453 0.00381361 0.00375166 0.00378831 0 0.0040004 0.0418568 0.0866116 0.0312959 0.0715212 0.0103491 0.0125496 0.0232235 0.0122752 0.0112513 0.00988057 0.0112077 0.0133024 0.0124573 0.0133234 0.0111392 0.0146476 0.022956 0.0177244 0.0241567 0.0153261 0.0171726 0.00960981 0.0104028 0.0161872 0.0162871 0.0173363 0.0311665 0.0117944 0.00971971 0.0196355 0.0106984 0.0101744 0.0131942 0.00884991 0.0123625 0.0156399 0.0178816 0.0347879 0.0104605 0.0113408 0.0145646 0.0125661 0.0112121 0.015145 0.0097222 0.0101845 0.0171572 0.0169837 0.0147779 0.0138657 0.0120597 0.0117116 0.00883215 0.00800324 0.00901164 0.0104098 0.0103404 0.00987718 0.00811359 0.00854548 0.00859681 0.008463 0.00839139 0.00805063 
0.0155701 0.00890436 0.01119 0.00858937 0.0180135 0.0249542 0.0139039 0.00912785 0.00853251 0.00892157 0.00879446 0.0133647 0.0105388 0.00406621 0.00391134 0.00379146 0.00376794 0.00380705 0.0040004 0 0.127863 0.0136735 0.0282863 0.00848346 0.00872762 0.00893074 0.011949 0.0146694 0.00862023 0.0145428 0.0111142 0.0110985 0.0239917 0.0116723 0.0138656 0.0163973 0.0115229 0.0111796 0.0122461 0.0101882 0.0101402 0.00962221 0.0147663 0.010888 0.0103042 0.01041 0.0108933 0.0141299 0.0232572 0.00910897 0.00860718 0.00948825 0.00843593 0.0136745 0.0133298 0.0102962 0.0107219 0.0105061 0.0126363 0.0125002 0.00933868 0.00956736 0.00907559 0.00925156 0.0108372 0.0180125 0.00992315 0.0101694 0.0101366 0.00980229 0.00935962 0.00892266 0.00943503 0.00841889 0.00871039 0.0091022 0.00840956 0.0085833 0.00815053 0.00848283 0.00829189 0.00803295 0.00813575 0.00796901 
0.0105171 0.00919353 0.0124334 0.00952025 0.0247594 0.0153483 0.0105126 0.0101727 0.00915854 0.00907914 0.010871 0.0159796 0.0207114 0.00962366 0.0114195 0.00875403 0.0100665 0.0111146 0.0418568 0.127863 0 0.0038708 0.00379266 0.00379451 0.00388322 0.00393008 0.00436696 0.00830815 0.00741182 0.0131723 0.00835171 0.0115743 0.0131887 0.00977856 0.0160926 0.0186793 0.0231782 0.0108399 0.0188015 0.0113563 0.0131498 0.0138868 0.0145679 0.0117557 0.012762 0.0106424 0.0131247 0.0201373 0.0135758 0.00942411 0.0100786 0.0102351 0.0091506 0.0204156 0.0116828 0.014616 0.0131598 0.0126135 0.0181645 0.0113463 0.0104784 0.0109805 0.00949105 0.0133565 0.0127614 0.0129388 0.0111173 0.0119705 0.0116856 0.0101903 0.0107041 0.00948538 0.0156846 0.00855958 0.00911204 0.0102797 0.0087007 0.00926155 0.00948412 0.00795625 0.0080884 0.00813426 0.00836112 0.00961092 
0.00888112 0.0156077 0.00911294 0.0195936 0.00929576 0.00966707 0.0104239 0.0094756 0.0101134 0.00943059 0.0126492 0.0108646 0.0095448 0.0169323 0.00981873 0.0150506 0.00935115 0.034255 0.0866116 0.0136735 0.0038708 0 0.00381844 0.00377542 0.00383866 0.00388061 0.00402741 0.00404504 0.00747995 0.00692712 0.00791944 0.00869632 0.0109009 0.0188576 0.00929074 0.0184554 0.0140541 0.0371274 0.0165749 0.027099 0.0123083 0.0149182 0.00901145 0.0205831 0.0162708 0.020573 0.0186632 0.0138402 0.00877971 0.0132481 0.0137673 0.00952447 0.0195504 0.00905554 0.012578 0.0145296 0.0301807 0.0293746 0.0100414 0.00965799 0.0171572 0.0110865 0.023144 0.0110558 0.0126449 0.00977985 0.018331 0.0213651 0.0148173 0.0226836 0.013492 0.0169933 0.00927471 0.00795766 0.00921457 0.00976882 0.0133053 0.00925159 0.0084639 0.00805775 0.00816197 0.00853024 0.00845822 0.00831222 
0.00956436 0.00934818 0.0267844 0.00960419 0.0118373 0.00946804 0.00890461 0.010158 0.0100601 0.012659 0.0101839 0.00973974 0.0124566 0.0112645 0.0198229 0.012237 0.0521888 0.0551306 0.0312959 0.0282863 0.00379266 0.00381844 0 0.00375019 0.00375888 0.00381606 0.00377047 0.00402661 0.00537092 0.00712607 0.00675566 0.00884675 0.0134903 0.00868169 0.0103997 0.0121336 0.0334996 0.0231857 0.0466965 0.0193593 0.0255021 0.00956035 0.0107804 0.012478 0.0303642 0.0307711 0.0264721 0.0121521 0.0108729 0.0107702 0.0139856 0.0267769 0.00963896 0.0106484 0.0101135 0.023473 0.0446015 0.0239736 0.0118811 0.0104785 0.0124019 0.0324772 0.0176242 0.0254478 0.0112215 0.0105056 0.0180618 0.0333426 0.040589 0.0271455 0.0441451 0.0136361 0.00937659 0.0079205 0.00842478 0.0153427 0.0120347 0.0113407 0.00825134 0.00801884 0.00836064 0.00872378 0.00870836 0.00815641 
0.00877704 0.0132297 0.0118233 0.0135346 0.0110332 0.00865554 0.00899668 0.00975225 0.0142099 0.0103057 0.0112504 0.0101217 0.0113152 0.0126025 0.0177921 0.0637696 0.0473457 0.0684235 0.0715212 0.00848346 0.00379451 0.00377542 0.00375019 0 0.00375745 0.00376807 0.00376844 0.00387641 0.00498668 0.00626965 0.0070251 0.00940063 0.0103349 0.00888324 0.00876377 0.0130139 0.018795 0.0414403 0.0359965 0.0394886 0.0111383 0.0100906 0.00928132 0.0184553 0.0345841 0.0491969 0.0225863 0.0132491 0.00907853 0.0143719 0.022224 0.013269 0.0156545 0.00909726 0.0103833 0.0215031 0.0541112 0.0389575 0.0121221 0.00908562 0.0174084 0.0219756 0.0348598 0.0224617 0.0114154 0.00948623 0.0185807 0.0431034 0.0367247 0.0643456 0.0284355 0.0147527 0.00970764 0.00788816 0.00849598 0.012906 0.0183708 0.0102938 0.00858818 0.00798794 0.00821749 0.00917923 0.00854595 0.00829693 
0.00934526 0.0108356 0.0189723 0.0129227 0.0105215 0.00883941 0.00902904 0.0113083 0.0115603 0.0133077 0.0106 0.00972855 0.0376105 0.015896 0.0486901 0.0813921 0.0405832 0.0670311 0.0103491 0.00872762 0.00388322 0.00383866 0.00375888 0.00375745 0 0.00377523 0.00383572 0.00379932 0.00427976 0.00566233 0.00792139 0.0107028 0.00842182 0.00839587 0.00927928 0.0126797 0.0256655 0.0242192 0.0495119 0.0218057 0.0155876 0.00957046 0.00968496 0.0166693 0.0521697 0.0318774 0.0194815 0.0114976 0.00998231 0.013593 0.0204069 0.0207357 0.0109907 0.00983283 0.0114984 0.0228871 0.0487266 0.0304494 0.0106403 0.0110077 0.0167481 0.0369513 0.0272194 0.0167237 0.0106702 0.0105239 0.0209182 0.0396743 0.0609038 0.0380077 0.0343978 0.0130308 0.00918336 0.00789732 0.00868727 0.0168996 0.0158143 0.0121031 0.008405 0.00799146 0.00829087 0.00875289 0.00887011 0.0081923 
0.00990595 0.0122052 0.0160114 0.0106912 0.0102773 0.00908516 0.00999899 0.0104294 0.0142993 0.0117667 0.0106462 0.00997383 0.016269 0.0340856 0.0827586 0.0577406 0.102562 0.0172787 0.0125496 0.00893074 0.00393008 0.00388061 0.00381606 0.00376807 0.00377523 0 0.00379404 0.00379286 0.00432443 0.00670683 0.00833346 0.0100882 0.0085078 0.0095508 0.0108762 0.0145742 0.0204248 0.0491531 0.0266803 0.02659 0.0120885 0.00983445 0.0103345 0.0221473 0.0365064 0.0400942 0.0165534 0.0126881 0.0102984 0.015737 0.0204682 0.0157172 0.0115293 0.00910028 0.0124095 0.0221314 0.0591482 0.0270541 0.0109206 0.011333 0.0191878 0.0291851 0.0293807 0.0131935 0.0105645 0.0107272 0.0227806 0.0724422 0.0377384 0.038919 0.0266459 0.0117259 0.00931384 0.00793099 0.00916052 0.0145402 0.0214316 0.0100328 0.00861652 0.00814715 0.00840132 0.0091213 0.00866375 0.00833022 
0.00976561 0.0129904 0.0104127 0.0116205 0.00973941 0.00996401 0.0107562 0.0102828 0.0096703 0.00962899 0.0105748 0.00992851 0.0277982 0.100527 0.0320212 0.0779128 0.0138548 0.0121376 0.0232235 0.011949 0.00436696 0.00402741 0.00377047 0.00376844 0.00383572 0.00379404 0 0.0038537 0.0055701 0.0413756 0.0172546 0.0187141 0.0102203 0.0124126 0.0115633 0.0131359 0.0274191 0.0163284 0.0199136 0.0159715 0.0183777 0.0100647 0.0105828 0.0181912 0.018011 0.018318 0.0326043 0.0118454 0.0107924 0.0140501 0.0123764 0.0105706 0.0140186 0.00935226 0.0140212 0.0207235 0.0227622 0.0385684 0.0116974 0.0116714 0.0189224 0.0145939 0.0133052 0.0180777 0.0102283 0.0111965 0.0359081 0.024814 0.0195676 0.017232 0.0142061 0.0148617 0.00916831 0.00801222 0.00910971 0.0116459 0.0117261 0.0105802 0.0082808 0.00858198 0.00851599 0.00837617 0.00861145 0.00803193 
0.0149084 0.00909422 0.0104185 0.00885444 0.0128633 0.0167668 0.0150278 0.00964187 0.00925571 0.00955439 0.00894086 0.0103509 0.104641 0.0311182 0.0584363 0.0109391 0.0110744 0.0110047 0.0122752 0.0146694 0.00830815 0.00404504 0.00402661 0.00387641 0.00379932 0.00379286 0.0038537 0 0.0350422 0.0130586 0.0116852 0.0136831 0.0348022 0.0137022 0.0126182 0.0199835 0.0137297 0.0114651 0.0132736 0.0117638 0.0111149 0.0118068 0.0199994 0.0115903 0.0115739 0.0119263 0.0136413 0.0215923 0.0286235 0.00950214 0.00923327 0.0100977 0.00879662 0.0144799 0.0204471 0.0120263 0.0121547 0.0122396 0.0140962 0.0212586 0.00932038 0.0101273 0.00933724 0.00989354 0.0127139 0.0255572 0.0106542 0.0113544 0.0108741 0.00979472 0.00963626 0.00924709 0.010385 0.00943989 0.0105142 0.00993914 0.00881444 0.00893323 0.00863568 0.00977184 0.00896799 0.0083505 0.00835975 0.00815697 
0.00849465 0.00875243 0.00797367 0.0105064 0.00967528 0.0109389 0.010372 0.00855429 0.00873425 0.00839724 0.00878851 0.0157828 0.0103974 0.0115603 0.00840625 0.00930874 0.00785589 0.00848034 0.0112513 0.00862023 0.00741182 0.00747995 0.00537092 0.00498668 0.00427976 0.00432443 0.0055701 0.0350422 0 0.0109961 0.00647059 0.872579 0.00606799 0.00924525 0.0146455 0.0185264 0.00903612 0.00960698 0.00906504 0.00901466 0.00904382 0.014406 0.00953359 0.00940401 0.00854828 0.00858183 0.00943916 0.0164945 0.00868823 0.00980421 0.00931286 0.00824928 0.0118007 0.00930018 0.0119152 0.00896839 0.00893803 0.0111564 0.0100873 0.00882722 0.00867841 0.00824602 0.00852033 0.00856477 0.0119019 0.00877614 0.00877196 0.00851359 0.00833359 0.00838224 0.00823574 0.00836881 0.00922275 0.00902389 0.00906648 0.0081519 0.00843623 0.00817208 0.0086524 0.0087106 0.008151 0.00831914 0.00797352 0.00895849 
0.0105177 0.00827764 0.00995592 0.00846822 0.0142486 0.035124 0.0108306 0.00902906 0.00835791 0.00874635 0.00877627 0.00887989 0.0216612 0.00946734 0.00956138 0.00850396 0.00919804 0.00860485 0.00988057 0.0145428 0.0131723 0.00692712 0.00712607 0.00626965 0.00566233 0.00670683 0.0413756 0.0130586 0.0109961 0 0.970809 0.00638031 0.011645 0.0128592 0.0114529 0.0110566 0.0147014 0.00848683 0.0100622 0.00839246 0.0143439 0.00950319 0.0135237 0.00899971 0.00849504 0.00864706 0.0109664 0.0109034 0.0221925 0.00867531 0.00845913 0.0104566 0.00837966 0.016116 0.0115702 0.0098451 0.00890654 0.00974026 0.0101897 0.01168 0.00850784 0.00856398 0.00837892 0.00918683 0.00913468 0.0140737 0.00903397 0.00845579 0.00891424 0.008388 0.00845407 0.00847404 0.00875824 0.00962394 0.00884315 0.00916865 0.00794898 0.0085966 0.00832485 0.00874736 0.00842906 0.00803384 0.00821877 0.00822443 
0.00849353 0.00838953 0.00812252 0.00948806 0.0102937 0.0123157 0.00996512 0.00868873 0.00843798 0.00844098 0.008982 0.0134778 0.0124269 0.0106922 0.00951231 0.00983882 0.00872281 0.00953037 0.0112077 0.0111142 0.00835171 0.00791944 0.00675566 0.0070251 0.00792139 0.00833346 0.0172546 0.0116852 0.00647059 0.970809 0 0.00625387 0.00447496 0.00598399 0.0315391 0.0185099 0.00918444 0.00967469 0.00975201 0.00919825 0.00960893 0.0153259 0.0100274 0.00955338 0.00920912 0.00899969 0.0102734 0.0181884 0.0098312 0.00950948 0.00918996 0.0088726 0.0100517 0.0112326 0.0116591 0.00956771 0.00981408 0.0116707 0.0120478 0.00969588 0.00916496 0.00912331 0.00889879 0.00956198 0.0114148 0.00939357 0.00921953 0.0090575 0.00892686 0.00876882 0.0088135 0.00885388 0.00976522 0.00905122 0.00923189 0.00843475 0.00831322 0.0083699 0.00918766 0.00838662 0.00817751 0.0080909 0.00812542 0.00912509 
0.00876964 0.00863831 0.00876901 0.00877645 0.0102424 0.010523 0.00893846 0.00848511 0.00831905 0.00832535 0.00884279 0.0100597 0.0172376 0.0121566 0.0118919 0.0105177 0.0114249 0.0104978 0.0133024 0.0110985 0.0115743 0.00869632 0.00884675 0.00940063 0.0107028 0.0100882 0.0187141 0.0136831 0.872579 0.00638031 0.00625387 0 0.00635368 0.012591 0.0108413 0.0115786 0.0162526 0.00991087 0.012656 0.0102571 0.0121937 0.0103413 0.00988305 0.0101187 0.00971669 0.00952752 0.013503 0.012636 0.0111349 0.00927687 0.00930072 0.00968222 0.014649 0.0106214 0.0114326 0.0113374 0.0116965 0.015051 0.0110758 0.0111793 0.0101047 0.00966032 0.00970886 0.0117639 0.010912 0.0115434 0.0106111 0.0104402 0.0113532 0.0103178 0.0100479 0.00989506 0.00990775 0.00894807 0.00873387 0.00973781 0.00855849 0.00898634 0.00884946 0.00801252 0.00817873 0.00801265 0.00824063 0.00865439 
0.0102358 0.00853496 0.00846865 0.00864145 0.0126435 0.0246314 0.0107069 0.0083659 0.00830751 0.00828529 0.0087142 0.013311 0.0176518 0.0116003 0.0111371 0.0100399 0.00988912 0.0102556 0.0124573 0.0239917 0.0131887 0.0109009 0.0134903 0.0103349 0.00842182 0.0085078 0.0102203 0.0348022 0.00606799 0.011645 0.00447496 0.00635368 0 0.0332483 0.028754 0.0147175 0.0100634 0.0108251 0.00991759 0.00984365 0.00997323 0.0115755 0.0122716 0.00928822 0.00933254 0.00945221 0.0118238 0.0295853 0.0149653 0.00937007 0.00879034 0.00899028 0.00998574 0.0145888 0.0163854 0.0101791 0.0113346 0.0142052 0.0183549 0.0176311 0.0099058 0.00935231 0.0093627 0.0117362 0.0220301 0.0142359 0.0100283 0.0102509 0.0103694 0.00963699 0.00946264 0.00989434 0.0125751 0.0147942 0.0100484 0.00981724 0.00853924 0.00918412 0.0105178 0.00932319 0.00816233 0.00813729 0.00837644 0.00943228 
0.00805042 0.00849185 0.00808596 0.00891028 0.00966473 0.0103141 0.0085647 0.00823485 0.00818096 0.00808469 0.00866549 0.0187564 0.0104685 0.0126911 0.00936858 0.010183 0.00905728 0.00990185 0.0133234 0.0116723 0.00977856 0.0188576 0.00868169 0.00888324 0.00839587 0.0095508 0.0124126 0.0137022 0.00924525 0.0128592 0.00598399 0.012591 0.0332483 0 0.00677833 0.0108437 0.0222255 0.0205846 0.00787122 0.0072937 0.00763101 0.0123768 0.00748118 0.0102811 0.010401 0.00888166 0.0101483 0.0204468 0.00872583 0.0093688 0.00925271 0.00836597 0.0127452 0.00995631 0.0110958 0.0102668 0.00956531 0.0172751 0.0126401 0.0095877 0.0110618 0.00883344 0.0093066 0.0100326 0.0151682 0.00924173 0.0104364 0.00921699 0.00911736 0.00921756 0.00896815 0.00972368 0.0114166 0.00901286 0.00877115 0.00904825 0.00853457 0.00863943 0.00917114 0.00804644 0.00806647 0.00804843 0.00816279 0.00884286 
0.00890568 0.00821611 0.0083063 0.00831437 0.00997018 0.0115249 0.00890026 0.00839582 0.00820599 0.00827714 0.00853634 0.00924481 0.0157316 0.00970235 0.0100934 0.00897214 0.0095907 0.00919549 0.0111392 0.0138656 0.0160926 0.00929074 0.0103997 0.00876377 0.00927928 0.0108762 0.0115633 0.0126182 0.0146455 0.0114529 0.0315391 0.0108413 0.028754 0.00677833 0 0.0157648 0.0195413 0.00731228 0.00885548 0.0072231 0.0100083 0.0083815 0.00914952 0.00826363 0.00891752 0.00828573 0.0361447 0.0139376 0.0180316 0.010342 0.00873779 0.00990131 0.00890831 0.0142279 0.0124987 0.00979029 0.00939915 0.0116 0.0112755 0.0130849 0.00890911 0.00963506 0.00879581 0.0113567 0.0109144 0.0123672 0.009231 0.00891985 0.00953835 0.00884228 0.00899265 0.00964621 0.00952245 0.00920197 0.00870108 0.00901155 0.0083702 0.00874334 0.00845863 0.00826009 0.00825178 0.00802463 0.00830107 0.00817257 
0.00850736 0.0094015 0.00840004 0.0117321 0.00980528 0.0100573 0.00976832 0.00846358 0.00883908 0.00843961 0.00946946 0.022317 0.0217638 0.0159039 0.0132664 0.0176445 0.0103789 0.0153379 0.0146476 0.0163973 0.0186793 0.0184554 0.0121336 0.0130139 0.0126797 0.0145742 0.0131359 0.0199835 0.0185264 0.0110566 0.0185099 0.0115786 0.0147175 0.0108437 0.0157648 0 0.00380282 0.003868 0.00380548 0.00387006 0.00389696 0.00638995 0.00590779 0.00621753 0.00802775 0.00983336 0.00841411 0.220497 0.0151533 0.01384 0.0116178 0.0087558 0.0216543 0.0108874 0.0346749 0.0128924 0.0157042 0.0194871 0.0172748 0.0159961 0.0130951 0.0105136 0.0156036 0.0116142 0.0366787 0.0186898 0.0162308 0.0156222 0.0122295 0.0144649 0.0114841 0.0125121 0.0178877 0.00950332 0.0166197 0.0111403 0.0125417 0.00968436 0.0129574 0.00897394 0.00836854 0.00927511 0.00866415 0.0121179 
0.00845775 0.00857578 0.0142508 0.00862583 0.0110867 0.00915555 0.00818649 0.00928416 0.00888075 0.0103421 0.0103711 0.0091376 0.021009 0.0249129 0.0418547 0.0153194 0.0492537 0.0173371 0.022956 0.0115229 0.0231782 0.0140541 0.0334996 0.018795 0.0256655 0.0204248 0.0274191 0.0137297 0.00903612 0.0147014 0.00918444 0.0162526 0.0100634 0.0222255 0.0195413 0.00380282 0 0.00381238 0.00377858 0.00378202 0.00399497 0.00388563 0.00580045 0.00684733 0.00948702 0.00913477 0.19344 0.177517 0.0183671 0.0107054 0.0115516 0.0306267 0.00899127 0.0164625 0.010408 0.0604313 0.0250955 0.0284073 0.0127856 0.0143924 0.0152481 0.0306655 0.0133127 0.0486274 0.0103582 0.0161207 0.0354592 0.0288394 0.0390511 0.0205235 0.0450504 0.0176443 0.0111587 0.00816003 0.00895219 0.0392293 0.0122029 0.0181104 0.00913237 0.00804015 0.00911039 0.00843452 0.011373 0.00867397 
0.00831245 0.0106066 0.00964819 0.0129236 0.00886001 0.00839278 0.00883077 0.00857543 0.0118151 0.010902 0.0101802 0.0100792 0.0117632 0.0332558 0.0293996 0.0854647 0.0241602 0.061594 0.0177244 0.0111796 0.0108399 0.0371274 0.0231857 0.0414403 0.0242192 0.0491531 0.0163284 0.0114651 0.00960698 0.00848683 0.00967469 0.00991087 0.0108251 0.0205846 0.00731228 0.003868 0.00381238 0 0.00377577 0.0037641 0.00378994 0.003892 0.00490771 0.0083882 0.0117092 0.0953504 0.163328 0.0749421 0.00857821 0.0123931 0.0415345 0.00942136 0.0214122 0.00896489 0.0145758 0.0168272 0.0904987 0.0301955 0.0130106 0.0115642 0.025964 0.0179831 0.100905 0.013062 0.0182614 0.011109 0.0325213 0.0593786 0.0358673 0.09783 0.0422524 0.0207268 0.0107122 0.00828359 0.0118583 0.0128253 0.056175 0.0114321 0.00983254 0.00846374 0.008607 0.0131627 0.00933096 0.00887958 
0.00939397 0.00929314 0.0170733 0.00903661 0.0103726 0.00853612 0.00851639 0.00984874 0.0103313 0.0121782 0.010151 0.00898806 0.0170696 0.0205576 0.0765337 0.0364143 0.068484 0.0282204 0.0241567 0.0122461 0.0188015 0.0165749 0.0466965 0.0359965 0.0495119 0.0266803 0.0199136 0.0132736 0.00906504 0.0100622 0.00975201 0.012656 0.00991759 0.00787122 0.00885548 0.00380548 0.00377858 0.00377577 0 0.00375425 0.0037862 0.00379724 0.00577107 0.00636599 0.108175 0.25424 0.107404 0.018467 0.00991417 0.0120574 0.0137463 0.0283007 0.0100973 0.0128871 0.0123801 0.0344304 0.037439 0.0444567 0.0133533 0.0164342 0.0139577 0.0817631 0.0192976 0.0387887 0.0110567 0.014867 0.0298058 0.0489976 0.0917625 0.0541595 0.0581502 0.0177816 0.0123735 0.00833418 0.0102799 0.0380033 0.0198719 0.0241677 0.00914732 0.00829412 0.00977454 0.00934893 0.0111271 0.0086189 
0.00842249 0.00972336 0.00998738 0.0100888 0.0085623 0.00827135 0.00862943 0.00871628 0.00996963 0.00933756 0.00918035 0.00907766 0.0123094 0.0249102 0.0334769 0.0551128 0.0187186 0.0424939 0.0153261 0.0101882 0.0113563 0.027099 0.0193593 0.0394886 0.0218057 0.02659 0.0159715 0.0117638 0.00901466 0.00839246 0.00919825 0.0102571 0.00984365 0.0072937 0.0072231 0.00387006 0.00378202 0.0037641 0.00375425 0 0.00376663 0.00378899 0.00419177 0.0720967 0.313757 0.0999008 0.0199144 0.00777998 0.0078669 0.0112712 0.0148971 0.00927314 0.0127028 0.0085136 0.0191178 0.0150218 0.0519316 0.022694 0.0121574 0.0103416 0.0309361 0.0179749 0.0474874 0.0125719 0.0124342 0.0112055 0.0280617 0.0584599 0.0454433 0.0444074 0.0295038 0.0171033 0.0101562 0.00811719 0.0110773 0.0147758 0.0387126 0.0104507 0.00898648 0.00843734 0.00859992 0.0106379 0.00936742 0.00869594 
0.008644 0.00851863 0.00927851 0.00820478 0.0093121 0.0088201 0.00894762 0.00866151 0.00843747 0.00869938 0.00852959 0.00826619 0.0135936 0.0168828 0.0210536 0.0113687 0.017342 0.011858 0.0171726 0.0101402 0.0131498 0.0123083 0.0255021 0.0111383 0.0155876 0.0120885 0.0183777 0.0111149 0.00904382 0.0143439 0.00960893 0.0121937 0.00997323 0.00763101 0.0100083 0.00389696 0.00399497 0.00378994 0.0037862 0.00376663 0 0.0038472 0.0384854 0.190168 0.0541807 0.0285497 0.00745913 0.00677863 0.0107308 0.00998857 0.00865235 0.010469 0.00806019 0.0133507 0.0107449 0.0403616 0.0139879 0.0248328 0.0110916 0.0150265 0.0128296 0.0171332 0.00994044 0.0280245 0.0096895 0.0136797 0.0193828 0.019033 0.0182795 0.0140955 0.013191 0.0127093 0.0105496 0.00860495 0.00899421 0.0179062 0.010105 0.0150948 0.00850804 0.00892958 0.00912105 0.00847891 0.00922602 0.00812123 
0.00951207 0.00837337 0.00820794 0.00829629 0.00839771 0.00960913 0.0116258 0.00833382 0.00838753 0.00825361 0.00813415 0.009349 0.0161387 0.0105214 0.00964505 0.0098922 0.008822 0.00956213 0.00960981 0.00962221 0.0138868 0.0149182 0.00956035 0.0100906 0.00957046 0.00983445 0.0100647 0.0118068 0.014406 0.00950319 0.0153259 0.0103413 0.0115755 0.0123768 0.0083815 0.00638995 0.00388563 0.003892 0.00379724 0.00378899 0.0038472 0 0.377466 0.0152373 0.00520329 0.00425478 0.00452744 0.00607887 0.0128508 0.00836087 0.00796656 0.00752373 0.00998699 0.00924193 0.0439678 0.0101311 0.0104758 0.0107044 0.0113794 0.017223 0.0102865 0.00899614 0.0109632 0.00895795 0.020418 0.0168009 0.0103781 0.010058 0.00954592 0.00958512 0.0093743 0.00946849 0.0107505 0.00946048 0.0136427 0.00946848 0.0092741 0.00845892 0.0101131 0.011529 0.0095605 0.00861434 0.00819345 0.00890932 
0.00803496 0.00794248 0.00820756 0.00832021 0.0112216 0.0103799 0.00829086 0.00802531 0.00794201 0.00799503 0.0083959 0.010675 0.0150444 0.00900408 0.0108586 0.00932292 0.00981333 0.0102461 0.0104028 0.0147663 0.0145679 0.00901145 0.0107804 0.00928132 0.00968496 0.0103345 0.0105828 0.0199994 0.00953359 0.0135237 0.0100274 0.00988305 0.0122716 0.00748118 0.00914952 0.00590779 0.00580045 0.00490771 0.00577107 0.00419177 0.0384854 0.377466 0 0.00393962 0.00375433 0.00378721 0.00381227 0.00468174 0.00720098 0.00641914 0.00674641 0.00714971 0.0109157 0.758917 0.0107869 0.0102316 0.00935707 0.0122192 0.0150712 0.0119984 0.00887635 0.0105225 0.00901147 0.0126713 0.0811733 0.0142648 0.0104764 0.0107462 0.0108392 0.00953011 0.0101491 0.0101423 0.014577 0.00971523 0.00972016 0.0102101 0.00869917 0.00935313 0.0114217 0.00833884 0.00827206 0.00816744 0.00858444 0.0101332 
0.00814188 0.00890685 0.00849652 0.00935441 0.00877261 0.00829083 0.00808489 0.00834175 0.00842266 0.00850109 0.00893769 0.00887632 0.0113214 0.0198604 0.0134915 0.0175893 0.0163703 0.017682 0.0161872 0.010888 0.0117557 0.0205831 0.012478 0.0184553 0.0166693 0.0221473 0.0181912 0.0115903 0.00940401 0.00899971 0.00955338 0.0101187 0.00928822 0.0102811 0.00826363 0.00621753 0.00684733 0.0083882 0.00636599 0.0720967 0.190168 0.0152373 0.00393962 0 0.00375915 0.00375496 0.00380166 0.00395312 0.005572 0.00664427 0.0109423 0.0119316 0.789407 0.036509 0.00941935 0.0139603 0.0155071 0.0247169 0.0121086 0.0112269 0.0160845 0.0119589 0.0206672 0.104968 0.0125596 0.0113711 0.0292978 0.0177136 0.0182736 0.0227723 0.0201097 0.0174305 0.0104194 0.00826417 0.00948549 0.0147573 0.0157023 0.0107903 0.00996925 0.00810354 0.00845533 0.00884828 0.00928363 0.00890498 
