1JHFA
KALTARQQEVFDLIRDHISQTGMPPTRAEIAQRLGFRSPNAAEEHLKALARKGVIEIVSGASRGIRLLQEEEEGLPLVGRVAADEPLLAQQHIEGHYQVDPSLFKPNADFLLRVSGMSMKDIGIMDGDLLAVHKTQDVRNGQVVVARIDDEVTVKRLKKQGNKVELLPENSEFKPIVVDLRQQSFTIEGLAVGVIRN
CCCCHHHHHHHHHHHHHHHHHCCCCCHHHHHHHCCCCCHHHHHHHHHHHHHCCCEEECCCCCCCEEECCCCCCCEEEECCCCCCCCCCCHHHEEEEECECHHHCCCCCCEEEECCCCCCHHHCCCCCCEEEEEECCCCCCCCEEEEEECCEEEEEEEEEECCEEEEECCCCCCCCEEEECCCCCEEEEEEEEEEEEC
0 0 0 0 0 0 0 0 0 0 0 0 0 0 0 0 0 0 0 0 0 0 0 0 0 0 0 0 0 0 0 0 0 0 0 0 0 0 0 0 0 0 0 0 0 0 0 0 0 0 0 0 0 0 0 0 0 0 0 0 0 0 0 0 0 0 0 0 0 0 0 0 0 0 0 0 0 0 0 0 0 0 0 0 0 0 0 0 0 0 0 0 0 0 0 0 0 0 0 0 0 0 0 0 0 0 0 0 0 0 0 0 0 0 0 0 0 0 0 0 0 0 0 0 0 0 0 0 0 0 0 0 0 0 0 0 0 0 0 0 0 0 0 0 0 0 0 0 0 0 0 0 0 0 0 0 0 0 0 0 0 0 0 0 0 0 0 0 0 0 0 0 0 0 0 0 0 0 0 0 0 0 0 0 0 0 0 0 0 0 0 0 0 0 0 0 0 
0 0 0 0 0 0 0 0 0 0 0 0 0 0 0 0 0 0 0 0 0 0 0 0 0 0 0 0 0 0 0 0 0 0 0 0 0 0 0 0 0 0 0 0 0 0 0 0 0 0 0 0 0 0 0 0 0 0 0 0 0 0 0 0 0 0 0 0 0 0 0 0 0 0 0 0 0 0 0 0 0 0 0 0 0 0 0 0 0 0 0 0 0 0 0 0 0 0 0 0 0 0 0 0 0 0 0 0 0 0 0 0 0 0 0 0 0 0 0 0 0 0 0 0 0 0 0 0 0 0 0 0 0 0 0 0 0 0 0 0 0 0 0 0 0 0 0 0 0 0 0 0 0 0 0 0 0 0 0 0 0 0 0 0 0 0 0 0 0 0 0 0 0 0 0 0 0 0 0 0 0 0 0 0 0 0 0 0 0 0 0 0 0 0 0 0 0 
0 0.00410178 0.00580515 0.0162142 0.0125124 0.94945 0.0158687 0.0114533 0.0152594 0.037471 0.0144235 0.00868437 0.00936363 0.00919998 0.0183701 0.0342994 0.0197145 0.00941367 0.0133146 0.017977 0.0107023 0.0100042 0.00923061 0.00978712 0.00899046 0.0139412 0.0117924 0.00891377 0.0102284 0.00970559 0.00957558 0.0154085 0.00857528 0.00849844 0.00835131 0.00873794 0.00855702 0.0083972 0.00880946 0.00819353 0.00861661 0.00961099 0.00849737 0.00856117 0.00842259 0.00902088 0.0100056 0.00884791 0.00812599 0.00899984 0.0100164 0.0103641 0.00811534 0.00838796 0.00815733 0.00835712 0.00828396 0.00827795 0.00837433 0.00836992 0.00829852 0.00892019 0.00972137 
0.00410178 0 0.00391407 0.00945218 0.983135 0.00956124 0.00966345 0.0180363 0.0283558 0.0109245 0.00913575 0.0110112 0.00861977 0.0128477 0.00871837 0.00953058 0.0103318 0.0216207 0.00972226 0.0111548 0.00992877 0.010628 0.00965052 0.00859261 0.00874722 0.0084145 0.00931458 0.0104632 0.00884407 0.00901913 0.00972758 0.0082228 0.00899776 0.00872056 0.00854057 0.0081745 0.00821597 0.00848899 0.00823213 0.00825831 0.00835538 0.00798267 0.00861404 0.00848266 0.008708 0.00837924 0.0080253 0.00842825 0.00857705 0.00819785 0.00810389 0.00835898 0.00889512 0.00818651 0.00823696 0.00828986 0.00828467 0.00831206 0.00829797 0.00842242 0.00831138 0.00833582 0.00809385 
0.00580515 0.00391407 0 0.978328 0.00926721 0.0104281 0.0183395 0.0114276 0.0147035 0.0214201 0.0357443 0.00868756 0.00893052 0.00849301 0.0117486 0.0146566 0.0231754 0.0106437 0.0103536 0.0109538 0.01597 0.0103545 0.00898395 0.00899227 0.00831477 0.00894758 0.0132376 0.00934636 0.00918206 0.00916481 0.00840293 0.00916575 0.0103016 0.0090384 0.00840297 0.00860678 0.00847798 0.00809924 0.00859827 0.00823748 0.00803916 0.0081479 0.00934023 0.00862873 0.00827786 0.00845288 0.00814054 0.0100043 0.00817399 0.00820355 0.00854611 0.0111398 0.00834135 0.0082524 0.00809761 0.00816111 0.0081722 0.00821256 0.00822731 0.00826794 0.00830013 0.00830845 0.00830607 
0.0162142 0.00945218 0.978328 0 0.00389748 0.00574692 0.0101605 0.0179761 0.0569126 0.124864 0.0162305 0.0083906 0.00946474 0.00926597 0.0214375 0.0347887 0.026924 0.0104801 0.0165156 0.0180269 0.0136495 0.0137732 0.0102895 0.0111862 0.00925533 0.0158716 0.0126582 0.00957912 0.0110685 0.0116446 0.0100819 0.0203313 0.00837504 0.00886467 0.00849169 0.00944373 0.00891506 0.00853123 0.00937649 0.00821373 0.00910909 0.00966955 0.00840767 0.00928077 0.00850463 0.0100057 0.010231 0.00898067 0.00819761 0.00948026 0.0103463 0.0114307 0.00811979 0.00893053 0.00816108 0.00870022 0.00841187 0.00843184 0.00868687 0.00858717 0.00848836 0.00919102 0.0102501 
0.0125124 0.983135 0.00926721 0.00389748 0 0.00388973 0.0120842 0.084818 0.0675495 0.0109068 0.00907151 0.0137967 0.00834848 0.0155904 0.00843341 0.00972905 0.010803 0.0340219 0.0104669 0.0139478 0.0108563 0.0133632 0.0130994 0.00875646 0.0100884 0.00850133 0.00954836 0.0125784 0.0105003 0.00943558 0.0148521 0.00830817 0.00963734 0.00863446 0.00932952 0.00830528 0.0083786 0.00928967 0.0081958 0.00854677 0.00815283 0.0079909 0.00921273 0.0083565 0.00987408 0.00851303 0.00834784 0.00850933 0.00905352 0.00834209 0.00822168 0.00829397 0.0104916 0.00822977 0.00851718 0.00842403 0.00840835 0.0087763 0.00856756 0.00881319 0.00851942 0.00859317 0.00813356 
0.94945 0.00956124 0.0104281 0.00574692 0.00388973 0 0.0750884 0.0178638 0.00990098 0.0123974 0.0388186 0.00825235 0.00944812 0.00813464 0.0140702 0.0267824 0.0328595 0.0110415 0.0137135 0.0100951 0.0202773 0.0116379 0.00922754 0.0101236 0.00842296 0.00957664 0.0196699 0.00970279 0.00987235 0.0109772 0.00867552 0.0108103 0.0103941 0.00941388 0.00844154 0.00931021 0.00905094 0.00816181 0.00978688 0.00815581 0.0081848 0.00832483 0.00921337 0.00972859 0.0083128 0.00894443 0.0083197 0.0121113 0.00815013 0.00838034 0.0083957 0.0179604 0.00818487 0.00898517 0.00814952 0.00854554 0.00867551 0.00836078 0.00857129 0.00851153 0.00869814 0.00878882 0.00886391 
0.0158687 0.00966345 0.0183395 0.0101605 0.0120842 0.0750884 0 0.00389771 0.00382408 0.00415839 0.00997854 0.00897375 0.00878587 0.0184828 0.100459 0.0196872 0.0227876 0.0107848 0.0121075 0.0317055 0.0145554 0.0132881 0.0110196 0.00977846 0.00971404 0.0122572 0.0121931 0.01149 0.0114437 0.0120383 0.0107617 0.0149363 0.00844658 0.00853533 0.00850911 0.00904846 0.00878497 0.00877611 0.00848061 0.00813031 0.00835935 0.00899763 0.00849954 0.00886369 0.00857291 0.00916659 0.00952208 0.00886994 0.0082175 0.00869283 0.00950362 0.00898821 0.00811663 0.00855038 0.00821313 0.00874524 0.00873032 0.00855588 0.00866496 0.00866369 0.00859436 0.00868193 0.00976367 
0.0114533 0.0180363 0.0114276 0.0179761 0.084818 0.0178638 0.00389771 0 0.00379044 0.00380724 0.00810855 0.0149956 0.0240246 0.0930436 0.00888318 0.0103291 0.0196774 0.0371166 0.0150078 0.0122327 0.0137994 0.032342 0.0306574 0.0137857 0.0105255 0.00897562 0.0107327 0.0237021 0.0312592 0.027934 0.0170103 0.00916293 0.00882464 0.00901387 0.0123804 0.0101533 0.0134134 0.0105287 0.00905334 0.00871106 0.00851125 0.00796551 0.00845382 0.00942217 0.0184446 0.00975169 0.00850203 0.00850542 0.00947305 0.00890543 0.00832811 0.00851366 0.00954335 0.00927011 0.00971237 0.0103451 0.0101094 0.0105089 0.0105979 0.0114047 0.0104213 0.00994405 0.00869585 
0.0152594 0.0283558 0.0147035 0.0569126 0.0675495 0.00990098 0.00382408 0.00379044 0 0.00385132 0.0090254 0.0201523 0.0707325 0.022628 0.0145413 0.0102566 0.0149326 0.0452638 0.0664406 0.0148875 0.0143438 0.0399786 0.0330797 0.0206649 0.0129769 0.00931791 0.0110397 0.0248492 0.039587 0.0416131 0.0246851 0.0111875 0.00873766 0.0110266 0.0106022 0.0138923 0.0127519 0.0116121 0.0100361 0.00892235 0.0092816 0.00823046 0.00829278 0.01213 0.0110813 0.019007 0.00855313 0.00891511 0.00969796 0.0111202 0.00864302 0.0101476 0.00931376 0.0122857 0.0108357 0.0150677 0.0140337 0.014711 0.0137345 0.0153197 0.0143603 0.011859 0.0103112 
0.037471 0.0109245 0.0214201 0.124864 0.0109068 0.0123974 0.00415839 0.00380724 0.00385132 0 0.139009 0.0112199 0.0110471 0.0103716 0.0201765 0.0222362 0.0227149 0.014428 0.0137286 0.032336 0.0231081 0.0142562 0.0147361 0.00964525 0.00956592 0.00983232 0.0162023 0.0116318 0.0139325 0.0119043 0.0125657 0.0117967 0.0116363 0.009021 0.00990343 0.00957173 0.00933423 0.0094274 0.00852616 0.00849366 0.00821588 0.00867281 0.0105212 0.00900397 0.00931922 0.00906151 0.0106171 0.0107214 0.00838295 0.00854543 0.00994805 0.00996417 0.00861098 0.00852775 0.00867421 0.00895836 0.00956946 0.0091281 0.00913626 0.00936651 0.00915029 0.00943665 0.00965331 
0.0144235 0.00913575 0.0357443 0.0162305 0.00907151 0.0388186 0.00997854 0.00810855 0.0090254 0.139009 0 0.00379417 0.00379451 0.00379376 0.0045581 0.00629053 0.00879879 0.00768263 0.0197162 0.0213012 0.0125911 0.0137147 0.0101041 0.0133256 0.00898948 0.0259939 0.015167 0.0103427 0.0113549 0.0125554 0.0100018 0.0394622 0.00869463 0.0094338 0.00856175 0.0109489 0.00979116 0.00875946 0.0124462 0.00832931 0.00986583 0.0115647 0.00825058 0.0112044 0.00858963 0.0142017 0.0104575 0.00957253 0.00823101 0.0108126 0.0111068 0.012601 0.00808872 0.0113173 0.00826518 0.00975449 0.00888291 0.0089673 0.00929091 0.00909692 0.00918493 0.0101782 0.0127453 
0.00868437 0.0110112 0.00868756 0.0083906 0.0137967 0.00825235 0.00897375 0.0149956 0.0201523 0.0112199 0.00379417 0 0.00377554 0.00382501 0.00376258 0.00377732 0.00701625 0.0096117 0.00912118 0.0222117 0.00915455 0.0102386 0.0132212 0.00868831 0.0121908 0.00859074 0.0088635 0.0107109 0.0116491 0.00991581 0.0137083 0.00842209 0.00862798 0.00829734 0.00990169 0.00872868 0.00880459 0.00990555 0.00831486 0.00904698 0.00822422 0.00819902 0.00847676 0.0082029 0.011806 0.00843358 0.00860671 0.00798795 0.00857295 0.00822225 0.00844727 0.00790833 0.00905824 0.00818883 0.00906901 0.00866969 0.00868621 0.00885591 0.00857505 0.00906562 0.00844369 0.00875529 0.00836599 
0.00936363 0.00861977 0.00893052 0.00946474 0.00834848 0.00944812 0.00878587 0.0240246 0.0707325 0.0110471 0.00379451 0.00377554 0 0.00378276 0.0037762 0.00395819 0.00926221 0.0104929 0.0248191 0.00890299 0.00905503 0.0133864 0.0105737 0.0172336 0.0085425 0.0083807 0.00952531 0.0103646 0.0160542 0.020888 0.0090837 0.00881794 0.0083055 0.0090264 0.00889802 0.0106349 0.0104275 0.00867939 0.0111131 0.0083911 0.00827309 0.00797822 0.00796174 0.011138 0.00891568 0.00968309 0.00823845 0.00830295 0.00821422 0.00869589 0.00818343 0.00883063 0.00801776 0.012752 0.00873519 0.0104791 0.00940162 0.0097465 0.0103922 0.0101248 0.00968971 0.00860738 0.00852351 
0.00919998 0.0128477 0.00849301 0.00926597 0.0155904 0.00813464 0.0184828 0.0930436 0.022628 0.0103716 0.00379376 0.00382501 0.00378276 0 0.00376496 0.00376851 0.0081816 0.0392293 0.0122063 0.0130396 0.00980648 0.0107207 0.0155239 0.00843566 0.00975131 0.00825244 0.00897433 0.0122435 0.0107536 0.0093739 0.012325 0.00830124 0.00935539 0.0084904 0.00997433 0.00856952 0.00857876 0.0105317 0.00831145 0.0087586 0.00809856 0.00796488 0.00879422 0.00835233 0.0111724 0.00829182 0.0084129 0.00832709 0.00884453 0.00808581 0.00828487 0.00794367 0.010361 0.00800697 0.00868957 0.00837548 0.00833933 0.00848563 0.00826283 0.00869509 0.0084302 0.00880548 0.00817397 
0.0183701 0.00871837 0.0117486 0.0214375 0.00843341 0.0140702 0.100459 0.00888318 0.0145413 0.0201765 0.0045581 0.00376258 0.0037762 0.00376496 0 0.00586894 0.0341966 0.00920793 0.0217341 0.00881899 0.0131088 0.0118851 0.00968142 0.0113882 0.00832159 0.00951878 0.0157613 0.00973276 0.0115192 0.0131124 0.00889538 0.0142654 0.00878755 0.00950591 0.00862732 0.0101973 0.00953654 0.00851641 0.0114366 0.00828453 0.00830388 0.00834573 0.00816086 0.0107786 0.00851442 0.00980044 0.00831837 0.0102886 0.00811616 0.00910291 0.00851619 0.0146334 0.00799763 0.0108369 0.00849453 0.00888896 0.00890157 0.00872374 0.0093435 0.00886382 0.00906355 0.00851499 0.00941973 
0.0342994 0.00953058 0.0146566 0.0347887 0.00972905 0.0267824 0.0196872 0.0103291 0.0102566 0.0222362 0.00629053 0.00377732 0.00395819 0.00376851 0.00586894 0 0.0451275 0.0142361 0.0136741 0.0157401 0.0197793 0.014119 0.00945688 0.00981871 0.00890336 0.0115544 0.0275111 0.0108786 0.0101673 0.0100085 0.0102457 0.0196015 0.0145876 0.0109503 0.0088925 0.011057 0.0088744 0.00845806 0.0116706 0.0083576 0.00838335 0.00964929 0.0125018 0.0117231 0.00869721 0.00941102 0.0089969 0.0157985 0.00830247 0.00876411 0.0107251 0.0295979 0.0086414 0.0093108 0.00819153 0.00856495 0.0084728 0.00842401 0.00843093 0.00854575 0.00844268 0.00856351 0.00997015 
0.0197145 0.0103318 0.0231754 0.026924 0.010803 0.0328595 0.0227876 0.0196774 0.0149326 0.0227149 0.00879879 0.00701625 0.00926221 0.0081816 0.0341966 0.0451275 0 0.00383195 0.00384685 0.0041952 0.0869239 0.0429903 0.0170992 0.0458094 0.0106501 0.0403483 0.0430465 0.0269427 0.020005 0.0216473 0.0141561 0.0307987 0.0121094 0.0159913 0.010683 0.0158342 0.0125816 0.0121926 0.013476 0.0093793 0.0106073 0.0124735 0.012932 0.0250578 0.011716 0.0150909 0.013847 0.0155453 0.0103603 0.0114734 0.0141169 0.0207875 0.00946373 0.0132954 0.0101256 0.0121014 0.0113855 0.0112524 0.0127652 0.0118964 0.0109905 0.0111429 0.017224 
0.00941367 0.0216207 0.0106437 0.0104801 0.0340219 0.0110415 0.0107848 0.0371166 0.0452638 0.014428 0.00768263 0.0096117 0.0104929 0.0392293 0.00920793 0.0142361 0.00383195 0 0.00379764 0.00390481 0.0374752 0.067898 0.131693 0.0130769 0.0308909 0.0108672 0.0133698 0.0518407 0.0290043 0.0252071 0.0385567 0.0107754 0.0103138 0.0107196 0.0200589 0.0116985 0.015317 0.0184309 0.00952021 0.0124733 0.00991881 0.0096768 0.0100767 0.0108071 0.0458148 0.012301 0.0122628 0.00920688 0.0175595 0.0112767 0.0119006 0.00867051 0.0190504 0.00981383 0.0173063 0.0138811 0.0142863 0.0169456 0.0160029 0.0198101 0.0146819 0.0183506 0.010792 
0.0133146 0.00972226 0.0103536 0.0165156 0.0104669 0.0137135 0.0121075 0.0150078 0.0664406 0.0137286 0.0197162 0.00912118 0.0248191 0.0122063 0.0217341 0.0136741 0.00384685 0.00379764 0 0.00378293 0.0196964 0.126159 0.0225216 0.0643605 0.0119401 0.0108824 0.0155583 0.0187139 0.0382315 0.0346135 0.0172991 0.0160429 0.0090973 0.0195706 0.00963966 0.0168574 0.0131472 0.00945525 0.0197692 0.00876003 0.01118 0.00842905 0.00872275 0.0346481 0.00952475 0.0405392 0.00863925 0.0109859 0.00992367 0.0176686 0.00878848 0.0152825 0.0090218 0.026223 0.00998832 0.0154885 0.0135072 0.0138269 0.0185345 0.0147963 0.0202333 0.013202 0.0109037 
0.017977 0.0111548 0.0109538 0.0180269 0.0139478 0.0100951 0.0317055 0.0122327 0.0148875 0.032336 0.0213012 0.0222117 0.00890299 0.0130396 0.00881899 0.0157401 0.0041952 0.00390481 0.00378293 0 0.0993128 0.0238365 0.0503936 0.0152417 0.0263085 0.019227 0.0183938 0.0184694 0.0160524 0.0125318 0.0210882 0.0118881 0.0323224 0.0100372 0.0148664 0.0111069 0.0102418 0.0130321 0.0089159 0.0107411 0.00858118 0.0106781 0.0345878 0.00953053 0.0155957 0.00917383 0.0178829 0.0138746 0.0115407 0.00916445 0.0135435 0.0120665 0.0150352 0.00874734 0.011854 0.0102747 0.0106333 0.0121184 0.0104862 0.0122845 0.0110643 0.0101689 0.0107803 
0.0107023 0.00992877 0.01597 0.0136495 0.0108563 0.0202773 0.0145554 0.0137994 0.0143438 0.0231081 0.0125911 0.00915455 0.00905503 0.00980648 0.0131088 0.0197793 0.0869239 0.0374752 0.0196964 0.0993128 0 0.00395682 0.00382885 0.00378647 0.00410113 0.00500865 0.0350116 0.0119756 0.0131602 0.0156043 0.0386424 0.132485 0.018032 0.0119667 0.011935 0.0125716 0.012266 0.0125919 0.011807 0.00986209 0.0111534 0.0177108 0.0170888 0.0152154 0.0123745 0.014817 0.0201652 0.0223092 0.0111248 0.0138648 0.0184108 0.0176955 0.0103841 0.0116364 0.0115635 0.0125735 0.0138277 0.0132137 0.014414 0.0136023 0.0117586 0.0157237 0.0255568 
0.0100042 0.010628 0.0103545 0.0137732 0.0133632 0.0116379 0.0132881 0.032342 0.0399786 0.0142562 0.0137147 0.0102386 0.0133864 0.0107207 0.0118851 0.014119 0.0429903 0.067898 0.126159 0.0238365 0.00395682 0 0.00381112 0.00378848 0.00386694 0.00393943 0.0160067 0.0285033 0.0226645 0.0774297 0.103018 0.0284023 0.00958773 0.0207252 0.0130741 0.0159625 0.0201575 0.012991 0.0151135 0.0102559 0.0140482 0.00986626 0.0117836 0.0433263 0.0173419 0.031412 0.0106885 0.0155335 0.0205999 0.0233443 0.0110308 0.0154491 0.0152444 0.0247444 0.0220582 0.0401148 0.0293555 0.0317756 0.0409776 0.0377775 0.0360438 0.0250726 0.0199468 
0.00923061 0.00965052 0.00898395 0.0102895 0.0130994 0.00922754 0.0110196 0.0306574 0.0330797 0.0147361 0.0101041 0.0132212 0.0105737 0.0155239 0.00968142 0.00945688 0.0170992 0.131693 0.0225216 0.0503936 0.00382885 0.00381112 0 0.00375564 0.00376104 0.0037643 0.0124136 0.0223289 0.0943323 0.10794 0.0874551 0.010205 0.0112151 0.0102417 0.0280593 0.0151957 0.014968 0.0286759 0.0110002 0.0196594 0.00985897 0.0137297 0.0111353 0.0120318 0.0783529 0.0143891 0.0119937 0.0108742 0.0304623 0.0142695 0.0109147 0.00994802 0.0301803 0.0191619 0.0561637 0.0333259 0.0397442 0.0507804 0.0464933 0.070263 0.0509281 0.0276099 0.0154808 
0.00978712 0.00859261 0.00899227 0.0111862 0.00875646 0.0101236 0.00977846 0.0137857 0.0206649 0.00964525 0.0133256 0.00868831 0.0172336 0.00843566 0.0113882 0.00981871 0.0458094 0.0130769 0.0643605 0.0152417 0.00378647 0.00378848 0.00375564 0 0.00379731 0.00375196 0.0167504 0.0432174 0.055299 0.0749513 0.0095616 0.0106896 0.00793452 0.0125892 0.00967212 0.0132822 0.0143625 0.00928895 0.0223574 0.0089413 0.0183853 0.00840907 0.00863769 0.0247565 0.0105733 0.024539 0.0088429 0.0116766 0.0100083 0.0176366 0.00898692 0.0143559 0.00894809 0.0694271 0.0122957 0.0278453 0.0216767 0.0255735 0.0332111 0.0273556 0.034072 0.0134178 0.0152676 
0.00899046 0.00874722 0.00831477 0.00925533 0.0100884 0.00842296 0.00971404 0.0105255 0.0129769 0.00956592 0.00898948 0.0121908 0.0085425 0.00975131 0.00832159 0.00890336 0.0106501 0.0308909 0.0119401 0.0263085 0.00410113 0.00386694 0.00376104 0.00379731 0 0.00387683 0.0212194 0.0491206 0.0195336 0.0097199 0.012594 0.00707267 0.00940899 0.00900011 0.00986638 0.00926664 0.00877798 0.0126706 0.00841062 0.015374 0.00863225 0.00820819 0.0111501 0.00909478 0.0132413 0.00920419 0.0097333 0.00928642 0.0125744 0.00958004 0.00939659 0.00870376 0.0218471 0.00876626 0.0111679 0.0101924 0.010354 0.0112447 0.0109306 0.0131332 0.0107929 0.0121599 0.00909606 
0.0139412 0.0084145 0.00894758 0.0158716 0.00850133 0.00957664 0.0122572 0.00897562 0.00931791 0.00983232 0.0259939 0.00859074 0.0083807 0.00825244 0.00951878 0.0115544 0.0403483 0.0108672 0.0108824 0.019227 0.00500865 0.00393943 0.0037643 0.00375196 0.00387683 0 0.0965086 0.0182814 0.00971241 0.0108644 0.00718425 0.00886807 0.00963526 0.00942213 0.00840134 0.00846375 0.00867765 0.00836664 0.021823 0.0085976 0.0083045 0.00847376 0.0118129 0.0107385 0.00886507 0.0096748 0.00883413 0.0154326 0.00878257 0.00891884 0.00969554 0.0266704 0.00887331 0.00916534 0.00872958 0.00937898 0.00947307 0.00938215 0.0092632 0.00950461 0.00958598 0.00953472 0.0116005 
0.0117924 0.00931458 0.0132376 0.0126582 0.00954836 0.0196699 0.0121931 0.0107327 0.0110397 0.0162023 0.015167 0.0088635 0.00952531 0.00897433 0.0157613 0.0275111 0.0430465 0.0133698 0.0155583 0.0183938 0.0350116 0.0160067 0.0124136 0.0167504 0.0212194 0.0965086 0 0.00415657 0.0038449 0.00384411 0.00393071 0.00668781 0.00585527 0.0063009 0.00669444 0.00912934 0.0118824 0.700898 0.0272298 0.00926765 0.0166974 0.0162855 0.0122332 0.0146338 0.011348 0.0159486 0.015481 0.0289069 0.012476 0.0170432 0.0178416 0.032819 0.00998027 0.0148248 0.0105255 0.0139702 0.0142634 0.0130002 0.0163595 0.0145172 0.0135864 0.0146484 0.0326567 
0.00891377 0.0104632 0.00934636 0.00957912 0.0125784 0.00970279 0.01149 0.0237021 0.0248492 0.0116318 0.0103427 0.0107109 0.0103646 0.0122435 0.00973276 0.0108786 0.0269427 0.0518407 0.0187139 0.0184694 0.0119756 0.0285033 0.0223289 0.0432174 0.0491206 0.0182814 0.00415657 0 0.00391126 0.00379259 0.00406023 0.00394005 0.00476783 0.00622359 0.00711577 0.00901648 0.827859 0.0220064 0.00873698 0.0160003 0.013527 0.0087804 0.0105297 0.0239963 0.0192691 0.0170451 0.0117103 0.0155651 0.0370895 0.0183612 0.0120987 0.0134862 0.0326408 0.0163267 0.0305319 0.0325656 0.0375012 0.0348541 0.0392451 0.0507779 0.0357963 0.0375237 0.0196301 
0.0102284 0.00884407 0.00918206 0.0110685 0.0105003 0.00987235 0.0114437 0.0312592 0.039587 0.0139325 0.0113549 0.0116491 0.0160542 0.0107536 0.0115192 0.0101673 0.020005 0.0290043 0.0382315 0.0160524 0.0131602 0.0226645 0.0943323 0.055299 0.0195336 0.00971241 0.0038449 0.00391126 0 0.00380264 0.00383745 0.00383992 0.00420175 0.00663466 0.0102563 0.876891 0.0197393 0.0134944 0.00946057 0.0103659 0.0088803 0.0078811 0.00928823 0.0144163 0.0304979 0.0179249 0.0108805 0.0148179 0.0232647 0.0228481 0.0117343 0.0143556 0.0207051 0.0448038 0.0555344 0.0616939 0.059927 0.0887547 0.0823551 0.102252 0.0912852 0.0346778 0.0352168 
0.00970559 0.00901913 0.00916481 0.0116446 0.00943558 0.0109772 0.0120383 0.027934 0.0416131 0.0119043 0.0125554 0.00991581 0.020888 0.0093739 0.0131124 0.0100085 0.0216473 0.0252071 0.0346135 0.0125318 0.0156043 0.0774297 0.10794 0.0749513 0.0097199 0.0108644 0.00384411 0.00379259 0.00380264 0 0.00379802 0.0038117 0.00398797 0.00931873 0.858992 0.0196694 0.0121845 0.00794258 0.0134772 0.00768535 0.0088103 0.00758152 0.00845784 0.0221221 0.0134124 0.0220856 0.00952296 0.0151029 0.019561 0.0289024 0.0102627 0.0163007 0.012578 0.119042 0.0316676 0.0569517 0.0608164 0.0645297 0.0912967 0.0778646 0.10022 0.0339079 0.0287696 
0.00957558 0.00972758 0.00840293 0.0100819 0.0148521 0.00867552 0.0107617 0.0170103 0.0246851 0.0125657 0.0100018 0.0137083 0.0090837 0.012325 0.00889538 0.0102457 0.0141561 0.0385567 0.0172991 0.0210882 0.0386424 0.103018 0.0874551 0.0095616 0.012594 0.00718425 0.00393071 0.00406023 0.00383745 0.00379802 0 0.00382091 0.00666622 0.958544 0.0119419 0.00696736 0.00722793 0.0112964 0.00647779 0.00912084 0.00845672 0.00773141 0.0111595 0.0101441 0.0189609 0.0120839 0.017154 0.0115028 0.0238088 0.0160466 0.0132509 0.0101516 0.0592613 0.0106892 0.0214447 0.0188675 0.0190893 0.026358 0.0231099 0.0335575 0.0273019 0.0392896 0.0176702 
0.0154085 0.0082228 0.00916575 0.0203313 0.00830817 0.0108103 0.0149363 0.00916293 0.0111875 0.0117967 0.0394622 0.00842209 0.00881794 0.00830124 0.0142654 0.0196015 0.0307987 0.0107754 0.0160429 0.0118881 0.132485 0.0284023 0.010205 0.0106896 0.00707267 0.00886807 0.00668781 0.00394005 0.00383992 0.0038117 0.00382091 0 0.992962 0.0101735 0.00526196 0.00468228 0.00636022 0.00446572 0.00771524 0.00544955 0.00634238 0.00645204 0.00938501 0.014397 0.00804668 0.0132221 0.00839902 0.0246432 0.00903889 0.0119503 0.0116098 0.0809317 0.00898501 0.0139875 0.00918735 0.0113919 0.0107504 0.0110276 0.0129052 0.0111283 0.0112227 0.011477 0.024748 
0.00857528 0.00899776 0.0103016 0.00837504 0.00963734 0.0103941 0.00844658 0.00882464 0.00873766 0.0116363 0.00869463 0.00862798 0.0083055 0.00935539 0.00878755 0.0145876 0.0121094 0.0103138 0.0090973 0.0323224 0.018032 0.00958773 0.0112151 0.00793452 0.00940899 0.00963526 0.00585527 0.00476783 0.00420175 0.00398797 0.00666622 0.992962 0 0.00384709 0.00382412 0.00381098 0.0038522 0.00425398 0.00403387 0.00457481 0.0057003 0.0100329 0.00855143 0.00634234 0.00911358 0.00765915 0.0168318 0.0104826 0.0113639 0.0100939 0.0238149 0.0101086 0.0123873 0.00853885 0.0105679 0.00903036 0.0102158 0.00989126 0.00980434 0.010108 0.00953049 0.0121315 0.0225096 
0.00849844 0.00872056 0.0090384 0.00886467 0.00863446 0.00941388 0.00853533 0.00901387 0.0110266 0.009021 0.0094338 0.00829734 0.0090264 0.0084904 0.00950591 0.0109503 0.0159913 0.0107196 0.0195706 0.0100372 0.0119667 0.0207252 0.0102417 0.0125892 0.00900011 0.00942213 0.0063009 0.00622359 0.00663466 0.00931873 0.958544 0.0101735 0.00384709 0 0.00374573 0.00380771 0.0037865 0.00382715 0.00432192 0.00393735 0.00610925 0.00462411 0.00598705 0.00894895 0.00723152 0.0136087 0.00822867 0.012897 0.0110056 0.0300232 0.0100676 0.016228 0.00886644 0.0181023 0.00927369 0.0143516 0.0118597 0.0120863 0.013969 0.0124324 0.0131594 0.0154539 0.0129747 
0.00835131 0.00854057 0.00840297 0.00849169 0.00932952 0.00844154 0.00850911 0.0123804 0.0106022 0.00990343 0.00856175 0.00990169 0.00889802 0.00997433 0.00862732 0.0088925 0.010683 0.0200589 0.00963966 0.0148664 0.011935 0.0130741 0.0280593 0.00967212 0.00986638 0.00840134 0.00669444 0.00711577 0.0102563 0.858992 0.0119419 0.00526196 0.00382412 0.00374573 0 0.00375336 0.00376543 0.00383288 0.00382702 0.00450555 0.00390847 0.00494024 0.00668483 0.00654782 0.0114972 0.00761035 0.00817393 0.00934908 0.0229616 0.0102951 0.012223 0.00887345 0.0224005 0.0100306 0.0224566 0.0151557 0.0174745 0.0227082 0.0199036 0.0253385 0.0231742 0.0135826 0.0117517 
0.00873794 0.0081745 0.00860678 0.00944373 0.00830528 0.00931021 0.00904846 0.0101533 0.0138923 0.00957173 0.0109489 0.00872868 0.0106349 0.00856952 0.0101973 0.011057 0.0158342 0.0116985 0.0168574 0.0111069 0.0125716 0.0159625 0.0151957 0.0132822 0.00926664 0.00846375 0.00912934 0.00901648 0.876891 0.0196694 0.00696736 0.00468228 0.00381098 0.00380771 0.00375336 0 0.00375067 0.00377385 0.00389566 0.00386536 0.00393882 0.00402188 0.00582142 0.00840819 0.00849929 0.00915446 0.00752399 0.0218898 0.0148942 0.0171227 0.00961273 0.0163582 0.00961825 0.029051 0.0146073 0.0216945 0.0232682 0.02226 0.0270135 0.0270292 0.0240733 0.0186236 0.0179323 
0.00855702 0.00821597 0.00847798 0.00891506 0.0083786 0.00905094 0.00878497 0.0134134 0.0127519 0.00933423 0.00979116 0.00880459 0.0104275 0.00857876 0.00953654 0.0088744 0.0125816 0.015317 0.0131472 0.0102418 0.012266 0.0201575 0.014968 0.0143625 0.00877798 0.00867765 0.0118824 0.827859 0.0197393 0.0121845 0.00722793 0.00636022 0.0038522 0.0037865 0.00376543 0.00375067 0 0.00382617 0.00376662 0.00381666 0.0039231 0.00386293 0.00531918 0.00780395 0.00767708 0.00947669 0.0189322 0.023077 0.0129745 0.012327 0.00919369 0.0113628 0.0108117 0.0196974 0.0153426 0.0227631 0.0236215 0.0239147 0.0296831 0.0266313 0.0326182 0.0145437 0.0147113 
0.0083972 0.00848899 0.00809924 0.00853123 0.00928967 0.00816181 0.00877611 0.0105287 0.0116121 0.0094274 0.00875946 0.00990555 0.00867939 0.0105317 0.00851641 0.00845806 0.0121926 0.0184309 0.00945525 0.0130321 0.0125919 0.012991 0.0286759 0.00928895 0.0126706 0.00836664 0.700898 0.0220064 0.0134944 0.00794258 0.0112964 0.00446572 0.00425398 0.00382715 0.00383288 0.00377385 0.00382617 0 0.00373332 0.00380277 0.00412825 0.00380814 0.00825164 0.0055163 0.0170908 0.0106161 0.864517 0.00878787 0.0137039 0.00921014 0.00954591 0.00897128 0.025531 0.0091468 0.0277962 0.0176793 0.0160187 0.0269771 0.0183441 0.0375608 0.0186705 0.0176444 0.0119311 
0.00880946 0.00823213 0.00859827 0.00937649 0.0081958 0.00978688 0.00848061 0.00905334 0.0100361 0.00852616 0.0124462 0.00831486 0.0111131 0.00831145 0.0114366 0.0116706 0.013476 0.00952021 0.0197692 0.0089159 0.011807 0.0151135 0.0110002 0.0223574 0.00841062 0.021823 0.0272298 0.00873698 0.00946057 0.0134772 0.00647779 0.00771524 0.00403387 0.00432192 0.00382702 0.00389566 0.00376662 0.00373332 0 0.00374922 0.00381621 0.00379004 0.00401215 0.0131442 0.00598723 0.962814 0.00674162 0.0108643 0.0082942 0.0150382 0.00849047 0.0208891 0.00833867 0.0472692 0.00931233 0.0155926 0.0155781 0.0115816 0.0243863 0.0137471 0.0180904 0.0104173 0.0140424 
0.00819353 0.00825831 0.00823748 0.00821373 0.00854677 0.00815581 0.00813031 0.00871106 0.00892235 0.00849366 0.00832931 0.00904698 0.0083911 0.0087586 0.00828453 0.0083576 0.0093793 0.0124733 0.00876003 0.0107411 0.00986209 0.0102559 0.0196594 0.0089413 0.015374 0.0085976 0.00926765 0.0160003 0.0103659 0.00768535 0.00912084 0.00544955 0.00457481 0.00393735 0.00450555 0.00386536 0.00381666 0.00380277 0.00374922 0 0.003761 0.00376553 0.0100292 0.00656877 0.981686 0.00619842 0.00639609 0.008077 0.0117632 0.00892511 0.0094021 0.00842159 0.0201452 0.00857387 0.0144287 0.0103377 0.0104548 0.016466 0.0105858 0.0148355 0.0116718 0.0114334 0.00925326 
0.00861661 0.00835538 0.00803916 0.00910909 0.00815283 0.0081848 0.00835935 0.00851125 0.0092816 0.00821588 0.00986583 0.00822422 0.00827309 0.00809856 0.00830388 0.00838335 0.0106073 0.00991881 0.01118 0.00858118 0.0111534 0.0140482 0.00985897 0.0183853 0.00863225 0.0083045 0.0166974 0.013527 0.0088803 0.0088103 0.00845672 0.00634238 0.0057003 0.00610925 0.00390847 0.00393882 0.0039231 0.00412825 0.00381621 0.003761 0 0.00416409 0.00546323 0.996715 0.00477589 0.0056255 0.00472358 0.00884949 0.00921689 0.0106492 0.00795965 0.0128619 0.0102336 0.0105694 0.00862208 0.00962469 0.0101123 0.00949556 0.0100353 0.00979313 0.0108159 0.0114156 0.0105732 
0.00961099 0.00798267 0.0081479 0.00966955 0.0079909 0.00832483 0.00899763 0.00796551 0.00823046 0.00867281 0.0115647 0.00819902 0.00797822 0.00796488 0.00834573 0.00964929 0.0124735 0.0096768 0.00842905 0.0106781 0.0177108 0.00986626 0.0137297 0.00840907 0.00820819 0.00847376 0.0162855 0.0087804 0.0078811 0.00758152 0.00773141 0.00645204 0.0100329 0.00462411 0.00494024 0.00402188 0.00386293 0.00380814 0.00379004 0.00376553 0.00416409 0 0.99905 0.00437498 0.00428022 0.00410112 0.00433333 0.0110302 0.00821517 0.00769475 0.00974968 0.0215608 0.00928433 0.00824717 0.00849421 0.00876484 0.00881086 0.00901343 0.00882 0.0089952 0.0090611 0.00933315 0.0115031 
0.00849737 0.00861404 0.00934023 0.00840767 0.00921273 0.00921337 0.00849954 0.00845382 0.00829278 0.0105212 0.00825058 0.00847676 0.00796174 0.00879422 0.00816086 0.0125018 0.012932 0.0100767 0.00872275 0.0345878 0.0170888 0.0117836 0.0111353 0.00863769 0.0111501 0.0118129 0.0122332 0.0105297 0.00928823 0.00845784 0.0111595 0.00938501 0.00855143 0.00598705 0.00668483 0.00582142 0.00531918 0.00825164 0.00401215 0.0100292 0.00546323 0.99905 0 0.00387631 0.00379775 0.00385318 0.00549651 0.00736237 0.00958578 0.00865616 0.494348 0.00906535 0.0147099 0.00817001 0.0109574 0.00875757 0.0102807 0.009993 0.00989886 0.0105694 0.00950151 0.0124591 0.0200853 
0.00856117 0.00848266 0.00862873 0.00928077 0.0083565 0.00972859 0.00886369 0.00942217 0.01213 0.00900397 0.0112044 0.0082029 0.011138 0.00835233 0.0107786 0.0117231 0.0250578 0.0108071 0.0346481 0.00953053 0.0152154 0.0433263 0.0120318 0.0247565 0.00909478 0.0107385 0.0146338 0.0239963 0.0144163 0.0221221 0.0101441 0.014397 0.00634234 0.00894895 0.00654782 0.00840819 0.00780395 0.0055163 0.0131442 0.00656877 0.996715 0.00437498 0.00387631 0 0.0037477 0.00379098 0.00411133 0.0125735 0.0081257 0.539995 0.0133382 0.0239852 0.00844186 0.0361389 0.00915596 0.0196514 0.013908 0.0148236 0.0218288 0.0155267 0.0187367 0.0215004 0.0189561 
0.00842259 0.008708 0.00827786 0.00850463 0.00987408 0.0083128 0.00857291 0.0184446 0.0110813 0.00931922 0.00858963 0.011806 0.00891568 0.0111724 0.00851442 0.00869721 0.011716 0.0458148 0.00952475 0.0155957 0.0123745 0.0173419 0.0783529 0.0105733 0.0132413 0.00886507 0.011348 0.0192691 0.0304979 0.0134124 0.0189609 0.00804668 0.00911358 0.00723152 0.0114972 0.00849929 0.00767708 0.0170908 0.00598723 0.981686 0.00477589 0.00428022 0.00379775 0.0037477 0 0.00377872 0.00388525 0.00716876 0.532694 0.0129524 0.0167085 0.008328 0.0387472 0.00898646 0.0308026 0.0133651 0.026919 0.0322938 0.0202901 0.0399748 0.0286579 0.0185035 0.0125553 
0.00902088 0.00837924 0.00845288 0.0100057 0.00851303 0.00894443 0.00916659 0.00975169 0.019007 0.00906151 0.0142017 0.00843358 0.00968309 0.00829182 0.00980044 0.00941102 0.0150909 0.012301 0.0405392 0.00917383 0.014817 0.031412 0.0143891 0.024539 0.00920419 0.0096748 0.0159486 0.0170451 0.0179249 0.0220856 0.0120839 0.0132221 0.00765915 0.0136087 0.00761035 0.00915446 0.00947669 0.0106161 0.962814 0.00619842 0.0056255 0.00410112 0.00385318 0.00379098 0.00377872 0 0.00378431 0.364254 0.0135061 0.034873 0.00871984 0.0189739 0.00885928 0.0332229 0.0100565 0.021976 0.0159452 0.0160707 0.0201606 0.0171683 0.021981 0.0268111 0.0224299 
0.0100056 0.0080253 0.00814054 0.010231 0.00834784 0.0083197 0.00952208 0.00850203 0.00855313 0.0106171 0.0104575 0.00860671 0.00823845 0.0084129 0.00831837 0.0089969 0.013847 0.0122628 0.00863925 0.0178829 0.0201652 0.0106885 0.0119937 0.0088429 0.0097333 0.00883413 0.015481 0.0117103 0.0108805 0.00952296 0.017154 0.00839902 0.0168318 0.00822867 0.00817393 0.00752399 0.0189322 0.864517 0.00674162 0.00639609 0.00472358 0.00433333 0.00549651 0.00411133 0.00388525 0.00378431 0 0.0105658 0.0086751 0.00698839 0.0186114 0.00977747 0.0138824 0.00815967 0.0130417 0.00965303 0.0108332 0.0112504 0.0100755 0.0111724 0.0102297 0.0133381 0.0185282 
0.00884791 0.00842825 0.0100043 0.00898067 0.00850933 0.0121113 0.00886994 0.00850542 0.00891511 0.0107214 0.00957253 0.00798795 0.00830295 0.00832709 0.0102886 0.0157985 0.0155453 0.00920688 0.0109859 0.0138746 0.0223092 0.0155335 0.0108742 0.0116766 0.00928642 0.0154326 0.0289069 0.0155651 0.0148179 0.0151029 0.0115028 0.0246432 0.0104826 0.012897 0.00934908 0.0218898 0.023077 0.00878787 0.0108643 0.008077 0.00884949 0.0110302 0.00736237 0.0125735 0.00716876 0.364254 0.0105658 0 0.00383112 0.00389399 0.00429256 0.00807669 0.00638654 0.0189001 0.0202334 0.0137716 0.00937888 0.00857696 0.00995162 0.00946517 0.00989583 0.0154781 0.0439995 
0.00812599 0.00857705 0.00817399 0.00819761 0.00905352 0.00815013 0.0082175 0.00947305 0.00969796 0.00838295 0.00823101 0.00857295 0.00821422 0.00884453 0.00811616 0.00830247 0.0103603 0.0175595 0.00992367 0.0115407 0.0111248 0.0205999 0.0304623 0.0100083 0.0125744 0.00878257 0.012476 0.0370895 0.0232647 0.019561 0.0238088 0.00903889 0.0113639 0.0110056 0.0229616 0.0148942 0.0129745 0.0137039 0.0082942 0.0117632 0.00921689 0.00821517 0.00958578 0.0081257 0.532694 0.0135061 0.0086751 0.00383112 0 0.00378684 0.0037964 0.00551563 0.0428417 0.0123753 0.0171333 0.0106818 0.00980064 0.0114652 0.0106698 0.0129431 0.0152927 0.0266485 0.0122914 
0.00899984 0.00819785 0.00820355 0.00948026 0.00834209 0.00838034 0.00869283 0.00890543 0.0111202 0.00854543 0.0108126 0.00822225 0.00869589 0.00808581 0.00910291 0.00876411 0.0114734 0.0112767 0.0176686 0.00916445 0.0138648 0.0233443 0.0142695 0.0176366 0.00958004 0.00891884 0.0170432 0.0183612 0.0228481 0.0289024 0.0160466 0.0119503 0.0100939 0.0300232 0.0102951 0.0171227 0.012327 0.00921014 0.0150382 0.00892511 0.0106492 0.00769475 0.00865616 0.539995 0.0129524 0.034873 0.00698839 0.00389399 0.00378684 0 0.00386205 0.0441661 0.0163765 0.0235296 0.00811986 0.0102165 0.0097442 0.00933382 0.0123165 0.0113379 0.0158672 0.020815 0.0204089 
0.0100164 0.00810389 0.00854611 0.0103463 0.00822168 0.0083957 0.00950362 0.00832811 0.00864302 0.00994805 0.0111068 0.00844727 0.00818343 0.00828487 0.00851619 0.0107251 0.0141169 0.0119006 0.00878848 0.0135435 0.0184108 0.0110308 0.0109147 0.00898692 0.00939659 0.00969554 0.0178416 0.0120987 0.0117343 0.0102627 0.0132509 0.0116098 0.0238149 0.0100676 0.012223 0.00961273 0.00919369 0.00954591 0.00849047 0.0094021 0.00795965 0.00974968 0.494348 0.0133382 0.0167085 0.00871984 0.0186114 0.00429256 0.0037964 0.00386205 0 0.0238222 0.0161699 0.00547486 0.0065068 0.00729839 0.00744719 0.00842945 0.00845291 0.0106706 0.00948088 0.0115382 0.0225735 
0.0103641 0.00835898 0.0111398 0.0114307 0.00829397 0.0179604 0.00898821 0.00851366 0.0101476 0.00996417 0.012601 0.00790833 0.00883063 0.00794367 0.0146334 0.0295979 0.0207875 0.00867051 0.0152825 0.0120665 0.0176955 0.0154491 0.00994802 0.0143559 0.00870376 0.0266704 0.032819 0.0134862 0.0143556 0.0163007 0.0101516 0.0809317 0.0101086 0.016228 0.00887345 0.0163582 0.0113628 0.00897128 0.0208891 0.00842159 0.0128619 0.0215608 0.00906535 0.0239852 0.008328 0.0189739 0.00977747 0.00807669 0.00551563 0.0441661 0.0238222 0 0.00376167 0.00397883 0.00376941 0.00387565 0.00394742 0.00416796 0.00560348 0.00521954 0.00693868 0.00926248 0.0453997 
0.00811534 0.00889512 0.00834135 0.00811979 0.0104916 0.00818487 0.00811663 0.00954335 0.00931376 0.00861098 0.00808872 0.00905824 0.00801776 0.010361 0.00799763 0.0086414 0.00946373 0.0190504 0.0090218 0.0150352 0.0103841 0.0152444 0.0301803 0.00894809 0.0218471 0.00887331 0.00998027 0.0326408 0.0207051 0.012578 0.0592613 0.00898501 0.0123873 0.00886644 0.0224005 0.00961825 0.0108117 0.025531 0.00833867 0.0201452 0.0102336 0.00928433 0.0147099 0.00844186 0.0387472 0.00885928 0.0138824 0.00638654 0.0428417 0.0163765 0.0161699 0.00376167 0 0.00375679 0.00378681 0.00382718 0.00388353 0.00402967 0.00396211 0.00503117 0.0057307 0.0251938 0.00886699 
0.00838796 0.00818651 0.0082524 0.00893053 0.00822977 0.00898517 0.00855038 0.00927011 0.0122857 0.00852775 0.0113173 0.00818883 0.012752 0.00800697 0.0108369 0.0093108 0.0132954 0.00981383 0.026223 0.00874734 0.0116364 0.0247444 0.0191619 0.0694271 0.00876626 0.00916534 0.0148248 0.0163267 0.0448038 0.119042 0.0106892 0.0139875 0.00853885 0.0181023 0.0100306 0.029051 0.0196974 0.0091468 0.0472692 0.00857387 0.0105694 0.00824717 0.00817001 0.0361389 0.00898646 0.0332229 0.00815967 0.0189001 0.0123753 0.0235296 0.00547486 0.00397883 0.00375679 0 0.00375659 0.00376664 0.0038335 0.00400381 0.00415672 0.00441406 0.0115893 0.00730506 0.00859295 
0.00815733 0.00823696 0.00809761 0.00816108 0.00851718 0.00814952 0.00821313 0.00971237 0.0108357 0.00867421 0.00826518 0.00906901 0.00873519 0.00868957 0.00849453 0.00819153 0.0101256 0.0173063 0.00998832 0.011854 0.0115635 0.0220582 0.0561637 0.0122957 0.0111679 0.00872958 0.0105255 0.0305319 0.0555344 0.0316676 0.0214447 0.00918735 0.0105679 0.00927369 0.0224566 0.0146073 0.0153426 0.0277962 0.00931233 0.0144287 0.00862208 0.00849421 0.0109574 0.00915596 0.0308026 0.0100565 0.0130417 0.0202334 0.0171333 0.00811986 0.0065068 0.00376941 0.00378681 0.00375659 0 0.00375071 0.00376603 0.00379657 0.0038587 0.00940591 0.00419886 0.00518549 0.00714966 
0.00835712 0.00828986 0.00816111 0.00870022 0.00842403 0.00854554 0.00874524 0.0103451 0.0150677 0.00895836 0.00975449 0.00866969 0.0104791 0.00837548 0.00888896 0.00856495 0.0121014 0.0138811 0.0154885 0.0102747 0.0125735 0.0401148 0.0333259 0.0278453 0.0101924 0.00937898 0.0139702 0.0325656 0.0616939 0.0569517 0.0188675 0.0113919 0.00903036 0.0143516 0.0151557 0.0216945 0.0227631 0.0176793 0.0155926 0.0103377 0.00962469 0.00876484 0.00875757 0.0196514 0.0133651 0.021976 0.00965303 0.0137716 0.0106818 0.0102165 0.00729839 0.00387565 0.00382718 0.00376664 0.00375071 0 0.00374988 0.00378767 0.00384401 0.00385326 0.00457543 0.00447527 0.00799301 
0.00828396 0.00828467 0.0081722 0.00841187 0.00840835 0.00867551 0.00873032 0.0101094 0.0140337 0.00956946 0.00888291 0.00868621 0.00940162 0.00833933 0.00890157 0.0084728 0.0113855 0.0142863 0.0135072 0.0106333 0.0138277 0.0293555 0.0397442 0.0216767 0.010354 0.00947307 0.0142634 0.0375012 0.059927 0.0608164 0.0190893 0.0107504 0.0102158 0.0118597 0.0174745 0.0232682 0.0236215 0.0160187 0.0155781 0.0104548 0.0101123 0.00881086 0.0102807 0.013908 0.026919 0.0159452 0.0108332 0.00937888 0.00980064 0.0097442 0.00744719 0.00394742 0.00388353 0.0038335 0.00376603 0.00374988 0 0.00376659 0.00381758 0.00375403 0.00400797 0.00408678 0.00582418 
0.00827795 0.00831206 0.00821256 0.00843184 0.0087763 0.00836078 0.00855588 0.0105089 0.014711 0.0091281 0.0089673 0.00885591 0.0097465 0.00848563 0.00872374 0.00842401 0.0112524 0.0169456 0.0138269 0.0121184 0.0132137 0.0317756 0.0507804 0.0255735 0.0112447 0.00938215 0.0130002 0.0348541 0.0887547 0.0645297 0.026358 0.0110276 0.00989126 0.0120863 0.0227082 0.02226 0.0239147 0.0269771 0.0115816 0.016466 0.00949556 0.00901343 0.009993 0.0148236 0.0322938 0.0160707 0.0112504 0.00857696 0.0114652 0.00933382 0.00842945 0.00416796 0.00402967 0.00400381 0.00379657 0.00378767 0.00376659 0 0.00376988 0.0037801 0.00385366 0.00378004 0.00503982 
0.00837433 0.00829797 0.00822731 0.00868687 0.00856756 0.00857129 0.00866496 0.0105979 0.0137345 0.00913626 0.00929091 0.00857505 0.0103922 0.00826283 0.0093435 0.00843093 0.0127652 0.0160029 0.0185345 0.0104862 0.014414 0.0409776 0.0464933 0.0332111 0.0109306 0.0092632 0.0163595 0.0392451 0.0823551 0.0912967 0.0231099 0.0129052 0.00980434 0.013969 0.0199036 0.0270135 0.0296831 0.0183441 0.0243863 0.0105858 0.0100353 0.00882 0.00989886 0.0218288 0.0202901 0.0201606 0.0100755 0.00995162 0.0106698 0.0123165 0.00845291 0.00560348 0.00396211 0.00415672 0.0038587 0.00384401 0.00381758 0.00376988 0 0.00379767 0.00386181 0.00384851 0.00419045 
0.00836992 0.00842242 0.00826794 0.00858717 0.00881319 0.00851153 0.00866369 0.0114047 0.0153197 0.00936651 0.00909692 0.00906562 0.0101248 0.00869509 0.00886382 0.00854575 0.0118964 0.0198101 0.0147963 0.0122845 0.0136023 0.0377775 0.070263 0.0273556 0.0131332 0.00950461 0.0145172 0.0507779 0.102252 0.0778646 0.0335575 0.0111283 0.010108 0.0124324 0.0253385 0.0270292 0.0266313 0.0375608 0.0137471 0.0148355 0.00979313 0.0089952 0.0105694 0.0155267 0.0399748 0.0171683 0.0111724 0.00946517 0.0129431 0.0113379 0.0106706 0.00521954 0.00503117 0.00441406 0.00940591 0.00385326 0.00375403 0.0037801 0.00379767 0 0.00380335 0.00381267 0.00389861 
