1K20B
SKILVFGHQNPDSDAIGSSYAFAYLAREAYGLDTEAVALGEPNEETAFVLDYFGVAAPRVITSAKAEGAEQVILTDHNEFQQSVADIAEVEVYGVVDHHRVANFETANPLYMRLEPVGSASSIVYRMFKEHSVAVSKEIAGLMLSGLISDTLLLKSPTTHPTDKAIAPELAELAGVNLEEYGLAMLKAGTNLASKSAEELIDIDAKTFELNGNNVRVAQVNTVDIAEVLERQAEIEAAIEKAIADNGYSDFVLMITDIINSNSEILAIGSNMDKVEAAFNFVLENNHAFLAGAVSRKKQVVPQLTESFNA
CCEEEECCCCCCHHHHHHHHHHHHHHHHHHCCCEEECECCCCCHHHHHHHHHHCCCCCCECCCCCCCCCCEEEEECCCCHHHCCCCHHHCEEEEEEECCCCCCCCCCCCCEEEECCCCCHHHHHHHHHHHCCCCCCHHHHHHHHHHHHHHHCCCCCCCCCHHHHHHHHHHHHHHCCCHHHHHHHHHHCCCCHHHCCHHHHCCCCEEEEEECCEEEEEEEEEECCHHHHHCCHHHHHHHHHHHHHHHCCCEEEEEEEECCCCEEEEEEEECCHHHHHHHHCCCCECCEEEECCCCCHHHHCHHHHHHHHHC
0 0 0 0 0 0 0 0 0 0 0 0 0 0 0 0 0 0 0 0 0 0 0 0 0 0 0 0 0 0 0 0 0 0 0 0 0 0 0 0 0 0 0 0 0 0 0 0 0 0 0 0 0 0 0 0 0 0 0 0 0 0 0 0 0 0 0 0 0 0 0 0 0 0 0 0 0 0 0 0 0 0 0 0 0 0 0 0 0 0 0 0 0 0 0 0 0 0 0 0 0 0 0 0 0 0 0 0 0 0 0 0 0 0 0 0 0 0 0 0 0 0 0 0 0 0 0 0 0 0 0 0 0 0 0 0 0 0 0 0 0 0 0 0 0 0 0 0 0 0 0 0 0 0 0 0 0 0 0 0 0 0 0 0 0 0 0 0 0 0 0 0 0 0 0 0 0 0 0 0 0 0 0 0 0 0 0 0 0 0 0 0 0 0 0 0 0 0 0 0 0 0 0 0 0 0 0 0 0 0 0 0 0 0 0 0 0 0 0 0 0 0 0 0 0 0 0 0 0 0 0 0 0 0 0 0 0 0 0 0 0 0 0 0 0 0 0 0 0 0 0 0 0 0 0 0 0 0 0 0 0 0 0 0 0 0 0 0 0 0 0 0 0 0 0 0 0 0 0 0 0 0 0 0 0 0 0 0 0 0 0 0 0 0 0 0 0 0 0 0 0 0 0 0 0 0 0 0 0 0 
0 0 0 0 0 0 0 0 0 0 0 0 0 0 0 0 0 0 0 0 0 0 0 0 0 0 0 0 0 0 0 0 0 0 0 0 0 0 0 0 0 0 0 0 0 0 0 0 0 0 0 0 0 0 0 0 0 0 0 0 0 0 0 0 0 0 0 0 0 0 0 0 0 0 0 0 0 0 0 0 0 0 0 0 0 0 0 0 0 0 0 0 0 0 0 0 0 0 0 0 0 0 0 0 0 0 0 0 0 0 0 0 0 0 0 0 0 0 0 0 0 0 0 0 0 0 0 0 0 0 0 0 0 0 0 0 0 0 0 0 0 0 0 0 0 0 0 0 0 0 0 0 0 0 0 0 0 0 0 0 0 0 0 0 0 0 0 0 0 0 0 0 0 0 0 0 0 0 0 0 0 0 0 0 0 0 0 0 0 0 0 0 0 0 0 0 0 0 0 0 0 0 0 0 0 0 0 0 0 0 0 0 0 0 0 0 0 0 0 0 0 0 0 0 0 0 0 0 0 0 0 0 0 0 0 0 0 0 0 0 0 0 0 0 0 0 0 0 0 0 0 0 0 0 0 0 0 0 0 0 0 0 0 0 0 0 0 0 0 0 0 0 0 0 0 0 0 0 0 0 0 0 0 0 0 0 0 0 0 0 0 0 0 0 0 0 0 0 0 0 0 0 0 0 0 0 0 0 0 0 
0 0.00405339 0.0040877 0.00476659 0.478381 0.0191476 0.0408242 0.023491 0.0234962 0.0234747 0.0262863 0.0149125 0.0133241 0.0214392 0.0102869 0.0117186 0.00904335 0.0117816 0.0104226 0.0100046 0.0113868 0.00940743 0.00982359 0.00904753 0.0122029 0.00869759 0.0083336 0.00836734 0.00840575 0.00832865 0.00946513 0.00837534 0.00804632 0.00830893 0.00832961 0.00849669 0.00838612 0.00844773 0.00858831 0.00849675 0.00928201 0.00856824 0.0084995 0.00861941 0.00875025 0.00877658 0.00861893 0.00861283 0.00909481 0.00836194 0.00840746 0.00846978 0.00871913 0.00874487 0.00867835 0.00888198 0.00894824 0.00954729 0.00851169 0.00851883 0.00870859 0.00990418 
0.00405339 0 0.00387563 0.00380981 0.106248 0.46825 0.027237 0.0164074 0.0112107 0.0142496 0.0770063 0.0733804 0.0499313 0.0132981 0.00983718 0.0147505 0.0166057 0.0219932 0.0291511 0.0195696 0.0102306 0.00959703 0.0115223 0.0112849 0.00963877 0.00832796 0.00866544 0.00857425 0.0086572 0.00844199 0.00816303 0.00810478 0.00832575 0.00856963 0.00871964 0.00876732 0.00880196 0.00876901 0.00876477 0.00843432 0.00842691 0.00841177 0.00881111 0.00877262 0.00899494 0.00883204 0.00889713 0.00869058 0.00857753 0.00817528 0.00851756 0.0087103 0.00878147 0.00880047 0.00877908 0.00864043 0.00843514 0.0084507 0.0083878 0.00861891 0.00873566 0.00875578 
0.0040877 0.00387563 0 0.00388518 0.028623 0.133568 0.238539 0.0274994 0.0110006 0.0112289 0.0225184 0.072591 0.152704 0.0275265 0.0092994 0.0118914 0.0157727 0.024592 0.0282267 0.0423759 0.0134672 0.00992911 0.0114863 0.0125471 0.00973046 0.00833872 0.00860366 0.00878939 0.00873966 0.00824944 0.00802432 0.00806584 0.00837423 0.00858064 0.0087565 0.00907475 0.00880401 0.00900829 0.00885376 0.00837407 0.00810296 0.00845499 0.00882958 0.00899009 0.00904944 0.00912176 0.00892338 0.00880718 0.00841907 0.00815653 0.00846551 0.0086681 0.00885178 0.00899244 0.00892141 0.00866384 0.00827104 0.00833798 0.00832909 0.0085341 0.00863448 0.00874965 
0.00476659 0.00380981 0.00388518 0 0.0216492 0.0300095 0.121715 0.178014 0.0156748 0.0137646 0.0109944 0.0142532 0.0435139 0.0577654 0.0118509 0.00938407 0.00945373 0.0115981 0.0118809 0.0141697 0.0228686 0.0124943 0.00893086 0.00928909 0.0107277 0.00857156 0.00828421 0.00825551 0.00824271 0.00801678 0.00812204 0.00807167 0.00802295 0.00823431 0.00828319 0.0084644 0.0083647 0.00840424 0.0083155 0.00805858 0.00820651 0.00854965 0.00854127 0.00850257 0.00859621 0.00862533 0.00842337 0.00828578 0.00829383 0.00840485 0.00826779 0.00827548 0.00847728 0.00853473 0.00848826 0.00826795 0.00819581 0.00854566 0.00842849 0.00833517 0.00829127 0.0084035 
0.478381 0.106248 0.028623 0.0216492 0 0.00412932 0.00381429 0.00437629 0.0432426 0.0386465 0.0215077 0.0144161 0.0125973 0.0255726 0.0101651 0.0134047 0.00967965 0.0116673 0.011976 0.00997517 0.0136878 0.00915055 0.0105325 0.00895688 0.0149047 0.00839936 0.0081545 0.00813489 0.00829081 0.00802916 0.00861947 0.00795576 0.00791913 0.00810989 0.00816137 0.0082786 0.0082582 0.00821625 0.00814658 0.00809356 0.00842357 0.00817366 0.00816287 0.00827119 0.00830774 0.0083191 0.0082394 0.00814006 0.00825991 0.00805675 0.00811309 0.00816674 0.0082408 0.00826123 0.00823868 0.00814403 0.00821208 0.00876067 0.00817689 0.00815049 0.00816462 0.00874412 
0.0191476 0.46825 0.133568 0.0300095 0.00412932 0 0.00379125 0.0042127 0.0238878 0.0151124 0.0395302 0.0200211 0.0422623 0.0121146 0.0102022 0.0113499 0.00979859 0.0114897 0.0120146 0.0201115 0.0105186 0.00941009 0.0102273 0.0134488 0.00899622 0.00811895 0.0083119 0.00830083 0.00817207 0.00820274 0.00795512 0.00782023 0.00806874 0.00813632 0.00829014 0.00836524 0.0082913 0.0083131 0.00832707 0.00813905 0.00802041 0.00823946 0.00840936 0.00831712 0.00844088 0.00844658 0.00827519 0.00831541 0.00816551 0.00803211 0.00824424 0.00825538 0.00830129 0.00841875 0.00831926 0.00824448 0.00808003 0.0081093 0.00815488 0.0082727 0.00831249 0.00821556 
0.0408242 0.027237 0.238539 0.121715 0.00381429 0.00379125 0 0.00393362 0.0155646 0.0195279 0.0161283 0.037372 0.0374485 0.0385942 0.0112919 0.0127764 0.0118549 0.0167881 0.0210805 0.015078 0.0158272 0.0112386 0.0123339 0.010394 0.0111952 0.00848085 0.00852666 0.00825936 0.00853892 0.00797054 0.00817803 0.00801333 0.00799243 0.00821614 0.00822989 0.00854042 0.00852007 0.00847109 0.0085213 0.00826225 0.00827223 0.00836664 0.00827792 0.00852798 0.00861112 0.00853614 0.00856656 0.00825866 0.00820187 0.00812962 0.00811889 0.00827925 0.00845085 0.0085283 0.00845411 0.00822693 0.00807712 0.00818089 0.0082969 0.0082683 0.00818298 0.00826122 
0.023491 0.0164074 0.0274994 0.178014 0.00437629 0.0042127 0.00393362 0 0.566047 0.0152753 0.0137382 0.0155933 0.0532345 0.0522719 0.0175508 0.00984985 0.0097066 0.010992 0.0103598 0.016373 0.0189185 0.0150351 0.00919094 0.00970927 0.0133664 0.00901785 0.0081095 0.00800297 0.0079666 0.00798887 0.00820253 0.0084373 0.00805473 0.00804594 0.00811312 0.00807297 0.0080806 0.00808335 0.00802763 0.00800834 0.00937894 0.00887741 0.00822063 0.00825006 0.00830371 0.00827037 0.00821276 0.0080462 0.0082761 0.00867097 0.00807671 0.00810367 0.00822665 0.00825062 0.00818467 0.00806785 0.00827458 0.00952297 0.00860131 0.00818903 0.00809238 0.00853687 
0.0234962 0.0112107 0.0110006 0.0156748 0.0432426 0.0238878 0.0155646 0.566047 0 0.0256885 0.0110853 0.00991908 0.0130542 0.0393465 0.0205666 0.0120091 0.00973982 0.00968454 0.00966617 0.00986491 0.0127374 0.0152389 0.0100885 0.00947276 0.0123379 0.0094019 0.00798374 0.00793646 0.00791112 0.00806569 0.00843933 0.00901983 0.008089 0.00795849 0.0080985 0.00789768 0.00790671 0.00790771 0.00793584 0.0079882 0.00881379 0.00901148 0.00799055 0.00793833 0.00798764 0.00802209 0.00800689 0.00800091 0.00838096 0.00848115 0.00795859 0.00797861 0.00797474 0.00802894 0.00802765 0.00808215 0.00826497 0.0107892 0.00855459 0.0080682 0.00802601 0.008774 
0.0234747 0.0142496 0.0112289 0.0137646 0.0386465 0.0151124 0.0195279 0.0152753 0.0256885 0 0.00506721 0.00384624 0.00378315 0.00437903 0.286048 0.012239 0.0276552 0.0129058 0.0116885 0.0117012 0.0164114 0.0174463 0.00983309 0.0129177 0.0131509 0.00858176 0.00817962 0.00820128 0.00804418 0.00832268 0.00819355 0.00825801 0.00792314 0.00817768 0.00828887 0.00823438 0.00828917 0.00823199 0.0080998 0.00810187 0.0085526 0.00819841 0.00804001 0.00815852 0.00822217 0.00825518 0.00818316 0.0079771 0.00824932 0.00807784 0.00788589 0.00811621 0.00810195 0.0082324 0.00818223 0.00805858 0.00806732 0.00866541 0.00813014 0.00798448 0.00806199 0.00842104 
0.0262863 0.0770063 0.0225184 0.0109944 0.0215077 0.0395302 0.0161283 0.0137382 0.0110853 0.00506721 0 0.00377164 0.00380594 0.00386797 0.011234 0.415745 0.0234349 0.0798394 0.0255746 0.0272251 0.0107832 0.0113993 0.0651881 0.012319 0.0147382 0.00860188 0.00927409 0.00867684 0.00933248 0.00844007 0.00849291 0.00792118 0.00826947 0.00868167 0.00912863 0.00921657 0.00937572 0.00906835 0.00903848 0.00858858 0.00849348 0.00830899 0.00873029 0.00896314 0.00912071 0.00903719 0.00881109 0.00845098 0.00829363 0.00799755 0.0084093 0.00857026 0.00881887 0.00870163 0.00864139 0.00841153 0.00810381 0.00816094 0.0080448 0.00840017 0.00841194 0.00826775 
0.0149125 0.0733804 0.072591 0.0142532 0.0144161 0.0200211 0.037372 0.0155933 0.00991908 0.00384624 0.00377164 0 0.00385289 0.00378776 0.0364539 0.0193807 0.163529 0.127816 0.145945 0.0323141 0.0137712 0.017577 0.021728 0.032328 0.0105336 0.00899348 0.00947215 0.0114859 0.0100994 0.0096047 0.00828693 0.00812177 0.00840131 0.00916408 0.0117631 0.0116032 0.0112593 0.0119234 0.0107188 0.00918632 0.00849677 0.00841041 0.00947432 0.0101046 0.0100107 0.0102592 0.00953243 0.0088235 0.0083947 0.00809977 0.00856961 0.00912956 0.00927096 0.00926462 0.00935588 0.00850994 0.00823824 0.00805569 0.00821531 0.00837763 0.00862431 0.00815238 
0.0133241 0.0499313 0.152704 0.0435139 0.0125973 0.0422623 0.0374485 0.0532345 0.0130542 0.00378315 0.00380594 0.00385289 0 0.00393425 0.0130147 0.0738899 0.0278184 0.105101 0.15719 0.248303 0.0325173 0.0160734 0.0374556 0.0538543 0.0238736 0.00913883 0.0104753 0.00976116 0.00985779 0.00880912 0.00847357 0.00814555 0.00857355 0.00908214 0.0101012 0.0113854 0.0111042 0.0106231 0.0101041 0.00893668 0.00859383 0.00864894 0.0090922 0.00940269 0.00989636 0.010023 0.00947808 0.00948288 0.00843775 0.00816788 0.00849266 0.00887518 0.00897737 0.00918317 0.00892728 0.00848939 0.00822347 0.00807986 0.00823089 0.00838979 0.00839471 0.00811018 
0.0214392 0.0132981 0.0275265 0.0577654 0.0255726 0.0121146 0.0385942 0.0522719 0.0393465 0.00437903 0.00386797 0.00378776 0.00393425 0 0.0336679 0.0205123 0.02269 0.0216884 0.0620228 0.183624 0.27939 0.0227926 0.0131798 0.0190302 0.0474816 0.0108164 0.00879603 0.00862924 0.0086571 0.00833993 0.00834517 0.00939032 0.00809512 0.00848874 0.00866135 0.00893436 0.00888539 0.00869991 0.00864107 0.00831332 0.00881155 0.00902865 0.00847889 0.00841545 0.00866364 0.00866758 0.00863145 0.00825476 0.00843848 0.00852066 0.00813325 0.00814677 0.0085319 0.00835061 0.00847506 0.00816048 0.00820822 0.00848036 0.00828077 0.00811984 0.00801288 0.00817518 
0.0102869 0.00983718 0.0092994 0.0118509 0.0101651 0.0102022 0.0112919 0.0175508 0.0205666 0.286048 0.011234 0.0364539 0.0130147 0.0336679 0 0.00380313 0.00389299 0.00384268 0.00392991 0.00420626 0.00446268 0.0427894 0.00810013 0.0177612 0.0166528 0.00890943 0.00830575 0.00924981 0.00813535 0.0104922 0.00842286 0.00863417 0.00885644 0.00820645 0.0097263 0.00837659 0.00869665 0.00927286 0.00823256 0.00954315 0.00955067 0.00888187 0.00842611 0.00860569 0.00847929 0.0088794 0.00821581 0.00850044 0.00901673 0.00833155 0.00801349 0.00824709 0.00832188 0.00835692 0.00832058 0.00808667 0.00831393 0.0106509 0.00859419 0.00794671 0.00854898 0.00857412 
0.0117186 0.0147505 0.0118914 0.00938407 0.0134047 0.0113499 0.0127764 0.00984985 0.0120091 0.012239 0.415745 0.0193807 0.0738899 0.0205123 0.00380313 0 0.00376078 0.00378391 0.00383666 0.00383106 0.00397285 0.00859248 0.0619728 0.0109811 0.0212501 0.00930278 0.00912114 0.00843802 0.0121816 0.00822757 0.00941167 0.00800847 0.00800551 0.00977721 0.0085407 0.0101896 0.0103863 0.00909029 0.00994941 0.00844349 0.00856273 0.00808976 0.00907605 0.0088632 0.00916307 0.00884437 0.00898948 0.00857862 0.0081173 0.00791536 0.00852403 0.00853349 0.00881849 0.0086982 0.00857373 0.0085344 0.00812346 0.00809772 0.00800483 0.00851272 0.00824009 0.00853141 
0.00904335 0.0166057 0.0157727 0.00945373 0.00967965 0.00979859 0.0118549 0.0097066 0.00973982 0.0276552 0.0234349 0.163529 0.0278184 0.02269 0.00389299 0.00376078 0 0.00379589 0.00380624 0.00382179 0.00378459 0.0174583 0.0113104 0.022135 0.0115704 0.00892988 0.00908982 0.0119737 0.0088327 0.00975198 0.00810237 0.00798813 0.00841183 0.00868647 0.0132074 0.0104832 0.0114189 0.0117506 0.00948532 0.00896752 0.00852226 0.00840425 0.00886618 0.00958562 0.00948528 0.00991519 0.0092108 0.00864063 0.00832102 0.00799872 0.00832247 0.00893593 0.00902164 0.00900594 0.00918578 0.00843079 0.00810819 0.00801173 0.00804699 0.00820425 0.00842044 0.00803257 
0.0117816 0.0219932 0.024592 0.0115981 0.0116673 0.0114897 0.0167881 0.010992 0.00968454 0.0129058 0.0798394 0.127816 0.105101 0.0216884 0.00384268 0.00378391 0.00379589 0 0.0037675 0.00377339 0.00377884 0.0955447 0.0212212 0.035028 0.0265721 0.00906691 0.0117274 0.0118428 0.0128749 0.0094309 0.008364 0.00804263 0.00838325 0.010593 0.0121509 0.0158677 0.0152403 0.0150435 0.0122163 0.00943269 0.00877208 0.00846873 0.0096236 0.0103086 0.0114062 0.0108821 0.0102144 0.00932457 0.0084983 0.00808433 0.00877576 0.00919804 0.00954632 0.0100141 0.00936987 0.00877796 0.00822033 0.00795633 0.00809199 0.00846774 0.00849336 0.00816459 
0.0104226 0.0291511 0.0282267 0.0118809 0.011976 0.0120146 0.0210805 0.0103598 0.00966617 0.0116885 0.0255746 0.145945 0.15719 0.0620228 0.00392991 0.00383666 0.00380624 0.0037675 0 0.00376374 0.00375948 0.0138129 0.380466 0.0388499 0.0528361 0.00921251 0.0114243 0.0134987 0.011887 0.00905049 0.00822771 0.00793055 0.00838721 0.0100949 0.0128432 0.0141516 0.0143214 0.0125463 0.0123566 0.00910334 0.00858036 0.00831127 0.00925041 0.010736 0.0106334 0.0106188 0.00985359 0.00910364 0.00844046 0.00804422 0.00852841 0.00894051 0.00968462 0.00937809 0.00962685 0.00857307 0.00820337 0.00795022 0.00804965 0.00842154 0.00837874 0.0081026 
0.0100046 0.0195696 0.0423759 0.0141697 0.00997517 0.0201115 0.015078 0.016373 0.00986491 0.0117012 0.0272251 0.0323141 0.248303 0.183624 0.00420626 0.00383106 0.00382179 0.00377339 0.00376374 0 0.0039378 0.035764 0.059686 0.451122 0.032161 0.00975053 0.0115141 0.0112101 0.00990504 0.00949198 0.00836213 0.00809101 0.00840224 0.00908932 0.0100552 0.012399 0.0117145 0.0115048 0.0104252 0.00920961 0.00855144 0.00844603 0.00926339 0.00978537 0.0101904 0.00982239 0.00969556 0.00954043 0.00819868 0.00802296 0.00842104 0.00883724 0.00919532 0.00925226 0.00899654 0.00839572 0.00808405 0.00793863 0.00802345 0.00827396 0.00826024 0.00800428 
0.0113868 0.0102306 0.0134672 0.0228686 0.0136878 0.0105186 0.0158272 0.0189185 0.0127374 0.0164114 0.0107832 0.0137712 0.0325173 0.27939 0.00446268 0.00397285 0.00378459 0.00377884 0.00375948 0.0039378 0 0.0396974 0.0184588 0.0221261 0.309837 0.0102531 0.00890651 0.00878547 0.00856724 0.00831392 0.00845889 0.00831746 0.00816832 0.00838993 0.0090656 0.00915729 0.00918447 0.00904206 0.00877476 0.00862003 0.00859931 0.00866035 0.00838465 0.00857452 0.00870359 0.008583 0.00856226 0.0082992 0.00864953 0.00828308 0.00807728 0.0081744 0.00830966 0.00832213 0.00825653 0.00816395 0.00810848 0.00804477 0.00803481 0.00803551 0.00804233 0.00813602 
0.00940743 0.00959703 0.00992911 0.0124943 0.00915055 0.00941009 0.0112386 0.0150351 0.0152389 0.0174463 0.0113993 0.017577 0.0160734 0.0227926 0.0427894 0.00859248 0.0174583 0.0955447 0.0138129 0.035764 0.0396974 0 0.0037994 0.003908 0.00410443 0.016335 0.00877529 0.00932318 0.00831265 0.0102318 0.00908862 0.00806824 0.00826241 0.00810999 0.00969289 0.00869546 0.00911991 0.00981152 0.00828654 0.0092568 0.013244 0.0081533 0.00840804 0.00860437 0.00854441 0.00869254 0.00839661 0.00844284 0.00926765 0.00798158 0.00801874 0.0081958 0.00820423 0.00831393 0.00841714 0.00816895 0.00825844 0.00873328 0.00807838 0.00795206 0.00812584 0.00825869 
0.00982359 0.0115223 0.0114863 0.00893086 0.0105325 0.0102273 0.0123339 0.00919094 0.0100885 0.00983309 0.0651881 0.021728 0.0374556 0.0131798 0.00810013 0.0619728 0.0113104 0.0212212 0.380466 0.059686 0.0184588 0.0037994 0 0.00377406 0.00378508 0.0137141 0.0163461 0.0103973 0.0155146 0.00834355 0.00921743 0.0080102 0.00806045 0.0101215 0.00912349 0.0130205 0.0108819 0.010278 0.0111128 0.013483 0.0085821 0.00830436 0.0094399 0.00912579 0.00968413 0.00919542 0.00944144 0.008736 0.00812959 0.00794686 0.00849478 0.00868252 0.00908726 0.00898628 0.00879168 0.00852517 0.00811431 0.00799351 0.00790061 0.00838733 0.00835764 0.00819717 
0.00904753 0.0112849 0.0125471 0.00928909 0.00895688 0.0134488 0.010394 0.00970927 0.00947276 0.0129177 0.012319 0.032328 0.0538543 0.0190302 0.0177612 0.0109811 0.022135 0.035028 0.0388499 0.451122 0.0221261 0.003908 0.00377406 0 0.00377821 0.0114988 0.0115722 0.0157099 0.00992667 0.0162727 0.00835426 0.00803385 0.0088836 0.0083076 0.01218 0.00992375 0.0108805 0.011977 0.0203103 0.0107696 0.00833476 0.00834727 0.0088886 0.00941864 0.0092292 0.00966957 0.00889973 0.00870832 0.0083593 0.00794417 0.00831191 0.00871652 0.00885939 0.00906418 0.00920596 0.00833616 0.00812478 0.00805051 0.00798773 0.00818954 0.00838808 0.00801631 
0.0122029 0.00963877 0.00973046 0.0107277 0.0149047 0.00899622 0.0111952 0.0133664 0.0123379 0.0131509 0.0147382 0.0105336 0.0238736 0.0474816 0.0166528 0.0212501 0.0115704 0.0265721 0.0528361 0.032161 0.309837 0.00410443 0.00378508 0.00377821 0 0.0190109 0.0124197 0.0114209 0.0164864 0.0108264 0.0163793 0.00954241 0.00827794 0.00925694 0.00905178 0.00949985 0.0105907 0.0205632 0.0106508 0.00917784 0.00970602 0.00918365 0.00892362 0.00883224 0.00887642 0.00887305 0.00857777 0.0087159 0.00861136 0.0089244 0.00842585 0.00830848 0.00846471 0.00855587 0.00827445 0.00827827 0.00819165 0.00857865 0.00845334 0.00815523 0.00797401 0.00820724 
0.00869759 0.00832796 0.00833872 0.00857156 0.00839936 0.00811895 0.00848085 0.00901785 0.0094019 0.00858176 0.00860188 0.00899348 0.00913883 0.0108164 0.00890943 0.00930278 0.00892988 0.00906691 0.00921251 0.00975053 0.0102531 0.016335 0.0137141 0.0114988 0.0190109 0 0.00417617 0.00380776 0.00392557 0.00405822 0.00599254 0.00642451 0.00647284 0.00706868 0.00923931 0.042706 0.758816 0.0461133 0.0102786 0.0152151 0.0331554 0.027421 0.0159734 0.0147877 0.0131294 0.0137918 0.0114875 0.0143996 0.0253611 0.0115258 0.0107686 0.0113911 0.0118167 0.0117874 0.0109071 0.0116209 0.0150368 0.0110017 0.00901519 0.00881196 0.00959927 0.0126847 
0.0083336 0.00866544 0.00860366 0.00828421 0.0081545 0.0083119 0.00852666 0.0081095 0.00798374 0.00817962 0.00927409 0.00947215 0.0104753 0.00879603 0.00830575 0.00912114 0.00908982 0.0117274 0.0114243 0.0115141 0.00890651 0.00877529 0.0163461 0.0115722 0.0124197 0.00417617 0 0.0037994 0.00380235 0.00387096 0.00388956 0.00493854 0.00622499 0.00822369 0.0188146 0.833592 0.0291757 0.0122038 0.0129946 0.0197282 0.0118176 0.01675 0.0433135 0.0240624 0.0374467 0.0248694 0.027658 0.0234178 0.0120118 0.00948312 0.0165711 0.016817 0.0238412 0.0255035 0.0182401 0.0149568 0.00976139 0.00860051 0.00848521 0.0102531 0.0105014 0.00944527 
0.00836734 0.00857425 0.00878939 0.00825551 0.00813489 0.00830083 0.00825936 0.00800297 0.00793646 0.00820128 0.00867684 0.0114859 0.00976116 0.00862924 0.00924981 0.00843802 0.0119737 0.0118428 0.0134987 0.0112101 0.00878547 0.00932318 0.0103973 0.0157099 0.0114209 0.00380776 0.0037994 0 0.00375781 0.00379837 0.00376136 0.00420556 0.00763514 0.00929228 0.960564 0.0388981 0.0093888 0.0148783 0.0142369 0.0113525 0.00874232 0.014136 0.0187273 0.0545005 0.0335462 0.0550286 0.023981 0.0181643 0.0100281 0.00987895 0.0124691 0.0260941 0.0270989 0.0332396 0.0340872 0.0100341 0.00921675 0.00841104 0.0086068 0.00954036 0.0136704 0.00858016 
0.00840575 0.0086572 0.00873966 0.00824271 0.00829081 0.00817207 0.00853892 0.0079666 0.00791112 0.00804418 0.00933248 0.0100994 0.00985779 0.0086571 0.00813535 0.0121816 0.0088327 0.0128749 0.011887 0.00990504 0.00856724 0.00831265 0.0155146 0.00992667 0.0164864 0.00392557 0.00380235 0.00375781 0 0.00375545 0.00381363 0.00445673 0.00598215 0.979231 0.016968 0.00882835 0.0120122 0.0206267 0.0130002 0.00778594 0.0090961 0.0148338 0.0272541 0.0263115 0.0555698 0.0228434 0.0483659 0.0114195 0.0100184 0.00922419 0.013256 0.0193328 0.0375979 0.0301572 0.0173423 0.0115757 0.00892902 0.00817027 0.00846295 0.0123346 0.00883857 0.00962407 
0.00832865 0.00844199 0.00824944 0.00801678 0.00802916 0.00820274 0.00797054 0.00798887 0.00806569 0.00832268 0.00844007 0.0096047 0.00880912 0.00833993 0.0104922 0.00822757 0.00975198 0.0094309 0.00905049 0.00949198 0.00831392 0.0102318 0.00834355 0.0162727 0.0108264 0.00405822 0.00387096 0.00379837 0.00375545 0 0.00374595 0.00503272 0.998675 0.00455155 0.00811697 0.00674641 0.0190769 0.0104802 0.00710365 0.0124497 0.00760905 0.0112885 0.0147502 0.018087 0.0137157 0.0221405 0.0102299 0.0189641 0.0101038 0.0106033 0.0113652 0.0134291 0.0139683 0.0126517 0.0142919 0.00976109 0.0087728 0.0088016 0.00929944 0.00881643 0.0143674 0.00829913 
0.00946513 0.00816303 0.00802432 0.00812204 0.00861947 0.00795512 0.00817803 0.00820253 0.00843933 0.00819355 0.00849291 0.00828693 0.00847357 0.00834517 0.00842286 0.00941167 0.00810237 0.008364 0.00822771 0.00836213 0.00845889 0.00908862 0.00921743 0.00835426 0.0163793 0.00599254 0.00388956 0.00376136 0.00381363 0.00374595 0 0.998115 0.00429616 0.00505397 0.00422023 0.0134506 0.00634127 0.00611949 0.00785691 0.00645424 0.00960643 0.0163839 0.0127182 0.0102863 0.0108127 0.00951773 0.010999 0.00927941 0.0111765 0.0160189 0.00995255 0.00913593 0.00982623 0.0097741 0.00903041 0.00953577 0.00941412 0.0096285 0.0112977 0.00961879 0.00824172 0.0113488 
0.00837534 0.00810478 0.00806584 0.00807167 0.00795576 0.00782023 0.00801333 0.0084373 0.00901983 0.00825801 0.00792118 0.00812177 0.00814555 0.00939032 0.00863417 0.00800847 0.00798813 0.00804263 0.00793055 0.00809101 0.00831746 0.00806824 0.0080102 0.00803385 0.00954241 0.00642451 0.00493854 0.00420556 0.00445673 0.00503272 0.998115 0 0.00385873 0.00376503 0.00578481 0.00381449 0.00402355 0.00420988 0.00466412 0.00571824 0.0114954 0.0151091 0.0100642 0.00976292 0.00929289 0.00919687 0.00937144 0.00977568 0.0166694 0.00943792 0.00883037 0.00889415 0.00919778 0.0090219 0.00917669 0.0096607 0.0119777 0.0103921 0.00859412 0.0080802 0.00874159 0.0117331 
0.00804632 0.00832575 0.00837423 0.00802295 0.00791913 0.00806874 0.00799243 0.00805473 0.008089 0.00792314 0.00826947 0.00840131 0.00857355 0.00809512 0.00885644 0.00800551 0.00841183 0.00838325 0.00838721 0.00840224 0.00816832 0.00826241 0.00806045 0.0088836 0.00827794 0.00647284 0.00622499 0.00763514 0.00598215 0.998675 0.00429616 0.00385873 0 0.00376408 0.0037815 0.00377593 0.00385193 0.00427584 0.00417617 0.00712558 0.00588478 0.0127903 0.0192223 0.012166 0.0120094 0.0140824 0.00965571 0.0155508 0.00948164 0.00903298 0.00994961 0.0110225 0.0103585 0.0122875 0.0112383 0.00986241 0.00906157 0.00885111 0.0082124 0.00834102 0.0102693 0.00864837 
0.00830893 0.00856963 0.00858064 0.00823431 0.00810989 0.00813632 0.00821614 0.00804594 0.00795849 0.00817768 0.00868167 0.00916408 0.00908214 0.00848874 0.00820645 0.00977721 0.00868647 0.010593 0.0100949 0.00908932 0.00838993 0.00810999 0.0101215 0.0083076 0.00925694 0.00706868 0.00822369 0.00929228 0.979231 0.00455155 0.00505397 0.00376503 0.00376408 0 0.00377851 0.00379043 0.00381228 0.00383738 0.00799025 0.0040596 0.0048697 0.110095 0.0225433 0.0293632 0.0289756 0.0183444 0.0367075 0.0123583 0.0103287 0.00931854 0.0124632 0.0153621 0.0273728 0.0244828 0.0175666 0.0112798 0.00923784 0.00832781 0.00842268 0.0124582 0.00875465 0.00942643 
0.00832961 0.00871964 0.0087565 0.00828319 0.00816137 0.00829014 0.00822989 0.00811312 0.0080985 0.00828887 0.00912863 0.0117631 0.0101012 0.00866135 0.0097263 0.0085407 0.0132074 0.0121509 0.0128432 0.0100552 0.0090656 0.00969289 0.00912349 0.01218 0.00905178 0.00923931 0.0188146 0.960564 0.016968 0.00811697 0.00422023 0.00578481 0.0037815 0.00377851 0 0.00375903 0.00378938 0.00377482 0.00380967 0.00383799 0.00448374 0.0278541 0.213001 0.0378138 0.0565087 0.0596566 0.0273878 0.0241216 0.0126973 0.0101854 0.0147786 0.0382626 0.0319502 0.0463915 0.046064 0.0153087 0.00964929 0.0088186 0.00901589 0.0101587 0.0172119 0.00888442 
0.00849669 0.00876732 0.00907475 0.0084644 0.0082786 0.00836524 0.00854042 0.00807297 0.00789768 0.00823438 0.00921657 0.0116032 0.0113854 0.00893436 0.00837659 0.0101896 0.0104832 0.0158677 0.0141516 0.012399 0.00915729 0.00869546 0.0130205 0.00992375 0.00949985 0.042706 0.833592 0.0388981 0.00882835 0.00674641 0.0134506 0.00381449 0.00377593 0.00379043 0.00375903 0 0.0037748 0.00381654 0.00374954 0.00383869 0.00396693 0.0554711 0.0411744 0.282892 0.0504917 0.0732536 0.0557389 0.0298957 0.0131897 0.0106717 0.0186846 0.0346855 0.0606474 0.0566908 0.0547567 0.0180365 0.0101615 0.00840035 0.00885576 0.0154862 0.010838 0.00983764 
0.00838612 0.00880196 0.00880401 0.0083647 0.0082582 0.0082913 0.00852007 0.0080806 0.00790671 0.00828917 0.00937572 0.0112593 0.0111042 0.00888539 0.00869665 0.0103863 0.0114189 0.0152403 0.0143214 0.0117145 0.00918447 0.00911991 0.0108819 0.0108805 0.0105907 0.758816 0.0291757 0.0093888 0.0120122 0.0190769 0.00634127 0.00402355 0.00385193 0.00381228 0.00378938 0.0037748 0 0.00376411 0.00379042 0.00383476 0.00388132 0.0373179 0.0994252 0.062572 0.305995 0.0448556 0.0851561 0.0208001 0.0143275 0.0105976 0.0199772 0.0387153 0.0592182 0.0748037 0.0479642 0.0149997 0.00998366 0.00848831 0.00918806 0.014245 0.011927 0.00935326 
0.00844773 0.00876901 0.00900829 0.00840424 0.00821625 0.0083131 0.00847109 0.00808335 0.00790771 0.00823199 0.00906835 0.0119234 0.0106231 0.00869991 0.00927286 0.00909029 0.0117506 0.0150435 0.0125463 0.0115048 0.00904206 0.00981152 0.010278 0.011977 0.0205632 0.0461133 0.0122038 0.0148783 0.0206267 0.0104802 0.00611949 0.00420988 0.00427584 0.00383738 0.00377482 0.00381654 0.00376411 0 0.00375156 0.00379293 0.00379484 0.039341 0.0517132 0.171062 0.055539 0.334622 0.0304375 0.048749 0.0119897 0.0113786 0.0185405 0.0495432 0.05912 0.0708612 0.0506599 0.0139264 0.00998693 0.00856323 0.00912029 0.0117903 0.0182711 0.00919289 
0.00858831 0.00876477 0.00885376 0.0083155 0.00814658 0.00832707 0.0085213 0.00802763 0.00793584 0.0080998 0.00903848 0.0107188 0.0101041 0.00864107 0.00823256 0.00994941 0.00948532 0.0122163 0.0123566 0.0104252 0.00877476 0.00828654 0.0111128 0.0203103 0.0106508 0.0102786 0.0129946 0.0142369 0.0130002 0.00710365 0.00785691 0.00466412 0.00417617 0.00799025 0.00380967 0.00374954 0.00379042 0.00375156 0 0.00374975 0.00377095 0.0272715 0.0932057 0.0648629 0.163352 0.0417964 0.277557 0.0190461 0.0144088 0.00994111 0.0213314 0.0404723 0.058435 0.0465724 0.0355637 0.0150023 0.00984054 0.00835107 0.00886131 0.0167338 0.0106826 0.00934305 
0.00849675 0.00843432 0.00837407 0.00805858 0.00809356 0.00813905 0.00826225 0.00800834 0.0079882 0.00810187 0.00858858 0.00918632 0.00893668 0.00831332 0.00954315 0.00844349 0.00896752 0.00943269 0.00910334 0.00920961 0.00862003 0.0092568 0.013483 0.0107696 0.00917784 0.0152151 0.0197282 0.0113525 0.00778594 0.0124497 0.00645424 0.00571824 0.00712558 0.0040596 0.00383799 0.00383869 0.00383476 0.00379293 0.00374975 0 0.00393989 0.0194703 0.0325586 0.069973 0.0293953 0.0753565 0.0214592 0.198265 0.013013 0.0138545 0.0179429 0.0203861 0.0186917 0.0197492 0.019648 0.014692 0.010141 0.00913642 0.0105538 0.010442 0.0168418 0.00862621 
0.00928201 0.00842691 0.00810296 0.00820651 0.00842357 0.00802041 0.00827223 0.00937894 0.00881379 0.0085526 0.00849348 0.00849677 0.00859383 0.00881155 0.00955067 0.00856273 0.00852226 0.00877208 0.00858036 0.00855144 0.00859931 0.013244 0.0085821 0.00833476 0.00970602 0.0331554 0.0118176 0.00874232 0.0090961 0.00760905 0.00960643 0.0114954 0.00588478 0.0048697 0.00448374 0.00396693 0.00388132 0.00379484 0.00377095 0.00393989 0 0.0222571 0.0194648 0.0184876 0.0239111 0.0164294 0.0251069 0.0258687 0.115041 0.0212029 0.0126673 0.0112074 0.0123208 0.0119348 0.0104643 0.0106039 0.01283 0.0143009 0.0140233 0.0106645 0.00894364 0.0117509 
0.00856824 0.00841177 0.00845499 0.00854965 0.00817366 0.00823946 0.00836664 0.00887741 0.00901148 0.00819841 0.00830899 0.00841041 0.00864894 0.00902865 0.00888187 0.00808976 0.00840425 0.00846873 0.00831127 0.00844603 0.00866035 0.0081533 0.00830436 0.00834727 0.00918365 0.027421 0.01675 0.014136 0.0148338 0.0112885 0.0163839 0.0151091 0.0127903 0.110095 0.0278541 0.0554711 0.0373179 0.039341 0.0272715 0.0194703 0.0222571 0 0.00386608 0.00382038 0.00382956 0.00383155 0.0039301 0.00437291 0.00709018 0.00853448 0.00839346 0.00897071 0.0101419 0.0125488 0.0113844 0.0229804 0.90302 0.01284 0.0160876 0.0131033 0.0127087 0.0200807 
0.0084995 0.00881111 0.00882958 0.00854127 0.00816287 0.00840936 0.00827792 0.00822063 0.00799055 0.00804001 0.00873029 0.00947432 0.0090922 0.00847889 0.00842611 0.00907605 0.00886618 0.0096236 0.00925041 0.00926339 0.00838465 0.00840804 0.0094399 0.0088886 0.00892362 0.0159734 0.0433135 0.0187273 0.0272541 0.0147502 0.0127182 0.0100642 0.0192223 0.0225433 0.213001 0.0411744 0.0994252 0.0517132 0.0932057 0.0325586 0.0194648 0.00386608 0 0.00380014 0.00383076 0.00385368 0.003956 0.00417141 0.00438646 0.00773519 0.00954439 0.0104828 0.0121478 0.0163389 0.0271308 0.938599 0.0187862 0.00985506 0.0120097 0.0396405 0.0206505 0.0134581 
0.00861941 0.00877262 0.00899009 0.00850257 0.00827119 0.00831712 0.00852798 0.00825006 0.00793833 0.00815852 0.00896314 0.0101046 0.00940269 0.00841545 0.00860569 0.0088632 0.00958562 0.0103086 0.010736 0.00978537 0.00857452 0.00860437 0.00912579 0.00941864 0.00883224 0.0147877 0.0240624 0.0545005 0.0263115 0.018087 0.0102863 0.00976292 0.012166 0.0293632 0.0378138 0.282892 0.062572 0.171062 0.0648629 0.069973 0.0184876 0.00382038 0.00380014 0 0.00379426 0.00382288 0.00385999 0.00385202 0.00394136 0.00777479 0.00926878 0.0111534 0.0147897 0.0258496 0.937537 0.0258198 0.0100956 0.00871176 0.012456 0.0194446 0.022314 0.0107842 
0.00875025 0.00899494 0.00904944 0.00859621 0.00830774 0.00844088 0.00861112 0.00830371 0.00798764 0.00822217 0.00912071 0.0100107 0.00989636 0.00866364 0.00847929 0.00916307 0.00948528 0.0114062 0.0106334 0.0101904 0.00870359 0.00854441 0.00968413 0.0092292 0.00887642 0.0131294 0.0374467 0.0335462 0.0555698 0.0137157 0.0108127 0.00929289 0.0120094 0.0289756 0.0565087 0.0504917 0.305995 0.055539 0.163352 0.0293953 0.0239111 0.00382956 0.00383076 0.00379426 0 0.00378202 0.00378644 0.00380719 0.00385638 0.00710839 0.00882938 0.0115355 0.0285775 0.946602 0.03435 0.0159599 0.00929992 0.00868255 0.0109597 0.0279702 0.0151014 0.0121376 
0.00877658 0.00883204 0.00912176 0.00862533 0.0083191 0.00844658 0.00853614 0.00827037 0.00802209 0.00825518 0.00903719 0.0102592 0.010023 0.00866758 0.0088794 0.00884437 0.00991519 0.0108821 0.0106188 0.00982239 0.008583 0.00869254 0.00919542 0.00966957 0.00887305 0.0137918 0.0248694 0.0550286 0.0228434 0.0221405 0.00951773 0.00919687 0.0140824 0.0183444 0.0596566 0.0732536 0.0448556 0.334622 0.0417964 0.0753565 0.0164294 0.00383155 0.00385368 0.00382288 0.00378202 0 0.00376955 0.00377774 0.00380156 0.00631543 0.0081988 0.0314025 0.949223 0.0230261 0.0181985 0.0110642 0.00946278 0.00894011 0.0116471 0.0158155 0.0306298 0.0104094 
0.00861893 0.00889713 0.00892338 0.00842337 0.0082394 0.00827519 0.00856656 0.00821276 0.00800689 0.00818316 0.00881109 0.00953243 0.00947808 0.00863145 0.00821581 0.00898948 0.0092108 0.0102144 0.00985359 0.00969556 0.00856226 0.00839661 0.00944144 0.00889973 0.00857777 0.0114875 0.027658 0.023981 0.0483659 0.0102299 0.010999 0.00937144 0.00965571 0.0367075 0.0273878 0.0557389 0.0851561 0.0304375 0.277557 0.0214592 0.0251069 0.0039301 0.003956 0.00385999 0.00378644 0.00376955 0 0.0037655 0.00378592 0.00644328 0.0169154 0.94868 0.0204698 0.0130024 0.0140523 0.0123141 0.00911014 0.00871352 0.00988746 0.0279963 0.0157023 0.0123554 
0.00861283 0.00869058 0.00880718 0.00828578 0.00814006 0.00831541 0.00825866 0.0080462 0.00800091 0.0079771 0.00845098 0.0088235 0.00948288 0.00825476 0.00850044 0.00857862 0.00864063 0.00932457 0.00910364 0.00954043 0.0082992 0.00844284 0.008736 0.00870832 0.0087159 0.0143996 0.0234178 0.0181643 0.0114195 0.0189641 0.00927941 0.00977568 0.0155508 0.0123583 0.0241216 0.0298957 0.0208001 0.048749 0.0190461 0.198265 0.0258687 0.00437291 0.00417141 0.00385202 0.00380719 0.00377774 0.0037655 0 0.00390362 0.0104991 0.936251 0.0198783 0.00913748 0.00976008 0.0114275 0.0120144 0.0093014 0.00959175 0.0122195 0.0202461 0.0330931 0.0105536 
0.00909481 0.00857753 0.00841907 0.00829383 0.00825991 0.00816551 0.00820187 0.0082761 0.00838096 0.00824932 0.00829363 0.0083947 0.00843775 0.00843848 0.00901673 0.0081173 0.00832102 0.0084983 0.00844046 0.00819868 0.00864953 0.00926765 0.00812959 0.0083593 0.00861136 0.0253611 0.0120118 0.0100281 0.0100184 0.0101038 0.0111765 0.0166694 0.00948164 0.0103287 0.0126973 0.0131897 0.0143275 0.0119897 0.0144088 0.013013 0.115041 0.00709018 0.00438646 0.00394136 0.00385638 0.00380156 0.00378592 0.00390362 0 0.956293 0.00859574 0.00614199 0.00760236 0.00771495 0.00955688 0.0100791 0.0124199 0.0162915 0.0208872 0.0123593 0.0119012 0.0169948 
0.00836194 0.00817528 0.00815653 0.00840485 0.00805675 0.00803211 0.00812962 0.00867097 0.00848115 0.00807784 0.00799755 0.00809977 0.00816788 0.00852066 0.00833155 0.00791536 0.00799872 0.00808433 0.00804422 0.00802296 0.00828308 0.00798158 0.00794686 0.00794417 0.0089244 0.0115258 0.00948312 0.00987895 0.00922419 0.0106033 0.0160189 0.00943792 0.00903298 0.00931854 0.0101854 0.0106717 0.0105976 0.0113786 0.00994111 0.0138545 0.0212029 0.00853448 0.00773519 0.00777479 0.00710839 0.00631543 0.00644328 0.0104991 0.956293 0 0.0037882 0.00377296 0.0037892 0.00383995 0.00401218 0.00445949 0.00788608 0.0170789 0.0136083 0.00985421 0.0121065 0.0215662 
0.00840746 0.00851756 0.00846551 0.00826779 0.00811309 0.00824424 0.00811889 0.00807671 0.00795859 0.00788589 0.0084093 0.00856961 0.00849266 0.00813325 0.00801349 0.00852403 0.00832247 0.00877576 0.00852841 0.00842104 0.00807728 0.00801874 0.00849478 0.00831191 0.00842585 0.0107686 0.0165711 0.0124691 0.013256 0.0113652 0.00995255 0.00883037 0.00994961 0.0124632 0.0147786 0.0186846 0.0199772 0.0185405 0.0213314 0.0179429 0.0126673 0.00839346 0.00954439 0.00926878 0.00882938 0.0081988 0.0169154 0.936251 0.00859574 0.0037882 0 0.0037805 0.00379934 0.00381433 0.00386085 0.00418361 0.00416316 0.0100176 0.0108672 0.0184615 0.0197177 0.0125144 
0.00846978 0.0087103 0.0086681 0.00827548 0.00816674 0.00825538 0.00827925 0.00810367 0.00797861 0.00811621 0.00857026 0.00912956 0.00887518 0.00814677 0.00824709 0.00853349 0.00893593 0.00919804 0.00894051 0.00883724 0.0081744 0.0081958 0.00868252 0.00871652 0.00830848 0.0113911 0.016817 0.0260941 0.0193328 0.0134291 0.00913593 0.00889415 0.0110225 0.0153621 0.0382626 0.0346855 0.0387153 0.0495432 0.0404723 0.0203861 0.0112074 0.00897071 0.0104828 0.0111534 0.0115355 0.0314025 0.94868 0.0198783 0.00614199 0.00377296 0.0037805 0 0.00377308 0.0037928 0.00382128 0.00378448 0.00391199 0.00887011 0.0109601 0.0170748 0.0183397 0.0103341 
0.00871913 0.00878147 0.00885178 0.00847728 0.0082408 0.00830129 0.00845085 0.00822665 0.00797474 0.00810195 0.00881887 0.00927096 0.00897737 0.0085319 0.00832188 0.00881849 0.00902164 0.00954632 0.00968462 0.00919532 0.00830966 0.00820423 0.00908726 0.00885939 0.00846471 0.0118167 0.0238412 0.0270989 0.0375979 0.0139683 0.00982623 0.00919778 0.0103585 0.0273728 0.0319502 0.0606474 0.0592182 0.05912 0.058435 0.0186917 0.0123208 0.0101419 0.0121478 0.0147897 0.0285775 0.949223 0.0204698 0.00913748 0.00760236 0.0037892 0.00379934 0.00377308 0 0.0037972 0.00382654 0.00384873 0.00385448 0.00933169 0.0119436 0.0231032 0.0173915 0.0135677 
0.00874487 0.00880047 0.00899244 0.00853473 0.00826123 0.00841875 0.0085283 0.00825062 0.00802894 0.0082324 0.00870163 0.00926462 0.00918317 0.00835061 0.00835692 0.0086982 0.00900594 0.0100141 0.00937809 0.00925226 0.00832213 0.00831393 0.00898628 0.00906418 0.00855587 0.0117874 0.0255035 0.0332396 0.0301572 0.0126517 0.0097741 0.0090219 0.0122875 0.0244828 0.0463915 0.0566908 0.0748037 0.0708612 0.0465724 0.0197492 0.0119348 0.0125488 0.0163389 0.0258496 0.946602 0.0230261 0.0130024 0.00976008 0.00771495 0.00383995 0.00381433 0.0037928 0.0037972 0 0.00378661 0.00381947 0.00377964 0.00973831 0.0157956 0.0195033 0.0216704 0.0126789 
0.00867835 0.00877908 0.00892141 0.00848826 0.00823868 0.00831926 0.00845411 0.00818467 0.00802765 0.00818223 0.00864139 0.00935588 0.00892728 0.00847506 0.00832058 0.00857373 0.00918578 0.00936987 0.00962685 0.00899654 0.00825653 0.00841714 0.00879168 0.00920596 0.00827445 0.0109071 0.0182401 0.0340872 0.0173423 0.0142919 0.00903041 0.00917669 0.0112383 0.0175666 0.046064 0.0547567 0.0479642 0.0506599 0.0355637 0.019648 0.0104643 0.0113844 0.0271308 0.937537 0.03435 0.0181985 0.0140523 0.0114275 0.00955688 0.00401218 0.00386085 0.00382128 0.00382654 0.00378661 0 0.00379549 0.00377501 0.0100463 0.0122863 0.0348344 0.0376684 0.0124533 
0.00888198 0.00864043 0.00866384 0.00826795 0.00814403 0.00824448 0.00822693 0.00806785 0.00808215 0.00805858 0.00841153 0.00850994 0.00848939 0.00816048 0.00808667 0.0085344 0.00843079 0.00877796 0.00857307 0.00839572 0.00816395 0.00816895 0.00852517 0.00833616 0.00827827 0.0116209 0.0149568 0.0100341 0.0115757 0.00976109 0.00953577 0.0096607 0.00986241 0.0112798 0.0153087 0.0180365 0.0149997 0.0139264 0.0150023 0.014692 0.0106039 0.0229804 0.938599 0.0258198 0.0159599 0.0110642 0.0123141 0.0120144 0.0100791 0.00445949 0.00418361 0.00378448 0.00384873 0.00381947 0.00379549 0 0.00380908 0.0133043 0.0137446 0.0387398 0.0495013 0.0177513 
0.00894824 0.00843514 0.00827104 0.00819581 0.00821208 0.00808003 0.00807712 0.00827458 0.00826497 0.00806732 0.00810381 0.00823824 0.00822347 0.00820822 0.00831393 0.00812346 0.00810819 0.00822033 0.00820337 0.00808405 0.00810848 0.00825844 0.00811431 0.00812478 0.00819165 0.0150368 0.00976139 0.00921675 0.00892902 0.0087728 0.00941412 0.0119777 0.00906157 0.00923784 0.00964929 0.0101615 0.00998366 0.00998693 0.00984054 0.010141 0.01283 0.90302 0.0187862 0.0100956 0.00929992 0.00946278 0.00911014 0.0093014 0.0124199 0.00788608 0.00416316 0.00391199 0.00385448 0.00377964 0.00377501 0.00380908 0 0.0205379 0.0193661 0.0147834 0.0221043 0.0402884 
0.00954729 0.0084507 0.00833798 0.00854566 0.00876067 0.0081093 0.00818089 0.00952297 0.0107892 0.00866541 0.00816094 0.00805569 0.00807986 0.00848036 0.0106509 0.00809772 0.00801173 0.00795633 0.00795022 0.00793863 0.00804477 0.00873328 0.00799351 0.00805051 0.00857865 0.0110017 0.00860051 0.00841104 0.00817027 0.0088016 0.0096285 0.0103921 0.00885111 0.00832781 0.0088186 0.00840035 0.00848831 0.00856323 0.00835107 0.00913642 0.0143009 0.01284 0.00985506 0.00871176 0.00868255 0.00894011 0.00871352 0.00959175 0.0162915 0.0170789 0.0100176 0.00887011 0.00933169 0.00973831 0.0100463 0.0133043 0.0205379 0 0.846258 0.0130942 0.00754771 0.0116565 
0.00851169 0.0083878 0.00832909 0.00842849 0.00817689 0.00815488 0.0082969 0.00860131 0.00855459 0.00813014 0.0080448 0.00821531 0.00823089 0.00828077 0.00859419 0.00800483 0.00804699 0.00809199 0.00804965 0.00802345 0.00803481 0.00807838 0.00790061 0.00798773 0.00845334 0.00901519 0.00848521 0.0086068 0.00846295 0.00929944 0.0112977 0.00859412 0.0082124 0.00842268 0.00901589 0.00885576 0.00918806 0.00912029 0.00886131 0.0105538 0.0140233 0.0160876 0.0120097 0.012456 0.0109597 0.0116471 0.00988746 0.0122195 0.0208872 0.0136083 0.0108672 0.0109601 0.0119436 0.0157956 0.0122863 0.0137446 0.0193661 0.846258 0 0.00396643 0.0040736 0.0058736 
