1K9JA
CRHCPKDWTFFQGNCYFMSNSQRNWHDSVTACQEVRAQLVVIKTAEEQNFLQLQTSRSNRFSWMGLSDLNQEGTWQWVDGSPLSPSFQRYWNSGEPNNSGNEDCAEFSGSGWNDNRCDVDNYWICKKPAA
CCCCCCCCEEECCEEEEECCCCECHHHHHHHHHHCCCEECCCCCHHHHHHHHHHHHHHCCCEEEEEECCCCCCCCEECCCCECCHHHHHHECCCCCCCCCCCCEEEEECCEEEEECCCCCEEEEEEEECC
0 0 0 0 0 0 0 0 0 0 0 0 0 0 0 0 0 0 0 0 0 0 0 0 0 0 0 0 0 0 0 0 0 0 0 0 0 0 0 0 0 0 0 0 0 0 0 0 0 0 0 0 0 0 0 0 0 0 0 0 0 0 0 0 0 0 0 0 0 0 0 0 0 0 0 0 0 0 0 0 0 0 0 0 0 0 0 0 0 0 0 0 0 0 0 0 0 0 0 0 0 0 0 0 0 0 0 0 0 0 0 0 0 0 0 0 0 0 0 0 0 0 0 0 0 0 0 0 0 0 
0 0 0 0 0 0 0 0 0 0 0 0 0 0 0 0 0 0 0 0 0 0 0 0 0 0 0 0 0 0 0 0 0 0 0 0 0 0 0 0 0 0 0 0 0 0 0 0 0 0 0 0 0 0 0 0 0 0 0 0 0 0 0 0 0 0 0 0 0 0 0 0 0 0 0 0 0 0 0 0 0 0 0 0 0 0 0 0 0 0 0 0 0 0 0 0 0 0 0 0 0 0 0 0 0 0 0 0 0 0 0 0 0 0 0 0 0 0 0 0 0 0 0 0 0 0 0 0 0 0 
0 0.00402636 0.00432022 0.00493515 0.00443096 0.632824 0.0315815 0.0210611 0.00832408 0.0111934 0.0132066 0.00931743 0.00879911 0.00999244 0.00908973 0.00900383 0.0127546 0.00833211 0.0085978 0.00972535 0.00835537 0.00834957 0.00848051 0.00830959 0.00836906 0.00901915 0.00811568 0.00798081 0.00806147 0.00815085 0.00820569 0.00799677 0.00806844 0.00832195 0.00850338 0.00818572 0.00825663 0.00814432 0.00899057 
0.00402636 0 0.00386338 0.00396721 0.821583 0.0146952 0.0171223 0.00438116 0.00625864 0.0145147 0.0106066 0.00863727 0.0125356 0.00895639 0.0094575 0.0116621 0.00846254 0.008606 0.00828964 0.00807849 0.00801402 0.00832773 0.00864749 0.00851398 0.00827328 0.00797221 0.00795692 0.0082979 0.00806554 0.0081681 0.00794379 0.00792847 0.00832595 0.00846522 0.00873157 0.00853535 0.00814179 0.00814269 0.00792471 
0.00432022 0.00386338 0 0.841664 0.00839826 0.00475252 0.00387733 0.00498348 0.00602695 0.0110109 0.0137281 0.0109537 0.00864801 0.00943351 0.00877079 0.00968862 0.009785 0.0082777 0.00862868 0.00885727 0.010147 0.00915637 0.00838135 0.00817926 0.0083493 0.00831639 0.0107609 0.00804455 0.00803031 0.00799037 0.00825631 0.00840458 0.00836288 0.00812879 0.00838923 0.00818365 0.00800458 0.00805292 0.00798937 
0.00493515 0.00396721 0.841664 0 0.00387272 0.0037845 0.00386447 0.00420677 0.00633865 0.0154859 0.0108758 0.0100576 0.00862005 0.00887045 0.00904656 0.00897804 0.0129104 0.00872851 0.00826617 0.00976589 0.00856965 0.00830645 0.00821921 0.00857158 0.00813939 0.00972611 0.00792855 0.00788879 0.00805836 0.00830501 0.00869967 0.00794576 0.00798878 0.00825448 0.00813865 0.00888541 0.00825695 0.00819894 0.00918759 
0.00443096 0.821583 0.00839826 0.00387272 0 0.00379917 0.00380958 0.00394657 0.00457422 0.00947619 0.0121032 0.00913157 0.0103164 0.0127305 0.0108166 0.0199127 0.00913271 0.00829701 0.00858251 0.00822525 0.0082314 0.00825009 0.00919094 0.00847747 0.00968874 0.00837343 0.00798214 0.00813647 0.00819259 0.00836372 0.00825141 0.00798083 0.00831146 0.00854246 0.00909696 0.00893511 0.00830188 0.0088813 0.00829193 
0.632824 0.0146952 0.00475252 0.0037845 0.00379917 0 0.00412333 0.00378176 0.00425388 0.00955966 0.0183235 0.00905407 0.0145788 0.0209814 0.0223124 0.00969991 0.00922788 0.00849675 0.00839254 0.00801259 0.00834456 0.00847753 0.00954812 0.0181281 0.00876179 0.00861252 0.00800859 0.00850261 0.00966991 0.00852844 0.00829142 0.008099 0.00867455 0.0107471 0.0127474 0.00929022 0.0102228 0.00850157 0.00829247 
0.0315815 0.0171223 0.00387733 0.00386447 0.00380958 0.00412333 0 0.00379934 0.00870687 0.0171943 0.0134792 0.0114528 0.0159988 0.0151841 0.0142721 0.0166725 0.00964358 0.00863586 0.00882637 0.00822023 0.0086872 0.00844536 0.0125774 0.00965566 0.00936904 0.008247 0.00830704 0.00854334 0.00858172 0.00834425 0.00822438 0.00823645 0.00892964 0.0102106 0.00977855 0.0102049 0.00851925 0.00858033 0.00795584 
0.0210611 0.00438116 0.00498348 0.00420677 0.00394657 0.00378176 0.00379934 0 0.0504285 0.0187037 0.0190678 0.0122669 0.0114906 0.0100399 0.00979087 0.00987279 0.0113203 0.00875441 0.00860809 0.00914853 0.00918596 0.0119497 0.00864198 0.00844962 0.00827922 0.00868303 0.00899901 0.00842708 0.00800063 0.00809123 0.00828628 0.0085416 0.0087464 0.00834278 0.00850206 0.0082367 0.00810506 0.00803868 0.00819684 
0.00832408 0.00625864 0.00602695 0.00633865 0.00457422 0.00425388 0.00870687 0.0504285 0 0.0215051 0.0229976 0.0152722 0.00860512 0.00871631 0.0089987 0.00893674 0.0119964 0.0106232 0.00964982 0.023351 0.0127311 0.00923407 0.00809059 0.00798916 0.00814787 0.00940482 0.00873045 0.00781064 0.00786048 0.00794416 0.00867977 0.0089683 0.00787988 0.00794995 0.00795726 0.00800723 0.00806792 0.00791616 0.008957 
0.0111934 0.0145147 0.0110109 0.0154859 0.00947619 0.00955966 0.0171943 0.0187037 0.0215051 0 0.0100065 0.0308093 0.01978 0.0123183 0.0149838 0.0187097 0.0181738 0.0161446 0.011864 0.0202846 0.010553 0.01087 0.00954967 0.0093251 0.00906846 0.010243 0.00854678 0.00841311 0.00831517 0.00864767 0.00890338 0.00858668 0.00862758 0.00869798 0.00861889 0.00845703 0.00895441 0.00836514 0.0104424 
0.0132066 0.0106066 0.0137281 0.0108758 0.0121032 0.0183235 0.0134792 0.0190678 0.0229976 0.0100065 0 0.0176182 0.02216 0.0213052 0.0173119 0.051005 0.0268426 0.0118851 0.0118301 0.0112301 0.0132673 0.0116671 0.0122633 0.00923245 0.011384 0.00995472 0.00955672 0.00882972 0.00863635 0.00875296 0.00903127 0.00959553 0.00946197 0.00932458 0.00954932 0.00930931 0.00864393 0.00926425 0.00888398 
0.00931743 0.00863727 0.0109537 0.0100576 0.00913157 0.00905407 0.0114528 0.0122669 0.0152722 0.0308093 0.0176182 0 0.00376458 0.00374928 0.00377291 0.00379818 0.0057432 0.00734972 0.00845319 0.0127141 0.00959243 0.0125284 0.0112586 0.0125406 0.0104234 0.0140802 0.00957799 0.00887786 0.00935651 0.0091109 0.0118903 0.00903489 0.00980016 0.00956828 0.00998632 0.00962571 0.0112374 0.0091543 0.0136995 
0.00879911 0.0125356 0.00864801 0.00862005 0.0103164 0.0145788 0.0159988 0.0114906 0.00860512 0.01978 0.02216 0.00376458 0 0.00377477 0.00375286 0.00392446 0.00383256 0.00858999 0.00978483 0.00811499 0.00883276 0.0120423 0.0322567 0.0273076 0.0199682 0.00998579 0.00879452 0.0136035 0.0115471 0.0136958 0.00994107 0.0091886 0.0151014 0.0255736 0.0206556 0.0333667 0.0195429 0.0183759 0.00925327 
0.00999244 0.00895639 0.00943351 0.00887045 0.0127305 0.0209814 0.0151841 0.0100399 0.00871631 0.0123183 0.0213052 0.00374928 0.00377477 0 0.00379748 0.00376726 0.00382599 0.00677585 0.00809519 0.00747653 0.00844406 0.0116846 0.0307724 0.0409518 0.0239011 0.00940296 0.00956192 0.0136915 0.0255863 0.0119268 0.0109906 0.00979774 0.0159184 0.0418423 0.0519831 0.0384075 0.0200608 0.0138495 0.00900354 
0.00908973 0.0094575 0.00877079 0.00904656 0.0108166 0.0223124 0.0142721 0.00979087 0.0089987 0.0149838 0.0173119 0.00377291 0.00375286 0.00379748 0 0.00377713 0.00375984 0.00820831 0.00851112 0.00844136 0.00796634 0.0156839 0.0267039 0.08132 0.0134955 0.00962793 0.00984415 0.0205853 0.0195857 0.0133339 0.00988623 0.00974831 0.0147971 0.0564029 0.0510743 0.0560617 0.0255455 0.0109412 0.0093988 
0.00900383 0.0116621 0.00968862 0.00897804 0.0199127 0.00969991 0.0166725 0.00987279 0.00893674 0.0187097 0.051005 0.00379818 0.00392446 0.00376726 0.00377713 0 0.00400202 0.00982322 0.375566 0.00777456 0.00896558 0.0124063 0.0328459 0.0148608 0.0393694 0.00987151 0.0140125 0.0131435 0.0106659 0.0131184 0.0111977 0.0092941 0.0229553 0.0183849 0.0392497 0.0159429 0.0103169 0.0148344 0.00881641 
0.0127546 0.00846254 0.009785 0.0129104 0.00913271 0.00922788 0.00964358 0.0113203 0.0119964 0.0181738 0.0268426 0.0057432 0.00383256 0.00382599 0.00375984 0.00400202 0 0.568643 0.00768844 0.0147602 0.013001 0.0233556 0.0106759 0.0118097 0.0113946 0.0163759 0.0137072 0.00914558 0.00951579 0.00917844 0.0104492 0.0153855 0.0098598 0.0110237 0.0104523 0.00997536 0.0097666 0.00886837 0.0106505 
0.00833211 0.008606 0.0082777 0.00872851 0.00829701 0.00849675 0.00863586 0.00875441 0.0106232 0.0161446 0.0118851 0.00734972 0.00858999 0.00677585 0.00820831 0.00982322 0.568643 0 0.00402747 0.200143 0.00770091 0.0101951 0.0104565 0.0112691 0.00998513 0.0114472 0.0087183 0.00896229 0.00881615 0.00927219 0.00882272 0.0090435 0.00941951 0.00945018 0.00953123 0.00886315 0.0104045 0.00890738 0.0117101 
0.0085978 0.00828964 0.00862868 0.00826617 0.00858251 0.00839254 0.00882637 0.00860809 0.00964982 0.011864 0.0118301 0.00845319 0.00978483 0.00809519 0.00851112 0.375566 0.00768844 0.00402747 0 0.0395192 0.00813863 0.0147002 0.0136705 0.00962547 0.011718 0.00979134 0.00989295 0.00924574 0.00865788 0.00878554 0.00877273 0.0100399 0.00965481 0.00940202 0.00948398 0.00902548 0.00868132 0.00955789 0.00855639 
0.00972535 0.00807849 0.00885727 0.00976589 0.00822525 0.00801259 0.00822023 0.00914853 0.023351 0.0202846 0.0112301 0.0127141 0.00811499 0.00747653 0.00844136 0.00777456 0.0147602 0.200143 0.0395192 0 0.0294065 0.0120306 0.00964523 0.00878718 0.00951195 0.0143895 0.0109879 0.00848752 0.00805596 0.00827021 0.00888812 0.0110635 0.00887184 0.00844466 0.00839307 0.00830221 0.00856695 0.00844418 0.0129701 
0.00835537 0.00801402 0.010147 0.00856965 0.0082314 0.00834456 0.0086872 0.00918596 0.0127311 0.010553 0.0132673 0.00959243 0.00883276 0.00844406 0.00796634 0.00896558 0.013001 0.00770091 0.00813863 0.0294065 0 0.0286752 0.00669557 0.00616894 0.0072909 0.0097905 0.00773931 0.00714141 0.00675215 0.0072311 0.0104403 0.0105236 0.00919018 0.00887496 0.00859004 0.00892008 0.00905989 0.00963738 0.0109405 
0.00834957 0.00832773 0.00915637 0.00830645 0.00825009 0.00847753 0.00844536 0.0119497 0.00923407 0.01087 0.0116671 0.0125284 0.0120423 0.0116846 0.0156839 0.0124063 0.0233556 0.0101951 0.0147002 0.0120306 0.0286752 0 0.00381632 0.00378782 0.00383863 0.00401734 0.0044792 0.00471282 0.00602929 0.00819539 0.899615 0.00922506 0.00916569 0.00874633 0.0123566 0.0113122 0.0203352 0.0122203 0.0307798 
0.00848051 0.00864749 0.00838135 0.00821921 0.00919094 0.00954812 0.0125774 0.00864198 0.00809059 0.00954967 0.0122633 0.0112586 0.0322567 0.0307724 0.0267039 0.0328459 0.0106759 0.0104565 0.0136705 0.00964523 0.00669557 0.00381632 0 0.00381729 0.00379821 0.00382785 0.00404645 0.0104364 0.0163702 0.893027 0.0163703 0.00729872 0.0145092 0.0151916 0.0163435 0.0326033 0.0110258 0.0514898 0.0111149 
0.00830959 0.00851398 0.00817926 0.00857158 0.00847747 0.0181281 0.00965566 0.00844962 0.00798916 0.0093251 0.00923245 0.0125406 0.0273076 0.0409518 0.08132 0.0148608 0.0118097 0.0112691 0.00962547 0.00878718 0.00616894 0.00378782 0.00381729 0 0.00375284 0.00378251 0.00436213 0.0112342 0.952819 0.00778489 0.00490194 0.00737785 0.0109264 0.0526176 0.0267298 0.013412 0.0563306 0.0110952 0.0110566 
0.00836906 0.00827328 0.0083493 0.00813939 0.00968874 0.00876179 0.00936904 0.00827922 0.00814787 0.00906846 0.011384 0.0104234 0.0199682 0.0239011 0.0134955 0.0393694 0.0113946 0.00998513 0.011718 0.00951195 0.0072909 0.00383863 0.00379821 0.00375284 0 0.00378979 0.00535068 0.993189 0.0163497 0.00463795 0.00598365 0.0073136 0.019955 0.0141262 0.0122557 0.0264196 0.0107543 0.0198021 0.0096172 
0.00901915 0.00797221 0.00831639 0.00972611 0.00837343 0.00861252 0.008247 0.00868303 0.00940482 0.010243 0.00995472 0.0140802 0.00998579 0.00940296 0.00962793 0.00987151 0.0163759 0.0114472 0.00979134 0.0143895 0.0097905 0.00401734 0.00382785 0.00378251 0.00378979 0 0.997317 0.00396472 0.0072965 0.0041557 0.00463603 0.0105863 0.00844329 0.0103519 0.0117066 0.00854956 0.0178933 0.00837823 0.0109845 
0.00811568 0.00795692 0.0107609 0.00792855 0.00798214 0.00800859 0.00830704 0.00899901 0.00873045 0.00854678 0.00955672 0.00957799 0.00879452 0.00956192 0.00984415 0.0140125 0.0137072 0.0087183 0.00989295 0.0109879 0.00773931 0.0044792 0.00404645 0.00436213 0.00535068 0.997317 0 0.00408298 0.00375255 0.00392881 0.00407054 0.00529907 0.00593775 0.00674304 0.0148091 0.0271028 0.0141361 0.010207 0.0182804 
0.00798081 0.0082979 0.00804455 0.00788879 0.00813647 0.00850261 0.00854334 0.00842708 0.00781064 0.00841311 0.00882972 0.00887786 0.0136035 0.0136915 0.0205853 0.0131435 0.00914558 0.00896229 0.00924574 0.00848752 0.00714141 0.00471282 0.0104364 0.0112342 0.993189 0.00396472 0.00408298 0 0.00386724 0.00377842 0.00378557 0.00499113 0.00753206 0.0264649 0.0374251 0.0127237 0.0123715 0.0155918 0.00904253 
0.00806147 0.00806554 0.00803031 0.00805836 0.00819259 0.00966991 0.00858172 0.00800063 0.00786048 0.00831517 0.00863635 0.00935651 0.0115471 0.0255863 0.0195857 0.0106659 0.00951579 0.00881615 0.00865788 0.00805596 0.00675215 0.00602929 0.0163702 0.952819 0.0163497 0.0072965 0.00375255 0.00386724 0 0.00380975 0.00373025 0.0104924 0.0162046 0.0434549 0.0169237 0.00750797 0.0116546 0.0074226 0.00774085 
0.00815085 0.0081681 0.00799037 0.00830501 0.00836372 0.00852844 0.00834425 0.00809123 0.00794416 0.00864767 0.00875296 0.0091109 0.0136958 0.0119268 0.0133339 0.0131184 0.00917844 0.00927219 0.00878554 0.00827021 0.0072311 0.00819539 0.893027 0.00778489 0.00463795 0.0041557 0.00392881 0.00377842 0.00380975 0 0.00374307 0.00642462 0.022244 0.0190815 0.00699546 0.00835353 0.00713783 0.00688167 0.00635263 
0.00820569 0.00794379 0.00825631 0.00869967 0.00825141 0.00829142 0.00822438 0.00828628 0.00867977 0.00890338 0.00903127 0.0118903 0.00994107 0.0109906 0.00988623 0.0111977 0.0104492 0.00882272 0.00877273 0.00888812 0.0104403 0.899615 0.0163703 0.00490194 0.00598365 0.00463603 0.00407054 0.00378557 0.00373025 0.00374307 0 0.0155038 0.0107962 0.00544619 0.0138551 0.00538027 0.00583756 0.00708667 0.00677205 
0.00799677 0.00792847 0.00840458 0.00794576 0.00798083 0.008099 0.00823645 0.0085416 0.0089683 0.00858668 0.00959553 0.00903489 0.0091886 0.00979774 0.00974831 0.0092941 0.0153855 0.0090435 0.0100399 0.0110635 0.0105236 0.00922506 0.00729872 0.00737785 0.0073136 0.0105863 0.00529907 0.00499113 0.0104924 0.00642462 0.0155038 0 0.00378747 0.00377885 0.00376385 0.00379527 0.00382137 0.00378293 0.00791346 
0.00806844 0.00832595 0.00836288 0.00798878 0.00831146 0.00867455 0.00892964 0.0087464 0.00787988 0.00862758 0.00946197 0.00980016 0.0151014 0.0159184 0.0147971 0.0229553 0.0098598 0.00941951 0.00965481 0.00887184 0.00919018 0.00916569 0.0145092 0.0109264 0.019955 0.00844329 0.00593775 0.00753206 0.0162046 0.022244 0.0107962 0.00378747 0 0.00376036 0.00375736 0.00375101 0.00382003 0.003937 0.0050824 
0.00832195 0.00846522 0.00812879 0.00825448 0.00854246 0.0107471 0.0102106 0.00834278 0.00794995 0.00869798 0.00932458 0.00956828 0.0255736 0.0418423 0.0564029 0.0183849 0.0110237 0.00945018 0.00940202 0.00844466 0.00887496 0.00874633 0.0151916 0.0526176 0.0141262 0.0103519 0.00674304 0.0264649 0.0434549 0.0190815 0.00544619 0.00377885 0.00376036 0 0.00374531 0.00375802 0.00375464 0.0037314 0.00384366 
0.00850338 0.00873157 0.00838923 0.00813865 0.00909696 0.0127474 0.00977855 0.00850206 0.00795726 0.00861889 0.00954932 0.00998632 0.0206556 0.0519831 0.0510743 0.0392497 0.0104523 0.00953123 0.00948398 0.00839307 0.00859004 0.0123566 0.0163435 0.0267298 0.0122557 0.0117066 0.0148091 0.0374251 0.0169237 0.00699546 0.0138551 0.00376385 0.00375736 0.00374531 0 0.00375198 0.00377471 0.00375492 0.00392738 
0.00818572 0.00853535 0.00818365 0.00888541 0.00893511 0.00929022 0.0102049 0.0082367 0.00800723 0.00845703 0.00930931 0.00962571 0.0333667 0.0384075 0.0560617 0.0159429 0.00997536 0.00886315 0.00902548 0.00830221 0.00892008 0.0113122 0.0326033 0.013412 0.0264196 0.00854956 0.0271028 0.0127237 0.00750797 0.00835353 0.00538027 0.00379527 0.00375101 0.00375802 0.00375198 0 0.00375684 0.00374719 0.00375241 
0.00825663 0.00814179 0.00800458 0.00825695 0.00830188 0.0102228 0.00851925 0.00810506 0.00806792 0.00895441 0.00864393 0.0112374 0.0195429 0.0200608 0.0255455 0.0103169 0.0097666 0.0104045 0.00868132 0.00856695 0.00905989 0.0203352 0.0110258 0.0563306 0.0107543 0.0178933 0.0141361 0.0123715 0.0116546 0.00713783 0.00583756 0.00382137 0.00382003 0.00375464 0.00377471 0.00375684 0 0.00376257 0.00369895 
0.00814432 0.00814269 0.00805292 0.00819894 0.0088813 0.00850157 0.00858033 0.00803868 0.00791616 0.00836514 0.00926425 0.0091543 0.0183759 0.0138495 0.0109412 0.0148344 0.00886837 0.00890738 0.00955789 0.00844418 0.00963738 0.0122203 0.0514898 0.0110952 0.0198021 0.00837823 0.010207 0.0155918 0.0074226 0.00688167 0.00708667 0.00378293 0.003937 0.0037314 0.00375492 0.00374719 0.00376257 0 0.00375586 
0.00899057 0.00792471 0.00798937 0.00918759 0.00829193 0.00829247 0.00795584 0.00819684 0.008957 0.0104424 0.00888398 0.0136995 0.00925327 0.00900354 0.0093988 0.00881641 0.0106505 0.0117101 0.00855639 0.0129701 0.0109405 0.0307798 0.0111149 0.0110566 0.0096172 0.0109845 0.0182804 0.00904253 0.00774085 0.00635263 0.00677205 0.00791346 0.0050824 0.00384366 0.00392738 0.00375241 0.00369895 0.00375586 0 
