1KI0A
LSECKTGNGKNYRGTMSKTKNGITCQKWSSTSPHRPRFSPATHPSEGLEENYCRNPDNDPQGPWCYTTDPEKRYDYCDILECEEECMHCSGENYDGKISKTMSGLECQAWDSQSPHAHGYIPSKFPNKNLKKNYCRNPDRELRPWCFTTDPNKRWELCDIPRCTTPPPSSGPTYQCLKGTGENYRGNVAVTVSGHTCQHWSAQTPHTHERTPENFPCKNLDENYCRNPDGKRAPWCHTTNSQVRWEYCKIPSC
CCCCECCCCCCCCCCCCECCCCCEECCCCCCCCCCCCCCCCCCCCCCCCCCCCECCCCCCCCCEEEECCCCCCEEECCCCECECCCECCCCCCECCCCCECCCCCEECCCCCCCCCCCCCCCCCCCCCCCCCCCCECCCCCCCCEEEECCCCCCEEECCCCECCCCCCCCCCCECCECCCCCCECCCCCECCCCCEECCCCCCCCCCCCCCCCCCHHHCCCCCCCECCCCCCCCEEEECCCCCCEEECCCCEC
0 0 0 0 0 0 0 0 0 0 0 0 0 0 0 0 0 0 0 0 0 0 0 0 0 0 0 0 0 0 0 0 0 0 0 0 0 0 0 0 0 0 0 0 0 0 0 0 0 0 0 0 0 0 0 0 0 0 0 0 0 0 0 0 0 0 0 0 0 0 0 0 0 0 0 0 0 0 0 0 0 0 0 0 0 0 0 0 0 0 0 0 0 0 0 0 0 0 0 0 0 0 0 0 0 0 0 0 0 0 0 0 0 0 0 0 0 0 0 0 0 0 0 0 0 0 0 0 0 0 0 0 0 0 0 0 0 0 0 0 0 0 0 0 0 0 0 0 0 0 0 0 0 0 0 0 0 0 0 0 0 0 0 0 0 0 0 0 0 0 0 0 0 0 0 0 0 0 0 0 0 0 0 0 0 0 0 0 0 0 0 0 0 0 0 0 0 0 0 0 0 0 0 0 0 0 0 0 0 0 0 0 0 0 0 0 0 0 0 0 0 0 0 0 0 0 0 0 0 0 0 0 0 0 0 0 0 0 0 0 0 0 0 0 0 0 0 0 0 0 0 0 0 
0 0 0 0 0 0 0 0 0 0 0 0 0 0 0 0 0 0 0 0 0 0 0 0 0 0 0 0 0 0 0 0 0 0 0 0 0 0 0 0 0 0 0 0 0 0 0 0 0 0 0 0 0 0 0 0 0 0 0 0 0 0 0 0 0 0 0 0 0 0 0 0 0 0 0 0 0 0 0 0 0 0 0 0 0 0 0 0 0 0 0 0 0 0 0 0 0 0 0 0 0 0 0 0 0 0 0 0 0 0 0 0 0 0 0 0 0 0 0 0 0 0 0 0 0 0 0 0 0 0 0 0 0 0 0 0 0 0 0 0 0 0 0 0 0 0 0 0 0 0 0 0 0 0 0 0 0 0 0 0 0 0 0 0 0 0 0 0 0 0 0 0 0 0 0 0 0 0 0 0 0 0 0 0 0 0 0 0 0 0 0 0 0 0 0 0 0 0 0 0 0 0 0 0 0 0 0 0 0 0 0 0 0 0 0 0 0 0 0 0 0 0 0 0 0 0 0 0 0 0 0 0 0 0 0 0 0 0 0 0 0 0 0 0 0 0 0 0 0 0 0 0 0 
0 0.195728 0.012343 0.090084 0.0216544 0.0101556 0.00845499 0.00857436 0.011841 0.00959103 0.00821095 0.0100026 0.011882 0.0126035 0.0115191 0.0129956 0.0118317 0.00894912 0.00917157 0.00986876 0.0083074 0.00792236 0.00787372 0.00853897 0.00838663 0.00783656 0.00811079 0.0100511 0.00976283 0.0117768 0.00931456 0.0103095 0.00826141 0.0080542 0.00903351 0.00819474 0.00803663 0.00789553 0.00828971 0.00859741 0.00798311 0.00821998 0.00926284 
0.195728 0 0.700895 0.0154061 0.0339751 0.011787 0.0087588 0.0093177 0.0124536 0.0116465 0.00854445 0.0102129 0.0158574 0.0150701 0.0128935 0.0136481 0.0128393 0.00993465 0.00898066 0.0101216 0.0085474 0.00789132 0.00789948 0.00869193 0.00883912 0.00786403 0.00815529 0.00952404 0.00999353 0.0100616 0.00947854 0.0109226 0.00842193 0.00800315 0.00907975 0.0081217 0.0078479 0.00783971 0.00822706 0.00854799 0.0078817 0.00825481 0.00939487 
0.012343 0.700895 0 0.00464206 0.0285758 0.011636 0.0101423 0.0125677 0.0113269 0.010177 0.00931769 0.0134854 0.0120357 0.0105271 0.00949236 0.00976451 0.0103608 0.0101543 0.00867521 0.00889295 0.00819707 0.00806382 0.0081827 0.00824887 0.00801953 0.00792341 0.00819737 0.00851886 0.0085157 0.00844471 0.00827594 0.00899082 0.00809509 0.00794822 0.00825681 0.00788445 0.00792931 0.00795237 0.0080198 0.00802637 0.00794632 0.00804473 0.00821298 
0.090084 0.0154061 0.00464206 0 0.0317709 0.0139681 0.0173845 0.0147263 0.0148686 0.0119404 0.00977592 0.00935756 0.0104788 0.0134087 0.011182 0.0112309 0.00947484 0.00849592 0.00906621 0.00850253 0.00861027 0.00814075 0.00805461 0.00816953 0.00836439 0.00793468 0.00802063 0.00829048 0.00840054 0.00863294 0.00839816 0.00870274 0.00808325 0.00813623 0.00813094 0.00812013 0.00799374 0.00789247 0.00806769 0.00806456 0.00792322 0.00794778 0.00839513 
0.0216544 0.0339751 0.0285758 0.0317709 0 0.127942 0.00883615 0.0139362 0.011514 0.0106593 0.00885424 0.0151685 0.0411846 0.0257998 0.0250972 0.031878 0.0248152 0.0142509 0.0111205 0.015364 0.00984659 0.00809983 0.0083305 0.00909443 0.0089842 0.00803334 0.00865926 0.0115644 0.00943478 0.0100012 0.0100669 0.0108912 0.00835075 0.00802874 0.00920873 0.00816949 0.00786794 0.00782332 0.00803976 0.00830208 0.00781685 0.00802946 0.00889218 
0.0101556 0.011787 0.011636 0.0139681 0.127942 0 0.00376568 0.00381196 0.00404621 0.00881185 0.00786752 0.924896 0.0113177 0.0129011 0.0109838 0.0131466 0.0121267 0.00969345 0.0134822 0.0118279 0.00996422 0.00989127 0.00990917 0.0125279 0.00848721 0.00870765 0.0106696 0.00878467 0.00832236 0.00870212 0.00835443 0.00871073 0.0080262 0.00819618 0.00823769 0.00792126 0.00817978 0.00815991 0.00846562 0.00789837 0.00798876 0.00815387 0.00811147 
0.00845499 0.0087588 0.0101423 0.0173845 0.00883615 0.00376568 0 0.00388288 0.00375772 0.00737447 0.944027 0.0250029 0.00931342 0.00843256 0.00897653 0.0094832 0.00948438 0.00932069 0.0118808 0.00858177 0.0101394 0.0151083 0.0134389 0.0090966 0.00829071 0.0100463 0.00917002 0.00801377 0.00789775 0.0079524 0.00793797 0.00799872 0.00801401 0.00813387 0.007934 0.00828009 0.00927959 0.00851387 0.00804498 0.00803682 0.0081927 0.00803949 0.00790826 
0.00857436 0.0093177 0.0125677 0.0147263 0.0139362 0.00381196 0.00388288 0 0.00383435 0.91085 0.024747 0.0124162 0.00899687 0.00862905 0.0092698 0.00993793 0.0100695 0.0115173 0.0091679 0.00891815 0.00991621 0.0155436 0.011504 0.00889122 0.00873898 0.00962471 0.0086213 0.00809001 0.00793567 0.00803007 0.0079534 0.00798753 0.00810728 0.00808104 0.00782068 0.00821286 0.00866748 0.00827755 0.00818946 0.00804524 0.00813152 0.00794266 0.00792673 
0.011841 0.0124536 0.0113269 0.0148686 0.011514 0.00404621 0.00375772 0.00383435 0 0.0397995 0.00794757 0.00962623 0.010773 0.0107011 0.0134109 0.0160655 0.0142176 0.0113836 0.0114146 0.010237 0.0134157 0.00922263 0.00891758 0.0098752 0.00995083 0.00834213 0.00910089 0.00873529 0.00875078 0.00932651 0.00886154 0.00934464 0.00832028 0.00809206 0.00838057 0.00846843 0.00805915 0.00803823 0.00802608 0.00824409 0.00790608 0.0080557 0.00846782 
0.00959103 0.0116465 0.010177 0.0119404 0.0106593 0.00881185 0.00737447 0.91085 0.0397995 0 0.00383653 0.00388775 0.00871054 0.0100256 0.00990723 0.0135565 0.0135857 0.0107353 0.0122637 0.0105118 0.00970479 0.00860778 0.0101092 0.0107064 0.0086828 0.00820286 0.00954319 0.00880151 0.00906872 0.00887447 0.0085949 0.00944943 0.00800101 0.00818928 0.0083218 0.00799942 0.00797905 0.00803655 0.00828261 0.00819947 0.00783447 0.00807145 0.00825037 
0.00821095 0.00854445 0.00931769 0.00977592 0.00885424 0.00786752 0.944027 0.024747 0.00794757 0.00383653 0 0.00375535 0.00786159 0.00747279 0.00817538 0.0097753 0.0099205 0.01186 0.0119156 0.00867258 0.00896973 0.013744 0.0103291 0.00862898 0.0081405 0.0107693 0.00860584 0.00805596 0.00793215 0.00791416 0.00790994 0.00804682 0.00805766 0.00797238 0.00781359 0.00811559 0.00823008 0.00817565 0.0079474 0.00789142 0.00799207 0.00797101 0.00789228 
0.0100026 0.0102129 0.0134854 0.00935756 0.0151685 0.924896 0.0250029 0.0124162 0.00962623 0.00388775 0.00375535 0 0.0306637 0.0126334 0.00930218 0.0131284 0.0152462 0.0161575 0.0119603 0.0102599 0.0140836 0.00988284 0.00936254 0.00998257 0.0100773 0.00855448 0.00991267 0.00868032 0.00862972 0.00883701 0.00903258 0.00923907 0.00829468 0.00807572 0.00824771 0.00842129 0.00809735 0.0080448 0.00810559 0.00819257 0.00796508 0.00822191 0.00816786 
0.011882 0.0158574 0.0120357 0.0104788 0.0411846 0.0113177 0.00931342 0.00899687 0.010773 0.00871054 0.00786159 0.0306637 0 0.0092952 0.0108498 0.0262256 0.0318496 0.0192319 0.01321 0.0198918 0.0102851 0.00862194 0.00872089 0.0114891 0.00918865 0.00828607 0.00959928 0.0140183 0.0100334 0.0100472 0.0100917 0.011516 0.00920796 0.00811075 0.00958165 0.00800723 0.00784861 0.00789691 0.00823093 0.0080955 0.00781039 0.00832867 0.0086964 
0.0126035 0.0150701 0.0105271 0.0134087 0.0257998 0.0129011 0.00843256 0.00862905 0.0107011 0.0100256 0.00747279 0.0126334 0.0092952 0 0.207974 0.0777844 0.0401836 0.0131291 0.0176232 0.0161347 0.0109993 0.00840014 0.00845893 0.0101403 0.0096528 0.00819529 0.00954776 0.0122437 0.0107065 0.012083 0.0107982 0.0122041 0.0086498 0.00847362 0.00913723 0.00821615 0.00784277 0.00788034 0.00824292 0.0082354 0.00786165 0.00811051 0.00878555 
0.0115191 0.0128935 0.00949236 0.011182 0.0250972 0.0109838 0.00897653 0.0092698 0.0134109 0.00990723 0.00817538 0.00930218 0.0108498 0.207974 0 0.0748264 0.0370248 0.0151538 0.0152549 0.0245947 0.00952723 0.00844766 0.00902153 0.0111695 0.00878128 0.00822794 0.00964646 0.0131232 0.0104269 0.0124953 0.0106487 0.0116031 0.00832247 0.00825379 0.00954955 0.00809524 0.00781419 0.00781695 0.00832921 0.00805669 0.00779427 0.00803922 0.00861165 
0.0129956 0.0136481 0.00976451 0.0112309 0.031878 0.0131466 0.0094832 0.00993793 0.0160655 0.0135565 0.0097753 0.0131284 0.0262256 0.0777844 0.0748264 0 0.181905 0.0156609 0.0998267 0.0286137 0.0104607 0.00872558 0.00942967 0.012986 0.00973978 0.00852505 0.0109273 0.0148776 0.013597 0.0147089 0.0131139 0.0146529 0.00875228 0.00894899 0.0104178 0.00822223 0.00788753 0.00783888 0.00847119 0.00833889 0.0078501 0.00815269 0.00930866 
0.0118317 0.0128393 0.0103608 0.00947484 0.0248152 0.0121267 0.00948438 0.0100695 0.0142176 0.0135857 0.0099205 0.0152462 0.0318496 0.0401836 0.0370248 0.181905 0 0.791796 0.01443 0.0413364 0.0123789 0.00888884 0.00982002 0.0132947 0.0114433 0.00857498 0.0111713 0.0204031 0.0143478 0.014055 0.012744 0.0152961 0.00961843 0.00862804 0.0108538 0.00833665 0.00786492 0.00790684 0.00852967 0.00874861 0.00785729 0.00852813 0.00962571 
0.00894912 0.00993465 0.0101543 0.00849592 0.0142509 0.00969345 0.00932069 0.0115173 0.0113836 0.0107353 0.01186 0.0161575 0.0192319 0.0131291 0.0151538 0.0156609 0.791796 0 0.00590678 0.0236584 0.0115331 0.00998045 0.0125197 0.0118162 0.00927235 0.0100636 0.0108664 0.0127057 0.00947541 0.00978094 0.00927297 0.0109586 0.00956216 0.00832309 0.00897123 0.00820897 0.00802153 0.00810511 0.00824876 0.00813848 0.00784252 0.00834515 0.00835911 
0.00917157 0.00898066 0.00867521 0.00906621 0.0111205 0.0134822 0.0118808 0.0091679 0.0114146 0.0122637 0.0119156 0.0119603 0.01321 0.0176232 0.0152549 0.0998267 0.01443 0.00590678 0 0.0298424 0.0151711 0.0160534 0.0147042 0.0142159 0.0129251 0.00994531 0.0102869 0.0108573 0.0101827 0.012113 0.0110397 0.0108314 0.00869119 0.00859998 0.00857029 0.00862461 0.00816227 0.0080451 0.00810666 0.00823674 0.00801439 0.00797411 0.00860193 
0.00986876 0.0101216 0.00889295 0.00850253 0.015364 0.0118279 0.00858177 0.00891815 0.010237 0.0105118 0.00867258 0.0102599 0.0198918 0.0161347 0.0245947 0.0286137 0.0413364 0.0236584 0.0298424 0 0.107189 0.00983154 0.00934364 0.0110556 0.010541 0.0096883 0.015339 0.0631965 0.0197905 0.0261562 0.0259391 0.0255608 0.014421 0.0105866 0.0144033 0.00974419 0.00812453 0.00820775 0.00883054 0.00902366 0.0079514 0.00851126 0.0108748 
0.0083074 0.0085474 0.00819707 0.00861027 0.00984659 0.00996422 0.0101394 0.00991621 0.0134157 0.00970479 0.00896973 0.0140836 0.0102851 0.0109993 0.00952723 0.0104607 0.0123789 0.0115331 0.0151711 0.107189 0 0.00379856 0.00382801 0.00393342 0.00897033 0.00833877 0.923014 0.0143728 0.0112238 0.0116111 0.0119392 0.0131752 0.00945912 0.0130415 0.0106668 0.00991745 0.00936732 0.00943883 0.011891 0.00832852 0.00828952 0.00944353 0.00883116 
0.00792236 0.00789132 0.00806382 0.00814075 0.00809983 0.00989127 0.0151083 0.0155436 0.00922263 0.00860778 0.013744 0.00988284 0.00862194 0.00840014 0.00844766 0.00872558 0.00888884 0.00998045 0.0160534 0.00983154 0.00379856 0 0.00381523 0.00377631 0.00699418 0.943842 0.0224341 0.00946999 0.0086777 0.00909076 0.00909853 0.00972303 0.0090712 0.0101286 0.00842686 0.00950636 0.0146954 0.0128801 0.00879885 0.00822574 0.00876826 0.00869832 0.00852431 
0.00787372 0.00789948 0.0081827 0.00805461 0.0083305 0.00990917 0.0134389 0.011504 0.00891758 0.0101092 0.0103291 0.00936254 0.00872089 0.00845893 0.00902153 0.00942967 0.00982002 0.0125197 0.0147042 0.00934364 0.00382801 0.00381523 0 0.00387343 0.870701 0.031517 0.0106748 0.00833032 0.0100131 0.00961234 0.0102221 0.0100258 0.0104559 0.00911975 0.00856559 0.0097616 0.0131223 0.0106115 0.0088487 0.00871116 0.0087264 0.0083486 0.0080784 
0.00853897 0.00869193 0.00824887 0.00816953 0.00909443 0.0125279 0.0090966 0.00889122 0.0098752 0.0107064 0.00862898 0.00998257 0.0114891 0.0101403 0.0111695 0.012986 0.0132947 0.0118162 0.0142159 0.0110556 0.00393342 0.00377631 0.00387343 0 0.0528484 0.00850428 0.00995513 0.0108731 0.0131183 0.0163556 0.0153914 0.0163673 0.0114486 0.0104338 0.0106969 0.0133286 0.00909409 0.00879963 0.00947874 0.0098095 0.00828897 0.00865677 0.0094615 
0.00838663 0.00883912 0.00801953 0.00836439 0.0089842 0.00848721 0.00829071 0.00873898 0.00995083 0.0086828 0.0081405 0.0100773 0.00918865 0.0096528 0.00878128 0.00973978 0.0114433 0.00927235 0.0129251 0.010541 0.00897033 0.00699418 0.870701 0.0528484 0 0.00381247 0.00396163 0.00613524 0.0157981 0.0130431 0.0135528 0.015983 0.0102677 0.0128618 0.0100717 0.00887539 0.00844654 0.00890901 0.011105 0.008542 0.00813081 0.01008 0.00929436 
0.00783656 0.00786403 0.00792341 0.00793468 0.00803334 0.00870765 0.0100463 0.00962471 0.00834213 0.00820286 0.0107693 0.00855448 0.00828607 0.00819529 0.00822794 0.00852505 0.00857498 0.0100636 0.00994531 0.0096883 0.00833877 0.943842 0.031517 0.00850428 0.00381247 0 0.00375539 0.00637861 0.0103201 0.0122771 0.0106176 0.0105231 0.0122236 0.00935041 0.00855053 0.0089599 0.0117876 0.00966393 0.00840407 0.00817463 0.0093382 0.00813696 0.0081151 
0.00811079 0.00815529 0.00819737 0.00802063 0.00865926 0.0106696 0.00917002 0.0086213 0.00910089 0.00954319 0.00860584 0.00991267 0.00959928 0.00954776 0.00964646 0.0109273 0.0111713 0.0108664 0.0102869 0.015339 0.923014 0.0224341 0.0106748 0.00995513 0.00396163 0.00375539 0 0.0171093 0.0170527 0.0142028 0.0151329 0.0156191 0.0133754 0.0110673 0.0104606 0.0140827 0.0092976 0.00889694 0.00933503 0.0101503 0.00829524 0.00884098 0.00953985 
0.0100511 0.00952404 0.00851886 0.00829048 0.0115644 0.00878467 0.00801377 0.00809001 0.00873529 0.00880151 0.00805596 0.00868032 0.0140183 0.0122437 0.0131232 0.0148776 0.0204031 0.0127057 0.0108573 0.0631965 0.0143728 0.00946999 0.00833032 0.0108731 0.00613524 0.00637861 0.0171093 0 0.182737 0.0358698 0.0382032 0.0504625 0.016213 0.0134754 0.0223295 0.00969811 0.00846372 0.00841402 0.00980992 0.00924571 0.0081667 0.00908297 0.0149948 
0.00976283 0.00999353 0.0085157 0.00840054 0.00943478 0.00832236 0.00789775 0.00793567 0.00875078 0.00906872 0.00793215 0.00862972 0.0100334 0.0107065 0.0104269 0.013597 0.0143478 0.00947541 0.0101827 0.0197905 0.0112238 0.0086777 0.0100131 0.0131183 0.0157981 0.0103201 0.0170527 0.182737 0 0.273737 0.0533064 0.04933 0.0154844 0.0169953 0.0192786 0.0100138 0.00830188 0.00836629 0.0101975 0.00995054 0.00829211 0.00906688 0.014582 
0.0117768 0.0100616 0.00844471 0.00863294 0.0100012 0.00870212 0.0079524 0.00803007 0.00932651 0.00887447 0.00791416 0.00883701 0.0100472 0.012083 0.0124953 0.0147089 0.014055 0.00978094 0.012113 0.0261562 0.0116111 0.00909076 0.00961234 0.0163556 0.0130431 0.0122771 0.0142028 0.0358698 0.273737 0 0.269667 0.0590083 0.0204362 0.0201362 0.0312896 0.0106904 0.0086285 0.00861565 0.0126944 0.0106103 0.00878781 0.00996279 0.0202166 
0.00931456 0.00947854 0.00827594 0.00839816 0.0100669 0.00835443 0.00793797 0.0079534 0.00886154 0.0085949 0.00790994 0.00903258 0.0100917 0.0107982 0.0106487 0.0131139 0.012744 0.00927297 0.0110397 0.0259391 0.0119392 0.00909853 0.0102221 0.0153914 0.0135528 0.0106176 0.0151329 0.0382032 0.0533064 0.269667 0 0.255043 0.0141221 0.0515783 0.0351522 0.0108806 0.00893847 0.00962328 0.0128206 0.0102697 0.00869612 0.0108399 0.020814 
0.0103095 0.0109226 0.00899082 0.00870274 0.0108912 0.00871073 0.00799872 0.00798753 0.00934464 0.00944943 0.00804682 0.00923907 0.011516 0.0122041 0.0116031 0.0146529 0.0152961 0.0109586 0.0108314 0.0255608 0.0131752 0.00972303 0.0100258 0.0163673 0.015983 0.0105231 0.0156191 0.0504625 0.04933 0.0590083 0.255043 0 0.500723 0.0169088 0.0614955 0.0162039 0.00989889 0.00965081 0.0157172 0.0147826 0.00980709 0.013244 0.0245593 
0.00826141 0.00842193 0.00809509 0.00808325 0.00835075 0.0080262 0.00801401 0.00810728 0.00832028 0.00800101 0.00805766 0.00829468 0.00920796 0.0086498 0.00832247 0.00875228 0.00961843 0.00956216 0.00869119 0.014421 0.00945912 0.0090712 0.0104559 0.0114486 0.0102677 0.0122236 0.0133754 0.016213 0.0154844 0.0204362 0.0141221 0.500723 0 0.00426885 0.0285015 0.0123641 0.0114073 0.0142121 0.0120807 0.0101347 0.00896133 0.013594 0.0122145 
0.0080542 0.00800315 0.00794822 0.00813623 0.00802874 0.00819618 0.00813387 0.00808104 0.00809206 0.00818928 0.00797238 0.00807572 0.00811075 0.00847362 0.00825379 0.00894899 0.00862804 0.00832309 0.00859998 0.0105866 0.0130415 0.0101286 0.00911975 0.0104338 0.0128618 0.00935041 0.0110673 0.0134754 0.0169953 0.0201362 0.0515783 0.0169088 0.00426885 0 0.0327002 0.0147428 0.0154837 0.0142398 0.0156286 0.0114363 0.0110833 0.00897558 0.013258 
0.00903351 0.00907975 0.00825681 0.00813094 0.00920873 0.00823769 0.007934 0.00782068 0.00838057 0.0083218 0.00781359 0.00824771 0.00958165 0.00913723 0.00954955 0.0104178 0.0108538 0.00897123 0.00857029 0.0144033 0.0106668 0.00842686 0.00856559 0.0106969 0.0100717 0.00855053 0.0104606 0.0223295 0.0192786 0.0312896 0.0351522 0.0614955 0.0285015 0.0327002 0 0.117624 0.00918908 0.0108264 0.0112676 0.0116375 0.00918984 0.0152849 0.132839 
0.00819474 0.0081217 0.00788445 0.00812013 0.00816949 0.00792126 0.00828009 0.00821286 0.00846843 0.00799942 0.00811559 0.00842129 0.00800723 0.00821615 0.00809524 0.00822223 0.00833665 0.00820897 0.00862461 0.00974419 0.00991745 0.00950636 0.0097616 0.0133286 0.00887539 0.0089599 0.0140827 0.00969811 0.0100138 0.0106904 0.0108806 0.0162039 0.0123641 0.0147428 0.117624 0 0.00378686 0.00382615 0.0039723 0.00977391 0.00832818 0.912637 0.0199403 
0.00803663 0.0078479 0.00792931 0.00799374 0.00786794 0.00817978 0.00927959 0.00866748 0.00805915 0.00797905 0.00823008 0.00809735 0.00784861 0.00784277 0.00781419 0.00788753 0.00786492 0.00802153 0.00816227 0.00812453 0.00936732 0.0146954 0.0131223 0.00909409 0.00844654 0.0117876 0.0092976 0.00846372 0.00830188 0.0086285 0.00893847 0.00989889 0.0114073 0.0154837 0.00918908 0.00378686 0 0.00378607 0.00379338 0.0074145 0.90267 0.0269415 0.0186801 
0.00789553 0.00783971 0.00795237 0.00789247 0.00782332 0.00815991 0.00851387 0.00827755 0.00803823 0.00803655 0.00817565 0.0080448 0.00789691 0.00788034 0.00781695 0.00783888 0.00790684 0.00810511 0.0080451 0.00820775 0.00943883 0.0128801 0.0106115 0.00879963 0.00890901 0.00966393 0.00889694 0.00841402 0.00836629 0.00861565 0.00962328 0.00965081 0.0142121 0.0142398 0.0108264 0.00382615 0.00378607 0 0.00377912 0.854414 0.0234971 0.0117748 0.0102742 
0.00828971 0.00822706 0.0080198 0.00806769 0.00803976 0.00846562 0.00804498 0.00818946 0.00802608 0.00828261 0.0079474 0.00810559 0.00823093 0.00824292 0.00832921 0.00847119 0.00852967 0.00824876 0.00810666 0.00883054 0.011891 0.00879885 0.0088487 0.00947874 0.011105 0.00840407 0.00933503 0.00980992 0.0101975 0.0126944 0.0128206 0.0157172 0.0120807 0.0156286 0.0112676 0.0039723 0.00379338 0.00377912 0 0.0372965 0.00911518 0.00821345 0.0177524 
0.00859741 0.00854799 0.00802637 0.00806456 0.00830208 0.00789837 0.00803682 0.00804524 0.00824409 0.00819947 0.00789142 0.00819257 0.0080955 0.0082354 0.00805669 0.00833889 0.00874861 0.00813848 0.00823674 0.00902366 0.00832852 0.00822574 0.00871116 0.0098095 0.008542 0.00817463 0.0101503 0.00924571 0.00995054 0.0106103 0.0102697 0.0147826 0.0101347 0.0114363 0.0116375 0.00977391 0.0074145 0.854414 0.0372965 0 0.00389178 0.00418657 0.0105077 
0.00798311 0.0078817 0.00794632 0.00792322 0.00781685 0.00798876 0.0081927 0.00813152 0.00790608 0.00783447 0.00799207 0.00796508 0.00781039 0.00786165 0.00779427 0.0078501 0.00785729 0.00784252 0.00801439 0.0079514 0.00828952 0.00876826 0.0087264 0.00828897 0.00813081 0.0093382 0.00829524 0.0081667 0.00829211 0.00878781 0.00869612 0.00980709 0.00896133 0.0110833 0.00918984 0.00832818 0.90267 0.0234971 0.00911518 0.00389178 0 0.00378073 0.00714564 
0.00821998 0.00825481 0.00804473 0.00794778 0.00802946 0.00815387 0.00803949 0.00794266 0.0080557 0.00807145 0.00797101 0.00822191 0.00832867 0.00811051 0.00803922 0.00815269 0.00852813 0.00834515 0.00797411 0.00851126 0.00944353 0.00869832 0.0083486 0.00865677 0.01008 0.00813696 0.00884098 0.00908297 0.00906688 0.00996279 0.0108399 0.013244 0.013594 0.00897558 0.0152849 0.912637 0.0269415 0.0117748 0.00821345 0.00418657 0.00378073 0 0.0626357 
0.00926284 0.00939487 0.00821298 0.00839513 0.00889218 0.00811147 0.00790826 0.00792673 0.00846782 0.00825037 0.00789228 0.00816786 0.0086964 0.00878555 0.00861165 0.00930866 0.00962571 0.00835911 0.00860193 0.0108748 0.00883116 0.00852431 0.0080784 0.0094615 0.00929436 0.0081151 0.00953985 0.0149948 0.014582 0.0202166 0.020814 0.0245593 0.0122145 0.013258 0.132839 0.0199403 0.0186801 0.0102742 0.0177524 0.0105077 0.00714564 0.0626357 0 
