1KLOA
CPCPGGSSCAIVPKTKEVVCTHCPTGTAGKRCELCDDGYFGDPLGSNGPVRLCRPCQCNDNIDPNAVGNCNRLTGECLKCIYNTAGFYCDRCKEGFFGNPLAPNPADKCKACACNPYGTVQQQSSCNPVTGQCQCLPHVSGRDCGTCDPGYYNLQSGQGCER
CCCCCCCCEEECCCCCCEEECCCCCCEECCCCCEECCCEEEECCCCCCCCEEEEECCCCCCECCCCCCCECCCCCCECCECCCEECCCCCEECCCEEECCCCCCHHHCEEECCCCCCCEHHHCCCCCCCCCCCCECCCEECCCCCEECCCCECHHHCCCCEC
0 0 0 0 0 0 0 0 0 0 0 0 0 0 0 0 0 0 0 0 0 0 0 0 0 0 0 0 0 0 0 0 0 0 0 0 0 0 0 0 0 0 0 0 0 0 0 0 0 0 0 0 0 0 0 0 0 0 0 0 0 0 0 0 0 0 0 0 0 0 0 0 0 0 0 0 0 0 0 0 0 0 0 0 0 0 0 0 0 0 0 0 0 0 0 0 0 0 0 0 0 0 0 0 0 0 0 0 0 0 0 0 0 0 0 0 0 0 0 0 0 0 0 0 0 0 0 0 0 0 0 0 0 0 0 0 0 0 0 0 0 0 0 0 0 0 0 0 0 0 0 0 0 0 0 0 0 0 0 0 0 0 
0 0 0 0 0 0 0 0 0 0 0 0 0 0 0 0 0 0 0 0 0 0 0 0 0 0 0 0 0 0 0 0 0 0 0 0 0 0 0 0 0 0 0 0 0 0 0 0 0 0 0 0 0 0 0 0 0 0 0 0 0 0 0 0 0 0 0 0 0 0 0 0 0 0 0 0 0 0 0 0 0 0 0 0 0 0 0 0 0 0 0 0 0 0 0 0 0 0 0 0 0 0 0 0 0 0 0 0 0 0 0 0 0 0 0 0 0 0 0 0 0 0 0 0 0 0 0 0 0 0 0 0 0 0 0 0 0 0 0 0 0 0 0 0 0 0 0 0 0 0 0 0 0 0 0 0 0 0 0 0 0 0 
0 0.00394168 0.00444131 0.00663947 0.00842061 0.874677 0.00865996 0.0135445 0.00892444 0.0178136 0.0101315 0.00925398 0.00931554 0.0140443 0.0099774 0.00848016 0.00947766 0.008393 0.011373 0.0112549 0.0100794 0.0109195 0.011278 0.00843882 0.00879568 0.00801332 0.00981372 0.00811695 0.00826444 0.00897825 0.00827958 0.00789105 0.00913281 0.00871257 0.00838176 0.00797492 0.00802481 0.00788044 0.0087615 0.0084781 0.0083015 
0.00394168 0 0.00387249 0.00710382 0.934542 0.00757288 0.010918 0.00940966 0.0110173 0.0112286 0.00954155 0.011674 0.0109002 0.0085235 0.00904065 0.0101971 0.00854323 0.0108714 0.00844342 0.00904592 0.00853114 0.00865398 0.00887472 0.00865865 0.00832626 0.00821454 0.00850723 0.0082203 0.00910724 0.00816254 0.00818699 0.00845808 0.00795658 0.00811444 0.00802316 0.00795561 0.00800613 0.00787219 0.00819279 0.00799339 0.00808032 
0.00444131 0.00387249 0 0.950239 0.0065884 0.00708433 0.0110286 0.0114237 0.0105436 0.0115712 0.0160387 0.0106616 0.00884008 0.00907148 0.0138976 0.00885989 0.0103553 0.00837491 0.00891007 0.0119763 0.0105172 0.0100378 0.0107238 0.00939309 0.00825672 0.00840843 0.00846717 0.010772 0.00815908 0.00819589 0.0110608 0.00804356 0.00807228 0.00854644 0.00819938 0.00842452 0.00803141 0.00807547 0.00803753 0.00839256 0.00848788 
0.00663947 0.00710382 0.950239 0 0.00380613 0.00409962 0.00856764 0.0177344 0.0102491 0.0122047 0.0102091 0.00870043 0.0252586 0.0153208 0.0107457 0.00904756 0.00939325 0.00909879 0.0130827 0.0120618 0.0101716 0.0104562 0.0121047 0.00868139 0.00896844 0.00828118 0.00948384 0.00840099 0.00849629 0.0103872 0.00836882 0.00815041 0.00957388 0.00912293 0.00863422 0.00801243 0.00810328 0.0079509 0.00831814 0.00870791 0.00855593 
0.00842061 0.934542 0.0065884 0.00380613 0 0.00387539 0.0169292 0.0214135 0.013289 0.0161558 0.00871347 0.0226818 0.0152922 0.0089194 0.0089325 0.0136079 0.00855996 0.0146683 0.00858291 0.0100543 0.00911694 0.00894344 0.00945329 0.00867718 0.00860826 0.00833111 0.0085236 0.00852502 0.0102764 0.00831569 0.00846835 0.00872928 0.00806056 0.00812087 0.00788496 0.00801856 0.00802626 0.00790281 0.00799655 0.00796039 0.00797949 
0.874677 0.00757288 0.00708433 0.00409962 0.00387539 0 0.0130076 0.0153201 0.00921238 0.0113451 0.0280521 0.0123446 0.0107206 0.0139446 0.0172015 0.00882584 0.0104073 0.0085889 0.0103907 0.0154164 0.013089 0.0125503 0.0133137 0.010148 0.00852755 0.00905006 0.00912567 0.0128211 0.0084263 0.00887372 0.0132348 0.00810377 0.00850537 0.00860152 0.00815247 0.00839443 0.008062 0.0080044 0.00820127 0.00854256 0.00858372 
0.00865996 0.010918 0.0110286 0.00856764 0.0169292 0.0130076 0 0.00621525 0.00764443 0.783187 0.0101231 0.0088608 0.0130487 0.0261871 0.00946318 0.010122 0.00826128 0.0103393 0.0124315 0.0158124 0.0141337 0.0129664 0.0143163 0.0094759 0.0116659 0.00877141 0.0128176 0.009119 0.00918559 0.0101473 0.00873008 0.00831234 0.00888666 0.0113278 0.00909661 0.00806438 0.00857905 0.00813583 0.00849454 0.00913883 0.00892402 
0.0135445 0.00940966 0.0114237 0.0177344 0.0214135 0.0153201 0.00621525 0 0.84421 0.00855014 0.0091433 0.00945221 0.0185043 0.0103767 0.0117404 0.00906016 0.00902746 0.00869811 0.00915167 0.0202787 0.0134867 0.0143735 0.0141719 0.011243 0.00840308 0.00963533 0.00979591 0.0108973 0.00901886 0.00862822 0.0112793 0.00816135 0.00852873 0.00891936 0.00822961 0.00910053 0.00798888 0.0081504 0.00832207 0.0088554 0.00870902 
0.00892444 0.0110173 0.0105436 0.0102491 0.013289 0.00921238 0.00764443 0.84421 0 0.0045287 0.00585678 0.03237 0.0172002 0.0112928 0.00863628 0.0086656 0.00745722 0.0082095 0.00963802 0.0117271 0.0118252 0.010124 0.013276 0.00864686 0.0105099 0.00836032 0.0110424 0.0086697 0.00860084 0.00907843 0.00866055 0.00821085 0.00857603 0.00972673 0.00824948 0.00790986 0.00825662 0.00792357 0.00818267 0.00863033 0.00845212 
0.0178136 0.0112286 0.0115712 0.0122047 0.0161558 0.0113451 0.783187 0.00855014 0.0045287 0 0.0528167 0.0268114 0.00512634 0.00483002 0.00959263 0.00774161 0.00924825 0.00808622 0.00904155 0.0463745 0.0170799 0.0193003 0.0218163 0.0161961 0.0090403 0.0101666 0.0126371 0.0110248 0.00956427 0.00840795 0.0141532 0.008263 0.00821239 0.00931769 0.0084173 0.00999187 0.00801364 0.00803903 0.00891804 0.00906447 0.00893457 
0.0101315 0.00954155 0.0160387 0.0102091 0.00871347 0.0280521 0.0101231 0.0091433 0.00585678 0.0528167 0 0.00411051 0.00384147 0.00438668 0.00728234 0.00771698 0.0104202 0.0456149 0.533194 0.0105145 0.0114045 0.0114839 0.0127027 0.00893114 0.0110408 0.00873495 0.0102415 0.00895095 0.00863397 0.0114547 0.00858827 0.00823181 0.00976256 0.0108675 0.00904393 0.00795779 0.00881763 0.00805898 0.00847348 0.00891611 0.00896541 
0.00925398 0.011674 0.0106616 0.00870043 0.0226818 0.0123446 0.0088608 0.00945221 0.03237 0.0268114 0.00411051 0 0.00380302 0.0037832 0.00710882 0.0162552 0.107863 0.382306 0.00851693 0.00925677 0.00850688 0.00935635 0.00956317 0.00947278 0.00854767 0.00850061 0.00937529 0.00854141 0.00973407 0.00881139 0.00859594 0.00861954 0.00856209 0.00811482 0.00788711 0.00804448 0.00795649 0.00785191 0.00802493 0.00789414 0.00801915 
0.00931554 0.0109002 0.00884008 0.0252586 0.0152922 0.0107206 0.0130487 0.0185043 0.0172002 0.00512634 0.00384147 0.00380302 0 0.00377024 0.0134969 0.105798 0.101239 0.0103614 0.00663909 0.00860323 0.00937101 0.00935003 0.00918164 0.00922298 0.00903383 0.00923254 0.00857208 0.0105001 0.0104413 0.00880477 0.00925341 0.00932281 0.00867675 0.00822621 0.00796584 0.00812175 0.00801354 0.0079313 0.00802547 0.00793836 0.00795161 
0.0140443 0.0085235 0.00907148 0.0153208 0.0089194 0.0139446 0.0261871 0.0103767 0.0112928 0.00483002 0.00438668 0.0037832 0.00377024 0 0.332353 0.0419951 0.00902857 0.00628587 0.00685658 0.0105153 0.0132625 0.0113841 0.0115488 0.0112277 0.00913742 0.00949245 0.00888071 0.0133367 0.008569 0.00880475 0.0156445 0.00829488 0.00882918 0.00904071 0.0082432 0.00851175 0.00803797 0.00817616 0.00798748 0.00866932 0.00856926 
0.0099774 0.00904065 0.0138976 0.0107457 0.0089325 0.0172015 0.00946318 0.0117404 0.00863628 0.00959263 0.00728234 0.00710882 0.0134969 0.332353 0 0.00387091 0.00383507 0.00381997 0.00411584 0.00807849 0.0105424 0.0121068 0.0144025 0.0095569 0.00975496 0.00884256 0.0113998 0.00923902 0.00879659 0.0113605 0.00918751 0.00844609 0.0112744 0.00984894 0.00899611 0.00816879 0.0083867 0.00807353 0.00883706 0.00884215 0.00872327 
0.00848016 0.0101971 0.00885989 0.00904756 0.0136079 0.00882584 0.010122 0.00906016 0.0086656 0.00774161 0.00771698 0.0162552 0.105798 0.0419951 0.00387091 0 0.00374091 0.00375765 0.00378385 0.00612056 0.00780509 0.00854628 0.00896029 0.0089272 0.00882992 0.0102023 0.00866217 0.0090339 0.00931497 0.00871963 0.00850908 0.00979951 0.00827942 0.0085604 0.0079584 0.00798519 0.00804813 0.00791308 0.00800393 0.00799067 0.00810413 
0.00947766 0.00854323 0.0103553 0.00939325 0.00855996 0.0104073 0.00826128 0.00902746 0.00745722 0.00924825 0.0104202 0.107863 0.101239 0.00902857 0.00383507 0.00374091 0 0.00377396 0.00374735 0.0054091 0.00759167 0.00909314 0.0102412 0.00870134 0.0086126 0.00819705 0.0105608 0.00881591 0.00863187 0.0087842 0.0104163 0.00836992 0.00944085 0.00804744 0.00797409 0.00817802 0.00792547 0.00785785 0.00836523 0.00796021 0.00798335 
0.008393 0.0108714 0.00837491 0.00909879 0.0146683 0.0085889 0.0103393 0.00869811 0.0082095 0.00808622 0.0456149 0.382306 0.0103614 0.00628587 0.00381997 0.00375765 0.00377396 0 0.00379393 0.00485537 0.00693741 0.0085705 0.0083949 0.00865374 0.00886517 0.00934153 0.00837767 0.00952627 0.0170083 0.0085023 0.00889333 0.0138647 0.00864391 0.00844952 0.00791218 0.00818704 0.0079568 0.00795474 0.00786401 0.0078607 0.0078716 
0.011373 0.00844342 0.00891007 0.0130827 0.00858291 0.0103907 0.0124315 0.00915167 0.00963802 0.00904155 0.533194 0.00851693 0.00663909 0.00685658 0.00411584 0.00378385 0.00374735 0.00379393 0 0.00859252 0.00882225 0.00995955 0.0112375 0.0106201 0.00845608 0.00989057 0.00855081 0.0165113 0.00844657 0.00885436 0.0143861 0.00829557 0.00843418 0.00913407 0.00818606 0.0086284 0.0080367 0.00846889 0.0080298 0.00862744 0.00879304 
0.0112549 0.00904592 0.0119763 0.0120618 0.0100543 0.0154164 0.0158124 0.0202787 0.0117271 0.0463745 0.0105145 0.00925677 0.00860323 0.0105153 0.00807849 0.00612056 0.0054091 0.00485537 0.00859252 0 0.509089 0.0614763 0.306998 0.0176233 0.0199681 0.0108452 0.0455819 0.0123195 0.0107235 0.0123872 0.0156564 0.00867084 0.0107011 0.026312 0.0191447 0.0112799 0.00956608 0.00870212 0.0115695 0.0168015 0.0120036 
0.0100794 0.00853114 0.0105172 0.0101716 0.00911694 0.013089 0.0141337 0.0134867 0.0118252 0.0170799 0.0114045 0.00850688 0.00937101 0.0132625 0.0105424 0.00780509 0.00759167 0.00693741 0.00882225 0.509089 0 0.844882 0.0674821 0.0198465 0.0123975 0.0116608 0.0246937 0.0124065 0.00990356 0.0124463 0.0145127 0.00857976 0.0108508 0.0285702 0.0142877 0.00999616 0.00916944 0.00849388 0.0108744 0.015208 0.0127947 
0.0109195 0.00865398 0.0100378 0.0104562 0.00894344 0.0125503 0.0129664 0.0143735 0.010124 0.0193003 0.0114839 0.00935635 0.00935003 0.0113841 0.0121068 0.00854628 0.00909314 0.0085705 0.00995955 0.0614763 0.844882 0 0.326792 0.0146393 0.028007 0.00897939 0.0433131 0.011382 0.0173906 0.0119371 0.0179542 0.00878859 0.0107474 0.0287261 0.0164352 0.0119494 0.00986117 0.00878504 0.0133535 0.0175802 0.0133927 
0.011278 0.00887472 0.0107238 0.0121047 0.00945329 0.0133137 0.0143163 0.0141719 0.013276 0.0218163 0.0127027 0.00956317 0.00918164 0.0115488 0.0144025 0.00896029 0.0102412 0.0083949 0.0112375 0.306998 0.0674821 0.326792 0 0.0572428 0.0391135 0.0137082 0.0412573 0.0239887 0.0118739 0.0121294 0.0227857 0.00921845 0.0115945 0.0568788 0.0212113 0.0178046 0.010086 0.0103902 0.0157023 0.026261 0.0174447 
0.00843882 0.00865865 0.00939309 0.00868139 0.00867718 0.010148 0.0094759 0.011243 0.00864686 0.0161961 0.00893114 0.00947278 0.00922298 0.0112277 0.0095569 0.0089272 0.00870134 0.00865374 0.0106201 0.0176233 0.0198465 0.0146393 0.0572428 0 0.00844652 0.0046347 0.856816 0.00742153 0.0158811 0.0178192 0.0103227 0.0103934 0.01216 0.0148077 0.0123816 0.00937547 0.0105743 0.00822756 0.0149325 0.0108641 0.0103369 
0.00879568 0.00832626 0.00825672 0.00896844 0.00860826 0.00852755 0.0116659 0.00840308 0.0105099 0.0090403 0.0110408 0.00854767 0.00903383 0.00913742 0.00975496 0.00882992 0.0086126 0.00886517 0.00845608 0.0199681 0.0123975 0.028007 0.0391135 0.00844652 0 0.946822 0.0125869 0.0143608 0.0136746 0.0117371 0.0123666 0.00995077 0.00917785 0.0155626 0.0096353 0.0100947 0.0082011 0.00976638 0.00883311 0.00993003 0.00951494 
0.00801332 0.00821454 0.00840843 0.00828118 0.00833111 0.00905006 0.00877141 0.00963533 0.00836032 0.0101666 0.00873495 0.00850061 0.00923254 0.00949245 0.00884256 0.0102023 0.00819705 0.00934153 0.00989057 0.0108452 0.0116608 0.00897939 0.0137082 0.0046347 0.946822 0 0.00567568 0.00672008 0.0157342 0.0338013 0.00705245 0.00961018 0.00977554 0.0187132 0.0168166 0.00854406 0.0119889 0.0082988 0.0103181 0.0103849 0.00987858 
0.00981372 0.00850723 0.00846717 0.00948384 0.0085236 0.00912567 0.0128176 0.00979591 0.0110424 0.0126371 0.0102415 0.00937529 0.00857208 0.00888071 0.0113998 0.00866217 0.0105608 0.00837767 0.00855081 0.0455819 0.0246937 0.0433131 0.0412573 0.856816 0.0125869 0.00567568 0 0.0321342 0.0394974 0.00436567 0.0288938 0.00951382 0.0127302 0.0385188 0.0122577 0.0339166 0.00883116 0.010673 0.0131592 0.0143523 0.0113294 
0.00811695 0.0082203 0.010772 0.00840099 0.00852502 0.0128211 0.009119 0.0108973 0.0086697 0.0110248 0.00895095 0.00854141 0.0105001 0.0133367 0.00923902 0.0090339 0.00881591 0.00952627 0.0165113 0.0123195 0.0124065 0.011382 0.0239887 0.00742153 0.0143608 0.00672008 0.0321342 0 0.00401383 0.00432627 0.00988226 0.00930439 0.860841 0.0144522 0.0129078 0.0089635 0.013218 0.00889385 0.0123646 0.012565 0.0121406 
0.00826444 0.00910724 0.00815908 0.00849629 0.0102764 0.0084263 0.00918559 0.00901886 0.00860084 0.00956427 0.00863397 0.00973407 0.0104413 0.008569 0.00879659 0.00931497 0.00863187 0.0170083 0.00844657 0.0107235 0.00990356 0.0173906 0.0118739 0.0158811 0.0136746 0.0157342 0.0394974 0.00401383 0 0.00449335 0.0136431 0.900011 0.0097389 0.0109964 0.00908093 0.0115458 0.00937253 0.00951823 0.0101813 0.00944572 0.00888015 
0.00897825 0.00816254 0.00819589 0.0103872 0.00831569 0.00887372 0.0101473 0.00862822 0.00907843 0.00840795 0.0114547 0.00881139 0.00880477 0.00880475 0.0113605 0.00871963 0.0087842 0.0085023 0.00885436 0.0123872 0.0124463 0.0119371 0.0121294 0.0178192 0.0117371 0.0338013 0.00436567 0.00432627 0.00449335 0 0.910996 0.0069155 0.00857345 0.00902256 0.0101321 0.0108729 0.00884363 0.00959574 0.0092123 0.0103899 0.0103387 
0.00827958 0.00818699 0.0110608 0.00836882 0.00846835 0.0132348 0.00873008 0.0112793 0.00866055 0.0141532 0.00858827 0.00859594 0.00925341 0.0156445 0.00918751 0.00850908 0.0104163 0.00889333 0.0143861 0.0156564 0.0145127 0.0179542 0.0227857 0.0103227 0.0123666 0.00705245 0.0288938 0.00988226 0.0136431 0.910996 0 0.00381998 0.00387166 0.00852408 0.0233665 0.0133356 0.0125216 0.00962597 0.0205512 0.0166811 0.0130373 
0.00789105 0.00845808 0.00804356 0.00815041 0.00872928 0.00810377 0.00831234 0.00816135 0.00821085 0.008263 0.00823181 0.00861954 0.00932281 0.00829488 0.00844609 0.00979951 0.00836992 0.0138647 0.00829557 0.00867084 0.00857976 0.00878859 0.00921845 0.0103934 0.00995077 0.00961018 0.00951382 0.00930439 0.900011 0.0069155 0.00381998 0 0.00391313 0.00615989 0.0104392 0.00951 0.0106208 0.0112618 0.00900651 0.00957856 0.00888843 
0.00913281 0.00795658 0.00807228 0.00957388 0.00806056 0.00850537 0.00888666 0.00852873 0.00857603 0.00821239 0.00976256 0.00856209 0.00867675 0.00882918 0.0112744 0.00827942 0.00944085 0.00864391 0.00843418 0.0107011 0.0108508 0.0107474 0.0115945 0.01216 0.00917785 0.00977554 0.0127302 0.860841 0.0097389 0.00857345 0.00387166 0.00391313 0 0.0147338 0.0104759 0.01463 0.0103525 0.0127603 0.00941211 0.0114363 0.0117255 
0.00871257 0.00811444 0.00854644 0.00912293 0.00812087 0.00860152 0.0113278 0.00891936 0.00972673 0.00931769 0.0108675 0.00811482 0.00822621 0.00904071 0.00984894 0.0085604 0.00804744 0.00844952 0.00913407 0.026312 0.0285702 0.0287261 0.0568788 0.0148077 0.0155626 0.0187132 0.0385188 0.0144522 0.0109964 0.00902256 0.00852408 0.00615989 0.0147338 0 0.510354 0.0127269 0.0266907 0.0181629 0.0186464 0.0829975 0.0633974 
0.00838176 0.00802316 0.00819938 0.00863422 0.00788496 0.00815247 0.00909661 0.00822961 0.00824948 0.0084173 0.00904393 0.00788711 0.00796584 0.0082432 0.00899611 0.0079584 0.00797409 0.00791218 0.00818606 0.0191447 0.0142877 0.0164352 0.0212113 0.0123816 0.0096353 0.0168166 0.0122577 0.0129078 0.00908093 0.0101321 0.0233665 0.0104392 0.0104759 0.510354 0 0.0504088 0.0173715 0.0123154 0.0134274 0.0874772 0.03894 
0.00797492 0.00795561 0.00842452 0.00801243 0.00801856 0.00839443 0.00806438 0.00910053 0.00790986 0.00999187 0.00795779 0.00804448 0.00812175 0.00851175 0.00816879 0.00798519 0.00817802 0.00818704 0.0086284 0.0112799 0.00999616 0.0119494 0.0178046 0.00937547 0.0100947 0.00854406 0.0339166 0.0089635 0.0115458 0.0108729 0.0133356 0.00951 0.01463 0.0127269 0.0504088 0 0.00536102 0.00490621 0.909533 0.0176602 0.0244443 
0.00802481 0.00800613 0.00803141 0.00810328 0.00802626 0.008062 0.00857905 0.00798888 0.00825662 0.00801364 0.00881763 0.00795649 0.00801354 0.00803797 0.0083867 0.00804813 0.00792547 0.0079568 0.0080367 0.00956608 0.00916944 0.00986117 0.010086 0.0105743 0.0082011 0.0119889 0.00883116 0.013218 0.00937253 0.00884363 0.0125216 0.0106208 0.0103525 0.0266907 0.0173715 0.00536102 0 0.946013 0.00588055 0.0136233 0.0156268 
0.00788044 0.00787219 0.00807547 0.0079509 0.00790281 0.0080044 0.00813583 0.0081504 0.00792357 0.00803903 0.00805898 0.00785191 0.0079313 0.00817616 0.00807353 0.00791308 0.00785785 0.00795474 0.00846889 0.00870212 0.00849388 0.00878504 0.0103902 0.00822756 0.00976638 0.0082988 0.010673 0.00889385 0.00951823 0.00959574 0.00962597 0.0112618 0.0127603 0.0181629 0.0123154 0.00490621 0.946013 0 0.00455534 0.0281912 0.0398218 
0.0087615 0.00819279 0.00803753 0.00831814 0.00799655 0.00820127 0.00849454 0.00832207 0.00818267 0.00891804 0.00847348 0.00802493 0.00802547 0.00798748 0.00883706 0.00800393 0.00836523 0.00786401 0.0080298 0.0115695 0.0108744 0.0133535 0.0157023 0.0149325 0.00883311 0.0103181 0.0131592 0.0123646 0.0101813 0.0092123 0.0205512 0.00900651 0.00941211 0.0186464 0.0134274 0.909533 0.00588055 0.00455534 0 0.128113 0.0203842 
0.0084781 0.00799339 0.00839256 0.00870791 0.00796039 0.00854256 0.00913883 0.0088554 0.00863033 0.00906447 0.00891611 0.00789414 0.00793836 0.00866932 0.00884215 0.00799067 0.00796021 0.0078607 0.00862744 0.0168015 0.015208 0.0175802 0.026261 0.0108641 0.00993003 0.0103849 0.0143523 0.012565 0.00944572 0.0103899 0.0166811 0.00957856 0.0114363 0.0829975 0.0874772 0.0176602 0.0136233 0.0281912 0.128113 0 0.830203 
0.0083015 0.00808032 0.00848788 0.00855593 0.00797949 0.00858372 0.00892402 0.00870902 0.00845212 0.00893457 0.00896541 0.00801915 0.00795161 0.00856926 0.00872327 0.00810413 0.00798335 0.0078716 0.00879304 0.0120036 0.0127947 0.0133927 0.0174447 0.0103369 0.00951494 0.00987858 0.0113294 0.0121406 0.00888015 0.0103387 0.0130373 0.00888843 0.0117255 0.0633974 0.03894 0.0244443 0.0156268 0.0398218 0.0203842 0.830203 0 
