1KTEA
AQAFVNSKIQPGKVVVFIKPTCPFCRKTQELLSQLPFKEGLLEFVDITATSDTNEIQDYLQQLTGARTVPRVFIGKECIGGCTDLESMHKRGELLTRLQQVGAVK
CHHHHHHHCCCCCEEEEECCCCHHHHHHHHHHHHCCECCCCEEEEEHHHCCCHHHHHHHHHHHHCCCCCCEEEECCEEEECHHHHHHHHHHCHHHHHHHHHCCEC
0 0 0 0 0 0 0 0 0 0 0 0 0 0 0 0 0 0 0 0 0 0 0 0 0 0 0 0 0 0 0 0 0 0 0 0 0 0 0 0 0 0 0 0 0 0 0 0 0 0 0 0 0 0 0 0 0 0 0 0 0 0 0 0 0 0 0 0 0 0 0 0 0 0 0 0 0 0 0 0 0 0 0 0 0 0 0 0 0 0 0 0 0 0 0 0 0 0 0 0 0 0 0 0 0 
0 0 0 0 0 0 0 0 0 0 0 0 0 0 0 0 0 0 0 0 0 0 0 0 0 0 0 0 0 0 0 0 0 0 0 0 0 0 0 0 0 0 0 0 0 0 0 0 0 0 0 0 0 0 0 0 0 0 0 0 0 0 0 0 0 0 0 0 0 0 0 0 0 0 0 0 0 0 0 0 0 0 0 0 0 0 0 0 0 0 0 0 0 0 0 0 0 0 0 0 0 0 0 0 0 
0 0.00405887 0.00390313 0.00413012 0.005536 0.0625793 0.293038 0.0167426 0.0141625 0.0158649 0.031904 0.041572 0.0285868 0.016158 0.0287452 0.0146591 0.0104465 0.0114569 0.0220456 0.0190586 
0.00405887 0 0.00387053 0.00396067 0.00389973 0.0242676 0.0215039 0.447584 0.0230035 0.0448624 0.0136276 0.0453125 0.118399 0.0998072 0.0151152 0.0115606 0.0286383 0.0233949 0.0141413 0.0115285 
0.00390313 0.00387053 0 0.00386411 0.00380003 0.0127448 0.0213156 0.0321996 0.48715 0.0190701 0.0145493 0.0206068 0.171567 0.0867006 0.0182217 0.00968931 0.0227911 0.0305284 0.0133041 0.0102648 
0.00413012 0.00396067 0.00386411 0 0.00379749 0.0206825 0.0150294 0.0738086 0.0209798 0.271081 0.0172192 0.026305 0.0352939 0.0990979 0.0240209 0.0103612 0.0136246 0.0263076 0.0186783 0.0105032 
0.005536 0.00389973 0.00380003 0.00379749 0 0.045093 0.0634504 0.0131458 0.0142354 0.0220011 0.158685 0.0267903 0.013793 0.0125597 0.0283249 0.0140907 0.00933834 0.0100194 0.0214008 0.0180802 
0.0625793 0.0242676 0.0127448 0.0206825 0.045093 0 0.0887338 0.00537537 0.00474978 0.00782211 0.00516895 0.0180636 0.0139711 0.00986774 0.0219369 0.0138798 0.00898987 0.00908083 0.0174415 0.0987975 
0.293038 0.0215039 0.0213156 0.0150294 0.0634504 0.0887338 0 0.00382206 0.00380267 0.00439988 0.00459509 0.0515436 0.0156687 0.0114444 0.0337007 0.0117688 0.0097887 0.00983976 0.0195819 0.0243765 
0.0167426 0.447584 0.0321996 0.0738086 0.0131458 0.00537537 0.00382206 0 0.00383064 0.0037632 0.00385555 0.0283935 0.0412462 0.029327 0.0103695 0.00958972 0.011242 0.0113005 0.0104677 0.010051 
0.0141625 0.0230035 0.48715 0.0209798 0.0142354 0.00474978 0.00380267 0.00383064 0 0.00374694 0.0037774 0.0161711 0.0503871 0.0382912 0.00995135 0.010462 0.011149 0.0101851 0.00972458 0.00894148 
0.0158649 0.0448624 0.0190701 0.271081 0.0220011 0.00782211 0.00439988 0.0037632 0.00374694 0 0.00376298 0.0145558 0.0539173 0.0356398 0.0164178 0.00918365 0.0101698 0.0163793 0.0111673 0.0120015 
0.031904 0.0136276 0.0145493 0.0172192 0.158685 0.00516895 0.00459509 0.00385555 0.0037774 0.00376298 0 0.0139678 0.0112389 0.045996 0.04654 0.0154531 0.0107186 0.010675 0.0277032 0.0154719 
0.041572 0.0453125 0.0206068 0.026305 0.0267903 0.0180636 0.0515436 0.0283935 0.0161711 0.0145558 0.0139678 0 0.00411157 0.00385267 0.00401485 0.00468029 0.00565777 0.0137418 0.38104 0.0668135 
0.0285868 0.118399 0.171567 0.0352939 0.013793 0.0139711 0.0156687 0.0412462 0.0503871 0.0539173 0.0112389 0.00411157 0 0.00380647 0.00382684 0.00505728 0.0110874 0.424893 0.323416 0.0272319 
0.016158 0.0998072 0.0867006 0.0990979 0.0125597 0.00986774 0.0114444 0.029327 0.0382912 0.0356398 0.045996 0.00385267 0.00380647 0 0.00384139 0.0145759 0.962703 0.0168365 0.00650302 0.0231227 
0.0287452 0.0151152 0.0182217 0.0240209 0.0283249 0.0219369 0.0337007 0.0103695 0.00995135 0.0164178 0.04654 0.00401485 0.00382684 0.00384139 0 0.954996 0.00536181 0.0047343 0.00888395 0.0314318 
0.0146591 0.0115606 0.00968931 0.0103612 0.0140907 0.0138798 0.0117688 0.00958972 0.010462 0.00918365 0.0154531 0.00468029 0.00505728 0.0145759 0.954996 0 0.00444779 0.00373066 0.00508953 0.0589179 
0.0104465 0.0286383 0.0227911 0.0136246 0.00933834 0.00898987 0.0097887 0.011242 0.011149 0.0101698 0.0107186 0.00565777 0.0110874 0.962703 0.00536181 0.00444779 0 0.00399536 0.0037519 0.0289639 
0.0114569 0.0233949 0.0305284 0.0263076 0.0100194 0.00908083 0.00983976 0.0113005 0.0101851 0.0163793 0.010675 0.0137418 0.424893 0.0168365 0.0047343 0.00373066 0.00399536 0 0.00375072 0.0243415 
0.0220456 0.0141413 0.0133041 0.0186783 0.0214008 0.0174415 0.0195819 0.0104677 0.00972458 0.0111673 0.0277032 0.38104 0.323416 0.00650302 0.00888395 0.00508953 0.0037519 0.00375072 0 0.0981791 
0.0190586 0.0115285 0.0102648 0.0105032 0.0180802 0.0987975 0.0243765 0.010051 0.00894148 0.0120015 0.0154719 0.0668135 0.0272319 0.0231227 0.0314318 0.0589179 0.0289639 0.0243415 0.0981791 0 
