1L9XC
AKKPIIGILMQKCRNKVMKNYGRYYIAASYVKYLESAGARVVPVRLDLTEKDYEILFKSINGILFPGGSVDLRRSDYAKVAKIFYNLSIQSFDDGDYFPVWGTCLGFEELSLLISGECLLTATDTVDVAMPLNFTGGQLHSRMFQNFPTELLLSLAVEPLTANFHKWSLSVKNFTMNEKLKKFFNVLTTNTDGKIEFISTMEGYKYPVYGVQWHPEKAPYEWKNLDGISHAPNAVKTAFYLAEFFVNEARKNNHHFKSESEEEKALIYQFSPIYTGNISSFQQCYIFD
CCCCEEEEECEECCCHHHHHHCCEEEEHHHHHHHHHCCCEEEEECCCCCHHHHHHHHHHCCEEEECCCCCCCCCCHHHHHHHHHHHHHHHHHHCCCCCCEEEECHHHHHHHHHHHCCCCEEEEEEEEEEECCEECCCCCCCCCCCCCCHHHHHHHHHCCCEEEEEEEEEEHHHHHHCHHHHHHEEEEEEEECCCCEEEEEEEECCCCEEEECCCCCHHHHCCCCCCCCCCCHHHHHHHHHHHHHHHHHHCCCCCCCCCHHHHHHHCHHHCCCEECCCCCCCCEEEEEC
0 0 0 0 0 0 0 0 0 0 0 0 0 0 0 0 0 0 0 0 0 0 0 0 0 0 0 0 0 0 0 0 0 0 0 0 0 0 0 0 0 0 0 0 0 0 0 0 0 0 0 0 0 0 0 0 0 0 0 0 0 0 0 0 0 0 0 0 0 0 0 0 0 0 0 0 0 0 0 0 0 0 0 0 0 0 0 0 0 0 0 0 0 0 0 0 0 0 0 0 0 0 0 0 0 0 0 0 0 0 0 0 0 0 0 0 0 0 0 0 0 0 0 0 0 0 0 0 0 0 0 0 0 0 0 0 0 0 0 0 0 0 0 0 0 0 0 0 0 0 0 0 0 0 0 0 0 0 0 0 0 0 0 0 0 0 0 0 0 0 0 0 0 0 0 0 0 0 0 0 0 0 0 0 0 0 0 0 0 0 0 0 0 0 0 0 0 0 0 0 0 0 0 0 0 0 0 0 0 0 0 0 0 0 0 0 0 0 0 0 0 0 0 0 0 0 0 0 0 0 0 0 0 0 0 0 0 0 0 0 0 0 0 0 0 0 0 0 0 0 0 0 0 0 0 0 0 0 0 0 0 0 0 0 0 0 0 0 0 0 0 0 0 0 0 0 0 0 0 0 0 0 0 0 0 0 0 0 
0 0 0 0 0 0 0 0 0 0 0 0 0 0 0 0 0 0 0 0 0 0 0 0 0 0 0 0 0 0 0 0 0 0 0 0 0 0 0 0 0 0 0 0 0 0 0 0 0 0 0 0 0 0 0 0 0 0 0 0 0 0 0 0 0 0 0 0 0 0 0 0 0 0 0 0 0 0 0 0 0 0 0 0 0 0 0 0 0 0 0 0 0 0 0 0 0 0 0 0 0 0 0 0 0 0 0 0 0 0 0 0 0 0 0 0 0 0 0 0 0 0 0 0 0 0 0 0 0 0 0 0 0 0 0 0 0 0 0 0 0 0 0 0 0 0 0 0 0 0 0 0 0 0 0 0 0 0 0 0 0 0 0 0 0 0 0 0 0 0 0 0 0 0 0 0 0 0 0 0 0 0 0 0 0 0 0 0 0 0 0 0 0 0 0 0 0 0 0 0 0 0 0 0 0 0 0 0 0 0 0 0 0 0 0 0 0 0 0 0 0 0 0 0 0 0 0 0 0 0 0 0 0 0 0 0 0 0 0 0 0 0 0 0 0 0 0 0 0 0 0 0 0 0 0 0 0 0 0 0 0 0 0 0 0 0 0 0 0 0 0 0 0 0 0 0 0 0 0 0 0 0 0 0 0 0 0 0 
0 0.00391764 0.00384529 0.00388317 0.00422501 0.00455817 0.0165679 0.0301092 0.0195136 0.021127 0.0370714 0.0758578 0.0225447 0.0183874 0.0166171 0.0331472 0.0269132 0.0205023 0.0131124 0.0206413 0.0136349 0.0103558 0.0103019 0.014628 0.00853424 0.00826535 0.00821731 0.00821299 0.00826742 0.00825642 0.00819643 0.00817542 0.00829575 0.00850433 0.00942818 0.00847168 0.00942957 0.00854633 0.00834761 0.00836903 0.00811293 0.00798056 0.00802494 0.00808423 0.00828754 0.00834009 0.00965899 0.00875347 0.00831852 0.00852779 0.00833936 0.00841885 0.00809289 0.00811461 0.00838216 0.00850737 0.00822678 0.0082461 0.00829098 0.00817749 0.00814514 0.00811943 0.00836526 0.00825637 0.0082274 0.00829563 0.00832773 0.00837471 0.00901021 0.0085078 0.00845381 0.00857351 0.00862144 0.00907888 
0.00391764 0 0.00381755 0.00384175 0.00382917 0.00407816 0.00521428 0.0319623 0.0429952 0.0298343 0.0162547 0.0228783 0.141682 0.03124 0.0427704 0.012902 0.0485352 0.053614 0.032355 0.0138535 0.0174168 0.0192924 0.0226768 0.0105986 0.00825819 0.00901482 0.00847795 0.0089721 0.00875524 0.00903019 0.00854853 0.00883443 0.00887349 0.00932881 0.00840523 0.00817523 0.00829852 0.00821237 0.00977779 0.0100064 0.00881501 0.00848039 0.00849604 0.00865429 0.00875659 0.0086555 0.00840367 0.00835373 0.00878585 0.00910525 0.0091357 0.00896639 0.00852303 0.00831411 0.00801701 0.00806603 0.00867436 0.00876359 0.00879618 0.0087526 0.00855815 0.00846797 0.00808705 0.0081863 0.00866608 0.00855255 0.00813225 0.00832118 0.00861346 0.00841692 0.0087026 0.00880878 0.0086707 0.00867582 
0.00384529 0.00381755 0 0.0038397 0.00378172 0.00386285 0.0045955 0.0300141 0.0431697 0.0256754 0.012453 0.0215544 0.0394941 0.221826 0.0255404 0.0145222 0.0184234 0.0910666 0.042332 0.0195721 0.0146214 0.0318897 0.0236629 0.0113245 0.00851666 0.00922714 0.00936194 0.00953651 0.010533 0.00945793 0.00927348 0.010178 0.0103675 0.00913459 0.00846881 0.00848515 0.00816301 0.00853677 0.00932309 0.0105809 0.00905011 0.00872915 0.00880743 0.00899041 0.00939107 0.00887557 0.00841173 0.00830869 0.00955774 0.00986366 0.00965592 0.00988716 0.00870974 0.00838102 0.00805251 0.00824356 0.00877253 0.00924547 0.00962302 0.00910745 0.0091132 0.00862929 0.00829221 0.00825037 0.00914799 0.00901041 0.00824923 0.00826652 0.00845737 0.00866529 0.00896215 0.00909872 0.00879807 0.00943068 
0.00388317 0.00384175 0.0038397 0 0.00379421 0.00380302 0.00514536 0.0210815 0.0392154 0.0459873 0.0167249 0.0150466 0.0504563 0.0258885 0.126723 0.0154153 0.0175356 0.0311682 0.116557 0.024868 0.0139075 0.0168666 0.0322202 0.0117667 0.00835137 0.00874885 0.00837187 0.00908653 0.00856294 0.0090824 0.00851812 0.00873076 0.0087873 0.00912187 0.00833749 0.00810018 0.00822031 0.00853723 0.00890778 0.00909143 0.0087328 0.00838004 0.00831615 0.00854431 0.0084654 0.00853518 0.00824833 0.00825722 0.00847805 0.0089318 0.00892256 0.00908135 0.0082912 0.00826067 0.00802857 0.008009 0.00856691 0.00897342 0.00868686 0.0086239 0.00846402 0.00836447 0.0081153 0.0081893 0.00852102 0.00851112 0.00819372 0.00822579 0.00842911 0.00842371 0.00863515 0.00875702 0.00874738 0.00859242 
0.00422501 0.00382917 0.00378172 0.00379421 0 0.00404941 0.00392651 0.0264287 0.0142825 0.0212104 0.0195179 0.0263545 0.0127136 0.0202607 0.0155671 0.0522084 0.0192543 0.0142603 0.0166682 0.0239257 0.0143287 0.0116491 0.0128225 0.0139196 0.00890181 0.0081876 0.00828209 0.00841676 0.00828263 0.00847769 0.00831551 0.00833358 0.00841771 0.00841083 0.00834121 0.00833663 0.00827765 0.0087366 0.00830976 0.00842487 0.00828468 0.00810618 0.00809689 0.00816663 0.0083467 0.00824403 0.00838045 0.00832304 0.00889458 0.00865958 0.00852523 0.00840761 0.00816639 0.00811086 0.00810666 0.00808141 0.00850681 0.00848951 0.00859847 0.00827296 0.00829418 0.00811159 0.00839396 0.00816591 0.00816946 0.00819555 0.0083838 0.00824005 0.00842272 0.00851598 0.00854265 0.00859725 0.00855175 0.0088847 
0.00455817 0.00407816 0.00386285 0.00380302 0.00404941 0 0.00442643 0.014581 0.0775749 0.0195915 0.0197071 0.0115335 0.0114376 0.00944843 0.0117657 0.0189148 0.0115352 0.0109492 0.0108609 0.014511 0.00948742 0.00852003 0.0103117 0.0109804 0.00815537 0.00805195 0.00793992 0.00806868 0.00798804 0.0080898 0.00795795 0.00806247 0.00803444 0.00797701 0.00804462 0.00797276 0.00868802 0.00797982 0.00810016 0.00806508 0.00799255 0.00794715 0.00793802 0.00800907 0.00799239 0.00800784 0.00810445 0.00834653 0.0080045 0.00821399 0.00811882 0.00808276 0.00797925 0.00792776 0.00794035 0.00794806 0.00811801 0.00800703 0.00800234 0.0080737 0.00800501 0.00793461 0.0079362 0.00812192 0.00805401 0.00794216 0.00791049 0.00809685 0.00819007 0.00817697 0.00820786 0.00821789 0.00816698 0.00834226 
0.0165679 0.00521428 0.0045955 0.00514536 0.00392651 0.00442643 0 0.162597 0.018334 0.0107402 0.00884408 0.0199373 0.00980063 0.0091821 0.0111435 0.0106145 0.0144881 0.00957333 0.0099372 0.0100222 0.00985694 0.0083622 0.00867992 0.00874168 0.00871355 0.00802865 0.00797361 0.00787622 0.00800842 0.00790175 0.00790732 0.0079749 0.00796397 0.00802024 0.00798243 0.00975986 0.00804406 0.00873603 0.00799731 0.00803529 0.00795331 0.00792353 0.00789985 0.00798554 0.00805727 0.00797086 0.0080851 0.00805165 0.00807897 0.0080374 0.00798095 0.00809705 0.00790036 0.00797594 0.00799346 0.00815163 0.00807978 0.00804581 0.00793995 0.00797131 0.00797177 0.0079128 0.00798163 0.00798593 0.00803245 0.00793268 0.0080018 0.00825521 0.00835178 0.00825878 0.00828513 0.00817652 0.00826422 0.00825132 
0.0301092 0.0319623 0.0300141 0.0210815 0.0264287 0.014581 0.162597 0 0.00397163 0.0038318 0.00402393 0.0297132 0.0183889 0.0112773 0.0176412 0.0396554 0.0276134 0.0145146 0.0121656 0.0215318 0.0126862 0.0093289 0.00992342 0.0164312 0.00844243 0.00816924 0.00815591 0.00822332 0.00804262 0.00820616 0.00807016 0.00810982 0.00805816 0.00847159 0.00977971 0.00831673 0.0106782 0.00823864 0.00828431 0.00816308 0.00810819 0.00800584 0.00795006 0.00806166 0.0081087 0.00836825 0.00912299 0.00857525 0.00826469 0.00839227 0.00818313 0.00831618 0.00804668 0.00808272 0.008567 0.00830594 0.0082553 0.00816457 0.00815511 0.00812255 0.00807719 0.0080597 0.00831768 0.00828937 0.00809343 0.00826066 0.00816218 0.00821162 0.00846214 0.00827969 0.00825617 0.0084398 0.00842585 0.00922119 
0.0195136 0.0429952 0.0431697 0.0392154 0.0142825 0.0775749 0.018334 0.00397163 0 0.00379028 0.00376293 0.0271553 0.0362996 0.0480847 0.0389056 0.0132536 0.0197738 0.0440694 0.0256873 0.0116838 0.0139084 0.0216416 0.017569 0.0104169 0.00833406 0.00857147 0.00853173 0.00834881 0.00871172 0.00844803 0.0084172 0.00851041 0.00864371 0.00879889 0.00839711 0.00883064 0.00832892 0.00825976 0.00873122 0.00888034 0.00837878 0.0081982 0.0082037 0.00835395 0.00848032 0.00846254 0.00847319 0.00810372 0.00866611 0.00859893 0.00885744 0.00858587 0.00842194 0.00824492 0.00809286 0.00825794 0.00844847 0.00845454 0.00852235 0.00842548 0.00840246 0.00836432 0.00803837 0.00805709 0.00860023 0.00846165 0.0080729 0.00809565 0.00839258 0.00832479 0.00866733 0.00859933 0.00856283 0.0085559 
0.021127 0.0298343 0.0256754 0.0459873 0.0212104 0.0195915 0.0107402 0.0038318 0.00379028 0 0.00375133 0.0175843 0.0371179 0.0254616 0.0291216 0.0139137 0.0177747 0.0295304 0.0318576 0.018229 0.0158342 0.02107 0.0330843 0.012736 0.00891299 0.00890535 0.0083424 0.00892964 0.00843238 0.00899561 0.00852575 0.0085409 0.00922291 0.00870077 0.00859711 0.008477 0.00851254 0.00903113 0.00899597 0.00889773 0.00857527 0.00838848 0.00830351 0.00844407 0.00839863 0.00910716 0.00828955 0.0087483 0.00861515 0.00931252 0.00886578 0.00885128 0.00844888 0.00830778 0.00805712 0.00823284 0.00853981 0.00884839 0.00880908 0.00850548 0.00886801 0.00861557 0.0080517 0.00828228 0.00875554 0.00855455 0.00809703 0.00816696 0.0082412 0.00834181 0.00843645 0.0085627 0.00841013 0.00838915 
0.0370714 0.0162547 0.012453 0.0167249 0.0195179 0.0197071 0.00884408 0.00402393 0.00376293 0.00375133 0 0.0327672 0.0188231 0.0102405 0.0107094 0.0250622 0.0309513 0.0139541 0.0181975 0.0265522 0.0255325 0.0128458 0.0143344 0.0180005 0.0116605 0.0085315 0.00832075 0.00842081 0.0084095 0.00865359 0.00829413 0.00829147 0.00840436 0.008932 0.00858743 0.00988191 0.00835947 0.0103009 0.00851574 0.00848462 0.00837986 0.00839607 0.00811175 0.00808309 0.00829805 0.00836506 0.00880818 0.0100305 0.008869 0.00842776 0.00827821 0.00842487 0.00818389 0.00805181 0.00819613 0.00853999 0.00836265 0.00823957 0.00818053 0.00843228 0.00824539 0.00806893 0.00822906 0.0087722 0.00829276 0.00815245 0.00817165 0.00823955 0.00824028 0.00840365 0.00830333 0.00833667 0.00828067 0.00836415 
0.0758578 0.0228783 0.0215544 0.0150466 0.0263545 0.0115335 0.0199373 0.0297132 0.0271553 0.0175843 0.0327672 0 0.00417186 0.0038072 0.00389206 0.00422899 0.10308 0.0225033 0.0164382 0.0345978 0.0200282 0.0119441 0.0123019 0.0191669 0.00941202 0.00860279 0.00835893 0.00835669 0.00860999 0.00848161 0.00818903 0.0084048 0.00826387 0.00918785 0.0102815 0.00976267 0.00991119 0.00901807 0.00836968 0.0083395 0.00821212 0.00810586 0.00804302 0.00814774 0.00824047 0.00867432 0.00987624 0.00825575 0.00848896 0.00843751 0.00844437 0.00850209 0.00807876 0.00814216 0.00880084 0.00882916 0.00820647 0.0082057 0.00839078 0.00820665 0.00818642 0.00823326 0.00855305 0.00821791 0.00816926 0.00839177 0.00832792 0.00816141 0.00841727 0.00821131 0.00822561 0.00830576 0.00847277 0.00929398 
0.0225447 0.141682 0.0394941 0.0504563 0.0127136 0.0114376 0.00980063 0.0183889 0.0362996 0.0371179 0.0188231 0.00417186 0 0.00381423 0.00379004 0.00381856 0.111323 0.103459 0.0406464 0.0144958 0.022009 0.0249039 0.0269698 0.0119316 0.00873085 0.00910517 0.00895795 0.00969166 0.00895152 0.00950642 0.00869569 0.00888446 0.00947422 0.00958645 0.00876505 0.00839245 0.00855855 0.00857768 0.00980432 0.00918114 0.00904513 0.00854202 0.00847117 0.0086294 0.00880204 0.00917231 0.0086254 0.00855924 0.00895118 0.00911768 0.0092812 0.00904001 0.00850309 0.00839022 0.00808288 0.00818882 0.00876494 0.00884295 0.00888418 0.00888245 0.00866988 0.00861553 0.00807767 0.00821851 0.00890628 0.00865868 0.00813828 0.00803761 0.00822748 0.00824536 0.00851816 0.00860882 0.00859921 0.00844436 
0.0183874 0.03124 0.221826 0.0258885 0.0202607 0.00944843 0.0091821 0.0112773 0.0480847 0.0254616 0.0102405 0.0038072 0.00381423 0 0.00383561 0.00376271 0.0356843 0.122036 0.0484815 0.0129964 0.0175318 0.0462698 0.0215987 0.0110326 0.00861652 0.00949451 0.010423 0.0102884 0.011552 0.0110642 0.00990785 0.010454 0.0127496 0.0094511 0.00861929 0.00835526 0.00825425 0.00857316 0.00997409 0.0114828 0.0100104 0.00907489 0.00882998 0.00937027 0.00967567 0.00903326 0.00832422 0.00837711 0.00911105 0.0103134 0.00983039 0.0100087 0.00883245 0.00837851 0.00805169 0.00817693 0.0088285 0.00912193 0.0093743 0.00917356 0.00924662 0.0087349 0.00819733 0.00828547 0.00904075 0.00896558 0.00812636 0.00801583 0.00811226 0.00830414 0.0086625 0.00876609 0.0086516 0.00871104 
0.0166171 0.0427704 0.0255404 0.126723 0.0155671 0.0117657 0.0111435 0.0176412 0.0389056 0.0291216 0.0107094 0.00389206 0.00379004 0.00383561 0 0.00376924 0.0205846 0.0709757 0.138526 0.02293 0.0185208 0.0279418 0.0428023 0.0121714 0.00952974 0.00933222 0.00878204 0.00905547 0.00977404 0.0091045 0.00920814 0.00925654 0.00941974 0.00979953 0.00840831 0.00932396 0.00833082 0.0092137 0.00933359 0.0101401 0.0092524 0.00843517 0.00851168 0.00877589 0.00885955 0.00845308 0.0084142 0.00865099 0.0087588 0.00922844 0.00924983 0.00913962 0.00857671 0.00821845 0.00807031 0.00836022 0.00862759 0.00893501 0.00904616 0.0087438 0.00845546 0.00840967 0.00807745 0.00821951 0.00872586 0.00843774 0.00810951 0.00811193 0.00804754 0.0082405 0.00838096 0.00848626 0.00833193 0.00832979 
0.0331472 0.012902 0.0145222 0.0154153 0.0522084 0.0189148 0.0106145 0.0396554 0.0132536 0.0139137 0.0250622 0.00422899 0.00381856 0.00376271 0.00376924 0 0.027677 0.0174997 0.0321506 0.168274 0.0276436 0.0121404 0.0160754 0.0189894 0.0119402 0.00888281 0.00835932 0.0093234 0.0084154 0.00905402 0.00851052 0.00850747 0.00852395 0.00877243 0.0113998 0.00859697 0.0107518 0.0104987 0.00897161 0.00865694 0.00848733 0.00842019 0.00804833 0.00815683 0.00832203 0.00861107 0.00859604 0.0118606 0.00850837 0.00854547 0.00861868 0.00842735 0.00815585 0.00818029 0.00815374 0.00850264 0.00852902 0.00828713 0.0083275 0.0082229 0.00828368 0.008128 0.00838692 0.00849276 0.0083009 0.00820372 0.00849266 0.00814799 0.00827443 0.00839663 0.00829815 0.00842063 0.00826151 0.00872298 
0.0269132 0.0485352 0.0184234 0.0175356 0.0192543 0.0115352 0.0144881 0.0276134 0.0197738 0.0177747 0.0309513 0.10308 0.111323 0.0356843 0.0205846 0.027677 0 0.00406814 0.00389656 0.00438827 0.202576 0.031788 0.0160739 0.0312307 0.0109141 0.00988056 0.00897121 0.00924585 0.00918619 0.00905227 0.00888242 0.00894595 0.00927387 0.0102376 0.0129619 0.00936414 0.0119404 0.0109833 0.00926234 0.00885931 0.00863384 0.00834755 0.00830445 0.00833204 0.00868271 0.00922739 0.0121693 0.00929017 0.00871586 0.00888354 0.00890611 0.00886597 0.00826695 0.00830358 0.00939616 0.00885219 0.00839126 0.00869366 0.00877479 0.0086893 0.00847423 0.00840824 0.00883472 0.00846717 0.00847629 0.00874861 0.00881654 0.00814487 0.00838856 0.00828118 0.00831975 0.00830866 0.00825436 0.00888486 
0.0205023 0.053614 0.0910666 0.0311682 0.0142603 0.0109492 0.00957333 0.0145146 0.0440694 0.0295304 0.0139541 0.0225033 0.103459 0.122036 0.0709757 0.0174997 0.00406814 0 0.00390808 0.00398446 0.473521 0.157224 0.077228 0.0137868 0.00992758 0.0119822 0.0110543 0.0102548 0.0104297 0.0115153 0.0100627 0.01024 0.0126994 0.0120119 0.010416 0.00866232 0.00925162 0.00902999 0.0134057 0.0111064 0.0103537 0.00920689 0.00876079 0.00980512 0.00989781 0.0107979 0.0093649 0.00894301 0.00973391 0.0111926 0.0112067 0.0101113 0.00895324 0.00892049 0.00832127 0.00817666 0.00945382 0.0093504 0.00976668 0.00933693 0.00952965 0.00902098 0.00845937 0.00885982 0.00902255 0.00979438 0.0082985 0.00807861 0.00819357 0.00824599 0.0085866 0.00874583 0.00870908 0.00855621 
0.0131124 0.032355 0.042332 0.116557 0.0166682 0.0108609 0.0099372 0.0121656 0.0256873 0.0318576 0.0181975 0.0164382 0.0406464 0.0484815 0.138526 0.0321506 0.00389656 0.00390808 0 0.00405737 0.0253561 0.414454 0.213101 0.0308814 0.00974438 0.0109777 0.00954843 0.010005 0.0109496 0.0100058 0.00973774 0.0103978 0.0116136 0.0144035 0.00969362 0.00963009 0.00865794 0.0102146 0.0105857 0.0142896 0.0104995 0.00925319 0.00907467 0.00922455 0.0103969 0.0102444 0.00922592 0.00874757 0.0103443 0.0109896 0.0106793 0.0116802 0.00912085 0.00870617 0.00829595 0.00878242 0.00892757 0.00959003 0.00976456 0.0095605 0.00940331 0.00974373 0.00836787 0.00844976 0.00948067 0.00992875 0.00852446 0.00812958 0.00822061 0.00820212 0.00844736 0.00879224 0.00859834 0.00846529 
0.0206413 0.0138535 0.0195721 0.024868 0.0239257 0.014511 0.0100222 0.0215318 0.0116838 0.018229 0.0265522 0.0345978 0.0144958 0.0129964 0.02293 0.168274 0.00438827 0.00398446 0.00405737 0 0.0300981 0.0217072 0.417532 0.13606 0.0144547 0.0092419 0.0088322 0.00945869 0.00939615 0.00963538 0.00944334 0.00898084 0.00893698 0.0112955 0.0117837 0.00992927 0.0100306 0.0115026 0.00953538 0.0102516 0.00900054 0.00870346 0.00825733 0.00834699 0.00884841 0.00975826 0.00950574 0.0111618 0.00929443 0.00903156 0.00911497 0.00899652 0.00826993 0.00840222 0.00830836 0.00958362 0.00868682 0.00870276 0.00868783 0.00866136 0.00861431 0.00838569 0.00858749 0.0102602 0.00910475 0.00847023 0.0087554 0.00818306 0.00835762 0.00838361 0.00840876 0.00837329 0.00827115 0.00849518 
0.0136349 0.0174168 0.0146214 0.0139075 0.0143287 0.00948742 0.00985694 0.0126862 0.0139084 0.0158342 0.0255325 0.0200282 0.022009 0.0175318 0.0185208 0.0276436 0.202576 0.473521 0.0253561 0.0300981 0 0.00377237 0.00378729 0.00612243 0.0603407 0.0317864 0.0121964 0.0126812 0.0119042 0.0119644 0.0108634 0.010687 0.0100207 0.0139221 0.020004 0.0103395 0.0177825 0.0161858 0.0186933 0.011824 0.011904 0.0101665 0.00923554 0.010453 0.0107848 0.013167 0.0178123 0.0125966 0.0108956 0.0124559 0.0117513 0.0114064 0.00972818 0.00952259 0.0102476 0.00932658 0.00983254 0.0104546 0.0113103 0.0101212 0.00942708 0.00939385 0.0117298 0.0112795 0.0107823 0.00993612 0.0123078 0.00801054 0.00873489 0.00855444 0.00827566 0.00835986 0.00826494 0.00877586 
0.0103558 0.0192924 0.0318897 0.0168666 0.0116491 0.00852003 0.0083622 0.0093289 0.0216416 0.02107 0.0128458 0.0119441 0.0249039 0.0462698 0.0279418 0.0121404 0.031788 0.157224 0.414454 0.0217072 0.00377237 0 0.00383874 0.00376094 0.0257205 0.0390531 0.0286393 0.0133603 0.0130659 0.0121199 0.0107223 0.0144088 0.0167168 0.0183127 0.010569 0.0107834 0.00943333 0.0112691 0.0234883 0.0229736 0.0145179 0.0106313 0.0110244 0.0112222 0.017205 0.0150704 0.0111006 0.0100068 0.0134464 0.0217389 0.0182552 0.0173232 0.0123804 0.0100228 0.00859438 0.00861674 0.0123761 0.012711 0.0173742 0.0134767 0.0133515 0.0110983 0.00911883 0.00905011 0.0128866 0.0151278 0.00871552 0.00801634 0.00832272 0.00815028 0.00868844 0.00885661 0.00883901 0.00852913 
0.0103019 0.0226768 0.0236629 0.0322202 0.0128225 0.0103117 0.00867992 0.00992342 0.017569 0.0330843 0.0143344 0.0123019 0.0269698 0.0215987 0.0428023 0.0160754 0.0160739 0.077228 0.213101 0.417532 0.00378729 0.00383874 0 0.00379416 0.0131963 0.0347752 0.0209763 0.015501 0.0133101 0.0131715 0.0100861 0.0113952 0.0184257 0.038925 0.0148744 0.0112176 0.0121633 0.0108548 0.0262216 0.0207305 0.0149094 0.0115633 0.0116942 0.0112466 0.013205 0.0345803 0.0112349 0.0125799 0.015242 0.0203601 0.0179634 0.0184828 0.0122239 0.0151733 0.00859195 0.00901399 0.0114744 0.0136744 0.015213 0.0165137 0.0133799 0.0187672 0.0100727 0.010542 0.0156727 0.0182218 0.0109862 0.00812741 0.00821309 0.00834695 0.00857724 0.00900228 0.00875997 0.00955508 
0.014628 0.0105986 0.0113245 0.0117667 0.0139196 0.0109804 0.00874168 0.0164312 0.0104169 0.012736 0.0180005 0.0191669 0.0119316 0.0110326 0.0121714 0.0189894 0.0312307 0.0137868 0.0308814 0.13606 0.00612243 0.00376094 0.00379416 0 0.0350229 0.00976432 0.0111039 0.011905 0.0126012 0.0101284 0.00984469 0.00918146 0.00974419 0.0231067 0.0290349 0.0146676 0.0140885 0.0209934 0.0120321 0.0109436 0.0105968 0.00976247 0.0091697 0.00931576 0.00976944 0.0116332 0.0145469 0.0164424 0.0109472 0.0109135 0.0103442 0.0106302 0.00957465 0.00986186 0.00973806 0.0104486 0.00915687 0.00998299 0.00994657 0.00985308 0.00996535 0.0104237 0.0126639 0.0149368 0.0095076 0.00984131 0.0109209 0.00821793 0.00825097 0.00861573 0.00822924 0.00819439 0.00817127 0.00970504 
0.00853424 0.00825819 0.00851666 0.00835137 0.00890181 0.00815537 0.00871355 0.00844243 0.00833406 0.00891299 0.0116605 0.00941202 0.00873085 0.00861652 0.00952974 0.0119402 0.0109141 0.00992758 0.00974438 0.0144547 0.0603407 0.0257205 0.0131963 0.0350229 0 0.00396607 0.00389522 0.00377785 0.00390986 0.00396678 0.0046349 0.00479029 0.00480082 0.00656357 0.0128706 0.00950258 0.0152677 0.0152894 0.00937384 0.00981893 0.00875714 0.00892277 0.0086374 0.00879362 0.00959522 0.0169565 0.0207557 0.00929649 0.00879822 0.00879409 0.00876841 0.00871903 0.0085602 0.00850074 0.01194 0.00981986 0.00842246 0.00850321 0.00839207 0.00840521 0.00817047 0.00853653 0.00958371 0.00842333 0.00832767 0.00843493 0.00913438 0.00815195 0.0084811 0.00806283 0.00789853 0.0079833 0.00812647 0.00852623 
0.00826535 0.00901482 0.00922714 0.00874885 0.0081876 0.00805195 0.00802865 0.00816924 0.00857147 0.00890535 0.0085315 0.00860279 0.00910517 0.00949451 0.00933222 0.00888281 0.00988056 0.0119822 0.0109777 0.0092419 0.0317864 0.0390531 0.0347752 0.00976432 0.00396607 0 0.00376126 0.00377543 0.00377129 0.00381688 0.00427536 0.00429939 0.00444622 0.00507322 0.00517349 0.00753667 0.00883826 0.0107394 0.0140709 0.00966839 0.00992149 0.00898368 0.00885119 0.00936911 0.0148252 0.0106813 0.00902817 0.0093446 0.00894966 0.0102794 0.00946708 0.0101601 0.00865881 0.0090055 0.00837316 0.00856609 0.00917347 0.00874156 0.00948209 0.00905583 0.00885083 0.00878218 0.0084359 0.00850207 0.00898581 0.00930604 0.00839451 0.00805996 0.00802285 0.0080902 0.00833568 0.00831936 0.00844394 0.00809715 
0.00821731 0.00847795 0.00936194 0.00837187 0.00828209 0.00793992 0.00797361 0.00815591 0.00853173 0.0083424 0.00832075 0.00835893 0.00895795 0.010423 0.00878204 0.00835932 0.00897121 0.0110543 0.00954843 0.0088322 0.0121964 0.0286393 0.0209763 0.0111039 0.00389522 0.00376126 0 0.00376533 0.00375004 0.00387499 0.00389344 0.00436836 0.00526956 0.00440693 0.00436819 0.00687434 0.00641728 0.0102174 0.00945063 0.0129636 0.00954307 0.00921441 0.0094538 0.0179763 0.0122794 0.0101887 0.00894854 0.0090516 0.0091892 0.010307 0.0113398 0.0105031 0.00982078 0.00838085 0.00824186 0.00871823 0.00851715 0.0104507 0.0104314 0.00996781 0.00905571 0.00860876 0.00815122 0.00835266 0.00874283 0.00868827 0.00829982 0.00803951 0.00796812 0.00804114 0.00814457 0.00844636 0.00822105 0.00810316 
0.00821299 0.0089721 0.00953651 0.00908653 0.00841676 0.00806868 0.00787622 0.00822332 0.00834881 0.00892964 0.00842081 0.00835669 0.00969166 0.0102884 0.00905547 0.0093234 0.00924585 0.0102548 0.010005 0.00945869 0.0126812 0.0133603 0.015501 0.011905 0.00377785 0.00377543 0.00376533 0 0.00374084 0.00375438 0.00391282 0.00400035 0.00412201 0.00381413 0.00443072 0.00549368 0.0068088 0.00969994 0.0141814 0.00942259 0.0107295 0.00922116 0.010035 0.011137 0.0118541 0.0101005 0.00871041 0.00950624 0.00880456 0.015166 0.0103814 0.0133276 0.00896609 0.00881236 0.00818927 0.00834696 0.00979788 0.0100076 0.0112349 0.0102308 0.0104604 0.0085725 0.00868603 0.00850358 0.00879438 0.00900038 0.00876952 0.00799201 0.00804913 0.00803764 0.00849406 0.00850421 0.00842068 0.00823653 
0.00826742 0.00875524 0.010533 0.00856294 0.00828263 0.00798804 0.00800842 0.00804262 0.00871172 0.00843238 0.0084095 0.00860999 0.00895152 0.011552 0.00977404 0.0084154 0.00918619 0.0104297 0.0109496 0.00939615 0.0119042 0.0130659 0.0133101 0.0126012 0.00390986 0.00377129 0.00375004 0.00374084 0 0.00371657 0.00377089 0.00382418 0.00381659 0.0039557 0.00383937 0.00650199 0.00572845 0.0115557 0.00941882 0.0184669 0.00938879 0.0108965 0.0106957 0.00989323 0.0130475 0.00901249 0.0096093 0.00865362 0.0110216 0.00991322 0.0176773 0.0109676 0.0105995 0.00848388 0.00839214 0.00892288 0.00869594 0.0114218 0.0128953 0.0115698 0.0092461 0.00954359 0.00837632 0.00847154 0.0093383 0.00930283 0.0084161 0.00813083 0.00797925 0.00807327 0.00825822 0.00847262 0.00829829 0.00820519 
0.00825642 0.00903019 0.00945793 0.0090824 0.00847769 0.0080898 0.00790175 0.00820616 0.00844803 0.00899561 0.00865359 0.00848161 0.00950642 0.0110642 0.0091045 0.00905402 0.00905227 0.0115153 0.0100058 0.00963538 0.0119644 0.0121199 0.0131715 0.0101284 0.00396678 0.00381688 0.00387499 0.00375438 0.00371657 0 0.00374341 0.00375325 0.00399186 0.00376871 0.00379942 0.00433587 0.00671581 0.010724 0.0140378 0.0106585 0.0118692 0.0104549 0.0095802 0.0106962 0.0099236 0.0101252 0.0088215 0.00999204 0.00941214 0.0174639 0.0110215 0.011982 0.00947946 0.00897666 0.00829786 0.00841518 0.0100299 0.0102096 0.0112468 0.010918 0.0111723 0.00897366 0.00877852 0.00861973 0.00903101 0.00910426 0.00885491 0.00799779 0.00801495 0.00803854 0.00840887 0.00851696 0.00843244 0.00827749 
0.00819643 0.00854853 0.00927348 0.00851812 0.00831551 0.00795795 0.00790732 0.00807016 0.0084172 0.00852575 0.00829413 0.00818903 0.00869569 0.00990785 0.00920814 0.00851052 0.00888242 0.0100627 0.00973774 0.00944334 0.0108634 0.0107223 0.0100861 0.00984469 0.0046349 0.00427536 0.00389344 0.00391282 0.00377089 0.00374341 0 0.00376077 0.00375083 0.00377015 0.00378267 0.00457076 0.00512813 0.0106169 0.0103636 0.0185131 0.0107543 0.00964113 0.00964675 0.00915592 0.0106396 0.00910518 0.008952 0.0091532 0.0108529 0.0121751 0.0113193 0.0111576 0.00954072 0.00864643 0.00824666 0.00841917 0.00903143 0.0102156 0.010949 0.0111686 0.00947911 0.00878777 0.00839137 0.00829979 0.00888973 0.00893345 0.00838848 0.00797063 0.00799358 0.00799222 0.00821145 0.00833275 0.0081752 0.00823288 
0.00817542 0.00883443 0.010178 0.00873076 0.00833358 0.00806247 0.0079749 0.00810982 0.00851041 0.0085409 0.00829147 0.0084048 0.00888446 0.010454 0.00925654 0.00850747 0.00894595 0.01024 0.0103978 0.00898084 0.010687 0.0144088 0.0113952 0.00918146 0.00479029 0.00429939 0.00436836 0.00400035 0.00382418 0.00375325 0.00376077 0 0.0037416 0.00378023 0.00375821 0.00417457 0.00466388 0.0104598 0.0109489 0.0135468 0.0114803 0.00991474 0.00922338 0.00969597 0.0116442 0.00911113 0.00877444 0.00889453 0.0103874 0.0107074 0.0154524 0.0117096 0.0107524 0.00869335 0.0082249 0.00863094 0.00910946 0.0104194 0.0133386 0.0112196 0.00974567 0.00922754 0.00840621 0.00841964 0.00926984 0.00931515 0.00855879 0.00839132 0.0080562 0.00811403 0.00833924 0.00855328 0.00830705 0.00812761 
0.00829575 0.00887349 0.0103675 0.0087873 0.00841771 0.00803444 0.00796397 0.00805816 0.00864371 0.00922291 0.00840436 0.00826387 0.00947422 0.0127496 0.00941974 0.00852395 0.00927387 0.0126994 0.0116136 0.00893698 0.0100207 0.0167168 0.0184257 0.00974419 0.00480082 0.00444622 0.00526956 0.00412201 0.00381659 0.00399186 0.00375083 0.0037416 0 0.00373845 0.00374212 0.00413271 0.0046236 0.0127346 0.0169481 0.0155523 0.0120759 0.0105382 0.0102108 0.0114965 0.0104505 0.00998339 0.008903 0.00948898 0.00976543 0.0215135 0.0126095 0.0152312 0.0100641 0.00890454 0.0083293 0.00867417 0.00949389 0.0122585 0.0136409 0.0121876 0.0115699 0.00902662 0.00845579 0.00866119 0.00978675 0.0100487 0.00874799 0.00804076 0.00799806 0.0080287 0.00827323 0.00857131 0.00836294 0.00830902 
0.00850433 0.00932881 0.00913459 0.00912187 0.00841083 0.00797701 0.00802024 0.00847159 0.00879889 0.00870077 0.008932 0.00918785 0.00958645 0.0094511 0.00979953 0.00877243 0.0102376 0.0120119 0.0144035 0.0112955 0.0139221 0.0183127 0.038925 0.0231067 0.00656357 0.00507322 0.00440693 0.00381413 0.0039557 0.00376871 0.00377015 0.00378023 0.00373845 0 0.00374565 0.00461237 0.0108136 0.0153343 0.0187042 0.0128326 0.0102387 0.00925938 0.00984433 0.00914705 0.010371 0.0116681 0.0110828 0.010141 0.0136286 0.0101255 0.0132205 0.0102907 0.00957362 0.00925064 0.00851229 0.00891944 0.010204 0.00944699 0.0104183 0.0102263 0.00926223 0.0109333 0.00877041 0.00928278 0.0108641 0.0104517 0.00911341 0.0080545 0.00801667 0.00813011 0.00840763 0.00849721 0.00840957 0.00809113 
0.00942818 0.00840523 0.00846881 0.00833749 0.00834121 0.00804462 0.00798243 0.00977971 0.00839711 0.00859711 0.00858743 0.0102815 0.00876505 0.00861929 0.00840831 0.0113998 0.0129619 0.010416 0.00969362 0.0117837 0.020004 0.010569 0.0148744 0.0290349 0.0128706 0.00517349 0.00436819 0.00443072 0.00383937 0.00379942 0.00378267 0.00375821 0.00374212 0.00374565 0 0.00840949 0.00572869 0.0186616 0.0111951 0.00969553 0.00940241 0.00894028 0.00844393 0.00887961 0.00917572 0.0114228 0.0102929 0.0178325 0.00986055 0.0101649 0.00952357 0.00956927 0.00864499 0.00897714 0.00858176 0.00958283 0.00931814 0.00918543 0.00909735 0.00887185 0.00911952 0.00866735 0.00978976 0.0126523 0.00885351 0.00889607 0.0105257 0.00815725 0.0081764 0.00826894 0.00811655 0.00809931 0.00803917 0.00835932 
0.00847168 0.00817523 0.00848515 0.00810018 0.00833663 0.00797276 0.00975986 0.00831673 0.00883064 0.008477 0.00988191 0.00976267 0.00839245 0.00835526 0.00932396 0.00859697 0.00936414 0.00866232 0.00963009 0.00992927 0.0103395 0.0107834 0.0112176 0.0146676 0.00950258 0.00753667 0.00687434 0.00549368 0.00650199 0.00433587 0.00457076 0.00417457 0.00413271 0.00461237 0.00840949 0 0.00539987 0.0324221 0.0109323 0.0119753 0.00897291 0.00859143 0.00903314 0.00857204 0.0105106 0.0105897 0.0423147 0.00953085 0.0105442 0.00870326 0.00922035 0.00914536 0.0091649 0.00851419 0.0119507 0.0143118 0.00887205 0.00868377 0.00891951 0.00883025 0.00828873 0.00944174 0.0087259 0.00865554 0.00888223 0.00883214 0.0084387 0.00920098 0.00847771 0.0083299 0.00795362 0.00828008 0.00816657 0.00838346 
0.00942957 0.00829852 0.00816301 0.00822031 0.00827765 0.00868802 0.00804406 0.0106782 0.00832892 0.00851254 0.00835947 0.00991119 0.00855855 0.00825425 0.00833082 0.0107518 0.0119404 0.00925162 0.00865794 0.0100306 0.0177825 0.00943333 0.0121633 0.0140885 0.0152677 0.00883826 0.00641728 0.0068088 0.00572845 0.00671581 0.00512813 0.00466388 0.0046236 0.0108136 0.00572869 0.00539987 0 0.0164168 0.0182214 0.0104645 0.0105132 0.0097587 0.00849216 0.00871112 0.00885064 0.0167424 0.0106897 0.0190628 0.00875402 0.00919293 0.00864939 0.00878165 0.00840626 0.00919991 0.0084493 0.00935843 0.0101036 0.00858642 0.00843461 0.0083696 0.00873828 0.00848421 0.00922529 0.0122543 0.00852529 0.00861309 0.00954521 0.00864612 0.0085591 0.00861786 0.00819337 0.00806968 0.00819337 0.00863079 
0.00854633 0.00821237 0.00853677 0.00853723 0.0087366 0.00797982 0.00873603 0.00823864 0.00825976 0.00903113 0.0103009 0.00901807 0.00857768 0.00857316 0.0092137 0.0104987 0.0109833 0.00902999 0.0102146 0.0115026 0.0161858 0.0112691 0.0108548 0.0209934 0.0152894 0.0107394 0.0102174 0.00969994 0.0115557 0.010724 0.0106169 0.0104598 0.0127346 0.0153343 0.0186616 0.0324221 0.0164168 0 0.00445624 0.00383129 0.00381311 0.00376449 0.00386201 0.00399065 0.00456324 0.00450544 0.0178524 0.0131698 0.0138454 0.00997923 0.0122416 0.0105291 0.0125567 0.0100174 0.0247883 0.0300537 0.0111521 0.011163 0.0113584 0.0111941 0.00959015 0.0127809 0.0174007 0.0200243 0.0125256 0.0122805 0.0145397 0.00909351 0.00955602 0.00877135 0.00834753 0.00873646 0.0090829 0.0105879 
0.00834761 0.00977779 0.00932309 0.00890778 0.00830976 0.00810016 0.00799731 0.00828431 0.00873122 0.00899597 0.00851574 0.00836968 0.00980432 0.00997409 0.00933359 0.00897161 0.00926234 0.0134057 0.0105857 0.00953538 0.0186933 0.0234883 0.0262216 0.0120321 0.00937384 0.0140709 0.00945063 0.0141814 0.00941882 0.0140378 0.0103636 0.0109489 0.0169481 0.0187042 0.0111951 0.0109323 0.0182214 0.00445624 0 0.00379562 0.0037764 0.00377408 0.00383271 0.00380323 0.00424165 0.00672117 0.00418223 0.0154879 0.0114073 0.0311954 0.0144703 0.0204999 0.0110146 0.0227803 0.0107485 0.0105018 0.0315711 0.0175535 0.0171922 0.0176867 0.0229096 0.0143312 0.0114481 0.0198346 0.0232275 0.023243 0.0126353 0.00832965 0.00855801 0.00838245 0.0106346 0.0101646 0.00971763 0.00942925 
0.00836903 0.0100064 0.0105809 0.00909143 0.00842487 0.00806508 0.00803529 0.00816308 0.00888034 0.00889773 0.00848462 0.0083395 0.00918114 0.0114828 0.0101401 0.00865694 0.00885931 0.0111064 0.0142896 0.0102516 0.011824 0.0229736 0.0207305 0.0109436 0.00981893 0.00966839 0.0129636 0.00942259 0.0184669 0.0106585 0.0185131 0.0135468 0.0155523 0.0128326 0.00969553 0.0119753 0.0104645 0.00383129 0.00379562 0 0.00373767 0.00375013 0.00374947 0.00379715 0.00447877 0.00381598 0.0038711 0.00811318 0.0162016 0.0114864 0.0221902 0.0132551 0.0314459 0.011641 0.01133 0.0102371 0.0129646 0.0190022 0.0334129 0.0258336 0.0185486 0.0192504 0.0143788 0.0113973 0.0306025 0.0180083 0.0110864 0.00837243 0.00809624 0.00851657 0.00920372 0.0123956 0.0112106 0.00920651 
0.00811293 0.00881501 0.00905011 0.0087328 0.00828468 0.00799255 0.00795331 0.00810819 0.00837878 0.00857527 0.00837986 0.00821212 0.00904513 0.0100104 0.0092524 0.00848733 0.00863384 0.0103537 0.0104995 0.00900054 0.011904 0.0145179 0.0149094 0.0105968 0.00875714 0.00992149 0.00954307 0.0107295 0.00938879 0.0118692 0.0107543 0.0114803 0.0120759 0.0102387 0.00940241 0.00897291 0.0105132 0.00381311 0.0037764 0.00373767 0 0.00371134 0.0037669 0.00411253 0.00377327 0.00380905 0.00381266 0.00848726 0.0087321 0.0200644 0.011006 0.0239231 0.0135187 0.0210005 0.0104612 0.00924432 0.0108449 0.0183258 0.0181736 0.0207238 0.0174012 0.0138884 0.0103073 0.0138616 0.0150988 0.0146449 0.0102581 0.00811438 0.00818336 0.00827003 0.00924629 0.0102364 0.00949239 0.00988673 
0.00798056 0.00848039 0.00872915 0.00838004 0.00810618 0.00794715 0.00792353 0.00800584 0.0081982 0.00838848 0.00839607 0.00810586 0.00854202 0.00907489 0.00843517 0.00842019 0.00834755 0.00920689 0.00925319 0.00870346 0.0101665 0.0106313 0.0115633 0.00976247 0.00892277 0.00898368 0.00921441 0.00922116 0.0108965 0.0104549 0.00964113 0.00991474 0.0105382 0.00925938 0.00894028 0.00859143 0.0097587 0.00376449 0.00377408 0.00375013 0.00371134 0 0.00517805 0.00374245 0.00381216 0.00374403 0.00380101 0.00697331 0.00936475 0.00975467 0.0185399 0.013682 0.0269163 0.00996137 0.00843875 0.00858896 0.0114058 0.0114186 0.0164275 0.0129257 0.0148328 0.0111669 0.00970691 0.0104089 0.0123847 0.0107079 0.00978741 0.00806846 0.00813138 0.00843882 0.00873816 0.00930876 0.00888312 0.00870876 
0.00802494 0.00849604 0.00880743 0.00831615 0.00809689 0.00793802 0.00789985 0.00795006 0.0082037 0.00830351 0.00811175 0.00804302 0.00847117 0.00882998 0.00851168 0.00804833 0.00830445 0.00876079 0.00907467 0.00825733 0.00923554 0.0110244 0.0116942 0.0091697 0.0086374 0.00885119 0.0094538 0.010035 0.0106957 0.0095802 0.00964675 0.00922338 0.0102108 0.00984433 0.00844393 0.00903314 0.00849216 0.00386201 0.00383271 0.00374947 0.0037669 0.00517805 0 0.00376034 0.00374438 0.00375099 0.00376106 0.00719355 0.00775117 0.0115006 0.0137565 0.0260665 0.0210151 0.00907238 0.00818673 0.00898433 0.00927316 0.0135236 0.0137091 0.016059 0.0139676 0.0113476 0.00882967 0.00944776 0.0126269 0.0117466 0.00892255 0.00802196 0.00796154 0.008121 0.00851089 0.00921306 0.00875415 0.00862812 
0.00808423 0.00865429 0.00899041 0.00854431 0.00816663 0.00800907 0.00798554 0.00806166 0.00835395 0.00844407 0.00808309 0.00814774 0.0086294 0.00937027 0.00877589 0.00815683 0.00833204 0.00980512 0.00922455 0.00834699 0.010453 0.0112222 0.0112466 0.00931576 0.00879362 0.00936911 0.0179763 0.011137 0.00989323 0.0106962 0.00915592 0.00969597 0.0114965 0.00914705 0.00887961 0.00857204 0.00871112 0.00399065 0.00380323 0.00379715 0.00411253 0.00374245 0.00376034 0 0.00373927 0.00373584 0.00375244 0.00738968 0.00826571 0.0256834 0.0263866 0.0170403 0.0103452 0.00948337 0.00825337 0.00877007 0.0121378 0.0120241 0.0182986 0.0142238 0.0156758 0.0097035 0.00908091 0.0105568 0.0127935 0.0117791 0.00995045 0.007964 0.00798943 0.00828154 0.00889617 0.00955999 0.009216 0.00865801 
0.00828754 0.00875659 0.00939107 0.0084654 0.0083467 0.00799239 0.00805727 0.0081087 0.00848032 0.00839863 0.00829805 0.00824047 0.00880204 0.00967567 0.00885955 0.00832203 0.00868271 0.00989781 0.0103969 0.00884841 0.0107848 0.017205 0.013205 0.00976944 0.00959522 0.0148252 0.0122794 0.0118541 0.0130475 0.0099236 0.0106396 0.0116442 0.0104505 0.010371 0.00917572 0.0105106 0.00885064 0.00456324 0.00424165 0.00447877 0.00377327 0.00381216 0.00374438 0.00373927 0 0.00374091 0.00374989 0.00960221 0.0214046 0.0170719 0.0204528 0.0145665 0.0124327 0.00944372 0.00929961 0.0104346 0.0105297 0.0173006 0.0194563 0.0175101 0.0118559 0.012651 0.00962305 0.0106871 0.0214754 0.0189378 0.00992388 0.00820167 0.00809258 0.0084257 0.00892683 0.0121589 0.00899912 0.00906747 
0.00834009 0.0086555 0.00887557 0.00853518 0.00824403 0.00800784 0.00797086 0.00836825 0.00846254 0.00910716 0.00836506 0.00867432 0.00917231 0.00903326 0.00845308 0.00861107 0.00922739 0.0107979 0.0102444 0.00975826 0.013167 0.0150704 0.0345803 0.0116332 0.0169565 0.0106813 0.0101887 0.0101005 0.00901249 0.0101252 0.00910518 0.00911113 0.00998339 0.0116681 0.0114228 0.0105897 0.0167424 0.00450544 0.00672117 0.00381598 0.00380905 0.00374403 0.00375099 0.00373584 0.00374091 0 0.00375333 0.0117074 0.0113846 0.0199882 0.0119243 0.0133685 0.0104098 0.0148036 0.00910384 0.00954635 0.0186571 0.0124248 0.0135745 0.0132471 0.0157265 0.0140219 0.0122834 0.0162836 0.0244826 0.0259755 0.0158046 0.00840218 0.00868099 0.00891577 0.0103248 0.00931329 0.00976448 0.00883194 
0.00965899 0.00840367 0.00841173 0.00824833 0.00838045 0.00810445 0.0080851 0.00912299 0.00847319 0.00828955 0.00880818 0.00987624 0.0086254 0.00832422 0.0084142 0.00859604 0.0121693 0.0093649 0.00922592 0.00950574 0.0178123 0.0111006 0.0112349 0.0145469 0.0207557 0.00902817 0.00894854 0.00871041 0.0096093 0.0088215 0.008952 0.00877444 0.008903 0.0110828 0.0102929 0.0423147 0.0106897 0.0178524 0.00418223 0.0038711 0.00381266 0.00380101 0.00376106 0.00375244 0.00374989 0.00375333 0 0.0106701 0.0124598 0.00835433 0.0083153 0.00909846 0.0085974 0.00816781 0.0119467 0.0231637 0.0137449 0.0106602 0.0102674 0.0127682 0.00958732 0.0132938 0.0140649 0.0327954 0.0121174 0.0147529 0.0150165 0.0112198 0.00875857 0.0113943 0.00880093 0.00890922 0.00875092 0.0093521 
0.00875347 0.00835373 0.00830869 0.00825722 0.00832304 0.00834653 0.00805165 0.00857525 0.00810372 0.0087483 0.0100305 0.00825575 0.00855924 0.00837711 0.00865099 0.0118606 0.00929017 0.00894301 0.00874757 0.0111618 0.0125966 0.0100068 0.0125799 0.0164424 0.00929649 0.0093446 0.0090516 0.00950624 0.00865362 0.00999204 0.0091532 0.00889453 0.00948898 0.010141 0.0178325 0.00953085 0.0190628 0.0131698 0.0154879 0.00811318 0.00848726 0.00697331 0.00719355 0.00738968 0.00960221 0.0117074 0.0106701 0 0.00380117 0.00378683 0.00378908 0.00381364 0.00382597 0.00392244 0.00427852 0.00607203 0.00697754 0.00699501 0.00689806 0.00814798 0.0080897 0.0119456 0.901749 0.0131421 0.0118441 0.010686 0.0289103 0.00871467 0.0119098 0.0093951 0.00985683 0.00927843 0.00983105 0.0147735 
0.00831852 0.00878585 0.00955774 0.00847805 0.00889458 0.0080045 0.00807897 0.00826469 0.00866611 0.00861515 0.008869 0.00848896 0.00895118 0.00911105 0.0087588 0.00850837 0.00871586 0.00973391 0.0103443 0.00929443 0.0108956 0.0134464 0.015242 0.0109472 0.00879822 0.00894966 0.0091892 0.00880456 0.0110216 0.00941214 0.0108529 0.0103874 0.00976543 0.0136286 0.00986055 0.0105442 0.00875402 0.0138454 0.0114073 0.0162016 0.0087321 0.00936475 0.00775117 0.00826571 0.0214046 0.0113846 0.0124598 0.00380117 0 0.00375467 0.00376742 0.00377246 0.00376563 0.00380565 0.00392747 0.00681997 0.00862318 0.00728537 0.00870868 0.00851186 0.0105767 0.918779 0.0181216 0.0121504 0.0176902 0.0275497 0.0101782 0.00980543 0.0085631 0.00909959 0.0100947 0.0131532 0.011657 0.0101622 
