1M5HB
MKVNGVEVEETFAEAFDIKIARVLITGYDYYWAWVAANEATGFGTSVIMCPAEAGIEIKAKPSETPDGRPGYYIQICHMSKKGLEEQLLARLGQCVLTAPTTAVFNGLPDAEEKDDTGFKLKFFADGYQKEVEVGGRKCWAVPMMEGDFIIENDIGYTNGIAGGNFFIMAETQPSALAAAKAAVDAISDVEGVITPFPGGIVASGSKVGANKYKFLKASTNEKFAPSIRDQVEGTQIPAGVKAVYEIVINGLNADAIKEATRVGILAATKIPGVVKITAGNYGGKLGKHIINLNELF
CEECCEEECCCEEEEEEEEEEEEEEECCCHHHHHHHHHHHCCCCCCCCCCCCEEEEEEEECHHHCCCCCCEEEEEEEECCHHHHHHHHHHHHHHHCCCCCCCEEEECCCCCCCEECHHHHHHHHHCCCCEEEEECCEEEEEEECCCCEEEEECCEEEEEEEEEEEEEEEECCHHHHHHHHHHHHHHHCCCCCEECCCHHHCECCCEECCCCCCCCCCCEECHHHCHHHHHHCCCCCCCCCCCEEEEEEEEECCHHHHHHHHHHHHHHHCCCCCEEEEECCCCCCCCCCEEEEHHHCC
0 0 0 0 0 0 0 0 0 0 0 0 0 0 0 0 0 0 0 0 0 0 0 0 0 0 0 0 0 0 0 0 0 0 0 0 0 0 0 0 0 0 0 0 0 0 0 0 0 0 0 0 0 0 0 0 0 0 0 0 0 0 0 0 0 0 0 0 0 0 0 0 0 0 0 0 0 0 0 0 0 0 0 0 0 0 0 0 0 0 0 0 0 0 0 0 0 0 0 0 0 0 0 0 0 0 0 0 0 0 0 0 0 0 0 0 0 0 0 0 0 0 0 0 0 0 0 0 0 0 0 0 0 0 0 0 0 0 0 0 0 0 0 0 0 0 0 0 0 0 0 0 0 0 0 0 0 0 0 0 0 0 0 0 0 0 0 0 0 0 0 0 0 0 0 0 0 0 0 0 0 0 0 0 0 0 0 0 0 0 0 0 0 0 0 0 0 0 0 0 0 0 0 0 0 0 0 0 0 0 0 0 0 0 0 0 0 0 0 0 0 0 0 0 0 0 0 0 0 0 0 0 0 0 0 0 0 0 0 0 0 0 0 0 0 0 0 0 0 0 0 0 0 0 0 0 0 0 0 0 0 0 0 0 0 0 0 0 0 0 0 0 0 0 0 0 0 0 0 0 0 0 0 0 0 0 0 0 0 0 0 0 0 0 0 0 0 
0 0 0 0 0 0 0 0 0 0 0 0 0 0 0 0 0 0 0 0 0 0 0 0 0 0 0 0 0 0 0 0 0 0 0 0 0 0 0 0 0 0 0 0 0 0 0 0 0 0 0 0 0 0 0 0 0 0 0 0 0 0 0 0 0 0 0 0 0 0 0 0 0 0 0 0 0 0 0 0 0 0 0 0 0 0 0 0 0 0 0 0 0 0 0 0 0 0 0 0 0 0 0 0 0 0 0 0 0 0 0 0 0 0 0 0 0 0 0 0 0 0 0 0 0 0 0 0 0 0 0 0 0 0 0 0 0 0 0 0 0 0 0 0 0 0 0 0 0 0 0 0 0 0 0 0 0 0 0 0 0 0 0 0 0 0 0 0 0 0 0 0 0 0 0 0 0 0 0 0 0 0 0 0 0 0 0 0 0 0 0 0 0 0 0 0 0 0 0 0 0 0 0 0 0 0 0 0 0 0 0 0 0 0 0 0 0 0 0 0 0 0 0 0 0 0 0 0 0 0 0 0 0 0 0 0 0 0 0 0 0 0 0 0 0 0 0 0 0 0 0 0 0 0 0 0 0 0 0 0 0 0 0 0 0 0 0 0 0 0 0 0 0 0 0 0 0 0 0 0 0 0 0 0 0 0 0 0 0 0 0 0 0 0 0 0 0 
0 0.00604363 0.00935236 0.931687 0.0227566 0.0303616 0.0099675 0.0423446 0.0124243 0.0145094 0.0122229 0.00868251 0.0284795 0.0148825 0.0118022 0.0239203 0.0114991 0.032153 0.014555 0.0466346 0.0262822 0.0110865 0.0103521 0.00935494 0.0108731 0.00858198 0.0144833 0.00995588 0.0146137 0.0104742 0.0111922 0.0090337 0.0127449 0.00893306 0.00904314 0.0123562 0.00956217 0.00924329 0.00873359 0.0100025 0.00973169 0.00820154 0.00846842 0.00826086 0.00799207 0.00855911 0.00799648 0.00830111 0.00850353 0.00812064 0.00842793 0.00864879 0.00810236 0.00826301 0.0086561 0.00814167 0.00854362 0.00805651 0.00831199 0.00827457 0.00858532 0.00805262 0.00824757 0.00821705 0.0082584 0.00826435 0.00830336 0.00819754 0.00819675 0.00814591 0.00833038 0.00828597 0.00849033 0.00823902 0.00803221 0.00832889 0.008065 0.00825178 0.00826818 0.00808978 0.00827561 0.00813902 0.00853373 0.00822503 0.00827362 0.00831577 0.00833802 0.00853905 0.00819397 0.00819369 0.00824843 0.00836896 0.00841681 0.00858707 0.0083536 0.00842673 0.00850219 0.0085871 0.00828748 0.00985228 
0.00604363 0 0.928235 0.00469706 0.00916231 0.0110518 0.024015 0.00669689 0.0174085 0.00783326 0.00656231 0.0114181 0.00730137 0.0100707 0.00872723 0.00833387 0.0144671 0.0088162 0.0261975 0.0108541 0.0110517 0.0120008 0.00867871 0.00913891 0.00828533 0.0126973 0.00828427 0.0138588 0.0122838 0.0094033 0.00834422 0.0106131 0.00841283 0.00855649 0.00886764 0.00820921 0.0118888 0.00831752 0.00837248 0.00822146 0.00825724 0.00959957 0.00884202 0.00796504 0.00874579 0.0078798 0.00933796 0.00913302 0.00792177 0.00807675 0.00803216 0.00797813 0.00825637 0.00797999 0.00794516 0.00932255 0.00790468 0.00842785 0.00804249 0.00866349 0.00792734 0.00860657 0.0079032 0.00806588 0.00807928 0.00798926 0.00798108 0.00797572 0.00798673 0.00803128 0.00807536 0.00810477 0.00806618 0.00797616 0.00834671 0.00840872 0.00827867 0.00869365 0.00799574 0.0084309 0.00804592 0.00809511 0.00877046 0.00815529 0.00831778 0.00816112 0.00855783 0.00819928 0.00825831 0.00812225 0.00816194 0.0087888 0.00830551 0.00831072 0.00854733 0.00832688 0.0091098 0.00829402 0.0092405 0.00807047 
0.00935236 0.928235 0 0.00398993 0.0059639 0.00474877 0.00696391 0.0498268 0.0358213 0.00633765 0.00596726 0.00932447 0.00698681 0.00867011 0.00915416 0.0100701 0.0137392 0.0101083 0.0153628 0.0233755 0.0106317 0.0127259 0.00892793 0.00935789 0.00895671 0.0116467 0.00945534 0.0504738 0.00955767 0.00929472 0.00894229 0.0109487 0.00890612 0.00941163 0.0100238 0.0126208 0.00931069 0.00861563 0.00911983 0.0107414 0.00835051 0.0105087 0.0080072 0.00799902 0.00843943 0.00808888 0.0104569 0.00837152 0.00784639 0.00825542 0.00817366 0.00824636 0.00829154 0.00861789 0.00788032 0.00841895 0.00809434 0.00850645 0.0088428 0.00819533 0.0080748 0.00813317 0.00792033 0.00803806 0.00816037 0.00808688 0.00813201 0.00807753 0.00815141 0.00807507 0.008164 0.00810656 0.00830668 0.00815676 0.00887277 0.00803367 0.00859905 0.00894279 0.00798819 0.00847161 0.00811602 0.00853738 0.00869701 0.00830528 0.00830694 0.00835609 0.00856216 0.00838999 0.00839428 0.00816643 0.00843003 0.00840809 0.00824728 0.00833489 0.00851076 0.00873901 0.00854269 0.00832751 0.00879023 0.00900401 
0.931687 0.00469706 0.00398993 0 0.00387396 0.0200108 0.0228625 0.00777661 0.00585884 0.00568922 0.00744718 0.00616238 0.010095 0.00794347 0.00788049 0.0115764 0.00820927 0.0151726 0.0145876 0.0128205 0.0121811 0.0092838 0.00997087 0.00889524 0.0108324 0.00861998 0.0223575 0.00854303 0.0101433 0.00943166 0.0105088 0.00875397 0.0113862 0.00890952 0.00920898 0.00914684 0.0088455 0.00951691 0.0089493 0.00845292 0.00969959 0.0080356 0.00810422 0.00820882 0.00793629 0.00911203 0.00796878 0.00803121 0.00836763 0.00814248 0.00821881 0.00839537 0.00821632 0.00814007 0.00847337 0.00819539 0.00894451 0.00816192 0.00814586 0.00800454 0.00832627 0.00813403 0.00818661 0.00818091 0.00813292 0.00816053 0.00821483 0.00819615 0.00813336 0.00818389 0.00820973 0.0083435 0.00827625 0.00836925 0.00803794 0.00828725 0.00835312 0.00825144 0.00831163 0.00804804 0.00840604 0.00815304 0.00824466 0.00833077 0.00835374 0.00838367 0.00842616 0.0085126 0.00828526 0.00827093 0.00821575 0.00826843 0.00863632 0.00861157 0.00861648 0.00863883 0.00835379 0.00865881 0.00827024 0.00926231 
0.0227566 0.00916231 0.0059639 0.00387396 0 0.0118924 0.014183 0.0044442 0.0052935 0.00522278 0.00464434 0.01021 0.00676024 0.00929023 0.00818352 0.00801874 0.0112331 0.00893005 0.0287214 0.0181618 0.0126127 0.0120407 0.00897605 0.00957402 0.00845153 0.0151008 0.0083601 0.0252661 0.0148101 0.0108559 0.0087794 0.0126171 0.00879835 0.00949605 0.00917482 0.00929161 0.0147274 0.00853033 0.00876946 0.00963156 0.00827939 0.0100889 0.00880126 0.00797244 0.00855748 0.00799455 0.0101099 0.00952069 0.00803421 0.00848271 0.00819061 0.00812232 0.00842316 0.00812596 0.0081383 0.00950971 0.00812724 0.00860697 0.00819576 0.00902116 0.00812831 0.00848495 0.00795889 0.00800195 0.00809978 0.00811557 0.00808444 0.00809654 0.00811996 0.0081144 0.00822379 0.00815979 0.00831531 0.00804647 0.00869061 0.00839989 0.00845487 0.0088118 0.0080893 0.00847188 0.0082077 0.00829488 0.00883904 0.00819797 0.00830111 0.0082855 0.00861734 0.00833124 0.00830671 0.00811459 0.00821002 0.00904041 0.00835381 0.00841023 0.00861062 0.00839467 0.0092828 0.00836234 0.00936822 0.00812079 
0.0303616 0.0110518 0.00474877 0.0200108 0.0118924 0 0.00384678 0.00381214 0.0037979 0.00397171 0.00400881 0.00401275 0.00463073 0.00449777 0.0059247 0.00833197 0.00747677 0.00922017 0.00971742 0.0558378 0.0248372 0.0101746 0.0102596 0.00895544 0.0119109 0.00919729 0.0191716 0.0162942 0.0134729 0.00935199 0.0108793 0.00926591 0.0116483 0.0091386 0.00934982 0.0237322 0.0104266 0.00881831 0.00921827 0.0122692 0.00902051 0.00874609 0.00807315 0.00801838 0.00794011 0.00904292 0.00885657 0.0082443 0.00800191 0.00809934 0.00826771 0.00841918 0.00847433 0.00890214 0.0082593 0.00800437 0.0085052 0.00817482 0.00972456 0.0082175 0.00803563 0.00804437 0.00797372 0.00805639 0.00802444 0.00807906 0.00812114 0.00808107 0.00811418 0.00806049 0.00821777 0.00813257 0.0082322 0.00823337 0.00846784 0.00842409 0.00851475 0.00850554 0.00808256 0.00812303 0.00811684 0.00824454 0.00841683 0.0080485 0.00815503 0.00815088 0.00818979 0.00820939 0.00810608 0.00813141 0.00831619 0.00816489 0.00821101 0.00827126 0.00821167 0.00854502 0.00830409 0.00827166 0.00821079 0.00919823 
0.0099675 0.024015 0.00696391 0.0228625 0.014183 0.00384678 0 0.00376779 0.00380121 0.00377309 0.00381431 0.00386698 0.00395334 0.00478582 0.00569471 0.00763492 0.00942585 0.00861009 0.0472904 0.0107977 0.0128229 0.0264695 0.0102994 0.013714 0.0091522 0.0185272 0.0094555 0.0170054 0.00974424 0.0211985 0.0103297 0.0259228 0.011967 0.0135728 0.0163305 0.008999 0.00953698 0.0105413 0.0112333 0.00898021 0.00796518 0.00837968 0.0078694 0.00806625 0.00831784 0.008084 0.00831175 0.00796514 0.00820436 0.00886186 0.00932255 0.00902299 0.00929153 0.00812287 0.00787013 0.00927455 0.00837464 0.00897365 0.00805133 0.0081162 0.00835083 0.00840787 0.00821129 0.00821554 0.00855408 0.00843324 0.00848377 0.00850643 0.00858956 0.00842237 0.00874301 0.00869483 0.00887203 0.0083575 0.00822606 0.00806427 0.00813406 0.00799912 0.0079755 0.008037 0.00806825 0.00814898 0.00823503 0.00830354 0.0083651 0.00840453 0.00848197 0.00848399 0.00844769 0.00818607 0.00818627 0.0082728 0.00827675 0.00847331 0.00836115 0.00833048 0.00834004 0.00830086 0.00844858 0.00830956 
0.0423446 0.00669689 0.0498268 0.00777661 0.0044442 0.00381214 0.00376779 0 0.00376346 0.00376281 0.00372518 0.0038008 0.00446655 0.00388154 0.00433744 0.00736366 0.00625481 0.0442851 0.0123123 0.009088 0.016303 0.0106776 0.0224854 0.0128776 0.0238438 0.010846 0.0181844 0.00909483 0.0129048 0.0114449 0.0311377 0.0146022 0.0526699 0.022748 0.00960015 0.00906808 0.0093555 0.01172 0.00987594 0.00876714 0.00810845 0.00790834 0.00801179 0.0080909 0.00816457 0.00845533 0.00798376 0.00794643 0.00850891 0.00873691 0.0105878 0.0108593 0.00868808 0.00838651 0.00821504 0.00830965 0.011006 0.00834381 0.00824982 0.00818753 0.00842613 0.00846285 0.00835184 0.00841501 0.00868875 0.00876557 0.00935279 0.00899035 0.00878858 0.00860601 0.00895658 0.00992775 0.00928676 0.00881514 0.00814473 0.00815475 0.00807463 0.00801066 0.00799746 0.00793593 0.00802588 0.00803508 0.00830957 0.00829395 0.00849853 0.00850937 0.00855261 0.00850592 0.00842253 0.00820821 0.00815346 0.00819717 0.00837171 0.00853434 0.00838029 0.00822855 0.00828389 0.00835775 0.00830115 0.00839763 
0.0124243 0.0174085 0.0358213 0.00585884 0.0052935 0.0037979 0.00380121 0.00376346 0 0.00372931 0.00373716 0.00382529 0.00390631 0.00409581 0.00454019 0.00652525 0.0393695 0.0101315 0.0105487 0.00943816 0.0103209 0.0160422 0.0139385 0.0195015 0.0107609 0.0235615 0.00906367 0.0106402 0.00937743 0.0146908 0.0142821 0.0453131 0.0265191 0.0186628 0.0106104 0.00868101 0.00981797 0.0105745 0.0108665 0.00898037 0.00801333 0.00819918 0.00801899 0.00811674 0.00834689 0.00817067 0.00825602 0.00810095 0.00826034 0.00892096 0.0104937 0.00972448 0.00895521 0.0082976 0.00795103 0.00905767 0.00846105 0.00873751 0.00819086 0.00828188 0.00845279 0.0086132 0.00829739 0.0082352 0.00854809 0.00886996 0.00901926 0.00888096 0.00890953 0.00847419 0.00902867 0.00894893 0.00942927 0.00837563 0.00838097 0.00808361 0.00815675 0.00801123 0.00793572 0.00799365 0.0079855 0.0081043 0.00822206 0.00832373 0.00843697 0.00841984 0.00875706 0.00851844 0.0085295 0.00823216 0.00816781 0.00824064 0.00831909 0.00849056 0.00840957 0.00827389 0.0082525 0.00828888 0.00837208 0.00819432 
0.0145094 0.00783326 0.00633765 0.00568922 0.00522278 0.00397171 0.00377309 0.00376281 0.00372931 0 0.00371592 0.00376797 0.00379268 0.00393969 0.00396172 0.0290159 0.00607458 0.00561028 0.00857143 0.00733648 0.0123708 0.0115698 0.0129381 0.0152698 0.0108786 0.0115874 0.00936688 0.0098449 0.00940022 0.0111067 0.0156948 0.0260326 0.0175343 0.0168074 0.0101423 0.00864389 0.00921931 0.00954392 0.00978881 0.00866347 0.00797665 0.00798511 0.00799848 0.00796833 0.00829616 0.00806092 0.00807293 0.00802426 0.00811987 0.00915944 0.00958459 0.0099653 0.00859048 0.00830081 0.00792062 0.0085285 0.00852318 0.00875092 0.00806395 0.00812572 0.00828773 0.00861391 0.00818074 0.00821268 0.00848329 0.00854783 0.00890982 0.00862614 0.00862888 0.00849136 0.00871265 0.00874591 0.00892927 0.00837981 0.00804912 0.00807268 0.00801354 0.00794483 0.00795745 0.0078985 0.00798619 0.00794423 0.00820029 0.00822181 0.00839744 0.00838227 0.00849696 0.00846321 0.00841923 0.00819645 0.00811397 0.00816822 0.00835304 0.00851811 0.00844802 0.00818647 0.00816015 0.00827328 0.00829429 0.00827828 
0.0122229 0.00656231 0.00596726 0.00744718 0.00464434 0.00400881 0.00381431 0.00372518 0.00373716 0.00371592 0 0.00367787 0.00375094 0.00377748 0.0251717 0.00638429 0.00424787 0.00695187 0.00486361 0.00545497 0.0126337 0.01069 0.0186928 0.0107222 0.0171528 0.00909962 0.0142882 0.00848709 0.00962638 0.0113097 0.0290791 0.0126237 0.0398554 0.0150656 0.0102529 0.00881517 0.00875506 0.0113268 0.00987465 0.00870977 0.00816472 0.0078966 0.00794148 0.00812225 0.00814829 0.00881635 0.00791392 0.00796165 0.008569 0.00870404 0.0100288 0.0106203 0.00865218 0.00821125 0.00818721 0.00836867 0.0107584 0.008393 0.00816516 0.00815573 0.00865222 0.00846554 0.00836925 0.00837617 0.00864063 0.00864383 0.00880386 0.00871095 0.0085717 0.008544 0.00887339 0.00948462 0.00936982 0.00836676 0.00800163 0.00816747 0.00804923 0.00795603 0.00799683 0.00793745 0.00801488 0.00802484 0.00822728 0.00822525 0.0085733 0.00836724 0.00859007 0.00848974 0.00837176 0.00818627 0.0080766 0.00822702 0.00828738 0.00854622 0.00835213 0.00820458 0.00822662 0.00827195 0.00825462 0.00834652 
0.00868251 0.0114181 0.00932447 0.00616238 0.01021 0.00401275 0.00386698 0.0038008 0.00382529 0.00376797 0.00367787 0 0.0104316 0.0142466 0.00385958 0.00383383 0.00462605 0.00515818 0.00475363 0.00436514 0.0217655 0.0285609 0.0122044 0.0242082 0.00913402 0.0395808 0.00881223 0.0159502 0.0103883 0.0198127 0.0117695 0.0796975 0.013786 0.0266243 0.0115202 0.00873135 0.012363 0.0104889 0.0117391 0.00904246 0.00797899 0.0091376 0.00805859 0.00792955 0.00952568 0.00801374 0.00917705 0.0083042 0.00815838 0.0109169 0.00998063 0.0109686 0.0101207 0.00844921 0.00794271 0.0104012 0.00871042 0.00970617 0.00826611 0.00891199 0.00848836 0.00959358 0.00838034 0.00864217 0.00939072 0.00911761 0.00916851 0.00932674 0.00919 0.00863673 0.0100862 0.009258 0.0104034 0.00880881 0.00853276 0.00804012 0.00812996 0.00806501 0.00792332 0.00790736 0.00798286 0.00803555 0.00834513 0.00825995 0.00844819 0.00854541 0.00875526 0.00854234 0.00875722 0.00818927 0.00815392 0.00827557 0.00831078 0.00846333 0.00835513 0.00821702 0.00839657 0.00825796 0.00848998 0.00818304 
0.0284795 0.00730137 0.00698681 0.010095 0.00676024 0.00463073 0.00395334 0.00446655 0.00390631 0.00379268 0.00375094 0.0104316 0 0.00385662 0.00374715 0.00374922 0.00382899 0.00543189 0.00416436 0.00530499 0.0358612 0.0137015 0.0402831 0.014038 0.0413814 0.0100397 0.0235756 0.00897369 0.014486 0.016885 0.0580046 0.0176393 0.120595 0.0212121 0.0111627 0.0364311 0.0100514 0.0212171 0.0132804 0.00962749 0.00859041 0.0079666 0.00810177 0.00835769 0.00832915 0.00935671 0.00796069 0.0080141 0.00920656 0.00930379 0.0136199 0.0144482 0.00933324 0.00856851 0.00850059 0.00860097 0.0141434 0.00868828 0.00875667 0.00829195 0.00957199 0.00897212 0.00884878 0.00892635 0.0094032 0.00949299 0.0107239 0.0103655 0.00959399 0.00941474 0.00991661 0.0113156 0.0110147 0.0087537 0.00848533 0.00825778 0.00814495 0.00801218 0.00806383 0.007985 0.00800604 0.0080851 0.00833989 0.00833589 0.00899974 0.00872511 0.00909131 0.00877879 0.00875043 0.00850464 0.00819935 0.00823705 0.0084314 0.00877648 0.00849665 0.0083026 0.00834741 0.00836512 0.00831093 0.00839596 
0.0148825 0.0100707 0.00867011 0.00794347 0.00929023 0.00449777 0.00478582 0.00388154 0.00409581 0.00393969 0.00377748 0.0142466 0.00385662 0 0.00374709 0.00378806 0.00382615 0.00463461 0.00577038 0.00420846 0.0363868 0.0395759 0.0248348 0.0362703 0.0132596 0.0551978 0.0111725 0.0144871 0.0140819 0.0305578 0.0309937 0.0979272 0.0359487 0.0565198 0.0676301 0.00983904 0.0149173 0.0190972 0.0212083 0.010685 0.00806514 0.00836975 0.008242 0.00818593 0.00938666 0.00853422 0.00841509 0.00832573 0.00865009 0.0143453 0.0133045 0.0149621 0.0118232 0.00900427 0.00813463 0.0102583 0.0103482 0.0108282 0.00867918 0.00920784 0.00917585 0.0103011 0.00878788 0.0090593 0.0101864 0.0112955 0.0110335 0.0106098 0.0111734 0.00961468 0.0114014 0.0115561 0.0141292 0.00972763 0.00861096 0.00817684 0.00825491 0.00810638 0.00799163 0.00797356 0.00803217 0.00811489 0.0084692 0.00863758 0.00917188 0.00878249 0.00927033 0.00892019 0.00940692 0.00834846 0.00831957 0.00830489 0.00847856 0.0087923 0.0085574 0.00827127 0.00846513 0.00833909 0.00838532 0.008297 
0.0118022 0.00872723 0.00915416 0.00788049 0.00818352 0.0059247 0.00569471 0.00433744 0.00454019 0.00396172 0.0251717 0.00385958 0.00374715 0.00374709 0 0.0037623 0.00377143 0.00384875 0.00387315 0.00396802 0.0277567 0.0398709 0.0338496 0.0335081 0.0228428 0.0242833 0.0128404 0.0114677 0.0154996 0.0370538 0.0487166 0.0635165 0.0600741 0.126304 0.0158817 0.00985791 0.013647 0.0233851 0.0176049 0.0101582 0.00807482 0.00818402 0.00827847 0.00834286 0.00889749 0.00837054 0.00823891 0.00812157 0.00897893 0.0110074 0.01596 0.015351 0.0118603 0.00862579 0.00838273 0.00941097 0.0109196 0.00971717 0.00849624 0.00915888 0.00938337 0.00930885 0.00947919 0.00894046 0.0102828 0.0107103 0.0113263 0.0109613 0.0110277 0.00960763 0.0109112 0.011569 0.0122621 0.00917794 0.00851816 0.00816045 0.00817745 0.00811083 0.00796262 0.00798007 0.00800398 0.00804552 0.00856999 0.00835965 0.00888473 0.00857055 0.00900109 0.00873168 0.00892692 0.008341 0.00815027 0.00826519 0.00838198 0.00869726 0.00847016 0.00820795 0.00829205 0.00833392 0.00835581 0.00823791 
0.0239203 0.00833387 0.0100701 0.0115764 0.00801874 0.00833197 0.00763492 0.00736366 0.00652525 0.0290159 0.00638429 0.00383383 0.00374922 0.00378806 0.0037623 0 0.00376539 0.00379688 0.0039118 0.00384328 0.0530577 0.0308057 0.0494586 0.041995 0.0410538 0.0192566 0.0195982 0.0100041 0.0183788 0.0317517 0.0808711 0.0413515 0.239286 0.0480247 0.0143059 0.0109118 0.0122933 0.0286632 0.0198796 0.010543 0.00835065 0.00803837 0.00843543 0.008308 0.00888337 0.0093668 0.00810861 0.00833485 0.010224 0.0125728 0.0154951 0.019501 0.0109602 0.0090336 0.00853931 0.00928548 0.01456 0.00928278 0.00904711 0.00859926 0.0101183 0.0101036 0.00931958 0.0095726 0.0106565 0.0116452 0.0113267 0.0110511 0.0100699 0.0109242 0.0108568 0.0129099 0.0117666 0.00973946 0.00827741 0.00822995 0.00820318 0.00810645 0.0080154 0.00793392 0.00800764 0.00804447 0.00847893 0.00853615 0.00905853 0.00897326 0.00933666 0.00899052 0.00927068 0.00845253 0.0081984 0.00832054 0.00852575 0.00889868 0.00852445 0.00826336 0.00852547 0.00838638 0.00836723 0.00830407 
0.0114991 0.0144671 0.0137392 0.00820927 0.0112331 0.00747677 0.00942585 0.00625481 0.0393695 0.00607458 0.00424787 0.00462605 0.00382899 0.00382615 0.00377143 0.00376539 0 0.00381444 0.00384968 0.00379482 0.0406227 0.069438 0.0497837 0.0820537 0.0283291 0.0769817 0.0104169 0.0158012 0.0189797 0.0491482 0.0388545 0.363653 0.0583009 0.0617943 0.0183139 0.00961612 0.0215784 0.0256918 0.025027 0.0111742 0.00811653 0.00870308 0.00858418 0.00827821 0.0111066 0.00846794 0.00879087 0.00842805 0.00875865 0.0182119 0.0202866 0.0210688 0.0136633 0.00896422 0.00840848 0.0125067 0.011373 0.0125139 0.00878874 0.00916465 0.0094324 0.0118121 0.00960308 0.00992378 0.0115764 0.0120838 0.01329 0.0122246 0.013037 0.0100263 0.0141851 0.0126552 0.0179442 0.00945444 0.00857952 0.00825583 0.00834161 0.00813978 0.00804538 0.00804007 0.00810821 0.00813344 0.00849344 0.0086222 0.00924854 0.00948695 0.00942047 0.00951849 0.00989234 0.00882853 0.00825098 0.00833188 0.00858597 0.00892069 0.00882233 0.00844144 0.0083722 0.00844534 0.00862089 0.00842097 
0.032153 0.0088162 0.0101083 0.0151726 0.00893005 0.00922017 0.00861009 0.0442851 0.0101315 0.00561028 0.00695187 0.00515818 0.00543189 0.00463461 0.00384875 0.00379688 0.00381444 0 0.00380244 0.0037822 0.053755 0.0466239 0.145552 0.0344275 0.101161 0.0397021 0.0311461 0.0104146 0.0181379 0.0309086 0.269597 0.0412898 0.201246 0.0545598 0.0160017 0.0119487 0.0125178 0.0615445 0.0269419 0.0120684 0.00855538 0.00840438 0.00859854 0.00891446 0.00927228 0.0104844 0.00841872 0.00827973 0.010508 0.0145068 0.0212083 0.0254359 0.0123335 0.00927407 0.00937338 0.010035 0.0205615 0.0100099 0.00951814 0.00908856 0.0116093 0.00998541 0.0104544 0.00975861 0.0119173 0.0116547 0.0136549 0.012843 0.0115252 0.0116992 0.011747 0.0160885 0.0132013 0.00998888 0.00877379 0.00837584 0.00843493 0.00830881 0.00811062 0.00806109 0.008161 0.00813182 0.00853948 0.00868541 0.00927864 0.00920267 0.00964293 0.00935678 0.00996754 0.00880612 0.00833262 0.00836459 0.00866305 0.00914594 0.00885861 0.0084756 0.00846896 0.00853734 0.00851485 0.00855276 
0.014555 0.0261975 0.0153628 0.0145876 0.0287214 0.00971742 0.0472904 0.0123123 0.0105487 0.00857143 0.00486361 0.00475363 0.00416436 0.00577038 0.00387315 0.0039118 0.00384968 0.00380244 0 0.00444915 0.0223125 0.0517929 0.0414084 0.0885508 0.0231499 0.0701081 0.0399464 0.0229179 0.0149565 0.102858 0.0271608 0.0883805 0.0340135 0.0530475 0.0300854 0.0118275 0.016364 0.0253444 0.081819 0.0166052 0.00849147 0.00913202 0.00865461 0.00834571 0.00923719 0.00847952 0.00925788 0.00872225 0.00905385 0.0133211 0.0125338 0.0152467 0.0168181 0.00968311 0.00856807 0.0128367 0.00934112 0.0153765 0.0091663 0.00995158 0.00934349 0.0105818 0.00856214 0.00938387 0.00971873 0.0103972 0.011239 0.0104386 0.0106644 0.0092941 0.0117107 0.010173 0.0137111 0.00981584 0.00904212 0.00868564 0.00857512 0.00874247 0.00808058 0.00798373 0.00813431 0.00823711 0.00857035 0.00861929 0.00901989 0.00890887 0.00977898 0.00945751 0.0106528 0.00894717 0.00816488 0.00838924 0.0085899 0.00892099 0.00891651 0.00854022 0.00850153 0.00836355 0.00844473 0.0083674 
0.0466346 0.0108541 0.0233755 0.0128205 0.0181618 0.0558378 0.0107977 0.009088 0.00943816 0.00733648 0.00545497 0.00436514 0.00530499 0.00420846 0.00396802 0.00384328 0.00379482 0.0037822 0.00444915 0 0.0399783 0.0234289 0.0273291 0.0278259 0.027491 0.0157364 0.052467 0.0441873 0.0677217 0.0150291 0.0195443 0.0150594 0.0216318 0.0144689 0.01434 0.0241284 0.0216492 0.012551 0.015698 0.0378874 0.00938555 0.00891241 0.0101621 0.0082378 0.00820439 0.00881465 0.00906919 0.010841 0.00843158 0.00916223 0.00999046 0.00980009 0.00888339 0.0100828 0.0107392 0.008803 0.0104161 0.00869968 0.0113169 0.0114817 0.00939522 0.00843641 0.00831972 0.00910156 0.00999956 0.00914992 0.00908836 0.0089156 0.00874832 0.00909294 0.00886074 0.00882435 0.00918921 0.00878993 0.00934073 0.00904881 0.00889191 0.00946018 0.00843599 0.00805912 0.00843617 0.00834406 0.00860236 0.00832271 0.0084619 0.00836016 0.0088234 0.00865999 0.00895113 0.00830123 0.00828715 0.00875038 0.00837692 0.00861259 0.00836045 0.00853961 0.0084127 0.00824835 0.00826326 0.00846598 
0.0262822 0.0110517 0.0106317 0.0121811 0.0126127 0.0248372 0.0128229 0.016303 0.0103209 0.0123708 0.0126337 0.0217655 0.0358612 0.0363868 0.0277567 0.0530577 0.0406227 0.053755 0.0223125 0.0399783 0 0.00410355 0.00379688 0.00379094 0.00392795 0.00396763 0.00586549 0.00514909 0.0206951 0.0115281 0.0132649 0.0103023 0.0197403 0.0160797 0.0892249 0.148811 0.0196021 0.0126348 0.0129988 0.0195602 0.0100009 0.010256 0.0086097 0.00826911 0.00809447 0.00958233 0.00928672 0.00868497 0.00861134 0.00904329 0.00953751 0.0107069 0.0101654 0.0135174 0.00922253 0.0082711 0.00913968 0.00857727 0.0116967 0.00990399 0.00859529 0.00837104 0.00805816 0.00824685 0.00841612 0.00850876 0.0091162 0.00902581 0.00860153 0.00843941 0.0087792 0.00906267 0.00933873 0.00873192 0.00957558 0.00840612 0.00878833 0.00851502 0.00808105 0.0079376 0.00828754 0.0082617 0.00831379 0.0079697 0.0082554 0.00818851 0.00837748 0.00851997 0.00823182 0.00826455 0.00817046 0.00810119 0.00802302 0.00818782 0.00819509 0.00838732 0.00812842 0.00810335 0.00812804 0.00846341 
0.0110865 0.0120008 0.0127259 0.0092838 0.0120407 0.0101746 0.0264695 0.0106776 0.0160422 0.0115698 0.01069 0.0285609 0.0137015 0.0395759 0.0398709 0.0308057 0.069438 0.0466239 0.0517929 0.0234289 0.00410355 0 0.00377156 0.00379541 0.00377008 0.00380213 0.00396461 0.00436209 0.0105092 0.0247602 0.0106708 0.0300739 0.0127653 0.160111 0.100799 0.0104777 0.0186719 0.0204749 0.0177449 0.0102463 0.00836989 0.00916439 0.00824076 0.00825332 0.0088509 0.00833787 0.00913664 0.00835248 0.00856023 0.0110493 0.01223 0.012986 0.0130385 0.012741 0.00813706 0.0114165 0.00890463 0.0110105 0.0085789 0.00882101 0.00880794 0.00885536 0.00857042 0.0084602 0.00952675 0.00964256 0.00987826 0.00932559 0.0103962 0.00910208 0.0103198 0.0100473 0.0112761 0.00919065 0.00913866 0.00815824 0.0084023 0.00799482 0.00792385 0.00794747 0.00799217 0.00800654 0.00817114 0.00832657 0.00856826 0.00855191 0.00873657 0.00849375 0.0087755 0.00818843 0.00806874 0.00810263 0.0082672 0.00835759 0.00828633 0.00814116 0.00820213 0.00815493 0.00827332 0.00805816 
0.0103521 0.00867871 0.00892793 0.00997087 0.00897605 0.0102596 0.0102994 0.0224854 0.0139385 0.0129381 0.0186928 0.0122044 0.0402831 0.0248348 0.0338496 0.0494586 0.0497837 0.145552 0.0414084 0.0273291 0.00379688 0.00377156 0 0.00375107 0.00377992 0.00387361 0.00408289 0.00386519 0.00989393 0.0114003 0.0205963 0.0122335 0.174808 0.0924312 0.014334 0.00960793 0.0119903 0.0307484 0.0144328 0.0110238 0.00834248 0.00850282 0.00833393 0.00853037 0.00858983 0.00895249 0.00839737 0.00826278 0.00907854 0.0111155 0.0181758 0.0198374 0.0158936 0.00911861 0.0082464 0.00901178 0.0141386 0.00917142 0.00905642 0.00847471 0.00925754 0.00925273 0.00874154 0.00928407 0.0103188 0.0113959 0.0110776 0.0122162 0.0103573 0.0108743 0.010626 0.0153268 0.0122059 0.0101773 0.00847745 0.008091 0.00829798 0.00797029 0.0079922 0.00793959 0.00801688 0.00804489 0.00813909 0.0083962 0.0088866 0.00881508 0.00897268 0.00911226 0.009027 0.00840975 0.00808428 0.00809499 0.00828938 0.00869207 0.00842952 0.0081953 0.00808226 0.00821877 0.0082844 0.00811285 
0.00935494 0.00913891 0.00935789 0.00889524 0.00957402 0.00895544 0.013714 0.0128776 0.0195015 0.0152698 0.0107222 0.0242082 0.014038 0.0362703 0.0335081 0.041995 0.0820537 0.0344275 0.0885508 0.0278259 0.00379094 0.00379541 0.00375107 0 0.00374494 0.00375038 0.00379006 0.00380441 0.00827057 0.0143798 0.0107533 0.17167 0.0821339 0.0225425 0.0113385 0.00899304 0.0141255 0.0165358 0.0174102 0.00996369 0.00826107 0.00851083 0.00828885 0.00824234 0.00956699 0.0085152 0.00865289 0.00822648 0.00863117 0.0149031 0.0197839 0.0268566 0.0118009 0.00918528 0.00820577 0.0103764 0.0103202 0.0112188 0.0085958 0.00892403 0.00876242 0.0105092 0.00876185 0.00949584 0.0111651 0.0114082 0.0123057 0.0112157 0.0115574 0.00996399 0.0130043 0.0132399 0.0178584 0.00943712 0.00853522 0.008178 0.0083334 0.00800649 0.00793369 0.00790126 0.00797325 0.00794443 0.00826574 0.00823589 0.00890113 0.00860557 0.00905229 0.00861259 0.00899972 0.00820545 0.00809929 0.00806598 0.0082597 0.00843219 0.00826663 0.00806752 0.00812625 0.00818571 0.00823708 0.00809548 
0.0108731 0.00828533 0.00895671 0.0108324 0.00845153 0.0119109 0.0091522 0.0238438 0.0107609 0.0108786 0.0171528 0.00913402 0.0413814 0.0132596 0.0228428 0.0410538 0.0283291 0.101161 0.0231499 0.027491 0.00392795 0.00377008 0.00377992 0.00374494 0 0.00378459 0.0038874 0.00376865 0.00989668 0.0102722 0.0864724 0.0965856 0.0433818 0.0146285 0.00967232 0.0102248 0.0111206 0.0170578 0.0115914 0.00991822 0.00894694 0.00824422 0.00845324 0.00857836 0.00845531 0.0104031 0.00819113 0.00832921 0.00918855 0.0104489 0.0216986 0.015843 0.0100042 0.00878878 0.00871188 0.00865075 0.0169372 0.00879324 0.00872828 0.00842447 0.00958788 0.00894601 0.00887219 0.00905389 0.00979639 0.0104747 0.0101583 0.0112002 0.00935359 0.0109219 0.00974735 0.0149497 0.0108175 0.0089754 0.00830223 0.00831314 0.0081455 0.00802824 0.00799918 0.00796847 0.00801528 0.00796038 0.00805172 0.00825789 0.00848089 0.00854097 0.00865519 0.00870658 0.00846503 0.00817049 0.00799848 0.00807374 0.0081886 0.00839083 0.00824072 0.00811494 0.00812901 0.00814957 0.0082026 0.00808797 
0.00858198 0.0126973 0.0116467 0.00861998 0.0151008 0.00919729 0.0185272 0.010846 0.0235615 0.0115874 0.00909962 0.0395808 0.0100397 0.0551978 0.0242833 0.0192566 0.0769817 0.0397021 0.0701081 0.0157364 0.00396763 0.00380213 0.00387361 0.00375038 0.00378459 0 0.00374449 0.00384744 0.00825035 0.0319589 0.261277 0.0366658 0.01128 0.015505 0.0107668 0.00840677 0.0148993 0.0155364 0.0169028 0.00949809 0.00821715 0.0103884 0.00841181 0.00829271 0.0118893 0.0082581 0.00959212 0.00867774 0.00837629 0.0225228 0.0129664 0.0158147 0.011604 0.00895584 0.00806785 0.0136021 0.00918496 0.0110026 0.00846291 0.00933344 0.00854019 0.0121176 0.00852306 0.00892493 0.0104337 0.00996325 0.0107929 0.0102249 0.0121325 0.00940704 0.0131897 0.0102812 0.0149687 0.00879684 0.00888869 0.00807873 0.00850657 0.00810125 0.00791318 0.00794319 0.00796931 0.0080514 0.00827416 0.00838587 0.00875828 0.0087268 0.00921559 0.0086294 0.00908706 0.00815249 0.00807809 0.00809924 0.00832952 0.00845575 0.00830133 0.00806288 0.00827517 0.00818533 0.00830199 0.00797961 
0.0144833 0.00828427 0.00945534 0.0223575 0.0083601 0.0191716 0.0094555 0.0181844 0.00906367 0.00936688 0.0142882 0.00881223 0.0235756 0.0111725 0.0128404 0.0195982 0.0104169 0.0311461 0.0399464 0.052467 0.00586549 0.00396461 0.00408289 0.00379006 0.0038874 0.00374449 0 0.00379917 0.0168325 0.28169 0.0260152 0.00959545 0.0145045 0.0098346 0.00956728 0.0102905 0.0106245 0.0209696 0.0148023 0.010594 0.0106019 0.00837694 0.00934817 0.0088634 0.00832548 0.0109487 0.00820014 0.00857314 0.0109496 0.00860609 0.0104668 0.0101244 0.00950665 0.0086692 0.00969266 0.00872175 0.0116667 0.00842548 0.00901396 0.00917835 0.010223 0.00832608 0.00829578 0.00840923 0.00860807 0.00865024 0.00900794 0.00950648 0.00854779 0.00982837 0.00858094 0.0102633 0.00897739 0.00892279 0.00814865 0.00860182 0.00821777 0.0081054 0.00813319 0.00792492 0.00814317 0.00798264 0.00815358 0.00828899 0.00851858 0.00855682 0.00847206 0.00858373 0.00842622 0.00813868 0.00800024 0.00812522 0.00819844 0.00827295 0.00820732 0.00806201 0.00814729 0.0081716 0.0081255 0.0080699 
0.00995588 0.0138588 0.0504738 0.00854303 0.0252661 0.0162942 0.0170054 0.00909483 0.0106402 0.0098449 0.00848709 0.0159502 0.00897369 0.0144871 0.0114677 0.0100041 0.0158012 0.0104146 0.0229179 0.0441873 0.00514909 0.00436209 0.00386519 0.00380441 0.00376865 0.00384744 0.00379917 0 0.279441 0.0131949 0.00807751 0.0142516 0.00802425 0.00885867 0.00864128 0.00889412 0.0353784 0.0111251 0.0106766 0.0136397 0.0101508 0.0163663 0.0141027 0.00839056 0.0094144 0.00814636 0.0123526 0.0219793 0.00830576 0.00969352 0.00906267 0.00922743 0.00902368 0.00925919 0.00952826 0.0122281 0.0083499 0.00968031 0.0087316 0.0167606 0.00874979 0.00956953 0.00828101 0.00840989 0.00891668 0.00896607 0.00911667 0.00895743 0.00948298 0.00844676 0.00967062 0.00863784 0.00927143 0.00837856 0.00970358 0.00904563 0.0085594 0.00974927 0.00836252 0.00816707 0.00852525 0.00821796 0.009171 0.00823523 0.00833348 0.00820013 0.00843244 0.00826323 0.00837115 0.00800717 0.00812755 0.00927986 0.00812244 0.00812964 0.00813454 0.00814613 0.00901513 0.00809695 0.00829752 0.00795444 
0.0146137 0.0122838 0.00955767 0.0101433 0.0148101 0.0134729 0.00974424 0.0129048 0.00937743 0.00940022 0.00962638 0.0103883 0.014486 0.0140819 0.0154996 0.0183788 0.0189797 0.0181379 0.0149565 0.0677217 0.0206951 0.0105092 0.00989393 0.00827057 0.00989668 0.00825035 0.0168325 0.279441 0 0.00381773 0.00380595 0.00380262 0.00381296 0.00380115 0.00408223 0.00591455 0.0606511 0.0187908 0.0151119 0.027688 0.0104879 0.0153379 0.00954599 0.00889252 0.00847267 0.00979933 0.013444 0.00995227 0.00950438 0.00986342 0.0109257 0.0111339 0.0104699 0.0184601 0.00919999 0.00899347 0.00982706 0.00919511 0.0163979 0.00962998 0.00921417 0.00873297 0.0082573 0.00843766 0.00903193 0.00910176 0.00965454 0.00925037 0.00908654 0.00926116 0.00909668 0.0100219 0.0102603 0.0101715 0.011368 0.00846427 0.00974168 0.00895187 0.00808471 0.00821812 0.0081422 0.00866617 0.0084581 0.00804881 0.00822187 0.00825142 0.00828412 0.00826758 0.00825679 0.00811935 0.00831362 0.00821537 0.0080111 0.00810489 0.00819537 0.00849038 0.00806148 0.00799504 0.00807225 0.00833212 
0.0104742 0.0094033 0.00929472 0.00943166 0.0108559 0.00935199 0.0211985 0.0114449 0.0146908 0.0111067 0.0113097 0.0198127 0.016885 0.0305578 0.0370538 0.0317517 0.0491482 0.0309086 0.102858 0.0150291 0.0115281 0.0247602 0.0114003 0.0143798 0.0102722 0.0319589 0.28169 0.0131949 0.00381773 0 0.00379011 0.00375929 0.00375706 0.00383748 0.00424292 0.00400123 0.0465668 0.0658711 0.03257 0.0128167 0.00932765 0.00967535 0.00894915 0.00899396 0.00937206 0.00944246 0.0106644 0.00866748 0.00952352 0.0151045 0.0178735 0.0205193 0.0200882 0.0126153 0.0085248 0.01406 0.0109423 0.0186985 0.00954307 0.010421 0.0103801 0.0103554 0.00899997 0.00963187 0.0133026 0.0121435 0.014751 0.0123938 0.0138351 0.0106578 0.0170513 0.0148346 0.0185666 0.0120232 0.0102051 0.00839683 0.009012 0.00828575 0.00795375 0.00798694 0.00807855 0.00817784 0.00829487 0.0085866 0.0090612 0.00891383 0.0094487 0.00903883 0.00945876 0.00857014 0.008243 0.008127 0.00833987 0.00863351 0.00845662 0.00838856 0.00818298 0.00820587 0.00823437 0.00804935 
0.0111922 0.00834422 0.00894229 0.0105088 0.0087794 0.0108793 0.0103297 0.0311377 0.0142821 0.0156948 0.0290791 0.0117695 0.0580046 0.0309937 0.0487166 0.0808711 0.0388545 0.269597 0.0271608 0.0195443 0.0132649 0.0106708 0.0205963 0.0107533 0.0864724 0.261277 0.0260152 0.00807751 0.00380595 0.00379011 0 0.00376235 0.00375654 0.00378098 0.00377391 0.00390262 0.0315088 0.0672099 0.0290681 0.0132179 0.00889643 0.00869988 0.00891161 0.0102079 0.00961392 0.0133574 0.00863484 0.00853729 0.0130437 0.0149766 0.0363956 0.050959 0.02077 0.0117241 0.00949629 0.0100763 0.0383403 0.011409 0.0103373 0.0097617 0.0137522 0.012095 0.0112198 0.0129633 0.0148435 0.0237027 0.0204323 0.0259378 0.0149826 0.0241786 0.0172602 0.0364823 0.0257483 0.0145138 0.00901633 0.00838898 0.00859712 0.008054 0.00805715 0.00802875 0.00807473 0.00817799 0.00824264 0.00879935 0.00961248 0.010038 0.0102045 0.0105774 0.00990467 0.00894636 0.00824889 0.00809244 0.00858466 0.00911071 0.00865977 0.00824429 0.00808429 0.00826912 0.00825979 0.00812358 
0.0090337 0.0106131 0.0109487 0.00875397 0.0126171 0.00926591 0.0259228 0.0146022 0.0453131 0.0260326 0.0126237 0.0796975 0.0176393 0.0979272 0.0635165 0.0413515 0.363653 0.0412898 0.0883805 0.0150594 0.0103023 0.0300739 0.0122335 0.17167 0.0965856 0.0366658 0.00959545 0.0142516 0.00380262 0.00375929 0.00376235 0 0.00376214 0.00375269 0.00376351 0.00381716 0.0589692 0.0488717 0.0415799 0.0141516 0.00865248 0.0105044 0.00913609 0.00926873 0.0211408 0.00904227 0.0108931 0.00941344 0.00955793 0.0501621 0.039582 0.0628832 0.0258363 0.0124327 0.00869286 0.0310403 0.0137122 0.0252578 0.00954804 0.0135227 0.0119602 0.0262462 0.0127259 0.0162173 0.0268342 0.0286017 0.0313685 0.0263691 0.0420524 0.0160554 0.0532907 0.0307745 0.0598949 0.0138958 0.0101296 0.00846868 0.00905058 0.00827699 0.00797609 0.00799063 0.0080505 0.00824924 0.00873715 0.00895664 0.0102775 0.0101647 0.0122763 0.0102297 0.0119723 0.00903237 0.00855191 0.00824862 0.00864994 0.00904513 0.00875019 0.00844183 0.00818564 0.00827717 0.00840299 0.00821408 
0.0127449 0.00841283 0.00890612 0.0113862 0.00879835 0.0116483 0.011967 0.0526699 0.0265191 0.0175343 0.0398554 0.013786 0.120595 0.0359487 0.0600741 0.239286 0.0583009 0.201246 0.0340135 0.0216318 0.0197403 0.0127653 0.174808 0.0821339 0.0433818 0.01128 0.0145045 0.00802425 0.00381296 0.00375706 0.00375654 0.00376214 0 0.00374652 0.00375269 0.00376639 0.069328 0.093622 0.0455636 0.0160279 0.00916623 0.00886079 0.00923644 0.0111499 0.00971108 0.0181957 0.00861335 0.00879237 0.0160772 0.0255848 0.0738147 0.0630302 0.0220897 0.0119525 0.0105545 0.0109662 0.0457627 0.0166167 0.0109738 0.0101547 0.0237469 0.0136088 0.0166035 0.0177643 0.0209409 0.0331465 0.0368419 0.0343375 0.0230691 0.0386068 0.032403 0.0632964 0.0341157 0.0172829 0.00914386 0.00867434 0.00873487 0.00817505 0.00805052 0.00799581 0.00819958 0.00822351 0.00856253 0.00903706 0.0100707 0.0113951 0.0105292 0.0114009 0.0105393 0.00922842 0.00814363 0.00827855 0.00849483 0.00909598 0.00875283 0.00828165 0.00819996 0.00816303 0.00820882 0.00805251 
0.00893306 0.00855649 0.00941163 0.00890952 0.00949605 0.0091386 0.0135728 0.022748 0.0186628 0.0168074 0.0150656 0.0266243 0.0212121 0.0565198 0.126304 0.0480247 0.0617943 0.0545598 0.0530475 0.0144689 0.0160797 0.160111 0.0924312 0.0225425 0.0146285 0.015505 0.0098346 0.00885867 0.00380115 0.00383748 0.00378098 0.00375269 0.00374652 0 0.00375617 0.00375902 0.0463089 0.0902419 0.0452431 0.0151887 0.00872675 0.00909097 0.0092685 0.008986 0.0145093 0.00935111 0.00919039 0.00872958 0.0109987 0.0300163 0.0276951 0.0426187 0.0165258 0.0116149 0.00875147 0.0131736 0.0240846 0.0156297 0.00967033 0.0107398 0.0109402 0.0214144 0.0116904 0.0124216 0.0177648 0.0230107 0.0232115 0.0198367 0.0235791 0.0180831 0.0298163 0.0251917 0.0369421 0.0125714 0.00923946 0.00834636 0.00875946 0.00819115 0.00797193 0.00794232 0.00796738 0.0081783 0.00834395 0.00852267 0.00948808 0.00929202 0.0101622 0.00933682 0.0102995 0.00859047 0.00845349 0.00813921 0.00845588 0.00903519 0.00846041 0.00830139 0.00809845 0.00816724 0.00833881 0.00810098 
0.00904314 0.00886764 0.0100238 0.00920898 0.00917482 0.00934982 0.0163305 0.00960015 0.0106104 0.0101423 0.0102529 0.0115202 0.0111627 0.0676301 0.0158817 0.0143059 0.0183139 0.0160017 0.0300854 0.01434 0.0892249 0.100799 0.014334 0.0113385 0.00967232 0.0107668 0.00956728 0.00864128 0.00408223 0.00424292 0.00377391 0.00376351 0.00375269 0.00375617 0 0.0045423 0.0164302 0.0480033 0.111293 0.0208336 0.00873398 0.0103972 0.0092756 0.00922446 0.00908035 0.00935008 0.00893773 0.00994951 0.00957847 0.0115322 0.0121583 0.0117999 0.0173055 0.0107267 0.00892595 0.0115053 0.00922528 0.0144179 0.00920231 0.00992826 0.010909 0.00978064 0.00877227 0.00903316 0.00992676 0.0106187 0.0102352 0.0107643 0.0109055 0.0102483 0.0105753 0.0109786 0.0114696 0.0110041 0.00877035 0.00838607 0.00847428 0.00822565 0.00795687 0.00796713 0.00792917 0.00803587 0.00816254 0.00835132 0.00868405 0.00866879 0.008907 0.0086941 0.00884675 0.00820727 0.00805808 0.00808457 0.0081388 0.00820953 0.00810558 0.00798742 0.00795371 0.00804042 0.00807849 0.00787498 
0.0123562 0.00820921 0.0126208 0.00914684 0.00929161 0.0237322 0.008999 0.00906808 0.00868101 0.00864389 0.00881517 0.00873135 0.0364311 0.00983904 0.00985791 0.0109118 0.00961612 0.0119487 0.0118275 0.0241284 0.148811 0.0104777 0.00960793 0.00899304 0.0102248 0.00840677 0.0102905 0.00889412 0.00591455 0.00400123 0.00390262 0.00381716 0.00376639 0.00375902 0.0045423 0 0.0159463 0.0132133 0.054534 0.0936436 0.0114534 0.00930702 0.0129258 0.00868458 0.00851969 0.00888856 0.00904887 0.0123478 0.00874402 0.00888858 0.00954657 0.00959324 0.00907078 0.0109847 0.0132166 0.00929936 0.00918288 0.00872788 0.0108783 0.0137724 0.00944066 0.00857292 0.00825348 0.00841426 0.00851137 0.00881039 0.00886156 0.00922972 0.00851434 0.00877099 0.0087969 0.00880917 0.00879745 0.00858126 0.00873074 0.00904211 0.00847566 0.00904599 0.00818006 0.00793096 0.00836114 0.00809796 0.00838686 0.00807546 0.00818091 0.00825884 0.00819873 0.00815307 0.00810888 0.00800597 0.00806273 0.00820659 0.007996 0.00810265 0.00803826 0.00815201 0.00806569 0.00795128 0.00797425 0.00809153 
