1M6SD
MMIDLRSDTVTKPTEEMRKAMAQAEVGDDVYGEDPTINELERLAAETFGKEAALFVPSGTMGNQVSIMAHTQRGDEVILEADSHIFWYEVGAMAVLSGVMPHPVPGKNGAMDPDDVRKAIRPRNIHFPRTSLIAIENTHNRSGGRVVPLENIKEICTIAKEHGINVHIDGARIFNASIASGVPVKEYAGYADSVMFCLSXGLCAPVGSVVVGDRDFIERARKARKMLGGGMRQAGVLAAAGIIALTKMVDRLKEDHENARFLALKLKEIGYSVNPEDVKTNMVILRTDNLKVNAHGFIEALRNSGVLANAVSDTEIRLVTHKDVSRNDIEEALNIFEKLFRKFS
CCEECCCHHHCCCCHHHHHHHHCCCCCCHHHCCCHHHHHHHHHHHHHCCCCEEEEECCHHHHHHHHHHHHCCCCCEEEEECCCHHHHCCCCHHHHHHCCEEEEECEECCEECHHHHHHHCCCCCCCCCCEEEEEEECCECCCCCECCCHHHHHHHHHHHHHHCCEEEEEECCHHHHHHHHCCCHHHHHCCCCEEEEECCCCCCCCCCEEEEECHHHHHHHHHHHHHHCCCCCCCHHHHHHHHHHHHHCCCCHHHHHHHHHHHHHHHHHHCCECCHHHCCCCEEEEECCCCCCCHHHHHHHHHHHCEECEECCCCEEEEECCCCCCHHHHHHHHHHHHHHHHHHC
0 0 0 0 0 0 0 0 0 0 0 0 0 0 0 0 0 0 0 0 0 0 0 0 0 0 0 0 0 0 0 0 0 0 0 0 0 0 0 0 0 0 0 0 0 0 0 0 0 0 0 0 0 0 0 0 0 0 0 0 0 0 0 0 0 0 0 0 0 0 0 0 0 0 0 0 0 0 0 0 0 0 0 0 0 0 0 0 0 0 0 0 0 0 0 0 0 0 0 0 0 0 0 0 0 0 0 0 0 0 0 0 0 0 0 0 0 0 0 0 0 0 0 0 0 0 0 0 0 0 0 0 0 0 0 0 0 0 0 0 0 0 0 0 0 0 0 0 0 0 0 0 0 0 0 0 0 0 0 0 0 0 0 0 0 0 0 0 0 0 0 0 0 0 0 0 0 0 0 0 0 0 0 0 0 0 0 0 0 0 0 0 0 0 0 0 0 0 0 0 0 0 0 0 0 0 0 0 0 0 0 0 0 0 0 0 0 0 0 0 0 0 0 0 0 0 0 0 0 0 0 0 0 0 0 0 0 0 0 0 0 0 0 0 0 0 0 0 0 0 0 0 0 0 0 0 0 0 0 0 0 0 0 0 0 0 0 0 0 0 0 0 0 0 0 0 0 0 0 0 0 0 0 0 0 0 0 0 0 0 0 0 0 0 0 0 0 0 0 0 0 0 0 0 0 0 0 0 0 0 0 0 0 0 0 0 0 0 0 0 0 0 0 0 0 0 0 0 0 0 0 0 0 0 0 0 0 0 0 0 0 0 0 0 
0 0 0 0 0 0 0 0 0 0 0 0 0 0 0 0 0 0 0 0 0 0 0 0 0 0 0 0 0 0 0 0 0 0 0 0 0 0 0 0 0 0 0 0 0 0 0 0 0 0 0 0 0 0 0 0 0 0 0 0 0 0 0 0 0 0 0 0 0 0 0 0 0 0 0 0 0 0 0 0 0 0 0 0 0 0 0 0 0 0 0 0 0 0 0 0 0 0 0 0 0 0 0 0 0 0 0 0 0 0 0 0 0 0 0 0 0 0 0 0 0 0 0 0 0 0 0 0 0 0 0 0 0 0 0 0 0 0 0 0 0 0 0 0 0 0 0 0 0 0 0 0 0 0 0 0 0 0 0 0 0 0 0 0 0 0 0 0 0 0 0 0 0 0 0 0 0 0 0 0 0 0 0 0 0 0 0 0 0 0 0 0 0 0 0 0 0 0 0 0 0 0 0 0 0 0 0 0 0 0 0 0 0 0 0 0 0 0 0 0 0 0 0 0 0 0 0 0 0 0 0 0 0 0 0 0 0 0 0 0 0 0 0 0 0 0 0 0 0 0 0 0 0 0 0 0 0 0 0 0 0 0 0 0 0 0 0 0 0 0 0 0 0 0 0 0 0 0 0 0 0 0 0 0 0 0 0 0 0 0 0 0 0 0 0 0 0 0 0 0 0 0 0 0 0 0 0 0 0 0 0 0 0 0 0 0 0 0 0 0 0 0 0 0 0 0 0 0 0 0 0 0 0 0 0 0 0 0 0 0 0 0 0 0 
0 0.00575764 0.0317706 0.0208501 0.0153292 0.0248346 0.0161612 0.0107944 0.0113984 0.00909025 0.0106202 0.0119707 0.00883687 0.00894876 0.00860016 0.00872534 0.00869899 0.00829996 0.00843277 0.00833978 0.0100098 0.00856818 0.00839081 0.00843377 0.00868057 0.00846995 0.0088185 0.00881696 0.00866111 0.00897704 0.00826551 0.00838842 0.00805535 0.00826925 0.00808805 0.00836852 0.00828321 0.00826004 0.00822782 0.00825033 0.00819044 0.00847904 0.00830062 0.00825663 0.00827757 0.00839031 0.0089303 0.00853271 0.00857867 0.00854397 0.00865634 0.00869425 0.00857392 0.00883598 0.00850608 0.00873692 0.00862357 0.00893988 0.00854395 0.008936 0.00925143 
0.00575764 0 0.013893 0.019751 0.020576 0.0544571 0.0737631 0.0131187 0.0112314 0.0105353 0.0120232 0.0138565 0.0101536 0.00862291 0.00850752 0.00847716 0.00859335 0.00867562 0.00795912 0.00948544 0.00825279 0.00880304 0.00860659 0.00868999 0.009126 0.00901809 0.00856013 0.00889586 0.00838386 0.00850803 0.00913759 0.00814508 0.00832033 0.0081392 0.00819302 0.00814872 0.00810696 0.00819662 0.00815398 0.00822999 0.00821486 0.0083894 0.00841511 0.00822557 0.00827152 0.00810069 0.00870261 0.00857193 0.00863246 0.00846913 0.00858784 0.00848415 0.00873718 0.00859572 0.00833208 0.00846748 0.00870338 0.00846748 0.00848716 0.00879612 0.00870293 
0.0317706 0.013893 0 0.00544342 0.00380675 0.00383114 0.00430288 0.160129 0.0287043 0.0133514 0.0130993 0.0245593 0.0162548 0.0155095 0.0106496 0.0106914 0.0137828 0.00939239 0.0100119 0.0089075 0.0160583 0.0115349 0.0105814 0.0104189 0.0112333 0.0112841 0.0102059 0.0114443 0.00955954 0.00945262 0.00833772 0.00944239 0.00835653 0.00870212 0.00824139 0.010465 0.00842067 0.00869614 0.00835796 0.00882343 0.00917069 0.00860216 0.00820241 0.00840567 0.00844259 0.00923833 0.00850372 0.0082231 0.00816091 0.00818395 0.00833226 0.00856517 0.00824106 0.00830994 0.00813205 0.00827873 0.00821147 0.00838782 0.00820839 0.00837145 0.00863107 
0.0208501 0.019751 0.00544342 0 0.00378519 0.00380988 0.00379792 0.099565 0.169963 0.0317191 0.0299975 0.013646 0.0118377 0.0231301 0.0190968 0.0183549 0.00917009 0.009387 0.00840239 0.00949696 0.00953918 0.00946895 0.0203341 0.0197797 0.0322774 0.0329736 0.0174041 0.00989197 0.00854742 0.00828048 0.0087929 0.00966925 0.0105605 0.0103084 0.00961165 0.0088601 0.00854912 0.00891559 0.00973183 0.00962812 0.00847941 0.00835864 0.00885681 0.00918928 0.00910077 0.00829791 0.00814469 0.00828118 0.00842567 0.00866911 0.00852295 0.00837848 0.00821401 0.00831085 0.00812409 0.00822984 0.00824026 0.00836595 0.00844954 0.00858552 0.00849049 
0.0153292 0.020576 0.00380675 0.00378519 0 0.00378889 0.00379685 0.0290127 0.110661 0.236906 0.0394216 0.0137563 0.011935 0.0248447 0.0590639 0.0175931 0.0122566 0.0087431 0.00838889 0.00871644 0.00917028 0.00939394 0.0190459 0.0579802 0.0714259 0.0750727 0.0262166 0.0102456 0.00834737 0.00830619 0.0086464 0.0132562 0.0149972 0.023515 0.0105239 0.00923067 0.00866743 0.0102592 0.0135678 0.0108224 0.00867574 0.00866058 0.00957625 0.0117275 0.00927265 0.0086033 0.00799685 0.00834757 0.00885599 0.0091145 0.00872691 0.00845438 0.00825154 0.00832907 0.00810668 0.00815405 0.00832934 0.00859131 0.00872406 0.00898912 0.0086661 
0.0248346 0.0544571 0.00383114 0.00380988 0.00378889 0 0.00390179 0.0230252 0.0610954 0.100983 0.266923 0.0235751 0.0152749 0.02322 0.0184994 0.026753 0.0106931 0.0102814 0.00884152 0.0104741 0.0107134 0.0100559 0.0167998 0.0284009 0.0346158 0.0344605 0.0420198 0.0137003 0.00936879 0.00906871 0.00991807 0.0105023 0.0132459 0.012848 0.0142201 0.00995207 0.00858124 0.0103089 0.0115014 0.0106764 0.0086575 0.00879921 0.00951011 0.0101751 0.00912975 0.00828256 0.00808575 0.00839015 0.00852637 0.00874113 0.00856372 0.00817801 0.00828867 0.00831856 0.00808729 0.00818309 0.00827816 0.00843639 0.00858141 0.00876036 0.00851034 
0.0161612 0.0737631 0.00430288 0.00379792 0.00379685 0.00390179 0 0.0209364 0.0185954 0.0260418 0.0861195 0.249509 0.016036 0.0118296 0.010151 0.0107236 0.0102465 0.0106412 0.00871749 0.01245 0.0103119 0.0133384 0.0103881 0.0110863 0.0127918 0.0131284 0.0129294 0.0187845 0.0113411 0.0105493 0.00990592 0.00893145 0.00863824 0.00925541 0.00940973 0.0106851 0.00899328 0.0084343 0.00890607 0.00886326 0.00920564 0.00932227 0.00864824 0.00866725 0.00843662 0.00849995 0.00832851 0.00833365 0.00828717 0.00824588 0.00831385 0.00822598 0.00849352 0.00827862 0.00802238 0.00815709 0.00830576 0.00822559 0.00820258 0.00843995 0.00846048 
0.0107944 0.0131187 0.160129 0.099565 0.0290127 0.0230252 0.0209364 0 0.00397878 0.00380061 0.00383392 0.00438906 0.511305 0.0121465 0.0162218 0.0128232 0.0145217 0.0099364 0.0108686 0.0106221 0.0137687 0.0169134 0.0156098 0.0144132 0.0148321 0.0176359 0.0122008 0.0188542 0.0107553 0.0106727 0.0123571 0.00918806 0.00969383 0.00943302 0.00955773 0.0123192 0.00876653 0.00837907 0.00894233 0.00944532 0.0109592 0.00855713 0.00834946 0.00856838 0.00893154 0.010045 0.00867463 0.00818697 0.00811989 0.00854409 0.00840406 0.00867013 0.00801342 0.00826816 0.00804432 0.0081763 0.00811259 0.00817988 0.00817459 0.0083594 0.00854342 
0.0113984 0.0112314 0.0287043 0.169963 0.110661 0.0610954 0.0185954 0.00397878 0 0.00378192 0.0038029 0.00387329 0.0316891 0.62659 0.0218819 0.0301281 0.0103592 0.0103375 0.00901473 0.00985847 0.011975 0.0136829 0.0375126 0.0367509 0.0673696 0.0447836 0.0383804 0.0116052 0.00955268 0.00895549 0.00893854 0.0224162 0.0136878 0.0199405 0.0109766 0.0101813 0.00906185 0.0120504 0.012297 0.0131107 0.00904691 0.00866596 0.0101893 0.0113367 0.00988393 0.00877398 0.00809558 0.00822622 0.0085399 0.0088553 0.00864624 0.00837947 0.00813183 0.00824618 0.00802744 0.00815265 0.00814129 0.00833693 0.00853895 0.00875088 0.00862343 
0.00909025 0.0105353 0.0133514 0.0317191 0.236906 0.100983 0.0260418 0.00380061 0.00378192 0 0.00377824 0.00378652 0.0474106 0.0203833 0.575856 0.0237817 0.0154128 0.0088707 0.0086496 0.0117279 0.00939628 0.0107468 0.024048 0.0757198 0.080162 0.170594 0.0258335 0.0133738 0.0088064 0.00854467 0.0094962 0.0121771 0.0463253 0.029629 0.0172655 0.0106197 0.00909443 0.0111123 0.0259702 0.0123152 0.0093149 0.0088484 0.0101316 0.0150712 0.0102404 0.00868051 0.0079509 0.00836163 0.00891874 0.00964682 0.00883718 0.00841254 0.00812815 0.00825751 0.00798825 0.00811605 0.00819058 0.00839105 0.00865541 0.00898744 0.00859287 
0.0106202 0.0120232 0.0130993 0.0299975 0.0394216 0.266923 0.0861195 0.00383392 0.0038029 0.00377824 0 0.00393299 0.0164757 0.0941248 0.0260966 0.5281 0.0128696 0.0129622 0.0117963 0.0110115 0.0169727 0.0108298 0.0206946 0.0321188 0.047484 0.0338254 0.133901 0.0175394 0.0106877 0.0101403 0.00908368 0.0161192 0.0122617 0.0223386 0.0196781 0.0124501 0.00898344 0.0123911 0.0119849 0.0173879 0.0092647 0.00931923 0.0101891 0.0112474 0.00983789 0.00894922 0.00803645 0.00832355 0.00865646 0.0087335 0.00870371 0.00812569 0.00817554 0.00824821 0.00797762 0.00804466 0.00823228 0.00838247 0.00845 0.00865245 0.00835509 
0.0119707 0.0138565 0.0245593 0.013646 0.0137563 0.0235751 0.249509 0.00438906 0.00387329 0.00378652 0.00393299 0 0.040669 0.01145 0.0335564 0.0249879 0.211159 0.01333 0.0214845 0.0185338 0.014049 0.0177772 0.0118488 0.0126639 0.0131473 0.0145881 0.0139954 0.0367289 0.0147784 0.0135129 0.0141366 0.0094864 0.00977831 0.00939173 0.0116467 0.0124009 0.0113876 0.00911078 0.00935684 0.00913715 0.010817 0.01182 0.00920339 0.00875405 0.00875561 0.00862082 0.00887707 0.00864894 0.00826967 0.00831366 0.00821269 0.00826799 0.00843426 0.00822767 0.0081085 0.00808818 0.0085402 0.00818803 0.00817252 0.00825253 0.00820976 
0.00883687 0.0101536 0.0162548 0.0118377 0.011935 0.0152749 0.016036 0.511305 0.0316891 0.0474106 0.0164757 0.040669 0 0.00386029 0.00380059 0.0038357 0.00377478 0.00395053 0.00655741 0.00632593 0.00853545 0.0233274 0.0170873 0.0126973 0.0122506 0.0198377 0.0118957 0.0181298 0.0128078 0.0117959 0.012313 0.00912761 0.0106983 0.00935973 0.00972085 0.0131924 0.00910921 0.00870887 0.0090331 0.00942078 0.0110404 0.00867136 0.00859048 0.00870046 0.00905305 0.00968399 0.00868227 0.00794524 0.00805985 0.00815393 0.00810499 0.00839579 0.00785635 0.00802838 0.00786799 0.00799262 0.00813183 0.00802672 0.00805153 0.00820075 0.00814245 
0.00894876 0.00862291 0.0155095 0.0231301 0.0248447 0.02322 0.0118296 0.0121465 0.62659 0.0203833 0.0941248 0.01145 0.00386029 0 0.00375901 0.00379036 0.00377741 0.00378973 0.00416911 0.00547599 0.00726003 0.016484 0.0279802 0.0210651 0.0406927 0.0176884 0.0312497 0.0108142 0.00989636 0.00932743 0.00862946 0.0238217 0.0103494 0.0229471 0.0108807 0.00988759 0.008807 0.0120494 0.0119188 0.0148328 0.00877005 0.00847669 0.0101694 0.0108847 0.0099733 0.00909939 0.00794829 0.00825579 0.00846187 0.00859828 0.00845929 0.00810171 0.00802461 0.00807958 0.00794339 0.00798987 0.0079413 0.00822707 0.0082724 0.00845168 0.00816003 
0.00860016 0.00850752 0.0106496 0.0190968 0.0590639 0.0184994 0.010151 0.0162218 0.0218819 0.575856 0.0260966 0.0335564 0.00380059 0.00375901 0 0.00375342 0.0037451 0.00377011 0.00628451 0.00495401 0.00505116 0.0144508 0.0190247 0.0649314 0.0307746 0.0710923 0.0161031 0.0113115 0.00900518 0.00853422 0.00951778 0.011897 0.0315991 0.0198138 0.0127897 0.0104112 0.00972474 0.0108926 0.0295023 0.0113903 0.00888745 0.0090464 0.0100179 0.0173439 0.00962728 0.00856449 0.00792138 0.00825855 0.00849898 0.00907493 0.00845413 0.00812468 0.00805481 0.00806881 0.00799392 0.00791436 0.00802262 0.00821742 0.00839632 0.0085197 0.00822305 
0.00872534 0.00847716 0.0106914 0.0183549 0.0175931 0.026753 0.0107236 0.0128232 0.0301281 0.0237817 0.5281 0.0249879 0.0038357 0.00379036 0.00375342 0 0.00375215 0.00381556 0.00598248 0.00526382 0.00573677 0.0113121 0.0324784 0.0163572 0.0292391 0.0212677 0.0397913 0.0121972 0.010493 0.00953785 0.0102231 0.0124503 0.0131783 0.0137655 0.0170606 0.0104641 0.00869664 0.0130616 0.0120541 0.0134205 0.0091735 0.00916268 0.00938058 0.0101977 0.00991933 0.00840178 0.00790744 0.00832731 0.00838531 0.00843659 0.00840487 0.00811973 0.00801263 0.00806197 0.00790989 0.00793904 0.0079988 0.00809547 0.00821446 0.00826263 0.00809676 
0.00869899 0.00859335 0.0137828 0.00917009 0.0122566 0.0106931 0.0102465 0.0145217 0.0103592 0.0154128 0.0128696 0.211159 0.00377478 0.00377741 0.0037451 0.00375215 0 0.00458715 0.00378009 0.0047666 0.0061625 0.021807 0.0100202 0.0130169 0.0133625 0.0145785 0.0116299 0.012399 0.00951155 0.0106066 0.00860345 0.010633 0.00936692 0.0128342 0.00913477 0.0104919 0.00954386 0.00874998 0.00952503 0.00917321 0.00968356 0.00948723 0.00855409 0.00907541 0.00862927 0.00918392 0.00802688 0.00811274 0.00812406 0.00827773 0.00815592 0.00809334 0.00804575 0.00810425 0.0079089 0.00797916 0.00798287 0.00811076 0.00812393 0.00817162 0.00812831 
0.00829996 0.00867562 0.00939239 0.009387 0.0087431 0.0102814 0.0106412 0.0099364 0.0103375 0.0088707 0.0129622 0.01333 0.00395053 0.00378973 0.00377011 0.00381556 0.00458715 0 0.00845024 0.0039933 0.915976 0.00974026 0.011673 0.00919467 0.0097679 0.0093696 0.0109604 0.0110696 0.0132174 0.0110358 0.00955302 0.00894212 0.0085545 0.00850209 0.00882769 0.00969372 0.00836173 0.00832006 0.00818571 0.0083588 0.00930356 0.0083874 0.00833452 0.00816228 0.00814909 0.00857544 0.00838339 0.00789276 0.00790777 0.0079678 0.00789144 0.00798651 0.00793381 0.00787369 0.00780314 0.00784739 0.00793812 0.0080386 0.00789904 0.00788505 0.00797018 
0.00843277 0.00795912 0.0100119 0.00840239 0.00838889 0.00884152 0.00871749 0.0108686 0.00901473 0.0086496 0.0117963 0.0214845 0.00655741 0.00416911 0.00628451 0.00598248 0.00378009 0.00845024 0 0.984472 0.0043198 0.0126956 0.00898384 0.00940366 0.00885984 0.00913507 0.0102273 0.0115053 0.0109671 0.0112582 0.00867995 0.00864549 0.00808282 0.00821604 0.00820105 0.00850916 0.0083021 0.00801448 0.00799167 0.00816476 0.00803448 0.00835038 0.00793482 0.0079549 0.00813257 0.00801984 0.00807612 0.0079051 0.0079387 0.00789944 0.00787786 0.00798158 0.00792369 0.00794665 0.00783526 0.00793706 0.00793849 0.00797985 0.00787163 0.00793153 0.00792745 
0.00833978 0.00948544 0.0089075 0.00949696 0.00871644 0.0104741 0.01245 0.0106221 0.00985847 0.0117279 0.0110115 0.0185338 0.00632593 0.00547599 0.00495401 0.00526382 0.0047666 0.0039933 0.984472 0 0.00502488 0.0104818 0.0184001 0.00962078 0.0100223 0.0110496 0.0137273 0.0211821 0.016715 0.0166693 0.0105276 0.00866567 0.00896312 0.00858261 0.00965188 0.0108863 0.00832526 0.00817849 0.00836448 0.00882496 0.0104912 0.00877272 0.00817011 0.00827539 0.0088121 0.00929638 0.00953263 0.00794791 0.00793274 0.00802032 0.00799422 0.00842117 0.00791064 0.00795413 0.00789608 0.00795229 0.0080891 0.00793552 0.00793911 0.00810226 0.00811954 
0.0100098 0.00825279 0.0160583 0.00953918 0.00917028 0.0107134 0.0103119 0.0137687 0.011975 0.00939628 0.0169727 0.014049 0.00853545 0.00726003 0.00505116 0.00573677 0.0061625 0.915976 0.0043198 0.00502488 0 0.0243663 0.0133066 0.0112736 0.0124032 0.0123668 0.0302455 0.0225813 0.0193187 0.0183234 0.00971454 0.0118361 0.00868158 0.00944894 0.00916627 0.0107223 0.0102718 0.00897597 0.0088392 0.0102854 0.00889459 0.0101506 0.00872218 0.00850614 0.00884766 0.00989311 0.00831974 0.00831533 0.00807878 0.0080965 0.00805488 0.0081383 0.00822479 0.00813677 0.00790477 0.00799495 0.00814612 0.00812958 0.00798663 0.00811099 0.00815725 
0.00856818 0.00880304 0.0115349 0.00946895 0.00939394 0.0100559 0.0133384 0.0169134 0.0136829 0.0107468 0.0108298 0.0177772 0.0233274 0.016484 0.0144508 0.0113121 0.021807 0.00974026 0.0126956 0.0104818 0.0243663 0 0.00403123 0.00377464 0.00381757 0.00382588 0.00391143 0.00555367 0.00840035 0.0141385 0.0451246 0.0154317 0.010589 0.0107525 0.00958511 0.0200566 0.0137412 0.0114278 0.00954469 0.0103484 0.0143494 0.0111447 0.00950089 0.00926887 0.0096981 0.0139215 0.00899708 0.00823343 0.00812366 0.00817579 0.00828684 0.00893808 0.00835979 0.00811898 0.00791263 0.00803334 0.00809314 0.00811175 0.00804461 0.00818264 0.00830155 
0.00839081 0.00860659 0.0105814 0.0203341 0.0190459 0.0167998 0.0103881 0.0156098 0.0375126 0.024048 0.0206946 0.0118488 0.0170873 0.0279802 0.0190247 0.0324784 0.0100202 0.011673 0.00898384 0.0184001 0.0133066 0.00403123 0 0.0038102 0.00378662 0.00381791 0.00384135 0.00399538 0.00561958 0.00937041 0.0376682 0.0513584 0.0201542 0.015927 0.0188088 0.0206581 0.0145492 0.0226601 0.0230306 0.0189287 0.0102218 0.0116924 0.0153204 0.0180451 0.0134854 0.0102015 0.00814592 0.0084185 0.00864733 0.00897996 0.00908079 0.00847529 0.00811808 0.00809764 0.00798901 0.00797351 0.00800826 0.00843974 0.00831894 0.00878394 0.00831504 
0.00843377 0.00868999 0.0104189 0.0197797 0.0579802 0.0284009 0.0110863 0.0144132 0.0367509 0.0757198 0.0321188 0.0126639 0.0126973 0.0210651 0.0649314 0.0163572 0.0130169 0.00919467 0.00940366 0.00962078 0.0112736 0.00377464 0.0038102 0 0.00377092 0.00381582 0.00378014 0.00384915 0.00460379 0.00802908 0.0773951 0.0357941 0.0789147 0.0446071 0.0351689 0.0162682 0.0150312 0.0327231 0.0674042 0.0274007 0.012312 0.0115155 0.0221553 0.0625131 0.0196956 0.0105762 0.00803677 0.00875199 0.00982368 0.012178 0.0100282 0.00850209 0.00810581 0.00825644 0.00803932 0.00806654 0.00818831 0.00868555 0.00943236 0.00958258 0.0084892 
0.00868057 0.009126 0.0112333 0.0322774 0.0714259 0.0346158 0.0127918 0.0148321 0.0673696 0.080162 0.047484 0.0131473 0.0122506 0.0406927 0.0307746 0.0292391 0.0133625 0.0097679 0.00885984 0.0100223 0.0124032 0.00381757 0.00378662 0.00377092 0 0.00377614 0.00381292 0.0037788 0.00405442 0.00812504 0.0179802 0.218086 0.0440103 0.201569 0.016217 0.0158107 0.0172531 0.0559658 0.0764313 0.0429979 0.0139803 0.0132981 0.0353519 0.0682798 0.0233226 0.0112165 0.00806375 0.00882336 0.0103852 0.0121435 0.00999778 0.00871512 0.00818078 0.00835619 0.00815909 0.00806629 0.00814673 0.00873401 0.00915399 0.00947944 0.00854293 
0.00846995 0.00901809 0.0112841 0.0329736 0.0750727 0.0344605 0.0131284 0.0176359 0.0447836 0.170594 0.0338254 0.0145881 0.0198377 0.0176884 0.0710923 0.0212677 0.0145785 0.0093696 0.00913507 0.0110496 0.0123668 0.00382588 0.00381791 0.00381582 0.00377614 0 0.00376923 0.00377859 0.0041406 0.00836513 0.0264727 0.0192342 0.473878 0.0413387 0.0656007 0.0135578 0.0184235 0.038892 0.167265 0.0295145 0.0157329 0.0162098 0.0277948 0.094975 0.0259599 0.0103537 0.00820289 0.00887919 0.0104066 0.0131945 0.0101285 0.00883271 0.00812325 0.00834961 0.00810987 0.00809235 0.00838593 0.00867273 0.00978184 0.00989826 0.00859991 
0.0088185 0.00856013 0.0102059 0.0174041 0.0262166 0.0420198 0.0129294 0.0122008 0.0383804 0.0258335 0.133901 0.0139954 0.0118957 0.0312497 0.0161031 0.0397913 0.0116299 0.0109604 0.0102273 0.0137273 0.0302455 0.00391143 0.00384135 0.00378014 0.00381292 0.00376923 0 0.00386855 0.00436816 0.0145511 0.0109866 0.104283 0.0158727 0.295509 0.0700059 0.0330267 0.0114923 0.0446674 0.0244182 0.104412 0.0155607 0.0116455 0.028886 0.0242261 0.0337763 0.0122187 0.00807876 0.00886235 0.0096401 0.0102118 0.00987029 0.00846468 0.00820044 0.00833401 0.00802121 0.00804194 0.00814137 0.00874341 0.00887067 0.00919814 0.00833467 
0.00881696 0.00889586 0.0114443 0.00989197 0.0102456 0.0137003 0.0187845 0.0188542 0.0116052 0.0133738 0.0175394 0.0367289 0.0181298 0.0108142 0.0113115 0.0121972 0.012399 0.0110696 0.0115053 0.0211821 0.0225813 0.00555367 0.00399538 0.00384915 0.0037788 0.00377859 0.00386855 0 0.0168629 0.0142302 0.0394687 0.00971287 0.0242453 0.0139717 0.12691 0.0627217 0.0174178 0.0104778 0.0145242 0.0188309 0.036998 0.0189329 0.0109631 0.0121267 0.014295 0.0130195 0.00991897 0.00960534 0.00848441 0.00875363 0.00864764 0.00914925 0.00870892 0.00828867 0.00834269 0.00808353 0.00887866 0.00808626 0.00829768 0.00846665 0.00841405 
0.00866111 0.00838386 0.00955954 0.00854742 0.00834737 0.00936879 0.0113411 0.0107553 0.00955268 0.0088064 0.0106877 0.0147784 0.0128078 0.00989636 0.00900518 0.010493 0.00951155 0.0132174 0.0109671 0.016715 0.0193187 0.00840035 0.00561958 0.00460379 0.00405442 0.0041406 0.00436816 0.0168629 0 0.915375 0.015743 0.0117108 0.0115517 0.0117475 0.0134159 0.0307724 0.0109249 0.00941953 0.00900602 0.0104919 0.014995 0.0113171 0.00893297 0.0087706 0.0101245 0.0133776 0.0115045 0.00852622 0.00797032 0.00797489 0.00794999 0.00906798 0.0085995 0.00810132 0.00807083 0.00808406 0.00829801 0.00793106 0.007924 0.0079019 0.00823768 
0.00897704 0.00850803 0.00945262 0.00828048 0.00830619 0.00906871 0.0105493 0.0106727 0.00895549 0.00854467 0.0101403 0.0135129 0.0117959 0.00932743 0.00853422 0.00953785 0.0106066 0.0110358 0.0112582 0.0166693 0.0183234 0.0141385 0.00937041 0.00802908 0.00812504 0.00836513 0.0145511 0.0142302 0.915375 0 0.0148159 0.01064 0.00951246 0.0107008 0.0140659 0.0381754 0.0130385 0.00953252 0.00872348 0.0107354 0.01382 0.0124163 0.00903684 0.00861324 0.0101431 0.0134559 0.0125493 0.00842044 0.00796525 0.0080066 0.00807495 0.00902723 0.00893009 0.00823637 0.00807249 0.00828546 0.00855645 0.00797462 0.00791857 0.0079889 0.00843325 
0.00826551 0.00913759 0.00833772 0.0087929 0.0086464 0.00991807 0.00990592 0.0123571 0.00893854 0.0094962 0.00908368 0.0141366 0.012313 0.00862946 0.00951778 0.0102231 0.00860345 0.00955302 0.00867995 0.0105276 0.00971454 0.0451246 0.0376682 0.0773951 0.0179802 0.0264727 0.0109866 0.0394687 0.015743 0.0148159 0 0.00387334 0.00383161 0.00382784 0.00402852 0.00465469 0.0740763 0.00973243 0.0131004 0.010517 0.0251974 0.0184187 0.0106581 0.0120386 0.0125759 0.0132248 0.0132069 0.00850697 0.00834218 0.00892133 0.00872261 0.0114254 0.00833541 0.00855772 0.00875372 0.00831371 0.00929534 0.00792756 0.00882063 0.00845496 0.00918469 
0.00838842 0.00814508 0.00944239 0.00966925 0.0132562 0.0105023 0.00893145 0.00918806 0.0224162 0.0121771 0.0161192 0.0094864 0.00912761 0.0238217 0.011897 0.0124503 0.010633 0.00894212 0.00864549 0.00866567 0.0118361 0.0154317 0.0513584 0.0357941 0.218086 0.0192342 0.104283 0.00971287 0.0117108 0.01064 0.00387334 0 0.00376973 0.00376905 0.00377961 0.0038751 0.0553161 0.154124 0.0119945 0.0498108 0.0116559 0.0188164 0.0510648 0.0188907 0.0194046 0.0139136 0.00798416 0.00905374 0.0107937 0.0101648 0.0110229 0.00843311 0.0083277 0.0082471 0.00807167 0.00807446 0.00800111 0.00947172 0.00852821 0.0101909 0.00835338 
0.00805535 0.00832033 0.00835653 0.0105605 0.0149972 0.0132459 0.00863824 0.00969383 0.0136878 0.0463253 0.0122617 0.00977831 0.0106983 0.0103494 0.0315991 0.0131783 0.00936692 0.0085545 0.00808282 0.00896312 0.00868158 0.010589 0.0201542 0.0789147 0.0440103 0.473878 0.0158727 0.0242453 0.0115517 0.00951246 0.00383161 0.00376973 0 0.00375354 0.00375442 0.00381837 0.275732 0.0347752 0.248182 0.0180551 0.0156395 0.0138449 0.0226599 0.0852774 0.026467 0.0100945 0.00829137 0.00875077 0.010405 0.0167678 0.0100797 0.00937423 0.00813455 0.00827124 0.00843707 0.00807959 0.00826944 0.00829185 0.0103596 0.00911668 0.0087985 
0.00826925 0.0081392 0.00870212 0.0103084 0.023515 0.012848 0.00925541 0.00943302 0.0199405 0.029629 0.0223386 0.00939173 0.00935973 0.0229471 0.0198138 0.0137655 0.0128342 0.00850209 0.00821604 0.00858261 0.00944894 0.0107525 0.015927 0.0446071 0.201569 0.0413387 0.295509 0.0139717 0.0117475 0.0107008 0.00382784 0.00376905 0.00375354 0 0.0037494 0.00375288 0.020086 0.473638 0.0469937 0.128913 0.0117486 0.0152867 0.0364248 0.0850858 0.0260955 0.0128386 0.00800617 0.00905509 0.0122389 0.0155638 0.0153779 0.00872533 0.00852578 0.00827098 0.00806794 0.00803843 0.00806554 0.00930531 0.0093834 0.0140028 0.00883039 
0.00808805 0.00819302 0.00824139 0.00961165 0.0105239 0.0142201 0.00940973 0.00955773 0.0109766 0.0172655 0.0196781 0.0116467 0.00972085 0.0108807 0.0127897 0.0170606 0.00913477 0.00882769 0.00820105 0.00965188 0.00916627 0.00958511 0.0188088 0.0351689 0.016217 0.0656007 0.0700059 0.12691 0.0134159 0.0140659 0.00402852 0.00377961 0.00375442 0.0037494 0 0.0038779 0.0282219 0.020725 0.390188 0.063378 0.0768305 0.0176881 0.0191524 0.0307742 0.0549945 0.0136005 0.00827435 0.00868965 0.0101885 0.0114052 0.0110912 0.00899875 0.00819786 0.00826423 0.00796694 0.00800022 0.00808166 0.00832268 0.00923212 0.00921496 0.00862055 
0.00836852 0.00814872 0.010465 0.0088601 0.00923067 0.00995207 0.0106851 0.0123192 0.0101813 0.0106197 0.0124501 0.0124009 0.0131924 0.00988759 0.0104112 0.0104641 0.0104919 0.00969372 0.00850916 0.0108863 0.0107223 0.0200566 0.0206581 0.0162682 0.0158107 0.0135578 0.0330267 0.0627217 0.0307724 0.0381754 0.00465469 0.0038751 0.00381837 0.00375288 0.0038779 0 0.013179 0.0299016 0.0229777 0.264629 0.121824 0.0240653 0.0145906 0.0155328 0.0192924 0.027625 0.0104009 0.013489 0.00954628 0.00938509 0.00939078 0.00994812 0.00955135 0.00841798 0.00864222 0.00807532 0.00878151 0.00821069 0.00852569 0.00876309 0.00896512 
0.00828321 0.00810696 0.00842067 0.00854912 0.00866743 0.00858124 0.00899328 0.00876653 0.00906185 0.00909443 0.00898344 0.0113876 0.00910921 0.008807 0.00972474 0.00869664 0.00954386 0.00836173 0.0083021 0.00832526 0.0102718 0.0137412 0.0145492 0.0150312 0.0172531 0.0184235 0.0114923 0.0174178 0.0109249 0.0130385 0.0740763 0.0553161 0.275732 0.020086 0.0282219 0.013179 0 0.00388316 0.00376392 0.00380849 0.0039597 0.0266781 0.0128551 0.011912 0.014638 0.68469 0.0104187 0.0119898 0.0102655 0.0104873 0.00989617 0.0143888 0.00830466 0.00888471 0.00828404 0.0083026 0.00873713 0.00835549 0.00897877 0.00866046 0.00940635 
0.00826004 0.00819662 0.00869614 0.00891559 0.0102592 0.0103089 0.0084343 0.00837907 0.0120504 0.0111123 0.0123911 0.00911078 0.00870887 0.0120494 0.0108926 0.0130616 0.00874998 0.00832006 0.00801448 0.00817849 0.00897597 0.0114278 0.0226601 0.0327231 0.0559658 0.038892 0.0446674 0.0104778 0.00941953 0.00953252 0.00973243 0.154124 0.0347752 0.473638 0.020725 0.0299016 0.00388316 0 0.0038086 0.00377836 0.003808 0.0210492 0.0305554 0.0195151 0.780423 0.01683 0.0084605 0.0113173 0.0198658 0.0179678 0.0250387 0.00985025 0.00854835 0.00868327 0.00831161 0.00820629 0.00810214 0.0101862 0.00917316 0.0138962 0.00858519 
0.00822782 0.00815398 0.00835796 0.00973183 0.0135678 0.0115014 0.00890607 0.00894233 0.012297 0.0259702 0.0119849 0.00935684 0.0090331 0.0119188 0.0295023 0.0120541 0.00952503 0.00818571 0.00799167 0.00836448 0.0088392 0.00954469 0.0230306 0.0674042 0.0764313 0.167265 0.0244182 0.0145242 0.00900602 0.00872348 0.0131004 0.0119945 0.248182 0.0469937 0.390188 0.0229777 0.00376392 0.0038086 0 0.0037731 0.00376544 0.0123854 0.0175294 0.899811 0.0204855 0.0104885 0.00844757 0.010434 0.0231538 0.0807484 0.0176936 0.0107498 0.00854122 0.00927464 0.00836212 0.00812023 0.00847505 0.00984987 0.0192936 0.0122623 0.00934581 
0.00825033 0.00822999 0.00882343 0.00962812 0.0108224 0.0106764 0.00886326 0.00944532 0.0131107 0.0123152 0.0173879 0.00913715 0.00942078 0.0148328 0.0113903 0.0134205 0.00917321 0.0083588 0.00816476 0.00882496 0.0102854 0.0103484 0.0189287 0.0274007 0.0429979 0.0295145 0.104412 0.0188309 0.0104919 0.0107354 0.010517 0.0498108 0.0180551 0.128913 0.063378 0.264629 0.00380849 0.00377836 0.0037731 0 0.0038972 0.0169051 0.896943 0.0303971 0.0781276 0.0144791 0.00898574 0.0125589 0.0289164 0.0202888 0.0374016 0.0113121 0.00972624 0.00979236 0.00847139 0.00872721 0.00869614 0.0124394 0.0100353 0.0164141 0.00949889 
0.00819044 0.00821486 0.00917069 0.00847941 0.00867574 0.0086575 0.00920564 0.0109592 0.00904691 0.0093149 0.0092647 0.010817 0.0110404 0.00877005 0.00888745 0.0091735 0.00968356 0.00930356 0.00803448 0.0104912 0.00889459 0.0143494 0.0102218 0.012312 0.0139803 0.0157329 0.0155607 0.036998 0.014995 0.01382 0.0251974 0.0116559 0.0156395 0.0117486 0.0768305 0.121824 0.0039597 0.003808 0.00376544 0.0038972 0 0.812503 0.014183 0.0205422 0.0370772 0.0249609 0.0117293 0.0200036 0.0102689 0.01063 0.0108016 0.0148662 0.0113428 0.00891035 0.00938675 0.0083356 0.0111127 0.00846317 0.00932236 0.0093512 0.0103449 
0.00847904 0.0083894 0.00860216 0.00835864 0.00866058 0.00879921 0.00932227 0.00855713 0.00866596 0.0088484 0.00931923 0.01182 0.00867136 0.00847669 0.0090464 0.00916268 0.00948723 0.0083874 0.00835038 0.00877272 0.0101506 0.0111447 0.0116924 0.0115155 0.0132981 0.0162098 0.0116455 0.0189329 0.0113171 0.0124163 0.0184187 0.0188164 0.0138449 0.0152867 0.0176881 0.0240653 0.0266781 0.0210492 0.0123854 0.0169051 0.812503 0 0.00390166 0.00381637 0.00389626 0.00504383 0.0356644 0.0197151 0.0123321 0.0121772 0.0116479 0.0280036 0.00849669 0.0102695 0.0086763 0.00914099 0.00880287 0.00855632 0.00915791 0.00992428 0.0124568 
0.00830062 0.00841511 0.00820241 0.00885681 0.00957625 0.00951011 0.00864824 0.00834946 0.0101893 0.0101316 0.0101891 0.00920339 0.00859048 0.0101694 0.0100179 0.00938058 0.00855409 0.00833452 0.00793482 0.00817011 0.00872218 0.00950089 0.0153204 0.0221553 0.0353519 0.0277948 0.028886 0.0109631 0.00893297 0.00903684 0.0106581 0.0510648 0.0226599 0.0364248 0.0191524 0.0145906 0.0128551 0.0305554 0.0175294 0.896943 0.014183 0.00390166 0 0.00382158 0.00383901 0.00394387 0.0104782 0.0157595 0.0307791 0.0217084 0.0297268 0.0115267 0.00874449 0.00891345 0.00854598 0.00833979 0.00834545 0.010503 0.0109385 0.0164828 0.00947827 
0.00825663 0.00822557 0.00840567 0.00918928 0.0117275 0.0101751 0.00866725 0.00856838 0.0113367 0.0150712 0.0112474 0.00875405 0.00870046 0.0108847 0.0173439 0.0101977 0.00907541 0.00816228 0.0079549 0.00827539 0.00850614 0.00926887 0.0180451 0.0625131 0.0682798 0.094975 0.0242261 0.0121267 0.0087706 0.00861324 0.0120386 0.0188907 0.0852774 0.0850858 0.0307742 0.0155328 0.011912 0.0195151 0.899811 0.0303971 0.0205422 0.00381637 0.00382158 0 0.00386568 0.00377427 0.0103483 0.0140329 0.043958 0.099749 0.0252391 0.011509 0.00853214 0.00961135 0.00846657 0.00821021 0.00879034 0.010432 0.0267402 0.0156013 0.0102352 
0.00827757 0.00827152 0.00844259 0.00910077 0.00927265 0.00912975 0.00843662 0.00893154 0.00988393 0.0102404 0.00983789 0.00875561 0.00905305 0.0099733 0.00962728 0.00991933 0.00862927 0.00814909 0.00813257 0.0088121 0.00884766 0.0096981 0.0134854 0.0196956 0.0233226 0.0259599 0.0337763 0.014295 0.0101245 0.0101431 0.0125759 0.0194046 0.026467 0.0260955 0.0549945 0.0192924 0.014638 0.780423 0.0204855 0.0781276 0.0370772 0.00389626 0.00383901 0.00386568 0 0.00384683 0.0125795 0.0152229 0.0373051 0.0343419 0.0437373 0.0142118 0.0101984 0.0101915 0.00886959 0.00892558 0.00991015 0.0111359 0.0110448 0.0144181 0.0102701 
0.00839031 0.00810069 0.00923833 0.00829791 0.0086033 0.00828256 0.00849995 0.010045 0.00877398 0.00868051 0.00894922 0.00862082 0.00968399 0.00909939 0.00856449 0.00840178 0.00918392 0.00857544 0.00801984 0.00929638 0.00989311 0.0139215 0.0102015 0.0105762 0.0112165 0.0103537 0.0122187 0.0130195 0.0133776 0.0134559 0.0132248 0.0139136 0.0100945 0.0128386 0.0136005 0.027625 0.68469 0.01683 0.0104885 0.0144791 0.0249609 0.00504383 0.00394387 0.00377427 0.00384683 0 0.0157557 0.0237168 0.0124932 0.0141714 0.0216273 0.0233903 0.0117006 0.0103205 0.0091421 0.00901785 0.0112724 0.00942897 0.00882801 0.0101856 0.0110281 
0.0089303 0.00870261 0.00850372 0.00814469 0.00799685 0.00808575 0.00832851 0.00867463 0.00809558 0.0079509 0.00803645 0.00887707 0.00868227 0.00794829 0.00792138 0.00790744 0.00802688 0.00838339 0.00807612 0.00953263 0.00831974 0.00899708 0.00814592 0.00803677 0.00806375 0.00820289 0.00807876 0.00991897 0.0115045 0.0125493 0.0132069 0.00798416 0.00829137 0.00800617 0.00827435 0.0104009 0.0104187 0.0084605 0.00844757 0.00898574 0.0117293 0.0356644 0.0104782 0.0103483 0.0125795 0.0157557 0 0.0484766 0.0102825 0.00961189 0.0114424 0.0424473 0.0226609 0.0175731 0.0163569 0.0165662 0.0263307 0.0101376 0.0106508 0.0104622 0.0150577 
0.00853271 0.00857193 0.0082231 0.00828118 0.00834757 0.00839015 0.00833365 0.00818697 0.00822622 0.00836163 0.00832355 0.00864894 0.00794524 0.00825579 0.00825855 0.00832731 0.00811274 0.00789276 0.0079051 0.00794791 0.00831533 0.00823343 0.0084185 0.00875199 0.00882336 0.00887919 0.00886235 0.00960534 0.00852622 0.00842044 0.00850697 0.00905374 0.00875077 0.00905509 0.00868965 0.013489 0.0119898 0.0113173 0.010434 0.0125589 0.0200036 0.0197151 0.0157595 0.0140329 0.0152229 0.0237168 0.0484766 0 0.00385659 0.00381086 0.00389511 0.00429474 0.0447937 0.0216939 0.0124114 0.0174808 0.0248152 0.0206136 0.0144581 0.0164821 0.0547466 
0.00857867 0.00863246 0.00816091 0.00842567 0.00885599 0.00852637 0.00828717 0.00811989 0.0085399 0.00891874 0.00865646 0.00826967 0.00805985 0.00846187 0.00849898 0.00838531 0.00812406 0.00790777 0.0079387 0.00793274 0.00807878 0.00812366 0.00864733 0.00982368 0.0103852 0.0104066 0.0096401 0.00848441 0.00797032 0.00796525 0.00834218 0.0107937 0.010405 0.0122389 0.0101885 0.00954628 0.0102655 0.0198658 0.0231538 0.0289164 0.0102689 0.0123321 0.0307791 0.043958 0.0373051 0.0124932 0.0102825 0.00385659 0 0.00378576 0.00379357 0.00388955 0.0342897 0.030458 0.0117397 0.0116785 0.0124541 0.0682622 0.0299623 0.130363 0.0145444 
0.00854397 0.00846913 0.00818395 0.00866911 0.0091145 0.00874113 0.00824588 0.00854409 0.0088553 0.00964682 0.0087335 0.00831366 0.00815393 0.00859828 0.00907493 0.00843659 0.00827773 0.0079678 0.00789944 0.00802032 0.0080965 0.00817579 0.00897996 0.012178 0.0121435 0.0131945 0.0102118 0.00875363 0.00797489 0.0080066 0.00892133 0.0101648 0.0167678 0.0155638 0.0114052 0.00938509 0.0104873 0.0179678 0.0807484 0.0202888 0.01063 0.0121772 0.0217084 0.099749 0.0343419 0.0141714 0.00961189 0.00381086 0.00378576 0 0.00377783 0.00378052 0.0171536 0.0237555 0.0123933 0.00973997 0.0127256 0.0143276 0.315409 0.031658 0.0159483 
0.00865634 0.00858784 0.00833226 0.00852295 0.00872691 0.00856372 0.00831385 0.00840406 0.00864624 0.00883718 0.00870371 0.00821269 0.00810499 0.00845929 0.00845413 0.00840487 0.00815592 0.00789144 0.00787786 0.00799422 0.00805488 0.00828684 0.00908079 0.0100282 0.00999778 0.0101285 0.00987029 0.00864764 0.00794999 0.00807495 0.00872261 0.0110229 0.0100797 0.0153779 0.0110912 0.00939078 0.00989617 0.0250387 0.0176936 0.0374016 0.0108016 0.0116479 0.0297268 0.0252391 0.0437373 0.0216273 0.0114424 0.00389511 0.00379357 0.00377783 0 0.00388259 0.0225702 0.0255503 0.0163462 0.0179886 0.0122731 0.145748 0.0183015 0.204439 0.017947 
0.00869425 0.00848415 0.00856517 0.00837848 0.00845438 0.00817801 0.00822598 0.00867013 0.00837947 0.00841254 0.00812569 0.00826799 0.00839579 0.00810171 0.00812468 0.00811973 0.00809334 0.00798651 0.00798158 0.00842117 0.0081383 0.00893808 0.00847529 0.00850209 0.00871512 0.00883271 0.00846468 0.00914925 0.00906798 0.00902723 0.0114254 0.00843311 0.00937423 0.00872533 0.00899875 0.00994812 0.0143888 0.00985025 0.0107498 0.0113121 0.0148662 0.0280036 0.0115267 0.011509 0.0142118 0.0233903 0.0424473 0.00429474 0.00388955 0.00378052 0.00388259 0 0.0229601 0.0318917 0.0358203 0.0320932 0.106019 0.0119676 0.0182481 0.0167054 0.0689573 
0.00857392 0.00873718 0.00824106 0.00821401 0.00825154 0.00828867 0.00849352 0.00801342 0.00813183 0.00812815 0.00817554 0.00843426 0.00785635 0.00802461 0.00805481 0.00801263 0.00804575 0.00793381 0.00792369 0.00791064 0.00822479 0.00835979 0.00811808 0.00810581 0.00818078 0.00812325 0.00820044 0.00870892 0.0085995 0.00893009 0.00833541 0.0083277 0.00813455 0.00852578 0.00819786 0.00955135 0.00830466 0.00854835 0.00854122 0.00972624 0.0113428 0.00849669 0.00874449 0.00853214 0.0101984 0.0117006 0.0226609 0.0447937 0.0342897 0.0171536 0.0225702 0.0229601 0 0.00482226 0.00380305 0.0307199 0.00658717 0.00948883 0.0081757 0.0188946 0.154136 
0.00883598 0.00859572 0.00830994 0.00831085 0.00832907 0.00831856 0.00827862 0.00826816 0.00824618 0.00825751 0.00824821 0.00822767 0.00802838 0.00807958 0.00806881 0.00806197 0.00810425 0.00787369 0.00794665 0.00795413 0.00813677 0.00811898 0.00809764 0.00825644 0.00835619 0.00834961 0.00833401 0.00828867 0.00810132 0.00823637 0.00855772 0.0082471 0.00827124 0.00827098 0.00826423 0.00841798 0.00888471 0.00868327 0.00927464 0.00979236 0.00891035 0.0102695 0.00891345 0.00961135 0.0101915 0.0103205 0.0175731 0.0216939 0.030458 0.0237555 0.0255503 0.0318917 0.00482226 0 0.0182501 0.00390339 0.0146469 0.0088373 0.0189579 0.0798787 0.0163797 
0.00850608 0.00833208 0.00813205 0.00812409 0.00810668 0.00808729 0.00802238 0.00804432 0.00802744 0.00798825 0.00797762 0.0081085 0.00786799 0.00794339 0.00799392 0.00790989 0.0079089 0.00780314 0.00783526 0.00789608 0.00790477 0.00791263 0.00798901 0.00803932 0.00815909 0.00810987 0.00802121 0.00834269 0.00807083 0.00807249 0.00875372 0.00807167 0.00843707 0.00806794 0.00796694 0.00864222 0.00828404 0.00831161 0.00836212 0.00847139 0.00938675 0.0086763 0.00854598 0.00846657 0.00886959 0.0091421 0.0163569 0.0124114 0.0117397 0.0123933 0.0163462 0.0358203 0.00380305 0.0182501 0 0.0078759 0.00661642 0.0387638 0.28703 0.0112137 0.0142792 
0.00873692 0.00846748 0.00827873 0.00822984 0.00815405 0.00818309 0.00815709 0.0081763 0.00815265 0.00811605 0.00804466 0.00808818 0.00799262 0.00798987 0.00791436 0.00793904 0.00797916 0.00784739 0.00793706 0.00795229 0.00799495 0.00803334 0.00797351 0.00806654 0.00806629 0.00809235 0.00804194 0.00808353 0.00808406 0.00828546 0.00831371 0.00807446 0.00807959 0.00803843 0.00800022 0.00807532 0.0083026 0.00820629 0.00812023 0.00872721 0.0083356 0.00914099 0.00833979 0.00821021 0.00892558 0.00901785 0.0165662 0.0174808 0.0116785 0.00973997 0.0179886 0.0320932 0.0307199 0.00390339 0.0078759 0 0.0413787 0.158735 0.00659698 0.00672187 0.009085 
0.00862357 0.00870338 0.00821147 0.00824026 0.00832934 0.00827816 0.00830576 0.00811259 0.00814129 0.00819058 0.00823228 0.0085402 0.00813183 0.0079413 0.00802262 0.0079988 0.00798287 0.00793812 0.00793849 0.0080891 0.00814612 0.00809314 0.00800826 0.00818831 0.00814673 0.00838593 0.00814137 0.00887866 0.00829801 0.00855645 0.00929534 0.00800111 0.00826944 0.00806554 0.00808166 0.00878151 0.00873713 0.00810214 0.00847505 0.00869614 0.0111127 0.00880287 0.00834545 0.00879034 0.00991015 0.0112724 0.0263307 0.0248152 0.0124541 0.0127256 0.0122731 0.106019 0.00658717 0.0146469 0.00661642 0.0413787 0 0.00399407 0.00378565 0.00391092 0.00455116 
0.00893988 0.00846748 0.00838782 0.00836595 0.00859131 0.00843639 0.00822559 0.00817988 0.00833693 0.00839105 0.00838247 0.00818803 0.00802672 0.00822707 0.00821742 0.00809547 0.00811076 0.0080386 0.00797985 0.00793552 0.00812958 0.00811175 0.00843974 0.00868555 0.00873401 0.00867273 0.00874341 0.00808626 0.00793106 0.00797462 0.00792756 0.00947172 0.00829185 0.00930531 0.00832268 0.00821069 0.00835549 0.0101862 0.00984987 0.0124394 0.00846317 0.00855632 0.010503 0.010432 0.0111359 0.00942897 0.0101376 0.0206136 0.0682622 0.0143276 0.145748 0.0119676 0.00948883 0.0088373 0.0387638 0.158735 0.00399407 0 0.00376845 0.003815 0.00391539 
0.00854395 0.00848716 0.00820839 0.00844954 0.00872406 0.00858141 0.00820258 0.00817459 0.00853895 0.00865541 0.00845 0.00817252 0.00805153 0.0082724 0.00839632 0.00821446 0.00812393 0.00789904 0.00787163 0.00793911 0.00798663 0.00804461 0.00831894 0.00943236 0.00915399 0.00978184 0.00887067 0.00829768 0.007924 0.00791857 0.00882063 0.00852821 0.0103596 0.0093834 0.00923212 0.00852569 0.00897877 0.00917316 0.0192936 0.0100353 0.00932236 0.00915791 0.0109385 0.0267402 0.0110448 0.00882801 0.0106508 0.0144581 0.0299623 0.315409 0.0183015 0.0182481 0.0081757 0.0189579 0.28703 0.00659698 0.00378565 0.00376845 0 0.0037841 0.00378065 
0.008936 0.00879612 0.00837145 0.00858552 0.00898912 0.00876036 0.00843995 0.0083594 0.00875088 0.00898744 0.00865245 0.00825253 0.00820075 0.00845168 0.0085197 0.00826263 0.00817162 0.00788505 0.00793153 0.00810226 0.00811099 0.00818264 0.00878394 0.00958258 0.00947944 0.00989826 0.00919814 0.00846665 0.0079019 0.0079889 0.00845496 0.0101909 0.00911668 0.0140028 0.00921496 0.00876309 0.00866046 0.0138962 0.0122623 0.0164141 0.0093512 0.00992428 0.0164828 0.0156013 0.0144181 0.0101856 0.0104622 0.0164821 0.130363 0.031658 0.204439 0.0167054 0.0188946 0.0798787 0.0112137 0.00672187 0.00391092 0.003815 0.0037841 0 0.00379736 
