1M8NA
GTCVNTNSQITANSQCVKSTATNCYIDNSQLVDTSICTRSQYSDANVKKSVTTDCNIDKSQVYLTTCTGSQYNGIYIRSSTTTGTSISGPGCSISTCTITRGVATPAAACKISGCSLSAM
CCCEEECCEECCCCEECCCEEECCEEECCEEECCCEEECCEEECCEEECCEEECCEEECCEEECCEEECCEEEEEEEECCEEECEEEEEEEEEEECCEEECCEECCCCCCEEECCEEEEC
0 0 0 0 0 0 0 0 0 0 0 0 0 0 0 0 0 0 0 0 0 0 0 0 0 0 0 0 0 0 0 0 0 0 0 0 0 0 0 0 0 0 0 0 0 0 0 0 0 0 0 0 0 0 0 0 0 0 0 0 0 0 0 0 0 0 0 0 0 0 0 0 0 0 0 0 0 0 0 0 0 0 0 0 0 0 0 0 0 0 0 0 0 0 0 0 0 0 0 0 0 0 0 0 0 0 0 0 0 0 0 0 0 0 0 0 0 0 0 0 
0 0 0 0 0 0 0 0 0 0 0 0 0 0 0 0 0 0 0 0 0 0 0 0 0 0 0 0 0 0 0 0 0 0 0 0 0 0 0 0 0 0 0 0 0 0 0 0 0 0 0 0 0 0 0 0 0 0 0 0 0 0 0 0 0 0 0 0 0 0 0 0 0 0 0 0 0 0 0 0 0 0 0 0 0 0 0 0 0 0 0 0 0 0 0 0 0 0 0 0 0 0 0 0 0 0 0 0 0 0 0 0 0 0 0 0 0 0 0 0 
0 0.00408222 0.00420219 0.00629167 0.00913001 0.0161605 0.00966958 0.0288262 0.00951844 0.0331266 0.0230755 0.00915979 0.0237852 0.0139352 0.0098864 0.0193166 0.0124974 0.00993331 0.017638 0.0146215 0.00922463 0.016273 0.0131639 0.00936309 0.0155648 0.0126064 0.00968461 0.0142425 0.0132896 0.00895913 0.0120792 0.0133924 0.00854294 0.0126131 0.00971317 0.00850148 0.0142542 0.00939419 0.00811566 0.00847097 0.00836569 0.00831956 0.009601 0.00859027 0.0104091 0.00890485 0.00836762 0.00915783 0.00836592 0.00839183 0.00824698 0.00838061 0.00797623 0.00793245 0.0080081 0.00799318 0.00865921 0.00841079 0.00881345 0.0100171 0.00817408 0.00916344 0.0081079 0.00936118 0.00849664 0.00795587 0.0083157 0.00842235 0.0078124 0.00846093 0.00999387 
0.00408222 0 0.00405977 0.00461499 0.0242129 0.00672428 0.0145626 0.00845508 0.319708 0.00787425 0.00900411 0.0325815 0.00833517 0.0096018 0.0225902 0.00895878 0.00952701 0.0298506 0.0088038 0.00913893 0.017193 0.00840248 0.00940156 0.0179785 0.00859246 0.00968282 0.0163359 0.00860004 0.00903782 0.0126953 0.00851971 0.00888156 0.0120354 0.00820762 0.00912849 0.010851 0.00826814 0.00826897 0.00868478 0.00797624 0.00821218 0.00867994 0.00838949 0.00870172 0.00797249 0.00853784 0.00954748 0.0079754 0.00809049 0.00845189 0.00821359 0.00799987 0.00788274 0.00795728 0.00801684 0.00804648 0.00818415 0.00824018 0.00801727 0.00863329 0.00898538 0.0078957 0.00804589 0.00800077 0.00797932 0.00839989 0.0078737 0.00803696 0.00822467 0.00803263 0.00791528 
0.00420219 0.00405977 0 0.113764 0.00433471 0.00934744 0.009014 0.0512946 0.00942986 0.0179789 0.014964 0.00923691 0.00869854 0.016562 0.00923304 0.0117918 0.0232175 0.00936941 0.0121386 0.0205548 0.009053 0.00937222 0.0259608 0.00917477 0.00976255 0.019757 0.00915384 0.0112923 0.0134792 0.0088067 0.00995174 0.0110203 0.00856108 0.00955508 0.0149608 0.00851023 0.00978237 0.010155 0.00840824 0.0080056 0.00818425 0.00858222 0.00862335 0.00853238 0.00861581 0.0133158 0.00831196 0.00928044 0.00991004 0.0082823 0.00833902 0.00813056 0.00796234 0.00784232 0.0079562 0.00810708 0.00807386 0.00814332 0.00842536 0.0102396 0.00805349 0.00869425 0.00840387 0.00827385 0.00880785 0.00785856 0.00801632 0.00889526 0.00804676 0.00808625 0.00808828 
0.00629167 0.00461499 0.113764 0 0.00570116 0.0187837 0.0333415 0.0134312 0.0113319 0.0153715 0.0535511 0.00841293 0.015502 0.0168481 0.0118355 0.0152033 0.0122332 0.0174008 0.0125732 0.0159941 0.00955331 0.0137275 0.0129767 0.0109467 0.0135172 0.0105268 0.0151701 0.011268 0.0143682 0.00980012 0.0113997 0.0125488 0.00874601 0.0247355 0.0124762 0.0106316 0.0123154 0.0098438 0.0081245 0.00828734 0.00819212 0.00816195 0.00972258 0.00838678 0.0109994 0.00887362 0.00908835 0.00904694 0.00817583 0.00863767 0.00813905 0.0086357 0.00791204 0.00784028 0.00797169 0.00791425 0.00890738 0.00861208 0.00889184 0.0119023 0.00814947 0.00928329 0.00841177 0.00937208 0.00882068 0.00794204 0.00824684 0.00900356 0.00784205 0.00868423 0.00817972 
0.00913001 0.0242129 0.00433471 0.00570116 0 0.0213778 0.0129954 0.0102297 0.0228286 0.0192053 0.00975507 0.0800396 0.00919785 0.0122076 0.0211399 0.0175505 0.0208484 0.0135572 0.0209318 0.0119138 0.0169977 0.00997748 0.0146777 0.0155153 0.0101752 0.0202682 0.0108278 0.0183882 0.0113792 0.0136358 0.0120741 0.00971184 0.0163956 0.00926337 0.0124512 0.0123348 0.0109775 0.00924768 0.0113515 0.00821199 0.00852117 0.00955204 0.00844515 0.0119196 0.00906569 0.0131832 0.00903509 0.00902466 0.00967677 0.00856125 0.00937242 0.0082419 0.00839001 0.0081887 0.00822142 0.00884924 0.00811648 0.00911016 0.00892757 0.0093413 0.00938162 0.00877907 0.00970846 0.0086055 0.00864925 0.00889485 0.00795412 0.0086981 0.00839738 0.00803111 0.00858698 
0.0161605 0.00672428 0.00934744 0.0187837 0.0213778 0 0.00628299 0.00878596 0.0119746 0.0119007 0.0243174 0.00603164 0.0119401 0.0170175 0.00928943 0.0142545 0.0125157 0.0129268 0.0126065 0.0184759 0.00885761 0.0149449 0.0140357 0.00981349 0.0133621 0.010721 0.016985 0.0106016 0.0160342 0.00931224 0.0113103 0.0154281 0.00860952 0.0133268 0.0110612 0.00932835 0.0109848 0.0104215 0.00817403 0.00841859 0.00822921 0.00829856 0.00961149 0.00822696 0.0100784 0.0087544 0.00871408 0.00881938 0.00810557 0.00867591 0.0081638 0.00859687 0.00793731 0.00787356 0.00800376 0.00786764 0.00895029 0.00814175 0.00863487 0.0140181 0.00809464 0.00920749 0.00831224 0.00915586 0.0088708 0.00797224 0.00829536 0.00884593 0.00784933 0.00841269 0.00816397 
0.00966958 0.0145626 0.009014 0.0333415 0.0129954 0.00628299 0 0.01248 0.0107979 0.00532989 0.00542997 0.0139357 0.00647347 0.00850466 0.0281009 0.0122611 0.0160477 0.0148862 0.017301 0.0110394 0.0211503 0.00929663 0.0131034 0.0207467 0.00950887 0.0201047 0.010615 0.0162438 0.0110167 0.0134806 0.0110068 0.00949953 0.0194783 0.00880289 0.0119821 0.0125454 0.00985935 0.00906212 0.010675 0.00808878 0.00903393 0.00915469 0.0084322 0.0115107 0.00861331 0.0121643 0.00971621 0.00868244 0.01039 0.00864287 0.00895408 0.00819718 0.00853686 0.00805887 0.00810394 0.00893828 0.00816627 0.00918148 0.00919554 0.00954507 0.00956698 0.00856232 0.00900425 0.00849864 0.00872443 0.00900839 0.00790543 0.00893417 0.00847097 0.00817336 0.00850669 
0.0288262 0.00845508 0.0512946 0.0134312 0.0102297 0.00878596 0.01248 0 0.00385769 0.00395295 0.00948565 0.00454448 0.0364219 0.0125363 0.0103528 0.0264127 0.0188551 0.0108022 0.0951858 0.036512 0.00920084 0.0270933 0.027359 0.0104565 0.0351076 0.0198194 0.013603 0.0233073 0.0298713 0.00981656 0.0237018 0.029063 0.00997242 0.0320982 0.0198133 0.00963079 0.0251811 0.0133196 0.00895116 0.00966388 0.00921479 0.00914976 0.014146 0.00964394 0.0179331 0.0118605 0.00947553 0.0157197 0.00981337 0.00993431 0.00875341 0.0103836 0.00820894 0.00832079 0.00851027 0.00832724 0.0108884 0.00890827 0.0134278 0.0170611 0.0084977 0.0143898 0.00883194 0.0114203 0.0100928 0.00813494 0.0101206 0.00974474 0.00806157 0.0098367 0.00996293 
0.00951844 0.319708 0.00942986 0.0113319 0.0228286 0.0119746 0.0107979 0.00385769 0 0.00396338 0.00412219 0.0450244 0.00595539 0.00855009 0.0476555 0.00888986 0.0125746 0.341217 0.0122712 0.00979785 0.118182 0.00958292 0.0108071 0.136825 0.00956331 0.0127706 0.0426895 0.0129748 0.00980918 0.0555541 0.0100621 0.00928558 0.0517378 0.00903132 0.010345 0.0450123 0.0100057 0.00884028 0.0155544 0.00862026 0.00963285 0.01039 0.00905948 0.0173139 0.0090478 0.0103306 0.016286 0.00872888 0.00891766 0.0103977 0.00963249 0.00850645 0.0086935 0.00822679 0.00839477 0.00899687 0.00870566 0.0123783 0.00915664 0.00938805 0.0175322 0.00869 0.00881534 0.00866607 0.00832951 0.00989934 0.00798442 0.00830011 0.00918343 0.00833963 0.00836926 
0.0331266 0.00787425 0.0179789 0.0153715 0.0192053 0.0119007 0.00532989 0.00395295 0.00396338 0 0.0269377 0.00397673 0.00421992 0.00966749 0.00801522 0.0234638 0.031498 0.0137703 0.0436449 0.0336248 0.00921808 0.0116479 0.0299601 0.00972577 0.0136385 0.0242799 0.0110307 0.0192526 0.01857 0.0095699 0.0160713 0.0136106 0.00980289 0.0113674 0.0271293 0.00997503 0.0159177 0.0121984 0.0096705 0.00866467 0.00992112 0.0105801 0.0105148 0.010053 0.0106533 0.0192598 0.00951609 0.0125391 0.0154045 0.0103116 0.0100231 0.00903912 0.00852514 0.0083608 0.00894876 0.00965352 0.00897402 0.00994063 0.0106474 0.0136023 0.00941973 0.0104752 0.00916619 0.00867612 0.0104615 0.0083412 0.00851313 0.020091 0.00827876 0.00849308 0.0138247 
0.0230755 0.00900411 0.014964 0.0535511 0.00975507 0.0243174 0.00542997 0.00948565 0.00412219 0.0269377 0 0.00387492 0.00415153 0.0125262 0.0115682 0.147961 0.0115348 0.00909301 0.0132581 0.0485973 0.00827399 0.106234 0.0225939 0.00968899 0.0262184 0.0149408 0.0127349 0.0143258 0.0326011 0.00933782 0.015733 0.0332121 0.00873646 0.0315755 0.0184012 0.0093168 0.016265 0.016551 0.00842355 0.0106018 0.0089343 0.00863345 0.0163425 0.00892159 0.0156407 0.011506 0.00908978 0.0112615 0.00917944 0.0107524 0.00846228 0.0114414 0.00817078 0.00826617 0.00842304 0.00827134 0.0115713 0.00836633 0.0121443 0.0217771 0.00823669 0.0118688 0.0089802 0.0109283 0.0121047 0.00801787 0.00917726 0.0101892 0.00791827 0.010495 0.0088879 
0.00915979 0.0325815 0.00923691 0.00841293 0.0800396 0.00603164 0.0139357 0.00454448 0.0450244 0.00397673 0.00387492 0 0.00404422 0.00897468 0.184948 0.0191122 0.0101427 0.0314474 0.00939257 0.00767954 0.449794 0.00781245 0.00929762 0.168144 0.00858211 0.0139837 0.030714 0.0133255 0.00890827 0.0630452 0.00982784 0.00870255 0.0776838 0.00861976 0.00946873 0.074621 0.00903077 0.00855981 0.0227998 0.00833988 0.00966388 0.0133465 0.00853988 0.0287148 0.00844333 0.00938304 0.0158881 0.00852604 0.00899556 0.00893853 0.0133853 0.00822864 0.00973356 0.00818051 0.00829372 0.0119944 0.00837635 0.0171947 0.00878811 0.00850707 0.0308391 0.00846775 0.00849143 0.00857695 0.00828611 0.012674 0.00797987 0.00817299 0.00980909 0.00813775 0.00883295 
0.0237852 0.00833517 0.00869854 0.015502 0.00919785 0.0119401 0.00647347 0.0364219 0.00595539 0.00421992 0.00415153 0.00404422 0 0.250332 0.00640759 0.00448827 0.0253524 0.0103666 0.0107307 0.0827534 0.00786594 0.0138513 0.0237462 0.00858098 0.0109891 0.0192683 0.0102369 0.0103863 0.0215416 0.00853865 0.0107633 0.0149522 0.00844421 0.0106502 0.0219283 0.00889206 0.0111831 0.0124479 0.00834217 0.00854372 0.00890121 0.00863344 0.0124467 0.00864754 0.0103358 0.0148803 0.00895614 0.0101702 0.0112477 0.00982738 0.00832723 0.00888219 0.00806336 0.00797515 0.00871729 0.00824905 0.00923772 0.00859348 0.00893642 0.0144364 0.00819997 0.00940942 0.00893926 0.0082366 0.010505 0.0079985 0.00827115 0.00979759 0.00796429 0.00833761 0.00805826 
0.0139352 0.0096018 0.016562 0.0168481 0.0122076 0.0170175 0.00850466 0.0125363 0.00855009 0.00966749 0.0125262 0.00897468 0.250332 0 0.00395463 0.00463458 0.00631489 0.0165756 0.236884 0.0161233 0.00792319 0.0198863 0.0154152 0.0100266 0.047257 0.0152793 0.0133954 0.0190706 0.0368413 0.00969338 0.0175985 0.0216772 0.00915757 0.0251251 0.0167307 0.00949258 0.0195948 0.0132253 0.00860352 0.00989481 0.00897603 0.00886924 0.0135443 0.0101843 0.0171906 0.0113366 0.00924042 0.0131284 0.009859 0.00990807 0.00882257 0.010411 0.00827283 0.00828012 0.00848815 0.00837986 0.00968361 0.00939635 0.012885 0.0148258 0.00853546 0.0120958 0.00883805 0.0110025 0.0105291 0.00829246 0.00945384 0.00972687 0.00798486 0.00979704 0.00936441 
0.0098864 0.0225902 0.00923304 0.0118355 0.0211399 0.00928943 0.0281009 0.0103528 0.0476555 0.00801522 0.0115682 0.184948 0.00640759 0.00395463 0 0.00404669 0.00707883 0.250409 0.0118667 0.00799166 0.0418869 0.00790575 0.0096843 0.222559 0.00890533 0.0124487 0.0500735 0.0113655 0.0101324 0.0553923 0.0100874 0.00961413 0.0385592 0.00921255 0.0102077 0.0331993 0.0105338 0.00937345 0.0130968 0.00858786 0.00905365 0.0101002 0.00910959 0.0158292 0.00922925 0.0104145 0.0166977 0.00869219 0.00886778 0.00985911 0.00952739 0.00847012 0.00864164 0.00832541 0.00841824 0.00926026 0.0085515 0.0127129 0.00890472 0.00954699 0.0161854 0.00878942 0.00902827 0.00880952 0.00872614 0.00994164 0.00821573 0.00865235 0.00858161 0.0085755 0.0083315 
0.0193166 0.00895878 0.0117918 0.0152033 0.0175505 0.0142545 0.0122611 0.0264127 0.00888986 0.0234638 0.147961 0.0191122 0.00448827 0.00463458 0.00404669 0 0.299194 0.00678249 0.0066075 0.019976 0.00827066 0.0119927 0.050489 0.0116519 0.0141805 0.0286095 0.0108781 0.0176375 0.0271959 0.0097713 0.0199772 0.0160627 0.0108977 0.0118698 0.0238599 0.00989562 0.012797 0.0143539 0.0101889 0.00845058 0.00940034 0.00994794 0.0118941 0.0107191 0.011767 0.0217333 0.00992633 0.0118166 0.016754 0.0106057 0.00924683 0.00861141 0.00844493 0.00823218 0.00864875 0.00929353 0.0090059 0.0091213 0.0107298 0.0169009 0.00919435 0.010661 0.0101361 0.00895465 0.0118159 0.00838001 0.00855265 0.0113643 0.00842917 0.00883236 0.00909023 
0.0124974 0.00952701 0.0232175 0.0122332 0.0208484 0.0125157 0.0160477 0.0188551 0.0125746 0.031498 0.0115348 0.0101427 0.0253524 0.00631489 0.00707883 0.299194 0 0.00385322 0.0040417 0.00483655 0.00854494 0.167166 0.0103214 0.00933372 0.0199655 0.0176389 0.0139815 0.182249 0.0212038 0.0113466 0.0218881 0.0176884 0.0119501 0.0281872 0.0170091 0.0111142 0.0295294 0.0122017 0.00951423 0.0095153 0.00974345 0.0104129 0.0117605 0.0128597 0.0191753 0.0129555 0.01036 0.0246364 0.0106083 0.0106367 0.0104185 0.0105034 0.00869898 0.0085654 0.00879007 0.00931334 0.00954694 0.0113205 0.0163335 0.0136109 0.00996389 0.0154945 0.0091087 0.0127667 0.00982302 0.00874303 0.0110887 0.00907697 0.00826464 0.00971167 0.0125458 
0.00993331 0.0298506 0.00936941 0.0174008 0.0135572 0.0129268 0.0148862 0.0108022 0.341217 0.0137703 0.00909301 0.0314474 0.0103666 0.0165756 0.250409 0.00678249 0.00385322 0 0.00413057 0.0151194 0.0709846 0.00822914 0.00844459 0.0447961 0.00982691 0.0146999 0.313027 0.010901 0.0111891 0.0485597 0.0109182 0.0110739 0.0364018 0.0100005 0.0123099 0.0655135 0.0109663 0.0105823 0.0130293 0.00884994 0.00969899 0.00962255 0.0105817 0.0152424 0.0104007 0.0110619 0.0284326 0.00907872 0.00932796 0.0131149 0.00940969 0.00886716 0.00860618 0.00844804 0.00873838 0.00899479 0.00960063 0.0122395 0.00979757 0.0115062 0.0164913 0.00939729 0.0100293 0.0094517 0.00914922 0.00962099 0.00823249 0.00891513 0.00861554 0.00896441 0.00839809 
0.017638 0.0088038 0.0121386 0.0125732 0.0209318 0.0126065 0.017301 0.0951858 0.0122712 0.0436449 0.0132581 0.00939257 0.0107307 0.236884 0.0118667 0.0066075 0.0040417 0.00413057 0 0.0403482 0.00493517 0.00486107 0.0161632 0.00941168 0.0132732 0.0535065 0.0114537 0.0230363 0.0174775 0.010443 0.0182601 0.0154848 0.0124884 0.0120659 0.0255144 0.0109937 0.0168286 0.0127679 0.0117257 0.0086059 0.00989998 0.0114627 0.00945332 0.0130218 0.0118393 0.0260635 0.010109 0.0133149 0.0196028 0.0101611 0.0104059 0.00874185 0.0088708 0.00831999 0.00865298 0.01069 0.00881291 0.0114036 0.0125744 0.014856 0.010177 0.0121446 0.010389 0.00896876 0.0126789 0.0085932 0.00883397 0.010798 0.00897565 0.00854656 0.0109751 
0.0146215 0.00913893 0.0205548 0.0159941 0.0119138 0.0184759 0.0110394 0.036512 0.00979785 0.0336248 0.0485973 0.00767954 0.0827534 0.0161233 0.00799166 0.019976 0.00483655 0.0151194 0.0403482 0 0.00403665 0.00457698 0.00610341 0.00790127 0.331643 0.00952452 0.00973497 0.0188758 0.0205711 0.00851925 0.0628278 0.0280729 0.00861221 0.0403261 0.0203732 0.00915662 0.0294152 0.0157131 0.00822264 0.0107228 0.00861974 0.00858348 0.0147052 0.00952207 0.0205846 0.0126608 0.0096033 0.0137636 0.00975777 0.0109885 0.00848702 0.012638 0.00826596 0.00826092 0.00866688 0.00828871 0.0114999 0.00891782 0.0145784 0.0227105 0.00850474 0.0147682 0.00922211 0.0117357 0.0127008 0.00825676 0.0101766 0.0112912 0.00799215 0.0109112 0.00941114 
0.00922463 0.017193 0.009053 0.00955331 0.0169977 0.00885761 0.0211503 0.00920084 0.118182 0.00921808 0.00827399 0.449794 0.00786594 0.00792319 0.0418869 0.00827066 0.00854494 0.0709846 0.00493517 0.00403665 0 0.00401355 0.00574372 0.390774 0.00742934 0.0078919 0.0224269 0.0109058 0.00790035 0.260536 0.00899989 0.00845038 0.0936182 0.00856882 0.00955878 0.0826607 0.00968126 0.00887231 0.0241346 0.00835079 0.00923028 0.0103296 0.00850655 0.0221097 0.00888363 0.0101258 0.0256801 0.00854527 0.00887034 0.00943769 0.0110562 0.00833925 0.00925324 0.00830737 0.00839793 0.0102087 0.00839203 0.014164 0.00885243 0.00903784 0.0243853 0.00880791 0.00903201 0.00904136 0.00855744 0.0129272 0.00814523 0.00853392 0.00931105 0.00847573 0.00858136 
0.016273 0.00840248 0.00937222 0.0137275 0.00997748 0.0149449 0.00929663 0.0270933 0.00958292 0.0116479 0.106234 0.00781245 0.0138513 0.0198863 0.00790575 0.0119927 0.167166 0.00822914 0.00486107 0.00457698 0.00401355 0 0.432554 0.00730456 0.004438 0.0181028 0.00962744 0.010698 0.0524148 0.00764169 0.0111406 0.0204616 0.00864208 0.0112021 0.0282491 0.00926182 0.0124022 0.0169194 0.00869532 0.00836813 0.00876504 0.00886876 0.0115696 0.00916416 0.0110622 0.0219096 0.0093719 0.010933 0.0139355 0.0101421 0.00854908 0.00878585 0.0082567 0.00809421 0.00855096 0.00864919 0.0091189 0.00879167 0.00966985 0.0200228 0.00839177 0.0105106 0.00960868 0.00878405 0.0129292 0.00817455 0.00849773 0.0117245 0.00815751 0.00853945 0.00842774 
0.0131639 0.00940156 0.0259608 0.0129767 0.0146777 0.0140357 0.0131034 0.027359 0.0108071 0.0299601 0.0225939 0.00929762 0.0237462 0.0154152 0.0096843 0.050489 0.0103214 0.00844459 0.0161632 0.00610341 0.00574372 0.432554 0 0.00393648 0.00434186 0.0052949 0.0214257 0.187956 0.012197 0.00779013 0.0289324 0.0305932 0.00982453 0.138917 0.0194331 0.0101254 0.0321398 0.0143971 0.00877332 0.0101139 0.00888376 0.00924981 0.0143933 0.0108389 0.0249994 0.0152768 0.0109794 0.0185726 0.0105997 0.0123023 0.00910088 0.0125141 0.00854035 0.0084839 0.00899196 0.00868525 0.0117721 0.0104768 0.0193876 0.022591 0.00942534 0.0177201 0.00993136 0.0136033 0.0128089 0.00868121 0.0117537 0.0111634 0.00818023 0.0110946 0.0112658 
0.00936309 0.0179785 0.00917477 0.0109467 0.0155153 0.00981349 0.0207467 0.0104565 0.136825 0.00972577 0.00968899 0.168144 0.00858098 0.0100266 0.222559 0.0116519 0.00933372 0.0447961 0.00941168 0.00790127 0.390774 0.00730456 0.00393648 0 0.00453359 0.00688942 0.144551 0.0100611 0.00739921 0.0571165 0.00937134 0.00892079 0.327904 0.0089764 0.00996727 0.106859 0.0102246 0.00919181 0.0259206 0.00818795 0.0101312 0.0108984 0.00879075 0.029762 0.00957379 0.0115379 0.0347749 0.00883787 0.00945658 0.0111085 0.0116039 0.00842623 0.00927724 0.00836929 0.00856092 0.010672 0.00868337 0.0196566 0.00926936 0.00984377 0.0380358 0.00909718 0.0100179 0.00968254 0.00894203 0.0137167 0.00831336 0.00885765 0.00956151 0.00870904 0.00885784 
0.0155648 0.00859246 0.00976255 0.0135172 0.0101752 0.0133621 0.00950887 0.0351076 0.00956331 0.0136385 0.0262184 0.00858211 0.0109891 0.047257 0.00890533 0.0141805 0.0199655 0.00982691 0.0132732 0.331643 0.00742934 0.004438 0.00434186 0.00453359 0 0.145614 0.00611371 0.00516642 0.0198928 0.00763986 0.0126798 0.0474343 0.00851761 0.012501 0.029158 0.0101784 0.0142011 0.016983 0.00898353 0.00848766 0.00895959 0.00911449 0.0107469 0.00965208 0.0122576 0.0229159 0.0099147 0.012011 0.0161361 0.0106011 0.00888411 0.00915619 0.00846578 0.00818298 0.00876376 0.00871523 0.00960857 0.00905943 0.0108483 0.023104 0.00867509 0.01176 0.0104882 0.00897834 0.0146463 0.00828893 0.00893854 0.0123736 0.00840891 0.00890722 0.00882267 
0.0126064 0.00968282 0.019757 0.0105268 0.0202682 0.010721 0.0201047 0.0198194 0.0127706 0.0242799 0.0149408 0.0139837 0.0192683 0.0152793 0.0124487 0.0286095 0.0176389 0.0146999 0.0535065 0.00952452 0.0078919 0.0181028 0.0052949 0.00688942 0.145614 0 0.00395795 0.00430397 0.00537979 0.016335 0.189024 0.00998739 0.0119577 0.027093 0.0188045 0.011174 0.0370013 0.0118305 0.010975 0.00894049 0.0106019 0.0129767 0.0109018 0.0147813 0.0206088 0.0162349 0.0112515 0.0246252 0.0119329 0.0114581 0.0114176 0.0101151 0.00934695 0.00863647 0.00876098 0.0103286 0.00955453 0.013437 0.020985 0.0150081 0.0121695 0.017893 0.0100776 0.0143612 0.0109111 0.0103645 0.0120733 0.0102247 0.00892937 0.0109513 0.0173781 
0.00968461 0.0163359 0.00915384 0.0151701 0.0108278 0.016985 0.010615 0.013603 0.0426895 0.0110307 0.0127349 0.030714 0.0102369 0.0133954 0.0500735 0.0108781 0.0139815 0.313027 0.0114537 0.00973497 0.0224269 0.00962744 0.0214257 0.144551 0.00611371 0.00395795 0 0.00429975 0.0135419 0.0992165 0.0199204 0.00898323 0.0263885 0.010667 0.0107159 0.170571 0.0110899 0.0108885 0.0116769 0.00981217 0.0100693 0.0102957 0.0124437 0.0148656 0.0128599 0.0122898 0.039628 0.00943935 0.00990329 0.0205726 0.00919992 0.00986422 0.00864299 0.00856452 0.00912827 0.0089779 0.0111669 0.0132501 0.0109036 0.015037 0.0184901 0.0105774 0.0113362 0.0100587 0.010395 0.0105328 0.00859204 0.0100168 0.00895687 0.0109953 0.00859074 
0.0142425 0.00860004 0.0112923 0.011268 0.0183882 0.0106016 0.0162438 0.0233073 0.0129748 0.0192526 0.0143258 0.0133255 0.0103863 0.0190706 0.0113655 0.0176375 0.182249 0.010901 0.0230363 0.0188758 0.0109058 0.010698 0.187956 0.0100611 0.00516642 0.00430397 0.00429975 0 0.0623565 0.00466199 0.00605173 0.00777845 0.00923368 0.0114684 0.0200794 0.0105808 0.0226488 0.010867 0.0156777 0.00835831 0.0097119 0.0126602 0.00937069 0.0178934 0.0127019 0.027645 0.0111291 0.012987 0.0206509 0.0104194 0.0129398 0.0085318 0.00978981 0.00830291 0.00857943 0.0120152 0.00875953 0.0129978 0.0169016 0.0146603 0.0125776 0.0131556 0.0119992 0.00937996 0.0125359 0.0094644 0.00928937 0.0113799 0.0103585 0.00858835 0.0123899 
0.0132896 0.00903782 0.0134792 0.0143682 0.0113792 0.0160342 0.0110167 0.0298713 0.00980918 0.01857 0.0326011 0.00890827 0.0215416 0.0368413 0.0101324 0.0271959 0.0212038 0.0111891 0.0174775 0.0205711 0.00790035 0.0524148 0.012197 0.00739921 0.0198928 0.00537979 0.0135419 0.0623565 0 0.00390936 0.0040648 0.00740433 0.00666181 0.0598138 0.00967115 0.00718398 0.0174971 0.0222429 0.00758897 0.0215649 0.00804568 0.00829416 0.0235332 0.00937073 0.0376132 0.0161886 0.0098217 0.0187319 0.00979402 0.0159714 0.00861244 0.0162351 0.00819881 0.00834894 0.00911195 0.00835569 0.0146875 0.00927069 0.0169629 0.0400111 0.00907556 0.0195412 0.0101748 0.0144601 0.0159793 0.00864401 0.0121389 0.0120444 0.00816293 0.0143797 0.0107173 
0.00895913 0.0126953 0.0088067 0.00980012 0.0136358 0.00931224 0.0134806 0.00981656 0.0555541 0.0095699 0.00933782 0.0630452 0.00853865 0.00969338 0.0553923 0.0097713 0.0113466 0.0485597 0.010443 0.00851925 0.260536 0.00764169 0.00779013 0.0571165 0.00763986 0.016335 0.0992165 0.00466199 0.00390936 0 0.00393468 0.00495794 0.0266051 0.00843994 0.00597384 0.0295072 0.00704657 0.00766512 0.0599486 0.00700203 0.00823136 0.010332 0.00846349 0.0340447 0.00909951 0.010268 0.0474663 0.00876065 0.00928774 0.00967657 0.0118368 0.00821772 0.00891416 0.00824563 0.00828585 0.0108147 0.00848984 0.021002 0.00933254 0.00957407 0.0462604 0.00957623 0.0102549 0.00959219 0.00900473 0.0152655 0.00829077 0.00869903 0.00977088 0.00860123 0.00926585 
0.0120792 0.00851971 0.00995174 0.0113997 0.0120741 0.0113103 0.0110068 0.0237018 0.0100621 0.0160713 0.015733 0.00982784 0.0107633 0.0175985 0.0100874 0.0199772 0.0218881 0.0109182 0.0182601 0.0628278 0.00899989 0.0111406 0.0289324 0.00937134 0.0126798 0.189024 0.0199204 0.00605173 0.0040648 0.00393468 0 0.0272558 0.00417689 0.00421966 0.0101298 0.00985939 0.0183456 0.0141467 0.0086441 0.00737651 0.00857589 0.00851458 0.009898 0.0143783 0.0149073 0.0305144 0.010221 0.013837 0.014911 0.0108057 0.00918723 0.00941443 0.00848824 0.00815283 0.00895833 0.00935997 0.00903743 0.0110672 0.0159607 0.0184641 0.0093894 0.0163062 0.0117631 0.0098326 0.0140432 0.00852061 0.0100566 0.0122271 0.00857456 0.00900535 0.0100663 
0.0133924 0.00888156 0.0110203 0.0125488 0.00971184 0.0154281 0.00949953 0.029063 0.00928558 0.0136106 0.0332121 0.00870255 0.0149522 0.0216772 0.00961413 0.0160627 0.0176884 0.0110739 0.0154848 0.0280729 0.00845038 0.0204616 0.0305932 0.00892079 0.0474343 0.00998739 0.00898323 0.00777845 0.00740433 0.00495794 0.0272558 0 0.0038605 0.00453995 0.00644131 0.0076255 0.0374955 0.0156738 0.00604746 0.0084322 0.0071147 0.018939 0.178591 0.00879416 0.0470462 0.0134215 0.00916193 0.0157431 0.00985463 0.0124641 0.00847375 0.0140454 0.00804492 0.00814834 0.00882608 0.00823473 0.0148075 0.00898238 0.0133064 0.0474357 0.00908894 0.0156283 0.0106851 0.0137123 0.0209765 0.00853367 0.0145427 0.0150368 0.00825294 0.0161884 0.0101879 
0.00854294 0.0120354 0.00856108 0.00874601 0.0163956 0.00860952 0.0194783 0.00997242 0.0517378 0.00980289 0.00873646 0.0776838 0.00844421 0.00915757 0.0385592 0.0108977 0.0119501 0.0364018 0.0124884 0.00861221 0.0936182 0.00864208 0.00982453 0.327904 0.00851761 0.0119577 0.0263885 0.00923368 0.00666181 0.0266051 0.00417689 0.0038605 0 0.00402415 0.0043472 0.0548603 0.00570408 0.00587062 0.022231 0.00604845 0.0148516 0.0395771 0.00870182 0.143474 0.00804035 0.0092232 0.04551 0.00833943 0.00879205 0.0103066 0.0142032 0.00813312 0.0107562 0.00806658 0.00808873 0.0137156 0.00842017 0.024483 0.00933935 0.00947859 0.0689561 0.0100668 0.00955249 0.0114302 0.00880929 0.0303118 0.00831084 0.00864832 0.0158363 0.00868276 0.0102321 
0.0126131 0.00820762 0.00955508 0.0247355 0.00926337 0.0133268 0.00880289 0.0320982 0.00903132 0.0113674 0.0315755 0.00861976 0.0106502 0.0251251 0.00921255 0.0118698 0.0281872 0.0100005 0.0120659 0.0403261 0.00856882 0.0112021 0.138917 0.0089764 0.012501 0.027093 0.010667 0.0114684 0.0598138 0.00843994 0.00421966 0.00453995 0.00402415 0 0.0874176 0.00524183 0.00464435 0.0210381 0.00671578 0.00782033 0.020224 0.00772439 0.0225069 0.00791976 0.0166851 0.0225522 0.00974026 0.01288 0.0151149 0.0121539 0.00865263 0.0112925 0.00810109 0.00809911 0.00914725 0.00839319 0.014736 0.00872347 0.0116491 0.0345074 0.00907151 0.0129309 0.0111339 0.0103376 0.0216598 0.00835303 0.00977517 0.0189365 0.00832265 0.0104887 0.00867559 
0.00971317 0.00912849 0.0149608 0.0124762 0.0124512 0.0110612 0.0119821 0.0198133 0.010345 0.0271293 0.0184012 0.00946873 0.0219283 0.0167307 0.0102077 0.0238599 0.0170091 0.0123099 0.0255144 0.0203732 0.00955878 0.0282491 0.0194331 0.00996727 0.029158 0.0188045 0.0107159 0.0200794 0.00967115 0.00597384 0.0101298 0.00644131 0.0043472 0.0874176 0 0.00383583 0.00392055 0.00848419 0.00505381 0.0203046 0.00582476 0.00549935 0.0104689 0.00718894 0.0198867 0.0173847 0.00913586 0.0227894 0.00964263 0.0156871 0.00886966 0.0121795 0.00796106 0.00802749 0.00877788 0.00855614 0.0128207 0.0100921 0.0264483 0.0314971 0.00976655 0.02955 0.0111532 0.0167171 0.017328 0.00911841 0.0171869 0.012804 0.00846217 0.0133559 0.0162291 
0.00850148 0.010851 0.00851023 0.0106316 0.0123348 0.00932835 0.0125454 0.00963079 0.0450123 0.00997503 0.0093168 0.074621 0.00889206 0.00949258 0.0331993 0.00989562 0.0111142 0.0655135 0.0109937 0.00915662 0.0826607 0.00926182 0.0101254 0.106859 0.0101784 0.011174 0.170571 0.0105808 0.00718398 0.0295072 0.00985939 0.0076255 0.0548603 0.00524183 0.00383583 0 0.00398575 0.00919465 0.0711428 0.0041822 0.00437084 0.00710746 0.00646004 0.0194844 0.00681193 0.00912221 0.14594 0.00826029 0.00841371 0.0111026 0.0132909 0.00797908 0.0102634 0.00817595 0.00813445 0.0118267 0.00837845 0.0456563 0.00980681 0.0106714 0.0902662 0.00990389 0.0114852 0.0127176 0.00905516 0.0232438 0.00850301 0.00881976 0.0114462 0.00912133 0.0102161 
0.0142542 0.00826814 0.00978237 0.0123154 0.0109775 0.0109848 0.00985935 0.0251811 0.0100057 0.0159177 0.016265 0.00903077 0.0111831 0.0195948 0.0105338 0.012797 0.0295294 0.0109663 0.0168286 0.0294152 0.00968126 0.0124022 0.0321398 0.0102246 0.0142011 0.0370013 0.0110899 0.0226488 0.0174971 0.00704657 0.0183456 0.0374955 0.00570408 0.00464435 0.00392055 0.00398575 0 0.0747467 0.00385587 0.00383031 0.00399119 0.00456819 0.00626434 0.00759874 0.00825378 0.0201657 0.00868457 0.0124026 0.0141938 0.0118497 0.00867132 0.00970499 0.00767631 0.00780057 0.0101458 0.00859714 0.0117264 0.00938256 0.0192079 0.0280652 0.00951294 0.0184269 0.0123526 0.0111057 0.0214957 0.00873354 0.0111125 0.0160526 0.00874259 0.00958493 0.010579 
0.00939419 0.00826897 0.010155 0.0098438 0.00924768 0.0104215 0.00906212 0.0133196 0.00884028 0.0121984 0.016551 0.00855981 0.0124479 0.0132253 0.00937345 0.0143539 0.0122017 0.0105823 0.0127679 0.0157131 0.00887231 0.0169194 0.0143971 0.00919181 0.016983 0.0118305 0.0108885 0.010867 0.0222429 0.00766512 0.0141467 0.0156738 0.00587062 0.0210381 0.00848419 0.00919465 0.0747467 0 0.00457935 0.0040732 0.00383795 0.0039159 0.00621624 0.00408532 0.0116134 0.0078555 0.00673647 0.0139772 0.00724188 0.0104831 0.00720169 0.0234442 0.00827767 0.00718391 0.00823426 0.00763677 0.015955 0.00863411 0.0234169 0.0237125 0.00872422 0.0161489 0.0102485 0.015394 0.0145644 0.00845951 0.011689 0.0125775 0.00823258 0.0157938 0.0110301 
0.00811566 0.00868478 0.00840824 0.0081245 0.0113515 0.00817403 0.010675 0.00895116 0.0155544 0.0096705 0.00842355 0.0227998 0.00834217 0.00860352 0.0130968 0.0101889 0.00951423 0.0130293 0.0117257 0.00822264 0.0241346 0.00869532 0.00877332 0.0259206 0.00898353 0.010975 0.0116769 0.0156777 0.00758897 0.0599486 0.0086441 0.00604746 0.022231 0.00671578 0.00505381 0.0711428 0.00385587 0.00457935 0 0.00374893 0.00375022 0.00405286 0.00382833 0.00812545 0.00390526 0.00543725 0.00940224 0.00671312 0.00680872 0.00698371 0.0796336 0.00700469 0.0224791 0.0083081 0.00800265 0.0145025 0.00774133 0.0402628 0.0153655 0.00836534 0.0316424 0.00913782 0.00878013 0.00956196 0.00856162 0.015937 0.00835988 0.00838133 0.013671 0.00843679 0.0148348 
0.00847097 0.00797624 0.0080056 0.00828734 0.00821199 0.00841859 0.00808878 0.00966388 0.00862026 0.00866467 0.0106018 0.00833988 0.00854372 0.00989481 0.00858786 0.00845058 0.0095153 0.00884994 0.0086059 0.0107228 0.00835079 0.00836813 0.0101139 0.00818795 0.00848766 0.00894049 0.00981217 0.00835831 0.0215649 0.00700203 0.00737651 0.0084322 0.00604845 0.00782033 0.0203046 0.0041822 0.00383031 0.0040732 0.00374893 0 0.00373037 0.00377021 0.00383425 0.00375062 0.00381622 0.00484844 0.00541046 0.00710397 0.00642623 0.0207993 0.00684249 0.0452671 0.0068384 0.00906968 0.00955017 0.00725016 0.0193342 0.00873629 0.00866939 0.0160012 0.00816997 0.0088884 0.0084624 0.00832333 0.0108869 0.0082467 0.00839206 0.0100908 0.0081882 0.0109724 0.00868688 
0.00836569 0.00821218 0.00818425 0.00819212 0.00852117 0.00822921 0.00903393 0.00921479 0.00963285 0.00992112 0.0089343 0.00966388 0.00890121 0.00897603 0.00905365 0.00940034 0.00974345 0.00969899 0.00989998 0.00861974 0.00923028 0.00876504 0.00888376 0.0101312 0.00895959 0.0106019 0.0100693 0.0097119 0.00804568 0.00823136 0.00857589 0.0071147 0.0148516 0.020224 0.00582476 0.00437084 0.00399119 0.00383795 0.00375022 0.00373037 0 0.00417539 0.00374912 0.00376959 0.00380935 0.0046024 0.00475871 0.0056403 0.0137794 0.020604 0.013449 0.00794627 0.0103188 0.00800797 0.00779707 0.0145596 0.0243865 0.0114032 0.0134056 0.00883655 0.0105076 0.00994138 0.00834195 0.00907589 0.00886418 0.00912227 0.00896599 0.00871432 0.0092774 0.00909802 0.0103457 
0.00831956 0.00867994 0.00858222 0.00816195 0.00955204 0.00829856 0.00915469 0.00914976 0.01039 0.0105801 0.00863345 0.0133465 0.00863344 0.00886924 0.0101002 0.00994794 0.0104129 0.00962255 0.0114627 0.00858348 0.0103296 0.00886876 0.00924981 0.0108984 0.00911449 0.0129767 0.0102957 0.0126602 0.00829416 0.010332 0.00851458 0.018939 0.0395771 0.00772439 0.00549935 0.00710746 0.00456819 0.0039159 0.00405286 0.00377021 0.00417539 0 0.00376656 0.00380624 0.00385489 0.00414981 0.00486342 0.0299712 0.0089273 0.0110673 0.0147672 0.00799256 0.0121962 0.00755473 0.00988537 0.0421838 0.00851922 0.0302996 0.0101552 0.00873307 0.0141981 0.00947188 0.00837183 0.0092638 0.00869953 0.0104741 0.00868033 0.00858329 0.0127901 0.00887491 0.0195552 
0.009601 0.00838949 0.00862335 0.00972258 0.00844515 0.00961149 0.0084322 0.014146 0.00905948 0.0105148 0.0163425 0.00853988 0.0124467 0.0135443 0.00910959 0.0118941 0.0117605 0.0105817 0.00945332 0.0147052 0.00850655 0.0115696 0.0143933 0.00879075 0.0107469 0.0109018 0.0124437 0.00937069 0.0235332 0.00846349 0.009898 0.178591 0.00870182 0.0225069 0.0104689 0.00646004 0.00626434 0.00621624 0.00382833 0.00383425 0.00374912 0.00376656 0 0.00376491 0.00408353 0.00469854 0.0128551 0.017338 0.00743678 0.0150744 0.00736521 0.0208393 0.0068743 0.00902109 0.0229769 0.00793404 0.169047 0.00852481 0.0106231 0.0259203 0.00864547 0.0143371 0.00970994 0.00929457 0.0170116 0.00837438 0.0114821 0.0138351 0.0085029 0.0256445 0.00930602 
0.00859027 0.00870172 0.00853238 0.00838678 0.0119196 0.00822696 0.0115107 0.00964394 0.0173139 0.010053 0.00892159 0.0287148 0.00864754 0.0101843 0.0158292 0.0107191 0.0128597 0.0152424 0.0130218 0.00952207 0.0221097 0.00916416 0.0108389 0.029762 0.00965208 0.0147813 0.0148656 0.0178934 0.00937073 0.0340447 0.0143783 0.00879416 0.143474 0.00791976 0.00718894 0.0194844 0.00759874 0.00408532 0.00812545 0.00375062 0.00376959 0.00380624 0.00376491 0 0.00402788 0.00475433 0.0101466 0.00508962 0.0079046 0.00786082 0.0152938 0.00630133 0.0146694 0.00696551 0.00758063 0.0367733 0.00802689 0.0427592 0.0108054 0.00960704 0.0521224 0.0104399 0.0103319 0.010538 0.00912841 0.027875 0.00900213 0.00907767 0.0216015 0.00883408 0.0136841 
0.0104091 0.00797249 0.00861581 0.0109994 0.00906569 0.0100784 0.00861331 0.0179331 0.0090478 0.0106533 0.0156407 0.00844333 0.0103358 0.0171906 0.00922925 0.011767 0.0191753 0.0104007 0.0118393 0.0205846 0.00888363 0.0110622 0.0249994 0.00957379 0.0122576 0.0206088 0.0128599 0.0127019 0.0376132 0.00909951 0.0149073 0.0470462 0.00804035 0.0166851 0.0198867 0.00681193 0.00825378 0.0116134 0.00390526 0.00381622 0.00380935 0.00385489 0.00408353 0.00402788 0 0.0197584 0.00628051 0.00439931 0.00540162 0.0110203 0.00612144 0.00904377 0.00617276 0.00763429 0.00880338 0.00721903 0.0094381 0.00912866 0.0120059 0.025451 0.0091096 0.0183031 0.0130685 0.0116781 0.0210487 0.00857197 0.0107731 0.0205169 0.0084774 0.0106158 0.0108159 
0.00890485 0.00853784 0.0133158 0.00887362 0.0131832 0.0087544 0.0121643 0.0118605 0.0103306 0.0192598 0.011506 0.00938304 0.0148803 0.0113366 0.0104145 0.0217333 0.0129555 0.0110619 0.0260635 0.0126608 0.0101258 0.0219096 0.0152768 0.0115379 0.0229159 0.0162349 0.0122898 0.027645 0.0161886 0.010268 0.0305144 0.0134215 0.0092232 0.0225522 0.0173847 0.00912221 0.0201657 0.0078555 0.00543725 0.00484844 0.0046024 0.00414981 0.00469854 0.00475433 0.0197584 0 0.00396489 0.00386992 0.00400716 0.00435223 0.00565889 0.00920297 0.00461788 0.00505975 0.00578942 0.00646502 0.00865942 0.0110274 0.0166884 0.0249613 0.00917114 0.0280297 0.0109123 0.0188966 0.016051 0.00931718 0.0203186 0.0119487 0.00901831 0.0156681 0.0346317 
0.00836762 0.00954748 0.00831196 0.00908835 0.00903509 0.00871408 0.00971621 0.00947553 0.016286 0.00951609 0.00908978 0.0158881 0.00895614 0.00924042 0.0166977 0.00992633 0.01036 0.0284326 0.010109 0.0096033 0.0256801 0.0093719 0.0109794 0.0347749 0.0099147 0.0112515 0.039628 0.0111291 0.0098217 0.0474663 0.010221 0.00916193 0.04551 0.00974026 0.00913586 0.14594 0.00868457 0.00673647 0.00940224 0.00541046 0.00475871 0.00486342 0.0128551 0.0101466 0.00628051 0.00396489 0 0.00384443 0.00390658 0.00780118 0.00903966 0.00412091 0.00514462 0.00446083 0.00553564 0.00619243 0.00750688 0.0113382 0.00813286 0.0095187 0.142183 0.0104956 0.0115966 0.0130932 0.0096354 0.0387253 0.00917031 0.00960366 0.0109268 0.0114508 0.010264 
0.00915783 0.0079754 0.00928044 0.00904694 0.00902466 0.00881938 0.00868244 0.0157197 0.00872888 0.0125391 0.0112615 0.00852604 0.0101702 0.0131284 0.00869219 0.0118166 0.0246364 0.00907872 0.0133149 0.0137636 0.00854527 0.010933 0.0185726 0.00883787 0.012011 0.0246252 0.00943935 0.012987 0.0187319 0.00876065 0.013837 0.0157431 0.00833943 0.01288 0.0227894 0.00826029 0.0124026 0.0139772 0.00671312 0.00710397 0.0056403 0.0299712 0.017338 0.00508962 0.00439931 0.00386992 0.00384443 0 0.00562589 0.00381523 0.00382392 0.00386484 0.00384155 0.00392882 0.00420937 0.0052218 0.00831097 0.00678132 0.00907567 0.0187121 0.00774103 0.0243694 0.0096419 0.0101315 0.0163942 0.00851265 0.0110314 0.0130677 0.00869727 0.00950564 0.0122266 
0.00836592 0.00809049 0.00991004 0.00817583 0.00967677 0.00810557 0.01039 0.00981337 0.00891766 0.0154045 0.00917944 0.00899556 0.0112477 0.009859 0.00886778 0.016754 0.0106083 0.00932796 0.0196028 0.00975777 0.00887034 0.0139355 0.0105997 0.00945658 0.0161361 0.0119329 0.00990329 0.0206509 0.00979402 0.00928774 0.014911 0.00985463 0.00879205 0.0151149 0.00964263 0.00841371 0.0141938 0.00724188 0.00680872 0.00642623 0.0137794 0.0089273 0.00743678 0.0079046 0.00540162 0.00400716 0.00390658 0.00562589 0 0.00379489 0.00380911 0.00387304 0.00375278 0.00365186 0.00381222 0.00412245 0.00629405 0.00541111 0.0147154 0.00815008 0.00822164 0.0158636 0.00784726 0.0152331 0.0100081 0.00872313 0.0116208 0.010004 0.00865187 0.00965322 0.0385391 
0.00839183 0.00845189 0.0082823 0.00863767 0.00856125 0.00867591 0.00864287 0.00993431 0.0103977 0.0103116 0.0107524 0.00893853 0.00982738 0.00990807 0.00985911 0.0106057 0.0106367 0.0131149 0.0101611 0.0109885 0.00943769 0.0101421 0.0123023 0.0111085 0.0106011 0.0114581 0.0205726 0.0104194 0.0159714 0.00967657 0.0108057 0.0124641 0.0103066 0.0121539 0.0156871 0.0111026 0.0118497 0.0104831 0.00698371 0.0207993 0.020604 0.0110673 0.0150744 0.00786082 0.0110203 0.00435223 0.00780118 0.00381523 0.00379489 0 0.00382543 0.00380126 0.0038103 0.0037901 0.00382751 0.00395344 0.00566637 0.00524794 0.00711087 0.0147344 0.00916249 0.0135967 0.00986783 0.00993104 0.0135609 0.00905169 0.0101092 0.0117892 0.00852728 0.071228 0.0101735 
0.00824698 0.00821359 0.00833902 0.00813905 0.00937242 0.0081638 0.00895408 0.00875341 0.00963249 0.0100231 0.00846228 0.0133853 0.00832723 0.00882257 0.00952739 0.00924683 0.0104185 0.00940969 0.0104059 0.00848702 0.0110562 0.00854908 0.00910088 0.0116039 0.00888411 0.0114176 0.00919992 0.0129398 0.00861244 0.0118368 0.00918723 0.00847375 0.0142032 0.00865263 0.00886966 0.0132909 0.00867132 0.00720169 0.0796336 0.00684249 0.013449 0.0147672 0.00736521 0.0152938 0.00612144 0.00565889 0.00903966 0.00382392 0.00380911 0.00382543 0 0.00377279 0.00378704 0.00372746 0.00380238 0.00435809 0.0039019 0.0048033 0.00470482 0.00622078 0.0197785 0.0077168 0.00758583 0.0083306 0.00829916 0.0156976 0.0083051 0.00835961 0.0443894 0.00851537 0.0188618 
0.00838061 0.00799987 0.00813056 0.0086357 0.0082419 0.00859687 0.00819718 0.0103836 0.00850645 0.00903912 0.0114414 0.00822864 0.00888219 0.010411 0.00847012 0.00861141 0.0105034 0.00886716 0.00874185 0.012638 0.00833925 0.00878585 0.0125141 0.00842623 0.00915619 0.0101151 0.00986422 0.0085318 0.0162351 0.00821772 0.00941443 0.0140454 0.00813312 0.0112925 0.0121795 0.00797908 0.00970499 0.0234442 0.00700469 0.0452671 0.00794627 0.00799256 0.0208393 0.00630133 0.00904377 0.00920297 0.00412091 0.00386484 0.00387304 0.00380126 0.00377279 0 0.00372862 0.0037342 0.00375807 0.00378966 0.00583537 0.00383208 0.00410633 0.0143484 0.00617761 0.00733477 0.0078396 0.00811211 0.0132734 0.00794544 0.00997749 0.0180854 0.00819091 0.0163382 0.00874905 
0.00797623 0.00788274 0.00796234 0.00791204 0.00839001 0.00793731 0.00853686 0.00820894 0.0086935 0.00852514 0.00817078 0.00973356 0.00806336 0.00827283 0.00864164 0.00844493 0.00869898 0.00860618 0.0088708 0.00826596 0.00925324 0.0082567 0.00854035 0.00927724 0.00846578 0.00934695 0.00864299 0.00978981 0.00819881 0.00891416 0.00848824 0.00804492 0.0107562 0.00810109 0.00796106 0.0102634 0.00767631 0.00827767 0.0224791 0.0068384 0.0103188 0.0121962 0.0068743 0.0146694 0.00617276 0.00461788 0.00514462 0.00384155 0.00375278 0.0038103 0.00378704 0.00372862 0 0.00371492 0.00373319 0.00400748 0.00376692 0.0039289 0.00378981 0.00468106 0.00668264 0.0107051 0.00634596 0.00721457 0.00770891 0.0100801 0.00794457 0.00799661 0.0118052 0.00825752 0.0116445 
