1MB4B
MRVGLVGWRGMVGSVLMQRMVEERDFDLIEPVFFSTSQIGVPAPNFGKDAGMLHDAFDIESLKQLDAVITCQGGSYTEKVYPALRQAGWKGYWIDAASTLRMDKEAIITLDPVNLKQILHGIHHGTKTFVGGNCTVSLMLMALGGLYERGLVEWMSAMTYQAASGAGAQNMRELISQMGVINDAVSSELANPASSILDIDKKVAETMRSGSFPTDNFGVPLAGSLIPWIDVKRDNGQSKEEWKAGVEANKILGLQDSPVPIDGTCVRIGAMRCHSQALTIKLKQNIPLDEIEEMIATHNDWVKVIPNERDITARELTPAKVTGTLSVPVGRLRKMAMGDDFLNAFTVGDQLLWGAAEPLRRTLRIILAE
CEEEEECCCCHHHHHHHHHHHHCCHHHCCEEEEEECCCCCCECCCCCCCCCECEECCCHHHHCCCCEEEECCCHHHHHHHHHHHHHCCCCCEEEECCCCCCCCCCEEECCHHHHHHHHHHHHCCCCCEEECCCHHHHHHHHHHHHHHHCCCEEEEEEEEEECHHHHCHHHHHHHHHHHHHHHHHHHHHHHCCCCCHHHHHHHHHHHHHCCCCCCCCCCCCCCECCECCCCCECCCCCEHHHHHHHHHHHHHHCCCCCCCCEECCEEECCECCEEEEEEEEEECCCCCHHHHHHHHHCCCCCEEECCCCHHHHHHHCCHHHHCCCCCEEEEEEEEECCEEEEEEEEEEEECCCCCCHHHHHHHHHHHHHC
0 0 0 0 0 0 0 0 0 0 0 0 0 0 0 0 0 0 0 0 0 0 0 0 0 0 0 0 0 0 0 0 0 0 0 0 0 0 0 0 0 0 0 0 0 0 0 0 0 0 0 0 0 0 0 0 0 0 0 0 0 0 0 0 0 0 0 0 0 0 0 0 0 0 0 0 0 0 0 0 0 0 0 0 0 0 0 0 0 0 0 0 0 0 0 0 0 0 0 0 0 0 0 0 0 0 0 0 0 0 0 0 0 0 0 0 0 0 0 0 0 0 0 0 0 0 0 0 0 0 0 0 0 0 0 0 0 0 0 0 0 0 0 0 0 0 0 0 0 0 0 0 0 0 0 0 0 0 0 0 0 0 0 0 0 0 0 0 0 0 0 0 0 0 0 0 0 0 0 0 0 0 0 0 0 0 0 0 0 0 0 0 0 0 0 0 0 0 0 0 0 0 0 0 0 0 0 0 0 0 0 0 0 0 0 0 0 0 0 0 0 0 0 0 0 0 0 0 0 0 0 0 0 0 0 0 0 0 0 0 0 0 0 0 0 0 0 0 0 0 0 0 0 0 0 0 0 0 0 0 0 0 0 0 0 0 0 0 0 0 0 0 0 0 0 0 0 0 0 0 0 0 0 0 0 0 0 0 0 0 0 0 0 0 0 0 0 0 0 0 0 0 0 0 0 0 0 0 0 0 0 0 0 0 0 0 0 0 0 0 0 0 0 0 0 0 0 0 0 0 0 0 0 0 0 0 0 0 0 0 0 0 0 0 0 0 0 0 0 0 0 0 0 0 0 0 0 0 0 0 0 0 0 0 0 0 0 0 0 
0 0 0 0 0 0 0 0 0 0 0 0 0 0 0 0 0 0 0 0 0 0 0 0 0 0 0 0 0 0 0 0 0 0 0 0 0 0 0 0 0 0 0 0 0 0 0 0 0 0 0 0 0 0 0 0 0 0 0 0 0 0 0 0 0 0 0 0 0 0 0 0 0 0 0 0 0 0 0 0 0 0 0 0 0 0 0 0 0 0 0 0 0 0 0 0 0 0 0 0 0 0 0 0 0 0 0 0 0 0 0 0 0 0 0 0 0 0 0 0 0 0 0 0 0 0 0 0 0 0 0 0 0 0 0 0 0 0 0 0 0 0 0 0 0 0 0 0 0 0 0 0 0 0 0 0 0 0 0 0 0 0 0 0 0 0 0 0 0 0 0 0 0 0 0 0 0 0 0 0 0 0 0 0 0 0 0 0 0 0 0 0 0 0 0 0 0 0 0 0 0 0 0 0 0 0 0 0 0 0 0 0 0 0 0 0 0 0 0 0 0 0 0 0 0 0 0 0 0 0 0 0 0 0 0 0 0 0 0 0 0 0 0 0 0 0 0 0 0 0 0 0 0 0 0 0 0 0 0 0 0 0 0 0 0 0 0 0 0 0 0 0 0 0 0 0 0 0 0 0 0 0 0 0 0 0 0 0 0 0 0 0 0 0 0 0 0 0 0 0 0 0 0 0 0 0 0 0 0 0 0 0 0 0 0 0 0 0 0 0 0 0 0 0 0 0 0 0 0 0 0 0 0 0 0 0 0 0 0 0 0 0 0 0 0 0 0 0 0 0 0 0 0 0 0 0 0 0 0 0 0 0 0 0 0 0 0 0 0 
0 0.0044453 0.00389327 0.00390608 0.00440285 0.787286 0.0147606 0.0380424 0.0180091 0.0164494 0.021227 0.0177116 0.0153485 0.0104264 0.0175298 0.0190651 0.0196989 0.0114944 0.0234838 0.0114442 0.0120767 0.00964252 0.0107204 0.00932253 0.00924604 0.0103992 0.00952565 0.00852649 0.00990223 0.00805525 0.00819396 0.00813381 0.00816323 0.0087794 0.00827777 0.00831168 0.00841695 0.00811518 0.0090121 0.00833128 0.00814381 0.00834756 0.0082688 0.00823579 0.00826815 0.00827822 0.00834166 0.00853238 0.00925152 0.00823267 0.00816471 0.00817497 0.00823729 0.00842308 0.00839768 0.00859326 0.00840447 0.00854157 0.00854058 0.00841686 0.00865939 0.0088882 0.00863471 0.00849669 0.00853815 0.00852666 0.00874658 0.00865429 0.00887 0.00870768 0.00867038 0.00869272 0.00841006 0.0087747 0.00869281 0.00858097 0.0087997 0.00866312 0.00914014 0.00917456 0.00893177 0.00882694 0.00896585 
0.0044453 0 0.00393305 0.00389549 0.0038982 0.0226005 0.846394 0.0237996 0.0560866 0.0233271 0.01695 0.00978664 0.0101081 0.00992024 0.00907876 0.184555 0.035974 0.0679461 0.0102968 0.0215023 0.0179612 0.0159845 0.00937656 0.0157564 0.0100936 0.011719 0.010089 0.00922513 0.00871276 0.00846598 0.00836997 0.00884663 0.00897412 0.00881693 0.00945355 0.00881909 0.00851913 0.0089892 0.00832352 0.00823737 0.00808054 0.00810079 0.00805027 0.00860062 0.0081872 0.00831406 0.00854874 0.00836447 0.00853492 0.00833002 0.00836909 0.00831293 0.00841781 0.00843852 0.00850618 0.00856477 0.00862223 0.00842785 0.00887379 0.00849192 0.00861027 0.00857362 0.00890861 0.00847652 0.00860666 0.00859982 0.00859509 0.00879864 0.00856341 0.00862757 0.00872691 0.00829227 0.00841984 0.00842479 0.00860261 0.00859346 0.00870438 0.00877422 0.0088923 0.0088317 0.00884392 0.00864344 0.00876084 
0.00389327 0.00393305 0 0.00389725 0.00379951 0.103145 0.0195348 0.688005 0.073948 0.0383227 0.0123549 0.00900692 0.00993419 0.00985447 0.00934898 0.0174501 0.276372 0.0292117 0.0157071 0.0129694 0.0464343 0.0140757 0.0104129 0.0104755 0.0128047 0.0152385 0.0100154 0.00971227 0.00968552 0.00827907 0.00985434 0.00939482 0.00961214 0.0105715 0.0105271 0.0102369 0.0099724 0.00884329 0.00860381 0.00808228 0.00806136 0.00796301 0.00796751 0.00829866 0.00821476 0.00829168 0.0085685 0.00837023 0.00822442 0.00828782 0.0084383 0.00835906 0.00842647 0.00860391 0.00863492 0.00873612 0.00861598 0.00852912 0.00849175 0.00824871 0.0085664 0.00840228 0.00836439 0.00855422 0.00878357 0.00869778 0.00876704 0.00875601 0.00870139 0.00862924 0.00838395 0.00823809 0.0083181 0.00853701 0.00872358 0.00867384 0.00887758 0.00894876 0.00908818 0.00909532 0.0088783 0.0088989 0.00859975 
0.00390608 0.00389549 0.00389725 0 0.00408135 0.0119872 0.0837302 0.0369981 0.659846 0.118377 0.0454837 0.0108176 0.00979902 0.0124287 0.0102709 0.0173994 0.0324789 0.303529 0.0157754 0.0128175 0.0217349 0.0294944 0.0113199 0.0100354 0.0133025 0.0176638 0.00932052 0.0100978 0.0101613 0.0085385 0.00866761 0.0103056 0.00923253 0.00962791 0.0100711 0.0092905 0.00900291 0.00925666 0.00852451 0.00814144 0.00812774 0.00797848 0.00803299 0.0083902 0.00842118 0.00831313 0.00878187 0.0084406 0.0085495 0.00831709 0.00841095 0.00843456 0.00843256 0.00864828 0.00874309 0.00885797 0.00864889 0.00868456 0.00834223 0.00838409 0.00887905 0.00839638 0.00850041 0.00876685 0.00886756 0.00887991 0.00893227 0.00876201 0.00872064 0.00872631 0.00844147 0.00823866 0.00835868 0.00851968 0.00868869 0.00891823 0.00895185 0.00901026 0.00923135 0.00924979 0.00908446 0.00905389 0.00870246 
0.00440285 0.0038982 0.00379951 0.00408135 0 0.0169749 0.0124765 0.0502291 0.0329002 0.460707 0.143759 0.0158226 0.0137282 0.0115243 0.0123141 0.0182825 0.0148761 0.026873 0.131211 0.0149727 0.0110285 0.0121978 0.0173317 0.0100156 0.00925239 0.0196379 0.00943123 0.00862261 0.0116953 0.00898616 0.0080806 0.00841899 0.00836882 0.00844571 0.00876662 0.00839504 0.00833865 0.00836494 0.00866126 0.00863115 0.00828313 0.00810877 0.00812124 0.00829793 0.00832069 0.00827421 0.00838541 0.00825006 0.008639 0.00824988 0.00816395 0.00825009 0.00821369 0.00833189 0.00837569 0.00863568 0.00846041 0.00836555 0.00843992 0.00835782 0.00857226 0.0082509 0.00840942 0.00846802 0.00847118 0.00833059 0.00837367 0.00839706 0.00827326 0.0083851 0.00834787 0.00832081 0.00822653 0.00823781 0.00839043 0.00842028 0.0085049 0.00843294 0.00867349 0.00876705 0.0084713 0.00863901 0.00859235 
0.787286 0.0226005 0.103145 0.0119872 0.0169749 0 0.0038812 0.00382693 0.00387189 0.00389711 0.00442154 0.0130438 0.0185301 0.0115388 0.0234047 0.0165192 0.0165778 0.010706 0.0262658 0.0138863 0.0105884 0.00910336 0.0106671 0.0102206 0.0095732 0.010887 0.0103502 0.0084639 0.0101982 0.00793601 0.00826679 0.00805518 0.0080256 0.0085125 0.00817628 0.00815774 0.00822389 0.00810015 0.00924643 0.00813224 0.00790682 0.0083417 0.00816121 0.00798609 0.00810281 0.00801472 0.00808391 0.00829989 0.00820229 0.00791557 0.00797705 0.00795772 0.00803098 0.00802888 0.00811115 0.0082237 0.00815327 0.008236 0.00817703 0.00814242 0.00824858 0.00855839 0.00824343 0.00820307 0.00818081 0.00814681 0.00822487 0.00822378 0.00814903 0.00816558 0.00818387 0.00822921 0.00814177 0.00834074 0.00820585 0.00819276 0.00822056 0.00821165 0.00823232 0.00841939 0.00821062 0.00820574 0.00827705 
0.0147606 0.846394 0.0195348 0.0837302 0.0124765 0.0038812 0 0.00377155 0.00380973 0.00379255 0.00383647 0.00630604 0.00946602 0.00931222 0.00884191 0.0425963 0.0212209 0.0280614 0.00977017 0.0127398 0.0176541 0.0139734 0.00913357 0.0124051 0.0102309 0.0117491 0.00927411 0.00919108 0.0088552 0.00829314 0.00832801 0.0088725 0.00878482 0.00903951 0.00954859 0.00876243 0.00847698 0.00914493 0.00834245 0.00803385 0.00800399 0.00791706 0.00796217 0.00825533 0.00809682 0.00826601 0.00834798 0.00818525 0.00808215 0.00831154 0.00822766 0.00829634 0.00829177 0.00836616 0.00841978 0.00846639 0.00840489 0.00829918 0.00826901 0.00836125 0.00836058 0.00823769 0.00842335 0.00830425 0.00844046 0.00840898 0.0084554 0.00844789 0.00840978 0.00842389 0.00827092 0.00825022 0.00826645 0.00825875 0.00837105 0.00837624 0.00847644 0.00848528 0.00860982 0.00859424 0.00853493 0.00850854 0.00839835 
0.0380424 0.0237996 0.688005 0.0369981 0.0502291 0.00382693 0.00377155 0 0.00378064 0.00378768 0.00379581 0.00704334 0.011872 0.00929727 0.0101307 0.0182799 0.051887 0.0203459 0.0146459 0.0132347 0.0325785 0.0156997 0.0111453 0.00952409 0.0127386 0.0125564 0.00937574 0.00941931 0.0095476 0.00821751 0.0091984 0.00967382 0.0110044 0.0124457 0.0126703 0.011049 0.0105169 0.00884534 0.00883258 0.00805476 0.00798105 0.00792279 0.00792013 0.00818857 0.00810025 0.00831334 0.00843548 0.00836381 0.00808957 0.00821597 0.00834859 0.00839993 0.00832386 0.00847973 0.00853579 0.00857832 0.00853445 0.00831644 0.00819427 0.00826137 0.00836644 0.00827196 0.00826885 0.00838444 0.00854839 0.00850445 0.00855068 0.00850531 0.00847312 0.008339 0.00824507 0.0081328 0.00824377 0.008333 0.00844919 0.00842754 0.00855813 0.0085877 0.00868751 0.0086817 0.00859749 0.00845674 0.00838089 
0.0180091 0.0560866 0.073948 0.659846 0.0329002 0.00387189 0.00380973 0.00378064 0 0.00378274 0.00378841 0.00707764 0.0120186 0.0116371 0.0104346 0.0190597 0.0537263 0.0637805 0.0152833 0.0164631 0.0577096 0.0363302 0.0116175 0.0103586 0.0149265 0.018896 0.0096871 0.0117294 0.0114443 0.00847065 0.00944773 0.0123715 0.0117686 0.0155615 0.014954 0.0129591 0.0114782 0.00971441 0.00878401 0.00802871 0.00801972 0.00788781 0.00796396 0.00814516 0.00817414 0.0082641 0.00857743 0.00833909 0.00804356 0.00821042 0.00850111 0.00853733 0.00856313 0.00867613 0.00876704 0.00881437 0.00876133 0.0084422 0.0082618 0.00825248 0.0085239 0.00836788 0.00837056 0.00855132 0.00878437 0.00869664 0.00875353 0.00874196 0.00863562 0.00851096 0.00833238 0.0081793 0.00828859 0.00841447 0.0086566 0.00863678 0.00876061 0.00887044 0.0089561 0.00894477 0.00881725 0.00881948 0.00856696 
0.0164494 0.0233271 0.0383227 0.118377 0.460707 0.00389711 0.00379255 0.00378768 0.00378274 0 0.00380332 0.0218985 0.0126201 0.0194783 0.0155268 0.0138271 0.034634 0.0815865 0.025583 0.0150937 0.0232866 0.0274786 0.0127402 0.00998435 0.0156786 0.0189185 0.00955932 0.0109548 0.0110814 0.00900321 0.009009 0.00941421 0.00933803 0.00991678 0.00989319 0.00955078 0.0090549 0.00914601 0.00889959 0.00819529 0.00828073 0.00798781 0.00800359 0.00817889 0.00806907 0.00832492 0.00841147 0.00817616 0.00813433 0.0082215 0.00818825 0.00824778 0.00822891 0.00838006 0.00841957 0.00846594 0.00838633 0.00834797 0.00815814 0.00827612 0.00853898 0.00822998 0.00843405 0.00850525 0.00849402 0.00839632 0.00846976 0.00843628 0.00835821 0.00840865 0.00826777 0.00821912 0.00837522 0.0083579 0.00854738 0.00842405 0.00856801 0.00855995 0.00870729 0.00880865 0.00853677 0.00851488 0.00842201 
0.021227 0.01695 0.0123549 0.0454837 0.143759 0.00442154 0.00383647 0.00379581 0.00378841 0.00380332 0 0.0314061 0.0198212 0.0165081 0.0190216 0.019756 0.0145948 0.0225173 0.0317624 0.0219424 0.0114077 0.0106956 0.0135692 0.0144721 0.00950945 0.017567 0.0122599 0.00896758 0.0136696 0.0116032 0.00828473 0.00833442 0.00849067 0.0086693 0.00877734 0.00855456 0.00838913 0.00866653 0.00920555 0.00850407 0.00815331 0.00831222 0.00826356 0.00824172 0.00809879 0.00847881 0.00812698 0.00810624 0.00840662 0.00831867 0.00801444 0.00805642 0.00804654 0.00819436 0.00824632 0.00824956 0.00816306 0.00811059 0.00836276 0.00857559 0.00819997 0.00821546 0.00871185 0.00829031 0.00857121 0.0082659 0.00827329 0.00828756 0.00821874 0.00823553 0.00838589 0.00848642 0.00823691 0.00832063 0.00840197 0.00828597 0.00836887 0.00837735 0.00838396 0.00835759 0.00827399 0.00831997 0.00841642 
0.0177116 0.00978664 0.00900692 0.0108176 0.0158226 0.0130438 0.00630604 0.00704334 0.00707764 0.0218985 0.0314061 0 0.410611 0.017028 0.0160091 0.0151866 0.0124887 0.0110469 0.0172496 0.014292 0.00932543 0.00896412 0.0100268 0.0110624 0.00929676 0.0115222 0.0115638 0.00830198 0.00970102 0.00941309 0.00800998 0.00787834 0.0078966 0.00790709 0.00784314 0.00789597 0.00790287 0.00799588 0.00907213 0.00919604 0.00848462 0.00965064 0.00941121 0.00835126 0.008079 0.00866327 0.00792339 0.00797777 0.00875052 0.00820224 0.0079109 0.00783096 0.0079305 0.00797256 0.00796307 0.00801756 0.00800861 0.00800728 0.00824812 0.00862853 0.00805316 0.0084989 0.00866752 0.008209 0.00819508 0.00815494 0.00820032 0.00819342 0.00818781 0.00817156 0.00827892 0.00874287 0.00818403 0.00824795 0.00821511 0.00818352 0.00821847 0.00818452 0.00822714 0.0082807 0.00820356 0.00823416 0.0083965 
0.0153485 0.0101081 0.00993419 0.00979902 0.0137282 0.0185301 0.00946602 0.011872 0.0120186 0.0126201 0.0198212 0.410611 0 0.00679009 0.00425152 0.0159638 0.0138434 0.0110017 0.029259 0.0168501 0.00987651 0.00998124 0.0120277 0.0127469 0.00975131 0.0133819 0.0118435 0.00857554 0.0106834 0.00838999 0.00789708 0.00794092 0.00794327 0.00800458 0.00801427 0.0079662 0.00796825 0.00800006 0.0100321 0.00912289 0.00815629 0.00908248 0.00861739 0.00802014 0.00812985 0.00820281 0.00801253 0.00812384 0.0083012 0.0079818 0.00788566 0.00788262 0.00794873 0.00798733 0.00801241 0.00812977 0.00804031 0.0081969 0.00823919 0.00821626 0.0081772 0.00872058 0.00839755 0.00817649 0.008118 0.00810642 0.0081857 0.00822179 0.00811373 0.0081866 0.00822204 0.00832826 0.00819193 0.00846311 0.00826979 0.00816799 0.00821361 0.00822407 0.0082267 0.00843422 0.00818949 0.00820701 0.00831846 
0.0104264 0.00992024 0.00985447 0.0124287 0.0115243 0.0115388 0.00931222 0.00929727 0.0116371 0.0194783 0.0165081 0.017028 0.00679009 0 0.00470716 0.0124539 0.0155152 0.0390673 0.016823 0.0145248 0.0107616 0.0110803 0.0103983 0.0093534 0.0109045 0.0121032 0.00888951 0.00858329 0.00946749 0.00811803 0.00803886 0.00806137 0.0080604 0.00813922 0.00829376 0.00811774 0.00804677 0.00821223 0.0091676 0.00796566 0.00781608 0.00810638 0.00789428 0.007871 0.00786729 0.00788318 0.0078779 0.00795534 0.00790857 0.00783107 0.00786402 0.00791344 0.00790938 0.00797563 0.00796028 0.00796993 0.00800214 0.00788474 0.00796951 0.00799987 0.00797548 0.0080816 0.00808019 0.00809281 0.00808019 0.00807447 0.00808225 0.00814436 0.00803144 0.00803418 0.0080292 0.00807766 0.00807431 0.00807509 0.0080933 0.00808318 0.0081449 0.00813093 0.00812336 0.0081578 0.00815395 0.00808525 0.00815902 
0.0175298 0.00907876 0.00934898 0.0102709 0.0123141 0.0234047 0.00884191 0.0101307 0.0104346 0.0155268 0.0190216 0.0160091 0.00425152 0.00470716 0 0.0168334 0.0339739 0.0333195 0.0146633 0.0161774 0.0100952 0.00928401 0.0105886 0.0113296 0.00989616 0.0113293 0.010303 0.00854701 0.00940246 0.00890722 0.0079918 0.00798328 0.00798339 0.00811367 0.00806466 0.00810277 0.00803987 0.00819923 0.00843974 0.00817924 0.00800394 0.00818426 0.00815299 0.00803479 0.00802804 0.00814452 0.00796104 0.00795453 0.00812512 0.00799786 0.00797326 0.00797036 0.00790724 0.00804478 0.00801701 0.00810351 0.00798786 0.00798174 0.00806761 0.008137 0.00804564 0.00803676 0.00831213 0.00820679 0.00812671 0.00813674 0.00820909 0.00818299 0.00811385 0.00822229 0.00817646 0.00824832 0.00816463 0.00812342 0.00822002 0.00822209 0.00822456 0.00823003 0.00824465 0.00826455 0.00819013 0.0082783 0.00825126 
0.0190651 0.184555 0.0174501 0.0173994 0.0182825 0.0165192 0.0425963 0.0182799 0.0190597 0.0138271 0.019756 0.0151866 0.0159638 0.0124539 0.0168334 0 0.00398765 0.00381871 0.00395623 0.724301 0.0234405 0.0263229 0.0204019 0.0528911 0.016797 0.0417167 0.0364242 0.0129738 0.0186957 0.0144707 0.0089243 0.0104835 0.012793 0.0106033 0.0129387 0.0102503 0.0103271 0.0110527 0.0136733 0.00940816 0.00814045 0.00845708 0.00834213 0.00895242 0.00817241 0.00833553 0.00842409 0.00870643 0.00843584 0.00844258 0.00812433 0.00817052 0.00831191 0.00850915 0.00855542 0.00874482 0.00891946 0.00831365 0.00877127 0.00825966 0.00823832 0.00843001 0.00880434 0.00820797 0.00843441 0.00835811 0.00832808 0.00841398 0.00835151 0.00828871 0.00840596 0.00819701 0.00817178 0.0082204 0.00835446 0.00835547 0.00838533 0.00861094 0.00842724 0.00874283 0.00858382 0.00831719 0.00853992 
0.0196989 0.035974 0.276372 0.0324789 0.0148761 0.0165778 0.0212209 0.051887 0.0537263 0.034634 0.0145948 0.0124887 0.0138434 0.0155152 0.0339739 0.00398765 0 0.00402566 0.00378754 0.0869386 0.817184 0.0260853 0.0158109 0.0227844 0.0621815 0.0185655 0.0179302 0.0330918 0.013572 0.00894383 0.0162965 0.0140532 0.0142816 0.0288288 0.0174576 0.0182248 0.0176922 0.0127129 0.010027 0.00824925 0.00801923 0.00794658 0.00799191 0.00833188 0.00832069 0.00832569 0.00882258 0.0084793 0.00810236 0.00822696 0.00847696 0.00853714 0.00846076 0.00861018 0.00872388 0.00881935 0.00863276 0.0085855 0.00822676 0.00827853 0.00853409 0.00833116 0.00839703 0.00850655 0.00863812 0.0085342 0.00870948 0.00867525 0.00850882 0.00844489 0.0082672 0.00824277 0.00831192 0.00835757 0.00846802 0.0085467 0.00866199 0.00871339 0.00884537 0.00886506 0.00866408 0.00871463 0.00853544 
0.0114944 0.0679461 0.0292117 0.303529 0.026873 0.010706 0.0280614 0.0203459 0.0637805 0.0815865 0.0225173 0.0110469 0.0110017 0.0390673 0.0333195 0.00381871 0.00402566 0 0.00395012 0.0483008 0.0512394 0.74628 0.0236518 0.015056 0.0433696 0.0506517 0.0139671 0.0385948 0.0289743 0.0110835 0.0112991 0.0175427 0.0189554 0.0180376 0.0297496 0.0198188 0.017516 0.0208736 0.011775 0.00846955 0.00825291 0.00788124 0.00803817 0.0081837 0.00824853 0.00839112 0.00881437 0.00836017 0.00816327 0.00821054 0.0083338 0.00851415 0.00845971 0.00865075 0.00868361 0.00887167 0.0087344 0.00835162 0.00813734 0.00820847 0.00851755 0.00813244 0.00830927 0.00845451 0.0086061 0.00852134 0.0085162 0.00848612 0.00846027 0.00840343 0.00825619 0.00814214 0.00817666 0.00824868 0.0083892 0.00840775 0.00866506 0.00865724 0.00878186 0.00897061 0.00866056 0.00870886 0.00851102 
0.0234838 0.0102968 0.0157071 0.0157754 0.131211 0.0262658 0.00977017 0.0146459 0.0152833 0.025583 0.0317624 0.0172496 0.029259 0.016823 0.0146633 0.00395623 0.00378754 0.00395012 0 0.0265036 0.0397855 0.0528591 0.620987 0.0184204 0.0162102 0.0616622 0.0239663 0.0116019 0.046888 0.0187592 0.00982771 0.0099526 0.00965526 0.0121154 0.00999821 0.0104794 0.0100653 0.0100635 0.0159535 0.00962042 0.00923573 0.00868711 0.00840554 0.00817919 0.00824669 0.00872079 0.00809614 0.00834569 0.00866802 0.00812998 0.00805654 0.00808834 0.00803229 0.00828728 0.00832059 0.00842318 0.00818449 0.00815916 0.00813868 0.0083332 0.00810238 0.00812695 0.008399 0.00831291 0.00843811 0.0082022 0.00836628 0.00829015 0.00817813 0.008254 0.00818858 0.00826826 0.00817079 0.00817687 0.00826627 0.00821949 0.0083244 0.00831805 0.00840747 0.00843416 0.00823911 0.00831641 0.00839506 
0.0114442 0.0215023 0.0129694 0.0128175 0.0149727 0.0138863 0.0127398 0.0132347 0.0164631 0.0150937 0.0219424 0.014292 0.0168501 0.0145248 0.0161774 0.724301 0.0869386 0.0483008 0.0265036 0 0.00395534 0.00392535 0.0041421 0.0277475 0.0172053 0.107421 0.0465094 0.01754 0.0326343 0.0135463 0.0103072 0.0116394 0.0115695 0.0121298 0.0139266 0.0111844 0.0123208 0.0120694 0.0202245 0.0102088 0.00834123 0.00884623 0.00856632 0.00843428 0.00839554 0.00836821 0.00838916 0.00900415 0.0084967 0.00837336 0.00809013 0.0083341 0.00830607 0.00838115 0.00847168 0.00863689 0.00861799 0.00829121 0.00878466 0.00804673 0.00813171 0.00857177 0.00832176 0.00809069 0.00844789 0.00826235 0.00823497 0.00828187 0.0081804 0.00820756 0.00829089 0.00808355 0.00806641 0.00814935 0.00822645 0.00820191 0.00832921 0.00833128 0.00831641 0.00840184 0.00829758 0.00822947 0.0084069 
0.0120767 0.0179612 0.0464343 0.0217349 0.0110285 0.0105884 0.0176541 0.0325785 0.0577096 0.0232866 0.0114077 0.00932543 0.00987651 0.0107616 0.0100952 0.0234405 0.817184 0.0512394 0.0397855 0.00395534 0 0.00378373 0.00378335 0.0315954 0.168043 0.0269001 0.0563265 0.0739046 0.0145176 0.00990059 0.0206212 0.02566 0.0193573 0.0321275 0.0280531 0.0247051 0.0253856 0.0209926 0.0111792 0.00842693 0.00810429 0.00789094 0.00797204 0.00830522 0.008255 0.00833529 0.00893898 0.00865124 0.00817439 0.00817041 0.00860429 0.00869784 0.00867718 0.00903842 0.00897126 0.0090233 0.00895348 0.0086595 0.00849089 0.00815277 0.00832149 0.00810432 0.00821903 0.00837627 0.00866304 0.00857264 0.00862178 0.00852758 0.00847985 0.00838304 0.00820812 0.00811813 0.00817871 0.00827868 0.00842592 0.00850081 0.00864286 0.00877379 0.00875485 0.00885539 0.00862538 0.0085282 0.0083917 
0.00964252 0.0159845 0.0140757 0.0294944 0.0121978 0.00910336 0.0139734 0.0156997 0.0363302 0.0274786 0.0106956 0.00896412 0.00998124 0.0110803 0.00928401 0.0263229 0.0260853 0.74628 0.0528591 0.00392535 0.00378373 0 0.00382447 0.0514235 0.0866478 0.0401694 0.018378 0.0806617 0.0341335 0.0122077 0.0119533 0.016789 0.0166291 0.0166207 0.0231094 0.0178501 0.0169023 0.0200281 0.01177 0.00849508 0.00818463 0.00788944 0.00798968 0.00822736 0.00808809 0.00833956 0.00859099 0.00815299 0.00813969 0.00820592 0.00832802 0.00836858 0.00834142 0.00850668 0.00864832 0.00855075 0.00894344 0.00818968 0.0079877 0.00813722 0.00829014 0.00803272 0.00814177 0.00826641 0.0084413 0.00833763 0.00827697 0.00843431 0.00820855 0.00820059 0.00805619 0.00805575 0.00806875 0.008078 0.00822884 0.00826132 0.00837416 0.00845886 0.00842885 0.00852589 0.00840487 0.00843505 0.00827825 
0.0107204 0.00937656 0.0104129 0.0113199 0.0173317 0.0106671 0.00913357 0.0111453 0.0116175 0.0127402 0.0135692 0.0100268 0.0120277 0.0103983 0.0105886 0.0204019 0.0158109 0.0236518 0.620987 0.0041421 0.00378335 0.00382447 0 0.0310938 0.0107693 0.0799694 0.0179841 0.0136974 0.0974468 0.0161599 0.00920757 0.0104913 0.0104328 0.0122741 0.0113743 0.0111741 0.0104215 0.0103624 0.0153798 0.00913673 0.00835509 0.00826879 0.00803688 0.00824847 0.0081323 0.00842498 0.00804884 0.00822847 0.00834714 0.00811818 0.0080056 0.00810954 0.00797956 0.00829466 0.00813752 0.00829644 0.00815419 0.00803848 0.00810922 0.00822248 0.00795266 0.00810641 0.00817855 0.0081411 0.00820086 0.00811318 0.00819591 0.00823017 0.00806949 0.00806823 0.00814183 0.00809874 0.00802874 0.00805228 0.00820851 0.00814351 0.00827531 0.00829873 0.0082917 0.00836294 0.00820342 0.00822678 0.00830065 
0.00932253 0.0157564 0.0104755 0.0100354 0.0100156 0.0102206 0.0124051 0.00952409 0.0103586 0.00998435 0.0144721 0.0110624 0.0127469 0.0093534 0.0113296 0.0528911 0.0227844 0.015056 0.0184204 0.0277475 0.0315954 0.0514235 0.0310938 0 0.00472361 0.00413293 0.434354 0.0154874 0.0530309 0.0174885 0.0102865 0.0123669 0.0137515 0.0105041 0.0124414 0.00997386 0.0101274 0.0112196 0.016471 0.0101322 0.00852687 0.00903192 0.00878607 0.00883012 0.00826065 0.00882828 0.00854071 0.00892905 0.00842843 0.00840045 0.00808519 0.00813635 0.00829634 0.00836675 0.00859673 0.00849579 0.00879058 0.00825426 0.00886166 0.00844606 0.0082352 0.00848882 0.00854425 0.00810483 0.00842254 0.00830588 0.00829279 0.00839401 0.00824382 0.00831057 0.00832161 0.00805176 0.00812889 0.00815232 0.00827048 0.00822868 0.00834347 0.00844332 0.00836373 0.00840494 0.00837291 0.00829401 0.00843688 
0.00924604 0.0100936 0.0128047 0.0133025 0.00925239 0.0095732 0.0102309 0.0127386 0.0149265 0.0156786 0.00950945 0.00929676 0.00975131 0.0109045 0.00989616 0.016797 0.0621815 0.0433696 0.0162102 0.0172053 0.168043 0.0866478 0.0107693 0.00472361 0 0.00385901 0.0268911 0.749016 0.021683 0.0101451 0.0195273 0.0109023 0.0111405 0.0200383 0.0139789 0.0143008 0.012245 0.0194204 0.0113531 0.00844047 0.00805005 0.00804081 0.00816275 0.00847211 0.00836465 0.00823334 0.00889266 0.00851525 0.00822811 0.00816521 0.00846131 0.00855044 0.00842985 0.00870248 0.00882378 0.0087583 0.00872659 0.00859383 0.00811722 0.00811717 0.00857612 0.00815625 0.00833418 0.00862156 0.0086968 0.00846909 0.00847812 0.00856987 0.00825701 0.00834601 0.00809696 0.00817558 0.00820882 0.00808753 0.00836643 0.00846711 0.00847312 0.00882725 0.00862994 0.00884098 0.00854616 0.00855878 0.00822518 
0.0103992 0.011719 0.0152385 0.0176638 0.0196379 0.010887 0.0117491 0.0125564 0.018896 0.0189185 0.017567 0.0115222 0.0133819 0.0121032 0.0113293 0.0417167 0.0185655 0.0506517 0.0616622 0.107421 0.0269001 0.0401694 0.0799694 0.00413293 0.00385901 0 0.0426511 0.0297632 0.675182 0.032209 0.0106268 0.0152948 0.0168399 0.0146029 0.0215295 0.0166936 0.015807 0.0184769 0.0323039 0.0112286 0.00952684 0.00883111 0.00868327 0.00936319 0.0085677 0.0107205 0.00872979 0.00867675 0.00951696 0.00906652 0.00823754 0.00837862 0.00830705 0.00889839 0.00881396 0.00911867 0.00894784 0.00821011 0.00857693 0.0083988 0.00822069 0.0082697 0.00845334 0.00837865 0.00878123 0.00838689 0.00827131 0.00844628 0.00829222 0.0081277 0.00813089 0.00812427 0.00802788 0.00812259 0.00831793 0.0083255 0.00854849 0.00849521 0.00859961 0.00907199 0.00863867 0.00847136 0.00851999 
0.00952565 0.010089 0.0100154 0.00932052 0.00943123 0.0103502 0.00927411 0.00937574 0.0096871 0.00955932 0.0122599 0.0115638 0.0118435 0.00888951 0.010303 0.0364242 0.0179302 0.0139671 0.0239663 0.0465094 0.0563265 0.018378 0.0179841 0.434354 0.0268911 0.0426511 0 0.00405279 0.00402596 0.139508 0.0213233 0.0199689 0.0173393 0.0160561 0.0145519 0.015244 0.0145647 0.0133176 0.0351943 0.011482 0.0092635 0.00990957 0.00926892 0.00926068 0.00881954 0.00898811 0.00883549 0.00977864 0.00879248 0.00861871 0.00817129 0.00834632 0.00831719 0.00842709 0.00860896 0.0085142 0.00883337 0.00843629 0.00876444 0.00841592 0.00810959 0.00873319 0.00858318 0.00811861 0.00837935 0.00829811 0.00830161 0.00833885 0.00820614 0.00817285 0.00826833 0.00802582 0.00802118 0.00809457 0.00824912 0.00819079 0.0083038 0.00882322 0.00834026 0.008328 0.00824512 0.00824074 0.00830546 
0.00852649 0.00922513 0.00971227 0.0100978 0.00862261 0.0084639 0.00919108 0.00941931 0.0117294 0.0109548 0.00896758 0.00830198 0.00857554 0.00858329 0.00854701 0.0129738 0.0330918 0.0385948 0.0116019 0.01754 0.0739046 0.0806617 0.0136974 0.0154874 0.749016 0.0297632 0.00405279 0 0.00403136 0.0163282 0.0901153 0.0272676 0.0228292 0.0264682 0.0202938 0.0161547 0.0183444 0.0501306 0.0129907 0.00946954 0.00844276 0.00820758 0.00827746 0.00853871 0.00832621 0.00827574 0.0092599 0.0084058 0.00860324 0.00798071 0.00837216 0.00830107 0.00832365 0.00871365 0.00858773 0.00885771 0.00873276 0.00866824 0.00813458 0.00799029 0.00837106 0.00811623 0.00808342 0.0083562 0.00842904 0.00833464 0.00838229 0.00848972 0.00824907 0.00839319 0.00800576 0.00798045 0.00809187 0.00797442 0.00822072 0.00827145 0.00851155 0.00853079 0.00839211 0.00853032 0.00830164 0.00842909 0.00814604 
0.00990223 0.00871276 0.00968552 0.0101613 0.0116953 0.0101982 0.0088552 0.0095476 0.0114443 0.0110814 0.0136696 0.00970102 0.0106834 0.00946749 0.00940246 0.0186957 0.013572 0.0289743 0.046888 0.0326343 0.0145176 0.0341335 0.0974468 0.0530309 0.021683 0.675182 0.00402596 0.00403136 0 0.050065 0.011455 0.042094 0.0260733 0.0235313 0.0328002 0.0250599 0.0275792 0.0334137 0.0839283 0.0119236 0.0103968 0.00891359 0.0089537 0.00905678 0.00889118 0.0109592 0.00893667 0.00931833 0.00988615 0.00880085 0.00829628 0.00834936 0.00840305 0.00903608 0.00892676 0.00896612 0.008767 0.00848412 0.00858129 0.00873395 0.00810841 0.00834483 0.00840704 0.00820474 0.00841943 0.00826557 0.00812757 0.00839723 0.00813008 0.00801687 0.0081417 0.00805001 0.00795464 0.00799735 0.00825888 0.00816556 0.0083312 0.00837884 0.00835807 0.00847988 0.00837707 0.00832759 0.00843058 
0.00805525 0.00846598 0.00827907 0.0085385 0.00898616 0.00793601 0.00829314 0.00821751 0.00847065 0.00900321 0.0116032 0.00941309 0.00838999 0.00811803 0.00890722 0.0144707 0.00894383 0.0110835 0.0187592 0.0135463 0.00990059 0.0122077 0.0161599 0.0174885 0.0101451 0.032209 0.139508 0.0163282 0.050065 0 0.00406303 0.00382938 0.00387291 0.00380102 0.00386384 0.00392301 0.00423793 0.00579143 0.0191329 0.0168557 0.00928495 0.0106706 0.00976394 0.00928602 0.00838987 0.00846039 0.00874257 0.0103987 0.0093516 0.00820279 0.00807346 0.00822105 0.0080891 0.00860296 0.00853575 0.00837322 0.00905027 0.00824738 0.0122734 0.00816231 0.00795763 0.00916546 0.00849508 0.00793933 0.00822854 0.00826689 0.00807541 0.00825178 0.00811399 0.00806279 0.0083214 0.00793274 0.00789137 0.00797201 0.00816195 0.00816055 0.00823719 0.00827223 0.00823328 0.0082194 0.00819919 0.00808473 0.00817304 
0.00819396 0.00836997 0.00985434 0.00866761 0.0080806 0.00826679 0.00832801 0.0091984 0.00944773 0.009009 0.00828473 0.00800998 0.00789708 0.00803886 0.0079918 0.0089243 0.0162965 0.0112991 0.00982771 0.0103072 0.0206212 0.0119533 0.00920757 0.0102865 0.0195273 0.0106268 0.0213233 0.0901153 0.011455 0.00406303 0 0.00375712 0.00370001 0.00375655 0.00374477 0.00392936 0.00394183 0.00512822 0.00415903 0.0095541 0.00823691 0.00808028 0.00800425 0.00823966 0.0081577 0.00829627 0.00896225 0.00868591 0.00799227 0.0081214 0.00857351 0.00855266 0.00851546 0.010047 0.00871978 0.0110294 0.00863027 0.00923495 0.00818018 0.00798367 0.00821849 0.00809925 0.00798493 0.00832392 0.00861702 0.00871735 0.00861928 0.00834458 0.00841048 0.00834399 0.00789988 0.00791699 0.00805503 0.00812925 0.00828431 0.00835896 0.00839862 0.00844453 0.00854762 0.00847426 0.00848073 0.00826488 0.00795664 
0.00813381 0.00884663 0.00939482 0.0103056 0.00841899 0.00805518 0.0088725 0.00967382 0.0123715 0.00941421 0.00833442 0.00787834 0.00794092 0.00806137 0.00798328 0.0104835 0.0140532 0.0175427 0.0099526 0.0116394 0.02566 0.016789 0.0104913 0.0123669 0.0109023 0.0152948 0.0199689 0.0272676 0.042094 0.00382938 0.00375712 0 0.00375011 0.00378085 0.00372929 0.00385882 0.00682845 0.00388894 0.00412403 0.0120318 0.00829468 0.00801162 0.00797245 0.0084818 0.008059 0.00859877 0.00925946 0.00866428 0.00816204 0.00824102 0.00876156 0.00956883 0.0104333 0.010829 0.0133256 0.0111212 0.0141584 0.00878595 0.00862487 0.00807023 0.00826305 0.00815885 0.00813362 0.00837484 0.00892979 0.00953365 0.00855757 0.0089272 0.00854981 0.008591 0.00807256 0.00795552 0.00809346 0.00803949 0.00842053 0.00862396 0.00868964 0.00899061 0.00869443 0.00897 0.00883303 0.00848078 0.00827482 
0.00816323 0.00897412 0.00961214 0.00923253 0.00836882 0.0080256 0.00878482 0.0110044 0.0117686 0.00933803 0.00849067 0.0078966 0.00794327 0.0080604 0.00798339 0.012793 0.0142816 0.0189554 0.00965526 0.0115695 0.0193573 0.0166291 0.0104328 0.0137515 0.0111405 0.0168399 0.0173393 0.0228292 0.0260733 0.00387291 0.00370001 0.00375011 0 0.00376597 0.00377821 0.00431968 0.00414926 0.003894 0.00385781 0.0105248 0.00839154 0.00804186 0.00804682 0.00855064 0.0083815 0.00847651 0.00995371 0.00908181 0.00811266 0.00846785 0.0088317 0.0119352 0.0103348 0.012157 0.0141124 0.0140186 0.0138225 0.00869753 0.00845777 0.00803531 0.00823306 0.0081953 0.00812972 0.0083653 0.00879155 0.00899382 0.00872647 0.00909893 0.00859437 0.00842881 0.00805197 0.00796035 0.00806892 0.00808964 0.00847362 0.00856836 0.0086326 0.00877387 0.00876077 0.00878914 0.00861706 0.00853114 0.00811863 
0.0087794 0.00881693 0.0105715 0.00962791 0.00844571 0.0085125 0.00903951 0.0124457 0.0155615 0.00991678 0.0086693 0.00790709 0.00800458 0.00813922 0.00811367 0.0106033 0.0288288 0.0180376 0.0121154 0.0121298 0.0321275 0.0166207 0.0122741 0.0105041 0.0200383 0.0146029 0.0160561 0.0264682 0.0235313 0.00380102 0.00375655 0.00378085 0.00376597 0 0.00376614 0.00379527 0.00390687 0.00385118 0.00393628 0.0153071 0.00870588 0.00814405 0.00831849 0.00862659 0.00857485 0.00899198 0.0101087 0.00959426 0.00844249 0.00842485 0.0101065 0.010938 0.0120217 0.0144977 0.0142982 0.0232658 0.0116117 0.0107079 0.00859027 0.00815965 0.008424 0.00818343 0.00816511 0.00844102 0.00895051 0.00977562 0.00906054 0.00881777 0.00871142 0.00839561 0.00805704 0.00795065 0.00807508 0.00809042 0.00871775 0.00851836 0.00870022 0.00891014 0.00892267 0.00886479 0.00862086 0.00863721 0.00824912 
0.00827777 0.00945355 0.0105271 0.0100711 0.00876662 0.00817628 0.00954859 0.0126703 0.014954 0.00989319 0.00877734 0.00784314 0.00801427 0.00829376 0.00806466 0.0129387 0.0174576 0.0297496 0.00999821 0.0139266 0.0280531 0.0231094 0.0113743 0.0124414 0.0139789 0.0215295 0.0145519 0.0202938 0.0328002 0.00386384 0.00374477 0.00372929 0.00377821 0.00376614 0 0.00378566 0.0038213 0.00380346 0.00379583 0.0193478 0.00857123 0.0080626 0.00833925 0.00888406 0.00843839 0.00926105 0.0111953 0.0102712 0.00826618 0.00919001 0.00939678 0.0141884 0.0122721 0.0159804 0.0214514 0.0150559 0.017036 0.0093685 0.00872756 0.00812376 0.00852448 0.00823027 0.00830608 0.0085258 0.00942901 0.0105971 0.00885852 0.00952184 0.00865147 0.00846654 0.0082205 0.00796892 0.00822935 0.00820555 0.00872823 0.00882805 0.0088045 0.00929407 0.00909534 0.00906092 0.0088414 0.0088318 0.00829744 
0.00831168 0.00881909 0.0102369 0.0092905 0.00839504 0.00815774 0.00876243 0.011049 0.0129591 0.00955078 0.00855456 0.00789597 0.0079662 0.00811774 0.00810277 0.0102503 0.0182248 0.0198188 0.0104794 0.0111844 0.0247051 0.0178501 0.0111741 0.00997386 0.0143008 0.0166936 0.015244 0.0161547 0.0250599 0.00392301 0.00392936 0.00385882 0.00431968 0.00379527 0.00378566 0 0.00378138 0.00380326 0.00391624 0.0139946 0.00842138 0.00816032 0.00829093 0.00844991 0.00833738 0.00898907 0.0102795 0.00924991 0.00828713 0.00837562 0.00957265 0.0111643 0.0116336 0.0131678 0.0145947 0.0148073 0.0132447 0.00901578 0.00855425 0.00811717 0.00837977 0.00825327 0.00821321 0.00838298 0.00901055 0.00938086 0.00863865 0.00876188 0.00853382 0.00840468 0.00801851 0.00796408 0.00816175 0.00818386 0.00868522 0.0085735 0.00874918 0.00870188 0.00870575 0.00886704 0.00861277 0.00855538 0.0082323 
0.00841695 0.00851913 0.0099724 0.00900291 0.00833865 0.00822389 0.00847698 0.0105169 0.0114782 0.0090549 0.00838913 0.00790287 0.00796825 0.00804677 0.00803987 0.0103271 0.0176922 0.017516 0.0100653 0.0123208 0.0253856 0.0169023 0.0104215 0.0101274 0.012245 0.015807 0.0145647 0.0183444 0.0275792 0.00423793 0.00394183 0.00682845 0.00414926 0.00390687 0.0038213 0.00378138 0 0.00382116 0.0037741 0.0119393 0.00842224 0.00813697 0.00837523 0.00844796 0.00846807 0.00863253 0.00951464 0.0101533 0.00823869 0.0084363 0.0097046 0.0113614 0.0116813 0.0128799 0.0111126 0.0152537 0.0107717 0.00939019 0.00822984 0.00803557 0.00824513 0.00818013 0.00807594 0.00841398 0.00901399 0.00899333 0.00877792 0.00856607 0.00857868 0.00831104 0.00795295 0.00791131 0.00806363 0.00817568 0.00826956 0.00839911 0.00855866 0.00877228 0.00883924 0.00895797 0.00860264 0.0086903 0.00822773 
0.00811518 0.0089892 0.00884329 0.00925666 0.00836494 0.00810015 0.00914493 0.00884534 0.00971441 0.00914601 0.00866653 0.00799588 0.00800006 0.00821223 0.00819923 0.0110527 0.0127129 0.0208736 0.0100635 0.0120694 0.0209926 0.0200281 0.0103624 0.0112196 0.0194204 0.0184769 0.0133176 0.0501306 0.0334137 0.00579143 0.00512822 0.00388894 0.003894 0.00385118 0.00380346 0.00380326 0.00382116 0 0.00384985 0.0129081 0.00963496 0.00837013 0.00875002 0.00952294 0.00862999 0.0101616 0.0130248 0.00931773 0.00878925 0.00941223 0.00974887 0.00988987 0.00930647 0.00991239 0.0109196 0.00983627 0.0116801 0.00935368 0.00886022 0.00860621 0.00837855 0.00829105 0.00818973 0.00830709 0.0086511 0.00868127 0.00842576 0.00877247 0.00840394 0.00854133 0.0080226 0.00795011 0.00814241 0.00802818 0.00848823 0.00829553 0.00850392 0.0086456 0.00850368 0.00856891 0.00853633 0.00832999 0.00809008 
0.0090121 0.00832352 0.00860381 0.00852451 0.00866126 0.00924643 0.00834245 0.00883258 0.00878401 0.00889959 0.00920555 0.00907213 0.0100321 0.0091676 0.00843974 0.0136733 0.010027 0.011775 0.0159535 0.0202245 0.0111792 0.01177 0.0153798 0.016471 0.0113531 0.0323039 0.0351943 0.0129907 0.0839283 0.0191329 0.00415903 0.00412403 0.00385781 0.00393628 0.00379583 0.00391624 0.0037741 0.00384985 0 0.0294326 0.0129891 0.0123257 0.011913 0.0105141 0.0103852 0.014275 0.00934327 0.0108777 0.0123685 0.0119444 0.00930679 0.00864665 0.00874131 0.00902661 0.0088569 0.00975342 0.00872852 0.00936696 0.00910592 0.0108631 0.00834545 0.0085634 0.00859914 0.00823199 0.00838138 0.00830516 0.00839761 0.00820195 0.00813579 0.00803388 0.00823339 0.00839499 0.00789637 0.00798141 0.0080447 0.00805554 0.00813341 0.00820817 0.00826599 0.00830876 0.00816514 0.00804191 0.0082064 
0.00833128 0.00823737 0.00808228 0.00814144 0.00863115 0.00813224 0.00803385 0.00805476 0.00802871 0.00819529 0.00850407 0.00919604 0.00912289 0.00796566 0.00817924 0.00940816 0.00824925 0.00846955 0.00962042 0.0102088 0.00842693 0.00849508 0.00913673 0.0101322 0.00844047 0.0112286 0.011482 0.00946954 0.0119236 0.0168557 0.0095541 0.0120318 0.0105248 0.0153071 0.0193478 0.0139946 0.0119393 0.0129081 0.0294326 0 0.107018 0.0594772 0.0719194 0.0274162 0.0192861 0.0191242 0.0149118 0.0170943 0.0695685 0.0156709 0.0101257 0.00944172 0.00963922 0.00955851 0.010231 0.00949103 0.0107258 0.00989211 0.015947 0.0115594 0.00847464 0.0112111 0.010664 0.00882766 0.00881473 0.00867407 0.00826347 0.00841856 0.0082239 0.00830369 0.00869443 0.00838033 0.00795165 0.00804169 0.00813306 0.00854382 0.00856981 0.00832943 0.00832438 0.00843149 0.00832536 0.00846448 0.0093057 
0.00814381 0.00808054 0.00806136 0.00812774 0.00828313 0.00790682 0.00800399 0.00798105 0.00801972 0.00828073 0.00815331 0.00848462 0.00815629 0.00781608 0.00800394 0.00814045 0.00801923 0.00825291 0.00923573 0.00834123 0.00810429 0.00818463 0.00835509 0.00852687 0.00805005 0.00952684 0.0092635 0.00844276 0.0103968 0.00928495 0.00823691 0.00829468 0.00839154 0.00870588 0.00857123 0.00842138 0.00842224 0.00963496 0.0129891 0.107018 0 0.083334 0.0283573 0.021805 0.0144673 0.0129304 0.0117163 0.0140984 0.0271678 0.0111254 0.00887708 0.00866644 0.00874732 0.00898847 0.00874126 0.0090807 0.00938604 0.00970156 0.011206 0.00913783 0.00832211 0.00994212 0.00846882 0.00801216 0.00829232 0.00815237 0.00808877 0.00813002 0.00803856 0.00803377 0.00817785 0.0079782 0.0079099 0.00792726 0.00791556 0.00804406 0.0081208 0.00810217 0.00808187 0.00817223 0.00809821 0.00816249 0.00832058 
0.00834756 0.00810079 0.00796301 0.00797848 0.00810877 0.0083417 0.00791706 0.00792279 0.00788781 0.00798781 0.00831222 0.00965064 0.00908248 0.00810638 0.00818426 0.00845708 0.00794658 0.00788124 0.00868711 0.00884623 0.00789094 0.00788944 0.00826879 0.00903192 0.00804081 0.00883111 0.00990957 0.00820758 0.00891359 0.0106706 0.00808028 0.00801162 0.00804186 0.00814405 0.0080626 0.00816032 0.00813697 0.00837013 0.0123257 0.0594772 0.083334 0 0.801311 0.0169769 0.0191696 0.0148284 0.0128872 0.0135093 0.0349375 0.0112353 0.00867118 0.00840407 0.00840398 0.00863094 0.00841736 0.00885017 0.00916937 0.00974326 0.0134395 0.0114387 0.0083862 0.0111311 0.00932105 0.0081791 0.00798573 0.00801979 0.00797742 0.00800419 0.00792989 0.00798821 0.0082641 0.00894525 0.00784405 0.00792634 0.00788342 0.00787541 0.00790408 0.00787014 0.00788848 0.00794372 0.00784526 0.00799113 0.00828826 
0.0082688 0.00805027 0.00796751 0.00803299 0.00812124 0.00816121 0.00796217 0.00792013 0.00796396 0.00800359 0.00826356 0.00941121 0.00861739 0.00789428 0.00815299 0.00834213 0.00799191 0.00803817 0.00840554 0.00856632 0.00797204 0.00798968 0.00803688 0.00878607 0.00816275 0.00868327 0.00926892 0.00827746 0.0089537 0.00976394 0.00800425 0.00797245 0.00804682 0.00831849 0.00833925 0.00829093 0.00837523 0.00875002 0.011913 0.0719194 0.0283573 0.801311 0 0.0385181 0.0173157 0.022482 0.0118773 0.0182569 0.0671378 0.0135139 0.0094754 0.00849497 0.00839866 0.00930964 0.00892945 0.0096185 0.00906702 0.0102448 0.0134992 0.0116331 0.00874477 0.0112311 0.00948226 0.0081115 0.00821224 0.00813301 0.00815198 0.00814878 0.008072 0.00809549 0.0083796 0.00860085 0.00790624 0.00787543 0.00790048 0.00791348 0.00802847 0.00808722 0.00814971 0.00806052 0.00799202 0.00829454 0.00833493 
