1MFWA
TLSSEKKAKKVRFYRNGDRYFKGIVYAISPDRFRSFEALLADLTRTLSDNVNLPQGVRTIYTIDGLKKISSXDQLVEGESYVCGSIEPFKKLEYTKNVNPNWSVNV
CCCCHHHCEEEEEEECCCCCCCCEEEEECCCCCCCHHHHHHHHHHHHCCCCCCCCCCCEEEECCCCCECCCHHHCCCCCEEEEECCCCCCCCCCCCCCCHHHHCCC
0 0 0 0 0 0 0 0 0 0 0 0 0 0 0 0 0 0 0 0 0 0 0 0 0 0 0 0 0 0 0 0 0 0 0 0 0 0 0 0 0 0 0 0 0 0 0 0 0 0 0 0 0 0 0 0 0 0 0 0 0 0 0 0 0 0 0 0 0 0 0 0 0 0 0 0 0 0 0 0 0 0 0 0 0 0 0 0 0 0 0 0 0 0 0 0 0 0 0 0 0 0 0 0 0 0 
0 0 0 0 0 0 0 0 0 0 0 0 0 0 0 0 0 0 0 0 0 0 0 0 0 0 0 0 0 0 0 0 0 0 0 0 0 0 0 0 0 0 0 0 0 0 0 0 0 0 0 0 0 0 0 0 0 0 0 0 0 0 0 0 0 0 0 0 0 0 0 0 0 0 0 0 0 0 0 0 0 0 0 0 0 0 0 0 0 0 0 0 0 0 0 0 0 0 0 0 0 0 0 0 0 0 
0 0.00384368 0.00378511 0.0038084 0.00383886 0.00394648 0.00566105 0.0187855 0.00889821 0.0124157 0.0127221 0.446999 0.0252357 0.0112663 0.0123406 0.0209095 0.0188677 0.0098091 0.0102304 0.0106687 0.0105319 0.0144566 
0.00384368 0 0.00376395 0.00378736 0.00378104 0.00408051 0.00419538 0.00981842 0.0374609 0.0110147 0.445654 0.0211701 0.0260879 0.0340072 0.0370978 0.0109308 0.0110473 0.00909344 0.0196386 0.0178924 0.0276871 0.00983057 
0.00378511 0.00376395 0 0.003764 0.00375925 0.00377507 0.00384827 0.0119637 0.00938029 0.438484 0.0152851 0.0518635 0.0150492 0.0793597 0.0155633 0.0121235 0.0088211 0.0103528 0.0185371 0.0638433 0.0175346 0.0103184 
0.0038084 0.00378736 0.003764 0 0.00375694 0.0038003 0.00380089 0.00879045 0.422806 0.0186153 0.0705849 0.0261719 0.0194812 0.0175518 0.0348987 0.0101087 0.00973225 0.00876323 0.0245582 0.0368282 0.0361287 0.00985039 
0.00383886 0.00378104 0.00375925 0.00375694 0 0.00388802 0.00377928 0.300063 0.0142808 0.125389 0.0555833 0.0437716 0.0129167 0.0283954 0.0226655 0.0127797 0.00870489 0.0103848 0.0158178 0.0485773 0.0218917 0.0111047 
0.00394648 0.00408051 0.00377507 0.0038003 0.00388802 0 0.00488511 0.0415181 0.0896249 0.0311884 0.0488141 0.012771 0.0132279 0.0186438 0.0258181 0.0108057 0.00971546 0.0102635 0.01629 0.0157643 0.0250445 0.0103507 
0.00566105 0.00419538 0.00384827 0.00380089 0.00377928 0.00488511 0 0.158934 0.0269981 0.00984194 0.0119444 0.0248837 0.0165184 0.0120814 0.010618 0.0125584 0.0124591 0.0151802 0.00967785 0.0102705 0.0107287 0.0120928 
0.0187855 0.00981842 0.0119637 0.00879045 0.300063 0.0415181 0.158934 0 0.0039039 0.00388423 0.00420481 0.00450811 0.0568269 0.0114941 0.0118024 0.0199453 0.0157271 0.00967532 0.00945583 0.00931401 0.010307 0.0154868 
0.00889821 0.0374609 0.00938029 0.422806 0.0142808 0.0896249 0.0269981 0.0039039 0 0.00385516 0.00381448 0.00382818 0.0583854 0.0264365 0.0197067 0.0102632 0.0116441 0.00907248 0.012951 0.012551 0.0160164 0.00927295 
0.0124157 0.0110147 0.438484 0.0186153 0.125389 0.0311884 0.00984194 0.00388423 0.00385516 0 0.00388085 0.00382458 0.0558826 0.105066 0.0248707 0.0122801 0.00988608 0.0103879 0.0152668 0.03981 0.0158312 0.0101701 
0.0127221 0.445654 0.0152851 0.0705849 0.0555833 0.0488141 0.0119444 0.00420481 0.00381448 0.00388085 0 0.00394647 0.0312511 0.0742679 0.195857 0.0200735 0.0122575 0.0109223 0.0312248 0.0274577 0.0525445 0.0124499 
0.446999 0.0211701 0.0518635 0.0261719 0.0437716 0.012771 0.0248837 0.00450811 0.00382818 0.00382458 0.00394647 0 0.0215308 0.026527 0.094922 0.152239 0.0160938 0.0258107 0.0121681 0.012766 0.017647 0.0215066 
0.0252357 0.0260879 0.0150492 0.0194812 0.0129167 0.0132279 0.0165184 0.0568269 0.0583854 0.0558826 0.0312511 0.0215308 0 0.00392365 0.00385625 0.00456179 0.0183974 0.0609874 0.0162683 0.0157339 0.0149775 0.135317 
0.0112663 0.0340072 0.0793597 0.0175518 0.0283954 0.0186438 0.0120814 0.0114941 0.0264365 0.105066 0.0742679 0.026527 0.00392365 0 0.0090803 0.00386194 0.00821702 0.0173554 0.0885504 0.0217083 0.223683 0.0128529 
0.0123406 0.0370978 0.0155633 0.0348987 0.0226655 0.0258181 0.010618 0.0118024 0.0197067 0.0248707 0.195857 0.094922 0.00385625 0.0090803 0 0.00391346 0.209877 0.0167467 0.0297527 0.301123 0.0424229 0.022731 
0.0209095 0.0109308 0.0121235 0.0101087 0.0127797 0.0108057 0.0125584 0.0199453 0.0102632 0.0122801 0.0200735 0.152239 0.00456179 0.00386194 0.00391346 0 0.0284678 0.0256766 0.112242 0.0133629 0.0622489 0.0372663 
0.0188677 0.0110473 0.0088211 0.00973225 0.00870489 0.00971546 0.0124591 0.0157271 0.0116441 0.00988608 0.0122575 0.0160938 0.0183974 0.00821702 0.209877 0.0284678 0 0.102737 0.011695 0.00888749 0.00899794 0.0203901 
0.0098091 0.00909344 0.0103528 0.00876323 0.0103848 0.0102635 0.0151802 0.00967532 0.00907248 0.0103879 0.0109223 0.0258107 0.0609874 0.0173554 0.0167467 0.0256766 0.102737 0 0.00385574 0.00380097 0.00393101 0.00511492 
0.0102304 0.0196386 0.0185371 0.0245582 0.0158178 0.01629 0.00967785 0.00945583 0.012951 0.0152668 0.0312248 0.0121681 0.0162683 0.0885504 0.0297527 0.112242 0.011695 0.00385574 0 0.00377567 0.00380741 0.0043616 
0.0106687 0.0178924 0.0638433 0.0368282 0.0485773 0.0157643 0.0102705 0.00931401 0.012551 0.03981 0.0274577 0.012766 0.0157339 0.0217083 0.301123 0.0133629 0.00888749 0.00380097 0.00377567 0 0.00376721 0.0037882 
0.0105319 0.0276871 0.0175346 0.0361287 0.0218917 0.0250445 0.0107287 0.010307 0.0160164 0.0158312 0.0525445 0.017647 0.0149775 0.223683 0.0424229 0.0622489 0.00899794 0.00393101 0.00380741 0.00376721 0 0.00378391 
0.0144566 0.00983057 0.0103184 0.00985039 0.0111047 0.0103507 0.0120928 0.0154868 0.00927295 0.0101701 0.0124499 0.0215066 0.135317 0.0128529 0.022731 0.0372663 0.0203901 0.00511492 0.0043616 0.0037882 0.00378391 0 
