1MKPA
ASFPVEILPFLYLGCAKDSTNLDVLEEFGIKYILNVTPNLPNLFENAGEFKYKQIPISDHWSQNLSQFFPEAISFIDEARGKNCGVLVHSLAGISRSVTVTVAYLMQKLNLSMNDAYDIVKMKKSNISPNFNFMGQLLDFERTL
CCCCEEEECCEEEECCCCCCCHHHHHHCCEEEEEECCCCCCCEEEEECCEEEEECCCCCCCCCCCHHHHHHHHHHHHHHHHCCCEEEEECCCCCHHHHHHHHHHHHHHHCCCHHHHHHHHHHHCCCCCCCCCCHHHHHHHHHCC
0 0 0 0 0 0 0 0 0 0 0 0 0 0 0 0 0 0 0 0 0 0 0 0 0 0 0 0 0 0 0 0 0 0 0 0 0 0 0 0 0 0 0 0 0 0 0 0 0 0 0 0 0 0 0 0 0 0 0 0 0 0 0 0 0 0 0 0 0 0 0 0 0 0 0 0 0 0 0 0 0 0 0 0 0 0 0 0 0 0 0 0 0 0 0 0 0 0 0 0 0 0 0 0 0 0 0 0 0 0 0 0 0 0 0 0 0 0 0 0 0 0 0 0 0 0 0 0 0 0 0 0 0 0 0 0 0 0 0 0 0 0 0 0 
0 0 0 0 0 0 0 0 0 0 0 0 0 0 0 0 0 0 0 0 0 0 0 0 0 0 0 0 0 0 0 0 0 0 0 0 0 0 0 0 0 0 0 0 0 0 0 0 0 0 0 0 0 0 0 0 0 0 0 0 0 0 0 0 0 0 0 0 0 0 0 0 0 0 0 0 0 0 0 0 0 0 0 0 0 0 0 0 0 0 0 0 0 0 0 0 0 0 0 0 0 0 0 0 0 0 0 0 0 0 0 0 0 0 0 0 0 0 0 0 0 0 0 0 0 0 0 0 0 0 0 0 0 0 0 0 0 0 0 0 0 0 0 0 
0 0.00381089 0.00384476 0.00681041 0.00502564 0.00586703 0.460062 0.113352 0.0333294 0.0104611 0.0173753 0.0130985 0.0146329 0.0245297 0.0143209 0.00941844 0.00915571 0.0098824 0.0141351 0.0199551 0.00867376 0.010816 0.0102571 0.0219516 0.00999895 0.0105559 0.00913344 0.0114023 0.0125664 
0.00381089 0 0.00386914 0.00380847 0.00472713 0.521341 0.0470883 0.0064669 0.0108903 0.0835088 0.0202494 0.0501331 0.0219629 0.0136112 0.00975166 0.0394756 0.0102729 0.00978697 0.00864169 0.00902062 0.0428947 0.0104221 0.0206618 0.00990847 0.00941086 0.013653 0.0245095 0.0130546 0.00933866 
0.00384476 0.00386914 0 0.0037931 0.0112067 0.0636127 0.00579757 0.00486432 0.0220874 0.0121055 0.0363213 0.0190785 0.0405519 0.0145061 0.00998539 0.0110126 0.00957454 0.00926128 0.00861534 0.0160095 0.00915702 0.0221452 0.0129603 0.0103718 0.00940034 0.0129359 0.0140089 0.0293678 0.00910889 
0.00681041 0.00380847 0.0037931 0 0.880717 0.00439087 0.00394938 0.00606094 0.0126539 0.0118139 0.0103871 0.0118034 0.0114536 0.0207123 0.0129017 0.00889058 0.00847727 0.00849729 0.00875607 0.0164916 0.0101174 0.00932442 0.00935989 0.0108006 0.011013 0.00936189 0.00926855 0.00940413 0.00974219 
0.00502564 0.00472713 0.0112067 0.880717 0 0.00380997 0.00391051 0.00429671 0.0457655 0.0243274 0.0272041 0.0145503 0.0173583 0.0265109 0.0119908 0.00938664 0.00863185 0.00945853 0.0134467 0.0170071 0.0098476 0.0110922 0.0111532 0.0228775 0.0108175 0.0125472 0.00954523 0.0109903 0.0133702 
0.00586703 0.521341 0.0636127 0.00439087 0.00380997 0 0.00378857 0.00378798 0.0187148 0.0893361 0.0413426 0.0639697 0.0267713 0.0181004 0.00947859 0.00899347 0.00984584 0.0097974 0.00870527 0.00898641 0.0161334 0.0122485 0.0189139 0.0129303 0.00895964 0.0137031 0.0286648 0.0182752 0.0108364 
0.460062 0.0470883 0.00579757 0.00394938 0.00391051 0.00378857 0 0.00386965 0.0413132 0.024867 0.0384174 0.0484072 0.108753 0.0266501 0.00938296 0.0101426 0.00908779 0.0102023 0.00850151 0.0116453 0.0105768 0.014527 0.0217365 0.0111689 0.00958399 0.0133717 0.0158468 0.0794696 0.0103836 
0.113352 0.0064669 0.00486432 0.00606094 0.00429671 0.00378798 0.00386965 0 0.0374592 0.0198455 0.0245922 0.0129368 0.0231867 0.0631744 0.0134933 0.00915289 0.00846743 0.00834845 0.00970968 0.0181459 0.00920863 0.00963427 0.0102223 0.0141052 0.0117999 0.0101274 0.0101318 0.0112742 0.0162028 
0.0333294 0.0108903 0.0220874 0.0126539 0.0457655 0.0187148 0.0413132 0.0374592 0 0.00392834 0.00382428 0.00383692 0.00392898 0.00464939 0.00820073 0.00734792 0.0075089 0.00875194 0.0555382 0.0196718 0.00851741 0.0110353 0.0107656 0.0283402 0.0145311 0.0122441 0.00982736 0.0124253 0.0158444 
0.0104611 0.0835088 0.0121055 0.0118139 0.0243274 0.0893361 0.024867 0.0198455 0.00392834 0 0.00383227 0.00378857 0.00380712 0.00392884 0.00702637 0.00709375 0.00789098 0.0264264 0.0126038 0.008636 0.0142377 0.0094398 0.0159378 0.0201361 0.0126686 0.0167222 0.0241029 0.0183716 0.0147661 
0.0173753 0.0202494 0.0363213 0.0103871 0.0272041 0.0413426 0.0384174 0.0245922 0.00382428 0.00383227 0 0.00376899 0.00376412 0.00380818 0.0084821 0.00887998 0.0181751 0.0200527 0.0147007 0.0125645 0.0103514 0.0212097 0.0322076 0.0126942 0.012224 0.0708205 0.076259 0.0539829 0.0125266 
0.0130985 0.0501331 0.0190785 0.0118034 0.0145503 0.0639697 0.0484072 0.0129368 0.00383692 0.00378857 0.00376899 0 0.00374812 0.00377695 0.00873621 0.0163295 0.0237867 0.0147451 0.00854367 0.00881677 0.0133123 0.0485906 0.0129923 0.0113677 0.0114352 0.030469 0.262326 0.0478268 0.0134189 
0.0146329 0.0219629 0.0405519 0.0114536 0.0173583 0.0267713 0.108753 0.0231867 0.00392898 0.00380712 0.00376412 0.00374812 0 0.00392421 0.033215 0.0206819 0.00986932 0.00881415 0.00723609 0.0181925 0.0140864 0.0114009 0.0387872 0.0159723 0.0123632 0.0495427 0.0313478 0.245829 0.0154933 
0.0245297 0.0136112 0.0145061 0.0207123 0.0265109 0.0181004 0.0266501 0.0631744 0.00464939 0.00392884 0.00380818 0.00377695 0.00392421 0 0.0267617 0.00747662 0.00711172 0.0063858 0.0123264 0.0127471 0.00957463 0.00930179 0.0145883 0.0887118 0.0275008 0.0116948 0.022869 0.0235674 0.0817297 
0.0143209 0.00975166 0.00998539 0.0129017 0.0119908 0.00947859 0.00938296 0.0134933 0.00820073 0.00702637 0.0084821 0.00873621 0.033215 0.0267617 0 0.00402912 0.00385218 0.00410829 0.00508324 0.00489524 0.00489293 0.00684495 0.0233841 0.90918 0.0126486 0.00978951 0.00914308 0.00921236 0.0140985 
0.00941844 0.0394756 0.0110126 0.00889058 0.00938664 0.00899347 0.0101426 0.00915289 0.00734792 0.00709375 0.00887998 0.0163295 0.0206819 0.00747662 0.00402912 0 0.00384444 0.0045456 0.00386613 0.00435718 0.00464298 0.0162592 0.920057 0.00726761 0.0089708 0.0116382 0.0105611 0.0118995 0.00904063 
0.00915571 0.0102729 0.00957454 0.00847727 0.00863185 0.00984584 0.00908779 0.00846743 0.0075089 0.00789098 0.0181751 0.0237867 0.00986932 0.00711172 0.00385218 0.00384444 0 0.00382491 0.00376502 0.00445945 0.00690192 0.945181 0.00579809 0.00507029 0.00882933 0.00917093 0.0178082 0.00944384 0.00876363 
0.0098824 0.00978697 0.00926128 0.00849729 0.00945853 0.0097974 0.0102023 0.00834845 0.00875194 0.0264264 0.0200527 0.0147451 0.00881415 0.0063858 0.00410829 0.0045456 0.00382491 0 0.00414036 0.0062841 0.984328 0.00475372 0.00446745 0.00484648 0.00902546 0.0126338 0.0100745 0.0121398 0.0085485 
0.0141351 0.00864169 0.00861534 0.00875607 0.0134467 0.00870527 0.00850151 0.00970968 0.0555382 0.0126038 0.0147007 0.00854367 0.00723609 0.0123264 0.00508324 0.00386613 0.00376502 0.00414036 0 0.992089 0.00432822 0.00385171 0.00413686 0.00466617 0.0138986 0.00893341 0.0086942 0.00874716 0.00994669 
0.0199551 0.00902062 0.0160095 0.0164916 0.0170071 0.00898641 0.0116453 0.0181459 0.0196718 0.008636 0.0125645 0.00881677 0.0181925 0.0127471 0.00489524 0.00435718 0.00445945 0.0062841 0.992089 0 0.00376647 0.00389596 0.00385757 0.00438588 0.0455802 0.0141939 0.00966849 0.0136157 0.0216124 
0.00867376 0.0428947 0.00915702 0.0101174 0.0098476 0.0161334 0.0105768 0.00920863 0.00851741 0.0142377 0.0103514 0.0133123 0.0140864 0.00957463 0.00489293 0.00464298 0.00690192 0.984328 0.00432822 0.00376647 0 0.00373532 0.00379551 0.00389342 0.0150165 0.0322795 0.016717 0.0176808 0.0109441 
0.010816 0.0104221 0.0221452 0.00932442 0.0110922 0.0122485 0.014527 0.00963427 0.0110353 0.0094398 0.0212097 0.0485906 0.0114009 0.00930179 0.00684495 0.0162592 0.945181 0.00475372 0.00385171 0.00389596 0.00373532 0 0.0037621 0.00383037 0.0186115 0.0256498 0.112628 0.0260201 0.0113266 
0.0102571 0.0206618 0.0129603 0.00935989 0.0111532 0.0189139 0.0217365 0.0102223 0.0107656 0.0159378 0.0322076 0.0129923 0.0387872 0.0145883 0.0233841 0.920057 0.00579809 0.00446745 0.00413686 0.00385757 0.00379551 0.0037621 0 0.00388654 0.0136432 0.0562465 0.0394757 0.185976 0.0129896 
0.0219516 0.00990847 0.0103718 0.0108006 0.0228775 0.0129303 0.0111689 0.0141052 0.0283402 0.0201361 0.0126942 0.0113677 0.0159723 0.0887118 0.90918 0.00726761 0.00507029 0.00484648 0.00466617 0.00438588 0.00389342 0.00383037 0.00388654 0 0.0241569 0.0156649 0.0337773 0.0646312 0.126622 
0.00999895 0.00941086 0.00940034 0.011013 0.0108175 0.00895964 0.00958399 0.0117999 0.0145311 0.0126686 0.012224 0.0114352 0.0123632 0.0275008 0.0126486 0.0089708 0.00882933 0.00902546 0.0138986 0.0455802 0.0150165 0.0186115 0.0136432 0.0241569 0 0.00440379 0.00384412 0.00384371 0.00504705 
0.0105559 0.013653 0.0129359 0.00936189 0.0125472 0.0137031 0.0133717 0.0101274 0.0122441 0.0167222 0.0708205 0.030469 0.0495427 0.0116948 0.00978951 0.0116382 0.00917093 0.0126338 0.00893341 0.0141939 0.0322795 0.0256498 0.0562465 0.0156649 0.00440379 0 0.00379974 0.00381519 0.00410941 
0.00913344 0.0245095 0.0140089 0.00926855 0.00954523 0.0286648 0.0158468 0.0101318 0.00982736 0.0241029 0.076259 0.262326 0.0313478 0.022869 0.00914308 0.0105611 0.0178082 0.0100745 0.0086942 0.00966849 0.016717 0.112628 0.0394757 0.0337773 0.00384412 0.00379974 0 0.00377593 0.00379362 
0.0114023 0.0130546 0.0293678 0.00940413 0.0109903 0.0182752 0.0794696 0.0112742 0.0124253 0.0183716 0.0539829 0.0478268 0.245829 0.0235674 0.00921236 0.0118995 0.00944384 0.0121398 0.00874716 0.0136157 0.0176808 0.0260201 0.185976 0.0646312 0.00384371 0.00381519 0.00377593 0 0.00378601 
0.0125664 0.00933866 0.00910889 0.00974219 0.0133702 0.0108364 0.0103836 0.0162028 0.0158444 0.0147661 0.0125266 0.0134189 0.0154933 0.0817297 0.0140985 0.00904063 0.00876363 0.0085485 0.00994669 0.0216124 0.0109441 0.0113266 0.0129896 0.126622 0.00504705 0.00410941 0.00379362 0.00378601 0 
