1N07B
KRPEIVGPEKVQSPYPIRFEGKVVHGFGRGSKELGIPTANISEDAIQELLRYRDSGVYFGYAMVQKRVFPMVMSVGWNPYYKNKLRSAEVHLIERQGEDFYEEIMRVIVLGYIRPELNYAGLDKLIEDIHTDIRVALNSMDRPSYSSYKKDPFFK
CCCCCCCCCCCCCCCCEEEEEEEECCCCCCCCCCCCCCEEECHHHCCCCCCCCCCEEEEEEEECCCCEEEEEEEEEECCCCCCCCEEEEEEECCCCCCCCCCCEEEEEEEEEEECCCCCCCHHHHHHHHHHHHHHHHHHCCCHHHHHHHHCCCCC
0 0 0 0 0 0 0 0 0 0 0 0 0 0 0 0 0 0 0 0 0 0 0 0 0 0 0 0 0 0 0 0 0 0 0 0 0 0 0 0 0 0 0 0 0 0 0 0 0 0 0 0 0 0 0 0 0 0 0 0 0 0 0 0 0 0 0 0 0 0 0 0 0 0 0 0 0 0 0 0 0 0 0 0 0 0 0 0 0 0 0 0 0 0 0 0 0 0 0 0 0 0 0 0 0 0 0 0 0 0 0 0 0 0 0 0 0 0 0 0 0 0 0 0 0 0 0 0 0 0 0 0 0 0 0 0 0 0 0 0 0 0 0 0 0 0 0 0 0 0 0 0 0 0 0 
0 0 0 0 0 0 0 0 0 0 0 0 0 0 0 0 0 0 0 0 0 0 0 0 0 0 0 0 0 0 0 0 0 0 0 0 0 0 0 0 0 0 0 0 0 0 0 0 0 0 0 0 0 0 0 0 0 0 0 0 0 0 0 0 0 0 0 0 0 0 0 0 0 0 0 0 0 0 0 0 0 0 0 0 0 0 0 0 0 0 0 0 0 0 0 0 0 0 0 0 0 0 0 0 0 0 0 0 0 0 0 0 0 0 0 0 0 0 0 0 0 0 0 0 0 0 0 0 0 0 0 0 0 0 0 0 0 0 0 0 0 0 0 0 0 0 0 0 0 0 0 0 0 0 0 
0 0.00380595 0.00412263 0.00378876 0.00454752 0.00393302 0.00547604 0.0102331 0.0491933 0.00991178 0.0847856 0.0204428 0.0153495 0.00977827 0.0130964 0.0110969 0.0101287 0.014317 0.017023 0.0168515 0.00936408 0.010102 0.0106785 0.0101735 0.012559 0.00925941 0.011412 0.00914317 0.0136143 0.0123751 0.00852225 0.0137709 0.00844263 0.0145515 0.00905744 0.0251762 0.00843003 0.0126671 0.00822048 0.0149881 0.0091453 0.0110098 0.00911232 0.00980328 0.00882619 0.0102677 0.00980415 
0.00380595 0 0.00380643 0.00392831 0.00377804 0.00489092 0.0040146 0.00644471 0.0100205 0.08881 0.00875433 0.0144112 0.0125445 0.0235648 0.0107333 0.0145093 0.016457 0.0141845 0.0114002 0.00987802 0.0129402 0.0111487 0.0119737 0.0163435 0.0100518 0.0279974 0.00892632 0.0152641 0.00903716 0.00848563 0.0173901 0.00832248 0.0320513 0.00889865 0.0288918 0.00927298 0.0097547 0.00810163 0.0212979 0.00850544 0.0242478 0.00987191 0.0111067 0.00951726 0.0122337 0.00877322 0.00905086 
0.00412263 0.00380643 0 0.00374244 0.00398851 0.00378458 0.0041319 0.00382925 0.0188012 0.0086835 0.0123972 0.0117414 0.0164494 0.0118484 0.0356852 0.015496 0.0185843 0.019043 0.00914911 0.0104786 0.00943544 0.0145836 0.0173715 0.0131577 0.0429176 0.0101174 0.0402407 0.00950367 0.00871643 0.00943388 0.00837139 0.0454065 0.0086076 0.0798264 0.00883456 0.0114226 0.00799935 0.0166992 0.00837047 0.0498587 0.0109708 0.0299963 0.0124752 0.0156679 0.00977474 0.0111261 0.00834721 
0.00378876 0.00392831 0.00374244 0 0.00369101 0.00393566 0.00377876 0.00385183 0.00795834 0.0122359 0.00811762 0.0102866 0.00962793 0.0236899 0.0100033 0.0179789 0.0150271 0.0105369 0.0102574 0.00879715 0.00954526 0.0111615 0.0129885 0.0193077 0.00996712 0.0375916 0.00912145 0.0099515 0.00873182 0.00820822 0.0138628 0.00834681 0.0548522 0.00894144 0.015019 0.00897767 0.00908688 0.00801045 0.031262 0.00868194 0.0285678 0.0110495 0.0126024 0.0107445 0.0133438 0.00843397 0.00841972 
0.00454752 0.00377804 0.00398851 0.00369101 0 0.00380595 0.00395716 0.00377168 0.0164505 0.00869096 0.0157749 0.0122951 0.0180745 0.0103441 0.0287428 0.015495 0.0118674 0.0138198 0.00905723 0.0104267 0.00970119 0.0117014 0.0164258 0.0126134 0.0314873 0.0102587 0.0219693 0.00933276 0.00863976 0.00985596 0.00831146 0.0465212 0.00888739 0.0316786 0.00888229 0.0104133 0.00807264 0.0161259 0.00833277 0.0379928 0.010598 0.0199215 0.0136204 0.0150209 0.0097323 0.00948743 0.00846189 
0.00393302 0.00489092 0.00378458 0.00393566 0.00380595 0 0.00374171 0.00379099 0.0138887 0.0299826 0.0095489 0.0117674 0.0105319 0.0376583 0.0116653 0.0152573 0.0199446 0.0106668 0.00995684 0.00921656 0.0101459 0.0143739 0.0132584 0.0239707 0.0111804 0.0321072 0.00997235 0.0101566 0.00918508 0.00831712 0.0228367 0.00871796 0.0314901 0.00924537 0.0133696 0.00914936 0.00992211 0.00803155 0.0264458 0.00885659 0.0208809 0.0141576 0.0127716 0.0101084 0.0120792 0.0087768 0.00838074 
0.00547604 0.0040146 0.0041319 0.00377876 0.00395716 0.00374171 0 0.00375124 0.0213578 0.0221232 0.0255124 0.0115841 0.0238413 0.00997606 0.0157287 0.0119002 0.0107781 0.0188711 0.00944154 0.00980536 0.0100925 0.0100055 0.0168846 0.0109485 0.0125461 0.00980965 0.0119799 0.0121012 0.00845334 0.0229003 0.00858398 0.0133297 0.0087453 0.0148807 0.00922374 0.0106113 0.0082706 0.0128892 0.00851995 0.0136052 0.00958689 0.011786 0.0097039 0.0102532 0.00901842 0.009116 0.00818703 
0.0102331 0.00644471 0.00382925 0.00385183 0.00377168 0.00379099 0.00375124 0 0.0332678 0.01417 0.027252 0.0164295 0.0106236 0.0106442 0.00998556 0.00985028 0.0100588 0.0101317 0.0115783 0.013224 0.00894698 0.011874 0.00995493 0.0114222 0.00915322 0.0103427 0.00892372 0.00910927 0.0102793 0.0108668 0.00911769 0.00846181 0.00946896 0.00864628 0.00978114 0.00967991 0.0106228 0.00833814 0.00891006 0.00858041 0.00923655 0.00913789 0.00875589 0.00869077 0.00887933 0.00831332 0.0083005 
0.0491933 0.0100205 0.0188012 0.00795834 0.0164505 0.0138887 0.0213578 0.0332678 0 0.0039336 0.0039357 0.0397824 0.0240811 0.0174756 0.0160764 0.0144962 0.0121823 0.0151858 0.0216145 0.0266142 0.011469 0.0117342 0.0120498 0.0117872 0.0148213 0.0110168 0.0126767 0.0100258 0.0182877 0.0171222 0.00954431 0.0146076 0.00984786 0.0155929 0.0103306 0.0315765 0.010237 0.0110881 0.00894887 0.014679 0.0114952 0.0118479 0.0101067 0.0108392 0.00961277 0.0110562 0.0111464 
0.00991178 0.08881 0.0086835 0.0122359 0.00869096 0.0299826 0.0221232 0.01417 0.0039336 0 0.00376344 0.0161968 0.0400232 0.0204744 0.0152887 0.0132391 0.0145584 0.0345758 0.0140231 0.0102844 0.0227079 0.0111247 0.0128731 0.0144896 0.0115319 0.0186427 0.00959857 0.0264335 0.0131753 0.00915952 0.0267193 0.00911844 0.0237121 0.00994641 0.0385903 0.0111081 0.0100082 0.00889867 0.0153703 0.00920706 0.018503 0.0157069 0.0124003 0.0115732 0.0146109 0.0106971 0.00865419 
0.0847856 0.00875433 0.0123972 0.00811762 0.0157749 0.0095489 0.0255124 0.027252 0.0039357 0.00376344 0 0.0284144 0.0165842 0.0136228 0.0128479 0.011525 0.0118184 0.0151507 0.0166031 0.0217621 0.0095913 0.0102534 0.0118844 0.0116271 0.0112877 0.00984703 0.0102247 0.0159615 0.0132022 0.0280384 0.00901124 0.0118602 0.0093936 0.0136756 0.00943837 0.021625 0.0116693 0.0120349 0.00884292 0.0115287 0.00977764 0.0114893 0.00979302 0.0119653 0.00969568 0.0100869 0.00852699 
0.0204428 0.0144112 0.0117414 0.0102866 0.0122951 0.0117674 0.0115841 0.0164295 0.0397824 0.0161968 0.0284144 0 0.00387621 0.00385294 0.00379066 0.00375589 0.0037837 0.00395484 0.00576468 0.00891229 0.00745446 0.00766642 0.00858437 0.00882364 0.0103254 0.0211475 0.680953 0.0131447 0.050195 0.0152831 0.0129509 0.0109907 0.0128513 0.0111674 0.0134349 0.025689 0.0145755 0.01209 0.0118963 0.0129957 0.0152055 0.0130367 0.0112316 0.0122243 0.0113799 0.0115208 0.0159696 
0.0153495 0.0125445 0.0164494 0.00962793 0.0180745 0.0105319 0.0238413 0.0106236 0.0240811 0.0400232 0.0165842 0.00387621 0 0.00382002 0.00377908 0.0037387 0.00396108 0.00403806 0.00400577 0.00822763 0.00773839 0.00827031 0.00828816 0.0138807 0.0183531 0.830674 0.0225645 0.0173401 0.0102767 0.0132316 0.0137766 0.0240729 0.0117226 0.0358662 0.0188281 0.0163227 0.00914199 0.022674 0.0124834 0.0339425 0.0264499 0.0353532 0.0231809 0.0222925 0.0169793 0.025022 0.0112728 
0.00977827 0.0235648 0.0118484 0.0236899 0.0103441 0.0376583 0.00997606 0.0106442 0.0174756 0.0204744 0.0136228 0.00385294 0.00382002 0 0.00378853 0.0037658 0.00404362 0.00376386 0.00427727 0.00719152 0.00937802 0.00809715 0.0115328 0.0227874 0.918024 0.030403 0.01248 0.0115874 0.0132364 0.00944004 0.0167158 0.0115412 0.04989 0.0224903 0.0249911 0.0122495 0.010486 0.00979535 0.0550651 0.0200001 0.0729887 0.0602675 0.0417417 0.0408069 0.0572626 0.0124993 0.00965221 
0.0130964 0.0107333 0.0356852 0.0100033 0.0287428 0.0116653 0.0157287 0.00998556 0.0160764 0.0152887 0.0128479 0.00379066 0.00377908 0.00378853 0 0.0037667 0.00376767 0.00384975 0.00380248 0.00660693 0.00684615 0.0102198 0.0138031 0.935958 0.0174334 0.0145379 0.0128416 0.0141213 0.00921195 0.0105666 0.0121841 0.0244241 0.0180632 0.0391851 0.0189188 0.0145964 0.00927405 0.0173984 0.0169487 0.060506 0.0430968 0.0740616 0.0529087 0.0507869 0.0308902 0.0211907 0.00934401 
0.0110969 0.0145093 0.015496 0.0179789 0.015495 0.0152573 0.0119002 0.00985028 0.0144962 0.0132391 0.011525 0.00375589 0.0037387 0.0037658 0.0037667 0 0.00374428 0.00377923 0.00378324 0.00482214 0.00719154 0.0110006 0.945644 0.016492 0.0151302 0.0129926 0.0125218 0.00973848 0.00892659 0.009647 0.0128734 0.020004 0.0248686 0.0331327 0.0163102 0.0135277 0.00951513 0.0125244 0.0250937 0.041647 0.0520781 0.0806153 0.0529008 0.0412665 0.0374184 0.0158275 0.0090214 
0.0101287 0.016457 0.0185843 0.0150271 0.0118674 0.0199446 0.0107781 0.0100588 0.0121823 0.0145584 0.0118184 0.0037837 0.00396108 0.00404362 0.00376767 0.00374428 0 0.00374783 0.00378923 0.00547934 0.00806641 0.966596 0.0145752 0.0170325 0.0104797 0.0147986 0.010407 0.00912079 0.0101826 0.00957649 0.0177422 0.0152117 0.0317496 0.0178187 0.0282882 0.0125471 0.00933084 0.0111311 0.0335914 0.0233411 0.0819461 0.0868816 0.0403 0.0386895 0.0384406 0.0135631 0.00954412 
0.014317 0.0141845 0.019043 0.0105369 0.0138198 0.0106668 0.0188711 0.0101317 0.0151858 0.0345758 0.0151507 0.00395484 0.00403806 0.00376386 0.00384975 0.00377923 0.00374783 0 0.00378731 0.00938831 0.949109 0.0081829 0.0138715 0.00905541 0.0106542 0.00968188 0.00892904 0.0109305 0.0092111 0.0100871 0.0135633 0.0164302 0.0121525 0.0277789 0.0209277 0.0197485 0.00930903 0.0228358 0.0130225 0.0437982 0.0228079 0.0313892 0.0298847 0.0211591 0.01879 0.0272425 0.00890313 
0.017023 0.0114002 0.00914911 0.0102574 0.00905723 0.00995684 0.00944154 0.0115783 0.0216145 0.0140231 0.0166031 0.00576468 0.00400577 0.00427727 0.00380248 0.00378324 0.00378923 0.00378731 0 0.965839 0.00520795 0.00536713 0.00554926 0.00651361 0.00658467 0.00709236 0.00634711 0.00794705 0.00900484 0.0143261 0.0111149 0.00884722 0.0150876 0.00949148 0.0185917 0.0223831 0.0267059 0.00959217 0.0115034 0.0111183 0.0128337 0.0153165 0.0113962 0.0131114 0.0122013 0.0110422 0.01017 
0.0168515 0.00987802 0.0104786 0.00879715 0.0104267 0.00921656 0.00980536 0.013224 0.0266142 0.0102844 0.0217621 0.00891229 0.00822763 0.00719152 0.00660693 0.00482214 0.00547934 0.00938831 0.965839 0 0.00398694 0.00375765 0.00375288 0.00379107 0.00377861 0.00378664 0.00392473 0.00484334 0.0107675 0.0111984 0.00870386 0.00912171 0.0091558 0.0101067 0.0100312 0.0286271 0.0130415 0.0138434 0.0105186 0.0123764 0.0123201 0.0108812 0.0103196 0.0102936 0.00998894 0.0121681 0.0162026 
0.00936408 0.0129402 0.00943544 0.00954526 0.00970119 0.0101459 0.0100925 0.00894698 0.011469 0.0227079 0.0095913 0.00745446 0.00773839 0.00937802 0.00684615 0.00719154 0.00806641 0.949109 0.00520795 0.00398694 0 0.00376335 0.00374542 0.00378232 0.00376782 0.0038042 0.00406133 0.00540489 0.00467638 0.00741028 0.00888159 0.0101149 0.00902369 0.0112453 0.0154072 0.0108581 0.00931414 0.0152853 0.0139433 0.0140508 0.0184293 0.0182945 0.0142523 0.0159262 0.015117 0.0289627 0.0089691 
0.010102 0.0111487 0.0145836 0.0111615 0.0117014 0.0143739 0.0100055 0.011874 0.0117342 0.0111247 0.0102534 0.00766642 0.00827031 0.00809715 0.0102198 0.0110006 0.966596 0.0081829 0.00536713 0.00375765 0.00376335 0 0.00375573 0.00379743 0.00378189 0.00379893 0.0039588 0.00396411 0.00392366 0.00779419 0.0103342 0.00921232 0.0146311 0.0163783 0.011631 0.0131121 0.0132653 0.00966484 0.0183042 0.0189635 0.0319505 0.0356803 0.0293952 0.0268458 0.0385823 0.0125792 0.00933308 
0.0106785 0.0119737 0.0173715 0.0129885 0.0164258 0.0132584 0.0168846 0.00995493 0.0120498 0.0128731 0.0118844 0.00858437 0.00828816 0.0115328 0.0138031 0.945644 0.0145752 0.0138715 0.00554926 0.00375288 0.00374542 0.00375573 0 0.00378128 0.00374745 0.00379846 0.00379756 0.00380461 0.00383152 0.00824307 0.00798568 0.012959 0.0115378 0.0165631 0.0164176 0.732938 0.00912951 0.013843 0.017353 0.03338 0.0361004 0.0629527 0.0363935 0.0497137 0.0331616 0.0163628 0.00947858 
0.0101735 0.0163435 0.0131577 0.0193077 0.0126134 0.0239707 0.0109485 0.0114222 0.0117872 0.0144896 0.0116271 0.00882364 0.0138807 0.0227874 0.935958 0.016492 0.0170325 0.00905541 0.00651361 0.00379107 0.00378232 0.00379743 0.00378128 0 0.003857 0.00379203 0.003784 0.0038241 0.00383533 0.00757707 0.0114687 0.00967338 0.0146096 0.0180103 0.888174 0.0181558 0.0101058 0.0102358 0.0294352 0.0226061 0.0584892 0.0479251 0.0556917 0.0386579 0.0390301 0.0153372 0.0111377 
0.012559 0.0100518 0.0429176 0.00996712 0.0314873 0.0111804 0.0125461 0.00915322 0.0148213 0.0115319 0.0112877 0.0103254 0.0183531 0.918024 0.0174334 0.0151302 0.0104797 0.0106542 0.00658467 0.00377861 0.00376782 0.00378189 0.00374745 0.003857 0 0.00377576 0.00378134 0.0037974 0.00379373 0.008486 0.00818647 0.0174719 0.00971323 0.930813 0.012594 0.0143959 0.00903992 0.0164513 0.0126211 0.0625072 0.0301025 0.0828144 0.0421137 0.0403366 0.0298651 0.0219122 0.00924459 
0.00925941 0.0279974 0.0101174 0.0375916 0.0102587 0.0321072 0.00980965 0.0103427 0.0110168 0.0186427 0.00984703 0.0211475 0.830674 0.030403 0.0145379 0.0129926 0.0147986 0.00968188 0.00709236 0.00378664 0.0038042 0.00379893 0.00379846 0.00379203 0.00377576 0 0.00374566 0.00376252 0.00377595 0.00771325 0.0115849 0.0087961 0.966136 0.0138324 0.0278797 0.0107214 0.0105351 0.00922564 0.0564619 0.0163073 0.0877462 0.0477156 0.0489265 0.0376184 0.0560558 0.0143685 0.0106344 
0.011412 0.00892632 0.0402407 0.00912145 0.0219693 0.00997235 0.0119799 0.00892372 0.0126767 0.00959857 0.0102247 0.680953 0.0225645 0.01248 0.0128416 0.0125218 0.010407 0.00892904 0.00634711 0.00392473 0.00406133 0.0039588 0.00379756 0.003784 0.00378134 0.00374566 0 0.00375794 0.00374599 0.00872247 0.00704607 0.942172 0.00831844 0.0188698 0.00960422 0.0116845 0.00823734 0.0156914 0.010156 0.0416184 0.0155844 0.0431989 0.022809 0.0289169 0.0189153 0.0162782 0.00862277 
0.00914317 0.0152641 0.00950367 0.0099515 0.00933276 0.0101566 0.0121012 0.00910927 0.0100258 0.0264335 0.0159615 0.0131447 0.0173401 0.0115874 0.0141213 0.00973848 0.00912079 0.0109305 0.00794705 0.00484334 0.00540489 0.00396411 0.00380461 0.0038241 0.0037974 0.00376252 0.00375794 0 0.00392818 0.00836831 0.956925 0.00794633 0.0130582 0.00789368 0.0133564 0.0107156 0.0090957 0.0106116 0.0140901 0.0116439 0.017455 0.0149469 0.01654 0.0131888 0.0183038 0.0138549 0.00975572 
0.0136143 0.00903716 0.00871643 0.00873182 0.00863976 0.00918508 0.00845334 0.0102793 0.0182877 0.0131753 0.0132022 0.050195 0.0102767 0.0132364 0.00921195 0.00892659 0.0101826 0.0092111 0.00900484 0.0107675 0.00467638 0.00392366 0.00383152 0.00383533 0.00379373 0.00377595 0.00374599 0.00392818 0 0.976689 0.0117324 0.0103345 0.00705889 0.00936503 0.00821728 0.0172411 0.0151301 0.00938245 0.00964174 0.00984392 0.0105152 0.0113009 0.00993153 0.0110336 0.0101388 0.0111336 0.00923578 
0.0123751 0.00848563 0.00943388 0.00820822 0.00985596 0.00831712 0.0229003 0.0108668 0.0171222 0.00915952 0.0280384 0.0152831 0.0132316 0.00944004 0.0105666 0.009647 0.00957649 0.0100871 0.0143261 0.0111984 0.00741028 0.00779419 0.00824307 0.00757707 0.008486 0.00771325 0.00872247 0.00836831 0.976689 0 0.0038209 0.0038609 0.00378939 0.00386041 0.00394751 0.00545528 0.00992733 0.0103402 0.00855973 0.0115349 0.0105522 0.0145529 0.0313997 0.0122207 0.0121951 0.0114398 0.0250627 
0.00852225 0.0173901 0.00837139 0.0138628 0.00831146 0.0228367 0.00858398 0.00911769 0.00954431 0.0267193 0.00901124 0.0129509 0.0137766 0.0167158 0.0121841 0.0128734 0.0177422 0.0135633 0.0111149 0.00870386 0.00888159 0.0103342 0.00798568 0.0114687 0.00818647 0.0115849 0.00704607 0.956925 0.0117324 0.0038209 0 0.00374743 0.00381707 0.00372026 0.00384962 0.00382486 0.0102865 0.00795485 0.0180569 0.00944319 0.0314828 0.0605549 0.0211602 0.0142932 0.0143873 0.0132866 0.0100227 
0.0137709 0.00832248 0.0454065 0.00834681 0.0465212 0.00871796 0.0133297 0.00846181 0.0146076 0.00911844 0.0118602 0.0109907 0.0240729 0.0115412 0.0244241 0.020004 0.0152117 0.0164302 0.00884722 0.00912171 0.0101149 0.00921232 0.012959 0.00967338 0.0174719 0.0087961 0.942172 0.00794633 0.0103345 0.0038609 0.00374743 0 0.00376164 0.00376335 0.00379777 0.00386453 0.00755872 0.0265108 0.00872745 0.0692948 0.0665247 0.0477448 0.0169561 0.0176016 0.0149845 0.0180795 0.00859326 
0.00844263 0.0320513 0.0086076 0.0548522 0.00888739 0.0314901 0.0087453 0.00946896 0.00984786 0.0237121 0.0093936 0.0128513 0.0117226 0.04989 0.0180632 0.0248686 0.0317496 0.0121525 0.0150876 0.0091558 0.00902369 0.0146311 0.0115378 0.0146096 0.00971323 0.966136 0.00831844 0.0130582 0.00705889 0.00378939 0.00381707 0.00376164 0 0.00374801 0.0037798 0.00379417 0.0151477 0.0083623 0.0856787 0.0481456 0.0813249 0.0244266 0.0144457 0.0256031 0.0290959 0.00988148 0.0108945 
0.0145515 0.00889865 0.0798264 0.00894144 0.0316786 0.00924537 0.0148807 0.00864628 0.0155929 0.00994641 0.0136756 0.0111674 0.0358662 0.0224903 0.0391851 0.0331327 0.0178187 0.0277789 0.00949148 0.0101067 0.0112453 0.0163783 0.0165631 0.0180103 0.930813 0.0138324 0.0188698 0.00789368 0.00936503 0.00386041 0.00372026 0.00376335 0.00374801 0 0.00377805 0.0037807 0.00831213 0.103295 0.0448653 0.107002 0.0187515 0.0263543 0.0261402 0.0242543 0.0156465 0.0209224 0.00890684 
0.00905744 0.0288918 0.00883456 0.015019 0.00888229 0.0133696 0.00922374 0.00978114 0.0103306 0.0385903 0.00943837 0.0134349 0.0188281 0.0249911 0.0189188 0.0163102 0.0282882 0.0209277 0.0185917 0.0100312 0.0154072 0.011631 0.0164176 0.888174 0.012594 0.0278797 0.00960422 0.0133564 0.00821728 0.00394751 0.00384962 0.00379777 0.0037798 0.00377805 0 0.00377962 0.0647109 0.0299415 0.0709913 0.010838 0.0191512 0.0246384 0.0154715 0.0204109 0.0246687 0.0193115 0.00975261 
0.0251762 0.00927298 0.0114226 0.00897767 0.0104133 0.00914936 0.0106113 0.00967991 0.0315765 0.0111081 0.021625 0.025689 0.0163227 0.0122495 0.0145964 0.0135277 0.0125471 0.0197485 0.0223831 0.0286271 0.0108581 0.0131121 0.732938 0.0181558 0.0143959 0.0107214 0.0116845 0.0107156 0.0172411 0.00545528 0.00382486 0.00386453 0.00379417 0.0037807 0.00377962 0 0.0322828 0.0313551 0.0123287 0.0138928 0.01414 0.0181993 0.0121806 0.0158851 0.0127676 0.0212321 0.0150806 
0.00843003 0.0097547 0.00799935 0.00908688 0.00807264 0.00992211 0.0082706 0.0106228 0.010237 0.0100082 0.0116693 0.0145755 0.00914199 0.010486 0.00927405 0.00951513 0.00933084 0.00930903 0.0267059 0.0130415 0.00931414 0.0132653 0.00912951 0.0101058 0.00903992 0.0105351 0.00823734 0.0090957 0.0151301 0.00992733 0.0102865 0.00755872 0.0151477 0.00831213 0.0647109 0.0322828 0 0.00466374 0.00386051 0.00373378 0.00393478 0.00399381 0.00410087 0.00413647 0.00495218 0.00681689 0.0121746 
0.0126671 0.00810163 0.0166992 0.00801045 0.0161259 0.00803155 0.0128892 0.00833814 0.0110881 0.00889867 0.0120349 0.01209 0.022674 0.00979535 0.0173984 0.0125244 0.0111311 0.0228358 0.00959217 0.0138434 0.0152853 0.00966484 0.013843 0.0102358 0.0164513 0.00922564 0.0156914 0.0106116 0.00938245 0.0103402 0.00795485 0.0265108 0.0083623 0.103295 0.0299415 0.0313551 0.00466374 0 0.00374431 0.00376995 0.0038679 0.00400231 0.00403863 0.00402006 0.00446508 0.00995721 0.00530874 
0.00822048 0.0212979 0.00837047 0.031262 0.00833277 0.0264458 0.00851995 0.00891006 0.00894887 0.0153703 0.00884292 0.0118963 0.0124834 0.0550651 0.0169487 0.0250937 0.0335914 0.0130225 0.0115034 0.0105186 0.0139433 0.0183042 0.017353 0.0294352 0.0126211 0.0564619 0.010156 0.0140901 0.00964174 0.00855973 0.0180569 0.00872745 0.0856787 0.0448653 0.0709913 0.0123287 0.00386051 0.00374431 0 0.00374488 0.00382939 0.00387776 0.00379967 0.00385603 0.00477621 0.00417084 0.00476127 
0.0149881 0.00850544 0.0498587 0.00868194 0.0379928 0.00885659 0.0136052 0.00858041 0.014679 0.00920706 0.0115287 0.0129957 0.0339425 0.0200001 0.060506 0.041647 0.0233411 0.0437982 0.0111183 0.0123764 0.0140508 0.0189635 0.03338 0.0226061 0.0625072 0.0163073 0.0416184 0.0116439 0.00984392 0.0115349 0.00944319 0.0692948 0.0481456 0.107002 0.010838 0.0138928 0.00373378 0.00376995 0.00374488 0 0.00378404 0.00382208 0.00380306 0.00391056 0.00391787 0.0039822 0.00399947 
0.0091453 0.0242478 0.0109708 0.0285678 0.010598 0.0208809 0.00958689 0.00923655 0.0114952 0.018503 0.00977764 0.0152055 0.0264499 0.0729887 0.0430968 0.0520781 0.0819461 0.0228079 0.0128337 0.0123201 0.0184293 0.0319505 0.0361004 0.0584892 0.0301025 0.0877462 0.0155844 0.017455 0.0105152 0.0105522 0.0314828 0.0665247 0.0813249 0.0187515 0.0191512 0.01414 0.00393478 0.0038679 0.00382939 0.00378404 0 0.00377895 0.00377294 0.00378432 0.00379215 0.00388379 0.0042004 
0.0110098 0.00987191 0.0299963 0.0110495 0.0199215 0.0141576 0.011786 0.00913789 0.0118479 0.0157069 0.0114893 0.0130367 0.0353532 0.0602675 0.0740616 0.0806153 0.0868816 0.0313892 0.0153165 0.0108812 0.0182945 0.0356803 0.0629527 0.0479251 0.0828144 0.0477156 0.0431989 0.0149469 0.0113009 0.0145529 0.0605549 0.0477448 0.0244266 0.0263543 0.0246384 0.0181993 0.00399381 0.00400231 0.00387776 0.00382208 0.00377895 0 0.00376632 0.00378432 0.00385168 0.00375816 0.00397731 
0.00911232 0.0111067 0.0124752 0.0126024 0.0136204 0.0127716 0.0097039 0.00875589 0.0101067 0.0124003 0.00979302 0.0112316 0.0231809 0.0417417 0.0529087 0.0529008 0.0403 0.0298847 0.0113962 0.0103196 0.0142523 0.0293952 0.0363935 0.0556917 0.0421137 0.0489265 0.022809 0.01654 0.00993153 0.0313997 0.0211602 0.0169561 0.0144457 0.0261402 0.0154715 0.0121806 0.00410087 0.00403863 0.00379967 0.00380306 0.00377294 0.00376632 0 0.00377792 0.00379926 0.00379243 0.00385461 
0.00980328 0.00951726 0.0156679 0.0107445 0.0150209 0.0101084 0.0102532 0.00869077 0.0108392 0.0115732 0.0119653 0.0122243 0.0222925 0.0408069 0.0507869 0.0412665 0.0386895 0.0211591 0.0131114 0.0102936 0.0159262 0.0268458 0.0497137 0.0386579 0.0403366 0.0376184 0.0289169 0.0131888 0.0110336 0.0122207 0.0142932 0.0176016 0.0256031 0.0242543 0.0204109 0.0158851 0.00413647 0.00402006 0.00385603 0.00391056 0.00378432 0.00378432 0.00377792 0 0.00375071 0.0037794 0.00381902 
0.00882619 0.0122337 0.00977474 0.0133438 0.0097323 0.0120792 0.00901842 0.00887933 0.00961277 0.0146109 0.00969568 0.0113799 0.0169793 0.0572626 0.0308902 0.0374184 0.0384406 0.01879 0.0122013 0.00998894 0.015117 0.0385823 0.0331616 0.0390301 0.0298651 0.0560558 0.0189153 0.0183038 0.0101388 0.0121951 0.0143873 0.0149845 0.0290959 0.0156465 0.0246687 0.0127676 0.00495218 0.00446508 0.00477621 0.00391787 0.00379215 0.00385168 0.00379926 0.00375071 0 0.003749 0.0037779 
0.0102677 0.00877322 0.0111261 0.00843397 0.00948743 0.0087768 0.009116 0.00831332 0.0110562 0.0106971 0.0100869 0.0115208 0.025022 0.0124993 0.0211907 0.0158275 0.0135631 0.0272425 0.0110422 0.0121681 0.0289627 0.0125792 0.0163628 0.0153372 0.0219122 0.0143685 0.0162782 0.0138549 0.0111336 0.0114398 0.0132866 0.0180795 0.00988148 0.0209224 0.0193115 0.0212321 0.00681689 0.00995721 0.00417084 0.0039822 0.00388379 0.00375816 0.00379243 0.0037794 0.003749 0 0.00388281 
0.00980415 0.00905086 0.00834721 0.00841972 0.00846189 0.00838074 0.00818703 0.0083005 0.0111464 0.00865419 0.00852699 0.0159696 0.0112728 0.00965221 0.00934401 0.0090214 0.00954412 0.00890313 0.01017 0.0162026 0.0089691 0.00933308 0.00947858 0.0111377 0.00924459 0.0106344 0.00862277 0.00975572 0.00923578 0.0250627 0.0100227 0.00859326 0.0108945 0.00890684 0.00975261 0.0150806 0.0121746 0.00530874 0.00476127 0.00399947 0.0042004 0.00397731 0.00385461 0.00381902 0.0037779 0.00388281 0 
