1N1IB
SSAHKCIDTNVPENAACYRYLDGTEEWRCLLGFKEVGGKCVPASITCEENNGGCAPEAECTMDDKKEVECKCTKEGSEPLFEGVFCSSSSGPH
CCCCCCCCCCCCCCEEEEECCCCCEEEEECCCEEEECCEEEECCCCCCCHHHHCCCCCEEEECCCCCEEEECCCCCCCEEHHHCEECCCCCCC
0 0 0 0 0 0 0 0 0 0 0 0 0 0 0 0 0 0 0 0 0 0 0 0 0 0 0 0 0 0 0 0 0 0 0 0 0 0 0 0 0 0 0 0 0 0 0 0 0 0 0 0 0 0 0 0 0 0 0 0 0 0 0 0 0 0 0 0 0 0 0 0 0 0 0 0 0 0 0 0 0 0 0 0 0 0 0 0 0 0 0 0 0 
0 0 0 0 0 0 0 0 0 0 0 0 0 0 0 0 0 0 0 0 0 0 0 0 0 0 0 0 0 0 0 0 0 0 0 0 0 0 0 0 0 0 0 0 0 0 0 0 0 0 0 0 0 0 0 0 0 0 0 0 0 0 0 0 0 0 0 0 0 0 0 0 0 0 0 0 0 0 0 0 0 0 0 0 0 0 0 0 0 0 0 0 0 
0 0.00378873 0.00378019 0.0040754 0.00567441 0.005787 0.00563734 0.00688328 0.00918517 0.934848 0.0113409 0.00786489 0.00824601 0.0125936 0.0087482 0.0100468 0.00853412 0.0173826 0.00933319 0.00975436 0.00859724 0.0135008 0.0144849 0.00859745 0.0102181 0.0111649 0.00915507 0.00976323 0.00894049 0.0106016 
0.00378873 0 0.00375631 0.00385367 0.00392851 0.00485094 0.00697847 0.00854953 0.951976 0.0162719 0.00802561 0.00816175 0.00923818 0.00947479 0.00829445 0.009409 0.0229294 0.0127762 0.0106249 0.00934109 0.0136889 0.00913705 0.00921677 0.0203495 0.0118413 0.0107423 0.00872752 0.00857201 0.0109706 0.00956132 
0.00378019 0.00375631 0 0.0038021 0.00376591 0.00583192 0.00790999 0.953777 0.020793 0.00903109 0.00762924 0.00874321 0.0086221 0.0103168 0.00832658 0.0232269 0.0106369 0.010077 0.00964635 0.0105581 0.0103908 0.00872423 0.0100726 0.0141191 0.0124984 0.0121101 0.00831419 0.00852633 0.00949998 0.00893585 
0.0040754 0.00385367 0.0038021 0 0.00388 0.00850802 0.981994 0.0186701 0.0203634 0.0065905 0.0115533 0.0153801 0.00807393 0.00799983 0.0191406 0.0153177 0.008775 0.00867544 0.00961502 0.016422 0.00876394 0.00906439 0.0124469 0.0103794 0.0141084 0.00890543 0.00872309 0.00883128 0.00927151 0.00919383 
0.00567441 0.00392851 0.00376591 0.00388 0 0.983432 0.00589967 0.00753979 0.00487101 0.0058753 0.0184658 0.00871858 0.00666337 0.00775777 0.0193078 0.00963812 0.00833498 0.00820301 0.0197925 0.00888501 0.00858508 0.00851615 0.0128971 0.00959733 0.00872515 0.0103363 0.0088808 0.00863903 0.0115872 0.00869385 
0.005787 0.00485094 0.00583192 0.00850802 0.983432 0 0.00406016 0.00377597 0.00397267 0.00525121 0.00491853 0.00619912 0.0071863 0.0307683 0.00803691 0.0231263 0.00664055 0.0374336 0.00893369 0.0107179 0.00878032 0.0177638 0.015537 0.00845126 0.0118408 0.0104266 0.00956759 0.00986917 0.00865159 0.0103152 
0.00563734 0.00697847 0.00790999 0.981994 0.00589967 0.00406016 0 0.0037758 0.00379748 0.00467612 0.0041897 0.00504229 0.0168537 0.025972 0.00849017 0.00645971 0.0251698 0.00811469 0.0105576 0.00840907 0.0133251 0.00856982 0.00848471 0.0147761 0.00875788 0.0133773 0.00860912 0.0085324 0.00888594 0.00895589 
0.00688328 0.00854953 0.953777 0.0186701 0.00753979 0.00377597 0.0037758 0 0.00375584 0.00375386 0.00413675 0.00901003 0.0364283 0.00930982 0.00598901 0.0173129 0.0066066 0.00940736 0.0083193 0.0144342 0.00858099 0.00865947 0.00999005 0.00848904 0.0176885 0.00874856 0.00824281 0.00859794 0.00880047 0.00863962 
0.00918517 0.951976 0.020793 0.0203634 0.00487101 0.00397267 0.00379748 0.00375584 0 0.00376726 0.00985778 0.0847032 0.0186439 0.00501744 0.0122018 0.00698322 0.00807275 0.00691946 0.0192621 0.0090498 0.0109014 0.00856115 0.00912774 0.0272927 0.00906188 0.0120528 0.00875184 0.00866835 0.0106753 0.00879705 
0.934848 0.0162719 0.00903109 0.0065905 0.0058753 0.00525121 0.00467612 0.00375386 0.00376726 0 0.078503 0.00647106 0.00433498 0.00841537 0.00687304 0.00815513 0.00623447 0.00718756 0.0155034 0.0124045 0.00889743 0.00947082 0.0413932 0.00879742 0.0132628 0.00941465 0.0100088 0.00983617 0.014677 0.00977872 
0.0113409 0.00802561 0.00762924 0.0115533 0.0184658 0.00491853 0.0041897 0.00413675 0.00985778 0.078503 0 0.00471254 0.00428563 0.00813608 0.00447568 0.00536741 0.00918214 0.926763 0.00969145 0.00915193 0.00946022 0.0158077 0.0156371 0.00891777 0.0102644 0.0140173 0.0105141 0.0133057 0.00907648 0.0129266 
0.00786489 0.00816175 0.00874321 0.0153801 0.00871858 0.00619912 0.00504229 0.00901003 0.0847032 0.00647106 0.00471254 0 0.00572166 0.00398448 0.00605605 0.00810201 0.936335 0.00708847 0.00870897 0.00854404 0.0113172 0.00894603 0.00969789 0.0102041 0.00981185 0.0109855 0.00999041 0.00857676 0.00921097 0.00899014 
0.00824601 0.00923818 0.0086221 0.00807393 0.00666337 0.0071863 0.0168537 0.0364283 0.0186439 0.00433498 0.00428563 0.00572166 0 0.00476952 0.00657442 0.989578 0.00417572 0.00580248 0.00919126 0.00953504 0.00893258 0.00799684 0.0096851 0.012756 0.00905397 0.00914436 0.00846584 0.00885753 0.00887319 0.00843832 
0.0125936 0.00947479 0.0103168 0.00799983 0.00775777 0.0307683 0.025972 0.00930982 0.00501744 0.00841537 0.00813608 0.00398448 0.00476952 0 0.994285 0.0044211 0.00396748 0.00408083 0.0115249 0.00977291 0.00819014 0.00964178 0.0151924 0.00900997 0.00934905 0.00959755 0.00915978 0.00872202 0.0114873 0.00896314 
0.0087482 0.00829445 0.00832658 0.0191406 0.0193078 0.00803691 0.00849017 0.00598901 0.0122018 0.00687304 0.00447568 0.00605605 0.00657442 0.994285 0 0.00408993 0.00390818 0.00520239 0.0434422 0.00775896 0.0235747 0.0189613 0.00926405 0.0153243 0.00824607 0.0666161 0.0102846 0.0101493 0.00992646 0.0112378 
0.0100468 0.009409 0.0232269 0.0153177 0.00963812 0.0231263 0.00645971 0.0173129 0.00698322 0.00815513 0.00536741 0.00810201 0.989578 0.0044211 0.00408993 0 0.00397998 0.00377715 0.00874487 0.0449518 0.00884194 0.0182014 0.0174636 0.00850632 0.0283137 0.00911124 0.0101025 0.0092738 0.00989645 0.00976044 
0.00853412 0.0229294 0.0106369 0.008775 0.00833498 0.00664055 0.0251698 0.0066066 0.00807275 0.00623447 0.00918214 0.936335 0.00417572 0.00396748 0.00390818 0.00397998 0 0.0042845 0.0172119 0.00906098 0.0176839 0.00765789 0.00891812 0.0434384 0.00858097 0.00935531 0.00893943 0.00915118 0.0113009 0.00887695 
0.0173826 0.0127762 0.010077 0.00867544 0.00820301 0.0374336 0.00811469 0.00940736 0.00691946 0.00718756 0.926763 0.00708847 0.00580248 0.00408083 0.00520239 0.00377715 0.0042845 0 0.0127034 0.0132572 0.00822448 0.0102206 0.0273396 0.00929623 0.00901838 0.00970401 0.0132878 0.00941069 0.0133742 0.00980848 
0.00933319 0.0106249 0.00964635 0.00961502 0.0197925 0.00893369 0.0105576 0.0083193 0.0192621 0.0155034 0.00969145 0.00870897 0.00919126 0.0115249 0.0434422 0.00874487 0.0172119 0.0127034 0 0.00377569 0.00410993 0.00439778 0.0046942 0.0145311 0.00913043 0.975195 0.0104385 0.0104536 0.0146245 0.0140059 
0.00975436 0.00934109 0.0105581 0.016422 0.00888501 0.0107179 0.00840907 0.0144342 0.0090498 0.0124045 0.00915193 0.00854404 0.00953504 0.00977291 0.00775896 0.0449518 0.00906098 0.0132572 0.00377569 0 0.00398647 0.00381936 0.00752966 0.00608739 0.989408 0.00598161 0.00756223 0.0090732 0.00885669 0.0124176 
0.00859724 0.0136889 0.0103908 0.00876394 0.00858508 0.00878032 0.0133251 0.00858099 0.0109014 0.00889743 0.00946022 0.0113172 0.00893258 0.00819014 0.0235747 0.00884194 0.0176839 0.00822448 0.00410993 0.00398647 0 0.00381922 0.00448029 0.996352 0.00540275 0.00671128 0.00802054 0.0067788 0.0138104 0.00882025 
0.0135008 0.00913705 0.00872423 0.00906439 0.00851615 0.0177638 0.00856982 0.00865947 0.00856115 0.00947082 0.0158077 0.00894603 0.00799684 0.00964178 0.0189613 0.0182014 0.00765789 0.0102206 0.00439778 0.00381936 0.00381922 0 0.993203 0.00473579 0.00505393 0.00497454 0.00695571 0.00934382 0.0110525 0.010698 
0.0144849 0.00921677 0.0100726 0.0124469 0.0128971 0.015537 0.00848471 0.00999005 0.00912774 0.0413932 0.0156371 0.00969789 0.0096851 0.0151924 0.00926405 0.0174636 0.00891812 0.0273396 0.0046942 0.00752966 0.00448029 0.993203 0 0.00374531 0.00408353 0.00387919 0.00846557 0.0124822 0.00942629 0.0274524 
0.00859745 0.0203495 0.0141191 0.0103794 0.00959733 0.00845126 0.0147761 0.00848904 0.0272927 0.00879742 0.00891777 0.0102041 0.012756 0.00900997 0.0153243 0.00850632 0.0434384 0.00929623 0.0145311 0.00608739 0.996352 0.00473579 0.00374531 0 0.00374091 0.00417712 0.00686847 0.00574365 0.0188329 0.00986627 
0.0102181 0.0118413 0.0124984 0.0141084 0.00872515 0.0118408 0.00875788 0.0176885 0.00906188 0.0132628 0.0102644 0.00981185 0.00905397 0.00934905 0.00824607 0.0283137 0.00858097 0.00901838 0.00913043 0.989408 0.00540275 0.00505393 0.00408353 0.00374091 0 0.00374856 0.0071562 0.0277691 0.00873533 0.0136591 
0.0111649 0.0107423 0.0121101 0.00890543 0.0103363 0.0104266 0.0133773 0.00874856 0.0120528 0.00941465 0.0140173 0.0109855 0.00914436 0.00959755 0.0666161 0.00911124 0.00935531 0.00970401 0.975195 0.00598161 0.00671128 0.00497454 0.00387919 0.00417712 0.00374856 0 0.038881 0.0056915 0.0207632 0.0142168 
0.00915507 0.00872752 0.00831419 0.00872309 0.0088808 0.00956759 0.00860912 0.00824281 0.00875184 0.0100088 0.0105141 0.00999041 0.00846584 0.00915978 0.0102846 0.0101025 0.00893943 0.0132878 0.0104385 0.00756223 0.00802054 0.00695571 0.00846557 0.00686847 0.0071562 0.038881 0 0.00968196 0.0047459 0.553535 
0.00976323 0.00857201 0.00852633 0.00883128 0.00863903 0.00986917 0.0085324 0.00859794 0.00866835 0.00983617 0.0133057 0.00857676 0.00885753 0.00872202 0.0101493 0.0092738 0.00915118 0.00941069 0.0104536 0.0090732 0.0067788 0.00934382 0.0124822 0.00574365 0.0277691 0.0056915 0.00968196 0 0.761386 0.00662328 
0.00894049 0.0109706 0.00949998 0.00927151 0.0115872 0.00865159 0.00888594 0.00880047 0.0106753 0.014677 0.00907648 0.00921097 0.00887319 0.0114873 0.00992646 0.00989645 0.0113009 0.0133742 0.0146245 0.00885669 0.0138104 0.0110525 0.00942629 0.0188329 0.00873533 0.0207632 0.0047459 0.761386 0 0.00424053 
0.0106016 0.00956132 0.00893585 0.00919383 0.00869385 0.0103152 0.00895589 0.00863962 0.00879705 0.00977872 0.0129266 0.00899014 0.00843832 0.00896314 0.0112378 0.00976044 0.00887695 0.00980848 0.0140059 0.0124176 0.00882025 0.010698 0.0274524 0.00986627 0.0136591 0.0142168 0.553535 0.00662328 0.00424053 0 
