1N8JA
SLINTKIKPFKNQAFKNGEFIEVTEKDTEGRWSVFFFYPADFTFVSPTELGDVADHYEELQKLGVDVYSVSTDTHFTHKAWHSSSETIAKIKYAMIGDPTGALTRNFDNMREDEGLADRATFVVDPQGIIQAIEVTAEGIGRDASDLLRKIKAAQYVAAHPGEVCPAKWKEGEATLAPSLDLVGKI
CCCCCECCCCEEEEEECCEEEEEEHHHHCCCEEEEEECCCCCCCHHHHHHHHHHHHHHHHHHCCEEEEEEECCCHHHHHHHHHHCCCHHHCCCEEEECCCCHHHHHCCCEECCCCEECEEEEEECCCCEEEEEEEECCCECCCHHHHHHHHHHHHHHHHCCCCEECCCCCCCCCCECCCCCCCCCC
0 0 0 0 0 0 0 0 0 0 0 0 0 0 0 0 0 0 0 0 0 0 0 0 0 0 0 0 0 0 0 0 0 0 0 0 0 0 0 0 0 0 0 0 0 0 0 0 0 0 0 0 0 0 0 0 0 0 0 0 0 0 0 0 0 0 0 0 0 0 0 0 0 0 0 0 0 0 0 0 0 0 0 0 0 0 0 0 0 0 0 0 0 0 0 0 0 0 0 0 0 0 0 0 0 0 0 0 0 0 0 0 0 0 0 0 0 0 0 0 0 0 0 0 0 0 0 0 0 0 0 0 0 0 0 0 0 0 0 0 0 0 0 0 0 0 0 0 0 0 0 0 0 0 0 0 0 0 0 0 0 0 0 0 0 0 0 0 0 0 0 0 0 0 0 0 0 0 0 0 0 0 0 0 0 0 
0 0 0 0 0 0 0 0 0 0 0 0 0 0 0 0 0 0 0 0 0 0 0 0 0 0 0 0 0 0 0 0 0 0 0 0 0 0 0 0 0 0 0 0 0 0 0 0 0 0 0 0 0 0 0 0 0 0 0 0 0 0 0 0 0 0 0 0 0 0 0 0 0 0 0 0 0 0 0 0 0 0 0 0 0 0 0 0 0 0 0 0 0 0 0 0 0 0 0 0 0 0 0 0 0 0 0 0 0 0 0 0 0 0 0 0 0 0 0 0 0 0 0 0 0 0 0 0 0 0 0 0 0 0 0 0 0 0 0 0 0 0 0 0 0 0 0 0 0 0 0 0 0 0 0 0 0 0 0 0 0 0 0 0 0 0 0 0 0 0 0 0 0 0 0 0 0 0 0 0 0 0 0 0 0 0 
0 0.0288498 0.00429727 0.00457721 0.00441788 0.00612596 0.00952697 0.00992801 0.00813771 0.00733483 0.00809972 0.00986781 0.0322608 0.0254958 0.0107802 0.00862728 0.00919847 0.00981875 0.0139352 0.012911 0.00904428 0.00845294 0.00837309 0.00859662 0.00822574 0.0110827 0.0102594 0.00800764 0.00815747 0.00916403 0.0100543 0.00844118 0.00969034 0.00850813 0.00868041 0.00793305 0.00796378 0.00796533 0.00810619 0.0091117 0.0096978 0.00791799 0.00789217 0.00788275 0.00784823 0.00798764 0.0079047 0.00906165 0.0110141 0.00847036 0.00812894 0.0111003 
0.0288498 0 0.00382251 0.00390629 0.00376635 0.00400577 0.00497273 0.0060615 0.0055309 0.00562725 0.0124887 0.00780564 0.968249 0.0111818 0.0118049 0.00886641 0.0099884 0.0130497 0.0231969 0.0101583 0.0111599 0.00896652 0.0092246 0.0106154 0.00897338 0.0167297 0.0098602 0.00845863 0.00848687 0.010606 0.00830629 0.00819162 0.00836588 0.00831588 0.00886567 0.00802218 0.00922373 0.00836436 0.00903769 0.0096281 0.00863717 0.00793009 0.00833091 0.00820218 0.00801363 0.00878114 0.00800004 0.012356 0.00842752 0.00793505 0.00803053 0.00902786 
0.00429727 0.00382251 0 0.00373846 0.00375173 0.00476681 0.00410741 0.00419774 0.00583428 0.00709638 0.00640953 0.977218 0.00787208 0.0107003 0.00987373 0.0147639 0.0111672 0.0197488 0.0103873 0.0135585 0.00921772 0.01724 0.0112378 0.0114308 0.0172875 0.00907612 0.00908124 0.00952955 0.00959762 0.00884702 0.00794525 0.00815266 0.00801446 0.00828744 0.00812392 0.0116886 0.00863307 0.0104044 0.00923763 0.0091216 0.00812019 0.00901359 0.0086682 0.00907672 0.00947398 0.00833291 0.0112547 0.00805915 0.00787676 0.00799989 0.00801128 0.0084897 
0.00457721 0.00390629 0.00373846 0 0.00374289 0.00375421 0.0037673 0.00416596 0.00615312 0.00452509 0.97816 0.0108932 0.00727999 0.00810848 0.0118917 0.0120371 0.0264373 0.0114621 0.00955823 0.00882921 0.0177337 0.011704 0.0213806 0.0239201 0.00921434 0.00934774 0.00864845 0.0119553 0.00906779 0.0086117 0.00805875 0.00803142 0.00805354 0.00817382 0.00923261 0.00834147 0.015492 0.0114274 0.0101433 0.00848337 0.00833213 0.00839951 0.0103976 0.00997606 0.00857956 0.0126267 0.00827156 0.00848892 0.0079242 0.0079507 0.00796778 0.00786624 
0.00441788 0.00376635 0.00375173 0.00374289 0 0.00374088 0.00375245 0.0042802 0.00520716 0.977378 0.0160609 0.00725681 0.00467846 0.00984726 0.010086 0.0491133 0.0158449 0.0140252 0.0107625 0.00958587 0.0108157 0.0361572 0.020073 0.018176 0.0129359 0.00943746 0.00920361 0.0110925 0.0121192 0.00884105 0.00816304 0.00815774 0.00808028 0.00849392 0.00869911 0.0107893 0.0106864 0.0128092 0.010028 0.00897931 0.0083112 0.00899436 0.0101201 0.00986486 0.0105027 0.00900701 0.00935718 0.00826588 0.00787536 0.00802562 0.00805977 0.0079271 
0.00612596 0.00400577 0.00476681 0.00375421 0.00374088 0 0.00381852 0.00534948 0.998508 0.00570892 0.00723585 0.0049202 0.0048453 0.00952827 0.0208297 0.0108278 0.0143783 0.0176934 0.0132551 0.0100343 0.0145655 0.0124534 0.0118305 0.0133556 0.0129325 0.00979678 0.00911399 0.0108172 0.0106178 0.00865288 0.00823524 0.00808513 0.00847771 0.0085288 0.00829559 0.00908233 0.00917357 0.00906396 0.00994366 0.00858719 0.00850766 0.00879405 0.008743 0.00937615 0.00846016 0.00865743 0.00850986 0.00819001 0.00812039 0.0079183 0.00794776 0.00795315 
0.00952697 0.00497273 0.00410741 0.0037673 0.00375245 0.00381852 0 0.999042 0.00530403 0.00438152 0.00409712 0.00417393 0.00459146 0.0139655 0.00867688 0.00870454 0.00937825 0.0124023 0.0185279 0.0149337 0.00976957 0.009499 0.00944532 0.00936081 0.00950906 0.011239 0.0111228 0.00859568 0.00896151 0.00881955 0.00876862 0.00811701 0.00910805 0.00850805 0.00961332 0.0084346 0.00830361 0.00846418 0.00854506 0.00866148 0.0100647 0.00828576 0.00829691 0.0082837 0.00826648 0.00809202 0.00829969 0.00830067 0.00898471 0.00807976 0.00808455 0.00837528 
0.00992801 0.0060615 0.00419774 0.00416596 0.0042802 0.00534948 0.999042 0 0.00433272 0.00384336 0.00413092 0.00411647 0.00721394 0.00734461 0.0071594 0.00700328 0.00939974 0.0345906 0.0898678 0.00977985 0.0104539 0.00857402 0.00888849 0.00948799 0.00869113 0.0151826 0.00861909 0.00818042 0.00828031 0.0109052 0.00824781 0.00861341 0.008163 0.00814182 0.00822174 0.00797163 0.00815567 0.00813399 0.00849407 0.00997844 0.00810731 0.00795062 0.00803924 0.00800255 0.00793036 0.00840992 0.00797521 0.00969523 0.00830309 0.00786754 0.00799359 0.00909246 
0.00813771 0.0055309 0.00583428 0.00615312 0.00520716 0.998508 0.00530403 0.00433272 0 0.00385813 0.0037543 0.00537912 0.0039043 0.0066791 0.00793592 0.00820186 0.0294381 0.10056 0.0123211 0.00918352 0.00925942 0.0100909 0.0100273 0.0100095 0.00959902 0.00898942 0.00833506 0.0086462 0.00874422 0.00874989 0.0080024 0.00812328 0.00807663 0.00802248 0.00799404 0.00831519 0.00848587 0.00840868 0.00929186 0.00867175 0.00806987 0.00812813 0.00829942 0.00822988 0.00848826 0.00821592 0.00828026 0.00858781 0.00792769 0.00792288 0.00798536 0.00826212 
0.00733483 0.00562725 0.00709638 0.00452509 0.977378 0.00570892 0.00438152 0.00384336 0.00385813 0 0.00401648 0.0037488 0.00376594 0.00709026 0.00762147 0.031067 0.0325262 0.0158989 0.0101885 0.00949197 0.00903876 0.0148812 0.0134665 0.0119879 0.00968394 0.0086875 0.00829175 0.00919458 0.00883928 0.00844428 0.00801083 0.00804721 0.00796848 0.00814128 0.00852292 0.0089008 0.00924185 0.0107754 0.00903646 0.00860312 0.00799252 0.00851834 0.00877559 0.0101804 0.00883353 0.00872852 0.00859136 0.00817139 0.00791437 0.00793399 0.0079362 0.00799642 
0.00809972 0.0124887 0.00640953 0.97816 0.0160609 0.00723585 0.00409712 0.00413092 0.0037543 0.00401648 0 0.00373853 0.00378205 0.00674636 0.0179981 0.0324224 0.0332673 0.0106345 0.0102585 0.00896061 0.0228645 0.0120726 0.0186238 0.0315374 0.00926944 0.0103763 0.00904935 0.0119672 0.00980413 0.00855497 0.00851315 0.00817927 0.00810284 0.00828696 0.00942855 0.00859754 0.0165438 0.0113609 0.0114311 0.00850153 0.00869474 0.00843684 0.0122642 0.0107618 0.00914352 0.0130775 0.0087794 0.00893891 0.00787185 0.00804248 0.00807079 0.00790883 
0.00986781 0.00780564 0.977218 0.0108932 0.00725681 0.0049202 0.00417393 0.00411647 0.00537912 0.0037488 0.00373853 0 0.00375066 0.0189491 0.0309455 0.0183706 0.00916096 0.0120516 0.00906368 0.0154798 0.0105947 0.0209725 0.0135551 0.0112706 0.0309671 0.00958803 0.0101169 0.0123533 0.0148193 0.00895193 0.00842797 0.00839102 0.00895124 0.00896738 0.00869708 0.0154341 0.00867805 0.0111463 0.0103277 0.00956258 0.00854359 0.0102847 0.00881414 0.00938214 0.010037 0.00838391 0.011727 0.00814545 0.00877847 0.00806338 0.00807006 0.00819815 
0.0322608 0.968249 0.00787208 0.00727999 0.00467846 0.0048453 0.00459146 0.00721394 0.0039043 0.00376594 0.00378205 0.00375066 0 0.0409531 0.0134537 0.00525666 0.00612238 0.00693117 0.0119509 0.0187496 0.0135217 0.0112132 0.0107338 0.0123043 0.00932739 0.0217948 0.0154268 0.0100978 0.00947507 0.009804 0.0141468 0.00831289 0.0121203 0.00979104 0.0143996 0.0086383 0.0100868 0.00895807 0.00918439 0.00898368 0.0136373 0.00848821 0.00878101 0.00885387 0.00837685 0.00927499 0.0081902 0.0105369 0.0102558 0.00852272 0.00797243 0.00884 
0.0254958 0.0111818 0.0107003 0.00810848 0.00984726 0.00952827 0.0139655 0.00734461 0.0066791 0.00709026 0.00674636 0.0189491 0.0409531 0 0.00387746 0.00377557 0.00387603 0.00384691 0.00542019 0.633917 0.0160363 0.0130805 0.0116894 0.0112057 0.0139 0.0207286 0.0142905 0.00991708 0.00930983 0.0178461 0.00846512 0.00956009 0.00889187 0.00976925 0.00931354 0.00948362 0.0090137 0.0097954 0.00942615 0.015013 0.00878971 0.00855513 0.00895382 0.00913363 0.00931835 0.00878626 0.00984918 0.0108348 0.00879538 0.00853217 0.00817025 0.00985452 
0.0107802 0.0118049 0.00987373 0.0118917 0.010086 0.0208297 0.00867688 0.0071594 0.00793592 0.00762147 0.0179981 0.0309455 0.0134537 0.00387746 0 0.00383358 0.0037942 0.00401034 0.0038376 0.0491594 0.672311 0.0191898 0.0375348 0.0302393 0.0213485 0.0121801 0.024127 0.0359814 0.0165108 0.0103149 0.00937419 0.00850845 0.00892137 0.00896569 0.0108081 0.0155079 0.0188876 0.0188936 0.0178909 0.0102517 0.00992822 0.0117136 0.0131027 0.0139857 0.0133544 0.0157921 0.0109241 0.00920154 0.00809594 0.00813972 0.00827132 0.0080932 
0.00862728 0.00886641 0.0147639 0.0120371 0.0491133 0.0108278 0.00870454 0.00700328 0.00820186 0.031067 0.0324224 0.0183706 0.00525666 0.00377557 0.00383358 0 0.00380393 0.0037881 0.00379025 0.0658378 0.0425223 0.676828 0.0577411 0.102352 0.0288617 0.0137143 0.0163587 0.0469875 0.0284295 0.0118483 0.00867541 0.00859085 0.00883716 0.0101413 0.0170673 0.0313709 0.0514468 0.0736272 0.0312015 0.0146357 0.0100726 0.022644 0.0377006 0.046582 0.0487897 0.0389377 0.0246673 0.00950066 0.00816502 0.00824649 0.00828264 0.00801986 
0.00919847 0.0099884 0.0111672 0.0264373 0.0158449 0.0143783 0.00937825 0.00939974 0.0294381 0.0325262 0.0332673 0.00916096 0.00612238 0.00387603 0.0037942 0.00380393 0 0.00380428 0.00377885 0.0295439 0.102409 0.0886461 0.692343 0.0869375 0.0648498 0.0151426 0.0160075 0.0625783 0.0382615 0.0126744 0.00894939 0.00885915 0.008904 0.0109583 0.0152008 0.0290471 0.0650041 0.0858455 0.0361183 0.0158597 0.0101972 0.0200881 0.0519049 0.0455919 0.0455876 0.0397659 0.0215222 0.00975927 0.00830172 0.00830489 0.00842609 0.00810878 
0.00981875 0.0130497 0.0197488 0.0114621 0.0140252 0.0176934 0.0124023 0.0345906 0.10056 0.0158989 0.0106345 0.0120516 0.00693117 0.00384691 0.00401034 0.0037881 0.00380428 0 0.00409929 0.0248202 0.048662 0.129473 0.0520315 0.622658 0.101392 0.0510289 0.0129832 0.0352523 0.0685124 0.0182553 0.00974543 0.00953592 0.00969938 0.012053 0.0145986 0.0210133 0.0465384 0.0267608 0.0474708 0.0175968 0.0107303 0.013723 0.0211449 0.0243022 0.0284573 0.0227736 0.0224943 0.00994334 0.00893154 0.00838332 0.00841183 0.00804595 
0.0139352 0.0231969 0.0103873 0.00955823 0.0107625 0.0132551 0.0185279 0.0898678 0.0123211 0.0101885 0.0102585 0.00906368 0.0119509 0.00542019 0.0038376 0.00379025 0.00377885 0.00409929 0 0.0308535 0.0190709 0.0314922 0.0572592 0.0312072 0.470997 0.117104 0.0216941 0.0154818 0.0191289 0.02362 0.0118853 0.0103213 0.0150714 0.0120081 0.0150249 0.0106869 0.0114256 0.012794 0.0150883 0.0242838 0.0148539 0.0100055 0.010165 0.0104342 0.0102618 0.00985659 0.0109089 0.012692 0.0130653 0.0088136 0.00853173 0.0091855 
0.012911 0.0101583 0.0135585 0.00882921 0.00958587 0.0100343 0.0149337 0.00977985 0.00918352 0.00949197 0.00896061 0.0154798 0.0187496 0.633917 0.0491594 0.0658378 0.0295439 0.0248202 0.0308535 0 0.0044227 0.00384433 0.00390237 0.00394355 0.00413705 0.00576688 0.0949686 0.0160458 0.0127193 0.0312793 0.00999084 0.0145303 0.0101893 0.0174489 0.0108532 0.0157977 0.0100962 0.0138302 0.0121424 0.027728 0.0118858 0.0115508 0.00975973 0.0100929 0.0110102 0.00924397 0.01531 0.014014 0.0107314 0.00840529 0.00892829 0.0108039 
0.00904428 0.0111599 0.00921772 0.0177337 0.0108157 0.0145655 0.00976957 0.0104539 0.00925942 0.00903876 0.0228645 0.0105947 0.0135217 0.0160363 0.672311 0.0425223 0.102409 0.048662 0.0190709 0.0044227 0 0.00375938 0.0037848 0.00386288 0.00380921 0.00422766 0.0364138 0.0643778 0.0216973 0.0113929 0.0112322 0.00889649 0.0107787 0.0099856 0.0149348 0.0131539 0.0337101 0.0193661 0.0349144 0.0113336 0.0121603 0.0123268 0.0234583 0.0204829 0.0127764 0.0475985 0.0115497 0.0119872 0.00843718 0.00826526 0.00839364 0.00822485 
0.00845294 0.00896652 0.01724 0.011704 0.0361572 0.0124534 0.009499 0.00857402 0.0100909 0.0148812 0.0120726 0.0209725 0.0112132 0.0130805 0.0191898 0.676828 0.0886461 0.129473 0.0314922 0.00384433 0.00375938 0 0.00377231 0.00377651 0.00378372 0.00381656 0.0288569 0.0713198 0.0291279 0.0162362 0.00909048 0.00931183 0.0091472 0.0131289 0.0120948 0.0419465 0.0366861 0.0801783 0.0304857 0.0168435 0.0100409 0.0250529 0.0336069 0.0461328 0.0874661 0.0274292 0.031485 0.0101535 0.00853821 0.0084405 0.00845083 0.00813798 
0.00837309 0.0092246 0.0112378 0.0213806 0.020073 0.0118305 0.00944532 0.00888849 0.0100273 0.0134665 0.0186238 0.0135551 0.0107338 0.0116894 0.0375348 0.0577411 0.692343 0.0520315 0.0572592 0.00390237 0.0037848 0.00377231 0 0.00376336 0.00374433 0.00381506 0.231646 0.0445948 0.0499774 0.0176242 0.00947061 0.0090815 0.00952749 0.0137117 0.0149957 0.0256578 0.066764 0.0816859 0.0317691 0.0178685 0.0112393 0.0204384 0.0483875 0.0582924 0.0609372 0.0405549 0.0198671 0.0105527 0.00878683 0.00839046 0.00837956 0.00810711 
0.00859662 0.0106154 0.0114308 0.0239201 0.018176 0.0133556 0.00936081 0.00948799 0.0100095 0.0119879 0.0315374 0.0112706 0.0123043 0.0112057 0.0302393 0.102352 0.0869375 0.622658 0.0312072 0.00394355 0.00386288 0.00377651 0.00376336 0 0.00376037 0.00378345 0.0255302 0.441643 0.0359934 0.0240417 0.0105108 0.00946667 0.0109386 0.0125134 0.019177 0.0201576 0.0782685 0.0521805 0.0442636 0.0154209 0.0122507 0.0189761 0.070104 0.0564478 0.0291739 0.069736 0.0152611 0.0123777 0.00862721 0.00835802 0.00856709 0.00803555 
0.00822574 0.00897338 0.0172875 0.00921434 0.0129359 0.0129325 0.00950906 0.00869113 0.00959902 0.00968394 0.00926944 0.0309671 0.00932739 0.0139 0.0213485 0.0288617 0.0648498 0.101392 0.470997 0.00413705 0.00380921 0.00378372 0.00374433 0.00376037 0 0.00387067 0.0267676 0.0458592 0.598316 0.0211178 0.0117875 0.0135595 0.0119176 0.0162542 0.010575 0.0467924 0.0145067 0.0320483 0.0455458 0.0274731 0.0104892 0.0347418 0.0176855 0.0206292 0.0349583 0.0132702 0.0600381 0.0100668 0.0102335 0.008661 0.00863021 0.00824532 
0.0110827 0.0167297 0.00907612 0.00934774 0.00943746 0.00979678 0.011239 0.0151826 0.00898942 0.0086875 0.0103763 0.00958803 0.0217948 0.0207286 0.0121801 0.0137143 0.0151426 0.0510289 0.117104 0.00576688 0.00422766 0.00381656 0.00381506 0.00378345 0.00387067 0 0.0194849 0.0388106 0.0571062 0.564394 0.0165445 0.0131242 0.0182423 0.0174133 0.0307369 0.0104926 0.0143288 0.0128004 0.0217152 0.0280051 0.0241995 0.011156 0.012243 0.0142915 0.0104095 0.0154014 0.0110686 0.0242502 0.0134254 0.00956849 0.00873714 0.00946937 
0.0102594 0.0098602 0.00908124 0.00864845 0.00920361 0.00911399 0.0111228 0.00861909 0.00833506 0.00829175 0.00904935 0.0101169 0.0154268 0.0142905 0.024127 0.0163587 0.0160075 0.0129832 0.0216941 0.0949686 0.0364138 0.0288569 0.231646 0.0255302 0.0267676 0.0194849 0 0.00403136 0.00381277 0.00436314 0.0180309 0.0131612 0.0133152 0.0172885 0.0144134 0.0167265 0.0143942 0.0263829 0.0137815 0.0295733 0.0227672 0.0127626 0.0131599 0.0127945 0.0130921 0.0124401 0.0121674 0.0220567 0.0125708 0.00914328 0.0106851 0.0108719 
0.00800764 0.00845863 0.00952955 0.0119553 0.0110925 0.0108172 0.00859568 0.00818042 0.0086462 0.00919458 0.0119672 0.0123533 0.0100978 0.00991708 0.0359814 0.0469875 0.0625783 0.0352523 0.0154818 0.0160458 0.0643778 0.0713198 0.0445948 0.441643 0.0458592 0.0388106 0.00403136 0 0.00379607 0.00378872 0.0190034 0.0139463 0.0176748 0.0127257 0.0127057 0.0362978 0.0567061 0.0359148 0.0443993 0.0161564 0.0136293 0.0269312 0.0346822 0.0316015 0.0247817 0.0448541 0.0235961 0.0129038 0.00972863 0.00914188 0.00916181 0.00861106 
0.00815747 0.00848687 0.00959762 0.00906779 0.0121192 0.0106178 0.00896151 0.00828031 0.00874422 0.00883928 0.00980413 0.0148193 0.00947507 0.00930983 0.0165108 0.0284295 0.0382615 0.0685124 0.0191289 0.0127193 0.0216973 0.0291279 0.0499774 0.0359934 0.598316 0.0571062 0.00381277 0.00379607 0 0.00390798 0.0145213 0.0365641 0.0135265 0.0288567 0.0119851 0.0398184 0.0247605 0.033735 0.0905577 0.0272096 0.0117189 0.0216086 0.0232982 0.0244847 0.0256876 0.0222016 0.0734864 0.0155838 0.0126803 0.00974629 0.0109729 0.00856851 
0.00916403 0.010606 0.00884702 0.0086117 0.00884105 0.00865288 0.00881955 0.0109052 0.00874989 0.00844428 0.00855497 0.00895193 0.009804 0.0178461 0.0103149 0.0118483 0.0126744 0.0182553 0.02362 0.0312793 0.0113929 0.0162362 0.0176242 0.0240417 0.0211178 0.564394 0.00436314 0.00378872 0.00390798 0 0.0498863 0.0174025 0.0217445 0.0163596 0.0465929 0.0139977 0.0180568 0.0174983 0.0219686 0.0565881 0.0213265 0.0125521 0.0129416 0.0131947 0.0126956 0.0121732 0.0166382 0.0302388 0.0189045 0.0127939 0.0096432 0.0111982 
0.0100543 0.00830629 0.00794525 0.00805875 0.00816304 0.00823524 0.00876862 0.00824781 0.0080024 0.00801083 0.00851315 0.00842797 0.0141468 0.00846512 0.00937419 0.00867541 0.00894939 0.00974543 0.0118853 0.00999084 0.0112322 0.00909048 0.00947061 0.0105108 0.0117875 0.0165445 0.0180309 0.0190034 0.0145213 0.0498863 0 0.00443885 0.00560004 0.844736 0.0057273 0.00806644 0.00781181 0.0085245 0.01038 0.0142504 0.0098478 0.00965642 0.00895427 0.00911083 0.00858071 0.010813 0.0107345 0.0219386 0.0222199 0.00943747 0.0115427 0.01214 
0.00844118 0.00819162 0.00815266 0.00803142 0.00815774 0.00808513 0.00811701 0.00861341 0.00812328 0.00804721 0.00817927 0.00839102 0.00831289 0.00956009 0.00850845 0.00859085 0.00885915 0.00953592 0.0103213 0.0145303 0.00889649 0.00931183 0.0090815 0.00946667 0.0135595 0.0131242 0.0131612 0.0139463 0.0365641 0.0174025 0.00443885 0 0.928409 0.00546035 0.00726489 0.00801311 0.00684798 0.00782368 0.010437 0.0107901 0.010225 0.00848617 0.00833519 0.00858605 0.00871712 0.00880466 0.0126462 0.0133855 0.0250643 0.0119458 0.0103078 0.0121552 
0.00969034 0.00836588 0.00801446 0.00805354 0.00808028 0.00847771 0.00910805 0.008163 0.00807663 0.00796848 0.00810284 0.00895124 0.0121203 0.00889187 0.00892137 0.00883716 0.008904 0.00969938 0.0150714 0.0101893 0.0107787 0.0091472 0.00952749 0.0109386 0.0119176 0.0182423 0.0133152 0.0176748 0.0135265 0.0217445 0.00560004 0.928409 0 0.0125126 0.00384979 0.00652614 0.00399093 0.00448524 0.00700068 0.0176473 0.0100193 0.0088633 0.00809512 0.00844597 0.00853857 0.0110253 0.0125828 0.0425346 0.0235619 0.0130704 0.014557 0.0141457 
0.00850813 0.00831588 0.00828744 0.00817382 0.00849392 0.0085288 0.00850805 0.00814182 0.00802248 0.00814128 0.00828696 0.00896738 0.00979104 0.00976925 0.00896569 0.0101413 0.0109583 0.012053 0.0120081 0.0174489 0.0099856 0.0131289 0.0137117 0.0125134 0.0162542 0.0174133 0.0172885 0.0127257 0.0288567 0.0163596 0.844736 0.00546035 0.0125126 0 0.00674248 0.00390795 0.00382109 0.00402537 0.0053746 0.00652188 0.0103723 0.00872257 0.00864825 0.00846144 0.0100517 0.0105012 0.0202335 0.0404692 0.0307267 0.0113175 0.0101149 0.0129056 
0.00868041 0.00886567 0.00812392 0.00923261 0.00869911 0.00829559 0.00961332 0.00822174 0.00799404 0.00852292 0.00942855 0.00869708 0.0143996 0.00931354 0.0108081 0.0170673 0.0152008 0.0145986 0.0150249 0.0108532 0.0149348 0.0120948 0.0149957 0.019177 0.010575 0.0307369 0.0144134 0.0127057 0.0119851 0.0465929 0.0057273 0.00726489 0.00384979 0.00674248 0 0.00392241 0.00376641 0.00380889 0.00380058 0.00476997 0.00671887 0.00760432 0.00828021 0.00933838 0.0100846 0.0373574 0.0468058 0.511714 0.0116266 0.00995599 0.0109608 0.0104725 
0.00793305 0.00802218 0.0116886 0.00834147 0.0107893 0.00908233 0.0084346 0.00797163 0.00831519 0.0089008 0.00859754 0.0154341 0.0086383 0.00948362 0.0155079 0.0313709 0.0290471 0.0210133 0.0106869 0.0157977 0.0131539 0.0419465 0.0256578 0.0201576 0.0467924 0.0104926 0.0167265 0.0362978 0.0398184 0.0139977 0.00806644 0.00801311 0.00652614 0.00390795 0.00392241 0 0.00378859 0.00375906 0.00438759 0.00394437 0.0060991 0.00985345 0.00871692 0.0121956 0.0592405 0.0503982 0.69422 0.00993105 0.00975547 0.0144884 0.0113122 0.0106943 
0.00796378 0.00922373 0.00863307 0.015492 0.0106864 0.00917357 0.00830361 0.00815567 0.00848587 0.00924185 0.0165438 0.00867805 0.0100868 0.0090137 0.0188876 0.0514468 0.0650041 0.0465384 0.0114256 0.0100962 0.0337101 0.0366861 0.066764 0.0782685 0.0145067 0.0143288 0.0143942 0.0567061 0.0247605 0.0180568 0.00781181 0.00684798 0.00399093 0.00382109 0.00376641 0.00378859 0 0.00382769 0.00380553 0.00381577 0.00593239 0.00876018 0.0139888 0.0386956 0.0598633 0.695106 0.00877388 0.0113195 0.0084616 0.00936214 0.00933924 0.0086043 
0.00796533 0.00836436 0.0104044 0.0114274 0.0128092 0.00906396 0.00846418 0.00813399 0.00840868 0.0107754 0.0113609 0.0111463 0.00895807 0.0097954 0.0188936 0.0736272 0.0858455 0.0267608 0.012794 0.0138302 0.0193661 0.0801783 0.0816859 0.0521805 0.0320483 0.0128004 0.0263829 0.0359148 0.033735 0.0174983 0.0085245 0.00782368 0.00448524 0.00402537 0.00380889 0.00375906 0.00382769 0 0.0038148 0.00377657 0.00569883 0.0175697 0.0444356 0.110437 0.709451 0.0110665 0.0180265 0.0086464 0.0100271 0.0108912 0.00959783 0.00995172 
0.00810619 0.00903769 0.00923763 0.0101433 0.010028 0.00994366 0.00854506 0.00849407 0.00929186 0.00903646 0.0114311 0.0103277 0.00918439 0.00942615 0.0178909 0.0312015 0.0361183 0.0474708 0.0150883 0.0121424 0.0349144 0.0304857 0.0317691 0.0442636 0.0455458 0.0217152 0.0137815 0.0443993 0.0905577 0.0219686 0.01038 0.010437 0.00700068 0.0053746 0.00380058 0.00438759 0.00380553 0.0038148 0 0.00397046 0.00971838 0.0654266 0.0865933 0.572365 0.0111144 0.0198824 0.0164576 0.0129123 0.0113761 0.0124086 0.0140911 0.00968382 
0.0091117 0.0096281 0.0091216 0.00848337 0.00897931 0.00858719 0.00866148 0.00997844 0.00867175 0.00860312 0.00850153 0.00956258 0.00898368 0.015013 0.0102517 0.0146357 0.0158597 0.0175968 0.0242838 0.027728 0.0113336 0.0168435 0.0178685 0.0154209 0.0274731 0.0280051 0.0295733 0.0161564 0.0272096 0.0565881 0.0142504 0.0107901 0.0176473 0.00652188 0.00476997 0.00394437 0.00381577 0.00377657 0.00397046 0 0.128848 0.372836 0.104578 0.00681935 0.012715 0.00717725 0.0168422 0.013336 0.0269139 0.0174764 0.0147221 0.0161101 
0.0096978 0.00863717 0.00812019 0.00833213 0.0083112 0.00850766 0.0100647 0.00810731 0.00806987 0.00799252 0.00869474 0.00854359 0.0136373 0.00878971 0.00992822 0.0100726 0.0101972 0.0107303 0.0148539 0.0118858 0.0121603 0.0100409 0.0112393 0.0122507 0.0104892 0.0241995 0.0227672 0.0136293 0.0117189 0.0213265 0.0098478 0.010225 0.0100193 0.0103723 0.00671887 0.0060991 0.00593239 0.00569883 0.00971838 0.128848 0 0.00420256 0.00376006 0.00377608 0.00392636 0.00398434 0.00410119 0.0105885 0.0115897 0.0162422 0.014381 0.0160394 
0.00791799 0.00793009 0.00901359 0.00839951 0.00899436 0.00879405 0.00828576 0.00795062 0.00812813 0.00851834 0.00843684 0.0102847 0.00848821 0.00855513 0.0117136 0.022644 0.0200881 0.013723 0.0100055 0.0115508 0.0123268 0.0250529 0.0204384 0.0189761 0.0347418 0.011156 0.0127626 0.0269312 0.0216086 0.0125521 0.00965642 0.00848617 0.0088633 0.00872257 0.00760432 0.00985345 0.00876018 0.0175697 0.0654266 0.372836 0.00420256 0 0.00377246 0.00377723 0.00378434 0.0038466 0.00587023 0.00451675 0.00716857 0.0124648 0.0113315 0.0105901 
0.00789217 0.00833091 0.0086682 0.0103976 0.0101201 0.008743 0.00829691 0.00803924 0.00829942 0.00877559 0.0122642 0.00881414 0.00878101 0.00895382 0.0131027 0.0377006 0.0519049 0.0211449 0.010165 0.00975973 0.0234583 0.0336069 0.0483875 0.070104 0.0176855 0.012243 0.0131599 0.0346822 0.0232982 0.0129416 0.00895427 0.00833519 0.00809512 0.00864825 0.00828021 0.00871692 0.0139888 0.0444356 0.0865933 0.104578 0.00376006 0.00377246 0 0.00375929 0.00377658 0.00372263 0.00376405 0.00412313 0.00549091 0.0117404 0.00980183 0.00900051 
0.00788275 0.00820218 0.00907672 0.00997606 0.00986486 0.00937615 0.0082837 0.00800255 0.00822988 0.0101804 0.0107618 0.00938214 0.00885387 0.00913363 0.0139857 0.046582 0.0455919 0.0243022 0.0104342 0.0100929 0.0204829 0.0461328 0.0582924 0.0564478 0.0206292 0.0142915 0.0127945 0.0316015 0.0244847 0.0131947 0.00911083 0.00858605 0.00844597 0.00846144 0.00933838 0.0121956 0.0386956 0.110437 0.572365 0.00681935 0.00377608 0.00377723 0.00375929 0 0.00377191 0.00374872 0.00372488 0.00409516 0.00485787 0.0121607 0.0117811 0.00904769 
0.00784823 0.00801363 0.00947398 0.00857956 0.0105027 0.00846016 0.00826648 0.00793036 0.00848826 0.00883353 0.00914352 0.010037 0.00837685 0.00931835 0.0133544 0.0487897 0.0455876 0.0284573 0.0102618 0.0110102 0.0127764 0.0874661 0.0609372 0.0291739 0.0349583 0.0104095 0.0130921 0.0247817 0.0256876 0.0126956 0.00858071 0.00871712 0.00853857 0.0100517 0.0100846 0.0592405 0.0598633 0.709451 0.0111144 0.012715 0.00392636 0.00378434 0.00377658 0.00377191 0 0.00375534 0.00379477 0.00378377 0.00447092 0.0135719 0.00953488 0.00953434 
0.00798764 0.00878114 0.00833291 0.0126267 0.00900701 0.00865743 0.00809202 0.00840992 0.00821592 0.00872852 0.0130775 0.00838391 0.00927499 0.00878626 0.0157921 0.0389377 0.0397659 0.0227736 0.00985659 0.00924397 0.0475985 0.0274292 0.0405549 0.069736 0.0132702 0.0154014 0.0124401 0.0448541 0.0222016 0.0121732 0.010813 0.00880466 0.0110253 0.0105012 0.0373574 0.0503982 0.695106 0.0110665 0.0198824 0.00717725 0.00398434 0.0038466 0.00372263 0.00374872 0.00375534 0 0.00375592 0.00379159 0.00460506 0.0103991 0.0129294 0.00893199 
0.0079047 0.00800004 0.0112547 0.00827156 0.00935718 0.00850986 0.00829969 0.00797521 0.00828026 0.00859136 0.0087794 0.011727 0.0081902 0.00984918 0.0109241 0.0246673 0.0215222 0.0224943 0.0109089 0.01531 0.0115497 0.031485 0.0198671 0.0152611 0.0600381 0.0110686 0.0121674 0.0235961 0.0734864 0.0166382 0.0107345 0.0126462 0.0125828 0.0202335 0.0468058 0.69422 0.00877388 0.0180265 0.0164576 0.0168422 0.00410119 0.00587023 0.00376405 0.00372488 0.00379477 0.00375592 0 0.00386112 0.00722311 0.0223909 0.0151033 0.0109148 
0.00906165 0.012356 0.00805915 0.00848892 0.00826588 0.00819001 0.00830067 0.00969523 0.00858781 0.00817139 0.00893891 0.00814545 0.0105369 0.0108348 0.00920154 0.00950066 0.00975927 0.00994334 0.012692 0.014014 0.0119872 0.0101535 0.0105527 0.0123777 0.0100668 0.0242502 0.0220567 0.0129038 0.0155838 0.0302388 0.0219386 0.0133855 0.0425346 0.0404692 0.511714 0.00993105 0.0113195 0.0086464 0.0129123 0.013336 0.0105885 0.00451675 0.00412313 0.00409516 0.00378377 0.00379159 0.00386112 0 0.072493 0.0186446 0.0315888 0.0149311 
0.0110141 0.00842752 0.00787676 0.0079242 0.00787536 0.00812039 0.00898471 0.00830309 0.00792769 0.00791437 0.00787185 0.00877847 0.0102558 0.00879538 0.00809594 0.00816502 0.00830172 0.00893154 0.0130653 0.0107314 0.00843718 0.00853821 0.00878683 0.00862721 0.0102335 0.0134254 0.0125708 0.00972863 0.0126803 0.0189045 0.0222199 0.0250643 0.0235619 0.0307267 0.0116266 0.00975547 0.0084616 0.0100271 0.0113761 0.0269139 0.0115897 0.00716857 0.00549091 0.00485787 0.00447092 0.00460506 0.00722311 0.072493 0 0.0655192 0.0337767 0.101981 
0.00847036 0.00793505 0.00799989 0.0079507 0.00802562 0.0079183 0.00807976 0.00786754 0.00792288 0.00793399 0.00804248 0.00806338 0.00852272 0.00853217 0.00813972 0.00824649 0.00830489 0.00838332 0.0088136 0.00840529 0.00826526 0.0084405 0.00839046 0.00835802 0.008661 0.00956849 0.00914328 0.00914188 0.00974629 0.0127939 0.00943747 0.0119458 0.0130704 0.0113175 0.00995599 0.0144884 0.00936214 0.0108912 0.0124086 0.0174764 0.0162422 0.0124648 0.0117404 0.0121607 0.0135719 0.0103991 0.0223909 0.0186446 0.0655192 0 0.00561175 0.108859 
0.00812894 0.00803053 0.00801128 0.00796778 0.00805977 0.00794776 0.00808455 0.00799359 0.00798536 0.0079362 0.00807079 0.00807006 0.00797243 0.00817025 0.00827132 0.00828264 0.00842609 0.00841183 0.00853173 0.00892829 0.00839364 0.00845083 0.00837956 0.00856709 0.00863021 0.00873714 0.0106851 0.00916181 0.0109729 0.0096432 0.0115427 0.0103078 0.014557 0.0101149 0.0109608 0.0113122 0.00933924 0.00959783 0.0140911 0.0147221 0.014381 0.0113315 0.00980183 0.0117811 0.00953488 0.0129294 0.0151033 0.0315888 0.0337767 0.00561175 0 0.0342967 
0.0111003 0.00902786 0.0084897 0.00786624 0.0079271 0.00795315 0.00837528 0.00909246 0.00826212 0.00799642 0.00790883 0.00819815 0.00884 0.00985452 0.0080932 0.00801986 0.00810878 0.00804595 0.0091855 0.0108039 0.00822485 0.00813798 0.00810711 0.00803555 0.00824532 0.00946937 0.0108719 0.00861106 0.00856851 0.0111982 0.01214 0.0121552 0.0141457 0.0129056 0.0104725 0.0106943 0.0086043 0.00995172 0.00968382 0.0161101 0.0160394 0.0105901 0.00900051 0.00904769 0.00953434 0.00893199 0.0109148 0.0149311 0.101981 0.108859 0.0342967 0 
