1N8NA
SPLNPGTNVARLAEQAPIHWVSVAQIENSLAGRPPMAVGFDIDDTVLFSSPGFWRGKKTFSPESEDYLKNPVFWEKMNNGWDEFSIPKEVARQLIDMHVRRGDAIFFVTGRSPTKTETVSKTLADNFHIPATNMNPVIFAGDKPGQNTKSQWLQDKNIRIFYGDSDNDITAARDVGARGIRILRASNSTYKPLPQAGAFGEEVIVNSEY
CCCCCCCCHHHHHCCCCCEEECHHHHHHHCCCCCCCEEEECCECCCEECHHHHHHHHHHHCCCCCHHHHCHHHHHHHHCCHHHHCEECHHHHHHHHHHHHCCCEEEEEECCCCCCCCCHHHHHHHHHCCCCCCCCCCEECCCCCCCCCHHHHHHHCCEEEEEECCHHHHHHHHHCCCEEEECCCCCCCCCCCCCCCCCCCCEEECCCCC
0 0 0 0 0 0 0 0 0 0 0 0 0 0 0 0 0 0 0 0 0 0 0 0 0 0 0 0 0 0 0 0 0 0 0 0 0 0 0 0 0 0 0 0 0 0 0 0 0 0 0 0 0 0 0 0 0 0 0 0 0 0 0 0 0 0 0 0 0 0 0 0 0 0 0 0 0 0 0 0 0 0 0 0 0 0 0 0 0 0 0 0 0 0 0 0 0 0 0 0 0 0 0 0 0 0 0 0 0 0 0 0 0 0 0 0 0 0 0 0 0 0 0 0 0 0 0 0 0 0 0 0 0 0 0 0 0 0 0 0 0 0 0 0 0 0 0 0 0 0 0 0 0 0 0 0 0 0 0 0 0 0 0 0 0 0 0 0 0 0 0 0 0 0 0 0 0 0 0 0 0 0 0 0 0 0 0 0 0 0 0 0 0 0 0 0 0 0 0 0 0 0 0 0 0 0 0 0 0 
0 0 0 0 0 0 0 0 0 0 0 0 0 0 0 0 0 0 0 0 0 0 0 0 0 0 0 0 0 0 0 0 0 0 0 0 0 0 0 0 0 0 0 0 0 0 0 0 0 0 0 0 0 0 0 0 0 0 0 0 0 0 0 0 0 0 0 0 0 0 0 0 0 0 0 0 0 0 0 0 0 0 0 0 0 0 0 0 0 0 0 0 0 0 0 0 0 0 0 0 0 0 0 0 0 0 0 0 0 0 0 0 0 0 0 0 0 0 0 0 0 0 0 0 0 0 0 0 0 0 0 0 0 0 0 0 0 0 0 0 0 0 0 0 0 0 0 0 0 0 0 0 0 0 0 0 0 0 0 0 0 0 0 0 0 0 0 0 0 0 0 0 0 0 0 0 0 0 0 0 0 0 0 0 0 0 0 0 0 0 0 0 0 0 0 0 0 0 0 0 0 0 0 0 0 0 0 0 0 
0 0.00399603 0.00421526 0.0259148 0.0183981 0.0135101 0.0251215 0.0108755 0.0148006 0.0137233 0.00856151 0.0103576 0.00851709 0.00854029 0.00853729 0.00862135 0.00850625 0.00884358 0.00802911 0.00870061 0.00856429 0.00798265 0.00876479 0.00794242 0.00800245 0.00810729 0.00796732 0.00793649 0.00795222 0.00831086 0.00815184 0.00796855 0.00850979 
0.00399603 0 0.00376583 0.0132523 0.0285317 0.0921388 0.0117455 0.0105192 0.0227268 0.0113938 0.0100664 0.0085872 0.00915811 0.00913808 0.00938371 0.00921209 0.0092902 0.00821816 0.00818199 0.00817638 0.00801996 0.00864315 0.00818013 0.008223 0.00830573 0.00809583 0.00794841 0.00819023 0.00822199 0.00803454 0.008 0.00830882 0.00810243 
0.00421526 0.00376583 0 0.0136961 0.0215038 0.016617 0.0645975 0.0198123 0.0166186 0.0279087 0.0101794 0.00932303 0.00953011 0.0108312 0.00886439 0.0100238 0.00914994 0.0104778 0.00885912 0.00858922 0.0122717 0.00797217 0.00846991 0.00815067 0.00810331 0.00830098 0.00816121 0.00808421 0.0081141 0.00811927 0.00859039 0.00807623 0.00814725 
0.0259148 0.0132523 0.0136961 0 0.00397369 0.00381579 0.00394244 0.00622276 0.0131829 0.0154183 0.019286 0.0190031 0.0179659 0.0111667 0.0157279 0.014217 0.011284 0.015177 0.0096465 0.0118388 0.00845715 0.00889151 0.00856432 0.00871276 0.00909079 0.00953867 0.0082263 0.00839739 0.00834911 0.00937944 0.00832557 0.00828511 0.00886908 
0.0183981 0.0285317 0.0215038 0.00397369 0 0.00424624 0.0037983 0.00467149 0.0105718 0.0135972 0.0115709 0.0110208 0.0102419 0.052556 0.0260599 0.03516 0.0222085 0.00983769 0.00917963 0.00931671 0.00949948 0.00866215 0.0117445 0.0103907 0.0100547 0.00931696 0.00803824 0.00937635 0.00954271 0.00840341 0.00827657 0.00860466 0.00841486 
0.0135101 0.0921388 0.016617 0.00381579 0.00424624 0 0.00432839 0.00593878 0.0241915 0.0179473 0.01124 0.0114631 0.0122609 0.015302 0.0400505 0.043246 0.0288936 0.0126122 0.00967675 0.0104538 0.00830064 0.010221 0.0102453 0.0122058 0.0122884 0.0088575 0.00825165 0.00892353 0.00887591 0.0086973 0.00838066 0.00871466 0.00820609 
0.0251215 0.0117455 0.0645975 0.00394244 0.0037983 0.00432839 0 0.0262999 0.0168131 0.0455811 0.0133989 0.0158605 0.0123963 0.0141383 0.0132986 0.0166582 0.0196237 0.0245463 0.0112381 0.0119398 0.0133722 0.00845732 0.00965509 0.00882788 0.00995046 0.0106308 0.00867485 0.00849884 0.00910016 0.00917182 0.00890024 0.00869703 0.00875795 
0.0108755 0.0105192 0.0198123 0.00622276 0.00467149 0.00593878 0.0262999 0 0.447657 0.0105688 0.016985 0.0227722 0.0134802 0.00952958 0.00945768 0.00976398 0.0101606 0.0144856 0.0104809 0.0132179 0.00892433 0.00822688 0.00808269 0.00813595 0.0085071 0.0100674 0.00863496 0.00806787 0.00797385 0.00987047 0.00847786 0.00809289 0.00898014 
0.0148006 0.0227268 0.0166186 0.0131829 0.0105718 0.0241915 0.0168131 0.447657 0 0.00476992 0.0199623 0.12667 0.0135022 0.012949 0.0135718 0.0143504 0.015679 0.0153612 0.0117368 0.0148422 0.0092788 0.00949392 0.00867548 0.00895696 0.00939427 0.00985993 0.00868953 0.00846641 0.00925199 0.00976705 0.00867286 0.00881901 0.00923439 
0.0137233 0.0113938 0.0279087 0.0154183 0.0135972 0.0179473 0.0455811 0.0105688 0.00476992 0 0.173994 0.0273398 0.0146887 0.0144308 0.0133867 0.0134561 0.0189751 0.0198653 0.0135912 0.0137916 0.0114579 0.00835728 0.00904501 0.00852534 0.00930363 0.0105785 0.00896088 0.00846049 0.00855361 0.00920103 0.00887741 0.0085493 0.00873279 
0.00856151 0.0100664 0.0101794 0.019286 0.0115709 0.01124 0.0133989 0.016985 0.0199623 0.173994 0 0.00671088 0.0114705 0.0118803 0.0101692 0.0131802 0.0115683 0.014598 0.0122302 0.0174833 0.00841865 0.00858349 0.0083047 0.00822415 0.00891941 0.00949475 0.00818924 0.00805693 0.00874075 0.00941297 0.00799563 0.00819299 0.0084341 
0.0103576 0.0085872 0.00932303 0.0190031 0.0110208 0.0114631 0.0158605 0.0227722 0.12667 0.0273398 0.00671088 0 0.016889 0.0114712 0.00967666 0.010014 0.0150855 0.0159517 0.021671 0.011322 0.016238 0.00861158 0.00867992 0.00850275 0.00951375 0.00897013 0.0102637 0.00894595 0.00837407 0.00863021 0.0100099 0.00836075 0.00818153 
0.00851709 0.00915811 0.00953011 0.0179659 0.0102419 0.0122609 0.0123963 0.0134802 0.0135022 0.0146887 0.0114705 0.016889 0 0.00388416 0.00377321 0.00381009 0.00409811 0.00656479 0.0664626 0.0170234 0.0144826 0.0150982 0.00959991 0.0107149 0.010388 0.0122753 0.0123841 0.00886008 0.00981707 0.0141934 0.00934006 0.00899914 0.0111586 
0.00854029 0.00913808 0.0108312 0.0111667 0.052556 0.015302 0.0141383 0.00952958 0.012949 0.0144308 0.0118803 0.0114712 0.00388416 0 0.00380091 0.0037956 0.0040663 0.00387737 0.0416571 0.0180997 0.0211941 0.0133815 0.0434948 0.0177262 0.016723 0.0104719 0.00871679 0.0208917 0.0172209 0.00998709 0.00905431 0.0108142 0.00918825 
0.00853729 0.00938371 0.00886439 0.0157279 0.0260599 0.0400505 0.0132986 0.00945768 0.0135718 0.0133867 0.0101692 0.00967666 0.00377321 0.00380091 0 0.00379658 0.00380121 0.00388131 0.0348886 0.0185205 0.0109011 0.0396664 0.0396364 0.0768215 0.0199281 0.0112806 0.0104111 0.015508 0.0166063 0.0125433 0.00949634 0.0097943 0.00951141 
0.00862135 0.00921209 0.0100238 0.014217 0.03516 0.043246 0.0166582 0.00976398 0.0143504 0.0134561 0.0131802 0.010014 0.00381009 0.0037956 0.00379658 0 0.00380178 0.00379236 0.0318325 0.0186224 0.0127037 0.0246331 0.0745601 0.0603291 0.0340923 0.0129221 0.00993458 0.0184443 0.0223706 0.0151013 0.0100481 0.0107834 0.00998779 
0.00850625 0.0092902 0.00914994 0.011284 0.0222085 0.0288936 0.0196237 0.0101606 0.015679 0.0189751 0.0115683 0.0150855 0.00409811 0.0040663 0.00380121 0.00380178 0 0.00390288 0.067832 0.03101 0.0137975 0.0164648 0.0275701 0.0230622 0.0489797 0.0157227 0.0093039 0.0144317 0.0230607 0.0120482 0.0102497 0.0115153 0.00919161 
0.00884358 0.00821816 0.0104778 0.015177 0.00983769 0.0126122 0.0245463 0.0144856 0.0153612 0.0198653 0.014598 0.0159517 0.00656479 0.00387737 0.00388131 0.00379236 0.00390288 0 0.0227645 0.201013 0.0186605 0.00981804 0.0116113 0.0126214 0.0190477 0.0261229 0.0117114 0.00997238 0.0097573 0.0200329 0.0116536 0.00888742 0.0114297 
0.00802911 0.00818199 0.00885912 0.0096465 0.00917963 0.00967675 0.0112381 0.0104809 0.0117368 0.0135912 0.0122302 0.021671 0.0664626 0.0416571 0.0348886 0.0318325 0.067832 0.0227645 0 0.00457019 0.0283894 0.0401878 0.0140847 0.0181339 0.0312912 0.021349 0.0214901 0.0136015 0.0199411 0.0204843 0.0119756 0.012312 0.0138576 
0.00870061 0.00817638 0.00858922 0.0118388 0.00931671 0.0104538 0.0119398 0.0132179 0.0148422 0.0137916 0.0174833 0.011322 0.0170234 0.0180997 0.0185205 0.0186224 0.03101 0.201013 0.00457019 0 0.0448377 0.0135135 0.0142512 0.0195296 0.0657457 0.0712655 0.0158704 0.0136023 0.01482 0.0216061 0.0152516 0.014629 0.0127722 
0.00856429 0.00801996 0.0122717 0.00845715 0.00949948 0.00830064 0.0133722 0.00892433 0.0092788 0.0114579 0.00841865 0.016238 0.0144826 0.0211941 0.0109011 0.0127037 0.0137975 0.0186605 0.0283894 0.0448377 0 0.00418476 0.00392754 0.00386787 0.00420731 0.0060079 0.0351205 0.0161136 0.0228106 0.0263488 0.0197931 0.0139406 0.0268141 
0.00798265 0.00864315 0.00797217 0.00889151 0.00866215 0.010221 0.00845732 0.00822688 0.00949392 0.00835728 0.00858349 0.00861158 0.0150982 0.0133815 0.0396664 0.0246331 0.0164648 0.00981804 0.0401878 0.0135135 0.00418476 0 0.00376204 0.0037584 0.00411537 0.00383553 0.0207892 0.066523 0.0147219 0.020517 0.0119087 0.0175066 0.00982407 
0.00876479 0.00818013 0.00846991 0.00856432 0.0117445 0.0102453 0.00965509 0.00808269 0.00867548 0.00904501 0.0083047 0.00867992 0.00959991 0.0434948 0.0396364 0.0745601 0.0275701 0.0116113 0.0140847 0.0142512 0.00392754 0.00376204 0 0.00375149 0.00378257 0.00377589 0.0918652 0.0280698 0.091131 0.019596 0.0149705 0.0124701 0.0104961 
0.00794242 0.008223 0.00815067 0.00871276 0.0103907 0.0122058 0.00882788 0.00813595 0.00895696 0.00852534 0.00822415 0.00850275 0.0107149 0.0177262 0.0768215 0.0603291 0.0230622 0.0126214 0.0181339 0.0195296 0.00386787 0.0037584 0.00375149 0 0.00381367 0.00376476 0.0158009 0.284066 0.0355269 0.0355183 0.0108985 0.013624 0.00985091 
0.00800245 0.00830573 0.00810331 0.00909079 0.0100547 0.0122884 0.00995046 0.0085071 0.00939427 0.00930363 0.00891941 0.00951375 0.010388 0.016723 0.0199281 0.0340923 0.0489797 0.0190477 0.0312912 0.0657457 0.00420731 0.00411537 0.00378257 0.00381367 0 0.00392323 0.0210241 0.0570599 0.437472 0.0253126 0.012208 0.0269648 0.0141481 
0.00810729 0.00809583 0.00830098 0.00953867 0.00931696 0.0088575 0.0106308 0.0100674 0.00985993 0.0105785 0.00949475 0.00897013 0.0122753 0.0104719 0.0112806 0.0129221 0.0157227 0.0261229 0.021349 0.0712655 0.0060079 0.00383553 0.00377589 0.00376476 0.00392323 0 0.0497923 0.0354844 0.0202682 0.412683 0.0166513 0.0113859 0.0181151 
0.00796732 0.00794841 0.00816121 0.0082263 0.00803824 0.00825165 0.00867485 0.00863496 0.00868953 0.00896088 0.00818924 0.0102637 0.0123841 0.00871679 0.0104111 0.00993458 0.0093039 0.0117114 0.0214901 0.0158704 0.0351205 0.0207892 0.0918652 0.0158009 0.0210241 0.0497923 0 0.00396364 0.0038501 0.00476647 0.0681013 0.0113391 0.0314221 
0.00793649 0.00819023 0.00808421 0.00839739 0.00937635 0.00892353 0.00849884 0.00806787 0.00846641 0.00846049 0.00805693 0.00894595 0.00886008 0.0208917 0.015508 0.0184443 0.0144317 0.00997238 0.0136015 0.0136023 0.0161136 0.066523 0.0280698 0.284066 0.0570599 0.0354844 0.00396364 0 0.00380218 0.00378094 0.0596512 0.107095 0.0187714 
0.00795222 0.00822199 0.0081141 0.00834911 0.00954271 0.00887591 0.00910016 0.00797385 0.00925199 0.00855361 0.00874075 0.00837407 0.00981707 0.0172209 0.0166063 0.0223706 0.0230607 0.0097573 0.0199411 0.01482 0.0228106 0.0147219 0.091131 0.0355269 0.437472 0.0202682 0.0038501 0.00380218 0 0.00424249 0.0890992 0.135208 0.0261727 
0.00831086 0.00803454 0.00811927 0.00937944 0.00840341 0.0086973 0.00917182 0.00987047 0.00976705 0.00920103 0.00941297 0.00863021 0.0141934 0.00998709 0.0125433 0.0151013 0.0120482 0.0200329 0.0204843 0.0216061 0.0263488 0.020517 0.019596 0.0355183 0.0253126 0.412683 0.00476647 0.00378094 0.00424249 0 0.028184 0.0355373 0.141643 
0.00815184 0.008 0.00859039 0.00832557 0.00827657 0.00838066 0.00890024 0.00847786 0.00867286 0.00887741 0.00799563 0.0100099 0.00934006 0.00905431 0.00949634 0.0100481 0.0102497 0.0116536 0.0119756 0.0152516 0.0197931 0.0119087 0.0149705 0.0108985 0.012208 0.0166513 0.0681013 0.0596512 0.0890992 0.028184 0 0.00394752 0.00599417 
0.00796855 0.00830882 0.00807623 0.00828511 0.00860466 0.00871466 0.00869703 0.00809289 0.00881901 0.0085493 0.00819299 0.00836075 0.00899914 0.0108142 0.0097943 0.0107834 0.0115153 0.00888742 0.012312 0.014629 0.0139406 0.0175066 0.0124701 0.013624 0.0269648 0.0113859 0.0113391 0.107095 0.135208 0.0355373 0.00394752 0 0.00408513 
0.00850979 0.00810243 0.00814725 0.00886908 0.00841486 0.00820609 0.00875795 0.00898014 0.00923439 0.00873279 0.0084341 0.00818153 0.0111586 0.00918825 0.00951141 0.00998779 0.00919161 0.0114297 0.0138576 0.0127722 0.0268141 0.00982407 0.0104961 0.00985091 0.0141481 0.0181151 0.0314221 0.0187714 0.0261727 0.141643 0.00599417 0.00408513 0 
