1NPLA
DNILYSGETLSPGEFLNNGRYVFIMQEDCNLVLYDVDKPIWATNTGGLDRRCHLSMQSDGNLVVYSPRNNPIWASNTGGENGNYVCVLQKDRNVVIYGTARWATGTNIH
CCEEECCCEECCCCEEEECCEEEEECCCCCEEEEECCEEEEECCCCCCCCCCEEEECCCCCEEEECCCCCEEEECCCCCCCCCEEEEECCCCCEEEEECCCCCCCCCCC
0 0 0 0 0 0 0 0 0 0 0 0 0 0 0 0 0 0 0 0 0 0 0 0 0 0 0 0 0 0 0 0 0 0 0 0 0 0 0 0 0 0 0 0 0 0 0 0 0 0 0 0 0 0 0 0 0 0 0 0 0 0 0 0 0 0 0 0 0 0 0 0 0 0 0 0 0 0 0 0 0 0 0 0 0 0 0 0 0 0 0 0 0 0 0 0 0 0 0 0 0 0 0 0 0 0 0 0 0 
0 0 0 0 0 0 0 0 0 0 0 0 0 0 0 0 0 0 0 0 0 0 0 0 0 0 0 0 0 0 0 0 0 0 0 0 0 0 0 0 0 0 0 0 0 0 0 0 0 0 0 0 0 0 0 0 0 0 0 0 0 0 0 0 0 0 0 0 0 0 0 0 0 0 0 0 0 0 0 0 0 0 0 0 0 0 0 0 0 0 0 0 0 0 0 0 0 0 0 0 0 0 0 0 0 0 0 0 0 
0 0.00406905 0.00594833 0.00695389 0.0597153 0.0218086 0.00988089 0.017116 0.041142 0.0180103 0.014476 0.0123021 0.0124795 0.0287634 0.0276543 0.0166315 0.0121052 0.013356 0.0201779 0.0125983 0.00933668 0.00939702 0.00962401 0.0198737 0.0142593 0.010996 0.0104173 0.0166666 0.0166405 0.0112025 0.0114882 0.0203859 0.00965081 0.00840234 0.00888648 0.0138789 0.0102027 0.0085753 0.00962226 0.010222 0.0135005 0.0110168 0.00872212 0.00849095 0.00904851 0.0105579 
0.00406905 0 0.00390211 0.0128809 0.13805 0.00767883 0.0245077 0.0122498 0.00928979 0.0107641 0.0154871 0.012829 0.0336382 0.0108325 0.0145847 0.0188273 0.0160802 0.0151904 0.0103425 0.00885186 0.0106225 0.00879828 0.0127792 0.0102939 0.00912299 0.0275207 0.0127158 0.00998852 0.0101474 0.018682 0.0294844 0.0107207 0.00823942 0.0088809 0.00899226 0.00880263 0.00869952 0.00909735 0.0095995 0.0132375 0.00928027 0.00841812 0.00925867 0.00837349 0.0088232 0.00817357 
0.00594833 0.00390211 0 0.129211 0.00550672 0.0382965 0.00923064 0.0111925 0.0119231 0.01753 0.0120316 0.0114082 0.0153565 0.0190298 0.0171166 0.0145563 0.0106547 0.014805 0.0117639 0.0139324 0.00851693 0.00879248 0.0111316 0.0135911 0.0189175 0.00899172 0.012412 0.0133048 0.0172012 0.0115703 0.0123637 0.0183093 0.00937933 0.00854288 0.00906186 0.00891819 0.0109358 0.00922137 0.00895527 0.00982575 0.0110784 0.0113733 0.00884907 0.00860939 0.00836305 0.00871743 
0.00695389 0.0128809 0.129211 0 0.00559385 0.0171966 0.0113123 0.0233571 0.011578 0.0085007 0.0131305 0.00740815 0.00965084 0.0175352 0.0127343 0.013008 0.00852945 0.0134064 0.0125293 0.0106516 0.009164 0.00835229 0.0106983 0.012443 0.016 0.00883194 0.0102139 0.0110935 0.011326 0.010856 0.00973201 0.0150532 0.00981596 0.00835067 0.00928075 0.010161 0.00913098 0.00918156 0.00831573 0.00904538 0.0101759 0.0104965 0.00870635 0.0083501 0.0086483 0.00925026 
0.0597153 0.13805 0.00550672 0.00559385 0 0.0300794 0.012082 0.00564642 0.00689543 0.0233877 0.00761325 0.00869599 0.0116937 0.0413115 0.0282594 0.00979852 0.00994841 0.00891705 0.013345 0.012324 0.00898387 0.00851678 0.00863102 0.0147982 0.0102757 0.0130838 0.00852052 0.0112015 0.0166202 0.00949377 0.00970773 0.0115966 0.00973187 0.00859675 0.00828924 0.0111904 0.0146594 0.00874894 0.00869238 0.0087966 0.00961223 0.0109413 0.00883649 0.00820303 0.00850933 0.00912229 
0.0218086 0.00767883 0.0382965 0.0171966 0.0300794 0 0.00594644 0.0048362 0.00521082 0.00487707 0.00691568 0.00845782 0.845116 0.0248489 0.00956758 0.00989097 0.00820659 0.0175405 0.0133483 0.0106533 0.00854386 0.00840118 0.0116947 0.0134323 0.0230104 0.0085563 0.0120802 0.0126152 0.0128453 0.0103946 0.00990441 0.0189439 0.00995785 0.00836725 0.010043 0.0115561 0.00909273 0.00874542 0.00854946 0.00976688 0.0117961 0.010586 0.00833564 0.00864504 0.00918485 0.0103599 
0.00988089 0.0245077 0.00923064 0.0113123 0.012082 0.00594644 0 0.00438133 0.00382873 0.00548125 0.00587306 0.93865 0.00935099 0.00626868 0.00899936 0.00793375 0.0155457 0.00920783 0.0110681 0.00816803 0.00928923 0.00933803 0.00908854 0.0114462 0.00847046 0.0311863 0.00879117 0.00997073 0.0104362 0.0104332 0.0163082 0.010112 0.00842385 0.00928048 0.00857667 0.00979187 0.00910867 0.00834663 0.0125022 0.00908937 0.00894216 0.00839415 0.00928132 0.00862674 0.00871903 0.00851278 
0.017116 0.0122498 0.0111925 0.0233571 0.00564642 0.0048362 0.00438133 0 0.00384973 0.00648467 0.994427 0.00479286 0.00569655 0.00521441 0.00758991 0.027271 0.00789004 0.0130273 0.00789138 0.00844549 0.009268 0.0084739 0.0119924 0.00823017 0.0125997 0.00870854 0.0152855 0.00854071 0.00961799 0.0129337 0.0120206 0.00914931 0.00850538 0.00855638 0.0111237 0.00813502 0.00848061 0.0102325 0.00864059 0.0115045 0.00847723 0.00906392 0.00883999 0.0087205 0.00832929 0.00800868 
0.041142 0.00928979 0.0119231 0.011578 0.00689543 0.00521082 0.00382873 0.00384973 0 0.9868 0.00489503 0.00398408 0.00431125 0.00483617 0.0124748 0.00877042 0.00776098 0.00816873 0.00899347 0.0165634 0.00770729 0.00792038 0.00832418 0.0109934 0.0114852 0.00894623 0.0086124 0.0105883 0.0157028 0.00912427 0.00919998 0.0114924 0.00929086 0.00840438 0.0081976 0.00939635 0.0123399 0.00852859 0.00845495 0.00855306 0.00935409 0.0109194 0.00871258 0.00818102 0.00826191 0.00846623 
0.0180103 0.0107641 0.01753 0.0085007 0.0233877 0.00487707 0.00548125 0.00648467 0.9868 0 0.00386961 0.00379308 0.00382835 0.00465781 0.0109657 0.00726974 0.00901198 0.0130854 0.831262 0.00966791 0.0079808 0.00810519 0.00862203 0.0359777 0.0106073 0.0136281 0.00892874 0.0262467 0.018971 0.0100932 0.0116316 0.0239267 0.00983796 0.00903271 0.00890338 0.0248676 0.0135456 0.00936655 0.0101304 0.00935915 0.0213285 0.0102074 0.00914409 0.0085105 0.0093103 0.0124921 
0.014476 0.0154871 0.0120316 0.0131305 0.00761325 0.00691568 0.00587306 0.994427 0.00489503 0.00386961 0 0.00375396 0.00377605 0.00435504 0.00608474 0.012605 0.00813897 0.909436 0.0101927 0.0077635 0.00757138 0.00795472 0.0182682 0.00913769 0.0153569 0.0105043 0.0279056 0.00985757 0.0138616 0.0239512 0.0190311 0.0120179 0.0092169 0.00920282 0.0145065 0.00889332 0.00879378 0.0179802 0.0130646 0.0242733 0.0092756 0.00974626 0.00974655 0.00970073 0.0105034 0.00844505 
0.0123021 0.012829 0.0114082 0.00740815 0.00869599 0.00845782 0.93865 0.00479286 0.00398408 0.00379308 0.00375396 0 0.00374906 0.00376359 0.00608583 0.00937888 0.879205 0.00938209 0.00750278 0.00702436 0.00822739 0.0150562 0.00964659 0.00982313 0.0100399 0.0479163 0.0161702 0.0116323 0.011969 0.0318329 0.0356438 0.0111419 0.00853152 0.0140462 0.0101382 0.00916558 0.00977906 0.0126128 0.0741454 0.0201477 0.0101396 0.00906902 0.0112047 0.0164996 0.00937623 0.00840347 
0.0124795 0.0336382 0.0153565 0.00965084 0.0116937 0.845116 0.00935099 0.00569655 0.00431125 0.00382835 0.00377605 0.00374906 0 0.00401474 0.00535688 0.927877 0.010763 0.0155642 0.00707485 0.00735472 0.0108799 0.00768524 0.0164964 0.0110077 0.0149023 0.025433 0.0527532 0.0132367 0.0125004 0.0325723 0.0676938 0.0186755 0.00899018 0.00987307 0.0183653 0.0092594 0.00917218 0.0220118 0.0180441 0.0497687 0.0137183 0.00920374 0.011701 0.0103232 0.0114881 0.00842558 
0.0287634 0.0108325 0.0190298 0.0175352 0.0413115 0.0248489 0.00626868 0.00521441 0.00483617 0.00465781 0.00435504 0.00376359 0.00401474 0 0.95595 0.0106781 0.00962223 0.0068815 0.0186875 0.0217701 0.00725429 0.00770943 0.00891846 0.0208796 0.0206502 0.0119279 0.0132656 0.0224554 0.0228675 0.0139838 0.0189948 0.0314993 0.0101197 0.00909364 0.00932958 0.014961 0.0165848 0.00943384 0.010398 0.0129815 0.0180472 0.0124842 0.00909146 0.00902573 0.00889681 0.00928914 
0.0276543 0.0145847 0.0171166 0.0127343 0.0282594 0.00956758 0.00899936 0.00758991 0.0124748 0.0109657 0.00608474 0.00608583 0.00535688 0.95595 0 0.00384766 0.0037905 0.00382942 0.00472238 0.00473909 0.00476251 0.00536834 0.00907639 0.507315 0.024523 0.024163 0.0103064 0.0424 0.0337155 0.0195957 0.0149092 0.0273669 0.0119975 0.0102065 0.00970261 0.0175922 0.0183191 0.0118404 0.0140601 0.0115787 0.0262679 0.0142531 0.0108185 0.0090583 0.00926801 0.0126997 
0.0166315 0.0188273 0.0145563 0.013008 0.00979852 0.00989097 0.00793375 0.027271 0.00877042 0.00726974 0.012605 0.00937888 0.927877 0.0106781 0.00384766 0 0.00382683 0.00402076 0.00385587 0.00412747 0.0128384 0.0101455 0.451049 0.30058 0.0120589 0.0120056 0.0377596 0.0107848 0.0168687 0.041772 0.0266161 0.0147634 0.00920931 0.0100347 0.015161 0.00982205 0.00960743 0.0225419 0.0175982 0.0442523 0.0107808 0.0105724 0.012686 0.0102769 0.0147174 0.00885172 
0.0121052 0.0160802 0.0106547 0.00852945 0.00994841 0.00820659 0.0155457 0.00789004 0.00776098 0.00901198 0.00813897 0.879205 0.010763 0.00962223 0.0037905 0.00382683 0 0.00377374 0.00376338 0.00415523 0.0121116 0.458331 0.174054 0.0105035 0.00912778 0.0476089 0.0107335 0.0112995 0.0124895 0.022706 0.0308587 0.0115374 0.00880263 0.0133933 0.00922314 0.00966944 0.0105553 0.0110132 0.0569886 0.0146264 0.0118311 0.00903799 0.0109205 0.0152568 0.00960089 0.00871933 
0.013356 0.0151904 0.014805 0.0134064 0.00891705 0.0175405 0.00920783 0.0130273 0.00816873 0.0130854 0.909436 0.00938209 0.0155642 0.0068815 0.00382942 0.00402076 0.00377374 0 0.00392563 0.0158801 0.894037 0.0326976 0.00676144 0.00746295 0.0245008 0.00988007 0.0290154 0.0103367 0.0128579 0.0355903 0.0243741 0.0148603 0.0100993 0.00932935 0.0159597 0.00877009 0.00982268 0.0227285 0.0111416 0.0294316 0.01071 0.0109633 0.0110637 0.010582 0.00986391 0.00854897 
0.0201779 0.0103425 0.0117639 0.0125293 0.013345 0.0133483 0.0110681 0.00789138 0.00899347 0.831262 0.0101927 0.00750278 0.00707485 0.0186875 0.00472238 0.00385587 0.00376338 0.00392563 0 0.992151 0.00397956 0.00409962 0.00386112 0.00559831 0.00965131 0.0101047 0.00838965 0.0123184 0.0213327 0.01036 0.0117469 0.0171564 0.0103041 0.00892716 0.00854699 0.0111198 0.0185413 0.00884068 0.00927385 0.0094134 0.0130269 0.0119835 0.00951412 0.00840309 0.00874725 0.00897516 
0.0125983 0.00885186 0.0139324 0.0106516 0.012324 0.0106533 0.00816803 0.00844549 0.0165634 0.00966791 0.0077635 0.00702436 0.00735472 0.0217701 0.00473909 0.00412747 0.00415523 0.0158801 0.992151 0 0.00406345 0.00377825 0.00386705 0.00434467 0.0110521 0.00698078 0.00818246 0.0340309 0.0113783 0.00904695 0.00914827 0.015916 0.00926196 0.00828402 0.0090915 0.0114213 0.00961843 0.00895132 0.00877425 0.00887938 0.0122838 0.0142948 0.00875664 0.0085105 0.00890926 0.0102042 
0.00933668 0.0106225 0.00851693 0.009164 0.00898387 0.00854386 0.00928923 0.009268 0.00770729 0.0079808 0.00757138 0.00822739 0.0108799 0.00725429 0.00476251 0.0128384 0.0121116 0.894037 0.00397956 0.00406345 0 0.00373959 0.00379154 0.0037814 0.00693364 0.00887686 0.00998433 0.0213271 0.00955557 0.0102119 0.0101438 0.0092089 0.00836756 0.00884822 0.00874551 0.00852265 0.00886902 0.00964505 0.00980346 0.00986117 0.00856874 0.00914028 0.00957367 0.00851561 0.00905639 0.00826998 
0.00939702 0.00879828 0.00879248 0.00835229 0.00851678 0.00840118 0.00933803 0.0084739 0.00792038 0.00810519 0.00795472 0.0150562 0.00768524 0.00770943 0.00536834 0.0101455 0.458331 0.0326976 0.00409962 0.00377825 0.00373959 0 0.00373938 0.00374565 0.00686176 0.0119477 0.0112034 0.00851006 0.00877839 0.0104193 0.0106257 0.00896182 0.00803986 0.00877262 0.00887666 0.00865151 0.00875338 0.00908206 0.018583 0.0103284 0.00918322 0.00873679 0.00934015 0.0119855 0.00872432 0.00834872 
0.00962401 0.0127792 0.0111316 0.0106983 0.00863102 0.0116947 0.00908854 0.0119924 0.00832418 0.00862203 0.0182682 0.00964659 0.0164964 0.00891846 0.00907639 0.451049 0.174054 0.00676144 0.00386112 0.00386705 0.00379154 0.00373938 0 0.00376451 0.0269147 0.0180856 0.0318916 0.00949876 0.00945349 0.0154151 0.0292412 0.0112542 0.00854569 0.00936368 0.0178887 0.00876988 0.0088008 0.013564 0.0113306 0.0269356 0.0100722 0.00968252 0.0100492 0.00987133 0.010678 0.00819387 
0.0198737 0.0102939 0.0135911 0.012443 0.0147982 0.0134323 0.0114462 0.00823017 0.0109934 0.0359777 0.00913769 0.00982313 0.0110077 0.0208796 0.507315 0.30058 0.0105035 0.00746295 0.00559831 0.00434467 0.0037814 0.00374565 0.00376451 0 0.02761 0.0234884 0.0100934 0.0298123 0.0171631 0.0101096 0.0161624 0.0350219 0.014128 0.00920501 0.00885364 0.0204503 0.0175183 0.0092001 0.00988768 0.0099755 0.0214914 0.013844 0.00953484 0.00871225 0.00869324 0.00935365 
0.0142593 0.00912299 0.0189175 0.016 0.0102757 0.0230104 0.00847046 0.0125997 0.0114852 0.0106073 0.0153569 0.0100399 0.0149023 0.0206502 0.024523 0.0120589 0.00912778 0.0245008 0.00965131 0.0110521 0.00693364 0.00686176 0.0269147 0.02761 0 0.00384094 0.00383898 0.00390258 0.00633815 0.00807601 0.0101015 0.872279 0.0116716 0.0076226 0.013469 0.0123944 0.0109488 0.0150614 0.00968756 0.0301228 0.01439 0.0220116 0.00943544 0.0102039 0.0111372 0.0118207 
0.010996 0.0275207 0.00899172 0.00883194 0.0130838 0.0085563 0.0311863 0.00870854 0.00894623 0.0136281 0.0105043 0.0479163 0.025433 0.0119279 0.024163 0.0120056 0.0476089 0.00988007 0.0101047 0.00698078 0.00887686 0.0119477 0.0180856 0.0234884 0.00384094 0 0.00376617 0.00378193 0.0065673 0.00807177 0.910862 0.015314 0.00669216 0.016346 0.008596 0.0123992 0.012803 0.0101362 0.0600001 0.0148544 0.0134716 0.0108347 0.0224948 0.0103266 0.0112105 0.00992988 
0.0104173 0.0127158 0.012412 0.0102139 0.00852052 0.0120802 0.00879117 0.0152855 0.0086124 0.00892874 0.0279056 0.0161702 0.0527532 0.0132656 0.0103064 0.0377596 0.0107335 0.0290154 0.00838965 0.00818246 0.00998433 0.0112034 0.0318916 0.0100934 0.00383898 0.00376617 0 0.00388578 0.00664454 0.947129 0.0138451 0.00859579 0.00830279 0.00753924 0.0211855 0.00841142 0.00967248 0.0303625 0.0144748 0.044688 0.01216 0.00992612 0.0108552 0.0122778 0.01401 0.00861433 
0.0166666 0.00998852 0.0133048 0.0110935 0.0112015 0.0126152 0.00997073 0.00854071 0.0105883 0.0262467 0.00985757 0.0116323 0.0132367 0.0224554 0.0424 0.0107848 0.0112995 0.0103367 0.0123184 0.0340309 0.0213271 0.00851006 0.00949876 0.0298123 0.00390258 0.00378193 0.00388578 0 0.977958 0.0116272 0.0109245 0.0117806 0.00905195 0.0093563 0.00839199 0.0145031 0.0230729 0.0105364 0.0113306 0.013092 0.0294425 0.0149001 0.0105701 0.00934342 0.00921885 0.0106739 
0.0166405 0.0101474 0.0172012 0.011326 0.0166202 0.0128453 0.0104362 0.00961799 0.0157028 0.018971 0.0138616 0.011969 0.0125004 0.0228675 0.0337155 0.0168687 0.0124895 0.0128579 0.0213327 0.0113783 0.00955557 0.00877839 0.00945349 0.0171631 0.00633815 0.0065673 0.00664454 0.977958 0 0.00385157 0.00391195 0.00466277 0.00736203 0.00660908 0.0151713 0.300821 0.0308613 0.0156009 0.0139313 0.0138737 0.0292236 0.0274202 0.0146001 0.0103432 0.0113884 0.0191999 
0.0112025 0.018682 0.0115703 0.010856 0.00949377 0.0103946 0.0104332 0.0129337 0.00912427 0.0100932 0.0239512 0.0318329 0.0325723 0.0139838 0.0195957 0.041772 0.022706 0.0355903 0.01036 0.00904695 0.0102119 0.0104193 0.0154151 0.0101096 0.00807601 0.00807177 0.947129 0.0116272 0.00385157 0 0.00382098 0.00394246 0.00559651 0.0187749 0.200977 0.320052 0.0116457 0.0257364 0.0238821 0.0389138 0.0128052 0.0145696 0.0181677 0.016521 0.0255305 0.0100016 
0.0114882 0.0294844 0.0123637 0.00973201 0.00970773 0.00990441 0.0163082 0.0120206 0.00919998 0.0116316 0.0190311 0.0356438 0.0676938 0.0189948 0.0149092 0.0266161 0.0308587 0.0243741 0.0117469 0.00914827 0.0101438 0.0106257 0.0292412 0.0161624 0.0101015 0.910862 0.0138451 0.0109245 0.00391195 0.00382098 0 0.00381993 0.0108903 0.240592 0.26043 0.00873505 0.0133656 0.0178357 0.0257247 0.0694846 0.0244805 0.0130619 0.0200289 0.0197749 0.0206345 0.0112944 
0.0203859 0.0107207 0.0183093 0.0150532 0.0115966 0.0189439 0.010112 0.00914931 0.0114924 0.0239267 0.0120179 0.0111419 0.0186755 0.0314993 0.0273669 0.0147634 0.0115374 0.0148603 0.0171564 0.015916 0.0092089 0.00896182 0.0112542 0.0350219 0.872279 0.015314 0.00859579 0.0117806 0.00466277 0.00394246 0.00381993 0 0.788171 0.0317607 0.00524736 0.011229 0.0169208 0.0137703 0.01244 0.0225982 0.0475991 0.0201448 0.0141357 0.00998317 0.0120587 0.0130124 
0.00965081 0.00823942 0.00937933 0.00981596 0.00973187 0.00995785 0.00842385 0.00850538 0.00929086 0.00983796 0.0092169 0.00853152 0.00899018 0.0101197 0.0119975 0.00920931 0.00880263 0.0100993 0.0103041 0.00926196 0.00836756 0.00803986 0.00854569 0.014128 0.0116716 0.00669216 0.00830279 0.00905195 0.00736203 0.00559651 0.0108903 0.788171 0 0.00378397 0.00389572 0.00544007 0.00696969 0.0067937 0.00793344 0.0363605 0.0278901 0.0120696 0.00852378 0.0084028 0.00964123 0.0126032 
0.00840234 0.0088809 0.00854288 0.00835067 0.00859675 0.00836725 0.00928048 0.00855638 0.00840438 0.00903271 0.00920282 0.0140462 0.00987307 0.00909364 0.0102065 0.0100347 0.0133933 0.00932935 0.00892716 0.00828402 0.00884822 0.00877262 0.00936368 0.00920501 0.0076226 0.016346 0.00753924 0.0093563 0.00660908 0.0187749 0.240592 0.0317607 0.00378397 0 0.00408147 0.00380696 0.00656338 0.00769622 0.0290135 0.019712 0.00952217 0.0085647 0.014042 0.00876658 0.0099186 0.00839305 
0.00888648 0.00899226 0.00906186 0.00928075 0.00828924 0.010043 0.00857667 0.0111237 0.0081976 0.00890338 0.0145065 0.0101382 0.0183653 0.00932958 0.00970261 0.015161 0.00922314 0.0159597 0.00854699 0.0090915 0.00874551 0.00887666 0.0178887 0.00885364 0.013469 0.008596 0.0211855 0.00839199 0.0151713 0.200977 0.26043 0.00524736 0.00389572 0.00408147 0 0.00376376 0.00807012 0.0528637 0.0110442 0.0317344 0.00936806 0.00988049 0.00952943 0.011858 0.0111175 0.00855258 
0.0138789 0.00880263 0.00891819 0.010161 0.0111904 0.0115561 0.00979187 0.00813502 0.00939635 0.0248676 0.00889332 0.00916558 0.0092594 0.014961 0.0175922 0.00982205 0.00966944 0.00877009 0.0111198 0.0114213 0.00852265 0.00865151 0.00876988 0.0204503 0.0123944 0.0123992 0.00841142 0.0145031 0.300821 0.320052 0.00873505 0.011229 0.00544007 0.00380696 0.00376376 0 0.173221 0.0127474 0.011256 0.00951969 0.0181615 0.012464 0.0104897 0.00840482 0.00873296 0.0109242 
0.0102027 0.00869952 0.0109358 0.00913098 0.0146594 0.00909273 0.00910867 0.00848061 0.0123399 0.0135456 0.00879378 0.00977906 0.00917218 0.0165848 0.0183191 0.00960743 0.0105553 0.00982268 0.0185413 0.00961843 0.00886902 0.00875338 0.0088008 0.0175183 0.0109488 0.012803 0.00967248 0.0230729 0.0308613 0.0116457 0.0133656 0.0169208 0.00696969 0.00656338 0.00807012 0.173221 0 0.00387463 0.00381252 0.00395497 0.00455506 0.00857239 0.00713033 0.00778912 0.0116272 0.918906 
0.0085753 0.00909735 0.00922137 0.00918156 0.00874894 0.00874542 0.00834663 0.0102325 0.00852859 0.00936655 0.0179802 0.0126128 0.0220118 0.00943384 0.0118404 0.0225419 0.0110132 0.0227285 0.00884068 0.00895132 0.00964505 0.00908206 0.013564 0.0092001 0.0150614 0.0101362 0.0303625 0.0105364 0.0156009 0.0257364 0.0178357 0.0137703 0.0067937 0.00769622 0.0528637 0.0127474 0.00387463 0 0.0038345 0.00380157 0.00381323 0.0066737 0.00740696 0.00950179 0.873179 0.0270371 
0.00962226 0.0095995 0.00895527 0.00831573 0.00869238 0.00854946 0.0125022 0.00864059 0.00845495 0.0101304 0.0130646 0.0741454 0.0180441 0.010398 0.0140601 0.0175982 0.0569886 0.0111416 0.00927385 0.00877425 0.00980346 0.018583 0.0113306 0.00988768 0.00968756 0.0600001 0.0144748 0.0113306 0.0139313 0.0238821 0.0257247 0.01244 0.00793344 0.0290135 0.0110442 0.011256 0.00381252 0.0038345 0 0.00380274 0.00378067 0.00612674 0.0151372 0.867258 0.0244858 0.00837645 
0.010222 0.0132375 0.00982575 0.00904538 0.0087966 0.00976688 0.00908937 0.0115045 0.00855306 0.00935915 0.0242733 0.0201477 0.0497687 0.0129815 0.0115787 0.0442523 0.0146264 0.0294316 0.0094134 0.00887938 0.00986117 0.0103284 0.0269356 0.0099755 0.0301228 0.0148544 0.044688 0.013092 0.0138737 0.0389138 0.0694846 0.0225982 0.0363605 0.019712 0.0317344 0.00951969 0.00395497 0.00380157 0.00380274 0 0.0038662 0.0108442 0.898337 0.0130186 0.0188135 0.00789381 
0.0135005 0.00928027 0.0110784 0.0101759 0.00961223 0.0117961 0.00894216 0.00847723 0.00935409 0.0213285 0.0092756 0.0101396 0.0137183 0.0180472 0.0262679 0.0107808 0.0118311 0.01071 0.0130269 0.0122838 0.00856874 0.00918322 0.0100722 0.0214914 0.01439 0.0134716 0.01216 0.0294425 0.0292236 0.0128052 0.0244805 0.0475991 0.0278901 0.00952217 0.00936806 0.0181615 0.00455506 0.00381323 0.00378067 0.0038662 0 0.916003 0.00968091 0.00677018 0.00835969 0.0121806 
0.0110168 0.00841812 0.0113733 0.0104965 0.0109413 0.010586 0.00839415 0.00906392 0.0109194 0.0102074 0.00974626 0.00906902 0.00920374 0.0124842 0.0142531 0.0105724 0.00903799 0.0109633 0.0119835 0.0142948 0.00914028 0.00873679 0.00968252 0.013844 0.0220116 0.0108347 0.00992612 0.0149001 0.0274202 0.0145696 0.0130619 0.0201448 0.0120696 0.0085647 0.00988049 0.012464 0.00857239 0.0066737 0.00612674 0.0108442 0.916003 0 0.00407614 0.00390631 0.00422909 0.00778267 
0.00872212 0.00925867 0.00884907 0.00870635 0.00883649 0.00833564 0.00928132 0.00883999 0.00871258 0.00914409 0.00974655 0.0112047 0.011701 0.00909146 0.0108185 0.012686 0.0109205 0.0110637 0.00951412 0.00875664 0.00957367 0.00934015 0.0100492 0.00953484 0.00943544 0.0224948 0.0108552 0.0105701 0.0146001 0.0181677 0.0200289 0.0141357 0.00852378 0.014042 0.00952943 0.0104897 0.00713033 0.00740696 0.0151372 0.898337 0.00968091 0.00407614 0 0.00389144 0.00427796 0.00491099 
0.00849095 0.00837349 0.00860939 0.0083501 0.00820303 0.00864504 0.00862674 0.0087205 0.00818102 0.0085105 0.00970073 0.0164996 0.0103232 0.00902573 0.0090583 0.0102769 0.0152568 0.010582 0.00840309 0.0085105 0.00851561 0.0119855 0.00987133 0.00871225 0.0102039 0.0103266 0.0122778 0.00934342 0.0103432 0.016521 0.0197749 0.00998317 0.0084028 0.00876658 0.011858 0.00840482 0.00778912 0.00950179 0.867258 0.0130186 0.00677018 0.00390631 0.00389144 0 0.00381339 0.00389495 
0.00904851 0.0088232 0.00836305 0.0086483 0.00850933 0.00918485 0.00871903 0.00832929 0.00826191 0.0093103 0.0105034 0.00937623 0.0114881 0.00889681 0.00926801 0.0147174 0.00960089 0.00986391 0.00874725 0.00890926 0.00905639 0.00872432 0.010678 0.00869324 0.0111372 0.0112105 0.01401 0.00921885 0.0113884 0.0255305 0.0206345 0.0120587 0.00964123 0.0099186 0.0111175 0.00873296 0.0116272 0.873179 0.0244858 0.0188135 0.00835969 0.00422909 0.00427796 0.00381339 0 0.00397434 
0.0105579 0.00817357 0.00871743 0.00925026 0.00912229 0.0103599 0.00851278 0.00800868 0.00846623 0.0124921 0.00844505 0.00840347 0.00842558 0.00928914 0.0126997 0.00885172 0.00871933 0.00854897 0.00897516 0.0102042 0.00826998 0.00834872 0.00819387 0.00935365 0.0118207 0.00992988 0.00861433 0.0106739 0.0191999 0.0100016 0.0112944 0.0130124 0.0126032 0.00839305 0.00855258 0.0109242 0.918906 0.0270371 0.00837645 0.00789381 0.0121806 0.00778267 0.00491099 0.00389495 0.00397434 0 
