1NV8A
RKIWSLIRDCSGKLEGVTETSVLEVLLIVSRVLGIRKEDLFLKDLGVSPTEEKRILELVEKRASGYPLHYILGEKEFMGLSFLVEEGVFVPRPETEELVELALELIRKYGIKTVADIGTGSGAIGVSVAKFSDAIVFATDVSSKAVEIARKNAERHGVSDRFFVRKGEFLEPFKEKFASIEMILSNPPYVKSSAHLPKDVLFEPPEALFGGEDGLDFYREFFGRYDTSGKIVLMEIGEDQVEELKKIVSDTVFLKDSAGKYRFLLLNRRSS
CCHHHHHHHHHHHCCCCCCCHHHHHHHHHHHHHCCCHHHHCCCCCCCCHHHHHHHHHHHHHHHCCCCHHHHHCEEEECCEEEECCCCCCCCCCCHHHHHHHHHHHHHHHCCCEEEEECCCCCHHHHHHHHHCCCEEEEEECCHHHHHHHHHHHHHCCCCCCEEEEECCCCHHHHHHCCCCCEEEECCCCECHHHCCCCCCCCCCHHHHECCCCCCHHHHHHHHHCCCCCCEEEEECCCCCHHHHCCCCCCCEEEECCCCCEEEEEEECCCC
0 0 0 0 0 0 0 0 0 0 0 0 0 0 0 0 0 0 0 0 0 0 0 0 0 0 0 0 0 0 0 0 0 0 0 0 0 0 0 0 0 0 0 0 0 0 0 0 0 0 0 0 0 0 0 0 0 0 0 0 0 0 0 0 0 0 0 0 0 0 0 0 0 0 0 0 0 0 0 0 0 0 0 0 0 0 0 0 0 0 0 0 0 0 0 0 0 0 0 0 0 0 0 0 0 0 0 0 0 0 0 0 0 0 0 0 0 0 0 0 0 0 0 0 0 0 0 0 0 0 0 0 0 0 0 0 0 0 0 0 0 0 0 0 0 0 0 0 0 0 0 0 0 0 0 0 0 0 0 0 0 0 0 0 0 0 0 0 0 0 0 0 0 0 0 0 0 0 0 0 0 0 0 0 0 0 0 0 0 0 0 0 0 0 0 0 0 0 0 0 0 0 0 0 0 0 0 0 0 0 0 0 0 0 0 0 0 0 0 0 0 0 0 0 0 0 0 0 0 0 0 0 0 0 0 0 0 0 0 0 0 0 0 0 0 0 0 0 0 0 0 0 0 0 0 0 0 0 0 0 0 0 0 0 0 0 0 0 0 0 0 
0 0 0 0 0 0 0 0 0 0 0 0 0 0 0 0 0 0 0 0 0 0 0 0 0 0 0 0 0 0 0 0 0 0 0 0 0 0 0 0 0 0 0 0 0 0 0 0 0 0 0 0 0 0 0 0 0 0 0 0 0 0 0 0 0 0 0 0 0 0 0 0 0 0 0 0 0 0 0 0 0 0 0 0 0 0 0 0 0 0 0 0 0 0 0 0 0 0 0 0 0 0 0 0 0 0 0 0 0 0 0 0 0 0 0 0 0 0 0 0 0 0 0 0 0 0 0 0 0 0 0 0 0 0 0 0 0 0 0 0 0 0 0 0 0 0 0 0 0 0 0 0 0 0 0 0 0 0 0 0 0 0 0 0 0 0 0 0 0 0 0 0 0 0 0 0 0 0 0 0 0 0 0 0 0 0 0 0 0 0 0 0 0 0 0 0 0 0 0 0 0 0 0 0 0 0 0 0 0 0 0 0 0 0 0 0 0 0 0 0 0 0 0 0 0 0 0 0 0 0 0 0 0 0 0 0 0 0 0 0 0 0 0 0 0 0 0 0 0 0 0 0 0 0 0 0 0 0 0 0 0 0 0 0 0 0 0 0 0 0 0 
0 0.00373598 0.00378613 0.00450883 0.0039538 0.00511041 0.00519595 0.959854 0.0126201 0.0106598 0.00966298 0.0112292 0.0120169 0.0113329 0.00859293 0.00963612 0.00859264 0.00965785 0.00988704 0.00823337 0.00854566 0.00799115 0.00825713 0.00933634 0.00844256 0.0084397 0.00810084 0.0100277 0.00937989 0.00803807 0.00809019 0.00800319 0.00805089 0.00790362 0.00822464 0.00811523 0.00785145 0.00786328 0.00817482 0.00811894 0.00793672 0.00798077 0.00789468 0.00798206 0.0079238 0.00849161 
0.00373598 0 0.00379626 0.00383157 0.0057653 0.00527713 0.98033 0.00652406 0.0109311 0.0207475 0.0205999 0.0101427 0.0102853 0.0085225 0.0216914 0.00903127 0.0162514 0.00935872 0.00865368 0.0090147 0.0080901 0.0103619 0.00830913 0.00804649 0.00888319 0.00890741 0.00927051 0.00826643 0.00805801 0.0081192 0.00802291 0.00863135 0.00851672 0.00846582 0.00803078 0.00794845 0.0084779 0.00809233 0.00802263 0.00799194 0.00827164 0.00828007 0.00842817 0.00840101 0.00840654 0.00812201 
0.00378613 0.00379626 0 0.00375005 0.00424482 0.987608 0.00489021 0.00546826 0.00999151 0.0145252 0.0157579 0.0482134 0.00931507 0.0119452 0.00933813 0.0192564 0.010535 0.013844 0.00886775 0.00825679 0.0118433 0.00813711 0.00829563 0.0081697 0.00836452 0.00991218 0.00873231 0.00864945 0.00791896 0.00794786 0.00802824 0.0085384 0.00880148 0.00830858 0.00807154 0.00801349 0.00810949 0.00799588 0.00792473 0.00788244 0.00807782 0.00840296 0.00837846 0.00832105 0.00801372 0.0079365 
0.00450883 0.00383157 0.00375005 0 0.979092 0.00412484 0.00406669 0.00455672 0.0177962 0.0110543 0.0106264 0.0127203 0.0282538 0.0112692 0.0100026 0.00901423 0.0101298 0.0094586 0.0112903 0.0137391 0.00820255 0.00858042 0.0081035 0.00857265 0.0112297 0.00853319 0.00885901 0.00911453 0.00903308 0.00878037 0.00848037 0.0081106 0.0082461 0.00809215 0.0082099 0.008121 0.00798257 0.00791817 0.0079763 0.00808989 0.00798393 0.00813336 0.00811058 0.00807881 0.00798115 0.00801762 
0.0039538 0.0057653 0.00424482 0.979092 0 0.00381798 0.0039506 0.00395233 0.158371 0.0304142 0.0131073 0.00988254 0.0245702 0.010752 0.0135477 0.00991588 0.0116688 0.00977288 0.0126389 0.0101453 0.00832808 0.00896025 0.00819294 0.010005 0.0103382 0.00905379 0.00900262 0.0104061 0.00943288 0.00835613 0.008246 0.00825032 0.00831153 0.0085743 0.00815614 0.00802889 0.00803467 0.00792481 0.00804302 0.00819744 0.00813545 0.00823179 0.00829412 0.00814616 0.00809159 0.00815689 
0.00511041 0.00527713 0.987608 0.00412484 0.00381798 0 0.00391051 0.00399312 0.0278616 0.0986924 0.0349221 0.0421063 0.00948079 0.0130353 0.0110516 0.0257025 0.0115757 0.012586 0.00908979 0.00840013 0.015143 0.00842274 0.00949733 0.00851907 0.0113041 0.0119199 0.00977629 0.00914085 0.00813717 0.00801531 0.00817037 0.00839949 0.0085876 0.00848327 0.00820691 0.00801462 0.0082339 0.008145 0.00805063 0.00803372 0.00821184 0.0083526 0.0083324 0.00838565 0.00832266 0.0082671 
0.00519595 0.98033 0.00489021 0.00406669 0.0039506 0.00391051 0 0.00379861 0.0196728 0.0459528 0.115703 0.0593521 0.0298172 0.00954826 0.0353823 0.0117158 0.026012 0.015106 0.0104381 0.0129084 0.00870722 0.0141662 0.00852241 0.00837138 0.0110479 0.0139298 0.0141306 0.00893579 0.0086265 0.00852187 0.00854171 0.00889428 0.00910327 0.00901614 0.0082234 0.00811941 0.00845415 0.00813431 0.00798041 0.00811899 0.00832521 0.00864166 0.00865172 0.00853722 0.00833812 0.00798673 
0.959854 0.00652406 0.00546826 0.00455672 0.00395233 0.00399312 0.00379861 0 0.0211923 0.0171434 0.0183329 0.144431 0.0687836 0.0343329 0.00979757 0.0132169 0.0103976 0.0112493 0.0129329 0.0134229 0.0125059 0.00858336 0.00839228 0.0096457 0.0115435 0.0101679 0.00898967 0.0105105 0.00970282 0.00897797 0.0100633 0.00852482 0.00902998 0.00816166 0.00850793 0.00914482 0.00816262 0.00798276 0.00804246 0.00848872 0.00815781 0.00829206 0.00819125 0.00814589 0.0080701 0.00814829 
0.0126201 0.0109311 0.00999151 0.0177962 0.158371 0.0278616 0.0196728 0.0211923 0 0.00479604 0.00384271 0.00385063 0.00411092 0.725772 0.0220211 0.0197053 0.011299 0.0156882 0.0206915 0.0354677 0.0124363 0.00970665 0.00958625 0.019049 0.0303936 0.0141166 0.0103419 0.0184253 0.012919 0.00974617 0.0103986 0.00874942 0.00877792 0.00880499 0.0103611 0.00845519 0.008132 0.0080592 0.008569 0.00837063 0.00811542 0.00848107 0.00840624 0.00834258 0.00814561 0.00861173 
0.0106598 0.0207475 0.0145252 0.0110543 0.0304142 0.0986924 0.0459528 0.0171434 0.00479604 0 0.00378766 0.00380257 0.00387279 0.0344847 0.717802 0.0224312 0.0550128 0.0227277 0.0119613 0.0154268 0.0275627 0.0127558 0.0157682 0.00931612 0.0514295 0.0311997 0.0362849 0.0112213 0.00956631 0.0088202 0.00907259 0.0105694 0.0109147 0.0110936 0.00865599 0.00813608 0.00846704 0.00829943 0.00815213 0.00801995 0.00850774 0.00885187 0.00939362 0.00873045 0.00870036 0.00821932 
0.00966298 0.0205999 0.0157579 0.0106264 0.0131073 0.0349221 0.115703 0.0183329 0.00384271 0.00378766 0 0.00378507 0.00380926 0.0420319 0.0395417 0.581417 0.0704573 0.0383516 0.0110697 0.0139467 0.0144573 0.0544384 0.010868 0.009404 0.018987 0.0915166 0.0369068 0.0129635 0.00870276 0.00882878 0.0091674 0.0138894 0.0220727 0.0136047 0.00917438 0.00842575 0.00882692 0.00849964 0.00807834 0.00817496 0.00857181 0.011077 0.0111121 0.0107744 0.00888124 0.00824916 
0.0112292 0.0101427 0.0482134 0.0127203 0.00988254 0.0421063 0.0593521 0.144431 0.00385063 0.00380257 0.00378507 0 0.0039517 0.027082 0.0373389 0.0554991 0.503248 0.0858837 0.045754 0.00998029 0.0580221 0.00963914 0.0253586 0.0104787 0.0137465 0.0436642 0.0922574 0.0206835 0.00887972 0.0101607 0.00909916 0.0118727 0.0185511 0.0154719 0.00960903 0.00845975 0.00852432 0.00841303 0.00811194 0.00805364 0.00875069 0.00932903 0.0104255 0.00953231 0.0086292 0.00822475 
0.0120169 0.0102853 0.00931507 0.0282538 0.0245702 0.00948079 0.0298172 0.0687836 0.00411092 0.00387279 0.00380926 0.0039517 0 0.0170037 0.0205399 0.0321975 0.0328937 0.462571 0.111009 0.0369029 0.00905421 0.012054 0.00936789 0.0170528 0.0226565 0.0124949 0.0214039 0.0361801 0.0136584 0.0149265 0.0112007 0.00998702 0.00995848 0.0109742 0.0101641 0.00873832 0.00834439 0.00825085 0.00820955 0.00853146 0.00817606 0.00903023 0.00871809 0.00863491 0.00855969 0.00819011 
0.0113329 0.0085225 0.0119452 0.0112692 0.010752 0.0130353 0.00954826 0.0343329 0.725772 0.0344847 0.0420319 0.027082 0.0170037 0 0.00453475 0.0038538 0.00386268 0.00414834 0.0049037 0.0394773 0.040149 0.00895922 0.014767 0.018286 0.0316493 0.0160405 0.0112743 0.0345577 0.0135289 0.00985717 0.0110443 0.00934338 0.00979923 0.00926852 0.0120079 0.00912953 0.00825087 0.00835217 0.00962 0.00860705 0.00829419 0.00851116 0.00856636 0.00856817 0.0086477 0.0096238 
0.00859293 0.0216914 0.00933813 0.0100026 0.0135477 0.0110516 0.0353823 0.00979757 0.0220211 0.717802 0.0395417 0.0373389 0.0205399 0.00453475 0 0.00378536 0.00377622 0.00428343 0.00387652 0.433339 0.0157095 0.0545476 0.0116388 0.00989709 0.0304254 0.0434871 0.0333406 0.0116103 0.0118095 0.00918516 0.0100753 0.0149003 0.0134442 0.0161625 0.00902798 0.00821574 0.00907089 0.00840711 0.0081622 0.00806136 0.00877006 0.00976217 0.0107593 0.00927308 0.0093405 0.00820434 
0.00963612 0.00903127 0.0192564 0.00901423 0.00991588 0.0257025 0.0117158 0.0132169 0.0197053 0.0224312 0.581417 0.0554991 0.0321975 0.0038538 0.00378536 0 0.003782 0.00380514 0.00378698 0.0184001 0.519341 0.0155059 0.0225079 0.0107046 0.0218078 0.0495898 0.0268816 0.0164957 0.00905426 0.00935974 0.00996404 0.0149122 0.0318977 0.0125867 0.0100887 0.00859095 0.00860023 0.00861563 0.00819531 0.00818792 0.00877692 0.0109751 0.0137922 0.012194 0.00895449 0.00852706 
0.00859264 0.0162514 0.010535 0.0101298 0.0116688 0.0115757 0.026012 0.0103976 0.011299 0.0550128 0.0704573 0.503248 0.0328937 0.00386268 0.00377622 0.003782 0 0.00375865 0.00379094 0.038427 0.0178318 0.505236 0.0124012 0.0129243 0.019751 0.0532383 0.0355804 0.0171938 0.00945508 0.00956085 0.00977035 0.0191258 0.0323456 0.0222107 0.00957657 0.00838306 0.00949231 0.00867515 0.00832558 0.00817244 0.00901601 0.0122791 0.0142064 0.0115783 0.00975232 0.00841936 
0.00965785 0.00935872 0.013844 0.0094586 0.00977288 0.012586 0.015106 0.0112493 0.0156882 0.0227277 0.0383516 0.0858837 0.462571 0.00414834 0.00428343 0.00380514 0.00375865 0 0.00388548 0.02102 0.0424736 0.0131043 0.459599 0.0170201 0.0162465 0.0253529 0.0414079 0.0167403 0.0101406 0.0108385 0.0110643 0.012485 0.0150997 0.0139928 0.0096517 0.00898247 0.00853587 0.0084134 0.00810659 0.00836372 0.00873175 0.00972569 0.0103302 0.00904853 0.00856508 0.00807416 
0.00988704 0.00865368 0.00886775 0.0112903 0.0126389 0.00908979 0.0104381 0.0129329 0.0206915 0.0119613 0.0110697 0.045754 0.111009 0.0049037 0.00387652 0.00378698 0.00379094 0.00388548 0 0.0170848 0.0122453 0.0159664 0.0152712 0.488259 0.0165372 0.0125468 0.0139435 0.0274024 0.0124049 0.0159206 0.0112407 0.00933653 0.0097015 0.00984053 0.0108644 0.00898895 0.00821622 0.00811196 0.00816754 0.00854727 0.00815106 0.00865273 0.00882101 0.00840647 0.00853206 0.00817162 
0.00823337 0.0090147 0.00825679 0.0137391 0.0101453 0.00840013 0.0129084 0.0134229 0.0354677 0.0154268 0.0139467 0.00998029 0.0369029 0.0394773 0.433339 0.0184001 0.038427 0.02102 0.0170848 0 0.00493152 0.00397936 0.00403183 0.00502301 0.0450625 0.0146985 0.0165938 0.0388349 0.0327621 0.0129617 0.0144434 0.0110403 0.00976346 0.0121089 0.0147259 0.00904168 0.00902282 0.00856059 0.0120386 0.00846946 0.00839737 0.00927072 0.0092093 0.00957827 0.0105871 0.0110113 
0.00854566 0.0080901 0.0118433 0.00820255 0.00832808 0.015143 0.00870722 0.0125059 0.0124363 0.0275627 0.0144573 0.0580221 0.00905421 0.040149 0.0157095 0.519341 0.0178318 0.0424736 0.0122453 0.00493152 0 0.00375408 0.00382875 0.00387666 0.0161987 0.0417593 0.031569 0.0171229 0.0101875 0.00955513 0.0106113 0.018773 0.0173424 0.0114852 0.00973222 0.00935271 0.0084516 0.00900998 0.00840921 0.00828815 0.0088501 0.00915391 0.0133535 0.00969474 0.00873666 0.00864562 
0.00799115 0.0103619 0.00813711 0.00858042 0.00896025 0.00842274 0.0141662 0.00858336 0.00970665 0.0127558 0.0544384 0.00963914 0.012054 0.00895922 0.0545476 0.0155059 0.505236 0.0131043 0.0159664 0.00397936 0.00375408 0 0.00377253 0.00375784 0.0201115 0.0214307 0.0254932 0.0118069 0.0101166 0.00881626 0.00974766 0.0122695 0.0181735 0.0127015 0.00875352 0.00819678 0.00948992 0.00828995 0.00821832 0.00800675 0.0085202 0.0127217 0.0115666 0.0107071 0.00893867 0.00830931 
0.00825713 0.00830913 0.00829563 0.0081035 0.00819294 0.00949733 0.00852241 0.00839228 0.00958625 0.0157682 0.010868 0.0253586 0.00936789 0.014767 0.0116388 0.0225079 0.0124012 0.459599 0.0152712 0.00403183 0.00382875 0.00377253 0 0.00385776 0.0116418 0.0484163 0.0444426 0.0204365 0.00941805 0.00992797 0.00938379 0.0122587 0.012075 0.0116733 0.00881453 0.00854806 0.00843073 0.00822143 0.00807418 0.00811889 0.0084821 0.00851449 0.00979308 0.00872261 0.00835197 0.00802581 
0.00933634 0.00804649 0.0081697 0.00857265 0.010005 0.00851907 0.00837138 0.0096457 0.019049 0.00931612 0.009404 0.0104787 0.0170528 0.018286 0.00989709 0.0107046 0.0129243 0.0170201 0.488259 0.00502301 0.00387666 0.00375784 0.00385776 0 0.0245542 0.0166037 0.0336532 0.0458992 0.0124835 0.014579 0.0156788 0.00918444 0.00942545 0.0089386 0.0153294 0.0114903 0.00825045 0.00814848 0.00822888 0.00983148 0.00836779 0.00842473 0.00830662 0.00842432 0.0082075 0.0084935 
0.00844256 0.00888319 0.00836452 0.0112297 0.0103382 0.0113041 0.0110479 0.0115435 0.0303936 0.0514295 0.018987 0.0137465 0.0226565 0.0316493 0.0304254 0.0218078 0.019751 0.0162465 0.0165372 0.0450625 0.0161987 0.0201115 0.0116418 0.0245542 0 0.00386855 0.00382273 0.00426222 0.00868519 0.0188494 0.184342 0.0342188 0.0211732 0.0188147 0.0176675 0.0131394 0.0105393 0.00922058 0.0137052 0.0104946 0.0128353 0.0148821 0.018756 0.0117505 0.010603 0.0125674 
0.0084397 0.00890741 0.00991218 0.00853319 0.00905379 0.0119199 0.0139298 0.0101679 0.0141166 0.0311997 0.0915166 0.0436642 0.0124949 0.0160405 0.0434871 0.0495898 0.0532383 0.0253529 0.0125468 0.0146985 0.0417593 0.0214307 0.0484163 0.0166037 0.00386855 0 0.00381757 0.00381188 0.00609281 0.0160725 0.0298369 0.209768 0.0782133 0.0436947 0.0136476 0.00984678 0.0137564 0.012745 0.00963326 0.00871556 0.0151665 0.0258633 0.0373902 0.0242863 0.0155322 0.00923304 
0.00810084 0.00927051 0.00873231 0.00885901 0.00900262 0.00977629 0.0141306 0.00898967 0.0103419 0.0362849 0.0369068 0.0922574 0.0214039 0.0112743 0.0333406 0.0268816 0.0355804 0.0414079 0.0139435 0.0165938 0.031569 0.0254932 0.0444426 0.0336532 0.00382273 0.00381757 0 0.0039218 0.00516088 0.0213309 0.0146548 0.0599934 0.172762 0.110681 0.0287632 0.00975989 0.0138171 0.0119114 0.00890585 0.00892304 0.0120478 0.0183696 0.024408 0.0208866 0.0158647 0.00892337 
0.0100277 0.00826643 0.00864945 0.00911453 0.0104061 0.00914085 0.00893579 0.0105105 0.0184253 0.0112213 0.0129635 0.0206835 0.0361801 0.0345577 0.0116103 0.0164957 0.0171938 0.0167403 0.0274024 0.0388349 0.0171229 0.0118069 0.0204365 0.0458992 0.00426222 0.00381188 0.0039218 0 0.0139111 0.024909 0.030716 0.0184769 0.0290404 0.0765241 0.0530172 0.0201465 0.00934464 0.00985579 0.0109552 0.0127193 0.0095354 0.0102692 0.012723 0.0116998 0.0100995 0.0100042 
0.00937989 0.00805801 0.00791896 0.00903308 0.00943288 0.00813717 0.0086265 0.00970282 0.012919 0.00956631 0.00870276 0.00887972 0.0136584 0.0135289 0.0118095 0.00905426 0.00945508 0.0101406 0.0124049 0.0327621 0.0101875 0.0101166 0.00941805 0.0124835 0.00868519 0.00609281 0.00516088 0.0139111 0 0.518028 0.0202374 0.0130409 0.0121363 0.0163203 0.0157192 0.0130676 0.0100189 0.00886847 0.0110028 0.0122053 0.0101351 0.00896177 0.00904433 0.00889212 0.00947364 0.0101051 
0.00803807 0.0081192 0.00794786 0.00878037 0.00835613 0.00801531 0.00852187 0.00897797 0.00974617 0.0088202 0.00882878 0.0101607 0.0149265 0.00985717 0.00918516 0.00935974 0.00956085 0.0108385 0.0159206 0.0129617 0.00955513 0.00881626 0.00992797 0.014579 0.0188494 0.0160725 0.0213309 0.024909 0.518028 0 0.0223957 0.0149821 0.0153848 0.039453 0.0590246 0.0105934 0.00950644 0.0100928 0.0133299 0.00977026 0.00953857 0.009063 0.0097043 0.00925824 0.0111487 0.0133691 
0.00809019 0.00802291 0.00802824 0.00848037 0.008246 0.00817037 0.00854171 0.0100633 0.0103986 0.00907259 0.0091674 0.00909916 0.0112007 0.0110443 0.0100753 0.00996404 0.00977035 0.0110643 0.0112407 0.0144434 0.0106113 0.00974766 0.00938379 0.0156788 0.184342 0.0298369 0.0146548 0.030716 0.0202374 0.0223957 0 0.00629249 0.00381204 0.00388638 0.00479398 0.112725 0.0121937 0.0116429 0.0256347 0.0218928 0.0148907 0.0185656 0.0135487 0.0149878 0.0142035 0.0312003 
0.00800319 0.00863135 0.0085384 0.0081106 0.00825032 0.00839949 0.00889428 0.00852482 0.00874942 0.0105694 0.0138894 0.0118727 0.00998702 0.00934338 0.0149003 0.0149122 0.0191258 0.012485 0.00933653 0.0110403 0.018773 0.0122695 0.0122587 0.00918444 0.0342188 0.209768 0.0599934 0.0184769 0.0130409 0.0149821 0.00629249 0 0.00382766 0.00377412 0.00392428 0.055623 0.0652745 0.022793 0.011494 0.0116032 0.0463892 0.025516 0.0480791 0.0220028 0.0464297 0.010672 
0.00805089 0.00851672 0.00880148 0.0082461 0.00831153 0.0085876 0.00910327 0.00902998 0.00877792 0.0109147 0.0220727 0.0185511 0.00995848 0.00979923 0.0134442 0.0318977 0.0323456 0.0150997 0.0097015 0.00976346 0.0173424 0.0181735 0.012075 0.00942545 0.0211732 0.0782133 0.172762 0.0290404 0.0121363 0.0153848 0.00381204 0.00382766 0 0.00379716 0.00377386 0.0259018 0.0618899 0.0367583 0.0149558 0.010121 0.01864 0.0698824 0.0520056 0.134428 0.0186247 0.0115357 
0.00790362 0.00846582 0.00830858 0.00809215 0.0085743 0.00848327 0.00901614 0.00816166 0.00880499 0.0110936 0.0136047 0.0154719 0.0109742 0.00926852 0.0161625 0.0125867 0.0222107 0.0139928 0.00984053 0.0121089 0.0114852 0.0127015 0.0116733 0.0089386 0.0188147 0.0436947 0.110681 0.0765241 0.0163203 0.039453 0.00388638 0.00377412 0.00379716 0 0.00383196 0.0167886 0.0510752 0.105367 0.0159368 0.0109761 0.0209729 0.029301 0.0597068 0.0194334 0.0700933 0.0125835 
0.00822464 0.00803078 0.00807154 0.0082099 0.00815614 0.00820691 0.0082234 0.00850793 0.0103611 0.00865599 0.00917438 0.00960903 0.0101641 0.0120079 0.00902798 0.0100887 0.00957657 0.0096517 0.0108644 0.0147259 0.00973222 0.00875352 0.00881453 0.0153294 0.0176675 0.0136476 0.0287632 0.0530172 0.0157192 0.0590246 0.00479398 0.00392428 0.00377386 0.00383196 0 0.0274926 0.01162 0.0350772 0.0981322 0.0156145 0.0128255 0.0172756 0.0144572 0.0280626 0.046179 0.0423897 
0.00811523 0.00794845 0.00801349 0.008121 0.00802889 0.00801462 0.00811941 0.00914482 0.00845519 0.00813608 0.00842575 0.00845975 0.00873832 0.00912953 0.00821574 0.00859095 0.00838306 0.00898247 0.00898895 0.00904168 0.00935271 0.00819678 0.00854806 0.0114903 0.0131394 0.00984678 0.00975989 0.0201465 0.0130676 0.0105934 0.112725 0.055623 0.0259018 0.0167886 0.0274926 0 0.00398343 0.00398053 0.00530708 0.00842183 0.00802881 0.0123188 0.0869731 0.585052 0.017775 0.0377357 
0.00785145 0.0084779 0.00810949 0.00798257 0.00803467 0.0082339 0.00845415 0.00816262 0.008132 0.00846704 0.00882692 0.00852432 0.00834439 0.00825087 0.00907089 0.00860023 0.00949231 0.00853587 0.00821622 0.00902282 0.0084516 0.00948992 0.00843073 0.00825045 0.0105393 0.0137564 0.0138171 0.00934464 0.0100189 0.00950644 0.0121937 0.0652745 0.0618899 0.0510752 0.01162 0.00398343 0 0.00406702 0.00383783 0.00554225 0.0161443 0.107709 0.560613 0.0118507 0.0369376 0.00967287 
0.00786328 0.00809233 0.00799588 0.00791817 0.00792481 0.008145 0.00813431 0.00798276 0.0080592 0.00829943 0.00849964 0.00841303 0.00825085 0.00835217 0.00840711 0.00861563 0.00867515 0.0084134 0.00811196 0.00856059 0.00900998 0.00828995 0.00822143 0.00814848 0.00922058 0.012745 0.0119114 0.00985579 0.00886847 0.0100928 0.0116429 0.022793 0.0367583 0.105367 0.0350772 0.00398053 0.00406702 0 0.00384966 0.0158084 0.157393 0.43119 0.0146191 0.0126213 0.00807035 0.00855791 
0.00817482 0.00802263 0.00792473 0.0079763 0.00804302 0.00805063 0.00798041 0.00804246 0.008569 0.00815213 0.00807834 0.00811194 0.00820955 0.00962 0.0081622 0.00819531 0.00832558 0.00810659 0.00816754 0.0120386 0.00840921 0.00821832 0.00807418 0.00822888 0.0137052 0.00963326 0.00890585 0.0109552 0.0110028 0.0133299 0.0256347 0.011494 0.0149558 0.0159368 0.0981322 0.00530708 0.00383783 0.00384966 0 0.932192 0.0800942 0.00863096 0.0107318 0.00735032 0.0077166 0.00807871 
0.00811894 0.00799194 0.00788244 0.00808989 0.00819744 0.00803372 0.00811899 0.00848872 0.00837063 0.00801995 0.00817496 0.00805364 0.00853146 0.00860705 0.00806136 0.00818792 0.00817244 0.00836372 0.00854727 0.00846946 0.00828815 0.00800675 0.00811889 0.00983148 0.0104946 0.00871556 0.00892304 0.0127193 0.0122053 0.00977026 0.0218928 0.0116032 0.010121 0.0109761 0.0156145 0.00842183 0.00554225 0.0158084 0.932192 0 0.00388011 0.00376779 0.00376875 0.00382248 0.00443924 0.00955131 
0.00793672 0.00827164 0.00807782 0.00798393 0.00813545 0.00821184 0.00832521 0.00815781 0.00811542 0.00850774 0.00857181 0.00875069 0.00817606 0.00829419 0.00877006 0.00877692 0.00901601 0.00873175 0.00815106 0.00839737 0.0088501 0.0085202 0.0084821 0.00836779 0.0128353 0.0151665 0.0120478 0.0095354 0.0101351 0.00953857 0.0148907 0.0463892 0.01864 0.0209729 0.0128255 0.00802881 0.0161443 0.157393 0.0800942 0.00388011 0 0.003758 0.00376549 0.00378785 0.00400687 0.00428718 
0.00798077 0.00828007 0.00840296 0.00813336 0.00823179 0.0083526 0.00864166 0.00829206 0.00848107 0.00885187 0.011077 0.00932903 0.00903023 0.00851116 0.00976217 0.0109751 0.0122791 0.00972569 0.00865273 0.00927072 0.00915391 0.0127217 0.00851449 0.00842473 0.0148821 0.0258633 0.0183696 0.0102692 0.00896177 0.009063 0.0185656 0.025516 0.0698824 0.029301 0.0172756 0.0123188 0.107709 0.43119 0.00863096 0.00376779 0.003758 0 0.0037852 0.00375503 0.00382917 0.00396734 
0.00789468 0.00842817 0.00837846 0.00811058 0.00829412 0.0083324 0.00865172 0.00819125 0.00840624 0.00939362 0.0111121 0.0104255 0.00871809 0.00856636 0.0107593 0.0137922 0.0142064 0.0103302 0.00882101 0.0092093 0.0133535 0.0115666 0.00979308 0.00830662 0.018756 0.0373902 0.024408 0.012723 0.00904433 0.0097043 0.0135487 0.0480791 0.0520056 0.0597068 0.0144572 0.0869731 0.560613 0.0146191 0.0107318 0.00376875 0.00376549 0.0037852 0 0.00377867 0.00379125 0.00387993 
0.00798206 0.00840101 0.00832105 0.00807881 0.00814616 0.00838565 0.00853722 0.00814589 0.00834258 0.00873045 0.0107744 0.00953231 0.00863491 0.00856817 0.00927308 0.012194 0.0115783 0.00904853 0.00840647 0.00957827 0.00969474 0.0107071 0.00872261 0.00842432 0.0117505 0.0242863 0.0208866 0.0116998 0.00889212 0.00925824 0.0149878 0.0220028 0.134428 0.0194334 0.0280626 0.585052 0.0118507 0.0126213 0.00735032 0.00382248 0.00378785 0.00375503 0.00377867 0 0.00377491 0.00380374 
0.0079238 0.00840654 0.00801372 0.00798115 0.00809159 0.00832266 0.00833812 0.0080701 0.00814561 0.00870036 0.00888124 0.0086292 0.00855969 0.0086477 0.0093405 0.00895449 0.00975232 0.00856508 0.00853206 0.0105871 0.00873666 0.00893867 0.00835197 0.0082075 0.010603 0.0155322 0.0158647 0.0100995 0.00947364 0.0111487 0.0142035 0.0464297 0.0186247 0.0700933 0.046179 0.017775 0.0369376 0.00807035 0.0077166 0.00443924 0.00400687 0.00382917 0.00379125 0.00377491 0 0.00387226 
0.00849161 0.00812201 0.0079365 0.00801762 0.00815689 0.0082671 0.00798673 0.00814829 0.00861173 0.00821932 0.00824916 0.00822475 0.00819011 0.0096238 0.00820434 0.00852706 0.00841936 0.00807416 0.00817162 0.0110113 0.00864562 0.00830931 0.00802581 0.0084935 0.0125674 0.00923304 0.00892337 0.0100042 0.0101051 0.0133691 0.0312003 0.010672 0.0115357 0.0125835 0.0423897 0.0377357 0.00967287 0.00855791 0.00807871 0.00955131 0.00428718 0.00396734 0.00387993 0.00380374 0.00387226 0 
