1OE0A
TKYAEGTQPFTVLIEGNIGSGKTTYLNHFEKYKNDICLLTEPVEKWRNVNGVNLLELMYKDPKKWAMPFQSYVTLTMLQSHTAPTNKKLKIMERSIFSARYCFVENMRRNGSLEQGMYNTLEEWYKFIEESIHVQADLIIYLRTSPEVAYERIRQRARSEESCVPLKYLQELHELHEDWLIHQRRPQSCKVLVLDADL
CCECCCCCCEEEEEECCCCCCHHHHHCCCHHHCCCEEEECCCHHHHCCECCECHHHHHHHCHHHHHHHHHHHHHHHHHHHHCCCCCCCEEEEECCHHHHHHCHHHHHHHCCCCCHHHHHHHHHHHHHHHHHECCCCCEEEEEECCHHHHHHHHHHHCCHHHCCCCHHHHHHHHHHHHHHHCCCCCCCCCCEEEEECCC
0 0 0 0 0 0 0 0 0 0 0 0 0 0 0 0 0 0 0 0 0 0 0 0 0 0 0 0 0 0 0 0 0 0 0 0 0 0 0 0 0 0 0 0 0 0 0 0 0 0 0 0 0 0 0 0 0 0 0 0 0 0 0 0 0 0 0 0 0 0 0 0 0 0 0 0 0 0 0 0 0 0 0 0 0 0 0 0 0 0 0 0 0 0 0 0 0 0 0 0 0 0 0 0 0 0 0 0 0 0 0 0 0 0 0 0 0 0 0 0 0 0 0 0 0 0 0 0 0 0 0 0 0 0 0 0 0 0 0 0 0 0 0 0 0 0 0 0 0 0 0 0 0 0 0 0 0 0 0 0 0 0 0 0 0 0 0 0 0 0 0 0 0 0 0 0 0 0 0 0 0 0 0 0 0 0 0 0 0 0 0 0 0 0 0 0 0 0 
0 0 0 0 0 0 0 0 0 0 0 0 0 0 0 0 0 0 0 0 0 0 0 0 0 0 0 0 0 0 0 0 0 0 0 0 0 0 0 0 0 0 0 0 0 0 0 0 0 0 0 0 0 0 0 0 0 0 0 0 0 0 0 0 0 0 0 0 0 0 0 0 0 0 0 0 0 0 0 0 0 0 0 0 0 0 0 0 0 0 0 0 0 0 0 0 0 0 0 0 0 0 0 0 0 0 0 0 0 0 0 0 0 0 0 0 0 0 0 0 0 0 0 0 0 0 0 0 0 0 0 0 0 0 0 0 0 0 0 0 0 0 0 0 0 0 0 0 0 0 0 0 0 0 0 0 0 0 0 0 0 0 0 0 0 0 0 0 0 0 0 0 0 0 0 0 0 0 0 0 0 0 0 0 0 0 0 0 0 0 0 0 0 0 0 0 0 0 
0 0.0242346 0.00980364 0.00755784 0.00847557 0.0117886 0.0152879 0.0218329 0.0117167 0.0110136 0.0143537 0.0648874 0.0611094 0.0138025 0.0088705 0.00849879 0.00855255 0.0101416 0.0116007 0.0101086 0.00860903 0.00840472 0.00825019 0.00831077 0.00920615 0.00965592 0.00847969 0.00824403 0.00820039 0.00906398 
0.0242346 0 0.00396041 0.00384945 0.00386674 0.00379205 0.00472039 0.0732583 0.0149167 0.0149796 0.018745 0.0137586 0.016745 0.0151225 0.00965835 0.00938999 0.00939923 0.0144143 0.00810483 0.00934584 0.00862666 0.00972295 0.00874297 0.0085976 0.00933667 0.00820714 0.00799365 0.00812156 0.00805967 0.00888633 
0.00980364 0.00396041 0 0.00381574 0.00378375 0.00398129 0.00386428 0.0561692 0.0939734 0.0276712 0.012106 0.0130159 0.0119829 0.0126446 0.0250587 0.0152956 0.0195209 0.00990416 0.00817282 0.00903707 0.0110998 0.0112044 0.0120755 0.00930241 0.00855215 0.00808193 0.00830264 0.00826391 0.00843316 0.00813598 
0.00755784 0.00384945 0.00381574 0 0.00383311 0.00384715 0.00377205 0.104146 0.043424 0.0423497 0.0112511 0.0106038 0.0103213 0.0125721 0.020071 0.0795402 0.018389 0.0120795 0.00832989 0.0113007 0.0118245 0.0233101 0.0151147 0.0106153 0.00873923 0.00810446 0.00834185 0.00848927 0.00856698 0.00819557 
0.00847557 0.00386674 0.00378375 0.00383311 0 0.00379661 0.00378448 0.0233434 0.195981 0.033202 0.0157344 0.00909428 0.0102463 0.0102849 0.0411219 0.05486 0.0306078 0.0115826 0.00821838 0.00995464 0.0175368 0.0208334 0.0266911 0.0104823 0.00881584 0.0081066 0.00848711 0.0085996 0.00850372 0.00818839 
0.0117886 0.00379205 0.00398129 0.00384715 0.00379661 0 0.00385003 0.0242028 0.023903 0.257717 0.0281542 0.0126154 0.0110479 0.01103 0.0126593 0.0244816 0.0486752 0.0143299 0.00873446 0.00917306 0.0110181 0.0131117 0.0100104 0.0128392 0.00820233 0.00799084 0.00824501 0.00825773 0.00840552 0.00800915 
0.0152879 0.00472039 0.00386428 0.00377205 0.00378448 0.00385003 0 0.0187554 0.0195108 0.0308264 0.18769 0.0130905 0.021239 0.011777 0.00939783 0.0103199 0.0158198 0.0230649 0.00916154 0.00967317 0.00894093 0.00893505 0.00922817 0.00842713 0.00907455 0.00837201 0.0080263 0.00804644 0.00798676 0.00808426 
0.0218329 0.0732583 0.0561692 0.104146 0.0233434 0.0242028 0.0187554 0 0.00388144 0.0038956 0.00415251 0.0146014 0.0142754 0.0712529 0.0111758 0.0107282 0.0103263 0.0143231 0.00885355 0.00940711 0.00860428 0.00919808 0.00868167 0.00921753 0.00970467 0.00817776 0.00798855 0.00802612 0.00800318 0.00861967 
0.0117167 0.0149167 0.0939734 0.043424 0.195981 0.023903 0.0195108 0.00388144 0 0.0042882 0.00378666 0.00824087 0.00831272 0.0140464 0.0689847 0.019712 0.0171105 0.0102234 0.00810779 0.00918891 0.011191 0.0113407 0.0119926 0.00881734 0.00883152 0.00792202 0.00808934 0.00820735 0.00835253 0.00819298 
0.0110136 0.0149796 0.0276712 0.0423497 0.033202 0.257717 0.0308264 0.0038956 0.0042882 0 0.00384247 0.00943282 0.00857145 0.0112912 0.0204577 0.0462413 0.0329423 0.0125129 0.00892201 0.00922075 0.0107037 0.011454 0.010375 0.0114327 0.00829194 0.00812619 0.00827095 0.00835754 0.00864624 0.0079534 
0.0143537 0.018745 0.012106 0.0112511 0.0157344 0.0281542 0.18769 0.00415251 0.00378666 0.00384247 0 0.0144741 0.0084786 0.0142832 0.00930543 0.0110196 0.0177057 0.0158211 0.00961162 0.00924076 0.00868066 0.0087158 0.00882557 0.00853041 0.00832296 0.00819604 0.00801079 0.00796909 0.00795338 0.00795211 
0.0648874 0.0137586 0.0130159 0.0106038 0.00909428 0.0126154 0.0130905 0.0146014 0.00824087 0.00943282 0.0144741 0 0.981645 0.0177289 0.0101292 0.010028 0.0104546 0.0126744 0.0151996 0.0102667 0.00877929 0.00838419 0.00809744 0.00858299 0.00873658 0.0100982 0.00834449 0.00802107 0.00805939 0.00849522 
0.0611094 0.016745 0.0119829 0.0103213 0.0102463 0.0110479 0.021239 0.0142754 0.00831272 0.00857145 0.0084786 0.981645 0 0.0181545 0.0110085 0.0103781 0.0145647 0.0271952 0.0207493 0.0109362 0.00878065 0.00829203 0.00836071 0.00840706 0.00969402 0.00947679 0.00799898 0.00792847 0.00789704 0.00887193 
0.0138025 0.0151225 0.0126446 0.0125721 0.0102849 0.01103 0.011777 0.0712529 0.0140464 0.0112912 0.0142832 0.0177289 0.0181545 0 0.00467869 0.00380686 0.00385776 0.0041865 0.0218549 0.0391701 0.0238636 0.0113896 0.0106602 0.0109889 0.0153282 0.00946728 0.00882967 0.00840931 0.00857114 0.00945955 
0.0088705 0.00965835 0.0250587 0.020071 0.0411219 0.0126593 0.00939783 0.0111758 0.0689847 0.0204577 0.00930543 0.0101292 0.0110085 0.00467869 0 0.00380222 0.00385623 0.00379825 0.0109202 0.0204086 0.0443967 0.0296118 0.0330903 0.0114288 0.00999041 0.00814541 0.00847079 0.0083354 0.00835055 0.00831427 
0.00849879 0.00938999 0.0152956 0.0795402 0.05486 0.0244816 0.0103199 0.0107282 0.019712 0.0462413 0.0110196 0.010028 0.0103781 0.00380686 0.00380222 0 0.0037534 0.00376529 0.0123692 0.0155369 0.0428433 0.103301 0.074791 0.023934 0.00984648 0.0081952 0.00844391 0.00938992 0.00923937 0.00809342 
0.00855255 0.00939923 0.0195209 0.018389 0.0306078 0.0486752 0.0158198 0.0103263 0.0171105 0.0329423 0.0177057 0.0104546 0.0145647 0.00385776 0.00385623 0.0037534 0 0.00384677 0.0122247 0.0136094 0.0400778 0.0532844 0.0575399 0.0672017 0.0130899 0.00818575 0.00873625 0.00854703 0.00883691 0.00832542 
0.0101416 0.0144143 0.00990416 0.0120795 0.0115826 0.0143299 0.0230649 0.0143231 0.0102234 0.0125129 0.0158211 0.0126744 0.0271952 0.0041865 0.00379825 0.00376529 0.00384677 0 0.0243433 0.0165206 0.0137467 0.0198191 0.0249054 0.0256919 0.044228 0.00945868 0.00842243 0.00826677 0.0083044 0.00904565 
0.0116007 0.00810483 0.00817282 0.00832989 0.00821838 0.00873446 0.00916154 0.00885355 0.00810779 0.00892201 0.00961162 0.0151996 0.0207493 0.0218549 0.0109202 0.0123692 0.0122247 0.0243433 0 0.00978305 0.00454385 0.00459151 0.00451542 0.0064144 0.00669603 0.0105864 0.00870568 0.00827894 0.00912432 0.0109889 
0.0101086 0.00934584 0.00903707 0.0113007 0.00995464 0.00917306 0.00967317 0.00940711 0.00918891 0.00922075 0.00924076 0.0102667 0.0109362 0.0391701 0.0204086 0.0155369 0.0136094 0.0165206 0.00978305 0 0.00382623 0.00390967 0.00383371 0.00378588 0.00491802 0.110035 0.0143791 0.0102439 0.0100322 0.0139502 
0.00860903 0.00862666 0.0110998 0.0118245 0.0175368 0.0110181 0.00894093 0.00860428 0.011191 0.0107037 0.00868066 0.00877929 0.00878065 0.0238636 0.0443967 0.0428433 0.0400778 0.0137467 0.00454385 0.00382623 0 0.00377655 0.00378171 0.00393642 0.00396224 0.151601 0.0594617 0.0164517 0.0162487 0.0100539 
0.00840472 0.00972295 0.0112044 0.0233101 0.0208334 0.0131117 0.00893505 0.00919808 0.0113407 0.011454 0.0087158 0.00838419 0.00829203 0.0113896 0.0296118 0.103301 0.0532844 0.0198191 0.00459151 0.00390967 0.00377655 0 0.00376377 0.0037757 0.00382411 0.0207815 0.111107 0.0369036 0.0184278 0.00955609 
0.00825019 0.00874297 0.0120755 0.0151147 0.0266911 0.0100104 0.00922817 0.00868167 0.0119926 0.010375 0.00882557 0.00809744 0.00836071 0.0106602 0.0330903 0.074791 0.0575399 0.0249054 0.00451542 0.00383371 0.00378171 0.00376377 0 0.00376173 0.0037991 0.0164882 0.0203964 0.151384 0.0187492 0.0122024 
0.00831077 0.0085976 0.00930241 0.0106153 0.0104823 0.0128392 0.00842713 0.00921753 0.00881734 0.0114327 0.00853041 0.00858299 0.00840706 0.0109889 0.0114288 0.023934 0.0672017 0.0256919 0.0064144 0.00378588 0.00393642 0.0037757 0.00376173 0 0.00383306 0.0138052 0.0160039 0.0136457 0.144536 0.00984358 
0.00920615 0.00933667 0.00855215 0.00873923 0.00881584 0.00820233 0.00907455 0.00970467 0.00883152 0.00829194 0.00832296 0.00873658 0.00969402 0.0153282 0.00999041 0.00984648 0.0130899 0.044228 0.00669603 0.00491802 0.00396224 0.00382411 0.0037991 0.00383306 0 0.0137527 0.0130416 0.0141073 0.0125385 0.204044 
0.00965592 0.00820714 0.00808193 0.00810446 0.0081066 0.00799084 0.00837201 0.00817776 0.00792202 0.00812619 0.00819604 0.0100982 0.00947679 0.00946728 0.00814541 0.0081952 0.00818575 0.00945868 0.0105864 0.110035 0.151601 0.0207815 0.0164882 0.0138052 0.0137527 0 0.00743124 0.00406854 0.00444326 0.00645981 
0.00847969 0.00799365 0.00830264 0.00834185 0.00848711 0.00824501 0.0080263 0.00798855 0.00808934 0.00827095 0.00801079 0.00834449 0.00799898 0.00882967 0.00847079 0.00844391 0.00873625 0.00842243 0.00870568 0.0143791 0.0594617 0.111107 0.0203964 0.0160039 0.0130416 0.00743124 0 0.00387192 0.00403525 0.00418678 
0.00824403 0.00812156 0.00826391 0.00848927 0.0085996 0.00825773 0.00804644 0.00802612 0.00820735 0.00835754 0.00796909 0.00802107 0.00792847 0.00840931 0.0083354 0.00938992 0.00854703 0.00826677 0.00827894 0.0102439 0.0164517 0.0369036 0.151384 0.0136457 0.0141073 0.00406854 0.00387192 0 0.00386986 0.00389057 
0.00820039 0.00805967 0.00843316 0.00856698 0.00850372 0.00840552 0.00798676 0.00800318 0.00835253 0.00864624 0.00795338 0.00805939 0.00789704 0.00857114 0.00835055 0.00923937 0.00883691 0.0083044 0.00912432 0.0100322 0.0162487 0.0184278 0.0187492 0.144536 0.0125385 0.00444326 0.00403525 0.00386986 0 0.00384717 
0.00906398 0.00888633 0.00813598 0.00819557 0.00818839 0.00800915 0.00808426 0.00861967 0.00819298 0.0079534 0.00795211 0.00849522 0.00887193 0.00945955 0.00831427 0.00809342 0.00832542 0.00904565 0.0109889 0.0139502 0.0100539 0.00955609 0.0122024 0.00984358 0.204044 0.00645981 0.00418678 0.00389057 0.00384717 0 
