1OM0A
AGGKTGQVTVFWGRNKAEGSLREACDSGMYTMVTMSFLDVFGANGKYHLDLSGHDLSSVGADIKHCQSKGVPVSLSIGGYGTGYSLPSNRSALDLFDHLWNSYFGGSKPSVPRPFGDAWLDGVDLFLEHGTPADRYDVLALELAKHNIRGGPGKPLHLTATVRCGYPPAAHVGRALATGIFERVHVRTYESDKWCNQNLGWEGSWDKWTAAYPATRFYVGLTADDKSHQWVHPKNVYYGVAPVAQKKDNYGGIMLWDRYFDKQTNYSSLIKYYA
CCCCCCCEEEEECCCHHHCCHHHHHHCCCCCEEEEEEEEEECCCCCCEECCCCCCHHHHHHHHHHHHHCCCCEEEEEEECCCCECCCCHHHHHHHHHHHHHHHCCCCCCCCCCCCCCCCCCEEEEEECCCCCCCCHHHHHHHHHHCCCCCCCCCCCEEEEEEECCCCCCHHHHHHHCCCCCCEEEEECCCCCCCCECCCEHHHHHHHHHHHCCCCEEEEEEECCCCCCCCCCHHHHHHCHHHHHCCCCCEEEEEEECHHHHHHHCCHHHHCCCC
0 0 0 0 0 0 0 0 0 0 0 0 0 0 0 0 0 0 0 0 0 0 0 0 0 0 0 0 0 0 0 0 0 0 0 0 0 0 0 0 0 0 0 0 0 0 0 0 0 0 0 0 0 0 0 0 0 0 0 0 0 0 0 0 0 0 0 0 0 0 0 0 0 0 0 0 0 0 0 0 0 0 0 0 0 0 0 0 0 0 0 0 0 0 0 0 0 0 0 0 0 0 0 0 0 0 0 0 0 0 0 0 0 0 0 0 0 0 0 0 0 0 0 0 0 0 0 0 0 0 0 0 0 0 0 0 0 0 0 0 0 0 0 0 0 0 0 0 0 0 0 0 0 0 0 0 0 0 0 0 0 0 0 0 0 0 0 0 0 0 0 0 0 0 0 0 0 0 0 0 0 0 0 0 0 0 0 0 0 0 0 0 0 0 0 0 0 0 0 0 0 0 0 0 0 0 0 0 0 0 0 0 0 0 0 0 0 0 0 0 0 0 0 0 0 0 0 0 0 0 0 0 0 0 0 0 0 0 0 0 0 0 0 0 0 0 0 0 0 0 0 0 0 0 0 0 0 0 0 0 0 0 0 0 0 0 0 0 0 0 0 0 0 0 
0 0 0 0 0 0 0 0 0 0 0 0 0 0 0 0 0 0 0 0 0 0 0 0 0 0 0 0 0 0 0 0 0 0 0 0 0 0 0 0 0 0 0 0 0 0 0 0 0 0 0 0 0 0 0 0 0 0 0 0 0 0 0 0 0 0 0 0 0 0 0 0 0 0 0 0 0 0 0 0 0 0 0 0 0 0 0 0 0 0 0 0 0 0 0 0 0 0 0 0 0 0 0 0 0 0 0 0 0 0 0 0 0 0 0 0 0 0 0 0 0 0 0 0 0 0 0 0 0 0 0 0 0 0 0 0 0 0 0 0 0 0 0 0 0 0 0 0 0 0 0 0 0 0 0 0 0 0 0 0 0 0 0 0 0 0 0 0 0 0 0 0 0 0 0 0 0 0 0 0 0 0 0 0 0 0 0 0 0 0 0 0 0 0 0 0 0 0 0 0 0 0 0 0 0 0 0 0 0 0 0 0 0 0 0 0 0 0 0 0 0 0 0 0 0 0 0 0 0 0 0 0 0 0 0 0 0 0 0 0 0 0 0 0 0 0 0 0 0 0 0 0 0 0 0 0 0 0 0 0 0 0 0 0 0 0 0 0 0 0 0 0 0 0 
0 0.0039727 0.00385884 0.00391737 0.00490475 0.147538 0.0218217 0.0114618 0.0180048 0.0113674 0.0167555 0.0130268 0.00955166 0.0100218 0.0261444 0.0109587 0.0263024 0.0361047 0.0101026 0.0160928 0.00913428 0.010632 0.00931286 0.0130339 0.0135478 0.00922043 0.00887336 0.00840672 0.0094798 0.00868265 0.0110495 0.00827983 0.00837067 0.00841106 0.0086538 0.00824502 0.00819025 0.00869797 0.00829196 0.0082335 0.0082928 0.00836784 0.0086584 0.00818666 0.00809999 0.00816769 0.00831954 0.00824377 0.00832494 0.00831712 0.00825698 0.00868132 0.00826797 0.00824225 0.00819063 0.00828914 0.00839253 0.00826134 0.00917705 
0.0039727 0 0.00378685 0.00383646 0.00394856 0.190058 0.126833 0.0541957 0.022053 0.0474512 0.020105 0.0185439 0.0129646 0.0196125 0.0104736 0.0123266 0.0104003 0.0176548 0.0606657 0.0157221 0.0464603 0.0140828 0.0167714 0.00965766 0.0090601 0.00949493 0.0104339 0.0112969 0.0120614 0.0120861 0.0090877 0.00857079 0.00903056 0.00905792 0.00909875 0.00888686 0.00848001 0.00845031 0.00823166 0.0088488 0.00887831 0.00985236 0.00817035 0.00787617 0.00791045 0.00809202 0.00853012 0.00867165 0.00857678 0.0087077 0.00853775 0.00829396 0.00810694 0.00829819 0.00841413 0.0084529 0.00846193 0.00860583 0.00842717 
0.00385884 0.00378685 0 0.00379424 0.00377764 0.0280513 0.243465 0.0922843 0.160906 0.0427788 0.0495089 0.0276035 0.039163 0.0156804 0.0121487 0.00886346 0.0101786 0.0228654 0.0338523 0.126376 0.0381126 0.0691907 0.0128704 0.0094557 0.00844015 0.00950737 0.0137203 0.0185646 0.0301475 0.0128747 0.00905681 0.00883871 0.00987372 0.0120038 0.0105296 0.0107271 0.00917502 0.00816659 0.00844245 0.00957836 0.0109457 0.00945306 0.00825393 0.0078364 0.00782324 0.00806142 0.0088326 0.00907348 0.00920546 0.00956252 0.00867501 0.00819177 0.00819196 0.00844097 0.00895045 0.00886947 0.00917138 0.00969521 0.00864472 
0.00391737 0.00383646 0.00379424 0 0.00375498 0.0188329 0.0557704 0.267611 0.0699269 0.0796601 0.0384577 0.0229508 0.020833 0.0620251 0.0152783 0.0108905 0.0109549 0.0154492 0.0478908 0.0298635 0.0459241 0.0282631 0.0317071 0.0102407 0.00876745 0.00940517 0.0110448 0.0147576 0.0176741 0.0165316 0.00913494 0.00913685 0.00958615 0.0100048 0.00943811 0.0088811 0.00865587 0.0082428 0.0083098 0.00914364 0.0094264 0.00936291 0.0082559 0.00780591 0.0078206 0.00804934 0.00866415 0.00890236 0.00885992 0.00887908 0.00873509 0.00821124 0.00809892 0.00822724 0.00849632 0.00851104 0.00876287 0.00902387 0.00840357 
0.00490475 0.00394856 0.00377764 0.00375498 0 0.0192005 0.0196767 0.0254943 0.0824048 0.0295828 0.0270254 0.012445 0.01089 0.0156954 0.0519007 0.0121558 0.0119827 0.0240283 0.0118008 0.0128861 0.0107178 0.0103759 0.0111396 0.0139317 0.0115789 0.0112159 0.00902532 0.00892584 0.00910419 0.00914582 0.00966764 0.0101035 0.00836564 0.0084226 0.00822957 0.00822483 0.00816561 0.00837093 0.00849812 0.00818266 0.00835586 0.00821736 0.00820189 0.008009 0.00808224 0.00823968 0.00819654 0.00827189 0.00827052 0.00828226 0.0080709 0.00818006 0.00829528 0.00808104 0.0081523 0.00819924 0.00836972 0.00824527 0.00824043 
0.147538 0.190058 0.0280513 0.0188329 0.0192005 0 0.00591168 0.0037827 0.0037806 0.00377055 0.00395365 0.00403672 0.00394181 0.00531436 0.0140969 0.00934277 0.022052 0.102733 0.0289394 0.0139781 0.0137125 0.0109096 0.0109457 0.0167693 0.0157758 0.0139582 0.0101335 0.00917194 0.0103025 0.0098139 0.0104173 0.00983553 0.00866264 0.00865061 0.0090677 0.00841321 0.00868093 0.00938838 0.0086166 0.00864331 0.00845142 0.00862628 0.00834638 0.00813692 0.00845135 0.00822088 0.00826 0.00827867 0.0082949 0.00825444 0.00846783 0.00831393 0.00831373 0.00813635 0.00828834 0.0082288 0.00837465 0.00831225 0.00869808 
0.0218217 0.126833 0.243465 0.0557704 0.0196767 0.00591168 0 0.00380139 0.0037784 0.00381201 0.00384484 0.00413492 0.00402454 0.0080528 0.00562585 0.00878219 0.0107984 0.070567 0.0439627 0.0544071 0.014459 0.0365624 0.0140264 0.0114953 0.0105538 0.0115453 0.0229089 0.0116028 0.0259511 0.0115186 0.00962069 0.00878695 0.0102737 0.00916039 0.0109829 0.0088882 0.0110427 0.00843154 0.00844911 0.00946349 0.00893194 0.00959191 0.00822017 0.00782131 0.00782484 0.00794746 0.00863826 0.00865661 0.00880477 0.00893343 0.00844599 0.00815176 0.0080002 0.00829891 0.00840653 0.00852832 0.0083972 0.00850128 0.00824471 
0.0114618 0.0541957 0.0922843 0.267611 0.0254943 0.0037827 0.00380139 0 0.00380501 0.00378936 0.00381772 0.0037949 0.00441934 0.00397501 0.00438915 0.00844995 0.00798685 0.021958 0.142162 0.0227543 0.166581 0.0188671 0.0362724 0.00970288 0.00850733 0.0124489 0.0136892 0.0636219 0.0275284 0.0314159 0.00927215 0.0101004 0.00980578 0.0205834 0.010947 0.0181818 0.00908683 0.00860268 0.00880976 0.00923682 0.0140968 0.00916097 0.00834088 0.00783465 0.00785845 0.00819895 0.00860614 0.00930703 0.00910312 0.00929394 0.00896309 0.00827608 0.00809533 0.00836345 0.00871208 0.00871536 0.0087066 0.00940391 0.00855976 
0.0180048 0.022053 0.160906 0.0699269 0.0824048 0.0037806 0.0037784 0.00380501 0 0.00376807 0.00375682 0.00389545 0.00372395 0.0039037 0.00437745 0.00656612 0.00892555 0.0452042 0.0210541 0.273805 0.0205088 0.134989 0.0112426 0.0119362 0.00967395 0.0108887 0.0405701 0.0190091 0.0974167 0.0149012 0.0110216 0.00867672 0.0152632 0.010639 0.0205207 0.0108252 0.0132613 0.0084463 0.0087073 0.0109014 0.00988888 0.0117476 0.00840571 0.00788271 0.00786981 0.00807547 0.00911302 0.00889009 0.00945831 0.00915471 0.00871815 0.00825466 0.00819296 0.0084064 0.00866485 0.00865385 0.00888384 0.00899643 0.00897171 
0.0113674 0.0474512 0.0427788 0.0796601 0.0295828 0.00377055 0.00381201 0.00378936 0.00376807 0 0.00377033 0.00375244 0.00376236 0.0140417 0.00384862 0.00720617 0.00799148 0.0208699 0.0787938 0.0247877 0.188617 0.0230902 0.0274965 0.00964091 0.00861458 0.0121676 0.0164625 0.0530067 0.0285497 0.0253194 0.00936789 0.0100624 0.00959912 0.0201749 0.0114063 0.0148771 0.00911767 0.00867349 0.0087441 0.00950422 0.0120753 0.00927764 0.00846504 0.00782337 0.00785361 0.00815243 0.00866792 0.00970188 0.00907074 0.00930089 0.00873561 0.00820241 0.00807678 0.00834968 0.00852653 0.00853101 0.00851776 0.00927268 0.00844523 
0.0167555 0.020105 0.0495089 0.0384577 0.0270254 0.00395365 0.00384484 0.00381772 0.00375682 0.00377033 0 0.00376129 0.00376233 0.00377513 0.00381904 0.00685906 0.00733557 0.0367846 0.0295318 0.0573225 0.0377118 0.0629647 0.013778 0.0110443 0.00860667 0.012264 0.0170519 0.0197953 0.0321318 0.0159731 0.0103164 0.00929515 0.0108184 0.0119655 0.012378 0.0118497 0.00932045 0.00843047 0.00845401 0.00923471 0.00971782 0.00893407 0.00823202 0.00786112 0.00788207 0.00804408 0.00861873 0.00873892 0.00876293 0.00887143 0.00847197 0.00822126 0.00804538 0.00828779 0.00838279 0.00848215 0.00845527 0.00854181 0.00833241 
0.0130268 0.0185439 0.0276035 0.0229508 0.012445 0.00403672 0.00413492 0.0037949 0.00389545 0.00375244 0.00376129 0 0.00375735 0.00376926 0.00379055 0.005903 0.0111195 0.0186964 0.0211919 0.0464863 0.0185343 0.0328703 0.0139569 0.00940477 0.00966633 0.0095626 0.0125233 0.0122579 0.02711 0.010661 0.00922459 0.0085396 0.00965823 0.0094529 0.0112459 0.00942619 0.00916691 0.00819672 0.00850643 0.0091029 0.0087618 0.00903708 0.00815618 0.0078567 0.00785745 0.00802992 0.00840939 0.00855591 0.00856453 0.00846815 0.00831324 0.00822302 0.00802441 0.008277 0.00831668 0.00840201 0.00831796 0.00839442 0.00820945 
0.00955166 0.0129646 0.039163 0.020833 0.01089 0.00394181 0.00402454 0.00441934 0.00372395 0.00376236 0.00376233 0.00375735 0 0.00378223 0.00375007 0.00564402 0.00848467 0.0150272 0.0182602 0.0215341 0.0364797 0.0142131 0.0131945 0.00889023 0.00826229 0.00909228 0.00995537 0.0170104 0.0143397 0.011852 0.00861977 0.00844147 0.00880466 0.0102167 0.00902025 0.00913393 0.00866956 0.00808154 0.00823461 0.00854134 0.00922973 0.00841049 0.00812007 0.00786773 0.00786788 0.00804801 0.00831106 0.00852106 0.00848009 0.00845019 0.0082328 0.00803323 0.00800335 0.00813446 0.00823911 0.00821609 0.00829326 0.00821846 0.00807644 
0.0100218 0.0196125 0.0156804 0.0620251 0.0156954 0.00531436 0.0080528 0.00397501 0.0039037 0.0140417 0.00377513 0.00376926 0.00378223 0 0.00376052 0.022252 0.02155 0.0149614 0.0277795 0.0172841 0.0197113 0.0163392 0.0195207 0.00934203 0.00882508 0.0090855 0.0125456 0.0101628 0.012979 0.0115815 0.00885909 0.00834306 0.00897701 0.0086527 0.00861662 0.00843346 0.00825518 0.00809524 0.00813939 0.00857249 0.00847634 0.00881647 0.00803917 0.00781734 0.00783156 0.00797474 0.00826256 0.00833576 0.00833116 0.00830567 0.00809611 0.00801509 0.00803886 0.00811903 0.00809976 0.00816598 0.00817467 0.00816105 0.0079614 
0.0261444 0.0104736 0.0121487 0.0152783 0.0519007 0.0140969 0.00562585 0.00438915 0.00437745 0.00384862 0.00381904 0.00379055 0.00375007 0.00376052 0 0.0274618 0.0135965 0.0355539 0.0119433 0.0195064 0.0103279 0.0124567 0.0147856 0.0201798 0.0171065 0.014544 0.00924269 0.00872661 0.00939013 0.00908019 0.0109891 0.0104702 0.00838381 0.00832579 0.00828852 0.00811047 0.008079 0.00851527 0.00888361 0.00811442 0.00811619 0.00810303 0.00814655 0.00814958 0.00811371 0.00837214 0.008045 0.00807987 0.00803839 0.00802217 0.00803523 0.00827867 0.00828277 0.00797252 0.00800208 0.00802917 0.00806641 0.00805769 0.00808203 
0.0109587 0.0123266 0.00886346 0.0108905 0.0121558 0.00934277 0.00878219 0.00844995 0.00656612 0.00720617 0.00685906 0.005903 0.00564402 0.022252 0.0274618 0 0.00620248 0.0221268 0.0616626 0.00927324 0.0114067 0.0086874 0.0137762 0.0107003 0.0157251 0.00929574 0.00841646 0.0084965 0.00827824 0.0096598 0.00906174 0.00949454 0.00800422 0.0085918 0.00801715 0.00880779 0.00788468 0.00892778 0.00810012 0.00793341 0.00850269 0.0079414 0.00806392 0.00826977 0.0102037 0.00879698 0.00795156 0.00827347 0.00794784 0.00805522 0.00789294 0.00822643 0.00806739 0.00794382 0.00793521 0.00795751 0.00794475 0.00798683 0.00800241 
0.0263024 0.0104003 0.0101786 0.0109549 0.0119827 0.022052 0.0107984 0.00798685 0.00892555 0.00799148 0.00733557 0.0111195 0.00848467 0.02155 0.0135965 0.00620248 0 0.0606503 0.0127937 0.0238902 0.00974924 0.017956 0.0141393 0.0210918 0.0327131 0.0113534 0.0102142 0.00844596 0.0102251 0.00882289 0.0107276 0.00862434 0.00951318 0.00806598 0.00926521 0.00814458 0.00978962 0.00811829 0.0082689 0.008523 0.0080142 0.00896486 0.00806221 0.0081605 0.00796822 0.00805878 0.00839661 0.00803724 0.0081734 0.00802015 0.00803025 0.00811776 0.00826361 0.00800685 0.0080215 0.00793835 0.00806711 0.00801332 0.00807134 
0.0361047 0.0176548 0.0228654 0.0154492 0.0240283 0.102733 0.070567 0.021958 0.0452042 0.0208699 0.0367846 0.0186964 0.0150272 0.0149614 0.0355539 0.0221268 0.0606503 0 0.00385716 0.00387327 0.00383856 0.0039401 0.00389601 0.00634043 0.0187129 0.0806885 0.0377804 0.013454 0.0250138 0.013051 0.0345197 0.0154202 0.0152535 0.011244 0.0144914 0.00994654 0.0124423 0.0131312 0.0110677 0.0109938 0.0102833 0.0112863 0.0110185 0.00868657 0.00860185 0.00877176 0.0089748 0.00909204 0.0096892 0.00935578 0.00922837 0.00992548 0.00825648 0.00835879 0.00844294 0.00869137 0.00857872 0.00893684 0.00895414 
0.0101026 0.0606657 0.0338523 0.0478908 0.0118008 0.0289394 0.0439627 0.142162 0.0210541 0.0787938 0.0295318 0.0211919 0.0182602 0.0277795 0.0119433 0.0616626 0.0127937 0.00385716 0 0.00382637 0.00384588 0.00384829 0.0038907 0.00416039 0.00793106 0.16607 0.0548934 0.068948 0.0262575 0.0790216 0.0103079 0.0167426 0.013875 0.0319585 0.0132818 0.0275723 0.0117032 0.0105742 0.0106963 0.0116115 0.0331565 0.0112826 0.00953073 0.00793692 0.00809161 0.00850911 0.00903294 0.0102591 0.0096912 0.0107808 0.00896158 0.00858011 0.00829503 0.00855029 0.0089614 0.00889099 0.00900544 0.00897876 0.00846919 
0.0160928 0.0157221 0.126376 0.0298635 0.0128861 0.0139781 0.0544071 0.0227543 0.273805 0.0247877 0.0573225 0.0464863 0.0215341 0.0172841 0.0195064 0.00927324 0.0238902 0.00387327 0.00382637 0 0.00381833 0.00379085 0.00381351 0.00382609 0.00802948 0.0216713 0.274029 0.0298514 0.296113 0.0151464 0.0181129 0.00962343 0.041953 0.0152836 0.0827238 0.0138876 0.0203238 0.00890024 0.0103759 0.0198002 0.0158399 0.0218646 0.00929597 0.00797324 0.00790219 0.00811804 0.0104372 0.0101588 0.0140356 0.0118346 0.0101262 0.00875587 0.00821801 0.00882454 0.00918236 0.00960487 0.00932342 0.00951549 0.00879808 
0.00913428 0.0464603 0.0381126 0.0459241 0.0107178 0.0137125 0.014459 0.166581 0.0205088 0.188617 0.0377118 0.0185343 0.0364797 0.0197113 0.0103279 0.0114067 0.00974924 0.00383856 0.00384588 0.00381833 0 0.00376046 0.00378753 0.00376786 0.005558 0.0502181 0.017816 0.450221 0.0265213 0.0763733 0.00983601 0.0154963 0.011157 0.0699394 0.0145844 0.0459889 0.00952451 0.0107462 0.00938311 0.0117153 0.0364208 0.0105726 0.00965859 0.00795712 0.00800012 0.0085519 0.00897024 0.0136621 0.0111258 0.0126751 0.0090371 0.00852924 0.0081988 0.00877796 0.00911617 0.0091647 0.0092785 0.00916836 0.0083925 
0.010632 0.0140828 0.0691907 0.0282631 0.0103759 0.0109096 0.0365624 0.0188671 0.134989 0.0230902 0.0629647 0.0328703 0.0142131 0.0163392 0.0124567 0.0086874 0.017956 0.0039401 0.00384829 0.00379085 0.00376046 0 0.00375797 0.00376562 0.00661426 0.0276516 0.137743 0.0171418 0.300917 0.0180173 0.0169813 0.00913534 0.0343895 0.0139836 0.0378576 0.0108824 0.0185612 0.00869407 0.0102498 0.0166083 0.0131687 0.0167376 0.00849983 0.00794033 0.00783678 0.00804848 0.0098236 0.00920371 0.012735 0.0102085 0.00948803 0.00826715 0.00808682 0.00860442 0.00893123 0.00912057 0.00919267 0.00922835 0.00836758 
0.00931286 0.0167714 0.0128704 0.0317071 0.0111396 0.0109457 0.0140264 0.0362724 0.0112426 0.0274965 0.013778 0.0139569 0.0131945 0.0195207 0.0147856 0.0137762 0.0141393 0.00389601 0.0038907 0.00381351 0.00378753 0.00375797 0 0.00412974 0.0113152 0.0209609 0.0137933 0.0336615 0.0140867 0.18345 0.013455 0.0124203 0.00990038 0.0182619 0.00953217 0.0128101 0.00897448 0.0101745 0.00874115 0.00942391 0.0126947 0.00956963 0.00887084 0.00791325 0.00798837 0.00824291 0.00851444 0.00929244 0.00879421 0.00886714 0.00851282 0.00824117 0.00796137 0.0082313 0.00820969 0.00837885 0.00836681 0.00835777 0.00804904 
0.0130339 0.00965766 0.0094557 0.0102407 0.0139317 0.0167693 0.0114953 0.00970288 0.0119362 0.00964091 0.0110443 0.00940477 0.00889023 0.00934203 0.0201798 0.0107003 0.0210918 0.00634043 0.00416039 0.00382609 0.00376786 0.00376562 0.00412974 0 0.131095 0.013769 0.01539 0.0114411 0.015171 0.0166088 0.110449 0.0149483 0.0104645 0.00878313 0.00929672 0.0086542 0.00899105 0.00923824 0.00959299 0.00855025 0.00843008 0.00903162 0.00898882 0.00842114 0.00809695 0.0081244 0.00818067 0.00812978 0.00831769 0.0083202 0.00833404 0.00855425 0.00812819 0.00800222 0.00803211 0.00806277 0.00811945 0.00813026 0.00824128 
0.0135478 0.0090601 0.00844015 0.00876745 0.0115789 0.0157758 0.0105538 0.00850733 0.00967395 0.00861458 0.00860667 0.00966633 0.00826229 0.00882508 0.0171065 0.0157251 0.0327131 0.0187129 0.00793106 0.00802948 0.005558 0.00661426 0.0113152 0.131095 0 0.0220316 0.0103468 0.00930876 0.0114775 0.0124435 0.0371053 0.0120962 0.00991255 0.00830143 0.0092327 0.00816409 0.0092228 0.00951463 0.0100391 0.00844761 0.00798559 0.00828481 0.00855786 0.0113283 0.0112674 0.00864603 0.00864354 0.00794833 0.00830039 0.00794885 0.00814444 0.00861771 0.00863252 0.00796606 0.00789545 0.00790075 0.00793032 0.0079089 0.00839899 
0.00922043 0.00949493 0.00950737 0.00940517 0.0112159 0.0139582 0.0115453 0.0124489 0.0108887 0.0121676 0.012264 0.0095626 0.00909228 0.0090855 0.014544 0.00929574 0.0113534 0.0806885 0.16607 0.0216713 0.0502181 0.0276516 0.0209609 0.013769 0.0220316 0 0.00427711 0.00383341 0.00390227 0.00407353 0.00461806 0.697794 0.0158092 0.0320143 0.013607 0.0188518 0.011446 0.0264983 0.021883 0.0130493 0.01535 0.0107581 0.0193624 0.00920516 0.0105039 0.00998703 0.00983353 0.0100666 0.00977506 0.0107581 0.00977464 0.0129274 0.00826073 0.00840963 0.00864276 0.00877223 0.00868432 0.00906857 0.00954178 
0.00887336 0.0104339 0.0137203 0.0110448 0.00902532 0.0101335 0.0229089 0.0136892 0.0405701 0.0164625 0.0170519 0.0125233 0.00995537 0.0125456 0.00924269 0.00841646 0.0102142 0.0377804 0.0548934 0.274029 0.017816 0.137743 0.0137933 0.01539 0.0103468 0.00427711 0 0.00377287 0.00378023 0.00414611 0.00405425 0.026545 0.661987 0.0129315 0.070745 0.0117514 0.0559264 0.0103723 0.0131077 0.0521825 0.0139476 0.0582369 0.00985856 0.00838666 0.00803513 0.00851502 0.0190428 0.0108245 0.0285117 0.0114315 0.0171638 0.00890388 0.00822104 0.00946528 0.00935045 0.0106127 0.00964525 0.0100372 0.00848381 
0.00840672 0.0112969 0.0185646 0.0147576 0.00892584 0.00917194 0.0116028 0.0636219 0.0190091 0.0530067 0.0197953 0.0122579 0.0170104 0.0101628 0.00872661 0.0084965 0.00844596 0.013454 0.068948 0.0298514 0.450221 0.0171418 0.0336615 0.0114411 0.00930876 0.00383341 0.00377287 0 0.00384261 0.0037731 0.00378515 0.0663435 0.0133891 0.594383 0.0193156 0.137677 0.0103891 0.0139057 0.0130369 0.0162009 0.16616 0.0160844 0.0125656 0.00836135 0.008069 0.00891664 0.00936145 0.0461441 0.017688 0.046021 0.010278 0.00924842 0.00820626 0.00885626 0.0114947 0.0114118 0.0138497 0.0105061 0.00897599 
0.0094798 0.0120614 0.0301475 0.0176741 0.00910419 0.0103025 0.0259511 0.0275284 0.0974167 0.0285497 0.0321318 0.02711 0.0143397 0.012979 0.00939013 0.00827824 0.0102251 0.0250138 0.0262575 0.296113 0.0265213 0.300917 0.0140867 0.015171 0.0114775 0.00390227 0.00378023 0.00384261 0 0.00377195 0.00377586 0.0383741 0.184966 0.0222698 0.594775 0.0185849 0.0432558 0.00988179 0.0143346 0.0911289 0.0480941 0.0583558 0.0114459 0.00830811 0.00814429 0.00864011 0.026461 0.021836 0.0735128 0.0232911 0.0180181 0.00914602 0.00846576 0.0105802 0.014287 0.018683 0.0148442 0.0120726 0.00893189 
0.00868265 0.0120861 0.0128747 0.0165316 0.00914582 0.0098139 0.0115186 0.0314159 0.0149012 0.0253194 0.0159731 0.010661 0.011852 0.0115815 0.00908019 0.0096598 0.00882289 0.013051 0.0790216 0.0151464 0.0763733 0.0180173 0.18345 0.0166088 0.0124435 0.00407353 0.00414611 0.0037731 0.00377195 0 0.00386355 0.041234 0.0254798 0.172353 0.0217055 0.220936 0.024067 0.0353599 0.0156432 0.0207782 0.0597059 0.0348068 0.0181883 0.00886141 0.0087229 0.00988414 0.0098522 0.0252088 0.0149539 0.0238326 0.0132708 0.0106485 0.00838984 0.00931458 0.0117608 0.0101443 0.0108704 0.0119607 0.00893078 
0.0110495 0.0090877 0.00905681 0.00913494 0.00966764 0.0104173 0.00962069 0.00927215 0.0110216 0.00936789 0.0103164 0.00922459 0.00861977 0.00885909 0.0109891 0.00906174 0.0107276 0.0345197 0.0103079 0.0181129 0.00983601 0.0169813 0.013455 0.110449 0.0371053 0.00461806 0.00405425 0.00378515 0.00377586 0.00386355 0 0.018877 0.0662912 0.0246665 0.0431985 0.013382 0.128966 0.0664406 0.0158012 0.0148921 0.00975597 0.0192464 0.0172963 0.0112902 0.00945193 0.0094726 0.0111782 0.00899956 0.0104742 0.00939713 0.0119359 0.0106665 0.012181 0.00885688 0.00859526 0.00898168 0.00866923 0.0094759 0.00880919 
0.00827983 0.00857079 0.00883871 0.00913685 0.0101035 0.00983553 0.00878695 0.0101004 0.00867672 0.0100624 0.00929515 0.0085396 0.00844147 0.00834306 0.0104702 0.00949454 0.00862434 0.0154202 0.0167426 0.00962343 0.0154963 0.00913534 0.0124203 0.0149483 0.0120962 0.697794 0.026545 0.0663435 0.0383741 0.041234 0.018877 0 0.00383694 0.0038252 0.00387416 0.0041106 0.00391644 0.00737714 0.0790926 0.0138618 0.0242299 0.010555 0.0431273 0.0127713 0.0248239 0.0267432 0.00986294 0.0154124 0.0104277 0.0158094 0.010241 0.0336082 0.00909401 0.00907573 0.00946033 0.00928815 0.0111368 0.00955083 0.0136128 
0.00837067 0.00903056 0.00987372 0.00958615 0.00836564 0.00866264 0.0102737 0.00980578 0.0152632 0.00959912 0.0108184 0.00965823 0.00880466 0.00897701 0.00838381 0.00800422 0.00951318 0.0152535 0.013875 0.041953 0.011157 0.0343895 0.00990038 0.0104645 0.00991255 0.0158092 0.661987 0.0133891 0.184966 0.0254798 0.0662912 0.00383694 0 0.00382366 0.00380308 0.00383562 0.00424998 0.00385938 0.0264664 0.108324 0.0107483 0.0942951 0.0107807 0.00914112 0.00853709 0.00894575 0.0624776 0.011407 0.0502563 0.012537 0.0531791 0.00960886 0.00872089 0.012834 0.0119976 0.0178811 0.0122246 0.0195025 0.00997498 
0.00841106 0.00905792 0.0120038 0.0100048 0.0084226 0.00865061 0.00916039 0.0205834 0.010639 0.0201749 0.0119655 0.0094529 0.0102167 0.0086527 0.00832579 0.0085918 0.00806598 0.011244 0.0319585 0.0152836 0.0699394 0.0139836 0.0182619 0.00878313 0.00830143 0.0320143 0.0129315 0.594383 0.0222698 0.172353 0.0246665 0.0038252 0.00382366 0 0.00380444 0.0037891 0.0037779 0.003846 0.2019 0.0109543 0.195989 0.0103236 0.0301857 0.00882704 0.0090333 0.0120175 0.0103512 0.07867 0.0160177 0.0890614 0.0107587 0.0134879 0.00892697 0.0100067 0.0250998 0.0166462 0.0318861 0.0121162 0.0100584 
0.0086538 0.00909875 0.0105296 0.00943811 0.00822957 0.0090677 0.0109829 0.010947 0.0205207 0.0114063 0.012378 0.0112459 0.00902025 0.00861662 0.00828852 0.00801715 0.00926521 0.0144914 0.0132818 0.0827238 0.0145844 0.0378576 0.00953217 0.00929672 0.0092327 0.013607 0.070745 0.0193156 0.594775 0.0217055 0.0431985 0.00387416 0.00380308 0.00380444 0 0.00379061 0.00378459 0.00380523 0.0201387 0.433508 0.0134951 0.0957287 0.0105581 0.00976935 0.00891893 0.00945147 0.0412883 0.0139143 0.127569 0.0150031 0.0238994 0.00951902 0.00897025 0.0129745 0.0142532 0.037208 0.0161935 0.015036 0.00907657 
0.00824502 0.00888686 0.0107271 0.0088811 0.00822483 0.00841321 0.0088882 0.0181818 0.0108252 0.0148771 0.0118497 0.00942619 0.00913393 0.00843346 0.00811047 0.00880779 0.00814458 0.00994654 0.0275723 0.0138876 0.0459889 0.0108824 0.0128101 0.0086542 0.00816409 0.0188518 0.0117514 0.137677 0.0185849 0.220936 0.013382 0.0041106 0.00383562 0.0037891 0.00379061 0 0.00374823 0.00377724 0.0270823 0.0131752 0.508125 0.0107627 0.0268441 0.00891788 0.00963247 0.0128437 0.0100684 0.101894 0.0132683 0.0495072 0.00976706 0.0110156 0.00866302 0.00929902 0.0256433 0.0120349 0.0195342 0.0111654 0.00906687 
0.00819025 0.00848001 0.00917502 0.00865587 0.00816561 0.00868093 0.0110427 0.00908683 0.0132613 0.00911767 0.00932045 0.00916691 0.00866956 0.00825518 0.008079 0.00788468 0.00978962 0.0124423 0.0117032 0.0203238 0.00952451 0.0185612 0.00897448 0.00899105 0.0092228 0.011446 0.0559264 0.0103891 0.0432558 0.024067 0.128966 0.00391644 0.00424998 0.0037779 0.00378459 0.00374823 0 0.00377066 0.0119535 0.100199 0.0128843 0.44273 0.0105042 0.00961496 0.00871799 0.00888075 0.0549068 0.00970956 0.0295546 0.0106362 0.0236272 0.0092589 0.00851317 0.0115826 0.00933722 0.0135836 0.00971853 0.0136463 0.00876876 
0.00869797 0.00845031 0.00816659 0.0082428 0.00837093 0.00938838 0.00843154 0.00860268 0.0084463 0.00867349 0.00843047 0.00819672 0.00808154 0.00809524 0.00851527 0.00892778 0.00811829 0.0131312 0.0105742 0.00890024 0.0107462 0.00869407 0.0101745 0.00923824 0.00951463 0.0264983 0.0103723 0.0139057 0.00988179 0.0353599 0.0664406 0.00737714 0.00385938 0.003846 0.00380523 0.00377724 0.00377066 0 0.0327774 0.00976556 0.0344189 0.0168956 0.420024 0.0127652 0.0147102 0.039676 0.0102833 0.0122714 0.00959988 0.012091 0.0108856 0.0238031 0.0128202 0.00873713 0.0093117 0.00903312 0.00926988 0.00981865 0.010395 
0.00829196 0.00823166 0.00844245 0.0083098 0.00849812 0.0086166 0.00844911 0.00880976 0.0087073 0.0087441 0.00845401 0.00850643 0.00823461 0.00813939 0.00888361 0.00810012 0.0082689 0.0110677 0.0106963 0.0103759 0.00938311 0.0102498 0.00874115 0.00959299 0.0100391 0.021883 0.0131077 0.0130369 0.0143346 0.0156432 0.0158012 0.0790926 0.0264664 0.2019 0.0201387 0.0270823 0.0119535 0.0327774 0 0.0046907 0.00377496 0.00371825 0.00449123 0.0110211 0.016594 0.248648 0.0139944 0.0223775 0.0123328 0.0251825 0.0113651 0.0265736 0.0113414 0.01179 0.01126 0.0113441 0.0150984 0.0107286 0.0141863 
0.0082335 0.0088488 0.00957836 0.00914364 0.00818266 0.00864331 0.00946349 0.00923682 0.0109014 0.00950422 0.00923471 0.0091029 0.00854134 0.00857249 0.00811442 0.00793341 0.008523 0.0109938 0.0116115 0.0198002 0.0117153 0.0166083 0.00942391 0.00855025 0.00844761 0.0130493 0.0521825 0.0162009 0.0911289 0.0207782 0.0148921 0.0138618 0.108324 0.0109543 0.433508 0.0131752 0.100199 0.00976556 0.0046907 0 0.00377481 0.00379158 0.00378595 0.00758384 0.0108338 0.0137577 0.463132 0.0127708 0.138178 0.0138756 0.0462518 0.0101012 0.0101167 0.0221824 0.017894 0.0395945 0.0234445 0.0306282 0.00985608 
0.0082928 0.00887831 0.0109457 0.0094264 0.00835586 0.00845142 0.00893194 0.0140968 0.00988888 0.0120753 0.00971782 0.0087618 0.00922973 0.00847634 0.00811619 0.00850269 0.0080142 0.0102833 0.0331565 0.0158399 0.0364208 0.0131687 0.0126947 0.00843008 0.00798559 0.01535 0.0139476 0.16616 0.0480941 0.0597059 0.00975597 0.0242299 0.0107483 0.195989 0.0134951 0.508125 0.0128843 0.0344189 0.00377496 0.00377481 0 0.00376202 0.00376514 0.00640539 0.00680434 0.0251801 0.0125187 0.558428 0.0156962 0.243366 0.0127186 0.0136673 0.00986049 0.0151726 0.0621928 0.0312719 0.121362 0.0203555 0.0108034 
0.00836784 0.00985236 0.00945306 0.00936291 0.00821736 0.00862628 0.00959191 0.00916097 0.0117476 0.00927764 0.00893407 0.00903708 0.00841049 0.00881647 0.00810303 0.0079414 0.00896486 0.0112863 0.0112826 0.0218646 0.0105726 0.0167376 0.00956963 0.00903162 0.00828481 0.0107581 0.0582369 0.0160844 0.0583558 0.0348068 0.0192464 0.010555 0.0942951 0.0103236 0.0957287 0.0107627 0.44273 0.0168956 0.00371825 0.00379158 0.00376202 0 0.00384772 0.00803475 0.00701225 0.0101824 0.128312 0.0119258 0.341922 0.0161265 0.224772 0.012521 0.0107327 0.0256321 0.0156069 0.0488706 0.0195251 0.0590847 0.0108939 
0.0086584 0.00817035 0.00825393 0.0082559 0.00820189 0.00834638 0.00822017 0.00834088 0.00840571 0.00846504 0.00823202 0.00815618 0.00812007 0.00803917 0.00814655 0.00806392 0.00806221 0.0110185 0.00953073 0.00929597 0.00965859 0.00849983 0.00887084 0.00898882 0.00855786 0.0193624 0.00985856 0.0125656 0.0114459 0.0181883 0.0172963 0.0431273 0.0107807 0.0301857 0.0105581 0.0268441 0.0105042 0.420024 0.00449123 0.00378595 0.00376514 0.00384772 0 0.0163236 0.0120775 0.0356747 0.00954559 0.0302449 0.010999 0.0742638 0.0138838 0.103144 0.0134531 0.00989209 0.0143704 0.0103306 0.0115765 0.0127988 0.0156421 
0.00818666 0.00787617 0.0078364 0.00780591 0.008009 0.00813692 0.00782131 0.00783465 0.00788271 0.00782337 0.00786112 0.0078567 0.00786773 0.00781734 0.00814958 0.00826977 0.0081605 0.00868657 0.00793692 0.00797324 0.00795712 0.00794033 0.00791325 0.00842114 0.0113283 0.00920516 0.00838666 0.00836135 0.00830811 0.00886141 0.0112902 0.0127713 0.00914112 0.00882704 0.00976935 0.00891788 0.00961496 0.0127652 0.0110211 0.00758384 0.00640539 0.00803475 0.0163236 0 0.813351 0.0117441 0.010949 0.00884369 0.00952274 0.00921958 0.0146481 0.0186642 0.010408 0.00857753 0.00830231 0.0084041 0.0084772 0.00895973 0.0105617 
0.00809999 0.00791045 0.00782324 0.0078206 0.00808224 0.00845135 0.00782484 0.00785845 0.00786981 0.00785361 0.00788207 0.00785745 0.00786788 0.00783156 0.00811371 0.0102037 0.00796822 0.00860185 0.00809161 0.00790219 0.00800012 0.00783678 0.00798837 0.00809695 0.0112674 0.0105039 0.00803513 0.008069 0.00814429 0.0087229 0.00945193 0.0248239 0.00853709 0.0090333 0.00891893 0.00963247 0.00871799 0.0147102 0.016594 0.0108338 0.00680434 0.00701225 0.0120775 0.813351 0 0.019577 0.00745319 0.00738384 0.00673324 0.00728329 0.00757393 0.0203316 0.0131736 0.00848676 0.00817907 0.00817136 0.00827931 0.00856386 0.0107803 
0.00816769 0.00809202 0.00806142 0.00804934 0.00823968 0.00822088 0.00794746 0.00819895 0.00807547 0.00815243 0.00804408 0.00802992 0.00804801 0.00797474 0.00837214 0.00879698 0.00805878 0.00877176 0.00850911 0.00811804 0.0085519 0.00804848 0.00824291 0.0081244 0.00864603 0.00998703 0.00851502 0.00891664 0.00864011 0.00988414 0.0094726 0.0267432 0.00894575 0.0120175 0.00945147 0.0128437 0.00888075 0.039676 0.248648 0.0137577 0.0251801 0.0101824 0.0356747 0.0117441 0.019577 0 0.00422878 0.0038135 0.00382784 0.00390651 0.00427637 0.00913465 0.128098 0.00973976 0.0111803 0.00956464 0.0120322 0.0101564 0.0220506 
0.00831954 0.00853012 0.0088326 0.00866415 0.00819654 0.00826 0.00863826 0.00860614 0.00911302 0.00866792 0.00861873 0.00840939 0.00831106 0.00826256 0.008045 0.00795156 0.00839661 0.0089748 0.00903294 0.0104372 0.00897024 0.0098236 0.00851444 0.00818067 0.00864354 0.00983353 0.0190428 0.00936145 0.026461 0.0098522 0.0111782 0.00986294 0.0624776 0.0103512 0.0412883 0.0100684 0.0549068 0.0102833 0.0139944 0.463132 0.0125187 0.128312 0.00954559 0.010949 0.00745319 0.00422878 0 0.00380293 0.003799 0.00378174 0.00428163 0.00394523 0.0550701 0.20325 0.0131463 0.0355126 0.012789 0.0315277 0.0104679 
0.00824377 0.00867165 0.00907348 0.00890236 0.00827189 0.00827867 0.00865661 0.00930703 0.00889009 0.00970188 0.00873892 0.00855591 0.00852106 0.00833576 0.00807987 0.00827347 0.00803724 0.00909204 0.0102591 0.0101588 0.0136621 0.00920371 0.00929244 0.00812978 0.00794833 0.0100666 0.0108245 0.0461441 0.021836 0.0252088 0.00899956 0.0154124 0.011407 0.07867 0.0139143 0.101894 0.00970956 0.0122714 0.0223775 0.0127708 0.558428 0.0119258 0.0302449 0.00884369 0.00738384 0.0038135 0.00380293 0 0.00378311 0.00377795 0.00379779 0.00394824 0.0230217 0.0211634 0.340632 0.0185584 0.12964 0.0189053 0.0130191 
0.00832494 0.00857678 0.00920546 0.00885992 0.00827052 0.0082949 0.00880477 0.00910312 0.00945831 0.00907074 0.00876293 0.00856453 0.00848009 0.00833116 0.00803839 0.00794784 0.0081734 0.0096892 0.0096912 0.0140356 0.0111258 0.012735 0.00879421 0.00831769 0.00830039 0.00977506 0.0285117 0.017688 0.0735128 0.0149539 0.0104742 0.0104277 0.0502563 0.0160177 0.127569 0.0132683 0.0295546 0.00959988 0.0123328 0.138178 0.0156962 0.341922 0.010999 0.00952274 0.00673324 0.00382784 0.003799 0.00378311 0 0.00377243 0.00377497 0.00381517 0.0208783 0.0517003 0.0289752 0.459035 0.0268506 0.05439 0.0114043 
0.00831712 0.0087077 0.00956252 0.00887908 0.00828226 0.00825444 0.00893343 0.00929394 0.00915471 0.00930089 0.00887143 0.00846815 0.00845019 0.00830567 0.00802217 0.00805522 0.00802015 0.00935578 0.0107808 0.0118346 0.0126751 0.0102085 0.00886714 0.0083202 0.00794885 0.0107581 0.0114315 0.046021 0.0232911 0.0238326 0.00939713 0.0158094 0.012537 0.0890614 0.0150031 0.0495072 0.0106362 0.012091 0.0251825 0.0138756 0.243366 0.0161265 0.0742638 0.00921958 0.00728329 0.00390651 0.00378174 0.00377795 0.00377243 0 0.00376367 0.00376447 0.023803 0.0228635 0.148692 0.0387404 0.411638 0.0206791 0.0154442 
0.00825698 0.00853775 0.00867501 0.00873509 0.0080709 0.00846783 0.00844599 0.00896309 0.00871815 0.00873561 0.00847197 0.00831324 0.0082328 0.00809611 0.00803523 0.00789294 0.00803025 0.00922837 0.00896158 0.0101262 0.0090371 0.00948803 0.00851282 0.00833404 0.00814444 0.00977464 0.0171638 0.010278 0.0180181 0.0132708 0.0119359 0.010241 0.0531791 0.0107587 0.0238994 0.00976706 0.0236272 0.0108856 0.0113651 0.0462518 0.0127186 0.224772 0.0138838 0.0146481 0.00757393 0.00427637 0.00428163 0.00379779 0.00377497 0.00376367 0 0.0042513 0.0148522 0.0525104 0.0293551 0.0769761 0.0253427 0.499993 0.0136851 
0.00868132 0.00829396 0.00819177 0.00821124 0.00818006 0.00831393 0.00815176 0.00827608 0.00825466 0.00820241 0.00822126 0.00822302 0.00803323 0.00801509 0.00827867 0.00822643 0.00811776 0.00992548 0.00858011 0.00875587 0.00852924 0.00826715 0.00824117 0.00855425 0.00861771 0.0129274 0.00890388 0.00924842 0.00914602 0.0106485 0.0106665 0.0336082 0.00960886 0.0134879 0.00951902 0.0110156 0.0092589 0.0238031 0.0265736 0.0101012 0.0136673 0.012521 0.103144 0.0186642 0.0203316 0.00913465 0.00394523 0.00394824 0.00381517 0.00376447 0.0042513 0 0.0335046 0.0156813 0.023634 0.0241377 0.0354701 0.0429369 0.322784 
0.00826797 0.00810694 0.00819196 0.00809892 0.00829528 0.00831373 0.0080002 0.00809533 0.00819296 0.00807678 0.00804538 0.00802441 0.00800335 0.00803886 0.00828277 0.00806739 0.00826361 0.00825648 0.00829503 0.00821801 0.0081988 0.00808682 0.00796137 0.00812819 0.00863252 0.00826073 0.00822104 0.00820626 0.00846576 0.00838984 0.012181 0.00909401 0.00872089 0.00892697 0.00897025 0.00866302 0.00851317 0.0128202 0.0113414 0.0101167 0.00986049 0.0107327 0.0134531 0.010408 0.0131736 0.128098 0.0550701 0.0230217 0.0208783 0.023803 0.0148522 0.0335046 0 0.00402479 0.00378456 0.00378685 0.00389612 0.00406468 0.00621574 
0.00824225 0.00829819 0.00844097 0.00822724 0.00808104 0.00813635 0.00829891 0.00836345 0.0084064 0.00834968 0.00828779 0.008277 0.00813446 0.00811903 0.00797252 0.00794382 0.00800685 0.00835879 0.00855029 0.00882454 0.00877796 0.00860442 0.0082313 0.00800222 0.00796606 0.00840963 0.00946528 0.00885626 0.0105802 0.00931458 0.00885688 0.00907573 0.012834 0.0100067 0.0129745 0.00929902 0.0115826 0.00873713 0.01179 0.0221824 0.0151726 0.0256321 0.00989209 0.00857753 0.00848676 0.00973976 0.20325 0.0211634 0.0517003 0.0228635 0.0525104 0.0156813 0.00402479 0 0.00380658 0.00380121 0.00376818 0.00440618 0.00384581 
0.00819063 0.00841413 0.00895045 0.00849632 0.0081523 0.00828834 0.00840653 0.00871208 0.00866485 0.00852653 0.00838279 0.00831668 0.00823911 0.00809976 0.00800208 0.00793521 0.0080215 0.00844294 0.0089614 0.00918236 0.00911617 0.00893123 0.00820969 0.00803211 0.00789545 0.00864276 0.00935045 0.0114947 0.014287 0.0117608 0.00859526 0.00946033 0.0119976 0.0250998 0.0142532 0.0256433 0.00933722 0.0093117 0.01126 0.017894 0.0621928 0.0156069 0.0143704 0.00830231 0.00817907 0.0111803 0.0131463 0.340632 0.0289752 0.148692 0.0293551 0.023634 0.00378456 0.00380658 0 0.00380221 0.00378718 0.00377479 0.00382591 
0.00828914 0.0084529 0.00886947 0.00851104 0.00819924 0.0082288 0.00852832 0.00871536 0.00865385 0.00853101 0.00848215 0.00840201 0.00821609 0.00816598 0.00802917 0.00795751 0.00793835 0.00869137 0.00889099 0.00960487 0.0091647 0.00912057 0.00837885 0.00806277 0.00790075 0.00877223 0.0106127 0.0114118 0.018683 0.0101443 0.00898168 0.00928815 0.0178811 0.0166462 0.037208 0.0120349 0.0135836 0.00903312 0.0113441 0.0395945 0.0312719 0.0488706 0.0103306 0.0084041 0.00817136 0.00956464 0.0355126 0.0185584 0.459035 0.0387404 0.0769761 0.0241377 0.00378685 0.00380121 0.00380221 0 0.00375366 0.00378907 0.00377227 
0.00839253 0.00846193 0.00917138 0.00876287 0.00836972 0.00837465 0.0083972 0.0087066 0.00888384 0.00851776 0.00845527 0.00831796 0.00829326 0.00817467 0.00806641 0.00794475 0.00806711 0.00857872 0.00900544 0.00932342 0.0092785 0.00919267 0.00836681 0.00811945 0.00793032 0.00868432 0.00964525 0.0138497 0.0148442 0.0108704 0.00866923 0.0111368 0.0122246 0.0318861 0.0161935 0.0195342 0.00971853 0.00926988 0.0150984 0.0234445 0.121362 0.0195251 0.0115765 0.0084772 0.00827931 0.0120322 0.012789 0.12964 0.0268506 0.411638 0.0253427 0.0354701 0.00389612 0.00376818 0.00378718 0.00375366 0 0.00377089 0.00374619 
0.00826134 0.00860583 0.00969521 0.00902387 0.00824527 0.00831225 0.00850128 0.00940391 0.00899643 0.00927268 0.00854181 0.00839442 0.00821846 0.00816105 0.00805769 0.00798683 0.00801332 0.00893684 0.00897876 0.00951549 0.00916836 0.00922835 0.00835777 0.00813026 0.0079089 0.00906857 0.0100372 0.0105061 0.0120726 0.0119607 0.0094759 0.00955083 0.0195025 0.0121162 0.015036 0.0111654 0.0136463 0.00981865 0.0107286 0.0306282 0.0203555 0.0590847 0.0127988 0.00895973 0.00856386 0.0101564 0.0315277 0.0189053 0.05439 0.0206791 0.499993 0.0429369 0.00406468 0.00440618 0.00377479 0.00378907 0.00377089 0 0.00379076 
0.00917705 0.00842717 0.00864472 0.00840357 0.00824043 0.00869808 0.00824471 0.00855976 0.00897171 0.00844523 0.00833241 0.00820945 0.00807644 0.0079614 0.00808203 0.00800241 0.00807134 0.00895414 0.00846919 0.00879808 0.0083925 0.00836758 0.00804904 0.00824128 0.00839899 0.00954178 0.00848381 0.00897599 0.00893189 0.00893078 0.00880919 0.0136128 0.00997498 0.0100584 0.00907657 0.00906687 0.00876876 0.010395 0.0141863 0.00985608 0.0108034 0.0108939 0.0156421 0.0105617 0.0107803 0.0220506 0.0104679 0.0130191 0.0114043 0.0154442 0.0136851 0.322784 0.00621574 0.00384581 0.00382591 0.00377227 0.00374619 0.00379076 0 
