1OOEB
SSGKVIVYGGKGALGSAILEFFKKNGYTVLNIDLSANDQADSNILVDGNKNWTEQEQSILEQTASSLQGSQVDGVFCVAGGWAGGSASSKDFVKNADLMIKQSVWSSAIAAKLATTHLKPGGLLQLTGAAAAMGPTPSMIGYGMAKAAVHHLTSSLAAKDSGLPDNSAVLTIMPVTLDTPMNRKWMPNADHSSWTPLSFISEHLLKWTTETSSRPSSGALLKITTENGTSTITPQ
CCEEEEEECCCCHHHHHHHHHHHHCCEEEEEEECCCCCCCCEEEECCCCCCHHHHHHHHHHHHHHHHCCCCEEEEEECCCCCCCECCCCCCHHHHHHHHHHHHHHHHHHHHHHHHHHEEEEEEEEEECCHHHHCCCCCEHHHHHHHHHHHHHHHHHHCCCCCCCCCCEEEEEEECCECCHHHHHHCCCCCHHHCECHHHHHHHHHHHHHCHHHCCCCCCEEEEEEECCEEEEEEC
0 0 0 0 0 0 0 0 0 0 0 0 0 0 0 0 0 0 0 0 0 0 0 0 0 0 0 0 0 0 0 0 0 0 0 0 0 0 0 0 0 0 0 0 0 0 0 0 0 0 0 0 0 0 0 0 0 0 0 0 0 0 0 0 0 0 0 0 0 0 0 0 0 0 0 0 0 0 0 0 0 0 0 0 0 0 0 0 0 0 0 0 0 0 0 0 0 0 0 0 0 0 0 0 0 0 0 0 0 0 0 0 0 0 0 0 0 0 0 0 0 0 0 0 0 0 0 0 0 0 0 0 0 0 0 0 0 0 0 0 0 0 0 0 0 0 0 0 0 0 0 0 0 0 0 0 0 0 0 0 0 0 0 0 0 0 0 0 0 0 0 0 0 0 0 0 0 0 0 0 0 0 0 0 0 0 0 0 0 0 0 0 0 0 0 0 0 0 0 0 0 0 0 0 0 0 0 0 0 0 0 0 0 0 0 0 0 0 0 0 0 0 0 0 0 0 0 0 0 0 0 0 0 0 0 
0 0 0 0 0 0 0 0 0 0 0 0 0 0 0 0 0 0 0 0 0 0 0 0 0 0 0 0 0 0 0 0 0 0 0 0 0 0 0 0 0 0 0 0 0 0 0 0 0 0 0 0 0 0 0 0 0 0 0 0 0 0 0 0 0 0 0 0 0 0 0 0 0 0 0 0 0 0 0 0 0 0 0 0 0 0 0 0 0 0 0 0 0 0 0 0 0 0 0 0 0 0 0 0 0 0 0 0 0 0 0 0 0 0 0 0 0 0 0 0 0 0 0 0 0 0 0 0 0 0 0 0 0 0 0 0 0 0 0 0 0 0 0 0 0 0 0 0 0 0 0 0 0 0 0 0 0 0 0 0 0 0 0 0 0 0 0 0 0 0 0 0 0 0 0 0 0 0 0 0 0 0 0 0 0 0 0 0 0 0 0 0 0 0 0 0 0 0 0 0 0 0 0 0 0 0 0 0 0 0 0 0 0 0 0 0 0 0 0 0 0 0 0 0 0 0 0 0 0 0 0 0 0 0 0 
0 0.00408996 0.00388944 0.00385697 0.00416273 0.00522796 0.336197 0.0098373 0.0217916 0.0110278 0.012766 0.0167865 0.0292972 0.0161698 0.00915065 0.0160488 0.0140995 0.0224486 0.00855035 0.0130137 0.00897268 0.0102413 0.0143307 0.0119716 0.00969128 0.00788182 0.00792079 0.0079996 0.00814798 0.00818965 0.00846181 0.00837023 0.00846418 0.00998693 0.00848616 0.00826791 0.00839876 0.00829738 0.00822088 0.00814108 0.00797966 0.00862576 0.00911706 0.00835852 0.00849333 0.00834579 0.00826308 0.00859724 0.00821865 0.00867176 0.00902749 0.00847666 0.00859268 0.00825224 0.00835275 0.00849068 0.00905662 
0.00408996 0 0.00377014 0.00372907 0.00413646 0.00401592 0.0124099 0.60688 0.0120217 0.044864 0.0197313 0.0339115 0.0121672 0.00966599 0.0306814 0.0101608 0.0195537 0.00922231 0.0536968 0.0140342 0.0241491 0.0153999 0.0113055 0.0083695 0.00802875 0.00807204 0.00808524 0.00831282 0.0090501 0.00953871 0.00949625 0.0105758 0.009571 0.0088501 0.00807735 0.00831947 0.00846629 0.00860725 0.00895414 0.00862616 0.00842293 0.00810892 0.00794337 0.0078522 0.00807443 0.00832751 0.00859221 0.00830572 0.00841177 0.00838956 0.00858097 0.00825717 0.00817373 0.0083338 0.00825027 0.00836152 0.00842326 
0.00388944 0.00377014 0 0.00382286 0.0038587 0.00383008 0.039795 0.0126394 0.608778 0.0342349 0.119054 0.0215531 0.011251 0.0176149 0.0106306 0.0247181 0.00970547 0.0165347 0.0129708 0.183636 0.0628098 0.0215034 0.0111194 0.0084196 0.00909882 0.00819637 0.00883263 0.00982738 0.0129381 0.0127476 0.0189558 0.0168684 0.0117782 0.00878746 0.0079621 0.00834925 0.00943858 0.0107649 0.010257 0.0106952 0.00865795 0.00825091 0.00799482 0.00786989 0.00839156 0.00914943 0.00868619 0.00903034 0.00857984 0.00853546 0.00830385 0.00827473 0.00866488 0.0085707 0.00842597 0.00850704 0.00842565 
0.00385697 0.00372907 0.00382286 0 0.00382178 0.00378507 0.0134781 0.0946842 0.0310508 0.646185 0.0864752 0.0357471 0.011412 0.0112142 0.0339106 0.0137436 0.0176583 0.0105819 0.049515 0.0760407 0.267556 0.0291479 0.0135992 0.00853958 0.0086344 0.00869629 0.00940799 0.0105055 0.0146436 0.0192224 0.0217117 0.0235691 0.0114018 0.00937439 0.0080268 0.00849297 0.00991408 0.0108741 0.0112676 0.0102759 0.00875702 0.00825057 0.00797247 0.00788432 0.00844552 0.00888963 0.00890703 0.00896018 0.0087216 0.00855763 0.00840558 0.00842783 0.0086405 0.0085869 0.00868577 0.00843166 0.00849553 
0.00416273 0.00413646 0.0038587 0.00382178 0 0.00398407 0.0207442 0.0220971 0.130041 0.0538837 0.55164 0.120413 0.0254441 0.0125639 0.0123631 0.0689315 0.016289 0.0149512 0.0182799 0.082026 0.0498143 0.231274 0.0276129 0.00995769 0.00913167 0.00851376 0.00931225 0.00985758 0.0127902 0.0144208 0.016224 0.0147495 0.0212627 0.0101687 0.00821533 0.00873396 0.00955676 0.0110953 0.0100481 0.0102425 0.00874751 0.00817149 0.00805763 0.00791357 0.00842848 0.00878012 0.00871166 0.00888907 0.0086159 0.00855638 0.00805863 0.00845227 0.00854481 0.00846121 0.00847799 0.00844207 0.00820422 
0.00522796 0.00401592 0.00383008 0.00378507 0.00398407 0 0.0182976 0.0268872 0.0164296 0.0318786 0.0336259 0.388769 0.095217 0.0128723 0.0105345 0.0125531 0.0734787 0.0172978 0.0108149 0.0142319 0.0184931 0.0241243 0.0813347 0.0138942 0.0132817 0.00815798 0.00811171 0.0091493 0.01114 0.00947566 0.00940688 0.010435 0.0108652 0.0134111 0.00888063 0.0093808 0.00858287 0.00851164 0.00874572 0.00821964 0.00806798 0.0083152 0.00860757 0.00837203 0.0088515 0.00838814 0.00828697 0.00849917 0.00826399 0.00815655 0.00817291 0.00880109 0.00845251 0.00816012 0.0082574 0.0080524 0.00815277 
0.336197 0.0124099 0.039795 0.0134781 0.0207442 0.0182976 0 0.00499859 0.00387284 0.00386951 0.00393527 0.00450766 0.00765408 0.00862017 0.0072141 0.0128259 0.0166167 0.0227138 0.00881946 0.0114119 0.0091788 0.0111556 0.0188767 0.0134434 0.009268 0.00791524 0.00791984 0.00810946 0.00835299 0.00829808 0.00888545 0.00838574 0.00876063 0.0101226 0.00892699 0.00817161 0.00822936 0.00831518 0.00850361 0.0081861 0.00802568 0.00858504 0.00891506 0.00856806 0.00826924 0.00813176 0.007978 0.00829603 0.00796334 0.00835428 0.00868711 0.00842806 0.00844945 0.00799725 0.00805858 0.00819609 0.00884853 
0.0098373 0.60688 0.0126394 0.0946842 0.0220971 0.0268872 0.00499859 0 0.00377475 0.00378961 0.00383814 0.00395231 0.00415338 0.00710078 0.0141366 0.00841627 0.02067 0.00955019 0.0255315 0.0128132 0.0165012 0.0180696 0.0113335 0.00870157 0.00798126 0.0081425 0.00799671 0.00825775 0.00895754 0.0103873 0.00940758 0.0109293 0.0100298 0.00901193 0.00816035 0.00869903 0.008352 0.00863946 0.00884853 0.00836372 0.00856145 0.00808009 0.00801069 0.00791136 0.00807319 0.00825751 0.00849045 0.00822618 0.00832471 0.00836136 0.00840028 0.008157 0.0081683 0.00820663 0.0082242 0.00827561 0.00833353 
0.0217916 0.0120217 0.608778 0.0310508 0.130041 0.0164296 0.00387284 0.00377475 0 0.00381298 0.00373993 0.00379345 0.00380011 0.00761018 0.00764646 0.0164723 0.0108518 0.0219217 0.0129136 0.0706451 0.0512899 0.0227742 0.0113926 0.00876408 0.00965991 0.00816975 0.00987147 0.0111698 0.0166011 0.0158573 0.0258401 0.0207152 0.0148088 0.00885116 0.00806727 0.00832865 0.00956163 0.0125676 0.0105575 0.0121749 0.00852226 0.00844071 0.00813598 0.00786917 0.0082129 0.00889413 0.00851242 0.00897583 0.00838151 0.00839807 0.00808114 0.00818099 0.00864265 0.00834143 0.00832689 0.00828051 0.00839068 
0.0110278 0.044864 0.0342349 0.646185 0.0538837 0.0318786 0.00386951 0.00378961 0.00381298 0 0.00377702 0.00379902 0.00380129 0.00975852 0.0123203 0.0180578 0.0211873 0.0121448 0.0261602 0.0731742 0.0895773 0.0339819 0.0133454 0.00898145 0.00917384 0.00916953 0.00961307 0.0133407 0.0210316 0.0274461 0.0306089 0.0398924 0.0144073 0.0102614 0.00813597 0.00848981 0.010924 0.0120238 0.0147324 0.0112154 0.00890755 0.00830679 0.00810819 0.00786637 0.00830559 0.00874287 0.00868808 0.00881053 0.00840647 0.00835365 0.00813938 0.00822106 0.00837064 0.0083314 0.00826555 0.00818464 0.00817346 
0.012766 0.0197313 0.119054 0.0864752 0.55164 0.0336259 0.00393527 0.00383814 0.00373993 0.00377702 0 0.00375382 0.00377335 0.00777252 0.113883 0.0240432 0.0477036 0.0113888 0.0348118 0.0751116 0.114297 0.0489622 0.0163871 0.00912275 0.00947315 0.00886564 0.0114192 0.0126587 0.0202905 0.0294801 0.031661 0.0320042 0.0241779 0.0100083 0.00822656 0.00902157 0.0103545 0.0166165 0.0135372 0.012133 0.00881598 0.00837384 0.00804622 0.00786937 0.00837856 0.00904662 0.00869364 0.00909385 0.00850834 0.0084956 0.00812699 0.00849114 0.00853053 0.00845493 0.00841854 0.00836689 0.00830303 
0.0167865 0.0339115 0.0215531 0.0357471 0.120413 0.388769 0.00450766 0.00395231 0.00379345 0.00379902 0.00375382 0 0.00393941 0.0337269 0.0287866 0.114607 0.0156249 0.024955 0.0136 0.0376764 0.0226913 0.0634659 0.0220321 0.0102539 0.00963555 0.00873668 0.00843088 0.00907462 0.0113032 0.011586 0.0119948 0.0131679 0.012832 0.0101143 0.00825547 0.00850219 0.00959511 0.00950125 0.0095368 0.00894264 0.00827871 0.00809307 0.00811465 0.00795757 0.00835608 0.00839713 0.00834582 0.00828943 0.00815298 0.00809658 0.00795498 0.00838349 0.00835962 0.00804738 0.0080516 0.00791542 0.00801928 
0.0292972 0.0121672 0.011251 0.011412 0.0254441 0.095217 0.00765408 0.00415338 0.00380011 0.00380129 0.00377335 0.00393941 0 0.0160508 0.0114903 0.00884089 0.080525 0.017634 0.0133607 0.0107737 0.0119548 0.0132679 0.0281727 0.0145974 0.0129831 0.00810809 0.00808599 0.00866849 0.00944455 0.00947317 0.0090294 0.00901294 0.00938466 0.0110181 0.00888596 0.00949234 0.00845986 0.0089073 0.00851704 0.0083646 0.00806097 0.00809478 0.00861953 0.00826238 0.00874126 0.008159 0.00803461 0.00818485 0.00806332 0.00803588 0.0081729 0.00886769 0.00824813 0.00801504 0.00801077 0.00799744 0.00811086 
0.0161698 0.00966599 0.0176149 0.0112142 0.0125639 0.0128723 0.00862017 0.00710078 0.00761018 0.00975852 0.00777252 0.0337269 0.0160508 0 0.00409046 0.00391925 0.00411503 0.0768489 0.0119277 0.0207558 0.0096419 0.0103867 0.0156765 0.0106462 0.00875039 0.00785914 0.00799593 0.00825684 0.00839593 0.00836787 0.00863506 0.00857984 0.00856467 0.00973141 0.00870604 0.00812108 0.00832335 0.0081023 0.00818902 0.00799785 0.00793797 0.00824369 0.00865029 0.00825053 0.00811679 0.00796248 0.00798751 0.00802677 0.00794838 0.00801416 0.00832536 0.00834268 0.00800544 0.00795799 0.00793994 0.00804107 0.00827915 
0.00915065 0.0306814 0.0106306 0.0339106 0.0123631 0.0105345 0.0072141 0.0141366 0.00764646 0.0123203 0.113883 0.0287866 0.0114903 0.00409046 0 0.00376271 0.0038356 0.0119655 0.103724 0.0152641 0.0260371 0.0119609 0.00961834 0.00862692 0.00818744 0.00827996 0.00806489 0.00830686 0.00875299 0.010234 0.00883996 0.010398 0.00907024 0.00849194 0.00806587 0.00823807 0.00833258 0.00857919 0.00845143 0.00823755 0.00813371 0.00799763 0.00796321 0.00785558 0.00805853 0.00815731 0.00825106 0.00811166 0.0081379 0.00812013 0.00815242 0.00819028 0.00810539 0.00805788 0.0079935 0.00811857 0.00805274 
0.0160488 0.0101608 0.0247181 0.0137436 0.0689315 0.0125531 0.0128259 0.00841627 0.0164723 0.0180578 0.0240432 0.114607 0.00884089 0.00391925 0.00376271 0 0.00376204 0.0238805 0.0129273 0.0401474 0.0285717 0.0721922 0.0123894 0.00901135 0.0105671 0.0081229 0.00823008 0.0086127 0.0097736 0.00949956 0.0115609 0.0112084 0.0126742 0.00892608 0.00802965 0.00816172 0.00901484 0.0100957 0.0089968 0.00872571 0.00829417 0.00805472 0.00830591 0.00800996 0.00816441 0.00827366 0.00817989 0.00838732 0.00807756 0.00815816 0.00807108 0.00812799 0.00829872 0.00799746 0.00802091 0.00795779 0.00800108 
0.0140995 0.0195537 0.00970547 0.0176583 0.016289 0.0734787 0.0166167 0.02067 0.0108518 0.0211873 0.0477036 0.0156249 0.080525 0.00411503 0.0038356 0.00376204 0 0.0131 0.0199629 0.0143784 0.0284812 0.0323449 0.0994373 0.0161177 0.0135247 0.00852406 0.00820446 0.00910917 0.00976115 0.009824 0.0092315 0.0106154 0.00981413 0.0128649 0.00897518 0.0122282 0.00862173 0.00862999 0.00927289 0.00827124 0.0080515 0.00810344 0.0094047 0.0086429 0.00908656 0.00819388 0.00868951 0.00812245 0.00866778 0.00800868 0.00872585 0.00970624 0.0083551 0.00854637 0.00817101 0.00829881 0.00832417 
0.0224486 0.00922231 0.0165347 0.0105819 0.0149512 0.0172978 0.0227138 0.00955019 0.0219217 0.0121448 0.0113888 0.024955 0.017634 0.0768489 0.0119655 0.0238805 0.0131 0 0.00417 0.0037429 0.00378649 0.00386598 0.0050373 0.015901 0.0538713 0.00867759 0.00897134 0.0106673 0.00998973 0.00995474 0.0128434 0.0120103 0.0116097 0.0156317 0.0121542 0.0102545 0.00980819 0.0101106 0.00886093 0.00949536 0.00849989 0.00976485 0.0107451 0.00889145 0.00860707 0.00896283 0.00803143 0.00935162 0.00797815 0.00874345 0.00874466 0.00876562 0.00884359 0.0082167 0.00831285 0.00823753 0.00901084 
0.00855035 0.0536968 0.0129708 0.049515 0.0182799 0.0108149 0.00881946 0.0255315 0.0129136 0.0261602 0.0348118 0.0136 0.0133607 0.0119277 0.103724 0.0129273 0.0199629 0.00417 0 0.0037665 0.00375971 0.0038142 0.00385777 0.00707765 0.00999213 0.0128672 0.00982398 0.0107987 0.0336736 0.0210012 0.0136038 0.0314763 0.0183754 0.0112324 0.00888207 0.0092698 0.0158451 0.0124788 0.0180783 0.0105485 0.0103075 0.00851168 0.00812935 0.00789477 0.00823727 0.00845815 0.00918663 0.00860629 0.00872262 0.00839114 0.00818524 0.00825752 0.00814147 0.00835664 0.0082435 0.00820895 0.00818599 
0.0130137 0.0140342 0.183636 0.0760407 0.082026 0.0142319 0.0114119 0.0128132 0.0706451 0.0731742 0.0751116 0.0376764 0.0107737 0.0207558 0.0152641 0.0401474 0.0143784 0.0037429 0.0037665 0 0.00381282 0.00378111 0.00381807 0.00814721 0.0237626 0.011128 0.0304907 0.0250264 0.0389415 0.0991261 0.0857512 0.0721251 0.0338482 0.0119179 0.00942177 0.0124907 0.0238084 0.0616062 0.0410693 0.0482715 0.0119964 0.00884736 0.00851882 0.00818262 0.0087127 0.0103325 0.009825 0.0115587 0.00932428 0.00888283 0.00845383 0.00845357 0.00873825 0.00904636 0.00904734 0.00882787 0.00888738 
0.00897268 0.0241491 0.0628098 0.267556 0.0498143 0.0184931 0.0091788 0.0165012 0.0512899 0.0895773 0.114297 0.0226913 0.0119548 0.0096419 0.0260371 0.0285717 0.0284812 0.00378649 0.00375971 0.00381282 0 0.00374889 0.00377091 0.00684713 0.0123491 0.018667 0.0194022 0.0292272 0.032926 0.0652779 0.143191 0.134182 0.0309149 0.0143407 0.0089597 0.00954413 0.0264106 0.0478345 0.0556171 0.0329438 0.0129507 0.00864794 0.00815207 0.00799391 0.00854494 0.00954388 0.00997906 0.0102231 0.00928549 0.00865566 0.00831403 0.00831278 0.00842918 0.00870428 0.00862717 0.00838057 0.00844816 
0.0102413 0.0153999 0.0215034 0.0291479 0.231274 0.0241243 0.0111556 0.0180696 0.0227742 0.0339819 0.0489622 0.0634659 0.0132679 0.0103867 0.0119609 0.0721922 0.0323449 0.00386598 0.0038142 0.00378111 0.00374889 0 0.00387041 0.0125882 0.0145597 0.0130829 0.0162467 0.0144853 0.0260478 0.0356965 0.0314381 0.0824083 0.140376 0.0212791 0.0104535 0.0104353 0.0186659 0.0216554 0.0205655 0.0177251 0.0126132 0.00875733 0.00874892 0.00835412 0.00887276 0.00911001 0.00924637 0.00939022 0.00885247 0.00856069 0.00826039 0.00879037 0.00854116 0.00846184 0.0085411 0.00824033 0.00823615 
0.0143307 0.0113055 0.0111194 0.0135992 0.0276129 0.0813347 0.0188767 0.0113335 0.0113926 0.0133454 0.0163871 0.0220321 0.0281727 0.0156765 0.00961834 0.0123894 0.0994373 0.0050373 0.00385777 0.00381807 0.00377091 0.00387041 0 0.0376687 0.023686 0.0113985 0.00961854 0.011793 0.0204371 0.0172073 0.0161467 0.0232277 0.0321465 0.0964819 0.0130857 0.015137 0.0118643 0.0108208 0.0108073 0.0104177 0.0105871 0.00911369 0.010894 0.00962635 0.0106435 0.00873384 0.00879305 0.00845719 0.00845067 0.00825545 0.00866678 0.010101 0.00855843 0.00848766 0.00825309 0.00825666 0.0082823 
0.0119716 0.0083695 0.0084196 0.00853958 0.00995769 0.0138942 0.0134434 0.00870157 0.00876408 0.00898145 0.00912275 0.0102539 0.0145974 0.0106462 0.00862692 0.00901135 0.0161177 0.015901 0.00707765 0.00814721 0.00684713 0.0125882 0.0376687 0 0.0232208 0.00820852 0.00906685 0.00986292 0.0101812 0.00970059 0.010826 0.0110673 0.0153379 0.0297333 0.0781494 0.010733 0.00876982 0.00842392 0.00826867 0.00840399 0.00827005 0.0097763 0.0163488 0.0130556 0.00902991 0.0080831 0.00803777 0.00815392 0.00802534 0.00812467 0.00896106 0.00879713 0.00805762 0.00797165 0.00791858 0.00803737 0.00855941 
0.00969128 0.00802875 0.00909882 0.0086344 0.00913167 0.0132817 0.009268 0.00798126 0.00965991 0.00917384 0.00947315 0.00963555 0.0129831 0.00875039 0.00818744 0.0105671 0.0135247 0.0538713 0.00999213 0.0237626 0.0123491 0.0145597 0.023686 0.0232208 0 0.0038456 0.00380111 0.00379089 0.00384347 0.00402146 0.00394516 0.00394847 0.00498967 0.0138917 0.00929211 0.0110478 0.0127115 0.0103504 0.00997757 0.0116798 0.00966851 0.02118 0.0132496 0.0120443 0.00855037 0.00934383 0.00829461 0.00982966 0.00828829 0.0094317 0.0112976 0.00833829 0.00890139 0.00817276 0.00843724 0.00861353 0.00991182 
0.00788182 0.00807204 0.00819637 0.00869629 0.00851376 0.00815798 0.00791524 0.0081425 0.00816975 0.00916953 0.00886564 0.00873668 0.00810809 0.00785914 0.00827996 0.0081229 0.00852406 0.00867759 0.0128672 0.011128 0.018667 0.0130829 0.0113985 0.00820852 0.0038456 0 0.0037575 0.00374481 0.00389708 0.00380355 0.0040506 0.0041109 0.0107265 0.00430542 0.00627862 0.00979587 0.0103389 0.0112614 0.0103991 0.0092151 0.0105714 0.00864007 0.00836646 0.00814721 0.00802094 0.00818472 0.00839218 0.00812499 0.00814573 0.00816413 0.00822702 0.00792493 0.00794274 0.00801073 0.00796382 0.00808271 0.00804698 
0.00792079 0.00808524 0.00883263 0.00940799 0.00931225 0.00811171 0.00791984 0.00799671 0.00987147 0.00961307 0.0114192 0.00843088 0.00808599 0.00799593 0.00806489 0.00823008 0.00820446 0.00897134 0.00982398 0.0304907 0.0194022 0.0162467 0.00961854 0.00906685 0.00380111 0.0037575 0 0.00371177 0.00374608 0.00378083 0.00377705 0.00586852 0.00420647 0.00418895 0.0060146 0.00992228 0.0126499 0.0126088 0.012718 0.0122952 0.00903334 0.00826025 0.00814214 0.00791588 0.00803826 0.00841208 0.00837593 0.00862868 0.00831009 0.00818258 0.00785898 0.00794271 0.00803591 0.00806343 0.00814672 0.00795133 0.00798442 
0.0079996 0.00831282 0.00982738 0.0105055 0.00985758 0.0091493 0.00810946 0.00825775 0.0111698 0.0133407 0.0126587 0.00907462 0.00866849 0.00825684 0.00830686 0.0086127 0.00910917 0.0106673 0.0107987 0.0250264 0.0292272 0.0144853 0.011793 0.00986292 0.00379089 0.00374481 0.00371177 0 0.00462468 0.00375408 0.00507373 0.00378154 0.00386997 0.00385854 0.00648044 0.0125726 0.0146818 0.0146094 0.0162132 0.0147955 0.00919043 0.00931669 0.00849089 0.00832076 0.00831667 0.00925695 0.00935341 0.00999915 0.00877838 0.00837993 0.00821618 0.00796971 0.00823156 0.00845385 0.00843495 0.00824465 0.00823055 
0.00814798 0.0090501 0.0129381 0.0146436 0.0127902 0.01114 0.00835299 0.00895754 0.0166011 0.0210316 0.0202905 0.0113032 0.00944455 0.00839593 0.00875299 0.0097736 0.00976115 0.00998973 0.0336736 0.0389415 0.032926 0.0260478 0.0204371 0.0101812 0.00384347 0.00389708 0.00374608 0.00462468 0 0.00580085 0.00381248 0.00378924 0.00375178 0.00392818 0.00658175 0.0142069 0.0208638 0.0304334 0.0249093 0.0240126 0.0144946 0.00965593 0.00863582 0.0082164 0.00880428 0.0103402 0.0129452 0.0114604 0.0101234 0.00916682 0.00851659 0.00813164 0.00852748 0.00946941 0.00881662 0.0087069 0.00828918 
0.00818965 0.00953871 0.0127476 0.0192224 0.0144208 0.00947566 0.00829808 0.0103873 0.0158573 0.0274461 0.0294801 0.011586 0.00947317 0.00836787 0.010234 0.00949956 0.009824 0.00995474 0.0210012 0.0991261 0.0652779 0.0356965 0.0172073 0.00970059 0.00402146 0.00380355 0.00378083 0.00375408 0.00580085 0 0.00375682 0.00372543 0.00383815 0.00390793 0.00697946 0.0553636 0.0372969 0.0464961 0.0504348 0.0381483 0.0205204 0.00998566 0.00876201 0.00820853 0.00909956 0.0106697 0.0148145 0.0111203 0.0126093 0.00898502 0.00875577 0.00841318 0.00869456 0.00993176 0.00912064 0.00885827 0.00853029 
0.00846181 0.00949625 0.0189558 0.0217117 0.016224 0.00940688 0.00888545 0.00940758 0.0258401 0.0306089 0.031661 0.0119948 0.0090294 0.00863506 0.00883996 0.0115609 0.0092315 0.0128434 0.0136038 0.0857512 0.143191 0.0314381 0.0161467 0.010826 0.00394516 0.0040506 0.00377705 0.00507373 0.00381248 0.00375682 0 0.0037562 0.00376646 0.00384847 0.00679401 0.0159801 0.130356 0.0600347 0.0849997 0.0551771 0.0140624 0.0100114 0.00938353 0.00848369 0.00969184 0.0124828 0.0120175 0.0174685 0.0106012 0.00936058 0.00868166 0.00861343 0.00898882 0.0103004 0.00997059 0.00884522 0.00871859 
0.00837023 0.0105758 0.0168684 0.0235691 0.0147495 0.010435 0.00838574 0.0109293 0.0207152 0.0398924 0.0320042 0.0131679 0.00901294 0.00857984 0.010398 0.0112084 0.0106154 0.0120103 0.0314763 0.0721251 0.134182 0.0824083 0.0232277 0.0110673 0.00394847 0.0041109 0.00586852 0.00378154 0.00378924 0.00372543 0.0037562 0 0.00379689 0.00377904 0.00675397 0.02589 0.0329003 0.288269 0.0516155 0.110412 0.0195191 0.0103188 0.00931703 0.0087213 0.0101542 0.0170298 0.019082 0.0162858 0.0130003 0.00944739 0.00856312 0.0088865 0.00918344 0.0106123 0.00991995 0.00873694 0.008469 
0.00846418 0.009571 0.0117782 0.0114018 0.0212627 0.0108652 0.00876063 0.0100298 0.0148088 0.0144073 0.0241779 0.012832 0.00938466 0.00856467 0.00907024 0.0126742 0.00981413 0.0116097 0.0183754 0.0338482 0.0309149 0.140376 0.0321465 0.0153379 0.00498967 0.0107265 0.00420647 0.00386997 0.00375178 0.00383815 0.00376646 0.00379689 0 0.00407095 0.0100991 0.0124431 0.112918 0.0268413 0.133838 0.0259787 0.06866 0.0126347 0.0109939 0.00986966 0.0103691 0.0138948 0.0124732 0.0117805 0.0100528 0.0098613 0.00888411 0.00920679 0.00921644 0.00951799 0.00905985 0.00865748 0.00863775 
0.00998693 0.0088501 0.00878746 0.00937439 0.0101687 0.0134111 0.0101226 0.00901193 0.00885116 0.0102614 0.0100083 0.0101143 0.0110181 0.00973141 0.00849194 0.00892608 0.0128649 0.0156317 0.0112324 0.0119179 0.0143407 0.0212791 0.0964819 0.0297333 0.0138917 0.00430542 0.00418895 0.00385854 0.00392818 0.00390793 0.00384847 0.00377904 0.00407095 0 0.0200319 0.0337119 0.0134926 0.0232542 0.0188056 0.030585 0.0193831 0.024401 0.018588 0.0121545 0.0150549 0.00979337 0.00918536 0.00898331 0.00898166 0.00881382 0.0100012 0.0118905 0.00923195 0.00867436 0.00843552 0.00867598 0.00904279 
0.00848616 0.00807735 0.0079621 0.0080268 0.00821533 0.00888063 0.00892699 0.00816035 0.00806727 0.00813597 0.00822656 0.00825547 0.00888596 0.00870604 0.00806587 0.00802965 0.00897518 0.0121542 0.00888207 0.00942177 0.0089597 0.0104535 0.0130857 0.0781494 0.00929211 0.00627862 0.0060146 0.00648044 0.00658175 0.00697946 0.00679401 0.00675397 0.0100991 0.0200319 0 0.0255773 0.0143823 0.010958 0.0107501 0.0124295 0.0117588 0.0149928 0.0876425 0.06486 0.0119136 0.00947774 0.0080587 0.00824465 0.0079648 0.00819292 0.00904656 0.00967049 0.00859574 0.00795032 0.00798341 0.00806518 0.00865172 
0.00826791 0.00831947 0.00834925 0.00849297 0.00873396 0.0093808 0.00817161 0.00869903 0.00832865 0.00848981 0.00902157 0.00850219 0.00949234 0.00812108 0.00823807 0.00816172 0.0122282 0.0102545 0.0092698 0.0124907 0.00954413 0.0104353 0.015137 0.010733 0.0110478 0.00979587 0.00992228 0.0125726 0.0142069 0.0553636 0.0159801 0.02589 0.0124431 0.0337119 0.0255773 0 0.00455537 0.00381547 0.00384374 0.00378022 0.00400488 0.00556593 0.0111181 0.0211014 0.0245776 0.0137089 0.0130815 0.0106689 0.0130509 0.0119027 0.0260186 0.0160017 0.0102773 0.010395 0.00965419 0.011092 0.0156359 
0.00839876 0.00846629 0.00943858 0.00991408 0.00955676 0.00858287 0.00822936 0.008352 0.00956163 0.010924 0.0103545 0.00959511 0.00845986 0.00832335 0.00833258 0.00901484 0.00862173 0.00980819 0.0158451 0.0238084 0.0264106 0.0186659 0.0118643 0.00876982 0.0127115 0.0103389 0.0126499 0.0146818 0.0208638 0.0372969 0.130356 0.0329003 0.112918 0.0134926 0.0143823 0.00455537 0 0.00383936 0.00379864 0.0038479 0.0041876 0.00388635 0.0066273 0.0119494 0.0197412 0.0493334 0.0214496 0.0222942 0.0153204 0.0224251 0.0110953 0.0105616 0.0147207 0.0110695 0.0106702 0.0156419 0.0130004 
0.00829738 0.00860725 0.0107649 0.0108741 0.0110953 0.00851164 0.00831518 0.00863946 0.0125676 0.0120238 0.0166165 0.00950125 0.0089073 0.0081023 0.00857919 0.0100957 0.00862999 0.0101106 0.0124788 0.0616062 0.0478345 0.0216554 0.0108208 0.00842392 0.0103504 0.0112614 0.0126088 0.0146094 0.0304334 0.0464961 0.0600347 0.288269 0.0268413 0.0232542 0.010958 0.00381547 0.00383936 0 0.00379266 0.00381164 0.0038022 0.0038099 0.00468614 0.00957212 0.0151118 0.0358492 0.0405309 0.0503825 0.0290751 0.0141739 0.00963893 0.0107239 0.0124861 0.0144563 0.020416 0.0102071 0.0123257 
0.00822088 0.00895414 0.010257 0.0112676 0.0100481 0.00874572 0.00850361 0.00884853 0.0105575 0.0147324 0.0135372 0.0095368 0.00851704 0.00818902 0.00845143 0.0089968 0.00927289 0.00886093 0.0180783 0.0410693 0.0556171 0.0205655 0.0108073 0.00826867 0.00997757 0.0103991 0.012718 0.0162132 0.0249093 0.0504348 0.0849997 0.0516155 0.133838 0.0188056 0.0107501 0.00384374 0.00379864 0.00379266 0 0.00379856 0.00378481 0.00376347 0.00422163 0.00932965 0.0167877 0.0276248 0.07253 0.0366366 0.0328367 0.010744 0.0100033 0.010888 0.0114736 0.025102 0.0129423 0.0118419 0.0109739 
0.00814108 0.00862616 0.0106952 0.0102759 0.0102425 0.00821964 0.0081861 0.00836372 0.0121749 0.0112154 0.012133 0.00894264 0.0083646 0.00799785 0.00823755 0.00872571 0.00827124 0.00949536 0.0105485 0.0482715 0.0329438 0.0177251 0.0104177 0.00840399 0.0116798 0.0092151 0.0122952 0.0147955 0.0240126 0.0381483 0.0551771 0.110412 0.0259787 0.030585 0.0124295 0.00378022 0.0038479 0.00381164 0.00379856 0 0.00377786 0.00377477 0.00451801 0.00896811 0.0157772 0.053953 0.0353278 0.0449043 0.0150342 0.0134829 0.00954776 0.00948147 0.0263971 0.0117352 0.0130524 0.00948159 0.0126333 
0.00797966 0.00842293 0.00865795 0.00875702 0.00874751 0.00806798 0.00802568 0.00856145 0.00852226 0.00890755 0.00881598 0.00827871 0.00806097 0.00793797 0.00813371 0.00829417 0.0080515 0.00849989 0.0103075 0.0119964 0.0129507 0.0126132 0.0105871 0.00827005 0.00966851 0.0105714 0.00903334 0.00919043 0.0144946 0.0205204 0.0140624 0.0195191 0.06866 0.0193831 0.0117588 0.00400488 0.0041876 0.0038022 0.00378481 0.00377786 0 0.00381025 0.00493088 0.0094557 0.0164147 0.0232981 0.0203428 0.0102574 0.0142716 0.0105639 0.00865323 0.0138022 0.0104268 0.0100787 0.00918203 0.0111493 0.00973569 
0.00862576 0.00810892 0.00825091 0.00825057 0.00817149 0.0083152 0.00858504 0.00808009 0.00844071 0.00830679 0.00837384 0.00809307 0.00809478 0.00824369 0.00799763 0.00805472 0.00810344 0.00976485 0.00851168 0.00884736 0.00864794 0.00875733 0.00911369 0.0097763 0.02118 0.00864007 0.00826025 0.00931669 0.00965593 0.00998566 0.0100114 0.0103188 0.0126347 0.024401 0.0149928 0.00556593 0.00388635 0.0038099 0.00376347 0.00377477 0.00381025 0 0.00941427 0.010991 0.031622 0.0132607 0.00957084 0.0110648 0.00955485 0.0101661 0.0101871 0.0150701 0.0121179 0.00960225 0.00939392 0.008953 0.0106912 
0.00911706 0.00794337 0.00799482 0.00797247 0.00805763 0.00860757 0.00891506 0.00801069 0.00813598 0.00810819 0.00804622 0.00811465 0.00861953 0.00865029 0.00796321 0.00830591 0.0094047 0.0107451 0.00812935 0.00851882 0.00815207 0.00874892 0.010894 0.0163488 0.0132496 0.00836646 0.00814214 0.00849089 0.00863582 0.00876201 0.00938353 0.00931703 0.0109939 0.018588 0.0876425 0.0111181 0.0066273 0.00468614 0.00422163 0.00451801 0.00493088 0.00941427 0 0.707965 0.0184693 0.0128509 0.0094182 0.011517 0.00970488 0.0148042 0.0166441 0.0146692 0.0126904 0.00897241 0.00905173 0.0103366 0.0129546 
0.00835852 0.0078522 0.00786989 0.00788432 0.00791357 0.00837203 0.00856806 0.00791136 0.00786917 0.00786637 0.00786937 0.00795757 0.00826238 0.00825053 0.00785558 0.00800996 0.0086429 0.00889145 0.00789477 0.00818262 0.00799391 0.00835412 0.00962635 0.0130556 0.0120443 0.00814721 0.00791588 0.00832076 0.0082164 0.00820853 0.00848369 0.0087213 0.00986966 0.0121545 0.06486 0.0211014 0.0119494 0.00957212 0.00932965 0.00896811 0.0094557 0.010991 0.707965 0 0.0324064 0.0112082 0.00915178 0.00968051 0.00909725 0.012185 0.0157414 0.0129197 0.01101 0.00897359 0.00902838 0.00967783 0.0121257 
0.00849333 0.00807443 0.00839156 0.00844552 0.00842848 0.0088515 0.00826924 0.00807319 0.0082129 0.00830559 0.00837856 0.00835608 0.00874126 0.00811679 0.00805853 0.00816441 0.00908656 0.00860707 0.00823727 0.0087127 0.00854494 0.00887276 0.0106435 0.00902991 0.00855037 0.00802094 0.00803826 0.00831667 0.00880428 0.00909956 0.00969184 0.0101542 0.0103691 0.0150549 0.0119136 0.0245776 0.0197412 0.0151118 0.0167877 0.0157772 0.0164147 0.031622 0.0184693 0.0324064 0 0.00426132 0.00389771 0.00407377 0.00432525 0.00525097 0.0135198 0.0104355 0.00811779 0.0101805 0.00856665 0.0155283 0.13337 
0.00834579 0.00832751 0.00914943 0.00888963 0.00878012 0.00838814 0.00813176 0.00825751 0.00889413 0.00874287 0.00904662 0.00839713 0.008159 0.00796248 0.00815731 0.00827366 0.00819388 0.00896283 0.00845815 0.0103325 0.00954388 0.00911001 0.00873384 0.0080831 0.00934383 0.00818472 0.00841208 0.00925695 0.0103402 0.0106697 0.0124828 0.0170298 0.0138948 0.00979337 0.00947774 0.0137089 0.0493334 0.0358492 0.0276248 0.053953 0.0232981 0.0132607 0.0128509 0.0112082 0.00426132 0 0.00383802 0.00391881 0.00394662 0.00479968 0.00499821 0.0071439 0.0147136 0.00797482 0.011632 0.082773 0.618969 
0.00826308 0.00859221 0.00868619 0.00890703 0.00871166 0.00828697 0.007978 0.00849045 0.00851242 0.00868808 0.00869364 0.00834582 0.00803461 0.00798751 0.00825106 0.00817989 0.00868951 0.00803143 0.00918663 0.009825 0.00997906 0.00924637 0.00879305 0.00803777 0.00829461 0.00839218 0.00837593 0.00935341 0.0129452 0.0148145 0.0120175 0.019082 0.0124732 0.00918536 0.0080587 0.0130815 0.0214496 0.0405309 0.07253 0.0353278 0.0203428 0.00957084 0.0094182 0.00915178 0.00389771 0.00383802 0 0.00381378 0.00391945 0.00390658 0.00421386 0.00931083 0.00705333 0.018441 0.0319405 0.61147 0.0783251 
0.00859724 0.00830572 0.00903034 0.00896018 0.00888907 0.00849917 0.00829603 0.00822618 0.00897583 0.00881053 0.00909385 0.00828943 0.00818485 0.00802677 0.00811166 0.00838732 0.00812245 0.00935162 0.00860629 0.0115587 0.0102231 0.00939022 0.00845719 0.00815392 0.00982966 0.00812499 0.00862868 0.00999915 0.0114604 0.0111203 0.0174685 0.0162858 0.0117805 0.00898331 0.00824465 0.0106689 0.0222942 0.0503825 0.0366366 0.0449043 0.0102574 0.0110648 0.011517 0.00968051 0.00407377 0.00391881 0.00381378 0 0.00388427 0.00396043 0.00396171 0.00497764 0.0305202 0.0307382 0.667197 0.0509427 0.0125106 
0.00821865 0.00841177 0.00857984 0.0087216 0.0086159 0.00826399 0.00796334 0.00832471 0.00838151 0.00840647 0.00850834 0.00815298 0.00806332 0.00794838 0.0081379 0.00807756 0.00866778 0.00797815 0.00872262 0.00932428 0.00928549 0.00885247 0.00845067 0.00802534 0.00828829 0.00814573 0.00831009 0.00877838 0.0101234 0.0126093 0.0106012 0.0130003 0.0100528 0.00898166 0.0079648 0.0130509 0.0153204 0.0290751 0.0328367 0.0150342 0.0142716 0.00955485 0.00970488 0.00909725 0.00432525 0.00394662 0.00391945 0.00388427 0 0.00387013 0.00398117 0.0103487 0.0145233 0.820474 0.0497088 0.00985506 0.00942595 
0.00867176 0.00838956 0.00853546 0.00855763 0.00855638 0.00815655 0.00835428 0.00836136 0.00839807 0.00835365 0.0084956 0.00809658 0.00803588 0.00801416 0.00812013 0.00815816 0.00800868 0.00874345 0.00839114 0.00888283 0.00865566 0.00856069 0.00825545 0.00812467 0.0094317 0.00816413 0.00818258 0.00837993 0.00916682 0.00898502 0.00936058 0.00944739 0.0098613 0.00881382 0.00819292 0.0119027 0.0224251 0.0141739 0.010744 0.0134829 0.0105639 0.0101661 0.0148042 0.012185 0.00525097 0.00479968 0.00390658 0.00396043 0.00387013 0 0.00437921 0.00869343 0.929325 0.00903617 0.016987 0.00843445 0.0101305 
0.00902749 0.00858097 0.00830385 0.00840558 0.00805863 0.00817291 0.00868711 0.00840028 0.00808114 0.00813938 0.00812699 0.00795498 0.0081729 0.00832536 0.00815242 0.00807108 0.00872585 0.00874466 0.00818524 0.00845383 0.00831403 0.00826039 0.00866678 0.00896106 0.0112976 0.00822702 0.00785898 0.00821618 0.00851659 0.00875577 0.00868166 0.00856312 0.00888411 0.0100012 0.00904656 0.0260186 0.0110953 0.00963893 0.0100033 0.00954776 0.00865323 0.0101871 0.0166441 0.0157414 0.0135198 0.00499821 0.00421386 0.00396171 0.00398117 0.00437921 0 0.952669 0.00937284 0.00774056 0.00618752 0.00694191 0.011674 
0.00847666 0.00825717 0.00827473 0.00842783 0.00845227 0.00880109 0.00842806 0.008157 0.00818099 0.00822106 0.00849114 0.00838349 0.00886769 0.00834268 0.00819028 0.00812799 0.00970624 0.00876562 0.00825752 0.00845357 0.00831278 0.00879037 0.010101 0.00879713 0.00833829 0.00792493 0.00794271 0.00796971 0.00813164 0.00841318 0.00861343 0.0088865 0.00920679 0.0118905 0.00967049 0.0160017 0.0105616 0.0107239 0.010888 0.00948147 0.0138022 0.0150701 0.0146692 0.0129197 0.0104355 0.0071439 0.00931083 0.00497764 0.0103487 0.00869343 0.952669 0 0.00598159 0.00438834 0.00413109 0.00531333 0.0128278 
0.00859268 0.00817373 0.00866488 0.0086405 0.00854481 0.00845251 0.00844945 0.0081683 0.00864265 0.00837064 0.00853053 0.00835962 0.00824813 0.00800544 0.00810539 0.00829872 0.0083551 0.00884359 0.00814147 0.00873825 0.00842918 0.00854116 0.00855843 0.00805762 0.00890139 0.00794274 0.00803591 0.00823156 0.00852748 0.00869456 0.00898882 0.00918344 0.00921644 0.00923195 0.00859574 0.0102773 0.0147207 0.0124861 0.0114736 0.0263971 0.0104268 0.0121179 0.0126904 0.01101 0.00811779 0.0147136 0.00705333 0.0305202 0.0145233 0.929325 0.00937284 0.00598159 0 0.00413339 0.00415638 0.00468413 0.00668504 
0.00825224 0.0083338 0.0085707 0.0085869 0.00846121 0.00816012 0.00799725 0.00820663 0.00834143 0.0083314 0.00845493 0.00804738 0.00801504 0.00795799 0.00805788 0.00799746 0.00854637 0.0082167 0.00835664 0.00904636 0.00870428 0.00846184 0.00848766 0.00797165 0.00817276 0.00801073 0.00806343 0.00845385 0.00946941 0.00993176 0.0103004 0.0106123 0.00951799 0.00867436 0.00795032 0.010395 0.0110695 0.0144563 0.025102 0.0117352 0.0100787 0.00960225 0.00897241 0.00897359 0.0101805 0.00797482 0.018441 0.0307382 0.820474 0.00903617 0.00774056 0.00438834 0.00413339 0 0.00410351 0.00408034 0.00495988 
0.00835275 0.00825027 0.00842597 0.00868577 0.00847799 0.0082574 0.00805858 0.0082242 0.00832689 0.00826555 0.00841854 0.0080516 0.00801077 0.00793994 0.0079935 0.00802091 0.00817101 0.00831285 0.0082435 0.00904734 0.00862717 0.0085411 0.00825309 0.00791858 0.00843724 0.00796382 0.00814672 0.00843495 0.00881662 0.00912064 0.00997059 0.00991995 0.00905985 0.00843552 0.00798341 0.00965419 0.0106702 0.020416 0.0129423 0.0130524 0.00918203 0.00939392 0.00905173 0.00902838 0.00856665 0.011632 0.0319405 0.667197 0.0497088 0.016987 0.00618752 0.00413109 0.00415638 0.00410351 0 0.0040613 0.00403206 
0.00849068 0.00836152 0.00850704 0.00843166 0.00844207 0.0080524 0.00819609 0.00827561 0.00828051 0.00818464 0.00836689 0.00791542 0.00799744 0.00804107 0.00811857 0.00795779 0.00829881 0.00823753 0.00820895 0.00882787 0.00838057 0.00824033 0.00825666 0.00803737 0.00861353 0.00808271 0.00795133 0.00824465 0.0087069 0.00885827 0.00884522 0.00873694 0.00865748 0.00867598 0.00806518 0.011092 0.0156419 0.0102071 0.0118419 0.00948159 0.0111493 0.008953 0.0103366 0.00967783 0.0155283 0.082773 0.61147 0.0509427 0.00985506 0.00843445 0.00694191 0.00531333 0.00468413 0.00408034 0.0040613 0 0.00430133 
0.00905662 0.00842326 0.00842565 0.00849553 0.00820422 0.00815277 0.00884853 0.00833353 0.00839068 0.00817346 0.00830303 0.00801928 0.00811086 0.00827915 0.00805274 0.00800108 0.00832417 0.00901084 0.00818599 0.00888738 0.00844816 0.00823615 0.0082823 0.00855941 0.00991182 0.00804698 0.00798442 0.00823055 0.00828918 0.00853029 0.00871859 0.008469 0.00863775 0.00904279 0.00865172 0.0156359 0.0130004 0.0123257 0.0109739 0.0126333 0.00973569 0.0106912 0.0129546 0.0121257 0.13337 0.618969 0.0783251 0.0125106 0.00942595 0.0101305 0.011674 0.0128278 0.00668504 0.00495988 0.00403206 0.00430133 0 
