1OUSB
ATQGVFTLPANTRFGVTAFANSSGTQTVNVLVNNETAATFSGQSTNNAVIGTQVLNSGSSGKVQVQVSVNGRPSDLVSAQVILTNELNFALVGSEDGTDNDYNDAVVVINWPLG
CCCCEEECCCCCEEEEEEEECCCCCEEEEEEECCEEEEEEEECCCCCEEEEEEEEECCCCCEEEEEEEECCEECEEEEEEEEECCCEEEEEEEEECCCCCCCECEEEEEEECCC
0 0 0 0 0 0 0 0 0 0 0 0 0 0 0 0 0 0 0 0 0 0 0 0 0 0 0 0 0 0 0 0 0 0 0 0 0 0 0 0 0 0 0 0 0 0 0 0 0 0 0 0 0 0 0 0 0 0 0 0 0 0 0 0 0 0 0 0 0 0 0 0 0 0 0 0 0 0 0 0 0 0 0 0 0 0 0 0 0 0 0 0 0 0 0 0 0 0 0 0 0 0 0 0 0 0 0 0 0 0 0 0 0 0 
0 0 0 0 0 0 0 0 0 0 0 0 0 0 0 0 0 0 0 0 0 0 0 0 0 0 0 0 0 0 0 0 0 0 0 0 0 0 0 0 0 0 0 0 0 0 0 0 0 0 0 0 0 0 0 0 0 0 0 0 0 0 0 0 0 0 0 0 0 0 0 0 0 0 0 0 0 0 0 0 0 0 0 0 0 0 0 0 0 0 0 0 0 0 0 0 0 0 0 0 0 0 0 0 0 0 0 0 0 0 0 0 0 0 
0 0.00411632 0.00469908 0.00854547 0.00641488 0.0622965 0.0575614 0.021503 0.009377 0.0148412 0.0428091 0.0094424 0.011669 0.0094017 0.0254836 0.0121925 0.0178928 0.019804 0.012574 0.00921714 0.0110781 0.00909066 0.0158144 0.00881345 0.0165881 0.0125436 0.0138268 0.0098265 0.0103546 0.00939913 0.00960462 0.00974031 0.0102151 0.0103582 0.0186995 0.0163854 0.00917327 0.0161096 0.00979656 0.0138018 0.00932044 0.012377 0.0114922 0.00829322 0.00914216 0.00995279 0.00889981 0.0119227 0.0102119 0.00936795 0.0109287 0.0104959 0.0107395 0.0140173 0.00852401 0.00901187 0.009228 0.0101499 0.0103309 0.00980607 0.00890449 0.0090719 0.0101749 0.00924429 0.00925037 0.0104442 0.0118011 0.0114184 0.00932174 0.0103035 0.00907175 
0.00411632 0 0.00400411 0.00610446 0.0758755 0.0525663 0.0206257 0.00791039 0.0143285 0.0231604 0.0117623 0.0156473 0.0104963 0.0295479 0.00918492 0.0247021 0.0245796 0.0163842 0.00937781 0.0196163 0.00868049 0.0214679 0.00868909 0.0238235 0.00994653 0.0166314 0.0100234 0.0143143 0.0101936 0.0111817 0.00918225 0.00921919 0.00965804 0.0269283 0.0100337 0.00929014 0.0462631 0.00903475 0.0230378 0.00911303 0.0234526 0.00978601 0.0135004 0.00836263 0.00854424 0.00827965 0.0303984 0.0101644 0.0101813 0.0130302 0.0104873 0.014357 0.0161498 0.0125076 0.00971687 0.00977633 0.0112611 0.0111295 0.0118245 0.0121043 0.010558 0.0100352 0.00860896 0.00842666 0.00875807 0.0168767 0.0135502 0.0127363 0.0148089 0.0118292 0.00897626 
0.00469908 0.00400411 0 0.0594398 0.0541935 0.0241003 0.00624368 0.0127467 0.00999404 0.0125247 0.0136567 0.0138194 0.0177521 0.00860478 0.017733 0.0116539 0.0182065 0.0179576 0.0259966 0.0107244 0.0144457 0.00919032 0.026776 0.00901492 0.0241521 0.011367 0.0338923 0.0116899 0.0109641 0.0105768 0.0103941 0.0100829 0.0106136 0.00992909 0.0339811 0.094484 0.010272 0.0192116 0.00963852 0.0163977 0.00953223 0.0158614 0.0118522 0.0107656 0.0093567 0.0287864 0.0105327 0.0132531 0.0133404 0.0104592 0.0116722 0.0115759 0.0114998 0.0162009 0.0124438 0.0114146 0.00981628 0.0110203 0.0128378 0.0113311 0.01135 0.00964323 0.00905841 0.0121292 0.015267 0.0116328 0.0142782 0.0134804 0.00977698 0.0109837 0.00939519 
0.00854547 0.00610446 0.0594398 0 0.00421317 0.00384496 0.00376167 0.0040377 0.00394846 0.00435388 0.00605754 0.00729331 0.00836884 0.00733874 0.0100006 0.00769151 0.0182682 0.0200079 0.0115417 0.008187 0.0100717 0.008191 0.0154932 0.00818143 0.0145373 0.00952966 0.0137563 0.00983069 0.00936265 0.00896849 0.00859905 0.00952195 0.00910993 0.00951933 0.0162989 0.0205013 0.00891764 0.0139707 0.00855627 0.0136956 0.00852814 0.0150808 0.0100976 0.00894156 0.00891184 0.0119861 0.00844061 0.00885777 0.00944811 0.00835189 0.00997409 0.00869428 0.0121927 0.0108299 0.00875523 0.00910083 0.00839156 0.00920332 0.00872155 0.00882792 0.00833779 0.00860742 0.00895959 0.00959124 0.00904726 0.00940616 0.00931062 0.0095818 0.00833984 0.00916624 0.010341 
0.00641488 0.0758755 0.0541935 0.00421317 0 0.00377647 0.00380557 0.00380979 0.00419552 0.00389003 0.00398719 0.00853155 0.00695008 0.0121262 0.0077523 0.024805 0.0199957 0.0426328 0.00803838 0.0121874 0.00844378 0.0207753 0.00856529 0.02221 0.00916097 0.0154752 0.0106313 0.0118346 0.0112057 0.0111453 0.0104766 0.0093373 0.012873 0.0160161 0.00911513 0.00881961 0.042516 0.00909097 0.0444944 0.00914955 0.0493441 0.00922565 0.014161 0.00813616 0.00852937 0.00842115 0.0250433 0.0108998 0.0112364 0.0214504 0.00974199 0.0300375 0.0101452 0.0137927 0.0098218 0.00907812 0.0171019 0.0129011 0.0143803 0.0140753 0.0108503 0.0093229 0.00896792 0.00834764 0.00977388 0.0148483 0.017163 0.0145855 0.0150158 0.00966343 0.00896319 
0.0622965 0.0525663 0.0241003 0.00384496 0.00377647 0 0.00378054 0.00379499 0.00375123 0.00383051 0.00402751 0.00605563 0.0117685 0.00736169 0.0348144 0.0109873 0.0369976 0.0104261 0.00833469 0.00842868 0.0160752 0.00875296 0.0289197 0.00856611 0.02205 0.00874383 0.00985294 0.014049 0.0144639 0.0143328 0.0123018 0.0160306 0.0154575 0.0107239 0.0120816 0.0133424 0.00994676 0.0908197 0.0106268 0.102521 0.0102307 0.0489483 0.00890684 0.00825847 0.00830362 0.012902 0.011349 0.0252679 0.0310355 0.0124142 0.0510398 0.0162195 0.0236562 0.009743 0.0085309 0.0162416 0.0162757 0.0273346 0.0337522 0.0222307 0.0200076 0.0099389 0.00831282 0.00825079 0.0125941 0.017882 0.0395741 0.0472882 0.0209546 0.0203859 0.00863812 
0.0575614 0.0206257 0.00624368 0.00376167 0.00380557 0.00378054 0 0.00378233 0.00377813 0.00382845 0.00389577 0.0242694 0.0067577 0.0399572 0.00990544 0.0526537 0.00992939 0.0150389 0.00775488 0.00980322 0.0084325 0.0249891 0.00870239 0.032619 0.00854699 0.0118163 0.00950337 0.0103886 0.0182467 0.0158372 0.0165158 0.0150534 0.0158545 0.0140954 0.010628 0.00883614 0.0386981 0.0105962 0.143841 0.0106137 0.125811 0.00962052 0.0144803 0.00812601 0.00823148 0.00878291 0.0239924 0.0231243 0.0195646 0.0621762 0.0195201 0.0651509 0.0141504 0.0172865 0.0101483 0.0101388 0.0332855 0.0337798 0.0364617 0.0493845 0.0194584 0.0105111 0.00877658 0.00832008 0.013467 0.0259482 0.049754 0.0528898 0.0781741 0.0125583 0.00968737 
0.021503 0.00791039 0.0127467 0.0040377 0.00380979 0.00379499 0.00378233 0 0.00379117 0.00379548 0.00381683 0.00595693 0.0171373 0.00819108 0.0448491 0.0110112 0.0216057 0.00943205 0.00821344 0.00819301 0.0153827 0.00923771 0.0261323 0.00929272 0.0191006 0.00890981 0.0097949 0.0154258 0.0131128 0.0171121 0.0155565 0.0167086 0.012692 0.0105077 0.0115169 0.0140001 0.010368 0.0792273 0.0132608 0.0914002 0.0128163 0.0229018 0.00933461 0.00827207 0.00826092 0.0126767 0.0117312 0.0234223 0.039843 0.0151718 0.0538407 0.0212861 0.0226218 0.0104507 0.00877146 0.0144089 0.0191488 0.0310288 0.0501321 0.0285246 0.0224284 0.00967462 0.00854984 0.00848618 0.0138338 0.0217827 0.0533911 0.0824349 0.0253107 0.0187128 0.00896454 
0.009377 0.0143285 0.00999404 0.00394846 0.00419552 0.00375123 0.00377813 0.00379117 0 0.00379725 0.00378457 0.0108974 0.00881593 0.0413627 0.0102743 0.0337605 0.0100268 0.0101228 0.00743677 0.0116209 0.00896112 0.0200425 0.0106275 0.0208372 0.0113543 0.011245 0.0106338 0.0115039 0.0363499 0.019727 0.0136073 0.0124457 0.0166614 0.0145902 0.010294 0.00954064 0.0383184 0.0174755 0.0803925 0.0153145 0.06663 0.0104802 0.0114004 0.00822299 0.00831472 0.00975664 0.0197553 0.0327334 0.0264781 0.0629984 0.0207205 0.0603882 0.0171141 0.0135709 0.00968179 0.0113122 0.0287637 0.0416454 0.0430427 0.0458468 0.0220524 0.0102751 0.00862288 0.00851794 0.0155194 0.0293113 0.0676285 0.0646443 0.0579454 0.0213684 0.00920166 
0.0148412 0.0231604 0.0125247 0.00435388 0.00389003 0.00383051 0.00382845 0.00379548 0.00379725 0 0.00383987 0.023333 0.0476973 0.0174306 0.0109497 0.00915788 0.0179167 0.00963783 0.0101967 0.0100234 0.0111248 0.00951899 0.0121664 0.0120928 0.0155217 0.0112349 0.010846 0.0274592 0.012198 0.0124325 0.0109721 0.0104257 0.0108958 0.0196511 0.028352 0.0212771 0.0140177 0.0236178 0.013258 0.0273615 0.013863 0.025366 0.0109652 0.00839421 0.00866539 0.0104532 0.0164097 0.0169635 0.0336316 0.0138642 0.021579 0.0166462 0.0394041 0.0139191 0.00930022 0.0148945 0.0167326 0.0178424 0.0262857 0.0205977 0.0165901 0.0147215 0.0089517 0.00891404 0.0118927 0.0266102 0.023187 0.0300329 0.0203192 0.0232774 0.00918019 
0.0428091 0.0117623 0.0136567 0.00605754 0.00398719 0.00402751 0.00389577 0.00381683 0.00378457 0.00383987 0 0.0436026 0.0112248 0.00622136 0.00622293 0.00959134 0.00881004 0.0132261 0.0111564 0.0090649 0.00783492 0.00860763 0.00980557 0.00987203 0.00983942 0.0298195 0.0364713 0.00974958 0.0107137 0.0103751 0.0102109 0.00900048 0.00915857 0.0117862 0.0286815 0.0195361 0.0117871 0.0103714 0.0124901 0.0104911 0.0114009 0.0115093 0.0180309 0.00960065 0.00869493 0.0120291 0.0109897 0.0120454 0.0115679 0.010968 0.0121111 0.0107083 0.0128901 0.0305296 0.0120525 0.0114955 0.0106498 0.012134 0.0127339 0.0126815 0.0104685 0.0109252 0.0100116 0.0132479 0.0132608 0.0110998 0.0137387 0.0131462 0.0112545 0.0122644 0.0103204 
0.0094424 0.0156473 0.0138194 0.00729331 0.00853155 0.00605563 0.0242694 0.00595693 0.0108974 0.023333 0.0436026 0 0.00383025 0.00386519 0.00378979 0.00388878 0.00422078 0.0100453 0.00544417 0.00611469 0.00614981 0.00967356 0.00727366 0.0140632 0.0120757 0.841005 0.0107039 0.00874094 0.0093636 0.00898388 0.00871987 0.00855913 0.00930552 0.0106807 0.0122974 0.00973286 0.0178786 0.00856905 0.0181735 0.00854218 0.0145076 0.00907354 0.04561 0.00825838 0.0104049 0.00858455 0.0116746 0.00891582 0.00929402 0.0105162 0.00892967 0.011275 0.00936369 0.0217542 0.0118448 0.008352 0.0096823 0.0090156 0.00908374 0.00926703 0.0088671 0.00899792 0.0119522 0.00929547 0.00919017 0.0102652 0.00989984 0.0093462 0.00927845 0.00868701 0.0116619 
0.011669 0.0104963 0.0177521 0.00836884 0.00695008 0.0117685 0.0067577 0.0171373 0.00881593 0.0476973 0.0112248 0.00383025 0 0.00378838 0.00382077 0.0037898 0.00399416 0.00391615 0.00499023 0.00537862 0.00683977 0.00649622 0.0163847 0.0111624 0.913097 0.00779134 0.00874423 0.0119267 0.00914884 0.00925469 0.0091063 0.011722 0.00969851 0.0102922 0.0102735 0.0183287 0.00925589 0.0588033 0.00874229 0.0563367 0.00868672 0.103594 0.00862741 0.00930786 0.00838038 0.0114335 0.00956727 0.0134526 0.015491 0.00931687 0.0228648 0.00993081 0.0207809 0.00916502 0.00838118 0.0147299 0.0100963 0.0141187 0.0155559 0.0104411 0.0115918 0.0104756 0.00824729 0.0084159 0.0091525 0.0136188 0.0155398 0.0193069 0.00957991 0.0172527 0.00834431 
0.0094017 0.0295479 0.00860478 0.00733874 0.0121262 0.00736169 0.0399572 0.00819108 0.0413627 0.0174306 0.00622136 0.00386519 0.00378838 0 0.00384164 0.00382594 0.00385883 0.0039746 0.00426813 0.00655306 0.00485849 0.0306204 0.0289661 0.904563 0.00772461 0.00937256 0.00865136 0.00890814 0.0125778 0.0115208 0.0118614 0.00965647 0.0122834 0.0112145 0.00897102 0.00876464 0.0501965 0.00901462 0.137846 0.00898587 0.266567 0.0086865 0.0126041 0.00813013 0.0086828 0.00858885 0.0279266 0.0173126 0.0138777 0.0515858 0.0117279 0.0615739 0.0117856 0.0114928 0.0121099 0.00933438 0.0311411 0.0238427 0.0254621 0.0305176 0.0154043 0.00930753 0.00856125 0.00830572 0.013154 0.0201957 0.0435799 0.0316177 0.057456 0.0116264 0.00921905 
0.0254836 0.00918492 0.017733 0.0100006 0.0077523 0.0348144 0.00990544 0.0448491 0.0102743 0.0109497 0.00622293 0.00378979 0.00382077 0.00384164 0 0.00376996 0.00384025 0.00378972 0.00419267 0.00457912 0.0127073 0.0302942 0.897298 0.00777871 0.00980496 0.00669202 0.00838732 0.0141742 0.0119675 0.0130985 0.0134225 0.0155324 0.0128138 0.0101628 0.011784 0.0220043 0.00992939 0.14538 0.0103042 0.339006 0.0104808 0.0455346 0.00892754 0.00870144 0.00871817 0.0198931 0.0133141 0.033671 0.0575225 0.0129892 0.0989219 0.0200379 0.0320975 0.01053 0.00954535 0.0277558 0.021063 0.0454239 0.0724415 0.0309959 0.0267452 0.0109979 0.00854285 0.00874744 0.0169132 0.0347531 0.062364 0.12332 0.0279073 0.0298474 0.00919944 
0.0121925 0.0247021 0.0116539 0.00769151 0.024805 0.0109873 0.0526537 0.0110112 0.0337605 0.00915788 0.00959134 0.00388878 0.0037898 0.00382594 0.00376996 0 0.00380191 0.00382074 0.00397617 0.0162075 0.0436042 0.871986 0.00758851 0.0174565 0.00645403 0.00781278 0.0110466 0.0102422 0.0205152 0.0157649 0.0125652 0.0120766 0.0178772 0.0148558 0.0144218 0.00968536 0.0564823 0.0117643 0.349485 0.0109 0.163291 0.0100112 0.0165256 0.00832029 0.0089467 0.0099136 0.0376366 0.043171 0.02603 0.135631 0.0245949 0.119178 0.0207911 0.0181539 0.0132878 0.0127944 0.0577192 0.0560601 0.0654298 0.0741089 0.0300197 0.0121461 0.0090312 0.008917 0.0221172 0.0515586 0.132442 0.091816 0.114172 0.0184799 0.00999505 
0.0178928 0.0245796 0.0182065 0.0182682 0.0199957 0.0369976 0.00992939 0.0216057 0.0100268 0.0179167 0.00881004 0.00422078 0.00399416 0.00385883 0.00384025 0.00380191 0 0.00380921 0.00856751 0.854206 0.110897 0.00561209 0.00874237 0.00646162 0.0085155 0.00714042 0.0099809 0.018646 0.0109858 0.0115963 0.00967175 0.0118815 0.0120033 0.0232094 0.0202036 0.0222294 0.0109034 0.144528 0.0100479 0.0477353 0.0105133 0.0451302 0.00953893 0.00932554 0.00865208 0.0131269 0.0143316 0.0164456 0.0423021 0.0111799 0.0336621 0.0151182 0.0588242 0.0130526 0.00933343 0.0209101 0.0152216 0.028202 0.0329385 0.0200165 0.0189081 0.0152136 0.00876941 0.00911577 0.0125598 0.0358304 0.0292642 0.0477401 0.0213575 0.0414553 0.00971343 
0.019804 0.0163842 0.0179576 0.0200079 0.0426328 0.0104261 0.0150389 0.00943205 0.0101228 0.00963783 0.0132261 0.0100453 0.00391615 0.0039746 0.00378972 0.00382074 0.00380921 0 0.974755 0.0253837 0.00401421 0.00522296 0.00426208 0.00700375 0.00531345 0.010634 0.0179184 0.00955306 0.00959384 0.00991589 0.00844671 0.00852195 0.00922635 0.0127961 0.0219276 0.0139847 0.0742103 0.00888433 0.0226496 0.00884313 0.0170348 0.00906193 0.0276744 0.00942356 0.00953834 0.0118851 0.0133519 0.0132215 0.00993737 0.0127282 0.0096782 0.0122478 0.010652 0.0361412 0.019742 0.00996461 0.0115995 0.0112128 0.0109456 0.0126952 0.0102216 0.0106641 0.010623 0.0145099 0.0155276 0.0129325 0.0137489 0.0135407 0.0132647 0.0105143 0.00995741 
0.012574 0.00937781 0.0259966 0.0115417 0.00803838 0.00833469 0.00775488 0.00821344 0.00743677 0.0101967 0.0111564 0.00544417 0.00499023 0.00426813 0.00419267 0.00397617 0.00856751 0.974755 0 0.00637662 0.00378043 0.00381357 0.0041073 0.00408412 0.00452895 0.00540326 0.00732311 0.00668803 0.0072095 0.0069881 0.00706412 0.0086052 0.0238391 0.0223751 0.0227657 0.0159831 0.00887947 0.0100161 0.00893052 0.0103266 0.00884368 0.0155102 0.0112327 0.00884705 0.0100026 0.0104896 0.00929931 0.00897036 0.00902267 0.00899459 0.00934134 0.0091843 0.0101679 0.0121153 0.00958171 0.00877668 0.00869984 0.008996 0.0086967 0.00889226 0.00853423 0.00902513 0.0103508 0.00957703 0.00892727 0.00932268 0.00901985 0.00889756 0.00858821 0.00863234 0.00863035 
0.00921714 0.0196163 0.0107244 0.008187 0.0121874 0.00842868 0.00980322 0.00819301 0.0116209 0.0100234 0.0090649 0.00611469 0.00537862 0.00655306 0.00457912 0.0162075 0.854206 0.0253837 0.00637662 0 0.00376977 0.00377126 0.00378525 0.00400788 0.00411454 0.00406911 0.00620637 0.00685606 0.00733472 0.00793159 0.00908397 0.0150163 0.0313704 0.0465217 0.00960744 0.00820715 0.0134108 0.0086974 0.0119485 0.00877538 0.014994 0.00953313 0.0108067 0.00826715 0.00825493 0.00847472 0.0124787 0.00921261 0.0100515 0.0105613 0.00983452 0.015655 0.0104362 0.00967375 0.00913796 0.00887615 0.0100878 0.00989201 0.010804 0.0104723 0.00931682 0.00897411 0.00859483 0.00809303 0.00865156 0.0104718 0.014981 0.0110063 0.0103992 0.00908824 0.00880723 
0.0110781 0.00868049 0.0144457 0.0100717 0.00844378 0.0160752 0.0084325 0.0153827 0.00896112 0.0111248 0.00783492 0.00614981 0.00683977 0.00485849 0.0127073 0.0436042 0.110897 0.00401421 0.00378043 0.00376977 0 0.00374844 0.00380229 0.00376116 0.00381895 0.00377255 0.00627336 0.00684958 0.00734434 0.00868102 0.019983 0.0237204 0.0337567 0.00927618 0.00943457 0.0108901 0.0084567 0.0179571 0.00858326 0.0269837 0.00872192 0.0137337 0.00846946 0.00831942 0.00813502 0.0108558 0.00890456 0.0131784 0.0120814 0.00987079 0.0149462 0.0119269 0.0115081 0.00901791 0.0086027 0.0105815 0.0103535 0.0124989 0.015436 0.0122862 0.0110258 0.00879269 0.0085785 0.00810989 0.00941976 0.012019 0.0166435 0.0177424 0.0109464 0.0113848 0.00831883 
0.00909066 0.0214679 0.00919032 0.008191 0.0207753 0.00875296 0.0249891 0.00923771 0.0200425 0.00951899 0.00860763 0.00967356 0.00649622 0.0306204 0.0302942 0.871986 0.00561209 0.00522296 0.00381357 0.00377126 0.00374844 0 0.00374588 0.00385443 0.00379198 0.00416967 0.00565819 0.00713207 0.0093893 0.0255734 0.0214614 0.0195888 0.0104431 0.00967796 0.0084671 0.00817017 0.0213048 0.00848194 0.0640779 0.00855924 0.0526083 0.0087344 0.0125707 0.00800862 0.008425 0.00857946 0.0237908 0.0119422 0.0134131 0.032109 0.0107244 0.0311524 0.0105328 0.0110333 0.010805 0.00975965 0.0187644 0.0179942 0.0240008 0.0235604 0.0140302 0.00938622 0.00872159 0.00826886 0.0107067 0.0194111 0.0317218 0.0332576 0.0383814 0.00993587 0.00914555 
0.0158144 0.00868909 0.026776 0.0154932 0.00856529 0.0289197 0.00870239 0.0261323 0.0106275 0.0121664 0.00980557 0.00727366 0.0163847 0.0289661 0.897298 0.00758851 0.00874237 0.00426208 0.0041073 0.00378525 0.00380229 0.00374588 0 0.00375102 0.00418902 0.0037573 0.0059779 0.00812485 0.0161558 0.0137102 0.0230363 0.0120644 0.00860755 0.00810425 0.00994397 0.0191599 0.0082752 0.0679267 0.00847585 0.079355 0.00858877 0.0240176 0.00840174 0.00895308 0.00831898 0.0184282 0.00924666 0.0190648 0.0248278 0.0100086 0.0362319 0.0115679 0.0159889 0.00968292 0.00864326 0.0172816 0.0122966 0.0263375 0.0294785 0.017572 0.0146976 0.00931572 0.00839443 0.00841326 0.0113535 0.0147476 0.0361421 0.0450649 0.012754 0.0172061 0.00847944 
0.00881345 0.0238235 0.00901492 0.00818143 0.02221 0.00856611 0.032619 0.00929272 0.0208372 0.0120928 0.00987203 0.0140632 0.0111624 0.904563 0.00777871 0.0174565 0.00646162 0.00700375 0.00408412 0.00400788 0.00376116 0.00385443 0.00375102 0 0.00376465 0.00404131 0.00545758 0.0153759 0.0225688 0.0421379 0.0101652 0.00761285 0.00945015 0.0104654 0.00796807 0.00806734 0.0329751 0.00830866 0.0744952 0.00837932 0.0618191 0.00845033 0.0150947 0.00791938 0.00860176 0.00831815 0.0222874 0.0126768 0.0117113 0.0341077 0.0102699 0.0322131 0.0101203 0.0127762 0.0118208 0.00885937 0.0290262 0.0204257 0.0189703 0.0212664 0.0123626 0.00953212 0.00884649 0.00825771 0.00962262 0.0201782 0.0298494 0.0227124 0.0359467 0.00977521 0.00912661 
0.0165881 0.00994653 0.0241521 0.0145373 0.00916097 0.02205 0.00854699 0.0191006 0.0113543 0.0155217 0.00983942 0.0120757 0.913097 0.00772461 0.00980496 0.00645403 0.0085155 0.00531345 0.00452895 0.00411454 0.00381895 0.00379198 0.00418902 0.00376465 0 0.00375121 0.0134573 0.0340424 0.00818757 0.00668844 0.00718241 0.00738258 0.00708331 0.00728979 0.0101614 0.0250923 0.00868498 0.0253401 0.00812948 0.0255978 0.00842146 0.0264835 0.00820984 0.00908115 0.00877637 0.0137222 0.00956313 0.0109197 0.0126759 0.00884466 0.0127952 0.00928014 0.0168464 0.00949665 0.00874865 0.0187422 0.00948521 0.0113408 0.0113168 0.0104126 0.0102212 0.0102546 0.00848681 0.00877824 0.00983807 0.0124974 0.0139266 0.0132374 0.00943593 0.0167178 0.00841919 
0.0125436 0.0166314 0.011367 0.00952966 0.0154752 0.00874383 0.0118163 0.00890981 0.011245 0.0112349 0.0298195 0.841005 0.00779134 0.00937256 0.00669202 0.00781278 0.00714042 0.010634 0.00540326 0.00406911 0.00377255 0.00416967 0.0037573 0.00404131 0.00375121 0 0.0470853 0.00853621 0.00531061 0.00717994 0.00558233 0.00597126 0.0062896 0.00759498 0.00884893 0.0085792 0.0154048 0.00799066 0.0154186 0.00816338 0.0133302 0.00847711 0.0228649 0.0082639 0.0087982 0.00900376 0.01417 0.00950684 0.00942115 0.0112105 0.00927756 0.0106551 0.0097787 0.0229081 0.0173528 0.00887697 0.0103132 0.0102146 0.00983291 0.0101794 0.00977816 0.0094896 0.00942444 0.0111841 0.0110434 0.0109283 0.0100508 0.0100569 0.0107247 0.00918287 0.00916949 
0.0138268 0.0100234 0.0338923 0.0137563 0.0106313 0.00985294 0.00950337 0.0097949 0.0106338 0.010846 0.0364713 0.0107039 0.00874423 0.00865136 0.00838732 0.0110466 0.0099809 0.0179184 0.00732311 0.00620637 0.00627336 0.00565819 0.0059779 0.00545758 0.0134573 0.0470853 0 0.00381369 0.00378654 0.00380306 0.00379652 0.00409853 0.00488649 0.00460115 0.0083007 0.0152489 0.00753102 0.00949826 0.0084974 0.0107986 0.00896444 0.0137805 0.0415189 0.00995723 0.010488 0.011591 0.010613 0.0104361 0.00991853 0.0100019 0.0102168 0.0103155 0.0106992 0.0164188 0.0121817 0.00971445 0.00990461 0.0105473 0.00969369 0.0100747 0.00912003 0.00974013 0.012754 0.010934 0.0113431 0.0136972 0.0126159 0.0115161 0.00953899 0.00963864 0.0102687 
0.0098265 0.0143143 0.0116899 0.00983069 0.0118346 0.014049 0.0103886 0.0154258 0.0115039 0.0274592 0.00974958 0.00874094 0.0119267 0.00890814 0.0141742 0.0102422 0.018646 0.00955306 0.00668803 0.00685606 0.00684958 0.00713207 0.00812485 0.0153759 0.0340424 0.00853621 0.00381369 0 0.00376341 0.00377071 0.00377743 0.00383189 0.00393487 0.00436165 0.00453375 0.00688592 0.00812291 0.00948343 0.00864277 0.0117546 0.0130234 0.0648616 0.0163257 0.00817695 0.00786947 0.00921394 0.0162954 0.0102932 0.0125295 0.0103769 0.0140138 0.0124003 0.018155 0.0101579 0.00911461 0.0129738 0.0110992 0.0153952 0.0172734 0.0137792 0.012318 0.0106029 0.00881566 0.00852199 0.0102961 0.0226147 0.0238306 0.0278028 0.0142445 0.0143032 0.00874064 
0.0103546 0.0101936 0.0109641 0.00936265 0.0112057 0.0144639 0.0182467 0.0131128 0.0363499 0.012198 0.0107137 0.0093636 0.00914884 0.0125778 0.0119675 0.0205152 0.0109858 0.00959384 0.0072095 0.00733472 0.00734434 0.0093893 0.0161558 0.0225688 0.00818757 0.00531061 0.00378654 0.00376341 0 0.00374816 0.00375962 0.00378401 0.00376223 0.00386841 0.00392067 0.00806426 0.00779275 0.00878118 0.0109956 0.00966734 0.0409185 0.0376295 0.0261259 0.00755324 0.00806273 0.00936615 0.0109256 0.0141929 0.0118628 0.0157187 0.0138266 0.0281548 0.0124331 0.0108119 0.0094184 0.0101885 0.0170697 0.0175512 0.025471 0.0218098 0.0169208 0.00983234 0.00883893 0.00887375 0.0123723 0.0177722 0.0429651 0.0404158 0.038325 0.0116821 0.00912938 
0.00939913 0.0111817 0.0105768 0.00896849 0.0111453 0.0143328 0.0158372 0.0171121 0.019727 0.0124325 0.0103751 0.00898388 0.00925469 0.0115208 0.0130985 0.0157649 0.0115963 0.00991589 0.0069881 0.00793159 0.00868102 0.0255734 0.0137102 0.0421379 0.00668844 0.00717994 0.00380306 0.00377071 0.00374816 0 0.00371482 0.00387502 0.00380164 0.00378931 0.00387558 0.00633719 0.00776049 0.0102431 0.0107973 0.031362 0.0963795 0.045632 0.0161467 0.00738708 0.00819855 0.00853132 0.0117531 0.0114964 0.0141658 0.0123117 0.0187159 0.0144803 0.0134785 0.0112256 0.00934332 0.0105784 0.014614 0.0200503 0.0215301 0.0223492 0.0165284 0.00987241 0.00882137 0.00839374 0.0114097 0.0203359 0.0336071 0.0431684 0.0241212 0.0154116 0.00952752 
0.00960462 0.00918225 0.0103941 0.00859905 0.0104766 0.0123018 0.0165158 0.0155565 0.0136073 0.0109721 0.0102109 0.00871987 0.0091063 0.0118614 0.0134225 0.0125652 0.00967175 0.00844671 0.00706412 0.00908397 0.019983 0.0214614 0.0230363 0.0101652 0.00718241 0.00558233 0.00379652 0.00377743 0.00375962 0.00371482 0 0.00376403 0.00378853 0.00379502 0.00378408 0.00567813 0.00755562 0.00796151 0.0360118 0.0480229 0.0472371 0.0169435 0.00871652 0.00705562 0.00758789 0.00856045 0.00912409 0.0116652 0.0108244 0.0142412 0.0109297 0.014472 0.0108762 0.0100849 0.00869535 0.00955389 0.0122788 0.0162086 0.0238689 0.0162237 0.0123842 0.00912631 0.00846837 0.00826202 0.0106876 0.0164243 0.0304836 0.0250179 0.0236399 0.0124167 0.00898743 
0.00974031 0.00921919 0.0100829 0.00952195 0.0093373 0.0160306 0.0150534 0.0167086 0.0124457 0.0104257 0.00900048 0.00855913 0.011722 0.00965647 0.0155324 0.0120766 0.0118815 0.00852195 0.0086052 0.0150163 0.0237204 0.0195888 0.0120644 0.00761285 0.00738258 0.00597126 0.00409853 0.00383189 0.00378401 0.00387502 0.00376403 0 0.00375901 0.00375414 0.00380939 0.00653642 0.00745755 0.0564585 0.060671 0.0723136 0.0121868 0.010862 0.00750128 0.00717308 0.00751357 0.00866703 0.00932199 0.0106534 0.0148475 0.00953267 0.0150379 0.0117013 0.0113022 0.00921953 0.00880684 0.0097037 0.0112352 0.0176682 0.0191335 0.0163453 0.0117511 0.00917579 0.00837439 0.00848625 0.0108332 0.0154007 0.0290435 0.0340596 0.0159975 0.0119989 0.0085989 
0.0102151 0.00965804 0.0106136 0.00910993 0.012873 0.0154575 0.0158545 0.012692 0.0166614 0.0108958 0.00915857 0.00930552 0.00969851 0.0122834 0.0128138 0.0178772 0.0120033 0.00922635 0.0238391 0.0313704 0.0337567 0.0104431 0.00860755 0.00945015 0.00708331 0.0062896 0.00488649 0.00393487 0.00376223 0.00380164 0.00378853 0.00375901 0 0.00380006 0.00375412 0.00548456 0.0317544 0.0501963 0.0734273 0.0216043 0.0119337 0.00754141 0.00758184 0.00671091 0.0074836 0.00861473 0.00976823 0.0135112 0.0111921 0.0119771 0.0124937 0.0169574 0.0109358 0.0103127 0.00906248 0.00968637 0.0140399 0.0172328 0.0231344 0.0157696 0.0144977 0.00955642 0.00857721 0.0086288 0.0108694 0.0216618 0.038579 0.0341971 0.0284802 0.0115826 0.00876178 
0.0103582 0.0269283 0.00992909 0.00951933 0.0160161 0.0107239 0.0140954 0.0105077 0.0145902 0.0196511 0.0117862 0.0106807 0.0102922 0.0112145 0.0101628 0.0148558 0.0232094 0.0127961 0.0223751 0.0465217 0.00927618 0.00967796 0.00810425 0.0104654 0.00728979 0.00759498 0.00460115 0.00436165 0.00386841 0.00378931 0.00379502 0.00375414 0.00380006 0 0.0038968 0.0170422 0.105279 0.0356613 0.023687 0.00783362 0.00934217 0.00826979 0.00877273 0.00680967 0.00843049 0.00825488 0.0255695 0.00979665 0.0103956 0.0195482 0.0109081 0.0140398 0.0222081 0.0140178 0.00976779 0.0120199 0.0138104 0.0132958 0.0144131 0.0156932 0.0124912 0.0142997 0.00884376 0.00917989 0.0110316 0.0195891 0.0222316 0.021464 0.0198749 0.017897 0.0093452 
0.0186995 0.0100337 0.0339811 0.0162989 0.00911513 0.0120816 0.010628 0.0115169 0.010294 0.028352 0.0286815 0.0122974 0.0102735 0.00897102 0.011784 0.0144218 0.0202036 0.0219276 0.0227657 0.00960744 0.00943457 0.0084671 0.00994397 0.00796807 0.0101614 0.00884893 0.0083007 0.00453375 0.00392067 0.00387558 0.00378408 0.00380939 0.00375412 0.0038968 0 0.128125 0.0489246 0.0107208 0.00610276 0.00924989 0.00718886 0.00990158 0.00934197 0.00802087 0.00834439 0.0201855 0.00915041 0.0122736 0.0109923 0.0105927 0.0124588 0.0112487 0.0178809 0.0287901 0.0126663 0.0115821 0.0106669 0.0108861 0.0125375 0.0133349 0.0115991 0.01237 0.0122502 0.0127406 0.0147646 0.0114243 0.0136052 0.0155952 0.0119776 0.0241372 0.0102215 
0.0163854 0.00929014 0.094484 0.0205013 0.00881961 0.0133424 0.00883614 0.0140001 0.00954064 0.0212771 0.0195361 0.00973286 0.0183287 0.00876464 0.0220043 0.00968536 0.0222294 0.0139847 0.0159831 0.00820715 0.0108901 0.00817017 0.0191599 0.00806734 0.0250923 0.0085792 0.0152489 0.00688592 0.00806426 0.00633719 0.00567813 0.00653642 0.00548456 0.0170422 0.128125 0 0.00386866 0.00382116 0.00377132 0.00413369 0.00383676 0.00561046 0.00577506 0.00708441 0.00777467 0.0102623 0.00712431 0.0104585 0.0105797 0.0133021 0.0709864 0.0158369 0.0252484 0.020288 0.0101578 0.013806 0.0113793 0.0111096 0.0110913 0.0131729 0.00983759 0.0131204 0.0145016 0.0175293 0.0203322 0.01654 0.0148372 0.0162418 0.00995348 0.0157879 0.0120915 
0.00917327 0.0462631 0.010272 0.00891764 0.042516 0.00994676 0.0386981 0.010368 0.0383184 0.0140177 0.0117871 0.0178786 0.00925589 0.0501965 0.00992939 0.0564823 0.0109034 0.0742103 0.00887947 0.0134108 0.0084567 0.0213048 0.0082752 0.0329751 0.00868498 0.0154048 0.00753102 0.00812291 0.00779275 0.00776049 0.00755562 0.00745755 0.0317544 0.105279 0.0489246 0.00386866 0 0.00374614 0.00380645 0.00378306 0.00395864 0.00400726 0.00518182 0.00525313 0.00650166 0.00624707 0.0145377 0.00862031 0.0137764 0.0773607 0.024173 0.0356388 0.0139515 0.0173328 0.0190116 0.00926437 0.0263015 0.0171969 0.0185181 0.0162099 0.0146723 0.0119048 0.00978965 0.00987996 0.0187693 0.0601209 0.0353523 0.0260921 0.0394927 0.0120538 0.0122652 
0.0161096 0.00903475 0.0192116 0.0139707 0.00909097 0.0908197 0.0105962 0.0792273 0.0174755 0.0236178 0.0103714 0.00856905 0.0588033 0.00901462 0.14538 0.0117643 0.144528 0.00888433 0.0100161 0.0086974 0.0179571 0.00848194 0.0679267 0.00830866 0.0253401 0.00799066 0.00949826 0.00948343 0.00878118 0.0102431 0.00796151 0.0564585 0.0501963 0.0356613 0.0107208 0.00382116 0.00374614 0 0.00374908 0.00383569 0.00381221 0.0039563 0.00382234 0.00480609 0.00591269 0.00966778 0.00752553 0.0210394 0.064005 0.0172967 0.0375414 0.0101173 0.0202393 0.00932978 0.00811797 0.0204972 0.01147 0.0304456 0.0314809 0.0222474 0.0220283 0.0112704 0.0088923 0.00932811 0.0165599 0.0335001 0.0603585 0.0990732 0.0256536 0.064384 0.0107916 
0.00979656 0.0230378 0.00963852 0.00855627 0.0444944 0.0106268 0.143841 0.0132608 0.0803925 0.013258 0.0124901 0.0181735 0.00874229 0.137846 0.0103042 0.349485 0.0100479 0.0226496 0.00893052 0.0119485 0.00858326 0.0640779 0.00847585 0.0744952 0.00812948 0.0154186 0.0084974 0.00864277 0.0109956 0.0107973 0.0360118 0.060671 0.0734273 0.023687 0.00610276 0.00377132 0.00380645 0.00374908 0 0.00376448 0.00381236 0.00380638 0.00391152 0.00401078 0.00481483 0.00539271 0.0284482 0.0782144 0.015711 0.066492 0.00920221 0.0374716 0.0106127 0.0149785 0.0125376 0.00886873 0.0389418 0.0233224 0.0347989 0.0385517 0.0188705 0.0115874 0.00943266 0.0091664 0.0158038 0.0484786 0.0902307 0.0617347 0.141022 0.013559 0.0123312 
0.0138018 0.00911303 0.0163977 0.0136956 0.00914955 0.102521 0.0106137 0.0914002 0.0153145 0.0273615 0.0104911 0.00854218 0.0563367 0.00898587 0.339006 0.0109 0.0477353 0.00884313 0.0103266 0.00877538 0.0269837 0.00855924 0.079355 0.00837932 0.0255978 0.00816338 0.0107986 0.0117546 0.00966734 0.031362 0.0480229 0.0723136 0.0216043 0.00783362 0.00924989 0.00413369 0.00378306 0.00383569 0.00376448 0 0.0037494 0.00379468 0.00377272 0.00462097 0.00601603 0.0143068 0.0238759 0.0275374 0.0267173 0.00810692 0.0353654 0.00934072 0.0215445 0.00902474 0.00814276 0.0182108 0.0122393 0.0367125 0.0371618 0.0241163 0.0186206 0.0122959 0.00860556 0.00954319 0.0185512 0.0318893 0.0691582 0.106531 0.0259618 0.0452607 0.00925208 
0.00932044 0.0234526 0.00953223 0.00852814 0.0493441 0.0102307 0.125811 0.0128163 0.06663 0.013863 0.0114009 0.0145076 0.00868672 0.266567 0.0104808 0.163291 0.0105133 0.0170348 0.00884368 0.014994 0.00872192 0.0526083 0.00858877 0.0618191 0.00842146 0.0133302 0.00896444 0.0130234 0.0409185 0.0963795 0.0472371 0.0121868 0.0119337 0.00934217 0.00718886 0.00383676 0.00395864 0.00381221 0.00381236 0.0037494 0 0.00375463 0.00378886 0.00403503 0.0132675 0.0186795 0.035138 0.0177677 0.00962749 0.0339548 0.00896092 0.0255457 0.00999197 0.0127479 0.0114246 0.00912752 0.0483938 0.0292444 0.0267638 0.0298282 0.0186091 0.0125114 0.0088484 0.00920914 0.013206 0.0583666 0.0858533 0.0617561 0.10859 0.0136593 0.0112294 
0.012377 0.00978601 0.0158614 0.0150808 0.00922565 0.0489483 0.00962052 0.0229018 0.0104802 0.025366 0.0115093 0.00907354 0.103594 0.0086865 0.0455346 0.0100112 0.0451302 0.00906193 0.0155102 0.00953313 0.0137337 0.0087344 0.0240176 0.00845033 0.0264835 0.00847711 0.0137805 0.0648616 0.0376295 0.045632 0.0169435 0.010862 0.00754141 0.00826979 0.00990158 0.00561046 0.00400726 0.0039563 0.00380638 0.00379468 0.00375463 0 0.00376017 0.00822807 0.932713 0.0106222 0.00793094 0.0114414 0.0153305 0.00713765 0.0105215 0.00811804 0.0154563 0.00967669 0.00813985 0.0243425 0.0123386 0.0122899 0.0174514 0.0115569 0.0122988 0.0134785 0.00866693 0.00998679 0.0122966 0.0207407 0.0269475 0.0308159 0.0156095 0.0500251 0.00909395 
0.0114922 0.0135004 0.0118522 0.0100976 0.014161 0.00890684 0.0144803 0.00933461 0.0114004 0.0109652 0.0180309 0.04561 0.00862741 0.0126041 0.00892754 0.0165256 0.00953893 0.0276744 0.0112327 0.0108067 0.00846946 0.0125707 0.00840174 0.0150947 0.00820984 0.0228649 0.0415189 0.0163257 0.0261259 0.0161467 0.00871652 0.00750128 0.00758184 0.00877273 0.00934197 0.00577506 0.00518182 0.00382234 0.00391152 0.00377272 0.00378886 0.00376017 0 0.990091 0.00483675 0.00468818 0.0224104 0.00734327 0.00622721 0.00829117 0.00745645 0.00931804 0.00804396 0.0123757 0.0164944 0.00893651 0.0148909 0.0104083 0.0100672 0.0117897 0.00991843 0.010232 0.0117903 0.0137543 0.0142162 0.0148769 0.0131555 0.0122514 0.0136021 0.0109878 0.0114704 
0.00829322 0.00836263 0.0107656 0.00894156 0.00813616 0.00825847 0.00812601 0.00827207 0.00822299 0.00839421 0.00960065 0.00825838 0.00930786 0.00813013 0.00870144 0.00832029 0.00932554 0.00942356 0.00884705 0.00826715 0.00831942 0.00800862 0.00895308 0.00791938 0.00908115 0.0082639 0.00995723 0.00817695 0.00755324 0.00738708 0.00705562 0.00717308 0.00671091 0.00680967 0.00802087 0.00708441 0.00525313 0.00480609 0.00401078 0.00462097 0.00403503 0.00822807 0.990091 0 0.00789213 0.00384502 0.00697824 0.00429153 0.00398977 0.00394078 0.00457476 0.00493879 0.00606789 0.00743199 0.00633611 0.00685299 0.00709262 0.00701156 0.00724031 0.00735686 0.00755962 0.00806867 0.00887048 0.0107763 0.00845787 0.00892 0.00863867 0.00856546 0.00819954 0.00904313 0.00834645 
0.00914216 0.00854424 0.0093567 0.00891184 0.00852937 0.00830362 0.00823148 0.00826092 0.00831472 0.00866539 0.00869493 0.0104049 0.00838038 0.0086828 0.00871817 0.0089467 0.00865208 0.00953834 0.0100026 0.00825493 0.00813502 0.008425 0.00831898 0.00860176 0.00877637 0.0087982 0.010488 0.00786947 0.00806273 0.00819855 0.00758789 0.00751357 0.0074836 0.00843049 0.00834439 0.00777467 0.00650166 0.00591269 0.00481483 0.00601603 0.0132675 0.932713 0.00483675 0.00789213 0 0.0042313 0.00719325 0.00375896 0.00397648 0.00381644 0.00403737 0.00483698 0.0057097 0.00687966 0.00720057 0.00666075 0.00749807 0.00757657 0.00762453 0.00807106 0.00787457 0.00843009 0.00817281 0.0109731 0.00992234 0.00975944 0.00900351 0.00895093 0.00894061 0.00876349 0.00853473 
0.00995279 0.00827965 0.0287864 0.0119861 0.00842115 0.012902 0.00878291 0.0126767 0.00975664 0.0104532 0.0120291 0.00858455 0.0114335 0.00858885 0.0198931 0.0099136 0.0131269 0.0118851 0.0104896 0.00847472 0.0108558 0.00857946 0.0184282 0.00831815 0.0137222 0.00900376 0.011591 0.00921394 0.00936615 0.00853132 0.00856045 0.00866703 0.00861473 0.00825488 0.0201855 0.0102623 0.00624707 0.00966778 0.00539271 0.0143068 0.0186795 0.0106222 0.00468818 0.00384502 0.0042313 0 0.00384612 0.00378808 0.00380263 0.00381656 0.00392848 0.00402432 0.00482994 0.00630701 0.00639691 0.00724741 0.00789304 0.00849857 0.00912676 0.00954514 0.0109322 0.0128962 0.640937 0.00983536 0.013437 0.0120414 0.0153033 0.0141124 0.0104119 0.0141444 0.0105681 
0.00889981 0.0303984 0.0105327 0.00844061 0.0250433 0.011349 0.0239924 0.0117312 0.0197553 0.0164097 0.0109897 0.0116746 0.00956727 0.0279266 0.0133141 0.0376366 0.0143316 0.0133519 0.00929931 0.0124787 0.00890456 0.0237908 0.00924666 0.0222874 0.00956313 0.01417 0.010613 0.0162954 0.0109256 0.0117531 0.00912409 0.00932199 0.00976823 0.0255695 0.00915041 0.00712431 0.0145377 0.00752553 0.0284482 0.0238759 0.035138 0.00793094 0.0224104 0.00697824 0.00719325 0.00384612 0 0.00375585 0.00377074 0.00376812 0.00379488 0.00401781 0.00393294 0.00543847 0.00935644 0.00703439 0.00824778 0.010931 0.00992851 0.0118895 0.0147938 0.887214 0.0111676 0.0095314 0.0114935 0.0659431 0.0294946 0.0320364 0.0376321 0.0141152 0.0106143 
0.0119227 0.0101644 0.0132531 0.00885777 0.0108998 0.0252679 0.0231243 0.0234223 0.0327334 0.0169635 0.0120454 0.00891582 0.0134526 0.0173126 0.033671 0.043171 0.0164456 0.0132215 0.00897036 0.00921261 0.0131784 0.0119422 0.0190648 0.0126768 0.0109197 0.00950684 0.0104361 0.0102932 0.0141929 0.0114964 0.0116652 0.0106534 0.0135112 0.00979665 0.0122736 0.0104585 0.00862031 0.0210394 0.0782144 0.0275374 0.0177677 0.0114414 0.00734327 0.00429153 0.00375896 0.00378808 0.00375585 0 0.00375366 0.00375018 0.00377153 0.00379204 0.00397509 0.00423829 0.00651869 0.00754521 0.0093237 0.00928047 0.0128768 0.0251283 0.900561 0.0135508 0.00954498 0.00910087 0.0150488 0.0233655 0.0675296 0.0572914 0.0409645 0.0200283 0.010306 
0.0102119 0.0101813 0.0133404 0.00944811 0.0112364 0.0310355 0.0195646 0.039843 0.0264781 0.0336316 0.0115679 0.00929402 0.015491 0.0138777 0.0575225 0.02603 0.0423021 0.00993737 0.00902267 0.0100515 0.0120814 0.0134131 0.0248278 0.0117113 0.0126759 0.00942115 0.00991853 0.0125295 0.0118628 0.0141658 0.0108244 0.0148475 0.0111921 0.0103956 0.0109923 0.0105797 0.0137764 0.064005 0.015711 0.0267173 0.00962749 0.0153305 0.00622721 0.00398977 0.00397648 0.00380263 0.00377074 0.00375366 0 0.00376064 0.00365348 0.00375888 0.00377096 0.00408815 0.00586163 0.00735491 0.00921181 0.0121893 0.0202578 0.883747 0.0273712 0.0137321 0.00805156 0.00896697 0.0173388 0.0289426 0.0408588 0.0758829 0.0281438 0.0313183 0.0104914 
0.00936795 0.0130302 0.0104592 0.00835189 0.0214504 0.0124142 0.0621762 0.0151718 0.0629984 0.0138642 0.010968 0.0105162 0.00931687 0.0515858 0.0129892 0.135631 0.0111799 0.0127282 0.00899459 0.0105613 0.00987079 0.032109 0.0100086 0.0341077 0.00884466 0.0112105 0.0100019 0.0103769 0.0157187 0.0123117 0.0142412 0.00953267 0.0119771 0.0195482 0.0105927 0.0133021 0.0773607 0.0172967 0.066492 0.00810692 0.0339548 0.00713765 0.00829117 0.00394078 0.00381644 0.00381656 0.00376812 0.00375018 0.00376064 0 0.00375252 0.00376605 0.00378094 0.00382578 0.00534864 0.00565456 0.00848101 0.0191587 0.941599 0.0242111 0.0102722 0.0114595 0.00911936 0.00841561 0.012329 0.0301717 0.0543697 0.0318313 0.0673082 0.0140459 0.0114857 
0.0109287 0.0104873 0.0116722 0.00997409 0.00974199 0.0510398 0.0195201 0.0538407 0.0207205 0.021579 0.0121111 0.00892967 0.0228648 0.0117279 0.0989219 0.0245949 0.0336621 0.0096782 0.00934134 0.00983452 0.0149462 0.0107244 0.0362319 0.0102699 0.0127952 0.00927756 0.0102168 0.0140138 0.0138266 0.0187159 0.0109297 0.0150379 0.0124937 0.0109081 0.0124588 0.0709864 0.024173 0.0375414 0.00920221 0.0353654 0.00896092 0.0105215 0.00745645 0.00457476 0.00403737 0.00392848 0.00379488 0.00377153 0.00365348 0.00375252 0 0.00375595 0.0037698 0.00378582 0.0044358 0.00582079 0.0110489 0.943536 0.0291869 0.0109803 0.0126817 0.00895532 0.00754578 0.0084051 0.0211349 0.0249002 0.0490313 0.0800753 0.0253582 0.0333283 0.0100721 
0.0104959 0.014357 0.0115759 0.00869428 0.0300375 0.0162195 0.0651509 0.0212861 0.0603882 0.0166462 0.0107083 0.011275 0.00993081 0.0615739 0.0200379 0.119178 0.0151182 0.0122478 0.0091843 0.015655 0.0119269 0.0311524 0.0115679 0.0322131 0.00928014 0.0106551 0.0103155 0.0124003 0.0281548 0.0144803 0.014472 0.0117013 0.0169574 0.0140398 0.0112487 0.0158369 0.0356388 0.0101173 0.0374716 0.00934072 0.0255457 0.00811804 0.00931804 0.00493879 0.00483698 0.00402432 0.00401781 0.00379204 0.00375888 0.00376605 0.00375595 0 0.00376358 0.00379797 0.00522323 0.00873423 0.925364 0.0249261 0.0141212 0.0128703 0.0133994 0.00867384 0.00773501 0.00836246 0.0134791 0.0382401 0.0611276 0.0614023 0.0738996 0.0181733 0.0118778 
0.0107395 0.0161498 0.0114998 0.0121927 0.0101452 0.0236562 0.0141504 0.0226218 0.0171141 0.0394041 0.0128901 0.00936369 0.0207809 0.0117856 0.0320975 0.0207911 0.0588242 0.010652 0.0101679 0.0104362 0.0115081 0.0105328 0.0159889 0.0101203 0.0168464 0.0097787 0.0106992 0.018155 0.0124331 0.0134785 0.0108762 0.0113022 0.0109358 0.0222081 0.0178809 0.0252484 0.0139515 0.0202393 0.0106127 0.0215445 0.00999197 0.0154563 0.00804396 0.00606789 0.0057097 0.00482994 0.00393294 0.00397509 0.00377096 0.00378094 0.0037698 0.00376358 0 0.003796 0.00486846 0.940718 0.00946632 0.00832045 0.0125814 0.0117205 0.0113849 0.0119347 0.0076242 0.00998935 0.0124399 0.0269384 0.0336798 0.0466442 0.0358928 0.0785731 0.010424 
0.0140173 0.0125076 0.0162009 0.0108299 0.0137927 0.009743 0.0172865 0.0104507 0.0135709 0.0139191 0.0305296 0.0217542 0.00916502 0.0114928 0.01053 0.0181539 0.0130526 0.0361412 0.0121153 0.00967375 0.00901791 0.0110333 0.00968292 0.0127762 0.00949665 0.0229081 0.0164188 0.0101579 0.0108119 0.0112256 0.0100849 0.00921953 0.0103127 0.0140178 0.0287901 0.020288 0.0173328 0.00932978 0.0149785 0.00902474 0.0127479 0.00967669 0.0123757 0.00743199 0.00687966 0.00630701 0.00543847 0.00423829 0.00408815 0.00382578 0.00378582 0.00379797 0.003796 0 0.988411 0.00473212 0.00515047 0.00812665 0.00772677 0.00827376 0.00864294 0.00886694 0.0121229 0.0137102 0.0146951 0.0172187 0.0152958 0.0183984 0.0169068 0.0223801 0.0226182 
