1PJCA
MEIGVPKEIKNQEFRVGLSPSSVRTLVEAGHTVFIETQAGIGAGFADQDYVQAGAQVVPSAKDAWSREMVVKVKEPLPAEYDLMQKDQLLFTYLHLAAARELTEQLMRVGLTAIAYETVELPNRSLPLLTPMSIIAGRLSVQFGARFLERQQGGRGVLLGGVPGVKPGKVVILGGGVVGTEAAKMAVGLGAQVQIFDINVERLSYLETLFGSRVELLYSNSAEIETAVAEADLLIGAVLVPGRRAPILVPASLVEQMRTGSVIVDVAVDQGGCVETLHPTSHTQPTYEVFGVVHYGVPNMPGAVPWTATQALNNSTLPYVVKLANQGLKALETDDALAKGLNVQAHRLVHPAVQQVFPDLA
CEEEECCCCCCCCCCCCCCHHHHHHHHCCCCEEEEECCCCHHHCCCHHHHHHHCCEEECCHHHHHCCCEEECCCCCCHHHHHHCCCCCEEEECCCHHHCHHHHHHHHHHCCEEEEHHHCCCCCCCCCCCHHHHHHHHHHHHHHHHHHCCHHHCCCCCCCCCECCECCCEEEEECCCHHHHHHHHHHHHCCCEEEEEECCHHHHHHHHHHHHHHCEEEECCHHHHHHHHHCCCEEEECCCCCCCCCCCCECHHHHCCCCCCCEEEECCCCCCCCECCCCCCCCCCCEEEECCEEEECCCCHHHHCHHHHHHHHHHHHHHHHHHHHHHHHHHHHCCHHHHHHEEEECCEECCHHHHCCCCCCC
0 0 0 0 0 0 0 0 0 0 0 0 0 0 0 0 0 0 0 0 0 0 0 0 0 0 0 0 0 0 0 0 0 0 0 0 0 0 0 0 0 0 0 0 0 0 0 0 0 0 0 0 0 0 0 0 0 0 0 0 0 0 0 0 0 0 0 0 0 0 0 0 0 0 0 0 0 0 0 0 0 0 0 0 0 0 0 0 0 0 0 0 0 0 0 0 0 0 0 0 0 0 0 0 0 0 0 0 0 0 0 0 0 0 0 0 0 0 0 0 0 0 0 0 0 0 0 0 0 0 0 0 0 0 0 0 0 0 0 0 0 0 0 0 0 0 0 0 0 0 0 0 0 0 0 0 0 0 0 0 0 0 0 0 0 0 0 0 0 0 0 0 0 0 0 0 0 0 0 0 0 0 0 0 0 0 0 0 0 0 0 0 0 0 0 0 0 0 0 0 0 0 0 0 0 0 0 0 0 0 0 0 0 0 0 0 0 0 0 0 0 0 0 0 0 0 0 0 0 0 0 0 0 0 0 0 0 0 0 0 0 0 0 0 0 0 0 0 0 0 0 0 0 0 0 0 0 0 0 0 0 0 0 0 0 0 0 0 0 0 0 0 0 0 0 0 0 0 0 0 0 0 0 0 0 0 0 0 0 0 0 0 0 0 0 0 0 0 0 0 0 0 0 0 0 0 0 0 0 0 0 0 0 0 0 0 0 0 0 0 0 0 0 0 0 0 0 0 0 0 0 0 0 0 0 0 0 0 0 0 0 0 0 0 0 0 0 0 0 0 0 0 0 0 0 0 0 0 0 0 0 
0 0 0 0 0 0 0 0 0 0 0 0 0 0 0 0 0 0 0 0 0 0 0 0 0 0 0 0 0 0 0 0 0 0 0 0 0 0 0 0 0 0 0 0 0 0 0 0 0 0 0 0 0 0 0 0 0 0 0 0 0 0 0 0 0 0 0 0 0 0 0 0 0 0 0 0 0 0 0 0 0 0 0 0 0 0 0 0 0 0 0 0 0 0 0 0 0 0 0 0 0 0 0 0 0 0 0 0 0 0 0 0 0 0 0 0 0 0 0 0 0 0 0 0 0 0 0 0 0 0 0 0 0 0 0 0 0 0 0 0 0 0 0 0 0 0 0 0 0 0 0 0 0 0 0 0 0 0 0 0 0 0 0 0 0 0 0 0 0 0 0 0 0 0 0 0 0 0 0 0 0 0 0 0 0 0 0 0 0 0 0 0 0 0 0 0 0 0 0 0 0 0 0 0 0 0 0 0 0 0 0 0 0 0 0 0 0 0 0 0 0 0 0 0 0 0 0 0 0 0 0 0 0 0 0 0 0 0 0 0 0 0 0 0 0 0 0 0 0 0 0 0 0 0 0 0 0 0 0 0 0 0 0 0 0 0 0 0 0 0 0 0 0 0 0 0 0 0 0 0 0 0 0 0 0 0 0 0 0 0 0 0 0 0 0 0 0 0 0 0 0 0 0 0 0 0 0 0 0 0 0 0 0 0 0 0 0 0 0 0 0 0 0 0 0 0 0 0 0 0 0 0 0 0 0 0 0 0 0 0 0 0 0 0 0 0 0 0 0 0 0 0 0 0 0 0 0 0 0 0 0 
0 0.00412555 0.00454065 0.00409433 0.80276 0.0261077 0.0805736 0.014023 0.0308215 0.0185669 0.00932341 0.0143674 0.0128725 0.0137246 0.0157127 0.0118489 0.0114742 0.0104899 0.0194782 0.0108295 0.00990386 0.0109823 0.0115031 0.00817573 0.00832145 0.00903851 0.00841824 0.00981931 0.00908061 0.00921051 0.00877219 0.00813032 0.00829918 0.00835054 0.00854396 0.00845945 0.00835265 0.00808974 0.00811694 0.00820793 0.00850194 0.00847546 0.00845193 0.00844266 0.00860932 0.00851125 0.00849075 0.00852238 0.00857535 0.00844303 0.00834626 0.0083915 0.00857174 0.00834543 0.00829322 0.0084714 0.00843498 0.00851454 0.00827618 0.00871826 0.00869811 0.00925987 0.0100501 0.00904304 
0.00412555 0 0.00386188 0.00396372 0.0202317 0.814039 0.0227666 0.0446619 0.0113231 0.00928377 0.0166008 0.0094202 0.0263789 0.0133473 0.0152785 0.0113554 0.0153063 0.0180727 0.00927572 0.00929307 0.0124359 0.00982761 0.00926654 0.00788992 0.00794192 0.00803439 0.00901837 0.00941835 0.00918795 0.00830755 0.00795216 0.00868184 0.00829094 0.0085683 0.00828452 0.00806306 0.00794948 0.00824673 0.00802256 0.00796967 0.00836137 0.0085332 0.00841976 0.00821499 0.00835758 0.00851521 0.00848289 0.0085036 0.00829797 0.00863485 0.00821201 0.00861662 0.00837007 0.00834429 0.00831068 0.00842495 0.00849075 0.00836511 0.00845629 0.00840335 0.00879386 0.00838445 0.00848483 0.00975428 
0.00454065 0.00386188 0 0.00392516 0.0456396 0.0173702 0.565871 0.0811182 0.0207049 0.0117459 0.0109904 0.00976589 0.0107884 0.0564601 0.0131849 0.0111927 0.0202405 0.0170059 0.0111903 0.00984702 0.0115598 0.0115368 0.00905481 0.00785065 0.00784213 0.00838675 0.00912612 0.00941739 0.00914727 0.00833865 0.00819024 0.008409 0.00852479 0.00866474 0.00830994 0.00806412 0.00819633 0.00820098 0.00811095 0.00795799 0.00844372 0.00857079 0.00853201 0.00820154 0.00807411 0.00844939 0.00856154 0.00851512 0.00834375 0.00819133 0.00825837 0.00829868 0.00831022 0.00818483 0.00822581 0.00845143 0.00843284 0.00822644 0.00834599 0.00847767 0.00844881 0.00826657 0.00859048 0.00849874 
0.00409433 0.00396372 0.00392516 0 0.0139713 0.0200971 0.0154925 0.446183 0.0955167 0.0126695 0.00905144 0.00963435 0.015742 0.00997371 0.0232028 0.0146541 0.00927621 0.0110596 0.0133183 0.0116455 0.00897053 0.00887955 0.00956509 0.00826506 0.00831684 0.00864709 0.00846773 0.0084104 0.0084461 0.00888854 0.00824954 0.00805736 0.00807935 0.00823395 0.00802767 0.0081324 0.00848621 0.00800055 0.00790806 0.00800329 0.00869994 0.00858637 0.00829239 0.00842512 0.00841353 0.00875913 0.00856099 0.00846056 0.00851071 0.0085959 0.0084231 0.00839001 0.00823184 0.00822212 0.00843536 0.00848228 0.00843412 0.00842773 0.00879051 0.00853558 0.00836714 0.00835357 0.00862162 0.00880844 
0.80276 0.0202317 0.0456396 0.0139713 0 0.00488051 0.00393599 0.00387445 0.00475204 0.187666 0.0120572 0.019642 0.0196147 0.0129969 0.0189137 0.0183409 0.00997578 0.0102622 0.0190317 0.0137802 0.00909816 0.00992014 0.0108929 0.00879747 0.00893636 0.00874017 0.0083258 0.00877798 0.00919503 0.00903413 0.0085124 0.00796916 0.00827576 0.00811399 0.0083119 0.00831798 0.00852182 0.00796205 0.00796351 0.00822082 0.00830186 0.00820333 0.00831606 0.00841886 0.0088569 0.00829321 0.00824941 0.00833395 0.00848528 0.00831262 0.00818472 0.00818783 0.00825027 0.00818461 0.0081699 0.0081821 0.00813932 0.00822026 0.00816256 0.00832642 0.00821911 0.00872564 0.00912315 0.00858252 
0.0261077 0.814039 0.0173702 0.0200971 0.00488051 0 0.00382213 0.00381021 0.00380601 0.0222802 0.111541 0.0148686 0.0295492 0.023303 0.0194181 0.0164466 0.0238849 0.0220878 0.0119145 0.0106726 0.0224572 0.0154584 0.0109741 0.00790636 0.00812648 0.00840522 0.0110838 0.0127911 0.0107769 0.00877283 0.00801028 0.00927678 0.00868645 0.00924955 0.00863777 0.00808886 0.00805216 0.00822621 0.00805839 0.00802442 0.00859351 0.0087818 0.00859376 0.00827509 0.00824707 0.00842217 0.00857982 0.00862039 0.00834461 0.00827698 0.0082667 0.00858757 0.00831688 0.0082815 0.00825936 0.00850828 0.00854368 0.0083737 0.00833299 0.00845952 0.00853797 0.00831139 0.00833809 0.00912305 
0.0805736 0.0227666 0.565871 0.0154925 0.00393599 0.00382213 0 0.00378287 0.00379762 0.277473 0.0282387 0.0277744 0.0152036 0.0243069 0.0138169 0.0131298 0.0529466 0.0243898 0.0136702 0.010934 0.0219882 0.0205404 0.0104284 0.00786311 0.00788275 0.00897481 0.0105927 0.016521 0.0126764 0.00895292 0.0084335 0.00882182 0.00948578 0.00955769 0.00876251 0.00828329 0.00831471 0.00832898 0.00824457 0.00810727 0.00881698 0.00996034 0.00912075 0.00843486 0.00803079 0.00849091 0.00938378 0.0092835 0.00868264 0.00818813 0.00824527 0.00856066 0.00840854 0.00825481 0.00823204 0.00890066 0.00889279 0.0084057 0.0082861 0.00857431 0.0085719 0.00838412 0.00841911 0.00846123 
0.014023 0.0446619 0.0811182 0.446183 0.00387445 0.00381021 0.00378287 0 0.00386914 0.0127098 0.328466 0.0212453 0.014967 0.0396649 0.0266143 0.0156806 0.0242321 0.0609315 0.0166397 0.0116164 0.0164536 0.0199274 0.0113475 0.00807432 0.00804203 0.00896913 0.0102496 0.0112169 0.0132479 0.00991559 0.00832975 0.00900338 0.00880555 0.00913381 0.00845096 0.00815463 0.0081427 0.00825565 0.00816874 0.00803235 0.008798 0.0088832 0.00879857 0.00852 0.00821398 0.00862695 0.00871605 0.00870844 0.00846993 0.00824686 0.00821677 0.00841383 0.008321 0.00820907 0.00827963 0.00856119 0.0084885 0.00830291 0.00842614 0.00854911 0.00843221 0.00823727 0.00832563 0.00877139 
0.0308215 0.0113231 0.0207049 0.0955167 0.00475204 0.00380601 0.00379762 0.00386914 0 0.0188763 0.0100443 0.33156 0.016476 0.0129998 0.0349801 0.0216909 0.0110222 0.0122732 0.0221907 0.0157106 0.00936381 0.00981548 0.0107253 0.00843805 0.0084896 0.00978567 0.00884944 0.00852128 0.00851595 0.00914502 0.00842619 0.00814769 0.00813241 0.00838476 0.00804838 0.00815041 0.00837695 0.00792505 0.0079725 0.00799075 0.0086973 0.00827953 0.00822046 0.00815475 0.0083745 0.00871091 0.00826188 0.00811624 0.00816769 0.00837309 0.00821666 0.00821816 0.00803348 0.00809016 0.00833587 0.0082438 0.00817068 0.00812854 0.00839818 0.00829098 0.00823612 0.00821862 0.00836144 0.00854764 
0.0185669 0.00928377 0.0117459 0.0126695 0.187666 0.0222802 0.277473 0.0127098 0.0188763 0 0.00399411 0.00423198 0.013613 0.0203777 0.0801898 0.0217352 0.0109994 0.0114974 0.0230816 0.0140976 0.0102199 0.0102115 0.0126273 0.00893145 0.00923933 0.00921624 0.00846014 0.00904123 0.00882107 0.00912374 0.00847455 0.00790646 0.00823015 0.00808262 0.00817362 0.00855982 0.00847845 0.00792781 0.00791933 0.0084078 0.00812521 0.00814623 0.00813926 0.00850672 0.00902756 0.00800706 0.00808364 0.00824635 0.00844118 0.00823038 0.00799716 0.00803429 0.00817498 0.00808514 0.00797419 0.00801902 0.00811009 0.00821053 0.00807064 0.00819225 0.00821626 0.00860722 0.00889924 0.00848138 
0.00932341 0.0166008 0.0109904 0.00905144 0.0120572 0.111541 0.0282387 0.328466 0.0100443 0.00399411 0 0.00380409 0.00974022 0.214098 0.0115014 0.012807 0.0196707 0.0193286 0.00977058 0.0102028 0.0125152 0.0128627 0.00977265 0.0081931 0.00822435 0.00831589 0.00873522 0.00881656 0.00944207 0.00862463 0.00812975 0.00820899 0.00821229 0.00836749 0.00823409 0.00803905 0.00815102 0.00809257 0.0080135 0.00794677 0.00822832 0.00836725 0.00831151 0.00813112 0.00806181 0.00818784 0.00829507 0.00826227 0.0081095 0.00800936 0.00809872 0.00816738 0.00803047 0.00797721 0.0081372 0.00822231 0.0081841 0.00805455 0.00815395 0.00829162 0.00826802 0.00819934 0.00830348 0.00830554 
0.0143674 0.0094202 0.00976589 0.00963435 0.019642 0.0148686 0.0277744 0.0212453 0.33156 0.00423198 0.00380409 0 0.060813 0.00957029 0.0224669 0.017984 0.0108177 0.0114446 0.016489 0.0150551 0.00979133 0.00982601 0.0106581 0.00887759 0.00929435 0.00969916 0.00876768 0.00860062 0.00844711 0.00906045 0.00851021 0.00810155 0.0080719 0.00813973 0.008023 0.0082356 0.0117371 0.00798269 0.0078989 0.00803303 0.00859773 0.00808943 0.00809168 0.00822516 0.00896059 0.00859979 0.00805363 0.00806769 0.00826105 0.0087729 0.008173 0.00817237 0.00798005 0.00801381 0.00819947 0.00804805 0.00801883 0.00807476 0.00837203 0.00821264 0.00824164 0.00807043 0.00827073 0.00847567 
0.0128725 0.0263789 0.0107884 0.015742 0.0196147 0.0295492 0.0152036 0.014967 0.016476 0.013613 0.00974022 0.060813 0 0.00383839 0.00418024 0.551283 0.0220541 0.0299259 0.0335064 0.0334044 0.0252594 0.0169422 0.0190315 0.00895663 0.00929735 0.0104935 0.0129888 0.0118837 0.0112409 0.0117449 0.00936355 0.00955865 0.00871999 0.00891784 0.00892224 0.00902485 0.00852012 0.00809659 0.00795122 0.00835122 0.00961514 0.0087031 0.00869827 0.00928112 0.00952476 0.00858295 0.00841369 0.00883482 0.00869015 0.00852262 0.00801812 0.00830314 0.00813819 0.00823386 0.00836579 0.00822856 0.00824282 0.00841606 0.00828541 0.00822164 0.00833003 0.00839966 0.00848726 0.00890369 
0.0137246 0.0133473 0.0564601 0.00997371 0.0129969 0.023303 0.0243069 0.0396649 0.0129998 0.0203777 0.214098 0.00957029 0.00383839 0 0.00380115 0.0214911 0.558404 0.112209 0.02574 0.0139879 0.042542 0.03832 0.0139397 0.00819662 0.00832906 0.00917024 0.0122746 0.0161703 0.0210785 0.0103632 0.008573 0.00925198 0.00955049 0.00970558 0.00959247 0.00851351 0.00934121 0.00830758 0.00815048 0.00809021 0.00894165 0.009803 0.00933764 0.00854704 0.00808774 0.00848977 0.00889474 0.0089556 0.00851146 0.00801273 0.00811867 0.00827416 0.00819619 0.00802704 0.00823312 0.00854931 0.00858534 0.00830978 0.00832036 0.00859549 0.00844366 0.00825948 0.00829922 0.00844509 
0.0157127 0.0152785 0.0131849 0.0232028 0.0189137 0.0194181 0.0138169 0.0266143 0.0349801 0.0801898 0.0115014 0.0224669 0.00418024 0.00380115 0 0.0534378 0.03385 0.391663 0.157912 0.0348677 0.0195815 0.0248406 0.0351515 0.00944335 0.00953001 0.0158527 0.0119429 0.0156674 0.0177472 0.02043 0.00945226 0.00991337 0.0111329 0.0102384 0.00901844 0.00926622 0.0196961 0.0081897 0.00807976 0.00865055 0.0151971 0.00942431 0.00925376 0.00981075 0.00909959 0.00929667 0.0086444 0.00869408 0.00915323 0.0091277 0.00824844 0.00824056 0.00804569 0.00807289 0.00842553 0.00841711 0.00826066 0.00829782 0.00858644 0.00837081 0.0082752 0.00814482 0.00831673 0.00849774 
0.0118489 0.0113554 0.0111927 0.0146541 0.0183409 0.0164466 0.0131298 0.0156806 0.0216909 0.0217352 0.012807 0.017984 0.551283 0.0214911 0.0534378 0 0.00389525 0.00417728 0.00454849 0.637307 0.0214674 0.0347842 0.0285328 0.0103604 0.011145 0.0123358 0.0188303 0.0150287 0.0152481 0.0167253 0.00917655 0.0091327 0.00939648 0.00948838 0.0104828 0.0107578 0.00900163 0.00815624 0.0081342 0.0096633 0.00997104 0.00911093 0.00927436 0.0128212 0.0103128 0.00868035 0.00845631 0.00916273 0.00950133 0.00856936 0.00823839 0.00813127 0.00818948 0.00815965 0.00839953 0.00818028 0.00841352 0.00853804 0.00812283 0.008165 0.00824777 0.00837994 0.00833594 0.00849965 
0.0114742 0.0153063 0.0202405 0.00927621 0.00997578 0.0238849 0.0529466 0.0242321 0.0110222 0.0109994 0.0196707 0.0108177 0.0220541 0.558404 0.03385 0.00389525 0 0.0038184 0.00379672 0.0373575 0.708911 0.0284707 0.0167719 0.00829338 0.0082539 0.00997494 0.0210237 0.0727906 0.030938 0.0126548 0.00881063 0.0113398 0.0135776 0.013505 0.0117933 0.00873861 0.00832092 0.00847371 0.00830748 0.00819367 0.0090784 0.0129147 0.0103461 0.0090916 0.00810428 0.00836388 0.00905348 0.00942857 0.00854892 0.0079668 0.00807052 0.00841931 0.00825128 0.00801882 0.00816047 0.00859253 0.00856426 0.00825672 0.00818001 0.00836547 0.00831755 0.00820244 0.00821135 0.00830803 
0.0104899 0.0180727 0.0170059 0.0110596 0.0102622 0.0220878 0.0243898 0.0609315 0.0122732 0.0114974 0.0193286 0.0114446 0.0299259 0.112209 0.391663 0.00417728 0.0038184 0 0.00384764 0.044993 0.0488712 0.700094 0.0190349 0.00867689 0.00837916 0.0107614 0.0248662 0.0298994 0.0958893 0.0222675 0.00903606 0.0124808 0.012476 0.0187803 0.0139979 0.0090861 0.0088404 0.00852126 0.00828921 0.00818371 0.00999495 0.0108814 0.0119147 0.00910186 0.00814381 0.00879507 0.00898737 0.00958247 0.00890836 0.00824498 0.00809545 0.00837982 0.00816091 0.00797207 0.00824901 0.00856553 0.00857363 0.00827355 0.00821075 0.00839334 0.0082837 0.00809513 0.00817669 0.00819532 
0.0194782 0.00927572 0.0111903 0.0133183 0.0190317 0.0119145 0.0136702 0.0166397 0.0221907 0.0230816 0.00977058 0.016489 0.0335064 0.02574 0.157912 0.00454849 0.00379672 0.00384764 0 0.0245865 0.0374339 0.0394517 0.485222 0.0108137 0.0116538 0.0197648 0.0122402 0.0157454 0.0222746 0.0510564 0.0124651 0.00929623 0.00998257 0.0100411 0.00978957 0.011114 0.0120759 0.00815018 0.00822785 0.00870766 0.0124543 0.00953392 0.00932474 0.0114374 0.00924676 0.00971873 0.00861866 0.00888017 0.00952273 0.00857378 0.00852431 0.00814614 0.00797917 0.00807206 0.00854368 0.00836274 0.00829292 0.00846187 0.00828793 0.00825335 0.00814396 0.0080963 0.00825217 0.00824466 
0.0108295 0.00929307 0.00984702 0.0116455 0.0137802 0.0106726 0.010934 0.0116164 0.0157106 0.0140976 0.0102028 0.0150551 0.0334044 0.0139879 0.0348677 0.637307 0.0373575 0.044993 0.0245865 0 0.00472336 0.00382905 0.00497949 0.0182728 0.0133744 0.0364418 0.0296547 0.0206728 0.0200367 0.0218874 0.0130195 0.00974874 0.011408 0.0101393 0.010958 0.0126421 0.00957097 0.00812016 0.00843919 0.0110301 0.0119503 0.0101447 0.0106062 0.0168938 0.0121234 0.00885189 0.00852253 0.00924053 0.00983393 0.00835198 0.0083144 0.00800559 0.00820061 0.00813528 0.00825002 0.00812213 0.00844703 0.0088811 0.00800347 0.00801695 0.00817384 0.0083076 0.00816281 0.00838555 
0.00990386 0.0124359 0.0115598 0.00897053 0.00909816 0.0224572 0.0219882 0.0164536 0.00936381 0.0102199 0.0125152 0.00979133 0.0252594 0.042542 0.0195815 0.0214674 0.708911 0.0488712 0.0374339 0.00472336 0 0.00381523 0.00376595 0.0103638 0.00938502 0.0132391 0.0721707 0.103778 0.0349614 0.0149015 0.00984999 0.0213979 0.0156653 0.0230472 0.0141187 0.00933234 0.00845442 0.00894665 0.00843903 0.0082165 0.0124718 0.0144184 0.0123773 0.00994271 0.00839437 0.00894728 0.00954181 0.0102091 0.0088639 0.00800987 0.00810849 0.00871112 0.00839937 0.00800605 0.00825833 0.00875394 0.00880603 0.00822736 0.00812536 0.00833719 0.00828717 0.00809671 0.00809859 0.00817527 
0.0109823 0.00982761 0.0115368 0.00887955 0.00992014 0.0154584 0.0205404 0.0199274 0.00981548 0.0102115 0.0128627 0.00982601 0.0169422 0.03832 0.0248406 0.0347842 0.0284707 0.700094 0.0394517 0.00382905 0.00381523 0 0.00376644 0.00995307 0.00972674 0.01514 0.0415259 0.0479449 0.114398 0.0286635 0.0103197 0.0131484 0.0176937 0.0206304 0.0191013 0.00956287 0.00918965 0.00897275 0.00842258 0.00839554 0.0113855 0.0142954 0.0132438 0.00947985 0.00852187 0.0090287 0.00922712 0.0103159 0.00886134 0.0080142 0.00824677 0.00835018 0.00832798 0.00799527 0.00835458 0.00869823 0.00880406 0.00830737 0.00824147 0.00838416 0.00823101 0.00794875 0.00813599 0.00821556 
0.0115031 0.00926654 0.00905481 0.00956509 0.0108929 0.0109741 0.0104284 0.0113475 0.0107253 0.0126273 0.00977265 0.0106581 0.0190315 0.0139397 0.0351515 0.0285328 0.0167719 0.0190349 0.485222 0.00497949 0.00376595 0.00376644 0 0.0150779 0.0125607 0.0255463 0.0152648 0.0185871 0.0369929 0.0560345 0.0119425 0.0118549 0.0100726 0.0111751 0.010581 0.0121328 0.0112831 0.0084126 0.00827131 0.00879647 0.0126959 0.0100582 0.0104822 0.012044 0.00907 0.01043 0.00890777 0.00864889 0.00959128 0.00838305 0.0086249 0.00820912 0.00803645 0.00799413 0.00883307 0.0083347 0.0081897 0.00829197 0.00829431 0.00824935 0.00800699 0.00797348 0.00812047 0.00811205 
0.00817573 0.00788992 0.00785065 0.00826506 0.00879747 0.00790636 0.00786311 0.00807432 0.00843805 0.00893145 0.0081931 0.00887759 0.00895663 0.00819662 0.00944335 0.0103604 0.00829338 0.00867689 0.0108137 0.0182728 0.0103638 0.00995307 0.0150779 0 0.96175 0.0167557 0.0118115 0.00830618 0.0100791 0.0150144 0.0138325 0.00875345 0.00907971 0.00878058 0.0099727 0.0121469 0.011511 0.00847688 0.0082758 0.0111877 0.0105143 0.00853201 0.00856913 0.0107152 0.016251 0.00958267 0.00810024 0.00826218 0.00906937 0.0107083 0.00897832 0.00791491 0.00805123 0.00811424 0.00859509 0.00784378 0.00790353 0.00828286 0.00807379 0.00782516 0.00788114 0.00814851 0.00853 0.00811989 
0.00832145 0.00794192 0.00784213 0.00831684 0.00893636 0.00812648 0.00788275 0.00804203 0.0084896 0.00923933 0.00822435 0.00929435 0.00929735 0.00832906 0.00953001 0.011145 0.0082539 0.00837916 0.0116538 0.0133744 0.00938502 0.00972674 0.0125607 0.96175 0 0.0190296 0.0118392 0.00486901 0.0057189 0.00800672 0.0148649 0.0114789 0.00855519 0.00892072 0.0101581 0.0130001 0.0123058 0.00893547 0.00845895 0.0115854 0.0134804 0.00944488 0.00873507 0.0107388 0.0347534 0.0101838 0.00824932 0.00830399 0.00914753 0.0125962 0.00918749 0.00809201 0.00797056 0.00826444 0.008795 0.00789854 0.0078574 0.00851317 0.00826431 0.00784454 0.00793501 0.00809778 0.00874584 0.00849347 
0.00903851 0.00803439 0.00838675 0.00864709 0.00874017 0.00840522 0.00897481 0.00896913 0.00978567 0.00921624 0.00831589 0.00969916 0.0104935 0.00917024 0.0158527 0.0123358 0.00997494 0.0107614 0.0197648 0.0364418 0.0132391 0.01514 0.0255463 0.0167557 0.0190296 0 0.00447324 0.00380886 0.00394414 0.00456897 0.745446 0.0135276 0.0207939 0.0110047 0.0170218 0.0247415 0.0202869 0.00907354 0.010255 0.021741 0.0267638 0.0159689 0.0134929 0.0212131 0.013675 0.0129686 0.0109482 0.0111813 0.0157865 0.00908545 0.010296 0.0080264 0.00878476 0.00896106 0.00871978 0.00823505 0.00897778 0.00957691 0.00795217 0.00810162 0.00805578 0.00847857 0.00837467 0.00807764 
0.00841824 0.00901837 0.00912612 0.00846773 0.0083258 0.0110838 0.0105927 0.0102496 0.00884944 0.00846014 0.00873522 0.00876768 0.0129888 0.0122746 0.0119429 0.0188303 0.0210237 0.0248662 0.0122402 0.0296547 0.0721707 0.0415259 0.0152648 0.0118115 0.0118392 0.00447324 0 0.00384293 0.00382057 0.00402218 0.024067 0.803804 0.0209932 0.077203 0.0295988 0.0123256 0.0124317 0.0197248 0.0111863 0.0102639 0.158348 0.0568485 0.0386486 0.0160135 0.0106831 0.0174408 0.0222684 0.0286108 0.010982 0.0085127 0.00834007 0.0101901 0.00896303 0.0084064 0.00926291 0.0110275 0.0106433 0.00941124 0.00821534 0.0084344 0.00875868 0.00824395 0.00810338 0.00830969 
0.00981931 0.00941835 0.00941739 0.0084104 0.00877798 0.0127911 0.016521 0.0112169 0.00852128 0.00904123 0.00881656 0.00860062 0.0118837 0.0161703 0.0156674 0.0150287 0.0727906 0.0298994 0.0157454 0.0206728 0.103778 0.0479449 0.0185871 0.00830618 0.00486901 0.00380886 0.00384293 0 0.00388493 0.00380354 0.0674341 0.0368855 0.731452 0.0878103 0.0494927 0.0123532 0.0131038 0.0250625 0.0136641 0.0100551 0.035566 0.303446 0.0503466 0.0206398 0.00917019 0.0157031 0.0718771 0.0373795 0.016197 0.00826151 0.00905794 0.0105268 0.00944081 0.00837348 0.00980751 0.0159734 0.0158019 0.0103417 0.00829904 0.00889152 0.00854435 0.00816466 0.00814368 0.00816767 
0.00908061 0.00918795 0.00914727 0.0084461 0.00919503 0.0107769 0.0126764 0.0132479 0.00851595 0.00882107 0.00944207 0.00844711 0.0112409 0.0210785 0.0177472 0.0152481 0.030938 0.0958893 0.0222746 0.0200367 0.0349614 0.114398 0.0369929 0.0100791 0.0057189 0.00394414 0.00382057 0.00388493 0 0.00405356 0.0194688 0.0797331 0.050233 0.664526 0.14293 0.0497642 0.0118717 0.0131487 0.0227407 0.0130963 0.0314734 0.0738989 0.323041 0.0373161 0.0107401 0.017779 0.0370848 0.096034 0.0277406 0.0093222 0.00964448 0.0103067 0.00935192 0.00844834 0.0102458 0.013546 0.0200857 0.0105813 0.00855491 0.00851308 0.00845453 0.0080104 0.00808746 0.00819421 
0.00921051 0.00830755 0.00833865 0.00888854 0.00903413 0.00877283 0.00895292 0.00991559 0.00914502 0.00912374 0.00862463 0.00906045 0.0117449 0.0103632 0.02043 0.0167253 0.0126548 0.0222675 0.0510564 0.0218874 0.0149015 0.0286635 0.0560345 0.0150144 0.00800672 0.00456897 0.00402218 0.00380354 0.00405356 0 0.0236522 0.0206784 0.0399617 0.0295265 0.536153 0.147763 0.0151722 0.00993803 0.0119145 0.0245751 0.0307772 0.0185415 0.0622026 0.169313 0.0166674 0.0253393 0.0157722 0.0264203 0.0261307 0.0130261 0.0107875 0.00893239 0.00833849 0.00878236 0.0120281 0.00933379 0.0103656 0.0134536 0.00899508 0.00826811 0.00812726 0.00814124 0.00816172 0.00831825 
0.00877219 0.00795216 0.00819024 0.00824954 0.0085124 0.00801028 0.0084335 0.00832975 0.00842619 0.00847455 0.00812975 0.00851021 0.00936355 0.008573 0.00945226 0.00917655 0.00881063 0.00903606 0.0124651 0.0130195 0.00984999 0.0103197 0.0119425 0.0138325 0.0148649 0.745446 0.024067 0.0674341 0.0194688 0.0236522 0 0.00393967 0.00386001 0.00380171 0.00425905 0.00523906 0.0803597 0.00887628 0.0122895 0.0228286 0.0237497 0.0152116 0.0128593 0.024592 0.0147455 0.0143749 0.01112 0.0105181 0.0172642 0.00924904 0.0119238 0.0080784 0.0094328 0.00848474 0.00883805 0.00835184 0.00893513 0.0093907 0.0078497 0.00809588 0.00794079 0.00836109 0.0087359 0.00794193 
0.00813032 0.00868184 0.008409 0.00805736 0.00796916 0.00927678 0.00882182 0.00900338 0.00814769 0.00790646 0.00820899 0.00810155 0.00955865 0.00925198 0.00991337 0.0091327 0.0113398 0.0124808 0.00929623 0.00974874 0.0213979 0.0131484 0.0118549 0.00875345 0.0114789 0.0135276 0.803804 0.0368855 0.0797331 0.0206784 0.00393967 0 0.00381584 0.00383114 0.00436364 0.00383196 0.0129839 0.103612 0.0103476 0.0114979 0.03959 0.0308105 0.029093 0.0135545 0.0138331 0.0151982 0.021431 0.0284424 0.0100641 0.00900183 0.00820072 0.0130539 0.00842414 0.00854388 0.00876057 0.0110754 0.0108104 0.00937934 0.00828771 0.00821924 0.00878127 0.00807113 0.00793363 0.00831544 
0.00829918 0.00829094 0.00852479 0.00807935 0.00827576 0.00868645 0.00948578 0.00880555 0.00813241 0.00823015 0.00821229 0.0080719 0.00871999 0.00955049 0.0111329 0.00939648 0.0135776 0.012476 0.00998257 0.011408 0.0156653 0.0176937 0.0100726 0.00907971 0.00855519 0.0207939 0.0209932 0.731452 0.050233 0.0399617 0.00386001 0.00381584 0 0.00376177 0.00376361 0.00381793 0.21279 0.0149732 0.0524109 0.0102135 0.0251927 0.0723567 0.0249487 0.0145438 0.00873594 0.0144691 0.0439027 0.0241747 0.0164437 0.00816653 0.00923877 0.00895927 0.00992829 0.00813734 0.00985163 0.0121138 0.0137101 0.00968886 0.0080846 0.00877927 0.00830266 0.00822607 0.00822852 0.00809117 
0.00835054 0.0085683 0.00866474 0.00823395 0.00811399 0.00924955 0.00955769 0.00913381 0.00838476 0.00808262 0.00836749 0.00813973 0.00891784 0.00970558 0.0102384 0.00948838 0.013505 0.0187803 0.0100411 0.0101393 0.0230472 0.0206304 0.0111751 0.00878058 0.00892072 0.0110047 0.077203 0.0878103 0.664526 0.0295265 0.00380171 0.00383114 0.00376177 0 0.00377233 0.00377965 0.0110248 0.424329 0.0122618 0.0152982 0.0266707 0.0558419 0.0654576 0.0184553 0.0093895 0.0175342 0.048299 0.0686743 0.0152742 0.00845201 0.00856671 0.0131717 0.00948819 0.00869777 0.00929771 0.0141695 0.0200868 0.0100699 0.00852335 0.00844635 0.00864209 0.00818487 0.00802561 0.00813079 
0.00854396 0.00828452 0.00830994 0.00802767 0.0083119 0.00863777 0.00876251 0.00845096 0.00804838 0.00817362 0.00823409 0.008023 0.00892224 0.00959247 0.00901844 0.0104828 0.0117933 0.0139979 0.00978957 0.010958 0.0141187 0.0191013 0.010581 0.0099727 0.0101581 0.0170218 0.0295988 0.0494927 0.14293 0.536153 0.00425905 0.00436364 0.00376361 0.00377233 0 0.00404661 0.0230745 0.013292 0.394982 0.0159324 0.0192525 0.038976 0.0941441 0.0291894 0.0112324 0.0183003 0.0255909 0.0495865 0.0184117 0.00933232 0.00987091 0.0093015 0.00921968 0.00822411 0.00994322 0.0116348 0.0151629 0.00969562 0.00844643 0.00857511 0.00815009 0.00795917 0.00803514 0.00807181 
0.00845945 0.00806306 0.00806412 0.0081324 0.00831798 0.00808886 0.00828329 0.00815463 0.00815041 0.00855982 0.00803905 0.0082356 0.00902485 0.00851351 0.00926622 0.0107578 0.00873861 0.0090861 0.011114 0.0126421 0.00933234 0.00956287 0.0121328 0.0121469 0.0130001 0.0247415 0.0123256 0.0123532 0.0497642 0.147763 0.00523906 0.00383196 0.00381793 0.00377965 0.00404661 0 0.0137123 0.0117038 0.013162 0.475116 0.0192667 0.0144951 0.0202002 0.0529714 0.0170032 0.0170447 0.011578 0.0132628 0.0246564 0.0140298 0.0113813 0.0086693 0.00833339 0.00847555 0.0108163 0.00891003 0.00930299 0.0111388 0.00887957 0.00817022 0.00812407 0.00805544 0.00833544 0.00815556 
0.00835265 0.00794948 0.00819633 0.00848621 0.00852182 0.00805216 0.00831471 0.0081427 0.00837695 0.00847845 0.00815102 0.0117371 0.00852012 0.00934121 0.0196961 0.00900163 0.00832092 0.0088404 0.0120759 0.00957097 0.00845442 0.00918965 0.0112831 0.011511 0.0123058 0.0202869 0.0124317 0.0131038 0.0118717 0.0151722 0.0803597 0.0129839 0.21279 0.0110248 0.0230745 0.0137123 0 0.00544848 0.00387636 0.00674192 0.0216975 0.0120429 0.0141691 0.0404033 0.0226134 0.0187426 0.0109051 0.0112743 0.0209669 0.0107961 0.0102612 0.00850693 0.00997868 0.00940654 0.00907794 0.00882467 0.00886425 0.0108763 0.00793518 0.00815966 0.0080531 0.00918662 0.0104385 0.00841086 
0.00808974 0.00824673 0.00820098 0.00800055 0.00796205 0.00822621 0.00832898 0.00825565 0.00792505 0.00792781 0.00809257 0.00798269 0.00809659 0.00830758 0.0081897 0.00815624 0.00847371 0.00852126 0.00815018 0.00812016 0.00894665 0.00897275 0.0084126 0.00847688 0.00893547 0.00907354 0.0197248 0.0250625 0.0131487 0.00993803 0.00887628 0.103612 0.0149732 0.424329 0.013292 0.0117038 0.00544848 0 0.00399757 0.00380352 0.0145251 0.0405616 0.0328333 0.0121521 0.0121112 0.011267 0.015037 0.015298 0.00921135 0.00861936 0.00833523 0.00972257 0.00871733 0.00818892 0.00843876 0.00925548 0.00946162 0.00857868 0.00802364 0.00809283 0.00822948 0.00799362 0.00799406 0.00818506 
0.00811694 0.00802256 0.00811095 0.00790806 0.00796351 0.00805839 0.00824457 0.00816874 0.0079725 0.00791933 0.0080135 0.0078989 0.00795122 0.00815048 0.00807976 0.0081342 0.00830748 0.00828921 0.00822785 0.00843919 0.00843903 0.00842258 0.00827131 0.0082758 0.00845895 0.010255 0.0111863 0.0136641 0.0227407 0.0119145 0.0122895 0.0103476 0.0524109 0.0122618 0.394982 0.013162 0.00387636 0.00399757 0 0.00379805 0.0111782 0.0624043 0.048766 0.0170177 0.00978369 0.0101998 0.0139578 0.0160428 0.0107256 0.00846011 0.00885338 0.00875347 0.00858855 0.00807371 0.00846232 0.00884946 0.00952192 0.00855041 0.00790275 0.00822663 0.00805676 0.00798354 0.00797989 0.00795089 
0.00820793 0.00796967 0.00795799 0.00800329 0.00822082 0.00802442 0.00810727 0.00803235 0.00799075 0.0084078 0.00794677 0.00803303 0.00835122 0.00809021 0.00865055 0.0096633 0.00819367 0.00818371 0.00870766 0.0110301 0.0082165 0.00839554 0.00879647 0.0111877 0.0115854 0.021741 0.0102639 0.0100551 0.0130963 0.0245751 0.0228286 0.0114979 0.0102135 0.0152982 0.0159324 0.475116 0.00674192 0.00380352 0.00379805 0 0.0358591 0.0216489 0.0232027 0.0531871 0.0209839 0.019549 0.0110789 0.0110053 0.0178361 0.0140003 0.0138778 0.00875833 0.00846574 0.0083269 0.0127706 0.00913561 0.00895372 0.0102812 0.00934422 0.00815227 0.00794507 0.00802967 0.00852204 0.00799568 
0.00850194 0.00836137 0.00844372 0.00869994 0.00830186 0.00859351 0.00881698 0.008798 0.0086973 0.00812521 0.00822832 0.00859773 0.00961514 0.00894165 0.0151971 0.00997104 0.0090784 0.00999495 0.0124543 0.0119503 0.0124718 0.0113855 0.0126959 0.0105143 0.0134804 0.0267638 0.158348 0.035566 0.0314734 0.0307772 0.0237497 0.03959 0.0251927 0.0266707 0.0192525 0.0192667 0.0216975 0.0145251 0.0111782 0.0358591 0 0.00393098 0.00386496 0.0042335 0.0513431 0.51354 0.0333683 0.0361996 0.0262128 0.0194104 0.020133 0.0186617 0.01109 0.0168015 0.0354792 0.0231149 0.0172739 0.0405821 0.0101835 0.00855623 0.00965444 0.0104394 0.00842805 0.00973984 
0.00847546 0.0085332 0.00857079 0.00858637 0.00820333 0.0087818 0.00996034 0.0088832 0.00827953 0.00814623 0.00836725 0.00808943 0.0087031 0.009803 0.00942431 0.00911093 0.0129147 0.0108814 0.00953392 0.0101447 0.0144184 0.0142954 0.0100582 0.00853201 0.00944488 0.0159689 0.0568485 0.303446 0.0738989 0.0185415 0.0152116 0.0308105 0.0723567 0.0558419 0.038976 0.0144951 0.0120429 0.0405616 0.0624043 0.0216489 0.00393098 0 0.00386674 0.00380556 0.0333401 0.0632392 0.691643 0.0588521 0.0281293 0.00992583 0.0135851 0.0207123 0.0398091 0.00959167 0.0154899 0.0569116 0.0538005 0.0131055 0.0090683 0.0110476 0.00991575 0.00848013 0.00842902 0.00827294 
0.00845193 0.00841976 0.00853201 0.00829239 0.00831606 0.00859376 0.00912075 0.00879857 0.00822046 0.00813926 0.00831151 0.00809168 0.00869827 0.00933764 0.00925376 0.00927436 0.0103461 0.0119147 0.00932474 0.0106062 0.0123773 0.0132438 0.0104822 0.00856913 0.00873507 0.0134929 0.0386486 0.0503466 0.323041 0.0622026 0.0128593 0.029093 0.0249487 0.0654576 0.0941441 0.0202002 0.0141691 0.0328333 0.048766 0.0232027 0.00386496 0.00386674 0 0.0041144 0.0217093 0.0442758 0.0762466 0.742371 0.0461959 0.0144554 0.0122264 0.0277674 0.0183257 0.0131467 0.0138099 0.036664 0.0876105 0.035441 0.010065 0.00989934 0.0108045 0.00838465 0.00829089 0.00849814 
0.00844266 0.00821499 0.00820154 0.00842512 0.00841886 0.00827509 0.00843486 0.00852 0.00815475 0.00850672 0.00813112 0.00822516 0.00928112 0.00854704 0.00981075 0.0128212 0.0090916 0.00910186 0.0114374 0.0168938 0.00994271 0.00947985 0.012044 0.0107152 0.0107388 0.0212131 0.0160135 0.0206398 0.0373161 0.169313 0.024592 0.0135545 0.0145438 0.0184553 0.0291894 0.0529714 0.0404033 0.0121521 0.0170177 0.0531871 0.0042335 0.00380556 0.0041144 0 0.0616066 0.0350376 0.0405894 0.0841975 0.579058 0.0191015 0.0296932 0.0113816 0.0114031 0.0154881 0.0272826 0.0141811 0.0306537 0.0558895 0.0190395 0.00953376 0.00871566 0.00937561 0.00909665 0.00840011 
0.00860932 0.00835758 0.00807411 0.00841353 0.0088569 0.00824707 0.00803079 0.00821398 0.0083745 0.00902756 0.00806181 0.00896059 0.00952476 0.00808774 0.00909959 0.0103128 0.00810428 0.00814381 0.00924676 0.0121234 0.00839437 0.00852187 0.00907 0.016251 0.0347534 0.013675 0.0106831 0.00917019 0.0107401 0.0166674 0.0147455 0.0138331 0.00873594 0.0093895 0.0112324 0.0170032 0.0226134 0.0121112 0.00978369 0.0209839 0.0513431 0.0333401 0.0217093 0.0616066 0 0.0571407 0.0138965 0.0264216 0.0183519 0.398792 0.0179848 0.01697 0.0094867 0.0182274 0.0181513 0.0102163 0.010259 0.0163899 0.0154238 0.00848973 0.00891911 0.0088857 0.0109083 0.0114546 
0.00851125 0.00851521 0.00844939 0.00875913 0.00829321 0.00842217 0.00849091 0.00862695 0.00871091 0.00800706 0.00818784 0.00859979 0.00858295 0.00848977 0.00929667 0.00868035 0.00836388 0.00879507 0.00971873 0.00885189 0.00894728 0.0090287 0.01043 0.00958267 0.0101838 0.0129686 0.0174408 0.0157031 0.017779 0.0253393 0.0143749 0.0151982 0.0144691 0.0175342 0.0183003 0.0170447 0.0187426 0.011267 0.0101998 0.019549 0.51354 0.0632392 0.0442758 0.0350376 0.0571407 0 0.00432731 0.00394452 0.00453256 0.0236377 0.0622069 0.0195456 0.0137485 0.0227781 0.0636183 0.0221154 0.0192872 0.0321485 0.013182 0.00936594 0.0107728 0.012298 0.0093569 0.0104808 
0.00849075 0.00848289 0.00856154 0.00856099 0.00824941 0.00857982 0.00938378 0.00871605 0.00826188 0.00808364 0.00829507 0.00805363 0.00841369 0.00889474 0.0086444 0.00845631 0.00905348 0.00898737 0.00861866 0.00852253 0.00954181 0.00922712 0.00890777 0.00810024 0.00824932 0.0109482 0.0222684 0.0718771 0.0370848 0.0157722 0.01112 0.021431 0.0439027 0.048299 0.0255909 0.011578 0.0109051 0.015037 0.0139578 0.0110789 0.0333683 0.691643 0.0762466 0.0405894 0.0138965 0.00432731 0 0.00383921 0.00382467 0.0102313 0.0466185 0.0841237 0.0360399 0.0109025 0.022083 0.0930225 0.0649405 0.014504 0.0116291 0.0138109 0.0116125 0.00882624 0.00901003 0.00861393 
0.00852238 0.0085036 0.00851512 0.00846056 0.00833395 0.00862039 0.0092835 0.00870844 0.00811624 0.00824635 0.00826227 0.00806769 0.00883482 0.0089556 0.00869408 0.00916273 0.00942857 0.00958247 0.00888017 0.00924053 0.0102091 0.0103159 0.00864889 0.00826218 0.00830399 0.0111813 0.0286108 0.0373795 0.096034 0.0264203 0.0105181 0.0284424 0.0241747 0.0686743 0.0495865 0.0132628 0.0112743 0.015298 0.0160428 0.0110053 0.0361996 0.0588521 0.742371 0.0841975 0.0264216 0.00394452 0.00383921 0 0.00389998 0.0338312 0.0176319 0.0756517 0.0752517 0.0215802 0.018106 0.0549209 0.1523 0.0530852 0.0158629 0.0116437 0.0209181 0.00917528 0.00905928 0.00972158 
0.00857535 0.00829797 0.00834375 0.00851071 0.00848528 0.00834461 0.00868264 0.00846993 0.00816769 0.00844118 0.0081095 0.00826105 0.00869015 0.00851146 0.00915323 0.00950133 0.00854892 0.00890836 0.00952273 0.00983393 0.0088639 0.00886134 0.00959128 0.00906937 0.00914753 0.0157865 0.010982 0.016197 0.0277406 0.0261307 0.0172642 0.0100641 0.0164437 0.0152742 0.0184117 0.0246564 0.0209669 0.00921135 0.0107256 0.0178361 0.0262128 0.0281293 0.0461959 0.579058 0.0183519 0.00453256 0.00382467 0.00389998 0 0.0225892 0.0330939 0.0180895 0.0409879 0.0462935 0.0344415 0.0194396 0.0499837 0.125315 0.0148479 0.0116989 0.0101683 0.0114179 0.0101092 0.00907212 
0.00844303 0.00863485 0.00819133 0.0085959 0.00831262 0.00827698 0.00818813 0.00824686 0.00837309 0.00823038 0.00800936 0.0087729 0.00852262 0.00801273 0.0091277 0.00856936 0.0079668 0.00824498 0.00857378 0.00835198 0.00800987 0.0080142 0.00838305 0.0107083 0.0125962 0.00908545 0.0085127 0.00826151 0.0093222 0.0130261 0.00924904 0.00900183 0.00816653 0.00845201 0.00933232 0.0140298 0.0107961 0.00861936 0.00846011 0.0140003 0.0194104 0.00992583 0.0144554 0.0191015 0.398792 0.0236377 0.0102313 0.0338312 0.0225892 0 0.0254616 0.014584 0.010147 0.0196949 0.0126698 0.00955636 0.0110614 0.0299108 0.0152717 0.00823989 0.00912834 0.00963911 0.0112204 0.0130566 
0.00834626 0.00821201 0.00825837 0.0084231 0.00818472 0.0082667 0.00824527 0.00821677 0.00821666 0.00799716 0.00809872 0.008173 0.00801812 0.00811867 0.00824844 0.00823839 0.00807052 0.00809545 0.00852431 0.0083144 0.00810849 0.00824677 0.0086249 0.00897832 0.00918749 0.010296 0.00834007 0.00905794 0.00964448 0.0107875 0.0119238 0.00820072 0.00923877 0.00856671 0.00987091 0.0113813 0.0102612 0.00833523 0.00885338 0.0138778 0.020133 0.0135851 0.0122264 0.0296932 0.0179848 0.0622069 0.0466185 0.0176319 0.0330939 0.0254616 0 0.00382482 0.00399932 0.00408723 0.00461925 0.00559351 0.00842155 0.947674 0.010057 0.00940572 0.00920657 0.0142 0.0108043 0.00951409 
0.0083915 0.00861662 0.00829868 0.00839001 0.00818783 0.00858757 0.00856066 0.00841383 0.00821816 0.00803429 0.00816738 0.00817237 0.00830314 0.00827416 0.00824056 0.00813127 0.00841931 0.00837982 0.00814614 0.00800559 0.00871112 0.00835018 0.00820912 0.00791491 0.00809201 0.0080264 0.0101901 0.0105268 0.0103067 0.00893239 0.0080784 0.0130539 0.00895927 0.0131717 0.0093015 0.0086693 0.00850693 0.00972257 0.00875347 0.00875833 0.0186617 0.0207123 0.0277674 0.0113816 0.01697 0.0195456 0.0841237 0.0756517 0.0180895 0.014584 0.00382482 0 0.00384782 0.00386677 0.0047048 0.00819669 0.974286 0.00934303 0.0109586 0.00931323 0.0167577 0.00913572 0.00854999 0.0103431 
0.00857174 0.00837007 0.00831022 0.00823184 0.00825027 0.00831688 0.00840854 0.008321 0.00803348 0.00817498 0.00803047 0.00798005 0.00813819 0.00819619 0.00804569 0.00818948 0.00825128 0.00816091 0.00797917 0.00820061 0.00839937 0.00832798 0.00803645 0.00805123 0.00797056 0.00878476 0.00896303 0.00944081 0.00935192 0.00833849 0.0094328 0.00842414 0.00992829 0.00948819 0.00921968 0.00833339 0.00997868 0.00871733 0.00858855 0.00846574 0.01109 0.0398091 0.0183257 0.0114031 0.0094867 0.0137485 0.0360399 0.0752517 0.0409879 0.010147 0.00399932 0.00384782 0 0.003815 0.00492543 0.991125 0.00579754 0.0055959 0.010435 0.0188887 0.00906638 0.00863651 0.00933428 0.008455 
0.00834543 0.00834429 0.00818483 0.00822212 0.00818461 0.0082815 0.00825481 0.00820907 0.00809016 0.00808514 0.00797721 0.00801381 0.00823386 0.00802704 0.00807289 0.00815965 0.00801882 0.00797207 0.00807206 0.00813528 0.00800605 0.00799527 0.00799413 0.00811424 0.00826444 0.00896106 0.0084064 0.00837348 0.00844834 0.00878236 0.00848474 0.00854388 0.00813734 0.00869777 0.00822411 0.00847555 0.00940654 0.00818892 0.00807371 0.0083269 0.0168015 0.00959167 0.0131467 0.0154881 0.0182274 0.0227781 0.0109025 0.0215802 0.0462935 0.0196949 0.00408723 0.00386677 0.003815 0 0.987503 0.00499793 0.00424131 0.0113979 0.0158599 0.00860358 0.00892489 0.00860753 0.00890004 0.00975162 
0.00829322 0.00831068 0.00822581 0.00843536 0.0081699 0.00825936 0.00823204 0.00827963 0.00833587 0.00797419 0.0081372 0.00819947 0.00836579 0.00823312 0.00842553 0.00839953 0.00816047 0.00824901 0.00854368 0.00825002 0.00825833 0.00835458 0.00883307 0.00859509 0.008795 0.00871978 0.00926291 0.00980751 0.0102458 0.0120281 0.00883805 0.00876057 0.00985163 0.00929771 0.00994322 0.0108163 0.00907794 0.00843876 0.00846232 0.0127706 0.0354792 0.0154899 0.0138099 0.0272826 0.0181513 0.0636183 0.022083 0.018106 0.0344415 0.0126698 0.00461925 0.0047048 0.00492543 0.987503 0 0.00384153 0.00380406 0.00598291 0.0414743 0.0104774 0.0108239 0.0146415 0.0107419 0.0104402 
0.0084714 0.00842495 0.00845143 0.00848228 0.0081821 0.00850828 0.00890066 0.00856119 0.0082438 0.00801902 0.00822231 0.00804805 0.00822856 0.00854931 0.00841711 0.00818028 0.00859253 0.00856553 0.00836274 0.00812213 0.00875394 0.00869823 0.0083347 0.00784378 0.00789854 0.00823505 0.0110275 0.0159734 0.013546 0.00933379 0.00835184 0.0110754 0.0121138 0.0141695 0.0116348 0.00891003 0.00882467 0.00925548 0.00884946 0.00913561 0.0231149 0.0569116 0.036664 0.0141811 0.0102163 0.0221154 0.0930225 0.0549209 0.0194396 0.00955636 0.00559351 0.00819669 0.991125 0.00499793 0.00384153 0 0.00387702 0.00379341 0.0261484 0.0441469 0.0228519 0.00973294 0.00968391 0.00905641 
0.00843498 0.00849075 0.00843284 0.00843412 0.00813932 0.00854368 0.00889279 0.0084885 0.00817068 0.00811009 0.0081841 0.00801883 0.00824282 0.00858534 0.00826066 0.00841352 0.00856426 0.00857363 0.00829292 0.00844703 0.00880603 0.00880406 0.0081897 0.00790353 0.0078574 0.00897778 0.0106433 0.0158019 0.0200857 0.0103656 0.00893513 0.0108104 0.0137101 0.0200868 0.0151629 0.00930299 0.00886425 0.00946162 0.00952192 0.00895372 0.0172739 0.0538005 0.0876105 0.0306537 0.010259 0.0192872 0.0649405 0.1523 0.0499837 0.0110614 0.00842155 0.974286 0.00579754 0.00424131 0.00380406 0.00387702 0 0.00391514 0.0197012 0.0426564 0.0917789 0.0136278 0.0119392 0.00951538 
