1Q9UB
AMFHYTVDVSTGMNETIERLEESLKQEGFGVLWQFSVTEKLQEKGLDFSTPMVILEVXNPQEAARVLNENLLVGYFLPXKLVVYQENGTTKIGMPKPTMLVGMMNDPALKEIAADIEKRLAACLDRCR
CCCEEEEEECCCHHHHHHHHHHHHHHCCCEEEEEEEHHHHHHCCCCCCCCCEEEEEEECHHHHHHHHCCCHHHHHHCCEEEEEEEECCEEEEEEECHHHHHHCCCCHHHHHHHHHHHHHHHHHHHCCC
0 0 0 0 0 0 0 0 0 0 0 0 0 0 0 0 0 0 0 0 0 0 0 0 0 0 0 0 0 0 0 0 0 0 0 0 0 0 0 0 0 0 0 0 0 0 0 0 0 0 0 0 0 0 0 0 0 0 0 0 0 0 0 0 0 0 0 0 0 0 0 0 0 0 0 0 0 0 0 0 0 0 0 0 0 0 0 0 0 0 0 0 0 0 0 0 0 0 0 0 0 0 0 0 0 0 0 0 0 0 0 0 0 0 0 0 0 0 0 0 0 0 0 0 0 0 0 0 
0 0 0 0 0 0 0 0 0 0 0 0 0 0 0 0 0 0 0 0 0 0 0 0 0 0 0 0 0 0 0 0 0 0 0 0 0 0 0 0 0 0 0 0 0 0 0 0 0 0 0 0 0 0 0 0 0 0 0 0 0 0 0 0 0 0 0 0 0 0 0 0 0 0 0 0 0 0 0 0 0 0 0 0 0 0 0 0 0 0 0 0 0 0 0 0 0 0 0 0 0 0 0 0 0 0 0 0 0 0 0 0 0 0 0 0 0 0 0 0 0 0 0 0 0 0 0 0 
0 0.00420498 0.00392564 0.00397741 0.00458281 0.00561674 0.0518358 0.0103482 0.0101495 0.00921362 0.0107572 0.0105034 0.0649644 0.0139363 0.0106965 0.0116712 0.0104227 0.0112853 0.0113997 0.0303622 0.00914924 0.00927644 0.00994347 0.0100734 0.00872202 0.0087314 0.00828618 0.0099858 0.00841466 0.00816417 0.00856301 0.00854589 0.00986937 0.00846202 0.0130186 
0.00420498 0 0.00387641 0.00392368 0.00394154 0.00387373 0.0101501 0.0328711 0.00924123 0.014816 0.00891587 0.0499543 0.00870522 0.0113452 0.018482 0.0154178 0.0225481 0.0124456 0.0228964 0.0095857 0.00972136 0.00958648 0.0177992 0.012131 0.0147401 0.00896253 0.00878692 0.00815731 0.00800933 0.00945781 0.0085544 0.0132785 0.00958622 0.0116464 0.00858558 
0.00392564 0.00387641 0 0.00378902 0.00394038 0.00375967 0.0390927 0.0102601 0.0338568 0.0103629 0.0914325 0.00831235 0.0116939 0.00911393 0.0144854 0.0265274 0.0156909 0.053409 0.00951161 0.00991119 0.0085344 0.0135951 0.0104653 0.0294599 0.0121375 0.0105071 0.00824535 0.00801067 0.00848268 0.00812244 0.0192886 0.00982997 0.0258335 0.00885906 0.00846371 
0.00397741 0.00392368 0.00378902 0 0.00374146 0.00402881 0.0106747 0.0387745 0.0115083 0.117792 0.00886423 0.0265835 0.0081835 0.0136032 0.0121641 0.0300282 0.060547 0.0120279 0.0135928 0.00949611 0.0107777 0.00874135 0.0549509 0.0114084 0.0183835 0.00984896 0.00825592 0.00809825 0.00795728 0.0116427 0.00874781 0.0383191 0.0101009 0.00993891 0.00848419 
0.00458281 0.00394154 0.00394038 0.00374146 0 0.00378493 0.0253434 0.0104217 0.0574809 0.00943523 0.0641449 0.00994226 0.0282037 0.00978225 0.0194088 0.0171412 0.0106166 0.0297234 0.0112272 0.0101435 0.00875655 0.0230411 0.0092165 0.0169392 0.00970702 0.0087835 0.00838476 0.00809254 0.00997051 0.00865986 0.0224452 0.0089092 0.0141102 0.0092868 0.00861842 
0.00561674 0.00387373 0.00375967 0.00402881 0.00378493 0 0.0137789 0.0307692 0.00905473 0.023395 0.00853205 0.0332332 0.020077 0.022866 0.0114829 0.0106785 0.0150362 0.00966732 0.0137706 0.0127903 0.0311279 0.00880508 0.0123134 0.0092389 0.0092336 0.00894034 0.00822069 0.00844313 0.00982148 0.0124002 0.00852164 0.0108808 0.00894069 0.00962932 0.00938204 
0.0518358 0.0101501 0.0390927 0.0106747 0.0253434 0.0137789 0 0.00379479 0.00411696 0.00386361 0.00905822 0.00404539 0.0100749 0.0245328 0.0158946 0.0110701 0.0104807 0.0121439 0.0128537 0.0704517 0.0106759 0.0124606 0.0099281 0.0117677 0.0103941 0.00910488 0.00956944 0.0113388 0.0108603 0.00880525 0.00951265 0.00880498 0.00965594 0.00864923 0.0169305 
0.0103482 0.0328711 0.0102601 0.0387745 0.0104217 0.0307692 0.00379479 0 0.00376989 0.00376926 0.00378123 0.00425094 0.00392581 0.0116504 0.0309092 0.0140066 0.0182201 0.0112185 0.0484214 0.0145235 0.0126316 0.011275 0.0224339 0.013451 0.0130708 0.00994801 0.00917455 0.00830831 0.00833146 0.0104943 0.0092886 0.0150406 0.00954301 0.01604 0.00911731 
0.0101495 0.00924123 0.0338568 0.0115083 0.0574809 0.00905473 0.00411696 0.00376989 0 0.0037487 0.00376747 0.0037464 0.00390076 0.00884361 0.011126 0.0273317 0.0143045 0.0298711 0.0134159 0.00925983 0.00890659 0.0143572 0.0122934 0.0285603 0.0135909 0.0110056 0.00847264 0.00822631 0.00850288 0.00854795 0.0159038 0.0102433 0.0270505 0.00910583 0.00881816 
0.00921362 0.014816 0.0103629 0.117792 0.00943523 0.023395 0.00386361 0.00376926 0.0037487 0 0.00374376 0.00377053 0.00377223 0.0106792 0.0139394 0.0248859 0.0451711 0.0395549 0.0141842 0.00968348 0.0128682 0.0105748 0.051119 0.0181278 0.0246894 0.0116604 0.00894705 0.008366 0.0082598 0.0118892 0.00993716 0.0577424 0.0113371 0.0129196 0.00949292 
0.0107572 0.00891587 0.0914325 0.00886423 0.0641449 0.00853205 0.00905822 0.00378123 0.00376747 0.00374376 0 0.00374179 0.00389343 0.00973385 0.0224815 0.0382558 0.0505824 0.0332231 0.011033 0.00999818 0.00900597 0.0308915 0.0124085 0.0400225 0.0134021 0.011792 0.00916823 0.00817185 0.00942578 0.00847696 0.0464517 0.0100443 0.0373563 0.00941118 0.00909876 
0.0105034 0.0499543 0.00831235 0.0265835 0.00994226 0.0332332 0.00404539 0.00425094 0.0037464 0.00377053 0.00374179 0 0.00375376 0.012988 0.0245038 0.0525629 0.0194983 0.0109285 0.0242137 0.00889956 0.0181812 0.00970344 0.0239412 0.0107056 0.0119628 0.0101212 0.00879882 0.00860866 0.00861245 0.017233 0.00893382 0.0206733 0.00923987 0.0142892 0.00940392 
0.0649644 0.00870522 0.0116939 0.0081835 0.0282037 0.020077 0.0100749 0.00392581 0.00390076 0.00377223 0.00389343 0.00375376 0 0.0169819 0.0406602 0.00895874 0.00842717 0.0122819 0.00941845 0.0173613 0.0134623 0.0153124 0.00996933 0.0128514 0.0105309 0.00914484 0.0090324 0.00902956 0.025002 0.00927 0.0165418 0.00920198 0.0140989 0.00944551 0.0109577 
0.0139363 0.0113452 0.00911393 0.0136032 0.00978225 0.022866 0.0245328 0.0116504 0.00884361 0.0106792 0.00973385 0.012988 0.0169819 0 0.00391786 0.00378455 0.00385664 0.00384857 0.00384031 0.00582757 0.0719795 0.0248059 0.0232164 0.0142395 0.0122944 0.0259303 0.00962683 0.0142064 0.0133997 0.0177786 0.0114869 0.0139598 0.0112164 0.012037 0.0249335 
0.0106965 0.018482 0.0144854 0.0121641 0.0194088 0.0114829 0.0158946 0.0309092 0.011126 0.0139394 0.0224815 0.0245038 0.0406602 0.00391786 0 0.00380423 0.00381134 0.0037724 0.00440766 0.00410401 0.0902983 0.0896557 0.076412 0.0431997 0.0687922 0.0142952 0.014096 0.00944672 0.0111262 0.027696 0.0349405 0.0285957 0.0358839 0.0371713 0.0130999 
0.0116712 0.0154178 0.0265274 0.0300282 0.0171412 0.0106785 0.0110701 0.0140066 0.0273317 0.0248859 0.0382558 0.0525629 0.00895874 0.00378455 0.00380423 0 0.00378529 0.0038284 0.00380603 0.00379317 0.0433876 0.0992067 0.0685363 0.249686 0.0495581 0.0419807 0.0117005 0.00909208 0.0101677 0.0154818 0.0572075 0.0563199 0.122997 0.0327701 0.0112005 
0.0104227 0.0225481 0.0156909 0.060547 0.0106166 0.0150362 0.0104807 0.0182201 0.0143045 0.0451711 0.0505824 0.0194983 0.00842717 0.00385664 0.00381134 0.00378529 0 0.00377061 0.00378419 0.00377896 0.0348736 0.0283879 0.312361 0.059731 0.113511 0.033174 0.0125561 0.00901441 0.00938652 0.0225515 0.0221056 0.179135 0.040889 0.033813 0.0127802 
0.0112853 0.0124456 0.053409 0.0120279 0.0297234 0.00966732 0.0121439 0.0112185 0.0298711 0.0395549 0.0332231 0.0109285 0.0122819 0.00384857 0.0037724 0.0038284 0.00377061 0 0.0038201 0.00375649 0.0189972 0.257666 0.0479778 0.177006 0.0445833 0.0416352 0.0105041 0.00930196 0.010675 0.0111163 0.10098 0.0292119 0.133384 0.0261986 0.0124604 
0.0113997 0.0228964 0.00951161 0.0135928 0.0112272 0.0137706 0.0128537 0.0484214 0.0134159 0.0141842 0.011033 0.0242137 0.00941845 0.00384031 0.00440766 0.00380603 0.00378419 0.0038201 0 0.00383226 0.0528396 0.0299723 0.0692772 0.0330792 0.0572919 0.0236626 0.0221993 0.00910104 0.0100265 0.0352771 0.0152542 0.037833 0.020754 0.107955 0.0122071 
0.0303622 0.0095857 0.00991119 0.00949611 0.0101435 0.0127903 0.0704517 0.0145235 0.00925983 0.00968348 0.00999818 0.00889956 0.0173613 0.00582757 0.00410401 0.00379317 0.00377896 0.00375649 0.00383226 0 0.030403 0.0206068 0.0153845 0.0280294 0.0198503 0.017603 0.0148104 0.0175359 0.0246252 0.0122293 0.0149827 0.0114874 0.0156801 0.0149264 0.0326008 
0.00914924 0.00972136 0.0085344 0.0107777 0.00875655 0.0311279 0.0106759 0.0126316 0.00890659 0.0128682 0.00900597 0.0181812 0.0134623 0.0719795 0.0902983 0.0433876 0.0348736 0.0189972 0.0528396 0.030403 0 0.00383897 0.00383186 0.0038374 0.00385552 0.00390245 0.00389941 0.00457942 0.00611219 0.00818685 0.00777263 0.00948707 0.00821076 0.00966356 0.140918 
0.00927644 0.00958648 0.0135951 0.00874135 0.0230411 0.00880508 0.0124606 0.011275 0.0143572 0.0105748 0.0308915 0.00970344 0.0153124 0.0248059 0.0896557 0.0992067 0.0283879 0.257666 0.0299723 0.0206068 0.00383897 0 0.00388973 0.00380836 0.00378983 0.00383684 0.00442782 0.00389833 0.00576619 0.00675499 0.0117213 0.00780776 0.0165418 0.109704 0.414529 
0.00994347 0.0177992 0.0104653 0.0549509 0.0092165 0.0123134 0.0099281 0.0224339 0.0122934 0.051119 0.0124085 0.0239412 0.00996933 0.0232164 0.076412 0.0685363 0.312361 0.0479778 0.0692772 0.0153845 0.00383186 0.00388973 0 0.00376855 0.003768 0.00373519 0.00392549 0.00379504 0.00454632 0.00916164 0.00749791 0.0233157 0.0391017 0.664733 0.0356307 
0.0100734 0.012131 0.0294599 0.0114084 0.0169392 0.0092389 0.0117677 0.013451 0.0285603 0.0181278 0.0400225 0.0107056 0.0128514 0.0142395 0.0431997 0.249686 0.059731 0.177006 0.0330792 0.0280294 0.0038374 0.00380836 0.00376855 0 0.00376605 0.00377236 0.00377167 0.00387935 0.00440623 0.00588183 0.0176932 0.0306353 0.940732 0.0416422 0.00856924 
0.00872202 0.0147401 0.0121375 0.0183835 0.00970702 0.0092336 0.0103941 0.0130708 0.0135909 0.0246894 0.0134021 0.0119628 0.0105309 0.0122944 0.0687922 0.0495581 0.113511 0.0445833 0.0572919 0.0198503 0.00385552 0.00378983 0.003768 0.00376605 0 0.00380475 0.00377004 0.00375888 0.00407352 0.00768213 0.0234116 0.946507 0.0247175 0.0113629 0.00725955 
0.0087314 0.00896253 0.0105071 0.00984896 0.0087835 0.00894034 0.00910488 0.00994801 0.0110056 0.0116604 0.011792 0.0101212 0.00914484 0.0259303 0.0142952 0.0419807 0.033174 0.0416352 0.0236626 0.017603 0.00390245 0.00383684 0.00373519 0.00377236 0.00380475 0 0.00376272 0.00377066 0.00540013 0.0130702 0.964871 0.0169983 0.0200909 0.00726026 0.00666816 
0.00828618 0.00878692 0.00824535 0.00825592 0.00838476 0.00822069 0.00956944 0.00917455 0.00847264 0.00894705 0.00916823 0.00879882 0.0090324 0.00962683 0.014096 0.0117005 0.0125561 0.0105041 0.0221993 0.0148104 0.00389941 0.00442782 0.00392549 0.00377167 0.00377004 0.00376272 0 0.00411511 0.00637734 0.998288 0.00771992 0.0090729 0.00532147 0.00648287 0.00516326 
0.0099858 0.00815731 0.00801067 0.00809825 0.00809254 0.00844313 0.0113388 0.00830831 0.00822631 0.008366 0.00817185 0.00860866 0.00902956 0.0142064 0.00944672 0.00909208 0.00901441 0.00930196 0.00910104 0.0175359 0.00457942 0.00389833 0.00379504 0.00387935 0.00375888 0.00377066 0.00411511 0 0.995891 0.00462959 0.00420189 0.00392971 0.00408357 0.00449282 0.00469291 
0.00841466 0.00800933 0.00848268 0.00795728 0.00997051 0.00982148 0.0108603 0.00833146 0.00850288 0.0082598 0.00942578 0.00861245 0.025002 0.0133997 0.0111262 0.0101677 0.00938652 0.010675 0.0100265 0.0246252 0.00611219 0.00576619 0.00454632 0.00440623 0.00407352 0.00540013 0.00637734 0.995891 0 0.00434638 0.00385849 0.00377135 0.00375776 0.00379046 0.00575215 
0.00816417 0.00945781 0.00812244 0.0116427 0.00865986 0.0124002 0.00880525 0.0104943 0.00854795 0.0118892 0.00847696 0.017233 0.00927 0.0177786 0.027696 0.0154818 0.0225515 0.0111163 0.0352771 0.0122293 0.00818685 0.00675499 0.00916164 0.00588183 0.00768213 0.0130702 0.998288 0.00462959 0.00434638 0 0.00380031 0.00381329 0.00379873 0.00424272 0.00392157 
0.00856301 0.0085544 0.0192886 0.00874781 0.0224452 0.00852164 0.00951265 0.0092886 0.0159038 0.00993716 0.0464517 0.00893382 0.0165418 0.0114869 0.0349405 0.0572075 0.0221056 0.10098 0.0152542 0.0149827 0.00777263 0.0117213 0.00749791 0.0176932 0.0234116 0.964871 0.00771992 0.00420189 0.00385849 0.00380031 0 0.00378939 0.00375448 0.00378434 0.00381256 
0.00854589 0.0132785 0.00982997 0.0383191 0.0089092 0.0108808 0.00880498 0.0150406 0.0102433 0.0577424 0.0100443 0.0206733 0.00920198 0.0139598 0.0285957 0.0563199 0.179135 0.0292119 0.037833 0.0114874 0.00948707 0.00780776 0.0233157 0.0306353 0.946507 0.0169983 0.0090729 0.00392971 0.00377135 0.00381329 0.00378939 0 0.00376376 0.0037802 0.00376482 
0.00986937 0.00958622 0.0258335 0.0101009 0.0141102 0.00894069 0.00965594 0.00954301 0.0270505 0.0113371 0.0373563 0.00923987 0.0140989 0.0112164 0.0358839 0.122997 0.040889 0.133384 0.020754 0.0156801 0.00821076 0.0165418 0.0391017 0.940732 0.0247175 0.0200909 0.00532147 0.00408357 0.00375776 0.00379873 0.00375448 0.00376376 0 0.00375361 0.00374567 
0.00846202 0.0116464 0.00885906 0.00993891 0.0092868 0.00962932 0.00864923 0.01604 0.00910583 0.0129196 0.00941118 0.0142892 0.00944551 0.012037 0.0371713 0.0327701 0.033813 0.0261986 0.107955 0.0149264 0.00966356 0.109704 0.664733 0.0416422 0.0113629 0.00726026 0.00648287 0.00449282 0.00379046 0.00424272 0.00378434 0.0037802 0.00375361 0 0.00387118 
0.0130186 0.00858558 0.00846371 0.00848419 0.00861842 0.00938204 0.0169305 0.00911731 0.00881816 0.00949292 0.00909876 0.00940392 0.0109577 0.0249335 0.0130999 0.0112005 0.0127802 0.0124604 0.0122071 0.0326008 0.140918 0.414529 0.0356307 0.00856924 0.00725955 0.00666816 0.00516326 0.00469291 0.00575215 0.00392157 0.00381256 0.00376482 0.00374567 0.00387118 0 
