1QGWA
AMDXSAKAPQITIFDHRGCSRAPKESTGGKAGGQDDEMMVKVASTKVTVSESDAAKKLQEFITFEKGIDGPFTSKN
CCCCCCEEEEEEEEECCCCCCCCCCCCCCCCCCHHHHEEEEEEEEECCCCHHHHHHHHHHHCCCCCCCCCCCCCCC
0 0 0 0 0 0 0 0 0 0 0 0 0 0 0 0 0 0 0 0 0 0 0 0 0 0 0 0 0 0 0 0 0 0 0 0 0 0 0 0 0 0 0 0 0 0 0 0 0 0 0 0 0 0 0 0 0 0 0 0 0 0 0 0 0 0 0 0 0 0 0 0 0 0 0 0 
0 0 0 0 0 0 0 0 0 0 0 0 0 0 0 0 0 0 0 0 0 0 0 0 0 0 0 0 0 0 0 0 0 0 0 0 0 0 0 0 0 0 0 0 0 0 0 0 0 0 0 0 0 0 0 0 0 0 0 0 0 0 0 0 0 0 0 0 0 0 0 0 0 0 0 0 
0 0.00391546 0.00387555 0.00398481 0.00388219 0.00412489 0.00396944 0.00448158 0.00858468 0.010848 0.0124782 0.00987086 0.0153947 0.0127803 0.00947871 0.0100678 0.009302 0.182273 
0.00391546 0 0.00392383 0.00374915 0.00378773 0.00378731 0.00413527 0.00513321 0.00407304 0.0111822 0.0114659 0.0166517 0.0102592 0.0150879 0.0102085 0.00935233 0.256458 0.00892747 
0.00387555 0.00392383 0 0.00373999 0.0037455 0.00375338 0.00385832 0.00379358 0.00377789 0.0123338 0.00911367 0.0322557 0.00955566 0.0140955 0.0099926 0.212502 0.00903484 0.00857206 
0.00398481 0.00374915 0.00373999 0 0.00374266 0.00376701 0.00379319 0.00377695 0.00388448 0.00966823 0.0246487 0.0096165 0.0449904 0.0105312 0.263047 0.014034 0.0091308 0.0124007 
0.00388219 0.00378773 0.0037455 0.00374266 0 0.00376433 0.00378349 0.00376676 0.00393164 0.0333739 0.0096416 0.119841 0.0100848 0.519083 0.0155732 0.0111773 0.0170427 0.00878381 
0.00412489 0.00378731 0.00375338 0.00376701 0.00376433 0 0.00379649 0.00376249 0.00382288 0.0109413 0.0778857 0.0110963 0.608227 0.0122074 0.0338801 0.0269188 0.00995967 0.0143005 
0.00396944 0.00413527 0.00385832 0.00379319 0.00378349 0.00379649 0 0.0038015 0.00379867 0.0364601 0.0122143 0.608371 0.0152235 0.0610796 0.0302491 0.0317894 0.0203129 0.0095488 
0.00448158 0.00513321 0.00379358 0.00377695 0.00376676 0.00376249 0.0038015 0 0.00388225 0.0115407 0.510167 0.0160489 0.0549002 0.025522 0.024299 0.0193305 0.0452951 0.0118466 
0.00858468 0.00407304 0.00377789 0.00388448 0.00393164 0.00382288 0.00379867 0.00388225 0 0.305245 0.0135502 0.0247113 0.011327 0.0202966 0.0121289 0.0139505 0.0122664 0.0306427 
0.010848 0.0111822 0.0123338 0.00966823 0.0333739 0.0109413 0.0364601 0.0115407 0.305245 0 0.00383623 0.00383069 0.00380026 0.0039503 0.00385079 0.00391876 0.00412338 0.00486908 
0.0124782 0.0114659 0.00911367 0.0246487 0.0096416 0.0778857 0.0122143 0.510167 0.0135502 0.00383623 0 0.00373864 0.00376782 0.00375721 0.00409945 0.00386079 0.003998 0.00560151 
0.00987086 0.0166517 0.0322557 0.0096165 0.119841 0.0110963 0.608371 0.0160489 0.0247113 0.00383069 0.00373864 0 0.00375856 0.00379128 0.00389227 0.00384065 0.0046044 0.00400129 
0.0153947 0.0102592 0.00955566 0.0449904 0.0100848 0.608227 0.0152235 0.0549002 0.011327 0.00380026 0.00376782 0.00375856 0 0.00376168 0.00377719 0.00387979 0.00381547 0.00424844 
0.0127803 0.0150879 0.0140955 0.0105312 0.519083 0.0122074 0.0610796 0.025522 0.0202966 0.0039503 0.00375721 0.00379128 0.00376168 0 0.00376113 0.00375823 0.00379673 0.00393398 
0.00947871 0.0102085 0.0099926 0.263047 0.0155732 0.0338801 0.0302491 0.024299 0.0121289 0.00385079 0.00409945 0.00389227 0.00377719 0.00376113 0 0.00376365 0.00384351 0.00386431 
0.0100678 0.00935233 0.212502 0.014034 0.0111773 0.0269188 0.0317894 0.0193305 0.0139505 0.00391876 0.00386079 0.00384065 0.00387979 0.00375823 0.00376365 0 0.00377475 0.00385866 
0.009302 0.256458 0.00903484 0.0091308 0.0170427 0.00995967 0.0203129 0.0452951 0.0122664 0.00412338 0.003998 0.0046044 0.00381547 0.00379673 0.00384351 0.00377475 0 0.00381481 
0.182273 0.00892747 0.00857206 0.0124007 0.00878381 0.0143005 0.0095488 0.0118466 0.0306427 0.00486908 0.00560151 0.00400129 0.00424844 0.00393398 0.00386431 0.00385866 0.00381481 0 
