1QK3B
GSHMASKPIEDYGKGKGRIEPMYIPDNTFYNADDFLVPPHCKPYIDKILLPGGLVKDRVEKLAYDIHRTYFGEELHIICILKGSRGFFNLLIDYLATIQKYSGRESSVPPFFEHYVRLKSYQNDNSTGQLTVLSDDLSIFRDKHVLIVEDIVDTGFTLTEFGERLKAVGPKSMRIATLVEKRTDRSNSLKGDFVGFSIEDVWIVGCCYDFNEMFRDFDHVAVLSDAARKKF
CCCCCCCCHHHCCECCCCCCCEECCCCCCEEHHHCCCCHHHHHHCCEECECHHHHHHHHHHHHHHHHHHCCCCCEEEEEECCCCCCHHHHHHHHHHHHHHCCHHHCCCCCCEEEEECCCCCCCCCCCCCCCCECCCCHHHCCCEEEEEEEEECCCHHHHHHHHHHHCCCCCEEEEEEEEEECCCCCCCCECCEEEEEECCCCEEECCECCCCCCCCCCCEEECCHHHHHCC
0 0 0 0 0 0 0 0 0 0 0 0 0 0 0 0 0 0 0 0 0 0 0 0 0 0 0 0 0 0 0 0 0 0 0 0 0 0 0 0 0 0 0 0 0 0 0 0 0 0 0 0 0 0 0 0 0 0 0 0 0 0 0 0 0 0 0 0 0 0 0 0 0 0 0 0 0 0 0 0 0 0 0 0 0 0 0 0 0 0 0 0 0 0 0 0 0 0 0 0 0 0 0 0 0 0 0 0 0 0 0 0 0 0 0 0 0 0 0 0 0 0 0 0 0 0 0 0 0 0 0 0 0 0 0 0 0 0 0 0 0 0 0 0 0 0 0 0 0 0 0 0 0 0 0 0 0 0 0 0 0 0 0 0 0 0 0 0 0 0 0 0 0 0 0 0 0 0 0 0 0 0 0 0 0 0 0 0 0 0 0 0 0 0 0 0 0 0 0 0 0 0 0 0 0 0 0 0 0 0 0 0 0 0 0 0 0 0 0 0 0 0 0 0 0 0 0 0 0 0 0 
0 0 0 0 0 0 0 0 0 0 0 0 0 0 0 0 0 0 0 0 0 0 0 0 0 0 0 0 0 0 0 0 0 0 0 0 0 0 0 0 0 0 0 0 0 0 0 0 0 0 0 0 0 0 0 0 0 0 0 0 0 0 0 0 0 0 0 0 0 0 0 0 0 0 0 0 0 0 0 0 0 0 0 0 0 0 0 0 0 0 0 0 0 0 0 0 0 0 0 0 0 0 0 0 0 0 0 0 0 0 0 0 0 0 0 0 0 0 0 0 0 0 0 0 0 0 0 0 0 0 0 0 0 0 0 0 0 0 0 0 0 0 0 0 0 0 0 0 0 0 0 0 0 0 0 0 0 0 0 0 0 0 0 0 0 0 0 0 0 0 0 0 0 0 0 0 0 0 0 0 0 0 0 0 0 0 0 0 0 0 0 0 0 0 0 0 0 0 0 0 0 0 0 0 0 0 0 0 0 0 0 0 0 0 0 0 0 0 0 0 0 0 0 0 0 0 0 0 0 0 0 
0 0.0679088 0.0976829 0.0225492 0.0356083 0.027056 0.0213687 0.0486604 0.0142254 0.0118755 0.00961331 0.00993541 0.0106949 0.0153414 0.0120092 0.00870163 0.00840332 0.00850874 0.0101163 0.0175781 0.0102091 0.00886601 0.00865056 0.00883145 0.00831514 0.00821984 0.0081647 0.00823419 0.010231 0.00934895 0.00842559 0.00831176 0.0082129 0.00825666 0.00833425 0.00820801 0.00824494 0.00817519 0.00850154 0.011394 0.00920975 0.00835901 0.00802301 0.0080643 0.00809518 0.00857066 0.0092709 0.00830697 0.00866507 0.0109979 0.00938616 0.00836734 0.00930413 
0.0679088 0 0.00547422 0.0276279 0.194421 0.0215787 0.0444377 0.022116 0.0151628 0.0119325 0.0110208 0.0106917 0.0151245 0.0181373 0.00936214 0.0087328 0.00852235 0.00893666 0.01025 0.0111873 0.00872169 0.00877186 0.00861242 0.00872708 0.00852802 0.00827819 0.00824728 0.00843225 0.00929354 0.00816152 0.00836794 0.00823497 0.0082545 0.0083041 0.00833728 0.00820368 0.00827125 0.00826426 0.00842231 0.00855473 0.00834089 0.00829734 0.00811532 0.0081662 0.0083236 0.008649 0.00871044 0.00818553 0.00835409 0.00871484 0.0086165 0.00814295 0.00866681 
0.0976829 0.00547422 0 0.149811 0.0143317 0.0346348 0.0147025 0.0259497 0.0136115 0.0128781 0.00968319 0.0105861 0.0155159 0.0144425 0.0121917 0.00892961 0.0087057 0.00903038 0.00927864 0.0107876 0.00986483 0.00878301 0.00867717 0.00882779 0.00836607 0.00832989 0.00842013 0.00826469 0.0083944 0.00882384 0.00829336 0.00824049 0.00829577 0.00828085 0.00834096 0.0082398 0.00822795 0.00819733 0.00811302 0.00867623 0.00893267 0.00824471 0.00810975 0.00815917 0.00815721 0.00808409 0.00860633 0.00852101 0.00817682 0.00851168 0.00879681 0.00831835 0.00840932 
0.0225492 0.0276279 0.149811 0 0.00437731 0.0155278 0.199511 0.0245255 0.0214833 0.0122548 0.0102473 0.0101205 0.0117883 0.0173271 0.010098 0.00891439 0.00848908 0.0092024 0.0113417 0.0114711 0.00941728 0.00887884 0.00829102 0.00838289 0.0083375 0.00815457 0.00817374 0.00831053 0.0100012 0.0084935 0.00845253 0.00812198 0.00816599 0.00828141 0.00812905 0.00810725 0.00821331 0.00805368 0.00835869 0.00888917 0.00856076 0.00837261 0.00806096 0.00809984 0.00802109 0.00920151 0.00871849 0.00802327 0.00825105 0.0091002 0.00882775 0.00801841 0.00830017 
0.0356083 0.194421 0.0143317 0.00437731 0 0.323911 0.0118258 0.0270711 0.0136386 0.012026 0.00966617 0.0094467 0.0128046 0.0115897 0.0133645 0.00955576 0.00894953 0.00863631 0.0086191 0.0108563 0.00972424 0.00858637 0.00834067 0.00844291 0.00815692 0.00813118 0.00829128 0.00816997 0.00816092 0.00877442 0.00819506 0.00819037 0.00825145 0.0081071 0.00822521 0.00812754 0.00806721 0.0080884 0.00796625 0.00878312 0.0087457 0.00815639 0.00803661 0.00801514 0.00809845 0.00799769 0.0084278 0.00817721 0.00803019 0.00830844 0.00862238 0.00818108 0.00810777 
0.027056 0.0215787 0.0346348 0.0155278 0.323911 0 0.00859579 0.00409474 0.0622238 0.0307236 0.0148409 0.0142151 0.0174336 0.0185728 0.0116512 0.00993824 0.00889136 0.0098615 0.0109999 0.0115821 0.00988486 0.00919076 0.00932982 0.00980426 0.00865857 0.00865057 0.00859466 0.00859446 0.00926365 0.00824623 0.00813107 0.00869964 0.0082369 0.00842175 0.00869815 0.00824597 0.00824011 0.0081005 0.00820547 0.00868231 0.00812921 0.00815691 0.00822294 0.0080365 0.00813337 0.0080898 0.00826409 0.00795439 0.00814329 0.00810166 0.00829679 0.00798844 0.00842179 
0.0213687 0.0444377 0.0147025 0.199511 0.0118258 0.00859579 0 0.0052948 0.0679852 0.0468507 0.0306339 0.0342297 0.039276 0.0193982 0.0178224 0.0183064 0.0108599 0.0130513 0.0153492 0.0114925 0.0111831 0.0152615 0.0120929 0.0129006 0.0116455 0.0099321 0.00986516 0.009267 0.00999378 0.00943172 0.0101752 0.00847377 0.0090591 0.00942698 0.00895187 0.00891621 0.00896773 0.00861486 0.00842392 0.00837754 0.00959367 0.00857646 0.00835184 0.00902086 0.00817168 0.00868649 0.00910005 0.0086024 0.00846629 0.00861568 0.00875243 0.00865261 0.00830131 
0.0486604 0.022116 0.0259497 0.0245255 0.0270711 0.00409474 0.0052948 0 0.0259093 0.0136456 0.0200712 0.0182816 0.0353594 0.0965033 0.0171025 0.00979995 0.00945409 0.01052 0.0186886 0.0286042 0.0122224 0.00981638 0.0096979 0.0106449 0.00969822 0.00869794 0.0091275 0.00930387 0.0114908 0.0101284 0.00832874 0.00839111 0.00856814 0.00874895 0.00896561 0.00845379 0.00855281 0.00847247 0.00893625 0.0108536 0.0096971 0.00823721 0.00827116 0.00824654 0.00810936 0.00855208 0.00957141 0.00816826 0.00951892 0.00964305 0.00942792 0.00805757 0.00947716 
0.0142254 0.0151628 0.0136115 0.0214833 0.0136386 0.0622238 0.0679852 0.0259093 0 0.00391882 0.00382146 0.00380071 0.00379732 0.00500132 0.168818 0.0223283 0.0112308 0.0121851 0.019958 0.0147698 0.0329236 0.0185107 0.0129704 0.0142123 0.0116971 0.00969441 0.00972737 0.00995424 0.0142462 0.00935569 0.00948756 0.00866398 0.00973969 0.00992224 0.00990453 0.00914177 0.00903498 0.00895211 0.0102915 0.00888829 0.0093209 0.00861049 0.00836068 0.00877763 0.00837957 0.0102669 0.00909727 0.00811313 0.0092801 0.00927766 0.00867331 0.00832674 0.00889905 
0.0118755 0.0119325 0.0128781 0.0122548 0.012026 0.0307236 0.0468507 0.0136456 0.00391882 0 0.00378887 0.00376953 0.00382735 0.00460448 0.396066 0.0905952 0.0513945 0.0250487 0.0133602 0.0112628 0.0181169 0.0919607 0.0531791 0.0431325 0.0250143 0.0273818 0.0282508 0.0179228 0.00977307 0.00941372 0.0124424 0.0199469 0.0190485 0.0247819 0.0297199 0.015891 0.0157287 0.011952 0.00882868 0.00820086 0.00957858 0.0100811 0.0121213 0.0106604 0.0101446 0.00856088 0.00915887 0.00895938 0.00968775 0.00817694 0.00835359 0.00900948 0.00865106 
0.00961331 0.0110208 0.00968319 0.0102473 0.00966617 0.0148409 0.0306339 0.0200712 0.00382146 0.00378887 0 0.00377096 0.0038275 0.00383866 0.052024 0.475962 0.127574 0.0690803 0.0167449 0.00960245 0.0116866 0.051411 0.206802 0.155828 0.0970594 0.0734211 0.0746065 0.0248053 0.010881 0.00952059 0.0193874 0.0351886 0.0564125 0.0584775 0.0490091 0.04895 0.0408254 0.0153319 0.00895325 0.00812587 0.0100361 0.0148516 0.0223021 0.0245923 0.0103153 0.00878905 0.00951287 0.0104012 0.0101463 0.0081633 0.00858558 0.00969547 0.00877735 
0.00993541 0.0106917 0.0105861 0.0101205 0.0094467 0.0142151 0.0342297 0.0182816 0.00380071 0.00376953 0.00377096 0 0.00379438 0.00380441 0.0524581 0.0742366 0.584428 0.0600187 0.026315 0.00935448 0.0117345 0.0477951 0.155553 0.220657 0.0888146 0.093966 0.0782081 0.0247569 0.0114122 0.0101012 0.0179953 0.0444822 0.049383 0.0613148 0.0531583 0.0510699 0.0443957 0.0156079 0.00947803 0.00817616 0.0108581 0.0161271 0.0302721 0.022983 0.0101002 0.00916709 0.00963029 0.0107059 0.0106041 0.00824381 0.0086952 0.00967723 0.00916293 
0.0106949 0.0151245 0.0155159 0.0117883 0.0128046 0.0174336 0.039276 0.0353594 0.00379732 0.00382735 0.0038275 0.00379438 0 0.00418918 0.0314015 0.102454 0.0934493 0.592917 0.0511666 0.0134797 0.0129181 0.0472834 0.071819 0.0819584 0.0755345 0.0504128 0.0371697 0.0322302 0.0122334 0.010838 0.0156745 0.0268443 0.0207989 0.0281683 0.0340777 0.0223797 0.0225566 0.0181972 0.00896679 0.00869677 0.0105812 0.0189101 0.021141 0.0145307 0.0115971 0.0085726 0.0105866 0.0124005 0.0107154 0.00826741 0.00957679 0.00979181 0.00869461 
0.0153414 0.0181373 0.0144425 0.0173271 0.0115897 0.0185728 0.0193982 0.0965033 0.00500132 0.00460448 0.00383866 0.00380441 0.00418918 0 0.0356967 0.019895 0.0530824 0.123109 0.572495 0.0210508 0.0193164 0.0148282 0.0211137 0.0247849 0.018722 0.0201664 0.0143557 0.0137993 0.0220572 0.0149189 0.0107539 0.0114919 0.0124634 0.0130284 0.0126347 0.0119306 0.0117187 0.0112765 0.010288 0.0098467 0.0142302 0.0114615 0.00966892 0.0102693 0.00895808 0.00942179 0.012379 0.00916734 0.013149 0.00889909 0.0127944 0.00883254 0.00972678 
0.0120092 0.00936214 0.0121917 0.010098 0.0133645 0.0116512 0.0178224 0.0171025 0.168818 0.396066 0.052024 0.0524581 0.0314015 0.0356967 0 0.00409395 0.00380034 0.00384643 0.00419874 0.0458367 0.0769865 0.0316165 0.0197919 0.0245078 0.0157732 0.0148225 0.01409 0.0142717 0.0267666 0.0164601 0.0110541 0.0138445 0.0120924 0.0142091 0.0151578 0.0114747 0.0111319 0.0115408 0.0192833 0.0118867 0.0111498 0.00992397 0.00989441 0.00967159 0.0115659 0.0129486 0.0106218 0.00923348 0.0130222 0.00971546 0.00932009 0.00883751 0.0108245 
0.00870163 0.0087328 0.00892961 0.00891439 0.00955576 0.00993824 0.0183064 0.00979995 0.0223283 0.0905952 0.475962 0.0742366 0.102454 0.019895 0.00409395 0 0.00377612 0.00378856 0.00378439 0.0143335 0.0326491 0.118929 0.0503251 0.0512321 0.0326774 0.030861 0.0247295 0.0227689 0.0107998 0.00996935 0.0324465 0.0210165 0.0293473 0.0278726 0.0259567 0.0269722 0.0257794 0.0175618 0.00975351 0.0083002 0.0105771 0.019154 0.0157976 0.0220914 0.0112633 0.00925432 0.0098758 0.0106698 0.00966938 0.00832377 0.00851237 0.0122219 0.00864361 
0.00840332 0.00852235 0.0087057 0.00848908 0.00894953 0.00889136 0.0108599 0.00945409 0.0112308 0.0513945 0.127574 0.584428 0.0934493 0.0530824 0.00380034 0.00377612 0 0.00375254 0.00376344 0.0108065 0.0147009 0.0464156 0.182032 0.0918834 0.0665894 0.0666584 0.0699283 0.0173356 0.0110848 0.0119052 0.0155387 0.0663436 0.0384125 0.0479401 0.0598499 0.0427941 0.0488981 0.0159237 0.00960572 0.00818469 0.0103605 0.0169209 0.054406 0.0273824 0.0126782 0.00898586 0.0106116 0.0100575 0.0107128 0.00815581 0.00868079 0.00943148 0.00932997 
0.00850874 0.00893666 0.00903038 0.0092024 0.00863631 0.0098615 0.0130513 0.01052 0.0121851 0.0250487 0.0690803 0.0600187 0.592917 0.123109 0.00384643 0.00378856 0.00375254 0 0.00383329 0.0157337 0.012884 0.0365485 0.0504126 0.110638 0.046483 0.0432642 0.0304055 0.051166 0.0140789 0.0108112 0.0260667 0.0259835 0.0249141 0.0245007 0.0303159 0.0313055 0.0232093 0.0277324 0.010003 0.00881186 0.0107255 0.0231801 0.0325698 0.0177539 0.0141005 0.00889677 0.00980886 0.0167854 0.0119169 0.00859089 0.00907824 0.011355 0.0090155 
0.0101163 0.01025 0.00927864 0.0113417 0.0086191 0.0109999 0.0153492 0.0186886 0.019958 0.0133602 0.0167449 0.026315 0.0511666 0.572495 0.00419874 0.00378439 0.00376344 0.00383329 0 0.0785429 0.020128 0.020068 0.0223059 0.0326201 0.0447848 0.0181819 0.0180101 0.0202916 0.0486991 0.0184053 0.01577 0.0122286 0.0133876 0.0138244 0.0143578 0.0136266 0.0143293 0.0140037 0.0145522 0.0108885 0.0178703 0.0181856 0.0107247 0.012308 0.00992906 0.0107934 0.0134129 0.00980372 0.0184915 0.0103749 0.0118528 0.00925742 0.0110047 
0.0175781 0.0111873 0.0107876 0.0114711 0.0108563 0.0115821 0.0114925 0.0286042 0.0147698 0.0112628 0.00960245 0.00935448 0.0134797 0.0210508 0.0458367 0.0143335 0.0108065 0.0157337 0.0785429 0 0.0490077 0.0132228 0.0121905 0.0110875 0.0107607 0.0133019 0.00908304 0.0117813 0.0274075 0.0165406 0.0116799 0.0100134 0.0102414 0.00954192 0.0107326 0.0097041 0.00918979 0.0106951 0.0152212 0.0393998 0.0142308 0.00972441 0.00879215 0.00878807 0.00983017 0.0118523 0.0132689 0.00943854 0.011594 0.0319265 0.0126802 0.00873989 0.0117461 
0.0102091 0.00872169 0.00986483 0.00941728 0.00972424 0.00988486 0.0111831 0.0122224 0.0329236 0.0181169 0.0116866 0.0117345 0.0129181 0.0193164 0.0769865 0.0326491 0.0147009 0.012884 0.020128 0.0490077 0 0.00420998 0.00380221 0.00383229 0.00399111 0.00385021 0.0038626 0.00498003 0.0132079 0.366116 0.0153815 0.0170323 0.0126665 0.0152381 0.0146624 0.0118094 0.0109901 0.023294 0.0185469 0.0146363 0.0354615 0.0118324 0.0106758 0.0103475 0.011565 0.0152072 0.020684 0.0101072 0.0154824 0.0108997 0.0120871 0.00942003 0.012637 
0.00886601 0.00877186 0.00878301 0.00887884 0.00858637 0.00919076 0.0152615 0.00981638 0.0185107 0.0919607 0.051411 0.0477951 0.0472834 0.0148282 0.0316165 0.118929 0.0464156 0.0365485 0.020068 0.0132228 0.00420998 0 0.00385742 0.00390858 0.00386579 0.00387642 0.00414745 0.0047832 0.0053576 0.0345148 0.569276 0.0173892 0.0482276 0.0344399 0.0398481 0.036681 0.0419728 0.0223376 0.0134455 0.010603 0.0343521 0.0735858 0.0256975 0.0342054 0.0148284 0.0125497 0.0238073 0.0307642 0.0114445 0.0104965 0.0122518 0.0256313 0.0101421 
0.00865056 0.00861242 0.00867717 0.00829102 0.00834067 0.00932982 0.0120929 0.0096979 0.0129704 0.0531791 0.206802 0.155553 0.071819 0.0211137 0.0197919 0.0503251 0.182032 0.0504126 0.0223059 0.0121905 0.00380221 0.00385742 0 0.00382374 0.00381977 0.0039241 0.0040058 0.00431841 0.00420716 0.0445553 0.0321735 0.471902 0.0470116 0.102788 0.078476 0.103205 0.0691184 0.0319131 0.0112096 0.0101019 0.0217114 0.0556841 0.097402 0.0649644 0.0234803 0.011164 0.0298117 0.0248116 0.018998 0.00906288 0.014249 0.0182453 0.0124625 
0.00883145 0.00872708 0.00882779 0.00838289 0.00844291 0.00980426 0.0129006 0.0106449 0.0142123 0.0431325 0.155828 0.220657 0.0819584 0.0247849 0.0245078 0.0512321 0.0918834 0.110638 0.0326201 0.0110875 0.00383229 0.00390858 0.00382374 0 0.00381922 0.00377309 0.00388123 0.00386 0.0041358 0.0322005 0.055566 0.0638522 0.461522 0.0559808 0.155698 0.0725169 0.0957269 0.0308477 0.0128881 0.0109149 0.0294591 0.0444703 0.0925974 0.0784409 0.0242498 0.0115094 0.0257186 0.0296887 0.021868 0.00921391 0.0144805 0.017145 0.0143389 
0.00831514 0.00852802 0.00836607 0.0083375 0.00815692 0.00865857 0.0116455 0.00969822 0.0116971 0.0250143 0.0970594 0.0888146 0.0755345 0.018722 0.0157732 0.0326774 0.0665894 0.046483 0.0447848 0.0107607 0.00399111 0.00386579 0.00381977 0.00381922 0 0.00376963 0.00376489 0.00381009 0.00390956 0.0228238 0.0382617 0.0468221 0.0572927 0.450921 0.045417 0.0771398 0.0466017 0.0237512 0.0116837 0.00959261 0.0156986 0.0520123 0.0417969 0.0741276 0.0145937 0.0113933 0.014518 0.0195987 0.0205232 0.00918025 0.0100416 0.014356 0.0116293 
0.00821984 0.00827819 0.00832989 0.00815457 0.00813118 0.00865057 0.0099321 0.00869794 0.00969441 0.0273818 0.0734211 0.093966 0.0504128 0.0201664 0.0148225 0.030861 0.0666584 0.0432642 0.0181819 0.0133019 0.00385021 0.00387642 0.0039241 0.00377309 0.00376963 0 0.00376118 0.0037287 0.00378534 0.0242126 0.0364086 0.0463243 0.0792993 0.0449137 0.386182 0.0381555 0.0550535 0.021827 0.0116084 0.00933935 0.0165963 0.0262764 0.068414 0.043813 0.0177219 0.010094 0.0141111 0.0178989 0.0162124 0.00881675 0.0101766 0.0126025 0.0114548 
0.0081647 0.00824728 0.00842013 0.00817374 0.00829128 0.00859466 0.00986516 0.0091275 0.00972737 0.0282508 0.0746065 0.0782081 0.0371697 0.0143557 0.01409 0.0247295 0.0699283 0.0304055 0.0180101 0.00908304 0.0038626 0.00414745 0.0040058 0.00388123 0.00376489 0.00376118 0 0.00374797 0.00377248 0.024727 0.0269514 0.079342 0.0479717 0.0914804 0.049962 0.261227 0.0430436 0.0219209 0.0115335 0.0093864 0.014559 0.0332609 0.0470373 0.0442656 0.0141943 0.00980306 0.014414 0.0155586 0.0136518 0.00855208 0.0107999 0.0120353 0.0113467 
0.00823419 0.00843225 0.00826469 0.00831053 0.00816997 0.00859446 0.009267 0.00930387 0.00995424 0.0179228 0.0248053 0.0247569 0.0322302 0.0137993 0.0142717 0.0227689 0.0173356 0.051166 0.0202916 0.0117813 0.00498003 0.0047832 0.00431841 0.00386 0.00381009 0.0037287 0.00374797 0 0.00381847 0.0171653 0.0466525 0.0360388 0.0396885 0.0253101 0.0323357 0.0359815 0.218661 0.0406745 0.0168669 0.00999078 0.0137704 0.0243159 0.0229329 0.0194817 0.0169275 0.00959809 0.0132157 0.0216584 0.0148731 0.00883916 0.0108652 0.0177762 0.0100196 
0.010231 0.00929354 0.0083944 0.0100012 0.00816092 0.00926365 0.00999378 0.0114908 0.0142462 0.00977307 0.010881 0.0114122 0.0122334 0.0220572 0.0267666 0.0107998 0.0110848 0.0140789 0.0486991 0.0274075 0.0132079 0.0053576 0.00420716 0.0041358 0.00390956 0.00378534 0.00377248 0.00381847 0 0.0369782 0.0265147 0.0205608 0.0210961 0.020207 0.0175569 0.0224565 0.0173481 0.18278 0.0305498 0.0212249 0.0188093 0.0133073 0.0105377 0.0138888 0.00955483 0.0214251 0.0198714 0.0110596 0.02616 0.0156836 0.0168543 0.0101094 0.0147361 
0.00934895 0.00816152 0.00882384 0.0084935 0.00877442 0.00824623 0.00943172 0.0101284 0.00935569 0.00941372 0.00952059 0.0101012 0.010838 0.0149189 0.0164601 0.00996935 0.0119052 0.0108112 0.0184053 0.0165406 0.366116 0.0345148 0.0445553 0.0322005 0.0228238 0.0242126 0.024727 0.0171653 0.0369782 0 0.00401242 0.00376482 0.00377 0.00384048 0.00418531 0.00397544 0.00417982 0.00554639 0.0119167 0.0147665 0.021285 0.0110199 0.0117302 0.00999991 0.0188678 0.0160183 0.022752 0.0127029 0.0222875 0.0129472 0.0184122 0.0109437 0.021275 
0.00842559 0.00836794 0.00829336 0.00845253 0.00819506 0.00813107 0.0101752 0.00832874 0.00948756 0.0124424 0.0193874 0.0179953 0.0156745 0.0107539 0.0110541 0.0324465 0.0155387 0.0260667 0.01577 0.0116799 0.0153815 0.569276 0.0321735 0.055566 0.0382617 0.0364086 0.0269514 0.0466525 0.0265147 0.00401242 0 0.00375757 0.00375744 0.00378604 0.00383605 0.00393729 0.00484493 0.00565762 0.00578651 0.00901691 0.0172 0.0307429 0.0110195 0.028791 0.0113088 0.0207168 0.0209374 0.0360301 0.0113944 0.0122144 0.0120639 0.0508612 0.0102094 
0.00831176 0.00823497 0.00824049 0.00812198 0.00819037 0.00869964 0.00847377 0.00839111 0.00866398 0.0199469 0.0351886 0.0444822 0.0268443 0.0114919 0.0138445 0.0210165 0.0663436 0.0259835 0.0122286 0.0100134 0.0170323 0.0173892 0.471902 0.0638522 0.0468221 0.0463243 0.079342 0.0360388 0.0205608 0.00376482 0.00375757 0 0.00376858 0.00378428 0.0038546 0.00381899 0.00402307 0.00426856 0.00434045 0.00950345 0.0160546 0.0138126 0.0413411 0.0151001 0.0267311 0.00930761 0.0184306 0.0159284 0.0162225 0.00879569 0.0166274 0.0131506 0.0151706 
0.0082129 0.0082545 0.00829577 0.00816599 0.00825145 0.0082369 0.0090591 0.00856814 0.00973969 0.0190485 0.0564125 0.049383 0.0207989 0.0124634 0.0120924 0.0293473 0.0384125 0.0249141 0.0133876 0.0102414 0.0126665 0.0482276 0.0470116 0.461522 0.0572927 0.0792993 0.0479717 0.0396885 0.0210961 0.00377 0.00375744 0.00376858 0 0.00377988 0.00380002 0.00374115 0.00379092 0.00387982 0.00393238 0.00866024 0.0144 0.0313865 0.0250127 0.0275153 0.0123764 0.0214246 0.0179044 0.0164227 0.0156874 0.00986384 0.0124784 0.0171148 0.0116666 
0.00825666 0.0083041 0.00828085 0.00828141 0.0081071 0.00842175 0.00942698 0.00874895 0.00992224 0.0247819 0.0584775 0.0613148 0.0281683 0.0130284 0.0142091 0.0278726 0.0479401 0.0245007 0.0138244 0.00954192 0.0152381 0.0344399 0.102788 0.0559808 0.450921 0.0449137 0.0914804 0.0253101 0.020207 0.00384048 0.00378604 0.00378428 0.00377988 0 0.00413378 0.00380216 0.00381156 0.00382097 0.00386022 0.0086313 0.031642 0.0234366 0.0175701 0.0327134 0.0213756 0.021759 0.0178308 0.0165416 0.0150964 0.00944087 0.0138385 0.0196592 0.0130345 
0.00833425 0.00833728 0.00834096 0.00812905 0.00822521 0.00869815 0.00895187 0.00896561 0.00990453 0.0297199 0.0490091 0.0531583 0.0340777 0.0126347 0.0151578 0.0259567 0.0598499 0.0303159 0.0143578 0.0107326 0.0146624 0.0398481 0.078476 0.155698 0.045417 0.386182 0.049962 0.0323357 0.0175569 0.00418531 0.00383605 0.0038546 0.00380002 0.00413378 0 0.00378223 0.00377059 0.00383395 0.00404431 0.0103374 0.0182229 0.0254023 0.039821 0.0317964 0.0569293 0.0114884 0.0189842 0.018075 0.0165003 0.00936996 0.0170252 0.018682 0.0153758 
0.00820801 0.00820368 0.0082398 0.00810725 0.00812754 0.00824597 0.00891621 0.00845379 0.00914177 0.015891 0.04895 0.0510699 0.0223797 0.0119306 0.0114747 0.0269722 0.0427941 0.0313055 0.0136266 0.0097041 0.0118094 0.036681 0.103205 0.0725169 0.0771398 0.0381555 0.261227 0.0359815 0.0224565 0.00397544 0.00393729 0.00381899 0.00374115 0.00380216 0.00378223 0 0.0037712 0.00377035 0.00372327 0.00782545 0.0178294 0.022135 0.0286315 0.0736124 0.0225465 0.01168 0.0161966 0.018191 0.0148506 0.00976409 0.0131246 0.0189014 0.0121711 
0.00824494 0.00827125 0.00822795 0.00821331 0.00806721 0.00824011 0.00896773 0.00855281 0.00903498 0.0157287 0.0408254 0.0443957 0.0225566 0.0117187 0.0111319 0.0257794 0.0488981 0.0232093 0.0143293 0.00918979 0.0109901 0.0419728 0.0691184 0.0957269 0.0466017 0.0550535 0.0430436 0.218661 0.0173481 0.00417982 0.00484493 0.00402307 0.00379092 0.00381156 0.00377059 0.0037712 0 0.00375103 0.00377077 0.00747987 0.0175961 0.0267172 0.0445962 0.0794114 0.012523 0.0111928 0.0142237 0.0139826 0.0216703 0.00893524 0.0126848 0.0172417 0.0165269 
0.00817519 0.00826426 0.00819733 0.00805368 0.0080884 0.0081005 0.00861486 0.00847247 0.00895211 0.011952 0.0153319 0.0156079 0.0181972 0.0112765 0.0115408 0.0175618 0.0159237 0.0277324 0.0140037 0.0106951 0.023294 0.0223376 0.0319131 0.0308477 0.0237512 0.021827 0.0219209 0.0406745 0.18278 0.00554639 0.00565762 0.00426856 0.00387982 0.00382097 0.00383395 0.00377035 0.00375103 0 0.00377734 0.0126389 0.0221327 0.0347313 0.0331015 0.0266409 0.0480101 0.0092877 0.0124599 0.0465755 0.0234287 0.0101377 0.0129242 0.0363987 0.0187716 
0.00850154 0.00842231 0.00811302 0.00835869 0.00796625 0.00820547 0.00842392 0.00893625 0.0102915 0.00882868 0.00895325 0.00947803 0.00896679 0.010288 0.0192833 0.00975351 0.00960572 0.010003 0.0145522 0.0152212 0.0185469 0.0134455 0.0112096 0.0128881 0.0116837 0.0116084 0.0115335 0.0168669 0.0305498 0.0119167 0.00578651 0.00434045 0.00393238 0.00386022 0.00404431 0.00372327 0.00377077 0.00377734 0 0.0309428 0.0533924 0.0193248 0.0132611 0.0171242 0.0111106 0.013334 0.0201512 0.0122692 0.0331852 0.0140498 0.023313 0.0114993 0.01836 
0.011394 0.00855473 0.00867623 0.00888917 0.00878312 0.00868231 0.00837754 0.0108536 0.00888829 0.00820086 0.00812587 0.00817616 0.00869677 0.0098467 0.0118867 0.0083002 0.00818469 0.00881186 0.0108885 0.0393998 0.0146363 0.010603 0.0101019 0.0109149 0.00959261 0.00933935 0.0093864 0.00999078 0.0212249 0.0147665 0.00901691 0.00950345 0.00866024 0.0086313 0.0103374 0.00782545 0.00747987 0.0126389 0.0309428 0 0.00887158 0.00449376 0.00399606 0.00408681 0.00578317 0.00607047 0.00970582 0.00979685 0.0124577 0.0648706 0.0148397 0.011618 0.0186615 
0.00920975 0.00834089 0.00893267 0.00856076 0.0087457 0.00812921 0.00959367 0.0096971 0.0093209 0.00957858 0.0100361 0.0108581 0.0105812 0.0142302 0.0111498 0.0105771 0.0103605 0.0107255 0.0178703 0.0142308 0.0354615 0.0343521 0.0217114 0.0294591 0.0156986 0.0165963 0.014559 0.0137704 0.0188093 0.021285 0.0172 0.0160546 0.0144 0.031642 0.0182229 0.0178294 0.0175961 0.0221327 0.0533924 0.00887158 0 0.00391979 0.00375824 0.00377482 0.00390265 0.0056355 0.00988219 0.00967191 0.0265275 0.0150831 0.0359808 0.0153048 0.0290014 
0.00835901 0.00829734 0.00824471 0.00837261 0.00815639 0.00815691 0.00857646 0.00823721 0.00861049 0.0100811 0.0148516 0.0161271 0.0189101 0.0114615 0.00992397 0.019154 0.0169209 0.0231801 0.0181856 0.00972441 0.0118324 0.0735858 0.0556841 0.0444703 0.0520123 0.0262764 0.0332609 0.0243159 0.0133073 0.0110199 0.0307429 0.0138126 0.0313865 0.0234366 0.0254023 0.022135 0.0267172 0.0347313 0.0193248 0.00449376 0.00391979 0 0.00389293 0.00378374 0.00382479 0.00380693 0.00820355 0.0154671 0.0127938 0.0114247 0.0185187 0.0628205 0.0126011 
0.00802301 0.00811532 0.00810975 0.00806096 0.00803661 0.00822294 0.00835184 0.00827116 0.00836068 0.0121213 0.0223021 0.0302721 0.021141 0.00966892 0.00989441 0.0157976 0.054406 0.0325698 0.0107247 0.00879215 0.0106758 0.0256975 0.097402 0.0925974 0.0417969 0.068414 0.0470373 0.0229329 0.0105377 0.0117302 0.0110195 0.0413411 0.0250127 0.0175701 0.039821 0.0286315 0.0445962 0.0331015 0.0132611 0.00399606 0.00375824 0.00389293 0 0.00376561 0.00379839 0.00377757 0.0173736 0.0094888 0.0159985 0.00828822 0.0173668 0.0177675 0.017849 
0.0080643 0.0081662 0.00815917 0.00809984 0.00801514 0.0080365 0.00902086 0.00824654 0.00877763 0.0106604 0.0245923 0.022983 0.0145307 0.0102693 0.00967159 0.0220914 0.0273824 0.0177539 0.012308 0.00878807 0.0103475 0.0342054 0.0649644 0.0784409 0.0741276 0.043813 0.0442656 0.0194817 0.0138888 0.00999991 0.028791 0.0151001 0.0275153 0.0327134 0.0317964 0.0736124 0.0794114 0.0266409 0.0171242 0.00408681 0.00377482 0.00378374 0.00376561 0 0.00376065 0.00377795 0.0061686 0.0242476 0.0311693 0.00841868 0.0130634 0.0227137 0.0150851 
0.00809518 0.0083236 0.00815721 0.00802109 0.00809845 0.00813337 0.00817168 0.00810936 0.00837957 0.0101446 0.0103153 0.0101002 0.0115971 0.00895808 0.0115659 0.0112633 0.0126782 0.0141005 0.00992906 0.00983017 0.011565 0.0148284 0.0234803 0.0242498 0.0145937 0.0177219 0.0141943 0.0169275 0.00955483 0.0188678 0.0113088 0.0267311 0.0123764 0.0213756 0.0569293 0.0225465 0.012523 0.0480101 0.0111106 0.00578317 0.00390265 0.00382479 0.00379839 0.00376065 0 0.00377043 0.0192359 0.0307356 0.0313437 0.00715364 0.016947 0.0326348 0.0189761 
0.00857066 0.008649 0.00808409 0.00920151 0.00799769 0.0080898 0.00868649 0.00855208 0.0102669 0.00856088 0.00878905 0.00916709 0.0085726 0.00942179 0.0129486 0.00925432 0.00898586 0.00889677 0.0107934 0.0118523 0.0152072 0.0125497 0.011164 0.0115094 0.0113933 0.010094 0.00980306 0.00959809 0.0214251 0.0160183 0.0207168 0.00930761 0.0214246 0.021759 0.0114884 0.01168 0.0111928 0.0092877 0.013334 0.00607047 0.0056355 0.00380693 0.00377757 0.00377795 0.00377043 0 0.0242686 0.00911662 0.00778971 0.0161079 0.0229881 0.0128215 0.0118046 
0.0092709 0.00871044 0.00860633 0.00871849 0.0084278 0.00826409 0.00910005 0.00957141 0.00909727 0.00915887 0.00951287 0.00963029 0.0105866 0.012379 0.0106218 0.0098758 0.0106116 0.00980886 0.0134129 0.0132689 0.020684 0.0238073 0.0298117 0.0257186 0.014518 0.0141111 0.014414 0.0132157 0.0198714 0.022752 0.0209374 0.0184306 0.0179044 0.0178308 0.0189842 0.0161966 0.0142237 0.0124599 0.0201512 0.00970582 0.00988219 0.00820355 0.0173736 0.0061686 0.0192359 0.0242686 0 0.00381723 0.0038807 0.00617583 0.0584984 0.0189263 0.203159 
0.00830697 0.00818553 0.00852101 0.00802327 0.00817721 0.00795439 0.0086024 0.00816826 0.00811313 0.00895938 0.0104012 0.0107059 0.0124005 0.00916734 0.00923348 0.0106698 0.0100575 0.0167854 0.00980372 0.00943854 0.0101072 0.0307642 0.0248116 0.0296887 0.0195987 0.0178989 0.0155586 0.0216584 0.0110596 0.0127029 0.0360301 0.0159284 0.0164227 0.0165416 0.018075 0.018191 0.0139826 0.0465755 0.0122692 0.00979685 0.00967191 0.0154671 0.0094888 0.0242476 0.0307356 0.00911662 0.00381723 0 0.00390826 0.00505536 0.0177182 0.666569 0.0202995 
0.00866507 0.00835409 0.00817682 0.00825105 0.00803019 0.00814329 0.00846629 0.00951892 0.0092801 0.00968775 0.0101463 0.0106041 0.0107154 0.013149 0.0130222 0.00966938 0.0107128 0.0119169 0.0184915 0.011594 0.0154824 0.0114445 0.018998 0.021868 0.0205232 0.0162124 0.0136518 0.0148731 0.02616 0.0222875 0.0113944 0.0162225 0.0156874 0.0150964 0.0165003 0.0148506 0.0216703 0.0234287 0.0331852 0.0124577 0.0265275 0.0127938 0.0159985 0.0311693 0.0313437 0.00778971 0.0038807 0.00390826 0 0.13951 0.0623251 0.0246182 0.152724 
0.0109979 0.00871484 0.00851168 0.0091002 0.00830844 0.00810166 0.00861568 0.00964305 0.00927766 0.00817694 0.0081633 0.00824381 0.00826741 0.00889909 0.00971546 0.00832377 0.00815581 0.00859089 0.0103749 0.0319265 0.0108997 0.0104965 0.00906288 0.00921391 0.00918025 0.00881675 0.00855208 0.00883916 0.0156836 0.0129472 0.0122144 0.00879569 0.00986384 0.00944087 0.00936996 0.00976409 0.00893524 0.0101377 0.0140498 0.0648706 0.0150831 0.0114247 0.00828822 0.00841868 0.00715364 0.0161079 0.00617583 0.00505536 0.13951 0 0.0368309 0.0202716 0.0420571 
0.00938616 0.0086165 0.00879681 0.00882775 0.00862238 0.00829679 0.00875243 0.00942792 0.00867331 0.00835359 0.00858558 0.0086952 0.00957679 0.0127944 0.00932009 0.00851237 0.00868079 0.00907824 0.0118528 0.0126802 0.0120871 0.0122518 0.014249 0.0144805 0.0100416 0.0101766 0.0107999 0.0108652 0.0168543 0.0184122 0.0120639 0.0166274 0.0124784 0.0138385 0.0170252 0.0131246 0.0126848 0.0129242 0.023313 0.0148397 0.0359808 0.0185187 0.0173668 0.0130634 0.016947 0.0229881 0.0584984 0.0177182 0.0623251 0.0368309 0 0.00386358 0.0041531 
0.00836734 0.00814295 0.00831835 0.00801841 0.00818108 0.00798844 0.00865261 0.00805757 0.00832674 0.00900948 0.00969547 0.00967723 0.00979181 0.00883254 0.00883751 0.0122219 0.00943148 0.011355 0.00925742 0.00873989 0.00942003 0.0256313 0.0182453 0.017145 0.014356 0.0126025 0.0120353 0.0177762 0.0101094 0.0109437 0.0508612 0.0131506 0.0171148 0.0196592 0.018682 0.0189014 0.0172417 0.0363987 0.0114993 0.011618 0.0153048 0.0628205 0.0177675 0.0227137 0.0326348 0.0128215 0.0189263 0.666569 0.0246182 0.0202716 0.00386358 0 0.00386965 
0.00930413 0.00866681 0.00840932 0.00830017 0.00810777 0.00842179 0.00830131 0.00947716 0.00889905 0.00865106 0.00877735 0.00916293 0.00869461 0.00972678 0.0108245 0.00864361 0.00932997 0.0090155 0.0110047 0.0117461 0.012637 0.0101421 0.0124625 0.0143389 0.0116293 0.0114548 0.0113467 0.0100196 0.0147361 0.021275 0.0102094 0.0151706 0.0116666 0.0130345 0.0153758 0.0121711 0.0165269 0.0187716 0.01836 0.0186615 0.0290014 0.0126011 0.017849 0.0150851 0.0189761 0.0118046 0.203159 0.0202995 0.152724 0.0420571 0.0041531 0.00386965 0 
